wind.json
{"header": {"discipline":0,"disciplineName":"Meteorological products","gribEdition":2,"gribLength":1125,"center":7,"centerName":"US National Weather Service - NCEP(WMC)","subcenter":0,"refTime":"2023-06-30T06:00:00.000Z","significanceOfRT":1,"significanceOfRTName":"Start of forecast","productStatus":0,"productStatusName":"Operational products","productType":1,"productTypeName":"Forecast products","productDefinitionTemplate":0,"productDefinitionTemplateName":"Analysis/forecast at horizontal level/layer at a point in time","parameterCategory":2,"parameterCategoryName":"UnknownDiscipline_0_Category_2","parameterNumber":2,"parameterNumberName":"UnknownParameter_D0_C2_2","parameterUnit":"Unknown","genProcessType":2,"genProcessTypeName":"Forecast","forecastTime":0,"surface1Type":103,"surface1TypeName":"Specified height level above ground","surface1Value":10.0,"surface2Type":255,"surface2TypeName":"Missing","surface2Value":0.0,"gridDefinitionTemplate":0,"gridDefinitionTemplateName":"Latitude_Longitude","numberPoints":688,"shape":6,"shapeName":"Earth spherical with radius of 6,371,229.0 m","gridUnits":"degrees","resolution":48,"winds":"true","scanMode":64,"nx":43,"ny":16,"basicAngle":0,"lo1":45.0,"la1":40.0,"lo2":87.0,"la2":55.0,"dx":1.0,"dy":1.0}, "data":
[rows 0 to 15 of 16, columns 0 to 42 of 43]
2.5564263,-0.84357363,-2.1935737,5.7664266,2.8564265,1.9364264,1.7364264,2.3364265,4.376426,1.3764263,1.7364264,1.0064263,-2.8035736,-6.2035737,-6.7335734,-7.2635736,-7.2035737,-6.7735734,-5.9435735,-5.4035735,-2.9635737,-1.4535736,-4.2535734,-2.0135736,2.6164265,3.4164264,1.8564264,0.4964264,0.8264264,2.6264265,1.9564264,0.2364264,1.4064264,-0.4435736,-2.8135736,-1.1835736,0.3864264,1.8264264,1.0464264,1.4664264,3.3564265,5.1164265,3.3464265
-0.4635736,7.5564265,3.6164265,1.1664264,-2.0235736,-0.12357361,1.1264263,2.7064264,4.2364264,5.0464263,2.5164263,0.9364264,-2.4935737,-5.1535735,-7.9735737,-6.853574,-7.2835736,-5.4535737,-4.3635736,-5.9135737,-3.5735736,-3.5135736,-2.2835736,-0.5035736,1.7364264,3.7464263,0.076426394,0.10642639,3.9664264,4.2364264,2.4064264,2.7664263,6.3164263,1.0364264,-0.8535736,-1.6135736,-0.6135736,-0.9835736,0.7764264,0.076426394,0.8864264,-0.5535736,-1.5335736
2.5164263,1.1564264,-0.6935736,-0.4235736,0.5164264,1.0364264,0.6164264,3.4364264,0.6064264,1.1964264,1.0164264,-1.9735736,-5.313574,-8.463573,-7.7235737,-7.1435738,-6.0735736,-4.7635736,-4.6135736,-4.2135735,-3.6735735,-3.6735735,-2.2635736,0.046426393,1.1964264,4.8064265,2.0164263,-0.4335736,1.1964264,3.7864263,3.5964265,2.5064263,1.7264264,1.6564264,1.7064264,1.4264264,-0.17357361,1.5664264,1.1964264,-1.6835736,-2.0035737,-2.3435736,-1.0335736
0.7464264,1.3464264,3.5864265,6.686426,2.2164264,1.7764264,1.5664264,1.5564264,-0.7035736,-1.2035736,-1.5335736,-6.1335735,-8.533573,-9.213573,-6.5435734,-6.7335734,-6.0035734,-5.2235737,-4.7835736,-4.0035734,-2.9335737,-2.7535737,-4.5735736,-8.273574,-8.283573,-8.803574,-2.5235736,-3.6535735,-2.0335736,-1.1535736,4.5664263,-0.4635736,1.9064264,-1.6835736,0.6164264,2.0364263,-1.5635736,0.8564264,1.3764263,0.4364264,5.7164264,6.896426,2.5464263
4.3464265,4.7464266,2.2564263,4.3564262,4.0664263,2.6264265,4.2964263,2.1264265,0.8064264,-1.4035736,-0.6835736,-5.9735737,-8.823574,-7.2835736,-2.8235736,-2.4335737,-4.9935737,-6.0435734,-4.603574,-4.853574,-4.0535736,-4.5335736,-6.8635736,-9.223574,-7.0735736,-6.853574,-7.1835737,-6.4035735,-6.7335734,-8.073574,-6.9235735,-4.2435737,-0.08357361,0.10642639,1.4164264,3.6064265,3.5464263,2.3864264,1.8964264,1.4464264,-2.1635735,-0.1835736,0.5564264
5.686426,4.7864265,4.2664266,4.2064266,5.3564262,4.126426,3.9264264,3.4964263,3.7064264,2.4864264,1.0064263,-2.5435736,-4.5035734,-3.1035736,-7.4535737,-2.6935737,-4.5735736,-4.9035735,-6.0935736,-6.0235734,-6.1935735,-7.0735736,-5.353574,-5.1835737,-5.7935734,-7.0035734,-6.6135736,-6.4835734,-6.853574,-4.4835734,-4.1835737,-3.1135736,-3.3635736,-2.2935736,1.4264264,0.53642637,-1.6535736,-0.6435736,0.7164264,0.72642636,2.6064265,3.7764263,2.9264264
6.2664266,6.0264263,4.4264264,3.7464263,1.7564263,5.436426,4.8864264,4.5964265,5.1764264,2.2664263,-0.043573607,-1.3135736,-1.1535736,-2.5735736,-5.063574,-2.6435735,-0.6735736,-3.9335737,-3.8035736,-3.5735736,-4.1835737,-3.7935736,-4.353574,-2.9335737,-1.9335736,-2.5735736,-2.6035736,-3.9335737,-6.0135736,-2.3135736,-3.2435737,-2.1135736,-2.2235737,-1.9135736,-1.7435737,-2.1435735,-3.8535736,3.1364264,2.0464263,3.7464263,4.1764264,3.1164265,1.8664263
7.0264263,6.3264265,5.9664264,4.0164266,6.3364263,5.2464266,4.2364264,3.0864265,1.2864264,-0.6235736,-0.8935736,-0.103573605,-2.4835737,-5.3435736,-3.5835736,-2.0535736,-1.5135736,-0.8335736,-2.0335736,-2.4135735,-0.8835736,-0.8335736,-1.8235736,-2.3535736,-2.6735735,-3.3035736,-2.8735735,-1.4735736,-2.2235737,0.11642639,-1.1235737,-1.7635736,-2.7035737,-3.1835737,-2.3235736,-0.5035736,1.0964264,3.1364264,1.8664263,-1.9335736,4.896426,-0.6835736,0.9464264
6.6764264,6.9564266,5.0864263,5.3864264,7.686426,5.1764264,4.4964266,3.6264265,0.2264264,-0.8935736,-1.4235736,-1.5935736,-1.8435736,-2.6735735,-2.9235735,-3.5435736,-0.9435736,1.2264264,1.8664263,1.1164263,1.8364264,1.4964263,0.3164264,-0.2435736,0.3864264,1.9464264,3.2664263,4.3264265,4.166426,1.0364264,3.4664264,2.3764265,3.4464264,1.9164264,2.0564263,-0.8335736,1.3564264,-0.3435736,-2.1735735,1.3064264,6.5964265,7.5164266,4.5064263
4.5864263,6.3664265,5.4864264,7.646426,7.2664266,4.5664263,1.0964264,0.08642639,0.24642639,-1.0535736,-0.5135736,-0.32357362,-1.1235737,-1.9735736,-2.0735736,-0.6835736,2.8364265,2.3164263,1.4264264,2.3764265,1.1764264,2.0164263,2.4464264,3.1264265,4.0364265,3.8564265,4.396426,3.3064263,4.1064262,3.8364265,5.5964265,7.1064262,6.0964265,5.1964264,4.7064266,2.4064264,1.6664264,3.3664265,2.8164263,0.9164264,0.7964264,-0.043573607,2.2464263
4.9264264,3.0164263,5.6564264,8.446426,5.4564266,1.5464264,-1.9435736,-1.6135736,0.0064263917,1.0264264,0.2564264,-0.20357361,-0.38357362,-2.6135736,-1.7235736,-0.013573608,1.7564263,2.6464264,3.4164264,3.5764265,2.4564264,4.6764264,3.9564264,5.2164264,6.8464265,6.3364263,6.3464265,5.4964266,3.5164263,8.426426,5.3564262,6.9264264,8.356426,6.8664265,5.3164263,6.3464265,4.0164266,3.2864263,-0.06357361,0.18642639,2.2064264,0.9964264,2.1864264
6.0564265,-0.3335736,5.7064266,7.1564264,0.16642639,-1.5235736,-2.6935737,-3.2235737,-2.8135736,-3.5835736,-3.2535737,-3.1435735,-3.6235735,-3.2535737,-2.2035737,-2.4335737,-3.6835737,-2.1135736,-1.5235736,-0.6035736,2.9564264,3.1564264,2.5764265,1.7664264,3.8764265,4.5064263,3.6764264,1.2764264,4.7564263,6.916426,5.1564264,8.116426,4.936426,6.7764263,5.2364264,3.3464265,6.7964263,1.4064264,1.0064263,1.3664263,2.0964265,1.3764263,2.2764263
2.9464264,1.8564264,2.6964264,3.4264264,-2.4635737,-3.5335736,-3.9035735,-4.1935735,-4.9535737,-6.0935736,-5.1135736,-4.8235736,-4.9835734,-3.3835735,-1.7735736,-1.3035736,-1.2735736,-2.0635736,-1.0835736,-0.16357361,0.6864264,1.2064264,2.5764265,4.5764265,4.436426,3.6764264,3.1464264,2.7764263,3.3664265,3.6464264,2.9264264,6.3464265,3.9464264,4.2664266,5.3664265,5.0064263,5.2764263,2.4864264,1.5764264,4.146426,4.666426,3.3664265,2.9064264
1.5764264,0.36642638,-1.6435736,-1.1435736,-1.8835737,-2.7735736,-3.1035736,-3.0335736,-4.0935736,-4.2335734,-5.0335736,-4.0435734,-2.0835736,-1.8535736,-1.0535736,-1.3935736,-1.4635736,-1.9235736,-0.06357361,0.78642637,-0.20357361,-1.1035736,-0.2835736,1.2964264,2.5664263,3.3264265,3.8964264,3.8764265,2.7264264,4.666426,4.8164263,5.2064266,4.4564266,5.5764265,6.6964264,6.1164265,6.5264263,5.5064263,3.9764264,2.4864264,3.2364264,3.1764264,2.5264263
-2.7035737,-2.8235736,-2.9235735,-0.7435736,-1.2835736,-2.9235735,-3.1735735,-3.2935736,-2.9335737,-2.4935737,-1.7535737,-1.3135736,-1.0635736,-0.6935736,0.09642639,0.6164264,0.4964264,0.08642639,-1.3335736,-2.1135736,-2.3535736,-1.7735736,-0.1835736,1.5264264,2.6564264,3.2964263,3.7264264,4.0064263,3.7764263,3.5264263,4.646426,5.0764265,4.9964266,5.3664265,5.686426,5.1064262,4.7264266,5.8564262,3.2064264,1.6164263,0.53642637,3.2664263,0.8264264
-2.7135737,-3.6135736,-0.6635736,-1.4635736,0.5764264,-0.9135736,-0.6035736,-1.2935736,-1.0035737,-0.9135736,-1.4235736,-1.5935736,0.03642639,-0.1835736,1.3264264,0.21642639,1.4064264,1.1164263,-1.6235737,-2.0635736,-1.8935736,-0.77357364,0.9964264,1.6564264,1.9864264,2.4664264,2.8864264,3.1464264,4.0464263,3.9864264,3.9364264,4.1364264,4.396426,5.3264265,6.3064265,6.0564265,5.3164263,6.7264266,4.2364264,5.7664266,5.4664264,-0.013573608,-0.9735736
