wind.json
{"header": {"discipline":0,"disciplineName":"Meteorological products","gribEdition":2,"gribLength":1211,"center":7,"centerName":"US National Weather Service - NCEP(WMC)","subcenter":0,"refTime":"2023-06-27T00:00:00.000Z","significanceOfRT":1,"significanceOfRTName":"Start of forecast","productStatus":0,"productStatusName":"Operational products","productType":1,"productTypeName":"Forecast products","productDefinitionTemplate":0,"productDefinitionTemplateName":"Analysis/forecast at horizontal level/layer at a point in time","parameterCategory":2,"parameterCategoryName":"UnknownDiscipline_0_Category_2","parameterNumber":3,"parameterNumberName":"UnknownParameter_D0_C2_3","parameterUnit":"Unknown","genProcessType":2,"genProcessTypeName":"Forecast","forecastTime":60,"surface1Type":103,"surface1TypeName":"Specified height level above ground","surface1Value":10.0,"surface2Type":255,"surface2TypeName":"Missing","surface2Value":0.0,"gridDefinitionTemplate":0,"gridDefinitionTemplateName":"Latitude_Longitude","numberPoints":688,"shape":6,"shapeName":"Earth spherical with radius of 6,371,229.0 m","gridUnits":"degrees","resolution":48,"winds":"true","scanMode":64,"nx":43,"ny":16,"basicAngle":0,"lo1":45.0,"la1":40.0,"lo2":87.0,"la2":55.0,"dx":1.0,"dy":1.0}, "data":
[rows 0 to 15 of 16, columns 0 to 42 of 43]
2.6026587,0.09265869,0.9226587,2.8726587,1.3426586,-3.4173412,-5.8873415,-4.1073413,-3.1273413,2.1426587,2.1926587,4.5726585,3.4426587,2.2026587,0.9526587,-1.3373413,-3.6673412,-5.517341,-6.2573414,-8.167341,-9.627341,-8.197341,-6.6773415,-3.8073413,-3.5073414,-1.9373413,-1.0473413,3.8526587,-0.68734133,-4.8973413,-1.4873413,-2.9773414,-7.2373414,0.9326587,7.482659,9.032659,5.482659,0.3426587,0.0026586915,3.1826587,0.09265869,-7.5473413,-11.257341
-1.8873413,0.3126587,0.81265867,1.3226587,-3.6473413,-7.3673415,-6.7573414,-4.5873413,-1.5473413,-4.0673413,3.1426587,5.4026585,4.3226585,2.8826587,1.3726587,-0.6773413,-2.9873414,-5.3673415,-6.7773414,-6.827341,-7.017341,-7.0073414,-7.1973414,-6.3573413,-2.7773414,0.2826587,7.562659,2.1726587,2.9926586,2.1826587,-2.8873413,-3.7973413,-5.3873415,-2.1473413,-3.7473414,-2.4373412,-6.937341,0.8626587,2.3126588,2.0226586,-3.5373414,-3.5273414,-6.687341
-1.1273413,2.6426587,-0.14734131,-1.9273413,-4.827341,-5.9873414,-7.1273413,-3.6173413,1.0126587,5.7226586,4.5326586,6.5326586,5.3526587,3.8126588,2.7326586,0.10265869,-2.6373413,-4.267341,-5.747341,-6.6173415,-7.6273413,-6.8773413,-6.517341,-8.567341,-4.5073414,-2.4573412,0.9626587,0.9726587,-3.4473412,-1.7573413,0.1426587,-3.3773413,-2.8973413,-3.6273413,-0.7673413,-3.3973413,-1.2873414,-10.867341,-10.587341,-0.2473413,0.8226587,-1.2673413,2.6526587
-0.6373413,-0.8273413,-0.09734131,-1.2473413,-4.8173413,-7.667341,-8.847342,-5.7173414,-2.5373414,2.3626587,3.7726586,6.422659,5.792659,5.2826586,2.6626587,-0.4373413,-3.0073414,-4.9873414,-5.0873413,-6.1573415,-7.1073413,-8.117341,-3.7973413,-5.0273414,-8.847342,-5.917341,-6.497341,-6.5073414,-6.8673415,-7.1073413,-3.5873413,-2.4773414,-3.3173413,-2.9973414,-2.4873414,-2.5173414,3.0926588,-1.2573413,-1.0773413,-3.4773414,-3.4673414,0.24265869,-2.4173412
0.2526587,-0.26734132,-0.87734133,-2.8773413,-4.807341,-6.957341,-6.4073415,-5.8573413,-6.687341,0.052658692,5.1626587,7.2426586,6.0326586,-1.9773413,-2.7773414,-5.7173414,-2.3973413,-2.5373414,-3.7173414,-5.1273413,-5.8573413,-6.1273413,-6.5273414,-5.8973413,-5.807341,-3.8973413,-4.207341,-5.247341,-7.077341,-6.727341,-6.077341,-5.307341,-6.017341,-7.3973413,-4.0473413,6.192659,3.1826587,0.9626587,2.1526587,-0.29734132,-1.9073414,0.08265869,0.08265869
0.5426587,-1.8573413,2.5326586,1.1026587,-1.3673413,-4.9273415,-6.687341,-6.437341,-7.6073413,-3.1873412,5.062659,6.9026585,4.812659,1.4526587,-0.80734134,-5.7373414,-6.2573414,-2.5773413,-3.7173414,-2.9873414,-3.0373414,-3.3573413,-4.477341,-3.6373413,-3.3373413,-2.9473412,-3.6473413,-4.2173414,-3.6873412,-7.6773415,-6.4273415,-4.8173413,-5.6173415,-4.9873414,-3.5473413,-2.2673414,-1.3573413,-1.2673413,-7.4673414,-6.727341,-11.957341,-7.937341,-5.1073413
0.8226587,-0.8273413,-3.2573414,-4.537341,4.0326586,0.3726587,-2.4573412,-4.017341,-4.457341,-0.4273413,1.3826587,0.69265866,7.312659,6.7826586,1.2126586,-4.227341,-7.037341,-5.807341,-2.5273414,-1.7473413,-3.1073413,-2.4073412,-3.9173412,-2.6273413,-3.9773414,-4.5473413,-3.2373414,-4.077341,-2.2373414,2.6126587,-4.9273415,-4.2573414,-2.8973413,-3.6973412,-4.3173413,-2.3473413,-3.8773413,-2.0073414,-1.6573414,-1.3373413,6.4726586,0.48265868,-6.9273415
2.2026587,1.1226587,-3.3873413,-3.9173412,-3.2973413,-2.9173412,0.9726587,-2.4973414,-0.7973413,1.3126587,3.2726586,8.152658,5.8826585,5.6826587,4.692659,4.022659,2.8426588,0.5126587,0.5426587,-0.9173413,0.3126587,-1.6473413,-1.1173413,-2.0073414,-2.4173412,-3.7473414,-4.9473414,-8.357342,-8.077341,-5.327341,-2.1773412,-1.9473413,-2.9773414,-4.6173415,-0.93734133,-7.1273413,-5.8373413,-1.0473413,-6.6173415,-4.5073414,-4.6573415,-0.44734132,-9.077341
3.6326587,0.5726587,-2.1973412,-3.3373413,-3.0473413,-1.0273414,-1.2173413,-1.4273413,-1.7073413,-0.4873413,4.692659,6.0526586,6.502659,6.1526585,4.6426587,3.3226588,2.9826586,3.2526586,-0.3073413,2.1026587,0.8926587,-3.3273413,-4.8973413,-2.7873414,-1.0573413,-2.0473413,-3.6873412,-2.5773413,-3.9873414,-4.687341,-5.1973414,-7.4073415,-7.6073413,-7.3373413,-6.1173415,-3.3073413,-3.1873412,-3.9873414,-5.9673414,-4.9273415,-4.727341,-1.9773413,-1.2773414
1.3826587,2.2626586,-1.7073413,-2.6973412,-0.9473413,2.3726587,2.7826586,1.7426587,1.9826587,2.2126586,3.7826586,5.562659,6.542659,4.8826585,4.172659,5.3726587,2.8926587,-0.5973413,3.0426588,-1.0773413,-2.2773414,-2.7273414,-4.8373413,-3.7373414,-4.4473414,-4.1573415,-3.8373413,-5.1573415,-3.7873414,-4.687341,-1.7873414,-4.8973413,-6.2973413,-5.6173415,-2.7873414,-6.957341,-4.8573413,-4.3373413,-4.8373413,-4.1173415,-3.9573412,-3.2473414,1.6126587
2.2726586,2.5726588,0.2826587,0.45265868,1.0326587,1.5726587,1.4226587,0.9726587,1.3826587,1.5526587,2.3926587,2.9826586,4.312659,5.4126587,3.8926587,3.2626586,2.9126587,0.9526587,-2.0073414,-0.3373413,-2.1873412,-3.4073412,-4.077341,-3.1573412,-4.5473413,-7.0273414,-6.227341,-2.7473414,-1.5173413,-2.5773413,-1.1773413,-0.41734132,-3.3073413,-2.9173412,-0.3973413,-2.9973414,-3.0373414,-4.0073414,-0.7573413,-0.7073413,2.0626588,1.1826587,-1.0373414
-1.1473413,2.1726587,0.4426587,2.6426587,2.5626588,1.5626587,1.3826587,1.9026587,1.4626586,1.2326587,0.9526587,1.4726586,1.7226586,0.09265869,2.9226587,3.8426588,0.3226587,0.09265869,-0.9073413,-2.1673412,-2.6173413,-2.6773412,-2.0173414,-3.1173413,-0.6573413,-4.4273415,-0.5373413,-1.2973413,0.02265869,-0.3673413,-0.5073413,-0.5873413,-0.10734131,0.012658691,2.4626586,2.3926587,-0.067341305,1.7026587,0.4926587,-0.8173413,-1.6973413,-1.6873413,-0.5873413
3.8126588,3.7126586,2.5126586,3.1926587,3.6926587,2.9726586,2.4526587,1.6626587,2.3026588,2.1226587,1.7526587,1.8926587,0.7626587,-0.7373413,-0.74734133,1.2426587,0.45265868,-0.10734131,-3.6773412,-2.7973413,-1.1273413,0.07265869,-1.4373413,-1.9173414,-1.1073413,-0.3173413,-0.4273413,-0.9773413,-0.62734133,0.23265868,0.7326587,0.4926587,1.0426587,0.9626587,0.6626587,1.3426586,0.36265868,4.0726585,4.272659,3.8826587,1.8626587,0.1426587,-0.7873413
2.1726587,5.2026587,4.212659,3.9826586,4.1826587,3.1426587,2.2626586,2.0426588,1.9326587,3.7926588,4.752659,0.8426587,-0.87734133,2.7926588,0.6526587,-1.5973413,0.21265869,0.0026586915,0.0026586915,0.5826587,-0.8973413,0.4926587,-0.32734132,0.4626587,-3.5073414,1.8526587,-0.6073413,-9.107342,1.6426587,-0.5173413,0.3426587,-1.2173413,0.4026587,-1.7473413,0.9726587,-0.19734131,1.1426587,1.6826587,2.0626588,0.6026587,3.0326586,3.8126588,1.9126587
3.5726588,2.1626587,4.3526587,1.0426587,4.4026585,3.8026588,3.2226586,1.9926587,1.8626587,1.0926586,-0.19734131,-0.7673413,0.4626587,0.81265867,-0.22734131,0.6426587,-1.7573413,-2.5373414,-2.9073412,0.6726587,-2.3273413,-0.5073413,-0.1873413,2.1426587,-1.0773413,-2.5073414,-4.077341,-5.4673414,-2.8173413,0.75265867,2.1626587,0.112658694,-0.6173413,0.45265868,0.1726587,-2.4873414,-3.0173414,-1.6973413,-1.6373413,-1.7873414,0.4726587,0.81265867,0.3126587
4.8926587,3.8026588,3.0726588,2.7226586,4.4026585,4.4926586,3.9726586,5.4526587,3.6926587,3.1426587,0.8526587,1.4926587,0.3526587,-2.0073414,-0.4673413,-3.1073413,-0.4773413,-1.5373414,-2.7473414,-0.7973413,-3.0973413,-4.7373414,-4.0473413,-3.6973412,-3.8073413,-3.0373414,-3.0773413,-2.0373414,-0.2473413,1.9026587,0.8326587,0.6326587,1.9026587,2.6226587,1.6226587,0.2826587,-1.6473413,-3.5573413,-0.3373413,0.1726587,-1.2873414,0.56265867,1.1726587
