wind_kz.json
{"header": {"discipline":0,"disciplineName":"Meteorological products","gribEdition":2,"gribLength":948,"center":7,"centerName":"US National Weather Service - NCEP(WMC)","subcenter":0,"refTime":"2023-08-17T18:00:00.000Z","significanceOfRT":1,"significanceOfRTName":"Start of forecast","productStatus":0,"productStatusName":"Operational products","productType":1,"productTypeName":"Forecast products","productDefinitionTemplate":0,"productDefinitionTemplateName":"Analysis/forecast at horizontal level/layer at a point in time","parameterCategory":0,"parameterCategoryName":"UnknownDiscipline_0_Category_0","parameterNumber":0,"parameterNumberName":"UnknownParameter_D0_C0_0","parameterUnit":"Unknown","genProcessType":2,"genProcessTypeName":"Forecast","forecastTime":180,"surface1Type":1,"surface1TypeName":"Ground or water surface","surface1Value":0.0,"surface2Type":255,"surface2TypeName":"Missing","surface2Value":0.0,"gridDefinitionTemplate":0,"gridDefinitionTemplateName":"Latitude_Longitude","numberPoints":615,"shape":6,"shapeName":"Earth spherical with radius of 6,371,229.0 m","gridUnits":"degrees","resolution":48,"winds":"true","scanMode":64,"nx":41,"ny":15,"basicAngle":0,"lo1":47.0,"la1":41.0,"lo2":87.0,"la2":55.0,"dx":1.0,"dy":1.0}, "data":
[rows 0 to 14 of 15, columns 0 to 40 of 41]
313.7172,299.1172,309.41718,299.8172,298.91718,297.7172,310.51718,312.2172,310.01718,312.51718,319.51718,318.2172,317.8172,319.41718,319.91718,320.1172,318.2172,316.7172,322.7172,320.3172,323.3172,318.01718,316.6172,318.41718,319.01718,318.3172,316.7172,306.91718,305.7172,302.2172,301.8172,296.91718,312.2172,321.3172,326.91718,328.51718,328.1172,328.3172,323.2172,321.3172,330.01718
291.2172,306.01718,298.8172,299.2172,299.1172,297.7172,316.7172,312.01718,316.41718,315.41718,315.51718,315.2172,315.8172,315.51718,319.51718,320.51718,319.1172,320.41718,319.6172,320.8172,321.8172,318.7172,318.6172,311.2172,303.01718,301.01718,311.91718,304.6172,305.91718,293.6172,300.51718,294.7172,303.3172,272.3172,297.6172,314.6172,317.6172,319.3172,322.2172,312.2172,285.6172
311.7172,298.91718,299.6172,299.3172,297.01718,313.41718,312.8172,314.6172,313.1172,312.8172,313.1172,313.91718,314.41718,316.8172,316.51718,319.1172,317.2172,318.01718,319.2172,320.41718,321.6172,317.91718,318.1172,313.2172,319.6172,318.91718,319.7172,318.91718,321.2172,309.8172,298.1172,298.1172,307.41718,305.8172,309.2172,306.6172,300.7172,297.01718,302.51718,296.3172,296.3172
312.41718,299.7172,299.41718,298.41718,301.01718,312.3172,312.2172,312.7172,313.3172,312.7172,312.3172,311.8172,296.2172,295.51718,315.01718,315.01718,312.01718,316.91718,319.7172,319.41718,315.6172,316.91718,315.6172,318.51718,322.1172,322.41718,323.7172,321.91718,324.2172,326.51718,320.41718,318.01718,319.7172,323.2172,322.1172,317.3172,300.2172,297.8172,303.41718,317.1172,321.7172
312.8172,299.8172,299.6172,298.91718,304.6172,311.2172,312.7172,314.7172,311.7172,312.3172,311.51718,305.3172,296.2172,294.91718,292.51718,314.1172,316.1172,312.3172,312.8172,313.91718,315.91718,316.7172,318.2172,317.91718,320.6172,321.8172,322.7172,314.6172,322.91718,324.41718,323.01718,320.91718,306.01718,291.8172,308.6172,319.2172,313.7172,329.51718,327.91718,324.2172,323.1172
310.3172,307.8172,298.41718,298.51718,298.91718,298.7172,312.8172,311.91718,305.01718,308.1172,301.8172,308.8172,297.41718,295.3172,302.41718,310.51718,313.7172,314.6172,316.1172,313.3172,313.2172,313.01718,314.6172,316.1172,317.6172,317.2172,319.91718,294.7172,319.41718,319.3172,321.8172,319.1172,321.01718,320.2172,314.7172,312.7172,310.1172,314.01718,326.3172,324.3172,323.51718
306.41718,306.6172,307.51718,307.91718,305.01718,308.3172,311.7172,310.41718,310.51718,304.1172,309.8172,308.8172,309.51718,309.1172,295.8172,303.41718,311.01718,311.8172,314.01718,312.8172,311.7172,311.91718,312.2172,313.01718,311.8172,313.01718,314.41718,316.1172,318.8172,321.3172,317.41718,316.2172,322.01718,318.1172,317.2172,314.91718,310.7172,309.51718,305.6172,302.41718,311.1172
304.51718,304.7172,304.2172,304.91718,306.51718,307.6172,309.91718,308.1172,305.6172,301.6172,305.8172,306.51718,308.91718,308.3172,309.3172,294.7172,296.2172,308.7172,309.01718,307.7172,309.2172,310.7172,311.91718,310.41718,309.7172,306.7172,308.41718,310.41718,309.1172,313.01718,311.1172,308.91718,308.8172,307.6172,312.91718,316.3172,316.51718,289.8172,316.91718,319.6172,315.41718
302.41718,302.1172,302.6172,302.8172,303.01718,303.6172,305.3172,305.6172,304.6172,303.01718,304.01718,303.8172,304.41718,306.8172,303.8172,305.51718,291.41718,305.51718,306.01718,305.91718,306.3172,305.7172,308.7172,306.6172,305.1172,305.1172,303.2172,303.6172,305.7172,303.51718,305.01718,299.6172,309.41718,301.41718,305.01718,302.1172,307.8172,308.6172,301.6172,294.8172,297.01718
299.51718,299.8172,300.2172,299.8172,300.1172,301.41718,301.6172,296.8172,301.1172,297.6172,296.2172,298.8172,301.51718,302.3172,301.1172,300.91718,290.91718,298.01718,297.7172,307.01718,305.2172,305.01718,307.8172,306.1172,303.51718,301.1172,301.01718,302.2172,302.8172,305.3172,306.2172,308.2172,299.01718,307.8172,303.8172,303.41718,300.01718,296.8172,298.1172,296.51718,295.7172
295.6172,295.8172,296.91718,297.01718,297.01718,297.6172,298.91718,294.41718,291.01718,296.51718,296.2172,292.8172,298.51718,298.3172,300.3172,301.2172,289.7172,292.41718,291.1172,294.6172,304.01718,305.91718,303.7172,302.6172,299.7172,300.6172,298.01718,302.2172,304.1172,305.1172,306.2172,308.41718,306.51718,295.91718,297.7172,296.51718,296.41718,297.01718,297.51718,294.6172,293.91718
293.6172,294.41718,295.7172,295.6172,295.2172,292.01718,291.51718,294.6172,295.6172,293.51718,291.2172,294.01718,293.91718,290.2172,287.51718,296.8172,292.51718,288.7172,288.3172,291.51718,292.2172,299.8172,299.91718,299.91718,298.51718,299.7172,300.7172,302.91718,304.7172,304.7172,301.1172,306.3172,304.01718,299.1172,297.01718,300.2172,302.3172,303.51718,302.6172,299.3172,298.8172
289.1172,290.6172,290.1172,288.91718,289.8172,291.1172,286.41718,287.41718,292.2172,290.2172,286.41718,290.1172,292.41718,289.7172,283.7172,283.2172,283.1172,282.91718,284.01718,289.6172,292.91718,295.91718,296.1172,296.6172,299.3172,298.91718,296.2172,300.51718,301.01718,301.7172,303.3172,304.41718,303.8172,301.2172,302.8172,299.1172,300.51718,300.3172,301.01718,297.8172,299.51718
285.01718,289.01718,291.3172,290.01718,289.6172,288.6172,288.6172,287.01718,288.7172,287.8172,284.8172,284.51718,291.1172,291.91718,291.6172,288.6172,286.3172,283.91718,286.01718,289.1172,293.91718,295.3172,296.2172,295.7172,291.51718,291.7172,293.01718,290.51718,297.8172,299.6172,301.1172,303.1172,302.7172,299.51718,298.51718,298.2172,297.41718,299.41718,299.3172,296.51718,295.7172
285.1172,286.2172,291.2172,285.91718,291.51718,288.91718,289.8172,289.01718,289.91718,290.3172,289.3172,288.3172,286.6172,289.2172,291.91718,289.8172,289.91718,293.1172,296.41718,294.7172,295.2172,294.8172,292.3172,287.3172,286.51718,286.7172,287.51718,288.51718,296.51718,295.51718,298.6172,292.51718,298.6172,295.41718,296.8172,291.7172,298.3172,297.91718,297.01718,295.8172,296.41718
