wind_kz.json
{"header": {"discipline":0,"disciplineName":"Meteorological products","gribEdition":2,"gribLength":1025,"center":7,"centerName":"US National Weather Service - NCEP(WMC)","subcenter":0,"refTime":"2023-09-20T00:00:00.000Z","significanceOfRT":1,"significanceOfRTName":"Start of forecast","productStatus":0,"productStatusName":"Operational products","productType":1,"productTypeName":"Forecast products","productDefinitionTemplate":0,"productDefinitionTemplateName":"Analysis/forecast at horizontal level/layer at a point in time","parameterCategory":2,"parameterCategoryName":"UnknownDiscipline_0_Category_2","parameterNumber":2,"parameterNumberName":"UnknownParameter_D0_C2_2","parameterUnit":"Unknown","genProcessType":2,"genProcessTypeName":"Forecast","forecastTime":240,"surface1Type":103,"surface1TypeName":"Specified height level above ground","surface1Value":10.0,"surface2Type":255,"surface2TypeName":"Missing","surface2Value":0.0,"gridDefinitionTemplate":0,"gridDefinitionTemplateName":"Latitude_Longitude","numberPoints":615,"shape":6,"shapeName":"Earth spherical with radius of 6,371,229.0 m","gridUnits":"degrees","resolution":48,"winds":"true","scanMode":64,"nx":41,"ny":15,"basicAngle":0,"lo1":47.0,"la1":41.0,"lo2":87.0,"la2":55.0,"dx":1.0,"dy":1.0}, "data":
[rows 0 to 14 of 15, columns 0 to 40 of 41]
-1.9752533,-0.6752533,2.3447466,-1.4552532,-1.0552533,-4.6752534,-4.4652534,-4.665253,-5.765253,-2.5352533,-2.7552533,-2.9352534,-2.5352533,-1.8952533,-1.4552532,-1.7652533,-1.7252533,-0.5052533,-2.5152533,-0.6052533,1.5947467,1.8847467,0.4847467,-1.3152533,0.004746704,-1.6552533,-2.5352533,-0.8852533,0.5947467,0.6447467,0.7647467,0.3147467,0.7547467,-0.9452533,-3.6252532,-3.6452532,-3.7452533,-3.0152533,-4.5952535,-3.8152533,-4.7752533
2.2247467,1.1247467,-9.565253,-4.3452535,-3.0152533,-6.7752533,-3.3152533,-4.435253,-4.0552535,-3.5352533,-2.8852532,-3.0652533,-1.7052532,-1.0552533,-0.5452533,-1.5952533,-0.9152533,-2.4852533,-1.0652533,-0.4352533,-1.6152533,-2.0552533,-1.0752532,-3.0152533,-0.7752533,0.4047467,-0.6352533,0.5547467,-1.0352533,-0.5052533,-0.12525329,-0.3252533,1.2847466,-2.0152533,0.8647467,0.1247467,-0.9252533,0.4647467,-0.3352533,0.8147467,0.8747467
-0.2752533,-9.215253,-7.455253,-5.105253,-7.225253,-4.915253,-3.8352532,-1.9052533,-3.4152534,-2.6652534,-2.8452532,-2.1852534,-0.9452533,-1.5152533,-1.6352533,-1.8252532,-2.3652532,-1.2452533,-0.5452533,-0.6352533,0.014746704,-2.4352534,-5.455253,-3.7152534,2.7947466,1.5447468,0.5347467,-0.9852533,-2.0452533,-0.5852533,-1.3952533,2.4747467,-0.47525328,-0.3552533,0.1847467,-0.5952533,-0.3152533,-0.1952533,2.8747468,4.9947467,2.2747467
-7.4252534,-8.985253,-7.165253,-6.915253,-5.3252535,-3.0252533,-1.7952533,-0.5452533,-1.4252533,-1.7952533,-1.3352532,-1.7852533,-2.0252533,-2.0852532,-1.6952533,-1.6052533,-1.5552533,-1.2552533,-1.6152533,-1.4952533,-1.2352533,-2.5052533,0.6847467,-0.6952533,-1.7252533,-2.1252532,-1.3052533,-3.1752534,-1.2652533,-1.1852533,-0.12525329,-1.4552532,0.7447467,-2.7552533,-2.9052534,-2.2252533,-1.8852533,2.5347466,0.4747467,0.2447467,0.4247467
-7.015253,-7.3352532,-6.4652534,-6.2352533,-4.2852535,-3.6152532,-3.2952533,-1.2952533,-1.3852533,-0.1452533,0.3447467,1.2247467,0.8547467,-0.4252533,-0.8252533,-0.9352533,-1.1152533,-0.9852533,-1.2152534,-2.5152533,-3.2352533,-2.9552534,-2.5652533,-2.4352534,-2.5552533,-2.8952532,-3.9252534,-1.8652533,-2.2352533,-1.2952533,-0.095253296,-0.7452533,-1.6352533,2.1447468,2.3447466,-0.3452533,-0.5152533,-0.6552533,-1.0352533,1.4147468,-0.8552533
-5.415253,-4.3352532,-6.3852534,-5.4052534,-4.4852533,-3.6252532,-2.4752533,-2.1252532,-1.7652533,0.6147467,2.2647467,2.4947467,2.4947467,3.1347468,1.4447467,0.5147467,-0.3052533,-0.9952533,-1.7852533,-1.1752533,-2.2052534,-2.0252533,-2.2252533,-2.2652533,-2.4752533,-3.0252533,-1.6852533,-1.7352533,-1.0052533,0.5747467,1.4247468,2.3747468,2.4947467,2.0047467,1.0347466,0.63474673,1.8247467,2.0247467,3.8047466,-7.0852532,-6.0552535
-4.1152534,-3.7652533,-3.6552534,-3.1052532,-3.3352532,-2.1352532,-2.0952532,-1.6052533,-0.095253296,0.5947467,1.9947467,1.8047467,2.4847467,3.0647466,3.2547467,3.2447467,2.7047467,1.7247467,0.0947467,-0.23525329,-0.095253296,-0.15525329,-0.1752533,-0.9452533,-0.7752533,-0.2452533,0.1747467,0.2147467,-0.4252533,-1.0952533,-2.0852532,-1.7752533,-1.1252533,-0.4252533,1.1347467,-0.7452533,-1.4952533,0.9047467,1.2247467,0.88474673,1.1747468
-2.9452534,-2.7652533,-2.0652533,-2.0152533,-2.3252532,-2.2152534,-2.3352532,-0.7152533,0.6447467,1.4147468,1.1847467,1.7047467,2.7347467,2.6647468,3.3447466,3.9547467,3.6747468,3.4347467,3.1347468,2.9747467,3.2347467,3.2647467,3.0247467,2.5647466,2.6947467,1.2247467,2.6247468,2.4247468,2.3547468,2.4847467,1.3847467,1.9547467,0.9847467,0.6847467,-0.1952533,-0.9452533,-0.1452533,1.1247467,3.2047467,5.2047467,-1.2952533
-2.3652532,-1.8652533,-1.8552533,-1.5452533,-0.9552533,-0.86525327,-0.9752533,-0.6752533,-0.055253297,1.5847467,2.6247468,2.2147467,3.5347466,3.0247467,3.3747468,3.3547468,3.9247468,3.9447467,3.9147468,3.7247467,4.484747,5.1547465,4.624747,3.7747467,3.5947466,3.2547467,3.1047468,3.9547467,4.8247466,2.9347467,3.7247467,3.2947466,3.9747467,1.6747468,1.1347467,0.15474671,0.6047467,-0.6852533,0.014746704,-0.4252533,0.8447467
-0.47525328,0.23474671,0.7047467,1.0947467,1.5347466,1.3547467,1.5647467,1.9847467,2.7747467,2.6847467,3.7647467,3.3947468,3.8647468,4.2247467,4.084747,4.544747,4.4247465,4.334747,4.3447466,4.4747467,5.8247466,7.0147467,6.734747,6.1647468,5.6147466,4.4347467,5.3447466,6.624747,6.734747,7.4347467,6.7047467,5.3647466,3.5947466,1.8747467,0.4447467,0.004746704,-1.9252533,-0.8552533,0.054746702,1.0347466,0.4647467
0.9647467,1.7247467,1.5547467,2.3047466,2.4447467,2.3147466,2.8147466,3.0247467,2.8747468,3.1847467,3.3347466,3.8147466,4.1747465,4.4947467,5.084747,4.7147465,4.9047465,5.584747,4.274747,5.124747,6.0947466,6.1947465,6.5947466,5.854747,5.4147468,5.1647468,6.6147466,5.854747,7.484747,8.134747,6.644747,5.4347467,1.4247468,1.7247467,2.0147467,0.1347467,-1.3952533,0.8147467,-0.1652533,1.0747467,0.2247467
1.0547467,2.2147467,2.8147466,2.6547468,3.2547467,2.8547468,2.0047467,2.2747467,2.6747468,1.9447467,1.4547467,3.4447467,4.484747,4.334747,5.564747,5.044747,5.2847466,5.544747,3.6047468,4.734747,4.774747,5.6847467,4.984747,5.1147466,5.524747,5.9247465,6.274747,7.1347466,6.394747,5.4747467,4.8247466,5.1647468,3.4247468,2.0447466,1.9047467,1.7347467,1.6847467,3.6447468,2.2147467,-0.3452533,-0.6452533
1.7447467,1.8947467,2.5647466,2.5747466,2.4147468,2.1147468,2.5447466,1.9647467,2.2647467,1.9747467,0.5947467,3.9947467,3.2947466,4.234747,4.854747,5.124747,5.1647468,4.854747,4.9147468,4.6747465,4.624747,4.734747,4.8647466,5.294747,6.3047466,6.374747,6.6547465,6.1947465,6.1747465,5.374747,4.624747,4.0347466,2.3647468,2.9247468,1.8647467,2.3447466,2.1947467,0.94474673,1.6247467,1.5247467,2.6447468
2.4447467,2.3447466,2.4647467,3.2447467,2.1747468,1.8647467,1.8247467,2.9447467,2.3147466,2.4747467,0.9247467,1.4547467,4.2247467,3.2747467,4.024747,3.9847467,4.5547466,4.7147465,3.6547468,4.524747,4.604747,4.6147466,5.5747466,5.7847466,5.8847466,5.894747,5.1547465,4.8647466,4.6747465,4.9447465,4.4147468,3.6347468,2.1647468,1.6647468,1.9047467,2.2247467,1.8047467,0.9647467,0.7047467,2.4247468,3.1747468
1.6247467,2.7247467,4.3447466,3.3247466,3.4547467,2.3347466,3.2847466,2.8547468,3.7547467,1.7947468,0.1747467,1.6747468,1.7547467,4.294747,3.9047468,3.5247467,4.2147465,4.624747,3.5547466,4.1147466,4.144747,4.254747,4.4347467,4.794747,4.7147465,4.794747,5.0947466,4.7647467,4.9947467,4.0947466,3.5847466,2.2047467,-1.0952533,-0.7152533,2.2447467,2.2047467,1.9447467,1.0947467,2.0047467,3.1447468,2.1047468
