wind_kz.json
{"header": {"discipline":0,"disciplineName":"Meteorological products","gribEdition":2,"gribLength":1025,"center":7,"centerName":"US National Weather Service - NCEP(WMC)","subcenter":0,"refTime":"2023-10-02T12:00:00.000Z","significanceOfRT":1,"significanceOfRTName":"Start of forecast","productStatus":0,"productStatusName":"Operational products","productType":1,"productTypeName":"Forecast products","productDefinitionTemplate":0,"productDefinitionTemplateName":"Analysis/forecast at horizontal level/layer at a point in time","parameterCategory":2,"parameterCategoryName":"UnknownDiscipline_0_Category_2","parameterNumber":2,"parameterNumberName":"UnknownParameter_D0_C2_2","parameterUnit":"Unknown","genProcessType":2,"genProcessTypeName":"Forecast","forecastTime":120,"surface1Type":103,"surface1TypeName":"Specified height level above ground","surface1Value":10.0,"surface2Type":255,"surface2TypeName":"Missing","surface2Value":0.0,"gridDefinitionTemplate":0,"gridDefinitionTemplateName":"Latitude_Longitude","numberPoints":615,"shape":6,"shapeName":"Earth spherical with radius of 6,371,229.0 m","gridUnits":"degrees","resolution":48,"winds":"true","scanMode":64,"nx":41,"ny":15,"basicAngle":0,"lo1":47.0,"la1":41.0,"lo2":87.0,"la2":55.0,"dx":1.0,"dy":1.0}, "data":
[rows 0 to 14 of 15, columns 0 to 40 of 41]
3.2264435,0.44644347,0.8264435,6.5064435,3.5664434,0.016443482,5.1064434,0.016443482,-0.40355653,-1.4335566,-1.7635565,-1.8335565,-0.3635565,-0.14355652,-0.43355653,0.3964435,-0.5335565,0.37644348,1.6164435,-0.63355654,-3.2835565,-1.0335565,-0.11355652,2.6964436,0.85644346,0.46644348,1.9864435,2.2964435,0.28644347,1.2464435,-1.9535565,2.2064435,-0.49355653,-1.8535565,-2.1935565,-1.2035565,-1.2235565,0.8164435,-0.3535565,-1.1435565,0.66644347
1.4664435,-1.0335565,6.5664434,7.2664433,-3.1335566,-0.8135565,-0.44355652,0.15644348,-1.4035565,-3.7835565,-4.2435565,-2.5535564,-1.8335565,-2.9435565,-2.6035566,-2.2335565,-0.7835565,-0.58355653,-0.04355652,0.7064435,1.6464435,-0.30355653,0.91644347,0.2664435,0.98644346,-0.6235565,1.0364435,1.9864435,2.3064435,1.4664435,0.33644348,0.55644345,-2.2135565,0.25644347,0.30644348,-0.37355652,0.28644347,-0.51355654,-1.0935565,0.5664435,-0.47355652
5.7864437,6.6364436,7.3664436,-5.4235563,-2.6935565,0.30644348,-0.34355652,0.09644348,-2.9835565,-2.1035566,-2.8235564,-2.7235565,-2.4035566,-1.7635565,-0.7235565,0.80644345,0.9964435,0.8764435,1.6664435,1.3664435,1.4564434,1.6164435,-1.1135565,0.5364435,-1.2335565,-2.4135566,-1.9335566,0.4564435,3.2864435,-1.0735565,-0.34355652,-1.6535565,0.5864435,-0.51355654,-3.0035565,-1.0935565,0.04644348,-0.9035565,-1.2935566,-0.02355652,-2.1235566
5.9564433,8.206444,5.2564435,-1.3935565,1.1564435,1.2164435,1.3564435,1.2564435,0.10644348,-2.1735566,-1.7935566,-4.5835567,-3.3635566,-1.1835566,1.3564435,-0.2635565,0.056443483,2.0864434,1.0064435,-0.20355652,0.9564435,1.5464435,-1.6635566,2.8664434,1.6364435,1.5664434,0.86644346,1.2764435,-0.49355653,2.4364436,5.3564434,1.6464435,4.5164433,2.0464435,1.4264435,1.6964434,-0.27355653,1.3264434,-0.8035565,-2.2035565,-0.3635565
5.6064434,6.8064437,5.3764434,3.5064435,4.2864437,2.4564435,2.0664434,2.8864434,0.9364435,0.7764435,0.34644347,-4.2635565,-1.0735565,-0.8435565,1.2964435,2.5264435,1.2664435,0.79644346,0.60644346,1.0464435,2.9764435,3.4664435,3.3464434,4.1564436,4.0064435,4.1464434,2.2964435,4.4264436,5.4564433,4.9264436,3.0564435,-0.46355653,-0.33355653,-0.18355651,-1.9435565,-1.2535565,1.3664435,-1.8835565,-1.8335565,-1.4135566,-0.9935565
5.6964436,4.3964434,7.8964434,4.8964434,5.5464435,2.8764434,4.1864433,2.6964436,1.2264435,0.5164435,1.9864435,1.8764435,0.22644348,0.54644346,0.6364435,-0.38355651,1.1064435,1.2764435,1.9264435,1.3864435,1.7964435,0.8164435,2.0164435,3.5764434,3.7464435,2.8264434,3.6764436,-3.3635566,3.1764436,5.3864436,0.5264435,-2.5635564,-1.4835565,-2.1435566,-0.8735565,0.67644346,0.37644348,1.6964434,-0.63355654,-0.3635565,-2.5235565
10.116444,6.3864436,6.1764436,7.9264436,3.8464434,4.1864433,3.7964435,2.7064435,2.5864434,1.6564435,2.2664435,2.2864435,-0.8635565,0.026443481,1.6364435,-0.63355654,0.19644348,1.1064435,1.9864435,2.2064435,1.3264434,2.8464434,1.0764434,-1.2635565,-0.69355655,-2.6735566,-2.8335564,-2.6335566,-1.7835565,-0.76355654,-0.8535565,-1.5135565,-3.7035565,-0.20355652,-1.3535565,1.8964435,1.1564435,-0.15355653,2.0564435,0.0064434814,-0.30355653
10.146443,10.136443,3.6764436,5.9864435,8.976443,4.0964437,3.8764434,2.5464435,1.8364434,1.4064435,1.6864434,2.3964434,2.2764435,1.9364434,-0.34355652,0.98644346,-0.38355651,1.4164435,1.3864435,2.4764435,0.31644347,1.1964434,-1.9835565,0.16644348,-1.5835565,-1.6235565,-1.2135565,-0.76355654,-0.6035565,0.4564435,-1.0835565,-0.9235565,-0.02355652,0.04644348,-0.47355652,-2.3735566,-1.4635565,1.1464435,-1.9935565,-0.57355654,0.8364435
8.566443,10.926443,7.8764434,4.4664435,6.8764434,8.586444,3.6864436,3.4864435,3.7764435,2.8664434,2.0264435,1.5364435,1.6664435,1.7364435,1.4264435,-0.0035565186,1.1464435,0.66644347,1.2864435,2.4264436,1.2964435,0.24644348,-0.7335565,-0.13355651,1.2364435,1.4664435,-0.6635565,1.2364435,0.18644348,1.5564435,-0.41355652,-1.0835565,-2.0235565,0.036443483,1.7264435,-1.7135565,-0.49355653,-1.6335565,-0.37355652,0.6864435,-1.7835565
10.336443,9.646443,8.896443,3.9564435,5.1764436,7.7264433,5.6564436,4.0364437,3.8664434,3.8964434,1.2864435,2.6964436,0.98644346,0.8364435,0.8364435,0.6564435,0.09644348,1.0064435,0.12644348,0.5664435,-1.9135566,-2.1335566,-0.9235565,-0.2935565,0.5364435,-0.6235565,0.40644348,-0.14355652,-0.88355654,-2.9735565,-0.58355653,-3.1735566,-2.3035564,-2.0735564,-0.64355654,-0.89355654,-1.4835565,-0.22355652,-0.38355651,-0.0035565186,-0.25355652
8.936443,8.106443,8.456444,4.3264437,3.1564436,4.4864435,5.6664433,7.0564437,3.0264435,2.7764435,3.3364434,1.5364435,1.9664435,0.18644348,1.0764434,0.91644347,-0.06355652,0.23644347,0.2964435,-2.4635565,-2.3235564,-1.5535566,-1.8035566,-0.9735565,0.5664435,-0.20355652,-2.4435565,-1.2235565,-2.5435565,-2.5335565,-3.2535565,-2.6135566,-2.3235564,-2.0835564,-1.1835566,-0.6235565,-0.5035565,1.0864434,-0.7535565,0.6564435,-0.2935565
7.1064434,6.0964437,4.8964434,4.3164434,3.7164435,3.4164436,5.1064434,6.7464433,1.5864434,3.1664436,2.6964436,2.4864435,2.0464435,2.0864434,0.6264435,2.7964435,0.9964435,0.5264435,-0.33355653,-0.5035565,-2.1935565,-1.9335566,-2.2135565,-1.0635566,-1.7035565,-2.0135565,-2.4335566,-2.5835564,-3.1635566,-2.6735566,-2.8635566,-2.7035565,-2.6435566,-2.3835566,-2.2735565,-2.4335566,-2.6535566,-1.6735566,-0.63355654,-0.6635565,-0.2935565
4.5264435,6.6064434,6.4464436,6.0464435,3.1164434,2.6864436,5.0864434,6.1864433,4.0564437,1.6564435,1.5464435,2.7164435,0.9364435,0.9064435,2.1064434,0.8264435,0.7564435,0.37644348,0.17644349,-0.6835565,-0.9135565,0.07644348,0.85644346,-0.83355653,-1.7135565,-1.9335566,-1.9535565,-1.4935565,-2.3235564,-2.3335564,-2.3335564,-2.0835564,-3.1735566,-0.3535565,-2.2335565,-2.0335565,-1.6835566,-1.1335565,-1.7835565,-0.31355652,-0.17355652
4.8064437,5.6064434,7.4364433,6.1664433,4.4564433,4.0664434,4.8264437,4.2964435,0.54644346,4.0864434,0.116443485,1.1764435,2.2264435,3.1664436,-0.04355652,0.6364435,-0.013556519,-0.38355651,-0.3635565,1.2064434,0.7564435,1.4464434,0.6564435,0.6364435,-0.3535565,-0.4235565,-0.83355653,-0.46355653,-1.0435566,-0.8135565,-1.0335565,-0.9935565,-0.25355652,-0.7135565,-0.3935565,-0.093556516,-1.1535565,-0.82355654,0.056443483,-0.77355653,-0.46355653
2.7664435,5.1264434,5.9764433,3.0964434,3.5764434,3.7164435,6.2964435,0.18644348,-0.47355652,3.7264435,2.1664436,1.7864435,-0.15355653,0.4564435,-0.8635565,-0.44355652,0.34644347,-0.5535565,1.2764435,1.0564435,1.1364435,1.8664435,1.0864434,-0.053556517,1.2364435,1.3064435,0.86644346,0.5664435,0.5064435,0.4564435,-0.9935565,0.3964435,0.6264435,0.7464435,0.66644347,1.0264435,-0.3935565,1.2864435,-0.77355653,-0.4535565,-0.33355653
