wind_kz.json
{"header": {"discipline":0,"disciplineName":"Meteorological products","gribEdition":2,"gribLength":1025,"center":7,"centerName":"US National Weather Service - NCEP(WMC)","subcenter":0,"refTime":"2023-09-25T12:00:00.000Z","significanceOfRT":1,"significanceOfRTName":"Start of forecast","productStatus":0,"productStatusName":"Operational products","productType":1,"productTypeName":"Forecast products","productDefinitionTemplate":0,"productDefinitionTemplateName":"Analysis/forecast at horizontal level/layer at a point in time","parameterCategory":2,"parameterCategoryName":"UnknownDiscipline_0_Category_2","parameterNumber":2,"parameterNumberName":"UnknownParameter_D0_C2_2","parameterUnit":"Unknown","genProcessType":2,"genProcessTypeName":"Forecast","forecastTime":180,"surface1Type":103,"surface1TypeName":"Specified height level above ground","surface1Value":10.0,"surface2Type":255,"surface2TypeName":"Missing","surface2Value":0.0,"gridDefinitionTemplate":0,"gridDefinitionTemplateName":"Latitude_Longitude","numberPoints":615,"shape":6,"shapeName":"Earth spherical with radius of 6,371,229.0 m","gridUnits":"degrees","resolution":48,"winds":"true","scanMode":64,"nx":41,"ny":15,"basicAngle":0,"lo1":47.0,"la1":41.0,"lo2":87.0,"la2":55.0,"dx":1.0,"dy":1.0}, "data":
[rows 0 to 14 of 15, columns 0 to 40 of 41]
1.9419311,-0.96806884,2.651931,4.4419312,3.6819313,3.121931,-3.638069,-4.298069,-6.288069,-1.7480688,-3.9280689,-4.458069,-4.998069,-4.608069,-4.6980686,-3.9980688,-2.5680687,-2.2480688,-3.348069,-2.7280688,-1.6480689,0.31193116,-0.69806886,-1.1980689,-0.69806886,-1.6080688,-2.4580688,-0.83806884,0.61193115,0.7719312,-1.2180688,1.8019311,0.65193117,-0.13806885,-3.0580688,-1.7780689,-2.388069,-1.8780688,-4.038069,-3.588069,-3.148069
1.0619311,1.2219311,2.1719313,4.5919313,4.3219314,1.5219312,-3.128069,-5.778069,-4.5580688,-3.5180688,-3.7780688,-4.9280686,-4.238069,-4.148069,-3.4480689,-4.248069,-2.118069,-3.0080688,-1.8180689,-0.20806885,0.30193114,0.97193116,-0.14806885,-2.9380689,-0.27806884,1.4519311,-0.74806887,0.71193117,-0.46806884,-0.78806883,0.29193115,-0.40806884,-0.63806885,-2.118069,-0.46806884,-0.8080689,-1.3280689,-0.48806885,-2.0480688,0.45193115,-4.498069
2.391931,8.341931,5.741931,4.8019314,-0.29806885,-6.3080688,-4.188069,-3.088069,-4.9080687,-4.438069,-4.238069,-4.458069,-4.1780686,-4.298069,-3.9380689,-3.9480689,-3.888069,-2.2180688,-0.49806884,0.68193114,1.6619312,-2.8180687,-3.4380689,-2.5580688,1.1319312,-0.95806885,-1.0880688,-2.0680687,-1.2580688,-0.78806883,-1.4880688,1.6219312,-0.57806885,-0.58806884,0.31193116,-0.52806884,-0.49806884,0.47193116,-1.0580689,2.0019312,1.8519311
4.871931,8.081931,5.241931,5.621931,-0.83806884,-4.5780687,-1.2180688,-3.618069,-4.0780687,-3.7580688,-3.668069,-4.5980687,-4.8080688,-3.918069,-3.608069,-2.5580688,-1.7480688,-1.7380688,-0.75806886,-0.56806886,-1.0480689,-1.8080689,-2.6980689,-3.918069,-4.3280687,-4.478069,-4.918069,-7.9280686,-3.658069,-0.52806884,-0.76806885,-2.9380689,-2.5780687,-2.648069,-2.338069,-2.0280688,-2.0580688,2.391931,-0.56806886,-1.2180688,-2.1880689
1.5219312,1.4919312,2.7319312,-0.17806885,-4.3480687,-3.3280687,-1.9680688,-3.2580688,-3.7280688,-3.2480688,-3.168069,-4.168069,-4.468069,-4.008069,-3.4480689,-1.5780689,-1.6080688,-1.7180688,-1.6480689,-2.9680688,-4.3680687,-4.608069,-5.4480686,-5.488069,-6.378069,-6.458069,-7.3080688,-3.618069,-3.668069,-3.9780688,-3.6880689,-2.2680688,-2.098069,0.39193115,-0.6180689,-2.3180687,-3.418069,-5.1380687,-3.4380689,-3.5680687,-3.918069
-1.0580689,-0.5580689,-0.078068845,-1.7780689,-2.6880689,-2.4480689,-3.418069,-3.858069,-3.4580688,-3.098069,-2.7380688,-2.5580688,-2.7780688,-4.208069,-3.0680687,-2.6780689,-2.9880688,-2.3280687,-3.4580688,-1.9980688,-3.9580688,-4.1380687,-4.628069,-5.218069,-5.518069,-5.358069,-3.5380688,-4.988069,-4.3680687,-3.9280689,-3.9580688,-3.118069,-3.398069,-2.868069,-1.7880689,-3.7480688,-0.09806885,-3.138069,-1.1880689,-3.1780689,-2.858069
0.23193115,-0.08806885,-1.3480688,-2.0680687,-2.7780688,-3.2380688,-2.9880688,-2.8180687,-3.088069,-2.148069,-1.5280689,-1.4380689,-1.1180688,-2.168069,-2.4280689,-2.638069,-3.0080688,-2.898069,-3.7980688,-4.358069,-3.618069,-3.9780688,-4.1780686,-3.9980688,-4.418069,-4.1580687,-2.658069,-3.0180688,-3.2780688,-4.398069,-4.528069,-3.7980688,-1.6080688,-2.5580688,-3.3080688,-2.6980689,-1.3180689,1.0019312,-1.8280689,1.6019311,0.99193114
-3.868069,-3.098069,-3.2980688,-0.7980688,-2.2680688,-0.27806884,-1.0280689,-1.4380689,-1.0680689,-1.4680688,-0.99806887,0.07193115,0.15193115,0.27193114,-0.6180689,-1.5080688,-2.388069,-3.0480688,-2.878069,-4.188069,-2.838069,-3.5380688,-2.7080688,-2.7280688,-2.5580688,-1.6880689,-2.168069,-2.6780689,-2.5580688,-2.7580688,-3.4980688,-3.0080688,-4.0980687,-1.4780688,-4.378069,-1.7380688,1.2219311,-3.2180688,-2.358069,-2.4480689,-1.8680688
-0.43806884,-2.2180688,-2.648069,-2.6780689,-0.41806886,0.62193114,0.45193115,-0.42806885,-1.2280688,-0.25806886,0.98193115,1.2019311,2.631931,0.68193114,-0.06806885,0.54193115,-0.6180689,-1.7380688,-2.338069,-1.8080689,-2.638069,-1.4280689,-2.088069,-2.098069,-1.6380688,-1.8080689,-1.3180689,-1.3780688,-1.0180688,-1.1380688,-2.0680687,-1.7380688,-1.2380688,-0.9880688,-1.2080688,-0.96806884,-0.56806886,-2.0480688,-1.5180688,0.97193116,-2.348069
1.4519311,1.6119312,-2.2280688,-3.5680687,-2.618069,3.4219313,4.871931,1.1219312,0.23193115,0.7019312,1.7919312,1.3519311,2.0219312,1.4219311,0.84193116,0.99193114,0.6419312,0.21193115,-0.48806885,-1.0180688,-0.71806884,0.37193117,0.40193117,-0.50806886,-0.81806886,-1.4680688,-0.49806884,-1.4480689,-0.77806884,-0.6680688,-0.35806885,0.0019311523,-1.5680689,-2.0480688,-1.6280688,-1.4380689,-1.9480689,-0.46806884,-2.4580688,-0.65806884,-1.3480688
-1.5980688,0.74193114,2.4819312,2.371931,0.67193115,4.411931,3.411931,2.3119311,0.24193116,0.49193114,0.39193115,1.3219311,0.61193115,1.5719311,1.0819311,1.1919311,1.0219312,1.6319312,0.17193115,0.40193117,0.6419312,0.45193115,0.25193116,0.49193114,0.72193116,0.08193115,0.84193116,1.4419311,1.0619311,0.65193117,0.5719311,-1.0180688,-1.5380689,-1.1180688,-1.0280689,-1.3880688,-1.4180689,-0.30806884,-1.0480689,0.85193115,-1.1580689
1.2719312,-1.2780689,-0.95806885,-0.42806885,2.601931,2.351931,2.7419312,0.73193115,0.92193115,-1.0680689,-0.83806884,1.7319312,0.54193115,0.98193115,2.341931,1.7219311,1.9419311,1.9719311,0.67193115,1.4419311,1.1519312,1.8819312,1.3819312,1.6719311,2.081931,2.401931,1.8319311,2.351931,2.081931,1.0119312,-0.038068846,-0.048068848,-0.09806885,-1.5580689,-0.7380688,-0.8080689,-0.36806884,-0.49806884,-0.09806885,-0.51806885,-0.53806883
-0.108068846,-0.22806884,-1.7980689,0.11193115,0.65193117,-1.6880689,-0.26806885,1.3619312,0.44193116,-0.37806883,-0.81806886,0.17193115,0.50193113,2.0419312,2.2819312,1.8319311,1.6419312,1.9219311,1.2019311,1.8519311,0.97193116,1.4119312,1.8919312,1.0819311,3.411931,2.7519312,2.861931,2.5619311,2.1719313,1.5419312,1.0619311,1.0919311,0.8819311,0.46193114,0.6919311,0.47193116,0.40193117,-0.50806886,-0.51806885,-0.68806887,-0.9180688
1.2519312,-0.13806885,0.85193115,0.47193116,0.011931152,-1.1980689,-0.36806884,-2.158069,0.35193115,0.45193115,-0.63806885,-0.64806885,1.2719312,1.8319311,1.6819311,1.7719312,1.8019311,2.0319312,0.91193116,2.2819312,2.111931,2.2319312,3.3219311,2.9619312,2.8019311,1.6119312,1.3319311,2.2619312,1.8019311,1.7419312,1.7419312,1.6419312,1.3519311,0.85193115,1.2419312,0.84193116,0.8219311,0.65193117,-0.81806886,0.32193115,-0.38806885
0.33193114,-0.118068844,-0.6080688,-0.018068848,-0.08806885,-0.45806885,0.47193116,0.26193115,0.12193115,-0.36806884,-1.0680689,-0.69806886,-0.09806885,0.46193114,-1.1680689,-1.1380688,-0.64806885,-0.38806885,0.15193115,1.2819312,1.7719312,2.5419312,2.5619311,2.7719312,2.411931,2.2719312,2.861931,2.601931,2.7019312,2.4819312,2.861931,3.091931,2.4719312,2.5719311,2.351931,2.591931,1.9219311,2.0419312,2.351931,1.4819312,-1.4380689
