wind_kz.json
{"header": {"discipline":0,"disciplineName":"Meteorological products","gribEdition":2,"gribLength":1025,"center":7,"centerName":"US National Weather Service - NCEP(WMC)","subcenter":0,"refTime":"2023-08-28T18:00:00.000Z","significanceOfRT":1,"significanceOfRTName":"Start of forecast","productStatus":0,"productStatusName":"Operational products","productType":1,"productTypeName":"Forecast products","productDefinitionTemplate":0,"productDefinitionTemplateName":"Analysis/forecast at horizontal level/layer at a point in time","parameterCategory":2,"parameterCategoryName":"UnknownDiscipline_0_Category_2","parameterNumber":3,"parameterNumberName":"UnknownParameter_D0_C2_3","parameterUnit":"Unknown","genProcessType":2,"genProcessTypeName":"Forecast","forecastTime":120,"surface1Type":103,"surface1TypeName":"Specified height level above ground","surface1Value":10.0,"surface2Type":255,"surface2TypeName":"Missing","surface2Value":0.0,"gridDefinitionTemplate":0,"gridDefinitionTemplateName":"Latitude_Longitude","numberPoints":615,"shape":6,"shapeName":"Earth spherical with radius of 6,371,229.0 m","gridUnits":"degrees","resolution":48,"winds":"true","scanMode":64,"nx":41,"ny":15,"basicAngle":0,"lo1":47.0,"la1":41.0,"lo2":87.0,"la2":55.0,"dx":1.0,"dy":1.0}, "data":
[rows 0 to 14 of 15, columns 0 to 40 of 41]
5.3141065,-1.8858936,0.69410646,-0.84589356,-3.8258936,-6.0258937,-3.6558936,-5.8258934,-3.9358935,-3.5358934,-4.1158934,-3.5658937,-3.0658937,-4.1558933,-3.8158937,2.6541064,1.2841065,-0.99589354,-2.9858935,-2.1058936,-3.0758936,-4.0958934,-3.1858935,0.43410644,-1.0058936,0.68410647,-0.19589356,1.7541064,0.35410646,2.1741064,-0.26589355,-1.7858936,1.2241064,-3.2758934,-5.4358935,1.7341064,2.2941065,-0.21589355,0.82410645,-1.0658935,-2.0058935
1.3541064,1.1441064,1.1641065,-1.0158936,-3.8258936,-5.3658934,-3.9358935,-3.3758936,-3.6758935,-3.7958937,-4.5258937,-3.9058936,-1.9758935,-3.0158935,-5.0858936,-5.8858933,-4.1258936,-3.3358936,-0.8858936,-0.44589356,-1.9158936,-2.0958936,-1.1958935,1.4041065,1.9941064,2.5041065,-0.62589353,3.7841065,1.1841065,3.2641065,5.054106,5.1941066,1.2941065,0.56410646,-4.3958936,-0.15589355,1.1541065,-0.12589355,-0.13589355,-2.5958936,2.7041063
2.0641065,3.4041064,1.0941064,-1.4158936,-4.3858933,-1.0558935,-3.3758936,-3.2758934,-3.0858936,-3.2758934,-3.9758935,-3.2258935,-1.0758935,-2.7458935,-3.2958937,-4.3758936,-4.1258936,-4.1358933,-3.1058936,-1.6258936,-1.2458936,-1.7458936,-0.96589357,0.89410645,-0.20589356,1.2641064,1.7841065,1.3741064,0.29410645,2.3141065,2.4541063,2.1441064,0.29410645,-1.2858936,-2.2258935,2.8841064,0.96410644,-3.9858935,0.68410647,0.054106444,1.3341064
0.46410644,2.7941065,-0.045893554,-2.6158936,-5.3958936,-3.2258935,-3.8558936,-4.1158934,-2.1458936,-3.1958935,-3.4058936,0.124106444,-0.44589356,-1.1158936,-2.9258935,-3.7458935,-4.1258936,-4.6358933,-4.6658936,-3.4458935,-3.3758936,-1.8658936,-2.2358935,0.054106444,0.7341064,0.15410644,-2.0058935,0.63410646,0.41410646,0.06410644,-2.2258935,-3.1958935,-1.6358936,1.7041065,0.48410645,-0.31589356,-1.3458935,2.5341065,0.51410645,1.3141065,-1.1458936
2.5641065,3.1741064,1.7841065,1.4441065,-0.38589355,-1.9758935,-3.1858935,-2.5458937,-1.6958935,-2.4958935,-2.4958935,2.8741064,2.6141064,0.7441065,-3.0458937,-2.7458935,-4.0258937,-3.0358934,-3.2458935,-4.4358935,-4.2458935,-2.6858935,-2.0158935,-3.3358936,-4.1058936,-6.0358934,1.5641065,0.31410643,-1.0058936,-0.39589354,-0.72589356,1.9741064,2.2941065,4.7241063,-1.4458935,-2.0758936,-0.15589355,0.18410644,-1.4758935,-0.9458935,-3.2558935
4.4941063,3.0241065,3.3341064,1.4641064,0.5441064,-0.91589355,-1.8958936,-3.1458936,-2.0658937,-1.7658936,0.5541065,0.53410643,-0.67589355,-0.35589355,0.39410645,-1.8458935,-2.4758935,-3.5558937,-3.8358936,-2.7258935,-2.1658936,-3.2158935,-2.8858936,-2.0258934,-2.0258934,-2.6758935,-1.5558935,0.59410644,2.1241064,1.5341065,2.3441064,-1.7858936,3.5241065,2.9841065,2.0541065,0.33410645,2.7641065,2.5841064,0.62410647,-1.5558935,-2.8258936
1.6741065,4.4441066,1.2041065,0.09410644,-1.2358936,-1.8058935,-1.2658936,-2.2358935,-2.7858934,-2.8758936,1.0541065,0.43410644,-0.39589354,-2.5258934,-3.1358936,-3.4958935,-3.4458935,-3.8458936,-3.8258936,-3.5658937,-2.0058935,0.09410644,0.29410645,-1.7658936,-2.6958935,-1.0558935,-0.6458936,-0.67589355,4.5241065,5.0041065,4.8641067,1.6341064,-1.9458935,1.3341064,-0.26589355,-1.0158936,-2.5958936,1.6741065,2.4341063,1.6741065,1.4241065
0.124106444,-0.71589357,-2.2658935,-2.6658936,-2.9258935,-2.6258936,-2.8758936,-3.0458937,-0.9458935,-0.5858936,-1.4358935,-1.7258935,-4.1858935,-2.9058936,-2.7958937,-4.5258937,-3.3758936,-2.9058936,-3.2158935,-2.4358935,-3.9558935,-2.5658937,-1.2058935,1.9941064,-0.035893556,-0.8258936,0.47410643,0.7441065,3.6041064,6.074106,4.8541064,4.8341064,2.9941065,0.68410647,2.4741066,0.97410643,2.0241065,0.90410644,0.5541065,-1.1658936,-2.1958935
0.71410644,-0.015893554,-1.2558936,-2.4858935,-2.4458935,-1.9758935,-2.5158935,-0.19589356,-1.1458936,-3.1258936,-2.3458936,-2.5558937,-2.8858936,-3.2058935,-4.4658937,-4.2058935,-5.3158937,-4.2058935,-4.2158937,-3.1058936,-3.2958937,-3.1358936,-1.3358935,-0.095893554,1.5741065,0.31410643,-0.8358936,7.3841066,1.3541064,0.84410644,3.5541065,2.1941063,1.9941064,0.89410645,2.9541063,2.1841063,-0.9458935,1.7341064,1.8941064,1.4041065,-0.08589356
0.11410645,-0.8958936,-1.8658936,-1.5258936,-0.19589356,-1.7058935,-2.6558936,0.51410645,0.33410645,-0.44589356,-0.5858936,-2.1558936,-2.0958936,-4.2058935,-3.6858935,-3.6658936,-3.7458935,-4.0558934,-3.9358935,-2.7658935,-1.6258936,-2.1058936,-1.2358936,-0.7558935,-0.52589357,1.5541065,1.8841064,0.6741064,4.7341065,2.8141065,1.1041064,-0.55589354,1.6141064,-1.4958936,-0.17589356,2.5241065,1.4841064,-0.8958936,0.71410644,4.324106,3.1441064
-0.53589356,-1.1958935,-1.0958935,-0.37589356,0.52410644,-0.87589353,-3.5458937,-1.3458935,1.4741064,1.6641065,0.30410644,-0.15589355,-3.1958935,-3.2658935,-3.9458935,-5.3458934,-5.6358933,-4.0558934,-4.3958936,-4.7658935,-4.2658935,-2.9658935,-1.7258935,-1.1258936,-2.2458935,-0.5058935,-1.0858935,1.8841064,2.9541063,4.4941063,1.2741065,1.7041065,1.3141065,-0.67589355,-2.5358934,3.0141065,1.5441065,3.1141064,2.1941063,1.8041065,0.43410644
-0.17589356,-1.9858936,0.28410643,0.32410645,0.9241064,-0.91589355,-2.0758936,-1.6858935,-1.6658936,0.14410645,-0.42589355,-2.4358935,-3.0558937,-3.2858934,-4.6158934,-4.5758934,-5.1558933,-4.8158937,-4.195894,-5.5558934,-5.0558934,-4.695894,-4.0058937,-2.8558936,-1.7058935,0.21410644,0.6641064,0.65410644,1.7241064,1.9941064,2.6341064,2.1341064,1.1241064,1.2241064,-1.3358935,-1.8258935,0.95410645,2.6741064,2.7141066,1.9841064,1.0341065
-1.4758935,0.30410644,-0.40589356,0.51410645,0.24410644,-0.92589355,-1.3158935,-1.1458936,-2.5858936,0.35410646,0.32410645,-1.0858935,-2.6558936,-3.5358934,-4.0058937,-4.2958937,-3.8858936,-3.6458936,-2.7458935,-3.2758934,-3.0858936,-2.9858935,-3.3058937,-2.6858935,-2.6758935,-2.5958936,-2.7858934,-1.8758936,-2.5958936,-1.6558936,-0.7058936,2.3041065,1.9041065,2.3741064,1.8441064,0.69410646,1.8141065,1.4641064,3.1241064,1.0641065,0.44410646
1.6441064,-0.29589355,-1.0058936,1.6341064,-0.85589355,-0.40589356,0.24410644,-0.66589355,-0.6458936,-1.2358936,0.124106444,-0.99589354,-1.7058935,-2.3558936,-3.9758935,-3.9958935,-3.4558935,-4.0758934,-3.9058936,-3.8358936,-3.8658936,-2.2158935,-1.8058935,-1.0258936,-1.5358936,-2.9858935,-2.0058935,-1.6558936,-1.3358935,-2.0658937,1.0241065,1.3641064,0.15410644,1.8141065,1.5441065,1.2841065,1.8441064,1.3541064,1.5841064,1.9641064,2.4341063
1.5841064,1.2141064,0.87410647,1.4341065,0.30410644,0.124106444,0.95410645,-0.74589354,0.034106445,-0.12589355,-0.79589355,-0.29589355,0.87410647,-1.1458936,-3.4358935,-4.4158936,-3.9958935,-4.9358935,-4.6858935,-4.5558934,-4.9658937,-5.1258936,-3.9358935,-4.0858936,-4.175894,-0.31589356,-1.1258936,-0.22589356,-0.66589355,-1.7158935,-1.0258936,1.1141064,0.69410646,1.5641065,2.5541065,1.4541065,1.1841065,2.1641064,0.72410643,1.1841065,0.64410645
