wind_kz.json
{"header": {"discipline":0,"disciplineName":"Meteorological products","gribEdition":2,"gribLength":871,"center":7,"centerName":"US National Weather Service - NCEP(WMC)","subcenter":0,"refTime":"2023-08-21T18:00:00.000Z","significanceOfRT":1,"significanceOfRTName":"Start of forecast","productStatus":0,"productStatusName":"Operational products","productType":1,"productTypeName":"Forecast products","productDefinitionTemplate":0,"productDefinitionTemplateName":"Analysis/forecast at horizontal level/layer at a point in time","parameterCategory":0,"parameterCategoryName":"UnknownDiscipline_0_Category_0","parameterNumber":0,"parameterNumberName":"UnknownParameter_D0_C0_0","parameterUnit":"Unknown","genProcessType":2,"genProcessTypeName":"Forecast","forecastTime":240,"surface1Type":1,"surface1TypeName":"Ground or water surface","surface1Value":0.0,"surface2Type":255,"surface2TypeName":"Missing","surface2Value":0.0,"gridDefinitionTemplate":0,"gridDefinitionTemplateName":"Latitude_Longitude","numberPoints":615,"shape":6,"shapeName":"Earth spherical with radius of 6,371,229.0 m","gridUnits":"degrees","resolution":48,"winds":"true","scanMode":64,"nx":41,"ny":15,"basicAngle":0,"lo1":47.0,"la1":41.0,"lo2":87.0,"la2":55.0,"dx":1.0,"dy":1.0}, "data":
[rows 0 to 14 of 15, columns 0 to 40 of 41]
297.99786,286.8979,290.49786,299.09787,298.79788,297.69788,298.99786,299.59787,297.79788,297.3979,295.79788,296.8979,296.3979,296.09787,295.49786,292.99786,293.29788,294.09787,293.29788,293.69788,294.79788,291.79788,290.49786,287.19788,292.8979,291.8979,289.8979,275.49786,276.59787,277.59787,278.79788,277.79788,291.69788,297.09787,296.49786,296.3979,294.99786,295.29788,296.49786,295.69788,299.8979
277.8979,289.69788,298.59787,298.49786,298.59787,297.3979,298.59787,297.3979,294.99786,295.69788,296.09787,293.99786,292.49786,292.3979,291.8979,292.19788,292.8979,293.19788,292.29788,291.29788,292.09787,292.49786,291.3979,284.8979,275.3979,276.19788,284.79788,277.19788,278.79788,272.09787,277.79788,271.49786,281.69788,256.59787,277.19788,293.3979,290.59787,292.09787,296.09787,286.59787,284.09787
292.69788,298.3979,298.59787,298.49786,297.29788,296.99786,295.79788,296.29788,294.99786,294.29788,292.59787,292.79788,289.3979,290.3979,292.09787,290.69788,290.69788,289.8979,290.29788,290.79788,292.59787,291.49786,295.09787,287.8979,289.79788,290.29788,290.29788,289.49786,288.69788,280.29788,273.29788,275.09787,279.69788,279.99786,281.8979,282.8979,274.8979,276.79788,276.49786,273.19788,268.99786
292.69788,299.3979,298.79788,297.79788,295.49786,296.09787,296.8979,295.19788,295.49786,295.29788,294.19788,292.09787,294.99786,294.29788,292.59787,293.8979,293.49786,292.29788,291.19788,291.19788,291.29788,288.3979,291.8979,292.8979,290.29788,291.29788,294.59787,292.19788,290.79788,291.29788,291.99786,288.49786,294.3979,287.8979,286.19788,285.19788,271.69788,273.69788,277.8979,284.59787,289.3979
296.19788,298.69788,299.09787,298.59787,297.59787,296.19788,297.59787,297.19788,295.59787,296.09787,294.99786,292.3979,294.8979,293.59787,291.3979,293.99786,293.69788,292.49786,290.59787,294.29788,294.49786,294.49786,292.99786,293.09787,293.19788,293.59787,291.69788,291.69788,292.09787,291.99786,294.29788,288.69788,277.69788,270.09787,280.8979,289.59787,292.3979,293.79788,293.3979,294.19788,294.29788
292.79788,290.79788,296.8979,297.69788,298.19788,297.59787,296.49786,298.8979,297.09787,296.59787,296.59787,296.3979,294.29788,294.29788,292.99786,292.29788,294.3979,293.19788,293.19788,294.29788,293.79788,293.09787,292.59787,292.29788,292.29788,291.79788,292.49786,292.79788,292.19788,293.8979,291.8979,292.59787,289.69788,287.99786,285.99786,291.09787,282.09787,284.09787,292.59787,293.09787,290.29788
293.99786,292.09787,292.69788,295.09787,295.99786,294.19788,296.79788,296.29788,296.99786,297.29788,295.29788,294.79788,294.8979,294.8979,292.99786,294.79788,294.3979,295.29788,293.69788,292.69788,292.19788,293.49786,293.19788,293.09787,291.09787,291.09787,290.99786,292.19788,290.99786,290.09787,290.49786,291.09787,291.8979,291.3979,288.8979,287.49786,282.79788,278.99786,275.99786,277.19788,288.09787
294.69788,294.19788,296.49786,295.59787,297.8979,297.69788,296.69788,294.8979,293.79788,294.49786,293.49786,293.59787,293.3979,294.3979,294.99786,294.99786,294.99786,294.99786,294.09787,290.99786,291.19788,290.99786,291.09787,290.8979,289.29788,287.19788,287.69788,288.99786,287.19788,289.29788,288.09787,288.8979,287.3979,285.3979,285.8979,287.49786,289.59787,289.19788,282.99786,283.19788,282.19788
292.99786,293.19788,294.69788,294.3979,296.29788,295.3979,294.3979,294.8979,293.79788,292.79788,291.79788,291.79788,291.59787,294.49786,293.29788,295.59787,294.59787,294.8979,293.49786,292.19788,288.79788,289.09787,291.3979,291.49786,290.19788,290.29788,287.79788,286.49786,287.09787,286.49786,287.69788,288.29788,287.99786,288.8979,288.3979,288.49786,282.8979,286.19788,271.49786,270.99786,270.3979
293.29788,293.3979,294.09787,294.29788,294.49786,294.49786,293.59787,293.29788,292.69788,291.49786,290.49786,289.49786,289.8979,289.59787,289.19788,289.99786,289.3979,289.09787,288.69788,287.8979,286.29788,286.69788,287.29788,286.49786,286.29788,286.3979,286.79788,286.3979,286.09787,285.99786,287.09787,288.3979,289.69788,289.99786,289.99786,288.29788,286.59787,279.8979,280.19788,277.99786,273.49786
292.8979,292.99786,292.3979,292.3979,291.3979,293.8979,292.29788,290.8979,288.79788,287.79788,286.79788,286.09787,288.29788,286.8979,286.3979,286.29788,286.29788,286.49786,286.29788,284.59787,284.59787,285.59787,287.19788,286.79788,286.8979,286.29788,284.8979,284.99786,284.79788,285.19788,286.69788,288.59787,287.79788,286.8979,286.49786,284.59787,281.59787,279.99786,280.3979,280.8979,277.49786
290.09787,290.79788,290.59787,288.8979,288.59787,287.8979,285.99786,286.99786,287.49786,286.8979,282.69788,284.19788,285.49786,284.49786,284.8979,287.79788,287.09787,284.3979,284.79788,284.49786,284.69788,284.69788,284.79788,284.99786,284.29788,285.29788,284.99786,285.8979,285.99786,286.19788,285.3979,286.19788,286.29788,284.8979,284.8979,284.99786,284.99786,284.79788,283.59787,284.19788,285.19788
287.29788,286.99786,286.49786,286.79788,287.09787,288.3979,286.3979,286.3979,285.09787,282.69788,280.3979,279.3979,282.99786,282.49786,285.69788,284.59787,282.8979,282.49786,285.79788,281.3979,280.69788,279.8979,282.19788,281.69788,281.09787,281.69788,283.09787,283.19788,284.09787,282.49786,283.79788,285.09787,285.49786,285.09787,285.19788,284.09787,284.29788,284.59787,284.49786,284.49786,284.59787
285.69788,288.59787,289.19788,288.19788,287.19788,285.09787,284.69788,283.29788,282.19788,281.29788,279.29788,277.8979,278.69788,279.99786,280.29788,280.99786,281.19788,280.29788,283.8979,282.29788,282.29788,279.49786,279.8979,279.59787,279.79788,280.29788,282.59787,282.69788,281.09787,282.79788,283.3979,283.69788,283.79788,284.09787,283.8979,283.3979,283.79788,284.09787,284.09787,283.29788,284.29788
288.3979,287.8979,290.3979,286.69788,284.99786,283.09787,282.8979,281.79788,282.3979,281.79788,280.19788,275.79788,275.99786,276.99786,278.49786,279.29788,279.09787,279.3979,282.29788,281.09787,278.79788,278.3979,277.29788,277.29788,277.59787,278.19788,278.59787,280.69788,281.3979,280.99786,281.99786,283.09787,282.79788,282.79788,282.79788,283.79788,284.09787,283.49786,284.19788,284.19788,284.09787
