wind_kz.json
{"header": {"discipline":0,"disciplineName":"Meteorological products","gribEdition":2,"gribLength":871,"center":7,"centerName":"US National Weather Service - NCEP(WMC)","subcenter":0,"refTime":"2024-02-03T06:00:00.000Z","significanceOfRT":1,"significanceOfRTName":"Start of forecast","productStatus":0,"productStatusName":"Operational products","productType":1,"productTypeName":"Forecast products","productDefinitionTemplate":0,"productDefinitionTemplateName":"Analysis/forecast at horizontal level/layer at a point in time","parameterCategory":0,"parameterCategoryName":"UnknownDiscipline_0_Category_0","parameterNumber":0,"parameterNumberName":"UnknownParameter_D0_C0_0","parameterUnit":"Unknown","genProcessType":2,"genProcessTypeName":"Forecast","forecastTime":180,"surface1Type":1,"surface1TypeName":"Ground or water surface","surface1Value":0.0,"surface2Type":255,"surface2TypeName":"Missing","surface2Value":0.0,"gridDefinitionTemplate":0,"gridDefinitionTemplateName":"Latitude_Longitude","numberPoints":615,"shape":6,"shapeName":"Earth spherical with radius of 6,371,229.0 m","gridUnits":"degrees","resolution":48,"winds":"true","scanMode":64,"nx":41,"ny":15,"basicAngle":0,"lo1":47.0,"la1":41.0,"lo2":87.0,"la2":55.0,"dx":1.0,"dy":1.0}, "data":
[rows 0 to 14 of 15, columns 0 to 40 of 41]
279.13373,271.43375,277.23373,280.33374,280.53375,281.73373,280.63373,281.63373,280.03375,281.33374,280.73373,281.23373,280.83374,280.63373,280.43375,279.53375,279.83374,278.63373,281.13373,278.73373,279.13373,278.33374,277.83374,273.53375,273.93375,275.83374,268.33374,253.13374,253.23373,251.23373,254.73373,254.83374,260.13373,270.03375,270.03375,270.53375,270.73373,270.73373,270.63373,270.83374,270.63373
258.93375,277.23373,280.03375,279.93375,280.33374,280.93375,281.03375,280.13373,279.83374,280.63373,281.03375,279.33374,279.53375,280.33374,279.83374,279.33374,280.03375,280.33374,279.03375,279.53375,278.73373,274.63373,272.83374,264.83374,249.13374,253.13374,261.63373,250.03374,254.83374,250.03374,259.53375,243.43375,257.43375,242.93375,251.33374,260.73373,267.03375,268.23373,269.93375,264.83374,266.63373
276.73373,278.73373,279.83374,280.03375,280.23373,279.93375,279.33374,278.73373,278.53375,277.93375,277.33374,277.73373,278.73373,278.53375,275.63373,273.23373,275.43375,274.23373,275.23373,275.13373,274.93375,276.23373,272.03375,265.33374,272.93375,269.73373,267.73373,269.13373,271.93375,261.93375,252.53374,256.13373,258.13373,257.13373,255.13374,261.73373,254.23373,250.63374,250.83374,254.33374,252.33374
277.93375,275.73373,277.43375,278.73373,279.13373,278.13373,278.03375,277.23373,277.83374,276.93375,276.13373,275.63373,281.23373,281.83374,275.83374,273.43375,274.23373,272.93375,272.23373,273.63373,273.33374,266.73373,272.33374,271.83374,271.33374,271.43375,272.13373,266.43375,270.33374,271.23373,267.93375,268.03375,271.23373,266.73373,259.23373,263.53375,258.13373,255.43375,263.93375,258.83374,258.33374
276.43375,272.43375,271.23373,271.63373,273.53375,275.63373,276.33374,276.43375,275.63373,274.33374,273.33374,273.33374,278.93375,278.93375,278.13373,271.23373,271.03375,271.53375,271.83374,270.83374,272.53375,272.33374,271.13373,269.53375,270.03375,268.53375,270.93375,270.83374,272.53375,272.53375,272.03375,272.63373,264.53375,254.73373,263.33374,256.13373,263.93375,260.33374,259.63373,258.63373,261.13373
277.23373,275.33374,270.93375,270.33374,270.33374,269.83374,273.53375,273.13373,272.43375,272.43375,271.73373,271.43375,277.83374,278.93375,270.83374,270.93375,271.33374,270.93375,269.23373,270.03375,265.53375,268.83374,269.23373,267.53375,268.03375,266.13373,269.93375,270.43375,271.63373,271.73373,272.03375,272.43375,272.53375,272.73373,271.43375,266.23373,263.83374,263.13373,261.83374,259.33374,260.83374
276.83374,275.43375,277.13373,275.53375,271.53375,272.13373,273.23373,271.63373,271.93375,272.03375,271.13373,269.33374,270.93375,269.33374,270.53375,270.93375,268.43375,267.13373,264.23373,259.53375,264.63373,266.53375,266.63373,266.83374,264.43375,264.53375,263.13373,265.53375,268.23373,269.13373,270.23373,271.33374,271.83374,272.33374,268.73373,268.33374,265.23373,263.93375,263.63373,261.13373,263.53375
276.13373,275.13373,274.23373,274.33374,272.93375,272.13373,272.03375,271.33374,270.13373,269.03375,267.03375,267.13373,266.93375,266.73373,269.43375,268.73373,269.03375,267.03375,264.83374,261.53375,261.83374,263.13373,264.33374,265.13373,264.73373,263.13373,262.63373,261.83374,261.13373,263.53375,264.63373,266.83374,268.43375,269.43375,269.23373,270.83374,267.73373,267.43375,266.83374,266.53375,266.33374
274.23373,274.33374,274.03375,273.83374,273.23373,273.13373,272.43375,270.43375,269.33374,268.43375,267.63373,267.03375,267.23373,267.53375,268.23373,269.53375,269.03375,267.33374,265.13373,263.03375,261.43375,261.43375,262.03375,262.93375,262.33374,262.43375,261.13373,260.13373,259.13373,258.03375,259.13373,261.23373,265.63373,267.73373,270.03375,269.53375,265.73373,267.33374,259.13373,259.73373,258.63373
273.63373,273.33374,273.33374,273.43375,273.23373,273.23373,273.13373,271.93375,271.23373,272.13373,270.73373,269.23373,269.83374,269.43375,268.93375,269.03375,268.13373,266.73373,264.53375,263.03375,260.73373,260.63373,259.73373,260.23373,259.83374,259.43375,259.73373,259.73373,259.53375,259.33374,262.03375,264.23373,265.13373,257.63373,258.83374,267.83374,268.83374,262.63373,263.53375,263.63373,260.03375
273.33374,273.33374,273.23373,273.23373,273.13373,273.23373,273.23373,273.23373,273.23373,273.23373,271.83374,270.73373,269.93375,269.03375,268.63373,267.83374,264.13373,261.93375,261.33374,258.43375,256.93375,256.33374,256.93375,256.33374,257.33374,258.33374,257.53375,259.43375,260.73373,263.13373,263.13373,263.33374,264.33374,264.23373,262.23373,260.43375,261.73373,263.83374,264.43375,265.63373,264.23373
273.23373,273.23373,273.23373,273.23373,273.23373,273.23373,273.23373,273.23373,273.23373,273.13373,269.83374,268.43375,268.63373,268.13373,266.93375,260.73373,260.53375,260.53375,255.83374,255.53374,255.13374,255.63374,255.33374,256.33374,257.03375,257.13373,258.53375,260.33374,260.73373,260.53375,261.43375,261.93375,263.03375,262.13373,263.23373,263.03375,262.93375,263.73373,265.33374,267.23373,267.73373
273.23373,273.23373,273.23373,273.23373,273.23373,273.23373,273.23373,273.23373,269.93375,267.03375,266.13373,265.33374,266.33374,264.93375,260.43375,257.83374,258.63373,256.63373,255.83374,256.13373,256.43375,257.13373,257.53375,257.53375,258.43375,259.33374,259.73373,260.03375,260.33374,260.43375,260.83374,261.23373,260.43375,261.43375,262.13373,262.53375,263.33374,264.43375,265.83374,266.43375,267.13373
273.23373,273.13373,273.23373,273.23373,272.43375,270.93375,269.93375,268.43375,266.73373,265.03375,264.43375,262.03375,261.73373,259.93375,253.83374,254.13374,256.63373,257.83374,256.33374,258.13373,258.63373,259.83374,260.23373,260.23373,259.93375,260.13373,259.53375,259.53375,259.33374,259.43375,260.03375,260.93375,260.83374,259.73373,260.63373,260.63373,261.43375,262.13373,261.03375,262.03375,267.03375
273.23373,273.03375,271.23373,270.43375,268.43375,262.33374,265.13373,264.63373,263.93375,258.53375,256.23373,247.43375,252.03374,249.23373,252.63374,255.23373,255.33374,257.53375,258.23373,258.43375,259.03375,259.73373,260.33374,260.13373,260.03375,259.53375,259.23373,259.33374,258.83374,258.43375,259.03375,259.03375,260.33374,260.23373,260.53375,260.73373,262.03375,261.53375,259.93375,263.93375,267.13373
