wind.json
{"header": {"discipline":0,"disciplineName":"Meteorological products","gribEdition":2,"gribLength":1125,"center":7,"centerName":"US National Weather Service - NCEP(WMC)","subcenter":0,"refTime":"2023-06-28T18:00:00.000Z","significanceOfRT":1,"significanceOfRTName":"Start of forecast","productStatus":0,"productStatusName":"Operational products","productType":1,"productTypeName":"Forecast products","productDefinitionTemplate":0,"productDefinitionTemplateName":"Analysis/forecast at horizontal level/layer at a point in time","parameterCategory":2,"parameterCategoryName":"UnknownDiscipline_0_Category_2","parameterNumber":3,"parameterNumberName":"UnknownParameter_D0_C2_3","parameterUnit":"Unknown","genProcessType":2,"genProcessTypeName":"Forecast","forecastTime":0,"surface1Type":103,"surface1TypeName":"Specified height level above ground","surface1Value":10.0,"surface2Type":255,"surface2TypeName":"Missing","surface2Value":0.0,"gridDefinitionTemplate":0,"gridDefinitionTemplateName":"Latitude_Longitude","numberPoints":688,"shape":6,"shapeName":"Earth spherical with radius of 6,371,229.0 m","gridUnits":"degrees","resolution":48,"winds":"true","scanMode":64,"nx":43,"ny":16,"basicAngle":0,"lo1":45.0,"la1":40.0,"lo2":87.0,"la2":55.0,"dx":1.0,"dy":1.0}, "data":
[rows 0 to 15 of 16, columns 0 to 42 of 43]
-4.0705566,2.9694433,4.7394433,7.4094434,0.51944333,-6.600557,-6.370557,-4.6705565,-6.7005568,-3.6405566,-4.4605565,1.4894433,0.30944335,-0.46055663,-1.8405566,-3.6205566,-3.4705567,-4.5505567,-6.390557,-5.8205566,-7.600557,-8.050556,-2.6805565,0.70944333,1.0594434,2.1594434,1.5994433,1.1694434,0.9694434,-1.8505566,-1.5505567,-0.21055664,-3.1405566,-2.4505568,0.7894434,-3.9805567,-3.4405565,-4.0905566,-5.8005567,-6.2005568,0.70944333,0.5894434,0.45944336
2.3194435,0.03944336,5.7994432,0.45944336,-0.07055664,-7.2605567,-7.2405567,-6.3605566,-4.0105567,-0.04055664,-0.31055665,1.8294433,1.4294434,-0.7705566,-2.7205567,-4.5005565,-3.8505566,-3.5705566,-4.0205564,-4.140557,-5.2105565,-4.350557,-6.2605567,-5.2105565,-4.2005568,0.24944335,0.55944335,4.8894434,0.12944336,2.4994433,-0.06055664,-1.4005567,-1.2405566,-0.43055665,0.15944336,-2.2605567,-2.8705566,-3.9605567,-4.2705564,-5.580557,-6.620557,2.7794433,2.3294435
-0.9605566,-2.5805566,3.7094433,0.8394434,-3.0605567,-6.080557,-7.600557,-8.530557,-8.390556,1.3994434,1.3594433,0.82944334,-0.5905566,-0.35055664,-1.9505566,-2.2805567,-2.5905566,-3.9805567,-4.3605566,-4.6305566,-5.6905565,-5.0605564,-5.2105565,-6.140557,-2.1205566,1.3694434,0.69944334,0.29944336,1.0394434,-0.39055663,-1.3005567,1.0994433,0.13944335,2.5794435,-1.7405566,-2.2305567,-3.9905567,-8.240557,-6.5705566,-5.4805565,-7.1505566,-5.0105567,2.3994434
1.0994433,1.6294434,1.4894433,2.1894433,-1.9505566,-7.2005568,-8.070557,-7.9705567,-3.2205567,-0.76055664,-1.0405567,-0.21055664,0.42944336,-0.04055664,-3.0105567,-4.3105564,-2.9905567,0.06944336,-2.4905567,-3.3905566,-3.4805567,-4.600557,-4.9905567,-1.5905566,-5.2105565,-1.5405567,-0.37055665,1.5994433,2.3994434,1.8694434,-0.43055665,0.66944337,0.7294434,-0.27055663,1.6394434,-0.61055666,-0.5205566,1.1594434,1.7294433,0.41944337,1.3694434,-0.7805566,-3.0605567
1.6194434,5.2394433,4.5194435,4.2394433,-1.8405566,-4.4905567,-5.6305566,-7.2005568,-7.370557,0.32944337,4.2194433,3.0894434,1.2794434,0.66944337,0.56944335,-2.0005567,-3.1905565,-3.6805565,-1.1105566,-3.1005566,-2.9005566,-4.2105565,-4.7005568,-3.8605566,-2.6005566,-3.7805567,-4.0905566,-3.9605567,-3.9505568,-2.2905567,-2.6005566,-2.2505567,-5.4005566,-3.7105567,-0.94055665,3.3494434,-0.37055665,-1.2305566,0.42944336,3.3894434,2.3394434,0.22944336,0.74944335
-0.31055665,-0.82055664,-1.8305566,3.5394433,1.2394433,-1.6005566,-1.5305567,-3.5605567,-6.140557,-5.4805565,4.2994432,3.2294433,3.7994432,1.7494434,0.14944336,-1.7005566,-4.0605564,-5.2505565,-0.92055666,-0.47055665,-2.8105567,-4.2405567,-4.7505565,-4.0405564,-2.9405565,-3.0505567,-3.7905567,-4.100557,-4.1905565,-4.600557,-4.160557,-4.580557,-5.620557,-0.68055665,2.1494434,2.8294435,-0.02055664,-2.6805565,-1.8605566,-0.58055663,3.4394433,5.169443,-1.2605567
-1.4505566,-3.3705566,-2.7805567,0.28944337,1.7694434,1.7594434,1.7094433,-0.20055664,-2.8505566,-3.7705567,0.38944337,1.1094433,5.089443,4.3294435,2.7494433,-0.13055664,-1.7105566,-3.0405567,-3.5605567,-2.2705567,-2.5005567,-3.5105567,-3.1405566,-3.2605567,-3.6105566,-3.4505568,-2.8705566,-2.9805567,-3.3305566,-4.3805566,-5.7305565,-6.2005568,-7.7405567,-6.4405565,-2.5405567,3.8894434,3.5994434,-1.8805566,1.1794434,-1.0305567,-2.4205565,-1.3005567,-2.5505567
-1.5505567,-2.6005566,-4.0705566,-3.7805567,-1.8305566,-0.99055666,3.9394433,1.7794434,1.4294434,2.3594434,1.5694433,0.88944334,0.17944336,3.5794435,4.129443,3.0194433,2.1794434,0.16944335,-1.4905566,-1.9105567,-3.0705566,-3.0005567,-3.5905566,-4.2905564,-3.9005566,-4.080557,-0.88055664,-0.58055663,-2.6505566,-3.2605567,-3.1805565,-3.5805566,-6.9205565,-7.100557,-6.4405565,-4.4205565,-4.8805566,1.1994433,-1.8205566,1.6294434,0.30944335,-1.1005566,-0.7805566
-0.7105566,-1.8605566,-1.2405566,-1.9805566,-4.640557,-5.2305565,-1.6705567,0.44944337,-2.0905566,-0.7105566,-0.19055665,-1.2505566,0.57944334,1.5494434,0.73944336,2.5094433,0.50944334,2.1094434,0.029443359,-1.5805566,-0.80055666,-2.2505567,-1.6905566,-3.2605567,-4.390557,-3.2205567,-2.7205567,1.1194434,0.74944335,-1.4905566,-0.5305566,-1.4005567,-1.9805566,-3.3805566,-3.7705567,-2.7305567,-1.7805567,-3.4405565,-2.8705566,-2.1405566,-0.99055666,1.3494433,-2.3205566
-2.6505566,-2.1005566,-2.1605566,-0.55055666,-2.7505567,-2.1105566,1.6294434,3.1094434,0.63944334,2.0994434,0.03944336,0.089443356,-2.1205566,-4.0105567,1.8194433,0.22944336,-1.3005567,-1.9205567,-1.0205567,0.8394434,-0.9605566,-1.4105567,0.51944333,-1.9205567,-3.3705566,-3.2805567,-2.9105566,-2.7805567,-0.67055666,-1.4905566,-1.4505566,-1.3305566,-0.49055663,-0.58055663,-1.5305567,-1.6805567,0.44944337,-0.67055666,-1.7105566,-1.2005566,0.86944336,2.2194433,2.3094435
-1.1005566,-0.86055666,-1.5805566,-1.0605567,2.3194435,0.03944336,-0.46055663,0.82944334,-0.58055663,0.04944336,-1.8405566,-0.20055664,-1.7705567,1.8994434,-1.0605567,-0.7805566,1.2694434,-2.1605566,-1.1605567,-1.9005567,-3.2905567,-0.88055664,-0.89055663,-0.22055665,-0.7105566,-2.7905567,-2.1005566,-0.9105566,-1.5605567,-0.08055664,-0.06055664,-0.7805566,-0.46055663,-1.7905567,-2.2805567,1.1194434,0.22944336,0.5294434,0.09944336,1.1694434,3.4694433,5.859443,3.8894434
-0.07055664,-3.0905566,0.79944336,1.7194433,2.0194433,-0.13055664,0.009443359,1.3194433,1.8194433,0.03944336,-1.7205566,-1.4205567,0.8394434,1.3294433,-1.4305567,1.7494434,-0.25055665,-0.6605566,-1.0305567,-2.0905566,-3.0005567,-1.3805566,-1.3405566,-0.47055665,-0.50055665,-0.47055665,-0.79055667,-0.27055663,-0.33055663,-1.0405567,-2.9005566,-1.3505566,-3.0805566,-2.5705566,-1.0405567,-0.7105566,2.7994432,5.2994432,2.3794434,1.8394433,3.0494432,1.4694433,0.57944334
0.99944335,-1.9405566,-1.3505566,0.81944335,1.6194434,2.0094433,1.1494434,1.6694434,-0.44055665,-0.70055664,-2.2305567,-1.6405567,0.13944335,-0.50055665,-1.1905566,-1.0305567,0.51944333,0.17944336,0.73944336,-0.56055665,0.15944336,0.50944334,0.089443356,-0.7205566,-0.6005566,-0.7805566,-0.67055666,-0.57055664,-0.68055665,-0.15055664,-0.64055663,-4.620557,-3.5705566,-2.5505567,-1.1305566,-0.80055666,2.2294433,3.2194433,4.919443,5.5094433,3.6394434,2.7494433,1.5494434
1.7094433,1.0794433,1.0394434,1.4294434,0.33944336,1.0894433,2.2094433,0.73944336,0.9794434,0.5394434,1.4194434,0.60944337,0.16944335,-0.27055663,-0.9705566,0.6594434,0.6594434,0.54944336,0.98944336,0.35944337,-0.26055664,0.73944336,0.55944335,0.88944334,0.48944336,-1.2205566,-0.04055664,-0.02055664,0.18944336,1.1694434,-0.54055667,-1.7505566,-2.0405567,-1.5605567,-3.1405566,0.29944336,2.0394433,3.8194435,4.069443,3.3994434,5.0494432,4.7594433,2.9894433
2.1694434,1.5394434,1.3794434,0.99944335,-0.51055664,-0.33055663,-1.7005566,-1.0205567,-0.31055665,0.07944336,0.37944335,1.4394433,1.6394434,-0.12055664,-0.47055665,0.37944335,-0.26055664,0.74944335,1.1494434,1.2294433,-0.13055664,0.26944336,-0.12055664,-0.05055664,0.11944336,-0.15055664,-0.61055666,-0.8505566,-1.2805567,-0.030556642,-0.04055664,-2.0105567,-2.6105566,-2.6105566,-4.080557,0.06944336,1.0094434,3.9594433,4.0994434,4.3094435,4.4694433,3.9894433,3.4194434
2.4294434,3.0694435,1.0194434,2.0094433,3.1794434,1.5594434,-0.79055667,1.9094434,1.6894433,1.1894433,-0.07055664,1.4394433,1.5194434,1.7994434,2.1094434,-0.18055664,0.9094434,1.1494434,1.0694433,2.3194435,1.6394434,0.8394434,0.16944335,0.15944336,-0.37055665,-0.64055663,-0.87055665,-1.0405567,-1.5105567,-1.3505566,-0.35055664,-1.3005567,-3.4405565,-4.9005566,-3.1605566,0.14944336,0.8494434,3.5894434,4.7494435,5.4694433,5.9594436,5.4594436,3.5494432
