wind_kz.json
{"header": {"discipline":0,"disciplineName":"Meteorological products","gribEdition":2,"gribLength":1025,"center":7,"centerName":"US National Weather Service - NCEP(WMC)","subcenter":0,"refTime":"2023-09-28T18:00:00.000Z","significanceOfRT":1,"significanceOfRTName":"Start of forecast","productStatus":0,"productStatusName":"Operational products","productType":1,"productTypeName":"Forecast products","productDefinitionTemplate":0,"productDefinitionTemplateName":"Analysis/forecast at horizontal level/layer at a point in time","parameterCategory":2,"parameterCategoryName":"UnknownDiscipline_0_Category_2","parameterNumber":3,"parameterNumberName":"UnknownParameter_D0_C2_3","parameterUnit":"Unknown","genProcessType":2,"genProcessTypeName":"Forecast","forecastTime":240,"surface1Type":103,"surface1TypeName":"Specified height level above ground","surface1Value":10.0,"surface2Type":255,"surface2TypeName":"Missing","surface2Value":0.0,"gridDefinitionTemplate":0,"gridDefinitionTemplateName":"Latitude_Longitude","numberPoints":615,"shape":6,"shapeName":"Earth spherical with radius of 6,371,229.0 m","gridUnits":"degrees","resolution":48,"winds":"true","scanMode":64,"nx":41,"ny":15,"basicAngle":0,"lo1":47.0,"la1":41.0,"lo2":87.0,"la2":55.0,"dx":1.0,"dy":1.0}, "data":
[rows 0 to 14 of 15, columns 0 to 40 of 41]
-0.7533765,-0.64337647,-1.3533765,-4.9133763,-5.8233767,-6.7133765,-1.7633765,-1.9233764,-2.0733764,-2.2333765,-1.3633765,-1.1833764,-0.22337647,-0.78337646,-1.6533765,-2.9233766,-2.1833766,-2.3633764,-1.4533764,-1.8433765,-2.2933764,-1.6133765,-2.0933764,-1.4833765,-1.7033764,-0.61337644,-1.6833764,1.3166236,1.7666235,4.1866236,0.8166235,0.43662354,-0.47337645,-1.2833765,-1.2133765,-0.013376465,3.3066235,1.0166235,-0.0033764648,-3.5633764,2.4366236
-0.35337648,-0.55337644,-1.8633765,-4.6733766,-6.8633766,-4.0733767,-3.1833766,-1.4833765,-1.2033764,-1.3033764,-1.8833765,-2.0433764,-0.37337646,-1.9033765,-3.3233764,-3.3533764,-2.7633765,-0.7633765,-2.4233766,-1.8833765,-0.033376466,0.18662353,-0.10337646,1.9566236,1.6166235,1.8866235,-1.0733764,2.4766235,-0.20337647,2.3366234,2.9366236,3.4266236,0.91662353,-0.33337647,1.8266236,0.60662353,-0.5733765,-1.7933764,-0.6833765,-0.64337647,0.82662356
0.37662354,-0.26337647,-3.5333765,-6.2233763,-4.9933763,-2.1933765,-3.6233764,-2.2533765,-0.85337645,-1.5933765,-1.2633765,-0.78337646,-1.0933765,-2.4533765,-3.5433764,-4.4433765,-1.5533764,-2.2533765,-3.1433764,-2.8233764,-2.8233764,0.52662355,-0.67337644,0.47662354,-0.46337646,1.0766236,1.3366235,1.4366236,0.7566235,2.2366235,3.7766235,1.1366235,1.3366235,-0.43337646,-1.0433764,1.0366235,1.5666236,-0.52337646,-0.32337648,1.5166235,1.4366236
-1.7033764,-3.4733765,-4.9733763,-5.8233767,-5.7733765,-4.3733764,-4.8433766,-0.72337645,-1.1933764,-3.3333764,-0.53337646,1.5566236,0.8166235,-1.0633764,-2.3033764,-2.8533764,-2.9733765,-0.7433765,-1.8233764,-2.4133766,-2.5433764,-0.6933765,-1.2933764,0.016623534,0.8166235,-0.32337648,0.30662355,-0.22337647,2.9366236,1.8266236,-0.8833765,-1.1133765,-1.5433764,-0.7533765,-0.9533765,-2.4633765,0.006623535,2.3866236,0.5466235,0.83662355,0.42662352
-2.4733765,-3.5033765,-5.2133765,-6.2833767,-6.8433766,-5.7833767,-5.7433763,-3.1033764,-2.7633765,-2.8433764,-1.4333764,2.2666235,2.0266235,0.7966235,-0.47337645,-1.5233765,-1.6833764,0.72662354,0.23662354,-0.8233765,-0.90337646,-1.7733765,-3.0333765,-2.7733765,-0.5733765,-1.8833765,1.1166235,3.3066235,1.8266236,1.5366235,0.086623535,0.46662354,2.5066235,3.4366236,-1.0033765,-0.33337647,-1.9033765,1.0466236,1.0366235,-1.5133765,-2.9933765
-5.3133764,-4.3533764,-7.5533767,-8.093376,-9.133376,-9.533377,-6.4333763,-6.6133766,-6.9033766,-2.6933765,-1.8633765,-0.033376466,0.5066235,2.2966235,1.2766235,-0.08337647,-2.5833764,-0.8833765,-0.79337645,-0.033376466,-1.0533764,-0.22337647,0.22662354,-0.86337644,-1.5833764,2.7566235,1.1366235,1.4466236,2.6766236,3.2466235,2.0966234,0.51662356,2.0766234,2.1366236,2.0866234,0.69662356,2.3766236,0.24662353,-0.7633765,-2.3233764,-1.6133765
-4.9833765,-5.2233763,-6.1633763,-6.6933765,-7.3833766,-7.2133765,-8.623377,-8.533377,-7.9833765,-8.113377,-4.9533763,-1.6833764,-1.1233765,-0.063376464,1.6066235,0.06662354,-0.7533765,-2.4333766,-1.9633765,0.6866235,-0.92337644,-1.7633765,-0.40337646,0.83662355,-0.97337645,2.3366234,2.2066236,1.8266236,2.3866236,3.3066235,2.3766236,0.95662355,1.4766235,3.0366235,0.27662355,-0.84337646,-2.5733764,-0.60337645,1.6166235,1.1166235,-1.6533765
-3.0833764,-3.8833764,-4.3833766,-4.8133764,-4.763376,-5.013376,-6.1233764,-6.2333765,-5.7433763,-6.4233766,-6.3333764,-7.1433764,-1.4833765,-1.3433765,-3.4233766,-0.37337646,-1.6533765,-2.2333765,-3.0833764,0.7466235,-0.72337645,-2.5033765,-2.6133764,-0.12337647,2.2066236,0.60662353,1.5566236,1.3966235,2.5666234,3.3266234,2.7666235,3.5066235,5.4466233,4.2066236,1.6766236,1.4366236,0.7966235,0.71662354,1.2666235,1.4666235,-0.27337646
-3.8033764,-3.5233765,-3.6733766,-3.8133764,-4.4533763,-4.7833767,-4.3933764,-5.8533764,-6.4533763,-7.1833763,-5.9733763,-5.763376,-4.0333767,-4.6733766,-1.1333765,-0.9933765,-0.60337645,-2.5433764,-0.9933765,-3.0333765,0.046623535,-2.0933764,-2.0433764,-1.3833765,-1.5233765,-1.4233764,-0.26337647,1.3066236,1.4266236,1.2966236,1.5566236,3.1466236,3.5466235,5.3166237,3.7966235,4.0266237,-0.5733765,-0.10337646,2.3066235,1.6566235,0.66662353
-3.4033766,-3.0533764,-2.9233766,-3.6433764,-4.2033763,-4.2133765,-5.3233767,-6.6833763,-7.6533766,-8.123377,-8.333377,-6.4533763,-6.6233764,-2.6733766,-3.2033765,-2.5533764,-2.3033764,-2.1633766,-1.8833765,-1.7533765,-1.2133765,-0.66337645,-1.2433765,-2.1033764,-1.9733765,-0.8233765,-1.0533764,-1.3933765,-1.2933764,1.1966236,1.0266235,0.41662353,-1.0733764,2.0766234,3.3366234,4.8866234,1.5366235,1.1366235,0.58662355,2.8466234,2.7666235
-4.2533765,-5.6933765,-4.5433764,-5.0033765,-3.9633765,-3.0133765,-4.7733765,-5.6533766,-5.9433765,-6.2733765,-5.5633764,-4.9933763,-8.313376,-3.7333765,-3.7933764,-3.5533764,-2.7833765,-2.0333765,-2.2333765,-2.3533764,-1.9333764,-1.7333765,-1.4133765,-1.4733765,-1.6633765,-1.3333764,-1.1433765,-2.2533765,-2.7633765,-2.9533765,-3.3733764,-1.9033765,1.6366235,1.2466235,2.8166234,1.6666236,2.1466236,2.8166234,2.7866235,1.3166236,0.22662354
-2.7433765,-1.8933765,-3.5033765,-3.9233766,-4.0933766,-3.9433765,-4.2433763,-3.9633765,-4.6533766,-4.1533766,-5.3533764,-5.7033763,-4.3333764,-3.7133765,-4.7833767,-4.7733765,-3.8533764,-2.4433765,-1.9233764,-1.2033764,-0.96337646,-1.3533765,-1.2333765,-1.2133765,-1.0333765,-1.1433765,-1.3633765,-2.1833766,-2.8233764,-2.9433765,-3.3133764,-5.1033764,-1.6733764,1.0466236,1.9066235,2.4666235,3.1366236,3.0566235,2.6366236,2.6266236,1.3066236
-1.1933764,-2.1233764,-2.0533764,-1.6933764,-2.4133766,-2.1833766,-2.8033764,-2.3433764,-3.4033766,-1.8733765,-2.4933765,-3.6333764,-3.8633764,-4.1433764,-3.4633765,-2.8533764,-3.0833764,-4.013376,-0.89337647,-1.0233765,-1.0233765,-0.21337646,0.84662354,0.95662355,0.71662354,0.26662353,-0.40337646,-1.2333765,-0.96337646,-1.1233765,-1.7833765,-2.1433764,-3.3933764,-2.7633765,-0.35337648,2.3166234,2.8066235,2.0866234,2.9766235,2.4566236,1.2266235
0.31662354,-1.2133765,-2.1733766,-2.3433764,-2.1533766,-1.9533764,-1.9633765,-2.7233765,-2.5833764,-4.7333765,-0.6933765,-2.5133765,-5.1233764,-5.2333765,-4.4433765,-3.3633764,-2.2133765,-1.3733765,-1.2333765,-0.9433765,-0.72337645,-0.48337647,0.26662353,-0.28337646,-0.24337646,0.07662354,0.036623534,-0.6233765,-0.023376465,0.34662354,0.33662355,-0.6833765,-0.49337646,-0.9933765,-2.2833765,-1.8933765,0.85662353,2.2166235,2.5266235,2.6066236,2.9666235
0.34662354,-1.1633765,-3.9433765,-0.41337645,-2.2533765,-1.7233765,-1.4233764,-1.9633765,-2.5033765,-2.7133765,-1.9733765,-4.3433766,-4.2233763,-3.8933764,-6.6233764,-4.6333766,-2.9333766,-2.4033766,-1.0533764,-0.80337644,-0.47337645,-0.22337647,0.76662356,0.6866235,0.52662355,0.77662355,0.95662355,0.7366235,0.7366235,-0.11337647,-0.013376465,-0.5033765,0.06662354,0.13662353,0.85662353,-0.23337646,0.19662353,2.6766236,3.0966234,3.6266236,1.6166235
