wind_kz.json
{"header": {"discipline":0,"disciplineName":"Meteorological products","gribEdition":2,"gribLength":1025,"center":7,"centerName":"US National Weather Service - NCEP(WMC)","subcenter":0,"refTime":"2023-08-18T12:00:00.000Z","significanceOfRT":1,"significanceOfRTName":"Start of forecast","productStatus":0,"productStatusName":"Operational products","productType":1,"productTypeName":"Forecast products","productDefinitionTemplate":0,"productDefinitionTemplateName":"Analysis/forecast at horizontal level/layer at a point in time","parameterCategory":2,"parameterCategoryName":"UnknownDiscipline_0_Category_2","parameterNumber":3,"parameterNumberName":"UnknownParameter_D0_C2_3","parameterUnit":"Unknown","genProcessType":2,"genProcessTypeName":"Forecast","forecastTime":60,"surface1Type":103,"surface1TypeName":"Specified height level above ground","surface1Value":10.0,"surface2Type":255,"surface2TypeName":"Missing","surface2Value":0.0,"gridDefinitionTemplate":0,"gridDefinitionTemplateName":"Latitude_Longitude","numberPoints":615,"shape":6,"shapeName":"Earth spherical with radius of 6,371,229.0 m","gridUnits":"degrees","resolution":48,"winds":"true","scanMode":64,"nx":41,"ny":15,"basicAngle":0,"lo1":47.0,"la1":41.0,"lo2":87.0,"la2":55.0,"dx":1.0,"dy":1.0}, "data":
[rows 0 to 14 of 15, columns 0 to 40 of 41]
-0.45094725,-3.0609472,2.2390528,-0.7109473,-1.8309473,-1.7309473,0.18905273,1.3090527,0.87905276,-0.6909473,0.12905273,0.009052735,1.4990528,2.8090527,-1.4709473,-2.3809474,-6.8109474,-3.3909473,-0.49094728,-0.10094727,1.1190528,0.50905275,1.8690528,-1.2909473,-0.75094724,-1.2509472,-1.0709473,1.0490527,0.8690527,3.1390526,0.25905272,-0.030947266,-0.09094726,-1.2609472,-0.50094724,-1.7409472,0.11905274,1.9590527,1.0690527,-0.37094727,1.3790528
3.2490528,1.8390527,1.6690527,-3.8609474,-3.2709472,-1.1409472,-0.53094727,1.4490527,-0.8209473,-1.2009473,-1.7809472,-2.5509472,1.2490528,3.9090528,-0.47094727,-5.8909473,-6.5809474,1.3890527,0.009052735,-0.25094727,-1.9009472,-1.9009472,2.7790527,1.6290528,0.26905274,-0.36094725,-2.0809472,1.1290528,0.23905273,1.4090527,3.7490528,4.389053,0.15905273,-1.1909473,-1.9909472,-0.5209473,-0.61094725,-2.2709472,-0.37094727,-0.97094727,0.9090527
2.5690527,3.0790527,-0.8409473,-3.3709474,-3.7809472,-4.2009473,-3.3509474,-2.0909472,-3.8809474,-4.7409472,-1.1109473,-1.6509472,-3.2309473,6.159053,7.1090527,-3.5709472,-9.550947,-5.050947,-1.2609472,-1.0509473,-2.8509474,-2.5709472,-2.7909472,-1.1809473,0.25905272,0.68905276,-0.92094725,1.0190527,0.039052736,0.5990527,3.0390527,1.2290528,2.2390528,-1.2309473,-0.26094726,2.0190527,2.5490527,-0.13094726,-0.110947266,-0.55094725,0.20905274
0.63905275,1.4390527,-0.6509473,-3.2409472,-3.9509473,-3.8109472,-3.5509472,-3.8909473,-3.6809473,-2.9509473,-3.1509473,-0.5209473,-0.73094726,5.829053,6.6690526,-0.24094726,-6.2009473,-3.8509474,-3.4909472,-1.8409473,-1.8009473,-1.9509473,1.8090527,0.25905272,-0.09094726,-1.0909473,-2.0609472,-1.8609473,0.18905273,-1.9209473,-2.4509473,-2.6809473,0.7290527,0.39905274,-0.44094726,-2.6709473,-0.35094726,3.2290528,1.9990528,1.2590528,0.9190527
2.1590528,0.22905274,-2.6109474,-3.4909472,-2.2309473,-1.6009473,-2.2309473,-0.10094727,-2.7209473,-5.170947,-2.8409472,0.25905272,0.6190527,2.3690526,6.409053,5.829053,2.1390526,-3.2209473,-3.6309474,-2.0809472,-0.72094727,1.4290527,-0.18094726,-0.80094725,-0.85094726,-1.0609473,-1.6409472,-0.9009473,-0.6509473,-1.6809473,-2.1309474,-0.32094726,1.8790528,3.0490527,-1.0509473,-2.0809472,-1.5809473,-0.040947266,-0.21094726,2.3190527,1.4490527
0.74905276,-1.1009473,-3.0109472,-3.7009473,-5.070947,-2.8409472,-2.6609473,-1.4409473,-0.61094725,-2.2509472,-1.9809473,-0.62094724,-1.6609473,2.9790528,5.309053,6.7790527,4.9590526,-0.080947265,-2.4409473,-2.1309474,-0.080947265,0.50905275,2.3890526,1.9290527,1.2290528,-0.6509473,-0.8809473,-3.0509472,-2.2109473,-2.7209473,-3.7209473,-0.68094724,0.76905274,2.6090527,3.1290526,-1.3109473,2.4090528,-0.17094727,-2.9209473,-1.9809473,-1.5409473
-1.3709472,-1.4909472,-0.6309473,-1.9909472,-2.4209473,-1.2409472,-1.3809472,-2.3609474,-2.1609473,0.059052736,0.16905273,0.099052735,-1.9509473,-2.8909473,-3.2209473,3.1890528,0.94905275,0.7290527,1.2490528,-0.19094726,-1.0309472,1.2590528,-0.45094725,2.1690528,1.6490527,0.36905274,-0.6909473,-1.9609473,-2.6209474,-1.6009473,-2.1809473,-2.4309473,-1.3709472,-1.8709472,-1.6409472,-1.3509473,-3.4509473,-2.1809473,-0.62094724,-1.1209472,-1.2409472
-1.9509473,-1.3809472,-1.3109473,-3.2709472,-0.21094726,-0.09094726,-0.87094724,1.0190527,0.7990527,0.9190527,0.16905273,-0.020947266,-2.9509473,-3.4509473,-2.8609474,-3.5509472,3.5490527,0.11905274,1.5390527,1.9490527,-0.67094725,-1.6209472,1.1590527,1.8190527,3.2690527,1.6390527,1.6790527,-1.5509473,-1.1209472,-2.5809472,-3.0409472,-1.6209472,2.0790527,0.16905273,1.1790527,0.8590527,0.30905274,1.0290527,0.9290527,0.19905274,-1.4909472
-2.2909472,-1.3309473,-2.4609473,-2.3109472,-2.8409472,-1.8909472,1.6690527,-0.31094727,-0.8209473,1.7090527,0.7390527,-1.1609473,-1.5109472,-3.3709474,-2.9709473,-3.4009473,-2.9409473,0.31905273,-0.49094728,2.7290528,1.8090527,0.019052735,-0.31094727,0.059052736,2.4890528,1.6090528,0.9790527,0.8090527,0.6790527,-0.45094725,-1.6709473,-2.2409472,-1.3709472,1.0290527,1.3990527,0.64905274,-2.2809472,-0.35094726,-0.45094725,-0.43094727,-0.7609473
-1.0909473,-1.4609473,-1.7009473,-0.8409473,-0.5209473,-1.6709473,-2.4809473,-2.7309473,-2.4509473,-1.9809473,-1.7009473,-2.4809473,-3.2309473,-2.1509473,-3.0109472,-2.6009474,1.8190527,-2.3309472,-1.6009473,2.3890526,2.9790528,3.3390527,-0.030947266,1.4690528,2.3190527,1.1490527,-0.7109473,0.13905273,-0.37094727,-0.7109473,-0.61094725,-1.1009473,-2.5109472,-3.1209474,1.0890527,1.1690527,0.44905272,-2.0809472,-0.6909473,1.2690527,1.8290527
-0.80094725,1.4090527,0.5590527,0.20905274,-1.2109473,0.08905274,0.82905275,-0.13094726,-1.6409472,-1.9609473,-0.41094726,-0.6509473,-2.7709472,-1.0409473,0.14905274,3.3190527,1.3190527,0.56905276,0.6590527,0.38905275,1.1190528,2.1290526,2.2090528,1.6290528,0.89905274,-1.4909472,0.36905274,-0.45094725,-0.8909473,-0.62094724,-0.66094726,-2.4109473,-3.0609472,-3.0809472,-3.3009472,1.2690527,1.0990528,1.9590527,1.5890527,1.6790527,0.11905274
-1.1809473,-0.32094726,0.28905272,-0.10094727,1.2690527,1.7490528,0.8590527,0.71905273,-0.78094727,-0.56094724,-0.44094726,-1.3809472,-2.6909473,-2.2309473,-2.0109472,-1.5309472,-0.47094727,-1.3109473,-1.2909473,-0.33094728,1.7690527,1.6590527,1.1690527,0.68905276,1.2790527,0.019052735,-9.4726565E-4,-1.1009473,-0.030947266,-0.27094728,-1.3809472,-2.5709472,-2.3109472,-2.1009474,-1.8509473,-2.3209472,-1.0709473,1.1990527,2.0490527,2.2590528,1.1790527
-0.46094728,-0.28094727,-0.75094724,-0.44094726,-1.5409473,0.27905273,0.25905272,0.63905275,0.06905273,-0.040947266,-0.080947265,-0.09094726,-0.22094727,-1.6709473,-2.2409472,-1.7209473,-1.4909472,-0.91094726,-1.2209473,-1.0909473,0.35905275,0.70905274,1.0890527,0.94905275,1.3190527,0.63905275,0.29905275,-0.9509473,-1.4109473,-2.0309472,-2.4209473,-2.2409472,-1.7209473,-1.7009473,-1.7109473,-1.8809472,-2.0709472,-1.4109473,-2.2209473,-0.72094727,0.6090527
-1.5109472,-2.2709472,-0.6409473,-0.62094724,-1.4709473,0.75905275,0.63905275,1.2690527,0.31905273,0.07905273,1.1190528,0.12905273,0.42905274,1.2590528,0.48905274,-0.23094727,-0.8309473,1.2090527,1.6290528,1.2490528,0.5990527,0.059052736,0.35905275,0.52905273,1.5590527,1.8690528,0.7990527,0.46905273,-0.47094727,-2.1109474,-1.6809473,-2.0509472,-2.1809473,-2.4809473,-2.2909472,-2.5209472,-1.9109473,-2.0109472,-1.3309473,-0.60094726,-0.27094728
-0.17094727,-0.41094726,-2.3809474,-1.8509473,-2.1809473,-1.0209472,-1.1709473,0.41905272,-0.19094726,-0.85094726,-0.73094726,0.77905273,1.0190527,0.21905273,1.8390527,1.6590527,0.70905274,1.8390527,1.6190528,1.6790527,1.1790527,0.51905274,0.099052735,-0.37094727,-0.43094727,-0.66094726,1.1590527,-0.47094727,1.0090528,-0.92094725,-2.6009474,-2.3709474,-2.3009472,-2.7409472,-3.0109472,-2.8409472,-2.0409472,-1.2209473,-1.8809472,-1.1409472,0.36905274
