wind.json
{"header": {"discipline":0,"disciplineName":"Meteorological products","gribEdition":2,"gribLength":1211,"center":7,"centerName":"US National Weather Service - NCEP(WMC)","subcenter":0,"refTime":"2023-06-27T06:00:00.000Z","significanceOfRT":1,"significanceOfRTName":"Start of forecast","productStatus":0,"productStatusName":"Operational products","productType":1,"productTypeName":"Forecast products","productDefinitionTemplate":0,"productDefinitionTemplateName":"Analysis/forecast at horizontal level/layer at a point in time","parameterCategory":2,"parameterCategoryName":"UnknownDiscipline_0_Category_2","parameterNumber":2,"parameterNumberName":"UnknownParameter_D0_C2_2","parameterUnit":"Unknown","genProcessType":2,"genProcessTypeName":"Forecast","forecastTime":180,"surface1Type":103,"surface1TypeName":"Specified height level above ground","surface1Value":10.0,"surface2Type":255,"surface2TypeName":"Missing","surface2Value":0.0,"gridDefinitionTemplate":0,"gridDefinitionTemplateName":"Latitude_Longitude","numberPoints":688,"shape":6,"shapeName":"Earth spherical with radius of 6,371,229.0 m","gridUnits":"degrees","resolution":48,"winds":"true","scanMode":64,"nx":43,"ny":16,"basicAngle":0,"lo1":45.0,"la1":40.0,"lo2":87.0,"la2":55.0,"dx":1.0,"dy":1.0}, "data":
[rows 0 to 15 of 16, columns 0 to 42 of 43]
-4.1216307,-0.19163086,0.92836916,-3.861631,-2.4216309,-2.561631,-2.7916307,0.79836917,1.3383691,-3.7816308,-4.3516307,-3.5216308,-2.881631,-1.2916309,-0.67163086,2.378369,1.1783692,-0.92163086,1.5383692,0.06836914,-2.551631,-1.2516309,-3.561631,-0.14163086,0.05836914,1.4583691,0.12836914,-0.6516309,-0.57163084,2.4783692,3.3383691,3.108369,5.1283693,5.348369,3.2083693,1.5683692,-1.4616308,-6.221631,-4.8316307,1.3083692,-0.40163085,-4.321631,-12.621631
1.8783691,0.32836914,-4.8316307,-1.4916309,2.2183692,-4.151631,-1.2216308,-1.0716308,2.648369,-5.381631,-4.431631,-2.601631,-1.5216309,0.58836913,-5.731631,-2.9816308,-1.7016308,-0.16163085,2.368369,0.14836913,-0.87163085,-0.27163085,-1.1016308,-2.131631,-1.2016308,-0.8416309,3.138369,-3.131631,-3.111631,1.9083692,1.4883691,2.138369,2.7283692,1.3983692,1.9683691,-0.06163086,-4.9116306,-4.031631,-1.8116308,-1.4916309,-5.151631,-6.071631,-2.7716308
-0.9716309,-2.0116308,1.4783691,2.0783691,0.04836914,-3.551631,-0.46163085,0.7783691,-2.601631,-3.111631,-2.361631,-2.7416308,-0.68163085,-4.1416306,-2.9116309,-1.0616308,0.16836914,1.8683691,5.498369,-2.9516308,-1.3616309,0.56836915,3.4883692,-2.641631,-1.6816308,-2.9516308,-0.17163086,-0.47163087,-0.51163083,1.6483692,-2.7216308,-2.621631,0.88836914,1.3783691,0.21836914,-1.9316308,1.1483692,0.13836914,-0.69163084,3.678369,1.3183692,-1.0916308,-2.2016308
-0.04163086,-0.28163087,0.56836915,-1.6616309,-1.9916309,-3.621631,-0.5216309,0.28836915,-1.5116309,-1.7816309,-2.9816308,-0.20163086,-3.9316308,-3.0016308,-0.42163086,0.27836913,2.5483692,3.5383692,1.9783691,-2.1516309,-0.7216309,1.0383692,0.68836915,1.1283691,1.7683692,0.5283691,0.64836913,1.5783691,2.448369,2.0883691,-1.9416308,-0.5316309,0.10836914,2.608369,1.0283692,-0.48163086,0.5383691,-0.92163086,-0.5216309,-0.7216309,2.2783692,-0.68163085,1.6083691
-5.931631,-5.461631,-3.831631,-5.671631,-4.941631,-3.6516309,-1.8616309,2.2383692,-1.2116308,-3.581631,-0.9616309,-0.85163087,-2.2716308,-1.4316308,2.9783692,2.648369,2.2183692,2.7083693,-0.21163087,-2.2516308,1.6083691,1.1283691,1.1183691,0.51836914,1.4783691,-1.5716308,-0.24163085,0.56836915,-0.92163086,-1.9916309,3.7983692,-1.2316308,-1.4516308,-2.561631,1.6583692,-4.571631,-3.101631,-0.94163084,-0.23163086,1.7683692,0.01836914,7.808369,8.338369
-4.701631,-5.191631,-3.9616308,-5.3916306,-5.281631,-3.9916308,-2.5216308,-2.4016309,-1.3316308,-0.05163086,-3.0316308,0.12836914,0.07836914,2.3183692,4.6083694,4.498369,4.238369,4.328369,2.7483692,-1.5016309,0.36836913,0.76836914,0.5983691,-1.5416309,0.15836914,-0.29163086,-3.7916307,-2.861631,-1.5316309,0.14836913,-0.021630859,-1.2316308,-3.391631,-3.5416307,-1.8516308,1.4883691,2.9583693,3.7483692,2.7283692,9.118369,10.998369,8.518369,0.19836915
-3.571631,-3.4816308,-2.2316308,-2.641631,-1.2616309,1.3983692,-0.29163086,-1.3816309,0.75836915,3.7883692,-0.70163083,-0.49163085,-1.2716309,1.4083692,-0.16163085,6.298369,4.618369,4.8783693,-2.2516308,-2.7516308,-1.8216308,1.0483692,-2.4616308,-0.41163087,-0.69163084,-3.321631,-3.5216308,1.1083691,2.168369,0.58836913,-1.1116309,-0.68163085,-1.4816308,1.1583692,0.92836916,-0.47163087,0.5283691,-0.17163086,1.9383692,2.678369,9.778369,0.00836914,-6.3116307
-2.311631,-0.87163085,-0.24163085,-0.27163085,1.5483692,1.9283692,3.5583692,3.7883692,4.578369,1.6283691,-0.021630859,0.14836913,-1.6716309,1.2183691,1.4483691,1.2883692,-0.98163086,-1.4016309,-3.5216308,-2.331631,0.41836914,0.7883691,-4.271631,-5.341631,-4.3116307,-3.4316308,-2.7016308,-3.1816308,-3.4116309,-3.311631,-4.471631,-3.611631,-6.611631,-7.1016307,-3.2716308,-0.74163085,0.16836914,-1.0816308,-0.48163086,2.908369,0.5983691,1.0583692,2.898369
-0.43163085,-2.7916307,1.0883691,-0.50163084,2.888369,-1.9216309,-4.771631,-3.4016309,-4.2916307,-3.9316308,-2.5316308,-1.6516309,-0.85163087,3.668369,-0.67163086,0.14836913,-1.0816308,-3.7216308,-2.801631,-2.861631,-0.86163086,-3.641631,-6.221631,-5.901631,-4.671631,-3.841631,-4.771631,-5.031631,-4.251631,-4.151631,-2.4716308,-1.8116308,-3.071631,-3.2216308,-0.47163087,0.50836915,-0.07163086,6.448369,4.4583693,5.748369,3.0883691,5.2083693,1.3183692
-3.0116308,-2.7616308,-2.1516309,3.118369,-1.6016308,-1.8916309,-3.081631,-3.5416307,-2.9216309,-2.321631,-2.381631,-1.2016308,0.6583691,0.67836916,1.0983691,0.8583691,-0.21163087,-4.011631,-3.0116308,-2.9716308,-3.7516308,-5.191631,-5.191631,-4.231631,-4.221631,-4.551631,-3.5416307,-3.621631,-3.2516308,-2.1716309,-1.3216308,-1.5416309,-4.451631,-1.2116308,0.25836915,-0.42163086,1.8383691,1.7783692,1.8683691,-0.79163086,-0.06163086,0.82836914,-0.05163086
-1.9216309,-2.861631,-0.8916309,1.8583691,-1.6916308,-0.7116309,-2.5416307,-3.071631,-2.311631,-2.571631,-2.361631,-1.6716309,-0.14163086,-1.1416309,-0.7816309,1.1483692,-2.361631,-3.7216308,-3.581631,-3.301631,-3.4316308,-4.131631,-4.691631,-3.9216309,-2.9016309,-2.871631,-2.9416308,-3.821631,-2.871631,-2.9016309,-2.631631,-1.9716308,-2.571631,-0.6416309,-0.29163086,0.87836915,1.7683692,3.5083692,-1.4016309,1.0183692,-1.8816309,-0.07163086,0.29836914
0.17836913,-1.3916309,-0.63163084,-1.8116308,2.678369,-1.4816308,-0.20163086,1.0483692,-2.7816308,-2.2916307,1.0183692,-2.4316308,-1.3216308,1.2483691,-0.25163087,0.99836916,1.6183691,-3.851631,-3.851631,-3.2816308,-3.301631,-4.3316307,-4.631631,-2.561631,-3.601631,-4.201631,-3.861631,-4.001631,-4.131631,-1.8216308,-1.3216308,-1.9016309,-0.94163084,-2.7016308,-1.9616308,-2.081631,-1.5216309,-0.60163087,-1.3416308,-0.79163086,-0.79163086,1.0083691,-1.3216308
-0.05163086,1.7683692,1.2383691,2.678369,2.198369,1.3783691,-2.371631,2.948369,-1.4316308,0.42836913,-1.4316308,-1.0316309,-0.91163087,1.8383691,-2.1716309,0.69836915,1.7483691,-3.9716308,-3.7516308,-3.4616308,-3.4116309,-3.1716309,-3.7416308,-3.2716308,-3.7516308,-3.621631,-3.4816308,-4.011631,-3.2816308,-0.8416309,-3.7816308,-1.9116309,-2.1816308,-1.2816309,-1.2916309,-1.0516309,-0.57163084,-1.1216309,-0.57163084,0.47836915,0.44836915,0.19836915,-0.31163085
0.76836914,0.7883691,1.5183692,2.168369,2.918369,2.3483691,0.08836914,-1.3416308,-1.1916308,3.2883692,0.87836915,-0.66163087,-0.60163087,1.0483692,0.64836913,-3.121631,4.238369,-3.0016308,-2.6716309,-2.611631,-3.5316308,-3.0216308,-3.091631,-2.891631,-2.071631,-3.051631,-2.891631,-2.5316308,-0.46163085,-0.7816309,-2.361631,-2.5116308,-1.8716309,-0.9716309,-0.91163087,-1.5416309,0.36836913,-3.4716308,-1.7716309,-1.4816308,-2.351631,-3.321631,-1.6116309
1.5783691,1.5183692,2.4883692,1.5683692,1.9883691,2.7983692,1.3783691,1.0083691,1.5383692,2.0583692,1.7183691,0.28836915,-0.6416309,0.80836916,0.18836914,0.56836915,-1.5216309,0.10836914,-3.2416308,-2.381631,-3.821631,-3.331631,-3.351631,-3.4616308,-3.2816308,-3.2416308,-2.811631,-2.841631,-2.2016308,-0.92163086,-0.98163086,-1.4016309,-1.4716308,-1.5216309,-1.0416309,-0.87163085,-1.7716309,-2.301631,2.888369,-1.7016308,-4.6216307,-3.1616309,-2.6716309
1.7483691,2.2583692,1.6883692,2.3383691,2.5583692,2.648369,2.7083693,1.7183691,3.128369,2.698369,3.128369,1.6183691,-0.32163087,-0.011630859,0.14836913,1.2783692,0.46836913,2.388369,-1.6016308,-2.851631,-3.0216308,-2.9216309,-2.5416307,-2.341631,-2.6816308,-3.0016308,-2.831631,-2.631631,-1.4116309,-1.2116308,-0.86163086,-0.69163084,-0.85163087,-1.9316308,-1.5516309,-1.2916309,-2.1516309,-2.611631,-2.821631,-2.2616308,-2.4116309,-2.381631,-2.4216309
