wind_kz.json
{"header": {"discipline":0,"disciplineName":"Meteorological products","gribEdition":2,"gribLength":948,"center":7,"centerName":"US National Weather Service - NCEP(WMC)","subcenter":0,"refTime":"2023-09-10T12:00:00.000Z","significanceOfRT":1,"significanceOfRTName":"Start of forecast","productStatus":0,"productStatusName":"Operational products","productType":1,"productTypeName":"Forecast products","productDefinitionTemplate":0,"productDefinitionTemplateName":"Analysis/forecast at horizontal level/layer at a point in time","parameterCategory":0,"parameterCategoryName":"UnknownDiscipline_0_Category_0","parameterNumber":0,"parameterNumberName":"UnknownParameter_D0_C0_0","parameterUnit":"Unknown","genProcessType":2,"genProcessTypeName":"Forecast","forecastTime":240,"surface1Type":1,"surface1TypeName":"Ground or water surface","surface1Value":0.0,"surface2Type":255,"surface2TypeName":"Missing","surface2Value":0.0,"gridDefinitionTemplate":0,"gridDefinitionTemplateName":"Latitude_Longitude","numberPoints":615,"shape":6,"shapeName":"Earth spherical with radius of 6,371,229.0 m","gridUnits":"degrees","resolution":48,"winds":"true","scanMode":64,"nx":41,"ny":15,"basicAngle":0,"lo1":47.0,"la1":41.0,"lo2":87.0,"la2":55.0,"dx":1.0,"dy":1.0}, "data":
[rows 0 to 14 of 15, columns 0 to 40 of 41]
303.30786,290.50787,295.80786,296.80786,296.80786,296.00787,305.70786,310.80786,308.50787,308.30786,305.90787,304.40787,303.20786,305.30786,304.80786,304.90787,305.30786,304.00787,305.10785,304.80786,306.40787,303.30786,304.20786,299.10785,301.30786,303.90787,299.30786,285.50787,282.90787,282.00787,280.80786,283.20786,290.10785,296.00787,295.70786,295.80786,295.50787,294.70786,295.30786,293.10785,293.80786
277.00787,290.50787,296.20786,296.40787,296.20786,294.50787,307.40787,304.90787,303.50787,302.60785,302.70786,302.20786,304.20786,301.30786,303.30786,304.40787,304.70786,304.70786,303.40787,303.70786,304.30786,303.40787,301.30786,292.30786,284.20786,283.90787,291.40787,285.50787,285.70786,276.20786,281.90787,265.90787,281.10785,254.70786,271.20786,294.00787,291.50787,294.10785,295.80786,285.80786,284.60785
295.20786,295.70786,296.50787,296.10785,294.10785,295.50787,294.90787,295.20786,295.20786,298.40787,297.70786,300.40787,302.30786,300.60785,302.20786,303.10785,302.90787,302.50787,302.80786,303.40787,303.40787,302.70786,302.60785,295.00787,298.60785,297.20786,298.80786,298.70786,296.80786,284.80786,273.50787,274.80786,283.30786,283.40787,283.60785,281.90787,272.00787,275.50787,276.60785,270.80786,269.90787
293.30786,295.00787,296.00787,295.00787,293.00787,290.40787,290.40787,290.50787,295.20786,298.50787,300.60785,297.80786,292.60785,292.00787,303.00787,302.80786,302.00787,302.20786,302.60785,302.60785,301.40787,296.60785,300.50787,300.10785,300.20786,300.10785,300.80786,297.30786,295.70786,296.40787,297.20786,293.20786,297.90787,293.90787,292.90787,286.70786,272.80786,260.60785,278.30786,289.70786,291.60785
290.10785,292.90787,294.00787,292.60785,291.70786,293.10785,295.90787,300.20786,297.40787,297.40787,297.10785,297.30786,291.50787,290.70786,290.30786,302.50787,302.60785,301.00787,301.10785,301.20786,301.50787,301.60785,300.40787,300.00787,299.70786,299.00787,296.00787,295.40787,297.00787,296.50787,298.60785,295.80786,281.70786,271.00787,284.20786,291.90787,294.60785,296.50787,297.00787,295.70786,295.90787
291.40787,291.10785,292.00787,291.50787,292.10785,291.20786,300.20786,302.10785,298.30786,297.90787,297.70786,298.50787,292.80786,291.90787,296.40787,300.00787,302.10785,301.50787,301.30786,301.30786,300.30786,299.80786,299.90787,299.50787,298.80786,296.80786,296.60785,289.70786,297.80786,298.60785,296.50787,296.40787,295.00787,292.90787,289.20786,291.80786,283.10785,285.50787,293.00787,294.70786,294.20786
300.00787,300.60785,302.50787,301.80786,299.40787,302.60785,302.70786,300.80786,301.40787,301.10785,298.50787,299.80786,299.70786,299.70786,299.60785,299.20786,299.80786,301.40787,301.20786,300.10785,298.80786,298.70786,299.20786,299.00787,296.70786,296.10785,296.50787,297.00787,297.30786,297.40787,296.70786,296.20786,295.20786,295.20786,293.40787,290.80786,285.10785,280.10785,278.40787,277.00787,286.90787
303.10785,303.10785,303.40787,302.40787,303.40787,303.30786,303.90787,302.00787,299.90787,300.10785,299.70786,298.20786,297.20786,297.60785,299.20786,299.60785,298.90787,297.40787,295.90787,294.60785,293.60785,297.00787,293.20786,294.30786,292.10785,289.90787,290.30786,291.20786,289.60785,292.60785,291.00787,291.90787,289.10785,287.20786,287.10785,288.30786,290.80786,288.50787,290.10785,290.10785,285.80786
301.90787,301.70786,302.30786,300.30786,301.10785,301.40787,301.90787,301.70786,300.10785,299.40787,296.70786,294.80786,295.70786,297.40787,296.50787,297.20786,296.60785,297.00787,296.00787,295.70786,291.60785,292.90787,293.30786,293.00787,290.70786,290.30786,288.30786,287.90787,286.40787,285.60785,285.90787,285.90787,286.70786,286.60785,285.80786,283.50787,285.20786,283.50787,275.30786,273.90787,271.20786
301.10785,300.30786,300.90787,300.20786,301.70786,301.30786,298.10785,300.50787,298.00787,299.40787,297.60785,296.10785,297.30786,296.80786,294.60785,295.50787,295.70786,294.40787,293.80786,294.30786,293.00787,291.00787,291.70786,291.50787,290.80786,289.00787,288.30786,287.60785,286.00787,285.00787,285.10785,286.80786,288.20786,287.30786,287.10785,285.70786,281.90787,279.60785,277.10785,276.90787,273.80786
301.10785,299.90787,300.80786,299.50787,299.20786,298.80786,299.00787,298.00787,298.40787,298.20786,295.80786,295.90787,296.60785,295.40787,295.00787,294.20786,293.90787,293.50787,292.80786,292.20786,293.20786,292.50787,291.30786,290.70786,288.50787,288.50787,286.00787,287.90787,287.80786,288.50787,289.00787,288.70786,287.90787,287.20786,286.40787,285.10785,279.00787,276.60785,278.10785,277.60785,276.30786
300.40787,302.80786,300.80786,300.70786,296.60785,296.80786,296.90787,296.10785,296.00787,295.10785,292.70786,292.40787,292.80786,291.20786,291.10785,292.30786,291.90787,291.30786,291.40787,290.70786,288.80786,288.40787,287.70786,288.20786,287.40787,288.30786,288.00787,288.80786,288.90787,289.00787,287.70786,287.60785,286.80786,284.80786,284.90787,285.10785,284.70786,282.30786,281.10785,280.80786,280.20786
292.40787,296.20786,298.30786,297.80786,293.60785,292.40787,294.30786,295.80786,295.60785,292.50787,289.50787,288.20786,290.70786,288.90787,289.80786,289.70786,289.40787,289.10785,289.50787,288.10785,287.80786,286.80786,286.60785,285.90787,286.30786,287.60785,288.90787,288.20786,287.80786,286.70786,287.20786,286.40787,285.40787,286.30786,286.00787,284.70786,282.80786,283.70786,283.00787,280.50787,279.70786
297.60785,298.30786,292.30786,297.50787,295.90787,293.60785,292.80786,292.10785,292.80786,292.00787,288.60785,286.40787,287.70786,288.30786,288.90787,288.80786,288.60785,287.90787,288.40787,288.30786,288.40787,288.00787,287.70786,287.80786,288.00787,288.20786,287.90787,287.20786,286.00787,286.10785,285.10785,284.90787,283.30786,282.60785,282.90787,281.20786,282.10785,281.80786,280.70786,279.20786,281.20786
295.50787,297.60785,288.20786,296.80786,296.10785,292.90787,291.70786,291.40787,293.80786,293.20786,290.90787,288.30786,286.70786,287.60785,287.40787,288.60785,288.40787,287.90787,289.40787,288.80786,289.20786,288.50787,288.50787,287.70786,288.20786,287.50787,287.80786,286.70786,286.30786,285.80786,284.60785,284.00787,283.40787,283.60785,283.80786,282.40787,282.60785,280.60785,281.80786,281.70786,281.10785
