wind_kz.json
{"header": {"discipline":0,"disciplineName":"Meteorological products","gribEdition":2,"gribLength":1025,"center":7,"centerName":"US National Weather Service - NCEP(WMC)","subcenter":0,"refTime":"2023-08-10T18:00:00.000Z","significanceOfRT":1,"significanceOfRTName":"Start of forecast","productStatus":0,"productStatusName":"Operational products","productType":1,"productTypeName":"Forecast products","productDefinitionTemplate":0,"productDefinitionTemplateName":"Analysis/forecast at horizontal level/layer at a point in time","parameterCategory":2,"parameterCategoryName":"UnknownDiscipline_0_Category_2","parameterNumber":3,"parameterNumberName":"UnknownParameter_D0_C2_3","parameterUnit":"Unknown","genProcessType":2,"genProcessTypeName":"Forecast","forecastTime":240,"surface1Type":103,"surface1TypeName":"Specified height level above ground","surface1Value":10.0,"surface2Type":255,"surface2TypeName":"Missing","surface2Value":0.0,"gridDefinitionTemplate":0,"gridDefinitionTemplateName":"Latitude_Longitude","numberPoints":615,"shape":6,"shapeName":"Earth spherical with radius of 6,371,229.0 m","gridUnits":"degrees","resolution":48,"winds":"true","scanMode":64,"nx":41,"ny":15,"basicAngle":0,"lo1":47.0,"la1":41.0,"lo2":87.0,"la2":55.0,"dx":1.0,"dy":1.0}, "data":
[rows 0 to 14 of 15, columns 0 to 40 of 41]
3.0941405,-2.3958595,0.67414063,-5.1758595,-4.745859,-3.9258595,-2.6758595,-1.0958594,-2.3358593,-2.5158594,-2.7258594,-2.2358594,4.774141,4.004141,2.3441405,2.3941407,-1.0158594,-2.0758593,-5.2658596,-5.455859,-6.915859,-3.8658593,-2.9758594,-0.82585937,-2.4458594,0.104140624,-0.8558594,1.8241407,1.9841406,-0.6358594,-0.5058594,-1.1358594,1.0341406,0.18414062,-1.3858594,0.32414064,-2.0258594,-0.5558594,-1.9558594,-3.1758595,0.33414063
4.2341404,0.8641406,-2.3858595,-5.3258595,-4.6958594,-4.2858596,-5.4058595,-3.7058594,-4.0058594,-1.8358594,-2.4258595,-4.9858594,-4.7858596,-3.8558593,0.034140624,5.274141,1.6941407,-2.1258593,-5.8158593,-6.3258595,-6.3758593,-4.6958594,-2.0558593,2.0541406,-0.6158594,-1.8258594,-4.7558594,-1.1658593,-0.6358594,-0.95585936,0.8641406,1.8141407,-1.2558594,-2.9858594,-1.7958593,-1.7358594,-1.7958593,-4.225859,-3.4058595,-3.5158594,-0.70585936
1.5841407,1.0841407,-2.6358595,-4.9858594,-6.745859,-4.915859,-5.3258595,-2.2158594,-1.3758594,0.5041406,-0.18585938,-2.2758594,-3.9958594,-4.5958595,-5.0258594,-1.3058593,0.72414064,-1.5558593,-4.2558594,-6.3158593,-3.2358594,-3.2058594,-3.3558593,-3.8458593,-3.4658594,0.34414062,0.054140624,0.67414063,-0.6958594,0.90414065,2.4741406,0.67414063,1.7141407,-1.7858593,-0.34585938,3.0441406,1.9541407,-0.39585936,0.5141406,0.32414064,-1.9658594
2.9841406,3.0441406,-0.8558594,-4.0258594,-5.8958592,-7.1258593,-6.4058595,-6.1358595,-4.0458593,1.3741406,-1.3758594,-2.7158594,-4.3758593,-4.1058593,-1.4658594,-2.5158594,-2.2658594,-2.3158593,-3.7758594,-5.0558596,-2.9158595,-1.6058594,3.2341406,-0.76585937,-3.2558594,-4.4658594,-3.6658595,-4.1458592,-1.0258594,-1.1358594,-2.4558594,-3.5858593,-2.8558593,3.2941406,-0.34585938,-3.1058593,-1.9958594,1.0741407,2.1741407,1.6141406,1.4541407
4.0341406,3.4041407,1.0341406,-2.3258593,-4.4658594,-4.3858595,-5.2158594,-6.0158596,-2.4958594,-3.4558594,1.2941406,-0.77585936,-3.7058594,-4.0458593,-2.8958595,-0.22585937,-2.1558595,-3.8158593,-1.6858593,-4.5558596,-2.4058595,-3.0558593,0.92414063,1.3741406,0.32414064,-1.7158594,-3.3158593,-3.5958593,-2.6058593,-2.2158594,-2.4058595,-1.1058594,1.1041406,1.9141406,-0.7558594,-2.6958594,-4.2558594,-0.38585937,-0.44585937,-3.2858593,-1.7458594
6.0341406,3.7841406,1.7441406,0.6941406,-2.1958594,-2.3458593,-3.4758594,-3.9858594,-3.1858594,-0.41585937,2.0341406,0.8041406,-1.3758594,-3.6058593,-3.3858595,-2.9058595,-3.6658595,-3.9258595,-2.6258593,-6.1058593,-5.1758595,-2.1458595,-0.045859374,1.7241406,0.97414064,1.3141407,0.71414065,-1.6958594,-3.2058594,-4.5358596,-3.9858594,-4.245859,-4.975859,-1.4458594,2.5341406,0.11414062,3.1341407,0.8841406,-2.6158593,0.26414064,-1.1458594
0.34414062,3.5741405,3.4941406,0.66414064,1.5041406,0.18414062,-2.1558595,1.1941407,-0.42585936,-0.83585936,-0.46585938,1.9141406,-1.2358594,-1.5958594,-3.1358595,-3.0558593,-2.7758594,-1.6558594,2.5841405,-0.6958594,-3.7558594,-4.9658594,-0.78585935,0.17414063,-0.18585938,1.7141407,2.3741407,0.5141406,-1.8258594,-2.9358594,-4.415859,-5.0758595,-5.7558594,-6.9658594,-1.2658594,-2.8358593,-4.3958592,-1.9858594,-1.5758594,-0.95585936,-5.0258594
-0.71585935,0.8341406,-1.2158594,-3.1158593,-0.10585938,1.0241406,-0.6958594,-1.5958594,-1.3458594,-1.1258594,-0.64585936,-1.6058594,-3.4258595,-3.1758595,-4.935859,-4.8858595,-3.4258595,3.8241405,-2.9658594,-0.7258594,-2.6158593,-3.0258594,-4.4058595,-1.1458594,1.5141406,0.6941406,0.31414062,-0.38585937,-1.1758593,-2.1458595,-3.0658593,-3.9858594,-3.8058593,-7.245859,-2.0358593,-0.28585938,-0.8858594,0.28414062,1.4741406,1.9341407,-1.6858593
-0.25585938,-1.4058594,2.5541406,1.5641407,0.8841406,-0.64585936,-2.0758593,-2.6958594,-0.115859374,0.14414063,-0.84585935,-1.3758594,-2.6258593,-3.1458595,-3.0158594,-3.1558595,-2.8358593,-2.2458594,-1.8858594,-1.5958594,-1.6758593,-3.2158594,-3.0758593,-1.9358593,-0.7558594,-0.42585936,-0.28585938,0.35414064,0.014140625,-0.46585938,-2.4458594,-3.5058594,-2.7158594,-4.9458594,-3.6458595,-2.9058595,-3.4558594,-1.4458594,-2.4458594,-2.3058593,-2.7658594
-4.0058594,0.014140625,-1.8258594,1.5041406,2.6041405,0.14414063,-1.5358593,0.16414063,-0.005859375,0.8141406,1.3241407,1.2041407,0.73414063,-0.3658594,-1.7158594,-2.3658593,-2.7758594,-3.0158594,-2.1758595,-1.6658593,-1.7358594,-1.8058593,-3.2258594,-3.3458593,0.66414064,0.46414062,0.19414063,1.1741406,0.6841406,0.31414062,-1.0558593,-1.3458594,-0.9458594,-3.6358595,-4.8358593,-1.6558594,0.43414062,-4.2558594,-2.5458593,-0.3658594,-0.9758594
-2.9258595,-1.1258594,0.27414063,-0.015859375,0.5541406,1.9041406,1.7441406,-0.29585937,2.4041407,0.7541406,0.7541406,0.59414065,0.064140625,-0.6758594,-1.6458594,-3.3658593,-3.1158593,-3.4158595,-2.8758593,-0.3058594,0.9341406,0.34414062,-2.0358593,-0.3658594,-1.0358593,1.3641406,1.3341407,2.0641406,2.7341406,2.7341406,1.0741407,-0.5658594,1.0041406,-1.0358593,-2.8458593,-3.5658593,-2.0558593,1.1541406,-0.23585938,-0.8558594,-0.8858594
-1.4958594,-3.1958594,1.5841407,2.0341406,3.0941405,2.2041407,0.84414065,1.0341406,-1.0058594,-0.14585938,-0.17585938,-0.6658594,-0.9458594,-2.7758594,-3.9558594,-3.8758593,-2.8858595,-3.1858594,-3.6458595,-1.4058594,-1.1858593,0.32414064,-1.8658594,-2.9958594,-2.5258594,2.6141405,2.2041407,2.1641407,2.8741407,3.3241405,2.2541406,1.9841406,2.2641406,2.6341407,0.97414064,-0.25585938,0.91414064,2.2041407,2.2141407,2.1641407,1.4341407
-1.7158594,-1.6558594,-3.1758595,-1.1158594,2.9441407,1.1841407,-1.3558594,-0.3658594,3.7841406,2.4741406,1.1241406,-2.1658595,0.85414064,1.3341407,1.2441406,-4.0458593,-4.0258594,-3.9058595,-4.5658593,-5.5958595,-2.5558593,0.024140624,-0.44585937,-1.5358593,-2.4858594,-3.4458594,-3.0358593,-3.4158595,0.37414062,3.0241406,1.1141406,0.6141406,2.5441406,3.2041407,3.7741406,3.3141406,2.7141407,1.3541406,1.6941407,0.85414064,0.17414063
-0.6658594,-3.2858593,-2.1658595,-3.7058594,-2.6958594,-2.1158593,-1.3758594,-2.9958594,-1.1658593,-1.5458593,0.85414064,-0.31585938,-2.6458595,-1.3458594,-3.0758593,-2.2858593,-2.1158593,-2.1158593,-3.2458594,-2.2658594,-2.8958595,-2.4058595,-2.4958594,-3.4458594,-4.6458592,-2.9358594,-3.8958595,-3.2458594,-3.0258594,-2.8258593,-3.0958593,-2.8758593,-2.6158593,-1.6358594,1.3441406,3.5341406,2.8341405,2.3341405,1.5741407,1.8741406,1.2841406
0.6841406,-1.2558594,-4.3158593,-2.2958593,-3.0758593,-3.3058593,-3.1558595,-3.2158594,-3.4758594,-3.1158593,-1.5358593,-0.8558594,0.5041406,-0.96585935,-1.1758593,-2.5558593,-3.3658593,-3.4258595,-4.0658593,-4.3258595,-4.8258595,-4.5658593,-2.9658594,-2.0658593,-3.5858593,-4.7558594,-3.8158593,-4.3158593,-3.7758594,-3.5358593,-2.6658595,-2.6658595,-3.1658595,-3.1358595,-2.7258594,-2.5458593,3.6041405,4.004141,2.3141406,2.2941406,0.8241406
