wind_kz.json
{"header": {"discipline":0,"disciplineName":"Meteorological products","gribEdition":2,"gribLength":1025,"center":7,"centerName":"US National Weather Service - NCEP(WMC)","subcenter":0,"refTime":"2023-08-28T06:00:00.000Z","significanceOfRT":1,"significanceOfRTName":"Start of forecast","productStatus":0,"productStatusName":"Operational products","productType":1,"productTypeName":"Forecast products","productDefinitionTemplate":0,"productDefinitionTemplateName":"Analysis/forecast at horizontal level/layer at a point in time","parameterCategory":2,"parameterCategoryName":"UnknownDiscipline_0_Category_2","parameterNumber":3,"parameterNumberName":"UnknownParameter_D0_C2_3","parameterUnit":"Unknown","genProcessType":2,"genProcessTypeName":"Forecast","forecastTime":60,"surface1Type":103,"surface1TypeName":"Specified height level above ground","surface1Value":10.0,"surface2Type":255,"surface2TypeName":"Missing","surface2Value":0.0,"gridDefinitionTemplate":0,"gridDefinitionTemplateName":"Latitude_Longitude","numberPoints":615,"shape":6,"shapeName":"Earth spherical with radius of 6,371,229.0 m","gridUnits":"degrees","resolution":48,"winds":"true","scanMode":64,"nx":41,"ny":15,"basicAngle":0,"lo1":47.0,"la1":41.0,"lo2":87.0,"la2":55.0,"dx":1.0,"dy":1.0}, "data":
[rows 0 to 14 of 15, columns 0 to 40 of 41]
0.97948486,-0.22051513,1.7794849,6.079485,1.7994848,-4.790515,-5.4305153,-1.2605151,-1.8205152,-1.3305151,-1.9905151,-1.1705152,-2.0405152,-3.2305152,-3.4705153,-3.140515,-4.360515,-3.400515,-3.620515,-1.7505151,-2.660515,1.7494849,-0.19051513,2.3994849,-0.42051515,1.5694848,0.7094849,2.2794847,1.8194848,4.3594847,1.5994849,-0.83051515,0.80948484,0.6394849,-0.51051515,2.889485,-0.010515137,-0.84051514,0.97948486,-0.09051514,-2.2605152
1.9994849,2.109485,4.749485,3.4094849,1.2394849,-3.180515,-4.650515,-2.5805151,-2.2805152,-0.16051513,-0.9805151,-1.6505151,-1.8205152,-1.3505151,-2.0205152,-4.060515,-6.010515,-5.820515,-6.030515,-3.450515,-2.8005152,-3.650515,3.4394848,4.519485,4.6094847,2.849485,-1.1005151,3.099485,-0.7405151,0.66948485,3.639485,5.1294847,1.0194849,-0.69051516,-0.45051515,-0.9805151,-0.69051516,-2.3205152,-0.70051515,-1.7905152,0.84948486
2.6494849,5.199485,3.3994849,2.4894848,0.20948486,-2.0505152,-1.2305151,-0.060515136,-0.52051514,-1.5705152,-2.360515,-2.2605152,-1.9505152,-1.1105151,2.109485,0.8394849,-0.89051515,-2.150515,-3.4805152,-3.3305151,-3.180515,-1.3705151,1.2394849,2.4694848,2.879485,-2.3005152,-2.7305152,2.299485,-0.8605151,-0.46051514,2.859485,-0.6805151,-0.09051514,-1.8505151,-0.21051514,3.7694848,4.2794847,-0.51051515,0.41948485,1.2394849,0.67948484
0.39948487,2.7494848,1.0094849,-0.63051516,-2.120515,-4.4305153,-4.250515,-3.860515,-3.7605152,-2.2405152,-1.1605152,-1.4105152,-4.1405153,-5.490515,-3.1005151,-2.450515,1.2994848,1.0294849,-2.3005152,-2.440515,-1.7905152,0.029484862,-3.650515,-0.020515136,-2.450515,-0.15051514,-0.8505151,-2.630515,-1.6305151,-2.3005152,-7.110515,-6.170515,0.17948486,1.1094849,1.6094849,-3.620515,-1.1805152,2.589485,1.6994848,0.97948486,1.1894848
2.9194849,4.869485,4.019485,4.019485,2.6794848,0.48948488,0.17948486,0.24948487,-0.89051515,-1.4505152,-0.29051512,1.8294848,1.5994849,-1.6805152,-1.9305152,0.6294849,-0.040515136,-0.78051513,1.6794848,0.24948487,0.029484862,-1.5705152,-1.4605151,-2.190515,-2.7505152,-1.3405151,-1.9905151,0.19948487,0.33948487,-0.9105151,-2.440515,-4.020515,2.099485,3.6894848,-1.1005151,-1.4405152,0.97948486,-0.76051515,-1.8605151,-3.0005152,-3.460515
4.8594847,3.299485,5.6494846,4.0294847,2.589485,1.5094849,0.32948485,0.90948486,0.77948487,0.21948487,0.26948488,0.7594849,2.4094849,-1.2105151,-2.8005152,1.2794849,0.8894849,2.119485,0.8294849,1.2594849,0.54948485,-0.94051516,0.59948486,-0.35051513,-1.1905152,-1.6305151,-0.82051516,5.329485,0.99948484,-0.17051513,-1.6305151,-8.660515,-2.2305152,1.0094849,2.869485,2.6994848,4.079485,3.7694848,1.1394849,-1.4005151,-2.940515
-0.90051514,0.22948486,0.26948488,1.2394849,-2.0505152,-1.9005151,-1.8805151,-1.3005152,-1.3805151,-0.70051515,-1.0505152,1.4094849,1.2894849,-1.2605151,0.5794849,-0.30051515,1.6494849,0.019484863,2.099485,3.0294847,2.2294848,1.9894849,0.93948483,0.49948487,1.1394849,-0.060515136,-0.82051516,5.759485,3.9294848,3.879485,-3.5405152,-7.610515,0.06948486,1.4594848,-0.50051516,-1.9705151,-3.8305151,-1.0005151,0.46948487,-0.81051517,2.2694848
-3.2705152,-3.7205153,-3.120515,-3.0905151,-2.5805151,-2.5505152,-2.200515,-1.8105152,-1.1005151,-1.4505152,-2.7205153,-1.6705152,0.30948487,-1.4105152,-3.0605152,0.6994849,0.66948485,1.4194849,2.4894848,3.6794848,3.559485,3.599485,2.059485,1.4094849,0.08948486,0.85948485,1.8994849,-3.430515,4.3594847,3.4294848,-2.4805152,-3.2505152,0.93948483,1.4894849,1.1294849,1.2894849,0.37948486,-1.6205151,-0.36051515,-0.50051516,-2.2805152
-3.370515,-3.700515,-3.160515,-2.950515,-2.870515,-2.3505151,-2.140515,-1.6205151,-2.640515,-0.9805151,-0.9105151,-1.9505152,-4.210515,-2.910515,-2.3005152,0.19948487,0.80948484,1.5594848,4.8594847,4.969485,2.349485,4.959485,2.619485,1.7894849,1.7594849,-0.18051514,2.0094848,3.4594848,1.9094849,9.009485,1.8194848,-0.6105151,3.2594848,3.109485,3.089485,2.299485,-3.0705152,1.3094848,1.1294849,1.2394849,0.06948486
-2.8105152,-2.4905152,-2.650515,-2.8205152,-3.110515,-2.940515,-2.110515,-2.3305151,0.33948487,-0.7305151,-1.7105151,-2.8505151,-3.890515,-5.010515,-1.3705151,-1.6005151,0.33948487,2.349485,4.8194847,4.449485,4.789485,3.8994849,4.389485,2.2794847,-1.4105152,1.1894848,2.289485,5.369485,1.3494849,1.0794848,2.0194848,0.77948487,3.2294848,4.679485,3.039485,1.5494848,0.36948487,-3.210515,0.19948487,4.099485,2.9194849
-2.940515,-3.390515,-3.4705153,-3.0705152,-3.2605152,-4.8505154,-3.3305151,-2.2805152,-2.710515,-2.5405152,-1.3905151,-3.710515,-5.770515,-3.920515,-3.5405152,-0.30051515,2.2494848,3.839485,3.9694848,5.949485,5.2994847,3.9094849,4.2794847,0.29948485,-0.58051515,1.1894848,3.309485,8.029485,1.6594849,0.6494849,2.609485,-1.0005151,2.819485,4.669485,3.7794847,1.4194849,0.8294849,2.7494848,1.5494848,1.4894849,0.43948486
-2.380515,-3.200515,-1.8905151,-3.420515,-3.940515,-4.540515,-3.0705152,-3.0205152,-3.8305151,-4.060515,-5.880515,-5.480515,-6.110515,-3.7705152,-3.2505152,-0.22051513,3.599485,-0.020515136,3.629485,4.0294847,4.639485,2.539485,1.5394849,0.5094849,-0.8705151,0.25948486,2.339485,2.129485,-1.3205152,1.0494848,2.5194848,4.459485,1.9094849,1.9094849,1.3894849,-0.37051514,1.1794848,3.0194848,2.6594849,2.069485,0.5194849
-2.360515,-1.9305152,-2.160515,-2.710515,-3.3305151,-3.160515,-3.7605152,-4.1805153,-6.1005154,-6.810515,-3.7905152,-4.1405153,-5.760515,-5.8905153,-4.040515,0.079484865,5.709485,0.53948486,2.7494848,2.9994848,3.4994848,3.069485,3.079485,2.819485,-1.1805152,-2.3305151,-1.8505151,-3.410515,-1.6105151,2.289485,4.729485,3.9394848,3.1994848,3.099485,2.289485,1.9494848,1.1294849,0.45948488,0.46948487,-0.18051514,0.30948487
-2.370515,-3.640515,-4.170515,-3.2605152,-4.8905153,-5.020515,-5.4305153,-5.6405153,-7.820515,-6.4105153,-3.3005152,-2.660515,-5.560515,-6.570515,-2.5405152,-0.76051515,1.3494849,2.0194848,2.6494849,3.1494849,2.049485,2.9694848,2.9094849,0.6994849,-1.3005152,-2.3405151,-2.140515,-0.75051516,-2.180515,4.989485,6.619485,5.509485,4.0294847,2.839485,1.3494849,0.6394849,0.67948484,0.16948487,-0.060515136,0.06948486,0.30948487
-1.9405152,-2.910515,-4.610515,-3.5705152,-4.750515,-4.310515,-6.080515,-4.7005153,-6.300515,-6.6405153,-3.7205153,-4.2205153,-0.97051513,-1.2905152,-3.5305152,-2.130515,1.9394848,2.9494848,3.299485,3.1994848,2.6594849,1.2294849,2.099485,1.5194849,-0.15051514,-1.0705152,-2.210515,2.339485,-6.300515,3.2494848,3.6894848,3.319485,2.6994848,1.9994849,0.5094849,0.32948485,-0.26051512,0.19948487,-0.75051516,-1.6105151,-0.13051514
