wind_kz.json
{"header": {"discipline":0,"disciplineName":"Meteorological products","gribEdition":2,"gribLength":1102,"center":7,"centerName":"US National Weather Service - NCEP(WMC)","subcenter":0,"refTime":"2023-08-26T00:00:00.000Z","significanceOfRT":1,"significanceOfRTName":"Start of forecast","productStatus":0,"productStatusName":"Operational products","productType":1,"productTypeName":"Forecast products","productDefinitionTemplate":0,"productDefinitionTemplateName":"Analysis/forecast at horizontal level/layer at a point in time","parameterCategory":2,"parameterCategoryName":"UnknownDiscipline_0_Category_2","parameterNumber":3,"parameterNumberName":"UnknownParameter_D0_C2_3","parameterUnit":"Unknown","genProcessType":2,"genProcessTypeName":"Forecast","forecastTime":60,"surface1Type":103,"surface1TypeName":"Specified height level above ground","surface1Value":10.0,"surface2Type":255,"surface2TypeName":"Missing","surface2Value":0.0,"gridDefinitionTemplate":0,"gridDefinitionTemplateName":"Latitude_Longitude","numberPoints":615,"shape":6,"shapeName":"Earth spherical with radius of 6,371,229.0 m","gridUnits":"degrees","resolution":48,"winds":"true","scanMode":64,"nx":41,"ny":15,"basicAngle":0,"lo1":47.0,"la1":41.0,"lo2":87.0,"la2":55.0,"dx":1.0,"dy":1.0}, "data":
[rows 0 to 14 of 15, columns 0 to 40 of 41]
1.9727197,1.9127197,-2.9972804,8.95272,5.92272,2.0927198,-1.7472802,-3.2172804,0.5427197,2.5527198,3.0027196,2.8127198,2.3127198,1.8627198,1.2327198,-1.0172802,-2.3272803,-1.8472803,-1.7072803,-2.5772803,-4.1172805,-2.4172802,-4.0672803,0.40271974,1.7127197,0.48271972,-0.0072802734,1.6427197,-1.6872803,-2.2572803,-3.1672802,-1.5272803,-0.90728027,-7.95728,-4.68728,-0.21728027,-0.65728027,2.0927198,3.6627197,2.2427197,-2.5772803
-1.4972802,-2.8172803,6.7227197,9.692719,6.9727197,2.5827198,0.0027197266,0.8027197,-1.5372803,0.32271972,4.23272,2.5427198,3.4027197,2.8827198,0.49271974,1.0527197,0.43271974,-0.96728027,0.15271972,-0.34728026,-1.4772803,-2.4572802,-1.8372803,2.4427197,2.1327198,2.1627197,1.6527197,2.9327197,0.062719725,1.5227197,-1.4772803,-1.1572803,-0.20728028,2.1127198,1.4927198,-4.1772804,0.052719727,1.4927198,0.6927197,0.6027197,0.9127197
-3.2372804,2.2527196,8.692719,8.28272,6.4127197,4.4727197,2.0327196,-0.08728027,-1.5972803,1.0527197,3.6027198,2.6427197,3.5727198,2.6827197,0.7427197,-1.5472803,1.2727197,-0.017280273,-0.97728026,-0.3872803,-0.06728027,0.42271972,1.3527198,1.5227197,-2.0072803,0.19271973,2.4027197,-1.4772803,3.4627197,-0.53728026,2.0627198,-2.3472803,-5.7772803,0.9327197,-1.3072803,-0.60728025,-1.8572803,-7.3172803,-3.1772802,4.0927196,-1.3772802
-0.12728028,1.2627198,5.54272,5.8827195,4.5927196,1.9127197,1.8427197,1.1727197,0.7427197,0.102719724,0.88271976,3.0027196,1.9427197,-1.7872803,2.1827197,0.45271972,0.9427197,-1.0572803,-0.24728027,0.052719727,1.6727197,2.5027196,0.6827197,2.2327197,0.15271972,0.96271974,-0.5672803,2.7427197,-1.3972802,1.3727198,-4.7972803,-5.0872803,2.8127198,2.6027198,-0.36728027,1.2527198,1.0227197,1.3427197,-1.7172803,-2.7272804,-2.9872804
5.2627196,4.1827197,3.7327197,4.1627197,0.8527197,1.0627197,0.96271974,1.2427198,-0.78728026,1.4227197,1.1827197,1.9827198,8.022719,7.4127197,5.4927197,1.9327197,0.78271973,1.1327198,0.7527197,2.9427197,1.7427198,0.32271972,-0.8372803,-0.117280275,-1.1472802,-0.06728027,-0.08728027,3.0327196,4.2027197,2.6927197,-0.34728026,-3.2472804,0.77271974,-1.5972803,-0.6372803,-2.0772803,-9.31728,-7.72728,-5.74728,-2.5972803,-2.9872804
-0.49728027,0.6127197,10.37272,7.7627196,6.0927196,3.6827197,2.1427197,-0.39728028,2.0227196,3.1127198,-2.2172804,-2.2372804,8.892719,10.53272,8.522719,5.94272,4.48272,3.9927197,2.5027196,1.7127197,2.7127197,3.0927198,1.3527198,1.4527197,1.0527197,0.35271972,1.0027198,2.8127198,0.59271973,2.6427197,6.4727197,3.1127198,-4.8572803,0.28271973,0.44271973,1.1427197,-1.2772803,-6.8872805,-5.89728,-1.5172802,-7.53728
-4.07728,-2.2772803,-3.6172802,-4.53728,-0.47728026,1.9627197,1.8027197,3.3127198,3.0227196,6.3427196,6.8827195,6.6327195,4.50272,5.96272,11.58272,9.482719,5.6527195,6.0527196,4.25272,2.9927197,2.5827198,5.06272,2.4727197,0.8627197,0.9227197,0.49271974,-2.5272803,1.7527198,0.6227197,6.48272,3.5827198,0.46271974,-0.6972803,2.0327196,-0.5172803,-1.2372802,2.3927197,-0.53728026,-2.7372804,-2.6872802,-12.75728
-6.8372803,-6.95728,-7.32728,-5.55728,-3.6872802,-1.1072803,-0.32728028,-0.46728027,2.0027196,1.2327198,1.9427197,8.562719,6.33272,6.7427197,4.7427197,6.9127197,9.732719,8.03272,5.98272,4.9527197,3.9027197,3.1627197,5.2227197,5.5927196,2.9627197,2.2227197,0.28271973,-1.0372803,-2.5372803,3.7127197,5.79272,6.75272,4.4127197,5.83272,4.0727196,0.82271975,0.43271974,-3.4972804,-2.4872804,0.6027197,-0.59728026
-8.44728,-7.5972805,-7.93728,-6.7772803,-6.26728,-5.8672805,-7.24728,-8.65728,-5.5972805,-3.7972803,-2.5972803,-1.2672802,5.3627195,3.6927197,5.4727197,7.56272,2.8127198,8.732719,6.3827195,4.96272,4.50272,2.2327197,2.5927198,3.9627197,4.6427197,3.2527196,4.8027196,1.6127198,0.9227197,-3.0172803,5.7227197,5.0127196,4.6127195,4.79272,3.6627197,2.4427197,-0.9472803,-1.8772802,-2.1272802,-1.5072802,1.8427197
-7.4472804,-10.477281,-10.31728,-8.437281,-7.39728,-8.07728,-6.5872803,-5.9072804,-7.72728,-6.9472804,-3.4572802,0.6827197,-1.1572803,1.6527197,1.2827197,6.1527195,9.03272,9.80272,6.1627197,6.8227196,7.06272,4.4927197,2.2827196,1.8227197,2.8727198,4.69272,4.71272,2.3927197,1.0527197,1.7227197,-1.4472803,-3.7472804,6.00272,2.9627197,3.4127197,2.3027198,0.15271972,-0.6872803,2.5327196,1.0627197,1.6527197
-6.5872803,-7.99728,-5.74728,-8.57728,-7.66728,-8.187281,-6.12728,-5.3572803,-4.68728,-4.43728,-3.2772803,-2.9372802,2.6427197,3.9527197,5.23272,4.79272,5.81272,2.7727196,-0.057280272,5.4927197,9.12272,4.9027195,4.21272,4.4027195,4.2227197,5.1327195,3.7227197,2.6427197,-0.49728027,-0.0072802734,-1.7472802,0.052719727,-0.8772803,1.7527198,6.10272,5.1627197,1.7827197,1.2827197,-2.3072803,-3.1172802,-1.8972802
-6.9072804,-7.2772803,-10.04728,-9.06728,-6.8672805,-7.22728,-5.0272803,-5.0672803,-4.72728,-4.95728,-3.2172804,-2.6872802,-3.5272803,-2.7872803,4.81272,5.33272,5.98272,5.0127196,5.5927196,5.73272,4.2227197,5.81272,5.2027197,7.56272,4.42272,3.3227198,5.00272,3.0027196,0.6227197,2.1827197,1.8827198,1.9427197,-0.34728026,0.9327197,5.27272,5.5727196,3.8127198,0.22271973,-0.06728027,-1.1472802,-1.1572803
-7.6072803,-8.11728,-8.42728,-7.78728,-7.5672803,-5.89728,-7.28728,-6.18728,-5.0972805,-3.7872803,-2.0472803,-2.5472803,0.7927197,-0.9372803,0.032719728,5.6327195,5.9127197,5.69272,6.94272,5.37272,6.7027197,5.4327197,3.8627198,3.6127198,2.8527198,3.3527198,2.6627197,-0.42728028,3.0027196,1.7527198,1.8127197,4.3927197,0.32271972,6.94272,5.7027197,4.8427196,4.19272,1.9227197,0.48271972,-0.9472803,-0.6472803
-7.4472804,-7.4872804,-8.54728,-6.4472804,-6.22728,-5.1772804,-6.0672803,-4.64728,-4.24728,-3.7272804,-0.8872803,0.9827197,1.7627198,2.4127197,1.0927197,5.25272,5.0727196,6.08272,2.4927197,2.8227198,5.1527195,3.0127196,3.1927197,2.3627198,1.5227197,0.8527197,2.5127196,2.1627197,3.0727198,4.04272,1.7327198,6.8627195,3.1527197,5.4327197,5.7027197,5.8427196,3.3627198,1.3327197,0.38271973,0.13271973,0.3627197
-5.1572804,-8.8472805,-9.77728,-7.22728,-7.0472803,-5.14728,-3.2872803,-1.8972802,-2.8972802,-2.9072802,-0.71728027,-1.7372802,-1.9172803,-1.8972802,-3.2572803,0.8127197,4.3427196,3.7427197,3.5127196,2.9827197,2.6627197,2.1727197,0.77271974,0.18271972,1.2827197,1.6727197,3.5527198,6.3627195,6.3927197,5.4927197,5.1427197,6.37272,4.96272,3.3927197,4.29272,6.5527196,5.00272,4.4027195,2.4127197,2.7627196,1.5027198
