wind.json
{"header": {"discipline":0,"disciplineName":"Meteorological products","gribEdition":2,"gribLength":1125,"center":7,"centerName":"US National Weather Service - NCEP(WMC)","subcenter":0,"refTime":"2023-06-26T18:00:00.000Z","significanceOfRT":1,"significanceOfRTName":"Start of forecast","productStatus":0,"productStatusName":"Operational products","productType":1,"productTypeName":"Forecast products","productDefinitionTemplate":0,"productDefinitionTemplateName":"Analysis/forecast at horizontal level/layer at a point in time","parameterCategory":2,"parameterCategoryName":"UnknownDiscipline_0_Category_2","parameterNumber":2,"parameterNumberName":"UnknownParameter_D0_C2_2","parameterUnit":"Unknown","genProcessType":2,"genProcessTypeName":"Forecast","forecastTime":300,"surface1Type":103,"surface1TypeName":"Specified height level above ground","surface1Value":10.0,"surface2Type":255,"surface2TypeName":"Missing","surface2Value":0.0,"gridDefinitionTemplate":0,"gridDefinitionTemplateName":"Latitude_Longitude","numberPoints":688,"shape":6,"shapeName":"Earth spherical with radius of 6,371,229.0 m","gridUnits":"degrees","resolution":48,"winds":"true","scanMode":64,"nx":43,"ny":16,"basicAngle":0,"lo1":45.0,"la1":40.0,"lo2":87.0,"la2":55.0,"dx":1.0,"dy":1.0}, "data":
[rows 0 to 15 of 16, columns 0 to 42 of 43]
-2.0389795,-3.1689794,-2.0789795,-1.2089795,-3.1489794,-0.5689795,-0.6589795,3.5110204,0.17102051,-0.9889795,-3.4789796,-2.2689795,-1.4889795,-1.9789795,-1.4489795,-2.0689795,-2.4289794,-1.3489795,-1.1589795,-0.10897949,1.4110205,-0.2589795,-2.3689795,-2.4589796,-0.8089795,0.6110205,0.41102052,0.5410205,0.4510205,1.3110205,0.2210205,0.44102052,2.6910205,2.6610205,2.9010205,1.9510205,1.9010205,1.1310205,2.3310206,2.9410205,1.9410205,0.9310205,-3.6689794
0.3910205,0.8710205,-1.8889794,1.8110205,-1.0889795,1.5010206,1.1610205,3.6910205,-9.13898,-7.4489794,-9.948979,-2.6989794,-1.3389795,-2.8689795,-1.5989795,-1.8989795,-1.6389794,-1.1689795,-0.49897948,0.4010205,-0.3889795,0.7210205,3.0310204,3.1410205,2.4910204,3.2210205,-0.97897947,2.3010206,3.8510206,3.2410204,2.1610205,2.8310206,4.5810204,0.18102051,0.5010205,0.8010205,2.6010206,3.3810205,2.2110205,1.2810205,0.8110205,-2.3189795,-3.1589794
-2.7489796,0.4310205,-1.0989795,-1.7389795,-2.1389794,-0.6389795,-0.3789795,-0.8489795,-5.9589796,-7.2289796,-3.6389794,4.5010204,1.5510205,-2.9789796,-2.8789794,-2.3289795,-1.8489795,-0.2289795,0.28102052,-1.4989794,-1.6889795,-2.1089795,-0.068979494,0.64102054,2.9010205,5.0110207,1.3910205,-0.12897949,0.9310205,2.1510205,3.3610206,1.8610206,1.4010205,2.7110205,-1.2389795,1.1010205,-0.7689795,0.8410205,-0.2989795,-1.4789795,-0.018979492,-1.3689795,0.4610205
-0.6789795,-0.6889795,-2.1689794,-2.4489794,-0.72897947,0.3010205,2.2510204,-0.2689795,-5.0689793,-5.5989795,5.0410204,5.0010204,-0.2289795,-2.3889794,-2.9089794,-2.6989794,-1.0989795,-0.3589795,-1.7189795,-0.33897948,-1.4689795,-0.4489795,-1.2389795,-4.5589795,-3.4289794,1.8010205,1.9110205,6.2810206,0.8210205,0.9410205,3.0110204,-0.4389795,0.7110205,0.47102052,3.8910205,1.7310205,0.10102051,1.9110205,0.89102054,0.20102051,0.6510205,3.3010206,1.3610206
-3.4489794,-3.1689794,-3.4289794,-1.0689795,0.5710205,0.3610205,3.2110205,0.47102052,-1.7589794,2.3510206,4.6810207,-1.0789795,-2.1189795,-3.2889795,-1.0189795,-1.7589794,1.4110205,-3.8089795,-5.6089797,-4.9189796,-3.2089796,-2.7189796,-1.3789794,-4.0589795,0.051020507,0.3210205,1.5310205,0.04102051,-0.5689795,1.1010205,-0.18897949,-1.4989794,-0.3889795,2.1910205,1.5210205,3.5810206,2.6010206,4.0410204,2.0110204,1.3510205,-0.7989795,-1.0089794,-1.0689795
-3.6289794,-2.5289795,-3.3589795,-2.8789794,-0.4889795,0.7510205,4.8610206,4.5710206,2.9910204,2.5910206,1.8910205,0.5110205,-0.098979495,-3.4989796,-1.1589795,-2.0389795,-2.4489794,-4.7589793,-5.3489795,-4.0389795,-3.2989795,-3.1189795,-1.8089795,-2.7989795,-2.6489794,-2.5889795,-3.5089796,-3.2189796,-4.4489794,-1.9789795,-2.6389794,-2.5089796,-2.6289794,-2.5189795,0.1610205,1.3110205,-3.6689794,-1.3489795,-0.5289795,-3.1489794,0.4810205,0.41102052,1.0710205
-1.8289795,-3.7889795,-2.4489794,-0.4289795,-1.1289794,0.7610205,1.8710206,2.2410204,4.9910207,4.0210204,2.7510204,2.3210206,-0.6189795,-0.9289795,-1.3489795,-3.7789795,-2.3889794,-4.2189794,-4.9189796,-4.6689796,-4.1989794,-3.1189795,-3.6589794,-3.5689795,-3.3989794,-4.6189795,-5.4989796,-6.0889797,-6.8289795,-4.7689795,-6.1789794,-4.4589796,-4.9089794,-3.5289795,0.28102052,1.4610205,4.4310207,2.0510206,5.6010203,3.7210205,3.5710206,-3.2289796,-3.1689794
-2.9689796,-2.3789794,-1.9189795,-1.2889795,-0.18897949,0.8610205,2.0710206,3.8110206,3.3710206,2.6110206,1.5110205,-0.018979492,-1.2689795,-0.7189795,0.3210205,-2.4389794,-2.3689795,-1.9489795,-4.2389793,-3.3889794,-2.7489796,-4.3089795,-4.3989797,-4.6189795,-5.2889795,-5.2989793,-5.5289793,-5.7989793,-6.4789796,-5.2989793,-4.0789795,-3.6689794,-2.9889796,-1.7089795,-1.5389795,1.4110205,3.9110205,2.9210205,2.9510205,-2.2789795,4.4410205,1.8910205,2.4810205
-2.4089794,-1.7289795,-1.1189795,-1.6989795,-1.9189795,-2.1089795,-2.1589794,-0.7989795,-0.04897949,0.6810205,-2.4189794,-1.8989795,-0.018979492,-1.7489794,-2.6989794,-3.7789795,-1.1089795,-2.4089794,-2.9689796,-3.1489794,-3.0789795,-3.9789796,-5.0789795,-5.9589796,-5.9189796,-6.0989795,-5.7389793,-5.0989795,-4.6089797,-3.8589795,-3.7389796,-2.5989795,-3.5889795,-1.9089795,-1.1489795,-0.9889795,-0.3889795,-0.2289795,3.1910205,3.1210206,7.7810206,8.841021,6.8610206
-0.1989795,-1.8689795,-0.6289795,-1.0989795,-0.6989795,-2.3189795,-3.1289794,-3.0989795,-3.5389795,-3.0189795,-2.0689795,-2.4389794,-2.6289794,-2.5989795,-5.0089793,-3.5589795,-4.3689795,-3.7789795,-3.8289795,-4.0689793,-3.5189795,-3.3789794,-4.6889796,-5.4889793,-5.4689794,-4.4789796,-4.4289794,-2.9389794,-3.7989795,-3.3089795,-3.2389796,-2.3889794,-2.9189794,-2.7989795,-0.9489795,0.64102054,1.2610205,2.3510206,2.2210205,2.1110206,1.9310205,0.4910205,2.5710206
-0.85897946,0.47102052,0.28102052,-1.2789795,-2.1389794,-2.7389796,-3.7089796,-2.7889795,-3.6989794,-4.2189794,-3.0089796,-2.1989794,-4.0589795,-4.8889794,-3.9989796,-3.9989796,-3.9289794,-3.3989794,-3.5889795,-3.6189795,-4.1589794,-3.1589794,-3.1989794,-2.7489796,-2.3989794,-2.0089796,-3.5789795,-1.4089795,-1.6389794,-2.2289796,-1.8089795,-1.4789795,-0.6989795,-0.7389795,0.17102051,-0.1689795,0.1410205,1.9710205,1.9710205,2.3110206,2.4010205,1.1410205,1.6210206
0.4510205,0.5310205,0.1610205,-0.5289795,-1.5889795,-2.1189795,-2.1889794,-2.0389795,-0.4589795,-1.6889795,-0.4789795,-0.8289795,-1.8889794,-3.0189795,-3.1989794,-3.0489795,-2.8289795,-2.4089794,-1.8789794,-2.1589794,-2.1989794,-2.6689794,-2.0889795,-1.9889795,-1.5389795,-0.9489795,-0.27897948,-1.3289795,-0.4189795,-0.4289795,0.4010205,0.1910205,1.4410205,1.2310205,1.3010205,0.5610205,1.0710205,0.9710205,0.4310205,1.5610205,1.4810205,0.4610205,1.8110205
3.0210204,2.5010204,2.4010205,2.1610205,1.9210205,-0.8989795,-0.8389795,-1.4489795,-1.6489795,0.21102051,1.0410205,-0.6389795,-1.1189795,-1.9389795,0.3110205,0.1410205,0.35102051,0.1910205,-0.9089795,-1.3189795,-1.1589795,-0.4889795,-0.20897949,0.5610205,0.8210205,0.2910205,-1.1689795,0.2210205,0.09102051,0.9810205,1.7210205,2.5310204,1.9310205,2.6210206,2.4610205,3.5410204,2.8610206,3.2310205,3.3910205,5.1210203,3.2810204,3.9210205,3.1010206
3.7810204,3.4810205,3.0110204,2.8910205,2.5810206,1.9410205,0.9010205,0.4010205,-0.1989795,-0.2489795,-1.5289795,-0.5689795,0.8810205,0.4010205,1.6710205,1.4510205,0.44102052,0.8710205,-0.2589795,-1.0389795,-0.66897947,-1.0589795,-0.4389795,-0.3289795,0.20102051,1.1410205,1.7910205,2.0410204,1.3810205,-0.33897948,0.15102051,1.4410205,2.7910204,2.9610205,3.6010206,4.2310205,3.9610205,5.1810207,4.5010204,2.7110205,3.7210205,5.2510204,2.4610205
2.3810205,3.0710206,3.7110205,3.8510206,2.2810204,2.8910205,2.2910204,1.6910205,1.8810205,2.0510206,0.12102051,1.1510205,1.2810205,1.3610206,0.8710205,1.2610205,0.6810205,0.4510205,0.2410205,-1.0489795,-2.2589796,-0.9389795,-1.5989795,-1.5589795,-1.2889795,-1.3289795,-0.6589795,-1.4589795,-0.72897947,0.9810205,0.47102052,1.5510205,2.9110205,1.4910206,2.1910205,3.5910206,3.1610205,4.3910203,2.6310205,2.3010206,2.7510204,2.2110205,3.0910206
2.8110206,0.8610205,2.1910205,3.0910206,3.4910204,3.7710204,3.9410205,3.7510204,3.7710204,2.4110205,2.0810206,1.8010205,1.9710205,3.1910205,1.4010205,0.2610205,-0.4589795,-1.7689795,-1.9389795,-1.3589795,-0.7489795,1.0910205,-0.028979491,-2.0589795,-1.4589795,-1.2389795,-0.49897948,0.3210205,0.77102053,1.1110206,2.7610204,2.4310205,1.3110205,2.6210206,2.6910205,2.0310204,2.0910206,2.7410204,1.0810205,2.7110205,3.1010206,4.1910205,0.5510205
