wind.json
{"header": {"discipline":0,"disciplineName":"Meteorological products","gribEdition":2,"gribLength":953,"center":7,"centerName":"US National Weather Service - NCEP(WMC)","subcenter":0,"refTime":"2023-06-28T18:00:00.000Z","significanceOfRT":1,"significanceOfRTName":"Start of forecast","productStatus":0,"productStatusName":"Operational products","productType":1,"productTypeName":"Forecast products","productDefinitionTemplate":0,"productDefinitionTemplateName":"Analysis/forecast at horizontal level/layer at a point in time","parameterCategory":0,"parameterCategoryName":"UnknownDiscipline_0_Category_0","parameterNumber":0,"parameterNumberName":"UnknownParameter_D0_C0_0","parameterUnit":"Unknown","genProcessType":2,"genProcessTypeName":"Forecast","forecastTime":0,"surface1Type":1,"surface1TypeName":"Ground or water surface","surface1Value":0.0,"surface2Type":255,"surface2TypeName":"Missing","surface2Value":0.0,"gridDefinitionTemplate":0,"gridDefinitionTemplateName":"Latitude_Longitude","numberPoints":688,"shape":6,"shapeName":"Earth spherical with radius of 6,371,229.0 m","gridUnits":"degrees","resolution":48,"winds":"true","scanMode":64,"nx":43,"ny":16,"basicAngle":0,"lo1":45.0,"la1":40.0,"lo2":87.0,"la2":55.0,"dx":1.0,"dy":1.0}, "data":
[rows 0 to 15 of 16, columns 0 to 42 of 43]
286.44107,280.14105,296.54108,298.54108,299.14105,296.84106,296.14105,294.34106,299.14105,300.14105,305.84106,304.14105,308.34106,304.24106,302.84106,303.84106,303.04108,302.04108,301.54108,300.74106,299.44107,299.04108,294.64105,293.94107,292.14105,290.84106,292.74106,284.44107,279.84106,280.94107,283.54108,295.14105,297.04108,298.24106,299.34106,299.64105,300.74106,296.14105,298.14105,299.54108,301.04108,298.94107,296.64105
288.44107,297.34106,298.34106,288.84106,289.14105,295.94107,295.94107,294.44107,296.64105,303.94107,304.34106,306.74106,304.34106,304.44107,303.04108,302.74106,301.84106,298.94107,298.94107,299.74106,297.34106,298.04108,297.74106,295.24106,294.24106,287.74106,296.14105,300.94107,293.44107,278.44107,278.84106,277.84106,279.34106,281.84106,290.94107,297.84106,299.04108,297.34106,299.14105,298.84106,300.04108,300.24106,299.14105
288.24106,285.04108,276.74106,288.94107,296.04108,295.94107,295.64105,293.64105,305.64105,303.74106,302.64105,302.34106,302.74106,301.44107,300.74106,300.14105,296.84106,296.44107,296.94107,296.74106,295.04108,294.34106,294.14105,296.04108,291.44107,283.34106,274.64105,275.34106,286.04108,278.94107,281.54108,275.74106,282.84106,273.34106,284.94107,263.44107,277.44107,293.54108,292.84106,295.84106,300.64105,294.24106,284.44107
289.04108,291.64105,291.54108,296.24106,296.04108,295.94107,295.24106,301.54108,302.44107,301.74106,300.14105,299.24106,299.44107,301.34106,296.44107,300.24106,298.94107,296.04108,294.34106,293.04108,293.14105,293.14105,294.14105,292.64105,295.04108,287.54108,286.74106,287.74106,289.84106,288.54108,286.74106,278.94107,275.04108,279.44107,282.74106,282.94107,282.24106,283.04108,276.64105,280.24106,282.84106,278.44107,278.34106
295.74106,299.84106,294.54108,296.54108,296.64105,295.94107,296.24106,299.54108,300.24106,299.84106,299.74106,298.84106,296.94107,295.34106,294.14105,293.54108,295.14105,293.94107,297.44107,293.74106,295.54108,293.54108,292.94107,289.24106,294.74106,294.94107,291.64105,293.84106,294.14105,289.64105,291.04108,291.04108,292.64105,289.44107,297.34106,295.24106,291.04108,286.24106,277.84106,275.94107,283.64105,293.14105,297.24106
295.34106,299.44107,298.34106,297.24106,297.04108,297.74106,298.14105,299.14105,299.74106,301.94107,303.44107,300.04108,297.04108,294.14105,294.64105,294.04108,291.24106,296.94107,298.34106,295.34106,291.54108,296.54108,296.24106,295.24106,293.64105,293.44107,292.94107,293.64105,292.24106,292.04108,290.64105,292.14105,295.84106,288.74106,277.54108,270.34106,281.94107,291.84106,294.54108,298.24106,299.44107,299.54108,301.44107
294.84106,299.24106,297.24106,294.94107,297.84106,296.84106,296.64105,296.14105,299.04108,300.04108,299.84106,298.94107,297.54108,294.94107,293.44107,293.34106,293.44107,295.74106,295.74106,296.14105,296.04108,295.94107,294.94107,294.24106,293.24106,291.84106,291.14105,290.04108,292.34106,290.34106,290.24106,293.34106,292.44107,294.94107,292.24106,288.64105,287.44107,289.14105,282.44107,286.14105,295.74106,298.64105,299.44107
296.04108,297.04108,295.64105,296.04108,300.14105,299.24106,297.34106,296.44107,298.24106,299.34106,297.24106,297.14105,294.74106,293.04108,293.54108,295.04108,294.44107,293.74106,292.24106,293.44107,294.54108,292.14105,291.44107,292.34106,291.84106,291.44107,288.54108,288.34106,288.34106,290.34106,288.84106,289.04108,290.44107,291.14105,292.34106,293.04108,292.34106,284.84106,281.84106,280.14105,280.34106,280.64105,291.94107
293.84106,291.44107,295.54108,295.74106,298.64105,299.84106,297.04108,295.54108,295.54108,293.14105,293.44107,294.54108,294.34106,296.44107,294.64105,295.34106,293.44107,297.54108,294.74106,293.54108,292.34106,287.44107,288.54108,288.74106,289.04108,288.64105,284.94107,280.14105,282.44107,284.54108,283.24106,285.84106,285.04108,287.54108,285.04108,284.54108,288.64105,290.94107,290.84106,287.94107,286.04108,289.94107,287.54108
290.04108,292.14105,293.34106,293.84106,295.14105,295.64105,295.94107,293.44107,291.74106,292.54108,291.54108,290.04108,293.54108,293.14105,292.34106,295.54108,292.54108,292.94107,290.94107,290.74106,290.14105,289.44107,284.54108,285.64105,287.14105,286.24106,284.14105,283.44107,279.04108,284.34106,279.04108,278.44107,280.34106,282.14105,285.14105,288.74106,285.74106,286.64105,283.94107,285.44107,277.34106,274.74106,273.84106
288.24106,290.14105,290.44107,294.94107,290.34106,290.34106,293.74106,291.34106,289.24106,288.44107,290.34106,290.64105,291.74106,290.34106,290.24106,291.54108,290.84106,290.64105,293.94107,289.84106,289.14105,292.34106,285.54108,285.84106,285.94107,285.94107,285.24106,282.84106,283.04108,281.54108,281.54108,283.44107,285.44107,287.04108,288.04108,286.54108,288.34106,286.34106,282.74106,281.24106,277.04108,277.24106,276.14105
286.34106,289.24106,287.84106,288.14105,291.24106,288.14105,287.94107,288.04108,290.44107,290.14105,288.04108,289.94107,289.04108,288.24106,291.54108,290.84106,287.64105,289.64105,287.24106,288.64105,288.64105,286.94107,289.74106,285.24106,285.14105,285.34106,283.74106,283.14105,281.34106,283.94107,286.04108,286.74106,287.94107,287.34106,288.04108,288.04108,285.54108,285.34106,280.24106,280.64105,277.54108,279.44107,276.54108
286.34106,285.84106,286.34106,288.44107,288.44107,286.14105,288.74106,289.04108,285.84106,286.04108,287.74106,287.04108,284.64105,285.44107,286.24106,286.54108,286.04108,286.64105,286.94107,287.64105,286.64105,289.34106,285.14105,284.74106,284.04108,283.74106,282.84106,284.04108,286.44107,285.24106,286.04108,287.34106,287.14105,285.94107,286.54108,286.64105,286.04108,285.64105,288.04108,290.44107,287.64105,283.54108,284.84106
284.94107,283.94107,284.14105,287.14105,288.54108,285.24106,287.04108,289.04108,286.94107,290.24106,286.54108,288.84106,283.34106,286.04108,286.04108,284.94107,286.14105,286.04108,286.34106,286.04108,287.04108,286.54108,284.54108,282.84106,281.84106,282.34106,284.14105,285.04108,286.14105,286.94107,286.94107,286.24106,287.34106,287.04108,286.64105,285.24106,287.24106,285.44107,285.44107,287.24106,288.34106,287.94107,284.04108
285.74106,284.54108,283.14105,284.64105,287.34106,285.74106,288.24106,290.14105,289.14105,284.44107,285.84106,285.44107,283.94107,282.24106,286.14105,285.84106,288.34106,287.54108,286.24106,285.74106,285.04108,285.24106,284.74106,284.34106,284.54108,284.24106,284.94107,285.04108,284.64105,284.54108,284.44107,287.04108,286.54108,285.64105,285.14105,284.54108,285.44107,283.84106,285.74106,285.74106,287.14105,288.64105,283.44107
286.04108,286.84106,285.24106,287.84106,289.54108,286.94107,289.74106,286.34106,291.34106,286.44107,286.64105,289.64105,286.34106,283.94107,287.24106,288.44107,288.34106,286.54108,287.14105,286.14105,285.74106,285.24106,284.44107,284.14105,284.24106,283.34106,283.64105,283.54108,284.04108,285.94107,285.34106,284.94107,284.94107,283.64105,285.04108,283.94107,284.64105,284.34106,284.54108,284.54108,286.54108,285.24106,284.74106
