wind_kz.json
{"header": {"discipline":0,"disciplineName":"Meteorological products","gribEdition":2,"gribLength":1025,"center":7,"centerName":"US National Weather Service - NCEP(WMC)","subcenter":0,"refTime":"2023-10-01T06:00:00.000Z","significanceOfRT":1,"significanceOfRTName":"Start of forecast","productStatus":0,"productStatusName":"Operational products","productType":1,"productTypeName":"Forecast products","productDefinitionTemplate":0,"productDefinitionTemplateName":"Analysis/forecast at horizontal level/layer at a point in time","parameterCategory":2,"parameterCategoryName":"UnknownDiscipline_0_Category_2","parameterNumber":2,"parameterNumberName":"UnknownParameter_D0_C2_2","parameterUnit":"Unknown","genProcessType":2,"genProcessTypeName":"Forecast","forecastTime":0,"surface1Type":103,"surface1TypeName":"Specified height level above ground","surface1Value":10.0,"surface2Type":255,"surface2TypeName":"Missing","surface2Value":0.0,"gridDefinitionTemplate":0,"gridDefinitionTemplateName":"Latitude_Longitude","numberPoints":615,"shape":6,"shapeName":"Earth spherical with radius of 6,371,229.0 m","gridUnits":"degrees","resolution":48,"winds":"true","scanMode":64,"nx":41,"ny":15,"basicAngle":0,"lo1":47.0,"la1":41.0,"lo2":87.0,"la2":55.0,"dx":1.0,"dy":1.0}, "data":
[rows 0 to 14 of 15, columns 0 to 40 of 41]
-1.2044336,1.2955664,-2.0544336,-3.3344336,-4.1944337,-4.4744334,-3.6944337,-2.7744336,-2.6844337,-1.8844336,-2.0644336,-1.4244336,-1.7244335,-1.4744335,-1.1244336,1.3755664,0.7555664,0.7955664,-0.17443359,1.6455665,2.1955664,1.1255664,2.2955663,1.1855664,-2.2044337,-0.23443359,1.8255664,1.8655664,-0.2144336,0.8755664,-0.5444336,1.3455664,0.7855664,-1.8144336,-3.4344337,-2.4544337,-0.5244336,1.9055665,2.3555665,1.6855664,-0.024433594
-0.23443359,-2.4144335,-3.4944336,-4.2744336,-3.9244337,-2.9144335,-3.4144335,-2.8744335,-1.6244336,-1.1644336,0.055566408,-0.3144336,-0.43443358,-0.6144336,0.045566406,1.2355664,2.2355664,3.1255665,2.4855664,2.7955663,4.1855664,3.3355665,2.9855664,2.5355663,0.3455664,0.4655664,0.4155664,-0.114433594,3.0855665,1.4555664,0.80556643,1.3355664,-0.6144336,1.2155664,0.5355664,1.4655664,2.1955664,0.3055664,-2.7444336,-0.7044336,-0.3344336
-3.2144337,-5.2644334,-4.7844334,-3.6144335,-3.0044336,-1.1744336,-1.6144336,-1.4044336,-0.2144336,-0.2444336,0.15556641,0.3455664,0.1655664,0.8555664,1.2355664,1.9555664,2.7755663,3.5155663,4.5855665,4.6855664,3.9055665,4.1255665,3.8855665,5.7055664,1.2955664,-1.3844336,-1.2344337,-1.3944336,0.7055664,-0.3144336,0.92556643,0.21556641,-1.9344336,-0.3644336,-1.1244336,0.7355664,-0.88443357,0.035566404,0.6055664,3.0755663,1.7555664
-5.2244334,-4.614434,-3.8044336,-2.6844337,-1.3844336,-0.4044336,-0.1544336,-0.5244336,0.9055664,2.5455663,1.3255664,1.0755664,-0.7144336,0.9955664,2.6755664,2.8955665,3.4055665,4.7955666,4.925566,3.9555664,2.4055665,4.385566,2.9255664,6.0255666,3.7755663,2.6955664,3.0755663,2.2755663,0.0755664,-3.9644337,-6.4144335,-4.8544335,-4.9344335,-2.9944336,-2.3644335,0.1655664,0.5055664,1.4955664,-2.8544335,-1.2844336,-1.4944336
-2.3844335,-0.6644336,0.44556642,0.8455664,1.9055665,2.1255665,2.2755663,2.4355664,1.9155664,-0.9144336,0.1655664,-2.1944337,-2.2144337,-1.6344336,-0.2644336,0.1755664,-0.3744336,-1.0944335,-3.4544337,-2.4644337,0.21556641,4.7355666,4.8455663,0.8155664,-1.6644336,-2.9744337,-4.1544337,-3.8144336,-4.8844337,-3.3144336,-2.4444337,-1.2944336,1.9855664,2.4955664,-2.1244335,-0.4244336,0.6455664,0.5855664,0.8755664,1.4155664,1.4855664
-5.4344335,-4.7544336,-6.1844335,-5.364434,-4.5344334,-3.2044337,-1.5144336,-0.7344336,1.4055665,1.8055664,-1.3244336,-2.0844336,-2.4744337,-2.8244336,-1.3344336,-1.7544336,-3.9044335,-4.614434,-2.6244335,-2.2344337,-4.9344335,-5.4044337,-8.004434,-8.244433,-7.4244337,-6.6944337,-3.9344337,-5.0244336,-0.9844336,-2.3944335,0.7855664,-4.2744336,-3.4344337,-2.7744336,-1.6944336,0.9655664,3.1555665,2.9455664,4.5455666,1.6555665,1.7355664
-4.8544335,-5.6544337,-4.8344336,-4.3144336,-3.7944336,-3.3944335,-2.5344336,-1.0144336,-1.2644336,-0.4044336,-2.1144335,-1.0744336,-2.4544337,-2.9144335,-4.074434,-5.2344337,-5.054434,-3.7844336,-3.5844336,-3.5744336,-3.5444336,-1.4344336,-3.0444336,-1.5344336,-1.7344337,-2.1644335,-2.0444336,-5.054434,-4.3544335,-4.2544336,-3.0344336,-4.2644334,-2.6744337,-1.1544336,-0.5044336,1.7255664,2.0355663,0.5155664,4.5155663,1.0355664,-0.1644336
-5.2844334,-4.8944335,-4.4944334,-4.4844337,-3.4044335,-2.8844335,-1.9744335,-1.8044336,-1.9244336,-4.5344334,-3.2244337,-4.1244335,-3.6344335,-3.9844337,-3.5444336,-3.4444337,-2.6744337,-2.5644336,-2.3244336,-2.1844337,-3.1644335,-4.4344335,-4.5844336,-0.5144336,-1.8144336,-2.4944336,-4.9344335,-5.0844336,-6.4744334,-4.7444334,-4.7044334,-3.8844335,-1.9944336,-1.7544336,0.7855664,0.7155664,2.8855665,4.3055663,5.8955665,5.4955664,5.0955663
-3.4144335,-2.9944336,-3.4944336,-3.5444336,-3.4344337,-3.1944337,-3.2944336,-3.5244336,-4.7444334,-4.594434,-5.1344337,-4.8144336,-4.6044335,-3.2344337,-4.114434,-3.1544335,-2.9944336,-3.4244337,-3.2144337,-3.7244337,-5.8944335,-4.7744336,-3.1244335,-5.6044335,-7.1844335,-5.4344335,-4.3944335,-2.9044335,-4.054434,-3.2644336,-3.2044337,-2.6044335,-2.6744337,-1.7344337,-0.7044336,1.0855664,1.4755664,1.9155664,1.8655664,0.4955664,1.0955664
-2.4844337,-2.2744336,-2.4544337,-2.3144336,-2.7944336,-3.5944335,-4.5144334,-5.3144336,-5.1244335,-5.0244336,-5.2244334,-6.0844336,-4.8844337,-4.1244335,-3.6744337,-4.3144336,-4.8744335,-5.5644336,-6.0244336,-5.324434,-5.6944337,-5.6544337,-4.8344336,-6.114434,-5.9844337,-6.1544337,-4.9344335,-4.7844334,-4.1644335,-3.2944336,-2.0944335,-0.30443358,2.3255663,2.5955665,0.055566408,0.7655664,0.9755664,1.2855664,2.2955663,1.1255664,1.1455665
-1.3544335,-1.4944336,-1.8544335,-2.2244337,-2.6444335,-3.1444335,-3.5644336,-4.364434,-4.7744336,-5.0244336,-5.6644335,-5.1844335,-3.9044335,-4.6644335,-4.804434,-4.1844335,-4.0844336,-3.7844336,-3.9244337,-4.9544334,-4.1944337,-3.9844337,-4.9744334,-5.2944336,-4.594434,-3.9544337,-4.5044336,-4.554434,-2.9244337,-3.0044336,-3.4644337,-1.9044336,0.3355664,-0.2144336,-0.5444336,0.4655664,-0.034433592,-0.17443359,0.3055664,-0.4744336,0.6255664
0.6855664,-0.1944336,-1.1944336,-1.2744336,-1.7244335,-2.5444336,-2.8444335,-3.5844336,-3.3744335,-4.1344337,-5.304434,-4.594434,-4.3544335,-4.4044337,-3.3644335,-3.0244336,-3.7644336,-4.0144334,-3.4344337,-3.4044335,-3.8944335,-3.4644337,-4.344434,-3.7544336,-3.8944335,-4.114434,-4.554434,-3.8444335,-5.2444334,-3.6844337,-1.8044336,-1.9144336,-1.9744335,-2.1744337,-2.2044337,-2.4744337,-1.3244336,0.7255664,2.0255663,0.4555664,0.9755664
2.0255663,1.2655663,0.67556643,0.13556641,-0.9144336,-0.8544336,-1.6244336,-1.1444336,-2.1844337,-2.6844337,-2.7644336,-2.9944336,-2.2744336,-2.8944335,-2.1344335,-2.2944336,-2.2944336,-2.0244336,-1.5944335,-2.8444335,-2.8544335,-2.8344336,-2.5744336,-3.5144336,-4.0044336,-4.7744336,-4.2744336,-4.324434,-4.3144336,-3.3144336,-2.9444337,-2.5444336,-3.0444336,-2.5144336,-2.3744335,-1.8044336,-1.3144336,-0.8344336,-0.82443357,-1.6044335,-0.2644336
3.8655665,2.0955665,0.6855664,0.47556642,0.065566406,-0.09443359,0.055566408,-0.3944336,-0.23443359,-0.7444336,-1.0444336,-1.3744336,-0.5544336,-1.9044336,-1.2344337,-1.4544336,-2.1544335,-2.1444335,-1.8644336,-1.8144336,-1.6244336,-1.5444336,-1.3444335,-1.8644336,-2.9544337,-2.7444336,-2.3344336,-3.2344337,-3.0744336,-3.0144336,-2.9844337,-2.9244337,-3.0144336,-2.9944336,-2.4444337,-2.9144335,-2.1644335,-1.9244336,-1.9444336,-1.0944335,1.0855664
2.6155665,2.0355663,1.6555665,0.80556643,1.1455665,1.1455665,1.4555664,1.1655664,0.55556643,0.67556643,0.92556643,0.5955664,0.3955664,-0.1944336,-0.46443358,-0.7644336,-1.2344337,-1.6844336,-0.6244336,-0.7244336,-0.9544336,-1.1444336,-1.5944335,-1.7844336,-1.3144336,-0.8944336,-1.4844337,-1.3944336,-2.3644335,-2.6144335,-3.0844336,-2.8344336,-2.6944337,-2.4944336,-2.4144335,-2.2544336,-1.8444335,-1.7744336,-0.8744336,-0.6644336,-0.044433594
