wind_kz.json
{"header": {"discipline":0,"disciplineName":"Meteorological products","gribEdition":2,"gribLength":1025,"center":7,"centerName":"US National Weather Service - NCEP(WMC)","subcenter":0,"refTime":"2023-10-03T12:00:00.000Z","significanceOfRT":1,"significanceOfRTName":"Start of forecast","productStatus":0,"productStatusName":"Operational products","productType":1,"productTypeName":"Forecast products","productDefinitionTemplate":0,"productDefinitionTemplateName":"Analysis/forecast at horizontal level/layer at a point in time","parameterCategory":2,"parameterCategoryName":"UnknownDiscipline_0_Category_2","parameterNumber":3,"parameterNumberName":"UnknownParameter_D0_C2_3","parameterUnit":"Unknown","genProcessType":2,"genProcessTypeName":"Forecast","forecastTime":120,"surface1Type":103,"surface1TypeName":"Specified height level above ground","surface1Value":10.0,"surface2Type":255,"surface2TypeName":"Missing","surface2Value":0.0,"gridDefinitionTemplate":0,"gridDefinitionTemplateName":"Latitude_Longitude","numberPoints":615,"shape":6,"shapeName":"Earth spherical with radius of 6,371,229.0 m","gridUnits":"degrees","resolution":48,"winds":"true","scanMode":64,"nx":41,"ny":15,"basicAngle":0,"lo1":47.0,"la1":41.0,"lo2":87.0,"la2":55.0,"dx":1.0,"dy":1.0}, "data":
[rows 0 to 14 of 15, columns 0 to 40 of 41]
-0.38986543,1.1201346,-1.6698654,7.110134,3.5701346,0.14013459,-1.4498655,-2.2298653,0.52013457,0.6801346,0.7901346,-0.7698654,-2.7198653,-2.9398654,-0.24986541,-1.1898655,-3.4798653,-0.03986542,-2.3698654,-1.0598655,-0.16986541,-3.4498653,-3.5898654,1.5001346,3.1201346,1.4901346,1.5101346,0.13013458,0.6301346,5.440134,1.2201346,0.9801346,0.8201346,-0.12986542,-1.0098654,-1.0498654,1.4801346,2.4801345,1.1801345,-1.7398654,-0.4398654
3.6901345,3.1501346,4.6101346,5.400134,3.7201345,0.53013456,-1.4198654,-1.1198654,-1.2698654,0.5401346,1.1601346,0.9501346,-1.5298654,-1.6298654,-1.1798654,-1.3298655,-1.5498654,-3.6298654,0.30013457,-1.5298654,-2.7898655,-4.2198653,-3.7598655,-2.0498655,3.1101346,2.5901346,1.7201346,2.1701345,-1.2298654,1.0101346,0.6801346,3.0601346,1.4301345,-0.21986541,1.1501346,1.8801346,1.7401346,1.2001346,0.97013456,1.1401346,-0.9398654
0.36013457,6.4301343,5.6001344,5.2001343,3.1001346,0.53013456,-1.5898654,-1.8198655,-0.77986544,2.1001346,2.1401346,-0.32986543,-0.36986542,0.30013457,-0.9198654,-0.8698654,0.5501346,-4.3698654,-1.7898654,-2.4098654,-3.6998653,-3.9898653,-2.4698653,-0.4998654,-2.0098655,-0.96986544,-2.1398654,-1.5398654,0.24013458,-0.4098654,-0.6298654,-0.7698654,-2.0298655,1.6801345,0.9301346,0.19013458,1.5801346,0.5701346,1.0201346,2.0401347,0.07013458
3.7201345,3.8001347,3.4801345,3.6101346,3.4101346,0.84013456,0.8201346,0.14013459,-0.8898654,0.5701346,0.5001346,1.6201346,0.7601346,-0.38986543,-1.6898655,0.26013458,-0.9898654,-2.1998653,0.45013458,-1.3698654,-2.9198654,-1.9898654,-2.9298654,-1.8498654,-2.0798655,-1.6998655,-4.0598655,-3.9398654,-2.6398654,-3.1898654,-3.4898653,-0.7698654,2.1301346,-0.4998654,-0.9198654,-1.5398654,-2.5198655,1.1401346,-0.33986542,-0.2798654,-1.5698655
1.7001346,6.8501344,5.420134,4.2201347,3.0001345,0.7501346,0.22013459,1.9901346,0.97013456,0.23013458,0.65013456,1.2201346,5.8301344,4.0901346,2.6201346,0.6101346,0.90013456,0.3101346,1.7601346,0.72013456,-1.2098655,-0.9198654,-0.9998654,-0.07986542,-0.5798654,-1.0698655,0.030134583,-3.8398654,-2.6798654,-2.9398654,-4.5398655,-4.4598656,-2.4798653,-0.65986544,0.52013457,0.3701346,0.24013458,-0.9998654,-1.4798654,-0.11986542,0.17013459
2.7301345,2.9201345,7.8501344,7.630134,5.4101343,4.3601346,3.3001347,2.3801346,2.2901347,2.6001346,1.6601346,2.7701347,5.2901344,5.820134,4.7401347,3.2601347,2.7501345,2.4801345,2.0101347,1.3201346,1.0701346,-1.0498654,-2.2298653,-1.6798654,-0.47986543,-0.71986544,-0.4098654,2.2401345,-1.7998654,-3.1998653,-3.9898653,-4.1998653,-3.9398654,-2.4398654,-0.8898654,3.0801346,-0.9398654,4.1501346,2.6501346,-0.08986542,-0.9198654
3.6801345,3.7701347,4.2901344,3.5601346,6.900134,6.1201344,6.420134,4.6301346,4.1701345,4.9701347,4.0701346,2.4801345,2.6101346,2.4801345,7.280134,5.2201343,5.2201343,4.2601347,3.2201345,2.8101346,1.9501346,0.8101346,-0.20986542,-1.1698654,-0.6098654,-0.30986542,-0.77986544,-0.6698654,0.41013458,1.0001346,0.5001346,-0.52986544,1.0901346,0.6901346,0.6301346,-0.97986543,0.36013457,0.52013457,0.96013457,1.9101346,1.7601346
5.300134,4.9401345,5.7001343,5.1101346,4.9201345,5.6401343,6.4701343,5.9801345,5.8901343,4.8801346,4.4401345,4.430135,3.9801345,2.9001346,3.2901347,3.4901345,7.0801344,5.300134,4.5301347,3.5101347,2.2401345,1.9901346,1.3301346,0.23013458,-1.1198654,-1.3498654,-1.1298654,-0.30986542,-0.4998654,0.5501346,0.91013455,1.3901346,0.8001346,2.9901345,2.3901346,1.3301346,-0.33986542,-0.3798654,-1.6398654,0.6801346,0.32013458
5.9901342,6.2501345,7.1601343,6.4901342,5.420134,5.800134,6.7901344,6.6401343,6.6601343,6.190134,4.9801345,4.6701345,4.2801347,4.2201347,3.3401346,5.3501344,5.860134,5.840134,5.590134,4.7501345,3.6501346,2.5901346,2.1201346,1.7901345,1.4801346,0.27013457,-0.30986542,-1.3798654,-3.0798655,-3.2898655,1.3901346,0.6001346,1.7001346,2.6201346,2.3501346,2.8901346,0.5701346,1.9101346,2.3001347,1.5501345,0.5101346
6.1201344,5.2101345,6.760134,7.4601345,7.3701344,6.4301343,7.4701343,7.5001345,6.380134,7.260134,6.3901343,5.5201344,5.0901346,4.9601345,4.3701344,3.3101346,4.1101346,5.2201343,4.1301346,4.9901347,5.0001345,4.3301344,2.6301346,2.8701346,2.2201345,0.91013455,0.8101346,0.30013457,-0.44986543,-0.8298654,-1.5098654,-2.5698655,-3.2998655,-3.2998655,-0.8298654,2.6501346,1.0201346,-0.7598654,0.84013456,2.8101346,2.3701346
6.3301344,6.550134,6.920134,7.190134,7.840134,8.350134,9.020134,9.290134,8.910134,8.100134,7.8501344,6.130134,5.7301345,5.190134,5.1201344,5.360134,4.3701344,4.7801347,2.1301346,5.7101345,5.0501347,4.2401347,4.1001344,3.7701347,2.7701347,3.2001345,1.7401346,1.4301345,1.8701346,0.6201346,-0.44986543,-0.9898654,0.120134585,1.0601345,-0.6198654,2.7801347,1.3001345,2.6101346,2.7201345,0.6401346,-0.03986542
6.130134,6.4801345,6.9101343,7.3701344,8.740134,8.690134,8.070134,8.130135,8.290134,8.340135,7.920134,7.4801345,6.9901342,5.9601345,5.900134,4.7001348,5.420134,4.5401344,3.9901345,5.1601343,5.0401344,4.1101346,3.7901347,3.0401347,4.660135,3.1201346,2.5001345,0.9901346,0.6301346,0.6701346,-0.7398654,-0.41986543,0.8701346,1.6101346,1.8201346,-0.14986542,1.7001346,1.1701345,2.2001345,1.6701345,0.4301346
4.6101346,6.7501345,6.9601345,7.4501343,7.8101344,6.320134,7.2001343,8.260135,10.040134,8.550135,5.8501344,6.4301343,6.9601345,6.4801345,6.0001345,4.180135,4.8201346,4.3801346,4.0801344,2.8201346,3.0401347,4.0601344,3.9301345,4.7101345,4.3101344,5.0001345,4.2901344,2.6801345,2.3701346,0.9301346,-0.029865418,-0.6798654,-0.8798654,-1.2098655,0.9201346,2.5501347,2.8801346,1.9901346,1.6001346,-0.29986542,-0.9298654
-2.3498654,-3.8898654,4.0501347,5.6401343,5.8701344,7.4301343,7.2401342,7.6801343,7.7901344,9.390134,5.8101344,3.7301345,7.3101344,6.4501343,5.4601345,6.880134,3.6401346,4.0901346,4.7001348,4.5801344,3.7101345,2.6601346,3.5601346,3.1201346,2.5401347,2.7601347,3.4801345,3.7201345,3.9801345,2.6701345,1.5801346,2.1601346,1.8801346,2.2101345,-0.5598654,2.6101346,2.3501346,2.3901346,1.7701346,1.9001346,1.8001345
-1.5498654,-2.7498655,-3.1998653,-2.8498654,-1.3698654,0.36013457,3.1801345,5.4901342,6.0001345,6.110134,3.5801346,4.410135,2.2601347,4.9801345,6.7501345,6.6601343,5.1601343,4.8501344,4.2101345,4.2501345,3.5401347,3.8101346,2.9701345,1.9401345,4.430135,3.9001346,3.9901345,4.3201346,4.410135,3.7701347,2.5001345,2.2501345,2.6201346,2.2501345,3.1401346,3.1501346,2.9701345,2.9301345,3.6501346,3.1901345,1.6701345
