wind_kz.json
{"header": {"discipline":0,"disciplineName":"Meteorological products","gribEdition":2,"gribLength":1025,"center":7,"centerName":"US National Weather Service - NCEP(WMC)","subcenter":0,"refTime":"2023-09-22T00:00:00.000Z","significanceOfRT":1,"significanceOfRTName":"Start of forecast","productStatus":0,"productStatusName":"Operational products","productType":1,"productTypeName":"Forecast products","productDefinitionTemplate":0,"productDefinitionTemplateName":"Analysis/forecast at horizontal level/layer at a point in time","parameterCategory":2,"parameterCategoryName":"UnknownDiscipline_0_Category_2","parameterNumber":2,"parameterNumberName":"UnknownParameter_D0_C2_2","parameterUnit":"Unknown","genProcessType":2,"genProcessTypeName":"Forecast","forecastTime":180,"surface1Type":103,"surface1TypeName":"Specified height level above ground","surface1Value":10.0,"surface2Type":255,"surface2TypeName":"Missing","surface2Value":0.0,"gridDefinitionTemplate":0,"gridDefinitionTemplateName":"Latitude_Longitude","numberPoints":615,"shape":6,"shapeName":"Earth spherical with radius of 6,371,229.0 m","gridUnits":"degrees","resolution":48,"winds":"true","scanMode":64,"nx":41,"ny":15,"basicAngle":0,"lo1":47.0,"la1":41.0,"lo2":87.0,"la2":55.0,"dx":1.0,"dy":1.0}, "data":
[rows 0 to 14 of 15, columns 0 to 40 of 41]
-1.85052,1.35948,-3.06052,-2.81052,-3.1005201,-1.85052,5.10948,1.02948,1.38948,1.01948,0.01947998,-0.78052,1.6994799,3.09948,2.81948,1.75948,4.64948,4.93948,0.23947997,2.23948,7.11948,0.18947998,6.06948,8.58948,4.41948,2.04948,2.87948,1.14948,-0.91052,-0.23052002,-0.89052004,1.53948,1.67948,0.46947998,1.03948,-1.01052,1.56948,-0.20052002,1.64948,-0.12052002,1.41948
-1.56052,-4.57052,-4.71052,-4.38052,-3.37052,-1.21052,-1.90052,-0.62052,-0.16052002,-2.04052,-0.08052002,-2.66052,0.36947998,-1.69052,2.59948,2.01948,1.00948,4.24948,3.3894799,-3.03052,10.05948,-4.82052,6.38948,2.45948,0.55947995,0.65948,0.55947995,-0.07052002,-0.22052002,1.22948,0.86947995,-0.04052002,-1.4205201,-1.46052,-0.58052003,2.3894799,1.77948,0.83948,0.20947999,-0.80052,-0.67052
-6.39052,-7.34052,-5.91052,-4.01052,-0.30052003,-1.32052,-1.26052,0.09947998,3.17948,0.58948,0.88948,1.4594799,-5.35052,-2.41052,-1.14052,-1.84052,-0.50052,1.36948,2.55948,2.73948,2.33948,2.83948,4.66948,5.13948,1.6994799,-2.67052,-3.59052,-2.24052,-3.75052,-0.98052,-0.22052002,-2.08052,0.49947998,-0.43052003,-0.24052002,-1.07052,-0.04052002,-0.67052,2.76948,-0.28052002,-1.14052
-8.48052,-7.49052,-5.40052,-1.65052,-6.01052,-4.43052,-2.50052,-2.6105201,-3.20052,-4.47052,-7.08052,-3.66052,-2.83052,-0.96052,1.15948,1.5894799,-2.82052,-1.08052,-2.48052,-1.22052,2.05948,0.35948,2.40948,3.49948,0.93948,-0.29052,-1.6705201,-0.22052002,-3.3605201,-2.63052,-0.91052,1.53948,4.5194798,2.24948,3.59948,2.19948,0.05947998,1.96948,-0.95052004,-1.57052,0.17947999
-8.36052,-7.25052,-6.30052,-5.10052,-4.26052,-6.63052,-5.96052,-5.06052,-4.14052,-4.11052,-4.63052,-5.46052,-3.37052,-1.45052,2.19948,1.49948,0.75948,1.66948,0.49947998,0.26948,0.59948,0.52948,0.02947998,2.07948,0.37947997,1.88948,1.22948,-0.54052,-2.17052,-3.57052,-3.42052,-2.17052,-2.88052,-0.85052,-1.51052,-2.09052,0.94948,-3.44052,-1.86052,-1.23052,-0.45052
-6.85052,-6.83052,-5.74052,-5.22052,-4.91052,-3.64052,-6.90052,-6.35052,-5.51052,-4.76052,-4.4805202,-3.58052,-3.81052,-2.15052,-2.76052,-1.71052,0.68948,1.71948,-0.20052002,1.47948,-1.25052,-0.54052,0.09947998,-1.24052,0.09947998,0.49947998,-6.04052,-2.38052,-3.82052,-1.88052,-1.36052,-2.13052,-2.38052,-2.00052,-0.33052003,2.02948,0.48948,-2.34052,-1.89052,-1.6705201,-0.87052
-6.45052,-6.03052,-5.59052,-3.67052,-1.4205201,-4.75052,-5.45052,-5.92052,-5.89052,-5.56052,-5.82052,-4.72052,-4.2305202,-4.38052,-5.17052,-3.90052,-0.93052,-0.54052,-2.26052,-2.27052,-2.22052,-1.21052,-1.13052,-0.78052,-0.98052,1.00948,-2.26052,-2.19052,0.53948,0.62948,0.43947998,-0.14052002,-1.43052,-0.77052003,-0.24052002,0.93948,0.93948,-0.050520018,0.80947995,0.94948,-0.80052
-5.53052,-5.61052,-5.04052,-3.79052,-2.81052,-1.58052,-3.64052,-4.45052,-5.04052,-5.56052,-4.78052,-5.16052,-4.54052,-5.03052,-4.28052,-4.95052,-1.36052,-3.93052,-2.99052,-2.33052,-4.59052,-2.48052,-1.48052,-0.37052003,-0.87052,-1.53052,-2.68052,-2.04052,0.13947998,0.54947996,-0.54052,0.51948,-1.61052,-1.25052,2.08948,-3.13052,-1.08052,3.73948,-2.98052,-3.26052,-0.08052002
-5.01052,-4.56052,-4.31052,-3.94052,-2.78052,-1.77052,-1.9105201,-2.57052,-2.70052,-3.16052,-2.76052,-3.88052,-3.72052,-4.43052,-4.37052,-4.51052,-4.2305202,-4.08052,-3.77052,-3.66052,-3.76052,-3.59052,-3.1005201,-3.1005201,-2.1105201,-1.1705201,-1.89052,0.80947995,-2.39052,-2.32052,-3.92052,-3.77052,-1.65052,-0.96052,0.10947998,1.3294799,0.44947997,0.60947996,0.86947995,-0.77052003,-0.01052002
-4.21052,-3.88052,-3.6105201,-3.3605201,-2.84052,-1.96052,-0.99052,-3.20052,-3.67052,-4.01052,-4.07052,-3.73052,-3.47052,-4.11052,-4.2305202,-2.77052,-3.79052,-5.33052,-5.26052,-5.34052,-5.51052,-4.93052,-3.52052,-4.72052,-4.35052,-5.11052,-3.79052,-2.54052,-1.32052,-3.77052,-1.68052,0.76948,2.77948,1.0794799,1.8394799,0.80947995,0.60947996,0.43947998,0.23947997,0.90948,0.72947997
-2.78052,-2.83052,-2.51052,-2.28052,-2.3605201,-1.99052,-1.00052,-1.76052,-1.97052,-2.45052,-3.1105201,-2.84052,-3.20052,-3.06052,-2.73052,-3.74052,-3.1005201,-1.96052,-3.51052,-3.6005201,-4.31052,-3.71052,-3.66052,-1.72052,-3.38052,-4.69052,-2.68052,-2.12052,-1.51052,-0.70052004,1.30948,1.24948,1.61948,0.71948,2.09948,1.0794799,0.60947996,1.23948,0.91947997,1.6994799,-0.31052002
-2.26052,-1.58052,-1.96052,-1.86052,-1.97052,-1.85052,-1.09052,0.119479984,1.4594799,1.10948,1.26948,-2.04052,-1.44052,-1.74052,-1.4205201,-2.01052,-1.9105201,-2.1005201,-1.93052,-1.31052,-2.14052,-2.07052,-1.89052,-1.95052,-1.77052,-0.68052,-0.31052002,-1.09052,-0.17052002,0.01947998,-0.24052002,0.22947998,-1.28052,0.82948,0.97947997,0.32948,0.24947998,0.80947995,1.27948,0.21947998,0.57948
-0.99052,-1.50052,-0.97052,-1.2905201,-1.21052,-0.95052004,-1.12052,-0.35052,-0.77052003,0.74948,1.25948,1.9594799,0.43947998,1.24948,1.02948,0.46947998,0.38948,0.47947997,0.47947997,0.62948,0.48948,-0.14052002,-0.40052003,0.30947998,0.95948,0.93948,0.31947997,0.66947997,0.34947997,-0.33052003,-0.51052004,-0.55052,-0.32052,-0.85052,-0.24052002,0.14947999,0.59948,1.0894799,1.00948,1.29948,0.35948
0.52948,0.17947999,-1.11052,-0.01052002,-0.13052002,-0.26052,-0.77052003,-0.26052,-0.25052002,-0.11052002,1.18948,2.00948,1.47948,1.92948,2.53948,2.6494799,2.43948,2.31948,1.86948,1.85948,2.56948,2.58948,1.6994799,1.7094799,1.37948,1.75948,1.66948,1.91948,0.98947996,0.68948,-1.08052,0.039479982,-0.41052002,-0.85052,-0.32052,-1.12052,0.25947997,0.73947996,2.37948,1.10948,2.12948
1.02948,1.2094799,0.48948,1.92948,1.96948,1.86948,1.65948,1.99948,1.81948,1.8394799,1.04948,2.6494799,2.1394799,1.90948,3.1494799,3.30948,3.95948,3.85948,3.74948,3.85948,3.43948,3.09948,3.35948,2.60948,2.48948,2.48948,2.06948,2.83948,2.61948,2.51948,0.61947995,3.01948,2.44948,1.38948,1.4594799,1.42948,-1.58052,0.61947995,1.00948,1.36948,1.14948
