wind_kz.json
{"header": {"discipline":0,"disciplineName":"Meteorological products","gribEdition":2,"gribLength":1025,"center":7,"centerName":"US National Weather Service - NCEP(WMC)","subcenter":0,"refTime":"2023-10-04T00:00:00.000Z","significanceOfRT":1,"significanceOfRTName":"Start of forecast","productStatus":0,"productStatusName":"Operational products","productType":1,"productTypeName":"Forecast products","productDefinitionTemplate":0,"productDefinitionTemplateName":"Analysis/forecast at horizontal level/layer at a point in time","parameterCategory":2,"parameterCategoryName":"UnknownDiscipline_0_Category_2","parameterNumber":2,"parameterNumberName":"UnknownParameter_D0_C2_2","parameterUnit":"Unknown","genProcessType":2,"genProcessTypeName":"Forecast","forecastTime":0,"surface1Type":103,"surface1TypeName":"Specified height level above ground","surface1Value":10.0,"surface2Type":255,"surface2TypeName":"Missing","surface2Value":0.0,"gridDefinitionTemplate":0,"gridDefinitionTemplateName":"Latitude_Longitude","numberPoints":615,"shape":6,"shapeName":"Earth spherical with radius of 6,371,229.0 m","gridUnits":"degrees","resolution":48,"winds":"true","scanMode":64,"nx":41,"ny":15,"basicAngle":0,"lo1":47.0,"la1":41.0,"lo2":87.0,"la2":55.0,"dx":1.0,"dy":1.0}, "data":
[rows 0 to 14 of 15, columns 0 to 40 of 41]
0.3777887,-0.6422113,0.8177887,6.6677885,6.7577887,5.0677886,5.247789,-2.2822113,-4.672211,-2.9122114,-3.8222113,-3.5222113,-3.8622112,-3.5622113,-2.9422114,-3.9722114,-3.4622114,-2.9822114,-4.2422113,-3.5322113,-2.5422113,-1.7422113,-0.9522113,-2.5622113,0.2477887,-1.1522113,-2.9522114,0.0977887,1.5577887,0.1677887,-0.9922113,2.5677886,0.6377887,0.6277887,-1.5422113,-0.9122113,-2.1622114,-1.2322114,-0.15221131,-2.2122114,-1.8322113
-0.4922113,1.0177886,6.077789,7.057789,6.4477887,3.8077886,-3.0622113,-6.1022115,-4.8522115,-3.8322113,-3.5622113,-3.7322114,-3.1022112,-2.0922112,-3.4422114,-4.6422114,-3.5222113,-3.8322113,-2.1522112,-2.9622114,-2.9522114,-1.9522113,-0.9222113,-2.5422113,0.4677887,0.6577887,-1.0122113,1.2677886,-0.18221131,-0.7722113,0.2477887,-0.4322113,1.0977887,-2.6322112,0.0077886963,0.1677887,-1.1122113,0.2477887,-0.062211305,1.1277887,0.027788697
2.4777887,6.6677885,4.247789,7.367789,4.747789,-4.1422114,-5.172211,-3.9822114,-5.3522115,-3.8922112,-3.6122112,-2.7122114,-2.7722113,-4.2822113,-4.672211,-4.5722113,-5.5322113,-3.2822113,-2.4422114,-0.8222113,-4.5122113,-3.8822112,-3.7922113,-3.4322114,0.027788697,-2.8422112,-2.4322114,-0.6322113,-1.3622113,-0.6022113,-1.3222113,1.7577887,-0.18221131,-0.6222113,-0.5722113,-0.3422113,-0.1922113,0.9077887,-0.9922113,1.7277887,1.8977886
1.7777886,3.2977886,1.2477887,-1.5522113,-6.8022113,-6.6022115,-3.7122114,-4.212211,-3.5922112,-3.4722114,-2.7822113,-3.5622113,-4.0822115,-5.982211,-4.3522115,-4.1222115,-4.382211,-4.272211,-3.6522112,-3.1722114,-2.9822114,-2.3922112,-1.6922113,-3.6322112,-3.5322113,-3.3422112,-2.7222114,-3.2022114,-1.2122113,-0.7222113,0.8277887,-0.2822113,-1.7322114,-2.8422112,-2.5222113,-1.9622113,-1.7422113,1.7877887,0.2677887,-1.0622113,0.2877887
0.7177887,0.4877887,-3.0322113,-2.5522113,-4.4722114,-1.9022113,-3.7722113,-2.5122113,-2.9622114,-2.8822112,-2.4322114,-2.8822112,-4.7822113,-5.4722114,-5.7422113,-4.0722113,-3.8022113,-3.3922112,-3.7422113,-4.0922112,-4.4522114,-3.7922113,-3.8722112,-3.3922112,-3.2622113,-3.0822113,-3.4122114,-2.0422113,-0.2222113,-0.1622113,-0.3722113,-0.1322113,-1.3822113,1.3377887,2.5077887,1.2377887,-0.4322113,-0.7022113,0.1477887,-0.0722113,-0.50221133
1.7877887,1.2377887,-3.3522112,-7.0422115,-6.9722114,0.6877887,-3.4722114,-3.9622114,-3.0722113,-2.9222114,-2.7022114,-4.2022114,-4.7622113,-5.442211,-5.0922112,-3.5622113,-3.0922112,-3.4222114,-3.9922113,-3.7222114,-3.8722112,-2.8022113,-2.9322114,-3.1022112,-3.0822113,-2.9122114,-1.4422113,-1.6522113,-1.1022114,0.027788697,0.1977887,1.9377887,2.7077887,3.2777886,0.80778867,-2.1422112,0.3977887,2.0377886,2.4877887,0.3177887,-0.6122113
1.4177887,0.5777887,-1.2322114,-4.5922112,-5.962211,-4.9122114,-4.272211,-2.9722114,-3.1022112,-2.1222112,-2.4722114,-2.8122113,-3.0622113,-3.0822113,-2.6922114,-2.5422113,-3.1322112,-3.7622113,-4.1222115,-3.8622112,-3.0022113,-2.8322113,-2.6322112,-2.3722112,-2.6822114,-2.2322114,-1.4822114,-1.8522114,-1.9122113,-2.7722113,-1.2922113,1.2877887,2.2277887,-2.7322114,-3.0622113,-0.9022113,-0.18221131,1.6677887,0.5277887,0.08778869,3.2677886
-0.7822113,1.2677886,-0.4422113,-0.9022113,-3.9622114,-4.1422114,-2.7522113,-0.9822113,-2.1522112,-1.3922113,-1.4322113,-2.2522113,-2.2622113,-3.0922112,-2.7822113,-3.2322114,-3.4122114,-3.1522112,-2.4822114,-3.6422112,-2.4122114,-2.7922113,-2.0622113,-2.9822114,-2.7022114,-1.4522113,-1.6022114,-1.2522113,-2.0222113,-1.6922113,-1.7022113,-0.092211306,0.35778868,-1.6522113,-1.6222113,0.9477887,0.3377887,3.5277886,1.7577887,3.1277888,-1.8222113
2.3277886,2.4477887,1.6777887,1.3777887,1.2677886,2.7977886,2.3377886,3.1077888,0.5277887,1.7877887,0.20778869,-1.4622113,-0.6522113,-1.4722114,-2.0622113,-2.0022113,-2.7422113,-2.8022113,-2.1822114,-1.7222114,-2.3222113,-1.8022113,-2.0022113,-2.8222113,-2.5522113,-2.3822112,-1.8522114,-1.5122113,-1.1822113,-0.9322113,-1.6022114,-1.1322113,0.4877887,1.0777887,0.9677887,-0.7322113,0.4277887,-1.3022113,0.8977887,-0.4422113,-1.4322113
1.0777887,2.1577888,1.1777887,2.0077887,2.5877886,2.6177888,2.9877887,5.017789,2.9777887,1.7777886,1.3377887,0.7077887,0.057788696,0.5677887,-0.022211304,-0.2522113,-1.3022113,-1.9622113,-2.2422113,-1.9922113,-1.5322113,-0.7822113,-0.9122113,-2.3222113,-2.8022113,-2.6122112,-2.0522113,-0.8922113,-1.4822114,-0.4522113,1.0277886,1.8577887,2.1777887,-0.1422113,-1.0822113,-0.2422113,-0.9722113,-0.3022113,0.0077886963,0.8377887,-1.2622113
-0.5622113,-0.8622113,-1.0322113,1.3577887,1.7477887,0.5877887,1.3377887,1.9577887,0.1477887,3.2577887,1.6077887,1.2977887,0.5777887,0.8577887,1.1977887,0.8577887,0.3377887,0.8477887,-0.9122113,-0.50221133,-0.2322113,-0.5622113,-0.7322113,-1.7822113,-1.6422113,-0.94221133,-0.9022113,-0.3822113,-0.5422113,1.0777887,0.8877887,-0.022211304,-0.8422113,-0.7422113,0.5677887,-0.012211304,-0.4722113,0.0977887,0.027788697,1.0077887,-0.7722113
0.8877887,0.1277887,0.1277887,-0.69221133,1.1177887,0.5777887,0.4377887,1.9477887,1.4277887,1.4177887,0.6177887,1.9077888,0.6877887,1.1077887,2.0477886,1.5077887,1.7277887,1.4877887,-0.102211304,0.8277887,-0.042211305,0.7677887,-0.092211306,-0.4022113,-0.5822113,0.077788696,0.057788696,-0.21221131,-0.9822113,-1.2922113,-0.9322113,-1.8322113,-1.4222113,-2.5322113,-1.4922113,-1.4822114,-1.7922113,-0.7922113,0.0977887,0.047788695,-0.12221131
1.2577887,1.1177887,1.3777887,0.2977887,0.6577887,1.0277886,1.1377887,0.5077887,1.0077887,0.4077887,0.5277887,1.2277887,0.5477887,2.1977887,1.5677887,1.7077887,1.6277887,1.6977887,0.8277887,1.4477887,0.55778867,1.0577887,1.1077887,0.7077887,2.3377886,1.0977887,1.3277887,0.7077887,-0.5222113,-0.69221133,-0.7922113,-1.1322113,-1.0722113,-1.7222114,-1.1522113,-1.8922113,-1.4422113,-0.9922113,-2.2722113,-1.1322113,-0.50221133
1.9977887,1.5977887,1.8577887,1.5277886,0.8577887,1.4477887,-0.012211304,0.1977887,0.7877887,1.6377887,-0.6522113,-0.7622113,2.9277887,2.9177887,2.5177886,2.5277886,1.7677886,1.8077887,0.2177887,2.2977886,1.9277887,2.1477888,2.0777886,2.0377886,1.9077888,0.9077887,0.7677887,1.4377887,1.2277887,1.4577887,1.4877887,1.2177887,0.5477887,0.117788695,-0.062211305,-0.39221132,-0.6822113,-0.8622113,-1.2622113,-0.8322113,-0.2222113
1.2977887,2.2677886,3.4577887,2.4877887,2.1377888,1.0277886,1.1077887,1.5877887,2.0577886,1.2477887,0.3677887,1.4777887,0.5677887,1.2077887,3.3877888,2.0777886,2.7177887,2.5777886,2.1977887,2.9277887,2.6277888,1.9377887,1.6877887,1.8577887,1.4277887,1.5477887,1.8777887,2.0677886,2.2277887,2.6077888,3.1777887,3.5277886,2.3877888,2.2377887,2.0477886,2.2977886,0.8977887,1.2877887,1.2177887,0.5977887,-0.4222113
