wind_kz.json
{"header": {"discipline":0,"disciplineName":"Meteorological products","gribEdition":2,"gribLength":1025,"center":7,"centerName":"US National Weather Service - NCEP(WMC)","subcenter":0,"refTime":"2023-10-03T06:00:00.000Z","significanceOfRT":1,"significanceOfRTName":"Start of forecast","productStatus":0,"productStatusName":"Operational products","productType":1,"productTypeName":"Forecast products","productDefinitionTemplate":0,"productDefinitionTemplateName":"Analysis/forecast at horizontal level/layer at a point in time","parameterCategory":2,"parameterCategoryName":"UnknownDiscipline_0_Category_2","parameterNumber":3,"parameterNumberName":"UnknownParameter_D0_C2_3","parameterUnit":"Unknown","genProcessType":2,"genProcessTypeName":"Forecast","forecastTime":60,"surface1Type":103,"surface1TypeName":"Specified height level above ground","surface1Value":10.0,"surface2Type":255,"surface2TypeName":"Missing","surface2Value":0.0,"gridDefinitionTemplate":0,"gridDefinitionTemplateName":"Latitude_Longitude","numberPoints":615,"shape":6,"shapeName":"Earth spherical with radius of 6,371,229.0 m","gridUnits":"degrees","resolution":48,"winds":"true","scanMode":64,"nx":41,"ny":15,"basicAngle":0,"lo1":47.0,"la1":41.0,"lo2":87.0,"la2":55.0,"dx":1.0,"dy":1.0}, "data":
[rows 0 to 14 of 15, columns 0 to 40 of 41]
1.2890406,-1.7709595,1.8390405,-3.2409594,-5.5909595,-4.9209595,-4.4009595,-6.6009593,-3.1309595,-4.1609592,-2.7309594,-2.0509596,-3.3509595,-5.3209596,-4.8409595,-4.5509596,-3.5609596,-2.3309596,-2.6009595,-0.43095946,-1.4209595,-3.9509594,-3.4909594,-1.0809594,-2.2609594,-0.060959473,-1.3909595,0.75904053,1.7990406,3.6290405,0.5790405,-1.1009594,0.8390405,-1.6309595,0.73904055,0.5290405,-1.4009595,-0.8409595,1.9090406,0.20904052,2.2190406
3.3190405,1.4690405,1.1990405,-1.8209594,-4.6509595,-4.8809595,-4.9009595,-5.8009596,-5.3709593,-2.0409594,-0.6109595,-2.3809595,-3.5709596,-0.95095944,-2.6709595,-3.4809594,-3.9609594,-4.4209595,-5.7209597,-2.5009594,-1.5209595,-0.93095946,-1.4009595,1.1190405,0.73904055,1.1790406,-1.8209594,2.0690405,-0.30095947,1.9490405,2.8490405,3.7690406,1.0290406,-0.31095946,-2.4109595,-1.1909595,-1.8009595,-5.1609592,0.09904053,-2.1409595,1.2590405
1.3890405,4.4990406,0.6390405,-2.2909594,-5.1509595,-2.7809594,-3.9909594,-4.4409595,-3.4909594,1.9290406,-0.44095948,-0.88095945,-2.1909595,-3.1209595,-3.7909594,-3.6109595,-3.5609596,-3.8609595,-4.6409593,-4.0709596,-0.26095948,-1.2709595,-2.9109595,-0.45095947,-0.19095947,1.1990405,0.74904054,0.7890405,-0.47095948,1.8090405,3.9890406,1.0690405,2.0490406,-0.8309595,-0.7809595,3.0290406,3.7690406,-0.23095948,-0.34095946,0.21904053,1.0490406
3.6190405,4.2490406,2.0590405,-0.62095946,-3.1109595,-2.0109594,-4.0909595,-0.2809595,-6.8909593,1.5490406,-0.26095948,-1.5109595,-3.1309595,-4.7009597,-3.8609595,-4.2409596,-3.9409595,-4.0409594,-4.5409594,-4.6809597,-4.1509595,-1.3109595,0.23904052,-1.4909595,-2.2309594,-2.7309594,-1.2209594,-3.5609596,0.16904053,-1.5009595,-0.9209595,-1.2309594,-2.0409594,-0.32095948,-0.56095946,-2.9909594,-0.7209595,2.8790405,2.9790406,1.0190406,1.0690405
1.0690405,2.2190406,3.2490406,2.1290405,0.089040525,-1.8509594,-2.7109594,-9.594727E-4,-4.2209597,3.8690405,2.8990405,-0.13095947,-2.2609594,-4.3509593,-4.3009596,-4.2509594,-3.9509594,-3.7109594,-3.2509594,-4.1909595,-3.7709594,-3.4609594,-1.0309595,-1.9709594,-3.0809596,-2.3209596,-2.7009594,-1.9609594,-2.4509594,-2.8709595,-3.1209595,-0.7809595,2.5190406,2.8490405,-0.50095946,-1.6209595,0.47904053,-2.6909595,0.5190405,0.28904054,-1.1409595
-0.62095946,-0.63095945,2.8590405,4.9890404,3.5190406,0.62904054,-1.5609595,-1.5109595,-1.3309594,2.5990405,2.1790404,0.8590405,-0.9809595,-2.1009595,-3.4109595,-3.9409595,-4.7609596,-4.4609594,-3.5409594,-2.2509594,-3.1009595,-2.2009594,-0.43095946,-0.24095947,-1.1309595,-1.6509595,-2.2709594,-2.8309596,-2.2209594,-2.3609595,-2.6409595,-2.3309596,-2.3209596,-1.5709594,1.4690405,1.8690405,2.7790406,4.1990404,0.31904054,-0.16095947,0.7290405
-1.0509595,-1.3409594,1.8090405,4.9090405,4.4090405,1.7090405,-0.35095948,1.5190406,0.99904054,1.0490406,1.6390405,0.6590405,0.20904052,-1.6209595,-2.1109595,-3.0609596,-3.7809594,-4.4009595,-4.6509595,-0.46095946,-1.5509595,-2.0109594,-1.7909595,0.47904053,0.29904053,-0.10095947,-1.1609595,-1.9909595,-2.6809595,-2.3009596,-2.9009595,-3.7709594,-4.3809595,-2.1609595,-1.9909595,-2.3209596,-2.7709594,-1.3009595,1.8090405,0.13904053,1.9890405
-1.4309595,-1.0609595,-2.0309594,1.0990405,5.5490403,2.9590406,1.9290406,3.2990406,2.7290406,0.9790405,0.7690405,0.5990405,1.2090405,0.56904054,-1.8409594,-2.3709595,-3.0509596,-3.0609596,-3.6709595,0.5390405,-0.23095948,-0.9609595,-1.8709595,-0.93095946,1.8590405,0.81904054,1.2390405,-0.11095947,-0.5909595,-1.9809594,-1.7709595,-2.0409594,-3.4309595,-3.6509595,-0.6609595,0.45904052,-1.3509594,-0.7209595,-0.5209595,-0.20095947,-0.7809595
-2.5109594,-1.5809594,-3.8909595,1.6890405,3.7090406,2.7290406,3.0290406,1.7090405,3.3690405,4.1290407,1.0890405,0.68904054,2.2890406,2.2490406,0.21904053,0.37904054,-1.7609595,-2.1509595,-2.0609596,-2.3109596,1.4490405,-0.39095947,-1.1609595,-0.6009595,0.50904053,1.3790405,0.41904053,0.41904053,0.019040527,0.4690405,0.26904052,-0.10095947,0.6390405,-0.93095946,-0.93095946,-0.82095945,-2.6809595,-0.40095946,0.5890405,0.39904052,-1.5809594
-0.56095946,-0.6609595,-2.5109594,-3.5809596,3.3790405,3.4990406,3.0690405,3.2290406,2.4390404,3.1990404,2.9590406,2.9890406,3.3190405,2.5290406,-0.9009595,1.2490405,1.8890405,-0.43095946,-1.6009594,-1.0309595,1.2490405,1.5290406,0.089040525,-0.33095947,0.03904053,1.0890405,0.92904055,0.9590405,-0.040959474,0.67904055,1.6390405,1.5790405,0.75904053,0.26904052,-0.6409595,-0.6009595,-0.090959474,-2.2609594,-0.29095948,2.4690406,2.2390406
0.43904054,0.55904055,1.9590405,2.7290406,-4.0009594,0.74904054,3.0790405,3.8090405,3.7790406,2.5190406,2.5390406,2.3290405,1.4490405,2.1090405,0.029040527,1.5590405,3.3190405,2.5290406,1.3490405,0.81904054,1.5290406,1.5790405,0.80904055,0.5190405,-0.19095947,0.12904052,0.25904053,1.3990406,1.5190406,2.1790404,1.9890405,2.6290405,2.0590405,1.0290406,0.21904053,-0.17095947,-0.26095948,1.4090406,-0.16095947,-0.2509595,0.18904053
0.8390405,1.6090405,1.5690405,2.2690406,1.7290405,-2.3909595,0.29904053,3.5590405,2.8790405,2.9190404,2.3190405,0.10904053,1.9390405,1.9990405,1.6490406,1.2190405,3.2290406,2.9990406,3.1290405,2.7590406,2.9390404,2.0490406,1.7290405,1.4390405,1.1190405,0.55904055,1.6790406,2.4190404,3.2290406,2.7590406,0.5390405,1.9690405,1.6390405,1.4390405,0.79904056,0.8990405,1.2190405,2.0390406,1.5690405,1.3590405,0.8990405
0.42904052,1.2890406,2.9390404,1.9390405,1.9090406,1.4390405,-1.2409595,-1.3509594,4.3390408,3.3390405,2.4390404,2.4690406,2.7190406,3.6990404,2.9690406,2.4790406,2.5490406,2.3690405,3.4090405,3.0390406,3.5090406,3.2090406,2.8390405,2.7390406,2.3990405,2.2590406,2.4690406,2.2790406,2.4890406,2.0290406,1.6590406,1.4090406,1.6590406,2.1790404,1.9390405,1.7390405,1.6190405,1.4190406,1.8590405,1.4690405,1.0490406
-0.55095947,0.24904053,1.3390405,2.9690406,2.3690405,2.1790404,1.7490405,1.3890405,-1.3009595,2.3690405,3.6990404,2.2290406,2.5190406,3.0390406,2.4390404,2.4590406,3.2390406,4.0390406,3.4890406,3.5690405,3.8290405,3.4090405,3.2090406,2.9490404,2.7690406,2.5090406,2.2390406,2.9790406,3.2090406,3.0990405,2.4490404,2.1390405,2.1090405,2.2990406,1.3690405,1.5590405,1.4490405,1.4190406,1.5790405,1.8090405,2.2190406
1.2690406,0.36904052,0.9690405,2.6890404,3.1790404,3.0190406,2.2790406,1.4690405,1.3890405,0.6590405,-0.7909595,2.5590405,2.6690404,1.5490406,3.1690404,2.5090406,2.1290405,3.2490406,3.6590405,3.5590405,4.5190406,4.1690407,3.4990406,3.1890404,3.0790405,3.1490405,3.1190405,3.0590405,2.9290404,2.9690406,2.8990405,3.4790406,2.4990406,2.4690406,2.5490406,2.3490405,2.5790405,3.0490406,2.3590405,2.8490405,1.3990406
