wind_kz.json
{"header": {"discipline":0,"disciplineName":"Meteorological products","gribEdition":2,"gribLength":1025,"center":7,"centerName":"US National Weather Service - NCEP(WMC)","subcenter":0,"refTime":"2023-09-25T00:00:00.000Z","significanceOfRT":1,"significanceOfRTName":"Start of forecast","productStatus":0,"productStatusName":"Operational products","productType":1,"productTypeName":"Forecast products","productDefinitionTemplate":0,"productDefinitionTemplateName":"Analysis/forecast at horizontal level/layer at a point in time","parameterCategory":2,"parameterCategoryName":"UnknownDiscipline_0_Category_2","parameterNumber":3,"parameterNumberName":"UnknownParameter_D0_C2_3","parameterUnit":"Unknown","genProcessType":2,"genProcessTypeName":"Forecast","forecastTime":60,"surface1Type":103,"surface1TypeName":"Specified height level above ground","surface1Value":10.0,"surface2Type":255,"surface2TypeName":"Missing","surface2Value":0.0,"gridDefinitionTemplate":0,"gridDefinitionTemplateName":"Latitude_Longitude","numberPoints":615,"shape":6,"shapeName":"Earth spherical with radius of 6,371,229.0 m","gridUnits":"degrees","resolution":48,"winds":"true","scanMode":64,"nx":41,"ny":15,"basicAngle":0,"lo1":47.0,"la1":41.0,"lo2":87.0,"la2":55.0,"dx":1.0,"dy":1.0}, "data":
[rows 0 to 14 of 15, columns 0 to 40 of 41]
2.1999292,2.0599291,0.5599292,1.5799292,-1.3000708,-4.0900707,-2.7200708,-2.2000709,-1.0400708,-2.6100707,-4.140071,-4.700071,-5.220071,-5.4600706,-5.720071,-6.600071,-4.4200706,-5.040071,-3.8000708,-1.5300708,-3.1300707,-1.4900708,-3.2500708,-1.3100708,4.1399293,2.4599292,1.1899292,0.6799292,-2.4800708,-3.5600708,-1.0300708,2.6499293,-1.7900708,-0.100070804,0.9299292,0.3299292,0.4799292,-0.5600708,-0.6200708,-0.7700708,0.3099292
-1.5600708,1.9499292,2.8099291,1.7899292,-0.6200708,-5.030071,-2.9400709,-2.0200708,-1.9700708,-2.8300707,-5.1300707,-4.6700706,-5.490071,-5.6500707,-6.4200706,-6.260071,-5.970071,-4.8200707,-5.080071,-4.850071,-3.1900709,-4.1300707,-2.4700708,-1.7200708,2.2399292,1.5199292,1.4499292,1.3899292,-0.0500708,-2.2000709,-1.7200708,-1.1700708,-1.5900708,-3.160071,0.1899292,2.7799292,1.3699292,1.7899292,-1.8300709,0.4299292,0.1099292
2.1699293,3.1999292,2.7899292,2.1599293,2.0599291,-0.2800708,-2.2200708,-2.170071,-2.3300707,-3.0200708,-3.920071,-5.9600706,-7.120071,-7.770071,-6.5900707,-6.020071,-6.680071,-6.2500706,-6.410071,-7.560071,-1.4600708,-1.1400708,0.1599292,0.6399292,-2.2100708,-1.9900708,-0.8700708,-1.2900708,-2.2900708,-1.1800708,-1.2100708,-1.5000708,-2.0400708,-1.9800708,-0.5300708,-0.8700708,-1.2800708,-3.9600708,-1.0100708,0.6899292,0.37992918
1.0399292,0.6499292,1.5099292,2.0199292,-0.3400708,-2.7400708,-3.2700708,-2.9800708,-3.6300707,-3.4600708,-4.050071,-2.8500707,-3.4400709,-4.5700707,-6.890071,-5.510071,-4.8600707,-5.4800706,-5.970071,-6.890071,-7.6100707,-2.6200707,-1.2400708,-2.0600708,-1.6700708,-0.2000708,1.1599292,-2.1300707,-0.6900708,-2.7100708,1.6599292,-0.4000708,2.2899292,-0.6500708,-2.2100708,0.6499292,0.5999292,1.8199292,-1.0600708,-1.6800708,-1.6600708
0.3999292,-0.3500708,-1.1300708,-2.0100708,-5.3800707,-3.3100708,-1.9500709,-2.7700708,-2.8300707,-3.4600708,-4.300071,-3.5800707,-0.7500708,-2.420071,-3.6300707,-3.8700707,-5.330071,-4.160071,-5.350071,-5.4800706,-4.0700707,-2.1900709,-0.2300708,-0.3400708,0.7599292,1.2899292,0.6999292,-4.660071,-1.3600708,-2.5800707,-4.1700706,-4.1700706,-0.2600708,0.0799292,0.2499292,1.7599292,0.0699292,-1.8900708,-1.1100708,0.1999292,-0.5000708
2.9899292,3.0099292,0.7999292,-1.1400708,-1.4400707,-0.3200708,-3.2100708,-3.0600708,-3.910071,-3.7400708,-3.7600708,-4.510071,-5.970071,2.1599293,-0.8600708,-4.950071,-4.910071,-4.3800707,-7.3400707,-6.600071,-3.8800707,-2.0800707,-1.9200708,0.2799292,1.1099292,2.8799293,-0.0600708,-5.660071,-0.4900708,-1.7000709,-1.7700708,-3.0700707,-3.3800707,-2.7100708,-1.2000709,-2.0100708,-1.4100708,-1.6000708,4.0799294,0.5699292,0.0799292
0.0999292,0.4099292,0.1299292,-1.4600708,-3.400071,-5.850071,-6.4400706,-5.870071,-4.490071,-4.1500707,-3.3600707,-3.640071,-4.530071,-4.6900706,-6.1300707,-6.6300707,-6.8200707,-6.2300706,-2.890071,-7.140071,-1.6700708,-3.4300709,-7.120071,-1.0800709,-2.0500708,-3.9800708,2.1899292,2.359929,3.0099292,0.1899292,-2.6100707,-2.670071,-1.9500709,-1.8700708,1.3299292,0.9299292,0.8099292,0.2799292,-1.4900708,1.5999292,-2.7500708
-1.1700708,0.8399292,-0.8300708,-2.6900709,-4.640071,-6.290071,-6.700071,-5.7500706,-4.140071,-4.020071,-3.6300707,-2.160071,-3.0400708,-4.9200706,-5.760071,-6.390071,-5.8400707,-3.7000709,-3.7500708,-2.0000708,-1.6100708,-3.400071,-2.410071,0.7599292,1.0399292,0.7599292,2.1199293,0.7299292,-1.9100708,-0.4600708,-2.9300709,0.2299292,-0.4300708,-1.6400708,-1.5300708,-0.3600708,-0.6500708,0.2299292,0.2799292,-0.37007082,-1.9200708
-0.8600708,-0.5800708,-1.7900708,-2.5700707,-4.080071,-5.290071,-5.890071,-5.4200706,-3.8600707,-3.0000708,-2.6900709,-2.6100707,-3.7200708,-4.520071,-5.3400707,-5.390071,-7.410071,-5.6900706,-4.1700706,-3.900071,-3.2100708,-1.5600708,3.4799292,0.6799292,0.2599292,0.6199292,1.9199291,1.1099292,-7.080078E-5,-0.7900708,-2.390071,-2.7900708,-1.7400708,-0.5200708,-1.4200708,-0.9800708,1.9299293,-1.2500708,-1.6300708,-1.2700708,-3.9300709
-3.3400707,-2.170071,-1.6300708,-1.9600708,-3.1100707,-4.540071,-4.510071,-4.6700706,-3.7200708,-2.910071,-3.0200708,-2.670071,-3.2600708,-4.1900706,-4.740071,-5.100071,-5.390071,-5.6500707,-4.1500707,-5.4600706,-4.060071,-1.6800708,-2.0900707,3.6799293,0.4899292,1.2099292,-0.3500708,1.2699292,1.2399292,0.5599292,-0.4200708,-0.2400708,1.0799292,1.9299293,0.9199292,0.1199292,0.5799292,-2.0400708,-0.0900708,2.1799293,2.4799292
-3.2700708,-1.6500708,-1.6300708,-2.9800708,-3.9400709,-3.5000708,-2.7900708,-3.0100708,-3.7700708,-2.9700708,-2.2100708,-1.7400708,-2.8400707,-3.2300708,-4.140071,-4.370071,-4.740071,-5.550071,-5.240071,-3.0700707,-5.060071,-4.240071,-1.6200708,-2.670071,0.8699292,-1.5600708,0.2599292,-0.9000708,-0.7100708,-4.310071,0.2299292,1.7599292,2.2699292,2.3899293,2.6399293,1.4999292,0.3999292,1.9499292,-0.2900708,0.8899292,0.019929199
-1.6200708,-2.2900708,-2.4900708,-3.2200708,-4.3400707,-4.100071,-3.6000707,-3.6100707,-3.1000707,-3.3700707,-3.0900707,-2.150071,0.1199292,-1.8900708,-3.5800707,-3.5200708,-4.040071,-4.290071,-4.540071,-4.1700706,-4.200071,-3.1300707,-4.430071,-3.0400708,-2.5900707,-3.0500708,-3.4500709,-4.200071,-4.0700707,-4.080071,2.1999292,2.609929,2.339929,2.7699292,2.5099292,2.0499291,1.2499292,-0.7700708,0.0899292,0.8199292,0.5499292
-1.7900708,-0.7200708,-1.8900708,-3.7600708,-3.170071,-3.0400708,-3.4900708,-3.3100708,-3.3300707,-2.8400707,-2.0300708,-2.0200708,-1.7600708,-0.9900708,-1.9400707,-2.7300708,-3.2100708,-3.0900707,-3.6100707,-2.920071,-2.2200708,-1.7300708,-1.8300709,-1.5700707,-2.2000709,-2.4300709,-2.1300707,-2.7900708,-3.2800708,-2.650071,-3.3300707,-3.6100707,1.0399292,1.9299293,2.099929,2.839929,2.4899292,1.4399292,2.0299292,0.5499292,-0.6200708
-2.8000708,-2.8300707,-2.420071,-3.0400708,-2.7800708,-2.6300707,-2.890071,-2.4800708,-2.4700708,-1.9000708,-1.2400708,-1.8200707,-1.8600708,-0.5500708,-0.8400708,-1.8000708,-2.1000707,-1.9800708,-1.9800708,-2.4300709,-2.5000708,-2.4300709,0.2299292,-0.4500708,-1.5000708,-2.2800708,-2.3200707,-2.2800708,-2.410071,-2.6900709,-2.4600708,-1.3100708,-1.8700708,3.0499291,1.0899292,2.599929,2.8999293,2.0199292,2.4099293,1.7899292,3.329929
-1.8300709,-2.650071,-1.8700708,-2.1000707,-2.5300708,-2.3800707,-2.390071,-1.9700708,-1.8200707,-1.2200708,0.1999292,0.2699292,-0.0800708,-1.2200708,-0.8600708,-1.0600708,-1.3300709,-1.0500708,-1.3200707,-1.3100708,-1.7000709,-2.2100708,-1.9600708,-0.0500708,-0.1100708,-0.7400708,-1.5800709,-1.7900708,-1.7200708,-1.9400707,-2.4800708,-3.670071,-2.6100707,1.6399292,2.579929,0.8499292,0.9999292,2.6599293,2.6799293,2.8899293,1.8599292
