wind_kz.json
{"header": {"discipline":0,"disciplineName":"Meteorological products","gribEdition":2,"gribLength":1102,"center":7,"centerName":"US National Weather Service - NCEP(WMC)","subcenter":0,"refTime":"2023-09-09T12:00:00.000Z","significanceOfRT":1,"significanceOfRTName":"Start of forecast","productStatus":0,"productStatusName":"Operational products","productType":1,"productTypeName":"Forecast products","productDefinitionTemplate":0,"productDefinitionTemplateName":"Analysis/forecast at horizontal level/layer at a point in time","parameterCategory":2,"parameterCategoryName":"UnknownDiscipline_0_Category_2","parameterNumber":2,"parameterNumberName":"UnknownParameter_D0_C2_2","parameterUnit":"Unknown","genProcessType":2,"genProcessTypeName":"Forecast","forecastTime":0,"surface1Type":103,"surface1TypeName":"Specified height level above ground","surface1Value":10.0,"surface2Type":255,"surface2TypeName":"Missing","surface2Value":0.0,"gridDefinitionTemplate":0,"gridDefinitionTemplateName":"Latitude_Longitude","numberPoints":615,"shape":6,"shapeName":"Earth spherical with radius of 6,371,229.0 m","gridUnits":"degrees","resolution":48,"winds":"true","scanMode":64,"nx":41,"ny":15,"basicAngle":0,"lo1":47.0,"la1":41.0,"lo2":87.0,"la2":55.0,"dx":1.0,"dy":1.0}, "data":
[rows 0 to 14 of 15, columns 0 to 40 of 41]
0.6656183,1.4856182,-1.6343818,-4.594382,-4.4343815,-4.344382,-2.1943817,-6.8943815,-8.664382,-6.704382,-7.114382,-6.1643815,-5.8143816,-4.384382,-4.6043816,-4.244382,-4.264382,-3.4643817,-3.7343817,-3.6043818,-1.1243817,-0.73438174,1.1756183,1.5956182,0.58561826,-0.24438171,1.9456183,3.8456182,4.175618,2.2556183,3.6356182,1.5856183,0.83561826,-1.5343817,2.1156182,0.045618284,1.4256183,2.4856184,1.2556183,3.7856183,-1.0643817
2.2056184,-2.1843817,-5.7343817,-6.0643816,-5.2543817,-3.6043818,-1.5143818,-2.8243818,-3.4643817,-4.3143816,-4.284382,-5.1643815,-3.2543817,-1.8843818,-1.6843817,-1.1543818,-0.5943817,-0.09438171,0.6756183,0.6056183,1.5756183,0.3656183,2.9256182,3.5756183,2.2556183,0.8456183,0.40561828,2.7856183,2.7256184,0.88561827,2.5356183,1.6256183,2.0456183,1.8756183,-0.7043817,-0.3543817,1.3456182,-0.7143817,3.1456182,0.10561828,-1.3943818
-1.5143818,-5.2343817,-3.7243817,-3.3643818,-2.6443818,-0.73438174,-2.9643817,-0.6343817,-0.46438172,-2.0043817,-2.5043817,-1.6543818,-1.1443818,-0.23438172,3.2956183,3.5856183,1.5756183,2.2656183,4.8256183,4.3156185,4.6456184,4.635618,5.795618,7.2256184,5.6456184,6.3956184,2.1356182,3.8156183,-1.7143817,-1.1743817,0.34561828,-0.4843817,2.9456184,-0.40438172,-1.7843817,-0.7743817,-0.12438171,-1.8043817,4.295618,5.405618,4.4556184
-3.0043817,-2.0143816,-0.07438172,0.47561827,1.2056183,2.3256183,-1.0343817,1.2056183,3.1256182,4.045618,2.2056184,2.1656182,-6.114382,-5.204382,0.5656183,3.6556182,2.5756183,2.4956183,4.0756183,4.635618,5.5856185,6.8056183,7.6856184,7.525618,9.625618,8.945619,8.685618,3.6956184,-1.7343817,-1.5243818,-1.0143818,0.57561827,5.8256183,2.7056184,0.70561826,0.7156183,-0.014381714,1.3256183,-2.5743818,-2.9643817,-2.8843818
-4.6543818,-2.1043818,1.0256183,1.1656183,4.045618,2.3256183,1.3856183,0.6956183,-0.67438173,0.22561829,0.8156183,-4.994382,-3.1143818,-0.8243817,2.6656182,6.5356183,5.5356183,5.1656184,4.7656183,5.6456184,6.4956183,8.635618,9.705618,10.285618,10.945618,10.835618,9.245618,9.3156185,9.075619,0.3056183,2.5856183,-3.8643818,2.5156183,1.9156183,-3.2343817,-2.3043816,1.0856183,-1.5243818,-3.4643817,-1.1543818,-0.004381714
3.8456182,4.2656183,3.1156182,1.4656183,1.8356183,1.5656183,3.8256183,2.1956184,1.7856183,2.2656183,3.5256183,3.3956182,0.8156183,3.1556182,5.965618,5.005618,6.635618,6.3556185,6.775618,6.3156185,7.925618,9.695619,10.8956175,10.595617,10.865618,9.975618,9.895618,4.4956183,6.6056185,8.425618,0.065618284,3.1156182,2.4356184,-1.3043817,-1.6843817,1.7156183,3.0656183,3.4156182,5.5956182,-1.5343817,-3.5343816
4.115618,5.135618,7.5156183,5.1656184,3.0756183,4.4556184,4.945618,3.7356184,4.9156184,3.9156182,4.195618,4.755618,5.4756184,6.025618,5.9956183,6.1656184,6.655618,7.235618,7.005618,7.005618,8.765618,9.255618,12.155618,8.185618,7.5956182,7.7856183,7.425618,4.945618,-2.5243816,-5.134382,-4.1943817,-0.5143817,-3.4343817,-1.0243818,0.4156183,1.7356182,2.2556183,-1.3743817,2.3456182,-0.06438171,0.9956183
4.275618,4.675618,5.4956183,4.235618,5.4556184,4.8456182,3.8756182,4.465618,3.6656182,4.1656184,4.735618,5.4556184,6.005618,6.2256184,6.135618,6.615618,6.3156185,6.3056183,5.9756184,6.525618,6.695618,7.6456184,7.9956183,5.135618,5.045618,3.9556184,2.7756183,-1.9543817,-3.0643816,-2.1643817,-2.2543817,-3.9843817,-0.7443817,-1.1543818,-0.5843817,-4.244382,-2.6943817,3.1856184,4.8056183,4.775618,2.9156182
2.4756184,1.5056183,1.8856183,2.1056182,3.7856183,5.135618,3.7556183,4.365618,4.4356184,5.485618,5.755618,6.8456182,6.3156185,6.485618,6.2656183,6.2056184,6.275618,5.7056184,5.5956182,5.635618,5.5756183,7.1856184,4.0656185,0.2956183,0.82561827,-0.7843817,-2.4843817,-2.7243817,-2.2043817,-1.0443817,1.0756183,-1.2843817,-2.5043817,-1.4543817,0.20561829,-0.9743817,-1.4643817,-1.0943817,-0.114381716,0.4856183,1.2856183
0.025618287,0.9156183,1.9656183,4.505618,5.8356185,5.675618,4.0156183,6.115618,7.465618,6.755618,6.7656183,7.655618,7.7256184,6.9156184,6.365618,6.925618,7.735618,6.6456184,5.4556184,6.0356183,4.0756183,4.4156184,7.045618,0.8156183,-1.3343817,-3.7343817,-3.9943817,0.095618285,-1.7943817,-2.0043817,-4.8143816,-4.594382,-2.8743818,0.21561828,0.44561827,-2.9543817,-1.8243817,0.9256183,1.4556183,0.9456183,0.8156183
-1.3443817,-0.07438172,1.1556183,3.8956182,4.675618,6.3556185,6.3456182,6.5156183,6.755618,7.005618,6.9356184,7.465618,6.4556184,5.0756183,6.1456184,8.905619,6.7456183,6.505618,5.6256185,6.8056183,1.4656183,4.3556185,5.445618,-1.5743817,-0.07438172,-5.534382,-5.5043817,-5.5643816,-3.5643816,-5.034382,-5.3143816,-3.8043816,-1.9343817,-2.2743816,-2.9243817,-1.0043817,-0.6443817,0.3856183,0.49561828,0.035618287,0.7856183
-0.1543817,-1.3843818,1.5256183,2.6156182,4.135618,5.545618,4.9556184,3.8256183,4.795618,2.4956183,5.6856184,4.1456184,5.6856184,8.485619,7.9956183,7.2856183,8.075619,4.9556184,4.3356185,4.3256183,1.2156183,3.4956183,1.7356182,-3.2243817,-3.9743817,-6.9243817,-6.4343815,-5.2343817,-5.3743815,-3.8243818,-2.4243817,-4.1943817,-3.2943816,-1.9943817,-2.3543818,-1.8243817,-1.5743817,-1.7243817,0.025618287,-0.37438172,-0.6443817
-0.16438171,2.5056183,3.4456184,5.5556183,7.155618,5.3056183,7.1856184,5.4356184,6.3156185,5.0756183,3.8756182,5.8956184,5.865618,4.365618,4.1856184,1.1356183,2.4656184,1.4356183,0.37561828,-3.3643818,-0.004381714,-0.4243817,1.9356183,-7.2743816,-6.4143815,-7.2943816,-7.2943816,-4.974382,-4.364382,-3.3743818,-4.0643816,-4.4343815,-3.5643816,-2.1043818,-2.0443816,-1.4043818,-0.73438174,0.8556183,-0.06438171,0.25561827,0.7756183
3.8856182,3.5756183,4.985618,2.5656183,-1.8343817,-4.6443815,-7.054382,-4.494382,-1.4743817,0.27561828,1.7556183,-2.1643817,-3.9543817,-6.3943815,-6.7343817,-6.3543816,-6.1243815,-5.2943816,-4.264382,-3.4343817,2.7156184,-7.014382,-7.3543816,-7.6543818,-7.384382,-6.4043818,-5.1743817,-4.554382,-3.5643816,-3.2043817,-2.5843818,-2.6443818,-1.9443817,-1.4143817,-1.4643817,-1.5143818,-1.1343818,0.58561826,0.89561826,-0.054381713,-2.0443816
-0.7143817,-4.224382,-5.1743817,-5.7143817,-6.2143817,-5.6543818,-7.264382,-7.5243816,-6.6743817,-5.7943816,-4.1643815,-6.974382,-6.3143816,-4.6843815,-5.2543817,-6.1643815,-7.1843815,-6.6643815,-5.5443816,-5.284382,-7.1443815,-7.7143817,-5.7943816,-5.534382,-4.574382,-3.7443817,-3.4843817,-3.7843816,-3.5343816,-3.1943817,-2.3843818,-2.1443818,-1.3643817,-1.2843817,-1.8243817,-1.7443817,-0.9643817,-0.14438172,0.8156183,1.4556183,-0.5943817
