wind_kz.json
{"header": {"discipline":0,"disciplineName":"Meteorological products","gribEdition":2,"gribLength":1025,"center":7,"centerName":"US National Weather Service - NCEP(WMC)","subcenter":0,"refTime":"2023-08-06T06:00:00.000Z","significanceOfRT":1,"significanceOfRTName":"Start of forecast","productStatus":0,"productStatusName":"Operational products","productType":1,"productTypeName":"Forecast products","productDefinitionTemplate":0,"productDefinitionTemplateName":"Analysis/forecast at horizontal level/layer at a point in time","parameterCategory":2,"parameterCategoryName":"UnknownDiscipline_0_Category_2","parameterNumber":3,"parameterNumberName":"UnknownParameter_D0_C2_3","parameterUnit":"Unknown","genProcessType":2,"genProcessTypeName":"Forecast","forecastTime":300,"surface1Type":103,"surface1TypeName":"Specified height level above ground","surface1Value":10.0,"surface2Type":255,"surface2TypeName":"Missing","surface2Value":0.0,"gridDefinitionTemplate":0,"gridDefinitionTemplateName":"Latitude_Longitude","numberPoints":615,"shape":6,"shapeName":"Earth spherical with radius of 6,371,229.0 m","gridUnits":"degrees","resolution":48,"winds":"true","scanMode":64,"nx":41,"ny":15,"basicAngle":0,"lo1":47.0,"la1":41.0,"lo2":87.0,"la2":55.0,"dx":1.0,"dy":1.0}, "data":
[rows 0 to 14 of 15, columns 0 to 40 of 41]
2.3404663,-1.6795337,-0.9695337,-5.319534,-5.1895337,-5.0195336,-5.299534,-1.8695337,-0.5395337,-4.8095336,-4.819534,-9.619534,2.6104662,4.030466,4.3804665,3.2404664,1.7204663,-1.2995337,-1.6995337,-3.2095337,-5.1595335,-4.8495336,-3.9195337,-0.7495337,-2.4995337,0.010466308,-0.16953368,2.2004664,1.2604663,-1.0395337,-1.0695337,-0.8095337,0.8804663,-3.0495336,-3.6695337,-1.7195337,-4.9195337,-3.3295336,-1.7095337,-4.1495337,-0.54953367
2.4304664,0.2604663,-4.529534,-4.489534,-6.4295335,-6.9995337,-8.069533,-3.9095337,-4.549534,-4.1695337,-4.6395335,-2.6595337,-3.9795337,-5.3095336,-7.7295337,-0.9695337,5.1704664,2.1404662,0.6604663,-1.2195337,-4.1495337,-4.3695335,-1.4995337,-0.9395337,0.3604663,-2.9595337,-4.9995337,-0.7895337,-0.54953367,-0.6395337,0.9104663,-0.8995337,-2.0295336,-1.0095336,-2.0895338,-1.8295337,-2.2095337,-5.719534,-5.469534,-1.2095337,2.3604662
0.5304663,-0.8295337,-4.109534,-4.9995337,-5.259534,-5.2495337,-5.6995335,-6.4495335,-4.2295337,-2.4895337,-2.2195337,2.7404664,0.22046632,-2.2395337,-3.8995337,-6.739534,-7.2695336,3.7404664,4.990466,1.9904664,-2.9595337,-4.7895336,-1.9595337,-0.60953367,-0.7695337,-1.0195336,0.19046631,1.1504663,-0.66953367,2.2504663,2.4204664,1.0504663,2.1204662,-1.2695336,1.0804663,2.1804664,0.5504663,0.3504663,-0.4895337,-0.5195337,0.5404663
1.7204663,-2.5695336,-3.0695336,-5.009534,-4.6495337,-5.6995335,-6.6195335,-5.0795336,-4.509534,-4.819534,-4.989534,-1.1195337,2.4404664,1.8304663,0.22046632,-2.5795336,-4.9495335,-5.379534,-2.3995337,4.0404663,1.9204663,-1.5295337,-0.3295337,-2.1695337,-3.3495338,-2.5495336,-2.6995337,-3.8495338,-0.09953369,-0.60953367,-2.5195336,-3.5195336,-2.6995337,0.5004663,-0.20953369,-3.2495337,-0.2995337,3.1204662,0.8804663,0.8104663,1.0304663
-3.1595337,-2.7895336,0.16046631,-0.6495337,-1.8895336,-2.7695336,-3.7295337,-3.5795336,-3.0695336,-3.3995337,-2.7795336,-2.9595337,-5.7695336,-4.5195336,-3.0195336,-1.7395337,-3.3095336,-3.3295336,-3.6195338,0.13046631,4.2104664,3.1304662,-2.4495337,-1.7295337,-1.8795336,0.25046632,-1.3795336,-3.5295336,-1.2495337,-2.4595337,-3.1195338,-0.009533691,2.8204663,3.8104663,-0.66953367,-1.6995337,-0.019533692,-0.8095337,2.1604662,0.58046633,-1.0695337
-3.4895337,-2.5195336,-3.8595338,-2.5895338,1.1804663,-1.3395337,-2.2695336,-2.4895337,-2.0695336,-0.019533692,-0.11953369,0.19046631,-0.5095337,0.6804663,-2.2095337,-2.7295337,-1.2195337,-1.0495337,-3.1895337,-2.2095337,1.6304663,5.0204663,1.8604664,-0.91953367,3.2904663,0.4504663,2.6404662,0.15046631,-2.8095336,-2.3195336,-2.9995337,-2.3895338,-2.1495337,1.1404663,2.4704664,0.7804663,2.7804663,3.9904664,2.3104663,0.1704663,-1.8195337
-3.2695336,-5.9395337,-5.859534,-4.5795336,-6.6195335,-4.719534,-1.7295337,-2.2195337,-1.9095337,-0.20953369,0.6304663,1.9204663,1.3504663,0.64046633,2.0204663,-0.4195337,-1.5195336,-3.4395337,-5.4395337,-5.2695336,-4.009534,-2.1395338,5.200466,3.8804662,3.0504663,2.4504664,3.2004664,3.2404664,-0.009533691,-1.6495337,-1.6595337,-1.6095337,-3.8795338,-2.0995338,-0.6595337,-0.8795337,-3.0195336,-1.4395337,1.8104663,0.4104663,1.0404663
-3.7495337,-4.8295336,-5.509534,-3.2295337,-5.029534,-5.2295337,-5.4995337,-5.299534,-4.879534,-6.029534,-3.0595336,-1.1495337,1.2704663,1.7104663,0.9904663,-0.54953367,-0.6795337,-2.0295336,-3.8995337,-5.5195336,-6.3295336,-4.9195337,-3.8795338,3.7604663,4.9404664,3.8104663,4.5004663,3.9604664,2.1904664,2.2704663,1.0404663,0.7704663,-2.0095336,-3.3495338,-0.8695337,1.9004663,0.5904663,-0.07953369,1.5504663,-0.089533694,-1.4495337
-3.1395338,-3.7095337,-2.1995337,-3.5895338,-1.3795336,-1.9595337,-2.3595338,-4.3495336,-2.5495336,-2.9095337,-2.8595338,-2.9295337,-2.8895338,-3.1095338,-0.10953369,-2.8695338,-2.6795337,-1.1195337,-0.9295337,-2.5595336,-4.3895335,-6.1495337,-3.5395336,-3.5895338,-2.1595337,5.240466,3.6904664,3.7704663,4.5604663,2.4304664,3.1204662,3.0904663,3.2604663,0.4104663,-0.3095337,1.0704663,-4.009534,-0.3395337,0.7704663,0.06046631,-1.5795337
-4.469534,-5.1195335,-1.0895337,-2.8195336,-2.7195337,-2.4895337,-2.0395336,-1.3395337,-1.6395336,-0.9095337,-0.8695337,-2.1095338,0.4204663,0.2604663,0.020466309,1.6104664,-1.2895337,-0.4595337,2.2304664,0.6504663,-0.73953366,-2.1995337,-3.2295337,-3.6395338,-4.1695337,-0.3395337,4.530466,4.140466,4.010466,3.8804662,4.4404664,5.3104663,4.4804664,3.7604663,2.3304663,1.1804663,0.21046631,-3.5395336,-1.3495337,1.0804663,1.5504663
-3.2295337,-5.069534,-0.66953367,-1.3895336,-2.3895338,-2.4195337,-3.0295336,-3.3395338,-2.4995337,-0.79953367,-1.1795337,-0.5795337,-0.06953369,0.40046632,0.5404663,0.010466308,0.21046631,-0.6495337,-0.1295337,1.4104663,2.0904663,1.6504663,-1.4695337,-1.7295337,-0.8995337,1.7104663,0.4104663,2.5004663,4.5004663,5.2104664,4.8004665,7.0504665,4.6704664,4.0504665,4.3504663,1.4804664,0.22046632,2.1404662,0.76046634,1.0504663,0.05046631
-2.3495338,-2.3195336,-1.4795337,-1.4295337,-1.4495337,-3.2295337,-3.4095337,-2.7695336,-1.3495337,-1.0795337,-1.7995337,-1.8595337,-1.2595336,-0.009533691,1.0704663,3.4004662,2.2804663,1.0504663,-0.3695337,-1.1795337,-0.7595337,0.3904663,1.6404663,2.3304663,1.6204664,0.64046633,7.0404663,3.6304662,-1.7395337,-2.0995338,6.640466,7.7704663,5.410466,3.8304663,2.8104663,3.9204664,4.0404663,4.1504664,3.6804664,2.5404663,1.4004663
-2.0595336,-1.9495337,-2.1995337,-2.6395338,-2.5495336,-1.5495337,-1.8095337,-1.6895337,-2.0295336,0.3804663,-0.3595337,-0.8795337,-0.7895337,-1.6895337,-0.5395337,-0.14953369,-1.4995337,-1.7295337,-1.1295336,-1.2895337,-0.66953367,1.6704663,4.370466,5.700466,4.3404665,3.7504663,5.3604665,6.740466,4.430466,1.3604664,3.0504663,3.7304664,5.6304665,3.4404664,2.8304663,3.3404663,3.4304664,2.2904663,4.010466,2.2704663,1.0704663
-2.4295337,-3.2695336,-4.239534,-2.8795338,-2.4795337,-1.5295337,-1.9195337,-2.1095338,-0.8995337,1.0904663,0.8704663,-0.79953367,-1.6295336,-2.3895338,-1.3895336,-0.6595337,-1.3395337,-0.2495337,-1.8095337,-2.9195337,-3.6095338,-4.3095336,3.3204663,4.8804665,3.8304663,3.7504663,4.1304665,6.1304665,4.680466,3.8004663,2.7304664,2.0004663,2.0304663,2.5104663,2.4304664,2.1904664,1.3404663,1.6304663,2.0504663,2.3604662,1.6204664
-2.2495337,-4.219534,-6.3495336,-3.9495337,-2.7795336,-1.4195337,-0.9095337,-1.0195336,-2.0895338,-2.2395337,-0.2195337,-0.19953369,0.2304663,-1.4195337,-2.6895337,-3.4295337,-3.8995337,-0.089533694,-1.4995337,-2.7795336,-4.779534,-4.8995337,-2.9995337,2.8104663,2.1604662,0.70046633,3.0304663,3.8304663,3.7104664,2.9304664,1.9804664,0.6704663,0.16046631,0.6104663,2.0204663,1.4504663,0.8604663,1.8504663,1.0604663,1.3504663,-1.5495337
