wind_kz.json
{"header": {"discipline":0,"disciplineName":"Meteorological products","gribEdition":2,"gribLength":871,"center":7,"centerName":"US National Weather Service - NCEP(WMC)","subcenter":0,"refTime":"2023-09-29T06:00:00.000Z","significanceOfRT":1,"significanceOfRTName":"Start of forecast","productStatus":0,"productStatusName":"Operational products","productType":1,"productTypeName":"Forecast products","productDefinitionTemplate":0,"productDefinitionTemplateName":"Analysis/forecast at horizontal level/layer at a point in time","parameterCategory":0,"parameterCategoryName":"UnknownDiscipline_0_Category_0","parameterNumber":0,"parameterNumberName":"UnknownParameter_D0_C0_0","parameterUnit":"Unknown","genProcessType":2,"genProcessTypeName":"Forecast","forecastTime":300,"surface1Type":1,"surface1TypeName":"Ground or water surface","surface1Value":0.0,"surface2Type":255,"surface2TypeName":"Missing","surface2Value":0.0,"gridDefinitionTemplate":0,"gridDefinitionTemplateName":"Latitude_Longitude","numberPoints":615,"shape":6,"shapeName":"Earth spherical with radius of 6,371,229.0 m","gridUnits":"degrees","resolution":48,"winds":"true","scanMode":64,"nx":41,"ny":15,"basicAngle":0,"lo1":47.0,"la1":41.0,"lo2":87.0,"la2":55.0,"dx":1.0,"dy":1.0}, "data":
[rows 0 to 14 of 15, columns 0 to 40 of 41]
291.09976,279.59976,284.29974,292.99976,292.69977,291.99976,291.39975,292.59976,290.69977,291.19977,290.29974,291.29974,290.19977,288.89975,287.69977,284.29974,284.99976,286.39975,285.29974,285.99976,287.29974,285.89975,284.19977,282.29974,286.59976,286.79974,283.49976,275.99976,272.39975,273.19977,271.39975,267.59976,280.89975,286.39975,288.09976,287.69977,286.79974,287.89975,288.69977,287.39975,285.99976
264.19977,284.69977,292.89975,292.79974,292.89975,291.29974,290.89975,289.49976,288.69977,289.19977,289.69977,288.19977,287.39975,283.99976,282.39975,283.09976,282.09976,281.59976,282.49976,282.49976,282.79974,284.89975,284.29974,279.99976,268.29974,271.89975,281.89975,272.69977,274.09976,268.79974,273.79974,266.29974,273.09976,249.89975,263.09976,284.59976,282.29974,285.19977,288.39975,280.19977,283.49976
285.09976,292.29974,292.59976,291.99976,290.49976,289.89975,288.79974,288.29974,287.09976,285.69977,285.09976,284.59976,283.09976,283.49976,284.39975,283.39975,281.49976,280.09976,282.29974,281.99976,283.69977,284.39975,283.99976,278.19977,279.59976,279.29974,280.89975,280.19977,280.09976,273.69977,267.89975,271.39975,275.59976,273.89975,275.99976,278.69977,271.69977,272.19977,270.99976,268.59976,269.49976
287.99976,291.49976,292.19977,291.29974,290.09976,289.49976,289.89975,287.89975,287.99976,285.79974,284.39975,283.29974,289.09976,288.59976,283.59976,281.79974,282.79974,281.19977,281.69977,281.49976,283.49976,276.69977,281.49976,281.49976,281.19977,280.59976,280.69977,278.69977,276.49976,276.49976,276.49976,275.99976,280.89975,279.99976,276.99976,275.19977,267.19977,259.99976,269.39975,275.69977,277.99976
288.69977,290.59976,291.09976,290.09976,289.79974,289.19977,290.29974,289.09976,287.59976,285.49976,283.09976,281.39975,287.89975,286.79974,285.49976,282.19977,282.09976,281.79974,281.39975,282.69977,282.49976,281.39975,279.69977,279.59976,279.19977,279.49976,277.79974,280.39975,276.19977,276.09976,278.09976,275.19977,270.09976,255.89975,269.99976,277.19977,281.79974,280.49976,279.59976,279.79974,279.69977
287.19977,285.69977,289.19977,290.09976,289.89975,289.39975,288.99976,289.59976,286.89975,284.79974,283.89975,282.99976,286.69977,287.49976,284.19977,281.39975,283.19977,281.29974,281.49976,281.59976,280.99976,280.59976,279.79974,278.99976,277.89975,276.29974,276.69977,285.59976,278.29974,278.69977,276.09976,277.59976,275.29974,273.69977,271.19977,277.09976,267.29974,269.19977,274.09976,278.69977,277.59976
286.29974,285.19977,288.39975,288.19977,287.59976,287.29974,288.89975,287.59976,287.19977,286.39975,283.49976,282.89975,281.69977,281.59976,280.99976,282.29974,281.39975,282.09976,280.99976,280.29974,279.49976,279.89975,280.09976,280.29974,278.49976,277.69977,275.69977,276.69977,276.49976,276.79974,275.29974,275.19977,275.49976,276.59976,275.69977,273.79974,268.49976,260.19977,256.19977,266.19977,274.19977
287.19977,286.39975,286.49976,289.09976,289.99976,289.19977,288.29974,286.59976,284.89975,283.79974,282.69977,281.99976,280.79974,281.59976,281.29974,281.49976,281.09976,281.09976,280.79974,278.79974,278.89975,277.79974,278.39975,278.29974,277.59976,275.49976,276.19977,276.09976,274.99976,275.89975,274.69977,274.99976,273.29974,271.19977,270.59976,272.69977,274.19977,284.19977,273.59976,273.69977,269.89975
287.09976,286.69977,287.99976,287.29974,287.69977,287.59976,286.29974,285.89975,284.39975,283.19977,281.89975,280.79974,280.09976,280.59976,279.99976,280.59976,280.29974,279.29974,279.29974,278.39975,277.99976,277.59976,278.19977,278.29974,279.99976,279.89975,278.09976,277.09976,276.39975,274.79974,272.69977,273.19977,273.79974,273.69977,272.89975,269.39975,269.09976,267.99976,253.49976,258.89975,252.29976
286.89975,288.19977,287.59976,287.29974,286.79974,283.79974,283.59976,283.39975,283.79974,283.19977,281.79974,280.69977,281.09976,280.69977,279.59976,279.69977,279.49976,278.99976,278.69977,278.49976,278.19977,277.89975,277.69977,279.29974,279.19977,279.29974,278.99976,278.39975,277.09976,275.79974,274.89975,276.09976,276.19977,276.29974,274.89975,272.99976,267.49976,267.99976,261.29974,258.49976,258.29974
286.79974,286.69977,286.99976,286.09976,285.49976,284.19977,283.99976,282.59976,281.79974,281.39975,281.89975,281.69977,281.89975,280.89975,280.19977,279.89975,279.59976,279.69977,278.79974,278.39975,279.09976,278.79974,278.39975,277.59976,278.79974,279.39975,277.69977,278.99976,277.79974,279.59976,278.79974,279.49976,277.59976,277.29974,276.69977,273.59976,266.39975,264.59976,267.99976,264.79974,258.89975
284.49976,285.99976,286.19977,285.29974,284.79974,283.99976,282.39975,282.09976,282.39975,281.49976,279.79974,280.49976,281.49976,280.39975,280.89975,280.59976,280.99976,280.79974,279.99976,279.49976,277.69977,276.99976,276.59976,277.39975,277.79974,279.19977,279.69977,280.09976,279.69977,280.19977,279.69977,278.49976,278.79974,276.29974,275.39975,274.49976,273.59976,271.69977,269.29974,269.79974,271.29974
283.39975,283.59976,284.89975,284.19977,285.09976,284.19977,282.69977,282.09976,281.49976,281.49976,278.69977,279.39975,279.69977,279.49976,281.09976,281.59976,281.69977,281.29974,280.49976,280.69977,279.29974,278.79974,279.09976,277.99976,278.39975,279.29974,280.79974,279.59976,278.49976,278.59976,278.89975,277.79974,276.89975,277.59976,275.69977,273.29974,272.89975,273.49976,271.49976,271.59976,271.79974
282.89975,283.69977,283.99976,283.99976,282.69977,282.89975,282.19977,282.29974,282.09976,281.49976,280.69977,276.99976,281.89975,280.29974,281.39975,281.29974,281.79974,281.29974,281.09976,281.79974,281.69977,281.29974,281.39975,281.49976,280.69977,280.89975,279.79974,279.39975,277.89975,276.89975,277.49976,276.39975,274.59976,273.69977,273.69977,271.29974,271.99976,271.49976,269.69977,269.79974,270.29974
283.69977,284.69977,283.99976,284.29974,283.49976,282.49976,283.19977,282.19977,284.09976,281.89975,281.29974,282.19977,280.19977,283.39975,279.89975,280.99976,283.69977,284.09976,284.39975,283.09976,282.79974,282.69977,282.59976,280.39975,279.39975,278.59976,276.69977,275.89975,275.99976,275.99976,276.09976,279.19977,274.39975,273.29974,272.69977,272.09976,272.39975,269.89975,271.29974,271.19977,271.39975
