wind_kz.json
{"header": {"discipline":0,"disciplineName":"Meteorological products","gribEdition":2,"gribLength":1025,"center":7,"centerName":"US National Weather Service - NCEP(WMC)","subcenter":0,"refTime":"2023-09-28T06:00:00.000Z","significanceOfRT":1,"significanceOfRTName":"Start of forecast","productStatus":0,"productStatusName":"Operational products","productType":1,"productTypeName":"Forecast products","productDefinitionTemplate":0,"productDefinitionTemplateName":"Analysis/forecast at horizontal level/layer at a point in time","parameterCategory":2,"parameterCategoryName":"UnknownDiscipline_0_Category_2","parameterNumber":2,"parameterNumberName":"UnknownParameter_D0_C2_2","parameterUnit":"Unknown","genProcessType":2,"genProcessTypeName":"Forecast","forecastTime":0,"surface1Type":103,"surface1TypeName":"Specified height level above ground","surface1Value":10.0,"surface2Type":255,"surface2TypeName":"Missing","surface2Value":0.0,"gridDefinitionTemplate":0,"gridDefinitionTemplateName":"Latitude_Longitude","numberPoints":615,"shape":6,"shapeName":"Earth spherical with radius of 6,371,229.0 m","gridUnits":"degrees","resolution":48,"winds":"true","scanMode":64,"nx":41,"ny":15,"basicAngle":0,"lo1":47.0,"la1":41.0,"lo2":87.0,"la2":55.0,"dx":1.0,"dy":1.0}, "data":
[rows 0 to 14 of 15, columns 0 to 40 of 41]
0.22926086,1.2192608,-2.1107392,-1.5607392,-0.9707391,-2.020739,-2.290739,-2.330739,-1.1607392,-0.95073915,-0.62073916,-0.30073914,0.039260864,0.7792609,0.40926087,-0.41073912,-0.62073916,-0.9807391,-2.6007392,-0.71073914,1.0292609,0.48926085,1.5692608,2.669261,0.31926087,-0.82073915,1.3992609,1.1392609,-0.19073914,1.7292609,-1.7607391,0.34926087,-0.050739136,-0.69073915,-0.010739136,0.74926084,-0.060739137,0.42926085,-0.36073914,-1.0807391,-2.020739
-1.1007391,-2.7007391,-1.5007391,-3.500739,-3.4207392,-2.040739,-1.8207392,-1.1807392,0.24926086,1.0292609,-0.10073914,-0.93073916,-0.69073915,-0.59073913,-0.5507391,-0.12073913,-0.30073914,-0.5307391,-0.34073913,0.049260866,1.6792608,2.719261,0.68926084,3.0292609,1.2692609,1.5692608,0.48926085,-0.39073914,-1.1407391,2.509261,0.68926084,0.40926087,-1.0807391,0.48926085,0.31926087,1.6092609,0.7192609,-1.1807392,-0.95073915,-1.2407391,-0.59073913
-4.040739,-3.6507392,-3.760739,-3.740739,-4.3007393,-3.8407393,-2.080739,-1.5207391,-0.010739136,-0.40073913,1.1692609,2.179261,1.2792609,-7.391357E-4,-0.10073914,-0.5307391,-0.33073914,0.31926087,0.68926084,1.3892609,1.3892609,1.6592609,1.0892608,4.419261,0.97926086,0.27926087,-0.70073915,1.1092609,3.0892608,0.069260865,1.2092608,-1.2607391,-0.10073914,1.3392608,0.029260864,1.3592609,0.19926086,0.41926086,0.67926085,5.629261,2.8792608
-6.180739,-4.860739,-4.8007393,-4.2207394,-3.3507392,-2.7107391,-0.81073916,-1.5907391,1.5192609,3.3892608,3.5992608,3.3292608,2.8692608,1.1492609,-0.16073914,-0.9807391,-0.22073914,1.2992609,1.3892609,2.0892608,1.9292608,-0.060739137,0.24926086,1.0392609,1.2292609,1.4392608,2.1592607,2.759261,5.189261,3.3692608,-3.4307392,-2.1307392,-2.770739,-1.2107391,-0.63073915,0.92926085,0.24926086,1.8292608,-1.7307391,-1.0307392,-3.000739
-6.7607393,-5.400739,-4.640739,-5.9707394,-3.830739,-2.580739,-0.93073916,1.1792608,3.199261,4.479261,3.749261,4.4092607,3.1092608,-0.63073915,-1.6207391,0.16926086,1.0992608,1.8992609,2.6092608,3.0892608,1.9992609,2.8592608,3.0992608,2.2992609,2.2992609,1.5192609,0.47926086,-0.5507391,0.049260866,-0.45073915,0.16926086,-0.6607391,3.5992608,2.8892608,-1.8207392,-1.1507392,-3.560739,-4.2407393,-3.230739,-3.3907392,-3.500739
-3.830739,-2.550739,-4.650739,-4.980739,-2.800739,-2.3407393,1.2092608,2.759261,3.749261,4.689261,4.9692607,2.8492608,0.9692609,-1.0307392,-0.6107391,-0.69073915,0.44926086,0.8892609,1.6592609,2.8292608,3.489261,2.959261,2.8992608,-0.18073913,-1.7807392,-1.2507391,-1.6607392,-2.8807392,-1.8907391,-2.510739,-3.6107392,-2.790739,-1.6507392,-0.41073912,1.9092609,-1.1907392,0.039260864,-0.69073915,-1.6207391,-2.320739,-2.570739
-4.2207394,-5.100739,-3.570739,-1.8807391,-0.8607391,0.6392609,0.98926085,1.5392609,2.1492608,3.0592608,3.739261,3.519261,2.5792608,0.78926086,-0.93073916,-0.5507391,0.17926086,1.1992608,1.4892609,1.6692609,1.3292608,0.38926086,-0.59073913,-0.19073914,0.46926087,0.45926085,0.8992609,0.85926086,1.2992609,-0.12073913,-0.050739136,-0.76073915,-2.6107392,-2.9007392,-3.3907392,-0.28073913,1.4392608,-0.010739136,0.87926084,1.0992608,-1.3407391
-4.450739,-4.040739,-2.270739,-1.8007392,-0.070739135,0.72926086,0.73926085,1.0392609,1.4992609,2.1592607,3.209261,3.8192608,2.669261,-0.42073914,-0.32073915,-0.76073915,0.18926087,0.61926085,0.35926086,-0.8507391,-1.2607391,-2.250739,-3.040739,-2.3507392,-1.2807392,1.1292609,1.0992608,1.4292608,2.6192608,2.5592608,4.4292607,3.249261,0.12926087,0.92926085,2.669261,-2.550739,-4.8207393,-7.660739,-7.5107393,-7.3007393,-2.3607392
-1.3907391,-2.4007392,-1.9907391,-1.8007392,-0.64073914,0.009260864,0.109260865,0.24926086,0.039260864,-0.21073914,-0.37073913,-0.7407391,-0.6707391,-1.1307391,-1.2607391,-0.33073914,0.47926086,0.37926087,0.34926087,-0.45073915,-1.5807391,-2.7007391,-2.8607392,-1.2807392,-1.1207391,-0.14073914,1.2692609,2.249261,3.189261,4.019261,4.079261,6.849261,5.109261,4.329261,2.8692608,-3.3707392,-1.2507391,1.2392609,-0.30073914,0.019260865,0.15926087
0.38926086,-0.90073913,-1.4307392,-1.0607392,-0.6007391,0.059260864,0.25926086,-0.24073914,-0.8007391,-1.6907392,-2.010739,-3.4307392,-1.9307392,-0.16073914,-0.94073915,-0.62073916,0.109260865,-0.020739136,0.24926086,0.059260864,-0.38073912,-1.0907391,-0.5507391,-0.41073912,-0.20073913,0.79926085,-1.3407391,-0.45073915,2.0492609,3.919261,5.2392607,3.5792608,3.179261,4.879261,0.5792609,-0.110739134,-2.4507391,-1.2507391,1.7992609,1.2492609,-1.0707392
-3.4407392,-2.9007392,-1.5207391,-1.2607391,-0.6007391,-0.5407391,-0.32073915,-0.36073914,-0.63073915,-0.33073914,-1.2207391,-2.1007392,-0.070739135,0.029260864,0.99926084,-0.16073914,-0.17073913,0.79926085,0.67926085,0.74926084,0.48926085,1.0592608,2.0792608,1.4992609,0.9692609,-0.050739136,0.07926086,-0.70073915,1.2592609,3.259261,3.739261,4.579261,4.5292606,2.679261,0.26926085,-1.0107391,-0.20073913,1.1992608,0.53926086,-0.09073914,0.97926086
-1.8207392,-2.1007392,-1.1807392,-0.64073914,0.11926086,-0.59073913,-0.70073915,-0.6607391,-1.0107391,-0.13073914,-0.08073913,-1.1507392,-1.5407392,-3.060739,-2.6207392,-1.5307392,0.39926088,1.4292608,1.7892609,2.0892608,2.699261,2.709261,2.9092607,2.8492608,3.6392608,3.199261,2.9092607,2.189261,1.6992608,2.169261,1.8392608,2.3592608,3.1392608,1.7292609,1.0892608,2.169261,2.499261,0.40926087,0.049260866,0.29926085,-0.31073913
-1.0807391,-0.24073914,-0.110739134,-0.58073914,-0.44073913,-0.9907391,-1.2807392,-1.2907392,-2.1707392,-0.43073913,-0.9207391,-0.38073912,-0.7207391,0.23926087,0.47926086,1.1392609,1.9492608,2.9092607,2.679261,3.419261,3.1492608,3.469261,3.8792608,3.719261,3.689261,3.929261,4.399261,3.5792608,2.229261,1.7992609,0.9592609,-0.13073914,-0.95073915,1.8592609,0.07926086,-7.391357E-4,-0.6107391,0.069260865,0.33926088,0.11926086,0.15926087
-0.50073916,-0.18073913,0.81926084,-0.30073914,-0.25073913,-0.42073914,-1.2807392,-1.0007391,-0.27073914,-0.32073915,0.08926086,1.0692608,1.6992608,2.769261,2.6392608,2.3892608,2.4092607,2.2992609,2.3592608,3.0292609,3.5492609,4.369261,4.569261,4.4092607,4.309261,3.6192608,2.5892608,2.8892608,2.989261,3.0492609,2.759261,0.7692609,0.49926087,1.3192608,-1.7807392,-2.0907393,-2.260739,0.90926087,0.7792609,1.4292608,0.11926086
0.20926087,0.35926086,-0.63073915,-0.39073914,-0.56073916,-0.19073914,0.39926088,-0.71073914,-1.1707392,0.45926085,1.8592609,1.4492608,2.199261,3.3792608,3.2992609,2.8992608,3.3492608,3.3392608,3.169261,3.5392609,3.7792609,3.509261,3.759261,3.259261,0.99926084,1.3992609,3.179261,2.439261,3.3492608,2.7892609,2.679261,3.199261,1.5092609,0.19926086,0.46926087,0.39926088,0.91926086,2.3892608,1.2192608,0.20926087,-0.12073913
