wind_kz.json
{"header": {"discipline":0,"disciplineName":"Meteorological products","gribEdition":2,"gribLength":1025,"center":7,"centerName":"US National Weather Service - NCEP(WMC)","subcenter":0,"refTime":"2023-09-30T18:00:00.000Z","significanceOfRT":1,"significanceOfRTName":"Start of forecast","productStatus":0,"productStatusName":"Operational products","productType":1,"productTypeName":"Forecast products","productDefinitionTemplate":0,"productDefinitionTemplateName":"Analysis/forecast at horizontal level/layer at a point in time","parameterCategory":2,"parameterCategoryName":"UnknownDiscipline_0_Category_2","parameterNumber":2,"parameterNumberName":"UnknownParameter_D0_C2_2","parameterUnit":"Unknown","genProcessType":2,"genProcessTypeName":"Forecast","forecastTime":180,"surface1Type":103,"surface1TypeName":"Specified height level above ground","surface1Value":10.0,"surface2Type":255,"surface2TypeName":"Missing","surface2Value":0.0,"gridDefinitionTemplate":0,"gridDefinitionTemplateName":"Latitude_Longitude","numberPoints":615,"shape":6,"shapeName":"Earth spherical with radius of 6,371,229.0 m","gridUnits":"degrees","resolution":48,"winds":"true","scanMode":64,"nx":41,"ny":15,"basicAngle":0,"lo1":47.0,"la1":41.0,"lo2":87.0,"la2":55.0,"dx":1.0,"dy":1.0}, "data":
[rows 0 to 14 of 15, columns 0 to 40 of 41]
2.8439796,1.1939795,-0.4360205,0.5139795,-1.1160206,-2.1760206,-3.8360205,-5.3760204,-7.5260205,-5.1460204,-5.2360206,-6.0360203,-6.0660205,-5.8560205,-5.7760205,-6.5260205,-7.2660203,-8.61602,-8.24602,-6.6560206,-3.1760206,1.4539795,1.8639795,1.9239795,-2.3760204,-0.4660205,2.3139794,-0.19602051,-0.6660205,0.7239795,-0.64602053,1.8539795,1.0539795,-0.5860205,-1.5560205,0.07397949,2.2639794,1.8239795,1.7339795,0.2539795,0.11397949
3.4239795,-2.5460205,-4.0860205,-5.8660207,-3.5860205,-3.1660204,-3.1560204,-3.8060205,-5.3760204,-5.4660206,-5.1860204,-5.4960203,-5.1660204,-5.3060207,-5.7460203,-6.9760203,-7.0360203,-7.9960203,-6.2660203,-5.9260206,-5.0760207,-2.6460204,0.6439795,2.5039794,-0.08602051,-0.4860205,0.9039795,-0.4260205,1.4139795,0.8239795,0.20397949,0.6139795,-0.5060205,1.1539795,0.3339795,0.85397947,0.16397949,-2.3760204,-0.22602051,-0.3560205,-0.31602052
-0.1260205,-1.5960205,-1.2160205,0.1539795,-2.4160204,-2.2760205,-2.1460204,-2.9460206,-5.3260207,-4.6960206,-3.9160204,-4.0760207,-4.0460205,-4.9060206,-4.4060206,-5.2060204,-6.0860205,-6.4460206,-5.0160203,-3.5560205,-1.9160205,-8.466021,-6.2360206,-8.02602,-4.4260206,-5.8860207,-3.3260205,-1.8960205,2.6439795,-0.9260205,1.2739795,-1.6160206,-0.5060205,-1.2860205,-0.8260205,0.7739795,-0.026020508,-0.3960205,2.2339795,2.7639794,-0.5060205
0.6139795,-1.2560205,-2.6860206,-2.7860205,-1.7060205,-0.4360205,-1.7460206,-2.4360206,-2.9060204,-2.9160204,-3.0860205,-3.8160205,-4.0260205,-3.6960206,-4.1460204,-5.4460206,-5.4060206,-5.6560206,-5.6560206,-5.1860204,-3.3560205,-3.3060205,-4.3060207,-5.5960207,-5.4260206,-5.5260205,-4.0060205,-5.4560204,-3.8960204,-1.9560205,0.5339795,-1.3360205,-0.096020505,1.8939795,-1.2460206,-0.9160205,-0.3960205,1.2039795,-1.8660206,1.5639795,3.8139794
2.2939794,1.0239795,-0.9960205,-1.7560205,-2.5060205,-1.3660206,-0.7860205,-1.8460205,-2.7860205,-2.2160206,-2.7060206,-4.0060205,-4.5160203,-4.8460207,-5.0960207,-4.5860205,-5.1360207,-4.8960204,-5.5260205,-5.9660206,-6.3460207,-5.3460207,-4.6760206,-4.2660203,-3.7460206,-3.2660205,-3.7260206,-2.4260206,-1.1460205,-0.9160205,-0.9060205,0.7039795,3.1539795,2.8039794,-3.4060204,-1.0060205,2.5039794,-2.3660204,0.5039795,0.3239795,2.3739796
6.3439794,2.0439794,1.2539794,-0.6260205,-0.10602051,-0.40602052,-0.5060205,-1.4960206,-1.6960205,-1.5360205,-2.0960205,-3.6760206,-3.6060205,-4.3560205,-3.7560205,-4.0260205,-4.0660205,-4.3660207,-4.3960204,-4.0060205,-4.9760203,-4.7060204,-3.8860204,-4.1460204,-3.3160205,-2.4660206,-2.3260205,-1.6660205,0.06397949,0.3839795,2.1039796,2.8039794,3.0339794,3.3939795,2.6639795,1.7439795,2.3739796,3.6239796,5.8939795,2.5039794,0.2439795
6.9439793,5.4039793,2.3139794,1.6139795,1.4739795,0.2139795,0.07397949,-0.95602053,-1.1460205,-1.4760205,-1.7260205,-2.7560205,-3.1560204,-3.1860206,-2.6960206,-2.8260205,-2.8560205,-3.0560205,-2.6860206,-2.9360206,-2.9060204,-2.9760206,-2.4560206,-1.5860205,-1.2360206,-0.11602051,-0.6960205,-0.11602051,0.9239795,1.8139795,2.4339795,3.0439794,4.2839794,4.3339796,2.9739795,3.3539796,4.1939793,1.3639795,5.2239795,-0.5560205,3.2739794
6.5939794,5.8639793,5.7539797,2.7439795,2.0439794,1.8639795,0.2439795,0.3639795,0.06397949,-0.24602051,-0.8660205,-0.5460205,-0.9760205,-1.7060205,-1.7460206,-1.7360206,-1.6560205,-1.2960205,-0.8360205,-1.0360205,-1.7260205,-1.0260205,-0.7760205,-0.10602051,-0.4960205,-0.5360205,0.8439795,1.6739795,1.4239795,0.7739795,2.9239795,3.7639794,3.5339794,4.4539795,6.3839793,7.8339796,1.6639795,1.1939795,5.4239793,5.8939795,4.9739795
7.2439795,8.113979,5.9939795,4.4939795,2.1039796,2.3239794,1.6339794,0.4439795,0.3939795,0.003979492,1.0339795,0.7739795,0.46397948,0.40397948,-0.8560205,-0.3260205,-0.6560205,-0.1560205,-0.1260205,-0.28602052,-0.16602051,0.17397949,0.3039795,0.98397946,1.3439795,1.5239795,1.8139795,1.9839795,3.5039794,4.1339793,4.1139793,4.4339795,5.1139793,5.0739794,4.7939796,4.8639793,5.2239795,4.4939795,1.7739795,1.8039795,-0.05602051
8.063979,7.1239796,8.643979,6.5239797,3.2939794,2.3239794,1.6739795,1.1539795,0.123979494,-0.3960205,0.43397948,0.4739795,0.5339795,0.6839795,0.9139795,0.5139795,0.2839795,0.7639795,0.7739795,0.6139795,1.6439795,1.5439795,1.9639795,2.4639795,1.9239795,2.1939795,2.6339796,3.6239796,3.5739794,5.3539796,6.3439794,5.5139794,5.0839796,5.1539793,5.5839796,5.2839794,1.0039794,0.34397948,3.8839796,2.2539794,2.0039794
7.7039795,10.25398,8.41398,6.6739793,4.0639796,3.0339794,1.5239795,2.0139794,0.7539795,0.6139795,0.5039795,0.7739795,0.3339795,1.0439795,1.4239795,1.3839794,1.1439795,1.5739795,1.0439795,1.5039794,1.9939795,2.6239796,2.8239794,3.3639796,3.3039794,4.0239797,4.2239795,3.3039794,4.6539793,6.7339797,6.1739793,6.5339794,5.4839797,5.2139797,5.8239794,3.5639794,1.2539794,0.19397949,4.3639793,3.1439795,1.8739794
8.76398,8.063979,5.8839793,5.8639793,2.8939795,-0.21602051,-0.06602051,0.053979494,1.1939795,-0.7760205,-1.5060205,0.5139795,0.3339795,0.7639795,1.1839795,1.1839795,2.3439796,1.6539795,1.9239795,1.7539794,2.2439795,2.3439796,2.5839796,2.7939794,3.6339796,4.0239797,4.4539795,5.4339795,7.1939793,6.6639795,6.0239797,6.0139794,5.7439795,5.2339797,4.2339797,4.2839794,6.4239793,5.7539797,4.4039793,1.3439795,1.5339795
7.7439795,7.4839797,5.4339795,4.8739796,3.7839794,0.2839795,-0.64602053,-0.026020508,-1.1260206,-1.8160205,-0.51602054,0.17397949,-0.24602051,1.1439795,1.0739795,0.9639795,1.1139795,1.1139795,1.5139794,1.6739795,2.0839796,2.4739795,2.8139794,3.3039794,3.2139795,4.1939793,4.3539796,4.5939794,4.6139793,5.9839797,5.9739795,6.9239793,6.3139796,6.0239797,7.3439794,4.1539793,3.8739796,3.1239796,2.8239794,5.9739795,1.6839795
3.6739795,0.6839795,4.8739796,-0.1260205,-2.3060205,-1.8760206,-0.3860205,0.4739795,0.4239795,-1.0060205,-0.9860205,-1.1860205,0.023979492,0.7539795,0.8439795,0.3039795,0.4839795,0.8739795,0.9039795,1.6739795,1.7939795,2.9339795,3.6839795,3.5239794,4.1039796,3.8339796,3.7539794,4.4539795,4.7439795,4.6439795,5.9239793,5.9539795,6.0539794,6.9639797,5.2539797,1.0639795,0.34397948,2.4339795,4.0439796,2.1439795,1.7239795
-0.40602052,-0.3660205,-0.11602051,-3.9260206,0.6239795,-0.8760205,-0.9660205,-0.8260205,-1.4560205,-2.7560205,-0.7960205,-2.0460205,-1.1560205,0.053979494,0.7239795,0.2539795,0.6239795,0.85397947,1.3839794,1.3539795,1.8839794,2.6939795,2.5439794,2.3839796,2.5239794,2.6739795,2.4639795,3.2439795,2.9839795,3.8039794,4.1839795,4.4039793,4.2339797,4.7739797,1.5839795,1.4439795,1.1639795,3.0839796,4.3539796,3.1239796,0.98397946
