wind_kz.json
{"header": {"discipline":0,"disciplineName":"Meteorological products","gribEdition":2,"gribLength":871,"center":7,"centerName":"US National Weather Service - NCEP(WMC)","subcenter":0,"refTime":"2023-08-25T12:00:00.000Z","significanceOfRT":1,"significanceOfRTName":"Start of forecast","productStatus":0,"productStatusName":"Operational products","productType":1,"productTypeName":"Forecast products","productDefinitionTemplate":0,"productDefinitionTemplateName":"Analysis/forecast at horizontal level/layer at a point in time","parameterCategory":0,"parameterCategoryName":"UnknownDiscipline_0_Category_0","parameterNumber":0,"parameterNumberName":"UnknownParameter_D0_C0_0","parameterUnit":"Unknown","genProcessType":2,"genProcessTypeName":"Forecast","forecastTime":60,"surface1Type":1,"surface1TypeName":"Ground or water surface","surface1Value":0.0,"surface2Type":255,"surface2TypeName":"Missing","surface2Value":0.0,"gridDefinitionTemplate":0,"gridDefinitionTemplateName":"Latitude_Longitude","numberPoints":615,"shape":6,"shapeName":"Earth spherical with radius of 6,371,229.0 m","gridUnits":"degrees","resolution":48,"winds":"true","scanMode":64,"nx":41,"ny":15,"basicAngle":0,"lo1":47.0,"la1":41.0,"lo2":87.0,"la2":55.0,"dx":1.0,"dy":1.0}, "data":
[rows 0 to 14 of 15, columns 0 to 40 of 41]
294.11496,284.01495,288.41498,299.51495,299.21497,298.41498,295.31497,295.51495,292.91498,294.01495,292.11496,292.71497,290.91498,290.71497,290.51495,287.71497,287.91498,289.91498,289.41498,291.51495,293.11496,288.21497,288.21497,287.71497,290.01495,290.41498,288.91498,279.51495,279.11496,276.61496,273.31497,277.11496,286.41498,294.51495,293.91498,294.41498,294.01495,296.51495,298.41498,300.01495,299.21497
271.11496,288.21497,299.31497,299.51495,299.61496,298.31497,292.91498,291.91498,291.11496,291.21497,292.21497,290.71497,288.81497,287.71497,289.31497,288.11496,284.91498,285.71497,285.81497,287.51495,290.31497,291.61496,290.11496,282.71497,272.01495,274.91498,282.81497,279.41498,280.51495,276.61496,280.31497,272.91498,279.21497,261.61496,278.31497,292.21497,290.81497,294.51495,299.01495,292.21497,284.01495
289.21497,298.81497,299.61496,299.61496,298.31497,290.81497,290.51495,289.51495,289.51495,288.81497,288.41498,289.11496,286.21497,287.41498,287.51495,286.31497,285.71497,284.21497,284.61496,285.51495,287.11496,289.51495,290.21497,285.71497,288.31497,289.01495,290.61496,288.51495,288.11496,282.11496,276.81497,279.31497,281.61496,282.81497,284.01495,281.61496,278.41498,279.11496,283.51495,279.51495,278.61496
290.71497,299.71497,299.81497,299.01495,295.01495,289.01495,289.91498,288.71497,288.51495,288.61496,288.31497,287.61496,295.31497,294.51495,287.81497,287.21497,287.31497,286.31497,290.51495,291.51495,285.81497,282.21497,289.51495,289.71497,292.31497,290.21497,292.11496,289.71497,289.31497,290.61496,290.61496,287.71497,292.61496,291.11496,287.21497,286.41498,277.31497,278.81497,283.61496,294.91498,298.11496
293.31497,299.21497,299.71497,299.61496,296.21497,290.91498,290.71497,289.81497,288.71497,288.91498,288.01495,287.81497,295.41498,294.01495,291.41498,287.81497,287.51495,287.71497,285.51495,288.61496,288.51495,289.31497,288.91498,289.21497,290.61496,291.01495,287.71497,292.01495,291.01495,291.31497,293.11496,291.41498,281.71497,273.51495,282.71497,293.91498,294.81497,299.61496,297.01495,298.01495,297.91498
291.91498,290.91498,297.61496,298.41498,299.31497,298.71497,291.61496,291.31497,290.01495,289.31497,288.71497,289.01495,293.61496,294.61496,291.11496,286.11496,286.61496,287.71497,286.31497,288.11496,288.41498,288.71497,287.91498,288.21497,287.81497,286.61496,288.21497,293.41498,290.71497,292.51495,292.71497,293.11496,292.11496,288.31497,288.91498,292.41498,284.61496,286.81497,293.21497,298.61496,298.21497
292.91498,293.61496,293.91498,294.31497,295.51495,293.11496,293.21497,290.91498,290.81497,290.41498,288.91498,289.41498,288.41498,288.71497,288.01495,289.51495,287.91498,288.31497,287.61496,287.21497,287.01495,287.81497,288.41498,288.11496,287.01495,288.01495,288.11496,289.51495,290.11496,291.31497,291.41498,291.91498,291.81497,293.21497,291.71497,291.91498,287.31497,284.91498,282.51495,283.71497,293.81497
295.31497,293.91498,294.81497,292.61496,292.91498,294.31497,293.51495,291.41498,290.11496,290.01495,290.21497,289.71497,289.01495,288.51495,287.31497,287.71497,287.31497,290.21497,289.31497,284.51495,284.31497,285.81497,286.81497,286.21497,286.51495,284.51495,286.71497,288.71497,287.11496,289.81497,289.41498,290.11496,289.01495,289.51495,288.71497,292.71497,293.91498,289.51495,296.61496,296.01495,288.51495
293.31497,293.81497,293.91498,289.81497,291.51495,292.31497,290.61496,290.51495,291.31497,290.31497,289.51495,288.61496,286.91498,287.61496,285.11496,286.51495,286.01495,285.71497,285.31497,284.41498,282.21497,285.91498,286.91498,286.61496,285.31497,285.41498,285.11496,283.81497,284.01495,285.21497,287.61496,288.71497,289.31497,291.31497,291.61496,291.71497,291.21497,290.81497,281.71497,281.71497,279.61496
289.91498,290.31497,291.81497,291.61496,290.41498,291.01495,290.21497,289.01495,287.61496,286.41498,285.11496,285.21497,285.91498,285.91498,286.11496,284.11496,283.61496,284.01495,285.61496,286.91498,282.91498,285.21497,287.11496,286.91498,286.01495,285.31497,284.71497,285.71497,284.71497,285.01495,286.81497,289.51495,292.31497,293.31497,293.21497,291.41498,289.71497,286.21497,283.81497,284.71497,281.61496
287.41498,287.91498,288.41498,286.61496,285.61496,285.61496,285.51495,285.61496,285.31497,284.71497,284.21497,283.81497,285.21497,283.31497,282.91498,282.81497,282.61496,283.31497,284.51495,282.31497,283.01495,283.41498,286.01495,285.61496,285.21497,283.81497,282.71497,285.61496,286.71497,288.61496,290.41498,289.51495,289.31497,291.61496,293.11496,291.31497,286.71497,285.51495,286.51495,286.11496,283.31497
282.31497,283.21497,282.21497,281.91498,281.51495,283.91498,283.31497,283.31497,281.71497,283.41498,281.41498,282.41498,283.41498,282.51495,282.91498,282.21497,282.11496,282.01495,284.91498,284.01495,285.31497,285.11496,285.21497,284.11496,284.71497,286.21497,285.21497,287.01495,290.01495,289.11496,289.51495,289.41498,289.81497,289.81497,290.61496,293.71497,293.21497,291.81497,291.41498,290.11496,289.61496
279.61496,278.91498,284.01495,282.01495,280.41498,282.11496,281.61496,279.91498,281.01495,281.31497,279.51495,279.61496,282.21497,281.21497,282.61496,282.11496,281.71497,284.11496,282.11496,281.11496,284.81497,283.61496,283.31497,282.61496,284.11496,286.01495,286.31497,285.61496,286.01495,287.01495,287.71497,289.41498,288.31497,289.51495,288.91498,293.01495,290.71497,290.11496,290.21497,290.21497,288.91498
282.01495,283.61496,287.21497,282.01495,281.21497,280.61496,280.31497,279.81497,281.21497,280.81497,279.01495,278.01495,279.91498,281.21497,282.01495,281.41498,282.51495,284.01495,280.91498,281.11496,281.81497,283.81497,283.61496,282.31497,282.71497,284.21497,285.71497,284.91498,283.91498,286.01495,286.81497,287.31497,288.31497,287.81497,289.21497,289.21497,290.21497,290.11496,290.71497,290.51495,289.21497
282.21497,282.61496,290.81497,281.11496,280.71497,279.51495,279.71497,279.91498,280.61496,280.31497,280.11496,279.51495,279.21497,279.81497,280.71497,281.61496,281.21497,283.11496,284.11496,283.51495,284.81497,283.71497,282.61496,279.81497,280.51495,284.61496,282.01495,281.81497,283.01495,283.71497,285.31497,285.31497,286.51495,286.31497,286.41498,286.61496,288.11496,289.21497,289.01495,288.71497,288.31497
