wind_kz.json
{"header": {"discipline":0,"disciplineName":"Meteorological products","gribEdition":2,"gribLength":1025,"center":7,"centerName":"US National Weather Service - NCEP(WMC)","subcenter":0,"refTime":"2023-10-01T18:00:00.000Z","significanceOfRT":1,"significanceOfRTName":"Start of forecast","productStatus":0,"productStatusName":"Operational products","productType":1,"productTypeName":"Forecast products","productDefinitionTemplate":0,"productDefinitionTemplateName":"Analysis/forecast at horizontal level/layer at a point in time","parameterCategory":2,"parameterCategoryName":"UnknownDiscipline_0_Category_2","parameterNumber":3,"parameterNumberName":"UnknownParameter_D0_C2_3","parameterUnit":"Unknown","genProcessType":2,"genProcessTypeName":"Forecast","forecastTime":180,"surface1Type":103,"surface1TypeName":"Specified height level above ground","surface1Value":10.0,"surface2Type":255,"surface2TypeName":"Missing","surface2Value":0.0,"gridDefinitionTemplate":0,"gridDefinitionTemplateName":"Latitude_Longitude","numberPoints":615,"shape":6,"shapeName":"Earth spherical with radius of 6,371,229.0 m","gridUnits":"degrees","resolution":48,"winds":"true","scanMode":64,"nx":41,"ny":15,"basicAngle":0,"lo1":47.0,"la1":41.0,"lo2":87.0,"la2":55.0,"dx":1.0,"dy":1.0}, "data":
[rows 0 to 14 of 15, columns 0 to 40 of 41]
-3.0449822,1.8550177,-1.4149823,9.165018,4.7450175,2.3650177,0.4350177,0.4850177,0.5650177,-1.9349823,-2.7549822,-3.6849823,-1.1849823,1.0550177,4.595018,4.4150176,3.0550177,1.3350177,1.0050178,-0.0649823,-0.6149823,-1.3149823,1.2150177,1.5050178,2.3950176,3.3250177,0.8950177,0.7650177,-0.2549823,2.6450176,1.3750176,-0.2349823,0.3750177,0.6350177,1.8950177,1.5750177,0.4450177,0.1850177,0.1850177,1.1150177,0.9250177
3.8450177,0.9850177,4.9550176,7.3150177,6.3950176,4.1850176,1.6850177,0.4250177,-0.7149823,-1.6649823,-2.7849822,-4.0449824,-5.134982,-1.1849823,4.7950177,4.7750177,3.2350178,2.4750178,1.9750177,1.6250176,1.0550177,0.1750177,-0.4349823,3.2750177,2.8650177,2.7350178,2.9650178,1.7150177,2.3050177,1.6150177,2.4050176,3.7650177,1.4350177,1.6350178,2.5150177,3.0550177,1.8350177,2.1550176,1.4950176,2.1150177,-0.2249823
4.0350175,10.875017,10.055017,8.645018,6.925018,5.2450175,2.5850177,2.1250176,1.1850177,0.1750177,-1.0549823,-2.5149822,-3.2749822,-3.6549823,-0.5449823,2.3350177,5.115018,1.8150177,3.1950178,2.9050176,1.9950176,0.8350177,1.3850178,2.7450178,-1.2749823,-2.2949822,-2.6149824,-1.6849823,0.9550177,-0.8149823,0.6850177,2.5650177,-0.5749823,1.3550177,0.3550177,-2.0649824,0.7350177,2.7650177,-0.8149823,3.0750177,2.1950178
4.4350176,9.915018,10.285017,8.675017,6.7550178,6.325018,5.3550177,4.4150176,3.3650177,2.4050176,0.8850177,-0.4849823,-2.0949824,-3.1649823,-3.8849823,-2.2449822,3.1150177,3.4650178,3.5150177,3.8750176,3.0850177,5.4550176,-1.3349823,-0.1649823,0.2550177,1.6750177,0.1550177,1.4950176,3.3150177,0.2150177,0.1150177,0.3050177,1.3250177,-0.3849823,-0.5249823,1.6150177,3.3650177,1.7850177,-2.9849823,-2.2949822,-1.4849823
6.195018,8.365018,8.805017,9.195018,7.9350176,6.465018,6.345018,5.8550177,4.8950176,4.135018,2.5250177,1.3250177,0.4750177,-0.8749823,-1.7049823,-1.7349823,-2.1649823,3.2950177,4.7250175,3.8750176,4.6650176,1.9050177,1.3250177,0.9450177,1.1450177,3.7150178,4.985018,3.3850176,4.2550178,1.8050177,0.4950177,0.1350177,-0.2549823,-0.7449823,0.5250177,0.9550177,2.5350177,-0.0049822996,-2.0949824,-2.0649824,-0.1249823
5.6450176,6.615018,7.485018,9.115018,8.605018,8.065018,8.2650175,8.325018,7.7450175,5.325018,2.9650178,3.5150177,2.7550178,0.4750177,0.6850177,0.2550177,-0.3749823,-0.8049823,3.6150177,5.6650176,3.1850176,3.0750177,2.8750176,2.4550178,2.8650177,4.1050177,3.2950177,2.5950177,3.3450177,3.2350178,2.0250177,0.9250177,0.3250177,-1.5949823,-2.1349823,0.9950177,-2.4149823,4.695018,-0.4149823,-1.5149823,3.7250178
6.3350177,7.3750176,8.275018,7.9550176,7.925018,8.185018,9.215017,9.485018,8.565018,6.2650175,5.2050176,3.7750177,2.9650178,1.6550177,1.5350177,1.5850177,1.2050177,0.2650177,0.7650177,2.1850176,6.3750176,4.7750177,4.9550176,5.135018,4.7250175,4.0450177,4.8950176,3.7350178,3.1550176,4.0250177,4.1450176,2.7150178,-0.2349823,0.3350177,1.5250177,2.3350177,2.2050178,3.4850178,2.7750177,3.8150177,2.2750177
4.5650177,6.9350176,8.725018,9.065018,9.175017,8.815018,9.385017,8.855018,8.835018,7.5250177,7.0450177,5.155018,3.9050176,2.7750177,2.1050177,1.8250177,1.7050177,2.5750177,2.1050177,2.4250176,3.1050177,6.0250177,6.075018,6.5450177,6.1850176,6.095018,6.0250177,5.635018,4.425018,4.155018,4.485018,3.3450177,2.4750178,2.6950178,2.6750176,0.1850177,-0.7249823,0.2250177,-0.1349823,1.9150177,3.2950177
2.8850176,4.715018,6.7850175,9.2650175,10.575017,9.915018,10.155018,9.115018,8.305017,8.075018,6.3950176,5.0650177,2.9350176,2.9750178,2.5750177,1.9050177,2.3150177,3.8050177,4.3950176,4.215018,4.0050178,7.5250177,6.9550176,8.225018,7.5650177,6.4350176,5.6650176,6.0550175,5.8150177,5.095018,5.405018,5.715018,4.195018,2.2850177,2.8450177,4.3350177,2.3350177,0.8350177,4.845018,2.5050178,2.4450178
-0.7249823,3.2150178,6.4150176,8.025018,10.165018,10.345017,9.975018,9.185018,8.505017,8.195018,6.635018,5.6450176,4.5150175,3.2850177,1.9950176,1.4750177,2.6250176,2.5750177,5.075018,5.2550178,6.155018,3.0850177,6.8050175,9.125018,8.755017,7.9550176,5.985018,5.615018,5.7650175,4.3050175,3.6050177,5.5350175,4.0650177,3.6050177,3.9750178,2.3750176,2.8250177,2.0750177,2.1750176,2.5850177,2.7150178
-1.0649823,-0.1749823,5.2450175,7.155018,8.915018,10.215017,10.635017,9.395018,7.9150176,7.365018,6.5450177,4.4550176,4.2550178,3.9450178,1.0850177,1.4850177,3.2650177,2.9750178,4.5450177,5.235018,1.1050177,8.035018,2.2350178,8.005017,8.755017,8.465017,7.2650175,6.2550178,5.2050176,4.6050177,4.2250175,3.4450178,5.2450175,4.905018,5.945018,2.8550177,1.7950177,1.6150177,2.9350176,1.5050178,2.0750177
-0.9249823,-1.5649823,1.6650177,7.715018,8.805017,9.835018,9.305017,9.495018,8.295017,6.6450176,5.385018,4.945018,4.0250177,3.4650178,2.9950178,2.7250178,3.2650177,3.9250176,4.345018,3.3350177,5.0550175,7.405018,4.635018,8.905018,9.145018,9.055017,8.175017,7.3550177,6.2650175,5.445018,4.3050175,4.8050175,3.2650177,4.9550176,4.215018,2.7450178,2.2750177,1.3150177,-1.0149823,1.1250176,-0.1549823
0.7150177,2.9950178,4.825018,6.615018,8.735018,6.7050176,8.745018,9.885017,10.685017,7.4550176,3.9050176,3.5450177,3.5450177,3.4350176,3.4150176,3.0150177,2.1650176,2.4750178,3.1750176,3.2650177,3.6350176,8.655018,5.695018,8.425017,8.955018,8.435018,8.815018,7.5150175,7.175018,6.5050178,6.0050178,5.0050178,4.135018,3.9250176,4.5150175,4.2950177,3.3850176,2.2450178,2.6450176,2.7050178,1.2150177
0.8550177,2.9950178,6.2850175,7.0550175,7.385018,7.6250176,7.135018,8.185018,7.4950175,7.4150176,4.465018,2.8150177,2.9050176,3.1150177,2.6650176,1.9150177,1.7650177,2.7350178,3.1350176,3.1850176,2.7750177,7.155018,5.945018,7.4950175,8.215017,8.975018,8.565018,8.275018,7.8150177,7.7050176,7.0050178,5.925018,4.7750177,4.595018,4.445018,4.425018,3.3550177,2.8950176,3.0250177,2.7150178,2.4950178
1.1050177,4.0550175,8.055017,7.2250175,7.5050178,6.5450177,7.695018,7.3950176,7.1450176,7.0850177,4.7450175,4.2550178,0.9050177,0.2350177,0.6450177,-0.1949823,-1.9449823,-3.1749823,0.9250177,0.0150177,2.3350177,6.0250177,6.365018,5.635018,6.3550177,6.8150177,7.325018,7.7650175,7.2550178,7.715018,7.385018,6.9150176,6.0650177,5.075018,4.465018,4.2450175,4.7250175,5.7450175,3.1950178,2.4750178,2.2150178
