wind_kz.json
{"header": {"discipline":0,"disciplineName":"Meteorological products","gribEdition":2,"gribLength":1025,"center":7,"centerName":"US National Weather Service - NCEP(WMC)","subcenter":0,"refTime":"2024-02-02T18:00:00.000Z","significanceOfRT":1,"significanceOfRTName":"Start of forecast","productStatus":0,"productStatusName":"Operational products","productType":1,"productTypeName":"Forecast products","productDefinitionTemplate":0,"productDefinitionTemplateName":"Analysis/forecast at horizontal level/layer at a point in time","parameterCategory":2,"parameterCategoryName":"UnknownDiscipline_0_Category_2","parameterNumber":2,"parameterNumberName":"UnknownParameter_D0_C2_2","parameterUnit":"Unknown","genProcessType":2,"genProcessTypeName":"Forecast","forecastTime":300,"surface1Type":103,"surface1TypeName":"Specified height level above ground","surface1Value":10.0,"surface2Type":255,"surface2TypeName":"Missing","surface2Value":0.0,"gridDefinitionTemplate":0,"gridDefinitionTemplateName":"Latitude_Longitude","numberPoints":615,"shape":6,"shapeName":"Earth spherical with radius of 6,371,229.0 m","gridUnits":"degrees","resolution":48,"winds":"true","scanMode":64,"nx":41,"ny":15,"basicAngle":0,"lo1":47.0,"la1":41.0,"lo2":87.0,"la2":55.0,"dx":1.0,"dy":1.0}, "data":
[rows 0 to 14 of 15, columns 0 to 40 of 41]
5.477866,0.6178662,0.3878662,6.037866,8.007866,8.9078665,9.757866,7.497866,8.247867,5.907866,5.997866,1.8778663,2.2578661,-1.4521338,-2.4821339,-3.3521338,-1.8421338,-0.5621338,-0.29213378,-0.8221338,-5.5321336,-4.672134,-0.58213377,-3.9721339,-2.0521338,-2.3321338,-4.332134,-3.0921338,-0.4621338,-0.032133788,-0.2421338,1.1678662,-0.58213377,-0.2421338,2.1078663,2.4078662,2.7278662,2.3178663,2.3378663,2.307866,2.5278661
2.7178662,-0.4721338,4.2178664,4.8978662,5.5478663,6.887866,5.667866,7.7178664,6.177866,-0.6421338,-0.8521338,0.4678662,0.11786621,-3.7421339,-2.692134,-2.2621338,0.78786623,1.2878662,-2.3121338,-2.6121337,-3.0721338,-1.4521338,-0.7221338,-4.5521336,-1.2521338,-0.3621338,-0.4321338,-0.52213377,0.1478662,-1.0621338,0.5578662,-0.77213377,1.4478662,-0.16213378,0.007866211,0.15786621,0.4178662,-0.59213376,-0.1821338,-0.06213379,0.5878662
2.9278662,6.667866,4.4878664,4.927866,1.1578662,2.7378662,0.2078662,0.30786622,-0.9321338,-5.6221337,-3.6721337,-3.6121337,-2.8221338,-4.9321337,-6.082134,-2.8321338,-0.38213378,-1.9921337,-2.442134,-2.3121338,-3.0021338,-3.3121338,-2.6021338,-2.5421338,-2.0621338,-2.7921338,-4.2221336,-3.9121337,-0.112133786,-0.5121338,0.06786621,0.7778662,-0.83213377,0.3478662,0.9478662,1.6978662,0.21786621,0.007866211,-1.1421338,1.6978662,-0.4721338
4.707866,6.017866,2.6978662,0.1478662,-2.9021337,-0.7821338,1.4278662,-2.2221339,-4.022134,-4.232134,-4.5521336,-6.922134,-8.062134,-8.562134,-6.2621336,-6.792134,-7.4321337,-6.8921337,-5.572134,-4.812134,-4.1021338,-1.1221337,-4.822134,-4.382134,-4.4121337,-4.1821337,-4.3021336,-4.3921337,-3.3621337,-4.5521336,-5.4121337,-6.502134,-5.2821336,-2.7921338,-0.65213376,-1.8621337,-0.96213377,1.8078662,-1.3121338,-0.7221338,-1.4021338
6.8578663,5.1978664,3.3878663,0.8578662,-0.4921338,0.23786621,-1.4821337,-3.0721338,-4.172134,-5.3921337,-5.9521337,-7.332134,-8.372134,-9.152134,-9.972134,-7.482134,-7.792134,-6.9721336,-5.252134,-6.5521336,-7.5321336,-5.772134,-6.4521337,-5.9121337,-4.8021336,-3.452134,-4.612134,-2.6421337,-2.5521338,0.04786621,-1.3221338,-1.4221338,-0.7621338,1.8278662,0.10786621,-1.1421338,-1.6021338,-1.5321338,-1.1921338,-1.3621337,-1.7921338
2.8178663,4.6478662,2.6278663,2.047866,1.9078662,0.45786622,-2.0521338,-3.1221337,-3.9821339,-5.0321336,-6.4121337,-6.332134,-7.882134,-8.742134,-6.942134,-6.882134,-7.842134,-7.092134,-7.712134,-6.812134,-6.4921336,-5.7221336,-4.9921336,-5.062134,-4.402134,-4.152134,-4.902134,-2.9221337,-2.702134,-1.1621338,-0.4021338,0.4978662,0.037866212,0.15786621,-0.32213378,-3.5521338,0.90786624,-0.29213378,-1.6921338,-1.0821338,-0.65213376
4.5078664,4.6478662,5.3978662,2.9078662,3.4278662,2.8978662,1.1878662,-1.0321338,-2.8421338,-4.1821337,-5.5521336,-6.4721336,-5.9721336,-6.3921337,-6.7221336,-6.902134,-7.112134,-6.752134,-7.442134,-7.022134,-5.192134,-4.9521337,-4.982134,-4.752134,-5.022134,-4.1021338,-2.8821337,-2.9721339,-3.0321338,-2.702134,-1.1421338,-0.4721338,-0.5421338,-2.6221337,-2.3021338,-2.3321338,-0.2521338,1.9378662,2.0078661,1.5778662,-0.8221338
6.2578664,6.0078664,5.6978664,4.2178664,3.8678663,1.6278663,0.017866211,-1.1821338,-2.5621338,-4.212134,-4.582134,-5.2021337,-4.9921336,-5.542134,-5.942134,-5.832134,-5.692134,-5.9721336,-4.0121336,-6.082134,-4.292134,-4.312134,-3.7621338,-3.0321338,-2.9721339,-1.4121338,-1.7421337,-1.3521338,-0.7421338,-2.202134,-0.7921338,0.18786621,-0.6621338,1.4178662,4.187866,-1.3321338,-1.3021338,-8.142134,-9.122134,-9.3421335,-2.462134
6.577866,7.207866,6.677866,6.0678663,2.8278663,0.72786623,-0.20213379,-1.3021338,-3.0421338,-3.702134,-4.2621336,-4.292134,-4.692134,-4.1021338,-4.7621336,-3.9221337,-4.042134,-3.6721337,-3.0321338,-2.4021337,-3.8521338,-2.1321337,-1.9421338,-2.3021338,-1.6521338,-1.8021338,-0.7821338,-0.3321338,0.4378662,0.66786623,1.0578662,1.9278662,2.2378662,1.4178662,3.0278661,-0.8921338,0.7478662,0.8578662,-1.0321338,0.057866212,2.0178661
6.1278663,7.0078664,7.417866,6.5278664,3.3878663,0.5078662,-1.4321338,-2.2521338,-3.1521337,-3.6321337,-3.6621337,-4.022134,-3.6821337,-3.0621338,-3.3121338,-2.692134,-2.712134,-2.192134,-1.6021338,-1.5521338,-2.1121337,-1.7221338,-1.1321338,-0.6321338,-0.29213378,-0.4621338,1.9778662,3.5678663,3.7578661,4.597866,5.417866,5.417866,5.1078663,4.157866,2.0778663,2.2278662,-0.112133786,-0.44213378,3.4278662,2.6378663,-0.10213379
4.827866,5.8578663,5.077866,2.9278662,4.057866,-1.7921338,-2.2421339,-2.452134,-3.2621338,-3.952134,-3.3121338,-2.8321338,-3.0121338,-2.8521338,-2.1621337,-2.0621338,-1.5921338,-0.8821338,-0.7221338,-0.10213379,0.59786624,1.1578662,1.3678662,1.9878662,2.3978662,3.0878663,4.2778664,6.387866,7.8378663,8.557866,8.477866,8.167866,7.517866,5.867866,4.7978663,2.9378662,1.9878662,2.4378662,5.3378663,4.0878663,3.787866
2.0178661,2.8278663,0.91786623,1.2278662,2.797866,-2.3421338,-3.2621338,-3.5921338,-3.8121338,-4.732134,-4.7221336,-3.9921339,-3.4321337,-2.4021337,-2.3221338,-2.212134,-1.5321338,-2.212134,-0.22213379,0.4378662,1.4378662,2.2078662,2.557866,2.8178663,5.167866,5.577866,6.957866,9.667866,9.747867,8.757866,7.707866,7.7178664,7.4678664,7.017866,5.9878664,7.2578664,8.257866,9.727866,7.8178663,6.367866,2.9378662
0.59786624,0.5178662,-0.4921338,1.0878662,-1.8521338,-3.702134,-4.7821336,-5.4321337,-6.312134,-4.7621336,-2.1021338,-3.5121338,-1.3121338,-2.952134,-3.0721338,-3.5621338,-2.5221338,-1.9621338,-0.5121338,0.9278662,1.6378663,3.3878663,5.0678663,5.4678664,6.387866,6.677866,7.227866,7.617866,8.067866,8.167866,8.357866,8.627866,8.377866,8.587866,8.627866,9.477866,10.127866,6.937866,10.027866,8.937866,7.097866
0.9278662,-1.5021338,-1.2821338,-5.7621336,-7.792134,-8.532134,-7.672134,-8.032134,-4.8921337,-3.7721338,-1.8821338,-2.1321337,-1.7221338,-1.6421338,-2.6121337,-1.9521338,-0.48213378,0.7678662,1.4078662,3.2678661,3.9278662,5.0278664,5.977866,6.677866,6.937866,7.117866,7.5678663,8.197866,8.237866,8.6178665,8.837866,8.917866,8.737866,8.827867,8.087866,9.077867,8.597866,9.357866,9.567866,7.977866,7.927866
-1.2321337,-1.5221338,-4.4921336,-5.832134,-6.322134,-7.2621336,-6.2221336,-6.362134,-4.152134,-3.712134,-3.5421338,-1.2021338,-1.5621338,-0.8621338,-0.5721338,0.48786622,1.0578662,2.0978663,2.307866,3.6178663,4.1478662,5.207866,5.497866,6.457866,6.597866,6.937866,7.657866,8.027866,8.317866,8.467866,9.187866,10.057866,9.077867,8.857866,8.887866,9.247867,7.4478664,10.287867,9.927866,10.227866,5.177866
