wind_kz.json
{"header": {"discipline":0,"disciplineName":"Meteorological products","gribEdition":2,"gribLength":1025,"center":7,"centerName":"US National Weather Service - NCEP(WMC)","subcenter":0,"refTime":"2023-08-18T00:00:00.000Z","significanceOfRT":1,"significanceOfRTName":"Start of forecast","productStatus":0,"productStatusName":"Operational products","productType":1,"productTypeName":"Forecast products","productDefinitionTemplate":0,"productDefinitionTemplateName":"Analysis/forecast at horizontal level/layer at a point in time","parameterCategory":2,"parameterCategoryName":"UnknownDiscipline_0_Category_2","parameterNumber":3,"parameterNumberName":"UnknownParameter_D0_C2_3","parameterUnit":"Unknown","genProcessType":2,"genProcessTypeName":"Forecast","forecastTime":120,"surface1Type":103,"surface1TypeName":"Specified height level above ground","surface1Value":10.0,"surface2Type":255,"surface2TypeName":"Missing","surface2Value":0.0,"gridDefinitionTemplate":0,"gridDefinitionTemplateName":"Latitude_Longitude","numberPoints":615,"shape":6,"shapeName":"Earth spherical with radius of 6,371,229.0 m","gridUnits":"degrees","resolution":48,"winds":"true","scanMode":64,"nx":41,"ny":15,"basicAngle":0,"lo1":47.0,"la1":41.0,"lo2":87.0,"la2":55.0,"dx":1.0,"dy":1.0}, "data":
[rows 0 to 14 of 15, columns 0 to 40 of 41]
0.31095216,-3.059048,1.4309522,-3.2690477,-0.9390479,-4.299048,-3.8690479,2.5609522,1.2709521,2.460952,3.0109522,1.9109521,-0.009047852,0.43095216,-0.10904785,-0.70904785,-1.1090479,-1.9890479,-3.1490479,-1.3290478,-1.4290478,-0.90904784,1.3909521,-1.1690478,-1.5090479,-1.2090478,-1.2590479,1.1809522,0.71095216,-0.56904787,-2.6990478,-4.459048,0.27095214,-1.8290478,-2.6490479,-0.7490479,-2.7290478,-4.879048,-7.459048,-4.509048,-5.8090477
1.8809521,1.6709522,-2.7090478,-0.88904786,1.0209521,-2.9690478,-3.079048,1.4709522,2.170952,4.240952,2.0709522,-0.26904786,-0.8690479,1.6609521,0.5709522,-0.7390478,1.1409521,-0.10904785,-4.159048,-4.5390477,-3.779048,-1.8190478,2.7309523,1.5609522,-1.0790478,-0.85904783,-2.789048,0.10095215,-0.52904785,0.16095215,1.6609521,2.900952,-0.8790479,-2.8690479,-3.3790479,-2.1390479,-2.3990479,-3.4990478,-3.4390478,-5.8490477,-4.909048
2.420952,0.6909521,1.7809521,2.5009522,0.14095215,-0.88904786,-1.0390478,-0.43904784,3.470952,0.9409521,1.5509522,0.30095214,-1.9190478,-2.2090478,-2.339048,-2.799048,-2.5190477,-1.6690478,-2.029048,-3.4790478,-3.9390478,-2.1790478,-1.8090478,-0.96904784,-0.34904784,1.3009522,1.0109521,0.74095213,-0.21904784,2.7909522,-0.49904785,0.49095213,2.3609521,-2.0090477,0.41095215,2.5609522,-1.0290478,0.20095214,-0.06904785,-0.6890479,-1.5490478
-0.099047855,2.210952,2.1009521,1.0109521,-0.88904786,1.0309521,0.46095216,1.2609521,2.920952,2.5309522,2.720952,2.2609522,1.6909522,-0.35904786,-2.1390479,-3.2290478,-1.0090479,-1.9290478,0.73095214,-2.069048,-3.339048,-1.1690478,1.9509522,1.6309521,1.1109521,1.2709521,-0.56904787,-0.70904785,1.7609521,2.5409522,1.9609522,-1.1990478,-1.5790478,-0.71904784,0.43095216,-2.2490478,-1.0590478,1.3209522,-1.1090479,-0.20904785,2.0009522
3.0209522,3.8509521,2.7409523,1.4809521,0.92095214,-0.97904783,0.37095216,4.890952,4.280952,4.6109524,3.650952,1.8909521,1.5509522,-0.6190479,-2.349048,-2.569048,-2.599048,-3.2290478,-2.6390479,-2.6790478,-1.2690479,1.4409522,2.470952,0.68095213,1.1609521,0.48095214,-1.0790478,-1.5490478,-0.51904786,0.09095215,1.9909521,1.5809522,1.4109521,-1.1790478,-1.2890478,-1.6590478,0.5609521,0.5109522,0.5709522,-0.07904785,2.8509521
3.0309522,3.3509521,4.1109524,3.4809523,1.4909521,-0.48904786,0.13095215,2.460952,2.2409523,2.430952,3.3409522,3.0709522,3.2309523,2.690952,1.5009521,-1.7690479,-1.7890478,-2.2190478,-3.4490478,-2.9790478,-1.5890479,0.85095215,2.8409522,1.0209521,0.99095213,-0.76904786,-1.6490479,-1.5490478,-2.279048,-1.2590479,1.7309521,2.2509522,1.6309521,2.470952,3.140952,-2.5090477,2.430952,1.3009522,-1.9290478,2.5509522,4.790952
4.9609523,3.8809521,2.420952,1.6909522,3.7309523,1.9809521,1.2309521,0.8809521,1.7109522,1.6709522,1.7909522,3.0809522,4.020952,2.7709522,2.8609521,3.0909522,0.5709522,-2.029048,-3.2490478,-3.089048,-0.06904785,0.030952148,-0.56904787,-0.33904785,0.29095215,0.41095215,0.24095215,-0.70904785,0.12095215,-0.85904783,-0.06904785,-0.06904785,-2.4890478,-1.3390479,-1.6490479,-0.36904785,-2.579048,-1.1790478,-2.049048,-2.4690478,1.0709522
1.3609521,3.2309523,3.170952,2.710952,3.900952,4.3609524,4.5009522,3.710952,4.850952,4.490952,3.430952,2.0209522,2.710952,3.160952,4.2509522,4.2309523,3.2309523,0.5109522,-1.8090478,-1.6190479,-2.9690478,-1.7890478,-2.309048,2.200952,2.2309523,0.93095213,0.99095213,-1.3690479,-0.7990478,-1.4890479,-0.10904785,-0.51904786,-1.1090479,-1.4990479,0.47095215,0.64095217,-0.81904787,-0.24904785,1.2509521,0.58095217,-1.5790478
0.77095217,2.690952,1.5009521,0.19095215,1.0609522,3.640952,5.2109523,5.0009522,4.540952,4.240952,2.8309522,1.4009521,1.0309521,2.160952,4.4609523,4.660952,4.6909523,3.640952,2.160952,0.13095215,0.24095215,-1.3590479,-0.75904787,-1.0490478,-1.1590478,-1.3090478,-0.099047855,0.27095214,-0.16904785,-0.71904784,-2.289048,-1.6290479,-1.2590479,-0.44904786,0.24095215,-0.39904785,-2.549048,-0.81904787,-2.559048,-3.039048,-3.3990479
-1.8890479,-0.37904784,0.91095215,1.5209521,0.5109522,2.7709522,5.830952,6.600952,5.240952,5.450952,3.2709522,2.710952,1.9809521,2.0209522,3.960952,7.2109523,5.570952,4.520952,3.7309523,2.930952,2.2609522,1.2209522,0.080952145,-0.05904785,1.2209522,0.24095215,-1.6590478,-1.7790478,-1.1290479,-0.9990479,-1.5290478,-1.1890478,-2.1790478,-2.1990478,-0.099047855,0.97095215,0.17095214,-2.349048,-1.1990478,0.030952148,1.1309521
-2.6390479,-1.5990479,-0.32904786,-0.08904785,0.9509522,2.460952,4.040952,3.8109522,3.640952,3.140952,2.900952,3.470952,3.0109522,4.3809524,3.7709522,6.330952,7.820952,7.120952,5.200952,4.4209523,4.270952,3.5209522,2.1109521,0.8809521,1.6509521,1.1009521,0.34095216,-0.64904785,-0.84904784,-0.7990478,-2.109048,-2.839048,-2.4790478,-2.4290478,-2.4890478,0.25095215,-0.14904785,1.4009521,0.8109521,1.1609521,0.71095216
-1.0590478,-0.9890478,-0.82904786,-0.029047852,1.2309521,1.8109522,1.9909521,3.4909523,3.950952,3.3809521,3.470952,2.7809522,3.400952,2.8609521,3.960952,4.580952,6.550952,6.6109524,6.1709523,5.1909523,4.800952,3.640952,2.640952,2.3209522,2.6109521,2.5909522,1.9509522,1.3809521,1.3909521,0.22095215,-0.58904785,-1.8890479,-1.9090478,-2.1890478,-2.4390478,-3.3990479,-2.059048,-0.48904786,0.44095215,0.61095214,0.66095215
-1.4490478,-1.7790478,-0.97904783,0.22095215,1.2009522,2.0309522,2.460952,2.7609522,2.930952,3.190952,2.420952,2.5509522,3.8109522,3.9809523,3.700952,3.140952,3.0609522,4.4409523,7.240952,6.990952,5.1709523,5.800952,4.4609523,3.720952,3.5609522,3.5709522,3.140952,2.4809523,2.3209522,2.2509522,1.2109522,0.23095214,-0.64904785,-1.3190478,-1.6190479,-2.1590478,-2.4890478,-2.069048,-2.779048,-2.4990478,-1.5890479
-0.7990478,-2.2590477,-2.6190479,1.0009521,2.8109522,3.5009522,3.0509522,2.400952,1.9809521,2.8209522,2.7909522,0.92095214,2.920952,3.5209522,3.890952,3.6209521,3.4809523,2.660952,3.2509522,5.7109523,8.580952,6.020952,2.5409522,3.720952,3.6309521,3.5309522,3.6109521,4.0009522,3.5809522,3.3609521,2.7509522,2.0509522,2.0109522,1.4309522,-0.24904785,-0.97904783,-1.3290478,-1.3690479,-1.7590479,-1.6390479,-2.1390479
-0.08904785,-0.83904785,-2.7490478,2.6209521,2.0409522,1.6209521,0.5009521,2.910952,2.180952,3.3309522,2.390952,2.140952,0.8109521,1.9709522,3.4809523,3.440952,2.960952,2.0509522,2.0309522,2.470952,4.4609523,5.040952,3.0009522,1.3709521,1.0409522,2.970952,3.2809522,4.660952,3.910952,3.7509522,4.6509523,3.1309521,2.690952,2.0309522,1.5109521,0.71095216,-0.029047852,-0.12904786,0.15095215,-0.58904785,-0.31904784
