wind_kz.json
{"header": {"discipline":0,"disciplineName":"Meteorological products","gribEdition":2,"gribLength":871,"center":7,"centerName":"US National Weather Service - NCEP(WMC)","subcenter":0,"refTime":"2023-09-09T00:00:00.000Z","significanceOfRT":1,"significanceOfRTName":"Start of forecast","productStatus":0,"productStatusName":"Operational products","productType":1,"productTypeName":"Forecast products","productDefinitionTemplate":0,"productDefinitionTemplateName":"Analysis/forecast at horizontal level/layer at a point in time","parameterCategory":0,"parameterCategoryName":"UnknownDiscipline_0_Category_0","parameterNumber":0,"parameterNumberName":"UnknownParameter_D0_C0_0","parameterUnit":"Unknown","genProcessType":2,"genProcessTypeName":"Forecast","forecastTime":180,"surface1Type":1,"surface1TypeName":"Ground or water surface","surface1Value":0.0,"surface2Type":255,"surface2TypeName":"Missing","surface2Value":0.0,"gridDefinitionTemplate":0,"gridDefinitionTemplateName":"Latitude_Longitude","numberPoints":615,"shape":6,"shapeName":"Earth spherical with radius of 6,371,229.0 m","gridUnits":"degrees","resolution":48,"winds":"true","scanMode":64,"nx":41,"ny":15,"basicAngle":0,"lo1":47.0,"la1":41.0,"lo2":87.0,"la2":55.0,"dx":1.0,"dy":1.0}, "data":
[rows 0 to 14 of 15, columns 0 to 40 of 41]
299.8764,288.9764,291.17642,297.57642,298.07642,296.27643,303.9764,310.77643,308.17642,308.07642,306.57642,306.9764,306.3764,304.77643,302.57642,302.57642,303.57642,304.3764,303.8764,308.07642,310.3764,305.4764,306.17642,301.3764,303.67642,306.8764,302.17642,289.17642,288.3764,287.17642,286.07642,286.67642,297.17642,302.27643,302.17642,302.07642,302.07642,301.57642,300.4764,300.9764,300.3764
283.4764,294.07642,298.07642,297.9764,297.17642,295.4764,307.27643,304.77643,304.3764,303.77643,305.27643,304.8764,304.27643,303.9764,305.67642,306.17642,305.77643,305.57642,301.57642,305.9764,307.3764,306.67642,303.67642,295.17642,285.9764,286.17642,296.07642,289.3764,291.3764,284.3764,288.07642,280.67642,288.9764,261.27643,282.77643,298.4764,297.17642,299.8764,302.07642,295.17642,286.4764
300.4764,296.57642,297.4764,296.9764,294.8764,302.8764,302.9764,302.4764,301.8764,300.8764,301.4764,302.4764,301.67642,302.3764,302.8764,303.57642,303.57642,303.77643,303.8764,302.67642,304.57642,303.77643,305.27643,298.4764,302.67642,300.8764,301.9764,301.9764,300.3764,289.07642,281.57642,282.77643,289.77643,290.17642,292.3764,288.9764,281.3764,282.57642,284.4764,280.17642,279.67642
302.57642,295.77643,296.8764,295.9764,296.07642,302.27643,300.57642,299.67642,298.9764,298.57642,300.57642,299.8764,293.3764,292.57642,299.3764,300.77643,300.67642,302.4764,304.3764,302.27643,301.17642,296.57642,303.4764,303.57642,303.9764,304.17642,304.57642,300.57642,298.8764,298.9764,299.57642,297.3764,301.27643,300.8764,299.07642,293.27643,281.8764,281.27643,283.8764,293.3764,295.9764
305.3764,294.3764,294.9764,293.57642,296.17642,299.77643,300.8764,298.17642,296.8764,296.3764,293.17642,298.4764,292.3764,291.27643,289.67642,298.4764,299.67642,299.07642,301.77643,299.27643,299.4764,302.4764,302.77643,301.3764,301.27643,301.3764,299.67642,296.27643,299.4764,298.57642,300.57642,297.67642,286.07642,278.4764,287.9764,296.77643,297.9764,300.4764,300.67642,299.4764,299.57642
304.4764,301.3764,293.77643,292.4764,292.77643,291.9764,299.27643,300.67642,296.9764,294.9764,293.8764,293.57642,292.27643,292.57642,294.77643,297.17642,299.9764,300.3764,300.3764,299.3764,300.07642,301.9764,299.8764,300.07642,300.17642,298.07642,298.07642,290.77643,299.4764,300.17642,297.8764,298.77643,296.57642,296.07642,292.77643,294.27643,287.07642,289.77643,297.77643,298.4764,296.57642
302.9764,303.07642,303.17642,303.4764,299.07642,300.07642,300.57642,299.17642,298.27643,295.07642,292.4764,291.07642,291.9764,292.27643,293.3764,297.8764,299.07642,298.67642,300.17642,295.07642,299.27643,301.07642,300.67642,299.77643,297.57642,297.3764,296.8764,298.17642,297.3764,297.67642,297.67642,296.8764,298.07642,297.77643,295.4764,292.9764,286.9764,284.67642,282.07642,280.77643,290.77643
302.3764,302.57642,302.17642,301.27643,302.27643,297.9764,294.67642,293.27643,295.3764,293.3764,294.57642,292.57642,290.67642,291.07642,293.07642,294.4764,295.57642,294.57642,296.27643,293.3764,296.4764,297.17642,298.3764,297.3764,296.07642,293.67642,293.4764,295.4764,293.57642,294.8764,294.67642,295.07642,293.8764,291.8764,291.17642,292.57642,293.77643,289.27643,292.9764,292.9764,287.9764
301.07642,300.77643,300.57642,299.77643,300.77643,300.17642,298.57642,293.67642,294.07642,294.07642,292.67642,291.3764,290.67642,289.57642,293.3764,294.17642,294.17642,294.9764,292.8764,289.4764,288.67642,293.07642,295.4764,295.3764,293.57642,293.77643,292.07642,291.17642,290.77643,289.4764,290.57642,290.77643,291.3764,292.3764,291.67642,289.4764,289.17642,287.3764,275.4764,276.77643,272.17642
298.07642,297.8764,300.67642,299.07642,298.77643,297.3764,295.4764,291.77643,291.3764,289.4764,293.4764,294.07642,288.17642,285.9764,287.17642,288.4764,291.57642,287.9764,288.77643,289.9764,287.8764,292.67642,293.67642,294.9764,294.3764,292.4764,291.9764,290.77643,289.3764,289.57642,289.3764,291.07642,292.17642,292.07642,291.67642,290.07642,286.07642,280.07642,276.17642,276.27643,273.9764
298.17642,292.77643,296.9764,295.67642,296.4764,293.27643,292.4764,291.57642,291.8764,291.8764,289.9764,290.67642,289.07642,287.4764,288.4764,286.57642,286.77643,287.07642,288.9764,287.8764,290.67642,290.67642,291.3764,291.8764,290.27643,289.17642,287.3764,291.27643,289.3764,291.9764,291.8764,292.17642,290.77643,289.4764,289.9764,287.4764,281.67642,279.17642,280.67642,279.4764,277.67642
292.17642,293.07642,294.3764,291.9764,291.3764,291.57642,292.9764,291.17642,292.17642,292.07642,288.9764,284.9764,286.3764,284.27643,285.07642,285.8764,287.77643,287.57642,290.9764,288.4764,287.67642,285.8764,285.57642,287.57642,288.17642,290.4764,287.8764,289.77643,291.27643,291.8764,290.57642,290.9764,290.27643,287.67642,287.8764,288.3764,287.57642,286.9764,285.27643,284.07642,284.27643
294.67642,295.9764,293.3764,293.8764,290.27643,290.57642,290.4764,294.9764,293.17642,292.67642,287.27643,287.67642,289.27643,286.8764,287.8764,289.4764,289.27643,288.27643,287.77643,285.27643,284.77643,284.57642,285.57642,284.77643,286.07642,286.67642,288.3764,289.9764,289.77643,290.07642,289.67642,288.9764,289.07642,287.77643,289.07642,287.3764,287.17642,286.77643,285.3764,284.17642,283.57642
292.3764,292.77643,291.17642,292.67642,292.9764,292.57642,291.17642,288.07642,292.3764,290.8764,287.67642,285.07642,285.4764,286.17642,287.3764,288.8764,288.07642,288.07642,288.8764,287.67642,287.9764,286.9764,284.8764,284.67642,285.17642,286.57642,288.27643,287.9764,287.07642,287.57642,288.17642,286.4764,286.17642,285.4764,286.27643,285.27643,285.9764,285.07642,283.9764,282.57642,283.27643
288.9764,292.17642,288.9764,293.77643,291.3764,288.77643,290.17642,288.27643,289.67642,290.3764,287.67642,287.67642,284.57642,284.77643,286.57642,286.4764,287.27643,287.57642,288.8764,287.27643,286.77643,288.17642,287.27643,286.07642,284.9764,285.4764,286.3764,285.07642,285.67642,286.07642,286.27643,285.3764,285.57642,285.17642,285.27643,285.57642,285.9764,284.67642,284.57642,282.9764,284.27643
