wind_kz.json
{"header": {"discipline":0,"disciplineName":"Meteorological products","gribEdition":2,"gribLength":1025,"center":7,"centerName":"US National Weather Service - NCEP(WMC)","subcenter":0,"refTime":"2023-08-28T06:00:00.000Z","significanceOfRT":1,"significanceOfRTName":"Start of forecast","productStatus":0,"productStatusName":"Operational products","productType":1,"productTypeName":"Forecast products","productDefinitionTemplate":0,"productDefinitionTemplateName":"Analysis/forecast at horizontal level/layer at a point in time","parameterCategory":2,"parameterCategoryName":"UnknownDiscipline_0_Category_2","parameterNumber":3,"parameterNumberName":"UnknownParameter_D0_C2_3","parameterUnit":"Unknown","genProcessType":2,"genProcessTypeName":"Forecast","forecastTime":300,"surface1Type":103,"surface1TypeName":"Specified height level above ground","surface1Value":10.0,"surface2Type":255,"surface2TypeName":"Missing","surface2Value":0.0,"gridDefinitionTemplate":0,"gridDefinitionTemplateName":"Latitude_Longitude","numberPoints":615,"shape":6,"shapeName":"Earth spherical with radius of 6,371,229.0 m","gridUnits":"degrees","resolution":48,"winds":"true","scanMode":64,"nx":41,"ny":15,"basicAngle":0,"lo1":47.0,"la1":41.0,"lo2":87.0,"la2":55.0,"dx":1.0,"dy":1.0}, "data":
[rows 0 to 14 of 15, columns 0 to 40 of 41]
5.0406423,-1.8893579,-0.32935792,-6.369358,-6.2493577,-3.419358,-1.469358,-2.299358,-2.269358,-2.029358,-2.3293579,-2.429358,-3.559358,-4.059358,-4.379358,-4.359358,-4.369358,-3.1393578,-4.0193577,-2.219358,-2.709358,-4.659358,-3.949358,0.3006421,-1.6293579,0.48064208,0.2506421,1.9806421,0.01064209,-1.4493579,0.8906421,-1.369358,2.810642,-1.9993579,-4.2293577,-5.389358,-4.219358,-2.3193579,-0.42935792,-0.14935791,0.2506421
1.7206421,1.3606421,0.22064209,-2.3693578,-2.669358,-1.8293579,-1.4293579,-0.9293579,-1.5793579,-2.679358,-2.6193578,-4.489358,-5.199358,-5.339358,-6.679358,-5.829358,-5.849358,-6.919358,-2.1193578,-1.349358,-2.6093578,-3.439358,-1.9193579,1.260642,1.5506421,2.4306421,-0.5793579,3.780642,0.93064207,3.1306422,3.3806422,5.100642,2.6406422,3.8506422,1.0006421,-3.239358,-2.719358,-2.1193578,-2.799358,-1.719358,0.22064209
2.1206422,3.060642,-0.29935792,-3.189358,-4.589358,-0.68935794,-0.5493579,0.5506421,1.010642,0.36064208,-0.8593579,-1.7993579,-3.239358,-3.939358,-5.4593577,-4.849358,-4.079358,-4.4993577,-5.469358,-6.079358,-5.289358,-2.3493578,-1.1293579,1.5506421,0.3106421,0.48064208,0.9406421,0.68064207,0.6106421,1.6206421,3.1606421,0.8906421,1.2006421,0.16064209,-0.4493579,1.0806421,2.090642,-0.9193579,0.29064208,-0.4993579,2.4306421
-0.14935791,-0.9793579,-3.0693579,-5.4593577,-3.439358,-2.429358,0.08064209,-1.359358,-2.3293579,1.2906421,0.50064206,-1.2793579,-3.919358,-4.9993577,-5.149358,-3.3193579,-4.109358,-4.259358,-4.139358,-4.339358,-3.5693579,-2.439358,-1.7793579,1.6706421,-1.0593579,-2.459358,-2.979358,-1.6693579,-3.5993578,-3.3493578,-2.659358,-3.809358,-0.8493579,1.1706421,0.3106421,-0.4793579,0.36064208,2.6406422,-0.7193579,-1.369358,-1.0393579
1.3506421,0.9106421,-1.979358,-2.219358,-2.919358,-3.409358,-4.219358,-1.0493579,-1.5093579,-0.16935791,2.590642,2.1606421,1.1006421,-1.349358,-3.3393579,-3.6393578,-3.5693579,-3.309358,-3.469358,-4.579358,-6.109358,-3.909358,-3.8193579,0.04064209,-0.1593579,-0.6993579,-1.0293579,-0.6393579,0.6406421,-2.909358,-2.509358,-1.2693579,1.5506421,2.3606422,-0.5593579,-1.859358,0.7706421,0.7206421,-2.3893578,-3.0693579,-3.019358
2.090642,0.50064206,0.18064208,-1.099358,-1.9593579,-3.689358,-1.5093579,-0.8093579,-0.5793579,-0.20935792,-1.729358,-0.07935791,1.9506421,0.3406421,-2.229358,0.5906421,-1.8193579,-3.289358,-3.799358,-4.969358,-4.879358,-5.829358,-5.859358,0.6106421,-0.42935792,-2.0793579,-3.779358,0.8506421,0.2006421,-1.719358,-3.0993578,-2.189358,-1.0793579,-1.5193579,1.7106421,0.8006421,2.470642,2.080642,1.0706421,-2.299358,-3.1293578
-2.0893579,-2.209358,-2.049358,0.3306421,-1.1493579,-1.6693579,-2.3593578,-1.0793579,-1.5093579,-1.3193579,-1.719358,-1.7593579,-0.19935791,-2.039358,-3.289358,-4.349358,-0.45935792,-2.3993578,-2.709358,-3.3693578,-4.9393578,-5.2493577,-5.029358,-4.9793577,-0.9693579,-1.359358,0.09064209,-0.6793579,-2.0893579,-3.6393578,-1.9993579,-2.5793579,-1.6293579,-3.009358,-2.559358,-1.739358,-2.5893579,-0.3393579,0.9706421,-0.13935791,-0.4393579
0.9806421,0.4006421,-0.3393579,-1.979358,-0.9693579,0.7206421,-0.7393579,-0.4493579,-1.1793579,-2.8293579,-2.459358,-2.1193578,0.4106421,-2.669358,-4.4393578,-4.669358,-1.6893579,-1.5393579,-3.939358,-1.4993579,-2.449358,-1.359358,-1.239358,-3.279358,1.8606421,2.070642,0.4006421,-0.13935791,1.520642,-0.8893579,-0.9893579,-3.059358,-2.6093578,1.6906421,0.9906421,0.50064206,1.530642,-0.5393579,1.5706421,-0.9693579,-1.8393579
1.5006421,0.6706421,0.5206421,0.8606421,-1.5793579,-0.9593579,1.6806421,1.010642,1.2506421,-1.4193579,-2.919358,-2.939358,0.35064209,-2.309358,-3.949358,-2.289358,-5.099358,-5.359358,-5.099358,-3.799358,-2.8193579,-1.1693579,0.02064209,0.9506421,1.780642,-0.4693579,1.9206421,2.1106422,1.1706421,1.1006421,1.3406421,0.6606421,-1.4293579,-0.1893579,-0.99935794,1.2106421,-0.6393579,1.3506421,0.1706421,-0.93935794,-0.48935792
-0.20935792,1.4406421,1.270642,0.21064208,0.9706421,0.2006421,-0.6693579,-1.1993579,-1.5893579,-2.179358,-2.719358,-0.7393579,-1.369358,-3.199358,-2.689358,-5.199358,-6.4793577,-4.9393578,-4.4593577,-3.249358,-1.0193579,-0.3793579,0.5406421,1.3106421,2.060642,2.9006422,2.270642,1.6606421,1.1006421,-0.03935791,-0.04935791,2.530642,1.3406421,-0.38935792,-0.5593579,-0.4493579,0.08064209,-2.0693579,0.5106421,3.330642,2.6406422
1.7006421,2.950642,3.080642,2.560642,2.6606421,2.1106422,1.9506421,0.08064209,-0.20935792,-1.5193579,-1.2793579,0.9206421,-1.9093579,-2.969358,-4.1893578,-5.9393578,-5.579358,-5.549358,-5.679358,-5.099358,-3.8593578,-2.3793578,-0.4393579,2.3906422,1.7406421,2.690642,2.490642,1.7306421,1.1806421,-1.099358,-1.989358,0.8806421,-0.16935791,-0.7293579,-0.22935791,-0.2793579,-1.359358,1.640642,0.8306421,0.3006421,0.09064209
-0.13935791,2.050642,0.9206421,1.770642,2.190642,2.780642,2.6506422,2.040642,1.3106421,-0.8593579,-1.3893579,-1.599358,-1.1493579,-1.7893579,-3.8893578,-4.4593577,-4.299358,-5.029358,-5.139358,-3.529358,-3.1393578,-2.8493578,-1.9293579,-0.7893579,0.9506421,1.150642,2.690642,2.570642,0.8206421,2.1606421,0.21064208,1.1006421,1.4406421,1.0506421,0.9006421,-0.87935793,0.42064208,0.08064209,1.7106421,1.9406421,0.8806421
-1.3393579,-0.45935792,-0.6493579,0.18064208,-1.7493579,-1.1393579,2.280642,3.3506422,2.510642,1.7506421,-0.2893579,-0.4993579,-0.32935792,-0.8593579,-2.279358,-3.019358,-3.249358,-4.2293577,-5.369358,-3.729358,-2.759358,-2.1093578,-2.229358,-1.349358,0.7806421,1.530642,1.7506421,2.240642,1.9106421,1.020642,0.9406421,-1.3893579,1.8006421,0.9406421,0.6006421,-0.7193579,-0.9593579,1.400642,-1.4493579,0.5106421,0.21064208
-1.4193579,-2.279358,-2.529358,-1.9993579,-1.9493579,-1.3893579,-0.5293579,0.3406421,2.320642,2.6706421,1.6006421,6.420899E-4,0.10064209,-0.42935792,-1.5793579,-2.3393579,-2.3493578,-2.719358,-3.939358,-2.709358,-2.979358,-2.669358,-2.8493578,-1.9393579,0.04064209,0.12064209,1.0506421,1.5506421,2.310642,2.450642,1.780642,-0.4393579,2.3906422,2.240642,0.4106421,-1.4193579,-0.6393579,0.11064209,2.550642,1.8006421,0.9606421
-1.5393579,-1.9093579,-3.539358,-2.539358,-3.049358,-2.6293578,-2.5693579,-1.9493579,2.220642,1.6706421,0.7006421,0.9906421,1.5506421,-0.22935791,-0.8893579,-2.0793579,-2.199358,-2.1493578,-2.529358,-3.559358,-4.289358,-1.219358,-1.7593579,-1.9593579,-1.0493579,0.10064209,0.9706421,-0.9193579,1.4606421,2.460642,1.4506421,2.4106421,1.5406421,2.270642,0.56064206,0.9006421,1.030642,1.8606421,1.400642,1.390642,0.5906421
