wind_kz.json
{"header": {"discipline":0,"disciplineName":"Meteorological products","gribEdition":2,"gribLength":871,"center":7,"centerName":"US National Weather Service - NCEP(WMC)","subcenter":0,"refTime":"2024-02-02T18:00:00.000Z","significanceOfRT":1,"significanceOfRTName":"Start of forecast","productStatus":0,"productStatusName":"Operational products","productType":1,"productTypeName":"Forecast products","productDefinitionTemplate":0,"productDefinitionTemplateName":"Analysis/forecast at horizontal level/layer at a point in time","parameterCategory":0,"parameterCategoryName":"UnknownDiscipline_0_Category_0","parameterNumber":0,"parameterNumberName":"UnknownParameter_D0_C0_0","parameterUnit":"Unknown","genProcessType":2,"genProcessTypeName":"Forecast","forecastTime":180,"surface1Type":1,"surface1TypeName":"Ground or water surface","surface1Value":0.0,"surface2Type":255,"surface2TypeName":"Missing","surface2Value":0.0,"gridDefinitionTemplate":0,"gridDefinitionTemplateName":"Latitude_Longitude","numberPoints":615,"shape":6,"shapeName":"Earth spherical with radius of 6,371,229.0 m","gridUnits":"degrees","resolution":48,"winds":"true","scanMode":64,"nx":41,"ny":15,"basicAngle":0,"lo1":47.0,"la1":41.0,"lo2":87.0,"la2":55.0,"dx":1.0,"dy":1.0}, "data":
[rows 0 to 14 of 15, columns 0 to 40 of 41]
284.38617,278.2862,282.6862,280.38617,280.6862,282.08618,283.88617,287.6862,286.38617,286.98618,286.98618,286.2862,286.48618,285.7862,286.58618,287.2862,286.98618,286.98618,288.6862,289.58618,288.88617,289.48618,289.88617,279.98618,287.88617,287.2862,276.88617,270.08618,268.7862,266.38617,270.6862,262.88617,272.58618,283.38617,282.98618,280.7862,283.7862,281.88617,280.58618,280.1862,281.6862
264.48618,284.1862,279.98618,279.88617,280.48618,281.08618,283.98618,284.58618,287.08618,288.38617,287.98618,286.58618,287.2862,287.2862,285.6862,285.7862,286.48618,286.98618,286.1862,287.7862,287.88617,289.88617,286.38617,273.1862,267.88617,271.1862,271.58618,267.1862,267.2862,265.38617,273.1862,265.38617,274.88617,255.48618,262.7862,271.48618,271.7862,278.88617,280.88617,276.38617,273.1862
282.2862,278.7862,279.98618,280.38617,280.38617,283.58618,283.38617,283.58618,283.48618,283.98618,284.38617,284.7862,286.1862,287.08618,281.88617,280.88617,281.48618,280.7862,281.7862,281.98618,282.88617,287.58618,286.98618,273.1862,287.48618,275.6862,273.58618,277.88617,283.58618,273.6862,271.08618,273.08618,271.48618,270.08618,267.98618,272.48618,270.88617,262.88617,264.7862,267.98618,267.38617
282.7862,275.7862,277.6862,278.88617,280.1862,282.88617,281.48618,282.2862,283.48618,282.1862,282.2862,282.88617,281.2862,281.88617,282.2862,279.58618,280.98618,280.38617,276.7862,280.88617,285.58618,273.2862,282.88617,281.98618,280.38617,279.98618,279.08618,273.6862,275.38617,275.48618,273.88617,273.88617,279.38617,277.88617,273.08618,272.88617,268.6862,263.7862,274.88617,270.58618,271.1862
280.1862,272.98618,271.88617,272.98618,276.7862,280.2862,279.1862,281.48618,280.58618,279.6862,279.6862,279.48618,278.98618,278.98618,278.08618,277.6862,278.48618,279.38617,281.2862,276.6862,280.6862,279.98618,277.2862,279.6862,276.88617,274.7862,273.1862,274.88617,280.88617,281.6862,276.2862,277.6862,272.48618,264.7862,273.1862,268.6862,270.2862,271.7862,272.98618,270.88617,269.6862
279.98618,278.88617,273.08618,272.98618,272.2862,271.48618,280.58618,278.88617,279.08618,278.7862,276.38617,276.48618,278.6862,278.98618,276.08618,277.48618,273.08618,276.2862,273.38617,275.48618,273.1862,275.88617,273.98618,273.38617,273.88617,273.2862,276.08618,272.98618,273.58618,273.48618,273.7862,273.98618,273.1862,273.1862,273.38617,271.48618,273.1862,273.38617,269.1862,266.7862,267.98618
279.38617,278.6862,280.08618,279.88617,276.2862,278.6862,279.88617,277.48618,275.88617,274.58618,274.58618,272.1862,273.38617,272.88617,273.88617,273.98618,272.58618,271.98618,270.58618,269.7862,269.08618,269.7862,270.08618,271.1862,271.1862,272.2862,273.1862,273.38617,273.2862,273.2862,272.48618,272.48618,272.98618,271.1862,271.48618,273.1862,271.6862,271.98618,270.7862,269.1862,268.38617
278.6862,278.88617,277.48618,278.1862,277.6862,276.98618,276.98618,275.58618,273.7862,271.98618,270.38617,270.38617,270.1862,269.7862,272.48618,271.58618,271.1862,270.2862,268.38617,266.48618,266.38617,266.88617,267.48618,268.6862,268.58618,269.2862,269.7862,271.08618,272.7862,272.88617,271.6862,271.88617,269.98618,269.48618,273.08618,268.2862,267.1862,267.48618,267.38617,267.88617,269.58618
276.48618,276.6862,276.58618,276.98618,275.48618,275.88617,274.98618,272.7862,271.6862,270.08618,269.88617,268.2862,268.6862,269.2862,268.6862,269.58618,269.2862,269.6862,267.6862,266.48618,265.08618,265.48618,265.7862,266.38617,266.08618,266.58618,265.7862,266.88617,267.2862,268.58618,271.58618,272.08618,273.88617,272.58618,272.88617,264.7862,265.7862,269.88617,264.6862,263.98618,266.2862
273.58618,273.48618,273.98618,274.38617,273.48618,273.2862,273.1862,272.98618,271.08618,269.88617,268.48618,268.88617,267.88617,267.2862,267.48618,267.7862,268.2862,268.48618,268.08618,266.88617,264.7862,264.7862,265.48618,265.1862,265.38617,264.98618,265.98618,266.2862,266.1862,267.08618,273.2862,275.2862,276.48618,273.58618,272.6862,271.08618,268.38617,266.88617,268.6862,269.6862,264.2862
273.1862,273.1862,273.1862,273.1862,273.08618,273.1862,273.1862,273.08618,271.48618,269.7862,268.48618,269.1862,267.48618,266.08618,265.6862,266.1862,266.2862,266.6862,266.6862,264.08618,264.38617,263.88617,263.1862,262.98618,263.1862,263.58618,262.58618,266.7862,269.48618,272.98618,273.38617,274.08618,274.08618,274.1862,273.1862,271.2862,268.6862,270.48618,269.98618,270.48618,268.2862
273.1862,273.1862,273.1862,273.1862,273.1862,272.48618,270.2862,269.38617,269.6862,269.08618,267.98618,266.7862,265.58618,264.6862,264.7862,265.2862,265.58618,265.6862,265.6862,264.2862,263.48618,262.38617,261.98618,262.2862,262.48618,263.08618,264.08618,267.48618,268.88617,267.98618,268.2862,267.58618,273.38617,271.48618,272.2862,272.6862,272.48618,273.2862,273.7862,273.48618,272.1862
273.1862,270.6862,271.2862,270.88617,270.48618,269.6862,268.98618,268.38617,267.58618,267.1862,265.88617,264.48618,264.6862,263.98618,264.7862,264.88617,264.48618,263.6862,263.6862,262.7862,262.7862,262.7862,263.08618,262.88617,262.98618,262.88617,263.98618,263.2862,263.98618,265.2862,265.2862,265.98618,265.7862,265.7862,267.1862,270.7862,272.58618,273.1862,273.1862,272.88617,273.1862
268.48618,268.58618,268.58618,267.7862,267.58618,267.38617,266.98618,266.38617,266.88617,266.58618,265.1862,263.1862,262.48618,262.38617,263.08618,262.98618,262.58618,262.58618,262.38617,261.98618,262.2862,262.58618,262.7862,263.08618,263.2862,263.88617,263.58618,262.6862,262.98618,263.08618,263.58618,263.98618,264.88617,265.48618,269.38617,269.98618,271.58618,272.6862,272.98618,272.88617,273.1862
266.7862,266.48618,266.38617,265.58618,265.58618,265.08618,264.88617,263.98618,262.48618,262.08618,262.88617,262.38617,261.58618,262.88617,263.08618,263.08618,261.88617,262.38617,262.98618,262.08618,262.2862,262.58618,262.2862,262.98618,262.7862,262.98618,263.1862,262.98618,263.1862,263.88617,263.7862,263.2862,263.6862,265.38617,267.48618,268.88617,270.98618,270.6862,273.1862,273.1862,272.98618
