wind.json
{"header": {"discipline":0,"disciplineName":"Meteorological products","gribEdition":2,"gribLength":1125,"center":7,"centerName":"US National Weather Service - NCEP(WMC)","subcenter":0,"refTime":"2023-06-30T12:00:00.000Z","significanceOfRT":1,"significanceOfRTName":"Start of forecast","productStatus":0,"productStatusName":"Operational products","productType":1,"productTypeName":"Forecast products","productDefinitionTemplate":0,"productDefinitionTemplateName":"Analysis/forecast at horizontal level/layer at a point in time","parameterCategory":2,"parameterCategoryName":"UnknownDiscipline_0_Category_2","parameterNumber":3,"parameterNumberName":"UnknownParameter_D0_C2_3","parameterUnit":"Unknown","genProcessType":2,"genProcessTypeName":"Forecast","forecastTime":120,"surface1Type":103,"surface1TypeName":"Specified height level above ground","surface1Value":10.0,"surface2Type":255,"surface2TypeName":"Missing","surface2Value":0.0,"gridDefinitionTemplate":0,"gridDefinitionTemplateName":"Latitude_Longitude","numberPoints":688,"shape":6,"shapeName":"Earth spherical with radius of 6,371,229.0 m","gridUnits":"degrees","resolution":48,"winds":"true","scanMode":64,"nx":43,"ny":16,"basicAngle":0,"lo1":45.0,"la1":40.0,"lo2":87.0,"la2":55.0,"dx":1.0,"dy":1.0}, "data":
[rows 0 to 15 of 16, columns 0 to 42 of 43]
-2.621919,-0.811919,3.7880812,6.468081,0.5780811,3.3380811,-2.4619188,-1.191919,-2.281919,-3.571919,-2.221919,-5.391919,-3.531919,-6.271919,-6.5419188,-7.521919,-6.2919188,-8.801919,-7.801919,-6.031919,-7.521919,-6.351919,-6.241919,-3.291919,8.498081,6.048081,9.118081,4.338081,0.66808105,-0.8719189,-3.4119189,-0.07191894,-0.0019189453,-3.261919,-0.97191894,-2.261919,-2.351919,-2.731919,-7.761919,0.07808106,-4.051919,-5.481919,0.49808106
1.308081,-0.89191896,7.248081,3.0480812,-3.751919,-6.071919,-4.351919,-5.641919,-6.191919,-3.4119189,-4.151919,-4.5819187,-7.481919,-7.141919,-7.721919,-7.671919,-9.811919,-10.5719185,-7.071919,-7.681919,-5.411919,-5.2919188,-3.761919,-3.601919,0.058081053,-1.2619189,4.718081,3.5680811,2.738081,1.528081,-1.791919,-5.511919,-3.651919,2.5580812,2.0680811,-4.261919,3.0380812,-2.571919,-2.9219189,2.938081,-1.2419189,0.83808106,2.5580812
0.14808105,2.928081,-2.1919188,-4.351919,-5.0619187,-4.931919,-7.151919,-3.9319189,-5.801919,-4.821919,-4.501919,-5.731919,-5.681919,-6.921919,-7.441919,-9.981919,-10.081919,-6.611919,-8.051919,-7.921919,-5.8119187,-5.991919,-2.581919,-3.801919,-3.1619189,-4.161919,-1.7319189,3.5580812,2.488081,1.318081,-0.36191896,-2.7119188,2.438081,-2.981919,-1.6019189,-1.701919,-0.9919189,-4.0819187,-6.901919,-1.171919,1.6180811,-2.561919,0.018081054
-2.581919,-0.29191893,-1.441919,-1.821919,-5.3119187,-4.301919,-5.411919,-1.961919,-3.831919,-5.641919,-5.051919,-7.3119187,-6.051919,-6.761919,-8.611919,-9.091919,-8.791919,-8.241919,-8.041919,-8.401919,-9.001919,-6.501919,-6.351919,-5.621919,-3.401919,-1.4819189,1.8680811,1.8680811,-0.21191895,-3.6719189,2.878081,3.118081,-1.081919,-2.481919,0.80808103,3.478081,-5.001919,5.298081,5.138081,4.9580812,6.148081,5.578081,-3.7119188
2.158081,-2.601919,-2.361919,-2.551919,-4.801919,-7.5819187,-4.801919,-5.861919,-3.1819189,-4.891919,-7.441919,-6.361919,-6.511919,-3.871919,-2.6919188,-3.491919,-7.451919,-8.411919,-8.5719185,-9.151919,-7.8119187,-5.221919,-4.161919,-5.5819187,-3.721919,-4.441919,-4.861919,-4.301919,-2.491919,-3.811919,-5.421919,-2.241919,-0.53191894,2.8380811,1.928081,2.128081,0.95808107,0.20808105,-4.401919,-2.061919,0.038081054,2.258081,-1.281919
-0.23191895,2.3080812,2.428081,1.178081,-2.581919,-4.181919,-6.441919,-8.671919,-10.181919,-6.741919,-6.381919,-6.211919,-6.071919,0.12808105,-0.24191895,-2.1619189,-4.731919,-10.021919,-10.281919,-8.711919,-7.371919,-5.301919,-3.101919,-0.17191894,-2.001919,-6.781919,-6.621919,-6.161919,-0.051918946,1.278081,-1.571919,-11.081919,-3.291919,-3.301919,-1.5119189,-0.57191896,-0.0019189453,0.048081055,-10.701919,0.20808105,1.068081,-0.73191893,-2.541919
-0.30191895,-3.001919,-2.4419188,3.898081,2.198081,1.528081,-2.041919,-3.351919,-6.911919,-6.321919,-4.841919,-6.3319187,-4.151919,-4.921919,4.758081,2.418081,-3.751919,-8.551919,-9.451919,-9.181919,-8.391919,-2.561919,-1.911919,-3.641919,-7.531919,-0.90191895,-6.0819187,-5.461919,0.47808105,-0.33191895,-1.1219189,-4.0819187,-4.181919,-6.511919,-6.0619187,-5.841919,1.778081,5.998081,5.998081,-5.711919,-3.7019188,-0.07191894,-7.141919
-4.2919188,-4.161919,-3.7019188,-4.251919,-5.221919,-4.091919,0.17808105,0.27808106,-5.631919,-5.7919188,-4.891919,-5.751919,-4.551919,-5.501919,-5.261919,-5.701919,-7.401919,-7.741919,-7.641919,-8.5719185,-7.361919,-5.551919,-5.361919,-6.641919,-5.2919188,-6.451919,-6.891919,-7.471919,2.218081,-0.08191895,2.5780811,-2.101919,-1.7719189,-6.161919,-1.341919,-2.641919,-1.4019189,-0.95191896,-4.841919,-5.531919,-3.551919,-1.531919,-6.0819187
-4.681919,-4.5819187,-4.121919,-4.381919,-4.271919,-4.601919,-3.511919,-3.791919,-4.681919,-5.101919,-6.461919,-5.531919,-4.5419188,-3.501919,-6.0619187,-5.181919,-5.5619187,-7.341919,-7.8319187,-7.021919,-7.361919,-6.931919,-3.801919,-5.2919188,-6.771919,-4.391919,-6.7919188,-0.38191894,-4.091919,-5.951919,-4.801919,-0.72191894,-2.6719189,-4.661919,-6.201919,-7.401919,-6.351919,-7.431919,-6.931919,-2.771919,-0.9319189,0.58808106,-0.8719189
-5.3119187,-4.411919,-4.261919,-3.611919,-4.2919188,-5.991919,-7.381919,-4.2919188,-4.951919,-5.251919,-5.601919,-3.311919,-3.821919,-0.76191896,-3.031919,-6.451919,-4.921919,-5.221919,-7.601919,-8.851919,-6.361919,-7.661919,-6.891919,-7.421919,-9.801919,-7.891919,-6.8319187,1.8880811,-0.43191895,1.1180811,4.278081,-3.651919,-4.551919,-5.481919,-6.271919,-6.461919,-6.7919188,-6.281919,-6.131919,-5.2919188,-3.611919,-1.5019189,-0.6719189
-4.371919,-5.481919,-4.351919,-4.211919,-3.231919,-2.1619189,-2.9619188,-5.461919,-4.861919,-5.0619187,-5.111919,-3.891919,-3.891919,-5.891919,-4.471919,-4.431919,-4.901919,-6.661919,-5.641919,-5.941919,-7.481919,-3.851919,-2.471919,-5.441919,-4.701919,-7.131919,-6.8319187,-5.411919,-5.001919,-2.851919,-2.9219189,-4.231919,-4.961919,-6.171919,-6.211919,-6.671919,-7.201919,-7.501919,-3.991919,-0.15191895,-1.3519189,-0.36191896,-0.021918945
-4.951919,-4.711919,-3.271919,-3.491919,-4.5819187,-2.9619188,-6.481919,-3.011919,-3.071919,-4.421919,-4.601919,-3.091919,0.90808105,-1.8719189,-2.7019188,-5.321919,-4.421919,-5.201919,-4.711919,-9.761919,-6.251919,-2.611919,-3.111919,-5.701919,-4.591919,-5.7919188,-5.851919,-4.471919,-3.891919,-5.201919,-4.891919,-5.021919,-5.881919,-5.251919,-7.7919188,-6.871919,-9.191919,-6.5419188,-4.411919,-3.151919,-4.301919,-3.301919,-1.9019189
-3.861919,-4.121919,-2.791919,-5.681919,-4.191919,-2.4219189,-4.351919,-3.651919,-2.231919,-4.281919,-4.511919,-3.081919,-3.811919,-3.1919188,-3.1819189,-4.481919,-4.721919,-5.131919,1.708081,-4.531919,-3.551919,-5.0419188,-5.5819187,-4.0619187,-4.8119187,-4.5819187,-4.391919,-5.121919,-5.871919,-6.0819187,-5.361919,-4.5419188,-4.221919,-6.051919,-5.151919,-7.391919,-6.131919,-8.471919,-6.651919,-4.341919,-2.371919,-2.221919,-1.061919
-2.751919,-2.131919,-2.751919,-2.771919,-4.471919,-2.301919,-4.261919,-3.111919,-3.141919,-1.8519189,-3.881919,-3.981919,-1.041919,-1.8819189,-3.021919,-3.7119188,-4.481919,-4.281919,-5.221919,-7.711919,-2.7119188,-3.811919,-3.641919,-4.051919,-3.651919,-3.9219189,-4.221919,-4.511919,-5.181919,-5.7919188,-4.281919,-3.741919,-3.7119188,-3.7019188,-2.2119188,-5.391919,-2.271919,-5.211919,-6.381919,-4.0819187,-4.341919,-0.63191897,1.3780811
-0.90191895,-2.981919,-2.741919,-4.021919,-2.971919,-2.521919,-4.141919,-5.111919,-1.6119189,-1.471919,-2.2019188,-3.351919,-1.971919,-0.35191894,-1.8719189,-1.701919,-3.261919,-2.591919,-4.051919,-4.411919,-5.281919,-1.3519189,-1.711919,-2.731919,-3.271919,-3.581919,-3.7019188,-3.501919,-3.511919,-4.531919,-2.9219189,-5.031919,-6.0419188,-5.421919,-5.201919,-4.821919,-4.5619187,-6.591919,-5.121919,-5.501919,-6.211919,-4.901919,2.118081
-0.58191895,-2.2019188,-1.071919,-3.621919,-0.14191894,-2.861919,-3.011919,-1.6119189,-3.041919,-3.471919,-3.971919,-3.1919188,-2.001919,-2.491919,-1.4919189,-1.691919,-3.341919,-3.611919,-3.891919,-4.431919,-2.291919,-4.401919,-0.95191896,-0.66191894,-1.811919,-2.101919,-1.4019189,-2.771919,-2.991919,-4.321919,-4.0419188,-4.421919,-3.4319189,-6.721919,-4.0419188,-5.0419188,0.688081,-2.221919,-3.131919,-4.001919,-4.341919,-6.191919,-3.7119188
