wind_kz.json
{"header": {"discipline":0,"disciplineName":"Meteorological products","gribEdition":2,"gribLength":1025,"center":7,"centerName":"US National Weather Service - NCEP(WMC)","subcenter":0,"refTime":"2024-04-08T06:00:00.000Z","significanceOfRT":1,"significanceOfRTName":"Start of forecast","productStatus":0,"productStatusName":"Operational products","productType":1,"productTypeName":"Forecast products","productDefinitionTemplate":0,"productDefinitionTemplateName":"Analysis/forecast at horizontal level/layer at a point in time","parameterCategory":2,"parameterCategoryName":"UnknownDiscipline_0_Category_2","parameterNumber":2,"parameterNumberName":"UnknownParameter_D0_C2_2","parameterUnit":"Unknown","genProcessType":2,"genProcessTypeName":"Forecast","forecastTime":180,"surface1Type":103,"surface1TypeName":"Specified height level above ground","surface1Value":10.0,"surface2Type":255,"surface2TypeName":"Missing","surface2Value":0.0,"gridDefinitionTemplate":0,"gridDefinitionTemplateName":"Latitude_Longitude","numberPoints":615,"shape":6,"shapeName":"Earth spherical with radius of 6,371,229.0 m","gridUnits":"degrees","resolution":48,"winds":"true","scanMode":64,"nx":41,"ny":15,"basicAngle":0,"lo1":47.0,"la1":41.0,"lo2":87.0,"la2":55.0,"dx":1.0,"dy":1.0}, "data":
[rows 0 to 14 of 15, columns 0 to 40 of 41]
-1.4119556,0.5780444,2.2680445,2.8180444,0.39804444,0.53804445,2.3780444,4.5680447,-1.6819556,3.9980445,-0.96195555,2.5980444,2.0680444,6.0980444,3.3480444,0.18804443,1.6080444,2.2080445,-2.6819556,-2.1919556,-2.2319555,-3.2719555,-2.1019557,-2.2919555,-2.2319555,-3.1719556,-2.5519555,0.7080444,-0.46195558,2.1680443,-0.8519556,1.2180444,0.09804443,1.2680445,0.24804443,-0.021955566,-0.33195555,-0.72195554,-1.6219555,0.78804445,-0.23195557
-0.011955567,1.0680444,3.1280444,2.6980445,0.47804442,2.7680445,4.1780443,3.6980445,1.2880445,-0.83195555,3.1080444,2.3480444,2.6580443,3.6080444,-1.6719556,-1.4319556,2.3980443,3.3680444,-0.6019556,-1.7819556,-1.6919556,-0.84195554,-1.8819556,-1.9419556,-0.121955566,0.18804443,-0.30195558,1.7580445,-1.0219556,0.98804444,0.44804442,-0.5519556,1.6780444,-2.6319556,-0.11195557,0.18804443,-2.0519555,0.16804443,0.39804444,0.14804444,-4.6719556
1.3180444,1.1080444,1.2880445,3.4180443,3.3380444,3.7380445,2.7480445,3.1280444,4.6380444,0.15804443,1.1880444,0.48804444,-2.8919556,-3.3919556,-3.1219556,-0.95195556,1.0180445,-2.5519555,-1.8919556,-0.52195555,0.17804444,-1.2419555,-2.2919555,-1.2519555,-0.71195555,-1.9719555,-2.4719555,1.9680444,0.22804444,1.0180445,-0.78195554,-0.83195555,1.1780444,0.66804445,-1.5219556,-1.5519556,0.118044436,-0.18195556,1.0780444,-0.21195556,1.2180444
3.2280445,1.6480445,3.2080445,4.6480446,3.4680445,2.7980444,3.6180444,4.0980444,2.3480444,1.0480444,1.6780444,0.7080444,-0.48195556,-1.2119555,-1.3319556,-0.44195557,1.6280445,1.0980444,-0.40195557,-2.0019555,0.5080444,-1.1219555,-1.8319556,-3.3919556,-3.5619555,-2.7619555,-2.5819557,-1.9319556,-0.45195556,-1.7819556,0.15804443,-0.28195557,1.8980445,2.4580445,0.35804445,-1.6619556,-1.5119556,1.7880445,0.32804444,0.028044434,-1.0219556
3.5380445,3.4780445,4.6880445,6.8080444,4.8380446,4.8280444,4.9780445,4.4080443,5.4280443,4.8980446,5.0880446,3.1480443,5.0880446,3.9580445,2.1880445,2.9980445,3.0380445,3.5480444,1.5780444,-1.4519556,-1.5119556,-2.2719555,-3.5819557,-2.3319557,-2.1119556,-3.8719556,-3.8619556,0.33804443,-2.4419556,-3.3119555,-3.0019555,-1.1619556,-1.0619556,0.42804444,0.25804442,0.8780444,1.4580444,0.10804443,-1.1519556,-1.6819556,-1.5219556
1.1280445,1.1580445,1.9980445,5.1980443,5.5380445,6.6480446,5.278044,5.4380445,5.0680447,4.4780445,4.9580445,4.5080442,3.9580445,1.7080444,3.0280445,3.8480444,4.1780443,2.2280445,3.7980444,1.9780444,-0.59195554,-0.7419556,-0.26195556,0.60804445,-3.6919556,-3.3219557,-2.1219556,-1.4219556,-2.3319557,-2.5419555,-2.2319555,-1.9319556,-2.8219557,-2.5319555,-1.2319555,-0.44195557,-0.89195555,-0.16195557,0.34804443,-0.061955567,-2.0419555
1.6080444,2.9980445,3.2980444,4.8680444,0.41804445,0.99804443,1.9880444,4.6180444,6.0880446,3.7080445,1.5980444,2.3980443,2.7980444,2.4080443,1.4680444,4.1080446,4.3680444,3.8280444,1.7880445,1.9080445,1.9180444,2.1480443,0.088044435,-0.38195556,-1.4219556,-0.34195557,0.8980444,1.3980445,1.7580445,2.3880444,0.99804443,1.8380444,0.6280444,-1.1719556,-1.9219556,-1.7219555,-1.2619556,1.5680444,-0.5619556,1.4580444,1.8380444
-0.8719556,-0.82195556,0.80804443,0.39804444,3.1180444,3.5680444,4.2380443,4.1780443,3.0880444,2.9180443,2.2780445,3.3480444,2.7480445,2.9180443,3.1180444,2.7280445,0.53804445,1.6880444,-0.78195554,1.8580444,2.3780444,2.2980444,2.5280445,0.26804444,1.0080445,0.39804444,1.5980444,0.29804444,1.3480444,-0.36195555,1.1680444,-0.33195555,1.0480444,0.32804444,-1.9919555,0.47804442,0.72804445,0.6480444,0.42804444,0.16804443,-1.9719555
-1.2119555,1.1180444,3.2480445,4.1580443,1.3480444,2.8380444,3.2980444,2.9180443,4.0880446,4.1380444,3.3280444,3.7680445,3.9780445,4.3380446,3.5080445,4.4480443,1.5480444,1.1680444,1.8580444,0.92804444,2.1080444,2.7580445,1.7380444,1.1780444,1.1380445,1.3380444,1.7280444,-0.14195557,1.4180444,1.1980444,1.8080444,3.0980444,2.2280445,1.1780444,-0.5619556,-0.8619556,0.21804443,-1.5919555,-1.6619556,0.92804444,-2.0519555
0.7580444,1.8080444,-1.4319556,1.1380445,3.7680445,5.048044,6.1380444,5.0380445,5.0780444,3.3980443,3.7280445,3.2280445,3.6780443,4.6880445,5.0080442,4.3280444,2.7280445,0.71804446,1.4480444,1.2180444,3.0080445,2.7980444,3.1880445,2.1180444,1.7380444,1.8480444,2.2380445,2.4980445,1.9780444,3.2280445,1.5880444,2.9280443,3.2180445,2.3880444,-0.011955567,-0.23195557,-2.5219555,-0.14195557,-2.2719555,0.54804444,-0.9819556
1.2180444,1.9880444,-0.32195556,3.0480444,2.9880445,3.1080444,2.2680445,3.1480443,3.3980443,2.7280445,3.6280444,0.27804443,-1.3319556,0.8980444,1.1880444,2.6480443,3.6680443,2.0680444,0.60804445,3.5780444,2.7180445,2.4980445,2.7580445,2.3080444,2.4080443,2.0380445,1.9980445,3.2680445,4.2180443,3.0880444,3.4080443,2.1980445,1.8180444,0.8780444,2.2680445,-0.94195557,-1.7219555,0.73804444,-0.84195554,1.6280445,-0.9919556
1.5680444,-0.091955565,1.2080444,1.7180444,1.8780445,1.1580445,1.2980444,-0.6019556,-0.0019555665,2.4380445,-1.4119556,-4.6319556,-2.0819557,-0.57195556,1.1280445,1.2080444,1.2480445,-1.2019556,-0.27195558,-0.24195556,0.07804444,-1.6119555,-5.1519556,-3.4919555,-1.4619555,-1.6419556,-1.0419556,1.1280445,-1.0719556,-0.0019555665,3.2680445,3.7880445,2.4480445,2.5180445,1.6680444,0.99804443,0.39804444,1.9880444,2.9280443,-0.18195556,-0.16195557
0.5080444,-1.2719556,0.26804444,0.43804443,-0.40195557,0.97804445,1.1280445,-0.10195556,-1.5319556,-1.5719556,-4.2819557,-4.2619557,-2.5819557,-1.8919556,-0.78195554,-0.051955566,-4.3119555,-3.8119555,-4.5119557,-3.9219556,-5.0719557,-5.1219554,-3.5819557,-2.8419557,-3.9719555,-4.3719554,-4.1219554,-4.3519554,-4.0319557,-2.8219557,-0.29195556,-1.2719556,-2.4819555,-2.0119555,-1.7119555,2.7080445,2.5780444,1.4880444,3.8980443,3.2980444,2.0680444
1.2180444,-1.2419555,0.45804444,-2.3119555,-1.6519556,-1.3819556,-1.3319556,-1.3919556,-3.2719555,-5.4119554,-4.6419554,-4.1119556,-2.9019556,-2.6819556,-3.4019556,-4.3619556,-6.4219556,-6.5019555,-7.1219554,-6.0919557,-5.8019557,-5.8719554,-6.2919555,-5.4219556,-4.5219555,-4.4019556,-4.3619556,-4.201956,-3.9919555,-3.5419555,-3.1319556,-2.3319557,-2.5219555,-2.8419557,-2.4819555,-1.6519556,0.10804443,-0.5419556,-0.65195554,1.2980444,2.4980445
-0.90195554,-1.5819556,-0.041955568,-2.6419556,-2.7719555,-2.3019555,-2.2219555,-3.2019556,-3.2319555,-3.6419556,-3.2419555,-4.9619555,-2.4919555,-3.0319555,-4.5619555,-5.2619557,-5.8819556,-5.8019557,-5.5519557,-6.0619555,-5.701956,-5.6119556,-4.7419558,-4.3019557,-3.8719556,-2.9319556,-2.5219555,-2.9819555,-2.8219557,-2.7719555,-3.2019556,-2.9319556,-2.5319555,-3.0619555,-2.4619555,-2.6719556,-2.1219556,-1.7919556,-1.3419555,-0.51195556,0.12804443
