wind_kz.json
{"header": {"discipline":0,"disciplineName":"Meteorological products","gribEdition":2,"gribLength":871,"center":7,"centerName":"US National Weather Service - NCEP(WMC)","subcenter":0,"refTime":"2023-08-25T06:00:00.000Z","significanceOfRT":1,"significanceOfRTName":"Start of forecast","productStatus":0,"productStatusName":"Operational products","productType":1,"productTypeName":"Forecast products","productDefinitionTemplate":0,"productDefinitionTemplateName":"Analysis/forecast at horizontal level/layer at a point in time","parameterCategory":0,"parameterCategoryName":"UnknownDiscipline_0_Category_0","parameterNumber":0,"parameterNumberName":"UnknownParameter_D0_C0_0","parameterUnit":"Unknown","genProcessType":2,"genProcessTypeName":"Forecast","forecastTime":300,"surface1Type":1,"surface1TypeName":"Ground or water surface","surface1Value":0.0,"surface2Type":255,"surface2TypeName":"Missing","surface2Value":0.0,"gridDefinitionTemplate":0,"gridDefinitionTemplateName":"Latitude_Longitude","numberPoints":615,"shape":6,"shapeName":"Earth spherical with radius of 6,371,229.0 m","gridUnits":"degrees","resolution":48,"winds":"true","scanMode":64,"nx":41,"ny":15,"basicAngle":0,"lo1":47.0,"la1":41.0,"lo2":87.0,"la2":55.0,"dx":1.0,"dy":1.0}, "data":
[rows 0 to 14 of 15, columns 0 to 40 of 41]
299.0169,287.8169,290.2169,298.61688,298.4169,297.8169,297.8169,300.3169,300.9169,302.8169,301.7169,304.5169,305.0169,303.0169,303.0169,299.5169,299.3169,299.11688,297.8169,298.3169,298.8169,295.7169,293.8169,291.0169,293.11688,293.5169,290.5169,277.5169,276.4169,275.5169,275.0169,272.3169,288.8169,295.8169,296.2169,296.11688,295.8169,295.61688,297.2169,297.3169,296.3169
276.9169,289.7169,298.2169,298.4169,298.61688,297.4169,299.61688,300.4169,302.61688,301.4169,303.8169,302.3169,303.61688,298.9169,299.11688,299.9169,295.2169,297.4169,296.9169,296.4169,295.5169,297.61688,295.11688,286.0169,276.8169,274.9169,285.61688,278.11688,278.8169,272.7169,279.61688,269.9169,276.8169,255.8169,276.3169,294.3169,292.2169,294.5169,297.4169,290.0169,284.0169
291.9169,297.7169,298.5169,298.5169,297.3169,298.7169,299.11688,299.3169,297.8169,298.9169,300.0169,299.5169,300.0169,298.4169,300.61688,299.0169,299.11688,299.9169,295.11688,295.61688,297.3169,297.11688,296.8169,291.4169,293.3169,291.3169,292.8169,291.8169,290.9169,283.2169,272.0169,276.5169,282.9169,282.11688,283.5169,285.11688,276.9169,276.8169,277.5169,273.8169,273.8169
291.0169,298.3169,298.5169,297.61688,295.4169,295.3169,297.0169,297.0169,298.4169,299.7169,297.4169,296.5169,294.5169,293.8169,298.9169,300.61688,299.8169,295.7169,299.7169,295.61688,294.2169,292.4169,296.7169,297.4169,297.3169,297.61688,297.5169,294.3169,293.61688,294.7169,295.11688,291.11688,296.11688,290.5169,289.2169,289.0169,275.8169,276.5169,281.9169,288.8169,292.0169
294.11688,297.4169,297.9169,297.7169,296.2169,294.5169,295.7169,296.0169,297.0169,296.8169,297.5169,296.0169,294.0169,292.7169,290.7169,298.61688,299.3169,298.8169,295.61688,300.0169,299.2169,299.5169,298.0169,296.9169,297.2169,297.2169,295.61688,294.9169,293.2169,291.8169,297.61688,293.2169,281.4169,272.7169,282.2169,292.3169,293.4169,295.7169,295.4169,296.3169,295.61688
291.4169,290.2169,295.61688,296.5169,297.2169,296.7169,293.61688,295.4169,295.11688,295.5169,296.0169,296.7169,294.0169,293.7169,294.4169,296.2169,296.2169,295.9169,295.9169,297.4169,298.2169,298.61688,298.5169,297.61688,297.3169,295.2169,294.8169,292.3169,297.61688,297.8169,295.61688,297.9169,293.9169,291.0169,290.2169,291.2169,286.2169,289.0169,294.11688,294.5169,293.8169
289.8169,288.7169,289.8169,292.3169,293.8169,292.8169,294.0169,294.61688,295.2169,295.7169,295.0169,294.9169,294.11688,294.3169,293.61688,295.5169,295.4169,295.8169,295.2169,294.3169,293.4169,295.0169,296.3169,296.7169,294.3169,294.7169,294.8169,294.9169,293.7169,294.9169,294.5169,294.3169,295.2169,295.61688,293.8169,291.3169,286.9169,284.0169,280.8169,279.61688,291.61688
290.7169,289.2169,290.4169,291.11688,292.4169,292.8169,292.61688,291.7169,291.11688,290.8169,289.4169,289.61688,289.61688,290.2169,291.5169,292.11688,291.9169,293.3169,293.3169,291.11688,291.9169,291.4169,294.11688,292.11688,291.4169,288.3169,290.2169,293.3169,291.61688,294.5169,292.2169,292.9169,291.8169,290.9169,289.11688,291.4169,290.4169,289.3169,289.0169,289.61688,286.61688
289.11688,289.2169,290.11688,289.2169,290.7169,290.3169,288.5169,289.3169,287.9169,287.0169,286.5169,286.61688,286.9169,289.11688,291.8169,292.8169,290.4169,290.9169,290.9169,288.0169,285.9169,286.3169,288.5169,289.61688,289.2169,289.2169,287.8169,286.11688,283.9169,285.11688,290.8169,290.4169,291.2169,291.7169,291.9169,289.2169,287.4169,288.8169,275.8169,275.0169,271.9169
287.3169,287.7169,291.3169,288.4169,289.8169,287.7169,287.0169,290.0169,287.0169,286.2169,286.8169,286.0169,287.3169,287.2169,287.7169,288.7169,288.9169,289.0169,288.5169,286.61688,284.7169,284.61688,285.2169,285.8169,285.9169,284.2169,285.8169,287.3169,287.11688,286.8169,285.7169,289.3169,292.0169,293.5169,291.61688,289.7169,288.0169,282.8169,276.4169,279.7169,276.0169
287.0169,287.7169,287.3169,289.11688,288.5169,288.8169,289.61688,289.7169,288.11688,284.7169,283.4169,283.11688,286.11688,285.2169,285.8169,285.9169,285.4169,285.2169,286.61688,284.7169,285.5169,285.61688,285.11688,284.11688,283.61688,283.9169,281.61688,284.3169,285.8169,288.5169,288.3169,289.9169,290.3169,292.0169,289.5169,287.3169,286.4169,282.61688,280.0169,281.7169,279.8169
283.8169,284.9169,285.2169,287.8169,288.11688,288.3169,284.4169,285.61688,287.3169,286.9169,284.11688,283.11688,282.5169,282.5169,283.0169,284.5169,284.8169,285.11688,285.3169,284.2169,282.7169,282.9169,283.5169,284.2169,283.8169,283.5169,283.4169,285.2169,287.0169,289.11688,286.5169,286.5169,288.2169,289.61688,289.7169,289.11688,289.3169,287.11688,288.8169,287.8169,285.61688
281.9169,285.7169,287.7169,288.61688,283.8169,285.4169,283.9169,283.11688,282.4169,280.7169,281.5169,280.2169,281.7169,280.11688,280.2169,282.0169,282.2169,282.3169,283.11688,282.11688,280.9169,281.11688,281.2169,281.4169,283.4169,285.2169,286.8169,284.5169,287.0169,287.0169,288.5169,286.7169,287.3169,290.4169,289.8169,288.61688,287.61688,287.61688,287.5169,289.2169,285.3169
282.3169,282.4169,287.5169,287.4169,286.5169,284.9169,282.9169,284.4169,284.3169,283.9169,279.5169,279.11688,279.61688,280.11688,281.0169,281.2169,281.2169,281.3169,279.61688,281.5169,281.61688,281.7169,281.8169,282.2169,283.2169,284.3169,284.3169,283.9169,283.8169,283.9169,285.61688,286.9169,289.0169,287.0169,286.61688,285.5169,285.2169,284.7169,285.9169,285.8169,287.61688
282.5169,282.8169,289.5169,285.61688,283.8169,284.8169,281.5169,280.7169,281.61688,278.4169,282.11688,280.0169,278.5169,280.0169,280.7169,281.4169,281.11688,280.9169,282.0169,281.11688,281.4169,280.9169,281.0169,280.9169,281.5169,282.4169,283.3169,283.3169,284.2169,285.7169,283.61688,283.7169,285.2169,285.11688,283.0169,283.11688,283.3169,283.7169,284.8169,286.9169,285.8169
