wind_kz.json
[{"header":{"discipline":0,"disciplineName":"Meteorological products","gribEdition":2,"gribLength":871,"center":7,"centerName":"US National Weather Service - NCEP(WMC)","subcenter":0,"refTime":"2023-10-01T06:00:00.000Z","significanceOfRT":1,"significanceOfRTName":"Start of forecast","productStatus":0,"productStatusName":"Operational products","productType":1,"productTypeName":"Forecast products","productDefinitionTemplate":0,"productDefinitionTemplateName":"Analysis/forecast at horizontal level/layer at a point in time","parameterCategory":0,"parameterCategoryName":"UnknownDiscipline_0_Category_0","parameterNumber":0,"parameterNumberName":"UnknownParameter_D0_C0_0","parameterUnit":"Unknown","genProcessType":2,"genProcessTypeName":"Forecast","forecastTime":300,"surface1Type":1,"surface1TypeName":"Ground or water surface","surface1Value":0.0,"surface2Type":255,"surface2TypeName":"Missing","surface2Value":0.0,"gridDefinitionTemplate":0,"gridDefinitionTemplateName":"Latitude_Longitude","numberPoints":615,"shape":6,"shapeName":"Earth spherical with radius of 6,371,229.0 m","gridUnits":"degrees","resolution":48,"winds":"true","scanMode":64,"nx":41,"ny":15,"basicAngle":0,"lo1":47.0,"la1":41.0,"lo2":87.0,"la2":55.0,"dx":1.0,"dy":1.0},"data":[289.3,281.6,285.5,292.6,292.5,291.6,290.8,292.1,290.9,290.1,289.2,289.5,288.8,288.5,287.4,284.5,284.4,285.1,285.4,287.1,288.4,286.4,284.5,281.4,282.2,285.3,283.1,268.9,271.2,271.0,270.9,272.2,279.6,284.9,286.1,286.6,287.7,286.7,286.3,285.3,284.1,267.3,286.2,292.3,292.4,292.5,290.7,289.8,288.6,289.2,289.0,289.3,287.8,287.2,285.9,283.9,285.7,284.2,284.0,283.0,283.8,287.5,285.6,284.2,279.7,267.0,270.0,277.4,269.7,272.6,262.9,271.9,264.0,271.4,250.0,270.7,282.5,281.0,283.6,286.4,278.9,283.3,286.9,292.0,292.2,291.8,290.3,288.1,288.2,287.8,287.7,287.1,286.8,287.1,286.1,286.3,287.0,286.8,286.1,282.2,286.4,287.1,287.5,286.1,285.6,279.9,280.1,281.1,282.5,281.3,281.0,274.3,265.3,265.7,268.7,271.8,274.8,274.7,265.8,267.3,269.2,265.2,259.0,288.4,290.9,291.8,290.9,289.4,286.7,287.5,287.1,287.8,287.5,287.0,286.5,288.9,288.3,286.3,285.5,286.3,285.9,284.4,285.5,283.8,280.6,284.0,284.8,285.2,285.2,285.2,283.9,280.7,280.3,281.1,279.5,283.2,281.7,280.8,278.1,263.9,260.6,266.9,278.4,281.6,290.2,290.2,290.7,290.0,289.3,287.5,287.7,287.3,287.0,287.4,286.6,285.8,287.7,286.6,285.3,286.4,286.0,285.4,284.2,285.5,285.8,285.6,284.3,283.9,284.3,284.7,283.0,283.6,282.4,282.3,283.9,280.9,271.0,264.9,273.5,280.7,284.9,284.3,284.2,283.8,283.3,289.3,286.4,288.6,289.6,289.8,289.0,287.8,288.4,286.9,286.7,286.8,286.0,286.9,287.3,286.4,285.8,286.6,285.6,285.5,285.3,284.6,284.1,283.6,283.1,282.5,282.0,281.9,285.0,283.4,283.5,282.2,283.1,281.1,279.3,277.6,281.9,273.5,275.6,280.9,282.8,282.9,287.2,287.0,288.3,289.7,288.3,287.2,286.7,286.5,287.2,287.1,285.6,285.1,284.6,284.4,284.8,285.3,286.0,286.2,285.1,284.2,283.4,283.6,283.6,283.4,281.8,281.7,281.1,282.5,281.5,281.8,281.5,281.1,281.4,281.4,280.2,278.6,274.2,269.4,269.1,270.7,278.6,285.9,286.0,287.6,288.2,291.3,288.6,287.8,285.8,285.7,285.3,284.6,284.6,283.9,284.7,285.5,286.3,286.0,286.5,285.8,283.1,282.6,282.2,282.4,281.9,280.7,278.2,278.4,279.7,278.2,280.3,282.3,280.3,278.5,276.3,276.1,277.9,279.3,284.0,277.3,277.5,274.9,283.5,284.8,285.5,285.7,288.1,290.0,289.7,287.3,284.9,285.0,283.7,283.0,283.3,284.5,284.5,285.9,285.9,285.7,285.2,283.9,281.6,280.8,281.1,280.1,279.3,279.2,277.6,276.6,277.1,275.7,276.9,278.9,282.5,281.5,281.5,279.7,277.6,277.9,270.6,265.3,263.6,282.0,284.4,285.1,284.8,285.7,286.8,287.8,288.0,287.0,285.6,284.0,283.4,284.2,283.9,284.4,285.2,285.4,285.8,285.8,284.7,283.3,282.8,283.2,282.5,281.6,280.4,279.3,278.8,278.3,278.2,278.3,280.6,283.3,283.2,283.0,281.9,278.3,274.3,271.9,270.3,268.1,281.1,281.6,281.8,283.9,283.5,284.5,285.3,284.6,286.3,286.6,284.3,284.1,284.4,283.9,284.3,284.9,284.9,285.6,285.3,284.2,284.5,284.0,283.2,283.2,282.8,282.1,280.2,281.3,281.8,282.5,281.7,281.4,283.4,283.7,283.2,281.3,274.6,273.4,273.7,272.5,270.9,278.5,280.5,280.7,282.3,282.2,282.0,282.9,282.5,282.6,284.3,283.4,284.3,284.2,283.4,284.0,284.9,285.0,284.9,284.9,284.8,283.9,283.4,283.3,283.7,283.4,284.1,284.0,284.5,283.8,283.6,282.8,281.9,283.6,282.7,282.6,282.4,281.9,283.4,278.5,279.1,278.2,278.7,277.4,278.8,279.3,280.0,282.3,281.5,281.0,280.9,281.9,280.3,280.9,282.7,282.8,284.6,284.6,284.3,284.2,284.8,284.5,284.3,283.6,283.5,283.5,284.3,284.8,285.4,284.4,284.0,283.7,283.9,284.0,283.6,283.1,282.9,281.7,281.0,281.1,279.8,278.6,278.0,275.7,277.5,281.7,280.6,279.9,278.5,279.7,279.8,280.6,279.3,274.3,274.6,273.7,281.5,282.5,283.1,283.7,284.7,285.0,284.8,284.7,284.9,285.1,285.5,285.3,285.0,284.3,284.1,282.9,283.3,283.2,283.3,282.6,281.9,281.5,280.2,280.3,279.8,279.4,277.8,277.6,278.2,279.3,283.5,278.9,278.8,278.0,278.2,278.5,279.0,277.5,277.3,273.2,273.7,275.9,280.3,281.8,281.9,282.2,283.0,282.6,283.6,284.6,284.4,284.0,283.8,283.5,282.7,282.3,281.7,281.1,281.2,282.7,281.9,281.4,280.6,279.8,280.0,279.0,279.3,279.0,278.0]},{"header":{"discipline":0,"disciplineName":"Meteorological products","gribEdition":2,"gribLength":1025,"center":7,"centerName":"US National Weather Service - NCEP(WMC)","subcenter":0,"refTime":"2023-10-01T06:00:00.000Z","significanceOfRT":1,"significanceOfRTName":"Start of forecast","productStatus":0,"productStatusName":"Operational products","productType":1,"productTypeName":"Forecast products","productDefinitionTemplate":0,"productDefinitionTemplateName":"Analysis/forecast at horizontal level/layer at a point in time","parameterCategory":2,"parameterCategoryName":"UnknownDiscipline_0_Category_2","parameterNumber":2,"parameterNumberName":"UnknownParameter_D0_C2_2","parameterUnit":"Unknown","genProcessType":2,"genProcessTypeName":"Forecast","forecastTime":300,"surface1Type":103,"surface1TypeName":"Specified height level above ground","surface1Value":10.0,"surface2Type":255,"surface2TypeName":"Missing","surface2Value":0.0,"gridDefinitionTemplate":0,"gridDefinitionTemplateName":"Latitude_Longitude","numberPoints":615,"shape":6,"shapeName":"Earth spherical with radius of 6,371,229.0 m","gridUnits":"degrees","resolution":48,"winds":"true","scanMode":64,"nx":41,"ny":15,"basicAngle":0,"lo1":47.0,"la1":41.0,"lo2":87.0,"la2":55.0,"dx":1.0,"dy":1.0},"data":[0.8713434,-1.8386567,1.7713434,4.4213433,4.6613436,4.3213434,3.0813434,3.1713433,-3.1986566,-2.6986566,-3.7686567,-4.5286565,-4.3486567,-3.4186566,-3.0786567,-3.3986566,-3.1786566,-2.8986566,-4.5186567,-4.0486565,-3.3986566,-1.9186566,-1.7886566,-2.3786566,-0.23865661,-1.8486567,-3.0386567,-3.9786565,0.021343384,-0.018656617,-1.8286567,1.3113434,0.33134338,-0.6486566,-2.9386566,-2.3686566,-2.1086566,-2.8386567,-2.2986567,-1.1186566,-3.4386566,3.0513434,2.8113434,4.5513434,4.6213436,3.7513435,2.2313433,1.6213434,1.5613434,-2.7686567,-3.8786566,-3.6286566,-4.0086565,-3.7986567,-3.3386567,-3.1986566,-5.0286565,-4.4986567,-4.438657,-3.3686566,-3.8686566,-2.4286566,-1.7986566,-1.1286566,-3.2086565,-0.6386566,0.40134338,-0.7786566,-0.7586566,-2.7386565,-2.5886567,0.051343385,-0.9086566,-1.0686566,-2.6886566,-0.15865661,-1.1986566,-0.6586566,-1.0886567,-0.7286566,0.4713434,2.0313435,0.8513434,1.8113434,1.8213434,0.3213434,-2.0586567,-1.4986566,1.4013433,1.1013434,-4.2586565,-4.0386567,-2.7386565,-3.3386567,-3.6886566,-3.6886566,-3.8286567,-4.6786566,-4.9286566,-3.6886566,-2.6286566,-2.3286567,-2.5086565,-4.4686565,-3.0886567,-3.6286566,-0.008656616,-2.4786565,-2.4086566,-2.5486567,-1.7286566,-0.86865664,-2.3986566,3.0013435,0.12134338,-0.8386566,0.4513434,-0.55865663,-0.6886566,0.64134336,-1.2586566,1.3813434,2.0413435,1.9913434,0.9613434,-0.5686566,0.101343386,0.8013434,-0.108656615,0.4213434,-2.5786567,-3.1286566,-2.9986565,-2.9386566,-3.7086565,-3.8186567,-4.3586564,-4.5986567,-5.0986567,-4.6586566,-3.9886565,-3.4786565,-2.4086566,-0.8886566,-2.1086566,-2.0486567,-4.4886565,-4.5786567,-4.6386566,-5.5786567,-9.558657,-4.7786565,-1.5486566,-1.2386566,-5.5486565,-3.0886567,-1.5486566,-1.7886566,-2.2086565,-2.5786567,2.0213435,1.6913434,-0.28865662,-2.4386566,2.7213433,6.5513434,3.3913434,2.8613434,3.5113435,1.0013434,0.7913434,-0.60865664,-2.3086567,-2.2786567,-3.1186566,-2.8986566,-4.9086566,-3.9886565,-4.2486567,-3.7986567,-4.2886567,-4.0786567,-3.9786565,-5.228657,-6.1986566,-5.3686566,-4.958657,-4.9486566,-6.458657,-7.0286565,-8.838656,-5.958657,-5.1286564,-4.2886567,-4.9086566,-2.7086565,-2.4686565,0.89134336,0.31134337,-0.14865662,-2.1186566,-2.7286565,-3.1786566,-2.4986565,-1.7186567,2.3213434,3.2113433,4.791343,5.1113434,4.4913435,4.2413435,1.9913434,0.49134338,-1.3686566,-1.9886566,-2.9286566,-2.8886566,-2.4686565,-2.1886566,-2.8486567,-1.8886566,-3.0186567,-3.5886567,-4.0086565,-3.9086566,-4.5686564,-4.0986567,-4.5486565,-4.7786565,-5.3086567,-6.8286567,-4.6586566,-6.8686566,-5.228657,-5.0686564,-4.5386567,-4.208657,-4.3786564,-3.5586567,-1.9086566,-3.6686566,-0.21865661,-2.0586567,-0.5686566,-1.7186567,-2.8986566,6.7513433,1.5713434,4.7313433,4.8813434,4.0913434,2.7413435,2.9713433,1.6613433,-0.11865661,-1.0286566,-2.0986567,-1.8586566,-1.2186567,-0.078656614,0.8613434,-0.19865662,-0.37865663,-0.7286566,-2.1886566,-3.0286567,-2.8686566,-2.9386566,-3.1686566,-3.4086566,-3.2886567,-3.6386566,-2.7386565,-2.9086566,-3.1086566,-3.4186566,-3.7686567,-3.8886566,-3.2686567,-3.1686566,-3.1686566,-2.0086565,-1.3586566,2.2513435,-0.47865662,0.8513434,-0.60865664,6.521343,6.8813434,4.8213434,6.4513435,5.0313435,3.7213433,2.5113435,1.0013434,1.7513434,-0.13865662,-0.25865662,0.30134338,0.63134336,1.1713433,1.5613434,2.1113434,1.4613434,0.7413434,-0.25865662,-1.1386566,-0.16865662,-0.23865661,-0.43865663,-1.3486567,-1.0086566,-0.9786566,-0.4886566,-0.74865663,-0.11865661,0.7713434,0.15134339,0.5513434,-1.6886566,0.28134337,-1.4886566,-1.0786567,-2.2786567,-3.5186567,-1.1986566,-1.6786566,-1.0886567,6.291343,4.8913436,4.1313434,5.9713435,7.1513433,2.1413434,4.6113434,2.3313434,0.24134338,2.0313435,1.3813434,1.2413434,2.0813434,2.1513433,1.5613434,2.4813433,2.6013434,1.3813434,0.7913434,0.28134337,-0.19865662,1.4713434,1.0513434,0.7713434,0.5313434,0.6713434,0.25134337,0.5213434,1.0513434,0.9313434,2.3613434,2.8113434,5.5513434,0.4513434,-0.078656614,-1.9486566,-0.5186566,-1.2886566,-0.38865662,0.5613434,-1.1786566,4.1213436,5.101343,5.4513435,6.2313433,4.5913434,4.9513435,1.9813434,1.6313434,4.791343,3.0413435,3.3013434,4.1513433,3.8213434,2.5313435,3.4413433,2.9213433,2.3413434,2.2713435,1.4813434,0.63134336,2.2713435,2.0613434,1.7513434,1.9813434,2.0313435,2.2213433,2.2413435,2.2713435,3.6613433,4.9613433,1.9313434,4.4613433,2.7613435,2.8713434,-0.078656614,-2.0586567,-2.3286567,-1.0686566,0.08134338,1.0513434,-0.8486566,4.2213435,3.9713433,3.1113434,2.5813434,2.9313433,6.3013434,6.0913434,2.9913435,3.7513435,5.101343,4.9613433,5.021343,3.7813435,4.6113434,4.6313434,3.9313433,3.8713434,3.6113434,2.0113435,2.5913434,3.2213433,2.9213433,2.8213434,2.7313433,2.8413434,3.1413434,4.3613434,4.541343,5.3213434,5.6313434,6.5713434,3.9113433,3.9813433,2.8213434,1.1613433,-2.0186567,-1.2686566,1.1313434,-0.31865662,-0.19865662,0.7913434,2.5813434,2.2313433,1.3413434,1.8913434,3.9513433,3.6013434,2.2513435,3.1213434,2.9113433,3.1413434,2.1213434,5.2813435,4.4813433,4.6413436,5.1713433,4.601343,4.6213436,4.061343,3.2813435,4.101343,3.6813433,4.4013433,3.5513434,4.271343,5.0513434,5.0313435,6.1613436,5.4313436,5.5513434,6.021343,4.5513434,5.3413434,4.4813433,4.0913434,3.4513433,4.6513433,5.291343,8.381344,0.28134337,0.061343383,-0.5786566,2.5813434,2.8013434,3.1913433,3.5613434,2.5013435,1.5713434,3.6413434,2.1013434,1.3513434,2.3013434,1.0213434,3.9313433,3.1313434,1.4813434,5.3913436,4.2113433,3.7113433,3.6013434,3.3613434,4.831343,3.8213434,4.8913436,4.8713436,5.5013433,6.6413436,6.4213433,5.601343,4.9713435,4.1513433,3.1613433,4.1513433,4.8713436,5.521343,5.1113434,5.851343,5.7213435,6.7213435,5.081343,7.291343,3.4613433,2.3813434,2.6413434,3.1313434,4.0313435,2.2013433,1.2013434,1.8913434,2.0913434,2.1513433,1.5313433,2.0313435,-0.31865662,0.50134337,1.4813434,1.4813434,0.75134337,0.5413434,1.4013433,2.8913434,2.4813433,4.4513435,5.6213436,5.9513435,5.9213433,5.5913434,4.7413435,3.4313433,3.1413434,2.8813434,2.9113433,3.9013433,3.8513434,4.1813436,4.1213436,4.6913433,4.6813436,5.021343,4.5513434,4.6713433,4.4413433,3.2513435,2.8913434,2.4513433,4.1413436,5.7113433,4.3013434,3.1113434,2.1713433,2.4713433,0.8613434,2.0313435,0.6713434,-0.80865663,-0.60865664,-0.5286566,0.7813434,0.8413434,-0.61865664,-1.0086566,-0.67865664,-0.9786566,-1.4986566,2.1613433,5.3613434,3.5513434,4.6513433,3.7813435,2.9113433,2.4213433,2.6413434,2.5113435,3.1613433,4.3713436,6.3013434,4.8813434,4.5013433,3.7813435,4.061343,4.2813435,4.5913434,4.6113434,3.7513435,0.8413434]},{"header":{"discipline":0,"disciplineName":"Meteorological products","gribEdition":2,"gribLength":1025,"center":7,"centerName":"US National Weather Service - NCEP(WMC)","subcenter":0,"refTime":"2023-10-01T06:00:00.000Z","significanceOfRT":1,"significanceOfRTName":"Start of forecast","productStatus":0,"productStatusName":"Operational products","productType":1,"productTypeName":"Forecast products","productDefinitionTemplate":0,"productDefinitionTemplateName":"Analysis/forecast at horizontal level/layer at a point in time","parameterCategory":2,"parameterCategoryName":"UnknownDiscipline_0_Category_2","parameterNumber":3,"parameterNumberName":"UnknownParameter_D0_C2_3","parameterUnit":"Unknown","genProcessType":2,"genProcessTypeName":"Forecast","forecastTime":300,"surface1Type":103,"surface1TypeName":"Specified height level above ground","surface1Value":10.0,"surface2Type":255,"surface2TypeName":"Missing","surface2Value":0.0,"gridDefinitionTemplate":0,"gridDefinitionTemplateName":"Latitude_Longitude","numberPoints":615,"shape":6,"shapeName":"Earth spherical with radius of 6,371,229.0 m","gridUnits":"degrees","resolution":48,"winds":"true","scanMode":64,"nx":41,"ny":15,"basicAngle":0,"lo1":47.0,"la1":41.0,"lo2":87.0,"la2":55.0,"dx":1.0,"dy":1.0},"data":[-2.0532105,-3.7232103,-0.12321045,-4.8632107,-3.2232103,-0.5732105,2.5467896,-0.85321045,2.2067895,2.9767895,2.6767895,2.0567896,2.0367897,1.8567896,1.4167895,0.6867896,-0.11321045,-1.4832104,-2.9232104,-0.8132104,-0.49321043,-2.7332106,-1.5032104,-1.7932105,-1.0932105,-1.1832105,-1.3932104,-0.16321045,2.5867896,4.65679,1.7367896,0.096789554,-0.25321046,0.53678954,-0.8932105,-2.9532104,3.3367896,2.6067896,3.5167894,3.1067896,0.48678955,5.2667894,1.0667895,-4.3932104,-4.8532104,-2.7832105,2.5767896,2.0567896,0.04678955,4.2167897,3.4867895,2.8467896,2.5767896,1.9767896,2.1467896,0.70678955,0.87678957,1.3167895,-0.83321047,-2.1532104,-2.4632103,-2.6132104,-1.7332104,-0.21321045,1.2867895,-2.1032104,-0.7032105,-1.6532104,1.3867896,0.29678956,1.9567895,3.1767895,5.5267897,1.2067895,-1.3232105,-1.4632105,-0.90321046,0.36678955,-0.30321044,0.87678957,1.4567895,-0.65321046,-0.24321045,-3.0432105,-4.8132105,-3.7832105,-1.5532105,-0.07321045,-0.99321043,1.8967896,3.8567896,3.7967896,4.15679,3.6167896,2.6567895,1.5567895,1.2667896,1.3167895,0.97678953,-0.02321045,0.03678955,-0.27321044,-0.32321045,-2.6532104,-2.7932105,-1.2532104,0.15678956,0.26678956,0.10678955,-0.31321046,-0.29321045,2.0367897,4.5667896,2.3567896,2.9967895,-1.1632104,-0.5132105,3.0567896,5.8167896,0.9967896,1.2667896,-1.1432104,-0.23321044,0.81678957,-2.0132105,-2.3032105,-1.7632104,-2.3232105,-0.27321044,-1.3432105,4.0567894,4.1067896,4.1767898,3.3667896,3.6267896,3.8067896,2.4767895,1.6367896,1.0067896,0.16678955,-1.1932105,-1.1032104,-1.1532104,0.65678954,-1.4632105,2.6067896,-1.5532105,-2.4032104,-1.8532104,-1.8032105,-0.41321045,2.7267895,1.1367896,-1.3932104,-1.2232105,-2.0332105,-0.71321046,-0.29321045,-3.4132104,-2.5532105,2.6367896,5.1167893,0.6867896,0.16678955,-8.443211,-0.9432104,0.39678955,0.63678956,-1.7632104,-2.1132104,1.6467896,2.7167895,4.8967896,4.6967897,4.1167893,4.2467895,3.9767895,3.0967896,3.1867895,2.0567896,1.3667896,0.10678955,-1.2632104,-1.7932105,-0.84321046,-0.62321043,-1.3732104,-1.1632104,-1.4032104,-0.92321044,-0.84321046,-0.61321044,-1.0732105,-1.8832104,-2.9632103,-0.25321046,1.9567895,2.7067895,-0.68321043,-1.0432105,0.26678956,-1.4132104,0.28678954,-1.2032105,-0.78321046,-4.6032104,-7.3132105,2.3567896,3.0467896,2.2167895,0.29678956,2.9067895,3.1667895,4.1267896,4.9467897,5.0267897,4.8167896,3.4567895,3.3467896,3.4167895,3.5467896,3.1867895,2.2467895,0.8567895,0.9367896,-0.013210449,0.38678956,0.53678954,0.24678954,0.48678955,0.29678956,-0.62321043,0.01678955,-0.49321043,-1.0832105,-2.0932105,-1.5132104,-1.1932105,-2.4632103,0.72678953,2.5367897,2.6567895,3.2867897,1.1067896,-1.8432105,-1.7032105,-2.5732105,-2.3532104,-8.10321,2.4767895,4.5567894,3.3167896,2.3067896,2.1867895,4.65679,5.0667896,6.4367895,5.8967896,5.5067897,4.0667896,3.3567896,2.8167896,3.8967896,4.0767894,3.6367896,2.5867896,2.5767896,1.9167895,1.9667896,1.8867896,2.2467895,1.9067895,1.3267895,1.4467895,1.2367896,1.1167896,0.33678955,-0.26321045,-0.52321047,-0.5132105,-1.5432105,-1.2932105,-2.8932104,-1.6532104,-0.6932104,-0.55321044,0.83678955,-1.1632104,-0.84321046,-3.7332106,-7.9032106,3.0467896,5.7667894,5.7067895,4.6367893,4.5367894,4.9867897,6.0267897,7.3267894,6.4667897,6.0167894,5.5367894,4.15679,4.1067896,4.0067897,4.8467894,4.2967896,3.6367896,3.6667895,3.5967896,3.5467896,3.3067896,2.3067896,3.5067894,2.7267895,1.9267895,2.4567895,1.7867895,2.3467896,2.1167896,0.9867895,0.71678954,-0.17321044,0.8567895,1.3967896,-0.10321045,0.15678956,-1.0132104,0.84678954,0.20678955,-1.9332105,-2.6332104,-6.6332107,-1.1232104,6.0467896,6.5967894,5.4967895,6.4367895,5.6367893,5.4967895,6.1367893,6.8267894,5.7667894,5.9867897,5.5067897,4.9567895,5.15679,5.5867896,3.7967896,4.0567894,4.8167896,3.8567896,4.2467895,3.8767896,2.8567896,2.7367895,3.1667895,2.2867897,2.8767896,3.6467896,4.65679,5.7067895,4.0367894,2.5567896,-0.72321045,0.19678955,-0.74321043,-1.4332105,-2.0632105,1.6967895,2.3867896,3.1467896,-0.74321043,-1.0332104,-5.6032104,0.45678955,0.75678957,5.0467896,7.9167895,7.8267894,8.10679,7.0767894,6.4567895,6.8967896,6.1367893,6.3067894,6.3367896,6.2367897,5.4567895,5.9267898,5.5067897,4.7467895,4.9967895,5.3467894,4.9167895,4.3367896,3.8867896,3.3667896,3.7267895,3.0767896,4.6467896,3.2267895,4.9367895,4.8267894,4.4367895,0.96678954,-1.6632104,2.3667896,3.9767895,3.2967896,0.8067896,1.4967896,1.8067895,1.9067895,-1.7732104,1.6467896,-0.11321045,0.19678955,1.1867895,1.2267896,7.2967896,8.61679,8.126789,8.66679,7.5867896,7.3467894,7.5767894,7.2667894,7.0067897,7.3267894,6.5167894,5.8767896,5.1167893,5.2467895,4.6167893,5.3567896,4.5767894,5.4567895,5.4167895,3.6367896,4.6267896,3.4767895,3.2467895,3.8867896,7.0767894,7.6767898,3.5867896,3.9767895,4.2567897,2.5067894,1.6867895,1.0967896,1.8667896,3.0267897,-0.92321044,4.0667896,-2.3232105,1.7567896,0.8067896,0.13678955,1.1867895,1.3067895,4.3367896,7.5767894,8.85679,8.726789,8.096789,8.096789,7.90679,8.16679,7.5367894,7.0567894,6.3067894,5.6267896,5.4867897,5.4267898,5.3867893,5.9167895,5.65679,5.9167895,4.9967895,4.7667894,5.1067896,3.9767895,5.2667894,5.1267896,8.91679,9.376789,7.3167896,2.7267895,2.1867895,1.4367895,0.63678956,0.52678955,0.90678954,1.6367896,1.8867896,1.6867895,2.8467896,1.4567895,3.5267897,-0.20321044,1.1067896,1.4467895,4.0567894,-1.2132105,4.3867893,7.5167894,7.5867896,7.2167897,8.10679,7.2467895,7.6267896,7.3667893,6.40679,6.5867896,6.0267897,5.0267897,4.8367896,4.5967894,4.0067897,4.0267897,4.2067895,4.8467894,4.7967896,5.4167895,5.65679,6.3967896,6.9867897,4.9767895,5.7067895,5.3767896,4.5667896,2.1967895,1.5767895,-0.39321044,2.6067896,2.0367897,1.2667896,1.0467895,1.2967895,1.0067896,2.5367897,2.0267897,0.14678955,0.69678956,3.4667895,4.8467894,2.7267895,0.6167896,4.3867893,5.3867893,6.3367896,6.4567895,6.3667893,6.1767898,5.6767898,5.4967895,5.2467895,4.7667894,4.1667895,2.8267896,3.3667896,3.4267895,3.0167894,3.7167895,3.7967896,3.8067896,4.40679,4.3167896,4.7867894,4.4667897,5.1267896,6.3467894,1.6267896,2.0467896,2.8667896,2.9167895,2.2267895,2.1867895,1.4867896,1.9267895,0.17678955,0.6867896,1.3167895,1.1167896,2.3267896,-0.5632104,2.0967896,1.6867895,2.1067896,1.7167896,1.7567896,1.3067895,1.1067896,4.4867897,4.15679,4.0267897,4.65679,4.2467895,4.0667896,3.7167895,3.8167896,3.0667896,2.4767895,3.2067895,2.5567896,3.3267896,4.2567897,4.4267898,4.3867893,5.1167893,4.5867896,5.1767898,5.2667894]}]