wind_kz.json
{"header": {"discipline":0,"disciplineName":"Meteorological products","gribEdition":2,"gribLength":871,"center":7,"centerName":"US National Weather Service - NCEP(WMC)","subcenter":0,"refTime":"2025-04-06T00:00:00.000Z","significanceOfRT":1,"significanceOfRTName":"Start of forecast","productStatus":0,"productStatusName":"Operational products","productType":1,"productTypeName":"Forecast products","productDefinitionTemplate":0,"productDefinitionTemplateName":"Analysis/forecast at horizontal level/layer at a point in time","parameterCategory":0,"parameterCategoryName":"UnknownDiscipline_0_Category_0","parameterNumber":0,"parameterNumberName":"UnknownParameter_D0_C0_0","parameterUnit":"Unknown","genProcessType":2,"genProcessTypeName":"Forecast","forecastTime":120,"surface1Type":1,"surface1TypeName":"Ground or water surface","surface1Value":0.0,"surface2Type":255,"surface2TypeName":"Missing","surface2Value":0.0,"gridDefinitionTemplate":0,"gridDefinitionTemplateName":"Latitude_Longitude","numberPoints":615,"shape":6,"shapeName":"Earth spherical with radius of 6,371,229.0 m","gridUnits":"degrees","resolution":48,"winds":"true","scanMode":64,"nx":41,"ny":15,"basicAngle":0,"lo1":47.0,"la1":41.0,"lo2":87.0,"la2":55.0,"dx":1.0,"dy":1.0}, "data":
[rows 0 to 14 of 15, columns 0 to 40 of 41]
282.18817,276.68817,276.68817,282.38818,283.0882,283.68817,284.4882,289.18817,290.88818,294.4882,293.88818,296.68817,295.38818,294.28818,293.0882,292.4882,292.18817,288.88818,290.5882,287.68817,289.0882,287.18817,286.9882,282.9882,285.18817,285.5882,282.4882,265.78818,267.28818,266.28818,266.9882,273.5882,276.5882,286.38818,286.9882,285.68817,285.28818,284.5882,284.38818,284.38818,284.68817
265.18817,277.0882,281.78818,281.9882,282.5882,283.0882,285.4882,291.18817,290.78818,293.0882,293.88818,292.9882,294.5882,293.78818,293.28818,292.4882,291.78818,290.78818,289.0882,288.78818,287.9882,284.9882,282.88818,277.38818,260.28818,270.88818,278.28818,271.88818,273.5882,270.0882,272.18817,260.68817,272.0882,258.28818,268.0882,283.9882,280.28818,281.78818,283.28818,275.38818,280.88818
277.68817,280.68817,281.5882,281.9882,282.0882,282.78818,285.78818,288.4882,289.9882,292.38818,292.38818,292.38818,293.4882,293.28818,292.4882,292.4882,290.5882,289.5882,288.78818,288.18817,287.78818,286.68817,284.78818,278.9882,280.4882,280.18817,280.5882,281.5882,281.0882,275.18817,265.38818,267.68817,275.0882,275.38818,276.88818,276.38818,266.0882,266.38818,268.0882,263.9882,256.38818
278.9882,281.28818,280.38818,281.5882,282.18817,282.4882,283.18817,284.68817,288.38818,289.78818,291.68817,292.4882,285.5882,286.38818,291.68817,291.4882,290.28818,289.38818,289.28818,288.9882,286.28818,280.38818,283.68817,284.0882,284.9882,283.88818,283.0882,282.28818,279.38818,278.9882,279.9882,282.18817,284.78818,284.68817,283.18817,279.28818,269.68817,253.78818,271.0882,279.38818,281.88818
278.18817,281.68817,281.4882,282.0882,281.4882,282.18817,283.28818,284.4882,286.28818,288.88818,290.18817,291.38818,284.38818,283.88818,281.38818,290.0882,288.28818,287.38818,287.68817,286.0882,286.0882,285.9882,284.9882,284.28818,284.0882,283.28818,280.78818,278.5882,282.78818,282.38818,283.4882,280.68817,271.88818,261.0882,273.88818,281.9882,281.68817,285.28818,284.0882,283.68817,282.88818
277.4882,279.18817,282.0882,281.5882,280.68817,280.28818,282.4882,284.68817,286.78818,288.0882,288.88818,288.5882,282.4882,282.88818,285.88818,288.68817,288.28818,286.9882,287.28818,286.28818,285.4882,284.68817,283.88818,282.4882,281.78818,280.18817,279.9882,272.78818,281.9882,281.5882,280.5882,280.78818,281.88818,280.5882,279.78818,280.5882,274.4882,275.5882,281.18817,282.78818,281.38818
278.18817,278.78818,280.38818,280.9882,279.88818,281.28818,282.0882,283.38818,285.78818,286.88818,287.18817,287.88818,286.9882,287.4882,287.38818,289.18817,288.88818,287.9882,286.0882,284.68817,283.28818,283.28818,282.5882,281.4882,279.5882,280.0882,279.0882,279.68817,279.68817,279.68817,279.5882,279.88818,279.88818,280.38818,280.9882,279.5882,274.9882,272.68817,271.28818,270.9882,277.38818
277.88818,278.4882,279.4882,279.5882,279.78818,279.9882,280.78818,280.9882,282.5882,285.78818,286.28818,287.5882,287.18817,288.18817,288.4882,288.18817,288.0882,286.78818,285.4882,283.28818,280.78818,280.78818,280.68817,280.4882,278.68817,276.5882,276.78818,277.68817,276.18817,277.18817,276.28818,277.18817,277.28818,274.5882,275.28818,275.4882,276.88818,272.18817,277.28818,277.9882,275.38818
274.78818,274.88818,276.4882,277.0882,277.68817,277.88818,279.0882,279.38818,281.88818,283.0882,285.38818,286.68817,285.68817,286.9882,287.78818,287.5882,287.28818,286.88818,285.78818,283.68817,281.4882,279.38818,279.88818,279.5882,278.68817,277.4882,275.28818,275.68817,274.0882,272.28818,273.38818,273.68817,275.28818,275.18817,275.0882,273.38818,275.28818,274.78818,262.9882,268.9882,263.38818
274.38818,274.18817,274.0882,276.0882,276.38818,276.68817,277.5882,278.5882,279.38818,282.0882,285.0882,285.28818,286.88818,286.9882,287.28818,287.78818,286.88818,287.0882,286.38818,285.5882,282.68817,282.68817,281.18817,280.4882,279.9882,278.88818,278.9882,276.5882,275.68817,276.0882,276.28818,276.68817,277.78818,276.5882,274.5882,275.38818,275.18817,272.68817,271.38818,269.28818,266.9882
273.5882,273.18817,272.78818,275.0882,275.68817,275.5882,276.5882,277.68817,279.5882,280.5882,283.78818,285.4882,287.18817,286.4882,286.68817,286.68817,285.88818,285.4882,286.88818,284.78818,284.88818,283.4882,281.78818,280.78818,280.0882,280.18817,277.78818,278.68817,278.9882,279.28818,279.38818,279.18817,277.9882,276.9882,275.9882,274.5882,274.18817,272.88818,272.4882,271.88818,267.78818
273.38818,273.4882,272.5882,272.0882,273.4882,274.68817,274.88818,275.78818,276.9882,280.0882,281.0882,283.9882,285.88818,285.28818,286.78818,286.5882,285.38818,285.78818,286.18817,285.88818,283.78818,282.68817,281.5882,280.68817,279.68817,281.18817,281.0882,281.18817,280.4882,279.88818,279.38818,278.28818,277.9882,275.5882,275.4882,275.38818,275.5882,275.18817,274.78818,273.9882,273.0882
272.18817,271.78818,272.0882,272.68817,271.68817,274.18817,272.78818,274.68817,275.38818,276.88818,278.4882,281.28818,285.68817,285.9882,286.4882,286.88818,286.88818,286.38818,284.9882,284.78818,284.78818,283.88818,283.78818,282.18817,281.78818,282.4882,282.18817,281.0882,280.28818,279.88818,279.38818,278.38818,277.68817,277.18817,275.18817,273.38818,273.0882,274.18817,273.18817,273.18817,273.28818
272.28818,272.18817,272.38818,272.18817,271.9882,269.68817,272.68817,272.4882,274.68817,275.38818,275.28818,276.28818,280.4882,283.78818,286.4882,286.0882,285.68817,286.18817,286.78818,285.9882,285.78818,285.5882,286.0882,284.68817,283.38818,283.18817,281.38818,281.28818,280.0882,279.88818,278.78818,277.78818,277.0882,275.68817,274.78818,273.0882,272.68817,272.88818,272.88818,272.38818,272.68817
271.68817,272.78818,269.28818,272.4882,272.4882,270.5882,269.4882,272.78818,273.88818,274.9882,275.18817,275.28818,276.78818,281.78818,283.78818,285.9882,285.5882,285.9882,286.18817,285.38818,284.38818,285.38818,285.28818,284.18817,283.5882,283.0882,282.4882,281.38818,280.0882,279.0882,276.78818,275.9882,276.68817,275.5882,274.9882,274.28818,272.9882,272.9882,272.88818,272.78818,272.9882
