wind_kz.json
{"header": {"discipline":0,"disciplineName":"Meteorological products","gribEdition":2,"gribLength":1025,"center":7,"centerName":"US National Weather Service - NCEP(WMC)","subcenter":0,"refTime":"2025-04-05T18:00:00.000Z","significanceOfRT":1,"significanceOfRTName":"Start of forecast","productStatus":0,"productStatusName":"Operational products","productType":1,"productTypeName":"Forecast products","productDefinitionTemplate":0,"productDefinitionTemplateName":"Analysis/forecast at horizontal level/layer at a point in time","parameterCategory":2,"parameterCategoryName":"UnknownDiscipline_0_Category_2","parameterNumber":2,"parameterNumberName":"UnknownParameter_D0_C2_2","parameterUnit":"Unknown","genProcessType":2,"genProcessTypeName":"Forecast","forecastTime":300,"surface1Type":103,"surface1TypeName":"Specified height level above ground","surface1Value":10.0,"surface2Type":255,"surface2TypeName":"Missing","surface2Value":0.0,"gridDefinitionTemplate":0,"gridDefinitionTemplateName":"Latitude_Longitude","numberPoints":615,"shape":6,"shapeName":"Earth spherical with radius of 6,371,229.0 m","gridUnits":"degrees","resolution":48,"winds":"true","scanMode":64,"nx":41,"ny":15,"basicAngle":0,"lo1":47.0,"la1":41.0,"lo2":87.0,"la2":55.0,"dx":1.0,"dy":1.0}, "data":
[rows 0 to 14 of 15, columns 0 to 40 of 41]
-2.3933496,0.9766504,-1.3533496,0.52665037,0.8166504,-0.3133496,0.20665039,1.2666504,2.3966503,3.3266504,3.4966505,3.8366504,5.0966506,3.9566505,4.80665,4.9166503,5.1066504,6.55665,6.1166506,8.166651,4.1166506,2.6066504,0.8366504,2.6166503,-0.4633496,-0.0033496094,1.4666504,2.8466504,0.6666504,1.0366504,-0.5633496,1.9566504,0.7866504,-1.3933496,-3.4133496,-3.2133496,-2.9433496,-1.9233496,-1.3233496,-3.2333496,-3.5633497
3.1566503,-0.9133496,1.1866504,1.9966503,0.9966504,0.52665037,0.84665036,1.5166504,3.7266505,3.3466504,4.8666506,4.9466505,5.0666504,4.8166504,4.6666503,5.1166506,5.7766504,7.1266503,7.72665,6.2366505,5.3866506,3.9566505,2.2066505,3.7166505,1.3166504,0.52665037,0.7666504,0.7866504,1.3766503,1.0566504,0.59665036,0.026650392,-0.22334962,0.5166504,0.04665039,1.1266503,-0.7933496,-2.9033496,-1.2133496,-2.0533495,-0.3433496
-1.4433496,-0.9133496,-0.11334961,0.8866504,2.3266504,2.7266505,2.6466503,2.5766504,4.30665,4.8266506,5.6566505,6.1766505,5.9566503,5.3566504,7.05665,7.2366505,5.6266503,9.09665,7.5766506,9.01665,5.7566504,3.2766504,1.5566504,4.8166504,5.1366506,4.9866505,3.2566504,1.7566504,2.6866503,1.1966504,0.9166504,0.16665038,-0.6333496,-0.5233496,-0.06334961,1.1166503,-0.2733496,1.4666504,-0.1733496,3.7966504,1.1466504
-2.8533497,-2.6733496,-2.3433497,-0.8933496,-0.4133496,-0.65334964,1.7066504,4.0966506,6.6766505,7.4066505,7.6666503,8.156651,6.3366504,7.4366503,8.14665,8.786651,8.206651,8.376651,9.586651,7.53665,5.4566503,4.3366504,-1.0933496,3.5266504,6.8766503,4.6766505,3.3766503,2.2966504,-0.06334961,-4.1733494,-5.0133495,-5.6433496,-6.9333496,-5.1233497,-4.71335,-2.3833497,-0.4433496,2.0366504,-2.5433495,-2.6433496,-3.2633495
-1.0333496,-1.1533496,-0.65334964,-0.2733496,1.4466504,2.3166504,3.9166503,5.6766505,5.7066503,8.05665,10.126651,9.98665,7.9166503,6.2166505,6.6366506,9.18665,7.9066505,8.616651,9.67665,12.496651,11.656651,8.746651,6.03665,7.8566504,7.1966505,7.6966505,3.2766504,2.6166503,-0.5533496,0.4666504,0.7466504,0.8566504,2.4366503,2.2866504,-1.5833496,-1.3133496,-0.7033496,-2.8533497,-2.2033496,-0.3833496,-0.8233496
1.1666504,2.2266505,2.3866503,3.0166504,4.0466504,4.80665,5.7766504,5.6766505,5.1866503,6.2066503,8.68665,11.906651,9.036651,5.5866504,6.0466504,7.5666504,8.126651,7.5066504,10.1966505,9.50665,11.25665,9.71665,7.8166504,8.42665,4.7366505,5.30665,5.76665,1.0166504,-1.2433496,-1.2933496,-1.3433496,-0.7333496,-0.08334961,-0.5233496,-0.07334961,0.7866504,-0.7533496,-0.9933496,-1.0833496,-2.2933495,-1.5933496
3.1266503,4.5966506,5.8566504,6.5266504,6.6766505,6.6566505,6.78665,7.49665,7.7166505,5.8366504,7.8166504,12.706651,10.92665,9.46665,8.25665,6.6166506,6.3966503,6.2366505,6.6866503,7.7366505,7.1866503,1.8966504,5.24665,2.6866503,-0.8133496,-3.9533496,-0.48334962,-0.45334962,-2.4233496,-2.1033497,-1.7133496,-1.2333496,-3.5733497,-3.4233496,-4.6233497,-1.8733497,0.3166504,1.6066504,4.3166504,1.3566504,1.2066504
5.2366505,5.8266506,6.4666505,6.9866505,7.7166505,8.036651,8.116651,7.74665,8.25665,8.35665,7.1766505,8.536651,12.076651,7.6266503,7.3366504,5.5666504,4.6866503,4.3466506,4.8866506,4.8966503,-0.1433496,3.5666504,4.4866505,0.4266504,0.90665036,-1.8533496,-0.7033496,0.2566504,2.6366503,0.32665038,0.6166504,0.9766504,0.38665038,1.7666504,3.8166504,-0.7033496,-3.1333497,-2.1333497,-3.7433496,-2.8533497,-0.18334961
5.8766503,6.4666505,6.9366503,7.3766503,7.4366503,8.156651,7.7566504,8.23665,8.456651,8.366651,7.24665,8.09665,9.97665,2.6966505,4.0766506,3.6466503,3.3666503,3.4366503,2.3266504,2.8166504,4.6266503,3.1666503,3.9966505,2.8166504,2.8966503,-0.7933496,1.3566504,2.8566504,2.8466504,4.1366506,3.7466505,2.6366503,3.8966503,3.7266505,2.8666503,0.9466504,0.03665039,2.1466503,1.4466504,0.17665039,1.6566504
5.1866503,5.7966504,6.78665,7.4266505,8.00665,8.536651,8.496651,8.786651,8.92665,9.50665,7.6666503,6.55665,5.1666503,3.2766504,3.4166503,3.5066504,2.1966505,1.6766504,2.4766505,2.3866503,2.4466505,5.2566504,1.3766503,2.8466504,4.4666505,0.7566504,5.9166503,4.4566503,5.1266503,2.9566505,5.6466503,0.19665039,5.03665,3.4166503,2.1566503,1.8566504,-1.5033497,-1.0433496,2.6866503,1.9066504,1.0766504
5.9666505,6.5466504,5.7966504,7.1866503,7.6766505,7.9466505,8.76665,9.00665,8.89665,8.376651,7.6966505,7.5066504,5.05665,2.9366503,3.9266503,3.1166503,3.2266505,1.3266504,1.5466504,-1.0233496,-1.7433496,-2.2333496,-4.2833495,-3.3733497,-3.9233496,-1.9133496,3.6666503,4.8266506,2.6566503,1.4766504,1.6966504,3.7966504,4.4666505,2.1366503,2.4866505,1.5166504,1.0166504,2.0966504,3.3566504,2.3666503,2.0666504
6.05665,6.0966506,6.03665,7.0466504,7.1166506,8.04665,8.536651,8.21665,7.05665,7.3866506,6.9366503,6.8166504,6.5766506,4.8866506,4.4166503,4.3166504,3.9566505,0.84665036,-0.8133496,-1.7233496,-3.1933496,-3.3733497,-4.8133497,-3.3633497,-4.3733497,-4.8533497,-3.3533497,-1.5133497,-1.1433496,0.5666504,1.2366503,2.0266504,2.6166503,3.2566504,1.6866504,3.2466505,5.51665,6.5966506,6.1466503,4.5466504,4.05665
4.4466505,6.1566505,5.8266506,6.9566503,7.4466505,6.7566504,8.536651,8.68665,7.99665,4.9066505,4.3666506,5.2366505,5.0866504,4.5066504,4.22665,4.26665,3.0866504,0.20665039,-1.6733496,-2.6233497,-3.3633497,-4.2833495,-4.46335,-4.5533495,-4.6533494,-4.6233497,-3.2733495,-2.7433496,-2.3033495,-0.7733496,-1.1233497,-0.4433496,1.1866504,1.9966503,2.9066503,4.49665,5.8766503,4.2166505,4.6266503,6.01665,3.3566504
5.22665,5.74665,7.0266504,6.72665,7.6366506,6.8366504,6.6566505,6.6166506,5.47665,0.6166504,2.5766504,2.5866504,3.6766503,3.7866504,3.6966505,3.4266503,0.9866504,-2.9633496,-3.0633497,-4.1033497,-4.2933497,-4.1033497,-4.0633497,-3.8233497,-3.9933496,-3.9733496,-3.2633495,-2.9233496,-2.0533495,-2.5533495,-1.8533496,-1.1633496,-0.7333496,-0.7033496,-0.3733496,1.6566504,3.0066504,4.8566504,4.4066505,3.7766504,6.3666506
2.9966505,4.8166504,4.9266505,5.2066503,5.8966503,4.78665,5.3766503,2.6966505,-2.9633496,-0.9533496,1.1066504,2.3066504,1.7266504,-0.093349606,1.1766504,4.03665,-3.8033495,-3.6533496,-3.3433497,-3.4933496,-3.6633496,-3.7633495,-3.3833497,-3.1133497,-2.5833497,-2.4133496,-2.1333497,-1.8833497,-1.3233496,-0.4433496,0.6666504,2.1166503,2.4466505,2.4366503,2.9066503,3.5866504,2.9466505,3.7066505,4.2066503,3.6066504,2.2866504
