wind_kz.json
{"header": {"discipline":0,"disciplineName":"Meteorological products","gribEdition":2,"gribLength":1102,"center":7,"centerName":"US National Weather Service - NCEP(WMC)","subcenter":0,"refTime":"2024-02-01T18:00:00.000Z","significanceOfRT":1,"significanceOfRTName":"Start of forecast","productStatus":0,"productStatusName":"Operational products","productType":1,"productTypeName":"Forecast products","productDefinitionTemplate":0,"productDefinitionTemplateName":"Analysis/forecast at horizontal level/layer at a point in time","parameterCategory":2,"parameterCategoryName":"UnknownDiscipline_0_Category_2","parameterNumber":3,"parameterNumberName":"UnknownParameter_D0_C2_3","parameterUnit":"Unknown","genProcessType":2,"genProcessTypeName":"Forecast","forecastTime":300,"surface1Type":103,"surface1TypeName":"Specified height level above ground","surface1Value":10.0,"surface2Type":255,"surface2TypeName":"Missing","surface2Value":0.0,"gridDefinitionTemplate":0,"gridDefinitionTemplateName":"Latitude_Longitude","numberPoints":615,"shape":6,"shapeName":"Earth spherical with radius of 6,371,229.0 m","gridUnits":"degrees","resolution":48,"winds":"true","scanMode":64,"nx":41,"ny":15,"basicAngle":0,"lo1":47.0,"la1":41.0,"lo2":87.0,"la2":55.0,"dx":1.0,"dy":1.0}, "data":
[rows 0 to 14 of 15, columns 0 to 40 of 41]
0.50912356,-0.060876466,-1.2208765,-3.3508766,-1.3508765,1.8491235,0.009123535,2.1591234,1.3291235,1.2591236,1.5591235,2.0291235,2.6191235,2.4391236,2.8291235,3.7691236,4.9991236,2.2191236,1.7891235,1.2691236,2.2191236,5.1991234,1.4791236,-0.65087646,0.97912353,-1.0608765,-1.9008765,-0.6408765,1.5291235,3.5891235,2.6091235,1.2291236,-1.0608765,-1.4208765,-2.6508765,-2.5408764,-2.0008764,0.18912354,0.49912354,1.7591236,1.0691235
1.9891236,-2.1108766,-6.8008766,2.2791235,3.8891234,2.7391236,0.89912355,2.1391234,2.4891236,2.0191236,1.3891236,1.1291236,2.2391236,2.3891234,2.3891234,3.6391234,2.0491235,0.8091235,2.1491234,3.1391234,5.9091234,2.7691236,2.2091236,1.5191236,2.2591236,1.8291235,0.89912355,0.5591235,-0.30087647,2.5991235,3.3291235,6.2491236,1.6991235,0.75912356,0.52912354,0.6191235,-0.66087645,-0.070876464,-0.31087646,1.3591236,-0.42087647
-0.65087646,-4.3008766,-3.9508765,-1.1708765,0.45912352,0.91912353,1.1791235,0.33912355,2.8091235,2.4391236,1.8491235,2.0091236,1.2691236,2.1891236,2.1091235,2.2791235,1.8691236,3.0591235,3.5191236,3.7191236,2.9791236,1.3391235,1.2791235,1.4591235,0.59912354,-0.46087646,-0.45087647,0.009123535,0.6191235,3.2591236,4.1291237,3.5791235,2.9591236,0.57912356,0.69912356,-0.26087648,3.9691236,1.9991236,0.12912354,0.5691235,1.7591236
-0.18087646,-0.6308765,-1.2108765,-0.8908765,-1.2808765,-0.54087645,1.2291236,1.1691235,2.3791234,2.5291235,2.1491234,1.8391235,2.7791235,2.9691236,2.0991235,2.1091235,3.0991235,3.4691236,3.7791235,3.8591235,3.5291235,2.8391235,0.51912355,3.0891235,3.2491236,1.9691235,1.6191236,0.35912353,4.9791236,5.5691237,6.8591237,2.9091234,0.47912353,-0.6808765,-0.46087646,-0.6208765,1.1491235,3.4391236,1.2991235,-1.9708765,-1.4408765
-4.200876,-4.0708766,-4.0608764,-3.3108764,-3.1808765,-0.97087646,-1.5508765,0.34912354,2.0591235,2.4491236,2.7291236,2.5691235,3.0091236,3.7391236,3.7691236,3.6991236,3.5891235,3.9191236,3.6291234,3.3591235,1.9691235,2.4291236,3.3091235,3.3591235,3.0791235,1.4191235,-0.030876465,2.6991236,4.6491237,1.1991235,-0.100876465,-0.40087646,2.1291234,3.8491235,-0.7008765,0.5691235,2.8391235,-0.6208765,-3.0308764,-2.6008766,-1.5908765
-7.1508765,-6.6908765,-6.6108766,-6.4708767,-5.0608764,-4.0908766,-3.6008766,-1.1208764,0.8091235,0.8191235,0.9291235,1.8091235,2.6391234,4.0791235,3.2891235,3.8691235,4.0591235,3.9091234,3.2391236,2.9391236,3.4491236,4.9591236,4.8191237,2.6391234,2.0291235,1.3991235,0.59912354,-0.83087647,0.14912353,-0.19087647,-0.84087646,-0.54087645,-0.13087647,-2.0408764,-8.764648E-4,15.309124,2.0491235,6.549124,-0.28087646,-1.6708765,-2.9108765
-7.9908767,-8.180877,-9.020877,-9.460876,-9.130877,-8.9208765,-8.570876,-4.7608767,-2.2108765,-1.2008765,0.13912353,0.91912353,2.1691236,2.8191235,3.2191236,3.9091234,4.0791235,4.0891237,4.8491235,4.0791235,3.1091235,4.3691235,4.2391233,3.9891236,3.7491236,2.6091235,-0.83087647,-8.764648E-4,-0.8708765,0.95912355,1.0791235,-1.0308765,-1.3608764,3.1791236,1.8591236,0.11912353,-2.1708765,1.9691235,2.6991236,2.0891235,2.2791235
-7.9808764,-8.020877,-8.160876,-8.800877,-9.450876,-9.330876,-8.750876,-7.9808764,-7.0208764,-4.8008766,-1.5808765,-0.14087647,0.48912352,1.9891236,3.1991236,4.1991234,4.5791235,4.0591235,5.1091237,6.6391234,4.5591235,3.7391236,4.5991235,7.4991236,6.6891236,5.0791235,7.4591236,1.9091235,1.5991235,0.63912356,0.31912354,2.3991234,3.0091236,2.4591236,0.06912354,-0.8708765,0.109123535,2.6091235,-2.9108765,1.1091236,1.8791236
-7.4008765,-8.080876,-8.220877,-8.360876,-8.710876,-9.000876,-8.900876,-8.580876,-8.300877,-7.8608766,-7.0508766,-4.3408766,-2.2408764,0.6091235,2.0691235,4.0891237,5.1991234,6.3291235,7.2491236,7.1591234,4.5391235,7.0091233,7.7391233,6.9091234,7.4691234,5.7591233,3.7491236,7.2291236,4.6991234,3.9391236,6.3391237,7.9591236,8.779123,7.4791236,9.589124,6.1991234,-0.6208765,0.08912353,3.2191236,2.2291236,0.72912353
-7.1508765,-7.3708763,-7.6008763,-7.8408766,-7.8908763,-8.020877,-7.6508765,-7.3708763,-7.6808763,-6.8408766,-6.5208764,-5.9608765,-5.6208763,-6.7308764,-1.2208765,1.3391235,4.1991234,6.4491234,7.3791237,7.6791234,8.269123,7.549124,8.859123,8.969124,8.229123,8.539124,6.5391235,7.1391234,6.4491234,6.2791233,7.7491236,9.089124,9.269123,9.569123,8.149123,3.5891235,2.7491236,0.45912352,1.7191235,4.049124,4.7791233
-5.8808765,-6.200876,-6.9108763,-7.6208763,-6.8208766,-5.950876,-6.8908763,-6.3808765,-5.1108766,-5.3708763,-3.4608765,-2.4208765,-4.6408763,-3.8608766,-4.3708763,-6.0208764,0.6791235,4.0591235,6.6591234,8.109123,9.149123,8.309124,8.189123,9.749124,9.039124,9.229123,8.429124,8.999124,8.139124,4.2691236,6.9491234,6.4791236,8.839124,9.449123,11.319123,6.2191234,4.4391236,4.0991235,4.4591236,3.1191235,2.5191236
-2.0908766,-2.3608766,-4.0908766,-3.3108764,-3.7908764,-4.2608767,-4.7408767,-4.7608767,-4.0708766,-3.6308765,-4.0508766,-3.3808765,-3.1208766,-2.9008765,-3.6808765,-3.6008766,-4.2408767,-4.7908764,-5.9608765,4.6391234,6.9791236,7.7791233,8.259124,9.109123,9.749124,10.169124,10.419124,9.449123,9.8291235,7.8991237,7.5391235,8.529123,7.5691237,9.5791235,8.959124,10.229123,8.499124,2.4491236,1.9091235,2.1391234,0.50912356
-3.1908765,-2.2208765,-2.1308765,-2.4708765,-2.2008765,-2.3708766,-2.9908764,-2.8908765,-2.4508765,-1.6708765,-2.1108766,-3.6108766,-3.3608766,-2.2508764,-3.0908766,-2.6808765,-2.5108764,-3.7608764,-4.0008764,-3.8308764,-3.1708765,1.5191236,6.4191236,7.7791233,8.939123,10.469124,10.659123,9.399123,8.979123,9.439123,9.519123,9.759124,9.709124,9.949123,9.619123,10.429124,9.659123,5.4991236,4.9491234,3.0991235,1.9991236
-2.8408766,-2.4508765,-3.8508766,-2.2908764,-2.8208764,-3.0708764,-3.0508764,-3.1008766,-2.7908764,-2.9908764,-1.4108765,-2.5908766,-1.9108765,-1.4008765,-1.8408765,-2.3308764,-2.0008764,-2.0308764,-1.9408765,-1.7008765,-1.4308765,-0.90087646,-1.3808764,-2.9908764,5.6891236,8.309124,9.749124,10.009124,9.519123,10.279123,10.419124,9.939123,10.179124,10.979123,9.189123,9.809124,7.8291235,7.8391237,7.1991234,6.9391236,5.1191235
-2.0408764,-3.3508766,-3.8108764,-2.9008765,-3.8208764,-3.4708765,-4.0608764,-3.5808764,-3.4108765,-2.6508765,-0.92087644,-0.29087648,-0.78087646,-2.7008765,-3.0308764,-2.2708764,-2.0908766,-1.8208765,-1.2008765,-1.1508765,-0.59087646,-0.28087646,0.08912353,-0.08087646,-0.19087647,-1.4608765,6.8391237,8.369123,9.639124,9.819123,11.169124,12.529123,10.629124,10.779123,10.5791235,10.839124,10.909123,11.729123,9.159123,8.899123,5.7391233
