wind_kz.json
{"header": {"discipline":0,"disciplineName":"Meteorological products","gribEdition":2,"gribLength":1025,"center":7,"centerName":"US National Weather Service - NCEP(WMC)","subcenter":0,"refTime":"2023-09-26T12:00:00.000Z","significanceOfRT":1,"significanceOfRTName":"Start of forecast","productStatus":0,"productStatusName":"Operational products","productType":1,"productTypeName":"Forecast products","productDefinitionTemplate":0,"productDefinitionTemplateName":"Analysis/forecast at horizontal level/layer at a point in time","parameterCategory":2,"parameterCategoryName":"UnknownDiscipline_0_Category_2","parameterNumber":2,"parameterNumberName":"UnknownParameter_D0_C2_2","parameterUnit":"Unknown","genProcessType":2,"genProcessTypeName":"Forecast","forecastTime":120,"surface1Type":103,"surface1TypeName":"Specified height level above ground","surface1Value":10.0,"surface2Type":255,"surface2TypeName":"Missing","surface2Value":0.0,"gridDefinitionTemplate":0,"gridDefinitionTemplateName":"Latitude_Longitude","numberPoints":615,"shape":6,"shapeName":"Earth spherical with radius of 6,371,229.0 m","gridUnits":"degrees","resolution":48,"winds":"true","scanMode":64,"nx":41,"ny":15,"basicAngle":0,"lo1":47.0,"la1":41.0,"lo2":87.0,"la2":55.0,"dx":1.0,"dy":1.0}, "data":
[rows 0 to 14 of 15, columns 0 to 40 of 41]
0.5276685,1.4076685,-1.2123315,-6.4123316,-4.4023314,-2.5023315,-4.5023317,-4.5723314,-4.3723316,-3.7523315,-4.2723317,-4.1123314,-3.3623316,-1.5523316,-1.8623315,-0.25233155,0.087668456,-0.26233155,1.1276685,1.2576685,1.6176685,-0.21233155,2.5376685,2.8376684,1.1076684,1.9176685,2.3976684,2.8676684,1.0976684,-0.122331545,0.36766845,1.1876684,-1.0123315,0.07766846,-0.61233157,-0.41233155,0.7076685,1.9476684,0.37766847,1.3476684,-1.4723315
0.43766844,-4.3323317,-6.8523316,-7.4423313,-4.8023314,-0.63233155,-3.9923315,-4.2423315,-4.2623315,-3.9623315,-3.8323317,-2.5223315,-2.2123315,-1.2523315,-1.0723315,-0.6023315,-0.26233155,0.25766847,-0.42233154,1.0576684,3.7276685,1.3876685,3.8576684,3.1976686,1.6176685,0.5276685,-0.042331543,0.8276684,0.88766843,1.8276684,-0.10233154,-0.19233154,1.1376685,-1.8023316,0.24766846,0.99766845,-0.5423315,0.53766847,-1.7323315,0.12766846,-1.5923315
-5.5323315,-8.222332,-8.322331,-6.6323314,-3.3623316,-3.0723314,-3.9423316,-3.0323315,-3.4723315,-2.7623315,-2.4223316,-1.3523315,-1.9123316,-0.29233155,-1.4523315,-0.26233155,0.68766844,0.9576685,1.1676685,0.5876685,-0.41233155,3.8176684,3.9076684,4.4576683,-2.9423316,-2.0223315,-2.3423316,-0.052331544,0.55766845,-0.8423315,-0.61233157,-1.6323315,0.33766845,-1.2623315,-0.6023315,-0.022331543,-0.49233153,-0.082331546,1.2176684,1.1376685,0.12766846
-8.922332,-9.002332,-7.1023316,-4.0123315,-1.7823316,-4.7023315,-2.7023315,-3.9323316,-3.0923316,-2.4723315,-1.7123315,-3.8023314,-1.4523315,0.25766847,1.6776685,0.7176685,-1.2923316,0.05766846,0.9576685,2.4976685,0.88766843,-0.27233154,1.0076685,0.21766846,-1.5023315,-2.5923316,-2.3223314,-4.1623316,-3.8523316,-1.3623315,1.0576684,2.1876686,1.5176685,1.6776685,1.4076685,1.1476685,0.55766845,1.3276684,-2.0923316,-3.3723316,-2.7123315
-7.9223313,-7.1523314,-5.7823315,-5.3023314,-3.6423316,-4.3023314,-3.4923315,-3.1623316,-1.7023315,-0.32233155,0.98766845,0.017668458,0.07766846,0.7176685,3.4476686,6.5876684,2.1176684,1.8576684,0.39766845,2.3776684,3.0376685,2.9776685,3.5976684,2.1676683,-0.70233154,-1.3223315,-0.77233154,-1.9423316,0.42766845,-2.2423315,1.2676685,1.0776684,0.99766845,2.0776684,-2.9223316,-1.5323316,3.8276684,-3.2123315,-2.6323316,-2.1023316,-0.39233154
-5.1023316,-5.0523314,-4.2223315,-3.6523316,-3.1023316,-1.9623315,2.1576684,-0.10233154,-0.022331543,-0.07233154,0.07766846,0.55766845,-0.28233156,0.7176685,1.1176685,3.6976686,-0.46233153,-0.9123315,3.4076684,3.6276684,2.1376684,1.1076684,1.1676685,1.6876684,1.8776685,0.39766845,-5.4023314,-2.8223314,0.46766844,2.9576685,0.43766844,1.1476685,2.3476684,-0.26233155,-2.4323316,0.6576685,-0.58233154,2.3076684,5.1876683,3.2276685,-3.8223314
-3.4123316,-4.7823315,-2.5323315,-1.6223315,0.34766847,2.5476685,-0.63233155,-1.2823316,0.097668454,0.12766846,0.15766846,1.2076684,-0.39233154,1.7776685,2.0676684,-3.1623316,0.31766847,1.0276685,0.61766845,1.0676684,-4.1823316,-1.1723316,0.007668457,-0.55233157,1.6776685,1.8076684,-2.4123316,-0.56233156,-0.83233154,-0.35233155,-0.012331543,0.9076685,-2.4123316,1.8176684,-1.8023316,-2.5723314,0.75766844,-0.45233154,1.3276684,0.75766844,0.48766845
-2.9123316,-1.9223316,-1.0023315,-0.022331543,-0.16233154,-0.7223315,-0.86233157,-0.30233154,0.62766844,1.0176685,-0.082331546,0.61766845,-1.5823315,-1.3423315,-2.8323317,-1.6323315,-1.8523315,-2.4123316,-3.8723316,-4.7723317,-2.2823315,0.15766846,-0.37233153,3.8976684,0.027668457,-1.0623316,-0.81233156,-0.61233157,-4.4523315,-3.7823315,-2.3323317,-2.2123315,-2.4323316,-0.68233156,1.2576685,-1.3623315,-2.8623316,4.4976683,-1.7423315,-0.6023315,1.6676685
-0.55233157,0.44766846,0.26766846,0.35766846,-1.0923315,-0.9723315,-0.61233157,-0.45233154,-0.56233156,-0.5423315,0.027668457,-0.31233156,-1.6123315,-1.3723315,-1.9423316,-2.4823315,-1.8223315,-1.7023315,-1.2323315,-3.6723316,-2.0123315,-2.4623315,-4.4023314,-2.9023316,-2.8423316,-1.8223315,-3.5923316,-4.2723317,-5.0323315,-2.6923316,-2.7923315,-1.8123316,-0.012331543,-0.61233157,1.9976685,2.0776684,1.5776684,0.42766845,-0.052331544,0.32766846,-0.18233155
1.0976684,1.1176685,1.5876684,1.2776685,1.0576684,0.22766846,0.037668455,-1.0723315,-0.93233156,-1.0123315,-1.8423315,-2.1723316,-1.7123315,-1.8023316,-2.2523315,-1.6023315,-2.3423316,-3.6423316,-2.1023316,-2.4223316,-4.2023315,-3.4023316,-3.8123314,-3.0423315,-2.3823316,-5.4323316,-5.1123314,-3.9523315,-2.6223316,-3.0923316,-1.9423316,-1.5123315,-0.51233155,0.24766846,3.0976684,4.6176686,2.1976686,-1.2423315,-0.70233154,0.36766845,0.8976685
1.9776684,2.2576685,1.6476685,2.3276684,2.4476686,1.2476685,-0.062331542,-0.68233156,-0.99233156,-0.9123315,-1.7323315,-2.2223315,-0.6623315,-2.3023314,-1.6223315,-2.0823317,-1.2823316,-1.9923315,-2.7823315,-3.7123315,-3.3923316,-1.7823316,-3.1223316,-2.6623316,-3.7023315,-3.6023316,-3.4223316,-1.2023315,-0.47233155,-2.8223314,-2.3723316,-1.2523315,1.1076684,0.36766845,1.5476685,-0.24233155,-0.13233155,0.69766843,-0.71233153,0.027668457,-0.18233155
3.4576685,3.3276684,3.6476684,3.0576684,3.8476684,2.2376685,0.79766846,0.92766845,0.047668457,0.41766846,0.79766846,-0.44233155,-0.27233154,-0.8423315,-0.58233154,-1.7923316,-0.64233154,-1.9323316,-1.3723315,-2.1423316,-2.3223314,-2.4423316,-2.7023315,-2.9423316,-2.7023315,-4.1623316,-1.8323315,-2.4423316,-1.8223315,-3.2323315,-2.6923316,-2.6123316,-1.3723315,-1.4223316,-1.4323316,-2.6723316,-2.5123315,-1.6623316,-1.0723315,0.9076685,0.16766846
3.5976684,4.3476686,3.7176685,4.6976686,4.0876684,2.9776685,2.1176684,2.7976685,1.4676684,1.4876685,1.7776685,1.3876685,0.73766845,0.74766845,0.21766846,0.20766845,-0.43233153,-1.5023315,-0.95233154,-0.7823315,-1.2723316,-1.9823315,-2.1223316,-1.3723315,-2.5123315,-1.3323315,-2.6823316,-2.9723315,-1.8923316,-2.6423316,-2.3423316,-1.9023316,-1.3023316,-2.1523316,-1.5623316,-1.5523316,-1.6923316,-1.0623316,-1.3423315,-0.8423315,-0.38233155
4.2576685,4.537668,3.4876685,4.0476685,4.1676683,2.7876685,2.6676683,2.9576685,2.5976684,1.3476684,1.5876684,1.3676685,0.8276684,2.2976685,1.1876684,0.73766845,0.67766845,0.59766847,-1.3623315,0.087668456,-1.3823315,-1.8923316,-1.0223316,-2.0723314,-2.3323317,-2.3823316,-2.6623316,-2.0623314,-1.6723316,-2.1123316,-1.9423316,-2.0723314,-1.7623315,-1.6123315,-1.7023315,-1.5423316,-1.1723316,-0.80233157,-1.9323316,-0.57233155,1.3176684
3.1476684,4.5476685,2.7876685,4.4576683,3.4976685,2.8376684,3.4276686,2.7176685,3.0376685,0.85766846,0.7076685,2.4676685,1.8576684,-0.20233154,2.4576685,1.3976685,1.9476684,0.67766845,0.54766846,0.46766844,-1.2423315,0.19766846,-1.0923315,-0.90233153,-1.2923316,-1.6723316,-1.5823315,-1.6923316,-1.2323315,-1.5223316,-0.99233156,-1.4023316,-1.7523315,-0.46233153,-1.2323315,-1.3323315,-1.5323316,-0.83233154,-0.39233154,-0.37233153,-0.15233155
