wind_kz.json
{"header": {"discipline":0,"disciplineName":"Meteorological products","gribEdition":2,"gribLength":1025,"center":7,"centerName":"US National Weather Service - NCEP(WMC)","subcenter":0,"refTime":"2023-08-25T12:00:00.000Z","significanceOfRT":1,"significanceOfRTName":"Start of forecast","productStatus":0,"productStatusName":"Operational products","productType":1,"productTypeName":"Forecast products","productDefinitionTemplate":0,"productDefinitionTemplateName":"Analysis/forecast at horizontal level/layer at a point in time","parameterCategory":2,"parameterCategoryName":"UnknownDiscipline_0_Category_2","parameterNumber":3,"parameterNumberName":"UnknownParameter_D0_C2_3","parameterUnit":"Unknown","genProcessType":2,"genProcessTypeName":"Forecast","forecastTime":240,"surface1Type":103,"surface1TypeName":"Specified height level above ground","surface1Value":10.0,"surface2Type":255,"surface2TypeName":"Missing","surface2Value":0.0,"gridDefinitionTemplate":0,"gridDefinitionTemplateName":"Latitude_Longitude","numberPoints":615,"shape":6,"shapeName":"Earth spherical with radius of 6,371,229.0 m","gridUnits":"degrees","resolution":48,"winds":"true","scanMode":64,"nx":41,"ny":15,"basicAngle":0,"lo1":47.0,"la1":41.0,"lo2":87.0,"la2":55.0,"dx":1.0,"dy":1.0}, "data":
[rows 0 to 14 of 15, columns 0 to 40 of 41]
1.9643946,1.3443946,6.3643947,5.3643947,2.0243945,-0.015605468,4.3143945,2.7443945,1.6143945,0.98439455,0.02439453,-0.95560545,-1.4756055,-2.2156055,-4.6456056,-5.2756057,-5.3356056,-4.1656055,-5.2856054,-6.1356053,-3.7956054,-2.7256055,-2.0956054,2.0543945,4.3543944,2.1743946,1.5243945,1.0943946,2.8743944,1.8543946,-2.6656055,-3.9756055,1.9343945,-4.5456057,0.93439454,-3.8456054,-3.2156055,0.5243945,1.3843945,-2.3756056,-0.82560545
0.9543945,-2.7556055,5.6943946,5.9343944,3.8743944,2.1843946,4.1443944,3.5443945,2.2843945,1.5743946,1.2443945,1.0743946,-1.3156055,-2.3756056,-3.9056056,-4.8956056,-4.6956053,-5.2056055,-4.0356054,-4.1056056,-7.2756057,-2.3456054,-2.9056056,-2.1056054,2.7043946,1.0643945,1.2243946,0.45439452,-1.5556054,0.85439456,3.9743946,-0.38560545,1.4943945,0.06439453,-1.0356054,0.6443945,2.4743946,0.31439453,0.29439452,2.1843946,1.1043946
-2.6856055,3.3543944,4.5943947,5.4643946,2.9343946,4.7343946,4.0243945,3.5043945,3.5943944,2.8143945,1.2243946,0.30439454,-1.1456054,-1.5056055,-3.5756054,-4.2756057,-5.3956056,-6.8256054,-6.8856053,-3.0456054,-3.7656054,-6.6256056,-4.8056054,-2.5756054,-3.4456055,-1.3456055,-2.5856054,-3.4756055,-0.45560548,-2.1856055,-1.0856055,-1.1356055,-2.3456054,0.18439454,0.56439453,-1.4856055,0.5143945,-2.8956056,-2.8256054,1.6443945,-0.24560547
2.2943945,1.5243945,4.2643948,4.7643948,6.2443943,6.2143946,5.2643948,4.1843944,2.7143946,3.6643946,2.9943945,-0.7856055,-3.3756056,-5.5456057,-4.1256056,-2.2556055,-3.7856054,-4.9756055,-6.6956053,-6.6256056,-5.5556054,-3.9956055,-1.9556055,-3.5356054,-3.3656054,-3.8056054,-3.8656054,-3.6056054,-3.7756054,-5.1356053,-7.4056053,-5.4856052,2.6843946,1.7843945,0.44439453,0.54439455,-1.0156054,1.1043946,-2.2256055,-2.6156054,-3.7756054
3.5943944,2.2643945,3.6143944,4.6643944,-0.48560548,5.1043944,5.3443947,4.8543944,3.7343946,4.0343947,4.4543943,3.3243945,1.8843945,-2.0956054,-3.9156055,-1.9556055,-2.9656055,-3.8556054,-4.5356054,-4.6956053,-3.5056055,-4.1556053,-3.5656054,-3.1456056,-1.4556055,-3.2656054,-3.3756056,-5.8356056,-3.8256054,-5.1356053,-6.0656056,-5.9456053,-2.7556055,-1.6656054,0.6943945,3.0443945,-5.7856054,0.5143945,0.36439455,-0.87560546,-1.7656054
4.6143947,6.1643944,4.0043945,3.2243946,0.19439453,-2.3656054,1.0343945,5.9243946,5.6143947,3.9443946,3.7943945,5.2943945,3.4443946,1.3143945,-1.6656054,0.19439453,-1.5556054,-2.8056054,-3.0556054,-2.6556056,-2.6056054,-2.9556055,-3.6656055,-2.9056056,-2.3556054,-0.42560548,-0.7156055,-3.5956054,-4.0856056,-4.4156055,-4.4556055,-3.9656055,-4.7156053,-2.8356054,-3.3156054,-1.6556054,-2.5356054,-4.4156055,1.3643945,0.68439454,-1.6056055
2.8643944,1.6243945,6.7843947,7.0643945,5.9043946,5.7043943,5.0043945,6.6943946,6.3843946,5.6443944,4.4943943,4.3543944,4.5443945,4.4843946,2.7343946,0.93439454,-1.5356054,-1.8956054,-2.4956055,-2.2756054,-2.6656055,-1.9556055,-2.3556054,-2.4756055,-2.1156054,-1.9156054,-1.2856054,-2.3756056,-2.0556054,-4.1256056,-4.6156054,-5.2856054,-4.8856053,-3.3456054,-2.4656055,-0.74560547,1.2943945,0.62439454,-0.27560547,1.7043946,-3.8456054
3.8143945,3.9443946,3.1243944,5.7843947,4.4043946,3.8643944,4.6243944,5.0643945,6.3143945,6.6243944,5.1343946,4.1043944,3.9543946,2.6243944,0.99439454,-0.37560546,-3.6656055,-2.4856055,-2.7556055,-1.0056055,-2.6156054,-2.7256055,0.034394532,-0.46560547,-1.9256054,-2.6556056,-2.7556055,-2.8056054,-3.5656054,-4.2556057,-2.7756054,-5.5556054,-4.8656054,-2.1156054,-3.1356056,-3.9856055,-3.8056054,-1.5156054,-1.2056055,-0.45560548,-2.0456054
4.5243945,3.2843945,4.9643946,4.6043944,4.6943946,4.2643948,4.5543947,5.2143946,5.4943943,6.1643944,4.6343946,3.1143944,1.6243945,1.3743945,-0.23560546,-1.6556054,-1.1256055,-1.8456055,-0.8556055,-0.21560547,-2.2456055,-2.1156054,-2.6356056,-1.2456055,-1.1956055,-0.83560544,-1.2456055,-1.4556055,-1.0756055,-1.8356055,-2.2156055,-1.8656055,-2.4556055,-1.8056054,-3.1156054,-3.4856055,-2.1956055,1.4543946,1.6943946,0.25439453,1.5243945
6.0143948,5.3843946,4.5243945,5.1043944,5.2143946,4.7043943,4.6443944,4.4243946,4.5343947,3.9443946,3.2843945,2.5143945,0.60439456,0.99439454,-0.08560547,-3.7756054,-2.6656055,1.7143946,-0.41560546,-2.5656054,-0.6756055,-1.3656055,-3.3156054,-0.24560547,-1.0256054,-0.8456055,0.014394531,0.12439453,0.14439453,-0.5456055,-2.0656054,-0.7256055,-1.8456055,-1.8156055,-1.0756055,-2.1056054,-1.6256055,-1.2856054,-0.35560548,1.2443945,0.24439453
5.4043946,5.4743943,5.3943944,5.3443947,4.6643944,4.6343946,4.6343946,4.7643948,4.5543947,3.4043946,2.7843945,1.1843945,2.0143945,1.2543945,1.1443945,-2.4456055,-2.2556055,-2.1756055,1.5243945,-0.83560544,-0.7156055,2.2343946,-0.44560546,-1.9356055,-1.3556055,0.29439452,-0.9256055,-0.40560547,-1.7156055,-2.6556056,-3.1856055,-2.9456055,-0.34560546,-0.99560547,1.1643945,-2.4756055,0.6443945,-1.3856055,-2.6356056,-0.64560544,0.034394532
6.9443946,6.9343944,6.6943946,6.0643945,5.5243945,5.2143946,4.6043944,4.2543945,4.1043944,3.6943946,2.5843945,1.5943946,2.5443945,2.2843945,0.8343945,0.27439454,1.2443945,0.46439454,2.0843945,0.86439455,0.27439454,-0.6556055,-0.35560548,-0.63560545,-0.015605468,-1.0156054,-1.4056054,-0.5356055,-3.2056055,-1.2356055,-0.70560545,-1.5656055,-0.7856055,-1.4456055,-1.0856055,-1.9856055,-2.6556056,0.74439454,-0.27560547,-1.6056055,-1.6456054
4.9243946,5.9543943,3.1943946,4.1043944,4.4943943,4.2743945,4.4843946,4.9443946,5.4443946,3.9643946,1.7443945,0.54439455,-0.27560547,-1.0856055,0.45439452,-0.99560547,-0.9856055,-0.43560547,-0.8556055,1.3343946,0.08439453,1.0643945,-0.19560547,0.18439454,-0.93560547,-1.2256055,-1.0756055,-1.5456054,1.2343946,0.45439452,-0.25560546,-0.56560546,-0.7156055,1.2343946,0.67439455,1.4743946,-0.58560544,-1.3256055,-0.6056055,-0.75560546,0.54439455
2.6043944,3.7043946,1.1343945,2.5043945,3.2043946,5.4843946,5.9043946,5.5743947,4.5643945,2.7543945,3.1643946,1.2043946,0.45439452,0.73439455,2.5043945,1.7543945,0.61439455,0.094394535,0.7743945,1.8543946,1.2243946,3.2443945,-0.31560546,-0.30560547,0.5243945,0.16439453,-0.17560548,-1.8056054,0.02439453,0.07439453,0.8343945,1.1943946,0.5943945,-0.62560546,1.1343945,2.9843946,1.9243945,-0.24560547,0.35439453,1.0943946,-1.6456054
1.3143945,1.8743945,2.9643946,1.4043945,4.6143947,3.7943945,2.0043945,3.0043945,3.1843946,3.0743945,2.3143945,3.4843946,0.73439455,-0.20560546,3.3543944,2.4443946,2.1343946,1.2543945,0.6343945,0.79439455,0.5943945,0.9043945,0.8943945,0.10439453,-0.49560547,1.7443945,0.19439453,0.38439453,0.9043945,0.86439455,0.5243945,1.3343946,2.1943946,0.32439452,1.3843945,0.36439455,1.6043946,2.2543945,-0.63560545,1.9143945,0.33439454
