wind_kz.json
{"header": {"discipline":0,"disciplineName":"Meteorological products","gribEdition":2,"gribLength":871,"center":7,"centerName":"US National Weather Service - NCEP(WMC)","subcenter":0,"refTime":"2023-09-09T06:00:00.000Z","significanceOfRT":1,"significanceOfRTName":"Start of forecast","productStatus":0,"productStatusName":"Operational products","productType":1,"productTypeName":"Forecast products","productDefinitionTemplate":0,"productDefinitionTemplateName":"Analysis/forecast at horizontal level/layer at a point in time","parameterCategory":0,"parameterCategoryName":"UnknownDiscipline_0_Category_0","parameterNumber":0,"parameterNumberName":"UnknownParameter_D0_C0_0","parameterUnit":"Unknown","genProcessType":2,"genProcessTypeName":"Forecast","forecastTime":180,"surface1Type":1,"surface1TypeName":"Ground or water surface","surface1Value":0.0,"surface2Type":255,"surface2TypeName":"Missing","surface2Value":0.0,"gridDefinitionTemplate":0,"gridDefinitionTemplateName":"Latitude_Longitude","numberPoints":615,"shape":6,"shapeName":"Earth spherical with radius of 6,371,229.0 m","gridUnits":"degrees","resolution":48,"winds":"true","scanMode":64,"nx":41,"ny":15,"basicAngle":0,"lo1":47.0,"la1":41.0,"lo2":87.0,"la2":55.0,"dx":1.0,"dy":1.0}, "data":
[rows 0 to 14 of 15, columns 0 to 40 of 41]
293.42255,285.02255,287.52255,297.32257,297.32257,296.22256,296.62256,299.12256,297.52255,298.62256,298.02255,298.92255,297.92255,297.72256,296.22256,294.12256,294.12256,293.52255,292.32257,292.72256,294.32257,289.82257,288.02255,285.72256,288.62256,290.42255,287.72256,276.42255,277.22256,277.32257,277.72256,278.82257,288.82257,294.12256,297.52255,295.42255,296.22256,297.32257,298.32257,296.02255,295.22256
272.42255,290.72256,296.92255,297.12256,296.82257,295.12256,294.72256,294.22256,294.22256,295.22256,296.62256,296.02255,293.92255,293.42255,293.62256,294.22256,292.72256,291.82257,290.82257,290.02255,290.02255,290.82257,289.32257,283.52255,275.12256,275.82257,283.82257,277.12256,276.12256,272.92255,278.22256,271.82257,280.32257,262.12256,279.22256,294.22256,293.82257,294.82257,298.92255,290.62256,284.12256
289.72256,296.62256,297.32257,296.82257,294.52255,292.72256,291.92255,291.72256,291.22256,292.32257,292.92255,293.92255,295.52255,292.22256,296.12256,296.62256,292.72256,290.42255,289.52255,288.82257,289.92255,292.12256,293.82257,286.72256,289.32257,287.32257,287.32257,287.32257,285.92255,279.22256,275.12256,275.82257,278.82257,279.52255,283.02255,282.42255,277.92255,278.32257,281.02255,278.32257,277.22256
289.72256,295.72256,296.82257,295.82257,293.02255,290.62256,291.12256,289.52255,290.42255,290.72256,291.62256,292.12256,293.32257,292.82257,293.62256,293.42255,296.02255,292.62256,291.82257,289.52255,289.52255,284.22256,290.02255,290.42255,290.72256,291.32257,290.62256,289.02255,287.42255,286.72256,288.32257,286.92255,292.02255,289.92255,287.52255,283.72256,276.12256,274.82257,279.22256,285.92255,292.32257
292.12256,293.52255,294.72256,293.22256,292.02255,289.72256,290.42255,289.92255,289.52255,290.12256,290.72256,290.62256,292.42255,291.12256,289.52255,292.82257,292.52255,292.02255,289.52255,291.32257,290.82257,291.02255,289.42255,288.92255,288.22256,288.02255,287.92255,289.02255,286.62256,288.42255,290.72256,286.82257,276.72256,270.12256,280.52255,289.62256,292.62256,292.62256,294.72256,295.72256,294.62256
291.72256,288.02255,292.82257,292.32257,292.92255,291.92255,290.62256,292.12256,290.12256,289.62256,290.32257,290.42255,291.82257,292.42255,291.02255,293.12256,293.42255,291.22256,292.52255,291.62256,290.52255,289.62256,288.02255,288.12256,286.82257,286.22256,287.32257,290.52255,289.32257,290.32257,287.02255,289.52255,286.72256,285.32257,285.02255,288.82257,280.92255,283.92255,290.92255,294.32257,293.02255
290.72256,290.42255,293.02255,292.32257,291.42255,290.02255,291.82257,291.42255,291.92255,292.02255,290.32257,291.92255,289.32257,289.32257,290.72256,292.32257,293.82257,294.62256,294.22256,291.82257,290.62256,290.42255,289.12256,289.22256,287.42255,286.52255,286.12256,287.32257,287.32257,287.72256,287.22256,287.02255,288.12256,288.12256,287.82257,285.52255,280.62256,278.32257,276.12256,275.02255,286.72256
291.82257,290.82257,291.92255,291.42255,291.52255,290.92255,290.42255,288.92255,288.12256,288.02255,287.72256,287.72256,286.92255,288.32257,289.72256,290.22256,290.02255,290.72256,291.22256,288.72256,288.92255,289.22256,289.52255,287.72256,288.62256,280.92255,282.02255,282.92255,282.62256,283.92255,283.72256,286.02255,284.42255,281.92255,280.62256,285.22256,286.62256,289.02255,285.12256,286.82257,283.42255
289.62256,289.62256,290.92255,288.12256,289.62256,288.42255,287.22256,287.22256,287.02255,287.02255,286.82257,287.12256,286.72256,287.82257,287.52255,288.82257,288.12256,288.32257,288.12256,288.32257,286.12256,286.22256,286.82257,286.22256,283.92255,285.72256,284.52255,283.62256,280.72256,278.82257,280.52255,280.32257,285.62256,283.32257,282.22256,280.82257,282.32257,284.82257,269.12256,270.12256,268.72256
291.72256,292.12256,289.22256,288.22256,288.82257,288.12256,286.42255,285.02255,284.52255,284.22256,284.22256,285.82257,286.52255,286.02255,285.82257,285.92255,286.32257,286.52255,287.02255,287.62256,285.82257,285.52255,285.22256,282.12256,282.32257,281.02255,282.02255,282.02255,283.12256,283.42255,282.12256,282.92255,284.12256,284.42255,282.22256,281.62256,281.22256,276.52255,272.32257,275.12256,271.62256
288.42255,289.62256,291.22256,289.22256,288.72256,286.32257,289.82257,286.52255,285.22256,284.52255,283.22256,282.72256,284.82257,285.02255,284.62256,285.62256,284.02255,284.02255,284.02255,283.42255,285.32257,282.82257,282.02255,282.02255,281.02255,280.72256,279.32257,281.12256,283.02255,286.52255,287.52255,285.02255,284.52255,284.72256,285.02255,282.32257,278.12256,278.12256,274.82257,275.82257,273.72256
289.12256,289.72256,288.32257,286.32257,285.82257,287.62256,286.92255,286.92255,285.72256,285.52255,280.92255,281.62256,282.72256,281.92255,282.22256,282.02255,281.92255,282.12256,282.12256,281.92255,281.22256,281.02255,280.62256,280.72256,280.02255,281.92255,283.82257,282.92255,284.02255,286.42255,286.22256,285.62256,284.42255,284.02255,284.52255,284.12256,284.52255,283.92255,281.02255,283.32257,281.72256
287.52255,288.32257,285.32257,288.62256,286.12256,284.82257,284.72256,287.72256,286.72256,282.12256,279.32257,278.72256,281.12256,280.42255,281.02255,281.32257,284.62256,281.12256,282.02255,280.62256,280.72256,279.22256,279.32257,281.72256,280.72256,284.22256,284.62256,283.92255,283.22256,281.62256,282.82257,284.62256,285.42255,285.82257,282.92255,282.52255,281.72256,285.52255,281.82257,281.92255,282.72256
288.02255,288.42255,288.32257,289.02255,285.12256,285.92255,287.52255,283.52255,282.12256,281.12256,279.62256,279.02255,281.32257,279.72256,280.22256,283.32257,282.72256,283.92255,284.32257,284.12256,283.92255,281.72256,282.42255,282.12256,282.72256,283.52255,283.42255,284.12256,284.22256,284.82257,281.92255,284.92255,282.52255,283.52255,284.32257,283.22256,282.62256,280.92255,283.12256,281.42255,280.82257
287.42255,288.42255,288.32257,286.52255,284.62256,282.82257,283.12256,282.12256,285.72256,282.12256,282.82257,278.92255,278.92255,279.22256,279.52255,280.92255,281.92255,281.82257,281.82257,281.82257,281.72256,283.62256,283.92255,283.92255,284.22256,282.22256,282.72256,284.32257,285.12256,284.52255,284.62256,283.22256,282.02255,281.52255,281.12256,280.52255,280.32257,280.02255,280.42255,281.52255,281.92255
