wind_kz.json
{"header": {"discipline":0,"disciplineName":"Meteorological products","gribEdition":2,"gribLength":1025,"center":7,"centerName":"US National Weather Service - NCEP(WMC)","subcenter":0,"refTime":"2023-09-08T12:00:00.000Z","significanceOfRT":1,"significanceOfRTName":"Start of forecast","productStatus":0,"productStatusName":"Operational products","productType":1,"productTypeName":"Forecast products","productDefinitionTemplate":0,"productDefinitionTemplateName":"Analysis/forecast at horizontal level/layer at a point in time","parameterCategory":2,"parameterCategoryName":"UnknownDiscipline_0_Category_2","parameterNumber":2,"parameterNumberName":"UnknownParameter_D0_C2_2","parameterUnit":"Unknown","genProcessType":2,"genProcessTypeName":"Forecast","forecastTime":120,"surface1Type":103,"surface1TypeName":"Specified height level above ground","surface1Value":10.0,"surface2Type":255,"surface2TypeName":"Missing","surface2Value":0.0,"gridDefinitionTemplate":0,"gridDefinitionTemplateName":"Latitude_Longitude","numberPoints":615,"shape":6,"shapeName":"Earth spherical with radius of 6,371,229.0 m","gridUnits":"degrees","resolution":48,"winds":"true","scanMode":64,"nx":41,"ny":15,"basicAngle":0,"lo1":47.0,"la1":41.0,"lo2":87.0,"la2":55.0,"dx":1.0,"dy":1.0}, "data":
[rows 0 to 14 of 15, columns 0 to 40 of 41]
0.1399176,1.3199176,0.4099176,1.5399176,0.9399176,4.1299176,5.2499175,5.1399174,0.4499176,-3.0500824,-3.6700823,-4.3700824,-4.9200826,-5.8300824,-5.9900823,-6.0100822,-4.8100824,-6.840082,-7.8800826,-6.6300826,-3.8900824,-0.7400824,2.0799177,3.1199176,2.5999177,3.2399175,4.0099177,4.659918,3.6499176,2.9399176,3.2399175,1.6199176,-2.6800823,-2.8200824,-3.6100824,-2.4300823,-2.5300825,-1.5200824,-2.8600824,-3.6100824,-3.9700823
1.4299176,-0.6500824,-3.6400824,-0.9700824,0.3399176,-0.5300824,-4.2300825,-4.4900823,-6.030082,-6.9200826,-6.2400823,-5.050082,-4.8900824,-2.5000825,-6.280082,-6.4800825,-4.320082,-5.4000826,-5.4400826,-4.2100825,-2.4700823,-1.6200824,-0.1900824,1.6999176,2.2299175,-0.020082397,0.8299176,3.4699175,1.4199176,2.0399177,0.6899176,0.029917603,1.1099176,-0.88008237,-0.8700824,-4.4300823,-2.1000824,-3.5100825,-1.7200824,1.3299176,-6.4600825
-4.530082,-3.5100825,-3.1000824,-4.1100826,-1.7700824,-3.5900824,-8.500082,-9.410083,-8.460082,-7.570082,-7.7200823,-7.090082,-7.0400825,-5.3300824,-4.9400826,-4.090082,-4.070082,-3.3800824,-2.7900825,-1.6700824,-0.3400824,-0.1500824,-2.3300824,-4.9500823,-2.1200824,-2.3000824,-1.7100824,1.1299176,4.4999175,-0.5400824,-0.1800824,-2.7500825,-0.1600824,0.9999176,-5.050082,-0.8300824,0.3399176,-1.5300823,3.4899175,4.1399174,3.1099176
-4.570082,-1.8900824,-3.5900824,-5.4100823,-6.0100822,-2.7100823,-2.0300825,-8.200083,-9.600082,-8.180082,-7.6600823,-8.020082,-7.030082,-4.2900825,-4.7400823,-4.6900826,-3.1300824,-3.9700823,-4.0800824,-2.4400823,-2.3800824,-4.590082,0.029917603,-0.6700824,0.069917604,0.6699176,0.8599176,3.2599175,-1.4000823,-0.3400824,1.3799176,4.0299177,6.3999176,4.969918,3.2299175,2.8799176,1.1299176,2.4799175,-0.3200824,-1.8000824,-1.4700824
-3.0100825,-0.8100824,-2.8900824,-2.8600824,-6.5400825,-6.4600825,-4.6100826,-6.2100825,-7.6000824,-7.1700826,-6.550082,-3.7200823,-3.3300824,0.1099176,4.199918,-1.9600824,-3.0700824,-3.2000823,-2.3000824,-1.8000824,-1.8500824,-0.2100824,0.18991761,1.4999176,3.2499175,3.6699176,3.7699175,-2.2300825,3.4899175,3.0099175,1.0299176,2.8399177,2.3199177,3.6299176,-3.8900824,-2.3400824,4.4899178,-2.1100824,-1.6200824,1.4599175,-0.6800824
-0.1300824,0.4199176,-1.0600824,-2.4400823,-1.9200824,-1.8000824,-6.2100825,-2.0600824,-2.7500825,-3.1200824,-1.2600824,1.7799176,2.8499177,1.2599176,1.0999177,0.3899176,-0.3600824,-0.17008239,-0.2500824,-0.020082397,0.3999176,0.4899176,1.9199176,2.8299177,3.2499175,4.0499177,4.7999177,-0.9800824,2.5999177,2.7699175,2.8999176,2.5499177,1.9699177,1.7599176,-2.8000824,2.4199176,0.3099176,2.4599175,6.9399176,2.9199176,3.3099177
-1.6600823,1.8599176,1.9399176,-4.8900824,-0.9700824,0.3399176,-2.5300825,-2.5300825,-0.49008238,0.7399176,-0.8100824,0.7099176,0.4999176,0.0899176,-0.9400824,-1.0800824,-0.2600824,-0.4200824,-0.1900824,1.4799176,1.6299176,1.7299176,1.9799176,2.8199177,3.9399176,5.3299174,5.3199177,6.4999175,1.2199177,3.2699175,2.9999175,4.9799175,2.8799176,3.1099176,1.8699176,2.0199175,3.2499175,1.1599176,4.1699176,-0.4500824,-2.7100823
1.2199177,0.9099176,0.059917603,0.6999176,-1.5000824,-2.1700823,-2.1400824,-1.6000824,-1.9200824,-2.3500824,0.2399176,1.2799176,-1.4500824,0.18991761,-0.4700824,0.3699176,0.3799176,1.9899176,2.0299177,1.9499176,2.2399175,2.4199176,2.0299177,2.4199176,3.9899175,5.1299176,5.8499174,6.6699176,6.5899177,4.8399177,4.7299175,6.5799174,4.5199175,5.5699177,5.409918,5.699918,3.7399175,-0.4500824,2.9299176,3.4399176,3.5799177
1.1999176,-0.2300824,1.8999176,-0.5300824,0.5699176,-2.3200824,-2.4100823,-2.0400825,-2.1400824,-1.3900824,-0.5600824,-0.7800824,0.15991761,0.4199176,-0.2300824,1.7999176,1.8999176,0.8999176,1.7499176,2.5599177,4.4199176,2.5299177,2.8699176,3.2599175,4.8899174,5.9199176,6.2699175,6.2799177,6.2799177,6.7999177,6.6299176,6.6499176,5.5999174,5.5999174,7.1199174,5.219918,3.9999175,0.3999176,0.9399176,0.6399176,1.3099176
3.4899175,0.5199176,0.5199176,0.5499176,-1.7200824,-2.1300824,-3.1400824,-2.1700823,-0.9000824,0.2799176,0.8899176,2.6299176,0.6299176,0.6499176,-2.3400824,0.5899176,1.5499176,2.9399176,1.7799176,3.7499175,4.8599176,4.2599177,6.0999174,5.5599174,5.8199177,3.8299177,5.699918,6.8999176,7.929918,8.009917,7.469918,6.5999174,6.469918,6.2099175,4.9199176,2.9299176,2.7499175,0.1699176,1.5699176,1.5999177,1.9599175
-0.8300824,1.1699176,0.8199176,-1.2400824,-2.1800823,-2.2700825,-3.6800823,-2.1700823,0.1099176,1.3099176,0.4299176,1.6299176,0.8599176,0.61991763,0.25991762,1.5099176,1.5299176,1.4099176,1.4299176,1.7899176,3.5799177,4.2099175,5.0799174,4.8799176,5.1499176,5.5099177,6.9399176,7.659918,7.8099174,7.2299175,7.2799177,7.0799174,4.8999176,4.5999174,3.5499177,4.0299177,1.4799176,0.8199176,2.3699176,2.6099176,0.8799176
-2.9200823,-0.7300824,0.029917603,-2.1200824,-0.9100824,-1.8600824,-1.9400824,0.5299176,0.5899176,1.5399176,1.0999177,-0.1200824,0.3399176,0.5099176,0.0899176,2.7799177,0.7499176,0.8199176,2.0699177,3.4799175,4.8699174,5.4199176,5.7599177,5.5799174,5.9599175,6.5399175,7.2299175,8.609918,8.919918,8.449918,7.2399178,6.0799174,4.3899174,5.9899178,3.1699176,2.8299177,3.5099175,3.9699175,-2.7100823,-1.1800824,0.9999176
-3.2200823,-4.070082,-1.5600824,-2.3800824,-3.1100824,-1.9100823,-1.7300824,-1.4900824,-0.8500824,0.5299176,1.0499176,-0.3500824,0.2999176,1.2399176,2.1299176,-0.8700824,1.4999176,2.4899175,2.6899176,3.3399177,3.1299176,4.0199175,4.0299177,4.9399176,5.219918,5.7799177,7.0199175,7.3199177,7.179918,5.9999175,5.5399175,4.3399177,3.0799177,3.1299176,3.1699176,5.1499176,2.1599176,2.0599177,4.2599177,1.4799176,-0.4400824
-3.4900825,-4.7500825,-4.4900823,-3.8400824,-1.9000823,0.8099176,-2.1400824,-0.2300824,1.0999177,0.9499176,0.8999176,0.9899176,0.2099176,0.5299176,-1.4000823,1.4499176,2.3599176,2.6999176,2.7599175,2.6599176,3.0299177,3.6699176,2.6699176,2.9199176,3.4299176,3.5399177,3.0699177,3.4599175,2.5999177,3.2099175,3.0299177,1.7899176,1.8199176,0.15991761,0.5399176,2.0599177,0.7599176,1.1799176,-0.4500824,-0.2500824,-0.7400824
-2.5100825,-3.9900825,-2.8200824,-2.3700824,-0.4200824,-1.0100824,0.099917606,1.7299176,2.1699176,1.2299176,0.2799176,0.5799176,-0.5700824,1.8199176,0.5599176,0.6499176,1.2899176,2.2499175,1.2799176,1.2499176,1.1199176,0.019917602,0.18991761,0.5399176,0.4199176,1.2099175,0.9299176,0.5399176,0.059917603,-1.0000824,-2.3300824,-1.8800824,-3.7300825,-2.2600825,-1.5800824,-0.3900824,0.5999176,-0.9400824,-0.2100824,-0.3700824,-1.1000824
