wind_kz.json
{"header": {"discipline":0,"disciplineName":"Meteorological products","gribEdition":2,"gribLength":1025,"center":7,"centerName":"US National Weather Service - NCEP(WMC)","subcenter":0,"refTime":"2024-04-09T12:00:00.000Z","significanceOfRT":1,"significanceOfRTName":"Start of forecast","productStatus":0,"productStatusName":"Operational products","productType":1,"productTypeName":"Forecast products","productDefinitionTemplate":0,"productDefinitionTemplateName":"Analysis/forecast at horizontal level/layer at a point in time","parameterCategory":2,"parameterCategoryName":"UnknownDiscipline_0_Category_2","parameterNumber":3,"parameterNumberName":"UnknownParameter_D0_C2_3","parameterUnit":"Unknown","genProcessType":2,"genProcessTypeName":"Forecast","forecastTime":120,"surface1Type":103,"surface1TypeName":"Specified height level above ground","surface1Value":10.0,"surface2Type":255,"surface2TypeName":"Missing","surface2Value":0.0,"gridDefinitionTemplate":0,"gridDefinitionTemplateName":"Latitude_Longitude","numberPoints":615,"shape":6,"shapeName":"Earth spherical with radius of 6,371,229.0 m","gridUnits":"degrees","resolution":48,"winds":"true","scanMode":64,"nx":41,"ny":15,"basicAngle":0,"lo1":47.0,"la1":41.0,"lo2":87.0,"la2":55.0,"dx":1.0,"dy":1.0}, "data":
[rows 0 to 14 of 15, columns 0 to 40 of 41]
1.4543586,0.8343585,-1.6156415,1.2643585,2.7743585,1.0843586,-0.4756415,-3.0856414,0.05435852,0.6043585,-1.6456414,-2.9256415,-4.0256414,-3.1556416,1.7743585,5.2343583,-0.3156415,-0.7856415,-0.2556415,1.3043585,-1.2556415,0.74435854,-3.1156416,1.8543586,2.9243586,2.5743585,1.3243585,1.3943585,0.22435851,5.7943587,0.50435853,1.5243585,-0.5456415,2.1143584,-0.015641479,1.1343585,1.7243586,0.67435855,-2.1756415,2.6943586,0.93435854
-1.5856415,-1.0156415,-0.5956415,1.4643586,1.7143586,1.2943585,-1.4156414,-1.9456415,-2.1056414,-3.0256414,-1.5456414,-0.12564148,-2.8456414,-1.3656415,5.7343583,4.4643583,0.7143585,-0.51564145,0.38435853,0.08435852,0.04435852,0.5843585,-0.57564145,-0.81564146,0.87435853,1.3143585,1.7943585,2.3543584,-1.0256414,-1.2256415,-1.1056415,-0.20564148,-0.8356415,0.04435852,-3.1056414,2.8543584,1.7943585,2.1743586,1.6243585,-2.2456415,-0.7256415
-3.6556416,0.5343585,-2.4856415,-0.06564148,1.7143586,0.5443585,1.0543585,-1.6156415,-1.8756415,-3.3256414,-3.7856414,-3.0856414,-1.4656415,-2.4556415,-1.0156415,0.03435852,0.6643585,-2.0256414,-1.2456415,-0.4456415,-0.3856415,-0.9856415,0.47435853,1.5043585,-1.6756415,2.0043585,0.24435852,-3.2756414,0.0143585205,-1.0656415,-2.1856415,-2.8456414,-3.0856414,-1.0556415,-0.4756415,-1.8456415,-1.1056415,-6.3856416,1.0443585,1.7343585,1.0443585
-5.4356413,-4.3956413,-2.7556415,-2.7056415,0.74435854,1.2543585,-3.5556414,-4.3156414,-8.905642,-3.1156416,-1.5556415,-0.2556415,0.5943585,-0.45564148,-2.4756415,0.3343585,0.3343585,0.17435852,-0.04564148,0.24435852,0.5343585,2.1743586,-2.0056415,2.7743585,1.5443585,1.2543585,3.3043585,3.4243586,-1.1756415,-4.3656416,-4.6156416,-5.3756413,1.9643586,1.9143585,0.8843585,1.2143586,1.1643585,0.7843585,-2.1556416,-2.5856414,-2.6656415
0.38435853,-0.3156415,-1.4156414,-2.8756416,-5.8256416,-4.0356417,-2.2156415,-0.14564148,-2.4956415,-4.3956413,-4.2656417,-1.3556415,4.7743587,3.4743586,1.7943585,0.15435852,0.50435853,-0.0056414795,0.44435853,1.2343585,-0.5456415,-0.4456415,-0.57564145,-1.4856415,-1.1556414,0.47435853,-0.015641479,1.9243585,-0.48564148,-0.49564147,-1.1456414,0.37435853,-0.08564148,1.3743585,-0.08564148,0.7843585,0.4643585,-0.16564149,-1.7656415,-1.9556415,-1.7556415
-2.4456415,-0.14564148,3.1943586,0.99435854,-1.8956414,-2.4756415,-5.8956413,-6.6456413,-6.4156413,-4.5156417,0.29435852,-1.6856415,0.9143585,6.1243587,3.7343585,-0.09564148,1.3943585,0.98435855,1.3143585,0.93435854,0.67435855,-1.3656415,-4.1956415,-2.7656415,-0.43564147,1.5743585,0.15435852,2.3643584,2.1143584,0.3343585,-0.8056415,-0.5356415,-0.87564147,0.8943585,-1.3456415,3.8943586,0.4043585,-1.8756415,2.6343584,0.7743585,-0.9056415
-3.7656415,-0.9756415,-2.4456415,-2.8556414,-3.5556414,-5.5956416,-6.4256415,-7.2356415,-6.7056413,-6.2956414,-5.5956416,-3.0856414,-0.62564147,0.5243585,-1.0156415,4.5943584,0.8543585,0.98435855,1.3243585,0.24435852,2.0043585,1.1243585,-2.2256415,-2.5756414,-1.8856415,0.12435852,-1.1056415,0.8343585,1.0843586,2.2043586,2.0343585,3.3143585,4.6843586,2.7943585,1.4943585,1.2543585,-1.8856415,0.20435852,-0.42564148,-0.13564149,3.8443584
-4.7956414,-4.1556416,-4.3956413,-4.1956415,-3.7556415,-6.4756413,-6.6856413,-6.7156415,-5.6256413,-5.1056414,-6.4256415,-4.8456416,-6.2856417,1.0343585,-0.8556415,-5.1356416,2.1443586,-1.9256415,1.5943586,1.8343586,0.6443585,1.3743585,1.8743585,0.15435852,-0.40564147,-1.1156415,1.8343586,2.4443586,1.8743585,3.6443586,2.6043584,2.8243585,4.0043583,4.7643585,1.4943585,0.24435852,1.6843585,0.11435852,-0.9156415,0.32435852,-1.5956415
-2.9756415,-3.7856414,-4.8856416,-5.4756413,-5.5456414,-5.6156416,-6.2156415,-5.9256415,-6.1456413,-7.3656416,-5.8356414,-4.7156415,-6.8556414,-3.5756414,-0.74564147,0.7643585,-0.50564146,-0.9056415,1.5843586,-0.6056415,1.2643585,0.68435854,2.7343585,4.0643587,2.5143585,2.7043586,2.2043586,2.5943584,3.5843585,2.5843585,4.4643583,4.2143583,3.2543585,4.3143587,5.4243584,5.8743587,-0.08564148,1.9343585,2.6643586,1.8643585,-0.7856415
-1.7656415,-3.3656416,-4.5356417,-5.0356417,-5.0656414,-5.2456417,-5.2156415,-5.3356414,-5.5556417,-5.6556416,-5.5556417,-5.4356413,-6.2656417,-6.3856416,-6.8456416,-7.3656416,-4.0656414,-4.1256413,-0.23564148,-1.3956414,2.4743586,0.5743585,0.0143585205,2.3043585,4.4343586,3.4943585,4.5243587,2.9643586,4.6443586,3.7943585,2.2843585,0.32435852,3.4543586,3.9643586,5.8443584,6.1343584,1.1343585,-1.9956415,1.7543585,3.7443585,3.2343585
-2.7356415,-3.4456415,-3.7056415,-4.5556417,-4.2756414,-4.9156413,-6.3156414,-5.9956417,-4.8356414,-5.5456414,-4.7456417,-4.1956415,-4.7956414,-4.4756413,-6.1456413,-6.4656415,-7.9756413,-8.305641,-8.835642,-7.0456414,-0.17564148,0.2743585,-0.26564148,-2.0956414,2.0443585,3.5643585,4.4343586,3.1143584,3.0043585,3.3543584,3.0343585,1.0943586,1.5243585,4.1343584,6.0843587,5.4843583,1.6843585,2.8243585,2.5543585,1.4643586,0.7743585
-1.9256415,-3.9556415,-3.5956414,-4.0256414,-4.3956413,-4.5656414,-4.8156414,-5.3656416,-5.6056414,-5.7156415,-3.4356415,-1.7356415,-2.2656415,-2.8956416,-4.9656415,-5.4356413,-5.8956413,-6.7356415,-7.1456413,-7.4856415,-7.1756415,-6.5056415,-3.4056416,1.2243586,1.6543585,-0.99564147,2.4043586,2.7143586,1.8143585,4.3243585,3.0743585,3.5843585,3.8043585,4.1843586,4.7443585,5.1443586,2.7343585,-1.2056415,-0.12564148,0.87435853,-0.15564148
-1.3256415,-2.2956414,-3.4656415,-2.9056416,-3.5156415,-3.2656415,-4.1756415,-5.1656413,-6.4156413,-5.8856416,-3.1756415,-1.5456414,-2.5856414,-4.3156414,-4.9656415,-6.2756414,-6.3756413,-6.2356415,-6.7956414,-6.8556414,-7.5556417,-6.9256415,-7.0356417,-1.4656415,0.7943585,1.4143585,0.8343585,-3.5956414,3.0743585,3.7943585,2.9743586,4.2343583,5.0843587,5.9943585,5.8743587,5.4943585,4.1443586,1.7943585,2.8143585,2.2643585,0.87435853
-0.37564147,-1.5756415,-0.9256415,-2.7356415,-3.3556414,-3.6056414,-4.2456417,-4.8356414,-4.9256415,-5.6156416,-3.3256414,-3.0956414,-2.3256414,-5.3556414,-5.3956413,-6.2256413,-6.7056413,-6.7656417,-6.5956416,-6.4156413,-6.9856415,-6.1956415,-8.045642,-7.3656416,-6.4656415,-4.4256415,-0.9656415,0.16435853,-0.06564148,-2.6156416,3.3543584,4.9443583,4.6543584,5.6843586,5.4843583,5.1143584,4.6043587,4.7543583,2.8043585,2.5243585,3.0843585
0.6943585,-0.33564147,1.0043585,-2.5656414,-2.4856415,-2.8656416,-3.7056415,-4.0956416,-4.7056413,-4.6956415,-3.0356414,-3.5356414,-3.2056415,-3.8156414,-5.1956415,-5.9056416,-6.6256413,-7.2556415,-7.7156415,-7.8856416,-7.0556417,-7.0856414,-6.1256413,-5.7056413,-6.6556416,-6.7656417,-3.6356416,-2.3556414,-3.5656414,-0.81564146,2.6243584,1.3743585,3.7343585,6.1443586,6.0743585,6.3043585,5.9143586,5.7643585,6.5043583,4.3543587,1.1943585
