wind_kz.json
{"header": {"discipline":0,"disciplineName":"Meteorological products","gribEdition":2,"gribLength":1025,"center":7,"centerName":"US National Weather Service - NCEP(WMC)","subcenter":0,"refTime":"2023-10-05T06:00:00.000Z","significanceOfRT":1,"significanceOfRTName":"Start of forecast","productStatus":0,"productStatusName":"Operational products","productType":1,"productTypeName":"Forecast products","productDefinitionTemplate":0,"productDefinitionTemplateName":"Analysis/forecast at horizontal level/layer at a point in time","parameterCategory":2,"parameterCategoryName":"UnknownDiscipline_0_Category_2","parameterNumber":2,"parameterNumberName":"UnknownParameter_D0_C2_2","parameterUnit":"Unknown","genProcessType":2,"genProcessTypeName":"Forecast","forecastTime":60,"surface1Type":103,"surface1TypeName":"Specified height level above ground","surface1Value":10.0,"surface2Type":255,"surface2TypeName":"Missing","surface2Value":0.0,"gridDefinitionTemplate":0,"gridDefinitionTemplateName":"Latitude_Longitude","numberPoints":615,"shape":6,"shapeName":"Earth spherical with radius of 6,371,229.0 m","gridUnits":"degrees","resolution":48,"winds":"true","scanMode":64,"nx":41,"ny":15,"basicAngle":0,"lo1":47.0,"la1":41.0,"lo2":87.0,"la2":55.0,"dx":1.0,"dy":1.0}, "data":
[rows 0 to 14 of 15, columns 0 to 40 of 41]
-4.3423314,1.4576688,-0.57233125,-0.11233124,-0.03233124,1.4676688,2.5276687,3.4376688,3.3876688,-1.5623312,0.61766875,0.05766876,1.6776688,2.1676688,3.0276687,0.5776688,2.5676687,2.3976688,1.0176687,0.60766876,-3.9323313,-3.4423313,-2.4823313,-1.6423312,0.8976688,-0.75233126,-1.8923312,-1.2323313,-0.24233124,0.05766876,-0.9123312,2.6376688,0.78766876,-0.99233127,-3.0523312,-3.0723312,-1.5023313,-1.0923313,0.59766877,0.7776688,-2.1023312
2.7676687,1.8476688,1.1976688,-0.38233125,0.22766876,1.6576687,1.8276688,3.0276687,4.027669,1.2676687,-0.062331237,2.2876687,2.3576689,2.5876687,1.6376687,0.75766873,0.20766877,1.5376687,-0.24233124,-2.9323313,-3.7623312,-3.0923312,-2.2823312,-0.87233126,-0.56233126,1.2276688,-0.47233123,0.25766876,-0.32233125,-0.20233124,-0.03233124,-0.37233123,-1.2923312,-1.9023312,0.35766876,0.93766874,0.5176688,-0.08233124,-0.022331238,0.9576688,-4.5023313
0.5276688,-2.9023314,-0.012331238,1.6176687,1.1076688,2.5676687,3.2376688,1.6976688,0.17766877,2.7976687,1.0476688,2.6376688,3.2576687,2.8176687,1.3476688,1.5676688,-1.0023313,-0.8623312,-1.8023312,-1.6523312,-2.2523313,-2.1623313,-0.77233124,-1.5523312,-0.82233125,-2.5523312,-2.6323311,-2.8523312,-1.9623313,-1.4323312,-1.1923312,0.17766877,0.14766876,-0.05233124,-1.9023312,-1.4723313,-0.26233125,-0.21233124,2.7276688,0.9676688,1.3976687
-0.24233124,1.6776688,3.1076689,3.4776688,2.6376688,2.8776689,3.2476687,3.9276688,4.147669,0.53766876,-0.51233125,1.3576688,-1.4123312,-0.38233125,-1.5423312,1.3076688,-0.33233124,0.11766876,-0.042331237,-0.64233124,-1.6323313,-1.2323313,-0.5323312,-3.4523313,-1.4123312,-1.3623313,-0.69233125,-0.03233124,-0.062331237,0.017668761,1.0876688,0.9576688,1.3076688,-2.2123313,-2.0623312,-1.4723313,-0.84233123,2.1276689,0.30766878,-0.21233124,0.45766875
1.7876687,4.6976686,6.2176685,5.9776683,6.3276687,3.7776687,4.2176685,4.417669,3.4476688,5.7376685,6.9776683,3.0576687,0.21766876,0.27766877,1.1876688,2.4076688,2.6976688,0.067668766,-1.8123312,1.3276688,1.1976688,0.14766876,-3.1323311,-1.5223312,0.55766875,0.7776688,1.8376688,2.1576688,2.4076688,-0.50233126,4.707669,1.7376688,-0.52233124,1.0476688,1.5076687,1.6676688,1.8876687,0.72766876,0.28766876,-0.26233125,0.38766876
3.5976686,3.2676687,5.7576685,5.7776685,7.1276684,7.2276683,6.4076686,4.337669,4.567669,5.4776683,5.9976683,4.297669,7.6176686,0.7776688,1.0076687,2.0176687,3.1076689,0.90766877,0.35766876,0.45766875,-2.1623313,-0.88233125,-1.9123312,0.72766876,-2.0323312,-1.8823313,0.75766873,3.2376688,2.9476688,3.2876687,1.3776687,3.0176687,-0.7823312,-1.6823312,-0.7823312,-0.81233126,0.39766875,1.1376687,5.007669,2.3276687,2.8676689
3.2076688,3.4576688,4.377669,4.987669,4.1376686,4.0776687,5.787668,3.1976688,4.457669,4.4676685,6.0276685,7.2376685,6.8576684,3.9076688,2.0076687,2.8876688,2.0576687,1.5076687,-0.89233124,-0.42233124,-1.5623312,0.47766876,0.9476688,0.46766877,0.44766876,0.29766876,1.3076688,2.7676687,2.8676689,2.9176688,-0.47233123,1.4676688,0.53766876,-3.5923312,-3.4723313,-2.1623313,-1.0723312,1.1076688,0.15766877,-0.34233123,-0.9823312
4.7676687,3.9376688,3.2676687,4.0976686,2.4976687,3.1176689,4.9976687,3.8476686,3.3476686,4.127669,5.9576683,6.4976683,6.1676683,4.857669,2.7276688,3.2576687,2.0176687,1.6176687,0.34766877,-1.3923312,0.55766875,0.98766875,1.6776688,2.0576687,2.0276687,0.92766875,1.6376687,1.5076687,-0.89233124,-1.5323312,-0.18233123,5.7076683,-1.0723312,-0.18233123,-0.84233123,1.4776688,0.5876688,-1.3823313,1.7876687,2.1876688,0.027668763
3.5776687,2.8876688,2.9276688,3.0076687,3.7076688,4.5576687,4.797669,5.9576683,3.9876688,2.8576689,5.8976684,6.2076683,6.6676683,5.2176685,0.20766877,2.5176687,3.7876687,3.7376688,-0.12233124,-0.18233123,0.75766873,2.0776687,1.5376687,1.0276687,0.30766878,1.2676687,-0.44233122,1.0976688,3.1576688,1.4376688,2.4776688,1.3476688,2.0576687,-0.27233124,0.45766875,-1.2623312,-0.5323312,-1.1323313,-0.82233125,0.8876688,-1.5823312
4.397669,5.0576687,2.8676689,3.3976688,4.4976687,5.3076687,3.5876687,6.1076684,3.6776688,4.417669,7.2976685,6.6676683,7.2276683,3.4676688,0.8276688,0.61766875,-0.29233125,-0.42233124,0.5176688,1.0976688,0.5176688,1.6176687,2.6276689,1.8076688,-0.19233124,2.1176689,2.0076687,1.5376687,2.8176687,3.3776689,1.1576687,2.1976688,1.1576687,-0.5423312,-0.8623312,-0.45233124,-2.1823313,-0.77233124,-0.9823312,0.59766877,-1.1723312
4.3676686,3.7176688,2.7976687,3.5376687,3.9776688,4.417669,4.5976686,4.397669,3.6676688,5.7676682,7.8776684,3.7876687,3.0076687,3.2176688,2.3676689,-0.18233123,0.08766876,-0.6123312,-0.51233125,0.6976688,1.8176688,2.4076688,2.8576689,1.8376688,1.1676688,2.1376688,1.9476688,3.4376688,3.2776687,2.3276687,3.1876688,0.11766876,-1.4423312,-0.6123312,-0.0023312378,-1.4723313,-1.7923312,0.44766876,-0.9723312,1.1676688,-1.1123313
5.1976686,4.0776687,4.187669,2.7776687,3.8276687,4.1976686,4.937669,3.1376688,4.8676686,4.4476686,2.3476686,0.45766875,-0.05233124,-1.5023313,-1.4323312,-1.3423313,-1.8223312,-0.7223312,0.59766877,0.60766876,0.8876688,2.1576688,2.5876687,2.2576687,1.4776688,2.9676688,2.7876687,3.2276688,2.9776688,2.4176688,-0.71233124,-0.7823312,-0.36233124,-1.0923313,-0.20233124,-0.19233124,-0.65233123,-0.7223312,-0.28233123,-0.51233125,-0.44233122
5.6776686,5.5876684,2.9076688,2.6576688,2.6276689,3.5376687,4.9976687,2.6576688,5.4576683,2.8076687,0.05766876,-0.9723312,-1.6423312,-1.8123312,-1.4523312,-1.5323312,-1.1223313,0.36766875,0.72766876,1.1876688,1.4376688,1.8076688,1.8476688,2.3776689,2.2376688,2.6976688,3.6476688,3.7876687,3.7076688,2.2076688,0.007668762,-0.34233123,-0.7223312,-0.84233123,0.007668762,-0.49233124,-0.5523312,-0.81233126,-0.84233123,-0.76233125,-0.93233126
4.937669,5.5776687,3.5276687,2.2876687,2.8076687,4.127669,3.3476686,3.9876688,3.0876687,1.8276688,0.39766875,-0.90233123,-0.32233125,-0.52233124,-0.49233124,-0.33233124,0.27766877,0.8976688,1.1676688,1.9076687,2.0676687,1.8676687,1.7476687,1.2676687,1.7576687,2.3076687,2.8476686,3.2476687,2.9576688,1.4776688,-0.58233124,-1.1623312,-1.3423313,-0.84233123,-0.71233124,-1.2123313,-0.87233126,-1.0123312,-1.3123312,-0.41233122,-0.58233124
2.9176688,4.437669,5.5876684,1.9176688,2.2476687,3.4876688,4.167669,2.1076689,3.0776687,2.3676689,1.4876688,3.3176687,-0.38233125,0.33766878,0.68766874,0.8276688,1.7476687,1.0376687,0.08766876,1.1176687,1.8076688,1.5476688,1.0476688,1.6676688,1.8476688,2.3276687,2.6676688,2.5376687,2.2576687,0.98766875,-0.47233123,-1.6523312,-1.1123313,-0.65233123,0.047668763,-0.18233123,-0.6123312,0.03766876,-0.41233122,-0.56233126,-1.3023312
