wind_kz.json
{"header": {"discipline":0,"disciplineName":"Meteorological products","gribEdition":2,"gribLength":871,"center":7,"centerName":"US National Weather Service - NCEP(WMC)","subcenter":0,"refTime":"2023-10-03T12:00:00.000Z","significanceOfRT":1,"significanceOfRTName":"Start of forecast","productStatus":0,"productStatusName":"Operational products","productType":1,"productTypeName":"Forecast products","productDefinitionTemplate":0,"productDefinitionTemplateName":"Analysis/forecast at horizontal level/layer at a point in time","parameterCategory":0,"parameterCategoryName":"UnknownDiscipline_0_Category_0","parameterNumber":0,"parameterNumberName":"UnknownParameter_D0_C0_0","parameterUnit":"Unknown","genProcessType":2,"genProcessTypeName":"Forecast","forecastTime":180,"surface1Type":1,"surface1TypeName":"Ground or water surface","surface1Value":0.0,"surface2Type":255,"surface2TypeName":"Missing","surface2Value":0.0,"gridDefinitionTemplate":0,"gridDefinitionTemplateName":"Latitude_Longitude","numberPoints":615,"shape":6,"shapeName":"Earth spherical with radius of 6,371,229.0 m","gridUnits":"degrees","resolution":48,"winds":"true","scanMode":64,"nx":41,"ny":15,"basicAngle":0,"lo1":47.0,"la1":41.0,"lo2":87.0,"la2":55.0,"dx":1.0,"dy":1.0}, "data":
[rows 0 to 14 of 15, columns 0 to 40 of 41]
285.91678,277.61676,281.31677,293.01678,292.81677,291.41678,289.71677,289.81677,287.31677,287.81677,286.01678,287.81677,286.81677,287.61676,288.31677,287.31677,287.31677,288.91678,288.01678,288.01678,287.41678,285.51678,286.61676,283.21677,283.71677,287.01678,284.31677,270.31677,262.71677,269.41678,270.11676,265.71677,278.11676,284.11676,286.81677,286.61676,286.91678,287.31677,287.91678,288.41678,284.91678
270.31677,281.21677,293.01678,292.91678,292.91678,291.01678,286.71677,285.81677,284.71677,284.81677,284.71677,284.21677,284.61676,284.61676,284.81677,286.31677,285.51678,286.01678,285.31677,286.61676,286.21677,287.81677,286.51678,280.01678,271.21677,270.51678,278.21677,270.01678,271.61676,267.61676,273.81677,267.21677,271.61676,249.21677,269.21677,284.11676,282.71677,286.01678,287.31677,281.91678,283.51678
281.71677,292.61676,292.51678,292.21677,290.41678,285.31677,284.71677,283.91678,282.61676,282.21677,281.91678,282.61676,282.31677,283.11676,284.81677,286.31677,284.91678,284.11676,285.91678,284.51678,286.41678,286.01678,286.41678,282.71677,284.61676,282.61676,284.51678,284.61676,283.81677,276.51678,269.51678,270.91678,275.01678,274.31677,277.41678,277.91678,271.61676,275.01678,275.41678,271.21677,271.21677
289.91678,291.31677,292.11676,291.31677,288.81677,283.61676,283.61676,282.01678,281.91678,281.41678,281.31677,282.11676,289.31677,288.71677,282.81677,283.21677,285.01678,284.21677,284.01678,284.01678,283.81677,280.81677,285.41678,285.81677,284.11676,286.51678,286.81677,283.81677,284.21677,285.71677,286.31677,283.41678,285.71677,284.51678,284.01678,281.31677,271.31677,270.51678,275.51678,284.11676,284.61676
286.71677,291.01678,291.21677,290.51678,287.91678,283.71677,282.91678,282.41678,281.41678,280.61676,279.71677,280.01678,288.21677,287.01678,285.51678,281.71677,283.01678,283.61676,283.21677,285.11676,285.81677,286.11676,283.61676,284.91678,285.41678,285.91678,284.81677,284.71677,284.51678,285.21677,287.21677,285.01678,273.61676,267.41678,275.41678,283.71677,288.21677,290.41678,290.11676,287.81677,287.21677
284.61676,283.51678,289.01678,289.51678,289.91678,289.31677,281.41678,282.51678,280.71677,280.11676,280.21677,280.31677,286.51678,287.81677,283.01678,279.31677,281.41678,280.91678,282.11676,284.01678,284.31677,284.51678,284.81677,284.71677,285.11676,284.41678,284.11676,286.41678,285.81677,285.91678,284.51678,286.91678,284.91678,283.31677,282.51678,284.01678,278.91678,282.51678,288.61676,286.51678,286.61676
285.01678,284.31677,284.51678,283.41678,284.61676,280.61676,281.01678,280.51678,280.71677,280.71677,279.21677,279.01678,278.71677,278.51678,278.21677,279.21677,278.51678,279.51678,279.41678,279.81677,281.21677,282.91678,283.81677,284.21677,284.31677,284.11676,282.51678,284.31677,283.11676,284.01678,283.61676,283.91678,283.91678,284.11676,284.11676,282.51678,278.61676,277.11676,278.21677,272.61676,282.61676
283.81677,283.31677,283.51678,283.21677,282.81677,282.71677,281.41678,280.01678,278.31677,278.61676,278.11676,277.61676,276.91678,278.21677,278.81677,278.71677,278.01678,278.01678,277.81677,276.41678,277.31677,279.31677,281.11676,281.71677,281.51678,279.91678,281.91678,281.81677,281.31677,282.81677,282.31677,283.01678,281.11676,280.81677,280.11676,281.41678,283.21677,284.81677,283.11676,283.01678,280.21677
280.81677,281.71677,282.21677,281.81677,281.51678,280.21677,279.31677,277.91678,276.41678,276.01678,275.31677,274.71677,274.41678,275.91678,276.11676,277.01678,276.41678,276.01678,276.11676,276.01678,275.01678,275.51678,277.51678,279.61676,279.11676,281.41678,280.81677,279.11676,280.91678,278.91678,279.81677,280.81677,282.71677,283.71677,286.11676,284.71677,281.71677,281.71677,273.01678,272.11676,271.81677
278.51678,279.11676,280.21677,280.01678,279.91678,279.61676,278.01678,277.91678,275.91678,275.61676,274.11676,273.91678,274.11676,273.61676,273.91678,275.21677,275.31677,274.71677,274.51678,275.31677,275.21677,275.81677,276.91678,277.41678,278.31677,281.11676,280.41678,281.61676,282.21677,281.31677,282.21677,284.11676,285.31677,283.71677,283.81677,283.71677,285.51678,279.41678,278.31677,276.91678,273.31677
278.41678,278.81677,277.91678,277.51678,277.71677,277.71677,277.61676,276.41678,275.71677,275.11676,273.61676,273.41678,273.91678,273.31677,273.51678,274.11676,274.21677,275.11676,274.61676,274.31677,274.71677,275.01678,275.51678,276.21677,276.41678,277.01678,277.51678,281.11676,281.51678,283.51678,283.61676,285.61676,284.61676,285.21677,284.61676,283.91678,280.71677,281.11676,278.31677,279.01678,277.91678
277.01678,277.81677,276.81677,276.11676,275.41678,274.81677,274.51678,274.51678,274.11676,273.91678,271.61676,271.61676,272.91678,272.41678,273.11676,273.71677,273.81677,273.91678,274.11676,274.21677,273.61676,273.71677,274.11676,275.11676,275.11676,276.41678,277.31677,278.81677,282.71677,282.21677,282.91678,283.91678,285.81677,283.11676,284.31677,284.81677,286.51678,285.41678,286.41678,285.81677,284.31677
273.81677,274.81677,275.81677,275.51678,275.51678,274.91678,273.31677,272.31677,271.21677,271.21677,270.01678,269.01678,271.51678,270.61676,272.61676,274.11676,273.91678,273.41678,274.11676,273.41678,273.41678,272.81677,273.01678,273.61676,275.21677,276.51678,278.11676,278.31677,279.31677,281.31677,282.51678,283.11676,282.71677,285.21677,284.61676,283.21677,283.21677,285.81677,284.21677,285.31677,284.61676
271.91678,273.11676,279.31677,273.61676,272.51678,271.91678,271.51678,272.01678,271.41678,271.61676,270.11676,269.51678,269.41678,271.11676,272.21677,272.91678,273.21677,273.11676,273.51678,273.71677,273.81677,273.71677,274.51678,275.21677,276.01678,276.81677,277.11676,277.81677,278.31677,278.91678,280.21677,282.01678,282.61676,282.71677,284.71677,281.61676,282.11676,282.51678,282.11676,282.11676,282.51678
269.81677,271.81677,283.71677,272.71677,271.71677,271.31677,272.01678,271.11676,272.01678,271.71677,271.91678,270.81677,270.71677,271.61676,271.01678,272.51678,272.61676,272.81677,273.31677,273.31677,273.81677,273.81677,273.81677,274.11676,274.71677,275.51678,276.21677,276.71677,277.31677,277.91678,278.71677,282.01678,282.11676,281.31677,284.21677,284.01678,283.51678,283.11676,283.41678,282.71677,281.51678
