wind_kz.json
{"header": {"discipline":0,"disciplineName":"Meteorological products","gribEdition":2,"gribLength":1025,"center":7,"centerName":"US National Weather Service - NCEP(WMC)","subcenter":0,"refTime":"2023-09-22T12:00:00.000Z","significanceOfRT":1,"significanceOfRTName":"Start of forecast","productStatus":0,"productStatusName":"Operational products","productType":1,"productTypeName":"Forecast products","productDefinitionTemplate":0,"productDefinitionTemplateName":"Analysis/forecast at horizontal level/layer at a point in time","parameterCategory":2,"parameterCategoryName":"UnknownDiscipline_0_Category_2","parameterNumber":3,"parameterNumberName":"UnknownParameter_D0_C2_3","parameterUnit":"Unknown","genProcessType":2,"genProcessTypeName":"Forecast","forecastTime":0,"surface1Type":103,"surface1TypeName":"Specified height level above ground","surface1Value":10.0,"surface2Type":255,"surface2TypeName":"Missing","surface2Value":0.0,"gridDefinitionTemplate":0,"gridDefinitionTemplateName":"Latitude_Longitude","numberPoints":615,"shape":6,"shapeName":"Earth spherical with radius of 6,371,229.0 m","gridUnits":"degrees","resolution":48,"winds":"true","scanMode":64,"nx":41,"ny":15,"basicAngle":0,"lo1":47.0,"la1":41.0,"lo2":87.0,"la2":55.0,"dx":1.0,"dy":1.0}, "data":
[rows 0 to 14 of 15, columns 0 to 40 of 41]
2.25385,1.7238501,-1.2961498,2.69385,1.19385,-4.55615,1.2038502,0.3338501,0.20385009,-0.7061499,-2.11615,-2.9461498,-3.4761498,-2.57615,-3.30615,-5.18615,-5.63615,-5.95615,-5.48615,-5.16615,-4.76615,-3.8961499,-4.61615,1.43385,2.18385,1.3338501,-2.25615,2.48385,-4.0261497,-5.38615,-4.69615,-0.6161499,-0.15614991,-3.61615,-6.75615,-2.09615,-2.9761498,-2.10615,-2.32615,0.8438501,1.6138501
-3.08615,1.5138501,2.5338502,2.0838501,1.94385,-4.5861497,0.8238501,-0.3061499,-0.6861499,-2.56615,-3.10615,-3.1761498,-2.26615,-1.7261499,-2.6461499,-4.01615,-4.37615,-4.64615,-4.84615,-4.97615,-5.55615,-3.9661498,-3.8961499,-3.32615,-0.5361499,-1.5861499,-1.3761499,-1.9761499,-2.88615,-2.74615,-2.24615,-3.88615,-2.61615,-3.1661499,-1.4061499,2.11385,1.6238501,0.9638501,1.4838501,1.9638501,0.4738501
1.9538502,4.38385,3.11385,2.37385,1.1638501,2.17385,0.6538501,-0.8561499,-1.3961499,-2.9861498,-2.7261498,-2.28615,-3.33615,-0.7061499,-3.33615,-3.7161498,-5.2761497,-4.87615,-4.0261497,-4.87615,-4.34615,-2.4661498,-4.2961497,-4.47615,-4.09615,-3.56615,2.96385,0.3438501,1.3238502,-0.026149902,-3.36615,-2.4261498,-1.7061499,-2.06615,-5.57615,-2.27615,-3.12615,-4.0661497,-2.62615,1.0738502,-0.7261499
3.20385,3.18385,2.75385,2.45385,1.1338501,2.0938501,-0.066149905,-1.6561499,-2.6861498,-0.7561499,-1.5061499,-2.99615,-3.2261498,-5.07615,-6.19615,-2.81615,-3.78615,-4.71615,-4.0261497,-4.62615,-4.48615,-4.45615,-2.82615,-3.2061498,-3.7161498,-2.4561498,-2.56615,0.0938501,-2.12615,2.1038501,1.1538501,-0.7361499,2.19385,5.63385,2.44385,0.8438501,-0.0061499025,0.6338501,-1.05615,-2.01615,-2.7161498
1.0238501,0.8738501,-0.106149904,-1.8361499,-4.84615,-0.036149904,-1.9061499,-1.7761499,-0.5061499,-1.0261499,-2.61615,-0.2161499,-1.9161499,-3.53615,-4.2761497,-1.2461499,-3.6461499,-3.80615,-3.88615,-3.7161498,-2.1561499,-2.55615,-2.77615,-2.12615,-1.2361499,-1.5061499,-2.13615,-1.5361499,-1.1361499,2.91385,4.55385,1.9938501,-1.3361499,-2.1761498,0.7538501,-0.2161499,-6.65615,0.7738501,-1.06615,2.5238502,0.1538501
2.2838502,2.3538501,-0.2961499,-1.0361499,-0.6861499,-1.30615,0.2938501,0.7438501,-0.7561499,-0.7961499,-1.1761498,-1.6261499,2.86385,-0.3961499,-4.0861497,-2.6761498,-3.55615,-2.7261498,-3.80615,-2.81615,-2.86615,-2.59615,-3.25615,-0.8461499,-1.6461499,-3.6561499,2.0838501,1.0138501,-4.40615,-3.36615,-1.1461499,-3.2061498,-3.2261498,-3.9061499,-0.5761499,0.5538501,-0.3461499,-4.8561497,-3.11615,-0.47614992,-2.3961499
0.4338501,0.6938501,1.8738501,2.7738502,3.86385,2.5538502,1.0738502,1.7538501,0.4538501,-0.6461499,-1.3961499,-1.4561499,-1.7961498,-2.07615,-2.6661499,-3.2361498,-3.55615,-3.4861498,-3.9261498,-2.6861498,-1.9561499,-1.8461499,-2.03615,-2.2061498,-1.05615,-2.33615,1.2138501,-2.62615,0.1038501,-2.7361498,-3.11615,-0.47614992,-0.6361499,-0.7261499,-3.30615,-1.0361499,-1.7861499,-1.4161499,-1.9761499,-1.07615,-2.9361498
0.3338501,0.6238501,0.6938501,0.8538501,1.3738501,0.7338501,0.5138501,1.1038501,0.5338501,0.7538501,-1.2361499,-1.80615,-0.9461499,-1.3961499,-1.9261498,-2.07615,-2.32615,-2.60615,-2.86615,-2.62615,-2.59615,-1.44615,-2.99615,-1.6361499,-2.33615,-1.7761499,-2.4361498,-2.4361498,-1.8661499,-1.6361499,-2.9161499,-1.7161499,-1.7561499,-2.56615,-0.0761499,-2.52615,-1.4061499,-1.2461499,0.5538501,0.1338501,-0.6661499
1.2838501,0.9338501,0.7138501,0.7038501,0.6838501,0.6138501,0.5438501,-0.0761499,-0.2861499,-1.2961498,-1.6061499,-2.04615,-3.00615,-2.4061499,-2.26615,-2.00615,-1.5961499,-1.30615,-1.2661499,-1.68615,-1.9261498,-1.93615,-1.8761499,-2.6761498,-0.8461499,0.3338501,-1.6761498,-0.44614992,-1.9961499,-3.87615,-0.4961499,-1.07615,-2.28615,-3.56615,-2.00615,-2.2061498,-1.3961499,-0.7161499,-1.0061499,-1.2861499,0.3638501
1.4738501,1.05385,0.91385007,0.7538501,0.8238501,0.4038501,-0.47614992,-1.1161499,-1.6161499,-2.1461499,-2.54615,-3.1561499,-2.82615,-3.27615,-2.9061499,-2.54615,-1.9161499,-1.2261499,-0.6161499,-0.4961499,-0.5061499,-0.9161499,-1.4561499,-1.2561499,-1.07615,-0.6561499,-0.6861499,0.6738501,1.3738501,0.4038501,-0.6961499,2.2838502,0.033850096,-1.2061499,-0.8261499,0.1738501,0.3438501,0.8238501,1.1538501,0.5238501,0.3338501
2.37385,1.7838501,1.5238501,1.3638501,0.3538501,-0.3461499,-0.8461499,-1.0361499,-1.81615,-2.51615,-2.6561499,-2.4361498,-2.36615,-2.86615,-3.1661499,-2.62615,-2.1961498,-1.82615,-0.6961499,0.0838501,0.3338501,-0.1761499,-0.5961499,-0.4561499,0.0638501,-0.106149904,-0.15614991,-0.056149904,-0.1761499,-1.69615,1.1438501,2.38385,0.23385009,-0.9361499,0.4038501,1.8738501,1.0938501,1.4738501,0.6038501,-0.2361499,0.4038501
1.7038502,0.7938501,-0.6661499,-0.4361499,-0.6461499,-0.5061499,-1.4661499,-2.4061499,-2.6661499,-2.84615,-3.09615,-2.78615,-2.56615,-2.02615,-1.3561499,-2.1961498,-2.51615,-2.1861498,-1.06615,0.20385009,0.7238501,0.4338501,0.7538501,1.05385,1.18385,1.1538501,1.1038501,0.8638501,0.5438501,0.8338501,0.7638501,1.3538501,2.2938502,2.8538501,0.9938501,2.5738502,3.24385,2.38385,2.0338502,0.8438501,0.4538501
0.6238501,0.4938501,-0.5561499,-0.9361499,-0.5561499,-1.0461498,-2.07615,-2.7361498,-3.26615,-2.4461498,-1.3461499,-2.33615,-3.2061498,-3.30615,-1.93615,-1.3461499,-1.3961499,-2.25615,-3.25615,-2.7161498,-2.28615,-0.0961499,0.5738501,1.2538501,1.0438501,1.3238502,0.6938501,1.3738501,2.2738502,2.1038501,2.0238502,2.67385,2.3238502,2.16385,1.9038501,1.68385,1.31385,2.49385,3.17385,2.25385,1.9838501
-1.3961499,-0.6061499,0.7738501,-0.1761499,-1.2861499,-0.8761499,-1.6061499,-1.3861499,-1.7361499,-2.01615,-0.1861499,-1.9161499,-2.58615,-3.9061499,-4.37615,-4.22615,-3.9461498,-3.6461499,-0.2861499,-0.2161499,-1.6561499,-2.02615,-3.57615,-4.53615,-5.0861497,-2.6661499,-1.1161499,-2.61615,-0.5061499,2.7638502,2.88385,3.3138502,4.00385,4.00385,3.15385,2.98385,2.67385,3.0438502,2.62385,1.3938501,3.21385
-0.5961499,-1.5061499,-1.05615,-0.7461499,-2.08615,-2.9161499,-2.9461498,-2.62615,-2.9561498,-1.5861499,1.2338501,1.2838501,0.23385009,-2.1861498,-2.4861498,-3.31615,-4.42615,-4.98615,-4.67615,-4.61615,-5.64615,-5.62615,-3.9561498,-0.9161499,-0.4861499,-0.3261499,-0.3961499,-0.4961499,0.9338501,0.6538501,1.8238502,4.92385,2.74385,5.81385,5.4738503,5.01385,4.34385,3.3538501,1.9838501,4.87385,2.5938501
