wind_kz.json
{"header": {"discipline":0,"disciplineName":"Meteorological products","gribEdition":2,"gribLength":871,"center":7,"centerName":"US National Weather Service - NCEP(WMC)","subcenter":0,"refTime":"2023-09-21T18:00:00.000Z","significanceOfRT":1,"significanceOfRTName":"Start of forecast","productStatus":0,"productStatusName":"Operational products","productType":1,"productTypeName":"Forecast products","productDefinitionTemplate":0,"productDefinitionTemplateName":"Analysis/forecast at horizontal level/layer at a point in time","parameterCategory":0,"parameterCategoryName":"UnknownDiscipline_0_Category_0","parameterNumber":0,"parameterNumberName":"UnknownParameter_D0_C0_0","parameterUnit":"Unknown","genProcessType":2,"genProcessTypeName":"Forecast","forecastTime":0,"surface1Type":1,"surface1TypeName":"Ground or water surface","surface1Value":0.0,"surface2Type":255,"surface2TypeName":"Missing","surface2Value":0.0,"gridDefinitionTemplate":0,"gridDefinitionTemplateName":"Latitude_Longitude","numberPoints":615,"shape":6,"shapeName":"Earth spherical with radius of 6,371,229.0 m","gridUnits":"degrees","resolution":48,"winds":"true","scanMode":64,"nx":41,"ny":15,"basicAngle":0,"lo1":47.0,"la1":41.0,"lo2":87.0,"la2":55.0,"dx":1.0,"dy":1.0}, "data":
[rows 0 to 14 of 15, columns 0 to 40 of 41]
292.37534,284.57535,291.07535,294.87534,294.97534,294.47534,294.97534,295.37534,292.57535,291.77533,291.57535,292.27533,292.47534,292.37534,292.07535,290.87534,290.57535,291.17535,289.47534,290.37534,291.37534,289.17535,286.87534,281.97534,284.97534,292.17535,288.47534,273.67535,274.17535,273.67535,274.27533,275.97534,284.37534,289.77533,289.07535,288.77533,288.47534,286.97534,286.27533,287.17535,288.27533
273.87534,288.17535,294.37534,294.57535,294.47534,293.07535,294.67535,292.97534,291.67535,291.87534,292.57535,292.27533,291.67535,289.77533,290.37534,290.47534,289.17535,288.97534,288.27533,286.67535,288.87534,289.17535,288.87534,278.77533,270.37534,274.27533,279.47534,272.07535,271.67535,269.67535,275.07535,267.17535,276.07535,249.37534,273.97534,286.47534,283.17535,286.77533,287.47534,280.27533,283.77533
289.67535,293.57535,294.37534,294.07535,292.17535,292.97534,292.57535,291.97534,291.07535,290.57535,290.87534,291.07535,287.87534,289.67535,292.17535,289.67535,287.77533,285.77533,287.57535,285.77533,285.57535,286.57535,287.17535,281.37534,286.17535,288.07535,288.87534,284.87534,284.37534,278.07535,272.67535,273.57535,278.37534,278.57535,277.57535,277.27533,270.47534,270.87534,272.67535,269.47534,260.77533
291.27533,293.37534,294.67535,293.37534,292.47534,292.27533,293.27533,292.47534,292.27533,291.87534,291.17535,290.07535,292.27533,291.67535,290.07535,288.77533,289.37534,289.37534,292.07535,285.17535,285.57535,281.87534,287.27533,288.47534,289.07535,291.27533,289.87534,289.37534,287.17535,287.57535,290.07535,286.57535,289.67535,287.57535,285.87534,281.77533,269.57535,263.27533,274.87534,282.07535,286.17535
292.07535,293.27533,293.97534,293.17535,292.77533,291.17535,292.27533,291.67535,291.07535,291.27533,290.57535,289.57535,291.27533,290.17535,288.57535,288.77533,289.57535,289.17535,291.07535,290.67535,288.77533,290.37534,285.77533,287.37534,289.47534,286.77533,285.97534,288.37534,290.57535,288.57535,290.27533,285.97534,274.27533,265.97534,278.47534,289.37534,291.37534,290.97534,290.97534,290.87534,289.87534
290.87534,288.47534,292.37534,293.07535,293.07535,292.87534,289.97534,292.27533,290.37534,291.27533,291.67535,290.77533,290.87534,291.17535,289.47534,288.27533,290.37534,292.07535,292.57535,290.27533,291.47534,288.57535,287.77533,287.67535,286.87534,288.07535,287.17535,289.47534,289.57535,289.97534,287.47534,289.07535,286.67535,283.97534,282.67535,288.17535,279.57535,281.57535,287.17535,289.67535,288.97534
290.77533,289.47534,291.97534,291.67535,291.57535,288.77533,291.07535,291.07535,292.07535,292.17535,289.97534,289.17535,288.37534,287.97534,288.17535,289.37534,289.17535,291.27533,291.77533,288.97534,290.37534,289.07535,288.37534,288.97534,287.57535,287.97534,289.17535,288.37534,289.37534,287.27533,287.07535,286.67535,285.97534,288.07535,287.17535,283.47534,281.07535,278.37534,273.87534,272.57535,284.77533
290.47534,288.37534,288.07535,291.17535,291.87534,291.57535,290.77533,289.97534,288.97534,289.17535,288.07535,287.27533,286.17535,287.17535,288.17535,290.27533,290.77533,292.27533,290.97534,286.77533,289.47534,288.97534,287.27533,286.77533,285.37534,283.57535,283.07535,284.57535,285.17535,286.27533,282.97534,283.87534,282.07535,280.27533,278.87534,281.57535,286.07535,288.27533,286.37534,287.57535,280.37534
288.67535,287.67535,288.67535,287.77533,290.27533,289.47534,288.37534,288.57535,287.57535,286.37534,285.57535,285.27533,284.87534,286.17535,286.37534,287.47534,289.67535,289.87534,287.47534,288.67535,286.87534,287.57535,288.07535,285.57535,283.27533,283.57535,281.97534,283.47534,284.37534,282.87534,282.97534,281.67535,283.67535,285.67535,284.27533,282.37534,282.77533,281.97534,275.77533,275.37534,274.37534
288.37534,287.97534,287.57535,286.37534,287.37534,287.17535,287.57535,286.97534,286.57535,284.77533,283.57535,283.47534,283.87534,283.97534,284.67535,285.37534,285.87534,285.67535,286.57535,289.77533,287.87534,287.07535,288.97534,285.67535,285.67535,284.17535,284.37534,286.17535,285.67535,284.37534,285.67535,286.57535,288.07535,286.67535,284.37534,284.17535,282.67535,279.17535,277.97534,276.67535,274.17535
288.27533,287.67535,287.67535,286.77533,286.07535,285.67535,285.67535,284.07535,283.97534,283.27533,283.87534,283.57535,284.17535,283.47534,282.97534,283.67535,284.37534,284.87534,284.77533,284.67535,285.07535,287.87534,284.97534,287.67535,285.37534,284.57535,285.27533,285.57535,287.77533,289.17535,289.47534,285.47534,285.07535,286.07535,286.27533,282.37534,280.27533,278.47534,278.87534,279.27533,275.97534
289.67535,288.87534,288.27533,287.37534,286.57535,285.37534,283.07535,282.37534,283.47534,282.37534,279.87534,281.67535,283.07535,282.57535,282.97534,282.97534,283.27533,283.27533,283.27533,283.07535,282.17535,282.27533,283.07535,282.77533,283.07535,284.67535,284.07535,284.87534,285.67535,286.87534,288.37534,288.87534,285.97534,286.87534,283.97534,285.17535,285.27533,283.27533,283.17535,281.37534,282.77533
286.47534,286.87534,288.47534,287.57535,287.57535,285.77533,283.77533,283.37534,281.67535,281.37534,279.37534,278.47534,281.87534,281.17535,282.07535,282.57535,282.67535,282.17535,282.87534,281.77533,281.57535,280.27533,280.07535,280.87534,282.77533,284.07535,285.47534,285.07535,285.37534,284.77533,285.77533,286.57535,285.27533,286.17535,287.37534,287.57535,286.37534,284.67535,282.67535,281.57535,281.77533
285.47534,288.57535,288.07535,288.37534,288.37534,286.57535,285.47534,284.87534,283.87534,283.07535,281.27533,277.97534,280.47534,282.27533,282.77533,282.97534,282.87534,282.07535,281.87534,281.77533,281.87534,281.47534,282.37534,282.87534,283.07535,283.57535,283.47534,283.77533,283.37534,283.77533,284.37534,284.77533,285.67535,283.47534,287.67535,283.57535,283.67535,286.37534,286.17535,281.07535,280.67535
286.97534,290.37534,287.77533,291.17535,289.67535,288.17535,288.87534,286.07535,286.67535,284.07535,282.77533,282.57535,281.97534,281.07535,282.57535,283.37534,283.07535,282.77533,282.47534,283.37534,283.57535,283.27533,282.57535,282.17535,282.27533,282.37534,282.47534,282.57535,282.07535,282.07535,282.77533,283.07535,282.57535,282.47534,283.27533,284.07535,282.67535,282.47534,282.47534,281.87534,281.67535
