wind_kz.json
{"header": {"discipline":0,"disciplineName":"Meteorological products","gribEdition":2,"gribLength":1025,"center":7,"centerName":"US National Weather Service - NCEP(WMC)","subcenter":0,"refTime":"2023-09-26T12:00:00.000Z","significanceOfRT":1,"significanceOfRTName":"Start of forecast","productStatus":0,"productStatusName":"Operational products","productType":1,"productTypeName":"Forecast products","productDefinitionTemplate":0,"productDefinitionTemplateName":"Analysis/forecast at horizontal level/layer at a point in time","parameterCategory":2,"parameterCategoryName":"UnknownDiscipline_0_Category_2","parameterNumber":2,"parameterNumberName":"UnknownParameter_D0_C2_2","parameterUnit":"Unknown","genProcessType":2,"genProcessTypeName":"Forecast","forecastTime":180,"surface1Type":103,"surface1TypeName":"Specified height level above ground","surface1Value":10.0,"surface2Type":255,"surface2TypeName":"Missing","surface2Value":0.0,"gridDefinitionTemplate":0,"gridDefinitionTemplateName":"Latitude_Longitude","numberPoints":615,"shape":6,"shapeName":"Earth spherical with radius of 6,371,229.0 m","gridUnits":"degrees","resolution":48,"winds":"true","scanMode":64,"nx":41,"ny":15,"basicAngle":0,"lo1":47.0,"la1":41.0,"lo2":87.0,"la2":55.0,"dx":1.0,"dy":1.0}, "data":
[rows 0 to 14 of 15, columns 0 to 40 of 41]
-1.7794043,0.3205957,1.3805957,2.1705956,2.9705956,4.970596,3.8605957,2.9705956,0.5005957,-1.5094043,-2.8794043,-2.5894043,-2.5494044,-2.5394044,-2.5094042,-2.3394043,-2.7994044,-0.5894043,-2.0894043,0.1705957,1.1205957,0.7505957,0.0905957,-1.1994042,-0.7494043,-2.2494042,-2.1594043,0.2605957,1.1605957,1.1205957,-0.6394043,1.8005958,0.100595705,0.47059572,-2.4894042,0.6305957,1.2705957,1.3505957,1.8705957,1.6005957,-0.109404296
1.5205957,2.3005958,2.9505956,3.6605957,4.970596,3.3105958,-1.9094043,-4.219404,-4.259404,-3.8794043,-2.8794043,-3.3694043,-2.3794043,-2.2294042,-2.1094043,-2.7494042,-1.2294043,-1.6294043,0.1405957,0.8805957,0.9505957,0.4305957,-0.9094043,-2.3094044,0.1305957,1.1405957,-0.5394043,1.6405957,-1.1494043,-0.6494043,0.41059572,-0.2894043,2.4505956,-2.7194042,-0.2994043,-0.4594043,-1.1694043,0.3805957,-1.2394043,1.9005957,-0.1494043
1.2805957,3.7805958,3.7805958,2.8905957,3.2505958,-1.8794043,-3.7394042,-2.9994042,-4.3494043,-3.6194043,-3.2994044,-2.3794043,-2.2294042,-2.4694042,-2.4194043,-2.6794043,-1.4494042,2.1905956,3.8205957,3.6705956,1.9805957,-2.5494044,-3.4094043,-1.9094043,1.8305957,0.3505957,-1.1894042,-1.9494042,-1.2194043,-0.8394043,-1.0394043,1.5005957,-0.27940428,-0.5294043,0.6405957,-0.049404297,0.1605957,0.4205957,-0.7294043,1.6005957,2.5405958
2.5805957,5.0605955,5.5505958,3.9105957,1.9405957,-1.9294043,-2.1594043,-3.2594042,-2.3294044,-2.2794044,-2.6994042,-2.6894042,-2.3294044,-3.5094042,-1.5494043,-1.3094043,-0.4094043,-0.7594043,-0.9994043,-1.1794043,-2.9794042,-2.1294043,-2.9094043,-4.3994045,-4.469404,-4.819404,-3.2294042,-7.049404,-2.7394042,-0.4994043,1.4505957,-1.3494043,1.2905957,-0.9394043,-2.7794044,-1.8794043,-1.3894043,1.7205957,-0.049404297,0.3105957,2.2805958
3.2605958,3.6305957,2.7305956,2.8805957,2.8905957,-2.0094042,-2.1894042,-1.9994043,-1.2294043,-2.8094044,-1.5594043,-1.4194043,-1.1694043,-0.6894043,-1.1294043,-1.2894043,-1.0194043,-2.4094043,-3.7994044,-6.6694045,-7.2294044,-5.0594044,-5.1994042,-4.7094045,-4.719404,-4.279404,-5.799404,-3.5294044,-3.0694044,-2.9194043,-2.5094042,-1.4494042,-1.8294044,1.9605957,-0.1394043,0.2205957,0.5605957,1.2305957,-0.8594043,-2.1894042,-0.1394043
2.9605956,1.6505957,1.4405957,1.3005958,-2.4394042,-3.9694042,-3.1494043,-2.1294043,-2.4894042,-3.0094042,-1.6694043,-1.6494043,-1.1994042,-0.7794043,-1.0094043,-0.5694043,-1.0494043,-3.7294042,-5.1194043,-4.3894043,-4.6194043,-4.2494044,-4.569404,-4.6494045,-4.589404,-5.819404,-3.9794042,-7.6794043,-3.7994044,-2.8294044,-2.3994043,-1.9594043,-1.0394043,1.0305957,0.2705957,0.2605957,0.6505957,0.8805957,3.8705957,-0.1994043,-2.0194044
0.9505957,-0.4694043,-0.3594043,-0.8394043,-1.7794043,-1.8994043,-1.8294044,-1.7494043,-2.1394043,-0.9594043,0.020595703,0.6705957,-1.2194043,-2.4794042,-3.0094042,-2.5094042,-2.6194043,-2.9294043,-2.7894044,-3.5294044,-3.5094042,-3.3394043,-3.5394044,-3.7494042,-4.0394044,-3.9394042,-3.4094043,-3.3894043,-3.4194043,-2.7994044,-3.1594043,-2.5294044,0.060595702,1.7305957,-1.1094043,-1.4794043,-0.8394043,1.9305958,0.44059572,0.9405957,1.6505957
2.4205956,1.3105958,1.6705956,0.8405957,0.1405957,0.2505957,0.3505957,0.1805957,0.7305957,0.23059571,-0.0694043,-0.3194043,-0.5794043,-1.2194043,-0.5094043,-2.1794043,-1.7594043,-0.8494043,-1.5094043,-3.2394042,-2.2494042,-2.6994042,-2.1294043,-2.0594044,-2.3494043,-1.1694043,-1.9894043,-2.2094042,-2.1294043,-2.1594043,-2.4694042,-0.4794043,-3.7394042,-0.9994043,-2.0194044,1.3505957,2.9205956,4.640596,1.2905957,2.5305958,-1.8994043
1.3305957,1.2705957,1.4805957,1.4005957,1.3905957,2.0605958,1.7505957,1.3405957,0.9305957,0.9605957,1.5505958,0.9405957,2.6805956,1.6605957,0.9705957,-0.4094043,-1.1194043,-1.6194043,-0.30940428,-0.7394043,-1.6194043,-1.0394043,-0.9894043,-1.4094043,-1.5294043,-2.0894043,-1.1394043,-1.1694043,-0.8194043,-1.2594043,-1.3994043,-1.3294044,1.7805957,5.9570314E-4,0.4805957,1.0105957,0.41059572,-2.5894043,-1.0294043,-0.2694043,-1.8294044
1.5405957,1.0605958,1.3905957,1.8005958,0.5005957,1.6405957,2.2005956,1.8405957,-0.3894043,0.58059573,-0.4094043,-1.4694043,1.6905957,2.1105957,1.9505957,2.0605958,0.5105957,0.020595703,-0.5994043,0.7305957,0.47059572,0.2005957,-0.109404296,-0.4394043,-1.6294043,-1.7294043,-1.6294043,-1.6194043,-1.3294044,-0.7594043,-0.3194043,0.6705957,1.5505958,0.7405957,1.2005957,0.8005957,-0.5294043,5.9570314E-4,-2.4494042,-0.6294043,-0.9694043
2.6105957,2.6505957,1.6705956,0.5705957,0.7605957,0.9805957,1.0205957,0.5705957,0.8405957,0.9605957,-0.2694043,0.030595703,-1.8294044,-0.1994043,2.2405958,2.1905956,2.3405957,2.2805958,1.1905957,1.2905957,1.0105957,-0.6194043,-1.1894042,-0.9394043,-0.6394043,-0.7394043,-0.23940429,0.2105957,-0.2594043,-0.2594043,-0.3994043,-0.9794043,-1.0894043,-0.5994043,-0.1894043,0.3705957,-1.0394043,-0.4394043,-0.6994043,0.7405957,-0.9094043
1.1405957,2.3905957,2.3405957,2.4905958,0.9805957,-0.019404298,-0.2594043,-0.5994043,0.23059571,-0.6994043,-0.9994043,1.1405957,0.7505957,1.9805957,4.5605955,2.8405957,1.9005957,2.2905958,0.6505957,0.9805957,-0.6894043,-0.7594043,-1.6794043,-0.6094043,0.5705957,0.8805957,0.8005957,0.7405957,-0.019404298,-0.3694043,-0.7594043,-1.6094043,-1.2894043,-1.6094043,-1.0394043,-1.4994043,-2.0294044,-0.5694043,0.3305957,-0.1694043,-0.5494043
1.6005957,1.6005957,1.0805957,0.3605957,0.070595704,-0.7994043,-0.91940427,-0.27940428,-0.33940428,-0.9794043,-0.6494043,0.5705957,0.9405957,1.3505957,2.0205958,1.3505957,0.7505957,1.6205957,0.7705957,1.2205957,0.2005957,-0.1794043,0.5305957,-0.0894043,2.3205957,1.5205957,0.9705957,-0.4194043,-0.4194043,-0.1894043,0.44059572,-0.1694043,-0.9994043,-1.5994043,-1.3594043,-1.6494043,-1.1794043,-1.0394043,-2.3194044,-1.2794043,-0.9094043
1.4105957,0.8605957,0.41059572,0.8105957,-0.5294043,0.6105957,0.7505957,-0.0894043,0.7305957,-0.4194043,-1.0294043,-0.6794043,1.1305957,1.4705957,0.6805957,-1.4294043,1.0905957,1.5605958,0.4805957,1.7105957,1.4905957,1.6105957,1.8705957,1.7605957,1.4505957,0.5305957,-0.3294043,0.4205957,0.0805957,0.4605957,0.7005957,0.6505957,0.2005957,-0.20940429,-0.4094043,-0.8494043,-1.0894043,-1.1494043,-1.3394043,-0.9094043,-0.1794043
-0.1994043,0.5205957,0.9105957,-0.9394043,-0.1494043,-0.049404297,0.3505957,-0.2994043,-0.8294043,-1.9594043,-1.1594043,-0.8794043,-0.019404298,0.8005957,1.1705956,0.8605957,0.5405957,1.1505957,0.4305957,1.7505957,2.4905958,2.3205957,1.5105957,1.4905957,1.3305957,0.9905957,1.2205957,0.8205957,0.6005957,0.9705957,1.6405957,1.2105957,0.9505957,0.83059573,0.83059573,0.9805957,-0.3794043,-0.5994043,-0.6594043,-0.66940427,-0.4694043
