wind_kz.json
{"header": {"discipline":0,"disciplineName":"Meteorological products","gribEdition":2,"gribLength":871,"center":7,"centerName":"US National Weather Service - NCEP(WMC)","subcenter":0,"refTime":"2023-08-22T12:00:00.000Z","significanceOfRT":1,"significanceOfRTName":"Start of forecast","productStatus":0,"productStatusName":"Operational products","productType":1,"productTypeName":"Forecast products","productDefinitionTemplate":0,"productDefinitionTemplateName":"Analysis/forecast at horizontal level/layer at a point in time","parameterCategory":0,"parameterCategoryName":"UnknownDiscipline_0_Category_0","parameterNumber":0,"parameterNumberName":"UnknownParameter_D0_C0_0","parameterUnit":"Unknown","genProcessType":2,"genProcessTypeName":"Forecast","forecastTime":60,"surface1Type":1,"surface1TypeName":"Ground or water surface","surface1Value":0.0,"surface2Type":255,"surface2TypeName":"Missing","surface2Value":0.0,"gridDefinitionTemplate":0,"gridDefinitionTemplateName":"Latitude_Longitude","numberPoints":615,"shape":6,"shapeName":"Earth spherical with radius of 6,371,229.0 m","gridUnits":"degrees","resolution":48,"winds":"true","scanMode":64,"nx":41,"ny":15,"basicAngle":0,"lo1":47.0,"la1":41.0,"lo2":87.0,"la2":55.0,"dx":1.0,"dy":1.0}, "data":
[rows 0 to 14 of 15, columns 0 to 40 of 41]
295.60004,285.2,290.50003,299.60004,299.2,298.40002,300.40002,303.7,301.90002,300.90002,299.10004,300.10004,299.00003,298.60004,297.7,294.80002,293.7,295.30002,294.7,296.40002,296.60004,294.10004,291.80002,287.00003,289.90002,292.90002,290.30002,275.7,274.30002,276.50003,276.90002,279.60004,287.30002,293.60004,294.00003,294.2,293.60004,295.7,295.7,296.00003,296.2
276.30002,291.10004,299.40002,299.40002,299.60004,298.2,300.30002,300.7,301.30002,300.90002,301.60004,298.30002,297.80002,295.7,292.40002,293.40002,292.40002,292.40002,291.10004,292.60004,294.10004,296.10004,292.30002,286.30002,276.50003,275.80002,284.7,275.00003,276.90002,273.2,279.2,272.2,280.60004,262.80002,276.90002,291.90002,290.90002,293.10004,296.50003,288.90002,283.90002
291.50003,299.2,299.60004,299.7,298.40002,295.80002,296.00003,296.30002,296.30002,296.60004,298.80002,299.30002,295.40002,295.00003,294.40002,292.10004,291.80002,291.00003,290.50003,291.60004,294.7,293.80002,295.00003,288.7,291.2,290.90002,293.80002,291.40002,291.80002,283.60004,274.30002,276.40002,281.30002,280.40002,281.80002,284.60004,276.2,275.80002,278.00003,274.40002,274.40002
292.50003,300.60004,299.90002,298.60004,295.90002,293.60004,294.40002,293.40002,294.2,294.80002,295.7,295.40002,296.00003,295.30002,295.2,291.60004,293.50003,291.40002,290.90002,290.90002,291.50003,287.60004,294.50003,295.00003,292.7,295.2,295.30002,291.50003,292.40002,292.7,294.2,292.50003,295.2,292.30002,291.50003,289.50003,276.7,275.40002,281.80002,291.30002,295.10004
297.2,300.40002,300.30002,299.80002,297.80002,294.90002,294.00003,294.60004,294.40002,293.80002,293.80002,293.60004,296.30002,294.90002,292.10004,293.30002,294.7,294.60004,290.7,293.60004,293.40002,293.00003,292.80002,293.50003,293.90002,294.80002,293.60004,294.40002,293.2,293.50003,297.40002,294.30002,283.60004,272.40002,284.2,292.40002,293.90002,297.10004,297.10004,297.2,297.00003
292.30002,290.60004,298.30002,299.2,299.60004,299.10004,294.7,292.2,293.7,292.90002,293.00003,292.7,294.50003,295.2,294.40002,292.90002,291.90002,292.00003,291.00003,292.50003,293.90002,292.50003,291.2,291.7,291.80002,292.30002,294.90002,293.7,295.60004,297.50003,296.00003,297.7,294.90002,294.90002,292.7,294.2,288.30002,289.7,294.60004,296.50003,295.80002
290.50003,289.10004,291.60004,293.50003,295.00003,292.80002,293.40002,292.2,293.2,293.7,292.10004,294.10004,293.60004,292.80002,293.50003,294.30002,294.2,294.10004,291.10004,289.60004,289.2,290.40002,290.40002,290.40002,289.90002,291.50003,293.80002,295.90002,295.40002,294.80002,295.2,294.2,296.00003,295.90002,295.80002,293.7,288.90002,285.60004,280.10004,279.2,292.10004
292.00003,290.40002,291.7,291.40002,293.2,292.90002,293.90002,292.50003,292.2,291.90002,293.00003,291.40002,293.2,294.10004,293.40002,293.80002,291.7,291.40002,290.7,286.80002,286.50003,286.90002,287.10004,288.00003,287.7,286.90002,288.00003,290.50003,290.7,292.90002,291.90002,294.10004,292.00003,290.7,290.10004,290.60004,292.50003,289.40002,291.60004,291.40002,289.10004
291.40002,292.80002,290.50003,290.40002,292.40002,292.7,292.7,293.10004,290.30002,288.60004,286.7,286.2,285.40002,287.60004,291.2,293.00003,292.50003,291.30002,288.30002,285.7,282.30002,284.60004,285.2,285.7,284.60004,286.50003,285.60004,287.50003,287.80002,284.7,286.60004,290.40002,291.80002,292.60004,292.7,289.10004,287.60004,290.30002,278.00003,280.40002,277.00003
289.10004,291.00003,290.60004,287.60004,288.2,288.90002,291.10004,290.50003,289.2,287.00003,291.2,290.30002,287.90002,288.60004,288.40002,286.90002,287.10004,286.10004,284.80002,284.40002,283.30002,284.90002,286.2,286.10004,284.60004,284.40002,284.80002,287.30002,286.00003,286.40002,288.30002,292.2,294.00003,294.2,292.60004,288.7,289.2,284.50003,281.90002,281.50003,278.80002
288.80002,290.90002,289.50003,288.50003,286.30002,286.40002,286.7,288.80002,286.7,288.40002,284.7,283.10004,286.30002,285.00003,287.30002,287.2,285.10004,284.7,284.7,283.90002,283.40002,283.80002,284.40002,287.7,287.30002,287.30002,283.60004,287.50003,288.7,289.2,291.00003,293.00003,292.50003,292.7,291.7,287.60004,287.40002,284.00003,281.00003,282.40002,281.00003
287.60004,288.50003,287.30002,287.40002,286.50003,286.30002,282.40002,282.40002,284.10004,286.40002,284.50003,281.60004,286.00003,285.60004,284.90002,284.00003,284.50003,284.7,284.10004,284.10004,282.60004,281.60004,281.2,282.7,284.00003,286.80002,287.50003,287.30002,289.2,289.30002,288.10004,289.7,290.7,289.30002,290.30002,289.40002,289.90002,288.2,289.2,288.30002,286.80002
281.80002,285.80002,285.80002,284.50003,279.30002,278.90002,278.50003,278.60004,278.00003,277.30002,277.40002,277.00003,280.2,281.40002,283.2,283.80002,283.2,283.10004,282.30002,281.30002,279.90002,280.2,278.60004,279.80002,282.00003,286.00003,287.30002,287.00003,288.10004,286.2,287.10004,287.90002,289.2,290.00003,290.10004,289.10004,289.10004,291.30002,289.30002,288.40002,288.10004
285.2,285.90002,288.00003,279.00003,278.10004,277.40002,277.60004,279.50003,278.00003,277.30002,277.50003,275.10004,276.00003,278.40002,279.40002,281.00003,281.10004,281.10004,280.30002,280.50003,280.90002,282.40002,283.7,282.90002,283.00003,283.10004,283.60004,284.80002,285.80002,286.90002,288.2,288.30002,287.7,288.40002,288.60004,287.50003,287.90002,288.60004,289.2,289.90002,288.2
284.30002,285.60004,291.2,284.60004,283.2,279.90002,280.60004,277.80002,277.80002,275.7,277.60004,274.30002,277.50003,277.00003,278.80002,283.60004,283.90002,284.00003,285.00003,284.40002,284.60004,280.30002,284.90002,283.90002,281.90002,281.80002,280.7,281.40002,284.50003,284.80002,285.80002,285.90002,285.7,287.30002,288.90002,288.80002,287.80002,287.90002,289.00003,289.50003,288.40002
