wind_kz.json
{"header": {"discipline":0,"disciplineName":"Meteorological products","gribEdition":2,"gribLength":1025,"center":7,"centerName":"US National Weather Service - NCEP(WMC)","subcenter":0,"refTime":"2024-04-09T06:00:00.000Z","significanceOfRT":1,"significanceOfRTName":"Start of forecast","productStatus":0,"productStatusName":"Operational products","productType":1,"productTypeName":"Forecast products","productDefinitionTemplate":0,"productDefinitionTemplateName":"Analysis/forecast at horizontal level/layer at a point in time","parameterCategory":2,"parameterCategoryName":"UnknownDiscipline_0_Category_2","parameterNumber":3,"parameterNumberName":"UnknownParameter_D0_C2_3","parameterUnit":"Unknown","genProcessType":2,"genProcessTypeName":"Forecast","forecastTime":120,"surface1Type":103,"surface1TypeName":"Specified height level above ground","surface1Value":10.0,"surface2Type":255,"surface2TypeName":"Missing","surface2Value":0.0,"gridDefinitionTemplate":0,"gridDefinitionTemplateName":"Latitude_Longitude","numberPoints":615,"shape":6,"shapeName":"Earth spherical with radius of 6,371,229.0 m","gridUnits":"degrees","resolution":48,"winds":"true","scanMode":64,"nx":41,"ny":15,"basicAngle":0,"lo1":47.0,"la1":41.0,"lo2":87.0,"la2":55.0,"dx":1.0,"dy":1.0}, "data":
[rows 0 to 14 of 15, columns 0 to 40 of 41]
2.0029078,2.2229078,-1.7070923,1.8029077,-1.5270923,-1.9370923,-0.5570923,-0.7470923,-0.3870923,1.0129077,0.6629077,-0.8970923,-0.7070923,-1.0270923,-2.0470922,-2.2270923,-1.5170922,-0.6870923,2.0129077,0.4229077,-0.16709228,-1.7670922,-0.18709229,1.8429077,2.1729078,2.0229077,0.112907715,0.24290772,-0.9570923,3.3029077,0.64290774,3.0229077,-1.0370923,-1.1370922,-1.5370923,-1.2170923,0.3929077,0.06290772,-2.9470923,-4.0670924,-0.36709228
-0.5070923,-1.5270923,3.2029078,1.7629077,-0.6370923,-2.3270922,0.022907715,-0.6170923,1.4429077,0.2629077,-0.6970923,-1.2570922,-1.7270923,-1.4670923,-1.7870923,-2.7970922,-2.8070922,-1.1870923,-1.8270923,0.7329077,1.0929077,1.1829077,4.7029076,2.5529077,2.6629076,2.3329077,2.9529078,0.21290772,0.17290771,2.4729078,0.28290772,2.8529077,0.2729077,1.8929077,-0.3170923,2.6929078,1.0129077,2.4929078,1.0329077,-0.6770923,-0.34709227
-1.8670923,0.8229077,3.6229076,2.2529078,-0.097092286,-0.14709228,0.5529077,-1.0570923,1.9629077,1.0629077,-0.60709226,-1.6670923,-1.5870923,-1.2970923,-2.1370924,-2.5770922,-1.8470923,-2.8270922,-3.7270923,-1.9570923,-1.0570923,2.3029077,3.6829078,3.2229078,0.8129077,-0.30709228,-0.39709228,-2.2970922,0.072907716,-0.5770923,-1.7070923,-0.6770923,-3.1770923,-0.7170923,0.8629077,-3.0570922,-2.9170923,1.3229077,0.6029077,1.9129077,2.0629077
-0.42709228,4.0429077,3.5329077,2.0929077,0.06290772,1.9229077,-0.9070923,0.9229077,1.1729077,1.2029077,0.3029077,-0.4470923,-0.60709226,0.2729077,-1.7370923,-3.0270922,-2.8270922,-3.7370923,-4.2770925,-0.8070923,3.6929078,1.6229078,2.5229077,0.5529077,2.2729077,1.2129077,-0.6170923,0.5329077,-1.0170922,-0.07709228,-0.43709227,-0.9070923,0.7429077,1.8629078,0.47290772,1.3029077,3.3629076,3.0229077,-2.7270923,-2.7670922,-1.1970923
-0.6170923,3.7929077,4.2429075,3.4429078,1.4829078,1.6929077,1.4129077,0.64290774,0.5329077,0.082907714,0.9029077,-0.8270923,-0.12709229,0.35290772,1.5729077,-0.33709228,-1.6970923,-3.2770922,-3.3770924,-2.4870923,3.2629077,0.8829077,-0.3270923,2.1729078,1.3429077,2.6029077,1.0729077,-0.5870923,-1.3770922,-0.91709226,-0.30709228,-0.39709228,3.3629076,3.0429077,0.47290772,-0.13709229,3.1829078,-0.2670923,-1.0670923,-1.0570923,-0.8470923
-0.5970923,2.8829076,4.322908,3.1429076,1.9329077,1.7229077,1.5929077,2.1929078,1.9729077,0.41290772,0.8829077,0.6029077,0.2629077,0.09290771,1.8629078,0.44290772,0.4929077,-0.42709228,-1.4370923,-2.5570922,-1.3570923,0.2729077,0.70290774,2.3529077,2.1129076,3.1829078,2.2629077,0.58290774,-0.5270923,-0.20709229,-1.0270923,-0.21709229,2.2629077,2.1029077,1.7529078,11.062908,-1.6370922,5.842908,0.71290773,-0.067092285,0.13290772
-3.6970923,1.2929077,1.7229077,1.0129077,-2.1070924,-1.9270923,1.7729077,3.1129076,1.7829077,0.5029077,-0.21709229,-0.9470923,-1.6970923,-1.1470923,-0.6770923,0.19290772,0.4929077,0.76290774,2.1929078,0.9729077,0.51290774,1.7529078,1.8829077,2.2929077,3.4029076,2.7429078,2.4529078,2.0929077,1.8329077,3.4029076,1.5729077,-1.3770922,-1.1570923,0.20290771,1.9929078,1.7729077,-1.3170923,-0.047092285,2.6329076,1.6829077,4.4129076
1.2029077,-3.0970924,-2.1270924,-1.8670923,-0.79709226,-1.5670923,-1.6070923,-0.3570923,0.35290772,-0.20709229,-1.3270923,-2.6470923,-2.6670923,-3.4470923,-3.1770923,-3.6770923,-2.4570923,0.3029077,2.0929077,2.6029077,2.1229076,3.6029077,3.3429077,4.422908,4.0129075,4.132908,3.0929077,3.5029078,2.5529077,2.5929077,0.2629077,0.9229077,2.5429077,3.0629077,1.9629077,0.7229077,0.23290771,1.1629077,-0.9970923,1.3029077,2.6029077
-1.1470923,-2.5670922,-2.8670924,-2.5870924,-2.6870923,-2.9870923,-2.3370924,-0.7670923,-1.0270923,-1.5570923,-2.1870923,-2.8370924,-3.3870924,-4.387092,-4.697092,-4.327092,-3.7770922,-3.0270922,0.032907713,2.7829077,3.2329078,2.7129078,4.342908,5.302908,5.962908,5.5229077,4.5429077,4.652908,3.2429078,2.7029078,4.482908,4.3329077,2.8629076,4.7629075,6.6629076,6.942908,2.1429076,-0.007092285,1.5329077,0.96290773,0.3029077
-0.7570923,-1.8370923,-2.0570922,-1.9070923,-2.4670923,-1.9170923,-1.8970923,-0.7170923,-0.7770923,-1.4170923,-1.6670923,-2.4470923,-3.5770922,-4.4370923,-4.907092,-4.697092,-4.4670925,-3.9970922,-2.7770922,-1.3170923,2.2829077,2.6629076,1.8529077,2.7529078,5.672908,5.3129077,4.6229076,4.2229075,3.9429078,4.112908,2.7729077,2.8729076,4.4329076,6.0229077,7.5329075,3.3829076,2.0729077,0.47290772,0.7429077,0.8029077,3.0629077
-1.4970922,-1.6970923,-3.0370922,-2.8670924,-2.4370923,-2.1470923,-1.9570923,-1.5670923,-0.91709226,-1.3270923,-1.3670923,-1.9070923,-3.4670923,-5.0270925,-4.5270925,-4.037092,-3.9370923,-3.9070923,-3.7970922,-2.5770922,-1.0670923,-0.4470923,1.2629077,3.4829078,5.0029078,5.0029078,4.5829077,4.9329076,4.4729075,4.462908,3.7829077,3.6129076,5.552908,6.2729077,8.442907,6.692908,2.5429077,2.2629077,2.9329078,2.0429077,1.4229077
-0.14709228,-2.2470922,-1.9370923,-2.8170922,-2.7370923,-2.9870923,-2.9670923,-2.5970924,-0.9570923,-1.7470922,-0.9970923,-1.5270923,-3.4770923,-3.6970923,-4.2770925,-4.1670923,-4.0670924,-3.9070923,-4.2370925,-4.0670924,-3.6370924,-3.4070923,-2.4270923,1.7529078,3.9629078,3.7729077,4.4329076,4.7529078,4.2929077,3.8729076,2.3629076,3.3729076,4.9729075,4.9729075,6.112908,7.4529076,5.422908,2.5729077,1.5429077,2.1529076,0.6329077
-0.54709226,-1.4970922,-2.6870923,-2.2370923,-2.7470922,-2.1070924,-2.9670923,-3.5370922,-3.5070922,-3.7770922,-2.3070922,-3.2470922,-3.7470922,-4.3370924,-4.0270925,-4.0270925,-4.1670923,-4.117092,-4.137092,-3.5370922,-3.0470922,-1.9870923,-2.1570923,-3.2670922,-2.2570922,1.1129078,0.7929077,3.3729076,3.4429078,2.8429077,4.112908,4.9929075,4.322908,4.422908,5.552908,5.442908,4.822908,2.1929078,3.5229077,4.1029077,1.5129077
-0.49709228,-1.8670923,-1.7170923,-1.9170923,-2.2570922,-3.0370922,-3.4770923,-3.6270924,-3.5970924,-3.7670922,-2.7970922,-2.5770922,-4.4970922,-4.3370924,-4.9370923,-5.057092,-4.787092,-4.2170925,-3.8570924,-3.4870923,-3.8270922,-2.9470923,-2.3070922,-1.2370923,-1.6770923,1.5129077,-0.5170923,0.6329077,3.0829077,3.3329077,4.052908,3.6629076,2.6229076,3.7329078,3.4829078,4.212908,4.1629076,5.2729077,4.3529077,4.3529077,5.7029076
0.2729077,-0.66709226,-1.2570922,-1.4070923,-2.5070922,-2.8670924,-3.1570923,-3.3870924,-3.7170923,-3.4170923,-1.9070923,-2.4470923,-2.6270924,-3.0370922,-4.8770924,-4.767092,-4.787092,-4.577092,-4.2770925,-3.6470923,-3.4970922,-2.4970922,-2.7670922,-0.6470923,0.032907713,-0.4170923,0.2629077,2.3729076,2.0429077,2.2929077,4.2829075,2.8529077,3.1529076,3.4229078,2.6329076,3.3929076,4.322908,4.232908,4.8329077,6.0229077,4.612908
