wind_kz.json
[{"header":{"discipline":0,"disciplineName":"Meteorological products","gribEdition":2,"gribLength":871,"center":7,"centerName":"US National Weather Service - NCEP(WMC)","subcenter":0,"refTime":"2023-09-21T00:00:00.000Z","significanceOfRT":1,"significanceOfRTName":"Start of forecast","productStatus":0,"productStatusName":"Operational products","productType":1,"productTypeName":"Forecast products","productDefinitionTemplate":0,"productDefinitionTemplateName":"Analysis/forecast at horizontal level/layer at a point in time","parameterCategory":0,"parameterCategoryName":"UnknownDiscipline_0_Category_0","parameterNumber":0,"parameterNumberName":"UnknownParameter_D0_C0_0","parameterUnit":"Unknown","genProcessType":2,"genProcessTypeName":"Forecast","forecastTime":0,"surface1Type":1,"surface1TypeName":"Ground or water surface","surface1Value":0.0,"surface2Type":255,"surface2TypeName":"Missing","surface2Value":0.0,"gridDefinitionTemplate":0,"gridDefinitionTemplateName":"Latitude_Longitude","numberPoints":615,"shape":6,"shapeName":"Earth spherical with radius of 6,371,229.0 m","gridUnits":"degrees","resolution":48,"winds":"true","scanMode":64,"nx":41,"ny":15,"basicAngle":0,"lo1":47.0,"la1":41.0,"lo2":87.0,"la2":55.0,"dx":1.0,"dy":1.0},"data":[291.9,282.0,285.5,294.9,295.1,294.5,292.1,291.4,288.7,288.9,288.1,289.4,288.7,288.4,288.6,286.9,287.2,288.2,286.1,287.2,288.5,284.9,284.0,282.0,284.8,285.9,282.7,270.0,267.4,269.8,270.8,272.6,282.2,290.0,291.8,292.0,293.1,292.5,290.9,291.4,292.1,272.3,285.5,294.6,294.6,294.6,293.2,290.3,289.0,288.1,288.0,288.8,287.7,287.0,285.6,284.7,285.9,286.6,289.3,291.3,290.0,285.1,287.0,289.9,280.8,269.3,269.7,275.9,267.9,268.7,269.4,271.9,263.1,273.0,251.8,271.8,286.4,286.2,289.7,291.9,285.5,283.9,288.6,293.7,294.7,294.5,292.3,289.4,288.9,287.9,287.3,286.7,286.2,286.9,284.4,285.2,287.2,284.7,286.0,286.3,288.9,289.6,285.8,290.8,285.1,281.0,284.5,283.2,284.0,282.3,281.6,274.6,268.8,271.1,277.3,274.2,275.6,277.1,271.7,275.0,274.8,272.5,272.8,290.9,293.6,295.0,293.8,291.7,288.3,289.0,288.1,288.5,288.3,288.2,288.2,292.4,291.9,288.0,286.5,290.1,289.7,290.1,287.2,284.9,279.4,286.1,286.8,286.3,287.8,287.0,282.6,282.9,283.9,284.1,280.7,284.5,283.2,281.7,282.5,273.4,266.9,277.6,285.0,288.7,290.3,293.3,294.1,293.1,291.8,288.9,289.4,288.7,288.0,287.8,288.4,290.9,291.5,290.4,288.7,287.8,288.4,288.6,289.7,288.3,288.5,290.6,287.9,290.0,288.8,285.3,283.3,286.1,284.3,284.0,286.4,284.5,274.6,265.2,275.7,283.1,288.2,287.6,289.2,289.8,290.0,288.2,287.1,292.2,292.6,293.0,292.5,288.0,288.9,287.1,287.2,288.0,288.1,290.8,291.4,291.0,287.4,289.1,287.2,288.3,290.6,288.8,287.2,289.8,286.3,285.4,282.2,283.1,289.7,285.8,285.9,285.4,286.7,285.5,284.7,281.8,284.7,277.1,279.7,285.6,288.5,289.0,287.8,286.8,290.1,289.8,289.4,287.2,287.7,286.9,287.4,288.4,287.0,287.7,289.8,288.7,289.2,288.4,288.9,288.9,287.9,288.4,288.4,287.3,287.2,287.3,283.5,283.2,281.9,286.4,286.8,285.8,285.4,285.8,286.2,287.1,285.6,282.9,280.5,275.7,274.6,278.2,286.7,288.1,287.5,288.3,288.1,288.1,287.4,286.5,285.4,285.2,285.8,285.9,285.4,285.3,286.7,286.5,286.8,287.1,286.8,286.5,284.1,284.2,286.2,283.6,285.6,282.8,278.9,283.5,284.3,282.2,283.1,284.0,285.9,285.2,281.9,283.0,282.9,285.7,288.4,283.3,284.1,285.0,286.8,286.1,286.2,285.2,286.1,285.0,284.1,284.9,284.6,284.2,283.9,283.8,283.5,284.6,284.0,284.7,284.6,284.6,284.1,284.6,282.8,284.3,282.9,282.3,279.4,284.7,283.3,282.5,282.4,282.0,282.9,283.4,284.5,285.6,284.8,283.9,283.5,283.3,275.7,275.9,274.0,286.1,285.4,284.8,283.4,283.7,283.3,283.1,283.5,283.5,282.8,281.9,281.9,282.2,282.0,281.9,282.8,283.0,283.0,283.2,286.3,282.6,282.7,283.1,283.0,282.5,283.9,282.2,283.3,283.9,284.1,284.9,285.5,285.4,285.1,284.9,285.0,282.6,279.7,277.9,276.7,274.3,284.9,283.7,283.5,281.9,281.9,281.3,281.8,280.1,281.1,280.7,280.7,279.6,280.0,279.7,280.3,280.8,281.5,282.2,283.5,284.3,285.1,282.4,282.9,284.5,284.7,284.8,283.8,285.7,286.2,284.5,286.0,287.0,287.3,286.1,286.6,284.0,281.0,278.7,279.0,278.2,277.1,283.2,283.5,283.0,282.2,281.3,280.3,278.9,278.9,279.0,279.3,277.6,278.5,279.4,278.5,279.3,279.5,280.2,280.1,281.3,283.5,283.1,283.6,283.8,282.6,284.4,285.9,282.4,286.8,286.6,287.6,283.7,284.9,284.6,284.7,284.9,284.1,284.1,282.9,283.0,282.8,281.5,283.3,282.5,282.7,280.8,281.6,280.5,278.8,278.1,276.3,276.4,276.5,275.3,278.6,277.5,278.4,278.8,279.4,279.0,279.9,279.5,281.2,279.0,282.3,282.6,284.1,283.1,284.4,287.1,284.2,283.4,283.3,283.5,283.3,282.9,283.3,283.8,283.5,284.1,283.0,281.9,281.4,282.5,283.4,285.5,283.0,280.9,279.9,279.1,279.3,278.5,277.8,277.0,275.7,275.3,277.6,278.1,278.7,278.9,278.5,278.1,278.3,278.3,278.9,280.2,280.8,281.6,282.3,282.4,285.6,286.5,286.0,282.8,282.0,282.0,281.5,282.1,281.3,281.3,281.0,280.7,280.1,280.2,283.2,284.4,287.6,283.7,282.6,281.6,282.2,280.5,280.2,278.0,278.3,277.3,277.0,275.9,277.9,278.3,278.3,278.5,278.3,278.6,278.4,278.5,278.3,278.4,279.4,279.9,280.1,281.1,282.2,284.9,284.8,285.0,280.0,283.1,281.7,281.1,280.3,280.2,283.7,280.2,280.0]},{"header":{"discipline":0,"disciplineName":"Meteorological products","gribEdition":2,"gribLength":1025,"center":7,"centerName":"US National Weather Service - NCEP(WMC)","subcenter":0,"refTime":"2023-09-21T00:00:00.000Z","significanceOfRT":1,"significanceOfRTName":"Start of forecast","productStatus":0,"productStatusName":"Operational products","productType":1,"productTypeName":"Forecast products","productDefinitionTemplate":0,"productDefinitionTemplateName":"Analysis/forecast at horizontal level/layer at a point in time","parameterCategory":2,"parameterCategoryName":"UnknownDiscipline_0_Category_2","parameterNumber":2,"parameterNumberName":"UnknownParameter_D0_C2_2","parameterUnit":"Unknown","genProcessType":2,"genProcessTypeName":"Forecast","forecastTime":0,"surface1Type":103,"surface1TypeName":"Specified height level above ground","surface1Value":10.0,"surface2Type":255,"surface2TypeName":"Missing","surface2Value":0.0,"gridDefinitionTemplate":0,"gridDefinitionTemplateName":"Latitude_Longitude","numberPoints":615,"shape":6,"shapeName":"Earth spherical with radius of 6,371,229.0 m","gridUnits":"degrees","resolution":48,"winds":"true","scanMode":64,"nx":41,"ny":15,"basicAngle":0,"lo1":47.0,"la1":41.0,"lo2":87.0,"la2":55.0,"dx":1.0,"dy":1.0},"data":[0.049138796,0.1291388,1.8291388,-3.3608613,-4.8408613,-6.1708612,-4.4908614,-4.1508613,-3.6108613,-1.7008612,-2.1208613,-3.4508612,-2.9808612,-2.5008612,-2.0308611,-2.080861,0.3291388,1.6791388,-2.5308611,-0.4008612,1.3491387,0.9591388,0.9291388,0.8391388,0.0991388,-0.4308612,-3.0308611,-0.4208612,-0.3608612,0.1891388,1.6491388,0.8991388,0.009138794,-1.6308612,-2.5208611,2.7991388,2.3391387,2.189139,-1.7308612,-3.4008613,-0.9908612,2.1191387,-0.5408612,-7.7608614,-6.7208614,-6.910861,-6.3008614,-2.9008613,-3.2308612,-3.0108612,-2.5108612,-1.4108613,-2.3608613,-1.4408612,-0.9708612,-0.7108612,-0.7808612,1.5191388,-1.1008612,-0.4208612,-0.32086122,2.8591387,2.3391387,-0.3708612,-0.4708612,0.109138794,0.9491388,-0.6408612,0.5791388,-0.7908612,-0.2308612,0.5291388,0.3291388,-0.1508612,-2.320861,0.4691388,-0.13086121,2.5491388,0.6191388,-0.3908612,1.8291388,1.0191388,-2.4808612,-9.840861,-8.990861,-7.830861,-5.930861,-4.1308613,-2.9308612,-1.1508613,-1.9908612,-1.8308612,1.1291388,0.8891388,1.5891387,1.6291388,0.3691388,0.48913878,0.6391388,1.4691387,2.1491387,0.9191388,0.48913878,-1.5108612,-0.4908612,0.2391388,-0.050861206,-1.5608612,-1.3108612,-1.5608612,-3.1008613,-0.26086122,-0.6108612,0.2791388,1.1091388,0.3091388,0.1291388,-0.5908612,0.11913879,0.2191388,5.0091386,3.189139,-0.3008612,-6.200861,-8.870861,-8.770862,-5.8208613,-4.6308613,-2.6608613,-8.6120603E-4,0.4191388,1.6991388,2.7391388,2.9591389,2.9591389,4.0791388,3.7191389,3.0291388,2.169139,2.1491387,1.0691388,0.8491388,2.1291387,1.5591388,0.7591388,1.4591388,0.1791388,-1.9408612,-0.9708612,1.7091388,-1.0708612,1.8491387,2.5391388,-0.3808612,-1.2108612,-2.3708613,-2.0008612,-1.9908612,-1.4808612,-0.8308612,1.8891388,-0.3908612,1.4791389,-1.1808612,-6.1308613,-8.050861,-8.570861,-6.2608614,-4.3808613,-2.0208611,-0.6908612,1.2291389,1.3891388,2.7291389,3.0791388,3.6191387,3.1091387,3.7991388,0.5391388,2.0891387,2.3591387,2.7291389,2.4791389,3.2291389,1.9191388,3.7091389,1.9491388,2.2091389,-8.6120603E-4,-1.5808612,-0.26086122,2.2391388,2.4891388,2.919139,2.3291388,-0.2408612,-0.4408612,1.8691388,2.7491388,1.0091388,2.3391387,2.3791387,3.669139,5.229139,4.5091386,-3.9508612,-3.570861,-5.060861,-3.7608612,-3.0508611,-2.1408613,-1.8008612,-0.2308612,0.5991388,3.4891388,3.6091387,2.1391387,1.6491388,-3.4708612,3.3791387,2.169139,2.5891387,2.1991389,1.6891388,1.6691388,0.0991388,1.2491388,1.1191388,-0.7808612,-2.4008613,-1.6508613,2.0191388,2.5091388,3.0691388,5.059139,6.5091386,6.939139,6.8491387,7.609139,1.0691388,-0.8208612,1.5091388,2.4891388,6.379139,-0.040861204,0.059138793,-2.7808611,-2.1008613,-1.4808612,-3.1708612,-2.9308612,-2.310861,-1.5508612,-1.2308612,-0.3408612,0.45913878,0.19913879,1.2791388,-0.87086123,-3.070861,-1.1308612,0.009138794,0.7591388,-0.2508612,2.1391387,0.26913878,1.3291388,1.8691388,1.4491388,-1.2308612,-1.6808612,0.11913879,0.8591388,1.5291388,2.8391387,4.0091386,3.5691388,5.549139,7.879139,5.689139,-1.3108612,-2.0408611,-0.2508612,0.6091388,0.5091388,0.3091388,0.1791388,-3.2408612,-3.2108612,-2.5008612,-2.3708613,-2.5008612,-2.1708612,-1.8908612,-1.4208612,-0.0808612,-1.4608612,-3.2508612,-3.9608612,-3.0008612,-2.1008613,-1.6908612,-0.4608612,0.19913879,0.0991388,0.5791388,-0.060861208,0.8391388,-0.020861207,-2.3908613,-1.8808612,-1.6608613,-0.3808612,0.039138794,1.6791388,1.6991388,0.9891388,-0.040861204,-0.8908612,1.2791388,3.3491387,4.5991387,3.2591388,-3.0908613,-2.7408612,1.2291389,1.8091388,0.2091388,-2.9508612,-2.330861,-2.4108613,-2.5508611,-2.4108613,-2.1708612,-1.6308612,-1.4808612,-2.830861,-2.5508611,-3.0308611,-2.9808612,-2.3508613,-1.8208612,-1.5808612,-0.7508612,-0.3308612,-0.3608612,-0.030861206,-1.0908612,-1.7108612,-2.4008613,-1.3908612,-1.3708612,-1.4508612,-0.5508612,1.3191388,1.0991387,1.1091388,0.3191388,-2.2108612,0.4091388,-0.6408612,-0.070861205,2.9791389,-1.1508613,-1.5708612,-0.6908612,0.8291388,0.0991388,0.1291388,-1.8708612,-1.6908612,-1.4008613,-1.0708612,-2.0008612,-1.6808612,-2.0208611,-2.330861,-2.580861,-2.3408613,-2.6808612,-2.7908611,-1.8108612,-1.2408612,-1.3308612,-0.6708612,-0.6308612,-0.4008612,-0.16086121,-1.9008613,-1.8508612,-0.8208612,-2.4408612,-2.6608613,-1.2208612,-0.5808612,-0.3308612,-1.2408612,-0.040861204,1.0991387,1.6091388,1.6291388,1.7091388,-0.6608612,-4.190861,-3.3808613,-2.1408613,-0.9708612,0.109138794,0.2191388,-1.0908612,0.29913878,0.24913879,-0.1808612,-0.22086121,-0.5908612,-0.8308612,-1.3008612,-1.0608612,-1.2108612,-0.7608612,-1.2408612,-0.9908612,-1.2108612,-1.5408612,-1.3108612,-1.3408612,-0.9808612,-0.3808612,-0.62086123,-2.080861,-1.6308612,-2.2108612,-1.3808612,-1.4908612,0.039138794,-0.29086122,1.1691388,0.8391388,0.3491388,1.1191388,0.26913878,1.1191388,-1.5208611,0.8491388,0.2191388,-1.5008612,-0.9108612,-0.030861206,0.68913877,1.6791388,-0.2708612,0.13913879,1.5991387,1.6591388,1.1091388,1.0191388,0.8591388,0.56913877,-0.1708612,-0.020861207,-0.32086122,-0.7208612,0.8091388,-0.5708612,-0.6408612,-0.3308612,-0.9208612,-1.1708612,-0.2808612,-1.3308612,-1.1708612,-2.1108613,-1.7108612,-2.6308613,-1.3308612,-1.3708612,-1.3408612,-0.5808612,0.6991388,0.3891388,-1.4008613,-0.6408612,-1.5408612,-1.0508612,-1.4408612,-1.0908612,-1.7608612,-1.3108612,-0.6308612,0.7291388,0.3491388,-0.060861208,1.4891388,1.4991388,1.7791388,1.5391388,1.5791388,0.5791388,0.9091388,0.8491388,0.87913877,-0.5708612,-0.4908612,0.9691388,1.0191388,1.8291388,1.5791388,0.9491388,0.2791388,0.009138794,-0.16086121,-0.4108612,-0.8908612,-1.2708611,-0.4908612,-0.2808612,0.9291388,0.059138793,1.2891388,0.56913877,-0.81086123,-0.7208612,-1.4408612,-1.2008612,-0.8808612,-1.6108612,-1.4208612,-2.1308613,-1.0508612,-0.5108612,-1.5508612,-0.9708612,-0.5508612,2.5091388,1.6891388,1.1491388,2.1091387,0.7991388,1.0491388,1.1791388,1.5291388,1.2791388,0.5191388,-0.5508612,0.4791388,1.3591388,2.0791388,2.2391388,2.3791387,2.3091388,1.7391388,0.5891388,0.7491388,0.7091388,0.4191388,0.7691388,0.3391388,0.3291388,0.2891388,0.07913879,0.7091388,0.7291388,0.5891388,-0.7308612,-0.62086123,-0.5408612,-1.5608612,-0.4608612,-0.7708612,-0.7408612,-1.0208611,-1.4808612,-0.9508612,-0.7508612,0.8891388,2.7191389,2.5591388,1.8291388,1.9591388,2.0291388,2.9591389,2.1091387,2.2091389,0.5791388,-0.4608612,0.6391388,1.0791388,1.3691388,3.2491388,2.5491388,2.9491389,3.0991387,2.2991388,2.8491387,2.2991388,2.179139,1.8891388,1.0791388,1.0991387,1.0691388,0.6391388,0.5491388,0.6391388,-0.040861204,-0.10086121,-0.030861206,-0.2708612,0.8691388,0.3991388,0.3291388,-0.22086121,0.4191388,1.6091388,-0.56086123,-0.81086123]},{"header":{"discipline":0,"disciplineName":"Meteorological products","gribEdition":2,"gribLength":1025,"center":7,"centerName":"US National Weather Service - NCEP(WMC)","subcenter":0,"refTime":"2023-09-21T00:00:00.000Z","significanceOfRT":1,"significanceOfRTName":"Start of forecast","productStatus":0,"productStatusName":"Operational products","productType":1,"productTypeName":"Forecast products","productDefinitionTemplate":0,"productDefinitionTemplateName":"Analysis/forecast at horizontal level/layer at a point in time","parameterCategory":2,"parameterCategoryName":"UnknownDiscipline_0_Category_2","parameterNumber":3,"parameterNumberName":"UnknownParameter_D0_C2_3","parameterUnit":"Unknown","genProcessType":2,"genProcessTypeName":"Forecast","forecastTime":0,"surface1Type":103,"surface1TypeName":"Specified height level above ground","surface1Value":10.0,"surface2Type":255,"surface2TypeName":"Missing","surface2Value":0.0,"gridDefinitionTemplate":0,"gridDefinitionTemplateName":"Latitude_Longitude","numberPoints":615,"shape":6,"shapeName":"Earth spherical with radius of 6,371,229.0 m","gridUnits":"degrees","resolution":48,"winds":"true","scanMode":64,"nx":41,"ny":15,"basicAngle":0,"lo1":47.0,"la1":41.0,"lo2":87.0,"la2":55.0,"dx":1.0,"dy":1.0},"data":[-0.4762451,-1.0862451,2.873755,5.9437547,5.043755,3.5237548,0.93375486,0.68375486,-0.50624514,-1.3162451,-1.5062451,-0.6162451,-1.0462451,-1.9962451,-2.816245,-3.7162452,-3.6862452,-3.7562451,-0.9762451,-1.0162451,-1.1562451,0.3037549,0.06375489,0.41375488,-2.376245,-1.9062451,-2.4262452,1.3537549,0.9037549,-1.0062451,-3.036245,-2.786245,-0.74624515,2.0037549,-3.296245,1.3237549,-2.5162451,-3.546245,-2.376245,-5.8262453,1.5637549,3.403755,2.4937549,7.513755,4.933755,4.283755,3.7737548,0.7937549,0.38375488,-0.5262451,0.7137549,-0.09624512,-1.1962451,-1.6962451,-2.096245,-3.4262452,-3.4862452,-3.4762452,-4.916245,-3.2262452,-1.7962451,-1.8762451,1.0137548,0.81375486,1.8437549,0.043754883,0.12375488,0.5137549,2.133755,-0.26624513,1.8737549,0.6637549,-0.5162451,-2.4962451,-3.046245,-3.536245,-4.906245,-5.256245,-3.9962451,-4.676245,-3.2362452,-3.846245,2.5637548,5.9437547,5.6937547,2.5437548,2.7937548,1.7937549,1.1337548,0.38375488,0.39375487,0.23375489,-0.09624512,-0.87624514,-0.5962451,-1.8662452,-2.9162452,-3.7362452,-3.056245,-2.2062452,-2.4062452,-3.606245,-3.4662452,0.2837549,1.9237549,0.35375488,1.1837549,2.383755,1.8337549,1.0037549,0.50375485,1.6637549,1.8437549,0.5137549,1.9437549,-1.5062451,0.5137549,0.6437549,0.13375488,-1.0362451,-0.94624513,-1.2362452,-2.4062452,1.2637548,3.0137548,3.2737548,1.8037549,0.3337549,0.23375489,0.81375486,0.99375486,0.5337549,0.3737549,-1.6562451,-1.4062451,1.7237549,-0.2862451,-2.076245,-2.846245,-3.636245,-3.396245,-3.086245,-2.9062452,-1.8262451,-0.3462451,0.23375489,-1.9062451,-0.22624512,-3.1662452,-0.106245115,-0.03624512,2.723755,1.1237549,2.2437549,0.9437549,-0.7062451,-1.0962452,-0.9862451,-0.6762451,1.2137549,3.3237548,-0.06624512,3.2537549,1.6237549,0.62375486,2.163755,0.8237549,0.5737549,0.3137549,-0.56624514,-1.1562451,-0.2562451,-1.8362451,-1.5762451,-1.2262452,-1.5162451,1.0237548,-0.87624514,-3.7162452,-2.1662452,-2.376245,-2.9162452,-1.4462451,-1.9362451,-0.9562451,-1.0662451,-0.5462451,0.5337549,1.2537549,1.4037548,1.9337549,-1.5962452,-1.7262452,0.11375488,2.0937548,2.9837549,3.5737548,3.143755,-0.4662451,-0.5362451,0.5237549,0.4937549,0.5837549,1.5137548,1.3737549,0.19375488,-1.1862451,-1.7062451,-2.576245,-1.9962451,-2.9862452,-2.526245,-2.4862452,-1.5562451,-1.2762451,-1.1462451,1.1137549,-2.056245,0.47375488,-1.4262451,-3.7662451,-2.9362452,-2.366245,-2.4862452,-2.4362452,-0.21624511,-0.8662451,-0.6662451,1.2337549,1.7537549,1.6437548,-0.9562451,-1.0762451,-1.1162452,0.9237549,3.953755,5.703755,5.473755,2.8437548,3.3237548,1.3437549,2.183755,0.18375488,-2.566245,-1.8162451,0.7237549,0.55375487,0.21375488,-0.8662451,-0.20624512,-1.9462451,-2.136245,-2.9062452,-3.076245,-2.786245,-3.1862452,-3.126245,-0.27624512,0.4637549,-2.1762452,-3.1662452,-3.9762452,-4.156245,-3.6962452,-2.9262452,-2.086245,-1.9462451,-1.9962451,3.0237548,1.1537548,0.99375486,-0.05624512,-1.7862451,-3.4962451,-2.346245,-4.016245,1.6237549,2.8237548,5.073755,5.033755,4.1137547,0.6337549,0.55375487,1.5937549,-0.99624515,0.023754884,-3.2562451,1.7237549,1.1737549,1.2637548,0.0037548828,-1.6862451,-2.2162452,-2.626245,-3.146245,-2.886245,-3.126245,-2.396245,-0.6662451,-2.866245,-2.7262452,-3.526245,-4.196245,-4.356245,-4.986245,-3.866245,-2.396245,-2.4262452,-1.8262451,-0.50624514,0.39375487,1.1337548,0.073754884,-1.5062451,-2.9662452,-1.9062451,-4.146245,-4.126245,-2.086245,0.11375488,4.4437547,6.6937547,1.8137549,3.0937548,2.8237548,-0.21624511,-0.5962451,-0.16624512,1.5137548,1.7137549,0.86375487,0.17375489,-0.7862451,-2.0062451,-2.7462451,-2.9162452,-1.8062451,-1.8262451,-1.9262451,-1.7462451,-2.4162452,-3.2462451,-3.2162452,-4.0762453,-4.3662453,-4.516245,-4.0362453,-3.826245,-0.016245117,-1.8162451,0.81375486,1.0737549,0.13375488,-0.7962451,0.03375488,-0.9562451,-2.136245,-1.7862451,-2.5162451,-4.376245,-5.196245,-1.8962451,1.0437549,2.703755,1.7937549,1.6337548,3.103755,0.75375485,0.6637549,1.9937549,1.6937549,1.6937549,0.93375486,-0.7362451,-1.4862452,-1.9262451,-2.646245,-1.6962451,-0.7662451,-0.99624515,-1.6762451,-2.146245,-2.896245,-3.4062452,-3.816245,-4.106245,-4.5762453,-4.146245,-3.146245,-2.816245,-2.866245,-1.5062451,0.5137549,1.8237549,-0.4762451,-2.366245,-1.7862451,-1.9562451,-2.9062452,-1.5662451,-0.8562451,-1.0762451,-1.3762451,-3.556245,-1.2662451,0.4337549,-0.06624512,1.6837549,2.7737548,2.0637548,2.353755,2.2837548,1.8637549,0.9237549,-0.03624512,-0.4362451,-0.6662451,-0.9862451,-1.5762451,0.013754883,-0.24624512,-0.45624512,-1.8362451,-2.286245,-3.126245,-3.2262452,-3.776245,-4.5362453,-4.446245,-4.7862453,-3.816245,-2.026245,-2.4562452,-1.8562452,0.9437549,-0.23624511,-1.6662451,-2.296245,-2.2662451,-2.596245,-3.9862452,-2.7662451,-1.7262452,-1.8862451,0.23375489,1.9337549,0.8437549,0.5837549,0.68375486,0.86375487,0.8937549,1.6837549,1.8937548,1.7137549,2.0537548,1.6637549,0.93375486,0.11375488,-0.30624512,-1.3962451,-0.4762451,0.3337549,-0.24624512,-0.35624513,-1.1762451,-2.136245,-2.546245,-2.816245,-3.646245,-3.586245,-4.046245,-3.7662451,-4.006245,-3.386245,-3.2062452,-3.306245,-3.0162451,-2.316245,-3.116245,-3.026245,-1.8762451,-2.7562451,-2.646245,-2.056245,-2.1962452,-1.6262451,-1.3662452,0.0037548828,1.1437548,0.93375486,1.4837549,0.3337549,2.3037548,2.5037549,2.7737548,1.7637548,1.9037548,0.86375487,0.9537549,1.2337549,0.7937549,0.42375487,0.15375489,-0.06624512,1.7737548,0.4637549,-0.3462451,-1.1362451,-1.8362451,-2.2062452,-2.9262452,-3.0162451,-2.576245,-2.376245,-2.306245,-2.596245,-3.536245,-3.286245,-3.4062452,-3.076245,-2.7562451,-2.566245,-2.276245,-2.646245,-2.7462451,-1.9362451,-2.066245,-1.1362451,-2.096245,-1.6262451,-1.5962452,-0.9562451,-0.6562451,2.7637548,2.893755,3.3137548,3.183755,2.363755,2.5437548,1.9537549,2.3237548,1.7937549,2.2737548,1.4637549,0.09375488,-0.45624512,1.4137549,0.80375487,0.7237549,0.3137549,0.06375489,-1.0762451,-1.5362451,-1.9262451,-2.126245,-2.396245,-2.576245,-2.7562451,-3.2562451,-3.6662452,-3.386245,-2.7462451,-0.15624511,-1.6262451,-1.6962451,-2.2162452,-2.0062451,-1.8062451,-2.0162451,-1.9862452,-1.6862451,-1.5062451,-1.3362451,-1.0662451,2.7937548,2.923755,3.4837549,3.463755,3.903755,3.3237548,3.173755,3.173755,3.0237548,2.463755,1.8637549,2.5037549,2.393755,0.023754884,1.2637548,1.8337549,1.1537548,1.0537549,1.3137549,0.5937549,0.03375488,-0.50624514,-0.75624514,-1.7362452,-2.1962452,-2.4162452,-2.876245,-2.806245,-2.796245,-2.4562452,-2.566245,-2.366245,-0.006245117,-1.6062452,-1.9962451,-0.4462451,-0.9662451,-1.0462451,-0.4062451,1.2437549,0.3337549]}]