wind_kz.json
{"header": {"discipline":0,"disciplineName":"Meteorological products","gribEdition":2,"gribLength":1025,"center":7,"centerName":"US National Weather Service - NCEP(WMC)","subcenter":0,"refTime":"2023-09-08T06:00:00.000Z","significanceOfRT":1,"significanceOfRTName":"Start of forecast","productStatus":0,"productStatusName":"Operational products","productType":1,"productTypeName":"Forecast products","productDefinitionTemplate":0,"productDefinitionTemplateName":"Analysis/forecast at horizontal level/layer at a point in time","parameterCategory":2,"parameterCategoryName":"UnknownDiscipline_0_Category_2","parameterNumber":2,"parameterNumberName":"UnknownParameter_D0_C2_2","parameterUnit":"Unknown","genProcessType":2,"genProcessTypeName":"Forecast","forecastTime":180,"surface1Type":103,"surface1TypeName":"Specified height level above ground","surface1Value":10.0,"surface2Type":255,"surface2TypeName":"Missing","surface2Value":0.0,"gridDefinitionTemplate":0,"gridDefinitionTemplateName":"Latitude_Longitude","numberPoints":615,"shape":6,"shapeName":"Earth spherical with radius of 6,371,229.0 m","gridUnits":"degrees","resolution":48,"winds":"true","scanMode":64,"nx":41,"ny":15,"basicAngle":0,"lo1":47.0,"la1":41.0,"lo2":87.0,"la2":55.0,"dx":1.0,"dy":1.0}, "data":
[rows 0 to 14 of 15, columns 0 to 40 of 41]
-2.4917176,0.11828247,2.2682824,2.6182826,0.6782825,0.77828246,0.33828247,3.9682825,-6.9517174,-6.4317174,-5.2717175,-5.8917174,-4.9917173,-5.1517177,-5.5117173,-5.4317174,-4.9117174,-5.2217174,-5.4017177,-4.0117173,-2.3117175,0.27828246,0.11828247,-0.36171752,-1.4617175,-2.9717176,-1.9317175,0.64828247,1.9982824,1.3682824,2.1282825,0.45828247,-0.31171754,0.18828247,-4.8517175,-4.0017176,-4.4017177,-4.6517177,-5.6517177,-4.6217175,-5.3017178
1.1182824,1.1482825,2.7382824,1.6482825,0.6282825,-2.1017175,-4.7117176,-11.771717,-9.901717,-6.6917176,-8.731717,-6.4717174,-5.2317176,-5.9217176,-4.8217177,-4.2317176,-3.8117175,-4.7417173,-3.4317176,-1.6617175,-1.6617175,-3.0817175,-0.49171752,-2.0417175,1.3582824,0.9982825,-0.8117175,2.5782824,-1.3117175,-0.05171753,0.48828247,0.6282825,1.4482825,-0.83171755,0.71828246,1.3482825,-1.0417175,0.64828247,-2.0317175,0.31828249,-5.6517177
0.12828247,1.2482824,1.8482825,0.85828245,-2.1717176,-4.7917175,-3.8717175,-4.8617177,-10.511718,-9.811718,-7.5217175,-8.191717,-6.0217175,-3.7417176,-4.5417175,-3.4717176,-4.1917176,-3.2517176,-2.3417175,-1.1917175,-1.0817175,-7.0617175,-6.1617174,-6.7517176,0.07828247,-3.1817176,-2.1217175,1.3282825,-1.3117175,-0.47171754,-0.66171753,0.97828245,1.3582824,-0.53171754,-0.70171756,-0.8017175,-0.8717175,-0.07171753,2.2482824,3.1382825,2.9282825
-1.4317175,-0.78171754,2.0982826,-0.7917175,-3.3417175,-2.2717175,-2.3617175,-3.4417176,-4.5317173,-8.141718,-8.241717,-6.6817174,-4.2617173,-5.7717175,-3.3817174,-4.8017178,-3.5217175,-2.4217176,-2.0917175,-2.5717175,-4.7217174,-4.7817173,-1.5617175,-3.4417176,-3.4617176,-4.0917177,-4.4017177,-6.9617176,-3.0017176,-0.09171753,-0.64171755,-0.95171756,2.1082826,-1.5217175,-4.7317176,-2.3817174,-1.8817176,2.7582824,-1.0717175,-0.8217175,-2.5017176
-2.2917175,-3.6917176,-2.8317175,-2.6617174,-3.8317175,-3.5017176,-5.0617175,-3.5017176,-4.1417174,-4.4817176,-7.4517174,-5.7117176,-2.7117176,-0.83171755,-4.7617173,-4.0817175,-3.2417176,-1.6517175,-1.5217175,-2.7517176,-3.6217175,-4.5417175,-3.8117175,-3.5017176,-3.5417175,-3.1217175,-4.3117175,-2.9217176,-1.2017175,-1.2417176,-2.0517175,-0.97171754,-1.4617175,2.2082825,-0.14171752,1.4482825,1.2682824,0.08828247,-0.07171753,-2.1017175,-2.4117174
-0.42171752,0.09828247,-2.0617175,-1.0317175,-1.5417175,-3.4217176,-3.6517174,-4.2717175,-4.0317173,-1.4017175,-5.4317174,-3.0417175,-1.3317175,-3.7317176,-3.7017176,-3.6917176,-3.5717175,-1.8917176,-2.2017176,-4.7617173,-4.4717174,-3.2917175,-2.9517176,-2.6217175,-2.6917176,-3.3917174,-1.6117176,-1.5117176,1.2482824,0.058282472,-0.60171753,-0.60171753,-0.46171752,2.5982826,1.4782825,1.0882825,-0.16171753,1.1082824,-0.30171752,-2.8717175,0.5182825
-1.8517175,-0.34171754,-2.0217175,-1.5417175,-0.9317175,-0.7417175,-1.2417176,-2.2017176,-5.7417173,-2.3917174,0.18828247,1.1582825,4.5282826,-3.0617175,-5.4317174,-4.2517176,-2.5617175,-1.9517175,-2.1017175,-2.5317175,-4.0417175,-2.2117176,-2.9417176,-3.2317176,-1.6217176,-2.6417174,-2.1117175,-0.91171753,-1.4217175,-2.4717176,-1.3317175,-1.8917176,-0.5017175,0.028282471,-0.031717528,0.018282471,-1.0217175,0.28828248,-0.011717529,-0.5517175,2.4882824
0.30828246,-1.1217176,-1.4817176,-0.12171753,-3.1517174,-3.1517174,2.4682825,1.3082825,1.9482825,3.5782824,4.6682825,4.2282825,-3.3917174,-4.1217175,-4.0417175,-3.0217175,-2.5217175,-2.1417174,-2.8617175,-2.6317174,-2.8717175,-3.3117175,-3.3117175,-2.2017176,-1.3517175,-0.9217175,-1.3117175,-0.21171753,-1.0317175,-1.3317175,-0.6217175,-1.7817175,-1.5417175,-0.95171756,-2.0017176,-0.9317175,1.2582824,-0.37171754,1.0982825,2.8482826,-0.08171753
-1.8217175,-1.7317176,-0.5517175,-1.2417176,-2.1117175,-1.6917175,-0.89171755,1.7782825,4.0982823,3.1882825,-2.3617175,-1.6117176,-0.6217175,-3.4417176,-3.1217175,-2.9117174,-3.2417176,-2.6617174,-1.9517175,-2.2917175,-1.7417176,-2.3017175,-1.4617175,-2.1517174,-1.4217175,-0.5617175,-1.5617175,-1.3017175,0.45828247,0.08828247,-0.06171753,0.16828246,1.3882824,0.90828246,-0.17171752,-0.16171753,0.46828246,-1.1417176,0.25828248,0.10828247,-0.35171753
-1.1217176,2.1682825,-0.27171752,-1.8417175,-0.90171754,0.78828245,-0.71171755,-1.6217176,-1.3017175,0.6882825,-0.9417175,-0.18171753,-0.30171752,-2.4817176,-3.1817176,-2.9217176,-2.5017176,-0.9917175,0.48828247,-1.8917176,-1.4017175,-2.3617175,-2.3017175,-2.1617174,-2.0117176,-2.1917176,-1.4017175,-0.42171752,0.16828246,1.5082824,1.5882825,2.2682824,2.7082825,1.8382825,-1.0917175,-1.0217175,-1.3317175,-0.031717528,-1.8817176,-0.41171753,0.18828247
1.1382824,2.6582825,1.3582824,-1.9017175,-1.2517176,-2.4317176,-1.8117175,-0.06171753,-1.0617175,1.8882824,-1.1217176,-2.9217176,-3.1917176,-2.8317175,-3.0917175,-2.4417176,-0.37171754,0.7482825,-2.2317176,-3.0617175,-2.0717175,-1.3417175,-1.9017175,-2.3717175,-1.4217175,-1.1517175,0.17828247,0.12828247,0.6382825,0.98828244,1.2982825,0.59828246,-1.2617176,-2.3317175,-1.9217175,-0.9817175,-1.0617175,-1.1917175,-0.8017175,-0.07171753,-1.3117175
1.1682825,0.8882825,-2.0717175,0.018282471,-0.05171753,1.5382825,-1.1117176,1.6282824,-2.3417175,-3.8517175,-3.7117176,-2.8817174,-3.2117176,-2.9717176,-1.4317175,-0.6817175,-2.2017176,-2.2317176,-2.4517176,-1.6117176,-1.1617175,-1.5817175,-1.9717175,-0.6217175,0.40828246,0.64828247,-0.44171754,-0.06171753,-0.40171754,0.21828248,-0.7417175,-1.4017175,-2.0217175,-2.7817175,-1.8417175,-1.8217175,-1.8217175,-0.77171755,-0.23171753,0.49828246,0.65828246
-1.0617175,-0.8117175,-0.59171754,0.84828246,-0.95171756,-2.1617174,-2.9617176,-2.6117175,-3.4617176,-2.1617174,-1.3717176,-1.3717176,-1.0617175,-0.011717529,0.9382825,0.53828245,-0.8617175,-1.6417176,-1.2817175,-0.91171753,-1.8817176,-1.4917176,-1.4917176,0.52828246,0.028282471,-0.7417175,-0.6717175,-1.0417175,-1.6217176,-1.4417175,-1.9817176,-1.8217175,-1.9017175,-2.2217176,-1.2417176,-0.9817175,-0.85171753,0.16828246,-0.031717528,0.39828247,0.18828247
0.27828246,-0.09171753,1.3582824,0.83828247,0.22828247,-0.51171756,-0.7517175,-1.6017175,-1.4417175,-1.8617176,-1.3617176,-0.58171755,1.2682824,1.7682824,-0.44171754,0.10828247,-0.17171752,-0.30171752,-0.37171754,-0.6917175,-1.2817175,-1.4817176,-0.0017175293,0.9982825,1.3982825,1.1782825,0.058282472,-1.2417176,-0.42171752,-1.0817175,-0.78171754,-0.64171755,-1.2717175,-1.1017175,-0.19171754,1.0882825,1.4982824,0.7682825,0.21828248,0.54828244,1.5982825
-0.29171753,-1.3217175,-1.7917175,0.8082825,2.1382825,-0.6117175,-0.05171753,-1.3217175,-0.6717175,-1.0917175,-0.6217175,0.06828247,0.58828247,0.77828246,0.66828245,0.5782825,0.32828248,0.60828245,0.48828247,0.14828247,-0.33171752,-0.08171753,0.37828246,0.6982825,1.1182824,-0.09171753,-1.1317176,-1.3017175,-1.1517175,-1.1017175,-1.0117176,-0.71171755,-0.04171753,0.27828246,1.0382825,1.2082825,0.6882825,2.4182825,2.6282825,2.2382824,0.6182825
