wind.json
{"header": {"discipline":0,"disciplineName":"Meteorological products","gribEdition":2,"gribLength":1211,"center":7,"centerName":"US National Weather Service - NCEP(WMC)","subcenter":0,"refTime":"2023-06-28T00:00:00.000Z","significanceOfRT":1,"significanceOfRTName":"Start of forecast","productStatus":0,"productStatusName":"Operational products","productType":1,"productTypeName":"Forecast products","productDefinitionTemplate":0,"productDefinitionTemplateName":"Analysis/forecast at horizontal level/layer at a point in time","parameterCategory":2,"parameterCategoryName":"UnknownDiscipline_0_Category_2","parameterNumber":3,"parameterNumberName":"UnknownParameter_D0_C2_3","parameterUnit":"Unknown","genProcessType":2,"genProcessTypeName":"Forecast","forecastTime":60,"surface1Type":103,"surface1TypeName":"Specified height level above ground","surface1Value":10.0,"surface2Type":255,"surface2TypeName":"Missing","surface2Value":0.0,"gridDefinitionTemplate":0,"gridDefinitionTemplateName":"Latitude_Longitude","numberPoints":688,"shape":6,"shapeName":"Earth spherical with radius of 6,371,229.0 m","gridUnits":"degrees","resolution":48,"winds":"true","scanMode":64,"nx":43,"ny":16,"basicAngle":0,"lo1":45.0,"la1":40.0,"lo2":87.0,"la2":55.0,"dx":1.0,"dy":1.0}, "data":
[rows 0 to 15 of 16, columns 0 to 42 of 43]
2.3020165,0.2820166,-0.8479834,4.8020167,2.8320167,-6.5779834,-7.1379833,-5.487983,-5.257983,3.7920165,1.1020166,4.4820166,4.2320166,4.8620167,1.7720166,0.0020166016,-3.1679833,-5.8579836,-6.1479836,-7.4679832,-7.8179836,-7.3679833,-6.5679836,-5.5579834,-3.5979834,-2.1779833,8.902017,-1.2079834,-3.5579834,-2.6579833,-4.1279836,-7.1679835,4.5020165,3.8320167,1.8220166,1.2120166,1.1220165,1.6320167,-0.5079834,2.0020165,0.3520166,-1.8979834,-5.3479834
-2.3579834,0.6020166,3.2520165,-0.4579834,-4.1879835,-7.3279834,-7.1479836,-5.987983,-5.0779834,-0.3379834,-0.9279834,2.5120165,8.252017,5.3520164,2.4020166,0.2620166,-2.5579834,-5.2679834,-6.6579833,-4.527983,-6.3879833,-7.0779834,-6.777983,-6.7279835,-4.1779833,-1.1179833,6.3920164,2.0020165,1.5020165,2.6720166,-2.7779834,-3.4479835,0.5920166,-0.2779834,-1.1179833,3.1520166,1.2520165,-0.6179834,1.1020166,3.0120165,3.0820167,1.7720166,-0.4679834
0.5920166,1.9820166,0.8720166,-2.4779835,-6.5779834,-5.527983,-6.1079836,-3.6979835,-3.3279834,2.3520167,4.5720167,4.8420167,6.242017,5.6520166,1.8120166,-0.5979834,-3.6579833,-4.987983,-3.7179835,-3.6479833,-5.4679832,-6.3579836,-5.4779835,-7.1179833,-5.3979836,-2.0979834,1.0520166,-0.2279834,-10.027984,-5.5579834,2.0420165,-3.1279833,-0.6079834,-5.3779836,-2.2579834,-1.1679834,-0.5479834,3.4920166,3.8220167,4.3620167,3.2920165,2.5820167,-0.4279834
-1.2079834,-0.8579834,-3.1079834,-7.6479836,-7.8179836,-5.9579835,-7.007983,-8.527984,2.1120167,3.7920165,5.3320165,8.732017,7.7320166,5.5620165,2.0720167,-0.6079834,-3.4079833,-2.5979834,-3.0879834,-4.6979833,-4.8479834,-6.6179833,-5.0979834,-6.6679835,-8.007983,-5.8479834,-5.4579835,-6.3579836,-1.6379834,7.0320168,0.8820166,-0.3179834,-2.4379835,-2.4879835,0.2920166,3.4820166,1.3720165,-2.8179834,-5.2879834,-2.3379834,-3.7779834,0.8720166,1.3020166
-4.9079833,-2.6279833,-5.0379834,-7.757983,-7.4579835,-5.2179832,-7.0879836,-6.3879833,-4.7479835,4.1520166,0.66201663,5.3220167,5.8620167,1.5420166,-0.5979834,-4.2479835,-2.9479835,-1.1079834,-3.1379833,-4.2679834,-5.507983,-4.9279833,-5.0779834,-5.9779835,-3.3279834,-4.1179833,-4.2679834,-3.9179833,-4.3079834,-3.3479834,-4.277983,-5.3379836,-5.4779835,-4.6479836,-0.0379834,4.1220164,0.5920166,-0.2979834,-0.3979834,0.2120166,-1.2779834,-0.6279834,-3.7779834
3.3620167,-2.1279833,-2.2879834,-5.527983,-7.4679832,-3.2979834,-3.9279833,-6.9979835,-8.647984,1.9220166,9.862017,9.472016,4.8920164,4.8820167,2.4820166,0.2120166,-2.1179833,-0.9279834,-1.1279835,-2.0679834,-3.0879834,-2.3479834,-2.5879834,-2.4979835,-2.9579835,-2.8779833,-1.4079834,-2.5379834,-4.1679835,-9.087983,-2.8579834,-3.8679833,-6.297983,-8.207983,-4.4679832,-3.5379834,-0.9679834,2.1620166,1.1620166,0.8520166,0.6720166,-1.0779834,-1.7779834
-2.7179835,-1.9979835,-0.0579834,-1.7479835,-5.9579835,-5.4079833,-2.3279834,-4.007983,-6.1479836,1.8220166,9.492017,9.452017,7.1620164,8.442017,4.6220164,1.5520166,-1.7679834,0.2820166,1.1620166,-0.9879834,-2.6979835,-2.4279833,-3.0079834,-1.3679833,-2.0779834,-3.9979835,-4.1079836,-2.5379834,2.0720167,-2.5679834,-4.4579835,-2.1679833,-2.5779834,-3.5979834,-4.797983,-3.3179834,-3.7779834,-0.4179834,-3.1079834,-3.8979833,-1.3879834,2.8520167,0.7020166
-0.2179834,0.072016604,0.23201661,-0.4279834,-1.8679833,-5.8979836,1.5220166,-1.2879834,-1.6779834,3.8220167,4.5220165,6.1520166,7.762017,8.852016,7.8920164,5.9120164,2.6020167,1.6520166,2.2020166,0.072016604,-2.3279834,-2.4379835,-1.0079834,-1.5679834,-3.0979834,-4.1579833,-2.5579834,-0.1879834,-0.6079834,-2.4879835,2.0120165,-4.2279835,-3.7179835,-5.1279836,-3.2579834,-4.2279835,1.3820167,2.6820166,-2.8579834,-3.1779833,-1.9679834,-0.8979834,-4.527983
0.7120166,-0.3679834,1.0020165,0.1920166,2.4820166,-1.8879834,-1.8779835,-0.2079834,2.0920167,4.6520166,9.482017,5.9420166,5.3920164,6.3720164,6.8720164,3.4620166,1.1120166,1.0920166,1.7920166,2.2620165,-1.2379833,-3.7779834,-0.5479834,-0.7779834,-0.9379834,-3.7779834,-4.9479833,-4.7279835,-6.1479836,-5.547983,-5.4579835,-1.7979834,-4.8679833,-7.547983,-2.6779833,-5.3379836,-6.0679836,-3.0979834,-0.8679834,0.6220166,1.5320166,0.062016603,-1.1479834
0.4320166,2.5720167,0.6220166,1.9120166,2.1920166,-1.6379834,1.3220166,2.0520165,2.6020167,4.202017,4.8420167,4.8020167,5.0420165,5.3320165,4.762017,3.6520166,2.2420166,-0.6579834,-0.0979834,2.2620165,0.1320166,-2.0479834,-3.0179834,-4.2879834,-5.0179834,-5.297983,-6.4579835,-5.6379833,-6.1579833,-5.4979835,-6.1279836,-8.6879835,-4.4579835,-6.4079833,-4.9979835,-1.2379833,-3.4079833,-2.2679834,-1.8279834,-3.2779834,-2.2179835,-1.1879834,1.5420166
5.5820165,5.5820165,2.7820165,3.6220167,2.6720166,-0.0879834,2.8020165,2.6620166,3.5220165,5.4620166,5.6320167,5.262017,5.6420164,5.3120165,4.952017,3.1020167,0.7820166,0.0920166,-0.6579834,-0.4679834,-0.7579834,-2.4379835,-0.7779834,-3.9479835,-6.3879833,-3.6079834,-2.2479835,-2.8479834,-4.9379835,-5.3279834,-5.257983,-6.5779834,-13.507983,-8.307983,-1.9379834,-3.3679833,1.4320166,-0.1379834,-2.5879834,1.2020166,1.0220166,0.3820166,1.7920166
5.2320166,3.1920166,1.8620166,3.3920166,1.4620166,1.2020166,2.1320167,3.5220165,2.7020166,3.0220165,5.5020165,5.5420165,5.222017,4.7820168,4.0220165,3.5520165,2.4920166,0.6920166,1.4920166,-2.2579834,-3.0279834,-2.8479834,-1.4579834,-3.4179833,-3.0079834,-0.6079834,-5.6479836,-2.9179833,-4.1979833,-5.3479834,-4.5179834,1.5120167,2.4620166,-3.5279834,-6.6579833,-4.8679833,-10.137983,3.2520165,2.3020165,0.2820166,-0.7079834,-1.0779834,-1.1079834
5.1520166,5.222017,4.6420164,2.7620165,4.1420164,0.7720166,4.4620166,4.0920167,3.2120166,4.5420165,5.1320167,5.1020164,5.5820165,4.2120166,3.5620165,3.1520166,1.4320166,0.2120166,-1.0779834,-0.9679834,-1.4479834,-3.0879834,-4.0379834,-4.0879836,-3.1979835,-4.5879836,-4.7179832,-3.9579835,-3.9979835,-3.7079835,-2.8279834,-3.1779833,-2.9579835,-3.1979835,-1.7679834,-2.2679834,-3.8679833,-4.6779833,-3.5579834,-4.1579833,0.7920166,0.072016604,-1.5679834
4.7920165,6.012017,5.2520165,4.6520166,4.6320167,1.7220166,0.8020166,5.0020165,5.5920167,5.4320164,6.452017,4.9420166,3.7620165,4.1320167,0.9720166,2.7420166,2.9120166,2.0020165,-1.5879834,-2.7879834,-2.4579835,-3.3179834,-2.6879835,-1.9879833,-3.4279833,-3.4379835,-5.507983,-6.6879835,-8.007983,-7.777983,-5.3379836,-7.4079833,-5.6679835,-1.5779834,-3.2179835,-1.8179834,2.9620166,2.4820166,-1.3779835,-1.7179834,-2.9479835,2.5720167,2.0920167
6.6020164,5.2720165,4.6620164,3.1620166,5.3620167,4.0520167,1.5320166,4.1220164,5.4020166,4.3520164,4.9420166,4.0420165,0.7520166,2.2420166,5.0320168,3.0720167,3.3020165,1.7720166,0.2720166,-0.2779834,-1.6079834,-2.4079833,-3.1879835,-3.7779834,-3.5579834,-4.8579836,-4.777983,-6.7679834,-7.1779833,-5.5179834,-6.1079836,-6.6979833,-3.5879834,-5.1779833,-3.1979835,-1.9079834,-0.9279834,0.4420166,1.0520166,0.6320166,-0.12798339,1.9920166,-0.15798339
6.8720164,5.1420164,3.3920166,3.5620165,4.8120165,5.762017,7.242017,4.2720165,5.6020164,5.972017,4.972017,4.012017,1.9920166,3.8820167,3.4620166,3.9220166,4.742017,1.5720166,1.7320166,1.7720166,1.0020165,-2.0579834,-1.4579834,-2.6779833,-4.0179834,-5.2279835,-5.1979833,-3.4979835,-4.7679834,-4.527983,-6.0179834,-4.4779835,-4.6179833,-0.2979834,-2.4279833,-2.7779834,-3.0579834,-0.5779834,0.7620166,2.9620166,2.3520167,1.6520166,2.4620166
