wind_kz.json
{"header": {"discipline":0,"disciplineName":"Meteorological products","gribEdition":2,"gribLength":1025,"center":7,"centerName":"US National Weather Service - NCEP(WMC)","subcenter":0,"refTime":"2023-09-24T06:00:00.000Z","significanceOfRT":1,"significanceOfRTName":"Start of forecast","productStatus":0,"productStatusName":"Operational products","productType":1,"productTypeName":"Forecast products","productDefinitionTemplate":0,"productDefinitionTemplateName":"Analysis/forecast at horizontal level/layer at a point in time","parameterCategory":2,"parameterCategoryName":"UnknownDiscipline_0_Category_2","parameterNumber":3,"parameterNumberName":"UnknownParameter_D0_C2_3","parameterUnit":"Unknown","genProcessType":2,"genProcessTypeName":"Forecast","forecastTime":180,"surface1Type":103,"surface1TypeName":"Specified height level above ground","surface1Value":10.0,"surface2Type":255,"surface2TypeName":"Missing","surface2Value":0.0,"gridDefinitionTemplate":0,"gridDefinitionTemplateName":"Latitude_Longitude","numberPoints":615,"shape":6,"shapeName":"Earth spherical with radius of 6,371,229.0 m","gridUnits":"degrees","resolution":48,"winds":"true","scanMode":64,"nx":41,"ny":15,"basicAngle":0,"lo1":47.0,"la1":41.0,"lo2":87.0,"la2":55.0,"dx":1.0,"dy":1.0}, "data":
[rows 0 to 14 of 15, columns 0 to 40 of 41]
0.12699462,-1.8930054,1.7969947,6.716995,3.0969946,-2.3730054,1.7869946,1.3969946,0.59699464,0.7969946,0.42699462,0.25699463,-0.54300535,-1.3830054,-2.3230054,-2.7030053,-2.6830053,-3.6330054,-3.8630054,-1.8330054,-3.3230054,-3.4330053,-2.2330053,-2.3130054,-2.6730053,-1.2030053,-1.3630054,0.17699462,2.6469946,2.4069946,-1.6030054,-0.5030054,-0.8030054,-0.67300534,-2.6430054,-3.3230054,-2.2730055,-3.6230054,-2.4130054,-4.9230056,0.58699465
4.1469946,-0.19300537,5.0469947,4.4969945,2.6769946,2.4569945,0.8769946,2.3669946,1.4969946,1.6069946,-0.13300537,-0.42300537,-0.8630054,-0.79300535,-2.2030053,-1.9830054,-1.6430054,-3.4330053,-4.9530053,-3.9830053,-3.8730054,-3.5530055,-2.0030053,1.3069947,0.13699463,-1.5430053,-2.7330053,0.086994626,-1.0030054,0.11699463,1.0269946,2.5969946,-1.8730054,-2.7330053,-5.1230054,-3.1930053,-2.9730053,-5.9730053,-4.783005,-2.9130054,2.3769946
-0.28300536,3.9369946,3.8969946,2.1269946,3.9069946,2.9969947,2.0069947,2.9869947,1.8469946,1.2469946,0.22699463,-0.7630054,-1.2830054,-1.5730053,-1.8230053,-1.9030054,-1.7330054,-1.7230054,-3.0730054,-1.9330053,-3.0530055,-4.4130054,-4.4130054,-2.2930055,-1.6130054,0.31699464,0.5569946,0.42699462,0.14699464,1.3269947,3.9169946,1.4769946,1.4869946,0.46699464,-0.54300535,3.5869946,3.9269946,-0.37300536,0.21699463,-1.1730053,-1.6230054
1.7969947,3.5469947,3.3669946,-0.17300537,2.9169946,4.1669946,4.3469944,3.0969946,2.1869946,1.9569947,0.7369946,-0.8130054,-2.3330054,-1.1930053,-0.8030054,-1.6830053,-1.2730054,-2.0330055,-2.1330054,-2.6830053,-3.3230054,-2.8930054,0.29699463,-2.0030053,-2.1930053,-2.0730054,-2.1930053,-3.2630053,-0.8930054,-1.1930053,-2.0730054,-2.5330055,-1.2930053,-0.6830054,-0.16300537,-1.3030053,-0.04300537,3.4169946,5.116995,1.7669946,1.4769946
4.2369947,3.3869946,1.6269946,-1.3130053,4.0069947,3.1769946,3.2769947,4.1269946,4.3469944,2.8869946,2.2169945,1.0469947,-0.97300535,-3.6630054,-0.67300534,-0.30300537,-0.6430054,-1.0930054,-1.4930054,-2.1030054,-1.1530054,-0.84300536,-1.1830053,-1.4330053,-1.9930054,-1.6830053,-0.45300537,-0.22300537,0.9469946,0.5469946,-1.0930054,0.18699463,2.3369946,3.5269947,-0.37300536,-0.093005374,-0.98300534,-0.45300537,-0.29300538,1.2769946,1.1669946
2.7769947,1.2669946,0.96699464,3.5069947,2.2569947,3.8569946,3.2069945,3.2369947,4.4969945,4.2469945,2.9169946,1.7769946,0.5069946,-0.8830054,-1.3130053,0.42699462,0.20699462,0.6269946,0.47699463,-0.53300536,-0.17300537,2.9169946,3.1469946,2.3769946,1.8469946,-0.21300536,0.33699462,0.40699464,-1.3230053,-0.21300536,1.1269946,1.7169946,1.0969946,1.3169947,1.9469947,-0.8130054,1.1869947,-0.54300535,-2.2030053,2.7569947,2.3269947
3.3569946,2.3869946,2.0369947,2.1769946,3.0869946,3.1469946,2.7669947,2.6869946,2.6269946,4.9569945,4.2069945,3.5269947,3.5369947,2.3069947,1.4369947,0.6869946,-0.29300538,-1.2630054,-1.6630054,-1.8330054,-2.2230053,-1.7830054,1.4269947,4.1669946,3.1069946,2.3269947,0.76699466,1.7369946,1.9669946,-1.5630053,0.45699462,-0.32300538,0.40699464,2.2069945,-1.7030053,-0.8630054,-1.2930053,0.57699466,-0.35300538,0.32699463,-1.8330054
4.6069946,3.4769945,3.0269947,2.9969947,3.1469946,2.9669945,3.2369947,3.1269946,3.3569946,3.3569946,3.9069946,3.6669946,3.1469946,1.4369947,2.0169947,1.4569947,1.2569946,0.77699465,-0.72300535,-0.60300535,-1.4630054,-2.2330053,-2.5530055,-1.3030053,1.7269946,2.7369947,2.8869946,1.0869946,1.0669947,1.2169946,0.45699462,-0.38300538,-0.58300537,1.8869946,4.8269944,2.4769945,1.8769946,3.3369946,0.16699463,0.17699462,-0.2530054
5.6269946,4.6069946,5.5569944,4.5169945,3.6669946,4.0269947,4.3969946,3.8869946,3.7469947,3.7369947,3.2269945,2.5569947,1.9169946,2.0669947,1.6569946,1.2069947,1.3269947,0.53699464,0.6269946,0.78699464,0.43699464,-0.6830054,-1.0830054,0.42699462,-0.0030053712,-0.20300537,2.0069947,2.3369946,1.7969947,1.0469947,1.5669947,0.96699464,1.8069947,1.1469946,1.4569947,1.1769947,0.21699463,2.0169947,2.3469946,-0.03300537,1.7169946
2.0969946,3.0969946,4.176995,6.0969944,4.4869947,3.7869947,4.5269947,4.3569946,3.7369947,4.2769947,3.5469947,3.0669947,2.4569945,1.1669946,1.1469946,0.41699463,0.89699465,0.39699462,0.65699464,0.6069946,0.77699465,1.0469947,0.6169946,0.7469946,1.0269946,0.31699464,-0.6830054,0.40699464,0.46699464,0.8569946,1.0969946,0.51699466,0.8569946,1.1369946,1.9469947,3.3369946,0.9869946,0.71699464,3.6969945,3.0269947,3.3669946
3.1569946,2.9569945,2.5069947,1.8269947,3.0669947,3.4969947,3.8769946,4.216995,4.0469947,3.3969946,3.2469947,3.2169945,2.4369946,2.3169947,1.1769947,0.72699463,0.47699463,0.15699463,-0.05300537,0.66699463,0.70699465,0.8069946,0.36699462,1.8469946,1.1269946,1.1369946,0.016994629,-0.39300537,0.6869946,0.13699463,-0.15300538,-0.7530054,-0.43300536,0.8069946,2.0569947,3.3069947,2.5269947,2.5269947,3.2769947,2.0169947,1.0269946
2.8169947,2.7169945,4.0369945,3.5769947,3.3069947,2.9869947,2.7269945,2.7669947,2.5769947,2.9269946,2.6169946,1.7269946,1.6169946,2.1169946,1.9269947,1.5569947,1.5769947,0.95699465,1.2269946,1.2069947,1.3169947,1.0569947,2.4169946,0.9869946,1.8469946,-0.8930054,0.44699463,-0.16300537,-0.90300536,-0.27300537,0.8669946,0.11699463,0.17699462,0.14699464,0.33699462,2.3369946,3.3469946,4.446995,3.5669947,2.1569946,1.5169946
1.7169946,4.946995,4.3569946,4.2369947,4.2369947,3.0269947,2.8269947,3.2869947,3.7369947,2.9869947,2.0169947,1.7369946,2.2569947,1.9169946,1.3469946,0.84699464,1.1569946,1.6369946,1.4369947,1.7569946,2.8969946,2.9469945,2.6969945,2.2669947,2.5069947,2.1869946,0.05699463,-0.34300536,-2.1030054,-2.5430055,-2.4630053,-2.0430055,-1.7330054,-1.0430053,-0.21300536,0.36699462,0.8669946,2.5069947,3.4869947,5.446995,2.7569947
-0.6930054,-3.0230055,-0.5730054,3.9169946,3.8069947,5.196995,4.6669946,4.5969944,3.9969947,3.6269946,2.7269945,1.6269946,1.3569946,2.4669945,1.6369946,1.2169946,1.4969946,1.9969946,1.5469947,2.3869946,2.7869947,3.1069946,3.3469946,2.9769945,2.2369947,1.6869947,1.9069946,0.84699464,-0.92300534,-1.4330053,-1.4730054,-2.7730055,-1.7830054,-1.5330054,-1.6630054,-0.43300536,-0.07300537,2.2669947,2.6769946,2.3369946,3.7469947
-1.2730054,-2.8030055,0.26699463,-2.4430053,-0.73300534,3.7069945,5.2369947,5.3569946,5.2569947,4.7669945,3.5569947,3.8369946,3.0769947,1.1569946,2.3769946,1.4769946,1.2869946,1.5969946,2.4569945,2.7969947,2.8669946,3.3069947,3.3569946,2.9769945,2.8169947,2.7269945,1.8369946,1.0469947,-1.7230054,-1.2230054,-2.0830054,-3.6630054,-2.6130054,-1.8330054,-1.4030054,-0.6330054,0.6069946,2.3869946,1.7369946,2.3269947,2.4269946
