wind_kz.json
{"header": {"discipline":0,"disciplineName":"Meteorological products","gribEdition":2,"gribLength":1025,"center":7,"centerName":"US National Weather Service - NCEP(WMC)","subcenter":0,"refTime":"2023-09-09T00:00:00.000Z","significanceOfRT":1,"significanceOfRTName":"Start of forecast","productStatus":0,"productStatusName":"Operational products","productType":1,"productTypeName":"Forecast products","productDefinitionTemplate":0,"productDefinitionTemplateName":"Analysis/forecast at horizontal level/layer at a point in time","parameterCategory":2,"parameterCategoryName":"UnknownDiscipline_0_Category_2","parameterNumber":3,"parameterNumberName":"UnknownParameter_D0_C2_3","parameterUnit":"Unknown","genProcessType":2,"genProcessTypeName":"Forecast","forecastTime":0,"surface1Type":103,"surface1TypeName":"Specified height level above ground","surface1Value":10.0,"surface2Type":255,"surface2TypeName":"Missing","surface2Value":0.0,"gridDefinitionTemplate":0,"gridDefinitionTemplateName":"Latitude_Longitude","numberPoints":615,"shape":6,"shapeName":"Earth spherical with radius of 6,371,229.0 m","gridUnits":"degrees","resolution":48,"winds":"true","scanMode":64,"nx":41,"ny":15,"basicAngle":0,"lo1":47.0,"la1":41.0,"lo2":87.0,"la2":55.0,"dx":1.0,"dy":1.0}, "data":
[rows 0 to 14 of 15, columns 0 to 40 of 41]
-0.70279294,-0.05279297,0.25720704,-1.072793,-3.392793,-5.5827928,-3.542793,-2.632793,-1.932793,-3.112793,-4.272793,-3.592793,-2.012793,-2.552793,-2.522793,-3.4627929,-4.612793,-4.622793,-0.842793,1.377207,-1.342793,-1.102793,1.897207,-0.522793,-0.31279296,-1.482793,-1.9127929,1.567207,2.077207,1.4572071,-2.152793,-2.9627929,1.8472071,0.28720704,-0.40279296,-0.51279294,-0.10279297,0.647207,0.13720703,0.847207,1.627207
2.197207,-1.4027929,-2.652793,-4.232793,-6.272793,-7.282793,-3.452793,-4.752793,-3.7327929,-3.932793,-3.442793,-3.872793,-3.892793,-3.262793,-3.812793,-3.242793,-2.332793,-0.532793,-2.562793,-1.852793,0.63720703,1.4672071,2.707207,2.107207,1.5772071,0.09720703,-1.502793,1.527207,0.18720703,2.607207,4.357207,3.7672071,-0.30279297,-1.5227929,-3.082793,-3.262793,-2.242793,-5.362793,-3.272793,-2.2227929,-0.23279297
0.10720703,-3.522793,-5.422793,-5.182793,-5.122793,-4.172793,-3.792793,-4.212793,-4.1027927,-3.382793,-3.432793,-3.2327929,-3.052793,-3.312793,-2.852793,-2.022793,-1.682793,-0.36279297,-2.072793,-0.832793,1.267207,2.2872071,3.357207,3.467207,1.447207,1.377207,1.397207,1.237207,-0.522793,3.087207,3.867207,1.487207,1.697207,-0.33279297,-0.61279297,1.947207,2.357207,-0.37279296,0.49720705,-0.982793,-0.962793
1.797207,-0.582793,-0.532793,0.38720703,-0.40279296,-0.712793,-0.722793,-2.742793,-1.6527929,-1.9227929,-2.342793,-2.042793,-4.532793,-6.172793,-4.232793,-4.222793,-3.402793,-3.2327929,-2.512793,1.687207,3.247207,4.007207,-0.07279297,6.677207,4.287207,3.727207,5.027207,1.437207,4.887207,4.957207,1.917207,-0.29279298,-0.44279298,-1.9027929,-1.062793,-1.5427929,0.45720702,3.847207,1.487207,1.407207,1.9672071
0.46720704,0.13720703,-1.362793,0.54720706,0.68720704,1.2272071,0.21720703,-0.32279298,-1.622793,-1.6427929,-2.702793,-2.012793,-4.552793,-5.8527927,-7.462793,-3.942793,-3.932793,-5.5827928,-1.812793,4.267207,6.427207,5.027207,4.6472073,3.317207,4.507207,2.7672071,0.61720705,0.99720705,0.75720704,0.69720703,0.777207,1.757207,3.097207,2.867207,-0.26279297,-1.222793,0.17720704,0.60720706,-0.86279297,-0.982793,-1.882793
1.887207,1.777207,0.35720703,-0.38279298,-0.842793,-1.512793,-0.49279296,-2.242793,-1.7727929,-1.942793,-2.322793,-2.572793,-3.442793,-5.202793,-5.932793,-4.132793,-5.592793,-7.192793,-6.162793,-1.462793,2.377207,2.687207,3.297207,4.177207,2.647207,2.067207,-0.20279297,3.5272071,1.117207,0.21720703,-0.63279295,0.597207,0.647207,-0.19279297,1.767207,0.19720703,2.437207,1.157207,0.22720703,0.09720703,-1.852793
1.527207,0.63720703,0.67720705,2.807207,0.07720703,0.49720705,-0.18279296,0.917207,-0.672793,-0.672793,-1.212793,-2.002793,-1.1427929,-1.962793,-0.87279296,-2.532793,-4.512793,-5.552793,-9.072793,0.54720706,0.24720703,0.75720704,2.147207,3.887207,2.947207,2.477207,0.21720703,1.0872071,1.027207,1.907207,1.737207,-0.21279296,-1.252793,-0.70279294,-1.062793,-0.832793,-2.512793,-1.1427929,-0.35279298,-0.39279297,-2.172793
1.047207,-1.682793,-1.2727929,0.537207,1.057207,0.85720706,1.8572071,0.07720703,-0.20279297,-1.2727929,-0.582793,-0.672793,-0.962793,-0.42279297,-0.28279296,-0.662793,-3.412793,-1.492793,-6.162793,0.60720706,0.657207,0.667207,1.197207,4.047207,4.6672072,2.427207,4.407207,1.9772071,0.92720705,2.397207,1.407207,1.657207,0.69720703,0.017207032,1.317207,0.577207,-1.332793,-1.802793,-0.34279296,0.56720704,-0.86279297
1.407207,2.057207,1.7272071,1.817207,0.14720704,-0.25279295,0.767207,-0.532793,-0.43279296,-0.652793,-1.2727929,-0.32279298,-0.05279297,0.18720703,0.12720703,0.0072070314,1.757207,3.107207,-2.862793,-3.9627929,2.097207,0.92720705,3.497207,2.417207,4.227207,3.2772071,1.667207,2.2772071,1.8572071,1.137207,1.397207,1.787207,1.247207,2.637207,1.667207,1.9672071,-1.752793,-0.80279297,-1.7727929,-1.8927929,-1.1527929
-0.35279298,1.3572071,2.2772071,1.7072071,1.187207,-0.51279294,-0.47279298,-1.012793,-0.522793,-0.30279297,0.03720703,-0.15279298,-0.14279297,0.19720703,0.86720705,1.2272071,2.367207,3.347207,3.467207,-2.422793,3.597207,3.857207,4.207207,3.0272071,1.507207,2.207207,1.397207,1.9572071,1.287207,0.957207,0.48720703,-0.46279296,-1.202793,2.227207,1.5772071,-0.022792969,0.34720704,-1.342793,-0.27279297,0.56720704,-0.80279297
0.917207,1.497207,0.967207,0.85720706,0.69720703,-0.792793,-1.232793,-1.2827929,-1.472793,-1.2927929,-1.232793,-0.0027929686,-0.47279298,1.297207,1.557207,1.787207,3.857207,5.257207,7.297207,3.137207,1.0772071,3.347207,3.237207,1.807207,1.4672071,1.687207,1.187207,1.547207,0.27720702,0.537207,-1.072793,0.74720705,1.037207,1.7172071,-0.11279297,0.30720702,0.80720705,1.4572071,1.497207,1.297207,0.86720705
-0.672793,-1.262793,-0.852793,-0.28279296,-1.582793,-1.492793,-1.5327929,-0.70279294,-0.61279297,-2.092793,-1.3927929,-0.522793,0.04720703,0.54720706,1.027207,2.637207,4.997207,4.927207,6.447207,6.077207,4.047207,0.967207,1.297207,-0.14279297,0.897207,0.027207032,1.8572071,1.197207,0.017207032,-0.922793,-1.982793,-1.7727929,0.56720704,1.877207,1.137207,0.537207,1.5772071,2.147207,1.637207,0.80720705,0.85720706
-1.6627929,-1.3927929,-1.602793,0.31720704,-1.382793,-0.80279297,-1.6427929,-1.732793,-3.772793,-2.282793,-0.51279294,-0.88279295,0.847207,-0.44279298,1.037207,1.867207,1.617207,1.5872071,2.117207,0.977207,3.407207,2.857207,2.357207,1.757207,0.45720702,0.28720704,0.44720703,0.24720703,0.18720703,0.087207034,-0.82279295,-0.902793,-1.1527929,-1.1427929,-1.372793,-1.262793,-1.502793,0.587207,0.38720703,-0.29279298,0.667207
-1.612793,-2.2227929,-3.2127929,-2.342793,-1.882793,-2.192793,-3.412793,-2.802793,-2.172793,-2.402793,0.06720703,0.10720703,-1.8927929,-2.132793,-1.5427929,-0.602793,-0.712793,-0.732793,-0.22279297,0.28720704,0.26720703,0.74720705,0.837207,0.61720705,0.45720702,0.667207,0.017207032,0.63720703,0.39720702,0.48720703,-0.11279297,-0.40279296,-0.20279297,-0.38279298,-0.922793,-1.382793,-1.452793,-0.64279294,-0.04279297,0.14720704,1.307207
-1.982793,-2.272793,-4.922793,-2.932793,-3.9727929,-1.002793,-1.702793,-3.362793,-2.812793,-2.2227929,-1.342793,-1.822793,-0.32279298,-2.572793,-2.262793,-1.692793,-1.1527929,-0.87279296,-0.10279297,0.06720703,0.44720703,0.15720703,0.43720704,0.79720706,0.50720704,0.667207,0.94720703,0.35720703,-0.26279297,-0.522793,-0.81279296,-0.82279295,-0.25279295,-1.1427929,-1.122793,-1.302793,-1.0227929,-0.57279295,0.36720702,0.727207,0.667207
