wind.json
{"header": {"discipline":0,"disciplineName":"Meteorological products","gribEdition":2,"gribLength":1211,"center":7,"centerName":"US National Weather Service - NCEP(WMC)","subcenter":0,"refTime":"2023-06-29T06:00:00.000Z","significanceOfRT":1,"significanceOfRTName":"Start of forecast","productStatus":0,"productStatusName":"Operational products","productType":1,"productTypeName":"Forecast products","productDefinitionTemplate":0,"productDefinitionTemplateName":"Analysis/forecast at horizontal level/layer at a point in time","parameterCategory":2,"parameterCategoryName":"UnknownDiscipline_0_Category_2","parameterNumber":2,"parameterNumberName":"UnknownParameter_D0_C2_2","parameterUnit":"Unknown","genProcessType":2,"genProcessTypeName":"Forecast","forecastTime":120,"surface1Type":103,"surface1TypeName":"Specified height level above ground","surface1Value":10.0,"surface2Type":255,"surface2TypeName":"Missing","surface2Value":0.0,"gridDefinitionTemplate":0,"gridDefinitionTemplateName":"Latitude_Longitude","numberPoints":688,"shape":6,"shapeName":"Earth spherical with radius of 6,371,229.0 m","gridUnits":"degrees","resolution":48,"winds":"true","scanMode":64,"nx":43,"ny":16,"basicAngle":0,"lo1":45.0,"la1":40.0,"lo2":87.0,"la2":55.0,"dx":1.0,"dy":1.0}, "data":
[rows 0 to 15 of 16, columns 0 to 42 of 43]
-0.7397821,-2.989782,-2.329782,-2.469782,-2.239782,0.44021788,-0.039782103,-2.8797822,-4.019782,-4.4897823,-3.319782,-2.999782,-2.269782,-1.5597821,-2.4497821,-1.8397821,-1.4397821,-1.7397821,-2.1297822,0.7602179,0.4802179,0.2202179,-0.8797821,0.7802179,3.6102178,3.770218,2.3202178,0.9902179,0.5902179,0.7302179,0.1102179,1.6702179,2.780218,3.420218,5.7002177,2.490218,-0.9697821,-2.6697822,-0.3297821,1.7602179,1.4102179,0.5202179,-0.7997821
-1.8797821,-2.329782,-0.5097821,1.6302179,-2.4397821,1.8302178,0.3102179,-1.289782,-2.019782,-2.969782,-3.219782,-1.5197821,0.41021788,1.8502179,1.6002179,0.7602179,0.1702179,0.5602179,0.3902179,-0.7897821,-0.17978211,1.4002179,3.3602178,1.0202179,3.480218,6.420218,-0.2897821,-0.33978212,1.0802178,3.240218,0.6502179,1.6502179,3.190218,0.07021789,0.090217896,0.1402179,1.6302179,-5.139782,9.310218,-0.2197821,2.0802178,4.130218,2.280218
-0.7497821,0.80021787,-0.8797821,-1.7297821,0.18021789,1.8702179,1.1902179,1.0402179,-1.2997822,-0.8697821,-0.6797821,0.3702179,2.910218,5.770218,5.190218,3.650218,2.210218,2.8302178,2.720218,2.910218,2.1002178,2.0602179,3.1102178,3.680218,3.430218,4.080218,1.8702179,-0.12978211,1.2002178,2.3702178,3.1102178,2.0602179,0.7202179,0.6902179,-0.3997821,0.2602179,1.340218,2.3602178,2.5502179,3.680218,2.510218,-1.7697821,0.2402179
-0.6797821,-0.12978211,-1.4797821,-2.219782,-0.9597821,-1.789782,-1.529782,-2.329782,-2.789782,-3.1397822,-2.049782,-0.33978212,0.2902179,0.2702179,0.9802179,2.670218,5.800218,5.600218,4.270218,4.550218,5.290218,4.650218,3.8902178,4.830218,6.210218,6.940218,1.6802179,5.000218,2.730218,2.5802178,3.500218,0.9202179,1.7902179,-2.339782,-0.5697821,3.6402178,1.6202179,1.6102179,0.7102179,0.1402179,2.3202178,2.3202178,1.6202179
-2.329782,-2.8997822,-2.8797822,-0.7597821,-0.3797821,-0.1897821,1.0302179,-0.049782105,-0.33978212,-0.7197821,0.7902179,1.0202179,0.030217895,1.1102179,0.9102179,2.6402178,4.250218,4.660218,5.060218,5.440218,5.040218,5.100218,3.260218,6.4502177,3.670218,6.380218,6.150218,4.9902177,3.020218,4.310218,6.610218,1.840218,1.4502178,2.6002178,-0.049782105,-0.20978211,2.010218,3.970218,0.0802179,1.2002178,2.970218,-0.2697821,4.0102177
-1.3897821,-1.1997821,-1.1097821,1.5002179,2.210218,2.970218,3.670218,2.770218,2.400218,3.1102178,3.0802178,2.8602178,3.270218,3.650218,1.8502179,3.270218,4.050218,4.690218,5.300218,5.880218,5.380218,5.550218,6.210218,6.020218,7.340218,8.880218,8.240218,6.600218,6.830218,1.220218,4.190218,2.8302178,2.1102178,2.280218,3.030218,2.270218,-5.899782,-3.289782,4.520218,9.330218,6.4502177,6.290218,6.330218
-3.299782,0.41021788,2.180218,3.0402179,1.6202179,4.070218,6.0102177,5.380218,5.9702177,5.020218,4.860218,5.640218,4.250218,4.350218,3.170218,5.2602177,3.5402179,5.130218,5.860218,6.060218,5.810218,6.080218,6.860218,6.460218,5.620218,5.340218,5.890218,7.130218,6.870218,-0.9297821,4.980218,1.8002179,2.8602178,3.180218,5.170218,3.6102178,1.970218,1.340218,7.7002177,7.590218,11.360217,-0.23978211,-0.7597821
-0.23978211,-0.1697821,0.2402179,1.4302179,0.61021787,2.5602179,1.8602179,3.1302178,3.0502179,3.000218,3.6402178,3.170218,2.8102179,4.130218,3.8202178,5.360218,3.8602178,4.250218,5.7002177,7.170218,6.910218,6.9902177,6.2602177,5.600218,4.980218,6.2002177,5.890218,7.020218,6.980218,6.040218,3.8502178,4.170218,3.0902178,2.750218,4.100218,3.670218,7.580218,7.080218,5.4702177,3.400218,6.190218,-0.7997821,-1.1697822
-0.4897821,1.0602179,2.5502179,1.0702178,1.9202179,2.3802178,2.3702178,2.5802178,2.710218,2.730218,3.1302178,3.8002179,3.1202178,3.020218,4.160218,2.8402178,3.3802178,3.960218,4.190218,3.910218,4.570218,6.940218,7.580218,5.9502177,7.150218,7.380218,7.590218,6.6802177,4.780218,5.800218,5.640218,5.100218,5.6802177,4.960218,3.000218,4.590218,6.230218,4.500218,4.330218,3.240218,7.640218,10.060218,6.7002177
0.3402179,1.9202179,2.020218,2.170218,2.160218,2.440218,2.8302178,4.080218,4.120218,2.490218,3.680218,4.230218,3.920218,3.400218,3.470218,2.170218,2.3202178,1.9402179,3.760218,2.6202178,2.260218,2.910218,4.580218,2.750218,-0.4897821,-1.0897821,-0.5997821,2.010218,2.8102179,2.6002178,4.120218,4.590218,4.910218,0.4502179,-0.7797821,1.3302178,3.450218,4.910218,4.0102177,0.8202179,2.1002178,0.44021788,2.930218
-0.039782103,0.050217897,0.9902179,2.480218,3.5802178,3.2902179,2.940218,3.3902178,3.950218,3.740218,2.980218,1.8502179,3.3602178,2.970218,2.440218,1.7002178,2.930218,3.0702178,1.6402179,0.4202179,0.1202179,-1.2697821,-1.3497821,1.8802179,-0.7797821,-1.5697821,-1.4597821,-1.2397821,1.8202178,0.8902179,-2.3797822,-6.7797823,-6.079782,-4.789782,-1.8897821,0.1302179,2.5502179,3.460218,1.2902179,0.6702179,1.6102179,0.7602179,1.720218
0.3402179,0.10021789,0.8702179,1.0702178,2.1002178,3.660218,4.040218,4.4902177,3.750218,3.5602179,1.8202178,1.7902179,2.0602179,3.1202178,2.030218,2.1102178,1.3002179,2.480218,0.3402179,1.1202179,-0.2497821,-4.159782,-6.379782,-7.089782,-6.579782,-6.769782,-5.9897823,-6.369782,-8.539783,-9.319782,-9.569782,-8.779782,-7.409782,-5.589782,-5.689782,-5.399782,-5.709782,-2.809782,0.86021787,-0.9897821,0.10021789,-1.8197821,0.6202179
3.530218,2.6402178,2.1102178,1.7802179,3.160218,3.260218,4.330218,4.960218,4.630218,4.160218,3.170218,2.450218,2.8802178,1.970218,0.9702179,0.1902179,1.1402179,1.4102179,1.2302179,2.6302178,0.15021789,-2.1497822,-4.5697823,-6.519782,-7.879782,-9.029782,-9.399782,-9.859782,-9.979782,-9.659782,-9.159782,-8.169782,-6.7597823,-6.629782,-5.889782,-6.959782,-6.539782,-8.029782,-7.679782,-6.969782,-3.729782,-1.779782,-1.9297822
3.3602178,4.2202177,3.8102179,4.460218,4.370218,3.650218,3.8102179,3.650218,4.550218,4.9902177,6.040218,3.5602179,2.3602178,2.6202178,1.210218,0.6802179,0.9602179,1.1402179,-0.3897821,0.44021788,0.060217895,-3.489782,-5.209782,-6.959782,-7.469782,-8.509782,-8.969782,-9.619782,-9.179782,-8.799782,-8.099782,-7.179782,-7.3197823,-6.909782,-6.019782,-6.0097823,-6.2597823,-5.419782,-6.649782,-5.339782,-6.359782,-5.959782,-3.229782
5.160218,4.530218,4.830218,5.380218,5.110218,4.940218,4.210218,4.600218,4.780218,4.420218,3.910218,2.1302178,2.0702178,2.500218,1.3502179,0.4602179,0.7302179,2.178955E-4,-0.4097821,-1.0097821,-1.6397821,-2.749782,-5.039782,-5.859782,-6.8197823,-7.109782,-7.2797823,-7.209782,-7.019782,-6.869782,-6.949782,-7.109782,-6.579782,-6.349782,-5.749782,-5.689782,-3.9197822,-4.439782,-4.0097823,-4.089782,-5.079782,-4.039782,-2.4397821
5.2002177,5.390218,4.560218,5.9302177,5.520218,5.280218,5.400218,5.810218,5.890218,4.830218,4.140218,2.710218,1.340218,2.0602179,1.2302179,-0.009782105,-0.1497821,0.1402179,-0.6497821,-1.2397821,-1.9297822,-2.349782,-4.5097823,-5.629782,-5.479782,-5.849782,-5.439782,-5.0097823,-4.679782,-4.979782,-4.849782,-5.2397823,-4.929782,-5.399782,-5.689782,-5.919782,-6.229782,-5.689782,-5.169782,-5.659782,-5.429782,-4.169782,-3.309782
