wind_kz.json
{"header": {"discipline":0,"disciplineName":"Meteorological products","gribEdition":2,"gribLength":1025,"center":7,"centerName":"US National Weather Service - NCEP(WMC)","subcenter":0,"refTime":"2023-09-23T06:00:00.000Z","significanceOfRT":1,"significanceOfRTName":"Start of forecast","productStatus":0,"productStatusName":"Operational products","productType":1,"productTypeName":"Forecast products","productDefinitionTemplate":0,"productDefinitionTemplateName":"Analysis/forecast at horizontal level/layer at a point in time","parameterCategory":2,"parameterCategoryName":"UnknownDiscipline_0_Category_2","parameterNumber":2,"parameterNumberName":"UnknownParameter_D0_C2_2","parameterUnit":"Unknown","genProcessType":2,"genProcessTypeName":"Forecast","forecastTime":60,"surface1Type":103,"surface1TypeName":"Specified height level above ground","surface1Value":10.0,"surface2Type":255,"surface2TypeName":"Missing","surface2Value":0.0,"gridDefinitionTemplate":0,"gridDefinitionTemplateName":"Latitude_Longitude","numberPoints":615,"shape":6,"shapeName":"Earth spherical with radius of 6,371,229.0 m","gridUnits":"degrees","resolution":48,"winds":"true","scanMode":64,"nx":41,"ny":15,"basicAngle":0,"lo1":47.0,"la1":41.0,"lo2":87.0,"la2":55.0,"dx":1.0,"dy":1.0}, "data":
[rows 0 to 14 of 15, columns 0 to 40 of 41]
-2.4647388,-0.7647388,1.1752613,-1.7347388,-2.0347388,-5.634739,-7.634739,-7.024739,-4.904739,-3.7747388,-3.9747388,-4.2047386,-3.3147388,-2.2947388,-1.1647388,-0.22473878,-0.87473875,-0.46473876,-1.5047388,1.1452613,2.8852613,1.6352612,-1.2447388,-2.0547388,-0.46473876,-1.7347388,-2.6147387,-0.05473877,-0.69473875,0.50526124,-1.2747388,0.26526123,-0.34473878,-1.7047387,-2.0347388,-3.0147388,-3.4847388,-3.1447387,-3.4847388,-3.7647388,-5.4147387
0.5452612,0.8552612,-3.1547387,-2.9047387,-3.5647388,-7.024739,-5.9947386,-6.774739,-7.5347385,-5.984739,-4.884739,-3.9447389,-2.0347388,-1.8247387,-1.0747387,-0.92473876,-1.5647388,-3.7547388,-4.5147386,-3.6447387,-5.154739,-3.0747387,-1.0647388,-2.2647388,-0.16473877,1.1752613,-0.12473877,-0.14473876,-4.4547386,-0.92473876,-0.02473877,-0.7047388,-0.8447388,-3.0247388,0.32526124,-0.08473877,-0.32473877,-1.6447388,-0.5947388,0.82526124,-3.0747387
-1.3747388,-3.6547387,-4.6247387,-2.5947387,-2.5947387,-4.4347386,-5.554739,-6.364739,-7.304739,-5.324739,-3.5347388,-2.7647388,-1.4847388,-1.5947387,-2.4847388,-3.2547388,-4.754739,-4.344739,-3.4447389,-6.9147387,-9.384739,-9.5747385,-6.7247386,-7.8747387,-2.6147387,-3.8347387,-1.5547388,-0.62473875,-2.1947389,-0.9547388,-1.2347388,0.75526124,-0.19473878,-0.32473877,-0.67473876,-0.69473875,0.27526122,0.21526124,0.8352612,2.4452612,2.5552611
-4.984739,-6.0847387,-3.5447388,-4.134739,-5.1847386,-4.0347385,-4.054739,-6.0847387,-6.294739,-4.324739,-2.9447389,-3.0847387,-3.8247387,-3.9847388,-4.2447386,-4.0147386,-4.3947387,-3.8447387,-4.984739,-5.9147387,-8.484738,-6.194739,-3.5847387,-7.484739,-7.1847386,-6.8747387,-6.9947386,-9.664739,-6.1447387,-2.0147388,0.22526123,-1.8147388,-0.50473875,-0.17473876,-1.0047388,-1.9547387,-2.0347388,2.5452611,0.7352612,0.0052612303,-0.7247388
-6.404739,-7.7847385,-7.794739,-7.5147386,-5.214739,-5.0847387,-5.864739,-5.4147387,-5.324739,-4.004739,-3.4047387,-3.1047387,-4.7447386,-4.774739,-4.464739,-4.1447387,-5.344739,-5.344739,-5.804739,-6.5847387,-7.4947386,-6.8547387,-7.094739,-6.6047387,-6.504739,-6.174739,-7.174739,-5.714739,-4.114739,-3.6547387,-4.774739,-2.8647387,-1.8947388,0.87526125,-0.5247388,-0.74473876,-3.7047389,-2.2347388,-1.9547387,-1.6647388,-1.7047387
-4.0647388,-3.6847389,-5.524739,-5.614739,-5.7847385,-5.694739,-4.3547387,-3.9947388,-3.5147388,-2.7547388,-2.8947387,-3.5347388,-3.1547387,-4.944739,-4.404739,-3.2447388,-4.1047387,-4.594739,-5.6647387,-5.0347385,-5.654739,-4.7047386,-4.1247387,-3.2647388,-4.174739,-4.2447386,-3.0247388,-4.154739,-2.7447388,-3.0147388,-3.3647387,-4.2447386,-3.3447387,-2.9147387,-2.4447389,-0.82473874,0.93526125,1.4052613,-1.5047388,-2.4847388,-1.0047388
-2.0947387,-1.4747387,-1.5147388,-2.4447389,-2.3947387,-3.6647387,-3.4947388,-3.4847388,-3.5147388,-3.5447388,-3.7447388,-3.8247387,-3.4847388,-3.5947387,-3.174739,-2.8947387,-3.1247387,-3.1447387,-3.9847388,-3.7747388,-3.8747387,-3.5947387,-4.114739,-4.6247387,-4.054739,-3.1947389,-1.6147388,-0.74473876,-1.2947388,-0.7647388,-1.4547387,-2.1647387,-1.7947388,-1.2047387,-1.7847388,-1.0847387,-0.26473877,2.2452612,2.1652613,1.2252612,1.2952613
-2.6347387,-4.6847386,-3.4047387,-3.5147388,-3.2547388,-3.174739,-3.174739,-3.2547388,-2.7447388,-2.9047387,-2.9147387,-3.2247388,-3.1847389,-3.1247387,-2.4547389,-2.6647387,-2.9447389,-2.5447388,-2.8347387,-3.0947387,-2.8247387,-2.9747388,-2.9747388,-2.8347387,-2.3247387,-1.0247388,-1.1847388,-0.07473877,0.19526123,-1.2947388,-1.0347388,-1.2547388,-0.68473876,0.22526123,0.8952612,2.825261,2.2652612,2.9352612,3.8052611,5.3952613,-0.8347388
-3.4847388,-2.8547387,-2.5247388,-2.5447388,-2.2847388,-2.5347388,-2.3947387,-2.1947389,-2.0247388,-1.4047388,-2.0447388,-2.2247388,-1.5647388,-1.8347387,-2.1547387,-1.8447387,-1.6747388,-1.6747388,-1.9147388,-2.7347388,-3.3447387,-2.0347388,-1.9247388,-1.2647388,-1.1047387,-0.36473876,-0.23473877,-0.55473876,0.30526122,0.94526124,1.3952613,1.2852613,2.2952611,2.0352612,2.4952612,1.3352612,1.3852612,1.9452612,1.7952613,1.0352613,0.5452612
-2.3047388,-1.7047387,-0.67473876,-0.09473877,-1.3847388,-1.4947388,-2.5847387,-2.7347388,-2.3947387,-2.0747387,-1.9747387,-1.0947387,0.18526123,-0.8347388,0.55526125,1.6052612,1.5752612,1.8852612,0.93526125,0.15526123,0.6052612,1.4852612,2.3952613,2.5852613,2.1752613,1.7952613,1.9952612,1.9452612,2.1552613,3.1952612,2.3352613,2.9152613,3.2352612,2.6452613,1.3152612,0.27526122,-1.4947388,-0.19473878,1.2052612,1.8552612,1.0252613
-0.37473878,0.5852612,1.5352613,2.7252612,2.8552613,1.8052613,1.4252613,1.5752612,1.6552613,1.9852612,1.9552612,1.9452612,1.5252613,0.87526125,2.7552612,2.7152612,0.08526123,0.11526123,0.34526122,1.0552613,1.5552613,0.44526124,1.4952612,2.1452613,2.9152613,2.8152611,3.0252612,3.6252613,3.8452613,4.4352612,4.0052614,3.8452613,3.2452612,2.4052613,1.8252612,-1.3647388,-0.8547388,1.6252612,0.13526124,0.9652612,1.0952612
-0.17473876,-0.47473878,0.29526123,-0.7847388,-0.67473876,0.87526125,-0.13473877,-0.5947388,0.17526123,-0.7047388,-0.7147388,2.0352612,2.5352612,1.8252612,3.2052612,2.7152612,1.8052613,1.8352612,0.6652612,2.0352612,2.1852612,2.7152612,2.1452613,2.4752612,2.8552613,3.2352612,3.075261,4.5052614,4.7752614,4.535261,3.7852612,4.265261,2.9752612,3.2352612,3.5452611,4.4652615,6.115261,7.8552613,5.2152615,0.43526122,-1.1247388
0.37526122,0.46526122,1.8652612,2.1252613,0.7352612,0.33526123,1.2052612,1.0352613,1.6652613,0.29526123,0.03526123,0.8952612,1.5752612,2.4852612,3.0952613,3.1252613,2.5252612,2.4552612,2.5252612,2.8352613,2.4252613,2.6452613,2.6652613,2.9452612,4.175261,3.9252613,4.655261,4.425261,4.035261,3.7952611,3.9252613,4.6252613,5.0252614,4.4852614,3.4252613,3.7752612,5.195261,0.38526124,-0.7747388,-1.1147388,-1.6647388
1.0752612,-0.63473874,1.6852612,1.4552612,1.4852612,1.4752612,1.3652612,1.3852612,1.4152613,2.1652613,0.47526124,0.68526125,1.6852612,2.1652613,2.4552612,3.2452612,2.9152613,3.075261,2.7752612,3.4152613,3.4452612,3.4952612,3.7652612,3.6352613,3.6352613,3.5952613,3.4052613,3.6952612,3.4252613,3.5052612,3.2452612,3.3052611,3.5552611,2.6552613,-0.27473876,-1.0047388,-0.7047388,-3.0047388,-2.2347388,-1.4747387,-2.3947387
1.8852612,2.575261,2.3152611,1.3652612,1.6352612,2.0052612,3.0552611,2.8752613,3.5352612,1.9952612,0.18526123,1.5652612,1.6152612,1.6552613,3.4052613,3.3152611,3.3852613,3.5052612,3.2852612,3.7552612,3.7452612,3.8652613,3.4152613,3.4252613,3.2352612,3.1452613,3.3052611,3.1452613,2.9552612,2.6752613,2.2752612,2.0852613,1.8552612,-2.2747388,-2.9047387,-2.4547389,-2.5747387,-3.8247387,-2.6847389,-3.1447387,-0.80473876
