wind_kz.json
{"header": {"discipline":0,"disciplineName":"Meteorological products","gribEdition":2,"gribLength":1025,"center":7,"centerName":"US National Weather Service - NCEP(WMC)","subcenter":0,"refTime":"2024-04-07T06:00:00.000Z","significanceOfRT":1,"significanceOfRTName":"Start of forecast","productStatus":0,"productStatusName":"Operational products","productType":1,"productTypeName":"Forecast products","productDefinitionTemplate":0,"productDefinitionTemplateName":"Analysis/forecast at horizontal level/layer at a point in time","parameterCategory":2,"parameterCategoryName":"UnknownDiscipline_0_Category_2","parameterNumber":2,"parameterNumberName":"UnknownParameter_D0_C2_2","parameterUnit":"Unknown","genProcessType":2,"genProcessTypeName":"Forecast","forecastTime":240,"surface1Type":103,"surface1TypeName":"Specified height level above ground","surface1Value":10.0,"surface2Type":255,"surface2TypeName":"Missing","surface2Value":0.0,"gridDefinitionTemplate":0,"gridDefinitionTemplateName":"Latitude_Longitude","numberPoints":615,"shape":6,"shapeName":"Earth spherical with radius of 6,371,229.0 m","gridUnits":"degrees","resolution":48,"winds":"true","scanMode":64,"nx":41,"ny":15,"basicAngle":0,"lo1":47.0,"la1":41.0,"lo2":87.0,"la2":55.0,"dx":1.0,"dy":1.0}, "data":
[rows 0 to 14 of 15, columns 0 to 40 of 41]
-0.05232422,1.3376758,0.17767578,-2.6723242,-0.67232424,-0.35232422,1.0676758,-2.1523242,-4.812324,-4.332324,-5.4123244,-3.2323241,-3.3723242,-3.7123241,-2.9823241,-2.2623243,-3.3523242,-6.0123243,-6.622324,-5.582324,-2.8223243,-0.80232424,1.6076758,2.2076757,-1.1223242,0.22767578,2.5376759,-1.4123242,-0.06232422,-1.0723243,-1.9423242,0.5376758,-0.8723242,-3.8223243,-3.6323242,-3.0523243,-3.3323243,-2.1923242,-1.4723243,-2.4123242,-2.1123242
-0.4523242,-2.9423242,-7.8023243,-6.272324,-2.2023242,-0.23232421,-3.242324,-3.4123242,-3.5223243,-3.9223242,-4.212324,-4.7223244,-3.7023242,-2.3223243,-2.1923242,-1.8823242,0.57767576,-2.8723242,-3.5623243,-4.3023243,-3.8823242,-1.6923242,-0.6923242,1.7976757,-0.8123242,0.5476758,0.9776758,-1.0523242,-0.3023242,-0.9123242,0.16767578,-0.40232423,0.0076757814,0.5376758,0.8576758,-1.3023242,0.28767577,2.3976758,0.24767578,-0.86232424,-4.582324
-4.902324,-8.862324,-9.072324,-5.0323243,-1.9523243,-2.5723243,-3.4323242,-2.5723243,-1.8923242,-1.9923242,-3.5923243,-3.9823241,-3.4523242,-2.8723242,-1.6123242,-0.6623242,-1.9223242,-1.6823242,-2.3423243,-2.4223242,-1.2023243,-0.7123242,-4.522324,-5.852324,-2.4723241,-3.8423243,-2.4523242,-1.8523242,2.1576757,-0.5223242,0.6676758,0.5276758,-2.0823243,-1.5623242,-1.2823242,0.51767576,-0.5123242,0.4176758,-1.7123243,1.4176757,-0.13232422
-9.672324,-9.762324,-7.0523243,-4.002324,-3.3423243,-5.1423244,-3.7823243,-3.9523242,-1.8123242,-1.5923243,-0.7223242,-1.5723243,-1.9323242,-1.2623242,-1.6923242,-2.5123243,-2.6123242,-2.9723241,-2.3823242,-1.8823242,-0.20232421,-3.242324,-1.1723242,-2.5123243,-3.8123243,-3.4523242,-3.6723242,-4.9123244,-5.3423243,-5.752324,-3.0223243,-5.5523243,-6.0923243,-3.2623243,-2.5623243,-0.54232424,-0.21232422,0.27767578,-2.4423242,-2.0223243,-1.8023242
-9.502324,-8.032324,-4.922324,-5.402324,-5.152324,-4.862324,-3.7023242,-2.2123241,-2.6023242,-3.2823243,-1.8123242,-2.3723242,-1.3223243,-1.5123242,-0.54232424,-0.8323242,-1.4523243,-1.1223242,-1.5523242,-1.2623242,0.51767576,-1.3123242,-0.5723242,-0.55232424,-1.9123242,-0.98232424,-1.3523242,-2.9123242,-2.8123243,-2.0123243,-3.002324,-2.3823242,1.8276758,-0.68232423,-3.8323243,-1.7423242,-0.6323242,-4.192324,-2.9123242,-5.2623243,-4.372324
-7.402324,-6.442324,-5.7023244,-5.132324,-3.7723243,-3.6423242,-3.0223243,-2.8023243,-2.0323243,-1.1623242,-1.6223242,-0.7023242,-0.032324217,-0.2723242,1.0076758,0.21767578,0.7976758,1.1376758,0.17767578,0.28767577,1.3276758,1.4076757,1.6376758,0.22767578,0.9176758,1.6976758,1.8276758,-1.2523242,-3.2223241,-2.492324,-3.1823242,-3.2623243,-3.4423242,-3.9423242,-4.4923244,2.5976758,-1.6023242,-2.0123243,-1.7723242,-4.462324,-5.1423244
-6.0523243,-4.982324,-4.132324,-2.752324,-1.3423243,-1.1723242,-0.67232424,-0.5323242,0.75767577,0.9976758,1.4576758,2.3976758,2.1876757,2.6676757,3.007676,2.997676,3.1076758,3.8776758,3.747676,2.8576758,1.6776757,2.4376757,2.7176757,2.4576757,3.3876758,2.7176757,-0.02232422,0.49767578,-1.3523242,-2.2223241,-2.7323241,-2.4323242,-3.6523242,-3.3623242,-4.1823244,-2.7023242,-0.8823242,-2.8723242,0.13767578,0.6076758,0.8576758
-2.8523242,-2.2323241,-1.2723242,-0.12232422,0.4176758,1.8376758,2.4476757,3.007676,3.9176757,4.037676,4.037676,4.4476757,5.6076756,4.7376757,4.6776757,5.307676,5.0076756,4.767676,4.247676,4.597676,5.4076757,4.1076756,3.8276758,3.8476758,4.077676,3.7876759,1.8676758,-0.5123242,0.13767578,-0.12232422,0.6576758,-0.9623242,-0.3923242,0.81767577,-0.6923242,-3.8823242,-2.9023242,-1.4123242,0.81767577,2.0276759,2.7376757
0.067675784,1.1776757,1.5676758,2.8576758,3.7176757,4.5476756,4.457676,4.4876757,4.767676,5.557676,5.8376756,5.7176757,6.897676,6.0076756,6.307676,5.6776757,5.557676,4.4876757,5.077676,4.707676,5.387676,5.347676,5.437676,5.0276756,5.4076757,4.997676,3.0276759,3.9276757,2.9676757,0.8676758,3.5276759,2.1376758,4.417676,1.7976757,2.0476758,-1.7723242,-1.4723243,-0.14232422,-0.6523242,0.56767577,0.39767578
2.3476758,3.257676,4.147676,4.807676,4.877676,5.1576757,5.077676,5.637676,6.187676,6.4676757,6.827676,7.3176756,7.7376757,7.1976757,7.227676,7.0076756,6.227676,5.5876756,5.247676,5.647676,6.4276757,6.6076756,4.597676,4.287676,5.2176757,5.327676,5.6776757,5.4676757,4.127676,3.0876758,4.1076756,4.3376756,2.5676758,2.6276758,2.7676759,1.7076758,-2.5923243,-1.4823242,0.12767579,0.7976758,0.16767578
2.7776759,3.507676,3.9276757,4.3176756,4.327676,4.537676,5.127676,5.847676,5.7376757,6.167676,6.6776757,7.7176757,7.1776757,8.387676,8.287676,8.197676,7.367676,6.977676,5.637676,6.647676,6.8376756,6.417676,5.7176757,5.227676,4.9876757,5.2576756,5.707676,5.557676,4.6576757,4.037676,3.9376757,4.497676,3.2876759,3.5176759,2.5976758,0.4876758,-0.7523242,0.20767578,1.6476758,-0.80232424,1.0676758
1.0076758,1.5476757,2.1476758,2.3876758,3.0176759,3.2776759,3.8176758,4.557676,4.117676,4.037676,5.387676,7.957676,6.6776757,7.537676,8.177676,8.177676,7.867676,7.377676,5.8576756,6.5276756,6.6976757,6.397676,6.2376757,6.597676,6.6976757,6.867676,6.8376756,6.937676,6.377676,5.9476757,4.727676,5.0276756,4.8176756,5.187676,3.9676757,5.2576756,5.867676,3.7376757,1.9276757,1.7576758,2.4376757
-2.0523243,-2.002324,-1.5723243,-0.06232422,0.6776758,1.4876758,2.8376758,3.4876757,4.7776756,4.1976757,2.3576758,5.457676,6.977676,7.227676,7.3176756,7.3376756,7.307676,7.117676,6.077676,7.0276756,6.227676,6.6076756,6.7376757,7.207676,8.717676,8.617676,8.637676,8.327676,8.517675,8.077676,7.9676757,7.4276757,6.867676,6.097676,5.8576756,5.7376757,5.187676,3.0176759,4.077676,3.4876757,2.5176759
-0.49232423,-0.7123242,0.9076758,1.1876758,1.8876758,2.757676,3.6276758,3.6376758,3.7376757,5.057676,3.6876757,4.347676,5.727676,7.5276756,8.087676,7.3376756,7.8376756,7.1976757,6.2176757,6.6576757,6.7776756,7.807676,8.527676,8.737676,8.567676,8.237676,8.057675,8.6476755,8.307675,8.327676,8.017675,7.7576756,7.347676,7.017676,5.687676,5.187676,3.7876759,3.007676,2.5576758,2.3076758,4.017676
0.6576758,1.7876757,1.6376758,2.3176758,2.2876759,2.9176757,3.6276758,4.347676,4.877676,5.5076756,4.457676,5.977676,3.997676,2.8876758,2.7976758,3.5576758,6.557676,7.417676,6.2976756,7.7376757,6.997676,7.347676,7.4476757,7.7376757,8.007676,7.787676,7.9676757,7.6776757,7.847676,7.227676,6.787676,5.8176756,7.227676,7.5276756,6.867676,5.9276757,4.0276756,4.8576756,5.2576756,3.6776757,-0.8823242
