wind_kz.json
{"header": {"discipline":0,"disciplineName":"Meteorological products","gribEdition":2,"gribLength":1025,"center":7,"centerName":"US National Weather Service - NCEP(WMC)","subcenter":0,"refTime":"2024-02-02T06:00:00.000Z","significanceOfRT":1,"significanceOfRTName":"Start of forecast","productStatus":0,"productStatusName":"Operational products","productType":1,"productTypeName":"Forecast products","productDefinitionTemplate":0,"productDefinitionTemplateName":"Analysis/forecast at horizontal level/layer at a point in time","parameterCategory":2,"parameterCategoryName":"UnknownDiscipline_0_Category_2","parameterNumber":2,"parameterNumberName":"UnknownParameter_D0_C2_2","parameterUnit":"Unknown","genProcessType":2,"genProcessTypeName":"Forecast","forecastTime":60,"surface1Type":103,"surface1TypeName":"Specified height level above ground","surface1Value":10.0,"surface2Type":255,"surface2TypeName":"Missing","surface2Value":0.0,"gridDefinitionTemplate":0,"gridDefinitionTemplateName":"Latitude_Longitude","numberPoints":615,"shape":6,"shapeName":"Earth spherical with radius of 6,371,229.0 m","gridUnits":"degrees","resolution":48,"winds":"true","scanMode":64,"nx":41,"ny":15,"basicAngle":0,"lo1":47.0,"la1":41.0,"lo2":87.0,"la2":55.0,"dx":1.0,"dy":1.0}, "data":
[rows 0 to 14 of 15, columns 0 to 40 of 41]
3.9507546,-1.7992454,1.4807547,1.4307547,4.150755,7.5407543,1.8607547,-0.6192453,-3.0192454,-2.7292452,-2.7392454,-2.9892454,-2.3392453,-2.0592453,-1.9992453,-1.3392453,-1.5992453,-0.6792453,-0.7792453,-0.3492453,-2.9792452,-1.4292454,-2.4992454,-1.8692453,0.0807547,-1.9192452,-2.7692454,-2.3192453,1.0307547,0.8307547,-0.2592453,1.5307547,-0.4592453,0.1007547,0.1107547,0.6407547,1.5607547,2.2507546,-1.1292453,2.4507546,0.9807547
1.4207547,1.4907547,1.2307547,2.3807547,4.3607545,3.4807546,-0.1492453,-1.0592453,-1.5892453,-1.1992453,-0.6792453,-1.2292453,-1.3492453,-1.9992453,-1.1492453,-1.8192453,-2.4492452,-2.5092454,-0.8092453,1.6807547,0.2307547,-1.5292453,-1.0592453,-2.0192454,-0.4692453,2.1907547,-1.3292453,0.7807547,-3.6392453,-1.9892453,0.1107547,-0.6192453,2.5807548,-1.5692453,-0.1092453,0.0107547,-0.0892453,1.3407547,0.6407547,1.2507547,-1.3192453
-0.2992453,-1.9992453,0.9207547,1.6307547,1.5507547,-0.3592453,-1.9692453,-1.5892453,-2.7192452,-4.8592453,-2.7792454,-3.2492454,-0.5392453,-1.3892453,-1.5992453,-1.2692453,-0.4692453,-0.6292453,-0.1192453,-1.2192453,-2.7192452,-3.2892454,-2.7392454,-1.1992453,-2.0392454,-1.4792453,0.3707547,0.3607547,-0.7092453,-0.4792453,-1.7792453,2.1407547,0.9907547,-0.3592453,-0.1292453,-1.1792454,0.2707547,0.6307547,0.7007547,0.5207547,-0.0692453
-1.1192453,-1.8392453,3.8707547,2.8707547,1.5907547,-0.9992453,-1.8892453,-1.1592453,-1.1892453,-3.0292454,-2.3992453,-1.5492454,0.1707547,-1.7692453,-0.9992453,-0.8192453,0.0107547,0.2707547,-0.4092453,-0.4592453,-1.7692453,-1.3092453,0.4607547,-0.5592453,-0.6992453,0.1607547,1.5207547,-2.0492454,3.1207547,1.1107547,-2.2492454,-2.3392453,-2.4692452,-1.9992453,-1.8292453,-1.4492453,-1.3892453,1.6307547,0.4207547,0.0407547,0.7607547
4.8407545,2.8807547,4.3707547,3.4707546,2.3807547,1.1207547,0.7707547,-0.6692453,-1.4492453,-0.9692453,-1.2192453,0.6707547,2.0407548,1.9307547,2.3507547,0.2107547,0.8607547,0.7807547,0.7907547,1.0307547,0.7007547,-2.3492453,-2.9792452,-2.6692452,-2.0292454,-0.9692453,1.4007547,2.2507546,2.9207547,2.0807548,1.5707546,-1.1192453,-1.3792453,0.9807547,1.8607547,-0.5192453,-1.3792453,-1.1392453,-0.2392453,-0.2092453,-1.2492453
7.7607546,6.680754,4.420755,4.8807545,3.3207548,2.3807547,1.5307547,1.4407547,0.1207547,0.7807547,1.2507547,0.5407547,4.1207547,4.940755,2.1607547,0.6307547,0.1007547,1.2207547,1.1207547,1.0107547,0.5307547,1.1007547,-0.3092453,-0.1092453,0.5207547,0.2407547,2.3807547,0.7907547,1.1007547,2.1907547,2.2207546,0.4907547,-2.1192453,-0.4692453,-0.0992453,-4.019245,0.3007547,-1.5392452,1.6207547,-0.7492453,-2.5992453
8.060755,7.0407543,6.950754,6.9407544,6.5007544,5.4207544,4.0907545,2.4007547,2.7807548,1.2407547,0.5107547,0.6707547,0.9007547,2.0507548,1.3307548,0.7807547,0.6207547,1.0207547,1.3307548,0.7007547,1.4607548,1.7207547,1.8407547,1.0607547,0.6107547,-1.3792453,0.5407547,-0.6392453,-0.9692453,-2.2092452,-2.5392454,-2.5892453,-0.1492453,-2.9192452,-3.0292454,-1.4892453,-0.9792453,2.9807546,-1.7192453,1.6407547,0.5907547
7.3207545,6.0907545,6.160754,6.6507545,6.4407544,6.5807543,5.5107546,5.3007545,4.1307545,4.420755,3.2407546,4.020755,2.4007547,2.9407547,2.1107547,1.6407547,1.0907547,0.4507547,0.4507547,3.1707547,5.060755,3.2907548,1.2807547,0.9107547,1.1807547,7.546997E-4,1.0607547,-1.0192453,0.8607547,-0.6992453,-1.2892452,-0.9892453,-3.3692453,1.8507547,-1.1092453,0.6007547,1.3407547,1.2407547,-3.1992452,-4.4192452,-2.8992453
6.4707546,6.1007543,6.0207543,6.0207543,6.2407546,6.5107546,5.9907546,6.0707545,5.8807545,6.3707542,5.5607543,4.1107545,4.4507546,2.4407547,0.7607547,1.5407547,1.9207547,1.1307547,1.9207547,2.0707548,3.0407548,1.9507546,1.2907547,1.2907547,1.2307547,1.3307548,1.1107547,-0.2692453,1.1007547,-0.1992453,1.5807548,0.7107547,5.1507545,-0.7692453,-2.3392453,-3.5992453,0.0507547,-1.7692453,-1.4492453,0.5607547,-1.4892453
6.2907543,5.5807543,5.3607545,5.3107543,5.4907546,5.5207543,6.1107545,6.1907544,6.1707544,6.180754,5.2107544,4.2807546,3.3207548,1.4607548,1.2907547,1.3707547,1.7707547,1.6607547,1.3207546,1.4007547,3.7907548,3.8507547,2.5407548,1.7207547,1.5507547,1.2607547,1.9907547,1.9607548,2.8107548,3.0207548,1.9107547,3.3607547,4.1607547,-0.5592453,-0.7192453,-1.3292453,-2.6792452,-0.4492453,-0.9292453,0.6707547,-1.1292453
5.8107543,5.8607545,4.940755,4.980755,4.920755,4.9707546,5.1907544,5.200754,4.9907546,3.4807546,2.5407548,2.3107548,0.0407547,0.3807547,0.8007547,0.9107547,1.7507547,2.8407547,2.2207546,2.6207547,3.4207547,4.020755,4.150755,2.9407547,2.9207547,2.0507548,2.9207547,2.3907547,4.060755,3.1507547,4.960755,3.3807547,1.8607547,1.0207547,0.4807547,-0.009245301,-0.2092453,0.4607547,-1.1892453,1.1807547,-1.2592453
5.7107544,5.3407545,5.1507545,4.190755,5.0107546,3.9607546,3.3907547,2.5407548,0.4907547,-1.3892453,-1.8692453,-1.3292453,-1.0092453,0.2507547,1.8707547,1.7307547,1.9007547,2.6307547,1.9507546,3.0207548,3.5407548,4.2807546,3.7407546,2.2607546,3.6207547,3.3807547,3.7307546,5.0907545,4.540755,3.6207547,2.9407547,3.0307548,3.4907546,3.2807548,2.1507547,3.6807547,5.9207544,2.3007548,0.1607547,0.3607547,-0.6792453
4.650755,5.3507543,3.6707547,3.4707546,3.3607547,1.6407547,0.1307547,-1.3392453,-2.5192454,-2.8392453,-1.5892453,-0.8792453,-0.5092453,1.1307547,1.9607548,1.0107547,0.9407547,2.2207546,1.9007547,3.3707547,3.1607547,4.270755,4.230755,4.250755,4.9707546,5.4707546,5.3407545,4.7807546,4.210755,4.440755,4.040755,3.9307547,4.560755,4.750755,5.1207542,4.690755,5.3107543,4.500755,5.3607545,0.6607547,0.2807547
5.000755,3.9507546,2.4207547,2.4207547,0.5907547,-1.0892453,-1.3592453,-2.2892454,-2.5192454,-2.9192452,-1.7692453,-1.5692453,0.2807547,1.3907547,1.4507546,1.7707547,1.3307548,1.9207547,0.8807547,4.020755,4.670755,5.0307546,5.3807545,5.180754,4.8307548,1.7907547,1.6807547,3.2107546,3.8607547,3.7207546,4.3007545,5.5607543,5.5307546,6.7107544,5.3407545,5.2507544,3.9107547,4.150755,4.170755,3.6807547,6.160754
4.1107545,4.1407547,2.7607546,-0.3392453,-0.9892453,-1.7592453,-2.5892453,-3.4792452,-3.2692454,-3.2092452,-2.3292453,-1.3892453,-0.7992453,0.7907547,1.7207547,1.5407547,1.5907547,2.1707547,2.2907548,4.8507547,4.750755,4.7607546,4.8807545,4.8307548,4.5307546,3.6207547,3.7707548,3.6207547,3.5507548,4.1807547,5.2207546,6.3807545,6.5307546,6.5907545,6.3407545,5.5807543,4.310755,4.8507547,4.4107547,3.7007546,1.5207547
