wind_kz.json
{"header": {"discipline":0,"disciplineName":"Meteorological products","gribEdition":2,"gribLength":1025,"center":7,"centerName":"US National Weather Service - NCEP(WMC)","subcenter":0,"refTime":"2024-04-07T06:00:00.000Z","significanceOfRT":1,"significanceOfRTName":"Start of forecast","productStatus":0,"productStatusName":"Operational products","productType":1,"productTypeName":"Forecast products","productDefinitionTemplate":0,"productDefinitionTemplateName":"Analysis/forecast at horizontal level/layer at a point in time","parameterCategory":2,"parameterCategoryName":"UnknownDiscipline_0_Category_2","parameterNumber":3,"parameterNumberName":"UnknownParameter_D0_C2_3","parameterUnit":"Unknown","genProcessType":2,"genProcessTypeName":"Forecast","forecastTime":180,"surface1Type":103,"surface1TypeName":"Specified height level above ground","surface1Value":10.0,"surface2Type":255,"surface2TypeName":"Missing","surface2Value":0.0,"gridDefinitionTemplate":0,"gridDefinitionTemplateName":"Latitude_Longitude","numberPoints":615,"shape":6,"shapeName":"Earth spherical with radius of 6,371,229.0 m","gridUnits":"degrees","resolution":48,"winds":"true","scanMode":64,"nx":41,"ny":15,"basicAngle":0,"lo1":47.0,"la1":41.0,"lo2":87.0,"la2":55.0,"dx":1.0,"dy":1.0}, "data":
[rows 0 to 14 of 15, columns 0 to 40 of 41]
-0.5018689,1.5381311,-2.251869,-8.981869,-3.721869,-1.4418689,-2.701869,-3.501869,1.7181311,-1.1018689,1.228131,2.1481311,0.6881311,-2.3818688,1.4981312,1.2481312,0.7481311,0.3981311,0.21813111,1.8781312,0.2381311,0.028131103,-0.9918689,1.3081311,1.0481311,0.4681311,0.9781311,1.3081311,2.748131,3.028131,0.9681311,-0.3718689,0.89813113,-0.9618689,-1.0018688,-0.7818689,-2.551869,-3.8418689,-4.341869,-2.6718688,-2.711869
-1.2018689,-0.8818689,-6.321869,-6.911869,-3.9218688,-2.6318688,-3.741869,-4.381869,-1.0318689,2.3881311,1.988131,0.28813112,-0.0918689,0.9481311,1.5881311,0.3181311,0.18813111,1.9281311,-0.4818689,0.7981311,-0.8718689,0.8581311,0.2281311,-0.27186888,-0.12186889,0.028131103,0.4281311,-1.5718689,-1.5618689,-1.0718689,2.248131,3.278131,-0.7518689,-0.1018689,-4.361869,-0.8718689,-1.5318689,-2.3418689,-1.9518689,-2.8618689,1.3281311
0.2381311,1.108131,-3.581869,-3.551869,-1.8718688,-1.4318689,-0.4018689,-1.6118689,-0.7018689,2.1581311,2.3381312,-0.5718689,-0.8918689,-2.281869,1.7481312,0.098131105,-0.2918689,-2.061869,1.2081311,3.0681312,1.5181311,1.3481311,-1.5518689,-0.3118689,0.5481311,0.2981311,1.0381311,0.3581311,0.3381311,-0.2918689,0.2981311,-1.0018688,0.2081311,-0.60186887,-1.6518689,0.3281311,-0.011868897,-2.991869,0.068131104,1.238131,1.2481312
-1.0318689,1.0781311,0.7181311,0.3281311,0.1981311,1.228131,-1.0318689,-0.8418689,1.3181311,0.0881311,3.0881312,2.188131,2.018131,-0.5718689,-3.571869,-3.081869,4.528131,1.728131,-0.3818689,-3.8518689,-3.0918689,-1.011869,-0.6718689,-2.471869,-0.9818689,-1.5018688,2.1581311,-0.9718689,-0.9118689,-2.1718688,-3.291869,-3.491869,-0.1818689,3.028131,0.3381311,-1.9518689,0.15813111,1.3381311,-0.6118689,-0.5518689,-0.011868897
-4.171869,-2.541869,-6.181869,4.778131,1.8781312,0.9381311,-1.4518689,-1.8418689,-2.751869,0.0781311,4.808131,4.4381313,4.698131,2.198131,-2.6218688,-4.091869,-2.831869,-0.4118689,-2.5918689,-2.9018688,-3.501869,-3.321869,-1.391869,-0.46186888,-1.761869,-0.8118689,-1.6618689,-3.461869,-0.0718689,-2.6118689,-3.471869,-1.1218688,0.3181311,2.0981312,-0.5518689,-0.7518689,0.7481311,-0.7818689,-1.8118689,-2.4318688,-3.201869
-3.3418689,-3.6818688,-0.5318689,1.3881311,1.9581311,1.4481311,0.6581311,-1.141869,-3.451869,-0.5118689,3.048131,3.298131,3.528131,3.528131,1.6981311,-0.9718689,-3.331869,-0.7118689,-3.001869,-1.8218689,-2.491869,-1.0018688,-1.8618689,-0.6718689,-2.011869,-0.20186889,-1.0518689,-2.6518688,-2.8618689,-3.1518688,-2.9018688,-2.551869,-3.321869,-1.8518689,1.0481311,1.1781311,1.2881311,0.3581311,-0.3718689,-1.8518689,-3.4218688
-3.8618689,-2.511869,-2.571869,0.7181311,2.0881312,1.4081311,2.5881312,1.5581311,0.2781311,-2.4218688,1.5881311,0.8181311,3.8581312,1.0981311,3.278131,1.7481312,0.6381311,-2.561869,-0.9518689,-2.4418688,-3.481869,-4.2518687,-1.1018689,-0.4118689,1.1781311,1.488131,-0.9718689,-1.9718689,-2.6718688,-3.501869,-2.781869,-1.8018689,-3.451869,-3.8818688,-0.8018689,-0.8118689,-2.6718688,-1.0918689,-0.3618689,0.3881311,-1.1018689
-3.6918688,-3.281869,-0.8218689,1.6781311,-3.1018689,2.3081312,3.768131,2.048131,1.858131,-1.2518688,-2.231869,2.8781312,0.5981311,-0.4218689,-0.5218689,4.278131,2.478131,-1.5918689,1.8481311,1.7981311,-0.6418689,-2.721869,-1.2218689,-2.6418688,-1.2018689,0.4481311,0.4081311,-0.8918689,-0.2218689,-2.6118689,-3.3718688,-1.011869,-2.9318688,-3.201869,-1.141869,-0.3518689,0.0781311,-0.7018689,0.1381311,-1.391869,-2.011869
-2.551869,-4.431869,-1.5718689,-2.031869,-5.421869,0.8581311,2.028131,3.718131,3.788131,2.788131,0.9681311,0.068131104,0.9281311,0.5081311,2.6281312,2.028131,2.0581312,0.9781311,-0.9718689,-2.1118689,-0.6618689,-1.3018689,-0.27186888,-0.8418689,-1.3718688,-1.8618689,0.2481311,-0.2518689,-1.0318689,-0.021868896,1.2081311,1.1881311,0.8181311,-1.5618689,-1.1918689,-1.021869,-2.6218688,-1.3218689,-0.9718689,-0.6618689,-2.4018688
-3.1718688,-2.8518689,-3.321869,-4.5018687,-4.0218687,-3.261869,-2.6718688,-1.6618689,5.1881313,4.798131,2.938131,3.5781312,2.508131,3.6181312,4.398131,2.708131,2.018131,2.0581312,0.4981311,-2.011869,-0.4318689,-1.4818689,0.7181311,0.8481311,1.358131,-0.8018689,-2.061869,-1.9918689,-0.5118689,-0.2118689,0.018131103,0.3981311,1.0781311,-1.2518688,-0.5018689,-0.7818689,-0.3618689,-3.811869,0.1181311,3.1581311,3.0881312
-1.6718689,-3.1018689,-4.321869,-5.091869,-4.081869,-3.261869,1.3381311,-0.27186888,-1.511869,4.048131,4.358131,2.6481311,2.0781312,4.758131,4.548131,4.368131,3.3381312,1.7481312,0.5781311,0.9581311,-0.9418689,-1.9518689,-2.321869,-2.281869,-1.6318688,-0.4518689,-0.6818689,-1.9818689,-1.1818689,1.6881311,1.2581311,-0.0018688965,-1.9718689,-1.6718689,-1.9718689,0.1081311,0.1281311,2.0581312,0.1981311,-0.3118689,-0.9818689
-2.951869,-4.441869,-3.9018688,-4.711869,-3.6118689,-3.731869,-0.5918689,1.3481311,0.3681311,-0.27186888,0.1181311,0.1481311,-0.1818689,1.5481311,0.8281311,0.8281311,3.758131,2.9081311,0.2681311,-1.8118689,1.2981311,-0.5818689,-1.1018689,-2.521869,-0.2218689,-0.5918689,-0.011868897,-0.5618689,-0.8118689,-1.8618689,-2.1718688,-2.251869,-1.5718689,-1.3518689,-1.771869,-2.491869,-1.9718689,0.5081311,-0.111868896,0.7681311,1.1181312
-1.8518689,-2.221869,-3.311869,-2.9118688,-3.1318688,-2.241869,-0.1818689,0.4081311,-0.46186888,0.008131104,0.018131103,0.008131104,-0.1618689,0.6581311,1.608131,2.008131,1.4181311,1.6881311,0.4281311,-0.4718689,-0.031868897,0.3681311,-0.9718689,0.1181311,-1.1618689,-1.4018689,-1.9618689,-0.2918689,-0.6418689,-0.3618689,-0.3318689,-0.6518689,-1.2518688,-1.9218689,-2.5918689,-2.451869,-1.9018689,-0.9918689,-2.031869,-1.5618689,0.5881311
-0.9718689,-1.4918689,-2.3918688,-2.8418689,-3.1518688,-3.221869,-0.9818689,-0.051868897,-0.5118689,-0.7918689,0.4381311,-0.2618689,-0.3618689,-0.4418689,3.448131,1.9681311,1.6781311,1.7981311,1.2881311,1.1481311,-0.9718689,0.4581311,0.4881311,0.6081311,-0.20186889,-1.3618689,-1.4918689,-0.9418689,-1.761869,-2.4018688,-1.5018688,-1.8518689,-1.9618689,-2.001869,-1.9318689,-2.451869,-2.291869,-1.0418689,-0.9718689,-0.4718689,-3.291869
0.9681311,-0.2618689,-0.5718689,-1.7418689,-1.9918689,-1.6218688,-0.7318689,-0.2618689,-0.8318689,-0.9918689,-0.7018689,1.5481311,0.9681311,0.5781311,1.5781311,2.3881311,2.0881312,0.5481311,0.0781311,1.2581311,1.4281311,1.1381311,-0.4118689,-1.511869,-1.2518688,-1.2918689,-1.6918689,-1.7218689,-1.8118689,-2.1318688,-2.1918688,-2.1418688,-2.3818688,-2.701869,-2.6918688,-2.4118688,-2.001869,-1.9718689,-2.3518689,-2.481869,-0.6318689
