wind_kz.json
{"header": {"discipline":0,"disciplineName":"Meteorological products","gribEdition":2,"gribLength":871,"center":7,"centerName":"US National Weather Service - NCEP(WMC)","subcenter":0,"refTime":"2024-04-06T18:00:00.000Z","significanceOfRT":1,"significanceOfRTName":"Start of forecast","productStatus":0,"productStatusName":"Operational products","productType":1,"productTypeName":"Forecast products","productDefinitionTemplate":0,"productDefinitionTemplateName":"Analysis/forecast at horizontal level/layer at a point in time","parameterCategory":0,"parameterCategoryName":"UnknownDiscipline_0_Category_0","parameterNumber":0,"parameterNumberName":"UnknownParameter_D0_C0_0","parameterUnit":"Unknown","genProcessType":2,"genProcessTypeName":"Forecast","forecastTime":120,"surface1Type":1,"surface1TypeName":"Ground or water surface","surface1Value":0.0,"surface2Type":255,"surface2TypeName":"Missing","surface2Value":0.0,"gridDefinitionTemplate":0,"gridDefinitionTemplateName":"Latitude_Longitude","numberPoints":615,"shape":6,"shapeName":"Earth spherical with radius of 6,371,229.0 m","gridUnits":"degrees","resolution":48,"winds":"true","scanMode":64,"nx":41,"ny":15,"basicAngle":0,"lo1":47.0,"la1":41.0,"lo2":87.0,"la2":55.0,"dx":1.0,"dy":1.0}, "data":
[rows 0 to 14 of 15, columns 0 to 40 of 41]
285.2768,277.87677,282.47678,281.7768,282.6768,283.87677,287.37677,293.2768,291.7768,292.97678,291.97678,294.2768,294.07678,294.2768,294.47678,293.7768,294.2768,293.07678,293.97678,290.2768,291.7768,288.7768,288.37677,283.87677,289.2768,291.1768,285.57678,270.37677,270.2768,268.1768,264.2768,264.7768,281.47678,287.37677,288.2768,289.2768,288.37677,288.2768,288.1768,289.47678,289.97678
269.6768,282.97678,281.7768,282.07678,282.37677,282.7768,292.57678,290.1768,288.6768,287.97678,290.07678,289.2768,291.37677,292.2768,292.7768,292.47678,292.87677,292.97678,291.57678,291.97678,291.47678,287.87677,284.2768,277.37677,257.57678,264.97678,280.47678,272.07678,274.57678,263.97678,274.2768,253.87679,271.57678,246.97678,258.6768,284.2768,283.1768,285.2768,287.7768,281.47678,278.87677
284.2768,281.1768,281.37677,281.97678,282.47678,289.7768,288.7768,288.6768,286.57678,286.57678,286.57678,287.57678,288.57678,289.87677,289.87677,290.87677,290.87677,290.47678,290.87677,291.1768,291.87677,291.47678,289.07678,282.1768,284.2768,283.07678,284.2768,284.2768,282.6768,277.2768,267.47678,269.87677,277.7768,278.57678,278.2768,278.2768,266.37677,274.07678,273.1768,268.47678,262.47678
283.07678,282.47678,281.57678,281.47678,284.07678,289.6768,291.57678,287.7768,287.57678,286.37677,285.57678,284.6768,285.47678,285.97678,288.57678,289.2768,288.57678,289.87677,289.7768,289.6768,288.1768,283.37677,287.97678,288.57678,290.57678,289.7768,288.2768,284.97678,284.47678,283.97678,285.2768,283.37677,288.57678,289.1768,284.2768,281.07678,269.47678,261.07678,274.7768,281.57678,284.57678
285.47678,283.1768,281.87677,282.37677,284.1768,288.7768,290.07678,289.57678,287.7768,286.87677,285.7768,283.97678,284.57678,284.2768,282.7768,285.7768,286.1768,287.1768,286.6768,286.1768,286.07678,286.37677,285.87677,286.57678,287.47678,289.37677,285.7768,283.2768,286.87677,286.47678,288.1768,285.47678,274.1768,264.1768,278.1768,285.2768,283.7768,289.07678,288.37677,287.7768,286.57678
288.7768,286.7768,282.7768,281.47678,280.07678,280.97678,289.1768,289.2768,287.2768,285.87677,285.1768,284.6768,283.47678,283.47678,278.57678,283.87677,284.47678,283.97678,284.97678,284.47678,282.97678,281.6768,281.7768,281.57678,282.2768,282.2768,283.6768,271.97678,285.2768,285.07678,285.6768,286.37677,282.87677,282.6768,282.47678,281.37677,277.47678,278.57678,284.6768,286.97678,283.6768
287.47678,287.87677,289.1768,288.7768,285.1768,287.87677,289.1768,287.7768,286.57678,285.97678,283.1768,282.2768,281.97678,281.6768,281.87677,282.57678,282.37677,282.37677,282.87677,281.37677,279.97678,280.2768,279.97678,279.6768,278.57678,278.97678,278.97678,279.97678,281.2768,281.87677,281.97678,281.37677,281.1768,281.07678,283.1768,280.97678,277.6768,275.7768,273.37677,274.1768,280.2768
286.6768,285.6768,287.7768,287.97678,286.97678,285.87677,286.6768,285.07678,284.1768,284.6768,283.37677,282.07678,281.7768,281.57678,281.37677,281.1768,280.7768,280.57678,279.57678,277.87677,277.57678,277.07678,276.7768,276.7768,275.47678,273.6768,274.57678,277.07678,276.87677,277.47678,276.47678,277.1768,276.1768,273.97678,274.6768,275.97678,278.07678,273.07678,278.57678,279.57678,278.57678
284.57678,283.6768,284.6768,283.7768,284.37677,283.57678,283.07678,283.1768,283.07678,282.47678,282.6768,281.07678,279.97678,279.87677,279.2768,279.07678,278.2768,277.87677,277.57678,276.47678,274.47678,273.87677,273.97678,273.6768,272.6768,273.07678,272.47678,273.47678,272.6768,271.47678,272.1768,272.6768,273.6768,273.7768,273.57678,272.97678,273.97678,273.87677,268.1768,267.2768,266.1768
283.7768,283.7768,282.47678,281.97678,282.47678,280.6768,280.97678,281.2768,281.7768,281.47678,281.1768,280.37677,279.57678,279.07678,278.2768,278.1768,277.7768,277.57678,277.1768,276.2768,274.97678,273.87677,274.07678,273.2768,272.97678,272.1768,272.1768,272.07678,271.7768,271.47678,271.57678,274.1768,274.87677,272.97678,273.1768,273.97678,273.07678,270.1768,269.57678,267.2768,266.37677
284.1768,283.47678,282.2768,282.1768,281.47678,280.57678,280.2768,280.2768,280.7768,280.6768,279.7768,279.1768,279.87677,278.2768,278.07678,277.97678,277.37677,277.07678,276.2768,275.2768,275.7768,274.57678,273.87677,274.2768,272.97678,272.6768,272.1768,272.6768,272.87677,273.2768,273.2768,273.1768,273.7768,273.47678,273.1768,272.37677,268.1768,265.37677,270.1768,268.47678,268.7768
282.6768,283.2768,282.7768,281.6768,280.6768,280.1768,278.57678,278.87677,279.37677,279.87677,279.2768,278.1768,278.97678,277.57678,277.07678,277.37677,276.97678,275.6768,275.47678,275.1768,273.97678,273.47678,273.37677,273.7768,272.87677,274.1768,274.57678,275.2768,273.87677,273.47678,273.1768,271.97678,271.6768,270.7768,270.6768,271.87677,272.37677,272.1768,270.47678,272.07678,272.07678
282.2768,282.1768,282.1768,281.57678,280.6768,279.37677,278.87677,278.47678,278.57678,277.87677,276.6768,276.2768,278.6768,277.37677,277.07678,276.57678,275.97678,275.1768,274.7768,274.2768,273.37677,272.47678,272.1768,273.2768,273.57678,273.6768,275.2768,274.07678,273.2768,271.6768,271.37677,271.2768,272.07678,271.47678,271.2768,271.1768,270.57678,272.07678,271.57678,271.7768,271.7768
285.37677,283.47678,277.07678,281.47678,279.57678,278.87677,278.2768,277.6768,278.2768,277.2768,275.1768,273.7768,275.97678,277.37677,277.47678,277.1768,275.7768,275.1768,274.6768,273.87677,272.97678,272.47678,272.7768,272.7768,272.97678,272.6768,272.47678,272.37677,272.07678,271.87677,271.37677,271.57678,271.07678,270.57678,270.1768,270.07678,270.07678,270.6768,270.87677,269.37677,270.97678
284.47678,284.6768,273.1768,280.87677,280.1768,279.37677,279.2768,277.97678,277.7768,277.07678,275.97678,274.6768,273.7768,273.97678,275.47678,277.2768,276.87677,275.2768,275.2768,273.6768,272.6768,271.97678,272.2768,271.97678,272.2768,272.1768,271.7768,271.37677,271.1768,270.57678,270.57678,268.97678,270.07678,269.2768,268.87677,268.7768,268.2768,268.97678,268.87677,269.7768,269.87677
