wind_kz.json
{"header": {"discipline":0,"disciplineName":"Meteorological products","gribEdition":2,"gribLength":871,"center":7,"centerName":"US National Weather Service - NCEP(WMC)","subcenter":0,"refTime":"2023-08-20T06:00:00.000Z","significanceOfRT":1,"significanceOfRTName":"Start of forecast","productStatus":0,"productStatusName":"Operational products","productType":1,"productTypeName":"Forecast products","productDefinitionTemplate":0,"productDefinitionTemplateName":"Analysis/forecast at horizontal level/layer at a point in time","parameterCategory":0,"parameterCategoryName":"UnknownDiscipline_0_Category_0","parameterNumber":0,"parameterNumberName":"UnknownParameter_D0_C0_0","parameterUnit":"Unknown","genProcessType":2,"genProcessTypeName":"Forecast","forecastTime":60,"surface1Type":1,"surface1TypeName":"Ground or water surface","surface1Value":0.0,"surface2Type":255,"surface2TypeName":"Missing","surface2Value":0.0,"gridDefinitionTemplate":0,"gridDefinitionTemplateName":"Latitude_Longitude","numberPoints":615,"shape":6,"shapeName":"Earth spherical with radius of 6,371,229.0 m","gridUnits":"degrees","resolution":48,"winds":"true","scanMode":64,"nx":41,"ny":15,"basicAngle":0,"lo1":47.0,"la1":41.0,"lo2":87.0,"la2":55.0,"dx":1.0,"dy":1.0}, "data":
[rows 0 to 14 of 15, columns 0 to 40 of 41]
298.66055,288.56055,294.86053,299.56055,299.36053,298.16055,300.36053,304.46054,304.76056,304.96054,303.46054,303.36053,303.16055,303.06055,302.56055,299.86053,299.76056,301.16055,300.56055,302.16055,301.46054,297.86053,297.76056,291.46054,295.76056,296.46054,292.66055,278.66055,278.86053,278.26056,279.86053,284.36053,292.16055,299.06055,299.96054,301.76056,302.66055,303.16055,302.66055,302.26056,301.56055
279.86053,296.46054,299.66055,299.76056,299.46054,298.16055,302.56055,303.76056,302.96054,303.36053,305.26056,302.56055,301.66055,300.76056,299.06055,300.06055,299.56055,300.16055,299.36053,298.86053,298.36053,300.06055,296.36053,287.96054,276.96054,279.06055,288.36053,277.26056,280.46054,275.46054,280.66055,278.46054,284.16055,264.16055,281.86053,296.26056,296.36053,298.86053,302.86053,294.16055,284.36053
296.36053,299.56055,300.16055,300.26056,298.36053,302.06055,302.16055,302.56055,301.66055,302.16055,303.76056,302.76056,298.66055,299.56055,299.96054,297.96054,297.46054,297.56055,298.06055,297.56055,298.06055,297.86053,298.06055,291.96054,295.46054,293.86053,295.96054,294.26056,294.16055,283.56055,275.56055,278.06055,285.86053,285.56055,285.66055,287.76056,281.46054,283.26056,285.26056,278.76056,279.56055
295.46054,300.46054,299.86053,299.06055,298.36053,301.36053,303.06055,304.36053,304.26056,304.26056,302.36053,300.76056,296.16055,295.26056,295.86053,297.66055,299.56055,299.96054,301.56055,300.26056,297.86053,294.46054,299.86053,300.86053,298.46054,297.36053,299.56055,295.66055,293.96054,296.06055,296.06055,295.76056,299.56055,299.56055,292.76056,288.76056,282.06055,281.86053,285.36053,293.46054,297.86053
300.96054,300.26056,300.06055,299.56055,300.26056,302.56055,302.76056,304.96054,302.26056,304.06055,301.36053,303.16055,296.56055,295.06055,292.26056,298.36053,299.96054,299.36053,294.86053,300.46054,301.46054,301.86053,299.16055,299.96054,299.76056,299.36053,296.26056,295.06055,296.76056,296.06055,298.86053,295.06055,283.36053,274.26056,285.26056,295.76056,298.56055,302.36053,301.06055,300.26056,298.86053
303.56055,298.96054,298.86053,299.26056,299.66055,299.36053,301.56055,303.86053,302.26056,300.76056,302.76056,300.76056,296.36053,295.66055,296.06055,298.06055,301.06055,299.76056,300.66055,301.86053,301.56055,300.46054,298.06055,298.86053,296.96054,299.96054,297.46054,294.16055,299.16055,300.16055,295.86053,298.16055,295.56055,291.06055,293.16055,294.66055,291.36053,290.46054,299.56055,299.46054,298.06055
301.46054,300.36053,301.96054,300.96054,300.66055,299.66055,300.16055,298.46054,300.56055,301.66055,301.46054,299.76056,299.46054,299.16055,298.46054,301.36053,300.66055,300.16055,300.56055,299.66055,299.36053,300.46054,300.76056,298.06055,296.76056,296.46054,296.06055,298.86053,301.56055,299.86053,297.86053,297.46054,298.26056,298.76056,296.26056,295.56055,288.96054,286.16055,280.26056,280.86053,294.56055
300.16055,301.26056,302.56055,303.56055,304.66055,302.76056,302.36053,300.36053,298.66055,299.96054,297.56055,298.16055,297.56055,299.46054,301.06055,303.46054,301.76056,300.66055,300.46054,297.36053,298.16055,298.36053,298.46054,298.56055,295.76056,291.46054,292.76056,295.76056,294.06055,294.66055,293.96054,294.76056,293.86053,292.96054,294.06055,294.46054,295.66055,289.26056,293.56055,293.76056,287.56055
297.56055,298.66055,299.76056,299.76056,299.76056,299.56055,299.96054,300.96054,297.86053,297.36053,296.06055,295.46054,296.36053,298.76056,299.56055,301.86053,300.96054,299.56055,298.46054,296.76056,294.26056,294.66055,294.86053,295.26056,292.96054,293.56055,290.36053,289.16055,287.76056,286.76056,289.16055,291.56055,294.86053,292.86053,293.96054,290.66055,291.16055,289.96054,277.46054,278.96054,276.76056
295.66055,299.16055,296.86053,297.26056,299.76056,299.66055,297.86053,298.16055,297.16055,296.26056,294.26056,297.66055,295.66055,297.06055,297.06055,297.56055,299.86053,299.76056,296.36053,296.86053,294.56055,295.26056,297.06055,295.06055,294.16055,292.66055,291.66055,290.16055,292.36053,291.76056,290.36053,294.46054,295.76056,294.36053,294.96054,291.96054,288.26056,285.36053,278.06055,277.66055,278.26056
294.36053,293.76056,293.26056,293.36053,295.46054,292.96054,296.26056,296.66055,292.66055,292.16055,293.66055,291.26056,293.46054,293.86053,293.56055,295.06055,298.66055,297.66055,297.16055,294.96054,295.16055,294.36053,293.86053,293.76056,291.86053,293.06055,290.36053,295.76056,295.86053,294.66055,297.26056,296.76056,295.46054,294.56055,292.66055,288.36053,284.96054,281.86053,280.36053,282.86053,280.66055
292.26056,291.96054,290.56055,290.26056,290.66055,290.86053,290.26056,290.46054,289.86053,290.36053,289.26056,289.56055,290.86053,291.46054,292.26056,293.66055,292.96054,294.16055,293.76056,294.16055,293.56055,291.76056,291.76056,290.86053,291.26056,292.66055,293.06055,293.36053,295.36053,295.76056,292.86053,294.26056,293.96054,291.06055,291.16055,289.06055,287.76056,286.46054,286.86053,286.56055,285.66055
287.56055,288.66055,287.16055,288.56055,288.56055,287.56055,289.66055,286.96054,286.56055,286.56055,285.66055,285.86053,287.26056,288.16055,290.36053,289.06055,289.16055,289.46054,290.06055,288.66055,289.46054,288.76056,287.66055,288.16055,289.96054,291.36053,293.66055,292.46054,292.16055,291.56055,291.96054,292.26056,291.46054,291.56055,290.16055,288.96054,287.76056,287.96054,286.16055,284.36053,284.66055
286.96054,290.46054,290.66055,290.16055,286.06055,285.16055,284.46054,283.36053,284.36053,286.16055,284.56055,283.26056,285.46054,287.06055,289.46054,290.26056,289.46054,287.66055,287.36053,288.66055,289.06055,288.46054,289.16055,289.16055,290.06055,290.86053,290.36053,289.76056,290.06055,289.66055,289.56055,289.46054,288.26056,287.76056,289.76056,287.66055,287.36053,285.86053,284.06055,283.96054,283.86053
285.66055,285.56055,291.66055,286.06055,284.86053,285.26056,287.26056,286.96054,282.86053,281.86053,283.66055,280.96054,283.36053,284.86053,287.86053,287.26056,286.46054,284.86053,285.96054,288.56055,291.76056,291.56055,287.36053,291.16055,291.16055,290.16055,287.46054,287.46054,290.46054,288.26056,289.06055,287.56055,287.96054,288.06055,286.86053,288.66055,287.46054,286.76056,285.46054,285.46054,284.76056
