wind_kz.json
{"header": {"discipline":0,"disciplineName":"Meteorological products","gribEdition":2,"gribLength":1102,"center":7,"centerName":"US National Weather Service - NCEP(WMC)","subcenter":0,"refTime":"2023-10-03T12:00:00.000Z","significanceOfRT":1,"significanceOfRTName":"Start of forecast","productStatus":0,"productStatusName":"Operational products","productType":1,"productTypeName":"Forecast products","productDefinitionTemplate":0,"productDefinitionTemplateName":"Analysis/forecast at horizontal level/layer at a point in time","parameterCategory":2,"parameterCategoryName":"UnknownDiscipline_0_Category_2","parameterNumber":2,"parameterNumberName":"UnknownParameter_D0_C2_2","parameterUnit":"Unknown","genProcessType":2,"genProcessTypeName":"Forecast","forecastTime":240,"surface1Type":103,"surface1TypeName":"Specified height level above ground","surface1Value":10.0,"surface2Type":255,"surface2TypeName":"Missing","surface2Value":0.0,"gridDefinitionTemplate":0,"gridDefinitionTemplateName":"Latitude_Longitude","numberPoints":615,"shape":6,"shapeName":"Earth spherical with radius of 6,371,229.0 m","gridUnits":"degrees","resolution":48,"winds":"true","scanMode":64,"nx":41,"ny":15,"basicAngle":0,"lo1":47.0,"la1":41.0,"lo2":87.0,"la2":55.0,"dx":1.0,"dy":1.0}, "data":
[rows 0 to 14 of 15, columns 0 to 40 of 41]
1.9653565,1.6753564,2.6153564,1.9653565,0.5753564,-0.48464355,3.0953565,1.7353565,2.5753565,3.5053566,3.3453565,3.5353565,3.9653563,4.5453563,5.9753566,4.2453566,4.6253567,4.0953565,0.78535646,3.3253565,5.9453564,4.0653563,7.2553563,5.1653566,1.6553564,9.045357,5.6453567,2.5453565,0.87535644,1.0453564,-1.2146436,0.23535645,-0.74464357,-1.1446435,2.8753564,1.2253565,3.2253563,2.0453565,1.4153564,2.5453565,1.7953564
2.0653565,-1.7546436,-1.5146435,-3.3746436,0.43535644,0.97535646,4.4553566,5.1653566,5.4353566,5.3953567,5.2053566,5.7853565,5.6953564,5.2953563,5.4553566,6.0053563,6.4953566,6.605356,5.0053563,2.5653565,4.6453567,5.4353566,4.4053564,-1.7246436,0.55535644,0.61535645,0.79535645,0.48535645,0.015356446,0.6953564,0.38535646,0.56535643,-0.5546436,-2.0146437,0.39535645,1.8053565,1.5253564,3.6253564,0.47535646,0.31535643,3.7253563
-3.1746435,-6.144644,-6.0046434,-2.4046435,1.0753565,4.1953564,7.0153565,7.0953565,7.2453566,6.5553565,7.0153565,6.9653563,6.2553563,6.9953566,6.4953566,6.2853565,7.9053564,8.7853565,7.8253565,7.1653566,3.6153564,5.8853564,7.8653564,6.8753567,6.5953565,8.515356,8.295357,1.6353564,2.9353564,-0.64464355,-0.34464356,-0.94464356,0.91535646,-0.74464357,-1.3046435,-1.7846435,-0.19464356,-0.76464355,1.4553565,-0.024643555,1.5053564
-3.6146436,-1.8046435,-0.064643554,2.9153564,5.4353566,7.5553565,7.7253566,7.2853565,8.235356,8.305356,8.225356,8.505357,8.465357,8.835357,7.7753563,8.805356,10.5753565,9.705357,10.015356,7.605356,4.9353566,3.6453564,7.9053564,9.175357,10.545357,9.855356,5.1353564,4.9853563,1.4453565,-1.6946435,-2.7346435,-2.4846435,-2.0346437,-1.3446436,-0.16464356,-0.69464356,-1.2146436,2.0953565,-0.49464357,-0.42464355,-2.1046436
1.3253565,4.4353566,6.6453567,7.6453567,8.125357,7.9653563,8.565356,8.975356,9.385357,10.045357,10.845356,10.335357,10.175357,9.915357,10.985356,10.685356,11.895356,10.845356,9.295357,8.5753565,8.5753565,8.355356,10.105356,8.255357,11.745357,10.475356,9.215357,3.3653564,2.7753565,2.4353564,1.3553565,1.5853565,0.0053564454,1.1753564,-1.7446436,-1.6546435,0.19535644,-3.1546435,-1.2746435,-0.89464355,-1.4846436
5.1653566,5.0253563,7.3053565,9.305356,10.415357,10.895356,9.875357,10.225356,10.295357,10.265356,11.255357,10.425357,11.595356,11.815356,11.775356,9.925357,10.625357,10.605356,10.205357,8.725356,9.045357,9.475356,9.205357,9.675357,12.215357,13.055356,11.0353565,4.7953563,-3.0046434,4.2353563,2.2953565,2.0053566,0.66535646,0.44535646,-1.6146436,-3.8446436,-1.3146435,-2.6146436,-1.8146435,-1.3746436,-1.4246435
7.7053566,7.8653564,8.815356,8.885357,9.085357,9.205357,10.275356,10.165357,10.225356,10.0353565,10.855356,10.255357,10.175357,11.135357,10.0353565,9.795357,10.215357,10.465357,10.175357,9.495357,9.5353565,8.415357,9.365356,8.305356,11.605356,11.805356,11.165357,3.4153564,-3.8346436,-0.53464353,0.92535645,-1.0846436,0.7053564,-2.4946434,-4.3646436,-2.0646436,-1.8046435,2.6953564,-2.9346435,2.1853564,-0.17464356
9.095356,9.2853565,8.955357,8.5753565,8.385357,9.795357,9.635357,8.935356,9.255357,10.245357,10.165357,10.105356,9.495357,9.795357,9.195356,9.135357,10.435356,10.295357,9.805356,9.5753565,9.805356,8.625357,7.9853563,8.835357,10.025356,9.465357,8.755357,2.7153563,0.115356445,0.45535645,2.9353564,1.2753564,-1.2846435,1.9653565,0.7653564,-2.7446434,-3.2546434,-6.1546435,-4.8046436,-8.294643,-3.1646435
8.865356,9.385357,9.555356,8.485356,7.5753565,7.7553563,8.485356,8.685356,8.845356,8.855356,8.885357,8.625357,9.955357,9.3253565,9.505357,8.985356,9.2853565,8.855356,9.265356,9.295357,9.625357,8.775356,8.135357,9.2853565,7.105356,6.0753565,9.015356,4.355356,1.6953565,1.6853565,2.9753563,1.7853564,3.2453566,1.2853564,0.075356446,-2.8246436,-1.0946436,-3.3446436,-2.6146436,-0.8546436,0.66535646
7.9553566,8.635357,8.225356,7.7053566,7.6653566,5.9253564,7.7853565,9.315356,8.655356,8.355356,8.645356,9.605356,9.515356,9.695356,9.545357,8.605356,8.455357,8.295357,7.8953567,7.7353563,9.515356,9.405356,8.665357,8.185356,8.095356,6.8453565,7.9853563,6.1653566,3.0953565,3.1053565,1.8653564,0.32535645,1.7953564,-2.8046436,-2.5646436,-0.51464355,-2.6946435,-0.9746435,-0.95464355,0.28535643,-1.1346436
6.7753563,7.0753565,6.4253564,6.3953567,5.9853563,6.3653564,7.2753563,7.5153565,8.0753565,7.0953565,8.795357,9.405356,8.945356,9.685356,9.615356,8.755357,8.335357,8.115356,7.5153565,8.0353565,8.915357,9.145356,8.495357,7.8653564,7.3153563,6.8953567,7.5753565,7.2953563,-0.65464354,-0.51464355,-1.4846436,-1.7646435,-3.0246437,-2.2146435,-2.0746436,-1.8946435,-1.5546435,-0.31464356,-1.4746436,1.0453564,-0.9146435
5.835356,5.105356,5.6753564,5.2453566,4.8853564,5.5553565,6.9653563,6.7053566,6.585356,6.9153566,7.8453565,8.885357,9.045357,9.195356,9.385357,8.725356,7.9553566,7.3853564,7.2553563,6.8953567,7.2553563,6.9053564,8.305356,7.0953565,6.8453565,7.2953563,6.9353566,6.335356,1.8753564,0.9553564,-1.5846436,-2.2346435,-1.2646435,-2.2446434,-1.4046435,-0.47464356,-2.3346436,-1.9446435,-1.1946435,-1.1846435,-0.6646435
5.355356,4.5453563,3.8153565,3.4653563,4.1553564,4.5653563,5.335356,6.355356,7.8753567,7.2453566,5.4953566,7.2053566,7.3853564,8.405356,8.125357,7.605356,6.8453565,6.0053563,5.6153564,6.1653566,5.9053564,5.8253565,6.7353563,6.5753565,5.4953566,5.7953563,5.5553565,4.9353566,2.6153564,0.37535644,-1.9946436,-1.4846436,-2.0746436,-2.8146436,-3.0746436,-3.0646436,-2.5046434,-1.9846436,-2.7246435,-1.8346436,-1.4046435
4.3853564,2.1553564,2.1453564,2.9953566,3.3053565,4.0753565,5.5453563,6.2053566,7.0253563,7.2653565,5.5553565,5.6853566,6.4553566,6.7553563,6.6153564,5.4153566,5.335356,4.8453565,4.2953563,5.335356,5.6453567,6.0253563,5.835356,5.9853563,5.8853564,5.4553566,5.0453563,2.2353563,-1.1646435,-1.2846435,-1.7546436,-2.5846436,-2.8946435,-3.5846436,-3.0346437,-2.7946436,-2.6246436,-3.1446435,-2.7046435,-1.5646435,-1.1046436
0.61535645,0.20535645,1.2853564,1.1653564,2.6153564,3.9153564,5.6253567,6.4853563,6.5353565,6.0553565,3.7653565,5.7353563,4.2053566,3.3053565,5.0053563,3.1053565,3.8253565,3.8853564,3.2653565,5.0353565,5.4553566,3.5753565,3.9253564,4.9353566,5.2153563,4.5453563,6.6753564,-0.46464357,-1.1046436,-2.6946435,-3.5246437,-3.8946435,-3.9946434,-3.6346436,-3.3946435,-3.3246436,-2.5346437,-2.7546434,-3.1346436,-2.7246435,-1.4546436
