wind.json
{"header": {"discipline":0,"disciplineName":"Meteorological products","gribEdition":2,"gribLength":1125,"center":7,"centerName":"US National Weather Service - NCEP(WMC)","subcenter":0,"refTime":"2023-07-01T18:00:00.000Z","significanceOfRT":1,"significanceOfRTName":"Start of forecast","productStatus":0,"productStatusName":"Operational products","productType":1,"productTypeName":"Forecast products","productDefinitionTemplate":0,"productDefinitionTemplateName":"Analysis/forecast at horizontal level/layer at a point in time","parameterCategory":2,"parameterCategoryName":"UnknownDiscipline_0_Category_2","parameterNumber":2,"parameterNumberName":"UnknownParameter_D0_C2_2","parameterUnit":"Unknown","genProcessType":2,"genProcessTypeName":"Forecast","forecastTime":240,"surface1Type":103,"surface1TypeName":"Specified height level above ground","surface1Value":10.0,"surface2Type":255,"surface2TypeName":"Missing","surface2Value":0.0,"gridDefinitionTemplate":0,"gridDefinitionTemplateName":"Latitude_Longitude","numberPoints":688,"shape":6,"shapeName":"Earth spherical with radius of 6,371,229.0 m","gridUnits":"degrees","resolution":48,"winds":"true","scanMode":64,"nx":43,"ny":16,"basicAngle":0,"lo1":45.0,"la1":40.0,"lo2":87.0,"la2":55.0,"dx":1.0,"dy":1.0}, "data":
[rows 0 to 15 of 16, columns 0 to 42 of 43]
-4.8111134,0.17888671,0.18888672,-4.9411135,-4.1611133,-2.1211133,0.9988867,3.0988867,2.8388867,1.5688868,5.678887,4.8788867,5.0988865,4.3388867,3.5388868,2.6088867,-2.4711132,-1.2711133,1.0588868,-2.4311132,-2.8411133,-0.9011133,-1.5411133,1.7188867,0.51888674,0.41888672,1.3788867,-0.18111329,0.46888673,1.1288867,-0.33111328,0.03888672,0.6988867,-1.2311133,-1.0211133,-3.2611132,0.52888674,-3.4511132,-2.6811132,-2.3411133,-1.0711132,-0.9611133,-2.4111133
1.6888868,0.24888672,-6.8111134,-0.4111133,2.4688866,3.3988867,3.0988867,3.8488867,4.0888867,4.6688867,4.3088865,3.4288867,4.028887,4.798887,3.4188867,0.89888674,-4.471113,-4.111113,-2.1411133,-1.7611133,-1.7411133,2.1588867,4.3988867,3.0588868,-0.45111328,-1.9211133,3.6288867,-3.5111132,-3.2911134,0.088886715,1.7188867,1.1688867,0.4588867,-0.30111328,-0.28111327,-1.2411133,-2.4711132,-1.9111133,-0.5211133,-3.9211133,-4.861113,-3.0211134,-3.1111133
2.2488868,-2.3311133,2.6688867,1.5888867,1.0788867,1.7388867,1.7488867,-0.48111328,-1.1811132,-0.18111329,3.5388868,1.4788867,3.1488867,5.618887,4.508887,-3.8911133,-3.5611134,-5.1611133,-3.1911132,-2.8511133,-2.0911133,-0.84111327,0.4588867,-2.2211132,-1.9511132,-2.9911132,0.65888673,0.83888674,-1.2811133,1.3688867,-3.9211133,-2.1711133,-0.7011133,0.35888672,-0.30111328,-2.6511133,0.7288867,1.4488868,-0.2611133,0.57888675,0.40888673,0.7588867,0.12888671
0.5488867,0.76888674,0.28888673,-2.4211133,-1.6711133,-3.0011132,-2.8411133,-2.1911132,-0.16111328,3.0288868,1.7588867,2.5588868,3.6688867,4.118887,3.9588866,-3.6011133,-4.991113,-5.3111134,-4.0211134,-4.0011134,-3.0111132,-1.6911132,-1.6411133,-2.0211134,-3.9311132,-1.4711133,1.5088867,-1.6011133,1.1088867,0.82888675,-2.4911132,-0.45111328,-0.34111327,2.6788867,0.70888674,0.3088867,0.6088867,-1.5611132,0.6788867,0.34888673,-0.9311133,0.3988867,1.6988868
5.408887,-4.2711134,-2.9111133,-4.9211135,-3.9311132,-2.7811134,-1.3611133,-0.7711133,1.6088867,3.8788867,4.0788865,4.2488866,5.1288867,3.8188868,3.3988867,-3.1111133,-4.0211134,-4.0811133,-2.4611132,-3.4811132,-3.0811133,-1.8011132,-2.7011132,-2.9511132,2.5888867,-0.27111328,-0.34111327,-1.4811133,-2.8011134,-3.4811132,2.7288866,-2.9311132,-3.5711133,-2.1011133,0.57888675,0.15888672,-2.4711132,-2.5311134,-1.6511133,2.0588868,1.8488867,0.32888672,1.6288867
-0.84111327,-2.7711134,-3.2611132,-2.1111133,-1.0711132,0.06888672,1.6588867,1.8788867,3.5888867,5.118887,1.6488867,1.3788867,-0.14111328,2.2788868,6.488887,-0.42111328,-3.1411133,-1.9011133,1.5088867,-1.6811132,-1.9311132,-3.2211132,-2.4911132,-1.2511133,-0.4411133,1.3688867,0.7388867,-2.0011132,-3.1911132,-1.7011132,-3.7011132,-6.1711135,-6.6611133,-3.1511133,-3.2711134,0.6988867,3.2088866,2.2588868,0.8488867,-2.2611132,-3.1111133,-5.0411134,-4.9611135
-3.2911134,-2.7011132,-1.8211132,0.06888672,4.7088866,4.5688868,3.9088867,1.3588867,0.04888672,-0.13111328,-0.34111327,-1.1211133,-0.6911133,1.6888868,5.9988866,3.0788867,1.2588867,0.96888673,0.46888673,4.3188868,-1.7711133,-2.9211133,-3.5411134,-0.37111327,1.3288867,-2.4911132,-3.5711133,0.6788867,0.5088867,-5.4611135,-4.5611134,-3.2811134,-4.071113,-3.3511133,-3.2911134,-1.2711133,-0.031113282,-2.1211133,0.29888672,-0.061113283,-0.8311133,-5.781113,-5.2511134
-1.8111132,0.8188867,1.9388868,1.6288867,-0.05111328,0.46888673,-2.0211134,1.6688867,-1.3411133,-0.9011133,-0.78111327,-1.0911133,-0.85111326,-0.39111328,-3.4511132,-1.6311133,1.1688867,2.8488867,2.6788867,1.2288867,-1.0511132,-2.5011132,-1.7011132,1.5088867,-1.4711133,-1.2411133,-1.2311133,-0.15111329,-0.5611133,0.6888867,0.9888867,0.51888674,-2.1411133,-2.1711133,1.4788867,0.5388867,-3.8911133,-3.0811133,-0.91111326,1.7388867,-2.8611133,2.0288868,1.6488867
-1.4711133,-0.84111327,0.008886719,-0.15111329,-1.3611133,-1.5511132,-1.5811133,-0.16111328,1.0088867,-0.8011133,-0.3511133,-0.5711133,-0.9911133,-0.30111328,-2.4511132,-3.2011132,-3.7211132,-4.4811134,-4.0411134,-3.6811132,-1.4611133,-1.3711133,0.5388867,0.7488867,0.6088867,0.3688867,2.3188868,-1.0911133,2.2688868,2.2688868,0.4288867,-3.0411134,-2.7111132,-1.1911132,-2.4911132,-0.8611133,-4.2711134,0.71888673,-1.1311133,-0.40111327,0.47888672,2.8388867,-0.48111328
1.3588867,0.3688867,-1.2311133,-1.7911133,-2.7811134,-2.2911134,-0.5611133,-1.1311133,-1.4911133,-2.3911133,-2.1211133,-2.2511132,-1.0511132,0.19888672,-0.07111328,-0.27111328,-1.0511132,-2.5711133,-1.6311133,-1.9611133,-1.4411132,-0.98111326,-0.18111329,0.65888673,2.1988866,1.0188867,3.1988866,3.1688867,1.8088868,2.2688868,3.3588867,0.95888674,-3.6411133,-2.5711133,1.9488868,-1.2211133,-2.3511133,-2.6811132,-0.59111327,-3.2011132,-1.5711132,0.37888673,-1.3911133
-0.6111133,0.008886719,-1.8711133,-0.23111328,-0.49111328,1.1988868,-1.5511132,-2.7511132,-4.9311132,-3.3411133,-3.5611134,-1.7111133,-0.53111327,0.18888672,-1.5911133,-1.2611133,-1.0511132,-0.28111327,-0.2911133,1.6388867,1.6388867,1.6388867,3.4088867,3.0588868,2.4688866,3.5588868,3.7188866,4.1888866,3.9488866,2.6888866,-1.0911133,-3.1111133,-2.2411132,-3.4611132,-4.031113,-6.741113,-3.9411132,-1.7411133,-2.8711133,-0.3511133,-1.8411133,0.4988867,-0.30111328
-1.9311132,-0.4411133,-2.4811132,-2.7511132,-3.2811134,-3.9311132,-2.5911133,-2.3211133,-2.1911132,-2.4311132,-1.1511133,-0.54111326,0.9288867,0.9288867,0.96888673,1.1888868,2.4388866,2.4288867,1.8888867,3.0088868,2.1388867,2.7888868,2.9788866,2.6488867,1.2088867,1.9988867,3.2488868,1.7688867,3.2588868,4.968887,-1.0811133,-1.3411133,-2.1711133,-2.1911132,-1.1311133,-3.0011132,-3.1611133,-1.7311133,-1.6211133,0.16888672,-0.9611133,1.2788867,-1.1811132
-1.0111133,-0.6811133,-0.5711133,-1.9111133,-2.8111134,-2.0211134,-2.6611133,-1.7911133,-1.8911133,-2.8411133,-2.1111133,0.22888672,0.5388867,0.64888674,-0.9611133,-0.37111327,-0.3211133,1.4788867,3.5288868,4.298887,4.1688867,3.4388866,3.4888868,3.1988866,2.6388867,2.5688868,2.7288866,2.7388868,2.9688866,3.7388868,0.96888673,-3.6811132,-3.7611132,-3.4011133,-2.5411134,-3.4311132,-3.3811133,-5.631113,-3.9811132,-2.6211133,1.6788868,-0.92111325,-0.91111326
-0.6911133,-0.72111326,0.6188867,-1.2011132,0.07888672,-0.16111328,-1.4311132,-0.7111133,-1.4711133,-1.8611133,-1.1711133,0.018886719,0.19888672,0.9988867,-0.72111326,-0.17111328,1.0188867,2.7888868,3.8788867,4.0988865,4.7488866,4.888887,4.178887,3.7388868,2.5288868,3.2388868,3.7088866,2.2288866,-0.8011133,-6.471113,-7.6911135,-4.1811132,-6.0411134,-4.341113,-5.2711134,-5.4811134,-4.131113,-5.7311134,-2.6711133,-2.0211134,-2.3311133,-1.0211133,-1.0111133
-1.0711132,0.2788867,0.37888673,-0.10111328,0.95888674,0.8588867,-1.3311133,-0.24111328,-0.8811133,-0.9411133,-1.2011132,0.2788867,-0.20111328,0.5988867,0.89888674,0.4888867,2.3688867,3.5088868,4.868887,5.428887,4.8588867,4.6088867,3.6088867,3.1288867,4.5388865,4.0688868,1.4388868,-1.5211133,-1.7711133,-2.9311132,-4.131113,-8.931113,-1.2511133,-4.2711134,-4.1911135,-3.8711133,-2.9711132,-3.8611133,-3.0411134,-3.0911133,-3.3411133,-2.2911134,0.57888675
-0.011113281,0.5488867,-0.12111328,-0.37111327,2.3688867,-0.28111327,-1.1711133,0.3088867,0.3988867,-1.0211133,-0.34111327,-0.97111326,-0.73111326,0.07888672,0.76888674,1.4688867,1.7888867,0.16888672,-1.1111133,-0.67111325,-1.0711132,-0.05111328,0.64888674,0.3988867,0.088886715,-4.071113,-4.471113,-4.5611134,-4.5211134,-4.8111134,-4.781113,-4.451113,-4.2111135,-4.6811132,-3.5311134,-2.5411134,-2.4411132,-2.3211133,-2.6611133,-2.7611132,-3.1211133,-2.7411132,-1.3011132
