wind.json
{"header": {"discipline":0,"disciplineName":"Meteorological products","gribEdition":2,"gribLength":1125,"center":7,"centerName":"US National Weather Service - NCEP(WMC)","subcenter":0,"refTime":"2023-06-30T12:00:00.000Z","significanceOfRT":1,"significanceOfRTName":"Start of forecast","productStatus":0,"productStatusName":"Operational products","productType":1,"productTypeName":"Forecast products","productDefinitionTemplate":0,"productDefinitionTemplateName":"Analysis/forecast at horizontal level/layer at a point in time","parameterCategory":2,"parameterCategoryName":"UnknownDiscipline_0_Category_2","parameterNumber":3,"parameterNumberName":"UnknownParameter_D0_C2_3","parameterUnit":"Unknown","genProcessType":2,"genProcessTypeName":"Forecast","forecastTime":180,"surface1Type":103,"surface1TypeName":"Specified height level above ground","surface1Value":10.0,"surface2Type":255,"surface2TypeName":"Missing","surface2Value":0.0,"gridDefinitionTemplate":0,"gridDefinitionTemplateName":"Latitude_Longitude","numberPoints":688,"shape":6,"shapeName":"Earth spherical with radius of 6,371,229.0 m","gridUnits":"degrees","resolution":48,"winds":"true","scanMode":64,"nx":43,"ny":16,"basicAngle":0,"lo1":45.0,"la1":40.0,"lo2":87.0,"la2":55.0,"dx":1.0,"dy":1.0}, "data":
[rows 0 to 15 of 16, columns 0 to 42 of 43]
-3.554121,2.6258788,0.7058789,0.7858789,0.055878907,-8.604121,-7.114121,-4.654121,-2.514121,-2.054121,1.8658789,-2.014121,-1.144121,-2.484121,-3.454121,-5.184121,-6.194121,-3.8541212,-4.0041213,-2.8941212,-3.524121,-0.044121094,-0.6341211,1.715879,2.485879,2.435879,3.755879,3.015879,1.355879,-1.3441211,-3.6841211,-2.274121,-0.8641211,-0.4741211,-2.6641212,-0.08412109,-0.3041211,-1.8541211,-2.954121,-2.984121,-1.1341211,-3.004121,-2.984121
1.6258789,-0.5841211,0.5158789,-1.394121,0.5458789,-4.914121,-6.334121,-4.714121,-1.644121,1.5158789,1.465879,1.2958789,-3.484121,-3.014121,-3.484121,-4.474121,-3.494121,-3.714121,-2.6141212,-1.7141211,-1.8041211,-2.034121,-1.3641211,-2.6041212,2.515879,-0.1741211,-2.284121,-1.5841211,-1.264121,0.93587893,-0.6541211,-0.2741211,-0.81412107,-1.4441211,-0.5341211,-0.2041211,-1.5941211,-2.6241212,-3.8741212,-5.864121,0.3458789,-5.214121,-1.9541211
-1.274121,-3.464121,1.5058789,1.3758789,-1.524121,-4.104121,-4.7541213,-2.054121,-2.014121,-0.1941211,0.5458789,0.08587891,-1.0041211,-4.174121,-4.704121,-4.074121,-4.694121,-3.344121,-0.8541211,-2.764121,-3.1941211,-2.6141212,-2.314121,-3.6941211,-1.1741211,0.9158789,0.1858789,-0.2941211,-2.024121,0.3758789,-0.114121094,0.1658789,1.1758789,1.595879,-1.1241211,-0.9941211,-3.9241211,-3.794121,-3.464121,-6.514121,-5.034121,-3.4141212,4.635879
3.035879,2.525879,1.725879,-1.1741211,-4.084121,-1.2541211,-5.074121,-1.4641211,-0.9341211,0.93587893,1.6658789,-1.0841211,-2.704121,-2.9441211,-4.764121,-5.384121,-4.204121,-2.8641212,-2.064121,-2.754121,-3.274121,-3.074121,-0.9841211,-2.974121,-3.784121,-1.0841211,0.6958789,1.3658789,0.5558789,1.3758789,-0.16412109,1.595879,1.4058789,0.6758789,1.4058789,-1.3441211,-0.4941211,2.445879,3.285879,0.5758789,0.3958789,-1.2941211,-0.1441211
0.4258789,-0.4041211,-0.9241211,-3.514121,-3.554121,-3.234121,-1.1041211,1.5558789,1.1158789,0.1358789,0.20587891,0.8058789,-2.714121,-3.714121,-4.2941213,-5.404121,-3.6341212,-3.6041212,-5.5041213,-4.424121,-3.984121,-3.984121,-1.8341211,-0.5541211,0.5858789,1.6358789,0.3958789,-0.4041211,0.6758789,-1.1141211,1.8958789,0.93587893,-0.09412109,-0.39412108,-1.4541211,-0.56412107,-0.18412109,-2.014121,-0.7641211,2.225879,2.6358788,0.7858789,0.6058789
1.1158789,0.3358789,-1.4441211,-3.524121,-4.854121,-2.324121,-1.4441211,-1.2441211,-1.2441211,0.7058789,-0.5841211,-2.3541212,-3.054121,-4.194121,-4.214121,-5.2341213,-5.7541213,-4.464121,-6.434121,-4.164121,-4.644121,-4.464121,-3.454121,-2.764121,0.3658789,3.1058788,1.8258789,1.215879,0.6358789,1.4558789,0.7958789,-0.5541211,-1.6341211,0.005878906,2.155879,2.5658789,-0.7141211,-1.2041211,0.6358789,2.545879,0.6158789,1.6858789,0.9758789
0.025878906,-0.50412107,-0.09412109,-1.5441211,-2.464121,-0.87412107,0.9058789,2.215879,-0.8941211,-1.5641211,-0.9741211,-3.554121,-3.844121,-3.804121,-3.304121,-5.844121,-4.644121,-4.694121,-3.254121,-3.514121,-4.2541213,-4.454121,-5.9841213,-5.354121,-5.304121,1.4958789,-0.4041211,0.8958789,1.7058789,1.845879,2.0858788,1.5158789,0.2558789,1.1958789,0.93587893,0.29587892,1.6558789,-1.4241211,2.035879,-0.6541211,-2.954121,1.5758789,3.3258789
1.5658789,0.87587893,-1.8241211,-3.1141212,-4.014121,0.5358789,-0.18412109,-1.9541211,-3.284121,-1.8541211,-2.054121,-2.1441212,-2.6641212,-2.6541212,-3.6041212,-4.654121,-4.584121,-4.584121,-4.214121,-4.964121,-4.464121,-3.454121,-4.954121,-5.594121,-6.094121,-5.5241213,-0.75412107,-2.284121,1.5658789,1.4058789,1.355879,-0.12412109,1.1558789,1.3858789,1.1158789,0.5358789,-2.044121,-1.0041211,-2.214121,-1.2341211,-1.154121,-0.6941211,-2.294121
0.1858789,-0.1741211,0.6058789,0.4558789,-0.8441211,-1.9841211,-1.894121,0.2858789,-0.62412107,-1.394121,-1.6341211,-1.9341211,-3.1541212,-2.344121,-4.684121,-5.054121,-4.804121,-4.144121,-4.904121,-6.5441213,-5.5441213,-4.394121,-3.8941212,-3.1641212,-3.794121,-2.294121,-3.274121,-0.9641211,-1.2341211,-1.9141212,-0.6941211,-2.744121,-0.3741211,1.6158789,1.1258789,1.5058789,2.1358788,1.1558789,0.0758789,0.7658789,0.22587891,0.68587893,-0.3141211
-2.534121,-1.284121,-0.9241211,-0.054121092,-0.3541211,-0.5841211,-0.044121094,-0.2041211,-0.1941211,0.4158789,-0.5541211,-1.4641211,-2.1141212,-3.024121,-3.704121,-5.014121,-5.904121,-5.744121,-5.5041213,-5.174121,-4.944121,-5.054121,-2.8741212,-4.7341213,-4.144121,-1.514121,-1.3841211,-1.6841211,-0.45412108,-0.7441211,-0.9741211,-1.6941211,-2.094121,-1.774121,0.5958789,0.1858789,2.1058788,1.355879,-2.1041212,-0.4641211,-1.284121,-1.6041211,-0.8341211
-1.1741211,-2.6341212,-0.2341211,-0.50412107,-1.404121,0.065878905,-0.8941211,-1.1941211,-0.9441211,0.3758789,-0.5841211,0.6158789,-0.08412109,-1.6941211,-2.8941212,-3.9141212,-4.244121,-4.624121,-4.174121,-4.434121,-4.464121,-5.2341213,-4.854121,-3.804121,-3.314121,-3.9341211,-1.5841211,-2.304121,-2.564121,-2.094121,-1.654121,-1.2541211,-0.114121094,0.015878906,-0.5841211,-0.6341211,-0.2841211,0.3758789,1.3858789,-0.074121095,1.1858789,1.6758789,1.4358789
-0.42412108,-2.964121,0.93587893,0.1258789,-0.5541211,-1.3641211,-2.024121,-0.50412107,-0.054121092,0.6758789,1.0658789,0.9058789,-0.114121094,-0.2541211,-1.8741211,-3.014121,-3.834121,-3.824121,-3.9441211,-5.874121,-5.5441213,-4.854121,-4.134121,-4.704121,-5.364121,-3.704121,-2.574121,-2.304121,-1.6941211,-2.204121,-1.5041211,-1.1841211,-1.784121,-0.4341211,-0.3241211,0.2158789,1.0158789,2.005879,1.5358789,1.6358789,1.845879,1.595879,0.6458789
0.5958789,-0.4641211,-0.3741211,-1.2041211,0.9758789,0.4558789,0.105878904,-0.1941211,-1.514121,-0.39412108,-0.8041211,0.7558789,-0.0041210935,-0.6441211,-1.6741211,-2.814121,-3.3741212,-3.534121,-3.4041212,-3.504121,-3.594121,-4.5041213,-4.154121,-3.9341211,-3.794121,-3.6041212,-4.074121,-4.374121,-3.1741211,-2.774121,-3.214121,-3.6741211,-1.8841211,-1.9441211,-0.9441211,0.105878904,1.2658789,2.205879,2.685879,2.5958788,2.275879,2.5558789,1.1758789
1.2658789,1.0058789,0.4058789,-0.114121094,0.5058789,0.08587891,0.4058789,0.105878904,-0.36412108,-0.6441211,-2.244121,0.2158789,-0.044121094,-0.16412109,-0.75412107,-1.6241211,-2.3941212,-3.334121,-3.1641212,-3.264121,-3.554121,-3.534121,-2.964121,-2.784121,-2.954121,-3.464121,-4.5041213,-4.724121,-5.094121,-3.984121,-2.724121,-2.204121,-2.324121,-1.9741211,-1.534121,-1.014121,-0.08412109,1.9558789,2.295879,2.035879,3.3258789,3.005879,1.6358789
2.245879,1.7658789,2.0758789,2.0558789,1.975879,2.725879,0.8158789,0.2858789,-0.45412108,-0.12412109,-0.3741211,-1.1841211,0.68587893,-0.5741211,-0.8541211,0.5458789,-0.7441211,-1.5641211,-2.494121,-2.9341211,-3.084121,-3.064121,-3.3841212,-3.204121,-2.9041212,-2.974121,-4.144121,-4.224121,-4.2941213,-3.8741212,-3.4441211,-3.1741211,-2.994121,-2.464121,-1.7141211,-1.3841211,-1.394121,-1.0041211,0.9158789,1.9358789,2.435879,2.695879,3.5958788
2.8658788,1.8858789,1.225879,2.435879,2.425879,3.245879,2.8058789,2.035879,1.3058789,0.3158789,1.3158789,0.005878906,-0.4041211,1.5458789,1.5158789,-0.5441211,0.8958789,-0.3541211,-0.9341211,-2.304121,-2.514121,-2.994121,-3.1941211,-3.4441211,-3.314121,-3.494121,-3.304121,-3.8841212,-3.9141212,-4.174121,-4.5641212,-4.664121,-4.534121,-4.444121,-3.3641212,-3.3841212,-2.594121,-1.8641211,0.3058789,0.5658789,1.1358789,2.755879,2.3158789
