wind_kz.json
{"header": {"discipline":0,"disciplineName":"Meteorological products","gribEdition":2,"gribLength":871,"center":7,"centerName":"US National Weather Service - NCEP(WMC)","subcenter":0,"refTime":"2023-08-25T00:00:00.000Z","significanceOfRT":1,"significanceOfRTName":"Start of forecast","productStatus":0,"productStatusName":"Operational products","productType":1,"productTypeName":"Forecast products","productDefinitionTemplate":0,"productDefinitionTemplateName":"Analysis/forecast at horizontal level/layer at a point in time","parameterCategory":0,"parameterCategoryName":"UnknownDiscipline_0_Category_0","parameterNumber":0,"parameterNumberName":"UnknownParameter_D0_C0_0","parameterUnit":"Unknown","genProcessType":2,"genProcessTypeName":"Forecast","forecastTime":240,"surface1Type":1,"surface1TypeName":"Ground or water surface","surface1Value":0.0,"surface2Type":255,"surface2TypeName":"Missing","surface2Value":0.0,"gridDefinitionTemplate":0,"gridDefinitionTemplateName":"Latitude_Longitude","numberPoints":615,"shape":6,"shapeName":"Earth spherical with radius of 6,371,229.0 m","gridUnits":"degrees","resolution":48,"winds":"true","scanMode":64,"nx":41,"ny":15,"basicAngle":0,"lo1":47.0,"la1":41.0,"lo2":87.0,"la2":55.0,"dx":1.0,"dy":1.0}, "data":
[rows 0 to 14 of 15, columns 0 to 40 of 41]
293.42554,286.42554,291.92554,298.72552,298.62555,297.92554,296.92554,296.32553,294.92554,295.12555,293.62555,295.22552,294.52554,294.42554,293.92554,291.62555,291.12555,290.52554,290.42554,290.32553,290.32553,286.12555,285.92554,287.02554,286.92554,288.42554,286.72552,273.62555,272.82553,271.62555,267.72552,272.32553,286.32553,291.82553,293.62555,294.12555,292.82553,293.12555,293.72552,294.62555,294.72552
279.32553,290.22552,298.52554,298.72552,298.92554,297.62555,295.12555,294.52554,293.22552,293.22552,293.22552,292.92554,293.02554,292.32553,293.12555,291.92554,289.52554,290.32553,290.02554,289.72552,289.72552,290.02554,289.12555,282.72552,272.72552,272.52554,280.32553,271.92554,274.92554,269.12555,276.72552,267.82553,264.92554,255.22554,275.32553,291.02554,289.62555,291.72552,295.52554,287.02554,284.02554
292.82553,298.22552,298.92554,299.02554,297.62555,295.02554,293.82553,292.02554,291.72552,291.42554,291.02554,291.72552,290.32553,291.52554,292.02554,291.52554,292.62555,290.92554,289.12555,289.92554,293.02554,291.62555,291.62555,285.72552,286.72552,286.42554,286.32553,284.92554,285.32553,278.32553,268.32553,268.92554,276.82553,276.72552,278.42554,279.82553,272.12555,275.22552,276.72552,274.32553,272.92554
294.92554,298.82553,299.02554,298.02554,295.62555,293.82553,293.92554,293.12555,292.82553,291.52554,290.72552,289.62555,294.62555,293.92554,292.32553,292.42554,291.62555,290.22552,290.82553,290.42554,290.82553,287.12555,290.32553,290.62555,290.42554,290.62555,290.12555,288.42554,285.82553,285.72552,287.02554,284.82553,288.72552,284.92554,285.12555,282.62555,272.42554,273.62555,275.02554,282.92554,286.32553
295.62555,298.32553,298.72552,298.32553,296.62555,294.72552,295.42554,294.22552,293.92554,293.52554,292.42554,291.22552,294.32553,292.82553,290.72552,292.32553,292.42554,291.42554,289.42554,292.02554,291.62555,291.12555,289.92554,290.42554,290.12555,290.72552,288.72552,288.92554,288.62555,288.42554,289.62555,285.62555,276.72552,263.52554,276.92554,286.02554,289.32553,289.32553,288.32553,289.62555,288.32553
291.42554,290.82553,296.22552,297.32553,298.12555,297.52554,294.52554,295.02554,294.02554,293.22552,294.02554,293.12555,293.52554,293.92554,292.52554,291.12555,293.72552,292.92554,293.52554,292.42554,291.62555,289.72552,287.52554,290.12555,288.42554,288.02554,287.52554,292.42554,289.42554,290.72552,288.92554,289.52554,287.32553,284.02554,282.92554,287.12555,279.82553,282.62555,286.92554,288.52554,288.32553
291.12555,291.22552,292.82553,293.72552,294.12555,293.12555,293.92554,293.82553,293.72552,294.32553,293.02554,292.52554,292.12555,292.32553,291.42554,292.22552,291.92554,292.32553,291.62555,290.92554,290.62555,289.92554,290.62555,289.22552,288.92554,289.12555,288.12555,289.42554,287.02554,287.62555,288.22552,288.82553,288.62555,287.82553,287.02554,285.42554,281.92554,278.42554,275.52554,275.12555,285.72552
293.72552,292.62555,293.32553,292.72552,293.72552,293.22552,293.02554,292.12555,291.22552,290.82553,289.62555,290.32553,289.92554,291.42554,292.02554,292.32553,291.82553,291.72552,290.72552,288.22552,288.72552,288.62555,288.62555,288.22552,286.92554,285.62555,286.62555,286.62555,286.52554,286.82553,285.62555,286.62555,284.02554,282.82553,281.72552,285.02554,285.62555,289.22552,282.22552,282.72552,282.32553
291.92554,291.62555,291.12555,289.92554,290.92554,290.62555,289.02554,288.52554,287.92554,287.22552,286.32553,286.72552,285.72552,287.22552,288.32553,289.32553,289.32553,289.92554,288.92554,287.62555,288.52554,285.42554,287.22552,288.12555,285.72552,287.32553,282.72552,283.02554,283.72552,282.22552,283.42554,285.32553,285.72552,286.02554,284.42554,283.82553,283.22552,283.02554,272.42554,274.22552,273.02554
289.82553,290.22552,288.92554,288.22552,287.62555,286.32553,284.82553,286.82553,287.02554,285.72552,284.62555,285.22552,285.52554,285.92554,286.22552,286.72552,287.02554,287.22552,287.22552,286.62555,285.82553,286.82553,288.12555,288.02554,287.32553,286.72552,285.72552,284.92554,285.42554,285.22552,285.62555,287.62555,288.52554,286.12555,284.62555,286.72552,286.22552,280.92554,274.42554,273.52554,272.22552
288.22552,287.42554,287.82553,288.72552,288.22552,288.02554,288.12555,286.82553,286.32553,288.02554,286.82553,283.62555,284.52554,283.62555,283.62555,284.72552,285.02554,286.02554,285.62555,287.12555,285.92554,284.92554,285.02554,285.12555,284.52554,284.72552,285.02554,287.32553,285.62555,288.22552,287.92554,288.02554,288.12555,287.12555,286.42554,284.52554,284.12555,281.32553,280.32553,279.32553,275.92554
285.92554,286.52554,286.92554,286.92554,286.72552,287.82553,285.62555,286.22552,285.62555,284.92554,281.92554,283.52554,283.02554,282.02554,282.82553,284.62555,285.62555,285.42554,285.12555,285.02554,284.32553,283.12555,284.02554,284.42554,285.72552,286.32553,286.92554,286.82553,287.12555,287.92554,286.32553,285.52554,283.32553,281.72552,282.22552,282.02554,283.02554,282.42554,282.12555,282.32553,284.02554
284.42554,283.92554,286.12555,286.22552,289.52554,288.52554,284.12555,284.82553,280.92554,281.02554,279.92554,278.52554,280.52554,281.22552,284.62555,284.92554,285.12555,281.52554,282.42554,281.02554,281.32553,282.42554,283.82553,283.52554,284.72552,285.72552,287.12555,284.22552,284.32553,283.72552,282.32553,284.02554,280.72552,280.32553,279.62555,280.22552,281.02554,282.52554,282.92554,284.92554,283.22552
283.22552,285.12555,287.52554,285.42554,284.02554,283.92554,285.42554,282.12555,282.62555,281.12555,279.82553,277.72552,278.12555,283.62555,284.42554,284.42554,281.22552,283.52554,282.12555,280.52554,280.12555,281.52554,284.02554,285.02554,284.92554,285.32553,285.12555,285.12555,284.62555,282.32553,282.02554,282.92554,277.92554,277.62555,278.42554,278.42554,280.12555,282.02554,285.12555,284.02554,283.32553
284.12555,285.22552,289.82553,284.42554,283.92554,282.92554,282.52554,281.22552,281.52554,280.82553,280.32553,279.32553,280.22552,279.22552,279.92554,280.92554,283.32553,283.22552,283.42554,282.22552,281.42554,278.82553,279.22552,282.42554,282.72552,283.32553,283.02554,282.62555,280.12555,282.52554,282.22552,279.92554,277.22552,278.92554,282.32553,283.02554,283.92554,282.92554,285.32553,285.22552,284.82553
