wind_kz.json
{"header": {"discipline":0,"disciplineName":"Meteorological products","gribEdition":2,"gribLength":1025,"center":7,"centerName":"US National Weather Service - NCEP(WMC)","subcenter":0,"refTime":"2023-08-20T00:00:00.000Z","significanceOfRT":1,"significanceOfRTName":"Start of forecast","productStatus":0,"productStatusName":"Operational products","productType":1,"productTypeName":"Forecast products","productDefinitionTemplate":0,"productDefinitionTemplateName":"Analysis/forecast at horizontal level/layer at a point in time","parameterCategory":2,"parameterCategoryName":"UnknownDiscipline_0_Category_2","parameterNumber":2,"parameterNumberName":"UnknownParameter_D0_C2_2","parameterUnit":"Unknown","genProcessType":2,"genProcessTypeName":"Forecast","forecastTime":240,"surface1Type":103,"surface1TypeName":"Specified height level above ground","surface1Value":10.0,"surface2Type":255,"surface2TypeName":"Missing","surface2Value":0.0,"gridDefinitionTemplate":0,"gridDefinitionTemplateName":"Latitude_Longitude","numberPoints":615,"shape":6,"shapeName":"Earth spherical with radius of 6,371,229.0 m","gridUnits":"degrees","resolution":48,"winds":"true","scanMode":64,"nx":41,"ny":15,"basicAngle":0,"lo1":47.0,"la1":41.0,"lo2":87.0,"la2":55.0,"dx":1.0,"dy":1.0}, "data":
[rows 0 to 14 of 15, columns 0 to 40 of 41]
-1.384541,-1.084541,1.535459,-0.604541,-2.7945411,-3.924541,-2.734541,-4.614541,-7.144541,-3.7845411,-3.984541,-4.064541,-3.614541,-2.354541,-1.664541,-2.764541,-1.714541,-2.384541,-2.724541,-1.784541,0.045458984,0.705459,-0.254541,-1.384541,-0.62454104,-2.434541,-2.824541,-0.924541,0.375459,-0.19454102,-1.014541,0.755459,0.07545898,-0.614541,-1.054541,-3.144541,-3.684541,-3.904541,-4.764541,-3.5445411,-2.664541
1.8954589,1.825459,0.825459,1.375459,-3.494541,-3.254541,-5.124541,-7.854541,-6.364541,-4.354541,-3.184541,-3.954541,-2.944541,-2.844541,-1.934541,-3.104541,-1.8545411,-3.134541,-4.034541,-2.804541,-2.674541,-1.754541,0.395459,-3.064541,-0.81454104,1.215459,-0.474541,0.08545899,-1.914541,-2.164541,-0.11454102,-0.534541,-0.0045410157,-2.814541,-0.584541,-0.20454101,-1.6045411,-0.794541,-0.594541,0.975459,-1.444541
0.845459,-2.364541,-4.014541,-5.614541,-5.924541,-8.294541,-7.924541,-4.504541,-6.4145412,-4.504541,-3.834541,-3.874541,-3.014541,-3.734541,-3.824541,-3.834541,-5.024541,-3.214541,-1.924541,-1.124541,-4.4145412,-8.754541,-7.374541,-6.314541,0.61545897,-3.064541,-0.18454102,0.645459,-1.134541,-0.544541,-0.934541,1.295459,-0.43454102,-0.57454103,0.825459,-0.854541,-0.474541,0.48545897,-1.4745411,1.765459,1.515459
-2.914541,-4.714541,-4.964541,-7.754541,-7.754541,-8.074541,-3.894541,-5.774541,-4.524541,-3.964541,-3.264541,-4.214541,-5.134541,-5.434541,-4.714541,-4.594541,-4.764541,-4.724541,-4.964541,-6.744541,-6.714541,-5.984541,-1.804541,-6.854541,-7.174541,-6.154541,-5.044541,-9.364541,-3.694541,0.35545897,0.585459,-3.094541,-2.924541,-3.614541,-2.964541,-1.884541,-1.5945411,1.675459,0.425459,-0.984541,-1.494541
-3.004541,-4.444541,-4.714541,-5.454541,-6.404541,-5.954541,-5.034541,-4.114541,-4.534541,-3.884541,-4.094541,-4.104541,-5.304541,-6.134541,-6.484541,-4.874541,-4.874541,-4.334541,-5.054541,-6.384541,-7.454541,-6.214541,-6.434541,-5.834541,-5.894541,-5.254541,-7.4145412,-4.644541,-3.744541,-4.934541,-5.464541,-1.884541,-2.234541,0.975459,-0.714541,-1.934541,-1.464541,-3.814541,-2.804541,-3.224541,-3.724541
-1.824541,-2.894541,-4.294541,-6.194541,-7.354541,-7.354541,-5.474541,-4.814541,-3.914541,-3.444541,-3.654541,-5.034541,-5.024541,-5.684541,-4.734541,-4.314541,-4.514541,-4.864541,-6.134541,-5.444541,-5.594541,-3.954541,-4.084541,-4.4145412,-4.624541,-5.824541,-4.864541,-7.104541,-4.334541,-5.244541,-5.504541,-4.804541,-2.684541,-0.554541,-0.254541,-0.0045410157,0.32545897,-0.794541,-0.614541,-1.964541,-1.524541
0.455459,-1.994541,-3.334541,-4.074541,-6.054541,-4.604541,-4.514541,-4.514541,-4.744541,-3.894541,-3.264541,-4.504541,-4.474541,-4.214541,-3.714541,-4.044541,-4.364541,-4.494541,-5.224541,-5.514541,-4.084541,-4.004541,-3.704541,-3.664541,-4.094541,-3.504541,-3.334541,-3.324541,-3.984541,-3.814541,-4.504541,-4.084541,-2.414541,-4.364541,-2.324541,-1.824541,-0.864541,0.945459,-0.314541,0.44545898,2.785459
-0.21454102,0.92545897,-1.964541,-3.344541,-3.394541,-3.694541,-3.494541,-3.504541,-3.434541,-4.084541,-4.044541,-4.334541,-3.874541,-4.684541,-3.344541,-5.054541,-4.154541,-4.484541,-3.714541,-4.974541,-3.2945411,-2.864541,-2.5445411,-3.234541,-2.914541,-1.904541,-2.004541,-2.594541,-2.894541,-2.394541,-3.5445411,-2.824541,-2.914541,-1.874541,-3.054541,1.575459,2.995459,5.995459,4.075459,3.925459,0.80545896
0.25545898,0.92545897,-1.004541,-0.904541,-2.234541,-2.714541,-2.964541,-3.314541,-3.684541,-3.024541,-3.124541,-3.384541,-2.694541,-3.224541,-3.804541,-3.274541,-3.754541,-3.634541,-3.584541,-3.494541,-3.334541,-2.164541,-2.524541,-1.944541,-2.014541,-1.904541,-1.9745411,-1.764541,-0.904541,-1.644541,-1.874541,-1.404541,-0.13454102,-1.364541,0.015458984,1.045459,0.605459,-2.894541,-0.904541,0.435459,-1.544541
0.17545898,-0.16454102,1.065459,-1.574541,-1.194541,-2.004541,-2.594541,-2.704541,-2.0345411,-2.524541,-1.994541,-1.8445411,-1.164541,-1.434541,-2.884541,-1.954541,-2.904541,-2.904541,-3.164541,-3.254541,-3.394541,-2.344541,-1.954541,-1.914541,-3.464541,-3.754541,-2.974541,-2.154541,-1.614541,-2.094541,-1.564541,-0.51454103,-1.1045411,-0.604541,0.035458986,0.93545896,-0.45454103,-0.054541014,-2.674541,-0.81454104,0.045458984
0.705459,1.195459,-0.24454102,-2.934541,-1.8445411,-1.614541,-1.124541,-0.834541,-1.3545411,-1.174541,-0.704541,0.535459,0.585459,1.045459,1.095459,-0.75454104,-0.844541,-0.75454104,-2.414541,-3.024541,-2.834541,-2.474541,-2.484541,-1.334541,-2.214541,-1.524541,-1.374541,-1.144541,-1.484541,-0.374541,-1.424541,-1.314541,-1.564541,-2.014541,-0.984541,-0.24454102,-1.564541,-0.42454103,-0.45454103,0.565459,-0.56454104
0.095458984,0.87545896,0.455459,-1.654541,-2.144541,-4.194541,-1.874541,-0.534541,-1.084541,-2.314541,-1.384541,1.585459,0.535459,1.665459,2.485459,1.665459,1.495459,1.385459,-0.534541,-0.654541,-2.054541,-2.214541,-2.324541,-1.904541,-2.134541,-0.904541,0.28545898,-0.294541,-1.0945411,-0.26454103,-0.844541,-2.694541,-2.114541,-2.114541,-1.0945411,-0.604541,-0.974541,-0.854541,0.32545897,-0.49454102,-0.20454101
-0.344541,-0.294541,-0.82454103,-1.874541,-2.224541,-3.104541,-1.454541,-0.36454102,-1.024541,-1.734541,-1.204541,0.495459,0.41545898,2.225459,2.4654589,1.755459,1.565459,1.2754589,0.565459,0.855459,-0.14454101,-0.084541015,0.395459,0.045458984,-0.11454102,-1.894541,-1.314541,-0.844541,-1.754541,-0.664541,-0.744541,-1.164541,-1.134541,-0.904541,-0.24454102,-2.074541,-0.88454103,-0.11454102,0.25545898,-0.474541,-0.744541
-0.614541,0.35545897,0.545459,0.705459,-0.82454103,-0.974541,-0.69454104,-1.004541,0.47545898,-0.27454102,-1.034541,-0.784541,1.535459,2.275459,2.075459,1.975459,1.675459,1.635459,0.31545898,1.595459,1.315459,1.075459,0.885459,-0.054541014,-0.284541,-0.924541,-1.634541,-0.984541,-1.574541,-0.87454104,-0.724541,-1.054541,-1.794541,-1.6045411,-0.56454104,-1.024541,0.0054589845,-0.16454102,-1.284541,-1.424541,-1.394541
-1.684541,-1.874541,-1.5945411,-1.664541,-1.334541,-0.734541,1.1554589,1.195459,1.385459,0.08545899,-1.014541,1.325459,0.15545899,1.205459,2.4554589,1.755459,1.985459,1.915459,0.695459,1.355459,0.775459,0.23545898,0.16545898,-0.16454102,-0.20454101,-0.20454101,-0.684541,-0.57454103,-1.574541,-2.134541,-2.424541,-2.2945411,-1.4745411,-0.39454103,0.16545898,0.915459,1.015459,1.425459,-0.044541016,-0.10454102,-1.144541
