wind_kz.json
{"header": {"discipline":0,"disciplineName":"Meteorological products","gribEdition":2,"gribLength":1025,"center":7,"centerName":"US National Weather Service - NCEP(WMC)","subcenter":0,"refTime":"2023-09-29T18:00:00.000Z","significanceOfRT":1,"significanceOfRTName":"Start of forecast","productStatus":0,"productStatusName":"Operational products","productType":1,"productTypeName":"Forecast products","productDefinitionTemplate":0,"productDefinitionTemplateName":"Analysis/forecast at horizontal level/layer at a point in time","parameterCategory":2,"parameterCategoryName":"UnknownDiscipline_0_Category_2","parameterNumber":2,"parameterNumberName":"UnknownParameter_D0_C2_2","parameterUnit":"Unknown","genProcessType":2,"genProcessTypeName":"Forecast","forecastTime":180,"surface1Type":103,"surface1TypeName":"Specified height level above ground","surface1Value":10.0,"surface2Type":255,"surface2TypeName":"Missing","surface2Value":0.0,"gridDefinitionTemplate":0,"gridDefinitionTemplateName":"Latitude_Longitude","numberPoints":615,"shape":6,"shapeName":"Earth spherical with radius of 6,371,229.0 m","gridUnits":"degrees","resolution":48,"winds":"true","scanMode":64,"nx":41,"ny":15,"basicAngle":0,"lo1":47.0,"la1":41.0,"lo2":87.0,"la2":55.0,"dx":1.0,"dy":1.0}, "data":
[rows 0 to 14 of 15, columns 0 to 40 of 41]
0.97056884,1.2905688,-1.1794312,-1.3494312,-1.7994312,-1.3394312,-0.73943114,1.9905689,2.1105688,0.75056887,1.8905689,0.85056883,3.0205688,0.22056885,-0.68943113,-0.99943113,-1.4794312,-3.039431,-4.899431,-6.169431,-3.9994311,-1.6894312,1.0305688,2.3605688,-0.91943115,1.9005688,2.5205688,2.7605689,1.2405689,1.5505688,-0.67943114,2.3305688,1.4705689,-0.7694312,-0.48943114,-0.91943115,0.24056885,-1.2794311,-0.78943115,-0.9594312,-1.9894311
0.96056885,-2.2394311,-0.80943114,-0.8194311,0.32056886,-0.44943115,-0.24943115,-0.92943114,0.57056886,1.5205688,1.4005688,2.2705688,1.3505689,0.8605688,0.70056885,-0.66943115,-1.8594311,-2.339431,-2.2194312,-2.1594312,-2.1894312,-1.9094311,-1.3194312,2.970569,0.7305688,0.88056886,0.57056886,1.0605688,2.730569,1.2305689,-0.27943116,0.43056884,-1.0394311,0.90056884,0.30056885,-0.6294311,-0.54943115,-1.9594312,1.1205689,-1.1194311,-0.48943114
-0.069431156,-1.1194311,-1.8494312,-1.2394311,5.6884764E-4,1.7305689,1.7105689,0.48056886,0.35056886,-0.40943116,-0.60943115,-0.5694311,1.7705688,1.9405688,0.28056884,0.66056883,1.1105689,-0.6294311,-0.60943115,-1.0694312,-1.9194312,-1.1394311,-1.5794312,-3.059431,-0.96943116,-1.1894312,-1.2694311,1.1605688,2.480569,0.52056885,0.88056886,-1.5894312,-0.6294311,0.7405689,-0.92943114,0.71056885,1.5005689,-0.36943114,-0.73943114,-0.83943117,0.84056884
4.520569,0.6205689,1.0705688,1.7205689,3.3605688,2.5805688,1.2205689,2.980569,2.2805688,1.1805688,1.3805689,1.6605688,2.0105689,2.6005688,2.3405688,1.6805688,0.6805689,0.05056885,0.52056885,-0.55943114,-0.48943114,-0.8794311,0.08056885,0.71056885,1.2005688,1.9005688,1.9405688,3.3205688,3.8405688,1.5205688,2.710569,2.2605689,4.2005687,4.4905686,4.1405687,3.3605688,1.4605689,0.45056885,-2.289431,-2.1494312,-2.059431
2.690569,6.750569,1.3105688,2.8505688,3.680569,2.430569,2.930569,3.660569,3.1105688,3.180569,3.680569,4.600569,4.030569,3.980569,1.7705688,2.8305688,1.3405689,1.2705688,1.0705688,0.6205689,1.2405689,1.8105688,2.910569,2.960569,3.8605688,4.210569,5.210569,5.840569,6.040569,4.310569,3.3405688,2.440569,3.460569,0.7305688,-3.4894311,-1.2094312,-1.8994311,-3.849431,-2.9194312,-2.6194313,-2.3794312
4.000569,2.8705688,2.180569,2.950569,2.150569,1.0905689,1.8305688,1.8705689,2.0405688,4.020569,4.6405687,3.5805688,2.2705688,2.5705688,-1.0894312,0.88056886,3.3105688,2.1005688,2.660569,2.7905688,3.5905688,3.0005689,2.5305688,3.2805688,5.1805687,5.290569,7.320569,3.5905688,4.6205688,5.7205687,4.850569,-0.36943114,6.400569,6.440569,1.3005688,2.5205688,0.19056885,-2.529431,-2.4394312,-3.1194313,-3.1194313
4.340569,3.8105688,4.0105686,5.020569,4.1205688,2.2805688,1.7105689,2.0905688,2.8405688,1.8505689,2.0905688,2.650569,0.31056884,-2.289431,-1.7994312,1.2905688,3.720569,2.480569,2.7405689,2.7905688,4.340569,3.1405687,3.1105688,2.6205688,4.420569,4.1205688,3.5105689,2.3905687,1.8505689,4.2005687,-3.6494312,1.0305688,3.8505688,-0.6294311,-4.1294312,-1.2794311,-0.29943115,-0.92943114,-0.77943116,0.37056884,-2.339431
1.8705689,5.7405686,4.480569,3.700569,3.180569,3.3205688,2.230569,1.7105689,2.7405689,3.480569,3.5605688,0.57056886,2.0605688,1.7705688,2.950569,3.5105689,4.2005687,4.310569,3.7505689,4.3905687,3.970569,2.660569,3.5105689,1.8305688,2.5105689,4.2205687,3.2905688,0.71056885,-0.89943117,1.5305688,-0.6394312,5.8905687,5.9905686,-3.4994311,-2.6494312,-1.7894311,-2.579431,-2.1594312,-6.349431,-5.949431,-1.5894312
2.730569,8.410569,6.060569,3.220569,2.1105688,2.0905688,1.6005689,2.190569,3.2405689,2.190569,2.6005688,1.4105688,0.18056884,-0.069431156,4.810569,2.5505688,4.000569,4.2605686,4.580569,5.2005687,4.690569,2.5205688,4.440569,3.160569,2.670569,1.4705689,2.6105688,3.220569,2.5705688,1.0505688,1.9405688,9.660569,-1.9994311,-1.6594311,1.3205688,-2.2094312,-1.4694312,0.26056886,0.69056886,-0.86943114,-0.33943117
4.460569,5.670569,4.960569,2.1305687,2.0205688,1.2505689,2.0105689,2.2405689,2.2605689,1.8205688,2.5305688,2.8205688,2.710569,4.210569,2.480569,3.980569,4.4505687,2.460569,3.7405689,3.160569,4.610569,5.4505687,4.710569,3.1205688,2.5005689,-2.1494312,4.100569,3.900569,3.5205688,3.3105688,2.920569,0.41056883,-1.6694312,-0.8794311,-0.41943115,-1.3694311,-0.60943115,-0.8194311,2.0105689,0.85056883,-0.90943116
4.560569,4.100569,2.3505688,2.170569,2.0405688,1.2705688,1.2405689,1.5005689,1.4105688,1.6605688,1.9005688,1.3605689,1.3305688,3.8305688,3.8805687,1.2705688,5.0105686,4.770569,3.6205688,4.320569,5.940569,4.580569,1.8605689,2.460569,2.3705688,2.220569,2.9905689,1.7105689,2.970569,0.91056883,1.5905689,-0.8894312,-1.0794312,-0.109431155,-0.98943114,-0.6394312,0.19056885,0.7405689,0.28056884,-0.29943115,0.7405689
4.380569,3.420569,1.4805689,1.1805688,3.650569,1.5605688,0.75056887,1.2505689,1.3305688,1.0205688,2.2805688,2.2505689,2.930569,2.710569,2.960569,1.0305688,0.100568846,4.4305687,4.070569,3.430569,2.210569,0.6705688,2.0505688,2.960569,2.690569,2.430569,2.470569,1.6505688,1.0405688,0.65056884,-1.1194311,-1.1994312,-0.97943115,-1.3094312,-1.1094311,-1.3494312,0.19056885,0.010568848,-0.33943117,0.22056885,-0.40943116
1.5005689,0.69056886,1.0905689,2.700569,3.0005689,0.90056884,0.39056885,0.8005688,1.4405688,0.8605688,1.1405689,2.440569,2.8705688,1.6905688,-0.8894312,2.5605688,1.5705688,1.8405689,3.690569,3.3905687,2.450569,2.8505688,3.2405689,1.9805689,2.8305688,2.650569,1.3005688,0.8005688,0.16056885,-0.66943115,-1.0094311,-0.77943116,-1.0694312,-0.15943116,-0.39943114,-0.49943116,-0.19943115,-0.019431151,-0.049431153,-0.48943114,5.6884764E-4
3.220569,3.170569,4.310569,4.6805687,2.3905687,0.91056883,0.36056885,0.58056885,1.6305689,1.5505688,1.0905689,1.5705688,2.3205688,2.150569,0.11056885,-0.16943115,-0.44943115,-0.60943115,2.670569,3.700569,2.710569,3.3005688,3.0605688,2.3805687,1.5905689,1.5005689,1.5105689,2.210569,1.7305689,1.2905688,1.2005688,0.95056885,1.1305689,1.1405689,0.7305688,1.1005689,0.65056884,0.5405688,0.24056885,0.69056886,-0.80943114
2.700569,3.5105689,3.8505688,2.3205688,2.170569,1.7505689,1.5805688,1.3705689,1.8105688,0.56056887,0.65056884,2.0105689,1.2005688,0.66056883,2.0305688,1.6405689,0.37056884,-0.27943116,-0.18943115,1.2705688,1.7905688,0.6705688,1.2305689,1.4705689,1.4705689,1.3305688,1.4405688,1.7105689,2.0405688,2.3205688,2.460569,2.7505689,2.3805687,2.430569,2.2605689,2.5705688,1.4505688,2.5505688,1.8905689,0.83056885,0.010568848
