wind_kz.json
{"header": {"discipline":0,"disciplineName":"Meteorological products","gribEdition":2,"gribLength":871,"center":7,"centerName":"US National Weather Service - NCEP(WMC)","subcenter":0,"refTime":"2023-08-28T00:00:00.000Z","significanceOfRT":1,"significanceOfRTName":"Start of forecast","productStatus":0,"productStatusName":"Operational products","productType":1,"productTypeName":"Forecast products","productDefinitionTemplate":0,"productDefinitionTemplateName":"Analysis/forecast at horizontal level/layer at a point in time","parameterCategory":0,"parameterCategoryName":"UnknownDiscipline_0_Category_0","parameterNumber":0,"parameterNumberName":"UnknownParameter_D0_C0_0","parameterUnit":"Unknown","genProcessType":2,"genProcessTypeName":"Forecast","forecastTime":60,"surface1Type":1,"surface1TypeName":"Ground or water surface","surface1Value":0.0,"surface2Type":255,"surface2TypeName":"Missing","surface2Value":0.0,"gridDefinitionTemplate":0,"gridDefinitionTemplateName":"Latitude_Longitude","numberPoints":615,"shape":6,"shapeName":"Earth spherical with radius of 6,371,229.0 m","gridUnits":"degrees","resolution":48,"winds":"true","scanMode":64,"nx":41,"ny":15,"basicAngle":0,"lo1":47.0,"la1":41.0,"lo2":87.0,"la2":55.0,"dx":1.0,"dy":1.0}, "data":
[rows 0 to 14 of 15, columns 0 to 40 of 41]
302.69452,288.89453,292.89453,299.09454,298.79453,297.39453,305.79453,313.79453,310.09454,309.59454,307.39453,307.89453,306.99454,306.99454,306.69452,307.69452,304.49454,304.39453,301.69452,300.39453,307.49454,302.79453,300.29453,303.89453,304.09454,306.79453,303.49454,292.09454,290.89453,288.79453,281.79453,281.39453,299.89453,307.39453,308.99454,308.39453,307.69452,307.99454,307.09454,307.59454,307.19452
290.29453,296.59454,299.09454,299.39453,299.09454,297.29453,312.09454,309.29453,307.19452,306.69452,307.09454,305.89453,304.49454,303.29453,305.19452,306.09454,306.09454,303.69452,302.19452,307.69452,303.79453,303.09454,297.29453,287.39453,286.79453,284.89453,298.09454,292.99454,294.69452,286.39453,291.49454,274.59454,290.79453,263.29453,288.19452,303.99454,302.79453,304.09454,307.59454,300.49454,286.79453
304.29453,298.29453,299.09454,299.19452,297.49454,309.49454,308.29453,307.19452,306.19452,304.69452,304.19452,304.79453,302.59454,302.89453,302.59454,303.39453,303.69452,304.19452,304.49454,302.59454,303.69452,305.59454,297.69452,292.69452,296.79453,299.99454,304.79453,304.39453,303.59454,293.99454,285.09454,287.69452,294.59454,295.49454,295.19452,295.59454,287.79453,289.29453,290.59454,285.49454,283.39453
305.49454,298.49454,298.99454,298.29453,299.79453,307.59454,306.19452,305.59454,305.39453,304.59454,303.59454,302.39453,295.09454,294.29453,300.69452,300.99454,301.69452,302.99454,304.09454,303.69452,299.39453,297.69452,299.49454,302.49454,299.69452,299.89453,302.69452,304.89453,305.49454,307.49454,307.69452,304.39453,308.99454,309.39453,307.59454,301.29453,288.69452,288.19452,290.49454,300.29453,303.89453
308.49454,297.69452,298.39453,297.89453,301.89453,304.89453,305.19452,306.29453,304.69452,303.39453,303.29453,301.59454,295.09454,293.69452,291.29453,299.79453,300.99454,299.59454,300.09454,301.69452,302.09454,298.49454,302.49454,304.69452,302.49454,301.49454,302.49454,302.29453,309.19452,308.49454,310.19452,305.79453,292.79453,282.19452,293.39453,302.49454,302.09454,309.19452,308.89453,307.59454,307.49454
310.19452,306.79453,296.19452,296.09454,296.99454,296.49454,305.69452,304.19452,301.29453,299.89453,295.49454,294.09454,294.59454,294.49454,293.39453,291.89453,298.09454,299.89453,300.39453,300.99454,300.69452,299.89453,300.29453,302.39453,303.39453,301.19452,302.89453,293.69452,307.49454,309.49454,308.39453,309.59454,306.79453,305.99454,302.79453,301.09454,297.49454,298.49454,307.89453,307.89453,306.59454
310.09454,308.69452,308.39453,308.09454,303.79453,305.19452,307.09454,304.59454,300.19452,295.49454,294.59454,292.09454,291.29453,292.49454,297.09454,297.29453,297.09454,293.49454,296.69452,297.89453,298.29453,299.79453,300.79453,299.29453,298.99454,300.09454,302.29453,304.39453,305.19452,307.19452,307.29453,307.49454,307.49454,306.19452,306.49454,303.89453,296.59454,294.89453,292.49454,289.99454,302.99454
308.19452,307.69452,306.79453,305.99454,306.19452,304.99454,304.79453,302.19452,299.59454,295.49454,294.19452,294.59454,293.49454,292.39453,295.49454,291.89453,294.49454,292.89453,290.89453,290.69452,294.79453,296.79453,298.59454,298.89453,297.99454,297.59454,297.89453,300.59454,301.29453,304.19452,303.29453,304.09454,302.89453,300.89453,301.89453,302.69452,304.29453,290.69452,305.19452,304.59454,301.39453
306.09454,305.19452,304.59454,304.29453,303.39453,303.29453,301.99454,296.09454,292.19452,292.99454,288.89453,291.99454,288.89453,288.99454,287.19452,288.29453,291.49454,289.79453,290.99454,289.69452,288.29453,292.69452,296.39453,297.49454,296.49454,297.49454,298.29453,297.79453,297.69452,295.89453,299.39453,300.19452,300.19452,302.49454,301.59454,298.59454,299.59454,300.69452,288.29453,288.29453,286.69452
303.89453,302.29453,303.09454,302.69452,301.99454,302.39453,299.39453,294.89453,294.39453,290.29453,287.49454,287.99454,286.79453,285.39453,285.09454,285.89453,286.79453,290.89453,288.29453,289.59454,288.89453,290.19452,294.09454,296.99454,297.59454,296.49454,298.79453,298.79453,298.69452,299.49454,299.89453,302.19452,304.99454,303.89453,302.79453,300.29453,296.39453,291.99454,291.59454,289.89453,287.89453
301.59454,300.99454,300.39453,299.69452,298.89453,298.89453,298.89453,297.19452,292.49454,291.09454,288.19452,288.19452,285.19452,283.49454,283.49454,284.19452,283.99454,287.99454,288.09454,288.09454,289.59454,290.59454,287.89453,292.79453,293.39453,297.19452,292.49454,299.49454,301.49454,302.49454,302.89453,302.89453,301.39453,301.89453,301.09454,298.39453,292.49454,290.69452,292.79453,290.79453,289.69452
299.39453,300.49454,299.69452,298.69452,297.49454,296.59454,293.99454,290.79453,292.29453,290.59454,286.49454,287.49454,283.59454,282.59454,282.89453,284.99454,285.19452,285.79453,289.49454,287.19452,285.79453,287.59454,286.89453,291.69452,292.19452,293.49454,296.29453,299.69452,300.99454,303.19452,302.19452,300.29453,300.89453,298.39453,299.09454,298.69452,297.69452,297.09454,294.39453,294.19452,293.59454
294.99454,297.49454,298.49454,297.29453,295.99454,294.49454,294.59454,292.29453,291.89453,287.99454,284.59454,280.79453,282.79453,282.89453,282.59454,288.49454,288.69452,288.29453,289.79453,287.29453,288.09454,286.19452,286.79453,287.89453,292.39453,294.19452,295.19452,297.09454,299.19452,300.79453,300.49454,299.49454,300.29453,299.59454,298.99454,296.09454,295.79453,296.49454,295.09454,293.89453,293.49454
295.89453,296.69452,293.39453,295.69452,294.49454,293.59454,292.99454,291.79453,290.49454,286.59454,281.89453,280.39453,281.19452,282.79453,283.69452,287.69452,288.09454,287.29453,287.69452,288.29453,288.39453,287.29453,290.39453,291.19452,291.99454,295.49454,294.29453,297.59454,299.79453,298.79453,298.49454,299.69452,298.39453,296.59454,296.89453,295.79453,295.39453,294.59454,294.89453,292.89453,293.99454
293.39453,296.49454,290.69452,294.59454,293.19452,292.29453,292.29453,292.39453,288.49454,286.09454,283.39453,281.69452,281.69452,285.49454,286.19452,288.09454,288.59454,289.49454,290.79453,287.29453,289.19452,289.49454,289.99454,289.19452,291.49454,290.69452,290.29453,295.69452,298.69452,297.89453,294.09454,291.99454,295.99454,294.59454,294.89453,294.69452,294.99454,294.59454,295.59454,294.69452,294.29453
