wind_kz.json
{"header": {"discipline":0,"disciplineName":"Meteorological products","gribEdition":2,"gribLength":871,"center":7,"centerName":"US National Weather Service - NCEP(WMC)","subcenter":0,"refTime":"2023-09-08T18:00:00.000Z","significanceOfRT":1,"significanceOfRTName":"Start of forecast","productStatus":0,"productStatusName":"Operational products","productType":1,"productTypeName":"Forecast products","productDefinitionTemplate":0,"productDefinitionTemplateName":"Analysis/forecast at horizontal level/layer at a point in time","parameterCategory":0,"parameterCategoryName":"UnknownDiscipline_0_Category_0","parameterNumber":0,"parameterNumberName":"UnknownParameter_D0_C0_0","parameterUnit":"Unknown","genProcessType":2,"genProcessTypeName":"Forecast","forecastTime":120,"surface1Type":1,"surface1TypeName":"Ground or water surface","surface1Value":0.0,"surface2Type":255,"surface2TypeName":"Missing","surface2Value":0.0,"gridDefinitionTemplate":0,"gridDefinitionTemplateName":"Latitude_Longitude","numberPoints":615,"shape":6,"shapeName":"Earth spherical with radius of 6,371,229.0 m","gridUnits":"degrees","resolution":48,"winds":"true","scanMode":64,"nx":41,"ny":15,"basicAngle":0,"lo1":47.0,"la1":41.0,"lo2":87.0,"la2":55.0,"dx":1.0,"dy":1.0}, "data":
[rows 0 to 14 of 15, columns 0 to 40 of 41]
291.64325,283.94327,286.54327,297.74326,297.64325,296.44327,295.14325,296.64325,295.44327,295.94327,295.84326,297.24326,295.94327,295.54327,295.44327,293.84326,295.34326,294.54327,294.04327,293.64325,295.34326,291.54327,290.94327,287.24326,291.74326,291.94327,290.14325,276.64325,275.74326,277.24326,278.14325,281.04327,290.54327,295.44327,296.34326,296.94327,297.04327,297.54327,296.64325,296.54327,295.74326
269.24326,287.44327,297.14325,297.44327,297.14325,295.44327,291.54327,291.14325,293.04327,294.04327,294.84326,291.74326,291.44327,292.84326,291.74326,292.04327,293.24326,292.84326,292.24326,290.94327,290.44327,292.14325,290.54327,285.94327,276.64325,276.44327,284.94327,278.54327,276.64325,273.44327,278.94327,273.44327,282.24326,256.74326,279.14325,293.54327,292.14325,294.54327,297.44327,290.64325,284.14325
287.64325,296.74326,297.74326,297.34326,294.94327,290.74326,288.84326,287.14325,287.04327,287.94327,290.34326,291.44327,290.74326,292.04327,292.74326,289.84326,289.54327,288.74326,289.54327,290.64325,291.54327,289.74326,293.54327,287.04327,288.34326,287.74326,288.24326,287.74326,287.54327,280.44327,274.74326,275.54327,280.14325,281.74326,284.14325,283.74326,277.64325,279.14325,279.94327,274.74326,274.64325
288.24326,296.24326,297.04327,296.34326,293.34326,291.94327,290.24326,286.44327,286.94327,288.94327,289.04327,288.84326,293.64325,292.84326,290.14325,292.04327,291.14325,291.04327,290.94327,289.34326,290.74326,288.44327,291.34326,291.74326,291.94327,292.64325,291.74326,290.44327,288.94327,288.04327,289.34326,287.44327,292.64325,287.74326,288.14325,286.74326,276.14325,274.94327,277.94327,286.14325,290.04327
291.94327,294.14325,295.24326,294.04327,292.44327,291.64325,290.44327,288.54327,289.14325,288.74326,288.74326,288.74326,292.74326,291.24326,289.84326,291.04327,292.34326,292.74326,291.84326,293.44327,293.44327,292.84326,290.14325,291.04327,289.44327,290.24326,289.24326,290.04327,289.64325,290.24326,292.54327,287.44327,277.94327,271.74326,280.24326,288.94327,292.84326,293.04327,293.04327,292.64325,294.04327
290.74326,288.24326,293.44327,292.74326,293.14325,292.54327,290.74326,291.74326,289.24326,286.94327,287.44327,287.44327,291.64325,292.64325,291.64325,290.44327,292.34326,293.14325,292.94327,293.64325,292.94327,292.44327,291.44327,290.04327,288.84326,287.24326,288.44327,291.04327,290.14325,291.44327,288.54327,290.84326,288.34326,286.14325,284.34326,287.54327,280.24326,282.74326,291.94327,292.54327,290.64325
292.14325,289.44327,292.04327,291.74326,291.14325,291.24326,292.04327,293.54327,291.04327,290.64325,289.44327,288.54327,289.34326,288.44327,291.24326,291.04327,290.74326,291.24326,290.44327,289.14325,289.64325,290.64325,291.64325,290.74326,289.64325,289.34326,287.94327,288.74326,288.24326,287.44327,287.94327,287.64325,288.44327,288.34326,286.44327,286.04327,281.24326,278.84326,274.54327,275.94327,286.74326
290.94327,287.94327,292.24326,290.74326,292.24326,291.94327,290.44327,290.54327,290.04327,291.04327,289.14325,288.64325,287.34326,288.34326,290.54327,291.24326,289.44327,289.04327,290.24326,288.34326,288.34326,288.84326,288.34326,288.44327,287.14325,285.34326,284.94327,286.04327,284.74326,287.34326,286.44327,286.94327,284.94327,283.54327,285.24326,286.34326,288.34326,289.24326,284.84326,285.64325,280.24326
287.64325,287.14325,288.24326,286.84326,292.24326,291.74326,286.44327,289.14325,289.14325,286.34326,285.94327,285.04327,288.04327,289.94327,289.54327,290.34326,289.74326,289.84326,288.84326,287.84326,285.94327,283.84326,286.94327,286.74326,284.84326,285.04327,283.34326,282.54327,281.74326,281.44327,282.34326,283.24326,283.34326,285.04327,282.64325,281.44327,282.34326,281.54327,269.44327,271.24326,269.54327
288.44327,288.74326,287.34326,286.54327,286.44327,287.24326,286.54327,289.54327,286.94327,284.84326,285.84326,283.64325,287.74326,287.94327,287.94327,288.94327,289.04327,288.84326,288.14325,287.34326,285.74326,285.34326,285.54327,286.14325,284.04327,284.44327,283.94327,283.54327,282.84326,281.34326,283.04327,285.44327,284.54327,286.04327,283.84326,281.64325,280.04327,275.54327,271.84326,272.34326,270.74326
287.64325,289.74326,286.94327,287.74326,289.64325,287.44327,286.74326,285.64325,284.44327,284.34326,286.74326,286.54327,287.74326,287.34326,286.54327,285.24326,284.04327,283.84326,283.74326,285.04327,285.04327,284.54327,281.54327,283.34326,280.94327,281.04327,282.14325,284.64325,285.44327,286.74326,286.84326,286.64325,285.74326,282.94327,281.74326,280.04327,277.34326,274.84326,273.74326,275.34326,272.64325
288.34326,288.64325,287.94327,287.14325,285.74326,284.64325,283.24326,282.24326,282.74326,282.54327,279.94327,282.64325,283.44327,281.84326,282.14325,281.84326,282.74326,282.34326,282.24326,281.94327,282.04327,281.94327,282.24326,282.44327,282.04327,282.94327,283.74326,285.04327,285.54327,285.34326,285.94327,285.94327,283.64325,284.54327,282.54327,284.44327,284.64325,285.04327,281.24326,279.64325,279.64325
285.54327,285.04327,286.34326,286.54327,284.64325,284.74326,284.94327,282.74326,280.44327,282.94327,279.24326,280.84326,281.54327,280.64325,283.14325,283.14325,283.44327,283.14325,283.74326,283.14325,282.54327,281.14325,280.94327,280.84326,281.74326,282.64325,283.94327,283.84326,284.04327,283.44327,283.54327,283.74326,284.14325,284.14325,284.84326,283.84326,284.24326,285.34326,284.84326,284.24326,280.14325
285.64325,286.44327,287.04327,285.44327,283.84326,284.24326,284.44327,283.74326,284.64325,283.04327,282.34326,280.94327,281.74326,282.74326,283.24326,282.84326,281.34326,280.74326,281.64325,282.34326,282.34326,282.34326,282.44327,282.44327,282.64325,283.04327,283.14325,282.84326,282.44327,282.54327,282.54327,282.34326,282.24326,282.34326,282.34326,282.14325,282.44327,283.24326,283.94327,280.84326,281.04327
284.94327,286.94327,288.64325,284.64325,284.84326,283.74326,284.04327,283.54327,284.64325,284.14325,282.94327,282.64325,281.34326,280.64325,280.74326,283.14325,281.04327,280.84326,280.64325,280.74326,282.74326,280.84326,281.34326,282.04327,282.44327,282.24326,282.24326,282.34326,282.64325,282.64325,282.84326,283.74326,282.54327,282.44327,282.14325,282.54327,282.94327,279.74326,283.44327,280.64325,280.24326
