wind_kz.json
{"header": {"discipline":0,"disciplineName":"Meteorological products","gribEdition":2,"gribLength":871,"center":7,"centerName":"US National Weather Service - NCEP(WMC)","subcenter":0,"refTime":"2023-09-26T00:00:00.000Z","significanceOfRT":1,"significanceOfRTName":"Start of forecast","productStatus":0,"productStatusName":"Operational products","productType":1,"productTypeName":"Forecast products","productDefinitionTemplate":0,"productDefinitionTemplateName":"Analysis/forecast at horizontal level/layer at a point in time","parameterCategory":0,"parameterCategoryName":"UnknownDiscipline_0_Category_0","parameterNumber":0,"parameterNumberName":"UnknownParameter_D0_C0_0","parameterUnit":"Unknown","genProcessType":2,"genProcessTypeName":"Forecast","forecastTime":240,"surface1Type":1,"surface1TypeName":"Ground or water surface","surface1Value":0.0,"surface2Type":255,"surface2TypeName":"Missing","surface2Value":0.0,"gridDefinitionTemplate":0,"gridDefinitionTemplateName":"Latitude_Longitude","numberPoints":615,"shape":6,"shapeName":"Earth spherical with radius of 6,371,229.0 m","gridUnits":"degrees","resolution":48,"winds":"true","scanMode":64,"nx":41,"ny":15,"basicAngle":0,"lo1":47.0,"la1":41.0,"lo2":87.0,"la2":55.0,"dx":1.0,"dy":1.0}, "data":
[rows 0 to 14 of 15, columns 0 to 40 of 41]
285.86765,278.76764,284.26764,292.76764,292.86765,292.16766,290.76764,291.26764,293.06766,294.16766,292.96765,294.16766,291.46765,292.66766,291.96765,292.86765,293.36765,291.26764,290.06766,290.36765,291.06766,288.76764,288.36765,286.16766,287.16766,291.16766,289.36765,274.96765,273.06766,273.16766,272.16766,273.66766,280.16766,285.06766,285.86765,286.16766,284.96765,285.66766,286.96765,287.16766,285.86765
267.46765,285.56766,292.16766,292.46765,292.46765,291.46765,289.46765,291.66766,289.76764,291.66766,292.76764,288.26764,290.76764,287.86765,288.76764,289.76764,288.66766,288.36765,286.86765,287.56766,287.86765,289.36765,287.96765,283.66766,271.26764,272.76764,281.96765,274.26764,274.06766,273.56766,277.06766,268.86765,275.06766,255.16765,271.56766,283.86765,281.46765,283.76764,286.66766,280.76764,283.56766
287.76764,291.96765,292.56766,292.06766,290.56766,287.96765,288.16766,291.26764,290.46765,288.96765,289.86765,288.16766,286.96765,286.76764,288.06766,287.46765,285.46765,284.26764,286.36765,286.56766,287.36765,287.56766,287.56766,284.16766,285.26764,285.16766,288.86765,286.86765,288.46765,280.06766,271.96765,276.56766,280.76764,280.86765,280.76764,280.96765,272.86765,272.86765,273.06766,270.66766,270.36765
289.86765,291.16766,291.96765,291.36765,289.76764,286.46765,289.16766,289.76764,290.36765,290.56766,289.96765,287.96765,290.06766,289.46765,288.06766,285.26764,287.16766,286.76764,286.36765,286.16766,287.16766,281.46765,286.96765,287.46765,287.76764,288.46765,288.76764,286.26764,286.36765,286.56766,287.66766,286.66766,288.56766,287.36765,285.86765,286.26764,275.16766,266.76764,276.16766,280.36765,283.76764
289.96765,290.46765,291.16766,290.46765,289.96765,288.26764,289.76764,289.36765,290.56766,288.76764,289.56766,285.66766,288.76764,287.76764,286.36765,286.16766,286.06766,286.26764,284.86765,286.56766,285.86765,286.66766,286.26764,286.36765,286.66766,286.66766,285.46765,284.66766,284.96765,286.06766,288.46765,286.56766,278.36765,267.66766,278.36765,282.06766,286.66766,286.36765,286.96765,286.66766,286.56766
290.26764,288.66766,289.66766,290.56766,290.56766,290.16766,292.76764,292.66766,291.36765,289.06766,287.56766,287.16766,288.16766,288.66766,286.56766,284.96765,286.96765,285.16766,285.66766,285.66766,285.86765,285.06766,285.46765,285.56766,285.06766,284.26764,284.16766,286.36765,286.36765,286.86765,284.76764,286.96765,287.76764,286.06766,286.76764,287.86765,282.56766,281.26764,284.86765,286.16766,285.56766
290.16766,288.76764,290.16766,291.36765,290.86765,288.46765,289.56766,289.26764,289.86765,288.96765,286.46765,285.76764,284.96765,284.56766,283.96765,285.06766,284.36765,284.96765,284.66766,284.56766,283.16766,283.86765,284.46765,284.86765,283.46765,284.56766,283.56766,284.46765,284.16766,284.56766,284.36765,284.76764,284.66766,285.96765,288.06766,285.66766,283.36765,279.76764,275.76764,274.86765,282.96765
291.06766,289.66766,287.16766,290.86765,292.96765,293.66766,292.06766,290.56766,290.46765,289.56766,286.26764,285.56766,284.16766,285.66766,285.46765,286.76764,285.26764,285.86765,284.66766,282.46765,281.86765,281.96765,282.46765,283.06766,283.16766,280.26764,280.36765,281.26764,280.06766,281.66766,281.66766,282.66766,283.16766,280.56766,280.46765,282.56766,285.26764,285.66766,287.86765,286.36765,282.96765
290.26764,288.66766,290.16766,287.86765,289.36765,288.56766,285.76764,286.06766,286.16766,286.86765,285.86765,285.76764,284.26764,285.36765,284.76764,285.46765,284.46765,284.16766,283.46765,281.76764,280.06766,279.76764,280.56766,281.36765,280.36765,280.76764,279.06766,278.86765,277.06766,276.76764,277.86765,278.76764,279.86765,280.76764,279.86765,279.66766,281.36765,281.06766,270.16766,269.46765,267.66766
287.46765,287.26764,289.56766,288.86765,288.96765,288.26764,287.46765,284.76764,284.86765,284.36765,284.66766,284.76764,284.46765,284.76764,284.26764,284.56766,284.76764,284.16766,283.06766,282.56766,281.06766,280.26764,280.26764,280.16766,279.96765,279.36765,278.86765,278.86765,278.36765,278.16766,277.86765,279.56766,281.26764,281.56766,280.66766,280.86765,280.76764,277.46765,274.36765,274.36765,269.86765
283.96765,287.16766,286.06766,288.16766,288.26764,289.06766,286.76764,286.46765,283.86765,284.66766,285.36765,285.86765,285.46765,283.96765,282.56766,285.76764,285.26764,285.16766,282.46765,282.06766,281.86765,281.56766,280.96765,280.36765,279.66766,278.96765,277.26764,277.96765,277.56766,278.06766,279.56766,280.26764,280.56766,281.16766,280.16766,279.06766,278.06766,275.76764,276.06766,276.06766,273.46765
280.56766,282.46765,286.56766,286.36765,287.86765,287.86765,287.06766,287.76764,287.16766,287.66766,286.36765,286.46765,286.56766,285.46765,285.56766,283.06766,283.06766,281.66766,281.46765,285.16766,282.86765,283.06766,284.06766,281.46765,280.96765,280.86765,280.76764,280.86765,279.96765,279.76764,278.56766,279.06766,279.96765,278.76764,279.36765,278.86765,278.86765,278.06766,278.36765,279.16766,279.06766
282.26764,279.66766,281.76764,285.36765,284.86765,286.26764,286.86765,286.26764,286.06766,285.96765,285.16766,283.86765,285.46765,284.46765,284.56766,282.96765,283.16766,282.06766,279.56766,279.16766,283.26764,283.46765,283.16766,283.16766,283.76764,282.76764,281.86765,284.16766,281.36765,280.46765,279.96765,279.36765,278.66766,278.36765,277.66766,277.56766,277.56766,278.86765,277.36765,276.66766,277.16766
280.16766,279.06766,282.76764,282.06766,282.16766,284.06766,284.06766,284.76764,285.86765,285.36765,283.76764,281.26764,282.46765,283.36765,283.86765,284.16766,282.26764,283.56766,279.56766,278.76764,277.66766,277.46765,278.56766,279.16766,279.56766,281.56766,280.06766,279.96765,282.86765,282.46765,281.86765,282.16766,281.96765,280.86765,280.56766,279.66766,279.06766,278.26764,276.96765,277.06766,275.46765
281.46765,280.06766,284.96765,282.96765,282.16766,283.26764,283.96765,282.46765,284.26764,283.16766,284.16766,280.26764,281.06766,282.06766,282.66766,283.76764,283.86765,283.16766,282.86765,281.46765,278.06766,277.26764,277.66766,277.36765,277.36765,277.66766,278.86765,282.36765,281.96765,281.56766,278.76764,279.66766,276.56766,276.26764,275.86765,276.16766,276.16766,275.36765,275.46765,277.66766,278.96765
