wind_kz.json
{"header": {"discipline":0,"disciplineName":"Meteorological products","gribEdition":2,"gribLength":1025,"center":7,"centerName":"US National Weather Service - NCEP(WMC)","subcenter":0,"refTime":"2023-09-21T18:00:00.000Z","significanceOfRT":1,"significanceOfRTName":"Start of forecast","productStatus":0,"productStatusName":"Operational products","productType":1,"productTypeName":"Forecast products","productDefinitionTemplate":0,"productDefinitionTemplateName":"Analysis/forecast at horizontal level/layer at a point in time","parameterCategory":2,"parameterCategoryName":"UnknownDiscipline_0_Category_2","parameterNumber":2,"parameterNumberName":"UnknownParameter_D0_C2_2","parameterUnit":"Unknown","genProcessType":2,"genProcessTypeName":"Forecast","forecastTime":180,"surface1Type":103,"surface1TypeName":"Specified height level above ground","surface1Value":10.0,"surface2Type":255,"surface2TypeName":"Missing","surface2Value":0.0,"gridDefinitionTemplate":0,"gridDefinitionTemplateName":"Latitude_Longitude","numberPoints":615,"shape":6,"shapeName":"Earth spherical with radius of 6,371,229.0 m","gridUnits":"degrees","resolution":48,"winds":"true","scanMode":64,"nx":41,"ny":15,"basicAngle":0,"lo1":47.0,"la1":41.0,"lo2":87.0,"la2":55.0,"dx":1.0,"dy":1.0}, "data":
[rows 0 to 14 of 15, columns 0 to 40 of 41]
-0.09108338,1.4389167,0.9389166,-1.7210834,-5.3110833,-6.3010836,-5.8410835,-5.971083,-6.0710835,-2.7710834,-4.241083,-4.1110835,-3.8310833,-2.5110834,-2.1110833,-1.4410834,-1.4310833,-1.2410834,-0.7210834,0.018916626,-1.0210834,1.2989166,3.0589166,3.6189165,1.0989166,-0.11108337,3.2789166,1.4589167,-0.9910834,0.67891663,-1.4310833,1.1389166,0.08891663,-0.6710834,0.108916625,0.45891663,1.1489166,1.8089166,1.0989166,0.39891663,0.28891662
0.37891662,-2.4010835,-9.341084,-6.5810833,-6.0510836,-5.3010836,-6.2110834,-7.2910833,-5.201083,-4.5910835,-5.3610835,-6.221083,-5.0910835,-3.7510834,-2.8110833,-1.7010834,-0.48108336,-2.4910834,-1.6710833,-0.17108338,2.8189166,2.3689165,1.2189167,3.0989165,0.73891664,-0.5010834,1.1889167,-0.09108338,1.1089166,1.3789166,-0.011083374,0.6489166,-0.8710834,1.4889166,0.8189166,1.6189166,1.4489167,-0.22108337,-0.43108338,-0.9210834,-0.22108337
-4.8310833,-6.8710833,-8.371083,-7.5710835,-6.8610835,-6.3310833,-5.741083,-4.5610833,-5.2510834,-5.5210834,-4.8810835,-5.1510835,-4.9410834,-4.241083,-3.6010833,-2.5310833,-1.9610834,-2.2210834,-2.8910835,-1.1010834,-2.4010835,-5.181083,-4.8410835,-5.1410832,-0.89108336,-1.2510834,-0.58108336,-0.18108338,3.2689166,-0.8510834,0.7589166,-0.7210834,-1.1910834,-0.78108335,1.0189166,1.7489166,0.43891662,-0.70108336,-0.21108337,0.7689166,0.16891663
-9.031083,-9.331083,-8.021084,-7.2310834,-5.2910833,-5.1210833,-3.4410834,-4.0810833,-3.3110833,-2.8710833,-2.6910834,-3.2110834,-3.1610835,-3.3210833,-3.8910835,-3.5510833,-3.4010835,-4.3610835,-5.0810833,-6.5210834,-7.1010833,-3.5210834,0.49891663,-3.0010834,-5.0210834,-3.0310833,-1.6010834,-6.9610834,-4.2310834,-2.6510835,-0.08108337,-0.52108335,-1.0110834,0.25891662,1.8789166,2.5389166,-0.021083374,1.0289166,-1.7310834,-1.0110834,-1.2010834
-9.261084,-7.6310835,-6.8210835,-6.5810833,-5.7810836,-4.4210835,-3.1610835,-1.8310834,-0.6910834,0.42891663,-0.29108337,-3.0910833,-3.4310834,-3.5510833,-1.9810834,-4.9610834,-5.3610835,-4.951083,-5.3110833,-5.471083,-5.3010836,-4.5210834,-3.2010834,-3.4010835,-4.7510834,-5.3010836,-7.2710834,-5.1410832,-5.3910832,-4.661083,-3.9110835,-2.8010833,1.9789166,1.3689166,-2.3410833,-0.84108335,1.3289167,1.1189166,1.0789167,-0.3310834,0.018916626
-7.491083,-6.0110836,-5.931083,-5.0410833,-4.431083,-3.5810833,-3.6010833,-1.4910834,-1.0910834,-2.1010833,-2.6810834,-3.9410834,-4.7710834,-4.4210835,-3.8310833,-5.1210833,-5.3810835,-5.3910832,-5.1310835,-4.3010836,-5.7110834,-4.431083,-4.451083,-5.8310833,-3.8610833,-5.8910832,-6.6010833,-4.4410834,-5.7110834,-5.6210833,-6.0210834,-5.3510833,-3.4310834,-0.78108335,3.6289167,0.86891663,0.91891664,2.2489166,1.8889166,-2.6810834,-4.0910835
-6.8810835,-5.8610835,-4.9410834,-4.221083,-4.0610833,-2.9810834,-3.0910833,-2.5010834,-2.1410835,-3.7210834,-5.1410832,-5.7810836,-4.951083,-4.1310835,-3.9210835,-3.6610835,-3.8510833,-4.7610836,-4.8010836,-5.931083,-6.0610833,-5.4810834,-4.951083,-3.9910834,-4.1310835,2.4289167,-3.1310835,-2.8410833,-4.0610833,-4.2310834,-5.0010834,-4.951083,-3.6910834,-1.9910834,0.008916626,-0.43108338,0.42891663,-2.4010835,4.318917,-0.08108337,1.8789166
-5.7310834,-5.0410833,-4.5910835,-3.8810835,-2.4610834,-2.4810834,-2.5710833,-3.2110834,-4.9610834,-5.5110836,-5.3710833,-5.971083,-5.0610833,-4.5810833,-4.1010833,-3.3310833,-4.0110836,-3.8110833,-3.4310834,-4.221083,-4.8810835,-5.0810833,-5.3010836,-5.451083,-5.3210835,-3.7310834,-1.9710834,-2.8210833,-3.9910834,-3.8310833,-3.9710834,-2.6510835,-2.4210835,-2.8410833,-1.2510834,1.3189167,4.4989166,5.4189167,7.1389165,6.1989164,3.8489165
-5.0410833,-5.201083,-5.3110833,-5.0010834,-4.8110833,-4.7310834,-4.411083,-4.6310835,-4.2910833,-4.6310835,-4.6710835,-5.0110836,-4.3010836,-3.7610834,-3.4510834,-3.4310834,-3.6210833,-3.7810833,-3.7010834,-3.7310834,-4.6010833,-4.6210833,-3.7610834,-3.8910835,-4.5310836,-4.3610835,-4.3710833,-4.3210835,-3.2410834,-2.6510835,-1.9310833,-2.0810833,-0.6110834,-0.051083375,0.6889166,2.0289166,0.5889166,0.42891663,1.6789166,1.7489166,1.4689167
-4.8310833,-4.931083,-4.5310836,-4.721083,-4.5310836,-4.471083,-4.6410832,-4.6210833,-4.7110834,-4.1410832,-4.2710834,-4.491083,-3.1110833,-3.0510833,-3.0810833,-2.9010835,-3.2110834,-3.2410834,-3.2910833,-3.6410835,-4.3310833,-3.7610834,-2.9710834,-3.1910834,-3.4810834,-3.0510833,-3.2110834,-2.6010833,-2.0210834,-1.3810834,0.18891662,0.6389166,0.9389166,0.9589166,1.1689166,1.4489167,2.3689165,0.6889166,1.7389166,1.1189166,1.2889166
-3.8210833,-4.411083,-4.3110833,-4.2310834,-3.7710834,-3.9910834,-3.3410833,-3.0110834,-3.3610833,-3.5010834,-3.4810834,-3.1610835,-1.7510834,-2.1810834,-2.0210834,-1.8410834,-2.1510835,-2.0410833,-1.9710834,-2.1210833,-1.8510834,-1.8010833,-2.2010834,-2.6210833,-2.4910834,-2.4910834,-2.1610835,-1.7910833,-1.1410834,-0.12108337,0.90891665,0.97891665,1.2689166,0.9489166,1.2089167,0.8289166,-0.041083373,0.96891665,0.91891664,-0.18108338,0.9989166
-3.3710833,-3.0810833,-3.0410833,-3.0310833,-3.0210834,-3.0110834,-3.0210834,-2.8510833,-2.4110835,-2.0810833,-1.1610833,-1.3310834,-0.9810834,-1.3110833,-0.8110834,-0.53108335,-0.39108336,-0.29108337,-0.071083374,-0.8610834,-0.9210834,-0.7410834,-0.16108337,-0.101083376,-0.12108337,0.24891663,0.7589166,0.47891662,1.1189166,1.1789166,0.26891664,0.35891664,0.7089166,0.92891663,1.4189166,1.1989167,2.7189167,2.1889167,1.2389166,0.8889166,0.6989166
-1.9210833,-1.8410834,-1.8910834,-2.0110834,-1.9310833,-1.6010834,-2.3110833,-2.3610833,-1.9710834,-1.3110833,-0.031083373,1.6989167,1.5089166,1.8189167,1.5789167,1.8889166,1.8989166,1.7089167,1.3089166,1.5789167,1.3389167,0.8189166,0.7489166,0.9589166,1.4389167,1.7189167,1.0789167,1.0589166,0.7589166,1.8989166,1.8289167,2.1289167,1.5289166,1.6989167,1.4689167,2.3989167,1.8789166,1.7489166,2.2889166,2.0189166,0.72891665
-0.7410834,-0.35108337,-0.9110834,-0.7910834,-1.0110834,-0.7510834,-0.6710834,-0.34108338,-0.19108337,-0.5010834,-0.051083375,0.8289166,1.1789166,2.2289166,2.8589165,2.6289167,2.6389167,2.9689167,2.9089167,3.0789165,3.0989165,3.3989167,3.7589166,3.8789167,3.5189166,3.6889167,3.1389167,2.7089167,2.3789167,2.3789167,1.8489166,1.8289167,1.8189167,1.8789166,2.0489166,2.2489166,1.8189167,2.1589167,2.1389167,2.6389167,1.1889167
-0.11108337,-0.5410834,-0.12108337,0.038916625,0.39891663,0.61891663,0.49891663,1.0489166,0.9489166,0.5189166,0.61891663,1.5489166,1.4989166,2.0289166,2.3489165,2.8689165,3.9789166,3.8489165,3.3389165,4.3989167,4.1989164,4.008917,3.4289167,3.4789166,3.6289167,3.7389166,3.5489166,3.7189167,4.0989165,4.0589166,3.4089167,3.0489166,2.4189167,2.4189167,3.0489166,1.9789166,1.6589166,2.4489167,2.7389166,1.7789166,2.1089165
