wind_kz.json
{"header": {"discipline":0,"disciplineName":"Meteorological products","gribEdition":2,"gribLength":1025,"center":7,"centerName":"US National Weather Service - NCEP(WMC)","subcenter":0,"refTime":"2023-08-27T06:00:00.000Z","significanceOfRT":1,"significanceOfRTName":"Start of forecast","productStatus":0,"productStatusName":"Operational products","productType":1,"productTypeName":"Forecast products","productDefinitionTemplate":0,"productDefinitionTemplateName":"Analysis/forecast at horizontal level/layer at a point in time","parameterCategory":2,"parameterCategoryName":"UnknownDiscipline_0_Category_2","parameterNumber":2,"parameterNumberName":"UnknownParameter_D0_C2_2","parameterUnit":"Unknown","genProcessType":2,"genProcessTypeName":"Forecast","forecastTime":300,"surface1Type":103,"surface1TypeName":"Specified height level above ground","surface1Value":10.0,"surface2Type":255,"surface2TypeName":"Missing","surface2Value":0.0,"gridDefinitionTemplate":0,"gridDefinitionTemplateName":"Latitude_Longitude","numberPoints":615,"shape":6,"shapeName":"Earth spherical with radius of 6,371,229.0 m","gridUnits":"degrees","resolution":48,"winds":"true","scanMode":64,"nx":41,"ny":15,"basicAngle":0,"lo1":47.0,"la1":41.0,"lo2":87.0,"la2":55.0,"dx":1.0,"dy":1.0}, "data":
[rows 0 to 14 of 15, columns 0 to 40 of 41]
-4.0479736,-1.3379736,2.1020265,-0.32797363,-8.577973,-9.577973,-7.8979735,-7.2379737,-8.027973,-4.867974,-4.387974,-3.5279737,-3.4379737,-4.1679735,-3.1579735,-1.6279737,-0.73797363,0.41202638,-1.2579737,-0.43797362,-0.77797365,-0.64797366,-2.3079736,-1.7379737,1.0920264,-2.2879736,-2.6079736,0.48202637,-0.5579736,-0.6179736,-0.6779736,1.4620264,1.1820264,3.6120265,0.26202637,2.5120263,0.34202635,-1.5979736,-2.0179737,-1.5279737,-1.8679737
2.3120263,1.3020264,-0.78797364,-4.9579735,-5.4479737,-5.6079736,-4.137974,-4.9879737,-4.1679735,-2.9479737,-0.43797362,0.8120264,-2.9479737,-3.0979736,-3.1879737,-3.3079736,-0.5679736,-1.2179736,-1.2279736,0.17202637,0.59202635,0.59202635,-2.3479736,-1.9579736,0.76202637,0.8620264,-1.3679737,0.32202637,-3.6779737,-2.6979737,-0.067973636,-0.51797366,0.77202636,-0.95797366,0.60202634,6.4320264,-0.64797366,-0.16797364,0.14202636,0.012026367,-0.047973633
-0.8679736,-5.9879737,-4.3779736,-3.5479736,-1.8979737,0.42202637,-3.0079737,0.20202637,0.27202636,-4.077974,-1.3979737,-3.6379735,-3.7979736,-3.3679736,-3.9579737,-3.7979736,-1.2379737,-0.12797363,-0.26797363,-0.8779736,0.23202637,1.0720264,-1.0679736,-0.8279736,2.6520264,-0.51797366,0.6120264,-1.3879737,-3.1279736,-0.31797364,-1.4179736,2.3820264,0.5520264,0.8220264,0.96202636,-1.0579736,-0.18797363,0.52202636,-1.7779737,-0.23797363,1.8820263
-4.9979734,-5.9579735,-4.867974,-3.0579736,-0.19797364,-3.1479735,-0.84797364,-2.8079736,-1.1679736,2.0020263,-0.8179736,-2.8979735,-1.6779736,-3.1379735,-2.0779736,-2.5879736,-0.47797364,-1.4379736,-1.2679737,0.042026367,0.98202634,-1.0079737,3.0620263,-0.72797364,-3.4779737,-6.057974,-5.0679736,-6.9579735,-3.5979736,-1.1579736,-0.43797362,-2.1679735,0.5020264,-1.2579737,-1.6579736,-2.0279737,-1.5779736,1.3220264,0.29202637,-1.5279737,-2.2679737
-5.0879736,-4.6879735,-4.827974,-3.6479735,-3.4779737,-3.2079737,-2.2579737,0.022026367,-1.0779736,1.1020263,-2.6579735,2.1920264,1.7820264,-0.31797364,1.1020263,1.4620264,2.4820263,-1.1879736,-0.58797365,1.1320263,1.7420263,0.09202637,-1.8879737,1.6720264,-0.34797364,-4.7679734,-6.117974,-3.5479736,-4.4179735,-4.4879737,-3.9279737,-1.2379737,-1.6079736,0.9320264,0.77202636,0.5520264,-3.6279736,-3.2379737,-3.5579736,-5.0179734,-5.347974
-1.6579736,-1.2179736,-1.4379736,-2.2579737,-1.6779736,0.71202636,0.45202637,1.1920264,-2.8479736,-1.1379737,1.5120263,2.1320264,1.3620263,3.0120263,3.4520264,3.5320263,2.9520264,0.83202636,0.072026365,1.4520264,2.1120265,0.54202634,-0.8179736,-0.6779736,-2.3879735,-4.0379734,-2.9379737,-6.1979737,-3.9779737,-3.2279737,-3.2979736,-3.0979736,-2.6179736,-2.4279737,-1.0379736,-0.067973636,0.39202636,-1.4179736,-2.5279737,-3.8879735,-4.807974
-1.2879736,-0.23797363,1.1420264,1.9220264,3.1920264,3.9920263,4.0720263,3.5920265,2.1120265,2.5920265,1.1020263,1.5320264,0.96202636,3.4420264,4.7520266,5.2420263,3.5520263,3.3520265,-0.41797364,0.7520264,1.9220264,-0.11797363,0.12202637,-0.9279736,-0.48797363,-0.8179736,-0.5579736,-0.51797366,-1.6979736,-1.1779736,-0.33797362,-2.6879737,-1.3479736,-0.38797364,-2.1779737,-2.0479736,-1.1479737,1.8820263,-2.3579736,2.0320263,0.31202638
-0.13797364,-1.5879736,-2.9579737,-1.6479737,-1.6979736,-0.76797366,0.25202638,-1.1179737,1.6620264,1.0020263,1.5920264,2.4820263,1.5720264,2.4420264,1.6720264,2.4620264,6.8120265,2.9820263,0.8020264,-0.40797365,2.0920265,2.3620265,0.6720264,-0.29797363,-1.6579736,-0.98797363,-0.49797362,1.8320264,1.6020263,-0.48797363,-1.6079736,-2.5879736,-2.8779736,-0.7579736,-3.3979735,-1.5979736,-0.52797365,0.8620264,0.7420264,1.7220263,-0.22797364
-4.557974,-4.1079736,-3.2479737,-2.9979737,-3.1979737,-1.9879737,-1.1279737,-0.35797364,-0.22797364,1.6820264,2.0420263,2.1020265,1.2920264,0.072026365,-0.21797363,-2.4579737,-0.70797366,2.1220264,0.9320264,0.42202637,0.53202635,1.8820263,2.2520263,-0.17797363,0.60202634,-0.76797366,-1.4379736,-1.4979737,-0.72797364,-0.76797366,0.5620264,0.022026367,0.31202638,-2.0679736,-1.1979736,-1.0379736,0.36202636,-1.8279736,-1.1879736,0.22202636,-1.0079737
-3.9579737,-3.9179735,-3.4379737,-2.5979736,-1.9979737,-1.1179737,-0.84797364,-0.22797364,0.05202637,-2.3379736,-1.9579736,-1.3079736,-0.30797362,0.76202637,2.1020265,-1.3379736,-0.8179736,-3.4279737,0.5720264,1.7720264,1.2720264,1.8920264,2.1020265,0.16202636,0.36202636,1.0420264,0.65202636,1.2620263,-0.52797365,-0.40797365,-0.5679736,-1.9379736,-1.9279736,-2.1679735,-2.1579735,-1.4079736,-1.9779736,-0.11797363,-1.3779737,-0.03797363,-0.72797364
-3.9279737,-3.5879736,-3.2079737,-1.9279736,-0.77797365,-1.2479737,-0.5679736,0.072026365,-0.7479736,0.29202637,1.5420264,1.3320264,1.7520263,0.42202637,0.95202637,0.11202636,1.2020264,1.4220264,-1.1179737,-0.37797365,-1.8679737,-2.3479736,4.3920264,1.7420263,1.3420264,0.85202634,1.6320263,2.1920264,2.0020263,0.54202634,-1.1279737,-2.4979737,-3.0679736,-1.5779736,-1.1079736,-1.8579736,-1.3479736,0.28202638,-1.1779736,0.95202637,-1.3279736
-2.4679737,-3.5779736,-2.7179737,-1.1579736,-0.5679736,-0.34797364,0.062026367,0.11202636,0.45202637,-0.64797366,-1.2179736,0.70202637,0.072026365,-0.42797363,1.5420264,2.0520263,0.05202637,1.9320264,2.9820263,2.1320264,3.6020265,3.9220264,1.5220264,4.942026,0.40202636,1.5020263,1.0620264,2.1220264,0.09202637,-0.27797362,-1.6079736,-1.5979736,-1.3779737,-2.0779736,-1.5079737,-0.66797364,-1.3379736,-1.0279737,-0.34797364,-0.79797363,-0.78797364
-1.3979737,-1.5079737,-1.8579736,-0.39797363,-0.46797362,-0.11797363,0.5020264,0.37202635,-0.077973634,0.34202635,-0.017973633,1.2720264,2.0920265,2.1020265,2.3520265,2.7520263,2.5920265,3.1820264,3.2420263,3.3620265,2.8120263,3.5420263,2.2520263,4.7920265,4.9120264,1.4820263,2.3320265,2.0420263,1.1220263,0.13202637,0.032026365,-0.5779736,-0.83797365,-1.2879736,-1.4479736,-1.7379737,-1.4879737,-1.7679737,-1.7979736,-1.5679736,-1.4279736
-1.0379736,-0.6279736,1.8520263,0.31202638,0.79202634,1.6320263,1.6520264,1.5620264,2.3220263,1.6720264,0.49202636,1.8820263,2.1320264,2.8220263,3.5820265,4.2020264,3.9420264,3.9120264,3.2020264,3.3820264,3.2020264,4.842026,5.0020266,4.4520264,6.9320264,0.96202636,1.6520264,1.6320263,0.7420264,0.47202638,-0.057973634,-0.12797363,-0.89797366,-1.1179737,-0.84797364,-1.4479736,-0.8179736,-1.2279736,-2.1379735,-0.8079736,-0.90797365
-0.6779736,-0.36797363,0.7520264,0.54202634,0.072026365,-0.007973633,0.7420264,1.1320263,2.6720264,2.5820265,1.4720263,2.8120263,2.6620264,2.9020264,3.7520263,3.4720263,3.7220263,4.112026,3.5720263,4.1620264,3.6320264,5.2920265,4.672026,4.172026,3.4420264,1.1420264,1.5520264,1.0520264,0.60202634,0.6920264,0.7420264,-0.12797363,0.16202636,0.05202637,-0.007973633,0.17202637,-0.9379736,0.26202637,-0.33797362,-0.29797363,-1.5979736
