wind_kz.json
{"header": {"discipline":0,"disciplineName":"Meteorological products","gribEdition":2,"gribLength":1025,"center":7,"centerName":"US National Weather Service - NCEP(WMC)","subcenter":0,"refTime":"2023-08-23T06:00:00.000Z","significanceOfRT":1,"significanceOfRTName":"Start of forecast","productStatus":0,"productStatusName":"Operational products","productType":1,"productTypeName":"Forecast products","productDefinitionTemplate":0,"productDefinitionTemplateName":"Analysis/forecast at horizontal level/layer at a point in time","parameterCategory":2,"parameterCategoryName":"UnknownDiscipline_0_Category_2","parameterNumber":3,"parameterNumberName":"UnknownParameter_D0_C2_3","parameterUnit":"Unknown","genProcessType":2,"genProcessTypeName":"Forecast","forecastTime":180,"surface1Type":103,"surface1TypeName":"Specified height level above ground","surface1Value":10.0,"surface2Type":255,"surface2TypeName":"Missing","surface2Value":0.0,"gridDefinitionTemplate":0,"gridDefinitionTemplateName":"Latitude_Longitude","numberPoints":615,"shape":6,"shapeName":"Earth spherical with radius of 6,371,229.0 m","gridUnits":"degrees","resolution":48,"winds":"true","scanMode":64,"nx":41,"ny":15,"basicAngle":0,"lo1":47.0,"la1":41.0,"lo2":87.0,"la2":55.0,"dx":1.0,"dy":1.0}, "data":
[rows 0 to 14 of 15, columns 0 to 40 of 41]
1.0144849,0.9444849,0.34448487,-6.2255154,-6.945515,-5.8055153,-5.835515,-6.985515,-6.895515,-5.385515,-5.0155153,-3.9655151,-1.2755151,-2.055515,-2.8555152,-2.775515,-2.2055151,-2.6155152,-3.795515,-3.055515,-0.82551515,-1.3655151,-2.4555151,0.0044848635,1.0344849,2.744485,1.8744849,2.5944848,1.8944849,2.764485,1.9844849,-0.115515135,0.9544849,1.2944849,1.0544848,2.484485,-0.16551514,1.4844849,-0.41551512,-3.535515,0.34448487
1.6544849,1.4944849,-2.9455152,-3.8755152,-5.485515,-6.2655153,-4.2855153,-4.355515,-4.3055153,-3.1755152,-1.7855152,-2.3555152,-2.065515,-2.045515,-3.035515,-4.505515,-4.8455153,-2.3655152,-4.235515,-4.3255153,-4.195515,0.90448487,1.6044849,2.0444849,3.0444849,-0.0055151368,-0.37551513,3.0544848,0.12448487,2.3144848,0.97448486,4.064485,1.4544848,0.21448487,0.98448485,-0.95551515,-1.2155151,-2.815515,-1.5555152,-1.9855151,1.2644849
2.704485,2.0444849,-0.9955151,-5.135515,-7.145515,-5.7855153,-5.875515,-6.105515,-5.8255153,-5.235515,-3.8855152,-3.045515,-2.8955152,-1.5655152,-1.1455151,-2.555515,-2.3555152,-1.6655152,-2.825515,-3.545515,-3.9255152,-2.6655152,0.15448487,1.3244848,-1.4855151,-0.93551517,1.7444849,-0.7255151,1.6244849,2.744485,2.5544848,2.5244849,2.6144848,-1.9655151,-0.70551515,2.454485,-0.62551516,0.43448487,0.67448485,0.86448485,1.5144849
2.2844849,2.3344848,-0.9755151,-2.545515,-3.295515,-3.505515,-3.745515,-3.8955152,-2.825515,-2.275515,-2.585515,-2.065515,-4.855515,-2.8655152,2.734485,1.9444848,-0.33551514,-0.6755151,-0.90551513,-0.7355151,-2.275515,-0.28551513,-3.025515,2.3644848,1.9744849,2.224485,1.4944849,-1.7155151,-3.745515,-5.935515,-8.535515,-5.815515,0.23448487,3.264485,-1.4555151,-2.4355152,1.0144849,1.7644849,1.4944849,1.9544848,1.8144848
2.714485,3.1544847,0.68448484,-3.9655151,-2.7155151,1.4144849,-0.075515136,-0.84551513,-2.515515,-4.655515,-5.355515,-5.2655153,-8.335515,-6.635515,-1.2355151,0.7144849,0.66448486,0.90448487,1.2644849,0.5844849,-0.35551512,-1.2455151,-0.025515137,-1.7355151,1.8544849,2.8344848,2.254485,0.47448486,-2.3455153,-5.675515,-7.235515,-5.405515,-1.4855151,3.1544847,-0.33551514,-2.3755152,-0.26551515,-1.5955151,-3.265515,-3.7155151,-2.265515
-1.7555151,0.25448486,-4.4755154,-7.115515,-7.905515,-8.0655155,-4.675515,-2.3455153,-3.3455153,-3.985515,-6.5155153,-7.195515,-6.5955153,-5.2655153,-3.005515,-0.6655151,0.43448487,1.9344848,2.3244848,0.92448485,0.62448484,1.0444849,2.0844848,2.2844849,0.46448487,2.694485,3.6444848,5.854485,3.1244848,-2.575515,-5.295515,-5.7255154,-4.4755154,0.33448488,3.264485,-1.4855151,1.4544848,2.714485,-1.4455152,-3.315515,-3.3855152
-0.65551513,-2.495515,-2.8755152,-3.065515,-3.3655152,-3.075515,-2.9355152,-1.2955152,-3.3455153,-2.4555151,-3.985515,-3.785515,-4.115515,-3.9655151,-2.6055152,-2.545515,0.48448485,1.4844849,1.7144848,2.6344848,1.8144848,1.4844849,2.8644848,2.5844848,1.4444848,1.8344848,4.7744846,4.514485,1.3044848,2.0644848,-2.6355152,-5.5955153,-2.555515,-6.7255154,-0.56551516,-0.115515135,-1.5455152,1.2144848,1.4644848,0.094484866,0.87448484
-2.245515,-1.0255151,-2.545515,-3.055515,-2.8955152,-3.1055152,-3.1255152,-1.6455151,-0.68551517,0.014484864,-0.8055151,-3.1455152,-3.835515,-2.1255152,-3.1855152,-0.93551517,0.0044848635,2.1244848,2.8444848,1.9944849,3.1344848,1.9144849,3.484485,2.8444848,3.664485,3.214485,1.2044848,6.534485,4.384485,3.434485,1.6044849,-0.085515134,-2.325515,-1.1255151,-0.28551513,0.48448485,-5.945515,3.3044848,-2.4255152,-0.89551514,-2.815515
-3.1855152,-2.995515,-1.9455152,-2.765515,-2.495515,-2.555515,-2.755515,-2.325515,-1.8855151,-1.5855151,-0.35551512,-3.4455152,-4.415515,-2.9455152,-1.8355151,-0.39551514,1.1744848,2.6344848,3.0944848,3.7844849,3.3944848,4.144485,5.044485,3.444485,4.284485,4.814485,4.124485,2.464485,6.104485,4.184485,3.3844848,4.6744847,2.254485,1.5544848,-2.1955152,-2.1455152,-3.6655152,1.1744848,1.1944848,0.5744849,-1.7655151
-2.055515,-1.4855151,-2.2055151,-2.795515,-2.7055151,-2.555515,-2.995515,-2.8655152,-3.4755151,-0.44551513,-2.1255152,-7.275515,-3.1455152,-3.4455152,-3.735515,-3.1755152,0.36448488,0.5144849,1.1144849,0.9644849,0.9444849,4.684485,5.664485,5.4444847,5.374485,4.914485,5.4644847,3.5544848,1.9444848,3.5944848,1.6544849,4.9844847,4.0244846,3.3844848,1.2244849,0.54448485,0.054484863,-3.295515,-0.69551516,3.434485,2.994485
-2.6655152,-3.075515,-2.3455153,-2.485515,-3.575515,-2.735515,-2.9255152,-3.035515,-1.3755151,-2.6955152,-3.8655152,-4.905515,-2.6155152,-4.355515,-4.735515,-4.5355153,-4.405515,-0.96551514,2.1244848,4.0244846,4.2144847,3.8044848,5.974485,7.1944847,6.564485,6.7744846,4.914485,4.974485,2.6244848,1.9544848,0.73448485,4.414485,3.954485,3.3944848,2.234485,1.9644848,-0.09551514,3.0944848,1.2044848,1.5844848,0.32448485
-1.3355151,-2.6655152,-1.5355152,-3.055515,-2.755515,-2.8855152,-2.255515,-2.055515,-0.22551514,-4.185515,-4.695515,-4.7255154,-3.255515,-3.815515,-4.0555153,-3.485515,-3.995515,-4.025515,-3.315515,-0.42551515,4.084485,3.664485,7.4444847,7.9044847,7.9644847,7.2144847,4.814485,5.094485,2.434485,3.8744848,0.90448487,-1.8555151,4.6544847,2.944485,-0.31551513,-4.0555153,2.2744849,3.5744848,3.0844848,2.6344848,1.0844848
-1.1255151,-1.3655151,-1.6455151,-1.5655152,-2.6955152,-2.1555152,-1.6555152,-1.4355152,0.034484863,-1.6455151,-1.4755151,-1.8755151,-1.7255151,-3.035515,-3.4555151,-4.045515,-4.045515,-4.2855153,-4.7855153,-3.9355152,0.08448486,2.204485,5.244485,7.584485,6.744485,6.2144847,3.8244848,3.8244848,3.8744848,3.934485,0.31448486,-3.4755151,3.414485,3.474485,-2.6955152,-0.9255151,2.444485,0.9644849,1.1644849,0.7644849,0.47448486
-2.985515,-3.015515,-2.805515,-2.6155152,-2.2155151,-2.015515,-1.2355151,-2.3855152,-0.115515135,-0.69551516,-1.2855152,-0.32551515,-3.525515,-2.5955153,-3.1155152,-3.6255152,-3.6755152,-3.4055152,-4.0155153,-2.6555152,-1.8155152,0.23448487,3.5444849,5.284485,4.954485,6.094485,3.974485,3.5444849,3.5944848,1.8844849,-0.42551515,-2.525515,2.8944848,-0.38551512,-3.235515,2.7944849,1.4044849,-0.06551514,0.22448486,0.044484865,-0.10551514
-1.5255151,-4.9755154,-4.485515,-2.7055151,-4.185515,-2.3855152,-2.3755152,-1.7355151,-3.295515,0.17448486,-0.7455151,-2.6055152,-2.295515,-2.6555152,-3.1455152,-2.9555151,-3.015515,-4.115515,-3.1655152,-1.8755151,-3.235515,-1.5255151,2.724485,2.424485,3.0744848,2.5244849,4.0044847,2.914485,2.514485,3.0244849,2.984485,0.7544849,1.5144849,-1.9055152,1.4044849,3.0944848,1.6044849,1.8044848,1.1744848,0.0044848635,-0.12551513
