wind_kz.json
{"header": {"discipline":0,"disciplineName":"Meteorological products","gribEdition":2,"gribLength":948,"center":7,"centerName":"US National Weather Service - NCEP(WMC)","subcenter":0,"refTime":"2023-09-21T12:00:00.000Z","significanceOfRT":1,"significanceOfRTName":"Start of forecast","productStatus":0,"productStatusName":"Operational products","productType":1,"productTypeName":"Forecast products","productDefinitionTemplate":0,"productDefinitionTemplateName":"Analysis/forecast at horizontal level/layer at a point in time","parameterCategory":0,"parameterCategoryName":"UnknownDiscipline_0_Category_0","parameterNumber":0,"parameterNumberName":"UnknownParameter_D0_C0_0","parameterUnit":"Unknown","genProcessType":2,"genProcessTypeName":"Forecast","forecastTime":120,"surface1Type":1,"surface1TypeName":"Ground or water surface","surface1Value":0.0,"surface2Type":255,"surface2TypeName":"Missing","surface2Value":0.0,"gridDefinitionTemplate":0,"gridDefinitionTemplateName":"Latitude_Longitude","numberPoints":615,"shape":6,"shapeName":"Earth spherical with radius of 6,371,229.0 m","gridUnits":"degrees","resolution":48,"winds":"true","scanMode":64,"nx":41,"ny":15,"basicAngle":0,"lo1":47.0,"la1":41.0,"lo2":87.0,"la2":55.0,"dx":1.0,"dy":1.0}, "data":
[rows 0 to 14 of 15, columns 0 to 40 of 41]
300.66772,287.9677,294.16772,294.76773,294.76773,294.16772,304.16772,310.86774,307.66772,307.9677,305.06772,305.56772,304.76773,304.76773,304.76773,304.66772,305.36774,305.36774,305.16772,305.06772,306.76773,303.26773,303.66772,297.9677,300.26773,302.36774,297.36774,284.66772,282.36774,281.26773,279.9677,279.9677,288.36774,295.26773,296.9677,296.26773,296.36774,294.9677,292.86774,292.86774,291.9677
275.86774,293.4677,293.9677,294.26773,294.26773,292.86774,309.9677,306.76773,305.16772,304.66772,305.56772,304.26773,304.16772,303.86774,304.66772,304.9677,304.56772,304.56772,303.16772,303.86774,304.26773,303.16772,301.26773,292.06772,283.4677,282.4677,290.26773,284.36774,285.16772,277.4677,282.76773,266.36774,283.26773,254.26773,278.4677,291.86774,290.66772,292.4677,295.26773,287.76773,284.26773
301.06772,293.36774,293.86774,293.4677,292.36774,305.86774,303.9677,304.56772,303.9677,303.06772,301.56772,302.36774,301.86774,303.06772,302.56772,302.9677,302.86774,302.66772,303.26773,303.66772,303.16772,301.86774,302.36774,293.56772,297.26773,295.16772,296.4677,294.36774,293.4677,284.4677,273.86774,276.66772,283.36774,283.86774,284.26773,282.9677,274.56772,278.06772,279.66772,273.76773,267.56772
301.06772,292.76773,294.16772,293.36774,296.4677,303.9677,303.76773,303.66772,304.06772,303.4677,301.76773,299.26773,291.66772,291.06772,303.06772,302.76773,301.56772,301.86774,302.4677,302.06772,301.16772,295.26773,298.86774,298.66772,298.56772,297.9677,298.16772,294.56772,291.86774,294.36774,295.56772,292.16772,296.86774,294.16772,293.16772,287.9677,274.9677,269.06772,278.86774,285.66772,289.66772
301.16772,292.26773,293.06772,292.36774,297.66772,303.4677,303.26773,303.06772,301.86774,302.86774,302.4677,300.16772,290.66772,289.76773,288.56772,302.56772,302.16772,300.76773,300.86774,300.26773,300.56772,300.66772,299.56772,298.9677,298.06772,296.9677,294.26773,293.86774,295.36774,294.86774,296.9677,293.26773,281.9677,273.16772,282.86774,290.06772,292.66772,293.36774,293.56772,293.16772,292.76773
302.16772,300.86774,291.4677,292.26773,292.36774,292.06772,304.06772,304.06772,301.86774,302.36774,302.26773,301.86774,292.36774,290.66772,296.16772,300.86774,301.9677,301.56772,301.26773,301.06772,299.9677,298.86774,298.4677,297.9677,297.66772,295.26773,294.66772,288.36774,295.76773,295.66772,293.4677,294.66772,293.86774,291.16772,286.66772,290.76773,282.56772,284.9677,291.26773,290.76773,290.86774
304.56772,304.26773,304.06772,305.26773,300.66772,304.66772,304.66772,303.06772,303.4677,302.86774,301.9677,300.86774,300.36774,300.26773,300.4677,300.86774,301.36774,301.56772,301.16772,299.66772,298.76773,298.66772,298.36774,297.76773,295.9677,295.86774,295.76773,296.56772,295.4677,295.56772,294.16772,293.66772,293.4677,294.06772,291.76773,289.16772,284.06772,279.86774,274.4677,274.26773,285.9677
306.16772,306.16772,306.76773,306.16772,305.9677,305.9677,305.9677,304.4677,303.26773,302.36774,301.36774,300.06772,299.4677,298.86774,299.86774,300.06772,299.4677,300.66772,300.26773,297.76773,297.06772,296.9677,296.4677,295.66772,294.4677,290.66772,290.66772,293.16772,291.56772,292.36774,291.06772,291.56772,289.56772,287.76773,287.26773,288.16772,288.36774,287.36774,286.66772,286.36774,280.86774
302.4677,302.86774,304.26773,304.76773,305.26773,304.86774,305.56772,304.86774,304.06772,302.86774,301.66772,301.16772,299.56772,299.86774,298.9677,300.06772,298.9677,299.16772,297.9677,296.9677,292.06772,293.16772,292.36774,291.66772,289.9677,291.26773,289.16772,289.86774,288.9677,286.9677,287.76773,287.86774,288.66772,288.36774,287.36774,285.16772,284.76773,282.16772,270.9677,272.56772,269.06772
301.56772,302.66772,302.26773,303.56772,301.86774,303.76773,303.66772,303.36774,302.4677,301.86774,300.86774,297.86774,300.26773,299.06772,298.56772,298.36774,297.86774,299.06772,298.06772,297.76773,292.4677,292.06772,293.76773,293.9677,293.36774,290.86774,291.56772,291.36774,288.9677,288.9677,289.56772,290.36774,291.06772,290.16772,288.26773,285.9677,283.56772,278.06772,273.86774,274.26773,273.26773
299.76773,300.4677,299.4677,300.86774,301.86774,301.36774,301.4677,302.36774,300.76773,295.9677,298.16772,295.56772,298.9677,297.86774,295.4677,298.36774,298.26773,298.66772,297.86774,296.06772,296.36774,295.66772,294.76773,294.56772,293.86774,293.76773,291.06772,293.06772,292.06772,292.76773,292.4677,292.26773,290.56772,291.56772,289.16772,285.16772,281.16772,276.06772,275.06772,275.4677,273.16772
299.4677,299.16772,299.9677,298.66772,297.66772,298.26773,297.16772,298.06772,298.86774,297.86774,294.9677,295.4677,296.9677,293.36774,296.16772,296.76773,296.56772,296.9677,296.9677,296.06772,294.4677,293.66772,293.4677,293.86774,293.06772,294.16772,293.36774,293.76773,293.16772,292.86774,291.76773,291.36774,291.06772,288.66772,289.66772,289.4677,286.76773,285.26773,283.16772,281.66772,280.26773
294.9677,296.56772,296.66772,297.16772,296.56772,296.06772,295.76773,295.76773,294.9677,293.4677,290.9677,290.4677,294.36774,293.4677,294.76773,295.36774,295.76773,295.36774,295.9677,294.76773,294.56772,292.76773,291.9677,291.66772,292.76773,293.36774,294.06772,293.06772,292.86774,291.4677,291.36774,290.76773,290.56772,289.36774,289.4677,288.06772,285.9677,285.86774,282.76773,279.9677,278.36774
295.66772,295.06772,291.56772,295.86774,294.86774,294.9677,293.86774,292.4677,292.9677,292.86774,289.9677,288.36774,289.76773,288.4677,291.16772,292.4677,292.9677,293.06772,294.06772,294.16772,294.56772,293.76773,294.16772,293.4677,293.4677,293.26773,292.76773,292.9677,291.66772,290.56772,289.9677,289.06772,288.4677,287.16772,287.36774,285.26773,285.66772,283.26773,281.26773,277.9677,278.06772
292.86774,295.16772,287.26773,294.4677,294.86774,293.9677,293.06772,292.86774,293.56772,293.4677,291.36774,288.4677,284.86774,285.56772,286.06772,289.66772,289.76773,291.06772,292.76773,293.06772,294.16772,293.86774,293.86774,292.76773,291.9677,292.06772,291.66772,291.06772,290.4677,289.86774,289.26773,285.66772,287.66772,287.06772,285.56772,285.36774,286.76773,283.9677,280.16772,278.66772,278.76773
