wind.json
{"header": {"discipline":0,"disciplineName":"Meteorological products","gribEdition":2,"gribLength":1125,"center":7,"centerName":"US National Weather Service - NCEP(WMC)","subcenter":0,"refTime":"2023-06-28T00:00:00.000Z","significanceOfRT":1,"significanceOfRTName":"Start of forecast","productStatus":0,"productStatusName":"Operational products","productType":1,"productTypeName":"Forecast products","productDefinitionTemplate":0,"productDefinitionTemplateName":"Analysis/forecast at horizontal level/layer at a point in time","parameterCategory":2,"parameterCategoryName":"UnknownDiscipline_0_Category_2","parameterNumber":3,"parameterNumberName":"UnknownParameter_D0_C2_3","parameterUnit":"Unknown","genProcessType":2,"genProcessTypeName":"Forecast","forecastTime":0,"surface1Type":103,"surface1TypeName":"Specified height level above ground","surface1Value":10.0,"surface2Type":255,"surface2TypeName":"Missing","surface2Value":0.0,"gridDefinitionTemplate":0,"gridDefinitionTemplateName":"Latitude_Longitude","numberPoints":688,"shape":6,"shapeName":"Earth spherical with radius of 6,371,229.0 m","gridUnits":"degrees","resolution":48,"winds":"true","scanMode":64,"nx":43,"ny":16,"basicAngle":0,"lo1":45.0,"la1":40.0,"lo2":87.0,"la2":55.0,"dx":1.0,"dy":1.0}, "data":
[rows 0 to 15 of 16, columns 0 to 42 of 43]
-2.809331,2.600669,0.91066897,2.510669,0.030668946,-9.639331,-8.189331,-5.779331,-6.309331,-5.139331,-0.51933104,-0.18933105,-0.33933106,-1.1393311,-2.959331,-3.989331,-4.929331,-5.9493313,-4.749331,-7.109331,-6.809331,-1.709331,-0.87933105,0.93066895,2.850669,2.280669,1.7306689,2.1706688,1.2106689,-0.09933105,1.8506689,0.5906689,-1.3793311,-2.219331,-1.439331,-2.5693312,-1.1393311,1.6006689,1.560669,2.210669,1.780669,1.420669,0.42066896
1.6206689,-1.999331,-1.7593311,-2.709331,-0.23933105,-7.139331,-5.649331,-5.019331,-2.8493311,-1.7793311,0.40066895,0.9006689,-0.8593311,-0.86933106,-1.5393311,-2.529331,-3.919331,-3.979331,-4.049331,-2.549331,-3.709331,-2.8293312,-2.549331,-5.979331,-2.649331,-1.729331,-1.1493311,-0.61933106,-1.329331,1.560669,0.7706689,2.700669,-0.40933105,-0.87933105,1.190669,-0.9193311,-2.3293312,0.23066895,0.79066896,0.18066895,1.130669,-0.28933105,1.800669
-0.42933106,-4.679331,3.250669,1.0906689,-4.139331,-6.229331,-6.299331,-4.749331,-2.5693312,3.1806688,1.300669,1.2006689,0.57066894,-1.059331,-1.469331,-1.209331,-3.3493311,-3.779331,-2.8593311,-3.239331,-4.1993313,-4.409331,-4.749331,-4.409331,-2.539331,1.3406689,-2.479331,-0.8593311,-1.8893311,2.040669,0.8906689,2.550669,3.750669,4.770669,0.42066896,-0.28933105,-1.8993311,-0.93933105,-1.309331,-0.61933106,-0.23933105,0.37066895,0.76066893
-0.049331054,0.76066893,-0.44933105,-6.299331,-3.259331,-5.579331,-4.7193313,-5.759331,-4.329331,-3.449331,1.500669,0.36066896,-0.5993311,-0.35933104,-1.5393311,-2.0893312,-3.5793312,-4.429331,-3.949331,-3.6093311,-4.029331,-4.939331,-5.109331,-2.729331,-5.629331,-1.5193311,-0.48933107,-0.34933105,0.24066895,-0.079331055,-0.059331056,2.690669,3.040669,1.4906689,2.210669,-1.469331,0.0106689455,2.440669,5.180669,0.45066893,0.69066894,0.66066897,0.88066894
-0.35933104,-1.689331,-0.51933104,-2.989331,-2.879331,-2.3393312,0.22066894,1.800669,1.260669,-4.059331,0.8906689,0.82066894,0.70066893,-0.15933105,-1.349331,-2.409331,-3.409331,-2.429331,-2.439331,-2.889331,-4.349331,-4.759331,-4.749331,-2.299331,-2.229331,-3.879331,-3.499331,-2.719331,-3.029331,-2.509331,-0.9793311,-0.039331056,-0.94933105,-1.9193311,-0.92933106,-1.869331,-0.99933106,-2.8693311,-1.229331,2.790669,4.490669,2.230669,1.050669
-3.179331,-2.939331,6.689453E-4,1.3606689,-1.609331,0.50066894,0.5806689,0.030668946,-0.50933105,1.670669,0.51066893,-0.40933105,-0.12933105,-1.489331,-2.409331,-0.89933103,-0.92933106,-2.0693312,-2.649331,-3.459331,-3.509331,-4.849331,-4.789331,-2.1093311,-2.5793312,-1.9193311,-1.7693311,-2.769331,-2.239331,-2.469331,-2.899331,-2.8693311,-1.1393311,-0.86933106,2.940669,4.310669,-1.219331,-1.349331,0.63066894,-0.48933107,0.54066896,1.9506689,-0.32933104
-0.67933106,-1.249331,3.1406689,2.700669,2.4106688,0.99066895,0.30066895,2.090669,2.350669,0.92066896,0.68066895,0.67066896,-1.0393311,-0.20933105,-1.2993311,-1.219331,-0.9093311,-2.939331,-2.879331,-4.099331,-5.179331,-3.659331,-5.099331,-4.019331,-1.7793311,-2.659331,-2.469331,-0.7293311,-0.16933106,-2.159331,-3.049331,-1.839331,-0.9793311,1.5906689,-0.31933105,3.040669,3.250669,1.280669,4.520669,5.500669,-0.35933104,-1.1293311,1.7206689
0.08066895,1.940669,3.6806688,3.320669,2.480669,2.000669,1.910669,1.000669,0.030668946,-0.98933107,-1.6293311,1.0906689,0.5206689,0.5906689,-0.32933104,-1.5193311,-0.42933106,-1.749331,-2.1193311,-2.889331,-3.5793312,-2.8293312,-2.959331,-4.729331,-4.7193313,-3.6093311,-2.929331,-1.999331,-1.619331,-1.7893311,0.48066893,-0.50933105,-2.899331,-0.45933107,3.6606688,3.8806689,0.80066895,0.32066894,-2.3293312,1.540669,2.460669,0.91066897,4.120669
1.5806689,4.110669,3.4106688,3.020669,2.9206688,2.850669,1.6106689,0.80066895,0.48066893,0.19066894,0.36066896,0.8306689,1.380669,0.67066896,-2.039331,-2.8393312,-2.449331,-2.879331,-2.199331,-2.689331,-2.919331,-2.8693311,-4.9893312,-4.509331,-3.889331,-4.059331,-2.3693311,-1.3993311,-1.689331,-2.5893312,-0.26933107,1.2306689,1.170669,-0.57933104,1.630669,3.730669,7.230669,3.300669,-0.18933105,1.290669,-0.5393311,1.3506689,-1.8793311
3.720669,2.830669,3.3806689,5.3006687,2.990669,2.810669,1.940669,1.250669,0.85066897,0.12066895,-0.95933104,-0.57933104,2.090669,0.31066895,-1.459331,-2.229331,-2.779331,-2.409331,-3.039331,-2.949331,-2.879331,-2.769331,-2.389331,-4.049331,-4.609331,-3.809331,-1.9293311,-1.0093311,-0.40933105,1.6106689,1.7206689,1.7206689,4.090669,4.070669,3.040669,3.3906689,3.1506689,3.320669,0.25066894,4.920669,2.950669,2.340669,0.100668944
1.140669,2.070669,5.210669,4.790669,0.47066894,0.23066895,1.760669,1.400669,1.540669,0.020668946,-1.3793311,-1.119331,-0.34933105,1.050669,-0.61933106,-1.959331,-2.449331,-2.779331,-2.8693311,-2.439331,-2.399331,-2.639331,-2.689331,-3.419331,-4.959331,-4.729331,-3.0693312,-0.88933104,0.18066895,-0.46933106,1.2106689,4.310669,4.070669,6.140669,4.920669,4.120669,3.030669,3.540669,1.890669,-1.849331,0.69066894,5.400669,4.150669
-0.25933105,-2.0893312,-0.19933106,5.200669,3.4106688,1.810669,1.2206689,1.750669,1.670669,1.7306689,-1.2893311,-2.0893312,-1.439331,0.30066895,-0.20933105,-1.869331,-1.869331,-2.019331,-2.6093311,-2.459331,-2.659331,-2.779331,-3.3693311,-4.049331,-4.399331,-5.629331,-4.099331,-2.659331,-1.339331,0.040668946,0.34066895,1.880669,4.190669,5.870669,5.220669,3.560669,5.080669,3.330669,2.600669,2.980669,1.750669,1.790669,1.0706689
1.140669,0.030668946,-1.0193311,1.1006689,0.99066895,1.770669,1.390669,0.720669,0.29066893,0.38066894,-0.26933107,-1.1293311,-1.319331,-2.039331,-0.99933106,-1.7693311,-1.559331,-1.109331,-1.809331,-2.8393312,-1.869331,-2.919331,-3.159331,-5.809331,-6.089331,-6.389331,-5.069331,-4.659331,-4.389331,-1.719331,0.21066895,-0.08933105,3.850669,7.310669,5.150669,5.340669,4.440669,4.590669,6.080669,4.820669,2.3806689,2.020669,0.68066895
3.260669,2.800669,-0.079331055,-0.17933105,-0.26933107,0.69066894,0.18066895,0.30066895,-0.08933105,0.5806689,0.25066894,0.7706689,-0.039331056,-0.779331,-0.29933107,-2.259331,-2.129331,-0.6593311,-1.9093311,-2.3193312,-3.0993311,-2.719331,-3.3593311,-4.339331,-5.139331,-6.999331,-6.299331,-6.179331,-5.4693313,-2.659331,-0.99933106,-1.499331,2.250669,4.640669,4.600669,6.7606688,6.210669,6.110669,5.630669,3.570669,4.3006687,0.21066895,1.1106689
0.18066895,0.5206689,0.43066895,1.4606689,0.060668945,0.5806689,-0.50933105,0.8306689,-0.009331055,0.20066895,0.8906689,1.2106689,1.4806689,0.13066894,-0.54933107,-1.4293311,-1.819331,-2.239331,-1.829331,-2.5993311,-2.539331,-3.789331,-3.8493311,-4.349331,-5.4693313,-6.4493313,-7.019331,-6.809331,-6.919331,-4.599331,-1.339331,1.900669,-2.3393312,3.4006689,4.440669,4.570669,4.370669,5.060669,3.4206688,2.020669,6.140669,4.250669,1.1106689
-0.18933105,0.55066895,0.49066895,0.85066897,-0.33933106,0.9606689,0.5806689,0.29066893,0.25066894,0.5906689,-0.69933105,-0.19933106,1.6106689,1.060669,1.550669,-0.74933106,-2.149331,-2.229331,-2.469331,-2.659331,-2.559331,-3.259331,-3.449331,-4.539331,-5.759331,-6.049331,-6.629331,-6.879331,-6.709331,-4.769331,-2.179331,0.87066895,-1.3993311,-0.31933105,2.820669,3.700669,2.720669,4.0306687,4.160669,1.790669,4.330669,3.800669,0.20066895
