wind_kz.json
{"header": {"discipline":0,"disciplineName":"Meteorological products","gribEdition":2,"gribLength":871,"center":7,"centerName":"US National Weather Service - NCEP(WMC)","subcenter":0,"refTime":"2023-08-06T18:00:00.000Z","significanceOfRT":1,"significanceOfRTName":"Start of forecast","productStatus":0,"productStatusName":"Operational products","productType":1,"productTypeName":"Forecast products","productDefinitionTemplate":0,"productDefinitionTemplateName":"Analysis/forecast at horizontal level/layer at a point in time","parameterCategory":0,"parameterCategoryName":"UnknownDiscipline_0_Category_0","parameterNumber":0,"parameterNumberName":"UnknownParameter_D0_C0_0","parameterUnit":"Unknown","genProcessType":2,"genProcessTypeName":"Forecast","forecastTime":240,"surface1Type":1,"surface1TypeName":"Ground or water surface","surface1Value":0.0,"surface2Type":255,"surface2TypeName":"Missing","surface2Value":0.0,"gridDefinitionTemplate":0,"gridDefinitionTemplateName":"Latitude_Longitude","numberPoints":615,"shape":6,"shapeName":"Earth spherical with radius of 6,371,229.0 m","gridUnits":"degrees","resolution":48,"winds":"true","scanMode":64,"nx":41,"ny":15,"basicAngle":0,"lo1":47.0,"la1":41.0,"lo2":87.0,"la2":55.0,"dx":1.0,"dy":1.0}, "data":
[rows 0 to 14 of 15, columns 0 to 40 of 41]
301.0556,289.85562,291.7556,297.95563,297.45563,296.95563,300.35562,306.1556,305.7556,308.0556,305.2556,307.95563,306.95563,307.0556,305.0556,302.45563,302.45563,302.6556,302.2556,302.7556,302.2556,298.5556,298.45563,290.45563,294.95563,295.0556,292.5556,278.0556,278.7556,281.0556,281.45563,283.7556,292.45563,298.95563,300.7556,300.85562,300.1556,300.0556,298.5556,297.5556,297.7556
278.95563,293.0556,297.95563,298.2556,298.45563,296.6556,304.1556,304.45563,303.95563,305.85562,305.6556,304.1556,301.95563,303.5556,301.7556,301.2556,301.85562,301.7556,300.2556,300.1556,299.45563,300.35562,297.7556,288.5556,280.1556,279.0556,288.1556,277.1556,281.1556,272.7556,280.35562,275.45563,285.6556,265.7556,280.45563,296.6556,295.45563,297.5556,299.2556,292.45563,283.95563
295.95563,298.35562,298.7556,298.7556,296.45563,304.1556,303.85562,303.6556,304.0556,303.7556,302.85562,302.85562,298.95563,300.5556,302.0556,300.2556,299.35562,298.2556,298.2556,299.1556,299.1556,299.35562,298.0556,292.7556,297.0556,295.1556,295.2556,293.45563,291.95563,284.2556,275.6556,276.7556,283.35562,283.35562,285.1556,287.35562,277.2556,279.0556,281.0556,276.1556,277.7556
295.45563,298.6556,299.0556,298.35562,298.45563,301.0556,301.35562,302.0556,302.35562,302.0556,301.95563,299.35562,296.95563,295.95563,298.6556,297.85562,299.95563,299.0556,298.45563,299.0556,297.0556,292.7556,300.1556,300.6556,299.5556,300.35562,300.95563,297.6556,295.2556,296.45563,293.5556,291.85562,292.45563,292.2556,290.5556,290.2556,276.35562,277.5556,282.85562,290.7556,293.35562
300.5556,299.0556,299.45563,299.1556,299.5556,300.5556,301.0556,302.0556,301.45563,301.85562,301.95563,300.0556,297.5556,296.2556,293.0556,298.5556,299.7556,298.85562,296.45563,300.6556,300.85562,299.7556,299.2556,299.6556,301.35562,301.6556,297.35562,297.85562,297.1556,297.0556,300.0556,293.0556,282.5556,273.2556,281.95563,292.1556,295.2556,299.1556,299.2556,298.85562,299.0556
300.45563,297.85562,298.95563,299.0556,299.1556,298.5556,299.7556,301.0556,301.6556,301.5556,300.45563,300.2556,296.6556,296.35562,296.1556,296.6556,299.95563,299.6556,299.85562,300.7556,300.85562,300.1556,298.35562,299.35562,300.35562,299.2556,301.6556,294.2556,299.95563,300.85562,297.95563,298.2556,294.0556,290.45563,290.2556,292.95563,286.35562,289.6556,295.95563,297.45563,297.2556
298.7556,297.45563,299.95563,300.35562,299.1556,297.5556,297.85562,297.7556,298.35562,299.35562,299.1556,298.35562,298.85562,299.95563,299.95563,300.5556,300.6556,301.0556,299.6556,299.0556,298.7556,299.7556,299.35562,299.1556,297.7556,298.5556,299.5556,299.6556,299.5556,298.1556,297.2556,296.7556,295.45563,295.5556,291.7556,289.85562,286.6556,283.45563,279.6556,280.0556,292.7556
298.45563,297.6556,298.95563,298.35562,300.0556,299.35562,298.7556,297.45563,296.7556,296.45563,295.2556,295.1556,295.35562,297.85562,299.85562,302.1556,303.45563,302.5556,300.0556,296.45563,296.35562,295.85562,296.45563,296.35562,295.5556,292.5556,293.6556,296.2556,294.6556,294.95563,293.95563,294.7556,292.95563,288.5556,287.45563,292.1556,292.2556,289.2556,290.45563,290.0556,288.0556
296.6556,296.35562,297.35562,294.95563,297.1556,296.45563,295.85562,297.35562,295.5556,294.0556,292.7556,292.85562,293.0556,295.45563,296.7556,296.5556,300.1556,299.1556,299.45563,296.6556,292.6556,293.1556,292.85562,294.35562,290.5556,292.7556,288.45563,287.1556,289.5556,288.7556,290.45563,290.85562,293.2556,292.1556,291.5556,288.6556,287.7556,288.5556,274.2556,276.7556,274.35562
293.2556,294.5556,296.1556,293.85562,297.35562,297.85562,294.0556,293.7556,295.45563,291.85562,290.6556,290.5556,291.35562,292.85562,292.7556,294.2556,294.6556,297.5556,296.45563,295.95563,296.0556,293.6556,294.2556,294.1556,291.6556,288.85562,289.7556,290.0556,289.0556,288.1556,292.7556,292.2556,295.5556,295.5556,295.95563,292.95563,290.0556,282.5556,278.95563,279.35562,277.35562
293.1556,296.0556,292.85562,292.7556,294.85562,295.5556,291.95563,292.95563,293.95563,288.85562,288.5556,288.2556,291.1556,290.5556,290.7556,291.85562,292.35562,292.45563,292.0556,290.0556,290.2556,292.85562,290.5556,289.7556,289.5556,289.7556,288.2556,290.85562,291.45563,292.5556,293.6556,293.5556,291.95563,297.6556,298.0556,289.1556,286.6556,281.35562,280.35562,283.2556,278.7556
288.85562,290.5556,294.85562,293.0556,290.0556,292.85562,288.45563,291.1556,288.0556,286.95563,284.1556,285.0556,288.35562,288.95563,289.1556,289.2556,289.95563,292.1556,289.7556,289.95563,288.45563,287.85562,289.7556,291.85562,287.95563,287.7556,287.7556,289.7556,291.0556,294.95563,294.6556,292.85562,294.6556,286.7556,286.7556,287.2556,289.0556,288.5556,286.5556,285.6556,285.1556
291.1556,291.85562,293.85562,289.85562,293.5556,289.1556,288.95563,284.7556,284.45563,285.5556,283.85562,282.95563,286.0556,286.0556,287.0556,286.45563,286.45563,286.5556,287.6556,286.6556,287.35562,287.5556,286.45563,285.35562,285.85562,287.5556,288.85562,287.6556,286.2556,285.95563,285.95563,285.95563,286.35562,288.0556,286.1556,286.1556,284.7556,286.45563,287.35562,286.35562,286.2556
290.95563,292.95563,291.6556,290.2556,288.85562,291.5556,289.7556,287.5556,288.45563,284.1556,284.5556,283.7556,285.85562,285.7556,284.7556,287.0556,283.35562,283.0556,283.5556,284.5556,285.6556,285.5556,286.95563,285.7556,285.2556,286.95563,287.1556,287.5556,287.35562,287.5556,287.6556,287.45563,287.95563,287.1556,286.6556,283.85562,283.6556,283.85562,282.45563,281.35562,280.85562
287.85562,289.1556,292.5556,289.45563,291.35562,287.95563,286.6556,285.6556,289.0556,284.45563,284.85562,286.2556,284.95563,284.85562,286.1556,285.95563,284.2556,284.35562,284.85562,285.45563,285.1556,286.0556,286.6556,287.1556,286.2556,285.0556,285.0556,285.85562,286.2556,287.0556,286.45563,285.7556,286.45563,284.45563,283.85562,283.35562,282.6556,281.7556,281.7556,280.95563,280.2556
