wind_kz.json
{"header": {"discipline":0,"disciplineName":"Meteorological products","gribEdition":2,"gribLength":871,"center":7,"centerName":"US National Weather Service - NCEP(WMC)","subcenter":0,"refTime":"2023-10-02T18:00:00.000Z","significanceOfRT":1,"significanceOfRTName":"Start of forecast","productStatus":0,"productStatusName":"Operational products","productType":1,"productTypeName":"Forecast products","productDefinitionTemplate":0,"productDefinitionTemplateName":"Analysis/forecast at horizontal level/layer at a point in time","parameterCategory":0,"parameterCategoryName":"UnknownDiscipline_0_Category_0","parameterNumber":0,"parameterNumberName":"UnknownParameter_D0_C0_0","parameterUnit":"Unknown","genProcessType":2,"genProcessTypeName":"Forecast","forecastTime":180,"surface1Type":1,"surface1TypeName":"Ground or water surface","surface1Value":0.0,"surface2Type":255,"surface2TypeName":"Missing","surface2Value":0.0,"gridDefinitionTemplate":0,"gridDefinitionTemplateName":"Latitude_Longitude","numberPoints":615,"shape":6,"shapeName":"Earth spherical with radius of 6,371,229.0 m","gridUnits":"degrees","resolution":48,"winds":"true","scanMode":64,"nx":41,"ny":15,"basicAngle":0,"lo1":47.0,"la1":41.0,"lo2":87.0,"la2":55.0,"dx":1.0,"dy":1.0}, "data":
[rows 0 to 14 of 15, columns 0 to 40 of 41]
297.40778,287.80777,286.00775,293.30777,293.10776,291.70776,298.80777,305.60776,304.70776,307.30777,305.40778,306.10776,305.00775,304.10776,304.60776,306.60776,305.20776,305.30777,309.80777,306.70776,309.50775,309.90778,312.50775,308.90778,306.50775,309.70776,306.90778,286.70776,287.20776,278.10776,273.40778,276.40778,291.90778,299.00775,298.80777,302.90778,301.20776,307.60776,309.60776,311.20776,313.20776
273.10776,285.20776,292.60776,292.80777,293.00775,291.30777,297.80777,302.50775,304.00775,301.40778,303.40778,304.50775,305.20776,305.30777,308.70776,308.30777,308.10776,309.20776,308.80777,310.00775,310.50775,306.70776,306.50775,294.40778,273.90778,274.50775,296.30777,292.30777,292.60776,284.90778,291.80777,275.90778,281.60776,267.50775,281.00775,297.90778,299.40778,302.40778,305.70776,298.00775,284.30777
286.90778,292.40778,292.50775,292.20776,290.50775,298.10776,299.10776,297.80777,303.30777,301.90778,301.50775,302.50775,304.60776,304.60776,303.60776,308.00775,310.20776,309.10776,309.60776,310.70776,309.50775,307.60776,306.70776,300.00775,302.40778,301.00775,301.60776,299.80777,304.10776,291.70776,274.60776,280.50775,279.20776,288.80777,292.40778,292.10776,289.00775,291.60776,293.40778,288.90778,286.80777
289.30777,291.40778,292.30777,291.60776,291.90778,295.60776,295.70776,299.60776,302.40778,302.50775,301.50775,300.80777,289.60776,289.00775,300.50775,303.60776,303.40778,308.10776,309.30777,309.20776,305.90778,304.90778,301.60776,303.40778,305.80777,303.30777,304.40778,303.20776,302.30777,301.20776,296.20776,286.70776,286.90778,287.50775,297.80777,296.90778,290.60776,274.60776,291.80777,301.70776,302.60776
287.40778,291.10776,291.40778,290.80777,291.00775,294.70776,296.00775,293.10776,297.60776,299.50775,300.10776,300.70776,288.60776,287.40778,286.00775,301.70776,302.20776,301.60776,304.80777,302.20776,304.30777,304.50775,304.70776,305.00775,305.80777,306.00775,307.00775,301.60776,305.00775,300.90778,298.60776,289.60776,277.00775,279.50775,289.50775,301.40778,302.20776,310.40778,307.20776,306.80777,303.80777
288.20776,288.50775,289.10776,289.80777,290.10776,289.70776,296.00775,295.60776,290.20776,293.50775,297.80777,297.90778,289.60776,288.30777,294.40778,299.90778,298.60776,301.20776,300.40778,302.40778,301.90778,302.00775,302.40778,302.50775,304.00775,304.40778,305.10776,286.20776,301.90778,301.20776,300.90778,292.00775,287.90778,292.80777,294.80777,295.60776,294.30777,296.50775,308.80777,307.40778,303.70776
286.60776,288.10776,288.50775,288.70776,289.30777,291.70776,294.70776,292.50775,292.70776,292.70776,291.70776,291.60776,296.40778,296.70776,296.90778,295.90778,298.10776,298.90778,300.10776,300.20776,300.70776,301.40778,299.50775,298.20776,298.20776,299.30777,302.30777,303.90778,304.00775,304.10776,302.40778,295.00775,298.40778,291.60776,299.90778,301.30777,296.20776,291.00775,292.10776,291.20776,297.00775
285.00775,286.60776,287.00775,287.40778,288.20776,288.10776,291.00775,291.00775,291.50775,291.50775,288.40778,290.30777,288.30777,294.20776,296.20776,296.30777,295.80777,296.90778,297.60776,297.10776,297.20776,298.80777,298.90778,298.10776,297.70776,296.40778,296.70776,299.40778,298.70776,300.80777,300.20776,297.50775,299.30777,288.30777,288.50775,301.20776,299.10776,285.40778,301.50775,301.10776,299.20776
283.40778,283.50775,284.50775,285.50775,285.20776,286.60776,286.80777,286.10776,287.90778,289.20776,286.50775,288.50775,287.00775,289.80777,294.30777,295.30777,295.40778,295.70776,295.00775,295.10776,294.70776,295.00775,296.10776,295.80777,294.80777,295.80777,295.20776,295.60776,296.30777,296.10776,298.60776,297.60776,288.40778,288.10776,298.40778,291.90778,296.90778,294.90778,289.60776,290.10776,289.20776
281.70776,281.50775,282.50775,282.90778,283.50775,284.40778,284.90778,284.20776,285.00775,286.40778,286.80777,287.60776,288.60776,285.10776,290.50775,293.00775,293.20776,294.10776,295.20776,294.40778,294.00775,294.60776,295.00775,294.90778,294.90778,295.60776,296.20776,296.40778,296.00775,296.70776,298.90778,299.00775,295.30777,298.20776,288.40778,294.80777,294.70776,292.40778,293.00775,291.40778,286.40778
279.30777,280.80777,281.10776,281.20776,281.50775,282.00775,282.90778,283.50775,283.30777,283.10776,283.50775,284.50775,287.60776,288.00775,284.10776,287.30777,291.20776,292.30777,292.50775,291.50775,291.90778,293.60776,293.20776,292.90778,291.60776,292.80777,293.40778,296.60776,297.80777,300.10776,300.80777,301.80777,300.30777,298.20776,297.20776,295.50775,290.40778,286.50775,287.00775,288.70776,287.50775
279.20776,280.40778,279.00775,278.20776,279.60776,280.10776,280.20776,280.40778,281.50775,281.80777,279.80777,280.60776,283.70776,284.30777,286.60776,287.40778,289.70776,289.70776,286.00775,290.90778,289.90778,289.70776,289.30777,290.00775,288.90778,291.40778,294.10776,296.70776,295.60776,295.30777,299.00775,299.60776,297.20776,297.30777,296.00775,297.10776,297.90778,297.50775,294.70776,292.70776,290.80777
275.80777,277.70776,278.10776,278.80777,279.10776,276.90778,276.80777,277.70776,278.40778,277.30777,274.90778,276.50775,281.50775,281.60776,284.70776,287.20776,285.00775,284.40778,286.60776,286.20776,285.30777,288.70776,288.00775,287.80777,288.10776,291.60776,293.10776,293.20776,294.60776,294.70776,297.00775,296.70776,296.80777,291.60776,294.70776,294.60776,294.60776,294.40778,292.90778,291.60776,289.90778
275.10776,276.60776,281.40778,278.00775,276.60776,277.50775,277.70776,277.20776,279.00775,278.20776,274.30777,272.60776,277.00775,281.20776,283.00775,284.80777,286.80777,286.70776,286.00775,284.20776,285.80777,285.80777,289.90778,289.30777,290.00775,291.40778,290.60776,290.00775,292.20776,292.30777,293.90778,294.60776,294.10776,292.80777,294.00775,294.10776,293.50775,291.50775,292.00775,288.80777,289.40778
274.40778,275.70776,284.10776,275.20776,275.30777,274.90778,275.50775,275.80777,278.90778,278.00775,278.10776,277.50775,275.80777,279.40778,281.60776,283.50775,284.60776,286.20776,287.70776,289.20776,289.10776,285.70776,287.30777,288.40778,287.90778,288.80777,288.80777,289.90778,290.70776,290.60776,290.60776,289.20776,293.30777,293.20776,290.80777,293.90778,290.10776,293.20776,292.30777,290.80777,290.60776
