wind_kz.json
{"header": {"discipline":0,"disciplineName":"Meteorological products","gribEdition":2,"gribLength":871,"center":7,"centerName":"US National Weather Service - NCEP(WMC)","subcenter":0,"refTime":"2024-02-03T00:00:00.000Z","significanceOfRT":1,"significanceOfRTName":"Start of forecast","productStatus":0,"productStatusName":"Operational products","productType":1,"productTypeName":"Forecast products","productDefinitionTemplate":0,"productDefinitionTemplateName":"Analysis/forecast at horizontal level/layer at a point in time","parameterCategory":0,"parameterCategoryName":"UnknownDiscipline_0_Category_0","parameterNumber":0,"parameterNumberName":"UnknownParameter_D0_C0_0","parameterUnit":"Unknown","genProcessType":2,"genProcessTypeName":"Forecast","forecastTime":180,"surface1Type":1,"surface1TypeName":"Ground or water surface","surface1Value":0.0,"surface2Type":255,"surface2TypeName":"Missing","surface2Value":0.0,"gridDefinitionTemplate":0,"gridDefinitionTemplateName":"Latitude_Longitude","numberPoints":615,"shape":6,"shapeName":"Earth spherical with radius of 6,371,229.0 m","gridUnits":"degrees","resolution":48,"winds":"true","scanMode":64,"nx":41,"ny":15,"basicAngle":0,"lo1":47.0,"la1":41.0,"lo2":87.0,"la2":55.0,"dx":1.0,"dy":1.0}, "data":
[rows 0 to 14 of 15, columns 0 to 40 of 41]
291.72443,280.62445,287.82443,280.62445,281.42444,282.52444,287.22443,292.32443,289.42444,290.52444,290.02444,290.42444,289.92444,289.62445,289.42444,287.92444,288.32443,286.42444,289.92444,287.72443,287.92444,286.42444,286.12445,281.22443,282.62445,284.12445,275.52444,257.42444,255.82443,253.12444,257.82443,255.92444,262.12445,271.62445,271.12445,270.32443,271.92444,271.02444,270.52444,270.82443,270.52444
267.92444,289.32443,280.82443,280.32443,280.92444,281.62445,290.52444,288.02444,290.22443,290.32443,291.12445,288.92444,288.92444,289.92444,289.62445,288.52444,288.92444,288.42444,287.12445,288.42444,287.22443,285.22443,282.12445,269.12445,254.42444,258.22443,264.32443,254.02444,257.22443,252.42444,262.42444,246.22444,266.92444,241.92444,252.52444,262.42444,268.32443,269.02444,270.22443,267.12445,267.52444
288.62445,279.02444,280.12445,280.32443,280.42444,288.32443,287.52444,286.82443,286.72443,286.72443,287.32443,286.62445,288.02444,288.52444,283.12445,276.02444,283.12445,283.42444,284.02444,283.52444,283.52444,283.72443,280.62445,270.02444,279.92444,272.72443,272.32443,271.62445,274.42444,266.12445,254.32443,256.52444,261.72443,260.12445,258.82443,263.52444,254.82443,253.32443,253.62444,255.22444,252.62444
288.12445,276.02444,277.82443,279.02444,282.02444,287.72443,286.22443,286.12445,287.32443,285.22443,285.02444,284.02444,281.32443,282.02444,284.62445,282.12445,281.92444,280.12445,274.82443,281.82443,282.82443,270.72443,278.22443,276.22443,273.62445,272.52444,273.22443,268.82443,270.62445,270.92444,270.62445,268.92444,271.42444,268.12445,262.92444,265.42444,255.52444,254.32443,265.42444,257.42444,257.12445
285.12445,273.02444,272.02444,273.22443,278.62445,284.62445,283.42444,284.92444,283.82443,282.12445,281.02444,280.02444,279.02444,279.02444,278.32443,276.92444,275.32443,277.72443,280.02444,273.82443,279.82443,278.92444,271.62445,273.22443,272.12445,269.52444,270.02444,271.22443,272.82443,273.02444,272.92444,272.22443,264.32443,251.82443,263.52444,256.52444,261.62445,260.32443,261.22443,259.32443,260.72443
286.02444,284.02444,273.12445,273.02444,272.22443,272.32443,283.02444,280.22443,279.02444,278.92444,276.12445,275.82443,278.42444,278.92444,274.92444,274.92444,273.02444,273.82443,273.02444,272.72443,273.12445,272.22443,271.52444,268.72443,267.82443,268.42444,271.52444,269.62445,270.32443,269.62445,270.22443,271.82443,270.92444,269.22443,269.22443,266.42444,263.92444,263.32443,260.92444,258.62445,259.42444
284.62445,284.02444,286.02444,283.52444,275.62445,278.42444,281.82443,276.32443,274.82443,274.32443,274.32443,271.72443,272.22443,273.02444,272.62445,272.82443,268.52444,266.72443,263.92444,262.92444,263.02444,264.62445,266.12445,268.22443,267.62445,270.82443,272.22443,268.02444,267.32443,267.42444,270.12445,265.12445,270.02444,269.52444,267.52444,264.12445,266.22443,265.92444,265.22443,260.32443,260.32443
283.52444,282.22443,280.82443,280.12445,277.62445,276.22443,276.12445,274.12445,272.32443,271.22443,269.12445,269.02444,268.32443,267.02444,271.62445,269.02444,267.72443,265.82443,263.22443,261.32443,262.42444,262.82443,262.32443,262.12445,262.62445,262.42444,264.02444,260.52444,264.72443,270.92444,270.62445,269.92444,269.52444,267.02444,268.92444,268.42444,266.52444,266.92444,266.22443,265.72443,264.32443
280.12445,279.12445,277.72443,277.12445,275.42444,275.82443,274.72443,272.12445,270.82443,269.02444,268.32443,267.42444,266.92444,266.72443,266.02444,266.82443,266.12445,266.92444,265.62445,263.62445,262.22443,262.32443,262.12445,260.62445,259.42444,261.82443,261.72443,262.32443,263.62445,263.32443,264.32443,268.12445,270.72443,268.62445,268.72443,264.22443,265.22443,268.02444,260.02444,259.52444,259.92444
275.22443,275.12445,274.62445,275.22443,273.62445,273.22443,273.22443,272.42444,271.32443,269.62445,267.92444,267.02444,267.52444,266.72443,266.32443,267.42444,267.62445,267.32443,266.72443,264.42444,262.72443,263.32443,263.42444,264.12445,263.42444,261.92444,261.52444,261.82443,262.02444,262.42444,265.32443,269.32443,268.22443,270.72443,270.22443,268.32443,266.42444,263.52444,262.82443,263.02444,259.72443
273.42444,273.22443,273.22443,273.22443,273.22443,273.12445,273.22443,273.22443,272.32443,270.82443,269.22443,267.42444,268.32443,267.62445,267.12445,267.02444,266.42444,266.72443,266.12445,262.92444,262.92444,262.42444,261.42444,261.32443,261.12445,261.02444,260.12445,261.82443,263.22443,265.72443,266.12445,265.62445,264.02444,267.62445,270.72443,270.22443,266.32443,265.12445,264.62445,265.22443,264.62445
273.12445,273.12445,273.22443,273.22443,273.22443,273.22443,273.12445,273.22443,272.82443,271.42444,268.82443,268.42444,267.62445,266.92444,266.62445,266.42444,266.22443,265.92444,264.72443,263.22443,261.82443,260.32443,259.82443,260.02444,259.92444,260.42444,260.72443,262.32443,262.92444,262.42444,261.72443,261.72443,264.62445,264.42444,265.82443,267.42444,270.12445,270.32443,271.32443,268.82443,268.12445
273.32443,273.22443,273.22443,273.22443,273.32443,273.32443,273.22443,273.22443,272.32443,270.72443,267.82443,268.02444,268.22443,265.92444,265.92444,265.72443,265.52444,264.72443,263.92444,261.72443,261.02444,260.32443,260.32443,259.62445,260.12445,260.32443,260.92444,260.22443,260.52444,260.52444,260.52444,260.62445,261.12445,262.22443,263.92444,265.92444,266.52444,271.12445,270.92444,271.62445,270.62445
273.22443,273.22443,273.22443,273.22443,273.12445,273.22443,273.22443,272.12445,271.02444,268.32443,267.42444,265.62445,266.92444,264.72443,265.02444,265.12445,264.32443,263.42444,261.32443,260.62445,260.32443,260.52444,260.42444,260.32443,260.32443,260.02444,259.62445,259.82443,259.82443,259.62445,259.62445,259.82443,260.52444,261.02444,261.92444,261.92444,264.42444,267.62445,270.42444,269.72443,271.22443
273.22443,273.22443,271.92444,270.62445,270.32443,269.62445,268.22443,268.52444,267.52444,266.12445,265.62445,265.22443,264.22443,265.22443,264.62445,263.82443,262.42444,261.12445,261.42444,260.62445,260.22443,259.92444,259.92444,259.72443,259.82443,259.92444,259.82443,259.72443,259.72443,259.62445,259.42444,260.22443,260.12445,260.42444,260.52444,264.12445,262.62445,263.82443,265.52444,270.22443,269.42444
