wind.json
{"header": {"discipline":0,"disciplineName":"Meteorological products","gribEdition":2,"gribLength":1125,"center":7,"centerName":"US National Weather Service - NCEP(WMC)","subcenter":0,"refTime":"2023-06-30T00:00:00.000Z","significanceOfRT":1,"significanceOfRTName":"Start of forecast","productStatus":0,"productStatusName":"Operational products","productType":1,"productTypeName":"Forecast products","productDefinitionTemplate":0,"productDefinitionTemplateName":"Analysis/forecast at horizontal level/layer at a point in time","parameterCategory":2,"parameterCategoryName":"UnknownDiscipline_0_Category_2","parameterNumber":3,"parameterNumberName":"UnknownParameter_D0_C2_3","parameterUnit":"Unknown","genProcessType":2,"genProcessTypeName":"Forecast","forecastTime":120,"surface1Type":103,"surface1TypeName":"Specified height level above ground","surface1Value":10.0,"surface2Type":255,"surface2TypeName":"Missing","surface2Value":0.0,"gridDefinitionTemplate":0,"gridDefinitionTemplateName":"Latitude_Longitude","numberPoints":688,"shape":6,"shapeName":"Earth spherical with radius of 6,371,229.0 m","gridUnits":"degrees","resolution":48,"winds":"true","scanMode":64,"nx":43,"ny":16,"basicAngle":0,"lo1":45.0,"la1":40.0,"lo2":87.0,"la2":55.0,"dx":1.0,"dy":1.0}, "data":
[rows 0 to 15 of 16, columns 0 to 42 of 43]
-3.289035,1.7209649,-0.19903503,1.790965,-0.929035,-4.789035,-3.7290351,-4.8490353,-1.069035,-0.52903503,0.13096496,-1.5390351,0.530965,-0.94903505,-3.429035,-4.339035,-4.769035,-3.799035,-4.709035,-3.859035,-3.939035,0.56096494,-1.6590351,0.93096495,1.850965,2.320965,3.230965,1.2109649,-0.619035,-1.829035,-3.4990351,-4.069035,-0.39903504,0.08096497,1.280965,-3.149035,-3.549035,-0.94903505,-0.33903503,-0.859035,-1.899035,0.81096494,-0.909035
1.850965,-0.57903504,1.3409649,-2.429035,0.72096497,-4.389035,-5.079035,-5.409035,-3.789035,0.87096494,-0.51903504,1.890965,0.27096498,-0.83903503,-2.649035,-3.629035,-3.4690351,-3.839035,-4.489035,-4.219035,-4.389035,-2.709035,-0.95903504,0.950965,0.960965,-1.089035,-1.2990351,1.350965,-1.379035,2.140965,0.14096497,-0.869035,-1.879035,-2.089035,2.840965,-2.259035,-3.619035,-1.139035,-0.94903505,-0.919035,-0.31903502,4.020965,1.750965
0.520965,-0.87903506,3.610965,0.93096495,-1.719035,-3.019035,-2.689035,-4.3690352,-4.399035,-0.06903503,0.66096497,2.920965,1.030965,-1.8090351,-2.949035,-2.769035,-4.299035,-4.309035,-3.259035,-0.13903503,-3.699035,-4.319035,-3.109035,-0.46903503,1.670965,1.740965,-1.359035,-0.869035,-1.639035,0.37096497,-0.789035,2.180965,2.810965,-0.77903503,-2.009035,-2.769035,-4.319035,-2.309035,-1.7790351,-5.339035,-3.759035,-2.539035,0.16096497
2.550965,1.370965,1.0709649,-0.58903503,-1.459035,-2.329035,-3.799035,-1.939035,-3.429035,-2.919035,-4.189035,-4.679035,1.250965,-1.479035,-2.9890351,-2.449035,-3.039035,-2.9890351,-4.169035,-3.189035,-2.7490351,-2.539035,-1.449035,-2.189035,2.340965,1.0809649,3.0309649,2.7809649,3.050965,2.180965,-0.009035034,3.7709649,-0.33903503,0.840965,2.480965,-1.239035,0.18096496,2.2609649,0.26096496,-0.69903505,0.26096496,-1.709035,-2.259035
-0.35903504,-0.079035036,-0.659035,-1.9090351,-3.7390351,-3.629035,-3.269035,-2.279035,-2.959035,-2.4790351,-3.669035,-4.999035,-2.669035,-2.2390351,-4.199035,-5.169035,-4.539035,-3.759035,-3.839035,-3.859035,-4.009035,-3.319035,-2.829035,0.830965,1.2009649,1.660965,3.070965,3.7809649,3.560965,2.910965,2.930965,1.790965,0.67096496,-2.209035,0.060964964,1.740965,-0.80903506,-1.369035,-0.20903504,1.600965,3.430965,3.300965,2.570965
0.67096496,0.91096497,0.17096497,-0.29903504,-0.27903503,-1.6790351,-2.069035,-2.369035,-2.819035,-1.939035,-3.959035,-3.439035,-2.209035,-2.539035,-4.739035,-5.009035,-5.109035,-4.609035,-4.089035,-2.759035,-3.379035,-2.339035,-1.879035,-2.859035,-3.449035,-3.399035,0.510965,1.680965,4.710965,3.580965,1.650965,0.69096494,1.4609649,3.100965,2.2509649,1.280965,-1.209035,-2.259035,2.2509649,2.230965,0.21096496,1.540965,0.520965
0.770965,-0.539035,0.700965,-1.6790351,-2.439035,-0.25903502,-1.629035,-3.2490351,-3.159035,-2.9990351,-2.649035,-3.279035,-4.259035,-4.259035,-5.129035,-4.799035,-3.7490351,-4.839035,-5.209035,-4.289035,-4.509035,-4.149035,-3.209035,-3.299035,-3.699035,-3.019035,-1.379035,0.19096497,2.0109649,3.640965,0.590965,0.20096497,0.10096496,-1.399035,2.660965,3.040965,3.7809649,-0.26903504,2.230965,-0.83903503,-3.779035,-0.58903503,0.760965
-0.52903503,-2.7290351,-1.7990351,-2.459035,-3.809035,-4.079035,-1.759035,-3.049035,-3.2490351,-1.5490351,-2.429035,-2.599035,-3.639035,-3.2190351,-4.089035,-3.669035,-4.309035,-5.389035,-4.999035,-6.889035,-5.989035,-3.639035,-3.2290351,-4.609035,-3.759035,-3.889035,-2.809035,1.4509649,1.810965,4.280965,2.360965,3.290965,-1.339035,-1.3090351,1.810965,0.45096496,0.60096496,1.670965,-1.269035,0.99096495,-0.39903504,-0.82903504,0.08096497
-2.909035,-2.159035,-2.039035,-2.169035,-2.589035,-2.289035,-3.449035,-3.609035,-1.489035,-1.9090351,-2.7490351,-3.419035,-3.319035,-2.9690351,-3.529035,-3.619035,-4.279035,-5.139035,-4.809035,-8.309035,-8.559035,-3.7390351,-4.359035,-3.9890351,-3.339035,-3.4890351,-3.429035,-2.7290351,-3.619035,0.86096495,1.770965,3.2609649,3.480965,1.650965,0.81096494,0.55096495,2.600965,0.060964964,-1.009035,-0.719035,0.510965,0.38096496,-1.1790351
-3.609035,-2.589035,-1.619035,-2.849035,-3.669035,-2.2290351,-2.269035,-2.7290351,-1.5490351,-3.169035,-3.2390351,-2.949035,-3.399035,-2.909035,-3.049035,-3.789035,-4.389035,-5.649035,-5.719035,-5.109035,-5.759035,-4.989035,-4.129035,-5.819035,-6.6190352,-3.4890351,-4.109035,-4.789035,-2.099035,-3.849035,-1.579035,-0.34903502,-2.399035,-3.099035,-1.999035,-2.599035,-1.2890351,-1.8090351,-2.389035,-0.969035,-1.269035,-1.7790351,-1.479035
-2.679035,-3.2190351,-1.869035,-2.959035,-3.099035,-2.339035,-3.119035,-2.589035,-2.109035,-3.369035,-3.179035,-2.9690351,-3.509035,-1.2990351,-2.529035,-3.809035,-4.519035,-5.8690352,-6.009035,-5.289035,-3.049035,-4.009035,-4.519035,-4.689035,-4.249035,-3.049035,-2.319035,-2.539035,-2.799035,-2.089035,-1.899035,-2.129035,0.090964966,-1.239035,-2.709035,-3.829035,-2.279035,0.34096497,0.780965,-1.5290351,-1.189035,0.630965,0.41096497
-2.069035,-3.109035,-2.2390351,-2.129035,-1.759035,-2.359035,-2.9990351,-2.869035,-2.619035,-2.859035,-3.349035,-3.549035,-1.7790351,-0.599035,-2.109035,-3.399035,-4.879035,-5.1190352,-6.149035,-6.269035,-4.149035,-3.4690351,-3.259035,-4.079035,-4.189035,-3.759035,-2.9790351,-3.139035,-2.339035,-3.429035,-3.069035,-2.329035,-1.999035,-1.8090351,-3.049035,-3.589035,-4.559035,-1.149035,-0.739035,0.99096495,0.040964965,0.510965,0.11096497
-2.659035,-2.579035,-2.029035,-2.209035,-1.439035,-2.519035,-2.159035,-1.719035,-2.7490351,-2.639035,-3.369035,-2.529035,-1.459035,-2.629035,-2.919035,-3.2290351,-3.789035,-4.249035,-4.1190352,-6.089035,-5.449035,-4.279035,-2.559035,-3.579035,-3.199035,-2.379035,-1.819035,-2.679035,-2.369035,-1.629035,-2.599035,-3.339035,-3.059035,-3.2290351,-2.569035,-3.019035,-3.559035,-4.269035,-2.339035,-0.849035,-0.28903502,1.040965,0.12096497
-1.339035,-1.889035,-1.7890351,-1.939035,-2.539035,-2.429035,-2.869035,-1.769035,-1.8090351,-2.439035,-3.329035,-1.969035,-1.009035,-1.609035,-2.889035,-3.319035,-3.539035,-3.909035,-4.169035,-4.009035,-5.389035,-4.729035,-3.119035,-0.74903506,-0.33903503,-0.38903505,-1.379035,-2.859035,-2.559035,-1.4090351,-1.319035,-2.199035,-3.119035,-3.299035,-2.339035,-2.4790351,-2.7290351,-2.139035,-2.359035,-1.569035,-2.7490351,-1.4090351,-0.33903503
1.120965,0.69096494,-0.089035034,-0.99903506,-2.399035,-2.4690351,-2.059035,-2.699035,-3.189035,-3.439035,-2.359035,-1.869035,-0.37903503,-0.859035,-1.249035,-2.059035,-2.949035,-3.669035,-3.539035,-3.879035,-3.689035,-4.209035,-4.0990353,-2.809035,-0.13903503,-0.919035,-0.859035,-2.4690351,-2.769035,-1.1690351,0.25096497,-1.019035,-1.7790351,-2.7490351,-2.299035,-2.639035,-2.149035,-2.819035,-2.139035,-2.699035,-3.099035,-2.379035,-2.009035
1.5809649,1.490965,0.85096496,-0.37903503,-0.919035,-0.89903504,0.12096497,-0.74903506,-1.6690351,-1.9190351,-2.769035,-2.4990351,-0.64903504,0.570965,0.56096494,-0.58903503,-3.089035,-3.069035,-3.329035,-3.579035,-3.379035,-3.359035,-3.129035,-2.779035,-1.099035,-0.43903503,-0.50903505,-0.33903503,0.08096497,-1.699035,-0.99903506,-0.09903503,-0.52903503,-1.219035,-1.8090351,-2.429035,-2.209035,-2.4790351,-2.2190351,-1.749035,-1.959035,-3.9890351,-1.339035
