wind_kz.json
{"header": {"discipline":0,"disciplineName":"Meteorological products","gribEdition":2,"gribLength":1025,"center":7,"centerName":"US National Weather Service - NCEP(WMC)","subcenter":0,"refTime":"2023-10-05T18:00:00.000Z","significanceOfRT":1,"significanceOfRTName":"Start of forecast","productStatus":0,"productStatusName":"Operational products","productType":1,"productTypeName":"Forecast products","productDefinitionTemplate":0,"productDefinitionTemplateName":"Analysis/forecast at horizontal level/layer at a point in time","parameterCategory":2,"parameterCategoryName":"UnknownDiscipline_0_Category_2","parameterNumber":3,"parameterNumberName":"UnknownParameter_D0_C2_3","parameterUnit":"Unknown","genProcessType":2,"genProcessTypeName":"Forecast","forecastTime":60,"surface1Type":103,"surface1TypeName":"Specified height level above ground","surface1Value":10.0,"surface2Type":255,"surface2TypeName":"Missing","surface2Value":0.0,"gridDefinitionTemplate":0,"gridDefinitionTemplateName":"Latitude_Longitude","numberPoints":615,"shape":6,"shapeName":"Earth spherical with radius of 6,371,229.0 m","gridUnits":"degrees","resolution":48,"winds":"true","scanMode":64,"nx":41,"ny":15,"basicAngle":0,"lo1":47.0,"la1":41.0,"lo2":87.0,"la2":55.0,"dx":1.0,"dy":1.0}, "data":
[rows 0 to 14 of 15, columns 0 to 40 of 41]
-0.9638794,1.2961206,1.6261206,10.61612,7.096121,3.8461206,2.0361207,0.3361206,-0.2238794,-1.8038794,-0.3838794,-1.2638794,0.6461206,2.3561206,1.1661206,1.6361206,1.4361206,1.1261206,1.4861206,1.7361206,0.10612061,-0.5638794,-0.123879395,1.7761207,2.0761206,1.6461205,0.8861206,0.6361206,-0.7138794,1.6061206,1.6561207,2.0361207,0.2861206,0.0961206,-0.2838794,0.2161206,0.9061206,-0.23387939,-0.10387939,1.6661206,2.0861206
3.8661206,-0.123879395,3.7961206,10.086121,8.146121,5.4361205,1.9561206,0.2661206,-0.8538794,-0.9338794,-1.9738793,-1.0838794,-2.1138794,-0.7338794,2.0761206,2.2361207,1.4561206,1.2261206,0.9661206,2.1361206,1.4461206,-0.023879394,4.1061206,3.6761205,2.8761206,2.7161207,2.4261205,1.5561206,-0.4538794,2.4461205,0.086120605,3.1361206,1.7561206,2.1661205,1.8061206,1.3161206,1.1761206,2.2261207,1.5261207,-0.4138794,0.3461206
1.3861206,8.336121,7.7961206,7.7261205,6.0161204,4.9161205,2.9361205,1.3261206,0.1961206,0.2261206,-0.4538794,-0.3138794,-0.8538794,-1.1838794,-2.5638795,1.2561206,2.7961206,1.9561206,2.8561206,0.8761206,1.2361206,1.4261206,3.8561206,2.4061205,-1.0938793,-2.2438793,-0.1338794,-0.8938794,-0.6238794,-1.9738793,-0.2838794,1.0961206,-1.4438794,1.7961206,0.6161206,-2.7938795,-0.6038794,2.7461207,-0.8938794,3.3961205,2.5561206
3.7961206,7.3061204,7.1761208,5.5761204,4.656121,5.346121,4.096121,3.9161205,2.3261206,1.4761206,0.6661206,0.7761206,-0.6238794,-1.3238794,-1.2038794,0.2461206,-0.2538794,1.4961206,2.1461205,0.8261206,1.8461206,6.4761205,3.5361207,2.8561206,2.3461206,3.3461206,2.3661206,1.2661206,2.0061207,0.5961206,-1.8338794,1.1161206,1.1261206,0.5461206,1.2161206,2.2261207,3.4661207,2.5261207,-3.5638795,-2.3238795,-1.9738793
4.0561204,4.4761205,4.8261204,5.616121,5.7161207,4.4561205,3.7661207,3.6161206,2.8961205,2.7961206,2.4561205,1.7761207,1.1861206,-0.3238794,-0.5138794,0.0061206054,0.026120605,1.7061206,-0.1138794,-1.0238794,1.9661206,5.2961206,2.3861206,4.0761204,4.5661206,4.1461205,4.1261206,1.1961206,2.8161206,1.6261206,-0.9038794,-1.8538795,-0.42387938,0.8761206,0.7561206,1.0261207,1.6961206,-0.50387937,-2.1738794,-2.7538793,-2.3038795
4.9861207,4.2661204,5.1461205,6.7761207,6.8361206,6.5561204,6.2861204,4.866121,3.9061205,2.7861207,2.3861206,2.8661206,3.3861206,2.2161207,-0.7938794,-0.6838794,0.6761206,0.7961206,2.4461205,-2.6938794,3.6961205,4.5361204,6.7561207,4.9161205,3.0661206,5.9461207,3.2161207,3.6861205,1.4961206,2.2561207,2.1061206,0.7161206,-0.7438794,-2.7538793,-2.0238793,1.2861207,0.1861206,1.0061206,-2.8438795,-1.1138794,-2.5238793
5.4161205,5.7061205,5.7661204,6.5261207,7.2561207,6.9461207,6.866121,5.6061206,5.1761208,4.1061206,3.5361207,3.1961205,2.6861205,1.5661206,0.1861206,-0.7138794,1.4561206,1.9161206,3.5761206,3.8361206,4.7761207,6.596121,5.6461205,5.3061204,5.5261207,4.136121,3.8661206,3.4361205,3.2061205,4.2961206,4.3261204,2.8861206,2.7661207,2.3061206,1.0761206,-1.3238794,-2.3438795,3.2161207,0.046120606,2.0361207,-0.4938794
5.6061206,5.616121,6.2361207,6.4261208,6.346121,6.9461207,8.27612,7.2361207,5.886121,5.3361206,5.1261206,3.7761207,2.1561205,2.0361207,-0.21387939,-1.4238794,3.0261207,3.8761206,6.846121,2.9461205,5.116121,5.0561204,4.7861204,4.386121,4.5461206,4.7461205,4.5061207,3.4661207,3.6261206,4.7761207,4.6761208,2.6961205,2.2361207,5.2261205,3.4861207,0.4861206,0.9361206,0.6561206,-0.053879395,-0.1738794,0.1961206
5.7161207,6.616121,6.6861205,5.7261205,5.7261205,6.2361207,7.3261204,7.6761208,6.3561206,6.6461205,5.6661205,4.1661205,2.5361207,2.7261207,0.6961206,-0.5738794,2.6461205,4.656121,8.466121,6.9661207,8.216121,6.9361205,5.8961205,4.9961205,5.116121,4.2161207,3.5161207,4.4161205,3.9361205,3.0161207,3.3561206,3.1161206,3.7761207,5.2861204,3.8361206,2.6961205,1.1961206,1.2861207,3.3261206,2.4761207,1.6361206
6.3961205,7.2961206,8.23612,7.7361207,7.866121,6.846121,7.0661206,6.8361206,8.266121,7.7761207,7.7261205,5.5361204,3.4861207,2.9661207,2.0761206,0.9761206,4.0361204,5.9261208,6.6461205,7.2761207,8.426121,7.656121,6.4561205,5.136121,5.4961205,4.8761206,3.0361207,2.7261207,2.5861206,1.6361206,1.7561206,0.7361206,4.2961206,3.8661206,4.5361204,2.9461205,1.6261206,2.2261207,1.6361206,1.0461206,2.7961206
5.596121,6.656121,7.9561205,7.5661206,7.7461205,8.376121,9.15612,9.556121,8.19612,7.9361205,7.9261208,6.5261207,4.406121,4.5361204,2.8761206,3.1161206,6.3361206,8.15612,6.636121,8.40612,8.376121,6.8261204,6.9361205,6.2361207,5.5361204,5.3561206,3.8961205,2.9461205,1.0461206,-0.6638794,0.5761206,2.2561207,3.0661206,5.6961207,6.886121,5.1961207,3.0961206,1.5661206,3.0861206,1.4761206,0.9861206
4.2761207,6.1661205,7.3361206,8.896121,8.99612,9.24612,9.15612,9.40612,8.676121,7.7561207,7.366121,5.4761205,5.6861205,5.8761206,4.4361205,4.1261206,7.9461207,8.676121,9.176121,6.886121,8.23612,6.4461207,6.1461205,6.616121,6.2261205,5.366121,4.866121,2.4961207,1.1461205,1.6661206,0.5061206,2.6461205,1.5161206,4.1761208,5.1661205,6.7361207,5.616121,0.9361206,0.2161206,1.0961206,-0.33387938
2.6561205,4.2661204,7.0861206,8.03612,9.07612,7.6761208,9.676121,11.06612,11.56612,9.32612,6.156121,5.5861206,6.9961205,6.5661206,5.636121,5.0561204,6.906121,7.4561205,9.03612,8.976121,7.9761205,6.596121,5.9861207,6.6461205,5.9261208,5.1961207,4.9161205,3.8161206,2.8161206,2.1661205,1.4761206,0.17612061,1.5361207,3.0361207,3.5061207,4.616121,4.406121,2.2661207,3.1961205,3.1361206,1.2961206
3.0961206,3.2161207,4.1261206,5.7561207,6.636121,9.98612,10.636121,10.876121,10.02612,10.556121,6.1461205,4.8061204,6.9261208,7.3361206,7.1861205,6.2561207,7.4161205,6.9861207,8.396121,6.9261208,8.07612,6.8961205,7.2461205,6.2861204,5.8961205,5.0461206,4.5761204,4.1061206,3.8561206,2.8661206,2.2461207,1.8261206,2.0361207,3.2561207,3.4961207,4.0161204,3.4161205,3.1561205,3.1861205,2.7961206,2.9461205
2.8161206,4.136121,3.8961205,3.5961206,4.8361206,9.086121,10.376121,11.136121,9.856121,9.796121,6.7461205,7.1061206,3.7161207,5.7161207,8.02612,7.7361207,7.3061204,7.4861207,7.6661205,7.3361206,7.7261205,6.8361206,6.8261204,6.5461206,6.156121,5.4661207,5.1861205,4.7661204,4.5461206,3.3461206,3.0161207,1.9461206,2.3361206,4.0661206,4.1061206,4.0161204,4.386121,4.616121,3.2961206,3.7461207,2.4361205
