wind_kz.json
{"header": {"discipline":0,"disciplineName":"Meteorological products","gribEdition":2,"gribLength":794,"center":7,"centerName":"US National Weather Service - NCEP(WMC)","subcenter":0,"refTime":"2023-08-25T00:00:00.000Z","significanceOfRT":1,"significanceOfRTName":"Start of forecast","productStatus":0,"productStatusName":"Operational products","productType":1,"productTypeName":"Forecast products","productDefinitionTemplate":0,"productDefinitionTemplateName":"Analysis/forecast at horizontal level/layer at a point in time","parameterCategory":2,"parameterCategoryName":"UnknownDiscipline_0_Category_2","parameterNumber":2,"parameterNumberName":"UnknownParameter_D0_C2_2","parameterUnit":"Unknown","genProcessType":2,"genProcessTypeName":"Forecast","forecastTime":120,"surface1Type":103,"surface1TypeName":"Specified height level above ground","surface1Value":10.0,"surface2Type":255,"surface2TypeName":"Missing","surface2Value":0.0,"gridDefinitionTemplate":0,"gridDefinitionTemplateName":"Latitude_Longitude","numberPoints":615,"shape":6,"shapeName":"Earth spherical with radius of 6,371,229.0 m","gridUnits":"degrees","resolution":48,"winds":"true","scanMode":64,"nx":41,"ny":15,"basicAngle":0,"lo1":47.0,"la1":41.0,"lo2":87.0,"la2":55.0,"dx":1.0,"dy":1.0}, "data":
[rows 0 to 14 of 15, columns 0 to 40 of 41]
-1.5088898,-0.5088898,1.5911102,-1.5088898,-2.9088898,-2.5088897,-2.5088897,-3.0088897,-2.9088898,0.29111022,-1.1088898,-1.6088898,-1.6088898,-2.5088897,-1.9088898,-0.7088898,-0.7088898,-0.80888975,-2.6088898,0.69111025,1.8911102,-0.9088898,-0.80888975,-2.7088897,0.89111024,-0.60888976,-2.6088898,-3.6088898,0.19111022,-0.40888977,-1.7088897,0.89111024,0.39111024,0.9911102,0.39111024,-3.3088899,-2.4088898,-2.2088897,-2.4088898,2.1911101,3.6911101
0.7911102,1.3911102,-3.9088898,-4.5088897,-5.0088897,-4.5088897,-2.9088898,-3.2088897,-1.3088897,-0.80888975,1.2911103,-2.1088898,1.2911103,1.0911102,1.1911103,1.5911102,2.1911101,-1.8088897,-1.2088897,1.9911102,1.1911103,0.5911102,-0.20888977,-3.4088898,-0.7088898,0.69111025,-1.1088898,-1.2088897,-2.2088897,-2.2088897,-0.10888977,-0.60888976,1.0911102,-2.0088897,0.19111022,-0.40888977,-0.40888977,0.19111022,0.7911102,2.3911102,2.5911102
-0.80888975,-6.30889,-6.6088896,-6.20889,-5.30889,-3.0088897,-2.3088899,-0.80888975,-2.6088898,-1.0088898,-1.8088897,-3.3088899,-1.8088897,-1.5088898,3.2911103,3.9911103,3.0911102,2.4911103,0.19111022,-0.9088898,-1.1088898,-2.3088899,-2.6088898,-1.6088898,-0.9088898,-0.10888977,-0.00888977,-0.5088898,-1.0088898,-0.80888975,-2.7088897,3.3911102,-0.20888977,-1.0088898,0.69111025,-1.1088898,-1.4088898,-1.4088898,-0.10888977,1.6911103,0.7911102
-3.5088897,-7.80889,-6.6088896,-4.20889,-3.3088899,-4.30889,-1.8088897,-3.0088897,-2.0088897,-3.0088897,-3.3088899,-3.3088899,-3.3088899,-2.7088897,-0.80888975,-1.3088897,1.5911102,2.8911102,1.3911102,0.39111024,1.1911103,0.09111023,-1.3088897,-1.2088897,-1.0088898,-0.5088898,-1.6088898,-1.9088898,-1.9088898,-3.3088899,-1.0088898,-8.90889,-3.3088899,-3.1088898,-2.1088898,-2.6088898,-1.8088897,0.69111025,-0.40888977,-0.40888977,-1.7088897
-7.20889,-6.5088897,-4.5088897,-4.0088897,-3.8088899,-4.70889,-2.3088899,-2.1088898,-1.0088898,-1.9088898,-1.7088897,-0.30888978,-2.1088898,-1.1088898,-1.3088897,-0.30888978,-0.7088898,-1.7088897,2.6911101,2.2911103,2.5911102,0.49111024,-1.1088898,0.69111025,0.39111024,-1.4088898,-2.6088898,-2.8088899,-3.6088898,-3.3088899,-4.20889,-3.3088899,-3.4088898,-0.20888977,0.89111024,1.5911102,-0.80888975,-2.2088897,-0.20888977,-3.0088897,-3.8088899
-5.70889,-2.3088899,-3.6088898,-3.7088897,-4.80889,-4.0088897,-2.0088897,-1.8088897,-1.6088898,-1.4088898,-0.9088898,-1.2088897,-0.5088898,-0.10888977,0.49111024,1.0911102,1.0911102,3.6911101,0.5911102,0.19111022,3.6911101,1.2911103,1.0911102,-1.1088898,-1.4088898,-1.2088897,-1.9088898,-3.6088898,-3.9088898,-4.80889,-5.1088896,-4.1088896,-5.20889,-3.7088897,-1.9088898,-3.9088898,-0.40888977,-3.8088899,-1.1088898,-3.9088898,-4.1088896
-3.7088897,-2.2088897,-1.2088897,-1.4088898,-1.5088898,-0.80888975,-0.40888977,0.49111024,-0.00888977,0.5911102,0.9911102,0.9911102,1.0911102,2.0911102,2.8911102,1.7911103,2.7911103,4.8911104,4.69111,5.3911104,3.3911102,0.49111024,2.1911101,-0.20888977,-1.0088898,-1.4088898,-1.6088898,-2.4088898,-3.7088897,-6.20889,-6.40889,-4.70889,-3.3088899,-3.8088899,-3.6088898,-2.4088898,-1.6088898,2.7911103,-2.6088898,1.5911102,1.5911102
-2.9088898,-2.0088897,-0.80888975,0.09111023,0.49111024,1.0911102,1.3911102,1.5911102,2.1911101,2.1911101,2.4911103,1.7911103,1.8911102,3.4911103,4.3911104,4.4911103,3.1911101,4.59111,2.6911101,2.9911103,4.9911103,2.4911103,-0.9088898,2.7911103,-0.80888975,-1.2088897,-1.2088897,-2.4088898,-2.3088899,-2.0088897,-3.3088899,-2.9088898,-3.5088897,-1.6088898,-2.3088899,-1.8088897,-1.8088897,-3.8088899,-2.6088898,-1.4088898,-0.60888976
-1.8088897,0.7911102,1.4911102,2.1911101,2.8911102,3.6911101,3.1911101,3.1911101,3.9911103,3.9911103,3.8911102,3.1911101,3.3911102,3.0911102,4.3911104,3.7911103,4.3911104,3.1911101,2.3911102,0.89111024,1.2911103,-0.80888975,-4.6088896,0.7911102,0.19111022,0.39111024,-1.4088898,-1.1088898,-1.1088898,-2.2088897,-1.8088897,-1.1088898,0.7911102,-1.3088897,-1.9088898,-1.9088898,-1.0088898,-2.5088897,-1.5088898,-0.00888977,-1.7088897
-0.10888977,1.8911102,2.3911102,3.3911102,3.4911103,2.7911103,2.9911103,3.2911103,3.0911102,3.6911101,3.9911103,3.3911102,3.7911103,4.19111,3.9911103,4.09111,3.9911103,1.7911103,2.9911103,-0.30888978,-1.4088898,-1.1088898,-3.6088898,0.29111022,3.8911102,-0.7088898,-0.00888977,-0.60888976,-0.5088898,-0.9088898,-0.40888977,0.49111024,0.49111024,-1.3088897,-1.3088897,-2.1088898,-2.5088897,-0.5088898,-2.3088899,-0.40888977,-1.0088898
0.69111025,1.4911102,1.7911103,2.2911103,2.3911102,2.2911103,2.2911103,3.1911101,3.7911103,3.9911103,3.3911102,3.8911102,3.7911103,4.09111,4.29111,3.2911103,2.9911103,2.8911102,2.3911102,-0.40888977,-0.10888977,-0.30888978,-0.5088898,-1.4088898,4.29111,-0.40888977,-0.7088898,-2.0088897,-0.10888977,0.29111022,0.19111022,-1.5088898,-1.4088898,-1.7088897,-1.3088897,-2.4088898,-1.9088898,0.09111023,-1.2088897,0.69111025,-1.1088898
1.4911102,1.8911102,2.7911103,2.6911101,2.9911103,2.7911103,3.0911102,3.5911102,3.4911103,4.09111,3.1911101,4.69111,3.9911103,3.2911103,3.9911103,3.4911103,3.6911101,3.3911102,2.4911103,2.7911103,1.5911102,0.5911102,-0.80888975,-0.00888977,2.5911102,2.1911101,-0.20888977,-2.2088897,-4.90889,-4.30889,-2.0088897,-2.0088897,-1.8088897,-2.9088898,-1.5088898,-1.2088897,-1.9088898,-1.6088898,-0.30888978,-0.9088898,-0.9088898
1.3911102,2.2911103,2.8911102,1.5911102,2.0911102,1.9911102,2.3911102,3.6911101,5.3911104,4.4911103,1.3911102,2.9911103,3.0911102,3.3911102,3.4911103,3.1911101,2.6911101,3.1911101,2.4911103,2.4911103,0.89111024,0.9911102,0.89111024,0.39111024,0.49111024,1.4911102,2.6911101,-0.5088898,-3.0088897,-3.2088897,-3.8088899,-1.2088897,-1.6088898,-1.7088897,-2.4088898,-2.6088898,-2.9088898,-2.8088899,-3.2088897,-1.8088897,-1.5088898
2.2911103,2.2911103,3.2911103,2.1911101,2.3911102,2.0911102,1.1911103,2.3911102,2.3911102,1.8911102,0.49111024,1.0911102,3.6911101,3.7911103,4.29111,4.9911103,3.7911103,3.7911103,3.2911103,4.09111,3.2911103,2.9911103,2.6911101,3.4911103,1.0911102,1.3911102,-0.9088898,0.5911102,-0.40888977,-0.80888975,-2.2088897,-3.3088899,-1.1088898,-1.5088898,-2.9088898,-3.1088898,-3.3088899,-3.2088897,-3.0088897,-1.3088897,-1.1088898
1.3911102,2.5911102,3.0911102,1.3911102,1.4911102,0.7911102,2.0911102,1.8911102,2.4911103,1.5911102,1.3911102,2.2911103,1.4911102,2.7911103,3.6911101,2.5911102,3.1911101,4.59111,4.3911104,4.09111,5.4911103,4.09111,1.6911103,2.1911101,2.8911102,1.5911102,0.69111025,-0.20888977,-0.5088898,-0.30888978,-0.80888975,-2.9088898,-1.5088898,-2.1088898,-2.4088898,-2.4088898,-2.6088898,-1.1088898,-3.2088897,-2.0088897,-1.1088898
