wind_kz.json
{"header": {"discipline":0,"disciplineName":"Meteorological products","gribEdition":2,"gribLength":1025,"center":7,"centerName":"US National Weather Service - NCEP(WMC)","subcenter":0,"refTime":"2023-08-19T12:00:00.000Z","significanceOfRT":1,"significanceOfRTName":"Start of forecast","productStatus":0,"productStatusName":"Operational products","productType":1,"productTypeName":"Forecast products","productDefinitionTemplate":0,"productDefinitionTemplateName":"Analysis/forecast at horizontal level/layer at a point in time","parameterCategory":2,"parameterCategoryName":"UnknownDiscipline_0_Category_2","parameterNumber":3,"parameterNumberName":"UnknownParameter_D0_C2_3","parameterUnit":"Unknown","genProcessType":2,"genProcessTypeName":"Forecast","forecastTime":120,"surface1Type":103,"surface1TypeName":"Specified height level above ground","surface1Value":10.0,"surface2Type":255,"surface2TypeName":"Missing","surface2Value":0.0,"gridDefinitionTemplate":0,"gridDefinitionTemplateName":"Latitude_Longitude","numberPoints":615,"shape":6,"shapeName":"Earth spherical with radius of 6,371,229.0 m","gridUnits":"degrees","resolution":48,"winds":"true","scanMode":64,"nx":41,"ny":15,"basicAngle":0,"lo1":47.0,"la1":41.0,"lo2":87.0,"la2":55.0,"dx":1.0,"dy":1.0}, "data":
[rows 0 to 14 of 15, columns 0 to 40 of 41]
3.0326123,3.6026123,-2.8173876,-5.577388,-6.9373875,-8.377388,-7.0473876,-2.5273876,-1.5473877,-1.9773877,-3.9073877,-5.347388,-5.827388,-5.6773877,-5.477388,-6.2173877,-6.7173877,-5.9373875,-5.1773877,-2.8573878,-1.5573877,-0.9073877,-1.1873877,-1.8873878,5.252612,0.6426123,1.0126123,2.0826123,-3.6773877,-5.057388,-4.2773876,2.2526124,-2.1173878,0.4926123,0.052612305,-4.5673876,-6.0873876,-2.9073877,-2.5773878,-4.8373876,-0.9973877
0.9126123,-1.4973876,-2.8973877,-4.2373877,-5.4473877,-6.4173875,-6.8973875,-5.6873875,-4.8573875,-3.9173877,-4.827388,-4.747388,-5.457388,-6.3373876,-5.867388,-4.227388,-4.577388,-4.6973877,-2.9773877,-1.4173877,-1.9573877,-0.8373877,-2.6873877,-1.7273877,0.7426123,-0.3073877,-2.4473877,-4.1073875,-3.0573876,-2.7873876,-2.3473878,-2.6073878,-2.5873878,-1.2973877,-1.2073877,1.5326123,0.4526123,2.0626123,1.4426123,2.3026123,0.32261232
-0.7773877,0.4926123,-3.0273876,-4.347388,-4.077388,-4.597388,-4.1873875,-4.7773876,-4.827388,-4.957388,-4.827388,-4.9373875,-4.537388,-7.787388,-7.8873878,-8.277388,-6.7373877,-3.6273878,-4.7773876,-4.1673875,-2.8173876,1.4826123,0.96261233,2.0826123,-1.4873877,-3.8873878,-4.1873875,-3.1973877,-2.4773877,1.3926123,2.9326124,0.5826123,1.5426123,3.4326124,-2.2873876,-0.7173877,-2.4073877,2.7026124,-1.0073876,1.3926123,-1.6473877
-3.5473876,-0.057387695,-3.0673876,-4.4373875,-3.0873878,-5.287388,-6.827388,-6.3973875,-6.4173875,-5.1573877,-4.477388,-4.787388,-2.3573878,-1.6473877,-4.7373877,-5.097388,-5.2573876,-4.8773875,-2.8473878,-2.4173877,-1.1973877,1.4926124,2.1426122,1.7826123,1.5626123,0.32261232,-2.7573876,-2.8073876,-0.72738767,-1.3773876,-1.7173877,-0.53738767,3.3126123,4.712612,-0.6373877,1.1826123,-2.2473876,-1.8573877,0.41261232,5.5726123,-4.0073876
-3.8373878,3.7326124,1.3926123,-0.1773877,-3.8273878,-7.017388,-7.0273876,-6.3873878,-6.6773877,-5.457388,-4.517388,-5.727388,-5.267388,-0.97738767,0.71261233,-3.4173877,-3.1673877,-2.3473878,-1.7573876,-0.24738769,1.4626123,0.5926123,2.0526123,2.3926122,2.1026123,1.2226123,2.0226123,-4.4073877,-0.5473877,0.9026123,1.5726123,-1.1073877,-3.9473877,-0.4873877,-0.4073877,-6.747388,1.1226124,-1.5173877,-2.1273878,0.4026123,-1.6673877
-2.4173877,-1.8373877,3.2126124,6.0126123,2.3526123,-1.5773877,-3.1573877,-4.6273875,-3.8773878,-5.2173877,-4.827388,-3.9973876,-4.7373877,-2.3873878,-0.5773877,-3.4273877,-3.3073876,-1.6573877,-1.8973877,-1.3473877,1.0526123,2.1626122,3.4826124,4.0526123,3.4126122,3.1226122,-0.1673877,1.6426123,-2.3473878,0.6126123,2.8826122,1.0626123,-0.9373877,-2.5673876,-1.3073877,0.4426123,-2.2873876,3.7326124,3.7726123,1.2926123,-3.2973876
-3.2773876,-3.6073878,-2.1273878,-1.5273877,-2.7573876,-6.7173877,-7.1973877,-8.077388,-7.267388,-7.497388,-7.847388,-7.267388,-5.557388,-5.3173876,-5.1873875,-5.537388,-2.0973878,-1.2273877,-1.1173877,-0.1773877,-0.9473877,3.4126122,4.7026124,6.232612,4.212612,4.272612,2.6226122,3.6926124,4.3326125,2.5526123,3.4126122,3.4826124,4.1626124,0.5926123,2.1826124,-5.4873877,-3.2873876,-4.287388,-1.9573877,-4.0873876,-2.5673876
-2.8273878,-2.4273877,-3.6773877,-3.3373878,-4.5873876,-5.077388,-2.9873877,-4.577388,-4.617388,-5.4273877,-5.7973876,-6.367388,-7.727388,-7.977388,-7.307388,-3.3673878,-3.9873877,-0.9473877,-0.8773877,0.7826123,0.6226123,1.8726124,0.1626123,7.042612,6.3126125,5.4126124,3.9626124,4.732612,1.8926123,4.4126124,0.7226123,2.3926122,3.2326124,2.7126124,0.3926123,8.732613,0.7026123,1.1926123,-0.21738769,0.9426123,0.092612304
-3.2573876,-3.3873878,-2.0773878,-4.6273875,-3.9773877,-3.7173877,-4.517388,-2.8573878,-4.727388,-7.1773877,-5.287388,-6.1673875,-6.1373878,-5.997388,-4.6673875,-4.0473876,-4.3973875,-2.6273878,-1.3873878,2.1026123,1.8126123,1.1826123,2.0226123,1.0626123,6.9526124,7.3026123,5.792612,4.0126123,2.5826123,-0.1373877,4.5126123,3.8626122,2.8826122,2.5026124,0.14261231,2.7326124,2.5726123,-0.33738768,-2.2973876,-1.3873878,-0.3873877
-2.4373877,-2.8073876,-3.1173878,-2.8373878,-2.9173877,-2.8373878,-4.597388,-4.057388,-3.9973876,-4.457388,-3.7973876,-4.0273876,-4.9673877,-6.2573876,-6.6073875,-5.0273876,-2.1473877,-1.4173877,-0.3573877,0.35261232,3.2426124,3.1326122,0.5026123,-0.2573877,-9.977387,-3.9073877,7.652612,4.2426124,2.9626124,0.9226123,1.1726123,1.6826123,-3.9873877,0.1026123,1.3226123,1.8826123,1.3826123,1.0926123,-0.7973877,0.20261231,-0.8573877
-0.9673877,1.0226123,-2.1873877,-3.2073877,-3.3073876,-3.3473878,-2.0673876,-0.8873877,-4.457388,-5.077388,-6.787388,-8.107388,-6.457388,-6.0673876,-6.6773877,-4.5073876,-2.9573877,-1.7973877,0.4726123,3.6926124,3.1926124,4.0526123,2.1526122,4.2426124,1.6426123,7.5126123,-1.3173877,5.962612,1.8826123,2.1426122,3.4626124,0.042612303,3.1826124,-0.0773877,0.2726123,2.4426124,1.3626122,1.1826123,-1.0473877,1.2426124,-2.2873876
-1.9173877,-2.5873878,-4.3373876,-2.8973877,-3.3873878,-3.7873876,-3.8073876,-4.017388,-3.9873877,-4.2573876,-4.0873876,-4.8373876,-4.9873877,-4.457388,-5.6073875,-6.867388,-6.6473875,-0.1773877,0.41261232,2.2226124,2.7326124,0.4926123,0.23261231,-6.7573876,6.7826123,-1.5173877,5.3226123,0.2926123,4.5526123,2.5126123,5.3726125,3.4226122,0.9726123,2.2226124,1.9126123,2.8826122,2.8926122,0.1026123,0.5426123,0.022612305,0.122612305
-1.2373877,-1.4073877,-1.7273877,-4.1373878,-1.4573877,-3.8073876,-4.1373878,-4.0873876,-5.6973877,-5.2173877,-2.9173877,-5.037388,-2.2173877,-4.747388,-6.1873875,-5.9173875,-6.5473876,-6.207388,-7.1573877,0.012612305,0.8026123,3.6226122,2.7526124,-2.0173876,-6.6673875,3.1426122,4.3026123,0.9826123,-5.8173876,0.5026123,4.172612,4.5826125,2.2026124,1.6926123,3.7026124,2.8926122,1.7026123,0.9126123,0.2826123,0.38261232,0.2426123
-0.9273877,-2.7773876,-4.057388,-3.2073877,-3.8373878,-4.0273876,-3.8973877,-3.8373878,-4.1673875,-4.7173877,-2.0073876,-1.4873877,-1.5873877,-2.4873877,-2.2173877,-3.9473877,-5.827388,-6.1373878,-7.2173877,-6.1473875,-6.077388,-4.9173875,4.502612,4.212612,2.6726122,-0.1673877,4.3326125,3.4226122,1.0926123,-2.2773876,4.6126122,4.9526124,5.3026123,3.8526123,2.9326124,3.8226123,2.7726123,1.9626123,1.5526123,1.0426123,-0.4373877
-2.3073876,-2.7673876,-2.8773878,-2.9573877,-3.3073876,-3.0673876,-3.5373876,-3.2373877,-3.1273878,-2.8873878,1.8426123,0.07261231,-1.2673877,-3.0273876,-5.3373876,-5.1473875,-4.9173875,-6.6773877,-6.097388,-6.8973875,-7.477388,-6.2173877,-4.7373877,-1.9473877,6.8926125,5.6626124,5.6226125,4.5326123,3.8126123,-0.4573877,-3.1673877,5.382612,4.2626123,5.2226124,4.4326124,4.1226125,3.7226124,3.3226123,2.0426123,2.1426122,0.7326123
