wind.json
{"header": {"discipline":0,"disciplineName":"Meteorological products","gribEdition":2,"gribLength":1125,"center":7,"centerName":"US National Weather Service - NCEP(WMC)","subcenter":0,"refTime":"2023-06-29T12:00:00.000Z","significanceOfRT":1,"significanceOfRTName":"Start of forecast","productStatus":0,"productStatusName":"Operational products","productType":1,"productTypeName":"Forecast products","productDefinitionTemplate":0,"productDefinitionTemplateName":"Analysis/forecast at horizontal level/layer at a point in time","parameterCategory":2,"parameterCategoryName":"UnknownDiscipline_0_Category_2","parameterNumber":3,"parameterNumberName":"UnknownParameter_D0_C2_3","parameterUnit":"Unknown","genProcessType":2,"genProcessTypeName":"Forecast","forecastTime":60,"surface1Type":103,"surface1TypeName":"Specified height level above ground","surface1Value":10.0,"surface2Type":255,"surface2TypeName":"Missing","surface2Value":0.0,"gridDefinitionTemplate":0,"gridDefinitionTemplateName":"Latitude_Longitude","numberPoints":688,"shape":6,"shapeName":"Earth spherical with radius of 6,371,229.0 m","gridUnits":"degrees","resolution":48,"winds":"true","scanMode":64,"nx":43,"ny":16,"basicAngle":0,"lo1":45.0,"la1":40.0,"lo2":87.0,"la2":55.0,"dx":1.0,"dy":1.0}, "data":
[rows 0 to 15 of 16, columns 0 to 42 of 43]
-3.153706,1.1362939,-1.423706,-0.23370606,-1.1137061,-0.5837061,-3.3237062,-3.753706,-4.753706,-2.503706,-2.633706,-1.803706,-3.723706,-7.483706,-8.383706,-7.773706,1.796294,-0.763706,-1.5037061,-3.123706,-3.923706,0.08629394,0.34629396,1.956294,1.6362939,1.666294,2.6662939,4.446294,3.3962939,0.736294,1.416294,-0.92370605,-0.5937061,-1.063706,-1.733706,1.516294,2.876294,3.026294,2.766294,2.366294,0.6062939,1.036294,2.736294
2.1562939,-0.12370606,0.08629394,-2.523706,2.256294,1.896294,-1.3937061,-4.463706,-4.293706,-5.003706,-3.013706,-4.423706,-4.573706,-7.273706,-7.763706,-8.243706,2.9362938,-0.54370606,-1.723706,-1.443706,0.026293945,-0.6437061,0.34629396,1.066294,-0.37370604,-1.483706,-1.3737061,-2.273706,-1.593706,0.92629397,1.926294,2.806294,-1.2837061,-0.15370606,0.6062939,0.9762939,2.1862938,2.976294,2.776294,2.726294,2.236294,-3.293706,0.9062939
-0.34370604,-0.34370604,3.636294,1.776294,2.016294,1.2462939,-2.733706,-4.873706,-5.023706,-3.953706,-2.663706,-4.393706,-5.623706,-4.983706,-6.653706,-7.2037063,-4.103706,2.496294,0.986294,-1.043706,-2.203706,-0.68370605,-1.443706,2.356294,3.016294,1.4962939,-0.063706055,-1.6137061,-2.953706,0.52629393,0.13629395,1.896294,4.146294,4.116294,0.62629396,-2.3337061,-2.8137062,-1.463706,-1.683706,-2.293706,0.6662939,-0.703706,0.046293944
2.816294,2.8962939,1.166294,-4.153706,-1.983706,1.4762939,-0.35370606,-1.963706,-2.8437061,-2.5737062,-2.453706,-4.833706,-6.323706,-5.963706,-4.693706,-6.493706,-5.513706,2.6562939,1.6062939,0.24629395,-0.36370605,-0.7137061,-1.083706,-1.093706,-0.9637061,-0.063706055,1.406294,0.736294,0.39629394,0.116293944,-0.37370604,2.6462939,4.366294,2.286294,2.6962938,-1.473706,-0.31370604,3.136294,2.726294,0.57629395,0.49629393,-0.11370605,0.47629395
0.92629397,-0.053706054,0.046293944,-2.473706,-2.503706,-1.843706,-1.1237061,1.186294,-0.14370605,-1.443706,-1.1537061,-3.3437061,-4.9737062,-5.663706,-4.273706,-6.243706,-5.813706,3.9162939,1.4862939,0.7262939,3.236294,-0.14370605,-1.793706,-1.443706,2.306294,-0.54370606,0.08629394,-0.16370605,-0.17370605,-1.0237061,1.696294,0.21629395,-1.2537061,-0.92370605,-0.6437061,-1.0037061,-0.62370604,-2.983706,-1.303706,2.236294,0.62629396,1.546294,-1.683706
0.55629396,0.6062939,-0.12370606,-2.263706,-1.423706,-1.313706,0.10629395,0.37629396,2.356294,1.9662939,0.25629395,-1.5237061,-3.773706,-5.153706,-6.853706,-5.673706,-2.233706,3.356294,1.8662939,0.30629393,1.3662939,1.3462939,1.1362939,0.8562939,0.50629395,0.24629395,0.076293945,-0.46370605,-0.21370606,0.40629396,-0.50370604,-1.733706,-2.8537061,0.17629394,0.9062939,0.36629394,-0.45370606,-2.613706,-2.113706,1.3762939,0.986294,0.75629395,-1.843706
0.39629394,-0.66370606,-0.37370604,-0.31370604,-1.193706,-1.5137061,-1.813706,0.22629395,-0.44370607,1.526294,1.5862939,-0.57370603,-2.763706,-3.533706,-5.193706,-4.883706,0.99629396,4.146294,2.256294,2.586294,2.586294,2.056294,2.046294,3.6562939,2.1462939,0.076293945,0.50629395,-1.1637061,-1.973706,-1.5137061,-0.09370606,-0.79370606,-2.293706,-2.473706,-1.683706,-1.473706,1.8362939,0.94629395,0.99629396,-0.18370606,-3.363706,-1.473706,-1.4137061
-0.6437061,-0.87370604,-0.47370607,-0.0037060548,-0.46370605,1.036294,0.70629394,0.16629395,0.94629395,1.5862939,2.9262938,-0.20370606,-2.653706,-2.863706,-2.143706,-2.493706,3.856294,4.306294,3.1662939,2.836294,4.746294,2.996294,4.226294,3.216294,2.4462938,1.956294,1.156294,0.41629395,-0.93370605,0.25629395,-1.053706,-0.39370605,-1.173706,-2.5837061,-3.793706,-4.4737062,-0.79370606,-2.203706,-4.2237062,-3.3037062,-3.1037061,-2.773706,-6.173706
-0.953706,-0.82370603,-0.5237061,-0.33370605,-1.0237061,-0.99370605,0.92629397,1.646294,1.2562939,3.866294,3.596294,-0.43370605,-2.403706,-3.363706,-1.983706,-2.113706,-0.11370605,1.9962939,3.716294,2.716294,3.226294,3.6562939,1.676294,2.1962938,2.456294,3.1762938,2.876294,2.616294,3.226294,-0.27370605,0.10629395,-2.123706,-1.5137061,-1.223706,-2.373706,-2.933706,-0.74370605,0.18629394,-0.74370605,-0.33370605,0.46629393,0.06629395,-0.50370604
-0.9637061,-0.74370605,-1.223706,0.29629394,-0.13370605,0.41629395,1.2562939,2.236294,1.156294,4.326294,2.786294,1.296294,-2.0637062,-2.493706,-1.063706,1.446294,-0.72370607,0.016293945,1.526294,3.586294,3.736294,3.826294,3.996294,1.526294,4.006294,2.9462938,3.356294,4.126294,2.126294,3.386294,1.936294,1.046294,0.8562939,0.6662939,1.066294,-1.8937061,-1.803706,-1.593706,-2.8437061,-2.393706,-4.663706,-3.643706,-2.923706
-0.60370606,-0.46370605,-0.32370606,0.63629395,-0.22370605,0.47629395,1.786294,2.276294,2.836294,3.546294,2.9262938,0.69629395,-1.6637061,-1.9137061,-3.5737062,-0.7737061,-1.3937061,-1.803706,-1.1637061,3.796294,3.596294,3.976294,6.946294,7.456294,3.8962939,2.956294,3.1762938,2.886294,1.9762939,2.1862938,1.646294,1.9662939,2.116294,2.116294,1.906294,-0.23370606,-1.333706,-0.55370605,0.45629394,-1.8737061,-1.853706,-1.8637061,-2.143706
0.76629394,-0.24370605,-0.48370606,0.99629396,-0.023706054,-1.303706,0.7262939,3.126294,3.756294,4.156294,3.246294,0.71629393,-1.093706,-0.5937061,-1.593706,0.67629397,-1.323706,3.116294,4.036294,4.686294,3.496294,4.916294,5.836294,5.856294,3.876294,4.0262938,3.136294,3.6962938,2.076294,2.746294,2.506294,2.816294,2.526294,2.756294,1.896294,0.10629395,-0.85370606,-0.24370605,-0.40370604,0.93629396,0.83629394,0.6662939,-0.57370603
-0.69370604,-0.82370603,0.10629395,1.6162939,1.4962939,1.046294,0.5362939,2.1962938,2.366294,3.766294,2.826294,1.816294,-0.0037060548,1.5962939,-0.07370605,-1.053706,-1.9937061,5.006294,7.386294,4.536294,5.086294,5.246294,5.786294,3.286294,3.046294,2.996294,3.526294,3.296294,3.516294,3.956294,3.4462938,2.536294,2.106294,2.576294,1.666294,0.96629393,0.036293946,0.056293946,0.87629396,1.9662939,1.536294,1.576294,0.7862939
-0.11370605,0.29629394,-0.49370605,0.18629394,2.256294,1.2562939,1.316294,1.266294,2.286294,3.856294,3.9362938,2.566294,0.82629395,3.286294,1.8762939,-0.6437061,0.99629396,5.496294,5.746294,4.446294,3.786294,3.516294,5.726294,4.256294,4.536294,3.576294,3.856294,3.966294,3.6862938,3.066294,2.876294,2.4262938,2.116294,1.316294,0.24629395,0.9162939,0.44629395,1.5062939,1.0962939,0.22629395,0.10629395,0.96629393,1.036294
0.37629396,0.69629395,1.026294,0.62629396,0.39629394,1.946294,1.796294,2.716294,3.9062939,4.7962937,3.956294,4.126294,2.536294,2.086294,3.316294,2.636294,3.566294,4.636294,6.216294,5.7762938,4.976294,4.416294,3.796294,3.786294,3.746294,3.336294,3.526294,3.376294,2.966294,3.246294,3.1862938,3.296294,2.516294,1.706294,0.80629396,0.56629395,0.22629395,-0.78370607,0.89629394,0.43629396,0.36629394,0.46629393,0.986294
0.69629395,0.7262939,1.146294,1.536294,1.1262939,1.7262939,2.476294,3.606294,4.206294,4.736294,3.856294,3.4062939,3.336294,2.636294,1.4862939,0.076293945,0.69629395,4.096294,4.426294,6.106294,4.0462937,5.116294,4.876294,4.506294,3.856294,3.836294,3.846294,3.796294,3.826294,3.756294,3.296294,3.246294,2.9162939,2.356294,1.3462939,0.99629396,0.13629395,0.14629394,0.57629395,1.186294,0.57629395,1.166294,0.69629395
