wind_kz.json
{"header": {"discipline":0,"disciplineName":"Meteorological products","gribEdition":2,"gribLength":871,"center":7,"centerName":"US National Weather Service - NCEP(WMC)","subcenter":0,"refTime":"2023-09-25T12:00:00.000Z","significanceOfRT":1,"significanceOfRTName":"Start of forecast","productStatus":0,"productStatusName":"Operational products","productType":1,"productTypeName":"Forecast products","productDefinitionTemplate":0,"productDefinitionTemplateName":"Analysis/forecast at horizontal level/layer at a point in time","parameterCategory":0,"parameterCategoryName":"UnknownDiscipline_0_Category_0","parameterNumber":0,"parameterNumberName":"UnknownParameter_D0_C0_0","parameterUnit":"Unknown","genProcessType":2,"genProcessTypeName":"Forecast","forecastTime":180,"surface1Type":1,"surface1TypeName":"Ground or water surface","surface1Value":0.0,"surface2Type":255,"surface2TypeName":"Missing","surface2Value":0.0,"gridDefinitionTemplate":0,"gridDefinitionTemplateName":"Latitude_Longitude","numberPoints":615,"shape":6,"shapeName":"Earth spherical with radius of 6,371,229.0 m","gridUnits":"degrees","resolution":48,"winds":"true","scanMode":64,"nx":41,"ny":15,"basicAngle":0,"lo1":47.0,"la1":41.0,"lo2":87.0,"la2":55.0,"dx":1.0,"dy":1.0}, "data":
[rows 0 to 14 of 15, columns 0 to 40 of 41]
287.9021,281.3021,285.3021,293.3021,293.2021,292.3021,291.9021,293.9021,292.5021,289.4021,289.5021,290.5021,290.2021,289.7021,289.4021,287.0021,286.9021,286.7021,286.1021,286.9021,287.1021,283.4021,283.2021,279.9021,283.5021,286.1021,284.6021,272.0021,271.0021,271.9021,271.9021,273.1021,280.1021,285.5021,286.8021,286.4021,286.2021,287.2021,288.2021,287.6021,286.1021
274.7021,288.5021,292.8021,293.0021,292.8021,291.7021,291.9021,292.6021,289.6021,290.0021,289.1021,288.7021,288.4021,287.8021,286.1021,286.8021,283.2021,284.8021,284.6021,284.3021,284.0021,284.7021,284.8021,279.5021,270.2021,268.1021,279.0021,270.8021,271.7021,269.3021,273.2021,268.9021,273.5021,250.9021,271.5021,284.3021,282.0021,284.5021,287.3021,280.6021,283.6021
290.7021,292.6021,293.2021,292.5021,291.0021,293.7021,291.4021,290.8021,287.8021,287.2021,286.9021,287.7021,286.8021,287.3021,287.9021,286.4021,284.4021,282.7021,283.9021,283.7021,283.6021,285.2021,285.7021,281.2021,281.6021,281.5021,283.3021,283.1021,282.4021,276.0021,268.6021,271.5021,275.6021,275.3021,278.1021,277.9021,271.9021,274.3021,272.2021,270.1021,269.9021
291.8021,291.8021,292.5021,291.8021,291.4021,293.2021,291.7021,289.3021,289.3021,287.2021,286.7021,286.7021,290.7021,290.0021,287.7021,285.3021,286.1021,285.8021,285.2021,284.4021,282.3021,279.6021,285.4021,285.8021,285.8021,286.3021,287.0021,286.1021,282.4021,282.3021,283.3021,282.9021,286.0021,284.7021,283.3021,281.1021,270.2021,262.1021,271.5021,279.7021,283.5021
290.2021,291.0021,291.2021,290.8021,290.5021,290.0021,291.7021,290.5021,288.9021,288.3021,287.5021,286.1021,289.4021,288.3021,286.9021,286.3021,286.0021,285.9021,284.1021,286.1021,286.3021,286.3021,285.2021,285.8021,286.2021,286.3021,284.4021,284.7021,283.6021,283.8021,285.0021,282.1021,272.9021,262.7021,275.4021,286.4021,287.5021,287.1021,286.9021,286.7021,286.0021
288.9021,290.0021,290.1021,291.0021,291.1021,290.9021,290.5021,291.6021,291.5021,289.5021,289.3021,287.8021,288.8021,289.3021,287.8021,286.2021,287.8021,285.8021,286.3021,285.5021,285.5021,285.2021,285.0021,285.0021,284.6021,282.9021,282.9021,287.4021,285.0021,285.3021,283.6021,284.8021,283.7021,282.1021,280.9021,285.0021,276.6021,278.0021,282.9021,285.0021,284.3021
287.6021,288.0021,290.8021,290.4021,290.2021,291.4021,290.6021,290.1021,290.4021,290.0021,288.2021,287.8021,286.9021,287.3021,286.6021,286.9021,286.5021,286.4021,285.8021,285.5021,284.3021,284.6021,285.5021,285.4021,283.3021,282.8021,281.4021,282.3021,283.6021,284.2021,283.8021,283.6021,283.4021,284.3021,284.2021,282.4021,277.3021,273.2021,271.0021,267.9021,279.9021
288.4021,290.8021,289.0021,292.7021,292.4021,291.8021,291.2021,290.3021,288.2021,288.3021,287.9021,287.6021,287.0021,287.1021,287.4021,287.2021,286.3021,286.0021,285.3021,283.6021,282.6021,283.2021,283.4021,283.8021,282.5021,279.0021,279.4021,280.4021,279.2021,281.1021,279.7021,280.2021,280.8021,278.4021,279.3021,278.7021,281.0021,286.2021,280.5021,280.4021,276.8021
286.5021,287.8021,291.0021,290.0021,291.5021,291.0021,288.8021,290.0021,288.5021,288.1021,287.2021,286.9021,286.5021,287.1021,286.5021,286.7021,285.8021,284.9021,284.3021,283.4021,281.8021,279.7021,281.6021,281.5021,280.2021,280.5021,277.6021,277.8021,276.8021,275.2021,277.8021,278.2021,279.4021,279.6021,278.4021,277.4021,277.6021,276.4021,263.0021,265.1021,263.4021
286.5021,287.6021,290.8021,290.4021,290.3021,290.2021,290.7021,289.4021,287.8021,286.7021,286.5021,286.6021,286.7021,286.0021,285.6021,285.9021,285.5021,285.3021,283.8021,282.9021,281.6021,281.3021,281.5021,281.8021,281.5021,280.1021,279.3021,278.9021,278.5021,277.4021,277.6021,279.9021,281.3021,280.8021,279.0021,277.9021,277.0021,272.7021,270.4021,265.4021,266.5021
284.3021,285.0021,287.6021,289.1021,289.8021,289.0021,289.1021,288.6021,286.8021,286.7021,286.8021,286.7021,286.6021,286.2021,285.5021,285.2021,284.9021,285.3021,285.1021,283.4021,282.5021,281.6021,281.0021,281.4021,281.2021,280.6021,278.8021,280.2021,280.4021,280.8021,281.1021,281.7021,281.0021,281.3021,280.6021,278.2021,274.9021,271.8021,270.9021,271.0021,269.2021
283.7021,285.5021,284.6021,287.1021,288.8021,288.4021,286.9021,286.1021,286.4021,285.5021,284.2021,285.6021,285.7021,286.2021,284.9021,284.9021,285.2021,285.0021,284.2021,283.7021,282.7021,282.1021,280.9021,280.8021,280.6021,281.1021,281.1021,282.0021,282.1021,281.8021,281.2021,281.1021,281.5021,279.8021,280.3021,278.6021,278.1021,277.4021,277.1021,276.4021,275.4021
280.0021,284.3021,284.7021,283.6021,285.8021,286.8021,285.7021,285.6021,283.1021,284.6021,283.6021,282.3021,284.1021,283.4021,284.2021,284.1021,284.1021,284.1021,283.9021,283.5021,283.2021,282.3021,281.4021,281.2021,281.6021,281.9021,282.9021,282.2021,282.1021,281.6021,281.5021,281.3021,281.0021,280.6021,280.3021,279.4021,278.4021,278.9021,277.5021,276.9021,276.7021
278.7021,280.8021,283.7021,285.0021,284.1021,284.3021,284.8021,284.6021,283.8021,283.2021,282.7021,280.4021,280.7021,283.3021,283.2021,283.3021,283.2021,283.1021,283.0021,283.3021,282.9021,282.6021,283.3021,282.8021,283.1021,283.4021,282.3021,282.0021,281.6021,281.6021,282.2021,281.8021,281.5021,280.5021,280.4021,278.6021,278.5021,277.6021,276.7021,276.3021,276.5021
280.1021,283.7021,285.3021,280.2021,284.3021,281.3021,283.8021,283.6021,283.3021,284.2021,283.2021,280.7021,281.1021,280.5021,281.6021,282.3021,282.1021,282.1021,281.5021,281.7021,281.9021,282.0021,281.9021,281.9021,282.0021,282.0021,283.9021,283.5021,283.6021,283.1021,282.8021,283.6021,282.3021,282.0021,281.4021,281.1021,280.9021,279.4021,279.9021,278.3021,277.0021
