wind_kz.json
{"header": {"discipline":0,"disciplineName":"Meteorological products","gribEdition":2,"gribLength":1102,"center":7,"centerName":"US National Weather Service - NCEP(WMC)","subcenter":0,"refTime":"2023-08-22T12:00:00.000Z","significanceOfRT":1,"significanceOfRTName":"Start of forecast","productStatus":0,"productStatusName":"Operational products","productType":1,"productTypeName":"Forecast products","productDefinitionTemplate":0,"productDefinitionTemplateName":"Analysis/forecast at horizontal level/layer at a point in time","parameterCategory":2,"parameterCategoryName":"UnknownDiscipline_0_Category_2","parameterNumber":2,"parameterNumberName":"UnknownParameter_D0_C2_2","parameterUnit":"Unknown","genProcessType":2,"genProcessTypeName":"Forecast","forecastTime":120,"surface1Type":103,"surface1TypeName":"Specified height level above ground","surface1Value":10.0,"surface2Type":255,"surface2TypeName":"Missing","surface2Value":0.0,"gridDefinitionTemplate":0,"gridDefinitionTemplateName":"Latitude_Longitude","numberPoints":615,"shape":6,"shapeName":"Earth spherical with radius of 6,371,229.0 m","gridUnits":"degrees","resolution":48,"winds":"true","scanMode":64,"nx":41,"ny":15,"basicAngle":0,"lo1":47.0,"la1":41.0,"lo2":87.0,"la2":55.0,"dx":1.0,"dy":1.0}, "data":
[rows 0 to 14 of 15, columns 0 to 40 of 41]
1.446521,2.036521,-3.113479,-2.143479,0.186521,0.83652097,5.316521,1.976521,4.766521,3.556521,6.286521,5.776521,5.446521,6.536521,7.636521,9.206521,8.466521,8.016521,8.536521,9.326521,8.936521,7.846521,1.236521,5.666521,6.136521,9.366521,9.216521,4.806521,2.856521,-0.983479,0.876521,1.216521,-0.66347903,0.046520997,3.616521,-0.673479,-1.133479,-1.633479,-3.363479,-1.233479,-1.843479
0.476521,-4.113479,-2.703479,-4.563479,-1.883479,0.83652097,5.456521,4.516521,4.716521,6.156521,5.696521,4.836521,6.426521,5.256521,7.286521,9.156521,10.246521,10.776521,9.156521,9.526521,8.916521,8.626521,6.546521,1.0565209,2.176521,-1.013479,7.846521,3.156521,6.326521,1.936521,-0.523479,0.52652097,-1.983479,-1.173479,0.12652099,3.006521,0.576521,0.12652099,1.5565209,-3.113479,0.966521
-7.273479,-6.913479,-6.343479,-3.813479,-0.263479,5.706521,7.236521,8.036521,7.156521,6.056521,4.176521,5.946521,6.946521,6.276521,5.806521,9.226521,11.676521,12.036521,12.216521,10.166521,11.146521,9.086521,3.036521,9.476521,8.136521,-3.013479,-2.103479,3.466521,3.376521,-2.433479,1.136521,-1.063479,-0.053479005,2.106521,-2.803479,-1.163479,1.016521,0.706521,1.986521,-1.753479,-0.903479
-7.633479,-6.703479,-4.283479,-0.30347902,6.316521,4.286521,4.876521,6.016521,6.116521,4.636521,5.166521,7.226521,0.476521,4.776521,8.726521,9.956521,11.576521,12.286521,13.326521,11.746521,10.336521,9.026521,8.886521,9.456521,7.766521,3.736521,2.076521,-1.453479,5.376521,7.056521,0.15652099,2.936521,10.166521,10.736521,8.556521,7.446521,1.466521,0.096521,-1.173479,2.776521,4.486521
-5.533479,-3.273479,-2.693479,-1.573479,0.52652097,1.946521,3.426521,5.406521,4.826521,5.526521,6.446521,7.586521,6.456521,6.946521,8.816521,10.326521,10.136521,11.206521,12.196521,10.496521,10.036521,8.926521,8.546521,6.606521,7.096521,5.686521,4.426521,1.976521,0.066521,4.326521,2.536521,3.096521,0.20652099,-0.983479,-1.533479,-5.663479,8.456521,-2.823479,-4.143479,-0.923479,-1.643479
0.906521,2.256521,-0.353479,0.476521,0.606521,3.206521,4.746521,5.916521,3.786521,5.686521,6.966521,6.816521,7.726521,5.556521,7.436521,7.156521,9.096521,10.056521,9.956521,7.206521,3.566521,10.386521,9.526521,9.036521,5.836521,9.476521,8.506521,1.066521,5.356521,3.766521,4.406521,4.276521,3.606521,3.626521,4.626521,11.976521,3.806521,1.036521,-2.503479,-2.973479,-3.583479
-1.363479,3.236521,3.136521,4.096521,4.116521,4.886521,4.776521,5.326521,5.606521,6.346521,6.666521,6.946521,7.536521,7.186521,2.936521,7.556521,5.606521,8.446521,4.556521,0.486521,12.746521,8.316521,10.676521,9.456521,10.386521,9.626521,9.436521,7.986521,1.916521,2.296521,4.396521,5.306521,6.686521,10.246521,10.556521,13.326521,8.516521,0.596521,0.176521,2.296521,1.436521
2.366521,4.076521,2.586521,4.666521,5.246521,6.036521,6.996521,4.946521,4.796521,5.426521,6.116521,5.776521,2.776521,4.706521,2.896521,7.366521,5.556521,7.796521,6.346521,6.386521,8.776521,8.376521,9.186521,9.016521,4.336521,9.476521,8.076521,11.226521,4.176521,4.146521,4.926521,5.966521,4.816521,9.116521,10.746521,10.856521,-2.813479,-3.743479,-0.943479,3.136521,3.356521
3.866521,2.486521,3.956521,3.936521,3.776521,3.666521,3.766521,5.426521,5.126521,6.076521,5.666521,5.096521,4.236521,6.286521,2.616521,4.806521,5.076521,2.036521,4.796521,4.226521,4.466521,2.306521,8.566521,6.926521,7.756521,2.756521,3.526521,4.826521,3.256521,3.156521,4.786521,4.146521,5.656521,7.126521,10.316521,7.166521,-1.543479,-1.753479,1.426521,-0.123479,0.216521
2.996521,5.056521,3.746521,3.406521,3.076521,3.646521,4.586521,5.136521,6.016521,5.686521,5.786521,4.726521,4.716521,3.826521,-0.563479,3.016521,4.506521,3.916521,7.246521,7.376521,6.796521,4.126521,5.816521,12.686521,6.446521,7.486521,6.796521,5.716521,-0.383479,1.416521,4.596521,4.956521,2.906521,6.926521,7.826521,3.926521,1.686521,-1.463479,1.046521,-0.733479,-0.403479
4.216521,3.646521,6.256521,4.446521,4.186521,4.706521,2.666521,4.126521,4.766521,2.716521,4.356521,6.626521,0.166521,1.616521,1.0565209,0.856521,3.106521,5.606521,4.916521,1.396521,2.856521,4.656521,2.426521,3.136521,9.206521,11.276521,4.116521,6.886521,2.176521,-2.803479,-1.743479,-2.783479,-3.193479,-1.203479,6.556521,0.546521,1.236521,0.506521,1.506521,1.016521,0.216521
1.946521,2.876521,5.696521,4.596521,5.756521,4.486521,3.346521,4.456521,4.116521,3.336521,4.776521,4.156521,-0.353479,-1.283479,-1.063479,0.736521,2.396521,3.766521,-2.343479,1.276521,4.406521,1.926521,3.406521,4.296521,2.776521,-9.103479,-8.623479,-7.533479,-10.873479,-6.833479,-5.053479,-2.773479,1.296521,-2.573479,-1.793479,-0.523479,-2.623479,-3.613479,-1.953479,-0.533479,-1.333479
1.946521,5.286521,3.116521,1.906521,3.976521,1.826521,6.666521,5.666521,5.366521,3.466521,1.476521,2.696521,1.296521,-1.703479,-1.663479,-0.113479,3.286521,1.506521,-3.323479,-1.963479,-0.773479,-2.163479,1.376521,-4.183479,-2.843479,-8.373479,-8.913479,-9.293479,-8.233479,-5.883479,-3.473479,-2.933479,-4.683479,-3.003479,-3.643479,-2.053479,-2.553479,-1.983479,-3.303479,-2.303479,-1.263479
3.906521,6.426521,2.216521,5.146521,4.376521,5.956521,3.306521,3.656521,1.926521,2.156521,0.886521,2.556521,1.476521,-1.343479,-1.133479,-1.423479,4.616521,1.8065209,-3.783479,-2.873479,-1.483479,-3.593479,-4.573479,-4.313479,-6.163479,-7.703479,-4.183479,-1.423479,-5.043479,-4.983479,-3.553479,-4.613479,-5.033479,-4.573479,-3.213479,-3.823479,-2.873479,-2.813479,-3.693479,-2.353479,-1.183479
3.816521,5.356521,5.446521,2.876521,5.076521,4.196521,4.016521,4.016521,0.486521,1.116521,1.296521,4.006521,1.886521,1.766521,-0.09347901,0.806521,1.226521,1.386521,-1.563479,-5.153479,-0.23347901,-3.493479,-3.153479,-2.413479,-1.493479,-0.903479,-6.053479,-5.443479,-6.573479,-5.733479,-7.313479,-6.723479,-6.383479,-5.413479,-5.663479,-5.383479,-5.963479,-5.143479,-5.753479,-5.263479,-3.033479
