wind_kz.json
{"header": {"discipline":0,"disciplineName":"Meteorological products","gribEdition":2,"gribLength":1025,"center":7,"centerName":"US National Weather Service - NCEP(WMC)","subcenter":0,"refTime":"2023-09-29T06:00:00.000Z","significanceOfRT":1,"significanceOfRTName":"Start of forecast","productStatus":0,"productStatusName":"Operational products","productType":1,"productTypeName":"Forecast products","productDefinitionTemplate":0,"productDefinitionTemplateName":"Analysis/forecast at horizontal level/layer at a point in time","parameterCategory":2,"parameterCategoryName":"UnknownDiscipline_0_Category_2","parameterNumber":3,"parameterNumberName":"UnknownParameter_D0_C2_3","parameterUnit":"Unknown","genProcessType":2,"genProcessTypeName":"Forecast","forecastTime":0,"surface1Type":103,"surface1TypeName":"Specified height level above ground","surface1Value":10.0,"surface2Type":255,"surface2TypeName":"Missing","surface2Value":0.0,"gridDefinitionTemplate":0,"gridDefinitionTemplateName":"Latitude_Longitude","numberPoints":615,"shape":6,"shapeName":"Earth spherical with radius of 6,371,229.0 m","gridUnits":"degrees","resolution":48,"winds":"true","scanMode":64,"nx":41,"ny":15,"basicAngle":0,"lo1":47.0,"la1":41.0,"lo2":87.0,"la2":55.0,"dx":1.0,"dy":1.0}, "data":
[rows 0 to 14 of 15, columns 0 to 40 of 41]
1.267605,1.957605,-0.08239502,0.727605,-0.312395,-0.312395,0.03760498,0.287605,-0.702395,-3.012395,-3.802395,-3.802395,-3.5223951,-2.422395,-0.312395,0.10760498,-0.44239503,-1.562395,-3.402395,-2.172395,-2.002395,-3.232395,-0.282395,1.707605,2.587605,1.797605,1.587605,-0.32239503,-1.4723951,2.627605,2.947605,3.777605,2.2176049,4.007605,2.107605,0.867605,0.477605,1.207605,0.377605,0.677605,-0.14239502
-1.772395,0.36760497,1.947605,2.517605,-0.282395,-1.172395,-1.022395,-2.222395,-3.142395,-4.022395,-4.562395,-3.682395,-3.492395,-3.712395,-3.152395,3.147605,1.107605,-1.362395,-1.3323951,-3.5323951,-4.142395,-4.432395,-3.512395,-0.462395,2.707605,3.087605,2.547605,1.867605,0.18760498,2.177605,-1.262395,1.807605,1.887605,3.027605,3.107605,2.187605,1.567605,2.007605,2.247605,0.16760498,-0.14239502
2.767605,3.4676049,1.957605,0.23760498,-0.782395,-0.75239503,-1.5923951,-2.952395,-3.862395,-4.9023952,-4.932395,-3.682395,-3.322395,-2.122395,-2.292395,3.4676049,0.907605,1.9076049,-0.532395,-2.602395,-3.882395,-3.5223951,-0.94239503,1.237605,-2.882395,-2.792395,-2.652395,-2.372395,-1.162395,-1.052395,0.23760498,0.15760498,-2.952395,1.097605,0.03760498,-3.0223951,-1.422395,2.487605,-0.762395,2.107605,1.677605
1.747605,1.967605,0.75760496,-0.19239502,-0.982395,-2.292395,-2.862395,-3.862395,-5.072395,-5.282395,-4.802395,-4.612395,-5.222395,-0.56239504,-0.822395,0.847605,2.457605,1.627605,-1.172395,-2.852395,-2.752395,-1.892395,-2.942395,-0.522395,-0.93239504,-0.21239501,-1.032395,1.817605,1.857605,4.717605,0.907605,-1.4623951,-2.662395,-0.38239503,-0.042395018,1.6576049,2.077605,1.6676049,-3.0223951,-2.152395,-1.672395
1.997605,1.247605,-0.48239502,-2.712395,-2.752395,-2.672395,-2.7723951,-3.402395,-4.662395,-4.792395,-4.802395,-4.862395,-7.122395,2.317605,1.2776049,4.227605,1.9076049,-1.2223951,-3.232395,-3.352395,-1.8423951,-2.102395,-0.662395,0.737605,1.077605,0.647605,0.20760497,2.067605,2.657605,5.717605,5.377605,1.1576049,2.357605,-1.102395,0.69760495,1.007605,1.637605,-0.122395016,-1.182395,-1.242395,-1.192395
1.247605,0.14760499,-0.24239501,-1.742395,-3.302395,-4.102395,-3.922395,-3.902395,-4.782395,-5.372395,-2.312395,-1.5923951,-1.902395,-0.902395,0.16760498,0.45760497,0.12760498,-1.892395,-3.672395,-3.7823951,-3.182395,-3.982395,-3.412395,1.2776049,2.7276049,3.267605,1.247605,3.657605,2.867605,3.627605,3.077605,2.4776049,1.977605,1.427605,-1.182395,8.897605,-2.352395,1.297605,1.887605,-0.26239502,-2.042395
0.827605,0.99760497,1.007605,-0.38239503,-2.322395,-3.502395,-3.922395,-3.862395,-3.942395,-5.002395,1.387605,1.897605,0.63760495,-0.312395,-0.15239502,-0.22239502,-0.87239504,-1.652395,-4.672395,-4.012395,-4.432395,-4.602395,-5.772395,-4.032395,2.807605,3.187605,1.267605,2.047605,2.917605,3.857605,6.267605,5.567605,3.257605,4.527605,2.697605,2.257605,2.907605,2.167605,-0.21239501,2.7176049,-0.39239502
-0.0023950196,0.55760497,0.27760497,-1.322395,-1.602395,-2.342395,-2.702395,-3.092395,-3.362395,-3.392395,-1.492395,0.647605,-0.10239502,-0.652395,-0.912395,-1.392395,-2.2723951,-2.502395,-2.552395,-3.922395,-3.732395,-5.112395,-5.742395,-6.362395,-5.332395,-1.322395,0.05760498,1.1676049,3.317605,3.757605,5.087605,6.117605,6.287605,4.877605,1.637605,-0.432395,-0.602395,2.307605,-0.652395,1.327605,1.467605
-1.612395,-1.402395,-1.862395,-2.472395,-2.442395,-2.102395,-2.372395,-2.262395,-2.462395,-1.942395,-1.432395,-1.532395,-0.41239503,0.93760496,-0.20239502,-1.4623951,-2.352395,-2.182395,-2.912395,-2.862395,-3.012395,-3.622395,-5.072395,-5.102395,-5.252395,-4.482395,-2.902395,-0.93239504,0.797605,3.787605,3.7276049,-1.022395,4.047605,2.817605,4.527605,4.537605,1.847605,0.32760498,2.887605,1.5276049,0.597605
-1.772395,-1.4623951,-1.302395,-1.4623951,-1.292395,-1.532395,-1.702395,-1.692395,-1.782395,-2.0223951,-1.112395,0.317605,0.45760497,0.517605,0.04760498,-0.712395,-1.8323951,-1.2123951,-1.912395,-2.052395,-2.542395,-3.102395,-2.822395,-3.552395,-2.932395,-3.262395,-2.602395,-2.192395,-1.692395,-0.592395,0.977605,2.887605,1.767605,-0.47239503,4.957605,4.127605,2.007605,1.507605,2.547605,2.347605,3.107605
-1.692395,-1.552395,-1.012395,-0.582395,-0.55239505,-0.712395,-1.042395,-1.142395,-0.62239504,-0.602395,-0.08239502,2.847605,1.9076049,1.337605,0.36760497,-0.47239503,-1.2123951,-1.8323951,-1.5823951,-1.292395,-1.8423951,-2.352395,-3.2823951,-2.7823951,-2.232395,-1.952395,-2.472395,-2.012395,-1.572395,-2.222395,-1.262395,1.517605,2.057605,2.177605,3.167605,3.807605,1.647605,2.177605,1.927605,1.447605,1.347605
-1.512395,-0.892395,-0.582395,-0.512395,-0.402395,0.21760498,-0.09239502,-0.08239502,-0.44239503,-0.30239502,-0.772395,0.50760496,1.0276049,1.077605,-0.08239502,0.917605,0.657605,-0.62239504,-0.13239501,-1.802395,-1.532395,-1.5823951,-1.452395,-1.202395,-1.502395,-1.822395,-0.74239504,-1.802395,-1.392395,-0.652395,0.18760498,2.417605,2.557605,3.277605,2.327605,2.397605,2.307605,1.597605,0.407605,-0.03239502,-0.902395
-1.982395,-2.422395,-0.532395,-0.42239502,0.547605,-0.19239502,1.307605,1.0376049,0.75760496,0.617605,0.857605,-0.372395,0.437605,1.057605,0.87760496,0.547605,1.1576049,0.19760498,0.437605,-0.24239501,0.927605,0.26760498,-0.602395,-0.852395,-1.542395,-0.602395,-1.682395,-0.74239504,-0.402395,1.097605,-0.01239502,1.367605,2.647605,3.817605,3.307605,3.287605,3.117605,2.297605,3.357605,1.547605,1.5276049
-1.782395,-1.622395,-3.212395,-1.392395,-1.442395,0.03760498,1.5376049,1.967605,2.207605,2.147605,1.857605,0.897605,1.327605,-0.01239502,1.127605,-0.07239502,1.0276049,1.5276049,1.147605,0.717605,-0.94239503,-0.772395,0.13760498,0.56760496,0.48760498,-1.122395,-1.532395,0.02760498,-0.19239502,0.257605,0.04760498,1.137605,2.547605,3.617605,1.807605,2.107605,1.707605,1.687605,2.327605,2.427605,1.687605
-2.502395,-4.142395,-3.922395,-2.592395,-2.612395,-1.012395,0.13760498,0.897605,1.947605,2.507605,2.537605,2.317605,1.977605,0.09760498,2.627605,0.49760497,-0.29239503,1.367605,0.737605,0.917605,-0.16239502,0.467605,-0.61239505,0.02760498,1.687605,0.08760498,-0.15239502,0.14760499,1.017605,0.777605,0.69760495,2.907605,2.427605,1.647605,2.137605,1.627605,1.9176049,2.127605,2.547605,2.4776049,1.807605
