wind.json
{"header": {"discipline":0,"disciplineName":"Meteorological products","gribEdition":2,"gribLength":1211,"center":7,"centerName":"US National Weather Service - NCEP(WMC)","subcenter":0,"refTime":"2023-06-27T12:00:00.000Z","significanceOfRT":1,"significanceOfRTName":"Start of forecast","productStatus":0,"productStatusName":"Operational products","productType":1,"productTypeName":"Forecast products","productDefinitionTemplate":0,"productDefinitionTemplateName":"Analysis/forecast at horizontal level/layer at a point in time","parameterCategory":2,"parameterCategoryName":"UnknownDiscipline_0_Category_2","parameterNumber":2,"parameterNumberName":"UnknownParameter_D0_C2_2","parameterUnit":"Unknown","genProcessType":2,"genProcessTypeName":"Forecast","forecastTime":120,"surface1Type":103,"surface1TypeName":"Specified height level above ground","surface1Value":10.0,"surface2Type":255,"surface2TypeName":"Missing","surface2Value":0.0,"gridDefinitionTemplate":0,"gridDefinitionTemplateName":"Latitude_Longitude","numberPoints":688,"shape":6,"shapeName":"Earth spherical with radius of 6,371,229.0 m","gridUnits":"degrees","resolution":48,"winds":"true","scanMode":64,"nx":43,"ny":16,"basicAngle":0,"lo1":45.0,"la1":40.0,"lo2":87.0,"la2":55.0,"dx":1.0,"dy":1.0}, "data":
[rows 0 to 15 of 16, columns 0 to 42 of 43]
2.496922,-2.843078,-2.473078,-4.043078,-4.533078,-1.553078,0.22692199,1.906922,4.586922,-0.473078,1.206922,1.596922,2.226922,3.826922,3.696922,3.846922,4.636922,5.536922,6.796922,5.536922,7.006922,1.036922,10.526921,4.416922,2.936922,7.266922,0.126922,0.726922,3.296922,1.936922,2.986922,-0.16307801,8.906922,2.356922,1.486922,-0.113078006,0.626922,-0.103078,-0.023078002,1.766922,2.346922,1.316922,1.876922
-2.293078,-2.873078,1.126922,1.706922,-2.423078,-4.873078,-0.293078,2.726922,6.046922,6.286922,4.476922,3.316922,4.136922,4.476922,5.756922,4.786922,4.646922,5.526922,6.816922,8.226922,8.116922,7.276922,7.516922,12.336922,7.156922,7.116922,5.456922,3.306922,7.236922,6.336922,4.516922,1.186922,-2.013078,3.696922,-2.173078,-1.243078,2.036922,0.236922,1.426922,2.086922,2.616922,3.356922,3.756922
-1.803078,1.136922,0.676922,-4.783078,-4.313078,-2.423078,0.466922,2.586922,6.936922,6.576922,5.776922,5.996922,6.856922,6.886922,5.626922,4.786922,3.956922,6.286922,7.946922,9.596922,9.916922,9.776922,8.606922,11.7869215,9.466922,7.046922,1.696922,3.146922,0.166922,2.576922,1.306922,-4.813078,0.016921997,-0.583078,-1.653078,-1.373078,-0.033078004,3.066922,3.226922,4.186922,3.836922,1.036922,0.936922
-1.613078,-1.563078,-4.513078,-2.883078,-1.253078,1.566922,3.156922,7.566922,7.076922,5.976922,6.606922,6.546922,6.516922,7.166922,6.676922,4.506922,5.636922,7.616922,9.446922,9.276922,9.396922,10.316921,8.156922,2.376922,7.126922,8.746922,5.796922,4.356922,0.40692198,-0.193078,-3.863078,-1.473078,0.656922,-1.323078,-0.233078,2.116922,-1.943078,1.236922,2.326922,-0.173078,5.586922,6.546922,-0.34307802
1.726922,2.436922,-0.213078,-1.893078,2.026922,4.466922,6.296922,8.196922,4.516922,6.466922,7.096922,7.526922,7.556922,7.316922,-1.273078,2.216922,7.676922,9.476922,9.776922,10.226922,11.546922,5.366922,5.926922,5.376922,6.106922,7.096922,2.446922,1.296922,-2.793078,-3.973078,-4.023078,-2.013078,-0.13307801,4.146922,3.606922,3.526922,5.286922,1.106922,0.40692198,0.54692197,-1.063078,0.126922,1.886922
4.206922,4.226922,5.846922,3.716922,5.686922,6.956922,8.386922,8.396922,9.076922,9.876922,8.406922,8.336922,9.106922,9.036922,2.766922,5.326922,8.296922,11.476921,11.606921,9.356922,9.976922,6.796922,7.336922,4.726922,2.536922,-2.863078,-5.763078,-4.353078,-7.003078,-5.853078,-6.043078,-4.993078,-4.083078,-2.953078,-1.143078,1.176922,-1.373078,-0.893078,4.576922,-0.363078,0.236922,1.276922,-3.563078
6.656922,7.976922,8.016922,7.456922,6.476922,8.466922,9.456922,8.676922,9.016922,9.636922,9.516922,8.946922,8.176922,9.346922,9.266922,4.206922,8.436922,8.586922,8.746922,10.676922,8.876922,5.366922,6.256922,5.506922,-0.203078,-2.703078,-8.573078,-7.083078,-7.733078,-5.273078,-7.643078,-8.093078,-7.483078,-6.273078,-5.313078,-3.343078,-2.913078,1.726922,0.346922,3.466922,-1.183078,1.536922,-1.153078
7.866922,7.136922,5.546922,8.126922,8.576922,9.576922,9.406922,9.366922,9.996922,10.146922,9.826922,7.696922,8.576922,9.286922,4.656922,8.816922,7.396922,3.806922,2.816922,5.446922,3.896922,-0.833078,2.716922,0.556922,-1.473078,-5.573078,-5.673078,-5.683078,-6.153078,-4.883078,-4.583078,-6.083078,-7.393078,-6.993078,-5.543078,-3.023078,0.276922,-0.493078,-2.373078,0.486922,2.916922,0.43692198,4.616922
6.786922,6.066922,8.216922,8.966922,10.266921,8.866922,8.206922,7.916922,8.696922,8.716922,9.176922,8.816922,8.646922,9.366922,6.226922,11.806921,5.486922,5.016922,5.066922,5.436922,5.246922,2.426922,-1.413078,-1.143078,-4.533078,-3.603078,-2.973078,-4.603078,-4.973078,-5.523078,-5.833078,-6.453078,-7.183078,-6.903078,-6.323078,-5.863078,-5.633078,-3.243078,-3.523078,6.406922,6.946922,8.186922,8.066922
6.306922,8.396922,9.516922,10.546922,9.416922,7.556922,8.366922,7.166922,9.596922,11.526921,6.646922,0.766922,7.596922,7.296922,8.036922,9.736922,5.346922,5.936922,5.066922,2.646922,9.866922,-0.503078,-3.103078,-3.393078,-3.403078,-2.393078,-1.783078,-3.533078,-1.853078,-4.343078,-4.423078,-5.553078,-6.353078,-5.873078,-5.403078,-3.983078,-1.953078,-0.713078,-0.253078,-0.763078,-1.603078,1.046922,-1.863078
8.166922,7.406922,6.136922,7.456922,9.576922,6.406922,7.856922,7.296922,4.416922,1.876922,3.986922,1.996922,3.496922,9.106922,4.396922,10.716922,2.436922,6.216922,0.666922,6.816922,2.846922,-3.613078,-3.053078,-3.503078,-3.903078,-2.453078,-3.273078,-4.253078,-5.363078,-4.633078,-5.623078,-5.823078,-5.533078,-5.213078,-4.283078,-3.943078,-2.923078,0.356922,-0.513078,-1.603078,-0.943078,-1.573078,0.186922
6.706922,5.936922,5.866922,6.116922,6.806922,6.996922,5.986922,6.526922,4.926922,5.776922,3.866922,2.866922,5.596922,6.236922,4.936922,4.556922,2.536922,2.286922,2.876922,-1.693078,-1.253078,1.386922,-2.253078,-3.503078,-3.493078,-5.443078,-5.383078,-5.233078,-5.133078,-5.213078,-6.173078,-6.463078,-5.603078,-4.743078,-4.613078,-4.543078,-4.663078,-3.023078,-1.863078,-0.253078,-2.213078,-1.003078,-0.493078
4.866922,4.476922,5.976922,7.216922,7.206922,6.766922,4.126922,5.896922,3.686922,3.856922,3.516922,4.616922,3.266922,3.976922,4.816922,3.486922,1.316922,1.536922,6.216922,3.696922,-1.413078,2.626922,3.866922,-2.753078,-5.133078,-4.393078,-4.623078,-5.033078,-4.783078,-5.603078,-5.873078,-5.583078,-4.313078,-4.793078,-4.213078,-3.823078,-4.573078,-4.763078,-4.493078,-6.383078,-3.713078,-1.023078,-1.223078
3.906922,3.736922,3.926922,6.006922,6.636922,5.406922,7.096922,3.966922,5.816922,4.646922,5.856922,3.796922,2.596922,3.336922,2.196922,1.366922,1.086922,2.796922,2.206922,2.086922,4.626922,6.176922,4.376922,-3.683078,-3.633078,-1.343078,-3.713078,-5.243078,-5.653078,-5.273078,-5.693078,-4.273078,-4.543078,-4.353078,-3.683078,-3.763078,-4.443078,-3.063078,-2.063078,-2.943078,-1.733078,-2.173078,-0.70307803
4.046922,2.886922,4.736922,5.506922,6.006922,4.926922,5.196922,4.836922,4.526922,3.816922,3.386922,2.436922,3.456922,2.906922,3.016922,3.316922,1.846922,2.346922,1.916922,2.876922,4.086922,5.216922,4.396922,-3.003078,-2.723078,-5.953078,-5.353078,-5.893078,-4.723078,-4.823078,-3.753078,-4.313078,-3.033078,-3.923078,-3.793078,-2.673078,-3.903078,-3.763078,-1.503078,-0.153078,-3.863078,-3.023078,1.236922
4.886922,5.516922,3.896922,5.386922,6.506922,5.736922,5.606922,4.656922,4.186922,3.176922,4.226922,1.886922,2.906922,4.306922,0.526922,1.436922,-0.643078,0.206922,2.846922,1.496922,2.776922,1.926922,-2.843078,-4.023078,-5.473078,-6.533078,-6.803078,-5.383078,-3.813078,-3.913078,-2.483078,-4.793078,-4.113078,-1.343078,-3.763078,-4.013078,-3.273078,-3.413078,-2.103078,-2.233078,-1.793078,-1.273078,-1.203078
