wind_kz.json
{"header": {"discipline":0,"disciplineName":"Meteorological products","gribEdition":2,"gribLength":1025,"center":7,"centerName":"US National Weather Service - NCEP(WMC)","subcenter":0,"refTime":"2024-01-30T18:00:00.000Z","significanceOfRT":1,"significanceOfRTName":"Start of forecast","productStatus":0,"productStatusName":"Operational products","productType":1,"productTypeName":"Forecast products","productDefinitionTemplate":0,"productDefinitionTemplateName":"Analysis/forecast at horizontal level/layer at a point in time","parameterCategory":2,"parameterCategoryName":"UnknownDiscipline_0_Category_2","parameterNumber":3,"parameterNumberName":"UnknownParameter_D0_C2_3","parameterUnit":"Unknown","genProcessType":2,"genProcessTypeName":"Forecast","forecastTime":300,"surface1Type":103,"surface1TypeName":"Specified height level above ground","surface1Value":10.0,"surface2Type":255,"surface2TypeName":"Missing","surface2Value":0.0,"gridDefinitionTemplate":0,"gridDefinitionTemplateName":"Latitude_Longitude","numberPoints":615,"shape":6,"shapeName":"Earth spherical with radius of 6,371,229.0 m","gridUnits":"degrees","resolution":48,"winds":"true","scanMode":64,"nx":41,"ny":15,"basicAngle":0,"lo1":47.0,"la1":41.0,"lo2":87.0,"la2":55.0,"dx":1.0,"dy":1.0}, "data":
[rows 0 to 14 of 15, columns 0 to 40 of 41]
-1.1256543,0.3343457,-0.0556543,10.004346,4.6943455,4.9443455,4.334346,3.9643457,2.6643457,3.3543458,2.2443457,2.7243457,2.2343457,1.6343457,1.7043457,1.2443457,0.2743457,-1.1756543,-1.6556543,-0.0756543,1.3143457,-0.9656543,-0.7856543,-1.2556543,0.1443457,-3.0056543,-0.7356543,2.2143457,-2.0256543,-2.6056542,-2.9956543,-2.7856543,-1.1656543,0.1143457,-0.5356543,-0.7456543,1.3743457,-2.2356544,1.1143457,5.0543456,1.7043457
4.0543456,-3.8956542,7.7043457,7.8243456,7.794346,7.604346,3.1743457,4.504346,4.254346,3.9143457,4.104346,2.5043457,2.2843456,2.1043458,0.6443457,0.5843457,0.5243457,0.1943457,0.054345705,0.3243457,0.1543457,-1.7756543,-1.6256543,1.3943458,0.9343457,2.0243456,1.2243457,0.1643457,-0.5156543,2.3743458,0.5243457,-2.3056543,-0.005654297,-3.7456543,0.0743457,1.2843457,-0.4756543,0.6343457,1.3543457,1.4743457,1.4843457
0.8843457,2.3743458,4.5343456,6.984346,6.2043457,4.124346,4.084346,4.4043455,5.774346,4.9943457,4.0143456,3.4343457,2.3443458,1.8943458,0.8143457,0.4243457,1.0443457,1.1443458,0.4543457,0.2343457,0.4343457,0.054345705,-1.5556543,-0.17565429,0.4643457,-0.7556543,-0.49565428,-0.7356543,-0.3256543,-0.2156543,-0.7156543,0.0943457,0.5443457,-0.46565428,0.5043457,-1.1956543,-2.9656544,-1.9456543,-0.8156543,-0.095654294,-0.4256543
3.0943458,3.9543457,5.1343455,5.274346,3.6743457,5.3243456,6.294346,6.1943455,5.7643456,5.214346,4.4743457,3.9443457,4.774346,3.3643458,1.4343457,0.5643457,1.0443457,0.7043457,0.4543457,1.1543458,1.3443457,-0.6456543,1.6543458,0.9543457,1.7943457,0.4643457,0.6843457,0.5543457,0.4643457,-0.2656543,-1.2756543,-1.3756543,0.8143457,-0.17565429,1.4743457,1.7643456,2.8943458,3.7843456,-2.8756542,-0.9556543,-2.0056543
2.6243458,1.7043457,0.8643457,0.9343457,2.3243456,2.9743457,3.7343457,5.274346,6.064346,5.274346,5.1443458,5.354346,4.8043456,3.3243456,2.6143458,1.7543457,1.1043457,0.6543457,-0.0556543,-0.5356543,-0.1056543,0.4843457,-0.2456543,-0.2556543,-0.2356543,-0.6756543,0.3343457,-0.4856543,-0.095654294,0.5843457,1.0543457,2.3643458,3.1243458,2.7443457,0.6443457,0.6943457,-1.4856544,0.2943457,0.1643457,-1.9456543,-1.6656543
2.0043457,1.7243457,1.4243457,2.2143457,2.2043457,2.3043456,3.7243457,4.7243457,5.2043457,4.2243457,3.2243457,3.2443457,3.7143457,3.8143456,1.8943458,1.7443457,1.7543457,1.1043457,0.8243457,0.004345703,0.3343457,0.7143457,0.25434572,0.3843457,0.4143457,0.5443457,0.054345705,-0.1356543,0.28434572,0.1743457,0.7143457,0.9043457,0.7543457,2.4743457,2.1643457,-1.1756543,-1.5356543,-2.8456542,-3.4356544,-0.005654297,0.6343457
2.1343458,2.1143458,3.0443456,2.5443456,2.5543456,2.9543457,2.8143456,2.7443457,2.2143457,2.3943458,2.3243456,2.3843458,3.0643456,2.4943457,1.8143457,2.1843457,1.8643457,1.5743457,1.4343457,1.1043457,0.3743457,0.4943457,0.9043457,1.1043457,0.8943457,0.24434571,0.6243457,0.2743457,-0.43565428,0.4943457,0.7943457,0.5143457,1.3743457,1.1043457,1.0043457,1.8743457,2.0643456,3.0343456,-1.2056543,1.8543457,-4.7356544
2.8443458,2.9943457,2.9743457,3.1643457,3.2843456,3.4243457,4.1843457,4.0743456,3.8843458,2.9643457,3.2343457,2.7043457,2.3043456,1.6943457,1.4343457,1.8843457,1.6043457,1.9143457,2.2943456,2.3043456,-0.49565428,0.4743457,1.0343457,2.3643458,1.9943457,2.1043458,0.5943457,0.5443457,-0.2156543,0.9843457,1.3543457,1.9643457,0.92434573,3.3043456,5.604346,3.5443456,0.7643457,-0.5456543,-1.6856543,-0.43565428,-0.7956543
3.4943457,3.6743457,3.4343457,3.3243456,3.4643457,4.4443455,4.0143456,3.6143458,3.5043457,3.8143456,2.8843458,2.4343457,1.6243457,2.1543458,1.9943457,2.6843457,2.2743456,2.6643457,3.1643457,3.1943457,1.9943457,0.2043457,1.3543457,1.5043457,2.7843456,3.7043457,2.7343457,2.6143458,1.5143456,0.8543457,2.1343458,3.4443457,4.1543455,3.0743456,4.3443456,3.5143456,2.1143458,3.0343456,4.7643456,2.6643457,3.8643458
3.6143458,3.0243456,3.3343458,3.6143458,3.3743458,3.4443457,3.7443457,3.6843457,3.8243456,3.6743457,3.2143457,2.8643458,2.9143457,2.4543457,2.7443457,2.3643458,2.7343457,2.5543456,2.8543458,3.1143458,3.0043457,2.0043457,0.4943457,1.7643456,2.1343458,2.4443457,3.0843458,2.6443458,2.5243456,2.6343458,1.7943457,1.7243457,1.0343457,1.8543457,3.0743456,4.4543457,2.3543458,3.1743457,5.254346,4.5743456,3.9343457
4.064346,4.1343455,3.9043458,2.6843457,2.9843457,3.6443458,4.5543456,4.2243457,4.104346,3.8243456,4.1143456,3.4643457,3.5643456,3.2743456,2.6643457,3.2743456,3.2743456,2.4343457,2.9843457,3.2943456,2.8843458,1.7443457,0.7943457,1.9343457,2.4443457,3.0343456,2.2543457,2.6043458,2.9843457,1.0743457,0.7843457,1.1143457,1.9343457,2.8243456,4.2043457,4.6443458,5.0543456,2.5743456,6.234346,3.4343457,1.6543458
2.6043458,3.5043457,3.7543457,4.0543456,3.6743457,3.6743457,3.0943458,3.6143458,3.6443458,4.0343456,2.9943457,1.0843457,3.6743457,3.4443457,2.7343457,3.6143458,2.9843457,2.3343458,2.8843458,2.5043457,2.3743458,1.2243457,0.7343457,1.7343457,1.3143457,2.0043457,3.9143457,1.4543457,0.5843457,0.4843457,1.1643457,2.2843456,2.4943457,3.1443458,3.4043458,4.504346,4.6943455,3.7243457,-0.3656543,-0.7256543,-1.4556543
4.544346,4.4043455,4.714346,4.124346,4.1543455,2.8343458,3.6943457,4.7643456,5.254346,3.1843457,1.7643456,1.2543457,2.7043457,2.7543457,2.5843458,2.7243457,2.8643458,2.6243458,3.5743456,2.3843458,2.8943458,2.7443457,1.2843457,0.0343457,0.004345703,1.8243457,0.4643457,0.67434573,1.2843457,1.3143457,1.8743457,2.1943457,2.4443457,3.0743456,3.5443456,3.8343458,3.6943457,2.2143457,2.8743458,2.3743458,1.6343457
4.834346,4.5143456,4.9543457,5.0143456,4.0743456,4.5743456,4.6743455,4.5743456,5.124346,5.314346,3.1543458,1.3643457,0.3043457,1.6343457,1.5843457,2.3143456,2.6843457,3.1343458,2.8943458,2.0843458,1.5843457,1.7743458,1.2443457,0.6443457,0.7043457,0.5143457,0.3743457,0.7143457,0.7743457,1.3143457,1.5143456,1.9043458,2.5343456,3.0743456,2.9543457,3.5343456,3.1643457,2.8743458,3.0043457,2.7743456,2.9743457
3.5843458,3.8843458,4.854346,5.1543455,5.1743455,4.7843456,4.8943458,5.0343456,4.8843455,4.734346,3.1943457,2.7843456,2.6643457,1.0743457,2.8443458,2.7743456,2.8643458,2.5443456,2.3443458,0.9943457,0.5543457,0.6843457,0.5843457,0.1543457,0.3243457,0.3043457,0.4943457,0.4043457,0.6343457,0.5943457,1.1543458,1.7043457,2.1643457,2.8743458,3.0043457,2.8543458,3.7643456,3.3743458,2.1843457,2.1943457,2.2643456
