wind_kz.json
{"header": {"discipline":0,"disciplineName":"Meteorological products","gribEdition":2,"gribLength":871,"center":7,"centerName":"US National Weather Service - NCEP(WMC)","subcenter":0,"refTime":"2024-04-09T00:00:00.000Z","significanceOfRT":1,"significanceOfRTName":"Start of forecast","productStatus":0,"productStatusName":"Operational products","productType":1,"productTypeName":"Forecast products","productDefinitionTemplate":0,"productDefinitionTemplateName":"Analysis/forecast at horizontal level/layer at a point in time","parameterCategory":0,"parameterCategoryName":"UnknownDiscipline_0_Category_0","parameterNumber":0,"parameterNumberName":"UnknownParameter_D0_C0_0","parameterUnit":"Unknown","genProcessType":2,"genProcessTypeName":"Forecast","forecastTime":120,"surface1Type":1,"surface1TypeName":"Ground or water surface","surface1Value":0.0,"surface2Type":255,"surface2TypeName":"Missing","surface2Value":0.0,"gridDefinitionTemplate":0,"gridDefinitionTemplateName":"Latitude_Longitude","numberPoints":615,"shape":6,"shapeName":"Earth spherical with radius of 6,371,229.0 m","gridUnits":"degrees","resolution":48,"winds":"true","scanMode":64,"nx":41,"ny":15,"basicAngle":0,"lo1":47.0,"la1":41.0,"lo2":87.0,"la2":55.0,"dx":1.0,"dy":1.0}, "data":
[rows 0 to 14 of 15, columns 0 to 40 of 41]
282.3706,276.3706,280.9706,281.57062,282.3706,283.6706,284.57062,286.9706,286.2706,288.2706,286.3706,288.8706,286.9706,287.57062,286.1706,285.07062,286.3706,287.4706,288.2706,286.57062,285.7706,287.6706,286.8706,282.3706,287.3706,289.1706,284.6706,274.4706,272.3706,270.2706,266.7706,266.7706,279.2706,284.6706,286.07062,285.57062,285.4706,285.2706,285.1706,284.6706,284.8706
271.1706,282.07062,281.7706,281.7706,282.1706,282.7706,285.3706,285.4706,284.6706,284.8706,285.3706,284.4706,283.2706,283.7706,285.8706,286.1706,287.07062,287.6706,287.9706,287.8706,288.2706,285.57062,284.8706,278.4706,269.1706,272.9706,282.1706,275.6706,277.6706,265.8706,273.07062,258.7706,270.9706,252.0706,260.7706,281.4706,279.7706,281.4706,283.9706,277.8706,279.4706
284.3706,281.8706,281.9706,282.07062,282.07062,283.57062,283.6706,283.3706,283.57062,282.6706,281.2706,281.2706,281.1706,280.2706,282.6706,284.1706,285.1706,286.1706,287.2706,288.8706,289.1706,288.7706,285.2706,279.8706,282.9706,282.2706,284.8706,285.4706,283.3706,278.3706,271.6706,271.3706,275.8706,275.6706,276.57062,276.4706,268.6706,272.57062,271.8706,268.07062,261.2706
282.3706,282.9706,282.1706,282.07062,282.57062,284.57062,285.1706,284.4706,284.4706,283.6706,282.4706,281.1706,285.4706,285.9706,281.8706,284.1706,283.6706,285.1706,286.6706,287.4706,287.9706,284.9706,287.9706,288.07062,287.7706,286.7706,285.7706,283.07062,283.07062,283.2706,282.3706,282.1706,284.57062,285.07062,282.07062,279.6706,270.07062,261.1706,272.2706,275.8706,277.7706
284.3706,283.6706,282.7706,283.1706,283.1706,283.4706,284.7706,285.2706,283.7706,284.1706,283.6706,283.1706,284.7706,284.4706,282.7706,281.1706,282.1706,281.9706,284.1706,284.8706,286.1706,287.4706,286.6706,284.7706,283.7706,283.1706,281.4706,280.4706,283.7706,284.3706,283.1706,280.3706,273.8706,260.1706,273.6706,277.6706,278.07062,279.07062,279.2706,279.57062,277.57062
288.3706,285.57062,283.6706,282.3706,280.9706,281.4706,284.6706,286.6706,285.8706,285.57062,285.1706,284.07062,283.57062,283.7706,276.57062,282.07062,282.3706,280.9706,282.07062,282.6706,282.7706,283.07062,282.8706,281.4706,280.6706,280.07062,280.2706,271.6706,279.9706,280.7706,281.7706,281.57062,279.07062,277.07062,277.1706,277.8706,272.57062,273.07062,275.57062,277.3706,277.7706
286.6706,286.9706,289.1706,287.8706,285.2706,284.2706,284.8706,285.3706,286.1706,285.6706,284.3706,283.57062,283.4706,283.1706,282.7706,282.57062,282.4706,282.8706,281.07062,279.7706,279.57062,280.57062,280.6706,280.1706,278.7706,278.6706,278.7706,279.8706,279.9706,279.6706,279.07062,279.3706,278.4706,278.4706,277.6706,275.9706,272.8706,268.8706,264.8706,266.57062,273.6706
286.1706,286.6706,288.4706,289.7706,289.57062,286.6706,285.57062,283.7706,283.07062,283.8706,284.8706,283.7706,283.9706,282.8706,283.57062,283.57062,284.57062,282.3706,281.07062,281.9706,279.1706,278.7706,278.6706,277.7706,277.1706,275.7706,276.57062,277.7706,277.3706,277.8706,276.6706,276.7706,276.3706,272.2706,272.57062,272.57062,273.4706,271.6706,274.6706,274.1706,272.4706
285.57062,282.57062,284.57062,284.07062,283.9706,282.6706,282.57062,281.9706,281.1706,279.7706,280.2706,280.6706,280.6706,281.8706,282.9706,283.1706,282.8706,284.1706,283.07062,280.7706,280.9706,279.57062,280.6706,277.7706,276.6706,276.6706,275.6706,274.6706,275.07062,273.7706,274.3706,274.9706,276.7706,274.9706,273.3706,272.07062,272.3706,271.57062,261.9706,262.6706,261.1706
284.4706,283.4706,281.2706,280.9706,282.1706,284.3706,283.7706,283.3706,280.3706,279.07062,278.4706,277.8706,279.07062,279.6706,279.4706,279.8706,280.3706,280.57062,281.3706,283.1706,282.1706,282.1706,282.8706,282.07062,281.57062,279.8706,279.7706,279.07062,275.8706,275.6706,276.07062,277.57062,278.2706,277.07062,275.1706,273.2706,271.57062,265.07062,263.57062,266.9706,261.07062
284.07062,284.1706,281.4706,280.8706,281.7706,281.07062,283.1706,282.6706,279.7706,278.57062,278.3706,278.6706,279.57062,279.4706,279.9706,280.07062,280.4706,281.1706,279.9706,279.07062,280.2706,278.8706,279.9706,280.6706,280.6706,281.07062,279.3706,281.57062,281.2706,282.07062,281.4706,281.3706,278.2706,277.9706,277.7706,274.8706,271.3706,269.9706,270.3706,268.7706,264.9706
283.07062,281.8706,281.07062,280.57062,281.9706,281.8706,280.7706,280.8706,281.2706,281.07062,280.1706,279.4706,280.57062,278.8706,279.57062,278.7706,278.7706,278.7706,278.9706,279.57062,278.3706,278.6706,278.8706,278.3706,278.2706,279.2706,279.57062,280.7706,280.57062,281.2706,281.9706,279.8706,281.3706,278.57062,278.6706,277.3706,277.1706,277.2706,275.7706,275.6706,273.8706
279.57062,278.9706,281.6706,281.57062,280.9706,279.6706,278.4706,276.3706,275.9706,276.6706,275.7706,276.4706,278.8706,277.1706,278.4706,277.7706,277.1706,276.7706,277.2706,276.8706,276.9706,277.07062,277.2706,277.1706,277.6706,278.57062,279.1706,279.2706,280.57062,280.3706,280.3706,279.6706,279.3706,279.2706,279.8706,278.3706,277.6706,278.7706,276.57062,275.3706,275.2706
277.07062,277.7706,275.1706,277.4706,277.4706,276.7706,277.4706,276.4706,276.9706,278.2706,276.7706,275.1706,275.57062,275.8706,277.2706,275.3706,276.07062,275.1706,275.1706,275.2706,275.8706,275.9706,276.1706,276.3706,276.9706,277.6706,278.2706,278.3706,278.1706,279.6706,279.4706,277.8706,277.6706,277.07062,277.6706,275.8706,277.2706,276.6706,276.1706,275.1706,275.57062
274.1706,275.7706,271.6706,274.3706,274.07062,273.7706,274.2706,273.4706,274.3706,275.57062,276.7706,275.3706,275.7706,275.57062,277.07062,277.1706,276.9706,276.2706,274.9706,275.07062,274.9706,276.3706,275.9706,275.9706,277.7706,276.2706,276.6706,276.8706,276.3706,276.4706,276.4706,275.1706,276.9706,278.8706,277.7706,277.2706,277.1706,276.7706,276.8706,276.1706,275.3706
