wind_kz.json
{"header": {"discipline":0,"disciplineName":"Meteorological products","gribEdition":2,"gribLength":948,"center":7,"centerName":"US National Weather Service - NCEP(WMC)","subcenter":0,"refTime":"2023-09-28T12:00:00.000Z","significanceOfRT":1,"significanceOfRTName":"Start of forecast","productStatus":0,"productStatusName":"Operational products","productType":1,"productTypeName":"Forecast products","productDefinitionTemplate":0,"productDefinitionTemplateName":"Analysis/forecast at horizontal level/layer at a point in time","parameterCategory":0,"parameterCategoryName":"UnknownDiscipline_0_Category_0","parameterNumber":0,"parameterNumberName":"UnknownParameter_D0_C0_0","parameterUnit":"Unknown","genProcessType":2,"genProcessTypeName":"Forecast","forecastTime":120,"surface1Type":1,"surface1TypeName":"Ground or water surface","surface1Value":0.0,"surface2Type":255,"surface2TypeName":"Missing","surface2Value":0.0,"gridDefinitionTemplate":0,"gridDefinitionTemplateName":"Latitude_Longitude","numberPoints":615,"shape":6,"shapeName":"Earth spherical with radius of 6,371,229.0 m","gridUnits":"degrees","resolution":48,"winds":"true","scanMode":64,"nx":41,"ny":15,"basicAngle":0,"lo1":47.0,"la1":41.0,"lo2":87.0,"la2":55.0,"dx":1.0,"dy":1.0}, "data":
[rows 0 to 14 of 15, columns 0 to 40 of 41]
300.62503,289.12503,290.22504,294.12503,294.12503,293.325,302.12503,304.825,304.02502,304.325,302.12503,302.22504,301.325,301.72504,301.52502,301.22504,301.22504,300.52502,301.325,302.12503,302.825,298.62503,299.02502,294.02502,297.12503,298.72504,292.825,280.325,277.22504,277.52502,278.62503,276.72504,287.42502,294.22504,294.92502,295.02502,295.72504,295.22504,294.825,295.62503,294.12503
277.02502,287.92502,293.92502,294.12503,294.02502,292.12503,307.72504,303.92502,302.52502,302.02502,303.02502,301.12503,301.825,300.52502,301.22504,300.52502,299.92502,300.62503,299.52502,299.72504,299.325,298.42502,296.12503,287.52502,277.72504,275.42502,287.42502,281.12503,282.825,276.825,281.72504,270.12503,278.02502,250.62503,275.42502,290.72504,289.52502,291.52502,294.825,287.12503,284.92502
288.52502,293.52502,293.92502,293.72504,291.62503,303.62503,302.92502,301.02502,301.22504,300.325,299.42502,300.72504,300.325,299.825,298.825,299.62503,299.22504,298.62503,298.325,298.325,298.12503,297.02502,296.52502,290.325,295.325,293.02502,294.62503,294.52502,292.52502,282.42502,272.325,274.42502,280.62503,283.62503,285.22504,282.02502,274.325,279.02502,280.92502,274.92502,274.92502
296.12503,292.825,293.62503,292.72504,293.92502,300.825,302.02502,302.12503,301.52502,300.72504,300.02502,296.72504,290.52502,289.92502,297.52502,298.325,297.825,297.92502,298.42502,298.325,297.02502,292.72504,295.92502,295.825,295.52502,296.92502,297.62503,294.72504,293.42502,293.02502,293.22504,289.42502,293.12503,292.72504,291.52502,288.22504,276.72504,272.22504,279.22504,288.42502,292.52502
291.825,291.92502,292.42502,291.62503,295.22504,302.12503,303.42502,301.42502,299.72504,299.42502,299.22504,296.22504,289.62503,288.52502,287.42502,298.42502,298.825,297.42502,296.92502,297.02502,297.325,297.325,296.825,296.325,295.72504,295.825,295.02502,291.825,295.325,293.325,293.62503,290.825,279.02502,270.825,281.02502,288.72504,291.62503,293.325,294.02502,294.52502,294.52502
293.72504,291.02502,290.72504,291.72504,291.825,291.42502,301.825,299.72504,299.52502,298.92502,298.325,298.62503,290.825,290.52502,292.42502,296.62503,299.02502,298.22504,297.22504,297.325,297.325,297.02502,296.22504,295.92502,295.22504,292.22504,292.02502,288.02502,294.52502,294.42502,290.42502,291.92502,290.22504,292.52502,290.42502,291.325,284.92502,285.22504,292.02502,293.72504,292.825
301.325,300.825,295.52502,292.92502,296.92502,297.52502,299.22504,297.92502,298.325,297.825,298.22504,296.92502,296.42502,296.62503,296.52502,297.825,297.325,297.42502,297.12503,296.52502,296.12503,296.02502,295.325,294.92502,292.62503,292.22504,291.92502,292.92502,292.42502,292.62503,291.22504,291.52502,292.62503,294.02502,292.325,290.52502,284.52502,280.72504,279.52502,278.825,287.825
298.825,300.72504,300.02502,298.92502,298.12503,298.825,298.62503,297.325,295.72504,296.62503,295.72504,295.72504,295.52502,296.02502,296.92502,297.02502,295.92502,296.325,296.02502,293.92502,293.62503,293.325,292.92502,292.12503,290.72504,288.12503,287.825,288.42502,287.12503,288.92502,287.825,288.22504,288.12503,286.52502,286.22504,286.62503,287.325,286.12503,286.12503,286.52502,283.22504
291.22504,294.52502,296.72504,298.22504,297.825,296.825,296.52502,296.325,295.42502,294.72504,294.42502,295.22504,294.42502,295.42502,295.325,296.72504,295.92502,295.02502,293.825,293.325,291.42502,290.72504,291.62503,290.92502,288.825,289.12503,286.825,285.62503,284.325,282.325,282.22504,282.52502,284.12503,284.825,285.12503,283.325,283.02502,282.42502,268.12503,270.52502,269.325
294.52502,292.52502,295.12503,293.72504,295.92502,295.42502,295.92502,295.825,294.42502,294.12503,294.325,293.72504,294.02502,293.52502,293.72504,293.62503,293.62503,293.72504,293.42502,293.325,291.12503,289.92502,290.72504,290.12503,289.22504,287.12503,286.42502,285.325,283.52502,282.22504,281.52502,282.92502,284.92502,285.12503,284.52502,283.22504,281.325,276.52502,273.52502,270.92502,269.22504
292.325,289.42502,290.12503,292.62503,292.92502,293.42502,294.825,295.325,292.22504,293.62503,292.42502,292.825,292.825,291.62503,291.62503,291.62503,291.325,291.825,291.72504,290.72504,290.92502,290.12503,288.92502,288.62503,287.325,286.62503,283.92502,285.12503,284.42502,284.72504,284.52502,284.62503,283.72504,284.42502,284.22504,282.62503,277.92502,274.92502,275.62503,274.52502,273.825
287.825,287.325,289.42502,292.42502,293.42502,292.825,292.52502,290.92502,293.325,293.02502,290.42502,290.325,291.325,289.52502,289.62503,289.62503,289.62503,289.825,290.22504,289.325,288.325,287.325,286.42502,286.22504,285.42502,286.42502,285.62503,285.72504,285.02502,285.02502,283.52502,283.62503,283.72504,281.42502,282.02502,280.62503,281.02502,280.42502,279.62503,279.72504,279.12503
287.22504,285.12503,287.02502,290.92502,291.52502,293.22504,291.92502,290.92502,291.12503,291.22504,287.22504,286.72504,289.12503,287.52502,288.62503,288.62503,288.62503,288.12503,288.42502,287.42502,287.325,286.12503,285.02502,284.52502,285.12503,286.22504,286.62503,284.62503,285.02502,283.72504,283.72504,283.02502,281.92502,281.92502,281.72504,281.52502,280.325,281.325,278.62503,278.12503,278.325
288.12503,288.92502,287.22504,285.22504,287.72504,287.92502,291.325,290.22504,290.12503,287.72504,286.62503,285.02502,286.825,287.22504,288.02502,288.325,288.12503,287.325,287.52502,287.325,287.325,286.72504,287.325,286.42502,286.42502,286.325,285.325,285.02502,283.72504,283.92502,283.12503,282.02502,280.92502,279.72504,280.325,278.825,278.825,278.22504,278.22504,277.42502,276.825
285.325,289.325,285.62503,289.325,286.825,284.52502,284.825,285.325,290.02502,290.325,288.325,287.52502,285.22504,286.42502,286.825,287.825,287.62503,287.22504,288.02502,286.825,287.325,286.825,286.325,286.12503,285.72504,285.325,284.92502,283.92502,283.92502,283.12503,282.825,282.12503,280.72504,280.325,280.12503,280.12503,279.325,278.325,279.02502,277.92502,277.325
