wind_kz.json
{"header": {"discipline":0,"disciplineName":"Meteorological products","gribEdition":2,"gribLength":1025,"center":7,"centerName":"US National Weather Service - NCEP(WMC)","subcenter":0,"refTime":"2024-04-08T06:00:00.000Z","significanceOfRT":1,"significanceOfRTName":"Start of forecast","productStatus":0,"productStatusName":"Operational products","productType":1,"productTypeName":"Forecast products","productDefinitionTemplate":0,"productDefinitionTemplateName":"Analysis/forecast at horizontal level/layer at a point in time","parameterCategory":2,"parameterCategoryName":"UnknownDiscipline_0_Category_2","parameterNumber":2,"parameterNumberName":"UnknownParameter_D0_C2_2","parameterUnit":"Unknown","genProcessType":2,"genProcessTypeName":"Forecast","forecastTime":240,"surface1Type":103,"surface1TypeName":"Specified height level above ground","surface1Value":10.0,"surface2Type":255,"surface2TypeName":"Missing","surface2Value":0.0,"gridDefinitionTemplate":0,"gridDefinitionTemplateName":"Latitude_Longitude","numberPoints":615,"shape":6,"shapeName":"Earth spherical with radius of 6,371,229.0 m","gridUnits":"degrees","resolution":48,"winds":"true","scanMode":64,"nx":41,"ny":15,"basicAngle":0,"lo1":47.0,"la1":41.0,"lo2":87.0,"la2":55.0,"dx":1.0,"dy":1.0}, "data":
[rows 0 to 14 of 15, columns 0 to 40 of 41]
1.5286865,0.51868653,-1.8513135,2.4586866,-1.5213134,-2.5013134,-2.5013134,-3.4113135,-4.1813135,-3.1913135,-2.9613135,-3.8313134,-4.0713134,-4.4613132,-4.4013133,-4.4613132,-3.1713135,-1.6913135,-2.2513134,-0.98131347,1.2786865,1.2186866,2.1186864,2.0686865,-0.80131346,0.82868654,1.0086865,2.8586864,0.6586865,0.11868653,-1.9113135,2.1186864,0.8686865,-0.3313135,-0.23131348,-0.091313474,0.5286865,-0.93131346,-0.61131346,-2.1713135,-0.37131348
1.5386865,-2.4613135,2.9586866,-0.0013134766,-3.6313136,-2.1113136,-1.9213135,-1.2113135,-0.8313135,-1.1813135,-2.0413134,-2.2813134,-2.1013136,-2.5813134,-3.3413134,-3.6513135,-2.9713135,-3.1613135,-2.0713134,0.49868652,1.7786865,2.4386866,2.5586865,2.9786866,2.0086865,-0.5713135,0.32868654,1.4986866,2.8986864,1.3986865,0.94868654,-0.19131348,0.87868655,0.7886865,0.93868655,2.4886866,1.1186866,0.95868653,0.39868653,-0.051313475,1.1086866
4.3286867,2.8286865,4.3586864,-0.07131348,-4.2213135,-2.2213135,-1.0413135,-1.1813135,-2.1713135,-1.9613135,-0.26131347,-0.3013135,-0.081313476,-1.1113135,-1.2613134,-1.9313135,-2.0213134,-1.5413135,-0.48131347,0.9686865,3.0086865,5.1186867,5.6286864,6.3386865,2.8786864,2.9686866,1.7086865,1.6186866,4.1086864,1.0486865,1.7386866,-2.3813136,0.23868652,1.4286865,-0.091313474,1.3186865,-0.24131347,0.26868653,-2.2313135,-0.3013135,1.0586865
4.9886866,3.5086865,-1.4313135,-5.1513133,-2.6013136,-1.4313135,-1.2313135,0.018686524,-0.62131345,0.2886865,1.4586865,1.4486865,0.2886865,0.8686865,1.6786865,1.6086866,2.2286866,2.1686866,2.5186865,3.3686864,2.4986866,2.3886864,6.6186867,7.3086867,7.6386867,6.1686864,5.3386865,1.8786865,5.4086866,8.748687,8.198687,7.6186867,7.1686864,4.9286866,3.8386865,3.0486865,0.45868653,1.6186866,-2.2813134,-1.5213134,-2.6113136
1.5386865,0.07868652,-2.0713134,-3.4713135,-0.7713135,-0.23131348,0.098686524,-1.7713134,-2.8013134,-1.8513135,-1.0413135,-1.2013135,0.5286865,1.6286865,1.6186866,3.6986866,4.1986866,5.0686865,5.1486864,5.3986864,6.1686864,6.8786864,7.7786865,8.408687,8.008686,6.3986864,4.9786863,4.3586864,5.3986864,9.678686,6.2286863,5.8786864,4.3786864,0.46868652,-3.8713136,-1.6213135,-1.5113134,-3.0913134,-2.4513135,-2.1613135,-0.6513135
3.0286865,2.1286864,-0.23131348,-0.16131347,-2.9213135,-3.6613135,-4.5613136,-3.9413135,-2.6313136,-2.0013134,-1.3313135,-1.5713135,-4.0013137,-4.1613135,-0.4613135,1.0486865,3.1886866,4.8686867,6.5986867,6.9986863,7.9586864,7.9986863,8.628687,8.938686,6.9086866,3.8186865,3.2186866,-0.041313477,3.7386866,8.528687,4.8086867,3.4186866,2.6986866,2.2786865,1.8886865,2.2386866,-0.62131345,-1.0513135,-1.9613135,-1.0813135,-1.6013135
4.8386865,4.4286866,1.6386865,-1.2913135,-3.0913134,-2.7813134,-1.8913134,-1.9513135,-2.3013134,-2.3513136,-2.3013134,-2.6913135,-1.7313135,0.19868653,0.8486865,1.5986866,3.0786865,4.0386868,5.7286863,6.8086867,7.4686866,8.138686,7.5886865,8.828687,8.158687,3.6686866,-0.6613135,1.4886866,6.2486863,7.4186864,3.4986866,0.9286865,0.75868654,-1.4713135,-2.0013134,-0.98131347,-0.36131346,-2.0813134,-0.031313475,0.40868652,-0.28131348
4.2286863,6.2986865,2.5886865,0.27868652,-0.29131347,-0.21131347,-0.68131346,-0.081313476,-1.2813134,-1.6613135,-1.5513135,-1.1713135,-0.10131348,1.7286866,2.6586866,3.3186865,4.5086865,4.2886868,5.3086867,7.0086865,7.7186866,6.6886864,7.0186863,8.088687,7.5386868,0.9786865,2.3786864,2.2886865,3.6286864,0.8686865,-4.0313134,-3.0213134,-3.2913134,-3.3213134,-2.3213134,-4.1813135,-2.5413134,-0.5313135,-0.6913135,1.0986866,1.4586865
5.5186863,4.5786867,3.9086866,2.5786865,1.3486866,1.1386865,0.23868652,-0.5213135,-1.7813134,-1.9713135,-1.3913134,-0.35131347,1.7986865,2.9386866,3.1186864,3.8286865,5.1786866,4.3486867,4.5986867,4.2086864,5.2986865,5.4686866,4.2986865,2.5986865,1.1486865,-1.1013135,7.0886865,0.9086865,1.0486865,-2.8013134,-2.9013135,-2.5313134,-1.5313134,-1.5813135,-1.7813134,-1.1113135,-1.0813135,-0.8913135,-0.16131347,-0.41131347,-0.9613135
5.3786864,3.0386865,3.9386866,2.0086865,1.1486865,2.0686865,-1.5013134,-1.0713135,-1.1713135,-1.8013135,-1.1713135,0.038686525,0.6586865,1.3586866,1.3186865,2.5386865,3.0086865,4.0986867,4.6286864,4.3386865,5.7286863,4.8986864,4.1786866,3.3586864,2.5186865,2.8786864,4.6986866,-1.8813134,-4.7613134,-4.7913136,-4.2513137,-2.3713136,-0.50131345,0.13868652,0.5886865,-0.86131346,0.76868653,-1.0013134,-1.2913135,-0.67131346,-0.24131347
5.8786864,1.0386865,1.1386865,0.5886865,-1.5913135,-2.3113134,-2.1113136,-2.7013135,-2.0613134,-1.9813135,-0.8413135,-1.4613135,-0.22131348,0.5386865,1.5786865,2.4486866,2.8586864,3.3286865,2.9386866,4.3086867,5.0586867,5.0386868,3.9086866,4.2586865,3.5486865,5.9086866,-0.80131346,-5.9713135,-6.8713136,-6.5913134,-6.0213137,-5.6813135,-6.1113133,-5.3113136,-3.9013135,-0.54131347,0.49868652,-0.45131347,-0.6413135,-0.9713135,1.3586866
5.3286867,0.8086865,-0.93131346,-2.3413134,-3.0913134,-3.1413136,-3.2913134,-3.4613135,-1.6613135,-1.1713135,-0.2713135,-0.81131345,-0.041313477,1.1386865,1.5786865,1.5186865,2.3786864,2.4686866,1.5886865,0.87868655,1.5286865,-0.25131348,-0.10131348,1.4286865,1.2486866,-6.1713133,-7.8213134,-8.981314,-8.381313,-7.7613134,-6.9513135,-7.5513134,-6.5913134,-7.4313135,-6.7113132,-7.6813135,-7.4513135,-5.8213134,-2.9813135,-1.4413135,-1.3413135
-1.4713135,-1.3913134,-1.9713135,-2.6213136,-2.0913134,-2.7613134,-3.3413134,-1.9613135,-1.7913135,-0.75131345,-0.20131348,0.50868654,0.51868653,0.8486865,0.69868654,0.9186865,1.4186865,0.13868652,0.49868652,-0.14131348,0.2886865,-0.19131348,-0.24131347,-1.2013135,-3.1713135,-8.781314,-8.651314,-8.801313,-8.221313,-8.191314,-8.091313,-7.8813133,-7.6413136,-7.7013135,-7.0613136,-7.2013135,-6.3513136,-3.6913135,-4.7413135,-4.0013137,-2.0513134
-1.5313134,-2.2213135,-3.0613134,-3.4013135,-2.3813136,-2.8613136,-1.7113135,-1.3813134,-0.121313475,0.088686526,0.15868652,-0.061313476,0.94868654,-0.15131348,0.82868654,0.9786865,0.018686524,-0.3313135,0.6686865,0.10868652,-0.20131348,-2.9213135,-3.5113134,-3.5613134,-7.1613135,-7.5013137,-8.191314,-8.341313,-7.7413135,-7.9513135,-7.9213133,-7.7513137,-7.5513134,-7.9013133,-5.6313133,-6.4913135,-5.2113132,-4.7613134,-4.1913133,-1.9113135,-0.6913135
-0.93131346,-2.7913134,-1.2213135,-1.9013134,-1.3713135,-1.3813134,-1.2313135,-0.8513135,-0.41131347,-0.74131346,-0.14131348,-0.48131347,-0.011313477,-0.8413135,-0.9013135,-0.35131347,-0.4613135,-0.7613135,-0.98131347,-1.7313135,-1.8813134,-3.9213135,-3.6813135,-4.8513136,-7.2713137,-7.2613134,-8.091313,-8.171313,-7.8013134,-8.361314,-8.321314,-7.5813136,-7.5913134,-7.2413135,-7.2013135,-6.6313133,-6.2313137,-5.7213135,-4.4513135,-4.3813133,-3.0713134
