wind_kz.json
{"header": {"discipline":0,"disciplineName":"Meteorological products","gribEdition":2,"gribLength":1102,"center":7,"centerName":"US National Weather Service - NCEP(WMC)","subcenter":0,"refTime":"2024-02-03T18:00:00.000Z","significanceOfRT":1,"significanceOfRTName":"Start of forecast","productStatus":0,"productStatusName":"Operational products","productType":1,"productTypeName":"Forecast products","productDefinitionTemplate":0,"productDefinitionTemplateName":"Analysis/forecast at horizontal level/layer at a point in time","parameterCategory":2,"parameterCategoryName":"UnknownDiscipline_0_Category_2","parameterNumber":3,"parameterNumberName":"UnknownParameter_D0_C2_3","parameterUnit":"Unknown","genProcessType":2,"genProcessTypeName":"Forecast","forecastTime":60,"surface1Type":103,"surface1TypeName":"Specified height level above ground","surface1Value":10.0,"surface2Type":255,"surface2TypeName":"Missing","surface2Value":0.0,"gridDefinitionTemplate":0,"gridDefinitionTemplateName":"Latitude_Longitude","numberPoints":615,"shape":6,"shapeName":"Earth spherical with radius of 6,371,229.0 m","gridUnits":"degrees","resolution":48,"winds":"true","scanMode":64,"nx":41,"ny":15,"basicAngle":0,"lo1":47.0,"la1":41.0,"lo2":87.0,"la2":55.0,"dx":1.0,"dy":1.0}, "data":
[rows 0 to 14 of 15, columns 0 to 40 of 41]
-1.9908508,0.36914918,-2.1008508,-8.500851,7.0791492,7.2291493,10.999149,10.209149,10.369149,6.739149,7.489149,6.9391494,7.379149,6.9791493,5.319149,5.5191493,7.129149,6.4391494,6.4991493,5.389149,5.0591493,6.899149,2.989149,-0.49085084,0.5091492,-0.8008508,-1.0908508,0.00914917,1.1991491,2.729149,1.8491492,0.9691492,-0.35085082,0.45914918,0.61914915,0.11914917,-0.6108508,-0.95085084,-1.0008508,-0.7908508,0.16914918
6.2691493,-1.9408509,-10.310851,-9.920851,-10.360851,-11.080851,3.729149,9.709149,11.889149,11.659149,8.349149,8.089149,7.359149,6.879149,4.529149,5.259149,3.3391492,2.029149,5.629149,4.929149,6.969149,7.7291493,3.5391493,2.019149,2.2991493,2.009149,0.7591492,0.7791492,-0.26085082,2.3191493,1.7691492,4.159149,1.2691492,-0.48085082,-0.83085084,1.1991491,0.8891492,0.97914916,0.43914917,1.3791492,0.07914917
-0.31085083,-8.100851,-11.880851,-14.24085,-6.570851,-5.910851,-3.000851,5.389149,10.789149,10.819149,11.879149,8.599149,8.839149,8.819149,6.8291492,6.4591494,7.149149,5.859149,5.449149,5.359149,5.619149,2.8491492,0.38914916,1.6991491,2.749149,1.2491492,0.26914918,0.05914917,0.17914917,1.5491492,-0.37085083,0.47914916,2.269149,-0.5408508,0.8991492,0.05914917,1.4691491,1.8591492,0.00914917,1.5691491,0.55914915
1.1091492,4.489149,3.3591492,-0.10085083,-2.0408509,2.4391491,-0.23085083,5.569149,8.539149,10.789149,9.819149,9.659149,12.209149,12.059149,7.489149,6.5791492,4.719149,4.2491493,4.879149,5.7091494,7.179149,5.2891493,3.6691492,2.3791492,2.759149,2.0591493,1.9391491,-0.12085083,2.2891493,3.6691492,3.0891492,0.48914918,0.67914915,0.5691492,0.07914917,0.55914915,0.92914915,2.4291492,-0.8708508,-1.3408508,-1.8108509
-3.500851,-2.3108509,-0.08085083,5.3091493,4.8291492,5.1691494,5.259149,5.1891494,7.659149,10.649149,11.109149,10.579149,11.909149,11.069149,9.999149,6.649149,5.7891493,4.9991493,5.7491493,6.449149,2.219149,1.9291492,1.7391492,1.1291492,1.8791492,1.5291492,1.0491492,0.29914916,2.0891492,1.6891491,-0.16085082,-0.04085083,0.9691492,1.5791491,-0.27085084,0.38914916,0.72914916,0.16914918,-0.22085083,-0.26085082,0.31914917
-5.110851,-5.590851,-7.300851,6.719149,6.4991493,5.6891494,5.389149,7.179149,9.339149,9.92915,10.119149,10.769149,10.039149,11.309149,7.149149,6.6891494,6.369149,5.819149,5.679149,5.069149,3.719149,4.7491493,4.549149,2.6491492,1.9791492,1.6091492,0.37914917,-1.9308509,0.10914917,-0.39085084,-1.0408509,-0.75085086,0.15914917,-0.8708508,-0.36085084,12.42915,0.35914916,4.3291492,-0.23085083,0.02914917,-0.45085084
-5.0008507,-5.800851,-6.820851,5.7091494,6.409149,8.659149,10.149149,9.46915,8.889149,8.489149,9.319149,8.17915,7.859149,7.719149,7.4191494,7.129149,7.299149,6.179149,7.7691493,6.319149,4.4791493,4.909149,5.2691493,5.139149,3.5791492,2.3691492,-0.8608508,-0.29085082,-2.020851,-0.45085084,-0.37085083,-1.7208508,-3.260851,0.9591492,0.49914917,-0.5308508,-2.260851,1.6091492,2.9391491,2.3191493,1.5391492
-4.880851,-6.110851,-9.340851,4.0591493,8.0491495,7.359149,11.529149,9.079149,9.229149,8.479149,9.92915,9.099149,7.8091493,7.0191493,6.0391493,6.7291493,7.379149,7.599149,8.729149,8.169149,3.749149,3.6491492,3.979149,6.509149,7.159149,4.089149,5.859149,1.4791492,0.72914916,-0.88085085,-0.36085084,-0.01085083,-0.19085082,-1.0208508,0.07914917,-0.7308508,-0.21085083,0.48914918,-0.71085083,0.6491492,1.3891492
-4.090851,-5.590851,-8.2008505,4.5391493,6.889149,7.4391494,6.869149,6.9191494,7.569149,8.689149,9.399149,9.089149,7.7891493,8.419149,5.989149,5.339149,7.299149,8.609149,8.869149,8.629149,8.529149,5.699149,6.429149,5.179149,5.599149,4.759149,2.4591491,4.719149,3.1791492,2.6191492,3.3191493,4.2491493,3.8391492,5.5191493,7.159149,5.5191493,-0.24085084,-0.15085083,2.1291492,1.9491491,0.7591492
-2.030851,-3.1508508,-4.820851,1.1191492,4.7091494,4.6891494,5.4591494,8.00915,9.329149,9.17915,9.989149,11.129149,9.599149,9.589149,8.659149,6.489149,7.2291493,6.849149,7.8091493,7.649149,7.4591494,9.329149,8.269149,6.2891493,5.529149,5.349149,4.799149,4.159149,3.0591493,2.6291492,2.9491491,3.8891492,5.2691493,5.2891493,4.719149,0.79914916,1.7691492,0.80914915,-0.34085083,0.20914917,3.2091491
-0.7408508,1.4591491,0.8991492,-1.5708508,2.5691493,2.479149,3.4391491,4.6691494,6.639149,5.9391494,8.479149,9.17915,9.939149,11.50915,10.039149,10.25915,8.479149,8.559149,7.799149,8.599149,6.849149,7.429149,7.869149,7.859149,6.129149,5.819149,4.379149,4.929149,4.469149,2.469149,2.509149,1.6591492,5.6691494,5.909149,6.129149,1.9091492,1.3291491,1.1191492,1.6391492,2.0791492,1.2191491
-0.33085084,5.0391493,4.219149,3.0491493,2.3691492,3.3191493,3.1091492,3.6191492,3.999149,4.5591493,5.6891494,7.159149,8.139149,9.959149,10.349149,10.979149,10.939149,9.25915,8.149149,7.279149,7.4591494,7.399149,6.349149,7.0191493,7.1891494,6.739149,6.549149,5.5191493,5.469149,3.8791492,3.2091491,3.5891492,4.389149,4.7691493,4.7291493,2.0591493,0.26914918,1.2491492,0.45914918,0.98914915,0.00914917
3.3591492,5.149149,4.849149,4.109149,4.349149,4.379149,5.5191493,5.2691493,7.2491493,6.049149,3.3791492,4.909149,8.029149,10.069149,10.7991495,9.75915,9.159149,8.909149,8.329149,7.679149,8.75915,8.919149,8.17915,7.629149,7.639149,7.139149,6.5191493,5.349149,5.009149,4.6691494,4.7691493,4.489149,3.8491492,3.7991493,4.139149,5.279149,2.6691492,1.1291492,1.9391491,0.7091492,0.28914917
-0.57085085,4.489149,5.009149,4.1691494,4.2091494,4.819149,5.509149,6.199149,5.8291492,6.799149,3.3891492,2.259149,2.259149,7.489149,9.089149,9.889149,9.519149,8.089149,8.309149,8.139149,8.209149,8.139149,7.9991493,7.009149,6.489149,7.149149,7.009149,6.4591494,5.759149,5.5591493,5.719149,5.529149,5.099149,5.2491493,3.9591491,4.629149,4.0591493,2.509149,1.8991492,2.0691493,0.79914916
-2.5508509,-1.8108509,2.5491493,3.3891492,4.879149,4.049149,3.3991492,3.989149,3.9391491,4.509149,1.8991492,1.6391492,1.3091491,4.5391493,6.6691494,7.609149,8.319149,8.5491495,8.669149,8.069149,8.089149,7.9191494,7.3291492,7.2491493,6.889149,6.899149,6.799149,6.5791492,6.3291492,6.109149,6.379149,6.489149,5.549149,5.609149,5.429149,5.349149,5.679149,5.949149,3.3591492,4.259149,1.8491492
