wind_kz.json
{"header": {"discipline":0,"disciplineName":"Meteorological products","gribEdition":2,"gribLength":1025,"center":7,"centerName":"US National Weather Service - NCEP(WMC)","subcenter":0,"refTime":"2023-09-27T06:00:00.000Z","significanceOfRT":1,"significanceOfRTName":"Start of forecast","productStatus":0,"productStatusName":"Operational products","productType":1,"productTypeName":"Forecast products","productDefinitionTemplate":0,"productDefinitionTemplateName":"Analysis/forecast at horizontal level/layer at a point in time","parameterCategory":2,"parameterCategoryName":"UnknownDiscipline_0_Category_2","parameterNumber":2,"parameterNumberName":"UnknownParameter_D0_C2_2","parameterUnit":"Unknown","genProcessType":2,"genProcessTypeName":"Forecast","forecastTime":120,"surface1Type":103,"surface1TypeName":"Specified height level above ground","surface1Value":10.0,"surface2Type":255,"surface2TypeName":"Missing","surface2Value":0.0,"gridDefinitionTemplate":0,"gridDefinitionTemplateName":"Latitude_Longitude","numberPoints":615,"shape":6,"shapeName":"Earth spherical with radius of 6,371,229.0 m","gridUnits":"degrees","resolution":48,"winds":"true","scanMode":64,"nx":41,"ny":15,"basicAngle":0,"lo1":47.0,"la1":41.0,"lo2":87.0,"la2":55.0,"dx":1.0,"dy":1.0}, "data":
[rows 0 to 14 of 15, columns 0 to 40 of 41]
1.6124103,1.2824103,-1.4475898,-1.5875897,-4.0875897,-5.6475897,-6.38759,-6.2875896,-7.9575896,-5.6075897,-5.61759,-5.5175896,-5.2475896,-4.5675898,-4.0675898,-3.3575897,-2.8575897,-3.2575898,-3.3475897,-2.5875897,-1.4675897,-1.0575898,0.05241028,1.9224102,-1.8175898,0.03241028,2.3024104,3.1024103,1.0824103,1.3224102,-1.6175897,1.2924103,0.34241027,-1.7075897,-1.5875897,-0.52758974,0.29241028,0.05241028,-0.71758974,-1.3075898,-1.2775897
1.2124103,-1.5875897,-2.9775896,-6.4175897,-6.86759,-5.8775897,-5.27759,-5.6275897,-5.8175898,-6.1475897,-6.0175896,-5.4775896,-3.5375898,-2.2675898,-2.3775897,-2.7575898,-2.5175898,-2.8975897,-1.2375897,0.8024103,1.6224103,0.5024103,0.42241028,3.2524102,1.4424102,0.4724103,1.2824103,1.3724103,3.3324103,2.0324104,0.73241025,0.3224103,0.4724103,0.60241026,0.6924103,-0.38758972,0.40241027,-1.5075897,0.37241027,-1.1175897,-1.8875897
-0.5675897,-5.2075896,-5.88759,-7.17759,-7.21759,-5.9375896,-5.75759,-4.7875896,-5.8475895,-5.38759,-5.2475896,-4.52759,-3.2875898,-2.9975898,-2.4275897,-3.4975898,-3.4275897,-2.3075898,-0.5575897,1.5624102,2.5024102,2.5624104,2.4824102,4.2524104,1.0324103,3.0124102,4.09241,3.3524103,3.1924102,0.6324103,1.2124103,-0.8675897,-0.5675897,-0.31758973,0.07241028,1.4624103,-0.3675897,0.53241026,-1.0975897,3.2624102,1.6724102
-3.7575898,-5.90759,-6.50759,-6.9575896,-5.11759,-4.52759,-4.25759,-4.2075896,-4.92759,-5.1075897,-4.90759,-4.75759,-4.2475896,-2.7275896,-2.4475896,-2.5675898,-2.0775898,-1.9775897,-2.1275897,-2.6575897,-2.2175896,-0.3075897,3.1424103,0.90241027,-2.1575897,-3.3675897,-4.92759,-5.90759,-3.9975898,-0.32758972,0.4124103,0.03241028,-2.0375898,1.1224103,-0.12758972,-0.5475897,0.84241027,0.73241025,-2.2875898,-2.7375898,-2.2975898
-5.38759,-5.61759,-5.96759,-5.0775895,-3.2375898,-3.2275896,-2.2075896,-2.7275896,-3.4975898,-3.7575898,-4.0875897,-5.3275895,-3.9875898,-3.2875898,-2.9275897,-3.4775896,-3.3675897,-3.1175897,-3.9175897,-6.17759,-7.1475897,-5.88759,-6.9575896,-5.9975896,-6.8075895,-7.15759,-7.98759,-5.23759,-5.3475895,-4.3575897,-3.5775898,0.8224103,1.8824103,0.60241026,-1.9375898,-1.8075898,-4.44759,-4.77759,-4.19759,-4.96759,-4.04759
-4.8075895,-4.38759,-5.21759,-4.4775896,-3.5875897,-3.5775898,-3.0775898,-3.3875897,-2.7075896,-3.7675898,-3.6175897,-4.25759,-3.5275898,-2.9375896,-2.5875897,-3.3775897,-3.4975898,-3.8875897,-5.3075895,-4.2275896,-5.1475897,-4.46759,-4.50759,-6.8775897,-8.10759,-9.64759,-9.51759,-8.65759,-6.27759,-5.3075895,-5.25759,-4.6075897,-4.2475896,-2.0775898,-0.3075897,-5.0375896,-0.24758972,-2.1275897,-2.6075897,-2.8675897,-4.4175897
-3.7175896,-3.5875897,-3.2875898,-2.7475898,-2.9375896,-2.6675897,-2.3575897,-3.1375897,-3.1775897,-3.4875898,-3.6275897,-4.3275895,-3.7675898,-4.63759,-4.2275896,-3.2575898,-4.3175898,-3.6875896,-3.0175898,-4.40759,-4.3475895,-4.7675896,-5.6675897,-7.1675897,-8.007589,-7.8375897,-7.92759,-7.29759,-7.0175896,-6.6475897,-6.88759,-7.2275896,-4.69759,-3.0975897,-3.7475898,-0.8575897,-0.59758973,-2.2375898,1.5124103,-0.2775897,1.7724103
-1.9975897,-2.1575897,-1.8075898,-1.7375897,-2.4575896,-2.2275896,-2.5775898,-3.4975898,-4.1075897,-4.3075895,-3.5475898,-4.3575897,-3.4575896,-4.4975896,-3.6575897,-3.9575896,-3.7275896,-3.9175897,-3.5175898,-5.13759,-4.88759,-5.0875897,-5.79759,-5.90759,-6.25759,-5.46759,-5.8375897,-5.9775896,-6.6475897,-6.27759,-7.3375897,-6.1475897,-6.2275896,-5.40759,-5.50759,-3.2875898,-0.77758974,3.5024102,2.5524104,2.9024103,3.0724103
-0.0075897216,-0.34758973,-1.3275898,-1.9675897,-2.7075896,-3.4575896,-4.17759,-4.8975897,-4.8775897,-4.0575895,-3.0575898,-2.8975897,-3.1775897,-2.0375898,-1.9575897,-2.1875896,-3.2075896,-3.8675897,-4.3775897,-4.46759,-5.8275895,-4.6475897,-3.9875898,-5.4375896,-3.6975896,-3.2875898,-3.6175897,-4.15759,-4.0175896,-5.4575896,-5.73759,-4.7875896,-3.8875897,-2.6075897,-1.5675898,0.042410277,-2.5075898,-0.90758973,-0.2775897,-1.4775897,-1.5675898
-0.57758975,-0.90758973,-1.2775897,-1.5675898,-2.1175897,-2.6575897,-3.3775897,-3.4675896,-2.8875897,-2.6775897,-1.7875897,-2.0575898,-1.7375897,-1.7175897,-0.96758974,-1.9175897,-3.5875897,-3.1475897,-3.9875898,-3.8275898,-4.42759,-4.0675898,-3.8275898,-3.4675896,-2.7275896,-3.5375898,-4.5175896,-4.3975897,-4.0975895,-4.8075895,-4.75759,-4.38759,-3.4175897,-2.1975896,-1.1975898,-1.0775898,1.0624102,-1.0275897,-1.9775897,-1.2375897,-1.0275897
-0.5075897,-0.9775897,-0.96758974,-1.0775898,-1.6275897,-1.9875897,-1.5275897,-0.9275897,-0.84758973,-1.2175897,-0.2775897,0.0024102784,-0.43758973,-0.90758973,-1.0175897,-1.7375897,-2.7875898,-2.4175897,-2.7375898,-3.6175897,-3.6375897,-3.8275898,-4.2875896,-4.3575897,-3.7375898,-3.5875897,-4.86759,-3.0375898,-3.8275898,-3.6675897,-3.2675898,-2.3775897,-2.0975897,-2.5275898,-2.4375896,-1.6575897,0.07241028,-1.2575897,-0.9775897,-1.2775897,-0.64758974
0.13241027,0.6224103,0.17241028,0.31241027,-0.6175897,0.07241028,-0.6675897,-0.52758974,-0.3075897,-0.8075897,-0.4275897,0.4424103,0.5524103,1.0724102,0.07241028,-0.4275897,-0.64758974,-1.8475897,-1.0475898,-1.4275898,-1.9375898,-2.6875896,-2.7075896,-2.7675898,-3.1375897,-3.1375897,-3.2775898,-3.1375897,-3.0575898,-2.3875897,-1.8075898,-1.1175897,-2.0175898,-2.0275898,-2.3175898,-2.9175897,-4.1875896,-3.7375898,-2.4175897,-1.7475897,-1.2675897
1.5424103,1.7924103,1.9424102,1.2024102,1.3324103,0.37241027,1.0624102,1.9924103,1.3524103,0.6424103,0.91241026,1.7424103,2.2624102,2.9624102,2.8624103,2.1824102,1.8724103,0.8324103,0.10241028,0.37241027,0.43241027,0.3524103,0.0024102784,-0.15758972,-0.43758973,-0.9775897,-1.5775898,-1.8975897,-1.4375898,-1.7475897,-1.9075897,-2.0275898,-2.5375898,-1.8275898,-2.0675898,-2.3075898,-2.4675896,-1.7275897,-2.6875896,-2.4575896,-1.1975898
2.9324102,1.6224103,1.1724102,2.6824102,1.5424103,2.1524103,2.4424102,2.7624102,3.4124103,1.3424103,1.1924102,1.3324103,2.5624104,4.6924105,4.45241,3.5924103,3.2924104,2.8924103,1.9124103,1.9924103,2.1724102,2.0124102,1.6824102,1.3624103,0.65241027,0.4724103,0.36241028,0.5024103,0.3824103,0.30241027,-0.06758972,-0.32758972,-0.08758972,-0.11758972,-0.43758973,-0.19758973,-0.9375897,-1.1475897,-0.5575897,-0.51758975,-1.1175897
1.9124103,0.5224103,3.4324102,0.3224103,2.5124102,3.4624102,4.57241,4.1624103,3.5124102,2.0824103,-0.017589722,2.4824102,2.2224102,0.66241026,3.7124102,3.7024102,3.7524102,3.5024102,3.1324103,3.5824103,2.9524102,3.0424104,2.3924103,2.3324103,2.3724103,2.1324103,2.0624104,2.0724103,2.0024102,2.2124102,1.5324103,2.0524104,1.3524103,1.5324103,1.5924103,1.4424102,1.4024103,1.9524102,0.9524103,0.85241026,0.6924103
