wind.json
{"header": {"discipline":0,"disciplineName":"Meteorological products","gribEdition":2,"gribLength":953,"center":7,"centerName":"US National Weather Service - NCEP(WMC)","subcenter":0,"refTime":"2023-06-27T06:00:00.000Z","significanceOfRT":1,"significanceOfRTName":"Start of forecast","productStatus":0,"productStatusName":"Operational products","productType":1,"productTypeName":"Forecast products","productDefinitionTemplate":0,"productDefinitionTemplateName":"Analysis/forecast at horizontal level/layer at a point in time","parameterCategory":0,"parameterCategoryName":"UnknownDiscipline_0_Category_0","parameterNumber":0,"parameterNumberName":"UnknownParameter_D0_C0_0","parameterUnit":"Unknown","genProcessType":2,"genProcessTypeName":"Forecast","forecastTime":60,"surface1Type":1,"surface1TypeName":"Ground or water surface","surface1Value":0.0,"surface2Type":255,"surface2TypeName":"Missing","surface2Value":0.0,"gridDefinitionTemplate":0,"gridDefinitionTemplateName":"Latitude_Longitude","numberPoints":688,"shape":6,"shapeName":"Earth spherical with radius of 6,371,229.0 m","gridUnits":"degrees","resolution":48,"winds":"true","scanMode":64,"nx":43,"ny":16,"basicAngle":0,"lo1":45.0,"la1":40.0,"lo2":87.0,"la2":55.0,"dx":1.0,"dy":1.0}, "data":
[rows 0 to 15 of 16, columns 0 to 42 of 43]
282.57376,280.27374,296.47375,299.77374,299.27374,297.27374,296.37375,294.57376,300.77374,301.67377,305.67377,305.77374,306.97375,305.07376,302.47375,303.37375,302.57376,301.87375,300.57376,299.77374,298.67377,298.07376,295.37375,294.17377,293.07376,290.87375,291.07376,285.37375,277.97375,278.77374,282.17377,294.67377,295.07376,295.47375,299.87375,297.87375,297.47375,296.27374,298.37375,298.87375,295.57376,300.57376,302.17377
286.47375,299.47375,297.27374,289.17377,289.87375,296.17377,295.97375,294.37375,297.87375,305.17377,304.27374,305.77374,304.27374,304.77374,303.67377,303.07376,302.07376,298.87375,299.57376,299.87375,298.27374,297.97375,298.27374,296.77374,293.07376,288.27374,294.47375,295.67377,290.57376,276.27374,276.67377,276.57376,278.67377,282.67377,291.07376,295.67377,296.87375,294.67377,295.67377,299.57376,298.57376,299.27374,300.27374
288.87375,284.67377,278.27374,289.77374,295.77374,295.87375,295.77374,294.17377,304.77374,304.67377,304.27374,303.97375,304.07376,302.27374,302.17377,301.37375,298.27374,297.17377,298.97375,297.67377,297.17377,295.57376,296.17377,297.57376,294.77374,284.77374,274.47375,275.27374,284.87375,274.77374,278.97375,272.97375,279.27374,272.17377,284.47375,259.87375,278.07376,292.37375,292.17377,296.37375,300.77374,291.47375,283.67377
288.17377,289.87375,293.37375,295.87375,295.67377,295.97375,295.07376,300.07376,300.37375,301.77374,302.57376,301.87375,301.57376,301.97375,300.07376,301.17377,300.97375,297.47375,295.57376,294.57376,294.27374,294.67377,296.77374,293.97375,296.37375,289.57376,290.87375,288.07376,288.07376,287.27374,287.07376,277.27374,271.77374,274.37375,278.57376,279.67377,280.67377,281.47375,273.37375,279.97375,281.97375,276.77374,273.77374
299.07376,300.27374,294.77374,296.77374,296.77374,295.97375,296.27374,299.47375,301.57376,300.27374,302.07376,303.57376,301.47375,298.37375,294.37375,293.87375,299.37375,296.57376,297.87375,294.67377,296.37375,293.97375,293.27374,287.87375,294.47375,294.57376,292.37375,293.17377,293.67377,292.17377,290.17377,290.57376,289.37375,286.27374,294.07376,292.87375,285.57376,285.57376,275.17377,274.77374,279.97375,287.57376,291.57376
300.27374,301.97375,299.27374,297.27374,296.87375,297.37375,297.57376,298.97375,301.27374,304.87375,303.57376,303.07376,299.77374,295.77374,294.87375,294.27374,291.47375,299.27374,298.37375,296.27374,292.37375,297.27374,296.97375,295.67377,294.27374,293.47375,292.97375,292.67377,290.47375,290.67377,289.27374,291.17377,294.27374,287.97375,275.37375,268.57376,280.97375,289.47375,294.37375,295.87375,294.67377,296.17377,298.07376
300.57376,301.67377,299.57376,295.77374,297.97375,296.77374,296.77374,296.27374,300.47375,305.87375,304.37375,301.57376,296.27374,294.67377,293.67377,293.67377,295.37375,296.87375,299.47375,298.37375,295.57376,297.87375,296.57376,295.47375,293.87375,292.27374,290.97375,289.47375,291.87375,290.17377,289.27374,293.17377,292.97375,294.07376,289.97375,288.67377,285.47375,287.57376,279.57376,281.97375,290.87375,296.27374,296.87375
300.97375,300.07376,297.77374,297.27374,301.77374,302.07376,299.67377,300.07376,302.57376,302.27374,303.07376,300.17377,295.47375,293.37375,292.57376,293.47375,291.07376,293.07376,295.17377,296.67377,297.37375,294.67377,293.67377,294.47375,292.77374,293.17377,290.37375,291.57376,290.77374,292.47375,290.17377,290.57376,291.17377,291.67377,290.67377,290.47375,286.07376,284.07376,279.97375,275.77374,274.27374,276.67377,288.97375
297.47375,297.17377,299.57376,298.57376,301.57376,301.17377,301.47375,300.77374,300.27374,299.27374,298.47375,296.97375,293.97375,292.17377,290.17377,292.07376,290.57376,291.57376,293.07376,294.57376,295.07376,291.47375,291.57376,292.07376,291.77374,292.97375,289.67377,283.97375,286.27374,285.67377,284.37375,287.17377,286.47375,287.37375,284.87375,281.17377,279.37375,283.67377,286.87375,287.87375,286.57376,288.57376,282.27374
290.97375,298.47375,296.67377,297.17377,298.37375,296.07376,300.37375,298.47375,296.67377,297.67377,296.07376,293.67377,291.97375,291.87375,290.97375,291.87375,290.47375,293.77374,293.37375,293.17377,293.27374,292.17377,288.97375,288.87375,289.97375,289.17377,287.07376,286.37375,280.17377,278.17377,278.67377,277.27374,279.77374,280.07376,281.67377,283.27374,282.37375,278.67377,279.27374,279.07376,267.07376,271.47375,268.47375
291.97375,290.67377,296.87375,294.37375,295.17377,295.37375,295.17377,296.07376,295.37375,295.07376,294.07376,291.77374,290.67377,289.37375,290.07376,289.37375,291.27374,292.87375,292.37375,291.37375,291.87375,292.17377,289.87375,288.77374,290.17377,288.67377,286.37375,282.77374,282.27374,284.07376,282.27374,285.67377,283.07376,285.57376,286.97375,286.77374,283.77374,281.87375,279.77374,280.47375,270.27374,273.47375,275.67377
288.97375,289.67377,294.07376,292.07376,290.97375,292.47375,293.27374,293.57376,293.57376,292.67377,292.17377,294.27374,289.77374,288.37375,290.37375,289.37375,289.47375,289.77374,290.07376,293.97375,291.47375,289.87375,290.07376,289.87375,290.77374,286.07376,286.07376,288.27374,283.67377,285.97375,290.17377,290.97375,288.37375,289.57376,286.77374,289.37375,284.17377,282.37375,280.77374,279.07376,274.67377,277.37375,277.87375
288.87375,290.07376,289.57376,290.57376,290.87375,291.57376,291.07376,291.37375,291.27374,290.17377,289.97375,289.87375,286.77374,288.17377,287.57376,287.17377,287.67377,290.07376,291.87375,289.47375,289.07376,288.27374,287.37375,287.77374,286.17377,285.57376,285.47375,286.87375,288.37375,288.27374,287.97375,292.17377,288.17377,287.77374,287.77374,285.37375,284.67377,284.87375,284.97375,283.77374,284.07376,284.77374,282.77374
288.67377,288.67377,288.87375,288.57376,290.67377,290.37375,291.17377,290.87375,292.67377,288.27374,289.87375,290.77374,289.17377,286.97375,285.27374,289.37375,286.87375,287.07376,287.47375,287.37375,288.47375,286.67377,286.47375,286.17377,284.47375,284.27374,286.77374,287.47375,288.87375,288.57376,287.17377,286.67377,288.77374,287.07376,286.57376,285.87375,286.67377,284.77374,283.87375,285.67377,283.47375,283.97375,283.77374
288.27374,287.67377,288.47375,289.17377,290.17377,290.87375,289.97375,291.47375,287.37375,290.37375,286.47375,285.07376,287.47375,284.37375,285.07376,288.57376,289.67377,289.97375,287.47375,285.57376,285.67377,287.47375,286.77374,286.57376,286.97375,287.37375,287.07376,288.47375,288.37375,286.47375,285.67377,285.87375,287.77374,288.47375,288.27374,288.87375,289.07376,286.97375,285.77374,287.27374,287.17377,285.07376,285.67377
287.97375,288.07376,291.47375,290.77374,290.37375,289.77374,289.77374,287.47375,286.67377,286.17377,287.47375,287.07376,289.27374,287.97375,283.77374,285.27374,285.37375,288.37375,285.47375,286.47375,286.77374,285.07376,285.17377,285.57376,285.57376,285.77374,285.97375,285.77374,286.07376,285.37375,285.07376,285.67377,285.07376,283.37375,284.87375,285.17377,285.57376,285.77374,286.87375,285.27374,283.67377,284.37375,283.17377
