wind_kz.json
{"header": {"discipline":0,"disciplineName":"Meteorological products","gribEdition":2,"gribLength":871,"center":7,"centerName":"US National Weather Service - NCEP(WMC)","subcenter":0,"refTime":"2024-01-30T18:00:00.000Z","significanceOfRT":1,"significanceOfRTName":"Start of forecast","productStatus":0,"productStatusName":"Operational products","productType":1,"productTypeName":"Forecast products","productDefinitionTemplate":0,"productDefinitionTemplateName":"Analysis/forecast at horizontal level/layer at a point in time","parameterCategory":0,"parameterCategoryName":"UnknownDiscipline_0_Category_0","parameterNumber":0,"parameterNumberName":"UnknownParameter_D0_C0_0","parameterUnit":"Unknown","genProcessType":2,"genProcessTypeName":"Forecast","forecastTime":300,"surface1Type":1,"surface1TypeName":"Ground or water surface","surface1Value":0.0,"surface2Type":255,"surface2TypeName":"Missing","surface2Value":0.0,"gridDefinitionTemplate":0,"gridDefinitionTemplateName":"Latitude_Longitude","numberPoints":615,"shape":6,"shapeName":"Earth spherical with radius of 6,371,229.0 m","gridUnits":"degrees","resolution":48,"winds":"true","scanMode":64,"nx":41,"ny":15,"basicAngle":0,"lo1":47.0,"la1":41.0,"lo2":87.0,"la2":55.0,"dx":1.0,"dy":1.0}, "data":
[rows 0 to 14 of 15, columns 0 to 40 of 41]
282.2683,274.6683,277.96832,280.36832,280.46832,281.96832,282.36832,282.86832,279.7683,279.7683,279.6683,279.96832,280.0683,279.86832,280.0683,281.0683,280.46832,280.6683,281.5683,280.36832,281.7683,282.6683,281.36832,274.86832,282.46832,281.96832,272.46832,263.2683,262.0683,259.5683,261.2683,257.46832,269.86832,282.46832,281.46832,279.96832,282.5683,281.5683,280.7683,278.96832,280.2683
267.96832,278.6683,280.1683,279.86832,280.2683,280.86832,281.6683,279.46832,278.7683,279.96832,281.0683,279.36832,280.1683,280.46832,279.2683,279.0683,279.86832,279.5683,280.7683,280.5683,280.36832,279.96832,273.0683,266.96832,259.5683,262.1683,264.0683,260.7683,260.6683,258.1683,267.5683,259.5683,267.0683,248.4683,258.96832,271.2683,276.46832,280.96832,280.86832,275.0683,273.1683
279.2683,278.36832,280.1683,280.1683,280.2683,279.5683,279.0683,277.6683,277.1683,277.1683,278.46832,278.6683,279.5683,280.2683,277.46832,276.5683,276.96832,276.36832,276.7683,277.1683,278.1683,280.5683,275.6683,267.1683,273.5683,271.86832,272.96832,271.86832,272.36832,267.0683,263.1683,265.96832,263.46832,262.86832,262.46832,267.1683,261.46832,260.0683,260.36832,262.5683,261.7683
280.5683,275.86832,277.6683,278.96832,278.96832,277.7683,276.36832,276.86832,277.1683,277.0683,277.36832,277.6683,281.0683,281.6683,277.86832,276.0683,277.2683,276.6683,276.86832,277.0683,280.1683,269.46832,278.0683,275.7683,275.5683,276.0683,276.86832,271.46832,273.96832,275.46832,274.96832,274.36832,276.86832,278.1683,271.2683,268.1683,259.6683,255.4683,267.46832,270.0683,271.0683
276.86832,272.7683,272.0683,271.86832,274.36832,276.6683,276.7683,277.36832,276.5683,276.0683,276.1683,277.96832,278.96832,278.86832,277.96832,275.7683,275.6683,276.1683,276.86832,274.96832,278.6683,278.7683,274.5683,277.2683,275.86832,271.86832,271.46832,273.0683,277.86832,278.0683,276.0683,275.46832,262.86832,253.56831,265.96832,269.36832,271.7683,273.2683,273.2683,271.6683,269.36832
274.96832,274.86832,271.36832,271.2683,270.7683,270.46832,276.2683,275.86832,277.46832,275.5683,274.1683,275.0683,278.2683,278.96832,272.46832,273.96832,272.86832,274.0683,272.2683,273.6683,268.0683,273.7683,271.7683,267.6683,269.86832,266.5683,273.46832,272.2683,269.5683,270.7683,271.46832,272.7683,269.1683,267.6683,270.0683,271.6683,263.86832,264.6683,267.7683,266.86832,268.1683
274.96832,275.1683,275.86832,274.1683,271.1683,272.96832,272.6683,271.36832,269.96832,269.6683,269.36832,268.1683,268.1683,268.7683,270.1683,270.86832,269.0683,269.0683,265.5683,264.1683,263.7683,264.0683,263.6683,263.5683,262.36832,261.2683,260.5683,264.86832,263.1683,263.86832,261.96832,263.1683,265.2683,267.7683,268.36832,267.5683,263.46832,263.5683,259.5683,262.36832,267.5683
274.6683,274.6683,273.46832,273.1683,272.7683,272.36832,272.7683,271.6683,269.2683,266.96832,266.86832,267.0683,264.5683,264.7683,265.2683,265.7683,264.86832,264.46832,262.36832,260.86832,261.5683,261.0683,260.2683,260.86832,261.2683,260.7683,260.96832,257.5683,258.36832,258.46832,257.6683,260.96832,260.2683,261.1683,263.5683,264.96832,265.86832,267.36832,268.36832,268.96832,264.96832
273.0683,272.96832,273.1683,272.86832,272.36832,274.1683,272.86832,271.2683,269.96832,268.7683,265.46832,265.36832,267.2683,263.86832,263.1683,262.5683,263.46832,263.5683,260.7683,258.96832,258.5683,258.96832,259.86832,259.2683,258.1683,258.1683,258.2683,257.86832,258.7683,258.5683,255.9683,257.86832,266.7683,268.5683,264.7683,262.86832,262.86832,263.6683,256.46832,259.2683,258.2683
271.1683,270.46832,269.86832,270.5683,270.7683,272.0683,271.1683,270.1683,269.6683,269.46832,265.7683,264.36832,265.6683,265.6683,263.96832,263.86832,261.5683,261.5683,260.1683,258.86832,257.5683,258.86832,259.7683,258.7683,258.5683,257.96832,259.2683,258.5683,257.96832,257.46832,265.2683,268.86832,269.6683,268.6683,265.0683,263.96832,263.5683,261.86832,260.5683,261.6683,258.46832
270.46832,269.46832,267.96832,267.0683,268.36832,269.7683,271.36832,271.1683,270.46832,269.5683,268.36832,266.36832,267.86832,266.36832,265.7683,264.6683,262.36832,261.5683,258.1683,256.1683,258.0683,258.0683,257.7683,257.36832,256.96832,256.6683,255.9683,260.96832,263.0683,266.36832,266.7683,267.7683,267.6683,267.0683,265.2683,264.7683,261.2683,262.0683,262.2683,263.86832,261.46832
270.0683,269.46832,269.1683,268.46832,268.0683,267.46832,267.96832,269.2683,270.96832,270.36832,269.1683,267.7683,266.1683,265.7683,264.46832,262.7683,262.2683,261.46832,258.1683,259.1683,258.0683,258.36832,257.0683,256.0683,257.1683,257.46832,258.1683,261.7683,263.46832,263.2683,263.6683,262.86832,265.46832,263.36832,265.36832,264.86832,266.6683,266.46832,265.5683,266.96832,266.6683
272.2683,271.0683,271.2683,271.86832,270.96832,272.1683,269.86832,269.86832,271.6683,270.7683,267.5683,267.86832,265.5683,264.46832,263.7683,262.46832,261.46832,259.46832,257.5683,258.7683,258.2683,258.1683,259.96832,260.46832,259.86832,259.46832,261.36832,260.1683,260.1683,261.7683,261.86832,262.2683,262.5683,263.36832,263.46832,263.46832,264.46832,266.2683,265.36832,264.2683,265.2683
273.1683,273.1683,273.1683,272.2683,272.46832,271.2683,271.2683,271.1683,272.46832,268.0683,267.5683,265.7683,264.5683,262.6683,261.7683,261.6683,259.5683,259.0683,257.7683,258.36832,258.7683,258.86832,258.5683,258.6683,258.46832,258.6683,258.5683,258.46832,260.36832,260.7683,261.5683,262.0683,262.36832,261.96832,262.86832,262.86832,263.96832,264.2683,264.1683,263.7683,264.5683
273.0683,273.1683,273.1683,273.1683,272.96832,273.1683,273.1683,273.1683,271.96832,267.5683,267.36832,267.36832,269.0683,267.36832,263.36832,261.96832,261.0683,261.2683,259.96832,259.46832,258.6683,258.46832,257.96832,258.96832,257.86832,257.5683,257.96832,259.1683,260.7683,261.36832,261.46832,261.7683,261.6683,262.0683,262.36832,262.6683,263.36832,262.96832,263.0683,263.1683,264.36832
