wind_kz.json
[{"header":{"discipline":0,"disciplineName":"Meteorological products","gribEdition":2,"gribLength":871,"center":7,"centerName":"US National Weather Service - NCEP(WMC)","subcenter":0,"refTime":"2023-09-25T06:00:00.000Z","significanceOfRT":1,"significanceOfRTName":"Start of forecast","productStatus":0,"productStatusName":"Operational products","productType":1,"productTypeName":"Forecast products","productDefinitionTemplate":0,"productDefinitionTemplateName":"Analysis/forecast at horizontal level/layer at a point in time","parameterCategory":0,"parameterCategoryName":"UnknownDiscipline_0_Category_0","parameterNumber":0,"parameterNumberName":"UnknownParameter_D0_C0_0","parameterUnit":"Unknown","genProcessType":2,"genProcessTypeName":"Forecast","forecastTime":120,"surface1Type":1,"surface1TypeName":"Ground or water surface","surface1Value":0.0,"surface2Type":255,"surface2TypeName":"Missing","surface2Value":0.0,"gridDefinitionTemplate":0,"gridDefinitionTemplateName":"Latitude_Longitude","numberPoints":615,"shape":6,"shapeName":"Earth spherical with radius of 6,371,229.0 m","gridUnits":"degrees","resolution":48,"winds":"true","scanMode":64,"nx":41,"ny":15,"basicAngle":0,"lo1":47.0,"la1":41.0,"lo2":87.0,"la2":55.0,"dx":1.0,"dy":1.0},"data":[301.4,291.7,298.6,293.7,293.5,292.7,301.8,306.4,303.9,307.9,304.6,305.5,305.9,305.9,306.4,307.7,308.8,306.7,311.6,309.2,312.9,308.8,308.8,306.1,308.4,306.4,305.7,288.6,279.2,282.7,289.0,283.9,298.9,307.3,306.2,308.7,314.0,312.4,310.4,309.9,311.8,287.3,298.4,293.1,293.4,293.3,292.1,306.8,304.4,302.6,303.1,304.8,305.3,306.9,307.3,308.5,308.3,310.4,311.2,311.4,311.6,312.4,307.6,305.7,296.8,288.8,274.3,296.1,291.6,293.0,279.8,293.1,280.1,291.8,269.5,286.1,300.3,304.7,304.6,306.8,299.3,285.0,298.8,292.9,293.4,292.7,291.1,303.0,302.4,302.5,303.3,301.9,301.9,304.6,308.1,307.2,303.6,305.8,307.9,308.6,309.1,311.3,310.7,307.3,306.5,298.9,304.1,302.2,303.1,299.6,297.7,286.8,273.5,274.9,278.7,284.0,294.9,292.5,283.5,292.4,293.4,287.5,285.4,299.8,292.2,292.8,292.0,293.9,299.9,299.0,301.9,302.0,301.5,302.4,302.6,291.2,290.5,302.5,305.9,303.5,305.5,306.9,310.2,306.2,303.6,302.2,303.0,302.3,301.9,305.0,301.9,301.0,303.8,298.8,294.2,298.1,291.1,285.9,287.4,284.0,274.7,290.1,298.1,300.9,298.3,291.6,291.7,291.2,295.0,299.5,299.9,301.1,299.4,301.3,303.1,302.4,289.9,288.9,287.7,303.8,303.8,302.1,303.1,302.1,302.2,302.6,302.3,300.6,300.1,300.8,300.1,298.0,302.8,304.0,300.3,296.6,285.7,273.7,281.0,288.0,293.6,302.5,305.1,304.9,303.2,296.9,298.5,290.5,291.4,291.5,291.4,302.6,301.2,301.1,301.6,300.4,300.1,291.3,289.8,296.0,302.6,298.9,301.2,298.7,301.3,301.7,301.6,301.1,300.0,298.5,298.7,297.3,288.4,300.9,300.4,302.3,299.1,298.0,298.2,290.2,290.4,280.6,283.1,298.1,301.4,302.1,301.5,302.9,301.0,301.6,299.2,304.2,303.3,301.1,300.4,299.2,299.7,297.4,297.8,293.2,298.6,299.0,294.5,297.2,294.8,294.1,300.7,295.3,300.1,297.2,293.5,295.0,295.9,300.7,298.0,297.2,300.0,301.1,300.5,298.6,291.6,294.3,282.8,284.7,282.0,287.9,297.0,302.2,303.6,305.1,302.0,300.5,301.1,302.3,300.6,299.6,298.5,296.8,296.6,297.0,296.8,293.6,298.4,294.3,292.6,296.5,293.2,296.3,299.4,294.1,295.6,294.6,283.5,290.2,293.1,289.4,294.0,294.7,296.6,297.6,295.5,289.9,290.9,286.5,286.8,296.3,295.4,291.3,302.6,301.6,300.8,301.1,298.9,299.0,299.1,297.6,295.8,294.2,294.2,295.3,296.5,290.3,292.5,292.2,293.6,293.5,290.4,293.1,290.3,288.8,294.3,294.3,292.9,293.9,291.5,289.7,284.5,281.5,289.6,293.4,295.7,295.1,292.6,288.4,283.2,282.6,273.2,273.2,273.6,299.6,299.4,299.6,298.9,297.7,296.9,295.1,296.6,295.1,295.2,295.4,296.1,297.7,296.2,293.3,294.7,295.6,293.5,296.5,291.7,289.2,288.1,288.6,290.7,291.2,292.1,287.2,283.6,282.0,282.4,283.3,290.5,288.5,295.5,294.1,290.8,282.4,278.0,276.0,279.2,276.9,297.5,297.5,296.5,296.4,297.2,295.2,296.6,296.8,296.5,296.6,294.8,295.3,295.9,293.6,294.4,293.2,291.3,292.0,293.5,290.3,289.0,288.5,286.0,293.9,286.2,292.3,289.2,291.1,283.8,284.2,284.0,286.2,293.3,291.7,294.9,289.7,280.0,277.2,283.2,282.3,283.0,296.8,296.6,296.5,296.2,296.1,294.8,294.5,296.2,296.7,295.1,288.5,291.2,284.9,290.0,292.3,291.2,290.7,293.2,291.4,288.8,289.1,289.2,289.3,288.1,290.6,293.3,293.3,294.8,292.2,285.4,284.2,284.8,289.9,292.8,287.9,293.5,290.3,290.4,286.8,288.5,288.7,292.3,294.1,294.9,294.5,294.9,293.1,293.8,295.2,293.9,286.8,282.0,284.2,283.2,283.0,291.1,292.4,289.1,290.7,291.4,286.7,285.7,284.2,286.2,286.3,287.4,291.9,294.0,293.6,293.5,292.9,286.2,285.2,288.0,289.4,294.1,290.5,290.7,291.9,286.0,288.3,284.8,293.1,293.1,289.8,294.0,293.3,293.6,292.2,291.2,291.9,284.4,282.5,281.1,282.5,284.8,285.1,287.5,287.7,284.3,290.3,289.0,288.9,286.4,284.4,292.2,292.8,292.9,292.1,292.3,292.9,287.9,292.1,290.8,289.6,281.8,285.8,291.5,286.6,285.1,286.7,287.6,288.3,290.4,292.5,286.2,291.9,292.8,292.2,291.1,287.8,286.1,286.7,287.6,287.1,282.8,284.5,285.2,289.1,287.2,288.4,288.8,286.9,285.0,283.7,284.1,284.2,284.8,287.4,288.9,283.5,287.6,286.4,291.8,288.7,291.2,290.0,284.0,282.6,282.4,284.3,289.8,290.7,290.0]},{"header":{"discipline":0,"disciplineName":"Meteorological products","gribEdition":2,"gribLength":1025,"center":7,"centerName":"US National Weather Service - NCEP(WMC)","subcenter":0,"refTime":"2023-09-25T06:00:00.000Z","significanceOfRT":1,"significanceOfRTName":"Start of forecast","productStatus":0,"productStatusName":"Operational products","productType":1,"productTypeName":"Forecast products","productDefinitionTemplate":0,"productDefinitionTemplateName":"Analysis/forecast at horizontal level/layer at a point in time","parameterCategory":2,"parameterCategoryName":"UnknownDiscipline_0_Category_2","parameterNumber":2,"parameterNumberName":"UnknownParameter_D0_C2_2","parameterUnit":"Unknown","genProcessType":2,"genProcessTypeName":"Forecast","forecastTime":120,"surface1Type":103,"surface1TypeName":"Specified height level above ground","surface1Value":10.0,"surface2Type":255,"surface2TypeName":"Missing","surface2Value":0.0,"gridDefinitionTemplate":0,"gridDefinitionTemplateName":"Latitude_Longitude","numberPoints":615,"shape":6,"shapeName":"Earth spherical with radius of 6,371,229.0 m","gridUnits":"degrees","resolution":48,"winds":"true","scanMode":64,"nx":41,"ny":15,"basicAngle":0,"lo1":47.0,"la1":41.0,"lo2":87.0,"la2":55.0,"dx":1.0,"dy":1.0},"data":[-0.90872556,0.97127444,-2.0587256,-2.6587255,-5.0387254,-5.2487254,-4.848726,-4.5387254,-5.0387254,-1.9587256,-2.4287255,-2.7187257,-3.0887256,-2.7387257,-2.4287255,-2.2087257,-1.3487256,-2.8187256,-2.7587256,-2.2587256,-1.7987256,-0.9787256,-0.25872558,2.4212744,-0.7887256,-0.23872559,0.5012744,3.1812744,0.6812744,1.6312745,1.7712744,1.7912744,1.9412744,0.6712744,2.2712743,1.8112744,2.4812744,1.7712744,1.5612744,1.7812744,0.9612744,0.14127441,-1.6887256,-2.4787257,-3.1687255,-5.0587254,-4.7587256,-3.8987255,-3.7687256,-2.4887257,-1.5187256,-0.9487256,0.3412744,0.2812744,-0.6787256,-0.6387256,0.3812744,-0.45872557,-1.2387255,-1.2887256,-1.7887256,-1.0787256,-0.3987256,0.5112744,3.4612744,1.7512745,0.9612744,-0.7087256,1.5812744,3.8712745,2.0312743,1.8912745,2.5212743,-0.52872556,2.1012745,0.5612744,2.1612744,1.2712744,-0.7087256,3.0312743,-0.028725587,0.49127442,-3.3387256,-4.6787257,-5.7887254,-6.6287255,-5.9287257,-4.2087255,-3.9687257,-3.2087257,-2.5687256,-1.7787256,-1.2187256,-0.038725585,-0.028725587,0.65127444,0.8812744,2.2412744,2.6012745,1.7612745,0.12127441,0.18127441,0.91127443,2.7312744,3.2112744,5.5512743,1.3912745,2.4612744,1.3812745,2.1512744,-2.9987257,0.13127442,-0.3487256,-0.21872559,-1.7787256,4.1812744,0.7712744,-1.8387256,0.6412744,-0.77872556,0.26127443,-0.7087256,0.041274413,-6.5087256,-5.9287257,-6.5487256,-5.9287257,-4.7887254,-4.1687255,-2.6287255,-2.5487256,-1.3287256,-0.4087256,-0.5587256,0.45127442,1.0512744,3.0012743,3.5812745,3.1812744,3.4012744,3.2912743,3.3612745,1.7512745,1.5712744,2.4312744,2.6512744,3.7912743,4.1912746,4.151274,3.6412745,4.5312743,4.3012743,2.2812743,1.2112744,2.7912743,7.0112743,7.7512746,4.5112743,4.9412746,1.6912744,1.7212744,-0.84872556,2.0512743,0.24127442,-6.4287257,-6.7687254,-6.118726,-5.0887256,-3.9787257,-3.0087256,-2.4787257,-0.89872557,-0.12872559,0.6312744,0.90127444,1.9012744,1.8012744,2.5312743,2.4212744,3.9812744,4.1612744,3.9812744,4.8112745,4.1612744,4.5112743,4.2312746,4.9112744,5.7512746,6.4312744,6.2912745,6.6212745,6.0612745,6.421274,5.401274,5.171274,5.5612745,3.9212744,2.0112743,1.3312744,1.9012744,8.161274,3.1512744,1.1212745,2.5912745,1.4312744,-5.2787256,-4.4487257,-3.8287256,-2.9287255,-2.1987257,-0.4087256,0.59127444,0.5212744,0.5012744,0.7712744,1.1612744,1.6512744,1.8912745,2.5512743,2.4312744,2.6912744,3.6012745,4.2212744,3.6312745,5.0512743,4.5412745,4.7812743,4.4312744,6.0712743,6.2812743,5.9512744,3.1512744,0.24127442,4.381274,6.4812746,6.8612742,7.0512743,9.081274,5.9812746,1.6112744,-1.7587256,1.9312744,4.5412745,12.821275,3.3412745,-0.28872558,-1.3087256,-0.5187256,0.4412744,0.7512744,0.9312744,0.9512744,0.91127443,1.3012744,1.7112744,2.2512743,2.6312745,3.1412745,3.4512744,3.4012744,3.7812743,3.8612745,3.5712745,4.5412745,3.8312745,4.0112743,4.7112746,3.5212743,3.4212744,2.5812745,3.9712744,2.5012743,2.7812743,2.3612745,3.3312745,4.7612743,6.8612742,7.4612746,7.1812744,7.3512745,0.6312744,3.6712744,-1.4687256,-0.4687256,2.4712744,0.3212744,-0.7487256,-0.52872556,0.20127441,0.36127442,1.2412744,1.9312744,2.3212745,2.4412744,2.7912743,3.6312745,4.0712743,4.0012746,4.5912743,4.7612743,3.9812744,4.3212743,4.8912745,4.2212744,3.8512745,4.921274,4.651274,4.8212743,3.5112743,3.4612744,5.1912746,4.671274,4.2412744,6.4912744,4.5012746,6.0112743,6.7512746,7.7212744,9.521275,8.661274,6.5112743,7.4312744,7.6012745,-2.1887255,8.071275,4.0012746,-1.7987256,-2.5487256,0.9912744,1.5512744,2.3512745,2.8412745,2.8512745,3.0012743,3.4012744,3.6212745,3.9412744,4.6012745,5.1212745,5.0112743,4.651274,3.0512743,3.6112745,4.2512746,4.5012746,4.0212746,4.7112746,4.6012745,3.7612743,3.2312744,3.9312744,3.8412745,3.9812744,3.8512745,4.0412745,5.3512745,6.3512745,7.1812744,8.171274,8.871274,9.521275,9.011274,6.9112744,3.8612745,-2.3987255,3.2912743,0.4712744,0.13127442,-1.4287256,2.2512743,2.4112744,2.7212744,3.2212744,3.9212744,4.0812745,3.9912744,3.7812743,3.8112745,3.2312744,3.9112744,3.7712743,2.9212744,2.9212744,3.1912744,3.5012743,4.2812743,4.0912743,3.5912745,4.3012743,4.0012746,1.9112744,5.4512744,3.6212745,3.4912744,4.5912743,3.1512744,2.8912745,4.4612746,6.5012746,6.151274,9.491275,6.4412746,8.481275,8.831274,3.1312745,-2.9187255,-1.2087256,0.53127444,0.3712744,-1.5087256,2.8012743,2.9912744,2.9412744,3.1712744,3.1312745,3.7412744,3.7412744,3.1612744,2.9312744,2.6812744,2.8412745,3.5712745,2.5712745,3.9712744,3.6712744,2.7412744,3.7212744,3.0612745,2.6012745,2.1512744,3.2012744,3.3212745,3.8712745,3.4912744,3.5912745,2.9712744,4.5512743,3.7612743,3.3312745,3.5212743,4.5712743,5.3112745,6.3612742,6.1112742,6.3512745,-0.96872556,-0.7387256,-0.29872558,1.6312745,-0.41872558,0.6812744,2.5612745,2.8212745,3.2012744,3.6412745,3.9512744,3.7012744,3.6312745,4.2212744,2.7412744,2.9212744,2.8112745,4.3512745,2.0512743,4.0212746,3.9212744,3.6712744,3.9712744,4.0412745,3.3812745,4.3712745,4.1212745,5.0112743,3.3512745,4.1612744,4.4912744,3.4312744,3.2612743,3.4412744,4.5812745,3.5512743,3.0012743,1.8912745,0.46127442,2.1012745,1.9612744,3.9512744,4.171274,5.0912743,1.8612744,1.3212744,-0.28872558,2.9612744,3.2712743,3.2612743,4.1412745,3.0612745,3.0212743,3.7412744,4.1612744,5.8512745,1.4712744,0.5712744,4.0412745,1.8812745,2.8212745,3.4112744,3.2212744,3.7012744,4.3512745,3.7912743,3.9512744,3.7612743,3.7812743,4.631274,3.8112745,4.8312745,3.8212745,3.9612744,4.2612743,2.9112744,3.1412745,1.9512744,0.041274413,0.6112744,-0.5187256,2.6312745,2.3512745,3.0412743,2.6012745,-0.9787256,1.5912744,-1.3787255,4.0912743,3.9912744,2.8212745,3.6612744,3.3212745,3.3412745,3.1512744,3.7312744,1.9512744,0.27127442,0.8712744,0.9912744,1.2912744,3.0612745,1.8512744,3.0712745,3.4912744,3.0312743,4.3012743,4.2912745,4.381274,3.2612743,2.5612745,4.5812745,3.6012745,3.8312745,3.9212744,2.4212744,3.7912743,2.0612745,1.7612745,1.7812744,-0.108725585,-1.1087255,-0.6287256,0.2512744,-0.4987256,0.33127442,0.4712744,1.2512745,-0.15872559,2.7612743,3.7112744,3.9512744,3.5012743,2.7812743,2.2412744,1.7712744,-0.048725586,0.22127442,0.7712744,0.29127443,1.9212744,1.0312744,1.3212744,1.4412744,1.2712744,1.2412744,1.4812744,2.3512745,4.2012744,3.8412745,3.1312745,2.3612745,3.3012743,2.5812745,4.7212744,5.0712743,1.5412744,4.9812746,2.6512744,3.4512744,2.2412744,2.1212745,1.7012744,0.33127442,-0.6187256,-0.2487256,0.29127443,-1.8387256,-0.90872556,0.17127441]},{"header":{"discipline":0,"disciplineName":"Meteorological products","gribEdition":2,"gribLength":1025,"center":7,"centerName":"US National Weather Service - NCEP(WMC)","subcenter":0,"refTime":"2023-09-25T06:00:00.000Z","significanceOfRT":1,"significanceOfRTName":"Start of forecast","productStatus":0,"productStatusName":"Operational products","productType":1,"productTypeName":"Forecast products","productDefinitionTemplate":0,"productDefinitionTemplateName":"Analysis/forecast at horizontal level/layer at a point in time","parameterCategory":2,"parameterCategoryName":"UnknownDiscipline_0_Category_2","parameterNumber":3,"parameterNumberName":"UnknownParameter_D0_C2_3","parameterUnit":"Unknown","genProcessType":2,"genProcessTypeName":"Forecast","forecastTime":120,"surface1Type":103,"surface1TypeName":"Specified height level above ground","surface1Value":10.0,"surface2Type":255,"surface2TypeName":"Missing","surface2Value":0.0,"gridDefinitionTemplate":0,"gridDefinitionTemplateName":"Latitude_Longitude","numberPoints":615,"shape":6,"shapeName":"Earth spherical with radius of 6,371,229.0 m","gridUnits":"degrees","resolution":48,"winds":"true","scanMode":64,"nx":41,"ny":15,"basicAngle":0,"lo1":47.0,"la1":41.0,"lo2":87.0,"la2":55.0,"dx":1.0,"dy":1.0},"data":[1.2374951,1.9774951,0.91749513,2.607495,3.6874952,1.9974952,1.1174951,2.0174952,1.8374951,1.4474951,1.8874952,1.6074951,0.91749513,-0.4625049,-1.3725048,-2.572505,-1.8825049,-0.77250487,-2.0125048,-1.5625049,-0.8225049,-2.822505,-2.2525048,1.6474952,2.427495,4.507495,0.5174951,1.3174951,-0.47250488,-2.4625049,0.07749512,2.677495,1.1274952,2.4974952,3.4974952,2.7074952,1.5074952,1.2574952,0.19749512,1.3274951,2.4374952,-0.5125049,-1.2525048,3.097495,3.057495,3.337495,2.4474952,1.5974951,2.2374952,1.5874951,0.53749514,0.8174951,1.3374951,1.5274951,0.90749514,-1.0425049,-0.8925049,-1.1125048,-0.7525049,-0.13250488,-1.6125048,-2.2825048,-3.172505,-2.8125048,1.8674951,3.347495,2.057495,1.8074951,2.9474952,-0.10250488,2.9474952,-0.6125049,-0.4025049,1.7374951,1.7174951,2.2574952,2.807495,2.097495,1.8474951,0.9974951,1.8374951,-0.032504883,1.1074951,2.917495,1.6374952,1.6474952,1.7974951,2.7374952,1.9474951,0.7474951,0.72749513,-0.6025049,-1.5525049,-0.38250488,0.59749514,0.66749513,-0.59250486,-0.4325049,0.107495114,2.377495,0.9274951,-1.3925049,-2.112505,-1.5225049,-0.4025049,1.1874951,-2.7525048,-2.422505,-2.192505,-0.5625049,3.2174952,1.6374952,-2.0525048,-1.8125049,-0.17250489,-2.362505,0.07749512,-3.912505,-3.942505,-1.9525049,-1.6725049,3.7174952,2.7774951,2.0174952,1.1274952,1.7274951,1.2374951,1.3174951,2.367495,1.6774951,0.97749513,0.35749513,-0.83250487,-0.09250488,-1.5125049,-1.6825049,0.5074951,-0.2525049,0.5174951,0.33749512,1.9774951,2.167495,0.96749514,-0.8225049,-0.97250485,-2.652505,-0.8725049,-1.1325049,-0.29250488,-0.14250489,2.5174952,1.7674952,1.8974952,3.347495,0.41749513,3.327495,2.4574952,0.30749512,0.8174951,3.9674952,3.0174952,-3.2925048,-3.5525048,-2.672505,1.1774951,0.22749512,0.72749513,1.0874951,0.84749514,1.2874951,0.4774951,0.5474951,-0.3725049,-1.1225048,-1.7225049,-2.3125048,-2.672505,-1.9125049,-0.8225049,-0.032504883,1.5674951,1.3274951,2.4674952,1.8474951,0.7074951,-0.08250488,-1.5525049,-1.0325049,-1.5625049,0.07749512,1.8474951,2.9874952,2.417495,2.407495,5.707495,4.3174953,2.667495,1.2074951,1.2074951,-1.5825049,-6.042505,1.0074952,-2.2625048,-3.122505,-1.3125049,0.96749514,1.0074952,1.0274951,1.1674951,1.2274951,1.5474951,0.6174951,-0.14250489,-0.7425049,-1.2925049,-1.8725048,-2.0425048,-2.922505,-3.172505,-2.582505,-1.3925049,0.017495118,0.6174951,2.347495,1.3974952,-0.29250488,-0.35250488,-1.1825049,-2.632505,-0.4625049,1.6874951,1.0574951,0.16749512,-0.5725049,1.2674952,2.2874951,4.477495,4.0874953,2.4474952,3.307495,1.3074951,-0.33250487,-4.752505,-4.6425047,-1.4225049,-1.5725049,1.5274951,0.7574951,0.4974951,0.3474951,0.5074951,-0.08250488,-0.52250487,-0.33250487,-0.9425049,-1.0225049,-1.3025049,-1.4925048,-1.8725048,-2.192505,-2.432505,-1.4225049,-1.3625048,0.18749511,1.7874951,0.5774951,-0.48250487,0.4474951,-0.78250486,-2.5325048,-0.83250487,-1.9325049,0.4474951,-0.112504885,-0.8525049,-1.2225049,1.1174951,3.057495,5.1274953,4.827495,3.587495,0.42749512,1.3274951,3.087495,-1.1325049,2.127495,2.4774952,-0.20250489,0.6474951,0.21749511,-0.2725049,-0.38250488,0.067495115,-0.5525049,-0.6125049,-0.9425049,-0.9225049,-0.29250488,-1.1625049,-1.7425048,-1.2825049,-3.0025048,-0.8625049,0.4074951,-0.7525049,0.5774951,3.4674952,0.09749512,0.107495114,0.5474951,-2.152505,-1.1225048,-0.39250487,0.30749512,-0.9125049,-2.172505,-1.9325049,0.8874951,3.177495,3.4674952,7.617495,8.577496,5.247495,-1.6925049,-4.822505,-2.2025049,3.677495,-0.4925049,-0.052504882,0.36749512,0.20749512,-0.39250487,-0.7525049,-0.8225049,-0.7025049,-0.6625049,-0.4625049,-0.9425049,-1.5125049,-1.6225048,-1.3225049,-1.1425049,-2.372505,-1.3825049,-1.2625049,0.20749512,-0.77250487,4.077495,2.097495,2.377495,-2.0025048,-1.1025048,0.5674951,-0.9825049,0.8274951,-1.3325049,-3.182505,-1.8025049,-0.2825049,2.2374952,3.6974952,5.197495,6.447495,6.4174953,1.3774952,0.8074951,3.9574952,2.347495,0.17749512,0.09749512,-0.41250488,-0.6025049,-0.7425049,-0.9525049,-0.8225049,-0.3725049,-0.36250487,-0.9825049,-1.2925049,-2.0325048,-1.4225049,-2.102505,-3.2525048,-2.892505,-2.892505,-1.8425049,-0.45250487,-0.17250489,1.7674952,3.5074952,3.0474951,-0.5525049,-1.2825049,-0.58250487,-0.35250488,-0.13250488,-3.112505,-2.142505,-3.0225048,-2.2125049,-0.06250488,1.7374951,3.557495,4.6674953,7.4174953,1.5474951,1.0574951,2.307495,2.927495,4.027495,-0.3025049,-0.77250487,-1.3025049,-1.8325049,-1.3825049,-0.9425049,-0.6425049,0.5474951,0.3474951,0.017495118,-1.3125049,-1.5525049,-1.8325049,-2.0325048,-1.7825049,-1.7425048,-2.0025048,-0.8025049,-0.4325049,3.4574952,3.2474952,2.4574952,1.6174951,-0.48250487,-0.41250488,1.3374951,-0.06250488,-0.45250487,-2.3025048,-3.592505,-5.632505,-4.442505,-0.16250488,3.4974952,6.447495,7.687495,3.867495,3.147495,5.687495,2.2274952,0.5574951,-0.72250485,-0.6025049,-0.6725049,-1.6725049,-2.0425048,-1.6325049,-0.6925049,0.71749514,0.84749514,0.8874951,0.21749511,-0.32250488,-0.45250487,-1.8525048,-2.112505,-1.5525049,-0.6825049,-0.18250488,0.29749513,1.6674951,2.817495,2.637495,1.9874951,-1.3125049,0.8774951,0.8274951,-0.9825049,-2.7825048,-2.2925048,-2.4825048,-3.0325048,-4.472505,-4.6025047,-0.33250487,2.817495,6.597495,7.3174953,7.6674953,2.147495,3.387495,0.9574951,-0.39250487,-1.1525049,-0.5525049,-0.29250488,-1.1425049,-1.0825049,-1.1625049,-0.58250487,-0.22250488,1.5674951,0.6774951,-0.35250488,1.2274951,-0.35250488,-2.2125049,-2.922505,-0.35250488,0.107495114,0.6274951,1.5274951,0.96749514,1.6474952,3.2574952,2.407495,1.4174951,0.8574951,-1.1625049,-1.9425049,-2.4725049,-1.9625049,-2.0325048,-3.652505,-4.6625047,-3.5425048,-0.14250489,1.8274951,4.117495,4.1474953,4.927495,3.4374952,0.8974951,0.7574951,0.14749512,-0.9925049,-0.9925049,-1.6425049,-1.9125049,-1.7925049,-1.5525049,-1.9525049,1.2874951,0.6874951,0.9274951,0.21749511,0.057495117,-2.172505,-3.5025048,-2.322505,0.66749513,0.66749513,1.3274951,1.4974952,1.9874951,3.387495,2.2974951,2.2974951,1.0874951,1.2174951,0.29749513,-1.8625048,-1.6225048,-2.2025049,-1.9725049,-2.902505,-3.122505,-3.4525049,0.027495118,1.8174951,2.4974952,1.7374951,2.327495,2.7174952,1.2974951,0.3174951,-0.58250487,-0.19250488,-0.7425049,-0.77250487,-1.8525048,-1.2325048,-0.78250486,-0.3725049,1.0474951,-0.6625049,-0.39250487,-2.8125048,-4.472505,-4.0825047,-3.2125049,-3.7525048,-2.642505,-0.17250489,0.4374951,2.337495,2.627495,2.2074952,2.587495,1.1174951,1.0374951,1.9174951,-0.8725049,0.08749512,-1.8025049,-0.96250486,-0.52250487,-0.41250488,-0.48250487,-1.5725049,-1.9125049,0.2574951,0.26749513,2.107495,2.2874951]}]