wind_kz.json
{"header": {"discipline":0,"disciplineName":"Meteorological products","gribEdition":2,"gribLength":1102,"center":7,"centerName":"US National Weather Service - NCEP(WMC)","subcenter":0,"refTime":"2024-04-07T00:00:00.000Z","significanceOfRT":1,"significanceOfRTName":"Start of forecast","productStatus":0,"productStatusName":"Operational products","productType":1,"productTypeName":"Forecast products","productDefinitionTemplate":0,"productDefinitionTemplateName":"Analysis/forecast at horizontal level/layer at a point in time","parameterCategory":2,"parameterCategoryName":"UnknownDiscipline_0_Category_2","parameterNumber":2,"parameterNumberName":"UnknownParameter_D0_C2_2","parameterUnit":"Unknown","genProcessType":2,"genProcessTypeName":"Forecast","forecastTime":60,"surface1Type":103,"surface1TypeName":"Specified height level above ground","surface1Value":10.0,"surface2Type":255,"surface2TypeName":"Missing","surface2Value":0.0,"gridDefinitionTemplate":0,"gridDefinitionTemplateName":"Latitude_Longitude","numberPoints":615,"shape":6,"shapeName":"Earth spherical with radius of 6,371,229.0 m","gridUnits":"degrees","resolution":48,"winds":"true","scanMode":64,"nx":41,"ny":15,"basicAngle":0,"lo1":47.0,"la1":41.0,"lo2":87.0,"la2":55.0,"dx":1.0,"dy":1.0}, "data":
[rows 0 to 14 of 15, columns 0 to 40 of 41]
2.041552,1.0515522,0.5415521,-6.028448,-3.0984478,1.4615521,3.3915522,-4.568448,-4.318448,-3.0384479,-2.698448,-1.5484478,-1.0184479,-0.36844787,-1.2984478,-0.7584479,-0.8884479,-0.7084479,-1.7084479,-1.4084479,-0.29844788,-1.0284479,-0.9584479,-0.24844788,5.151552,4.651552,3.6115522,3.6215522,2.9715521,0.4315521,-0.008447876,2.1515522,-0.3784479,-0.7484479,0.96155214,0.71155214,1.1715522,0.8015521,2.571552,3.001552,3.291552
1.3515521,-2.468448,-9.238448,-5.308448,-2.2784479,2.4115522,-2.7884479,-3.3384478,-3.458448,-2.928448,-1.2384479,-1.1784478,0.18155213,-0.048447877,0.31155214,0.65155214,0.48155212,-0.33844787,-0.19844788,0.25155213,1.4415522,0.9815521,1.2715521,1.6715522,1.9615521,-0.11844788,-0.8684479,2.6615522,-0.9984479,0.47155213,0.4615521,-0.028447876,-1.0684478,-1.7784479,0.7315521,1.5315521,1.9515522,2.2215521,3.081552,2.351552,6.3215523
-4.918448,-5.438448,-7.248448,-5.648448,-3.428448,-1.6384479,-2.8284478,-2.448448,-2.188448,-1.6284479,-0.8084479,-0.038447876,-0.14844787,-0.10844788,1.6215521,2.4415522,2.7115521,2.851552,3.4115522,2.9115522,2.6115522,3.6415522,1.0015521,3.751552,0.121552125,2.4415522,6.231552,1.8415521,3.6915522,0.21155213,0.7415521,-1.3984479,-1.2784479,2.991552,0.59155214,0.121552125,1.0615522,-0.78844786,-0.9584479,-0.13844788,2.071552
-8.028448,-6.958448,-6.3884478,-4.348448,1.4715521,-0.79844785,-2.008448,-0.22844787,0.11155213,-0.028447876,-0.038447876,0.7615521,-0.8884479,1.6915522,3.571552,3.7015522,5.0115523,4.921552,4.561552,3.811552,4.021552,4.251552,3.8615522,5.441552,5.5915523,6.311552,5.901552,2.551552,6.0515523,5.151552,4.061552,3.601552,8.0815525,9.151552,7.191552,4.811552,0.90155214,2.4015522,-1.3684479,-0.2584479,-2.168448
-6.688448,-5.588448,-4.538448,-2.928448,-0.7584479,-0.5584479,0.89155215,0.8715521,2.041552,2.021552,2.591552,2.8815522,1.8015522,3.6215522,4.701552,6.3015523,4.881552,5.2615523,5.431552,4.851552,6.371552,6.0315523,6.871552,7.171552,7.131552,7.231552,7.141552,7.5715523,7.0715523,5.921552,5.501552,4.0315523,2.051552,2.2015522,-2.148448,-2.3884478,7.581552,0.6215521,0.20155212,-0.8184479,-1.0984479
-4.058448,-2.3184478,-1.7184479,-1.3984479,-1.1884478,0.001552124,2.8615522,3.341552,4.451552,4.831552,5.061552,5.3615522,2.541552,2.541552,3.9215522,4.681552,5.581552,5.8215523,6.731552,6.3015523,7.211552,7.7815523,7.121552,6.671552,6.921552,6.931552,7.481552,4.021552,8.001553,9.361552,8.521552,6.7415524,5.401552,7.151552,5.041552,0.89155215,3.1815522,6.391552,11.391553,0.9915521,0.9315521
-0.9984479,-0.45844787,-0.058447875,0.84155214,3.1115522,4.961552,5.921552,6.441552,6.131552,6.421552,6.411552,6.731552,6.3415523,7.0115523,5.711552,4.971552,5.471552,6.021552,6.641552,7.521552,7.731552,8.501553,7.931552,8.021552,7.631552,6.881552,6.931552,6.331552,8.221552,9.121552,9.421552,9.041553,5.161552,6.331552,4.7615523,4.9915524,5.391552,1.2615521,4.631552,1.3815521,1.5215521
1.6815522,2.7015522,3.521552,4.401552,5.131552,5.701552,6.541552,6.451552,7.1115522,7.3415523,7.621552,8.0815525,8.471552,7.831552,7.131552,6.911552,6.141552,5.931552,6.041552,7.231552,8.531552,8.801552,7.951552,5.631552,6.141552,6.811552,6.921552,7.221552,7.671552,8.491552,8.321552,7.251552,7.2415524,4.2815523,3.521552,5.271552,7.441552,1.9415522,3.571552,0.66155213,-2.2884479
4.561552,5.4915524,6.151552,6.721552,7.0315523,7.481552,7.9915524,8.341552,8.651552,9.071552,9.291553,9.171552,9.631552,9.111552,7.851552,6.0115523,7.721552,7.8015523,7.081552,6.121552,7.7815523,9.201552,7.751552,8.371552,7.0515523,6.191552,6.0115523,6.471552,7.541552,7.2415524,7.581552,7.331552,7.811552,4.0915523,6.181552,1.1715522,-0.15844788,0.47155213,-0.5684479,-0.59844786,1.1315521
5.501552,6.0315523,6.5315523,6.5115523,7.0115523,7.271552,7.891552,8.641552,9.001553,8.841552,8.301552,8.251553,9.651552,9.3315525,7.421552,6.901552,7.3615522,6.0115523,8.071552,7.061552,7.811552,8.291553,8.171552,8.441552,7.401552,7.381552,7.581552,7.201552,7.441552,7.311552,7.851552,7.951552,6.731552,6.291552,0.72155213,1.9615521,-2.3284478,-0.5684479,0.5515521,1.4215522,-0.6484479
6.081552,6.311552,6.101552,6.601552,6.5715523,5.2415524,6.811552,6.7815523,5.401552,6.141552,7.3615522,6.831552,4.791552,7.6115522,7.961552,6.931552,8.121552,6.7615523,2.291552,6.3215523,8.151552,8.231552,7.5315523,7.461552,6.901552,6.851552,7.311552,7.881552,7.7615523,7.721552,6.881552,4.3215523,5.171552,5.5915523,6.501552,-1.5184479,-1.1084479,0.7315521,0.7315521,0.051552124,0.95155215
5.5315523,5.701552,6.021552,6.001552,6.0915523,6.171552,6.191552,6.041552,4.8415523,4.1115522,5.1115522,6.181552,7.271552,6.751552,6.501552,5.6115522,6.201552,6.541552,4.151552,6.901552,5.7415524,6.381552,6.171552,6.231552,5.941552,7.041552,7.471552,9.201552,8.691552,6.8015523,6.151552,6.751552,5.7415524,5.3415523,4.521552,3.741552,4.5915523,4.971552,4.3615522,-0.58844787,0.89155215
4.881552,5.711552,4.3215523,4.3415523,5.331552,4.251552,5.911552,6.131552,6.231552,4.951552,3.9715521,5.0715523,5.3615522,6.421552,6.061552,5.181552,5.431552,4.961552,4.5915523,4.561552,4.8015523,5.5515523,5.481552,6.661552,6.461552,6.581552,7.291552,6.791552,6.371552,6.681552,5.161552,6.121552,6.371552,5.1115522,4.911552,4.201552,3.1315522,3.091552,1.6815522,3.3815522,0.19155212
2.4415522,0.77155215,1.3315521,4.881552,5.461552,5.7415524,5.8615522,5.6115522,6.101552,5.2815523,3.7115521,5.5915523,6.201552,5.7415524,5.161552,6.371552,6.141552,5.891552,5.061552,5.061552,5.131552,6.121552,5.891552,6.2415524,6.001552,6.061552,6.251552,5.661552,5.391552,5.4915524,5.621552,5.1115522,6.521552,6.391552,4.271552,3.6115522,3.031552,3.7015522,2.2315521,2.001552,3.031552
1.7915521,3.4315522,5.5115523,5.041552,5.561552,5.141552,6.211552,5.0715523,5.501552,4.631552,3.9315522,6.0915523,6.141552,5.131552,6.151552,6.691552,4.891552,4.661552,4.211552,4.851552,2.851552,3.9615521,4.291552,4.671552,4.981552,4.541552,4.981552,4.431552,4.431552,4.541552,4.4915524,4.0715523,5.3615522,5.3615522,4.5515523,2.3815522,2.061552,3.851552,3.4015522,2.771552,2.3615522
