wind.json
{"header": {"discipline":0,"disciplineName":"Meteorological products","gribEdition":2,"gribLength":1039,"center":7,"centerName":"US National Weather Service - NCEP(WMC)","subcenter":0,"refTime":"2023-06-28T00:00:00.000Z","significanceOfRT":1,"significanceOfRTName":"Start of forecast","productStatus":0,"productStatusName":"Operational products","productType":1,"productTypeName":"Forecast products","productDefinitionTemplate":0,"productDefinitionTemplateName":"Analysis/forecast at horizontal level/layer at a point in time","parameterCategory":0,"parameterCategoryName":"UnknownDiscipline_0_Category_0","parameterNumber":0,"parameterNumberName":"UnknownParameter_D0_C0_0","parameterUnit":"Unknown","genProcessType":2,"genProcessTypeName":"Forecast","forecastTime":180,"surface1Type":1,"surface1TypeName":"Ground or water surface","surface1Value":0.0,"surface2Type":255,"surface2TypeName":"Missing","surface2Value":0.0,"gridDefinitionTemplate":0,"gridDefinitionTemplateName":"Latitude_Longitude","numberPoints":688,"shape":6,"shapeName":"Earth spherical with radius of 6,371,229.0 m","gridUnits":"degrees","resolution":48,"winds":"true","scanMode":64,"nx":43,"ny":16,"basicAngle":0,"lo1":45.0,"la1":40.0,"lo2":87.0,"la2":55.0,"dx":1.0,"dy":1.0}, "data":
[rows 0 to 15 of 16, columns 0 to 42 of 43]
303.9882,291.9882,317.9882,323.18817,323.0882,300.4882,299.78818,297.9882,321.68817,327.38818,324.0882,322.0882,323.28818,322.38818,322.38818,322.28818,321.28818,320.4882,320.9882,320.5882,317.5882,315.38818,312.88818,314.5882,311.88818,307.0882,305.88818,285.28818,284.88818,291.0882,297.0882,302.88818,307.68817,312.4882,314.68817,313.88818,315.38818,311.78818,310.68817,309.9882,307.38818,309.78818,307.68817
299.28818,316.5882,316.68817,301.78818,310.28818,298.4882,299.28818,296.68817,316.88818,326.88818,323.68817,325.88818,322.28818,322.9882,321.9882,321.88818,321.28818,321.78818,320.9882,320.28818,321.9882,320.0882,321.68817,315.0882,313.9882,307.88818,311.5882,314.68817,308.28818,288.38818,290.38818,288.68817,289.9882,294.68817,293.28818,311.38818,315.4882,314.88818,312.68817,310.0882,307.0882,306.9882,310.28818
302.88818,296.0882,290.18817,308.28818,296.9882,298.68817,297.5882,296.38818,319.28818,325.4882,325.0882,322.38818,324.4882,323.18817,322.68817,319.4882,321.0882,320.38818,321.0882,321.78818,321.68817,321.68817,320.38818,316.38818,313.78818,300.9882,289.68817,281.4882,297.38818,290.5882,290.9882,284.4882,286.28818,282.4882,291.5882,266.5882,289.5882,302.9882,304.68817,310.68817,310.5882,297.9882,285.68817
301.4882,306.4882,310.4882,297.68817,298.28818,297.5882,296.88818,322.4882,323.78818,323.38818,313.9882,322.18817,319.18817,319.28818,314.9882,316.88818,318.4882,319.78818,319.38818,319.28818,319.88818,319.88818,319.4882,315.0882,309.9882,307.28818,308.78818,304.78818,303.0882,302.5882,298.4882,284.68817,279.78818,283.0882,290.18817,288.68817,290.9882,290.28818,281.4882,283.38818,289.0882,284.4882,278.18817
316.18817,317.28818,315.4882,298.5882,298.5882,297.78818,304.18817,326.68817,327.38818,310.4882,321.38818,309.5882,321.5882,317.68817,295.78818,295.38818,316.38818,319.5882,319.4882,320.0882,319.68817,319.68817,314.18817,311.68817,314.88818,315.38818,315.4882,314.18817,313.9882,309.88818,306.5882,303.88818,309.28818,304.18817,310.5882,307.78818,308.0882,302.18817,286.4882,285.38818,289.9882,302.28818,305.18817
316.28818,317.68817,317.88818,298.38818,298.4882,298.9882,307.68817,323.0882,327.28818,318.4882,314.9882,324.4882,322.18817,318.4882,296.28818,295.68817,292.78818,320.0882,320.0882,316.38818,313.68817,317.0882,317.4882,317.38818,316.38818,308.4882,316.38818,314.68817,311.5882,304.5882,310.0882,309.88818,310.18817,304.38818,289.5882,281.78818,291.88818,297.28818,304.78818,313.5882,313.28818,312.38818,312.5882
316.0882,319.68817,318.5882,318.68817,299.68817,298.4882,299.78818,300.38818,327.68817,317.18817,309.9882,321.28818,322.38818,322.28818,298.78818,296.18817,305.88818,316.0882,318.18817,317.88818,316.78818,316.68817,315.68817,314.68817,314.5882,312.18817,314.18817,301.5882,302.88818,291.18817,306.9882,306.78818,303.28818,300.5882,308.0882,293.18817,296.9882,292.9882,294.88818,299.0882,310.9882,312.9882,310.5882
319.18817,321.88818,319.38818,320.68817,325.4882,322.9882,305.78818,310.18817,324.28818,319.88818,319.0882,321.38818,321.5882,319.5882,318.4882,318.68817,318.9882,317.0882,317.88818,316.78818,316.4882,312.9882,312.5882,312.5882,312.68817,308.4882,301.38818,302.88818,304.68817,307.5882,308.28818,305.68817,306.88818,309.38818,311.4882,307.38818,306.0882,306.5882,298.5882,295.18817,291.88818,292.5882,304.68817
318.88818,316.9882,320.38818,321.9882,320.88818,320.28818,315.5882,315.28818,321.88818,320.28818,318.38818,317.4882,317.18817,317.38818,316.4882,316.5882,318.68817,317.78818,317.4882,315.88818,314.28818,311.88818,310.88818,309.88818,310.4882,310.5882,309.0882,305.88818,299.0882,306.9882,298.68817,294.0882,299.18817,304.18817,303.78818,302.78818,303.68817,306.5882,308.28818,289.0882,307.28818,305.38818,300.68817
298.28818,319.78818,320.18817,318.28818,304.68817,307.78818,311.88818,311.68817,316.88818,317.88818,315.4882,314.0882,312.9882,313.28818,314.18817,314.68817,314.18817,315.28818,315.88818,314.4882,311.38818,310.78818,307.68817,308.0882,308.4882,307.4882,306.0882,307.28818,299.5882,299.38818,300.78818,297.5882,297.4882,301.28818,301.38818,302.5882,303.9882,302.38818,302.5882,302.5882,289.28818,288.28818,289.4882
312.18817,305.5882,315.9882,316.4882,307.0882,299.78818,314.4882,312.78818,310.88818,312.78818,309.18817,311.68817,309.38818,309.18817,309.68817,309.78818,310.5882,310.88818,311.38818,311.78818,310.38818,309.78818,306.88818,307.68817,308.5882,307.5882,305.5882,304.28818,304.28818,301.4882,300.78818,299.5882,301.28818,303.28818,304.28818,304.38818,303.68817,303.28818,301.18817,294.18817,293.88818,285.88818,288.18817
310.18817,302.9882,307.4882,313.0882,312.5882,304.9882,307.88818,309.9882,310.9882,309.28818,309.28818,308.4882,306.9882,306.5882,308.38818,306.4882,306.78818,307.4882,306.9882,308.18817,306.4882,305.9882,306.38818,306.0882,305.38818,304.38818,304.0882,302.38818,300.5882,303.88818,304.4882,306.4882,305.78818,304.28818,305.4882,303.68817,300.9882,301.4882,294.38818,290.4882,290.9882,290.5882,289.0882
305.28818,308.88818,308.28818,305.88818,309.0882,302.38818,303.78818,308.5882,302.68817,300.28818,309.18817,303.4882,301.18817,300.38818,305.38818,304.38818,303.78818,305.18817,305.18817,305.88818,304.68817,298.68817,297.88818,302.78818,302.28818,303.5882,302.4882,303.28818,303.88818,305.88818,307.18817,306.88818,302.9882,300.78818,302.9882,301.28818,300.38818,300.68817,299.28818,298.5882,295.78818,294.0882,289.28818
303.9882,304.38818,304.9882,306.18817,309.28818,308.28818,307.5882,306.78818,298.4882,300.9882,300.4882,304.68817,299.9882,295.5882,298.9882,297.28818,302.5882,302.38818,303.28818,301.5882,303.5882,300.78818,297.78818,298.68817,301.18817,300.38818,303.0882,304.78818,307.68817,305.4882,304.68817,303.5882,299.88818,302.4882,300.88818,301.0882,300.5882,298.5882,298.18817,298.0882,293.88818,295.68817,294.5882
300.78818,303.9882,304.4882,304.5882,297.28818,307.0882,300.28818,304.38818,302.4882,299.28818,299.28818,302.28818,300.38818,300.78818,296.0882,296.0882,298.18817,299.28818,302.18817,300.88818,301.0882,300.5882,299.88818,299.0882,297.4882,302.5882,301.4882,303.9882,303.4882,297.88818,302.0882,301.9882,299.38818,302.4882,301.68817,300.28818,298.68817,297.9882,298.4882,297.4882,296.0882,293.5882,292.28818
301.88818,301.38818,302.9882,304.9882,292.38818,302.0882,304.78818,298.88818,304.0882,299.28818,302.68817,299.9882,302.5882,297.18817,299.4882,301.38818,302.4882,302.68817,303.0882,301.28818,302.0882,299.28818,298.5882,298.88818,295.78818,296.5882,301.0882,300.38818,300.78818,300.9882,297.0882,299.18817,296.68817,293.5882,301.0882,300.88818,300.0882,298.78818,297.78818,295.28818,296.0882,295.68817,294.4882
