wind_kz.json
{"header": {"discipline":0,"disciplineName":"Meteorological products","gribEdition":2,"gribLength":948,"center":7,"centerName":"US National Weather Service - NCEP(WMC)","subcenter":0,"refTime":"2023-09-10T12:00:00.000Z","significanceOfRT":1,"significanceOfRTName":"Start of forecast","productStatus":0,"productStatusName":"Operational products","productType":1,"productTypeName":"Forecast products","productDefinitionTemplate":0,"productDefinitionTemplateName":"Analysis/forecast at horizontal level/layer at a point in time","parameterCategory":0,"parameterCategoryName":"UnknownDiscipline_0_Category_0","parameterNumber":0,"parameterNumberName":"UnknownParameter_D0_C0_0","parameterUnit":"Unknown","genProcessType":2,"genProcessTypeName":"Forecast","forecastTime":0,"surface1Type":1,"surface1TypeName":"Ground or water surface","surface1Value":0.0,"surface2Type":255,"surface2TypeName":"Missing","surface2Value":0.0,"gridDefinitionTemplate":0,"gridDefinitionTemplateName":"Latitude_Longitude","numberPoints":615,"shape":6,"shapeName":"Earth spherical with radius of 6,371,229.0 m","gridUnits":"degrees","resolution":48,"winds":"true","scanMode":64,"nx":41,"ny":15,"basicAngle":0,"lo1":47.0,"la1":41.0,"lo2":87.0,"la2":55.0,"dx":1.0,"dy":1.0}, "data":
[rows 0 to 14 of 15, columns 0 to 40 of 41]
301.10004,291.70004,292.70004,298.20004,297.90005,296.80005,297.40005,298.40005,299.90005,309.90005,309.90005,311.80005,311.30005,311.30005,311.50006,311.70004,311.20004,309.10004,311.40005,310.60004,312.40005,308.30005,308.90005,302.30005,306.30005,310.00006,305.60004,290.70004,289.50006,287.20004,281.90005,286.00006,298.10004,304.80005,305.00006,305.10004,304.90005,304.10004,303.60004,303.40005,302.80005
280.90005,295.80005,297.50006,297.70004,297.50006,295.60004,299.70004,293.20004,295.40005,304.30005,307.70004,307.40005,308.00006,308.10004,308.20004,309.40005,310.00006,310.40005,309.00006,309.10004,309.20004,307.70004,306.70004,296.90005,282.40005,288.10004,297.80005,290.40005,292.80005,285.30005,289.70004,278.90005,288.50006,260.10004,282.60004,298.50006,299.00006,301.10004,304.50006,296.20004,286.40005
293.40005,297.00006,297.90005,297.50006,295.40005,295.10004,290.20004,289.70004,291.10004,301.20004,300.90005,301.00006,302.00006,295.90005,302.10004,304.50006,309.40005,308.20004,308.10004,308.10004,308.80005,306.80005,305.20004,299.80005,302.60004,301.00006,301.40005,298.90005,299.90005,291.70004,285.00006,284.60004,291.10004,291.20004,292.40005,290.90005,284.30005,284.20004,284.10004,281.80005,280.20004
291.80005,296.50006,297.40005,296.50006,293.10004,292.50006,289.50006,287.30005,290.20004,291.30005,292.70004,292.50006,293.90005,293.30005,299.30005,299.90005,299.80005,304.70004,305.50006,306.40005,306.40005,304.10004,304.50006,304.90005,305.00006,304.00006,303.20004,300.30005,300.50006,301.50006,303.40005,299.50006,302.90005,302.80005,301.10004,295.50006,283.90005,282.70004,286.90005,296.60004,299.70004
292.00006,294.40005,295.80005,294.30005,291.50006,288.30005,287.80005,288.80005,286.70004,289.40005,292.60004,290.60004,293.20004,291.90005,290.20004,302.90005,303.00006,302.20004,302.00006,301.40005,303.70004,305.20004,304.20004,304.40005,305.10004,305.00006,303.20004,298.40005,303.00006,301.60004,302.30005,302.40005,288.50006,278.50006,290.40005,298.50006,298.80005,302.80005,303.60004,303.50006,303.40005
293.60004,287.90005,293.90005,293.30005,294.00006,292.80005,288.70004,289.20004,288.90005,288.90005,289.80005,290.60004,292.50006,293.00006,293.80005,297.60004,303.00006,302.30005,302.40005,302.20004,301.90005,299.60004,302.90005,303.70004,304.10004,302.50006,303.60004,292.70004,300.70004,302.30005,300.90005,300.90005,301.10004,300.50006,298.40005,298.20004,292.30005,294.60004,300.40005,301.80005,299.30005
290.00006,297.20004,295.80005,296.70004,292.60004,289.80005,289.80005,290.10004,292.20004,290.40005,292.20004,290.30005,290.70004,293.80005,297.30005,299.50006,300.70004,301.30005,301.90005,300.60004,299.80005,300.60004,300.60004,301.30005,299.60004,300.50006,301.80005,302.00006,299.00006,297.20004,295.60004,297.40005,296.70004,297.10004,295.30005,294.80005,292.30005,289.90005,287.00006,282.70004,295.80005
292.00006,298.60004,299.80005,294.40005,298.80005,290.30005,290.00006,293.10004,295.50006,296.70004,289.80005,291.00006,292.20004,292.30005,297.50006,299.00006,297.50006,296.90005,297.00006,296.10004,295.70004,296.30005,296.30005,296.10004,295.30005,294.10004,294.20004,295.10004,296.10004,298.10004,294.80005,294.10004,293.90005,290.60004,290.20004,297.20004,298.50006,289.70004,296.60004,295.90005,291.30005
297.90005,297.90005,299.60004,299.40005,294.00006,294.80005,298.20004,289.10004,290.50006,288.90005,291.10004,292.50006,290.90005,293.50006,293.70004,296.80005,296.20004,295.70004,292.90005,292.30005,291.30005,292.20004,293.20004,293.10004,291.60004,292.00006,291.30005,291.60004,292.40005,292.30005,292.70004,292.50006,294.80005,295.20004,295.40005,293.10004,292.20004,292.00006,280.20004,280.80005,278.70004
294.40005,296.70004,291.10004,296.20004,298.10004,297.40005,299.10004,291.80005,294.40005,286.90005,286.20004,289.90005,289.70004,292.00006,292.60004,293.70004,294.70004,294.70004,294.00006,292.70004,290.20004,290.20004,290.40005,291.70004,291.70004,291.30005,291.10004,291.70004,293.90005,294.90005,294.90005,297.10004,299.20004,299.30005,298.10004,294.80005,290.70004,285.00006,282.60004,281.80005,279.80005
294.80005,290.60004,294.10004,296.40005,293.00006,286.20004,287.30005,289.00006,293.90005,290.20004,287.20004,290.00006,291.40005,290.50006,289.20004,291.90005,292.00006,294.20004,293.60004,292.20004,292.20004,291.50006,290.00006,290.00006,289.10004,290.70004,289.40005,292.20004,296.40005,298.10004,299.20004,299.50006,299.00006,298.40005,296.80005,293.40005,287.90005,285.20004,287.30005,283.60004,281.20004
295.40005,297.30005,293.50006,292.40005,290.90005,289.40005,288.70004,283.90005,283.30005,285.10004,283.40005,284.80005,287.40005,287.70004,288.20004,290.10004,288.80005,290.60004,292.70004,292.00006,289.90005,289.20004,288.60004,289.20004,288.50006,290.40005,290.20004,295.40005,296.70004,295.90005,294.80005,295.10004,295.30005,294.40005,293.70004,292.60004,291.50006,290.70004,288.80005,288.40005,287.40005
293.70004,295.20004,293.60004,290.50006,291.10004,288.00006,288.00006,289.70004,289.80005,285.10004,282.50006,282.00006,285.30005,283.30005,282.60004,285.20004,285.30005,289.00006,289.80005,287.70004,290.40005,289.20004,288.60004,287.90005,288.80005,289.80005,292.60004,294.80005,295.50006,294.30005,294.30005,293.30005,292.80005,292.70004,291.60004,290.90005,291.10004,290.70004,288.90005,287.40005,286.80005
294.70004,294.70004,292.30005,294.10004,291.00006,290.10004,283.90005,282.90005,286.20004,287.20004,284.90005,283.30005,283.50006,285.10004,282.40005,284.60004,285.00006,286.00006,287.40005,289.20004,290.70004,289.80005,290.10004,289.40005,289.90005,291.90005,292.60004,293.10004,294.30005,293.30005,292.70004,291.90005,291.20004,290.00006,291.00006,290.10004,288.70004,288.20004,288.00006,286.10004,285.60004
293.00006,294.80005,289.40005,294.30005,293.10004,289.60004,288.20004,284.40005,287.10004,287.20004,287.20004,286.20004,282.60004,284.20004,285.40005,285.30005,285.00006,284.30005,286.50006,289.30005,290.10004,288.10004,289.50006,288.00006,286.50006,289.70004,289.40005,288.90005,289.70004,290.90005,290.10004,287.60004,289.50006,289.00006,289.00006,288.70004,289.40005,287.60004,287.30005,286.40005,285.50006
