wind_kz.json
{"header": {"discipline":0,"disciplineName":"Meteorological products","gribEdition":2,"gribLength":1025,"center":7,"centerName":"US National Weather Service - NCEP(WMC)","subcenter":0,"refTime":"2023-08-19T12:00:00.000Z","significanceOfRT":1,"significanceOfRTName":"Start of forecast","productStatus":0,"productStatusName":"Operational products","productType":1,"productTypeName":"Forecast products","productDefinitionTemplate":0,"productDefinitionTemplateName":"Analysis/forecast at horizontal level/layer at a point in time","parameterCategory":2,"parameterCategoryName":"UnknownDiscipline_0_Category_2","parameterNumber":2,"parameterNumberName":"UnknownParameter_D0_C2_2","parameterUnit":"Unknown","genProcessType":2,"genProcessTypeName":"Forecast","forecastTime":180,"surface1Type":103,"surface1TypeName":"Specified height level above ground","surface1Value":10.0,"surface2Type":255,"surface2TypeName":"Missing","surface2Value":0.0,"gridDefinitionTemplate":0,"gridDefinitionTemplateName":"Latitude_Longitude","numberPoints":615,"shape":6,"shapeName":"Earth spherical with radius of 6,371,229.0 m","gridUnits":"degrees","resolution":48,"winds":"true","scanMode":64,"nx":41,"ny":15,"basicAngle":0,"lo1":47.0,"la1":41.0,"lo2":87.0,"la2":55.0,"dx":1.0,"dy":1.0}, "data":
[rows 0 to 14 of 15, columns 0 to 40 of 41]
-3.862295,-0.89229494,-0.23229492,-1.6422949,-2.482295,-1.292295,-2.382295,-2.9222949,-4.232295,-1.442295,-1.8622949,-1.7122949,-1.2322949,0.5777051,-0.83229494,-0.59229493,2.0877051,0.40770507,-1.552295,-1.7422949,-0.9322949,1.077705,-1.7422949,-0.9822949,1.4077051,-2.2222948,-3.072295,0.18770508,-0.24229492,0.16770507,1.0277051,-0.6922949,-1.1522949,0.6477051,2.917705,1.1277051,-0.8522949,-3.592295,-1.832295,-1.9022949,-2.582295
2.5277052,-0.7822949,-2.7122948,-3.072295,-4.042295,-5.402295,-3.4122949,-3.7122948,-3.892295,-3.032295,-2.062295,-2.342295,-1.7822949,-1.572295,-1.2122949,-0.7422949,2.207705,-2.252295,-1.0222949,2.5477052,2.147705,0.6477051,-0.52229494,-3.022295,1.167705,1.427705,-0.19229493,0.11770508,-1.2322949,-0.82229495,0.14770508,0.017705077,0.72770506,-2.342295,1.6177051,1.067705,-0.89229494,0.39770508,-0.58229494,0.6877051,-1.6622949
-2.392295,-5.662295,-5.242295,-6.172295,-5.892295,-4.012295,-3.9522948,-1.4822949,-3.892295,-2.4122949,-1.432295,-1.3822949,-1.0922949,-0.3322949,0.6877051,1.2377051,2.417705,2.737705,3.517705,2.617705,1.6077051,2.857705,-0.03229492,-0.08229492,-0.8622949,2.5677052,2.247705,-1.7422949,-1.6322949,-0.6122949,-1.2622949,2.137705,-0.042294923,-0.3322949,0.16770507,-1.062295,-1.4722949,0.21770507,-1.042295,-0.35229492,1.057705
-4.192295,-7.222295,-6.812295,-6.062295,-4.0922947,-2.752295,-0.32229492,-2.862295,-1.9022949,-1.1322949,-0.4222949,-0.7522949,-0.19229493,1.7877051,1.6077051,1.207705,2.3277051,4.047705,5.147705,5.117705,3.5377052,2.207705,0.8777051,2.227705,2.757705,2.397705,4.147705,0.10770508,0.30770507,0.9477051,0.7677051,-1.4122949,2.8277051,1.2277051,-2.332295,-1.792295,-1.6522949,0.91770506,1.3477051,1.0877051,1.3877051
-3.592295,-5.262295,-4.622295,-4.512295,-2.322295,-3.282295,-2.982295,-1.3722949,-1.2222949,-0.6122949,-0.17229491,0.9377051,0.18770508,-1.942295,-2.7022948,-0.6622949,0.59770507,1.3977051,2.627705,5.327705,6.337705,6.017705,7.577705,3.867705,4.637705,2.127705,1.307705,1.9677051,-1.2722949,-1.2522949,1.917705,-1.4122949,-1.8522949,0.26770508,1.5877051,0.53770506,3.5477052,-1.2522949,-2.242295,-2.872295,-4.482295
-2.102295,-1.302295,-0.71229494,1.3577051,1.4677051,-1.9722949,-2.982295,-1.442295,-1.0022949,-0.6322949,-0.35229492,1.0177051,1.7677051,2.0577052,-1.3622949,0.31770507,0.60770506,2.5377052,3.737705,5.567705,4.627705,5.627705,5.687705,5.237705,4.4477053,3.0777051,2.197705,0.98770505,1.0277051,-1.9122949,-3.132295,-2.022295,-2.242295,-2.6822948,0.6977051,-1.572295,0.67770505,-0.7922949,1.327705,-3.342295,-4.732295
-3.002295,-2.622295,-1.4022949,-2.7122948,-2.072295,-1.7622949,-1.1622949,-0.25229493,-0.77229494,-1.7422949,-2.002295,-1.2822949,-0.32229492,1.2777051,0.7577051,1.797705,0.8077051,2.487705,3.367705,4.6777053,3.397705,2.367705,2.5477052,5.6777053,4.587705,4.077705,0.60770506,-0.25229493,1.3377051,0.5077051,0.2577051,-1.1222949,-0.21229492,-0.45229492,-0.6922949,-0.52229494,-1.2122949,2.907705,-2.4322948,1.6177051,-0.51229495
-2.622295,-2.022295,-1.7422949,-1.1122949,-0.012294922,-0.19229493,-1.2722949,-2.742295,-1.312295,-0.32229492,0.047705077,1.547705,2.467705,3.007705,4.257705,1.1277051,1.807705,0.5777051,1.4877051,0.66770506,3.217705,1.297705,1.1377051,1.807705,2.617705,2.237705,1.4677051,0.67770505,4.867705,1.7377051,0.24770507,1.5877051,-1.302295,-0.16229492,-1.332295,2.8377051,0.10770508,1.8377051,3.167705,-0.65229493,-1.2722949
-1.2822949,-0.7222949,0.7077051,0.3277051,0.5677051,-1.0222949,-0.84229493,0.28770506,0.78770506,2.127705,1.797705,2.147705,3.397705,3.377705,2.5377052,2.3177052,2.947705,1.1377051,1.1477051,2.0477052,2.157705,3.367705,2.737705,2.207705,3.247705,2.247705,-0.34229493,1.0077051,1.4677051,-0.58229494,0.48770508,1.817705,1.7877051,0.13770507,0.65770507,-0.122294925,0.16770507,-1.9122949,0.13770507,-0.9422949,-1.8922949
0.26770508,0.59770507,2.257705,1.2877051,1.447705,1.9677051,-0.10229492,2.137705,2.3477051,1.667705,2.637705,2.987705,3.007705,4.047705,3.3277051,3.007705,1.807705,1.6377051,2.707705,3.257705,4.497705,5.227705,5.317705,4.777705,4.577705,4.637705,3.237705,2.437705,0.79770505,0.4477051,-0.96229494,0.67770505,1.5877051,1.947705,0.047705077,0.29770508,-2.6622949,-0.6322949,-0.89229494,0.46770507,-1.432295
0.15770508,0.73770505,0.9377051,0.66770506,2.247705,3.427705,2.757705,2.5877051,2.147705,2.0977051,2.377705,2.907705,3.377705,3.107705,3.0277052,1.817705,2.3077052,4.257705,3.7877052,5.117705,6.327705,6.337705,7.047705,6.887705,5.507705,6.017705,3.407705,1.6377051,1.3977051,0.46770507,0.19770508,1.0077051,-0.5522949,0.4477051,-0.18229492,-0.84229493,-1.2422949,-0.17229491,-1.5222949,0.8977051,-1.3822949
0.5777051,1.0077051,1.7277051,2.107705,3.267705,2.487705,2.2777052,2.2877052,2.5477052,1.667705,1.1377051,3.0877051,2.867705,2.857705,3.207705,3.217705,4.077705,5.237705,4.357705,5.4077053,6.227705,7.517705,7.887705,7.387705,7.057705,7.307705,5.707705,2.697705,1.4777051,0.97770506,0.05770508,-0.51229495,-1.822295,-1.572295,-0.5422949,0.18770508,0.07770508,-0.7222949,0.6277051,-0.9122949,-0.8022949
2.517705,2.0777051,2.157705,2.967705,2.237705,1.697705,1.7377051,1.7277051,2.517705,1.6277051,0.8877051,1.7677051,2.897705,3.427705,3.357705,4.007705,4.757705,4.1777053,5.097705,5.327705,6.337705,7.817705,8.307705,7.4077053,6.047705,6.307705,4.147705,1.4977051,0.13770507,1.0077051,-0.0022949218,-2.2122948,-3.4022949,-2.092295,-0.71229494,-0.9422949,-0.4222949,-0.03229492,0.10770508,-1.182295,-1.2422949
1.7777051,1.4977051,4.367705,2.3377051,2.7877052,1.7577051,1.697705,2.107705,2.3477051,1.7877051,1.047705,1.1377051,2.187705,3.0777051,3.867705,4.297705,4.817705,3.767705,4.297705,5.397705,6.087705,6.1577053,6.087705,1.5877051,2.247705,2.507705,-0.3322949,-0.08229492,-2.082295,-2.6922948,-3.772295,-3.862295,-3.352295,-2.302295,-1.9122949,-1.4722949,-1.582295,-1.572295,-1.812295,-0.51229495,-1.3422949
0.72770506,2.477705,5.537705,2.467705,2.687705,1.9877051,3.257705,1.7377051,2.177705,0.6277051,-0.6822949,1.1377051,1.557705,1.8677051,3.857705,3.8277051,3.867705,3.7877052,3.947705,4.827705,4.127705,5.167705,3.957705,1.707705,-0.6922949,-1.7322949,-2.992295,-4.142295,-4.692295,-5.022295,-6.432295,-5.382295,-4.202295,-3.052295,-2.482295,-2.392295,-1.942295,-2.342295,-1.7622949,-1.4022949,-1.182295
