wind_kz.json
{"header": {"discipline":0,"disciplineName":"Meteorological products","gribEdition":2,"gribLength":871,"center":7,"centerName":"US National Weather Service - NCEP(WMC)","subcenter":0,"refTime":"2024-02-03T12:00:00.000Z","significanceOfRT":1,"significanceOfRTName":"Start of forecast","productStatus":0,"productStatusName":"Operational products","productType":1,"productTypeName":"Forecast products","productDefinitionTemplate":0,"productDefinitionTemplateName":"Analysis/forecast at horizontal level/layer at a point in time","parameterCategory":0,"parameterCategoryName":"UnknownDiscipline_0_Category_0","parameterNumber":0,"parameterNumberName":"UnknownParameter_D0_C0_0","parameterUnit":"Unknown","genProcessType":2,"genProcessTypeName":"Forecast","forecastTime":240,"surface1Type":1,"surface1TypeName":"Ground or water surface","surface1Value":0.0,"surface2Type":255,"surface2TypeName":"Missing","surface2Value":0.0,"gridDefinitionTemplate":0,"gridDefinitionTemplateName":"Latitude_Longitude","numberPoints":615,"shape":6,"shapeName":"Earth spherical with radius of 6,371,229.0 m","gridUnits":"degrees","resolution":48,"winds":"true","scanMode":64,"nx":41,"ny":15,"basicAngle":0,"lo1":47.0,"la1":41.0,"lo2":87.0,"la2":55.0,"dx":1.0,"dy":1.0}, "data":
[rows 0 to 14 of 15, columns 0 to 40 of 41]
294.3919,282.49188,288.49188,280.49188,280.6919,282.0919,289.99188,293.3919,290.1919,290.49188,289.0919,289.3919,288.3919,287.49188,286.5919,286.2919,286.2919,286.8919,288.5919,286.0919,287.1919,286.49188,286.3919,280.6919,284.0919,284.49188,276.7919,264.7919,262.0919,261.5919,261.6919,257.6919,265.2919,273.99188,273.8919,272.7919,276.2919,275.3919,275.0919,273.49188,275.5919
266.6919,288.99188,281.0919,279.8919,280.49188,281.1919,293.2919,289.99188,289.99188,289.3919,289.0919,285.8919,285.3919,285.6919,284.3919,283.6919,285.0919,283.5919,283.1919,283.6919,284.49188,284.3919,280.6919,271.99188,263.99188,265.2919,265.7919,260.99188,265.8919,261.8919,266.3919,259.1919,266.1919,252.09189,255.6919,265.8919,270.0919,270.8919,273.3919,269.1919,269.3919
287.99188,278.99188,279.7919,280.0919,280.2919,290.3919,288.99188,287.8919,286.6919,286.0919,284.99188,284.2919,283.99188,283.2919,281.0919,279.6919,279.0919,277.5919,277.5919,278.49188,279.99188,282.0919,277.49188,273.0919,273.7919,272.1919,272.6919,273.1919,271.5919,266.8919,259.49188,262.99188,267.8919,266.1919,266.7919,269.49188,262.8919,262.1919,261.49188,255.9919,253.6919
286.6919,275.6919,277.49188,278.6919,281.99188,288.5919,287.49188,286.0919,285.8919,281.6919,281.2919,280.2919,281.0919,281.7919,279.3919,278.3919,277.49188,277.3919,276.8919,276.49188,276.5919,266.3919,272.5919,271.1919,270.2919,269.99188,270.2919,266.1919,268.49188,268.49188,268.7919,268.49188,272.8919,273.5919,273.0919,270.5919,262.7919,259.49188,266.8919,268.1919,269.3919
281.1919,272.99188,271.8919,273.2919,279.0919,287.49188,286.99188,286.6919,281.8919,280.5919,278.7919,277.49188,278.99188,278.8919,278.0919,273.8919,273.2919,272.5919,272.3919,270.7919,272.1919,271.99188,268.6919,266.49188,265.1919,264.7919,265.6919,266.99188,266.1919,265.99188,266.3919,266.5919,260.3919,255.89189,264.7919,265.6919,267.2919,267.7919,268.99188,267.3919,267.8919
284.8919,282.99188,273.0919,272.99188,272.3919,272.8919,283.99188,282.0919,280.1919,279.2919,278.2919,276.5919,278.0919,278.99188,271.0919,271.3919,271.0919,270.5919,268.1919,269.3919,262.5919,262.99188,261.2919,259.0919,259.7919,257.8919,263.1919,261.8919,261.5919,261.6919,263.7919,266.2919,263.2919,262.5919,263.3919,266.6919,262.8919,263.5919,267.6919,267.0919,265.8919
284.3919,284.5919,285.7919,284.6919,279.6919,281.5919,281.2919,279.8919,279.2919,277.5919,273.3919,271.5919,271.0919,269.8919,269.0919,268.6919,264.3919,263.49188,260.99188,258.3919,257.3919,257.5919,256.6919,256.1919,254.09189,253.9919,253.89189,256.3919,255.39189,256.1919,254.9919,257.0919,261.2919,261.99188,263.8919,264.1919,261.0919,258.8919,258.8919,253.09189,260.0919
282.2919,280.3919,281.49188,281.5919,280.99188,278.8919,279.6919,275.8919,272.7919,270.2919,266.3919,264.99188,262.5919,261.0919,264.2919,261.6919,260.99188,259.99188,258.6919,254.59189,254.6919,254.2919,254.4919,254.4919,253.39189,250.2919,252.7919,250.89189,250.7919,250.59189,250.4919,253.7919,253.2919,255.4919,258.0919,259.0919,261.5919,262.8919,264.5919,265.7919,264.2919
278.7919,279.1919,278.8919,278.6919,276.3919,276.7919,274.3919,270.7919,268.5919,265.6919,263.7919,261.1919,259.2919,259.49188,257.6919,258.8919,258.2919,258.5919,256.5919,255.1919,251.9919,252.2919,252.89189,251.6919,250.89189,251.6919,250.2919,251.09189,252.6919,252.09189,252.89189,254.89189,258.2919,257.49188,257.3919,255.59189,258.49188,259.0919,254.1919,256.2919,254.89189
277.0919,275.1919,274.49188,274.5919,273.2919,270.3919,268.2919,266.5919,265.2919,264.2919,261.3919,259.0919,259.3919,257.3919,255.89189,257.2919,256.49188,256.99188,255.4919,254.39189,250.89189,253.1919,253.9919,251.9919,251.1919,248.89189,249.9919,252.7919,252.9919,254.1919,257.6919,261.0919,261.49188,256.7919,251.59189,256.1919,256.5919,253.7919,255.2919,255.09189,252.9919
273.2919,273.6919,273.7919,272.99188,271.49188,268.0919,266.5919,265.6919,264.0919,262.3919,260.49188,259.1919,258.5919,255.6919,254.4919,254.9919,252.9919,255.2919,253.4919,251.39189,253.2919,252.4919,251.9919,251.59189,252.6919,251.6919,252.59189,256.7919,258.6919,260.2919,259.99188,260.3919,259.3919,258.8919,256.0919,246.89189,252.6919,252.4919,254.1919,256.6919,256.49188
273.0919,273.1919,273.1919,271.3919,266.8919,266.1919,265.0919,263.3919,262.6919,262.3919,261.3919,254.9919,255.4919,253.89189,254.1919,254.39189,254.1919,253.09189,253.4919,252.6919,251.7919,252.59189,252.7919,251.2919,253.9919,255.4919,255.39189,257.49188,257.3919,256.0919,255.7919,256.6919,258.99188,257.3919,257.3919,257.49188,256.7919,255.89189,256.99188,257.49188,259.1919
273.1919,273.1919,273.1919,272.7919,270.6919,268.6919,264.49188,262.49188,262.0919,263.5919,265.99188,260.5919,255.4919,254.6919,255.2919,254.9919,254.7919,254.89189,253.1919,252.2919,252.2919,253.2919,254.6919,254.1919,255.59189,255.6919,256.5919,254.7919,255.09189,255.6919,255.6919,256.5919,257.2919,258.2919,257.5919,256.5919,256.3919,257.49188,254.59189,256.1919,256.49188
273.1919,273.1919,273.1919,273.1919,268.49188,265.8919,264.2919,263.1919,264.2919,264.49188,268.0919,264.6919,256.99188,255.4919,255.39189,254.1919,253.89189,253.9919,252.39189,253.7919,254.7919,255.4919,255.6919,255.4919,255.09189,255.39189,255.39189,255.4919,255.6919,255.6919,255.9919,257.1919,258.2919,258.5919,259.6919,258.0919,256.5919,256.2919,256.0919,255.09189,255.89189
273.1919,273.1919,273.1919,273.1919,271.0919,269.8919,268.99188,266.8919,262.7919,264.0919,265.99188,264.3919,265.5919,260.2919,258.1919,256.1919,254.39189,254.4919,254.89189,254.1919,253.59189,254.2919,254.7919,255.09189,255.7919,255.6919,255.59189,255.7919,256.2919,256.6919,256.5919,256.6919,257.8919,258.7919,259.49188,259.7919,256.2919,254.2919,256.3919,253.89189,249.59189
