wind.json
{"header": {"discipline":0,"disciplineName":"Meteorological products","gribEdition":2,"gribLength":953,"center":7,"centerName":"US National Weather Service - NCEP(WMC)","subcenter":0,"refTime":"2023-06-28T12:00:00.000Z","significanceOfRT":1,"significanceOfRTName":"Start of forecast","productStatus":0,"productStatusName":"Operational products","productType":1,"productTypeName":"Forecast products","productDefinitionTemplate":0,"productDefinitionTemplateName":"Analysis/forecast at horizontal level/layer at a point in time","parameterCategory":0,"parameterCategoryName":"UnknownDiscipline_0_Category_0","parameterNumber":0,"parameterNumberName":"UnknownParameter_D0_C0_0","parameterUnit":"Unknown","genProcessType":2,"genProcessTypeName":"Forecast","forecastTime":180,"surface1Type":1,"surface1TypeName":"Ground or water surface","surface1Value":0.0,"surface2Type":255,"surface2TypeName":"Missing","surface2Value":0.0,"gridDefinitionTemplate":0,"gridDefinitionTemplateName":"Latitude_Longitude","numberPoints":688,"shape":6,"shapeName":"Earth spherical with radius of 6,371,229.0 m","gridUnits":"degrees","resolution":48,"winds":"true","scanMode":64,"nx":43,"ny":16,"basicAngle":0,"lo1":45.0,"la1":40.0,"lo2":87.0,"la2":55.0,"dx":1.0,"dy":1.0}, "data":
[rows 0 to 15 of 16, columns 0 to 42 of 43]
284.4,279.9,294.2,294.1,295.6,297.4,296.7,294.9,299.9,298.2,301.6,298.6,301.4,298.3,298.0,299.9,299.3,299.3,297.7,296.9,296.3,294.5,290.7,294.1,291.7,289.3,289.7,281.6,276.0,277.1,280.5,290.9,295.6,297.5,299.0,299.4,299.4,299.2,300.2,301.4,301.4,300.4,300.2
287.9,294.9,294.3,287.7,291.2,296.5,296.5,295.0,298.4,301.6,300.4,300.9,300.0,301.6,299.4,298.7,298.0,296.3,296.9,296.9,297.2,297.2,297.9,295.0,292.0,289.8,292.4,293.8,291.0,278.6,276.6,277.7,276.8,281.7,291.1,297.0,299.2,298.8,298.5,298.5,300.0,300.6,301.1
288.6,285.3,276.4,291.2,296.7,296.6,296.5,294.6,301.3,300.9,299.8,299.9,300.2,298.5,296.5,295.6,296.1,295.1,295.9,294.0,297.0,296.0,297.8,296.5,292.3,286.0,275.2,274.8,281.7,276.8,277.9,274.8,280.0,273.1,281.9,261.5,278.4,294.9,294.5,296.1,299.4,291.5,283.5
289.2,289.8,292.0,296.7,296.8,296.8,296.0,300.0,300.2,299.5,298.8,298.1,297.5,297.5,295.3,295.7,296.6,294.7,294.6,294.4,295.1,295.5,296.7,294.4,294.4,289.0,291.3,289.4,289.8,289.1,290.6,283.0,275.4,276.5,281.8,281.5,282.1,283.6,277.3,281.8,281.5,277.7,276.9
294.2,295.5,294.1,297.2,297.5,296.7,297.2,299.3,299.0,299.2,298.8,298.3,298.3,297.3,294.9,294.3,295.8,296.1,298.5,297.5,296.3,296.2,295.9,290.5,295.6,296.2,293.8,294.5,295.4,291.2,291.9,292.5,293.7,290.8,295.9,292.6,292.6,289.3,278.8,276.8,283.4,292.7,296.8
295.0,297.7,297.0,297.7,297.5,298.2,298.2,299.2,300.3,300.5,299.6,299.2,298.7,297.2,295.3,294.8,291.8,297.5,298.2,297.0,296.0,298.4,298.0,296.8,296.6,296.0,295.9,296.7,294.2,293.2,293.4,293.9,296.5,294.2,281.6,275.1,284.5,293.0,294.2,298.9,299.0,298.0,298.9
296.7,299.0,297.8,296.1,298.5,297.3,297.1,296.8,300.5,300.2,300.2,300.7,299.4,298.0,294.2,294.1,294.7,297.3,298.7,297.6,297.8,298.0,296.5,296.1,295.1,294.7,294.5,294.0,295.6,290.7,294.2,296.0,296.7,297.5,295.3,291.9,291.2,291.7,287.9,288.5,297.0,298.9,297.7
298.7,297.6,298.6,298.1,301.0,300.2,298.4,298.9,300.3,300.0,300.3,301.5,297.8,297.0,296.6,296.5,296.5,296.7,295.6,296.8,296.2,295.6,294.8,295.1,294.5,294.0,293.4,293.8,293.5,295.1,295.3,295.3,294.9,295.2,294.8,294.5,293.2,291.6,287.2,285.5,283.3,283.3,293.4
298.2,298.1,300.4,300.0,300.9,299.9,299.8,299.6,300.1,299.3,299.6,297.0,295.9,295.9,295.6,296.2,295.9,296.1,295.4,295.9,295.0,292.9,293.1,292.9,293.0,292.9,291.5,289.9,290.0,291.9,290.3,292.0,291.5,292.0,291.7,289.6,289.3,292.3,294.5,288.2,292.7,292.5,289.7
291.9,300.3,299.0,299.0,299.1,297.5,298.9,297.8,297.4,297.9,296.9,294.9,293.9,294.1,293.4,294.7,294.4,295.4,294.2,293.7,293.1,292.8,291.5,291.0,291.6,291.8,289.7,290.1,287.8,287.3,286.6,286.5,288.1,288.6,289.8,290.8,290.9,288.3,292.2,291.0,282.0,281.4,282.1
295.1,295.8,299.4,298.1,297.8,296.3,296.1,296.1,295.8,295.3,295.1,293.3,291.8,291.6,292.8,293.1,293.7,297.2,294.8,293.9,293.1,293.0,291.0,291.4,291.8,292.1,291.3,290.1,289.4,289.4,289.1,289.8,290.0,291.8,292.6,292.3,291.7,290.0,287.5,286.3,283.5,283.0,281.4
292.6,292.2,294.6,295.1,295.0,294.8,293.9,294.0,293.9,296.1,293.1,292.5,291.4,290.3,291.8,291.1,291.5,292.4,292.7,294.3,295.5,294.3,293.3,295.0,292.3,291.7,291.0,290.5,290.5,291.5,292.0,293.8,293.5,293.8,293.3,292.1,290.8,289.6,287.1,284.0,283.8,284.4,283.2
290.6,291.6,292.3,292.8,294.2,294.0,292.7,292.1,291.7,291.9,292.1,292.2,289.6,289.1,291.3,293.4,291.1,290.8,291.3,292.0,291.9,291.4,291.9,290.8,291.3,292.0,290.9,291.6,292.0,293.1,293.2,294.5,292.5,293.2,293.4,291.8,291.0,291.2,290.3,290.3,289.8,289.5,288.0
290.6,290.3,294.7,294.8,295.6,295.1,295.1,294.6,290.2,288.2,288.4,288.1,289.2,291.4,289.4,293.1,290.7,291.3,292.2,293.9,292.0,290.7,290.1,289.3,289.8,290.3,292.2,292.5,293.8,293.5,292.8,291.8,292.5,292.3,292.3,291.5,290.7,290.0,290.1,290.3,289.4,290.5,289.7
291.1,290.8,290.5,293.9,290.5,291.0,292.1,289.9,292.8,290.7,288.8,288.1,288.1,286.4,287.1,288.9,290.3,290.5,290.8,291.1,291.6,291.0,290.8,290.9,292.0,292.2,292.1,292.4,292.0,292.2,291.2,291.0,291.6,292.2,291.6,291.4,291.7,290.9,291.1,290.0,291.0,289.5,289.8
291.2,290.8,289.1,290.9,290.8,288.2,289.1,289.1,288.7,287.0,289.8,288.5,289.0,290.6,288.4,288.2,289.2,290.2,290.4,290.9,290.8,290.4,290.7,290.9,291.1,290.9,291.5,291.9,292.0,291.7,291.3,290.4,290.8,287.5,291.5,290.4,291.4,291.6,290.9,289.2,290.0,290.0,291.4
