wind_kz.json
{"header": {"discipline":0,"disciplineName":"Meteorological products","gribEdition":2,"gribLength":871,"center":7,"centerName":"US National Weather Service - NCEP(WMC)","subcenter":0,"refTime":"2023-09-24T12:00:00.000Z","significanceOfRT":1,"significanceOfRTName":"Start of forecast","productStatus":0,"productStatusName":"Operational products","productType":1,"productTypeName":"Forecast products","productDefinitionTemplate":0,"productDefinitionTemplateName":"Analysis/forecast at horizontal level/layer at a point in time","parameterCategory":0,"parameterCategoryName":"UnknownDiscipline_0_Category_0","parameterNumber":0,"parameterNumberName":"UnknownParameter_D0_C0_0","parameterUnit":"Unknown","genProcessType":2,"genProcessTypeName":"Forecast","forecastTime":60,"surface1Type":1,"surface1TypeName":"Ground or water surface","surface1Value":0.0,"surface2Type":255,"surface2TypeName":"Missing","surface2Value":0.0,"gridDefinitionTemplate":0,"gridDefinitionTemplateName":"Latitude_Longitude","numberPoints":615,"shape":6,"shapeName":"Earth spherical with radius of 6,371,229.0 m","gridUnits":"degrees","resolution":48,"winds":"true","scanMode":64,"nx":41,"ny":15,"basicAngle":0,"lo1":47.0,"la1":41.0,"lo2":87.0,"la2":55.0,"dx":1.0,"dy":1.0}, "data":
[rows 0 to 14 of 15, columns 0 to 40 of 41]
286.79016,280.19016,284.09015,294.09015,294.09015,293.29016,292.19016,291.99017,289.69016,289.19016,288.59015,289.49017,289.19016,289.19016,289.19016,287.39017,287.19016,287.49017,285.79016,287.69016,289.59015,285.39017,284.29016,281.29016,283.69016,286.49017,284.49017,271.29016,267.79016,268.69016,270.89017,273.19016,280.39017,285.99017,287.19016,287.59015,287.69016,287.09015,286.69016,286.29016,284.39017
270.29016,284.79016,293.39017,293.99017,293.79016,292.59015,290.49017,289.29016,287.89017,287.59015,288.99017,288.29016,287.89017,287.89017,286.69016,286.89017,286.69016,285.79016,285.29016,285.39017,283.89017,286.69016,287.09015,280.09015,271.39017,270.49017,279.09015,271.39017,271.59015,268.79016,273.49017,264.49017,273.69016,251.69016,271.29016,283.39017,281.29016,284.59015,287.09015,279.79016,283.59015
286.39017,293.49017,293.79016,293.19016,291.59015,290.09015,289.29016,288.59015,287.29016,286.79016,286.29016,287.29016,286.99017,288.09015,288.69016,286.69016,285.69016,285.09015,285.19016,285.29016,285.19016,286.79016,286.19016,281.49017,282.49017,281.29016,283.09015,282.19016,281.59015,274.99017,269.99017,270.69016,274.39017,273.79016,276.29016,276.19016,269.99017,269.99017,270.19016,268.29016,265.69016
287.49017,292.79016,293.49017,292.49017,291.29016,288.99017,288.69016,287.89017,287.99017,287.99017,287.29016,287.49017,291.69016,290.99017,288.79016,287.99017,287.99017,286.49017,286.89017,286.19016,287.49017,281.19016,285.79016,285.99017,285.59015,286.29016,286.09015,285.19016,282.29016,282.29016,283.69016,280.99017,284.39017,282.09015,281.89017,279.59015,266.09015,260.99017,272.09015,278.89017,282.19016
289.19016,292.39017,292.69016,291.99017,290.79016,288.99017,289.59015,288.79016,288.49017,288.69016,288.39017,287.69016,290.59015,289.49017,287.99017,288.69016,288.29016,287.69016,286.59015,288.09015,287.59015,287.49017,286.29016,285.69016,285.69016,285.99017,284.29016,285.79016,284.79016,284.89017,286.19016,282.19016,273.49017,261.79016,273.89017,282.49017,286.99017,285.79016,285.09015,283.89017,283.19016
287.49017,286.39017,291.29016,291.89017,292.09015,291.79016,289.39017,290.49017,289.19016,288.99017,289.59015,289.39017,290.39017,290.49017,289.29016,288.19016,289.29016,288.29016,288.59015,288.59015,287.39017,286.69016,286.09015,285.59015,285.09015,283.79016,284.29016,288.69016,286.39017,286.59015,284.79016,285.59015,283.69016,281.69016,280.19016,283.79016,274.49017,275.59015,279.39017,282.09015,280.99017
287.29016,286.29016,289.59015,289.49017,289.39017,288.69016,289.99017,289.49017,289.79016,290.19016,290.69016,290.99017,290.19016,288.59015,287.69016,289.09015,292.49017,290.09015,292.49017,291.69016,288.99017,286.49017,286.39017,286.49017,284.89017,284.69016,284.39017,286.09015,285.69016,285.49017,284.59015,283.69016,282.79016,281.29016,280.29016,278.99017,273.89017,270.49017,259.99017,267.09015,276.29016
287.79016,287.69016,289.89017,290.39017,291.29016,293.39017,291.09015,289.09015,290.29016,289.49017,289.59015,288.89017,288.19016,289.19016,289.49017,292.19016,289.19016,290.39017,288.89017,289.09015,287.89017,288.89017,289.99017,289.19016,284.79016,286.19016,285.69016,286.99017,286.19016,282.79016,281.79016,281.09015,278.59015,275.59015,272.79016,273.69016,275.79016,287.09015,274.39017,274.29016,269.69016
289.89017,289.69016,290.59015,289.99017,291.89017,290.99017,289.89017,292.79016,291.09015,287.79016,286.99017,287.39017,286.09015,287.59015,287.79016,288.49017,289.49017,290.69016,290.79016,289.39017,287.69016,287.79016,288.39017,288.59015,287.49017,287.59015,285.99017,284.99017,284.39017,278.29016,278.19016,277.69016,277.29016,275.39017,272.69016,271.99017,272.49017,272.39017,258.69016,260.69016,258.89017
287.29016,288.09015,288.39017,286.99017,288.19016,288.29016,287.69016,286.99017,286.49017,285.79016,285.09015,284.49017,285.59015,285.79016,285.79016,286.19016,286.89017,287.29016,287.39017,288.39017,286.79016,287.79016,288.39017,289.59015,287.79016,282.99017,285.79016,286.79016,286.19016,284.29016,279.79016,280.09015,279.29016,276.59015,274.69016,273.79016,271.89017,265.79016,262.69016,260.89017,259.29016
286.79016,286.39017,286.99017,286.69016,286.99017,286.69016,286.39017,285.69016,285.29016,284.39017,284.09015,283.89017,285.19016,284.69016,287.29016,284.69016,284.99017,285.19016,285.19016,285.19016,285.29016,285.39017,286.69016,287.29016,285.89017,285.29016,286.49017,288.29016,288.49017,288.09015,282.89017,281.19016,278.59015,277.19016,275.69016,273.09015,266.89017,263.29016,264.59015,264.69016,261.09015
284.09015,287.59015,285.19016,285.19016,284.49017,284.99017,285.29016,283.79016,283.59015,283.49017,281.69016,282.79016,284.19016,282.99017,283.29016,283.39017,283.29016,283.39017,283.69016,283.59015,283.19016,283.39017,285.49017,284.99017,284.99017,286.19016,286.99017,287.69016,287.79016,284.99017,282.19016,280.39017,278.69016,275.39017,274.89017,273.19016,273.09015,271.99017,271.49017,271.19016,267.69016
283.39017,282.49017,283.99017,283.49017,285.19016,284.89017,283.39017,282.39017,282.39017,281.59015,280.59015,279.09015,281.59015,280.59015,281.19016,281.69016,282.19016,282.19016,282.89017,282.29016,282.09015,281.29016,281.69016,283.79016,284.79016,285.09015,285.49017,285.19016,284.19016,283.99017,282.19016,282.49017,280.79016,276.39017,275.49017,274.49017,274.09015,275.39017,273.79016,272.49017,272.49017
281.29016,282.99017,284.89017,282.89017,282.59015,282.09015,282.59015,282.39017,281.79016,280.99017,280.39017,278.59015,278.69016,279.39017,279.89017,280.19016,280.69016,280.69016,281.59015,283.39017,285.49017,284.99017,285.69016,285.49017,284.79016,283.89017,284.09015,284.29016,284.89017,285.49017,281.69016,279.89017,279.89017,276.59015,275.49017,273.59015,273.79016,273.29016,273.09015,271.09015,272.39017
281.49017,282.99017,286.49017,282.39017,282.19016,280.79016,281.89017,280.59015,281.19016,280.09015,280.69016,278.29016,277.89017,277.89017,279.09015,279.69016,279.59015,280.39017,280.59015,280.49017,280.79016,281.29016,284.69016,284.29016,283.89017,283.29016,279.69016,279.99017,280.59015,280.79016,281.19016,283.09015,279.59015,277.99017,278.49017,276.89017,275.89017,273.29016,274.09015,273.49017,273.09015
