wind_kz.json
{"header": {"discipline":0,"disciplineName":"Meteorological products","gribEdition":2,"gribLength":1025,"center":7,"centerName":"US National Weather Service - NCEP(WMC)","subcenter":0,"refTime":"2023-08-07T12:00:00.000Z","significanceOfRT":1,"significanceOfRTName":"Start of forecast","productStatus":0,"productStatusName":"Operational products","productType":1,"productTypeName":"Forecast products","productDefinitionTemplate":0,"productDefinitionTemplateName":"Analysis/forecast at horizontal level/layer at a point in time","parameterCategory":2,"parameterCategoryName":"UnknownDiscipline_0_Category_2","parameterNumber":2,"parameterNumberName":"UnknownParameter_D0_C2_2","parameterUnit":"Unknown","genProcessType":2,"genProcessTypeName":"Forecast","forecastTime":240,"surface1Type":103,"surface1TypeName":"Specified height level above ground","surface1Value":10.0,"surface2Type":255,"surface2TypeName":"Missing","surface2Value":0.0,"gridDefinitionTemplate":0,"gridDefinitionTemplateName":"Latitude_Longitude","numberPoints":615,"shape":6,"shapeName":"Earth spherical with radius of 6,371,229.0 m","gridUnits":"degrees","resolution":48,"winds":"true","scanMode":64,"nx":41,"ny":15,"basicAngle":0,"lo1":47.0,"la1":41.0,"lo2":87.0,"la2":55.0,"dx":1.0,"dy":1.0}, "data":
[rows 0 to 14 of 15, columns 0 to 40 of 41]
-0.31639892,2.1636012,-3.3663988,-4.786399,0.13360107,3.3936012,5.8236012,2.8836012,0.64360106,1.0736011,-0.9363989,0.76360106,-0.076398924,0.9436011,0.7936011,0.6036011,-1.6163989,-0.8963989,-1.1263989,0.073601075,2.623601,1.6936011,5.353601,5.923601,4.403601,3.6936011,5.0336013,6.243601,2.373601,0.22360107,0.26360106,0.95360106,1.0136011,1.8936011,3.063601,-0.8063989,2.9436011,1.403601,1.403601,0.53360105,1.913601
-0.20639892,-2.446399,-1.1563989,-0.92639893,0.71360105,3.263601,8.483601,-1.4163989,0.7436011,0.25360107,1.5136011,1.1336011,3.3836012,-0.9563989,1.523601,2.3936012,1.3636011,0.25360107,-0.5563989,0.44360107,1.6336011,1.4736011,3.243601,4.253601,3.1336012,-1.0363989,0.6636011,3.3836012,1.9936011,-0.9963989,0.6236011,0.31360108,-1.096399,1.4736011,-0.046398927,2.723601,2.223601,2.603601,0.11360107,-1.1063989,-2.466399
-5.006399,-2.036399,-1.4163989,0.3036011,3.113601,6.0536013,4.373601,3.353601,3.4536011,2.563601,3.4536011,2.793601,4.453601,-0.96639895,2.053601,2.513601,3.123601,1.913601,0.90360105,-0.4463989,1.273601,0.9336011,-1.5563989,-4.476399,-0.8363989,-0.8763989,0.42360106,0.64360106,3.293601,-0.73639894,0.70360106,-0.5563989,1.543601,1.1336011,-1.3763989,-0.7663989,1.8436011,1.433601,5.273601,-0.11639892,-1.936399
-5.796399,-4.076399,-0.18639892,2.533601,5.963601,3.223601,-0.5063989,5.623601,4.183601,5.353601,5.333601,5.683601,-2.986399,0.7336011,5.3236012,5.543601,3.503601,3.4136012,3.4136012,0.5036011,-1.2363989,-3.776399,-0.96639895,-1.726399,-2.496399,-3.026399,-3.216399,-4.496399,-2.746399,-0.21639892,1.6436011,4.0736012,7.583601,5.273601,2.9536011,4.743601,1.7436011,0.83360106,-1.7363989,-2.196399,-1.2363989
-5.156399,-4.4663987,-4.836399,-3.876399,-2.3063989,-1.1763989,3.593601,4.703601,4.3236012,5.913601,6.523601,6.153601,1.1236011,1.9936011,3.463601,6.923601,8.583601,3.1736012,4.933601,1.413601,0.7236011,0.35360107,-1.586399,-1.966399,-2.736399,-3.786399,-4.9463987,1.6936011,-3.136399,-2.3363988,-1.066399,0.51360106,1.023601,0.65360105,-1.946399,-2.246399,-1.446399,-2.3563988,-2.5863988,-1.6063989,-0.66639894
-1.3563989,-0.96639895,-3.706399,-2.3363988,0.42360106,3.1736012,4.693601,5.103601,4.413601,6.673601,7.103601,6.753601,5.733601,3.123601,4.703601,7.103601,7.5136013,5.593601,3.723601,5.663601,5.103601,3.123601,1.663601,0.6736011,0.41360107,0.35360107,-3.3563988,-1.6063989,0.48360106,-1.9963989,-2.2963989,-1.586399,-2.766399,-3.3163989,0.13360107,-2.486399,1.433601,-1.326399,-0.45639893,0.41360107,-0.5663989
-2.146399,-0.5063989,0.41360107,0.5036011,1.3636011,0.8036011,1.3736011,3.253601,4.603601,4.183601,4.503601,6.443601,7.353601,7.8036013,6.733601,7.163601,8.743601,6.373601,6.463601,4.233601,5.203601,5.483601,5.5736012,4.353601,3.343601,3.473601,3.253601,0.47360107,1.803601,3.363601,0.65360105,-1.6463989,-0.5563989,1.6236011,1.5036011,1.063601,-0.5163989,-1.4963989,1.1436011,-0.3863989,-1.8663989
-1.5063989,-0.33639893,-0.016398925,1.3236011,2.013601,2.9036012,3.1936011,2.773601,3.103601,3.463601,4.043601,3.853601,3.6336012,4.893601,3.063601,4.873601,6.403601,7.2836013,6.133601,7.293601,7.203601,6.633601,4.643601,5.463601,5.733601,5.493601,5.863601,3.103601,2.1836011,1.923601,2.9336011,0.82360107,2.1436012,-2.6163988,0.28360108,-3.3063989,-1.4963989,2.753601,-1.8563989,-0.23639892,1.3636011
0.3036011,-0.016398925,1.3436011,1.6436011,2.013601,2.4336011,3.2036011,1.7236011,2.103601,2.053601,2.4336011,1.8936011,3.1736012,2.473601,3.323601,4.223601,4.173601,6.2636013,8.403601,7.373601,8.453601,8.193601,7.893601,5.973601,6.523601,6.833601,5.613601,5.7836013,3.483601,2.1936011,2.9336011,1.6036011,-2.5463989,-0.106398925,-0.5763989,-0.97639894,0.053601075,-0.28639892,0.34360108,0.32360107,1.523601
1.923601,-0.35639894,1.8336011,2.013601,1.683601,1.313601,2.263601,2.8936012,2.793601,2.6636012,1.6136011,2.1536012,0.40360108,1.2436011,3.043601,3.223601,3.053601,4.083601,4.603601,6.413601,5.973601,7.313601,8.223601,8.713601,2.9236012,6.973601,7.023601,4.153601,2.573601,2.2036011,1.5136011,0.43360108,-1.8963989,-0.24639893,-1.5263989,-0.30639893,-0.8263989,-0.67639893,1.3236011,0.26360106,1.1936011
-0.42639893,4.233601,2.763601,1.1936011,1.8736011,1.8236011,0.45360106,1.033601,1.0836011,2.6436012,3.083601,-0.49639893,-0.21639892,0.073601075,2.043601,2.083601,2.363601,3.793601,5.953601,6.173601,5.993601,5.363601,4.863601,8.693601,5.2636013,4.653601,6.163601,3.813601,4.0336013,2.8936012,1.0736011,0.34360108,1.933601,2.823601,0.043601073,0.0036010742,-1.0363989,0.6636011,-0.53639895,0.27360108,0.9436011
0.5636011,2.503601,1.5136011,2.6436012,1.403601,-2.236399,1.9936011,0.6036011,2.123601,1.663601,2.003601,1.6036011,-0.49639893,-0.23639892,0.7536011,1.163601,2.483601,3.6836011,3.313601,5.243601,5.7636013,5.593601,5.663601,12.803601,7.493601,4.313601,0.9136011,4.873601,4.353601,4.253601,0.7236011,3.843601,1.4536011,-0.9563989,-2.516399,-2.266399,-1.716399,-2.3263988,-2.0663989,-1.076399,-1.0363989
3.993601,1.183601,0.8536011,1.3536011,3.543601,2.6336012,1.6336011,1.3936011,3.803601,2.303601,1.9836011,2.793601,-2.226399,-0.22639893,0.16360107,0.96360105,1.923601,2.833601,3.623601,4.233601,4.5736012,5.243601,6.953601,-2.906399,1.6436011,3.4336011,-2.3663988,-1.966399,0.71360105,5.123601,3.473601,3.9136012,1.283601,-3.776399,0.48360106,-3.526399,-1.4163989,-1.9063989,-2.3363988,-1.596399,-0.78639895
2.493601,-0.43639892,2.303601,3.043601,0.7436011,-0.046398927,0.82360107,2.7036011,2.273601,2.463601,1.1036011,3.1936011,0.63360107,-1.826399,-0.036398925,0.7336011,2.793601,1.773601,1.533601,0.90360105,1.8636011,3.4536011,3.783601,4.213601,0.42360106,1.683601,4.933601,1.8336011,2.9436011,6.453601,4.143601,3.863601,4.693601,2.813601,-1.596399,-4.086399,4.943601,1.5836011,0.46360108,-1.7763989,-2.3263988
-0.5563989,2.103601,-0.15639892,2.543601,2.533601,3.9436011,1.7536011,2.1736012,2.9136012,2.013601,0.63360107,1.9836011,1.7536011,1.2436011,0.8036011,1.2036011,1.9836011,1.3736011,0.25360107,0.7336011,3.073601,3.123601,6.163601,1.8836011,0.08360107,0.52360106,-1.4163989,7.893601,3.4036012,3.9336011,2.603601,0.95360106,2.6736012,-2.286399,0.23360108,2.3836012,-0.33639893,-0.22639893,0.18360108,-0.5763989,-2.3163989
