wind_kz.json
{"header": {"discipline":0,"disciplineName":"Meteorological products","gribEdition":2,"gribLength":871,"center":7,"centerName":"US National Weather Service - NCEP(WMC)","subcenter":0,"refTime":"2024-03-19T18:00:00.000Z","significanceOfRT":1,"significanceOfRTName":"Start of forecast","productStatus":0,"productStatusName":"Operational products","productType":1,"productTypeName":"Forecast products","productDefinitionTemplate":0,"productDefinitionTemplateName":"Analysis/forecast at horizontal level/layer at a point in time","parameterCategory":0,"parameterCategoryName":"UnknownDiscipline_0_Category_0","parameterNumber":0,"parameterNumberName":"UnknownParameter_D0_C0_0","parameterUnit":"Unknown","genProcessType":2,"genProcessTypeName":"Forecast","forecastTime":180,"surface1Type":1,"surface1TypeName":"Ground or water surface","surface1Value":0.0,"surface2Type":255,"surface2TypeName":"Missing","surface2Value":0.0,"gridDefinitionTemplate":0,"gridDefinitionTemplateName":"Latitude_Longitude","numberPoints":615,"shape":6,"shapeName":"Earth spherical with radius of 6,371,229.0 m","gridUnits":"degrees","resolution":48,"winds":"true","scanMode":64,"nx":41,"ny":15,"basicAngle":0,"lo1":47.0,"la1":41.0,"lo2":87.0,"la2":55.0,"dx":1.0,"dy":1.0}, "data":
[rows 0 to 14 of 15, columns 0 to 40 of 41]
287.06067,278.76068,284.66068,280.56067,281.36066,282.46066,283.56067,284.26068,284.16068,285.96066,285.96066,287.06067,289.56067,290.16068,290.06067,293.16068,293.16068,292.76068,294.26068,295.46066,299.66068,298.36066,299.86066,300.16068,303.06067,304.86066,296.66068,273.46066,278.76068,275.86066,281.46066,276.36066,297.26068,305.66068,304.56067,303.66068,308.26068,306.36066,305.06067,302.86066,299.46066
270.56067,287.26068,280.76068,280.76068,281.06067,281.56067,283.06067,284.26068,284.66068,284.86066,285.36066,285.76068,285.76068,285.76068,288.16068,292.56067,294.46066,294.06067,295.66068,297.26068,297.76068,299.76068,297.66068,294.96066,273.16068,273.16068,281.86066,273.56067,273.26068,273.26068,287.36066,273.46066,289.76068,263.46066,272.46066,297.16068,299.16068,300.56067,302.26068,297.96066,273.26068
288.86066,279.06067,280.66068,280.96066,280.76068,283.16068,288.16068,287.96066,287.56067,288.36066,290.16068,290.66068,292.06067,292.86066,290.76068,294.46066,295.86066,295.06067,296.36066,296.46066,297.46066,297.66068,296.46066,289.76068,296.86066,295.16068,294.26068,297.26068,298.76068,290.86066,275.76068,281.16068,289.76068,290.46066,277.06067,288.46066,276.36066,277.76068,288.16068,283.16068,276.06067
287.56067,278.86066,279.56067,280.26068,281.16068,290.96066,288.66068,288.36066,290.66068,289.76068,288.46066,289.26068,283.46066,284.06067,291.16068,289.96066,290.26068,293.06067,294.66068,295.76068,296.16068,291.36066,290.76068,290.46066,290.96066,290.86066,291.76068,287.76068,295.16068,293.46066,297.06067,296.46066,298.66068,300.06067,299.06067,294.56067,274.16068,272.06067,286.26068,289.16068,290.96066
287.46066,278.66068,278.36066,278.76068,283.16068,290.86066,291.06067,292.06067,291.66068,292.46066,289.86066,289.66068,281.86066,281.76068,280.46066,290.86066,290.46066,290.56067,289.56067,286.56067,286.66068,288.86066,288.66068,289.06067,288.56067,288.16068,285.36066,283.46066,289.06067,291.46066,291.96066,293.36066,281.36066,273.16068,290.66068,292.06067,287.66068,293.56067,291.16068,288.96066,287.56067
288.56067,284.06067,278.16068,276.26068,271.46066,272.86066,293.66068,292.56067,291.96066,290.76068,288.86066,288.66068,282.36066,281.46066,282.96066,292.06067,290.16068,290.26068,288.16068,286.96066,286.66068,287.16068,288.96066,287.16068,287.66068,284.86066,284.36066,273.06067,286.46066,286.46066,288.76068,287.66068,287.56067,287.86066,287.36066,285.86066,278.36066,277.56067,292.26068,290.56067,290.36066
287.06067,283.96066,283.66068,288.06067,283.96066,291.66068,293.36066,291.76068,290.36066,289.36066,289.66068,287.36066,288.46066,287.76068,288.06067,288.56067,288.66068,288.36066,287.46066,285.36066,284.16068,285.36066,285.26068,283.96066,273.16068,271.16068,269.86066,279.46066,283.86066,285.86066,285.76068,284.96066,285.66068,288.36066,286.66068,286.66068,275.46066,277.46066,270.96066,276.56067,286.26068
283.06067,282.86066,288.46066,288.66068,291.66068,291.46066,291.16068,291.06067,288.16068,287.66068,286.76068,285.36066,287.56067,285.26068,287.06067,286.26068,287.86066,286.56067,286.86066,285.86066,283.76068,284.86066,282.26068,285.36066,284.96066,277.46066,270.56067,270.16068,270.36066,270.16068,269.76068,271.06067,271.46066,270.16068,270.86066,271.96066,270.66068,273.06067,282.06067,283.26068,275.36066
282.16068,287.06067,289.36066,291.76068,290.66068,289.86066,287.36066,287.56067,286.86066,285.46066,282.36066,274.26068,277.16068,285.16068,285.16068,287.46066,287.56067,287.96066,283.26068,281.76068,274.26068,278.66068,279.56067,273.26068,272.16068,274.26068,272.16068,273.06067,272.36066,273.46066,270.36066,270.46066,283.16068,281.96066,281.16068,270.86066,270.56067,267.86066,267.86066,269.06067,270.76068
282.06067,284.66068,287.16068,287.26068,285.86066,284.46066,282.06067,274.76068,273.26068,281.46066,273.16068,273.06067,273.56067,272.96066,272.86066,273.26068,275.56067,283.06067,275.46066,273.26068,272.76068,272.46066,273.06067,272.46066,272.66068,272.76068,281.96066,275.96066,270.66068,270.96066,276.16068,283.86066,285.36066,282.06067,277.16068,270.06067,271.86066,273.16068,273.16068,274.66068,270.06067
282.66068,285.06067,284.96066,283.46066,282.26068,281.86066,273.26068,273.96066,273.46066,273.26068,273.16068,273.36066,273.16068,272.46066,271.56067,272.96066,272.76068,272.96066,273.06067,271.76068,272.16068,271.86066,271.76068,271.86066,271.96066,272.66068,273.16068,287.16068,287.96066,287.56067,287.86066,282.16068,283.06067,284.56067,275.46066,271.76068,273.16068,274.86066,279.06067,276.16068,270.86066
279.56067,280.86066,279.76068,276.06067,274.16068,273.26068,273.16068,273.26068,273.16068,273.16068,274.56067,271.76068,272.16068,272.36066,272.16068,272.46066,272.36066,272.26068,272.66068,271.76068,271.06067,269.86066,269.86066,271.46066,272.66068,271.76068,274.76068,285.96066,286.06067,280.86066,276.76068,270.96066,278.96066,270.66068,276.46066,272.26068,274.56067,274.86066,274.46066,274.46066,274.16068
277.96066,274.56067,273.26068,274.46066,278.16068,279.16068,273.26068,273.16068,273.56067,273.96066,278.86066,279.56067,272.16068,272.36066,272.26068,271.96066,272.96066,271.86066,272.36066,271.46066,272.16068,272.66068,273.86066,273.16068,273.16068,272.56067,272.46066,271.66068,271.36066,272.36066,271.26068,270.26068,270.66068,270.26068,270.06067,269.56067,271.06067,272.66068,271.16068,269.66068,271.56067
277.96066,273.26068,275.66068,277.36066,276.36066,276.96066,273.66068,273.36066,274.46066,279.86066,279.76068,279.46066,278.76068,272.26068,271.76068,271.66068,271.96066,272.56067,271.36066,271.96066,272.26068,273.16068,272.96066,272.76068,272.26068,272.66068,273.16068,273.16068,273.16068,273.16068,272.46066,271.06067,270.56067,269.76068,271.46066,270.26068,271.36066,271.26068,270.76068,271.06067,271.36066
278.76068,276.56067,273.16068,276.46066,278.06067,278.76068,276.96066,278.46066,275.66068,281.56067,278.46066,282.86066,282.26068,280.76068,280.16068,277.86066,273.36066,276.16068,273.46066,273.16068,273.06067,273.26068,273.16068,273.16068,273.16068,273.16068,273.16068,273.16068,273.16068,273.16068,273.16068,272.46066,270.96066,271.86066,271.36066,270.86066,271.16068,270.46066,269.76068,269.66068,270.06067
