wind_kz.json
{"header": {"discipline":0,"disciplineName":"Meteorological products","gribEdition":2,"gribLength":1025,"center":7,"centerName":"US National Weather Service - NCEP(WMC)","subcenter":0,"refTime":"2023-09-23T06:00:00.000Z","significanceOfRT":1,"significanceOfRTName":"Start of forecast","productStatus":0,"productStatusName":"Operational products","productType":1,"productTypeName":"Forecast products","productDefinitionTemplate":0,"productDefinitionTemplateName":"Analysis/forecast at horizontal level/layer at a point in time","parameterCategory":2,"parameterCategoryName":"UnknownDiscipline_0_Category_2","parameterNumber":2,"parameterNumberName":"UnknownParameter_D0_C2_2","parameterUnit":"Unknown","genProcessType":2,"genProcessTypeName":"Forecast","forecastTime":180,"surface1Type":103,"surface1TypeName":"Specified height level above ground","surface1Value":10.0,"surface2Type":255,"surface2TypeName":"Missing","surface2Value":0.0,"gridDefinitionTemplate":0,"gridDefinitionTemplateName":"Latitude_Longitude","numberPoints":615,"shape":6,"shapeName":"Earth spherical with radius of 6,371,229.0 m","gridUnits":"degrees","resolution":48,"winds":"true","scanMode":64,"nx":41,"ny":15,"basicAngle":0,"lo1":47.0,"la1":41.0,"lo2":87.0,"la2":55.0,"dx":1.0,"dy":1.0}, "data":
[rows 0 to 14 of 15, columns 0 to 40 of 41]
-4.4960155,-0.83601564,0.6239844,-3.8960156,-10.046016,-10.506016,-8.746016,-8.326015,-8.346016,-4.5860157,-5.176016,-5.8560157,-5.0660157,-3.8160157,-3.0660157,-2.5560157,-2.2260156,-1.9460156,-3.6060157,-1.7660156,-1.7760156,1.2839844,-1.5760156,1.1239843,1.4739844,1.9539844,-1.4260156,3.5339844,-1.3960156,0.8739844,-1.2060156,0.21398437,-0.63601565,0.5039844,-0.22601563,0.10398438,1.3139844,-1.4860157,-2.5560157,-1.1660156,-1.0260156
2.2639844,2.0639844,-10.366015,-7.7060156,-7.676016,-10.276015,-7.6560154,-6.8860154,-5.8160157,-6.236016,-6.8060155,-6.1060157,-4.466016,-3.5560157,-1.0460156,-2.6560156,-2.0460157,-2.1960156,-1.6060157,-0.95601565,0.48398438,-1.0760156,-1.2660156,0.42398438,0.28398436,1.3439844,-0.026015624,2.3839843,-1.4160156,0.48398438,-0.08601563,-0.32601562,-0.9460156,-2.6860156,-0.016015625,0.34398437,-0.11601563,-1.1660156,-0.046015624,0.9639844,-2.7260156
-1.9860157,-7.8160157,-10.546016,-10.436016,-9.796016,-6.8560157,-5.736016,-4.7860155,-5.6260157,-6.0760155,-5.3260155,-4.6860156,-2.5060155,-2.1660156,-1.6060157,-1.1760156,-1.7660156,-0.8760156,-0.6760156,-0.3060156,0.3539844,2.3339844,-3.0460157,-0.056015626,1.9839844,-0.17601563,-0.6660156,3.1939843,1.8839843,-0.9160156,-1.0760156,-0.41601562,1.1839844,0.33398438,-1.7160156,-0.49601564,0.14398438,-1.2660156,3.7139845,-0.5660156,0.79398435
-8.246016,-10.146015,-9.256016,-8.956016,-6.5560155,-4.6260157,-4.8860154,-5.1560154,-4.1860156,-5.0860157,-4.0860157,-3.1660156,-3.7060156,-2.7460155,-0.47601563,-0.14601563,0.28398436,1.0639844,2.1039844,0.5039844,1.5639844,-1.0860156,3.7839844,3.3639843,-1.9860157,0.53398436,0.003984375,-2.8960156,-0.42601562,3.0339844,2.2739844,0.8839844,2.6439843,2.4239843,0.53398436,-0.8660156,0.21398437,-1.1260157,0.5639844,0.7139844,2.5739844
-8.406015,-9.0360155,-8.166016,-8.456016,-6.6260157,-6.1260157,-5.6160154,-4.006016,-3.9560156,-4.4160156,-2.6460156,-2.1760156,-1.5060157,-0.23601562,1.6339843,0.6339844,0.79398435,2.2939844,1.0939844,1.6039844,2.4239843,1.7839844,1.5139843,0.5039844,1.2739844,-0.42601562,-3.3360157,-0.70601565,-0.44601563,-1.1460156,-0.06601562,-0.046015624,-1.1460156,-0.11601563,1.2539843,1.9739844,2.6739843,-0.57601565,-1.7760156,-0.7460156,-0.84601563
-6.5360155,-5.0160155,-9.256016,-8.906015,-7.6560154,-6.1360154,-4.486016,-4.4360156,-3.3960156,-3.1860156,-3.0260155,-2.5360155,1.9439844,2.6439843,-0.9360156,-0.17601563,1.3339844,1.2039844,-0.83601564,1.9539844,0.36398438,1.2739844,0.5239844,-0.41601562,-1.6560156,-3.3060157,-1.4860157,1.9039844,-0.7960156,-1.5460156,0.20398438,1.9439844,0.85398436,-0.88601565,-0.006015625,-1.5760156,2.2239845,1.2539843,1.6439843,-0.3060156,-1.3760157
-4.756016,-4.1860156,-4.5960155,-3.8560157,-4.0860157,-3.6760156,-3.2160156,-3.1860156,-2.7960157,-1.7960156,-1.7060156,-2.2960157,-1.6060157,-1.1860156,-0.82601565,-0.3360156,-0.026015624,-1.1160157,-1.3360156,-1.3760157,-1.8260156,-1.8260156,-0.8060156,0.37398437,-0.63601565,-0.12601562,0.6839844,-0.25601563,2.2639844,1.0039843,2.2239845,2.7839844,3.3539844,3.2639844,2.1339843,-0.6860156,-0.95601565,0.90398437,-0.24601562,1.1239843,3.4039843
-3.2560155,-2.7160156,-1.4360156,-0.7460156,0.34398437,-1.7560157,-1.1860156,-1.7160156,-1.4260156,-1.1560156,-1.0160156,-1.5460156,-1.1360157,-0.9760156,-0.27601564,-0.5560156,-0.32601562,-0.6060156,-0.6760156,-1.6860156,-0.056015626,-0.26601562,-0.5060156,1.1539844,2.3539844,1.9539844,3.7639844,1.9839844,2.3039844,2.7039843,2.1239843,3.2739844,1.5739844,1.5639844,-0.056015626,0.26398438,1.0939844,3.8839843,2.4539843,2.9539843,-1.9460156
-2.1160157,-1.5260156,-1.7860156,-2.6560156,-1.9860157,-1.3960156,-0.19601563,-1.3060156,0.27398437,0.8839844,1.8439844,0.27398437,0.48398438,0.34398437,0.65398437,0.5239844,0.19398437,-0.29601562,-0.28601563,-0.17601563,-0.6260156,-0.3360156,0.40398437,0.65398437,1.6739844,2.5739844,1.5839844,0.07398438,1.5539844,1.3139844,2.5039845,3.1039844,4.0239844,2.4839845,0.48398438,0.21398437,0.003984375,-3.0360155,-1.1760156,0.66398436,-1.8660157
-1.0660156,-0.8660156,-0.17601563,-0.18601562,-0.3360156,0.7639844,0.7639844,1.3539844,1.3239844,1.2839844,2.2739844,1.6239843,2.2039843,2.0139844,1.6739844,1.5839844,1.1639844,0.5139844,0.25398436,0.10398438,-0.10601562,0.60398436,0.84398437,0.33398438,-0.3360156,0.003984375,-2.1760156,-2.4060156,0.36398438,1.3739843,0.8339844,0.6839844,1.6539844,2.3239844,0.23398438,-0.38601562,-1.7560157,-0.056015626,-1.4360156,0.27398437,-1.5860156
-0.056015626,0.20398438,-0.40601563,0.19398437,0.7139844,1.4239844,1.5739844,2.7339845,2.0439844,1.6339843,1.4239844,1.6239843,2.7739844,3.7039843,3.2739844,2.9839845,2.6339843,2.5839844,1.8239844,1.6939844,1.8439844,1.7639843,1.7039844,0.97398436,0.39398438,-0.77601564,0.09398437,0.29398438,-0.10601562,1.3739843,0.7139844,1.5739844,0.123984374,-2.2860155,2.0139844,-0.5060156,-1.3360156,0.31398436,-1.0060157,0.5839844,-1.5860156
0.54398435,1.7539843,1.4639844,1.4739844,2.2739844,1.9139844,1.5439844,1.2539843,1.5939844,1.0939844,0.6839844,2.4539843,2.7439845,3.0439844,3.6139843,3.3139844,3.5739844,3.6539843,2.7439845,3.0939844,2.9639845,3.1439843,2.7239845,2.4439843,2.3639843,2.2739844,1.0839844,1.3639843,1.5239844,0.053984374,0.92398435,-2.0960157,-1.3360156,-1.6960156,-1.2260156,-0.6760156,0.22398438,0.78398436,0.61398435,0.083984375,-0.07601562
1.5539844,1.7939844,1.9539844,1.7039844,2.2339845,1.6439843,1.5039843,1.6039844,2.0139844,1.1139843,0.5839844,2.1839843,2.7039843,3.5439844,3.5839844,3.1939843,3.2039843,3.3639843,3.1939843,3.3739843,2.9039843,3.2939844,3.0339844,3.0039845,3.8439844,3.4539843,3.1639843,3.0239844,2.3839843,1.8639843,0.79398435,-0.3060156,-0.5560156,-1.1060157,0.48398438,-0.32601562,0.5539844,0.5239844,1.6239843,0.21398437,-0.10601562
2.3839843,2.1439843,2.6439843,3.2039843,1.9339844,1.9339844,1.8439844,2.4439843,1.8239844,2.1739843,0.48398438,1.0239844,1.9639844,2.7439845,2.4739845,2.8939843,3.2039843,3.3739843,3.3239844,3.5739844,3.6739843,3.6639843,4.1839843,3.7039843,3.6239843,3.1739843,2.5039845,2.8639843,2.7039843,2.6939843,2.3039844,1.6639844,0.54398435,0.90398437,0.5839844,0.92398435,0.46398437,0.7739844,0.31398436,0.8239844,1.0939844
2.0439844,3.5539844,3.4339843,2.4339843,3.0839844,3.3639843,4.3339844,2.3139844,2.8839843,1.7139844,-0.24601562,1.0039843,1.8739843,1.9439844,3.7139845,3.5539844,3.6439843,3.8839843,3.3439844,4.1139846,4.3839846,3.5539844,3.3339844,3.1639843,3.1239843,2.9439843,2.7439845,2.6139843,2.3839843,2.6139843,2.8139844,2.7539845,2.0139844,1.9439844,2.2039843,2.3939843,1.2639843,1.6339843,1.9439844,2.0339844,0.36398438
