wind_kz.json
{"header": {"discipline":0,"disciplineName":"Meteorological products","gribEdition":2,"gribLength":1025,"center":7,"centerName":"US National Weather Service - NCEP(WMC)","subcenter":0,"refTime":"2023-08-21T06:00:00.000Z","significanceOfRT":1,"significanceOfRTName":"Start of forecast","productStatus":0,"productStatusName":"Operational products","productType":1,"productTypeName":"Forecast products","productDefinitionTemplate":0,"productDefinitionTemplateName":"Analysis/forecast at horizontal level/layer at a point in time","parameterCategory":2,"parameterCategoryName":"UnknownDiscipline_0_Category_2","parameterNumber":2,"parameterNumberName":"UnknownParameter_D0_C2_2","parameterUnit":"Unknown","genProcessType":2,"genProcessTypeName":"Forecast","forecastTime":0,"surface1Type":103,"surface1TypeName":"Specified height level above ground","surface1Value":10.0,"surface2Type":255,"surface2TypeName":"Missing","surface2Value":0.0,"gridDefinitionTemplate":0,"gridDefinitionTemplateName":"Latitude_Longitude","numberPoints":615,"shape":6,"shapeName":"Earth spherical with radius of 6,371,229.0 m","gridUnits":"degrees","resolution":48,"winds":"true","scanMode":64,"nx":41,"ny":15,"basicAngle":0,"lo1":47.0,"la1":41.0,"lo2":87.0,"la2":55.0,"dx":1.0,"dy":1.0}, "data":
[rows 0 to 14 of 15, columns 0 to 40 of 41]
-0.23361328,1.9663867,-2.1936133,0.44638672,3.1663866,5.3963866,5.076387,2.8863866,2.3063867,2.6463866,4.9363866,5.4963865,5.9563866,5.2563868,5.2263865,5.346387,4.4563866,1.8463867,2.1263866,4.7763867,-0.9436133,-0.6736133,1.3263867,2.8063867,-2.1436133,1.6163868,3.1663866,2.5363867,0.08638672,1.9363867,-0.22361328,1.4963868,1.4163867,-1.5736133,0.07638672,1.4363867,1.4663867,-0.26361328,0.7363867,0.8863867,1.1763867
0.06638672,-3.0636132,0.38638672,1.6663867,1.1863867,1.4363867,-0.9336133,3.3063867,4.9963865,4.216387,4.4563866,5.196387,6.136387,4.826387,5.3363867,3.6663866,0.9163867,2.7763867,6.6063867,3.6263866,0.7263867,0.13638672,1.0663867,3.6963868,1.0063868,0.20638672,1.2963867,0.7263867,3.0963867,1.8763868,1.1463867,1.6363868,0.3063867,1.7663867,0.37638673,1.4663867,2.0863867,0.4663867,-1.0936133,-1.0036132,0.12638672
-3.5836134,-0.5236133,-0.4436133,1.2963867,1.3363867,-1.9636133,-4.053613,-2.8236132,1.0763867,1.0763867,0.41638672,2.2563868,4.696387,4.406387,4.806387,3.2263868,0.8063867,-0.5536133,9.556387,4.426387,-2.4936132,-1.1836133,-0.8136133,-6.2136135,-1.1036133,-2.6836133,-0.9636133,0.38638672,3.9363868,-1.5536133,1.3163867,-1.9036133,-0.4736133,1.3263867,-1.0336133,1.7963867,1.5963867,0.12638672,2.0163867,6.846387,5.5163865
-4.9636135,-1.5836133,0.6963867,1.3363867,0.7563867,-2.8736134,-0.4436133,-3.9836133,-3.2936132,-2.1436133,-1.7436132,-1.3436133,0.51638675,2.7063868,3.0163867,-3.3436134,-2.0836134,1.8863868,2.0763867,-2.7536132,1.2763867,0.77638674,-3.7936132,-3.6536133,-5.0836134,-5.1036134,-3.9236133,-6.263613,-5.6436133,-2.2936132,1.1463867,3.0063868,1.2463868,1.7463868,3.1663866,3.8863866,2.6063867,3.4663868,-2.2636132,-0.5636133,0.31638673
-3.4036133,-1.3236133,-0.4736133,-2.3936133,-0.5736133,0.6763867,0.4363867,1.4663867,2.0463867,1.6163868,-0.6936133,-3.2136133,-2.0736132,-3.1736133,-2.2936132,-3.5836134,-4.9636135,0.9363867,-2.4236133,-2.2536132,-3.7736132,-4.693613,-4.423613,-4.283613,-5.3336134,-5.033613,-6.2236133,-3.3236132,-4.8736134,-4.8536134,-4.0836134,-2.5236132,3.2363868,3.8163867,-2.8336134,-1.2836133,-0.8036133,-0.0036132813,1.0463867,2.1163867,-0.30361328
1.2163867,1.2763867,0.37638673,-2.1036134,-3.5136132,-3.1636133,-2.6536133,-2.2236133,-1.3736132,-0.14361328,2.8463867,1.5763867,-0.66361326,-1.8736132,-3.7536132,-3.6136134,-0.72361326,-3.2636132,-2.1536133,-1.8036133,-0.6436133,-0.7636133,-1.8836132,-1.9136133,-2.7536132,-3.4536133,-4.323613,-0.8936133,-2.3936133,-2.2936132,-3.2436132,-3.2636132,-3.8636134,-4.0436134,-2.1536133,3.2763867,2.3763866,3.0663867,-1.3636132,-2.5736132,-3.1736133
2.2563868,1.2663867,0.5663867,-0.3136133,-0.79361326,-2.6636133,-2.3736134,-1.0936133,0.37638673,-1.3036133,0.70638674,3.4463868,0.04638672,-1.1836133,-1.1136132,0.01638672,1.4463867,0.5563867,3.4163866,-2.2836132,-0.7136133,-0.85361326,-0.04361328,-0.79361326,0.29638672,0.83638674,0.6363867,1.2463868,0.6863867,1.0363867,0.38638672,-0.54361326,-1.7136133,0.89638674,1.0063868,1.2363868,1.1563867,-0.8036133,4.9163866,-0.85361326,2.4163866
2.9863868,3.4663868,2.4463868,3.0663867,1.5263867,-0.72361326,-1.9236133,-1.8036133,-1.6536133,-0.9336133,-2.3536134,2.5163867,3.5163867,2.4263868,1.5363867,0.20638672,1.8163867,1.3863868,3.1363866,2.2763867,-0.8836133,-0.6436133,-1.2036133,0.21638672,1.5963867,2.3063867,1.6363868,2.4863868,2.9663868,2.2063868,2.3163867,1.7163867,1.5163867,-0.22361328,0.5663867,-1.2136133,0.51638675,4.5263867,7.2963867,6.906387,6.596387
0.9363867,1.8063867,2.6663866,2.1863868,2.1063867,1.6563867,0.41638672,0.32638672,1.5063868,2.6263866,2.6363866,0.6863867,1.7063867,3.2363868,2.4263868,-0.43361327,-3.0736132,-2.5036132,-2.3336134,-2.3936133,-1.7536132,-1.5436133,-1.0136132,0.13638672,0.9763867,2.0563867,3.9963868,4.4163866,5.216387,5.556387,4.5363865,2.4963868,-0.78361326,-0.03361328,0.5063867,2.2763867,3.1563866,-0.17361328,0.4663867,0.44638672,1.9763867
1.7663867,1.5663867,2.7463868,2.9763868,3.1863868,1.7763867,1.0863867,1.3563867,1.8063867,2.8063867,2.5263867,3.3763866,3.3063867,3.1763868,4.116387,1.6263868,-0.5636133,-1.2036133,-2.3336134,-3.1036134,-2.9636133,-0.6736133,0.7463867,2.2763867,3.2163868,2.6263866,0.6363867,0.31638673,1.4963868,0.04638672,-1.2536132,-1.3036133,-1.4036133,-0.0036132813,-0.11361328,-0.3836133,2.4863868,1.4863868,2.4163866,1.0063868,1.5063868
2.5463867,2.3963866,2.8163867,4.0363865,3.4263868,2.3763866,2.2763867,2.3263867,3.3463867,3.4863868,4.1063867,4.736387,4.176387,5.946387,5.9563866,3.3963866,1.4563867,-0.7136133,-1.1936133,-1.6836133,-2.0736132,-0.90361327,-0.8636133,-0.18361329,-1.0236133,-2.3636134,-2.7536132,-2.3236132,-3.8836133,-3.5636132,-3.5636132,-2.6236134,-1.8836132,-1.0436133,-0.17361328,0.096386716,1.6063867,1.9063867,-0.46361327,0.7863867,1.5863867
3.2863867,3.9263868,4.6463866,4.5663867,4.0663867,3.4363868,2.6063867,3.2163868,3.2263868,3.2763867,3.9363868,3.8763866,2.9963868,3.2863867,4.096387,3.2263868,0.76638675,-0.33361328,-0.27361327,0.8763867,0.28638673,-0.53361326,-0.6136133,-1.4436133,-3.0136132,-3.6736133,-3.2736132,-3.0736132,-2.9936132,-2.1336133,-2.1436133,-1.6836133,-1.2336133,0.29638672,1.3863868,1.7263867,1.7263867,1.2363868,2.1563866,2.0163867,0.18638672
3.6163867,3.2063868,3.2863867,3.9163866,3.8663867,2.7063868,2.8363867,2.7163868,2.0963867,1.1163868,1.7763867,2.9563868,1.9663867,0.90638673,-1.2036133,-2.3036132,-1.2536132,-0.9336133,0.9863867,0.90638673,0.9963867,0.5563867,-0.18361329,-0.3836133,-2.1536133,-2.6636133,-2.1736133,-1.8836132,-0.78361326,-0.65361327,-0.8236133,-1.3436133,-1.1936133,1.2363868,0.8163867,1.4663867,1.7363868,1.9863868,2.8763866,3.2863867,1.4863868
1.6963867,1.8163867,3.8463867,3.2863867,3.2963867,2.3263867,1.2663867,0.59638673,-0.7036133,0.52638674,1.7463868,2.8363867,4.076387,2.9663868,2.7163868,1.3363867,0.58638674,1.0463867,0.8663867,-0.48361328,-0.13361329,0.7463867,-0.053613283,-0.5536133,-1.8536133,-2.1236134,-1.2536132,-2.1036134,-2.4136133,-1.6736133,-0.6736133,-0.09361328,0.04638672,0.8063867,1.7763867,2.6563866,2.6763868,1.7363868,2.9763868,2.6663866,1.3763868
-0.6836133,-0.5536133,-2.3536134,-0.8936133,-1.0136132,-0.84361327,-0.6836133,0.3663867,2.9263868,2.1963868,0.45638672,3.4063866,3.1863868,2.5663867,4.5263867,3.9563868,3.2563868,2.1363866,0.45638672,-0.9936133,0.41638672,-0.26361328,-0.22361328,-1.0336133,-1.4136133,-0.9936133,-1.0036132,-0.5736133,-1.1636133,-1.4836133,-1.2236133,1.3063867,1.0463867,1.0163867,1.2163867,2.1163867,2.3263867,3.0663867,4.826387,3.8663867,2.3963866
