wind_kz.json
{"header": {"discipline":0,"disciplineName":"Meteorological products","gribEdition":2,"gribLength":1025,"center":7,"centerName":"US National Weather Service - NCEP(WMC)","subcenter":0,"refTime":"2025-04-05T18:00:00.000Z","significanceOfRT":1,"significanceOfRTName":"Start of forecast","productStatus":0,"productStatusName":"Operational products","productType":1,"productTypeName":"Forecast products","productDefinitionTemplate":0,"productDefinitionTemplateName":"Analysis/forecast at horizontal level/layer at a point in time","parameterCategory":2,"parameterCategoryName":"UnknownDiscipline_0_Category_2","parameterNumber":2,"parameterNumberName":"UnknownParameter_D0_C2_2","parameterUnit":"Unknown","genProcessType":2,"genProcessTypeName":"Forecast","forecastTime":0,"surface1Type":103,"surface1TypeName":"Specified height level above ground","surface1Value":10.0,"surface2Type":255,"surface2TypeName":"Missing","surface2Value":0.0,"gridDefinitionTemplate":0,"gridDefinitionTemplateName":"Latitude_Longitude","numberPoints":615,"shape":6,"shapeName":"Earth spherical with radius of 6,371,229.0 m","gridUnits":"degrees","resolution":48,"winds":"true","scanMode":64,"nx":41,"ny":15,"basicAngle":0,"lo1":47.0,"la1":41.0,"lo2":87.0,"la2":55.0,"dx":1.0,"dy":1.0}, "data":
[rows 0 to 14 of 15, columns 0 to 40 of 41]
-0.01993164,0.88006836,4.1100683,-1.3099316,-1.5499316,1.2600684,1.7700684,-2.9599316,-7.0299315,-5.3799314,-4.9099317,-4.5499315,-4.5999317,-4.789932,-1.4699316,-4.5799317,-3.7299316,-4.2599316,-5.8799314,-4.269932,-3.3499317,-1.1399317,-1.6999316,-3.1099317,-0.9599316,-1.5199317,-2.4799316,0.39006835,2.6800683,1.1200683,0.59006834,2.2900684,0.9300684,-0.8899316,-3.1399317,-3.3199317,-2.0599318,-0.89993167,-0.09993164,1.4100684,1.2000684
3.2400684,1.3000684,0.91006833,-5.5899315,-2.9299316,-1.9499316,-4.4199314,-5.189932,-6.039932,-7.6099315,-6.8499317,-5.0599318,-3.8499317,-5.1399317,-4.789932,-6.0499315,-4.2999315,-4.1099315,-6.289932,-5.689932,-3.7199316,-3.3299317,-0.6999316,-2.8099318,0.77006835,0.97006834,-0.47993165,2.5700684,1.3000684,0.6200684,0.6800684,-0.21993165,0.83006835,-2.1399317,0.53006834,0.24006836,0.38006836,0.49006835,-0.36993164,2.7900684,3.7700684
0.31006837,-5.1999316,-10.189932,-7.7799315,-4.3699317,-8.299932,-6.0099316,-5.1999316,-0.7599316,-4.1299314,-4.7799315,-3.9899316,-3.8199317,-4.8099318,-4.729932,-5.209932,-4.1399317,-4.6499314,-4.4299316,-4.229932,-2.7699316,-1.3699317,-2.9299316,-1.6399317,-0.42993164,-2.6199317,-3.7199316,-0.59993166,-6.0599318,-1.9899316,1.2500683,1.8900684,0.5400684,2.1800683,1.7100683,-1.9299316,0.6100684,-0.84993166,1.6800684,2.8500683,1.3200684
-4.0899315,-8.869931,-8.889932,-6.0699315,-3.4899316,-2.8699317,0.53006834,-4.2799315,-2.9999316,-5.3699317,-6.5599318,-6.4199314,-6.6199317,-6.189932,-4.6199317,-3.7899315,-4.1199317,-3.6499317,-2.9899316,-3.5499315,-2.7099316,-1.6699317,-2.1899316,-4.709932,-4.8299317,-2.6799316,-2.5899317,-1.6299317,-0.13993163,1.7000684,1.8000684,0.37006837,3.6000683,7.9500685,2.3200684,1.9000684,1.1900684,2.3000684,0.16006836,0.48006836,0.5400684
-6.5899315,-8.3399315,-7.3499317,-8.0899315,-7.3999314,-5.789932,-4.939932,-3.1099317,-4.3199315,-4.6199317,-4.7799315,-3.6399317,-4.8399315,-4.8199315,-4.5799317,-3.6099317,-3.5799317,-3.3999317,-2.7699316,-0.7599316,-3.8999317,-3.5399315,-3.2899315,-3.7099316,-3.4099317,-3.4899316,-3.7599316,-0.98993164,-1.3999317,0.70006835,0.7300684,1.6000683,0.34006837,1.9100684,0.97006834,1.3200684,4.210068,-3.3499317,-2.8199317,-2.5899317,-3.6499317
-4.7999315,-4.3099318,-5.789932,-7.0599318,-7.1199317,-5.999932,-3.9199317,-3.1399317,-3.0099316,-2.6899316,-2.6499317,-3.3399317,-2.1899316,-3.5599318,-2.1099317,-1.9299316,0.13006836,-2.6199317,-0.13993163,-3.1899316,-4.0099316,-4.0599318,-3.8899317,-3.4299316,-3.0799317,-2.6899316,-1.9199317,-1.0599316,-1.6499317,0.7300684,0.75006837,2.1300683,0.33006835,1.9500684,1.3700683,-0.71993166,2.1500683,1.5700684,8.050068,-0.84993166,-3.1399317
-1.9099317,-2.5899317,-1.7499317,-2.6299317,-3.0499315,-2.2599316,-1.2099316,0.42006835,-0.05993164,0.08006836,0.36006835,-1.7199316,-0.93993163,-0.43993163,-0.11993164,0.57006836,0.17006835,-1.3699317,-3.1899316,-3.1799316,-2.4699316,-2.4899316,-2.4599316,-1.9899316,-1.2699317,-0.34993163,0.84006834,0.6800684,0.40006837,2.1700683,-0.28993165,-0.96993166,-3.1699317,-1.2799317,-0.7099316,-1.5799316,-0.90993166,1.4900683,1.6300683,0.12006836,2.9800684
0.13006836,0.43006837,1.6100683,0.39006835,-0.22993164,1.0000683,1.0900683,1.5900683,0.39006835,0.31006837,0.95006835,-0.09993164,0.6100684,-0.73993164,1.3400683,1.6700684,1.4500684,1.5700684,-0.11993164,-1.4499316,1.0100684,0.24006836,0.70006835,-0.08993164,0.6700684,1.1100683,1.8500683,-0.36993164,-0.17993164,-0.92993164,1.4800683,-0.5099316,-0.45993164,-1.0499316,-0.84993166,-1.4699316,0.15006836,3.4400682,3.2400684,4.1200686,1.5200684
-0.36993164,1.3900684,0.63006836,0.56006837,0.53006834,1.6900684,3.2800684,1.6200683,0.49006835,1.2000684,1.4000684,1.4600683,2.2000685,1.2000684,1.1000683,1.2300683,1.4500684,0.6100684,1.4800683,1.6000683,0.8600684,1.7900684,2.6700683,2.7700684,1.5000683,1.5000683,1.6400684,0.7300684,1.2300683,1.0900683,1.5200684,2.8700683,2.7400684,0.69006836,-0.7099316,-0.9499316,0.26006836,-2.5499315,-0.98993164,1.1000683,-2.0699317
1.2000684,0.91006833,1.0100684,1.6700684,1.5700684,0.5500684,2.4600685,2.4300683,1.1200683,2.5800683,1.7400683,1.2700684,3.0500684,3.5400684,2.5000684,3.4600685,3.0600684,2.2500684,1.7000684,1.6300683,1.9400684,2.5600684,2.8500683,3.5200684,2.7800684,2.4500685,2.6700683,2.2500684,2.1600683,3.7700684,2.2100685,2.8500683,2.3500683,-0.17993164,-1.0899316,-1.4499316,-2.2599316,-0.15993164,-1.6499317,0.65006834,-0.6399316
1.8800683,2.6100683,1.8300683,2.3900683,2.2200685,1.2700684,1.9300684,2.7600684,0.9300684,4.210068,2.7800684,1.7500683,2.3200684,2.8600683,2.6700683,2.4000683,2.8000684,3.9700685,2.9900684,4.290068,4.1200686,2.6300683,2.9300683,3.2300684,2.9300683,4.1900682,4.0800686,3.2400684,2.7500684,2.0800683,3.4800684,3.1200683,2.0700684,0.70006835,-0.39993164,-1.5699316,-1.4599316,1.0900683,6.8359375E-5,1.6100683,-0.71993166
2.3000684,2.0700684,2.8200684,3.3400683,3.8500683,2.9800684,2.8700683,1.7700684,1.5100684,1.0800683,1.1600684,2.4400682,2.1700683,2.5300684,3.5400684,3.4800684,3.1900682,3.3000684,1.6600684,4.1900682,4.3000684,3.9300683,2.9500685,2.7600684,3.8400683,4.1900682,5.2000685,4.8400683,4.7600684,4.1300683,2.9500685,2.9200683,1.8600683,1.0100684,1.3500683,1.8600683,2.4100683,1.2100683,1.4000684,0.30006835,0.13006836
-2.6299317,-3.3499317,-2.6099317,-3.6999316,-1.7099316,-1.1199317,0.16006836,0.96006835,1.4000684,0.9900684,0.30006835,2.0400684,3.9300683,4.5900683,5.0900683,3.4600685,3.0200684,2.9800684,2.1900682,2.3900683,2.0700684,2.8200684,4.250068,4.2600684,6.4400682,5.6600685,5.9900684,5.270068,5.040068,5.060068,4.8200684,4.4700685,3.9000683,2.6700683,2.7700684,2.9000683,3.2700684,1.2200683,1.8000684,1.8600683,2.8100684
-2.8699317,-2.5999317,-1.7199316,-2.0299315,-2.2099316,-1.2399316,-1.5399317,-1.5899316,-0.5099316,-1.7699317,0.33006835,0.17006835,2.0900683,4.6800685,4.8800683,3.0800683,2.6900682,2.7100685,3.4200683,4.540068,4.810068,4.8300686,5.5700684,5.290068,5.4900684,5.1700683,4.6300683,4.9000683,4.7200685,4.8000684,5.040068,4.4900684,3.7400684,4.1400685,3.5300684,2.8600683,1.8900684,1.8200684,1.6700684,2.3400683,3.1200683
-0.90993166,-2.1499317,0.38006836,-0.04993164,0.56006837,0.50006837,1.3900684,1.4200684,1.9100684,0.82006836,-0.5199316,0.22006837,0.83006835,0.71006835,-0.48993164,0.9800684,1.2800684,2.2700684,2.0000684,2.5500684,2.9100683,0.96006835,2.3500683,5.3500686,6.2000685,5.8700686,5.6200686,5.040068,5.2000685,5.1300683,4.8300686,4.6300683,4.460068,4.3500686,4.0900683,3.3200684,1.9600683,1.7000684,3.1200683,2.1000683,2.2800684
