wind_kz.json
{"header": {"discipline":0,"disciplineName":"Meteorological products","gribEdition":2,"gribLength":1025,"center":7,"centerName":"US National Weather Service - NCEP(WMC)","subcenter":0,"refTime":"2023-09-30T06:00:00.000Z","significanceOfRT":1,"significanceOfRTName":"Start of forecast","productStatus":0,"productStatusName":"Operational products","productType":1,"productTypeName":"Forecast products","productDefinitionTemplate":0,"productDefinitionTemplateName":"Analysis/forecast at horizontal level/layer at a point in time","parameterCategory":2,"parameterCategoryName":"UnknownDiscipline_0_Category_2","parameterNumber":2,"parameterNumberName":"UnknownParameter_D0_C2_2","parameterUnit":"Unknown","genProcessType":2,"genProcessTypeName":"Forecast","forecastTime":60,"surface1Type":103,"surface1TypeName":"Specified height level above ground","surface1Value":10.0,"surface2Type":255,"surface2TypeName":"Missing","surface2Value":0.0,"gridDefinitionTemplate":0,"gridDefinitionTemplateName":"Latitude_Longitude","numberPoints":615,"shape":6,"shapeName":"Earth spherical with radius of 6,371,229.0 m","gridUnits":"degrees","resolution":48,"winds":"true","scanMode":64,"nx":41,"ny":15,"basicAngle":0,"lo1":47.0,"la1":41.0,"lo2":87.0,"la2":55.0,"dx":1.0,"dy":1.0}, "data":
[rows 0 to 14 of 15, columns 0 to 40 of 41]
-1.2239869,-0.5939868,0.4060132,-2.3539867,-2.683987,-6.753987,-6.533987,-8.603987,-8.513987,-7.6439867,-6.773987,-6.0139866,-4.4539866,-4.2439866,-4.233987,-2.7339869,-2.5039868,-2.1439867,-2.5439868,-0.94398683,-0.24398682,-0.20398682,-1.5139868,-1.2139869,0.026013184,-3.0139868,-1.8139868,1.0460132,-0.013986817,-0.13398682,-0.5739868,1.8460132,-0.103986815,-0.32398683,-0.74398685,1.6460131,-0.6439868,-1.2039868,-2.2639868,-2.1039867,-2.3439867
1.1760132,1.5560132,-2.5439868,-2.8539867,-4.2439866,-2.3139868,-4.6839867,-8.603987,-6.753987,-5.563987,-4.7439866,-4.553987,-3.3039868,-2.8639867,-2.0239868,-0.7839868,-1.3239868,-1.5039868,-2.4939868,-3.3139868,-0.68398684,-1.2239869,-1.6639868,-2.2339869,1.7360132,0.9460132,-1.3239868,3.2360132,-2.0639868,-0.88398683,0.13601318,-0.12398682,-0.39398682,-1.3339868,0.08601318,0.23601319,0.61601317,-1.4439868,-2.0839868,0.25601318,-4.6039867
0.23601319,-1.6939868,-2.2839868,-2.9639869,-1.0439868,-6.2639866,-6.823987,-4.5139866,-6.063987,-6.6039867,-6.093987,-5.003987,-4.9939866,-4.233987,-2.8239868,-3.693987,-4.8539867,-3.8239868,-3.7139869,-2.6039867,0.09601318,0.39601317,-3.433987,-1.9739869,2.2160132,2.2760131,-0.8539868,0.3160132,-1.9539868,-0.6439868,-1.0639868,1.2360132,0.14601319,1.8060132,-0.3439868,-1.5639868,-0.07398681,0.016013183,1.1160132,-1.0839868,0.93601316
-2.1439867,-4.2039866,-4.6839867,-3.1039867,-1.6739868,-4.193987,-2.9739869,-4.7239866,-6.253987,-6.7639866,-5.403987,-4.293987,-5.363987,-4.273987,-2.2739868,-2.7539868,-3.673987,-4.293987,-3.413987,-2.3339868,-1.7539868,-1.9639869,0.6660132,-0.5739868,1.3660132,1.4260132,1.0960132,-0.6139868,1.8060132,2.576013,1.7260132,0.7760132,2.0060132,1.3460132,-0.7339868,-1.4039868,-0.50398684,2.1460133,0.68601316,-0.2839868,0.7860132
-3.2439868,-5.293987,-5.5139866,-6.3739867,-6.153987,-2.7739868,-3.9739869,-5.173987,-7.293987,-6.043987,-4.153987,-3.8239868,-3.8139868,-2.5639868,-3.153987,-2.2539868,-2.9939868,-3.2539868,-1.2839868,-0.8939868,-1.5539868,-1.7839868,-4.193987,-2.1139867,-1.1639868,-2.423987,-3.5139868,1.8860132,2.2860131,2.9060133,0.21601318,0.7360132,0.116013184,0.5860132,0.55601317,0.50601315,1.4660132,-2.6239867,-3.153987,-2.7839868,-3.5439868
-2.6039867,-3.1139867,-4.753987,-4.8739867,-5.4339867,-6.2239866,-6.4739866,-6.313987,-5.533987,-3.6239867,-2.5539868,-1.7539868,-3.703987,-4.8539867,-3.6039867,-1.8539869,-2.6339867,-3.5239868,-3.163987,-2.3339868,-3.3339868,-2.3639867,-3.3339868,-2.6239867,-4.7039866,-5.6639867,-4.2639866,-6.2639866,-5.2439866,-3.2739868,-2.683987,-3.173987,-2.153987,-1.6639868,-0.4639868,-4.733987,-0.16398682,-1.5439868,-0.063986816,-3.1139867,-3.4939868
-2.6039867,-1.7039868,-2.953987,-2.403987,-1.9539868,-3.3939867,-5.193987,-5.3739867,-5.273987,-4.073987,-3.9739869,-4.213987,-4.7239866,-3.403987,-2.153987,-2.3739867,-3.3639867,-1.8839868,-3.8439867,-2.7339869,-2.683987,-3.3939867,-2.8039868,-2.943987,-2.9739869,-4.1439867,-4.193987,-3.703987,-5.093987,-4.8939867,-5.093987,-4.3339868,-0.053986818,-3.173987,-2.923987,-2.453987,-1.0039868,0.6460132,-2.4839869,2.046013,0.29601318
-1.2139869,0.05601318,-0.21398681,0.4660132,0.8260132,-3.3739867,-5.1239867,-4.1439867,-2.9639869,-3.3339868,-3.7539868,-4.1839867,-3.8339868,-3.3539867,-2.3239868,-2.663987,-3.2139869,-3.453987,-2.943987,-5.0839868,-3.5139868,-4.523987,-3.453987,-4.9939866,-4.283987,-2.5539868,-3.903987,-5.7039866,-6.4939866,-5.423987,-6.343987,-4.273987,-4.8739867,-0.7839868,-3.703987,-1.3039868,-0.87398684,-2.8839867,-2.7639868,-1.9639869,-2.5039868
-0.36398682,-0.12398682,-0.69398683,-1.7739868,-2.5439868,-2.933987,-3.8739867,-2.903987,-2.0739868,-2.0839868,-2.8639867,-2.7339869,-3.0239868,-2.5539868,-2.2339869,-2.433987,-1.7639868,-2.7539868,-3.9639869,-4.053987,-4.213987,-3.0839868,-3.3539867,-3.7139869,-3.2339869,-2.1339867,-3.5239868,-4.613987,-4.633987,-4.543987,-4.7439866,-2.0339868,0.6560132,-0.74398685,-0.8439868,-0.5339868,-0.81398684,-2.5039868,-1.2839868,-0.17398682,-2.3239868
-0.8339868,-0.45398682,-1.0639868,-3.1239867,-3.1139867,-3.0839868,-2.913987,-1.7039868,-1.9039868,-0.81398684,-1.3239868,-2.2339869,-2.7539868,-2.3639867,-2.913987,-2.4939868,-2.1139867,-2.9939868,-3.5639868,-3.8339868,-3.7639868,-3.5039868,-3.5339868,-3.673987,-3.693987,-3.5339868,-2.9739869,-3.1039867,-2.5539868,-2.3239868,-1.0939869,-0.19398682,-1.6439868,-1.4139868,-0.4639868,-0.24398682,-1.7739868,-0.20398682,-1.9739869,-0.39398682,-1.3639868
0.05601318,0.8560132,-1.7139869,-2.163987,-0.94398683,-1.3039868,-0.48398682,-0.8639868,-1.0639868,-1.5639868,-1.4739869,-1.7239869,-1.3339868,-1.8839868,-1.7139869,-2.2839868,-1.8239868,-1.8239868,-2.923987,-3.0539868,-3.0839868,-3.453987,-3.403987,-3.2839868,-2.703987,-2.923987,-1.7439868,-1.5839868,-2.1439867,-0.8939868,-1.7339869,-1.9539868,-2.183987,-1.6339868,-0.42398682,-0.7639868,-1.3039868,-0.5239868,-0.9039868,1.0260131,-1.4539868
0.0060131834,0.3360132,0.56601316,-0.4639868,-0.3739868,-0.5939868,-0.2839868,-0.0039868164,0.8260132,-1.1839868,-1.3039868,0.13601318,-0.26398683,-0.33398682,-0.36398682,0.12601319,0.09601318,-0.8339868,-1.2439868,-1.4739869,-2.423987,-1.6239868,-1.3239868,-1.2139869,-1.8639868,-1.7939868,-2.2939868,-1.8539869,-2.3339868,-2.433987,-1.7839868,-2.2139869,-1.7039868,-2.4639869,-1.6139868,-2.1139867,-2.6139867,-1.6139868,-0.4439868,-0.4739868,-0.5539868
1.0160131,0.62601316,0.8260132,0.36601317,0.7760132,-0.13398682,-0.8539868,-0.4739868,-0.5839868,-1.0639868,-1.0139868,0.116013184,0.6960132,0.9260132,0.5760132,0.5460132,0.8860132,1.1360132,0.13601318,0.50601315,-0.22398682,0.17601319,0.9160132,0.2760132,1.2960132,-0.22398682,-0.023986816,-1.0939869,-1.6639868,-1.3639868,-1.6239868,-1.8339868,-1.9939868,-2.3239868,-1.6939868,-2.3339868,-2.1139867,-1.4039868,-2.453987,-1.8039868,-0.9839868
0.06601319,0.116013184,2.0260131,0.2760132,-0.20398682,0.22601318,0.50601315,0.6060132,0.5960132,-0.21398681,-0.8439868,-0.14398682,1.5960132,1.7260132,1.7460132,1.2360132,1.1560131,1.2360132,0.8460132,1.8660132,1.8460132,1.4860132,1.8960131,1.3160132,0.6460132,0.20601319,-0.09398682,0.81601316,0.29601318,0.38601318,0.23601319,-0.013986817,-0.3739868,-0.49398682,-0.4339868,-0.7039868,-0.74398685,-0.93398684,-1.1739868,-0.7639868,-0.5839868
1.6060132,1.4160132,1.3860132,0.06601319,0.2860132,0.5460132,1.2160132,0.3160132,0.68601316,0.076013185,-0.6039868,-0.2539868,0.3460132,1.1960132,2.076013,2.1260133,1.7060132,1.8560132,1.5360131,2.046013,2.306013,2.4360132,2.3560133,1.9160132,1.9760132,1.5860132,1.9260132,1.8360132,2.076013,2.2160132,2.7260132,1.9860132,1.8360132,1.9560132,1.8760132,2.2260132,0.4960132,1.4860132,1.4060131,1.2260132,-0.94398683
