wind_kz.json
{"header": {"discipline":0,"disciplineName":"Meteorological products","gribEdition":2,"gribLength":1102,"center":7,"centerName":"US National Weather Service - NCEP(WMC)","subcenter":0,"refTime":"2025-04-05T00:00:00.000Z","significanceOfRT":1,"significanceOfRTName":"Start of forecast","productStatus":0,"productStatusName":"Operational products","productType":1,"productTypeName":"Forecast products","productDefinitionTemplate":0,"productDefinitionTemplateName":"Analysis/forecast at horizontal level/layer at a point in time","parameterCategory":2,"parameterCategoryName":"UnknownDiscipline_0_Category_2","parameterNumber":2,"parameterNumberName":"UnknownParameter_D0_C2_2","parameterUnit":"Unknown","genProcessType":2,"genProcessTypeName":"Forecast","forecastTime":300,"surface1Type":103,"surface1TypeName":"Specified height level above ground","surface1Value":10.0,"surface2Type":255,"surface2TypeName":"Missing","surface2Value":0.0,"gridDefinitionTemplate":0,"gridDefinitionTemplateName":"Latitude_Longitude","numberPoints":615,"shape":6,"shapeName":"Earth spherical with radius of 6,371,229.0 m","gridUnits":"degrees","resolution":48,"winds":"true","scanMode":64,"nx":41,"ny":15,"basicAngle":0,"lo1":47.0,"la1":41.0,"lo2":87.0,"la2":55.0,"dx":1.0,"dy":1.0}, "data":
[rows 0 to 14 of 15, columns 0 to 40 of 41]
0.36995605,2.079956,-3.550044,-4.210044,-3.890044,-1.0700439,2.7499561,2.339956,0.13995606,-0.14004394,-0.55004394,0.75995606,0.97995603,1.1599561,2.2299562,0.84995604,1.7699561,2.129956,2.2399561,1.219956,3.039956,0.56995606,1.869956,1.8199561,5.889956,5.819956,1.0399561,4.6299562,3.539956,1.7899561,1.109956,1.759956,0.29995605,1.7899561,-2.080044,-0.80004394,-1.3300439,-3.090044,-1.660044,-1.3100439,-1.650044
1.579956,-4.270044,-3.590044,-3.160044,-2.320044,-0.62004393,0.7999561,-0.25004396,1.889956,3.109956,3.339956,3.4699562,3.9599562,4.309956,4.209956,4.559956,5.219956,6.019956,6.399956,4.799956,5.309956,4.329956,0.7999561,0.64995605,2.029956,3.399956,2.099956,2.829956,5.419956,4.349956,0.12995605,0.029956054,0.669956,-1.5700439,0.7999561,1.8099561,0.16995606,-0.52004397,-0.54004395,1.2899561,-1.650044
-4.300044,-3.5300438,-1.140044,0.78995603,2.169956,4.819956,4.529956,4.409956,4.779956,5.3799562,6.069956,6.299956,6.519956,7.409956,6.919956,6.869956,7.669956,8.659956,8.519956,8.499956,8.019956,7.269956,6.479956,7.329956,5.209956,5.699956,5.469956,2.389956,6.079956,2.929956,-1.760044,-1.530044,-4.3945314E-5,5.489956,4.849956,-2.5100439,0.26995605,-0.56004393,2.299956,6.019956,6.529956
-4.300044,-0.9500439,2.519956,3.299956,5.209956,5.209956,3.789956,5.019956,4.739956,5.299956,5.869956,6.739956,0.25995606,3.829956,6.849956,8.209956,8.679956,9.729956,10.559956,10.439956,9.679956,10.229956,8.239956,9.869956,7.669956,9.499956,6.119956,6.059956,11.529956,8.539956,4.229956,-0.90004396,-1.6900439,2.039956,2.9599562,2.7599561,1.2699561,2.319956,-2.600044,-4.080044,-3.840044
-1.1000439,0.23995605,3.289956,4.069956,5.259956,5.479956,5.119956,5.509956,5.309956,5.269956,6.849956,8.089956,3.9999561,5.719956,6.199956,10.229956,11.229956,11.239956,11.379956,12.479956,12.019956,12.329956,12.829956,12.899956,12.519956,11.809956,11.579956,10.549956,10.139956,9.629956,10.449956,9.509956,1.2899561,2.2099562,-2.890044,-2.2600439,-3.160044,-2.710044,-2.700044,-2.2900438,-2.0200438
-0.56004393,1.1599561,2.369956,3.439956,4.049956,4.499956,5.289956,5.799956,5.599956,6.179956,6.739956,7.729956,8.089956,4.029956,7.269956,10.839956,11.939956,12.319956,12.489956,11.989956,12.109956,13.899956,13.229956,13.059956,12.929956,12.949956,13.539956,6.149956,9.509956,11.069956,11.949956,11.749956,7.6099563,6.009956,2.7199562,-3.700044,-0.09004395,-1.0800439,-0.5700439,0.75995606,1.859956
-0.040043946,-2.0000439,-1.3200439,0.40995607,1.3999561,4.099956,1.389956,1.229956,3.4799562,3.619956,4.989956,5.6299562,4.3599563,5.0899563,4.989956,6.649956,8.269956,11.019956,9.239956,10.449956,9.339956,10.129956,10.999956,10.819956,12.669956,13.049956,13.009956,13.379956,12.199956,10.739956,10.999956,11.669956,11.609956,3.849956,-4.840044,-3.470044,-0.22004394,2.0099561,3.059956,1.839956,1.499956
-1.860044,-2.840044,-1.9700439,-1.2200439,-2.110044,-0.23004395,-1.120044,0.19995606,0.32995605,1.2799561,0.609956,1.0399561,0.36995605,2.309956,2.2499561,4.799956,5.259956,8.669956,6.969956,6.719956,7.709956,9.539956,8.659956,9.469956,10.289956,11.629956,12.759956,12.169956,12.239956,11.469956,12.049956,10.259956,10.819956,3.199956,2.629956,-1.020044,-5.570044,-6.3700438,-6.670044,-5.6600437,-3.050044
-2.130044,-1.8200439,-2.050044,-1.770044,-1.7100439,-0.20004395,0.28995606,1.4399561,1.1699561,1.219956,1.639956,1.979956,2.7399561,2.339956,1.5699561,-0.55004394,2.539956,4.799956,7.529956,7.229956,6.909956,6.779956,8.589956,8.589956,9.999956,10.469956,11.359956,11.169956,10.989956,11.279956,11.609956,8.119956,10.769956,6.519956,2.4699562,-3.160044,-2.620044,-2.830044,-2.150044,0.8099561,2.0099561
-2.630044,-2.070044,-1.4400439,-1.380044,-0.66004395,-4.3945314E-5,0.35995606,0.7399561,1.089956,2.819956,3.309956,3.449956,2.419956,2.2199562,2.519956,1.4199561,1.1699561,1.7699561,4.819956,4.669956,6.829956,7.1099563,7.099956,7.769956,8.229956,9.039956,10.729956,11.769956,12.919956,11.399956,12.769956,10.579956,8.319956,4.239956,0.12995605,-3.710044,-3.420044,-2.730044,-0.35004395,1.6799561,-0.91004395
-2.7900438,-2.480044,-2.2900438,-1.740044,-1.740044,-1.170044,-0.52004397,0.42995605,0.75995606,2.4799562,4.209956,5.999956,0.8699561,1.479956,1.849956,1.6499561,1.959956,-1.000044,-2.5400438,1.869956,6.039956,6.019956,6.829956,7.599956,6.5899563,7.579956,9.179956,11.019956,13.259956,9.619956,11.219956,8.699956,11.459956,2.4899561,-2.850044,-1.6900439,-0.9500439,0.15995605,0.36995605,1.8999561,0.48995605
-2.390044,-2.2700438,-1.0800439,-1.370044,-1.040044,-1.160044,-0.5000439,-0.12004395,-0.050043944,1.259956,4.139956,2.119956,2.349956,0.39995605,0.18995605,1.5199561,1.5499561,1.849956,1.619956,0.87995607,0.8699561,-0.23004395,4.769956,6.529956,7.399956,8.729956,9.439956,12.289956,13.219956,9.649956,8.999956,5.709956,4.929956,0.84995604,5.0899563,4.529956,3.429956,1.229956,0.06995606,3.539956,4.819956
-2.2500439,-1.9400439,-1.170044,-2.060044,-1.300044,-0.67004395,-0.890044,-0.81004393,-0.97004396,-0.15004395,1.5199561,2.129956,-1.670044,-1.270044,1.859956,1.369956,1.4199561,2.169956,1.9399561,2.819956,2.4599562,2.809956,2.309956,2.669956,3.079956,3.2099562,4.009956,5.099956,4.219956,6.899956,8.319956,5.329956,5.479956,4.989956,4.299956,5.219956,6.019956,3.669956,6.749956,3.189956,0.27995604
-1.860044,-3.050044,-0.66004395,-0.90004396,-0.93004394,-0.890044,-1.110044,-0.32004395,-0.29004395,0.38995606,1.7699561,2.569956,3.2399561,2.9599562,2.039956,1.869956,1.369956,2.339956,2.839956,3.7299562,3.649956,3.779956,3.589956,2.859956,0.62995607,4.009956,3.829956,3.689956,2.669956,2.569956,1.5599561,1.449956,3.429956,5.689956,1.2999561,6.6099563,2.869956,1.369956,-1.5800439,-0.25004396,-0.65004396
-1.020044,-0.8800439,-1.860044,-0.44004396,-0.30004394,-0.050043944,0.029956054,0.50995606,0.31995606,1.1899561,0.94995606,1.989956,2.879956,3.179956,3.019956,2.419956,2.9699562,2.389956,4.299956,4.519956,4.779956,4.899956,4.679956,5.239956,4.309956,3.809956,3.149956,1.0499561,5.489956,3.879956,2.909956,0.95995605,-0.46004394,-0.80004394,0.019956054,-2.050044,-1.170044,-1.250044,1.0199561,0.33995605,-0.55004394
