wind_kz.json
{"header": {"discipline":0,"disciplineName":"Meteorological products","gribEdition":2,"gribLength":1025,"center":7,"centerName":"US National Weather Service - NCEP(WMC)","subcenter":0,"refTime":"2023-08-26T00:00:00.000Z","significanceOfRT":1,"significanceOfRTName":"Start of forecast","productStatus":0,"productStatusName":"Operational products","productType":1,"productTypeName":"Forecast products","productDefinitionTemplate":0,"productDefinitionTemplateName":"Analysis/forecast at horizontal level/layer at a point in time","parameterCategory":2,"parameterCategoryName":"UnknownDiscipline_0_Category_2","parameterNumber":2,"parameterNumberName":"UnknownParameter_D0_C2_2","parameterUnit":"Unknown","genProcessType":2,"genProcessTypeName":"Forecast","forecastTime":240,"surface1Type":103,"surface1TypeName":"Specified height level above ground","surface1Value":10.0,"surface2Type":255,"surface2TypeName":"Missing","surface2Value":0.0,"gridDefinitionTemplate":0,"gridDefinitionTemplateName":"Latitude_Longitude","numberPoints":615,"shape":6,"shapeName":"Earth spherical with radius of 6,371,229.0 m","gridUnits":"degrees","resolution":48,"winds":"true","scanMode":64,"nx":41,"ny":15,"basicAngle":0,"lo1":47.0,"la1":41.0,"lo2":87.0,"la2":55.0,"dx":1.0,"dy":1.0}, "data":
[rows 0 to 14 of 15, columns 0 to 40 of 41]
-0.73841554,-1.4084156,1.2015845,-1.5884155,-8.588415,-8.598415,-7.1284156,-6.5684156,-8.028416,-5.2384157,-4.7884154,-5.1584153,-4.3684154,-3.7584155,-3.0784156,-2.9484155,-2.6184156,-3.0884156,-4.1584153,-4.0784154,-2.9084156,-0.34841552,0.07158447,-0.30841553,0.48158446,-2.6184156,-2.3084154,1.4815844,0.8115845,0.37158448,0.9215845,2.6815844,1.8415844,3.7515845,-4.9684157,-3.0584154,-8.468415,-6.3184156,-7.7884154,-5.9084153,1.6515845
2.0915844,1.5015845,0.07158447,-4.7584157,-6.6884155,-6.4884157,-3.8784156,-7.1184154,-4.9784155,-4.6184154,-3.8684156,-3.8484156,-2.2784154,-2.3884156,-1.9184155,-2.5884156,-1.6884155,-2.4184155,-1.9684155,-1.8584155,-1.9384155,-1.7284155,-0.25841552,-2.1784155,0.88158447,1.6615845,0.24158448,2.6015844,0.16158447,0.20158447,0.31158447,0.69158447,2.6615844,-1.6884155,-0.80841553,0.20158447,-1.0984155,1.0515845,0.29158446,-0.9584155,-1.3984156
-0.38841552,-2.7184155,-3.7884154,-5.7384157,-5.6284156,-4.5184155,-3.8984156,-2.2084155,-4.0384154,-3.0984156,-2.9984155,-2.4384155,-2.1884155,-2.5084155,-2.2584155,-2.0084155,-2.8784156,-2.8384156,-1.3484155,-0.23841552,-0.31841552,-0.26841554,-2.9384155,-3.2284155,0.22158447,0.64158446,2.4615846,2.0815845,-0.3584155,0.7815845,1.0015845,0.84158444,0.8115845,0.32158446,0.061584473,-0.40841553,-0.7784155,0.89158446,-2.5984156,-0.9584155,2.5915844
-3.7584155,-8.238416,-8.658416,-7.3184156,-5.4384155,-3.6484156,-2.2984154,-2.4684155,-1.3484155,-1.6284156,-0.46841553,0.18158448,-0.54841554,-2.6784155,-1.5984155,-1.5184156,-2.6184156,-3.3484156,-3.1284156,-3.2384155,-3.0184155,-1.2284155,0.081584476,-1.7484155,-0.55841553,-2.1184156,-1.5984155,-1.7684156,1.5715845,3.8715844,4.7915845,-0.028415527,3.8415844,-0.85841554,-2.5984156,-0.91841555,-1.2784156,1.7915845,-0.91841555,-0.18841553,1.7715845
-5.1384153,-7.6684155,-7.3684154,-6.6084156,-5.7484155,-4.1984158,-2.9784155,-0.85841554,-1.0784155,0.26158446,0.71158445,2.2915845,1.7815845,2.2715845,1.8915845,-0.26841554,-0.23841552,-3.0784156,-2.4184155,-2.2484155,-2.8184156,-2.4984155,-3.0284154,-2.3684156,-2.2284155,-1.1784155,-0.6484155,2.3515844,3.3815844,3.3515844,3.0415845,2.2515845,4.4615846,0.6215845,0.32158446,-1.3584155,1.0015845,-1.1184155,-1.8584155,-1.9084156,-2.5184155
-3.9584155,-3.4584155,-4.4584155,-4.2084155,-3.7084155,-3.7484155,-2.6084156,-3.0484154,-3.1284156,-4.0084157,-4.8784156,-3.6284156,-3.6984155,-3.9784155,-3.5084155,-2.9384155,-2.9884155,-2.1584156,-2.2784154,-1.6584156,-2.1084156,-1.0384156,-0.45841554,-0.15841553,0.5515845,1.8315845,2.7715845,5.4615846,3.4815845,3.5715845,4.4615846,5.1715846,3.2915845,5.2315845,2.4215844,-2.7284155,2.3515844,1.1515845,2.9715846,-3.0484154,-5.2884154
-3.8884156,-3.1084156,-2.5684156,-2.7284155,-3.3984156,-2.8284156,-3.0984156,-3.2384155,-3.6384156,-4.2384157,-3.2184155,-2.8784156,-2.0784156,-1.5084156,-1.6684155,-1.6384156,-1.3084155,0.30158448,-2.0984156,-1.7884156,-1.1584156,-0.84841555,-0.13841553,1.0815845,2.0415845,2.6715844,3.9115844,5.4715843,3.8615844,0.7815845,8.401585,4.2515845,4.1815844,-4.9784155,-2.6984155,-2.2184155,-1.4584155,1.8415844,-0.3584155,-0.59841555,3.3715844
-2.1384156,-2.3184156,-2.7984154,-3.1184156,-3.1484156,-2.6884155,-2.8084154,-3.0684156,-2.5584154,-2.3284156,-1.3984156,-1.2684156,-0.78841555,-0.38841552,0.26158446,-1.5984155,-0.53841555,1.1415845,-2.2784154,-0.5684155,0.41158447,1.4415845,1.4315845,1.9915844,2.9915845,2.3615844,4.5715847,4.8615847,5.3015842,5.9015846,5.3515844,6.7215843,4.0315843,1.5615845,1.5015845,2.9715846,0.90158445,-7.9284153,-3.4284155,1.7115844,-0.9584155
-1.9784155,-1.7684156,-1.4184155,-1.9084156,-0.66841555,-0.59841555,-0.5684155,-0.59841555,-0.85841554,1.0415845,0.8115845,-0.008415528,0.46158448,0.15158448,-1.3584155,-1.2084155,-0.66841555,-1.6984155,-1.2084155,-0.46841553,1.2715845,2.6615844,3.0015845,3.1415844,2.9615846,3.5415845,2.9715846,5.1715846,6.4515843,5.1615844,3.7915845,4.0815845,3.3815844,2.4415846,1.6815845,-0.9484155,0.6015845,-1.7784156,-2.0284154,-1.3184155,-0.06841553
-1.2784156,-1.1184155,-0.39841554,-0.28841552,0.52158445,1.8115845,1.5815845,1.6815845,2.8415844,3.0715845,3.0615845,2.5715845,2.0115845,2.2515845,1.3715844,1.4715844,1.5515845,1.8915845,2.1015844,2.6315844,3.5315845,3.7915845,4.2115846,4.1115847,4.0215845,5.3815846,5.4115844,6.0515842,5.9815845,6.7815843,3.8715844,3.7415845,2.4515846,2.2315845,2.2515845,1.1915845,-2.7884154,0.25158447,-1.8484155,-0.10841553,-0.6384155
1.3315845,1.9715844,1.4715844,0.9715845,0.5315845,0.4215845,0.34158447,0.5015845,1.0915844,1.2715845,1.3715844,2.7615845,2.0715845,2.9515846,2.0615845,2.3915844,3.0415845,3.7115846,3.6015844,4.8615847,5.1915846,4.7115846,3.8715844,4.8715844,4.4915843,5.4515843,6.2715845,6.5215845,4.6615844,5.1715846,4.5715847,4.0515842,2.5915844,2.5915844,2.3615844,2.1815844,-1.4384155,0.13158447,-1.6784155,0.64158446,-0.9984155
-0.15841553,0.33158448,0.27158448,0.52158445,0.5315845,1.2715845,1.3715844,0.96158445,1.2515845,0.83158445,0.59158444,2.9615846,2.9915845,2.5315845,2.5315845,3.3815844,4.1015844,3.9915845,2.5815845,3.7915845,4.0215845,5.1115847,4.4515843,4.2015843,5.7115846,6.9715843,7.4515843,6.6615844,5.9515843,5.2815843,3.2415845,3.3115845,1.6915845,2.6115844,2.5215845,3.3315845,0.6715845,-0.37841552,-0.27841553,-0.5284155,-0.79841554
0.27158448,0.29158446,0.71158445,1.7115844,1.4215845,0.7315845,1.0215845,0.8615845,1.4415845,0.24158448,0.32158446,1.5015845,1.5015845,2.9915845,3.2915845,3.7415845,4.6915846,4.2815843,3.7315845,4.1315846,4.3015842,4.1815844,4.1515846,4.3615847,6.3115845,7.2015843,8.001584,7.3315845,4.6115847,4.7815843,2.8415844,2.7415845,3.8215845,2.3515844,1.8315845,1.6715845,1.6915845,-2.1584156,0.081584476,-0.92841554,-1.5484155
-0.72841555,0.7815845,2.3415844,2.4515846,1.0215845,1.1415845,0.9115845,1.5215845,1.3015845,1.1815845,0.23158447,0.89158446,1.8715844,2.2715845,3.4315844,3.1915846,3.4215844,2.7715845,2.3015845,3.3915844,3.9015844,3.9915845,4.4515843,5.4315844,6.4515843,6.3015842,6.2715845,2.8115845,3.2615845,2.8415844,3.0815845,2.0915844,1.4715844,1.4615844,0.70158446,1.8615844,-0.29841554,-1.3484155,-0.9684155,-0.66841555,-0.41841552
0.0015844726,1.1715845,3.0415845,2.5715845,1.6315845,0.8615845,1.1715845,1.7515845,2.2615845,0.84158444,-0.55841553,1.2315844,1.6715845,1.7015845,2.9215844,2.8315845,2.7215846,2.7415845,2.7215846,3.1215844,3.3315845,3.5415845,3.7815845,4.5415845,4.6715846,4.8315845,1.3215845,2.4815845,2.8915844,3.2815845,3.2315845,2.2215846,0.8615845,1.0015845,1.0515845,-0.7784155,-1.7484155,-1.0084156,-2.5384154,-2.9084156,-0.9484155
