wind_kz.json
{"header": {"discipline":0,"disciplineName":"Meteorological products","gribEdition":2,"gribLength":871,"center":7,"centerName":"US National Weather Service - NCEP(WMC)","subcenter":0,"refTime":"2023-08-28T06:00:00.000Z","significanceOfRT":1,"significanceOfRTName":"Start of forecast","productStatus":0,"productStatusName":"Operational products","productType":1,"productTypeName":"Forecast products","productDefinitionTemplate":0,"productDefinitionTemplateName":"Analysis/forecast at horizontal level/layer at a point in time","parameterCategory":0,"parameterCategoryName":"UnknownDiscipline_0_Category_0","parameterNumber":0,"parameterNumberName":"UnknownParameter_D0_C0_0","parameterUnit":"Unknown","genProcessType":2,"genProcessTypeName":"Forecast","forecastTime":300,"surface1Type":1,"surface1TypeName":"Ground or water surface","surface1Value":0.0,"surface2Type":255,"surface2TypeName":"Missing","surface2Value":0.0,"gridDefinitionTemplate":0,"gridDefinitionTemplateName":"Latitude_Longitude","numberPoints":615,"shape":6,"shapeName":"Earth spherical with radius of 6,371,229.0 m","gridUnits":"degrees","resolution":48,"winds":"true","scanMode":64,"nx":41,"ny":15,"basicAngle":0,"lo1":47.0,"la1":41.0,"lo2":87.0,"la2":55.0,"dx":1.0,"dy":1.0}, "data":
[rows 0 to 14 of 15, columns 0 to 40 of 41]
296.56406,285.96405,290.06406,298.16406,298.06406,296.66406,297.16406,297.26407,294.96405,295.26407,293.96405,295.66406,295.26407,294.76407,293.46405,291.66406,289.76407,290.26407,288.86407,289.66406,292.06406,288.06406,286.76407,283.46405,287.36407,288.96405,285.66406,274.56406,275.66406,275.06406,277.46405,277.76407,286.46405,296.06406,296.56406,296.46405,295.86407,296.66406,297.26407,297.06406,296.76407
276.16406,290.96405,297.66406,298.16406,298.06406,296.36407,295.66406,294.46405,293.46405,293.16406,292.86407,290.96405,289.46405,289.06406,291.16406,291.86407,291.26407,289.66406,285.26407,287.36407,287.76407,288.46405,287.46405,279.96405,270.56406,272.86407,282.06406,274.86407,274.06406,271.56406,278.76407,270.86407,281.06406,269.46405,277.56406,292.76407,292.36407,295.66406,297.96405,289.86407,284.06406
291.96405,297.26407,297.86407,297.86407,296.36407,295.16406,294.26407,293.76407,291.46405,290.16406,289.36407,289.66406,286.26407,286.56406,287.86407,286.26407,286.36407,288.06406,291.06406,291.86407,292.46405,289.26407,288.16406,283.16406,285.36407,285.46405,287.36407,285.66406,284.26407,276.96405,270.56406,273.26407,278.96405,281.66406,284.06406,282.46405,275.96405,280.56406,280.76407,277.06406,275.76407
291.06406,297.16406,297.76407,296.96405,295.26407,294.36407,294.76407,292.96405,293.56406,291.76407,290.26407,289.26407,293.86407,293.16406,288.66406,288.26407,289.06406,288.66406,288.46405,286.46405,286.46405,285.86407,289.66406,289.16406,288.96405,290.76407,290.76407,291.26407,289.36407,289.46405,289.96405,286.36407,291.26407,289.66406,287.76407,285.56406,275.46405,277.16406,280.36407,290.46405,292.96405
292.86407,295.96405,296.76407,296.06406,294.86407,293.76407,295.46405,294.66406,293.16406,292.16406,289.96405,287.56406,293.36407,291.96405,290.16406,289.06406,289.06406,287.26407,285.36407,288.06406,288.86407,289.96405,289.26407,292.16406,287.26407,287.96405,287.96405,289.26407,289.56406,291.36407,293.36407,291.36407,278.66406,270.26407,279.36407,289.56406,291.56406,292.66406,294.26407,295.26407,296.26407
291.06406,288.66406,294.36407,294.26407,295.26407,294.66406,294.96405,295.66406,292.96405,292.16406,292.46405,291.66406,292.56406,293.36407,290.76407,287.16406,289.46405,290.66406,288.16406,290.96405,287.46405,288.46405,290.46405,291.46405,286.36407,287.76407,287.06406,291.66406,289.66406,290.56406,288.26407,291.36407,289.76407,287.96405,284.66406,289.16406,281.86407,285.06406,292.26407,293.66406,293.36407
292.46405,291.76407,294.06406,293.16406,293.56406,291.86407,292.76407,291.96405,292.16406,292.96405,290.26407,290.36407,288.96405,289.16406,288.36407,289.46405,287.96405,288.16406,287.66406,287.66406,286.56406,287.46405,288.46405,287.46405,287.06406,284.66406,287.16406,286.16406,287.16406,287.66406,287.16406,287.36407,288.96405,290.16406,287.96405,287.06406,283.26407,280.46405,279.56406,278.76407,288.46405
293.46405,292.46405,293.26407,290.46405,293.46405,291.86407,291.36407,290.56406,289.76407,290.06406,288.86407,288.56406,287.16406,288.06406,288.16406,287.76407,286.96405,288.76407,288.26407,285.66406,284.36407,284.66406,285.16406,284.16406,284.16406,281.26407,281.36407,282.36407,281.46405,283.76407,284.16406,285.86407,284.96405,283.26407,281.26407,285.46405,285.96405,289.26407,283.56406,287.36407,282.76407
294.26407,292.86407,291.46405,288.96405,289.96405,289.66406,287.16406,288.26407,286.76407,287.06406,286.76407,286.56406,284.96405,286.16406,286.46405,286.76407,287.46405,286.36407,284.76407,283.86407,282.26407,282.56406,283.06406,283.16406,282.06406,282.46405,281.26407,280.66406,277.86407,278.66406,283.16406,284.86407,285.96405,285.96405,281.76407,282.06406,284.06406,282.86407,273.36407,273.16406,272.16406
293.36407,294.36407,292.66406,290.96405,288.46405,286.76407,286.26407,288.16406,287.56406,285.96405,285.86407,284.26407,282.96405,284.46405,287.76407,287.46405,285.76407,284.76407,283.86407,283.46405,282.16406,280.86407,282.26407,282.26407,282.16406,281.76407,281.46405,282.06406,280.96405,279.06406,280.46405,284.56406,287.56406,286.76407,283.06406,282.86407,281.86407,279.16406,278.96405,277.16406,274.76407
292.96405,291.76407,291.96405,290.46405,289.86407,289.16406,288.26407,287.26407,286.06406,288.76407,285.06406,283.56406,283.86407,283.96405,286.46405,285.36407,283.86407,283.56406,283.66406,282.86407,282.66406,282.56406,282.36407,281.86407,281.46405,281.46405,280.46405,282.66406,283.66406,285.96405,284.76407,287.46405,283.96405,285.56406,284.26407,281.86407,278.46405,275.36407,275.66406,277.56406,276.26407
289.96405,291.56406,291.96405,291.36407,290.76407,289.66406,287.56406,290.46405,290.16406,289.56406,283.86407,282.76407,283.56406,285.26407,285.26407,284.16406,282.56406,282.86407,283.26407,282.96405,280.26407,281.16406,280.96405,281.06406,280.56406,281.36407,281.76407,282.86407,283.56406,285.66406,285.06406,282.96405,282.76407,281.46405,282.26407,282.46405,284.86407,281.96405,282.36407,281.96405,281.16406
289.36407,289.26407,290.46405,290.06406,291.86407,291.66406,292.56406,289.86407,287.36407,285.56406,284.26407,282.86407,281.56406,284.16406,284.66406,284.06406,281.76407,282.86407,283.66406,282.16406,280.06406,280.96405,280.86407,281.06406,282.06406,282.76407,283.76407,283.36407,283.86407,283.66406,282.76407,282.66406,281.66406,281.76407,280.66406,280.46405,282.16406,284.36407,285.06406,285.86407,282.06406
289.06406,290.86407,289.36407,291.06406,290.56406,288.86407,287.26407,286.66406,285.46405,284.16406,284.26407,281.26407,281.36407,282.46405,284.16406,284.36407,283.46405,281.46405,283.76407,284.06406,283.26407,282.86407,281.06406,283.16406,283.26407,283.56406,283.46405,283.46405,283.06406,283.46405,284.16406,284.66406,282.66406,284.26407,281.46405,283.46405,283.16406,285.06406,284.86407,283.46405,283.76407
289.56406,290.66406,289.36407,288.66406,288.36407,287.56406,287.76407,286.46405,285.06406,285.56406,285.06406,283.06406,280.76407,280.76407,283.76407,284.16406,283.96405,283.56406,284.06406,284.26407,284.56406,283.36407,282.96405,283.06406,283.16406,283.26407,280.96405,279.86407,280.26407,280.66406,284.26407,282.76407,283.16406,284.36407,285.06406,285.16406,284.36407,284.36407,283.76407,283.26407,283.16406
