wind_kz.json
{"header": {"discipline":0,"disciplineName":"Meteorological products","gribEdition":2,"gribLength":1025,"center":7,"centerName":"US National Weather Service - NCEP(WMC)","subcenter":0,"refTime":"2024-02-03T06:00:00.000Z","significanceOfRT":1,"significanceOfRTName":"Start of forecast","productStatus":0,"productStatusName":"Operational products","productType":1,"productTypeName":"Forecast products","productDefinitionTemplate":0,"productDefinitionTemplateName":"Analysis/forecast at horizontal level/layer at a point in time","parameterCategory":2,"parameterCategoryName":"UnknownDiscipline_0_Category_2","parameterNumber":2,"parameterNumberName":"UnknownParameter_D0_C2_2","parameterUnit":"Unknown","genProcessType":2,"genProcessTypeName":"Forecast","forecastTime":240,"surface1Type":103,"surface1TypeName":"Specified height level above ground","surface1Value":10.0,"surface2Type":255,"surface2TypeName":"Missing","surface2Value":0.0,"gridDefinitionTemplate":0,"gridDefinitionTemplateName":"Latitude_Longitude","numberPoints":615,"shape":6,"shapeName":"Earth spherical with radius of 6,371,229.0 m","gridUnits":"degrees","resolution":48,"winds":"true","scanMode":64,"nx":41,"ny":15,"basicAngle":0,"lo1":47.0,"la1":41.0,"lo2":87.0,"la2":55.0,"dx":1.0,"dy":1.0}, "data":
[rows 0 to 14 of 15, columns 0 to 40 of 41]
0.15401855,0.22401856,2.0740185,-3.8659813,-3.3259814,-5.9359813,-6.6759815,-8.505981,-9.1759815,-5.1459813,-6.2059813,-7.1959815,-6.8559813,-6.5259814,-5.9459815,-5.9059815,-3.9959815,-5.995981,-6.3859816,-5.2959814,-3.0459814,-0.8359814,-0.055981446,-0.5859814,-1.2059815,-2.2359815,-2.9959815,-1.3659815,-0.85598147,0.93401855,1.9440186,1.1740185,0.57401854,-0.86598146,-1.2759814,-0.28598145,-0.25598145,-0.95598143,-1.1359814,-2.0159814,-2.6059813
2.1040184,-0.73598146,-8.295981,-8.4259815,-7.8159814,-8.825981,-6.2759814,-7.6859813,-7.3659816,-6.7959814,-6.5859814,-6.5559816,-6.2959814,-6.3759813,-5.5859814,-5.3259816,-4.1359816,-6.1959815,-3.9659815,-3.3759813,-4.9159813,-2.3759813,-0.5359814,-1.2759814,-0.70598143,-0.73598146,-0.09598145,0.36401856,0.81401855,-0.27598146,-0.025981445,1.2340186,0.85401857,0.5840185,-0.115981445,0.9740186,1.8040185,0.73401856,-1.5059814,-0.33598146,-0.95598143
-1.0759815,-8.315982,-9.575981,-9.315982,-9.515982,-8.445981,-7.9859815,-5.8759813,-7.8459816,-6.5059814,-6.245981,-5.8659816,-5.7659817,-5.6259813,-5.6959815,-5.0559816,-5.2359815,-3.9759815,-2.8459814,-1.8059814,-0.32598144,-1.1259815,-4.1659813,-2.8459814,-0.06598145,-0.9659814,-1.5559814,-1.0359814,-0.035981447,0.33401856,1.1340185,-0.20598145,-0.17598145,1.1240185,1.2840185,0.87401855,0.86401856,-0.22598144,0.16401856,4.9640183,2.5040185
-8.1759815,-9.505981,-9.435982,-9.365981,-8.405981,-7.5859814,-4.3959813,-6.0159817,-5.5759816,-5.7959814,-5.3859816,-5.5859814,-5.3259816,-5.9259815,-4.6859813,-3.4659815,-3.9659815,-3.4759815,-3.6559815,-3.1959815,-3.2459815,-2.3759813,-2.1559815,-1.7859814,-1.7459815,-1.9959815,-0.45598143,-0.6559814,0.86401856,0.7240186,-1.7959814,-1.6159815,-3.1759815,-1.1359814,0.7240186,-0.63598144,-0.34598145,2.8040185,-0.98598146,0.34401855,-0.31598145
-8.055982,-6.9659815,-7.7559814,-6.1659813,-5.5759816,-5.4359813,-4.6159816,-4.8059816,-4.975981,-4.0459814,-3.9759815,-4.7659817,-4.0259814,-3.8459814,-3.9559815,-3.3459814,-3.4659815,-2.8659813,-2.8459814,-3.6359816,-4.4359813,-3.1159813,-2.3559813,-1.8159814,-1.0859815,-0.73598146,-1.1759814,-0.74598145,0.08401856,-0.17598145,1.0140185,0.9640186,1.4840186,2.9740186,-1.1259815,-0.45598143,-2.9459815,-3.2359815,-1.7859814,0.15401855,0.38401854
-6.4859815,-5.4259815,-5.0259814,-4.8559813,-4.4159813,-4.2159815,-5.3559813,-4.4659815,-3.0959814,-3.6359816,-3.0759814,-2.5259814,-2.0859814,-2.8459814,-1.7059815,-2.6659815,-2.4159815,-2.2259815,-1.4859815,-0.29598144,-0.43598145,-0.10598145,0.064018555,-0.15598145,0.55401856,0.64401853,0.94401854,0.99401855,1.1740185,1.1040186,0.68401855,1.4740186,1.9640186,1.3740185,1.2340186,-2.5459814,2.3440185,1.9340186,-1.6859814,-3.3859816,-4.2559814
-5.8259816,-5.1059813,-4.9059815,-4.6759815,-4.1959815,-4.0859814,-4.2059813,-3.4059815,-2.8259814,-2.5359814,-1.4759815,-1.1059815,-1.1859814,-0.28598145,0.27401856,-0.16598144,-0.39598143,0.7240186,0.8340185,1.0740186,1.6740185,2.3640184,2.6840186,2.9740186,3.6640186,3.1540186,3.8840187,3.1140184,1.9540186,1.0640186,1.4640186,1.5440185,-0.045981444,-2.3459814,-2.7959814,-0.17598145,-0.64598143,0.63401854,2.4240186,-0.47598144,-1.9959815
-4.1759815,-4.1259813,-3.8459814,-3.6359816,-3.1359816,-2.8359814,-2.7059815,-1.9659815,-1.4559815,-2.0059814,-0.23598145,0.0040185545,1.4140185,0.99401855,2.1040184,1.9240185,2.1440187,2.0140185,2.7340186,3.1540186,2.8240185,2.8140185,3.8740187,3.8740187,4.2840185,2.7340186,5.8340187,3.1840186,5.004019,3.4840186,4.9640183,4.8640184,0.24401855,3.5340185,4.274019,-2.6759815,-3.5459814,-6.3459816,-7.5659814,-7.0859814,-1.6759814
-3.2659814,-3.0659814,-2.8659813,-2.4159815,-2.1059813,-1.6759814,-1.3059814,-1.5059814,-1.3359815,-0.115981445,0.51401854,0.28401855,2.5740185,1.8340186,3.1940186,2.7040186,3.6040184,2.4740186,3.2440186,3.1040184,5.9340186,6.4640183,4.5440187,4.4740186,4.4240184,4.9440184,4.5740185,5.5140185,6.9340186,5.2140183,6.0440187,5.7040186,10.314018,4.0640187,1.7340186,-3.5159814,-1.0559814,0.88401854,0.57401854,-0.17598145,0.82401854
-2.1959815,-1.9759815,-1.5159814,-1.2559814,-0.89598143,-1.1159815,-0.80598146,-0.8459814,0.32401857,0.9740186,2.0440185,2.9540186,3.0640185,3.8240185,3.8340185,4.4340186,3.5940185,3.1240187,4.1340184,2.2540185,5.8640184,7.3640184,6.3240185,5.774019,5.524019,5.8340187,6.0640187,7.3540187,7.6940184,8.704019,9.3240185,7.254019,5.7840185,3.6940186,-0.27598146,-0.9159815,-3.3159814,-1.8459815,1.7140186,1.8640186,-1.4059814
-1.2259815,-0.73598146,-1.1459814,-0.94598144,-0.50598145,-0.40598145,0.12401856,0.28401855,0.74401855,0.60401857,2.3440185,3.4040186,2.5640185,5.004019,5.0940185,5.7140183,5.9440184,5.4440184,2.7440186,4.1940184,5.4840183,5.3340187,7.1540184,6.2140183,5.7040186,5.4640183,7.2240186,6.774019,7.8440185,8.254019,7.2840185,6.4240184,3.1240187,0.024018554,-1.0859815,-2.2959814,-1.0259814,1.0240185,-0.82598144,0.07401855,0.25401855
-0.41598144,0.064018555,0.49401855,0.17401856,0.50401855,0.40401855,0.54401857,0.67401856,0.57401854,-0.31598145,1.5940186,5.0840187,2.9840186,5.7240186,6.8740187,6.2640185,6.4240184,7.3940187,3.2740185,5.4040184,4.9340186,5.5540185,5.4240184,5.8140187,6.1140184,6.5640187,6.0940185,6.9840183,7.6840186,6.2640185,5.3740187,4.3240185,1.4240185,-0.5259814,0.22401856,2.6240187,3.1940186,-0.92598146,0.42401856,-0.46598145,-1.0359814
-0.025981445,0.81401855,0.86401856,1.0740186,1.3840185,1.0140185,0.28401855,0.74401855,0.70401853,-0.0059814453,1.1140186,5.2940187,2.2640185,5.7340183,5.4940186,5.6440187,5.5540185,5.9840183,2.6740186,5.3240185,3.8140185,4.754019,6.1840186,5.4840183,6.4640183,5.9740186,6.774019,6.3140187,5.5540185,4.7440186,3.3040185,1.8440186,0.41401854,0.34401855,0.17401856,1.5840186,1.5640186,-0.16598144,-1.3459815,-1.3459815,-1.3459815
-0.93598145,-0.40598145,0.21401855,0.63401854,0.39401856,0.50401855,0.87401855,1.8840185,1.6740185,1.6040186,1.7840185,2.2340186,7.8240185,4.8540187,5.0740185,4.8240185,4.8340187,4.6040187,3.8040185,5.7840185,6.0840187,5.9740186,7.2440186,7.254019,6.7240186,5.754019,5.3940187,5.0940185,3.5840185,2.7840185,1.7040186,0.6540186,-0.045981444,-0.51598144,-0.73598146,-0.51598144,-0.015981445,0.44401854,-1.4159814,0.50401855,-1.4959815
-2.0859814,-2.1059813,-2.5159814,-1.9959815,-1.4759815,-0.20598145,0.74401855,1.5540185,2.5140185,2.0840185,0.73401856,3.8440185,2.9240186,5.2640185,4.8840184,3.8140185,4.6640186,5.004019,5.4440184,6.2940187,6.4040184,6.6040187,6.274019,6.2940187,5.9240184,5.4240184,4.8840184,2.9740186,1.6740185,1.4340186,0.55401856,-0.18598145,-0.63598144,-1.1659814,-0.74598145,-0.62598145,-0.63598144,1.1240185,0.43401855,-0.055981446,-0.86598146
