wind_kz.json
{"header": {"discipline":0,"disciplineName":"Meteorological products","gribEdition":2,"gribLength":1025,"center":7,"centerName":"US National Weather Service - NCEP(WMC)","subcenter":0,"refTime":"2023-09-09T06:00:00.000Z","significanceOfRT":1,"significanceOfRTName":"Start of forecast","productStatus":0,"productStatusName":"Operational products","productType":1,"productTypeName":"Forecast products","productDefinitionTemplate":0,"productDefinitionTemplateName":"Analysis/forecast at horizontal level/layer at a point in time","parameterCategory":2,"parameterCategoryName":"UnknownDiscipline_0_Category_2","parameterNumber":2,"parameterNumberName":"UnknownParameter_D0_C2_2","parameterUnit":"Unknown","genProcessType":2,"genProcessTypeName":"Forecast","forecastTime":240,"surface1Type":103,"surface1TypeName":"Specified height level above ground","surface1Value":10.0,"surface2Type":255,"surface2TypeName":"Missing","surface2Value":0.0,"gridDefinitionTemplate":0,"gridDefinitionTemplateName":"Latitude_Longitude","numberPoints":615,"shape":6,"shapeName":"Earth spherical with radius of 6,371,229.0 m","gridUnits":"degrees","resolution":48,"winds":"true","scanMode":64,"nx":41,"ny":15,"basicAngle":0,"lo1":47.0,"la1":41.0,"lo2":87.0,"la2":55.0,"dx":1.0,"dy":1.0}, "data":
[rows 0 to 14 of 15, columns 0 to 40 of 41]
0.064055175,1.5540552,-1.0259448,4.4140553,-1.9259448,-6.685945,-8.465945,-9.705945,-11.0159445,-7.5459447,-7.765945,-7.2959447,-7.8359447,-7.8559446,-7.365945,-6.195945,-5.435945,-7.3959446,-6.635945,-5.725945,-2.4959447,0.17405517,2.214055,2.7440553,0.014055176,-1.5859448,2.4740553,6.064055,5.024055,4.174055,7.2040553,1.0440552,1.5240551,-2.1259449,-4.935945,-2.295945,-1.0959449,-1.9959449,-4.305945,-4.245945,-2.4359448
1.0940552,-0.56594485,3.6440551,1.4740552,-7.8959446,-7.0659447,-7.8759446,-10.555944,-8.625945,-7.615945,-7.7959447,-7.6259446,-6.725945,-6.415945,-5.6059446,-4.745945,-5.055945,-5.905945,-5.075945,-3.545945,-3.7259448,-1.9559448,0.044055175,4.004055,1.4440552,0.14405517,1.2640551,1.8140552,3.914055,2.8840551,0.9540552,2.1140552,-0.6859448,1.1940552,2.164055,-0.7159448,1.1040552,1.1240551,0.68405515,0.12405518,-1.3859448
2.0040553,7.8740554,4.554055,-6.7559447,-9.135944,-8.885944,-8.845944,-7.385945,-8.565945,-7.035945,-6.5259447,-6.0459447,-5.6059446,-5.515945,-5.115945,-4.955945,-5.455945,-4.845945,-3.555945,-1.7159448,-0.75594485,-5.995945,-5.715945,-5.6059446,0.48405516,-0.5259448,0.004055176,-0.17594482,2.5640552,-0.58594483,1.9840552,-1.6759448,-0.89594483,2.954055,1.2740551,0.4540552,1.5640552,1.0440552,8.174055,8.074055,0.87405515
3.2440553,5.284055,-6.725945,-7.0859447,-7.2359447,-8.335945,-5.4859447,-7.0859447,-6.5259447,-6.265945,-6.405945,-6.5659447,-5.8759446,-5.205945,-5.2359447,-5.2759447,-5.325945,-4.655945,-3.9659448,-3.8659449,-5.3559446,-6.185945,-2.4359448,-4.405945,-5.6259446,-4.665945,-4.475945,-5.7959447,-4.995945,-3.1259449,0.8140552,1.6940552,5.824055,4.784055,-1.2059448,2.0240552,1.6640552,3.0640552,-1.2459449,2.694055,5.254055
-1.4259448,-5.165945,-7.015945,-8.005945,-8.295945,-7.5059447,-6.8959446,-6.515945,-6.1259446,-6.0659447,-6.455945,-6.7759447,-5.975945,-5.165945,-3.845945,-5.0459447,-5.0259447,-4.575945,-4.6259446,-4.475945,-4.185945,-3.5259447,-4.095945,-4.445945,-5.195945,-7.3359447,-8.145945,-5.1059446,-5.5659447,-5.465945,-3.6059449,-2.3659449,2.934055,2.204055,-3.785945,-2.4859447,0.85405517,0.23405518,2.5340552,4.294055,5.924055
-2.555945,-3.6959448,-6.9859447,-8.955945,-9.215945,-8.675945,-7.825945,-6.655945,-6.555945,-6.265945,-6.205945,-6.0859447,-6.1059446,-5.785945,-4.3759446,-4.615945,-4.475945,-4.7759447,-4.805945,-4.8959446,-5.8559446,-5.0459447,-3.335945,-3.4959447,-4.385945,-5.7559447,-6.7559447,-5.865945,-5.3759446,-4.575945,-4.845945,-4.535945,-2.3559449,-0.24594483,4.814055,1.7140552,4.754055,5.7440553,4.174055,-2.3759449,-3.315945
-2.585945,-3.8959448,-6.695945,-6.6459446,-8.925945,-7.1259446,-6.345945,-5.6459446,-5.475945,-5.4859447,-5.7559447,-5.955945,-5.745945,-5.715945,-5.405945,-4.215945,-4.765945,-4.5059447,-4.035945,-5.435945,-5.475945,-5.3759446,-5.0659447,-3.805945,-3.2659447,-4.135945,-4.345945,-3.845945,-3.835945,-3.0259447,-2.6459448,-2.7559447,-2.1559448,-0.3859448,1.0040551,0.92405516,0.87405515,0.6340552,5.534055,0.16405517,5.254055
-2.7659447,-2.6559448,-5.0459447,-6.225945,-5.0659447,-5.5059447,-5.1459446,-4.6459446,-4.115945,-3.9259448,-4.345945,-4.7759447,-4.725945,-5.015945,-4.635945,-4.715945,-4.195945,-3.9259448,-3.4859447,-4.575945,-4.805945,-4.8359447,-4.595945,-4.0059447,-3.3659449,-1.8359448,-1.1059449,-1.2959448,-1.9959449,-1.5959449,-2.6959448,-1.7559448,-1.0259448,-1.7159448,-0.95594484,0.4240552,4.054055,6.504055,8.584055,9.034055,7.1440554
-5.3359447,-5.015945,-5.455945,-3.7259448,-4.3959446,-4.075945,-3.4559448,-4.415945,-3.4559448,-3.6759448,-3.5259447,-3.595945,-3.6459448,-2.845945,-3.2359447,-2.6959448,-2.1059449,-1.8859448,-2.5059447,-2.4759448,-2.035945,-2.575945,-2.2159448,-2.2159448,-2.815945,-2.2159448,-1.7859448,-1.3859448,-0.6759448,0.7540552,0.6340552,0.23405518,0.7240552,1.2940552,1.8340552,2.9740553,2.7440553,0.62405515,0.54405516,0.27405518,0.7540552
-5.3759446,-4.665945,-5.0459447,-4.615945,-5.8359447,-4.785945,-3.7159448,-3.0059447,-2.1459448,-2.0159447,-2.1259449,-2.1259449,-1.4859449,-1.3559449,-1.7859448,-1.1959448,-1.3459449,-1.0059448,-0.7959448,-0.63594484,-0.7159448,-0.89594483,-0.49594483,-0.31594482,-0.51594484,-0.14594482,0.41405517,0.9640552,2.0140553,2.674055,3.1340551,3.7840552,3.2940552,4.2640553,4.534055,4.034055,1.9840552,1.1540551,2.944055,0.99405515,0.74405515
-3.7159448,-2.5259447,-3.7659447,-4.075945,-4.035945,-4.115945,-3.075945,-3.1359448,-2.055945,-1.6959448,-1.4659448,-0.8059448,0.49405518,0.27405518,1.1140552,0.7040552,1.6040552,1.5440552,1.0640552,1.0640552,0.07405517,0.11405518,0.4240552,1.0040551,1.5940552,2.194055,2.3640552,2.3540552,4.1440554,4.9140553,5.924055,5.424055,4.964055,4.5140553,4.344055,4.734055,1.3840551,0.62405515,0.8840552,0.5840552,1.1540551
-2.4659448,-3.4759448,-3.6759448,-2.7459447,-2.3959448,-1.5059448,-1.7259449,-1.0059448,-0.6159448,0.004055176,1.0740552,2.2340553,2.1240551,2.3240552,1.9140552,2.3940551,1.8440552,1.9040551,2.3040552,3.5240552,3.5040553,3.2940552,3.684055,3.6240551,3.8040552,4.444055,5.1240554,4.504055,5.8740554,5.044055,4.5140553,4.6040554,3.7740552,4.7640553,4.424055,5.534055,4.734055,3.5440552,1.2740551,2.3540552,1.6140552
-3.335945,-2.1659448,-2.595945,-2.805945,-2.3959448,-1.8359448,-1.4359448,-1.2859448,-0.88594484,-0.14594482,0.44405517,1.0740552,1.1840552,2.6040552,2.454055,2.7440553,3.0540552,3.0540552,2.7940552,3.3140552,3.8140552,5.054055,4.304055,4.5140553,4.734055,5.154055,4.574055,5.094055,4.834055,4.314055,3.7540553,4.7040553,5.284055,5.594055,5.6840553,5.584055,5.864055,3.2640553,3.4740553,6.1640553,2.7440553
-2.1159449,-1.0759448,0.034055177,-0.22594482,0.49405518,0.41405517,1.0240551,0.66405517,0.86405516,0.44405517,0.87405515,1.1840552,2.214055,2.1040552,1.8440552,2.2340553,3.7240553,4.274055,4.3740554,4.4940553,3.8940551,3.9740553,4.334055,4.444055,3.6240551,3.3540552,3.7440553,4.364055,3.904055,3.6340551,4.554055,4.484055,3.7340553,4.1240554,3.9740553,4.574055,3.174055,4.1840553,3.8240552,4.044055,3.954055
0.7140552,0.44405517,0.21405518,0.67405516,1.2840552,1.2740551,2.0240552,2.2240553,2.444055,2.6040552,0.5240552,1.6840552,2.0340552,3.174055,3.4740553,3.6440551,4.884055,5.2440553,4.6840553,5.404055,4.6840553,4.654055,3.8940551,3.6040552,3.3140552,3.4740553,3.6340551,3.704055,4.384055,4.404055,2.6140552,2.7540553,1.6940552,1.2640551,1.4340552,1.3440552,0.3640552,1.0340552,1.1040552,2.2740552,0.9640552
