wind_kz.json
{"header": {"discipline":0,"disciplineName":"Meteorological products","gribEdition":2,"gribLength":871,"center":7,"centerName":"US National Weather Service - NCEP(WMC)","subcenter":0,"refTime":"2023-09-20T06:00:00.000Z","significanceOfRT":1,"significanceOfRTName":"Start of forecast","productStatus":0,"productStatusName":"Operational products","productType":1,"productTypeName":"Forecast products","productDefinitionTemplate":0,"productDefinitionTemplateName":"Analysis/forecast at horizontal level/layer at a point in time","parameterCategory":0,"parameterCategoryName":"UnknownDiscipline_0_Category_0","parameterNumber":0,"parameterNumberName":"UnknownParameter_D0_C0_0","parameterUnit":"Unknown","genProcessType":2,"genProcessTypeName":"Forecast","forecastTime":0,"surface1Type":1,"surface1TypeName":"Ground or water surface","surface1Value":0.0,"surface2Type":255,"surface2TypeName":"Missing","surface2Value":0.0,"gridDefinitionTemplate":0,"gridDefinitionTemplateName":"Latitude_Longitude","numberPoints":615,"shape":6,"shapeName":"Earth spherical with radius of 6,371,229.0 m","gridUnits":"degrees","resolution":48,"winds":"true","scanMode":64,"nx":41,"ny":15,"basicAngle":0,"lo1":47.0,"la1":41.0,"lo2":87.0,"la2":55.0,"dx":1.0,"dy":1.0}, "data":
[rows 0 to 14 of 15, columns 0 to 40 of 41]
294.62555,289.82556,295.92557,294.92557,295.02557,294.52557,304.02557,308.12555,306.42557,306.42557,305.12555,305.72556,305.12555,305.52557,305.32556,306.82556,306.92557,305.82556,311.32556,310.12555,312.02557,310.32556,313.72556,307.32556,304.42557,294.72556,288.32556,288.42557,286.52557,282.32556,290.32556,281.62555,302.82556,310.82556,315.22556,316.92557,318.32556,318.12555,318.42557,318.12555,317.12555
280.12555,295.92557,294.82556,294.92557,294.62555,293.02557,307.12555,304.82556,304.22556,304.42557,304.92557,303.82556,304.92557,304.02557,306.72556,306.92557,309.02557,308.42557,308.52557,311.72556,313.02557,309.52557,302.72556,289.12555,273.52557,273.82556,281.72556,282.92557,288.22556,279.52557,284.92557,280.52557,287.92557,272.82556,278.22556,304.02557,298.42557,303.92557,305.12555,305.82556,285.22556
296.92557,293.72556,295.12555,294.52557,292.22556,302.42557,302.72556,302.62555,301.92557,301.72556,302.02557,302.92557,304.32556,304.82556,304.12555,307.92557,309.32556,308.72556,308.42557,309.42557,296.32556,308.72556,307.32556,294.52557,303.52557,304.12555,305.72556,294.12555,286.32556,278.92557,275.02557,278.62555,283.22556,295.02557,292.52557,295.02557,293.32556,292.52557,295.32556,294.02557,289.92557
299.32556,293.62555,295.12555,293.72556,294.82556,302.02557,301.92557,303.32556,302.32556,302.32556,302.12555,301.32556,292.52557,292.02557,302.52557,305.92557,304.82556,308.72556,295.22556,301.92557,306.12555,303.42557,305.92557,306.32556,307.32556,305.32556,307.22556,295.42557,302.42557,294.62555,288.82556,285.92557,290.62555,293.92557,295.42557,292.12555,283.82556,276.12555,294.92557,303.82556,305.92557
298.92557,292.92557,293.92557,293.02557,297.02557,301.82556,302.42557,301.62555,299.22556,298.92557,299.62555,300.72556,291.62555,290.62555,289.12555,304.52557,305.42557,303.12555,305.42557,304.32556,306.12555,305.82556,307.22556,305.52557,306.32556,307.12555,305.62555,301.72556,296.32556,295.02557,292.72556,287.82556,280.02557,279.12555,292.92557,303.12555,300.62555,310.02557,309.82556,308.32556,307.62555
299.92557,300.42557,292.32556,292.32556,293.02557,292.32556,296.22556,299.92557,297.82556,294.82556,298.12555,298.72556,292.32556,291.52557,297.42557,302.82556,301.92557,304.32556,302.92557,303.62555,305.22556,307.72556,306.02557,305.02557,303.42557,295.72556,298.72556,289.82556,296.42557,291.82556,291.72556,291.02557,291.42557,291.32556,292.82556,297.52557,298.02557,300.82556,312.22556,311.72556,309.72556
303.52557,304.02557,302.02557,302.52557,300.42557,301.62555,299.32556,294.42557,292.72556,298.82556,298.72556,295.62555,296.22556,298.32556,300.32556,300.62555,302.32556,302.12555,303.72556,302.62555,305.62555,305.92557,302.82556,290.12555,286.62555,287.62555,287.32556,298.42557,297.32556,288.52557,291.22556,295.02557,297.82556,296.92557,300.92557,297.02557,297.22556,297.42557,295.52557,291.12555,304.12555
302.52557,303.72556,302.12555,300.52557,300.62555,299.72556,301.02557,302.62555,301.52557,298.92557,296.12555,297.52557,296.82556,293.52557,294.92557,299.42557,299.72556,300.22556,300.72556,302.32556,301.42557,304.12555,303.52557,289.02557,287.62555,284.72556,285.02557,286.32556,285.12555,290.02557,297.92557,301.92557,300.22556,298.02557,301.32556,302.02557,306.52557,289.22556,304.72556,303.92557,304.22556
302.42557,300.32556,299.62555,299.52557,298.52557,297.52557,298.82556,299.32556,299.72556,298.72556,293.42557,296.42557,297.62555,297.42557,296.82556,298.42557,298.42557,298.62555,298.12555,298.02557,297.32556,299.52557,293.92557,291.12555,286.62555,288.92557,289.12555,288.92557,289.02557,293.52557,296.82556,298.02557,299.12555,300.12555,300.42557,296.22556,297.02557,295.42557,290.12555,289.02557,291.12555
298.32556,296.72556,297.02557,297.72556,297.52557,297.62555,297.52557,297.42557,296.72556,296.82556,292.72556,290.82556,295.72556,295.72556,296.02557,296.32556,296.52557,294.92557,294.62555,294.22556,300.02557,298.62555,296.72556,294.02557,293.02557,290.22556,291.62555,292.92557,293.52557,295.02557,294.42557,297.22556,298.92557,299.12555,298.22556,297.12555,292.72556,288.72556,291.12555,288.52557,289.82556
296.52557,295.82556,295.52557,295.62555,294.82556,295.92557,295.72556,295.82556,295.22556,294.92557,294.22556,293.42557,293.12555,290.62555,293.82556,292.32556,291.12555,290.12555,287.72556,294.72556,293.32556,294.72556,291.72556,287.02557,287.92557,291.22556,292.92557,292.72556,294.02557,299.02557,299.12555,299.62555,299.12555,296.82556,297.62555,297.22556,289.32556,291.02557,293.92557,291.52557,289.22556
293.42557,295.42557,296.32556,295.12555,295.02557,294.02557,292.62555,292.82556,292.92557,293.22556,288.82556,286.82556,286.52557,282.92557,289.32556,288.52557,288.92557,290.22556,292.62555,287.02557,287.62555,289.42557,290.42557,291.52557,289.92557,290.22556,297.92557,294.32556,298.32556,301.32556,299.22556,299.12555,292.92557,297.12555,295.22556,296.42557,299.62555,300.62555,295.22556,295.52557,294.02557
290.12555,292.12555,294.12555,294.12555,293.32556,292.62555,292.12555,293.22556,292.42557,289.42557,287.52557,288.82556,288.92557,287.92557,288.62555,289.92557,291.52557,286.12555,293.72556,292.72556,285.02557,285.62555,290.52557,292.12555,295.72556,297.92557,301.02557,301.42557,300.42557,296.92557,300.42557,297.82556,297.62555,299.42557,297.62555,296.02557,294.92557,293.92557,294.02557,293.92557,293.32556
291.52557,291.12555,289.52557,291.92557,291.72556,292.52557,291.52557,288.42557,288.62555,288.72556,286.02557,286.32556,288.42557,287.22556,287.72556,288.82556,289.72556,289.92557,288.92557,286.02557,286.42557,290.12555,293.22556,294.32556,294.72556,298.02557,296.52557,297.22556,299.32556,297.12555,295.72556,296.12555,296.22556,296.22556,298.32556,296.32556,296.32556,289.82556,294.22556,292.52557,295.82556
286.82556,291.42557,287.72556,290.42557,290.42557,290.42557,290.02557,291.12555,291.12555,290.42557,288.52557,287.92557,284.52557,285.52557,286.42557,288.32556,288.62555,289.42557,290.92557,284.72556,287.32556,293.02557,290.32556,292.92557,293.72556,293.72556,295.92557,298.62555,298.42557,292.42557,296.22556,291.42557,292.22556,296.72556,297.42557,297.42557,296.72556,296.42557,298.92557,298.12555,294.62555
