wind_kz.json
{"header": {"discipline":0,"disciplineName":"Meteorological products","gribEdition":2,"gribLength":871,"center":7,"centerName":"US National Weather Service - NCEP(WMC)","subcenter":0,"refTime":"2023-09-08T00:00:00.000Z","significanceOfRT":1,"significanceOfRTName":"Start of forecast","productStatus":0,"productStatusName":"Operational products","productType":1,"productTypeName":"Forecast products","productDefinitionTemplate":0,"productDefinitionTemplateName":"Analysis/forecast at horizontal level/layer at a point in time","parameterCategory":0,"parameterCategoryName":"UnknownDiscipline_0_Category_0","parameterNumber":0,"parameterNumberName":"UnknownParameter_D0_C0_0","parameterUnit":"Unknown","genProcessType":2,"genProcessTypeName":"Forecast","forecastTime":0,"surface1Type":1,"surface1TypeName":"Ground or water surface","surface1Value":0.0,"surface2Type":255,"surface2TypeName":"Missing","surface2Value":0.0,"gridDefinitionTemplate":0,"gridDefinitionTemplateName":"Latitude_Longitude","numberPoints":615,"shape":6,"shapeName":"Earth spherical with radius of 6,371,229.0 m","gridUnits":"degrees","resolution":48,"winds":"true","scanMode":64,"nx":41,"ny":15,"basicAngle":0,"lo1":47.0,"la1":41.0,"lo2":87.0,"la2":55.0,"dx":1.0,"dy":1.0}, "data":
[rows 0 to 14 of 15, columns 0 to 40 of 41]
295.03162,286.4316,290.63162,298.63162,298.3316,297.03162,294.53162,295.9316,293.63162,294.53162,293.8316,295.63162,295.3316,295.23163,295.63162,294.9316,294.3316,294.63162,293.8316,293.23163,294.63162,289.9316,292.13162,289.63162,289.9316,292.4316,290.03162,276.63162,275.53162,276.13162,272.9316,275.23163,285.3316,290.03162,289.8316,292.23163,291.53162,292.73163,293.63162,292.53162,293.23163
279.13162,290.63162,298.23163,298.23163,298.03162,296.23163,292.3316,291.3316,291.13162,291.8316,292.9316,292.73163,292.63162,290.9316,290.63162,291.8316,290.53162,290.63162,288.9316,289.03162,291.03162,292.3316,292.23163,284.3316,275.4316,275.53162,284.4316,276.8316,277.53162,273.23163,279.8316,270.73163,277.63162,257.4316,272.03162,288.4316,287.23163,290.63162,293.73163,285.53162,284.03162
292.73163,297.63162,298.8316,298.23163,295.9316,291.03162,290.73163,290.13162,289.9316,290.73163,290.73163,291.73163,290.73163,290.23163,289.23163,288.53162,288.4316,287.13162,286.9316,288.3316,292.03162,293.13162,292.13162,288.53162,291.53162,290.4316,289.53162,289.73163,287.9316,281.3316,274.03162,275.13162,279.03162,278.9316,280.53162,281.23163,275.03162,274.03162,276.03162,272.23163,271.4316
289.8316,297.4316,298.3316,297.3316,293.9316,288.9316,289.73163,289.3316,290.13162,290.8316,291.23163,289.8316,294.13162,293.53162,289.3316,288.63162,287.9316,286.73163,287.03162,286.03162,287.3316,284.8316,289.9316,291.03162,291.63162,291.4316,293.03162,291.4316,289.8316,290.3316,291.3316,288.4316,291.9316,288.53162,286.9316,285.63162,275.23163,272.9316,278.3316,284.8316,288.3316
293.63162,295.53162,296.53162,295.53162,294.23163,290.9316,290.63162,290.9316,290.13162,290.8316,289.9316,289.73163,293.8316,292.53162,290.4316,289.4316,289.13162,288.13162,286.13162,288.53162,288.53162,289.63162,289.23163,288.8316,288.53162,290.03162,289.73163,291.73163,291.9316,292.03162,293.03162,290.63162,282.13162,271.9316,278.8316,287.23163,290.53162,291.53162,290.9316,291.4316,292.03162
292.53162,290.13162,294.63162,294.13162,294.53162,294.23163,291.53162,292.13162,290.53162,292.73163,290.73163,290.23163,292.73163,293.53162,290.53162,288.3316,289.63162,287.13162,287.13162,288.53162,290.53162,287.73163,288.63162,288.3316,289.73163,285.73163,288.53162,292.13162,290.13162,291.13162,291.9316,292.03162,291.13162,290.23163,287.8316,289.23163,281.9316,286.23163,289.63162,290.4316,290.13162
286.03162,285.3316,288.8316,291.73163,291.73163,290.23163,294.23163,293.63162,291.3316,290.53162,287.9316,288.8316,287.3316,286.53162,287.13162,288.4316,287.53162,289.4316,286.73163,287.63162,287.8316,290.63162,289.63162,290.53162,289.13162,289.23163,289.03162,289.13162,289.73163,288.9316,288.63162,287.73163,287.73163,290.3316,290.13162,288.53162,284.3316,281.8316,279.9316,278.4316,287.9316
285.3316,284.9316,286.53162,287.13162,290.03162,292.13162,291.4316,291.13162,291.13162,292.53162,288.8316,289.53162,288.63162,287.03162,286.63162,288.23163,288.8316,288.73163,288.13162,286.73163,286.4316,287.3316,287.73163,287.63162,287.03162,285.03162,285.73163,287.23163,285.13162,287.9316,284.8316,284.4316,284.63162,282.8316,283.53162,284.8316,286.3316,289.3316,286.23163,286.13162,284.9316
282.53162,282.8316,283.9316,283.3316,285.63162,287.03162,289.53162,290.63162,289.23163,288.03162,288.8316,287.63162,289.03162,288.03162,285.8316,285.63162,286.63162,288.3316,287.3316,286.4316,285.03162,284.8316,285.8316,286.03162,285.4316,285.73163,284.4316,284.23163,284.63162,281.8316,282.03162,282.9316,283.3316,284.23163,283.3316,281.4316,281.9316,281.13162,271.8316,272.53162,271.73163
280.53162,281.8316,281.73163,282.3316,282.4316,283.53162,285.4316,286.63162,288.63162,288.53162,288.4316,287.23163,289.53162,287.9316,286.4316,288.8316,286.13162,287.23163,287.63162,287.9316,286.3316,286.4316,287.03162,286.63162,286.73163,285.53162,285.53162,285.8316,285.13162,283.13162,281.8316,282.53162,284.03162,283.9316,282.4316,279.8316,278.4316,275.03162,271.03162,272.53162,271.4316
280.3316,280.4316,279.4316,280.13162,280.3316,280.4316,282.23163,283.8316,286.23163,287.4316,287.13162,287.8316,288.63162,286.53162,287.3316,287.53162,285.9316,287.53162,286.4316,287.03162,287.63162,287.63162,286.73163,286.03162,286.3316,285.53162,284.13162,284.3316,282.23163,284.73163,282.3316,282.53162,282.23163,283.13162,283.53162,283.03162,275.63162,272.13162,270.13162,272.53162,271.13162
277.3316,279.73163,281.53162,280.13162,279.03162,279.3316,279.63162,283.03162,285.8316,286.23163,285.23163,286.23163,287.63162,284.9316,284.8316,285.63162,287.8316,288.03162,285.53162,286.13162,282.3316,281.9316,284.8316,282.53162,284.3316,281.23163,280.63162,281.63162,281.53162,281.9316,282.8316,285.4316,285.03162,283.9316,282.3316,281.23163,281.13162,279.73163,279.03162,278.9316,277.63162
277.23163,276.4316,278.9316,279.13162,279.03162,282.4316,278.53162,282.4316,283.23163,284.4316,284.53162,283.8316,285.63162,285.23163,283.9316,284.63162,284.9316,286.53162,286.63162,282.13162,281.53162,279.73163,279.03162,278.8316,279.4316,282.23163,283.9316,284.9316,285.4316,284.4316,280.4316,281.4316,279.63162,279.8316,279.53162,279.53162,280.4316,281.4316,281.63162,282.23163,281.3316
275.73163,277.23163,284.13162,278.73163,279.53162,278.3316,281.4316,279.53162,282.9316,283.03162,283.9316,282.23163,283.03162,284.3316,284.23163,285.63162,283.3316,285.53162,282.63162,281.4316,281.13162,280.3316,280.73163,280.53162,280.23163,279.73163,279.23163,279.63162,278.53162,278.53162,278.63162,279.03162,279.03162,279.4316,281.03162,281.3316,282.53162,282.3316,281.53162,280.13162,280.8316
277.13162,278.3316,289.13162,278.53162,281.53162,277.4316,279.13162,280.53162,283.03162,283.23163,284.13162,284.13162,282.3316,281.3316,282.63162,282.8316,286.63162,285.53162,280.9316,280.73163,280.8316,280.53162,279.63162,278.8316,278.63162,278.53162,277.8316,278.03162,277.8316,281.13162,282.23163,283.3316,281.53162,282.4316,282.13162,281.13162,282.03162,280.4316,280.9316,280.9316,277.4316
