wind_kz.json
[{"header":{"discipline":0,"disciplineName":"Meteorological products","gribEdition":2,"gribLength":871,"center":7,"centerName":"US National Weather Service - NCEP(WMC)","subcenter":0,"refTime":"2023-10-01T18:00:00.000Z","significanceOfRT":1,"significanceOfRTName":"Start of forecast","productStatus":0,"productStatusName":"Operational products","productType":1,"productTypeName":"Forecast products","productDefinitionTemplate":0,"productDefinitionTemplateName":"Analysis/forecast at horizontal level/layer at a point in time","parameterCategory":0,"parameterCategoryName":"UnknownDiscipline_0_Category_0","parameterNumber":0,"parameterNumberName":"UnknownParameter_D0_C0_0","parameterUnit":"Unknown","genProcessType":2,"genProcessTypeName":"Forecast","forecastTime":300,"surface1Type":1,"surface1TypeName":"Ground or water surface","surface1Value":0.0,"surface2Type":255,"surface2TypeName":"Missing","surface2Value":0.0,"gridDefinitionTemplate":0,"gridDefinitionTemplateName":"Latitude_Longitude","numberPoints":615,"shape":6,"shapeName":"Earth spherical with radius of 6,371,229.0 m","gridUnits":"degrees","resolution":48,"winds":"true","scanMode":64,"nx":41,"ny":15,"basicAngle":0,"lo1":47.0,"la1":41.0,"lo2":87.0,"la2":55.0,"dx":1.0,"dy":1.0},"data":[299.8,291.5,297.5,292.8,292.6,291.3,298.2,301.9,298.0,298.9,296.1,296.3,296.9,297.5,296.4,299.5,300.2,298.6,303.9,301.7,305.2,306.0,306.4,304.0,303.8,308.6,303.3,291.8,287.7,283.9,284.6,280.5,297.5,303.1,306.2,304.9,309.1,304.8,304.3,308.3,311.2,281.6,297.0,292.3,292.4,292.5,290.7,301.1,298.9,296.9,295.6,293.8,295.6,296.9,297.0,299.4,297.3,295.9,299.1,300.4,299.0,303.4,301.5,300.6,291.9,273.2,273.2,295.3,291.8,288.9,281.4,291.6,273.3,282.5,266.3,282.8,300.6,302.7,302.8,305.1,298.3,284.8,298.0,292.3,292.4,292.1,290.3,297.0,295.8,295.6,294.7,294.0,291.6,294.2,296.6,297.0,296.8,297.7,299.0,298.0,296.6,299.3,298.2,300.5,300.0,296.0,298.4,296.0,296.8,298.3,297.2,290.5,282.8,286.3,286.9,292.7,291.3,292.9,287.0,284.8,290.8,285.9,286.1,298.7,291.4,292.1,291.2,291.3,295.5,292.9,294.1,294.9,292.0,292.8,294.5,288.8,288.2,295.4,295.5,297.0,296.2,300.4,300.1,300.9,297.2,297.9,299.1,297.8,297.3,299.4,300.2,297.5,298.5,295.1,287.3,292.2,300.9,301.1,294.8,289.8,274.5,291.4,300.7,301.1,299.2,290.8,291.1,290.3,292.8,293.4,294.6,296.1,293.0,291.9,292.6,294.7,287.6,286.5,285.2,297.2,298.2,297.7,299.5,296.4,297.3,299.6,299.6,300.2,299.9,299.9,298.7,295.3,298.5,299.7,285.3,286.4,288.4,278.2,292.4,299.2,298.5,305.6,305.1,303.5,300.2,297.0,295.4,288.7,289.4,289.7,289.3,294.1,291.8,291.9,290.8,291.7,292.2,288.3,287.3,292.1,297.1,295.3,298.4,297.9,299.2,299.7,297.2,296.6,295.8,296.9,297.1,297.8,285.0,291.9,288.3,295.8,296.6,298.2,295.8,294.3,293.8,294.5,296.9,306.6,302.9,299.4,294.9,293.9,292.6,292.1,290.9,291.8,292.6,289.5,288.4,289.5,290.1,289.0,292.3,293.1,293.4,293.6,296.4,296.6,299.2,298.0,297.9,296.9,295.4,295.1,294.1,295.2,297.0,295.5,296.7,297.5,296.2,293.7,288.3,292.6,295.3,298.2,295.5,294.0,293.2,290.0,296.6,292.7,293.5,292.2,291.5,289.0,290.2,289.9,289.8,286.4,288.5,286.5,288.6,291.1,290.7,292.0,292.7,292.9,294.8,295.5,295.9,294.8,296.2,296.8,296.3,295.3,293.5,293.3,294.8,291.5,292.5,292.7,289.8,293.2,289.1,293.6,295.6,295.9,284.0,296.4,295.9,293.3,293.1,292.2,291.5,290.8,290.1,289.5,289.6,287.6,287.4,288.3,287.8,289.6,289.5,291.3,291.4,292.7,291.8,292.9,291.7,292.4,293.5,293.5,295.3,294.7,293.1,292.6,291.7,291.4,290.4,290.7,289.9,289.2,289.9,289.0,290.3,289.0,295.0,292.0,290.7,288.0,284.1,291.2,290.4,290.6,289.8,288.8,289.2,288.3,287.6,284.7,287.1,286.8,287.1,289.3,289.5,290.0,290.5,291.6,292.1,292.1,292.1,291.1,291.9,293.1,293.3,293.5,293.1,292.8,291.4,290.1,290.5,291.0,291.0,291.4,291.2,290.2,290.8,287.9,289.8,290.8,288.7,286.5,290.0,290.6,290.3,289.8,288.7,288.3,288.6,288.7,287.4,287.1,285.6,286.7,288.3,287.3,288.4,288.9,288.9,289.6,290.5,289.4,290.4,290.3,289.8,290.2,290.2,290.9,289.8,291.6,292.3,294.0,292.2,292.6,293.6,289.9,289.0,289.1,287.3,288.4,290.1,287.8,287.1,282.4,284.4,288.4,289.4,288.6,287.5,287.0,286.9,285.4,286.1,284.7,284.5,285.8,285.2,286.6,286.6,287.5,287.2,288.0,288.2,286.7,286.2,286.3,286.8,286.9,288.8,289.9,291.8,292.6,292.3,291.4,291.5,289.4,290.5,289.9,289.0,287.9,288.6,287.7,288.7,288.0,278.6,280.4,282.3,282.8,283.8,287.2,286.8,285.4,283.3,282.9,282.9,283.5,284.5,284.2,286.7,286.5,286.8,284.8,286.5,286.1,286.1,285.6,285.6,285.7,286.8,288.1,289.9,289.1,289.2,289.8,290.0,289.2,289.8,289.5,288.7,287.8,289.0,288.3,288.5,287.9,286.2,279.6,279.9,282.0,281.1,281.0,281.5,281.4,282.1,284.0,282.9,281.6,279.1,285.0,285.3,286.6,286.0,285.8,286.1,285.0,285.3,285.6,286.4,287.2,287.0,286.9,288.2,287.3,287.1,287.6,287.7,288.1,288.2,287.7,287.3,287.3,286.2,285.6,285.6,285.2,284.3,285.7,278.3,279.7,283.4,281.1,281.0,281.5,280.5,280.5,281.9,281.2,281.9,281.4,280.6,285.3,284.4,285.8,284.9,285.1,285.3,285.4,285.3,284.7,286.1,285.1,285.6,285.7,285.8,285.0,284.6,285.1,285.3,284.7,285.8,285.8,285.8,285.8,286.0,284.4,285.1,284.0,282.6]},{"header":{"discipline":0,"disciplineName":"Meteorological products","gribEdition":2,"gribLength":1025,"center":7,"centerName":"US National Weather Service - NCEP(WMC)","subcenter":0,"refTime":"2023-10-01T18:00:00.000Z","significanceOfRT":1,"significanceOfRTName":"Start of forecast","productStatus":0,"productStatusName":"Operational products","productType":1,"productTypeName":"Forecast products","productDefinitionTemplate":0,"productDefinitionTemplateName":"Analysis/forecast at horizontal level/layer at a point in time","parameterCategory":2,"parameterCategoryName":"UnknownDiscipline_0_Category_2","parameterNumber":2,"parameterNumberName":"UnknownParameter_D0_C2_2","parameterUnit":"Unknown","genProcessType":2,"genProcessTypeName":"Forecast","forecastTime":300,"surface1Type":103,"surface1TypeName":"Specified height level above ground","surface1Value":10.0,"surface2Type":255,"surface2TypeName":"Missing","surface2Value":0.0,"gridDefinitionTemplate":0,"gridDefinitionTemplateName":"Latitude_Longitude","numberPoints":615,"shape":6,"shapeName":"Earth spherical with radius of 6,371,229.0 m","gridUnits":"degrees","resolution":48,"winds":"true","scanMode":64,"nx":41,"ny":15,"basicAngle":0,"lo1":47.0,"la1":41.0,"lo2":87.0,"la2":55.0,"dx":1.0,"dy":1.0},"data":[3.7439356,0.5539355,-1.0760645,1.0139356,-3.8960645,-5.2160645,-6.7560644,-7.6160645,-9.956064,-6.9960647,-6.3560643,-6.5560646,-6.4860644,-5.8060646,-4.9960647,-4.3160644,-5.0460644,-6.3660645,-6.0260644,-5.7460647,-3.7860644,-1.5860645,0.41393554,0.77393556,-1.9660645,0.43393555,1.9439355,4.0739355,1.2539356,2.9639356,-0.9360645,2.0039356,0.34393555,-0.58606446,-0.28606445,0.14393555,0.46393555,-1.6760645,1.0839355,-1.8760644,-2.7960644,1.0339355,-1.6460644,5.4539356,-0.30606446,-5.4460645,-6.7460647,-6.5960646,-7.3960643,-7.5860643,-7.6160645,-6.6160645,-6.4960647,-6.1860642,-5.456064,-5.2960644,-5.206064,-5.1460643,-5.8660645,-4.7660646,-3.6660645,-2.6160645,-1.2260644,0.58393556,1.7139355,0.5039356,0.33393556,0.78393555,0.72393554,2.4439356,5.1939354,0.5539355,0.31393555,-1.0460645,0.6239355,0.86393553,-1.8760644,-0.67606443,-0.21606445,-0.27606446,-0.096064456,1.0139356,0.73393553,2.6439354,-3.7860644,-5.7260647,-6.6660643,-7.3360643,-7.3660645,-6.4660645,-8.1760645,-7.0660644,-5.6260643,-5.3760643,-4.9460645,-4.8760643,-4.5060644,-4.6360645,-5.2460647,-4.6060643,-3.6560645,-2.3660645,-1.2260644,-2.5260644,-1.3960644,-2.1960645,-1.1360644,-4.0760646,-3.9660645,-2.9860644,-1.6160644,0.003935547,1.3839356,-0.24606445,-0.39606446,-2.0960646,1.7339356,1.4639355,-0.71606445,2.2039356,-1.2160645,-1.6760645,0.66393554,2.3439355,-0.48606446,-4.5060644,-5.8360643,-5.3960643,-5.9660645,-5.5560646,-5.3660645,-5.8760643,-5.4960647,-5.2260647,-5.1860642,-5.3760643,-4.4460645,-4.8460646,-4.5660644,-4.3260646,-3.9260645,-3.4860644,-2.9560645,-1.1860645,-1.6660645,-3.5560644,-4.2560644,-4.5460644,-3.3960645,-3.2060645,-1.7160645,-2.6960645,-2.1360645,0.40393555,1.2839355,3.6539354,1.1839355,3.3539355,3.4239357,1.8539356,0.5539355,-2.0560644,-0.59606445,-3.4160645,0.30393556,-3.8360643,-3.6160645,-3.7560644,-4.956064,-5.5060644,-4.3760643,-4.956064,-4.9960647,-4.8360643,-4.4460645,-5.3360643,-4.9360642,-4.4060645,-4.3160644,-3.8360643,-3.8860645,-2.7560644,-3.0660644,-4.0660644,-4.4760647,-3.2960644,-2.8960645,-2.3560646,-3.4860644,-3.5060644,-3.2260644,-1.3060645,-0.9460645,-1.4360645,1.8439355,3.4639356,2.0539355,-0.24606445,-3.0460644,-1.5860645,0.97393554,-3.4660645,-3.3560646,-3.9960644,-3.8060644,-1.2760644,-2.2760644,-3.7060645,-5.456064,-6.4860644,-6.1560645,-5.7660646,-5.3460646,-4.6460643,-4.1260643,-4.0260644,-4.4860644,-3.7660644,-4.4260645,-3.6460645,-3.5860643,-3.4660645,-2.8660645,-2.0360644,-1.3260645,-2.1360645,-2.4860644,-1.8860644,-0.98606443,-2.3560646,-1.5060644,-0.30606446,-1.8760644,0.31393555,1.8339355,1.4539355,4.3039355,4.1039357,3.8239355,2.4739356,2.7339356,-0.5560644,1.1039356,-0.14606446,-1.2560644,-2.2960644,-1.1560645,-2.6860645,-3.7560644,-4.2560644,-5.2360644,-4.9160643,-4.9460645,-4.7860646,-4.1660643,-3.4460645,-2.9860644,-3.0160644,-2.2960644,-3.2960644,-2.9460645,-2.5360644,-2.4460645,-2.4460645,-2.2160645,-2.8560646,-2.8960645,-2.6060646,-2.9460645,-1.9360645,-1.2560644,0.30393556,0.10393555,0.13393554,-0.72606444,-0.82606447,-0.16606446,-0.19606446,0.22393554,2.3139355,1.7239356,1.6439356,-0.24606445,-1.6660645,2.1939356,-0.91606444,-0.12606445,-1.0560645,-2.5560644,-2.8060644,-3.1060646,-3.5260644,-3.3960645,-3.6760645,-3.5960646,-2.9160645,-1.8460644,-1.9960644,-2.4960644,-2.3260643,-2.4660645,-2.1960645,-1.7360644,-1.6660645,-1.0360645,-0.46606445,-1.5460645,-1.9360645,-1.8760644,-1.3860644,-0.79606444,-0.71606445,0.19393554,-0.22606446,-0.6860645,-0.79606444,-2.6160645,-3.1060646,-2.2260644,-0.14606446,-2.1260645,-1.0860645,-0.13606445,1.8939356,3.8039355,3.9039354,4.0039353,2.4539356,-1.1160644,-1.3760644,-1.8060645,-2.0360644,-1.7660644,-2.2160645,-2.0760643,-1.8760644,-1.2960645,-1.0060644,-1.3660644,-0.71606445,-0.77606446,-0.48606446,-1.1860645,-1.2560644,-1.4660645,-1.4160645,-0.79606444,1.3739356,1.0339355,0.6839355,0.053935546,-0.10606445,-0.25606444,-0.11606445,0.5039356,0.49393556,-0.24606445,-0.51606447,-2.0860643,-1.9260645,-1.7960645,-1.0260644,0.113935545,1.0739355,0.26393554,-0.79606444,0.24393554,-0.47606444,-0.30606446,-0.73606443,-0.47606444,-1.0160644,-0.96606445,-1.1960645,-1.2160645,-1.4360645,-0.82606447,-0.64606446,0.06393555,0.58393556,1.5039356,1.4139355,1.0839355,1.2539356,0.9339355,0.89393556,0.14393555,-0.036064453,1.0139356,1.9539355,1.4339355,0.49393556,0.46393555,0.89393556,0.65393555,0.27393556,-0.67606443,-1.4360645,-1.0860645,-0.92606443,-1.3760644,-0.92606443,-0.37606445,0.84393555,1.8539356,1.7739356,0.19393554,-0.18606445,-0.78606445,-0.14606446,-3.7160645,-0.6260645,-0.72606444,-0.53606445,-0.07606445,-0.57606447,0.49393556,1.0839355,0.65393555,0.83393556,1.4639355,3.0039356,2.2439356,3.1539354,2.8539355,3.0139356,2.8439355,2.8839355,1.8139355,1.4639355,1.0339355,0.71393555,0.6939356,0.97393554,0.35393554,0.6839355,0.8039355,0.47393554,-0.006064453,-0.6160644,-1.3360645,-1.1060644,-0.21606445,-0.98606443,-0.15606445,0.24393554,0.41393554,-0.77606446,0.053935546,-0.8160645,0.8739355,-4.2760644,-5.0460644,-2.8660645,0.10393555,0.8139355,1.0539355,0.59393555,1.0939355,1.3539356,0.7539356,1.4139355,4.1139355,2.9139357,3.8639355,4.7539353,4.4239354,4.5239353,4.3039355,3.5039356,3.3339355,2.6039355,2.2839355,1.9339355,1.9439355,2.6239355,2.2939355,2.1839356,1.4339355,1.1339356,0.32393554,0.6839355,1.0839355,1.2339356,1.3139355,-0.51606447,-1.4060645,-2.3260643,-1.5060644,-0.85606444,-0.66606444,-0.51606447,-2.0760643,-2.3960645,-2.2060645,-2.6660645,-2.2460644,1.6839355,2.5239356,2.1939356,1.1239356,1.0939355,1.5939355,4.5639358,3.6239355,5.6439357,5.4939356,5.4039354,5.0639358,4.8139358,3.9339356,4.4639354,3.8439355,3.9639356,4.0239353,3.6439354,4.293936,3.9539356,3.5439355,3.0739355,3.1239355,2.6339355,2.6639357,2.7339356,2.4239357,2.3939354,1.7439356,1.5339355,0.95393556,0.5539355,0.09393555,-0.23606445,-0.016064454,-0.97606444,-1.3760644,-0.41606444,-1.2460644,-1.8360645,-2.6660645,-2.6960645,-0.5560644,3.7839355,2.4239357,2.1239355,2.1339355,4.6439357,5.1939354,5.9039354,5.5539355,5.5239353,5.4939356,4.1539354,5.2739353,5.4539356,5.6839356,5.9639354,5.3739357,4.7839355,4.293936,3.7039356,3.8039355,3.8239355,3.9039354,3.9639356,3.7539356,3.5739355,3.6639357,3.2239356,3.0839355,2.4039354,1.9339355,1.5639355,1.6639355,0.27393556,-0.45606446,-0.29606447,-0.59606445,-0.95606446,-1.3560644,-1.1160644,-0.67606443,-1.3160645,-0.036064453,0.003935547,2.7439356,4.8139358,2.8839355,2.4139357,4.2539353,5.0639358,5.1739354,5.3139358,4.8839355,5.6939354,5.1739354,5.4039354,6.0639358,5.7639356,5.6339355,5.3339357,5.1139355,4.9239354,4.793936,4.8539357,5.1039357,5.9739356,4.9339356,4.8439355,4.7439356,4.8539357,3.5239356,4.3339357,4.0739355,2.5039356,0.97393554]},{"header":{"discipline":0,"disciplineName":"Meteorological products","gribEdition":2,"gribLength":1025,"center":7,"centerName":"US National Weather Service - NCEP(WMC)","subcenter":0,"refTime":"2023-10-01T18:00:00.000Z","significanceOfRT":1,"significanceOfRTName":"Start of forecast","productStatus":0,"productStatusName":"Operational products","productType":1,"productTypeName":"Forecast products","productDefinitionTemplate":0,"productDefinitionTemplateName":"Analysis/forecast at horizontal level/layer at a point in time","parameterCategory":2,"parameterCategoryName":"UnknownDiscipline_0_Category_2","parameterNumber":3,"parameterNumberName":"UnknownParameter_D0_C2_3","parameterUnit":"Unknown","genProcessType":2,"genProcessTypeName":"Forecast","forecastTime":300,"surface1Type":103,"surface1TypeName":"Specified height level above ground","surface1Value":10.0,"surface2Type":255,"surface2TypeName":"Missing","surface2Value":0.0,"gridDefinitionTemplate":0,"gridDefinitionTemplateName":"Latitude_Longitude","numberPoints":615,"shape":6,"shapeName":"Earth spherical with radius of 6,371,229.0 m","gridUnits":"degrees","resolution":48,"winds":"true","scanMode":64,"nx":41,"ny":15,"basicAngle":0,"lo1":47.0,"la1":41.0,"lo2":87.0,"la2":55.0,"dx":1.0,"dy":1.0},"data":[-2.6280787,2.0819213,-1.8680786,-1.7680786,4.211921,2.8119214,3.6119213,4.711921,4.0819216,3.3819213,2.2119215,2.5019214,2.7019215,1.8519214,0.7019214,-0.2580786,-0.24807861,-0.9880786,-1.4180787,-0.4080786,0.09192139,-0.7280786,-1.0680786,0.17192139,1.5119214,-0.4380786,0.12192139,1.3419213,0.10192139,2.0219214,2.6519213,2.4819214,0.15192139,0.6319214,0.8419214,-0.13807862,-0.42807862,-1.8580786,0.62192136,3.7419214,2.2519214,2.8619213,-1.3680786,-4.3980784,5.9219213,6.711921,6.4719214,5.211921,5.0819216,4.1119213,3.6119213,3.7519214,2.6519213,2.4419215,1.9219214,0.26192138,0.45192137,0.3319214,-0.04807861,-0.27807862,-1.6680787,-1.8480786,-2.1280787,-1.2080786,0.9719214,1.5319214,1.5719213,2.4019213,2.2119215,-1.1380786,6.0119214,0.9419214,3.7719214,-0.9080786,2.6219213,3.0719213,2.7419214,1.1919214,1.4719214,0.87192136,2.1319213,-0.21807861,-2.6180787,-2.8980787,2.7819214,5.5719213,5.9719214,5.0719213,4.481921,4.6319213,5.8919215,4.7219214,3.9819214,3.1919215,2.2119215,1.0219214,0.3719214,0.48192137,1.3019214,1.0719213,-0.26807863,-1.0080786,-1.3380786,-2.6180787,-1.6780787,0.3119214,-0.50807863,-1.1380786,-0.7980786,-0.9980786,1.7319214,-1.2180786,2.8019214,3.6619215,-2.7380786,1.2219214,1.6819214,-2.3880787,0.6019214,1.9119214,-0.30807862,3.3719213,2.1619215,-1.3980786,3.5619214,5.6219215,6.2919216,4.9119215,5.441921,6.6819215,6.0919213,5.8419213,4.8619213,3.9319215,3.0319214,1.7419214,0.93192136,0.41192138,1.0919213,1.7219214,1.3119214,-0.88807863,-2.0880785,-0.18807861,-0.8980786,1.5319214,0.45192137,-0.42807862,-0.63807863,-1.4280787,-1.2080786,-1.0080786,0.19192138,-1.7580786,-0.16807862,0.7219214,1.1119214,0.2719214,1.9819214,2.3519213,1.7319214,-3.2680786,-2.7180786,-1.7580786,-0.14807862,5.3519216,5.8719215,4.7819214,3.6319213,5.3719215,4.8519216,6.2019215,6.2919216,4.9119215,4.8119216,3.0319214,1.4519213,0.071921386,-0.12807861,0.9519214,1.4719214,1.6919214,0.8519214,-0.50807863,-0.07807861,0.61192137,0.5219214,0.93192136,0.9619214,-0.8380786,-0.7380786,-0.68807864,-0.19807862,-1.0980786,-2.1080787,-0.08807861,-1.5980786,2.0019214,0.22192138,0.9419214,0.8319214,-0.33807862,-1.6980786,-0.2580786,-1.4580786,3.2619214,5.0419216,5.0319214,4.7419214,5.9019213,5.8619213,5.1019216,5.191921,5.3519216,4.3019214,3.4319215,2.8819213,1.6519214,0.5219214,-0.3580786,-0.058078613,1.2519214,1.1019214,2.0419214,1.6519214,0.6419214,1.0619214,0.7219214,2.7319214,1.9019214,0.7819214,-0.12807861,-2.1980786,-2.2580786,-1.9280787,1.7919214,2.4419215,0.081921384,0.44192138,-1.1180786,-3.9180787,-2.9680786,-1.6880786,-0.4480786,1.5519214,-1.7880787,4.6019216,4.751921,5.3319216,5.7819214,5.981921,5.521921,5.3119216,5.191921,4.1319213,3.6519213,3.2119215,3.0319214,2.4319215,0.6919214,-0.39807862,-0.5580786,-0.21807861,1.1119214,1.4719214,1.9119214,1.1619214,1.4019214,1.3519214,1.0019214,1.6819214,1.5319214,0.5719214,-2.1080787,-3.0680785,-2.2880785,-0.7880786,0.35192138,-3.7080786,2.8519213,1.7419214,1.2019213,2.2619214,1.8419213,-0.7980786,1.2019213,-1.8380786,4.6019216,5.8619213,5.6419215,6.0119214,5.1819215,5.691921,5.4919214,5.4919214,4.5619216,4.5119214,4.1819215,3.4819214,2.2819214,1.7119213,0.17192139,-0.16807862,-0.8080786,0.09192139,2.9219215,2.5219214,1.7819214,1.3019214,1.1819214,0.6519214,0.24192138,1.1019214,1.5419214,0.20192139,-1.1280786,-3.1480787,-2.6680787,-2.3380785,0.26192138,-4.7380786,-2.2380786,-2.4780786,-1.7680786,-1.9680786,-0.08807861,-0.4380786,0.2519214,4.4519215,4.6419215,5.5419216,5.6419215,5.1819215,5.6219215,5.711921,5.1019216,5.3519216,5.2419214,4.0719213,3.4319215,3.2719214,2.1919215,1.6619214,0.3019214,-0.21807861,-0.27807862,0.47192138,2.2219214,1.3919214,1.5419214,0.74192137,0.7919214,1.0919213,1.0819213,-0.028078614,0.16192138,-0.5280786,0.3019214,-0.5480786,-2.2080786,-1.5580786,-3.2680786,-3.1180787,-3.1980786,1.4319214,-2.7380786,-0.7880786,-1.2580786,-0.028078614,3.4919214,4.231921,4.8519216,5.1619215,5.0119214,5.0819216,5.6119213,5.751921,5.1519213,4.9719214,4.7419214,3.9419215,3.0619214,3.0519214,2.6919215,1.6619214,0.7619214,0.35192138,-0.24807861,0.3419214,1.8919214,2.0919213,1.5919213,1.1719214,1.4319214,1.4419214,0.4619214,0.99192137,1.4519213,1.2819214,1.7519214,0.8319214,-0.8980786,-2.4080787,-2.9080787,-0.87807864,-0.4180786,1.9719214,-1.3680786,-1.5080786,-0.23807861,-2.7680786,1.9219214,3.9819214,4.521921,4.4119215,5.501921,6.1319213,5.961921,5.5419216,4.9219213,4.6119213,3.8319213,3.8519213,3.8019214,3.2519214,3.1019213,2.8919213,1.8919214,1.5319214,1.1519214,1.4619213,2.5819213,2.4319215,1.6119214,1.5619214,2.1419213,2.1919215,1.9719214,1.7819214,0.7219214,1.9419214,1.3119214,0.47192138,-1.8680786,-3.0980787,-2.3480787,-1.2380786,-0.9580786,0.23192139,0.6719214,0.20192139,-5.4280787,-5.1580787,-3.1780787,2.4219215,4.191921,4.5919213,5.191921,5.3919215,4.5319214,4.5619216,3.6019213,2.8319213,3.9619215,3.7719214,3.7319214,3.9819214,3.9919214,3.7619214,3.5119214,2.9019213,2.9519215,3.0219214,2.7419214,2.5519214,2.2519214,2.0419214,1.9919214,1.9219214,1.7419214,2.1119213,2.6619215,2.4319215,1.6119214,0.9819214,-0.8580786,-1.7180786,-2.1480787,-1.7780786,-1.7080786,-1.3480786,-0.87807864,-4.7580786,-5.6580787,-5.1680784,-4.2980785,-3.6680787,1.4119214,3.9919214,5.0719213,4.7819214,4.191921,2.3719213,2.5119214,4.3519216,4.2919216,4.7019215,4.5819216,4.6519213,4.731921,5.441921,4.5919213,4.7019215,4.5519214,3.8919213,3.6519213,3.2619214,2.9919214,2.4519215,2.7519214,2.7719214,3.0119214,3.2419214,3.0519214,2.3819213,1.8119214,1.5219214,0.9219214,1.1219214,0.5119214,0.5219214,0.22192138,0.0019213867,-5.1280785,-5.2380786,-5.1880784,-3.9080787,-4.3980784,-4.3980784,-3.9380786,-2.7280786,1.4619213,4.6819215,3.0719213,2.0219214,1.9519213,4.4319215,4.2219214,4.8319216,5.2919216,5.751921,5.8619213,6.021921,5.7819214,5.3919215,4.8419213,4.1719213,3.7919214,3.4719214,3.4619215,3.6419213,3.5719213,3.4619215,3.2219214,3.2019215,3.3519213,3.2819214,2.5619214,3.2219214,2.4019213,2.0419214,1.8919214,1.8119214,2.3419213,-2.7080786,-3.7280786,-5.228079,-4.4480786,-3.8380785,-3.2480786,-3.2180786,-3.9180787,-4.6780787,-4.2580786,2.6719215,2.9519215,2.0119214,1.0319214,3.4919214,3.7919214,4.8319216,5.251921,5.8819213,5.8519216,6.0319214,5.9319215,5.4719214,5.231921,4.8519216,4.751921,4.6819215,4.5719213,4.1619215,3.8919213,3.8019214,4.5319214,3.5619214,3.7419214,3.6919215,3.3719213,4.1119213,4.2019215,3.2119215,3.7619214,3.2619214]}]