wind_kz.json
{"header": {"discipline":0,"disciplineName":"Meteorological products","gribEdition":2,"gribLength":1102,"center":7,"centerName":"US National Weather Service - NCEP(WMC)","subcenter":0,"refTime":"2024-04-08T00:00:00.000Z","significanceOfRT":1,"significanceOfRTName":"Start of forecast","productStatus":0,"productStatusName":"Operational products","productType":1,"productTypeName":"Forecast products","productDefinitionTemplate":0,"productDefinitionTemplateName":"Analysis/forecast at horizontal level/layer at a point in time","parameterCategory":2,"parameterCategoryName":"UnknownDiscipline_0_Category_2","parameterNumber":3,"parameterNumberName":"UnknownParameter_D0_C2_3","parameterUnit":"Unknown","genProcessType":2,"genProcessTypeName":"Forecast","forecastTime":240,"surface1Type":103,"surface1TypeName":"Specified height level above ground","surface1Value":10.0,"surface2Type":255,"surface2TypeName":"Missing","surface2Value":0.0,"gridDefinitionTemplate":0,"gridDefinitionTemplateName":"Latitude_Longitude","numberPoints":615,"shape":6,"shapeName":"Earth spherical with radius of 6,371,229.0 m","gridUnits":"degrees","resolution":48,"winds":"true","scanMode":64,"nx":41,"ny":15,"basicAngle":0,"lo1":47.0,"la1":41.0,"lo2":87.0,"la2":55.0,"dx":1.0,"dy":1.0}, "data":
[rows 0 to 14 of 15, columns 0 to 40 of 41]
1.0474231,-2.562577,3.157423,7.957423,4.527423,1.4074231,-0.8125769,-1.1825769,-1.4325769,-2.182577,-2.0325768,-1.2125769,-3.112577,-4.512577,-3.152577,-4.962577,-5.552577,-4.262577,-5.112577,-3.372577,-4.472577,-2.0025768,2.637423,0.4074231,-1.862577,-0.4825769,-0.8825769,0.46742308,0.4374231,3.117423,-1.3125769,-2.552577,1.7874231,-1.6025769,-1.1825769,-0.032576904,2.0074232,1.9474231,2.0474231,1.377423,1.6474231
5.4174232,1.7274231,8.167423,7.037423,4.297423,2.397423,0.6374231,0.14742309,-2.652577,-2.602577,-3.7025769,-3.132577,-3.182577,-5.172577,-5.262577,-4.952577,-4.1025767,-4.382577,-5.3325768,-7.452577,-6.842577,-6.432577,-1.1825769,0.7274231,-2.592577,-3.332577,-4.6025767,-1.382577,-1.5125769,-1.6825769,2.0274231,3.7274232,-0.5525769,-1.3425769,-4.6625767,-1.9025769,-1.5625769,-3.622577,-1.1025769,-2.122577,0.1074231
2.367423,5.6674232,5.3774233,4.827423,4.617423,2.357423,-1.2625769,-2.342577,-3.5125768,-3.132577,-2.7325768,-4.532577,-4.792577,-4.192577,-3.932577,-4.492577,-5.3525767,-6.682577,-6.222577,-5.282577,-4.1425767,-7.992577,-7.322577,-3.7025769,-2.2125769,-0.44257692,-1.4025769,-2.182577,-1.6725769,-1.8225769,1.387423,-1.8125769,-1.2125769,-1.4025769,-1.0225769,-0.0025769044,0.3474231,-1.5925769,-0.58257693,-0.7625769,0.20742309
2.107423,4.747423,4.317423,4.327423,2.2674232,1.6874231,0.2474231,-1.5625769,-1.882577,-0.9925769,-2.622577,-5.232577,-4.882577,-4.362577,-2.5425768,-3.2525768,-4.252577,-6.202577,-7.8525767,-8.732577,-3.802577,-5.282577,-0.4325769,-3.2325768,-4.062577,-4.772577,-3.822577,-5.6625767,-2.872577,-4.712577,-5.362577,-1.9825768,0.5374231,1.4874231,1.367423,-0.8025769,1.0374231,3.2074232,-0.2325769,-0.052576903,-0.6625769
1.5374231,3.5374231,3.447423,4.3574233,3.7174232,2.147423,0.8874231,0.4074231,0.3674231,-1.2325768,-1.7625769,-3.862577,-6.152577,-3.942577,-1.8425769,-2.842577,-3.882577,-4.552577,-4.5825768,-5.1225767,-3.422577,-2.192577,-3.0225768,-3.4825768,-3.602577,-4.342577,-7.782577,-4.972577,-4.3325768,-5.532577,-6.812577,-4.6425767,-0.052576903,-0.3525769,-0.042576905,0.7174231,-4.612577,-1.242577,0.037423097,-0.0725769,-3.172577
-0.0825769,-0.7125769,1.627423,6.267423,4.297423,4.197423,2.4674232,2.2974231,0.60742307,0.3174231,-1.7725769,-3.372577,-5.732577,-5.812577,-2.4625769,-1.4425769,-1.4625769,-1.8325769,-2.2425768,-2.5025768,-3.582577,-2.932577,-2.092577,-2.2325768,-2.9625769,-3.862577,-4.6225767,-6.212577,-6.1225767,-5.712577,-5.9125767,-5.942577,-6.972577,-2.5425768,2.697423,-0.8825769,-0.1925769,-1.6425769,3.9874232,3.0174232,-5.312577
0.60742307,-1.8225769,-1.7225769,2.177423,4.1274233,3.447423,3.407423,2.2274232,0.7274231,0.5274231,-1.3425769,-1.3325769,-2.622577,-4.0825768,-3.912577,-2.7425768,-1.6625769,-1.4425769,-0.58257693,-1.872577,-3.2425768,-3.7925768,-3.912577,-3.182577,-2.7425768,-2.4925768,-5.232577,-5.922577,-7.752577,-9.522577,-11.552577,-13.402576,-10.962577,-13.3625765,-1.5725769,-1.1025769,-2.2725768,-3.0025768,-1.9325769,1.5674231,-8.352577
-0.28257692,-1.632577,-2.402577,-1.1625769,1.5274231,4.307423,1.9674231,1.5174232,1.1874231,0.3174231,-0.5225769,-0.042576905,-1.3225769,-2.082577,-3.142577,-2.2525768,-2.672577,-1.4425769,-1.2225769,0.4474231,-2.822577,-3.5425768,-4.562577,-4.232577,-3.822577,-2.652577,-3.4825768,-4.572577,-5.522577,-9.202577,-10.382577,-9.242577,-12.532577,-14.8625765,-6.172577,-2.862577,-1.7025769,1.7974231,0.117423095,1.2374231,-0.6125769
0.2274231,-0.9825769,-1.9625769,-1.8325769,-1.372577,0.9374231,2.387423,1.867423,1.4674231,0.2174231,-0.28257692,-0.44257692,-0.4925769,-1.0925769,-2.132577,-2.432577,-2.102577,-1.882577,-2.062577,-1.002577,0.117423095,-2.192577,-2.7425768,-2.4625769,-3.322577,-3.052577,-3.172577,-4.402577,-4.6625767,-4.672577,-8.522577,-9.392577,-8.022577,-8.652576,-7.3925767,-6.152577,-2.872577,-3.182577,-3.832577,-3.4725769,-4.182577
1.0474231,-0.092576906,-1.0425769,-1.382577,-0.7925769,-0.4225769,0.60742307,2.7974231,2.567423,1.867423,0.46742308,0.5774231,0.6374231,-0.5325769,-0.3425769,-1.3125769,-1.5425769,-2.0125768,-1.0625769,-0.5325769,-0.4625769,-0.83257693,-1.4625769,-1.872577,-2.152577,-1.9525769,-2.7625768,-2.2725768,-3.4525769,-4.1425767,-4.592577,-5.292577,-6.292577,-8.732577,-9.062577,-6.042577,0.2174231,-2.5125768,-3.152577,-1.5925769,-1.0425769
1.8374231,0.5374231,0.5474231,-0.042576905,-0.8625769,0.7074231,1.2074231,0.7674231,1.367423,0.2674231,1.0974231,0.4374231,0.91742307,1.0174232,-0.022576904,0.117423095,0.117423095,-1.0625769,-0.4625769,-0.052576903,-0.4525769,-0.8225769,-0.7025769,-0.8625769,-1.5225769,-1.4325769,-0.8625769,-1.9625769,-2.0125768,-2.182577,-3.142577,-4.232577,-6.132577,-6.282577,-8.032577,-8.932577,-3.7825768,-0.2925769,-1.8425769,-1.632577,-0.6825769
1.3074231,0.4274231,0.6374231,1.0374231,1.9874231,1.7174231,1.5974231,2.947423,-0.3325769,1.1874231,1.9874231,-0.5725769,0.60742307,1.007423,0.7474231,0.3474231,0.9374231,0.20742309,-0.0825769,0.1574231,1.1074231,0.4774231,0.057423096,-0.6725769,-0.5525769,-0.5325769,-0.1625769,-0.3225769,-0.9725769,-1.9325769,-2.5325768,-3.4625769,-3.7725768,-4.822577,-4.3325768,-5.592577,-4.792577,-3.2625768,-1.1925769,-0.7125769,0.1974231
2.327423,2.187423,1.2974231,1.747423,1.5974231,2.4974232,2.7774231,3.857423,3.7774231,3.2974231,0.7774231,0.3574231,0.5474231,0.6774231,0.7774231,0.9074231,0.7274231,1.127423,1.1474231,1.3274231,1.4874231,1.2074231,1.5674231,1.4774231,1.3174231,1.0974231,1.0874231,0.2974231,-0.3025769,-1.1425769,-1.9225769,-2.172577,-2.392577,-2.7625768,-3.122577,-3.332577,-3.4825768,-2.362577,-3.7025769,-3.4825768,-1.4325769
4.137423,3.657423,1.9774231,2.2674232,2.637423,3.897423,5.297423,4.467423,4.777423,4.3774233,1.0674231,0.2174231,-1.0425769,0.27742308,1.9574231,1.8474231,1.9674231,2.2274232,1.9874231,2.097423,2.087423,1.9174231,2.0174232,1.9374231,1.7274231,1.0774231,0.9874231,0.6574231,0.6474231,0.66742307,-0.6025769,-0.9725769,-1.242577,-1.7225769,-1.6925769,-1.9525769,-1.6525769,-2.072577,-2.2925768,-2.132577,-2.072577
3.377423,4.467423,2.327423,2.307423,1.5374231,3.447423,4.297423,5.137423,5.307423,4.247423,-0.052576903,0.1974231,1.007423,1.1074231,2.897423,2.587423,2.817423,2.5074232,2.2474232,2.357423,2.077423,1.8474231,1.6674231,1.6074231,1.387423,1.2674232,0.8674231,1.137423,1.0674231,1.0274231,1.0274231,0.8274231,-0.062576905,0.2174231,-0.6025769,-0.6725769,-0.8025769,-0.9025769,-1.0625769,-1.7125769,-1.5225769
