wind_kz.json
{"header": {"discipline":0,"disciplineName":"Meteorological products","gribEdition":2,"gribLength":871,"center":7,"centerName":"US National Weather Service - NCEP(WMC)","subcenter":0,"refTime":"2024-03-19T06:00:00.000Z","significanceOfRT":1,"significanceOfRTName":"Start of forecast","productStatus":0,"productStatusName":"Operational products","productType":1,"productTypeName":"Forecast products","productDefinitionTemplate":0,"productDefinitionTemplateName":"Analysis/forecast at horizontal level/layer at a point in time","parameterCategory":0,"parameterCategoryName":"UnknownDiscipline_0_Category_0","parameterNumber":0,"parameterNumberName":"UnknownParameter_D0_C0_0","parameterUnit":"Unknown","genProcessType":2,"genProcessTypeName":"Forecast","forecastTime":240,"surface1Type":1,"surface1TypeName":"Ground or water surface","surface1Value":0.0,"surface2Type":255,"surface2TypeName":"Missing","surface2Value":0.0,"gridDefinitionTemplate":0,"gridDefinitionTemplateName":"Latitude_Longitude","numberPoints":615,"shape":6,"shapeName":"Earth spherical with radius of 6,371,229.0 m","gridUnits":"degrees","resolution":48,"winds":"true","scanMode":64,"nx":41,"ny":15,"basicAngle":0,"lo1":47.0,"la1":41.0,"lo2":87.0,"la2":55.0,"dx":1.0,"dy":1.0}, "data":
[rows 0 to 14 of 15, columns 0 to 40 of 41]
294.46722,284.76724,287.96722,280.66724,281.46722,282.66724,292.76724,298.16724,289.16724,296.46722,293.76724,296.26724,294.96722,295.06723,295.36725,297.46722,298.06723,290.06723,289.66724,290.66724,298.86725,299.46722,299.16724,297.26724,300.46722,305.66724,302.26724,273.46722,279.86725,275.16724,280.86725,276.86725,294.86725,302.86725,301.36725,300.46722,305.56723,302.16724,302.16724,301.66724,301.06723
270.26724,290.66724,280.96722,280.86725,281.16724,281.66724,294.76724,291.96722,292.06723,291.56723,293.96722,294.86725,296.86725,296.06723,297.06723,293.66724,290.06723,291.36725,295.06723,296.86725,299.66724,300.26724,296.76724,292.36725,273.06723,273.16724,293.06723,275.06723,274.26724,273.26724,288.36725,272.76724,290.06723,265.16724,269.16724,292.06723,295.26724,298.06723,298.56723,298.46722,273.26724
292.66724,279.36725,280.86725,281.06723,280.86725,292.26724,291.76724,292.26724,291.96722,291.86725,293.66724,296.16724,299.06723,297.26724,295.96722,296.06723,294.06723,295.16724,295.66724,295.76724,300.66724,300.66724,300.76724,295.36725,299.16724,299.76724,301.56723,301.96722,300.56723,293.26724,275.46722,288.36725,291.76724,293.36725,282.76724,291.36725,277.86725,279.36725,290.36725,286.76724,278.76724
292.96722,279.46722,279.86725,280.46722,283.66724,291.56723,291.56723,292.66724,294.26724,295.46722,294.36725,292.26724,283.76724,284.36725,297.66724,295.86725,296.16724,296.06723,296.86725,296.96722,298.56723,297.96722,296.56723,298.86725,298.46722,297.96722,299.96722,299.06723,304.56723,297.36725,300.26724,298.06723,300.56723,301.76724,299.56723,295.26724,274.36725,271.86725,287.66724,282.96722,287.76724
293.96722,279.36725,279.06723,279.26724,285.16724,294.76724,295.06723,298.46722,295.96722,294.86725,292.16724,293.66724,282.26724,282.06723,280.86725,295.76724,294.76724,295.26724,292.86725,290.86725,290.76724,293.56723,293.76724,294.26724,294.86725,294.36725,291.06723,286.76724,295.16724,299.36725,299.36725,298.96722,281.36725,273.16724,291.76724,288.46722,285.66724,294.46722,292.76724,292.16724,291.56723
295.16724,296.66724,278.86725,276.66724,271.46722,272.96722,297.06723,294.36725,294.86725,293.96722,292.16724,291.96722,283.26724,281.66724,284.46722,296.16724,294.46722,293.96722,290.66724,289.66724,290.16724,291.16724,294.46722,292.76724,293.56723,289.66724,287.46722,272.86725,290.56723,290.56723,292.56723,292.76724,292.46722,292.96722,294.06723,284.96722,273.56723,273.66724,295.26724,294.36725,293.16724
293.86725,294.96722,295.06723,295.26724,287.76724,293.56723,293.66724,292.26724,292.56723,292.36725,293.26724,290.46722,290.56723,290.46722,290.86725,290.96722,292.86725,293.06723,292.66724,290.76724,289.56723,289.46722,289.36725,288.36725,273.26724,273.16724,272.86725,286.46722,289.86725,293.26724,293.56723,292.36725,291.66724,291.16724,289.96722,290.16724,278.96722,281.56723,273.26724,277.66724,288.56723
290.86725,292.56723,291.66724,291.76724,293.46722,292.06723,290.46722,290.16724,288.36725,287.66724,288.16724,287.26724,289.56723,286.46722,288.76724,288.56723,289.26724,289.06723,290.56723,291.86725,287.26724,288.46722,287.36725,288.66724,290.06723,288.66724,273.26724,273.16724,273.16724,273.06723,273.16724,273.76724,285.86725,278.66724,273.56723,272.96722,272.36725,273.06723,287.66724,288.96722,284.26724
291.16724,291.06723,292.36725,293.26724,291.56723,290.76724,287.86725,286.66724,285.96722,285.36725,285.76724,276.96722,281.26724,285.76724,287.26724,289.16724,289.96722,291.76724,287.16724,285.56723,276.96722,283.16724,284.46722,275.66724,273.36725,278.66724,273.16724,274.26724,273.36725,275.96722,273.16724,273.16724,290.06723,285.86725,282.76724,272.66724,273.16724,272.96722,270.96722,271.66724,272.56723
290.26724,287.76724,288.36725,288.66724,287.56723,287.36725,286.16724,281.96722,275.16724,283.96722,273.36725,273.16724,276.76724,273.06723,273.16724,273.36725,280.06723,283.76724,279.76724,274.06723,273.16724,273.46722,273.96722,273.56723,273.56723,273.26724,283.36725,277.76724,273.26724,273.16724,277.06723,284.36725,283.96722,282.86725,274.36725,273.16724,273.16724,273.16724,273.16724,277.56723,272.96722
288.46722,288.26724,287.96722,287.16724,285.66724,284.76724,278.66724,279.36725,277.66724,273.36725,273.16724,275.96722,273.46722,273.16724,272.16724,273.16724,273.16724,273.16724,273.16724,273.16724,273.16724,273.16724,273.16724,273.16724,273.16724,273.16724,273.16724,286.16724,287.16724,287.76724,285.96722,283.86725,284.36725,283.36725,275.66724,273.16724,273.16724,278.16724,281.06723,280.56723,275.26724
285.86725,285.76724,285.76724,285.06723,281.56723,276.06723,274.46722,274.36725,274.36725,273.46722,275.66724,276.06723,273.16724,273.16724,273.16724,273.16724,273.16724,273.16724,273.16724,273.16724,273.16724,273.16724,273.16724,273.16724,273.16724,273.26724,275.96722,282.16724,284.56723,281.16724,280.56723,273.26724,282.56723,273.16724,279.96722,274.96722,279.66724,281.56723,280.66724,280.56723,281.06723
283.96722,284.46722,275.46722,280.46722,280.16724,281.66724,275.66724,273.36725,274.96722,277.46722,279.76724,281.56723,274.46722,275.46722,273.16724,273.16724,273.16724,273.16724,273.16724,273.16724,273.16724,273.16724,273.96722,273.26724,273.16724,273.16724,273.16724,273.16724,273.16724,273.46722,273.16724,273.16724,273.16724,273.16724,273.16724,273.16724,273.36725,275.76724,273.16724,273.16724,273.96722
279.36725,274.46722,276.26724,276.86725,277.56723,277.76724,275.96722,274.36725,277.36725,276.66724,273.86725,273.36725,275.76724,273.96722,274.36725,273.16724,273.16724,273.16724,273.16724,273.16724,273.16724,273.16724,273.16724,273.16724,273.16724,273.16724,273.16724,273.16724,273.06723,273.16724,273.16724,272.96722,273.06723,272.86725,274.66724,273.16724,273.26724,273.16724,273.16724,273.26724,273.36725
278.26724,278.16724,273.16724,279.46722,279.16724,279.06723,278.06723,278.46722,276.76724,277.46722,276.06723,274.36725,273.56723,275.06723,275.76724,280.46722,278.46722,278.26724,279.26724,274.96722,273.56723,273.76724,273.06723,273.16724,273.06723,273.16724,273.16724,273.16724,272.76724,272.96722,273.16724,272.96722,272.86725,273.16724,273.16724,273.16724,273.26724,273.16724,273.16724,273.16724,274.06723
