wind_kz.json
{"header": {"discipline":0,"disciplineName":"Meteorological products","gribEdition":2,"gribLength":871,"center":7,"centerName":"US National Weather Service - NCEP(WMC)","subcenter":0,"refTime":"2023-10-02T06:00:00.000Z","significanceOfRT":1,"significanceOfRTName":"Start of forecast","productStatus":0,"productStatusName":"Operational products","productType":1,"productTypeName":"Forecast products","productDefinitionTemplate":0,"productDefinitionTemplateName":"Analysis/forecast at horizontal level/layer at a point in time","parameterCategory":0,"parameterCategoryName":"UnknownDiscipline_0_Category_0","parameterNumber":0,"parameterNumberName":"UnknownParameter_D0_C0_0","parameterUnit":"Unknown","genProcessType":2,"genProcessTypeName":"Forecast","forecastTime":240,"surface1Type":1,"surface1TypeName":"Ground or water surface","surface1Value":0.0,"surface2Type":255,"surface2TypeName":"Missing","surface2Value":0.0,"gridDefinitionTemplate":0,"gridDefinitionTemplateName":"Latitude_Longitude","numberPoints":615,"shape":6,"shapeName":"Earth spherical with radius of 6,371,229.0 m","gridUnits":"degrees","resolution":48,"winds":"true","scanMode":64,"nx":41,"ny":15,"basicAngle":0,"lo1":47.0,"la1":41.0,"lo2":87.0,"la2":55.0,"dx":1.0,"dy":1.0}, "data":
[rows 0 to 14 of 15, columns 0 to 40 of 41]
291.5198,281.9198,290.1198,292.5198,292.8198,291.5198,294.4198,297.4198,293.9198,294.8198,294.0198,295.2198,295.5198,295.2198,297.1198,297.9198,297.5198,297.6198,300.9198,295.9198,284.8198,285.5198,286.4198,292.3198,298.8198,297.3198,292.8198,287.2198,291.4198,287.9198,286.2198,279.7198,296.7198,304.3198,305.5198,305.6198,310.1198,311.0198,311.8198,313.6198,315.0198
275.1198,292.8198,292.2198,292.2198,292.7198,290.9198,290.3198,293.1198,292.7198,291.5198,293.9198,293.8198,295.0198,297.2198,300.2198,298.0198,298.6198,302.2198,300.8198,300.4198,298.0198,285.1198,282.3198,279.3198,275.4198,281.9198,296.6198,290.3198,292.1198,283.5198,292.3198,278.5198,285.9198,268.3198,284.5198,300.6198,302.4198,303.7198,307.4198,300.7198,285.3198
293.9198,292.0198,292.0198,291.7198,290.1198,288.8198,286.9198,287.3198,290.5198,290.6198,289.8198,292.1198,293.9198,294.9198,294.9198,298.7198,298.9198,299.9198,299.7198,299.8198,299.3198,297.0198,284.7198,278.5198,279.9198,282.5198,288.3198,287.0198,283.8198,278.3198,282.3198,286.0198,288.3198,290.0198,291.3198,293.5198,290.4198,290.4198,293.0198,287.9198,284.9198
293.3198,291.0198,292.0198,291.2198,290.4198,290.7198,290.0198,285.2198,284.6198,289.5198,290.4198,289.3198,288.9198,288.3198,291.9198,295.9198,295.4198,298.3198,298.9198,299.3198,295.9198,298.0198,296.6198,294.0198,283.2198,282.8198,282.7198,283.7198,283.0198,283.6198,289.4198,291.3198,295.8198,298.0198,297.2198,295.0198,288.3198,274.4198,294.0198,301.7198,305.0198
291.2198,290.7198,291.0198,290.5198,291.0198,290.0198,288.0198,285.9198,289.0198,288.6198,288.8198,289.5198,287.8198,286.7198,285.2198,293.1198,293.9198,293.1198,294.9198,294.1198,295.2198,296.1198,297.5198,297.2198,288.8198,288.0198,283.4198,283.9198,282.6198,284.0198,285.4198,290.2198,282.0198,283.1198,292.8198,300.1198,297.1198,307.7198,305.7198,306.9198,303.8198
290.8198,289.2198,288.7198,289.4198,289.9198,289.5198,287.0198,284.5198,284.1198,285.3198,285.6198,287.0198,287.6198,287.5198,289.1198,291.9198,290.8198,292.4198,291.9198,294.0198,294.5198,293.3198,293.6198,294.8198,294.7198,291.9198,288.3198,285.1198,285.7198,286.3198,286.2198,286.1198,284.0198,284.9198,288.2198,292.3198,289.3198,292.3198,302.8198,306.2198,303.8198
290.6198,290.0198,289.4198,286.8198,287.5198,290.6198,286.5198,283.2198,282.4198,282.3198,282.9198,284.1198,284.9198,284.5198,287.6198,289.5198,290.6198,290.3198,291.5198,291.2198,291.4198,292.5198,291.5198,290.8198,289.5198,289.1198,289.2198,289.2198,288.0198,289.9198,286.5198,286.6198,287.6198,288.0198,285.4198,286.3198,288.4198,286.3198,289.9198,289.4198,295.9198
289.0198,290.2198,289.0198,287.1198,285.6198,285.3198,285.9198,285.2198,280.8198,280.1198,279.1198,280.0198,281.8198,282.7198,285.9198,287.5198,289.2198,289.3198,288.9198,287.8198,287.4198,289.4198,289.7198,289.1198,288.5198,286.8198,286.8198,286.1198,285.4198,284.9198,285.6198,286.7198,284.9198,283.6198,283.2198,287.4198,282.7198,284.4198,293.3198,299.3198,296.2198
287.4198,288.0198,285.2198,284.9198,284.2198,282.4198,283.3198,283.3198,280.3198,279.1198,278.3198,277.5198,279.3198,282.1198,283.9198,286.5198,288.0198,287.9198,287.0198,286.0198,284.9198,285.3198,286.8198,286.3198,285.3198,285.6198,284.0198,284.1198,283.4198,282.9198,283.0198,285.2198,285.8198,285.8198,283.7198,281.6198,284.7198,284.1198,274.1198,274.9198,276.6198
287.7198,285.2198,285.6198,284.4198,283.9198,280.8198,279.7198,278.9198,277.6198,277.6198,276.9198,276.9198,280.6198,282.0198,281.4198,284.7198,286.2198,287.3198,286.9198,286.8198,284.2198,284.8198,285.3198,285.9198,285.5198,284.5198,284.0198,283.9198,283.4198,284.2198,285.2198,286.1198,287.6198,288.7198,287.0198,283.2198,282.5198,278.0198,277.8198,277.7198,276.1198
286.9198,285.8198,283.1198,281.8198,281.7198,279.5198,278.3198,277.5198,276.6198,276.6198,276.7198,280.2198,282.0198,281.1198,281.7198,282.5198,283.2198,284.6198,286.0198,284.3198,284.7198,283.9198,284.1198,284.1198,283.6198,282.8198,281.9198,284.7198,285.1198,286.9198,287.7198,288.9198,288.4198,286.3198,285.5198,284.5198,278.2198,278.9198,276.4198,278.5198,277.1198
283.7198,282.5198,283.4198,280.5198,279.5198,278.1198,275.7198,275.9198,276.2198,276.4198,277.2198,278.8198,280.9198,279.7198,279.5198,280.2198,282.1198,282.9198,283.4198,282.3198,280.9198,282.6198,281.8198,281.9198,281.3198,283.2198,283.9198,285.6198,285.8198,286.4198,286.2198,287.0198,285.3198,285.7198,284.4198,286.1198,284.8198,283.5198,281.0198,279.9198,276.6198
281.4198,279.9198,280.4198,280.5198,278.8198,277.0198,276.5198,276.5198,275.8198,275.4198,275.4198,276.9198,279.7198,279.5198,280.5198,280.3198,280.6198,280.7198,281.6198,280.8198,282.0198,280.4198,279.5198,280.1198,282.0198,283.4198,285.4198,284.9198,284.7198,284.6198,285.0198,284.8198,285.5198,285.3198,285.2198,283.9198,284.3198,283.4198,282.9198,282.6198,279.7198
279.7198,279.6198,282.9198,280.1198,278.1198,277.3198,276.6198,275.5198,276.1198,275.5198,274.6198,274.9198,279.5198,279.3198,280.6198,280.3198,279.5198,279.3198,280.0198,279.8198,280.4198,280.5198,281.0198,280.5198,281.1198,282.0198,282.5198,283.3198,283.2198,283.9198,283.7198,283.7198,283.0198,282.5198,282.9198,282.8198,282.6198,282.6198,283.1198,280.7198,283.2198
279.7198,280.7198,283.6198,278.7198,278.5198,276.9198,276.7198,276.0198,276.3198,276.6198,276.0198,278.1198,277.0198,280.0198,280.4198,280.4198,280.3198,279.5198,279.7198,279.5198,279.2198,279.4198,279.7198,279.3198,279.0198,278.7198,279.6198,280.3198,282.0198,281.9198,281.9198,282.5198,281.5198,281.6198,281.7198,281.9198,283.4198,281.6198,282.7198,282.9198,280.3198
