wind_kz.json
{"header": {"discipline":0,"disciplineName":"Meteorological products","gribEdition":2,"gribLength":1025,"center":7,"centerName":"US National Weather Service - NCEP(WMC)","subcenter":0,"refTime":"2023-10-03T12:00:00.000Z","significanceOfRT":1,"significanceOfRTName":"Start of forecast","productStatus":0,"productStatusName":"Operational products","productType":1,"productTypeName":"Forecast products","productDefinitionTemplate":0,"productDefinitionTemplateName":"Analysis/forecast at horizontal level/layer at a point in time","parameterCategory":2,"parameterCategoryName":"UnknownDiscipline_0_Category_2","parameterNumber":2,"parameterNumberName":"UnknownParameter_D0_C2_2","parameterUnit":"Unknown","genProcessType":2,"genProcessTypeName":"Forecast","forecastTime":60,"surface1Type":103,"surface1TypeName":"Specified height level above ground","surface1Value":10.0,"surface2Type":255,"surface2TypeName":"Missing","surface2Value":0.0,"gridDefinitionTemplate":0,"gridDefinitionTemplateName":"Latitude_Longitude","numberPoints":615,"shape":6,"shapeName":"Earth spherical with radius of 6,371,229.0 m","gridUnits":"degrees","resolution":48,"winds":"true","scanMode":64,"nx":41,"ny":15,"basicAngle":0,"lo1":47.0,"la1":41.0,"lo2":87.0,"la2":55.0,"dx":1.0,"dy":1.0}, "data":
[rows 0 to 14 of 15, columns 0 to 40 of 41]
-0.96327883,-1.3932788,2.166721,1.6167212,2.6367211,3.9667213,2.2267213,3.3967211,3.916721,2.8167212,1.7167212,5.986721,6.8367214,2.5567212,0.2667212,-0.1432788,0.9867212,2.0567212,-0.35327882,2.0167212,1.6267211,-1.0032789,-0.15327881,0.5067212,-1.0932788,-1.0932788,-0.7632788,-1.8532788,-0.113278806,-0.10327881,-1.4932789,1.6767212,0.9067212,-0.5732788,-4.213279,-3.2332788,-2.6932788,-1.1132789,-1.7432789,-3.7432787,-4.323279
1.5967212,2.3067212,0.5767212,1.4867212,2.0567212,2.416721,1.3867211,-0.12327881,-1.1832788,-1.2332788,1.4867212,-1.2932788,-1.1032788,-1.5732788,-0.44327882,-0.7532788,1.5967212,-0.3332788,0.4567212,1.4367212,2.3567212,0.9867212,-2.3632789,-1.5732788,0.8167212,1.0567212,-0.18327881,-0.7932788,-2.5132787,-2.1032789,-0.013278808,-0.47327882,0.4467212,-2.9132788,0.2967212,-0.07327881,-0.4932788,-1.3032788,-1.1232789,0.6367212,-3.2932787
1.2367212,0.30672118,1.5167212,3.3467212,2.4767213,0.5767212,1.4167212,1.0167212,-1.1432788,-3.9632788,-0.12327881,0.5467212,0.85672116,-0.7632788,0.0067211916,-0.4932788,-0.5732788,0.8367212,1.2167212,2.0767212,2.196721,0.04672119,-2.4232788,-1.4732788,0.4867212,3.1167212,4.2467213,2.7767212,-0.25327882,-0.77327883,-1.2332788,2.2667212,-0.6332788,-0.6532788,0.7567212,-0.5332788,-0.4032788,0.5867212,-0.8032788,1.6867212,1.9167212
0.9067212,2.1267211,2.4567213,3.8367212,2.936721,1.0167212,1.2767212,1.5067211,-0.5132788,-1.5432788,0.6467212,4.0867214,2.2367213,0.7167212,-0.4932788,-0.23327881,0.1367212,0.3767212,0.9067212,1.2067212,1.4767212,-0.3432788,0.036721192,-1.4132788,-2.4332788,-3.9032788,1.0867212,-5.8332787,-2.2632787,-0.3032788,0.3167212,-4.783279,-2.813279,-3.1632788,-2.323279,-2.1232789,-1.6432788,2.1067212,0.7367212,-1.0332788,-1.5032789
1.7267212,3.2867212,4.546721,5.176721,5.066721,2.6467211,2.6467211,3.186721,1.5767212,0.23672119,-1.3332788,4.4767213,4.556721,-0.053278808,-1.3232788,-1.1432788,-0.9332788,0.23672119,0.12672119,-0.6532788,-2.6832788,-3.4432788,-4.613279,-3.9632788,-4.473279,-6.453279,-4.613279,-3.1932788,-3.7732787,-3.823279,-3.9732788,-2.9132788,-2.4632788,1.5467212,0.18672119,-0.64327884,-2.093279,-3.3832788,-2.8732789,-3.2032788,-3.4032788
3.0067213,1.8867211,3.9667213,4.4767213,4.3367214,2.5267212,2.2167213,3.1367211,1.2967212,-0.6032788,-2.0432787,2.0067213,6.636721,1.1667212,-1.4932789,-1.0232788,-0.7332788,-0.9332788,-1.9732788,-1.0732788,-3.9432788,-3.6632788,-4.713279,-5.843279,-5.7332788,-5.903279,-3.8632789,-6.443279,-4.823279,-3.7232788,-3.9432788,-3.2032788,-2.8532789,-2.4132788,-1.0332788,-4.2732787,0.4367212,-1.7132788,-0.9232788,-2.7432787,-3.593279
2.3867211,2.8967211,3.6267211,3.5067213,3.2567213,1.9867212,2.196721,1.2167212,-1.4332788,1.0167212,-0.8132788,2.666721,5.426721,0.17672119,-0.1332788,-0.6732788,-0.8232788,-0.6532788,-3.0332787,-3.8632789,-3.0332787,-3.6232789,-4.493279,-4.173279,-4.613279,-4.2732787,-3.5032787,-3.823279,-3.9232788,-4.0632787,-3.9732788,-3.5032787,-0.9932788,-2.4732788,-3.553279,-2.2932787,-1.1832788,1.0867212,-0.9132788,-0.2932788,1.6967212
1.7367212,2.3567212,3.1167212,2.8867211,3.0767212,3.3567212,0.91672117,-0.12327881,0.4467212,2.7967212,0.3267212,2.3067212,6.386721,0.23672119,-0.4232788,-1.5332788,-1.2932788,-1.7332788,-2.4732788,-4.203279,-2.9732788,-3.8532789,-2.6832788,-3.2432787,-2.9732788,-1.7532789,-2.9432788,-3.4832788,-3.2032788,-2.6132789,-3.553279,-2.563279,-5.693279,-1.3532788,-3.9432788,-1.9232788,1.5767212,1.4667212,-0.18327881,-1.0132788,-1.8432788
2.0067213,2.1167212,2.2567213,2.916721,2.676721,2.186721,2.0467212,0.3267212,-1.2432789,-0.6232788,1.0267212,1.5467212,2.8867211,1.8267212,1.8367212,0.10672119,-1.4932789,-1.6932788,-2.2832787,-1.9032788,-2.563279,-1.9932789,-2.1732788,-2.6332788,-1.9732788,-2.2732787,-1.2632788,-1.5132788,-1.0332788,-1.4932789,-2.3532789,-1.9632788,-1.3532788,-2.083279,-1.2732788,-0.7432788,-0.2432788,-2.2832787,-1.0332788,0.14672118,-2.0432787
2.8067212,2.8567212,2.5167212,2.686721,2.906721,1.4767212,2.6167212,0.18672119,1.1467212,1.1967212,2.2167213,2.8867211,3.5767212,0.9267212,1.6567212,1.7667212,1.7167212,0.3567212,-1.3132788,-1.7432789,-1.0332788,-0.96327883,-1.2732788,-1.9132788,-1.7532789,-1.2032788,-1.3832788,-2.4732788,-2.2732787,-1.8032788,-1.4832788,-1.6632788,-1.9632788,-2.593279,-1.6332788,-1.0932788,-1.4132788,-0.083278805,-2.4332788,-0.6632788,-1.3332788
2.3567212,3.3867211,3.0267212,2.7667212,3.0367212,2.3367212,-0.7232788,2.2967212,0.7567212,0.8167212,2.3867211,2.4967213,2.3167212,2.5267212,2.7167213,3.176721,2.3867211,1.3967212,0.4767212,-0.4932788,-0.8732788,-0.47327882,-0.9932788,-1.6332788,-1.1932788,-1.3132788,-0.9932788,-0.4932788,-0.47327882,-1.6132789,-2.2732787,-2.1232789,-2.3632789,-1.9532788,-1.9532788,-0.96327883,-1.3232788,-0.8432788,-0.89327884,0.66672117,-1.0432788
1.3867211,2.2067213,2.8767211,2.8967211,2.9867213,2.7667212,0.5167212,-0.4232788,2.1367211,0.1667212,0.4767212,3.8467212,1.4967211,1.6267211,2.8467212,2.176721,2.3367212,2.156721,0.08672119,1.4167212,0.07672119,-0.21327882,-0.58327883,-0.9132788,-0.41327882,-0.3632788,-0.25327882,0.1367212,-0.4532788,-1.8332788,-1.5532788,-0.96327883,-0.7432788,-1.6532788,-1.1532788,-1.4532788,-1.3732789,-0.89327884,-0.20327881,-0.5432788,-0.3732788
2.0467212,2.2167213,2.166721,2.4667213,2.7767212,2.0167212,1.2267212,0.2567212,1.0067211,2.6367211,0.49672118,1.5167212,1.6167212,2.2767212,2.1167212,2.0867212,2.3467212,2.3967211,1.2867212,1.2867212,0.4567212,0.3567212,0.9067212,0.36672118,2.2967212,1.8867211,1.5867212,-0.47327882,-0.09327881,-0.2632788,0.4167212,0.17672119,-0.04327881,-0.38327882,-0.4032788,-0.1932788,0.17672119,-0.6532788,-0.4932788,-0.6832788,-0.77327883
2.906721,3.1067212,3.2067213,2.4967213,2.436721,2.1267211,1.9067212,3.2867212,1.9967211,3.0467212,0.91672117,0.04672119,1.2767212,2.0367212,2.696721,1.0867212,2.0867212,1.7767212,0.4867212,1.7067212,1.1767212,1.5367212,1.8467212,1.9667212,1.7767212,0.8067212,0.20672119,1.2667212,0.8467212,1.1767212,1.2767212,1.0167212,1.0067211,0.9267212,0.9567212,0.9967212,0.6767212,0.1667212,-0.4932788,0.5467212,-0.4632788
1.7067212,3.176721,4.9367213,2.8667212,1.8667212,2.0267212,2.3467212,1.8467212,2.3067212,3.9567213,0.1367212,0.02672119,0.49672118,0.8167212,2.6167212,1.4467212,2.5667212,2.6267211,1.7467211,2.0267212,1.7367212,1.6967212,1.5067211,1.7867212,1.9867212,1.8067212,1.7667212,1.8467212,1.9267212,1.7867212,2.3667212,2.0767212,1.6767212,1.7967212,2.1067212,2.4967213,0.5067212,1.9767212,1.8067212,0.9667212,-1.1732788
