wind_kz.json
{"header": {"discipline":0,"disciplineName":"Meteorological products","gribEdition":2,"gribLength":1025,"center":7,"centerName":"US National Weather Service - NCEP(WMC)","subcenter":0,"refTime":"2023-09-10T06:00:00.000Z","significanceOfRT":1,"significanceOfRTName":"Start of forecast","productStatus":0,"productStatusName":"Operational products","productType":1,"productTypeName":"Forecast products","productDefinitionTemplate":0,"productDefinitionTemplateName":"Analysis/forecast at horizontal level/layer at a point in time","parameterCategory":2,"parameterCategoryName":"UnknownDiscipline_0_Category_2","parameterNumber":2,"parameterNumberName":"UnknownParameter_D0_C2_2","parameterUnit":"Unknown","genProcessType":2,"genProcessTypeName":"Forecast","forecastTime":180,"surface1Type":103,"surface1TypeName":"Specified height level above ground","surface1Value":10.0,"surface2Type":255,"surface2TypeName":"Missing","surface2Value":0.0,"gridDefinitionTemplate":0,"gridDefinitionTemplateName":"Latitude_Longitude","numberPoints":615,"shape":6,"shapeName":"Earth spherical with radius of 6,371,229.0 m","gridUnits":"degrees","resolution":48,"winds":"true","scanMode":64,"nx":41,"ny":15,"basicAngle":0,"lo1":47.0,"la1":41.0,"lo2":87.0,"la2":55.0,"dx":1.0,"dy":1.0}, "data":
[rows 0 to 14 of 15, columns 0 to 40 of 41]
-2.8779054,-0.5379053,-0.80790526,-5.387905,-6.7479053,-7.9179053,-4.6279054,-6.2379055,-6.177905,-4.927905,-2.8879054,-2.8979053,0.16209473,-3.7079053,-1.9179053,-1.4879053,-0.7079053,-0.56790525,-2.3579054,-1.4779053,-0.6979053,-0.50790524,-0.21790527,0.35209474,1.3320947,-0.73790526,-2.0879052,2.1920948,-0.20790528,1.4120947,1.8620948,1.4520947,0.5820947,1.7620947,-3.9679053,-3.8279052,-4.217905,-4.697905,-4.267905,-4.2779055,-3.8279052
1.9920948,-1.2279053,-6.0079055,-6.447905,-8.2379055,-7.2979054,-4.9579053,-3.7679052,-4.0279055,-2.9679053,-2.4079053,-2.9979053,-3.8679054,-3.3379052,-2.2979052,-1.5279052,0.74209476,-2.3879054,-1.4979053,-0.08790527,0.51209474,-0.9479053,-1.1279052,-1.2479053,1.5620947,0.09209473,-1.5079052,1.8820947,-1.9979053,1.0020947,0.82209474,-0.28790528,-0.50790524,-1.2579052,0.042094726,-0.25790527,-1.8579053,1.2920947,-1.7579052,-0.12790528,-6.0879054
-3.2779052,-6.9979053,-6.2979054,-6.077905,-5.907905,-4.4979053,-4.157905,-3.2979052,-3.7779052,-1.9379053,-1.5279052,-4.347905,-3.0779052,-2.3379052,-0.6979053,0.32209474,0.28209472,-1.6179053,0.46209472,0.76209474,-0.077905275,0.22209473,-2.0879052,-0.9479053,1.9420947,3.3520947,3.5120947,3.3920946,0.45209473,0.50209475,2.2520947,-0.92790526,-0.37790528,1.3420948,-0.45790526,-2.0079052,-0.117905274,0.11209473,1.3220947,2.4920948,0.89209473
-6.0879054,-8.697906,-6.3579054,-6.197905,-5.517905,-3.6779053,-3.1679053,-3.2379053,-2.7679052,-2.2079053,-2.4979053,-3.2479053,-2.7279053,-1.9379053,0.38209474,2.7020948,2.0620947,-0.32790527,0.74209476,0.43209472,0.4420947,-1.0179052,2.7220948,1.8320947,4.7220945,2.9320948,5.7420945,4.2920947,6.2520947,3.6720948,0.12209473,-0.98790526,2.3020947,2.2020948,0.5320947,-0.7779053,-0.42790526,2.5820947,-0.047905274,-0.92790526,-1.2979053
-6.907905,-7.6079054,-7.4379053,-5.787905,-5.057905,-2.3779054,-0.8979053,-1.5479053,-1.4079052,-1.9579053,-1.7879052,-0.8879053,-0.43790528,0.89209473,1.1320947,0.33209473,-0.56790525,0.36209473,1.5320947,-1.5079052,-1.3679053,1.9220947,3.8420947,4.2220945,3.9920948,1.8720948,0.7920947,2.8020947,4.052095,5.922095,3.0120947,-1.8179053,-1.5679053,-0.41790527,3.2720947,1.8020947,2.1820948,1.3320947,-0.6579053,-0.5179053,-1.4179053
-3.3979053,-2.7079053,-2.0179052,-0.7779053,-0.05790527,0.89209473,1.8820947,1.9620948,-2.2979052,-2.4479053,-1.0679053,-1.0779053,0.4420947,3.0220947,-1.8879052,-1.1579052,0.81209475,2.2720947,2.0520947,-0.87790525,-0.54790527,0.19209473,1.3320947,0.7720947,-2.4879053,-0.6579053,-0.017905273,0.19209473,0.6720947,-2.1179054,-2.2379053,-0.99790525,1.3720948,-0.68790525,1.0620947,-1.4779053,1.0520947,0.7720947,1.2620947,-1.4579053,0.95209473
-0.42790526,1.3520948,2.1820948,2.8320947,0.45209473,-2.4479053,-2.7579052,-3.2979052,-2.7679052,-0.7879053,-2.3479052,-3.5179052,-1.7079053,-2.4079053,-3.4079053,-0.5379053,0.94209474,1.4720948,-1.8179053,-1.7879052,-1.7279053,-1.6379052,-0.5279053,0.22209473,-1.4479053,-1.3679053,-0.36790526,-3.2679052,-3.9979053,-2.1179054,-3.8379052,-2.9079053,-1.6379052,-2.3779054,-1.5779053,-0.6379053,-1.0779053,2.8120947,-0.55790526,0.51209474,0.43209472
-3.2779052,-1.1679053,-3.5479052,-1.9479053,-1.8679053,-2.8679054,-2.7679052,-2.7379053,-2.3479052,-2.6979053,-2.3179052,-3.2179053,-2.8579054,-1.5279052,-2.1679053,-0.56790525,-0.18790527,-2.4879053,-0.9179053,-1.9879053,-1.3779052,-1.5279052,0.102094725,0.5820947,-2.7479053,-2.8479052,-1.2279053,-2.6379054,2.1120946,-3.0879052,-2.2879052,-2.5979052,-2.7979052,-1.5979053,-2.0879052,-1.5679053,1.0720947,-0.3079053,1.9020947,2.2720947,0.7820947
-2.4779053,-2.3979053,-2.8579054,-3.0379052,-1.8779052,-2.4779053,-2.1079054,-2.5379052,-2.7979052,-2.7379053,-1.6479052,-1.7279053,-0.18790527,-0.43790528,-0.7279053,-0.13790527,-0.7079053,-0.67790526,-0.5979053,-1.1079053,0.4120947,0.51209474,-0.06790528,0.46209472,0.09209473,0.28209472,-0.49790528,-0.42790526,-0.46790528,-0.8479053,-1.4479053,-1.7779052,-1.1179053,-3.2479053,-0.5879053,0.42209473,-0.18790527,-2.7179053,-0.7879053,0.38209474,0.7320947
-2.7279053,-1.2579052,-2.0279052,-1.5779053,-2.3679054,-2.2479053,-1.3979052,-2.6279054,-1.6179053,-1.7779052,-1.2979053,-1.3479053,-0.6379053,-0.2779053,-1.0879053,0.22209473,1.1520947,2.4920948,1.7520947,1.8620948,1.8320947,1.9920948,2.6320946,2.1720948,0.76209474,1.4020947,1.1520947,0.7820947,0.87209475,2.0520947,1.8020947,-0.86790526,-0.8979053,-1.3979052,-0.74790525,0.63209474,-1.1979053,0.48209473,-1.4679053,1.2520947,0.46209472
-2.4979053,-2.9679053,-2.6479053,-2.5179052,-2.0879052,-2.5179052,-2.8479052,-2.2279053,-1.5579053,-0.5379053,0.94209474,0.102094725,-1.7679052,-0.007905274,-1.4779053,-0.7679053,-0.8479053,-0.50790524,-0.61790526,-0.85790527,0.13209473,-1.0479053,0.062094726,-0.99790525,-1.0279052,-0.93790525,0.6520947,0.6520947,-0.68790525,1.3320947,1.5320947,0.8020947,0.46209472,0.7220947,-0.117905274,-0.8279053,-1.0279052,0.81209475,-0.3079053,1.4420947,-0.8279053
-2.1879053,-2.7979052,-1.8279053,-2.5879052,-2.2579052,-1.9079052,-1.5679053,-2.1679053,-0.8979053,0.17209473,-1.3079053,-3.7379053,-4.017905,-3.8879054,-2.5579052,-1.6079053,-0.5879053,-0.37790528,-0.34790528,-0.42790526,-0.47790527,0.6720947,0.4720947,0.4420947,0.74209476,1.0720947,0.7820947,1.1320947,0.8420947,0.7120947,2.0620947,2.5120947,2.1720948,2.3420947,1.6920947,1.6720947,1.4720948,1.4120947,0.9620947,0.15209472,0.27209473
-1.0279052,-1.7679052,-1.6579052,-2.2779052,-2.0779052,-1.6679053,-1.8779052,-1.6779053,-1.9679053,0.022094727,-0.7779053,-2.9779053,-2.9279053,-3.1979053,-1.9079052,-2.0579052,-1.4979053,-1.3679053,-1.2579052,-1.0679053,-0.43790528,0.31209472,0.57209474,2.2120948,2.6420946,2.7920947,2.7120948,2.3620946,1.8720948,1.8520948,1.1720947,0.9020947,0.88209474,1.8920947,2.3120947,2.9620948,2.9620948,1.7220948,2.7920947,1.6020948,0.7820947
-2.5379052,-2.6579053,-1.3479053,-2.6279054,-2.4779053,-1.8179053,-1.2279053,-1.1679053,-0.60790527,0.0020947265,-0.47790527,-0.9779053,-1.3779052,-1.6879053,-0.13790527,-0.37790528,-0.60790527,-0.9579053,-1.5379052,-0.9779053,-0.74790525,-0.107905276,0.74209476,0.5420947,0.062094726,0.6720947,1.4720948,2.1920948,2.1820948,2.7520947,2.6720948,2.8520947,2.8520947,3.2520947,3.1120946,3.2020948,2.2220948,3.5420947,1.4820948,1.9720948,1.3520948
-1.9679053,-0.6579053,-1.2179053,-2.3079052,-2.2879052,-1.1079053,-0.32790527,-1.6179053,-1.1979053,-0.8879053,-1.1579052,-1.0479053,-1.0379052,0.30209473,-0.027905274,0.29209474,-0.32790527,-2.4979053,-1.0279052,-0.18790527,-0.007905274,-0.5879053,-0.047905274,0.22209473,-0.027905274,-0.8279053,0.042094726,0.7820947,2.8720946,3.4020948,2.6220946,3.1420946,3.0820947,2.9620948,3.1920948,3.1120946,1.5320947,1.8520948,2.9220948,2.6020947,-0.67790526
