wind_kz.json
{"header": {"discipline":0,"disciplineName":"Meteorological products","gribEdition":2,"gribLength":871,"center":7,"centerName":"US National Weather Service - NCEP(WMC)","subcenter":0,"refTime":"2023-09-29T18:00:00.000Z","significanceOfRT":1,"significanceOfRTName":"Start of forecast","productStatus":0,"productStatusName":"Operational products","productType":1,"productTypeName":"Forecast products","productDefinitionTemplate":0,"productDefinitionTemplateName":"Analysis/forecast at horizontal level/layer at a point in time","parameterCategory":0,"parameterCategoryName":"UnknownDiscipline_0_Category_0","parameterNumber":0,"parameterNumberName":"UnknownParameter_D0_C0_0","parameterUnit":"Unknown","genProcessType":2,"genProcessTypeName":"Forecast","forecastTime":300,"surface1Type":1,"surface1TypeName":"Ground or water surface","surface1Value":0.0,"surface2Type":255,"surface2TypeName":"Missing","surface2Value":0.0,"gridDefinitionTemplate":0,"gridDefinitionTemplateName":"Latitude_Longitude","numberPoints":615,"shape":6,"shapeName":"Earth spherical with radius of 6,371,229.0 m","gridUnits":"degrees","resolution":48,"winds":"true","scanMode":64,"nx":41,"ny":15,"basicAngle":0,"lo1":47.0,"la1":41.0,"lo2":87.0,"la2":55.0,"dx":1.0,"dy":1.0}, "data":
[rows 0 to 14 of 15, columns 0 to 40 of 41]
300.01807,292.51807,299.11807,293.31805,293.01807,292.11807,301.71808,306.71808,303.31805,304.41806,302.01807,300.81805,300.71808,303.21808,303.01807,305.51807,305.51807,305.91806,310.91806,309.11807,313.11807,311.51807,311.41806,305.81805,306.51807,311.31805,304.91806,295.51807,291.11807,283.71808,284.71808,276.81805,296.01807,303.71808,304.11807,304.51807,307.51807,304.21808,303.31805,304.11807,305.71808
274.21808,299.41806,292.91806,292.91806,293.01807,291.31805,305.81805,303.61807,301.51807,301.41806,302.31805,300.91806,302.51807,302.71808,304.71808,304.81805,307.61807,307.21808,306.41806,306.71808,307.61807,305.71808,305.41806,299.31805,285.91806,289.91806,298.31805,293.81805,294.91806,286.71808,292.71808,279.01807,287.51807,263.51807,284.01807,296.71808,299.71808,300.71808,302.71808,295.41806,285.11807
299.71808,292.31805,292.71808,292.11807,290.61807,300.61807,300.81805,300.11807,300.61807,300.01807,299.21808,300.21808,298.91806,300.81805,298.01807,301.91806,303.01807,302.51807,304.01807,306.21808,309.21808,304.81805,304.61807,302.11807,301.91806,302.51807,304.11807,305.41806,302.41806,294.71808,273.21808,283.01807,292.01807,292.41806,292.41806,290.11807,275.91806,284.61807,288.31805,284.91806,273.81805
300.01807,291.41806,292.21808,291.21808,292.51807,300.01807,298.51807,300.41806,300.11807,299.61807,298.41806,295.21808,289.11807,288.51807,296.81805,300.71808,299.11807,300.91806,303.01807,305.71808,305.01807,300.61807,297.81805,298.51807,298.51807,298.11807,301.41806,299.41806,297.51807,300.01807,302.11807,299.01807,300.91806,302.81805,303.31805,299.21808,282.61807,271.91806,276.01807,293.81805,294.21808
299.01807,290.61807,291.21808,290.31805,294.41806,299.41806,299.01807,299.81805,297.81805,296.51807,296.51807,295.21808,287.91806,286.81805,285.41806,295.81805,297.51807,295.81805,296.91806,295.31805,296.21808,298.01807,299.01807,299.01807,298.61807,297.71808,296.01807,295.01807,299.81805,299.41806,298.71808,300.41806,291.01807,278.41806,289.71808,296.41806,295.31805,300.31805,300.01807,299.21808,296.31805
298.91806,299.91806,289.31805,290.21808,290.11807,289.51807,299.21808,296.31805,297.21808,296.81805,296.11807,296.21808,288.81805,287.51807,292.41806,295.41806,294.11807,295.81805,295.01807,296.31805,296.51807,296.91806,296.81805,294.71808,296.61807,295.41806,296.41806,285.61807,295.41806,295.71808,297.81805,296.91806,297.81805,296.01807,292.61807,295.61807,292.41806,289.11807,300.91806,299.41806,296.01807
299.41806,300.41806,297.81805,297.71808,294.61807,298.61807,297.51807,295.81805,295.21808,294.41806,295.51807,293.61807,293.61807,292.61807,294.11807,293.91806,296.41806,295.01807,297.91806,296.51807,296.41806,296.91806,295.31805,295.11807,292.71808,293.11807,295.21808,297.81805,297.41806,298.21808,298.01807,296.91806,297.31805,296.31805,296.01807,295.61807,294.51807,288.91806,288.51807,286.51807,293.01807
298.31805,299.21808,299.61807,297.21808,295.61807,296.41806,296.71808,296.01807,295.41806,295.01807,293.31805,291.71808,292.21808,291.71808,294.41806,294.51807,294.41806,295.21808,295.71808,294.71808,293.31805,295.01807,295.21808,295.71808,295.11807,292.41806,291.51807,293.71808,292.41806,294.61807,292.91806,294.91806,295.71808,292.91806,293.31805,293.71808,295.21808,284.61807,295.21808,294.21808,290.01807
297.21808,296.91806,296.61807,296.51807,294.71808,295.61807,295.81805,294.71808,293.81805,293.61807,292.41806,291.21808,290.81805,292.21808,292.21808,294.51807,294.41806,295.61807,293.61807,294.51807,291.51807,291.61807,294.01807,294.51807,293.41806,293.21808,292.11807,291.61807,291.31805,290.41806,291.91806,292.31805,293.91806,293.81805,294.61807,293.71808,293.11807,289.11807,279.61807,282.21808,275.81805
295.91806,295.51807,295.41806,295.51807,295.01807,295.01807,294.31805,294.11807,293.31805,293.61807,292.81805,291.41806,291.81805,290.91806,290.41806,290.31805,293.51807,294.81805,294.51807,294.11807,292.61807,291.21808,292.91806,293.91806,294.11807,293.61807,293.81805,293.61807,292.51807,291.61807,292.91806,293.71808,294.41806,293.31805,293.41806,292.81805,286.91806,283.31805,274.11807,278.91806,280.81805
293.51807,293.91806,293.31805,293.01807,293.91806,293.11807,292.91806,293.91806,293.21808,292.71808,291.31805,290.91806,289.71808,289.01807,289.81805,291.01807,290.31805,293.31805,293.81805,292.21808,292.31805,291.21808,291.61807,292.71808,292.31805,291.61807,289.51807,292.11807,292.21808,293.21808,293.11807,293.41806,292.51807,291.11807,291.51807,289.11807,279.01807,280.21808,282.71808,281.01807,277.21808
292.71808,293.51807,293.61807,293.21808,292.41806,291.81805,291.11807,290.91806,290.61807,290.81805,289.71808,287.81805,288.71808,288.21808,289.41806,289.41806,289.61807,289.31805,290.31805,290.41806,289.21808,288.51807,288.91806,289.01807,288.41806,289.81805,290.91806,293.21808,293.11807,292.11807,291.91806,291.91806,290.71808,289.81805,289.41806,288.41806,287.91806,289.21808,285.81805,285.51807,283.91806
289.81805,290.41806,292.61807,292.61807,292.01807,290.71808,290.51807,290.21808,289.01807,289.61807,286.71808,286.81805,288.61807,287.71808,289.51807,289.91806,289.71808,287.21808,288.71808,287.41806,287.61807,286.91806,288.11807,288.81805,290.11807,290.61807,292.41806,291.21808,290.81805,291.71808,291.81805,290.41806,290.21808,289.51807,289.11807,287.91806,287.31805,282.01807,280.21808,279.51807,278.51807
290.91806,290.11807,286.11807,290.01807,289.91806,289.31805,288.61807,287.31805,289.31805,287.91806,285.41806,283.11807,287.61807,288.01807,288.41806,287.41806,288.31805,287.91806,287.91806,288.61807,288.81805,288.61807,288.51807,288.81805,288.71808,288.81805,288.61807,289.21808,288.91806,287.31805,286.91806,287.01807,286.91806,286.31805,285.11807,282.51807,281.11807,280.91806,280.01807,278.21808,279.81805
289.51807,289.71808,284.11807,288.91806,288.91806,289.51807,288.61807,288.81805,289.31805,288.11807,286.51807,287.01807,284.91806,287.31805,288.21808,288.91806,288.41806,287.91806,289.31805,287.21808,287.71808,287.61807,288.41806,287.41806,287.01807,287.91806,287.21808,286.51807,286.21808,286.31805,286.61807,285.31805,286.41806,281.61807,280.81805,280.41806,280.41806,279.21808,280.31805,279.01807,278.61807
