wind_kz.json
{"header": {"discipline":0,"disciplineName":"Meteorological products","gribEdition":2,"gribLength":1025,"center":7,"centerName":"US National Weather Service - NCEP(WMC)","subcenter":0,"refTime":"2023-09-09T06:00:00.000Z","significanceOfRT":1,"significanceOfRTName":"Start of forecast","productStatus":0,"productStatusName":"Operational products","productType":1,"productTypeName":"Forecast products","productDefinitionTemplate":0,"productDefinitionTemplateName":"Analysis/forecast at horizontal level/layer at a point in time","parameterCategory":2,"parameterCategoryName":"UnknownDiscipline_0_Category_2","parameterNumber":3,"parameterNumberName":"UnknownParameter_D0_C2_3","parameterUnit":"Unknown","genProcessType":2,"genProcessTypeName":"Forecast","forecastTime":60,"surface1Type":103,"surface1TypeName":"Specified height level above ground","surface1Value":10.0,"surface2Type":255,"surface2TypeName":"Missing","surface2Value":0.0,"gridDefinitionTemplate":0,"gridDefinitionTemplateName":"Latitude_Longitude","numberPoints":615,"shape":6,"shapeName":"Earth spherical with radius of 6,371,229.0 m","gridUnits":"degrees","resolution":48,"winds":"true","scanMode":64,"nx":41,"ny":15,"basicAngle":0,"lo1":47.0,"la1":41.0,"lo2":87.0,"la2":55.0,"dx":1.0,"dy":1.0}, "data":
[rows 0 to 14 of 15, columns 0 to 40 of 41]
-0.0017114258,0.7882886,1.0982885,1.2182885,-1.4417114,-3.2517114,-3.1617115,-3.8517115,-1.5417114,0.49828857,-2.3217115,-1.7417114,-1.4717114,-1.9717114,-2.2617114,-1.5817114,-3.7017114,-5.2517114,-3.7417114,-2.5917115,-3.7017114,-3.1117115,-2.7917113,1.8482885,1.4682885,2.2182887,0.62828857,2.4882886,1.5682886,0.76828855,1.3182886,0.64828855,0.68828857,-1.5217115,-1.7017114,-0.26171142,-0.32171142,-0.49171144,-0.35171142,-1.1717114,1.7082886
3.5882885,1.4682885,1.4882885,-2.2217114,-1.5017114,-2.6017115,-2.2117114,-2.5617113,-2.5417113,2.2782886,0.018288575,-0.46171144,0.038288575,0.15828857,-1.0517114,-0.7217114,-2.6617115,-3.0017114,-4.0617113,-3.3917115,-3.3617115,-2.5217113,-2.2717113,2.3182886,1.4482886,0.82828856,-0.31171143,2.1982887,-1.2417114,0.14828858,0.32828858,4.0482883,0.9682886,-0.21171142,-0.42171142,-2.5917115,-1.9217114,-2.8617115,-2.4717114,-0.5817114,0.9882886
2.3382885,4.7982883,1.7682886,-1.7317114,-1.5417114,-0.85171145,-2.2217114,-1.4517114,-2.5117114,-2.2817113,-2.3917115,-2.6417115,0.75828856,0.15828857,3.1782885,1.8382885,0.06828857,-2.2217114,-2.4817114,-2.0917115,-2.3917115,-0.98171145,0.17828858,2.8282886,0.93828857,-3.1317115,-0.19171143,-0.8317114,-1.3217114,3.5382886,-2.1517115,-1.9717114,1.1982886,-0.56171143,-0.9617114,4.1882887,4.6382885,1.2482886,0.088288575,0.088288575,0.20828858
3.7982886,5.3082886,2.6182885,-0.07171143,-1.2017114,-1.8317114,-3.2117114,-0.9517114,-0.86171144,-1.6517115,-1.2217114,-2.3317115,-2.1617115,3.2782886,3.5282886,2.6982887,1.3482885,0.26828858,-1.0817114,-2.2017114,-3.2317114,-0.23171143,-2.9917114,0.23828858,-1.5317115,-2.1417115,-0.74171144,-1.6717114,2.1482885,-1.9317114,-2.4617114,0.06828857,-1.7017114,-4.0817113,0.20828858,-2.4117115,-0.5717114,2.5882885,4.9382887,1.8682885,1.9182886
4.8082886,5.1582885,3.8982885,3.8382885,2.4082885,0.13828857,-0.08171143,-0.3617114,-0.7617114,-0.9017114,-0.15171142,1.3382885,-1.3817115,0.7382886,3.8582885,4.1582885,2.9982886,2.1282885,0.87828857,-0.8817114,-1.5617114,-1.6817114,-0.8317114,-0.5217114,-1.0117115,0.6682886,0.3582886,1.1782886,-1.4417114,-1.9217114,-4.4017115,0.7982886,2.3682885,4.2282887,-0.91171145,-0.61171144,0.49828857,-0.29171142,-0.37171143,1.8282886,1.8782886
2.4382887,3.8982885,3.7282887,2.8082886,4.2782884,1.0882885,-0.021711426,0.75828856,0.5582886,0.93828857,0.94828856,2.4882886,0.7982886,-1.3517114,1.4382886,3.3782885,3.0382886,2.9182885,0.29828858,-1.3517114,-1.7817115,-0.8317114,-1.3617114,-0.6917114,0.89828855,2.9282885,2.1482885,1.1682886,-0.31171143,0.39828858,-3.2717113,5.4782887,-0.41171142,0.44828856,2.7082887,8.298288,5.0582886,4.7682886,1.8682885,-0.041711427,-0.18171142
0.4182886,2.3782885,0.8082886,1.9382886,-0.79171145,-0.29171142,0.9182886,-1.5017114,-1.7117114,-1.9317114,-2.0717115,-0.3617114,0.5982886,-0.26171142,1.6482886,1.1282886,2.2082887,2.1282885,0.51828855,-1.3617114,-0.92171144,-0.9717114,0.31828856,1.2482886,1.3182886,2.4582887,4.1382885,1.4982886,1.3482885,2.3782885,1.9782885,7.6882887,4.2782884,2.9982886,-0.13171142,-1.0417114,-2.8917115,1.3282886,1.8482885,0.40828857,4.5382886
3.3182886,2.9382887,1.9082886,-0.7817114,-0.3317114,-2.1017115,2.1282885,-0.6317114,-3.7417114,1.0682886,-0.24171142,-0.8417114,-1.2917114,-1.8017114,-2.1017115,-2.0517113,-1.3717114,0.40828857,-1.0717114,-1.6617115,-1.4617114,-1.1017114,1.2482886,2.7782886,3.8882885,5.0382886,4.7582884,2.5282886,3.6682885,6.1782885,6.2682886,11.728289,4.2082887,4.108289,2.3382885,0.56828856,0.26828858,1.4182886,-1.6317115,-0.86171144,-1.8717114
-2.5117114,1.4082886,0.9682886,-0.27171144,-0.38171142,0.06828857,-0.26171142,-1.1317115,-2.8817115,-0.6917114,-2.5417113,-2.6017115,-1.9117115,-1.8217114,-2.1817114,-1.3917115,-2.1217115,-2.0717115,-1.2217114,-0.041711427,0.23828858,-0.15171142,2.2982886,3.1582885,4.2882886,6.7282887,5.8482885,4.7582884,5.818289,8.8882885,6.0382886,9.818289,9.718288,4.0782886,6.1282887,3.4582887,-2.0217113,1.6382886,1.8782886,0.83828855,0.48828858
-2.4317114,-2.2317114,2.3782885,0.68828857,-1.0117115,0.87828857,-1.9917114,-3.3117113,-1.6817114,-1.0717114,-1.4617114,-1.5217115,-1.7017114,-2.0117114,-2.4917114,-4.0217113,-3.8017113,-2.8617115,-3.1717114,-3.1817114,-2.1117115,-3.5917115,-0.6917114,1.3882886,5.318289,3.6082885,1.0182886,0.7982886,0.058288574,11.848289,12.6382885,6.3482885,3.9082885,3.3782885,2.5882885,1.3582885,1.0882885,-2.1917114,0.62828857,4.4582887,3.0782886
-2.3217115,-0.7817114,0.3882886,1.4482886,1.5782886,0.7182886,-0.55171144,-1.1817114,-1.5517114,-0.56171143,0.13828857,-0.21171142,-0.9717114,-2.2517114,-2.3617115,-2.7117114,-2.9317114,-2.8817115,-3.0617113,-3.4817114,-3.7017114,-3.1717114,-4.0117116,-2.7517114,0.62828857,2.8882885,0.42828858,-5.2017117,-1.4417114,0.22828858,1.6282886,1.6582886,1.0682886,2.6382885,4.0082884,1.7082886,1.0982885,3.1982887,2.1282885,1.7782886,0.89828855
-4.2517114,-4.661711,-3.1817114,-2.5017114,-1.2617115,0.088288575,0.6782886,-0.79171145,-0.46171144,0.24828857,-0.08171143,-1.2117114,-1.1517115,-1.9217114,-2.7917113,-3.0917115,-4.3717113,-5.0117116,-2.5017114,-3.4017115,-3.2817113,-3.2317114,-3.2717113,-3.2517114,-3.0017114,-0.7017114,-2.2317114,-2.9717114,-4.6117115,-5.5417113,-4.1117115,-3.4517114,-2.4517114,0.49828857,1.0082886,-0.45171142,0.70828855,2.4782887,2.5582886,1.7982886,0.76828855
-2.9717114,-2.0417113,-2.0417113,-1.6517115,-1.2317114,-0.45171142,-0.74171144,-0.07171143,-0.20171143,1.2282885,-0.5217114,-0.8917114,-3.4917114,-3.6517115,-4.1717114,-5.1217113,-5.1217113,-3.9217114,-3.3317115,-3.4017115,-3.2317114,-3.0417113,-2.9717114,-2.9917114,-3.8517115,-4.641711,-3.8017113,-1.2617115,-3.5217113,-2.4717114,-1.0717114,-1.8317114,-2.0517113,-1.9817114,-0.31171143,0.57828856,0.25828856,-0.6317114,-1.0617114,-0.7017114,-0.25171143
-2.9717114,-3.1217115,-3.5417113,-1.8917115,-0.8417114,-0.6917114,-1.3117114,-0.99171144,-1.1017114,-1.5417114,-0.61171144,-1.2117114,-2.3817115,-3.4617114,-3.6217115,-3.8917115,-2.7517114,-3.8517115,-3.6817114,-3.6217115,-3.1617115,-3.1117115,-2.9517114,-3.1917114,-4.2117114,-4.3317113,-4.2617116,-4.1017113,-3.8617115,-3.4317114,-3.3017113,-3.1517115,-2.7617114,-2.7817113,-2.7917113,-2.0517113,-1.0717114,-1.9017115,-1.4317114,-1.0017114,-1.0217115
-2.1917114,-3.4317114,-3.4517114,-2.4317114,-2.0817115,-0.68171144,-0.74171144,-1.7217114,-0.55171144,-1.4317114,-1.8517114,-2.5417113,-1.4917114,-3.8417115,-4.3217115,-3.8117113,-3.6117115,-4.2317114,-3.1617115,-2.4817114,-3.2817113,-3.7817113,-3.3117113,-3.4917114,-3.5917115,-2.4917114,-2.8117113,-2.6917114,-2.4017115,-2.2317114,-3.4517114,-4.7617116,-4.931711,-4.2717113,-3.6317115,-3.1217115,-2.5017114,-1.1917114,-1.4117115,-1.2617115,-0.37171143
