wind_kz.json
{"header": {"discipline":0,"disciplineName":"Meteorological products","gribEdition":2,"gribLength":1025,"center":7,"centerName":"US National Weather Service - NCEP(WMC)","subcenter":0,"refTime":"2023-09-23T00:00:00.000Z","significanceOfRT":1,"significanceOfRTName":"Start of forecast","productStatus":0,"productStatusName":"Operational products","productType":1,"productTypeName":"Forecast products","productDefinitionTemplate":0,"productDefinitionTemplateName":"Analysis/forecast at horizontal level/layer at a point in time","parameterCategory":2,"parameterCategoryName":"UnknownDiscipline_0_Category_2","parameterNumber":3,"parameterNumberName":"UnknownParameter_D0_C2_3","parameterUnit":"Unknown","genProcessType":2,"genProcessTypeName":"Forecast","forecastTime":300,"surface1Type":103,"surface1TypeName":"Specified height level above ground","surface1Value":10.0,"surface2Type":255,"surface2TypeName":"Missing","surface2Value":0.0,"gridDefinitionTemplate":0,"gridDefinitionTemplateName":"Latitude_Longitude","numberPoints":615,"shape":6,"shapeName":"Earth spherical with radius of 6,371,229.0 m","gridUnits":"degrees","resolution":48,"winds":"true","scanMode":64,"nx":41,"ny":15,"basicAngle":0,"lo1":47.0,"la1":41.0,"lo2":87.0,"la2":55.0,"dx":1.0,"dy":1.0}, "data":
[rows 0 to 14 of 15, columns 0 to 40 of 41]
1.5466119,0.70661193,-2.7433882,-8.653388,-8.993388,-7.4133883,-6.993388,-3.633388,-2.893388,-2.073388,-0.5933881,-0.64338803,-1.043388,-0.9733881,-0.5833881,-1.7033881,-3.123388,-2.143388,-1.893388,-1.3133881,-3.5133882,-2.0433881,-1.1033881,0.93661195,2.336612,1.736612,0.63661194,1.4266119,0.24661194,-2.483388,-2.203388,2.596612,-1.903388,-0.18338805,-0.12338806,-1.633388,-3.213388,-2.183388,-2.343388,-1.003388,-1.8333881
1.0566119,-2.2833881,-8.223388,-9.603388,-9.143388,-10.123388,-7.383388,-6.023388,-4.513388,-3.5233881,-1.6933881,-0.41338807,-0.48338807,-1.1033881,-0.69338804,-0.68338805,-1.633388,-0.86338806,-0.93338805,-0.40338805,-1.253388,-2.2733881,-3.333388,0.95661193,3.2366118,2.386612,0.45661193,2.046612,0.13661194,-0.33338806,-0.12338806,-0.09338806,0.15661193,-3.943388,-2.453388,3.096612,1.206612,1.3066119,1.086612,-0.5333881,0.25661194
-2.333388,-4.243388,-5.973388,-7.303388,-8.543388,-7.203388,-7.343388,-5.683388,-2.423388,-0.25338805,-0.11338806,-1.7133881,-1.7033881,-2.7933881,-1.493388,-2.603388,-2.643388,-2.7833881,0.98661196,-0.8433881,0.30661193,0.8466119,-1.0533881,-0.04338806,-2.383388,0.38661194,-0.75338805,-1.903388,-1.5533881,-0.44338807,2.2466118,-0.82338804,-0.033388063,1.2666119,-0.16338806,1.0466119,0.23661193,-2.823388,0.17661195,-0.34338805,-1.143388
-2.213388,-4.9133883,-5.103388,-6.013388,-4.9133883,-7.433388,-5.633388,-5.533388,-3.643388,-0.40338805,1.1966119,-0.6533881,-1.503388,-2.0233881,-3.413388,-2.7933881,-1.8433881,-2.123388,-0.7233881,2.7066119,0.6566119,1.856612,-1.5533881,0.20661193,0.27661192,0.02661194,0.47661194,0.70661193,0.8366119,2.096612,3.786612,0.7166119,-0.023388062,-1.753388,-0.8333881,0.31661195,-0.69338804,1.3166119,-0.28338805,-1.023388,-1.633388
-5.173388,-4.313388,-3.0033882,-2.553388,-3.433388,-6.303388,-6.283388,-4.343388,-3.563388,-1.033388,1.0166119,-0.39338806,2.626612,0.35661194,-1.0733881,-0.86338806,-1.4533881,-0.36338806,0.5366119,0.87661195,0.54661196,0.9766119,0.82661194,0.9166119,0.68661195,-0.24338806,-0.40338805,0.9766119,0.23661193,-0.54338807,-2.323388,-3.2933881,-0.38338807,1.4266119,-0.17338806,0.6566119,0.67661196,-1.4333881,-1.493388,-0.51338804,-0.51338804
-5.133388,-4.773388,-4.693388,-5.673388,-3.723388,-4.103388,-4.1233883,-3.173388,-2.313388,0.55661196,3.4766119,2.336612,3.576612,2.306612,-0.39338806,1.346612,0.44661194,0.06661194,1.9066119,2.4766119,1.4466119,1.3866119,1.456612,1.976612,1.7866119,0.93661195,-1.4733881,-5.213388,0.23661193,-1.3233881,-3.4933882,-4.133388,-2.083388,-3.313388,0.17661195,5.206612,-1.173388,4.146612,4.186612,1.246612,0.04661194
-5.343388,-4.263388,-5.283388,-5.1633883,-5.273388,-5.323388,-5.283388,-5.063388,-3.123388,1.966612,3.156612,4.326612,5.436612,4.636612,3.806612,2.086612,0.8966119,2.116612,2.436612,2.526612,1.9066119,1.9466119,1.986612,2.176612,2.616612,2.596612,3.316612,3.686612,3.036612,1.966612,-0.17338806,-0.5833881,-0.89338803,-1.393388,0.36661193,0.70661193,-0.47338808,-2.443388,-1.3533881,0.94661194,-1.523388
-5.343388,-5.023388,-4.773388,-4.523388,-3.903388,-3.853388,-3.593388,-5.243388,0.62661195,2.416612,4.5866117,5.986612,6.306612,5.486612,4.8566117,4.456612,3.4566119,3.146612,2.4866118,3.326612,2.566612,2.606612,2.106612,2.426612,2.536612,2.366612,2.136612,1.2866119,0.54661196,0.09661194,-0.43338805,-1.893388,-3.2533882,-3.943388,-1.3433881,-0.5833881,-0.5233881,-0.16338806,1.706612,0.37661195,-0.74338806
-5.843388,-5.763388,-4.783388,-3.843388,-3.333388,-3.2633882,-3.063388,-1.7333881,0.44661194,0.6566119,5.136612,5.816612,7.276612,6.5866117,6.016612,5.436612,5.156612,3.796612,2.9966118,3.606612,3.186612,2.2066119,2.526612,2.106612,1.706612,1.246612,1.716612,1.5566119,1.606612,0.81661195,-0.80338806,-1.5833881,-1.663388,-2.5133882,-3.153388,-3.173388,0.79661196,-1.883388,-1.5533881,-1.623388,-2.163388
-6.363388,-5.523388,-3.593388,-2.2633882,0.33661193,-1.0733881,-2.0233881,0.87661195,-0.7133881,6.1066117,8.086612,5.806612,7.136612,7.6066117,7.236612,5.986612,5.706612,4.256612,3.776612,3.0066118,4.076612,3.7266119,2.366612,1.856612,1.8866119,0.73661196,0.116611935,0.01661194,-0.13338806,-0.11338806,0.9066119,-0.28338805,-1.293388,-2.223388,-2.113388,-1.533388,-0.14338806,-0.24338806,-1.423388,0.17661195,-1.2233881
-6.253388,-5.313388,-4.803388,-2.633388,-1.123388,1.326612,2.9866118,3.396612,2.7366118,4.466612,7.116612,3.186612,4.656612,8.256612,7.076612,6.256612,6.226612,4.436612,4.006612,4.176612,3.0066118,3.086612,3.166612,3.116612,2.566612,1.616612,1.5566119,0.73661196,0.02661194,1.1366119,0.86661196,0.37661195,-1.253388,-1.523388,-2.813388,-2.933388,-1.6933881,-0.45338807,-1.7033881,-0.8533881,-0.47338808
-6.193388,-6.133388,-5.4133883,-2.7433882,-3.733388,2.336612,2.316612,0.17661195,3.7166119,5.986612,7.826612,3.886612,5.496612,7.366612,7.176612,6.996612,6.046612,4.686612,4.056612,4.286612,3.306612,2.166612,2.2266119,2.096612,2.376612,2.326612,1.596612,2.626612,1.9166119,2.066612,1.6666119,1.086612,0.17661195,-1.6133881,-0.68338805,-1.7233881,-1.513388,-1.123388,0.18661194,-0.43338805,-0.7133881
-4.063388,-5.533388,-5.803388,-4.943388,-6.003388,-2.593388,-1.8033881,-4.063388,3.036612,6.276612,4.116612,5.776612,8.526612,7.3766117,7.246612,5.8566117,5.696612,4.746612,2.9866118,4.3366117,3.4566119,3.356612,2.876612,2.4966118,2.646612,2.7466118,2.2066119,2.106612,2.336612,2.376612,2.7366118,1.9066119,1.126612,-0.88338804,0.30661193,0.26661193,0.38661194,0.19661194,0.34661195,-0.09338806,-0.8433881
-4.763388,-4.543388,-6.203388,-5.323388,-5.453388,-3.333388,-1.3633881,-3.883388,0.01661194,5.1266117,5.746612,1.6666119,6.3366117,6.826612,6.716612,6.216612,5.046612,4.556612,5.206612,3.4666119,4.636612,2.7166119,3.766612,3.876612,3.416612,3.376612,3.176612,2.436612,2.676612,2.516612,2.876612,2.7366118,2.2366118,2.166612,1.076612,1.1366119,1.0166119,0.9666119,0.09661194,0.68661195,0.9766119
-3.673388,-5.273388,-6.813388,-4.583388,-4.243388,-3.683388,-3.463388,-1.163388,-3.2433882,3.426612,2.936612,4.526612,4.546612,1.9466119,6.176612,6.016612,5.556612,5.256612,4.296612,4.146612,3.176612,3.126612,1.626612,2.316612,2.9666119,3.046612,3.306612,2.7566118,2.2266119,2.0066118,3.076612,2.4566119,2.4766119,2.596612,2.326612,2.046612,2.7566118,1.5266119,1.996612,1.336612,1.346612
