wind_kz.json
{"header": {"discipline":0,"disciplineName":"Meteorological products","gribEdition":2,"gribLength":1025,"center":7,"centerName":"US National Weather Service - NCEP(WMC)","subcenter":0,"refTime":"2024-02-02T18:00:00.000Z","significanceOfRT":1,"significanceOfRTName":"Start of forecast","productStatus":0,"productStatusName":"Operational products","productType":1,"productTypeName":"Forecast products","productDefinitionTemplate":0,"productDefinitionTemplateName":"Analysis/forecast at horizontal level/layer at a point in time","parameterCategory":2,"parameterCategoryName":"UnknownDiscipline_0_Category_2","parameterNumber":3,"parameterNumberName":"UnknownParameter_D0_C2_3","parameterUnit":"Unknown","genProcessType":2,"genProcessTypeName":"Forecast","forecastTime":60,"surface1Type":103,"surface1TypeName":"Specified height level above ground","surface1Value":10.0,"surface2Type":255,"surface2TypeName":"Missing","surface2Value":0.0,"gridDefinitionTemplate":0,"gridDefinitionTemplateName":"Latitude_Longitude","numberPoints":615,"shape":6,"shapeName":"Earth spherical with radius of 6,371,229.0 m","gridUnits":"degrees","resolution":48,"winds":"true","scanMode":64,"nx":41,"ny":15,"basicAngle":0,"lo1":47.0,"la1":41.0,"lo2":87.0,"la2":55.0,"dx":1.0,"dy":1.0}, "data":
[rows 0 to 14 of 15, columns 0 to 40 of 41]
-2.7787452,-0.4687451,0.23125488,7.371255,4.661255,3.381255,3.361255,3.0212548,2.841255,2.5012548,3.581255,4.811255,4.911255,4.5712547,4.871255,5.411255,5.771255,1.8712549,0.7112549,0.6512549,3.831255,2.1812549,-0.20874512,0.111254886,0.7112549,-0.8887451,-0.9687451,-0.39874512,0.8512549,2.2412548,1.9712548,0.7712549,-0.7887451,-0.38874513,0.07125488,0.0012548828,-0.9287451,0.021254882,-0.11874512,0.36125487,1.1712549
6.061255,-1.3587451,3.291255,2.7212548,2.0312548,1.2212548,2.141255,4.241255,4.081255,5.331255,4.0912547,5.471255,5.561255,4.981255,4.191255,4.351255,3.121255,0.69125485,2.7312548,3.151255,3.591255,-0.048745118,-0.5987451,0.9112549,2.041255,2.0112548,0.8312549,0.6012549,-0.56874514,2.071255,1.1512549,4.461255,1.5312549,0.3412549,0.29125488,0.68125486,0.7012549,1.4812549,0.7912549,1.7212548,0.5112549
-0.32874513,-2.138745,1.3912549,2.331255,0.7712549,1.2912549,0.15125488,0.6012549,2.601255,3.811255,5.851255,6.641255,5.5912547,5.961255,4.251255,4.461255,4.761255,4.4012547,4.1312547,3.1912549,2.581255,0.94125485,-0.12874512,0.4712549,0.6112549,-0.08874512,-0.5787451,-0.6187451,0.081254885,-0.07874512,1.4012549,1.8612549,1.9312549,0.021254882,0.9712549,-0.7987451,1.3812549,1.5312549,-0.15874511,1.6412549,2.2312548
2.5312548,1.0112549,0.56125486,3.6912549,2.871255,1.2512549,0.7712549,1.7612549,2.361255,4.331255,5.171255,6.241255,8.541255,9.021255,5.251255,4.731255,4.161255,3.7512548,3.9712548,3.9812548,4.511255,2.311255,1.1212549,1.1812549,1.7612549,0.74125487,0.6012549,-1.4687451,1.4812549,4.0512547,2.791255,0.15125488,-0.16874512,0.5112549,0.35125488,-0.33874512,0.8812549,2.081255,-1.1087451,-1.3387451,-1.1987451
3.101255,4.8612547,6.041255,5.081255,4.871255,4.371255,3.151255,2.6812549,2.611255,4.621255,6.1512547,5.751255,7.8812547,8.781255,8.481255,5.911255,5.161255,4.6312547,4.871255,4.501255,1.7612549,1.6012549,0.7712549,1.6612549,1.4112549,0.74125487,0.111254886,-1.7687451,-0.028745117,1.3612549,0.7112549,-0.56874514,-0.24874511,0.99125487,0.051254883,0.55125487,1.1912549,-0.3187451,-1.1287451,-0.5287451,0.4312549
5.3212547,3.791255,3.0212548,5.491255,5.791255,4.781255,4.8012547,3.7812548,4.351255,4.201255,6.041255,6.331255,8.531255,10.021255,7.251255,6.5712547,6.0512547,5.701255,5.971255,6.291255,4.971255,3.4212549,3.561255,2.821255,1.5912548,1.0812548,-0.008745117,-1.8687451,-0.8487451,-0.7887451,-0.93874514,0.56125486,0.45125487,-0.8487451,-1.1187451,6.1312547,-0.12874512,1.8912549,-0.4787451,-0.008745117,-0.5887451
3.871255,3.2312548,3.5112548,3.2812548,4.441255,4.481255,4.951255,5.221255,5.851255,6.161255,5.6512547,6.311255,6.231255,7.061255,7.6512547,6.781255,7.0712547,6.411255,5.741255,6.3412547,6.521255,5.641255,4.771255,4.491255,3.2212548,1.3112549,0.19125488,-0.4087451,-1.4687451,-0.21874511,0.2512549,0.2812549,-2.8087451,1.3312548,0.36125487,-0.42874512,-0.6787451,1.6312549,1.3612549,0.94125485,1.1012549
3.9812548,3.831255,4.041255,4.6512547,3.361255,3.841255,3.9312549,6.391255,6.8612547,7.1312547,7.791255,7.641255,6.8812547,6.8412547,7.441255,8.491255,8.441255,7.8012547,7.891255,7.3212547,6.001255,6.471255,5.671255,5.8412547,5.221255,4.121255,3.311255,1.5512549,1.2212548,-0.4387451,0.32125488,0.3112549,1.4412549,2.381255,0.3712549,-0.24874511,-0.058745116,0.6512549,-0.80874515,1.5012549,1.5812548
4.461255,4.101255,3.301255,3.2312548,3.5112548,4.031255,4.271255,6.191255,5.711255,6.291255,8.131255,8.941255,8.301255,7.511255,8.081255,8.721255,9.171255,8.401255,8.401255,8.121255,5.8012547,6.211255,6.8612547,6.6512547,6.8412547,5.641255,4.751255,4.1312547,3.651255,2.4612548,3.621255,4.791255,3.311255,5.601255,3.081255,4.261255,-0.18874511,0.21125488,1.4112549,1.0312549,0.5312549
4.241255,4.1312547,4.0912547,3.601255,3.371255,2.581255,3.121255,4.0912547,5.731255,7.5712547,8.5612545,9.291255,10.161255,9.491255,9.851254,9.451255,9.181255,9.131255,9.111255,8.801255,7.971255,7.061255,6.8212547,7.201255,6.761255,6.701255,6.461255,5.281255,4.6512547,3.621255,3.591255,4.5712547,5.871255,5.041255,5.191255,1.2112548,1.8312548,0.6612549,1.3712549,1.4712548,3.301255
3.411255,3.611255,3.631255,3.301255,3.2112548,3.111255,2.851255,2.561255,2.861255,5.331255,6.641255,7.701255,9.791255,10.111255,11.321255,10.8112545,10.701255,10.391254,9.571255,9.191255,8.891254,7.5712547,7.191255,7.891255,6.3612547,6.761255,5.8012547,6.0512547,5.971255,2.5212548,4.1512547,3.4312549,4.3412547,5.281255,5.9012547,2.4512548,2.901255,2.7812548,3.0112548,2.2012548,1.8312548
2.901255,3.2612548,3.631255,3.7612548,3.4312549,3.611255,2.821255,2.631255,3.041255,3.0212548,4.991255,5.971255,7.481255,9.341255,9.741255,10.761255,11.3112545,11.551255,11.281255,10.441255,10.051255,8.621255,8.161255,7.251255,6.751255,6.661255,7.371255,5.811255,5.981255,5.0712547,4.3212547,4.0512547,4.261255,4.681255,4.781255,4.961255,3.4612548,0.7912549,-0.3187451,-1.2187451,-1.1087451
2.1912549,2.6812549,3.611255,3.4212549,3.9212549,2.9812548,3.301255,3.2012548,4.481255,3.911255,1.5012549,3.601255,6.6312547,7.271255,8.681255,9.191255,9.8112545,9.651255,10.261255,9.391254,10.011255,9.451255,9.231255,8.8112545,8.251255,7.431255,7.0712547,5.8012547,5.431255,4.721255,4.731255,4.771255,4.121255,4.3412547,4.451255,4.6312547,4.271255,2.591255,3.0212548,2.351255,1.6612549
3.661255,3.1812549,2.861255,4.201255,3.5312548,4.8212547,4.761255,4.421255,4.3212547,4.101255,2.661255,2.6712549,4.891255,7.031255,7.561255,7.9012547,8.421255,9.421255,9.501255,9.521255,9.291255,8.971255,8.351254,7.671255,6.141255,6.6512547,5.951255,5.741255,5.281255,5.491255,5.451255,5.171255,5.011255,5.1112547,4.191255,4.781255,3.9912548,3.901255,3.7512548,3.121255,4.001255
2.9412549,3.161255,3.641255,4.3012547,5.451255,5.351255,4.931255,4.8812547,4.3212547,3.381255,2.7112548,3.111255,2.161255,2.7412548,6.8812547,7.311255,7.851255,8.771255,9.341255,8.941255,8.741255,8.461255,7.811255,7.441255,6.751255,6.061255,5.731255,5.431255,4.891255,4.731255,4.771255,5.0512547,4.621255,4.8212547,4.941255,4.811255,5.101255,5.001255,4.281255,4.931255,3.9412549
