wind_kz.json
{"header": {"discipline":0,"disciplineName":"Meteorological products","gribEdition":2,"gribLength":1102,"center":7,"centerName":"US National Weather Service - NCEP(WMC)","subcenter":0,"refTime":"2023-09-10T18:00:00.000Z","significanceOfRT":1,"significanceOfRTName":"Start of forecast","productStatus":0,"productStatusName":"Operational products","productType":1,"productTypeName":"Forecast products","productDefinitionTemplate":0,"productDefinitionTemplateName":"Analysis/forecast at horizontal level/layer at a point in time","parameterCategory":2,"parameterCategoryName":"UnknownDiscipline_0_Category_2","parameterNumber":3,"parameterNumberName":"UnknownParameter_D0_C2_3","parameterUnit":"Unknown","genProcessType":2,"genProcessTypeName":"Forecast","forecastTime":0,"surface1Type":103,"surface1TypeName":"Specified height level above ground","surface1Value":10.0,"surface2Type":255,"surface2TypeName":"Missing","surface2Value":0.0,"gridDefinitionTemplate":0,"gridDefinitionTemplateName":"Latitude_Longitude","numberPoints":615,"shape":6,"shapeName":"Earth spherical with radius of 6,371,229.0 m","gridUnits":"degrees","resolution":48,"winds":"true","scanMode":64,"nx":41,"ny":15,"basicAngle":0,"lo1":47.0,"la1":41.0,"lo2":87.0,"la2":55.0,"dx":1.0,"dy":1.0}, "data":
[rows 0 to 14 of 15, columns 0 to 40 of 41]
1.9004126,-0.2495874,1.1504126,-12.479588,-12.399588,-10.319588,-7.5795875,-5.9195876,-3.2695875,-3.6595874,-4.1495876,-6.1695876,-4.7795873,-3.2495873,3.8104126,3.0904126,2.2804127,-0.5295874,-1.9095874,-0.9895874,-1.1095874,-2.9995873,0.040412597,-2.3695874,-2.6995873,-2.1095874,-1.9895874,2.4504125,-0.3495874,0.1304126,1.3204126,1.2004126,0.1704126,-1.8995874,-2.8695874,-3.0295875,-2.0595875,-1.7695874,-1.4495873,-1.6095874,0.9904126
2.8704126,1.2604126,-13.929587,-15.139587,-13.479588,-12.939588,-8.539587,-5.4695873,-1.8495874,0.2304126,-1.5295874,-2.0695875,-2.0395875,-0.5395874,4.2004128,4.2604127,3.7504127,1.2804126,-0.7595874,-1.4595875,-2.0795875,-3.0995874,-1.2295874,2.3104126,1.5104126,2.3004127,-2.5095873,3.3304126,0.2204126,2.1904125,4.6504126,5.7804127,1.5404125,-0.49958742,-0.3895874,-1.8995874,-1.4395874,-3.0495875,-1.4695874,-1.9995874,0.4104126
-1.4795874,-10.529588,-10.979588,-11.539587,-12.259587,-8.389587,-6.6495876,-6.089587,-0.8795874,2.6204126,1.8504126,-0.3295874,1.3204126,-1.6695874,4.910413,4.1704125,3.9704125,2.8604126,1.0104126,-0.5495874,0.3204126,-1.5895875,-1.2895874,0.64041257,-0.1295874,-0.2795874,1.2404126,1.9604126,-1.7395874,1.4604126,2.9204125,-1.2495874,0.3804126,-1.2695874,-0.7295874,3.8404126,4.7004128,0.5004126,0.6204126,0.2004126,1.5604126
-1.7895874,-5.4795876,-8.789587,-10.179587,-10.279588,-5.7095876,-6.859587,-4.8095875,-4.6595874,3.7304125,4.180413,6.1704125,9.2304125,3.2804127,-0.8095874,-1.9095874,-1.2695874,1.8204126,0.4004126,0.2904126,2.5904126,1.9204125,2.3204126,0.5504126,-0.019587403,0.1304126,-1.4295874,-1.5595874,-0.2095874,-0.7595874,-2.5995874,1.1104126,-2.2795875,0.6604126,-0.1895874,-3.4395874,-0.8995874,3.5204127,1.8704126,0.8604126,1.3204126
-1.3395875,-5.3295875,-7.4595876,-10.239588,-11.109588,-11.209587,-4.339587,-3.8495874,-4.6195874,-1.2895874,8.370413,12.660413,13.090412,7.2704124,1.8204126,-3.9295874,-6.7195873,-1.3195873,0.1904126,-0.8395874,0.9004126,-0.1995874,-1.1395874,-1.1095874,-0.8895874,0.030412598,0.4604126,-0.85958743,-2.5295875,-1.3495874,-2.0395875,-0.3495874,2.8204126,3.5404127,-1.0095874,-1.7095875,0.090412594,-3.0495875,-2.0995874,1.6004126,0.2004126
-1.3195873,-0.2895874,-5.4595876,-9.709587,-9.649588,-5.0595875,-4.4495873,-7.4895873,-9.029588,-9.469587,-0.5395874,-1.4095874,2.2204125,5.5504127,3.7604127,4.120413,4.0104127,2.4504125,-0.5295874,0.5304126,-0.9095874,-0.7195874,-1.1195874,-0.8795874,-1.4395874,-1.0895875,1.4304127,4.1259767E-4,-0.5295874,-1.4795874,-1.0095874,-1.8495874,-2.5595875,-2.5495875,1.3904126,-0.2695874,3.4904127,3.4004126,-0.4495874,-2.3495874,-1.6495874
-3.1095874,-2.3595874,-5.339587,-1.8895874,-4.5595875,-3.0795875,-2.8495874,-7.879587,-3.4195874,-6.0095873,-4.9995875,-2.6395874,-3.4195874,0.8104126,2.9604125,1.7404126,8.660413,-0.1195874,2.0804126,0.030412598,-0.8995874,-2.9595873,-2.9695873,-2.3895874,-2.2095873,-1.2895874,-2.4995873,-2.9895873,0.4404126,0.4604126,0.2004126,-1.7795874,-2.2295873,-4.7195873,-2.8495874,-1.1795874,-2.4295874,-0.9495874,1.3204126,-0.3795874,1.1804127
-1.4295874,-1.6895874,-4.8295875,-6.4495873,-6.1195874,-1.6795874,-3.5195875,-2.3095875,-3.6695874,-1.7895874,0.090412594,2.5204127,-0.9195874,-2.4395874,-6.5295873,-1.1895874,-3.8795874,-3.0595875,0.2404126,1.7304126,-0.2395874,-2.6195874,-3.7095873,-3.3095875,-3.2195873,-1.7295874,-1.7195874,-2.6295874,-2.1895874,-0.3395874,-0.1395874,-0.3695874,0.4204126,-1.2595874,-1.6495874,-0.6395874,-0.5495874,-2.0595875,-1.5695873,-0.2695874,-2.1395874
-3.3695874,-2.0995874,-3.5695875,-3.1995873,-4.629587,-4.5095873,-0.4295874,-0.6795874,-1.9095874,-1.1695874,0.1104126,2.8504126,5.620413,5.9204125,3.0904126,-3.2395873,-4.3495874,-3.0395875,-2.2395873,-0.0395874,-0.2195874,-1.8095874,-3.5395875,-3.1195874,-3.6695874,-3.3195875,-1.9995874,-1.8295875,-1.9595875,-2.0195875,-2.3695874,0.6204126,2.8104126,1.8704126,3.9204125,3.3004127,-0.5195874,2.3704126,2.0304127,0.5304126,-1.5495874
-4.2095876,-4.609587,-2.9195874,-4.3895874,-3.1295874,-3.4995873,-3.0795875,-4.839587,-1.7795874,0.3104126,-1.3295875,0.030412598,-2.6595874,1.4104125,3.8904126,1.9804126,3.9604125,0.7204126,-0.5995874,0.4704126,0.1104126,0.4704126,-1.1195874,-3.0295875,-3.3095875,-3.3795874,-2.5895875,-3.1595874,-1.8595874,-4.129587,-0.009587402,-0.7295874,-2.1995873,7.180413,3.9704125,3.5104127,0.6204126,-1.0095874,0.2004126,3.8304126,2.5804126
-3.7795875,-4.109587,-3.0695875,-3.2395873,-3.4995873,-3.3395875,-2.5295875,-1.7095875,-1.5795875,-2.9895873,-0.2295874,-0.2895874,-1.6495874,-0.049587402,0.3204126,4.2704124,4.7004128,4.370413,1.6104126,0.6204126,0.7604126,0.3904126,-1.2695874,-2.3695874,-2.7195873,-2.9595873,-2.5095873,-4.4295874,-5.4395876,-1.8295875,-1.9595875,-0.2995874,-1.2995874,-0.9095874,4.930413,1.7904125,1.2804126,2.3004127,1.2604126,1.4304127,0.6804126
-3.1695874,-6.109587,-4.0195875,-2.8395875,-3.9395874,-5.4295874,-3.0795875,-1.5095874,-0.1295874,-0.089587405,-0.2195874,-0.2195874,-1.4495873,-2.0295875,1.2204126,-1.2795874,0.4904126,4.0204124,3.4104125,2.7104125,1.8504126,0.9804126,-0.9695874,-1.1495874,-3.2295873,-4.1395874,-4.7295876,-4.7995872,-3.5895875,-4.089587,-3.6095874,-1.5795875,-2.0095873,-1.9595875,-1.0395874,-2.4595873,-0.5495874,1.1204126,1.8804126,1.6004126,1.2004126
-2.5795875,-3.7795875,-3.3995874,-3.5695875,-4.0595875,-3.5195875,-3.2695875,-2.4795873,-0.2295874,0.5904126,0.020412598,0.5404126,1.8304126,2.4404125,2.4804125,2.5204127,1.8304126,-0.9495874,1.3004127,0.5304126,1.3004127,1.2104126,0.5804126,-0.2495874,-3.1295874,-3.8595874,-5.9395876,-5.3895874,-0.7195874,-2.2695875,-2.5295875,-2.2095873,-2.3995874,-3.5995874,-2.0295875,-1.5395874,-1.1695874,-1.0095874,-1.8295875,-1.7095875,-0.6595874
-3.7795875,-3.4095874,-3.8195875,-3.8295875,-4.4295874,-3.3995874,-4.5095873,-4.1995873,-3.5295875,-2.9295874,0.5004126,0.4204126,-0.3095874,0.6604126,2.8004127,3.7404127,1.7204126,2.3104126,1.8104126,0.4804126,0.9104126,0.8604126,-0.49958742,-1.7395874,-2.8095875,-3.5295875,-4.7195873,-1.8795874,-1.2195874,-1.6595874,-1.7195874,-1.1895874,-0.9795874,-1.2195874,-2.1595874,-1.8395875,-1.7795874,-1.7395874,-1.8095874,-1.5195874,-1.6195874
-2.6795874,-4.4095874,-6.0295873,-4.109587,-2.9295874,-3.4695873,-4.0195875,-3.5895875,-4.5195875,-3.9395874,-2.4195874,-3.1095874,-0.5195874,4.1259767E-4,0.8604126,3.0304127,1.7904125,1.4304127,1.0504127,2.2304125,1.0604126,-1.0695873,-2.4495873,-1.2895874,-2.0695875,-1.7795874,-0.3795874,-2.2995875,-1.9495873,-2.1695874,-2.5795875,-1.8795874,-0.7995874,-0.8995874,-1.1495874,-2.0795875,-1.6495874,-0.9895874,-1.4795874,-2.7095873,-0.8695874
