wind_kz.json
{"header": {"discipline":0,"disciplineName":"Meteorological products","gribEdition":2,"gribLength":1025,"center":7,"centerName":"US National Weather Service - NCEP(WMC)","subcenter":0,"refTime":"2023-09-19T18:00:00.000Z","significanceOfRT":1,"significanceOfRTName":"Start of forecast","productStatus":0,"productStatusName":"Operational products","productType":1,"productTypeName":"Forecast products","productDefinitionTemplate":0,"productDefinitionTemplateName":"Analysis/forecast at horizontal level/layer at a point in time","parameterCategory":2,"parameterCategoryName":"UnknownDiscipline_0_Category_2","parameterNumber":3,"parameterNumberName":"UnknownParameter_D0_C2_3","parameterUnit":"Unknown","genProcessType":2,"genProcessTypeName":"Forecast","forecastTime":120,"surface1Type":103,"surface1TypeName":"Specified height level above ground","surface1Value":10.0,"surface2Type":255,"surface2TypeName":"Missing","surface2Value":0.0,"gridDefinitionTemplate":0,"gridDefinitionTemplateName":"Latitude_Longitude","numberPoints":615,"shape":6,"shapeName":"Earth spherical with radius of 6,371,229.0 m","gridUnits":"degrees","resolution":48,"winds":"true","scanMode":64,"nx":41,"ny":15,"basicAngle":0,"lo1":47.0,"la1":41.0,"lo2":87.0,"la2":55.0,"dx":1.0,"dy":1.0}, "data":
[rows 0 to 14 of 15, columns 0 to 40 of 41]
0.5441382,-1.7558618,3.0741382,0.21413818,0.2941382,0.27413818,-0.86586183,-1.0758618,-1.9258618,-1.6358619,-2.4858618,-2.9458618,-3.4658618,-4.485862,-4.555862,-4.735862,-6.5458617,-7.285862,-6.925862,-5.2558618,-6.6458616,-5.635862,-1.8558618,-1.8258618,-1.2158618,0.3841382,-0.6358618,0.054138184,-0.3358618,-0.7558618,-2.865862,-4.735862,-0.13586181,-0.025861816,0.37413818,1.9141382,1.5641382,0.7841382,0.82413816,0.51413816,-0.4558618
3.174138,0.57413816,2.5341382,0.3841382,-1.0058618,0.114138186,-0.8958618,0.31413817,-0.8158618,-3.5558617,-3.6558619,-5.455862,-5.405862,-3.7458618,-5.015862,-4.885862,-5.985862,-7.385862,-8.275862,-4.6858616,-5.905862,-7.765862,-4.765862,1.6341382,0.114138186,-1.3558618,-2.8158617,-1.1358619,-0.91586185,-0.86586183,0.5441382,0.47413817,-2.1458619,-5.055862,-6.3958616,-0.6458618,-0.5058618,-2.5258617,-0.9658618,-2.8958619,4.8341384
2.1041381,4.844138,2.164138,1.6841382,1.4741381,0.6641382,-0.08586182,-0.3258618,-1.4158618,-3.2658617,-3.6558619,-4.015862,-4.7958617,-3.9458618,-4.5258617,-3.9558618,-4.3558617,-4.6858616,-5.655862,-5.725862,-3.2558618,-5.2758617,-7.245862,-3.6858618,-3.325862,-1.1158618,-1.4258618,-1.1358619,-1.1958618,0.044138182,1.8341382,0.94413817,1.3341382,-2.0258617,-0.10586181,1.1741382,-1.6458619,-2.115862,-0.54586184,-1.7558618,-1.8258618
2.674138,2.2541382,0.46413818,0.7541382,-0.11586182,-0.25586182,-0.055861816,1.3041382,1.2441382,-0.6858618,-2.7558618,-4.8358617,-6.1258616,-4.945862,-3.075862,-3.5358617,-4.4158616,-4.5258617,-5.3958616,-5.8158617,-5.6258616,-3.8058617,-0.27586183,-3.9058619,-4.455862,-4.485862,-4.0658617,-4.265862,-1.9458618,-2.5258617,-3.1458619,-4.1258616,-2.875862,2.5341382,-1.1158618,-3.6458619,-1.4158618,1.5741382,2.5541382,0.17413819,-2.0158617
-0.18586181,-0.14586182,0.46413818,0.5341382,-0.44586182,-0.3358618,-0.6558618,1.2141382,1.8141382,0.4241382,-1.0458618,-2.9158618,-5.455862,-4.885862,-4.175862,-3.335862,-2.9558618,-3.4458618,-4.015862,-5.485862,-5.475862,-2.9758618,-1.0058618,-2.0358617,-2.9258618,-3.355862,-4.485862,-4.575862,-2.7558618,-2.615862,-3.7158618,-3.615862,-1.3158618,-0.3558618,-0.045861818,-0.31586182,-6.385862,-2.4958618,-0.5158618,1.2041382,2.2041383
-0.24586181,-1.0858618,-0.37586182,-0.30586183,0.9741382,1.2641382,0.23413819,1.5741382,1.3741382,2.5341382,0.6041382,-1.7258618,-4.055862,-5.075862,-4.195862,-3.605862,-2.615862,-2.355862,-3.1358619,-3.7358618,-4.3158617,-4.465862,-3.2058618,-0.9658618,-0.5258618,-1.6058618,-2.2458618,-3.1558619,-3.355862,-1.3158618,-0.43586183,-2.7458618,-3.335862,-2.1358619,0.19413818,-4.225862,1.6541382,-3.4458618,-4.655862,1.0841382,5.6841383
0.7441382,0.124138184,0.18413818,0.8541382,0.83413815,0.9241382,1.3341382,0.69413817,0.3241382,0.004138184,-0.80586183,-0.9958618,-1.9558618,-2.9558618,-3.6758618,-4.455862,-3.9558618,-0.92586184,-1.3558618,-1.6658618,-2.7658617,-2.9258618,-3.375862,-3.2958617,-2.7058618,-3.2858617,-4.6458616,-3.115862,-2.9858618,-2.4958618,-2.1858618,-2.345862,-2.105862,-3.2058618,-4.1258616,-2.3958619,-3.6758618,-2.5158617,-3.4458618,-0.43586183,0.19413818
2.2341383,2.7341383,2.5441382,2.374138,2.5141382,2.924138,2.4741383,2.1141381,1.7841382,1.1741382,0.9341382,0.024138184,-1.2858618,-2.0558617,-3.095862,-3.0658617,-3.585862,-2.9458618,-0.7558618,-0.8758618,-2.0458617,-2.1958618,-2.085862,-1.6758618,-1.6358619,-1.1058618,-2.1358619,-2.4458618,-2.7658617,-2.5558617,-2.4158618,-0.91586185,-1.6658618,-1.8458618,-0.045861818,0.43413818,1.3541381,-2.7258618,-0.6558618,0.9641382,-1.4058619
1.0641382,1.6041381,1.1841382,0.40413818,0.024138184,0.47413817,0.2941382,2.4541383,2.5141382,1.7341381,1.6541382,0.9341382,0.044138182,-1.1058618,-1.7358618,-2.2558618,-2.075862,-2.075862,-1.2658619,-0.7858618,-0.44586182,-1.7858618,-1.9058619,-1.7658619,-1.7258618,-1.5958618,-1.4758618,-1.2658619,-1.0458618,-1.6358619,-2.5158617,-0.40586182,0.3941382,-0.3958618,-0.5858618,-1.3558618,-1.4458618,-1.5758618,-4.175862,-2.6658618,-3.105862
1.8241382,1.1941382,1.2941382,0.51413816,0.044138182,0.9141382,1.0141382,1.7041382,2.874138,1.2741382,2.1841383,1.8841382,2.0741382,1.6441382,0.5441382,-0.6558618,-1.0158619,-0.9558618,-0.7758618,-0.2658618,-0.5858618,-0.9658618,-1.4558618,-1.9858618,-1.7858618,-2.2758617,-2.0658617,-1.4858618,-1.6458619,-1.1658618,-1.2958618,0.23413819,0.9141382,0.6641382,0.28413817,0.9041382,-1.0458618,-2.5058618,-0.61586183,0.64413816,-0.13586181
1.6841382,1.2641382,0.69413817,0.33413818,-0.34586182,0.15413818,-0.055861816,-0.08586182,-0.16586182,2.7341383,2.3141382,2.0941381,2.654138,2.4341383,1.6241382,1.6641382,1.3041382,-0.0058618165,-0.025861816,-0.13586181,0.27413818,-0.49586183,-1.5558618,-1.2658619,-1.1958618,-1.4958618,-2.075862,-0.91586185,-1.2558618,-2.0158617,-3.4458618,-3.095862,-2.9658618,0.06413818,1.9041382,0.7341382,0.09413818,1.1441382,0.114138186,-0.54586184,-0.80586183
0.88413817,1.2841382,1.9341382,1.4141382,0.6041382,0.6541382,-0.045861818,-0.17586182,-1.7158618,-1.0258619,1.1941382,1.9841381,2.2341383,2.0041382,2.0841382,1.4841381,1.2841382,0.82413816,1.0041382,-0.14586182,-0.055861816,-0.8758618,-1.1658618,-1.1158618,-0.8458618,-0.5158618,0.114138186,-0.7458618,0.5941382,0.4541382,-0.055861816,-1.3158618,-0.8858618,-1.2958618,0.6641382,1.6941382,2.0941381,3.0941381,2.5141382,2.5641382,1.4041382
1.1041381,0.07413819,1.5841382,1.5341382,1.3341382,0.5941382,0.33413818,0.6741382,-0.5058618,-0.20586182,-0.27586183,1.0741382,2.9841383,1.9441382,2.154138,2.0041382,1.6041381,1.3341382,0.7341382,0.58413815,0.8141382,0.7441382,0.83413815,0.14413819,-1.1358619,0.5641382,-0.55586183,-0.9358618,1.2041382,1.8541381,1.9241382,0.27413818,0.054138184,0.3941382,1.5641382,-0.47586182,0.46413818,1.0441382,1.0741382,1.5541382,1.4041382
2.134138,1.9541382,2.4841383,0.69413817,1.5241382,2.3341382,1.4141382,1.1341382,1.4441382,0.7241382,0.57413816,-0.54586184,-0.66586185,1.4841381,0.8441382,0.94413817,1.3941382,1.4241382,1.0141382,0.82413816,0.6541382,0.88413817,0.63413817,0.2641382,0.06413818,-0.12586182,-0.5058618,-0.3358618,0.33413818,2.8141382,2.374138,1.4441382,1.1341382,2.664138,1.7541382,0.6741382,0.4841382,0.30413818,1.5241382,0.9041382,1.0241382
1.1841382,2.404138,3.0941381,1.3541381,1.9841381,2.2441382,1.0741382,2.154138,2.644138,1.8341382,0.7441382,1.5741382,1.8941382,-0.25586182,-0.7058618,-0.6258618,-0.37586182,-0.035861816,0.7241382,0.63413817,0.47413817,0.23413819,-0.045861818,-0.15586181,-0.035861816,-0.2658618,-0.3958618,-0.7658618,0.95413816,2.4341383,2.384138,1.4341382,1.4141382,2.5541382,2.1041381,0.9641382,1.0641382,2.4341383,1.2341381,0.43413818,1.2741382
