wind_kz.json
{"header": {"discipline":0,"disciplineName":"Meteorological products","gribEdition":2,"gribLength":1102,"center":7,"centerName":"US National Weather Service - NCEP(WMC)","subcenter":0,"refTime":"2023-09-06T18:00:00.000Z","significanceOfRT":1,"significanceOfRTName":"Start of forecast","productStatus":0,"productStatusName":"Operational products","productType":1,"productTypeName":"Forecast products","productDefinitionTemplate":0,"productDefinitionTemplateName":"Analysis/forecast at horizontal level/layer at a point in time","parameterCategory":2,"parameterCategoryName":"UnknownDiscipline_0_Category_2","parameterNumber":2,"parameterNumberName":"UnknownParameter_D0_C2_2","parameterUnit":"Unknown","genProcessType":2,"genProcessTypeName":"Forecast","forecastTime":300,"surface1Type":103,"surface1TypeName":"Specified height level above ground","surface1Value":10.0,"surface2Type":255,"surface2TypeName":"Missing","surface2Value":0.0,"gridDefinitionTemplate":0,"gridDefinitionTemplateName":"Latitude_Longitude","numberPoints":615,"shape":6,"shapeName":"Earth spherical with radius of 6,371,229.0 m","gridUnits":"degrees","resolution":48,"winds":"true","scanMode":64,"nx":41,"ny":15,"basicAngle":0,"lo1":47.0,"la1":41.0,"lo2":87.0,"la2":55.0,"dx":1.0,"dy":1.0}, "data":
[rows 0 to 14 of 15, columns 0 to 40 of 41]
0.43742675,-0.11257324,-0.29257324,-5.3525734,-7.482573,-4.732573,-6.922573,-8.532574,-9.522573,-4.7425733,-5.322573,-5.132573,-5.572573,-5.6425734,-4.7225733,-3.4925733,-3.1325731,-5.302573,-5.152573,-3.8925734,-1.5025733,-0.16257325,1.3774267,1.4774268,-0.89257324,-0.95257324,2.7274268,5.767427,3.1874268,3.7474267,7.3574266,3.1374269,3.7274268,0.49742675,-4.2925735,-3.2425733,0.11742676,1.8674268,0.7074268,-0.42257324,-1.8325733
-0.32257324,-3.1125731,-11.032574,-6.2925735,-4.092573,-5.672573,-7.002573,-9.242573,-6.302573,-5.2725735,-4.882573,-5.252573,-4.4725733,-5.6025734,-4.502573,-4.6625733,-3.6525733,-5.592573,-7.4325733,-5.8325734,-3.7625732,-2.1125731,1.8074268,3.4874268,1.0074267,0.12742676,1.2874267,2.6974268,3.8474267,2.4774268,1.0874268,1.8574268,-0.55257326,3.4074268,0.23742676,-0.44257325,0.9574268,2.0974267,4.387427,-1.7925732,-1.8725733
-1.0725732,-6.072573,-8.872573,-1.7025733,-2.8425732,-6.2725735,-6.8725734,-5.2925735,-6.3525734,-5.4325733,-5.5225735,-5.8525734,-6.0625734,-5.942573,-5.5225735,-5.422573,-6.5225735,-5.1225734,-3.3425732,-3.1125731,-7.802573,-10.892573,-7.402573,-8.682573,-3.2125733,-5.6625733,-4.4925733,-2.5925732,3.0074267,-0.68257326,2.1574268,-1.8225732,-1.3425733,2.1274269,5.6074266,0.91742676,1.5974268,-0.36257324,5.7974267,3.1574268,-0.05257324
-6.732573,-8.742573,-6.9325733,-6.842573,-5.882573,-6.6625733,-5.2925735,-6.732573,-6.0225735,-6.382573,-6.4725733,-6.652573,-6.3925734,-4.882573,-5.3925734,-5.9125733,-6.482573,-7.1625733,-7.482573,-8.112574,-8.412573,-9.822574,-7.9125733,-10.022573,-10.172573,-9.672573,-8.692574,-10.822574,-6.982573,-3.5225732,-0.072573245,0.93742675,7.4574265,8.727427,3.2074268,1.3774267,1.6674267,2.4974267,-1.9325732,-2.6725733,-0.50257325
-7.5425735,-9.252573,-8.612574,-7.252573,-6.5825734,-6.502573,-6.822573,-6.3525734,-6.6225734,-6.532573,-6.962573,-7.362573,-6.9925733,-6.942573,-5.4125733,-6.692573,-6.7025733,-6.152573,-6.902573,-9.092573,-10.882573,-10.062573,-10.222573,-10.002573,-9.902574,-9.682573,-9.932573,-7.6625733,-6.962573,-6.052573,-5.3125734,-3.6425734,2.4874268,2.6974268,-4.4525733,-4.5225735,7.3374267,0.24742676,0.78742677,3.6074266,2.0974267
-7.5625734,-7.1825733,-7.7625732,-7.4325733,-7.3325734,-6.3525734,-5.6225734,-5.6825733,-5.752573,-5.192573,-5.802573,-6.3325734,-7.2025733,-8.172573,-6.842573,-6.3525734,-6.3325734,-5.842573,-5.502573,-6.0225735,-7.632573,-8.382573,-8.552573,-9.022573,-9.242573,-9.452573,-9.202573,-8.972573,-7.002573,-6.4725733,-5.9525733,-5.2225733,-3.8525732,-0.30257323,5.137427,10.077427,5.0874267,7.6074266,12.187427,7.517427,-4.402573
-6.4925733,-6.732573,-6.4525733,-6.112573,-5.6625733,-5.1425734,-5.5225735,-5.462573,-5.8525734,-5.942573,-6.1225734,-6.8725734,-6.132573,-6.732573,-6.5225735,-5.4525733,-4.7225733,-4.6625733,-3.6925733,-5.3125734,-6.8525734,-6.672573,-6.6025734,-7.0125732,-7.9125733,-7.7725735,-7.6825733,-6.6625733,-6.4725733,-5.462573,-4.9125733,-4.5125732,-2.6525733,-0.26257324,3.0474267,2.8774269,0.31742677,-1.5625732,2.9974267,1.8474268,6.3174267
-4.0425735,-4.072573,-3.4725733,-3.8125732,-4.3325734,-4.672573,-4.4925733,-4.8925734,-5.172573,-5.442573,-5.482573,-5.9525733,-5.442573,-6.1225734,-5.0125732,-5.232573,-4.882573,-5.1425734,-4.692573,-7.6225734,-7.5425735,-7.1425734,-6.3125734,-5.942573,-5.6825733,-5.592573,-5.552573,-3.9525733,-6.0625734,-5.032573,-5.232573,-3.4025733,-2.3225732,-1.9025732,-0.12257324,5.2974267,8.687427,10.397427,8.387426,9.697427,6.117427
0.66742676,0.20742676,-2.4125733,-2.1925733,-3.4025733,-4.092573,-4.442573,-4.652573,-4.592573,-4.962573,-5.132573,-5.6825733,-5.862573,-5.2225733,-5.6625733,-5.2025733,-5.462573,-5.6225734,-5.7625732,-6.2725735,-8.702573,-7.4125733,-6.712573,-6.4925733,-6.402573,-5.3925734,-5.362573,-4.9525733,-4.5125732,-3.4125733,-3.8225732,-2.8125732,-0.6025732,0.43742675,1.8074268,3.3574266,0.40742674,-0.7925732,0.99742675,0.8374268,1.7774267
3.7774267,-0.82257324,1.2374268,-3.0225732,-3.2125733,-3.3425732,-3.6125731,-4.0825734,-4.2025733,-4.4925733,-4.7725735,-5.5225735,-5.0625734,-5.1425734,-5.5225735,-5.4125733,-5.802573,-6.1225734,-6.592573,-6.902573,-7.6625733,-6.942573,-5.962573,-5.532573,-5.132573,-4.9925733,-4.862573,-4.6825733,-3.8825731,-3.2125733,-1.0925733,-0.51257324,-0.17257324,0.17742676,0.15742676,0.74742675,1.2174268,0.057426758,-0.7925732,0.38742676,0.53742677
1.4974267,-0.41257325,-3.3725731,-2.6625733,-2.4325733,-2.5725732,-2.5025733,-3.2125733,-2.8425732,-3.2125733,-3.4725733,-3.6125731,-2.7625732,-3.7925732,-4.152573,-4.0125732,-4.6425734,-4.6825733,-5.0425735,-5.7025733,-5.252573,-4.4325733,-3.8525732,-3.0825732,-2.6325731,-2.6525733,-3.2125733,-1.9825733,-1.9425732,-1.3425733,-0.6525732,-0.12257324,-0.55257326,-1.0025733,-1.5025733,-1.9925733,-1.1625732,0.25742677,1.0974268,-0.012573242,0.35742676
0.50742674,0.54742676,0.92742676,-0.22257324,-0.77257323,-0.48257324,-1.5625732,-1.3125732,-1.2925732,-1.6525732,-1.1525732,-1.3225732,-0.70257324,-0.86257327,-1.1925732,-1.4425732,-1.8125732,-2.1625733,-2.2025733,-2.1625733,-2.1325731,-1.8825732,-1.2125733,-0.45257324,-0.072573245,0.30742675,0.38742676,0.30742675,0.41742676,0.79742676,0.36742675,-0.34257326,-0.37257326,-0.43257323,-1.2225733,-1.8225732,-1.6525732,-0.49257323,1.7874267,2.1474268,1.7374268
1.9774268,2.3574266,1.5674268,2.2274268,2.7974267,0.6474268,0.8374268,1.1674267,0.8474268,0.09742676,0.07742676,0.74742675,1.5674268,2.4374268,1.9774268,1.6074268,1.4574268,1.2274268,1.1774268,1.1674267,1.4074267,1.8674268,1.9374268,2.2574267,2.2974267,2.7474267,2.4974267,2.8374267,2.7574267,2.7874267,2.5374267,2.3774269,1.1374267,0.6574268,-0.28257325,-0.11257324,-0.29257324,0.21742676,0.62742674,0.61742675,0.97742677
4.057427,2.5374267,2.5074267,3.6474268,1.8474268,2.7874267,3.2574267,3.2374268,3.6274269,1.7974267,0.78742677,0.63742673,1.6474267,3.4374268,3.3374267,3.3474267,3.3174267,3.3674269,2.8174267,3.2674267,3.2974267,3.6674268,3.8274267,3.7974267,3.9174268,4.017427,4.2074265,4.347427,4.1074266,3.7674267,3.4874268,3.1974268,3.1374269,2.6474268,1.4674268,0.9674268,0.56742674,0.17742676,-0.32257324,-0.05257324,0.62742674
2.8774269,3.0374267,3.2674267,3.8374267,3.5674267,3.2674267,4.217427,3.7374268,4.2074265,2.6074266,1.2674267,4.307427,2.4274268,0.9574268,2.4074268,3.2574267,4.247427,4.447427,4.4374266,5.1874266,4.9874268,5.1674266,5.0674267,5.177427,5.307427,5.3774266,5.5274267,5.3174267,4.867427,4.7374268,4.387427,5.0474267,4.0074267,4.1274266,3.6274269,3.1674268,2.2174268,1.1974268,0.86742675,-0.102573246,-0.5925732
