wind_kz.json
{"header": {"discipline":0,"disciplineName":"Meteorological products","gribEdition":2,"gribLength":948,"center":7,"centerName":"US National Weather Service - NCEP(WMC)","subcenter":0,"refTime":"2023-08-20T06:00:00.000Z","significanceOfRT":1,"significanceOfRTName":"Start of forecast","productStatus":0,"productStatusName":"Operational products","productType":1,"productTypeName":"Forecast products","productDefinitionTemplate":0,"productDefinitionTemplateName":"Analysis/forecast at horizontal level/layer at a point in time","parameterCategory":0,"parameterCategoryName":"UnknownDiscipline_0_Category_0","parameterNumber":0,"parameterNumberName":"UnknownParameter_D0_C0_0","parameterUnit":"Unknown","genProcessType":2,"genProcessTypeName":"Forecast","forecastTime":0,"surface1Type":1,"surface1TypeName":"Ground or water surface","surface1Value":0.0,"surface2Type":255,"surface2TypeName":"Missing","surface2Value":0.0,"gridDefinitionTemplate":0,"gridDefinitionTemplateName":"Latitude_Longitude","numberPoints":615,"shape":6,"shapeName":"Earth spherical with radius of 6,371,229.0 m","gridUnits":"degrees","resolution":48,"winds":"true","scanMode":64,"nx":41,"ny":15,"basicAngle":0,"lo1":47.0,"la1":41.0,"lo2":87.0,"la2":55.0,"dx":1.0,"dy":1.0}, "data":
[rows 0 to 14 of 15, columns 0 to 40 of 41]
313.1162,295.6162,304.6162,299.81622,299.71622,298.6162,309.4162,317.0162,314.4162,309.1162,310.9162,315.31622,317.6162,321.81622,322.4162,320.4162,325.0162,323.4162,331.4162,325.31622,326.71622,319.1162,318.4162,319.1162,318.9162,316.71622,315.5162,305.6162,306.5162,295.9162,296.4162,294.31622,309.71622,321.21622,327.6162,328.0162,329.21622,326.31622,325.21622,325.31622,325.9162
284.81622,308.31622,299.9162,300.1162,299.9162,298.9162,318.4162,315.9162,313.6162,312.81622,313.9162,313.81622,316.9162,319.1162,324.81622,324.4162,325.81622,331.9162,329.81622,331.81622,330.21622,321.6162,318.6162,311.71622,303.4162,300.31622,308.81622,308.0162,305.0162,295.31622,300.5162,296.9162,304.5162,273.31622,293.1162,315.31622,316.81622,314.71622,321.21622,312.81622,285.6162
310.71622,299.81622,300.5162,300.71622,298.9162,313.6162,313.0162,314.81622,313.6162,314.1162,313.9162,314.21622,314.1162,318.71622,320.9162,316.5162,320.4162,324.71622,324.0162,326.5162,327.31622,324.0162,321.0162,316.1162,317.71622,318.6162,316.9162,316.21622,314.81622,305.6162,298.31622,299.31622,303.5162,306.9162,302.9162,304.6162,301.1162,297.31622,304.71622,296.9162,296.9162
313.71622,300.81622,300.31622,299.5162,302.6162,298.9162,306.21622,315.6162,315.4162,316.31622,318.31622,316.21622,296.6162,295.71622,316.5162,318.0162,317.9162,321.71622,321.81622,322.6162,319.5162,317.4162,320.0162,319.1162,323.21622,321.4162,322.1162,317.9162,320.31622,319.31622,323.6162,321.1162,321.0162,330.1162,327.5162,316.1162,301.0162,299.1162,301.71622,313.5162,316.5162
315.81622,300.6162,300.4162,300.1162,306.71622,313.9162,315.31622,316.0162,315.0162,313.71622,312.0162,314.6162,297.0162,295.5162,293.71622,309.81622,318.0162,317.4162,320.71622,318.9162,319.9162,321.6162,322.9162,321.21622,321.81622,322.31622,319.81622,313.6162,320.6162,318.31622,318.1162,317.1162,304.31622,295.71622,305.0162,314.4162,310.9162,326.81622,325.6162,322.5162,324.5162
316.31622,314.71622,299.21622,299.6162,300.0162,299.81622,319.31622,318.31622,312.31622,314.9162,313.5162,318.81622,299.21622,296.6162,307.6162,318.0162,317.5162,321.1162,321.6162,319.9162,321.21622,321.0162,322.5162,320.21622,320.9162,318.21622,319.0162,295.21622,319.4162,319.0162,320.71622,316.21622,317.0162,314.81622,309.5162,308.21622,306.0162,309.6162,321.1162,321.71622,319.31622
309.71622,316.4162,316.0162,317.81622,311.1162,316.21622,320.0162,319.31622,317.5162,318.21622,317.6162,317.4162,317.71622,319.0162,322.4162,319.71622,320.21622,320.0162,321.4162,318.31622,318.6162,318.21622,322.1162,318.81622,316.31622,319.4162,320.4162,318.81622,321.6162,321.31622,322.31622,323.31622,320.5162,316.6162,318.81622,312.21622,306.4162,306.21622,303.21622,301.81622,314.6162
315.21622,317.1162,317.4162,317.6162,316.31622,317.31622,317.9162,316.6162,314.1162,316.21622,311.71622,317.21622,321.81622,321.31622,320.9162,320.6162,321.6162,319.71622,318.6162,317.5162,316.5162,316.5162,322.0162,317.5162,315.5162,313.81622,315.21622,316.21622,314.0162,314.5162,314.0162,316.5162,313.4162,312.0162,310.81622,316.21622,314.4162,289.6162,313.31622,313.31622,309.9162
316.9162,316.5162,316.71622,315.71622,315.71622,315.21622,315.1162,315.4162,314.71622,313.21622,316.5162,318.71622,318.6162,320.31622,320.81622,323.71622,321.4162,321.0162,318.4162,318.9162,312.71622,309.1162,319.21622,313.71622,303.9162,312.21622,309.31622,308.0162,307.0162,305.21622,308.21622,309.1162,310.71622,309.6162,311.31622,306.31622,307.4162,304.31622,300.9162,294.71622,297.5162
314.1162,312.9162,314.71622,313.71622,313.1162,313.9162,313.1162,311.4162,311.21622,311.81622,311.4162,313.0162,313.6162,313.0162,315.0162,314.21622,315.4162,317.0162,318.71622,321.31622,315.71622,315.4162,317.1162,318.5162,314.5162,311.9162,310.31622,308.6162,306.9162,308.1162,308.31622,310.0162,312.4162,311.9162,309.81622,308.6162,300.1162,295.5162,298.6162,297.31622,297.71622
308.6162,309.81622,310.21622,309.6162,308.0162,309.21622,309.5162,309.6162,309.5162,308.4162,306.9162,307.21622,309.4162,309.81622,310.9162,311.1162,305.21622,305.1162,297.6162,307.5162,313.4162,314.71622,311.1162,311.81622,313.6162,310.5162,307.31622,310.81622,309.4162,310.5162,309.4162,312.0162,310.31622,307.31622,305.21622,301.1162,295.71622,293.6162,299.21622,295.9162,292.6162
306.0162,306.9162,308.31622,307.31622,306.1162,304.81622,304.31622,305.4162,304.5162,305.1162,303.71622,304.6162,306.0162,304.5162,304.5162,305.6162,307.5162,307.5162,306.71622,309.9162,308.5162,304.1162,306.4162,311.0162,307.1162,307.71622,308.31622,309.81622,310.21622,309.4162,306.5162,307.81622,306.5162,304.21622,303.71622,301.4162,300.21622,300.71622,298.71622,295.0162,287.21622
298.9162,296.1162,297.4162,297.6162,301.1162,299.9162,301.5162,303.0162,302.21622,299.81622,297.21622,297.4162,299.1162,298.1162,300.0162,301.0162,301.31622,301.6162,301.4162,298.31622,295.81622,291.71622,292.31622,292.81622,297.4162,305.31622,307.31622,305.71622,305.31622,304.1162,306.0162,305.1162,304.31622,303.31622,303.81622,297.4162,295.21622,296.0162,293.0162,292.6162,288.0162
301.4162,300.9162,296.4162,300.1162,300.31622,299.9162,299.21622,298.0162,299.0162,300.1162,294.6162,288.81622,290.0162,289.4162,288.21622,289.1162,290.5162,291.6162,296.81622,297.5162,296.21622,293.5162,294.81622,296.31622,299.5162,299.6162,301.0162,301.1162,298.81622,300.71622,295.71622,294.0162,298.31622,299.0162,299.9162,300.81622,298.5162,297.9162,297.4162,291.9162,286.71622
296.9162,299.1162,292.0162,297.81622,297.9162,294.9162,292.71622,291.9162,296.31622,298.71622,296.9162,295.4162,287.21622,288.1162,291.71622,295.0162,298.5162,293.0162,299.21622,298.81622,298.81622,298.81622,299.21622,297.0162,296.81622,297.0162,297.21622,298.4162,296.31622,295.9162,295.21622,289.31622,291.5162,291.1162,292.5162,294.6162,293.31622,290.81622,292.31622,290.9162,287.21622
