wind.json
{"header": {"discipline":0,"disciplineName":"Meteorological products","gribEdition":2,"gribLength":1211,"center":7,"centerName":"US National Weather Service - NCEP(WMC)","subcenter":0,"refTime":"2023-05-30T12:00:00.000Z","significanceOfRT":1,"significanceOfRTName":"Start of forecast","productStatus":0,"productStatusName":"Operational products","productType":1,"productTypeName":"Forecast products","productDefinitionTemplate":0,"productDefinitionTemplateName":"Analysis/forecast at horizontal level/layer at a point in time","parameterCategory":2,"parameterCategoryName":"UnknownDiscipline_0_Category_2","parameterNumber":3,"parameterNumberName":"UnknownParameter_D0_C2_3","parameterUnit":"Unknown","genProcessType":2,"genProcessTypeName":"Forecast","forecastTime":300,"surface1Type":103,"surface1TypeName":"Specified height level above ground","surface1Value":10.0,"surface2Type":255,"surface2TypeName":"Missing","surface2Value":0.0,"gridDefinitionTemplate":0,"gridDefinitionTemplateName":"Latitude_Longitude","numberPoints":688,"shape":6,"shapeName":"Earth spherical with radius of 6,371,229.0 m","gridUnits":"degrees","resolution":48,"winds":"true","scanMode":64,"nx":43,"ny":16,"basicAngle":0,"lo1":45.0,"la1":40.0,"lo2":87.0,"la2":55.0,"dx":1.0,"dy":1.0}, "data":
[rows 0 to 15 of 16, columns 0 to 42 of 43]
-1.6367579,3.1332421,-0.3367578,2.3232422,2.1232421,4.783242,0.5532422,-2.2767577,-3.566758,-2.3867579,2.0732422,-0.52675784,-0.21675782,-0.9267578,-2.6667578,-3.1067579,-4.096758,-4.0667577,-4.8367577,-6.826758,-5.8967576,1.3232422,-1.9467578,0.8732422,0.9932422,0.8632422,2.413242,4.523242,2.7832422,-1.4267578,-4.766758,-2.6367579,-1.7267578,-1.8067578,-3.6467578,-5.246758,-5.576758,-3.8967578,-1.4567578,1.9832422,3.3732421,1.0432422,-0.4567578
2.693242,-0.8067578,-0.8867578,-2.846758,1.0232422,-0.9167578,-1.3767579,-3.1067579,-2.7167578,-1.2967578,1.3432422,1.4732422,-0.5567578,-0.8467578,-1.2767578,-2.4767578,-3.3867579,-4.366758,-4.3767576,-3.4167578,-5.7367578,-3.0367577,-3.2067578,-3.1067579,2.9832423,-1.7667578,-1.1367579,-2.346758,-2.336758,-0.3167578,0.42324218,0.023242187,-2.306758,-4.7967577,0.6232422,-4.386758,-2.076758,-2.9967577,-4.2767577,-3.556758,1.4132422,-1.5767578,1.9132422
-0.29675782,-3.1067579,4.553242,1.1832422,1.4432422,-1.2167578,-2.2867577,-3.6267579,-1.5767578,2.1432421,3.943242,3.173242,0.6132422,-1.2767578,-2.0067577,-1.5767578,-4.116758,-3.6867578,-1.6067578,-4.676758,-8.006758,-5.5867577,-6.5267577,-6.386758,-1.8567578,1.7832422,0.2832422,-1.4667578,-2.2467577,0.07324219,0.5432422,1.0032421,2.8132422,3.0932422,1.4532422,-0.8567578,-5.176758,-11.676758,-4.1267576,-4.9167576,-4.386758,-2.7967577,-0.3367578
2.7332423,2.8732421,2.0632422,2.683242,0.2532422,-3.1067579,-2.5067577,-1.8567578,0.6232422,6.7232423,5.1032424,1.9132422,1.3032422,0.7532422,-0.89675784,-1.8167578,-2.3567579,-3.0167577,-2.8567579,-4.116758,-4.8967576,-4.976758,-4.0267577,-6.996758,-7.4167576,-2.6967578,-1.3867579,0.3432422,-0.4967578,2.8132422,-0.6267578,0.91324216,1.5432422,0.39324218,1.8532422,-1.4567578,-0.016757812,1.8932422,0.4432422,1.0932422,0.45324218,-0.77675784,-1.5667578
0.053242188,0.3832422,0.33324218,0.84324217,-0.9167578,-2.5067577,-1.8767579,-0.6967578,6.303242,8.273242,7.5832424,5.1032424,1.9832422,1.2232422,0.45324218,-0.89675784,-0.9867578,-1.9767578,-3.2467577,-4.3967576,-5.846758,-7.016758,-5.636758,-4.516758,-0.5967578,-3.4267578,-4.696758,-5.3767576,-5.4167576,-6.346758,-2.806758,-3.1167579,-2.6267579,-2.4167578,1.4432422,1.0832422,0.09324219,-1.5867578,0.2532422,2.423242,0.8232422,-0.05675781,-0.32675782
-3.7667577,1.1832422,-1.0967578,-1.0567578,-2.556758,-2.6067579,-2.566758,-3.1667578,5.883242,7.313242,5.863242,5.423242,5.053242,3.9732423,2.2432423,-0.5767578,-2.0367577,-2.0167577,-2.4967577,-3.096758,-2.9367578,-4.346758,-4.5667577,-4.3367577,-3.9567578,-3.1067579,-3.6567578,-4.556758,-6.7767577,-5.076758,-5.5467577,-6.1267576,-6.266758,-2.0367577,1.9932421,2.413242,-0.6867578,-2.1867578,-5.826758,0.9932422,-1.1067578,-4.036758,-3.0167577
-5.1067576,-5.0667577,-3.8667579,-3.1967578,-1.5667578,-1.4667578,-2.336758,-1.5767578,5.1032424,5.943242,6.273242,4.7032423,2.8832421,2.2632422,0.6732422,0.6432422,-0.29675782,-0.6767578,-1.0867578,-2.066758,-2.6367579,-3.0167577,-3.9567578,-3.7967577,-3.346758,-3.4967577,-3.7267578,-3.9367578,-4.5267577,-5.966758,-5.246758,-5.466758,-4.436758,-4.746758,-4.156758,-2.836758,1.0632422,-0.4667578,2.1432421,-1.8267578,-2.7467577,2.8232422,-1.5267578
-4.6667576,-4.6067576,-4.936758,-5.686758,-6.886758,1.1832422,-0.11675781,3.0132422,9.143242,7.6832423,6.7232423,5.4132423,5.1032424,3.6032422,3.3632421,2.193242,0.2532422,-0.026757812,-0.4867578,-0.7967578,-1.4867578,-2.6967578,-3.0467577,-3.2967577,-3.7767577,-3.7467577,-3.2567577,-3.6467578,-5.7967577,-6.406758,-5.536758,-5.786758,-5.3367577,-6.426758,-7.1267576,-6.196758,-1.1567578,-1.0967578,-1.2367578,-1.9667578,-3.346758,-0.8667578,-6.2367578
-3.316758,-3.4167578,-4.636758,-4.966758,-6.0467577,-6.346758,1.6732422,3.0532422,8.203242,9.963243,10.903242,11.343243,7.633242,5.793242,4.1032424,2.8032422,2.0632422,1.5832422,0.11324219,-0.18675782,-0.4667578,0.5532422,-2.0367577,-2.4667578,-3.086758,-2.6067579,-2.346758,-1.5867578,-3.0267577,-2.7367578,-3.4267578,-3.306758,-4.116758,-5.3967576,-4.226758,-5.936758,-2.7667577,-3.0367577,-3.1867578,-2.816758,-0.6967578,2.3432422,-0.3067578
-3.316758,-3.096758,-3.2467577,-3.7967577,-4.406758,-4.536758,-4.076758,2.6132421,4.133242,4.7232423,5.6632423,8.393242,7.023242,2.7132423,4.9932423,5.5832424,3.0532422,1.5832422,1.6332421,0.8632422,0.6732422,0.3132422,0.4132422,-1.8267578,-2.5467577,-2.6467578,-2.7967577,-2.3867579,-2.2267578,-2.2067578,-3.9067578,-5.246758,-5.596758,-2.7667577,-2.2867577,-3.2167578,-2.6967578,-2.8767579,-3.0367577,-2.2267578,-0.5767578,0.4432422,2.3932421
-0.8767578,-1.4767578,-2.2967577,-2.4967577,-3.1167579,-3.346758,-3.5067577,-1.9767578,6.2032423,6.7432423,7.693242,8.643242,8.603242,6.8732424,8.123242,6.1832423,5.3932424,2.9932423,2.673242,1.6832422,1.5032421,0.8132422,-0.036757812,-0.25675783,-1.7767578,-2.2467577,-2.5367577,-1.9267578,-2.0167577,-1.4667578,-0.5467578,-1.1367579,-2.3667579,-3.6767578,-2.6267579,-0.7467578,-0.89675784,0.6732422,0.15324219,-0.5967578,2.7232423,3.7632422,2.8232422
0.7332422,-0.28675783,-0.036757812,-1.0467578,-2.0167577,-2.6867578,-2.346758,-1.9667578,5.363242,6.2032423,8.513242,7.5832424,8.083242,9.793242,8.303242,8.723242,5.803242,4.463242,3.8932421,2.5432422,2.163242,1.6732422,0.72324216,-0.6167578,-2.056758,-2.1867578,-2.596758,-1.9467578,-3.4667578,-2.7167578,-2.1767578,-1.6667578,-2.566758,-3.7767577,-3.0167577,0.16324219,0.3832422,2.3732421,2.3632421,2.1032422,1.1732422,-0.9767578,0.09324219
1.4032422,0.72324216,0.8032422,0.24324219,-0.096757814,-1.1667578,-1.3667579,-1.4767578,3.403242,9.143242,9.453242,8.993242,7.0832424,6.3932424,8.653242,8.453242,7.3532424,6.093242,4.823242,3.9832423,2.8932421,2.9932423,0.85324216,-1.4167578,-2.4067578,-2.5267577,-2.5367577,-3.0167577,-1.4367578,-2.4967577,-3.5367577,-3.2067578,-2.9267578,-3.3867579,-1.7767578,-1.0767578,0.21324219,1.9432422,4.923242,4.063242,1.3832421,1.9132422,1.2832422
1.7532421,2.4532423,1.9632422,1.6832422,0.3132422,0.03324219,0.10324219,0.3232422,2.2232423,5.093242,10.923243,9.143242,5.313242,4.8932424,7.0132422,7.9732423,7.6032424,5.843242,4.033242,3.7632422,2.8832421,2.7632422,1.1732422,-0.4067578,-0.5567578,-1.7167578,-4.2567577,-3.7467577,-4.346758,-4.4167576,-4.0467577,-3.2867577,-3.316758,-2.816758,-2.2567577,-0.06675781,0.60324216,1.1532422,1.4532422,3.4732423,4.1632423,3.1132421,2.7332423
1.3632421,1.7832422,2.3832421,1.8032422,-0.1667578,0.48324218,1.0132422,2.5432422,0.7032422,3.5732422,6.9732423,7.673242,6.323242,0.7332422,2.1332421,6.533242,6.693242,5.1832423,4.783242,3.443242,2.7932422,2.8832421,1.4032422,-1.5567578,-2.3967578,-2.7267578,-3.8967578,-5.0067577,-5.3567576,-4.656758,-5.226758,-4.726758,-4.216758,-3.1467578,-1.9067578,-0.47675782,0.3232422,1.3832421,2.3732421,4.483242,4.173242,3.5332422,3.8932421
1.9532422,2.4832423,1.8732421,1.7332422,-0.12675782,-0.71675783,0.3232422,0.4332422,0.06324219,-0.90675783,-2.086758,-1.5767578,0.3232422,2.9632423,2.5632422,1.2032422,1.7632422,0.14324218,2.663242,2.153242,2.2232423,0.53324217,0.2232422,-1.7667578,-2.1367579,-3.576758,-4.186758,-5.1467576,-6.5467577,-6.156758,-5.846758,-5.0867577,-4.3967576,-3.7267578,-2.6567578,-1.1767578,-0.3967578,1.1932422,2.5232422,4.293242,3.8332422,4.3932424,2.3132422
