wind.json
{"header": {"discipline":0,"disciplineName":"Meteorological products","gribEdition":2,"gribLength":1039,"center":7,"centerName":"US National Weather Service - NCEP(WMC)","subcenter":0,"refTime":"2023-06-28T00:00:00.000Z","significanceOfRT":1,"significanceOfRTName":"Start of forecast","productStatus":0,"productStatusName":"Operational products","productType":1,"productTypeName":"Forecast products","productDefinitionTemplate":0,"productDefinitionTemplateName":"Analysis/forecast at horizontal level/layer at a point in time","parameterCategory":0,"parameterCategoryName":"UnknownDiscipline_0_Category_0","parameterNumber":0,"parameterNumberName":"UnknownParameter_D0_C0_0","parameterUnit":"Unknown","genProcessType":2,"genProcessTypeName":"Forecast","forecastTime":60,"surface1Type":1,"surface1TypeName":"Ground or water surface","surface1Value":0.0,"surface2Type":255,"surface2TypeName":"Missing","surface2Value":0.0,"gridDefinitionTemplate":0,"gridDefinitionTemplateName":"Latitude_Longitude","numberPoints":688,"shape":6,"shapeName":"Earth spherical with radius of 6,371,229.0 m","gridUnits":"degrees","resolution":48,"winds":"true","scanMode":64,"nx":43,"ny":16,"basicAngle":0,"lo1":45.0,"la1":40.0,"lo2":87.0,"la2":55.0,"dx":1.0,"dy":1.0}, "data":
[rows 0 to 15 of 16, columns 0 to 42 of 43]
297.01474,292.61475,306.71475,319.91473,318.91473,297.61475,296.71475,295.11475,318.21475,321.91473,328.91473,324.71475,325.91473,324.31476,322.91473,322.41473,321.51474,320.91473,320.41473,319.11475,317.01474,315.11475,311.81476,314.21475,311.31476,308.01474,299.81476,293.31476,292.31476,289.31476,294.51474,299.01474,310.31476,310.81476,315.31476,315.51474,316.11475,313.11475,313.01474,310.11475,308.21475,302.31476,306.01474
294.91473,314.31476,312.91473,292.31476,301.01474,296.11475,296.11475,294.71475,308.91473,324.31476,329.21475,327.61475,322.61475,322.71475,322.21475,321.21475,321.31476,320.81476,319.71475,319.31476,320.31476,317.81476,319.41473,313.31476,314.11475,308.11475,311.31476,313.51474,308.61475,288.81476,290.01474,287.71475,286.51474,294.41473,298.61475,311.61475,314.41473,313.61475,313.41473,311.81476,309.11475,308.51474,307.51474
296.81476,291.31476,287.31476,292.81476,296.11475,296.21475,295.91473,294.21475,317.31476,322.11475,319.41473,321.51474,321.31476,320.21475,320.31476,318.21475,320.81476,320.91473,321.01474,320.61475,318.51474,318.91473,318.91473,314.01474,313.01474,302.51474,290.51474,290.41473,290.91473,284.91473,290.71475,284.01474,282.51474,276.61475,295.41473,266.11475,289.81476,305.51474,306.81476,309.21475,312.71475,303.11475,287.41473
287.21475,289.51474,303.01474,296.11475,296.11475,296.11475,295.31476,319.81476,324.11475,321.41473,320.11475,311.51474,316.81476,317.51474,314.41473,316.11475,318.71475,320.21475,319.31476,318.61475,318.21475,317.41473,318.61475,313.21475,312.61475,305.41473,310.71475,308.11475,309.51474,303.51474,302.01474,288.21475,282.61475,282.11475,288.01474,289.21475,285.61475,292.51474,285.51474,289.11475,289.61475,286.11475,285.91473
296.81476,306.31476,308.61475,296.91473,297.21475,296.11475,299.81476,316.01474,321.21475,315.01474,308.21475,311.41473,310.31476,315.31476,294.61475,294.61475,317.51474,318.41473,317.11475,318.61475,318.11475,317.61475,312.01474,308.71475,313.01474,312.41473,311.41473,311.91473,312.61475,307.61475,306.41473,305.91473,307.01474,303.01474,308.81476,304.81476,305.51474,300.71475,287.11475,287.21475,286.51474,298.31476,302.81476
293.31476,310.61475,298.81476,297.21475,297.31476,298.01474,303.31476,313.61475,313.01474,326.31476,313.81476,311.51474,314.71475,313.01474,295.21475,295.11475,293.51474,319.31476,319.21475,315.01474,312.31476,316.01474,316.71475,316.71475,314.71475,313.91473,313.71475,312.41473,309.61475,302.91473,309.21475,307.71475,308.11475,304.61475,289.01474,282.31476,291.61475,301.61475,302.41473,310.71475,311.51474,310.01474,309.61475
303.01474,312.91473,313.71475,302.71475,298.11475,297.21475,297.61475,297.21475,317.81476,323.11475,319.71475,314.91473,317.81476,316.11475,297.41473,295.01474,305.81476,317.11475,320.01474,318.91473,317.71475,317.21475,316.31476,315.91473,315.81476,314.81476,313.91473,311.61475,311.31476,291.31476,310.81476,311.61475,309.01474,307.01474,304.11475,302.81476,301.01474,297.41473,292.61475,295.81476,307.41473,308.91473,308.61475
306.91473,312.51474,310.21475,311.41473,309.81476,314.91473,314.71475,319.71475,321.91473,312.51474,315.51474,319.91473,310.91473,315.51474,314.81476,317.21475,319.81476,319.71475,319.31476,319.11475,318.61475,316.01474,315.21475,314.01474,313.01474,312.81476,311.31476,312.81476,312.71475,313.91473,313.71475,312.11475,311.51474,309.81476,309.71475,306.81476,304.01474,301.21475,295.51474,291.51474,288.11475,288.31476,302.11475
308.01474,307.21475,310.51474,312.61475,305.81476,313.71475,320.21475,320.11475,321.41473,314.71475,310.91473,316.61475,316.61475,315.01474,315.71475,316.21475,320.51474,320.41473,321.91473,317.81476,315.71475,310.61475,314.91473,314.71475,313.61475,310.71475,308.21475,304.71475,304.21475,305.21475,304.31476,302.81476,304.01474,304.71475,304.81476,299.91473,300.71475,303.81476,304.01474,289.21475,299.91473,299.81476,296.71475
291.91473,305.51474,309.31476,310.51474,306.61475,310.61475,316.21475,311.01474,315.61475,316.61475,315.81476,314.11475,312.91473,313.01474,312.81476,315.81476,316.21475,319.61475,316.61475,316.11475,314.11475,310.51474,307.11475,308.31476,307.61475,306.41473,304.41473,304.41473,299.11475,299.01474,297.61475,295.31476,297.01474,297.11475,300.11475,301.71475,300.61475,297.91473,297.31476,295.91473,285.81476,284.81476,284.71475
300.61475,304.31476,305.21475,307.91473,304.21475,305.91473,313.01474,313.01474,314.21475,313.21475,312.61475,311.21475,309.21475,308.41473,309.31476,310.71475,313.31476,314.01474,314.41473,313.11475,308.91473,309.01474,307.21475,307.21475,306.41473,306.21475,298.61475,301.61475,301.21475,298.01474,296.41473,293.21475,293.31476,297.71475,301.41473,302.91473,301.91473,299.71475,295.11475,289.91473,288.91473,287.51474,283.41473
297.61475,296.51474,302.91473,301.11475,297.21475,302.21475,309.01474,309.31476,311.21475,309.51474,308.11475,307.61475,305.71475,305.21475,307.41473,306.31476,307.61475,309.11475,308.51474,308.11475,307.01474,303.11475,306.11475,305.51474,304.71475,294.01474,298.11475,295.71475,296.21475,297.41473,297.71475,293.91473,290.91473,293.61475,297.31476,298.01474,294.41473,296.01474,291.01474,289.71475,290.31476,290.41473,288.91473
292.21475,297.51474,297.51474,298.81476,301.81476,298.31476,305.01474,304.11475,304.91473,305.11475,305.21475,304.71475,302.31476,300.71475,303.21475,302.71475,302.91473,304.81476,305.91473,306.21475,304.51474,303.61475,300.91473,295.91473,294.21475,298.01474,297.21475,296.61475,296.21475,295.21475,296.11475,299.61475,296.91473,293.81476,294.71475,291.91473,293.41473,290.21475,289.81476,296.51474,295.11475,294.61475,294.31476
290.91473,295.91473,296.81476,297.91473,297.11475,295.21475,299.61475,304.01474,303.41473,305.11475,304.41473,302.51474,300.71475,296.41473,294.41473,298.71475,299.51474,300.71475,301.41473,296.21475,294.11475,298.41473,297.51474,293.91473,295.21475,293.51474,297.71475,297.41473,299.61475,297.61475,296.41473,294.21475,294.51474,291.51474,294.91473,293.21475,289.71475,287.81476,286.71475,287.31476,291.21475,294.61475,294.41473
292.91473,295.91473,297.21475,299.31476,293.21475,295.21475,295.81476,299.31476,301.01474,300.31476,301.51474,301.31476,299.41473,292.91473,295.91473,295.31476,299.21475,294.01474,293.71475,297.71475,298.41473,297.31476,296.01474,294.11475,296.21475,295.51474,295.51474,296.31476,294.71475,293.61475,293.41473,294.01474,291.01474,292.31476,293.51474,293.61475,291.31476,288.91473,289.81476,288.31476,288.31476,286.91473,287.01474
292.81476,293.01474,296.11475,297.81476,290.31476,298.01474,300.61475,297.61475,300.31476,301.11475,300.31476,299.71475,300.21475,293.21475,294.21475,298.51474,292.61475,294.81476,293.61475,296.51474,296.71475,294.91473,293.11475,292.31476,293.51474,292.31476,292.31476,291.01474,290.41473,291.01474,291.21475,292.31476,290.21475,288.51474,292.81476,292.61475,292.31476,290.61475,290.51474,289.41473,289.21475,287.71475,288.81476
