wind_kz.json
{"header": {"discipline":0,"disciplineName":"Meteorological products","gribEdition":2,"gribLength":871,"center":7,"centerName":"US National Weather Service - NCEP(WMC)","subcenter":0,"refTime":"2023-10-01T00:00:00.000Z","significanceOfRT":1,"significanceOfRTName":"Start of forecast","productStatus":0,"productStatusName":"Operational products","productType":1,"productTypeName":"Forecast products","productDefinitionTemplate":0,"productDefinitionTemplateName":"Analysis/forecast at horizontal level/layer at a point in time","parameterCategory":0,"parameterCategoryName":"UnknownDiscipline_0_Category_0","parameterNumber":0,"parameterNumberName":"UnknownParameter_D0_C0_0","parameterUnit":"Unknown","genProcessType":2,"genProcessTypeName":"Forecast","forecastTime":120,"surface1Type":1,"surface1TypeName":"Ground or water surface","surface1Value":0.0,"surface2Type":255,"surface2TypeName":"Missing","surface2Value":0.0,"gridDefinitionTemplate":0,"gridDefinitionTemplateName":"Latitude_Longitude","numberPoints":615,"shape":6,"shapeName":"Earth spherical with radius of 6,371,229.0 m","gridUnits":"degrees","resolution":48,"winds":"true","scanMode":64,"nx":41,"ny":15,"basicAngle":0,"lo1":47.0,"la1":41.0,"lo2":87.0,"la2":55.0,"dx":1.0,"dy":1.0}, "data":
[rows 0 to 14 of 15, columns 0 to 40 of 41]
285.55878,280.7588,283.3588,293.65878,293.4588,292.4588,290.4588,290.15878,286.8588,285.65878,285.05878,286.15878,285.2588,285.8588,286.05878,284.3588,284.4588,285.55878,287.65878,288.65878,289.8588,289.55878,286.8588,283.65878,286.8588,287.05878,286.65878,275.7588,272.4588,273.2588,266.7588,271.05878,280.3588,286.15878,287.65878,288.65878,287.05878,286.8588,289.15878,289.4588,287.05878
264.05878,284.2588,293.2588,293.3588,293.55878,291.55878,287.8588,286.7588,286.2588,286.3588,285.3588,283.3588,282.65878,281.8588,282.4588,283.15878,283.7588,282.7588,283.2588,285.2588,289.65878,290.2588,286.2588,280.4588,273.4588,274.9588,280.8588,273.55878,273.3588,270.4588,275.15878,268.9588,273.2588,250.55879,271.55878,285.55878,283.05878,285.3588,287.55878,281.05878,283.55878
284.9588,293.2588,293.4588,292.8588,291.15878,288.65878,287.4588,286.65878,285.7588,286.15878,286.05878,286.15878,283.8588,286.55878,283.7588,280.7588,280.15878,281.55878,283.7588,287.7588,288.55878,288.9588,289.3588,282.2588,289.8588,286.05878,288.3588,286.9588,284.65878,278.9588,271.65878,272.4588,276.3588,276.05878,277.7588,278.7588,272.3588,272.15878,272.2588,269.2588,269.7588
286.4588,292.3588,292.9588,292.05878,289.65878,284.7588,286.3588,285.55878,285.9588,285.65878,285.7588,285.7588,290.05878,289.4588,284.7588,282.05878,282.4588,281.65878,281.7588,287.55878,287.55878,284.55878,288.55878,289.4588,290.65878,290.8588,291.2588,288.05878,286.15878,285.2588,284.3588,285.2588,286.65878,285.15878,284.55878,282.8588,270.9588,262.65878,272.9588,280.55878,283.7588
288.8588,291.7588,292.4588,291.7588,290.05878,286.8588,286.8588,286.05878,286.7588,286.4588,285.4588,283.05878,288.9588,287.7588,286.3588,284.4588,285.2588,286.4588,286.55878,287.3588,288.55878,288.8588,288.2588,290.05878,289.55878,290.9588,288.65878,287.2588,287.4588,285.55878,286.8588,285.4588,275.8588,267.55878,273.9588,283.3588,286.65878,286.9588,286.9588,287.3588,287.05878
287.4588,285.8588,290.2588,291.4588,291.65878,291.05878,286.8588,287.8588,287.05878,287.3588,287.4588,285.65878,287.9588,288.65878,287.05878,283.9588,286.7588,284.2588,284.3588,288.65878,287.65878,287.15878,288.2588,289.3588,288.9588,288.2588,287.55878,287.2588,287.4588,286.3588,285.4588,286.05878,284.7588,283.05878,282.4588,286.8588,278.2588,279.05878,282.8588,284.9588,284.4588
285.7588,285.9588,287.65878,287.15878,287.55878,286.7588,286.8588,286.3588,287.05878,287.15878,285.05878,288.4588,285.9588,287.15878,285.15878,285.8588,287.8588,284.15878,283.7588,286.05878,286.65878,287.2588,288.15878,288.15878,286.4588,286.7588,285.7588,286.15878,284.15878,284.3588,284.3588,283.9588,283.4588,284.2588,284.9588,283.9588,279.4588,275.55878,272.55878,271.8588,281.2588
284.55878,284.05878,287.05878,287.3588,287.55878,286.7588,286.4588,285.4588,284.9588,284.3588,283.55878,284.65878,284.65878,285.65878,286.65878,287.7588,287.4588,283.8588,285.15878,284.55878,285.7588,286.2588,286.55878,285.9588,286.05878,281.8588,282.05878,281.4588,280.15878,282.55878,280.9588,280.8588,280.8588,279.2588,279.8588,279.2588,280.8588,285.3588,281.8588,281.15878,278.9588
283.3588,283.8588,284.4588,283.9588,285.3588,285.9588,284.4588,284.9588,284.05878,283.65878,282.8588,282.15878,283.4588,286.7588,283.7588,286.55878,284.8588,283.3588,285.9588,286.2588,284.7588,284.2588,284.9588,284.2588,282.55878,282.05878,279.3588,278.8588,277.8588,277.4588,277.9588,278.05878,278.9588,279.7588,279.2588,278.7588,278.65878,278.15878,266.4588,268.05878,267.8588
281.3588,282.7588,283.15878,283.3588,284.15878,283.7588,283.7588,283.65878,284.4588,283.7588,282.7588,282.3588,283.15878,286.8588,286.15878,285.9588,286.65878,286.4588,282.9588,285.4588,284.15878,283.9588,284.05878,282.7588,282.65878,280.9588,279.55878,279.15878,279.65878,279.2588,278.9588,280.05878,281.2588,281.9588,280.05878,278.8588,278.7588,274.8588,271.2588,270.2588,268.7588
280.4588,280.8588,281.2588,281.9588,282.2588,281.7588,283.05878,282.7588,282.05878,285.05878,282.9588,282.65878,282.8588,283.15878,283.3588,285.65878,285.2588,283.7588,286.65878,283.15878,282.55878,281.2588,282.05878,280.8588,280.8588,281.55878,279.2588,279.55878,279.7588,281.9588,282.55878,282.15878,282.15878,282.4588,281.05878,279.15878,276.9588,273.9588,272.05878,272.4588,270.9588
279.7588,280.65878,280.3588,279.8588,280.2588,281.05878,284.3588,282.65878,285.05878,281.2588,283.05878,281.3588,283.7588,281.9588,282.8588,283.05878,286.15878,285.7588,282.7588,282.55878,281.7588,280.15878,280.55878,279.55878,279.4588,280.3588,280.4588,281.55878,281.7588,281.8588,281.55878,281.4588,282.05878,280.15878,280.3588,279.2588,279.05878,278.3588,278.4588,277.3588,276.3588
282.2588,283.2588,284.8588,284.05878,282.4588,280.4588,284.2588,284.2588,281.15878,280.3588,281.55878,278.65878,283.55878,282.9588,284.15878,281.8588,282.3588,285.4588,286.15878,283.55878,281.2588,280.15878,280.05878,279.3588,279.65878,280.15878,280.65878,280.3588,280.65878,280.4588,280.4588,280.7588,280.9588,280.55878,279.9588,279.2588,278.3588,279.15878,277.7588,276.9588,277.2588
279.65878,281.4588,283.65878,282.8588,280.05878,278.9588,279.3588,280.4588,281.05878,282.65878,279.65878,279.9588,279.3588,282.3588,284.55878,284.4588,282.05878,281.55878,281.55878,282.9588,285.3588,282.8588,281.8588,281.2588,280.7588,280.2588,279.55878,280.55878,280.05878,279.7588,279.3588,279.55878,279.7588,279.4588,279.15878,277.9588,277.8588,276.8588,276.15878,276.3588,275.9588
279.9588,280.7588,284.8588,281.55878,279.9588,279.2588,279.9588,278.9588,279.7588,280.8588,280.2588,278.9588,279.9588,280.9588,283.2588,284.55878,284.15878,281.55878,281.7588,282.2588,282.55878,282.4588,282.4588,281.7588,280.8588,280.65878,280.4588,280.05878,279.7588,279.15878,279.3588,280.55878,277.3588,277.3588,277.55878,277.9588,277.65878,276.9588,276.65878,276.3588,276.15878
