wind_kz.json
{"header": {"discipline":0,"disciplineName":"Meteorological products","gribEdition":2,"gribLength":871,"center":7,"centerName":"US National Weather Service - NCEP(WMC)","subcenter":0,"refTime":"2023-09-28T18:00:00.000Z","significanceOfRT":1,"significanceOfRTName":"Start of forecast","productStatus":0,"productStatusName":"Operational products","productType":1,"productTypeName":"Forecast products","productDefinitionTemplate":0,"productDefinitionTemplateName":"Analysis/forecast at horizontal level/layer at a point in time","parameterCategory":0,"parameterCategoryName":"UnknownDiscipline_0_Category_0","parameterNumber":0,"parameterNumberName":"UnknownParameter_D0_C0_0","parameterUnit":"Unknown","genProcessType":2,"genProcessTypeName":"Forecast","forecastTime":300,"surface1Type":1,"surface1TypeName":"Ground or water surface","surface1Value":0.0,"surface2Type":255,"surface2TypeName":"Missing","surface2Value":0.0,"gridDefinitionTemplate":0,"gridDefinitionTemplateName":"Latitude_Longitude","numberPoints":615,"shape":6,"shapeName":"Earth spherical with radius of 6,371,229.0 m","gridUnits":"degrees","resolution":48,"winds":"true","scanMode":64,"nx":41,"ny":15,"basicAngle":0,"lo1":47.0,"la1":41.0,"lo2":87.0,"la2":55.0,"dx":1.0,"dy":1.0}, "data":
[rows 0 to 14 of 15, columns 0 to 40 of 41]
297.12912,288.62912,294.72913,293.0291,292.92914,292.0291,299.12912,302.72913,299.0291,299.5291,297.82913,298.82913,297.0291,297.0291,296.82913,298.82913,298.82913,297.72913,300.22913,299.0291,303.42914,300.62912,301.12912,300.22913,303.92914,303.72913,300.0291,290.62912,289.32913,285.32913,284.72913,279.82913,298.82913,304.92914,303.42914,303.62912,308.82913,309.92914,309.82913,312.12912,313.92914
274.62912,293.62912,292.92914,293.12912,292.92914,291.22913,301.62912,300.32913,297.32913,297.82913,298.72913,297.82913,299.42914,299.42914,300.82913,301.5291,302.12912,301.42914,300.92914,301.22913,301.62912,299.72913,298.42914,292.42914,287.0291,287.22913,296.32913,291.5291,292.5291,286.82913,292.12912,281.32913,289.5291,265.82913,282.32913,299.72913,302.5291,303.5291,305.72913,299.5291,284.62912
295.62912,292.42914,292.82913,292.32913,290.62912,296.62912,295.92914,296.12912,295.82913,295.42914,295.42914,298.12912,299.22913,299.72913,296.82913,301.62912,302.22913,302.42914,302.42914,302.5291,301.72913,299.82913,299.0291,293.72913,295.92914,296.92914,298.72913,298.72913,296.5291,291.0291,281.42914,284.0291,290.62912,293.0291,288.92914,288.22913,277.0291,285.82913,287.42914,285.5291,283.22913
297.72913,291.62912,292.22913,291.32913,291.5291,295.12912,294.12912,297.32913,297.12912,297.12912,296.72913,296.5291,289.22913,288.62912,296.32913,297.92914,296.5291,296.72913,298.62912,299.82913,298.22913,297.92914,294.72913,293.0291,295.5291,296.42914,297.92914,294.42914,294.72913,297.12912,297.32913,296.72913,301.62912,305.32913,300.32913,295.82913,274.82913,271.42914,285.82913,289.0291,285.12912
296.22913,290.62912,291.0291,290.0291,293.12912,295.82913,296.5291,298.72913,296.32913,295.5291,296.62912,296.72913,288.0291,287.0291,285.72913,297.42914,297.5291,290.42914,285.42914,286.22913,287.12912,292.12912,290.82913,286.42914,293.12912,293.62912,293.12912,292.22913,294.92914,297.12912,294.92914,294.12912,283.42914,273.22913,286.12912,296.72913,289.12912,290.72913,286.12912,285.32913,285.5291
295.0291,295.72913,289.12912,289.92914,289.92914,289.5291,298.32913,295.12912,295.42914,295.5291,294.12912,294.32913,288.82913,287.72913,291.82913,296.82913,294.92914,290.42914,292.42914,292.0291,284.82913,284.72913,285.32913,281.72913,283.72913,287.92914,289.22913,285.72913,288.62912,289.42914,288.5291,290.5291,292.32913,292.92914,290.0291,293.12912,279.92914,275.72913,285.82913,289.12912,292.5291
295.82913,296.72913,294.42914,295.62912,294.62912,297.62912,297.42914,295.22913,293.5291,293.12912,294.72913,293.22913,293.42914,294.42914,295.32913,293.12912,295.22913,294.82913,293.92914,287.72913,283.72913,282.92914,281.62912,280.72913,280.62912,283.12912,282.5291,286.72913,287.32913,287.22913,289.12912,290.5291,292.72913,292.72913,293.0291,291.0291,285.5291,285.0291,279.32913,274.72913,281.72913
295.5291,295.72913,295.32913,294.72913,294.62912,295.72913,296.32913,295.82913,295.22913,294.12912,293.5291,293.12912,293.0291,292.62912,293.5291,292.62912,293.82913,290.42914,291.72913,288.72913,281.5291,280.72913,279.62912,278.5291,279.82913,280.82913,283.32913,284.5291,283.82913,286.72913,286.42914,288.32913,290.0291,287.72913,287.0291,289.22913,292.92914,284.62912,290.32913,289.92914,286.72913
295.22913,294.62912,294.5291,294.92914,292.62912,293.62912,295.42914,294.82913,294.42914,293.62912,292.82913,292.32913,292.22913,292.82913,290.32913,291.12912,286.22913,283.12912,281.42914,280.32913,278.62912,277.62912,277.72913,279.22913,279.0291,282.32913,280.0291,280.0291,280.5291,280.62912,283.5291,285.12912,286.42914,287.22913,287.22913,285.5291,285.5291,285.42914,273.5291,273.42914,271.12912
294.42914,293.12912,293.0291,292.5291,292.0291,291.82913,291.92914,291.82913,291.72913,287.5291,285.92914,285.5291,285.82913,284.42914,282.5291,281.32913,281.72913,281.62912,282.5291,284.72913,281.0291,278.22913,279.92914,284.32913,283.32913,282.0291,282.92914,282.5291,281.82913,282.12912,284.12912,285.32913,287.5291,286.92914,286.12912,285.32913,280.32913,279.32913,273.32913,274.72913,275.22913
292.62912,291.82913,290.72913,290.62912,290.72913,290.62912,290.32913,289.5291,283.62912,285.0291,288.22913,285.82913,282.12912,279.92914,280.82913,281.22913,280.22913,280.42914,283.42914,279.62912,279.22913,279.0291,278.32913,282.12912,281.92914,274.92914,274.92914,283.32913,284.12912,284.42914,284.42914,285.22913,285.62912,283.42914,283.0291,280.92914,274.22913,275.92914,277.92914,278.82913,278.92914
289.32913,289.72913,289.22913,288.12912,288.82913,288.5291,283.32913,283.5291,282.0291,281.5291,283.12912,282.92914,283.42914,284.62912,282.82913,282.72913,285.22913,285.72913,280.22913,280.62912,283.12912,282.92914,278.22913,277.72913,276.5291,276.12912,273.42914,277.42914,278.82913,278.42914,281.62912,282.12912,281.62912,280.72913,280.32913,281.42914,281.22913,282.22913,282.32913,284.82913,282.92914
286.12912,285.42914,284.0291,284.92914,285.22913,284.32913,282.72913,284.62912,283.12912,284.0291,278.5291,276.72913,282.12912,280.22913,284.32913,284.72913,283.82913,283.5291,284.22913,282.5291,281.72913,280.22913,280.0291,278.62912,281.42914,284.72913,280.22913,280.42914,278.22913,281.22913,279.42914,278.12912,278.12912,281.62912,281.42914,279.12912,280.5291,279.82913,279.5291,280.62912,279.0291
284.12912,283.12912,283.5291,282.32913,282.5291,282.42914,281.92914,280.92914,281.42914,279.92914,275.82913,274.62912,279.32913,280.72913,281.62912,283.42914,283.92914,283.82913,284.0291,282.32913,281.42914,280.82913,281.22913,282.22913,283.32913,285.62912,284.92914,284.72913,284.0291,283.72913,280.62912,279.22913,275.62912,275.62912,279.72913,278.5291,278.12912,277.92914,278.82913,276.32913,279.82913
278.92914,280.42914,283.92914,279.5291,280.0291,281.0291,279.42914,279.12912,279.12912,278.32913,278.0291,278.32913,274.62912,277.82913,279.82913,280.12912,280.72913,281.0291,281.72913,281.22913,280.0291,279.32913,282.32913,283.62912,283.5291,283.12912,282.72913,282.22913,282.32913,280.42914,280.72913,280.92914,274.32913,275.42914,276.22913,276.22913,278.82913,277.92914,279.42914,278.22913,277.5291
