wind.json
{"header": {"discipline":0,"disciplineName":"Meteorological products","gribEdition":2,"gribLength":106064,"center":7,"centerName":"US National Weather Service - NCEP(WMC)","subcenter":0,"refTime":"2023-02-25T00:00:00.000Z","significanceOfRT":1,"significanceOfRTName":"Start of forecast","productStatus":0,"productStatusName":"Operational products","productType":1,"productTypeName":"Forecast products","productDefinitionTemplate":0,"productDefinitionTemplateName":"Analysis/forecast at horizontal level/layer at a point in time","parameterCategory":2,"parameterCategoryName":"Momentum","parameterNumber":3,"parameterNumberName":"V-component_of_wind","parameterUnit":"m.s-1","genProcessType":2,"genProcessTypeName":"Forecast","forecastTime":0,"surface1Type":103,"surface1TypeName":"Specified height level above ground","surface1Value":10.0,"surface2Type":255,"surface2TypeName":"Missing","surface2Value":0.0,"gridDefinitionTemplate":0,"gridDefinitionTemplateName":"Latitude_Longitude","numberPoints":65160,"shape":6,"shapeName":"Earth spherical with radius of 6,371,229.0 m","gridUnits":"degrees","resolution":48,"winds":"true","scanMode":64,"nx":360,"ny":181,"basicAngle":0,"lo1":0.0,"la1":-90.0,"lo2":359.0,"la2":90.0,"dx":1.0,"dy":1.0}, "data":
[rows 0 to 24 of 181, columns 171 to 227 of 360]
1.2717725,1.3017725,1.3217725,1.3517724,1.3717724,1.3917725,1.4117725,1.4317725,1.4617724,1.4817724,1.5017724,1.5217725,1.5417725,1.5517725,1.5717725,1.5917724,1.6117724,1.6317725,1.6417725,1.6617725,1.6717725,1.6917725,1.7017725,1.7217724,1.7317724,1.7417724,1.7517724,1.7717725,1.7817725,1.7917725,1.8017725,1.8117725,1.8217725,1.8317724,1.8317724,1.8417724,1.8517724,1.8517724,1.8617724,1.8617724,1.8717724,1.8717724,1.8817725,1.8817725,1.8817725,1.8817725,1.8817725,1.8817725,1.8817725,1.8817725,1.8817725,1.8817725,1.8817725,1.8817725,1.8717724,1.8717724,1.8617724
2.9317725,2.9117725,2.8917725,2.8817725,2.8617725,2.8517725,2.8317726,2.8217726,2.8017724,2.7917724,2.7817724,2.7717724,2.7717724,2.7617724,2.7717724,2.7717724,2.7717724,2.7717724,2.7817724,2.7817724,2.7817724,2.7817724,2.7817724,2.7817724,2.7817724,2.7817724,2.7617724,2.7417724,2.7117724,2.6817725,2.6517725,2.6117725,2.5717726,2.5217724,2.4817724,2.4317725,2.3717725,2.3117723,2.2517724,2.1917725,2.1317725,2.0817726,2.0117724,1.9517725,1.9017725,1.8417724,1.8017725,1.7517724,1.7117724,1.6717725,1.6317725,1.5917724,1.5617725,1.5217725,1.4917724,1.4617724,1.4217725
5.7417727,5.6017723,5.4917727,5.3717723,5.2517724,5.1417723,5.0517726,4.9617724,4.8817725,4.8217726,4.7617726,4.7017727,4.6617723,4.6217723,4.5817723,4.5417724,4.5117726,4.4817724,4.4517727,4.4217725,4.3917723,4.3717723,4.3517723,4.3317723,4.2917724,4.2417727,4.181772,4.1417723,4.0617723,3.9717724,3.8717725,3.7717724,3.6717725,3.5617723,3.4517725,3.3317726,3.2317724,3.1317725,3.0317724,2.9417725,2.8517725,2.7417724,2.6117725,2.4817724,2.3117723,2.1517725,1.9717724,1.7917725,1.6117724,1.4017725,1.1817725,1.0017724,0.8017725,0.62177247,0.44177246,0.27177247,0.11177246
5.1217723,5.1217723,5.1517725,5.1617723,5.2117724,5.2617726,5.3117723,5.3517723,5.3917723,5.4017725,5.4117723,5.3917723,5.3717723,5.3417726,5.3417726,5.4017725,5.4917727,5.6117725,5.7417727,5.8717723,6.0917726,6.3717723,6.6017723,6.7617726,6.8417726,6.8817725,6.8917723,6.8917723,6.7517724,6.5617723,6.2917724,6.0617723,5.931772,5.8317723,5.7517724,5.7017727,5.7617726,5.8017726,5.0217724,3.2617724,1.1317725,-0.32822755,-0.59822756,-0.79822755,-0.8182275,-0.52822757,-0.26822755,-0.05822754,0.03177246,0.001772461,-0.09822754,-0.19822754,-0.26822755,-0.52822757,-0.79822755,-0.9482275,-1.1082275
5.9017725,5.1717725,4.5317726,4.0717726,4.0017724,4.5317726,5.0117726,5.4617724,5.7117724,5.8717723,5.9617724,6.0317726,5.8017726,5.5017724,5.1417723,4.7717724,4.5117726,4.2117724,3.5017724,2.7217724,2.1917725,1.4417725,0.8617725,0.39177245,0.45177245,1.0617725,1.9017725,3.0517724,4.0317726,4.1317725,3.3117723,1.9717724,0.64177245,1.8817725,3.4017725,4.8517723,4.8217726,4.3517723,4.0217724,4.1317725,4.0717726,3.0117724,0.62177247,-1.0982275,-1.1382276,-0.42822754,-0.17822754,-0.44822752,-0.87822753,-1.8882276,-2.6482275,-3.1682274,-3.5982275,-3.7382276,-2.8082275,-1.1582276,0.8017725
1.4917724,1.3217725,1.2017725,1.2117724,1.3817725,2.5617723,3.9217725,5.2217727,4.8017726,3.8517725,2.5217724,1.8217725,1.6717725,2.4517725,2.0117724,1.3317724,0.84177244,1.5017724,2.7717724,3.4417725,2.7717724,1.6917725,1.9517725,3.1517725,5.2717724,6.7217727,8.011772,6.3317723,4.4817724,2.1617725,0.69177246,-0.34822753,-0.91822755,-1.4182276,-1.3582275,-1.6882275,-1.6282276,-1.7182275,-2.2982275,-2.4982276,-2.3182275,-2.2382276,-2.2582276,-2.2182276,-1.7282275,-0.74822754,-0.23822755,-0.60822755,-1.1782275,-1.6082275,-1.9582275,-2.2182276,-2.5082276,-2.7782276,-3.0282276,-3.3282275,-3.7482276
6.9917727,5.2517724,4.181772,2.5917726,1.1017724,0.17177247,-0.39822754,-0.90822756,-1.6282276,-1.6882275,-0.87822753,0.6817725,2.7817724,1.7417724,-0.19822754,-0.87822753,0.5517725,2.0117724,2.8617725,3.2017725,3.2717724,3.7517724,3.5517724,1.7217724,-1.5182276,-2.7982275,-2.5382276,-2.3782275,-2.6182275,-2.5982275,-2.5382276,-2.3682275,-2.0682275,-1.7782276,-1.5582275,-1.4582275,-1.3882276,-1.3082275,-1.1382276,-0.92822754,-0.79822755,-0.73822755,-0.68822753,-0.6382275,-0.59822756,-0.71822757,-1.0282276,-1.2882276,-1.5082276,-1.5582275,-1.3882276,-1.2882276,-1.6582276,-2.5782275,-3.7382276,-4.6482277,-5.4582276
0.21177246,0.5417725,0.6117725,1.0717725,1.6117724,1.4817724,1.1317725,0.84177244,0.81177247,0.96177244,1.1617725,1.3517724,1.5517725,1.1917725,0.16177246,-0.71822757,-0.78822756,-0.30822754,0.36177245,0.90177244,0.64177245,0.20177247,-0.28822753,-0.62822753,-0.7082275,-0.62822753,-0.49822754,-0.41822755,-0.40822753,-0.45822755,-0.47822753,-0.36822754,-0.048227537,0.33177245,0.59177244,0.7317725,0.7417725,0.62177247,0.51177245,0.50177246,0.6617725,0.88177246,0.9917725,0.75177246,0.52177244,0.27177247,-0.5882275,-1.6082275,-2.3182275,-2.7782276,-2.7482276,-3.0682275,-2.9382277,-3.1782274,-3.2682276,-3.2482276,-3.5282276
-0.19822754,-0.5082275,-0.60822755,-0.40822753,0.011772461,0.44177246,0.81177247,1.0417725,1.1617725,1.4117725,1.6817725,1.8917725,1.8017725,1.0417725,0.53177243,0.7917725,1.0917724,1.0117725,0.81177247,0.6617725,0.6617725,0.76177245,0.84177244,0.87177247,0.87177247,0.9117725,1.0217725,1.2417724,1.5517725,1.8717724,2.1417725,2.2817724,2.2717724,2.0917726,1.5717725,0.82177246,0.46177247,0.47177246,0.13177246,-0.22822754,-0.37822753,-0.59822756,-0.86822754,-1.0482275,-0.96822757,-0.62822753,-0.27822754,-0.93822753,-2.1682274,-2.9982276,-3.3682275,-3.3482275,-3.3382275,-3.4882276,-3.5682275,-3.6482275,-3.8782275
-1.3482275,-0.61822754,-0.03822754,0.38177246,0.70177245,1.0117725,1.3117725,1.6417725,2.0417724,2.4517725,2.6717725,2.6217725,2.5817726,2.5417724,2.3917725,1.8017725,1.2817725,1.2417724,1.2917725,1.2617725,1.2517724,1.2717725,1.3717724,1.4617724,1.6217724,1.7817725,1.9317725,2.1017725,2.2817724,2.4817724,2.7217724,3.0017724,3.3717725,2.9017725,1.2017725,0.51177245,0.24177246,0.16177246,0.14177246,-0.68822753,-1.4082276,-1.5382276,-1.2582276,-1.4582275,-1.6282276,-1.7882276,-1.8582275,-1.7182275,-1.6182275,-2.1682274,-2.8282275,-2.8782275,-3.0582275,-3.6082275,-3.9682276,-4.2482276,-4.2782273
-1.0782275,-0.12822753,0.70177245,1.2217724,1.2917725,1.4217725,1.7617725,2.0717726,2.3617725,2.6417725,2.7217724,2.6617725,2.5417724,2.3917725,2.1817725,1.7717725,1.6017724,1.7617725,1.8417724,1.9117725,1.9817724,1.8917725,1.8117725,1.8917725,2.0217724,2.1017725,2.1517725,2.0517724,1.9617724,2.3517725,2.7817724,2.9317725,2.7117724,2.3917725,2.1317725,1.8117725,1.2917725,0.72177243,0.16177246,-0.28822753,-0.6382275,-0.49822754,-0.02822754,0.36177245,0.53177243,0.51177245,0.27177247,-0.03822754,-0.38822755,-1.3782276,-2.0782275,-2.0382276,-1.6982275,-1.9182276,-2.7682276,-3.7582276,-5.5582275
1.1017724,1.3817725,1.6117724,1.6817725,1.6717725,1.7617725,1.9717724,2.2717724,2.5517724,2.8417726,2.9817724,2.8617725,2.6417725,2.5217724,2.5417724,2.5517724,2.5117724,2.5417724,2.7617724,2.7817724,2.9517725,3.3717725,3.5617723,3.6817725,4.2717724,4.7517724,2.7117724,2.1617725,1.8417724,3.1817725,3.7417724,3.7917724,3.5517724,3.1717725,2.4417725,1.1317725,0.33177245,0.45177245,0.57177246,0.5517725,-0.16822754,-0.8382275,-1.1982275,-1.8982276,-2.8382275,-3.2182276,-2.4482276,-2.2282276,-3.2782276,-3.0882275,-3.2982275,-3.0682275,-3.8682275,-5.0282273,-5.5982275,-5.6082277,-6.6382275
0.45177245,0.9317725,1.4517725,1.9717724,2.4117725,2.7617724,3.0017724,3.2417724,3.5117724,3.4417725,3.5917726,3.9517725,4.0017724,4.4017725,4.7817726,4.9217725,4.9617724,4.8917723,5.0817723,5.0817723,5.2217727,5.3817725,5.5117726,5.7817726,5.1617723,4.7317724,4.9417725,4.8017726,4.7617726,5.181772,5.4617724,4.8017726,2.4517725,0.25177246,-0.41822755,-0.7682275,-0.18822753,1.1217724,2.5017724,2.1617725,1.2817725,-0.13822754,-1.2182275,-2.5382276,-2.8382275,-3.2682276,-3.4382277,-3.6282275,-3.9382277,-3.3382275,-2.5482275,-2.5082276,-3.5182276,-5.2882276,-6.3682275,-6.3982277,-7.2782273
4.7717724,5.7317724,6.0717726,5.7417727,5.4517727,5.4017725,5.2317724,5.1317725,5.1917725,5.4417725,5.6417723,5.7017727,5.7317724,5.8717723,6.3717723,6.4917727,6.4817724,6.2517724,6.4717727,6.5917726,6.5817723,6.6717725,7.1017723,6.8017726,6.7317724,7.0717726,7.2817726,7.7817726,8.101772,8.061772,7.1717725,4.4017725,2.6617725,1.1717725,1.1917725,1.0317725,1.9417725,2.3917725,1.9517725,2.2917724,1.5117725,1.7117724,1.3417724,1.3417724,-0.71822757,-1.2982275,-5.5182276,-8.068228,-8.948228,-8.178227,-4.0982275,-4.2582273,-5.9882274,-4.9582276,-8.398228,-9.658228,-8.888227
5.5917726,5.8817725,6.2717724,6.5417724,6.4017725,5.6017723,5.2417727,5.3217726,5.6417723,5.931772,6.2017727,6.3517723,6.4017725,6.4817724,6.8417726,6.7317724,6.8317723,7.0517726,7.2517724,7.6417723,7.5917726,7.1617723,6.8817725,6.8217726,6.8517723,6.8717723,6.8717723,6.6117725,6.3117723,6.3817725,5.2717724,5.1617723,4.431772,4.4017725,4.3717723,4.681772,4.9517727,5.1017723,6.1417723,5.2217727,2.2717724,2.6017725,3.3817725,-1.4382275,-3.5082276,-4.3482275,-4.0182276,-2.6082275,-2.7082276,-4.8882275,-5.8482275,-6.1682277,-6.6582274,-4.8882275,-5.7382274,-5.7082276,-4.6082277
7.5817723,7.6717725,7.0817723,6.6417723,6.4017725,6.431772,6.4617724,6.6517725,6.5717726,6.7317724,6.7817726,6.5617723,6.9517727,7.4917727,6.4717727,6.3717723,6.0617723,6.0717726,6.2617726,6.6317725,6.6117725,6.0217724,4.4017725,4.1217723,4.6517725,4.8717723,4.931772,4.4017725,4.8817725,4.3517723,3.9717724,4.3317723,4.1617723,3.9017725,3.9417725,4.2917724,5.7217727,5.8617725,6.4917727,6.5417724,6.6317725,5.931772,5.1017723,4.1617723,-0.20822755,-1.8182275,-2.5282276,-2.4482276,-2.7582276,-3.1782274,-3.4082274,-2.7782276,-1.4882275,-2.2982275,-2.3582275,-3.8782275,-4.1482277
7.4017725,7.2017727,6.9917727,6.9017725,6.8517723,6.9417725,6.8617725,6.7817726,6.8817725,7.6017723,6.8117723,5.8317723,5.4617724,5.0417724,5.6917725,5.7617726,5.8617725,6.2317724,5.7517724,5.5017724,5.1717725,5.2317724,5.4017725,5.5017724,5.2017727,4.9917727,5.0317726,5.3017726,5.2117724,4.3817725,4.1317725,4.2117724,4.2317724,4.6317725,4.3917723,4.681772,5.3317723,5.4517727,6.0717726,5.5117726,6.3917723,5.5717726,5.5017724,5.181772,4.6617723,3.1017725,0.33177245,-0.41822755,-1.0982275,-0.78822756,-1.3982276,-1.4382275,-2.2682276,-3.0982275,-4.2382274,-4.9882274,-5.4082274
5.4517727,6.6217723,6.3717723,6.7117724,6.8217726,7.0417724,7.1717725,7.3717723,7.8817725,7.9517727,7.1117725,6.8217726,7.7517724,6.7217727,4.9117723,4.7317724,5.4417725,6.2317724,6.9617724,6.5417724,5.6417723,5.0717726,4.8917723,6.1017723,5.6017723,5.3717723,5.1117725,4.431772,4.2317724,4.181772,3.6417725,2.9017725,3.1517725,3.2617724,3.6317725,4.0417724,3.9017725,3.7617724,3.9317725,4.1017723,4.0717726,3.5117724,3.5017724,3.7817724,3.2417724,2.7017725,2.4317725,1.9517725,0.95177245,-0.35822755,-1.3882276,-1.9082276,-2.7482276,-3.5582275,-4.2282276,-5.2482276,-5.9482274
6.3517723,7.7617726,7.7417727,6.1317725,5.931772,5.7417727,6.3517723,6.8517723,7.8417726,6.431772,6.5317726,6.9217725,7.6617723,7.2317724,6.5617723,6.8417726,7.3917723,7.7017727,7.4117723,6.6717725,6.4217725,6.1917725,6.2517724,6.2717724,6.3117723,6.4617724,6.2117724,5.7317724,5.8017726,5.5517726,4.7917724,4.6017723,4.3317723,4.0417724,3.7817724,3.4517725,3.0717726,2.7317724,2.1917725,1.4117725,0.75177246,0.23177247,-0.08822754,-0.35822755,-0.74822754,-1.3482275,-1.6682276,-1.7682276,-1.8082275,-1.9282275,-2.0082276,-2.0182276,-2.1982276,-2.5382276,-3.3482275,-3.9882276,-4.8582277
9.161773,8.741773,5.2217727,4.2817726,3.9317725,4.2817726,4.8717723,5.0617723,5.2717724,5.8017726,7.0617723,6.7817726,6.9417725,7.7917724,7.7817726,7.2017727,7.4017725,7.7617726,8.271772,7.9917727,7.7317724,7.4617724,6.931772,6.4017725,6.3317723,6.2717724,6.5217724,6.9017725,6.5217724,6.6417723,6.7017727,6.3117723,6.4017725,6.4517727,5.3317723,4.8717723,3.8717725,2.4917724,1.4617724,0.28177246,-0.39822754,-1.6682276,-2.5382276,-3.2582276,-3.8682275,-4.2982273,-4.5882277,-4.6782274,-4.568228,-4.2582273,-4.1882277,-4.3482275,-4.4682274,-4.5382276,-4.5882277,-4.5082273,-4.2282276
-1.2082275,-1.4882275,-1.2082275,-0.32822755,0.24177246,1.1117724,2.1217725,2.6717725,3.2717724,3.7617724,4.8817725,5.6117725,6.0817723,6.7117724,7.1317725,7.3617725,7.8417726,7.9017725,8.351772,8.741773,8.701773,8.451773,7.9017725,7.7717724,7.6517725,7.931772,8.551772,9.111773,9.601772,9.991773,9.961773,9.701773,9.011772,7.7517724,6.2317724,4.6517725,3.1717725,1.7917725,0.51177245,-0.67822754,-1.6582276,-2.7382276,-3.9082274,-5.0282273,-6.0082273,-6.6182275,-7.3882275,-8.078228,-7.9882274,-7.9982276,-7.9482274,-7.7282276,-7.318228,-6.9482274,-6.6182275,-6.0882277,-5.7082276
-2.9982276,-2.6382275,-2.3682275,-2.2382276,-2.2782276,-2.0282276,-1.1982275,-0.36822754,0.7317725,2.0217724,3.4517725,4.0017724,4.2017727,4.6017723,5.2117724,6.0917726,6.7617726,7.431772,8.341772,8.941772,10.461773,10.601772,8.881772,7.7517724,7.5417724,7.2917724,7.6917725,8.671772,9.711773,10.601772,10.301772,10.101772,8.081773,4.5817723,2.4417725,1.5717725,0.7317725,-0.30822754,-1.4882275,-2.7282276,-4.0282273,-5.3882275,-6.5382276,-7.3982277,-8.368228,-9.218227,-9.468227,-9.5982275,-9.658228,-9.828228,-10.328228,-10.198228,-9.408228,-9.048227,-8.628227,-7.6782274,-6.9882274
-4.2082276,-3.7582276,-3.1782274,-3.0982275,-3.8882275,-3.5382276,-2.4482276,-1.3282275,-1.2482276,0.38177246,1.2617725,1.9817724,2.4917724,2.7617724,3.1317725,3.8717725,4.6617723,5.3317723,5.8417726,6.3517723,6.7917724,6.7817726,6.5817723,6.4517727,5.9617724,5.7417727,5.7717724,6.1217723,6.4817724,6.5817723,7.0817723,6.6117725,5.4117723,4.1717725,3.1217725,2.8817725,1.5317725,0.97177243,-0.16822754,-0.8382275,-1.7182275,-3.5882275,-3.6282275,-7.6382275,-10.728228,-12.158228,-12.488228,-12.498227,-12.638227,-12.388227,-12.228228,-11.528228,-10.968227,-10.718227,-9.448228,-8.758227,-8.358228
-6.4482274,-5.9782276,-5.5482273,-5.4782276,-5.2182274,-4.4682274,-4.2182274,-3.4782276,-2.3382275,-1.8182275,-1.0382276,-0.5782275,-0.61822754,-0.20822755,0.89177245,1.9617724,2.9917724,3.4117725,3.9717724,4.2317724,4.2617726,4.4417725,4.6717725,4.8117723,4.931772,5.0617723,5.1917725,5.3317723,5.0117726,5.3917723,5.5517726,5.0617723,4.6217723,3.7717724,3.2417724,2.7417724,2.6117725,2.1717725,1.5117725,0.6117725,-0.6482275,-2.0582275,-3.2182276,-3.9882276,-5.6782274,-6.9082274,-12.398228,-15.528228,-15.488228,-14.778228,-14.238228,-13.448228,-12.728228,-11.498227,-10.648228,-9.318228,-8.728228
-7.6182275,-7.3882275,-6.6082277,-5.8782277,-5.4782276,-5.1682277,-4.7382274,-4.3882275,-3.8182275,-3.2682276,-2.5782275,-1.9382275,-1.7682276,-1.5182276,-0.74822754,-0.008227539,0.28177246,0.65177244,1.1317725,1.7117724,2.0317724,2.8317726,3.2017725,3.6917725,5.0217724,4.8917723,4.8517723,4.8917723,5.0017724,5.3017726,5.2617726,4.9417725,4.5717726,4.0317726,3.5317724,3.2817724,2.7717724,2.7317724,2.3217726,1.8617724,1.1817725,0.03177246,-1.7182275,-3.0682275,-3.8682275,-5.1582274,-7.7182274,-11.608228,-16.658228,-17.048227,-15.928227,-14.728228,-13.768228,-12.428227,-11.008227,-9.628227,-8.0982275
