wind_kz.json
{"header": {"discipline":0,"disciplineName":"Meteorological products","gribEdition":2,"gribLength":1025,"center":7,"centerName":"US National Weather Service - NCEP(WMC)","subcenter":0,"refTime":"2025-04-05T00:00:00.000Z","significanceOfRT":1,"significanceOfRTName":"Start of forecast","productStatus":0,"productStatusName":"Operational products","productType":1,"productTypeName":"Forecast products","productDefinitionTemplate":0,"productDefinitionTemplateName":"Analysis/forecast at horizontal level/layer at a point in time","parameterCategory":2,"parameterCategoryName":"UnknownDiscipline_0_Category_2","parameterNumber":3,"parameterNumberName":"UnknownParameter_D0_C2_3","parameterUnit":"Unknown","genProcessType":2,"genProcessTypeName":"Forecast","forecastTime":240,"surface1Type":103,"surface1TypeName":"Specified height level above ground","surface1Value":10.0,"surface2Type":255,"surface2TypeName":"Missing","surface2Value":0.0,"gridDefinitionTemplate":0,"gridDefinitionTemplateName":"Latitude_Longitude","numberPoints":615,"shape":6,"shapeName":"Earth spherical with radius of 6,371,229.0 m","gridUnits":"degrees","resolution":48,"winds":"true","scanMode":64,"nx":41,"ny":15,"basicAngle":0,"lo1":47.0,"la1":41.0,"lo2":87.0,"la2":55.0,"dx":1.0,"dy":1.0}, "data":
[rows 0 to 14 of 15, columns 0 to 40 of 41]
-0.32791382,-2.4679139,0.032086182,-6.8679137,-4.977914,-3.8579137,0.76208615,1.0420861,2.812086,1.1920862,-3.9679139,-4.4879136,-4.4679136,-2.7979138,-2.9579139,-1.1979138,2.052086,0.04208618,1.9820862,0.62208617,-0.3379138,1.1220862,-0.37791383,-0.99791384,-0.4979138,-1.2579138,-1.4479138,2.062086,2.3820863,0.7220862,-2.8279138,-3.897914,1.6120862,-1.2979138,1.9820862,0.87208617,0.68208617,1.5920862,1.6720862,0.6420862,0.032086182
5.5120864,1.5320861,-7.067914,-5.897914,-2.9979138,0.36208618,0.7720862,0.88208616,4.622086,4.5720863,1.5720862,-3.937914,-0.28791383,-3.3279138,-2.0779138,-0.74791384,-2.7579138,-3.7979138,-2.427914,-1.6979138,-0.38791382,2.6520863,3.342086,1.9020861,0.08208618,-0.9179138,-1.5879139,1.4720862,1.1720862,2.072086,5.722086,3.592086,-0.9779138,-2.647914,-4.917914,-1.2679138,-1.1779138,-2.3679137,-0.067913815,0.6520862,2.052086
-1.2979138,-6.5779138,-5.877914,-5.067914,-2.8579137,3.5220861,1.3520862,0.42208618,2.312086,2.4720862,2.5220861,0.7920862,0.5420862,-0.9679138,-1.3279138,1.7620862,2.4520862,1.3220862,-1.3679138,-1.5979139,-2.5979137,-0.44791383,1.3020862,1.2920861,0.87208617,0.9020862,-0.87791383,-2.157914,-1.8579139,1.9720862,3.0120862,-1.7279139,2.2520862,-1.1279138,-0.08791382,1.9420862,1.6920862,-0.4079138,-0.07791382,-0.5079138,0.27208617
-1.1379138,-2.9679139,-2.2679138,-0.9779138,2.0220861,5.062086,3.9520862,3.5120862,3.2620862,4.1520863,2.9720862,2.8920863,3.4620862,2.6420863,1.1220862,-0.6579138,-1.0679138,-1.3179138,-2.907914,-2.7979138,-1.1579138,-0.26791382,2.6820862,-0.8579138,-2.6279137,-2.5179138,-0.25791383,-2.2479138,2.8820863,-0.9779138,-2.5779138,1.2520862,-0.3079138,-0.13791382,1.5120862,-2.2079139,0.6420862,2.9320862,-0.6479138,-0.34791383,-2.5879138
-2.8579137,-4.0979137,-1.3179138,2.1420863,3.6120863,3.7620862,3.0020862,1.6920862,2.822086,2.0320861,2.062086,3.342086,2.342086,0.8020862,-1.0979139,-0.74791384,-1.9579139,-1.9579139,-2.157914,-2.1379137,-0.3679138,-0.4379138,-1.4279138,-1.5179138,-3.647914,-3.5979137,-4.917914,-3.897914,-3.3279138,-4.8479137,-5.877914,-2.397914,2.1120863,1.5820862,-1.6679138,-1.2979138,-2.1079137,0.7420862,-2.8579137,-4.127914,-5.3679137
-2.7579138,-1.5979139,-4.0979137,-1.1979138,-1.4479138,-0.5379138,1.6120862,1.4620862,0.8420862,1.8620862,0.13208619,1.2420862,-0.6479138,-1.0179138,0.19208618,-0.62791383,-1.3079138,-2.3679137,-1.9979138,-1.6879138,-1.9679139,-0.7579138,0.21208619,-0.8579138,-0.62791383,-1.9679139,-2.9979138,-4.9679136,-4.7579136,-4.6579137,-4.6979136,-5.497914,-6.167914,-5.5079136,2.2320862,0.20208618,1.1020862,-1.8179138,3.1220863,-0.18791382,-5.317914
-2.7879138,-2.2879138,-2.2179139,-2.3479137,-4.667914,-1.6179138,0.17208618,1.0220861,-0.09791382,0.42208618,-0.7779138,2.5320861,2.6920862,-0.67791384,-1.8279138,-1.5279138,-1.0079138,-0.6479138,-0.10791382,-0.057913817,-1.6479138,-1.3779138,-0.73791385,0.2820862,1.0020862,-0.22791381,-3.3079138,-3.397914,-5.337914,-5.4279137,-6.627914,-8.417913,-7.457914,-8.967914,1.4320862,1.3520862,1.3520862,0.27208617,-0.5879138,-1.3579139,-4.9879136
-1.6479138,-2.7879138,-2.7479138,-1.9079138,-0.057913817,0.6120862,0.2520862,0.8920862,0.2520862,-0.34791383,1.2120862,1.1020862,0.18208618,0.112086184,-0.8279138,-1.3079138,-1.5479138,-1.1379138,-1.1779138,1.3520862,-1.7279139,-1.4779139,-2.3379138,-1.4779139,-1.0579138,0.8420862,1.5220861,-1.7879138,-3.1379137,-5.527914,-6.4879136,-5.977914,-7.417914,-9.357914,-2.407914,0.19208618,-1.8579139,0.23208618,-0.4679138,1.6620861,0.6520862
-1.0379138,-2.5179138,-4.4879136,-3.7379138,-2.657914,-0.80791384,-0.18791382,0.5520862,-0.057913817,-0.16791382,-0.5179138,-0.2779138,-0.25791383,-1.3879138,-1.1979138,-2.0579138,-1.6479138,-1.6879138,-1.1279138,0.50208616,1.3120862,-1.0879139,-1.0879139,-0.7179138,-0.4379138,-0.67791384,-0.067913815,-1.1679138,-1.4879138,-1.8579139,-4.067914,-5.6179137,-4.5779138,-4.8679137,-3.6279137,-3.4679139,-2.2679138,0.22208618,1.2820861,0.112086184,-1.9079138
-0.057913817,-0.99791384,-2.8379138,-4.807914,-4.207914,-5.4879136,-3.687914,-1.4079138,-0.6979138,0.04208618,-0.44791383,-2.2579138,0.39208618,-1.1579138,-1.1679138,-1.5179138,-1.3779138,-1.3479139,-0.7679138,0.27208617,0.10208618,0.6520862,0.15208618,-0.32791382,-0.4279138,0.0020861817,-1.1779138,-0.68791384,-1.2779138,-2.3679137,-1.7779138,-2.5979137,-4.557914,-6.4679136,-4.187914,0.072086185,0.112086184,-1.7079139,-2.3079138,-1.0379138,-1.9079138
-2.5079138,-2.8579137,-1.6279138,0.08208618,-1.2479138,-0.7979138,-1.0579138,-1.1379138,-0.86791384,-1.0679138,0.82208616,-0.9779138,-0.6479138,-0.08791382,-0.8579138,-0.8479138,-0.56791383,-1.1779138,-0.7279138,-0.3079138,-0.12791382,0.49208617,0.50208616,0.19208618,-0.62791383,-0.31791383,0.02208618,-0.5479138,-1.0979139,-1.0779138,-2.6179137,-3.5179138,-5.187914,-5.9879136,-7.107914,-5.6779137,-2.187914,0.62208617,-1.7679138,-1.1779138,-0.5079138
-4.087914,-4.777914,-2.8179138,-3.2479138,-1.5679138,-1.5079138,-1.1579138,-0.5979138,-1.7979138,-1.1579138,-0.62791383,-2.7179139,-1.3379139,-0.8379138,-0.7879138,-0.8579138,-0.5979138,-0.73791385,0.7720862,0.7120862,1.5720862,0.68208617,0.5220862,-0.037913818,0.2520862,0.032086182,0.8920862,0.7720862,-0.14791381,-1.5479138,-2.3779137,-3.3879137,-3.3279138,-4.357914,-4.3879137,-5.127914,-4.087914,-2.2579138,-0.55791384,0.7220862,-0.61791384
-3.947914,-4.4079137,-3.7579138,-3.6179137,-2.417914,-1.6179138,-1.7579138,-0.7579138,-2.0679138,0.27208617,-0.7179138,-0.80791384,-2.0679138,-1.0579138,-0.35791382,-0.037913818,-0.04791382,0.6120862,0.48208618,0.9220862,1.9720862,2.1220863,1.4220862,1.9320862,2.072086,1.8720862,1.0820862,0.16208619,-0.44791383,-1.1179138,-1.6279138,-2.3179138,-2.8879137,-3.3379138,-3.7279139,-3.7079139,-3.9679139,-2.4979138,-3.0879138,-2.6379137,-1.1279138
-4.167914,-4.727914,-4.277914,-3.8879137,-3.2179139,-2.447914,-2.5879138,-0.4679138,-1.7279139,-0.9679138,0.15208618,-0.34791383,-2.157914,-0.04791382,0.48208618,1.0620862,1.3620862,1.5020862,1.3620862,1.8720862,2.092086,2.2820861,2.2220862,2.2520862,2.2420862,1.9820862,1.3120862,0.7820862,0.19208618,-0.22791381,-0.6579138,-1.0779138,-1.3879138,-1.7479138,-2.407914,-2.897914,-2.697914,-2.7479138,-2.8079138,-1.9079138,-1.7479138
-3.8279138,-4.957914,-5.227914,-3.937914,-3.5079138,-2.8479137,-2.6279137,-2.0479138,-1.2679138,-0.35791382,-0.93791384,0.5520862,1.1620861,-0.16791382,1.2020862,1.5120862,1.9320862,1.7320862,2.2120862,2.6620862,2.842086,2.9220862,2.822086,2.6320863,2.602086,2.5120862,2.4920862,2.102086,1.4020861,0.9020862,0.39208618,-0.20791382,-0.7179138,-1.2279139,-1.2579138,-1.5379138,-1.6979138,-1.6879138,-2.2279139,-3.697914,-1.0579138
