wind_kz.json
{"header": {"discipline":0,"disciplineName":"Meteorological products","gribEdition":2,"gribLength":1025,"center":7,"centerName":"US National Weather Service - NCEP(WMC)","subcenter":0,"refTime":"2023-09-28T12:00:00.000Z","significanceOfRT":1,"significanceOfRTName":"Start of forecast","productStatus":0,"productStatusName":"Operational products","productType":1,"productTypeName":"Forecast products","productDefinitionTemplate":0,"productDefinitionTemplateName":"Analysis/forecast at horizontal level/layer at a point in time","parameterCategory":2,"parameterCategoryName":"UnknownDiscipline_0_Category_2","parameterNumber":3,"parameterNumberName":"UnknownParameter_D0_C2_3","parameterUnit":"Unknown","genProcessType":2,"genProcessTypeName":"Forecast","forecastTime":180,"surface1Type":103,"surface1TypeName":"Specified height level above ground","surface1Value":10.0,"surface2Type":255,"surface2TypeName":"Missing","surface2Value":0.0,"gridDefinitionTemplate":0,"gridDefinitionTemplateName":"Latitude_Longitude","numberPoints":615,"shape":6,"shapeName":"Earth spherical with radius of 6,371,229.0 m","gridUnits":"degrees","resolution":48,"winds":"true","scanMode":64,"nx":41,"ny":15,"basicAngle":0,"lo1":47.0,"la1":41.0,"lo2":87.0,"la2":55.0,"dx":1.0,"dy":1.0}, "data":
[rows 0 to 14 of 15, columns 0 to 40 of 41]
-0.15736328,-2.3673632,1.7426367,8.242637,4.962637,2.8926368,-0.7673633,-1.5273633,0.7826367,-0.9573633,-2.2073634,-0.74736327,-1.0473633,-3.7973633,-4.457363,-1.2073632,1.1526368,2.6626368,3.6026368,3.5826368,2.6826367,-2.2673633,-3.9673634,1.1026367,0.3426367,1.0026367,0.47263673,0.74263674,2.8126366,3.8426368,1.1326367,-0.8673633,0.6626367,-1.2573633,1.4526367,1.8326367,1.3526367,0.4926367,0.86263674,0.29263672,1.8326367
4.5726366,-0.43736327,3.5626366,6.812637,4.462637,1.2926368,-0.5173633,2.0326366,1.7926368,-0.21736328,-2.3173633,-2.2473633,-3.4673634,-5.207363,-7.437363,-3.5473633,2.1526368,2.2426367,0.12263672,4.3226366,1.9426367,-2.1773634,-3.4973633,-2.3273633,-0.9773633,-0.4773633,-1.6573633,0.35263672,-0.07736328,1.6926367,3.0426366,4.5126367,0.7026367,-0.8373633,-2.9173632,-0.8673633,-0.9773633,-1.0873632,-0.6073633,-1.6273633,0.93263674
1.2326367,4.062637,3.1126368,2.8226366,1.8226367,-0.3173633,-0.39736328,1.4326367,1.5126367,-0.6773633,-2.7073634,-2.8973632,-3.2673633,-5.457363,-7.127363,-5.997363,-1.5973632,0.45263672,-2.7173634,1.7726368,5.7026367,1.6626368,-0.7673633,0.08263672,1.1326367,0.92263675,0.5426367,0.5726367,0.17263672,1.3226367,3.6626368,1.9726367,2.2526367,-0.8373633,-0.007363281,2.9026368,4.9526367,0.8926367,0.67263675,-0.11736328,0.50263673
0.9626367,3.6726367,3.0226367,1.1726367,-0.5973633,0.47263673,0.09263672,1.4026368,0.5326367,-0.7673633,-2.0373633,-3.0173633,-5.1773634,-6.017363,-4.707363,-3.2473633,-0.94736326,1.7126367,0.92263675,5.2626367,4.9126368,3.9026368,1.9826367,4.772637,-2.1473632,-5.127363,-2.1673632,-3.1373632,-1.0073633,-0.68736327,0.9526367,-1.9173633,-1.8373632,-0.30736327,-0.4173633,-3.4273634,-1.1973633,2.8226366,2.8726368,0.67263675,0.8926367
2.1126368,3.2626367,1.8826367,0.6926367,1.8926368,1.0326368,-0.82736325,1.0226368,0.6926367,-0.81736326,-2.0673633,-2.2073634,-4.517363,-5.1773634,-6.147363,-4.9873633,-3.5873632,-3.4173632,-3.0273633,-2.4073632,-0.7273633,0.6326367,1.9626367,2.0026367,0.6026367,-1.4973633,-2.5173633,-2.5773633,-2.3873632,-3.3173633,-3.3673632,-0.9273633,1.8926368,2.9726367,-0.4073633,-2.4873633,0.7826367,-2.3473632,-1.2573633,0.87263674,-0.07736328
2.8326368,1.6226367,0.6626367,-0.8473633,1.1926367,0.6426367,2.2526367,0.7226367,-0.5273633,-1.3973633,-1.4973633,-1.1273633,-2.6873634,-3.8073633,-4.767363,-4.8373632,-2.9773633,-2.6973634,-3.8473632,-2.9873633,-2.3573632,-1.8573632,-1.2773633,0.16263671,-1.1673633,0.39263672,-1.8673633,-2.4773633,-1.7273632,-2.3473632,-3.3173633,-3.1873634,-2.1773634,-2.1173632,1.1326367,0.61263674,3.0626366,3.6126368,-0.5273633,-1.6473633,-0.42736328
3.5926368,2.5026367,1.6826367,0.87263674,-0.04736328,1.4926367,0.9026367,-0.33736327,-2.3173633,-2.9573634,-2.8973632,0.26263672,-2.5973632,-2.5973632,-3.4073632,-4.537363,-1.5973632,-1.1573633,-2.4473634,-3.3673632,-2.9973633,-2.4073632,-1.5773633,-0.8373633,-0.6673633,-0.45736328,-2.8173633,-1.9673632,-3.6173632,-1.8573632,-3.0873632,-4.707363,-4.857363,-3.2973633,-1.3273633,-1.5773633,-3.2373633,-1.8173633,1.5126367,0.18263672,1.6526368
3.4726367,2.8726368,2.7226367,2.2226367,3.2426367,2.3426368,1.4626367,0.8926367,-1.7873633,-3.4973633,-2.5173633,-0.9773633,-3.6173632,-2.9873633,-3.3773632,-2.0473633,-2.0673633,-1.1873633,-1.3173633,-0.5973633,-3.4973633,-2.0273633,-2.7273633,-0.57736325,0.7726367,0.9126367,1.0726367,-1.7373633,-1.1073632,-3.8373632,-3.6473632,-3.4673634,-5.207363,-5.437363,-2.4373634,-1.8373632,-1.2373633,0.9826367,-1.0073633,-0.057363283,-1.7273632
3.6626368,3.5826368,2.7426367,2.9326367,3.2026367,3.1426368,2.3326368,1.2726368,0.20263672,-1.4673632,-2.0873632,-2.4973633,-3.1073632,-3.8473632,-3.7173634,-4.127363,-3.0273633,-3.1573632,-0.22736329,1.0226368,0.80263674,-1.9473633,-2.2273633,-1.3173633,-1.1073632,-1.2873633,0.022636719,-0.9773633,-0.9773633,-0.7273633,-1.6773633,-3.1173632,-1.7673633,-2.5873632,-1.8973633,-1.9673632,-2.4473634,0.19263671,1.7126367,1.3326367,-0.12736328
3.7626367,3.6126368,3.4126368,3.1926367,3.6826367,2.9826367,2.8426368,2.3526368,1.3926368,1.3426367,-0.30736327,-1.4973633,-2.4473634,-2.6073632,-2.7373633,-2.4573634,-2.8473632,-3.1773634,-2.6773634,0.81263673,1.4226367,1.8926368,0.5226367,-0.19736329,-0.6473633,-0.3773633,-1.0973632,-0.2873633,-1.1473633,-1.6773633,-0.57736325,-0.75736326,-2.2773633,-2.5473633,-1.9073633,-1.0573633,0.0026367188,-2.2373633,0.80263674,3.0026367,2.6326368
3.1226368,3.8326368,3.6426368,2.2626367,2.7126367,3.1826367,3.1726367,2.8526368,2.7426367,2.0626366,1.5726367,0.36263672,-1.2973633,-0.9273633,-1.8173633,-1.0673633,-2.2573633,-2.6873634,-2.3073633,1.6426368,2.0926368,3.1026368,1.8626367,1.4026368,0.3426367,0.112636715,-0.35736328,-0.2873633,-0.32736328,0.09263672,-0.49736327,-1.1173633,-2.1473632,-2.0373633,-2.1073632,-0.5973633,-0.4773633,1.2626367,0.7326367,0.92263675,0.20263672
0.012636718,3.0426366,3.6826367,3.8426368,3.4926367,2.8226366,1.7626367,1.7526367,1.7626367,2.8726368,1.8526367,0.28263673,-0.20736328,0.06263672,0.7826367,-0.5573633,-0.27736327,-2.0573633,-1.7773633,-0.62736326,3.2226367,2.6526368,2.4626367,1.8726367,1.9026368,1.7726368,1.2326367,0.28263673,0.5426367,-0.09736328,-0.14736328,-0.6673633,-1.1673633,-1.6073632,-1.6773633,-1.9673632,-0.5873633,0.55263674,-0.33736327,-0.26736328,0.9026367
-1.2073632,-1.8673633,2.7526367,3.8326368,3.7926366,1.7226367,1.7126367,2.2226367,1.2726368,2.4426367,1.7326367,1.6326367,1.4326367,0.99263674,1.4726367,0.61263674,0.26263672,0.04263672,-1.0873632,-1.4673632,2.0326366,3.3826368,3.1226368,2.6526368,2.3126366,2.3626368,0.6026367,-0.4073633,0.80263674,0.3326367,-0.007363281,0.072636716,-0.7673633,-1.4573632,-1.5473633,-1.6073632,-2.3173633,-1.1173633,0.45263672,-0.32736328,-1.5873632
-1.2673633,0.18263672,-1.7073632,-1.8073633,1.5926367,3.1626368,2.8526368,3.0326366,1.7826368,2.3026366,1.8926368,1.2226367,0.7026367,1.9626367,1.1726367,1.9626367,2.2126367,1.8026367,1.6226367,0.48263672,0.5126367,2.0626366,3.0326366,2.5426366,2.4026368,1.9526367,0.04263672,0.8926367,0.81263673,0.24263673,0.2726367,0.5426367,0.4026367,-0.6173633,-1.4273633,-1.5973632,-1.6773633,-1.1873633,-0.8373633,-0.18736328,-0.81736326
-0.9173633,-0.11736328,1.4926367,1.6626368,1.4326367,0.50263673,0.32263672,2.2026367,2.7026367,2.1726367,1.7626367,2.2026367,2.3426368,1.2426367,1.3426367,1.7626367,2.4026368,2.6426368,2.5326366,2.4226367,2.3326368,2.3626368,2.3426368,2.5126367,2.1626368,1.7426367,1.2526367,1.8426367,1.7626367,1.4126368,1.0426368,2.0426366,0.9126367,0.26263672,-0.18736328,-0.5473633,-1.1373633,-0.81736326,-0.6073633,-0.82736325,-0.48736328
