wind.json
{"header": {"discipline":0,"disciplineName":"Meteorological products","gribEdition":2,"gribLength":1125,"center":7,"centerName":"US National Weather Service - NCEP(WMC)","subcenter":0,"refTime":"2023-05-30T06:00:00.000Z","significanceOfRT":1,"significanceOfRTName":"Start of forecast","productStatus":0,"productStatusName":"Operational products","productType":1,"productTypeName":"Forecast products","productDefinitionTemplate":0,"productDefinitionTemplateName":"Analysis/forecast at horizontal level/layer at a point in time","parameterCategory":2,"parameterCategoryName":"UnknownDiscipline_0_Category_2","parameterNumber":3,"parameterNumberName":"UnknownParameter_D0_C2_3","parameterUnit":"Unknown","genProcessType":2,"genProcessTypeName":"Forecast","forecastTime":0,"surface1Type":103,"surface1TypeName":"Specified height level above ground","surface1Value":10.0,"surface2Type":255,"surface2TypeName":"Missing","surface2Value":0.0,"gridDefinitionTemplate":0,"gridDefinitionTemplateName":"Latitude_Longitude","numberPoints":688,"shape":6,"shapeName":"Earth spherical with radius of 6,371,229.0 m","gridUnits":"degrees","resolution":48,"winds":"true","scanMode":64,"nx":43,"ny":16,"basicAngle":0,"lo1":45.0,"la1":40.0,"lo2":87.0,"la2":55.0,"dx":1.0,"dy":1.0}, "data":
[rows 0 to 15 of 16, columns 0 to 42 of 43]
3.465943,1.945943,-1.974057,-2.984057,0.095943,0.30594298,2.4459429,1.315943,2.4459429,1.065943,2.255943,1.265943,3.285943,2.165943,0.30594298,-1.994057,-2.264057,-4.504057,-6.474057,-7.944057,-7.044057,-2.614057,-1.624057,-2.884057,-3.364057,-3.524057,-4.834057,-3.914057,-2.004057,1.875943,3.845943,2.235943,4.935943,3.335943,-1.544057,0.435943,0.285943,-0.194057,-1.424057,-1.854057,-1.6140571,-0.564057,0.105942994
-0.674057,-2.074057,-0.344057,2.405943,3.915943,5.465943,3.365943,2.965943,4.995943,2.405943,1.965943,2.455943,2.235943,0.325943,-1.624057,-1.904057,-2.164057,-4.644057,-4.174057,-5.334057,-5.694057,-3.994057,-3.274057,-1.634057,1.265943,0.135943,2.1959429,0.255943,-2.254057,-1.454057,-1.654057,-0.294057,-0.334057,2.225943,-1.944057,2.655943,1.495943,-0.25405702,-0.594057,-0.294057,-1.344057,1.025943,0.66594297
0.425943,1.805943,4.455943,0.72594297,-2.634057,7.565943,5.575943,5.595943,5.875943,4.605943,3.415943,2.525943,1.515943,-0.52405703,-0.494057,-0.28405702,-3.064057,-3.574057,-3.854057,-4.554057,-3.644057,-6.614057,-4.544057,-1.194057,-0.484057,-1.684057,1.195943,1.905943,1.655943,-0.084057,1.425943,-1.174057,-0.294057,0.195943,-0.784057,-2.264057,1.495943,2.975943,2.255943,4.585943,3.575943,4.235943,-1.594057
-2.604057,-2.684057,0.295943,2.295943,1.375943,4.145943,5.955943,7.695943,6.565943,5.545943,5.435943,3.595943,1.255943,0.565943,0.655943,-0.514057,-2.124057,-2.734057,-3.864057,-6.364057,-3.624057,-1.604057,-3.034057,-5.974057,-6.474057,-3.094057,-2.634057,-1.984057,-0.224057,-1.464057,-0.014057007,-3.064057,-2.044057,0.885943,-3.154057,1.515943,0.845943,-2.524057,-2.244057,0.045942992,-3.114057,2.015943,0.97594297
-2.134057,-1.274057,0.385943,4.035943,5.215943,7.055943,9.825943,10.095943,8.055943,7.125943,5.905943,4.645943,3.005943,1.165943,-1.194057,-2.144057,0.015942993,-1.714057,-4.544057,-5.634057,-6.464057,-6.064057,-3.624057,-5.844057,-0.044057008,-1.194057,-1.774057,-2.014057,-1.914057,-2.214057,-3.104057,-3.074057,-0.264057,-0.134057,1.485943,-0.014057007,1.925943,1.735943,4.215943,4.005943,-2.5540571,-2.134057,-2.134057
-2.894057,-2.324057,-1.274057,5.865943,11.225943,10.975943,9.135943,10.195943,8.145943,8.475943,7.415943,6.185943,5.455943,3.985943,1.585943,-0.684057,-0.714057,-0.784057,-2.914057,-4.074057,-4.184057,-3.444057,-2.514057,-0.714057,-0.734057,-1.244057,-0.974057,-0.934057,-2.194057,-2.614057,-1.874057,-2.794057,-3.364057,-3.844057,-2.444057,-1.544057,-0.194057,1.335943,2.545943,3.065943,1.235943,-1.174057,-1.064057
-1.154057,-2.394057,-1.294057,7.055943,6.335943,8.575943,7.385943,5.925943,8.505943,8.955943,7.735943,6.615943,6.375943,5.325943,3.365943,-0.274057,0.525943,-0.28405702,-2.364057,-2.844057,-4.164057,-3.654057,-2.194057,-1.384057,-1.1140571,-1.904057,-2.464057,-2.714057,-2.324057,-0.89405704,-3.174057,-2.514057,-1.844057,-1.184057,-1.294057,0.925943,1.025943,-3.024057,-2.444057,-2.904057,-5.484057,-4.374057,0.12594299
3.035943,1.395943,-0.454057,3.565943,9.265943,8.725943,8.635943,9.585943,9.275943,9.745943,7.975943,7.475943,6.935943,6.145943,5.095943,3.765943,1.155943,-1.424057,-3.564057,-5.504057,-5.544057,-2.404057,-3.844057,-2.204057,-0.084057,-0.64405704,-1.734057,-2.214057,-3.174057,-2.354057,-4.194057,-5.404057,-5.694057,-1.694057,-1.004057,-0.904057,-3.744057,-6.234057,-0.324057,3.465943,0.33594298,4.235943,-0.15405701
3.505943,1.3859429,-0.054057006,-0.614057,3.955943,7.705943,9.245943,9.345943,9.605943,9.915943,8.385943,7.775943,7.255943,6.965943,5.095943,2.755943,0.08594299,-2.154057,-4.064057,-5.454057,-6.124057,-4.634057,-2.864057,-3.424057,-2.174057,-1.1140571,-2.114057,-3.074057,-4.284057,-5.644057,-7.834057,-8.804057,-7.944057,-6.814057,-3.444057,-1.544057,1.995943,0.07594299,4.785943,-1.324057,-0.864057,-3.944057,-0.844057
4.445943,4.625943,3.145943,0.615943,5.335943,7.005943,5.145943,5.285943,8.085943,9.065943,8.595943,7.905943,6.885943,7.085943,5.185943,2.1959429,0.245943,-1.154057,-2.854057,-3.614057,-3.474057,-4.984057,-4.944057,-4.424057,-4.664057,-2.874057,-3.954057,-5.744057,-3.824057,-6.184057,-7.874057,-7.294057,-7.714057,-7.614057,-6.044057,-6.524057,-7.024057,-5.204057,-0.264057,4.345943,4.845943,3.425943,2.605943
0.705943,5.495943,5.485943,3.715943,7.585943,6.255943,6.455943,7.295943,7.505943,8.665943,8.815943,7.705943,6.815943,5.945943,3.685943,2.935943,1.235943,-0.014057007,-1.684057,-2.984057,-2.074057,-3.234057,-4.084057,-5.104057,-4.084057,-4.394057,-2.444057,-5.784057,-4.494057,-4.244057,-3.614057,-5.124057,-5.654057,-8.024057,-8.704057,-8.604057,-7.874057,-1.524057,2.085943,1.325943,1.105943,3.235943,2.075943
-1.534057,-0.944057,2.765943,4.915943,7.435943,4.535943,6.995943,7.085943,7.035943,6.905943,7.795943,7.335943,6.485943,4.455943,2.615943,1.785943,-0.10405701,-0.024057006,-1.314057,-1.004057,-2.514057,-3.314057,-3.014057,-2.424057,-4.144057,-4.744057,-1.894057,-3.204057,-3.824057,-3.194057,-3.814057,-3.904057,-4.114057,-6.544057,-7.334057,-7.274057,-6.684057,-0.024057006,1.055943,0.685943,1.235943,-1.174057,-0.944057
-3.354057,-0.534057,-0.28405702,0.515943,2.555943,6.215943,5.475943,5.285943,5.055943,6.405943,5.505943,4.445943,3.335943,2.555943,2.705943,2.295943,1.025943,-0.084057,-1.314057,-2.524057,-1.1140571,-1.914057,-2.764057,-4.444057,-3.084057,-3.544057,-1.254057,-1.074057,-0.64405704,-1.144057,-1.244057,-1.104057,-3.254057,-5.254057,-5.634057,-7.024057,-5.304057,-5.554057,-1.134057,0.735943,-0.554057,-2.594057,-2.184057
-3.464057,-2.644057,-0.784057,-1.554057,0.30594298,2.835943,3.865943,2.585943,4.315943,4.475943,5.405943,3.675943,2.125943,2.835943,2.645943,1.945943,1.025943,1.375943,-1.254057,-2.154057,-1.974057,-2.294057,-1.764057,-2.014057,-3.124057,-3.444057,-4.834057,0.415943,3.105943,3.115943,1.225943,-0.794057,-1.604057,-3.124057,-4.034057,-4.584057,-4.604057,-4.894057,-0.194057,1.975943,-0.264057,-3.314057,-2.044057
-2.764057,-2.714057,-2.754057,-3.014057,-3.0540571,-0.224057,1.905943,2.185943,3.605943,3.285943,1.485943,1.015943,1.315943,0.91594297,1.255943,0.575943,2.055943,1.205943,1.895943,-1.6140571,-2.314057,-2.784057,-3.484057,-1.964057,-2.014057,-2.374057,-1.664057,4.775943,3.215943,3.345943,2.265943,2.125943,0.255943,-1.874057,-2.884057,-2.754057,-3.574057,-4.444057,-3.444057,-1.924057,0.46594298,-2.704057,-4.214057
-0.764057,-1.564057,-1.034057,-2.244057,-2.694057,-1.744057,-1.464057,0.015942993,0.575943,-0.294057,0.435943,-0.20405701,-0.534057,-1.324057,-0.724057,-0.64405704,-0.624057,-1.1140571,-1.174057,-2.034057,-2.874057,-3.124057,-2.384057,-2.564057,-2.404057,-1.814057,2.715943,4.915943,4.235943,5.535943,2.545943,3.165943,3.415943,-0.754057,-2.3040571,-2.824057,-3.734057,-3.964057,-5.024057,-5.874057,-4.994057,-3.944057,-1.824057
