wind_kz.json
{"header": {"discipline":0,"disciplineName":"Meteorological products","gribEdition":2,"gribLength":948,"center":7,"centerName":"US National Weather Service - NCEP(WMC)","subcenter":0,"refTime":"2023-08-23T12:00:00.000Z","significanceOfRT":1,"significanceOfRTName":"Start of forecast","productStatus":0,"productStatusName":"Operational products","productType":1,"productTypeName":"Forecast products","productDefinitionTemplate":0,"productDefinitionTemplateName":"Analysis/forecast at horizontal level/layer at a point in time","parameterCategory":0,"parameterCategoryName":"UnknownDiscipline_0_Category_0","parameterNumber":0,"parameterNumberName":"UnknownParameter_D0_C0_0","parameterUnit":"Unknown","genProcessType":2,"genProcessTypeName":"Forecast","forecastTime":240,"surface1Type":1,"surface1TypeName":"Ground or water surface","surface1Value":0.0,"surface2Type":255,"surface2TypeName":"Missing","surface2Value":0.0,"gridDefinitionTemplate":0,"gridDefinitionTemplateName":"Latitude_Longitude","numberPoints":615,"shape":6,"shapeName":"Earth spherical with radius of 6,371,229.0 m","gridUnits":"degrees","resolution":48,"winds":"true","scanMode":64,"nx":41,"ny":15,"basicAngle":0,"lo1":47.0,"la1":41.0,"lo2":87.0,"la2":55.0,"dx":1.0,"dy":1.0}, "data":
[rows 0 to 14 of 15, columns 0 to 40 of 41]
316.47293,301.87292,308.37292,299.37292,299.37292,298.77292,310.87292,323.97293,319.97293,317.37292,316.97293,315.97293,314.6729,314.27292,313.77292,313.6729,313.87292,313.27292,314.77292,314.57294,316.97293,312.77292,312.77292,306.77292,305.57294,308.47293,298.37292,283.97293,282.97293,283.57294,281.47293,280.57294,294.37292,305.1729,307.87292,307.47293,308.1729,307.97293,307.1729,307.07294,306.77292
290.97293,307.6729,299.07294,299.37292,299.97293,298.97293,321.07294,320.87292,318.1729,316.37292,317.6729,316.07294,315.57294,313.37292,313.47293,312.47293,313.1729,314.07294,313.37292,313.27292,313.87292,313.1729,311.37292,301.47293,287.87292,286.07294,294.77292,288.87292,288.27292,279.97293,285.1729,279.77292,289.47293,270.47293,285.77292,303.97293,301.57294,304.47293,308.47293,298.77292,286.1729
314.87292,300.27292,299.37292,299.77292,299.37292,316.27292,315.97293,318.6729,316.27292,314.77292,314.47293,316.57294,314.6729,313.6729,313.47293,312.07294,311.87292,311.07294,311.1729,313.87292,313.47293,310.87292,310.47293,302.77292,307.1729,305.1729,303.87292,301.6729,299.57294,291.27292,284.07294,286.07294,291.1729,293.1729,294.37292,294.07294,287.1729,289.1729,290.6729,282.37292,283.07294
317.37292,299.57294,299.6729,298.97293,301.97293,316.37292,315.6729,316.77292,317.37292,315.87292,314.57294,313.47293,295.27292,296.37292,313.27292,312.1729,311.37292,310.1729,311.07294,310.77292,309.1729,304.6729,309.27292,309.1729,308.97293,307.37292,307.97293,306.07294,301.97293,303.07294,305.07294,303.6729,306.57294,307.07294,304.37292,299.97293,286.07294,283.97293,289.1729,300.6729,303.27292
317.6729,299.57294,299.6729,299.6729,305.57294,315.77292,314.77292,317.6729,316.6729,315.37292,314.87292,313.6729,295.27292,294.57294,292.97293,313.47293,313.07294,309.97293,308.47293,309.47293,309.57294,309.57294,308.47293,308.27292,308.57294,307.6729,305.07294,300.27292,305.77292,304.57294,305.47293,304.1729,290.97293,283.6729,293.27292,302.87292,301.97293,309.1729,307.07294,307.37292,306.57294
315.1729,313.97293,297.77292,299.47293,299.37292,297.97293,316.97293,310.1729,305.87292,314.27292,312.87292,313.57294,296.6729,294.6729,300.87292,308.6729,313.27292,311.97293,311.87292,310.77292,309.57294,308.1729,307.57294,307.07294,306.6729,305.47293,304.97293,292.77292,304.87292,305.87292,303.77292,303.77292,304.1729,303.6729,298.87292,297.1729,295.1729,296.6729,306.1729,307.6729,305.37292
311.1729,311.6729,313.1729,311.77292,300.57294,310.07294,305.57294,301.37292,302.27292,307.1729,310.27292,309.57294,310.07294,309.97293,306.77292,307.97293,311.27292,310.1729,310.1729,309.77292,308.87292,309.1729,307.97293,307.27292,305.27292,304.77292,304.57294,305.97293,306.1729,305.97293,303.77292,302.37292,304.07294,306.07294,304.07294,301.97293,297.07294,291.97293,290.07294,290.1729,299.37292
306.97293,308.1729,309.27292,310.1729,311.87292,312.1729,308.27292,305.47293,306.1729,301.87292,303.1729,304.77292,308.77292,308.27292,309.47293,307.1729,308.27292,308.87292,308.37292,305.47293,306.1729,307.1729,306.07294,306.07294,303.77292,301.47293,301.37292,302.47293,300.27292,302.27292,300.6729,300.97293,298.77292,296.1729,296.27292,298.47293,300.6729,289.57294,300.6729,300.57294,298.1729
303.47293,301.77292,304.57294,305.37292,306.87292,308.6729,304.27292,303.57294,303.57294,299.27292,302.1729,304.57294,303.47293,307.87292,306.97293,307.37292,307.27292,306.57294,304.47293,304.87292,302.97293,303.27292,304.07294,303.87292,302.1729,301.87292,299.47293,298.97293,297.37292,295.6729,296.37292,295.97293,296.37292,296.6729,295.87292,293.27292,294.57294,294.57294,283.57294,284.87292,284.6729
296.27292,297.57294,298.77292,298.77292,301.6729,305.07294,304.87292,303.77292,304.6729,298.1729,300.97293,304.07294,304.77292,304.1729,305.77292,307.47293,307.37292,307.47293,306.1729,304.77292,302.37292,302.47293,301.27292,302.1729,301.97293,300.1729,299.6729,297.87292,297.6729,297.57294,296.37292,297.57294,298.97293,298.1729,296.97293,294.77292,291.6729,289.37292,286.37292,285.77292,284.87292
299.77292,298.1729,298.27292,297.87292,296.07294,297.1729,298.77292,302.27292,299.87292,303.77292,297.1729,298.37292,304.37292,303.37292,303.77292,303.87292,305.1729,305.47293,305.57294,302.6729,302.77292,302.27292,300.87292,299.77292,298.87292,299.27292,297.27292,298.47293,298.6729,299.57294,299.37292,298.6729,297.87292,296.57294,295.47293,293.77292,288.07294,286.47293,288.27292,285.27292,285.37292
296.6729,296.27292,296.1729,296.07294,292.37292,290.07294,289.57294,290.6729,291.87292,294.57294,294.97293,297.07294,300.97293,300.57294,301.1729,300.6729,300.37292,303.07294,301.77292,300.6729,298.1729,297.1729,297.97293,298.1729,297.1729,297.57294,298.07294,299.37292,299.1729,298.6729,297.27292,297.47293,296.37292,294.1729,294.1729,294.07294,292.87292,292.6729,289.6729,289.77292,288.57294
286.1729,291.27292,293.1729,293.6729,292.57294,288.57294,291.47293,288.47293,284.57294,284.27292,286.1729,292.07294,294.37292,296.07294,297.77292,299.6729,297.37292,300.27292,299.27292,299.6729,299.27292,296.6729,295.87292,295.1729,296.07294,296.37292,297.6729,297.07294,297.57294,297.27292,296.47293,294.6729,294.07294,293.1729,292.97293,291.6729,291.87292,291.57294,290.6729,288.6729,288.07294
284.77292,284.97293,288.07294,286.77292,286.47293,288.47293,288.47293,285.97293,288.37292,283.47293,282.6729,283.47293,287.77292,291.37292,290.1729,291.37292,290.77292,294.27292,299.07294,297.27292,298.57294,297.37292,295.57294,296.07294,296.47293,295.27292,294.6729,294.77292,294.57294,295.07294,294.97293,294.87292,293.47293,291.1729,290.77292,290.87292,291.27292,290.47293,289.6729,287.6729,287.6729
283.47293,284.6729,290.07294,285.1729,287.1729,286.87292,285.97293,286.87292,289.1729,287.07294,285.6729,281.57294,280.57294,282.57294,283.57294,286.27292,287.77292,290.37292,290.57294,294.37292,295.6729,294.47293,291.47293,292.87292,292.87292,293.57294,290.6729,289.97293,291.1729,292.37292,290.37292,289.1729,292.07294,290.27292,290.07294,290.07294,290.27292,289.77292,289.6729,289.37292,287.27292
