wind_kz.json
{"header": {"discipline":0,"disciplineName":"Meteorological products","gribEdition":2,"gribLength":1025,"center":7,"centerName":"US National Weather Service - NCEP(WMC)","subcenter":0,"refTime":"2023-10-02T18:00:00.000Z","significanceOfRT":1,"significanceOfRTName":"Start of forecast","productStatus":0,"productStatusName":"Operational products","productType":1,"productTypeName":"Forecast products","productDefinitionTemplate":0,"productDefinitionTemplateName":"Analysis/forecast at horizontal level/layer at a point in time","parameterCategory":2,"parameterCategoryName":"UnknownDiscipline_0_Category_2","parameterNumber":2,"parameterNumberName":"UnknownParameter_D0_C2_2","parameterUnit":"Unknown","genProcessType":2,"genProcessTypeName":"Forecast","forecastTime":300,"surface1Type":103,"surface1TypeName":"Specified height level above ground","surface1Value":10.0,"surface2Type":255,"surface2TypeName":"Missing","surface2Value":0.0,"gridDefinitionTemplate":0,"gridDefinitionTemplateName":"Latitude_Longitude","numberPoints":615,"shape":6,"shapeName":"Earth spherical with radius of 6,371,229.0 m","gridUnits":"degrees","resolution":48,"winds":"true","scanMode":64,"nx":41,"ny":15,"basicAngle":0,"lo1":47.0,"la1":41.0,"lo2":87.0,"la2":55.0,"dx":1.0,"dy":1.0}, "data":
[rows 0 to 14 of 15, columns 0 to 40 of 41]
-1.196333,-0.15633301,1.293667,3.163667,0.983667,-3.7463331,-4.706333,-3.936333,-4.586333,-1.9363331,-2.426333,-1.226333,-0.336333,1.343667,2.293667,2.673667,2.663667,2.843667,3.283667,3.973667,2.043667,1.103667,2.083667,2.053667,-0.306333,2.393667,3.183667,3.533667,1.773667,1.823667,1.873667,1.383667,-0.376333,-3.556333,-6.116333,-5.366333,-5.606333,-6.416333,-7.366333,-6.306333,-5.976333
-0.246333,-0.35633302,1.613667,-3.186333,-3.706333,-3.906333,-2.4963331,-2.836333,-2.206333,-2.146333,-0.746333,-0.246333,0.503667,0.823667,1.123667,2.423667,1.713667,2.283667,1.6936669,0.163667,0.493667,0.733667,2.713667,-1.636333,-0.15633301,0.53366697,1.243667,1.263667,3.393667,2.783667,1.553667,3.843667,2.953667,1.573667,1.273667,-1.046333,-3.326333,-3.106333,1.243667,-2.176333,-2.526333
1.893667,6.993667,-0.596333,-2.606333,-3.316333,-2.456333,-2.196333,-1.836333,-2.006333,-1.576333,-0.816333,0.07366699,-0.886333,-1.496333,0.07366699,-0.15633301,-2.416333,-1.396333,-1.576333,-2.296333,-2.776333,-4.766333,-4.746333,-2.636333,-1.066333,-2.036333,-1.836333,-0.286333,3.633667,0.513667,3.5036669,-1.746333,0.13366699,2.373667,-0.336333,0.713667,0.263667,-0.346333,-1.4363331,-1.4363331,1.433667
3.973667,4.333667,1.393667,-1.916333,-1.146333,-0.23633301,-0.896333,-0.646333,-0.986333,-1.536333,-2.406333,-3.966333,-3.516333,-2.816333,-2.386333,-2.036333,-2.736333,-2.656333,-1.476333,-1.336333,-1.646333,-2.786333,-6.916333,-8.096333,-7.246333,-8.966333,-8.166333,-10.956333,-6.006333,-2.296333,1.433667,1.783667,0.673667,0.27366698,0.603667,1.953667,0.91366696,2.913667,-2.586333,-2.616333,-2.456333
4.073667,4.933667,3.2536669,1.653667,0.283667,0.653667,-0.616333,-1.096333,-0.696333,-3.176333,-3.846333,-4.776333,-4.806333,-5.316333,-5.596333,-5.526333,-6.666333,-6.876333,-8.936333,-12.706333,-13.156333,-10.836333,-11.036333,-10.306333,-10.496333,-11.126333,-11.866333,-9.136333,-7.536333,-6.386333,-5.886333,-3.456333,-0.046333008,2.973667,-3.056333,-1.876333,-0.576333,-1.916333,-1.526333,-1.506333,-2.316333
2.603667,4.303667,3.113667,1.473667,1.153667,-0.726333,-1.756333,-2.336333,-2.476333,-2.696333,-4.976333,-5.736333,-6.306333,-7.336333,-7.506333,-9.006333,-9.316333,-11.206333,-11.986333,-11.206333,-11.626333,-10.476333,-9.736333,-10.236333,-9.986333,-10.666333,-9.586333,-8.836333,-6.956333,-6.556333,-5.876333,-5.366333,-5.126333,-4.296333,-2.566333,1.883667,-0.17633301,-0.216333,-0.71633303,-1.9363331,-1.256333
2.983667,5.153667,1.453667,1.433667,-1.466333,-0.946333,-1.836333,-2.426333,-3.066333,-3.586333,-4.326333,-4.836333,-5.216333,-6.656333,-7.706333,-8.146333,-8.386333,-9.306333,-9.826333,-10.596333,-9.836333,-8.516333,-7.626333,-7.356333,-7.806333,-7.246333,-6.206333,-5.446333,-5.326333,-5.216333,-4.616333,-4.846333,-3.136333,0.223667,-0.786333,-0.686333,-0.026333008,-2.046333,0.373667,0.173667,2.2536669
2.853667,1.873667,3.113667,0.443667,-0.486333,-1.616333,-1.756333,-1.656333,-3.056333,-3.386333,-4.156333,-5.206333,-5.776333,-6.606333,-6.496333,-7.086333,-7.376333,-7.566333,-7.136333,-9.006333,-7.686333,-6.516333,-5.216333,-4.086333,-4.126333,-3.826333,-3.966333,-3.326333,-3.336333,-3.156333,-3.526333,-2.826333,-1.506333,-1.156333,-2.136333,0.13366699,2.773667,5.633667,5.783667,6.623667,4.103667
2.023667,2.773667,3.633667,0.72366697,-1.026333,-1.276333,-1.546333,-1.866333,-2.886333,-3.336333,-4.166333,-4.856333,-5.296333,-4.996333,-5.956333,-5.606333,-5.906333,-5.876333,-5.196333,-4.926333,-6.496333,-5.006333,-3.646333,-2.646333,-3.256333,-1.796333,-1.996333,-2.616333,-2.016333,-0.83633304,-1.376333,-0.83633304,-0.916333,-0.366333,-0.286333,0.773667,0.253667,-0.07633301,0.223667,-0.05633301,0.20366699
2.383667,1.913667,3.523667,1.033667,-1.386333,-1.3063331,-1.836333,-1.616333,-2.136333,-2.846333,-3.826333,-4.586333,-3.936333,-4.476333,-5.036333,-4.346333,-4.436333,-4.096333,-3.976333,-3.936333,-4.756333,-3.706333,-2.626333,-2.256333,-2.146333,-0.636333,-0.976333,-0.936333,-0.786333,0.72366697,0.323667,-0.736333,-0.676333,0.473667,1.173667,1.963667,1.473667,0.573667,0.823667,-0.676333,0.013666992
3.433667,3.243667,1.843667,1.343667,-1.536333,-1.476333,-1.406333,-1.146333,-1.996333,-2.616333,-2.696333,-2.836333,-2.216333,-3.386333,-3.476333,-3.106333,-3.516333,-3.316333,-3.116333,-3.696333,-2.796333,-2.086333,-1.866333,-1.116333,-1.336333,-0.946333,1.043667,-0.316333,-0.44633302,-0.03633301,-1.066333,-1.166333,0.13366699,-0.06633301,-0.806333,-0.986333,-0.026333008,-0.676333,0.443667,-0.896333,1.323667
2.053667,1.353667,2.283667,1.493667,-0.486333,-1.326333,-1.396333,-1.726333,-1.456333,-2.826333,-2.176333,-1.816333,-1.136333,-0.826333,-0.996333,-1.076333,-1.196333,-1.4363331,-1.026333,-0.956333,-0.38633302,-0.286333,0.373667,0.373667,0.943667,0.713667,1.053667,1.703667,0.653667,-0.676333,-0.58633304,0.083666995,0.383667,0.933667,-0.71633303,-1.486333,-2.376333,-2.446333,-1.586333,0.323667,0.53366697
1.263667,1.173667,1.003667,2.773667,1.213667,-0.336333,-1.506333,-1.076333,-1.566333,-1.776333,-1.316333,-0.546333,0.253667,0.78366697,1.093667,0.953667,0.963667,1.183667,0.78366697,1.223667,1.723667,1.6936669,1.833667,1.713667,0.483667,1.573667,1.653667,1.603667,1.883667,1.6936669,0.803667,1.053667,1.053667,1.363667,1.033667,0.733667,-0.286333,-0.426333,-0.676333,-0.07633301,-0.166333
2.913667,2.773667,1.803667,0.0036669923,-0.286333,0.603667,-0.686333,-0.266333,0.253667,-0.15633301,-0.936333,-0.96633303,0.72366697,2.283667,2.033667,2.353667,2.453667,2.483667,1.453667,2.593667,2.733667,3.273667,3.353667,3.183667,3.353667,2.863667,2.513667,2.893667,2.233667,2.363667,2.423667,2.073667,1.9436669,1.793667,1.553667,1.573667,1.283667,0.91366696,1.183667,-0.026333008,-0.06633301
1.703667,2.683667,2.083667,2.563667,2.013667,0.72366697,1.793667,0.943667,0.13366699,-0.29633301,-0.336333,-0.44633302,-0.616333,0.413667,2.923667,2.7536669,3.183667,3.143667,2.813667,3.413667,3.473667,3.643667,3.393667,3.543667,3.653667,3.373667,3.333667,3.163667,3.153667,2.783667,2.713667,3.743667,3.013667,2.963667,2.713667,2.533667,2.103667,2.543667,1.873667,1.263667,0.623667
