wind_kz.json
{"header": {"discipline":0,"disciplineName":"Meteorological products","gribEdition":2,"gribLength":948,"center":7,"centerName":"US National Weather Service - NCEP(WMC)","subcenter":0,"refTime":"2023-09-29T12:00:00.000Z","significanceOfRT":1,"significanceOfRTName":"Start of forecast","productStatus":0,"productStatusName":"Operational products","productType":1,"productTypeName":"Forecast products","productDefinitionTemplate":0,"productDefinitionTemplateName":"Analysis/forecast at horizontal level/layer at a point in time","parameterCategory":2,"parameterCategoryName":"UnknownDiscipline_0_Category_2","parameterNumber":2,"parameterNumberName":"UnknownParameter_D0_C2_2","parameterUnit":"Unknown","genProcessType":2,"genProcessTypeName":"Forecast","forecastTime":180,"surface1Type":103,"surface1TypeName":"Specified height level above ground","surface1Value":10.0,"surface2Type":255,"surface2TypeName":"Missing","surface2Value":0.0,"gridDefinitionTemplate":0,"gridDefinitionTemplateName":"Latitude_Longitude","numberPoints":615,"shape":6,"shapeName":"Earth spherical with radius of 6,371,229.0 m","gridUnits":"degrees","resolution":48,"winds":"true","scanMode":64,"nx":41,"ny":15,"basicAngle":0,"lo1":47.0,"la1":41.0,"lo2":87.0,"la2":55.0,"dx":1.0,"dy":1.0}, "data":
[rows 0 to 14 of 15, columns 0 to 40 of 41]
-0.40460938,-0.6046094,2.2553906,1.8053906,2.1853907,3.0553906,1.7153907,-2.5146093,-3.6746094,-2.8346093,-3.5446093,-3.7946093,-3.7946093,-3.2046094,-2.9046094,-2.6846094,-1.7646093,-0.36460936,-2.3746095,-0.75460935,-1.1646094,-0.44460937,-0.87460935,-2.5646093,-0.06460938,-1.8646094,-2.0146093,-0.26460937,0.4153906,0.27539062,-0.86460936,0.6053906,-0.014609375,2.7653906,2.9453907,-0.07460938,-0.38460937,-2.1646094,-2.3946095,-2.2046094,-1.9146094
1.6853906,1.8353906,-0.17460938,1.6853906,3.1653907,-1.7146094,-4.5246096,-3.5346093,-3.8446093,-3.9946094,-3.6246095,-3.7346094,-2.8346093,-2.0246093,-1.7946094,-2.4046094,0.045390625,-2.6046095,-0.8446094,-2.0746093,-2.3746095,-1.2146094,-0.75460935,-2.8946095,-0.004609375,0.51539063,-0.5946094,0.4153906,-0.22460938,-0.54460937,0.2553906,-0.43460938,0.07539062,-2.1146095,0.56539065,-1.3246094,-1.1646094,-1.3946093,-2.8346093,0.74539065,-0.6546094
1.0853906,-0.75460935,-1.4946094,0.93539065,-1.1346093,-4.634609,-4.464609,-3.6746094,-4.2346096,-3.4646094,-3.6246095,-3.2946093,-2.7746093,-2.6646094,-2.4246094,-2.8146093,-2.8346093,-1.3546094,-1.7546093,0.045390625,-2.7146094,-3.5846093,-3.4046094,-3.1346095,0.70539063,-1.6946094,-0.74460936,-0.93460935,-1.7346094,-0.20460938,-1.1846094,2.3153906,-0.28460938,-0.75460935,0.2553906,-0.31460938,-0.8546094,0.32539064,-1.1146094,0.6053906,0.9753906
0.21539062,-0.6046094,-0.46460938,-0.12460937,-1.9146094,-3.1646094,-0.48460937,-2.3346093,-2.5246093,-2.7746093,-2.5446093,-2.6346095,-3.0146093,-3.1746094,-2.6046095,-2.0446093,-1.7346094,-2.2546093,-2.4246094,-1.6546093,-2.1746094,-2.3546095,-2.6146095,-3.5446093,-3.3946095,-3.1246095,-2.9146094,-3.6746094,-1.5846094,-0.16460937,0.32539064,-0.24460937,-0.31460938,-1.5446094,-2.0446093,-1.6146094,-1.4646094,1.0153906,-0.56460935,-0.5846094,-1.1346093
0.8453906,0.34539062,0.31539062,-1.1946094,-3.5646093,-2.2446094,-4.154609,-2.9546094,-1.5246093,-1.2046094,-1.1346093,-1.5546094,-1.9446094,-2.6146095,-3.1046095,-2.1546094,-2.5846093,-2.9146094,-3.2846093,-4.384609,-4.9546094,-4.3346095,-4.7046094,-4.1846094,-3.7046094,-3.7546093,-4.6846094,-2.8846095,-3.1346095,-3.0646093,-2.6346095,-0.45460936,-1.0346093,-0.6546094,-0.6346094,-0.6046094,-3.9246094,-4.2446094,-2.9146094,-3.6946094,-3.7346094
1.8853906,0.9853906,0.14539063,-2.3946095,-2.1246095,-2.5046093,-0.8846094,0.07539062,-1.5046093,-0.45460936,-0.054609373,-0.39460936,-0.9646094,-1.1346093,-1.0946094,-0.87460935,-2.6146095,-3.3846095,-4.0346093,-2.8946095,-4.0346093,-3.2246094,-3.3746095,-4.1046095,-3.9946094,-4.1846094,-2.4246094,-3.8146093,-2.3746095,-2.2346094,-2.6946094,-1.5246093,-1.8346094,-2.6246095,-0.73460937,-0.044609375,0.38539064,-2.7646093,-0.55460936,-3.2246094,-4.0346093
0.23539062,1.4153906,-0.35460937,1.4653907,1.3453907,0.8953906,-0.9646094,-2.0446093,0.035390627,0.68539065,0.9853906,1.9753907,1.8453907,1.7353907,0.055390626,1.0453906,-0.004609375,-2.4746094,-3.2446094,-3.9146094,-3.2446094,-3.2146094,-3.1346095,-2.0746093,-2.5546093,-2.6646094,-1.6146094,-2.1846094,-2.8946095,-3.2746093,-3.4446094,-4.0646095,-0.7846094,-2.0546093,-2.2446094,-1.8146094,-1.3246094,1.2253907,-0.9646094,0.74539065,1.4853907
-1.9346094,-0.06460938,-2.6146095,-3.2446094,1.4453906,0.9253906,2.2453907,-3.6546094,-1.9946094,0.18539062,0.19539063,0.63539064,0.9853906,1.7953906,2.0253906,0.7353906,-0.19460937,-0.9646094,-1.2246094,-2.6646094,-1.9546094,-2.4146094,-2.0946093,-2.6246095,-1.9946094,-1.2146094,-1.3446094,-2.5446093,-1.8446094,-2.3646095,-2.8646095,-2.1646094,-3.9846094,-1.3546094,-2.9146094,-0.79460937,-0.12460937,3.4753907,0.94539064,1.2653906,-0.7846094
-2.7346094,-1.4546094,-1.8546094,-1.8746094,-0.38460937,-1.4946094,-1.1146094,-0.8846094,2.6453905,1.3053906,-0.21460937,2.7553906,2.4653907,2.1353905,2.8853905,1.7453907,0.63539064,0.12539062,0.21539062,0.38539064,-0.044609375,1.0953907,1.0053906,-1.0646094,-1.2046094,-1.6146094,-1.3646094,-1.5546094,-0.81460935,-1.4146094,-1.8046094,-1.6246094,-1.1946094,-1.6146094,-0.9746094,-0.5146094,0.095390625,-1.9446094,-0.5846094,0.055390626,-2.1746094
-2.4846094,-0.43460938,-0.8846094,0.4153906,-0.6546094,0.5353906,-1.2346094,0.16539063,-1.0546094,3.4653907,2.9953907,2.5553906,2.9853907,2.3753905,2.8653905,2.6653907,1.5653906,1.8553907,0.8953906,-0.15460938,1.3353906,1.5553906,1.6053907,0.75539064,1.1053907,0.7153906,0.7153906,0.19539063,0.4453906,0.8053906,0.4753906,0.63539064,0.45539063,-0.21460937,-1.0146093,-0.7746094,-1.1946094,-0.28460938,-2.2446094,-0.62460935,-1.3946093
-0.44460937,-0.50460935,-0.18460937,-0.3346094,-0.36460936,-0.9546094,-0.044609375,0.7853906,-0.74460936,1.1453906,2.6953907,3.3553905,3.7253907,2.4253907,3.5953906,1.1653906,1.4953907,2.3753905,1.2853906,0.8653906,0.9253906,0.4453906,1.2253907,0.9653906,0.5453906,-0.114609376,0.75539064,1.1253906,1.5053906,2.0953906,2.5153906,2.4153907,0.76539063,1.3453907,0.5853906,-1.0046093,-1.2346094,-0.6046094,-0.7746094,0.5953906,-1.2646093
1.1953906,1.4953907,1.4153906,0.9153906,1.1853906,0.4753906,-0.15460938,-0.36460936,1.4653907,1.4953907,2.1053905,3.8153906,3.1253905,2.0353906,2.6253905,1.4553906,2.1953907,2.1453905,0.8553906,1.1653906,0.24539062,0.81539065,0.18539062,0.5253906,0.9853906,1.6753906,1.6553906,2.3353906,2.5453906,2.2853906,1.6653906,2.0053906,1.1553906,0.94539064,1.3853906,1.5053906,0.88539064,-0.38460937,-0.024609376,-0.50460935,-0.5946094
1.1853906,1.4453906,1.5753906,1.7253907,1.4653907,1.2753906,1.2953906,1.0153906,1.7953906,2.2653906,0.8653906,3.3453906,3.9853907,3.5153906,2.9253907,2.1853907,1.8153906,1.4753907,0.8353906,1.0653906,0.35539064,0.35539064,0.62539065,0.29539064,1.8853906,1.9553906,1.7953906,1.7053906,1.2453907,1.1053907,1.3453907,1.8353906,2.0553906,1.4153906,1.8953906,2.3253906,2.4353907,0.39539063,0.6153906,0.15539062,-0.80460936
1.6253906,1.8753906,2.9453907,2.6653907,1.5453906,1.4053906,1.6553906,1.8153906,1.5753906,-0.10460938,0.5553906,2.4153907,1.7053906,2.7253907,0.7953906,-1.5946094,1.8953906,-0.18460937,-1.0446094,-0.6946094,-1.0346093,-0.26460937,0.10539062,-0.10460938,-0.16460937,-1.1246094,-1.6546093,-1.2746093,-1.0746094,-0.50460935,0.15539062,1.0153906,1.6553906,2.2453907,2.5753906,2.4453907,2.0753906,1.2753906,-0.8446094,0.57539064,-0.6546094
1.6653906,1.6453906,4.1653905,1.9853907,1.9553906,1.6753906,2.5753906,2.3353906,1.9853907,0.62539065,0.63539064,0.99539065,1.2953906,0.51539063,-2.9346094,-3.0846093,-3.9946094,-1.2146094,-3.2346094,-3.6646094,-3.2446094,-2.6946094,-2.6246095,-2.3546095,-2.3246093,-2.2046094,-2.0946093,-2.0346093,-1.6746094,-1.0246093,-0.26460937,-0.06460938,0.9153906,1.7353907,2.3753905,3.1653907,1.4153906,2.4053907,2.1253905,1.5153906,-1.0846094
