wind_kz.json
{"header": {"discipline":0,"disciplineName":"Meteorological products","gribEdition":2,"gribLength":1025,"center":7,"centerName":"US National Weather Service - NCEP(WMC)","subcenter":0,"refTime":"2023-09-29T18:00:00.000Z","significanceOfRT":1,"significanceOfRTName":"Start of forecast","productStatus":0,"productStatusName":"Operational products","productType":1,"productTypeName":"Forecast products","productDefinitionTemplate":0,"productDefinitionTemplateName":"Analysis/forecast at horizontal level/layer at a point in time","parameterCategory":2,"parameterCategoryName":"UnknownDiscipline_0_Category_2","parameterNumber":2,"parameterNumberName":"UnknownParameter_D0_C2_2","parameterUnit":"Unknown","genProcessType":2,"genProcessTypeName":"Forecast","forecastTime":0,"surface1Type":103,"surface1TypeName":"Specified height level above ground","surface1Value":10.0,"surface2Type":255,"surface2TypeName":"Missing","surface2Value":0.0,"gridDefinitionTemplate":0,"gridDefinitionTemplateName":"Latitude_Longitude","numberPoints":615,"shape":6,"shapeName":"Earth spherical with radius of 6,371,229.0 m","gridUnits":"degrees","resolution":48,"winds":"true","scanMode":64,"nx":41,"ny":15,"basicAngle":0,"lo1":47.0,"la1":41.0,"lo2":87.0,"la2":55.0,"dx":1.0,"dy":1.0}, "data":
[rows 0 to 14 of 15, columns 0 to 40 of 41]
-1.9005713,-0.3705713,0.15942872,-4.8805714,-4.200571,-2.2305713,-1.2805713,-3.6205714,-2.7705712,-1.4505713,0.6294287,2.5594287,2.8294287,2.9194288,2.5394287,3.0294287,0.029428711,1.1894287,-2.4105713,-3.3505714,-1.9205713,-2.4105713,-0.2605713,0.11942871,-0.4805713,-1.8705713,-2.2805712,1.3594288,-0.06057129,0.3794287,-0.86057127,1.9394287,0.6194287,1.0594287,-0.9305713,-2.8805714,-0.2205713,-2.9205713,-3.7505713,-1.2605712,0.6494287
-0.13057129,0.46942872,-5.200571,-5.0705714,-2.6005714,-1.7705712,-0.2705713,-2.9905713,0.6794287,-0.20057128,1.9594287,2.8994286,1.8394287,2.8694286,3.6894288,-0.44057128,1.0994287,-0.5905713,-1.1505713,-4.0105715,-3.2205713,-2.4405713,-1.1305712,-1.4005713,1.5494287,0.6094287,-0.4805713,2.0494287,0.07942871,0.18942872,-0.16057129,0.05942871,-0.6905713,-0.8705713,0.63942873,0.1394287,-0.5005713,-0.5205713,-1.1205713,0.10942871,-4.770571
-1.8505713,-6.2305713,-4.620571,-2.6605713,-0.2605713,1.5994287,-2.7105713,1.7994287,-2.1205714,0.3594287,2.4994287,-0.8705713,1.1994287,3.7794287,2.4794288,1.7394288,1.8694288,1.4694287,-1.8905712,-3.5305712,-3.4105713,-0.9405713,-3.3505714,-2.2405713,1.6894287,1.9494287,2.1494286,1.1894287,-2.8405714,-0.25057128,-0.5805713,-0.10057129,1.0694287,2.2294288,-1.5205712,-0.7705713,0.6594287,-0.28057128,1.6994287,-0.41057128,1.9394287
-3.5705712,-5.5905714,-4.1505713,-4.2105713,-3.3905714,-1.9205713,0.5994287,0.46942872,-0.6305713,1.9294287,0.94942874,-0.5705713,-0.3205713,-0.25057128,-0.73057127,0.2894287,1.5094287,-2.3305712,-2.2005713,-3.7405713,-1.9105713,-0.5305713,3.0794287,2.6794288,3.2294288,3.5594287,2.2494287,1.6294287,3.3594286,1.8094287,3.1394286,0.39942873,1.9594287,1.3294287,1.2794287,0.03942871,-0.7605713,2.5094287,0.51942873,0.06942871,0.3194287
-1.4905713,-1.5505713,-1.2405713,-1.4705713,-0.35057127,0.7794287,1.4994287,2.2694287,2.0894287,2.1394286,2.7094288,1.4294287,-1.0205712,-2.0205712,-3.1205714,-3.6205714,-4.2105713,-3.5505712,-2.1805713,-2.1805713,-0.15057129,2.0794287,4.3094287,4.5794287,3.2494287,2.7294288,3.4994287,6.1394286,3.9294288,4.169429,2.7894287,1.9894288,-0.92057127,1.3894287,1.6194288,2.3894286,1.4694287,1.3294287,-0.9305713,-1.6105713,-1.9305713
2.5994287,1.8594288,3.9894288,5.629429,3.7794287,4.5394287,3.0894287,3.0794287,1.9794288,3.6294286,2.7794287,1.9794288,1.6494287,-1.4305713,-2.8705714,-2.3805714,-2.0205712,-1.5205712,-1.0805713,1.2994287,2.1594286,3.6694288,2.7094288,1.8294287,1.6594287,4.2394285,6.3494287,7.609429,5.9894285,5.4294286,4.3894286,4.089429,1.4694287,-1.0505713,-0.28057128,-3.1705713,-0.3205713,0.9794287,-0.6405713,-2.5705712,-1.9705713
-0.7005713,-0.23057128,2.2094288,5.229429,5.1794286,3.8494287,2.9094286,2.3194287,1.7694287,2.3794286,2.2194288,3.6594286,2.0394287,0.6494287,-1.8605713,-0.02057129,-1.7905713,-0.8405713,1.3794287,1.8594288,1.8394287,-1.2505713,-1.4105713,-0.6405713,2.4694288,3.2194288,2.6594286,3.7294288,3.8594286,4.2794285,3.6994288,2.9794288,2.9494288,-2.6505713,-4.5105715,-3.1005714,-1.3805712,2.4494288,0.17942871,1.9994287,-0.02057129
0.2894287,1.0394287,0.30942872,0.4894287,1.0094287,1.6594287,1.6194288,1.4094287,2.1694288,1.7794287,0.94942874,1.0694287,-0.15057129,-0.15057129,0.4794287,-0.5705713,-0.3705713,0.43942872,0.7894287,-0.17057128,0.4794287,-0.3305713,-1.5305713,0.15942872,1.2194287,1.1294287,2.7294288,3.1194286,2.4894288,3.2594287,4.0794287,4.109429,-5.7128904E-4,-0.47057128,-0.7205713,-1.4805713,-2.7905712,-6.2605715,-4.310571,-3.6405714,-2.3405714
1.3294287,2.5294287,2.8094287,2.7694287,2.9094286,2.9394288,2.6194286,2.1794288,2.0394287,2.4694288,1.3894287,1.7694287,2.2294288,2.4794288,-0.21057129,-0.1405713,0.2494287,0.5994287,1.4994287,1.1394287,0.7794287,-0.98057127,0.029428711,1.0294287,1.3694288,1.2294288,1.0494287,-0.5305713,-0.15057129,-1.9005713,-1.0105712,-2.7505713,2.5294287,-1.2305713,-2.3905714,-3.2005713,-0.74057126,-2.3805714,-1.8005713,0.6494287,-1.8805712
3.1494286,3.5994287,3.5594287,3.3694286,2.6794288,2.9494288,3.2294288,2.3994286,1.7794287,1.1294287,3.0294287,2.9894288,2.4494288,3.4894288,1.5394287,1.2094287,2.0994287,0.57942873,1.0594287,1.4194287,-0.6005713,-1.3705713,0.2494287,1.1294287,0.1994287,0.94942874,-1.3705713,-2.2805712,-2.9005713,-3.3105712,-2.1305714,-2.0505712,-3.5705712,-2.0505712,-2.2205713,-3.5605712,-0.86057127,-0.73057127,-1.0605713,0.17942871,-1.3605713
0.8994287,1.7594287,0.9894287,0.6594287,1.3394287,0.88942873,1.6594287,2.3094287,2.3294287,1.7994287,1.4594287,2.6294286,2.6794288,1.1294287,2.5194287,1.8694288,2.1094286,1.6894287,1.5594287,1.2194287,2.2894287,0.8694287,0.9294287,0.39942873,0.08942871,0.4594287,0.69942874,-1.7705712,-2.0305712,-1.4305713,-2.0805712,-1.3905712,-1.9005713,-0.07057129,-1.8205713,-1.3105713,-1.8405713,-0.3205713,0.3594287,-0.28057128,-0.4605713
1.0994287,0.5594287,-0.3305713,1.5294287,1.9294287,1.9594287,1.6394287,1.4794288,1.4694287,2.0194287,1.0794287,2.4394288,1.6394287,0.6494287,2.9394288,1.1494287,2.4994287,-1.5905713,-1.2505713,2.9694288,0.8094287,0.5994287,0.7494287,1.2294288,-0.23057128,0.4894287,-2.0005713,-1.5005713,-0.7805713,0.51942873,-1.9605713,-2.5505712,-1.5105712,-0.3205713,-0.010571289,0.75942874,0.88942873,-0.08057129,-0.5005713,0.05942871,0.57942873
0.5294287,1.3894287,-0.07057129,0.30942872,-0.25057128,0.6094287,0.2594287,1.8594288,2.7694287,1.4494287,0.4594287,2.1294286,1.4894288,3.1494286,2.3994286,0.94942874,1.5094287,-1.9205713,-1.5505713,2.3694286,-0.55057126,1.9694287,1.5594287,1.6494287,2.1694288,1.5894287,0.5894287,0.36942872,1.6694287,0.4494287,0.8494287,-0.21057129,0.2594287,0.22942871,-0.61057127,0.1994287,0.6794287,-0.8105713,-0.31057128,0.3894287,-0.11057129
0.22942871,-1.3305713,-0.9405713,0.7294287,1.3294287,0.9594287,1.3294287,1.1494287,1.9194287,2.1294286,0.9094287,0.7894287,1.0494287,2.0394287,0.88942873,0.69942874,-1.0905713,0.1694287,0.15942872,1.4794288,2.5794287,2.3394287,2.3394287,2.5494287,2.4494288,1.8494287,1.0194287,1.6094288,1.0494287,2.0294287,1.7294288,0.4494287,1.8594288,1.3294287,1.5594287,0.82942873,0.4594287,0.39942873,-0.86057127,0.4294287,0.27942872
-0.7705713,0.3294287,1.0094287,0.6694287,0.12942871,1.2794287,0.76942873,1.5394287,2.3694286,1.4994287,-0.44057128,0.4594287,0.8394287,1.1294287,1.9394287,1.5294287,0.9894287,0.82942873,0.4894287,1.6794287,0.4294287,1.6994287,1.6894287,2.1094286,2.1794288,1.6294287,2.6794288,2.9794288,2.3394287,1.9394287,2.7294288,2.4594288,1.8594288,2.1694288,2.4794288,1.9594287,0.05942871,0.6794287,0.6294287,1.3394287,-0.3205713
