wind.json
{"header": {"discipline":0,"disciplineName":"Meteorological products","gribEdition":2,"gribLength":1125,"center":7,"centerName":"US National Weather Service - NCEP(WMC)","subcenter":0,"refTime":"2023-06-29T18:00:00.000Z","significanceOfRT":1,"significanceOfRTName":"Start of forecast","productStatus":0,"productStatusName":"Operational products","productType":1,"productTypeName":"Forecast products","productDefinitionTemplate":0,"productDefinitionTemplateName":"Analysis/forecast at horizontal level/layer at a point in time","parameterCategory":2,"parameterCategoryName":"UnknownDiscipline_0_Category_2","parameterNumber":2,"parameterNumberName":"UnknownParameter_D0_C2_2","parameterUnit":"Unknown","genProcessType":2,"genProcessTypeName":"Forecast","forecastTime":180,"surface1Type":103,"surface1TypeName":"Specified height level above ground","surface1Value":10.0,"surface2Type":255,"surface2TypeName":"Missing","surface2Value":0.0,"gridDefinitionTemplate":0,"gridDefinitionTemplateName":"Latitude_Longitude","numberPoints":688,"shape":6,"shapeName":"Earth spherical with radius of 6,371,229.0 m","gridUnits":"degrees","resolution":48,"winds":"true","scanMode":64,"nx":43,"ny":16,"basicAngle":0,"lo1":45.0,"la1":40.0,"lo2":87.0,"la2":55.0,"dx":1.0,"dy":1.0}, "data":
[rows 0 to 15 of 16, columns 0 to 42 of 43]
-0.44022462,-2.7502246,-2.5902245,-2.3402245,0.12977539,0.009775391,0.7397754,0.6197754,-0.020224608,0.22977538,-2.8502245,-1.3502246,0.14977539,-0.58022463,1.2597754,3.5997753,4.4797754,3.2697754,0.8297754,1.4797754,3.1497755,4.679775,3.9797754,1.8297753,-1.0702246,0.5097754,0.6597754,0.46977538,0.5797754,0.5697754,0.5897754,-3.0702245,-3.2102246,0.9497754,3.5297754,-1.2602246,3.3297753,1.0697753,-2.8502245,-3.6502247,-2.8502245,-5.9602246,-8.110225
-0.9102246,-1.5102246,-0.58022463,1.5097754,-2.7802246,1.0897754,2.3997755,3.6997755,3.0197754,-0.7602246,-1.3302246,-1.1002246,-0.9102246,0.4597754,2.3097754,2.1397753,1.4397753,1.7297754,1.2397754,1.6797754,0.6797754,1.4097754,2.0897753,1.6397754,1.5197754,2.5597754,-1.1502246,1.5197754,4.2997756,2.9597754,0.8397754,0.9097754,-0.24022461,0.9897754,1.8497754,3.2697754,-0.10022461,-0.060224608,-0.8402246,-1.7802246,-1.7602246,-2.9102247,-0.25022462
-1.8102247,0.6997754,-0.95022464,-2.1302247,0.5997754,-0.6102246,0.33977538,-0.5602246,-3.4302247,-0.4202246,0.5297754,-0.20022461,-0.3002246,0.30977538,1.0297754,1.1497754,0.4297754,0.5097754,2.9997754,3.4397755,3.9797754,2.8297753,1.8297753,0.30977538,3.8597753,0.8697754,1.6997753,-0.13022462,1.1197754,1.9897754,3.0297754,2.1197753,0.33977538,0.60977536,-1.4402246,0.1997754,0.2197754,1.5897754,0.3197754,-0.9602246,1.9797754,-1.2202246,0.7397754
-0.7402246,-0.6702246,-3.9702246,-2.6602247,-2.0902245,-0.7402246,-0.3002246,-0.9602246,-0.3702246,-0.83022463,0.91977537,3.0397754,0.8197754,-0.15022461,-2.4202247,-3.0202246,-1.4302247,1.2097754,0.23977539,0.5797754,1.5997754,0.2497754,-2.7502246,-0.6802246,0.4497754,-2.3402245,-0.15022461,-2.8602247,-0.95022464,0.7897754,3.9697754,-0.83022463,1.2797754,-1.6102246,-0.4202246,-0.23022461,0.72977537,1.4397753,1.5097754,0.2197754,2.6197753,3.7997754,0.6397754
-6.1102247,-6.5802245,-6.8102245,-3.5902245,-2.4902246,0.9297754,1.7797754,0.5697754,0.06977539,-1.1602246,-1.1202246,-1.2702246,-2.6402247,-5.3502245,1.9697754,-0.16022462,-0.09022461,-2.1102247,-2.1702247,-3.5802245,-7.1502247,-4.740225,-2.5002246,-4.050225,-4.8702245,-4.2702246,-5.570225,-5.2202244,-4.320225,-3.2702246,-5.6002245,-4.030225,-2.4402246,1.5697753,-0.7402246,-0.7302246,1.9897754,2.4797754,1.8597754,0.08977539,-0.09022461,3.1897755,3.5097754
-6.6802244,-6.1702247,-6.0602245,-3.6502247,-2.3002245,-0.9002246,-0.2702246,-0.7502246,-1.8202246,-1.7802246,-4.1202245,-3.6802247,-3.6102247,-5.8402247,-2.1402247,0.18977539,2.0597754,-4.2002244,-4.300225,-5.4302244,-6.1302247,-5.2002244,-4.8502245,-4.320225,-5.0802245,-6.0602245,-6.2002244,-3.7002246,-2.0902245,-1.9502246,-3.7702246,-4.6602244,-3.6502247,-0.9802246,0.7197754,1.5297754,-2.0302246,-0.52022463,5.3197756,-0.5102246,0.4297754,2.9797754,3.4897754
-3.9802246,-3.4402246,-3.6902246,-2.7802246,-2.5702245,-0.5302246,-0.77022463,-0.95022464,-4.9102244,-5.9802246,-4.3902245,-3.8702247,-5.2102246,-4.5202246,-5.6902246,-1.8102247,-3.5802245,-4.530225,-4.7302246,-4.6302247,-6.9802246,-6.0002246,-7.3102245,-6.1702247,-6.1402245,-6.0402246,-6.4102244,-7.070225,-7.8702245,-4.3502245,-4.9202247,-5.010225,-4.030225,-2.1602247,2.0797753,3.5497754,5.199775,0.8397754,4.739775,4.2697754,-0.5002246,-3.5002246,-4.9802246
-1.6002246,-4.0602245,-3.5802245,-2.2902246,-1.6802247,-1.2502246,-1.9802246,-4.1902246,-5.300225,-5.300225,-5.0902247,-5.1902246,-5.510225,-6.3602247,-4.6302247,-5.4202247,-6.800225,-6.280225,-5.8802247,-5.4802246,-5.2002244,-7.1202245,-5.9602246,-4.7002244,-3.9202247,-5.0002246,-5.9202247,-6.9502244,-6.8602247,-4.9702244,-3.4602246,-3.2602246,-2.8502245,-3.2202246,-1.6402246,1.7197754,1.9097754,2.3197753,3.5197754,-0.8702246,3.4397755,0.3897754,1.0497754
-5.9102244,-4.6702247,-3.1402247,-2.3002245,-1.6702247,-1.6602246,-3.4602246,-4.9402246,-4.6902246,-4.8802247,-4.3602247,-5.3902245,-4.8102245,-6.1102247,-5.320225,-6.1802244,-5.8502245,-5.3702245,-6.7202244,-6.8702245,-6.5002246,-6.800225,-7.6802244,-8.150225,-7.4102244,-6.1302247,-5.740225,-5.3302245,-5.0002246,-5.4602246,-6.3602247,-4.7502246,-4.4402246,-3.4202247,-3.1102247,-2.3902247,-0.07022461,1.4797754,2.4797754,3.4097755,5.6497755,3.6797755,4.6297755
-3.6502247,-3.2402246,-2.9502246,-2.5802245,-2.3802247,-2.6602247,-3.5902245,-3.7902246,-3.6902246,-3.9202247,-4.0002246,-4.780225,-4.3802247,-5.1702247,-5.2302246,-5.030225,-5.9302244,-5.7502246,-5.050225,-5.300225,-5.550225,-5.6702247,-6.9402246,-7.4302244,-7.1902246,-6.780225,-5.9002247,-4.800225,-5.5802245,-4.800225,-4.780225,-5.0202246,-4.4502244,-3.5502245,-2.3502245,-0.6102246,0.8997754,2.4197755,-0.2702246,-1.4402246,1.5997754,0.2997754,2.3697753
-4.1502247,-2.4302247,-2.6202247,-3.5802245,-3.7902246,-3.8602247,-4.1802244,-4.260225,-4.050225,-3.8902247,-4.010225,-2.3302245,-4.5902247,-5.030225,-3.4302247,-4.7002244,-3.7302246,-4.7702246,-5.2302246,-3.9802246,-5.6602244,-5.8602247,-6.070225,-5.0802245,-4.6802244,-4.9502244,-4.5602245,-4.1602244,-3.8202245,-3.7802246,-2.9302247,-3.7502246,-2.9702246,-3.0802245,-2.8502245,-2.8602247,-1.8002247,-1.2402246,-0.64022464,0.3297754,-0.31022462,-0.4202246,-0.95022464
-2.7002246,-1.4502246,-2.6002245,-3.1802247,-3.2402246,-3.2902246,-3.7002246,-4.5602245,-4.2502246,-4.1902246,-4.1502247,-3.7902246,-5.070225,-3.7202246,-1.7602246,-2.9102247,-2.7402246,-2.8902247,-4.0802245,-3.9902246,-4.260225,-4.4502244,-5.6502247,-5.3902245,-5.1302247,-5.4802246,-4.4002247,-3.5402246,-3.4802246,-2.7802246,-3.5902245,-3.8202245,-0.3302246,-2.1602247,-2.3402245,-3.9302247,-4.2102246,-4.780225,-2.0602245,-0.8202246,-0.5902246,-2.0002246,-0.8402246
-1.3602246,-1.2802246,-1.4802246,-1.5802246,-2.0802245,-2.6702247,-2.9002247,-3.1602247,-3.7302246,-3.5202246,-3.1102247,-2.6402247,-1.9702246,-2.1002245,-0.6502246,-1.6302246,-1.4402246,-2.3602247,-2.9402246,-3.4902246,-3.8502245,-2.8702247,-3.4402246,-4.260225,-5.070225,-5.1402245,-4.6802244,-5.2502246,-4.9802246,-4.8702245,-4.1402245,-5.1602244,-5.2502246,-4.5802245,-4.010225,-4.2702246,-4.240225,-5.820225,-4.1402245,-4.6402245,-3.3002245,-1.1802247,-1.1802247
0.4297754,0.4597754,-0.8702246,-0.44022462,-1.0602247,-1.8002247,-1.9102246,-2.0002246,-1.8102247,-1.9502246,-2.1202247,-1.8202246,-0.9702246,-1.8802246,-0.64022464,-1.9702246,-2.5002246,-3.3702247,-3.6202247,-3.5102246,-2.6102247,-3.2502246,-2.7602246,-1.8902246,-3.7102246,-2.6102247,-3.7502246,-4.8102245,-2.2302246,-3.2902246,-4.990225,-4.5602245,-4.4402246,-4.4702244,-5.3302245,-4.5402246,-5.5602245,-3.9402246,-4.1402245,-3.5002246,-4.2102246,-4.8602247,-4.010225
2.3897753,1.9397753,2.1097753,1.4697754,0.23977539,0.4597754,-0.08022461,0.14977539,0.4597754,0.7497754,0.72977537,0.109775394,0.15977539,0.4297754,-0.89022464,-0.3002246,-0.52022463,-2.1302247,-2.4602246,-2.4002247,-1.9202247,-1.7102246,-1.3002247,-1.6602246,-1.4502246,-1.1202246,-0.9302246,-1.4802246,-3.0402246,-2.6102247,-3.1602247,-3.6502247,-2.7202246,-3.1802247,-3.2902246,-3.8002245,-4.0402246,-3.9102247,-3.6802247,-3.4002247,-4.4302244,-3.2502246,-1.0702246
2.3197753,2.5097754,2.3897753,2.6297753,2.0197754,1.7897754,1.1997753,1.4497753,1.5697753,2.2597754,0.05977539,0.5597754,1.3397754,0.3297754,1.3297753,0.22977538,0.9997754,1.4597754,1.3997754,0.20977539,-0.9702246,-1.3202246,-1.0102246,-0.4802246,0.11977539,-0.7502246,-0.23022461,-0.03022461,0.54977536,-1.3302246,-1.2002246,-1.7502246,-2.1202247,-0.9302246,-2.5102246,-2.1702247,-4.1602244,-4.5802245,-5.1802244,-4.1302247,-4.2702246,-2.3802247,-2.7602246
