wind_kz.json
{"header": {"discipline":0,"disciplineName":"Meteorological products","gribEdition":2,"gribLength":1025,"center":7,"centerName":"US National Weather Service - NCEP(WMC)","subcenter":0,"refTime":"2023-09-25T06:00:00.000Z","significanceOfRT":1,"significanceOfRTName":"Start of forecast","productStatus":0,"productStatusName":"Operational products","productType":1,"productTypeName":"Forecast products","productDefinitionTemplate":0,"productDefinitionTemplateName":"Analysis/forecast at horizontal level/layer at a point in time","parameterCategory":2,"parameterCategoryName":"UnknownDiscipline_0_Category_2","parameterNumber":2,"parameterNumberName":"UnknownParameter_D0_C2_2","parameterUnit":"Unknown","genProcessType":2,"genProcessTypeName":"Forecast","forecastTime":60,"surface1Type":103,"surface1TypeName":"Specified height level above ground","surface1Value":10.0,"surface2Type":255,"surface2TypeName":"Missing","surface2Value":0.0,"gridDefinitionTemplate":0,"gridDefinitionTemplateName":"Latitude_Longitude","numberPoints":615,"shape":6,"shapeName":"Earth spherical with radius of 6,371,229.0 m","gridUnits":"degrees","resolution":48,"winds":"true","scanMode":64,"nx":41,"ny":15,"basicAngle":0,"lo1":47.0,"la1":41.0,"lo2":87.0,"la2":55.0,"dx":1.0,"dy":1.0}, "data":
[rows 0 to 14 of 15, columns 0 to 40 of 41]
-2.159187,-0.94918704,0.750813,-2.759187,-2.679187,-0.719187,-0.189187,-4.269187,-4.249187,-2.1091871,-0.219187,-2.059187,-2.389187,-2.489187,-0.189187,0.020812988,-0.549187,0.590813,-1.879187,0.41081297,0.820813,0.830813,-2.139187,-0.979187,0.630813,-2.739187,-2.579187,0.31081298,-0.429187,2.100813,-1.5491871,-0.399187,0.15081298,-0.37918702,0.380813,-0.34918702,-1.999187,-0.76918703,-3.459187,-2.749187,-1.989187
1.440813,0.570813,-3.099187,-3.709187,-3.009187,-4.009187,-2.889187,-3.379187,-2.889187,-2.269187,-2.369187,-3.209187,-1.659187,-0.05918701,0.530813,0.880813,0.24081299,-1.179187,-0.779187,0.21081299,1.470813,1.010813,-1.559187,-1.909187,0.640813,0.850813,-1.029187,1.300813,-2.929187,-2.289187,-0.11918701,-0.449187,-1.359187,-2.709187,-0.289187,0.350813,-1.459187,-1.439187,-1.859187,0.650813,-4.319187
-1.719187,-5.659187,-4.259187,-4.429187,-1.159187,-2.779187,-1.899187,-1.599187,-1.709187,-0.859187,-1.429187,-1.4191871,0.12081299,1.060813,1.170813,0.80081296,1.370813,-0.459187,0.520813,1.300813,3.420813,0.28081298,-1.769187,-1.149187,0.990813,-0.03918701,-1.929187,-1.729187,-3.1091871,-0.15918702,-1.119187,1.320813,-0.27918702,-0.909187,-0.619187,-1.099187,0.300813,0.320813,2.290813,2.3908129,2.330813
-4.909187,-6.429187,-4.689187,-1.929187,-3.989187,-2.899187,-1.899187,-2.149187,-0.20918702,1.430813,-0.13918701,1.350813,2.1408129,2.460813,1.430813,1.900813,1.030813,0.09081299,0.320813,0.520813,0.960813,-1.409187,-0.15918702,-2.079187,-1.4191871,-1.829187,-3.349187,-5.869187,-3.089187,-1.989187,-1.199187,-2.329187,-1.729187,-2.949187,-2.299187,-2.139187,-2.129187,2.600813,-0.03918701,-0.929187,-2.219187
-4.929187,-5.719187,-4.849187,-3.919187,-3.259187,-1.729187,0.660813,2.060813,1.440813,1.510813,1.630813,0.960813,3.800813,3.780813,2.320813,1.140813,2.480813,1.800813,1.510813,-0.719187,0.31081298,-1.979187,-2.489187,-2.849187,-4.649187,-5.509187,-7.499187,-6.029187,-5.649187,-4.289187,-3.489187,-1.459187,-1.569187,1.120813,-0.23918702,-1.109187,-4.849187,-3.849187,-3.769187,-4.249187,-4.229187
-2.529187,-2.129187,-2.029187,-1.479187,-1.019187,0.200813,-0.289187,-0.729187,0.92081296,1.780813,0.630813,0.390813,-1.7991871,-3.399187,-0.419187,0.28081298,-1.749187,-1.329187,-1.249187,-3.009187,1.670813,0.420813,-0.01918701,-4.039187,-6.379187,-6.469187,-4.379187,-5.779187,-3.619187,-3.419187,-3.309187,-3.059187,-3.149187,-2.799187,-1.589187,-1.699187,-0.259187,-2.099187,-1.379187,-2.839187,-3.149187
1.400813,0.690813,1.540813,-0.489187,-3.519187,-2.629187,-0.76918703,0.870813,1.0808129,0.460813,-0.30918702,-3.409187,-3.119187,-2.459187,-1.409187,-0.859187,-1.489187,0.47081298,-0.629187,2.020813,-2.759187,-0.009187012,-2.009187,-4.719187,-4.139187,-4.2391872,-3.3591871,-1.209187,-0.819187,-0.05918701,-0.899187,-0.24918701,-2.089187,-2.339187,-2.889187,-2.429187,-1.149187,2.070813,-1.809187,1.3308129,-0.729187
-3.509187,-3.409187,-1.9191871,-3.449187,-3.059187,-1.949187,-0.749187,0.580813,1.210813,-0.20918702,-2.779187,-3.189187,-2.659187,-1.909187,0.0108129885,-0.13918701,-1.319187,-0.17918701,-2.1091871,-0.839187,-1.909187,-0.20918702,-0.819187,-2.3591871,-2.729187,-1.439187,-1.149187,-2.079187,0.830813,-0.289187,-1.349187,-2.339187,-1.209187,-1.059187,-2.229187,-1.589187,-1.289187,-2.969187,-3.549187,-3.309187,-2.6091871
-3.149187,-3.409187,-2.759187,-2.319187,-2.419187,-1.119187,-0.419187,-0.03918701,0.67081296,-0.24918701,-2.149187,-2.469187,-1.769187,-1.559187,-1.289187,-2.709187,-2.099187,-0.719187,0.270813,0.22081299,-0.22918701,-0.619187,-0.009187012,-0.529187,-0.909187,-1.039187,-0.069187015,-0.759187,0.560813,-0.109187014,-0.369187,-0.759187,0.460813,-1.119187,-1.519187,-1.599187,-0.599187,-1.489187,-0.509187,1.160813,-2.409187
-2.919187,-2.059187,-2.569187,-1.619187,-1.279187,0.10081299,1.650813,-0.13918701,-0.549187,-0.16918701,-0.629187,-1.849187,-1.279187,-1.639187,-1.229187,-0.929187,-0.529187,-0.739187,-0.94918704,-1.099187,1.460813,1.160813,2.830813,-0.259187,-2.009187,-0.219187,0.530813,-0.329187,0.900813,1.180813,0.500813,-0.489187,-1.749187,-1.979187,-1.769187,-1.899187,-2.539187,-0.219187,-2.239187,-0.19918701,-1.659187
-2.649187,-2.049187,-1.109187,-0.49918702,-0.779187,-0.15918702,-0.11918701,-0.24918701,-0.299187,-0.289187,1.050813,0.930813,0.030812988,-0.03918701,-0.899187,-0.539187,-0.07918701,0.270813,-1.069187,-1.179187,-1.589187,-1.729187,-0.459187,-0.49918702,-0.189187,-1.319187,-2.019187,-1.699187,-2.329187,0.200813,-0.759187,-1.519187,-2.449187,-1.189187,-1.0491871,-2.089187,-1.7991871,0.530813,-0.839187,1.230813,-1.379187
-0.03918701,1.130813,0.21081299,-1.189187,0.530813,0.690813,0.480813,0.79081297,1.540813,0.510813,0.08081299,1.810813,1.440813,0.170813,-1.219187,-0.539187,0.18081298,0.55081296,0.300813,-0.09918701,-1.949187,-1.829187,-3.599187,-3.3591871,-3.6091871,-3.699187,-2.899187,-1.839187,-2.329187,-1.789187,1.820813,-0.31918702,-0.63918704,-1.199187,-0.419187,0.270813,-0.08918701,-0.16918701,0.200813,-0.329187,-0.419187
-0.20918702,0.060812987,-0.879187,0.12081299,1.070813,0.92081296,1.130813,1.160813,1.300813,0.25081298,0.030812988,1.270813,0.970813,0.28081298,-0.669187,0.15081298,0.490813,0.910813,0.450813,0.23081298,1.4508129,-0.529187,-0.46918702,-0.859187,-0.909187,-0.659187,-0.20918702,-0.489187,-0.599187,-1.1691871,-0.899187,1.470813,1.030813,-0.13918701,0.05081299,0.05081299,0.21081299,-0.369187,-1.309187,-1.159187,-1.039187
1.0808129,0.750813,2.120813,2.010813,1.440813,1.350813,1.320813,1.460813,1.320813,1.860813,0.530813,0.560813,1.540813,-0.08918701,1.720813,2.400813,2.190813,1.840813,1.240813,1.170813,0.900813,1.310813,0.780813,1.600813,1.290813,-0.63918704,-0.909187,-0.88918704,-0.799187,-0.879187,-1.089187,-0.95918703,-0.31918702,1.270813,0.460813,0.960813,0.28081298,0.060812987,-1.249187,-0.09918701,-0.659187
0.910813,1.800813,2.460813,1.490813,1.9508129,1.990813,2.290813,1.850813,2.580813,1.680813,0.61081296,1.850813,1.600813,1.480813,2.990813,2.530813,2.410813,3.020813,2.200813,2.180813,1.040813,1.310813,0.390813,1.2008129,1.680813,1.530813,-0.20918702,-0.12918702,0.270813,0.23081298,-1.099187,-0.929187,-0.09918701,0.05081299,0.450813,0.970813,0.37081298,-0.03918701,0.420813,0.31081298,-1.159187
