wind_kz.json
{"header": {"discipline":0,"disciplineName":"Meteorological products","gribEdition":2,"gribLength":1025,"center":7,"centerName":"US National Weather Service - NCEP(WMC)","subcenter":0,"refTime":"2023-08-24T06:00:00.000Z","significanceOfRT":1,"significanceOfRTName":"Start of forecast","productStatus":0,"productStatusName":"Operational products","productType":1,"productTypeName":"Forecast products","productDefinitionTemplate":0,"productDefinitionTemplateName":"Analysis/forecast at horizontal level/layer at a point in time","parameterCategory":2,"parameterCategoryName":"UnknownDiscipline_0_Category_2","parameterNumber":3,"parameterNumberName":"UnknownParameter_D0_C2_3","parameterUnit":"Unknown","genProcessType":2,"genProcessTypeName":"Forecast","forecastTime":300,"surface1Type":103,"surface1TypeName":"Specified height level above ground","surface1Value":10.0,"surface2Type":255,"surface2TypeName":"Missing","surface2Value":0.0,"gridDefinitionTemplate":0,"gridDefinitionTemplateName":"Latitude_Longitude","numberPoints":615,"shape":6,"shapeName":"Earth spherical with radius of 6,371,229.0 m","gridUnits":"degrees","resolution":48,"winds":"true","scanMode":64,"nx":41,"ny":15,"basicAngle":0,"lo1":47.0,"la1":41.0,"lo2":87.0,"la2":55.0,"dx":1.0,"dy":1.0}, "data":
[rows 0 to 14 of 15, columns 0 to 40 of 41]
4.8738794,-1.7561206,-1.3061206,-9.19612,-9.386121,-8.94612,-5.366121,-5.9161205,-3.6961205,-4.7161207,-6.4961205,-7.386121,1.6738794,3.1038795,2.5138793,2.6838794,0.7238794,-0.1361206,1.1638794,0.9338794,-3.0261207,1.5438794,-0.8361206,-1.0361207,-2.4661207,0.2638794,-0.2661206,2.4138794,-0.11612061,-1.6061206,-0.7061206,-2.1161206,0.093879394,-0.9761206,-0.8661206,-2.4461205,-3.4861207,-3.9061205,-2.6561205,-3.1861205,0.4138794
3.4438794,-0.6761206,-4.9561205,-7.0661206,-8.306121,-6.6261206,-8.06612,-5.656121,-5.5461206,-6.3161206,-3.1261206,-4.7461205,-5.5061207,-6.0561204,-7.2461205,-4.9561205,-1.3761206,3.1538794,1.8738794,2.6638794,2.7538793,0.5438794,0.9838794,1.3538795,-1.3461206,-2.2861207,-3.9861207,-0.5061206,-0.23612061,0.3238794,0.9038794,1.8338794,-0.6961206,-1.9961206,-4.386121,-3.1161206,-3.1161206,-4.2661204,-0.8761206,-3.0161207,-1.4361206
0.043879393,-2.2161207,-5.0061207,-7.7261205,-7.846121,-5.2961206,-7.2161207,-5.5061207,-6.366121,-6.4861207,-4.2361207,-3.2661207,-3.1361206,-4.346121,-5.2761207,-4.7361207,-3.9561205,-3.6361206,-0.6661206,3.5538795,4.5138793,1.4838794,-0.1961206,1.7338794,2.0738795,1.3938794,1.7738794,2.0538795,-0.0061206054,1.0738794,1.8738794,0.2538794,2.7238793,-1.6961206,0.1138794,2.0938795,0.5938794,-1.8661206,0.3138794,-1.3861206,-2.5061207
-0.35612062,-2.3161206,-4.2861204,-5.7861204,-5.7361207,-4.4561205,-4.8361206,-4.4361205,-4.8261204,-5.0861206,-4.6661205,-2.7761207,-4.7461205,-6.4361205,-6.3561206,-6.7861204,-5.8261204,-4.7661204,-4.7061205,-1.3361206,3.2838793,3.8638794,3.5838795,2.4638793,2.2838793,0.39387938,1.7238793,1.1938794,1.1138794,0.8638794,-1.1161206,-1.6761206,-1.3061206,2.4438794,1.3438793,-1.4061207,-0.1961206,2.3338795,1.7938794,2.9938793,3.0638795
1.9938794,0.4938794,-0.6361206,-2.3361206,-3.4561205,-3.5661206,-4.9761205,-3.2961206,-4.1261206,-4.4561205,-4.616121,-3.5761206,-2.8361206,-4.7361207,-6.2761207,-6.9961205,-7.846121,-7.4161205,-5.906121,-6.8561206,2.2038794,4.7938795,5.8538795,4.9938793,2.2638793,2.9438794,2.0138793,4.0038795,2.4638793,-0.5361206,-1.7461206,1.3938794,2.4638793,3.0938795,-0.7161206,-1.6761206,-3.2461207,2.0138793,-1.9961206,-0.5961206,3.4238794
3.2738793,2.1338794,2.2538793,1.7038794,-1.0061206,-1.8961205,-2.7261207,-3.0561206,-3.4261205,-3.2261207,-3.3961205,-5.0761204,-3.5861206,-5.6461205,-5.386121,-5.596121,-7.4961205,-7.7661204,-8.766121,-8.126121,-5.7461205,2.2038794,8.34388,6.8538795,5.4138794,4.0138793,3.4038794,3.9538794,3.8638794,1.3238794,2.1438794,-0.6961206,2.2038794,3.5938795,2.9138794,1.5738794,2.2938795,0.4738794,-3.1161206,-2.1561205,3.5938795
-4.0161204,-3.3861206,-3.4461205,-2.1061206,1.2738794,-0.2561206,-0.8361206,0.5238794,0.6638794,-1.5061206,-2.3561206,-2.4761207,-3.4161205,-3.8861206,-3.1461205,-4.9561205,-5.1761208,-6.906121,-8.02612,-7.7861204,-7.2361207,-7.5061207,-5.4661207,7.113879,7.2038794,6.7938795,3.1338794,1.1038795,3.2238793,1.5538794,-1.2261206,-2.0761206,0.33387938,0.1338794,-0.2661206,-0.4661206,-3.1861205,-1.1661206,-0.8161206,-1.8261206,-1.7661206
-2.8361206,-3.5961206,-3.5061207,-3.0761206,-2.9261205,-3.1161206,-3.8661206,-2.9961207,-2.4761207,-2.8061206,-1.5061206,-1.9161206,-2.4861207,-1.9261206,-1.2161206,-2.8861206,-3.4461205,-4.616121,-5.656121,-7.2261205,-7.0561204,-7.2661204,-7.906121,-7.0861206,1.1338794,6.1238794,7.5538793,3.7438793,3.6338794,3.7038794,2.9138794,-0.016120605,-4.5761204,-5.4161205,3.5238793,2.1738794,3.2538793,3.3638794,-0.0061206054,-0.55612063,-1.7361206
-3.1961205,-2.9961207,-2.5361207,-2.4861207,-2.5061207,-2.2961206,-2.5461206,-3.2761207,-3.3961205,-2.8161206,-2.9161205,-2.1461205,-2.2761207,-2.7261207,-2.8661206,-4.5661206,-2.8661206,-2.4561205,-3.1661205,-3.4861207,-4.9261208,-7.0161204,-6.9761205,-4.8261204,-6.2761207,-6.2761207,-2.3361206,4.5038795,3.3838794,3.0538795,2.8938794,2.8838794,2.9738793,-0.6461206,-1.9761206,2.4338794,-2.0261207,1.6738794,0.1638794,-0.3661206,0.4838794
-4.0761204,-2.9161205,-3.3861206,-2.6861205,-1.8061206,-2.3361206,-1.6861206,-2.5861206,-2.3261206,-2.6061206,-2.5461206,-1.6661206,-1.1961206,-1.4661206,-1.9661206,-1.9561206,-2.1061206,-3.3461206,-2.8861206,-3.2261207,-4.1261206,-3.5161207,-4.366121,-3.2261207,-3.0361207,-3.6261206,-3.2661207,-3.4961207,0.5138794,-0.2161206,0.5438794,-2.3461206,-2.6861205,-1.7261206,-2.0261207,-1.1161206,-0.086120605,-2.7061205,0.7438794,3.8338795,2.2338793
-6.1961207,-7.1661205,-4.0461206,-4.1461205,-4.0561204,-3.0661206,-2.4461205,-2.7961206,-2.0761206,-0.8761206,0.4038794,0.2438794,-0.5761206,-1.3361206,-0.55612063,0.5338794,-1.1261206,-2.3361206,-2.9761207,-2.4261205,-3.8761206,-4.406121,-3.0761206,-3.7361207,-0.7061206,-1.0561206,-0.5261206,-2.1761205,-3.0061207,-2.9261205,-3.3261206,-1.9761206,-2.6061206,-3.0061207,-2.1661205,0.18387939,0.1138794,3.1438794,2.0938795,1.5738794,0.6638794
-4.2661204,-5.0161204,-5.3061204,-5.6661205,-4.3261204,-5.4861207,-4.0061207,-2.3761206,-2.6461205,-3.4961207,-1.0261207,-0.4861206,-1.2261206,-1.1661206,1.0238794,-0.11612061,1.5638794,-0.2861206,-1.7761207,-1.9561206,-2.8261206,-3.1061206,-1.3661206,-0.5061206,-3.4061205,0.9738794,1.0438794,1.2238793,-1.4061207,-2.3561206,-2.5461206,-3.6861205,-2.9661207,-3.2961206,-1.0561206,-1.2161206,0.2238794,2.5838795,3.5538795,2.9238794,1.6638794
-2.8861206,-2.2661207,-2.9661207,-4.9161205,-4.2361207,-3.4261205,-4.4361205,-4.6861205,-2.3861206,-1.3261206,-0.046120606,0.4638794,-0.086120605,-1.3161206,0.4738794,0.6638794,1.1238794,-0.6561206,-1.2061206,-2.5361207,-2.4461205,-0.4561206,-1.0061206,-0.036120605,0.4338794,-1.4961206,-0.8361206,0.9338794,0.023879394,-0.44612062,-1.5161206,-2.3161206,-3.1661205,-3.4761207,-3.0061207,-3.6361206,-3.1161206,0.4538794,3.9238794,2.2438793,0.9038794
-4.7561207,-5.4461207,-5.7261205,-3.7761207,-2.9861207,-2.7861207,-3.1861205,-4.4161205,-2.2461207,-2.4161205,-1.4761206,-0.6461206,-2.6261206,-2.7561207,-2.5261207,-4.386121,-4.5461206,-0.6161206,-2.1861205,-2.4361205,-3.7061205,-3.0361207,-3.0961206,-2.2061205,0.7138794,-0.2661206,-1.1061206,-2.7061205,0.6038794,1.3738794,0.6538794,-1.4061207,-2.2961206,-3.2261207,-3.0361207,-3.7961206,-3.0961206,-2.2861207,1.1938794,2.4738793,1.9738793
-2.3961205,-4.1261206,-7.1861205,-3.9661207,-4.9961205,-2.9761207,-4.2461205,-2.2961206,-2.5261207,-2.5261207,-1.9061207,-2.4861207,-1.3661206,-1.1761206,-2.6061206,-0.23612061,-1.0761206,-1.9461206,-3.8461206,-2.9961207,-2.0461206,-1.9761206,-2.2361207,-2.2361207,-3.3361206,-2.3861206,1.4138794,-0.5261206,-2.4561205,0.9738794,2.4438794,0.7638794,-1.5661206,-1.9961206,-2.2461207,-2.6861205,-4.2361207,-2.2861207,-0.7361206,2.3438795,1.0538794
