wind_kz.json
{"header": {"discipline":0,"disciplineName":"Meteorological products","gribEdition":2,"gribLength":871,"center":7,"centerName":"US National Weather Service - NCEP(WMC)","subcenter":0,"refTime":"2023-09-25T12:00:00.000Z","significanceOfRT":1,"significanceOfRTName":"Start of forecast","productStatus":0,"productStatusName":"Operational products","productType":1,"productTypeName":"Forecast products","productDefinitionTemplate":0,"productDefinitionTemplateName":"Analysis/forecast at horizontal level/layer at a point in time","parameterCategory":0,"parameterCategoryName":"UnknownDiscipline_0_Category_0","parameterNumber":0,"parameterNumberName":"UnknownParameter_D0_C0_0","parameterUnit":"Unknown","genProcessType":2,"genProcessTypeName":"Forecast","forecastTime":300,"surface1Type":1,"surface1TypeName":"Ground or water surface","surface1Value":0.0,"surface2Type":255,"surface2TypeName":"Missing","surface2Value":0.0,"gridDefinitionTemplate":0,"gridDefinitionTemplateName":"Latitude_Longitude","numberPoints":615,"shape":6,"shapeName":"Earth spherical with radius of 6,371,229.0 m","gridUnits":"degrees","resolution":48,"winds":"true","scanMode":64,"nx":41,"ny":15,"basicAngle":0,"lo1":47.0,"la1":41.0,"lo2":87.0,"la2":55.0,"dx":1.0,"dy":1.0}, "data":
[rows 0 to 14 of 15, columns 0 to 40 of 41]
285.66595,279.46597,282.36597,292.46597,292.46597,291.76596,292.56598,293.86597,291.96597,291.56598,290.96597,289.86597,290.06598,289.26596,288.56598,286.56598,286.76596,285.26596,284.96597,284.86597,285.16595,282.46597,281.66595,277.56598,284.56598,285.46597,283.36597,274.36597,274.56598,274.26596,274.06598,274.56598,281.66595,286.86597,286.16595,286.46597,285.46597,286.06598,287.86597,288.76596,287.06598
269.96597,282.56598,291.96597,292.26596,292.16595,291.06598,291.76596,291.46597,290.46597,290.26596,290.26596,288.86597,287.26596,286.16595,284.76596,284.46597,283.26596,284.36597,282.76596,280.06598,281.66595,284.16595,282.26596,277.56598,270.36597,271.06598,278.36597,272.46597,272.56598,270.66595,275.86597,271.36597,277.36597,260.96597,271.86597,284.76596,282.36597,285.86597,287.86597,281.36597,283.56598
284.56598,291.76596,292.36597,291.76596,290.26596,290.76596,290.06598,288.76596,284.76596,284.16595,283.56598,284.16595,283.06598,283.86597,284.56598,282.96597,280.66595,279.76596,281.36597,281.36597,279.86597,279.46597,279.76596,276.96597,279.96597,279.76596,283.36597,283.26596,281.56598,275.86597,270.86597,272.06598,275.66595,278.56598,278.56598,277.56598,272.46597,273.16595,273.36597,270.76596,270.96597
287.26596,290.86597,291.56598,290.96597,288.86597,284.56598,285.06598,283.86597,283.96597,283.46597,282.96597,282.46597,289.66595,289.06598,283.26596,280.46597,282.96597,283.06598,281.06598,280.16595,279.46597,274.96597,282.16595,282.06598,282.26596,284.16595,284.56598,281.46597,283.16595,284.36597,284.06598,281.86597,285.06598,283.36597,281.96597,279.56598,272.86597,266.36597,273.16595,280.26596,283.86597
287.06598,290.06598,290.26596,289.86597,287.46597,284.06598,284.56598,283.46597,283.36597,282.86597,282.36597,281.66595,288.36597,287.36597,286.06598,281.06598,280.96597,281.36597,281.06598,282.56598,283.06598,283.76596,282.86597,282.46597,281.16595,281.96597,281.36597,283.36597,283.06598,284.16595,286.86597,284.86597,275.56598,267.26596,274.96597,281.86597,285.86597,285.36597,285.76596,286.16595,286.46597
285.66595,284.16595,288.96597,289.76596,289.86597,289.56598,283.56598,284.36597,283.36597,282.66595,283.36597,283.36597,287.36597,288.26596,285.56598,281.66595,282.86597,280.66595,281.86597,282.36597,282.86597,283.66595,283.56598,282.66595,282.56598,281.66595,282.56598,285.96597,284.06598,284.56598,283.86597,286.06598,284.06598,282.16595,281.56598,283.66595,276.56598,277.96597,283.16595,285.76596,285.56598
284.36597,282.46597,284.36597,284.16595,284.46597,280.96597,283.06598,282.86597,282.96597,283.56598,282.56598,282.16595,282.06598,282.06598,282.06598,283.16595,283.96597,281.36597,280.66595,280.36597,280.16595,281.66595,283.46597,284.46597,282.26596,281.06598,279.66595,281.16595,281.76596,282.46597,282.66595,282.76596,283.76596,283.56598,282.36597,280.86597,276.06598,273.26596,271.26596,271.76596,281.76596
284.16595,283.16595,283.16595,282.16595,283.76596,283.46597,282.16595,282.06598,281.66595,282.66595,284.66595,283.06598,281.36597,281.96597,282.96597,283.06598,282.26596,280.96597,280.26596,278.26596,279.46597,279.66595,280.86597,283.06598,280.86597,279.36597,279.56598,280.46597,279.66595,281.16595,279.66595,281.36597,281.26596,281.86597,281.76596,282.46597,280.66595,285.16595,281.86597,280.86597,278.76596
285.36597,282.26596,282.26596,280.86597,281.56598,281.86597,281.36597,282.76596,279.76596,279.56598,279.16595,278.96597,278.56598,280.46597,281.56598,283.96597,281.06598,280.46597,279.66595,279.06598,280.06598,278.46597,279.86597,279.96597,280.66595,281.26596,277.96597,276.86597,277.66595,276.96597,279.06598,279.86597,280.06598,280.86597,280.96597,279.86597,281.06598,279.26596,273.36597,271.36597,271.56598
281.96597,281.66595,281.36597,281.66595,282.26596,282.36597,279.96597,279.36597,279.16595,278.26596,277.56598,276.96597,277.56598,278.16595,278.96597,281.06598,281.56598,282.26596,280.26596,278.96597,278.26596,279.76596,281.56598,281.66595,282.36597,280.86597,280.76596,280.66595,278.56598,280.36597,281.26596,280.86597,282.26596,281.96597,283.16595,282.36597,280.86597,277.76596,274.36597,271.06598,270.06598
280.56598,280.36597,280.76596,279.06598,278.86597,277.46597,277.36597,276.76596,276.46597,276.06598,276.26596,276.36597,278.66595,277.56598,279.16595,281.16595,281.56598,281.56598,279.06598,277.56598,278.26596,278.86597,280.26596,280.66595,280.56598,280.56598,278.96597,277.86597,277.96597,279.96597,283.06598,280.86597,280.66595,282.26596,282.56598,282.16595,278.66595,276.36597,275.46597,275.76596,274.46597
277.86597,278.56598,278.26596,277.26596,276.26596,275.46597,274.86597,274.76596,275.86597,275.26596,274.86597,277.36597,276.76596,277.96597,279.26596,279.96597,280.16595,280.56598,279.46597,279.96597,277.36597,278.26596,278.56598,277.46597,278.16595,279.06598,278.16595,278.16595,278.36597,278.36597,278.06598,278.86597,279.46597,279.36597,280.76596,280.86597,281.16595,280.56598,281.76596,281.76596,280.96597
276.36597,274.16595,275.36597,274.86597,275.16595,274.86597,274.26596,274.56598,274.16595,275.56598,276.36597,274.86597,277.36597,276.46597,277.16595,277.96597,278.46597,278.76596,279.16595,278.36597,276.06598,278.36597,278.16595,275.46597,276.86597,278.86597,278.76596,279.26596,279.86597,279.36597,279.26596,279.36597,280.16595,279.96597,279.96597,280.46597,280.96597,281.66595,281.56598,281.46597,281.66595
272.86597,273.66595,279.36597,274.06598,273.26596,273.16595,273.06598,274.16595,278.46597,278.16595,276.16595,274.26596,273.46597,275.56598,276.46597,277.16595,277.36597,277.96597,278.36597,277.16595,278.26596,277.96597,277.46597,278.86597,278.66595,278.76596,278.26596,278.06598,277.96597,277.96597,277.96597,277.46597,277.06598,276.66595,277.16595,276.86597,277.46597,277.66595,278.76596,278.86597,279.66595
274.06598,275.16595,284.56598,277.96597,277.56598,278.36597,278.46597,278.06598,277.56598,277.66595,277.16595,275.76596,274.36597,275.06598,277.26596,277.16595,277.06598,274.86597,277.56598,278.16595,277.96597,278.06598,277.96597,277.16595,277.36597,277.26596,277.56598,275.46597,274.36597,273.26596,270.76596,275.36597,270.86597,270.26596,270.66595,270.46597,271.46597,274.06598,275.36597,275.86597,276.86597
