wind_kz.json
{"header": {"discipline":0,"disciplineName":"Meteorological products","gribEdition":2,"gribLength":1025,"center":7,"centerName":"US National Weather Service - NCEP(WMC)","subcenter":0,"refTime":"2024-04-08T06:00:00.000Z","significanceOfRT":1,"significanceOfRTName":"Start of forecast","productStatus":0,"productStatusName":"Operational products","productType":1,"productTypeName":"Forecast products","productDefinitionTemplate":0,"productDefinitionTemplateName":"Analysis/forecast at horizontal level/layer at a point in time","parameterCategory":2,"parameterCategoryName":"UnknownDiscipline_0_Category_2","parameterNumber":2,"parameterNumberName":"UnknownParameter_D0_C2_2","parameterUnit":"Unknown","genProcessType":2,"genProcessTypeName":"Forecast","forecastTime":120,"surface1Type":103,"surface1TypeName":"Specified height level above ground","surface1Value":10.0,"surface2Type":255,"surface2TypeName":"Missing","surface2Value":0.0,"gridDefinitionTemplate":0,"gridDefinitionTemplateName":"Latitude_Longitude","numberPoints":615,"shape":6,"shapeName":"Earth spherical with radius of 6,371,229.0 m","gridUnits":"degrees","resolution":48,"winds":"true","scanMode":64,"nx":41,"ny":15,"basicAngle":0,"lo1":47.0,"la1":41.0,"lo2":87.0,"la2":55.0,"dx":1.0,"dy":1.0}, "data":
[rows 0 to 14 of 15, columns 0 to 40 of 41]
0.34232482,1.5323248,-1.9676752,-1.5076752,-0.63767517,-1.3276752,-2.7076752,-4.1176753,-2.7976751,-1.0476751,-1.4876752,-1.4376751,-1.8076751,-1.5476751,-1.6176752,-1.2976751,-0.31767517,-1.4976752,-0.53767514,0.42232484,1.9123248,3.4523249,3.5723248,1.2623248,-0.12767518,4.4223247,4.622325,1.2223248,-0.89767516,0.33232483,-0.6676752,0.7523248,-1.6276752,-3.2276752,-5.627675,-6.1576753,-6.5776753,-6.9076753,-8.517675,-7.8276753,-6.6776752
-0.7576752,-2.5276752,-2.0476751,-3.107675,-3.1476753,-1.7076752,-2.6776752,-3.4376752,-3.0276752,-1.9276751,-0.78767514,-2.2776752,-2.2276752,-2.3076751,-1.7976751,-1.5876752,-1.1176752,-1.7476752,-0.06767517,2.3123248,2.5323248,1.5223248,1.3023248,2.5123248,-0.48767516,0.12232483,1.1123248,-0.82767516,1.2523248,1.3023248,0.27232483,0.25232482,-0.8576752,1.5123248,0.6323248,-3.9776752,-4.0376754,-5.437675,-2.2676752,-1.4476752,-1.6776751
-1.5476751,-2.2776752,-1.9776752,-1.4576752,-2.2176752,-1.3576752,-1.2676752,-1.2976751,-1.8076751,-2.7976751,-2.2176752,-0.94767517,-1.8376752,-1.7476752,-2.067675,-1.8576752,-2.0476751,-1.5076752,-0.28767517,1.2023249,3.162325,0.5723248,-0.5476752,2.5823247,1.1923249,0.44232482,1.1423248,1.6923249,2.8423247,0.3823248,1.4523249,-1.3576752,-0.59767514,0.27232483,0.15232483,1.4723248,-0.097675174,0.28232482,-1.5276752,0.5723248,1.7223248
-1.3676752,-1.7876751,-0.6176752,0.79232484,1.0123248,0.06232483,-1.2576752,0.7623248,0.48232484,-0.17767517,-0.5576752,-1.3676752,-0.7476752,-1.2076752,-0.95767516,-1.3076751,-1.5576751,-1.2676752,-2.097675,-3.5476751,-1.2876751,-1.4076751,-0.8076752,-1.9076751,-2.5076752,-2.4776752,-0.18767518,0.5623248,-0.38767517,-3.867675,-2.9276752,-3.117675,-3.567675,-2.7376752,-2.337675,-0.44767517,0.052324828,1.4123248,-1.6276752,-1.1776751,-3.0276752
0.37232482,0.16232483,1.3623248,1.1123248,0.42232484,0.5223248,0.39232484,0.3823248,0.91232485,1.9723248,2.2723248,2.182325,2.5323248,2.142325,0.13232483,-0.33767518,-0.47767517,-0.7576752,-1.8876752,-3.6776752,-4.8276753,-4.0776753,-4.0176754,-3.9076753,-3.9376752,-5.0576754,-6.477675,-3.5376751,-3.4276752,-2.5176752,-0.6876752,1.4423249,1.9623249,1.7523248,-1.7276752,-1.4976752,-3.9876752,-4.4276752,-2.2976751,-3.1676753,-3.7976751
2.0023248,1.7623248,1.9023248,2.922325,3.422325,3.2823248,3.2723248,3.142325,3.2923248,3.8123248,4.142325,4.222325,3.0023248,3.3223248,3.2923248,2.4923248,1.5223248,0.5023248,-0.5676752,-0.88767517,-2.5476751,-2.4776752,-2.4976752,-3.317675,-3.9376752,-4.417675,-5.127675,-2.097675,-5.357675,-5.237675,-5.087675,-3.877675,-3.2876751,-2.4076753,2.3223248,-3.7876751,0.34232482,-3.2376752,-2.607675,-1.7576752,-1.8176751
3.8323247,3.7523248,3.9423249,4.6923246,4.952325,5.542325,5.7323246,4.8823247,4.9223247,5.262325,5.452325,5.4623246,6.032325,6.182325,5.9223247,4.872325,4.512325,3.642325,2.432325,1.8323249,0.85232484,0.15232483,-0.11767517,-0.32767516,-1.2676752,-1.9776752,-2.117675,-1.4676752,-1.4976752,-1.3076751,-2.5476751,-3.837675,-4.107675,-4.5576754,-3.2876751,0.11232483,0.21232483,-0.05767517,-0.45767516,0.11232483,1.9023248
3.3623247,5.182325,5.562325,6.262325,6.582325,6.0723248,6.222325,5.222325,6.872325,6.252325,6.162325,7.082325,8.222324,5.522325,4.352325,6.782325,6.0723248,6.1123247,4.6923246,4.8423247,5.162325,4.082325,3.7423248,3.152325,2.9723248,3.2723248,3.3423247,2.5423248,3.5323248,2.2923248,1.6923249,0.66232485,1.0923249,1.5023248,-0.33767518,-2.2176752,-4.147675,-2.2176752,-5.507675,-4.247675,-1.9376751
1.6123248,1.9323249,2.402325,3.2123249,2.8123248,2.872325,2.672325,1.8123249,2.8023248,4.552325,4.992325,5.272325,6.752325,5.662325,5.8423247,5.0723248,5.832325,4.5923247,5.972325,5.6523247,7.312325,6.802325,6.022325,5.532325,6.4223247,5.792325,6.2123246,6.052325,6.582325,6.182325,5.912325,5.4823246,5.9023247,3.132325,0.49232483,-3.2876751,-2.4076753,1.1323248,0.78232485,-0.65767515,0.9923248
2.8023248,2.2123249,2.5723248,2.0723248,1.7923248,1.8823248,1.6323248,2.2623248,2.8023248,3.162325,3.8323247,4.312325,4.3623247,4.3623247,4.5923247,4.6923246,4.892325,5.4023247,6.1523247,5.742325,6.4823246,9.472324,8.892324,6.4223247,6.352325,6.552325,7.6923246,9.032325,9.322325,9.812325,9.212325,7.5723248,5.7123246,3.9723248,1.7323248,1.2323248,-2.367675,-1.2576752,1.7623248,1.1923249,-1.1176752
2.7223248,2.9623249,1.7723248,1.4723248,0.85232484,1.1723248,1.7023249,2.8223248,3.392325,3.8423247,4.082325,4.3223248,5.062325,5.602325,5.4023247,5.392325,5.3623247,5.8223248,5.912325,7.5723248,8.972324,8.902325,7.5723248,7.292325,6.752325,7.392325,6.372325,8.542325,9.142324,8.532325,8.342325,9.192325,7.682325,4.662325,2.4723248,0.17232484,-0.5576752,1.4023248,-0.51767516,-0.38767517,0.16232483
2.2723248,1.3623248,2.3023248,2.0323248,1.2223248,2.412325,2.652325,2.9423249,2.912325,3.2223248,3.4423249,4.412325,4.502325,5.272325,5.752325,5.9623246,5.742325,6.492325,5.9423246,7.222325,7.282325,7.662325,7.292325,6.562325,6.4223247,7.1123247,7.4623246,8.052325,8.1023245,7.912325,6.302325,6.682325,5.472325,6.122325,3.8023248,3.7923248,4.662325,0.25232482,0.18232483,-0.02767517,-1.1776751
2.0123248,2.5623248,2.0923247,1.1523248,0.78232485,1.4423249,3.5023248,3.4823248,3.382325,3.872325,3.372325,4.772325,5.142325,5.7323246,6.6123247,5.912325,5.3223248,5.552325,4.752325,4.952325,5.012325,4.9823246,5.512325,6.432325,6.742325,6.772325,7.4823246,6.782325,7.332325,7.0923247,5.7323246,5.6723247,5.182325,4.412325,5.6323247,4.2123246,4.042325,1.5623249,0.5723248,-0.8076752,-0.11767517
3.8023248,4.3223248,3.4923248,2.9923248,2.412325,2.9723248,2.912325,3.632325,4.182325,4.102325,3.2923248,4.512325,5.7123246,6.1123247,4.9623246,2.9723248,4.912325,6.4023247,5.892325,6.722325,6.722325,6.872325,7.2123246,7.392325,6.002325,6.042325,5.492325,7.582325,7.002325,6.622325,5.542325,4.722325,3.5423248,2.7823248,3.0023248,4.302325,1.8923248,1.9123248,0.6323248,0.55232483,-0.94767517
2.2223248,3.0023248,3.5923247,3.3423247,3.422325,3.4823248,4.3423247,4.272325,5.302325,4.4023247,3.3223248,4.972325,4.4023247,3.3623247,6.372325,6.552325,6.2323246,6.312325,6.3823247,6.252325,5.9223247,6.602325,6.682325,6.512325,6.372325,6.6723247,7.242325,6.752325,6.6323247,6.872325,5.752325,4.512325,3.2823248,2.902325,2.662325,2.8523247,2.0323248,3.0723248,1.7723248,0.15232483,-0.27767518
