wind_kz.json
{"header": {"discipline":0,"disciplineName":"Meteorological products","gribEdition":2,"gribLength":871,"center":7,"centerName":"US National Weather Service - NCEP(WMC)","subcenter":0,"refTime":"2023-09-22T06:00:00.000Z","significanceOfRT":1,"significanceOfRTName":"Start of forecast","productStatus":0,"productStatusName":"Operational products","productType":1,"productTypeName":"Forecast products","productDefinitionTemplate":0,"productDefinitionTemplateName":"Analysis/forecast at horizontal level/layer at a point in time","parameterCategory":0,"parameterCategoryName":"UnknownDiscipline_0_Category_0","parameterNumber":0,"parameterNumberName":"UnknownParameter_D0_C0_0","parameterUnit":"Unknown","genProcessType":2,"genProcessTypeName":"Forecast","forecastTime":180,"surface1Type":1,"surface1TypeName":"Ground or water surface","surface1Value":0.0,"surface2Type":255,"surface2TypeName":"Missing","surface2Value":0.0,"gridDefinitionTemplate":0,"gridDefinitionTemplateName":"Latitude_Longitude","numberPoints":615,"shape":6,"shapeName":"Earth spherical with radius of 6,371,229.0 m","gridUnits":"degrees","resolution":48,"winds":"true","scanMode":64,"nx":41,"ny":15,"basicAngle":0,"lo1":47.0,"la1":41.0,"lo2":87.0,"la2":55.0,"dx":1.0,"dy":1.0}, "data":
[rows 0 to 14 of 15, columns 0 to 40 of 41]
289.38965,280.68964,287.18964,293.68964,293.78964,293.28964,294.08966,295.78964,293.38965,292.78964,292.28964,296.28964,293.68964,294.98965,294.98965,290.58966,291.38965,291.98965,289.38965,291.28964,291.78964,290.08966,287.68964,284.78964,289.78964,290.48965,286.88965,276.68964,272.08966,274.68964,275.38965,275.18964,285.28964,290.98965,293.08966,291.48965,291.88965,291.98965,289.88965,289.58966,289.48965
271.88965,285.28964,293.18964,293.28964,293.08966,292.08966,293.78964,293.08966,291.38965,292.78964,293.78964,295.38965,291.48965,294.18964,294.08966,291.68964,290.08966,289.78964,289.88965,289.58966,291.18964,291.08966,289.08966,280.78964,274.78964,274.98965,281.18964,275.28964,277.18964,273.98965,277.78964,268.58966,277.68964,261.48965,275.18964,287.98965,286.08966,288.78964,292.18964,283.88965,283.78964
287.48965,292.58966,293.28964,292.88965,291.18964,292.78964,293.08966,292.78964,293.78964,294.98965,291.38965,294.38965,292.28964,291.48965,292.48965,292.78964,288.98965,287.28964,288.68964,289.28964,292.38965,288.38965,290.68964,285.58966,288.88965,287.78964,289.08966,288.28964,287.08966,279.58966,269.68964,275.18964,279.48965,280.38965,281.58966,280.38965,273.28964,275.48965,276.38965,271.98965,270.98965
289.78964,291.98965,293.38965,292.38965,291.98965,291.98965,293.38965,295.08966,292.58966,292.08966,291.58966,293.38965,291.18964,290.68964,290.68964,293.58966,293.18964,288.68964,289.78964,289.38965,289.98965,285.38965,291.28964,291.98965,291.98965,292.68964,293.78964,292.38965,289.98965,288.88965,287.08966,285.38965,289.68964,286.88965,287.08966,284.18964,274.88965,266.28964,276.48965,282.98965,286.18964
291.38965,291.48965,292.28964,291.38965,291.88965,291.98965,292.98965,292.98965,293.18964,293.78964,291.98965,291.78964,289.98965,289.08966,287.58966,292.48965,292.48965,290.68964,287.78964,291.98965,292.18964,291.48965,290.08966,290.88965,290.58966,290.58966,289.08966,289.68964,289.98965,288.98965,290.48965,286.58966,276.18964,268.98965,280.08966,287.78964,290.08966,290.18964,290.78964,290.88965,290.68964
291.38965,289.08966,290.68964,291.08966,291.18964,290.88965,292.08966,293.58966,291.18964,291.58966,293.88965,291.98965,289.78964,289.78964,289.58966,290.18964,292.08966,291.58966,291.08966,293.78964,291.58966,291.18964,290.08966,289.88965,288.78964,287.68964,287.38965,287.68964,290.58966,290.38965,288.88965,289.28964,288.48965,284.88965,284.98965,288.48965,282.68964,284.98965,289.88965,290.88965,288.88965
290.78964,290.28964,293.48965,293.08966,291.28964,291.18964,292.18964,291.18964,291.38965,291.68964,290.28964,289.28964,288.48965,288.58966,288.28964,290.28964,290.58966,291.18964,290.78964,290.28964,288.78964,290.48965,290.38965,290.38965,288.18964,287.98965,286.48965,288.38965,287.98965,288.18964,287.58966,287.38965,288.18964,288.88965,287.78964,286.68964,281.48965,279.08966,276.58966,274.18964,284.88965
290.18964,289.18964,291.48965,292.28964,292.58966,292.18964,291.28964,289.68964,288.38965,290.68964,287.68964,288.28964,287.28964,287.78964,289.38965,290.08966,289.58966,290.58966,290.58966,289.38965,287.88965,287.28964,287.08966,287.28964,287.38965,284.88965,284.48965,287.98965,283.48965,287.18964,286.18964,285.38965,284.48965,282.08966,282.58966,283.28964,284.68964,286.78964,283.38965,282.78964,280.58966
289.28964,288.88965,289.88965,289.28964,290.78964,290.28964,288.98965,289.18964,289.88965,287.38965,284.68964,285.68964,283.88965,286.28964,286.78964,288.78964,287.98965,287.78964,287.68964,287.08966,285.68964,284.98965,285.68964,285.08966,283.38965,284.08966,282.18964,282.68964,282.18964,280.58966,281.98965,282.68964,282.88965,283.08966,281.88965,280.68964,281.08966,280.38965,267.48965,270.08966,265.78964
288.58966,289.48965,288.98965,289.08966,289.18964,289.38965,288.08966,287.68964,289.48965,284.88965,286.08966,284.98965,285.48965,285.48965,285.58966,286.18964,284.98965,285.88965,285.88965,286.68964,285.58966,285.58966,287.68964,285.98965,285.28964,283.08966,282.58966,284.38965,283.68964,282.98965,282.98965,285.18964,286.08966,285.98965,282.08966,280.98965,279.48965,276.38965,270.68964,270.68964,267.48965
287.98965,287.88965,288.58966,288.38965,287.68964,287.18964,286.78964,285.98965,286.48965,283.38965,282.68964,284.78964,283.18964,282.28964,282.58966,282.88965,283.78964,284.58966,285.48965,284.18964,286.38965,286.28964,285.58966,284.78964,282.48965,281.88965,282.38965,283.58966,284.68964,285.18964,284.68964,287.08966,286.98965,284.98965,282.78964,280.38965,276.98965,273.68964,274.08966,274.08966,267.48965
285.68964,287.18964,287.28964,286.58966,285.98965,286.08966,284.88965,287.68964,287.98965,282.98965,280.58966,281.28964,282.48965,281.78964,282.78964,283.08966,283.08966,282.88965,283.08966,282.38965,281.58966,281.08966,282.08966,283.78964,281.38965,281.18964,281.58966,283.38965,284.78964,283.68964,281.88965,284.98965,285.78964,285.78964,283.48965,281.18964,280.18964,278.38965,279.48965,278.28964,276.28964
285.38965,284.78964,285.88965,284.98965,285.58966,284.58966,283.18964,285.68964,282.88965,281.88965,279.08966,277.78964,280.58966,283.68964,282.48965,282.88965,282.68964,282.58966,286.38965,282.08966,280.98965,279.78964,280.38965,279.18964,279.98965,279.98965,284.08966,280.98965,282.28964,280.18964,280.28964,280.78964,280.78964,284.18964,283.88965,283.08966,280.98965,280.08966,278.58966,277.48965,278.08966
284.08966,285.28964,285.98965,285.38965,283.48965,283.08966,282.48965,281.98965,280.88965,281.28964,279.48965,277.38965,277.78964,281.58966,282.48965,282.68964,282.38965,281.78964,285.58966,283.38965,281.48965,280.48965,280.78964,282.38965,280.68964,283.58966,283.48965,283.48965,281.98965,281.88965,281.88965,281.98965,282.38965,281.78964,281.68964,280.78964,279.08966,280.28964,280.38965,279.68964,280.68964
285.38965,286.78964,286.18964,284.98965,283.78964,282.48965,282.58966,281.18964,280.98965,280.48965,281.08966,278.18964,278.38965,279.38965,281.18964,282.28964,281.78964,281.28964,280.98965,280.38965,280.18964,280.08966,278.88965,278.68964,279.28964,281.08966,281.48965,281.18964,281.38965,280.38965,280.48965,281.78964,280.28964,279.88965,279.88965,279.78964,280.18964,275.98965,279.28964,279.48965,279.88965
