wind_kz.json
{"header": {"discipline":0,"disciplineName":"Meteorological products","gribEdition":2,"gribLength":794,"center":7,"centerName":"US National Weather Service - NCEP(WMC)","subcenter":0,"refTime":"2023-09-27T06:00:00.000Z","significanceOfRT":1,"significanceOfRTName":"Start of forecast","productStatus":0,"productStatusName":"Operational products","productType":1,"productTypeName":"Forecast products","productDefinitionTemplate":0,"productDefinitionTemplateName":"Analysis/forecast at horizontal level/layer at a point in time","parameterCategory":2,"parameterCategoryName":"UnknownDiscipline_0_Category_2","parameterNumber":3,"parameterNumberName":"UnknownParameter_D0_C2_3","parameterUnit":"Unknown","genProcessType":2,"genProcessTypeName":"Forecast","forecastTime":300,"surface1Type":103,"surface1TypeName":"Specified height level above ground","surface1Value":10.0,"surface2Type":255,"surface2TypeName":"Missing","surface2Value":0.0,"gridDefinitionTemplate":0,"gridDefinitionTemplateName":"Latitude_Longitude","numberPoints":615,"shape":6,"shapeName":"Earth spherical with radius of 6,371,229.0 m","gridUnits":"degrees","resolution":48,"winds":"true","scanMode":64,"nx":41,"ny":15,"basicAngle":0,"lo1":47.0,"la1":41.0,"lo2":87.0,"la2":55.0,"dx":1.0,"dy":1.0}, "data":
[rows 0 to 14 of 15, columns 0 to 40 of 41]
2.5241852,-0.8758148,0.5241852,-5.6758146,-7.375815,-7.975815,-5.275815,-4.475815,-4.5758147,-6.0758147,-6.1758146,-7.875815,-8.875814,-8.875814,-5.875815,-2.6758149,1.5241852,0.4241852,1.6241852,0.4241852,-0.07581482,-0.6758148,-1.5758148,-1.2758148,-2.0758147,-0.47581482,-1.2758148,1.3241851,0.5241852,1.8241851,0.3241852,-0.47581482,0.02418518,-0.6758148,-0.47581482,2.4241853,1.6241852,1.0241852,-0.9758148,-0.77581483,0.3241852
4.224185,1.9241852,-1.7758148,-5.1758146,-5.975815,-6.775815,-4.375815,-3.9758148,-4.975815,-6.6758146,-6.775815,-6.875815,-6.375815,-8.075815,-10.275815,-5.5758147,1.9241852,2.2241852,1.1241852,2.5241852,2.3241851,0.6241852,1.1241852,2.3241851,1.4241852,1.3241851,-1.3758148,2.5241852,-0.07581482,2.124185,3.0241852,4.124185,-0.07581482,-1.4758148,-3.0758147,-1.2758148,-1.1758149,-1.9758148,-0.6758148,-2.0758147,0.02418518
0.5241852,-0.07581482,-3.4758148,-4.6758146,-6.1758146,-4.5758147,-3.6758149,-3.5758147,-5.1758146,-6.0758147,-6.975815,-6.6758146,-6.775815,-7.475815,-8.875814,-7.475815,3.9241853,3.9241853,2.4241853,2.9241853,3.124185,2.3241851,0.8241852,1.7241852,1.5241852,1.4241852,1.5241852,1.3241851,0.12418518,2.624185,3.7241852,1.6241852,2.2241852,-0.8758148,-0.77581483,2.8241851,3.124185,0.02418518,-0.37581483,0.8241852,0.4241852
0.4241852,-2.6758149,-3.5758147,-3.7758148,-3.6758149,-3.6758149,-5.275815,-5.1758146,-5.0758147,-4.0758147,-5.975815,-6.475815,-9.775815,-9.475815,-8.575815,-9.675815,-4.475815,3.7241852,2.2241852,1.5241852,1.3241851,3.4241853,1.7241852,1.9241852,0.6241852,2.9241853,1.2241852,1.5241852,3.624185,3.0241852,1.3241851,-0.9758148,-2.1758149,-0.07581482,0.02418518,-2.875815,-0.37581483,3.124185,1.4241852,0.22418518,0.72418517
-2.0758147,-3.6758149,-4.375815,-4.875815,-5.275815,-1.0758148,-2.0758147,-2.375815,-4.0758147,-5.0758147,-5.5758147,-6.1758146,-9.075815,-9.875814,-7.975815,-7.475815,-7.775815,-1.7758148,2.7241852,1.7241852,1.8241851,1.6241852,1.5241852,2.9241853,0.4241852,1.1241852,2.8241851,2.0241852,2.624185,2.5241852,1.0241852,1.0241852,3.124185,3.2241852,-0.8758148,-1.6758149,-0.37581483,-2.2758148,0.8241852,0.92418516,0.02418518
-0.17581482,-0.9758148,-3.4758148,-5.1758146,-6.275815,-7.1758146,-5.875815,-5.6758146,-5.1758146,-4.975815,-6.0758147,-5.975815,-8.075815,-10.075815,-5.975815,-4.875815,-6.975815,-7.6758146,-4.0758147,3.124185,2.0241852,2.5241852,3.3241851,3.2241852,3.624185,2.4241853,1.4241852,1.8241851,1.2241852,1.2241852,1.1241852,0.22418518,0.22418518,1.5241852,2.5241852,4.4241853,3.124185,4.4241853,1.4241852,1.9241852,-0.17581482
0.3241852,0.3241852,0.72418517,0.02418518,-0.9758148,-1.2758148,-3.2758148,-5.1758146,-4.975815,-5.475815,-6.1758146,-4.5758147,-6.0758147,-7.5758147,-8.375814,-8.675815,-4.275815,-5.0758147,-6.1758146,-3.875815,1.7241852,2.4241853,4.024185,5.124185,4.224185,2.9241853,1.0241852,1.1241852,0.4241852,0.92418516,0.92418516,-0.6758148,-1.9758148,-0.37581483,-1.4758148,-1.7758148,-2.875815,0.02418518,1.5241852,-0.07581482,1.9241852
0.8241852,1.4241852,0.8241852,0.4241852,0.02418518,0.02418518,-1.3758148,-3.2758148,-4.5758147,-5.0758147,-5.375815,-5.6758146,-4.5758147,-5.775815,-6.6758146,-7.375815,-6.875815,-7.0758147,-7.375815,-7.6758146,-4.475815,3.124185,3.5241852,7.524185,6.3241854,3.4241853,4.624185,1.9241852,1.2241852,2.2241852,1.0241852,1.5241852,-0.57581484,-2.1758149,1.0241852,1.3241851,1.2241852,1.1241852,-0.07581482,-0.07581482,-1.5758148
-2.0758147,-1.9758148,-1.8758148,-0.47581482,-0.37581483,-1.0758148,0.12418518,-1.4758148,-3.0758147,-3.4758148,-4.5758147,-5.1758146,-5.375815,-3.5758147,-6.275815,-6.475815,-6.375815,-6.1758146,-6.475815,-5.1758146,-6.475815,0.8241852,4.024185,5.8241854,4.9241853,5.024185,3.9241853,3.624185,2.7241852,2.624185,3.4241853,2.9241853,2.624185,2.5241852,2.3241851,2.0241852,-1.8758148,0.8241852,1.0241852,-0.17581482,-2.6758149
-1.8758148,-2.1758149,-2.0758147,-1.1758149,-0.57581484,-0.57581484,1.3241851,-0.17581482,-0.77581483,-1.7758148,-3.6758149,-4.375815,-5.1758146,-3.7758148,-5.0758147,-5.5758147,-5.5758147,-5.875815,-5.0758147,-5.475815,-3.4758148,-6.5758147,3.9241853,5.3241854,6.4241853,5.724185,5.624185,2.9241853,3.624185,3.4241853,3.5241852,3.124185,3.4241853,2.624185,1.2241852,0.92418516,0.4241852,-2.0758147,-0.77581483,2.624185,2.624185
-1.7758148,-0.6758148,-1.8758148,-1.7758148,-1.6758149,-0.6758148,0.4241852,0.6241852,-0.17581482,-0.8758148,-1.1758149,-2.2758148,-4.6758146,-3.7758148,-3.375815,-4.1758146,-4.6758146,-5.1758146,-5.6758146,-2.2758148,-5.375815,-4.275815,0.6241852,5.3241854,5.124185,6.124185,4.3241854,4.024185,4.124185,3.7241852,4.124185,3.9241853,3.124185,2.4241853,1.8241851,0.72418517,0.8241852,2.5241852,1.4241852,1.5241852,0.6241852
-0.57581484,-1.2758148,-0.37581483,-0.47581482,-0.57581484,-1.2758148,-0.8758148,-0.07581482,0.3241852,-0.17581482,0.02418518,-0.9758148,-2.875815,-3.9758148,-3.875815,-3.4758148,-4.475815,-5.5758147,-6.0758147,-4.375815,-4.875815,-4.275815,-5.0758147,2.8241851,4.8241854,4.524185,4.624185,5.724185,5.024185,4.524185,4.3241854,4.224185,2.624185,2.624185,1.5241852,0.22418518,1.1241852,2.624185,2.4241853,2.0241852,0.6241852
-0.37581483,-0.47581482,-0.27581483,-0.47581482,0.6241852,0.6241852,-0.37581483,-0.17581482,0.02418518,0.72418517,0.72418517,-0.47581482,0.4241852,-1.2758148,-2.2758148,-2.4758148,-2.2758148,-4.1758146,-4.6758146,-5.775815,-5.775815,-5.1758146,-4.775815,-3.5758147,-4.1758146,5.124185,5.4241853,5.224185,5.524185,5.224185,4.724185,4.224185,3.7241852,3.124185,2.7241852,2.2241852,1.5241852,0.4241852,0.6241852,0.22418518,-0.07581482
0.4241852,0.3241852,-0.9758148,-0.27581483,0.4241852,0.6241852,1.1241852,0.92418516,1.5241852,1.4241852,1.3241851,0.22418518,0.72418517,1.3241851,0.02418518,-1.1758149,-0.27581483,-1.5758148,-2.7758148,-3.875815,-4.1758146,-4.275815,-5.1758146,-5.5758147,-4.5758147,-4.375815,2.0241852,5.4241853,5.724185,5.8241854,5.524185,4.8241854,4.3241854,4.3241854,2.7241852,2.7241852,1.9241852,1.1241852,0.92418516,0.92418516,0.3241852
0.12418518,-0.17581482,-2.9758148,-2.1758149,-1.4758148,-1.3758148,-0.77581483,0.6241852,0.8241852,1.4241852,1.5241852,1.7241852,1.1241852,0.8241852,2.624185,1.6241852,0.22418518,0.3241852,-0.27581483,-1.5758148,-2.875815,-3.1758149,-2.7758148,-4.1758146,-3.9758148,-3.4758148,-3.2758148,1.0241852,5.9241853,6.124185,6.224185,6.724185,5.024185,4.724185,4.024185,3.624185,2.9241853,3.124185,2.4241853,2.124185,0.22418518
