wind_kz.json
{"header": {"discipline":0,"disciplineName":"Meteorological products","gribEdition":2,"gribLength":794,"center":7,"centerName":"US National Weather Service - NCEP(WMC)","subcenter":0,"refTime":"2023-10-03T06:00:00.000Z","significanceOfRT":1,"significanceOfRTName":"Start of forecast","productStatus":0,"productStatusName":"Operational products","productType":1,"productTypeName":"Forecast products","productDefinitionTemplate":0,"productDefinitionTemplateName":"Analysis/forecast at horizontal level/layer at a point in time","parameterCategory":2,"parameterCategoryName":"UnknownDiscipline_0_Category_2","parameterNumber":2,"parameterNumberName":"UnknownParameter_D0_C2_2","parameterUnit":"Unknown","genProcessType":2,"genProcessTypeName":"Forecast","forecastTime":240,"surface1Type":103,"surface1TypeName":"Specified height level above ground","surface1Value":10.0,"surface2Type":255,"surface2TypeName":"Missing","surface2Value":0.0,"gridDefinitionTemplate":0,"gridDefinitionTemplateName":"Latitude_Longitude","numberPoints":615,"shape":6,"shapeName":"Earth spherical with radius of 6,371,229.0 m","gridUnits":"degrees","resolution":48,"winds":"true","scanMode":64,"nx":41,"ny":15,"basicAngle":0,"lo1":47.0,"la1":41.0,"lo2":87.0,"la2":55.0,"dx":1.0,"dy":1.0}, "data":
[rows 0 to 14 of 15, columns 0 to 40 of 41]
-0.21554565,1.2844543,-0.91554564,-2.2155457,-5.015546,-7.6155457,-8.615545,-8.715546,-9.215546,-6.015546,-7.2155457,-7.1155457,-6.1155457,-5.015546,-4.6155457,-3.1155457,-2.6155457,-1.8155457,-2.7155457,-0.61554563,2.0844543,1.5844543,3.0844543,3.3844543,0.58445436,0.48445433,1.2844543,3.5844543,0.78445435,0.88445437,1.1844543,0.6844543,0.6844543,-0.015545654,1.6844543,1.9844544,1.3844544,0.48445433,0.38445434,1.3844544,0.78445435
1.4844544,-0.91554564,-3.6155457,-5.6155457,-7.1155457,-8.915545,-8.015546,-9.815546,-8.015546,-7.7155457,-7.515546,-7.015546,-5.8155456,-4.7155457,-4.3155456,-2.9155457,-1.4155457,-2.5155456,-0.91554564,-0.015545654,1.7844543,1.8844544,3.1844544,3.3844543,1.5844543,0.58445436,0.6844543,0.18445435,2.8844543,0.88445437,0.6844543,0.08445434,-0.015545654,-0.11554565,0.28445435,0.38445434,0.48445433,0.88445437,0.38445434,0.28445435,0.78445435
-1.6155456,-3.9155457,-7.1155457,-7.015546,-8.015546,-8.215546,-7.7155457,-6.515546,-9.615545,-8.315546,-7.7155457,-7.015546,-6.2155457,-5.2155457,-4.1155457,-3.0155456,-2.3155456,0.18445435,1.9844544,3.2844543,3.3844543,5.1844544,4.484454,5.1844544,2.1844544,6.7844543,-0.21554565,1.9844544,0.78445435,0.58445436,0.28445435,1.7844543,0.48445433,0.08445434,0.88445437,1.3844544,0.58445436,0.08445434,-0.41554564,1.5844543,1.1844543
-4.515546,-8.315546,-7.7155457,-7.6155457,-7.6155457,-7.9155455,-6.6155457,-8.415545,-7.7155457,-7.8155456,-7.4155455,-7.515546,-7.1155457,-6.515546,-4.3155456,-3.1155457,-1.7155457,0.48445433,2.1844544,3.3844543,3.2844543,1.9844544,7.6844544,7.8844543,9.484454,9.884455,4.6844544,-1.0155456,4.5844545,1.6844543,-7.1155457,-6.9155455,-5.2155457,-2.3155456,-2.6155457,-1.7155457,0.28445435,1.2844543,-2.0155456,-2.3155456,-3.6155457
-7.2155457,-8.215546,-8.015546,-8.215546,-7.4155455,-7.6155457,-7.3155456,-7.1155457,-7.4155455,-7.2155457,-6.9155455,-6.7155457,-6.3155456,-6.015546,-4.6155457,-2.8155456,-1.6155456,0.08445434,1.9844544,3.2844543,2.7844543,3.2844543,4.6844544,7.1844544,8.584455,8.884455,6.3844543,3.9844544,4.984454,2.7844543,2.9844544,0.28445435,1.5844543,2.3844543,-3.0155456,-1.8155457,-2.5155456,-4.515546,-3.5155456,-3.1155457,-3.4155457
-6.515546,-5.1155457,-6.4155455,-7.1155457,-7.8155456,-8.115545,-7.2155457,-6.8155456,-6.2155457,-5.6155457,-6.515546,-5.7155457,-5.015546,-5.515546,-4.515546,-2.5155456,-1.7155457,-0.71554565,0.78445435,2.1844544,0.98445433,2.2844543,3.2844543,4.1844544,5.8844543,8.584455,6.0844545,4.8844543,13.384455,6.0844545,4.1844544,3.0844543,-0.11554565,-0.61554563,-1.0155456,-3.4155457,0.88445437,-2.8155456,-2.9155457,-2.7155457,-2.8155456
-4.6155457,-4.8155456,-4.4155455,-5.8155456,-6.1155457,-5.7155457,-5.3155456,-5.7155457,-5.2155457,-4.6155457,-4.7155457,-4.9155455,-4.3155456,-4.515546,-3.9155457,-3.1155457,-1.9155457,-1.3155457,-1.5155456,-1.2155457,-1.6155456,-1.2155457,0.08445434,1.5844543,2.3844543,4.6844544,6.0844545,2.9844544,5.6844544,2.6844544,-0.41554564,-0.11554565,-0.61554563,-2.6155457,-4.515546,-4.1155457,-1.4155457,0.98445433,-1.8155457,1.9844544,-1.6155456
-2.2155457,-2.6155457,-2.9155457,-3.3155456,-2.9155457,-3.1155457,-3.8155456,-3.8155456,-3.5155456,-4.015546,-3.5155456,-3.4155457,-3.7155457,-3.5155456,-3.1155457,-3.0155456,-3.1155457,-2.4155457,-2.6155457,-2.6155457,-3.8155456,-3.2155457,-3.4155457,-2.1155457,-1.4155457,0.48445433,2.7844543,2.0844543,6.0844545,1.2844543,0.78445435,0.38445434,-1.2155457,0.98445433,2.3844543,-2.0155456,-3.6155457,-5.015546,-8.915545,-10.415545,-5.6155457
0.18445435,0.6844543,0.08445434,-0.51554567,-0.11554565,-0.11554565,-0.015545654,-0.51554567,-1.5155456,-2.0155456,-2.3155456,-2.0155456,-1.8155457,-1.2155457,-2.1155457,-2.4155457,-3.1155457,-2.9155457,-3.0155456,-3.0155456,-3.6155457,-4.515546,-3.7155457,-3.0155456,-3.3155456,-3.6155457,-2.2155457,1.3844544,5.2844543,-0.71554565,1.1844543,1.9844544,3.0844543,1.9844544,2.1844544,-4.515546,-2.8155456,-2.6155457,-3.0155456,-1.4155457,0.6844543
1.6844543,1.4844544,1.8844544,1.9844544,1.9844544,1.4844544,0.98445433,0.6844543,0.38445434,0.28445435,-0.015545654,-0.11554565,-0.31554565,-0.91554564,-0.61554563,-1.4155457,-2.0155456,-2.8155456,-2.7155457,-3.4155457,-4.2155457,-4.015546,-3.7155457,-4.7155457,-4.8155456,-3.7155457,-5.7155457,-3.7155457,-4.9155455,-4.7155457,-2.7155457,-0.41554564,2.3844543,4.484454,2.4844544,1.6844543,-2.9155457,-1.0155456,2.2844543,0.58445436,-1.0155456
2.6844544,2.7844543,2.3844543,2.5844543,2.6844544,2.4844544,2.5844543,2.7844543,1.5844543,1.3844544,1.8844544,2.2844543,0.78445435,0.58445436,0.08445434,-0.015545654,-0.41554564,-1.1155456,-1.7155457,-2.4155457,-2.4155457,-2.4155457,-2.6155457,-3.5155456,-3.8155456,-4.4155455,-3.5155456,-2.5155456,-2.1155457,-0.61554563,-0.41554564,-1.5155456,0.58445436,2.8844543,2.1844544,1.0844543,0.38445434,0.58445436,1.3844544,-1.0155456,-0.015545654
2.6844544,3.7844543,3.6844544,3.0844543,3.1844544,2.4844544,2.1844544,2.2844543,2.2844543,1.3844544,1.7844543,3.0844543,2.1844544,2.6844544,2.3844543,1.9844544,1.3844544,0.98445433,0.18445435,-0.41554564,-0.51554567,-1.1155456,-1.9155457,-2.0155456,-2.3155456,-2.0155456,-2.3155456,-3.3155456,-2.0155456,-1.8155457,-0.8155457,-0.71554565,0.08445434,-0.91554564,-1.6155456,-0.015545654,1.0844543,0.18445435,0.38445434,-0.21554565,-1.1155456
2.7844543,3.5844543,3.7844543,3.7844543,3.6844544,2.1844544,3.0844543,3.1844544,3.0844543,1.6844543,1.7844543,3.6844544,2.7844543,3.7844543,3.4844544,3.2844543,2.7844543,2.4844544,2.0844543,2.1844544,1.3844544,0.88445437,0.58445436,0.48445433,0.38445434,-0.31554565,0.08445434,-0.61554563,-1.3155457,-2.4155457,-0.91554564,-0.8155457,-0.71554565,-0.61554563,-1.2155457,-0.71554565,-0.41554564,0.18445435,-1.2155457,-1.8155457,-1.1155456
3.7844543,3.1844544,4.3844543,3.6844544,2.6844544,2.8844543,3.3844543,3.1844544,3.4844544,2.1844544,2.2844543,2.6844544,3.7844543,4.3844543,4.2844543,3.7844543,3.6844544,3.2844543,2.6844544,2.8844543,3.0844543,2.7844543,2.3844543,2.3844543,2.1844544,1.5844543,0.88445437,0.18445435,0.18445435,-0.21554565,-0.51554567,-1.2155457,-0.31554565,0.48445433,0.18445435,-0.015545654,0.08445434,-0.21554565,0.48445433,0.88445437,-0.8155457
3.8844543,4.7844543,5.0844545,3.0844543,3.1844544,3.0844543,3.4844544,3.4844544,3.0844543,2.1844544,1.2844543,4.6844544,3.1844544,1.7844543,2.3844543,2.6844544,3.5844543,3.8844543,3.6844544,3.8844543,3.5844543,3.4844544,3.2844543,2.9844544,2.5844543,2.2844543,2.2844543,1.8844544,1.4844544,1.2844543,1.0844543,0.6844543,-0.015545654,0.78445435,0.88445437,1.4844544,1.1844543,0.28445435,2.0844543,2.6844544,-0.11554565
