wind_kz.json
{"header": {"discipline":0,"disciplineName":"Meteorological products","gribEdition":2,"gribLength":948,"center":7,"centerName":"US National Weather Service - NCEP(WMC)","subcenter":0,"refTime":"2023-08-24T18:00:00.000Z","significanceOfRT":1,"significanceOfRTName":"Start of forecast","productStatus":0,"productStatusName":"Operational products","productType":1,"productTypeName":"Forecast products","productDefinitionTemplate":0,"productDefinitionTemplateName":"Analysis/forecast at horizontal level/layer at a point in time","parameterCategory":0,"parameterCategoryName":"UnknownDiscipline_0_Category_0","parameterNumber":0,"parameterNumberName":"UnknownParameter_D0_C0_0","parameterUnit":"Unknown","genProcessType":2,"genProcessTypeName":"Forecast","forecastTime":180,"surface1Type":1,"surface1TypeName":"Ground or water surface","surface1Value":0.0,"surface2Type":255,"surface2TypeName":"Missing","surface2Value":0.0,"gridDefinitionTemplate":0,"gridDefinitionTemplateName":"Latitude_Longitude","numberPoints":615,"shape":6,"shapeName":"Earth spherical with radius of 6,371,229.0 m","gridUnits":"degrees","resolution":48,"winds":"true","scanMode":64,"nx":41,"ny":15,"basicAngle":0,"lo1":47.0,"la1":41.0,"lo2":87.0,"la2":55.0,"dx":1.0,"dy":1.0}, "data":
[rows 0 to 14 of 15, columns 0 to 40 of 41]
307.41666,295.21664,302.11664,299.21664,299.11664,298.11664,308.11664,314.11664,309.91666,311.61664,310.11664,310.31665,310.61664,310.71664,311.01666,313.91666,313.11664,312.51666,316.91666,314.61664,319.51666,311.31665,305.01666,302.91666,308.11664,312.81665,300.41666,292.91666,282.11664,276.01666,285.31665,282.61664,298.51666,315.01666,323.71664,322.71664,325.71664,323.31665,323.61664,324.11664,323.61664
292.61664,302.21664,298.81665,299.01666,299.21664,297.91666,313.31665,310.51666,309.11664,309.61664,311.31665,311.11664,312.31665,311.11664,309.61664,311.21664,315.31665,316.61664,315.71664,317.71664,317.61664,314.31665,306.61664,295.21664,273.51666,275.81665,296.71664,297.71664,292.41666,273.81665,284.31665,274.71664,288.61664,273.21664,296.21664,315.71664,314.81665,318.61664,326.11664,313.61664,284.81665
309.31665,298.61664,299.21664,299.21664,298.01666,307.91666,308.31665,309.61664,309.01666,309.11664,310.61664,313.61664,316.01666,314.11664,312.91666,315.21664,315.81665,301.11664,315.71664,313.31665,316.81665,313.51666,312.81665,300.61664,307.61664,304.61664,302.21664,303.51666,305.41666,290.01666,273.21664,273.21664,281.41666,281.01666,286.71664,283.01666,280.41666,291.31665,299.81665,300.41666,297.21664
307.21664,299.51666,299.41666,298.51666,298.81665,307.01666,307.41666,310.01666,311.11664,312.01666,311.81665,311.01666,295.51666,294.71664,311.21664,314.91666,310.71664,311.21664,313.31665,308.81665,307.41666,308.41666,309.11664,311.31665,308.01666,306.41666,309.21664,306.51666,309.41666,311.11664,297.91666,291.81665,292.11664,287.91666,288.11664,284.61664,281.31665,299.81665,300.61664,308.31665,312.01666
308.41666,299.11664,299.31665,298.91666,302.01666,307.51666,309.71664,311.71664,310.71664,310.31665,313.01666,310.91666,295.01666,293.71664,291.71664,309.21664,309.81665,307.11664,298.01666,295.51666,296.01666,310.11664,311.51666,312.11664,310.61664,312.51666,308.01666,306.61664,312.51666,310.11664,305.61664,300.61664,282.21664,274.51666,285.61664,296.71664,296.81665,314.81665,319.21664,318.01666,321.21664
302.71664,306.81665,296.91666,298.11664,298.71664,298.31665,312.21664,310.01666,310.51666,311.91666,310.51666,310.61664,296.71664,294.61664,301.11664,308.01666,294.71664,299.01666,300.81665,293.41666,292.91666,305.61664,309.11664,310.01666,305.01666,304.61664,305.21664,293.01666,307.31665,309.41666,307.21664,302.81665,304.61664,290.91666,288.81665,290.81665,282.51666,282.91666,302.81665,312.51666,317.11664
306.71664,308.21664,308.61664,310.01666,305.81665,310.31665,313.51666,310.71664,309.11664,309.31665,310.11664,308.31665,308.91666,308.01666,309.51666,302.91666,294.81665,292.81665,306.01666,298.41666,303.21664,303.81665,304.51666,305.41666,299.81665,303.11664,297.81665,306.71664,310.11664,311.91666,311.11664,305.41666,303.91666,300.21664,294.71664,289.01666,286.11664,284.01666,290.51666,301.91666,308.71664
306.21664,307.71664,307.31665,308.41666,309.31665,311.11664,311.61664,309.51666,307.81665,308.21664,308.31665,307.31665,307.11664,305.71664,304.71664,304.01666,299.81665,302.91666,303.71664,301.51666,299.91666,303.91666,302.61664,297.61664,298.91666,293.81665,292.81665,304.11664,300.61664,304.71664,301.11664,302.41666,304.11664,299.91666,296.31665,297.31665,290.51666,289.41666,299.31665,301.71664,304.01666
306.21664,306.51666,308.01666,308.31665,307.11664,309.01666,309.51666,309.11664,308.01666,305.81665,306.11664,305.11664,305.21664,308.11664,305.41666,291.51666,296.51666,304.11664,302.01666,302.21664,295.11664,296.81665,293.61664,294.51666,298.71664,293.81665,292.81665,294.11664,289.71664,289.21664,297.21664,298.31665,302.51666,299.11664,300.01666,297.11664,297.81665,285.91666,282.01666,294.11664,299.61664
305.91666,306.51666,307.01666,307.61664,306.81665,308.61664,307.91666,305.71664,303.21664,302.21664,302.71664,301.51666,303.61664,303.41666,291.21664,293.21664,302.41666,301.61664,295.61664,295.61664,289.11664,289.21664,289.61664,290.41666,288.91666,287.41666,295.11664,291.81665,290.11664,297.11664,301.31665,298.11664,300.21664,301.91666,301.71664,296.61664,286.31665,283.71664,283.21664,292.31665,298.01666
302.81665,303.01666,303.31665,303.11664,303.91666,304.71664,305.21664,303.91666,301.11664,301.51666,299.21664,299.61664,300.51666,296.61664,288.61664,290.01666,299.21664,299.31665,294.81665,293.11664,289.01666,288.81665,296.11664,290.81665,293.71664,292.11664,286.11664,297.61664,299.01666,301.81665,303.41666,304.71664,300.81665,298.61664,297.81665,293.41666,284.51666,282.91666,283.21664,284.91666,294.51666
301.21664,302.61664,303.21664,303.21664,303.01666,302.61664,299.01666,299.51666,300.81665,299.21664,295.91666,295.91666,295.11664,288.91666,294.81665,296.31665,297.61664,292.91666,289.81665,288.01666,287.91666,290.31665,293.11664,292.21664,293.51666,293.01666,289.61664,296.81665,291.61664,300.31665,299.61664,296.01666,297.41666,296.61664,295.61664,294.01666,293.51666,288.41666,285.71664,287.11664,289.61664
297.11664,300.51666,302.21664,301.01666,300.71664,299.61664,298.41666,299.11664,299.11664,296.01666,291.71664,289.81665,287.51666,291.01666,293.61664,294.61664,292.91666,289.51666,288.11664,287.81665,293.21664,292.21664,292.41666,292.41666,294.51666,296.11664,298.31665,297.01666,297.81665,297.91666,299.21664,296.91666,298.41666,298.61664,298.91666,293.21664,293.31665,290.71664,289.01666,287.21664,287.01666
298.31665,299.21664,295.01666,299.01666,297.31665,298.81665,296.91666,296.21664,296.01666,294.61664,286.91666,283.11664,286.41666,291.61664,292.71664,292.81665,289.91666,291.61664,293.71664,292.61664,288.81665,292.11664,292.21664,293.81665,295.31665,296.21664,293.71664,293.51666,291.51666,295.51666,296.61664,296.91666,292.91666,295.21664,294.71664,295.71664,293.31665,290.41666,290.01666,287.71664,286.61664
295.11664,298.31665,290.61664,298.31665,297.81665,296.71664,295.91666,293.61664,294.91666,288.31665,284.71664,286.41666,284.21664,288.01666,290.41666,290.71664,290.71664,290.51666,292.11664,291.61664,292.41666,292.11664,293.21664,286.91666,292.51666,288.81665,287.61664,287.61664,285.91666,286.91666,291.31665,288.71664,294.21664,294.21664,294.01666,294.41666,294.81665,292.41666,291.41666,291.61664,287.01666
