wind_kz.json
{"header": {"discipline":0,"disciplineName":"Meteorological products","gribEdition":2,"gribLength":1025,"center":7,"centerName":"US National Weather Service - NCEP(WMC)","subcenter":0,"refTime":"2024-04-07T06:00:00.000Z","significanceOfRT":1,"significanceOfRTName":"Start of forecast","productStatus":0,"productStatusName":"Operational products","productType":1,"productTypeName":"Forecast products","productDefinitionTemplate":0,"productDefinitionTemplateName":"Analysis/forecast at horizontal level/layer at a point in time","parameterCategory":2,"parameterCategoryName":"UnknownDiscipline_0_Category_2","parameterNumber":3,"parameterNumberName":"UnknownParameter_D0_C2_3","parameterUnit":"Unknown","genProcessType":2,"genProcessTypeName":"Forecast","forecastTime":240,"surface1Type":103,"surface1TypeName":"Specified height level above ground","surface1Value":10.0,"surface2Type":255,"surface2TypeName":"Missing","surface2Value":0.0,"gridDefinitionTemplate":0,"gridDefinitionTemplateName":"Latitude_Longitude","numberPoints":615,"shape":6,"shapeName":"Earth spherical with radius of 6,371,229.0 m","gridUnits":"degrees","resolution":48,"winds":"true","scanMode":64,"nx":41,"ny":15,"basicAngle":0,"lo1":47.0,"la1":41.0,"lo2":87.0,"la2":55.0,"dx":1.0,"dy":1.0}, "data":
[rows 0 to 14 of 15, columns 0 to 40 of 41]
1.5242724,1.9742725,3.2042725,8.424273,4.8242726,0.094272465,-0.46572754,1.8342725,0.33427247,-1.0257275,-3.8857276,-4.4857273,-4.7257276,-5.2957277,-5.7457275,-4.2457275,-5.9657273,-5.8457274,-6.6957273,-5.3957276,-4.8057275,-3.9557276,-1.8057275,0.63427246,1.7042725,-0.81572753,-0.13572754,-1.1057276,1.0542724,4.5242724,2.5942724,1.9842725,-1.9557276,-2.1957276,1.2142725,6.2042723,4.6042724,2.4842725,2.5642724,1.3042724,1.3742725
0.38427246,0.51427245,7.1642723,6.6042724,4.0942726,0.9242725,2.4842725,2.6242723,1.4242724,-0.5857275,-2.7457275,-3.7257276,-4.0457277,-4.3257275,-5.7457275,-6.0557275,-2.1757276,-2.9657276,-4.8457274,-5.4557276,-5.2257276,-5.5757275,-3.6057274,-2.0957274,1.2142725,0.96427244,2.4942725,1.8742725,2.2542725,1.6242725,0.41427246,4.3342724,1.6342725,3.9842725,3.1842725,2.1842725,3.0942724,3.3642724,3.4442725,-0.72572756,-1.7757275
3.2042725,7.0242724,5.6542726,5.3242726,3.1842725,4.0142727,3.5042725,2.5742724,1.4442725,1.4342724,-0.8957275,-2.4157276,-4.3157277,-5.1757274,-4.8057275,-3.8857276,-3.6157274,-2.8357275,-3.2157276,-4.9357276,-7.1957273,-4.1857276,-4.0257277,-1.3857275,-1.6357275,-1.9257275,-1.5957276,-1.4657276,-0.40572754,-1.9957275,1.2942724,2.6842725,1.1442724,2.2342725,-0.19572754,-3.1057274,1.6542724,2.7242725,-0.20572753,1.4542725,2.6642725
6.5642724,6.3742723,5.1142726,4.3142724,4.8042727,3.0642724,2.3542724,0.90427244,-0.44572753,-0.19572754,0.8042725,-1.1557275,-2.5157275,-4.0757275,-4.7357273,-3.9057276,-3.7157276,-2.4057276,-3.1657276,-4.8257275,-5.8557277,-3.2957275,-2.2957275,-1.8557276,-1.2557275,-1.9757276,-1.6057276,-0.19572754,1.5342724,1.9842725,1.8042724,0.95427245,1.3242725,-0.42572755,0.75427246,2.3242724,2.8642724,1.5842725,-2.9657276,-2.3257275,-1.5057275
5.7242723,4.3542724,3.3642724,2.3642724,2.5142725,3.3042724,1.7542725,0.27427247,-0.06572754,-1.9757276,-1.9557276,-1.8657275,-2.4957275,-1.4457276,-3.2957275,-3.1557276,-3.7457275,-3.8757277,-4.2257276,-4.6657276,-4.2757277,-3.3957276,-0.23572753,-0.5257275,-1.0857276,-0.42572755,0.014272461,-0.32572755,2.4642725,1.0542724,-1.6057276,-1.2257276,-1.3057275,0.7942725,0.16427246,2.4942725,3.5442724,1.0742725,-1.7557275,0.63427246,0.31427246
5.9642725,4.8642726,1.9042724,1.8042724,1.5642724,1.6842724,1.2142725,0.23427247,-0.11572754,-0.74572754,-1.6457275,-1.5457275,-1.1457275,-0.80572754,-2.1857276,-2.5557275,-2.3757277,-1.7157276,-3.1757276,-4.1657276,-3.8057275,-2.7357275,-1.8057275,-2.6657276,-2.2657275,-0.25572753,0.24427246,1.3442725,1.0642724,1.3842725,-0.36572754,-0.72572756,-1.4057275,-2.5457275,-1.4857275,0.35427245,-2.2757275,2.2542725,1.6042725,2.9442725,-1.7657275
4.3842726,3.8342724,3.1042724,2.4842725,2.4742725,2.1842725,0.64427245,-0.055727538,0.07427246,-0.37572753,-0.79572755,-1.0457275,-1.6057276,-2.2457275,-1.5957276,-1.1057276,-1.2657275,-1.5157275,-1.2757275,-2.2057276,-2.9657276,-2.4157276,-1.6557275,-1.3757275,0.37427247,-1.3457276,-0.8257275,3.6942725,4.8042727,4.4242725,4.0742726,3.8142724,1.5142725,1.5542724,1.0842725,2.2842724,2.9242725,-0.48572755,1.4542725,2.5542724,-2.9057276
4.5142727,3.5242724,3.2142725,2.8142724,3.0242724,1.7142725,0.39427245,0.05427246,-0.96572757,-1.2557275,-0.79572755,-0.98572755,-1.1657275,0.36427248,-0.17572755,-0.5057275,-0.015727539,0.06427246,0.34427246,-0.29572755,-1.2157276,-0.78572756,-0.49572754,-0.33572754,0.034272462,2.1042724,1.8342725,5.2342725,2.1542726,3.4142725,5.2542725,4.2642727,4.4642725,3.4942725,0.7942725,0.47427246,-2.0557275,0.70427245,-0.54572755,-1.4157275,-0.32572755
4.0442724,3.5242724,2.6742725,1.4842725,0.52427244,0.014272461,0.05427246,-0.10572754,-0.18572754,-0.28572753,-0.92572755,-0.9557275,-0.91572756,-1.7857275,-1.4457276,-0.5057275,1.3042724,2.0142725,1.9742725,1.8642725,1.2542725,-0.43572754,-0.37572753,0.93427247,1.5842725,2.4442725,3.3942726,3.8842726,5.3042727,4.8642726,4.2842727,5.9742723,4.3442726,3.2642725,2.8842726,4.5842724,2.0142725,-2.4157276,-2.6657276,-1.1257275,-0.48572755
3.2642725,2.4042726,1.5242724,1.0642724,0.5442725,0.24427246,-0.22572754,0.19427246,0.11427246,-0.20572753,-0.5757275,-0.79572755,-1.5057275,-1.4257275,-1.1957276,-0.8957275,1.0442724,2.7042725,3.8342724,3.0342724,2.9042726,0.96427244,0.49427247,2.4342725,2.5642724,3.1442726,3.3242724,3.0242724,3.5642724,5.0142727,4.1742725,3.5742724,3.9942725,3.6842725,4.2642727,4.9842725,2.6142724,0.02427246,1.2042725,1.4942725,1.6842724
2.4942725,1.6742724,0.65427244,0.35427245,0.25427246,0.04427246,-0.8857275,-1.2757275,-0.5757275,-0.80572754,-0.68572754,-1.1957276,-1.8357276,-1.5057275,-1.5157275,-1.2857275,-0.25572753,1.1942725,3.8442724,4.3942723,4.1942725,3.3142724,3.1042724,3.7642725,2.9442725,3.9642725,3.6042724,5.2242723,4.3042727,3.1342726,2.9842725,2.7542725,2.7542725,2.8542724,5.1342726,7.8542724,3.6742725,3.1442726,4.4242725,1.8042724,0.7242725
0.004272461,-0.44572753,-0.80572754,-1.0457275,-1.6657275,-1.5257275,-1.5857276,-1.4557276,-1.7657275,-1.3257276,-0.67572755,-1.0757276,-1.0357275,-0.72572756,-1.1957276,-1.5557275,-0.78572756,0.16427246,2.8542724,4.5942726,5.0642724,4.994272,4.6442723,4.5942726,4.6042724,5.0442724,4.3642726,4.1542726,3.6142724,3.1042724,3.2242725,3.4842725,3.2142725,3.1542726,4.3242726,7.0842724,6.244272,5.1742725,3.1242723,4.0242724,1.8042724
-1.9357276,-2.4757276,-4.5557275,-2.9857275,-3.8557274,-3.4257276,-3.6757276,-3.4457276,-3.0957274,-1.8057275,0.69427246,-0.03572754,-2.2757275,-1.3157276,-1.7557275,-2.0957274,-1.0057275,0.52427244,1.8242725,3.0842724,5.2642727,5.8842726,6.0342727,6.1742725,5.8142724,5.9342723,5.5542727,5.5242724,4.9442725,4.5742726,4.3242726,4.7042723,4.2142725,2.7442725,4.2842727,5.4442725,5.5042725,3.7942724,5.2642727,5.1642723,4.3842726
-2.4857275,-2.8557274,-3.4057276,-3.1757276,-4.2057276,-4.3157277,-3.5757275,-3.7057276,-4.1757274,-3.7857275,-1.4857275,-0.46572754,0.08427246,-1.1857276,-2.5557275,-3.0957274,-2.5557275,-0.71572757,0.87427247,2.3642724,3.1942725,3.9842725,4.3642726,4.4742723,5.0842724,5.2842727,5.6542726,5.4542723,5.9042726,5.8042727,5.7242723,5.5742726,5.0542727,4.5142727,4.6142726,5.4042726,4.9442725,5.0242724,5.0642724,4.8842726,6.6542726
-1.9857275,-2.9357276,-2.4157276,-3.0857275,-3.7657275,-3.5957274,-3.9257276,-3.8057275,-4.0457277,-3.4257276,-2.5957274,-2.1257277,-2.4457276,-2.4757276,-4.7657275,-6.7257276,-4.7657275,-2.7057276,-0.6457275,0.14427246,1.8742725,2.8342724,3.2142725,3.7742724,4.4042726,4.7042723,5.4042726,5.2742724,6.1842723,6.1542726,6.4842725,5.3942723,5.7642727,5.4242725,5.5342727,6.0542727,6.2542725,6.1842723,6.6342726,7.1542726,4.4442725
