wind_kz.json
{"header": {"discipline":0,"disciplineName":"Meteorological products","gribEdition":2,"gribLength":1102,"center":7,"centerName":"US National Weather Service - NCEP(WMC)","subcenter":0,"refTime":"2023-08-21T00:00:00.000Z","significanceOfRT":1,"significanceOfRTName":"Start of forecast","productStatus":0,"productStatusName":"Operational products","productType":1,"productTypeName":"Forecast products","productDefinitionTemplate":0,"productDefinitionTemplateName":"Analysis/forecast at horizontal level/layer at a point in time","parameterCategory":2,"parameterCategoryName":"UnknownDiscipline_0_Category_2","parameterNumber":3,"parameterNumberName":"UnknownParameter_D0_C2_3","parameterUnit":"Unknown","genProcessType":2,"genProcessTypeName":"Forecast","forecastTime":60,"surface1Type":103,"surface1TypeName":"Specified height level above ground","surface1Value":10.0,"surface2Type":255,"surface2TypeName":"Missing","surface2Value":0.0,"gridDefinitionTemplate":0,"gridDefinitionTemplateName":"Latitude_Longitude","numberPoints":615,"shape":6,"shapeName":"Earth spherical with radius of 6,371,229.0 m","gridUnits":"degrees","resolution":48,"winds":"true","scanMode":64,"nx":41,"ny":15,"basicAngle":0,"lo1":47.0,"la1":41.0,"lo2":87.0,"la2":55.0,"dx":1.0,"dy":1.0}, "data":
[rows 0 to 14 of 15, columns 0 to 40 of 41]
3.1485424,3.7885425,-2.4814575,-3.1714575,-2.1014576,-1.2214575,-3.1214576,-3.5914576,-1.4914575,-2.3514576,1.0085425,-0.72145754,-1.7114575,-1.9914575,-2.5314574,-3.7514575,-5.2814574,-5.5014577,-4.6014576,-5.3314576,-5.1914577,-5.3314576,-3.7814574,-2.4814575,4.0885425,2.2785425,1.0385425,1.7685425,-4.8314576,-4.2214575,-3.5214574,2.8785424,2.0985425,-0.13145752,-2.2814574,-4.0514574,-3.4514575,-4.4314575,-4.9514575,-2.8614576,-4.0214577
-0.02145752,-1.5014576,-2.0314574,-2.7714574,-0.73145753,-1.9714575,-6.3514576,-5.0114574,-3.4414575,-2.3314576,-1.3414575,1.3185425,-0.7514575,0.07854248,-3.0314574,-6.0714574,-6.3014574,-2.4214575,-4.0014577,-6.1014576,-4.8314576,-5.2314577,-4.1814575,-2.7414575,1.5085425,-0.33145753,1.2485424,-1.5314575,-3.6914575,-3.5414574,-1.3614575,-4.1414576,-2.9414575,-2.7914574,0.7885425,-1.2114575,-0.29145753,0.83854246,1.5485425,-0.54145753,0.47854248
-3.3414576,-2.4114575,-5.1214576,-2.2914574,-0.72145754,-0.53145754,-1.1914575,-3.3914576,-3.3414576,-1.9014575,-1.8014575,-0.11145752,0.96854246,-1.4214575,1.2585425,-4.3114576,-5.9114575,0.19854248,-3.1214576,-5.1914577,-5.5814576,-5.2414575,-1.9314575,-0.49145752,-5.6114573,-5.3014574,-3.7514575,-3.2414575,-0.43145752,-1.8514575,-2.4114575,-1.9814575,-3.8314576,-6.3014574,-0.5814575,1.5885425,-0.9414575,-1.5714575,-0.5114575,-2.1714575,-2.9314575
-1.2414575,0.65854245,-0.9414575,-3.1914575,0.22854248,-0.6414575,-3.8414576,-4.0014577,-3.9914575,-3.2214575,-2.6414576,-1.4314575,2.7285426,-0.9514575,-1.1514575,-4.5814576,-2.6514575,-4.2314577,-3.9214575,-5.9614577,-3.7714574,-4.3314576,-4.7814574,-3.7214575,-1.6914575,1.4185425,-2.6414576,-2.7614574,-4.0914574,-5.0814576,-5.3314576,-3.7914574,-5.5714574,1.7485424,-2.0414574,-2.6114576,-5.3914576,-2.1914575,6.1585426,4.1885424,4.9385424
-3.7114575,7.7985425,6.7685423,3.6085424,-1.0314575,-4.6614575,-5.4814577,-4.7114577,-3.7414575,-3.3314576,-1.9314575,-2.1014576,6.7385426,6.5085425,4.4385424,0.6685425,-0.34145752,-2.1914575,-3.9614575,-5.0214577,-1.1214576,-2.5814576,0.70854247,-1.3314575,0.64854246,2.0485425,0.5085425,-6.3814573,-6.8814573,-2.6514575,-5.3414574,-5.9914575,-3.5714576,-1.6314576,1.2185425,0.38854247,-3.0614576,-2.3514576,-1.0714575,3.2485425,7.0785427
-2.5614576,-2.9514575,10.848542,7.4085426,4.7985425,3.0785425,-1.1214576,-3.4614575,-2.6214576,-1.8114575,-2.6814575,0.65854245,4.4585423,6.4285426,5.7985425,2.6985426,1.2985425,0.37854248,-1.5714575,-0.01145752,0.16854247,-0.6214575,-2.5914576,-4.3614573,1.8685424,1.8885425,0.5385425,0.9985425,-2.6214576,-1.2214575,-3.4414575,-6.0414577,-6.3814573,-4.8914576,-4.1714573,1.5185425,-0.85145754,-4.1414576,-2.1614575,-0.6214575,-2.0114574
-2.7714574,-3.4314575,1.3785424,-0.9314575,-1.7014575,-2.7714574,-5.2314577,-5.0514574,-4.0714574,-2.8514576,-0.66145754,-2.9014575,1.6885425,6.5485425,8.638542,5.6285424,1.0685425,1.7785425,-0.30145752,1.3085425,0.25854248,-0.21145752,1.5885425,0.03854248,-0.3814575,1.3185425,-1.5714575,2.9085424,2.9585426,3.6085424,4.3285427,1.2985425,-5.7314577,-4.3414574,-1.9314575,-4.6914577,-4.5214577,-2.9814575,-2.8614576,-1.7614576,1.6185424
-1.8914576,-1.9814575,-2.8614576,-2.1114576,0.52854246,-5.3814573,-5.3314576,-5.2914577,-4.0414577,-4.1014576,-2.7914574,-1.1014575,0.23854248,-0.22145753,-6.8614573,-5.5114574,1.5085425,2.0885425,0.6785425,1.6885425,-1.1314576,-3.5614576,1.6885425,2.8885424,1.0985425,0.5085425,0.008542481,2.6285424,2.1785424,1.2485424,0.48854247,-1.7514576,-2.9714575,-4.4414577,-5.2714577,-6.8114576,-4.6914577,-0.22145753,0.6885425,0.58854246,0.07854248
-2.5214574,-1.2914575,-4.2614574,-2.5514574,-3.8214576,-4.1614575,-4.4114575,-4.5314574,-3.9614575,-3.4814575,-2.6614575,-2.1214576,-0.091457516,5.2485423,4.1385427,-5.9614577,-6.8914576,6.5485425,3.9085424,3.1085424,2.5585425,3.3085425,-1.5114576,4.4385424,4.9685426,2.4885426,1.8685424,-0.10145752,0.4685425,1.8685424,-0.9314575,-2.9414575,-0.59145755,-1.6514575,-4.2114577,-5.7314577,-3.3014574,-3.8514576,-1.9614575,-2.2414575,-0.9614575
-1.4214575,1.5785425,-0.30145752,-1.3514575,-3.2114575,-4.6814575,-5.9914575,-6.5514574,-5.7614574,-6.7214575,-5.8314576,-1.8214575,-2.0614576,3.1985426,3.1485424,7.5485425,-0.91145754,-4.2514577,3.5785425,3.8285425,5.2885423,1.9585425,2.2685425,-0.2514575,-2.0314574,2.8785424,0.6785425,3.1185424,2.4985425,3.0485425,-0.29145753,-0.8614575,-1.9214575,-1.8514575,-2.3914576,-1.8314575,-2.0114574,-0.07145752,0.16854247,0.23854248,-0.65145755
1.2485424,1.3085425,1.4185425,-2.4014575,-3.1114576,-4.6114573,-5.3014574,-6.3714576,-4.3914576,-5.2914577,-4.5614576,-4.0414577,-3.1914575,1.4185425,5.3085423,8.048542,7.0585423,5.5085425,-3.0614576,4.6285424,1.5985425,5.1285424,13.858542,7.7285423,3.2885425,4.5885425,8.498543,3.8185425,3.5685425,3.4585426,3.2685425,1.0285425,0.3085425,-2.1514575,-0.03145752,-2.9914575,-2.0714576,0.05854248,-2.2614574,-1.7414575,-2.0814576
-2.5414574,-2.4514575,-2.9114575,-1.3514575,-3.9814575,-4.2214575,-3.3614576,-4.1214576,-4.6614575,-5.9214573,-5.9414577,-7.5314574,-7.2214575,-8.881457,-6.7014575,1.8185425,5.3185425,2.6185424,1.8485425,-5.2214575,2.4485426,1.6885425,4.3685427,0.11854248,-2.9414575,4.8285427,-1.5814575,5.4085426,2.0585425,3.3685424,2.3485425,1.9785424,0.7585425,-3.1214576,1.2185425,0.25854248,-1.5314575,-1.0814575,-1.5414575,-1.6914575,-0.9314575
-0.5214575,0.7385425,-2.2114575,-4.4314575,-2.9014575,-4.3514576,-5.5714574,-4.9214573,-5.9114575,-5.3414574,-1.1214576,-2.0914576,-4.4214573,-3.8914576,-5.0114574,-4.4814577,-4.0614576,-5.8114576,1.0885425,-1.8414575,4.2885423,2.8485425,4.3385425,4.8085423,2.4285424,-6.0414577,4.2685423,3.9985425,4.8485427,5.0685425,3.7185426,2.1385424,0.20854248,-0.5814575,-1.4514575,0.7585425,0.9985425,-1.0114576,0.26854247,-0.46145752,-1.2114575
-1.9814575,-2.2514575,-3.7814574,-2.5514574,-4.3014574,-3.4614575,-3.7514575,-5.5114574,-6.5014577,-6.7214575,-3.7914574,-2.1414576,-1.8114575,-1.4414575,-2.3714576,-4.5114574,-5.1414576,-3.9014575,-4.1314573,0.7985425,0.028542481,3.1385424,3.2585425,1.7885425,3.1785424,-2.7814574,3.9985425,6.5385423,5.9785423,5.3885427,4.0585423,2.4885426,1.2285424,-0.3214575,-1.6014575,-2.3514576,-0.8314575,0.6085425,-0.65145755,-0.5114575,-0.8014575
-2.3514576,-2.8314576,-3.0814576,-4.7814574,-4.9614577,-4.8814573,-3.1614575,-3.7214575,-6.6714573,-4.6014576,-4.0414577,-6.4914575,-3.8714576,-2.0014575,-0.3814575,-2.7514575,-3.1314576,-3.6214576,-5.0414577,-5.1414576,-5.6214576,-0.42145753,2.9285424,5.7085423,3.1085424,2.1685424,-0.79145753,7.8585424,6.3085423,2.5385425,1.4585425,1.0085425,1.1385425,-1.4214575,-1.6414576,-1.2614576,-1.4914575,-1.4514575,-0.15145752,0.6185425,-0.16145752
