wind_kz.json
{"header": {"discipline":0,"disciplineName":"Meteorological products","gribEdition":2,"gribLength":1025,"center":7,"centerName":"US National Weather Service - NCEP(WMC)","subcenter":0,"refTime":"2023-08-07T12:00:00.000Z","significanceOfRT":1,"significanceOfRTName":"Start of forecast","productStatus":0,"productStatusName":"Operational products","productType":1,"productTypeName":"Forecast products","productDefinitionTemplate":0,"productDefinitionTemplateName":"Analysis/forecast at horizontal level/layer at a point in time","parameterCategory":2,"parameterCategoryName":"UnknownDiscipline_0_Category_2","parameterNumber":2,"parameterNumberName":"UnknownParameter_D0_C2_2","parameterUnit":"Unknown","genProcessType":2,"genProcessTypeName":"Forecast","forecastTime":300,"surface1Type":103,"surface1TypeName":"Specified height level above ground","surface1Value":10.0,"surface2Type":255,"surface2TypeName":"Missing","surface2Value":0.0,"gridDefinitionTemplate":0,"gridDefinitionTemplateName":"Latitude_Longitude","numberPoints":615,"shape":6,"shapeName":"Earth spherical with radius of 6,371,229.0 m","gridUnits":"degrees","resolution":48,"winds":"true","scanMode":64,"nx":41,"ny":15,"basicAngle":0,"lo1":47.0,"la1":41.0,"lo2":87.0,"la2":55.0,"dx":1.0,"dy":1.0}, "data":
[rows 0 to 14 of 15, columns 0 to 40 of 41]
-2.8660035,-0.8460034,0.6339966,0.21399659,-1.0060034,-5.3560033,-4.7960033,-4.0860033,-4.4060035,-2.2860034,-2.4660034,-2.6360035,-1.5760034,-0.57600343,0.123996586,-1.6360034,-1.4860034,-2.5460033,-4.4660034,-3.0160034,2.0539966,2.1839967,-0.006003418,0.5439966,1.3639966,-2.1460035,-2.8560035,0.5839966,0.3339966,0.35399657,-1.6060034,2.1139965,1.0339966,1.9939966,-1.7060034,-0.24600342,0.74399656,-0.8060034,1.8139966,-2.4760034,-2.3860035
1.8039966,1.5039966,-1.3760034,-2.6860034,-2.6460035,-2.9060035,-2.5660033,-3.2160034,-3.0460033,-0.7460034,-0.7060034,-2.8560035,-1.4760034,-0.13600342,0.14399658,-2.4560034,-1.3560034,-3.3060033,-2.3260033,-2.4760034,-0.9160034,0.5739966,-0.88600343,-0.8560034,1.6839966,1.5039966,0.023996582,0.32399657,-0.68600345,-2.3960035,0.15399659,-0.26600343,0.25399658,-1.9660034,0.5039966,1.6539966,-1.2360034,-0.2860034,-2.5660033,0.11399658,-0.48600343
0.7739966,-2.1160035,-3.0360034,-1.0360035,-1.9260035,-3.6260035,-4.2360034,-2.1460035,-3.8660035,-1.2160034,2.1539965,0.9039966,-0.10600342,-1.2160034,-0.26600343,-2.3060033,-2.8160033,-1.8460034,-2.2260034,-0.3860034,0.9539966,2.7039967,-0.81600344,-2.0160034,2.5239966,2.6339965,3.2139966,3.2739966,-0.9660034,0.05399658,-1.0060034,2.4639966,0.31399658,-0.086003415,0.80399656,-0.10600342,-0.5360034,0.13399658,-1.0360035,1.0939965,1.5439966
-0.56600344,0.3739966,0.05399658,0.41399658,-3.7260034,-2.7360034,-1.3160034,-3.3360033,-2.1160035,0.3039966,1.4539965,3.2139966,4.5539966,-1.2460034,-1.0660034,-1.4560034,-0.32600343,0.4339966,0.08399658,0.56399655,1.9239966,0.32399657,4.5139966,2.4239967,2.3739965,3.1039965,3.9339967,2.0139966,3.6039965,4.0739965,3.7639966,1.0539966,0.8839966,-2.9660034,-3.1760035,-2.1960034,-1.6660035,1.6939965,1.5539966,0.81399655,0.9739966
1.8139966,2.0639966,2.3139966,1.5639966,0.3939966,-1.3860034,-1.8560034,-0.9960034,0.19399658,-0.9660034,-1.2460034,-0.5460034,-0.056003418,0.7539966,-1.0160034,-0.11600342,-0.7060034,0.06399658,1.1539966,0.3939966,0.8339966,-1.2960035,-1.5560035,-0.20600341,1.9839966,2.2739966,0.07399658,1.2839966,4.7539964,4.6439967,3.5139966,1.8839966,-1.9560034,1.1539966,3.6739967,1.6539966,0.17399658,-1.1460034,-1.5660034,-0.56600344,-3.3460035
-0.10600342,2.3639965,5.0539966,5.0039964,3.7039967,-0.3460034,-0.5360034,0.06399658,-3.0360034,-3.3560035,-3.5060034,-2.8860035,-2.0160034,-1.3060035,-0.14600343,1.5539966,0.4639966,-0.16600342,0.9039966,0.99399656,-2.4760034,-0.51600343,0.93399656,-0.9760034,1.4439965,1.1239966,1.6339966,3.4639966,3.3039966,4.9739966,5.2539964,2.8439965,0.7539966,-1.2360034,-0.6160034,-1.6560035,0.42399657,0.8439966,3.2639966,-2.8860035,-2.3260033
-2.1860034,-2.6960034,-2.3760035,-3.6460035,-3.3960035,-0.9760034,-3.0560033,-4.5360036,-4.1560035,-3.1860034,-1.8360034,-2.5460033,-1.5460035,-1.2460034,-0.49600342,-0.62600344,-0.32600343,0.56399655,2.1539965,-1.5360035,-1.8960034,-1.1760035,-0.6760034,0.4639966,0.68399656,2.0139966,0.9039966,1.7139965,0.8339966,3.7639966,4.1739964,1.3539966,2.6939967,-2.8360033,-3.5160034,-2.4360034,-1.5560035,3.4039965,-0.88600343,-0.016003419,-0.006003418
-3.5560033,-2.5460033,-2.4660034,-3.6260035,-3.5160034,-3.2460034,-3.0560033,-1.5360035,-2.0960035,-1.7060034,-2.3860035,-2.2960033,-0.9960034,-1.3660034,-0.49600342,-0.40600342,-0.056003418,-0.2860034,-0.8360034,0.41399658,-1.3560034,-1.3660034,-0.7160034,0.3939966,1.2839966,0.87399656,0.81399655,-1.0560035,-2.1560035,-4.1360035,-6.0160036,-3.0960035,-3.1660035,-1.3260034,-0.94600344,1.5839965,1.8839966,-3.0560033,-3.4960034,-2.9260035,-2.5860033
-2.6260035,-2.3360033,-1.8460034,-2.8260033,-2.2960033,-2.1560035,-1.8760034,-2.2860034,-0.88600343,-0.26600343,-0.93600345,-1.5260034,-0.19600342,-0.4160034,-0.12600341,0.62399656,0.6439966,0.34399658,0.06399658,-3.6960034,-0.006003418,0.21399659,-0.7960034,-0.27600342,-1.5260034,-0.36600342,-0.4760034,-1.0260034,-2.0860033,-2.7760034,-3.9760034,-3.5760033,0.4339966,0.9139966,2.0739965,-0.81600344,-0.26600343,-1.8460034,-1.2260034,-0.16600342,-1.9860034
-1.1760035,-1.5960034,-1.4660034,-0.9760034,-2.4060035,-2.1160035,-0.62600344,-0.45600343,-0.88600343,-1.4860034,-1.1660035,-0.3460034,1.4439965,1.9539965,1.3339965,0.6939966,0.5839966,0.47399658,0.44399658,0.043996584,-1.2360034,-1.1160034,-1.0960034,-1.3660034,-1.0060034,-1.0960034,-1.4860034,-0.7260034,-1.0260034,-3.7360034,-1.5060034,-1.0460035,0.4339966,-0.6160034,-1.3760034,-0.94600344,-2.0960035,-0.8460034,-2.7360034,-0.5460034,-1.1460034
0.6439966,0.18399659,-0.93600345,-2.1960034,-0.87600344,-0.9760034,-2.0560033,-2.1760035,-2.1760035,-0.026003418,0.55399656,1.2139965,2.0239966,0.41399658,-0.5860034,0.18399659,0.5139966,1.1639966,-0.76600343,-2.4360034,-2.1560035,-1.3960034,-0.8460034,-0.7360034,0.3739966,0.05399658,0.6939966,1.6639966,0.023996582,-2.6960034,-3.5260034,-3.6260035,0.98399657,-0.24600342,-0.9960034,-2.6360035,-1.3360034,-0.7860034,-1.4460034,0.42399657,-1.6060034
-0.22600342,0.38399658,-1.7560034,-1.4660034,0.21399659,0.6339966,0.0039965822,-0.03600342,-0.3160034,-0.45600343,-0.33600342,1.6439966,2.0539966,1.6639966,1.6139966,1.1839966,1.4139966,0.55399656,-1.5260034,-0.8960034,-1.5160034,-0.006003418,0.4039966,0.6539966,0.21399659,0.31399658,0.8939966,-2.4960034,-2.6060035,-2.5360034,-1.7160034,-1.1160034,-0.40600342,-0.9860034,-0.33600342,-0.9860034,-1.0260034,-0.13600342,2.4639966,0.13399658,-0.9060034
0.26399657,-0.22600342,-0.9860034,0.5139966,-0.046003416,-0.5360034,-1.1060034,-0.75600344,-0.50600344,-0.57600343,-0.3760034,1.2339966,1.5439966,3.1339965,3.0939965,1.3339965,0.123996586,0.5839966,-1.1360034,0.4339966,0.043996584,0.5839966,1.5139966,1.3439965,1.8139966,1.0539966,0.74399656,-2.2660034,-1.1660035,0.023996582,0.62399656,1.2939966,1.0239966,1.9239966,1.1339966,0.48399657,-0.016003419,1.1239966,0.8239966,0.6439966,-1.0360035
0.48399657,-0.7760034,-0.03600342,0.3739966,0.4039966,1.3639966,1.1839966,0.99399656,0.5439966,0.23399659,-0.42600343,0.68399656,2.0539966,1.5839965,1.5039966,1.2139965,0.15399659,0.6639966,-0.5960034,-0.19600342,-0.57600343,0.19399658,1.3339965,1.1839966,1.7839966,0.08399658,-1.3560034,1.0939965,0.6539966,2.4639966,2.4039965,1.9039966,2.2539966,1.9239966,2.1439965,1.8039966,1.3739966,0.7939966,0.21399659,-0.18600342,0.35399657
0.93399656,1.0039966,1.2239966,0.5039966,1.6439966,0.92399657,0.93399656,0.35399657,-0.36600342,-0.3860034,-0.62600344,-0.006003418,1.3539966,1.4239966,1.2039965,-0.2860034,-0.12600341,-0.30600342,-1.9360034,-1.3260034,-0.016003419,1.2639966,1.0139966,1.7439966,1.3139966,0.5239966,0.8239966,2.0839965,2.3739965,2.6239965,3.2639966,2.9839966,1.7739966,2.7639966,2.4439967,2.2239966,1.3139966,1.6739966,2.1039965,1.7339966,0.22399658
