wind_kz.json
{"header": {"discipline":0,"disciplineName":"Meteorological products","gribEdition":2,"gribLength":1025,"center":7,"centerName":"US National Weather Service - NCEP(WMC)","subcenter":0,"refTime":"2023-10-03T18:00:00.000Z","significanceOfRT":1,"significanceOfRTName":"Start of forecast","productStatus":0,"productStatusName":"Operational products","productType":1,"productTypeName":"Forecast products","productDefinitionTemplate":0,"productDefinitionTemplateName":"Analysis/forecast at horizontal level/layer at a point in time","parameterCategory":2,"parameterCategoryName":"UnknownDiscipline_0_Category_2","parameterNumber":3,"parameterNumberName":"UnknownParameter_D0_C2_3","parameterUnit":"Unknown","genProcessType":2,"genProcessTypeName":"Forecast","forecastTime":120,"surface1Type":103,"surface1TypeName":"Specified height level above ground","surface1Value":10.0,"surface2Type":255,"surface2TypeName":"Missing","surface2Value":0.0,"gridDefinitionTemplate":0,"gridDefinitionTemplateName":"Latitude_Longitude","numberPoints":615,"shape":6,"shapeName":"Earth spherical with radius of 6,371,229.0 m","gridUnits":"degrees","resolution":48,"winds":"true","scanMode":64,"nx":41,"ny":15,"basicAngle":0,"lo1":47.0,"la1":41.0,"lo2":87.0,"la2":55.0,"dx":1.0,"dy":1.0}, "data":
[rows 0 to 14 of 15, columns 0 to 40 of 41]
-0.767446,-2.627446,2.972554,13.412554,9.162554,6.682554,2.982554,-1.577446,2.682554,3.112554,1.7425541,0.20255402,-0.417446,-0.987446,-3.007446,-2.4474459,-3.527446,-0.957446,-2.927446,-0.987446,-2.147446,-5.037446,-3.397446,-0.507446,-2.017446,0.32255402,-0.65744597,1.512554,0.722554,3.602554,0.812554,-1.327446,0.992554,0.90255404,0.39255401,0.17255402,-0.72744596,1.222554,2.422554,1.662554,1.482554
6.9625535,1.202554,1.582554,11.262554,9.262554,6.4525537,2.172554,2.002554,3.3125541,3.672554,1.1125541,1.972554,0.77255404,-0.897446,-2.177446,-1.687446,-1.097446,-0.48744598,-0.14744598,0.312554,-1.6374459,-3.287446,-2.277446,0.35255402,0.402554,0.542554,-0.84744596,0.19255401,-0.927446,1.412554,3.172554,4.002554,1.3725541,-0.077445984,-1.277446,-0.85744596,0.432554,-0.49744597,0.32255402,-1.267446,0.21255402
2.3125541,5.3425536,5.5525537,8.802554,6.542554,4.102554,2.292554,4.1825542,3.362554,3.882554,3.112554,2.262554,0.71255404,-0.687446,1.382554,-0.377446,-1.747446,-2.407446,2.662554,2.192554,0.17255402,-3.027446,-2.527446,-0.617446,-1.317446,0.722554,0.83255404,0.362554,0.71255404,1.962554,2.072554,0.58255404,1.092554,-0.90744597,-0.547446,1.142554,1.482554,-0.037445985,-0.077445984,-0.15744598,-0.387446
1.432554,6.412554,7.102554,6.872554,4.962554,4.552554,3.842554,4.632554,4.092554,2.732554,0.912554,-0.697446,-2.367446,1.852554,1.832554,-0.16744599,-2.787446,1.882554,0.12255402,1.072554,1.012554,0.35255402,-1.047446,-1.647446,-3.217446,-2.797446,-2.157446,-0.17744598,4.002554,1.722554,-1.967446,-2.327446,-0.877446,1.412554,0.78255403,-2.887446,0.12255402,1.932554,-0.22744599,0.792554,0.702554
6.5325537,7.8425536,7.3625536,7.292554,5.122554,3.512554,3.122554,2.932554,3.652554,3.8025541,4.352554,3.702554,1.352554,1.022554,2.592554,2.392554,0.22255401,-0.807446,2.212554,2.5625541,2.652554,-0.18744598,-0.987446,-1.767446,-1.1274459,-2.837446,-1.807446,-0.037445985,-0.617446,-0.527446,-0.997446,1.132554,1.522554,1.682554,-0.557446,-1.0074459,1.172554,-1.287446,-0.32744598,-1.037446,-0.317446
7.9925537,7.9525537,11.4825535,9.962554,8.462554,6.8225536,4.442554,3.102554,2.702554,2.262554,4.052554,5.2325535,4.4325542,4.192554,3.232554,2.932554,2.292554,0.882554,1.162554,4.362554,3.842554,2.042554,0.542554,0.22255401,-0.35744599,-1.587446,-1.447446,-1.807446,-0.42744598,-1.187446,-2.567446,-2.087446,-0.527446,-1.657446,2.002554,2.832554,1.962554,3.332554,-0.637446,-1.727446,-1.687446
6.912554,9.262554,9.722553,9.6925535,9.322554,7.9825535,6.9425535,6.2625537,5.4825535,4.212554,3.892554,4.562554,6.2225537,5.432554,4.222554,4.322554,4.352554,3.352554,2.572554,4.412554,4.522554,3.572554,2.702554,1.942554,1.3625541,0.45255402,-0.627446,-1.687446,-0.617446,0.52255404,-0.09744599,-0.987446,0.042554017,0.052554015,-1.077446,-0.897446,-2.357446,0.972554,1.212554,-0.027445983,1.232554
5.082554,7.9825535,8.782554,6.6925535,6.2325535,7.622554,5.8225536,6.7825537,7.6125536,6.3025537,5.7025537,4.572554,4.472554,7.332554,6.2325535,5.012554,4.072554,4.6825542,4.162554,4.582554,5.9825535,4.782554,3.612554,3.902554,3.592554,2.162554,0.83255404,-0.21744598,0.752554,-0.15744598,0.872554,1.782554,0.662554,2.532554,2.712554,0.14255401,-1.497446,2.222554,-1.847446,0.012554016,-1.747446
6.832554,7.522554,7.2625537,6.8025537,6.4925537,5.4625535,6.8025537,6.682554,4.742554,5.912554,3.862554,3.5625541,3.182554,4.602554,6.3225536,6.8225536,5.2825537,3.5525541,3.102554,4.852554,5.792554,6.0925536,5.272554,4.462554,4.482554,3.8025541,2.362554,1.782554,0.992554,-0.20744598,-0.407446,2.092554,2.612554,3.482554,2.762554,2.522554,-0.557446,0.932554,1.232554,0.852554,-0.36744598
9.252554,8.712554,8.702554,7.892554,7.792554,7.912554,7.8625536,7.8025537,7.352554,6.772554,6.3625536,5.9525537,5.9225535,4.942554,4.862554,5.002554,6.252554,6.2125535,5.092554,3.992554,5.6325536,6.9025536,7.6125536,6.602554,7.7625537,5.4925537,3.432554,2.822554,1.922554,0.32255402,-1.057446,2.222554,1.982554,1.9925541,0.96255404,1.082554,0.612554,-1.277446,1.3625541,3.882554,3.022554
5.182554,6.602554,6.9525537,6.642554,6.2425537,6.7025537,7.6325536,7.6725535,6.9825535,6.852554,6.602554,6.772554,6.1325536,6.042554,5.4425535,5.252554,5.642554,6.1325536,5.7425537,4.6825542,5.102554,3.502554,8.1925535,8.392553,7.2425537,7.2125535,4.402554,3.892554,3.402554,2.322554,0.59255403,3.222554,1.852554,0.42255402,1.382554,1.332554,1.562554,2.962554,2.102554,1.662554,0.612554
1.042554,0.26255402,0.552554,0.552554,0.662554,0.47255403,0.06255402,0.572554,2.752554,6.4825535,6.022554,5.642554,6.4725537,6.4625535,6.5125537,6.1325536,6.5925536,6.792554,6.5925536,6.4225535,5.2325535,6.0125537,5.9625535,7.8625536,8.142553,7.3425536,7.082554,6.412554,4.792554,3.522554,3.202554,3.632554,2.3025541,1.882554,2.132554,2.0525541,1.562554,2.232554,1.962554,1.922554,1.342554
-0.29744598,0.372554,0.722554,1.082554,0.58255404,0.24255401,0.682554,0.53255403,0.53255403,0.342554,1.4925541,4.132554,6.912554,6.8025537,6.162554,5.9725537,6.292554,6.3625536,6.6925535,7.2125535,5.622554,6.6325536,7.4725537,7.892554,9.222553,8.022553,7.542554,6.7225537,4.372554,4.122554,3.882554,3.632554,3.002554,2.822554,2.452554,2.662554,1.8625541,1.062554,2.122554,1.052554,0.722554
2.702554,3.072554,2.912554,2.0625541,1.802554,1.602554,0.28255403,0.622554,0.77255404,3.282554,2.872554,2.392554,4.042554,5.7825537,7.582554,6.602554,6.4625535,7.3625536,7.4925537,6.6925535,7.4825535,3.682554,5.7225537,8.032554,8.722553,9.002554,7.682554,7.412554,7.7025537,5.432554,4.822554,3.892554,3.652554,3.3125541,2.292554,2.572554,1.822554,1.142554,1.452554,1.672554,0.982554
0.602554,1.132554,1.202554,1.722554,1.072554,1.882554,-0.747446,-1.197446,-0.867446,0.912554,4.812554,6.2325535,3.532554,3.8125541,7.3025537,6.892554,6.8025537,7.6125536,8.492554,7.9425535,6.8225536,6.772554,6.5325537,8.382554,8.172554,7.812554,7.752554,7.3425536,7.502554,6.162554,5.8025537,5.682554,3.712554,3.502554,3.262554,3.222554,2.592554,2.8125541,1.802554,2.852554,1.082554
