wind.json
{"header": {"discipline":0,"disciplineName":"Meteorological products","gribEdition":2,"gribLength":1039,"center":7,"centerName":"US National Weather Service - NCEP(WMC)","subcenter":0,"refTime":"2023-05-30T00:00:00.000Z","significanceOfRT":1,"significanceOfRTName":"Start of forecast","productStatus":0,"productStatusName":"Operational products","productType":1,"productTypeName":"Forecast products","productDefinitionTemplate":0,"productDefinitionTemplateName":"Analysis/forecast at horizontal level/layer at a point in time","parameterCategory":0,"parameterCategoryName":"UnknownDiscipline_0_Category_0","parameterNumber":0,"parameterNumberName":"UnknownParameter_D0_C0_0","parameterUnit":"Unknown","genProcessType":2,"genProcessTypeName":"Forecast","forecastTime":180,"surface1Type":1,"surface1TypeName":"Ground or water surface","surface1Value":0.0,"surface2Type":255,"surface2TypeName":"Missing","surface2Value":0.0,"gridDefinitionTemplate":0,"gridDefinitionTemplateName":"Latitude_Longitude","numberPoints":688,"shape":6,"shapeName":"Earth spherical with radius of 6,371,229.0 m","gridUnits":"degrees","resolution":48,"winds":"true","scanMode":64,"nx":43,"ny":16,"basicAngle":0,"lo1":45.0,"la1":40.0,"lo2":87.0,"la2":55.0,"dx":1.0,"dy":1.0}, "data":
[rows 0 to 15 of 16, columns 0 to 42 of 43]
294.40027,285.90027,303.70026,311.10028,320.10028,293.80026,292.80026,292.50027,313.50027,323.10028,323.40027,322.50027,324.30026,319.20026,321.90027,322.90027,323.20026,322.70026,323.80026,323.60028,321.20026,318.10028,313.60028,315.60028,312.80026,309.10028,308.60028,297.20026,293.00027,288.00027,293.30026,306.70026,309.00027,310.50027,313.80026,313.70026,314.30026,311.50027,312.40027,312.40027,311.50027,310.90027,309.80026
292.70026,305.30026,310.10028,291.90027,290.30026,291.40027,291.60028,291.50027,304.60028,317.60028,323.00027,321.20026,322.50027,320.40027,322.30026,321.30026,321.00027,323.60028,323.50027,322.80026,324.00027,322.20026,323.20026,319.10028,315.60028,308.00027,315.90027,314.00027,307.80026,290.10028,285.50027,285.70026,284.90027,283.40027,304.50027,311.30026,313.30026,312.50027,312.70026,312.20026,311.00027,312.00027,311.10028
293.80026,289.00027,284.90027,296.20026,291.30026,291.60028,291.10028,291.00027,315.50027,315.90027,321.20026,317.90027,320.10028,323.50027,321.70026,320.60028,323.20026,323.50027,324.30026,324.50027,323.00027,324.30026,322.40027,319.90027,316.00027,300.80026,291.10028,280.00027,292.40027,289.40027,294.50027,284.30026,291.70026,280.10028,294.90027,264.50027,280.30026,308.20026,306.80026,309.10028,312.10028,303.30026,285.80026
288.80026,290.00027,298.70026,292.50027,291.20026,291.00027,290.70026,320.70026,320.80026,321.20026,315.30026,319.60028,323.10028,321.90027,319.10028,319.90027,321.30026,323.90027,324.30026,323.60028,323.70026,323.70026,322.90027,319.10028,316.20026,308.20026,313.50027,310.80026,304.70026,301.20026,308.30026,293.70026,282.10028,286.90027,288.90027,289.90027,288.70026,291.50027,287.90027,283.40027,292.30026,288.40027,286.20026
297.70026,309.30026,300.90027,294.20026,292.50027,292.10028,298.10028,316.70026,320.90027,320.60028,304.30026,316.10028,318.70026,317.80026,294.10028,293.90027,318.00027,324.80026,322.90027,324.80026,323.40027,321.30026,317.00027,315.40027,318.50027,318.10028,316.70026,317.80026,318.50027,311.90027,311.10028,310.70026,312.20026,304.30026,311.40027,310.60028,311.60028,301.90027,287.80026,283.90027,293.00027,302.00027,305.50027
301.70026,311.00027,311.10028,296.00027,295.10028,295.40027,302.70026,314.30026,316.10028,326.40027,313.70026,313.90027,321.20026,317.30026,295.70026,293.90027,291.90027,322.00027,324.40027,323.60028,317.60028,320.10028,320.90027,322.50027,322.00027,319.80026,320.70026,319.90027,317.60028,309.10028,313.80026,314.80026,313.10028,312.40027,290.70026,281.20026,286.60028,308.00027,306.60028,314.40027,314.50027,312.80026,311.70026
306.90027,310.90027,311.60028,310.80026,296.30026,295.60028,295.40027,295.20026,315.30026,320.30026,320.30026,318.60028,314.40027,319.50027,298.50027,296.30026,305.90027,319.10028,322.10028,320.30026,323.70026,320.30026,318.50027,318.00027,318.60028,320.10028,319.40027,317.10028,318.50027,293.20026,315.80026,314.20026,312.70026,312.20026,308.40027,301.70026,303.80026,303.70026,298.40027,300.50027,314.10028,313.60028,313.10028
308.30026,310.00027,309.40027,311.00027,313.10028,304.90027,306.50027,313.10028,311.30026,314.40027,313.00027,314.80026,316.50027,312.90027,313.90027,320.10028,320.60028,320.00027,318.10028,322.10028,322.60028,317.00027,317.20026,316.80026,316.80026,317.60028,315.10028,315.70026,316.00027,316.00027,316.30026,313.90027,316.80026,315.70026,314.50027,311.00027,307.10028,303.50027,300.40027,297.20026,295.30026,294.50027,310.00027
303.10028,303.70026,306.30026,309.70026,310.30026,311.50027,311.80026,313.10028,314.30026,312.60028,313.40027,313.20026,309.60028,312.40027,310.40027,318.50027,323.80026,321.80026,323.60028,322.10028,317.80026,316.60028,316.10028,315.00027,313.40027,315.90027,313.60028,310.10028,311.80026,313.30026,311.10028,312.60028,310.40027,310.70026,308.10028,305.90027,304.60028,309.90027,308.80026,290.40027,309.10028,309.20026,304.50027
292.50027,302.60028,303.00027,305.20026,307.40027,307.30026,309.30026,310.00027,310.30026,310.00027,310.20026,305.20026,304.20026,309.60028,309.10028,313.30026,315.50027,320.20026,319.90027,321.60028,317.50027,315.40027,313.00027,313.00027,313.80026,311.90027,310.20026,310.50027,306.00027,305.70026,305.70026,292.90027,290.60028,307.60028,302.40027,308.40027,307.40027,302.80026,302.00027,300.70026,286.40027,289.40027,289.70026
301.50027,301.10028,301.00027,300.30026,302.30026,304.70026,304.40027,306.40027,307.00027,308.00027,308.40027,307.80026,306.30026,305.30026,305.50027,311.20026,313.70026,314.30026,315.50027,314.70026,313.80026,314.00027,312.40027,312.50027,313.90027,312.80026,311.80026,311.20026,310.60028,307.60028,304.60028,299.20026,306.30026,309.10028,310.40027,310.10028,308.30026,304.80026,301.80026,292.60028,285.70026,288.60028,285.10028
298.50027,294.60028,299.90027,300.00027,299.70026,300.80026,302.10028,303.00027,303.30026,302.90027,304.00027,306.20026,306.40027,299.40027,305.60028,301.20026,306.40027,313.00027,313.10028,311.10028,310.60028,312.90027,310.70026,304.90027,302.70026,310.70026,302.40027,310.50027,307.20026,310.60028,309.60028,311.60028,310.80026,311.00027,310.80026,309.30026,307.10028,303.70026,298.70026,288.40027,290.20026,288.80026,286.80026
295.10028,297.90027,298.30026,299.10028,299.10028,298.40027,293.30026,297.00027,296.10028,297.10028,303.70026,305.00027,302.10028,304.80026,305.50027,301.90027,309.00027,309.20026,308.90027,308.40027,310.30026,305.90027,304.40027,304.40027,296.60028,292.20026,306.90027,309.10028,293.50027,294.30026,303.30026,311.30026,309.70026,307.60028,310.20026,306.50027,306.70026,305.00027,303.90027,300.80026,299.90027,301.10028,301.70026
292.00027,294.20026,296.80026,297.00027,297.00027,297.80026,293.20026,292.30026,293.40027,292.80026,297.40027,297.50027,299.00027,297.30026,303.20026,303.10028,308.40027,307.30026,308.20026,307.10028,306.50027,309.60028,306.90027,300.80026,301.30026,298.80026,308.90027,309.70026,309.60028,304.70026,294.70026,305.00027,308.50027,304.80026,309.20026,307.10028,306.50027,304.10028,302.90027,303.80026,302.60028,301.80026,301.30026
291.50027,291.50027,289.10028,295.60028,291.50027,295.60028,295.40027,291.10028,290.90027,290.20026,291.20026,293.60028,296.20026,293.90027,296.40027,295.10028,300.00027,303.70026,304.20026,300.90027,303.10028,308.30026,305.60028,306.90027,308.60028,310.60028,309.80026,306.30026,304.90027,308.60028,307.60028,297.20026,303.30026,305.90027,305.80026,304.90027,305.10028,302.60028,303.30026,302.50027,301.40027,302.40027,300.10028
290.80026,290.70026,290.80026,292.20026,286.80026,294.80026,294.10028,292.70026,290.90027,290.60028,290.00027,291.80026,296.30026,295.10028,294.80026,286.30026,291.80026,293.90027,298.90027,299.10028,300.50027,300.80026,302.80026,304.00027,303.70026,304.60028,305.30026,304.90027,306.20026,305.80026,304.80026,302.50027,303.60028,295.30026,302.10028,303.30026,304.10028,304.80026,302.60028,300.50027,302.50027,300.80026,304.00027
