wind_kz.json
{"header": {"discipline":0,"disciplineName":"Meteorological products","gribEdition":2,"gribLength":871,"center":7,"centerName":"US National Weather Service - NCEP(WMC)","subcenter":0,"refTime":"2025-04-04T18:00:00.000Z","significanceOfRT":1,"significanceOfRTName":"Start of forecast","productStatus":0,"productStatusName":"Operational products","productType":1,"productTypeName":"Forecast products","productDefinitionTemplate":0,"productDefinitionTemplateName":"Analysis/forecast at horizontal level/layer at a point in time","parameterCategory":0,"parameterCategoryName":"UnknownDiscipline_0_Category_0","parameterNumber":0,"parameterNumberName":"UnknownParameter_D0_C0_0","parameterUnit":"Unknown","genProcessType":2,"genProcessTypeName":"Forecast","forecastTime":300,"surface1Type":1,"surface1TypeName":"Ground or water surface","surface1Value":0.0,"surface2Type":255,"surface2TypeName":"Missing","surface2Value":0.0,"gridDefinitionTemplate":0,"gridDefinitionTemplateName":"Latitude_Longitude","numberPoints":615,"shape":6,"shapeName":"Earth spherical with radius of 6,371,229.0 m","gridUnits":"degrees","resolution":48,"winds":"true","scanMode":64,"nx":41,"ny":15,"basicAngle":0,"lo1":47.0,"la1":41.0,"lo2":87.0,"la2":55.0,"dx":1.0,"dy":1.0}, "data":
[rows 0 to 14 of 15, columns 0 to 40 of 41]
296.05884,285.15884,291.65884,282.75885,283.65884,284.15884,296.15884,306.65884,300.85883,300.75885,301.65884,299.15884,299.25885,299.05884,299.65884,301.05884,300.95883,302.95883,290.75885,284.65884,283.75885,282.15884,282.55884,282.55884,294.95883,290.55884,290.15884,290.95883,296.35883,293.55884,295.45883,295.35883,309.75885,317.45883,320.45883,319.35883,319.05884,319.45883,319.15884,320.75885,321.05884
271.15884,292.35883,282.35883,282.35883,283.05884,283.55884,299.55884,298.95883,300.05884,301.45883,303.15884,302.95883,306.05884,302.75885,299.95883,298.35883,298.45883,299.15884,296.45883,294.95883,290.25885,285.75885,279.75885,278.05884,273.15884,274.85883,291.65884,293.05884,285.95883,289.75885,296.45883,273.55884,302.85883,272.95883,273.15884,312.85883,314.15884,318.65884,319.65884,312.95883,282.45883
295.75885,281.45883,282.15884,282.55884,282.55884,295.05884,293.75885,294.25885,294.45883,295.05884,296.95883,300.15884,303.25885,304.45883,301.05884,299.15884,297.55884,297.15884,291.55884,293.95883,291.25885,296.65884,287.05884,280.45883,282.25885,281.35883,281.85883,281.85883,282.55884,280.95883,277.85883,281.95883,282.45883,291.15884,299.25885,297.85883,294.65884,292.75885,298.85883,299.25885,291.15884
295.15884,282.25885,281.25885,282.15884,285.75885,294.95883,294.95883,296.55884,296.35883,295.95883,296.75885,296.35883,286.05884,286.75885,298.25885,298.75885,299.55884,300.05884,297.15884,295.85883,295.25885,293.35883,291.25885,291.45883,293.25885,284.25885,283.95883,282.75885,282.05884,282.25885,292.35883,286.25885,291.05884,289.15884,287.15884,294.55884,290.75885,280.95883,284.05884,289.45883,299.95883
295.95883,283.05884,282.45883,283.05884,287.55884,293.05884,295.45883,296.35883,296.85883,297.15884,297.15884,297.55884,285.15884,284.65884,282.15884,298.35883,299.95883,300.75885,300.55884,301.05884,300.35883,301.75885,299.35883,299.35883,294.15884,293.35883,289.05884,284.65884,289.55884,295.55884,291.45883,285.05884,277.05884,273.15884,281.05884,286.25885,284.15884,289.55884,290.75885,299.85883,302.45883
296.15884,295.85883,283.55884,282.85883,281.95883,281.55884,294.65884,295.05884,295.65884,296.15884,295.35883,295.75885,284.85883,283.55884,284.65884,298.65884,297.05884,299.05884,297.85883,301.55884,298.85883,299.15884,299.85883,297.65884,297.05884,296.35883,295.55884,273.05884,292.55884,293.05884,291.95883,295.15884,290.55884,284.85883,281.85883,281.65884,278.65884,277.45883,283.65884,287.75885,285.55884
295.05884,296.05884,295.05884,295.95883,292.55884,296.95883,295.45883,294.15884,290.75885,292.75885,295.05884,293.95883,296.15884,296.15884,296.65884,296.25885,297.65884,296.35883,296.65884,296.35883,296.05884,296.15884,296.75885,295.75885,292.95883,294.85883,294.65884,294.55884,296.15884,295.75885,296.55884,294.25885,299.15884,292.25885,292.15884,289.85883,281.15884,279.25885,281.05884,274.85883,282.25885
293.95883,295.85883,291.35883,292.25885,288.95883,291.25885,293.75885,292.85883,291.35883,289.05884,289.35883,290.15884,292.25885,288.85883,295.85883,296.35883,296.55884,292.85883,286.95883,283.35883,284.05884,292.95883,294.75885,294.25885,293.25885,292.05884,291.95883,295.85883,293.45883,294.05884,291.35883,290.45883,293.85883,290.45883,288.55884,291.25885,296.75885,273.05884,292.55884,287.85883,285.95883
293.65884,294.35883,291.95883,294.45883,293.15884,288.85883,290.65884,293.25885,287.85883,285.35883,288.35883,289.75885,281.85883,292.35883,283.25885,281.95883,281.15884,280.85883,280.15884,280.15884,279.25885,289.05884,282.65884,286.15884,286.75885,285.05884,285.35883,287.95883,290.05884,289.65884,291.35883,290.55884,292.65884,291.95883,292.05884,289.45883,290.25885,292.05884,275.75885,278.75885,274.75885
294.45883,292.15884,291.85883,291.35883,288.45883,288.45883,290.55884,287.55884,290.15884,281.55884,280.25885,278.85883,282.55884,287.05884,288.55884,289.65884,289.15884,290.95883,289.25885,289.25885,287.25885,282.75885,281.15884,280.65884,279.35883,277.95883,278.95883,282.05884,282.05884,284.55884,288.95883,291.35883,295.85883,294.15884,291.45883,290.25885,286.55884,285.65884,286.05884,281.35883,279.15884
293.05884,292.65884,291.75885,288.35883,284.45883,283.65884,280.45883,279.95883,279.55884,278.95883,278.95883,285.55884,287.65884,285.95883,286.35883,287.85883,287.75885,288.05884,288.45883,287.25885,288.05884,287.15884,286.85883,286.95883,286.55884,285.95883,281.65884,276.95883,279.65884,283.95883,284.15884,287.85883,287.95883,289.15884,290.95883,288.25885,281.75885,281.95883,285.55884,283.45883,281.85883
283.95883,284.95883,281.45883,280.45883,277.35883,276.95883,277.45883,281.75885,281.75885,282.65884,280.95883,280.75885,283.25885,283.45883,286.25885,286.65884,286.65884,286.85883,286.85883,286.25885,283.05884,283.65884,283.85883,284.25885,283.75885,284.95883,285.75885,285.55884,283.95883,278.75885,279.45883,282.45883,283.45883,284.75885,285.95883,287.25885,287.45883,287.25885,283.95883,289.05884,282.95883
283.15884,278.65884,278.55884,277.15884,278.05884,279.55884,282.05884,281.95883,282.75885,282.05884,278.75885,278.75885,282.85883,282.55884,284.65884,285.15884,284.75885,284.85883,284.25885,281.45883,281.75885,280.95883,279.95883,279.35883,283.95883,285.65884,288.05884,286.65884,287.55884,280.85883,284.35883,288.35883,280.25885,283.35883,285.85883,287.25885,289.35883,287.65884,285.95883,288.15884,284.45883
277.35883,277.65884,274.45883,277.05884,277.85883,279.75885,279.85883,278.75885,282.25885,281.65884,277.95883,274.95883,281.25885,282.15884,283.15884,283.25885,283.15884,283.35883,283.85883,282.25885,280.85883,280.65884,280.95883,281.45883,280.95883,280.65884,280.95883,283.35883,278.35883,279.45883,285.05884,285.85883,287.35883,282.25885,281.45883,284.65884,285.65884,286.25885,286.85883,284.05884,289.15884
275.55884,275.15884,273.15884,278.45883,279.05884,280.45883,280.45883,281.05884,283.15884,283.85883,280.45883,280.55884,275.35883,278.35883,280.85883,282.35883,281.85883,280.55884,281.75885,280.35883,280.65884,279.85883,279.35883,279.75885,277.15884,281.65884,284.15884,286.35883,287.05884,280.65884,278.95883,275.95883,277.35883,280.85883,279.45883,283.75885,284.95883,285.55884,287.75885,285.55884,282.65884
