wind_kz.json
{"header": {"discipline":0,"disciplineName":"Meteorological products","gribEdition":2,"gribLength":871,"center":7,"centerName":"US National Weather Service - NCEP(WMC)","subcenter":0,"refTime":"2023-10-03T12:00:00.000Z","significanceOfRT":1,"significanceOfRTName":"Start of forecast","productStatus":0,"productStatusName":"Operational products","productType":1,"productTypeName":"Forecast products","productDefinitionTemplate":0,"productDefinitionTemplateName":"Analysis/forecast at horizontal level/layer at a point in time","parameterCategory":0,"parameterCategoryName":"UnknownDiscipline_0_Category_0","parameterNumber":0,"parameterNumberName":"UnknownParameter_D0_C0_0","parameterUnit":"Unknown","genProcessType":2,"genProcessTypeName":"Forecast","forecastTime":0,"surface1Type":1,"surface1TypeName":"Ground or water surface","surface1Value":0.0,"surface2Type":255,"surface2TypeName":"Missing","surface2Value":0.0,"gridDefinitionTemplate":0,"gridDefinitionTemplateName":"Latitude_Longitude","numberPoints":615,"shape":6,"shapeName":"Earth spherical with radius of 6,371,229.0 m","gridUnits":"degrees","resolution":48,"winds":"true","scanMode":64,"nx":41,"ny":15,"basicAngle":0,"lo1":47.0,"la1":41.0,"lo2":87.0,"la2":55.0,"dx":1.0,"dy":1.0}, "data":
[rows 0 to 14 of 15, columns 0 to 40 of 41]
296.5219,290.42194,292.72192,294.82193,294.92194,292.62192,302.82193,306.92194,303.82193,304.5219,302.82193,303.12192,302.32193,302.22192,302.12192,301.82193,301.62192,300.82193,301.92194,301.82193,302.72192,299.12192,299.92194,294.72192,296.42194,298.0219,292.92194,280.82193,279.82193,276.82193,275.62192,274.5219,288.32193,294.82193,294.92194,294.92194,293.92194,294.12192,295.32193,294.32193,290.72192
277.12192,289.42194,294.22192,294.5219,293.92194,292.22192,306.92194,303.92194,301.72192,301.22192,301.92194,301.22192,302.0219,300.92194,301.22192,300.72192,300.42194,300.5219,299.22192,299.22192,299.0219,298.62192,296.32193,288.32193,277.5219,277.5219,286.72192,278.72192,281.92194,275.22192,278.92194,268.72192,279.12192,257.22192,270.72192,290.92194,289.32193,291.82193,294.42194,287.42194,284.0219
288.92194,293.92194,294.32193,293.22192,291.42194,300.92194,301.22192,301.0219,300.32193,299.5219,299.12192,300.42194,300.5219,300.42194,300.32193,300.32193,299.5219,298.42194,298.22192,297.92194,298.0219,297.62192,297.12192,291.32193,293.92194,292.0219,293.32193,292.32193,290.82193,282.32193,273.0219,275.32193,280.82193,280.72192,282.72192,281.92194,276.0219,277.12192,279.5219,275.0219,272.5219
293.42194,292.62192,293.42194,292.5219,293.82193,297.22192,296.5219,300.72192,300.42194,299.5219,298.22192,295.82193,290.5219,290.12192,299.82193,299.22192,298.22192,297.92194,297.5219,297.0219,296.22192,291.62192,296.22192,295.5219,295.12192,295.22192,295.22192,292.0219,291.62192,292.72192,292.5219,289.22192,293.5219,290.92194,289.5219,285.22192,276.72192,269.22192,278.22192,287.62192,290.72192
291.22192,292.62192,292.82193,292.22192,293.22192,300.12192,300.82193,300.82193,299.0219,298.72192,298.42194,295.5219,289.82193,288.5219,287.42194,298.72192,298.32193,297.42194,295.92194,295.82193,296.12192,296.0219,294.42194,294.0219,293.5219,293.32193,291.72192,291.12192,291.82193,292.0219,294.82193,291.32193,277.92194,265.82193,278.0219,289.5219,290.92194,292.62192,294.62192,293.5219,294.0219
297.22192,289.72192,290.92194,291.42194,291.82193,291.32193,300.72192,300.22192,298.82193,298.32193,298.12192,296.82193,290.62192,289.62192,293.5219,296.72192,298.12192,296.92194,296.42194,296.42194,295.12192,293.92194,293.22192,292.72192,292.22192,290.5219,291.5219,288.62192,291.82193,291.92194,290.82193,293.62192,292.22192,289.5219,285.5219,288.72192,280.22192,282.92194,290.12192,291.72192,291.0219
295.32193,292.5219,292.72192,296.72192,292.82193,295.92194,298.62192,298.62192,299.42194,298.5219,297.72192,296.72192,296.12192,296.12192,295.5219,295.82193,295.92194,296.42194,296.0219,294.72192,293.5219,293.22192,292.42194,291.82193,289.72192,290.12192,289.12192,291.0219,290.12192,290.32193,288.62192,290.12192,290.42194,291.32193,288.82193,288.12192,283.5219,280.5219,278.42194,277.32193,286.92194
301.22192,295.72192,292.42194,292.42194,292.32193,294.62192,295.0219,296.92194,297.5219,297.62192,296.42194,295.12192,294.62192,294.42194,294.82193,294.32193,293.5219,294.32193,294.32193,292.12192,291.32193,290.82193,290.5219,289.72192,288.32193,286.12192,286.22192,288.0219,287.42194,287.82193,286.22192,287.72192,287.72192,285.5219,283.32193,286.12192,288.22192,286.22192,289.12192,288.82193,285.5219
300.12192,299.82193,298.62192,293.0219,292.72192,294.92194,295.92194,295.32193,296.92194,296.22192,294.72192,294.42194,293.72192,294.0219,293.22192,294.12192,292.82193,292.32193,291.12192,289.5219,288.22192,287.82193,288.12192,287.72192,286.12192,286.12192,284.72192,283.72192,282.62192,281.92194,283.12192,284.62192,284.72192,284.42194,285.22192,283.72192,283.82193,285.32193,274.12192,272.72192,270.42194
298.32193,296.92194,296.62192,294.72192,295.12192,294.62192,295.5219,295.82193,295.92194,294.92194,293.82193,292.5219,292.5219,291.72192,291.5219,292.0219,291.5219,291.12192,290.5219,289.42194,287.42194,287.32193,288.0219,288.0219,287.72192,285.82193,284.62192,284.0219,283.22192,282.5219,282.42194,283.5219,285.72192,285.32193,285.82193,286.82193,284.0219,279.0219,274.5219,273.0219,269.12192
297.72192,297.0219,296.42194,295.72192,294.0219,293.62192,292.32193,295.5219,294.62192,293.62192,292.22192,291.12192,291.32193,290.42194,290.62192,290.92194,290.32193,291.5219,290.62192,288.82193,288.5219,287.22192,286.62192,286.82193,285.92194,285.92194,283.62192,284.82193,284.42194,285.42194,285.72192,287.22192,287.32193,287.0219,287.12192,284.22192,280.0219,276.22192,276.92194,276.22192,270.62192
296.82193,297.5219,296.82193,295.62192,295.12192,294.42194,292.92194,291.92194,291.92194,292.42194,290.0219,289.12192,290.5219,289.42194,289.62192,289.92194,289.82193,289.82193,290.32193,289.22192,287.82193,286.22192,285.22192,284.92194,284.12192,285.22192,285.0219,285.42194,285.0219,284.72192,283.42194,283.72192,284.22192,282.12192,282.72192,281.92194,281.5219,280.5219,279.5219,279.62192,279.22192
289.82193,292.12192,295.62192,295.42194,293.62192,294.0219,293.5219,291.42194,290.0219,290.0219,288.42194,287.32193,288.42194,286.72192,287.22192,289.22192,289.5219,288.62192,288.92194,287.5219,287.32193,285.82193,285.32193,284.42194,284.32193,284.92194,285.22192,284.0219,284.12192,282.92194,282.92194,282.22192,281.92194,281.42194,280.42194,280.22192,279.42194,280.72192,278.32193,277.62192,278.42194
288.32193,290.42194,285.92194,292.5219,293.32193,288.92194,291.32193,290.62192,290.22192,286.72192,285.5219,284.82193,287.22192,288.32193,289.22192,288.62192,288.62192,288.0219,288.0219,288.0219,287.82193,287.22192,287.32193,286.82193,286.72192,286.0219,285.0219,284.42194,282.72192,282.5219,281.92194,280.92194,280.5219,279.62192,280.42194,278.82193,278.62192,278.92194,279.22192,276.92194,277.22192
288.62192,289.5219,285.5219,286.22192,290.42194,290.12192,288.72192,290.12192,287.92194,287.12192,286.62192,287.12192,285.82193,286.92194,288.72192,289.72192,288.92194,288.0219,288.5219,287.72192,288.12192,287.72192,287.5219,286.72192,286.0219,285.92194,285.5219,284.0219,284.0219,283.0219,282.5219,281.62192,280.32193,279.5219,279.32193,279.42194,279.12192,278.32193,278.5219,277.32193,277.72192
