wind_kz.json
{"header": {"discipline":0,"disciplineName":"Meteorological products","gribEdition":2,"gribLength":1025,"center":7,"centerName":"US National Weather Service - NCEP(WMC)","subcenter":0,"refTime":"2024-04-07T18:00:00.000Z","significanceOfRT":1,"significanceOfRTName":"Start of forecast","productStatus":0,"productStatusName":"Operational products","productType":1,"productTypeName":"Forecast products","productDefinitionTemplate":0,"productDefinitionTemplateName":"Analysis/forecast at horizontal level/layer at a point in time","parameterCategory":2,"parameterCategoryName":"UnknownDiscipline_0_Category_2","parameterNumber":2,"parameterNumberName":"UnknownParameter_D0_C2_2","parameterUnit":"Unknown","genProcessType":2,"genProcessTypeName":"Forecast","forecastTime":180,"surface1Type":103,"surface1TypeName":"Specified height level above ground","surface1Value":10.0,"surface2Type":255,"surface2TypeName":"Missing","surface2Value":0.0,"gridDefinitionTemplate":0,"gridDefinitionTemplateName":"Latitude_Longitude","numberPoints":615,"shape":6,"shapeName":"Earth spherical with radius of 6,371,229.0 m","gridUnits":"degrees","resolution":48,"winds":"true","scanMode":64,"nx":41,"ny":15,"basicAngle":0,"lo1":47.0,"la1":41.0,"lo2":87.0,"la2":55.0,"dx":1.0,"dy":1.0}, "data":
[rows 0 to 14 of 15, columns 0 to 40 of 41]
-2.4200244,0.9499756,-2.4300244,-2.0700245,-2.7400243,-1.5700244,0.5399756,-0.17002441,0.109975584,-2.4414063E-5,-0.39002442,0.68997556,1.6799756,3.9699755,3.4399755,3.1299756,2.9899757,6.4099755,6.8499756,5.4199758,2.8799756,1.2799755,1.7299756,2.5399756,-3.2100244,-4.4900246,-2.3800244,2.7399757,0.9199756,2.2199755,0.17997558,1.3699756,-0.010024414,-0.6500244,0.11997559,-0.2900244,-0.7300244,-0.16002442,-1.0500244,-0.24002442,3.5999756
0.8299756,-2.4100244,-3.4700243,-2.8300245,-3.3100245,-1.9100244,-2.8600245,-2.7600243,-1.5100244,-0.6600244,0.28997558,-0.030024415,1.0699756,1.3799756,1.8799756,4.0599756,3.3099756,3.5599756,4.2799754,4.1799755,4.4699755,3.1999755,2.2899756,3.0299757,1.6899756,-0.8600244,0.3799756,1.1099756,1.6099756,0.8299756,0.29997557,0.38997558,-0.4000244,0.80997556,0.41997558,2.5599756,2.0299757,0.3399756,0.4599756,-1.9100244,-0.18002442
-3.1500244,-4.4000244,-2.4100244,-1.5900245,-1.9000244,-1.7600244,-2.3500245,-2.4300244,-2.3800244,-1.9600244,-1.3500245,-0.2200244,0.099975586,1.5199755,2.9499755,2.9799757,5.1799755,6.7799754,5.4699755,3.9999757,4.2499757,3.0499756,2.4199755,4.0299754,0.9499756,2.0499756,4.7499757,1.2099756,1.8999755,0.5199756,0.22997558,-2.8500245,-0.030024415,0.6399756,-2.2100244,-0.09002441,-0.6400244,-1.4500244,-0.42002442,0.48997557,-1.8800244
-3.1400244,-3.0800245,-1.0400244,0.4699756,1.9399756,1.3199756,0.7399756,0.4399756,-0.45002443,0.5399756,1.0899756,1.5699756,1.3399756,0.4599756,1.7099756,3.2799757,4.0399756,5.1699758,7.3099756,6.5899754,5.5899754,5.3099756,4.2899756,7.2499757,5.5699754,4.5499754,5.2499757,3.7699757,-0.15002441,3.2499757,5.6399755,3.6999755,4.2799754,5.0499754,5.5999756,2.4199755,0.7899756,-0.7100244,-1.5800244,0.7999756,0.08997559
-1.3700244,-1.8500245,0.16997558,2.0699756,1.5599756,1.5199755,-0.9700244,-0.57002443,1.0199755,1.6999756,2.1999755,2.9299755,2.5499756,3.2799757,2.9499755,4.4299755,4.6399755,5.899976,5.4699755,8.489976,7.4399757,7.7899756,6.5299754,7.0399756,6.1899757,4.7099757,3.7299757,1.6099756,-0.13002442,0.4099756,2.0999756,2.6999755,2.7899756,1.2599756,-2.9100244,-1.3900244,-0.050024413,-0.50002444,-0.7400244,0.109975584,1.2299756
-0.6800244,-0.7800244,-1.3800244,-2.0700245,-3.4200244,-3.2400243,-0.3100244,-0.15002441,0.7699756,1.1899756,2.3299756,3.4699755,4.2899756,5.6799755,3.5399756,5.5699754,6.5899754,6.8499756,7.1199756,6.9399757,8.139976,7.9299755,8.019976,6.9599757,7.6399755,7.0399756,5.4799757,1.1899756,1.0699756,0.4999756,0.20997559,0.9799756,1.5999756,0.2799756,-0.6000244,2.4099755,-0.4400244,0.24997559,-1.5500244,-0.56002444,-0.7800244
0.5699756,0.35997558,0.4099756,0.5999756,-0.75002444,-0.48002443,0.29997557,1.1999756,1.2999756,1.8099756,2.7899756,3.8099756,3.6799755,4.7699757,5.0899754,5.359976,6.7799754,7.6899757,8.019976,7.859976,7.7099757,9.159976,8.379975,7.9599757,6.8399754,6.9999757,7.3699756,2.5699756,0.93997556,0.4599756,1.1499755,0.6399756,0.07997558,1.5299755,0.48997557,1.6799756,1.4899756,-0.070024416,-0.50002444,-0.6000244,-1.8600245
3.1799755,3.0299757,2.0199757,2.1699755,0.7799756,0.5899756,1.0399756,1.7699755,2.2799757,2.4699755,2.5299757,3.7899756,5.1899757,5.7299757,6.5199757,7.0499754,7.1199756,7.5199757,7.859976,8.209975,8.089975,8.199976,7.609976,8.759975,5.5599756,6.4799757,6.2499757,4.2199755,3.1099756,2.8399756,3.4299755,2.9599755,1.6099756,1.4099755,2.0899756,-1.7700244,-1.4900244,0.24997559,0.47997558,1.8999755,2.1099756
4.359976,3.2299757,1.4599756,1.2099756,1.3399756,0.7699756,1.2399756,2.1099756,2.5999756,2.6999755,3.2299757,4.0399756,5.1199756,4.859976,6.2699757,7.4799757,7.9799757,7.7799754,7.4999757,8.039975,8.079975,6.8499756,7.6799755,7.4299755,7.0599756,5.7699757,6.2399755,6.3099756,5.2599754,4.7699757,4.9599757,4.5999756,5.9999757,2.5099757,0.47997558,-1.3200244,-1.9500244,-0.88002443,-0.6600244,-0.9300244,-0.6500244
4.7999754,3.8999755,1.7699755,-0.6800244,0.12997559,0.8199756,0.9199756,2.3999755,2.8899755,3.0099757,3.5099757,2.5199757,2.6899755,3.6199756,4.5899754,6.3899755,6.5399756,6.3499756,6.899976,6.4399757,7.629976,8.549975,6.8499756,5.0699754,7.6899757,5.9699755,7.0599756,6.6799755,6.9299755,6.4299755,6.899976,6.4799757,5.399976,3.8299756,1.2199756,-0.2500244,-2.2600243,-1.7700244,0.29997557,1.0599756,-0.36002442
3.3799756,1.8199756,-2.1400244,-2.4400244,-0.46002442,-0.23002441,1.0699756,1.9699756,3.1999755,2.9599755,3.4999757,2.5099757,1.3499756,1.6499755,0.67997557,0.7899756,3.1199756,4.5299754,5.3899755,6.0699754,6.5799756,6.7099757,5.4499755,6.0299754,7.0099754,4.3299756,6.5799756,6.0299754,4.3699756,6.2999754,6.0499754,4.6599755,3.7499757,2.5499756,2.5099757,0.38997558,-0.15002441,0.92997557,1.3699756,-0.080024414,0.5499756
2.9899757,-0.9500244,-3.5800245,-3.2200243,-1.4100244,0.7999756,1.2799755,2.3599756,2.2699757,3.0199757,2.5299757,0.38997558,-0.010024414,0.26997557,0.92997557,0.7799756,0.9699756,0.9099756,3.5999756,6.2999754,6.4799757,6.5499754,5.6699758,4.9199758,6.3899755,4.859976,5.2399755,5.0799756,5.3899755,5.6999755,6.1999755,5.9999757,5.3499756,4.7799754,2.7199755,4.8699756,5.5699754,4.8899755,2.8599756,1.3799756,1.1199756
1.0499756,-1.5100244,-3.9100244,-4.2400246,-1.1100245,0.22997558,0.5099756,1.5299755,1.2899756,1.2299756,1.0999756,2.1499755,-1.2900244,-0.060024414,0.4599756,1.1199756,0.7399756,1.0499756,1.9099755,2.4899757,3.1899755,5.9399757,6.0499754,4.7899756,4.8899755,4.7999754,4.0699754,4.129976,4.0599756,4.859976,5.0299754,5.2299757,6.4599757,5.2999754,4.9799757,4.8699756,5.2799754,4.4099755,6.3199754,4.879976,2.8699756
-3.4100244,-3.6200244,-4.3800244,-3.5200243,-1.1700244,-0.5400244,-0.060024414,0.92997557,0.7899756,1.0599756,-0.070024416,2.1199756,-0.5500244,0.3099756,0.14997558,0.62997556,0.5299756,0.15997559,0.5299756,1.2199756,3.9099755,4.4599757,5.1999755,3.9199755,5.7499757,4.109976,4.2899756,4.5899754,4.649976,4.5199757,3.2999756,4.5999756,4.4699755,4.5899754,2.7599757,3.5499756,2.8899755,0.32997558,4.3299756,4.149976,3.2299757
-3.0400245,-4.3800244,-3.1900244,-2.0700245,-1.1100245,-1.4800245,-1.0700244,-0.9200244,-0.6000244,-2.1800244,-1.5100244,-1.2100244,0.8399756,-0.050024413,-0.2900244,-0.080024414,-0.3400244,-0.82002443,-1.6500244,-1.5900245,-2.0800245,-3.7400243,-6.1600246,-5.8000245,-5.4300246,-5.5400243,-4.2400246,-4.6900244,-4.5300245,-5.1800246,-5.7000246,-5.4000244,-5.9100246,-4.5700245,-4.2800245,-4.2700243,-2.7700243,0.6999756,0.8499756,-0.12002441,0.049975585
