wind_kz.json
{"header": {"discipline":0,"disciplineName":"Meteorological products","gribEdition":2,"gribLength":1025,"center":7,"centerName":"US National Weather Service - NCEP(WMC)","subcenter":0,"refTime":"2023-09-29T12:00:00.000Z","significanceOfRT":1,"significanceOfRTName":"Start of forecast","productStatus":0,"productStatusName":"Operational products","productType":1,"productTypeName":"Forecast products","productDefinitionTemplate":0,"productDefinitionTemplateName":"Analysis/forecast at horizontal level/layer at a point in time","parameterCategory":2,"parameterCategoryName":"UnknownDiscipline_0_Category_2","parameterNumber":2,"parameterNumberName":"UnknownParameter_D0_C2_2","parameterUnit":"Unknown","genProcessType":2,"genProcessTypeName":"Forecast","forecastTime":300,"surface1Type":103,"surface1TypeName":"Specified height level above ground","surface1Value":10.0,"surface2Type":255,"surface2TypeName":"Missing","surface2Value":0.0,"gridDefinitionTemplate":0,"gridDefinitionTemplateName":"Latitude_Longitude","numberPoints":615,"shape":6,"shapeName":"Earth spherical with radius of 6,371,229.0 m","gridUnits":"degrees","resolution":48,"winds":"true","scanMode":64,"nx":41,"ny":15,"basicAngle":0,"lo1":47.0,"la1":41.0,"lo2":87.0,"la2":55.0,"dx":1.0,"dy":1.0}, "data":
[rows 0 to 14 of 15, columns 0 to 40 of 41]
-0.31291258,-1.2529126,2.1670873,-0.5229126,-2.9829125,-5.6029124,-4.2529125,-4.6129127,-4.8629127,-2.2429125,-2.8229127,-3.3329127,-3.1729126,-2.9729125,-2.6729126,-2.4329126,-1.5829126,-1.8229126,-3.5229125,-2.6229126,-1.2129126,1.1470875,1.0370874,0.4570874,-1.6329126,-1.1929126,-1.2829126,0.0470874,0.5570874,0.2370874,0.3270874,0.8470874,-0.022912597,1.0070873,-4.4229126,-5.5729127,-6.932913,-8.122912,-7.3129125,-3.2429125,-2.2129126
1.5270875,0.8470874,-2.5729127,-4.7329125,-3.7029126,-5.1029124,-2.6529126,-3.7929125,-2.8629127,-2.7029126,-2.1829126,-2.6229126,-2.2429125,-1.0229126,-1.2329125,-1.2829126,-0.3529126,-1.8329126,-0.6429126,-0.4529126,0.5670874,0.8570874,0.3970874,-0.7429126,0.7870874,0.7670874,-0.022912597,0.9870874,-0.0629126,-0.5929126,0.097087406,-0.072912596,0.6370874,-2.8729126,-0.34291258,-0.3829126,-2.2529125,-2.1029127,2.3670874,0.5170874,-5.722913
1.3970875,-3.8529127,-7.9629126,-6.3029127,-4.6629124,-4.182913,-3.3829126,-1.2929126,-2.0829127,-1.4329126,-0.4629126,0.017087402,0.5770874,1.2170874,1.4670874,1.3870873,0.7870874,2.1670873,2.4870875,2.0570874,2.1570873,1.8470874,-2.0429125,-2.0029125,-0.0129125975,-0.70291257,-1.1129127,0.7670874,-0.0929126,-0.0929126,0.027087402,1.4570874,-0.5929126,-0.24291259,0.54708743,-0.032912597,-0.7129126,0.3370874,-0.31291258,3.0370874,3.0970874
-3.1929126,-7.0429125,-7.1029124,-6.2529125,-4.3829126,-2.4929125,-1.2229125,-0.112912595,0.6170874,1.3470874,1.9670874,2.6870873,4.0170875,4.5870876,3.1870873,3.3470874,3.5270875,3.4970875,3.6270874,3.3070874,2.0170875,-0.6929126,0.8670874,0.6470874,0.9770874,0.54708743,0.43708742,1.1070874,0.2170874,-1.3829126,-0.1029126,-2.6729126,-2.7229125,-0.9429126,-1.2429127,-1.5829126,-2.6429126,2.9870875,-0.3329126,-0.3729126,-0.70291257
-5.0329127,-6.0929127,-5.932913,-4.4129124,-2.8229127,-1.6329126,-0.2129126,0.9670874,1.6170874,2.4670875,3.0670874,3.9270873,4.277087,4.817087,5.8570876,4.6670876,4.7870874,4.4270873,4.0370874,4.297087,3.7270875,3.2070875,2.8870873,2.9570875,2.8470874,2.5670874,2.2370875,2.6670873,2.1070874,2.0670874,1.1170874,-1.3129126,-2.0429125,1.9770874,0.9070874,-0.5329126,-2.5229125,-1.9129126,-2.2329125,-2.1329126,-2.5029125
-3.7229125,-3.2429125,-4.3729124,-3.0929127,-1.6629126,-1.1029125,-0.3529126,1.2770875,1.8070874,2.7670875,3.4970875,3.6570873,4.6770873,5.9070873,6.1670876,4.6270876,4.9470873,4.6370873,4.6970873,5.1570873,4.1570873,3.4870875,3.8570874,3.5370874,3.3870873,3.5570874,4.4670873,6.5570874,2.8570874,2.9970875,3.0170875,2.9470873,1.0270875,0.1070874,0.1170874,-4.0929127,0.54708743,-0.6529126,0.4170874,-0.2829126,-1.7629126
-2.2729125,-1.5329126,-0.5929126,0.7070874,1.6870874,2.3570874,2.8670874,2.9570875,3.1870873,3.7770875,4.2370872,4.2670875,4.7870874,5.817087,5.5870876,5.7070875,5.1070876,5.2070875,4.4470873,4.4370875,4.757087,4.6370873,4.4470873,4.7070875,5.7370872,5.4670873,5.4870872,4.507087,4.8470874,3.5170875,2.0870874,2.9370873,1.9870874,-2.2129126,-4.0429125,-3.2829125,-1.5229126,2.7070875,-1.4929127,2.1370873,-0.8829126
0.6270874,1.2370874,2.4770875,3.2470875,3.6170874,3.7970874,4.0770874,3.7170875,4.1970873,4.2270875,4.2670875,5.4570875,5.8670874,6.0170875,6.6770873,6.4370875,5.5970874,5.4470873,4.9370875,4.2070875,6.6770873,5.3470874,5.4770875,4.7070875,5.8570876,4.9670873,7.1470876,4.7070875,5.6370873,4.2370872,4.8670874,4.7370872,0.79708743,2.1970873,2.6570873,-2.6029127,-3.7829125,-8.172913,-5.7329125,-5.6429124,-2.4929125
1.4470874,2.4870875,3.0970874,3.5770874,3.9070873,4.1570873,4.2870874,4.2270875,4.1370873,4.8070874,5.6970873,5.3970876,7.4370875,6.5370874,6.3470874,6.317087,5.9570875,5.3770876,5.4570875,4.8970876,5.6570873,7.0370874,6.4670873,5.6670876,6.1070876,6.3270874,6.0570874,5.3270874,6.9870872,5.2070875,6.7470875,6.9970875,8.097088,3.7170875,4.2470875,-2.5829127,-1.3529125,-1.3729126,-1.5629126,-1.6529126,-1.5629126
1.8670874,2.5270875,2.7770875,2.8570874,2.9070873,2.8770874,3.0570874,3.1970873,3.7370875,4.0870876,5.1170874,5.0870876,4.8070874,6.3470874,5.797087,6.1570873,5.6870875,5.5870876,5.5870876,5.6870875,6.5770874,7.4370875,7.9470873,7.9370875,6.567087,7.3870873,7.547087,8.037087,8.577087,9.197087,7.4970875,8.807087,7.6670876,4.9370875,3.1070874,0.0470874,-3.4229126,-2.2529125,1.3270874,0.43708742,-1.5729126
0.0770874,-0.2529126,-1.1829126,-0.072912596,0.3170874,0.2170874,1.9670874,2.5370874,2.6470873,2.8470874,2.9270873,4.1770873,3.8370874,4.0870876,4.5770874,5.5870876,5.1170874,4.777087,4.9270873,5.547087,6.7870874,6.6770873,6.5370874,6.6170874,6.5370874,7.527087,8.447087,9.597088,10.127088,10.167088,9.627088,9.347088,7.8470874,4.4370875,2.3270874,-1.5729126,-0.4729126,0.6170874,-0.5429126,0.5370874,-1.0329126
0.5570874,0.1970874,0.79708743,0.5570874,1.4570874,2.0470874,1.7870874,1.6470875,1.7770875,1.3870873,2.3570874,3.7570875,4.1370873,3.5170875,4.0970874,0.6770874,1.5970874,2.5570874,2.1770873,4.3770876,5.297087,5.047087,3.6170874,4.777087,4.527087,5.2270875,6.3970876,7.4870872,9.677088,10.297088,9.837088,9.647087,5.9570875,5.4770875,2.5170875,2.8970873,4.797087,4.317087,-1.3229126,0.5070874,-1.3429126
1.0270875,1.2070874,1.6370873,2.0670874,2.2170875,1.2370874,1.4570874,1.7270874,1.2270874,0.6870874,2.3070874,5.9470873,4.6070876,4.2670875,0.4570874,2.7370875,3.6770873,4.4270873,4.2470875,4.7370872,4.7470875,5.1270876,5.1170874,5.2170873,6.507087,6.4970875,7.5570874,9.097088,10.4970875,8.977087,9.297088,8.327087,6.3070874,5.6270876,3.8770874,2.6570873,4.1870875,1.0070873,-1.1729126,-2.2829125,-2.0129125
1.5070873,1.9170874,2.5370874,1.7070874,0.5170874,0.8270874,0.7270874,0.8770874,0.8670874,1.4270874,1.4070874,2.9270873,4.067087,2.0070875,4.317087,5.0770874,5.4770875,4.527087,5.067087,4.0770874,6.3570876,5.8470874,7.277087,7.2470875,7.297087,7.9070873,7.4570875,8.477087,6.6770873,6.4370875,9.157087,2.9270873,0.7570874,-1.1329126,-0.7429126,-1.7429127,-1.3329126,-1.5129126,-3.0529127,-1.8929126,-3.2629125
0.9370874,-0.0929126,-1.7129126,-0.8929126,0.7870874,0.9670874,1.4770874,1.4470874,2.0170875,1.7870874,1.5970874,3.5270875,3.9570875,4.9970875,5.2170873,4.797087,5.3370876,5.9270873,6.1670876,7.3470874,7.257087,6.817087,6.0970874,7.3670874,7.5970874,7.5970874,7.3070874,7.1270876,6.797087,5.9370875,3.7070875,1.1470875,-3.4329126,-4.0929127,-3.9229126,-4.0129128,-3.2429125,-3.0229125,-4.1229124,-3.0429125,-1.5929126
