wind_kz.json
{"header": {"discipline":0,"disciplineName":"Meteorological products","gribEdition":2,"gribLength":1025,"center":7,"centerName":"US National Weather Service - NCEP(WMC)","subcenter":0,"refTime":"2023-09-26T00:00:00.000Z","significanceOfRT":1,"significanceOfRTName":"Start of forecast","productStatus":0,"productStatusName":"Operational products","productType":1,"productTypeName":"Forecast products","productDefinitionTemplate":0,"productDefinitionTemplateName":"Analysis/forecast at horizontal level/layer at a point in time","parameterCategory":2,"parameterCategoryName":"UnknownDiscipline_0_Category_2","parameterNumber":2,"parameterNumberName":"UnknownParameter_D0_C2_2","parameterUnit":"Unknown","genProcessType":2,"genProcessTypeName":"Forecast","forecastTime":300,"surface1Type":103,"surface1TypeName":"Specified height level above ground","surface1Value":10.0,"surface2Type":255,"surface2TypeName":"Missing","surface2Value":0.0,"gridDefinitionTemplate":0,"gridDefinitionTemplateName":"Latitude_Longitude","numberPoints":615,"shape":6,"shapeName":"Earth spherical with radius of 6,371,229.0 m","gridUnits":"degrees","resolution":48,"winds":"true","scanMode":64,"nx":41,"ny":15,"basicAngle":0,"lo1":47.0,"la1":41.0,"lo2":87.0,"la2":55.0,"dx":1.0,"dy":1.0}, "data":
[rows 0 to 14 of 15, columns 0 to 40 of 41]
1.0761768,1.6861768,1.7661767,-3.5438232,-3.6138232,-0.063823245,-2.4338233,-4.953823,-5.393823,-5.263823,-4.333823,-3.0938232,-1.9638232,-0.9438232,-0.44382325,-0.52382326,0.97617674,0.83617675,0.9961768,1.2961768,2.3361769,0.77617675,3.4261768,4.646177,4.4961767,2.9861767,0.78617674,4.2661767,3.3761768,1.8761767,1.2361767,-0.40382326,-2.2138233,-1.8538232,-3.0138233,-0.9438232,-3.3038232,-3.3538232,-3.3638232,-2.4838233,-1.1238233
2.5861769,-2.1938233,-8.833823,-8.533823,-5.3238235,-0.6838232,-2.5838232,-3.7338233,-4.243823,-4.7138233,-4.473823,-3.0138233,-2.6038232,-1.7938232,-0.34382325,1.9161768,2.3861768,4.526177,4.126177,3.8061767,3.4761767,1.5661768,2.5261767,1.9361768,1.2261767,0.89617676,-1.3438232,2.6861768,7.526177,3.9161768,0.47617677,2.4361768,-1.6338233,-1.1638232,-0.6238232,0.9261768,-0.36382324,-0.40382326,-1.2738233,-1.2238232,-0.43382323
-2.7038233,-6.723823,-10.423823,-8.663823,-5.453823,-2.3638232,-4.2338233,-4.873823,-4.703823,-4.5538235,-3.8838232,-2.8738232,-3.2238233,0.44617677,0.6261768,2.3661768,2.5961769,3.2361767,3.2161767,4.0561767,5.066177,3.0961769,3.7561767,4.7061768,4.6761765,-2.7738233,-2.7938232,0.10617676,-0.72382325,-1.5138233,2.6361768,-1.5738232,-0.063823245,0.7461768,-2.5338233,-1.3938233,-0.71382326,-1.5138233,3.6861768,2.5361767,-0.40382326
-6.4838233,-9.483823,-9.353824,-7.1938233,-1.0938232,-3.9038231,-5.8838234,-5.2538233,-4.4438233,-4.7138233,-4.623823,-4.8838234,-3.1938233,-1.3838233,1.4661767,2.7461767,2.3161767,3.2161767,3.4761767,3.4861767,3.4561768,4.2061768,3.8161767,1.3961768,2.0861769,3.2761767,0.9961768,0.22617675,1.4661767,4.336177,5.5761766,4.046177,7.436177,3.2661767,0.14617676,1.2161767,0.26617676,1.3861767,-2.0838232,-3.2738233,-1.2638233
-8.143824,-8.613823,-7.103823,-1.2538233,-1.5938232,-5.2538233,-5.6138234,-4.9838233,-5.5038233,-3.7438233,-3.1438231,-4.7938232,-2.2638233,-0.13382325,3.2461767,1.1961768,2.3561769,2.8861768,2.2661767,2.5561767,3.6861768,3.8361769,3.0061767,2.9461768,0.83617675,-3.5838232,-5.2938232,-0.48382324,-0.45382324,-1.6238233,-1.9438232,-2.6238232,-0.21382324,-0.09382324,-4.0538235,-2.4538233,-3.4538233,-2.9838233,-2.5738232,-1.9938233,-2.1838233
-6.2338233,-5.373823,-4.9638233,-4.893823,-6.1938233,-5.813823,-5.533823,-5.0938234,-4.393823,-4.2738233,-3.4738233,-2.9238234,-0.11382324,0.30617675,-0.31382325,0.0061767576,1.1561768,1.9561768,2.3561769,3.9561768,4.0961766,3.0461767,1.4061768,1.2261767,-2.6538231,-7.333823,-4.8238235,-4.663823,-3.4438233,-3.9338233,-4.203823,-4.513823,-2.4638233,0.77617675,0.076176755,1.3361768,0.016176758,1.1461768,2.7961767,-5.163823,-4.4038234
-2.2838233,-4.0538235,-2.8838232,-3.9338233,-4.8838234,-3.8638232,-4.6138234,-4.5538235,-4.9638233,-4.763823,-4.7338233,-4.243823,-3.3638232,-3.4438233,-3.0138233,-2.9038231,-2.0138233,-1.7838233,-4.0938234,-2.9438233,-3.3838232,-2.5438232,-4.3238235,-3.7938232,-5.9038234,-5.8438234,-1.3238232,-4.1738234,-4.203823,-4.2138233,-4.4038234,-4.3038235,-3.8838232,-0.60382324,0.46617675,2.0861769,1.3661767,-0.36382324,2.0361767,0.70617676,3.9561768
-0.72382325,-2.4238234,-1.5038233,-2.8638232,-1.4238232,-2.7738233,-3.3038232,-3.4638233,-3.9838233,-4.663823,-4.683823,-5.373823,-5.0038233,-4.4438233,-3.9938233,-3.9438233,-3.5838232,-4.103823,-3.3138232,-4.643823,-5.063823,-7.563823,-5.7738233,-7.1738234,-2.1138232,-2.1038232,-3.7638233,-4.2738233,-5.1538234,-5.163823,-5.3038235,-5.0438232,-3.7438233,-4.0038233,-1.5638232,0.69617677,3.8761768,3.4761767,3.5661767,5.2861767,2.3861768
-0.09382324,0.27617675,-0.23382324,-1.2038232,-1.8138232,-2.1438231,-2.3238232,-3.0738232,-3.3838232,-3.3038232,-3.7738233,-4.393823,-5.4238234,-5.5738235,-5.2738233,-5.183823,-4.873823,-5.0438232,-4.493823,-5.103823,-5.7538233,-5.143823,-4.5538235,-4.5538235,-3.3438232,-3.9438233,-4.413823,-5.0238233,-4.8438234,-4.5238233,-4.9638233,-4.473823,-3.2538233,-2.5238233,-1.0438232,0.45617676,-0.83382326,-1.9238232,-1.6738232,0.85617673,-1.0838232
0.52617675,0.72617674,0.84617674,-1.4738232,-1.1538233,-1.3438232,-1.5538232,-2.1138232,-2.3438232,-2.5538232,-3.0338233,-4.1338234,-4.413823,-4.9438233,-5.5238233,-5.373823,-5.4838233,-5.5238233,-5.3038235,-5.813823,-6.353823,-5.623823,-5.373823,-5.333823,-5.5238233,-5.603823,-5.473823,-5.123823,-4.6738234,-5.0038233,-3.9038231,-2.2238233,-1.8338232,-2.7338233,-1.3638233,0.26617676,0.45617676,0.27617675,-1.9438232,0.09617676,0.70617676
0.72617674,0.59617674,1.0861768,-0.70382327,-0.13382325,-0.39382324,-0.72382325,-0.91382325,-0.99382323,-1.4038233,-1.5538232,-2.7938232,-2.6238232,-3.5338233,-4.1338234,-4.3438234,-4.6938233,-5.333823,-5.4838233,-5.9038234,-6.013823,-5.703823,-5.6138234,-5.433823,-5.033823,-5.083823,-4.643823,-4.433823,-4.013823,-3.0638232,-2.4738233,-1.4638232,-1.4238232,-1.6738232,-2.2838233,-1.8538232,-1.4838233,0.44617677,-0.11382324,0.05617676,-0.9338232
3.4661767,0.8661768,0.64617676,0.10617676,-0.07382324,-0.023823243,0.06617676,-0.15382324,0.06617676,-0.6338232,-0.6838232,-1.7238232,-1.1538233,-1.4638232,-2.1838233,-2.7638233,-3.2638233,-2.8538232,-3.4038231,-3.5738232,-3.9938233,-4.4038234,-4.263823,-4.2138233,-4.0538235,-4.3038235,-3.7638233,-3.5038233,-2.8638232,-2.8338232,-2.2338233,-2.0338233,-1.2538233,-1.6338233,-1.4338232,-1.7038232,-1.5338233,-1.7238232,-1.9238232,-0.39382324,0.06617676
1.1561768,3.0561767,0.8761768,0.37617674,0.77617675,-0.023823243,0.42617676,1.3461767,0.66617674,-0.35382324,0.54617673,-0.60382324,0.036176756,-0.0038232422,-0.27382323,-1.1238233,-1.8638233,-1.9338232,-1.6838232,-1.6838232,-1.6538233,-2.6238232,-2.1038232,-2.9038231,-2.7138233,-3.1138232,-3.1138232,-2.6238232,-2.7038233,-2.4038231,-2.4838233,-2.2038233,-2.0038233,-2.1038232,-1.4038233,-1.7938232,-1.0438232,-0.19382325,-1.0738232,-0.98382324,-1.0638232
0.34617674,1.8861767,2.5061767,0.9361768,0.82617676,0.72617674,0.83617675,1.7861768,1.0861768,0.42617676,0.49617675,0.24617676,-0.36382324,0.79617673,0.49617675,0.47617677,-0.19382325,-0.74382323,-0.71382326,-1.7338233,-1.5538232,-1.8838233,-1.7538233,-1.5238233,-1.3838233,-0.67382324,-0.6938232,-1.1638232,-1.2638233,-1.5938232,-1.3938233,-1.6838232,-1.8038232,-1.5838232,-1.4538232,-1.8938233,-0.8738232,-1.0038233,-1.5538232,-0.49382323,1.3861767
1.3661767,-0.5738232,1.4161768,3.3961768,2.0961769,1.5961767,1.1761768,1.2561767,1.5361768,0.49617675,0.8661768,0.8061768,0.30617675,0.0061767576,1.1961768,0.89617676,0.79617673,-0.0038232422,0.16617675,-0.48382324,-0.40382326,-0.5738232,-0.28382325,0.19617675,-0.20382324,-0.5038232,-0.11382324,-0.55382323,-0.103823245,-0.80382323,-0.38382325,0.65617675,-0.6238232,-1.6338233,-0.92382324,-1.6038232,-1.4438232,-1.0838232,-0.33382323,-0.49382323,-0.29382324
