wind_kz.json
{"header": {"discipline":0,"disciplineName":"Meteorological products","gribEdition":2,"gribLength":1025,"center":7,"centerName":"US National Weather Service - NCEP(WMC)","subcenter":0,"refTime":"2023-08-23T06:00:00.000Z","significanceOfRT":1,"significanceOfRTName":"Start of forecast","productStatus":0,"productStatusName":"Operational products","productType":1,"productTypeName":"Forecast products","productDefinitionTemplate":0,"productDefinitionTemplateName":"Analysis/forecast at horizontal level/layer at a point in time","parameterCategory":2,"parameterCategoryName":"UnknownDiscipline_0_Category_2","parameterNumber":2,"parameterNumberName":"UnknownParameter_D0_C2_2","parameterUnit":"Unknown","genProcessType":2,"genProcessTypeName":"Forecast","forecastTime":180,"surface1Type":103,"surface1TypeName":"Specified height level above ground","surface1Value":10.0,"surface2Type":255,"surface2TypeName":"Missing","surface2Value":0.0,"gridDefinitionTemplate":0,"gridDefinitionTemplateName":"Latitude_Longitude","numberPoints":615,"shape":6,"shapeName":"Earth spherical with radius of 6,371,229.0 m","gridUnits":"degrees","resolution":48,"winds":"true","scanMode":64,"nx":41,"ny":15,"basicAngle":0,"lo1":47.0,"la1":41.0,"lo2":87.0,"la2":55.0,"dx":1.0,"dy":1.0}, "data":
[rows 0 to 14 of 15, columns 0 to 40 of 41]
-2.7495556,0.74044436,2.3804443,-1.2495557,0.62044436,0.80044436,1.9404444,3.1304443,0.38044435,-0.66955566,0.76044434,3.3004444,2.1604443,3.2604444,3.1504443,4.1904445,2.8804443,0.040444337,-0.45955566,0.82044435,0.25044432,0.62044436,0.29044434,-2.1895556,2.7104445,4.950444,-1.0695556,1.3304443,2.1904442,-0.25955567,-2.3895557,1.8104444,-0.22955567,-0.49955568,-2.2495556,-3.1495557,-3.2295556,-2.9695556,-2.3895557,0.19044434,-4.5595555
1.2904444,1.9904443,-1.7495557,-0.5995557,1.2004443,4.0904446,4.6104445,3.2204444,0.29044434,2.7004442,4.550444,4.6604443,0.48044434,1.2704444,3.1204443,0.010444336,1.3804443,-1.0195557,-2.3995557,-0.69955564,1.6404443,1.9604443,1.4004444,-3.5195556,-2.1595557,3.1604443,-0.8395557,1.8404443,-3.3995557,-2.4295557,-1.4095557,-0.32955566,0.63044435,-2.7795556,0.48044434,-0.67955565,-0.7195557,0.060444336,-0.8495557,-0.7795557,-5.0695558
-0.25955567,-1.5195557,0.19044434,-0.21955566,-0.36955565,0.14044434,-1.0795556,0.7304443,0.89044434,2.0104444,1.2904444,2.0304444,1.9804443,1.5204444,0.17044434,-0.79955566,-0.31955567,0.32044435,1.9304444,0.99044436,2.4704444,1.6604444,1.9604443,1.6604444,-1.0395557,-0.73955566,-2.4795556,-2.4795556,0.6704443,0.8504443,-0.47955567,1.9704443,0.35044435,0.68044436,0.090444334,-3.0795557,1.6004443,-0.5195557,-1.4895557,-0.7195557,0.6004443
-2.5795557,-2.3495557,-1.1395557,-1.0495557,-0.54955566,0.43044433,2.5404444,2.9204443,4.2104445,4.5804443,3.9204443,4.7904444,7.2304444,6.720444,2.5104444,2.9604445,3.6504443,3.0304444,2.5304444,2.8104444,1.8704443,0.63044435,1.6704444,5.1804442,2.8404443,0.83044434,3.5704443,1.7704444,-0.30955565,3.2604444,2.1604443,-0.66955566,6.6204443,4.3304443,0.6604443,0.34044433,0.10044434,-0.10955566,0.14044434,4.4433595E-4,0.52044433
-0.19955567,0.87044436,2.3104444,2.9804444,5.3904443,4.010444,5.0604444,5.0404444,2.6704443,2.5304444,1.8104444,1.1404443,3.8404443,2.5204444,1.3904443,3.3104444,4.1404443,4.030444,2.3504443,3.5404444,5.6104445,3.9704444,3.5804443,1.8404443,2.8204443,-1.8695557,-2.0095556,2.5304444,3.0604444,4.300444,3.2904444,0.96044433,-4.2295556,-1.1395557,4.5804443,0.45044434,-0.059555665,-2.1095557,-2.9395556,-2.2895555,-4.5995555
-2.3595557,-0.5995557,1.4404444,0.80044436,1.8104444,1.2404443,1.5304444,1.6004443,0.6504443,1.5704443,2.1104443,4.320444,5.3704443,8.160444,6.240444,4.3804445,5.3804445,5.8704443,5.450444,5.1804442,6.8804445,5.3904443,4.510444,2.3604443,0.46044433,2.5904443,1.6204443,4.6204443,1.5704443,6.200444,5.5804443,5.6104445,5.9604445,5.1104445,3.1604443,0.70044434,-1.4695556,-0.97955567,0.87044436,-1.8295556,-3.5995557
-2.4995556,-1.2995557,-0.33955565,1.7904444,2.1404443,2.7804444,1.9004444,1.0204444,0.17044434,1.6904444,3.4304442,4.9004445,4.9304442,5.2304444,4.2104445,4.9804444,4.530444,4.760444,4.990444,3.6904442,5.4804444,5.1004443,5.5904446,2.4304442,3.3704443,1.6604444,4.6304445,2.5104444,4.0604444,4.5904446,6.6904445,7.3504443,6.2504444,6.9004445,3.5804443,-4.1595554,-3.0695558,3.3604443,-3.0995557,1.7504443,0.36044434
0.13044433,0.35044435,0.75044435,2.5904443,1.9404444,2.8204443,2.5904443,3.5104444,3.2004442,3.6704443,4.2304444,3.9604445,6.220444,5.570444,5.5804443,5.1904445,3.7404444,3.0704443,2.6004443,4.6304445,4.1104445,4.3504443,4.470444,3.9004443,4.3604445,2.0104444,2.3104444,2.4804444,2.8804443,4.1204443,5.6604443,8.110444,7.1104445,2.8104444,-2.9295557,3.5004444,-1.4995557,-4.1095557,-4.7295556,-3.7695556,-3.1695557
1.4904443,2.9604445,1.9504443,2.5604444,2.3604443,2.7904444,3.0804443,3.5004444,4.0904446,6.4004445,1.7304443,4.970444,6.0204444,5.1704445,5.220444,4.1504445,3.6404443,3.5504444,4.1304445,3.2504444,4.5404444,4.3104444,5.070444,5.2504444,4.3904443,3.6704443,2.5804443,0.88044435,3.2904444,1.7504443,6.300444,4.4604445,10.410444,-1.0995556,0.51044434,1.1204443,1.1204443,-3.1295557,-1.7295556,-0.61955565,-2.1695557
3.1604443,2.6904442,1.2404443,2.9004443,2.5604444,2.7704444,3.0304444,3.2304444,3.7704444,-0.029555663,3.5104444,6.010444,2.6904442,4.1604443,2.6904442,4.6304445,2.4004443,2.6704443,1.9904443,1.8404443,4.2704444,6.2504444,5.240444,4.9604445,5.320444,5.4204445,2.6704443,2.8804443,2.2804444,3.5204444,5.300444,4.050444,6.1104445,1.1604444,-0.18955566,3.4204443,-1.7095556,0.010444336,-2.9195557,-0.6495557,-1.1395557
1.9804443,2.1804442,2.3504443,1.3004444,1.7504443,1.8804443,2.9604445,3.1804442,-0.34955567,2.3104444,4.3104444,3.2104445,0.88044435,2.5804443,2.1004443,1.8804443,2.4704444,4.550444,4.950444,6.1404443,6.7304444,6.700444,6.3304443,6.1204443,5.200444,5.1404443,4.1204443,3.4004443,2.8804443,4.760444,8.060444,6.300444,4.010444,0.010444336,-0.68955564,2.1004443,-1.6095557,-0.72955567,-1.2195556,1.2404443,-1.8595557
1.8504443,1.2504443,-0.6595557,1.3304443,2.4604445,2.7004442,1.8104444,1.9204444,0.6704443,0.45044434,0.35044435,1.9204444,0.37044433,1.9504443,2.8604443,3.1604443,4.300444,5.1204443,4.4204445,5.550444,3.8404443,5.5404444,3.9704444,3.9904444,3.6404443,4.3104444,4.6404443,2.4004443,3.7104445,1.7004443,0.76044434,1.4504443,1.4704443,-0.8395557,-0.009555664,0.9004443,0.46044433,0.6604443,-0.28955567,-0.7795557,-0.86955565
1.3304443,1.7304443,1.8304443,1.6804444,2.5304444,2.1104443,1.5804443,2.3104444,1.8004444,1.5904443,1.2104443,2.4204443,3.2804444,3.2404444,2.9004443,4.030444,3.5704443,3.7804444,4.1604443,2.1204443,2.3004444,-0.21955566,-0.25955567,0.35044435,1.4204444,2.3404443,3.5004444,1.5404444,3.0104444,-0.29955566,-2.9795556,1.3004444,-2.2795556,-2.5695558,-3.6095557,1.2904444,1.3404443,-2.4495556,-3.3995557,-1.8395556,-2.0495558
1.9204444,2.0704443,2.6904442,2.0704443,2.4304442,1.9704443,1.7504443,1.8304443,2.4304442,0.9104443,1.5604444,1.7704444,3.7704444,3.6804442,3.6804442,3.9704444,3.8604443,3.5304444,3.8604443,1.9004444,1.0804443,-0.6595557,-1.2595557,-0.78955567,0.40044433,2.3704443,-0.18955566,0.9204443,-1.9895557,-3.2895555,-2.1595557,2.7404444,0.69044435,-4.469556,-0.56955564,-1.2895557,-3.3795557,-3.5295556,-2.4095557,-1.6095557,-1.3495556
0.58044434,3.4804444,0.9004443,0.96044433,2.1504443,2.0404444,2.2804444,2.1004443,2.9604445,0.9204443,1.2504443,2.6504443,2.6104443,2.3704443,4.3504443,3.5904443,3.5904443,2.8104444,2.7504444,2.9104443,3.2804444,-0.059555665,-2.3495557,1.0304444,-0.36955565,-1.5495557,-2.1295557,-3.5195556,-2.6195557,-3.9995556,-2.0295556,3.4004443,-0.28955567,-1.3895557,2.0504444,-0.8995557,-3.9295557,-2.8495557,-2.7095556,-2.2195556,-1.3695557
