wind_kz.json
{"header": {"discipline":0,"disciplineName":"Meteorological products","gribEdition":2,"gribLength":871,"center":7,"centerName":"US National Weather Service - NCEP(WMC)","subcenter":0,"refTime":"2024-04-07T12:00:00.000Z","significanceOfRT":1,"significanceOfRTName":"Start of forecast","productStatus":0,"productStatusName":"Operational products","productType":1,"productTypeName":"Forecast products","productDefinitionTemplate":0,"productDefinitionTemplateName":"Analysis/forecast at horizontal level/layer at a point in time","parameterCategory":0,"parameterCategoryName":"UnknownDiscipline_0_Category_0","parameterNumber":0,"parameterNumberName":"UnknownParameter_D0_C0_0","parameterUnit":"Unknown","genProcessType":2,"genProcessTypeName":"Forecast","forecastTime":0,"surface1Type":1,"surface1TypeName":"Ground or water surface","surface1Value":0.0,"surface2Type":255,"surface2TypeName":"Missing","surface2Value":0.0,"gridDefinitionTemplate":0,"gridDefinitionTemplateName":"Latitude_Longitude","numberPoints":615,"shape":6,"shapeName":"Earth spherical with radius of 6,371,229.0 m","gridUnits":"degrees","resolution":48,"winds":"true","scanMode":64,"nx":41,"ny":15,"basicAngle":0,"lo1":47.0,"la1":41.0,"lo2":87.0,"la2":55.0,"dx":1.0,"dy":1.0}, "data":
[rows 0 to 14 of 15, columns 0 to 40 of 41]
293.88995,280.08994,287.98993,282.08994,282.78995,283.68994,294.38995,302.28995,303.28995,306.08994,304.58994,303.88995,304.78995,304.58994,304.78995,302.28995,304.28995,302.18994,302.88995,299.08994,299.48993,295.98993,295.18994,290.88995,296.68994,297.58994,290.58994,272.58994,271.98993,273.08994,267.48993,270.88995,278.78995,290.68994,292.28995,291.48993,292.58994,292.58994,292.48993,292.48993,292.78995
273.18994,289.68994,282.88995,283.68994,283.28995,283.58994,294.98993,289.78995,294.48993,291.88995,300.98993,302.98993,303.18994,303.98993,302.28995,303.98993,303.88995,302.78995,301.08994,300.88995,299.88995,295.98993,291.08994,279.88995,267.38995,271.48993,283.48993,270.78995,272.08994,266.68994,271.88995,260.38995,275.68994,259.68994,267.68994,286.68994,285.88995,289.08994,292.68994,285.38995,280.38995
296.08994,281.98993,282.98993,283.78995,283.58994,300.68994,301.88995,299.68994,293.68994,298.68994,295.08994,295.58994,296.08994,302.58994,300.28995,301.88995,302.58994,301.28995,300.38995,301.38995,301.08994,299.78995,295.18994,288.28995,292.58994,290.88995,291.58994,292.08994,288.58994,278.28995,269.08994,270.98993,276.58994,277.28995,278.68994,278.18994,270.48993,276.18994,273.88995,266.68994,263.68994
295.68994,282.98993,282.58994,284.28995,286.48993,299.58994,300.18994,300.98993,303.08994,298.88995,294.28995,299.58994,285.78995,285.88995,295.88995,298.68994,300.28995,301.68994,300.38995,300.68994,298.38995,293.98993,297.78995,296.48993,296.98993,296.38995,296.68994,291.38995,288.48993,290.18994,289.68994,285.58994,290.88995,289.48993,284.58994,281.08994,270.18994,265.78995,278.88995,286.78995,290.18994
298.28995,283.78995,283.18994,283.38995,289.18994,299.18994,300.18994,300.08994,299.08994,299.08994,298.38995,299.08994,285.08994,284.78995,282.48993,292.08994,298.88995,299.38995,298.18994,298.78995,298.38995,299.88995,298.58994,297.68994,294.18994,295.98993,293.18994,290.88995,296.78995,296.28995,292.98993,288.18994,275.88995,267.08994,281.28995,289.38995,286.38995,295.08994,293.28995,294.28995,292.28995
299.88995,298.78995,282.38995,282.18994,281.18994,281.78995,295.98993,297.78995,297.68994,296.18994,297.58994,299.78995,286.08994,286.98993,285.08994,297.88995,294.68994,297.68994,298.78995,295.88995,296.78995,294.48993,296.98993,294.98993,295.38995,291.98993,296.18994,271.98993,295.18994,296.28995,295.38995,293.98993,291.78995,289.18994,286.88995,285.38995,279.48993,280.68994,290.98993,291.68994,291.38995
297.38995,297.08994,298.38995,298.18994,290.58994,291.38995,292.88995,296.68994,295.18994,295.28995,295.28995,295.28995,292.98993,289.58994,296.88995,296.28995,293.58994,297.48993,296.48993,295.38995,293.48993,295.88995,293.58994,293.58994,291.28995,293.18994,293.18994,294.98993,293.98993,293.68994,293.48993,293.98993,293.18994,291.08994,291.08994,288.48993,282.68994,280.08994,273.68994,276.28995,287.68994
294.68994,294.08994,293.58994,288.98993,289.78995,289.58994,288.18994,286.98993,285.48993,291.78995,292.28995,293.28995,293.58994,291.08994,288.78995,290.58994,294.48993,294.78995,293.08994,291.68994,291.48993,292.28995,292.38995,291.38995,290.08994,288.58994,287.98993,289.58994,287.28995,291.58994,290.98993,292.48993,291.28995,286.78995,283.38995,286.68994,288.38995,273.08994,289.58994,288.58994,286.38995
292.68994,287.18994,289.38995,287.98993,284.08994,285.48993,281.88995,283.48993,285.28995,286.48993,290.08994,291.38995,290.98993,289.48993,291.58994,287.78995,290.28995,293.18994,288.08994,290.78995,284.98993,288.58994,290.28995,288.18994,288.68994,288.38995,285.58994,285.48993,286.88995,285.68994,285.38995,286.18994,287.88995,287.88995,286.98993,282.48993,275.98993,276.78995,269.18994,271.38995,266.18994
291.48993,288.68994,290.28995,284.28995,285.48993,285.18994,284.48993,283.78995,288.28995,283.38995,287.38995,287.48993,291.28995,291.08994,288.18994,286.28995,284.48993,288.68994,290.68994,290.48993,288.58994,287.18994,287.68994,285.68994,288.28995,283.98993,285.18994,284.18994,282.48993,283.58994,282.58994,285.98993,287.28995,287.58994,286.48993,285.88995,281.18994,277.18994,273.68994,273.58994,271.58994
291.28995,290.18994,284.88995,287.98993,286.38995,289.48993,287.38995,288.58994,288.28995,288.28995,287.48993,286.48993,288.28995,288.48993,287.48993,285.18994,286.88995,286.68994,286.78995,283.48993,284.78995,284.08994,282.58994,283.58994,282.98993,282.18994,280.38995,281.68994,282.28995,283.58994,282.18994,283.58994,285.38995,287.58994,288.18994,285.08994,277.78995,276.98993,280.48993,278.68994,274.78995
287.98993,288.58994,288.28995,281.48993,286.78995,287.98993,283.78995,283.48993,284.68994,286.18994,283.08994,280.08994,282.78995,281.68994,283.58994,286.28995,286.58994,284.38995,283.48993,281.88995,277.38995,275.38995,277.08994,276.78995,279.68994,281.18994,280.98993,282.58994,282.48993,281.78995,279.38995,278.68994,281.28995,282.98993,285.18994,286.18994,286.58994,286.48993,284.38995,285.08994,283.78995
284.88995,284.78995,283.18994,283.68994,279.88995,281.78995,282.98993,275.38995,275.08994,278.28995,277.58994,273.38995,276.78995,277.68994,280.38995,281.28995,281.38995,281.48993,281.58994,279.58994,279.38995,276.88995,279.38995,279.28995,281.18994,280.88995,281.48993,281.28995,281.08994,280.48993,279.78995,279.48993,277.48993,277.88995,278.08994,279.78995,280.18994,281.48993,280.98993,282.28995,278.18994
283.98993,282.18994,276.78995,281.48993,280.18994,277.98993,278.28995,279.88995,282.78995,279.98993,276.38995,273.48993,272.88995,273.98993,275.18994,277.38995,278.78995,279.28995,278.98993,277.38995,276.98993,276.68994,278.68994,278.98993,279.28995,278.68994,278.38995,277.28995,276.98993,277.28995,277.48993,277.28995,276.08994,275.08994,274.68994,273.18994,272.88995,272.98993,273.88995,273.88995,276.98993
283.68994,284.78995,273.28995,280.48993,278.88995,274.88995,275.58994,277.68994,279.18994,278.38995,277.68994,276.98993,277.78995,273.08994,273.68994,274.98993,277.28995,277.08994,277.78995,274.48993,274.58994,274.28995,274.68994,275.48993,274.98993,275.28995,274.88995,274.58994,274.98993,274.28995,274.28995,273.08994,273.58994,273.48993,273.88995,273.78995,273.28995,272.08994,273.08994,272.98993,271.78995
