wind_kz.json
{"header": {"discipline":0,"disciplineName":"Meteorological products","gribEdition":2,"gribLength":871,"center":7,"centerName":"US National Weather Service - NCEP(WMC)","subcenter":0,"refTime":"2023-09-26T00:00:00.000Z","significanceOfRT":1,"significanceOfRTName":"Start of forecast","productStatus":0,"productStatusName":"Operational products","productType":1,"productTypeName":"Forecast products","productDefinitionTemplate":0,"productDefinitionTemplateName":"Analysis/forecast at horizontal level/layer at a point in time","parameterCategory":0,"parameterCategoryName":"UnknownDiscipline_0_Category_0","parameterNumber":0,"parameterNumberName":"UnknownParameter_D0_C0_0","parameterUnit":"Unknown","genProcessType":2,"genProcessTypeName":"Forecast","forecastTime":180,"surface1Type":1,"surface1TypeName":"Ground or water surface","surface1Value":0.0,"surface2Type":255,"surface2TypeName":"Missing","surface2Value":0.0,"gridDefinitionTemplate":0,"gridDefinitionTemplateName":"Latitude_Longitude","numberPoints":615,"shape":6,"shapeName":"Earth spherical with radius of 6,371,229.0 m","gridUnits":"degrees","resolution":48,"winds":"true","scanMode":64,"nx":41,"ny":15,"basicAngle":0,"lo1":47.0,"la1":41.0,"lo2":87.0,"la2":55.0,"dx":1.0,"dy":1.0}, "data":
[rows 0 to 14 of 15, columns 0 to 40 of 41]
290.86685,285.46686,289.06683,293.36685,293.36685,292.66684,302.06683,308.16684,305.96686,304.56683,304.46686,304.96686,303.66684,302.76685,303.76685,303.96686,303.96686,303.16684,304.76685,304.56683,305.46686,301.76685,303.56683,297.46686,299.16684,301.06683,295.26685,283.36685,281.06683,279.66684,278.16684,279.06683,289.36685,294.66684,295.46686,295.26685,293.46686,294.06683,294.96686,294.96686,292.16684
274.96686,289.96686,292.66684,292.96686,293.06683,292.26685,307.76685,305.46686,301.36685,300.66684,303.26685,302.46686,303.46686,302.46686,302.96686,302.96686,303.46686,303.86685,302.36685,302.96686,303.16684,302.26685,300.36685,291.76685,280.86685,279.26685,288.56683,282.36685,282.46686,275.16684,281.96686,270.56683,282.76685,258.66684,277.36685,291.86685,289.66684,291.56683,293.76685,286.16684,284.86685
288.86685,292.46686,293.06683,292.46686,291.16684,304.86685,303.76685,302.36685,301.36685,300.26685,300.36685,300.26685,301.06683,301.66684,301.56683,301.56683,301.16684,301.46686,301.36685,301.66684,301.36685,301.46686,300.26685,293.76685,297.36685,295.06683,295.76685,294.86685,293.56683,283.46686,272.06683,276.56683,281.46686,282.36685,284.16684,281.96686,274.96686,276.96686,277.56683,273.66684,273.46686
297.96686,291.66684,292.46686,292.26685,294.36685,302.06683,299.76685,301.06683,300.66684,300.56683,297.56683,295.46686,290.66684,290.16684,301.66684,301.16684,300.26685,301.06683,301.66684,301.46686,300.76685,295.26685,298.06683,297.76685,297.36685,297.16684,296.86685,293.36685,291.36685,292.56683,294.56683,291.16684,295.66684,292.26685,291.16684,285.56683,273.96686,265.16684,277.76685,288.16684,289.76685
300.96686,291.56683,292.06683,291.56683,296.96686,302.06683,302.46686,300.96686,301.36685,300.96686,299.86685,296.46686,289.46686,288.66684,287.56683,300.36685,300.46686,299.26685,298.96686,298.36685,298.56683,298.46686,297.26685,296.66684,295.76685,294.76685,292.56683,291.46686,293.26685,292.96686,295.16684,292.16684,278.46686,264.26685,281.56683,290.26685,291.36685,292.16684,292.66684,292.86685,292.06683
302.56683,301.26685,290.66684,291.46686,291.36685,291.06683,302.76685,302.16684,299.96686,299.46686,298.96686,297.86685,290.66684,289.36685,294.36685,298.76685,299.56683,298.76685,298.06683,298.06683,297.06683,296.36685,295.76685,294.76685,293.36685,290.76685,290.86685,287.26685,293.06683,293.16684,291.16684,293.06683,292.16684,290.06683,286.46686,290.06683,281.66684,282.66684,289.46686,290.36685,290.86685
302.46686,301.16684,300.86685,301.36685,298.16684,302.86685,302.66684,300.06683,300.86685,300.46686,299.76685,298.26685,297.06683,297.26685,296.96686,297.96686,298.66684,298.76685,297.96686,296.36685,295.26685,295.16684,294.86685,294.26685,292.16684,291.76685,291.06683,291.96686,291.66684,291.86685,290.86685,290.66684,291.46686,292.26685,290.26685,287.66684,281.86685,276.96686,274.66684,270.36685,284.96686
302.56683,301.36685,303.16684,302.96686,303.06683,302.86685,302.06683,299.96686,298.96686,298.86685,297.16684,295.86685,295.26685,295.86685,296.66684,296.86685,296.96686,298.16684,297.66684,294.66684,293.56683,293.36685,293.26685,292.66684,290.86685,288.06683,287.16684,288.56683,286.76685,288.36685,286.86685,287.26685,286.16684,284.86685,284.56683,285.76685,286.16684,286.06683,285.46686,285.96686,282.26685
295.16684,299.86685,300.16684,301.86685,300.66684,301.46686,300.66684,298.66684,297.16684,296.06683,294.96686,294.46686,293.86685,295.46686,294.86685,296.26685,295.86685,296.56683,295.66684,294.26685,291.66684,290.96686,291.46686,290.96686,289.16684,288.56683,286.76685,285.86685,284.66684,283.06683,283.06683,283.26685,284.46686,284.46686,284.26685,283.16684,282.86685,281.46686,265.26685,268.06683,264.06683
292.36685,295.46686,297.06683,300.86685,300.86685,299.96686,299.06683,297.96686,295.96686,295.06683,293.86685,292.76685,293.56683,293.26685,293.66684,293.96686,294.16684,294.66684,294.46686,293.96686,291.96686,291.06683,290.96686,291.36685,290.26685,288.46686,287.76685,286.66684,285.26685,284.66684,283.76685,284.66684,285.76685,285.46686,284.76685,283.06683,280.66684,276.46686,271.86685,269.46686,267.76685
290.66684,291.86685,292.66684,295.16684,296.86685,298.66684,298.26685,298.56683,297.26685,295.36685,294.06683,292.96686,292.86685,292.06683,292.76685,293.06683,292.86685,293.56683,293.46686,292.26685,292.26685,291.76685,290.76685,290.56683,289.66684,289.16684,285.96686,287.76685,287.36685,287.56683,286.96686,286.46686,285.06683,285.46686,284.76685,282.46686,278.56683,274.86685,275.96686,275.26685,272.36685
291.36685,290.66684,289.76685,294.66684,292.36685,296.76685,295.96686,296.06683,297.26685,296.26685,293.66684,292.16684,292.36685,291.16684,291.66684,291.76685,291.46686,291.46686,292.06683,291.36685,290.26685,289.66684,288.96686,289.16684,288.56683,289.26685,289.06683,288.46686,288.16684,287.66684,285.96686,284.96686,285.66684,282.46686,283.06683,281.56683,281.76685,280.76685,279.76685,279.56683,279.66684
290.16684,290.56683,288.66684,289.06683,290.56683,292.56683,294.26685,294.76685,293.66684,293.26685,291.76685,290.16684,292.86685,290.96686,292.16684,292.56683,292.16684,290.86685,290.46686,289.36685,289.46686,288.26685,287.36685,287.26685,288.66684,289.26685,289.66684,288.06683,287.46686,286.36685,286.26685,285.36685,284.36685,282.66684,282.56683,282.26685,280.46686,281.96686,279.26685,278.16684,278.96686
289.66684,291.26685,288.16684,287.16684,287.36685,289.86685,290.26685,291.16684,292.06683,292.56683,287.26685,286.66684,289.46686,291.66684,292.66684,292.86685,292.16684,290.96686,290.56683,289.76685,289.36685,288.86685,289.36685,289.06683,289.26685,289.16684,288.36685,287.86685,286.36685,286.06683,285.46686,284.76685,283.66684,282.76685,283.06683,280.86685,281.06683,280.86685,279.56683,277.96686,278.76685
286.06683,288.26685,285.86685,290.96686,290.66684,289.56683,289.26685,289.06683,289.36685,288.16684,290.56683,288.46686,287.66684,288.96686,291.36685,293.06683,292.16684,290.96686,291.26685,290.06683,289.86685,288.96686,288.56683,288.06683,287.96686,287.96686,287.76685,286.86685,286.56683,285.56683,284.86685,283.96686,283.26685,283.16684,283.06683,282.56683,282.66684,281.16684,281.56683,280.96686,280.36685
