wind_kz.json
{"header": {"discipline":0,"disciplineName":"Meteorological products","gribEdition":2,"gribLength":1025,"center":7,"centerName":"US National Weather Service - NCEP(WMC)","subcenter":0,"refTime":"2023-09-07T00:00:00.000Z","significanceOfRT":1,"significanceOfRTName":"Start of forecast","productStatus":0,"productStatusName":"Operational products","productType":1,"productTypeName":"Forecast products","productDefinitionTemplate":0,"productDefinitionTemplateName":"Analysis/forecast at horizontal level/layer at a point in time","parameterCategory":2,"parameterCategoryName":"UnknownDiscipline_0_Category_2","parameterNumber":2,"parameterNumberName":"UnknownParameter_D0_C2_2","parameterUnit":"Unknown","genProcessType":2,"genProcessTypeName":"Forecast","forecastTime":240,"surface1Type":103,"surface1TypeName":"Specified height level above ground","surface1Value":10.0,"surface2Type":255,"surface2TypeName":"Missing","surface2Value":0.0,"gridDefinitionTemplate":0,"gridDefinitionTemplateName":"Latitude_Longitude","numberPoints":615,"shape":6,"shapeName":"Earth spherical with radius of 6,371,229.0 m","gridUnits":"degrees","resolution":48,"winds":"true","scanMode":64,"nx":41,"ny":15,"basicAngle":0,"lo1":47.0,"la1":41.0,"lo2":87.0,"la2":55.0,"dx":1.0,"dy":1.0}, "data":
[rows 0 to 14 of 15, columns 0 to 40 of 41]
-2.5345287,-0.9345288,1.7354712,-1.1245288,-3.8845289,-4.044529,-3.4445288,-4.6145287,-6.244529,-0.7545288,-2.4945288,-2.2945287,-1.3345288,-0.2645288,-0.23452881,0.1354712,-0.08452881,1.5354712,-1.6945288,-0.7545288,0.7954712,2.0954711,0.63547117,0.23547119,-1.1445289,-1.7145288,-2.624529,0.025471192,2.1054711,1.2054712,0.8954712,1.4054712,0.94547117,-0.8345288,-4.3045287,-3.7045288,-3.5045288,-3.6345289,-3.4445288,-1.8545288,-0.47452882
1.2854712,1.3454711,-0.12452881,-0.7245288,-2.9745288,-3.4645288,-2.7045288,-4.5945287,-3.5745287,-2.4745288,-1.4045289,-2.8045287,-0.86452883,-0.3545288,-0.04452881,-0.7745288,0.69547117,-1.9345288,-1.0645288,-1.0545288,-2.0045288,-0.9045288,0.43547118,-2.334529,0.5854712,0.9354712,-0.6245288,1.9354712,-0.7645288,-0.6345288,0.14547119,0.3554712,1.6754712,-1.4745288,1.0154712,-0.3445288,-0.7245288,-0.6945288,1.9454712,2.7054713,-3.2845287
0.82547116,3.7754712,1.7554712,1.3154712,-0.8945288,-1.9145288,-1.7045288,-1.2945288,-2.9245288,-2.0745287,-1.7545288,-0.7945288,-0.3345288,-0.8245288,-1.6945288,-1.6045288,-2.4845288,-1.4645288,-0.6545288,0.6054712,2.635471,-3.2245288,-5.064529,-4.4045286,1.1154712,-2.4445288,-2.364529,-1.6545289,-0.7345288,-0.99452883,-0.114528805,0.8454712,-0.3245288,-1.1245288,-0.2245288,-1.1245288,0.82547116,-0.44452882,1.3754712,2.915471,3.375471
2.415471,3.7954712,1.2754712,3.0854712,0.8654712,-1.5445288,-0.09452881,-2.4245288,-2.2345288,-1.6745288,-0.2645288,-0.23452881,-0.6645288,-3.0545287,-2.6645288,-2.2945287,-2.1745288,-2.0645287,-2.2445288,-3.0445287,-5.994529,-3.4145288,-2.1445289,-4.244529,-5.734529,-5.894529,-5.814529,-9.934528,-5.254529,-1.3545288,1.1954712,-0.7545288,-1.4645288,-2.7045288,-2.4745288,-1.8645288,-1.7845289,2.3554711,-1.0045288,-0.8745288,0.9254712
-2.2545288,-1.5145288,-3.0245287,-5.064529,-3.7445288,-2.5245287,-3.4145288,-3.5545287,-1.9745288,-1.8345288,-0.1645288,0.46547118,-1.1045288,-2.9445288,-3.4445288,-3.2745287,-2.6645288,-1.7845289,-2.5045288,-4.934529,-5.994529,-5.754529,-6.494529,-5.684529,-6.1745286,-7.504529,-9.444529,-7.794529,-6.524529,-6.1745286,-6.3845286,-2.2345288,-3.0145288,1.3954712,-1.2445288,-2.0545287,-4.3645287,0.9554712,-2.1345289,-1.6145288,-3.374529
-2.6545289,-2.3045287,-3.7645288,-3.354529,-4.584529,-4.724529,-2.364529,-1.2845289,-0.55452883,2.4954712,-0.5345288,-1.8245288,-0.41452882,-3.5745287,-3.5745287,-2.1345289,-2.9245288,-3.4845288,-4.124529,-3.8245287,-5.204529,-4.5145288,-5.0945287,-5.714529,-7.0345287,-7.644529,-7.234529,-11.074529,-6.724529,-6.6745286,-6.464529,-5.714529,-4.104529,-1.5245289,-0.41452882,0.04547119,0.6454712,2.4254713,2.3354712,-2.6745288,-4.814529
-2.3245287,-1.7345288,-1.4345288,-2.124529,-3.2745287,-3.6845288,-3.0745287,-2.344529,-2.6645288,-0.3445288,-2.5745287,1.3054712,-2.354529,-1.7445288,-1.7545288,-1.3345288,-3.2045288,-3.1745288,-4.3045287,-4.854529,-4.8045287,-4.624529,-4.6545286,-5.4445286,-6.214529,-6.454529,-5.5145288,-5.374529,-4.744529,-5.0345287,-5.3645287,-4.484529,-3.0445287,-3.4645288,-2.0645287,-1.8745288,-0.9545288,1.1754712,1.8654712,0.7754712,2.2154713
0.6754712,-1.9345288,-2.7045288,-3.1645288,-1.6645288,0.63547117,0.8054712,-3.1445289,-0.9145288,0.14547119,-1.8845288,1.3454711,0.49547118,-2.7445288,-2.7545288,-3.7445288,-3.5745287,-3.614529,-3.2345288,-4.294529,-3.8145287,-4.8845286,-4.104529,-4.3845286,-3.6445289,-2.5045288,-3.874529,-3.5545287,-3.2945287,-2.7245288,-3.0345287,-2.2045288,-2.1645288,-1.3645288,-2.2645288,1.7954712,3.5954711,7.455471,5.335471,7.565471,2.0654712
2.4854712,1.0354712,-0.67452884,-0.9645288,0.7354712,1.8154712,-0.4545288,-0.38452882,-0.8445288,-0.5045288,0.50547117,0.5854712,-0.04452881,-1.8945289,-2.3845289,-1.8945289,-3.1545289,-3.084529,-3.334529,-3.604529,-4.254529,-3.2245288,-3.4545288,-3.6845288,-2.9845288,-3.4945288,-2.4645288,-2.5045288,-1.4145288,-1.6745288,-1.6345288,-0.3345288,2.395471,0.105471194,0.5854712,1.1954712,0.04547119,-2.7245288,-2.1845288,0.5654712,-0.47452882
3.4754713,1.5154712,1.3154712,1.2454712,2.7154713,2.0954711,2.5454712,2.635471,2.3154712,3.1154711,1.7054712,1.0454712,-0.5045288,-1.5345289,-1.8745288,-2.0245287,-2.4245288,-2.3045287,-2.7245288,-3.5345287,-3.7045288,-3.5245287,-2.6945288,-2.4845288,-4.104529,-4.1945286,-3.0145288,-2.3245287,-2.0445287,-1.5545288,0.82547116,1.4854712,1.0154712,-0.4845288,0.7654712,0.6654712,-0.1745288,-0.05452881,-2.0445287,-0.47452882,0.6754712
-0.3045288,2.645471,1.1054711,1.5954711,2.9354713,2.5554712,0.18547119,-1.7245288,-1.0345289,-2.7745287,-1.0245289,-0.6945288,-2.114529,-1.6345288,-0.8245288,-1.3345288,-1.9345288,-2.5145288,-2.624529,-2.124529,-2.4045289,-2.6545289,-2.8245287,-2.3245287,-2.354529,-2.0445287,-1.3345288,-1.0645288,-1.4545288,1.5554712,1.0154712,0.1354712,-0.20452881,1.0954711,1.7754712,0.49547118,-1.0745288,-0.3945288,0.49547118,0.18547119,0.5554712
0.3554712,0.5954712,0.2954712,-0.41452882,-0.8545288,-1.1045288,-1.2545288,-0.8745288,-0.44452882,-1.7145288,-1.3145288,-1.2745289,-0.86452883,-0.8845288,-0.9445288,-1.6545289,0.4454712,-1.1445289,-2.0145288,-0.9345288,-0.3045288,-0.4345288,-0.99452883,-1.3745288,-1.4345288,-0.24452882,0.17547119,-1.6045288,-1.2645288,-0.4945288,-0.034528807,-0.24452882,0.03547119,0.1954712,0.2654712,0.3254712,0.5554712,1.0954711,0.20547119,0.4854712,0.75547117
1.2854712,1.0354712,1.2954712,0.08547119,-1.0745288,-0.9645288,-0.7645288,-0.5645288,-2.0045288,-0.8445288,-0.8445288,-0.12452881,0.2454712,0.9954712,-0.5845288,-1.4445288,0.1954712,-2.5445287,1.2454712,0.07547119,-0.5645288,-0.20452881,0.5254712,-0.2945288,1.1454712,1.4154712,-1.5745288,-1.1845288,-1.1845288,-0.24452882,0.20547119,0.18547119,0.11547119,-0.4945288,-0.15452881,-0.6645288,0.46547118,0.6854712,1.7154711,0.9154712,0.9954712
1.0454712,0.20547119,1.1654712,0.9354712,-0.9345288,-0.92452884,-0.3545288,-0.5045288,-0.31452882,-0.3545288,-0.7745288,-0.6245288,0.4554712,0.5854712,-0.24452882,1.2554712,1.4754711,0.7354712,-0.20452881,-0.2245288,0.07547119,-0.15452881,-1.6045288,-0.99452883,-0.05452881,-0.5645288,-1.4445288,-0.2945288,-0.2745288,0.07547119,0.3854712,0.17547119,-0.15452881,-0.38452882,0.3454712,0.3454712,0.2254712,-0.06452881,-0.10452881,0.025471192,-0.05452881
0.7954712,2.4454713,-0.114528805,0.8754712,0.4254712,-0.20452881,0.36547118,0.4254712,0.4454712,-0.41452882,-0.5145288,-0.2745288,0.07547119,0.6854712,1.5454712,1.4754711,1.1954712,0.8454712,0.5254712,0.9654712,0.3154712,-0.024528809,-0.41452882,0.7154712,0.23547119,-0.10452881,0.7154712,-0.8545288,-0.3245288,0.11547119,0.3154712,-0.5845288,-0.6445288,-0.4545288,0.12547119,0.1954712,-0.9345288,0.11547119,0.5854712,-0.3945288,-0.04452881
