wind_kz.json
{"header": {"discipline":0,"disciplineName":"Meteorological products","gribEdition":2,"gribLength":871,"center":7,"centerName":"US National Weather Service - NCEP(WMC)","subcenter":0,"refTime":"2023-08-24T06:00:00.000Z","significanceOfRT":1,"significanceOfRTName":"Start of forecast","productStatus":0,"productStatusName":"Operational products","productType":1,"productTypeName":"Forecast products","productDefinitionTemplate":0,"productDefinitionTemplateName":"Analysis/forecast at horizontal level/layer at a point in time","parameterCategory":0,"parameterCategoryName":"UnknownDiscipline_0_Category_0","parameterNumber":0,"parameterNumberName":"UnknownParameter_D0_C0_0","parameterUnit":"Unknown","genProcessType":2,"genProcessTypeName":"Forecast","forecastTime":300,"surface1Type":1,"surface1TypeName":"Ground or water surface","surface1Value":0.0,"surface2Type":255,"surface2TypeName":"Missing","surface2Value":0.0,"gridDefinitionTemplate":0,"gridDefinitionTemplateName":"Latitude_Longitude","numberPoints":615,"shape":6,"shapeName":"Earth spherical with radius of 6,371,229.0 m","gridUnits":"degrees","resolution":48,"winds":"true","scanMode":64,"nx":41,"ny":15,"basicAngle":0,"lo1":47.0,"la1":41.0,"lo2":87.0,"la2":55.0,"dx":1.0,"dy":1.0}, "data":
[rows 0 to 14 of 15, columns 0 to 40 of 41]
299.0603,287.8603,291.3603,298.6603,298.6603,297.9603,300.3603,303.4603,301.8603,301.7603,301.4603,301.9603,302.4603,302.0603,301.0603,298.9603,297.8603,298.0603,296.1603,298.0603,300.8603,292.5603,293.0603,290.3603,292.3603,293.4603,291.1603,278.5603,277.4603,277.0603,277.3603,278.9603,289.9603,296.4603,297.2603,296.6603,297.1603,297.1603,297.0603,297.4603,296.7603
277.9603,290.2603,298.2603,298.5603,298.7603,297.5603,301.4603,300.6603,300.7603,300.8603,300.7603,297.8603,296.0603,295.9603,296.1603,295.9603,298.1603,297.7603,294.9603,301.7603,295.9603,295.5603,295.6603,286.2603,277.5603,277.5603,286.8603,277.2603,279.0603,273.6603,282.7603,272.5603,282.2603,257.5603,277.3603,294.0603,292.1603,294.5603,297.9603,289.1603,283.9603
292.5603,297.8603,298.4603,298.6603,297.2603,298.0603,297.9603,297.5603,297.4603,297.4603,296.3603,296.1603,292.7603,293.5603,295.2603,294.3603,294.9603,295.6603,296.1603,296.9603,297.6603,295.7603,293.4603,291.1603,293.2603,291.4603,292.7603,291.9603,290.0603,281.8603,273.8603,276.5603,283.8603,281.4603,282.8603,282.3603,276.2603,277.6603,280.4603,275.0603,273.6603
290.9603,298.3603,298.2603,297.6603,295.2603,293.3603,293.7603,293.4603,294.0603,294.8603,295.8603,294.3603,294.6603,294.0603,294.6603,295.7603,297.1603,296.4603,296.5603,295.9603,296.7603,294.4603,297.2603,296.4603,297.4603,296.9603,297.5603,293.2603,293.0603,293.6603,294.4603,291.9603,297.4603,296.3603,292.5603,288.0603,275.8603,277.0603,281.8603,290.8603,293.6603
292.7603,297.7603,298.0603,297.9603,295.8603,293.0603,294.4603,294.3603,294.2603,294.5603,293.7603,293.6603,294.1603,292.7603,290.7603,295.3603,297.1603,296.9603,295.2603,297.6603,298.7603,299.4603,297.8603,297.7603,295.7603,295.1603,293.4603,294.3603,292.5603,292.2603,297.0603,292.3603,282.4603,274.9603,285.6603,293.8603,295.7603,296.7603,297.5603,297.3603,295.1603
291.1603,288.7603,296.0603,297.1603,297.6603,297.2603,293.9603,295.8603,294.0603,294.0603,294.6603,294.3603,293.5603,293.8603,292.9603,293.5603,296.1603,294.4603,295.4603,297.0603,297.1603,297.2603,298.5603,297.4603,295.5603,294.4603,294.3603,292.3603,295.0603,296.8603,294.6603,296.4603,295.7603,292.7603,290.9603,291.5603,285.4603,288.2603,295.7603,295.9603,295.6603
291.5603,289.9603,292.8603,292.3603,293.6603,291.9603,292.9603,293.7603,294.9603,295.1603,293.0603,293.4603,292.4603,292.6603,291.9603,293.2603,293.1603,294.1603,293.5603,293.2603,294.0603,295.3603,295.6603,299.3603,297.0603,296.8603,294.3603,294.7603,293.7603,293.2603,293.9603,295.4603,296.5603,295.8603,291.9603,290.3603,287.3603,284.4603,280.1603,279.9603,292.7603
292.2603,290.6603,292.1603,291.0603,294.7603,293.0603,293.6603,292.2603,291.3603,291.8603,290.5603,291.0603,290.6603,291.6603,291.7603,292.2603,291.7603,292.3603,292.2603,290.3603,291.3603,292.4603,293.7603,294.4603,293.4603,293.5603,293.3603,292.5603,292.1603,293.1603,292.0603,292.6603,291.6603,290.5603,290.1603,292.7603,293.4603,289.3603,290.6603,291.9603,287.1603
292.8603,291.5603,291.9603,291.7603,293.5603,291.7603,290.0603,290.3603,289.3603,288.5603,287.4603,290.1603,290.6603,291.3603,291.8603,292.6603,290.5603,290.3603,289.9603,289.1603,287.6603,288.8603,290.1603,289.8603,288.2603,289.0603,287.9603,288.9603,287.2603,286.2603,288.6603,289.3603,290.9603,291.6603,291.8603,290.5603,288.3603,289.2603,273.9603,275.6603,272.8603
290.0603,290.6603,290.9603,293.1603,293.1603,292.9603,292.0603,291.9603,291.4603,290.1603,288.7603,288.5603,289.1603,286.0603,289.1603,290.4603,289.0603,289.3603,287.9603,287.2603,286.4603,286.6603,287.4603,287.8603,287.5603,286.7603,286.8603,287.6603,289.3603,287.3603,286.2603,289.3603,291.8603,293.8603,293.2603,287.5603,288.1603,283.4603,275.6603,280.1603,277.6603
289.4603,290.1603,291.0603,288.9603,288.2603,290.4603,290.4603,289.6603,289.3603,289.0603,284.8603,286.4603,288.1603,284.3603,283.7603,286.1603,285.0603,285.9603,288.0603,288.2603,288.2603,287.7603,284.9603,284.3603,283.5603,283.6603,285.4603,286.2603,286.2603,288.0603,288.1603,288.3603,288.4603,291.6603,290.5603,288.8603,283.8603,282.2603,279.3603,282.2603,279.5603
284.7603,286.3603,287.3603,288.4603,285.8603,288.4603,287.2603,283.3603,283.7603,284.9603,279.8603,282.3603,283.7603,282.8603,283.4603,282.3603,285.2603,283.8603,283.2603,286.3603,285.3603,285.0603,286.4603,286.6603,283.9603,282.8603,283.3603,284.4603,285.7603,286.7603,285.4603,286.5603,286.8603,285.2603,288.7603,290.7603,289.0603,291.7603,289.4603,287.3603,285.6603
281.8603,280.6603,282.8603,286.6603,286.6603,286.0603,285.8603,285.3603,280.9603,281.5603,279.9603,281.5603,282.4603,280.5603,281.4603,283.0603,281.6603,281.3603,280.8603,280.5603,280.8603,283.6603,283.8603,284.1603,285.5603,285.0603,285.0603,283.1603,282.3603,282.1603,283.7603,283.6603,283.4603,283.7603,284.7603,288.1603,288.1603,288.4603,288.7603,287.0603,286.1603
283.7603,284.5603,286.6603,282.5603,281.8603,282.4603,280.5603,281.1603,282.1603,279.7603,278.6603,276.7603,278.2603,281.6603,282.2603,282.2603,283.3603,279.6603,279.6603,279.0603,280.0603,279.5603,281.5603,284.4603,283.6603,283.6603,284.0603,282.9603,282.9603,281.4603,280.9603,281.6603,281.7603,281.5603,282.4603,285.3603,287.7603,285.7603,289.7603,286.9603,286.6603
281.8603,282.7603,289.5603,281.4603,281.5603,282.0603,282.1603,279.0603,281.4603,278.2603,279.4603,280.0603,279.0603,279.5603,280.7603,282.3603,282.3603,279.9603,281.9603,281.0603,281.4603,278.3603,278.5603,280.4603,278.9603,283.0603,279.8603,280.5603,281.5603,282.6603,280.4603,281.4603,279.6603,279.3603,280.3603,282.3603,284.9603,283.9603,287.3603,290.7603,287.6603
