wind_kz.json
{"header": {"discipline":0,"disciplineName":"Meteorological products","gribEdition":2,"gribLength":1025,"center":7,"centerName":"US National Weather Service - NCEP(WMC)","subcenter":0,"refTime":"2023-09-10T06:00:00.000Z","significanceOfRT":1,"significanceOfRTName":"Start of forecast","productStatus":0,"productStatusName":"Operational products","productType":1,"productTypeName":"Forecast products","productDefinitionTemplate":0,"productDefinitionTemplateName":"Analysis/forecast at horizontal level/layer at a point in time","parameterCategory":2,"parameterCategoryName":"UnknownDiscipline_0_Category_2","parameterNumber":3,"parameterNumberName":"UnknownParameter_D0_C2_3","parameterUnit":"Unknown","genProcessType":2,"genProcessTypeName":"Forecast","forecastTime":240,"surface1Type":103,"surface1TypeName":"Specified height level above ground","surface1Value":10.0,"surface2Type":255,"surface2TypeName":"Missing","surface2Value":0.0,"gridDefinitionTemplate":0,"gridDefinitionTemplateName":"Latitude_Longitude","numberPoints":615,"shape":6,"shapeName":"Earth spherical with radius of 6,371,229.0 m","gridUnits":"degrees","resolution":48,"winds":"true","scanMode":64,"nx":41,"ny":15,"basicAngle":0,"lo1":47.0,"la1":41.0,"lo2":87.0,"la2":55.0,"dx":1.0,"dy":1.0}, "data":
[rows 0 to 14 of 15, columns 0 to 40 of 41]
-2.4807153,1.8592846,-0.41071534,-4.3007154,2.2192848,2.0492847,2.9392846,2.8592846,1.9792846,2.9592848,2.4992847,1.6692847,0.07928467,-1.1707153,-2.3907154,-3.6007154,-2.4607153,-2.7907152,-4.6107154,-3.3307154,-2.3407154,-2.5007153,1.4392847,1.0592847,2.0892847,0.72928464,0.91928464,0.9392847,-2.0907154,-3.4807153,-1.9907154,1.2592846,-0.37071532,1.6892847,0.83928466,1.8092847,1.0592847,4.0292845,0.9492847,-2.6707153,-6.310715
4.0292845,-2.4307153,-3.2107153,5.1592846,2.2392848,2.3392847,1.2992847,2.6292846,2.8992846,3.1592846,2.3992846,0.9492847,-0.060715333,-0.45071533,-2.1107154,-1.8207153,-0.7407153,-2.3507154,-3.9407153,-4.7507153,-4.9407153,-3.5607154,0.53928465,0.43928468,2.6092846,3.0192847,3.3592846,0.64928466,-0.30071533,0.8092847,-1.5907153,-1.5507153,0.84928465,-3.2207153,2.0092847,2.8192847,1.9792846,0.7392847,2.5092847,2.6792846,2.0992846
-0.66071534,-2.8207154,2.7292848,3.9792848,2.8892846,1.2892847,-0.5107153,1.2092847,3.3592846,2.5092847,0.7992847,0.51928467,-0.44071534,0.05928467,-0.46071532,-1.7107153,-2.7107153,-3.6407154,-4.4507155,-3.6207154,-2.9607153,-3.8707154,-1.3707154,-1.2807153,-1.4507153,-2.1007154,-1.2007153,-2.2807152,-0.5707153,-3.3807154,-3.1807153,-0.92071533,-2.9907153,-1.2007153,1.8692846,-2.9007154,-4.0907154,-1.6907153,-3.8407154,0.91928464,2.6492846
1.7092847,2.4892848,3.4492846,1.7292846,2.0392847,3.9992847,3.0992846,2.3292847,2.6292846,1.9092847,1.1692847,-0.48071533,-1.3407153,-1.4507153,0.65928465,-0.07071533,-2.1207154,-3.8707154,-4.7307153,-5.4907155,1.1492847,-2.4907153,1.0892847,-1.2807153,-2.2107153,-2.4307153,-2.7707152,-2.4707153,-2.5007153,-4.7007155,-4.5907154,-4.370715,2.2592847,-1.0007154,2.6192846,0.31928468,3.5392847,3.1692846,-3.0007153,-3.1507154,-4.640715
-0.6107153,-0.19071533,1.7892847,2.6992846,0.58928466,1.8592846,1.0992846,1.3192847,0.20928466,0.6992847,0.26928467,-0.28071535,-1.8907154,-1.8907154,-0.41071534,0.97928464,-1.3407153,-3.1507154,-3.4807153,-2.2707152,0.78928465,1.9692847,0.6292847,0.21928467,0.09928467,-0.34071532,-2.2307153,-1.5907153,-2.4107153,-4.3607154,-5.4907155,-5.910715,-2.8907154,-0.8207153,0.47928467,5.0992846,0.5492847,-0.31071532,-3.9107153,-6.3407154,-6.5107155
-1.6407154,0.35928467,1.3492846,2.0092847,1.6892847,0.8092847,3.0192847,3.6292846,1.2092847,0.59928465,0.21928467,-0.21071534,-1.4807153,-3.0407152,0.41928467,0.84928465,-1.0307153,-2.5207152,-2.2607152,-0.58071536,2.1592846,2.4692848,2.1192846,1.2292846,1.4792846,1.0392847,-0.10071533,-2.5407152,-2.4107153,-2.8907154,-3.8307154,-4.2607155,-3.8207154,-3.5207152,-1.5707153,-1.6307154,-2.4007154,-5.5507154,-3.1807153,1.6092846,-4.1507154
-1.7507154,0.96928465,2.0392847,1.5692847,1.9592847,2.0492847,3.9992847,2.9092846,1.2292846,1.3292847,1.3392847,-0.6207153,-1.5007154,-2.6507154,-2.2507153,-0.34071532,-0.20071533,-1.4107153,-1.0807153,0.95928466,2.5892847,3.1992846,3.2192848,2.9392846,3.0192847,2.0892847,0.72928464,-0.30071533,-0.9307153,-1.6707153,-2.0907154,-3.2207153,-4.8007154,-6.1907153,0.57928467,1.3192847,3.2192848,0.48928466,-2.4207153,2.6492846,-7.5007153
0.07928467,0.42928466,0.38928467,1.4292847,0.20928466,1.6792847,2.7992847,2.8892846,2.6592846,1.4692847,0.7492847,0.26928467,-1.0307153,-1.1907153,-2.4007154,-1.5107154,0.91928464,-0.05071533,-0.15071534,2.1992846,2.0492847,2.3992846,2.5892847,3.0892847,2.7392848,3.3792846,3.2192848,2.0092847,0.35928467,-1.3307153,-1.7807153,-2.9007154,-3.0407152,-4.770715,-3.6107154,-3.0207152,-1.5607153,-0.66071534,0.42928466,-0.27071533,-1.3607154
-3.1007154,-0.8807153,1.3192847,5.0192847,3.5592847,1.9292847,3.3092847,1.7192847,2.9192846,3.4492846,2.2592847,0.78928465,0.16928467,-0.47071534,-1.1007153,-1.8207153,0.96928465,1.1292846,1.2692847,1.4892846,3.5792847,2.6192846,2.6492846,2.6192846,2.8892846,3.0192847,2.8692846,2.2292848,1.4592847,0.49928465,-0.96071535,-3.0707154,-3.3807154,-3.2807152,-2.5307152,-4.660715,-2.2407153,-4.0107155,-2.8407154,-1.9707153,0.44928467
4.3292847,1.0092846,1.0792847,0.17928466,0.66928464,1.0992846,2.5492847,3.0192847,2.6292846,2.6592846,2.9392846,1.4592847,1.9492847,1.5392847,0.70928466,-0.11071533,0.40928468,1.5792847,1.7992847,2.1192846,2.6092846,2.8692846,2.5492847,2.5792847,2.6292846,2.3592846,1.9992846,2.1392846,2.2692847,1.5192847,0.019284667,-1.2907153,-0.96071535,-1.6107154,-2.1707153,-2.7207153,-0.5507153,1.6292846,-1.7807153,-2.8707154,-2.5207152
-0.79071534,-1.1907153,-0.5007153,0.95928466,0.59928465,-0.42071533,-0.31071532,-0.010715332,-0.24071532,3.0392847,2.4492846,1.7092847,3.2392848,3.4592848,2.8192847,2.3692846,2.2592847,2.1692846,2.4492846,2.7292848,3.0192847,3.2592847,3.2392848,3.0492847,2.9292846,2.8892846,2.5092847,2.4192846,2.0292847,1.1992847,0.6192847,-0.17071533,0.42928466,-0.22071533,-1.6607153,-0.78071535,-1.4307153,-1.3707154,-0.54071534,-0.85071534,-1.5607153
-1.9907154,-3.1307154,-2.2707152,-1.9107153,0.5592847,1.0192847,0.31928468,0.82928467,0.41928467,0.9492847,0.8792847,0.28928468,1.7692847,3.4692848,2.6692846,3.6692846,4.0992846,4.2792845,3.9292846,3.7992847,3.7292848,3.7092848,3.2292848,2.9992847,2.7892847,2.6292846,2.4792848,2.1392846,2.1392846,1.8592846,1.6592847,0.8792847,0.8692847,0.37928468,-0.14071533,0.23928466,1.3692846,0.95928466,0.51928467,-0.060715333,0.07928467
-0.49071532,-1.2207153,-2.6107154,-1.8407153,-2.1007154,-1.1507154,-0.020715332,0.37928468,0.9392847,1.0892847,0.37928468,-0.14071533,1.3792846,1.5192847,1.4592847,1.6692847,3.1692846,3.5592847,5.1992846,4.589285,4.8292847,4.4692845,3.7792847,3.5892847,3.1892846,3.0292847,2.7192848,3.3092847,3.3892846,2.9392846,2.3092847,1.7892847,1.0292847,0.23928466,0.06928467,0.77928466,-0.16071533,0.5692847,0.49928465,1.1992847,2.1492846
-0.9507153,-0.97071534,-2.3807154,-2.3807154,-2.2307153,-2.3207154,-1.7207153,-1.4007154,-1.4507153,0.03928467,0.18928467,0.05928467,0.23928466,-0.5607153,-0.66071534,-0.13071533,0.22928467,0.8792847,2.6792846,3.2592847,3.2992847,3.8892846,3.3692846,3.1792846,3.2692847,3.3692846,3.5392847,3.7992847,4.0592847,3.9692848,3.4592848,2.9192846,2.1992846,1.1992847,0.8192847,0.6892847,0.26928467,0.03928467,-0.090715334,0.6292847,0.7592847
-0.8807153,-2.0207152,-2.0907154,-2.1807153,-2.1707153,-1.6607153,-2.2707152,-2.6307154,-2.8207154,-1.7307153,-0.23071533,-0.85071534,-0.5707153,-0.37071532,-1.1507154,-1.3607154,-1.3107153,-0.9307153,-7.1533205E-4,0.17928466,1.2492846,1.5692847,1.9692847,3.0892847,3.3992846,3.7892847,4.2492847,4.4892845,4.5992846,4.6792846,4.729285,4.399285,2.8892846,2.7392848,1.9792846,1.0892847,1.5192847,0.5492847,0.21928467,0.9292847,0.6892847
