wind_kz.json
{"header": {"discipline":0,"disciplineName":"Meteorological products","gribEdition":2,"gribLength":1025,"center":7,"centerName":"US National Weather Service - NCEP(WMC)","subcenter":0,"refTime":"2023-09-11T00:00:00.000Z","significanceOfRT":1,"significanceOfRTName":"Start of forecast","productStatus":0,"productStatusName":"Operational products","productType":1,"productTypeName":"Forecast products","productDefinitionTemplate":0,"productDefinitionTemplateName":"Analysis/forecast at horizontal level/layer at a point in time","parameterCategory":2,"parameterCategoryName":"UnknownDiscipline_0_Category_2","parameterNumber":2,"parameterNumberName":"UnknownParameter_D0_C2_2","parameterUnit":"Unknown","genProcessType":2,"genProcessTypeName":"Forecast","forecastTime":120,"surface1Type":103,"surface1TypeName":"Specified height level above ground","surface1Value":10.0,"surface2Type":255,"surface2TypeName":"Missing","surface2Value":0.0,"gridDefinitionTemplate":0,"gridDefinitionTemplateName":"Latitude_Longitude","numberPoints":615,"shape":6,"shapeName":"Earth spherical with radius of 6,371,229.0 m","gridUnits":"degrees","resolution":48,"winds":"true","scanMode":64,"nx":41,"ny":15,"basicAngle":0,"lo1":47.0,"la1":41.0,"lo2":87.0,"la2":55.0,"dx":1.0,"dy":1.0}, "data":
[rows 0 to 14 of 15, columns 0 to 40 of 41]
-3.246433,-0.4764331,1.8635669,-1.3064331,-3.6264331,-4.126433,-3.526433,-3.766433,-3.3364332,-1.7264332,-1.7564331,-2.396433,-2.726433,-2.6264331,-0.9164331,-0.9164331,-0.3864331,1.3835669,-1.6664331,-0.036433104,1.2535669,0.5235669,-0.036433104,-0.9564331,-0.4664331,-1.6164331,-2.3864331,0.2835669,1.5535669,0.8135669,0.6435669,1.9635669,-0.26643312,0.4335669,-4.196433,-4.106433,-5.2464333,-4.9364333,-5.526433,-3.486433,-3.466433
1.8435669,1.3835669,-2.516433,-3.006433,-2.6364331,-0.5564331,0.033566896,-1.6964331,-1.3564332,-2.986433,-2.976433,-3.906433,-3.006433,-1.3664331,-0.3264331,-0.24643311,1.793567,-1.4464331,-0.9864331,-0.3264331,-1.4764332,-0.4364331,0.29356688,-1.5564331,0.3935669,1.1735669,-0.1564331,1.7035669,-0.2064331,-0.1264331,0.2835669,0.123566896,0.4235669,-1.0264331,1.4535669,0.5635669,-0.026433105,-1.1264331,-0.6064331,0.19356689,-2.946433
0.5635669,-1.586433,-1.7664331,-1.1764331,-1.5364331,-0.086433105,-0.5564331,2.4135668,-0.21643311,-2.1064332,-2.726433,-2.896433,-1.216433,-0.8364331,-0.6464331,-1.4364331,-2.646433,-1.3164331,-0.8664331,-1.6164331,-0.5464331,-4.1864333,-3.646433,-3.5964332,-0.4164331,-2.646433,0.5535669,2.4235668,-0.10643311,-0.5064331,0.1535669,0.6035669,-0.4664331,-0.026433105,0.6035669,0.5535669,-0.9664331,0.68356687,1.2635669,4.3135667,3.263567
-1.5264331,0.2435669,3.1835668,4.243567,2.243567,1.1735669,1.6335669,2.493567,1.8035669,-1.8664331,-2.0964332,-2.476433,-2.5664332,-4.986433,-3.256433,-2.3364332,-2.1064332,-2.456433,-1.6564331,-2.6164331,-1.9164331,-2.446433,-2.0564332,-4.046433,-3.746433,-3.3264332,-2.206433,-6.1664333,-2.956433,-0.3364331,-1.1164331,-1.5264331,-2.146433,-1.1264331,-1.836433,-1.7564331,-1.6564331,2.273567,-0.7264331,-0.3264331,-0.2364331
-0.9664331,-0.16643311,2.2035668,3.2135668,3.4635668,2.333567,3.083567,2.593567,0.9835669,0.32356688,-2.1064332,-3.276433,-4.286433,-4.466433,-4.146433,-2.746433,-2.196433,-1.3164331,-2.3564332,-3.2864332,-3.8564332,-4.066433,-4.406433,-4.136433,-4.046433,-3.766433,-4.136433,-3.5564332,-3.3064332,-2.396433,-2.996433,-2.226433,-1.4364331,1.8635669,-0.7964331,-0.4064331,-0.81643313,0.1335669,0.5535669,3.093567,1.663567
-0.9564331,1.2235669,4.243567,4.033567,4.553567,3.6735668,3.263567,3.1635668,0.6335669,-0.6164331,-0.7164331,-2.0964332,-2.3064332,-2.746433,-2.896433,-1.706433,-1.0064331,-1.456433,-3.5564332,-2.996433,-3.676433,-3.446433,-3.986433,-3.986433,-3.896433,-3.656433,-1.4264331,-2.0464332,-2.2964332,-2.756433,-2.7964332,-2.916433,-2.8764331,-2.1364331,-0.42643312,-0.8864331,0.8635669,1.413567,0.4735669,-2.176433,-3.776433
1.5135669,2.4435668,4.103567,3.3835669,2.6235669,2.6735668,2.003567,-1.4464331,-3.146433,-5.146433,-0.87643313,4.053567,0.3135669,0.7935669,-0.16643311,-1.0964332,-0.5764331,-2.006433,-3.3164332,-4.106433,-3.416433,-2.766433,-2.8264332,-2.5664332,-3.236433,-2.236433,-1.2964331,-4.656433,-5.2264333,-4.636433,-4.286433,-3.956433,-1.9064331,-1.2464331,-0.9764331,-1.8264331,-0.9564331,1.6535668,0.6935669,1.033567,2.4535668
2.1535668,2.4035668,3.803567,3.483567,3.2135668,2.073567,1.163567,-1.956433,-5.116433,-3.0964332,3.473567,3.3935668,1.3335669,0.4435669,0.14356689,0.4735669,-1.6264331,-2.446433,-2.1364331,-3.5764332,-3.016433,-3.1364331,-2.3564332,-3.1264331,-2.486433,-1.3564332,-1.5164331,-3.1364331,-3.8264332,-2.506433,-2.396433,-0.7964331,-1.4464331,0.10356689,-0.62643313,2.1435668,2.4335668,4.963567,3.583567,2.293567,-0.086433105
1.1335669,2.283567,1.2435669,-0.7164331,-0.7464331,-2.506433,-1.6864331,-3.3664331,-3.3164332,-4.116433,-1.9964331,-1.5764331,-0.8964331,-1.0264331,-0.5164331,-0.2264331,-1.4364331,-2.926433,-2.746433,-1.8264331,-3.246433,-2.3364332,-2.0864332,-3.026433,-2.5864332,-2.506433,-1.9464331,-2.716433,-1.216433,-0.5364331,-0.8364331,0.1535669,1.4335669,-0.11643311,0.5935669,0.4935669,0.19356689,-2.186433,-1.0964332,0.8035669,-0.2364331
0.5735669,0.3735669,-1.2764331,-1.8564332,-2.7964332,-2.486433,-2.716433,-3.766433,-3.3164332,-0.62643313,2.1735668,-2.8464332,1.663567,-0.9164331,-0.1264331,-0.1264331,-1.336433,-1.5764331,0.8435669,-2.8064332,-1.3564332,-1.0964332,-2.206433,-2.896433,-3.206433,-3.026433,-1.9964331,-1.086433,-0.8564331,-0.11643311,0.5135669,1.1935669,0.8035669,-1.336433,-0.24643311,-0.8664331,-1.0264331,-0.4964331,-1.3164331,0.4035669,0.5935669
0.053566895,-0.45643312,-1.4064331,-2.6264331,-3.696433,-2.676433,-3.926433,-3.0764332,-1.1364331,-1.1864331,-1.1564331,1.8235669,0.5235669,-0.5864331,-0.13643311,-0.056433104,-0.2364331,0.10356689,-1.5464331,0.6735669,0.5035669,-1.5264331,-1.1464331,-1.4064331,-0.9464331,-2.006433,-1.1364331,-0.2064331,0.5535669,0.16356689,0.10356689,0.5735669,0.4335669,0.9435669,1.7335669,-0.19643311,-0.9764331,-0.62643313,0.0835669,0.2335669,0.6935669
-0.42643312,-0.8664331,-0.6164331,-1.966433,-2.746433,-2.226433,-1.1164331,-1.4464331,-0.3864331,0.4935669,0.8335669,-0.026433105,-0.7964331,1.3135669,2.043567,2.083567,1.8135669,0.16356689,0.2035669,-0.8664331,-1.6564331,-1.4864331,-1.5064331,-1.9864331,-0.8464331,-0.8064331,-0.7564331,0.9035669,0.9235669,0.4135669,0.053566895,0.9935669,0.4735669,0.7035669,0.2735669,0.7235669,1.4635669,1.1135669,0.0035668944,0.35356688,-0.056433104
0.4235669,0.7835669,0.6335669,-0.5264331,-1.1364331,-1.5364331,-1.3764331,-1.8164331,-1.5164331,-0.4164331,-0.7564331,0.4435669,0.6635669,2.013567,2.523567,2.083567,0.48356688,-0.6664331,-0.9864331,-0.8364331,-1.2764331,-0.8964331,-0.8964331,-0.56643313,1.1935669,1.7235669,0.9935669,1.4035668,1.7235669,1.7335669,0.033566896,0.1535669,0.06356689,-0.4664331,0.07356689,0.4435669,0.4635669,0.32356688,2.073567,0.8435669,0.5635669
0.6635669,0.023566894,0.5435669,-0.4464331,0.1835669,-1.1564331,-1.6464331,-2.0964332,0.3435669,0.3335669,-0.7464331,0.023566894,0.3835669,0.3835669,-0.1564331,-0.8564331,-0.9764331,-1.6764331,-2.146433,-0.87643313,-0.8864331,-0.056433104,0.14356689,1.2535669,1.4235669,0.5135669,1.0635669,0.5735669,1.3935668,1.2735668,1.8035669,0.3735669,0.16356689,0.2335669,0.5335669,0.3935669,0.06356689,-0.2064331,-0.3464331,0.7835669,0.3335669
-1.2964331,0.32356688,-0.56643313,0.4235669,-1.3164331,-2.3764331,1.7335669,1.6135669,1.2735668,0.8535669,-0.1564331,0.2335669,0.3035669,0.4335669,-0.0064331056,-1.7364331,-2.476433,-2.0764332,-1.3964331,-1.0364331,-0.4064331,0.5235669,0.4235669,1.1235669,1.4935669,1.533567,1.783567,1.7435669,0.9535669,-0.2964331,-0.4964331,-0.7764331,-0.4064331,0.033566896,0.123566896,0.2035669,-0.26643312,0.3335669,0.9135669,-1.6964331,-0.3764331
