wind.json
{"header": {"discipline":0,"disciplineName":"Meteorological products","gribEdition":2,"gribLength":1125,"center":7,"centerName":"US National Weather Service - NCEP(WMC)","subcenter":0,"refTime":"2023-06-30T18:00:00.000Z","significanceOfRT":1,"significanceOfRTName":"Start of forecast","productStatus":0,"productStatusName":"Operational products","productType":1,"productTypeName":"Forecast products","productDefinitionTemplate":0,"productDefinitionTemplateName":"Analysis/forecast at horizontal level/layer at a point in time","parameterCategory":2,"parameterCategoryName":"UnknownDiscipline_0_Category_2","parameterNumber":3,"parameterNumberName":"UnknownParameter_D0_C2_3","parameterUnit":"Unknown","genProcessType":2,"genProcessTypeName":"Forecast","forecastTime":240,"surface1Type":103,"surface1TypeName":"Specified height level above ground","surface1Value":10.0,"surface2Type":255,"surface2TypeName":"Missing","surface2Value":0.0,"gridDefinitionTemplate":0,"gridDefinitionTemplateName":"Latitude_Longitude","numberPoints":688,"shape":6,"shapeName":"Earth spherical with radius of 6,371,229.0 m","gridUnits":"degrees","resolution":48,"winds":"true","scanMode":64,"nx":43,"ny":16,"basicAngle":0,"lo1":45.0,"la1":40.0,"lo2":87.0,"la2":55.0,"dx":1.0,"dy":1.0}, "data":
[rows 0 to 15 of 16, columns 0 to 42 of 43]
-4.391745,3.258255,2.258255,2.918255,0.198255,-1.741745,-4.661745,-7.121745,-3.351745,-0.631745,-0.651745,-2.891745,-3.091745,-3.3617449,-3.721745,-3.591745,-3.161745,-3.571745,-4.301745,-4.171745,-4.451745,-4.721745,-1.181745,3.148255,7.688255,3.458255,3.318255,3.6382551,1.008255,-1.641745,-3.201745,-3.931745,-2.831745,-1.501745,-1.031745,-2.961745,-4.951745,-4.421745,2.948255,2.528255,1.068255,0.428255,0.468255
2.168255,0.708255,1.528255,-4.041745,3.468255,2.148255,-3.371745,-5.511745,-4.501745,1.998255,-0.701745,-1.461745,-3.461745,-2.011745,-5.651745,-3.341745,-4.361745,-2.901745,-4.281745,-3.471745,-4.651745,-3.671745,-4.841745,-2.721745,3.448255,-1.321745,-1.3017449,-2.181745,-1.351745,2.158255,2.348255,3.288255,-1.981745,-4.231745,0.548255,-0.021744994,-2.871745,-4.081745,-3.431745,1.308255,2.688255,2.348255,2.358255
-0.20174499,-4.401745,4.808255,1.438255,0.198255,2.128255,-1.861745,-5.491745,-2.781745,1.828255,0.638255,-1.741745,-4.401745,-5.711745,-6.281745,-6.321745,-4.721745,-4.751745,-2.811745,-3.451745,-5.451745,-4.601745,-4.621745,-3.971745,0.27825502,2.328255,0.388255,-0.891745,-1.971745,0.378255,-1.091745,-0.811745,1.758255,2.548255,0.048255004,-2.661745,-4.581745,-3.951745,-1.641745,-4.061745,-1.641745,-2.391745,2.928255
1.898255,2.058255,-0.531745,3.1382551,2.048255,2.968255,-0.961745,-3.881745,0.398255,1.748255,0.15825501,-0.811745,-2.401745,-3.1117449,-4.571745,-4.681745,-5.501745,-3.821745,-2.901745,-3.021745,0.66825503,0.028255004,1.168255,-3.031745,-5.101745,-1.631745,0.478255,-0.021744994,2.378255,-0.651745,-0.931745,2.928255,2.048255,0.118255004,1.898255,-1.241745,-0.741745,3.518255,0.23825501,-0.0017449951,-0.051744994,-0.661745,-0.031744994
-6.061745,0.528255,2.078255,3.748255,2.418255,-0.731745,-3.151745,0.328255,1.148255,1.368255,2.688255,1.398255,-0.361745,-2.531745,-3.6117449,-7.301745,-5.671745,-2.901745,-3.371745,-3.411745,-3.091745,0.168255,0.36825502,-2.521745,-0.391745,-0.871745,-2.501745,-3.401745,-3.791745,0.09825501,0.348255,-1.891745,-2.201745,0.30825502,-0.941745,-1.701745,-0.83174497,-2.201745,-0.77174497,0.348255,3.038255,3.848255,2.938255
-3.011745,0.27825502,2.448255,0.658255,0.298255,-3.481745,1.068255,2.718255,2.978255,2.248255,3.3882551,2.718255,2.018255,-0.271745,-3.661745,-5.951745,-5.081745,-3.761745,-3.661745,-2.211745,-3.451745,-1.681745,-0.041744996,-1.711745,-0.041744996,0.768255,-0.671745,-2.081745,-2.661745,-4.381745,-4.221745,-2.271745,-2.791745,0.578255,2.188255,2.598255,-1.061745,-1.071745,3.468255,0.258255,1.778255,2.408255,-1.241745
-2.321745,-0.83174497,4.248255,2.548255,0.608255,-1.031745,-2.411745,0.588255,1.308255,1.788255,3.688255,4.578255,3.3882551,1.818255,-0.791745,-3.241745,-4.031745,-2.991745,-3.461745,-4.001745,-3.8617449,-3.291745,-3.651745,-1.701745,-2.731745,-0.081745,3.988255,1.968255,-0.591745,-1.711745,-2.931745,-3.581745,-3.711745,-3.681745,-4.141745,1.178255,3.6382551,1.758255,1.868255,0.708255,-4.851745,3.228255,0.288255
-2.831745,-1.431745,3.818255,6.048255,3.728255,2.678255,1.858255,1.478255,1.898255,2.918255,1.108255,0.97825503,2.148255,2.608255,2.568255,-0.271745,-1.531745,-2.471745,-2.041745,-2.741745,-2.881745,-3.021745,-2.801745,-2.511745,-3.231745,-3.121745,-3.821745,-4.261745,-2.151745,-1.381745,-2.821745,-3.911745,-3.451745,-5.521745,-7.221745,-8.001745,-2.291745,-4.481745,-4.691745,-3.181745,-1.3017449,-0.671745,0.798255
-1.171745,-1.601745,10.538255,8.608255,7.528255,5.168255,4.068255,3.708255,4.068255,3.188255,3.428255,2.008255,1.808255,1.848255,1.078255,-0.501745,0.518255,1.178255,-1.731745,-2.891745,-2.031745,0.508255,-1.251745,-2.711745,-3.221745,-2.871745,-3.051745,-2.141745,-3.201745,-3.601745,-3.251745,-3.931745,-3.281745,-3.211745,-4.241745,-5.031745,-1.581745,-1.331745,-3.281745,-2.591745,0.858255,0.408255,-1.3017449
1.428255,0.818255,8.948255,6.248255,9.888255,7.488255,4.528255,2.688255,3.288255,3.778255,3.908255,3.288255,0.548255,2.588255,0.488255,0.948255,0.528255,-0.351745,-2.991745,0.538255,-0.701745,-1.481745,-0.881745,1.128255,2.268255,-0.031744994,-2.531745,0.058255006,0.138255,-1.0517449,-1.281745,-1.851745,-2.731745,-2.731745,-2.141745,-3.061745,-2.021745,-1.731745,-4.631745,-0.611745,-2.391745,-1.191745,-1.831745
3.338255,-2.721745,8.418255,10.018255,9.638255,6.068255,6.018255,3.688255,4.208255,3.768255,4.398255,4.478255,3.718255,2.118255,2.788255,1.828255,1.218255,-2.061745,0.958255,-0.261745,-1.591745,-0.901745,-1.461745,-2.821745,-0.571745,1.768255,1.208255,-0.021744994,-0.561745,0.178255,-0.351745,0.168255,-1.201745,-2.271745,-3.031745,-2.831745,-1.891745,-0.601745,-0.761745,-3.831745,-1.621745,0.27825502,0.558255
-0.271745,-3.511745,-0.44174498,5.888255,5.078255,6.158255,3.128255,4.648255,4.398255,3.428255,2.998255,3.518255,2.818255,3.188255,3.068255,4.048255,-3.501745,-2.561745,-2.251745,-3.251745,-4.121745,-1.691745,-1.621745,-1.041745,0.478255,-1.121745,-0.731745,0.518255,-0.031744994,1.838255,2.048255,0.268255,0.33825502,-2.661745,-3.071745,-2.641745,-2.921745,-1.121745,-0.83174497,1.238255,-0.081745,-0.571745,-0.461745
-2.751745,-1.831745,0.558255,-0.661745,-2.811745,-0.211745,3.528255,0.778255,0.088255,-0.181745,-2.481745,0.628255,0.91825503,-2.621745,0.598255,1.968255,0.558255,-1.601745,-4.531745,-3.501745,-5.171745,-3.301745,-3.6117449,-3.6117449,-2.401745,2.148255,2.808255,1.908255,0.488255,2.828255,1.208255,-0.841745,-0.651745,-1.071745,-2.231745,-1.721745,-0.451745,-1.911745,-0.301745,1.938255,2.448255,1.968255,1.148255
-4.721745,-1.611745,0.808255,2.068255,-3.991745,1.548255,5.328255,4.118255,1.968255,0.36825502,-0.0017449951,-1.131745,1.158255,1.418255,3.918255,2.778255,2.228255,0.358255,1.068255,-1.341745,-1.631745,-3.041745,-1.931745,-1.711745,-0.611745,-0.671745,-0.971745,2.818255,-3.8617449,2.278255,1.908255,-0.77174497,0.858255,-1.971745,-3.381745,-2.691745,-1.691745,1.418255,-0.891745,-0.801745,1.408255,0.348255,0.27825502
-6.061745,-4.041745,-4.071745,-0.901745,-2.021745,3.358255,-0.07174499,-2.471745,1.248255,2.968255,1.348255,1.548255,0.858255,0.23825501,0.438255,0.12825501,1.548255,-0.311745,0.008255005,-2.461745,-3.211745,-2.721745,-2.491745,-0.891745,-0.921745,0.91825503,1.528255,2.738255,4.398255,3.378255,-1.061745,1.408255,0.148255,-1.771745,-2.401745,-1.791745,-0.291745,-1.191745,-1.381745,-1.641745,-1.381745,-0.911745,-1.481745
-7.601745,-5.231745,-3.741745,-5.531745,-5.161745,-2.181745,-2.061745,1.488255,0.23825501,0.678255,0.798255,-0.11174499,-0.401745,-0.361745,1.268255,0.788255,2.758255,0.768255,-0.44174498,0.36825502,0.678255,-1.391745,1.438255,0.488255,0.518255,0.438255,0.30825502,2.3882551,3.308255,3.028255,2.018255,0.608255,-1.271745,0.028255004,-0.911745,-0.861745,-0.541745,0.348255,-0.271745,0.288255,-0.491745,-2.331745,-1.061745
