wind_kz.json
{"header": {"discipline":0,"disciplineName":"Meteorological products","gribEdition":2,"gribLength":1025,"center":7,"centerName":"US National Weather Service - NCEP(WMC)","subcenter":0,"refTime":"2023-08-25T18:00:00.000Z","significanceOfRT":1,"significanceOfRTName":"Start of forecast","productStatus":0,"productStatusName":"Operational products","productType":1,"productTypeName":"Forecast products","productDefinitionTemplate":0,"productDefinitionTemplateName":"Analysis/forecast at horizontal level/layer at a point in time","parameterCategory":2,"parameterCategoryName":"UnknownDiscipline_0_Category_2","parameterNumber":3,"parameterNumberName":"UnknownParameter_D0_C2_3","parameterUnit":"Unknown","genProcessType":2,"genProcessTypeName":"Forecast","forecastTime":240,"surface1Type":103,"surface1TypeName":"Specified height level above ground","surface1Value":10.0,"surface2Type":255,"surface2TypeName":"Missing","surface2Value":0.0,"gridDefinitionTemplate":0,"gridDefinitionTemplateName":"Latitude_Longitude","numberPoints":615,"shape":6,"shapeName":"Earth spherical with radius of 6,371,229.0 m","gridUnits":"degrees","resolution":48,"winds":"true","scanMode":64,"nx":41,"ny":15,"basicAngle":0,"lo1":47.0,"la1":41.0,"lo2":87.0,"la2":55.0,"dx":1.0,"dy":1.0}, "data":
[rows 0 to 14 of 15, columns 0 to 40 of 41]
0.4075244,-2.6024756,2.9875245,-0.7724756,-3.8924756,-3.0324755,-0.38247558,-1.1324756,-1.1524756,-1.0924755,-1.1724756,-1.4024756,-0.87247556,-1.8424755,-2.6124756,-3.2824755,-4.1024756,-5.3324757,-6.9524755,-3.7824755,-4.2824755,-4.712476,-2.3224757,-0.6424756,-1.9924756,0.80752444,0.23752442,1.5475245,0.3375244,3.2275245,1.4575244,-0.8524756,1.3075244,-1.2724756,-2.2524755,-0.6524756,-1.4624755,-2.1224756,-1.8824756,-0.002475586,-6.1624756
3.7575245,1.2675244,3.1475244,-0.62247556,-3.5224755,0.5275244,-0.052475587,0.22752441,0.14752442,-1.4224756,-1.5424756,-2.0524757,-2.9024756,-2.3524756,-2.9524755,-3.2924757,-3.4424756,-4.5324755,-6.3124757,-5.962476,-4.3424754,-5.8024755,-1.6724756,1.4375244,1.2075244,0.8275244,-2.0424757,0.2575244,-0.7024756,0.35752442,1.1375244,3.6975243,1.0275245,0.047524415,-3.5824757,-0.6424756,-1.7824756,-4.442476,-1.2924756,-1.6224756,3.3075244
2.1675243,4.7075243,2.6175244,0.8275244,-2.2224755,0.9275244,0.9275244,1.2975245,0.23752442,-0.48247558,-1.1324756,-0.9124756,-2.3424757,-3.2024755,-3.5424757,-1.9724755,-3.3424757,-3.1424756,-4.3924756,-4.942476,-5.4324756,-3.7624755,-6.212476,-2.2624755,-0.23247558,-0.24247558,1.9575244,1.9175245,0.5275244,2.2975245,3.1475244,0.7775244,1.8275244,-1.1924756,-0.6424756,3.1875243,3.7875245,0.45752442,0.14752442,-0.7224756,0.7075244
1.4275244,4.307524,1.5575244,-2.6924756,-3.6924756,1.7975245,0.6075244,3.4475243,3.3775244,3.7275245,3.0675244,2.5175245,2.9775245,0.5475244,-2.0624757,-2.3624756,-2.7524755,-0.22247559,-1.4324756,-4.1424756,-4.2624755,-3.3624756,-2.8624756,-4.3824754,-3.9024756,-2.8024757,-2.5524757,-4.7924757,-2.0524757,-1.8824756,-2.2124755,-2.7424755,-1.3524756,-0.6424756,-0.23247558,-3.1124756,-0.8924756,2.0875244,4.1375246,1.0875244,1.9575244
2.2775245,2.3375244,2.0875244,-1.2624756,-3.3424757,-1.4424756,-2.4424756,-2.5824757,1.9675244,1.7975245,3.9675245,4.577524,4.8675246,4.3475246,3.7275245,1.4775244,-1.5224756,-0.10247558,1.9575244,1.4975244,-0.10247558,-0.38247558,-2.7424755,-4.0224757,-4.5424757,-3.1224756,-0.8324756,-2.8324757,-3.7824755,-2.7524755,-2.6224756,-0.8324756,2.2075243,3.9475243,-1.3124756,-2.0624757,-0.2824756,-1.3924756,2.3075244,1.8275244,-1.9824756
2.5675244,2.7875245,3.1075244,1.3075244,0.21752441,-0.9024756,-1.6424756,-2.0524757,-1.9524755,-1.2324756,-0.26247558,0.4975244,5.0475245,5.077524,4.2175245,2.8475244,2.3875244,1.1475244,-0.10247558,0.62752444,3.2975245,2.9075243,3.2975245,0.7875244,-0.9524756,-3.1324756,-0.13247558,1.2575244,-0.75247556,-1.5324756,-1.9824756,-2.1824756,-2.5524757,-1.6924756,1.2575244,0.3775244,3.1075244,3.9075243,1.4075245,-0.75247556,0.20752442
4.6775246,3.8575244,3.7375245,2.4375243,2.2575245,1.6375244,1.0075244,0.9175244,-1.8224756,-3.3424757,-3.7424755,-3.6324756,-4.1624756,-3.6724756,-1.3824756,-1.2324756,1.0275245,0.5775244,1.3275244,1.7975245,1.8275244,2.9475243,2.7475245,2.8175244,3.1575243,2.7775245,1.0775244,2.1775243,0.2875244,1.1875244,0.027524414,-0.2724756,-2.3424757,-4.1024756,-2.7524755,-1.2524756,-2.7324755,0.44752443,2.3575244,0.26752442,2.9575243
2.3575244,1.6975244,5.3475246,1.8375244,2.5875244,1.3975244,-2.4424756,-2.1424756,-1.7124755,-2.6324756,-2.8324757,-2.9824755,-4.0324755,-4.5624757,-4.462476,-3.6724756,-3.7724755,-4.8924756,1.0175244,2.6775243,1.9775244,2.2575245,-0.5324756,-0.87247556,0.8375244,3.4775245,4.0675244,2.0175245,2.8775244,3.7175245,1.7575244,2.3775244,1.6875244,-1.7924756,-0.7824756,0.5875244,0.50752443,-1.5924755,1.3875244,-0.30247557,-1.9124756
-1.9924756,-1.9424756,-3.3524756,-0.4924756,-1.3924756,-1.0024756,-1.9024756,-1.9124756,-2.2924757,-2.2524755,-2.7524755,-2.3024757,-2.2124755,-3.2224755,-2.8024757,-3.9024756,-5.6524754,-4.462476,-3.6324756,-1.7124755,-0.3724756,0.16752441,-0.81247556,-0.24247558,2.0775244,2.3075244,2.9275243,2.3275244,4.0975246,2.7075243,2.6275244,3.1675243,4.2175245,2.7275245,2.6375244,1.3675244,-3.0724757,0.5775244,2.0875244,1.4275244,1.0275245
-3.1024756,-2.3824756,-2.9324756,-0.12247559,1.7275244,1.7475244,1.7475244,0.2875244,-2.0124755,-0.8824756,-1.6624756,-2.4424756,-2.6424756,-2.0924757,-2.0624757,-2.8524756,-2.2624755,-2.3224757,-1.5624756,-2.0224755,-2.2324755,-1.0324756,-0.3124756,-2.1724756,-2.4624755,0.48752442,4.787524,5.0275245,2.9475243,4.9875245,3.7875245,3.8275244,4.037524,3.2575245,1.9675244,1.6575245,0.7375244,-2.8924756,1.1875244,5.057524,3.2375245
-3.7124755,-3.9724755,-1.9924756,0.3775244,0.6475244,-0.092475586,1.7275244,0.93752444,-0.052475587,0.5475244,-0.16247559,-1.2424756,-2.4624755,-2.1124756,-1.0924755,1.1875244,-0.48247558,-2.7024755,-3.4724755,-1.3624756,-1.7824756,-3.0224755,-3.0324755,-2.9024756,-2.1924756,-0.5724756,3.6375244,5.1875243,6.5975246,4.2175245,5.5675244,4.5675244,3.3075244,2.0175245,2.6975243,1.4275244,1.3075244,2.8875244,1.7875245,0.9875244,0.3175244
-2.9224756,-3.5124755,-2.8324757,-1.5324756,-0.12247559,-0.12247559,-1.2124755,-0.7724756,-0.7224756,-0.7024756,-1.2424756,-1.6324756,-2.8924756,-1.9624755,-1.8624756,-0.32247558,-2.2224755,-2.7624755,-2.2624755,-3.1124756,-3.1824756,-2.3424757,-2.3024757,-2.4424756,-2.7424755,-3.6624756,-1.3524756,3.8575244,4.8675246,3.3175244,3.5675244,3.3875244,2.4175243,1.9875244,1.7775245,1.0975244,2.4975245,3.2375245,3.3775244,2.3775244,1.1175244
-2.7124755,-1.7924756,-2.6424756,-1.2624756,-0.29247558,-1.1524756,-1.8424755,-2.1724756,-2.6924756,-1.5424756,-0.042475585,-0.6724756,-1.6424756,-2.6924756,-1.1124756,-1.4324756,-0.99247557,-1.4124756,-1.9224756,-1.8724756,-2.2124755,-1.1124756,-0.7324756,-1.1324756,-2.2024755,-2.0024755,-3.3024757,-2.6524756,-2.8324757,1.4775244,0.23752442,2.6175244,4.327524,3.0875244,3.0575244,2.7975245,0.9275244,1.7475244,3.3475244,1.6075244,1.0575244
-2.5424757,-2.1124756,-1.8824756,-1.7524756,-1.4324756,-1.0924755,-3.1724756,-3.3124757,-3.1024756,-2.7624755,-0.3424756,0.17752442,-0.4324756,1.7275244,-0.012475586,-1.8724756,-2.1024756,-2.6224756,-2.6924756,-1.4324756,-1.0724756,-0.4124756,-0.12247559,0.16752441,-0.21247558,-0.39247558,-0.6324756,0.24752441,1.5475245,1.6675245,1.0875244,2.2775245,2.0975244,3.1975243,2.8475244,2.3175244,1.6775244,1.5275245,1.5175244,1.0875244,2.6475244
-1.1724756,-1.7724756,-2.4124756,-2.3124757,-0.69247556,-1.0624756,-1.4624755,-2.1724756,-2.5224755,-2.3324757,-1.4824756,-2.1024756,-0.8524756,-1.3224756,-2.0124755,-0.6524756,-1.5024756,-2.0424757,-0.9224756,-2.0724757,-2.6024756,-1.3324755,-1.9824756,-1.4324756,-0.56247556,0.22752441,-0.26247558,0.12752442,0.9575244,2.4775245,3.6475244,4.4375243,1.8375244,0.5975244,3.0275245,3.0075245,2.5975244,2.4175243,2.1875243,1.6175244,1.3375244
