wind_kz.json
{"header": {"discipline":0,"disciplineName":"Meteorological products","gribEdition":2,"gribLength":1025,"center":7,"centerName":"US National Weather Service - NCEP(WMC)","subcenter":0,"refTime":"2023-09-28T12:00:00.000Z","significanceOfRT":1,"significanceOfRTName":"Start of forecast","productStatus":0,"productStatusName":"Operational products","productType":1,"productTypeName":"Forecast products","productDefinitionTemplate":0,"productDefinitionTemplateName":"Analysis/forecast at horizontal level/layer at a point in time","parameterCategory":2,"parameterCategoryName":"UnknownDiscipline_0_Category_2","parameterNumber":2,"parameterNumberName":"UnknownParameter_D0_C2_2","parameterUnit":"Unknown","genProcessType":2,"genProcessTypeName":"Forecast","forecastTime":180,"surface1Type":103,"surface1TypeName":"Specified height level above ground","surface1Value":10.0,"surface2Type":255,"surface2TypeName":"Missing","surface2Value":0.0,"gridDefinitionTemplate":0,"gridDefinitionTemplateName":"Latitude_Longitude","numberPoints":615,"shape":6,"shapeName":"Earth spherical with radius of 6,371,229.0 m","gridUnits":"degrees","resolution":48,"winds":"true","scanMode":64,"nx":41,"ny":15,"basicAngle":0,"lo1":47.0,"la1":41.0,"lo2":87.0,"la2":55.0,"dx":1.0,"dy":1.0}, "data":
[rows 0 to 14 of 15, columns 0 to 40 of 41]
-0.853606,-0.733606,1.6863941,0.006394043,-0.53360593,-1.323606,-1.5336059,0.84639406,-2.7336059,-1.113606,0.826394,1.8263941,3.676394,4.166394,7.046394,8.726394,6.766394,5.576394,4.076394,6.736394,0.766394,-1.7936059,-2.933606,0.13639404,-0.613606,-0.743606,-0.9136059,-1.893606,-0.22360596,-0.58360595,-1.473606,1.246394,0.39639404,0.756394,0.77639407,0.45639405,-0.51360595,-0.38360596,-0.63360596,-0.33360595,-2.613606
2.476394,2.2663941,-4.773606,-4.723606,-2.853606,-1.853606,-0.28360596,-1.3136059,-2.2236059,0.706394,1.1963941,1.1963941,3.196394,2.4963942,2.476394,-0.993606,-0.43360597,3.7463942,1.0563941,0.71639407,2.586394,-4.313606,0.27639404,1.976394,-0.53360593,0.44639406,-0.49360597,-0.97360593,-2.673606,-2.693606,-0.0036059571,-0.613606,1.486394,-2.553606,0.08639404,-0.68360597,-0.87360597,-1.333606,-2.2236059,0.646394,-2.383606
-0.48360595,-5.883606,-6.753606,-5.383606,-2.673606,-2.2236059,-2.843606,-2.5036058,-1.273606,-0.48360595,0.97639406,0.90639406,2.596394,1.386394,1.866394,0.49639404,-3.123606,1.036394,3.916394,2.336394,0.91639405,-1.3136059,4.286394,5.166394,0.68639404,2.056394,2.7463942,3.2863941,-0.48360595,-0.84360594,-1.6836059,2.576394,-0.58360595,-1.0336059,0.81639403,-0.743606,-0.68360597,0.77639407,-1.3136059,1.046394,2.0163941
-3.313606,-4.683606,-4.003606,-3.173606,-3.303606,-2.7136059,-1.873606,-1.843606,-1.003606,-0.27360594,2.196394,2.366394,2.2763941,3.106394,3.386394,5.116394,3.346394,6.996394,4.776394,2.326394,5.076394,2.216394,-0.08360596,0.25639403,1.046394,-0.863606,-1.753606,-5.753606,-1.953606,-0.97360593,-0.47360596,-3.283606,-2.593606,-3.423606,-2.343606,-2.023606,-1.703606,1.9463941,1.046394,-0.71360594,-1.493606
-2.273606,-3.053606,-2.2136059,-2.143606,-1.5636059,-2.273606,-0.57360595,-0.90360594,-1.0336059,1.3463941,2.656394,3.5163941,3.386394,3.726394,3.666394,2.4963942,0.756394,-1.1836059,-1.753606,-2.703606,-1.953606,-1.703606,-3.113606,-8.193606,-6.413606,-4.823606,-6.023606,-3.373606,-3.903606,-4.283606,-4.543606,-2.573606,-1.983606,1.516394,0.38639405,-0.49360597,-1.773606,-3.643606,-3.193606,-3.703606,-3.893606
-1.143606,-1.223606,-0.49360597,-1.0336059,-0.89360595,-1.453606,-1.6736059,-0.993606,0.77639407,2.7663941,3.226394,2.416394,1.4363941,1.916394,0.92639405,0.93639404,-1.3036059,-3.073606,-3.093606,-2.053606,-4.143606,-3.4836059,-5.453606,-8.213606,-6.983606,-5.423606,-4.383606,-6.163606,-4.783606,-5.553606,-4.983606,-3.393606,-2.803606,-2.773606,-0.543606,-1.733606,0.49639404,-3.203606,-0.71360594,-3.0036058,-4.243606
0.53639406,1.016394,1.4463941,1.356394,-0.64360595,-2.403606,-2.2436059,-0.89360595,0.85639405,1.976394,-1.4336059,-0.87360597,-0.76360595,-0.26360595,1.0563941,0.28639403,-2.863606,-3.4936059,-4.383606,-4.733606,-3.673606,-4.3536057,-5.363606,-5.213606,-5.513606,-4.563606,-3.543606,-3.7336059,-3.543606,-4.673606,-4.413606,-3.843606,-1.753606,-1.4336059,-1.463606,-2.393606,-1.113606,1.476394,-2.433606,1.7063941,0.006394043
0.66639405,1.9463941,0.40639403,0.35639405,-1.253606,-1.463606,-1.4036059,-1.4036059,-1.243606,-0.68360597,-3.033606,-3.333606,-1.513606,-1.763606,-1.323606,-2.063606,-3.143606,-3.513606,-3.623606,-5.193606,-3.023606,-4.063606,-3.0036058,-4.393606,-3.173606,-1.9436059,-2.7436059,-3.013606,-3.393606,-2.623606,-4.563606,-1.873606,-4.573606,-1.073606,-2.643606,0.97639406,2.336394,-0.29360595,-2.073606,-2.803606,-2.043606
0.61639404,1.2163941,0.81639403,-1.263606,-0.95360595,-0.51360595,-0.84360594,-1.743606,-1.853606,-2.033606,-2.863606,-2.853606,-1.753606,-1.773606,-2.883606,-2.443606,-3.303606,-2.853606,-3.083606,-3.763606,-4.303606,-3.203606,-3.123606,-3.803606,-3.453606,-3.053606,-2.393606,-2.623606,-1.483606,-1.853606,-2.383606,-1.703606,-0.05360596,-0.83360595,0.13639404,0.77639407,-0.16360596,-1.9136059,-1.013606,-0.06360596,-1.243606
0.696394,0.61639404,0.20639405,0.61639404,0.35639405,0.33639404,-0.673606,-0.103605956,0.016394043,-0.31360596,-1.483606,-2.553606,-1.7836059,-1.743606,-1.6636059,-2.293606,-2.4636059,-2.2336059,-2.273606,-2.7236059,-3.683606,-3.2436059,-3.543606,-3.853606,-4.173606,-4.263606,-3.683606,-3.4636059,-3.043606,-2.813606,-1.3136059,-0.95360595,-0.29360595,-0.27360594,0.22639404,0.73639405,-0.543606,-0.17360596,-0.88360596,0.44639406,-1.0636059
1.406394,0.696394,0.22639404,0.29639405,-0.113605954,-0.14360596,0.80639404,1.526394,0.28639403,-0.023605958,1.0663941,1.0763941,1.266394,0.59639406,-0.043605957,-1.0336059,-1.623606,-1.073606,-1.503606,-1.7836059,-1.473606,-2.363606,-3.023606,-3.163606,-2.903606,-3.143606,-2.363606,-2.133606,-2.143606,-1.623606,-2.143606,-1.773606,-1.4436059,-0.863606,-0.103605956,-0.29360595,-0.863606,0.11639404,-0.13360596,0.19639404,-1.0436059
0.646394,0.68639404,1.136394,0.14639404,0.646394,0.39639404,0.18639404,-0.12360596,1.606394,-0.26360595,-0.073605955,1.7063941,1.2163941,1.236394,1.756394,1.926394,0.99639404,-0.76360595,-1.0336059,0.61639404,-0.78360593,-1.513606,-1.823606,-1.7936059,-1.383606,-0.993606,-0.53360593,-0.68360597,-0.18360595,-2.2236059,-1.5336059,-2.323606,-0.993606,-1.1836059,-0.49360597,-0.033605956,0.31639403,0.18639404,-0.21360596,0.28639403,-0.34360597
0.13639404,0.37639403,2.156394,1.496394,1.0563941,-0.20360595,0.26639405,1.0863941,1.786394,-0.32360595,0.29639405,0.96639407,1.266394,1.976394,1.786394,1.756394,1.3463941,1.3163941,-0.073605955,-0.37360597,-0.31360596,-0.58360595,0.09639404,-0.46360597,1.6963941,1.046394,0.98639405,0.36639404,-0.21360596,-1.223606,-0.863606,-1.133606,-0.673606,-1.013606,-0.69360596,-1.003606,-0.20360595,-0.33360595,-0.49360597,-0.41360596,0.066394046
0.93639404,0.65639406,-0.36360595,0.006394043,-0.14360596,0.046394043,0.72639406,0.90639406,1.356394,-0.12360596,-0.24360596,-0.43360597,1.3163941,1.7063941,2.5163941,2.2463942,2.086394,1.5663941,0.646394,0.67639405,-0.77360594,-0.37360597,-0.023605958,0.16639404,-0.12360596,-0.05360596,0.29639405,0.516394,-0.15360595,0.826394,-0.15360595,-0.41360596,-0.44360596,-1.233606,-0.76360595,-1.393606,-0.803606,-0.90360594,-1.1736059,-0.84360594,-0.48360595
-0.17360596,-0.013605957,2.676394,1.5563941,1.636394,0.696394,1.036394,1.536394,1.5563941,0.756394,-0.62360597,0.34639403,0.36639404,0.60639405,2.216394,1.8263941,1.8063941,1.666394,1.4463941,1.8463941,1.3163941,0.696394,0.35639405,0.49639404,1.126394,1.4363941,1.9363941,0.23639405,0.52639407,0.74639404,-0.043605957,-1.0536059,-0.82360595,-0.803606,-0.93360597,-1.363606,-1.123606,-1.333606,-1.003606,-1.1836059,-0.6636059
