wind_kz.json
{"header": {"discipline":0,"disciplineName":"Meteorological products","gribEdition":2,"gribLength":1025,"center":7,"centerName":"US National Weather Service - NCEP(WMC)","subcenter":0,"refTime":"2023-10-02T06:00:00.000Z","significanceOfRT":1,"significanceOfRTName":"Start of forecast","productStatus":0,"productStatusName":"Operational products","productType":1,"productTypeName":"Forecast products","productDefinitionTemplate":0,"productDefinitionTemplateName":"Analysis/forecast at horizontal level/layer at a point in time","parameterCategory":2,"parameterCategoryName":"UnknownDiscipline_0_Category_2","parameterNumber":3,"parameterNumberName":"UnknownParameter_D0_C2_3","parameterUnit":"Unknown","genProcessType":2,"genProcessTypeName":"Forecast","forecastTime":0,"surface1Type":103,"surface1TypeName":"Specified height level above ground","surface1Value":10.0,"surface2Type":255,"surface2TypeName":"Missing","surface2Value":0.0,"gridDefinitionTemplate":0,"gridDefinitionTemplateName":"Latitude_Longitude","numberPoints":615,"shape":6,"shapeName":"Earth spherical with radius of 6,371,229.0 m","gridUnits":"degrees","resolution":48,"winds":"true","scanMode":64,"nx":41,"ny":15,"basicAngle":0,"lo1":47.0,"la1":41.0,"lo2":87.0,"la2":55.0,"dx":1.0,"dy":1.0}, "data":
[rows 0 to 14 of 15, columns 0 to 40 of 41]
0.57617,1.76617,0.69617003,5.34617,3.3761702,3.71617,3.9161701,3.11617,2.08617,1.7161701,1.6961701,0.59617007,-0.003829956,-0.57382995,-1.44383,-2.68383,-1.84383,-1.51383,-1.23383,-1.26383,-1.12383,-1.4338299,0.38617003,1.4561701,2.54617,2.96617,1.49617,1.01617,-0.63382995,3.53617,1.9661701,2.73617,-0.22382995,-1.8038299,-0.5338299,-0.14382996,-0.17382996,0.36617005,-0.72383,1.14617,1.7161701
1.7261701,-1.5638299,4.26617,4.45617,4.7561703,6.41617,4.80617,3.9061701,3.28617,2.9061701,1.89617,-0.32382995,-1.0438299,-2.22383,-2.95383,-2.3638299,-1.6838299,-0.46382996,-0.79383,-2.32383,-1.3038299,-1.70383,-1.8038299,2.28617,3.94617,3.49617,2.96617,2.61617,0.21617004,2.75617,0.19617005,3.51617,1.85617,2.17617,1.7161701,3.00617,1.64617,3.07617,2.1661701,0.77617,0.31617004
1.39617,4.19617,2.44617,3.08617,3.8861701,5.12617,4.83617,4.26617,5.18617,3.54617,0.89617,-0.65382993,-2.42383,-2.89383,-3.38383,-2.56383,-1.85383,-4.61383,0.38617003,-1.32383,-1.0438299,-1.64383,0.35617006,0.77617,-2.32383,-2.75383,-2.03383,-2.56383,-0.61383,-2.04383,-0.81382996,-0.61383,-2.50383,1.51617,0.97617006,-1.73383,1.12617,2.69617,-0.80382997,0.87617004,0.38617003
2.6361701,1.37617,1.9761701,2.25617,3.47617,5.51617,5.43617,5.91617,5.5261703,4.70617,3.8861701,0.58617,-1.64383,-3.66383,-4.05383,-4.4938297,-3.81383,-4.01383,-2.95383,-1.87383,-2.17383,-1.39383,-2.49383,-2.03383,-2.16383,-0.10382996,-0.38382995,-0.7838299,-1.73383,1.14617,1.0861701,2.29617,1.13617,0.59617007,-0.003829956,1.87617,2.45617,2.20617,-3.38383,-1.61383,-1.32383
1.14617,1.29617,1.5661701,1.8361701,2.83617,4.58617,5.48617,6.40617,5.13617,3.8761702,4.17617,1.29617,-1.48383,-2.8538299,-4.20383,-4.30383,-3.96383,-3.06383,-1.88383,-0.17382996,0.36617005,-0.76382995,-2.49383,-3.55383,-1.5538299,0.49617004,2.58617,2.00617,0.69617003,1.11617,-2.0938299,-0.47382995,-1.7838299,0.24617004,0.67617005,0.78617007,3.31617,-0.66383,-2.18383,-0.54383,-0.12382995
0.73617005,0.90617007,0.42617005,1.54617,2.4161701,2.48617,4.58617,6.0061703,5.05617,4.93617,4.44617,2.22617,-0.59382993,-4.15383,-5.42383,-4.54383,-4.10383,-2.70383,-1.89383,-1.51383,0.30617005,-2.3638299,-3.88383,-4.86383,-2.48383,0.29617006,2.52617,3.86617,2.02617,3.6361701,-0.74382997,-1.95383,-0.89382994,-3.40383,-2.28383,10.19617,-2.91383,5.55617,-0.49382997,-1.49383,-0.99382997
1.29617,1.3161701,0.93617004,1.1961701,2.6561701,3.23617,4.90617,4.57617,4.22617,4.63617,4.13617,1.7161701,-1.20383,-3.40383,-4.01383,-4.84383,-5.43383,-3.39383,-1.36383,-1.7838299,-2.46383,-3.54383,-4.45383,-5.21383,-3.24383,0.40617004,2.6261702,5.45617,5.48617,5.96617,0.82617,-3.14383,-3.3738298,0.34617004,1.87617,2.47617,3.22617,0.81617004,2.6261702,3.17617,0.48617005
1.30617,0.63617,0.026170043,0.7161701,1.0761701,4.59617,3.86617,2.72617,4.53617,5.01617,3.9161701,2.21617,-0.60383,-2.18383,-3.6038299,-4.28383,-5.21383,-4.57383,-3.04383,-2.3338299,-3.23383,-5.25383,-6.14383,-4.92383,-2.22383,3.08617,4.69617,4.76617,2.29617,1.52617,-0.68382996,-2.8438299,-1.7938299,-4.54383,-0.42382994,0.066170044,-1.07383,0.016170043,-0.24382995,-0.47382995,0.28617004
1.7161701,0.78617007,0.17617005,0.30617005,1.36617,3.52617,4.13617,3.60617,4.32617,4.63617,3.78617,2.44617,-0.083829954,-0.91383,-2.27383,-3.15383,-4.26383,-4.71383,-3.1138299,-1.85383,-2.48383,-4.73383,-6.4938297,-5.59383,-2.13383,-2.52383,1.61617,2.3861701,2.6261702,2.69617,1.5861701,0.056170043,-0.86383,-1.82383,-0.84382993,1.10617,1.42617,-1.1838299,0.94617003,0.81617004,0.0061700437
2.1261702,1.4661701,0.94617003,0.53617007,1.40617,2.47617,3.57617,5.10617,5.66617,4.71617,4.07617,2.76617,1.04617,-0.42382994,-0.7838299,-1.9238299,-2.75383,-4.09383,-2.74383,-1.1738299,-1.86383,-1.38383,-3.30383,-2.89383,-2.98383,-2.80383,-3.77383,-1.00383,0.68617004,0.65617007,0.88617,0.12617004,-1.44383,-1.7938299,-1.37383,-0.47382995,0.22617005,2.28617,-0.49382997,0.63617,1.65617
3.05617,2.85617,2.3961701,1.28617,1.30617,2.72617,2.82617,2.77617,4.29617,4.74617,3.71617,2.53617,2.43617,0.98617005,-0.023829956,-0.77382994,-1.5638299,-2.76383,-1.6538299,-1.5338299,-1.51383,-0.67383,-1.14383,-1.9338299,-1.94383,-1.49383,-0.95382994,-1.5238299,-1.99383,-0.95382994,-0.12382995,-0.18382996,-1.5538299,-2.52383,-2.92383,-1.7838299,-0.15382996,-0.07382996,0.98617005,0.77617,-0.52382994
2.71617,3.3861701,3.59617,3.4061701,2.99617,3.18617,3.04617,3.20617,2.72617,3.55617,3.00617,2.61617,1.80617,2.3861701,1.3461701,0.75617003,-0.15382996,-1.3038299,-0.28382996,-0.06382996,0.78617007,0.58617,-0.013829956,-0.59382993,-0.24382995,-0.72383,-0.70382994,-0.74382997,-1.10383,-1.1638299,-0.62382996,-0.75382996,-0.83382994,-1.6838299,-1.61383,-2.45383,-2.3338299,-1.86383,-1.62383,-1.19383,-0.5338299
3.35617,4.22617,4.46617,4.12617,4.08617,3.19617,3.84617,4.30617,5.0261703,3.70617,2.30617,2.79617,3.25617,2.81617,3.1361701,3.19617,2.11617,0.92617005,0.56617004,1.75617,1.98617,1.88617,1.9561701,1.4661701,1.3361701,0.51617,-0.083829954,0.08617005,-0.39382994,-0.48382995,-0.19382995,-0.14382996,-0.52382994,-1.35383,-1.7838299,-1.83383,-2.1138299,-1.59383,-1.48383,-1.08383,-0.17382996
3.3961701,3.73617,4.5061703,5.04617,5.14617,5.59617,4.92617,4.89617,4.39617,5.49617,3.24617,2.23617,4.0061703,4.12617,4.53617,4.68617,3.94617,3.00617,2.1261702,1.52617,2.55617,2.57617,2.83617,2.73617,2.71617,2.4061701,2.06617,1.60617,1.38617,0.95617,0.53617007,0.67617005,0.51617,0.27617005,-0.033829957,-0.58382994,-0.81382996,-0.60383,-0.56382996,-0.30382997,0.08617005
0.63617,1.4761701,2.55617,4.0261703,5.31617,6.14617,5.89617,6.16617,6.12617,6.08617,3.57617,4.82617,2.3761702,2.76617,5.63617,5.2761703,5.38617,5.14617,4.44617,3.36617,3.31617,3.30617,3.3861701,3.43617,3.17617,3.09617,2.86617,2.67617,2.6661701,2.6661701,2.80617,2.3761702,1.65617,1.63617,1.27617,0.83617,1.39617,0.47617003,0.056170043,0.91617006,1.3161701
