wind_kz.json
{"header": {"discipline":0,"disciplineName":"Meteorological products","gribEdition":2,"gribLength":1102,"center":7,"centerName":"US National Weather Service - NCEP(WMC)","subcenter":0,"refTime":"2024-03-19T18:00:00.000Z","significanceOfRT":1,"significanceOfRTName":"Start of forecast","productStatus":0,"productStatusName":"Operational products","productType":1,"productTypeName":"Forecast products","productDefinitionTemplate":0,"productDefinitionTemplateName":"Analysis/forecast at horizontal level/layer at a point in time","parameterCategory":2,"parameterCategoryName":"UnknownDiscipline_0_Category_2","parameterNumber":3,"parameterNumberName":"UnknownParameter_D0_C2_3","parameterUnit":"Unknown","genProcessType":2,"genProcessTypeName":"Forecast","forecastTime":240,"surface1Type":103,"surface1TypeName":"Specified height level above ground","surface1Value":10.0,"surface2Type":255,"surface2TypeName":"Missing","surface2Value":0.0,"gridDefinitionTemplate":0,"gridDefinitionTemplateName":"Latitude_Longitude","numberPoints":615,"shape":6,"shapeName":"Earth spherical with radius of 6,371,229.0 m","gridUnits":"degrees","resolution":48,"winds":"true","scanMode":64,"nx":41,"ny":15,"basicAngle":0,"lo1":47.0,"la1":41.0,"lo2":87.0,"la2":55.0,"dx":1.0,"dy":1.0}, "data":
[rows 0 to 14 of 15, columns 0 to 40 of 41]
3.2240942,1.1140943,-2.6759057,-9.625906,-9.415906,-12.345905,-8.825906,-2.7259057,-2.0159059,-0.17590576,1.2040943,1.6740942,2.0440943,2.2040942,1.5140942,1.6840942,0.49409425,0.024094239,-1.0159057,0.43409425,-0.81590575,-3.4459057,-2.5659058,-0.55590576,-0.6059058,-1.6359057,-1.0559058,1.5340942,2.9540942,4.234094,-0.11590576,0.28409424,-0.63590574,-0.29590577,-0.43590575,-0.005905762,1.5640942,1.7740942,-0.6059058,-2.2659059,0.48409423
1.4240942,0.56409425,-4.095906,-6.455906,-9.005906,-8.6459055,-10.665906,-3.7459059,-4.1059055,-3.2359056,-0.46590576,0.46409425,0.57409424,2.6340942,1.9040942,1.8440943,2.3440943,1.3540943,0.17409424,0.67409426,1.0440942,-1.0359057,-1.6059058,1.4240942,1.3240943,0.60409427,-1.7359058,2.1740942,1.1240942,1.6240942,4.464094,4.604094,-0.54590577,0.22409424,-4.0459056,0.014094238,-0.93590575,-0.09590576,0.9640942,-0.93590575,0.68409425
-0.55590576,-2.9459057,-2.4359057,-4.285906,-6.165906,-5.375906,-5.515906,-6.555906,-4.615906,-7.325906,-3.4859056,-0.67590576,-1.4959058,-0.9659058,-1.8859057,-1.6759057,-0.07590576,-0.27590576,-0.43590575,3.4340942,3.7040942,2.1940942,-1.0159057,-0.15590577,-1.3659058,0.40409425,0.0040942384,0.15409423,0.05409424,-1.2359058,3.1140943,-0.81590575,-0.15590577,-1.1859058,-1.3859057,1.7540942,3.8840942,-0.18590575,0.86409426,-1.2959057,-0.62590575
-2.2659059,-1.1859058,-1.6159058,-1.5559058,-3.1359057,-3.6859057,-4.095906,-3.9359057,-2.8959057,-4.9259057,-0.98590577,-2.2859058,-2.2459059,-3.1059058,-2.7659059,-2.6559057,-0.33590576,-0.36590576,-1.4859058,-0.9159058,3.2840943,2.7540941,3.8840942,-1.1159058,0.014094238,-0.94590575,-1.7159058,-0.15590577,-1.4459058,-1.7159058,-3.4359057,-3.4359057,-0.025905762,0.7740942,0.69409424,-2.8059058,-1.9359058,2.2940943,2.1540942,-0.28590575,0.12409424
-3.9059057,-3.5959058,-0.76590574,-0.44590577,-0.50590575,-1.8359058,-3.9259057,-4.0259056,0.024094239,0.40409425,-1.9859058,2.0540943,1.5340942,0.39409423,-1.3659058,-1.6659057,-1.3459058,-0.7159058,1.3740942,1.1340942,1.8240943,-0.56590575,3.7040942,3.6140943,1.6340942,1.3940942,0.14409424,-0.73590577,-0.8559058,0.19409424,-0.9159058,0.12409424,1.3140942,2.1340942,-1.8159058,-1.2059058,0.21409424,-1.1059058,-2.1059058,-1.7559057,-0.46590576
-4.205906,-3.6759057,-3.1959057,1.1740942,1.2140943,-0.35590577,-0.57590574,-1.6659057,-2.3259058,-0.75590575,-0.80590576,3.6140943,3.0640943,3.0440943,1.2040943,-1.0659058,-2.4759057,1.2740942,-0.7759058,3.9540942,2.0040941,2.1740942,2.5840943,2.5840943,2.4040942,2.0340943,1.5740943,1.1040943,1.7840942,1.8040942,1.0340942,-0.005905762,-0.9159058,0.68409425,2.7540941,8.564095,0.95409423,3.8740942,-0.8459058,-1.6159058,-0.43590575
-5.165906,-4.415906,-3.0959058,-4.0059056,1.5440942,2.2640944,1.2440943,0.35409424,-0.5359058,-0.87590575,-1.2059058,3.1040943,3.9840941,3.2740943,2.9440942,1.9340942,0.18409424,-0.26590577,1.6040943,1.6040943,0.21409424,2.0140944,0.30409423,3.3840942,0.7740942,0.19409424,-0.11590576,-0.09590576,0.56409425,0.33409423,0.7140942,0.47409424,0.76409423,2.7840943,1.4140942,-0.70590574,-3.7559059,1.4540943,0.56409425,0.10409424,2.8640943
-4.225906,-4.5659056,-3.5959058,-2.5659058,-0.80590576,-1.2159058,2.1940942,0.09409424,1.7740942,1.4540943,1.3340943,0.80409425,0.82409424,0.6540942,0.70409423,0.29409423,2.2740943,0.17409424,2.4140942,-0.13590576,0.20409423,2.1740942,3.5040941,2.6440942,3.0940943,3.1140943,1.9340942,0.20409423,0.60409427,0.76409423,1.9340942,2.4140942,1.5940943,4.3640943,3.6940942,0.30409423,0.6640942,2.3340943,-1.9359058,-0.14590576,-2.5359058
-6.435906,-5.8359056,-4.7559056,-4.1359057,-2.1759057,-1.0759058,2.3240943,1.0540942,-1.1859058,1.2040943,2.0540943,3.1240942,2.4340942,0.45409423,1.5140942,-0.16590576,-1.4159057,-2.1259058,-2.4359057,-0.8359058,0.32409424,0.5940942,2.6740942,3.2040942,3.2340941,2.9340942,2.7240942,3.2340941,2.6140943,1.0640942,2.0840943,3.5240943,4.2640944,7.4140944,3.8440943,5.3240943,-2.3259058,1.8840942,3.1140943,2.0440943,-2.6359057
-6.0059056,-5.625906,-5.915906,-5.1059055,-4.325906,-2.9159057,-1.3359058,-1.1359057,1.3940942,0.99409425,-1.7659057,3.4040942,2.2240942,-0.19590576,0.18409424,0.8340942,1.4240942,0.82409424,-0.75590575,-0.75590575,0.25409424,2.1040943,1.7740942,1.0240942,2.3040943,2.8740942,1.8740942,2.6440942,2.7440941,2.6840942,1.8340943,2.8440943,4.5940943,7.4540944,7.0940943,4.004094,1.5540942,-2.9259057,1.1140943,5.8940945,5.084094
-5.3359056,-5.915906,-5.435906,-6.2359056,-5.3159056,-4.2359056,-3.0159059,-0.015905762,1.1840942,0.44409424,2.6040943,2.8840942,2.3240943,1.4940943,-0.17590576,1.4440942,0.29409423,0.10409424,1.4640943,0.82409424,1.7340943,1.5540942,1.6640942,2.8040943,2.5840943,2.4840941,2.0140944,2.0140944,2.5440943,1.7640942,0.6540942,1.7440943,4.214094,6.4940944,7.9740944,1.5440942,1.9140942,3.4840941,3.3340943,1.7540942,-0.11590576
-5.475906,-6.665906,-4.995906,-5.765906,-6.455906,-6.4459057,-4.495906,-2.8259058,-1.1359057,1.8740942,2.4940941,1.7740942,2.4740942,2.0940943,1.2840942,1.5440942,1.4640943,1.4140942,2.6840942,1.9040942,2.2340941,1.3540943,1.8140942,2.0540943,2.3640943,1.9740943,3.0840943,1.3640943,1.2140943,1.2440943,-1.1159058,-0.025905762,3.3540943,5.064094,5.774094,5.634094,2.4640942,2.3940942,2.4740942,1.6940942,0.48409423
-3.5159059,-6.0259056,-5.705906,-5.4459057,-5.625906,-4.745906,-5.9259057,-6.2359056,-4.8159056,-0.13590576,-0.12590577,0.26409423,-0.68590575,0.60409427,-1.0459057,-0.55590576,0.0040942384,-0.30590576,-0.035905764,0.21409424,1.6340942,1.6840942,0.79409426,0.69409424,-0.41590577,-0.025905762,-0.5859058,0.29409423,0.5340942,0.05409424,0.41409424,-0.07590576,1.5040942,3.0740943,6.1440945,6.9740944,5.694094,2.2940943,3.1940942,1.9240942,1.1840942
-4.345906,-5.345906,-5.1359057,-6.1959057,-6.185906,-6.625906,-7.8159056,-7.5259056,-5.955906,-4.8859057,-0.17590576,-0.18590575,-2.1859057,-1.4759058,-1.4659058,-1.6359057,-1.6659057,-1.3359058,-0.51590574,-0.73590577,-0.27590576,0.32409424,0.09409424,0.08409424,-0.73590577,-1.3059058,-1.0959058,-1.0659058,-0.40590575,-0.43590575,-0.065905765,0.9740942,1.3440943,1.9440942,1.8940942,3.1540942,2.2340941,2.2840943,2.2740943,3.6540942,2.4440942
-3.3359058,-4.5259056,-5.7359056,-5.8159056,-5.955906,-5.895906,-6.535906,-7.305906,-7.3159056,-6.6559057,-3.3859057,-4.225906,-1.5959058,-2.8359058,-5.1059055,-4.745906,-3.6559057,-3.9259057,-3.3959057,-3.5159059,-1.8259058,-1.8459058,-1.7859057,-2.3059058,-1.8259058,-1.7059058,-1.7959057,-1.5459057,-1.1359057,-1.0459057,-0.87590575,0.08409424,0.45409423,0.68409425,1.2440943,1.3640943,2.0040941,2.6940942,1.6540942,2.9540942,1.6440942
