wind_kz.json
{"header": {"discipline":0,"disciplineName":"Meteorological products","gribEdition":2,"gribLength":1025,"center":7,"centerName":"US National Weather Service - NCEP(WMC)","subcenter":0,"refTime":"2023-10-02T06:00:00.000Z","significanceOfRT":1,"significanceOfRTName":"Start of forecast","productStatus":0,"productStatusName":"Operational products","productType":1,"productTypeName":"Forecast products","productDefinitionTemplate":0,"productDefinitionTemplateName":"Analysis/forecast at horizontal level/layer at a point in time","parameterCategory":2,"parameterCategoryName":"UnknownDiscipline_0_Category_2","parameterNumber":2,"parameterNumberName":"UnknownParameter_D0_C2_2","parameterUnit":"Unknown","genProcessType":2,"genProcessTypeName":"Forecast","forecastTime":120,"surface1Type":103,"surface1TypeName":"Specified height level above ground","surface1Value":10.0,"surface2Type":255,"surface2TypeName":"Missing","surface2Value":0.0,"gridDefinitionTemplate":0,"gridDefinitionTemplateName":"Latitude_Longitude","numberPoints":615,"shape":6,"shapeName":"Earth spherical with radius of 6,371,229.0 m","gridUnits":"degrees","resolution":48,"winds":"true","scanMode":64,"nx":41,"ny":15,"basicAngle":0,"lo1":47.0,"la1":41.0,"lo2":87.0,"la2":55.0,"dx":1.0,"dy":1.0}, "data":
[rows 0 to 14 of 15, columns 0 to 40 of 41]
2.9766016,0.90660155,-0.28339845,0.14660156,-1.9333985,-3.2833984,-1.8633984,-3.1733985,-3.2933984,-2.8133984,-1.9633985,-0.9933984,-0.20339844,-0.0033984375,0.29660156,-0.18339844,-0.6933984,-0.12339844,1.2966015,1.8366016,-2.2233984,-2.3633986,-0.25339845,1.6966015,-1.1333984,0.5566016,2.5766015,1.6066016,-0.17339844,1.1766015,-1.9133984,1.9066015,0.24660157,-1.5133984,-1.6233984,-0.22339843,1.2766016,1.5166016,1.9566016,0.36660156,-0.5733984
0.33660156,-0.48339844,6.9166017,-2.1733985,-3.8433983,-2.5733984,-1.0433984,0.19660157,-1.7333984,-1.8833984,-0.8233984,-0.80339843,0.53660154,0.43660155,0.026601562,-0.36339843,-0.20339844,0.06660156,0.70660156,1.5866016,0.66660154,1.4066015,2.3666015,-1.7833984,0.30660155,0.72660154,0.7566016,-0.58339846,2.1866016,1.4666016,0.37660158,0.59660155,-1.3733984,0.95660156,0.63660157,-0.18339844,0.12660156,-1.0633985,-1.2033985,-1.2633984,0.12660156
5.0166016,7.3166018,-4.0933986,-5.473398,-4.6133986,-2.3133984,-1.8033985,-2.1633985,-1.0933985,-0.48339844,-0.48339844,-0.03339844,-0.31339845,0.72660154,0.57660156,0.9966016,1.3366016,1.7466016,1.5666015,2.0966015,1.1766015,0.85660154,2.3366015,3.5566015,-0.5033984,2.6966016,5.9966016,2.1966016,2.9266016,-0.70339847,0.91660154,-0.71339846,-0.84339845,-1.0133984,-2.5633984,0.59660155,-0.28339845,-0.20339844,-0.52339846,3.6066015,1.6966015
3.1866016,1.1366016,-2.3633986,-3.1533985,-2.5733984,-0.5633984,-0.39339843,1.5166016,1.5066016,0.47660157,0.116601564,-0.66339844,-1.1633984,0.45660156,1.6366016,1.8066015,2.3766015,3.1466017,3.3466015,2.4166017,1.0766015,0.89660156,0.44660157,3.9166017,4.3666015,2.6566017,2.9766016,0.69660157,1.5466015,-1.2633984,1.8666016,5.796602,2.2566016,1.8366016,2.7166016,0.96660155,1.1266016,0.94660157,-1.8533984,-1.0933985,-2.0133984
3.5766015,5.2166014,3.3766015,1.6066016,1.6166016,1.9766016,1.3766016,0.9266016,-0.30339843,0.17660156,1.2666016,1.4166015,1.5366015,1.8266015,0.43660155,-0.103398435,0.17660156,1.4266015,2.4966016,2.3966017,4.0666018,6.2566013,6.3266015,4.9466014,3.8266015,2.6966016,2.9666016,-2.9433985,2.0666015,2.4766016,1.7966015,2.7366016,2.9066017,0.85660154,-2.5333984,-1.6933985,0.29660156,-1.7933984,-1.9833984,-1.6033984,-0.7433984
5.276602,5.1766014,5.5666018,4.1766014,3.1566017,2.9366016,3.0666015,0.90660155,-0.58339846,-0.26339844,0.69660157,1.6266016,0.84660155,0.84660155,-0.053398438,-0.54339844,-0.13339844,0.38660157,0.17660156,1.0866016,1.8566016,2.3766015,2.1066015,2.0166016,3.6866016,3.3766015,3.9966016,-0.32339844,5.4066014,3.3766015,4.5766015,1.4666016,0.89660156,-0.14339843,0.90660155,1.5966016,0.9966016,1.3166015,-0.44339845,-1.3033985,-1.8033985
6.8166018,7.1366014,7.526602,7.1866016,6.0866017,4.546602,3.9566016,1.7866015,1.2966015,0.76660156,0.65660155,0.70660156,1.3266015,0.57660156,-1.4033984,-1.3533984,-1.0233984,-0.48339844,-0.29339844,1.1766015,2.5466015,2.7866015,1.0066016,2.4366016,3.8166015,3.9266016,3.6466017,2.3466015,1.6166016,4.8266015,3.9566016,2.6666017,1.9766016,0.58660156,-1.3533984,-0.30339843,1.2566016,0.6166016,4.9366016,-0.023398437,-0.8233984
2.9966016,4.6866016,5.3166018,5.9866014,4.2066016,4.8366017,4.7366014,2.6966016,2.7366016,1.7566016,1.1966015,1.1066016,0.32660156,0.8166016,0.08660156,0.0066015627,-0.49339843,-0.47339845,-0.39339843,0.05660156,0.08660156,-0.80339843,-0.5633984,0.89660156,2.3066015,1.4566016,-0.37339842,-2.4633985,-0.5633984,-1.0833985,1.1566015,1.4566016,3.4066017,1.7566016,4.1866016,-0.80339843,-1.0833985,-1.7833984,-3.8733985,-1.4033984,0.06660156
4.4466014,4.9866014,7.3566017,4.5566015,2.8866014,3.8966017,3.3766015,3.6066015,4.4266014,3.2466016,3.0366015,3.3166015,2.3466015,1.9366015,1.3866016,0.51660156,0.22660156,0.52660155,0.46660155,-0.6333984,-0.36339843,-0.7433984,0.7466016,0.47660157,1.2666016,1.1366016,0.29660156,-0.90339845,0.6266016,1.5366015,3.8266015,3.6166015,3.2266016,1.1066016,-0.79339844,-2.7833984,-2.5333984,0.08660156,-0.37339842,-0.60339844,-0.18339844
5.6966014,5.6966014,4.8366017,6.0066013,6.0366015,5.3566017,3.2166016,3.2866015,4.0366015,3.3366015,2.8266015,4.1466017,3.0866015,0.8066016,2.0566015,1.4266015,0.6166016,0.8766016,1.1866015,1.7866015,0.34660158,-0.15339844,2.2466016,2.7366016,0.8766016,1.3266015,2.4766016,1.9366015,3.0266016,3.5966015,3.3166015,2.5366015,0.69660157,0.29660156,-0.14339843,-1.2233984,-1.0833985,-1.0433984,2.0766015,0.66660154,-0.17339844
6.2366014,6.4966016,6.7566013,4.6766014,4.9466014,3.9966016,3.8766015,3.4366016,3.3266015,2.8766015,2.7066016,3.5466015,2.3266015,1.8866016,0.9966016,0.96660155,1.6666015,1.8166015,2.3966017,2.8066015,2.5666015,2.0866015,1.4666016,1.8366016,2.1666017,1.8166015,2.0066016,2.0466015,2.3366015,1.7466016,2.2066016,-0.54339844,-0.64339846,0.33660156,0.89660156,0.34660158,0.19660157,0.76660156,0.26660156,-0.31339845,0.96660155
7.7266016,8.026602,7.1066017,7.0566015,5.4666014,6.296602,5.1566014,2.8466015,3.2066016,2.3366015,1.5666015,1.9766016,-0.59339845,-0.65339845,-0.0033984375,1.5966016,1.8366016,2.2966015,2.9966016,2.8866014,2.2466016,2.0266016,2.2966015,0.72660154,2.0466015,2.2666016,2.7666016,1.8266015,1.8066015,0.52660155,-0.78339845,-1.0833985,-0.6233984,-0.053398438,0.046601564,0.88660157,1.3166015,-0.07339844,-0.16339844,0.09660156,-0.47339845
6.0866017,7.8666015,5.9766016,6.4866014,6.0066013,3.7466016,5.7566013,2.8866014,2.7166016,1.3866016,0.58660156,0.30660155,-0.34339845,-0.18339844,0.20660156,1.2366016,1.5966016,1.8666016,2.0966015,2.7966015,3.4566016,3.5866015,3.7766016,2.4066017,0.42660156,2.3166015,1.8066015,1.1666015,2.1666017,0.6766016,-0.66339844,-0.8733984,-1.0033984,-0.55339843,-0.55339843,-1.0133984,-1.3633984,-0.70339847,-0.84339845,-0.79339844,-0.27339843
7.3466015,8.836601,7.7166014,5.7266016,7.6366014,4.8466015,4.796602,1.6566015,1.2366016,0.53660154,-0.70339847,-1.4633985,-0.39339843,0.97660154,0.32660156,1.0266016,0.45660156,1.1366016,2.1066015,3.2666016,4.1466017,5.1466017,5.3766017,4.1766014,3.1266015,1.4566016,2.6166015,2.7866015,1.4566016,1.1966015,-0.053398438,-0.34339845,-0.023398437,-0.15339844,-0.34339845,-0.12339844,-0.5733984,-0.90339845,-0.37339842,0.27660155,-1.1033984
5.2466016,6.7166014,11.146602,7.5166016,6.7666016,3.6266015,4.7466016,1.6966015,0.016601562,-0.66339844,-0.39339843,-1.0533985,-1.2233984,0.076601565,0.69660157,0.35660157,0.7566016,1.4366015,2.2766016,2.6666017,3.8366015,4.8966017,5.2266016,5.546602,3.5966015,2.9766016,1.1366016,2.5566015,2.2366016,1.3666016,-0.11339844,-0.07339844,0.116601564,0.39660156,0.47660157,0.47660157,0.71660155,1.0966016,-0.19339843,-0.12339844,-0.08339844
