wind_kz.json
{"header": {"discipline":0,"disciplineName":"Meteorological products","gribEdition":2,"gribLength":1025,"center":7,"centerName":"US National Weather Service - NCEP(WMC)","subcenter":0,"refTime":"2024-04-06T18:00:00.000Z","significanceOfRT":1,"significanceOfRTName":"Start of forecast","productStatus":0,"productStatusName":"Operational products","productType":1,"productTypeName":"Forecast products","productDefinitionTemplate":0,"productDefinitionTemplateName":"Analysis/forecast at horizontal level/layer at a point in time","parameterCategory":2,"parameterCategoryName":"UnknownDiscipline_0_Category_2","parameterNumber":2,"parameterNumberName":"UnknownParameter_D0_C2_2","parameterUnit":"Unknown","genProcessType":2,"genProcessTypeName":"Forecast","forecastTime":0,"surface1Type":103,"surface1TypeName":"Specified height level above ground","surface1Value":10.0,"surface2Type":255,"surface2TypeName":"Missing","surface2Value":0.0,"gridDefinitionTemplate":0,"gridDefinitionTemplateName":"Latitude_Longitude","numberPoints":615,"shape":6,"shapeName":"Earth spherical with radius of 6,371,229.0 m","gridUnits":"degrees","resolution":48,"winds":"true","scanMode":64,"nx":41,"ny":15,"basicAngle":0,"lo1":47.0,"la1":41.0,"lo2":87.0,"la2":55.0,"dx":1.0,"dy":1.0}, "data":
[rows 0 to 14 of 15, columns 0 to 40 of 41]
0.7090723,0.10907227,1.4490722,1.4990723,0.5990723,1.6790723,2.1090722,1.1990722,-1.3609277,-2.7809277,-2.6809278,-2.1809278,-3.4009278,-1.7709278,-1.9609277,-0.36092773,-1.9009278,-1.8609277,-4.020928,-2.2609277,-1.3709277,-0.9809277,-1.9209278,-1.9309278,-2.9509277,-2.1309278,0.36907226,0.31907228,1.3290722,1.9790722,0.87907225,0.92907226,0.20907226,-0.75092775,-3.0409276,-3.9309278,-3.6809278,-3.6709278,-2.6809278,-1.7709278,0.32907227
0.15907227,2.0090723,1.6890723,0.5390723,1.4490722,1.6590723,2.3790722,0.8390723,0.15907227,-1.7609277,-0.9809277,-1.3409277,1.5090723,1.3590722,-1.9609277,-0.090927735,1.7590723,1.1990722,-2.0509276,1.1090722,-2.1209278,-1.0509278,-0.95092773,-3.7009277,1.0190723,2.2290723,0.15907227,0.5190723,-1.1009277,0.48907226,0.16907227,-0.18092774,1.0690722,-2.6409278,0.25907227,0.049072266,1.3090723,1.3290722,1.9390723,0.17907226,-1.8309277
1.1590723,1.2890723,2.6990724,3.6090722,3.5790722,2.2490723,2.8590722,1.4790722,0.21907227,1.9490722,2.2690723,2.4390724,1.9590722,-2.3109276,-1.9609277,1.5590723,1.2090722,-0.55092776,1.7090722,0.6690723,-2.0309277,-3.1709278,-2.2309277,1.4990723,0.43907225,0.61907226,-0.17092773,1.7890723,-2.0209277,0.5190723,0.18907227,-0.50092775,1.6190723,0.62907225,-0.22092773,-1.3909278,1.1890723,0.24907227,0.38907227,1.3190722,2.2290723
-1.4009278,1.6690723,2.5790722,3.6190722,2.3490722,1.8290722,2.4790723,2.0990722,1.9290723,2.1090722,3.6090722,-3.0409276,-3.4409277,-2.5109277,-0.060927734,1.8890723,-0.8509277,1.1590723,1.7790723,-2.5709276,-1.3909278,0.089072265,1.3590722,5.269072,2.0090723,1.9590722,1.6390723,-0.44092774,4.8890724,8.039072,7.999072,6.4690723,6.209072,4.5590725,-1.6509278,-1.7109277,-2.3509278,2.2290723,1.8190722,-0.21092774,1.7390723
1.1090722,2.1290722,3.7690723,4.839072,4.1990724,3.9790723,3.5690722,3.2990723,3.0990722,2.6890724,0.7190723,-2.3009276,-1.9909277,-1.1509278,1.1690723,3.1390722,3.6790724,-0.37092772,-1.4409277,-0.88092774,4.249072,5.649072,3.3490722,-0.94092774,2.2890723,-0.030927734,5.2590723,3.4790723,5.6790724,7.089072,1.0290723,-1.5509278,-0.74092776,1.3690723,1.5090723,1.2590723,0.61907226,-0.9809277,-0.40092772,0.98907226,1.4690722
1.7190722,2.7290723,3.9890723,4.4690723,4.9090724,4.419072,4.1790724,3.4690723,3.2490723,2.4790723,3.4290724,-1.0009277,-0.74092776,1.3190722,-0.61092776,-2.7809277,-2.1909277,-3.7209277,-2.6209278,0.9190723,-2.3209276,-1.4809277,-1.8509277,0.60907227,3.7890723,3.3290722,6.499072,5.129072,6.149072,5.2990723,3.5690722,3.8190722,2.0190723,3.7090724,0.5390723,-4.1109276,0.93907225,-0.32092774,4.459072,3.3290722,3.6690722
2.5590723,2.7890723,3.9490724,3.6290722,4.129072,2.5490723,3.2890723,4.269072,2.5290723,1.8490722,3.8990722,-0.67092776,0.85907227,0.20907226,-2.6909277,-3.2009277,-3.4909277,-2.5509276,-2.1509278,-2.1909277,-0.74092776,-0.94092774,-3.0209277,-1.4009278,-1.0909277,-0.36092773,0.6690723,-0.010927734,2.1190722,-0.36092773,-0.8509277,-0.64092773,-1.4909277,-3.4809277,-3.8409278,-1.5109277,-1.2209277,2.4290724,-1.2909278,1.7990723,3.7390723
1.4390723,2.7790723,4.289072,4.3090725,3.9890723,0.88907224,1.6290723,3.1590722,1.8690723,1.4990723,2.3790722,0.35907227,-0.7209277,-2.2709277,-1.0309278,-1.2009277,-2.5409276,-3.2709277,-2.3909278,-2.2509277,0.6590723,1.1090722,-1.9709277,-2.9209278,-2.2109277,-0.26092774,0.6690723,0.79907227,1.0490723,-0.51092774,0.35907227,0.9690723,-3.3309278,-0.07092773,-1.1909277,0.10907227,3.1090722,1.9590722,-0.21092774,1.0490723,-1.8209277
2.5690722,3.4090722,4.479072,3.7990723,4.379072,4.2590723,3.8590722,0.39907226,1.1690723,0.74907225,-0.50092775,-1.4209278,-0.88092774,-2.6209278,-3.2109277,-3.3609278,-2.2409277,-2.9009278,-3.0509276,-2.5809278,-1.6509278,-0.80092776,-2.6009278,-3.1709278,-2.1109278,-0.060927734,0.30907226,1.2290722,1.7590723,1.3690723,1.3290722,0.38907227,1.8790723,0.5290723,1.0890722,-0.51092774,0.81907225,-2.4409277,-0.7909277,0.99907225,-2.0209277
4.6190724,4.689072,5.089072,2.0190723,5.439072,0.22907227,-2.2209277,0.019072266,-1.2009277,2.1590722,-5.2209277,-1.9009278,-2.7709277,-2.4209278,-3.5109277,-3.7709277,-4.0709276,-4.000928,-3.2809277,-2.3309278,-3.2609277,-2.1809278,-1.7709278,-1.8409277,-0.27092773,0.41907227,0.81907225,1.7690723,1.2290722,0.8390723,1.7290722,1.7290722,1.7490723,-0.29092774,-0.9709277,-0.93092775,-2.1109278,-0.19092773,-1.9809277,0.029072266,-1.2309277
4.039072,3.9790723,2.9690723,3.7390723,1.9590722,-0.5909277,-1.7209277,-3.5309277,-2.2809277,-0.040927734,3.1490722,-2.1509278,-3.7909276,-3.3109276,-3.1309278,-4.480928,-3.9209278,-3.3009276,-3.3109276,-3.3609278,-2.3209276,-1.8809277,-0.7109277,-0.18092774,1.2490723,1.4390723,1.6790723,2.3190722,1.7890723,2.2490723,0.54907227,-1.2509277,-2.0209277,-0.39092773,-0.49092773,-1.4509277,-1.7209277,0.33907226,-0.67092776,1.7390723,-1.2809278
0.9590723,-0.23092774,2.7290723,2.3590722,-0.14092773,0.5890723,-1.6009277,-3.2209277,-0.050927736,-3.3009276,-2.3909278,-3.5109277,-6.2809277,-4.3209276,-6.310928,-6.4009275,-5.460928,-4.310928,-4.4709277,-3.2109277,-2.4909277,-1.7309277,0.32907227,-0.21092774,0.39907226,0.74907225,0.6490723,1.2590723,2.9490724,3.2590723,2.0990722,2.3390722,-0.14092773,-0.21092774,0.32907227,0.63907224,0.7890723,0.8490723,0.21907227,-0.010927734,-0.060927734
0.16907227,0.94907224,2.0390723,-1.6109277,-1.7709278,-0.7209277,-3.3209276,-3.0809278,-1.7109277,-3.3009276,-5.120928,-6.3409276,-5.580928,-6.480928,-5.480928,-5.060928,-4.830928,-3.8609278,-2.9309278,-3.4709277,-2.8009276,-1.7909278,-1.3109277,-1.3309277,-0.43092772,-0.46092772,1.1690723,2.4790723,3.0690722,2.9390724,3.1190722,-0.25092775,-1.7209277,-0.17092773,-0.16092773,0.12907226,-1.2809278,-1.2209277,-1.0409278,-0.81092775,-0.50092775
-0.23092774,-0.20092773,1.4190723,-2.1209278,-3.4109278,-4.160928,-3.0009277,-3.2209277,-0.9109277,-3.3109276,-5.000928,-4.540928,-3.2109277,-5.0309277,-4.8409276,-4.7009277,-4.6109276,-4.9309278,-4.2809277,-3.8509278,-3.5009277,-3.0409276,-2.3809278,-1.9009278,-1.1909277,-0.39092773,0.019072266,0.009072266,0.7190723,1.1790723,2.0190723,0.41907227,-0.47092775,-0.9809277,-1.2009277,-1.6709278,-1.2409277,-0.92092776,-0.99092776,-0.060927734,-1.1409278
-1.1609278,-1.6309277,-2.0409276,-3.2609277,-3.7509277,-2.6009278,-1.8609277,-2.8009276,-3.0209277,-4.460928,-3.0909278,-4.6309276,-2.6909277,-3.0409276,-4.770928,-4.4309278,-4.810928,-4.230928,-4.0309277,-3.9809277,-3.4009278,-3.3409278,-2.3509278,-2.3109276,-2.2109277,-1.3909278,-0.43092772,-0.25092775,0.22907227,0.049072266,0.5890723,1.2290722,1.9890723,1.3690723,1.0990722,1.1690723,0.5990723,0.81907225,0.93907225,-0.8509277,-1.2509277
