wind_kz.json
{"header": {"discipline":0,"disciplineName":"Meteorological products","gribEdition":2,"gribLength":1025,"center":7,"centerName":"US National Weather Service - NCEP(WMC)","subcenter":0,"refTime":"2023-08-23T18:00:00.000Z","significanceOfRT":1,"significanceOfRTName":"Start of forecast","productStatus":0,"productStatusName":"Operational products","productType":1,"productTypeName":"Forecast products","productDefinitionTemplate":0,"productDefinitionTemplateName":"Analysis/forecast at horizontal level/layer at a point in time","parameterCategory":2,"parameterCategoryName":"UnknownDiscipline_0_Category_2","parameterNumber":3,"parameterNumberName":"UnknownParameter_D0_C2_3","parameterUnit":"Unknown","genProcessType":2,"genProcessTypeName":"Forecast","forecastTime":300,"surface1Type":103,"surface1TypeName":"Specified height level above ground","surface1Value":10.0,"surface2Type":255,"surface2TypeName":"Missing","surface2Value":0.0,"gridDefinitionTemplate":0,"gridDefinitionTemplateName":"Latitude_Longitude","numberPoints":615,"shape":6,"shapeName":"Earth spherical with radius of 6,371,229.0 m","gridUnits":"degrees","resolution":48,"winds":"true","scanMode":64,"nx":41,"ny":15,"basicAngle":0,"lo1":47.0,"la1":41.0,"lo2":87.0,"la2":55.0,"dx":1.0,"dy":1.0}, "data":
[rows 0 to 14 of 15, columns 0 to 40 of 41]
1.7778223,1.6878222,0.39782226,-1.6421777,-2.9521778,-2.4821777,0.9378223,1.3478223,-0.77217776,-1.3821777,-3.2021778,-2.3521776,-2.1021776,-2.5821776,-3.4821777,-4.442178,-4.9521775,-2.8121777,-5.552178,-4.0621777,-4.1821775,-4.2221775,-1.6821778,2.6078222,2.7178223,1.6678222,1.7578223,-0.41217774,-3.4021778,-3.1621778,-1.4021777,0.66782224,-0.72217774,0.7578223,0.70782226,-0.14217773,1.8478223,2.0578222,1.8578223,1.2078223,1.3478223
2.5478222,1.8778223,1.6478223,0.24782227,-1.1821778,-1.4821777,-1.0521778,-0.15217774,-0.5121777,-1.9721777,-2.0121777,-3.0821776,-3.0121777,-3.3421776,-3.6521778,-4.152178,-3.7921777,-3.8121777,-4.7721777,-5.9121776,-6.242178,-5.7221775,-2.1221778,-1.6221777,2.2178223,2.8878222,3.6878223,-1.2421777,0.26782227,-2.5221777,-3.2321777,-0.8721777,0.12782227,1.4178222,3.3478222,2.9478223,2.1078222,2.5178223,1.9278222,2.3778222,-0.44217774
1.6078223,4.117822,1.6778222,0.7478223,0.087822266,-0.15217774,-0.30217773,-1.2321777,-0.60217774,-1.8721777,-3.1721778,-2.8121777,-3.3921778,-3.3821778,-3.8121777,-3.6121778,-3.8021777,-3.9921777,-4.6021776,-5.942178,-6.5421777,-6.512178,1.4178222,-0.5021777,-3.5921776,-3.7321777,-3.2621777,-1.8621777,-1.0321777,-2.3321776,-3.5521777,1.9678223,-0.78217775,0.017822266,0.8178223,-2.4921777,-3.3021777,0.83782226,-1.5821778,0.83782226,1.1278223
1.5578222,2.3178222,1.5978223,0.21782227,0.36782226,0.007822266,-0.5021777,-0.062177733,-0.59217775,-1.2221777,-1.8521777,-2.1021776,-3.8721778,-4.652178,-4.842178,-3.8721778,-3.9921777,-4.2221775,-4.3521776,-4.6621776,-4.612178,-1.9421778,-4.7521777,-3.7821777,-3.0821776,-0.7421777,1.6578223,1.2278223,-2.6621778,-3.3821778,-0.24217774,1.6878222,2.3178222,0.24782227,1.0678222,2.0378222,3.9378223,1.9478222,-3.2021778,-2.6721778,-1.4821777
-0.46217772,2.1578224,0.97782224,0.33782226,0.22782226,-0.19217773,-0.29217774,-0.83217776,-1.1321777,-0.9921777,-2.1421778,-2.8521776,-3.2221777,-4.1221776,-4.152178,-3.8621778,-4.512178,-3.8321776,-3.8821778,-3.7121778,-3.5321777,-2.8821778,-2.2221777,-2.1321778,-2.1021776,1.7978222,2.2778223,-0.6821777,-0.8721777,-0.5621777,-0.40217772,1.0078223,2.1578224,1.1178223,0.8878223,0.76782227,1.7678223,0.47782227,-0.8021777,-0.7421777,-0.24217774
-0.5721777,-1.0921777,-1.9821777,-2.0621777,-1.6421777,-1.3521777,-0.44217774,-0.45217773,-1.0221777,-1.6521777,-2.5921776,-3.2321777,-2.3721778,-2.8321776,-2.7121778,-2.9621778,-3.3721778,-3.4221778,-2.8321776,-3.2021778,-2.6421778,-2.5521777,-2.3721778,-0.70217776,0.76782227,1.8178222,1.7678223,-1.0121777,0.9478223,-0.17217773,-0.9321777,-2.1521778,-0.85217774,0.66782224,-1.0721778,-2.0121777,-3.8121777,1.2478223,1.9578223,1.3578223,1.3078222
-0.83217776,-0.9921777,-0.98217773,-0.78217775,-0.6821777,-1.1721778,0.14782226,0.39782226,-0.91217774,-1.8821777,-2.7021778,-3.4621778,-3.6321778,-3.2621777,-2.6221778,-2.1721778,-1.8321778,-2.1121778,-2.8221776,-2.1521778,-1.0021777,-0.71217775,-0.48217773,-0.032177735,3.5478222,3.3078222,4.7478223,4.4378223,3.2378223,0.41782227,-1.0121777,-1.2121778,-0.79217774,0.30782226,1.9778223,4.4778223,3.3578222,2.0478222,1.2078223,3.3978224,1.3478223
-1.5821778,-2.4421778,-1.7821777,-1.7821777,-2.2521777,-1.2121778,0.27782226,-0.092177734,-1.9221778,-2.3421776,-3.0921776,-3.8721778,-3.6821778,-2.6121778,-2.6321778,-2.2821777,-1.3521777,-1.1921778,-1.4921777,-0.062177733,0.51782227,0.9478223,0.8878223,1.2578223,6.347822,7.1478224,8.227822,6.3778224,4.1678224,2.6978223,0.6778223,0.18782227,-1.1821778,-4.1421776,-2.0921776,-1.9121777,-1.7521777,-1.8721777,-0.34217775,-0.35217774,1.6978222
-2.2021778,-2.4721777,-1.8921777,-2.5221777,-2.1721778,-1.7221777,-1.1921778,-1.2821777,-1.5221777,-2.4321778,-3.3021777,-3.1121778,-2.8621778,-2.3721778,-2.1821778,-1.8521777,-0.83217776,0.30782226,-0.7421777,1.2378223,2.2278223,2.2678223,2.8878222,2.1178222,7.307822,7.9978223,9.237823,8.567822,6.757822,5.7878222,3.7478223,0.36782226,-1.2521777,-4.012178,-4.6821775,-4.0421777,2.7878222,-2.8421776,1.0078223,2.0178223,2.1678224
-2.6121778,-2.3321776,-2.9921777,-2.9221778,-2.9021778,-2.4521778,-2.1821778,-1.4421778,-1.1921778,-1.4621778,-1.2021778,-1.8121778,-2.6921778,-1.9721777,-1.7621777,-1.6721778,-0.89217776,-0.11217774,0.85782224,2.4678223,3.1978223,3.1978223,3.3178222,1.8778223,6.577822,9.367823,8.887822,7.7778225,6.117822,6.1478224,5.8578224,2.6178222,-0.25217775,-3.2421777,-4.0821776,-2.8421776,-0.6921777,2.4478223,1.1878222,-0.65217775,-0.43217772
-2.7721777,-3.1721778,-3.2321777,-3.1121778,-2.3421776,-1.7421777,-1.5321777,-1.3221778,-0.23217773,-0.26217774,-0.082177736,-0.91217774,-1.4021777,-0.95217776,-0.8821777,-0.6321777,-0.20217773,-0.30217773,0.54782224,0.48782226,1.3278222,3.9178224,3.8678222,3.2978222,7.9978223,10.387822,9.187822,6.9378223,7.237822,5.987822,4.7878222,2.6878223,0.21782227,-2.1021776,-4.302178,-5.0021777,-2.0921776,-1.3321778,-0.32217774,-0.38217774,0.07782227
-3.0921776,-2.5321777,-2.5921776,-2.9321778,-2.6721778,-1.5021777,-0.6921777,0.22782226,0.70782226,1.0178223,0.7578223,-0.18217774,-1.0521778,0.34782228,0.18782227,0.6778223,1.0478222,0.44782227,1.4978223,0.06782226,1.0978223,1.2978222,2.7578223,5.7278223,9.217822,9.467822,9.627822,8.767822,7.8178225,6.347822,4.4778223,2.7478223,0.47782227,-0.8821777,-1.4121777,-2.4721777,-3.1821778,-2.5621777,-2.2121778,-1.4221778,-1.2021778
-2.6821778,-4.1021776,-3.2221777,-2.6921778,-0.70217776,0.06782226,0.32782227,0.54782224,0.8178223,1.2678223,0.60782224,-0.73217773,-0.5621777,-0.17217773,0.53782225,1.4678223,1.5578222,0.5678223,0.8778223,0.52782226,-0.10217773,1.7878222,5.5478225,6.1878223,5.4978223,7.8378224,8.387822,7.617822,6.757822,4.577822,4.007822,2.6078222,0.96782225,0.007822266,-0.97217774,-0.9321777,-1.5921777,-1.4521778,-1.8521777,-1.7621777,-1.8921777
-3.5421777,-4.1021776,-4.382178,-2.3021777,-1.8821777,-0.15217774,0.057822265,0.37782228,1.4978223,3.2078223,0.6278223,0.027822265,-2.6821778,-4.7521777,-3.4221778,-0.25217775,1.1578223,1.7578223,3.9678223,0.21782227,-0.95217776,-0.5521777,-3.5721776,4.3978224,4.597822,5.9378223,5.4778223,5.197822,4.657822,4.157822,3.0778222,2.0978222,1.5178223,1.0478222,-0.042177733,-0.73217773,-0.85217774,-1.5721778,-1.8021778,-1.7321777,-2.4721777
-1.5821778,-3.5421777,-5.7221775,-2.6321778,-2.6221778,-1.3121778,-1.2821777,-1.5821778,0.27782226,1.3978223,0.77782226,-1.3321778,-0.18217774,-3.2021778,-4.5621777,-2.0521777,-2.9321778,-2.5321777,-3.9621778,-1.6221777,-2.2321777,0.19782227,-0.14217773,0.7578223,1.9678223,2.1678224,2.1878223,2.1978223,2.0978222,2.0278223,2.3778222,1.5178223,1.3378223,0.9478223,-0.092177734,-1.0121777,-1.2121778,-1.0421777,-1.2021778,-2.0921776,-1.2421777
