wind_kz.json
{"header": {"discipline":0,"disciplineName":"Meteorological products","gribEdition":2,"gribLength":948,"center":7,"centerName":"US National Weather Service - NCEP(WMC)","subcenter":0,"refTime":"2024-04-08T00:00:00.000Z","significanceOfRT":1,"significanceOfRTName":"Start of forecast","productStatus":0,"productStatusName":"Operational products","productType":1,"productTypeName":"Forecast products","productDefinitionTemplate":0,"productDefinitionTemplateName":"Analysis/forecast at horizontal level/layer at a point in time","parameterCategory":0,"parameterCategoryName":"UnknownDiscipline_0_Category_0","parameterNumber":0,"parameterNumberName":"UnknownParameter_D0_C0_0","parameterUnit":"Unknown","genProcessType":2,"genProcessTypeName":"Forecast","forecastTime":60,"surface1Type":1,"surface1TypeName":"Ground or water surface","surface1Value":0.0,"surface2Type":255,"surface2TypeName":"Missing","surface2Value":0.0,"gridDefinitionTemplate":0,"gridDefinitionTemplateName":"Latitude_Longitude","numberPoints":615,"shape":6,"shapeName":"Earth spherical with radius of 6,371,229.0 m","gridUnits":"degrees","resolution":48,"winds":"true","scanMode":64,"nx":41,"ny":15,"basicAngle":0,"lo1":47.0,"la1":41.0,"lo2":87.0,"la2":55.0,"dx":1.0,"dy":1.0}, "data":
[rows 0 to 14 of 15, columns 0 to 40 of 41]
292.69254,282.19254,293.59253,281.99252,283.29254,284.19254,298.19254,304.79254,302.69254,304.99252,303.69254,304.49252,303.39252,303.69254,303.29254,302.19254,303.39252,301.69254,302.59253,299.19254,301.49252,297.39252,296.19254,293.19254,300.69254,301.19254,293.09253,274.19254,277.69254,276.89252,272.49252,272.19254,290.39252,297.49252,297.09253,297.09253,298.79254,297.19254,295.59253,294.99252,295.29254
273.89252,289.79254,282.19254,282.09253,282.59253,283.39252,305.39252,302.69254,301.89252,301.99252,303.69254,302.69254,304.49252,303.99252,303.09253,302.49252,303.09253,302.59253,300.69254,300.69254,300.09253,296.39252,291.29254,281.19254,269.29254,273.19254,288.39252,275.59253,284.89252,269.79254,278.19254,266.09253,283.39252,251.39253,260.59253,291.79254,290.69254,293.59253,295.49252,287.59253,279.69254
294.89252,281.99252,281.99252,282.29254,282.49252,303.79254,303.89252,303.49252,301.89252,301.79254,299.79254,300.69254,302.89252,303.29254,301.29254,302.49252,301.69254,301.09253,300.89252,301.29254,301.29254,300.49252,295.29254,289.69254,292.39252,291.09253,291.49252,291.29254,288.39252,280.59253,271.99252,274.29254,281.69254,284.09253,282.49252,281.29254,269.49252,277.39252,275.19254,268.99252,263.99252
295.09253,282.79254,281.89252,282.09253,288.29254,304.69254,304.29254,304.99252,304.39252,303.79254,301.99252,299.89252,286.09253,287.99252,301.39252,302.29254,301.19254,302.29254,302.09253,301.99252,298.59253,294.49252,297.99252,296.49252,297.89252,296.49252,295.19254,289.99252,289.29254,291.09253,291.99252,287.79254,294.79254,294.09253,291.39252,285.29254,270.49252,262.99252,277.39252,282.99252,283.59253
297.19254,283.19254,282.19254,283.09253,293.09253,306.59253,306.99252,306.79254,305.49252,305.09253,304.69254,302.89252,285.79254,285.19254,283.99252,299.79254,301.99252,300.99252,299.49252,299.39252,298.69254,299.89252,298.09253,297.99252,296.29254,295.19254,292.49252,289.59253,294.19254,293.29254,294.19254,290.79254,274.59253,268.49252,282.69254,291.59253,287.49252,292.99252,290.49252,289.59253,286.29254
301.29254,301.89252,283.39252,282.49252,281.49252,283.19254,305.29254,306.49252,306.09253,303.99252,302.99252,304.19254,286.49252,284.39252,285.59253,300.39252,300.29254,299.99252,298.99252,298.79254,297.79254,294.89252,293.49252,290.59253,290.89252,291.59253,289.79254,271.99252,292.79254,293.29254,292.19254,291.09253,288.19254,287.69254,284.49252,285.19254,277.19254,278.79254,287.49252,290.39252,289.69254
303.89252,305.09253,307.59253,306.79254,295.99252,301.79254,304.19254,304.59253,301.99252,301.09253,300.79254,299.29254,299.49252,298.89252,299.19254,297.69254,296.69254,295.49252,293.49252,291.19254,286.89252,289.39252,285.59253,284.09253,282.79254,283.79254,284.39252,287.19254,285.99252,285.89252,287.59253,287.89252,287.89252,287.59253,285.89252,282.49252,278.39252,278.99252,273.19254,274.39252,282.89252
303.59253,303.29254,304.19254,304.59253,303.69254,300.59253,301.99252,299.99252,298.99252,297.89252,296.89252,296.49252,296.69254,295.79254,292.89252,289.79254,292.39252,288.19254,285.59253,281.99252,282.49252,283.79254,288.49252,287.09253,283.09253,280.89252,282.79254,284.79254,282.19254,284.09253,283.19254,284.89252,283.29254,280.99252,279.79254,282.49252,283.59253,273.09253,284.39252,284.99252,282.99252
300.19254,300.39252,301.49252,301.49252,300.59253,299.59253,298.79254,297.39252,296.59253,295.79254,294.99252,291.79254,289.19254,288.49252,285.69254,285.69254,287.29254,286.69254,285.09253,284.59253,287.59253,288.29254,288.39252,287.69254,285.49252,284.09253,281.79254,282.89252,282.49252,279.59253,279.69254,280.39252,282.89252,282.79254,282.19254,279.99252,278.09253,278.59253,270.49252,271.99252,270.49252
298.19254,297.79254,297.09253,296.69254,296.29254,296.29254,294.39252,290.79254,290.39252,290.79254,290.39252,288.39252,287.89252,286.69254,283.09253,283.99252,285.99252,289.09253,288.09253,288.59253,287.19254,287.09253,286.59253,285.69254,284.39252,281.29254,281.69254,281.29254,282.39252,282.89252,282.39252,285.49252,285.69254,283.89252,281.89252,280.99252,277.29254,273.19254,272.49252,272.29254,270.79254
296.29254,289.09253,287.69254,287.99252,287.49252,288.09253,289.89252,290.19254,288.99252,287.09253,283.59253,280.79254,280.89252,285.19254,285.59253,287.69254,287.89252,287.89252,286.99252,284.29254,283.99252,282.69254,282.19254,282.99252,282.49252,280.59253,278.99252,282.19254,283.19254,282.19254,281.89252,283.69254,283.79254,285.19254,283.99252,281.59253,274.29254,274.49252,278.39252,277.19254,273.49252
288.39252,286.39252,285.39252,284.19254,283.89252,283.59253,283.79254,283.99252,284.69254,283.49252,283.09253,283.39252,283.59253,283.19254,283.29254,284.99252,285.69254,284.89252,283.49252,283.09253,281.59253,279.59253,280.69254,281.09253,280.29254,279.19254,280.49252,279.99252,279.69254,280.19254,279.59253,280.79254,281.89252,282.29254,282.49252,281.79254,281.29254,279.59253,278.29254,278.59253,277.29254
288.49252,289.59253,291.59253,293.29254,288.29254,288.29254,288.49252,289.39252,289.39252,285.89252,283.39252,284.19254,284.99252,283.29254,283.99252,283.19254,282.19254,281.29254,280.89252,278.89252,278.19254,277.69254,276.29254,276.59253,278.99252,276.79254,278.49252,278.59253,278.39252,279.79254,279.79254,279.69254,280.39252,279.29254,277.89252,277.19254,277.29254,277.09253,276.69254,277.29254,277.09253
291.19254,289.69254,281.39252,290.69254,289.79254,289.49252,288.29254,286.79254,287.19254,286.49252,282.09253,281.59253,281.19254,279.19254,279.19254,282.39252,282.39252,280.09253,278.89252,278.49252,277.69254,276.89252,277.19254,276.59253,277.09253,276.79254,276.49252,276.89252,277.89252,276.19254,276.99252,276.99252,276.79254,276.09253,276.29254,276.49252,276.79254,276.59253,276.89252,275.39252,276.99252
289.79254,290.79254,273.29254,287.99252,287.99252,286.99252,285.49252,281.19254,280.89252,282.19254,279.79254,276.79254,275.49252,280.59253,279.79254,282.29254,279.69254,277.69254,278.19254,276.79254,275.79254,275.79254,275.99252,275.59253,275.49252,275.49252,275.59253,275.09253,276.29254,276.29254,276.79254,275.29254,276.19254,275.79254,275.29254,276.59253,277.39252,276.19254,276.89252,276.19254,275.69254
