wind_kz.json
{"header": {"discipline":0,"disciplineName":"Meteorological products","gribEdition":2,"gribLength":1025,"center":7,"centerName":"US National Weather Service - NCEP(WMC)","subcenter":0,"refTime":"2024-04-08T18:00:00.000Z","significanceOfRT":1,"significanceOfRTName":"Start of forecast","productStatus":0,"productStatusName":"Operational products","productType":1,"productTypeName":"Forecast products","productDefinitionTemplate":0,"productDefinitionTemplateName":"Analysis/forecast at horizontal level/layer at a point in time","parameterCategory":2,"parameterCategoryName":"UnknownDiscipline_0_Category_2","parameterNumber":3,"parameterNumberName":"UnknownParameter_D0_C2_3","parameterUnit":"Unknown","genProcessType":2,"genProcessTypeName":"Forecast","forecastTime":240,"surface1Type":103,"surface1TypeName":"Specified height level above ground","surface1Value":10.0,"surface2Type":255,"surface2TypeName":"Missing","surface2Value":0.0,"gridDefinitionTemplate":0,"gridDefinitionTemplateName":"Latitude_Longitude","numberPoints":615,"shape":6,"shapeName":"Earth spherical with radius of 6,371,229.0 m","gridUnits":"degrees","resolution":48,"winds":"true","scanMode":64,"nx":41,"ny":15,"basicAngle":0,"lo1":47.0,"la1":41.0,"lo2":87.0,"la2":55.0,"dx":1.0,"dy":1.0}, "data":
[rows 0 to 14 of 15, columns 0 to 40 of 41]
1.05294,-1.5570599,-0.72705996,-4.85706,0.0029400634,2.88294,3.57294,2.95294,2.46294,1.66294,0.31294006,-0.59705997,-2.13706,-3.13706,-3.6870599,-5.58706,-6.62706,-6.97706,-10.09706,-7.20706,-6.83706,-5.66706,-4.27706,1.02294,-1.6470599,2.64294,0.50294006,3.45294,-2.04706,-2.41706,-3.39706,-3.61706,-0.15705994,2.3029401,1.3329401,0.25294006,0.112940066,2.65294,-0.55705994,-1.6870599,-1.47706
5.55294,1.68294,-1.57706,-0.16705994,2.60294,4.14294,3.8029401,3.49294,2.22294,1.51294,0.69294006,-0.93705994,-1.6770599,-2.00706,-3.7070599,-3.88706,-3.7070599,-5.5770597,-8.70706,-6.54706,-7.25706,-9.20706,-6.43706,0.32294005,-1.32706,-3.63706,-0.97705996,-1.84706,-1.98706,-1.83706,-1.32706,-0.43705994,-3.34706,1.8129401,-3.02706,-5.43706,-2.80706,-7.1170597,-4.81706,-2.27706,2.82294
-0.60705996,-5.51706,-0.13705994,4.04294,2.94294,4.39294,4.46294,4.11294,3.88294,1.91294,0.5329401,0.6129401,-0.8870599,-2.30706,-3.39706,-4.46706,-5.27706,-2.83706,-5.06706,-6.81706,-4.22706,-5.73706,-6.54706,-4.73706,-4.63706,0.25294006,-1.86706,-0.0070599364,-0.28705993,-1.7970599,-2.2270598,-2.4570599,-1.6670599,-1.06706,0.76294005,-1.21706,-3.2370598,-4.5970597,-1.82706,-0.8870599,-1.1570599
0.96294004,1.38294,3.86294,5.44294,6.24294,6.03294,5.47294,3.45294,3.20294,2.0029402,-0.037059937,-1.08706,-1.22706,-1.4270599,-2.02706,-3.32706,-4.46706,-5.35706,-5.76706,-5.46706,-4.08706,-7.03706,-1.1670599,-3.63706,-4.47706,-5.22706,-5.81706,-4.93706,-3.32706,-2.9970598,-5.3270597,-6.56706,3.22294,4.71294,-1.6570599,0.8429401,2.58294,2.88294,-1.49706,-1.1670599,-1.2570599
-1.1870599,-0.04705994,-0.97705996,2.2529402,5.54294,4.55294,5.4029403,4.89294,3.74294,2.67294,1.9929401,0.27294007,0.27294007,-0.62705994,-1.2570599,-2.01706,-2.9870598,-3.80706,-5.1170597,-6.04706,-6.67706,-4.74706,-0.8970599,-0.17705993,-2.32706,-3.86706,-5.5770597,-7.31706,-7.0770597,-7.3470597,-7.33706,-7.06706,-2.9970598,1.7229401,-0.28705993,-1.7570599,-6.02706,3.08294,-0.7170599,2.16294,1.41294
0.5529401,0.5429401,0.22294006,3.7829401,3.95294,6.06294,6.24294,5.37294,4.32294,4.02294,1.92294,0.95294005,-0.9070599,-2.42706,-1.22706,-1.21706,-2.07706,-2.57706,-3.50706,-4.64706,-5.74706,-6.13706,-5.48706,-5.0770597,-3.81706,-5.3270597,-3.9570599,-5.56706,-6.80706,-7.3470597,-7.77706,-6.51706,-7.26706,-6.3270597,-0.5170599,-2.92706,1.75294,-4.87706,-5.23706,2.64294,1.40294
3.2929401,3.66294,3.45294,6.87294,7.09294,7.4029403,7.27294,6.6729403,5.54294,3.99294,3.17294,1.0729401,0.12294006,-1.31706,-2.41706,-2.39706,-2.03706,-1.85706,-2.2070599,-2.81706,-4.14706,-5.17706,-5.64706,-5.66706,-5.00706,-4.64706,-5.62706,-5.41706,-6.43706,-7.04706,-7.51706,-7.27706,-8.26706,-8.80706,-5.73706,-4.45706,-3.28706,-2.58706,-2.65706,0.93294007,-4.52706
5.18294,6.30294,8.30294,8.44294,8.05294,8.42294,7.81294,6.04294,5.93294,4.9229403,3.60294,2.20294,0.41294006,-0.27705994,-1.86706,-2.54706,-3.31706,-2.90706,-1.6270599,-1.47706,-3.01706,-4.23706,-4.13706,-4.63706,-4.14706,-4.01706,-4.91706,-4.78706,-6.20706,-6.69706,-6.99706,-7.3470597,-7.67706,-8.83706,-6.3670597,-4.76706,-3.09706,-0.47705993,1.00294,0.96294004,-0.6570599
7.14294,9.21294,9.08294,7.75294,8.06294,7.60294,7.08294,5.20294,4.95294,4.81294,3.47294,2.2729402,1.92294,0.052940063,-0.67705995,-1.2870599,-1.33706,-1.94706,-1.8970599,-1.84706,-1.5070599,-2.87706,-3.6970599,-3.80706,-3.4570599,-3.25706,-4.3470597,-4.88706,-5.69706,-6.41706,-8.51706,-8.6070595,-8.32706,-8.33706,-7.94706,-8.3570595,-4.93706,-2.34706,1.79294,0.21294007,1.00294
7.51294,7.46294,7.22294,7.02294,6.83294,6.95294,5.89294,6.12294,6.33294,4.91294,4.47294,3.7929401,2.5629401,1.65294,0.8629401,-0.17705993,-0.49705994,-0.87705994,-1.0270599,-1.24706,-1.3870599,-1.5470599,-2.4970598,-2.9470599,-3.26706,-3.4970598,-3.9470599,-4.38706,-4.55706,-6.22706,-6.3670597,-7.35706,-7.53706,-8.20706,-7.95706,-9.46706,-1.08706,-2.83706,-2.76706,-1.94706,-2.13706
8.54294,7.11294,6.72294,6.3829403,6.37294,7.25294,6.50294,6.18294,5.9229403,5.54294,3.7729402,3.94294,2.88294,2.82294,2.3029401,1.7229401,0.95294005,0.7229401,0.07294007,-0.45705995,-0.7770599,-1.1870599,-2.2070599,-2.62706,-2.7070599,-2.67706,-4.12706,-4.38706,-4.38706,-5.48706,-6.44706,-6.3470597,-6.5970597,-6.67706,-8.45706,-8.97706,-5.21706,-1.48706,-3.52706,-1.7970599,-1.5270599
8.36294,7.50294,7.4229403,7.52294,7.59294,6.33294,6.29294,6.3829403,5.18294,4.44294,4.50294,2.71294,2.94294,2.91294,2.94294,2.49294,1.89294,1.1029401,0.22294006,-0.38705993,-0.15705994,-1.4070599,-1.5370599,-2.4770598,-2.32706,-2.2370598,-2.7170599,-3.9970598,-4.17706,-4.71706,-5.43706,-6.18706,-5.44706,-6.47706,-5.91706,-7.42706,-6.73706,-4.67706,-2.77706,-1.61706,-1.6870599
7.1729403,9.48294,7.84294,7.91294,6.41294,4.99294,6.82294,7.51294,8.16294,5.45294,1.8329401,3.07294,3.43294,2.98294,3.0329401,2.7729402,2.22294,1.91294,1.28294,0.7329401,0.82294005,0.38294005,-0.30705994,-1.11706,-2.35706,-1.6870599,-0.91705996,-2.66706,-2.78706,-3.25706,-4.31706,-5.08706,-5.56706,-5.70706,-6.29706,-6.49706,-7.03706,-4.81706,-6.63706,-4.99706,-3.09706
5.9229403,7.30294,6.37294,8.06294,7.39294,6.6329403,6.1529403,8.04294,6.78294,6.10294,4.12294,0.15294006,2.11294,3.2729402,3.57294,3.36294,3.2729402,2.95294,1.89294,1.9829401,1.6129401,1.00294,0.42294008,-0.59705997,-1.22706,-1.83706,-2.27706,-2.39706,-2.65706,-2.11706,-2.57706,-3.56706,-3.9970598,-4.67706,-4.52706,-5.80706,-5.33706,-5.6170597,-5.56706,-4.45706,-5.27706
-0.6370599,6.79294,6.07294,8.15294,8.06294,7.37294,6.98294,7.52294,7.22294,5.59294,3.60294,2.15294,1.5729401,1.9429401,5.32294,4.04294,3.8129401,3.5229402,3.15294,2.90294,2.62294,1.77294,1.0629401,0.46294007,-0.56705993,-1.1870599,-2.35706,-1.9370599,-2.40706,-2.63706,-2.4770598,-1.7770599,-2.60706,-3.36706,-3.4970598,-4.23706,-4.68706,-4.40706,-4.81706,-5.21706,-3.26706
