wind_kz.json
{"header": {"discipline":0,"disciplineName":"Meteorological products","gribEdition":2,"gribLength":1102,"center":7,"centerName":"US National Weather Service - NCEP(WMC)","subcenter":0,"refTime":"2025-04-05T00:00:00.000Z","significanceOfRT":1,"significanceOfRTName":"Start of forecast","productStatus":0,"productStatusName":"Operational products","productType":1,"productTypeName":"Forecast products","productDefinitionTemplate":0,"productDefinitionTemplateName":"Analysis/forecast at horizontal level/layer at a point in time","parameterCategory":2,"parameterCategoryName":"UnknownDiscipline_0_Category_2","parameterNumber":3,"parameterNumberName":"UnknownParameter_D0_C2_3","parameterUnit":"Unknown","genProcessType":2,"genProcessTypeName":"Forecast","forecastTime":0,"surface1Type":103,"surface1TypeName":"Specified height level above ground","surface1Value":10.0,"surface2Type":255,"surface2TypeName":"Missing","surface2Value":0.0,"gridDefinitionTemplate":0,"gridDefinitionTemplateName":"Latitude_Longitude","numberPoints":615,"shape":6,"shapeName":"Earth spherical with radius of 6,371,229.0 m","gridUnits":"degrees","resolution":48,"winds":"true","scanMode":64,"nx":41,"ny":15,"basicAngle":0,"lo1":47.0,"la1":41.0,"lo2":87.0,"la2":55.0,"dx":1.0,"dy":1.0}, "data":
[rows 0 to 14 of 15, columns 0 to 40 of 41]
1.4845386,-1.7154614,2.5945387,5.2345386,2.6845386,-0.7254614,-1.5254614,-1.7854614,-1.0954614,-0.83546144,1.2945386,0.5145386,-1.0254614,-0.17546143,-1.5354614,-2.7354615,-3.2554615,-0.8454614,-2.5954614,-1.8054614,-3.9754615,0.85453856,0.73453856,-1.3554615,-0.7954614,-5.0554614,-0.40546143,0.7145386,2.3045385,3.3945386,-2.5654614,-3.1154613,0.43453857,-1.4054614,0.7045386,3.0845385,3.3745387,3.3845387,3.5245385,3.6745386,0.014538574
6.0545387,1.6745386,2.8945386,3.6645386,2.0845385,-0.32546142,-1.5754614,-1.0954614,-1.6954614,-2.3054614,0.25453857,-0.90546143,-1.1054615,-1.1954614,-1.0054615,-2.5354614,-1.9654614,-1.7754614,-2.3754613,-2.2754614,-2.9454615,-3.7954614,3.2345386,2.9945385,0.54453856,2.3645387,-0.6754614,2.3245385,2.3145385,1.4645386,6.5645385,5.7945385,-0.5654614,-1.4554614,-4.9654613,-0.33546144,-1.9454614,-2.9754615,-1.0154614,0.84453857,2.6845386
1.8045386,6.1645384,3.3245385,2.6045387,1.7645385,1.1245385,0.54453856,-0.8454614,-0.9954614,-1.3754615,0.6845386,0.80453855,-1.9654614,-2.0854614,-1.2654614,-1.5554614,-1.9754615,-2.1554613,-3.0654614,-3.1154613,-1.5554614,0.54453856,-0.23546143,1.8345386,0.07453857,0.19453858,-2.9554615,-1.2654614,0.41453856,3.1745386,3.4545386,2.8645387,2.7945385,-0.6654614,-1.0454614,4.4545383,5.8245387,-0.025461426,0.84453857,-2.3254614,-1.8054614
1.6645386,4.3545384,3.8845387,2.0545385,1.8045386,0.91453856,0.73453856,1.9945385,0.3245386,-1.0254614,1.2145386,0.14453858,-0.30546144,-1.1854614,-1.7654614,-1.3054614,-0.9354614,-1.6254615,-1.7454615,-2.2954614,0.15453857,0.2945386,1.1845386,1.7645385,-0.71546143,-3.9454615,-2.3954613,-3.6954615,-4.3954616,-1.8154614,-0.6154614,3.2745385,-0.045461427,-0.8054614,-0.37546143,-2.9654615,-1.3854614,2.7845385,7.1345387,3.4645386,2.7945385
3.2445385,3.5445385,3.0645385,4.3545384,2.9945385,1.2445385,1.0745386,0.6945386,0.8745386,1.2345386,1.7145386,0.79453856,-0.5954614,-0.9754614,-1.5954614,-1.3654615,-0.8154614,-1.4854615,0.55453855,-0.29546142,-1.7354615,-2.3854613,-3.6054614,-3.7054615,-3.1654615,-3.1254613,-3.5354614,-3.7754614,-2.6254613,-0.57546145,-1.0354614,-0.27546144,4.3145385,2.7245386,-1.6454614,-0.17546143,0.45453858,0.09453858,-1.4954615,1.6845386,3.4545386
1.2145386,1.2945386,3.3045385,3.3945386,3.1945386,2.9545386,2.4845386,1.4045386,1.3345386,2.6845386,0.5745386,0.104538575,-0.5454614,-0.035461426,-0.025461426,-0.7454614,0.31453857,-0.23546143,1.0345386,0.8845386,-0.36546144,-0.90546143,-1.6054615,-2.1954615,-2.7654614,-3.0854614,-3.3054614,-3.6354613,-6.1854615,-6.2654614,-4.8754616,-2.4654615,0.14453858,0.67453855,3.5845385,3.8345385,1.0045385,0.8145386,0.15453857,-0.9254614,3.2545385
1.7645385,1.7545385,3.4445386,2.3045385,2.9445386,3.3745387,3.5645385,2.8945386,2.8245385,2.7845385,2.1545386,0.34453857,0.48453858,0.85453856,1.1245385,0.8945386,2.0345385,3.3845387,3.3245385,2.1545386,0.7645386,-0.27546144,-0.38546142,-1.7854614,-2.5254614,-1.9054614,-0.83546144,-2.3354614,-3.5054615,-5.1854615,-6.2954617,-6.4254613,-6.5454617,-5.3854613,-0.40546143,-0.47546142,-3.8954613,1.4745386,1.6545386,0.054538574,5.5545387
2.2845385,2.6145387,3.0745385,2.8145385,2.6845386,3.1845386,4.1545386,4.7145386,4.5845385,3.9245386,3.2045386,1.9245386,1.1645386,1.8145386,0.38453856,-0.26546142,1.3645386,3.7245386,3.7445385,3.4945385,1.4645386,0.8745386,-1.2654614,-0.77546144,-0.65546143,-0.5454614,-3.3254614,-3.5554614,-4.6654615,-2.9354615,-3.7554615,-5.4354615,-5.5954614,-6.0354614,-4.8754616,-3.3154614,-3.2054615,3.4745386,-5.6554613,2.4245386,-1.9354614
3.0645385,3.2845385,3.0045385,3.4745386,3.8945386,3.8545387,3.6245387,4.0745387,4.3045387,4.244539,3.2245386,2.6045387,2.2045386,2.0345385,1.2445385,-0.24546142,2.2345386,4.3645387,5.1245384,4.474539,2.7045386,1.5145385,0.6445386,0.014538574,0.0045385743,0.044538572,-0.8554614,-1.1954614,-2.8454614,-4.2254615,-3.0954614,-2.2154615,-3.4554615,-5.8454614,-4.7954617,-7.1354613,-3.2654614,3.9445386,4.9845386,3.0745385,-0.29546142
3.6745386,3.5545385,3.7145386,3.9545386,4.2545385,4.3245387,4.2045383,4.4545383,4.4145384,4.474539,3.7945385,3.3745387,2.9245386,2.4945385,2.2645385,0.7545386,0.5645386,2.7145386,4.8245387,4.6245384,4.264539,3.5245385,2.1045387,1.3545386,1.0745386,1.1445385,-0.055461425,-0.8654614,-0.65546143,-1.9054614,-2.3854613,-2.3954613,-2.2154615,-2.2954614,-2.1154613,-2.7054615,0.104538575,1.0945386,2.2145386,7.724539,5.7145386
3.8245385,4.1545386,4.1745386,3.5245385,4.3745384,4.9445386,6.1945386,6.0045385,5.0045385,4.0845385,4.014539,4.1845384,3.8645387,4.0845385,3.3445387,2.4845386,2.2445385,1.8645386,4.1345387,6.244539,4.8845387,3.9845386,3.2545385,2.8245385,2.1945386,2.2145386,1.5945386,0.5745386,-0.35546142,-1.5354614,-2.4354615,-2.1854615,-1.7954614,-0.5354614,-0.8654614,-0.41546142,0.3245386,2.5545385,8.104539,6.7145386,7.0845385
3.5345385,4.1145387,4.4445386,4.9545383,5.244539,5.5845385,5.3045387,5.5845385,4.9245386,4.3045387,3.7045386,3.4345386,4.0945387,4.744539,4.5345387,3.7745385,3.1445386,2.4245386,4.1645384,5.6645384,5.5045385,3.5445385,2.9845386,2.3245385,2.1645386,1.7045386,2.3045385,0.92453855,-1.0354614,-2.4254615,-2.0254614,-2.3154614,-1.4054614,-1.2254615,-0.88546145,-1.1254615,1.7845386,3.2045386,4.2745385,4.1345387,4.1045384
2.7845385,4.0845385,3.9945385,3.5845385,4.4045386,3.7345386,5.1145387,6.3345385,7.2145386,5.994539,3.0345385,3.3145385,4.9045386,4.764539,5.3045387,5.0545387,4.1745386,3.3845387,3.5345385,5.0745387,5.7545385,4.6345387,3.7445385,3.3845387,2.5245385,2.8545387,1.5145385,0.7145386,0.30453858,-0.89546144,-1.5654614,-2.3754613,-2.3654613,-1.6054615,-1.4654614,-0.7254614,-1.2054614,1.0545386,7.4445386,12.174539,6.9645386
-0.64546144,0.38453856,-0.7254614,1.9345386,1.9045386,3.7045386,4.9345384,5.6245384,6.3345385,6.6145387,4.5345387,2.8845387,4.0545387,5.7345386,5.4645386,5.4045386,4.8945384,4.2545385,3.2745385,3.3345385,3.4445386,3.2445385,3.2845385,3.5045385,2.5245385,1.3245386,0.7645386,-0.7254614,-1.1654614,-2.0654614,-2.0954614,-2.4854615,-3.3054614,-2.9754615,-2.8854613,-3.5854614,-2.0554614,-4.3154616,8.364538,8.004539,12.874538
0.22453858,-1.4254614,1.5345386,2.9545386,1.0045385,-0.7454614,1.4845386,3.2545385,4.1345387,4.994539,5.244539,6.3445387,3.9345386,3.8045385,7.1445384,6.4045386,5.7845387,5.5545387,4.5045385,3.7145386,3.2045386,2.7845385,3.2445385,2.6445386,1.6645386,0.99453855,-1.6554614,-1.4354614,-1.8354614,-2.2254615,-2.5254614,-3.0154614,-2.7454615,-3.0654614,-2.8354614,-3.9454615,-3.4054613,-5.7154613,-9.485461,9.784538,8.124538
