wind.json
{"header": {"discipline":0,"disciplineName":"Meteorological products","gribEdition":2,"gribLength":1125,"center":7,"centerName":"US National Weather Service - NCEP(WMC)","subcenter":0,"refTime":"2023-06-27T00:00:00.000Z","significanceOfRT":1,"significanceOfRTName":"Start of forecast","productStatus":0,"productStatusName":"Operational products","productType":1,"productTypeName":"Forecast products","productDefinitionTemplate":0,"productDefinitionTemplateName":"Analysis/forecast at horizontal level/layer at a point in time","parameterCategory":2,"parameterCategoryName":"UnknownDiscipline_0_Category_2","parameterNumber":3,"parameterNumberName":"UnknownParameter_D0_C2_3","parameterUnit":"Unknown","genProcessType":2,"genProcessTypeName":"Forecast","forecastTime":120,"surface1Type":103,"surface1TypeName":"Specified height level above ground","surface1Value":10.0,"surface2Type":255,"surface2TypeName":"Missing","surface2Value":0.0,"gridDefinitionTemplate":0,"gridDefinitionTemplateName":"Latitude_Longitude","numberPoints":688,"shape":6,"shapeName":"Earth spherical with radius of 6,371,229.0 m","gridUnits":"degrees","resolution":48,"winds":"true","scanMode":64,"nx":43,"ny":16,"basicAngle":0,"lo1":45.0,"la1":40.0,"lo2":87.0,"la2":55.0,"dx":1.0,"dy":1.0}, "data":
[rows 0 to 15 of 16, columns 0 to 42 of 43]
-2.8018212,0.098178715,1.4481788,1.4081787,-1.7318213,-1.4618213,-5.4918213,-6.801821,-6.7618213,-5.8118215,-3.7418213,-2.2918212,-4.841821,-5.5118213,-7.301821,-7.3718214,-4.5418215,-0.5018213,-1.6718212,-2.6218214,-1.8918213,0.79817873,1.0581787,1.7181787,1.5481787,1.7081788,3.4181788,4.178179,3.3981788,1.0581787,2.8281786,-0.9618213,-1.5718213,-0.9418213,-0.16182129,-0.95182127,2.3381786,2.4681787,1.9381787,1.1181787,-1.2718213,-1.8618213,-0.9118213
0.8481787,-0.3918213,0.008178711,-1.8618213,0.18817872,-0.25182128,-2.9918213,-5.7918215,-6.6018214,-5.611821,-3.1018212,-3.9418213,-5.921821,-6.9118214,-6.151821,-6.0118213,-4.1618214,0.9381787,-1.0618213,-1.9218212,-0.47182128,1.5981787,-2.1518214,0.60817873,0.3981787,-2.3418212,-1.1218213,-2.3018212,-1.3818213,0.3881787,2.6481788,4.2581787,0.27817872,0.43817872,0.8281787,1.1881787,1.5681787,2.5981786,3.0681787,2.7081788,1.4081787,-2.0918212,0.3181787
-0.41182128,-0.5418213,3.2281787,2.1881788,-3.0918212,1.2581787,-2.2218213,-3.6918213,-5.571821,-5.191821,-3.3018212,-3.4818213,-5.5618215,-6.111821,-5.7418213,-6.171821,-0.76182127,0.33817872,-1.0618213,1.0181787,-1.8618213,-0.7918213,1.1481787,1.9381787,2.9981787,1.6481787,-0.2618213,-2.0918212,-3.3518212,0.2481787,0.06817871,2.1581788,4.0881786,4.828179,0.3981787,-2.4418213,-1.0018213,0.6781787,-0.58182126,0.36817873,0.2981787,-0.6518213,0.9081787
3.2181787,3.1181786,1.6981788,-4.5218215,-5.301821,-2.4018214,-1.7418213,-2.4518213,-2.8018212,-3.2718213,-2.0818212,-4.631821,-6.881821,-6.441821,-6.1018214,-7.6018214,0.5281787,1.7481787,1.0681787,-0.04182129,-1.8318213,-0.4918213,1.3781787,0.8881787,-2.0818212,-0.2218213,1.0881788,0.1381787,0.6981787,0.14817871,-0.6218213,2.5081787,4.9781785,2.5381787,3.0281787,-1.2718213,-0.2218213,3.2381787,3.8981788,0.6281787,0.73817873,0.22817871,0.9581787
0.85817873,0.9581787,0.7481787,-0.31182128,-4.401821,-4.7518215,-3.5418212,-1.0218213,-0.7518213,-1.9218212,-1.6718212,-4.091821,-5.461821,-6.8518214,-7.7018213,-7.091821,-1.9618213,-0.95182127,-0.7318213,1.5781788,2.0281787,1.6381787,-0.9618213,-1.7518213,2.7981787,-0.051821288,-0.4618213,-0.9918213,-1.1218213,-2.7818213,-0.70182127,-2.6418214,0.02817871,-0.28182128,-1.9418213,-1.2618213,-0.9118213,-3.5418212,-0.9818213,2.8381786,2.6781788,1.2381787,0.08817871
1.3081787,0.73817873,-0.2218213,-2.9618213,-3.5518212,-3.2618213,-4.1218214,-0.8118213,-1.9218212,1.5881788,-0.19182129,-1.5218213,-4.0118213,-6.691821,-8.861821,-9.281821,-3.8518212,1.1881787,-0.6118213,0.22817871,0.3981787,0.43817872,1.1581787,1.2681787,0.60817873,0.15817872,-0.5418213,-0.38182127,-1.7518213,-1.0918213,-1.6218213,-3.2418213,-5.0418215,-0.6618213,2.0481787,1.5881788,0.1381787,-1.6318213,-0.3618213,-3.1918213,-2.8918214,-0.5418213,-0.9918213
0.9081787,1.0081787,1.2981787,-0.3618213,-3.0218213,-3.4818213,-3.0518212,-3.1918213,-2.0318213,0.5881787,1.7281787,-0.21182129,-2.7418213,-5.5818214,-7.8318214,-6.981821,-2.2218213,0.7781787,1.8481787,2.6581788,0.5881787,0.8881787,0.85817873,1.0981787,2.3981788,1.0081787,0.5981787,-0.021821288,1.2681787,0.3181787,-1.3318213,-2.8918214,-3.8318212,-4.0318213,-3.5618212,-2.1818213,1.3281788,0.038178712,1.7281787,-0.15182129,-4.7218213,2.5481787,0.2881787
-0.76182127,-0.04182129,-0.3318213,-0.19182129,-0.47182128,-0.6618213,-1.5318213,-0.52182126,-1.2618213,-0.18182129,2.3581786,0.36817873,-2.0118213,-3.2618213,-3.3018212,-5.1218214,2.0481787,-6.7918215,1.9781787,2.6181786,3.8781786,2.5481787,2.1781788,1.8181787,1.2581787,1.6681787,0.5281787,0.60817873,-0.37182128,-0.38182127,-3.0618212,-1.9818213,-3.2418213,-4.3318214,-6.4518213,-6.901821,-2.3818214,-2.8218212,-4.7818213,-3.7618213,-2.7218213,-1.3618213,-3.6518214
-0.52182126,-0.28182128,-0.0018212891,-0.47182128,-0.0018212891,-0.23182128,0.10817871,-1.5718213,-1.1318213,1.2481787,2.9381788,0.91817874,-1.8618213,-2.7218213,-0.3618213,-1.9518213,2.4081788,-8.151821,-1.4918213,3.8681786,4.7481785,3.2981787,0.8881787,0.98817873,1.6181787,1.3581787,2.8781786,3.4081788,4.0281787,0.01817871,-0.4618213,-2.3818214,-2.2618213,-2.1418214,-4.231821,-4.941821,-1.7218213,-0.4218213,-1.8018212,-0.9718213,0.14817871,-0.13182129,-0.58182126
0.1381787,0.06817871,0.4781787,-0.011821289,-0.06182129,-0.8018213,-0.4518213,-0.25182128,-0.4218213,0.49817872,3.0181787,1.5281787,-2.4918213,-2.8818214,-1.3118213,2.0381787,0.5681787,-5.671821,1.0181787,5.0081787,4.7381787,5.4181786,3.0181787,1.1481787,1.5681787,2.1781788,2.6181786,4.6881785,2.4781787,3.2081788,1.6481787,0.2581787,-0.31182128,0.1681787,0.02817871,-1.8718213,-2.8418212,-3.1218214,-2.8418212,-3.0218213,-2.9418213,-3.1718214,-3.5218213
0.3881787,-0.04182129,0.40817872,0.5381787,0.7081787,0.5681787,-0.011821289,-0.04182129,0.79817873,2.3281786,3.5881786,2.7881787,-0.3518213,-2.2518213,-2.1718214,1.2881787,0.9981787,-3.8418212,-4.9718213,4.788179,6.538179,5.638179,4.768179,4.448179,2.8881788,2.0081787,2.7481787,2.6181786,2.3981788,2.2381787,1.8381788,1.1881787,1.7981787,1.4881787,0.01817871,-1.2718213,-2.4918213,-1.4718213,0.2881787,-2.1618214,-2.2118213,-0.7218213,-1.7118213
0.6381787,0.01817871,0.7781787,0.6881787,0.7881787,0.7881787,1.0281787,1.0481787,2.1781788,2.7881787,3.8481786,3.0381787,1.3181787,-0.11182129,-2.0118213,1.4081787,5.4381785,-0.09182129,-6.0318213,-1.8818213,3.5181787,4.828179,5.558179,5.5281787,3.9181788,4.518179,3.3581786,3.4981787,2.1181786,2.8781786,2.4081788,2.5781786,2.9281788,1.7381787,0.7181787,-0.6018213,-2.0418212,-2.4718213,-1.8818213,0.49817872,-0.52182126,0.37817872,-0.83182126
0.2581787,-0.2618213,0.4781787,1.2081788,1.7981787,1.9681787,1.6981788,2.0381787,2.3281786,2.9081788,2.7981787,2.0581787,0.6481787,-1.0618213,-1.4718213,1.2481787,3.2381787,-1.3618213,-3.1318214,-5.5418215,6.0481787,5.3981786,6.018179,3.6981788,2.8281786,2.9181788,3.4881787,2.8581786,3.5381787,4.428179,3.3881788,3.0681787,2.4781787,2.2581787,1.0481787,0.1381787,-0.9018213,-1.8818213,-1.1118213,0.5381787,0.8081787,1.4181787,0.8081787
0.6181787,0.22817871,-0.44182128,-0.4518213,1.4181787,1.4681787,2.1181786,1.6881787,2.0881786,3.1581788,3.9581788,1.6081787,1.3881787,1.5381787,0.8881787,0.6981787,6.1681786,3.5081787,-0.3918213,-1.3718213,3.9281788,6.2581787,7.078179,5.8581786,5.178179,4.018179,4.7481785,4.3581786,3.1381788,3.2381787,3.2081788,3.0381787,3.1881788,2.6381788,1.8881787,1.2181787,0.3281787,-0.5618213,-1.6718212,-1.2918212,-2.1818213,0.06817871,0.6881787
0.7681787,0.3581787,-0.47182128,-0.3018213,-0.021821288,0.8381787,1.6881787,2.8481786,3.1281786,3.7681787,3.4381788,4.2781787,2.1581788,1.8681787,1.8681787,2.5281787,3.2881787,3.3181787,-0.06182129,-0.23182128,2.1281786,5.518179,4.268179,4.058179,3.7181787,3.1481788,2.9181788,2.8681786,2.6581788,2.9681787,2.9881787,2.9981787,2.8981788,2.6781788,2.7081788,2.5481787,1.3581787,0.3581787,-0.9218213,-1.3718213,-1.6118213,-1.8618213,-0.89182127
0.9281787,0.3181787,0.6481787,0.06817871,-0.3218213,2.0981786,2.2881787,2.8581786,3.4381788,3.2881787,5.0681787,5.5081787,3.4781787,3.2581787,1.8581787,2.4781787,5.7081785,3.6781788,1.7081788,-0.18182129,2.1881788,4.2781787,4.1881785,3.9181788,3.2781787,3.2481787,3.4381788,3.0581787,3.0881786,2.9381788,2.7381787,2.6581788,2.7281787,3.0181787,2.2981787,2.2581787,2.0781786,1.4281787,1.0481787,-0.04182129,-0.21182129,-1.3318213,-0.70182127
