wind_kz.json
{"header": {"discipline":0,"disciplineName":"Meteorological products","gribEdition":2,"gribLength":1102,"center":7,"centerName":"US National Weather Service - NCEP(WMC)","subcenter":0,"refTime":"2023-09-09T18:00:00.000Z","significanceOfRT":1,"significanceOfRTName":"Start of forecast","productStatus":0,"productStatusName":"Operational products","productType":1,"productTypeName":"Forecast products","productDefinitionTemplate":0,"productDefinitionTemplateName":"Analysis/forecast at horizontal level/layer at a point in time","parameterCategory":2,"parameterCategoryName":"UnknownDiscipline_0_Category_2","parameterNumber":3,"parameterNumberName":"UnknownParameter_D0_C2_3","parameterUnit":"Unknown","genProcessType":2,"genProcessTypeName":"Forecast","forecastTime":60,"surface1Type":103,"surface1TypeName":"Specified height level above ground","surface1Value":10.0,"surface2Type":255,"surface2TypeName":"Missing","surface2Value":0.0,"gridDefinitionTemplate":0,"gridDefinitionTemplateName":"Latitude_Longitude","numberPoints":615,"shape":6,"shapeName":"Earth spherical with radius of 6,371,229.0 m","gridUnits":"degrees","resolution":48,"winds":"true","scanMode":64,"nx":41,"ny":15,"basicAngle":0,"lo1":47.0,"la1":41.0,"lo2":87.0,"la2":55.0,"dx":1.0,"dy":1.0}, "data":
[rows 0 to 14 of 15, columns 0 to 40 of 41]
-1.1253797,0.5646204,-0.98537964,0.16462035,-2.3053796,-3.7953796,-1.7153796,-2.2553797,1.8146204,1.3846203,1.1146203,0.96462035,0.03462036,-0.34537965,0.22462036,-0.59537965,-1.8753797,-2.3353796,-3.3553796,-1.7853796,-1.2553797,-3.8453796,-2.9953797,1.7146204,2.9246204,3.9146204,0.31462038,1.5146203,-1.5653796,1.9046204,2.4346204,3.0346203,-0.71537966,-2.4553797,-2.0553796,0.5046204,1.7546203,1.0146203,-0.32537964,0.18462037,0.42462036
0.64462036,-0.64537966,4.0246205,4.6246204,0.95462036,-1.2353797,-0.5553796,0.03462036,-0.43537962,0.79462034,1.9646204,1.8846203,0.98462033,0.51462036,0.32462037,0.28462037,0.10462036,-0.5553796,0.14462036,-0.5653796,-2.2553797,-3.8053796,-4.0153794,0.71462035,4.9146204,4.17462,3.6046205,3.7346203,-0.5653796,3.5146203,0.17462036,4.38462,2.1646204,3.0246203,3.2646203,2.4046204,2.5046203,2.7546203,2.2846203,1.3946204,-0.10537964
-0.29537964,4.8346205,1.2846204,0.40462035,0.70462036,0.59462035,0.37462035,-0.8053796,-0.61537963,-0.48537964,-0.15537964,0.33462036,0.5546204,0.79462034,0.14462036,-0.18537964,0.6246204,-0.35537964,1.0046203,1.1646204,-0.8853796,-1.8853797,-1.9353796,0.06462036,-1.7553797,-1.8853797,-1.9753796,-3.5553796,-0.83537966,-2.6553795,0.63462037,1.5846204,-3.7453797,2.0846205,0.34462035,-2.9753797,-3.9853797,-0.12537964,-0.6353796,2.5946205,2.2346203
-0.34537965,0.73462033,0.71462035,1.9546204,2.3946204,0.09462036,1.0346204,-0.43537962,-0.65537965,-0.53537965,-0.6853796,-0.79537964,-1.4953797,-0.48537964,-0.49537963,0.78462034,0.9246204,1.5146203,0.96462035,1.9646204,1.8546203,1.0046203,-1.2953796,0.17462036,-0.42537963,-1.0653796,-0.92537963,-1.7553797,-1.5753796,-2.2353797,-3.6253796,-4.5153794,-0.19537964,1.9146204,1.4646204,2.6246204,3.5546203,1.5346204,-4.84538,-6.38538,-5.57538
-1.1153797,0.6846204,0.084620364,0.31462038,0.35462037,1.3246204,1.4946203,0.89462036,-0.24537964,-0.15537964,-0.37537965,-1.3553796,-1.4353796,-1.0153797,1.7546203,1.0646204,1.2846204,1.4346204,1.5046203,3.3146203,2.3946204,1.7346203,1.4346204,0.82462037,0.52462035,1.7346203,2.6746204,1.1846204,0.13462037,0.04462036,0.43462035,-0.41537964,1.1446204,1.5446204,0.73462033,-0.13537964,-8.12538,-3.3653796,-9.64538,-10.25538,-3.5353796
-0.10537964,-0.79537964,-0.72537965,-1.5153797,-2.6753798,-2.7653797,-1.3653797,-0.89537966,-0.45537964,-1.1153797,-0.39537963,-1.3553796,-2.0553796,-1.3353796,2.3346205,1.5846204,0.77462035,0.77462035,1.2346203,1.8446203,3.5246203,2.8246202,1.4446204,2.5346203,3.1746204,2.7046204,3.6246204,5.42462,0.52462035,1.3246204,1.4746203,2.2346203,2.3446205,2.4746203,1.5246204,0.65462035,0.6846204,-7.07538,-6.7253795,1.6746204,-14.485379
-1.1953796,-1.8753797,-2.5853796,-1.3153796,-1.8853797,-2.9553797,-3.2253797,-3.0553796,-2.0453796,-1.3953797,-1.4753796,-0.8753796,-0.07537964,0.28462037,1.5246204,1.6346203,1.3146204,1.4146204,1.2946204,1.0946203,1.9746203,2.7446203,3.8746204,4.2446203,3.6146204,3.5846205,4.0246205,4.9646206,4.0546203,3.4946203,3.8946204,4.40462,5.7046204,4.11462,3.9546204,-1.9553796,2.5846205,0.07462036,-1.1353797,0.13462037,-13.62538
-2.8553796,-2.8253796,-2.8653796,-0.70537966,-2.7553797,-1.9853797,-2.3953795,-2.5553796,-1.7253796,-2.0553796,-1.7853796,-1.0953796,-0.58537966,0.95462036,0.8746204,1.5546204,1.3446203,1.2146204,1.6846204,1.7646203,1.7946204,2.4846203,3.1746204,4.0846205,4.9946203,6.2046204,5.3146205,5.8746204,5.44462,4.63462,4.3146205,4.3546205,6.19462,7.9846206,7.4146204,5.0246205,-3.3653796,2.8046203,0.65462035,-0.64537966,-4.1053796
-3.5653796,-3.9453797,-2.6153796,-1.7753797,-1.8453796,-2.3453796,-2.6753798,-2.3553796,-2.0853796,-1.9053797,-0.98537964,-1.3453796,-1.2553797,-0.5653796,0.79462034,1.0546204,0.84462035,1.8846203,2.4646204,3.1246204,3.4546204,3.1746204,4.5646205,5.8546205,6.94462,7.0646205,7.2446203,7.8246202,6.7846203,5.9746203,5.90462,6.11462,5.4546204,6.2246203,5.4546204,4.9346204,4.65462,4.2946205,5.13462,3.0546203,1.3346204
-3.4953797,-2.3753796,-3.2653797,-2.5453796,-3.2453797,-3.3253796,-3.5853796,-3.8353796,-2.7353797,-2.0853796,0.8746204,1.3446203,-0.52537966,-0.58537966,0.014620361,-0.54537964,-0.46537963,1.8046204,3.0746202,3.8846204,5.13462,4.9746203,5.0246205,6.4146204,6.15462,7.7346206,7.8146205,7.6646204,7.0346203,6.4546204,5.0346203,5.1446204,3.6246204,4.0846205,5.0146203,3.9546204,4.5546203,0.66462034,2.8146203,5.0546203,4.0546203
-3.2353797,-3.2153797,-3.1553795,-3.7953796,-4.11538,-5.2553797,-5.2153797,-5.1753798,-4.34538,-3.5553796,-2.1953797,-0.36537963,0.44462037,0.17462036,-0.45537964,-0.6853796,-0.95537966,-1.7253796,0.20462036,1.3046204,3.6746204,4.2146206,4.2146206,7.3546205,9.68462,8.68462,6.6046205,5.9346204,4.92462,4.7046204,5.4546204,5.2346206,5.2846203,4.8346205,5.09462,5.1046205,5.0346203,3.2146204,3.9746203,2.2046204,1.6146203
-2.5553796,-3.0653796,-3.5753796,-4.5153794,-4.05538,-5.15538,-5.4653797,-5.4153795,-5.4553795,-6.0053797,-4.38538,-6.1453795,-5.2653794,-4.9553795,-5.2053795,-5.5853796,-5.80538,-5.7453794,-5.2453794,-4.5653796,-2.7553797,4.0146203,0.03462036,1.8846203,7.0646205,8.014621,7.9846206,8.35462,8.02462,6.6646204,6.3946204,6.6246204,5.3946204,6.5646205,4.9746203,6.4646206,6.0046206,7.1646204,2.4746203,0.53462034,0.83462036
-2.1153796,-2.9053795,-3.2853796,-3.7353797,-3.7653797,-3.3653796,-4.84538,-6.4353795,-6.1453795,-4.2753797,-2.6753798,-4.0253797,-5.6753798,-5.6953797,-6.65538,-6.90538,-6.2153797,-6.4553795,-6.8953795,-6.9453797,-7.11538,-5.2053795,-3.3253796,1.9146204,3.0846205,6.2046204,6.1846204,3.9846203,3.0846205,2.8946204,3.4046204,4.3546205,6.5146203,6.34462,6.2346206,5.3746204,3.9146204,3.9646204,5.5146203,2.1146204,1.1346203
-2.6653795,-2.5853796,-3.3253796,-3.7753797,-4.40538,-5.8753796,-6.2853794,-6.05538,-6.0353794,-6.2753797,-3.0153797,-2.9153795,-6.1053796,-7.0853796,-6.9153795,-6.8353796,-6.9653797,-7.1953797,-6.6253796,-5.59538,-5.8953795,-5.7553797,-5.9253798,-6.2853794,-4.63538,-4.7553797,-3.8753796,-2.0653796,1.2446203,2.6346204,3.4746203,4.1046205,8.634621,7.2646203,6.4946203,4.5446205,4.42462,3.7546203,3.6146204,2.9346204,4.8746204
-1.5453796,-2.1453795,-4.5253797,-4.1853795,-5.2353797,-5.1253796,-5.2353797,-4.9353795,-5.36538,-4.1453795,-3.1453795,-3.8153796,-3.5353796,-4.6953797,-6.86538,-6.8953795,-6.6853795,-6.5053797,-7.13538,-7.3353796,-7.1453795,-6.8953795,-6.2553797,-4.7053795,-3.9753797,-4.9153795,-4.3353796,-3.6553795,-3.2153797,-2.9453797,-2.3253796,-1.9053797,-0.11537964,1.4146204,0.6946204,0.52462035,0.58462036,0.8746204,1.7146204,2.2946203,1.2146204
