wind_kz.json
{"header": {"discipline":0,"disciplineName":"Meteorological products","gribEdition":2,"gribLength":871,"center":7,"centerName":"US National Weather Service - NCEP(WMC)","subcenter":0,"refTime":"2023-09-08T00:00:00.000Z","significanceOfRT":1,"significanceOfRTName":"Start of forecast","productStatus":0,"productStatusName":"Operational products","productType":1,"productTypeName":"Forecast products","productDefinitionTemplate":0,"productDefinitionTemplateName":"Analysis/forecast at horizontal level/layer at a point in time","parameterCategory":0,"parameterCategoryName":"UnknownDiscipline_0_Category_0","parameterNumber":0,"parameterNumberName":"UnknownParameter_D0_C0_0","parameterUnit":"Unknown","genProcessType":2,"genProcessTypeName":"Forecast","forecastTime":240,"surface1Type":1,"surface1TypeName":"Ground or water surface","surface1Value":0.0,"surface2Type":255,"surface2TypeName":"Missing","surface2Value":0.0,"gridDefinitionTemplate":0,"gridDefinitionTemplateName":"Latitude_Longitude","numberPoints":615,"shape":6,"shapeName":"Earth spherical with radius of 6,371,229.0 m","gridUnits":"degrees","resolution":48,"winds":"true","scanMode":64,"nx":41,"ny":15,"basicAngle":0,"lo1":47.0,"la1":41.0,"lo2":87.0,"la2":55.0,"dx":1.0,"dy":1.0}, "data":
[rows 0 to 14 of 15, columns 0 to 40 of 41]
289.3294,281.2294,286.42938,297.2294,297.2294,296.1294,294.0294,294.0294,291.42938,290.92938,289.7294,290.6294,289.3294,289.2294,289.5294,287.6294,288.92938,288.5294,287.7294,288.2294,290.0294,286.3294,287.92938,287.0294,290.92938,291.92938,287.2294,277.2294,274.92938,275.0294,275.1294,275.2294,282.42938,286.0294,285.3294,285.5294,284.42938,284.7294,284.42938,284.3294,283.0294
272.3294,285.7294,296.8294,297.1294,296.8294,295.2294,291.5294,291.7294,289.6294,289.3294,289.42938,287.8294,287.1294,286.6294,287.0294,286.92938,286.92938,286.42938,287.2294,286.8294,287.7294,288.2294,287.1294,281.3294,276.0294,275.5294,281.6294,276.6294,280.3294,272.8294,279.5294,270.5294,277.7294,257.1294,271.92938,283.2294,281.42938,284.2294,287.2294,280.2294,283.7294
287.1294,296.42938,297.42938,297.0294,294.7294,291.0294,290.1294,289.6294,288.42938,288.3294,287.5294,287.6294,285.6294,286.8294,288.2294,286.92938,286.6294,285.92938,285.8294,285.92938,289.5294,287.6294,286.2294,282.1294,287.2294,288.2294,289.0294,288.5294,287.7294,281.6294,274.1294,272.6294,278.0294,277.1294,278.42938,280.0294,271.2294,270.0294,271.5294,268.5294,261.3294
291.2294,295.92938,296.92938,295.8294,292.5294,288.7294,289.6294,288.5294,287.8294,287.2294,288.0294,287.5294,292.8294,292.3294,289.0294,289.1294,288.1294,286.92938,286.5294,286.5294,286.3294,283.5294,287.3294,287.3294,287.3294,288.6294,290.2294,288.5294,289.0294,289.92938,289.3294,286.0294,287.8294,284.8294,285.5294,281.42938,271.8294,269.5294,273.3294,282.0294,285.6294
291.3294,293.92938,294.8294,293.7294,291.8294,289.3294,290.1294,289.8294,289.2294,289.2294,288.8294,288.3294,292.0294,290.8294,289.2294,288.7294,288.5294,287.6294,286.3294,288.1294,288.3294,287.8294,287.7294,287.0294,286.3294,285.8294,284.5294,287.8294,287.1294,288.6294,291.1294,286.1294,279.42938,270.8294,277.92938,284.42938,288.1294,287.42938,287.7294,288.6294,288.2294
289.0294,287.2294,292.8294,292.2294,292.6294,292.1294,289.42938,290.7294,289.0294,288.7294,289.3294,288.8294,291.3294,292.1294,290.3294,288.1294,289.3294,287.8294,288.42938,288.42938,287.3294,286.1294,286.0294,286.5294,285.3294,283.5294,285.92938,290.5294,287.6294,287.6294,286.2294,288.3294,288.6294,288.6294,286.2294,290.42938,282.1294,279.92938,285.1294,288.5294,287.5294
287.0294,285.7294,287.7294,288.6294,289.8294,288.5294,289.8294,289.7294,290.0294,289.92938,288.0294,288.1294,288.1294,288.3294,288.3294,289.2294,288.7294,288.7294,287.42938,286.92938,286.42938,286.7294,286.2294,287.42938,284.8294,285.7294,285.1294,285.7294,286.3294,285.42938,284.8294,286.5294,289.0294,289.1294,288.42938,289.6294,282.8294,277.92938,274.8294,274.42938,282.7294
287.7294,286.92938,288.1294,288.3294,289.2294,288.6294,287.6294,287.0294,286.1294,286.42938,285.42938,285.6294,285.92938,287.3294,288.2294,288.1294,288.2294,289.3294,287.8294,287.42938,285.2294,285.42938,285.92938,286.3294,284.8294,282.3294,283.92938,285.6294,283.3294,283.92938,283.2294,283.92938,283.92938,280.1294,281.8294,282.5294,284.1294,288.92938,287.42938,286.2294,281.42938
285.2294,284.5294,284.92938,284.1294,285.92938,285.1294,284.1294,285.0294,284.5294,283.42938,283.2294,283.3294,283.92938,286.0294,286.0294,287.2294,286.92938,286.8294,286.5294,285.3294,282.8294,283.7294,285.7294,285.42938,283.42938,284.5294,282.7294,283.2294,282.3294,280.6294,283.3294,283.6294,283.3294,282.8294,281.8294,284.42938,282.3294,281.2294,271.7294,272.3294,268.2294
282.92938,283.2294,283.1294,282.5294,282.2294,283.2294,283.0294,283.1294,282.7294,281.6294,281.2294,281.3294,282.3294,282.8294,283.3294,284.2294,285.5294,286.2294,286.3294,287.0294,283.42938,283.42938,284.6294,287.7294,284.92938,284.1294,284.5294,283.3294,283.42938,283.2294,283.1294,284.42938,285.8294,285.5294,284.3294,281.5294,282.1294,278.6294,271.0294,274.1294,271.7294
281.42938,280.42938,279.92938,280.0294,280.5294,281.1294,281.5294,280.7294,280.42938,279.92938,279.5294,279.7294,281.1294,280.7294,281.1294,281.6294,281.7294,282.7294,284.6294,284.5294,285.1294,282.7294,283.2294,283.6294,283.2294,284.7294,283.1294,284.8294,284.7294,286.1294,286.0294,285.42938,284.1294,284.7294,283.92938,282.1294,280.6294,276.1294,272.5294,275.6294,274.42938
278.3294,279.1294,279.1294,278.1294,278.0294,278.7294,277.92938,278.3294,278.5294,277.92938,275.6294,277.5294,279.3294,278.7294,279.1294,279.42938,280.1294,280.42938,281.5294,280.8294,280.42938,280.3294,280.7294,281.6294,281.8294,283.7294,286.2294,288.7294,288.8294,287.2294,285.0294,283.6294,283.3294,281.2294,282.3294,281.3294,281.0294,280.8294,281.3294,279.7294,277.92938
279.42938,278.7294,279.0294,277.7294,278.6294,278.5294,277.2294,277.0294,275.3294,275.2294,274.7294,273.42938,277.2294,276.5294,277.8294,278.1294,278.42938,278.42938,279.42938,278.6294,278.5294,277.6294,277.7294,278.5294,281.1294,283.0294,285.5294,287.6294,288.8294,288.1294,286.42938,283.3294,281.8294,280.7294,280.2294,280.3294,280.0294,280.8294,279.7294,278.1294,277.8294
278.3294,279.42938,283.7294,280.0294,278.2294,277.3294,276.92938,277.1294,276.8294,276.2294,275.2294,272.5294,273.7294,275.92938,277.0294,277.5294,277.5294,277.1294,277.6294,278.0294,278.5294,278.42938,279.8294,280.1294,281.0294,282.3294,283.6294,286.2294,287.42938,287.42938,286.0294,282.8294,280.92938,279.2294,278.6294,277.7294,278.3294,278.0294,277.6294,277.42938,276.92938
278.8294,280.2294,287.8294,279.6294,279.0294,277.6294,278.5294,276.8294,277.42938,275.42938,275.5294,273.6294,273.8294,274.2294,275.7294,276.7294,276.5294,276.8294,277.42938,277.5294,278.42938,278.5294,278.8294,279.5294,279.5294,280.42938,282.42938,284.42938,286.1294,286.6294,285.42938,284.3294,280.0294,277.8294,277.5294,277.92938,278.1294,278.0294,278.42938,278.42938,278.8294
