wind_kz.json
{"header": {"discipline":0,"disciplineName":"Meteorological products","gribEdition":2,"gribLength":871,"center":7,"centerName":"US National Weather Service - NCEP(WMC)","subcenter":0,"refTime":"2024-03-19T12:00:00.000Z","significanceOfRT":1,"significanceOfRTName":"Start of forecast","productStatus":0,"productStatusName":"Operational products","productType":1,"productTypeName":"Forecast products","productDefinitionTemplate":0,"productDefinitionTemplateName":"Analysis/forecast at horizontal level/layer at a point in time","parameterCategory":0,"parameterCategoryName":"UnknownDiscipline_0_Category_0","parameterNumber":0,"parameterNumberName":"UnknownParameter_D0_C0_0","parameterUnit":"Unknown","genProcessType":2,"genProcessTypeName":"Forecast","forecastTime":300,"surface1Type":1,"surface1TypeName":"Ground or water surface","surface1Value":0.0,"surface2Type":255,"surface2TypeName":"Missing","surface2Value":0.0,"gridDefinitionTemplate":0,"gridDefinitionTemplateName":"Latitude_Longitude","numberPoints":615,"shape":6,"shapeName":"Earth spherical with radius of 6,371,229.0 m","gridUnits":"degrees","resolution":48,"winds":"true","scanMode":64,"nx":41,"ny":15,"basicAngle":0,"lo1":47.0,"la1":41.0,"lo2":87.0,"la2":55.0,"dx":1.0,"dy":1.0}, "data":
[rows 0 to 14 of 15, columns 0 to 40 of 41]
285.6822,278.98218,280.48218,280.88217,281.58218,282.6822,285.1822,286.08218,285.08218,286.1822,285.38217,286.88217,286.38217,286.58218,286.58218,285.48218,285.98218,284.58218,286.58218,284.08218,285.88217,285.48218,285.58218,281.48218,286.88217,286.1822,281.88217,272.48218,266.38217,269.58218,267.48218,265.48218,279.78217,285.88217,285.28217,285.6822,285.48218,284.78217,284.6822,284.78217,285.08218
271.38217,282.08218,281.1822,281.08218,281.28217,281.6822,286.08218,285.08218,285.1822,285.28217,285.58218,284.78217,285.38217,285.1822,285.78217,285.1822,285.38217,285.6822,285.1822,285.78217,285.88217,285.1822,282.6822,277.48218,268.88217,271.48218,278.28217,271.58218,273.98218,264.08218,274.98218,262.88217,270.6822,249.88217,260.78217,282.38217,280.6822,283.28217,284.78217,277.6822,272.48218
283.28217,279.58218,280.98218,281.1822,280.98218,285.58218,285.58218,285.6822,284.38217,284.08218,284.1822,283.78217,283.78217,283.58218,283.08218,284.38217,283.98218,283.98218,284.38217,285.08218,285.88217,284.88217,283.98218,278.98218,285.1822,283.98218,284.08218,283.88217,280.78217,274.58218,264.78217,268.88217,274.98218,274.28217,275.88217,275.78217,269.48218,271.1822,270.98218,269.08218,261.98218
284.98218,279.78217,279.98218,280.48218,281.6822,285.38217,286.28217,285.1822,285.1822,284.48218,282.88217,281.88217,283.98218,284.58218,281.98218,282.6822,282.58218,283.6822,284.98218,284.08218,283.38217,283.38217,283.78217,283.98218,284.88217,285.1822,284.78217,283.88217,283.1822,281.28217,280.6822,279.78217,282.88217,283.6822,282.88217,278.38217,270.78217,264.48218,271.48218,280.78217,283.48218
285.48218,279.6822,279.38217,279.6822,281.78217,285.78217,286.6822,285.88217,285.28217,284.28217,282.98218,280.88217,282.48218,282.38217,281.08218,281.6822,280.78217,280.58218,284.08218,282.6822,283.78217,284.6822,286.08218,283.6822,284.1822,284.78217,282.08218,278.48218,281.38217,280.78217,280.78217,279.88217,271.08218,256.48218,274.98218,281.78217,280.6822,285.1822,284.48218,283.58218,279.88217
285.38217,285.78217,279.38217,276.98218,271.48218,273.08218,285.6822,286.38217,284.78217,283.08218,282.98218,282.08218,281.88217,281.98218,275.58218,279.98218,279.78217,282.08218,283.08218,282.28217,280.38217,281.08218,284.6822,282.6822,282.38217,279.78217,278.38217,273.08218,278.48218,277.6822,276.1822,276.08218,275.78217,277.6822,278.88217,277.78217,273.98218,273.78217,279.28217,279.78217,277.38217
284.6822,285.58218,285.28217,283.1822,279.6822,284.1822,286.38217,285.38217,284.08218,282.98218,282.28217,280.78217,280.38217,278.88217,279.6822,279.48218,279.28217,280.1822,281.1822,281.58218,279.98218,281.98218,282.38217,280.88217,276.6822,275.48218,273.1822,275.28217,274.58218,275.48218,273.58218,273.1822,274.28217,274.38217,277.88217,276.88217,269.78217,270.38217,261.98218,267.88217,272.78217
285.28217,285.78217,285.1822,285.58218,285.6822,284.6822,284.58218,284.58218,282.08218,281.38217,279.88217,278.6822,277.88217,277.48218,277.58218,278.08218,277.48218,278.78217,279.08218,278.08218,278.6822,278.6822,280.1822,279.58218,278.6822,275.88217,273.48218,271.58218,269.38217,270.28217,268.38217,267.58218,269.1822,267.28217,266.38217,268.6822,266.38217,267.08218,269.98218,269.48218,270.58218
284.1822,284.38217,285.98218,286.78217,284.48218,283.88217,283.08218,281.88217,281.28217,280.1822,277.88217,276.58218,274.48218,276.98218,275.08218,277.1822,274.58218,274.6822,275.1822,276.1822,277.1822,275.78217,276.38217,275.78217,275.98218,275.78217,272.98218,273.38217,271.38217,270.38217,262.98218,262.08218,266.88217,267.58218,266.48218,264.38217,261.38217,264.58218,258.88217,258.6822,253.88217
282.78217,282.78217,283.48218,283.78217,282.6822,281.08218,280.48218,279.48218,278.98218,278.78217,276.48218,274.1822,274.38217,274.88217,274.6822,276.08218,273.48218,272.6822,272.58218,274.08218,272.6822,273.78217,274.08218,274.28217,274.38217,272.6822,271.28217,271.58218,268.1822,263.38217,266.48218,267.1822,267.28217,266.38217,266.1822,265.28217,255.68217,262.6822,255.48218,259.58218,253.08218
282.28217,282.08218,280.78217,280.28217,280.1822,279.98218,278.88217,278.1822,277.58218,274.28217,273.1822,275.48218,272.48218,273.08218,272.88217,273.28217,271.08218,270.98218,270.1822,267.98218,269.98218,267.38217,270.1822,270.28217,270.08218,268.6822,267.38217,267.58218,267.38217,266.98218,265.98218,266.08218,265.6822,263.88217,263.98218,264.08218,256.88217,257.28217,257.88217,251.28218,248.08218
281.98218,282.38217,281.08218,281.08218,279.38217,278.58218,276.88217,276.28217,275.98218,275.28217,274.58218,273.28217,272.98218,272.98218,272.98218,272.78217,272.78217,271.08218,270.78217,270.98218,270.28217,267.38217,266.48218,265.28217,265.48218,268.1822,267.1822,267.38217,266.38217,265.88217,265.08218,264.28217,262.1822,261.1822,260.98218,262.08218,261.88217,260.6822,259.28217,260.58218,260.08218
280.6822,280.98218,281.38217,280.38217,278.88217,277.48218,276.58218,275.28217,275.98218,275.28217,274.6822,273.48218,273.28217,273.38217,273.1822,273.08218,272.58218,272.6822,271.08218,270.6822,270.6822,269.6822,269.98218,267.38217,264.1822,263.28217,265.58218,262.1822,263.28217,263.88217,263.1822,262.08218,261.38217,259.58218,260.08218,259.38217,260.48218,260.38217,257.98218,255.48218,255.28218
278.48218,278.08218,275.48218,278.08218,275.78217,276.38217,276.48218,275.38217,275.98218,276.78217,275.38217,273.88217,273.38217,272.98218,272.98218,272.6822,272.78217,272.78217,270.88217,270.28217,269.88217,268.88217,266.58218,263.48218,261.78217,260.58218,259.88217,260.08218,259.88217,259.38217,259.38217,259.48218,258.88217,257.1822,258.58218,254.18217,258.78217,255.68217,251.48218,251.18217,257.98218
277.98218,277.1822,272.98218,276.88217,276.58218,278.58218,277.38217,277.38217,277.1822,277.1822,276.98218,276.58218,274.88217,273.28217,273.1822,272.48218,272.28217,272.48218,272.28217,270.08218,269.78217,266.88217,262.6822,261.1822,260.48218,258.98218,260.98218,260.58218,260.78217,260.08218,258.6822,256.48218,257.08218,255.68217,257.28217,258.38217,256.08218,254.28218,253.38217,251.88217,252.28218
