wind_kz.json
{"header": {"discipline":0,"disciplineName":"Meteorological products","gribEdition":2,"gribLength":1025,"center":7,"centerName":"US National Weather Service - NCEP(WMC)","subcenter":0,"refTime":"2023-09-22T12:00:00.000Z","significanceOfRT":1,"significanceOfRTName":"Start of forecast","productStatus":0,"productStatusName":"Operational products","productType":1,"productTypeName":"Forecast products","productDefinitionTemplate":0,"productDefinitionTemplateName":"Analysis/forecast at horizontal level/layer at a point in time","parameterCategory":2,"parameterCategoryName":"UnknownDiscipline_0_Category_2","parameterNumber":3,"parameterNumberName":"UnknownParameter_D0_C2_3","parameterUnit":"Unknown","genProcessType":2,"genProcessTypeName":"Forecast","forecastTime":240,"surface1Type":103,"surface1TypeName":"Specified height level above ground","surface1Value":10.0,"surface2Type":255,"surface2TypeName":"Missing","surface2Value":0.0,"gridDefinitionTemplate":0,"gridDefinitionTemplateName":"Latitude_Longitude","numberPoints":615,"shape":6,"shapeName":"Earth spherical with radius of 6,371,229.0 m","gridUnits":"degrees","resolution":48,"winds":"true","scanMode":64,"nx":41,"ny":15,"basicAngle":0,"lo1":47.0,"la1":41.0,"lo2":87.0,"la2":55.0,"dx":1.0,"dy":1.0}, "data":
[rows 0 to 14 of 15, columns 0 to 40 of 41]
3.0450976,1.8850976,-0.33490235,1.4350977,2.7350976,2.0250976,4.235098,3.0650976,2.3650978,1.2450976,-0.124902345,-0.65490234,-1.1849023,-2.4849024,-3.8949022,-4.8849025,-3.3749022,-4.1249022,-4.934902,-4.5449023,-4.4449024,-1.6849023,-2.5449023,1.4450977,2.0750976,1.1750977,1.0250976,1.0250976,-0.88490236,-2.4349024,-1.8149023,-0.36490235,-0.31490234,-1.5349023,-1.1349024,-1.4249023,-0.014902344,1.5750977,3.2650976,1.4350977,-0.7349023
0.41509765,0.93509763,3.2350976,2.1950977,-0.14490235,0.45509765,3.8850977,3.4850976,2.6350977,0.8850977,1.3850976,-0.40490234,-1.5849023,-2.2649024,-4.0249023,-4.3249025,-3.8249023,-4.0049024,-3.3449023,-4.414902,-5.2849026,-2.5849023,-2.8549023,-2.0849023,2.0250976,-2.6649024,-1.7349024,-0.64490235,-3.0449023,-1.6949023,-1.4649024,-2.4249024,-3.0649023,-2.1149023,-2.5249023,-8.984902,-5.2349024,-7.954902,-1.1149024,0.65509766,-0.14490235
1.6950977,5.9650974,4.6750975,1.6850977,0.73509765,3.6950977,3.5650976,3.4250977,3.5350976,1.5350976,0.09509765,-0.62490237,-1.3249023,-2.1749024,-3.5749023,-4.394902,-4.5949025,-4.7749023,-3.8749022,-2.2549024,-3.8549023,-4.8849025,-4.7849026,-3.5049024,-3.7249024,-1.2349024,-1.4449023,-2.8249023,-4.0549026,-1.8449024,-1.6549023,-1.6149024,-1.6449023,0.09509765,-1.4049023,-0.17490235,-1.2149024,-4.1949024,-1.6149024,-0.06490234,-1.9449023
4.4050975,5.3950977,4.5150976,3.4750977,4.4050975,4.0950975,4.7450976,2.9550977,2.9450977,2.2050977,0.055097654,-1.9549023,-4.3449025,-6.0849023,-2.6949024,-3.2649024,-3.7849023,-3.7449024,-4.5949025,-3.3449023,-3.6049023,-3.7449024,-2.6449022,-3.4649024,-1.8549024,-1.9649024,-2.5749023,-2.5949023,-3.4249024,-4.2549024,-5.0349026,-5.4049025,-1.7249024,3.4850976,0.10509766,0.33509767,1.9750977,1.1350976,-1.3849024,2.3750978,-0.014902344
4.6450977,3.9650977,2.0750976,-0.19490235,2.1150978,2.8250976,3.3050976,2.6650977,2.4650977,2.1750977,1.4650977,0.37509766,-1.6149024,-4.3249025,-4.5249023,-3.1549025,-3.3449023,-3.3549023,-2.5949023,-1.9549023,-2.4049025,-2.6049023,-2.3149023,-2.2849023,-2.8849022,-3.9649024,-4.764902,-3.8749022,-3.8549023,-3.9249024,-5.6349025,-4.724902,-1.5649023,-0.77490234,-1.0949024,-2.3649023,-7.2749023,1.1550976,0.15509766,2.4050977,-1.3249023
5.6750975,4.3050976,1.7550976,0.9550977,-0.30490234,-1.1049024,2.7350976,2.9350977,2.4350977,1.9150977,2.0550976,2.1050978,1.7950977,-2.7249024,-4.9049025,-2.4649024,-2.7049024,-2.7649024,-2.0649023,-1.6149024,-1.7649024,-2.3449023,-1.8549024,-1.6349024,-1.7649024,0.16509765,0.5150977,-2.4249024,-3.3249023,-3.0649023,-2.9449024,-2.1149023,-2.2049024,-1.4149023,0.21509765,0.15509766,-0.29490235,-5.3549023,-3.9049025,-2.4149024,-1.1349024
6.3850975,5.3650975,5.3950977,5.1150975,4.1450977,4.335098,2.9350977,3.4850976,3.3250976,2.0250976,2.0050976,1.5650977,0.65509766,-0.15490234,-1.1249024,-1.8749024,-1.9749024,-2.5449023,-1.6449023,-1.4549023,-1.5349023,-2.3549023,-2.0149024,-1.6049024,-1.4549023,-1.6749023,-2.1049023,-2.0949023,-3.6349022,-3.1249022,-3.0949023,-2.6649024,-3.8849022,-6.0349026,-0.9949024,-1.0349023,-2.8849022,-0.82490236,-2.9149024,0.5050976,-2.3049023
4.6950974,5.585098,5.9150977,5.5150976,4.9250975,3.6250978,4.6650977,4.795098,3.6750977,3.1950977,2.2050977,0.60509765,1.1950977,0.16509765,0.31509766,0.22509766,-2.0149024,-1.0249023,-1.7249024,-0.41490233,-0.35490236,-0.83490235,-1.8849024,-1.9049023,-2.3149023,-2.1549025,-2.8549023,-2.3349023,-1.0649023,-1.9849024,-3.1949024,-4.4249024,-4.9649024,-6.6749024,-6.5049024,-6.1349025,-5.3549023,-0.38490236,1.1150976,0.73509765,0.06509766
4.2250977,5.1650977,5.335098,5.3250976,4.5550976,4.4750977,4.6350975,4.2050977,4.0150976,2.8950977,1.4550977,1.3050977,1.3550977,0.91509765,-0.084902346,0.28509766,0.53509766,0.56509763,-0.44490233,-1.3049023,0.06509766,-0.21490234,-1.0949024,-1.5049024,-2.4249024,-2.4149024,-2.4949024,-2.1449022,-3.0149024,-3.0749023,-3.1849024,-3.3749022,-4.434902,-5.3649025,-4.8549023,-6.434902,-5.224902,-2.8749022,-4.494902,-2.3949022,-2.6549025
3.8350976,4.1650977,4.9150977,5.1750975,5.1750975,5.045098,4.3650975,4.045098,3.4750977,2.0450976,0.84509766,1.3450977,1.1150976,1.3650976,1.1950977,0.47509766,-0.20490235,0.72509766,0.5850977,0.40509766,-0.29490235,-0.42490235,-0.83490235,-0.39490235,-1.1449023,-2.0249023,-2.9949024,-2.5549023,-2.8349023,-2.8749022,-2.5349023,-0.35490236,-2.0749023,-3.3649023,-2.8049023,-4.994902,-1.5949024,0.09509765,-2.3249023,-2.1649024,-1.8449024
4.025098,4.065098,4.0750976,4.1850977,4.315098,5.2850976,4.8850975,4.545098,4.0950975,3.0750976,2.1850977,1.0950977,1.4550977,0.90509766,0.74509764,0.81509763,0.96509767,0.5850977,0.97509766,0.38509765,-0.28490233,-0.53490233,-0.5549023,-0.56490237,-1.1349024,-1.2249024,-2.1149023,-2.6849024,-2.3049023,-2.1049023,-1.8849024,-0.71490234,-1.0349023,-0.6649023,-2.3949022,-3.8049023,-2.9249024,-1.5549023,-2.5249023,-1.8849024,-1.6549023
4.7150974,4.3650975,4.505098,4.8050976,4.8850975,4.9450974,4.6550975,4.505098,3.8650978,3.5050976,2.4650977,1.7750976,1.9550977,0.99509764,0.47509766,0.35509765,0.25509766,0.87509763,1.2750976,0.06509766,0.59509766,-0.054902345,0.055097654,-0.24490234,-0.094902344,-0.53490233,-0.82490236,-1.4649024,-0.94490236,0.53509766,1.2250977,-2.7749023,-2.2449024,-2.0349023,-1.5449023,-2.1349022,-1.5749023,-0.47490233,-0.52490234,-0.75490236,-0.83490235
4.7150974,5.065098,4.4450974,4.8450975,4.4650974,3.5750976,4.3050976,4.0950975,4.295098,3.4050977,2.0350976,0.66509765,1.0450977,1.2250977,0.85509765,1.1750977,0.84509766,0.66509765,1.0550977,1.0850977,1.2050977,1.2850976,1.1150976,-0.024902344,-0.23490234,0.28509766,0.65509766,1.8350977,2.0050976,0.49509767,-1.0749023,-1.2549024,0.68509763,-1.2549024,-1.5449023,-1.0949024,-1.5049024,-1.0049024,0.48509765,0.8850977,0.85509765
4.9250975,5.3450975,6.2650976,5.7650976,5.3050976,5.2050977,4.6350975,4.1650977,3.7250977,3.5350976,2.5750976,1.1350976,1.6350976,1.2750976,1.9350977,1.6550976,1.5350976,1.6350976,1.5150976,1.3350977,1.1350976,1.8750976,1.3750976,0.87509763,0.77509767,1.1750977,1.7450976,2.3150976,2.3450975,2.5950975,1.9150977,1.3950976,-0.034902345,-1.0249023,-1.6949023,-1.9549023,-2.3349023,-3.1349022,-2.1749024,-1.7149024,-1.8649024
2.6050978,3.0350976,5.355098,6.105098,4.7650976,5.775098,5.7050977,4.8650975,4.1650977,4.025098,3.0650976,3.2950976,1.7550976,0.91509765,1.5650977,1.5450977,1.4250977,1.3850976,1.7750976,1.8550977,1.3050977,1.6350976,2.2450976,2.1650977,1.8450977,1.9650977,2.0950975,2.5550976,2.8350976,3.3250976,3.1750977,3.3750978,2.1950977,0.7650977,0.68509763,-0.10490234,-0.89490235,0.20509766,-1.2749023,-2.1849024,-1.2149024
