wind_kz.json
{"header": {"discipline":0,"disciplineName":"Meteorological products","gribEdition":2,"gribLength":871,"center":7,"centerName":"US National Weather Service - NCEP(WMC)","subcenter":0,"refTime":"2023-09-27T18:00:00.000Z","significanceOfRT":1,"significanceOfRTName":"Start of forecast","productStatus":0,"productStatusName":"Operational products","productType":1,"productTypeName":"Forecast products","productDefinitionTemplate":0,"productDefinitionTemplateName":"Analysis/forecast at horizontal level/layer at a point in time","parameterCategory":0,"parameterCategoryName":"UnknownDiscipline_0_Category_0","parameterNumber":0,"parameterNumberName":"UnknownParameter_D0_C0_0","parameterUnit":"Unknown","genProcessType":2,"genProcessTypeName":"Forecast","forecastTime":240,"surface1Type":1,"surface1TypeName":"Ground or water surface","surface1Value":0.0,"surface2Type":255,"surface2TypeName":"Missing","surface2Value":0.0,"gridDefinitionTemplate":0,"gridDefinitionTemplateName":"Latitude_Longitude","numberPoints":615,"shape":6,"shapeName":"Earth spherical with radius of 6,371,229.0 m","gridUnits":"degrees","resolution":48,"winds":"true","scanMode":64,"nx":41,"ny":15,"basicAngle":0,"lo1":47.0,"la1":41.0,"lo2":87.0,"la2":55.0,"dx":1.0,"dy":1.0}, "data":
[rows 0 to 14 of 15, columns 0 to 40 of 41]
288.36465,281.76465,284.46466,293.56464,293.46466,292.56464,291.06464,293.46466,293.16464,293.86465,292.46466,293.56464,292.66464,291.46466,290.76465,287.76465,288.26465,289.46466,287.56464,290.86465,292.16464,289.16464,288.66464,286.16464,286.16464,288.56464,285.96466,273.96466,271.76465,273.16464,272.76465,273.66464,282.26465,287.86465,288.56464,289.06464,289.66464,289.06464,288.66464,288.56464,288.46466
268.66464,283.16464,293.06464,293.26465,293.16464,291.56464,290.36465,291.66464,292.16464,291.76465,293.16464,291.76465,290.76465,289.06464,286.96466,287.36465,287.66464,286.66464,285.46466,288.06464,287.26465,288.36465,286.96466,282.66464,269.16464,271.46466,281.86465,273.66464,275.46466,269.46466,274.56464,265.56464,274.56464,249.66464,263.36465,284.86465,283.76465,285.66464,288.96466,281.66464,283.46466
284.56464,292.56464,292.96466,292.66464,290.86465,289.16464,290.26465,291.46466,290.56464,291.66464,291.46466,290.96466,289.06464,289.46466,289.86465,286.96466,286.56464,286.36465,288.16464,286.86465,291.26465,289.36465,288.46466,283.76465,283.66464,284.56464,285.66464,284.46466,284.56464,277.76465,263.86465,267.36465,275.66464,274.26465,276.26465,276.16464,265.26465,271.86465,263.86465,266.46466,266.86465
286.06464,291.96466,292.66464,291.76465,290.56464,288.16464,290.06464,289.66464,292.06464,290.96466,290.86465,288.66464,289.76465,289.16464,287.16464,286.66464,287.96466,284.76465,286.96466,287.36465,288.16464,283.16464,288.26465,289.36465,289.16464,289.06464,288.86465,287.86465,283.96466,284.36465,285.86465,282.76465,286.36465,284.66464,283.56464,279.96466,265.86465,259.36465,266.56464,278.16464,282.56464
290.26465,290.96466,291.66464,290.66464,290.26465,289.96466,290.86465,290.86465,291.86465,291.86465,291.16464,287.26465,288.56464,287.36465,286.06464,287.36465,289.46466,288.66464,286.66464,290.36465,290.26465,290.36465,289.06464,288.26465,287.56464,287.16464,285.16464,285.96466,285.46466,286.06464,288.06464,284.76465,273.06464,256.46466,275.46466,283.56464,287.76465,286.96466,285.66464,285.66464,287.56464
289.76465,289.06464,289.66464,290.66464,290.66464,290.16464,290.66464,292.36465,291.16464,290.26465,290.56464,288.86465,287.96466,288.36465,287.56464,286.16464,290.06464,288.96466,290.56464,290.56464,289.66464,289.56464,288.46466,287.46466,286.16464,283.76465,283.66464,286.66464,286.66464,287.16464,286.46466,287.36465,285.96466,283.86465,282.36465,285.86465,277.06464,278.66464,283.56464,286.06464,287.96466
287.36465,288.26465,289.26465,288.96466,288.86465,288.16464,289.56464,289.96466,290.76465,291.16464,289.16464,287.66464,286.46466,286.56464,286.36465,287.36465,287.96466,290.56464,290.16464,289.86465,289.06464,289.16464,288.86465,288.16464,285.86465,285.16464,284.06464,285.36465,284.96466,285.36465,285.16464,285.06464,285.36465,285.86465,284.66464,283.36465,278.56464,275.16464,273.26465,272.96466,283.56464
287.76465,285.96466,286.66464,286.96466,287.86465,289.56464,287.96466,288.86465,290.46466,290.66464,288.06464,287.06464,286.56464,287.26465,287.06464,288.36465,288.86465,289.16464,289.86465,287.36465,286.46466,286.76465,286.76465,286.86465,285.36465,282.36465,282.46466,283.06464,281.86465,283.46466,282.36465,283.06464,282.46466,280.46466,281.36465,281.76465,282.46466,285.16464,282.66464,282.56464,280.16464
283.56464,283.56464,284.56464,283.86465,285.86465,286.66464,286.66464,286.96466,288.66464,288.26465,287.16464,286.36465,285.96466,287.36465,287.56464,287.26465,287.86465,288.06464,287.86465,287.16464,285.16464,284.36465,285.06464,284.96466,283.86465,284.06464,282.06464,280.66464,279.96466,278.86465,279.86465,280.16464,282.26465,282.56464,281.96466,280.86465,279.66464,279.66464,271.16464,272.76465,270.46466
282.56464,283.16464,283.06464,283.56464,283.16464,284.66464,285.26465,285.46466,285.26465,287.16464,286.86465,286.46466,286.86465,287.46466,286.66464,286.76465,286.66464,286.56464,286.96466,286.66464,285.66464,285.56464,285.46466,285.36465,284.56464,283.66464,283.76465,282.86465,282.16464,281.66464,281.76465,283.46466,284.36465,284.26465,283.06464,282.26465,280.86465,277.36465,272.96466,272.16464,271.66464
283.16464,280.86465,281.36465,281.46466,281.96466,281.96466,282.46466,283.96466,283.86465,284.86465,285.26465,285.26465,286.66464,286.26465,286.66464,287.06464,285.76465,286.16464,286.26465,285.56464,285.46466,284.76465,284.76465,284.86465,284.06464,283.76465,281.46466,283.06464,283.96466,284.76465,285.26465,285.66464,284.66464,285.26465,284.06464,281.76465,278.16464,276.96466,276.06464,276.46466,274.26465
279.46466,280.36465,279.26465,279.26465,279.16464,281.26465,281.46466,283.06464,283.06464,283.26465,283.26465,284.46466,285.36465,284.86465,285.76465,286.56464,286.96466,285.96466,285.66464,285.26465,284.36465,283.66464,283.56464,283.86465,283.16464,283.46466,283.66464,284.76465,284.86465,285.16464,284.96466,284.96466,284.96466,282.26465,283.56464,282.86465,282.56464,282.56464,282.56464,282.26465,280.26465
276.86465,276.16464,277.56464,277.76465,278.26465,278.56464,280.06464,281.46466,281.76465,281.86465,280.26465,279.26465,281.66464,282.56464,283.46466,285.66464,286.56464,286.26465,286.06464,284.56464,284.46466,283.66464,282.86465,282.16464,283.16464,283.96466,285.16464,284.16464,284.06464,283.76465,284.06464,284.16464,284.46466,284.06464,283.26465,282.76465,282.16464,283.26465,281.56464,280.96466,281.06464
274.56464,277.76465,281.46466,277.66464,276.86465,275.76465,277.46466,277.86465,279.36465,279.16464,278.46466,277.76465,279.16464,280.16464,280.26465,280.56464,281.26465,281.76465,283.16464,282.96466,283.16464,282.96466,283.56464,283.56464,283.46466,283.76465,283.76465,283.86465,283.46466,283.26465,283.36465,283.36465,283.26465,282.86465,283.06464,281.76465,281.46466,280.46466,280.16464,281.86465,283.66464
276.46466,277.86465,284.26465,278.06464,277.56464,276.16464,277.16464,274.96466,276.36465,277.26465,278.26465,277.46466,278.16464,279.16464,280.16464,280.56464,280.36465,280.76465,281.16464,281.66464,282.26465,282.96466,283.06464,280.96466,281.86465,284.06464,284.06464,284.46466,283.06464,284.36465,282.76465,284.46466,284.86465,284.26465,285.16464,285.06464,285.56464,283.26465,284.76465,282.86465,280.06464
