wind.json
{"header": {"discipline":0,"disciplineName":"Meteorological products","gribEdition":2,"gribLength":1125,"center":7,"centerName":"US National Weather Service - NCEP(WMC)","subcenter":0,"refTime":"2023-06-29T12:00:00.000Z","significanceOfRT":1,"significanceOfRTName":"Start of forecast","productStatus":0,"productStatusName":"Operational products","productType":1,"productTypeName":"Forecast products","productDefinitionTemplate":0,"productDefinitionTemplateName":"Analysis/forecast at horizontal level/layer at a point in time","parameterCategory":2,"parameterCategoryName":"UnknownDiscipline_0_Category_2","parameterNumber":2,"parameterNumberName":"UnknownParameter_D0_C2_2","parameterUnit":"Unknown","genProcessType":2,"genProcessTypeName":"Forecast","forecastTime":0,"surface1Type":103,"surface1TypeName":"Specified height level above ground","surface1Value":10.0,"surface2Type":255,"surface2TypeName":"Missing","surface2Value":0.0,"gridDefinitionTemplate":0,"gridDefinitionTemplateName":"Latitude_Longitude","numberPoints":688,"shape":6,"shapeName":"Earth spherical with radius of 6,371,229.0 m","gridUnits":"degrees","resolution":48,"winds":"true","scanMode":64,"nx":43,"ny":16,"basicAngle":0,"lo1":45.0,"la1":40.0,"lo2":87.0,"la2":55.0,"dx":1.0,"dy":1.0}, "data":
[rows 0 to 15 of 16, columns 0 to 42 of 43]
2.164906,-1.605094,-1.595094,-3.375094,-6.355094,-3.205094,0.554906,3.344906,6.354906,5.694906,4.544906,1.144906,0.584906,-3.485094,-6.395094,-4.485094,-4.675094,-3.405094,-2.995094,-2.1850939,-2.095094,-1.215094,-3.415094,0.26490602,3.054906,3.684906,1.764906,1.054906,0.664906,5.254906,3.664906,5.274906,3.994906,6.594906,3.904906,2.274906,1.764906,4.074906,5.154906,3.504906,4.664906,4.224906,5.994906
-1.665094,0.094906,1.214906,2.424906,-3.285094,-0.715094,1.684906,5.524906,8.094906,6.984906,5.034906,0.954906,-0.635094,-0.375094,-3.605094,-4.295094,-3.145094,-3.305094,-2.405094,-2.355094,-2.445094,-2.395094,-1.895094,1.204906,3.104906,5.814906,3.764906,4.094906,4.384906,6.144906,7.214906,7.584906,6.564906,0.034906007,-2.755094,3.914906,-3.925094,0.754906,1.754906,2.304906,6.304906,5.594906,7.174906
-1.6250939,0.794906,1.554906,-3.165094,-3.595094,-0.615094,3.004906,6.084906,5.084906,2.474906,3.334906,3.494906,1.414906,-4.675094,-3.405094,-4.125094,-3.165094,-3.415094,-0.865094,-2.215094,-2.145094,-1.235094,-1.895094,1.004906,3.004906,3.524906,3.014906,-0.405094,-0.035093993,1.754906,-4.235094,1.544906,0.29490602,0.384906,0.564906,0.684906,-0.995094,-0.665094,1.924906,0.314906,-0.985094,4.634906,4.324906
-0.835094,-0.84509397,-5.155094,-4.655094,-2.145094,0.414906,3.174906,3.894906,1.804906,2.344906,3.174906,0.444906,-5.375094,-4.635094,-3.845094,-5.225094,-3.585094,-1.765094,-1.955094,-2.775094,-1.285094,-1.325094,-0.625094,-3.335094,-3.205094,-6.245094,-2.195094,-3.265094,-0.795094,0.19490601,0.90490603,-1.465094,0.334906,-1.075094,-1.145094,1.324906,-2.515094,-1.545094,0.834906,1.424906,6.204906,5.244906,-0.585094
-3.765094,-4.535094,-6.715094,-2.225094,-1.005094,2.094906,7.954906,0.59490603,2.034906,0.034906007,-0.19509399,-3.785094,-5.165094,-7.725094,-8.075094,-4.315094,-0.045093995,-4.585094,-2.695094,-2.895094,-3.635094,-2.705094,-2.945094,-4.205094,-3.275094,-3.795094,-5.085094,-3.995094,-4.875094,-6.655094,-4.925094,-2.675094,0.59490603,2.684906,8.414906,6.884906,7.574906,7.624906,2.134906,2.614906,-1.115094,-0.365094,5.114906
-2.275094,-3.145094,-4.405094,-1.845094,-1.065094,-0.665094,0.794906,1.654906,2.784906,1.214906,-0.045093995,-2.805094,-2.145094,-7.775094,-6.075094,-3.405094,0.284906,-2.115094,-3.105094,-3.425094,-1.815094,-2.485094,-2.035094,-2.725094,-2.545094,-3.025094,-4.065094,-3.365094,-7.125094,-0.29509398,-3.495094,-1.045094,0.324906,0.534906,0.564906,2.544906,-1.765094,1.554906,2.744906,-1.805094,0.054906007,2.404906,2.304906
-1.945094,-1.175094,-1.735094,-0.275094,-0.255094,1.554906,2.3149061,3.354906,4.884906,1.734906,2.234906,2.934906,-2.265094,-7.845094,-1.865094,-4.215094,-0.795094,5.184906,-0.615094,-1.025094,-2.715094,-1.485094,-2.485094,-3.515094,-2.015094,-0.675094,-1.205094,-0.055093993,-5.875094,-1.645094,-0.605094,-0.90509397,0.84490603,-0.16509399,-0.425094,3.404906,3.5649061,1.954906,7.834906,9.394906,11.314906,6.444906,5.414906
-2.035094,-1.285094,-2.695094,-0.755094,0.714906,1.304906,2.924906,5.084906,4.064906,-0.14509399,3.694906,3.664906,-7.935094,-6.395094,-5.595094,-2.375094,0.48490602,4.274906,1.264906,-0.795094,2.084906,1.494906,-0.365094,-0.045093995,-0.90509397,-0.365094,0.024906006,0.824906,1.034906,0.84490603,2.054906,2.224906,2.704906,1.994906,1.354906,3.694906,6.124906,3.344906,-0.425094,-0.45509398,4.044906,-0.055093993,4.454906
-0.11509399,-1.695094,0.06490601,1.014906,0.924906,1.324906,1.384906,1.564906,1.524906,-0.775094,-2.285094,-5.115094,-1.935094,-2.295094,-0.205094,5.824906,1.694906,-0.305094,-0.465094,1.904906,2.304906,4.684906,1.524906,1.274906,-1.855094,0.22490601,0.954906,1.484906,1.424906,3.384906,0.054906007,1.504906,1.894906,2.484906,1.654906,-0.245094,2.834906,3.414906,2.914906,6.284906,7.744906,9.374906,8.034906
3.694906,-1.265094,0.16490601,0.764906,-0.255094,0.014906006,-0.015093994,-0.825094,-2.785094,-3.735094,-3.025094,-1.285094,1.704906,2.204906,2.8149061,0.544906,3.914906,2.534906,3.294906,4.964906,4.394906,1.324906,3.164906,2.894906,2.034906,4.064906,1.664906,2.714906,2.944906,0.524906,1.304906,3.944906,3.194906,3.284906,4.414906,3.254906,3.344906,2.934906,3.974906,0.564906,0.994906,0.334906,2.954906
0.914906,1.004906,0.054906007,0.934906,-0.855094,-1.225094,-1.495094,-2.915094,-2.835094,-2.375094,-2.125094,-1.425094,-2.485094,-1.345094,2.514906,5.404906,5.144906,1.094906,1.914906,3.844906,3.804906,2.794906,3.014906,4.514906,3.604906,2.944906,4.394906,4.194906,2.014906,4.184906,3.114906,4.984906,6.464906,3.784906,4.654906,5.154906,1.014906,-0.055093993,-0.775094,2.344906,1.994906,1.694906,2.114906
1.304906,-0.355094,-0.345094,0.564906,0.544906,-1.075094,-1.495094,-3.295094,-2.945094,-1.905094,-2.9350939,-1.985094,0.16490601,1.484906,-1.885094,0.764906,2.224906,4.154906,4.954906,4.034906,5.044906,3.584906,3.524906,5.634906,3.754906,4.924906,4.724906,6.224906,5.494906,5.724906,7.734906,8.284906,6.584906,3.114906,3.274906,3.084906,2.004906,-0.755094,0.364906,0.534906,1.834906,1.044906,1.424906
0.214906,0.514906,0.714906,1.214906,2.8149061,0.604906,-0.65509397,-1.605094,-1.425094,0.494906,-0.965094,0.214906,-0.555094,0.964906,0.804906,2.864906,3.974906,4.794906,4.824906,4.334906,6.524906,5.334906,5.784906,5.084906,5.824906,4.244906,7.274906,5.324906,7.834906,6.794906,6.754906,7.604906,4.704906,3.604906,4.954906,4.594906,2.004906,2.324906,2.934906,5.724906,4.404906,5.604906,2.294906
-0.205094,0.334906,0.974906,0.10490601,2.834906,0.0049060057,0.84490603,-0.535094,0.794906,0.934906,4.564906,-0.045093995,3.364906,0.034906007,0.764906,2.644906,5.544906,3.944906,3.634906,6.884906,5.884906,5.394906,5.674906,4.014906,4.794906,6.944906,8.894906,8.354906,5.574906,6.984906,7.264906,5.404906,4.704906,6.084906,3.384906,4.844906,2.664906,5.404906,6.424906,3.3149061,5.604906,6.954906,4.344906
-0.825094,0.584906,2.694906,0.90490603,-0.65509397,0.144906,1.204906,2.724906,0.584906,1.674906,2.014906,0.504906,2.094906,2.0649061,3.724906,5.114906,4.444906,1.764906,4.154906,0.994906,2.5649061,3.124906,4.974906,6.374906,4.094906,6.574906,6.564906,8.454906,3.414906,4.894906,0.804906,2.8149061,10.974906,7.844906,4.134906,7.724906,4.674906,6.394906,4.364906,3.254906,4.014906,3.874906,4.924906
-2.465094,-0.695094,-0.205094,2.034906,1.114906,0.434906,-0.16509399,1.654906,3.664906,3.074906,3.204906,2.264906,3.224906,3.194906,2.644906,4.384906,5.574906,0.584906,2.344906,8.694906,2.964906,5.404906,3.434906,3.694906,5.334906,5.174906,5.894906,5.084906,5.884906,6.194906,3.504906,3.614906,7.834906,4.674906,6.044906,4.794906,6.984906,5.624906,1.164906,2.574906,4.274906,4.414906,2.334906
