wind_kz.json
{"header": {"discipline":0,"disciplineName":"Meteorological products","gribEdition":2,"gribLength":1025,"center":7,"centerName":"US National Weather Service - NCEP(WMC)","subcenter":0,"refTime":"2023-09-07T12:00:00.000Z","significanceOfRT":1,"significanceOfRTName":"Start of forecast","productStatus":0,"productStatusName":"Operational products","productType":1,"productTypeName":"Forecast products","productDefinitionTemplate":0,"productDefinitionTemplateName":"Analysis/forecast at horizontal level/layer at a point in time","parameterCategory":2,"parameterCategoryName":"UnknownDiscipline_0_Category_2","parameterNumber":2,"parameterNumberName":"UnknownParameter_D0_C2_2","parameterUnit":"Unknown","genProcessType":2,"genProcessTypeName":"Forecast","forecastTime":240,"surface1Type":103,"surface1TypeName":"Specified height level above ground","surface1Value":10.0,"surface2Type":255,"surface2TypeName":"Missing","surface2Value":0.0,"gridDefinitionTemplate":0,"gridDefinitionTemplateName":"Latitude_Longitude","numberPoints":615,"shape":6,"shapeName":"Earth spherical with radius of 6,371,229.0 m","gridUnits":"degrees","resolution":48,"winds":"true","scanMode":64,"nx":41,"ny":15,"basicAngle":0,"lo1":47.0,"la1":41.0,"lo2":87.0,"la2":55.0,"dx":1.0,"dy":1.0}, "data":
[rows 0 to 14 of 15, columns 0 to 40 of 41]
0.49198732,1.5919873,-2.4180126,-0.9680127,1.3419873,0.2219873,1.9619873,-6.908013,-6.8780127,-5.7880125,-4.988013,-4.138013,-3.1180127,-2.6380126,-2.7480128,-3.5180128,-3.6280127,-5.198013,-4.2780128,-4.0480127,-1.9480127,0.6819873,1.6819873,2.8019874,2.4219873,2.6919873,4.0019875,3.1719873,1.9419873,1.0419873,3.0019872,1.2519873,-1.6580127,-1.7980127,-3.3580127,-2.7980127,-2.3280127,-2.4780128,0.6219873,0.6019873,-0.5380127
0.0719873,-2.3080127,-0.9480127,-0.8580127,0.3719873,-0.1280127,-5.5580125,-6.1880126,-6.3380127,-5.7880125,-4.3380127,-3.1180127,-3.7280128,-2.9880128,-3.0980127,-3.5380127,-3.6180127,-4.4980125,-4.6080127,-5.348013,-6.3080125,-4.4980125,-3.4480126,1.8319873,1.1319873,-1.1480126,0.5519873,2.9119873,1.9819874,-0.1480127,0.1819873,0.3819873,0.1019873,-1.3380127,-0.7280127,-1.5680127,0.9819873,-0.4380127,2.5919874,-0.1280127,-1.6080127
-4.118013,-3.0080128,-2.3480127,-2.3280127,-0.8580127,1.4719872,-2.7680128,-4.448013,-4.8780127,-4.258013,-4.8380127,-3.8280127,-3.8580127,-3.4680128,-2.4280126,-2.7080126,-3.6280127,-3.3780127,-4.928013,-4.3980126,-0.28801268,-8.878013,-6.698013,-8.848013,-3.8680127,-4.508013,-2.6580126,0.6919873,2.9019873,-0.92801267,0.27198732,-2.9880128,-0.3380127,1.1019874,-4.908013,-0.3080127,1.0019873,-0.8080127,4.8319874,6.4519873,6.7319875
-5.718013,-5.2280126,-5.3180127,-3.3480127,1.1819873,2.4119873,-0.1780127,0.3319873,-0.2380127,-2.9780128,-3.5880127,-4.8580127,-3.4680128,-1.5480127,1.1019874,-2.6680126,-2.7180128,-3.5680127,-4.738013,-5.5680127,-7.0680127,-8.998013,-4.0380125,-4.0580125,-3.1180127,-3.1680126,-3.3780127,-5.0180125,-3.4780128,-0.4680127,1.5319873,2.7819872,7.4319873,5.781987,5.2719874,1.8719873,0.7319873,2.0219872,0.1819873,-1.5480127,-1.9980127
-5.718013,-5.5880127,-6.2080126,-5.0880127,-3.2280128,-1.6980127,1.9419873,5.051987,2.1419873,0.2419873,-0.4880127,-3.5680127,-0.5380127,-1.0080127,1.7119873,-2.2180128,-3.0080128,-3.0980127,-2.9280126,-3.3380127,-5.118013,-4.988013,-4.4580126,-3.7180128,-3.1080127,-2.4980128,-6.1880126,0.9919873,-3.8980126,-1.4180127,-0.5880127,0.9419873,0.5419873,1.6119874,-3.5480127,-3.4080126,7.9419875,3.1819873,-4.508013,-0.4480127,2.4219873
-3.7580128,-3.3080127,-4.6280127,-4.0680127,-2.0080128,-0.6980127,0.9619873,2.4319873,1.5219873,2.2119873,1.3019873,-1.8580127,0.2619873,0.6919873,-0.1080127,-1.8980126,-1.0380127,-2.3580127,-1.9880127,-1.1980127,-2.3680127,-3.0380127,-2.9480126,-2.7480128,-2.2480128,-2.8080127,-5.3280125,-2.7780128,-1.7380127,-1.3780127,-1.2380127,-1.0180126,0.11198731,0.3419873,1.0319873,1.5019873,5.591987,8.831987,8.191987,-8.588013,-5.9780126
-1.8980126,-0.9480127,-0.7780127,-1.2980127,-1.3780127,-0.9880127,-0.4080127,-0.2080127,2.3219874,4.5219874,3.6719873,2.5119872,0.2119873,0.49198732,-0.9980127,-0.3680127,-0.4680127,-1.0280128,-0.67801267,-0.2080127,-0.6980127,-2.1080127,-2.3280127,-1.2780128,-2.0080128,-0.9480127,-1.7880127,-0.25801268,-1.7080127,-1.5380127,-1.3880126,-1.0780127,1.0719873,1.2119873,-0.4380127,1.0319873,-0.9980127,1.3519874,3.5119872,-0.9680127,2.5119872
0.5919873,1.2319874,1.1219873,1.5019873,1.3019873,0.9619873,0.88198733,1.5919873,1.6819873,2.8819873,3.5619874,4.6419873,1.9619873,1.7919873,0.6819873,0.3319873,-0.3580127,-0.2680127,-0.5180127,-0.8080127,-0.8280127,-1.7980127,-1.7180127,-1.4980127,-1.4980127,-1.3280127,-0.3580127,-4.698013,-3.3980126,-3.1080127,-1.1580127,-1.0280128,-1.7980127,-1.2780128,-0.3780127,0.8619873,2.5819874,4.0819874,5.9219875,8.041987,-0.18801269
2.2619872,2.1719873,2.3819873,2.5319872,1.9219873,2.2719872,2.2419872,2.0319872,2.1619873,3.6919873,3.8719873,4.7519875,4.571987,3.9919872,1.3519874,1.2819873,1.7919873,2.0819874,0.5019873,-0.13801269,1.8019873,-0.8980127,-1.2080127,-1.6680127,-2.9780128,-1.8980126,-1.9980127,-0.5880127,-1.9180127,-1.7680126,-1.1480126,-1.1380126,1.6419873,0.8519873,3.0019872,2.5619874,2.6119874,1.9519873,0.14198731,0.6019873,1.4919873
1.8819873,1.8119873,1.7419873,1.4919873,1.0619873,0.7419873,1.0719873,1.5319873,2.4819872,3.4519873,4.3319874,5.2019873,2.9019873,5.1219873,3.9719872,1.9719872,3.3519874,2.6319873,1.5719873,0.5319873,1.8419873,1.1219873,-1.8780127,0.5319873,-0.9680127,0.3819873,-0.3580127,0.9319873,0.3419873,-1.3180127,2.8319874,1.0819873,1.3819873,5.7319875,3.2319872,3.0319872,1.2819873,0.091987304,1.0019873,0.7019873,0.6519873
2.5719874,2.8919873,2.2819872,2.2719872,2.5019872,2.3119874,1.9719872,1.6719873,2.6119874,3.4019873,4.361987,5.9419875,6.2719874,6.841987,3.2419872,4.091987,2.5719874,3.1919873,2.0619874,2.1819873,2.3719873,3.4619873,-0.47801268,0.5919873,1.2519873,0.5619873,1.6619873,1.3819873,1.7419873,2.0819874,4.9819875,2.3319874,2.5219872,2.9519873,2.5819874,0.4719873,0.0719873,1.3519874,0.9619873,1.1119874,-0.3380127
3.4819872,3.0419874,3.4119873,3.0219872,3.2719872,3.5419874,2.7719872,2.1319873,3.5619874,2.9919872,4.381987,5.3719873,5.8919873,6.2319875,5.071987,4.591987,5.5419874,2.4419873,2.3819873,1.5319873,1.2819873,1.5919873,1.9319873,1.8519874,1.9719872,1.8819873,0.2219873,-0.5580127,2.1519873,4.301987,2.2919874,2.3019874,-0.28801268,0.5419873,1.1819873,-0.4880127,0.43198732,1.5419873,2.1219873,1.0119873,1.7219872
2.3819873,3.3419874,4.261987,2.4819872,2.0319872,2.0319872,3.7819872,4.4419875,4.9319873,4.761987,3.6719873,4.3519874,5.0019875,6.3919873,5.301987,5.531987,6.4519873,1.2319874,1.9319873,-1.1380126,1.6119874,2.8219874,0.3619873,3.0719874,1.0719873,2.7019873,1.9919873,2.8719873,3.7319872,0.3519873,-1.4580127,-0.5480127,-0.21801269,1.1519873,-0.4880127,-0.13801269,-0.3680127,-0.1080127,0.6419873,2.1319873,-0.1080127
3.5919874,4.511987,4.4119873,4.051987,3.7219872,4.321987,4.0219874,4.3919873,5.1919875,6.071987,2.7319872,3.2819872,5.4819875,4.9219875,5.0819874,6.0019875,5.7719874,4.4619875,-1.1680127,-2.2480128,1.6519873,2.7219872,0.6219873,2.9619873,1.5219873,1.4919873,1.9519873,-0.3980127,-2.4180126,-1.4380127,1.1519873,1.0419873,0.82198733,-0.1180127,-3.2780128,-1.8680127,-2.0180128,-1.4180127,-0.9380127,-0.8880127,1.5519873
3.0819874,5.6819873,3.7919874,4.531987,5.5819874,6.3119874,4.781987,4.8319874,4.1919875,4.9719872,1.6919873,3.5419874,3.7719872,2.5719874,4.091987,5.151987,5.9419875,3.4019873,1.0919873,0.011987304,0.5319873,1.1319873,0.031987306,1.1019874,-0.4480127,-0.9380127,-1.7980127,-2.3680127,-2.7280128,0.4119873,1.2719873,2.3219874,-2.7880127,-1.6780127,-3.6180127,-3.3680127,-2.2480128,-2.4180126,-1.7680126,-2.6380126,-1.8580127
