wind_kz.json
{"header": {"discipline":0,"disciplineName":"Meteorological products","gribEdition":2,"gribLength":1102,"center":7,"centerName":"US National Weather Service - NCEP(WMC)","subcenter":0,"refTime":"2025-04-05T00:00:00.000Z","significanceOfRT":1,"significanceOfRTName":"Start of forecast","productStatus":0,"productStatusName":"Operational products","productType":1,"productTypeName":"Forecast products","productDefinitionTemplate":0,"productDefinitionTemplateName":"Analysis/forecast at horizontal level/layer at a point in time","parameterCategory":2,"parameterCategoryName":"UnknownDiscipline_0_Category_2","parameterNumber":3,"parameterNumberName":"UnknownParameter_D0_C2_3","parameterUnit":"Unknown","genProcessType":2,"genProcessTypeName":"Forecast","forecastTime":300,"surface1Type":103,"surface1TypeName":"Specified height level above ground","surface1Value":10.0,"surface2Type":255,"surface2TypeName":"Missing","surface2Value":0.0,"gridDefinitionTemplate":0,"gridDefinitionTemplateName":"Latitude_Longitude","numberPoints":615,"shape":6,"shapeName":"Earth spherical with radius of 6,371,229.0 m","gridUnits":"degrees","resolution":48,"winds":"true","scanMode":64,"nx":41,"ny":15,"basicAngle":0,"lo1":47.0,"la1":41.0,"lo2":87.0,"la2":55.0,"dx":1.0,"dy":1.0}, "data":
[rows 0 to 14 of 15, columns 0 to 40 of 41]
1.7379395,2.1279395,-1.2020606,0.03793945,-1.7420605,-5.1620607,-3.2920606,-3.6420605,-0.48206055,-1.9420606,-1.6820606,-2.5920606,-3.1720605,-3.4820604,-3.1720605,-4.4820604,-5.0020604,-5.7720604,-5.4320607,-5.5320606,-4.4620605,-4.1320605,-4.2220607,0.38793945,4.8479395,3.3879395,1.2479395,3.8379395,-2.1120605,-1.6320605,-3.3120606,-1.5720606,2.6379395,2.7479393,3.1079395,1.7479395,-0.72206056,-0.13206054,1.2879394,2.0079393,-0.09206054
2.6179395,-0.34206054,1.0979395,-0.41206056,-2.0220606,-4.1320605,-3.9620605,-2.1120605,-1.3320606,-1.2920605,-1.1820606,-0.7120606,-2.1320605,-2.1820605,-3.0820606,-3.8420606,-3.8420606,-3.0420606,-3.1920605,-3.5820606,-3.3020606,-2.8320606,-0.9620606,1.4479394,3.2579393,2.4279394,1.7379395,3.2079394,5.7279396,1.0579394,1.8379395,3.4479394,1.7679394,-0.29206055,-2.0620606,0.7879394,3.4879394,2.4079394,1.7879394,1.1079395,-0.20206055
-2.1720605,2.0979395,0.13793945,-1.2720605,-2.1720605,-2.0320606,0.24793945,-1.8120606,-2.0120606,-1.4920605,-0.98206055,-2.0620606,-2.4820604,-2.5920606,-3.1420605,-3.8620605,-2.7520607,-2.1520605,-1.7520605,-1.6420605,-1.1620605,-0.61206055,0.33793944,3.2179394,-2.4820604,-2.1620605,-1.3420606,-1.3520606,-4.1820607,-1.7920605,0.63793945,-0.042060547,-0.45206055,-2.4720604,2.9079394,-3.1420605,-1.4020605,-2.9720604,-2.3720605,-0.72206056,1.5479394
0.83793944,0.93793947,-0.98206055,-1.0920606,-0.5120605,0.32793945,-1.3020606,-0.78206056,-2.0420606,-2.8120606,-3.0620606,-2.3820605,-1.3620605,-1.6520605,-2.9220605,-2.9020605,-2.6920605,-2.2620606,-1.4520606,-0.24206054,-0.042060547,3.4179394,-0.94206053,4.2379394,0.88793945,-2.1020606,-1.6120605,-0.66206056,-1.2020606,-6.4220605,-8.122061,3.1079395,4.4979396,2.9379394,0.83793944,1.3179394,2.1679394,2.8079395,-0.07206055,-0.9620606,-0.73206055
-1.5520606,1.1179395,0.14793946,0.11793945,-0.5120605,-1.8020606,-1.7620605,-1.4120605,-3.1120605,-3.5320606,-2.7720606,-3.3020606,-3.2820606,-2.5720606,0.027939454,-1.8420606,-1.2820605,-0.75206053,-0.17206055,-0.122060545,1.3679395,1.2979394,1.0479394,0.6779395,0.56793946,0.52793944,0.76793945,-0.13206054,-0.5820606,-2.8820605,-3.5020607,-3.3120606,3.6079395,1.7779394,0.70793945,1.6479394,0.14793946,-0.61206055,0.41793945,0.39793944,0.007939453
-0.61206055,0.35793945,5.8679395,2.1479394,0.89793944,1.8079394,0.9779394,0.23793945,-0.60206056,-1.0320605,-1.0020605,-1.1720605,-2.5620606,-2.9320605,2.0779395,-2.7320604,-3.1520605,-1.9320606,0.17793946,-0.60206056,-1.2920605,-0.87206054,2.5979395,2.1379395,1.4279394,1.1279395,0.90793943,1.6279395,-0.29206055,-0.39206055,-1.1220605,-1.7020606,4.877939,5.4879394,1.4279394,7.5979395,-0.34206054,-0.65206057,5.2079396,1.1079395,1.9979395
-3.0620606,-2.3320606,-1.6420605,-1.9420606,-0.39206055,0.96793944,-0.042060547,-2.9320605,-2.5020607,-2.4120605,-0.91206056,-1.5720606,-6.0820603,-7.372061,-8.032061,-6.3420606,-3.8820605,-0.84206057,-0.30206054,0.7979395,1.3879395,0.16793945,0.28793946,-1.1620605,0.28793946,1.4879395,1.7479395,1.3579395,1.2079395,3.9679394,4.0579395,3.0179396,-0.54206055,1.7679394,4.6879396,2.2079394,1.8279395,3.6479394,1.6579394,4.5979395,6.5279393
-3.4320605,-3.7220604,-4.2820606,-4.2320604,-4.2920604,-3.6320605,-4.0220604,-4.4720607,-3.6620605,-4.4920607,-3.5820606,-4.4720607,-6.6120605,-7.2120605,-9.30206,-8.462061,-9.582061,-1.5720606,-0.34206054,1.2679394,1.4579395,1.3079394,2.3879395,2.4879394,1.8379395,2.7379394,2.3479395,2.9079394,1.8779395,2.9379394,4.3879395,5.0979395,4.627939,9.23794,9.717939,-0.60206056,0.9779394,1.6579394,-3.8420606,0.39793944,4.8579392
-3.7720606,-4.6620607,-4.8220606,-5.4520607,-5.1620607,-5.2920604,-4.0420604,-4.4120607,-3.8220606,-4.6420608,-4.7520604,-4.0620604,-5.7720604,-5.2220607,-5.6520605,-9.072061,-9.47206,-6.5820603,-3.1120605,1.0879395,0.33793944,1.1179395,1.4679395,3.1479394,3.9579394,2.6679394,2.4279394,1.2779394,3.6979394,1.4279394,3.2879395,7.6679397,6.3879395,8.64794,11.837939,7.2779393,0.56793946,1.5479394,2.8379395,2.7379394,4.0879393
-3.9020605,-4.4220605,-5.0220604,-5.2520604,-5.7920604,-6.1320605,-6.4020605,-6.0320606,-6.372061,-6.0420604,-4.4920607,-4.3220606,-5.8620605,-7.0420604,-8.382061,-8.76206,-8.422061,-11.112061,-1.8920605,0.52793944,-0.14206055,0.95793945,1.5279394,1.7179395,3.3679395,3.8679395,2.4779394,1.4379394,0.40793946,1.9779395,0.12793945,-1.4820606,7.6779394,6.9879394,7.9179397,4.5179396,1.4379394,0.25793946,3.6279395,4.7379394,4.3679395
-4.6420608,-5.0620604,-5.3220606,-5.6520605,-5.2220607,-5.8520603,-6.4220605,-6.4220605,-6.5120606,-6.8920608,-5.8320603,-3.6020606,-4.8020606,-6.4820604,-8.19206,-9.22206,-10.382061,-7.2020607,-7.6920605,-7.372061,-0.17206055,-0.7620605,-0.31206053,2.5379395,2.1479394,1.0279394,1.6479394,0.30793944,-0.5220606,1.5279394,0.46793947,-4.0420604,-3.1020606,4.0779395,12.40794,9.68794,4.4279394,5.0579395,10.207939,2.6879394,0.77793944
-4.6720605,-5.6520605,-5.5820603,-5.9120607,-6.1520605,-5.9320607,-6.3820605,-6.8120604,-7.3020606,-7.5120606,-5.8320603,-5.3320603,-2.6720605,-5.9220605,-7.5420604,-9.23206,-9.912061,-10.10206,-9.702061,-4.9720607,-6.2320604,-8.922061,-2.3120606,0.8579395,2.3679395,2.0579395,2.0579395,1.3479395,-0.92206055,-1.1820606,0.27793944,1.1979394,2.4379394,8.427939,9.037939,10.5979395,9.367939,6.9179397,3.5979395,6.1079392,2.9379394
-3.9820604,-5.4520607,-5.9620605,-5.0820603,-5.3620605,-4.6020603,-6.1820607,-6.8920608,-8.43206,-7.7320604,-4.7020607,-5.0620604,-7.3020606,-6.8920608,-7.8820605,-8.39206,-8.742061,-9.572061,-9.672061,-9.09206,-7.4020605,-7.8520603,-3.7120605,-3.4420605,-5.5720606,-6.7020607,-7.5320606,-6.4420605,-6.7620606,-5.5920606,-1.9120605,6.3579392,4.8079395,4.1079392,4.0279393,5.4179397,9.417939,7.4779396,8.797939,4.5179396,3.2079394
-4.372061,-4.1720605,-5.4220605,-5.6320605,-5.9120607,-5.7920604,-6.5120606,-6.9020605,-7.3220606,-7.9620605,-5.2520604,-4.5920606,-6.0220604,-7.4920607,-7.2720604,-7.7220607,-7.6820607,-8.752061,-9.1520605,-8.952061,-8.382061,-8.18206,-7.9520607,-7.8820605,-8.382061,-6.0020604,-2.0020607,-3.7920606,-4.2620606,-5.0120606,-5.5420604,-5.0520606,0.057939455,2.1379395,3.4579394,1.5179394,5.5979395,3.7879395,5.5279393,4.9379396,4.6879396
-3.4320605,-5.0520606,-3.3520606,-5.9520607,-6.0020604,-5.8620605,-6.372061,-6.8320603,-7.0820603,-7.0020604,-4.5020604,-6.6320605,-5.7620606,-5.2820606,-7.4820604,-7.8220606,-8.082061,-9.072061,-8.84206,-8.97206,-8.69206,-8.4020605,-7.8920608,-7.9020605,-6.1920605,-5.7120605,-7.2120605,-8.6520605,-1.5820606,0.29793945,-1.1120605,-3.5720606,-4.1920605,-3.4220605,-4.8920608,-4.4320607,-1.2320606,3.9379394,2.4479394,5.7879395,3.9079394
