wind.json
{"header": {"discipline":0,"disciplineName":"Meteorological products","gribEdition":2,"gribLength":1211,"center":7,"centerName":"US National Weather Service - NCEP(WMC)","subcenter":0,"refTime":"2023-07-02T00:00:00.000Z","significanceOfRT":1,"significanceOfRTName":"Start of forecast","productStatus":0,"productStatusName":"Operational products","productType":1,"productTypeName":"Forecast products","productDefinitionTemplate":0,"productDefinitionTemplateName":"Analysis/forecast at horizontal level/layer at a point in time","parameterCategory":2,"parameterCategoryName":"UnknownDiscipline_0_Category_2","parameterNumber":3,"parameterNumberName":"UnknownParameter_D0_C2_3","parameterUnit":"Unknown","genProcessType":2,"genProcessTypeName":"Forecast","forecastTime":180,"surface1Type":103,"surface1TypeName":"Specified height level above ground","surface1Value":10.0,"surface2Type":255,"surface2TypeName":"Missing","surface2Value":0.0,"gridDefinitionTemplate":0,"gridDefinitionTemplateName":"Latitude_Longitude","numberPoints":688,"shape":6,"shapeName":"Earth spherical with radius of 6,371,229.0 m","gridUnits":"degrees","resolution":48,"winds":"true","scanMode":64,"nx":43,"ny":16,"basicAngle":0,"lo1":45.0,"la1":40.0,"lo2":87.0,"la2":55.0,"dx":1.0,"dy":1.0}, "data":
[rows 0 to 15 of 16, columns 0 to 42 of 43]
1.1109912,-1.2990088,-1.4590088,4.620991,1.3009912,-3.6190088,-6.049009,-6.259009,0.9009912,-0.3790088,0.8109912,-0.30900878,-0.15900879,-0.8590088,-2.1190088,-2.8990088,-3.0790088,-3.4590087,-3.7190087,-4.839009,-6.719009,1.8909912,2.8209913,4.320991,2.3709912,1.8909912,0.44099122,4.740991,0.14099121,-2.7190087,-3.8090088,1.0209912,5.630991,0.9609912,-0.33900878,-2.4090087,-4.0990086,-10.759008,-3.0690088,-5.5790086,3.7209911,1.3909912,0.9109912
-1.3290088,0.6409912,2.3409913,3.7209911,4.6009912,-0.17900878,-4.5990086,-1.9490088,-1.9390088,-0.4790088,0.9709912,0.5709912,-0.7390088,-0.50900877,-2.249009,-1.7690088,-2.1490088,-3.8690088,-3.0690088,-2.7690089,-4.3490086,-3.6090088,-2.6590087,0.2709912,-0.3890088,-2.2190087,-2.0990088,-7.609009,-2.1890087,2.6609912,-2.6090088,-4.719009,-4.389009,-1.8390088,0.030991212,-3.2190087,-3.3990088,-5.2690086,-8.529009,5.0809913,7.860991,0.5709912,2.2709913
-0.05900879,1.6509912,1.9909912,-2.3690088,-1.0690088,1.8009912,-0.7090088,-5.4390087,-0.8590088,-1.1790088,0.7309912,1.3809912,1.2909912,-0.6590088,-2.1690087,-4.139009,-3.999009,-4.0190086,-2.0890088,-2.249009,-2.6090088,-4.409009,-6.6890087,-3.8590088,-4.4790087,-0.7990088,-1.4090087,-1.7390088,-5.9190087,-3.7790089,-4.069009,-2.8290088,-2.1790087,-2.9190087,-2.7790089,-3.0290089,-4.6690087,-9.079009,-3.3390088,-8.149009,0.8109912,-0.2690088,2.4509912
-2.1690087,-2.6890087,-1.5990088,4.140991,5.640991,5.610991,1.2309912,1.9909912,2.0709913,1.0309912,0.7009912,-0.39900878,-1.9590088,-3.9090087,-5.219009,-3.2990088,-3.989009,-5.089009,-5.7290087,-6.2090087,-7.109009,-8.749009,-8.829009,-2.3390088,-6.8090086,-6.489009,-4.819009,-4.5190086,10.250991,6.070991,2.760991,1.3509912,-1.2590088,0.2409912,0.8509912,0.18099122,0.3009912,1.9009912,0.090991214,-4.0990086,-2.4390087,1.7609912,3.1009912
-2.489009,1.5409912,1.9209912,5.0609913,5.430991,4.6709914,1.0409912,3.4009912,2.8609912,1.3409913,1.8409913,0.15099122,-1.2790087,-4.2290087,-7.159009,-7.679009,-8.919009,-2.6690087,-4.589009,-5.869009,-6.7890086,-7.609009,-6.4990087,-6.679009,-7.5390086,-4.359009,-2.4290087,-5.4990087,-5.6690087,0.7909912,6.7309914,9.120991,2.2709913,-5.7090087,-0.7090088,5.2309914,2.1109912,3.0509913,1.7609912,-1.6390088,1.2609912,3.4009912,1.9909912
-3.9690087,0.7609912,6.180991,5.220991,4.760991,3.1609912,5.700991,3.6709912,3.1909912,2.6309912,2.5509913,0.8109912,0.7209912,-1.3190088,-4.049009,-6.299009,-7.9790087,-3.8590088,-4.679009,-4.859009,-5.639009,-6.869009,-6.6890087,-6.7890086,-6.449009,-5.7090087,-4.5390086,-4.699009,-2.6790087,-6.7490087,-6.069009,-10.729009,-3.509009,-6.159009,-1.1290088,-1.5590088,-1.5290087,-4.569009,-1.2590088,1.9209912,9.560991,7.5009913,5.280991
-4.969009,0.44099122,4.880991,7.680991,-1.8890088,0.7909912,0.25099123,2.2909913,4.4209914,3.4209912,2.9709911,2.5709913,2.8609912,2.7309911,1.7409912,-0.9390088,-7.049009,-4.489009,-4.449009,-5.2890086,-5.7690086,-5.779009,-6.679009,-7.279009,-8.059009,-7.6490088,-7.129009,-1.2890087,-2.1590087,-1.8690088,-6.6690087,-3.2190087,-6.529009,-5.529009,-7.799009,-7.369009,-4.879009,3.1409912,-1.1890088,4.550991,-0.05900879,4.140991,-1.0690088
-1.3190088,4.0609913,8.890991,12.100991,8.210991,7.720991,7.5609913,6.130991,5.6009912,3.6609912,3.6309912,2.6309912,0.6509912,0.11099121,-1.3890088,-2.9190087,-3.2790089,-4.7290087,-4.629009,-5.7290087,-6.389009,-5.0990086,-5.8490086,-6.4590087,-7.299009,-7.4390087,-6.4390087,-7.8090086,-5.4990087,-3.1490088,-4.239009,-8.499009,-7.449009,-5.489009,-4.389009,-8.189009,-5.679009,-6.799009,-0.9690088,-4.779009,-2.5390089,-0.24900879,-2.6690087
-2.3590088,1.8209912,3.9609911,6.840991,7.9009914,10.030992,9.810991,8.010991,5.990991,4.5209913,4.220991,2.9309912,1.3509912,0.22099121,0.18099122,-2.5890088,-2.8390088,-1.7790087,-3.4490087,-4.7290087,-5.799009,-6.2090087,-4.879009,-5.8490086,-6.2890086,-7.259009,-7.199009,-4.989009,-8.059009,-6.509009,-6.109009,-5.359009,-7.699009,-7.759009,-9.119009,-7.4190087,-7.0790086,-7.909009,2.6609912,-4.879009,0.9409912,0.12099121,-0.12900878
-6.909009,-4.949009,3.5609913,5.300991,6.780991,8.990992,5.820991,6.1709914,5.360991,3.4409912,3.7009912,3.4509912,2.4309912,0.25099123,-0.9890088,-1.3790088,-0.5290088,-1.1590087,-2.759009,-4.489009,-4.339009,-6.3990088,-6.0590086,-5.8090086,-5.949009,-5.869009,-6.1690087,-6.389009,-4.4590087,-6.489009,-3.7290087,-4.029009,-4.8290086,-3.6290088,-4.609009,-6.409009,-6.299009,-7.6690087,-6.069009,-4.2290087,-3.2790089,-1.3490088,1.6409912
-3.5790088,-3.9590087,-4.909009,0.05099121,3.990991,5.140991,4.680991,5.010991,4.930991,4.9009914,4.950991,3.5709913,2.4009912,1.1009912,0.8909912,9.912109E-4,-0.8290088,0.10099121,-1.1490088,-3.1290088,-3.8290088,-4.5990086,-4.9190087,-4.489009,-4.719009,-5.2890086,-5.629009,-6.1490088,-5.509009,-5.8090086,-6.5990086,-5.839009,-6.029009,-3.2890089,-4.2690086,-3.4290087,-4.469009,-4.2090087,-3.489009,-1.2290088,0.86099124,0.5909912,-1.3890088
-1.0090088,-4.6690087,-1.1590087,-2.1990087,-0.7290088,-1.5990088,2.3009913,1.8409913,-3.1490088,3.8409913,2.5709913,2.8809912,2.4209912,2.0509913,1.0609912,2.3109913,-0.11900879,-1.7990088,-2.3290088,-3.8990088,-1.6490088,-4.219009,-5.949009,-6.5990086,-6.7690086,-3.8690088,-4.819009,-4.719009,-4.0790086,-4.6490088,-4.639009,-6.119009,-7.0590086,-7.6890087,-7.879009,-4.129009,-1.8390088,0.8109912,0.4209912,-2.5190089,-2.7290087,-2.2190087,-1.8090088
-2.5690088,-2.1990087,-2.7690089,-2.7690089,0.61099124,1.3509912,0.3609912,0.1609912,0.7709912,0.17099121,1.1209912,3.9309912,3.0809913,2.7909913,2.5909913,0.4909912,0.1609912,-0.9290088,-4.299009,-0.9290088,-0.39900878,-3.5390089,-5.359009,-5.609009,-3.7690089,-2.1890087,-1.8390088,-4.5990086,-5.4790087,-6.5990086,-7.279009,-8.089008,-6.159009,-5.8090086,-4.429009,-5.759009,-6.0990086,-5.409009,-2.2690089,-0.49900877,0.62099123,0.5609912,0.9609912
-4.9990087,-3.4590087,-1.4990088,1.9409912,0.62099123,2.1509912,0.26099122,0.9009912,1.5109912,0.6609912,1.0909913,1.9309912,1.8909912,1.3609912,1.9409912,-0.6190088,-1.8790088,-0.63900876,-0.5590088,-1.3690088,2.6709912,0.5709912,-2.5190089,-2.9790087,-4.4590087,-4.779009,-5.5990086,-7.049009,-7.4190087,-7.109009,-4.389009,-5.379009,-3.8390088,-1.8190088,-4.3490086,-3.8590088,-3.2090087,-2.739009,-2.8090088,-0.5790088,2.1509912,0.3709912,1.3809912
-4.0190086,-3.7290087,-5.889009,-4.1690087,-6.909009,-0.3790088,3.6609912,0.9609912,2.6109912,2.3009913,1.9409912,2.0809913,1.6109912,2.0209913,2.7709913,0.9809912,2.5709913,1.3509912,0.8109912,1.5609912,1.1809912,0.2709912,0.10099121,-1.3990088,-4.469009,-3.749009,-2.249009,-2.5490088,-3.4290087,-0.4690088,0.11099121,-2.5490088,-3.489009,-1.6190088,0.030991212,-1.1490088,-2.6790087,-3.1890087,-2.3990088,-0.20900878,0.3109912,1.9309912,-0.1990088
-3.0690088,-1.9890088,-2.239009,-3.9290087,-5.719009,-5.9990087,-4.929009,2.9109912,4.280991,4.3109913,5.0409913,3.5609913,1.5709912,1.2509912,0.5309912,-0.3890088,0.12099121,0.9009912,-1.0790088,-1.9890088,3.0909913,2.5509913,0.35099122,-2.499009,-4.0790086,-3.9490087,-6.0790086,-5.589009,-2.8890088,-2.009009,-4.8490086,-1.5490088,-2.3490088,-4.369009,-3.1890087,-2.2990088,-3.009009,-2.3890088,-3.5490088,-1.7590088,4.180991,3.8109913,-0.01900879
