wind_kz.json
{"header": {"discipline":0,"disciplineName":"Meteorological products","gribEdition":2,"gribLength":871,"center":7,"centerName":"US National Weather Service - NCEP(WMC)","subcenter":0,"refTime":"2023-08-07T18:00:00.000Z","significanceOfRT":1,"significanceOfRTName":"Start of forecast","productStatus":0,"productStatusName":"Operational products","productType":1,"productTypeName":"Forecast products","productDefinitionTemplate":0,"productDefinitionTemplateName":"Analysis/forecast at horizontal level/layer at a point in time","parameterCategory":0,"parameterCategoryName":"UnknownDiscipline_0_Category_0","parameterNumber":0,"parameterNumberName":"UnknownParameter_D0_C0_0","parameterUnit":"Unknown","genProcessType":2,"genProcessTypeName":"Forecast","forecastTime":0,"surface1Type":1,"surface1TypeName":"Ground or water surface","surface1Value":0.0,"surface2Type":255,"surface2TypeName":"Missing","surface2Value":0.0,"gridDefinitionTemplate":0,"gridDefinitionTemplateName":"Latitude_Longitude","numberPoints":615,"shape":6,"shapeName":"Earth spherical with radius of 6,371,229.0 m","gridUnits":"degrees","resolution":48,"winds":"true","scanMode":64,"nx":41,"ny":15,"basicAngle":0,"lo1":47.0,"la1":41.0,"lo2":87.0,"la2":55.0,"dx":1.0,"dy":1.0}, "data":
[rows 0 to 14 of 15, columns 0 to 40 of 41]
301.9613,291.8613,296.5613,298.4613,298.2613,297.0613,300.9613,307.16132,305.8613,306.8613,304.66132,305.5613,305.2613,304.7613,304.4613,303.7613,300.9613,302.2613,300.16132,302.3613,302.3613,297.4613,299.0613,294.0613,294.0613,293.5613,290.7613,280.4613,276.9613,277.2613,278.16132,282.2613,289.3613,297.9613,300.2613,300.2613,301.2613,302.2613,303.7613,304.2613,304.16132
278.4613,296.0613,298.5613,299.0613,298.7613,296.8613,305.16132,305.16132,305.0613,305.4613,306.16132,307.0613,303.3613,304.2613,302.7613,301.5613,303.7613,299.0613,297.0613,297.0613,297.66132,298.8613,299.0613,285.7613,276.7613,275.7613,285.8613,279.3613,276.5613,277.4613,281.66132,275.4613,283.5613,271.0613,279.5613,294.4613,295.7613,298.7613,304.16132,297.0613,287.66132
298.9613,298.3613,299.0613,298.7613,296.5613,304.0613,305.3613,305.66132,305.16132,304.3613,303.8613,302.7613,298.3613,298.8613,299.8613,297.2613,297.66132,300.7613,296.7613,295.8613,299.8613,298.3613,298.9613,290.8613,292.66132,292.16132,291.9613,290.9613,290.7613,280.66132,270.4613,280.3613,284.4613,284.5613,286.2613,285.8613,279.4613,282.4613,283.0613,281.9613,281.3613
297.2613,298.8613,298.8613,298.66132,299.16132,304.3613,305.0613,304.16132,303.8613,302.66132,301.7613,299.8613,296.5613,295.9613,297.9613,296.9613,300.8613,300.5613,298.16132,296.0613,296.3613,293.3613,298.16132,298.66132,296.0613,296.2613,298.3613,295.7613,294.0613,294.8613,294.16132,289.3613,296.0613,297.0613,296.5613,291.66132,281.2613,280.8613,286.16132,294.5613,298.9613
302.8613,299.8613,300.0613,300.0613,300.9613,303.5613,303.66132,304.2613,302.7613,302.2613,301.3613,300.4613,297.2613,296.0613,293.0613,299.7613,299.2613,298.9613,293.0613,296.5613,297.66132,299.16132,298.7613,297.7613,297.4613,298.2613,298.4613,295.8613,295.8613,297.16132,298.8613,297.3613,284.16132,276.8613,284.5613,296.4613,295.7613,302.0613,300.16132,301.4613,301.5613
303.8613,299.66132,299.66132,299.7613,299.8613,299.2613,303.2613,300.3613,302.9613,302.3613,301.9613,304.16132,296.66132,295.9613,296.16132,298.3613,299.8613,300.0613,297.4613,297.66132,299.3613,299.3613,296.5613,297.7613,296.7613,294.4613,299.5613,293.5613,295.7613,298.66132,298.3613,301.8613,298.5613,294.9613,293.16132,293.16132,285.4613,290.8613,296.66132,300.0613,298.0613
304.0613,303.16132,306.2613,305.4613,302.16132,301.9613,301.3613,300.4613,301.3613,301.4613,301.0613,300.8613,301.5613,299.8613,298.16132,300.2613,299.8613,299.16132,298.16132,296.8613,298.9613,300.0613,299.16132,298.9613,296.5613,296.7613,297.0613,296.7613,298.9613,297.9613,298.16132,297.5613,296.2613,297.16132,292.7613,291.16132,285.8613,282.8613,281.0613,284.8613,294.8613
303.3613,302.4613,304.0613,303.4613,303.9613,303.3613,302.0613,300.66132,299.9613,299.5613,298.0613,298.4613,298.3613,298.9613,299.2613,302.16132,301.7613,301.2613,298.2613,296.16132,297.16132,295.8613,295.4613,296.7613,296.4613,290.7613,293.5613,294.2613,292.5613,296.5613,293.66132,294.9613,292.8613,289.4613,289.9613,292.3613,291.9613,289.0613,289.7613,291.9613,289.0613
300.0613,300.66132,301.4613,299.5613,301.9613,300.66132,298.9613,299.8613,298.66132,297.8613,295.4613,296.16132,295.5613,297.3613,297.5613,298.0613,298.5613,298.8613,297.9613,296.0613,293.0613,292.5613,295.4613,293.3613,293.2613,292.2613,288.4613,289.3613,290.5613,289.66132,289.3613,289.7613,290.2613,290.8613,288.4613,288.16132,288.2613,287.2613,277.8613,277.16132,275.7613
297.9613,298.5613,299.16132,298.16132,297.8613,298.4613,297.2613,297.16132,296.8613,298.2613,293.2613,292.66132,293.4613,294.2613,296.66132,295.7613,296.0613,296.3613,295.8613,294.2613,292.9613,294.0613,296.0613,292.8613,293.7613,294.5613,289.8613,291.16132,293.16132,293.3613,293.2613,293.9613,294.3613,294.5613,290.3613,287.7613,287.9613,281.9613,282.3613,282.4613,280.8613
295.7613,294.5613,296.0613,296.4613,295.5613,296.4613,297.0613,299.16132,295.66132,296.66132,291.5613,290.66132,293.2613,292.0613,292.3613,294.8613,294.0613,295.0613,295.16132,294.0613,292.4613,292.9613,292.3613,290.66132,290.16132,289.4613,287.3613,291.3613,291.9613,295.2613,294.4613,292.9613,292.2613,290.9613,288.0613,285.9613,283.3613,280.9613,282.16132,281.5613,278.9613
292.4613,294.3613,294.0613,294.16132,294.16132,295.2613,293.16132,293.0613,293.7613,292.8613,289.16132,289.8613,291.8613,290.7613,291.16132,291.5613,292.4613,295.0613,291.9613,292.2613,291.2613,293.2613,289.7613,288.9613,288.7613,290.16132,290.9613,292.0613,292.66132,292.2613,290.2613,291.16132,291.16132,287.9613,287.9613,286.7613,286.16132,285.9613,285.5613,285.7613,285.4613
291.4613,291.4613,293.2613,293.4613,294.7613,296.9613,292.2613,292.16132,290.9613,290.66132,287.8613,287.4613,289.8613,289.2613,290.3613,290.5613,291.7613,292.3613,292.8613,291.2613,290.5613,288.5613,287.66132,287.9613,289.4613,289.9613,292.7613,291.16132,290.9613,289.7613,289.8613,288.9613,288.7613,287.3613,286.8613,286.5613,286.9613,287.16132,285.0613,284.7613,283.7613
290.16132,291.5613,292.4613,293.0613,292.4613,290.66132,295.16132,294.2613,294.8613,290.66132,289.0613,287.16132,287.5613,288.9613,290.0613,290.3613,290.8613,290.9613,292.5613,290.9613,289.66132,289.5613,289.3613,289.3613,289.8613,290.5613,292.8613,293.0613,289.66132,289.16132,288.8613,288.2613,288.3613,291.66132,286.2613,286.5613,285.9613,285.5613,284.16132,284.16132,283.7613
291.8613,292.5613,292.8613,291.9613,292.8613,295.66132,294.2613,294.8613,295.3613,293.9613,290.4613,287.4613,287.4613,288.2613,288.8613,290.16132,291.9613,291.8613,290.7613,290.66132,290.2613,290.0613,289.4613,289.16132,289.3613,288.8613,287.8613,288.3613,287.4613,289.8613,291.2613,286.4613,290.7613,291.4613,290.66132,291.66132,291.2613,286.4613,286.5613,286.9613,285.0613
