wind_kz.json
{"header": {"discipline":0,"disciplineName":"Meteorological products","gribEdition":2,"gribLength":871,"center":7,"centerName":"US National Weather Service - NCEP(WMC)","subcenter":0,"refTime":"2023-08-24T12:00:00.000Z","significanceOfRT":1,"significanceOfRTName":"Start of forecast","productStatus":0,"productStatusName":"Operational products","productType":1,"productTypeName":"Forecast products","productDefinitionTemplate":0,"productDefinitionTemplateName":"Analysis/forecast at horizontal level/layer at a point in time","parameterCategory":0,"parameterCategoryName":"UnknownDiscipline_0_Category_0","parameterNumber":0,"parameterNumberName":"UnknownParameter_D0_C0_0","parameterUnit":"Unknown","genProcessType":2,"genProcessTypeName":"Forecast","forecastTime":300,"surface1Type":1,"surface1TypeName":"Ground or water surface","surface1Value":0.0,"surface2Type":255,"surface2TypeName":"Missing","surface2Value":0.0,"gridDefinitionTemplate":0,"gridDefinitionTemplateName":"Latitude_Longitude","numberPoints":615,"shape":6,"shapeName":"Earth spherical with radius of 6,371,229.0 m","gridUnits":"degrees","resolution":48,"winds":"true","scanMode":64,"nx":41,"ny":15,"basicAngle":0,"lo1":47.0,"la1":41.0,"lo2":87.0,"la2":55.0,"dx":1.0,"dy":1.0}, "data":
[rows 0 to 14 of 15, columns 0 to 40 of 41]
292.92148,288.7215,292.42148,298.42148,298.42148,297.7215,297.2215,297.32147,296.02148,296.2215,294.02148,295.92148,295.2215,294.42148,294.1215,291.42148,292.7215,291.42148,291.2215,292.2215,294.92148,288.82147,288.82147,289.92148,290.6215,292.1215,290.42148,276.32147,275.42148,276.1215,276.1215,274.82147,285.7215,291.42148,292.32147,292.92148,292.6215,291.32147,292.02148,292.42148,293.52148
278.7215,292.92148,298.32147,298.52148,298.6215,297.42148,296.42148,295.52148,294.7215,293.92148,294.32147,293.32147,292.7215,292.02148,291.1215,291.2215,289.42148,291.42148,290.1215,290.82147,290.6215,291.52148,293.2215,285.82147,275.32147,275.42148,284.52148,274.92148,277.82147,272.32147,277.92148,272.02148,279.6215,257.2215,274.82147,290.2215,288.52148,290.7215,293.82147,286.42148,284.02148
294.32147,297.92148,298.52148,298.52148,297.1215,296.6215,295.82147,293.6215,294.02148,293.52148,292.1215,293.6215,292.52148,292.82147,293.2215,293.1215,291.32147,289.32147,290.32147,291.1215,291.92148,293.2215,294.7215,288.02148,288.1215,287.7215,287.42148,287.02148,287.92148,280.1215,272.6215,274.32147,279.2215,279.32147,280.42148,282.02148,273.7215,273.42148,275.02148,273.32147,273.52148
292.92148,298.42148,298.52148,297.6215,295.82147,296.02148,296.1215,294.7215,294.1215,293.6215,293.6215,293.52148,294.6215,294.02148,294.32147,293.1215,293.52148,292.92148,293.7215,291.32147,294.6215,287.42148,289.02148,291.7215,292.52148,292.2215,291.82147,291.6215,287.82147,287.6215,288.82147,286.92148,291.02148,288.6215,288.2215,285.92148,273.92148,273.6215,277.7215,284.7215,289.32147
295.32147,298.02148,298.42148,298.2215,297.2215,296.92148,296.82147,296.32147,295.1215,295.02148,294.7215,294.02148,294.2215,292.92148,290.82147,295.2215,294.7215,293.82147,292.6215,293.6215,293.1215,293.82147,292.42148,291.92148,292.02148,292.2215,290.92148,291.92148,291.82147,291.6215,292.2215,287.32147,279.42148,270.6215,279.6215,288.02148,291.02148,290.42148,290.1215,291.52148,291.52148
292.7215,292.6215,296.32147,297.52148,298.1215,297.6215,297.42148,298.2215,297.1215,295.92148,296.6215,295.92148,293.92148,293.92148,294.6215,295.32147,296.32147,294.92148,295.6215,294.6215,294.1215,293.1215,292.32147,292.82147,291.42148,291.52148,291.2215,292.32147,293.02148,293.6215,291.92148,292.32147,290.1215,287.1215,286.92148,287.82147,282.52148,283.2215,288.2215,291.2215,291.32147
293.1215,293.52148,294.2215,294.82147,295.6215,295.52148,296.42148,297.52148,296.92148,299.02148,296.7215,295.92148,295.1215,295.02148,295.6215,296.92148,296.52148,296.1215,295.52148,294.82147,293.1215,293.02148,292.52148,292.6215,291.6215,291.7215,291.82147,293.02148,292.82147,292.92148,292.02148,292.1215,291.82147,291.6215,289.82147,288.02148,284.7215,281.02148,276.82147,276.1215,287.6215
293.6215,293.42148,293.7215,294.1215,295.92148,296.92148,297.7215,296.02148,295.02148,296.52148,296.2215,295.42148,294.52148,295.2215,295.6215,296.42148,296.2215,296.6215,295.82147,293.92148,293.02148,293.7215,293.42148,293.2215,292.7215,288.82147,289.2215,290.6215,288.42148,290.52148,289.82147,290.1215,289.32147,286.6215,286.32147,287.7215,289.2215,289.32147,287.42148,286.42148,282.2215
293.7215,293.7215,293.6215,293.52148,294.92148,297.52148,297.6215,296.52148,296.52148,294.1215,294.2215,294.2215,293.32147,295.1215,294.2215,295.6215,296.1215,295.52148,295.1215,293.82147,292.1215,291.7215,292.42148,291.82147,289.6215,289.52148,286.02148,285.92148,283.7215,283.82147,286.32147,287.42148,287.82147,288.42148,286.32147,285.02148,284.92148,284.6215,273.7215,275.7215,274.32147
292.1215,292.1215,292.52148,292.7215,293.02148,292.52148,293.32147,292.6215,293.02148,292.42148,291.2215,291.02148,291.2215,291.92148,292.32147,293.32147,294.92148,295.52148,294.6215,294.6215,293.6215,291.6215,292.52148,291.1215,290.42148,289.7215,287.32147,286.7215,287.02148,285.2215,285.52148,288.42148,289.6215,289.32147,287.7215,285.42148,283.1215,281.42148,276.92148,273.82147,274.02148
289.32147,290.82147,292.32147,291.2215,290.7215,292.7215,292.82147,290.42148,292.7215,292.1215,292.7215,292.7215,293.32147,292.7215,291.6215,292.2215,293.92148,296.6215,295.6215,295.82147,294.42148,293.52148,291.92148,291.1215,291.2215,291.32147,288.82147,290.2215,289.92148,293.32147,293.42148,291.02148,289.92148,289.32147,285.92148,284.92148,282.6215,278.52148,277.52148,278.82147,276.7215
287.52148,288.7215,287.6215,290.02148,288.92148,288.6215,288.7215,288.82147,288.7215,288.6215,287.82147,290.32147,291.2215,291.2215,291.92148,291.82147,292.52148,293.52148,293.42148,294.2215,293.32147,291.52148,290.32147,290.2215,290.6215,291.1215,291.7215,292.6215,292.7215,292.32147,290.92148,291.32147,290.1215,288.2215,287.6215,286.42148,286.42148,285.42148,285.1215,284.82147,286.2215
284.7215,283.2215,287.2215,286.52148,287.1215,288.1215,285.52148,286.42148,288.6215,288.2215,286.02148,284.92148,289.52148,292.1215,291.6215,290.6215,292.52148,292.6215,293.2215,292.52148,292.02148,290.6215,289.92148,289.1215,291.2215,292.2215,292.52148,290.6215,291.7215,290.1215,290.82147,289.92148,288.7215,287.32147,286.6215,285.6215,285.2215,285.42148,284.2215,283.42148,283.32147
279.2215,281.82147,285.7215,283.02148,281.82147,282.32147,286.2215,284.92148,285.92148,286.02148,287.52148,286.32147,286.1215,289.42148,288.92148,289.92148,290.7215,290.82147,291.32147,292.2215,291.92148,290.6215,290.7215,290.2215,290.82147,291.32147,289.7215,289.92148,288.6215,288.7215,288.92148,287.92148,287.2215,286.2215,284.82147,283.82147,283.6215,282.52148,282.02148,281.02148,281.42148
279.92148,281.82147,289.52148,281.32147,280.92148,279.7215,280.82147,279.42148,281.02148,281.02148,285.02148,285.32147,284.42148,287.1215,288.7215,289.6215,290.2215,290.2215,290.52148,291.52148,291.1215,292.82147,289.92148,289.32147,288.7215,289.2215,288.7215,288.7215,288.1215,286.82147,286.2215,285.32147,285.42148,284.42148,283.92148,283.7215,286.02148,281.6215,281.2215,281.42148,281.32147
