wind_kz.json
{"header": {"discipline":0,"disciplineName":"Meteorological products","gribEdition":2,"gribLength":1025,"center":7,"centerName":"US National Weather Service - NCEP(WMC)","subcenter":0,"refTime":"2023-08-10T18:00:00.000Z","significanceOfRT":1,"significanceOfRTName":"Start of forecast","productStatus":0,"productStatusName":"Operational products","productType":1,"productTypeName":"Forecast products","productDefinitionTemplate":0,"productDefinitionTemplateName":"Analysis/forecast at horizontal level/layer at a point in time","parameterCategory":2,"parameterCategoryName":"UnknownDiscipline_0_Category_2","parameterNumber":3,"parameterNumberName":"UnknownParameter_D0_C2_3","parameterUnit":"Unknown","genProcessType":2,"genProcessTypeName":"Forecast","forecastTime":180,"surface1Type":103,"surface1TypeName":"Specified height level above ground","surface1Value":10.0,"surface2Type":255,"surface2TypeName":"Missing","surface2Value":0.0,"gridDefinitionTemplate":0,"gridDefinitionTemplateName":"Latitude_Longitude","numberPoints":615,"shape":6,"shapeName":"Earth spherical with radius of 6,371,229.0 m","gridUnits":"degrees","resolution":48,"winds":"true","scanMode":64,"nx":41,"ny":15,"basicAngle":0,"lo1":47.0,"la1":41.0,"lo2":87.0,"la2":55.0,"dx":1.0,"dy":1.0}, "data":
[rows 0 to 14 of 15, columns 0 to 40 of 41]
1.6371685,2.5471685,-2.8328314,-3.0228314,0.7471686,-1.4528314,-0.7528314,0.49716857,3.3571687,2.2671685,3.2371686,2.8671687,1.2271686,-1.4328314,-4.4428315,-6.5228314,-6.9528313,-4.2128315,-2.2228315,-2.4528315,-2.5128314,-0.7928314,0.90716857,2.2371686,2.7371686,3.1971686,0.90716857,-1.5928314,-0.5728314,3.7371686,2.6071687,3.6571686,-0.17283142,0.72716856,1.3271686,0.8371686,1.7171686,1.3171686,1.4571686,2.3571687,1.1771686
-0.76283145,-1.7228314,-2.3828313,-0.3628314,0.65716857,-1.6328315,-0.7528314,0.7671686,4.5871687,5.7471685,3.1171687,3.4171686,1.9671686,-2.0528314,-3.5828314,-6.1728315,-5.6828313,-3.9528315,-4.6828313,-4.5228314,-4.0628314,1.5271686,3.1671686,-0.9828314,3.1871686,3.4571686,3.5671685,0.90716857,0.60716856,2.6271687,-1.2628314,1.9871686,0.9371686,0.4171686,2.9171686,1.8971686,2.0171685,0.9371686,2.1171687,2.2871685,-0.25283143
-1.3228314,-2.0028315,-1.9028314,-1.7128314,-0.76283145,-0.6128314,-0.2728314,-1.5128314,0.8371686,5.5171685,5.6971684,4.5271688,2.4471686,0.5171686,-2.1028314,-3.7828314,-4.8528314,-6.3928313,-6.8428316,-2.9328315,-2.7828314,-0.6728314,1.7571685,0.78716856,-1.7528315,-2.3928313,-1.8828315,-2.7028315,-1.1328315,-3.1228313,-1.1028314,1.4471686,-1.9728314,1.8971686,0.07716858,-2.8928313,-2.9128313,2.3471687,-1.8428314,0.26716858,-0.22283143
-1.9828315,-0.5728314,-1.0428314,-1.1228315,-0.7228314,-0.7528314,-2.0428314,-2.0428314,-3.0128314,3.1671686,5.6571684,4.7771688,0.37716857,-0.41283143,-1.2528315,-2.4928315,-3.3328314,-4.8228316,-8.002831,-5.1528316,-2.9928315,-3.5428314,0.84716856,-0.26283142,-0.9828314,-1.4028314,-1.5828314,-2.3828313,-3.7128315,-3.7828314,1.2671685,1.7471685,1.5671686,0.5271686,0.98716855,2.5771685,3.3071685,1.6771686,-3.2728314,-1.8728315,-1.7128314
-3.2928314,-2.1628313,-3.7328315,-3.8128314,-2.8528314,-1.0428314,-1.7828314,-2.8628314,-2.1028314,-0.26283142,4.5971684,5.2971687,4.6271687,3.8071685,-1.6328315,-0.83283144,-2.7328315,-3.6628313,-3.1728315,-2.9828315,-1.3528314,0.14716858,0.46716857,1.1371685,0.8771686,0.3871686,-1.0128314,-1.1528314,-1.7328315,-4.1328316,-5.242831,-6.4628315,-1.7128314,-0.70283145,0.7771686,1.2471685,2.3771687,-0.08283142,0.02716858,0.02716858,-0.18283142
-3.4028313,-3.4128313,-4.1028314,-5.1128316,-3.6428313,-3.0728314,-2.4828315,-3.6428313,-4.4428315,-2.1628313,3.2571685,9.227169,5.0371685,3.0871687,0.36716858,-1.0628314,-3.8928313,-2.8528314,-1.9928315,-1.2928314,-0.6628314,-0.7428314,1.3271686,0.59716856,-0.062831424,0.66716856,0.33716857,-3.7728314,-0.21283142,-2.0228314,-4.1528316,-6.3028316,-5.8228316,-4.492831,-2.6228313,-1.2928314,-3.8228314,1.9871686,2.2171686,1.8071686,0.9971686
-3.8428314,-2.9528315,-4.5028315,-3.7928314,-2.0128314,-3.9228315,-4.6228313,-4.512831,-4.2028313,-5.0628314,4.4471684,10.927168,7.8071685,4.9571686,1.3871685,0.35716859,-1.3628315,-3.1228313,-3.4028313,-0.6128314,-0.5528314,-0.9128314,-0.8228314,-1.1928314,-0.53283143,-0.17283142,-0.8828314,0.35716859,1.4071686,-0.6228314,-3.0028315,-5.2728314,-5.8128314,-1.2528315,0.72716856,1.6271685,3.7671685,-1.0228314,-2.9228315,2.4771686,-0.6828314
-3.4528315,-3.6828315,-4.1928315,-4.1928315,-2.1728315,-3.5228314,-2.6628313,-3.2728314,-3.1628313,-2.9028313,3.4071686,11.047168,5.9971685,4.3171687,1.1271685,-0.20283142,-0.48283142,-3.0728314,-1.9628314,-1.0828314,1.7571685,-1.0928314,-0.7928314,-1.4828315,-1.5328314,-1.3928314,-0.17283142,0.7471686,0.17716858,-1.7628314,-2.8028314,-3.3728313,-4.3828316,-5.6228313,-3.1028314,-2.0228314,-2.7528315,-1.1428314,-0.76283145,-1.6528314,0.30716857
-3.0128314,-2.7528315,-3.1128314,-3.9528315,-4.5028315,-3.6228313,-3.0628314,-2.6528313,-2.2428315,-1.9228314,2.0071685,7.4771686,5.6771684,4.6371684,3.4471686,-0.21283142,-0.5728314,-3.5128314,-1.6128315,-1.9628314,4.1771684,0.8671686,-1.2528315,-1.7128314,-2.2728314,-2.0028315,-0.3628314,-0.65283144,-0.9928314,-0.77283144,-2.4528315,-4.0528316,-4.7328315,-4.7328315,-4.0428314,-3.9628315,-1.4428314,-3.8728313,-3.1528313,-1.5628314,2.2571685
-3.2828314,-3.2928314,-3.4328315,-3.8328314,-4.1428313,-4.4328313,-3.6328313,-2.7228315,-2.3828313,-0.9428314,-0.21283142,4.5371685,6.5171685,5.3871684,3.2571685,3.4271686,-1.9628314,-1.2728314,0.84716856,-0.40283144,1.5071685,-0.31283143,-1.0128314,-1.8128314,-2.0228314,-0.84283143,-0.6128314,-0.6628314,-1.3528314,-1.5828314,-2.6128314,-3.7728314,-4.3528314,-4.1628313,-2.8828313,-2.7328315,-2.1128314,2.0671685,-0.14283141,-2.6928315,-2.7828314
-4.5528316,-5.1128316,-4.282831,-3.4628315,-3.1128314,-3.4928315,-3.2728314,-2.5128314,-1.3828315,-2.0128314,-1.0328314,1.7571685,4.2671685,5.4371686,4.3971686,2.5171685,0.21716858,-0.83283144,-4.762831,-1.3228314,0.90716857,0.8071686,-0.24283142,-1.3128314,-1.2628314,-0.28283143,0.18716858,-0.6928314,-1.4128314,-2.4228315,-2.9028313,-2.7728314,-3.0128314,-3.6028314,-4.5228314,-3.0228314,-1.6828314,-1.9528314,-0.4328314,0.14716858,-0.52283144
-3.3728313,-5.1928315,-4.7328315,-3.1228313,-3.5828314,-3.6328313,-3.6228313,-2.6728315,-0.6828314,-2.1928315,0.8671686,1.8971686,5.0371685,5.3471684,3.9371686,2.8771687,5.3071685,2.6371686,-0.6628314,2.5071685,3.8571687,2.4871686,1.5271686,0.42716858,0.49716857,0.2571686,-0.0028314209,-0.48283142,-0.7528314,-1.9228314,-3.4228315,-2.3028314,-2.5028315,-2.8828313,-2.8928313,-2.6928315,-2.6628313,-2.6828315,-3.0228314,-2.2428315,-1.3328314
-2.4928315,-3.8728313,-5.4828315,-4.0828314,-3.3428314,-2.2228315,-2.6228313,-2.3028314,-1.1028314,-0.84283143,-0.5728314,0.8971686,3.3271685,5.2971687,3.8171685,4.1571684,4.7971687,5.507169,4.0471687,3.4271686,2.1671686,3.7071686,3.0871687,2.4171686,2.1871686,0.9971686,0.2571686,0.13716859,-1.1128315,-2.3228314,-2.0228314,-2.1928315,-2.8428314,-3.2928314,-2.9128313,-2.2428315,-2.8028314,-1.4928315,-3.1028314,-2.7828314,-1.2728314
-2.7428315,-2.9528315,-3.4728315,-4.1528316,-4.3028316,-3.5028315,-2.7728314,-2.2428315,-2.4728315,-1.2928314,-0.08283142,0.60716856,0.45716858,1.2671685,1.7571685,3.4871686,3.8371687,2.6271687,2.0471685,2.2871685,2.8171685,2.3771687,3.4671686,3.3771687,2.6471686,1.9671686,1.0771686,0.13716859,-0.34283143,-0.09283142,-1.5828314,-1.7228314,-2.4728315,-3.0928314,-2.7028315,-2.9828315,-3.0528314,-1.9928315,-1.9528314,-2.5228314,-2.0128314
-1.1328315,-1.8228314,-2.5128314,-2.7528315,-3.1728315,-3.7328315,-2.7628314,-1.1128315,-0.6228314,-0.9728314,-0.32283142,-0.4628314,0.6171686,1.0071685,1.4871686,1.7171686,2.1771686,1.0371686,-0.7928314,-0.64283144,2.2771685,4.7071686,4.8671684,4.5671687,3.5871687,2.4471686,1.7171686,1.4971685,2.4371686,1.6271685,2.3871686,-0.11283142,-1.6128315,-2.6428313,-3.2828314,-3.2328315,-3.3828313,-3.0328314,-1.8628315,-1.6428314,-0.59283143
