wind_kz.json
{"header": {"discipline":0,"disciplineName":"Meteorological products","gribEdition":2,"gribLength":871,"center":7,"centerName":"US National Weather Service - NCEP(WMC)","subcenter":0,"refTime":"2023-09-28T06:00:00.000Z","significanceOfRT":1,"significanceOfRTName":"Start of forecast","productStatus":0,"productStatusName":"Operational products","productType":1,"productTypeName":"Forecast products","productDefinitionTemplate":0,"productDefinitionTemplateName":"Analysis/forecast at horizontal level/layer at a point in time","parameterCategory":0,"parameterCategoryName":"UnknownDiscipline_0_Category_0","parameterNumber":0,"parameterNumberName":"UnknownParameter_D0_C0_0","parameterUnit":"Unknown","genProcessType":2,"genProcessTypeName":"Forecast","forecastTime":120,"surface1Type":1,"surface1TypeName":"Ground or water surface","surface1Value":0.0,"surface2Type":255,"surface2TypeName":"Missing","surface2Value":0.0,"gridDefinitionTemplate":0,"gridDefinitionTemplateName":"Latitude_Longitude","numberPoints":615,"shape":6,"shapeName":"Earth spherical with radius of 6,371,229.0 m","gridUnits":"degrees","resolution":48,"winds":"true","scanMode":64,"nx":41,"ny":15,"basicAngle":0,"lo1":47.0,"la1":41.0,"lo2":87.0,"la2":55.0,"dx":1.0,"dy":1.0}, "data":
[rows 0 to 14 of 15, columns 0 to 40 of 41]
294.40195,288.70197,295.30194,294.00195,293.90195,292.90195,298.90195,303.90195,301.20197,300.30194,300.10196,299.00195,299.90195,300.60196,302.50195,306.30194,309.90195,306.70197,313.00195,311.60196,313.90195,312.40195,312.40195,306.30194,307.90195,306.40195,304.90195,294.40195,282.80194,287.60196,288.50195,282.70197,299.80194,306.20197,306.90195,305.90195,311.30194,310.30194,312.10196,312.70197,313.90195
277.20197,291.00195,293.80194,294.10196,293.90195,292.10196,305.60196,302.50195,300.60196,299.20197,300.90195,301.50195,303.00195,303.00195,304.20197,306.40195,307.10196,307.60196,308.00195,309.60196,312.10196,308.40195,308.10196,296.70197,285.60196,283.80194,299.10196,294.40195,294.10196,288.60196,294.30194,279.80194,291.60196,269.20197,287.90195,301.10196,303.30194,302.90195,308.60196,300.00195,284.60196
288.50195,293.40195,293.90195,293.50195,291.60196,294.10196,299.20197,300.30194,299.80194,299.80194,300.10196,302.00195,303.60196,303.50195,302.50195,306.20197,306.60196,307.60196,308.20197,309.60196,310.20197,308.30194,308.80194,301.00195,306.20197,303.00195,302.70197,303.30194,303.00195,292.80194,280.80194,289.80194,293.40195,297.90195,297.50195,294.80194,291.40195,291.70197,293.90195,289.40195,287.10196
292.60196,293.00195,293.70197,292.60196,292.10196,297.60196,298.90195,299.90195,299.90195,300.30194,300.90195,299.90195,290.60196,289.90195,301.60196,306.10196,304.00195,308.00195,307.10196,308.70197,305.00195,303.10196,303.70197,305.80194,307.40195,305.30194,304.20197,305.50195,303.60196,302.60196,301.20197,294.70197,297.50195,305.20197,308.10196,303.90195,293.30194,275.00195,292.20197,300.90195,302.90195
290.90195,292.00195,292.60196,291.60196,293.80194,299.40195,300.00195,300.20197,297.60196,298.10196,298.90195,299.20197,289.60196,288.40195,287.10196,303.20197,303.60196,302.10196,303.20197,301.40195,302.90195,304.30194,305.10196,305.70197,308.40195,308.80194,307.00195,296.90195,304.30194,304.10196,300.70197,300.00195,291.50195,276.40195,285.00195,293.70197,299.80194,306.20197,305.60196,305.00195,303.70197
293.90195,293.60196,290.90195,291.70197,291.70197,291.40195,300.60196,298.40195,298.50195,297.50195,297.70197,298.40195,290.90195,289.40195,296.20197,300.90195,300.30194,303.00195,301.00195,301.90195,301.80194,302.60196,305.60196,304.50195,302.90195,301.00195,301.80194,288.10196,298.10196,294.20197,296.50195,291.20197,300.50195,301.40195,296.20197,296.90195,299.10196,293.30194,306.60196,304.50195,301.40195
297.60196,297.40195,297.00195,296.90195,296.70197,299.40195,299.60196,297.70197,298.20197,294.90195,296.10196,296.80194,297.10196,297.90195,299.00195,298.20197,301.00195,300.80194,301.90195,300.00195,299.30194,299.30194,299.00195,297.80194,296.00195,295.10196,296.10196,301.40195,300.10196,293.20197,297.20197,293.10196,300.60196,299.70197,300.20197,298.70197,297.80194,295.20197,293.50195,288.90195,298.10196
296.70197,297.10196,296.50195,295.80194,296.30194,298.50195,299.30194,299.00195,298.60196,296.40195,296.60196,295.90195,295.90195,296.00195,297.30194,298.40195,298.80194,299.80194,299.50195,297.90195,295.80194,298.10196,298.50195,297.80194,290.60196,289.90195,293.30194,295.90195,293.70197,293.50195,292.70197,295.90195,297.70197,295.30194,297.40195,296.90195,298.30194,286.40195,298.70197,298.90195,299.30194
296.20197,295.60196,296.70197,297.50195,295.90195,297.80194,298.50195,298.20197,295.70197,292.20197,295.00195,296.80194,295.90195,296.40195,296.50195,297.30194,297.20197,298.40195,297.20197,297.20197,295.20197,295.00195,296.50195,296.90195,295.10196,295.20197,293.30194,292.50195,291.30194,290.40195,290.20197,289.70197,291.60196,292.60196,295.50195,294.30194,294.80194,293.90195,285.30194,283.30194,277.80194
297.10196,294.50195,295.20197,295.40195,296.00195,297.90195,296.90195,293.30194,290.50195,291.70197,294.60196,294.60196,296.00195,293.70197,295.70197,295.70197,296.10196,297.10196,297.20197,296.90195,294.20197,293.60196,294.20197,294.50195,294.40195,292.60196,292.50195,291.80194,289.90195,289.30194,290.50195,290.90195,293.20197,293.70197,294.50195,293.40195,291.80194,289.90195,291.90195,288.70197,278.40195
295.80194,295.20197,293.20197,295.00195,295.40195,294.10196,293.70197,294.60196,290.00195,292.60196,288.80194,293.40195,293.40195,293.60196,292.00195,294.90195,294.30194,295.40195,295.60196,293.40195,294.50195,293.90195,292.70197,292.90195,292.40195,292.70197,290.20197,292.70197,292.20197,293.50195,293.50195,293.60196,292.90195,291.40195,292.70197,293.00195,290.50195,287.90195,289.40195,286.20197,284.90195
293.10196,291.80194,294.00195,294.00195,294.40195,292.60196,293.40195,292.80194,288.10196,292.80194,287.90195,288.20197,290.10196,289.90195,289.60196,291.00195,292.30194,293.00195,292.10196,293.10196,292.40195,291.30194,290.50195,291.40195,291.30194,292.60196,292.60196,294.20197,293.80194,293.40195,292.60196,292.70197,290.60196,290.80194,289.50195,290.20197,289.50195,289.90195,289.70197,290.20197,289.60196
286.70197,286.30194,287.90195,290.40195,291.60196,290.90195,292.20197,292.10196,291.90195,289.10196,285.50195,285.90195,288.30194,287.10196,288.70197,289.60196,290.10196,290.30194,290.00195,289.60196,291.40195,290.50195,290.20197,290.10196,290.80194,292.40195,293.70197,292.80194,292.80194,293.00195,292.80194,291.30194,291.20197,291.10196,290.60196,289.10196,288.90195,289.00195,288.90195,288.40195,287.70197
288.10196,289.60196,287.90195,287.00195,285.60196,284.80194,288.40195,288.50195,289.20197,288.50195,287.10196,282.50195,284.70197,286.90195,287.70197,288.50195,289.00195,288.70197,289.20197,289.40195,289.30194,289.40195,291.70197,291.40195,291.20197,292.50195,291.70197,291.50195,291.10196,291.40195,291.00195,290.50195,290.10196,290.00195,290.60196,290.80194,289.70197,289.10196,289.90195,288.50195,289.40195
284.50195,286.90195,285.50195,289.60196,288.00195,286.30194,284.80194,283.40195,285.80194,285.70197,287.10196,287.40195,285.70197,286.40195,287.10196,288.00195,288.80194,288.20197,289.30194,288.90195,289.10196,289.20197,289.80194,289.70197,289.80194,290.30194,290.50195,289.60196,290.40195,290.00195,289.80194,286.70197,288.90195,288.30194,288.10196,287.90195,288.70197,287.70197,288.50195,287.30194,285.80194
