wind_kz.json
{"header": {"discipline":0,"disciplineName":"Meteorological products","gribEdition":2,"gribLength":871,"center":7,"centerName":"US National Weather Service - NCEP(WMC)","subcenter":0,"refTime":"2024-04-09T00:00:00.000Z","significanceOfRT":1,"significanceOfRTName":"Start of forecast","productStatus":0,"productStatusName":"Operational products","productType":1,"productTypeName":"Forecast products","productDefinitionTemplate":0,"productDefinitionTemplateName":"Analysis/forecast at horizontal level/layer at a point in time","parameterCategory":0,"parameterCategoryName":"UnknownDiscipline_0_Category_0","parameterNumber":0,"parameterNumberName":"UnknownParameter_D0_C0_0","parameterUnit":"Unknown","genProcessType":2,"genProcessTypeName":"Forecast","forecastTime":240,"surface1Type":1,"surface1TypeName":"Ground or water surface","surface1Value":0.0,"surface2Type":255,"surface2TypeName":"Missing","surface2Value":0.0,"gridDefinitionTemplate":0,"gridDefinitionTemplateName":"Latitude_Longitude","numberPoints":615,"shape":6,"shapeName":"Earth spherical with radius of 6,371,229.0 m","gridUnits":"degrees","resolution":48,"winds":"true","scanMode":64,"nx":41,"ny":15,"basicAngle":0,"lo1":47.0,"la1":41.0,"lo2":87.0,"la2":55.0,"dx":1.0,"dy":1.0}, "data":
[rows 0 to 14 of 15, columns 0 to 40 of 41]
285.8523,280.7523,285.2523,282.65228,283.5523,284.5523,287.5523,288.65228,286.5523,287.3523,286.2523,287.8523,286.5523,286.4523,285.8523,284.65228,284.7523,283.65228,285.15228,281.65228,282.65228,281.4523,279.7523,276.15228,283.5523,287.15228,282.5523,271.3523,271.8523,270.8523,268.3523,270.2523,282.2523,287.2523,289.65228,289.15228,289.0523,289.2523,290.4523,290.15228,290.8523
272.5523,285.15228,282.7523,282.7523,283.2523,283.7523,287.0523,285.0523,283.8523,283.65228,283.5523,283.15228,283.3523,283.0523,284.5523,284.65228,285.0523,284.7523,283.15228,282.9523,282.3523,280.4523,275.15228,272.15228,256.15228,263.0523,276.4523,269.4523,272.2523,266.7523,271.15228,253.6523,273.2523,261.0523,266.4523,285.65228,284.5523,286.8523,289.15228,282.7523,279.8523
285.5523,282.9523,282.8523,283.15228,283.15228,286.15228,284.8523,283.65228,281.65228,281.4523,280.9523,281.65228,281.65228,282.0523,282.5523,283.5523,283.5523,282.9523,282.2523,282.2523,282.7523,281.2523,280.3523,276.2523,280.0523,273.8523,276.15228,277.2523,277.5523,270.8523,262.7523,266.0523,272.65228,272.9523,276.9523,277.3523,269.65228,274.0523,274.9523,270.7523,267.0523
287.9523,284.2523,283.2523,283.2523,284.0523,284.4523,284.0523,281.65228,282.0523,281.65228,280.9523,280.8523,286.2523,286.8523,281.65228,281.9523,280.9523,281.7523,281.8523,281.5523,280.3523,275.8523,281.7523,280.5523,282.15228,280.4523,280.4523,278.7523,278.15228,279.7523,278.8523,277.7523,281.9523,281.4523,281.8523,277.15228,270.8523,267.4523,275.3523,283.0523,285.0523
287.15228,285.0523,284.15228,284.5523,284.7523,284.4523,283.9523,283.3523,282.15228,281.4523,280.65228,280.15228,285.65228,285.5523,283.7523,279.5523,279.2523,279.2523,279.5523,278.9523,278.7523,279.0523,278.65228,278.9523,278.15228,277.2523,274.3523,278.2523,278.4523,278.9523,280.0523,279.8523,269.5523,263.3523,277.9523,284.0523,281.15228,287.3523,287.0523,287.2523,285.8523
287.15228,286.8523,285.0523,283.8523,282.4523,282.8523,283.4523,283.7523,281.9523,281.15228,280.5523,279.7523,283.65228,284.7523,275.5523,278.3523,278.5523,277.3523,277.5523,277.3523,275.9523,275.15228,275.4523,274.7523,274.5523,273.3523,273.7523,271.15228,275.15228,276.2523,275.7523,276.0523,275.15228,274.4523,273.9523,275.7523,273.5523,276.3523,282.7523,286.15228,284.3523
286.65228,286.0523,285.65228,284.7523,283.3523,283.9523,283.65228,282.5523,281.5523,280.7523,279.15228,277.9523,277.4523,276.9523,276.7523,277.3523,276.2523,276.2523,275.8523,274.4523,273.7523,274.0523,273.4523,272.7523,272.2523,272.0523,271.8523,272.0523,271.8523,271.8523,271.5523,271.7523,273.7523,274.5523,277.9523,277.2523,271.9523,272.5523,270.3523,273.7523,278.7523
285.65228,284.9523,285.8523,284.7523,284.0523,283.3523,282.4523,280.4523,278.5523,278.3523,276.9523,276.4523,275.3523,275.15228,275.7523,275.5523,274.9523,274.3523,273.15228,271.7523,271.7523,271.3523,271.15228,271.3523,270.8523,269.7523,269.8523,270.3523,269.4523,269.8523,270.0523,269.2523,268.7523,268.5523,270.15228,271.3523,273.4523,272.0523,275.3523,277.15228,277.15228
284.2523,283.2523,283.15228,282.15228,282.2523,281.3523,279.9523,278.65228,277.3523,275.65228,275.0523,274.65228,273.8523,274.3523,273.9523,274.2523,273.3523,272.65228,271.8523,271.15228,270.8523,270.2523,270.3523,270.5523,269.7523,269.65228,268.65228,267.65228,266.8523,266.15228,266.65228,266.9523,267.9523,269.0523,269.4523,269.2523,271.4523,270.9523,268.7523,269.7523,269.9523
282.15228,281.9523,280.8523,280.4523,280.15228,279.3523,278.65228,277.65228,276.8523,275.4523,274.3523,273.65228,273.7523,273.5523,273.3523,273.3523,273.2523,273.0523,272.3523,271.3523,271.3523,270.5523,270.65228,270.8523,270.65228,270.15228,269.3523,268.9523,268.2523,267.7523,266.9523,267.8523,269.4523,269.5523,269.65228,269.9523,269.0523,269.8523,269.8523,270.3523,269.7523
281.5523,280.9523,279.7523,279.15228,279.2523,278.8523,277.7523,276.7523,275.9523,274.8523,273.8523,273.2523,273.65228,272.65228,272.65228,272.4523,272.3523,272.5523,272.0523,271.8523,271.8523,271.4523,271.2523,271.15228,271.4523,270.5523,269.2523,269.3523,269.15228,269.4523,269.7523,270.4523,270.7523,270.4523,270.2523,269.15228,264.9523,265.15228,267.2523,266.65228,265.4523
280.4523,280.2523,279.4523,278.9523,278.0523,277.7523,276.65228,276.15228,275.65228,274.9523,272.9523,272.15228,272.5523,272.3523,272.2523,272.0523,272.0523,272.15228,272.3523,272.0523,272.0523,271.8523,272.0523,271.4523,270.7523,270.65228,270.7523,271.0523,271.2523,271.3523,270.5523,270.4523,270.15228,270.0523,268.5523,269.0523,268.4523,269.3523,268.7523,270.2523,270.4523
279.7523,279.0523,279.2523,278.9523,278.3523,277.3523,276.65228,275.7523,275.15228,274.65228,271.9523,271.5523,272.2523,271.65228,271.9523,272.3523,272.3523,272.3523,272.65228,272.9523,272.3523,272.2523,272.0523,271.3523,270.8523,271.2523,271.9523,272.0523,272.0523,271.15228,270.8523,270.65228,270.5523,270.3523,267.5523,268.2523,268.8523,269.7523,271.0523,271.2523,270.9523
279.2523,278.9523,274.9523,278.5523,277.7523,277.3523,276.65228,276.15228,275.9523,275.15228,273.3523,272.0523,272.15228,272.0523,271.8523,271.7523,272.0523,272.15228,272.5523,272.65228,272.5523,272.7523,273.0523,272.4523,272.15228,272.0523,271.8523,271.7523,271.15228,269.4523,265.5523,269.4523,269.15228,268.8523,268.8523,268.3523,267.9523,267.65228,267.5523,267.15228,269.2523
280.8523,278.8523,272.7523,278.0523,277.9523,277.5523,277.7523,276.65228,276.65228,276.7523,275.9523,274.0523,273.3523,271.7523,271.8523,271.65228,270.4523,270.2523,271.7523,272.15228,272.2523,272.7523,272.4523,271.8523,271.9523,271.15228,271.15228,268.9523,269.15228,267.65228,267.8523,266.2523,267.3523,267.4523,266.0523,264.0523,268.15228,266.5523,268.2523,266.2523,267.9523
