wind.json
{"header": {"discipline":0,"disciplineName":"Meteorological products","gribEdition":2,"gribLength":1211,"center":7,"centerName":"US National Weather Service - NCEP(WMC)","subcenter":0,"refTime":"2023-06-30T00:00:00.000Z","significanceOfRT":1,"significanceOfRTName":"Start of forecast","productStatus":0,"productStatusName":"Operational products","productType":1,"productTypeName":"Forecast products","productDefinitionTemplate":0,"productDefinitionTemplateName":"Analysis/forecast at horizontal level/layer at a point in time","parameterCategory":2,"parameterCategoryName":"UnknownDiscipline_0_Category_2","parameterNumber":3,"parameterNumberName":"UnknownParameter_D0_C2_3","parameterUnit":"Unknown","genProcessType":2,"genProcessTypeName":"Forecast","forecastTime":60,"surface1Type":103,"surface1TypeName":"Specified height level above ground","surface1Value":10.0,"surface2Type":255,"surface2TypeName":"Missing","surface2Value":0.0,"gridDefinitionTemplate":0,"gridDefinitionTemplateName":"Latitude_Longitude","numberPoints":688,"shape":6,"shapeName":"Earth spherical with radius of 6,371,229.0 m","gridUnits":"degrees","resolution":48,"winds":"true","scanMode":64,"nx":43,"ny":16,"basicAngle":0,"lo1":45.0,"la1":40.0,"lo2":87.0,"la2":55.0,"dx":1.0,"dy":1.0}, "data":
[rows 0 to 15 of 16, columns 0 to 42 of 43]
2.3381054,-1.1118945,1.0281055,3.0181055,6.3381057,4.0081053,-0.7618945,-5.1718946,-7.4718947,-4.8318944,-4.3018947,-4.4318943,-6.0518947,-5.8018947,-7.1018944,-6.2318945,-7.3318944,-6.2818947,-6.5718946,-3.7218945,-2.8218946,-2.1918945,0.32810548,-2.1118946,-3.9018946,-3.4518945,-1.5918945,0.81810546,-0.31189454,-3.6818945,-1.3418945,-5.4918947,-13.711895,3.4581056,1.3981055,-1.2918946,-1.8418945,-0.09189453,-1.1618946,-1.9318945,-3.2118945,-2.0518944,-3.4918945
-0.85189456,0.7181055,0.89810544,1.5581055,-0.7718945,4.0281053,1.7981055,-2.6818945,-6.3618946,-2.7518945,-4.4418945,-5.1518946,-5.5818944,-5.9818945,-5.7918944,-6.4518948,-7.4918947,-4.7018948,-6.3518944,-5.4818945,-1.2518945,-3.3618946,-1.5018945,-2.2918944,-2.0018945,0.048105467,4.6881056,-1.6618946,2.3381054,0.30810547,-4.1718946,-4.5518947,0.7381055,-0.061894532,-0.14189453,3.3481054,1.2281054,1.5181055,2.8081055,1.7281054,-1.3018945,-3.2218945,-2.3118944
1.0481055,3.0381055,-0.09189453,0.02810547,-0.36189452,-0.8218945,-1.1918945,-1.3618945,-4.1018944,-5.6718946,-4.7718945,-4.6718946,-4.1018944,-4.1818943,-5.2418947,-4.7718945,-6.5318947,-7.9418945,-4.5918946,-1.5118946,-2.1718946,-1.8718945,-3.4118946,-0.75189453,2.2281055,3.2381055,2.0381055,-3.4618945,2.0381055,0.38810548,-0.69189453,-2.8218946,-0.8418945,-3.0318944,-1.9418945,-1.8818946,0.11810547,5.2281055,2.2781055,6.0281053,2.3581054,1.5681055,0.8481055
-2.1918945,-2.2718945,-0.29189453,4.5581055,0.68810546,-0.80189455,-1.2818946,-1.5118946,-2.0718946,-3.0718946,-3.2118945,-2.9518945,-3.1618946,-2.9018946,-3.5818946,-6.7518945,-7.0618944,-7.7218947,-3.4618945,-0.6418945,-6.6518946,-2.2418945,0.048105467,-1.3618945,1.3981055,0.13810547,-3.4018946,-2.8018944,-3.9418945,-4.3718944,-0.22189453,-2.1918945,-2.0718946,-1.3418945,-2.2918944,-0.23189454,2.5781054,0.51810545,-2.5118945,-2.7918944,-1.4918945,0.9681055,-2.2418945
-0.79189456,-1.0418946,-0.061894532,2.1681054,-0.5718945,-1.2918946,-0.79189456,-3.3518946,-8.201895,-5.7018948,-4.2218947,-3.3818946,-4.4618945,-1.8218945,1.6381055,1.3381054,-4.0218945,-5.2418947,-3.1418946,-1.3018945,-0.071894534,-4.7718945,-0.35189453,-2.1018946,-5.4018946,0.9681055,-0.79189456,-3.2318945,-2.8518946,-3.2218945,-1.8718945,-3.8218946,1.4981055,0.16810547,3.8981054,1.0981054,0.20810547,0.8481055,-0.7718945,1.0581055,-2.4618945,-3.2318945,-5.3418946
-2.4718945,-2.4218946,-2.2318945,6.0181055,4.0381055,0.7281055,-1.9018946,-2.8118944,-5.9518948,-6.1518946,-4.3718944,-4.2918944,-6.6318946,-1.7818946,5.0881057,3.2081056,1.2981055,-2.4118946,-0.66189456,0.8581055,-3.7818944,-2.3618946,-0.69189453,0.6081055,-1.4818945,-1.7518945,1.1881055,1.7381054,-0.42189452,-1.5718945,-2.5318944,-3.7218945,-4.5718946,-6.2518945,-1.9218946,-2.2618945,0.6181055,1.4481055,2.0781054,1.9981055,0.48810548,-1.8818946,-3.2018945
-1.7218945,-2.0918946,-2.3118944,-1.7918946,2.6081054,4.5681057,3.4481056,1.9781054,-0.28189453,-2.2918944,-2.9618945,-0.21189453,-1.2418945,1.7681055,-0.27189454,4.1381054,2.3881054,-4.0718946,-0.69189453,1.8481054,-4.5118947,-2.8618946,2.4881055,3.4881055,3.3781054,3.7481055,1.5881054,2.8281054,-0.5318945,-5.9018946,-0.11189453,-1.4918945,-3.4118946,-5.3318944,-2.8818946,-4.5718946,-1.4818945,-1.3218945,-2.6118946,-3.0618944,-0.8418945,3.4181054,0.5481055
-1.2518945,-1.6518946,-1.4218946,-0.5918945,-3.2318945,-3.5818946,-4.4518948,0.80810547,-1.1418946,-0.33189452,-2.2518945,0.008105469,-5.3718944,-0.8818945,-1.4818945,-1.6618946,-2.9418945,-2.0318944,2.8581054,5.0281053,4.1681056,0.6181055,3.3681054,3.7181056,4.7981052,5.6381054,5.4081054,5.0881057,4.4081054,5.2781053,3.7281055,-0.67189455,-2.2518945,-3.5318944,-5.3518944,-4.7218947,2.4181054,-3.1618946,-4.8318944,-3.3418946,-4.6118946,1.2181054,-8.821895
-0.66189456,-1.9718945,-1.1718946,-4.8918943,-4.0218945,-5.3818946,-5.6018944,-4.2018948,-3.3618946,-2.6918945,-2.3718946,-1.4818945,-1.2218945,-2.3818946,-3.0118945,-1.9718945,-1.2618946,1.0981054,6.8881054,4.0781054,2.9281054,6.9481053,5.1381054,6.0181055,6.1781054,6.4481053,6.0781054,4.4281054,3.7881055,2.0181055,1.3481054,0.11810547,-1.5218946,-2.7918944,-4.2818947,-5.8118944,-5.2618947,-4.6318946,-0.60189456,0.20810547,1.4481055,2.0181055,0.06810547
-0.74189454,-1.7918946,-3.8918946,-2.3118944,-2.6018946,-4.4718947,-5.4618945,-2.8018944,-1.8618945,-2.3318946,-2.1118946,-1.1218945,0.42810547,-1.7318945,-1.9118946,-2.9818945,-4.2018948,4.8381057,8.028106,4.6981053,6.4781055,6.0781054,7.9581056,6.8281054,6.9281054,5.6081057,4.9381056,4.5281053,3.9481056,3.0781054,1.4281055,0.9181055,-0.45189452,-2.1318946,-2.6418946,-4.6918945,-6.0818944,-5.7618947,-4.7418947,-5.1618943,-4.7718945,-2.6718946,-0.60189456
-0.46189454,-2.4218946,-3.3718946,-1.4818945,-4.3518944,-3.6718946,-3.9218946,-0.26189452,-0.16189453,-1.0718945,-1.4318945,0.5981055,-6.5518947,0.44810545,-1.8018945,-3.9618945,-1.4318945,5.9281054,2.8281054,1.6681055,-3.0618944,7.3781056,7.3381057,6.9281054,5.7181053,4.4581056,2.5781054,2.5881054,3.2581055,1.9781054,-0.91189456,0.99810547,1.4481055,-0.61189455,-2.1118946,-4.3418946,-5.1818943,-6.3518944,-1.8518945,1.3381054,-3.3318946,-2.6218946,-1.2418945
-1.6218945,-2.5118945,-3.0818946,-1.3118945,-2.7318945,-1.5718945,-0.38189453,1.2681055,-0.80189455,-1.0818945,0.46810547,0.51810545,0.44810545,2.0181055,-1.3418945,3.1581054,-2.9418945,3.4081054,3.8381054,2.2781055,-6.1818943,-5.3618946,6.7181053,6.3781056,5.6881056,2.7281055,2.7181056,2.4781055,2.4381056,2.3081055,2.7381055,2.0381055,2.3281054,0.7181055,-1.4118946,-2.6618946,-3.8518946,-5.7018948,-3.8318946,-2.5918946,-2.9318945,-2.4018946,-2.8718946
0.82810545,-0.85189456,-1.0518945,-1.1818945,-1.5618945,-3.1818945,-1.0618945,-0.09189453,0.08810547,0.7281055,1.4281055,0.47810546,1.9381055,-0.0018945313,-2.8418946,-0.5218945,0.9781055,1.7481055,1.4281055,1.7881055,-4.7218947,-6.6318946,-5.0618944,4.9781055,3.8481054,3.1681054,3.4481056,3.8481054,4.0881057,3.5581055,3.3381054,2.5181055,2.2981055,1.1981055,1.2281054,-1.9818945,-2.8118944,-1.7318945,-3.7718945,-2.1918945,-2.2218945,-2.2218945,-0.92189455
0.68810546,0.26810548,1.6281055,0.7981055,0.38810548,0.88810545,-3.0118945,-0.41189453,1.1281055,0.29810548,0.9181055,2.0481055,0.99810547,0.7281055,1.9081055,0.64810544,2.1781054,4.0981054,3.8281054,5.2481055,0.5381055,-4.8618946,-4.1518946,4.2881055,4.6181054,4.8681054,4.4881053,4.4481053,4.5481052,3.6881056,3.8881054,3.1581054,2.2181056,1.5981054,0.55810547,-0.5918945,-2.1018946,-2.3118944,-1.8718945,-0.38189453,0.24810547,-0.12189453,0.44810545
1.0381055,1.0181055,0.49810547,0.87810546,0.27810547,0.50810546,-1.8918946,1.4081055,1.2681055,3.1281054,2.5881054,4.1881056,2.5781054,0.63810545,2.7081056,3.7981055,3.1581054,4.4581056,3.7681055,3.3281054,2.6581054,0.62810546,-1.8818946,3.8381054,4.7981052,4.2381053,4.2381053,3.9781055,4.1381054,4.0381055,3.4681056,2.9981055,2.3081055,2.5381055,2.5881054,-1.5818945,-2.0518944,-4.1918945,-3.2218945,-3.0318944,-3.5818946,-1.3818946,-1.6818945
-0.92189455,1.0981054,1.2181054,1.4881054,1.6881055,-1.7818946,-1.5718945,0.64810544,1.9181055,4.0881057,3.1181054,3.2281055,2.6881056,4.3081055,0.64810544,0.83810544,4.4281054,4.9481053,5.1881056,4.3081055,2.8981054,4.1481056,4.5481052,5.0381055,4.8581057,4.5781054,4.4181056,4.3681054,3.8781054,3.4881055,2.7481055,3.0881054,2.5781054,-0.16189453,-0.92189455,-0.08189453,-1.8518945,-3.0918946,-2.4418945,-3.1018946,-1.8218945,-3.3618946,-0.7618945
