wind_kz.json
{"header": {"discipline":0,"disciplineName":"Meteorological products","gribEdition":2,"gribLength":1102,"center":7,"centerName":"US National Weather Service - NCEP(WMC)","subcenter":0,"refTime":"2023-08-18T12:00:00.000Z","significanceOfRT":1,"significanceOfRTName":"Start of forecast","productStatus":0,"productStatusName":"Operational products","productType":1,"productTypeName":"Forecast products","productDefinitionTemplate":0,"productDefinitionTemplateName":"Analysis/forecast at horizontal level/layer at a point in time","parameterCategory":2,"parameterCategoryName":"UnknownDiscipline_0_Category_2","parameterNumber":2,"parameterNumberName":"UnknownParameter_D0_C2_2","parameterUnit":"Unknown","genProcessType":2,"genProcessTypeName":"Forecast","forecastTime":240,"surface1Type":103,"surface1TypeName":"Specified height level above ground","surface1Value":10.0,"surface2Type":255,"surface2TypeName":"Missing","surface2Value":0.0,"gridDefinitionTemplate":0,"gridDefinitionTemplateName":"Latitude_Longitude","numberPoints":615,"shape":6,"shapeName":"Earth spherical with radius of 6,371,229.0 m","gridUnits":"degrees","resolution":48,"winds":"true","scanMode":64,"nx":41,"ny":15,"basicAngle":0,"lo1":47.0,"la1":41.0,"lo2":87.0,"la2":55.0,"dx":1.0,"dy":1.0}, "data":
[rows 0 to 14 of 15, columns 0 to 40 of 41]
2.3447998,1.8447998,-3.5652,-5.8752003,-1.1452003,1.6747998,-3.7952,-8.1452,-9.5352,-8.4152,-7.9452,-7.5052004,-7.0152,-6.2052,-5.4052,-5.0852003,-4.5052004,-5.7952003,-4.9252,-4.5152,-2.1852002,-0.1452002,2.5847998,3.5147998,3.3747997,0.9747998,3.8947997,7.2247996,6.6047997,4.4147997,1.7947998,1.1147999,1.1447998,10.7148,8.5148,2.4847999,-1.5652002,-1.7152002,-6.0552,-5.7752004,-6.0852003
-0.40520018,-3.1652002,-8.1352005,-5.8352003,-4.3752003,-0.3952002,-7.6352,-7.4552,-7.8752003,-7.3152003,-8.0752,-6.3952003,-4.8352003,-4.9152,-4.8852,-4.0352,-3.6552002,-4.3452,-4.1552,-3.3052,-1.1052002,0.4147998,1.2347999,2.2947998,2.5047998,-0.095200196,1.1547998,3.6647997,7.0848,0.4147998,0.7847998,0.13479981,-1.2752002,0.8847998,-0.045200195,-0.4452002,0.074799806,-1.8552002,-0.37520018,-5.9552,-7.6752
-4.2052,-6.3752003,-7.5052004,-5.7952003,-3.2452002,-5.4552,-6.4852004,-6.7152004,-6.9752,-5.7852,-5.1252003,-4.5652003,-4.5652003,-3.7152002,-2.9852002,-2.7852,-3.1952002,-2.7452002,-2.4552002,-1.5352002,-0.37520018,1.3647999,-0.8852002,-0.9152002,-0.8152002,-0.2052002,-1.1152002,1.3447998,3.5147998,-0.16520019,0.7547998,-0.2452002,0.1447998,-1.7252002,-0.3352002,1.5347998,1.7947998,-1.6152002,5.2148,-3.7552001,-2.6452003
-6.8852,-6.7652,-6.5952,-3.0552,1.9047998,-4.1952,-4.9252,-4.0652003,-4.0552,-4.0952,-3.2952,-6.4852004,-6.4152,-2.3952003,-0.0852002,1.0747998,-1.6652002,-0.7452002,-1.8852001,-2.0452,-2.0052001,-4.3752003,-1.7752002,-0.8352002,-0.6452002,1.2947998,2.0147998,4.9448,-2.3452003,-2.1752002,0.6447998,2.9847999,3.1447997,1.9847999,2.6447997,2.1748,0.7747998,-0.8652002,1.9247998,5.6348,4.4448
-7.5852003,-6.4852004,-4.3852,1.2547998,-0.4952002,-3.8652003,-2.3752003,-2.7852,-2.4252002,-1.1552002,-0.37520018,-4.5952,-2.1052003,-0.2152002,1.3147998,3.1247997,1.3047998,1.2647998,1.4247998,-0.7052002,0.7247998,-0.1552002,0.4447998,-0.065200195,-0.43520018,3.4047997,4.6647997,-1.3752002,2.9147997,-1.9552002,-2.2152002,-1.2252002,-1.7052002,0.6047998,-3.3252,-1.8652002,8.7648,4.3448,6.0248,3.8247998,1.2947998
-5.4052,-4.1052003,-4.3052,-4.6452003,-4.6852,-2.9852002,-0.1852002,-1.4852002,-0.5252002,0.1547998,1.1247998,2.6848,0.51479983,2.1047997,4.6647997,4.9448,3.8047998,3.8847997,3.9747999,3.9248,3.5147998,3.1647997,2.8847997,3.2547998,2.8447998,2.2347999,4.1548,-1.4952002,4.4648,3.2048,0.51479983,-2.9652002,-0.1452002,-1.5852002,-0.2152002,2.0547998,1.7347999,4.3048,10.904799,1.2747998,-0.6752002
-1.8052002,-3.7252002,-1.1552002,-2.2952,-2.3552003,0.8047998,4.1847997,0.2147998,1.5247998,2.4847999,3.6147997,5.0347996,5.4248,6.5748,4.9848,6.1148,7.1148,6.1148,6.2047997,5.9848,5.3848,5.9947996,3.6848,3.2048,3.7347999,4.8547997,5.3248,4.2047997,4.5048,6.0848,7.4048,6.7748,3.3447998,2.3147998,4.5548,5.5048,2.1047997,-0.9352002,1.0847998,-0.3852002,7.8648
-4.0852003,-2.1252003,-1.2152002,-0.5252002,0.6347998,0.7147998,0.8247998,2.0747998,3.0547998,3.9147997,5.0548,6.2748,6.8448,7.9747996,7.8348,5.9547997,6.5448,5.1148,7.3148,8.1848,8.3448,5.2247996,5.2348,5.3947997,6.1348,6.2948,6.6348,6.4448,5.8148,5.4648,4.1847997,5.7847996,3.5647998,4.6948,4.8148,6.4248,0.5447998,2.4847999,7.0248,10.2948,4.5948
-2.0052001,-0.4952002,0.4247998,1.1247998,0.95479983,1.4747998,2.7347999,3.6547997,5.1047997,6.1348,7.0648,8.1147995,9.0648,9.8548,6.3348,3.9448,4.3547997,8.0748,6.9747996,7.8048,10.444799,9.0148,5.9747996,6.2647996,7.6247997,6.0147996,5.7847996,5.4448,5.6348,4.5648,5.0048,3.5147998,3.2547998,0.9047998,4.2047997,2.4047997,2.9648,-0.19520019,-0.9652002,1.0047998,-0.8852002
-0.4452002,0.044799805,1.0447998,2.4947999,3.9747999,4.8248,5.4448,6.3448,6.4048,6.1647997,6.0948,6.4648,5.3747997,6.6948,7.8747997,8.0148,7.5448,8.3748,9.3548,9.484799,12.6748,8.7948,7.1148,4.3747997,4.3448,5.0548,7.4048,6.7247996,5.5948,4.5448,3.1047997,3.7447999,3.0047998,1.9147998,5.1948,3.0047998,1.0647998,-0.79520017,1.4747998,0.4747998,0.13479981
1.3447998,2.9648,4.7047997,5.3547997,5.6548,5.4947996,4.2148,4.1348,3.3047998,3.4248,4.3448,5.2948,6.4048,8.1848,8.3248,8.4348,9.0848,8.9548,9.1448,8.3748,8.5048,2.4648,5.6548,3.2447999,4.3547997,4.7548,6.0448,6.1348,4.8747997,6.1348,5.1148,2.2148,2.8847997,2.2148,3.9947999,3.6848,1.4747998,1.4047998,0.6847998,-1.3552002,-0.3052002
4.2548,3.9047997,3.5647998,3.8047998,3.1147997,-2.7652001,1.5047998,0.9047998,1.0947998,1.4547998,3.7747998,4.9747996,6.8848,5.4347997,3.3747997,4.3148,6.4448,5.7348,5.3348,5.8747997,5.0248,2.6447997,0.8847998,1.7247998,3.3947997,3.8847997,6.3248,6.4448,5.8848,3.5547998,0.8947998,2.1047997,1.8947998,0.8547998,1.2147998,3.7847998,3.4147997,0.5847998,-1.4352002,-1.3652002,-1.0952002
0.51479983,0.9847998,-1.2452002,-0.8452002,0.1247998,-3.2352002,-1.9152002,-0.1252002,3.5447998,3.5547998,3.9847999,4.3448,5.0048,4.7247996,0.8447998,2.5347998,4.2647996,6.6247997,4.3148,3.8647997,3.4747999,4.5448,2.0747998,3.5047998,4.0448,3.1647997,6.3747997,4.1348,3.3447998,0.4847998,3.0847998,3.9147997,3.7247999,2.0147998,4.5548,3.7447999,1.9547998,2.0647998,1.0947998,-1.7952002,-1.0552002
-4.5652003,-6.6752,-5.4652004,-3.1852002,-2.5052001,-0.11520019,2.8047998,4.5048,3.8347998,3.3447998,2.7048,3.4747999,4.5248,2.0847998,3.3647997,5.1948,6.4347997,5.4947996,5.2548,4.0048,2.6547997,3.5347998,1.9547998,2.6347997,0.37479982,-0.8252002,0.5247998,3.7347999,0.8447998,2.3047998,3.8747997,0.9147998,2.8547997,3.7347999,3.2747998,3.9248,1.8447998,2.5647998,3.7247999,-0.0852002,-0.4152002
-2.8052,-2.6952002,-1.1452003,0.8747998,3.3047998,2.9847999,3.5347998,3.2547998,3.5847998,3.5647998,2.4847999,4.8448,3.7847998,3.6147997,5.2348,5.1247997,3.7747998,5.2647996,5.1647997,2.1547997,3.3847997,0.7747998,-0.5752002,0.4147998,-0.4752002,0.6847998,0.5747998,1.4847999,3.6047997,2.4248,1.5947998,1.8747998,3.8147998,2.5147998,3.9548,3.2747998,3.2048,3.5447998,4.6748,2.4847999,-1.1252002
