wind_kz.json
{"header": {"discipline":0,"disciplineName":"Meteorological products","gribEdition":2,"gribLength":1025,"center":7,"centerName":"US National Weather Service - NCEP(WMC)","subcenter":0,"refTime":"2024-02-01T18:00:00.000Z","significanceOfRT":1,"significanceOfRTName":"Start of forecast","productStatus":0,"productStatusName":"Operational products","productType":1,"productTypeName":"Forecast products","productDefinitionTemplate":0,"productDefinitionTemplateName":"Analysis/forecast at horizontal level/layer at a point in time","parameterCategory":2,"parameterCategoryName":"UnknownDiscipline_0_Category_2","parameterNumber":3,"parameterNumberName":"UnknownParameter_D0_C2_3","parameterUnit":"Unknown","genProcessType":2,"genProcessTypeName":"Forecast","forecastTime":0,"surface1Type":103,"surface1TypeName":"Specified height level above ground","surface1Value":10.0,"surface2Type":255,"surface2TypeName":"Missing","surface2Value":0.0,"gridDefinitionTemplate":0,"gridDefinitionTemplateName":"Latitude_Longitude","numberPoints":615,"shape":6,"shapeName":"Earth spherical with radius of 6,371,229.0 m","gridUnits":"degrees","resolution":48,"winds":"true","scanMode":64,"nx":41,"ny":15,"basicAngle":0,"lo1":47.0,"la1":41.0,"lo2":87.0,"la2":55.0,"dx":1.0,"dy":1.0}, "data":
[rows 0 to 14 of 15, columns 0 to 40 of 41]
-0.9129492,-2.7629492,2.0970507,11.12705,7.777051,5.8670506,1.4170508,3.1770508,1.4370508,1.9770508,2.0370507,1.8570508,1.9570508,1.1870508,0.28705078,-0.48294923,-0.7629492,-0.4429492,-0.29294923,-0.2529492,-3.3329492,-0.4029492,-2.4329493,0.39705077,-2.5229492,1.5470508,-1.3129492,1.4370508,2.867051,2.3270507,-2.6129491,-2.7129493,0.9870508,-1.3829492,-1.9729493,-1.3129492,-2.142949,-2.2229493,-2.0529492,-2.632949,-1.2829492
3.0570507,0.17705078,-3.2929492,9.817051,9.137051,7.007051,1.2570508,3.6670508,4.067051,3.9170508,3.6270509,2.2870507,1.5370507,0.7870508,0.62705076,0.8870508,0.45705077,-0.0029492187,0.28705078,-0.3129492,0.92705077,0.47705078,3.2270508,3.4370508,3.8470507,3.617051,-0.04294922,3.8170507,1.2270508,2.7070508,6.837051,4.167051,0.4970508,-0.94294924,-3.7529492,-0.6729492,-1.2429492,-2.0829492,-1.2429492,-1.2329493,0.44705078
0.2770508,-1.4629493,2.7370508,6.3470507,7.857051,4.7170506,2.7570508,3.1770508,4.0170507,4.107051,4.437051,3.2170508,2.607051,1.7070508,1.4070507,1.9970508,3.0070508,2.4870508,2.367051,2.1470509,1.7970508,2.3070507,2.0270507,3.0670507,1.4870508,0.28705078,1.0470508,0.81705076,-0.5229492,2.0570507,4.987051,3.0970507,0.50705075,-1.9729493,-0.11294922,0.5370508,4.8070507,0.13705078,0.5870508,1.0370507,1.0570508
1.2770507,0.5870508,3.5270507,5.627051,5.027051,3.607051,3.7070508,4.627051,3.8870509,3.9170508,3.3470507,3.0170507,3.2870507,3.0570507,3.2670507,2.117051,1.9870508,1.5270507,0.8370508,0.09705078,0.31705078,4.5570507,-0.74294925,6.1970506,3.3170507,3.7570508,4.1770506,0.11705078,-0.12294922,2.1870508,-3.0929492,-2.3229492,0.47705078,0.7370508,0.067050785,-1.9829493,-0.62294924,3.8770509,2.0370507,1.7670507,1.5870508
3.107051,2.9070508,2.5470507,1.9370508,4.457051,5.047051,4.647051,3.4870508,4.357051,4.4070506,4.007051,2.9470508,1.5370507,0.5770508,0.16705078,2.8970509,1.5470508,0.6470508,0.55705076,0.61705077,1.6770508,0.7970508,0.29705077,0.99705076,-1.4929492,3.3170507,6.8870506,6.2870507,3.7570508,3.2170508,2.4770508,0.3370508,-1.4429492,2.8070507,-0.81294924,-0.29294923,-0.6629492,0.6570508,1.2670507,0.5170508,-1.5929493
3.6270509,4.377051,4.1570506,3.9470508,4.4270506,5.087051,6.187051,4.9270506,4.1170506,3.4570508,2.8270507,2.5870507,0.5470508,0.3470508,-0.22294922,0.62705076,0.25705078,0.35705078,-0.39294922,1.1770508,1.7170508,2.7370508,2.8870509,2.857051,3.4670508,3.8770509,6.627051,7.357051,6.507051,7.1170506,5.257051,2.6470509,2.8870509,2.0770507,1.8970507,4.857051,1.3370508,3.4070508,0.35705078,-1.1029493,-2.1529493
4.027051,4.797051,5.747051,5.1970506,5.3070507,5.687051,6.687051,6.237051,4.127051,3.5370507,3.357051,1.7970508,1.6470507,1.3270508,1.4370508,0.7270508,0.68705076,0.28705078,0.5470508,0.22705078,1.2370508,3.0070508,4.1370506,4.527051,4.067051,3.1270509,2.7170508,8.857051,6.727051,4.917051,5.5570507,2.4470508,1.6670508,-0.45294923,1.1570507,-1.6929492,-1.6929492,1.1670508,1.6470507,0.5770508,2.1970508
3.4770508,4.997051,5.6570506,5.997051,6.4670506,6.4070506,6.4270506,5.8870506,5.2870507,4.1370506,3.7570508,2.9370508,1.2070508,1.6370507,2.0270507,1.1470507,0.11705078,-0.2529492,0.14705078,0.2770508,-1.8029492,1.8970507,3.2770507,4.9470506,5.357051,5.877051,3.4470508,9.997051,9.307051,7.7170506,6.797051,5.747051,2.2270508,0.7370508,0.8970508,-0.24294922,0.3470508,1.1770508,-0.69294924,1.3270508,-1.0829492
3.2170508,4.747051,6.167051,6.4670506,6.4070506,6.7870507,6.627051,5.897051,5.0970507,4.1370506,3.1270509,2.0470507,1.3470508,1.9270508,1.2670507,0.4670508,0.3770508,0.18705077,-0.012949219,0.14705078,0.8470508,0.14705078,1.1770508,3.5070508,6.127051,7.4270506,5.0570507,9.367051,6.0170507,7.107051,7.707051,8.04705,8.907051,5.0170507,2.2470508,2.4270508,-1.7629492,-0.19294922,0.9070508,0.5370508,-2.8629491
3.1570508,4.2870507,5.2670507,6.237051,6.417051,5.977051,6.277051,6.237051,5.1170506,4.3270507,3.3870509,3.107051,2.7270508,2.107051,1.3570508,-0.14294922,-0.22294922,-0.04294922,0.107050784,-0.75294924,-1.2529492,0.7770508,0.9070508,-1.0029492,3.1870508,4.4270506,4.9470506,2.9370508,4.9670506,4.0570507,3.7670507,4.477051,4.437051,4.5170507,4.4470506,1.6070508,0.7370508,-2.4429493,-0.87294924,2.7670507,3.3970509
2.6570508,4.0970507,5.497051,5.587051,5.8070507,5.987051,6.257051,5.377051,4.647051,3.1670508,3.0670507,3.107051,2.9570508,3.1570508,1.0070508,0.7170508,-0.38294923,-0.87294924,-0.9529492,-1.7529492,-0.9729492,-2.3229492,-0.3729492,1.4970508,1.3770508,2.6870508,2.1270509,2.7970507,2.9970508,3.4670508,3.607051,4.817051,5.5570507,5.3870506,5.607051,1.6070508,0.6070508,2.5370507,0.8570508,1.3870507,-0.5129492
2.3870509,3.3370507,4.6170506,5.337051,5.627051,5.5170507,4.647051,3.4770508,1.8370508,1.4070507,1.4470508,0.48705077,2.7170508,3.1370509,1.7570508,1.5870508,1.2270508,-0.35294923,-0.22294922,-1.3229492,-1.3229492,-1.8629493,-1.5629492,-0.2529492,1.4070507,1.4170508,2.4870508,3.8370507,4.1370506,3.2070508,2.5770507,3.8170507,3.3970509,3.7870507,3.8170507,1.0470508,1.5970508,2.7370508,2.3970509,1.9470508,1.2170508
2.7170508,3.5270507,3.8770509,4.507051,4.3070507,3.367051,3.5570507,2.0570507,2.4070508,2.117051,1.4570508,1.2070508,2.0070508,2.6870508,1.8570508,1.1570507,1.0970508,0.8370508,-0.21294922,-0.6529492,-0.68294924,-0.08294922,0.75705075,1.3870507,1.1470507,1.4670508,1.8070508,1.1570507,2.0370507,2.5870507,2.9170508,2.9270508,1.8870507,1.9970508,2.7670507,3.0970507,2.4570508,1.1770508,0.6570508,-0.6429492,-0.29294923
2.9070508,3.857051,4.6170506,3.9370508,3.6570508,2.3970509,1.0270507,3.8470507,2.4570508,4.737051,1.8870507,0.15705079,1.5170507,2.1470509,1.6070508,1.7470508,1.4170508,1.5970508,0.4670508,-0.20294923,-0.6029492,-0.20294923,-0.13294922,0.05705078,-0.08294922,0.74705076,0.99705076,1.4070507,1.2770507,1.3670508,2.2770507,2.2570508,2.7470508,2.6570508,1.4570508,2.5470507,1.9670508,0.80705076,0.9670508,0.75705075,0.32705078
2.2370508,3.0270507,4.2870507,4.127051,4.4070506,2.2670507,2.4370508,3.4870508,4.477051,0.9070508,1.1170508,1.7270508,1.3970507,0.3370508,2.2070508,1.9170508,2.0170507,1.4170508,1.3070508,0.47705078,-0.5529492,-0.7829492,0.21705078,0.7970508,0.68705076,0.5770508,1.0070508,1.1770508,0.62705076,1.2770507,1.3470508,1.5470508,1.6170508,2.0770507,2.5170507,2.4970508,1.7970508,1.6970508,1.1670508,1.4270508,0.50705075
