wind_kz.json
{"header": {"discipline":0,"disciplineName":"Meteorological products","gribEdition":2,"gribLength":1025,"center":7,"centerName":"US National Weather Service - NCEP(WMC)","subcenter":0,"refTime":"2023-09-11T00:00:00.000Z","significanceOfRT":1,"significanceOfRTName":"Start of forecast","productStatus":0,"productStatusName":"Operational products","productType":1,"productTypeName":"Forecast products","productDefinitionTemplate":0,"productDefinitionTemplateName":"Analysis/forecast at horizontal level/layer at a point in time","parameterCategory":2,"parameterCategoryName":"UnknownDiscipline_0_Category_2","parameterNumber":2,"parameterNumberName":"UnknownParameter_D0_C2_2","parameterUnit":"Unknown","genProcessType":2,"genProcessTypeName":"Forecast","forecastTime":60,"surface1Type":103,"surface1TypeName":"Specified height level above ground","surface1Value":10.0,"surface2Type":255,"surface2TypeName":"Missing","surface2Value":0.0,"gridDefinitionTemplate":0,"gridDefinitionTemplateName":"Latitude_Longitude","numberPoints":615,"shape":6,"shapeName":"Earth spherical with radius of 6,371,229.0 m","gridUnits":"degrees","resolution":48,"winds":"true","scanMode":64,"nx":41,"ny":15,"basicAngle":0,"lo1":47.0,"la1":41.0,"lo2":87.0,"la2":55.0,"dx":1.0,"dy":1.0}, "data":
[rows 0 to 14 of 15, columns 0 to 40 of 41]
-0.6274414,1.1325586,-0.1274414,-1.1474414,-4.057441,-5.9074416,-3.0574415,-7.057441,-8.187442,-6.8174415,-6.807441,-6.1474414,-5.6274414,-5.6874413,-4.9474416,-4.3974414,-3.6874413,-4.7974415,-4.5274415,-4.4074416,-2.5674415,-0.1074414,1.5925586,2.9125586,3.0525587,3.7725587,4.132559,6.0325584,5.0225587,4.4125586,7.2325587,2.2025585,0.71255857,-2.1774414,-5.2974415,1.4825586,1.4825586,-5.077441,-2.2574415,-2.9874413,-3.2174413
1.0125586,-0.6174414,-2.4574413,-3.6174414,-5.9374413,-9.137442,-7.9374413,-9.287441,-8.537441,-5.9874415,-5.347441,-5.4074416,-5.6374416,-4.8174415,-4.117441,-3.3674414,-2.1874413,-2.9774413,-2.3974414,-1.5974414,-0.9674414,0.4825586,1.0125586,1.2125586,2.9025586,0.29255858,1.4625586,3.5225587,7.6025586,3.2925587,3.7925587,4.1625586,1.7925586,0.10255859,0.032558594,-0.45744142,-2.4674413,1.2625586,-2.2574415,0.082558595,0.4525586
-5.097441,-3.0274415,-2.9574413,-4.3974414,-5.2474413,-5.7274413,-6.057441,-5.4074416,-6.327441,-4.2174416,-1.7274414,-1.5274414,-4.3374414,-2.9774413,-2.0874414,-1.6874413,-0.59744143,-0.097441405,0.2325586,0.8825586,1.2925586,2.5125587,3.8325586,3.9925585,-0.3274414,2.2325585,2.5525587,2.8325586,3.8325586,0.1325586,0.5725586,-2.3974414,-0.24744141,0.29255858,-3.4874413,0.112558596,0.7625586,-0.8774414,1.7325586,3.9325585,2.1425586
-5.5174413,-1.6474414,-2.6674414,-1.5874414,1.5125586,-3.3274415,-3.4274414,-4.3574414,-2.6974413,2.3825586,6.382559,-5.1274414,-2.6074414,-2.1574414,1.1425586,2.3125587,1.7025586,2.7025585,3.1525586,4.2125587,2.8025587,2.6225586,3.4725585,4.5525584,4.7625585,4.7425585,5.0525584,5.692559,7.5725584,6.3925586,0.9225586,3.7025585,1.2425586,0.7425586,3.6525586,1.8025585,1.2325586,1.6225586,-1.0974414,-2.1474414,-2.5774415
-2.4874413,-2.3974414,-3.0374415,-3.4374413,-1.0074414,-2.9874413,-1.6274414,-0.4374414,3.2725587,2.8025587,1.8425586,-5.7874413,-4.7274413,-2.4274414,3.1825585,2.5125587,2.1025586,3.3625586,3.3425586,4.5525584,5.5725584,5.2925587,6.2525587,6.6425586,6.9825587,7.382559,7.7725587,7.5225587,7.0025587,7.8925586,7.9625587,5.0025587,1.3025585,1.8725586,-0.9974414,-0.78744143,-2.0174415,-1.8874414,-0.2674414,-0.027441407,2.7625587
0.6925586,4.3025584,-1.2474414,-0.6374414,-0.6274414,-0.5874414,2.9025586,-0.48744142,-0.5074414,-0.5474414,-1.3574414,-0.9374414,0.6825586,-2.0874414,-1.6274414,-2.2174413,-0.7374414,0.3125586,1.5525585,2.0725586,2.7925587,2.5025587,4.3025584,4.5425587,5.7125587,7.5725584,8.602558,7.0425587,7.3625584,8.792559,9.522558,7.422559,6.672559,5.7925587,4.2725587,-1.1374414,-0.3074414,2.1625586,6.1225586,3.6925585,4.5425587
3.2125585,4.6025586,0.8925586,2.2525587,1.9125586,3.0525587,2.6625586,-0.18744141,2.3425586,2.1225586,0.4525586,-0.097441405,-1.5174414,0.17255859,1.3925586,1.4425586,0.14255859,-0.45744142,0.5725586,0.65255857,1.1625586,2.6425586,2.8725586,2.4825585,4.0025587,4.5225587,5.7625585,6.7225585,8.192558,6.5825586,8.752559,9.542559,8.7425585,6.9825587,6.0325584,3.7525587,3.6625586,1.3525586,4.192559,0.5625586,-3.0274415
1.9525586,2.4025586,2.4425585,3.9925585,6.2825584,1.6225586,0.3125586,0.6125586,-0.8574414,-0.7974414,0.35255858,1.2525586,-1.3874414,1.4825586,0.8925586,0.9325586,-0.6874414,1.0625587,0.5025586,2.4225585,0.4025586,5.672559,1.2825586,2.9425585,4.192559,4.5025587,5.3925586,6.8025584,7.0125585,6.1225586,6.8725586,9.772558,7.9125586,7.5925584,6.6125584,6.3425584,5.9325585,1.2125586,3.2825587,4.422559,1.6425586
2.8025587,2.0425587,3.2925587,2.7625587,1.3625586,1.6025586,-0.84744143,-1.6974415,-2.3274415,-0.3874414,0.10255859,-2.6574414,2.2625587,0.2825586,0.09255859,-1.3274415,-0.067441404,0.3925586,0.4325586,1.4225585,2.5125587,2.2525587,1.8425586,1.5925586,1.3725586,3.4625585,4.7125587,5.0725584,3.8325586,6.6425586,7.132559,6.172559,8.7425585,7.402559,3.6825585,1.7625586,0.7025586,-0.2374414,1.0925586,0.29255858,0.52255857
-0.3174414,2.4325585,-0.3774414,-1.1174414,3.0525587,4.2525587,-2.4674413,-1.8074414,-1.3774414,-3.4174414,-2.5774415,1.9625586,0.2425586,-0.6574414,-1.2474414,-0.39744142,0.3725586,-0.8074414,1.3925586,0.7625586,1.3125587,2.2425585,-0.2374414,-1.3874414,3.0725586,3.4325585,4.5025587,5.1825585,4.0525584,5.0725584,6.7425585,5.9625587,2.5325587,5.8725586,2.9225585,2.6925585,1.3025585,-1.0774415,-1.2274414,1.4125586,1.4325585
-1.5874414,2.4625585,-2.6974413,-2.4374413,-2.9574413,-4.867441,-2.5474415,-2.7274413,-3.4274414,-0.097441405,-1.3274415,-0.9874414,0.6425586,-2.2574415,-0.8974414,0.052558593,0.3625586,0.3925586,-0.6174414,0.35255858,0.082558595,-0.057441406,-0.2074414,-0.4374414,1.6925586,3.0425587,3.5225587,4.1125584,5.3525586,4.7725587,5.1025586,0.8525586,0.2825586,4.1125584,-1.9574414,1.8925586,-1.5474414,-0.1274414,-0.5174414,1.1025586,0.7225586
-3.9174414,-4.347441,-2.3574414,-2.8274415,-2.9974413,-3.9974413,-2.0274415,-1.0974414,0.7925586,-2.4974413,-2.2474413,-2.5274415,-1.1074414,-0.7974414,-0.5574414,0.6625586,0.6125586,-2.1174414,1.2025586,-0.1474414,-1.5974414,-0.5274414,-0.1274414,-0.6974414,0.032558594,0.9125586,1.5125586,0.8925586,1.0425586,-0.5674414,-0.2874414,0.4225586,-0.9074414,-1.0574414,-1.4974414,-1.4774414,-2.0074415,0.3625586,-1.7274414,-0.48744142,1.4925586
-2.8274415,-1.8974414,-4.1474414,-2.8274415,-2.0074415,-1.7674414,-1.5374414,-1.7074414,-2.4274414,-2.5074415,-0.1574414,-1.4374413,0.3125586,-0.8274414,-0.047441408,-0.7174414,-1.6574414,-0.047441408,1.4825586,2.2625587,-0.5674414,0.8325586,0.8825586,0.9425586,0.9925586,0.2525586,1.1925586,-1.6874413,-2.8874414,-1.7574414,-1.3174415,-3.0174415,-4.807441,-3.7774415,-0.39744142,0.3125586,-1.2374414,1.8525586,2.1325586,1.7925586,0.65255857
-1.0274414,-0.11744141,-2.0374415,-1.5074414,-3.3174415,-2.5474415,-1.7174414,0.17255859,-1.6374414,0.9525586,1.2825586,0.8625586,-1.4974414,-1.2174414,-0.6074414,0.19255859,-0.5074414,-0.24744141,-0.8274414,-0.8274414,-1.9874414,-1.6774414,-1.4974414,-0.007441406,-2.1274414,-3.3474414,-3.1174414,-1.9674414,-1.9374413,-2.5274415,-3.2974415,-1.1774414,-1.6774414,-3.3474414,1.0225586,1.5625587,0.2425586,3.2425585,-1.2974414,-1.6174414,-1.0874414
-3.5374415,-3.2074413,-2.4874413,-2.2874415,-2.4274414,0.6625586,-1.5274414,0.8025586,-1.2574414,-0.45744142,-1.5974414,-1.7074414,-0.1774414,-1.5774415,-0.59744143,-0.6474414,-1.0074414,-0.6974414,-1.5574414,-0.7774414,-1.4874414,-2.2574415,-2.7874415,-2.2374413,-2.2774415,-3.6374414,-3.5774415,-1.7474414,-3.2474413,-3.5974414,-3.5574415,-4.6274414,-3.4174414,-3.1774414,-2.2974415,-2.3774414,-1.5274414,-1.2574414,-1.5574414,-0.7374414,0.2825586
