wind.json
{"header": {"discipline":0,"disciplineName":"Meteorological products","gribEdition":2,"gribLength":1125,"center":7,"centerName":"US National Weather Service - NCEP(WMC)","subcenter":0,"refTime":"2023-06-28T06:00:00.000Z","significanceOfRT":1,"significanceOfRTName":"Start of forecast","productStatus":0,"productStatusName":"Operational products","productType":1,"productTypeName":"Forecast products","productDefinitionTemplate":0,"productDefinitionTemplateName":"Analysis/forecast at horizontal level/layer at a point in time","parameterCategory":2,"parameterCategoryName":"UnknownDiscipline_0_Category_2","parameterNumber":2,"parameterNumberName":"UnknownParameter_D0_C2_2","parameterUnit":"Unknown","genProcessType":2,"genProcessTypeName":"Forecast","forecastTime":240,"surface1Type":103,"surface1TypeName":"Specified height level above ground","surface1Value":10.0,"surface2Type":255,"surface2TypeName":"Missing","surface2Value":0.0,"gridDefinitionTemplate":0,"gridDefinitionTemplateName":"Latitude_Longitude","numberPoints":688,"shape":6,"shapeName":"Earth spherical with radius of 6,371,229.0 m","gridUnits":"degrees","resolution":48,"winds":"true","scanMode":64,"nx":43,"ny":16,"basicAngle":0,"lo1":45.0,"la1":40.0,"lo2":87.0,"la2":55.0,"dx":1.0,"dy":1.0}, "data":
[rows 0 to 15 of 16, columns 0 to 42 of 43]
-0.26826903,-2.6682692,-1.648269,-2.1682692,-1.928269,-2.6682692,-4.388269,-5.268269,-4.838269,-7.848269,-5.3182693,-6.2982693,-5.488269,-5.098269,-4.558269,-5.0682693,-4.748269,-4.178269,-5.018269,-4.718269,-5.268269,-3.018269,-5.738269,-1.588269,-2.318269,-0.098269045,0.60173094,0.7417309,0.72173095,0.54173094,-0.688269,-0.73826903,0.21173096,0.72173095,-1.1182691,0.17173095,0.041730955,-1.7682691,-3.408269,-4.7982693,-4.118269,-3.9582691,-4.828269
0.12173095,3.3017309,1.3917309,0.811731,0.17173095,-3.788269,-5.868269,-5.468269,-6.338269,-5.868269,-7.108269,-3.398269,-4.518269,-3.278269,-4.338269,-3.118269,-4.0482693,-4.768269,-3.838269,-5.758269,-5.498269,-5.398269,-2.858269,1.701731,3.121731,4.581731,-1.798269,2.0717309,3.971731,1.571731,0.29173097,0.96173096,1.7317309,0.24173096,0.54173094,-0.88826907,-0.618269,-1.6182691,-0.26826903,-2.218269,-1.298269,-2.778269,-0.12826905
1.931731,0.85173094,-0.14826904,0.55173093,-5.108269,-7.898269,-7.128269,-4.868269,-5.958269,-4.898269,-5.538269,-3.628269,-1.908269,-3.298269,-3.078269,-3.998269,-3.218269,-3.828269,-5.518269,-3.988269,-3.4282691,-5.478269,-6.468269,-5.638269,-0.60826904,3.461731,0.621731,-0.70826906,1.161731,0.15173095,2.0617309,1.071731,0.17173095,0.54173094,-0.028269043,0.59173095,0.081730954,-1.8782691,-2.768269,0.051730957,4.461731,0.571731,-0.678269
2.481731,1.841731,0.031730957,-3.048269,-6.728269,-7.498269,-7.828269,-8.158269,-7.428269,-6.5682693,-6.698269,-6.188269,-5.948269,-5.718269,-4.398269,-4.898269,-4.418269,-3.1882691,-3.6782691,-3.6682692,-4.488269,-4.218269,-2.528269,-7.508269,-5.658269,-6.878269,-3.7082691,-4.218269,-2.758269,-2.7082691,3.0717309,-0.688269,1.081731,-2.078269,0.021730958,1.041731,0.631731,2.5417309,1.2717309,0.13173096,4.771731,0.95173097,-0.98826903
6.471731,5.691731,1.971731,-4.478269,-6.738269,-6.278269,-5.808269,-7.398269,-6.608269,-7.148269,-6.228269,-6.288269,-6.508269,-7.308269,-3.048269,-3.1882691,-2.4582691,-2.4282691,-2.878269,-1.9982691,-3.9482691,-3.828269,-4.668269,-2.538269,-0.27826905,-3.718269,-3.118269,-3.398269,-1.2682691,2.281731,-2.4282691,-0.89826906,1.3917309,3.401731,1.651731,2.3217309,3.611731,3.221731,1.651731,0.41173095,0.081730954,2.391731,3.861731
3.0817308,-1.7482691,-4.2982693,-5.638269,-5.088269,-4.728269,-3.7082691,-4.918269,-5.268269,-6.148269,-5.828269,-6.8182693,-8.168269,-6.5482693,-3.618269,-1.9882691,-0.028269043,-3.868269,-3.408269,-3.568269,-4.278269,-4.398269,-4.698269,-4.558269,-3.338269,-1.668269,-0.63826907,-0.85826904,-1.218269,-0.96826905,0.37173095,-1.188269,-0.54826903,-0.038269043,0.751731,1.441731,-1.7282691,-0.63826907,6.831731,2.521731,3.501731,4.211731,3.511731
-0.44826904,-2.158269,-3.808269,-4.638269,-4.218269,-3.4482691,-2.908269,-2.968269,-2.338269,-3.968269,-2.978269,-2.1782691,-3.6682692,-3.1682692,-3.038269,-2.578269,-2.138269,-4.978269,-4.908269,-5.138269,-5.028269,-4.2982693,-5.228269,-4.808269,-3.358269,-3.138269,-2.618269,-0.58826905,-1.2582691,-2.558269,1.4817309,0.22173096,1.191731,1.321731,1.931731,4.721731,5.321731,1.7417309,8.121731,6.981731,8.711731,7.281731,1.181731
-1.818269,-5.088269,-5.398269,-5.128269,-4.038269,-3.1982691,-4.5482693,-3.788269,-3.038269,-1.588269,-1.968269,-1.438269,-0.49826905,0.18173096,0.681731,-0.47826904,-2.858269,-4.5482693,-5.448269,-4.448269,-4.108269,-4.288269,-4.098269,-4.0682693,-3.518269,-2.4182692,-2.558269,-0.618269,-0.818269,0.45173097,1.661731,1.5117309,3.131731,5.021731,5.011731,4.741731,6.891731,4.341731,3.511731,-0.36826906,5.331731,-2.238269,2.5417309
-3.6782691,-6.248269,-6.518269,-5.918269,-4.508269,-4.138269,-5.458269,-4.728269,-4.598269,-3.838269,-2.358269,-1.328269,-0.60826904,0.18173096,-0.95826906,-1.2282691,0.98173094,-0.54826903,-2.018269,-2.1882691,-2.128269,-1.528269,-2.1982691,-2.068269,-2.218269,-1.9782691,-1.158269,0.10173096,1.3917309,1.831731,2.0417309,2.641731,4.581731,4.291731,3.461731,0.9917309,4.581731,5.441731,2.761731,1.951731,8.061731,10.261731,9.481731
-3.9282691,-5.468269,-4.998269,-4.428269,-4.148269,-3.358269,-3.008269,-2.478269,-2.068269,-1.528269,-0.008269043,-0.688269,0.561731,0.081730954,-1.328269,-1.7382691,-1.1182691,0.32173097,1.551731,1.8617309,1.5217309,0.90173095,1.1317309,0.72173095,0.33173096,1.421731,2.131731,2.8217309,2.941731,4.071731,4.881731,4.921731,4.711731,2.591731,3.381731,3.5517309,5.461731,5.771731,6.081731,8.701731,3.001731,0.53173095,3.981731
-3.368269,-3.078269,-3.4482691,-2.148269,-0.70826906,-0.10826904,-1.3882691,-2.968269,-2.348269,-2.048269,-1.658269,-0.018269043,-0.38826904,-2.778269,-3.248269,-2.728269,-2.588269,-2.648269,-1.3782691,-0.568269,-0.19826904,0.98173094,1.791731,3.031731,1.9817309,1.7417309,2.631731,2.151731,2.351731,2.8017309,2.171731,3.431731,3.661731,3.951731,4.051731,4.9317307,5.621731,3.481731,2.411731,1.2417309,4.791731,2.2917309,2.631731
0.10173096,0.111730956,-0.23826905,-0.928269,-3.308269,-3.228269,-2.718269,-2.078269,-1.9782691,-2.498269,-1.598269,-0.91826904,-2.098269,-3.118269,-2.018269,-2.4582691,-1.958269,-0.678269,-0.08826904,-0.97826904,-1.2482691,-0.27826905,0.45173097,-0.52826905,-0.13826904,0.751731,1.3717309,1.1117309,2.681731,2.411731,3.951731,4.581731,5.291731,5.791731,6.541731,6.341731,5.9317307,2.971731,1.681731,1.411731,2.871731,4.791731,2.891731
-1.038269,0.32173097,0.71173096,0.90173095,-2.588269,-3.588269,-2.4182692,-1.4782691,-2.138269,-1.918269,-1.8682691,-1.188269,-0.51826906,-1.658269,-0.568269,-1.178269,-1.0082691,-1.6082691,-1.698269,-2.628269,-2.478269,-1.308269,-0.25826904,-0.30826905,0.12173095,1.461731,1.8817309,3.001731,3.021731,3.631731,4.121731,3.861731,3.911731,4.381731,4.511731,6.191731,5.911731,7.221731,5.231731,6.1817307,4.961731,1.541731,4.971731
-0.31826904,-1.298269,-0.39826906,-1.3682691,-1.1282691,-1.538269,-1.218269,-2.638269,-2.108269,-1.9882691,-2.128269,-1.7382691,-0.30826905,-1.788269,-0.35826904,-0.40826905,-0.60826904,-0.618269,-2.018269,-1.718269,-1.0082691,-1.3582691,-0.928269,0.47173095,1.7417309,2.271731,1.921731,1.851731,2.3017309,2.3317308,3.0417309,3.691731,4.221731,4.941731,4.991731,6.121731,6.381731,6.571731,6.7017307,3.461731,4.241731,2.341731,4.671731
2.3217309,0.73173094,0.46173096,-0.15826905,-1.1282691,-1.9982691,-2.358269,-3.058269,-1.1082691,0.031730957,0.30173096,0.77173096,0.18173096,0.22173096,-0.08826904,0.10173096,-0.678269,-0.88826907,-0.69826907,-1.2282691,-1.088269,-0.5082691,0.30173096,0.98173094,1.8817309,2.091731,2.461731,2.281731,2.751731,2.611731,2.881731,2.7917309,1.4917309,3.381731,4.611731,5.471731,4.091731,4.741731,4.541731,4.921731,2.931731,1.1317309,3.871731
-0.22826904,-0.66826904,-1.178269,-2.528269,-0.38826904,-0.40826905,-0.37826905,-1.1382691,0.29173097,1.2417309,1.9917309,1.7417309,1.041731,1.7717309,1.681731,0.37173095,-0.14826904,-2.058269,-1.718269,-1.1382691,-0.22826904,1.0017309,1.531731,1.901731,2.0517309,2.671731,3.141731,3.231731,3.261731,3.0617309,3.031731,2.091731,1.971731,2.911731,3.391731,3.861731,5.511731,3.901731,3.611731,3.771731,1.6117309,2.681731,0.65173095
