wind_kz.json
{"header": {"discipline":0,"disciplineName":"Meteorological products","gribEdition":2,"gribLength":871,"center":7,"centerName":"US National Weather Service - NCEP(WMC)","subcenter":0,"refTime":"2023-09-26T18:00:00.000Z","significanceOfRT":1,"significanceOfRTName":"Start of forecast","productStatus":0,"productStatusName":"Operational products","productType":1,"productTypeName":"Forecast products","productDefinitionTemplate":0,"productDefinitionTemplateName":"Analysis/forecast at horizontal level/layer at a point in time","parameterCategory":0,"parameterCategoryName":"UnknownDiscipline_0_Category_0","parameterNumber":0,"parameterNumberName":"UnknownParameter_D0_C0_0","parameterUnit":"Unknown","genProcessType":2,"genProcessTypeName":"Forecast","forecastTime":0,"surface1Type":1,"surface1TypeName":"Ground or water surface","surface1Value":0.0,"surface2Type":255,"surface2TypeName":"Missing","surface2Value":0.0,"gridDefinitionTemplate":0,"gridDefinitionTemplateName":"Latitude_Longitude","numberPoints":615,"shape":6,"shapeName":"Earth spherical with radius of 6,371,229.0 m","gridUnits":"degrees","resolution":48,"winds":"true","scanMode":64,"nx":41,"ny":15,"basicAngle":0,"lo1":47.0,"la1":41.0,"lo2":87.0,"la2":55.0,"dx":1.0,"dy":1.0}, "data":
[rows 0 to 14 of 15, columns 0 to 40 of 41]
289.0096,282.10962,286.30963,294.30963,294.10962,293.20963,294.4096,295.9096,293.20963,292.80963,292.9096,292.60962,292.20963,292.4096,292.4096,290.20963,290.30963,291.4096,289.0096,291.70963,292.4096,289.60962,287.4096,284.10962,286.70963,288.30963,285.80963,273.5096,272.30963,272.0096,272.5096,274.20963,282.9096,288.70963,289.60962,289.80963,289.20963,288.70963,289.60962,289.60962,288.0096
269.9096,286.10962,293.80963,294.0096,293.70963,292.4096,293.70963,292.70963,291.60962,291.4096,292.30963,291.20963,290.20963,289.20963,291.0096,291.60962,290.20963,286.5096,287.5096,286.4096,290.70963,289.70963,287.9096,281.60962,273.80963,273.4096,281.10962,272.4096,275.10962,267.5096,275.9096,263.5096,276.20963,251.40962,272.70963,285.5096,283.80963,286.4096,289.4096,282.20963,283.70963
287.80963,293.70963,294.10962,293.60962,291.70963,292.30963,292.30963,291.80963,290.60962,289.70963,288.9096,289.5096,288.60962,289.9096,291.9096,289.30963,289.10962,288.10962,287.30963,288.60962,291.5096,290.80963,289.70963,283.60962,284.5096,284.70963,285.70963,284.0096,283.9096,275.9096,268.10962,271.5096,276.0096,275.60962,277.70963,277.0096,271.10962,272.60962,273.0096,267.9096,266.70963
289.0096,293.20963,294.10962,293.10962,292.10962,291.20963,292.5096,290.9096,291.30963,290.20963,289.20963,288.5096,291.70963,291.10962,291.4096,290.9096,290.80963,288.70963,288.80963,288.4096,289.9096,284.20963,289.0096,289.4096,289.70963,289.30963,289.0096,287.10962,284.60962,285.30963,286.10962,283.10962,287.4096,285.9096,283.9096,279.80963,269.80963,261.80963,274.9096,282.30963,286.10962
291.20963,293.10962,293.80963,292.80963,292.0096,291.60962,292.20963,291.5096,291.0096,290.9096,290.0096,288.30963,290.60962,289.5096,288.0096,291.30963,291.10962,290.5096,288.70963,290.5096,290.4096,290.4096,289.10962,289.0096,289.10962,289.0096,286.9096,287.70963,286.9096,286.70963,288.9096,284.5096,274.20963,263.9096,276.9096,284.80963,288.80963,288.60962,289.10962,288.5096,287.9096
290.60962,287.70963,291.9096,292.9096,292.80963,292.5096,292.20963,293.4096,291.20963,291.70963,291.80963,291.4096,290.4096,290.60962,290.20963,290.10962,291.80963,290.9096,291.0096,290.60962,289.80963,289.30963,289.20963,289.30963,287.80963,286.60962,287.80963,289.20963,292.10962,292.20963,291.4096,290.4096,289.4096,287.9096,283.70963,286.5096,278.30963,280.0096,283.9096,288.80963,284.70963
290.4096,288.30963,292.9096,292.70963,292.20963,294.20963,294.10962,293.9096,293.30963,293.30963,291.10962,291.20963,290.60962,290.4096,290.0096,291.10962,290.70963,291.5096,291.0096,290.30963,292.20963,289.70963,289.80963,292.60962,289.10962,290.9096,290.70963,292.10962,291.80963,291.4096,289.70963,289.20963,285.5096,284.10962,281.5096,280.0096,274.5096,270.70963,262.9096,268.4096,277.80963
291.70963,290.9096,293.60962,294.20963,296.70963,294.80963,296.10962,292.70963,291.4096,292.20963,291.10962,292.10962,291.70963,291.0096,291.10962,291.20963,290.20963,291.20963,291.0096,292.10962,292.10962,291.70963,288.0096,290.60962,289.20963,288.10962,288.30963,288.30963,287.70963,288.30963,285.80963,283.70963,280.70963,276.80963,274.20963,276.70963,277.80963,287.10962,276.4096,275.9096,272.60962
290.9096,290.70963,292.0096,292.30963,293.30963,292.70963,290.80963,291.5096,289.80963,289.5096,289.70963,289.80963,290.60962,289.5096,290.9096,290.5096,293.60962,289.30963,289.4096,288.70963,289.4096,289.30963,290.70963,290.70963,289.30963,289.4096,287.5096,286.4096,281.10962,279.9096,280.70963,280.0096,279.4096,276.4096,275.30963,274.0096,274.4096,273.10962,262.0096,261.30963,258.4096
291.9096,293.20963,295.10962,292.5096,290.80963,290.70963,290.5096,290.10962,289.30963,288.30963,287.80963,288.30963,288.4096,288.20963,288.70963,291.9096,291.9096,292.70963,292.0096,288.4096,286.80963,289.80963,291.0096,288.30963,287.5096,284.4096,288.70963,287.30963,286.0096,280.80963,281.10962,280.60962,278.80963,278.10962,276.4096,275.10962,272.0096,267.4096,260.60962,258.80963,260.20963
287.70963,289.0096,289.70963,289.5096,289.5096,289.20963,289.30963,289.0096,288.20963,287.5096,287.20963,286.80963,287.60962,287.30963,287.30963,287.60962,288.60962,288.70963,290.20963,290.5096,288.60962,288.70963,290.20963,286.9096,289.30963,286.30963,287.30963,288.9096,287.70963,283.70963,282.4096,280.30963,278.20963,278.0096,276.70963,273.80963,269.0096,263.70963,266.80963,265.0096,264.4096
287.5096,287.10962,287.20963,287.30963,286.9096,286.9096,285.60962,285.60962,285.80963,285.60962,283.10962,284.9096,287.10962,285.30963,285.9096,287.10962,289.10962,289.0096,289.20963,289.4096,289.10962,288.9096,288.70963,289.10962,286.30963,287.60962,289.30963,290.20963,287.4096,284.20963,281.70963,280.0096,278.70963,276.70963,275.70963,275.0096,274.5096,272.9096,272.5096,274.80963,273.80963
283.30963,282.9096,285.60962,285.9096,285.9096,285.4096,284.60962,284.4096,283.60962,282.4096,281.10962,279.80963,283.4096,282.9096,283.80963,284.10962,284.80963,284.60962,285.80963,285.9096,286.60962,285.4096,284.20963,287.70963,286.60962,289.5096,290.60962,288.60962,285.5096,283.10962,281.10962,279.80963,278.30963,277.70963,276.5096,275.9096,274.5096,275.4096,273.60962,273.20963,273.60962
281.80963,284.20963,285.70963,286.10962,285.60962,284.20963,283.9096,283.70963,282.80963,282.5096,280.5096,278.30963,278.70963,281.30963,282.5096,283.80963,284.30963,283.80963,283.30963,284.60962,284.20963,285.80963,286.5096,287.4096,287.10962,286.20963,286.10962,285.9096,286.5096,285.0096,280.0096,278.80963,277.70963,276.80963,276.30963,274.20963,274.4096,273.9096,273.80963,273.20963,273.60962
282.4096,284.30963,286.5096,285.10962,285.5096,283.5096,283.9096,282.0096,282.70963,281.70963,281.70963,278.0096,277.9096,278.9096,280.70963,282.20963,286.0096,285.70963,282.10962,282.9096,286.10962,284.9096,283.30963,285.30963,285.60962,286.4096,287.20963,284.60962,286.70963,283.20963,281.4096,281.0096,277.60962,276.60962,275.80963,275.5096,276.20963,274.80963,274.60962,274.5096,274.70963
