wind.json
{"header": {"discipline":0,"disciplineName":"Meteorological products","gribEdition":2,"gribLength":1125,"center":7,"centerName":"US National Weather Service - NCEP(WMC)","subcenter":0,"refTime":"2023-06-29T12:00:00.000Z","significanceOfRT":1,"significanceOfRTName":"Start of forecast","productStatus":0,"productStatusName":"Operational products","productType":1,"productTypeName":"Forecast products","productDefinitionTemplate":0,"productDefinitionTemplateName":"Analysis/forecast at horizontal level/layer at a point in time","parameterCategory":2,"parameterCategoryName":"UnknownDiscipline_0_Category_2","parameterNumber":3,"parameterNumberName":"UnknownParameter_D0_C2_3","parameterUnit":"Unknown","genProcessType":2,"genProcessTypeName":"Forecast","forecastTime":300,"surface1Type":103,"surface1TypeName":"Specified height level above ground","surface1Value":10.0,"surface2Type":255,"surface2TypeName":"Missing","surface2Value":0.0,"gridDefinitionTemplate":0,"gridDefinitionTemplateName":"Latitude_Longitude","numberPoints":688,"shape":6,"shapeName":"Earth spherical with radius of 6,371,229.0 m","gridUnits":"degrees","resolution":48,"winds":"true","scanMode":64,"nx":43,"ny":16,"basicAngle":0,"lo1":45.0,"la1":40.0,"lo2":87.0,"la2":55.0,"dx":1.0,"dy":1.0}, "data":
[rows 0 to 15 of 16, columns 0 to 42 of 43]
-2.4417138,0.96828616,-0.031713866,-4.0617137,-1.3317139,-8.211714,-9.681714,-8.041714,-1.7517139,5.6882863,2.158286,3.928286,1.9082861,-1.8817139,-0.6017139,-4.261714,-1.4217138,-1.5917139,-1.1217139,-1.9717139,-2.531714,-0.37171388,-0.97171384,1.3682861,2.3182862,2.928286,3.178286,4.138286,1.6782861,-1.6817138,-3.6317139,-2.9517138,-2.1417139,-1.8217139,-2.2117138,1.5382861,-1.4017138,-4.3317137,-0.18171386,0.36828613,5.788286,5.558286,1.0782862
0.91828614,-2.321714,0.31828612,-2.331714,0.41828614,-7.221714,-8.871714,-8.5317135,-4.841714,-1.8117138,2.0782862,4.658286,1.8482862,0.44828615,-0.76171386,-2.6617138,-3.4917138,-2.7317138,-0.45171386,0.46828613,-1.8417139,-1.4517139,-1.5517138,-0.91171384,-2.051714,-1.0417138,-1.8417139,-1.6717138,-1.7617139,2.0782862,-0.53171384,-0.5417139,-2.1517138,-3.351714,-0.52171385,-0.5517139,-2.561714,-2.601714,-3.2517138,-1.3317139,-0.77171385,-0.9317139,3.438286
-0.031713866,-1.9017138,1.0182861,1.1782861,-3.1417139,-5.611714,-7.0617137,-7.0417137,-5.1017137,-2.6217139,-2.4917138,-1.2817138,-1.6817138,-2.861714,-3.2017138,-2.7217138,-3.7017138,-3.6317139,0.028286133,-0.6017139,-0.9317139,-0.8617139,-2.1717138,-2.8817139,2.1182861,1.5282861,-1.0417138,-0.71171385,-3.771714,0.72828615,-0.05171387,1.9382862,3.488286,2.478286,-1.2017139,-1.7317139,-3.8917139,-3.1517138,-3.3717139,-3.271714,-2.3917139,-1.9317138,-1.0317138
2.398286,2.638286,-0.20171386,-5.201714,-4.0217137,-5.1017137,-5.631714,-5.141714,-5.0417137,-5.8717136,-2.7217138,-3.4117138,-3.271714,-2.321714,-3.321714,-4.551714,-3.7117138,-4.051714,-1.4517139,0.5682861,-0.18171386,-3.2517138,-3.1617138,0.8882861,-1.0517138,1.0182861,3.0582862,2.138286,1.2182862,0.47828615,-0.66171384,2.0382862,1.8882861,1.2182862,2.7882862,-1.4617139,-0.32171386,3.0982862,3.728286,0.44828615,0.22828613,-0.48171386,-1.5617138
0.49828613,-1.4317138,-0.08171387,0.20828614,-1.9817139,-3.611714,-3.831714,-3.611714,-5.221714,-5.461714,-2.4017138,-1.6217139,-2.2017138,-1.3117138,-2.9917138,-4.7917137,-3.521714,-3.5017138,-3.551714,-2.031714,-2.041714,-3.311714,-2.9517138,-2.1617138,0.96828616,1.3082862,2.2982862,0.80828613,-1.1417139,-0.42171386,0.6382861,0.038286135,-2.1917138,-1.2417139,-0.5417139,-0.65171385,-0.51171386,-2.1217139,-0.38171387,2.8282862,3.8782861,2.688286,2.0582862
1.4882861,-1.8917139,-2.9917138,-6.661714,-2.2017138,-3.4417138,-3.361714,-2.761714,-2.311714,0.55828613,-0.47171387,-0.23171386,-2.291714,-2.7017138,-3.9417138,-6.491714,-3.051714,-3.071714,-2.6317139,-1.4717139,-3.111714,-2.8817139,-1.4317138,-0.71171385,0.97828615,0.37828612,0.8782861,0.41828614,-0.5517139,-2.7317138,-2.851714,-1.2117139,-0.5617139,1.4682862,1.7682861,1.7982861,-1.1017139,-1.7917138,0.48828614,1.5282861,1.5182861,0.6282861,-0.71171385
-0.18171386,-1.0717139,-1.2217139,-2.041714,-3.7517138,-2.351714,-2.2317138,-5.0417137,-4.681714,-3.341714,2.658286,-1.4317138,-1.6417139,-0.97171384,-3.8917139,-3.341714,0.31828612,-1.3217139,2.8582861,1.5582862,-1.6817138,-2.4417138,-0.8017139,1.2782861,3.488286,2.2882862,-0.94171387,-2.2117138,-0.89171386,-2.801714,-1.1517138,-1.1817138,-1.7617139,-1.4917139,-0.6217139,2.0382862,2.5782862,0.43828613,2.5682862,0.18828613,-2.4517138,-0.5017139,-2.071714
2.3682861,0.22828613,-0.58171386,-0.96171385,-2.2417138,-1.1117139,-1.6117139,-2.7117138,-3.5017138,-5.3517137,-2.551714,0.80828613,0.66828614,-0.47171387,3.6082861,2.0482862,2.8082862,2.398286,1.7782861,0.6882861,-1.1217139,-0.45171386,-3.601714,-3.9917138,0.39828613,-0.7317139,1.2082862,2.0982862,-1.8917139,0.35828614,-1.4917139,-1.6217139,-2.7017138,-3.841714,-4.071714,-3.331714,0.77828616,-0.05171387,-2.4317138,-0.58171386,-1.5117139,0.058286134,-5.161714
3.0182862,2.218286,0.43828613,0.49828613,-0.7917139,-0.94171387,0.17828614,0.77828616,-2.2117138,-4.321714,-7.141714,-2.531714,-0.63171387,-0.46171388,-0.8017139,-0.40171388,2.138286,2.3482862,-0.16171387,-0.6817139,-1.2117139,0.5682861,-2.2117138,-2.3917139,-2.8717139,-0.8717139,-1.0217139,0.8982861,0.91828614,0.0082861325,-0.08171387,-3.021714,-3.2117138,-2.861714,-3.6917138,-3.9217138,-0.22171387,0.96828616,-0.58171386,0.67828614,0.32828614,0.24828613,-0.59171385
2.478286,2.438286,2.238286,0.42828614,0.79828614,1.2982861,3.3182862,1.3882861,-1.6017139,-2.1817138,-3.5017138,-3.2017138,0.07828613,-2.831714,-1.7017139,1.5682862,1.5382861,1.7382861,1.1682861,2.0982862,0.42828614,-1.2317139,1.3982861,-1.2817138,-1.7417139,-1.9017138,-1.7617139,0.96828616,1.3982861,1.6682861,0.77828616,-0.47171387,-2.0017138,-2.4017138,-1.8117138,-2.571714,-0.34171388,-1.1917138,-1.2117139,0.72828615,0.7082861,-0.36171386,-1.1617138
2.7482862,2.438286,1.4482862,1.5982862,1.8882861,1.9382862,1.7082862,0.98828614,0.39828613,-0.011713867,0.96828616,-0.36171386,-2.101714,0.13828613,-1.3717139,-1.3317139,2.3282862,3.138286,1.9582862,0.27828613,-0.90171385,-0.8617139,0.13828613,0.13828613,-0.91171384,-0.14171387,-1.3317139,0.09828613,0.80828613,1.6582861,0.37828612,0.0082861325,0.7682861,-0.21171387,-2.341714,-3.011714,-2.4217138,-0.46171388,0.7682861,-1.3817139,-1.4617139,0.54828614,2.0982862
2.0582862,0.97828615,2.3582861,3.3282862,2.938286,3.3382862,2.738286,-1.7017139,0.13828613,3.238286,2.218286,0.47828615,0.59828615,0.24828613,-2.9617138,-1.4617139,2.428286,2.228286,1.4782861,0.8882861,1.1182861,-1.6117139,1.2082862,0.71828616,-0.95171386,-1.2417139,0.108286135,1.1582861,1.1282861,1.9482862,1.1782861,1.4382862,0.84828615,0.36828613,-2.6517138,-2.6217139,-3.4617138,-2.861714,-1.7317139,0.92828614,-0.011713867,0.66828614,0.058286134
1.6182861,0.54828614,0.20828614,0.8282861,1.6882862,3.2682862,0.92828614,-1.5617138,0.44828615,2.5882862,2.918286,1.6782861,0.34828612,-0.97171384,-0.33171386,1.2982861,1.6182861,0.9482861,-0.16171387,1.0682862,2.0682862,1.0482861,0.108286135,0.13828613,-0.7917139,-1.7017139,-2.071714,0.8282861,1.0282861,3.968286,3.3782861,2.0082862,0.30828613,0.92828614,-0.66171384,-1.7517139,-1.5317138,-2.531714,-1.3717139,0.5682861,0.6382861,1.4182861,0.41828614
2.5982862,2.668286,0.91828614,0.5182861,0.8182861,-0.38171387,-0.25171387,0.53828615,3.1182861,0.31828612,1.3482862,1.8582861,0.44828615,0.12828614,-1.5417138,-0.33171386,-0.59171385,-0.41171387,-0.42171386,0.09828613,1.7282861,1.3682861,1.4982861,1.1482861,1.0282861,0.92828614,1.1382861,0.09828613,-0.37171388,-0.36171386,0.65828615,1.3482862,-0.77171385,1.7882861,2.2482862,0.12828614,-0.061713867,-1.0117139,-2.271714,-1.5517138,-2.2317138,-1.7817138,-0.25171387
1.6382861,1.6182861,1.6582861,-0.20171386,0.19828613,-0.24171387,-0.18171386,-0.35171387,-1.4217138,0.6482861,-0.6017139,0.86828613,0.73828614,0.32828614,-0.91171384,-1.0317138,-2.301714,-2.2417138,0.28828612,1.7282861,1.8882861,1.2282861,-0.8617139,0.86828613,2.658286,1.5882862,-0.111713864,0.58828616,0.28828612,-1.6417139,-1.6917138,-2.291714,1.3982861,0.17828614,1.7682861,2.0182862,1.4182861,0.58828616,-0.71171385,-1.6817138,-1.5517138,-1.8917139,-0.76171386
2.428286,1.6982862,0.48828614,0.9982861,-0.041713867,0.7682861,-0.9817139,-0.58171386,-1.7817138,-1.6717138,-1.6317139,-2.041714,-0.51171386,1.2182862,1.5282861,-0.38171387,-1.8417139,-2.4417138,-2.9217138,-1.9617139,-2.2217138,-0.89171386,-0.31171387,-0.7417139,-0.42171386,2.2682862,1.6882862,1.2982861,1.3882861,1.1182861,0.52828616,0.97828615,-0.0017138672,0.32828614,-0.57171386,0.85828614,2.5282862,1.9082861,1.4782861,1.0982862,-0.32171386,-1.8317139,0.018286133
