wind_kz.json
{"header": {"discipline":0,"disciplineName":"Meteorological products","gribEdition":2,"gribLength":1025,"center":7,"centerName":"US National Weather Service - NCEP(WMC)","subcenter":0,"refTime":"2023-09-20T18:00:00.000Z","significanceOfRT":1,"significanceOfRTName":"Start of forecast","productStatus":0,"productStatusName":"Operational products","productType":1,"productTypeName":"Forecast products","productDefinitionTemplate":0,"productDefinitionTemplateName":"Analysis/forecast at horizontal level/layer at a point in time","parameterCategory":2,"parameterCategoryName":"UnknownDiscipline_0_Category_2","parameterNumber":2,"parameterNumberName":"UnknownParameter_D0_C2_2","parameterUnit":"Unknown","genProcessType":2,"genProcessTypeName":"Forecast","forecastTime":120,"surface1Type":103,"surface1TypeName":"Specified height level above ground","surface1Value":10.0,"surface2Type":255,"surface2TypeName":"Missing","surface2Value":0.0,"gridDefinitionTemplate":0,"gridDefinitionTemplateName":"Latitude_Longitude","numberPoints":615,"shape":6,"shapeName":"Earth spherical with radius of 6,371,229.0 m","gridUnits":"degrees","resolution":48,"winds":"true","scanMode":64,"nx":41,"ny":15,"basicAngle":0,"lo1":47.0,"la1":41.0,"lo2":87.0,"la2":55.0,"dx":1.0,"dy":1.0}, "data":
[rows 0 to 14 of 15, columns 0 to 40 of 41]
-2.3536475,-1.0536475,1.3263526,0.116352536,-2.6336474,-6.3936477,-7.4336476,-6.6636477,-4.8036475,-5.4136477,-3.1036475,-4.4036474,-3.4436474,-2.4336474,-1.5436474,-1.4836475,-1.2636474,0.62635255,-1.7136475,0.5363525,1.6363525,0.56635255,-0.7136475,-2.1036475,0.20635253,-1.7636474,-2.7636476,-0.7136475,-0.39364746,0.44635254,0.95635253,0.9163525,0.13635254,-0.88364744,0.13635254,-0.0036474608,0.6563525,1.8663526,1.4763526,1.3163525,-8.033648
0.74635255,0.92635256,-1.2236475,-1.9536475,-6.3736477,-6.3336473,-6.7336473,-6.4436474,-7.7636476,-5.6636477,-4.6936474,-3.8136475,-1.4936475,-1.5136474,0.28635255,-0.62364745,-2.1236475,-3.8736475,-6.7336473,-7.3636475,-6.2336473,-3.3536475,-1.7836474,-2.4436474,-0.9736475,0.8363525,-0.5936475,-0.79364747,-4.4536476,-2.3036475,-0.0036474608,-0.32364747,-0.16364746,-3.3836474,0.6463525,-1.0236474,0.02635254,0.21635254,-0.7836475,-0.29364747,-8.163648
-0.45364746,-4.103647,-4.0436473,-1.7236475,-1.9936475,-4.3136473,-5.5736475,-6.9336476,-7.1736474,-5.6336474,-3.3536475,-1.8736475,-0.54364747,-0.6636475,-4.8636475,-6.3036475,-6.603647,-4.8636475,-4.9736476,-6.6936474,-10.103647,-10.943647,-7.1136475,-10.103647,-4.3336473,-5.2336473,-1.7636474,-1.6636474,-2.0036476,-0.56364745,-1.5136474,1.5463525,-0.46364745,-0.57364744,-0.92364746,-0.7136475,0.94635254,-0.10364746,4.3463526,5.1163526,2.7463524
-3.8036475,-5.4836473,-3.8236475,-2.1236475,-7.1236477,-7.6136475,-5.9236474,-6.8936477,-6.5736475,-4.2436476,-2.8236475,-2.7536476,-4.603647,-6.4636474,-5.0236473,-6.1536474,-7.0636473,-6.7836475,-6.8936477,-7.4336476,-8.513647,-9.103647,-7.3136473,-9.8236475,-9.593647,-9.153647,-8.383648,-10.973647,-6.4936476,-3.6636474,-0.23364747,-2.0536475,2.0163527,3.4463525,-0.20364746,-1.5836475,-1.9836475,2.6063526,0.116352536,-1.0336474,-2.4536474
-5.4736476,-6.7936473,-8.5736475,-9.243648,-6.0936475,-5.1336474,-4.4036474,-5.1636477,-5.5136476,-4.2136474,-3.3336475,-4.2636476,-5.4436474,-5.5736475,-4.7036476,-6.1836476,-7.0336475,-6.6936474,-7.0336475,-7.8136473,-8.843647,-7.9236474,-8.173648,-7.8436475,-8.183647,-8.023647,-8.443647,-7.4636474,-4.6536474,-4.0036473,-3.8636475,-2.7436476,-1.8836474,0.8963525,-1.7736474,-0.81364745,-4.6636477,-2.8536475,-3.5136476,-3.8536475,-3.4336474
-4.1936474,-3.5236475,-5.5636473,-6.1136475,-5.8236475,-5.4136477,-4.0136476,-3.9236474,-3.7236474,-2.9036474,-3.4436474,-4.1536474,-4.5736475,-5.4836473,-4.2436476,-3.8436475,-5.2236476,-5.3636475,-6.2036476,-5.7236476,-6.6836476,-4.5436473,-4.2336473,-5.9636474,-5.9836473,-6.1536474,-6.0636473,-7.5636473,-4.7436476,-5.6436477,-6.0036473,-5.4336476,-3.1436474,-1.8836474,-2.3336475,-1.0536475,-0.25364745,-0.18364745,-2.0736475,-3.1036475,-1.8736475
-2.4036474,-2.2836475,-2.6236475,-1.8436475,-2.5036476,-3.7236474,-3.6236475,-3.6836474,-4.0236473,-4.4136477,-4.2536473,-4.3336473,-4.0236473,-4.6236477,-3.8336475,-3.6436474,-3.4936476,-4.3636475,-4.4136477,-6.0236473,-6.0936475,-6.0336475,-5.7736473,-5.1236477,-5.9336476,-4.3036475,-5.3136473,-4.9436474,-5.2536473,-5.2836475,-5.5136476,-5.7436476,-4.0936475,-5.2236476,-2.7236474,-1.4436475,-1.0436474,0.30635253,-0.94364744,0.40635255,1.2063526
-1.8136475,-0.87364745,-1.9336475,-2.9936476,-4.4936476,-3.9936476,-3.8236475,-3.8536475,-3.5036476,-3.6636474,-3.6436474,-3.6836474,-3.6936474,-3.6636474,-3.0236475,-3.4236474,-3.7436476,-3.9536474,-3.4836473,-6.0136476,-5.3736477,-4.5036473,-3.8336475,-3.7636476,-4.0636473,-3.4636474,-3.2036474,-3.8536475,-4.8636475,-4.1636477,-4.7236476,-3.9536474,-4.2336473,-3.5836475,-2.5736475,1.5363525,3.0463526,3.3963525,2.2363524,3.9363525,-0.47364748
-3.0636475,-2.0836475,-0.20364746,-2.4536474,-3.5936475,-3.7136474,-3.5036476,-3.5136476,-3.4736474,-3.3036475,-3.3936474,-3.5136476,-3.4336474,-3.3736475,-3.1836474,-2.9536474,-3.1036475,-2.9636474,-3.0936475,-3.6836474,-3.8036475,-3.3736475,-2.7636476,-2.3036475,-2.7236474,-3.5036476,-2.3236475,-2.3336475,-1.2436475,-1.4136474,-2.9936476,-2.2436476,-1.6636474,-1.4236474,0.06635254,0.74635255,0.37635255,-2.9436474,-2.0436475,1.0263525,-2.2636476
-2.3536475,-1.6036475,-1.7036475,-2.9436474,-2.3036475,-2.4836473,-2.4536474,-2.4536474,-2.5036476,-2.6236475,-2.6936474,-2.9836473,-2.4536474,-2.0536475,-2.3836474,-3.0536475,-3.2036474,-3.0236475,-2.7936475,-2.7836475,-3.3836474,-2.0836475,-1.5736475,-2.4636474,-1.8736475,-3.0736475,-3.0536475,-2.7736475,-2.3136475,-2.2536476,-1.6836475,-1.9336475,-2.5436475,-1.6236475,0.57635254,1.0863526,-1.0036474,-0.27364746,-3.0236475,-0.92364746,-0.9736475
-1.4036474,-0.51364744,-1.5036474,-1.6636474,-1.5036474,-1.5836475,-0.92364746,-0.76364744,-1.4036474,-1.6736474,-2.0636475,-1.6536474,-2.9636474,-2.6636474,-2.0636475,-2.3936474,-2.5036476,-0.8436475,-0.19364746,0.42635253,-0.17364746,-0.19364746,-1.7936474,-1.7236475,-2.0336475,-2.3236475,-1.8336475,-1.4636475,-1.3136475,-1.9936475,-2.5736475,-2.6436474,-2.8636475,-2.0236475,-1.2936474,-0.49364746,-1.4736475,-0.54364747,-1.0136474,1.0963526,-1.5236474
0.22635254,0.26635253,1.2563525,1.4263525,0.75635254,-0.7736475,-1.2536474,-1.0036474,-0.8536475,-1.4436475,-1.4936475,0.28635255,-0.20364746,0.13635254,-0.08364746,0.6563525,0.7163525,0.6463525,-1.2636474,-1.5736475,-1.2336475,-0.56364745,-0.17364746,-1.1336474,-0.55364746,-1.0336474,-1.2436475,-1.4436475,-1.8736475,-2.1436474,-1.6536474,-1.7236475,-2.0936475,-2.3836474,-2.0536475,-2.3336475,-2.7736475,-1.6836475,-1.0836475,-0.8436475,-0.5336475
1.1063526,1.6963525,2.0563526,2.3263526,0.67635256,-0.81364745,-0.74364746,-1.2436475,-1.5336474,-1.0536475,-0.61364746,-0.04364746,1.3363526,1.7363526,0.93635255,0.15635253,-0.11364746,-0.08364746,0.6463525,1.6363525,1.1963525,0.7863525,1.3063525,0.85635257,2.2963526,0.32635254,-0.93364745,-1.2936474,-0.94364744,-0.7236475,-0.5836475,-0.87364745,-0.6036475,-1.4836475,-1.0536475,-0.98364747,-0.69364744,-0.93364745,-1.2136475,-0.86364746,-0.92364746
2.4463525,1.9763526,1.8863525,0.82635254,0.04635254,-0.48364747,-0.08364746,-0.70364743,0.24635254,-0.32364747,-0.95364743,-0.41364747,1.0163525,1.4463525,1.7863525,1.8363526,1.7963525,1.6663525,1.3863525,2.0663526,1.9263525,2.6763525,2.9663525,1.7363526,1.7963525,-0.17364746,-0.51364744,0.16635254,0.13635254,0.67635256,0.6563525,0.7863525,0.81635255,1.0463525,1.4263525,1.4063525,1.2763525,0.94635254,-0.26364747,0.34635255,0.19635254
0.31635255,2.4863524,2.1763525,1.5563525,1.3363526,1.0463525,1.4763526,0.32635254,1.2763525,0.33635253,-1.0036474,-0.29364747,0.47635254,1.1763525,2.3963525,2.5363526,2.6363525,2.8763525,2.4963524,2.9763525,2.8063526,2.9163525,2.0663526,2.4263525,2.1363525,1.2863525,1.3063525,1.4563526,1.3363526,1.2963525,2.3263526,2.1563525,1.7163526,1.7163526,2.1763525,2.6163526,1.3763525,1.9963526,1.5063525,1.2163526,-0.87364745
