wind.json
{"header": {"discipline":0,"disciplineName":"Meteorological products","gribEdition":2,"gribLength":1125,"center":7,"centerName":"US National Weather Service - NCEP(WMC)","subcenter":0,"refTime":"2023-06-27T12:00:00.000Z","significanceOfRT":1,"significanceOfRTName":"Start of forecast","productStatus":0,"productStatusName":"Operational products","productType":1,"productTypeName":"Forecast products","productDefinitionTemplate":0,"productDefinitionTemplateName":"Analysis/forecast at horizontal level/layer at a point in time","parameterCategory":2,"parameterCategoryName":"UnknownDiscipline_0_Category_2","parameterNumber":2,"parameterNumberName":"UnknownParameter_D0_C2_2","parameterUnit":"Unknown","genProcessType":2,"genProcessTypeName":"Forecast","forecastTime":180,"surface1Type":103,"surface1TypeName":"Specified height level above ground","surface1Value":10.0,"surface2Type":255,"surface2TypeName":"Missing","surface2Value":0.0,"gridDefinitionTemplate":0,"gridDefinitionTemplateName":"Latitude_Longitude","numberPoints":688,"shape":6,"shapeName":"Earth spherical with radius of 6,371,229.0 m","gridUnits":"degrees","resolution":48,"winds":"true","scanMode":64,"nx":43,"ny":16,"basicAngle":0,"lo1":45.0,"la1":40.0,"lo2":87.0,"la2":55.0,"dx":1.0,"dy":1.0}, "data":
[rows 0 to 15 of 16, columns 0 to 42 of 43]
-5.1778493,-0.9178491,2.1921508,-0.047849122,-1.6478491,-1.6378491,1.6821508,-0.6178491,-2.8078492,-4.187849,-0.9778491,-3.5278492,-4.767849,-5.587849,-6.037849,-4.517849,-3.2778492,-2.187849,-0.5678491,-1.6778492,-2.8578491,-2.637849,-3.147849,1.9421508,2.622151,0.85215086,-0.047849122,-0.3678491,-0.64784914,1.7421509,2.132151,1.1321509,2.1721509,1.2621509,1.2121509,7.942151,2.822151,1.7921509,-5.227849,-2.7978492,-5.457849,-5.787849,-8.197849
1.7621509,2.032151,-1.3778491,-1.3978491,1.3921509,1.6421509,1.5521508,-3.3378491,-4.857849,-5.357849,-5.6778493,-3.8078492,-4.557849,-5.207849,-3.887849,-2.977849,-1.8578491,-1.0378491,0.5121509,2.292151,-0.65784913,-0.5578491,3.302151,0.37215087,0.36215088,-0.65784913,0.5121509,-2.5578492,-2.897849,0.49215087,0.5821509,0.22215088,2.072151,1.7521509,-0.8178491,3.9521508,4.5321507,3.9421508,1.5221509,-1.1878492,-2.4878492,-4.037849,-3.437849
0.08215088,-1.8378491,0.27215087,3.112151,1.6121509,-0.82784915,-1.0178491,-4.1578493,-3.8178492,-6.297849,-4.437849,-4.6378493,-3.7678492,-3.197849,-2.0278492,-0.9278491,-0.9478491,-0.8078491,1.2421509,-0.19784912,1.9721509,2.6521509,0.8821509,0.08215088,1.0421509,-2.5878491,1.7021508,1.0021509,-0.15784912,0.23215088,-0.24784912,0.18215089,0.19215088,0.4421509,-0.16784912,-1.3778491,1.7321509,0.7121509,-0.64784914,3.382151,1.0021509,1.2021508,4.422151
0.02215088,0.48215088,-0.47784913,-1.6778492,0.8721509,-0.7278491,-3.397849,-4.727849,-3.977849,-3.437849,-5.727849,-3.957849,-2.0778491,-0.3378491,1.0721508,1.4721509,1.5721508,1.1921508,1.4721509,2.6821508,3.302151,3.0121508,2.382151,2.9121509,-1.0778491,-0.8578491,0.59215087,1.4921509,2.572151,3.612151,-0.83784914,0.31215087,0.7021509,2.4821508,0.28215086,-0.03784912,1.2121509,0.66215086,0.4421509,-0.9378491,2.4521508,0.59215087,0.43215087
-2.0078492,-2.687849,-2.907849,-4.6378493,-4.1378493,-5.607849,-5.187849,-3.7478492,-1.2278491,-4.827849,-3.887849,-3.5378492,-2.477849,-1.5978491,0.6921509,2.622151,2.872151,3.5121508,3.622151,4.0521507,4.182151,3.792151,3.132151,0.40215087,4.352151,3.4721508,4.3021507,3.322151,1.5421509,1.1021509,0.98215085,0.8721509,0.03215088,-0.08784912,2.6921508,-0.8878491,-3.147849,-1.0678492,-1.1378491,1.7321509,0.34215087,1.7121509,4.312151
-2.147849,-2.3078492,-2.937849,-3.967849,-4.187849,-4.9678493,-4.4678493,-3.667849,-3.877849,-2.957849,-3.7678492,-2.7378492,-2.0578492,0.7421509,1.3621509,2.322151,2.7121508,2.2021508,3.312151,3.602151,3.822151,4.372151,3.122151,2.772151,3.0021508,3.022151,3.4721508,2.4521508,2.2521508,-2.4878492,0.78215086,-0.40784913,1.5521508,-1.5078491,-1.8178492,1.1121509,4.3221507,0.78215086,1.9721509,1.8821509,1.4321508,4.722151,7.442151
1.1421509,0.16215087,-1.3278491,-1.3978491,-1.6578491,-1.9878491,-2.3178492,-1.9978491,-2.0678492,-1.1878492,-1.2778491,-0.9178491,-0.10784912,0.98215085,2.312151,2.812151,1.7321509,-0.3078491,0.98215085,0.85215086,1.1921508,2.7221508,0.012150879,2.102151,1.1121509,1.5121509,1.3121508,-2.5378492,1.7621509,2.4221509,1.4821509,0.5821509,3.282151,4.012151,2.4421508,2.532151,0.7021509,-0.90784913,5.262151,2.832151,10.232151,7.5721507,-0.9978491
0.5721509,1.4721509,1.7621509,1.6021509,1.5521508,2.1521509,3.062151,3.542151,3.2321508,2.082151,1.5521508,0.20215088,1.1421509,1.6621509,2.1821508,2.9221509,3.092151,3.4421508,2.622151,2.592151,2.802151,2.9121509,2.4421508,0.14215088,-0.82784915,-0.9778491,0.5821509,-2.467849,-0.9978491,3.032151,-0.31784913,-1.9278492,-3.5878491,-2.5378492,-1.7878491,1.5021509,-2.5478492,-1.0578492,-1.3278491,2.342151,0.39215088,1.4521508,1.7521509
-0.13784912,-0.70784914,-1.6478491,0.18215089,2.862151,2.572151,2.7021508,3.632151,3.272151,2.5121508,1.5321509,0.4421509,1.7821509,2.1821508,3.1421509,3.772151,4.652151,5.492151,4.662151,3.542151,3.062151,2.2221508,2.9521508,-0.48784912,0.42215088,-1.1978492,-0.77784914,0.6121509,0.49215087,1.2821509,0.60215086,-2.0278492,-1.1978492,-0.70784914,0.48215088,-0.32784912,-0.18784912,3.072151,6.192151,6.562151,3.1521509,2.022151,-1.7778491
-0.7378491,-1.4778491,0.012150879,-0.9378491,-0.16784912,1.4621509,-1.7578491,-2.3178492,-2.887849,1.2921509,-0.57784915,0.79215086,2.4421508,1.9221509,4.122151,3.4521508,4.3421507,4.1321507,3.802151,2.822151,2.6821508,1.9121509,1.0121509,1.5121509,0.73215085,-0.22784913,-0.37784913,1.2521509,-0.10784912,0.4721509,1.4821509,-1.3078492,0.5221509,1.5821509,0.92215085,0.42215088,2.022151,1.6921508,0.05215088,-2.377849,0.84215087,0.65215087,-0.90784913
-0.26784912,-0.47784913,-0.24784912,0.4121509,1.2421509,-0.07784912,1.0321509,-1.0278491,-2.5078492,-0.0078491215,0.22215088,0.8921509,1.5521508,2.332151,3.352151,3.272151,1.5921509,2.102151,1.9921509,1.1221509,1.0121509,1.3321509,-0.34784913,-0.58784914,1.4821509,1.3121508,0.30215088,2.042151,1.8721509,2.332151,2.6821508,3.792151,0.6421509,-1.0978491,-2.2878492,0.5021509,1.9121509,1.1421509,-0.38784912,-0.52784914,-1.1678491,0.7521509,-0.43784913
-0.18784912,1.3721509,0.7621509,1.1421509,1.1421509,1.9321508,1.6421509,-0.2778491,1.1121509,-0.05784912,1.0221509,1.0621508,0.60215086,1.9221509,2.5121508,1.2521509,0.4121509,1.0221509,1.0321509,-1.2278491,-2.447849,-3.3278491,-2.647849,-1.7978492,-0.10784912,0.45215088,-0.47784913,0.21215087,1.5821509,3.4321508,0.5221509,3.0121508,-2.187849,-2.687849,-1.7478491,-1.4678491,0.10215088,-0.89784914,-0.96784914,-0.7378491,-0.65784913,0.46215087,-0.7878491
0.05215088,1.0921509,0.60215086,0.49215087,0.21215087,-0.84784913,-0.08784912,0.6221509,0.21215087,1.3821509,2.072151,-0.5378491,0.05215088,1.3821509,0.24215087,-0.43784913,0.5621509,0.08215088,-0.017849121,-1.6078491,-3.7678492,-2.7578492,-2.3378491,-1.0778491,-1.6878492,-2.0578492,-1.6878492,-2.437849,-1.9678491,-3.427849,-4.297849,-5.1378493,-3.0078492,-2.5078492,-1.5178491,-2.3278491,-1.3778491,-2.0578492,-2.467849,-0.83784914,-0.52784914,-0.5078491,-0.57784915
0.42215088,1.0921509,0.97215086,1.2621509,0.73215085,0.17215088,0.21215087,0.3521509,-0.45784912,-0.71784914,-1.3678491,0.22215088,-0.52784914,0.6321509,0.6121509,0.06215088,0.042150877,-0.29784912,-1.3778491,-1.9478492,-1.4478492,-2.5578492,-1.4778491,-2.647849,-1.7978492,-1.9978491,-2.197849,-2.5278492,-1.5678492,-3.5578492,-3.717849,-2.967849,-2.147849,-2.367849,-2.0078492,-2.727849,-2.0778491,-3.0778491,-3.0178492,-1.7778491,-2.877849,-2.377849,-1.2478491
1.9521508,0.53215086,1.1821508,1.4821509,2.542151,0.9921509,0.8221509,0.9521509,0.73215085,0.29215088,0.3521509,0.36215088,-0.28784913,-0.0078491215,1.4021509,0.6221509,0.40215087,-0.18784912,-0.9978491,-2.137849,-3.0378492,-2.8578491,-3.147849,-2.977849,-2.677849,-2.8578491,-2.387849,-3.437849,-3.8578491,-3.0678492,-2.8178492,-2.127849,-1.7278491,-2.3578491,-3.417849,-3.7578492,-2.197849,-3.3378491,-2.467849,-1.9878491,-2.637849,-1.4478492,-0.90784913
1.2621509,1.0321509,0.7021509,2.022151,2.612151,2.2321508,1.6421509,1.4921509,1.5221509,0.8721509,0.7121509,1.2521509,-0.6878491,0.39215088,0.39215088,1.4021509,0.8721509,-1.0378491,-0.8078491,-1.9378492,-1.9378492,-2.647849,-2.887849,-2.877849,-2.407849,-2.7578492,-2.4878492,-2.457849,-2.0878491,-2.8378491,-2.5878491,-2.2678492,-2.7578492,-3.5778491,-3.8278491,-2.447849,-3.0178492,-2.977849,-2.5678492,-2.417849,-1.2278491,-2.407849,-0.8078491
