wind_kz.json
{"header": {"discipline":0,"disciplineName":"Meteorological products","gribEdition":2,"gribLength":1102,"center":7,"centerName":"US National Weather Service - NCEP(WMC)","subcenter":0,"refTime":"2024-02-02T06:00:00.000Z","significanceOfRT":1,"significanceOfRTName":"Start of forecast","productStatus":0,"productStatusName":"Operational products","productType":1,"productTypeName":"Forecast products","productDefinitionTemplate":0,"productDefinitionTemplateName":"Analysis/forecast at horizontal level/layer at a point in time","parameterCategory":2,"parameterCategoryName":"UnknownDiscipline_0_Category_2","parameterNumber":2,"parameterNumberName":"UnknownParameter_D0_C2_2","parameterUnit":"Unknown","genProcessType":2,"genProcessTypeName":"Forecast","forecastTime":120,"surface1Type":103,"surface1TypeName":"Specified height level above ground","surface1Value":10.0,"surface2Type":255,"surface2TypeName":"Missing","surface2Value":0.0,"gridDefinitionTemplate":0,"gridDefinitionTemplateName":"Latitude_Longitude","numberPoints":615,"shape":6,"shapeName":"Earth spherical with radius of 6,371,229.0 m","gridUnits":"degrees","resolution":48,"winds":"true","scanMode":64,"nx":41,"ny":15,"basicAngle":0,"lo1":47.0,"la1":41.0,"lo2":87.0,"la2":55.0,"dx":1.0,"dy":1.0}, "data":
[rows 0 to 14 of 15, columns 0 to 40 of 41]
3.295652,0.5256519,-1.1243482,-8.074348,-3.5243483,5.435652,8.845652,8.065652,7.885652,9.375652,10.165652,10.285652,10.615652,10.815652,9.375652,8.545651,6.355652,5.895652,2.485652,5.865652,5.445652,0.24565186,1.6256518,-2.7943482,-1.8143481,-1.8943481,-3.964348,-3.4143481,-0.7343481,0.18565185,-0.57434815,0.48565185,0.23565185,-0.25434816,0.74565184,1.3256519,2.265652,2.825652,3.005652,2.8556519,2.535652
2.9556518,-0.9243481,-2.974348,1.7556518,5.185652,8.425652,9.495652,9.335651,11.645652,11.855652,11.745652,10.845652,9.885652,9.335651,8.505651,8.045651,8.725652,5.0956516,6.665652,5.4956517,5.275652,3.9356518,2.9456518,-2.6643481,-1.5143481,-0.70434815,-0.84434813,-1.3443482,0.32565185,-1.6743481,0.36565185,-0.28434813,1.1656518,-0.83434814,0.13565186,0.60565186,1.2656518,0.59565187,0.21565185,0.8356519,0.87565184
-0.70434815,1.1956519,6.375652,10.145652,9.615652,8.595652,9.4656515,10.635652,12.095652,11.735652,11.335651,11.195652,8.745652,10.475652,8.835651,7.025652,7.255652,6.945652,5.5356517,5.135652,5.115652,4.5556517,4.665652,2.735652,-0.89434814,1.3056519,-1.9043481,-3.3643482,-1.8243481,-0.34434813,-0.57434815,1.2456518,-0.6643481,0.44565186,0.9456518,1.4456519,-0.054348145,0.11565185,-1.0943482,1.3056519,1.0156518
0.73565185,5.365652,11.125652,10.945652,10.005651,9.295651,9.875652,10.285652,12.105652,13.995652,13.285652,13.615652,14.635652,14.2156515,9.455652,7.465652,7.335652,5.4556518,5.775652,4.255652,4.2256517,1.2556518,-0.36434814,4.585652,2.7256517,5.185652,-2.514348,-3.7843482,-0.47434816,-2.8143482,-5.5443482,-5.9643483,-4.9043484,-1.6143482,-0.83434814,-1.2243482,-0.50434816,1.4056518,-1.5843482,0.31565186,-0.95434815
3.555652,5.7656517,9.385652,9.165652,8.025652,8.925652,10.195652,12.505651,13.475652,13.105652,14.745652,14.595652,16.56565,14.805652,13.565652,7.2256517,5.8056517,6.0956516,6.045652,4.105652,5.5556517,5.9956517,1.9456519,0.50565183,-3.954348,-1.3443482,0.26565185,-2.5743482,-7.824348,-4.2943482,-1.2843481,-1.4643482,-0.7343481,0.54565185,-0.7243481,-1.5143481,-0.74434817,-1.4543481,-0.56434816,-0.044348143,0.5856519
3.775652,6.645652,7.525652,7.7656517,9.005651,9.695652,11.765652,12.635652,12.665652,12.625652,14.165652,13.535652,14.525652,14.045651,10.235652,6.415652,3.1556518,4.135652,3.6356518,5.0756516,6.835652,4.625652,1.1756519,-1.7343482,-4.244348,-6.9243484,-5.0443482,-4.344348,-6.744348,-4.164348,-5.334348,-3.764348,-2.964348,-2.174348,-1.0143481,-7.4843483,0.44565186,-4.7343483,-1.0143481,-0.71434814,-1.2943481
5.695652,6.045652,7.215652,8.645652,9.145652,10.295651,12.485652,12.595652,11.655652,11.435652,12.485652,10.475652,9.545651,5.675652,4.885652,3.755652,2.525652,1.8956518,1.5456519,5.2256517,5.4756517,0.33565184,-3.174348,-6.0443482,-7.864348,-7.204348,-5.064348,-5.134348,-5.724348,-3.6543481,-3.5943482,-4.4243484,-3.6343482,-5.574348,-6.1943483,-1.4443481,-0.19434814,1.1256518,-3.224348,1.7856518,-1.3243481
3.255652,5.215652,7.585652,9.045651,9.545651,10.735652,11.7156515,10.255651,9.625652,7.7056518,6.2456517,3.9056518,-0.9243481,-0.44434816,-0.8043482,-0.7943481,-0.014348145,0.8856518,4.7056518,3.1956518,-0.88434815,-3.0343482,-2.8143482,-5.064348,-4.614348,-2.754348,-2.3643482,-2.5843482,-3.2943482,-1.7943481,-3.0343482,-3.8743482,-2.724348,-1.0843482,-1.7943481,-1.1043482,-0.12434814,-1.0743481,-8.334348,-11.494349,-2.694348
3.1056519,5.5156517,7.915652,7.695652,8.985652,10.605652,10.825652,8.155652,2.6356518,2.1856518,-0.32434815,-1.7343482,-3.204348,-3.254348,-1.9743482,-0.78434813,1.0156518,4.335652,3.1756518,1.1556518,-4.6743484,-2.8443482,-3.174348,-2.8043482,-2.3543482,-4.764348,-3.0243483,-3.3643482,-1.0743481,-1.9043481,-0.69434816,-0.13434814,0.8956519,-1.6043482,-2.6543481,-5.2743483,0.96565187,-0.18434815,-1.9943482,-0.74434817,-0.59434813
3.295652,4.7856517,6.385652,6.865652,8.235652,9.555652,8.405652,5.635652,-0.29434815,-0.6743481,-1.2443482,-2.2843482,-2.494348,-0.29434815,-0.21434814,0.87565184,2.9156518,1.8556519,0.44565186,-0.63434815,-2.254348,-2.3543482,-2.704348,-2.3143482,-2.944348,-3.754348,-0.74434817,-3.1443481,-0.9843481,-0.76434815,0.13565186,0.91565186,-0.53434813,-2.694348,-2.014348,-1.6343482,-1.3443482,-0.9243481,-0.11434814,-0.6143482,-1.6043482
3.325652,4.115652,4.7056518,5.4956517,6.415652,7.4956517,6.2056518,-0.23434815,-0.19434814,-0.69434816,0.09565186,1.0556519,0.06565186,0.5256519,2.525652,1.1256518,-1.2643481,-1.8843482,-3.2943482,-3.674348,-4.834348,-5.204348,-4.7343483,-4.454348,-2.2843482,-2.8343482,-2.0343482,-1.0343481,-1.2243482,-1.6043482,-1.9743482,-4.344348,-4.064348,-2.2843482,-2.3643482,-1.0943482,-0.33434814,-0.9743481,-0.6143482,-0.23434815,-0.15434815
1.9156518,3.315652,4.175652,4.945652,5.275652,5.815652,4.715652,1.0256518,0.34565187,-1.1843481,0.61565185,1.9456519,1.9056518,2.1656518,-1.7943481,-2.5643482,-3.474348,-3.484348,-5.284348,-5.134348,-6.034348,-4.784348,-5.494348,-4.2343483,-3.6143482,-2.224348,-2.3243482,-2.3443482,-3.004348,-3.3043482,-3.454348,-4.114348,-3.1443481,-3.3243482,-1.0543481,-0.78434813,-0.034348145,-0.51434815,-0.52434814,-0.64434814,-1.0743481
2.275652,2.4256518,3.035652,4.0556517,3.9556518,4.295652,4.335652,-1.8843482,-3.5743482,-0.9843481,-1.6143482,-3.0543482,-4.6743484,-4.814348,-4.344348,-4.9043484,-4.594348,-4.7143483,-4.574348,-4.2743483,-4.414348,-4.0243483,-2.974348,-4.2543483,-2.5643482,-2.744348,-4.224348,-4.744348,-3.6443481,-3.6243482,-3.764348,-3.9143481,-3.7943482,-3.264348,-1.9043481,-2.3343482,-1.9143481,-1.3843482,-2.474348,-1.4743482,-1.2443482
1.8056519,2.1756518,4.025652,3.6056519,3.9456518,3.9456518,1.6256518,-2.1643481,-1.6043482,-2.8143482,-2.494348,-4.394348,-3.6443481,-4.4843483,-4.9043484,-5.064348,-5.2343483,-5.224348,-5.454348,-5.114348,-4.744348,-4.894348,-5.344348,-5.164348,-5.054348,-4.7143483,-4.5443482,-3.7943482,-3.5543482,-3.734348,-3.744348,-3.2743483,-2.684348,-3.1643481,-2.434348,-2.254348,-2.3443482,-2.0643482,-0.94434816,-1.7043481,-0.90434813
1.1156518,3.025652,3.735652,2.6056519,3.5856519,3.555652,3.3456519,-1.4643482,-2.254348,-2.0643482,-0.7943481,-2.244348,-3.434348,-2.4143481,-4.1743484,-4.614348,-4.974348,-5.014348,-4.134348,-5.2943482,-5.134348,-5.494348,-4.974348,-5.354348,-4.814348,-4.364348,-4.0243483,-3.6243482,-3.6643481,-3.5743482,-3.6343482,-3.0243483,-2.724348,-2.3143482,-1.6543481,-1.9343481,-1.1343482,-2.1243482,-2.194348,-1.1343482,0.20565185
