wind_kz.json
{"header": {"discipline":0,"disciplineName":"Meteorological products","gribEdition":2,"gribLength":1102,"center":7,"centerName":"US National Weather Service - NCEP(WMC)","subcenter":0,"refTime":"2023-08-28T00:00:00.000Z","significanceOfRT":1,"significanceOfRTName":"Start of forecast","productStatus":0,"productStatusName":"Operational products","productType":1,"productTypeName":"Forecast products","productDefinitionTemplate":0,"productDefinitionTemplateName":"Analysis/forecast at horizontal level/layer at a point in time","parameterCategory":2,"parameterCategoryName":"UnknownDiscipline_0_Category_2","parameterNumber":3,"parameterNumberName":"UnknownParameter_D0_C2_3","parameterUnit":"Unknown","genProcessType":2,"genProcessTypeName":"Forecast","forecastTime":60,"surface1Type":103,"surface1TypeName":"Specified height level above ground","surface1Value":10.0,"surface2Type":255,"surface2TypeName":"Missing","surface2Value":0.0,"gridDefinitionTemplate":0,"gridDefinitionTemplateName":"Latitude_Longitude","numberPoints":615,"shape":6,"shapeName":"Earth spherical with radius of 6,371,229.0 m","gridUnits":"degrees","resolution":48,"winds":"true","scanMode":64,"nx":41,"ny":15,"basicAngle":0,"lo1":47.0,"la1":41.0,"lo2":87.0,"la2":55.0,"dx":1.0,"dy":1.0}, "data":
[rows 0 to 14 of 15, columns 0 to 40 of 41]
3.9654467,1.3954468,0.18544678,-0.9945532,-3.4045532,-5.074553,-6.7745533,-3.9145532,-4.6545534,-5.244553,-6.244553,-6.4445534,-6.094553,-5.824553,-3.9245532,-2.8245533,-2.4945533,-5.4045534,-5.604553,2.6054468,-4.284553,-2.5145533,-2.4245532,-6.4645534,2.8154469,0.8154468,0.5754468,0.8354468,-3.0945532,1.6054468,0.06544678,-1.0445533,1.4654468,4.2254467,0.5054468,-1.9545532,-4.2745533,-3.2645533,-0.4945532,-2.5645533,-1.7745532
-1.5445533,2.285447,0.73544675,-2.3345532,-2.8345532,-4.7945533,-5.454553,-5.3645535,-4.9045534,-5.2145534,-5.744553,-5.5845532,-5.304553,-6.1345534,-5.284553,-5.1945534,-4.0045533,-3.0045533,-0.43455324,-3.8945532,-0.52455324,5.2454467,5.295447,2.9854467,1.7154468,2.775447,1.9354467,1.6054468,-1.5645533,2.0654469,-0.15455322,2.3554468,-0.8845532,-0.6645532,2.0954468,2.8854468,0.32544678,4.795447,1.9754468,1.0554467,0.73544675
0.18544678,2.535447,-0.7445532,-2.6745532,-4.3645535,-3.4345531,-3.5945532,-5.0845532,-4.224553,-5.2145534,-5.3145533,-4.684553,-4.5245533,-5.9045534,-7.034553,-6.2745533,-4.974553,-2.7345533,-3.4345531,-2.5545533,-7.454553,-3.3245533,2.0454469,8.195447,7.835447,-1.7745532,-4.144553,-5.6545534,-3.7445533,-2.0645533,0.6954468,0.3854468,-2.4045532,1.0254468,1.2354468,-0.014553223,-2.5045533,0.16544677,-1.1145532,0.84544677,-0.31455323
-1.4045532,0.16544677,-2.1045532,-3.6645532,-2.8745532,-5.414553,-6.684553,-6.994553,-6.534553,-4.6745534,-4.7945533,-4.6345534,-4.284553,-2.6945531,-4.1745534,-4.514553,-3.8845532,-2.964553,-2.3645532,-1.9245533,0.6854468,-1.0645533,-3.0745533,6.8654466,4.0554466,-2.4145532,-2.3145533,-4.1145535,-4.144553,-4.9845533,1.0854468,1.0554467,1.7954468,-0.53455323,-1.5045532,-0.21455322,-2.3845532,0.21544677,-1.7545532,-2.1845531,-2.7445533
0.6154468,0.91544676,0.06544678,-2.4545531,-4.624553,-6.034553,-6.624553,-6.054553,-5.7145534,-5.4645534,-5.4245534,-7.624553,-8.844553,-4.3845534,-1.1245532,-1.1645532,-1.8145533,-2.2545533,-2.3845532,-1.4145532,-0.24455322,-0.65455323,-3.6445532,-0.24455322,8.255446,10.815447,11.635447,1.5654467,-0.11455322,2.4454467,-2.5045533,-2.3545532,-2.2645533,-0.5445532,0.78544676,1.5954468,0.79544675,-0.84455323,-0.6745532,-1.0545533,-3.1845531
-0.24455322,3.9854467,5.985447,3.1854467,-2.8745532,-4.5645533,-3.7845533,-5.6545534,-6.434553,-5.7745533,-3.974553,-4.124553,-5.3345532,-3.5045533,-1.6545532,-1.8345532,-3.0845532,-1.0245532,-0.06455322,-0.43455324,1.0654467,1.4454467,1.8354468,-0.35455322,3.3354468,3.7154467,-0.64455324,5.045447,1.5454468,2.9754467,0.37544677,-1.1245532,-3.9045532,-2.6745532,-1.6245532,6.2054467,-2.2645533,3.9354467,1.3254467,0.45544678,0.14544678
-2.0045533,-2.2645533,-2.9245532,-4.6745534,-6.014553,-7.094553,-6.804553,-6.684553,-9.234553,-6.724553,-4.9845533,-3.9945533,-1.5045532,-4.724553,-3.5345533,-1.3845532,-1.1945533,1.2954468,0.4454468,1.1754467,1.3754468,2.0454469,4.8454466,5.4154468,0.98544675,7.565447,1.3554468,2.4654467,6.9554467,4.5554466,3.5154467,2.9254467,2.9554467,3.0854468,2.785447,-0.53455323,-1.6845533,0.5254468,1.4054468,2.9154468,1.8554468
-3.9445531,-5.0645533,-5.574553,-5.374553,-6.0645533,-7.1745534,-6.5645533,-7.2345533,-6.0645533,-7.474553,-6.6545534,-5.224553,-4.9645534,-3.6245532,-2.0545533,-3.3645532,-1.6645532,2.7454467,1.8654468,3.0954468,3.2954469,2.6454468,5.0554466,6.3254466,5.4154468,6.255447,7.695447,2.8054469,4.545447,8.195447,5.1354465,4.445447,3.1554468,2.1854467,1.3154467,-0.43455324,-1.8245533,-1.9845532,-2.1845531,1.0554467,3.6754467
-3.9045532,-4.7145534,-5.324553,-5.9845533,-6.5245533,-6.8645535,-7.284553,-7.994553,-6.784553,-6.434553,-5.0245533,-5.3845534,-4.1745534,-4.1345534,-2.214553,0.30544677,-0.2745532,1.7754468,5.0954466,5.275447,3.1454468,2.4954467,5.5354466,6.3854465,6.925447,6.6854467,8.4254465,6.695447,7.7254467,4.0354466,6.085447,6.2854466,4.3454466,2.8254468,2.2554467,3.2254467,1.3254467,-1.1245532,2.6454468,1.8554468,0.9454468
-5.434553,-5.094553,-5.124553,-5.894553,-6.594553,-7.014553,-7.304553,-8.404553,-8.254553,-6.164553,-5.344553,-4.6745534,-4.574553,-2.9545531,-1.4345533,1.0554467,4.0954466,4.645447,4.6154466,6.0954466,4.965447,4.175447,2.8354468,6.6354465,6.1654468,7.4754467,5.7254467,5.085447,9.665447,7.215447,6.695447,4.375447,3.3754468,4.005447,3.0754468,0.19544677,0.6154468,-0.9845532,-0.41455323,0.005446777,0.7654468
-4.1745534,-5.1745534,-6.4845533,-6.3345532,-6.854553,-7.354553,-7.954553,-8.254553,-8.134553,-6.8845534,-5.434553,-6.6545534,-6.3345532,-4.164553,-2.0445533,2.4554467,8.305447,4.3854465,5.2054467,6.3854465,6.025447,5.375447,1.4154468,2.1854467,1.5154468,6.905447,1.4354467,4.565447,7.1354465,6.0354466,6.6354465,3.7154467,1.6654468,1.4754468,2.0454469,0.97544676,0.24544677,0.5054468,0.27544677,-0.8545532,-0.15455322
-4.8145533,-5.3645535,-5.874553,-7.284553,-7.2545533,-7.724553,-7.5845532,-6.824553,-8.594553,-8.484553,-6.7145534,-8.0745535,-7.6145535,-6.8345532,-4.014553,1.3154467,8.385447,4.145447,7.1154466,6.1154466,2.525447,4.1354465,2.5754468,2.9354467,3.8354468,0.8754468,2.7454467,-0.82455325,2.2654467,8.705447,5.2054467,4.025447,2.8354468,2.3554468,0.4154468,-1.0645533,-1.5845532,-1.5745533,-1.1345532,-1.2645532,-0.8145532
-4.664553,-6.354553,-6.7945533,-6.5045533,-7.184553,-6.0245533,-8.3245535,-8.354553,-10.914554,-8.024553,-5.0845532,-6.6345534,-7.204553,-5.8345532,-1.8145533,2.7454467,2.6054468,4.405447,5.175447,3.9154468,4.215447,2.8954468,2.8554468,3.5154467,4.525447,2.6254468,0.29544678,-1.0145532,0.33544677,6.4754467,5.3454466,4.655447,3.7254467,2.4954467,1.4054468,0.65544677,0.6954468,0.5654468,-0.124553226,-0.38455322,0.40544677
-6.0645533,-6.284553,-6.954553,-7.304553,-7.9845533,-8.384553,-8.244554,-8.564553,-8.184553,-8.494554,-4.7345533,-2.7545533,-2.9545531,-1.7745532,-2.2545533,-2.6145532,1.0154468,2.0854468,2.6654468,5.3454466,5.215447,3.1854467,2.0154467,3.4254467,2.0954468,3.0854468,2.3054469,3.2654467,2.7154467,5.625447,5.125447,4.065447,2.785447,2.1154468,2.0154467,0.84544677,-0.64455324,-1.7845532,-1.4945532,-0.58455324,-2.4845533
-4.0045533,-6.3145533,-6.9845533,-6.934553,-7.8345532,-7.954553,-9.144553,-8.694553,-8.094553,-7.724553,-4.844553,-5.604553,-2.1045532,-2.0545533,1.8354468,0.27544677,0.72544676,0.8854468,1.2954468,2.4154468,3.5654469,3.8754468,3.775447,4.125447,3.9854467,2.7454467,2.1954467,3.6954467,5.295447,4.045447,3.4854467,2.6154468,2.3954468,1.6354468,0.97544676,0.5054468,0.5854468,1.0754467,1.2154468,0.71544677,-1.4945532
