wind_kz.json
{"header": {"discipline":0,"disciplineName":"Meteorological products","gribEdition":2,"gribLength":1025,"center":7,"centerName":"US National Weather Service - NCEP(WMC)","subcenter":0,"refTime":"2023-08-07T00:00:00.000Z","significanceOfRT":1,"significanceOfRTName":"Start of forecast","productStatus":0,"productStatusName":"Operational products","productType":1,"productTypeName":"Forecast products","productDefinitionTemplate":0,"productDefinitionTemplateName":"Analysis/forecast at horizontal level/layer at a point in time","parameterCategory":2,"parameterCategoryName":"UnknownDiscipline_0_Category_2","parameterNumber":2,"parameterNumberName":"UnknownParameter_D0_C2_2","parameterUnit":"Unknown","genProcessType":2,"genProcessTypeName":"Forecast","forecastTime":120,"surface1Type":103,"surface1TypeName":"Specified height level above ground","surface1Value":10.0,"surface2Type":255,"surface2TypeName":"Missing","surface2Value":0.0,"gridDefinitionTemplate":0,"gridDefinitionTemplateName":"Latitude_Longitude","numberPoints":615,"shape":6,"shapeName":"Earth spherical with radius of 6,371,229.0 m","gridUnits":"degrees","resolution":48,"winds":"true","scanMode":64,"nx":41,"ny":15,"basicAngle":0,"lo1":47.0,"la1":41.0,"lo2":87.0,"la2":55.0,"dx":1.0,"dy":1.0}, "data":
[rows 0 to 14 of 15, columns 0 to 40 of 41]
-1.4223046,-1.1223047,2.3076954,-0.20230469,-1.7623047,-7.2123046,-5.2923045,-7.262305,-7.3323045,-3.1523046,-3.3023047,-3.4623046,-1.7923046,-1.1323047,-1.7623047,-2.0323048,-2.4723046,-1.8923047,-2.3623047,-0.2923047,0.8376953,0.6976953,0.2076953,-0.3323047,0.14769532,-1.9523047,-2.7923048,0.22769532,-0.092304684,1.2176954,1.1776953,1.4176953,2.5676954,1.3476954,2.3076954,1.6476953,1.5576953,2.7376952,-1.3123047,-3.1023047,-3.3123047
2.0876954,0.46769533,-3.8923047,-4.9023046,-7.3023047,-6.7123046,-4.7723045,-6.932305,-3.8923047,-3.8623047,-3.2923048,-2.8123047,-0.82230467,-1.1823047,-0.9423047,-2.9523046,-2.2423048,-2.4523046,-2.5523047,-1.7623047,-1.7323047,-1.0923047,-0.7923047,-2.5723047,0.11769531,1.0976954,-0.34230468,1.3776953,-1.7523047,1.3176953,0.79769534,0.5076953,-0.28230467,-0.76230466,0.54769534,0.3576953,-0.4723047,1.2476953,-0.46230468,-0.2623047,3.6176953
-0.6523047,-5.6123047,-8.122305,-7.2323046,-6.032305,-4.5723047,-4.1523046,-1.8423047,-4.0223045,-3.1823046,-3.2623048,-2.3623047,-1.1023047,-2.3623047,-3.3323047,-2.7123046,-2.8323047,-2.1723046,-1.7023047,-1.9623047,-1.3423047,-2.5623047,-5.222305,-3.4023046,2.2976954,1.3676953,2.4776952,3.4576952,-2.6423047,-0.03230469,-0.122304685,1.6776953,-0.5223047,-0.27230468,0.43769532,-1.3423047,-0.9323047,-0.03230469,4.2276955,2.7676954,1.4976953
-6.262305,-8.012304,-6.7123046,-6.4023046,-6.0823045,-4.702305,-3.1323047,-3.9323046,-2.7923048,-1.9223046,-2.8723047,-3.4523046,-3.3623047,-3.4523046,-3.3423047,-2.6723046,-2.8623047,-3.2523048,-2.5623047,-2.3123047,-3.1623046,-2.6923046,2.0876954,-0.4823047,-0.7123047,-0.8423047,0.2976953,-0.57230467,0.8876953,2.1476953,-0.88230467,-1.4523047,0.06769531,-3.9123046,-6.2723045,-3.2423048,-1.6023047,1.3376954,-0.1523047,-0.6023047,0.7576953
-6.762305,-9.872305,-10.422305,-10.002305,-6.6023045,-4.9023046,-4.472305,-2.3323047,-1.4023046,-0.64230466,-0.4523047,-1.8923047,-1.3323047,-1.0123047,-1.0823047,-1.9923047,-3.0623047,-2.1523046,-1.7623047,-2.9323046,-2.8123047,-1.9823047,-1.5623047,-1.6423047,-0.8023047,0.2776953,-2.8023047,-0.8323047,0.9176953,0.2376953,-2.6723046,-0.70230466,-2.1423047,2.6776953,2.2576952,0.5276953,1.9476953,-2.1423047,1.7176954,1.0276953,4.987695
-6.5023046,-6.202305,-8.162305,-6.7523046,-5.5823045,-4.2723045,-3.2623048,-3.1723046,-2.8423047,-1.7623047,-1.1823047,1.8176953,0.67769533,-2.4023046,-3.6923046,-2.9823046,-2.7223046,-1.7623047,-2.8923047,-1.6123047,-2.2323046,-1.5223047,-0.3323047,-0.6023047,0.3676953,-0.6223047,-0.7723047,-4.122305,-4.2123046,-4.4223046,-3.4923048,-3.9323046,-0.7523047,-1.3523047,0.40769532,2.7876954,3.0676954,2.7176952,8.247695,2.6776953,1.5076953
-4.9023046,-4.702305,-4.1323047,-4.142305,-3.3223047,-2.4623046,-2.6223047,-0.8323047,-2.1523046,-1.7923046,-1.7423047,-6.5223045,-5.5423045,-5.622305,-3.4223046,-2.9823046,-2.8823047,-2.7623048,-2.3623047,-1.6523046,-0.9623047,-0.19230469,-0.40230468,0.14769532,0.21769531,-0.7223047,-2.9623046,-3.4523046,-4.472305,-4.1523046,-4.4823046,-4.1723046,-2.2223046,-1.6823047,2.1576953,1.1276953,-1.1123047,1.0376953,2.2676954,2.6176953,3.0276954
-4.0523047,-3.9223046,-3.0423048,-1.5023047,-3.0323048,-2.4123046,-2.4723046,-3.0523047,-3.0423048,-4.5523047,-5.702305,-6.7123046,-4.782305,-4.952305,-3.0423048,-1.9823047,-1.8023047,-1.1123047,-1.3923047,-0.76230466,0.2376953,-0.7223047,-0.3823047,-0.24230468,-0.6823047,-1.2123047,-1.4023046,-1.5323046,-1.3523047,-3.5823047,-4.1323047,-2.0323048,-0.6023047,-0.7323047,-0.9223047,1.2976953,4.6176953,7.5176954,6.7476954,7.4576955,2.6576953
-3.8723047,-3.6423047,-3.7323046,-3.9623046,-3.6623046,-2.9823046,-3.3223047,-2.8823047,-3.4623046,-2.9223046,-4.0623045,-4.0023046,-3.9423046,-2.8223047,-2.3423047,-0.7923047,-0.4223047,-0.0023046874,-1.0623047,-1.0623047,-1.2623047,-1.3423047,-1.3423047,-0.05230469,-0.95230466,-2.0523047,-2.1323047,-1.9323047,-1.1223047,-1.7023047,-0.22230469,-0.7723047,1.7176954,1.5276953,1.8176953,1.9976953,1.4576954,-0.8323047,2.0176954,0.31769532,0.4276953
-4.5523047,-4.0723047,-3.8223047,-3.5323048,-3.7423048,-3.1623046,-3.2123046,-2.3423047,-2.1023047,-3.7223046,-3.5223048,-4.8323045,-3.7623048,-3.6323047,-1.5923047,-0.9423047,-0.17230469,-0.122304685,-1.2623047,-1.5023047,-1.9823047,-0.88230467,-1.3723047,-0.31230468,-0.7223047,-0.9223047,-0.6223047,-1.3123047,-0.5523047,0.4476953,1.9476953,2.2576952,2.4076953,1.6276953,2.8476954,3.7476952,1.1776953,1.7476953,1.9476953,0.027695313,2.7376952
-3.8523047,-3.7923048,-3.6323047,-3.4323046,-2.8023047,-3.4623046,-2.6423047,-1.5723047,-3.3923047,-3.5423048,-2.7623048,-2.8023047,-3.1023047,-2.6023047,0.25769532,-0.40230468,0.2676953,1.5276953,-0.022304688,-0.70230466,1.0976954,1.1976953,1.4776953,0.98769534,0.8876953,1.0776954,1.7976953,1.6776953,2.4076953,2.2876954,3.2676954,3.0876954,3.8676953,1.9676954,2.7176952,1.3876953,0.67769533,0.9576953,0.8176953,0.027695313,0.6876953
-2.2923048,-2.2023046,-2.5023048,-3.3823047,-3.3223047,-2.4323046,-2.1723046,-2.3823047,-2.2923048,-2.3723047,-2.2423048,-1.8823047,-2.7223046,-1.5623047,0.5076953,0.4276953,1.4176953,1.5176953,0.3976953,1.2876953,0.5076953,1.2976953,1.4776953,1.5376953,1.6576953,1.0076953,1.0376953,1.6176953,2.8876953,2.1576953,3.6176953,3.5576954,2.1676953,2.9376953,2.3176954,2.2976954,1.9376953,2.0876954,1.9676954,0.47769532,1.0476953
-2.5523047,-2.1523046,-3.1423047,-3.3423047,-2.4623046,-1.8523047,-2.1923046,-1.8523047,-2.3323047,-1.5723047,-0.8423047,-0.9923047,-0.8323047,-1.0023047,-0.27230468,1.0076953,0.8076953,0.3076953,-0.10230469,-0.14230469,-0.3223047,1.0876954,2.1876953,1.5476953,2.5276954,2.8276954,2.9576952,2.5976954,2.7476952,2.8076954,3.3876953,4.5176954,3.4276953,2.8976953,3.0576954,2.6976953,2.2976954,1.1476953,1.5376953,1.2576953,0.2676953
-2.7523048,-2.3423047,-3.1023047,-3.3123047,-2.4523046,-2.3923047,-1.6423047,-2.3323047,-0.3623047,-1.7023047,-1.4823047,-1.4123046,0.18769531,-0.22230469,0.34769532,0.28769532,0.3576953,0.16769531,-0.17230469,0.92769533,1.0276953,1.7776953,1.3976953,1.6476953,0.98769534,2.0676954,2.1576953,2.5376954,2.0776954,3.3676953,3.1176953,2.9476953,3.3776953,3.6876953,2.7976954,3.0976954,2.2576952,1.8276954,1.1776953,1.0576953,0.9576953
-2.6523046,-3.0523047,-2.3023047,-3.1323047,-2.2423048,-2.0923047,-1.1223047,-1.9723047,-2.0323048,-3.2523048,-2.1923046,-1.1023047,-1.1123047,0.25769532,0.43769532,0.19769531,0.2776953,0.4876953,0.15769531,0.9576953,1.2276953,1.6876953,1.8776953,1.5676953,2.1176953,2.5476954,3.0176954,2.8376954,3.1176953,3.0176954,3.3376954,3.4076953,3.0076952,3.1776953,3.3676953,3.5976954,3.2276952,3.2176952,2.5676954,2.0876954,0.13769531
