wind_kz.json
{"header": {"discipline":0,"disciplineName":"Meteorological products","gribEdition":2,"gribLength":1025,"center":7,"centerName":"US National Weather Service - NCEP(WMC)","subcenter":0,"refTime":"2023-08-21T18:00:00.000Z","significanceOfRT":1,"significanceOfRTName":"Start of forecast","productStatus":0,"productStatusName":"Operational products","productType":1,"productTypeName":"Forecast products","productDefinitionTemplate":0,"productDefinitionTemplateName":"Analysis/forecast at horizontal level/layer at a point in time","parameterCategory":2,"parameterCategoryName":"UnknownDiscipline_0_Category_2","parameterNumber":2,"parameterNumberName":"UnknownParameter_D0_C2_2","parameterUnit":"Unknown","genProcessType":2,"genProcessTypeName":"Forecast","forecastTime":240,"surface1Type":103,"surface1TypeName":"Specified height level above ground","surface1Value":10.0,"surface2Type":255,"surface2TypeName":"Missing","surface2Value":0.0,"gridDefinitionTemplate":0,"gridDefinitionTemplateName":"Latitude_Longitude","numberPoints":615,"shape":6,"shapeName":"Earth spherical with radius of 6,371,229.0 m","gridUnits":"degrees","resolution":48,"winds":"true","scanMode":64,"nx":41,"ny":15,"basicAngle":0,"lo1":47.0,"la1":41.0,"lo2":87.0,"la2":55.0,"dx":1.0,"dy":1.0}, "data":
[rows 0 to 14 of 15, columns 0 to 40 of 41]
-4.247746,-0.13774598,2.082254,2.562254,-2.1277459,-4.197746,-7.157746,-7.377746,-7.417746,-3.947746,-3.477746,-4.067746,-3.477746,-2.777746,-1.9377459,-1.877746,-2.267746,-0.927746,-2.237746,-1.8177459,-2.3677459,1.512254,-1.227746,-1.837746,0.622254,-1.5577459,-3.147746,0.32225403,0.372254,-0.05774597,1.242254,0.022254027,2.902254,-1.757746,-4.227746,-3.687746,-2.957746,-3.327746,-4.047746,-1.887746,1.112254
1.742254,0.77225405,-2.337746,-2.437746,-8.067746,-7.027746,-5.937746,-6.107746,-4.287746,-5.7577457,-6.977746,-5.797746,-3.707746,-2.717746,-1.1877459,-2.3877459,-1.6877459,-2.6177459,-2.107746,-0.747746,-1.9277459,-0.59774595,-0.077745974,-2.597746,-0.48774597,0.752254,-0.14774597,1.4322541,-3.237746,-0.39774597,-0.14774597,0.34225404,-0.71774596,-1.477746,0.922254,0.30225402,-0.84774595,0.632254,-0.25774598,0.062254027,-5.117746
-2.177746,-4.187746,-3.297746,-4.267746,-2.477746,-4.347746,-4.917746,-4.607746,-4.177746,-4.357746,-4.127746,-3.337746,-2.157746,-1.637746,-0.54774594,-1.747746,-1.4477459,-0.59774595,-2.187746,-1.267746,-1.387746,-3.357746,-6.237746,-5.067746,-0.70774597,-2.537746,-1.537746,2.322254,-2.307746,-0.25774598,-0.84774595,1.912254,0.38225403,0.09225403,0.022254027,-1.8177459,-0.017745972,0.012254029,3.072254,3.172254,1.5722541
-4.027746,-7.667746,-5.057746,0.83225405,-0.59774595,-3.027746,-3.157746,-2.997746,-2.447746,-0.557746,-2.727746,-1.857746,-0.377746,-0.54774594,0.09225403,0.22225402,-0.64774597,-1.597746,-1.797746,-2.747746,-2.517746,-2.727746,-0.89774597,-3.057746,-2.487746,-2.247746,-3.697746,-5.977746,-3.317746,-2.487746,-1.467746,-1.4477459,1.492254,-0.41774598,-2.297746,-2.027746,-1.587746,1.482254,0.552254,-0.65774596,-1.207746
-5.707746,-6.637746,-7.277746,-7.187746,-5.467746,-3.467746,-3.187746,-2.907746,-0.33774596,-0.90774596,-1.0677459,1.252254,2.142254,1.9222541,2.6222541,2.432254,-1.3077459,-1.837746,-0.85774595,-2.077746,-3.607746,-3.047746,-2.657746,-2.337746,-1.8077459,-3.437746,-3.917746,-3.027746,-2.157746,-3.447746,-3.987746,-2.807746,-1.707746,1.132254,-0.047745973,0.982254,-1.237746,-1.727746,-2.477746,-1.777746,-0.42774597
-3.547746,-3.737746,-3.807746,-3.987746,-2.787746,-0.807746,0.562254,0.84225404,-1.0577459,-1.407746,-0.077745974,-0.65774596,2.962254,4.802254,4.412254,3.252254,1.142254,-1.4477459,-1.267746,0.84225404,-0.25774598,-0.13774598,-1.107746,-1.797746,-0.89774597,-0.38774598,-0.017745972,-2.157746,-2.147746,-3.307746,-2.437746,-0.677746,-0.13774598,-0.697746,-0.35774598,-0.89774597,-0.06774597,1.0722541,2.902254,-0.17774597,-0.30774596
-0.927746,-1.367746,0.53225404,1.142254,3.002254,2.8622541,2.202254,-2.037746,-1.3277459,-0.53774595,0.802254,1.392254,1.4222541,2.462254,1.752254,2.212254,1.112254,-0.29774597,1.392254,0.85225403,1.6922541,2.262254,1.772254,1.252254,1.092254,1.292254,1.042254,1.452254,1.752254,1.632254,2.562254,2.802254,3.272254,0.48225403,-1.047746,-1.877746,-1.3177459,2.532254,-1.417746,1.5622541,-0.767746
-4.247746,-3.8877459,-3.157746,-0.567746,-2.147746,-1.267746,-1.6777459,-0.41774598,0.12225403,1.6822541,1.022254,1.882254,1.3122541,-1.657746,-2.1277459,-2.287746,-1.0777459,1.082254,3.072254,2.902254,3.292254,3.012254,2.992254,1.952254,3.092254,2.142254,3.322254,3.142254,1.852254,1.592254,2.282254,2.922254,1.592254,0.84225404,0.752254,1.662254,0.102254026,-2.327746,-0.30774596,0.42225403,-1.597746
-3.087746,-2.967746,-1.857746,-2.237746,-1.8077459,-0.64774597,-0.65774596,-0.40774596,-1.607746,-2.8877459,-1.517746,-1.407746,-0.937746,-2.827746,-2.6377459,-3.177746,-2.277746,-2.177746,-0.96774596,0.0022540283,0.07225403,0.97225404,0.83225405,1.842254,2.062254,0.84225404,1.4322541,1.3122541,2.6322541,2.082254,2.092254,1.0722541,-0.697746,-2.027746,2.8822541,1.792254,0.26225403,-0.767746,-0.54774594,0.502254,-0.65774596
-2.527746,-1.507746,-1.137746,-2.757746,-3.207746,-2.967746,-2.467746,-2.077746,-3.007746,-1.417746,-0.30774596,-0.11774597,-1.3277459,-2.317746,-4.197746,-3.507746,-3.287746,-2.647746,-1.887746,-2.677746,-2.497746,1.342254,3.012254,3.232254,2.432254,2.6322541,2.6322541,3.232254,4.222254,5.222254,6.862254,3.302254,3.3822541,3.542254,0.91225404,1.712254,-1.9377459,-1.0577459,-0.49774596,1.082254,-0.03774597
-3.3677459,-4.957746,-3.217746,-2.777746,-1.547746,-2.147746,-1.717746,-2.347746,-2.197746,-1.157746,-1.767746,-1.117746,-3.747746,-1.4277459,-1.5577459,-2.067746,-1.6777459,0.922254,0.38225403,0.822254,1.222254,2.012254,1.6922541,2.602254,3.252254,3.482254,4.222254,4.692254,4.312254,5.342254,6.112254,6.002254,4.512254,4.262254,4.332254,0.54225403,1.1822541,0.692254,0.942254,0.33225402,-0.59774595
-2.817746,-2.897746,-2.177746,-0.72774595,0.46225402,-0.507746,0.28225404,-0.27774596,-1.3277459,-2.307746,-1.4277459,0.90225405,-0.97774595,-0.16774598,-0.08774597,0.562254,-0.91774595,0.24225403,0.30225402,0.862254,0.24225403,1.712254,1.5622541,0.922254,1.5522541,2.812254,3.502254,3.562254,4.522254,4.7422543,5.322254,4.462254,4.262254,4.312254,3.6322541,4.402254,4.502254,2.582254,-0.20774597,-0.53774595,0.14225402
-1.5777459,-0.44774598,0.66225404,1.832254,0.932254,-1.587746,-2.977746,-3.107746,-3.267746,-1.0677459,-0.54774594,0.66225404,-0.28774598,-0.937746,0.16225404,0.59225404,0.77225405,0.692254,0.43225402,0.612254,-0.697746,-0.27774596,-0.26774597,0.27225402,1.532254,2.082254,2.762254,4.332254,5.302254,4.652254,5.482254,5.002254,5.342254,4.922254,4.372254,4.582254,4.932254,3.1122541,2.972254,2.412254,2.302254
0.692254,1.372254,-0.05774597,-2.317746,-1.537746,-3.057746,-2.357746,-2.587746,-0.43774596,0.28225404,-0.52774596,0.77225405,1.662254,0.692254,2.212254,0.35225403,0.47225404,0.812254,0.22225402,-0.627746,0.30225402,0.96225405,2.262254,2.732254,2.972254,2.992254,2.662254,4.022254,3.842254,5.522254,5.932254,5.472254,5.802254,6.362254,3.942254,4.082254,3.812254,3.742254,3.642254,2.512254,1.892254
-1.727746,-2.977746,-3.587746,-3.327746,-3.3877459,-2.337746,-0.827746,-0.25774598,1.232254,0.35225403,-0.77774596,-0.20774597,0.83225405,1.772254,2.162254,2.022254,1.952254,2.412254,1.242254,0.682254,0.59225404,1.622254,1.732254,2.692254,3.152254,3.772254,4.002254,4.072254,3.912254,4.102254,4.342254,6.2422543,6.362254,4.982254,5.532254,5.482254,5.062254,4.812254,3.842254,2.1222541,0.79225403
