wind_kz.json
{"header": {"discipline":0,"disciplineName":"Meteorological products","gribEdition":2,"gribLength":1025,"center":7,"centerName":"US National Weather Service - NCEP(WMC)","subcenter":0,"refTime":"2023-09-09T00:00:00.000Z","significanceOfRT":1,"significanceOfRTName":"Start of forecast","productStatus":0,"productStatusName":"Operational products","productType":1,"productTypeName":"Forecast products","productDefinitionTemplate":0,"productDefinitionTemplateName":"Analysis/forecast at horizontal level/layer at a point in time","parameterCategory":2,"parameterCategoryName":"UnknownDiscipline_0_Category_2","parameterNumber":3,"parameterNumberName":"UnknownParameter_D0_C2_3","parameterUnit":"Unknown","genProcessType":2,"genProcessTypeName":"Forecast","forecastTime":300,"surface1Type":103,"surface1TypeName":"Specified height level above ground","surface1Value":10.0,"surface2Type":255,"surface2TypeName":"Missing","surface2Value":0.0,"gridDefinitionTemplate":0,"gridDefinitionTemplateName":"Latitude_Longitude","numberPoints":615,"shape":6,"shapeName":"Earth spherical with radius of 6,371,229.0 m","gridUnits":"degrees","resolution":48,"winds":"true","scanMode":64,"nx":41,"ny":15,"basicAngle":0,"lo1":47.0,"la1":41.0,"lo2":87.0,"la2":55.0,"dx":1.0,"dy":1.0}, "data":
[rows 0 to 14 of 15, columns 0 to 40 of 41]
2.1292799,1.6992798,-0.9307202,7.80928,3.9692798,0.7392798,-1.3307202,-0.6207202,-0.24072021,-0.6007202,-2.2907202,-2.8907201,-3.5507202,-3.9007201,-2.6907203,-5.3507204,-4.15072,-4.59072,-4.32072,-3.4307203,-4.1207204,-3.3707201,-3.9807203,1.3392798,6.1292796,0.10927978,4.30928,2.2292798,-2.6907203,-2.2107203,-2.3407202,2.9592798,-1.8907202,3.1092799,1.1892798,-1.4707202,0.20927979,0.2592798,-2.7407203,-5.7207203,6.4892797
-2.3507202,-2.5507202,7.7992797,6.0092797,4.7992797,0.4492798,0.18927978,-0.8107202,-0.35072023,-1.8607202,-3.9707203,-2.8207202,-1.4707202,-4.3707204,-2.8407202,-3.0507202,-2.7407203,-1.5307202,-2.0507202,-2.67072,-2.4407203,-3.1207201,-2.2407203,-1.0607202,-1.1707202,1.9792798,0.39927977,2.1292799,2.1592798,-2.8607202,-1.3507202,-2.9307203,-0.7607202,2.6892798,1.3492798,2.8192797,-3.2807202,-1.0207202,-0.5007202,-1.3607202,3.4192798
2.33928,5.8792796,4.74928,4.6292796,3.5392797,3.3192797,1.3392798,-0.59072024,-0.19072022,-1.3607202,-2.5007203,-2.92072,-4.19072,-6.0107203,-5.46072,-3.7807202,-4.7207203,-5.2407203,-5.0107203,-4.90072,-3.7507203,-3.2807202,0.35927978,1.2992798,-1.4007202,-2.2307203,0.96927977,0.6192798,-2.6907203,-1.3307202,-0.96072024,-2.5307202,-2.1407201,-0.48072022,-0.20072022,-1.4707202,-2.6107202,-6.29072,-2.8307202,5.3192797,-0.14072022
3.6892798,3.9992797,3.82928,4.21928,3.3792799,2.9992797,1.5492798,0.35927978,-0.8707202,-1.9107202,-2.7107203,-2.8607202,-3.0207202,-4.1407204,-4.75072,-4.2607203,-3.8907201,-5.7007203,-2.7707202,-4.7207203,-4.90072,-2.0007203,-0.080720216,-3.8707201,-4.78072,-3.1307201,0.17927979,0.4492798,2.4892797,1.5692798,2.0392797,-1.6107202,-1.8707203,2.8492799,2.7592797,0.8392798,-2.7907202,-0.8607202,-1.2307202,-2.0407202,-5.00072
2.7192798,2.7692797,2.08928,-0.78072023,-1.8707203,1.0692798,0.90927976,-0.040720213,-1.3407202,-0.90072024,-2.1507201,-3.3907201,-2.1107202,-3.2907202,-3.8407202,-3.2407203,-4.9507203,-5.6007204,-5.78072,-6.1407204,-3.9807203,-1.4907203,-1.5507202,-0.19072022,-0.17072022,-0.4607202,-2.3407202,2.4192798,-1.8907202,2.3892798,3.6892798,1.5292798,1.5192798,0.48927978,0.7692798,0.26927978,0.8092798,1.2892798,1.3592798,-1.8507202,-1.1407202
4.6092796,3.7092798,3.4892797,2.6792798,1.5192798,-0.17072022,-0.6307202,1.0892798,0.049279787,-0.13072021,-1.7907202,-1.6607202,-1.2907202,1.0992798,-3.1807203,-4.86072,-4.65072,-7.25072,-7.1407204,-6.27072,-3.7607203,-3.1807203,-3.1407201,-3.2407203,-2.0907202,-0.78072023,0.19927979,2.3492799,-0.4607202,0.9192798,4.90928,5.8792796,4.5292797,4.13928,-0.33072022,-1.2607203,-1.9707202,-4.15072,4.99928,2.1392798,-0.030720215
3.6092799,2.8692799,4.9892797,5.0692797,3.9892797,4.47928,1.4492798,0.7692798,0.52927977,-0.7407202,-1.2107202,-2.41072,-1.5107203,-2.8707201,-3.6507201,-4.44072,-5.5607204,-5.02072,-5.9707203,-5.71072,-4.69072,-4.03072,-5.0107203,-4.9907203,-3.7107203,-0.14072022,-0.5607202,1.6092798,3.1392798,5.65928,2.7592797,2.82928,5.67928,5.94928,0.8792798,-0.2807202,2.1992798,1.3392798,-0.4007202,3.5492797,-4.3307204
3.58928,3.7792797,3.0992799,3.1192799,2.4492798,1.6492798,2.3792799,1.3992798,1.1492798,-0.42072022,-0.5607202,-0.120720215,-1.5507202,-2.0607202,-4.0807204,-4.7007203,-5.9307203,-6.38072,-6.1007204,-5.8307204,-5.63072,-5.32072,-4.6407204,-4.9707203,-5.84072,-3.3807201,-0.7407202,2.5292797,4.63928,4.8392797,5.09928,4.15928,4.84928,7.53928,3.7692797,0.9292798,-1.9707202,-0.15072021,-0.48072022,-0.6007202,-0.3107202
4.13928,3.7192798,3.5292797,3.2292798,3.2692797,2.9992797,2.3792799,2.33928,0.35927978,0.18927978,0.07927979,-0.6807202,-1.1307203,-3.2707202,-4.55072,-4.63072,-5.3507204,-4.57072,-6.19072,-6.3307204,-4.50072,-7.3107204,-6.8907204,-6.03072,-5.6007204,-5.4107203,1.6992798,1.2292798,3.9192798,1.7392797,5.24928,4.0892797,4.1692796,0.9992798,6.69928,4.8792796,0.96927977,-0.6107202,-2.7807202,-2.0007203,1.3492798
4.84928,4.21928,4.30928,3.58928,3.8092797,3.2592797,2.6692798,2.2592797,2.3792799,0.13927978,0.059279785,-1.2807202,-3.7607203,-3.6907203,-3.6907203,-4.3307204,-5.25072,-4.52072,-4.67072,-4.78072,-4.42072,-6.8307204,-5.6407204,-5.78072,-7.2407203,-3.6307201,-2.3107202,0.23927979,0.9992798,2.5992799,3.7792797,3.0692797,2.0692797,4.30928,2.6992798,3.6792798,-0.040720213,-0.39072022,0.2792798,0.52927977,-0.33072022
5.01928,5.5092797,4.84928,4.2992797,3.8892798,4.19928,3.7292798,2.7192798,2.5292797,2.4292798,1.7492797,-0.9207202,-1.9107202,-3.1107202,-4.19072,-4.1407204,-3.9807203,-5.94072,-4.5807204,-5.34072,-5.65072,-4.4307203,-4.8907204,-5.9907203,-4.28072,-5.30072,-4.57072,1.7692798,2.7992797,4.5892797,3.5292797,3.2392797,3.4892797,0.48927978,0.029279785,-0.38072023,0.8792798,1.9892797,-0.080720216,-0.4607202,0.16927978
4.6692796,5.26928,5.6892796,4.71928,4.3992796,4.38928,4.07928,3.5492797,2.6692798,3.6392798,2.2792797,1.0692798,-0.35072023,-1.5707202,-2.2907202,-3.6407201,-4.52072,-4.4707203,-5.02072,-5.61072,-4.32072,-3.7807202,-2.9307203,-4.98072,-4.13072,-1.9207202,-3.1307201,-2.9307203,1.9192798,2.7092798,1.3392798,0.41927978,0.15927978,0.9892798,1.2792798,2.4392798,2.3592799,2.6292799,1.2792798,2.2392797,0.6492798
4.5892797,5.76928,5.74928,5.32928,4.4192796,3.6092799,4.3792796,4.3992796,4.96928,4.26928,2.0492797,0.8592798,1.2692798,-0.2707202,-2.7507203,-2.1507201,-3.3607202,-3.8707201,-4.69072,-5.1007204,-5.07072,-4.61072,-4.88072,-2.7207203,-4.44072,-3.7307203,-4.7007203,-2.8407202,0.78927976,-0.7907202,0.6192798,0.09927978,-1.7107202,-0.8207202,0.2592798,-1.1607202,1.7292798,0.8592798,1.3392798,-0.030720215,0.15927978
3.9392798,4.5292797,6.76928,6.55928,6.1892796,5.78928,4.9192796,4.5692797,4.1492796,4.7592797,2.6192799,1.4592798,1.8692797,-0.3707202,-0.7307202,-2.2207203,-3.0507202,-3.0307202,-3.2607203,-3.2507203,-4.1807203,-4.50072,-4.4507203,-3.8507202,-3.8707201,-3.9807203,-3.4807203,-3.2907202,-2.2407203,-2.2507203,-2.1107202,-2.9307203,-2.1407201,-3.0307202,-1.6707202,-1.2707202,-1.1807202,-1.6707202,-1.8507202,0.8092798,1.2292798
4.84928,4.95928,5.84928,7.7992797,6.84928,6.1292796,5.4892797,4.36928,4.8392797,5.3192797,2.7592797,2.7092798,1.2292798,1.2192798,0.7992798,-0.39072022,-2.2307203,-2.7907202,-2.5607202,-3.41072,-3.6907203,-4.8307204,-3.4807203,-3.2307203,-4.44072,-5.02072,-4.65072,-2.8607202,-3.5307202,-2.92072,-2.0107203,-2.0907202,-1.7407203,-1.3107202,-0.42072022,0.32927978,0.7692798,0.5492798,0.6892798,1.2492797,0.59927976
