wind_kz.json
{"header": {"discipline":0,"disciplineName":"Meteorological products","gribEdition":2,"gribLength":871,"center":7,"centerName":"US National Weather Service - NCEP(WMC)","subcenter":0,"refTime":"2023-09-21T18:00:00.000Z","significanceOfRT":1,"significanceOfRTName":"Start of forecast","productStatus":0,"productStatusName":"Operational products","productType":1,"productTypeName":"Forecast products","productDefinitionTemplate":0,"productDefinitionTemplateName":"Analysis/forecast at horizontal level/layer at a point in time","parameterCategory":0,"parameterCategoryName":"UnknownDiscipline_0_Category_0","parameterNumber":0,"parameterNumberName":"UnknownParameter_D0_C0_0","parameterUnit":"Unknown","genProcessType":2,"genProcessTypeName":"Forecast","forecastTime":300,"surface1Type":1,"surface1TypeName":"Ground or water surface","surface1Value":0.0,"surface2Type":255,"surface2TypeName":"Missing","surface2Value":0.0,"gridDefinitionTemplate":0,"gridDefinitionTemplateName":"Latitude_Longitude","numberPoints":615,"shape":6,"shapeName":"Earth spherical with radius of 6,371,229.0 m","gridUnits":"degrees","resolution":48,"winds":"true","scanMode":64,"nx":41,"ny":15,"basicAngle":0,"lo1":47.0,"la1":41.0,"lo2":87.0,"la2":55.0,"dx":1.0,"dy":1.0}, "data":
[rows 0 to 14 of 15, columns 0 to 40 of 41]
302.3588,292.3588,298.15878,293.3588,293.55878,293.2588,303.7588,311.7588,307.65878,311.15878,309.55878,310.3588,308.15878,307.9588,305.9588,310.8588,311.7588,309.9588,314.9588,311.65878,314.05878,311.65878,314.7588,308.3588,307.05878,308.7588,308.15878,293.15878,289.3588,286.55878,284.2588,279.55878,295.9588,304.7588,309.8588,307.3588,311.4588,312.65878,314.2588,316.3588,313.05878
285.05878,299.2588,292.8588,292.8588,293.15878,291.7588,308.9588,307.55878,306.4588,306.4588,307.65878,308.4588,309.2588,307.8588,309.9588,310.4588,312.8588,312.65878,314.2588,316.05878,314.55878,312.4588,309.55878,298.55878,288.15878,284.8588,297.2588,294.55878,296.8588,287.2588,291.9588,276.65878,292.65878,267.8588,284.4588,301.55878,303.65878,306.9588,309.3588,301.15878,284.65878
299.9588,291.8588,292.65878,292.55878,290.8588,304.65878,304.15878,304.05878,305.2588,304.55878,304.15878,305.65878,308.4588,309.55878,305.8588,308.8588,310.4588,311.3588,311.05878,315.55878,312.9588,312.3588,311.55878,303.9588,307.7588,306.05878,306.7588,304.9588,306.15878,296.3588,289.55878,290.4588,296.55878,295.15878,297.8588,296.15878,290.8588,292.55878,296.65878,288.9588,278.3588
300.2588,291.4588,292.8588,291.9588,294.55878,304.15878,302.4588,305.3588,303.55878,302.9588,303.4588,303.3588,290.55878,290.05878,305.55878,309.05878,306.2588,308.9588,309.9588,313.9588,313.4588,310.55878,308.65878,308.3588,307.55878,306.4588,308.4588,307.15878,303.4588,306.55878,308.65878,305.8588,306.2588,309.8588,310.15878,304.2588,291.05878,288.05878,294.15878,304.55878,306.4588
301.15878,290.8588,291.7588,290.8588,297.2588,303.7588,302.65878,303.7588,300.7588,301.9588,303.7588,304.05878,289.2588,288.2588,286.8588,307.3588,308.05878,306.65878,308.05878,305.55878,307.55878,309.55878,309.3588,308.7588,309.15878,308.7588,307.7588,301.9588,313.3588,310.05878,308.3588,308.15878,296.4588,290.4588,298.05878,306.4588,302.4588,311.4588,310.4588,307.9588,305.05878
301.8588,302.2588,289.9588,290.55878,290.55878,290.15878,304.05878,300.3588,301.05878,301.05878,300.8588,301.4588,291.05878,288.9588,297.8588,305.05878,303.3588,306.8588,305.4588,306.15878,307.05878,306.05878,306.8588,306.15878,306.7588,306.9588,308.15878,286.65878,304.8588,305.05878,307.65878,306.15878,308.15878,308.05878,303.8588,303.05878,298.65878,301.55878,310.55878,309.4588,303.8588
302.3588,303.3588,300.9588,301.8588,298.65878,303.8588,302.65878,299.8588,300.2588,299.4588,301.55878,300.3588,301.15878,301.65878,302.2588,302.4588,304.7588,304.65878,307.2588,305.3588,305.4588,305.55878,304.55878,303.65878,302.4588,302.9588,305.15878,306.65878,305.3588,307.4588,307.4588,307.4588,305.7588,304.55878,304.65878,303.05878,299.8588,297.65878,296.3588,291.8588,300.3588
301.55878,302.55878,303.15878,301.15878,299.7588,300.7588,301.8588,300.55878,300.8588,299.7588,300.2588,299.8588,300.65878,299.8588,302.3588,302.65878,302.65878,303.55878,304.4588,304.3588,302.4588,304.3588,303.9588,303.4588,303.4588,302.55878,300.7588,301.8588,299.9588,302.15878,301.3588,302.4588,304.05878,300.65878,302.4588,303.4588,303.55878,286.4588,304.55878,303.7588,301.05878
300.65878,300.8588,300.8588,300.7588,299.15878,300.05878,300.8588,299.7588,299.3588,299.3588,298.7588,299.4588,299.3588,300.15878,300.4588,302.3588,302.15878,304.05878,301.9588,302.05878,300.8588,301.65878,302.3588,302.7588,301.8588,301.8588,300.15878,299.2588,300.2588,299.2588,299.15878,299.15878,299.4588,299.55878,300.55878,301.05878,300.8588,298.65878,290.2588,290.3588,291.7588
295.3588,298.2588,299.55878,300.2588,299.65878,299.7588,299.2588,298.7588,298.3588,298.8588,298.65878,297.8588,299.05878,298.8588,298.7588,298.65878,300.4588,301.55878,301.65878,301.65878,300.3588,300.55878,302.05878,302.55878,302.9588,302.05878,300.65878,299.3588,298.2588,298.65878,299.3588,299.7588,301.3588,301.3588,300.55878,296.9588,295.4588,292.55878,293.8588,291.65878,291.05878
287.8588,292.3588,294.9588,296.3588,298.4588,298.3588,297.65878,298.4588,298.7588,298.3588,297.15878,297.2588,297.8588,296.4588,297.55878,298.05878,297.8588,298.9588,299.3588,298.3588,299.3588,299.2588,298.65878,299.4588,299.2588,299.7588,297.9588,301.05878,300.9588,302.2588,302.4588,303.3588,301.55878,298.55878,300.05878,298.8588,291.9588,292.15878,294.4588,290.8588,289.2588
288.05878,286.8588,288.8588,292.15878,295.3588,295.65878,296.3588,296.3588,296.55878,296.9588,294.15878,294.2588,295.7588,294.8588,295.7588,296.7588,297.3588,297.55878,297.3588,297.15878,296.2588,296.15878,295.9588,296.65878,296.3588,298.2588,298.4588,300.05878,300.55878,300.8588,300.3588,301.3588,299.15878,298.9588,297.4588,298.4588,297.8588,298.8588,297.3588,297.3588,294.3588
286.3588,286.7588,286.65878,286.65878,289.3588,292.55878,294.15878,295.8588,295.65878,293.9588,290.9588,291.3588,293.8588,292.9588,294.9588,295.9588,296.3588,296.05878,296.2588,295.7588,295.9588,294.9588,294.2588,294.2588,295.8588,297.05878,298.4588,297.4588,297.55878,298.15878,298.9588,298.7588,299.3588,298.65878,298.4588,296.7588,296.4588,294.2588,295.15878,293.8588,291.65878
286.3588,286.2588,286.2588,286.3588,285.4588,285.8588,288.2588,288.65878,292.65878,294.05878,291.55878,289.05878,292.15878,292.55878,293.55878,295.05878,295.7588,295.3588,295.2588,294.3588,296.15878,295.55878,294.9588,294.4588,294.65878,296.2588,295.8588,297.4588,296.7588,296.7588,296.8588,296.65878,296.55878,295.3588,295.15878,293.9588,292.55878,292.9588,293.4588,290.55878,291.2588
285.55878,286.65878,285.55878,285.7588,286.2588,284.8588,285.2588,285.4588,287.55878,288.4588,289.2588,290.3588,290.4588,291.8588,293.05878,294.15878,294.55878,293.9588,294.8588,294.9588,295.3588,295.55878,295.4588,294.9588,294.3588,294.7588,296.15878,294.9588,295.55878,296.2588,295.8588,289.4588,295.4588,294.8588,294.7588,294.65878,295.65878,293.3588,293.65878,292.4588,290.9588
