wind_kz.json
{"header": {"discipline":0,"disciplineName":"Meteorological products","gribEdition":2,"gribLength":1025,"center":7,"centerName":"US National Weather Service - NCEP(WMC)","subcenter":0,"refTime":"2023-10-02T06:00:00.000Z","significanceOfRT":1,"significanceOfRTName":"Start of forecast","productStatus":0,"productStatusName":"Operational products","productType":1,"productTypeName":"Forecast products","productDefinitionTemplate":0,"productDefinitionTemplateName":"Analysis/forecast at horizontal level/layer at a point in time","parameterCategory":2,"parameterCategoryName":"UnknownDiscipline_0_Category_2","parameterNumber":3,"parameterNumberName":"UnknownParameter_D0_C2_3","parameterUnit":"Unknown","genProcessType":2,"genProcessTypeName":"Forecast","forecastTime":300,"surface1Type":103,"surface1TypeName":"Specified height level above ground","surface1Value":10.0,"surface2Type":255,"surface2TypeName":"Missing","surface2Value":0.0,"gridDefinitionTemplate":0,"gridDefinitionTemplateName":"Latitude_Longitude","numberPoints":615,"shape":6,"shapeName":"Earth spherical with radius of 6,371,229.0 m","gridUnits":"degrees","resolution":48,"winds":"true","scanMode":64,"nx":41,"ny":15,"basicAngle":0,"lo1":47.0,"la1":41.0,"lo2":87.0,"la2":55.0,"dx":1.0,"dy":1.0}, "data":
[rows 0 to 14 of 15, columns 0 to 40 of 41]
-0.9346338,-1.8246338,2.5453663,5.9253664,1.9653662,3.0353663,0.7353662,1.4253662,1.3553662,1.1953663,1.2653662,1.3153663,0.8753662,-0.18463379,-0.9146338,-2.0646338,-2.9546337,-3.3146338,-3.3446338,-3.0446339,-2.1746337,-3.7346337,-2.4746337,-1.1546338,-1.2446338,-0.8746338,-0.2846338,-1.2246338,-0.014633789,-0.6046338,0.8853662,0.45536622,0.45536622,-1.5446337,-1.8546338,-0.7446338,-0.8146338,0.6253662,1.8653662,3.8753662,2.1053662
4.115366,-0.5446338,8.485366,4.535366,3.9653661,3.2853663,1.2953662,1.6553662,1.5453662,2.1653662,2.2953663,2.3253663,2.1553662,1.4553663,-0.6246338,0.015366211,-1.7046338,-2.6046338,-3.3546338,-4.0746336,-3.6946337,-2.5946338,-1.2246338,0.8753662,-2.9346337,-3.2846339,-4.234634,0.7653662,-0.3746338,-0.14463378,0.9853662,-0.35463378,-0.5146338,-0.8446338,-1.8946338,0.3753662,-0.64463377,-1.2846338,-0.5546338,-2.1946337,-1.7246338
2.2553663,5.935366,4.2753663,1.9453663,1.3453662,1.2953662,1.3853662,2.0753663,1.7753662,0.33536622,-0.7446338,-2.3246338,1.8753662,1.3853662,0.6953662,0.045366213,-1.0946338,-2.1846337,-3.6646338,-4.0946336,-3.2046337,-2.9346337,-3.4546337,-0.90463376,-0.8446338,-0.014633789,-0.4646338,0.4653662,0.2553662,0.015366211,2.8753662,0.6953662,0.9853662,0.8753662,-1.0446337,0.8853662,-0.3346338,-2.6646338,-0.04463379,-1.6946338,-2.024634
2.9253662,4.825366,3.2553663,-0.2146338,0.66536623,0.6353662,1.7853662,2.1653662,2.3753662,1.0353662,0.1953662,-1.1946338,-1.6646338,0.7353662,1.7753662,0.9953662,-0.08463379,-1.2946337,-2.6346338,-4.064634,-2.9846337,-1.3646338,-0.06463379,-2.004634,-2.1046338,-1.6046338,-1.9446338,-1.6046338,0.4753662,-0.6246338,-2.7946339,-0.7246338,-0.7646338,1.1253662,0.42536622,-1.7446338,-0.2446338,1.4053662,0.6153662,0.6253662,0.7653662
2.3953662,1.2453662,-0.09463379,2.995366,1.0753663,0.7153662,1.3253663,1.9053662,2.5253663,1.6653662,2.0953662,1.2453662,0.3553662,-0.35463378,-1.4046338,1.5853662,1.8053662,1.2953662,-0.9246338,-2.5546339,-3.024634,-2.1446338,-1.4446338,-1.7746338,-2.4546337,-2.2846339,0.4453662,0.15536621,-0.8446338,-1.4346337,-2.1846337,-0.64463377,0.8953662,-0.02463379,0.4353662,-0.9546338,-5.0146337,1.1553662,-0.014633789,1.5353662,-0.52463377
1.3253663,0.015366211,-0.1346338,-0.09463379,0.85536623,1.4853662,1.1253662,1.5053662,1.4653662,1.5653663,1.6553662,2.0953662,2.1353662,1.5653663,-0.3946338,-2.0746338,1.6753662,2.1553662,0.5053662,0.6853662,-2.1546338,-0.3746338,-1.1146338,-2.3446338,-1.9446338,-2.3546338,-1.5746338,0.78536624,0.9253662,0.5753662,-0.6646338,-1.0846338,-1.1446338,-0.3146338,2.0453663,-0.52463377,0.7453662,-0.2846338,-1.0946338,1.1553662,1.0853662
2.4353662,2.1153662,1.3253663,1.2653662,1.4553663,1.2153662,1.4653662,1.3053662,1.2053663,1.0353662,0.12536621,-0.8446338,1.1653662,1.8253663,2.0353663,1.5053662,1.3053662,1.2853662,1.3053662,1.8253663,1.4053662,0.8653662,1.7453662,1.7553662,0.4453662,-0.6046338,-0.8746338,-0.9446338,-0.04463379,0.5753662,0.15536621,-1.0446337,1.0753663,1.2053663,0.72536623,-0.96463376,-1.6646338,1.3653662,-0.89463377,-0.8546338,0.8053662
3.5253663,3.8853662,3.6053662,2.985366,2.8353662,2.6453662,2.6253662,2.3553662,2.4153662,1.8753662,0.5253662,0.2853662,-0.5646338,-0.26463377,0.30536622,1.7353662,2.9453661,2.7853663,2.4253662,1.8453662,0.7753662,1.5253662,1.9353662,2.5553663,3.4653661,2.9453661,2.3853662,1.0853662,0.8153662,1.9553663,2.2653663,2.9153662,1.9453663,2.3353662,4.805366,2.9053662,-0.1346338,0.91536623,0.06536621,1.2153662,-0.20463379
2.0553663,2.5153663,2.3853662,2.5053663,2.4653661,2.6753662,2.6853662,1.8053662,1.0753663,0.9453662,0.2953662,-0.104633786,-0.6246338,-0.44463378,-0.5146338,0.7353662,1.7453662,2.6253662,3.6853662,3.9453661,2.6653662,1.4553663,2.5653663,2.6053662,3.5853662,4.0053663,3.8253663,3.7853663,2.5653663,1.3453662,3.0653663,4.9253664,5.5853662,5.535366,5.645366,3.5753663,0.12536621,2.1153662,0.10536621,1.1753662,-1.7546338
2.8653662,2.975366,2.9153662,2.985366,2.735366,2.1053662,1.9553663,1.3853662,1.0953662,0.6253662,-0.18463379,-0.6046338,0.3253662,-0.7446338,-0.4646338,-0.1646338,1.0253662,2.2853663,3.0453663,3.1753662,4.115366,2.4653661,1.2353662,2.9553661,3.8253663,3.9453661,4.595366,4.2153664,4.1753664,4.535366,4.055366,4.865366,4.865366,5.375366,5.785366,3.5353663,1.7453662,-0.8146338,3.6653662,5.3353662,4.7553663
3.2653663,3.1953661,2.9153662,1.8853662,1.8653662,1.9053662,1.6353662,1.2453662,0.8753662,0.6953662,1.0453662,0.8753662,-0.12463379,0.5053662,-1.2746338,-1.6446338,-1.9646338,-1.1446338,0.49536622,2.1653662,2.245366,1.7153662,1.1053662,2.0953662,2.5153663,2.9653661,3.0753663,3.3053663,3.3953662,3.8053663,3.6453662,3.6753662,5.345366,7.0053663,8.525366,7.725366,5.8853664,4.4853663,5.7753663,2.8153663,1.4453663
2.4353662,2.6553662,2.5053663,2.5053663,2.1553662,1.7553662,1.4153662,0.9453662,0.5153662,0.4653662,0.3553662,-0.7246338,-0.12463379,0.5153662,-0.9946338,-0.5646338,-1.0346338,-2.2446337,-0.15463379,-0.6646338,-0.09463379,-0.26463377,-0.12463379,0.91536623,1.1653662,1.3753662,0.9253662,1.1653662,0.21536621,0.6753662,1.5153662,3.0353663,4.4453664,6.725366,7.0853662,9.935367,11.5953665,9.295366,3.2153661,3.725366,1.8953662
1.6453662,1.6053662,1.6053662,1.1353662,1.0553662,0.4353662,0.3453662,0.78536624,-0.15463379,0.3453662,-0.22463378,-1.8746338,-1.1346338,-0.4046338,-0.3646338,-0.41463378,-0.7046338,-0.7946338,-1.0846338,-2.1346338,-2.6846337,-2.1046338,-2.1446338,-2.8346338,-3.4146338,-3.8646338,-3.764634,-3.6546338,-1.9146338,0.10536621,1.7353662,3.1253662,3.485366,2.0353663,4.8353662,6.5053663,8.025366,6.265366,8.575366,7.475366,2.7953663
1.7353662,1.4753662,0.4453662,1.4553663,1.1353662,0.30536622,0.4453662,0.09536621,0.8953662,-0.4646338,0.5653662,0.05536621,-2.1446338,-2.4146338,-3.6846337,-4.234634,-5.1146336,-5.2046337,-4.4546337,-3.5346339,-3.1446338,-3.4246337,-3.9446337,-4.404634,-4.734634,-4.9946337,-4.8446336,-4.124634,-4.714634,-3.9446337,-3.8946338,-4.1146336,2.4153662,4.1953664,4.2353663,6.765366,5.9253664,6.615366,5.995366,6.095366,7.515366
1.7753662,1.8753662,1.0253662,1.8153663,1.9153662,1.1253662,0.13536622,0.06536621,-0.9346338,0.005366211,0.15536621,0.6153662,-0.9346338,-2.4846337,-2.504634,-3.004634,-3.3846338,-3.8846338,-3.0346339,-2.6546338,-3.9346337,-3.5846338,-4.8046336,-4.6646338,-3.6046338,-3.1846337,-2.2446337,-2.2846339,-3.1146338,-3.4346337,-3.7246337,-4.1146336,-2.0446339,-0.02463379,0.8253662,2.0853662,5.1553664,6.9653664,8.895367,8.545366,6.105366
