wind_kz.json
{"header": {"discipline":0,"disciplineName":"Meteorological products","gribEdition":2,"gribLength":1102,"center":7,"centerName":"US National Weather Service - NCEP(WMC)","subcenter":0,"refTime":"2024-02-02T12:00:00.000Z","significanceOfRT":1,"significanceOfRTName":"Start of forecast","productStatus":0,"productStatusName":"Operational products","productType":1,"productTypeName":"Forecast products","productDefinitionTemplate":0,"productDefinitionTemplateName":"Analysis/forecast at horizontal level/layer at a point in time","parameterCategory":2,"parameterCategoryName":"UnknownDiscipline_0_Category_2","parameterNumber":2,"parameterNumberName":"UnknownParameter_D0_C2_2","parameterUnit":"Unknown","genProcessType":2,"genProcessTypeName":"Forecast","forecastTime":120,"surface1Type":103,"surface1TypeName":"Specified height level above ground","surface1Value":10.0,"surface2Type":255,"surface2TypeName":"Missing","surface2Value":0.0,"gridDefinitionTemplate":0,"gridDefinitionTemplateName":"Latitude_Longitude","numberPoints":615,"shape":6,"shapeName":"Earth spherical with radius of 6,371,229.0 m","gridUnits":"degrees","resolution":48,"winds":"true","scanMode":64,"nx":41,"ny":15,"basicAngle":0,"lo1":47.0,"la1":41.0,"lo2":87.0,"la2":55.0,"dx":1.0,"dy":1.0}, "data":
[rows 0 to 14 of 15, columns 0 to 40 of 41]
5.5683594,1.3383594,-0.86164063,-6.211641,1.4683594,6.248359,7.498359,-0.7016406,-0.5116406,2.9383593,2.7983594,5.3183594,7.3183594,8.238359,8.4483595,7.6683593,8.49836,7.7583594,7.058359,5.9383593,3.9283593,-0.54164064,-3.0116405,0.7983594,2.1183593,2.8783593,0.64835936,-2.2316406,1.3383594,0.7583594,-1.8716407,2.4483595,-0.10164063,-0.8316406,0.40835938,0.25835937,2.3183594,2.1283593,2.0583594,2.3183594,1.5683594
2.1183593,-2.4016407,-2.0716407,-0.73164064,1.4183594,1.7983594,4.3583593,6.1483593,7.518359,7.768359,7.1083593,5.1283593,4.808359,6.0983596,5.2583594,6.4583592,6.7183595,9.858359,8.45836,6.0783596,5.3183594,0.068359375,1.9983593,1.2983594,1.7583594,-0.3516406,0.13835937,-1.8516406,-1.8816407,-2.5316405,-0.34164062,-0.97164065,3.3083594,-1.9916406,0.37835938,0.70835936,0.19835937,1.4983593,0.21835938,1.6583594,-1.1916406
-0.33164063,-1.9616406,4.1083593,5.8783593,5.7383595,5.5783596,6.4183593,6.3483596,9.188359,9.45836,8.82836,8.358359,8.108359,8.148359,5.1983595,5.2983594,6.018359,5.8183594,4.3783593,5.6183596,4.3583593,3.1283593,2.2283595,2.0083594,2.5983593,-0.061640624,3.4283593,1.4783593,0.20835938,-0.7416406,-2.4616406,2.7983594,0.3983594,-0.4116406,0.7983594,-1.4816406,0.15835938,0.40835938,0.64835936,1.3583593,1.8483593
1.8183594,3.5783594,4.5783596,4.2783594,6.7783594,8.40836,9.008359,8.928359,9.33836,8.12836,8.178359,8.728359,11.008359,11.238359,8.238359,6.038359,7.1783595,6.5283594,6.1283593,6.3283596,5.8283596,4.768359,1.7183594,7.4083595,4.4383593,3.3283594,3.3183594,4.058359,7.0883594,2.2583594,0.23835938,-0.7116406,-0.46164063,-1.1716406,-1.5916406,-2.3216407,-2.4916406,2.6283593,0.008359375,0.21835938,0.43835938
2.1383593,1.3283594,2.6883593,5.5883594,6.4383593,8.098359,8.018359,8.508359,8.768359,9.048359,8.86836,10.518359,12.018359,12.758359,12.638359,8.808359,5.9683595,8.048359,8.108359,6.3883595,6.4183593,5.0883594,5.728359,6.248359,-0.29164064,1.5283594,2.9183593,4.2783594,4.7983594,0.37835938,-3.3716407,1.7183594,-3.2216406,-0.13164063,1.6983594,0.058359373,-0.08164062,-0.8216406,-0.20164062,0.22835937,1.2483593
0.6883594,1.8283594,4.6883593,5.7383595,6.6383595,6.9383593,7.9183593,8.568359,8.83836,9.438359,9.928359,10.15836,11.318359,13.99836,10.138359,8.6983595,8.188359,6.1583595,5.7083592,6.7383595,5.4383593,5.538359,4.4483595,5.2583594,6.9383593,4.518359,5.3483596,3.5283594,3.2483594,-0.6916406,-2.0216405,2.4583595,1.4983593,3.5783594,-1.0816406,-7.9216404,0.08835938,-4.2016406,0.16835937,0.43835938,-0.5716406
2.4883595,5.3683596,6.6283593,7.3283596,7.2583594,7.5083594,8.598359,8.768359,9.308359,9.598359,9.798359,10.988359,11.108359,11.438359,10.218359,9.428359,8.508359,6.7783594,5.9183593,6.8183594,7.0083594,6.8883595,4.6283593,5.2583594,4.288359,5.1683593,5.2783594,-0.8916406,-0.5216406,-0.7516406,-3.2016406,-3.9716406,-2.5616407,-2.5516405,-5.2916408,-1.7516407,-1.1016406,3.3783593,-3.6816406,1.8783593,1.3583593
3.9883595,5.1483593,5.7583594,6.9383593,7.6983595,8.228359,8.86836,8.768359,9.78836,10.28836,10.798359,10.988359,12.298359,11.718359,10.62836,9.888359,9.438359,6.8883595,6.3683596,6.288359,6.9283595,5.1983595,4.748359,3.8883593,5.0683594,5.3383594,6.018359,-2.1216407,-1.2316406,0.57835937,-3.0016406,-3.5316405,-1.9216406,0.46835938,-2.5816407,0.6883594,1.5083594,1.3983594,-9.3016405,-10.96164,-3.3316407
3.3783593,4.498359,5.2783594,6.5683594,7.308359,7.7783594,8.518359,9.49836,9.95836,11.258359,12.4483595,12.048359,12.83836,10.808359,9.41836,7.7083592,6.4383593,6.3883595,6.6183596,6.5783596,6.1583595,5.4583592,2.8983593,4.3183594,4.4883595,3.4083593,4.7983594,0.8583594,0.45835936,-0.7616406,-1.7016406,0.22835937,2.1783593,-2.3616407,-3.6716406,-6.0516405,0.37835938,-1.9516406,-2.4116406,0.3683594,-2.5616407
2.8683593,3.9583595,5.228359,6.0083594,6.9083595,7.1583595,7.9583592,8.218359,9.6983595,10.768359,11.11836,10.78836,9.808359,9.11836,7.1583595,6.728359,4.808359,6.0783596,5.8383594,5.4683595,6.998359,1.9483594,1.2883594,1.7583594,3.9183593,4.998359,5.1583595,3.2683594,3.3783593,2.5183594,2.0383594,1.2083594,-0.8716406,-4.1416407,-1.5416406,-1.0116407,-3.0216405,-0.22164063,-2.1516407,-0.051640626,-1.6916406
2.6883593,4.058359,4.268359,4.9083595,5.558359,6.558359,6.9883595,8.12836,9.428359,9.61836,9.848359,9.45836,7.3483596,7.3983593,6.1383595,4.2083592,4.4083595,5.7783594,2.7483594,2.1483593,2.5783594,1.5683594,0.5383594,1.8583593,3.4183593,4.4383593,6.1283593,3.8083594,4.5483594,3.9983594,-1.5316406,-2.9616406,-4.8116407,-1.6816406,-1.7016406,-1.4316406,-1.5916406,0.5483594,-1.6416407,1.7783594,-2.0716407
2.8883593,3.4283593,4.3583593,3.9983594,4.9583592,5.4283595,6.1083593,7.5083594,7.1183596,7.018359,6.9483595,5.4283595,4.2983594,4.1783595,3.8483593,3.2183595,3.7383595,1.9383594,1.8283594,1.4083594,1.9983593,2.8283594,2.5983593,3.9383593,5.038359,5.1583595,5.4583592,2.1183593,0.63835937,-2.7316406,-3.0216405,-3.0216405,-3.2516406,-3.1216407,-1.7816406,-2.0916407,-1.0916406,-0.5116406,0.24835938,-0.8716406,-0.49164063
2.6583593,2.0983593,2.3183594,3.7183595,3.6583593,4.1983595,5.6783595,6.538359,7.3483596,3.5083594,2.7683594,2.9683595,0.77835935,2.5383594,2.9183593,2.9883595,2.6183593,2.3583593,1.8083594,2.3983593,2.9983594,3.7183595,3.8383594,4.0883594,4.9483595,-0.85164064,-2.8416407,-3.7216406,-3.4416406,-3.0216405,-3.8916407,-4.6416407,-4.2816405,-4.1316404,-3.6016407,-2.4316406,-1.7616407,-1.4816406,-3.0016406,-1.4316406,-1.2416406
1.9683594,1.1083593,0.30835938,3.6183593,3.0083594,4.5883594,5.4283595,5.0483594,3.6283593,1.8583593,2.7683594,2.0383594,-0.16164063,1.8683593,-0.6216406,-1.6216407,-0.08164062,1.2283593,2.2783594,3.1883593,0.9883594,-0.91164064,-3.2416406,-3.9616406,-4.9016404,-6.0416408,-5.8116407,-4.751641,-5.521641,-5.9016404,-5.501641,-4.8216405,-4.521641,-4.9216404,-3.0816407,-3.0016406,-2.5416405,-1.9816406,-0.8916406,-1.0716406,0.6283594
1.1583594,0.49835938,2.6583593,2.6183593,4.2083592,4.728359,5.6183596,5.1983595,4.4483595,2.9183593,2.5483594,-0.5716406,-1.0816406,-1.9016407,-3.4216406,-3.9516406,-4.5516405,-5.0116405,-4.9916406,-5.3716407,-6.2616405,-6.8616405,-6.4316406,-6.3916407,-7.8016405,-7.2916408,-6.8716407,-6.8116407,-6.6016407,-6.211641,-6.1616406,-5.8116407,-5.4316406,-4.6816406,-3.7016406,-2.8816407,-1.9916406,-2.2516406,-2.0416405,-0.79164064,-0.21164063
