wind_kz.json
{"header": {"discipline":0,"disciplineName":"Meteorological products","gribEdition":2,"gribLength":1025,"center":7,"centerName":"US National Weather Service - NCEP(WMC)","subcenter":0,"refTime":"2023-08-23T18:00:00.000Z","significanceOfRT":1,"significanceOfRTName":"Start of forecast","productStatus":0,"productStatusName":"Operational products","productType":1,"productTypeName":"Forecast products","productDefinitionTemplate":0,"productDefinitionTemplateName":"Analysis/forecast at horizontal level/layer at a point in time","parameterCategory":2,"parameterCategoryName":"UnknownDiscipline_0_Category_2","parameterNumber":2,"parameterNumberName":"UnknownParameter_D0_C2_2","parameterUnit":"Unknown","genProcessType":2,"genProcessTypeName":"Forecast","forecastTime":60,"surface1Type":103,"surface1TypeName":"Specified height level above ground","surface1Value":10.0,"surface2Type":255,"surface2TypeName":"Missing","surface2Value":0.0,"gridDefinitionTemplate":0,"gridDefinitionTemplateName":"Latitude_Longitude","numberPoints":615,"shape":6,"shapeName":"Earth spherical with radius of 6,371,229.0 m","gridUnits":"degrees","resolution":48,"winds":"true","scanMode":64,"nx":41,"ny":15,"basicAngle":0,"lo1":47.0,"la1":41.0,"lo2":87.0,"la2":55.0,"dx":1.0,"dy":1.0}, "data":
[rows 0 to 14 of 15, columns 0 to 40 of 41]
-3.704834,-0.944834,1.315166,2.825166,3.635166,-1.434834,-0.414834,1.185166,1.2451661,2.9251661,-0.554834,-0.864834,3.105166,2.275166,4.325166,2.455166,3.245166,2.995166,2.455166,3.105166,4.835166,3.815166,2.605166,2.575166,0.635166,1.2451661,3.665166,3.395166,-1.244834,-0.17483398,1.275166,-1.194834,1.755166,0.24516602,-1.784834,-1.644834,-2.054834,-1.054834,-0.16483398,-2.394834,-3.834834
0.07516602,0.35516602,4.345166,6.285166,4.775166,2.025166,4.135166,2.575166,4.065166,3.785166,3.025166,2.845166,1.885166,2.795166,6.515166,4.415166,2.295166,4.655166,5.855166,5.345166,6.915166,6.695166,5.065166,4.505166,0.885166,0.335166,1.4851661,1.805166,3.355166,1.535166,-0.33483398,-2.0748339,-1.7548339,-0.034833983,0.44516602,-0.14483398,-1.314834,-1.554834,-0.36483398,-2.464834,0.13516602
4.955166,5.855166,3.395166,2.465166,4.965166,8.035166,6.785166,6.025166,6.655166,5.495166,4.415166,5.215166,4.995166,9.855166,8.075166,3.835166,3.135166,3.895166,4.075166,5.115166,3.125166,4.835166,4.385166,5.485166,-0.91483396,-2.0648339,-1.544834,0.455166,2.895166,-0.414834,0.545166,-1.074834,-1.154834,0.425166,-2.394834,0.435166,1.205166,0.28516603,-1.224834,-1.174834,-0.07483398
1.305166,1.9951661,2.865166,4.125166,6.695166,6.995166,7.135166,7.775166,7.935166,7.395166,5.705166,5.025166,5.245166,4.715166,2.775166,4.905166,3.005166,2.9351661,2.9351661,4.595166,3.035166,2.155166,-3.774834,-5.074834,-4.604834,-3.974834,-2.904834,-2.764834,-2.684834,-0.954834,1.355166,-0.094833985,0.465166,0.625166,2.135166,2.405166,0.035166014,-0.15483399,-2.664834,-3.434834,-7.914834
1.1151661,1.255166,3.005166,4.595166,6.095166,6.415166,5.785166,6.565166,6.575166,5.725166,6.8051662,5.225166,4.545166,-0.59483397,2.385166,3.105166,4.935166,3.235166,3.065166,2.825166,-0.694834,-5.354834,-6.364834,-5.024834,-3.924834,-2.014834,-0.91483396,-1.344834,1.465166,0.975166,-0.054833986,0.29516602,1.325166,-0.654834,-3.0648339,-0.53483397,1.185166,-5.184834,-4.534834,-5.884834,-5.504834
-1.0048339,0.77516603,2.045166,3.805166,4.625166,4.155166,5.745166,7.365166,6.395166,5.105166,5.325166,7.005166,5.445166,3.1751661,5.895166,3.945166,2.6751661,5.425166,3.285166,1.435166,-0.924834,-3.604834,-5.104834,-4.804834,-2.834834,-2.274834,-0.864834,-2.344834,1.165166,1.825166,2.505166,1.855166,1.975166,1.345166,-1.664834,1.935166,-1.944834,2.165166,2.845166,-1.0048339,-0.864834
-0.27483398,0.735166,1.825166,2.9351661,2.895166,2.105166,1.555166,0.485166,-0.13483399,0.51516604,2.025166,3.145166,3.135166,3.355166,4.535166,7.3051662,4.535166,3.735166,4.0551662,2.735166,0.76516604,-0.764834,-1.994834,-3.284834,-3.794834,-2.294834,-2.254834,-1.784834,-1.024834,0.555166,1.385166,0.975166,-0.124833986,1.205166,2.1851661,-0.98483396,1.895166,-1.194834,2.695166,-0.16483398,-0.36483398
-0.744834,-1.424834,0.17516601,0.915166,0.44516602,0.595166,-0.14483398,-0.924834,-0.864834,2.135166,1.525166,2.945166,1.8651661,1.9951661,1.645166,-0.804834,-2.544834,1.625166,6.235166,2.895166,5.475166,3.375166,2.165166,0.485166,-0.22483398,-0.644834,-2.134834,-1.894834,-1.684834,-1.524834,-2.844834,-2.024834,-0.564834,-2.714834,-0.42483398,0.745166,3.565166,2.605166,7.225166,5.235166,4.425166
1.095166,-0.45483398,0.665166,0.825166,-0.24483399,2.295166,-0.674834,2.085166,3.605166,1.025166,-0.66483396,-0.414834,-1.094834,-1.584834,-2.664834,-1.024834,0.845166,0.365166,3.515166,4.265166,2.495166,3.165166,1.885166,2.765166,2.785166,1.325166,0.605166,-0.40483397,-1.094834,-0.924834,-3.264834,-4.014834,-3.964834,-2.3148339,-0.40483397,1.565166,-3.084834,-1.024834,4.275166,-0.49483398,-0.744834
-0.264834,-0.054833986,0.975166,1.035166,0.38516602,-1.0148339,-1.5048339,0.305166,0.745166,1.055166,-1.064834,-0.704834,-1.564834,-2.354834,-3.864834,-3.954834,-5.384834,-4.214834,-1.084834,0.09516601,-0.814834,5.235166,4.575166,1.845166,1.545166,1.295166,0.605166,-0.254834,-1.084834,-1.044834,-1.744834,-3.354834,-2.694834,-1.834834,-0.314834,1.525166,2.825166,-0.774834,3.615166,4.435166,1.715166
1.325166,1.455166,1.545166,1.1151661,0.07516602,0.085166015,-0.24483399,0.14516601,-1.224834,0.0051660156,-1.084834,0.035166014,0.455166,-1.334834,-2.404834,-3.364834,-3.934834,-2.634834,-4.144834,-4.664834,-1.114834,-0.22483398,6.015166,3.325166,1.425166,1.095166,1.385166,1.685166,0.975166,-1.224834,-0.54483396,-0.73483396,-0.43483397,-1.5048339,-1.624834,-1.3848339,0.21516602,1.265166,-0.024833985,-0.66483396,2.055166
2.285166,1.785166,2.345166,1.565166,1.575166,1.165166,0.21516602,0.17516601,-0.014833984,0.985166,2.085166,-0.37483397,-0.97483397,-1.374834,-0.254834,2.495166,-2.244834,-4.204834,-4.464834,-2.934834,-2.194834,-1.104834,2.075166,1.185166,1.4951661,2.905166,2.865166,1.715166,1.7451661,1.005166,0.52516603,0.275166,0.675166,1.775166,-0.49483398,-0.66483396,-0.504834,1.535166,1.8651661,1.185166,1.575166
1.725166,2.755166,2.9251661,2.195166,2.265166,1.825166,1.3651661,1.505166,1.705166,1.035166,0.885166,2.045166,-0.18483399,-1.5148339,-1.944834,-2.124834,-0.624834,-0.064833984,-0.064833984,-1.114834,-0.874834,-0.414834,0.44516602,-1.064834,-0.514834,3.385166,4.235166,2.445166,3.055166,2.215166,1.935166,1.145166,0.95516604,3.035166,2.335166,1.625166,1.525166,2.015166,1.945166,1.275166,1.055166
3.345166,4.175166,3.965166,2.215166,3.215166,2.365166,3.555166,2.405166,0.825166,1.315166,1.585166,2.235166,-0.10483398,-0.21483399,0.83516604,0.47516602,0.995166,0.37516603,0.25516602,1.555166,1.635166,2.265166,1.465166,1.785166,0.24516602,2.235166,-0.21483399,-0.894834,0.625166,-0.524834,0.34516603,0.605166,2.235166,2.6851661,2.9251661,2.765166,1.855166,2.125166,2.605166,1.675166,0.90516603
2.845166,3.475166,3.755166,2.085166,2.545166,2.905166,3.165166,3.515166,2.4251661,1.7351661,1.655166,1.2451661,1.555166,2.395166,1.9851661,2.235166,2.985166,3.055166,3.075166,4.275166,4.145166,2.9251661,3.615166,2.985166,2.275166,1.445166,0.77516603,-0.19483398,-0.514834,-0.13483399,0.22516602,3.075166,3.915166,3.995166,2.045166,2.515166,3.515166,2.985166,3.145166,4.625166,0.83516604
