wind_kz.json
{"header": {"discipline":0,"disciplineName":"Meteorological products","gribEdition":2,"gribLength":871,"center":7,"centerName":"US National Weather Service - NCEP(WMC)","subcenter":0,"refTime":"2023-09-20T00:00:00.000Z","significanceOfRT":1,"significanceOfRTName":"Start of forecast","productStatus":0,"productStatusName":"Operational products","productType":1,"productTypeName":"Forecast products","productDefinitionTemplate":0,"productDefinitionTemplateName":"Analysis/forecast at horizontal level/layer at a point in time","parameterCategory":0,"parameterCategoryName":"UnknownDiscipline_0_Category_0","parameterNumber":0,"parameterNumberName":"UnknownParameter_D0_C0_0","parameterUnit":"Unknown","genProcessType":2,"genProcessTypeName":"Forecast","forecastTime":0,"surface1Type":1,"surface1TypeName":"Ground or water surface","surface1Value":0.0,"surface2Type":255,"surface2TypeName":"Missing","surface2Value":0.0,"gridDefinitionTemplate":0,"gridDefinitionTemplateName":"Latitude_Longitude","numberPoints":615,"shape":6,"shapeName":"Earth spherical with radius of 6,371,229.0 m","gridUnits":"degrees","resolution":48,"winds":"true","scanMode":64,"nx":41,"ny":15,"basicAngle":0,"lo1":47.0,"la1":41.0,"lo2":87.0,"la2":55.0,"dx":1.0,"dy":1.0}, "data":
[rows 0 to 14 of 15, columns 0 to 40 of 41]
285.7778,277.9778,283.4778,294.9778,294.9778,294.3778,291.3778,291.4778,288.6778,288.07782,288.1778,289.07782,288.1778,287.9778,287.7778,286.3778,286.3778,288.4778,288.1778,290.6778,291.9778,292.07782,290.6778,285.7778,290.6778,289.3778,288.8778,274.2778,275.7778,276.8778,275.2778,274.8778,284.2778,289.57782,289.7778,290.1778,289.8778,289.07782,288.8778,288.9778,288.7778
268.2778,283.57782,294.8778,294.8778,294.4778,292.8778,288.8778,288.57782,286.3778,287.2778,288.4778,287.9778,287.2778,286.3778,285.57782,285.9778,285.6778,286.2778,285.7778,286.1778,287.07782,289.57782,290.9778,281.6778,272.3778,273.7778,279.3778,273.57782,274.7778,273.57782,278.4778,269.2778,277.8778,257.4778,274.4778,286.4778,285.2778,288.57782,290.2778,282.7778,283.8778
285.3778,293.6778,295.07782,294.4778,292.07782,289.07782,288.4778,286.6778,285.4778,285.8778,286.1778,286.8778,286.6778,287.07782,288.57782,285.9778,284.1778,283.57782,284.57782,285.57782,289.2778,286.9778,288.9778,286.8778,289.8778,287.57782,288.4778,287.7778,286.8778,280.7778,274.4778,275.3778,280.57782,279.07782,281.07782,280.9778,274.9778,276.8778,275.8778,270.9778,271.4778
287.57782,293.6778,294.9778,293.3778,291.4778,287.4778,288.7778,286.8778,286.4778,286.3778,286.1778,285.8778,292.57782,291.9778,287.9778,286.4778,286.1778,284.1778,284.6778,285.2778,289.1778,282.6778,288.3778,289.1778,290.57782,290.6778,290.2778,289.8778,287.3778,288.8778,289.1778,289.6778,291.6778,289.6778,289.07782,285.2778,276.07782,269.8778,276.57782,281.8778,285.7778
289.2778,292.7778,293.8778,292.9778,291.3778,288.2778,289.2778,288.6778,286.8778,286.4778,286.3778,285.3778,291.6778,290.57782,288.9778,287.3778,288.7778,288.1778,286.2778,287.6778,288.57782,289.07782,290.7778,289.7778,289.4778,290.3778,289.4778,290.4778,290.7778,289.9778,291.57782,289.07782,278.9778,270.3778,277.6778,286.07782,290.4778,290.07782,290.4778,289.3778,288.9778
288.6778,286.9778,292.07782,291.9778,292.7778,292.2778,291.07782,289.1778,287.2778,287.3778,288.7778,287.07782,290.7778,291.4778,289.3778,287.2778,289.1778,288.07782,288.6778,288.07782,286.2778,286.9778,287.9778,288.6778,288.3778,287.1778,288.9778,289.8778,290.3778,289.6778,289.7778,290.3778,288.8778,287.7778,283.6778,286.6778,279.4778,283.07782,287.3778,290.2778,289.07782
288.1778,287.3778,290.4778,290.57782,292.1778,291.9778,292.1778,288.9778,287.9778,288.9778,287.3778,288.07782,286.9778,285.3778,285.57782,287.2778,286.8778,288.7778,287.3778,286.3778,285.2778,287.3778,289.07782,288.6778,287.4778,287.7778,287.6778,289.57782,289.8778,287.57782,286.4778,286.3778,286.57782,288.1778,288.7778,286.9778,283.6778,279.07782,276.07782,273.4778,283.07782
287.57782,286.6778,288.8778,289.3778,290.07782,289.8778,290.2778,290.07782,286.2778,286.57782,285.8778,287.1778,284.8778,285.6778,286.2778,286.7778,285.57782,286.9778,288.6778,286.8778,284.8778,286.1778,286.6778,287.9778,287.1778,286.1778,286.6778,287.07782,285.2778,286.4778,285.6778,286.1778,285.6778,283.07782,283.4778,283.9778,284.7778,288.4778,284.07782,282.7778,280.57782
288.57782,287.4778,288.2778,287.4778,288.57782,287.9778,288.57782,288.3778,289.57782,288.1778,285.6778,286.57782,284.9778,285.07782,284.7778,284.2778,284.57782,283.9778,284.07782,283.57782,284.9778,284.7778,285.6778,286.07782,285.7778,286.6778,285.4778,284.9778,284.1778,283.3778,283.3778,282.3778,282.2778,282.9778,281.9778,280.6778,281.1778,279.9778,269.7778,269.1778,268.2778
285.4778,286.2778,286.1778,286.2778,286.7778,286.4778,286.4778,287.2778,288.07782,284.6778,284.3778,285.7778,286.7778,283.57782,283.3778,283.8778,283.6778,284.8778,286.1778,284.2778,285.1778,285.07782,283.57782,286.9778,285.9778,285.8778,285.7778,285.7778,284.8778,285.3778,285.07782,284.3778,284.2778,283.4778,282.1778,280.9778,278.8778,275.6778,271.57782,271.2778,270.4778
283.6778,282.8778,283.4778,283.57782,284.2778,283.4778,284.1778,283.6778,283.1778,283.07782,282.6778,282.1778,282.7778,282.07782,283.07782,282.07782,284.8778,285.57782,285.8778,285.2778,285.6778,286.4778,286.57782,286.2778,286.3778,286.3778,284.57782,284.3778,285.2778,285.7778,286.4778,286.07782,285.3778,283.4778,283.2778,280.4778,277.07782,273.3778,272.1778,274.3778,272.4778
280.7778,281.6778,281.57782,281.57782,281.2778,281.4778,280.6778,280.57782,280.9778,280.57782,278.8778,280.07782,282.07782,281.8778,282.7778,281.4778,284.6778,285.07782,285.07782,285.6778,285.2778,285.2778,285.07782,285.4778,285.2778,284.3778,284.9778,287.3778,286.2778,287.2778,286.8778,286.57782,283.7778,282.2778,282.07782,281.6778,281.2778,280.2778,279.7778,279.9778,279.57782
279.9778,279.07782,279.6778,279.07782,280.2778,280.07782,278.7778,279.1778,278.3778,277.4778,276.8778,280.4778,282.7778,282.07782,283.2778,284.1778,284.57782,285.2778,285.7778,285.4778,285.57782,284.07782,284.07782,282.2778,284.57782,285.3778,286.4778,286.1778,286.57782,286.6778,283.9778,286.57782,287.07782,282.1778,282.1778,281.6778,281.7778,282.2778,281.4778,281.07782,281.3778
277.57782,279.2778,283.3778,278.9778,278.2778,277.4778,278.1778,278.07782,277.57782,277.4778,276.8778,275.1778,276.57782,278.57782,280.3778,282.3778,284.2778,284.4778,284.57782,284.2778,284.9778,284.1778,283.2778,285.07782,285.9778,286.57782,284.57782,284.57782,284.07782,284.4778,285.4778,285.57782,281.6778,281.3778,281.8778,280.7778,281.07782,281.3778,283.1778,279.9778,280.7778
278.7778,279.3778,287.57782,278.57782,277.9778,276.6778,277.6778,276.1778,276.3778,276.3778,276.9778,274.2778,275.07782,276.2778,276.9778,279.2778,279.8778,283.1778,284.6778,283.07782,283.3778,282.6778,281.9778,282.2778,282.6778,283.1778,283.3778,283.7778,283.1778,283.07782,283.07782,283.1778,283.57782,280.8778,280.9778,282.07782,281.3778,284.8778,284.6778,280.1778,281.4778
