wind.json
{"header": {"discipline":0,"disciplineName":"Meteorological products","gribEdition":2,"gribLength":1125,"center":7,"centerName":"US National Weather Service - NCEP(WMC)","subcenter":0,"refTime":"2023-06-30T18:00:00.000Z","significanceOfRT":1,"significanceOfRTName":"Start of forecast","productStatus":0,"productStatusName":"Operational products","productType":1,"productTypeName":"Forecast products","productDefinitionTemplate":0,"productDefinitionTemplateName":"Analysis/forecast at horizontal level/layer at a point in time","parameterCategory":2,"parameterCategoryName":"UnknownDiscipline_0_Category_2","parameterNumber":2,"parameterNumberName":"UnknownParameter_D0_C2_2","parameterUnit":"Unknown","genProcessType":2,"genProcessTypeName":"Forecast","forecastTime":240,"surface1Type":103,"surface1TypeName":"Specified height level above ground","surface1Value":10.0,"surface2Type":255,"surface2TypeName":"Missing","surface2Value":0.0,"gridDefinitionTemplate":0,"gridDefinitionTemplateName":"Latitude_Longitude","numberPoints":688,"shape":6,"shapeName":"Earth spherical with radius of 6,371,229.0 m","gridUnits":"degrees","resolution":48,"winds":"true","scanMode":64,"nx":43,"ny":16,"basicAngle":0,"lo1":45.0,"la1":40.0,"lo2":87.0,"la2":55.0,"dx":1.0,"dy":1.0}, "data":
[rows 0 to 15 of 16, columns 0 to 42 of 43]
-4.7261634,0.5138367,1.3238367,-4.196163,-2.2361634,-2.7361634,-2.0661633,-2.2761633,-0.75616336,-6.9561634,-8.246163,-7.5461636,-5.4161634,-3.7661633,-2.4861634,-2.1061633,-2.4661634,-2.2761633,-1.6261634,-1.2061633,-1.5561633,-2.4561634,-0.8061633,2.3738368,0.80383664,-1.7261634,-0.51616335,-0.75616336,-0.13616332,0.90383667,1.1938367,0.7038367,0.40383667,0.44383666,1.7738366,0.8138367,-0.5461633,-0.8061633,-1.1061634,-1.2661633,0.19383667,-1.0761633,-1.5461633
1.4138367,1.4838367,-4.4361634,-1.5961633,2.9538367,-3.4761634,-3.5661633,-1.2161633,-1.8961633,-8.3761635,-8.796164,-5.5761633,-2.9961634,-3.0761633,-3.2861633,-2.0061634,-2.2161634,-2.5661633,-0.29616332,-3.5661633,-4.1261635,-0.6161633,-1.7761633,-0.22616333,-0.05616333,-1.8961633,-0.9261633,1.1138366,-1.8561634,0.86383665,0.92383665,-0.96616334,0.98383665,2.4738367,1.1138366,1.3938366,-0.8661633,2.1738367,-0.21616334,-2.5561633,2.8538368,2.3638368,-0.12616333
-0.36616334,-2.3361633,2.1338367,2.0038366,-1.5461633,-4.3961635,-3.8661633,-1.5261633,-0.39616334,-8.566163,-5.9161634,-6.8061633,-9.3761635,-5.7261634,-4.006163,-2.3261633,-0.25616333,-3.3761632,-4.1461635,-4.176163,-6.5961633,-6.6261635,-1.6761633,-2.0561633,-1.7061633,-4.776163,-0.52616334,1.0838367,-1.4561633,0.17383666,-4.6261635,-0.18616334,0.55383664,0.65383667,-0.8661633,-1.4561633,-0.23616333,0.12383667,0.30383667,0.8338367,-0.53616333,2.2638366,-4.3761635
1.1438366,0.78383666,2.5038366,-3.4861634,-2.7161634,-3.1961634,-2.7761633,-1.5461633,-5.756163,-4.9161634,-6.1161633,-7.906163,-6.2861633,-4.3261633,-1.8661634,-0.6261633,-3.0661633,-3.7961633,-2.8961632,-4.4561634,-4.5461636,-1.6061634,-2.9061632,-2.6561632,-5.3961635,-4.3161635,-0.6661633,-2.5061634,0.31383666,-3.4761634,-3.2161634,-0.9761633,-0.7461633,2.0138366,0.5238367,0.21383667,0.6238367,-1.4261633,0.6338367,-0.28616333,2.5938368,2.2838366,0.6838367
3.0138366,-1.3161633,-2.1061633,-0.70616335,-1.3661634,-3.3061633,-0.22616333,-1.7961633,-3.6961634,-5.6161633,-8.056164,-6.8461633,-4.7961636,-3.3261633,-0.31616333,-4.4361634,-0.8761633,-2.4761634,-3.7061634,-3.2961633,-3.2361634,-2.9061632,0.07383667,-3.8461633,0.26383668,-4.926163,-2.5961633,-2.5861633,-3.2461634,-2.1561632,-0.24616332,-0.31616333,1.3138367,-3.2361634,-3.3061633,-4.9361634,-3.6361632,-2.3261633,-1.0861633,-0.69616336,2.0438366,0.47383666,1.6038367
5.803837,-0.9861633,-2.1261632,-5.2061634,-3.4661634,-2.2761633,-1.5261633,-2.2561634,-4.006163,-4.7861633,-7.3661633,-5.386163,-2.6961634,-3.0161633,-3.0261633,-1.7061633,-1.4661633,-3.5261633,-2.9661634,-2.5361633,-2.1261632,-1.8661634,-2.8361633,-1.2961633,-4.156163,-4.5461636,-3.0061634,-3.2961633,-3.8761632,-0.26616332,0.38383666,0.6938367,-1.8061633,-1.9461633,-2.7461634,0.53383666,5.3538365,4.243837,2.6438367,8.013837,5.4338365,2.2638366,1.3038367
5.3538365,-0.6061633,-0.43616334,-2.3061633,-3.2061634,-1.8961633,-6.176163,-6.2461634,-5.2061634,-4.4161634,-4.446163,-2.3661633,-2.6961634,-2.7061634,-0.33616334,-1.7061633,-2.2261634,-3.0061634,-2.6261632,-2.6161633,-3.1761634,-4.2061634,-3.6461632,-3.2561634,-2.8561633,-1.2861633,-0.75616336,-0.9761633,1.5338367,2.1838367,2.2638366,0.6938367,-1.8061633,-2.0461633,-1.3361633,-0.0061633303,0.8138367,-0.7961633,1.3538367,2.6938367,7.7138367,-1.9561633,-4.3261633
6.6638365,1.4138367,1.7838367,-2.3761632,-1.4461633,-2.8661633,-3.9461634,-3.6861634,-4.0561633,-2.0761633,-4.006163,-3.4961634,-2.9161634,-3.0561633,0.02383667,-2.5161633,-3.3461633,-2.8761632,-2.8261633,-3.1361632,-3.5561633,-3.5461633,-3.2061634,-3.2361634,-2.9161634,-3.0761633,-2.8261633,-1.1661633,-1.2861633,-2.6861634,-4.2061634,-5.6461635,-4.1261635,-3.7961633,-2.0461633,-2.2161634,-1.3761634,-3.2561634,-1.3461633,2.5938368,-0.40616333,1.5738367,3.7038367
6.033837,6.3738365,0.44383666,-0.8761633,-1.4261633,-2.0661633,0.55383664,-0.25616333,-1.0961633,-2.4061632,-1.7461634,-3.0561633,-2.7961633,-2.7061634,-3.1061633,-3.3161633,-2.4161634,-3.0161633,-3.2061634,-2.6061633,-2.3461633,-4.156163,-3.5661633,-3.5661633,-2.4961634,-2.9461634,-2.1961634,-2.5561633,-1.3461633,-5.3161635,-3.6061633,-2.2561634,-2.9661634,-1.9361633,-1.7661633,-0.34616333,-2.2161634,1.0938367,2.1038368,4.3338366,3.5338366,3.5238366,-0.65616333
5.843837,4.3838367,-3.3061633,0.6238367,-0.21616334,-1.3861634,1.4438367,1.4038367,0.8338367,-1.8561634,-1.8661634,-2.4961634,-1.5261633,-1.8461633,-1.0061634,-3.2361634,-1.9361633,-1.9061633,-1.6761633,-1.5761633,0.12383667,-2.4261634,-2.3661633,0.13383667,-0.5461633,-2.1761634,-1.5461633,-3.5661633,-2.4261634,-2.3761632,-1.5361633,-1.3161633,-1.7461634,-1.3261633,1.2638366,-0.9161633,0.11383667,1.5738367,1.7638366,-0.9161633,-1.6061634,0.78383666,-0.9161633
2.2438366,0.46383667,0.07383667,3.2438366,-0.88616335,-0.5561633,-0.43616334,1.7338367,-0.24616332,-1.5961633,-1.4761634,-1.7361634,-1.6961633,-0.82616335,-1.6661633,-1.1261634,-0.69616336,0.72383666,-2.6961634,-0.95616335,-1.4061633,-1.2861633,0.30383667,0.21383667,-3.5761633,-1.7761633,-2.7561634,-1.5961633,-0.84616333,-0.69616336,0.8238367,0.47383666,0.6338367,0.96383667,1.7538366,1.6038367,1.0138366,1.9138367,-0.7961633,0.38383666,-2.4561634,-0.24616332,-0.10616333
-1.3161633,3.3538368,-2.3961632,-5.176163,-2.9461634,0.6438367,0.6438367,-0.25616333,-2.1061633,-2.0761633,-3.4161634,-2.4261634,-1.2261634,-0.48616332,1.0538367,-0.52616334,-0.22616333,0.24383667,-0.9361633,0.32383668,0.40383667,-0.18616334,0.36383668,1.7638366,-0.01616333,1.3938366,0.40383667,1.8138367,1.2338367,0.74383664,1.1138366,2.9538367,0.7538367,0.42383668,-0.37616333,-0.52616334,0.22383668,-0.25616333,-1.1861633,-0.26616332,-0.33616334,0.8838367,-1.1761633
0.8338367,1.8538367,-2.3161633,-3.4461634,-3.1261632,1.0838367,-3.1061633,-5.4761634,-5.8661633,-4.386163,-2.7861633,-1.9861634,-0.64616334,-3.9661634,-8.1261635,-5.3461633,-4.3161635,-4.946163,-0.37616333,-1.1061634,0.43383667,-0.9361633,-0.42616332,1.9738367,1.6738367,1.5738367,2.0438366,3.2438366,0.12383667,-2.3961632,-1.8961633,-2.1161633,-1.2861633,-1.9561633,0.38383666,1.4038367,1.2438366,-1.1761633,-1.6361634,-0.37616333,0.06383667,-0.6261633,-0.38616332
0.043836668,2.1838367,1.4438367,-2.5061634,1.1938367,-2.9861634,-1.0761633,-3.7661633,-2.7861633,-0.5661633,-1.6861633,0.73383665,-1.0461633,-0.7461633,0.97383666,-1.1961633,1.0138366,-1.0661633,1.9738367,3.8238366,-1.2861633,2.2538366,-0.28616333,1.7238367,2.7738366,2.9638367,4.6838365,2.1738367,-0.28616333,-1.4861634,-2.3661633,-1.4861634,-2.9361634,-2.5361633,-1.0761633,-1.0161633,-2.1561632,-2.5361633,-1.9461633,-2.0461633,-1.3461633,-0.14616333,-0.9761633
0.79383665,-2.1961634,-0.42616332,0.9538367,2.8738368,-5.386163,-3.8061633,-1.1061634,-1.4161633,-1.1661633,0.7638367,-0.53616333,-1.1961633,-1.2561634,1.0638367,-0.58616334,1.9738367,1.9838367,3.3238366,0.8338367,1.2338367,3.9938366,2.0538366,-1.1561633,0.16383667,1.3438367,-1.7661633,-2.5161633,-3.6661634,-1.7661633,2.8638368,-3.1961634,-2.7561634,-1.1861633,-0.63616335,-2.7761633,-1.2761633,-2.5661633,-2.5661633,-2.1361632,-2.4761634,-1.3161633,0.33383667
-1.8061633,-2.9361634,-0.71616334,-1.1261634,-6.2661633,-2.3261633,-5.5961633,-1.6961633,-2.0261633,-4.236163,-4.256163,-3.4461634,-1.8461633,-0.8661633,-0.75616336,-0.6661633,3.3338366,3.1338367,3.2938366,2.9138367,1.6438366,1.7438366,-1.1961633,1.7038367,2.8538368,3.1038368,2.6338367,0.6238367,-0.78616333,-1.4961634,-2.5861633,-2.9161634,-2.2161634,-2.4961634,-2.6461632,-3.0361633,-2.9061632,-2.8361633,-1.9761634,-1.4661633,-0.8161633,0.17383666,-0.14616333
