wind_kz.json
{"header": {"discipline":0,"disciplineName":"Meteorological products","gribEdition":2,"gribLength":1025,"center":7,"centerName":"US National Weather Service - NCEP(WMC)","subcenter":0,"refTime":"2024-02-03T12:00:00.000Z","significanceOfRT":1,"significanceOfRTName":"Start of forecast","productStatus":0,"productStatusName":"Operational products","productType":1,"productTypeName":"Forecast products","productDefinitionTemplate":0,"productDefinitionTemplateName":"Analysis/forecast at horizontal level/layer at a point in time","parameterCategory":2,"parameterCategoryName":"UnknownDiscipline_0_Category_2","parameterNumber":2,"parameterNumberName":"UnknownParameter_D0_C2_2","parameterUnit":"Unknown","genProcessType":2,"genProcessTypeName":"Forecast","forecastTime":0,"surface1Type":103,"surface1TypeName":"Specified height level above ground","surface1Value":10.0,"surface2Type":255,"surface2TypeName":"Missing","surface2Value":0.0,"gridDefinitionTemplate":0,"gridDefinitionTemplateName":"Latitude_Longitude","numberPoints":615,"shape":6,"shapeName":"Earth spherical with radius of 6,371,229.0 m","gridUnits":"degrees","resolution":48,"winds":"true","scanMode":64,"nx":41,"ny":15,"basicAngle":0,"lo1":47.0,"la1":41.0,"lo2":87.0,"la2":55.0,"dx":1.0,"dy":1.0}, "data":
[rows 0 to 14 of 15, columns 0 to 40 of 41]
5.537527,1.1475269,-0.7524731,-1.1924732,-0.5024731,0.91752684,3.5375268,2.8075268,3.2575269,3.197527,3.7575269,3.2575269,3.167527,3.0175269,0.60752684,0.44752684,-2.2024732,-3.542473,-0.19247314,-0.14247315,-0.48247313,1.5775268,-0.062473144,1.9375268,0.24752685,0.66752684,-1.7824731,-1.0424732,-0.062473144,0.38752687,-1.5824732,2.417527,-0.38247314,-1.5624732,-1.9724731,-1.3024732,-2.1424732,-1.8524731,-0.79247314,-2.2324731,-0.83247316
2.667527,-1.7424731,-2.012473,-3.3724732,-2.522473,-0.79247314,1.4575268,2.697527,4.967527,4.1275268,3.657527,2.8275268,2.8775268,2.187527,0.38752687,1.1075269,0.7475269,-2.032473,-2.272473,-0.39247313,1.9175268,3.3375268,1.2275269,0.25752684,1.2075268,1.0775268,-0.57247317,0.73752683,-1.5624732,-1.5024731,-0.0024731446,-0.54247314,3.247527,-2.6724732,0.64752686,1.2675269,1.4675269,0.8775269,-1.0324731,0.11752686,-1.7224731
-0.77247316,0.27752686,0.6175268,0.70752686,3.8075268,1.9875269,1.4675269,2.7875268,3.417527,5.2075267,4.9575267,2.2775269,2.657527,2.677527,2.3075268,0.82752687,-0.89247316,0.5075269,1.3275268,2.3875268,2.3175268,1.1475269,-2.282473,-2.332473,0.98752683,1.8375268,1.8675269,1.8175268,1.0175269,-0.16247314,-1.6924732,3.467527,0.49752685,-0.062473144,1.1475269,-1.1324731,-1.4824731,0.53752685,0.5675269,1.8675269,2.3375268
3.5075269,3.917527,5.237527,6.2475266,4.967527,4.1275268,3.0575268,3.5875268,4.137527,3.717527,4.197527,3.5575268,5.4975266,5.567527,2.3775268,2.5375268,2.2575269,1.2375269,1.1975268,1.0575268,1.8075268,-2.272473,-2.8524733,-1.1824732,-0.9324731,-1.3024732,-0.46247315,-8.392473,-4.382473,0.5675269,2.0875268,-3.322473,-2.292473,0.83752686,-1.3524731,-2.6024733,-2.9924731,2.417527,-0.032473143,-0.51247317,-0.012473145
5.327527,4.087527,4.567527,5.357527,5.4975266,5.507527,5.9775267,7.357527,4.4575267,4.697527,4.577527,5.907527,7.7275267,7.3775268,6.867527,1.4975269,2.3475268,1.9075269,0.9475269,-1.7424731,-3.3524733,-3.1924732,-3.7024732,-2.512473,-3.4424732,-4.2324734,-6.3724732,-2.9924731,-3.1724732,-2.3824732,-2.6324732,-0.83247316,-2.9624732,0.64752686,1.9275268,-0.8724731,-1.6124731,-1.9724731,-2.1124732,-0.84247315,-0.65247315
7.367527,6.4175267,5.527527,5.037527,5.027527,5.4375267,5.927527,6.007527,5.597527,5.757527,4.827527,5.447527,6.757527,8.277527,4.6275268,2.477527,1.5975269,0.96752685,1.5675268,-0.91247314,-1.6824732,-1.5224731,-2.3924732,-3.8824732,-4.1024733,-4.922473,-3.9624732,-3.1024733,-3.1324732,-3.1624732,-3.6424732,-3.1024733,-2.1324732,-3.022473,-1.0424732,-6.012473,0.097526856,-4.402473,0.91752684,-0.34247315,-2.6024733
6.827527,6.2675266,7.447527,7.547527,7.2475266,6.6475267,6.557527,5.2275267,5.5175266,5.157527,5.257527,6.467527,5.557527,5.3775268,4.217527,4.257527,2.707527,2.3875268,0.60752684,0.43752685,0.88752687,-0.47247314,-1.0624732,-2.3924732,-3.6424732,-4.032473,-1.8324732,-2.082473,-2.1724732,-3.012473,-3.9524732,-4.322473,-1.4124732,-2.6224732,-2.1924732,-3.002473,-1.2424731,2.6175268,-3.752473,2.407527,1.6375269
7.347527,7.197527,6.717527,6.827527,7.367527,6.4775267,6.4975266,5.797527,6.2675266,6.0175266,5.987527,6.5175266,5.7075267,5.427527,4.407527,4.6875267,4.407527,3.467527,1.3175268,1.1775268,1.8075268,0.39752686,0.48752686,-0.18247314,-0.59247315,-0.43247315,-0.23247315,-1.6524731,-1.1324731,-1.1824732,-2.3624732,-1.5224731,-1.3524731,-0.35247314,-3.032473,-0.10247315,1.9575268,0.27752686,-6.1024733,-6.5624733,-2.522473
6.617527,7.7475266,6.797527,6.257527,6.387527,6.4175267,6.077527,5.8975267,6.507527,5.7475266,6.217527,6.157527,5.8775268,4.537527,5.037527,4.4175267,5.1475267,4.567527,4.2275267,2.987527,4.3975267,2.7875268,2.0475268,1.8175268,2.8075268,1.3075268,-0.9324731,-0.45247313,0.057526857,-0.41247314,0.79752684,1.5175269,0.83752686,-1.4024731,-3.332473,-2.4924731,-0.26247314,-2.1724732,-2.1824732,0.44752684,-2.1324732
5.487527,5.9175267,5.887527,6.317527,5.737527,4.4975266,4.9775267,5.617527,7.357527,6.4775267,6.007527,6.507527,4.527527,5.1875267,4.7075267,5.617527,4.507527,4.467527,5.197527,2.967527,3.907527,4.137527,3.5475268,4.2475266,4.777527,3.687527,3.2775269,2.5175269,2.8575268,1.8175268,0.9975269,0.64752686,1.2275269,-1.0924731,-1.4824731,-0.8124731,-2.842473,-0.15247315,-2.072473,0.14752686,-1.3624731
4.8775268,5.077527,5.4975266,5.607527,5.357527,4.307527,4.7075267,5.427527,5.987527,6.427527,5.8775268,5.837527,4.027527,5.4175267,4.7075267,5.327527,5.257527,4.2275267,3.5375268,3.417527,3.907527,3.8175268,4.057527,3.707527,4.217527,4.4175267,6.297527,6.077527,5.527527,2.0375268,0.83752686,-0.47247314,-0.86247313,-0.9324731,-0.7424731,-1.0624732,-1.5124731,0.66752684,-1.4724731,1.5675268,-1.8324732
5.6675267,5.4175267,5.987527,5.407527,5.307527,4.1275268,4.2675266,5.077527,5.2075267,6.007527,4.197527,6.007527,4.277527,4.737527,4.537527,4.087527,2.3675268,2.1175268,2.447527,2.7975268,3.917527,3.437527,3.0575268,3.0575268,3.8275268,4.4175267,5.637527,6.1275268,5.077527,3.967527,1.6875268,0.39752686,-0.19247314,-0.91247314,-0.022473145,1.6775268,-1.8124732,-1.2424731,-0.7424731,0.11752686,-0.53247315
4.9175267,5.6475267,5.037527,5.297527,4.567527,3.2775269,4.8975267,5.287527,6.697527,4.9175267,3.0175269,4.057527,1.9075269,4.097527,4.907527,1.5275269,1.1775268,0.8175269,1.0975269,2.0075269,2.737527,2.0075269,2.5475268,2.737527,3.497527,3.247527,3.0675268,2.7875268,2.227527,1.2675269,0.45752686,-0.29247314,-1.0224731,-0.71247315,-1.2224731,-0.42247313,-2.1724732,-2.3524733,-2.532473,-1.8724731,-1.1624732
4.9175267,4.9775267,4.6675267,5.057527,4.617527,4.857527,5.077527,5.717527,4.8975267,4.6675267,1.8875269,2.8375268,-0.022473145,0.13752685,-0.7524731,-0.9424732,-0.83247316,-0.21247314,0.16752686,1.3575269,1.0175269,0.8775269,0.057526857,-1.2724731,-2.022473,-2.4124732,-2.3524733,-2.532473,-2.4524732,-2.572473,-2.8824732,-2.312473,-2.1824732,-2.2424731,-2.6624732,-2.2324731,-1.4424732,-2.2124732,-1.8824731,-1.0024731,-0.9924731
2.907527,3.0875268,4.1675267,5.927527,6.447527,5.427527,4.947527,4.657527,4.137527,2.247527,1.2675269,3.0675268,-0.85247314,-0.16247314,-1.7924732,-2.7324731,-3.002473,-3.042473,-2.7224731,-3.3624732,-3.6624732,-3.9824731,-3.772473,-4.092473,-4.202473,-4.032473,-3.8824732,-4.0424733,-3.7124732,-3.4224732,-3.4724731,-3.1524732,-3.012473,-3.012473,-2.6724732,-2.2424731,-1.1924732,0.017526856,-1.0724732,-1.0624732,-1.1524731
