wind_kz.json
{"header": {"discipline":0,"disciplineName":"Meteorological products","gribEdition":2,"gribLength":948,"center":7,"centerName":"US National Weather Service - NCEP(WMC)","subcenter":0,"refTime":"2023-09-07T00:00:00.000Z","significanceOfRT":1,"significanceOfRTName":"Start of forecast","productStatus":0,"productStatusName":"Operational products","productType":1,"productTypeName":"Forecast products","productDefinitionTemplate":0,"productDefinitionTemplateName":"Analysis/forecast at horizontal level/layer at a point in time","parameterCategory":0,"parameterCategoryName":"UnknownDiscipline_0_Category_0","parameterNumber":0,"parameterNumberName":"UnknownParameter_D0_C0_0","parameterUnit":"Unknown","genProcessType":2,"genProcessTypeName":"Forecast","forecastTime":60,"surface1Type":1,"surface1TypeName":"Ground or water surface","surface1Value":0.0,"surface2Type":255,"surface2TypeName":"Missing","surface2Value":0.0,"gridDefinitionTemplate":0,"gridDefinitionTemplateName":"Latitude_Longitude","numberPoints":615,"shape":6,"shapeName":"Earth spherical with radius of 6,371,229.0 m","gridUnits":"degrees","resolution":48,"winds":"true","scanMode":64,"nx":41,"ny":15,"basicAngle":0,"lo1":47.0,"la1":41.0,"lo2":87.0,"la2":55.0,"dx":1.0,"dy":1.0}, "data":
[rows 0 to 14 of 15, columns 0 to 40 of 41]
303.49997,292.69998,298.3,298.19998,298.39996,297.09998,309.39996,317.39996,314.49997,314.89996,313.59998,313.69998,311.89996,311.3,311.19998,310.99997,310.69998,308.99997,310.39996,309.69998,311.09998,306.09998,307.3,304.49997,305.39996,309.19998,303.89996,289.8,287.59998,285.59998,285.09998,285.59998,298.09998,306.69998,306.8,305.19998,305.59998,305.09998,305.39996,304.69998,304.3
279.3,291.8,297.59998,297.8,297.8,296.19998,301.89996,304.19998,303.39996,303.8,306.39996,304.8,304.39996,308.8,309.09998,309.89996,309.59998,308.69998,307.3,308.09998,309.19998,306.3,304.49997,295.09998,286.8,286.19998,295.99997,288.49997,289.89996,284.3,285.99997,278.8,285.49997,263.59998,285.19998,301.49997,298.8,301.19998,305.8,297.99997,286.99997
290.69998,297.09998,297.8,297.69998,295.19998,293.99997,297.39996,294.09998,292.09998,292.59998,290.8,291.99997,290.39996,294.19998,297.39996,305.09998,305.49997,305.59998,306.09998,306.69998,307.69998,305.69998,303.59998,297.59998,304.19998,303.39996,303.8,303.8,302.39996,290.59998,280.59998,280.89996,288.8,289.69998,290.69998,290.89996,282.09998,282.99997,285.09998,280.59998,280.19998
293.59998,296.8,297.99997,297.19998,294.3,293.99997,295.3,293.09998,297.09998,296.8,294.89996,293.69998,294.09998,293.39996,297.49997,299.99997,303.09998,303.39996,302.99997,302.8,301.09998,299.49997,303.69998,303.99997,305.39996,305.09998,306.09998,304.59998,302.59998,303.49997,301.89996,299.09998,303.69998,302.99997,301.09998,295.19998,283.19998,281.39996,285.39996,294.99997,298.09998
304.3,295.69998,296.39996,295.19998,297.59998,299.39996,305.39996,303.49997,303.69998,299.89996,299.99997,302.3,293.59998,292.89996,291.3,302.3,301.8,300.49997,299.8,301.59998,302.3,302.89996,302.69998,302.99997,304.09998,304.3,303.8,301.49997,306.49997,306.3,307.99997,303.39996,288.59998,279.3,289.99997,297.99997,299.49997,303.69998,302.8,301.89996,301.59998
299.39996,301.59998,294.39996,293.99997,294.09998,293.69998,300.09998,303.99997,300.49997,301.8,302.09998,301.39996,293.89996,293.3,295.59998,302.3,303.59998,299.89996,300.59998,301.19998,300.89996,301.3,301.8,302.59998,302.89996,302.3,303.49997,292.39996,304.39996,305.59998,304.3,304.19998,302.09998,300.69998,297.99997,297.69998,289.99997,292.69998,299.8,301.09998,297.39996
298.39996,297.99997,292.49997,291.69998,296.49997,301.39996,305.3,302.09998,304.39996,303.59998,302.8,301.19998,302.49997,302.39996,297.89996,299.69998,300.8,300.19998,299.89996,299.09998,299.59998,300.89996,301.59998,302.39996,301.39996,301.69998,302.09998,303.89996,300.99997,301.39996,301.39996,301.89996,302.39996,301.89996,299.8,296.19998,290.3,287.39996,285.09998,282.09998,293.59998
293.99997,301.69998,290.09998,288.99997,294.39996,301.89996,301.39996,298.19998,300.3,300.19998,299.3,298.49997,297.99997,298.8,298.69998,297.8,297.49997,297.3,297.09998,295.59998,295.8,297.09998,299.3,300.09998,300.3,298.09998,297.99997,297.8,297.19998,299.39996,297.89996,298.09998,296.8,295.19998,295.3,295.49997,295.99997,289.69998,294.69998,294.09998,290.69998
292.49997,294.19998,294.69998,288.99997,290.3,294.09998,300.39996,300.99997,298.49997,297.39996,296.8,296.49997,295.89996,296.39996,296.09998,296.89996,296.69998,296.99997,294.89996,294.39996,292.39996,292.89996,295.99997,297.89996,297.59998,295.99997,295.59998,294.49997,291.8,291.49997,293.39996,293.8,294.99997,296.49997,294.39996,292.19998,291.09998,289.3,279.3,279.09998,276.69998
288.8,285.39996,289.09998,290.49997,294.49997,300.3,300.69998,299.59998,297.59998,295.99997,294.3,293.39996,294.3,294.09998,293.99997,293.99997,295.3,294.99997,293.49997,292.99997,291.39996,291.49997,293.8,297.19998,297.09998,295.09998,293.09998,295.3,294.69998,295.19998,294.69998,296.39996,297.19998,296.39996,294.99997,292.09998,288.19998,283.69998,280.49997,279.19998,277.69998
288.8,286.19998,289.69998,292.89996,298.39996,298.19998,297.69998,296.59998,295.39996,294.39996,292.39996,291.8,293.09998,290.69998,290.8,291.59998,292.3,293.49997,292.59998,287.8,286.59998,289.99997,292.59998,293.19998,292.09998,289.89996,288.8,292.39996,295.39996,297.8,298.69998,297.8,295.99997,295.89996,294.09998,290.99997,285.39996,282.19998,283.39996,281.49997,279.19998
292.89996,292.99997,294.3,294.8,293.39996,293.09998,291.99997,292.09998,292.39996,292.49997,289.19998,288.59998,285.39996,286.99997,287.19998,286.49997,289.69998,291.69998,291.59998,291.59998,286.49997,284.99997,287.99997,289.89996,287.49997,288.8,289.39996,291.19998,293.59998,296.09998,293.59998,294.19998,293.69998,292.39996,292.59998,292.09998,290.3,288.89996,286.69998,286.39996,286.3
289.89996,290.49997,291.09998,289.89996,287.59998,285.69998,283.8,283.19998,282.09998,282.09998,280.3,279.69998,282.39996,282.89996,286.09998,288.39996,288.8,289.3,290.3,286.59998,285.8,284.49997,286.39996,286.59998,289.89996,288.8,289.99997,293.59998,293.49997,293.19998,293.3,293.09998,291.89996,292.39996,291.59998,290.09998,289.39996,288.89996,288.69998,286.89996,286.49997
281.99997,282.89996,286.39996,282.69998,281.89996,281.99997,282.3,282.3,282.49997,282.39996,280.8,279.99997,284.19998,285.3,285.59998,284.99997,285.49997,285.89996,286.3,286.09998,286.59998,289.3,291.19998,290.59998,289.39996,290.19998,291.09998,291.8,293.19998,292.49997,292.09998,290.89996,289.99997,288.8,289.59998,288.09998,287.8,286.89996,287.09998,284.49997,284.8
286.8,287.89996,289.49997,290.89996,290.99997,291.39996,288.59998,285.89996,285.69998,285.39996,284.3,283.39996,282.39996,283.09998,284.39996,284.49997,286.39996,285.89996,288.69998,288.99997,289.8,288.59998,289.19998,291.59998,292.49997,292.99997,292.69998,291.69998,290.89996,289.99997,289.39996,287.39996,287.8,288.3,288.3,287.19998,288.09998,286.3,286.89996,285.59998,284.39996
