wind.json
{"header": {"discipline":0,"disciplineName":"Meteorological products","gribEdition":2,"gribLength":1125,"center":7,"centerName":"US National Weather Service - NCEP(WMC)","subcenter":0,"refTime":"2023-05-30T06:00:00.000Z","significanceOfRT":1,"significanceOfRTName":"Start of forecast","productStatus":0,"productStatusName":"Operational products","productType":1,"productTypeName":"Forecast products","productDefinitionTemplate":0,"productDefinitionTemplateName":"Analysis/forecast at horizontal level/layer at a point in time","parameterCategory":2,"parameterCategoryName":"UnknownDiscipline_0_Category_2","parameterNumber":3,"parameterNumberName":"UnknownParameter_D0_C2_3","parameterUnit":"Unknown","genProcessType":2,"genProcessTypeName":"Forecast","forecastTime":120,"surface1Type":103,"surface1TypeName":"Specified height level above ground","surface1Value":10.0,"surface2Type":255,"surface2TypeName":"Missing","surface2Value":0.0,"gridDefinitionTemplate":0,"gridDefinitionTemplateName":"Latitude_Longitude","numberPoints":688,"shape":6,"shapeName":"Earth spherical with radius of 6,371,229.0 m","gridUnits":"degrees","resolution":48,"winds":"true","scanMode":64,"nx":43,"ny":16,"basicAngle":0,"lo1":45.0,"la1":40.0,"lo2":87.0,"la2":55.0,"dx":1.0,"dy":1.0}, "data":
[rows 0 to 15 of 16, columns 0 to 42 of 43]
2.7158618,1.4358618,-1.8641381,-1.1241382,2.8958619,6.075862,5.035862,2.1658618,2.0658617,-0.014138184,0.2958618,1.9058619,-0.3941382,-1.0341382,-2.664138,-3.9841383,-3.7241383,-2.904138,-2.124138,-6.1641383,-7.004138,-0.9841382,-0.2941382,-3.5441382,-4.1241384,-2.914138,-3.4941382,-3.674138,-0.9741382,0.98586184,2.835862,3.595862,3.9058619,2.0558617,-2.2841382,-0.5041382,0.5958618,-0.6041382,3.1358619,1.5058618,-1.0941381,-2.634138,-4.8341384
-0.64413816,-0.70413816,0.3858618,2.095862,0.3358618,10.245862,6.1058617,3.7058618,1.3258618,-0.06413818,3.0158617,1.4958618,-1.2141382,-1.6241382,-2.664138,-3.3041382,-4.5641384,-4.8341384,-1.6741382,-4.1041384,-5.8741384,-4.364138,-2.894138,-2.2641382,2.9258618,0.15586181,2.355862,0.13586181,0.035861816,1.7058618,-1.7641382,0.7858618,0.28586182,1.1958618,-0.6241382,-0.34413818,1.0158619,3.0058618,4.0058618,3.9058619,2.7858617,-1.4841381,0.9658618
-0.18413818,1.8458618,3.325862,-0.57413816,1.5058618,4.805862,5.785862,3.3058617,2.4458618,2.7858617,4.195862,1.8958619,0.19586182,-1.9241382,-2.5941381,-3.2241383,-4.274138,-0.8141382,-0.9041382,-4.3541384,-5.294138,-5.094138,-5.0841384,-2.7741382,3.4858618,1.4658618,2.0158617,3.3158617,2.9058619,2.625862,-0.58413815,2.115862,-1.4641382,1.0058618,0.73586184,2.2858617,1.5558618,4.325862,4.595862,3.1358619,0.24586181,-0.5441382,1.4158618
-2.5141382,-2.0341382,-1.8841382,1.1858618,3.865862,4.575862,3.7458618,4.8358617,2.865862,3.9758618,5.5258617,1.6058618,0.46586183,-2.5741382,-3.164138,-1.3141382,-2.4341383,-2.5141382,-2.8141382,-4.034138,-4.9741383,-4.544138,-5.9341383,-1.3541381,-1.9641382,-3.6941383,-2.874138,-2.1141381,-0.7841382,-1.0641382,1.8458618,-1.0641382,-1.4141382,2.8158617,0.24586181,0.85586184,0.24586181,-2.4341383,2.6758618,2.595862,1.8358618,5.195862,2.5658617
-1.1141381,-0.2641382,2.3158617,2.7558618,2.2958617,3.1658618,3.6458619,6.6858616,4.725862,6.3558617,3.9058619,2.0058618,1.6058618,-2.2041383,-3.884138,-1.3641381,-0.8041382,-2.5441382,-2.5841382,-4.304138,-4.804138,-5.534138,-4.1841383,-3.904138,-0.4241382,-1.6141381,-3.414138,-3.1041381,-2.0641382,-2.2241383,-2.1941383,1.4558618,4.405862,1.6958618,0.49586183,0.035861816,1.5658618,1.5058618,2.595862,0.8458618,-3.374138,-2.0441382,-1.4041382
0.21586181,0.5358618,1.8658618,3.0658617,2.4458618,1.4958618,3.4258618,3.2358618,4.285862,5.995862,3.855862,2.9058619,2.0058618,0.3258618,-2.2141383,-3.0841382,-1.6141381,-2.6941383,-3.2041383,-2.644138,-3.144138,-2.8041382,-1.5241382,-0.58413815,0.14586182,-0.82413816,-0.7441382,-2.7341383,-4.8141384,-3.4641383,-0.9141382,-3.0141382,-2.3241382,-2.7541382,-1.7541382,-3.4541383,0.9958618,1.2258618,2.355862,-0.7841382,-2.164138,-0.27413818,-0.83413815
0.85586184,0.06586181,1.3258618,3.6658618,0.055861816,0.60586184,0.40586182,-0.5441382,1.1958618,3.4958618,4.575862,2.7858617,2.2058618,1.1058618,2.3958619,0.9458618,-4.024138,-1.7941382,-1.6041381,-2.4441383,-2.0941381,-0.3841382,0.17586182,-0.5541382,0.5758618,0.8158618,-0.49413818,-1.4741381,-1.4841381,-5.8941383,-2.7541382,-3.3141382,-4.6241384,-5.3541384,-1.0541382,-2.5541382,-0.9241382,7.4358616,0.20586182,1.3958619,-1.2041382,0.045861818,3.2158618
0.91586185,1.1258618,1.3958619,3.1658618,3.9258618,3.9258618,3.1958618,2.1858618,1.4558618,1.8658618,2.4058619,1.1258618,-0.024138184,-0.5941382,-1.1641382,-1.4041382,-1.3141382,-1.8641381,0.7658618,-0.6641382,-3.0041382,-1.6741382,0.035861816,1.2558618,1.6758618,0.6458618,0.30586183,0.79586184,-1.0041382,-2.5141382,-3.4441383,-1.6341382,-1.6741382,-1.7441382,-0.004138184,0.8858618,1.6758618,3.115862,5.1058617,1.0458618,0.9558618,1.3658618,1.0258619
1.8258618,1.6458619,2.7558618,4.7958617,5.385862,4.635862,3.2558618,2.125862,1.2958618,0.6358618,0.22586182,0.10586181,-0.9741382,-1.1541382,-3.2341383,-3.7841382,-0.43413818,0.3558618,-0.4541382,1.0358618,-1.7741382,-1.8241382,-0.9341382,0.3658618,-0.95413816,-0.054138184,0.4558618,-0.2941382,-0.9141382,-0.5341382,-0.6141382,-1.6341382,-1.3541381,-1.5141382,-0.64413816,0.21586181,0.46586183,0.17586182,-1.3941382,0.25586182,0.5158618,1.4058619,2.7358618
-0.5041382,2.1358619,3.615862,4.3358617,7.515862,5.8358617,5.485862,3.7858617,2.4858618,1.5658618,0.23586182,-0.7841382,-1.2441382,-1.3241382,-2.7541382,-4.2041383,-1.9241382,0.8258618,-1.3041382,2.2658617,-0.27413818,-2.0041382,-0.124138184,-0.5041382,0.5758618,1.6158618,0.5258618,-0.13413818,-0.6241382,-0.5541382,-1.5541382,-1.2241381,-1.4941382,-2.4941382,-1.6341382,-2.124138,-1.5441382,0.41586182,1.9058619,-1.9341382,2.2358618,2.4058619,2.115862
2.0258617,-1.3141382,0.73586184,0.015861817,0.6358618,3.4058619,4.975862,5.385862,5.015862,2.5558617,-0.034138184,-0.7941382,0.17586182,-0.6141382,-2.3241382,-4.1041384,-3.7641382,1.4258618,-0.054138184,1.8558618,0.43586183,-0.24413818,-0.19413818,-0.014138184,1.4058619,2.1558619,2.5658617,1.4758618,0.2658618,-0.4541382,-0.9841382,-2.2541382,-3.374138,-3.904138,-0.4541382,-0.6741382,-1.4641382,-1.3641381,-0.4541382,2.1758618,0.24586181,-2.8241382,-0.4241382
2.625862,2.2258618,1.4858618,0.20586182,3.6358619,4.1258616,4.615862,5.445862,4.485862,2.7858617,2.585862,0.6958618,-1.7741382,-0.8541382,-1.8241382,-2.0841382,-3.644138,0.11586182,1.6258618,1.1558619,2.3158617,1.8258618,1.6958618,2.3958619,2.6358619,3.1558619,3.2658617,2.1758618,0.30586183,-0.2941382,-0.89413816,-0.88413817,-1.8641381,-2.7841382,-2.8541381,-2.9941382,-2.2941382,-2.0441382,-1.2741382,-1.7241381,-0.5041382,-1.0441382,-0.8541382
0.20586182,3.345862,5.325862,7.5258617,6.225862,6.495862,5.655862,4.455862,4.1858616,3.3058617,2.6658618,1.4758618,-0.7841382,0.6358618,1.1258618,-0.7341382,-1.2641382,-1.3941382,0.79586184,2.9858618,2.3858619,2.575862,3.4058619,3.855862,3.865862,3.9958618,3.8858619,2.375862,0.5358618,-0.5341382,-0.17413819,0.43586183,0.035861816,-1.3541381,-2.0741382,-3.1941383,-1.6541382,-2.1941383,-2.5641382,-2.3041382,-2.394138,-2.5341382,-0.95413816
-3.4741383,2.5558617,3.855862,5.805862,5.135862,2.8958619,3.3858619,4.195862,4.8558617,3.6758618,2.9558618,1.3358618,0.91586185,2.0458617,3.0358617,1.9258618,0.10586181,-0.22413819,-0.22413819,1.4058619,3.125862,3.2458618,3.6658618,4.3158617,4.285862,4.595862,4.885862,3.2358618,1.5458618,1.0058618,-0.7341382,0.6458618,0.0058618165,-1.2241381,-0.64413816,-0.6741382,-0.8741382,-1.0841382,-0.8741382,-1.8641381,-1.2141382,-1.0941381,-1.2441382
-4.424138,1.1658618,3.355862,3.4058619,4.905862,3.9358618,4.7958617,5.3158617,3.9558618,3.6758618,1.7458618,2.325862,0.6358618,2.0658617,3.9258618,3.105862,0.8458618,-0.5241382,0.4858618,0.22586182,0.98586184,3.3858619,4.0658617,4.155862,4.035862,5.115862,4.825862,2.4058619,2.355862,2.365862,0.15586181,-1.2241381,-1.0041382,-1.5741382,-1.6841382,-1.9741381,0.5358618,-0.9241382,-1.2241381,0.79586184,1.4858618,-0.34413818,-0.8741382
-6.3341384,-4.8941383,2.125862,3.085862,4.5658617,4.615862,4.865862,4.245862,5.055862,3.5658617,1.7758619,2.085862,1.4658618,1.8858619,1.1858618,3.355862,1.0758618,-0.07413819,0.10586181,0.06586181,0.18586181,1.0558618,3.5658617,4.7558618,4.805862,4.325862,3.7558618,3.595862,2.7058618,1.4158618,1.6458619,0.34586182,1.2458618,-0.06413818,-0.3841382,-1.6441382,-1.9341382,-1.8241382,-0.5041382,0.025861816,0.5258618,-0.4141382,-0.13413818
