wind_kz.json
{"header": {"discipline":0,"disciplineName":"Meteorological products","gribEdition":2,"gribLength":1025,"center":7,"centerName":"US National Weather Service - NCEP(WMC)","subcenter":0,"refTime":"2023-09-24T18:00:00.000Z","significanceOfRT":1,"significanceOfRTName":"Start of forecast","productStatus":0,"productStatusName":"Operational products","productType":1,"productTypeName":"Forecast products","productDefinitionTemplate":0,"productDefinitionTemplateName":"Analysis/forecast at horizontal level/layer at a point in time","parameterCategory":2,"parameterCategoryName":"UnknownDiscipline_0_Category_2","parameterNumber":3,"parameterNumberName":"UnknownParameter_D0_C2_3","parameterUnit":"Unknown","genProcessType":2,"genProcessTypeName":"Forecast","forecastTime":180,"surface1Type":103,"surface1TypeName":"Specified height level above ground","surface1Value":10.0,"surface2Type":255,"surface2TypeName":"Missing","surface2Value":0.0,"gridDefinitionTemplate":0,"gridDefinitionTemplateName":"Latitude_Longitude","numberPoints":615,"shape":6,"shapeName":"Earth spherical with radius of 6,371,229.0 m","gridUnits":"degrees","resolution":48,"winds":"true","scanMode":64,"nx":41,"ny":15,"basicAngle":0,"lo1":47.0,"la1":41.0,"lo2":87.0,"la2":55.0,"dx":1.0,"dy":1.0}, "data":
[rows 0 to 14 of 15, columns 0 to 40 of 41]
-0.22583497,1.814165,-2.255835,-3.9758348,0.124165036,2.214165,3.2741652,2.464165,1.944165,1.444165,-0.11583496,0.20416504,-0.06583496,-0.22583497,-0.91583496,-0.905835,1.5841651,-0.44583496,-1.855835,-1.7658349,-0.13583496,-1.7558349,-0.595835,0.44416505,1.704165,0.11416504,0.63416505,-0.835835,0.86416507,3.444165,2.314165,2.684165,-1.715835,-0.69583493,-1.6558349,-5.725835,-2.495835,1.434165,1.884165,1.454165,0.41416505
1.2141651,-1.545835,-1.925835,0.05416504,1.7141651,2.7841651,1.0841651,2.454165,1.7141651,1.2141651,0.654165,-1.1558349,-0.66583496,-0.42583495,-1.465835,0.23416504,0.14416504,-0.775835,-1.305835,-3.245835,-2.885835,-2.6958349,0.36416504,0.32416505,2.5341651,1.8641651,2.734165,1.004165,0.544165,1.2441651,-1.4058349,2.824165,-0.61583495,1.704165,0.844165,0.89416504,-3.685835,1.2341651,1.804165,2.224165,1.074165
-0.74583495,-0.36583495,-1.225835,1.914165,2.184165,1.894165,2.654165,1.664165,2.744165,1.3441651,-0.35583496,-0.11583496,-0.705835,-0.69583493,-0.99583495,-1.1358349,-0.895835,-1.1558349,-1.375835,-0.10583496,-2.935835,-1.335835,1.064165,0.39416504,-1.315835,-1.565835,-0.97583497,-1.685835,-0.30583495,-0.645835,1.774165,2.444165,1.134165,2.214165,0.29416505,-2.4558349,-0.12583496,2.2941651,-0.515835,0.604165,-0.03583496
1.944165,2.144165,2.484165,2.504165,2.134165,2.454165,2.564165,3.604165,2.994165,2.3041651,1.3341651,0.26416504,-0.60583496,-0.63583493,-0.74583495,-1.105835,-1.5158349,-1.745835,-0.44583496,-1.055835,-2.165835,-1.8958349,1.3641651,-0.13583496,-0.49583495,-0.705835,0.044165038,0.124165036,1.4941651,-0.045834962,1.544165,0.81416506,0.50416505,-0.09583496,0.56416506,2.114165,2.364165,2.314165,-2.645835,-2.325835,-1.2658349
2.184165,1.384165,1.654165,1.174165,1.674165,2.354165,2.394165,4.014165,3.2941651,1.894165,1.8641651,1.394165,1.404165,0.47416505,-0.41583496,-0.22583497,-0.53583497,-1.555835,-1.925835,0.22416504,0.35416505,1.324165,0.14416504,0.48416504,1.9941651,1.504165,-0.74583495,-0.845835,-1.075835,-2.285835,-2.345835,-1.985835,-0.49583495,0.86416507,0.62416506,1.904165,2.7841651,0.854165,-3.345835,-0.905835,-0.28583497
-0.75583494,0.06416504,0.77416503,1.164165,1.924165,2.494165,3.004165,3.984165,3.164165,2.2941651,2.344165,2.704165,1.8641651,1.554165,0.51416504,0.674165,0.46416503,0.02416504,-0.28583497,0.17416504,0.68416506,1.064165,1.674165,1.924165,2.704165,2.124165,1.314165,-2.135835,-0.32583496,-0.55583495,-1.305835,-1.6558349,-1.935835,-3.665835,-1.7758349,-0.18583496,-2.905835,1.164165,-1.0258349,0.17416504,-0.12583496
-0.02583496,0.45416504,0.924165,1.3541651,2.444165,1.924165,2.474165,3.7941651,3.454165,3.104165,3.764165,3.134165,2.254165,1.704165,1.274165,1.8441651,1.3641651,2.134165,1.7241651,1.554165,1.514165,1.0941651,1.3541651,3.074165,3.7741652,3.754165,2.634165,2.404165,2.314165,1.174165,0.724165,0.47416505,-0.25583497,0.22416504,0.48416504,1.8341651,2.484165,0.69416505,-1.085835,1.524165,-1.8858349
-0.835835,-0.88583493,-0.98583496,1.624165,1.134165,1.7241651,3.0241652,3.934165,3.834165,3.7741652,4.554165,3.584165,3.114165,2.694165,2.224165,2.234165,2.5241652,3.2741652,3.2741652,2.844165,2.654165,2.244165,1.944165,2.7741652,4.264165,3.734165,4.014165,3.584165,2.234165,1.704165,1.154165,1.254165,1.8441651,2.164165,0.734165,0.124165036,-0.08583496,0.88416505,-0.005834961,-0.44583496,0.37416503
-2.165835,-2.4758348,-2.405835,-1.695835,-1.1658349,-1.0258349,0.49416503,2.3041651,2.494165,3.494165,3.734165,3.934165,2.474165,2.864165,2.924165,3.244165,3.414165,4.444165,4.194165,4.144165,3.3041651,3.184165,3.234165,3.744165,4.044165,4.004165,3.3041651,3.184165,2.214165,2.014165,2.854165,2.894165,3.0341651,2.474165,3.174165,4.884165,2.764165,-0.91583496,-1.235835,-1.4058349,-0.45583495
-2.345835,-2.745835,-3.035835,-3.275835,-3.685835,-3.165835,-1.7658349,1.024165,2.0341651,2.124165,2.8041651,2.924165,2.664165,2.564165,3.8041651,3.664165,3.854165,4.094165,4.004165,4.634165,5.004165,4.134165,3.254165,4.144165,3.984165,3.8041651,3.934165,3.414165,2.634165,2.824165,2.164165,2.084165,2.104165,2.914165,5.544165,3.634165,1.524165,2.314165,2.0341651,1.7141651,1.254165
-1.795835,-2.255835,-2.675835,-3.345835,-3.365835,-3.315835,-3.655835,-3.435835,-1.5158349,0.21416503,1.7141651,2.244165,1.824165,2.704165,2.354165,3.574165,4.334165,5.114165,5.224165,4.954165,5.134165,4.494165,4.414165,4.624165,4.1741652,4.244165,4.1541653,4.194165,3.844165,3.324165,2.864165,2.354165,3.064165,4.334165,6.844165,7.6541653,2.174165,2.944165,4.664165,2.0241652,1.3441651
-0.525835,-0.895835,-1.325835,-1.935835,-2.655835,-2.4458349,-2.905835,-3.305835,-3.085835,-1.705835,-0.32583496,0.62416506,0.77416503,2.354165,3.0241652,2.974165,3.834165,4.634165,5.134165,5.514165,5.434165,4.854165,4.664165,4.484165,4.444165,4.294165,4.454165,3.994165,3.884165,3.634165,3.334165,4.184165,4.014165,5.514165,5.564165,8.804165,8.964165,6.274165,3.014165,3.144165,2.014165
-0.08583496,-0.37583497,0.10416504,-0.645835,-1.185835,-0.40583497,-1.3958349,-2.255835,-2.435835,-2.065835,-0.31583497,-0.39583495,-0.44583496,-0.73583496,-0.07583496,2.124165,3.0541651,3.104165,4.184165,4.804165,5.584165,5.4241652,4.914165,5.074165,4.744165,4.844165,4.374165,3.724165,3.344165,3.354165,4.004165,4.734165,5.064165,5.614165,6.024165,6.874165,7.244165,5.054165,7.464165,5.604165,3.344165
0.81416506,-0.19583496,-1.435835,-0.31583497,-0.56583494,-0.73583496,-0.905835,-0.81583494,-0.66583496,-0.68583494,-0.09583496,-0.905835,-0.595835,-0.18583496,-1.475835,-0.68583494,2.114165,3.404165,2.114165,3.714165,3.974165,4.594165,4.524165,3.974165,4.004165,3.904165,3.764165,3.7841651,3.904165,3.834165,4.054165,4.614165,5.134165,5.534165,5.4041653,6.354165,5.804165,6.204165,6.394165,5.334165,7.164165
0.89416504,0.47416505,-0.24583496,-0.585835,-0.02583496,-0.20583495,-0.595835,-0.56583494,-0.03583496,0.13416503,0.534165,1.294165,0.10416504,-0.17583495,-1.315835,-1.065835,-0.93583494,1.8541651,2.5441651,2.994165,3.314165,3.584165,2.954165,3.214165,3.654165,3.474165,3.174165,3.364165,3.514165,3.7841651,4.184165,4.934165,4.614165,5.284165,5.874165,6.204165,7.6741652,7.334165,7.114165,7.244165,5.134165
