wind_kz.json
{"header": {"discipline":0,"disciplineName":"Meteorological products","gribEdition":2,"gribLength":1025,"center":7,"centerName":"US National Weather Service - NCEP(WMC)","subcenter":0,"refTime":"2023-09-27T18:00:00.000Z","significanceOfRT":1,"significanceOfRTName":"Start of forecast","productStatus":0,"productStatusName":"Operational products","productType":1,"productTypeName":"Forecast products","productDefinitionTemplate":0,"productDefinitionTemplateName":"Analysis/forecast at horizontal level/layer at a point in time","parameterCategory":2,"parameterCategoryName":"UnknownDiscipline_0_Category_2","parameterNumber":2,"parameterNumberName":"UnknownParameter_D0_C2_2","parameterUnit":"Unknown","genProcessType":2,"genProcessTypeName":"Forecast","forecastTime":120,"surface1Type":103,"surface1TypeName":"Specified height level above ground","surface1Value":10.0,"surface2Type":255,"surface2TypeName":"Missing","surface2Value":0.0,"gridDefinitionTemplate":0,"gridDefinitionTemplateName":"Latitude_Longitude","numberPoints":615,"shape":6,"shapeName":"Earth spherical with radius of 6,371,229.0 m","gridUnits":"degrees","resolution":48,"winds":"true","scanMode":64,"nx":41,"ny":15,"basicAngle":0,"lo1":47.0,"la1":41.0,"lo2":87.0,"la2":55.0,"dx":1.0,"dy":1.0}, "data":
[rows 0 to 14 of 15, columns 0 to 40 of 41]
-0.41528565,-0.72528565,1.3247143,-0.22528565,-1.0852857,-3.6452856,-5.8552856,-6.8552856,-7.6052856,-6.4352856,-5.9552855,-5.1852856,-4.445286,-3.9352856,-3.7852857,-2.5652857,-2.0652857,-0.77528566,-2.8352857,-0.39528564,1.0647143,0.9947144,-2.0352857,-1.2352856,-0.99528563,-1.9552857,-1.6952857,0.36471435,0.48471436,0.82471436,-1.4352857,1.4247143,0.66471434,-0.60528564,-1.2952857,-1.7852856,-3.1152856,-3.7152855,-3.1052856,-2.1852856,-2.9352856
1.8447144,1.7747144,4.594714,-1.1552856,-2.0052857,-2.8852856,-4.6252856,-7.0952854,-6.5252857,-5.1452856,-4.3752856,-3.8852856,-3.5052857,-1.6952857,-2.0452857,-2.7952857,-1.5552857,-0.13528565,0.47471437,2.0847144,2.4547143,-1.1552856,-0.99528563,-2.4052856,1.1347144,0.6747143,-0.6252856,1.0647143,-0.46528566,0.7347143,0.6247144,0.20471436,-0.73528564,-1.9152856,-0.015285645,0.49471435,-0.09528565,-1.3752856,-1.5352856,0.08471435,-4.695286
1.4347143,-0.20528564,-3.5052857,-1.7752856,-3.0352857,-3.2152855,-5.5852857,-4.4752855,-4.715286,-6.175286,-5.3152857,-5.195286,-3.4652855,-2.2552857,-1.9852856,-3.2452857,-2.2352858,-3.8152857,-3.2352858,-2.9352856,-1.5952857,-1.0152856,-2.2552857,-0.84528565,0.12471435,2.7247143,-0.74528563,0.6147144,-2.1852856,0.7447144,-0.09528565,-0.055285644,-0.31528565,0.30471435,-0.97528565,-1.8252857,-0.08528564,-0.20528564,2.1647143,-0.84528565,1.6147144
-1.2752856,-1.5952857,-2.8452857,-1.3052857,-1.2452856,-2.7352858,-3.3952856,-2.9852858,-3.8252857,-5.5952854,-5.5252857,-4.365286,-3.4652855,-3.2052855,-1.8852856,-2.5852857,-2.4252856,-3.3552856,-2.2652857,-2.0852857,-0.19528565,-0.055285644,1.3447144,3.0647144,3.4247143,2.6147144,-0.55528563,-2.3452857,-2.6652856,0.114714354,2.5147142,-1.1052856,1.0147144,-0.27528563,-1.8852856,-2.0152857,-1.1152856,1.8447144,0.23471436,-1.4052856,-0.9352856
-2.7252855,-3.1152856,-2.4052856,-2.2152855,-1.1352856,-0.67528564,-1.7252856,-1.3952856,-2.8352857,-4.365286,-4.2452855,-3.4352856,-2.3552856,-2.5552857,-2.4552855,-2.4452856,-0.19528565,-1.9552857,-1.8552856,-1.2652856,-0.21528564,1.3547144,1.6547143,0.13471435,-4.5652857,-6.8152857,-6.945286,-4.155286,-4.0552855,-2.9352856,-2.4652855,0.28471434,-1.3452857,0.40471435,-0.25528565,0.7347143,-0.20528564,-3.8952856,-3.4552855,-4.1852856,-3.6652856
-1.6552856,-1.9652857,-3.2352858,-3.5952857,-4.2852855,-4.0252857,-3.4052856,-2.3552856,-3.3252857,-4.8452854,-2.9052856,-2.3052857,0.51471436,-1.3252857,-1.7052857,-2.2252855,-1.5852857,-2.8852856,-2.1152856,0.014714356,-1.2252856,0.43471435,-6.0152855,-7.8052855,-7.6852856,-8.115286,-4.655286,-7.2252855,-4.425286,-3.4652855,-2.1752856,-2.7252855,-2.0952857,-1.9252857,-0.74528563,0.23471436,-0.31528565,-1.3952856,-1.5052856,-3.5252857,-3.2952857
-0.67528564,0.59471434,0.13471435,-0.38528565,-0.17528564,0.7347143,0.16471435,-3.0452857,-2.6252856,-2.1052856,-2.3552856,-0.34528565,-0.65528566,-1.7252856,-0.20528564,0.08471435,-0.6352856,-2.7052855,-1.6652856,-2.3152857,-1.9752856,-7.445286,-6.155286,-7.905286,-7.7352858,-4.2552857,-3.3152857,-3.0652857,-3.0552857,-3.5652857,-4.3352857,-3.0952857,-0.34528565,-0.38528565,-1.9952856,-3.2352858,-0.8152856,1.4147143,-2.1552856,1.7147144,-0.24528565
1.0447143,0.34471434,0.39471436,-1.6952857,1.9447143,2.5447145,-0.26528564,-1.4552857,-0.78528565,-1.5852857,-2.2652857,-1.5852857,-2.4052856,-1.4952856,-2.2752857,-1.2052857,-2.0752857,-3.3452857,-2.8252857,-2.0952857,-1.2252856,-4.405286,-3.7852857,-3.1052856,-3.4452856,-2.2052855,-2.0452857,-1.7552856,-3.3252857,-4.0652857,-3.7852857,-2.2152855,-3.7752857,-0.8752856,-3.6552856,-1.4152856,-0.98528564,-0.47528565,-1.2152857,-1.2852856,-2.3152857
0.69471437,0.21471435,0.72471434,-0.85528564,-0.0052856444,-2.2052855,-3.2452857,-2.0352857,-1.9752856,-2.3552856,-2.5152857,-1.9252857,-1.1552856,-2.3652856,-1.4052856,0.94471437,-2.2352858,-2.9652855,-2.8652856,-2.4952857,-3.0052857,-1.9952856,-0.55528563,-1.0452857,-0.8752856,0.09471436,-1.2152857,-2.7152855,-1.2052857,-1.4952856,-1.9852856,-1.0752857,-0.055285644,-0.58528566,-0.29528564,-0.18528564,-0.36528563,-2.2252855,-1.0552857,-0.32528564,-2.4252856
0.46471435,0.7347143,0.9247143,1.3347144,-0.37528566,-2.3952856,-2.6852856,-2.1652856,-2.0252857,-2.5252857,-2.3052857,-1.8752856,-1.0452857,-1.2252856,-1.7752856,-2.5352857,-3.4552855,-3.1852856,-3.3952856,-3.3152857,-2.8252857,-1.6852857,-3.5552857,-3.9952857,-3.6252856,-3.6052856,-3.0252857,-3.7052855,-2.8952856,-2.0652857,-0.8152856,0.24471435,1.2747144,-0.20528564,0.17471436,0.20471436,-1.2852856,-0.20528564,-2.1452856,-0.35528564,-1.2752856
-1.6752857,1.5647143,0.97471434,0.45471436,0.25471437,-1.3552856,-1.3452857,-1.2452856,-2.1852856,-2.1352856,-1.3252857,-0.70528567,-0.72528565,-0.6952856,-0.015285645,-0.80528563,-2.8452857,-1.8852856,-2.5452857,-2.6452856,-3.1552856,-2.3252857,-2.2852857,-2.6252856,-2.6752856,-3.1552856,-3.4352856,-3.7652857,-2.1152856,-2.1552856,-2.2252855,-1.8152857,-2.4852858,-2.1452856,-0.98528564,-0.58528566,-1.1352856,-0.36528563,-0.7652857,0.84471434,-1.2252856
0.51471436,-1.7852856,-0.54528564,0.26471436,0.42471436,-0.6952856,-1.2652856,-1.0652857,-0.37528566,-1.4552857,-1.3752856,0.044714354,0.014714356,-0.18528564,1.3947144,0.7347143,-0.17528564,0.34471434,-1.4852856,-1.2052857,-2.1952856,-1.8252857,-2.4552855,-1.9352857,-2.8252857,-3.4352856,-3.8052857,-2.7952857,-2.8152857,-3.0952857,-2.5652857,-2.8452857,-2.0652857,-2.9052856,-1.9352857,-2.3052857,-2.7252855,-1.4352857,-0.47528565,-0.53528565,-0.59528565
1.0947144,-0.07528564,-0.67528564,-0.91528565,2.7647142,0.23471436,-0.65528566,-0.40528566,0.034714356,-0.55528563,-0.64528567,0.58471435,1.2547144,1.9547143,1.8747144,1.4147143,1.0147144,0.9247143,0.15471436,-0.31528565,-0.46528566,-0.47528565,0.23471436,-0.8852856,-2.1152856,-2.6452856,-2.2852857,-2.7452857,-2.3452857,-2.1352856,-1.9852856,-2.0252857,-2.4352856,-2.6852856,-2.0552857,-2.7752857,-2.4552855,-1.6352856,-2.8852856,-1.7252856,-1.0052856
1.6947143,1.3547144,0.26471436,0.64471436,-0.09528565,0.7347143,1.2447144,1.1847143,1.0247144,0.27471435,-0.035285644,-0.045285646,1.9547143,2.2447143,2.4247143,1.9447143,1.3947144,0.8647144,0.14471436,0.69471437,0.30471435,0.59471434,1.0047144,-0.0052856444,-0.70528567,-1.1452856,-1.5352856,-0.9452856,-0.91528565,-0.72528565,-0.6252856,-0.70528567,-0.9452856,-0.8852856,-1.0652857,-1.2952857,-1.3452857,-1.4252857,-1.2952857,-0.8252857,-0.55528563
1.4247143,1.7447144,2.5547144,1.7347144,1.6047144,0.63471437,0.38471437,1.0247144,2.1947143,0.84471434,0.19471435,2.5047143,1.1947143,1.1747143,2.5047143,2.4947143,2.1947143,1.8247143,0.9347144,1.1547143,0.8147144,0.89471436,0.6147144,1.1047144,0.43471435,0.48471436,0.23471436,0.18471436,0.18471436,0.5647144,1.1047144,0.40471435,0.47471437,0.78471434,0.90471435,1.2147144,-0.13528565,0.82471436,0.78471434,-0.08528564,-0.8152856
