wind_kz.json
{"header": {"discipline":0,"disciplineName":"Meteorological products","gribEdition":2,"gribLength":1025,"center":7,"centerName":"US National Weather Service - NCEP(WMC)","subcenter":0,"refTime":"2023-09-22T18:00:00.000Z","significanceOfRT":1,"significanceOfRTName":"Start of forecast","productStatus":0,"productStatusName":"Operational products","productType":1,"productTypeName":"Forecast products","productDefinitionTemplate":0,"productDefinitionTemplateName":"Analysis/forecast at horizontal level/layer at a point in time","parameterCategory":2,"parameterCategoryName":"UnknownDiscipline_0_Category_2","parameterNumber":2,"parameterNumberName":"UnknownParameter_D0_C2_2","parameterUnit":"Unknown","genProcessType":2,"genProcessTypeName":"Forecast","forecastTime":120,"surface1Type":103,"surface1TypeName":"Specified height level above ground","surface1Value":10.0,"surface2Type":255,"surface2TypeName":"Missing","surface2Value":0.0,"gridDefinitionTemplate":0,"gridDefinitionTemplateName":"Latitude_Longitude","numberPoints":615,"shape":6,"shapeName":"Earth spherical with radius of 6,371,229.0 m","gridUnits":"degrees","resolution":48,"winds":"true","scanMode":64,"nx":41,"ny":15,"basicAngle":0,"lo1":47.0,"la1":41.0,"lo2":87.0,"la2":55.0,"dx":1.0,"dy":1.0}, "data":
[rows 0 to 14 of 15, columns 0 to 40 of 41]
-2.0344794,-0.56447935,0.6055206,-1.4244794,-2.3144794,-0.16447937,2.1255207,-3.5044794,-2.6744795,-1.4244794,-1.2644794,-2.9544795,-2.2944794,-1.2344794,0.05552063,0.06552063,1.8455206,3.4555206,2.5755205,3.5355206,5.2855206,3.5455205,-1.6244794,-0.44447938,0.18552063,-2.7244794,-2.6944795,-0.05447937,-0.39447936,0.30552062,-1.3544793,0.40552062,0.23552063,-0.74447936,-1.0544794,-0.8544794,-0.38447937,0.08552063,-0.47447938,-0.42447937,1.3855206
1.0055206,0.62552065,-1.5144794,-1.8044794,-1.6944793,-0.18447937,-1.9544793,-1.7644794,-2.3544793,-1.0844793,-1.9844794,-2.9244795,-1.0844793,0.12552063,1.1555207,1.9855206,0.20552063,-1.1244794,-0.37447938,2.2055206,2.5755205,-2.2044795,-1.7644794,-1.3944794,-0.7044794,0.50552064,-0.73447937,0.38552064,-3.7144794,-1.8544793,-0.5244794,-0.5344794,0.02552063,-3.2144794,0.06552063,0.50552064,0.99552065,-0.32447937,-0.38447937,-0.22447938,-0.41447937
-1.5244794,-3.7944794,-3.3544793,-1.6544794,-0.08447937,1.0355207,-0.42447937,-1.1644794,-2.5244794,-1.2344794,-1.9044794,-2.0444794,-0.48447937,0.94552064,1.1555207,0.9655206,-1.0344794,0.19552062,0.86552066,1.6255206,0.25552064,-1.0544794,-1.6844794,-0.06447937,2.2555206,-1.5244794,-1.9544793,-1.3944794,-2.8044794,-0.15447937,-1.4544793,1.5455207,-0.12447937,-0.68447936,-0.38447937,-0.56447935,0.56552064,-0.19447938,3.1655207,2.0555205,1.7055206
-3.8544793,-5.6244793,-5.3344793,-3.8544793,-2.8744793,-1.9444793,-0.11447937,-1.8944794,-0.15447937,1.3255206,-1.2344794,-0.8944794,0.92552066,1.0955206,1.4455206,0.56552064,-0.45447937,-1.0844793,0.07552063,-2.3644793,-2.7444794,-1.8244793,0.0055206297,-1.9844794,-4.0644794,-3.9144793,-3.6544793,-3.3444793,-1.8144794,-1.6544794,-0.07447937,-1.4444793,-0.10447937,-0.36447936,-2.0844793,-2.1044793,-2.1544793,2.5455205,0.30552062,-0.46447936,-1.1344794
-3.7744794,-4.7744794,-4.1444793,-2.9044793,-1.8144794,-0.63447934,0.16552062,0.67552066,0.7355206,0.49552062,-3.5144794,-0.15447937,1.7655206,2.5255206,0.63552064,0.10552063,-0.73447937,-1.1644794,-1.9344794,-3.2144794,-3.7144794,-3.1744795,-2.9944794,-5.3044796,-5.4644794,-5.4844794,-5.4444795,-3.2744794,-3.5444794,-3.3344793,-2.1544793,-1.5644794,-1.9044794,1.5755206,0.40552062,-0.50447935,-2.2644794,-1.6344794,-1.9144794,-2.2944794,-1.8644794
-1.5544794,-0.23447937,1.0455207,0.9155206,1.4455206,2.1155207,1.6755207,2.9555206,0.5455206,-3.1644793,-0.7044794,0.17552063,-0.26447937,7.6755204,1.8655206,-1.1044793,-0.27447936,-1.1444794,-2.5444794,-2.7044795,-2.8944793,-2.5244794,-3.3944793,-4.244479,-4.4644794,-4.1144795,-2.9844794,-3.5044794,-2.7544794,-2.9844794,-2.4044793,-2.0344794,-3.1744795,-2.2044795,-0.43447936,-3.2544794,0.25552064,-0.16447937,0.0155206295,-0.86447936,-2.1744795
-3.1244793,-3.5544794,-3.5044794,-3.9744794,-3.0344794,-1.9344794,-1.2644794,0.24552064,-1.8244793,-2.0644794,-0.73447937,-1.3444793,-0.9044794,-1.5144794,-2.0244794,-0.88447934,-0.6544794,-0.75447935,-2.8844793,-3.5444794,-2.7144794,-3.1944795,-3.5944793,-3.2344794,-3.3144794,-2.9944794,-1.6444794,-2.3044794,-2.3544793,-0.44447938,1.4755206,-3.8444793,-2.4144793,-0.28447938,-1.9544793,-1.9844794,-0.99447936,1.6155206,-0.32447937,0.93552065,1.2155206
-3.6744795,-3.3344793,-3.9044793,-3.3044794,-2.3744793,-1.6444794,-0.05447937,-0.80447936,-0.7144794,-0.80447936,0.04552063,-0.86447936,-1.6544794,-1.1644794,-0.8444794,-0.40447938,-2.9544795,-3.8244793,-4.6044793,-6.994479,-5.034479,-3.8844793,-3.6244793,-4.0744796,-2.2744794,-1.8944794,-1.4244794,-1.1844794,-1.8344793,-3.5744793,-3.2444794,-3.0144794,-3.7844794,-1.7844794,-2.6444793,-0.40447938,1.1055206,0.55552065,1.5655206,1.1555207,-1.9544793
-3.3144794,-3.2044795,-2.6644793,-2.5544794,-1.6844794,-0.44447938,-0.00447937,-0.44447938,-1.3244793,-1.8344793,-2.3744793,-2.6944795,-1.9844794,-0.44447938,-2.6144793,-1.2944794,-2.8844793,-2.7944794,-2.7844794,-2.6844795,-2.8044794,-2.6544793,-2.3844793,-1.9644793,-2.3244793,-2.9344795,-1.7444794,-2.7944794,-1.5044794,-1.5544794,-2.4344795,-1.9144794,-1.2844794,-1.8044794,-0.87447935,-0.5844794,0.21552064,-1.8544793,-1.4344794,1.0655206,-2.1744795
-3.0944793,-2.2744794,-1.8344793,-1.7744794,-1.2744794,-0.68447936,-0.73447937,-1.6144794,-0.55447936,-3.1344793,-2.6844795,-3.7644794,-1.5244794,-2.0244794,-3.1344793,-2.8044794,-2.6244793,-1.5744793,-2.2344794,-1.5744793,-2.1344793,-1.6844794,-0.36447936,-1.4244794,-1.5644794,-1.4944794,-1.4144794,-1.2144793,-2.2644794,-2.5744793,-0.7244794,-0.18447937,-0.5844794,1.3255206,1.0455207,-0.21447937,-1.5444794,-0.05447937,-2.1344793,-0.29447937,-0.6544794
-2.7544794,-2.1244793,-2.2844794,-1.8044794,-1.7344794,-1.7344794,-1.4544793,-2.1644793,-1.5644794,-1.8144794,-3.4944794,-1.7644794,-1.6144794,-3.9144793,-3.0544794,-2.8944793,-2.8844793,-1.5344794,-2.9244795,-2.5944793,-1.7544794,-0.41447937,-1.4444793,-0.37447938,-2.7144794,-1.2444794,-1.5844793,-1.9944794,-3.1644793,-0.74447936,-0.5844794,0.47552064,2.0555205,1.6455207,1.5555207,-0.8344794,-1.2044793,-0.16447937,-0.79447937,1.6655207,-1.0844793
-0.67447937,-1.3144794,-1.3644794,-1.2444794,-1.1444794,-1.1744794,-1.3644794,-2.1544793,-0.86447936,-0.7144794,-1.2744794,-1.4544793,-2.4844794,-2.3944793,-1.2444794,-1.5144794,-1.7444794,-1.2044793,-2.0344794,-1.5144794,-2.3244793,-2.0444794,-2.5044794,-2.5744793,-2.9244795,-2.7244794,-2.7644794,-1.5344794,-1.7044793,-2.4244795,-1.3144794,-1.6244794,-0.30447936,0.13552064,0.05552063,0.6655206,0.34552062,-0.28447938,0.24552064,-0.55447936,-0.8944794
-0.7844794,-0.88447934,-0.74447936,-0.33447936,0.04552063,-0.15447937,-0.32447937,-0.73447937,-1.3544793,-0.6644794,-0.5844794,0.02552063,-0.25447938,-1.3744794,-0.47447938,-0.36447936,-0.31447938,0.22552063,-0.03447937,0.02552063,-0.68447936,-1.5844793,-0.9144794,-0.92447937,-2.1644793,-2.4244795,-1.6744794,-1.5844793,-1.2844794,-0.93447936,-1.0244794,-1.0544794,-1.0544794,-0.81447935,-0.33447936,1.1755207,2.1955206,0.47552064,-0.03447937,-0.47447938,-1.2844794
0.56552064,0.22552063,1.4555206,-0.19447938,0.22552063,0.6455206,0.47552064,-0.5244794,0.6655206,0.16552062,-0.16447937,0.21552064,0.86552066,0.6655206,1.8555206,2.1655207,1.8855206,1.5455207,1.0455207,0.7155206,0.5855206,1.2655206,1.0455207,1.3855206,0.22552063,-1.1844794,-1.8744794,-1.1344794,-0.21447937,0.62552065,-0.22447938,-0.19447938,-0.48447937,-1.2744794,-0.47447938,0.035520628,0.8355206,1.7155206,0.10552063,0.07552063,-1.2144793
0.6055206,1.5355207,2.1855206,1.5855206,2.1555207,1.6355206,2.0055206,0.7155206,1.6255206,0.80552065,-0.28447938,0.94552064,1.3655206,1.3255206,2.2755206,2.4155207,2.5955207,3.0255206,2.4155207,2.6755207,2.4255207,1.9755206,2.3055205,2.0055206,2.3355207,-0.99447936,-0.47447938,0.21552064,1.0155206,0.8355206,-0.23447937,-1.6444794,0.12552063,1.1855206,0.95552063,1.4155207,1.3855206,2.6355207,2.9055207,0.6455206,-1.0844793
