wind_kz.json
{"header": {"discipline":0,"disciplineName":"Meteorological products","gribEdition":2,"gribLength":1025,"center":7,"centerName":"US National Weather Service - NCEP(WMC)","subcenter":0,"refTime":"2023-08-26T00:00:00.000Z","significanceOfRT":1,"significanceOfRTName":"Start of forecast","productStatus":0,"productStatusName":"Operational products","productType":1,"productTypeName":"Forecast products","productDefinitionTemplate":0,"productDefinitionTemplateName":"Analysis/forecast at horizontal level/layer at a point in time","parameterCategory":2,"parameterCategoryName":"UnknownDiscipline_0_Category_2","parameterNumber":2,"parameterNumberName":"UnknownParameter_D0_C2_2","parameterUnit":"Unknown","genProcessType":2,"genProcessTypeName":"Forecast","forecastTime":180,"surface1Type":103,"surface1TypeName":"Specified height level above ground","surface1Value":10.0,"surface2Type":255,"surface2TypeName":"Missing","surface2Value":0.0,"gridDefinitionTemplate":0,"gridDefinitionTemplateName":"Latitude_Longitude","numberPoints":615,"shape":6,"shapeName":"Earth spherical with radius of 6,371,229.0 m","gridUnits":"degrees","resolution":48,"winds":"true","scanMode":64,"nx":41,"ny":15,"basicAngle":0,"lo1":47.0,"la1":41.0,"lo2":87.0,"la2":55.0,"dx":1.0,"dy":1.0}, "data":
[rows 0 to 14 of 15, columns 0 to 40 of 41]
0.25181153,1.6118115,-3.8281884,-6.2981887,-2.3881884,0.7518115,5.3918114,2.4818115,1.5618116,1.0918115,1.3618115,2.1818116,2.4818115,2.6518116,2.2618115,0.70181155,2.3718116,4.0318117,3.1718116,3.1918116,2.9718115,-0.10818848,4.0418115,4.0818114,4.3518114,5.3918114,3.8318114,4.1818113,-2.3381884,-1.0181885,-2.9481885,2.0218115,0.52181154,2.7418115,1.4218116,-0.27818847,-1.0181885,-1.1281885,-2.2281885,-0.6381885,-6.3581886
-0.9981885,-4.7581882,-5.4181886,-3.7881885,-1.7981884,-0.08818848,-0.90818846,-0.49818847,1.5118115,2.2318115,3.5618114,4.6018114,4.6818113,5.6618114,3.2718115,3.5618114,2.0918114,3.8718116,3.8718116,4.6618114,4.3818116,3.6418116,3.4918115,2.9618115,2.7118115,0.15181153,0.90181154,3.0118115,5.8618116,1.4518116,3.6918116,-0.45818847,-1.7881885,-2.0181885,1.3518115,1.1518115,0.9218115,2.7118115,2.8218114,-3.8881884,-2.2281885
-5.3181887,-5.7781887,-4.3281884,-2.5681884,0.8818115,2.6518116,0.081811525,0.6818115,2.5518115,2.3018115,3.5218115,4.9518113,5.5118117,2.4918115,4.5318117,5.3118114,5.4618115,4.1118116,3.4318116,4.0118117,5.3018117,5.2018113,6.4318113,6.7318115,5.7918115,2.2218115,1.9218116,1.6118115,5.8418117,-0.45818847,-1.1881884,-3.5681884,0.15181153,2.0918114,2.6518116,-4.8481884,-0.3781885,3.0318115,-1.4681885,3.6218116,-2.6281884
-6.7081885,-4.6481886,-3.0281885,-0.8181885,4.1618114,2.2018116,2.7418115,4.9518113,6.0018115,5.7618117,6.0518117,6.1618114,-1.9981885,0.8018115,5.4718113,7.5418115,7.2918115,6.0818114,5.9518113,4.1418114,4.7018113,5.8418117,7.0718117,5.2918115,7.7218113,5.9018116,4.7418118,4.1718116,0.41181153,-0.14818847,2.0318115,3.3318114,6.0318117,4.0718117,3.2518115,2.5018115,0.84181154,0.6118115,-2.0581884,-3.3281884,-0.71818846
-4.3681884,-1.0381885,1.3118116,3.1918116,4.0118117,4.2518115,3.5318115,5.9918118,5.7718115,6.6918116,7.6418114,7.9318113,0.8518115,2.4518116,4.9318113,8.461811,9.751812,8.721811,6.8618116,6.5818114,5.2618117,6.3018117,7.0818114,6.8218117,8.341811,8.031812,7.1318116,5.0918117,1.9618115,1.6218115,0.5018115,-1.9281884,-1.9881885,0.8618115,-2.7381885,-3.5781884,1.0118115,-3.1281884,-2.6981885,-2.7681885,0.111811526
1.9218116,4.1018114,3.2818115,1.0918115,0.4918115,3.7318115,5.3418117,6.2018113,5.4218116,6.3518114,6.9718113,7.2518115,1.9118115,2.1018114,4.4918118,6.5818114,8.371812,7.4618115,6.1618114,7.0118117,6.8618116,5.2918115,5.2418118,5.8618116,7.3018117,8.221811,9.221811,-0.8781885,4.8918114,1.2318115,1.8718115,-3.7581885,-0.10818848,-2.1581886,-1.7181885,2.7918115,-0.8181885,1.7618115,0.5418115,0.7318115,1.4918115
-2.4281886,-2.2381885,-0.85818845,-0.41818848,0.7518115,2.7718115,3.2918115,3.4918115,4.3718114,3.6218116,4.2718115,3.3218114,1.4218116,3.7218115,2.4718115,4.5918117,3.9018116,4.8618116,6.4618115,5.6618114,6.9318113,6.6318116,5.5618114,5.8318114,5.3518114,6.9418116,7.8818116,6.5718117,1.7118115,4.1818113,4.5318117,4.3318114,3.0318115,2.9418116,3.1218116,3.0918114,1.6318115,-0.53818846,2.3718116,-0.58818847,-0.2881885
-3.0481884,-2.1681886,-0.46818846,0.65181154,0.111811526,0.32181153,0.121811524,1.1218115,1.7718115,1.3218116,-0.17818847,1.1418115,1.7518115,2.1818116,2.7218115,4.5418115,7.3918114,5.1918116,3.8018115,3.2418115,5.6118116,7.0918117,4.9418116,4.4218116,5.3518114,6.4018116,7.0618114,8.261811,7.0818114,4.5618114,5.0518117,5.4018116,4.1118116,4.4218116,4.6918116,-1.0181885,-2.0581884,0.8618115,5.4118114,3.0318115,4.0618114
-1.8681885,-0.7381885,-0.15818848,-0.65818846,-1.1681885,0.32181153,0.70181155,0.7418115,0.32181153,-1.8781885,0.8118115,-0.24818848,1.4818115,3.3118114,4.7318115,7.2318115,6.6318116,5.1918116,4.2818117,4.0718117,5.4618115,6.0418115,6.7118115,6.6018114,6.8818116,8.711811,7.1718116,7.0418115,6.3918114,4.9018116,6.5318117,5.0418115,4.6518116,5.4718113,5.3118114,4.7018113,0.96181154,1.6018115,1.5318115,0.72181153,1.0318115
-0.84818846,-0.19818848,0.32181153,0.07181153,-0.38818848,1.3518115,0.18181153,-0.13818848,0.24181153,-1.0281885,0.081811525,2.3518114,0.70181155,0.47181153,0.5718115,2.3418114,3.3518114,4.2018113,4.1918116,4.1618114,4.4718113,6.1618114,5.2418118,5.5418115,5.9318113,5.8618116,5.4218116,5.4418116,6.6118116,4.8118114,4.0618114,4.1418114,4.4418116,3.2518115,2.7718115,1.0618116,-1.3781885,-0.8181885,0.9418115,0.70181155,-0.38818848
-1.3481885,-1.0681884,0.32181153,1.4018115,-0.5581885,1.7218115,-0.6481885,-0.54818845,0.52181154,0.6018115,0.38181153,0.64181155,0.47181153,0.78181154,1.2218115,0.89181155,1.5818115,1.9518116,3.9718115,5.5818114,4.9018116,4.5218115,4.0718117,4.7718115,6.5218115,6.3918114,5.1618114,5.4818115,7.0118117,6.5618114,3.9918115,3.2618115,3.5618114,0.7318115,2.3918116,1.7418115,-0.38818848,0.71181154,0.95181155,0.17181152,1.0718116
-1.2681885,-1.6781884,-0.7481885,0.36181152,1.2518115,-0.8081885,-0.26818848,1.1918116,-0.29818848,1.3518115,0.8018115,3.5318115,2.4018116,1.8318115,0.8818115,2.2718115,3.1918116,3.0118115,3.3318114,3.8218114,3.8118114,4.2518115,3.7818115,3.7418115,3.6318116,5.0618114,6.2718115,5.6418114,5.3318114,5.6118116,4.5418115,1.7218115,2.9618115,1.7318115,-0.07818848,-0.9581885,0.52181154,-0.038188476,0.66181153,1.1218115,-0.17818847
-1.6781884,-0.30818847,-1.3181884,0.07181153,3.3918116,0.051811524,0.17181152,0.72181153,-0.15818848,-0.3781885,2.4518116,0.78181154,0.33181152,2.7518115,1.3518115,3.3618116,3.7418115,4.3218117,4.2318115,4.0918117,2.3218114,4.5218115,4.4418116,4.1818113,4.1118116,5.3018117,5.2918115,3.5218115,4.0218115,4.5118117,4.0518117,3.4118116,2.4018116,3.3718116,1.0318115,0.5618115,1.8718115,1.8618115,2.7518115,0.5418115,0.78181154
-1.2481885,-2.3381884,0.45181152,1.9718115,1.1318115,1.6018115,-0.9481885,0.15181153,0.19181152,0.7918115,1.2818115,0.9818115,1.0118115,1.5818115,3.1618116,3.1118116,2.9918115,2.7718115,1.8418115,4.3718114,5.6318116,5.3818116,4.6518116,2.7018116,3.4218116,2.6118116,5.0918117,2.6918116,4.4418116,1.2318115,3.6018114,2.5518115,2.4518116,2.3318114,3.7818115,3.7618115,2.5318115,4.2018113,4.0518117,0.6318115,2.7918115
-0.6981885,1.4718115,-0.8181885,1.6818116,2.1018114,-0.06818847,0.10181152,-0.08818848,0.7918115,0.9918115,0.90181154,-1.7581885,0.9418115,2.4018116,3.0418115,2.9618115,1.3518115,1.8918115,2.0018115,2.5018115,2.7318115,3.3118114,3.0518115,3.7418115,2.3818116,1.8718115,2.0518115,1.0318115,1.4618115,1.0518116,1.4718115,-1.7781885,3.4318116,3.5318115,3.2718115,3.9818115,6.5718117,3.6918116,4.0918117,2.4318116,-0.9981885
