wind_kz.json
{"header": {"discipline":0,"disciplineName":"Meteorological products","gribEdition":2,"gribLength":1025,"center":7,"centerName":"US National Weather Service - NCEP(WMC)","subcenter":0,"refTime":"2023-08-21T06:00:00.000Z","significanceOfRT":1,"significanceOfRTName":"Start of forecast","productStatus":0,"productStatusName":"Operational products","productType":1,"productTypeName":"Forecast products","productDefinitionTemplate":0,"productDefinitionTemplateName":"Analysis/forecast at horizontal level/layer at a point in time","parameterCategory":2,"parameterCategoryName":"UnknownDiscipline_0_Category_2","parameterNumber":3,"parameterNumberName":"UnknownParameter_D0_C2_3","parameterUnit":"Unknown","genProcessType":2,"genProcessTypeName":"Forecast","forecastTime":0,"surface1Type":103,"surface1TypeName":"Specified height level above ground","surface1Value":10.0,"surface2Type":255,"surface2TypeName":"Missing","surface2Value":0.0,"gridDefinitionTemplate":0,"gridDefinitionTemplateName":"Latitude_Longitude","numberPoints":615,"shape":6,"shapeName":"Earth spherical with radius of 6,371,229.0 m","gridUnits":"degrees","resolution":48,"winds":"true","scanMode":64,"nx":41,"ny":15,"basicAngle":0,"lo1":47.0,"la1":41.0,"lo2":87.0,"la2":55.0,"dx":1.0,"dy":1.0}, "data":
[rows 0 to 14 of 15, columns 0 to 40 of 41]
2.4674315,2.2774317,-0.69256836,-2.7325683,-3.2125683,-2.0625684,0.37743163,1.1374316,1.0274316,0.27743164,0.90743166,1.5574317,2.3674316,0.13743164,-0.51256835,-1.4325683,-0.47256836,-6.812568,-9.2225685,-2.5125685,0.25743163,-3.2625685,-2.3125684,1.7374316,2.1174316,2.7274315,0.97743165,-0.10256836,-1.7925683,-0.02256836,1.9874316,2.6774316,0.43743163,-0.26256835,0.10743164,0.65743166,1.5574317,1.2474316,1.0274316,0.85743165,0.45743164
-0.06256836,0.85743165,0.71743166,-1.1625683,-3.6825683,-3.9025683,-1.9525684,3.4874315,0.43743163,-2.2725685,-1.8225684,1.8874316,3.1474316,0.96743166,-0.72256833,-0.9325684,-1.8425684,-0.53256834,-8.172568,-3.7925684,-2.3925683,-4.0025682,-4.332568,-1.5025684,3.3674316,3.3774316,3.5974317,0.45743164,-0.69256836,1.4574317,-2.4825683,0.21743163,-0.02256836,0.28743163,2.6274316,2.7374315,2.2674317,3.5874317,1.5874317,3.5774317,0.78743166
2.4274316,3.0674317,0.10743164,-1.7625684,-2.7925684,-3.3525684,-3.7225683,-1.1125684,-0.17256837,-3.8825684,-4.292568,-2.3925683,2.9274316,3.2174315,1.4574317,0.85743165,2.7274315,-5.542568,-4.3625684,-1.0125684,-0.30256835,-1.2325684,-2.9225683,-2.5425684,-3.3725684,-2.6125684,-2.9125683,-2.4925683,-1.0025684,-3.8025684,-3.1925683,-1.1525683,-3.7925684,1.1574316,2.0474317,-2.6525683,-4.7825685,1.2474316,-1.7525684,-0.09256836,1.1674316
1.6474316,1.3074317,-1.2225684,-2.6825683,-0.08256836,-3.2525682,-1.9625684,-1.7625684,-0.6825684,-1.7725683,-5.872568,-7.022568,-1.2225684,2.9974318,3.4074316,0.25743163,3.0074317,-5.102568,-2.9325683,-0.14256836,-0.96256834,-0.9325684,0.71743166,-0.44256836,-2.4025683,-3.4625683,-2.3125684,-3.0025682,-3.7525682,-4.6525683,-4.622568,-0.69256836,1.9074316,0.46743163,1.5174316,1.9074316,3.2174315,1.4774317,-3.6125684,-3.5025682,-3.5725684
-0.37256837,-2.3625684,-4.1625686,-3.5425684,-2.7125683,-0.77256835,-2.6225684,-1.2825683,-1.7725683,-0.5425684,-2.7525682,-2.9525683,-3.6125684,0.99743164,-0.81256837,7.437432,-0.9825684,2.0674317,-2.9225683,-2.4525683,-1.5425683,2.2974317,1.3874316,0.19743164,-0.40256837,0.25743163,-0.62256837,-1.8225684,-1.4425683,-2.8525684,-4.352568,-5.122568,-0.91256833,-0.51256835,0.79743165,1.7674316,0.93743163,1.5374316,-3.8325684,-1.8825684,-0.05256836
-0.77256835,-1.7925683,-0.20256835,-0.70256835,-1.2725683,-2.7825685,-4.6625686,-5.7525682,-3.3925683,-0.82256836,0.62743163,0.34743163,0.60743165,-2.0725684,3.7074316,6.437432,5.227432,0.34743163,-3.6925683,-0.9925684,0.8874316,2.1774316,2.6974316,1.0574317,0.65743166,0.13743164,2.0274317,-0.25256836,-1.0125684,-0.87256837,-1.2925683,-2.4125683,-2.6425683,-4.0025682,-4.4625683,-0.5425684,-4.0925684,-4.102568,-1.2225684,1.4674317,0.37743163
-1.6025684,1.1474316,3.9274316,1.5574317,0.13743164,-1.9125683,-5.2125683,-6.7325683,-6.0325685,-4.6725683,-1.8125683,1.1174316,1.3874316,2.7174315,0.47743165,1.6874317,3.7174315,3.0274317,3.6874316,-0.97256833,0.84743166,2.5474317,3.4274316,1.5974317,0.55743164,1.0374316,2.1274316,1.5574317,0.40743163,2.1174316,0.37743163,-1.0925684,-2.9225683,-0.02256836,1.4274316,2.3874316,1.2974316,-2.3525684,-3.8225684,1.4074316,-4.9425683
-1.7725683,-0.59256834,2.7174315,2.9474316,2.1674316,0.32743165,-2.6325684,-4.312568,-4.872568,-6.522568,-5.8425684,-2.5625684,2.5574317,3.2974317,1.7274317,-0.32256836,1.3474317,1.9274316,0.54743165,1.6974317,2.0874317,1.6474316,0.99743164,-0.13256836,-1.1025684,-0.19256836,0.16743164,-0.08256836,-0.32256836,0.11743164,0.6474316,-0.07256836,-1.6625683,0.0074316408,-1.9825684,-1.2825683,-1.4525684,-2.0025682,-0.19256836,-0.25256836,0.14743164
-2.7425683,-1.1225684,-0.49256837,0.8174316,2.8074317,1.8174317,-0.30256835,-2.4425683,-4.7525682,-5.372568,-4.852568,-4.6725683,-3.1525683,-0.16256836,2.9374316,1.6674316,4.3474317,2.5274317,1.4174316,1.4074316,1.1874317,-0.46256837,-1.8525684,-2.2425683,-1.8425684,-1.4425683,-0.012568359,0.98743165,0.17743164,-0.39256835,1.6274316,0.24743164,-1.8725684,-0.5425684,-2.7625685,-3.0225685,-0.34256837,-3.6925683,-4.4525685,-2.5525684,1.4874316
-2.3925683,-2.6625683,-2.9825683,-0.15256836,3.0674317,2.7474318,0.43743163,-2.5325685,-3.7325683,-3.4325683,-3.7825685,-3.9625683,-3.5325685,-4.2125683,1.4974316,4.5374317,3.8274317,2.8474317,2.5874317,1.1374316,-0.44256836,-1.7725683,-2.1425683,-2.3125684,-1.2625684,-0.36256835,0.33743164,-0.032568358,-0.33256835,-0.19256836,2.0074317,0.5174316,-0.65256834,-2.1925683,-2.1225684,-2.6925683,-0.91256833,1.9074316,0.71743166,-2.6325684,-2.1025684
-1.8725684,-1.8625684,-3.0925684,-0.7325684,2.4774315,2.9774315,1.4874316,-0.8025684,-2.2825685,-2.0725684,-2.5925684,-2.9625683,-3.5125685,-1.2425684,-0.13256836,4.9474316,5.2974315,4.4674315,3.3074317,2.7874317,0.9574316,0.19743164,-1.1925683,-0.89256835,0.30743164,-0.08256836,-0.26256835,-0.90256834,-0.8025684,-0.65256834,-1.2625684,-1.9825684,-3.0025682,-3.0525684,-2.7525682,-1.6825683,0.37743163,-0.24256836,-1.2125684,0.46743163,0.30743164
-1.5225683,-1.5225683,-2.1825683,-1.0725684,1.6274316,2.4174316,1.9074316,-0.72256833,-2.6925683,-1.8925683,-1.7325684,-2.8125684,-3.4925683,-2.1625683,2.0174317,4.7974315,5.5474315,5.0874314,2.6674316,3.9674315,3.4474316,2.5174317,2.2774317,1.9874316,0.85743165,0.19743164,-0.15256836,-0.34256837,-0.18256836,-0.31256837,-1.0325683,-1.3425684,-1.7625684,-2.5825684,-1.5625683,-1.2625684,-0.02256836,-0.83256835,-2.2825685,-1.4625684,-1.0025684
-1.8825684,-2.5625684,-2.3925683,-1.7625684,0.08743164,1.7674316,2.1174316,0.93743163,0.83743167,-0.7325684,-0.81256837,-1.6725683,-1.8425684,-2.0925684,-0.26256835,2.0174317,3.4274316,4.2474318,3.5874317,3.6574316,4.0674314,3.8474317,3.8774316,3.3374317,3.0174317,1.8674316,0.48743165,0.24743164,-0.91256833,-1.4825684,-1.0325683,-1.2525684,-2.1725683,-2.4925683,-2.2525682,-1.9825684,-1.7625684,-1.2325684,-1.9025683,-0.71256834,1.4674317
-3.6025684,-3.6625683,-2.8825684,-1.5325683,-0.18256836,2.1474316,1.8474317,1.9574317,-0.33256835,-1.1825683,-0.6725684,-0.77256835,-1.6025684,-1.3825684,1.2374316,2.7274315,2.7074316,3.0774317,3.9874315,3.9974318,3.8074317,2.9474316,3.1274316,3.5674317,3.3274317,2.3774316,1.4874316,0.67743164,-0.38256836,-2.0225685,-2.4525683,-2.7525682,-2.7825685,-3.0925684,-2.4825683,-1.9325683,-1.5925684,-1.8125683,-2.6325684,-1.1625683,0.39743164
-2.8925683,-4.2225685,-3.4025683,-2.5125685,-1.7725683,-0.50256836,-0.33256835,0.19743164,-0.8025684,-0.17256837,1.7274317,0.18743163,0.24743164,-1.4925684,-1.5625683,1.1174316,4.0374317,5.0974317,4.6574316,3.3674316,1.6474316,3.0874317,3.2274315,4.5174317,3.7274315,2.7174315,1.8374317,1.2574316,0.5774316,-1.8925683,-1.2925683,-1.1925683,-2.4725683,-2.8825684,-2.5125685,-2.1625683,-1.9325683,-1.5325683,-0.7925684,-1.1725683,-0.77256835
