wind_kz.json
{"header": {"discipline":0,"disciplineName":"Meteorological products","gribEdition":2,"gribLength":871,"center":7,"centerName":"US National Weather Service - NCEP(WMC)","subcenter":0,"refTime":"2023-08-27T12:00:00.000Z","significanceOfRT":1,"significanceOfRTName":"Start of forecast","productStatus":0,"productStatusName":"Operational products","productType":1,"productTypeName":"Forecast products","productDefinitionTemplate":0,"productDefinitionTemplateName":"Analysis/forecast at horizontal level/layer at a point in time","parameterCategory":0,"parameterCategoryName":"UnknownDiscipline_0_Category_0","parameterNumber":0,"parameterNumberName":"UnknownParameter_D0_C0_0","parameterUnit":"Unknown","genProcessType":2,"genProcessTypeName":"Forecast","forecastTime":120,"surface1Type":1,"surface1TypeName":"Ground or water surface","surface1Value":0.0,"surface2Type":255,"surface2TypeName":"Missing","surface2Value":0.0,"gridDefinitionTemplate":0,"gridDefinitionTemplateName":"Latitude_Longitude","numberPoints":615,"shape":6,"shapeName":"Earth spherical with radius of 6,371,229.0 m","gridUnits":"degrees","resolution":48,"winds":"true","scanMode":64,"nx":41,"ny":15,"basicAngle":0,"lo1":47.0,"la1":41.0,"lo2":87.0,"la2":55.0,"dx":1.0,"dy":1.0}, "data":
[rows 0 to 14 of 15, columns 0 to 40 of 41]
313.0219,295.8219,297.1219,299.6219,299.0219,297.8219,308.5219,318.9219,316.9219,316.1219,314.0219,313.5219,312.0219,311.3219,311.4219,309.8219,310.2219,310.4219,311.7219,309.8219,311.0219,305.3219,304.9219,302.1219,304.6219,307.2219,302.7219,290.9219,289.8219,285.1219,278.1219,280.2219,298.9219,304.9219,310.3219,310.1219,309.7219,309.2219,308.4219,308.9219,308.1219
289.6219,296.6219,298.8219,299.0219,298.8219,297.2219,317.9219,314.8219,314.2219,313.1219,312.7219,311.2219,310.0219,308.8219,309.1219,309.6219,310.0219,309.1219,308.0219,309.5219,308.9219,306.4219,302.5219,294.1219,287.0219,287.2219,297.5219,291.4219,294.4219,286.8219,290.8219,276.3219,284.3219,269.7219,284.4219,304.1219,304.0219,306.5219,310.0219,300.8219,287.2219
304.2219,298.1219,298.9219,298.9219,297.8219,313.5219,312.2219,311.6219,310.8219,309.6219,308.9219,309.3219,307.8219,306.8219,307.5219,307.2219,306.9219,306.5219,306.8219,307.1219,307.5219,305.7219,303.0219,295.8219,302.5219,301.1219,302.2219,301.6219,299.9219,288.9219,282.7219,285.9219,289.2219,293.6219,293.5219,293.9219,284.7219,286.5219,288.6219,286.0219,286.1219
306.3219,298.2219,298.7219,299.0219,299.8219,311.2219,310.7219,310.2219,310.3219,308.6219,307.6219,306.6219,295.6219,295.1219,305.1219,305.0219,304.7219,305.2219,306.2219,306.0219,304.1219,300.3219,303.5219,303.1219,304.0219,303.9219,305.2219,302.0219,303.0219,303.6219,303.6219,299.9219,303.9219,303.6219,303.2219,296.9219,284.2219,285.2219,288.9219,299.7219,303.2219
311.4219,297.9219,298.2219,297.7219,302.4219,308.1219,308.9219,311.5219,308.7219,307.1219,306.7219,305.6219,295.2219,294.1219,292.0219,303.4219,304.5219,302.2219,302.2219,303.1219,304.2219,304.5219,303.9219,302.5219,302.4219,302.6219,302.1219,300.6219,304.0219,304.0219,307.2219,302.8219,288.3219,284.8219,290.9219,299.9219,297.6219,305.3219,308.0219,306.8219,307.2219
312.1219,310.6219,296.2219,296.7219,297.3219,296.4219,309.3219,309.4219,307.2219,305.5219,305.6219,305.5219,296.1219,295.0219,296.9219,299.8219,300.2219,301.4219,301.9219,302.9219,302.0219,301.0219,301.8219,301.8219,301.1219,300.2219,301.7219,292.7219,302.3219,304.4219,303.7219,304.9219,301.9219,300.7219,297.8219,295.6219,290.9219,293.9219,303.4219,307.0219,306.3219
311.4219,310.1219,309.8219,309.8219,305.0219,307.8219,310.5219,308.2219,307.4219,305.5219,304.6219,302.1219,301.4219,301.9219,301.6219,299.2219,295.2219,298.3219,294.6219,293.7219,294.8219,298.8219,299.5219,299.9219,298.4219,299.3219,299.7219,301.1219,300.2219,301.0219,300.6219,301.4219,302.1219,302.7219,301.4219,300.5219,294.6219,292.2219,289.6219,290.7219,300.2219
311.1219,310.1219,308.7219,307.8219,308.2219,307.4219,307.6219,305.8219,304.1219,303.5219,302.3219,301.4219,301.6219,299.5219,300.9219,299.3219,297.7219,293.5219,296.6219,290.7219,288.8219,292.0219,292.3219,295.2219,296.2219,293.4219,294.5219,297.1219,296.1219,298.8219,298.0219,299.2219,298.4219,296.8219,295.7219,299.9219,302.6219,289.9219,298.0219,298.3219,300.2219
310.1219,307.5219,306.9219,306.4219,305.1219,305.7219,305.3219,304.5219,302.3219,301.0219,298.4219,296.1219,296.3219,298.4219,297.1219,296.0219,292.4219,295.2219,290.8219,292.2219,287.0219,287.2219,291.4219,291.4219,292.6219,293.6219,289.6219,291.4219,291.7219,292.1219,294.0219,295.4219,297.1219,298.1219,298.3219,295.6219,296.8219,296.8219,286.4219,287.0219,286.5219
308.5219,305.2219,305.6219,305.2219,303.8219,304.4219,304.0219,301.7219,299.8219,299.7219,297.3219,295.0219,295.7219,292.5219,290.7219,290.1219,288.9219,287.6219,286.6219,287.7219,287.9219,288.2219,288.3219,288.7219,290.6219,292.5219,291.4219,291.9219,291.0219,291.4219,293.7219,296.5219,299.3219,300.0219,299.0219,296.2219,292.6219,289.3219,288.3219,288.2219,287.7219
304.9219,304.1219,302.7219,302.4219,299.5219,301.2219,301.8219,299.6219,298.7219,298.2219,294.8219,294.7219,295.1219,288.8219,286.2219,286.1219,285.8219,286.2219,285.7219,284.8219,285.3219,285.8219,287.3219,288.5219,288.3219,291.5219,291.9219,293.8219,292.4219,295.1219,296.6219,297.7219,296.9219,297.7219,297.3219,295.5219,289.0219,287.9219,290.1219,288.9219,288.3219
303.0219,303.7219,303.2219,301.5219,295.2219,298.5219,297.8219,297.1219,292.6219,293.9219,292.1219,292.3219,289.1219,285.7219,285.0219,286.4219,286.2219,285.6219,285.6219,285.0219,283.8219,283.6219,285.6219,285.2219,288.6219,291.9219,293.1219,295.3219,294.7219,294.5219,294.6219,295.5219,296.2219,295.0219,295.7219,295.8219,295.3219,295.6219,292.9219,292.1219,292.0219
298.4219,301.1219,300.3219,300.0219,294.7219,295.7219,297.0219,296.9219,290.4219,292.1219,288.6219,284.5219,286.2219,284.2219,284.4219,288.6219,288.7219,287.9219,286.3219,283.6219,283.7219,282.8219,283.2219,284.5219,287.0219,291.8219,292.4219,293.7219,293.5219,293.9219,294.3219,293.2219,294.1219,294.4219,296.1219,293.3219,293.5219,294.1219,293.9219,292.6219,291.7219
299.5219,300.0219,294.8219,297.4219,294.5219,295.1219,293.7219,293.3219,294.1219,293.1219,287.1219,284.1219,283.8219,283.5219,286.2219,285.5219,288.5219,288.2219,289.3219,286.9219,285.0219,283.5219,284.1219,288.2219,288.7219,289.7219,290.0219,290.9219,291.9219,291.4219,292.9219,293.1219,293.5219,293.8219,294.1219,292.9219,291.7219,292.8219,293.0219,291.5219,292.8219
296.1219,300.2219,291.2219,297.0219,294.5219,293.2219,291.5219,292.4219,292.8219,292.7219,292.3219,287.4219,282.4219,283.1219,283.1219,285.5219,287.4219,287.4219,288.4219,285.8219,287.6219,286.4219,284.6219,283.8219,285.4219,285.8219,285.8219,288.8219,289.5219,291.5219,290.1219,288.2219,291.9219,292.6219,293.0219,292.7219,292.3219,292.8219,293.1219,294.4219,294.0219
