wind.json
{"header": {"discipline":0,"disciplineName":"Meteorological products","gribEdition":2,"gribLength":1211,"center":7,"centerName":"US National Weather Service - NCEP(WMC)","subcenter":0,"refTime":"2023-05-30T00:00:00.000Z","significanceOfRT":1,"significanceOfRTName":"Start of forecast","productStatus":0,"productStatusName":"Operational products","productType":1,"productTypeName":"Forecast products","productDefinitionTemplate":0,"productDefinitionTemplateName":"Analysis/forecast at horizontal level/layer at a point in time","parameterCategory":2,"parameterCategoryName":"UnknownDiscipline_0_Category_2","parameterNumber":3,"parameterNumberName":"UnknownParameter_D0_C2_3","parameterUnit":"Unknown","genProcessType":2,"genProcessTypeName":"Forecast","forecastTime":300,"surface1Type":103,"surface1TypeName":"Specified height level above ground","surface1Value":10.0,"surface2Type":255,"surface2TypeName":"Missing","surface2Value":0.0,"gridDefinitionTemplate":0,"gridDefinitionTemplateName":"Latitude_Longitude","numberPoints":688,"shape":6,"shapeName":"Earth spherical with radius of 6,371,229.0 m","gridUnits":"degrees","resolution":48,"winds":"true","scanMode":64,"nx":43,"ny":16,"basicAngle":0,"lo1":45.0,"la1":40.0,"lo2":87.0,"la2":55.0,"dx":1.0,"dy":1.0}, "data":
[rows 0 to 15 of 16, columns 0 to 42 of 43]
2.8174317,3.5574317,-1.9725684,0.53743166,4.9874315,0.66743165,-3.4025683,-3.0725684,0.037431642,0.08743164,-3.4625683,0.31743163,0.90743166,0.17743164,-0.59256834,-4.5025682,-7.6925683,-9.492568,-11.152569,-10.942569,-11.212568,-9.912568,-8.442569,-4.5525684,-2.5525684,-1.5125684,-4.352568,-3.0025682,-2.7425683,-3.5825684,-2.8625684,-10.412568,0.31743163,2.6774316,1.0674317,-3.7925684,-4.4525685,-5.3925686,-5.9225683,-4.7225685,-5.332568,-5.792568,-3.2625685
-2.0325685,-0.57256836,0.36743164,1.5974317,-3.3725684,-4.1825686,-3.9525683,-3.3625684,-0.59256834,-2.9225683,-1.0525683,-3.7625685,0.7574316,2.9674315,0.92743164,-2.4625683,-6.3925686,-8.812569,-10.002568,-10.752568,-10.202568,-7.0525684,-9.542568,-6.5325685,-1.6725683,1.4074316,3.9274316,1.2074317,1.7074317,0.5674316,-4.6625686,-3.8525684,-5.772568,-3.6825683,-1.7825683,2.5274317,-1.5325683,-3.5725684,-7.0125685,-10.302568,-9.902569,-8.022569,0.93743163
0.62743163,2.6174316,3.6874316,-5.372568,-5.3025684,-4.6925683,-4.042568,-1.2125684,0.49743164,4.1374316,3.3174317,2.2674317,3.5574317,1.3074317,3.1974316,-1.1625683,-5.1525683,-7.312568,-8.392569,-9.632568,-9.852569,-8.2225685,-10.152569,-11.552568,-8.182569,-1.8925683,0.92743164,-2.2825685,1.7874316,-4.1325684,-3.9725683,-2.6525683,-2.5625684,-4.5125685,-4.062568,-3.6225684,-4.522568,-4.8925686,-8.732569,-5.542568,-6.7425685,-7.1725683,-1.8925683
-0.20256835,-0.58256835,-2.0325685,-1.5225683,-4.1125684,-3.4025683,-2.1025684,-0.6825684,3.6774316,2.3374317,3.2874317,0.18743163,2.6974316,2.4674315,4.8074317,1.6674316,-3.0225685,-5.4525685,-6.622568,-7.7425685,-8.272569,-10.122568,-2.9825683,-7.4425683,-7.852568,-6.6925683,-8.102569,-5.7825685,-4.2025685,-5.602568,-4.352568,-3.6825683,-3.5125685,-2.7725685,-1.6525683,-1.8925683,0.5774316,-3.6025684,-6.6525683,-4.7225685,-3.7325683,-5.4025683,-6.1125684
-4.5325685,-5.7025685,-4.292568,-5.872568,-5.3925686,-6.3825684,0.24743164,-0.62256837,-1.3525684,1.9974316,5.687432,6.0774317,4.0874314,1.7074317,0.25743163,-3.0525684,-0.40256837,-2.4225683,-3.1725683,-4.7425685,-6.2225685,-6.6925683,-5.6825686,-6.292568,-4.1725683,-4.4425683,-4.7225685,-5.1325684,-4.1625686,-4.4025683,-4.792568,-5.522568,-7.3025684,-9.172568,-1.4325683,6.5574317,4.5174317,-1.7625684,-7.4425683,-3.2825685,-5.522568,-4.5325685,-6.6125684
-6.4825683,-10.862568,-1.7725683,-3.8625684,-7.0525684,-8.432569,-9.502568,-9.062569,-3.7025683,-4.2325683,-1.7325684,1.5374316,5.417432,4.5474315,3.1374316,1.5974317,-0.76256835,0.15743165,-0.6025684,-1.6525683,-3.1725683,-4.6925683,-4.082568,-2.5725684,-2.5125685,-3.0625684,-3.2525682,-3.6925683,-6.2225685,-4.4725685,-4.3025684,-5.852568,-8.492568,-8.822568,-5.7225685,-3.7425683,-1.6925683,5.6374316,-12.462568,-10.342568,-10.872568,-11.792568,-9.382568
-3.8925683,-6.9025683,-8.142569,-7.1525683,-1.1425683,-4.8225684,-6.3825684,-6.0525684,-6.3025684,-4.6625686,-4.622568,-0.6725684,9.487432,8.167432,3.1974316,1.8874316,0.28743163,1.8174317,1.0274316,0.32743165,-1.1025684,-1.8925683,-1.7325684,-2.1325684,-1.3525684,-0.8025684,0.17743164,-0.6125684,-2.2625685,-5.2425685,-4.9925685,-4.4825683,-5.0925684,-6.3925686,-6.8625684,-6.9425683,-5.102568,-4.9525685,-2.4525683,-9.612568,-16.392569,-1.0625683,-6.2025685
-4.6725683,-4.9725685,-6.022568,-7.6525683,-7.8925686,-8.212568,-8.822568,-6.9925685,-7.1425686,-4.4725685,-3.0125685,-2.2625685,6.8874316,8.737432,8.487432,6.2974315,5.1374316,3.5774317,0.97743165,1.5474316,0.27743164,0.02743164,0.48743165,-0.69256836,-0.96256834,-1.0225683,-1.4625684,-1.5025684,-2.3425684,-3.2425683,-4.5125685,-6.4225683,-6.772568,-8.272569,-8.942569,-9.242568,-9.042568,-5.7225685,-4.9425683,-8.532568,-10.102569,-4.312568,-8.412568
-3.0425684,-3.0525684,-4.332568,-5.6925683,-8.092568,-8.752568,-7.7325683,-7.3625684,-7.062568,-5.9725685,-4.6325684,-1.4925684,1.3174317,8.967432,8.057431,6.0474315,5.3474317,4.2774315,3.1474316,0.71743166,-0.032568358,2.3274317,1.3074317,0.93743163,-0.37256837,-1.0925684,-1.8525684,-2.0025682,-2.5425684,-2.2325683,-4.3225684,-6.1725683,-7.3025684,-8.382568,-9.782568,-11.282568,-9.732569,-9.502568,-7.272568,-8.452568,-1.2525684,1.2074317,0.16743164
1.4774317,-1.5125684,-0.59256834,-4.3925686,-5.6825686,-6.8925686,-6.3825684,-6.312568,-6.082568,-5.7325683,-5.352568,-3.3225684,0.78743166,5.0874314,6.4674315,6.6774316,5.3674316,4.977432,3.6974316,2.0974317,-0.012568359,2.0574317,3.0274317,2.3374317,1.2274317,0.23743165,-0.62256837,-1.1125684,-1.8225684,-2.6125684,-2.9725683,-4.1925683,-6.7025685,-7.7225685,-8.772569,-9.922568,-10.142569,-7.5525684,-5.812568,-6.9925685,-7.8825684,-4.1725683,-4.522568
-2.0425684,-3.0325685,-3.7025683,-2.0525684,-2.8125684,-3.7925684,-4.2425685,-4.2525682,-4.792568,-4.372568,-5.1625686,-4.8025684,-0.71256834,3.3174317,5.9974318,5.627432,5.1974316,4.9874315,3.9974318,1.6774316,-0.36256835,1.5974317,3.2574317,3.1274316,2.1574316,1.6074317,1.2274317,0.40743163,-0.58256835,-1.1025684,-2.3325684,-4.0325685,-4.9825683,-6.6725683,-6.6825686,-8.862568,-9.692569,-10.022569,-2.4625683,-3.4125683,-7.7125683,-5.042568,-3.2425683
-1.1925683,-1.5925684,-2.4225683,-2.8025684,-3.2525682,-4.4925685,-3.3125684,-3.0425684,-3.4225683,-4.0125685,-3.5225685,-3.8625684,-0.52256835,3.0774317,4.9074316,5.437432,4.7674317,4.707432,4.977432,3.0374317,2.2374315,2.7074316,2.9274316,3.5474317,2.7574317,2.2974317,1.4774317,1.4074316,0.62743163,-0.16256836,-1.3925683,-2.1125684,-4.272568,-5.0125685,-6.2125683,-5.1325684,-7.1425686,-6.7625685,-4.8425684,-2.1225684,-5.3925686,-3.8325684,-3.7325683
-1.2825683,-1.1525683,-1.1325684,-0.24256836,-1.4425683,-1.8425684,-1.9825684,-2.5825684,-2.4625683,-2.5925684,-2.4925683,-2.3425684,1.0074316,3.5774317,5.7474318,5.417432,5.0474315,4.5774317,5.377432,4.7674317,3.9774315,4.2374315,4.707432,4.127432,3.3074317,2.4374316,2.5174317,2.3174317,1.8874316,0.057431642,-0.34256837,-1.0325683,-2.6425683,-3.3525684,-3.7825685,-4.372568,-3.6525683,-4.7825685,-2.5525684,-2.8125684,-3.7625685,-3.0225685,-0.40256837
0.42743164,0.5174316,0.017431641,-0.5425684,0.42743164,0.45743164,-0.9225684,-1.2025684,-0.72256833,-1.1725683,-1.7525684,-0.29256836,2.4574316,3.4074316,4.707432,2.2674317,3.7574317,4.2774315,5.5074315,5.1974316,4.5474315,5.0174317,4.687432,4.1074314,4.3474317,4.377432,3.4474316,2.9574316,2.6874316,0.79743165,0.39743164,-1.2425684,-2.5925684,-3.2325683,-2.0025682,-2.8925683,-3.9025683,-4.1425686,-1.9325683,-2.5225685,-3.6325684,-4.9925685,-4.0125685
1.2274317,1.3474317,2.1674316,1.7574316,-0.45256835,-0.032568358,-0.66256833,-0.32256836,0.67743164,0.45743164,0.55743164,1.7374316,0.09743164,3.9674315,4.6974316,4.4674315,3.7774317,4.207432,3.9174316,3.9974318,4.3374314,5.0874314,3.7874317,3.4674315,4.3574314,3.5274317,2.8874316,3.7674317,3.1374316,3.2874317,1.1874317,0.39743164,-3.2525682,-1.2525684,-2.8725684,-2.4825683,-2.4725683,-3.5825684,-4.2125683,-3.8225684,-3.5925684,-4.0925684,-5.1425686
2.7674317,2.6474316,1.5674317,0.79743165,1.8774316,0.9474316,-0.6125684,0.37743163,1.5674317,2.4574316,1.3574317,0.53743166,1.1874317,-1.0725684,4.0974317,4.727432,5.227432,4.1374316,4.2774315,4.2374315,5.187432,4.4274316,4.4074316,4.7574315,3.5774317,4.2574315,3.6874316,3.6574316,3.7674317,2.2074316,1.8674316,2.0174317,2.8874316,0.5174316,-2.4425683,-2.8225684,0.33743164,0.19743164,-0.43256837,-1.1525683,-4.0125685,-2.5525684,-1.7925683
