wind_kz.json
{"header": {"discipline":0,"disciplineName":"Meteorological products","gribEdition":2,"gribLength":1025,"center":7,"centerName":"US National Weather Service - NCEP(WMC)","subcenter":0,"refTime":"2023-08-22T12:00:00.000Z","significanceOfRT":1,"significanceOfRTName":"Start of forecast","productStatus":0,"productStatusName":"Operational products","productType":1,"productTypeName":"Forecast products","productDefinitionTemplate":0,"productDefinitionTemplateName":"Analysis/forecast at horizontal level/layer at a point in time","parameterCategory":2,"parameterCategoryName":"UnknownDiscipline_0_Category_2","parameterNumber":2,"parameterNumberName":"UnknownParameter_D0_C2_2","parameterUnit":"Unknown","genProcessType":2,"genProcessTypeName":"Forecast","forecastTime":180,"surface1Type":103,"surface1TypeName":"Specified height level above ground","surface1Value":10.0,"surface2Type":255,"surface2TypeName":"Missing","surface2Value":0.0,"gridDefinitionTemplate":0,"gridDefinitionTemplateName":"Latitude_Longitude","numberPoints":615,"shape":6,"shapeName":"Earth spherical with radius of 6,371,229.0 m","gridUnits":"degrees","resolution":48,"winds":"true","scanMode":64,"nx":41,"ny":15,"basicAngle":0,"lo1":47.0,"la1":41.0,"lo2":87.0,"la2":55.0,"dx":1.0,"dy":1.0}, "data":
[rows 0 to 14 of 15, columns 0 to 40 of 41]
-3.3466473,-1.6066474,1.5133526,-0.63664734,-0.25664735,-1.2666473,-0.41664734,0.50335264,-2.3266473,-0.056647338,-1.8866473,-0.51664734,-0.70664734,2.0433526,6.7733526,-0.61664736,-1.6566473,-3.4866474,-1.6566473,-2.1266472,-0.9766473,-0.86664736,-0.7866473,-2.5166473,-0.70664734,-1.8866473,-2.7966473,-0.8566473,0.30335265,-1.1466473,-1.5066473,0.9733527,-0.056647338,0.26335266,-3.6066473,-2.5366473,-3.1866474,-3.2866473,-3.2666473,-2.5166473,-2.4566474
0.81335264,-0.9066473,-0.62664735,-1.6066474,-1.8166473,-2.2566473,-1.0566473,-2.9366474,-1.4266473,-1.0866474,0.27335265,-0.86664736,-1.1766473,-0.45664734,1.4133526,-0.36664733,-2.4766474,-2.2266474,-2.7166474,-3.5766473,-2.3866472,-0.36664733,-1.3266473,-3.8266473,0.25335267,0.55335265,-0.30664733,0.10335266,-2.4266474,-3.0166473,0.06335266,-0.9766473,1.2633526,-2.4766474,0.19335265,-2.0666473,-2.5366473,-0.76664734,1.8133527,1.3333527,-0.16664734
-1.2166474,0.30335265,-1.1366473,-1.3966473,-2.2366474,0.19335265,-1.8566474,-0.7766473,-1.3966473,-0.62664735,-0.36664733,-0.27664733,-0.7866473,-0.55664736,0.5833527,0.40335265,3.1133528,-0.74664736,-1.1066474,-1.3466474,-0.87664735,0.35335267,-2.4066474,0.22335266,0.16335267,0.68335265,-1.2366474,0.24335267,-0.76664734,-0.13664734,-1.9666474,2.9233527,-0.49664733,-1.7666473,1.1933527,-0.7966473,-0.64664733,0.7833527,-1.2866473,1.7333527,2.5833526
-1.1766473,-0.066647336,0.06335266,0.21335267,-1.1466473,-0.28664735,0.86335266,-0.12664734,0.34335268,0.74335265,-0.40664732,0.16335267,-0.5266473,-0.03664734,0.32335266,0.40335265,-0.6566473,2.3033526,0.9533527,0.04335266,-2.1366472,-0.25664735,0.82335263,1.8633527,2.6833527,1.9433527,-0.23664734,-1.6866473,-0.45664734,-0.42664734,-1.6166474,-4.8066473,-2.6966474,-2.6066473,-2.5166473,-2.5566473,-2.1866474,1.2133527,0.48335266,-0.31664735,-0.19664735
-1.2466474,-0.31664735,1.4933527,1.9233527,2.5733526,1.8433527,-0.55664736,0.7833527,1.4133526,1.5833527,1.1833527,0.98335266,0.80335265,0.92335266,1.5433526,0.92335266,-0.18664734,-0.39664733,0.9533527,3.1333528,2.0433526,-0.13664734,1.9133526,3.2033527,1.4833527,-2.9266474,-3.9366474,-2.6966474,-3.8666472,-3.5266473,-3.4766474,-2.0666473,-3.1066473,-0.48664734,0.57335263,1.4533527,-1.1766473,-3.7166474,-3.2666473,-3.7566473,-4.2466474
-0.35664734,0.06335266,0.5933527,2.8033526,4.3533525,4.493353,3.7833526,2.2633526,1.9933527,2.0233526,1.3033527,1.8833526,1.8433527,1.3833526,1.1233526,0.38335267,0.6533527,1.0233526,1.2033527,0.56335264,-0.24664734,-3.1166472,2.4033527,1.5833527,-2.4266474,-4.8966475,-3.8866472,-5.4366474,-4.6466475,-4.9166474,-4.236647,-2.7066474,-2.7166474,-2.2766473,-0.74664736,-7.6266475,-0.73664737,-6.3566475,-0.9666473,-3.0866473,-3.8966475
0.55335265,1.3233527,2.3333526,2.4933527,3.3933527,3.6533527,4.2733526,3.4433527,4.013353,3.7833526,3.2533526,3.0433526,2.6633527,2.4233527,1.5133526,2.6233528,1.0533527,2.0933526,2.8733528,1.4933527,2.0733526,2.5133526,4.1833525,-1.9566474,-2.4666474,-5.6266475,-3.6066473,-4.2066474,-4.196647,-4.2766476,-4.966647,-3.3366473,-1.7966473,-6.8666472,-8.276648,-7.0766473,-0.93664736,2.3433526,-4.0466475,3.0033526,0.51335263
2.1633527,2.5933526,3.4133527,3.6633527,4.3933525,4.7933526,4.7233524,2.9533527,4.4433527,3.7133527,3.0733526,3.8633528,4.3533525,3.6233528,3.2733526,2.6733527,4.1033525,1.0333526,1.1933527,2.2233527,4.4433527,2.9833527,3.3033526,1.7433527,-0.6666473,-2.3966475,-3.0266473,-3.0266473,-2.7666473,-3.4866474,-3.2766473,-1.6966473,-2.9666474,-1.3766474,-3.6766474,-1.0166473,-2.4766474,-6.9766474,-4.0766473,-4.386647,-3.2166474
2.5233526,3.3233526,4.3333526,4.6533527,5.113353,5.3333526,4.7533526,5.9833527,5.6633525,5.843353,6.1933527,4.8933525,5.3933525,3.8333526,4.533353,3.8633528,3.8033526,3.2233527,1.9533527,3.5133526,4.8533525,6.613353,5.2933526,5.4033527,-0.6566473,-1.1466473,-2.1566474,-3.0966473,-1.1366473,-2.1366472,-1.9466473,-1.0266473,-1.0166473,-1.0966474,-3.8366473,-2.8266473,-1.4066473,-3.3866472,-2.1466475,-0.55664736,-2.4566474
3.1333528,3.7533526,4.3833528,4.823353,5.243353,5.2133527,5.8533525,6.6033525,6.6833525,7.2733526,7.2333527,6.8733525,5.4133525,5.863353,5.6233525,4.9233527,4.553353,3.7033527,4.0433526,2.6133528,5.4833527,8.013352,8.683352,6.9033527,6.6433525,-1.1166474,-1.0866474,-2.0966473,-1.8266473,-2.4566474,-2.2566473,-1.5466473,-2.5366473,-3.6066473,-2.3666472,-2.6266472,-2.6066473,-0.6566473,-3.2866473,-0.70664734,-1.4866474
4.0033526,4.493353,4.783353,4.7733526,4.2533526,4.573353,5.4433527,5.0833526,6.1733527,6.9433527,6.0033526,6.3733525,6.783353,6.6433525,6.4433527,5.6433525,5.6633525,5.0633526,2.8933527,5.013353,3.4333527,7.283353,6.553353,5.593353,6.013353,1.6133527,-0.27664733,-1.0466473,-1.4666474,-2.2666473,-2.5066473,-3.0866473,-3.6366472,-3.1566474,-3.1566474,-2.1766474,-1.9566474,-0.62664735,-1.4666474,0.41335267,-1.5466473
2.3833528,2.7133527,3.8233526,3.6433527,4.9433527,4.5233526,4.553353,4.7133527,4.4633527,4.243353,3.1033525,6.4133525,5.4433527,6.6933527,6.8533525,6.0033526,6.1333528,5.9633527,3.9233527,5.1233525,2.6533527,5.3533525,5.9733524,3.1833527,5.9433527,2.3433526,-0.93664736,-1.6266474,-1.4266473,-3.7666473,-3.5766473,-2.9466474,-3.1166472,-3.9666474,-3.4666474,-3.3366473,-2.1866474,-1.6766473,-0.87664735,-1.0966474,-1.0066473
2.7133527,3.1433527,3.6133528,3.3333526,3.3133526,2.4833527,4.1233525,3.9933527,4.613353,3.2533526,2.0233526,5.113353,5.6933527,6.7133527,7.283353,6.073353,5.2033525,4.323353,4.073353,1.5533527,1.9233527,3.0033526,4.783353,1.8333527,4.4533525,2.1233528,-2.8066473,-2.6166472,-2.3666472,-3.5766473,-3.0866473,-3.2966473,-2.6666474,-3.6066473,-3.1066473,-3.8766472,-3.9266474,-3.0566473,-4.0566473,-2.8366473,-1.6366473
3.5033526,2.8033526,3.3133526,2.9433527,3.3433526,3.9733527,2.9633527,3.3033526,3.0433526,3.9333527,2.0633526,3.8533525,4.7733526,5.263353,4.3333526,3.9033527,2.9933527,0.9533527,2.2733526,1.5433526,7.1033525,5.7333527,3.9033527,3.5833526,0.5833527,-0.70664734,-3.9666474,-1.9166473,-2.1666474,-3.5066473,-3.3566473,-3.7466474,-3.0466473,-3.2466474,-2.7666473,-3.3066473,-2.9066474,-3.2766473,-2.6266472,-1.9066473,-1.5466473
1.7533526,3.0633526,4.2233524,1.8133527,2.6333528,2.6333528,3.1833527,2.9833527,3.4133527,3.8533525,2.9133527,5.1333528,3.8633528,2.7233527,1.4133526,-0.6666473,-1.0066473,1.4433527,3.3533525,1.2233527,2.0933526,5.2233524,5.6533527,-3.2666473,-3.0466473,-3.2966473,-1.8166473,-5.0966473,-2.2866473,-3.6866474,-3.6766474,-3.7066474,-3.0666473,-2.6166472,-2.0066473,-2.0966473,-1.9266473,-0.7766473,-2.6266472,-2.1966474,-1.6166474
