wind_kz.json
{"header": {"discipline":0,"disciplineName":"Meteorological products","gribEdition":2,"gribLength":1025,"center":7,"centerName":"US National Weather Service - NCEP(WMC)","subcenter":0,"refTime":"2023-09-20T18:00:00.000Z","significanceOfRT":1,"significanceOfRTName":"Start of forecast","productStatus":0,"productStatusName":"Operational products","productType":1,"productTypeName":"Forecast products","productDefinitionTemplate":0,"productDefinitionTemplateName":"Analysis/forecast at horizontal level/layer at a point in time","parameterCategory":2,"parameterCategoryName":"UnknownDiscipline_0_Category_2","parameterNumber":3,"parameterNumberName":"UnknownParameter_D0_C2_3","parameterUnit":"Unknown","genProcessType":2,"genProcessTypeName":"Forecast","forecastTime":240,"surface1Type":103,"surface1TypeName":"Specified height level above ground","surface1Value":10.0,"surface2Type":255,"surface2TypeName":"Missing","surface2Value":0.0,"gridDefinitionTemplate":0,"gridDefinitionTemplateName":"Latitude_Longitude","numberPoints":615,"shape":6,"shapeName":"Earth spherical with radius of 6,371,229.0 m","gridUnits":"degrees","resolution":48,"winds":"true","scanMode":64,"nx":41,"ny":15,"basicAngle":0,"lo1":47.0,"la1":41.0,"lo2":87.0,"la2":55.0,"dx":1.0,"dy":1.0}, "data":
[rows 0 to 14 of 15, columns 0 to 40 of 41]
-1.1296314,-1.7996314,4.760369,6.3603687,2.8503687,1.0503687,1.4603686,0.33036864,-1.4296314,-1.0896313,-1.1796314,-1.6896313,-2.7096314,-3.2496314,-4.1696315,-4.779631,-4.3696313,-3.9496315,-4.3996315,-2.1596313,-3.7396314,-4.3696313,-1.2796314,-1.1896313,-1.7296313,-2.0396314,-0.44963133,1.4403687,-1.0696313,-0.42963135,-1.0096314,-1.3996314,-0.54963136,-0.62963134,-1.6196313,-1.6396314,-2.7396314,-1.2696314,-0.5196313,2.0003686,1.7003686
4.9603686,-0.66963136,8.3503685,5.780369,2.3003685,1.7303686,0.33036864,1.2003686,0.39036864,-0.88963133,-1.8596313,-2.2596314,-3.5196314,-3.3696313,-5.0196314,-3.4796314,-3.9496315,-5.429631,-5.9396315,-4.7496314,-5.0396314,-3.7796314,0.63036865,1.7303686,0.96036863,0.58036864,-2.9596314,-0.24963135,-1.0396314,-0.73963135,-0.38963136,-0.42963135,-1.9896313,-1.4596313,-3.0496314,-1.8396313,-1.0096314,-3.3496313,-1.8196313,-1.6196313,0.020368652
2.1203687,5.990369,4.8903685,3.1503687,2.4503686,1.4603686,1.2103686,1.1203686,0.33036864,0.17036866,0.21036865,-1.1296314,-2.7296314,-4.239631,-4.9096313,-4.2296314,-2.7596314,-4.2896314,-4.3396316,-5.239631,-7.6596313,-1.6096313,-2.3496313,0.46036866,3.1203687,2.4503686,2.8303688,3.1003687,1.0003686,2.5003686,2.1303687,1.5503687,3.3703687,0.27036867,0.05036865,1.8403686,-0.35963136,-1.3396313,0.110368654,0.49036866,0.89036864
2.9003687,4.700369,3.3703687,0.18036865,1.5003686,1.7703687,1.6203686,2.2503686,2.0903687,2.8103685,2.3803687,0.74036866,-0.94963133,-3.5596313,-4.549631,-3.4796314,-3.8296313,-3.9196312,-4.5796313,-5.5796313,-6.009631,-3.5696313,-1.0396314,-3.2296314,-3.1896315,-2.2496314,-0.74963135,2.7103686,1.5503687,1.5503687,-0.14963135,-0.029631348,-0.8396313,-0.48963135,0.90036863,-1.0096314,0.40036866,2.8203688,0.19036865,0.74036866,1.4503686
0.23036866,-0.5196313,0.31036866,1.8403686,0.09036865,0.9203687,0.63036865,0.77036864,0.12036865,-0.14963135,3.4503686,1.2003686,-0.47963133,-3.0196314,-2.9196312,-2.7396314,-3.5796313,-3.6696312,-4.0196314,-4.5696316,-5.2896314,-3.9296312,-4.2496314,-4.1496315,-3.9996314,-4.3696313,-1.6196313,-0.15963134,-1.2996314,-2.6296313,-0.48963135,0.64036864,2.4803686,1.5803686,-1.0196314,-0.66963136,0.76036865,-0.12963134,-1.5196314,-2.2996314,-1.7496314
0.10036865,-0.6496313,0.40036866,0.70036864,0.040368654,-1.0696313,2.8503687,1.6803687,0.63036865,-0.26963136,-2.1296313,2.0303686,-0.019631349,-1.1296314,-2.1596313,-2.9796314,-3.6996315,-3.7596314,-5.3696313,-4.8296313,-3.3496313,-4.4796314,-2.8896313,-3.2596314,-3.4596314,-4.679631,-4.529631,-4.279631,-2.8496313,-2.3296313,-2.2896314,-1.1496314,0.86036867,1.4703686,2.7803686,0.64036864,1.7703687,0.37036866,-2.6896315,-2.6196313,1.0103687
1.9103687,1.3903687,0.99036866,1.0303687,0.45036864,-2.6696312,-0.33963135,-0.32963136,0.12036865,-1.0896313,0.75036865,0.13036865,0.27036867,-0.9696314,-1.4696313,-2.4196312,-3.3396313,-3.5296314,-4.1696315,-4.429631,-4.4796314,-3.5496314,-3.8296313,-3.8996313,-4.3396316,-4.3396316,-4.3196316,-4.299631,-3.4096313,-4.529631,-4.1296315,-4.0796313,-0.6596314,-1.3196313,0.31036866,-0.12963134,-2.0996313,0.55036867,-1.0496314,-0.67963135,0.94036865
2.8303688,2.7103686,1.5803686,0.56036866,0.74036866,-0.66963136,-1.2896314,-0.78963137,1.4203687,0.17036866,2.2103686,2.2703686,0.71036863,0.20036866,-0.75963134,-1.2096313,-2.4496315,-3.0196314,-2.8896313,-2.8496313,-3.1096313,-3.5196314,-3.5196314,-3.0096314,-2.8896313,-2.2096314,-2.6896315,-3.2096314,-3.5696313,-3.6196313,-2.7096314,-4.1196313,-5.7096314,-3.0796313,0.99036866,1.1203686,0.36036864,2.1203687,1.5803686,0.63036865,0.040368654
0.30036867,0.37036866,0.39036864,0.47036865,0.19036865,0.12036865,0.7803686,0.32036865,0.74036866,1.4803686,1.6903687,1.8203686,1.2103686,-0.14963135,-1.0496314,-2.0396314,-2.4096313,-2.4896314,-2.5696313,-2.7396314,-2.0796313,-3.2096314,-3.4496315,-3.1496313,-2.7696314,-3.0296314,-2.0496314,-2.0696313,-1.8396313,-1.3396313,-1.4596313,-1.7596314,0.070368655,-1.4696313,-0.61963135,-1.5196314,-0.43963134,3.2603686,1.3803687,2.3203688,1.2203686
-0.029631348,0.42036864,1.2903687,1.8103687,1.6403687,0.41036865,0.17036866,-0.26963136,-0.23963135,0.23036866,1.1303687,1.7803687,0.55036867,-0.14963135,0.030368652,-1.5896313,-2.1296313,-2.7196314,-2.7696314,-2.5796313,-1.6896313,-2.1696312,-1.8496313,-2.3996313,-2.3896313,-2.1596313,-2.1796312,-2.6596313,-3.6496313,-4.0396314,-4.2296314,-4.1596313,-3.9096313,-3.1896315,-1.5796313,0.8403686,1.6603687,0.29036865,3.8703687,3.4203687,3.2703686
1.0903686,1.8603686,1.7003686,0.96036863,1.4403687,1.3403686,1.9103687,0.7803686,0.51036865,-0.15963134,0.93036866,2.2103686,2.6503687,1.6603687,1.0103687,0.25036865,-0.97963136,-1.6896313,-2.3696313,-2.5296314,-2.7296314,-3.1696312,-2.9996314,-3.0096314,-2.8396313,-2.2296314,-2.3896313,-3.2896314,-3.6096313,-4.0596313,-5.0596313,-5.1496315,-4.8996315,-4.2896314,-3.1296313,-0.37963134,0.93036866,1.5803686,4.1203685,2.8403687,2.1803687
0.33036864,0.47036865,2.0203686,2.5603685,2.2403686,1.1103686,0.74036866,0.33036864,0.61036867,0.57036865,-0.09963135,-0.67963135,2.9303687,2.6103687,2.2303686,2.0803688,1.6803687,0.55036867,-1.4196314,-2.4896314,-1.0796313,-1.9596313,-2.2696314,-2.1896315,-2.3696313,-2.6196313,-1.9796313,-2.1996315,-1.9896313,-2.2396314,-2.1296313,-3.2696314,-2.4996314,-3.2696314,-3.2696314,-3.5896313,-2.5396314,-1.2996314,-2.2796314,1.7803687,0.94036865
2.1003687,2.1603687,1.9403687,1.5603687,1.7203686,1.1903687,1.0203687,0.90036863,1.2103686,1.6603687,0.7903687,0.35036865,1.0503687,2.2703686,2.7603686,2.9403687,2.5203686,2.0503685,1.2703687,-0.99963135,-0.12963134,-0.09963135,-0.20963135,-0.7096313,-1.5196314,-1.4696313,-1.7796314,-2.3396313,-1.9196314,-1.8296313,-2.7296314,-2.8396313,-2.7696314,-3.1096313,-2.4396315,-3.1596313,-3.7196314,-2.2396314,-2.4696314,-1.0596313,-3.3896313
1.5403687,2.1003687,2.9503686,2.9703686,1.4703686,1.2403686,1.5303687,1.6203686,1.5303687,2.3603687,2.2303686,0.27036867,0.45036864,1.3003687,2.4503686,2.9903686,3.0303686,2.9503686,1.0403687,0.7203686,1.3703686,0.57036865,-0.20963135,-1.2296313,-1.3396313,-1.7396313,-1.8396313,-1.9896313,-2.0896313,-2.2996314,-2.7696314,-3.3396313,-2.9396315,-3.1296313,-2.5696313,-2.4396315,-1.9896313,-1.9996314,-2.0696313,-0.5196313,-1.2196313
0.62036866,1.1603687,1.7103686,2.7103686,2.3003685,1.7103686,1.5803686,2.2303686,2.3203688,1.5303687,2.0203686,2.6703687,2.4503686,1.3103687,1.8203686,1.8303686,3.2903686,3.1203687,2.6703687,1.6103686,2.1703687,1.1803687,-0.20963135,-1.1296314,-1.5696313,-1.4896313,-1.2396313,-1.5296314,-2.3696313,-2.8096313,-3.2796314,-5.1896315,-3.4396315,-2.5196314,-1.8396313,-1.7596314,-0.93963134,-1.1896313,-2.0696313,0.43036866,-1.2596314
