wind_kz.json
{"header": {"discipline":0,"disciplineName":"Meteorological products","gribEdition":2,"gribLength":1025,"center":7,"centerName":"US National Weather Service - NCEP(WMC)","subcenter":0,"refTime":"2023-09-30T12:00:00.000Z","significanceOfRT":1,"significanceOfRTName":"Start of forecast","productStatus":0,"productStatusName":"Operational products","productType":1,"productTypeName":"Forecast products","productDefinitionTemplate":0,"productDefinitionTemplateName":"Analysis/forecast at horizontal level/layer at a point in time","parameterCategory":2,"parameterCategoryName":"UnknownDiscipline_0_Category_2","parameterNumber":3,"parameterNumberName":"UnknownParameter_D0_C2_3","parameterUnit":"Unknown","genProcessType":2,"genProcessTypeName":"Forecast","forecastTime":240,"surface1Type":103,"surface1TypeName":"Specified height level above ground","surface1Value":10.0,"surface2Type":255,"surface2TypeName":"Missing","surface2Value":0.0,"gridDefinitionTemplate":0,"gridDefinitionTemplateName":"Latitude_Longitude","numberPoints":615,"shape":6,"shapeName":"Earth spherical with radius of 6,371,229.0 m","gridUnits":"degrees","resolution":48,"winds":"true","scanMode":64,"nx":41,"ny":15,"basicAngle":0,"lo1":47.0,"la1":41.0,"lo2":87.0,"la2":55.0,"dx":1.0,"dy":1.0}, "data":
[rows 0 to 14 of 15, columns 0 to 40 of 41]
0.3211261,1.3511261,-1.8288739,8.8011265,4.851126,1.9911261,-0.1288739,1.7211261,1.9311261,1.0511261,0.4911261,0.021126099,-0.0388739,-0.7788739,-1.9088739,-3.928874,-4.398874,-3.268874,-4.868874,-3.6288738,-3.538874,-4.688874,-4.5188737,2.551126,5.471126,1.9211261,0.4711261,2.721126,-1.8188739,-2.438874,2.191126,-0.7588739,0.0811261,-2.318874,-0.1488739,2.541126,1.8011261,3.4111261,-0.1488739,1.2111261,1.5911261
2.191126,-0.2888739,1.5611261,6.921126,5.4811263,3.6411262,3.1211262,3.6211262,3.3911262,2.451126,1.0811261,0.6311261,0.7411261,-0.22887391,-1.7088739,-2.438874,-3.0888739,-2.488874,-2.3788738,-3.818874,-3.738874,-4.428874,-3.968874,-0.2688739,2.241126,2.711126,1.2811261,3.781126,4.401126,3.3911262,3.281126,2.441126,2.021126,-0.6888739,1.9211261,2.281126,1.9411261,1.5811261,1.751126,1.9411261,-1.0188739
-0.9188739,0.98112607,4.141126,4.741126,3.821126,4.2311263,3.511126,3.1711261,3.751126,3.0911262,2.281126,1.8411261,0.4611261,0.2711261,-1.8588738,-2.6488738,-2.558874,-2.0988739,-2.1688738,-2.688874,-3.4088738,-3.738874,-2.018874,0.5511261,-4.938874,-2.1688738,-3.248874,-3.938874,-1.9288739,-1.2988739,2.311126,-0.2788739,-2.498874,0.8511261,1.5711261,-2.1388738,-0.068873905,1.001126,1.5211262,2.3711262,2.991126
0.6111261,1.1711261,3.3511262,3.3511262,4.241126,4.4811263,3.511126,4.091126,3.061126,3.4011261,3.1411262,2.5811262,-0.3588739,0.7011261,-1.5388739,-1.0088739,-0.5788739,-1.5588739,-1.118874,-1.0188739,-1.3288739,-1.4488739,-5.508874,-4.488874,-3.778874,-1.6088738,-0.8788739,-0.2888739,-1.0288739,-0.2788739,-1.5788739,-6.2488737,-6.598874,1.5711261,-0.3188739,1.7011261,1.6511261,3.231126,-1.7088739,-0.1488739,-0.2888739
3.5811262,3.531126,4.7311263,3.1411262,0.1911261,2.071126,2.721126,1.9511261,2.1211262,2.1111262,2.481126,2.431126,4.811126,2.6711261,2.1111262,-0.028873902,-1.0988739,0.6811261,0.9411261,0.5911261,-0.008873901,-1.4788738,-2.268874,-3.198874,-3.058874,-1.6788739,0.9511261,1.0911261,2.741126,1.7811261,0.0011260987,3.801126,2.8611262,3.011126,1.011126,0.5211261,-0.7788739,-0.6488739,-4.278874,-6.4988737,-8.298874
3.6611261,5.371126,5.661126,5.571126,4.671126,2.8311262,1.2211261,1.9811261,2.021126,2.021126,2.491126,1.7411261,3.461126,3.3311262,0.7211261,0.5211261,-0.76887393,0.2011261,0.6211261,1.8511261,2.041126,-0.3888739,-0.76887393,-2.938874,-3.798874,-3.1488738,0.1511261,2.1711261,2.3411262,-0.9888739,1.9311261,5.391126,4.4811263,0.021126099,2.741126,-3.6088738,0.4311261,-1.118874,-2.6088738,0.2611261,-6.048874
3.6211262,3.6211262,3.0911262,4.2711263,5.651126,3.8411262,4.671126,3.541126,2.691126,2.691126,2.721126,3.1011262,2.941126,2.211126,2.4211261,1.8111261,-0.8088739,-1.2688739,-0.2088739,1.5311261,1.9211261,0.7411261,-0.2188739,1.9611261,-0.108873904,-1.7688739,-1.1888739,-1.248874,-0.3688739,3.001126,2.8711262,2.751126,5.841126,1.9611261,3.8911262,1.4411261,-0.1988739,2.721126,0.4811261,1.1111261,-5.068874
1.7411261,2.511126,4.0211263,3.701126,3.0811262,1.3311261,-0.0988739,0.4511261,0.7211261,0.6011261,0.8011261,2.6111262,0.3711261,1.9711261,1.8411261,1.121126,-0.3288739,-2.218874,-0.1988739,2.9011261,3.721126,2.6511261,0.021126099,1.9011261,1.7911261,1.5611261,1.011126,0.3611261,1.2111261,2.561126,2.6411262,4.0211263,4.931126,7.141126,5.311126,-1.118874,-1.248874,0.111126095,0.6811261,-0.51887393,-0.9388739
5.191126,3.541126,1.5211262,2.8711262,2.6611261,2.751126,1.761126,0.4711261,0.3111261,-0.0988739,-1.118874,-1.2788739,-0.3388739,0.6111261,-0.0388739,0.5011261,-0.8888739,-0.9588739,-0.6588739,0.5511261,2.571126,2.1211262,1.3411261,3.4011261,4.9811263,3.061126,3.5911262,2.8511262,2.1711261,2.991126,3.561126,3.8411262,3.961126,4.261126,3.961126,3.321126,2.6311262,1.0411261,3.1611261,2.231126,2.811126
4.361126,4.201126,4.191126,3.571126,4.0011263,3.6611261,2.0811262,0.8911261,-0.5088739,-1.628874,-0.7388739,-1.1888739,-2.0888739,-2.1388738,-1.9788738,-1.5088739,-0.028873902,1.1111261,1.2011261,1.9511261,2.9011261,3.281126,2.541126,2.771126,3.521126,4.801126,3.961126,4.0211263,2.8511262,3.3611262,2.3911262,1.2711262,3.1611261,1.6111261,2.6011262,1.6911261,1.4111261,-0.068873905,0.9911261,1.0711261,1.4311261
5.531126,6.0411263,5.2911263,5.091126,3.691126,3.481126,2.1211262,0.111126095,-0.3388739,-0.4188739,-0.2088739,0.16112609,-0.4988739,-0.4788739,-0.7988739,0.3111261,-0.4988739,0.111126095,1.5911261,2.001126,3.001126,4.131126,3.8811262,4.151126,5.191126,6.091126,4.951126,5.121126,5.351126,4.0011263,3.701126,2.441126,2.461126,2.431126,2.1211262,2.551126,2.1411262,1.9511261,3.461126,-0.8088739,0.7411261
4.971126,5.661126,5.061126,4.0211263,4.2111263,3.551126,1.9211261,1.251126,1.1811261,0.2511261,-0.6688739,-0.7288739,-0.7788739,-0.8488739,-1.5988739,-2.188874,-2.3988738,-1.8188739,-1.0888739,-0.4388739,1.6411262,2.8711262,3.721126,5.081126,5.311126,5.031126,5.881126,5.781126,4.611126,5.431126,4.701126,4.7911263,4.561126,3.991126,2.3911262,3.561126,3.1511261,-1.6088738,0.6811261,-0.6988739,-0.6988739
5.7111263,5.901126,4.151126,5.121126,3.8711262,2.461126,2.501126,1.621126,1.9811261,-0.3188739,-0.8988739,-1.868874,-2.508874,-2.048874,-2.1488738,-0.5788739,-0.2788739,0.16112609,1.0611261,1.2011261,1.6911261,2.071126,3.281126,3.931126,3.501126,4.511126,5.631126,6.631126,6.881126,6.171126,6.421126,6.301126,6.141126,6.2311263,4.5411263,3.3511262,3.941126,2.031126,2.721126,1.371126,0.3711261
5.941126,6.0411263,6.7711263,4.631126,4.101126,3.801126,3.261126,2.0911262,0.4011261,-0.2388739,-0.5888739,-2.0988739,-2.018874,-2.1188738,-4.128874,-3.968874,-3.488874,-3.698874,-1.9688739,-0.1688739,0.4011261,1.4511261,2.181126,3.501126,5.401126,7.391126,7.111126,6.421126,7.561126,7.991126,7.321126,7.051126,6.221126,6.121126,4.421126,4.201126,3.001126,2.691126,1.9411261,1.9311261,2.501126
4.121126,5.2911263,6.681126,3.9211261,4.2511263,3.0911262,2.3811262,1.001126,-0.0988739,-0.7888739,-0.7988739,-0.51887393,-0.5688739,-2.9188738,-4.328874,-3.8588738,-3.298874,-3.3488739,-2.998874,-1.3588738,-0.6588739,0.0511261,0.3111261,1.7011261,3.4211261,6.2511263,9.141126,8.561126,9.201126,8.5111265,10.521126,10.681126,7.9611263,6.811126,6.191126,4.691126,5.221126,3.951126,3.191126,3.3911262,1.6411262
