wind_kz.json
{"header": {"discipline":0,"disciplineName":"Meteorological products","gribEdition":2,"gribLength":794,"center":7,"centerName":"US National Weather Service - NCEP(WMC)","subcenter":0,"refTime":"2023-09-30T00:00:00.000Z","significanceOfRT":1,"significanceOfRTName":"Start of forecast","productStatus":0,"productStatusName":"Operational products","productType":1,"productTypeName":"Forecast products","productDefinitionTemplate":0,"productDefinitionTemplateName":"Analysis/forecast at horizontal level/layer at a point in time","parameterCategory":2,"parameterCategoryName":"UnknownDiscipline_0_Category_2","parameterNumber":2,"parameterNumberName":"UnknownParameter_D0_C2_2","parameterUnit":"Unknown","genProcessType":2,"genProcessTypeName":"Forecast","forecastTime":180,"surface1Type":103,"surface1TypeName":"Specified height level above ground","surface1Value":10.0,"surface2Type":255,"surface2TypeName":"Missing","surface2Value":0.0,"gridDefinitionTemplate":0,"gridDefinitionTemplateName":"Latitude_Longitude","numberPoints":615,"shape":6,"shapeName":"Earth spherical with radius of 6,371,229.0 m","gridUnits":"degrees","resolution":48,"winds":"true","scanMode":64,"nx":41,"ny":15,"basicAngle":0,"lo1":47.0,"la1":41.0,"lo2":87.0,"la2":55.0,"dx":1.0,"dy":1.0}, "data":
[rows 0 to 14 of 15, columns 0 to 40 of 41]
-2.7880464,0.91195375,-1.8880463,-1.1880462,0.61195374,0.111953735,5.6119537,5.6119537,3.8119538,4.1119537,3.9119537,5.7119536,5.6119537,6.7119536,5.6119537,2.4119537,4.2119536,3.7119536,3.8119538,4.011954,3.6119537,2.0119538,2.6119537,3.4119537,2.3119538,-0.08804627,0.91195375,2.9119537,1.0119537,0.61195374,2.0119538,1.7119538,0.21195373,-0.58804625,0.31195372,0.71195376,2.1119537,1.6119537,0.61195374,1.6119537,0.5119537
1.8119538,-2.7880464,-0.58804625,1.5119537,2.7119536,2.9119537,5.3119535,4.8119535,6.1119537,5.2119536,4.6119537,3.1119537,4.3119535,3.7119536,5.511954,1.9119537,3.9119537,3.4119537,4.7119536,5.2119536,4.2119536,3.2119536,3.3119538,3.0119538,1.4119537,1.3119538,1.0119537,1.6119537,0.5119537,1.7119538,0.71195376,0.41195375,1.2119538,-1.9880463,0.011953736,0.71195376,0.8119537,1.2119538,0.8119537,-0.38804626,-2.4880462
-1.1880462,-2.1880462,-0.28804627,3.1119537,3.6119537,6.7119536,4.8119535,4.411954,7.511954,7.411954,6.2119536,5.511954,4.911954,6.011954,3.4119537,1.2119538,4.911954,4.8119535,4.6119537,5.2119536,5.7119536,4.411954,5.3119535,5.6119537,1.3119538,-2.6880462,0.41195375,-1.1880462,3.9119537,0.21195373,0.111953735,-1.9880463,-0.18804626,2.6119537,-2.0880463,-1.8880463,-0.38804626,2.3119538,2.6119537,1.3119538,-0.08804627
4.7119536,-0.9880463,2.9119537,6.411954,7.1119537,6.511954,6.3119535,7.2119536,6.911954,8.111954,8.411954,7.7119536,3.8119538,4.011954,4.511954,5.1119537,5.511954,4.511954,5.3119535,5.7119536,4.3119535,6.011954,4.911954,5.511954,5.011954,4.6119537,3.2119536,5.8119535,3.6119537,2.6119537,3.7119536,3.3119538,5.2119536,4.511954,3.7119536,2.5119538,0.21195373,1.9119537,-0.58804625,0.41195375,2.3119538
7.011954,4.1119537,6.7119536,7.911954,7.8119535,8.811954,8.611954,8.411954,9.111954,8.811954,10.511953,8.611954,4.3119535,3.9119537,3.2119536,5.8119535,6.911954,5.011954,4.911954,5.511954,5.3119535,6.911954,1.6119537,3.6119537,4.8119535,5.511954,3.1119537,6.011954,6.1119537,5.8119535,2.5119538,3.4119537,2.7119536,1.5119537,-0.08804627,-0.78804624,0.5119537,-2.5880463,-0.6880463,0.011953736,0.5119537
8.811954,7.911954,7.2119536,7.011954,8.211954,9.911954,9.011953,10.411954,10.111954,9.511953,10.411954,9.711954,8.311954,4.8119535,5.2119536,6.3119535,7.511954,5.411954,4.2119536,5.511954,4.8119535,4.511954,4.3119535,3.2119536,4.511954,5.8119535,7.011954,-3.8880463,2.5119538,4.6119537,4.1119537,3.7119536,3.4119537,2.8119538,1.8119538,0.41195375,0.41195375,-0.78804624,-1.8880463,-2.9880462,-1.6880462
10.511953,10.611954,10.911954,11.211954,10.011953,8.911954,9.411954,9.511953,9.911954,9.511953,7.911954,8.011953,4.911954,6.7119536,5.1119537,6.411954,7.6119537,5.8119535,5.3119535,5.2119536,5.411954,4.411954,4.511954,3.1119537,3.6119537,5.511954,0.21195373,-2.7880464,-0.08804627,2.0119538,5.1119537,3.6119537,2.7119536,2.4119537,2.2119536,1.6119537,0.91195375,1.9119537,-2.7880464,1.6119537,1.3119538
11.511953,11.711954,11.711954,11.911954,11.311954,10.411954,9.511953,9.211954,9.611954,8.611954,6.911954,4.911954,5.2119536,6.2119536,5.6119537,6.2119536,6.7119536,6.3119535,6.511954,4.411954,4.8119535,2.6119537,2.5119538,-1.5880463,2.7119536,2.4119537,-0.9880463,-1.6880462,-1.5880463,2.7119536,3.5119538,2.1119537,1.8119538,2.0119538,-5.2880464,-5.488046,-5.6880465,-6.588046,-3.4880462,-1.5880463,-2.4880462
10.911954,11.311954,10.611954,10.111954,9.911954,9.511953,9.011953,9.011953,9.411954,9.111954,6.2119536,6.511954,6.8119535,7.2119536,5.7119536,5.911954,6.911954,4.8119535,5.411954,3.4119537,4.411954,3.9119537,-0.6880463,-0.78804624,2.1119537,1.5119537,-0.78804624,-2.2880464,-1.8880463,1.4119537,2.6119537,0.71195376,-2.7880464,-0.08804627,-4.2880464,-2.5880463,-0.78804624,-1.8880463,-1.5880463,-0.88804626,-1.1880462
9.311954,8.511953,8.111954,9.611954,8.311954,7.6119537,8.211954,10.111954,9.111954,8.911954,8.111954,7.6119537,6.1119537,4.911954,4.7119536,6.1119537,6.3119535,2.5119538,3.2119536,3.9119537,3.5119538,2.9119537,-3.7880464,-0.38804626,1.3119538,1.3119538,0.5119537,1.5119537,4.2119536,3.6119537,0.71195376,-2.2880464,-2.1880462,-2.2880464,-1.1880462,-1.5880463,-2.2880464,-1.1880462,-1.7880462,1.0119537,0.41195375
7.3119535,8.611954,8.411954,8.211954,7.2119536,7.411954,7.1119537,8.511953,10.411954,8.211954,7.3119535,6.911954,6.011954,5.6119537,6.2119536,5.3119535,5.7119536,5.1119537,2.8119538,4.1119537,3.3119538,1.9119537,-1.6880462,-1.5880463,1.0119537,1.9119537,-0.28804627,3.3119538,4.911954,-2.0880463,-2.6880462,-1.5880463,-1.4880463,-0.88804626,-1.5880463,-0.18804626,-0.18804626,1.2119538,-0.48804626,1.4119537,-0.88804626
9.411954,9.411954,8.011953,8.911954,7.2119536,6.7119536,6.2119536,6.7119536,9.211954,6.911954,4.2119536,6.011954,5.2119536,5.911954,5.3119535,5.1119537,4.6119537,3.3119538,3.7119536,2.7119536,2.9119537,0.91195375,-1.7880462,0.61195374,2.4119537,0.91195375,2.7119536,6.011954,-1.0880463,-2.2880464,-1.5880463,-1.1880462,-1.5880463,-1.1880462,-2.1880462,-1.7880462,-2.0880463,-1.8880463,-0.6880463,-0.9880463,-0.28804627
7.1119537,9.711954,9.211954,9.411954,6.8119535,3.6119537,5.911954,5.7119536,10.711954,6.2119536,3.0119538,4.411954,6.2119536,5.6119537,3.9119537,3.4119537,4.411954,6.511954,0.21195373,1.3119538,1.8119538,1.9119537,0.111953735,1.3119538,1.8119538,1.0119537,1.5119537,-0.58804625,-1.4880463,-1.1880462,-0.9880463,-1.1880462,-1.9880463,-0.58804625,-2.0880463,-1.5880463,-1.7880462,-1.8880463,-2.4880462,-1.5880463,-0.48804626
8.111954,8.911954,9.511953,7.911954,7.7119536,3.7119536,4.2119536,4.6119537,8.111954,4.3119535,0.61195374,2.6119537,8.311954,1.6119537,0.61195374,1.3119538,2.5119538,0.71195376,-1.0880463,1.2119538,0.41195375,0.5119537,1.0119537,0.5119537,0.111953735,-0.08804627,-0.28804627,-0.18804626,0.011953736,-1.1880462,-1.1880462,-0.6880463,-1.4880463,-0.78804624,-1.0880463,-1.1880462,-1.4880463,-1.5880463,-0.78804624,-1.3880463,-0.48804626
6.411954,9.111954,10.511953,7.3119535,7.411954,4.3119535,4.3119535,2.7119536,5.7119536,-0.58804625,-0.88804626,4.1119537,1.6119537,-0.6880463,0.011953736,0.61195374,-0.18804626,-0.48804626,0.41195375,0.91195375,0.111953735,0.21195373,0.41195375,-0.6880463,-0.18804626,0.21195373,0.41195375,0.41195375,-0.18804626,-1.1880462,-0.78804624,-0.9880463,-0.58804625,-0.9880463,-0.58804625,-0.78804624,-0.6880463,-0.08804627,-1.2880462,-1.2880462,-0.78804624
