wind_kz.json
{"header": {"discipline":0,"disciplineName":"Meteorological products","gribEdition":2,"gribLength":871,"center":7,"centerName":"US National Weather Service - NCEP(WMC)","subcenter":0,"refTime":"2023-10-03T18:00:00.000Z","significanceOfRT":1,"significanceOfRTName":"Start of forecast","productStatus":0,"productStatusName":"Operational products","productType":1,"productTypeName":"Forecast products","productDefinitionTemplate":0,"productDefinitionTemplateName":"Analysis/forecast at horizontal level/layer at a point in time","parameterCategory":0,"parameterCategoryName":"UnknownDiscipline_0_Category_0","parameterNumber":0,"parameterNumberName":"UnknownParameter_D0_C0_0","parameterUnit":"Unknown","genProcessType":2,"genProcessTypeName":"Forecast","forecastTime":300,"surface1Type":1,"surface1TypeName":"Ground or water surface","surface1Value":0.0,"surface2Type":255,"surface2TypeName":"Missing","surface2Value":0.0,"gridDefinitionTemplate":0,"gridDefinitionTemplateName":"Latitude_Longitude","numberPoints":615,"shape":6,"shapeName":"Earth spherical with radius of 6,371,229.0 m","gridUnits":"degrees","resolution":48,"winds":"true","scanMode":64,"nx":41,"ny":15,"basicAngle":0,"lo1":47.0,"la1":41.0,"lo2":87.0,"la2":55.0,"dx":1.0,"dy":1.0}, "data":
[rows 0 to 14 of 15, columns 0 to 40 of 41]
293.7768,287.7768,294.5768,292.17682,292.0768,290.67682,295.2768,298.7768,295.3768,296.3768,294.7768,295.2768,296.17682,296.4768,296.3768,298.3768,298.7768,296.3768,299.8768,297.67682,299.5768,298.7768,299.3768,293.9768,298.5768,302.5768,294.17682,272.8768,275.7768,272.3768,277.0768,273.17682,293.3768,301.17682,300.4768,299.8768,302.3768,300.5768,299.2768,300.7768,302.7768
274.2768,295.7768,292.17682,291.9768,292.0768,290.2768,297.67682,295.4768,294.3768,293.17682,295.9768,295.67682,296.8768,297.3768,298.9768,297.17682,299.5768,300.0768,299.5768,300.3768,299.8768,296.9768,293.17682,282.0768,273.17682,273.17682,275.2768,272.3768,274.0768,272.67682,277.5768,274.0768,278.3768,259.7768,270.3768,295.17682,298.2768,299.5768,301.3768,291.7768,283.7768
296.5768,291.7768,291.7768,291.3768,289.7768,294.4768,294.0768,294.0768,293.2768,291.67682,293.9768,295.5768,297.7768,297.7768,296.0768,298.5768,298.4768,297.4768,297.3768,300.67682,302.2768,299.3768,294.8768,287.2768,292.9768,290.9768,292.3768,292.8768,293.9768,273.7768,273.0768,273.3768,275.3768,278.3768,275.9768,277.2768,273.2768,280.9768,279.7768,272.0768,271.9768
296.7768,290.4768,291.2768,290.5768,290.67682,293.5768,292.3768,294.9768,295.67682,295.67682,295.2768,295.17682,288.4768,287.8768,295.7768,299.9768,297.67682,300.9768,301.0768,301.9768,298.5768,295.9768,296.2768,294.5768,294.3768,293.8768,295.3768,294.17682,293.8768,294.4768,293.4768,290.2768,293.67682,295.4768,293.0768,280.5768,269.3768,263.7768,273.67682,290.8768,295.0768
291.8768,289.8768,290.17682,289.2768,291.3768,293.17682,293.8768,295.7768,294.4768,294.9768,296.4768,296.9768,287.3768,286.2768,284.9768,298.5768,299.3768,298.17682,299.3768,297.3768,297.3768,297.8768,298.17682,297.9768,297.0768,297.4768,296.3768,292.9768,296.8768,298.67682,296.9768,295.2768,273.3768,270.3768,284.9768,293.5768,295.2768,299.67682,298.4768,297.3768,293.3768
293.8768,294.67682,287.8768,288.3768,288.67682,288.0768,294.9768,293.4768,294.67682,295.3768,294.9768,295.5768,288.5768,287.2768,293.17682,297.5768,295.67682,298.9768,297.9768,298.3768,298.9768,297.2768,296.67682,296.7768,296.8768,295.7768,296.67682,285.3768,294.0768,294.5768,296.8768,290.3768,293.9768,293.17682,289.67682,293.2768,275.17682,281.0768,293.2768,298.17682,292.67682
292.67682,293.2768,292.9768,293.4768,291.7768,293.17682,293.3768,291.8768,291.8768,292.5768,295.4768,294.4768,294.9768,295.5768,295.67682,294.2768,296.7768,296.9768,298.67682,298.4768,298.5768,298.3768,296.2768,294.7768,292.5768,292.7768,294.3768,294.17682,288.67682,290.3768,289.7768,293.17682,293.0768,285.17682,284.3768,285.67682,277.8768,273.3768,272.0768,274.0768,289.0768
291.67682,292.9768,293.17682,292.8768,291.9768,292.4768,292.7768,291.9768,291.9768,291.4768,292.8768,292.8768,294.0768,293.5768,295.5768,295.4768,295.67682,295.5768,295.5768,295.7768,294.5768,296.17682,295.2768,294.0768,293.17682,290.67682,290.8768,292.4768,290.5768,288.0768,285.9768,284.9768,283.67682,284.0768,282.3768,286.0768,288.5768,283.8768,284.3768,285.0768,279.9768
290.0768,291.17682,291.5768,292.4768,290.9768,291.9768,291.2768,290.8768,290.67682,290.8768,292.17682,292.3768,292.5768,293.4768,293.5768,295.17682,294.4768,295.0768,292.67682,291.67682,290.7768,290.4768,291.67682,291.2768,290.17682,290.17682,288.17682,287.4768,287.2768,285.4768,284.7768,282.0768,286.0768,285.4768,286.67682,283.8768,284.7768,283.2768,272.8768,273.2768,271.67682
289.4768,288.67682,289.7768,290.17682,290.0768,290.9768,290.8768,290.2768,289.67682,290.2768,289.8768,290.17682,291.2768,292.2768,291.9768,291.9768,292.9768,293.3768,292.67682,292.17682,288.4768,289.4768,290.67682,290.17682,289.3768,288.5768,287.9768,287.0768,286.67682,286.2768,285.9768,286.5768,288.7768,287.17682,284.67682,281.5768,278.0768,273.2768,272.8768,275.7768,272.17682
287.9768,288.3768,288.0768,287.9768,288.67682,289.3768,290.0768,289.8768,289.3768,289.2768,288.2768,289.4768,290.8768,289.5768,290.67682,291.0768,290.5768,291.7768,291.2768,288.8768,288.0768,289.17682,288.67682,288.8768,288.17682,287.2768,285.4768,287.8768,287.9768,289.3768,287.9768,288.0768,284.5768,283.7768,283.17682,281.5768,274.17682,274.2768,278.7768,275.3768,272.5768
287.3768,288.0768,288.67682,288.3768,288.0768,287.67682,287.3768,287.2768,287.4768,288.4768,286.8768,286.9768,288.0768,287.5768,288.67682,289.2768,289.5768,289.5768,289.0768,289.17682,286.9768,287.3768,282.0768,280.9768,281.9768,286.4768,286.8768,287.0768,287.2768,287.5768,286.5768,286.67682,285.0768,282.4768,280.8768,281.17682,279.5768,277.17682,276.8768,277.3768,276.5768
284.9768,286.5768,287.3768,287.5768,287.17682,287.3768,286.9768,286.67682,287.17682,286.4768,284.3768,285.2768,286.8768,287.0768,288.17682,288.0768,288.4768,288.17682,288.5768,287.4768,287.17682,280.5768,280.17682,281.2768,282.0768,286.8768,288.0768,284.2768,283.0768,284.9768,284.8768,283.8768,284.8768,284.2768,283.4768,280.3768,280.5768,280.2768,278.4768,277.7768,275.8768
285.5768,285.0768,284.4768,285.4768,285.0768,285.17682,285.3768,284.8768,286.5768,285.5768,283.8768,282.3768,285.9768,286.4768,287.2768,287.3768,286.9768,286.67682,286.3768,286.4768,280.8768,280.0768,280.67682,286.0768,286.5768,288.2768,287.8768,287.17682,284.17682,284.0768,283.67682,282.67682,281.7768,280.4768,280.67682,280.0768,280.0768,279.7768,279.3768,277.3768,278.4768
283.8768,284.67682,283.17682,283.7768,283.5768,284.2768,284.7768,285.5768,286.9768,286.0768,283.7768,284.5768,284.3768,284.8768,286.67682,286.9768,285.8768,285.8768,281.8768,279.67682,279.2768,281.0768,285.7768,282.5768,284.4768,286.17682,279.0768,282.7768,281.9768,281.4768,281.2768,281.5768,278.9768,275.5768,275.8768,276.7768,276.8768,274.67682,278.17682,278.3768,278.0768
