wind_kz.json
{"header": {"discipline":0,"disciplineName":"Meteorological products","gribEdition":2,"gribLength":948,"center":7,"centerName":"US National Weather Service - NCEP(WMC)","subcenter":0,"refTime":"2023-09-11T00:00:00.000Z","significanceOfRT":1,"significanceOfRTName":"Start of forecast","productStatus":0,"productStatusName":"Operational products","productType":1,"productTypeName":"Forecast products","productDefinitionTemplate":0,"productDefinitionTemplateName":"Analysis/forecast at horizontal level/layer at a point in time","parameterCategory":0,"parameterCategoryName":"UnknownDiscipline_0_Category_0","parameterNumber":0,"parameterNumberName":"UnknownParameter_D0_C0_0","parameterUnit":"Unknown","genProcessType":2,"genProcessTypeName":"Forecast","forecastTime":60,"surface1Type":1,"surface1TypeName":"Ground or water surface","surface1Value":0.0,"surface2Type":255,"surface2TypeName":"Missing","surface2Value":0.0,"gridDefinitionTemplate":0,"gridDefinitionTemplateName":"Latitude_Longitude","numberPoints":615,"shape":6,"shapeName":"Earth spherical with radius of 6,371,229.0 m","gridUnits":"degrees","resolution":48,"winds":"true","scanMode":64,"nx":41,"ny":15,"basicAngle":0,"lo1":47.0,"la1":41.0,"lo2":87.0,"la2":55.0,"dx":1.0,"dy":1.0}, "data":
[rows 0 to 14 of 15, columns 0 to 40 of 41]
296.8747,286.7747,287.57468,297.7747,297.57468,296.57468,304.7747,312.47467,309.2747,309.67468,307.67468,307.8747,306.8747,306.07468,305.3747,305.07468,305.2747,305.07468,305.97467,305.7747,307.07468,302.47467,303.17468,300.47467,303.07468,306.07468,301.3747,287.2747,287.17468,285.07468,283.8747,287.57468,298.97467,306.2747,305.7747,304.57468,305.47467,304.67468,303.8747,303.97467,304.2747
275.3747,295.97467,297.17468,297.2747,297.07468,295.3747,293.07468,293.17468,301.17468,304.2747,307.3747,305.7747,304.97467,303.47467,303.47467,304.47467,304.8747,304.8747,303.67468,303.8747,304.3747,301.57468,299.8747,292.67468,287.07468,285.67468,295.47467,288.57468,290.47467,284.2747,288.57468,279.57468,289.7747,261.07468,284.8747,298.7747,297.57468,299.57468,305.07468,294.7747,287.57468
298.67468,296.47467,297.3747,297.07468,294.97467,291.67468,291.07468,289.8747,289.2747,290.47467,291.7747,297.7747,299.97467,302.07468,303.2747,303.8747,303.07468,302.57468,302.8747,302.67468,302.7747,300.67468,300.57468,295.57468,298.47467,297.17468,298.57468,298.3747,296.3747,288.07468,280.97467,280.17468,287.3747,288.2747,288.7747,288.17468,281.3747,282.07468,284.17468,278.7747,277.3747
297.8747,295.7747,296.57468,295.97467,297.57468,301.57468,297.8747,290.47467,290.17468,290.3747,295.3747,300.7747,293.97467,293.17468,301.07468,302.67468,302.47467,301.97467,301.97467,301.7747,300.3747,296.8747,299.3747,299.3747,299.67468,299.97467,300.3747,297.07468,296.07468,298.57468,299.3747,294.8747,299.97467,298.17468,297.57468,291.57468,279.8747,279.07468,281.57468,290.47467,292.8747
304.7747,294.17468,295.17468,294.2747,298.17468,301.07468,303.17468,299.47467,294.97467,297.17468,299.8747,298.2747,293.17468,291.7747,290.17468,300.97467,300.97467,299.07468,298.7747,299.47467,299.97467,300.3747,299.07468,298.7747,298.57468,298.3747,296.8747,296.17468,297.67468,297.47467,300.07468,296.8747,284.07468,274.97467,284.2747,290.2747,293.97467,295.7747,295.57468,295.7747,295.8747
290.97467,293.57468,293.8747,293.67468,294.07468,293.67468,304.97467,305.7747,300.3747,298.57468,299.47467,299.57468,294.17468,292.8747,295.47467,296.8747,298.67468,297.97467,296.7747,295.7747,296.67468,293.3747,294.97467,295.07468,294.8747,294.07468,295.7747,291.07468,297.07468,296.97467,296.2747,297.47467,295.47467,294.2747,292.2747,294.7747,285.47467,288.07468,294.2747,294.3747,292.8747
293.67468,296.07468,304.2747,301.57468,301.17468,302.8747,305.07468,303.7747,303.47467,302.8747,299.67468,297.7747,297.07468,297.2747,297.17468,297.07468,296.97467,296.57468,295.7747,294.7747,293.97467,293.07468,292.3747,292.17468,288.57468,286.47467,289.7747,291.07468,293.17468,292.97467,292.67468,293.7747,295.3747,295.07468,293.2747,290.97467,286.2747,283.97467,281.57468,280.97467,291.97467
299.3747,299.8747,298.2747,297.97467,305.17468,307.57468,307.07468,304.47467,303.47467,302.07468,300.47467,297.97467,297.17468,293.07468,296.47467,297.17468,295.57468,296.07468,295.47467,292.3747,288.67468,292.47467,293.3747,290.3747,288.8747,286.8747,286.2747,287.17468,285.8747,287.47467,288.07468,289.67468,290.8747,289.3747,289.97467,291.97467,294.67468,289.7747,293.67468,293.8747,288.97467
295.07468,299.7747,302.17468,302.7747,303.67468,304.07468,303.67468,303.67468,301.8747,294.8747,298.2747,296.3747,291.8747,296.7747,296.17468,296.17468,294.57468,294.47467,292.3747,290.2747,288.57468,287.07468,289.8747,289.17468,285.07468,285.7747,282.7747,281.3747,281.17468,281.17468,283.8747,284.57468,288.07468,291.07468,291.47467,288.67468,287.8747,287.17468,276.67468,276.57468,276.7747
296.7747,299.3747,300.17468,301.57468,297.8747,298.07468,302.07468,300.17468,296.3747,296.97467,292.07468,290.57468,295.8747,295.3747,289.47467,292.17468,292.97467,292.67468,288.97467,289.17468,289.8747,289.17468,286.8747,286.07468,284.07468,282.3747,282.97467,283.7747,282.17468,282.57468,282.7747,286.07468,287.3747,286.97467,289.67468,289.47467,287.2747,280.67468,278.07468,278.07468,276.7747
295.7747,292.07468,295.2747,298.17468,294.07468,298.97467,295.07468,295.67468,291.7747,290.7747,291.47467,292.7747,289.17468,287.7747,290.97467,290.97467,288.57468,288.7747,288.97467,288.07468,289.97467,289.57468,288.2747,284.97467,282.3747,282.2747,281.47467,283.47467,285.3747,288.17468,286.57468,288.8747,286.8747,288.07468,286.3747,288.8747,282.7747,280.07468,282.47467,281.67468,279.07468
287.2747,294.2747,293.97467,294.57468,293.67468,291.8747,292.2747,294.47467,290.3747,294.17468,289.47467,288.3747,288.8747,288.67468,288.7747,289.57468,286.97467,290.47467,287.47467,288.07468,285.67468,285.2747,286.07468,285.2747,282.8747,282.8747,283.07468,285.07468,288.3747,289.07468,288.7747,289.97467,287.07468,286.07468,286.3747,286.67468,288.47467,288.57468,284.97467,285.67468,284.7747
291.8747,290.2747,291.67468,291.67468,294.2747,290.7747,293.67468,291.3747,291.47467,291.67468,287.57468,286.67468,289.2747,288.3747,288.67468,287.07468,288.07468,287.17468,287.3747,285.47467,285.67468,286.47467,285.8747,284.07468,283.2747,284.07468,284.17468,285.97467,285.8747,286.3747,287.57468,287.97467,288.07468,288.17468,288.2747,287.47467,287.47467,288.2747,287.57468,284.8747,286.47467
290.8747,293.17468,290.47467,288.3747,291.07468,292.2747,291.17468,291.7747,290.57468,288.07468,286.2747,286.47467,287.67468,287.07468,287.67468,287.7747,287.7747,288.17468,288.97467,289.7747,289.97467,288.17468,287.47467,286.47467,286.97467,286.7747,286.67468,285.3747,284.7747,285.07468,287.07468,287.2747,286.57468,286.67468,285.67468,284.57468,286.2747,285.3747,286.17468,284.8747,285.97467
291.8747,293.17468,289.2747,292.07468,293.97467,289.07468,289.47467,292.47467,293.7747,293.67468,292.3747,289.8747,288.17468,288.7747,288.97467,290.47467,290.7747,289.7747,290.17468,288.2747,289.97467,290.47467,290.67468,289.2747,288.17468,286.97467,287.57468,287.3747,288.2747,288.8747,288.8747,286.97467,288.47467,286.57468,286.7747,287.97467,288.17468,286.97467,286.7747,285.3747,285.47467
