wind_kz.json
{"header": {"discipline":0,"disciplineName":"Meteorological products","gribEdition":2,"gribLength":1102,"center":7,"centerName":"US National Weather Service - NCEP(WMC)","subcenter":0,"refTime":"2023-08-23T06:00:00.000Z","significanceOfRT":1,"significanceOfRTName":"Start of forecast","productStatus":0,"productStatusName":"Operational products","productType":1,"productTypeName":"Forecast products","productDefinitionTemplate":0,"productDefinitionTemplateName":"Analysis/forecast at horizontal level/layer at a point in time","parameterCategory":2,"parameterCategoryName":"UnknownDiscipline_0_Category_2","parameterNumber":3,"parameterNumberName":"UnknownParameter_D0_C2_3","parameterUnit":"Unknown","genProcessType":2,"genProcessTypeName":"Forecast","forecastTime":60,"surface1Type":103,"surface1TypeName":"Specified height level above ground","surface1Value":10.0,"surface2Type":255,"surface2TypeName":"Missing","surface2Value":0.0,"gridDefinitionTemplate":0,"gridDefinitionTemplateName":"Latitude_Longitude","numberPoints":615,"shape":6,"shapeName":"Earth spherical with radius of 6,371,229.0 m","gridUnits":"degrees","resolution":48,"winds":"true","scanMode":64,"nx":41,"ny":15,"basicAngle":0,"lo1":47.0,"la1":41.0,"lo2":87.0,"la2":55.0,"dx":1.0,"dy":1.0}, "data":
[rows 0 to 14 of 15, columns 0 to 40 of 41]
-1.3093469,-0.47934693,-1.989347,-7.179347,-7.959347,-8.569347,-8.399347,-6.579347,-4.929347,-4.9793468,-6.359347,-5.199347,-3.959347,-3.4193468,-2.569347,-2.089347,-2.809347,-4.089347,-3.449347,-1.4193469,-2.1293468,-4.559347,-4.419347,0.020653076,-1.8093469,-0.21934693,-0.36934692,2.3706532,3.0806532,2.3306532,-1.009347,1.8306531,2.180653,-0.08934692,-5.569347,0.37065306,0.9306531,-0.049346924,-0.14934692,-1.9593469,2.1506531
0.16065307,0.23065308,-6.919347,-12.199347,-7.5393467,-8.299347,-8.709347,-6.899347,-3.279347,-3.299347,-2.839347,-3.689347,-3.819347,-3.439347,-3.3593469,-3.8993468,-4.199347,-5.559347,-4.279347,2.940653,-0.22934693,-3.819347,-2.479347,0.84065306,0.36065307,-1.279347,-3.769347,1.870653,-2.469347,1.1606531,2.480653,0.12065308,-2.009347,2.250653,2.9006531,-1.4393469,0.030653076,-2.3593469,-1.4293469,-2.309347,-1.009347
2.3506532,11.180653,6.720653,1.7806531,-2.559347,-3.6593468,-5.279347,-6.0193467,-4.949347,-7.959347,-3.819347,-2.229347,-3.469347,0.41065308,-1.4393469,-4.139347,-4.5193467,-4.7293468,0.29065308,1.100653,-1.0593469,-1.489347,-5.189347,-1.6993469,-1.249347,-0.5793469,-0.26934692,-0.58934695,-0.059346925,2.960653,3.520653,-0.40934694,3.230653,-1.3393469,1.490653,2.6106532,4.490653,0.6706531,1.1406531,0.96065307,1.010653
3.910653,7.740653,4.160653,1.760653,-1.9593469,-3.299347,-3.979347,-5.419347,-6.239347,-6.239347,-6.309347,-5.549347,2.8306532,2.790653,0.37065306,-2.6193469,-2.999347,-1.389347,-1.3093469,-1.9293469,-1.9693469,-1.279347,-0.78934693,-4.399347,-4.369347,-4.429347,-4.009347,-3.049347,-2.1493468,0.32065308,-4.849347,-5.589347,0.13065308,1.9606531,0.4706531,-4.099347,-2.8893468,1.4106531,3.1106532,2.530653,2.8906531
-2.319347,-4.049347,-7.719347,-0.36934692,3.210653,-0.4693469,-2.069347,-3.019347,-3.6393468,-2.839347,-2.3793468,-2.3993468,3.680653,2.190653,0.09065308,-1.619347,-2.729347,1.1506531,0.020653076,-0.23934692,-0.59934694,-0.9993469,-2.699347,-3.439347,-4.439347,-4.349347,-4.079347,-4.5393467,-4.919347,-2.1393468,-1.139347,0.5606531,1.000653,2.8406532,-0.76934695,-2.9193468,-1.389347,-2.8793468,3.3506532,3.200653,2.700653
-2.549347,-2.259347,-7.009347,-4.209347,4.680653,1.1906531,-1.9193469,-2.8593469,-3.459347,-2.009347,-7.579347,-2.569347,2.9006531,5.170653,3.010653,-0.109346926,-2.509347,-2.089347,2.4006531,2.950653,2.3306532,1.850653,-0.3093469,-2.749347,-4.119347,-4.829347,-5.199347,-2.289347,-2.829347,-3.819347,-2.449347,-1.8093469,-2.6093469,3.180653,2.530653,0.8606531,3.560653,4.390653,1.1606531,-0.8193469,2.480653
-6.0193467,-3.9193468,-5.679347,-0.6093469,-0.5593469,-8.099347,-2.179347,-3.289347,-4.219347,-3.179347,-5.349347,-6.009347,-0.019346924,3.540653,-1.239347,-3.209347,-2.269347,-3.959347,5.080653,4.070653,3.320653,3.500653,2.550653,0.72065306,-2.789347,-4.379347,-6.199347,-7.5393467,-2.779347,-5.799347,-6.859347,-4.609347,-1.009347,-3.6393468,-1.4493469,-1.629347,-3.1593468,0.040653076,1.600653,1.620653,1.0906531
-4.759347,-5.329347,-4.199347,-6.589347,-0.84934694,-0.8693469,-1.869347,-4.299347,-5.899347,-2.1493468,-3.1493468,-2.739347,-2.549347,0.050653078,0.6106531,-0.7493469,-1.2993469,-4.689347,-1.4693469,-2.259347,2.4006531,2.3406532,2.980653,2.160653,-0.08934692,-1.9593469,-3.509347,-2.329347,-3.3793468,-4.639347,-5.899347,-6.2893467,-6.419347,-6.659347,-3.8893468,-2.679347,-0.90934694,3.3306532,-2.009347,-0.36934692,-2.339347
-3.049347,-3.8593469,-4.609347,-7.189347,0.050653078,-2.029347,-2.239347,-2.319347,-3.6493468,-3.8993468,-3.1393468,-3.179347,-1.4693469,-3.6593468,-2.069347,-2.6393468,-4.579347,0.20065308,1.4306531,3.5806532,1.600653,2.070653,3.820653,2.3806531,0.9906531,-0.6793469,-0.5593469,-2.299347,-1.4293469,-1.1793469,-3.4193468,-5.199347,-3.8993468,-5.9793468,-5.669347,-4.7293468,-1.6693469,3.1406531,1.730653,1.3006531,-0.109346926
-2.9193468,-2.569347,-2.969347,-6.399347,-5.419347,-3.679347,-2.039347,-2.529347,-3.059347,-3.4193468,-3.569347,-0.48934692,-0.059346925,-0.6093469,-1.4093469,-5.929347,-5.799347,-4.559347,-4.859347,-0.5093469,3.490653,0.20065308,4.090653,3.0806532,-0.119346924,1.730653,-0.59934694,0.79065305,-1.389347,-2.6593468,-1.6893469,-2.809347,-1.989347,-4.759347,-5.129347,-5.719347,0.84065306,-1.739347,0.6806531,4.350653,3.4006531
-3.319347,-5.0193467,-3.519347,-4.7493467,-3.6693468,-3.269347,-4.739347,-3.959347,-3.309347,-1.759347,-2.009347,0.79065305,-0.97934693,0.16065307,-1.3593469,-2.439347,-4.579347,-5.369347,-5.279347,-4.4793468,-1.239347,-1.8393469,5.110653,3.730653,2.780653,1.5306531,0.030653076,2.410653,1.870653,0.13065308,-2.549347,-1.999347,-1.8093469,-2.929347,-2.719347,-3.989347,-2.519347,0.18065308,1.3206531,1.8106531,0.73065305
-0.84934694,-1.9593469,-0.52934694,-2.769347,-4.299347,-5.399347,-5.0193467,-4.0193467,-3.3693469,-1.7893469,-1.259347,-2.939347,-2.269347,1.8206531,2.280653,1.6906531,-1.009347,-3.3893468,-3.479347,-3.579347,-2.739347,3.160653,-0.009346924,2.060653,-0.109346926,3.210653,3.310653,1.9406531,2.790653,1.1406531,-0.71934694,-1.9593469,-0.8693469,-2.529347,-2.489347,-3.4193468,-2.3493469,0.6306531,0.34065306,1.0806531,0.9406531
-2.219347,-2.189347,-3.1693468,-1.9093469,-3.219347,-2.489347,-1.889347,-3.259347,-5.389347,-2.6593468,-1.4593469,-1.649347,-1.989347,-3.3493469,-1.399347,-2.189347,1.100653,-1.019347,-2.539347,-3.0993469,-2.799347,1.6806531,4.160653,0.8906531,2.8306532,2.8606532,2.290653,0.90065306,-0.6793469,-1.029347,0.36065307,-0.6093469,0.9906531,-1.4093469,-2.029347,-1.5393469,-2.559347,-0.8593469,-4.659347,-3.8593469,2.6206532
-2.459347,-1.4693469,-3.569347,-2.339347,-1.779347,-1.4393469,-1.999347,-2.289347,-1.8493469,-2.079347,-1.0393469,-0.45934692,-0.5493469,-1.899347,-3.179347,-2.979347,-0.5793469,1.380653,0.72065306,-1.5793469,-2.289347,-2.8493469,-0.35934693,1.6906531,0.66065305,2.410653,1.7906531,-1.0893469,-0.83934695,0.78065306,1.260653,-0.5593469,0.46065307,-1.2893469,-1.389347,-1.2993469,-1.369347,-0.26934692,-0.5793469,-1.399347,-0.36934692
-1.3093469,-2.029347,-4.529347,-2.299347,-2.519347,-1.759347,-2.189347,-1.9693469,-2.549347,-1.8293469,-1.3093469,-0.31934693,1.0706531,0.040653076,-1.499347,-1.989347,-1.9193469,-1.8593469,-1.4193469,1.510653,-0.039346922,-1.1793469,-1.0893469,-0.29934692,-0.5093469,0.4406531,1.630653,1.600653,-0.2793469,-2.1293468,-0.84934694,1.2906531,-0.31934693,-1.629347,-0.8593469,-1.1993469,-0.6993469,-0.83934695,1.010653,0.7506531,0.96065307
