wind_kz.json
{"header": {"discipline":0,"disciplineName":"Meteorological products","gribEdition":2,"gribLength":1025,"center":7,"centerName":"US National Weather Service - NCEP(WMC)","subcenter":0,"refTime":"2023-08-22T18:00:00.000Z","significanceOfRT":1,"significanceOfRTName":"Start of forecast","productStatus":0,"productStatusName":"Operational products","productType":1,"productTypeName":"Forecast products","productDefinitionTemplate":0,"productDefinitionTemplateName":"Analysis/forecast at horizontal level/layer at a point in time","parameterCategory":2,"parameterCategoryName":"UnknownDiscipline_0_Category_2","parameterNumber":3,"parameterNumberName":"UnknownParameter_D0_C2_3","parameterUnit":"Unknown","genProcessType":2,"genProcessTypeName":"Forecast","forecastTime":60,"surface1Type":103,"surface1TypeName":"Specified height level above ground","surface1Value":10.0,"surface2Type":255,"surface2TypeName":"Missing","surface2Value":0.0,"gridDefinitionTemplate":0,"gridDefinitionTemplateName":"Latitude_Longitude","numberPoints":615,"shape":6,"shapeName":"Earth spherical with radius of 6,371,229.0 m","gridUnits":"degrees","resolution":48,"winds":"true","scanMode":64,"nx":41,"ny":15,"basicAngle":0,"lo1":47.0,"la1":41.0,"lo2":87.0,"la2":55.0,"dx":1.0,"dy":1.0}, "data":
[rows 0 to 14 of 15, columns 0 to 40 of 41]
4.52636,2.1963599,-0.22364014,-3.7236402,-5.21364,-6.87364,-5.85364,-5.53364,-2.63364,-1.2536402,0.14635986,1.1063598,0.056359865,1.1863599,0.23635986,-1.2036401,-3.11364,-4.5736403,-6.16364,-4.6536403,-3.88364,-5.12364,-3.4236403,2.85636,3.2063599,2.9963598,1.0563599,0.17635986,-1.7336402,3.14636,2.5763597,2.43636,-1.0636401,-0.79364014,-0.36364013,-1.3436401,0.21635987,0.78635985,-0.093640134,1.3163599,1.5463599
1.0763599,-0.52364016,0.23635986,-1.7936401,-5.52364,-6.35364,-5.1536403,-3.09364,-3.39364,-2.2236402,-1.6336402,-1.8836402,-1.7836401,1.4763598,2.2263598,1.0663599,0.85635984,-1.4236401,-4.51364,-6.12364,-6.70364,-5.58364,-3.6736403,-1.0836401,3.2863598,3.9963598,3.7263598,0.91635984,-0.51364017,0.51635987,-2.56364,0.21635987,1.5063598,2.5263598,3.5563598,2.16636,3.0563598,1.4063599,1.9563599,2.08636,-0.30364013
-0.85364014,0.15635987,-1.0336401,-1.7436402,-2.08364,-5.50364,-4.51364,-3.2936401,-3.4936402,-2.6836402,-4.01364,-3.33364,-2.2336402,-1.3236401,3.93636,3.5263598,1.4663599,-0.73364013,-3.4536402,-5.4036403,-6.64364,-5.39364,-0.123640135,0.27635986,-3.7136402,-4.10364,-3.4836402,-3.0436401,-1.3336401,-2.1936402,-1.8836402,1.9863598,0.41635987,2.7463598,0.13635987,-3.12364,-1.3036401,2.7963598,-1.8736402,0.36635986,0.9463599
-2.15364,-1.4036402,-2.59364,-3.57364,-1.9136401,-5.45364,-5.37364,-3.7236402,-4.37364,-2.9836402,-3.63364,-3.5536401,-0.38364014,0.27635986,6.04636,6.00636,2.85636,0.28635988,-2.7936401,-5.25364,-6.53364,-3.5136402,-5.20364,-5.02364,-3.9836402,-3.16364,-3.7336402,-1.7636402,-0.52364016,-0.9436401,6.1163597,1.8063599,1.0663599,0.16635986,0.70635986,2.13636,3.34636,1.4363599,-3.1836402,-3.13364,-1.4236401
-2.81364,-3.3036401,-3.6836402,-3.5436401,-4.03364,-4.6336403,-4.47364,-3.0436401,-3.13364,-3.86364,-4.62364,-6.12364,-3.40364,5.06636,2.10636,5.3463597,4.23636,2.2563598,-1.4236401,-3.88364,-5.8636403,-6.23364,-6.04364,-6.22364,-4.85364,-3.4336402,-1.0536401,-1.7936401,-0.8736401,1.3963599,4.1563597,-0.8636401,0.90635985,-0.18364014,0.9963599,1.7263598,2.1963599,0.7463599,-0.6136401,-0.6836401,1.6463599
-1.9936402,-1.7736402,0.16635986,-3.40364,-3.7236402,-3.4836402,-3.83364,-4.1336403,0.25635988,-2.2136402,-2.5136402,-1.2236401,1.9063599,2.4663599,2.2763598,3.0163598,4.23636,3.60636,1.0863599,-2.0036402,-5.02364,-6.45364,-7.20364,-6.8036404,-5.99364,-4.77364,-2.2436402,-0.42364013,-2.2736402,2.8263597,3.3163598,1.6863599,0.39635986,-0.33364013,-1.1736401,4.31636,-3.88364,-1.0536401,0.51635987,-0.023640137,0.82635987
-2.9536402,-0.8636401,-1.3236401,-4.02364,-5.1336403,-5.79364,-3.2336402,-0.45364013,1.4463599,-0.093640134,-0.60364014,-1.6336402,-2.32364,1.1263598,2.7363598,4.30636,4.20636,4.58636,2.5463598,-1.1836401,-4.02364,-5.43364,-6.5536404,-7.25364,-6.06364,-5.6336403,-4.44364,-3.2936401,-1.1736401,3.41636,4.56636,5.06636,3.7863598,4.03636,4.48636,4.48636,3.15636,2.16636,-0.11364014,2.8063598,-0.65364015
-2.7136402,-3.0436401,-3.2036402,-3.5536401,-4.6336403,-5.25364,-3.0236402,-1.1936401,-0.18364014,-0.73364013,0.31635988,-0.67364013,-0.30364013,-0.6136401,-0.91364014,-1.0636401,4.72636,5.05636,2.83636,-1.0136402,-2.4436402,-3.83364,-5.46364,-6.69364,-6.99364,-6.08364,-6.8636403,-6.78364,-0.96364015,4.05636,6.10636,6.58636,6.45636,6.46636,4.9263597,1.4163599,1.2663598,1.7863599,0.096359864,1.5163598,2.8063598
-3.9936402,-2.87364,-3.16364,-2.7236402,-2.34364,-0.6236401,-2.66364,-2.2236402,-1.3136401,0.25635988,-0.33364013,0.51635987,-1.0436401,-2.7036402,-0.8636401,1.8163599,3.8063598,4.3863597,2.3063598,0.20635986,-1.9936402,-3.2236402,-4.70364,-5.33364,-6.66364,-6.3836403,-5.39364,-5.21364,-5.23364,-3.5336401,-1.3736402,8.19636,7.66636,6.77636,5.5763597,6.79636,4.47636,4.10636,3.10636,1.5863599,1.5163598
-1.9736401,-3.65364,-3.88364,-4.21364,-2.7436402,-1.3336401,-2.0036402,-2.4236403,-1.1436402,-0.84364015,2.0263598,1.7663598,-0.16364014,-2.2636402,-2.2236402,0.086359866,3.18636,4.1363597,2.9463599,1.2363598,-0.97364014,-1.8536401,-2.7236402,-3.4936402,-4.6736403,-6.06364,-5.91364,-4.27364,-4.21364,-4.70364,-3.88364,-5.91364,-6.22364,-3.83364,0.64635986,7.58636,3.61636,2.5563598,2.12636,0.6363599,1.2563598
-1.1736401,-1.7836401,-3.34364,-3.5336401,-3.07364,-3.61364,-1.9936402,-4.3836403,-4.8636403,-3.41364,-2.2436402,0.19635986,-1.2136401,-2.2736402,-2.08364,-0.98364013,3.67636,5.0963597,2.93636,1.7863599,-0.73364013,-1.3736402,-3.10364,-1.9836402,-3.15364,-3.7836401,-4.8236403,-5.96364,-4.74364,-3.4236403,-3.5336401,-3.2036402,-3.7936401,-5.00364,-4.56364,5.78636,5.1363597,3.4963598,5.8263597,1.9663599,1.0063598
-0.28364015,-2.07364,-2.5236402,-3.4336402,-3.5436401,-2.65364,-1.9536401,-2.16364,0.54635984,0.8163599,1.7563598,2.0063598,-0.37364015,-2.33364,-1.8436401,-0.9936401,2.4963598,1.1863599,1.1563599,2.2963598,-0.27364013,-1.5136402,-1.7436402,-1.9636401,-2.4936402,-2.90364,-3.57364,-5.3236403,-5.85364,-5.23364,-3.5436401,-2.5236402,0.91635984,-0.71364015,-2.15364,-0.98364013,0.39635986,-1.4236401,0.38635987,3.4863598,1.3563598
-1.2936401,-2.12364,-1.3536401,-2.2236402,-2.13364,-1.4936402,-1.5836401,-2.06364,-1.4836402,-1.8236401,0.17635986,-0.123640135,-0.37364015,-0.7536401,-2.90364,-2.83364,0.78635985,1.3463598,-1.2236401,2.2663598,0.086359866,-2.5036402,-1.6136402,-2.34364,-2.83364,-2.4336402,-1.3636402,-3.6836402,-5.44364,-4.60364,-3.10364,-3.3036401,-3.6836402,1.2363598,1.7763599,-2.32364,0.6963599,1.6663599,3.7163599,3.9563599,2.5363598
-2.8036401,-2.89364,-1.9136401,-2.87364,-1.7636402,-2.2936401,-1.3436401,-2.6736403,-2.85364,-1.7536402,-0.7536401,-0.19364014,0.82635987,0.70635986,0.6863599,0.24635987,2.35636,2.4663599,0.76635987,-0.9336401,-0.44364014,-0.70364016,-1.0136402,-2.1736403,-1.5036402,-2.32364,0.29635987,-1.7336402,-3.9636402,-4.3036404,-4.58364,-2.4936402,-1.3236401,-1.8936402,3.12636,1.1763599,1.3063599,3.0763597,3.2963598,3.2863598,3.2863598
-2.41364,-2.2036402,-2.86364,-3.2736402,-3.7936401,-2.11364,-3.06364,-1.7836401,-1.5036402,-2.0036402,0.21635987,-1.3636402,-0.6136401,-1.4436401,0.5663599,0.71635985,0.31635988,0.096359864,-0.033640135,-0.083640136,-0.24364014,0.42635986,-1.8036401,-0.73364013,-0.90364015,-1.9736401,-2.4236403,-0.71364015,-2.0036402,-3.5236402,-3.57364,-2.7136402,-1.9836402,-1.5636401,-0.16364014,-0.123640135,2.5163598,1.8663598,2.7863598,4.3663597,3.41636
