wind_kz.json
{"header": {"discipline":0,"disciplineName":"Meteorological products","gribEdition":2,"gribLength":1025,"center":7,"centerName":"US National Weather Service - NCEP(WMC)","subcenter":0,"refTime":"2023-09-20T06:00:00.000Z","significanceOfRT":1,"significanceOfRTName":"Start of forecast","productStatus":0,"productStatusName":"Operational products","productType":1,"productTypeName":"Forecast products","productDefinitionTemplate":0,"productDefinitionTemplateName":"Analysis/forecast at horizontal level/layer at a point in time","parameterCategory":2,"parameterCategoryName":"UnknownDiscipline_0_Category_2","parameterNumber":2,"parameterNumberName":"UnknownParameter_D0_C2_2","parameterUnit":"Unknown","genProcessType":2,"genProcessTypeName":"Forecast","forecastTime":60,"surface1Type":103,"surface1TypeName":"Specified height level above ground","surface1Value":10.0,"surface2Type":255,"surface2TypeName":"Missing","surface2Value":0.0,"gridDefinitionTemplate":0,"gridDefinitionTemplateName":"Latitude_Longitude","numberPoints":615,"shape":6,"shapeName":"Earth spherical with radius of 6,371,229.0 m","gridUnits":"degrees","resolution":48,"winds":"true","scanMode":64,"nx":41,"ny":15,"basicAngle":0,"lo1":47.0,"la1":41.0,"lo2":87.0,"la2":55.0,"dx":1.0,"dy":1.0}, "data":
[rows 0 to 14 of 15, columns 0 to 40 of 41]
-2.4867425,-0.006742554,0.43325746,-3.1567426,-3.3767426,-6.206743,-7.8067427,-7.9167423,-6.8467426,-4.3267426,-3.9467425,-3.9367425,-4.2767425,-3.2167425,-1.9567425,-1.4467425,-2.2467425,-2.5367424,-4.1767426,-3.3467426,-2.6767426,-1.1567426,-0.73674256,-1.9667425,-1.6967425,-2.6267426,-3.3467426,-0.10674255,1.1632575,2.1832573,2.5132575,0.09325745,-1.5667425,-1.7167425,-1.5167426,-2.6767426,3.4432573,-1.1267426,-0.88674253,-3.3867426,-0.7767426
1.0832574,0.06325745,-3.8067427,-4.8867426,-2.6367426,-6.2667427,-7.706743,-6.6767426,-4.5867424,-4.4767427,-7.9867425,-6.5967426,-5.1767426,-2.7467425,-0.19674255,-2.1867425,-1.5567425,-3.6067426,-3.1067426,-2.9667425,-3.2067425,-2.4167426,-1.7867426,-2.4967425,-0.5967426,-0.026742553,-1.1567426,2.0832574,-0.19674255,-0.32674256,0.36325744,0.70325744,-0.54674256,-0.8967426,0.96325743,-2.2167425,-0.11674255,0.58325744,-0.096742555,2.1932573,-3.0267425
-1.9467425,-5.7567425,-5.456743,-5.5267425,-4.456743,-5.4467425,-4.5767426,-3.7567425,-5.0167427,-6.5067425,-5.436743,-5.3467426,-2.3967426,-1.8967426,-1.0967425,-0.50674254,-2.2667425,-3.2367425,-3.3167427,-2.6267426,-3.1567426,-4.1267424,-3.1867425,-4.4967427,-2.1667426,-2.2267425,-2.9367425,-3.1867425,-2.7467425,-0.6467426,-0.16674255,1.8132575,-0.6467426,2.8332574,-0.86674255,1.2532574,0.40325746,0.6532574,3.7932575,0.87325746,-0.22674255
-5.4267426,-8.186743,-5.9267426,-3.2167425,-2.8067427,-3.7567425,-4.5267425,-4.4967427,-3.9267426,-5.0967426,-4.9767427,-3.2367425,-3.4467425,-2.5367424,-0.006742554,0.48325744,-2.1467426,-3.8067427,-2.3467426,-0.87674254,-1.4967426,-2.6067426,-2.3567426,-3.9167426,-3.7367425,-3.5767426,-2.5667427,-0.47674257,0.8432574,3.6332574,2.4132574,3.0432575,6.9832573,9.543258,4.3932576,3.8432574,0.77325743,1.9032575,-0.28674257,3.1932573,3.9432573
-6.3567424,-7.3667426,-7.2667427,-7.0967426,-6.3067427,-4.9467425,-4.1767426,-3.4667425,-3.1567426,-5.1467423,-2.5167425,-2.7067425,-2.0867426,-2.1567426,-1.0567425,-0.21674256,-0.47674257,-2.1667426,-1.0967425,-0.94674253,-2.6867425,-2.4567425,-2.4367425,-1.5567425,-1.3367425,-0.5267426,0.93325746,1.4832574,0.46325743,1.9932574,1.0832574,0.77325743,-0.7667425,1.0332575,1.8732574,1.7032574,8.733257,6.4132576,7.4932575,5.1232576,-0.26674256
-4.7767425,-3.7167425,-5.0067425,-4.9267426,-4.8167424,-3.7667425,-1.6267426,-3.0467424,-3.7667425,-3.1267426,-3.2967424,-2.5667427,0.86325747,0.47325745,0.30325744,0.14325744,-1.3367425,-1.0467426,0.14325744,0.0032574462,-0.63674253,-0.73674256,0.69325745,-0.81674254,0.8532574,2.5932574,2.6432574,3.7332575,2.2032576,1.8732574,1.0932574,0.38325745,1.4132575,1.4732574,1.6632575,9.863257,6.6532574,5.7032576,8.2432575,-4.4967427,-3.4167426
-2.2467425,-2.3567426,-2.5867426,-2.0267425,-1.1867425,-0.11674255,-3.3867426,-2.2567425,-3.1367426,-2.9467425,-1.6267426,-2.1767426,-1.9167426,-0.69674253,-0.16674255,-0.036742553,-0.72674257,0.22325745,0.47325745,0.27325743,0.113257445,0.30325744,0.6032574,1.9832574,0.83325744,1.6632575,1.5032574,2.8332574,3.6432574,3.8332574,3.0732574,1.0332575,2.4432573,1.2432574,3.1032574,-0.006742554,-0.46674255,1.1732575,3.2532575,-0.24674255,3.1932573
-3.6867425,-3.2467425,-3.2667425,-3.5567427,-3.3667426,-3.5867426,-3.7267425,-3.5067425,-2.3767426,-1.9767425,-1.6867425,-0.17674255,1.4132575,1.1832575,1.9932574,1.8232574,2.3832574,2.0832574,1.2732575,0.51325744,1.4532574,1.1532575,1.1832575,2.0032575,2.2932575,1.3532574,1.9632574,1.9732574,3.1832573,2.2632575,2.0932574,3.2132576,1.6632575,2.6232574,2.2432575,2.4932575,3.2532575,6.2332573,4.8832574,5.3932576,0.49325743
-3.9667425,-3.7967424,-3.8467426,-3.5567427,-3.2367425,-3.1267426,-2.6267426,-3.0067425,-2.3467426,0.06325745,1.4332575,0.033257447,1.6132574,1.3432574,1.7332574,2.6632574,3.3332574,3.0132575,3.2132576,3.1132574,3.0232575,2.8032575,3.3332574,2.7932575,2.6432574,3.9832575,2.6032574,3.9632576,3.4432573,3.8232574,3.7032576,3.1732574,5.0732574,2.5732574,3.3932574,2.0932574,1.8332574,1.5032574,0.82325745,0.20325744,0.68325746
-3.5267425,-3.2767425,-2.8767426,-2.6167426,-2.5467424,-1.8767426,-2.2567425,-1.7867426,-0.63674253,0.44325745,1.4132575,1.4332575,2.2132576,3.1132574,3.2132576,3.5732574,3.0732574,3.5532575,3.8732574,3.9332573,4.5332575,4.9332576,5.0832577,4.9132576,4.3732576,4.3032575,4.6232576,4.793257,5.3432574,6.0132575,5.8632574,5.7632575,4.8932576,2.7332575,1.3132575,2.0732574,-1.1667426,1.0732574,0.46325743,1.0932574,0.74325746
-0.6567426,-0.20674255,-0.29674256,0.7832574,0.94325745,1.3632574,2.0832574,2.2832575,2.4132574,2.3032575,2.2732575,2.5432575,3.2132576,3.3132575,3.4932575,3.8432574,3.8232574,3.8232574,2.7732575,3.1332574,5.4232574,5.9232574,6.3632574,6.2232575,5.6632576,6.1832576,7.1832576,7.4932575,7.7732573,7.7432575,6.8032575,6.2532573,5.8532577,4.0532575,3.4132574,0.15325744,-0.80674255,1.1932575,1.3132575,0.5432575,0.81325746
0.76325744,1.7432574,2.0132575,1.6232574,2.1832573,1.6032574,1.4932574,1.6532575,1.7432574,1.0632575,0.55325747,2.8532574,2.8332574,3.0332575,3.6232574,4.2232575,3.4632576,2.8732574,2.4232574,3.8032575,3.9432573,4.5332575,5.043257,5.3532577,6.5832577,7.8232574,7.4232574,8.053257,6.4732575,7.5832577,8.173258,7.1132574,5.0532575,4.8632574,3.6532574,3.7932575,4.043257,2.4132574,1.2532574,0.61325747,0.47325745
1.5832574,1.1332574,1.6932575,1.5032574,1.5432575,0.87325746,1.5532575,1.4632574,1.7132574,1.0432575,0.74325746,1.9432575,2.5532575,3.2332575,2.9532576,2.7132576,2.7632575,2.9232574,3.2732575,3.7432575,3.2132576,4.4532576,3.7532575,5.3432574,6.2332573,5.1732574,5.3232574,6.793257,7.5132575,7.2632575,7.7432575,7.1332574,7.3832574,6.5132575,5.4832573,4.7332573,3.9432573,2.1032574,1.7332574,0.89325744,1.5532575
0.75325745,0.50325745,1.1332574,1.8132575,0.48325744,0.74325746,1.0432575,1.8632574,1.6932575,2.2332575,0.70325744,1.5832574,2.1732574,3.5632575,3.8132575,3.8232574,4.2132573,3.4732575,2.8832574,3.4132574,1.8132575,1.9332575,-1.0867425,0.09325745,1.4332575,1.9632574,2.3432574,1.4432575,0.92325747,3.9732575,5.8932576,6.7032576,5.1832576,7.3232574,5.7132573,4.6032577,4.4232574,3.3232574,2.5332575,2.1432574,1.0432575
-0.44674256,0.22325745,0.68325746,0.14325744,1.7532574,1.4332575,2.0832574,0.10325745,0.26325744,-0.17674255,0.55325747,1.2732575,1.8632574,2.3332574,2.3032575,-0.096742555,-2.0067425,-0.24674255,-0.60674256,0.31325746,0.083257444,1.3432574,1.9332575,2.1232574,2.3832574,2.4432573,2.6232574,2.0732574,2.1132574,2.8332574,2.0632575,2.8332574,1.2232574,6.0532575,5.7232575,6.6132574,5.6032577,5.5132575,4.6332574,2.5832574,1.2232574
