wind_kz.json
{"header": {"discipline":0,"disciplineName":"Meteorological products","gribEdition":2,"gribLength":1025,"center":7,"centerName":"US National Weather Service - NCEP(WMC)","subcenter":0,"refTime":"2023-08-22T12:00:00.000Z","significanceOfRT":1,"significanceOfRTName":"Start of forecast","productStatus":0,"productStatusName":"Operational products","productType":1,"productTypeName":"Forecast products","productDefinitionTemplate":0,"productDefinitionTemplateName":"Analysis/forecast at horizontal level/layer at a point in time","parameterCategory":2,"parameterCategoryName":"UnknownDiscipline_0_Category_2","parameterNumber":2,"parameterNumberName":"UnknownParameter_D0_C2_2","parameterUnit":"Unknown","genProcessType":2,"genProcessTypeName":"Forecast","forecastTime":300,"surface1Type":103,"surface1TypeName":"Specified height level above ground","surface1Value":10.0,"surface2Type":255,"surface2TypeName":"Missing","surface2Value":0.0,"gridDefinitionTemplate":0,"gridDefinitionTemplateName":"Latitude_Longitude","numberPoints":615,"shape":6,"shapeName":"Earth spherical with radius of 6,371,229.0 m","gridUnits":"degrees","resolution":48,"winds":"true","scanMode":64,"nx":41,"ny":15,"basicAngle":0,"lo1":47.0,"la1":41.0,"lo2":87.0,"la2":55.0,"dx":1.0,"dy":1.0}, "data":
[rows 0 to 14 of 15, columns 0 to 40 of 41]
-0.8831079,0.4668921,-0.2531079,-4.8231077,-5.563108,-6.393108,-4.0531077,-4.643108,-4.213108,-2.273108,-2.763108,-3.273108,-3.563108,-3.263108,-2.4131079,-2.023108,-0.9931079,-0.9531079,-2.553108,-1.0431079,1.2068921,0.9168921,1.9068921,0.6468921,1.046892,-1.5531079,-1.9031079,0.71689206,0.6868921,0.71689206,-1.0231079,0.8568921,-0.00310791,-0.20310791,-1.9031079,-1.7631079,-1.1531079,-2.1631079,-0.4631079,-1.6731079,-2.9231079
2.096892,0.9368921,-6.7831078,-5.203108,-4.173108,-4.523108,-4.153108,-4.673108,-3.593108,-3.2331078,-2.763108,-3.1631079,-2.1731079,-1.2331079,-1.1631079,-0.66310793,0.2868921,-0.21310791,0.41689208,1.2568921,2.216892,0.7268921,-0.08310791,0.06689209,0.5968921,1.4468921,0.4268921,1.5868921,-0.23310791,-0.4431079,0.3968921,-0.8631079,0.7268921,-2.143108,-0.2531079,-0.4731079,-1.7631079,-1.7631079,-0.7631079,1.936892,-1.7831079
-0.18310791,-5.0331078,-6.393108,-6.263108,-8.323108,-5.413108,-4.673108,-2.283108,-3.7331078,-1.703108,-0.7731079,0.04689209,1.5868921,3.0768921,3.676892,1.1968921,1.6268921,2.5868921,3.0768921,2.7868922,2.5868921,3.0368922,3.5368922,1.9768921,1.8968921,5.956892,2.656892,2.746892,-0.4131079,-0.7731079,-0.12310791,0.4968921,1.1568921,-0.09310791,0.10689209,-0.7931079,-0.5031079,-0.33310792,-1.8731079,-0.1731079,0.2868921
-3.633108,-6.503108,-6.173108,-5.023108,-4.023108,-2.883108,-0.3231079,-1.5131079,-0.20310791,1.2168921,1.286892,1.0968921,2.966892,1.436892,1.3468921,2.8368921,4.036892,3.896892,3.7968922,3.876892,2.5468922,1.3468921,5.1968923,4.536892,6.206892,8.356892,7.976892,0.17689209,3.716892,1.0768921,0.8068921,-1.5031079,3.996892,4.556892,1.3168921,-0.97310793,-1.313108,0.90689206,0.29689208,1.546892,4.266892
-3.873108,-6.473108,-5.8231077,-4.893108,-3.263108,0.20689209,1.8868921,1.6068921,3.456892,4.126892,4.016892,4.036892,5.006892,6.246892,5.7168922,4.046892,4.016892,4.2168922,3.956892,4.306892,3.8268921,4.506892,5.4268923,5.736892,6.6768923,8.236892,8.626892,3.356892,2.856892,4.146892,-2.2431078,-4.473108,-3.043108,2.456892,0.6368921,3.0068922,7.9268923,1.4468921,-1.7231079,-3.133108,1.7468921
-0.2531079,-0.9031079,0.6768921,1.7768921,-0.8631079,-1.5431079,-2.853108,-1.563108,0.4568921,0.83689207,1.0868921,2.166892,4.006892,6.7168922,6.866892,3.956892,5.336892,4.3868923,4.526892,5.256892,4.326892,5.876892,6.206892,5.166892,3.5668921,6.996892,1.0868921,-1.1131079,0.6668921,1.2168921,2.136892,-0.6431079,-0.11310791,1.416892,1.8368921,0.7468921,2.246892,3.866892,4.936892,2.736892,0.7268921
0.26689208,-0.02310791,-0.7731079,-1.823108,-0.4731079,-1.0331079,-0.21310791,0.6868921,1.4868921,2.2968922,3.0268922,2.866892,3.346892,4.496892,5.746892,6.186892,5.126892,5.816892,5.126892,6.816892,4.726892,6.1568923,6.026892,3.5168922,3.2668922,4.486892,-0.5731079,-1.8931079,-2.753108,-3.523108,-1.8531079,1.5768921,2.626892,0.8468921,1.806892,-0.7031079,-0.21310791,1.2568921,-0.66310793,-0.53310794,6.1368923
-0.6831079,-0.5731079,-1.953108,-0.6231079,-0.6131079,0.5068921,0.4068921,1.426892,2.606892,3.0168922,3.7668922,4.316892,3.916892,3.866892,5.086892,5.6368923,6.036892,6.576892,6.146892,6.276892,5.846892,4.896892,4.396892,3.106892,3.116892,3.956892,1.6168921,5.126892,-1.8431079,-2.543108,-2.543108,-1.2531079,0.9868921,4.756892,1.926892,5.486892,2.3368921,4.866892,3.406892,8.876892,2.876892
-1.0231079,-0.5531079,0.22689208,1.9768921,2.0568922,1.4868921,1.3168921,1.8268921,2.3068922,2.666892,3.416892,3.0068922,4.3868923,5.106892,4.936892,5.456892,5.986892,4.776892,4.996892,5.756892,4.996892,5.036892,3.5768921,3.5568922,2.896892,2.916892,4.206892,3.616892,4.096892,-1.5231079,-0.6331079,0.11689209,-0.8731079,0.9768921,0.06689209,4.306892,3.5668921,0.7068921,1.1068921,1.3268921,0.52689207
-2.1831079,-0.4331079,2.5868921,1.8768921,1.2168921,1.5968921,1.8168921,2.0268922,1.5068921,1.8668921,2.636892,2.896892,3.176892,4.226892,4.026892,4.826892,5.076892,5.336892,3.5768921,3.8168921,3.236892,4.6368923,3.7568922,3.236892,3.926892,3.3268921,3.706892,3.686892,8.466892,4.8868923,0.8668921,1.2468921,2.976892,1.7768921,2.3068922,4.4668922,-1.703108,-1.9031079,0.52689207,1.6168921,-0.6831079
2.2568922,-0.4131079,0.1368921,1.1068921,1.8868921,0.5668921,1.686892,0.8268921,0.6868921,1.176892,2.166892,2.666892,4.016892,3.106892,4.526892,3.7568922,4.786892,5.2168922,3.366892,6.356892,6.546892,5.666892,5.186892,4.106892,3.946892,3.866892,5.146892,5.236892,5.1368923,1.3168921,2.986892,2.936892,3.916892,4.566892,4.576892,3.096892,-0.5431079,-0.48310792,-1.2431079,1.0068921,-1.6231079
1.1368921,0.9468921,1.4568921,2.0568922,1.3768921,0.8868921,0.96689206,1.3168921,2.0668921,1.4468921,1.1468921,3.2668922,3.2868922,3.0868921,4.396892,3.976892,4.266892,5.526892,6.496892,5.186892,3.3368921,3.846892,4.236892,5.096892,5.566892,5.1368923,5.836892,6.746892,6.036892,4.556892,3.0368922,4.896892,4.526892,5.586892,5.6368923,3.7568922,5.866892,-0.3431079,2.136892,-0.6931079,-1.313108
1.436892,1.926892,1.3668921,2.746892,1.5168921,1.5268921,1.806892,1.806892,2.0768921,1.4468921,1.0968921,2.736892,3.0368922,2.906892,2.956892,3.3068922,3.366892,3.5868921,3.376892,3.156892,3.3368921,4.6368923,5.1568923,5.776892,7.046892,6.516892,6.556892,6.206892,5.016892,4.806892,4.876892,6.486892,7.2168922,7.606892,5.956892,3.246892,-2.763108,-3.113108,0.19689208,-2.823108,-1.7431079
1.536892,1.8968921,2.376892,2.8168921,1.9068921,1.7568921,1.9968921,2.136892,1.6068921,2.096892,1.046892,1.5968921,2.926892,3.126892,2.7568922,2.8168921,3.386892,3.206892,2.846892,2.7968922,2.7768922,3.866892,2.706892,1.186892,-1.2431079,3.496892,3.686892,3.8068922,3.5668921,4.756892,6.246892,6.9668922,6.2168922,-0.5231079,-2.2031078,-3.763108,-2.393108,-2.863108,-0.84310794,-0.5231079,-1.1031079
0.6468921,1.2668921,2.0568922,2.346892,2.5868921,2.116892,2.7968922,2.636892,2.906892,1.6968921,0.3768921,1.7168921,1.7468921,1.9768921,2.666892,2.726892,3.0068922,2.946892,2.3068922,2.2868922,2.0568922,1.7468921,1.0968921,0.6268921,0.01689209,0.07689209,-0.9631079,1.0768921,2.236892,3.2768922,3.416892,-0.12310791,-2.553108,-4.523108,-3.2431078,-2.523108,-3.4431078,-2.083108,-1.9331079,-1.6531079,-1.6031079
