wind_kz.json
{"header": {"discipline":0,"disciplineName":"Meteorological products","gribEdition":2,"gribLength":871,"center":7,"centerName":"US National Weather Service - NCEP(WMC)","subcenter":0,"refTime":"2023-08-19T12:00:00.000Z","significanceOfRT":1,"significanceOfRTName":"Start of forecast","productStatus":0,"productStatusName":"Operational products","productType":1,"productTypeName":"Forecast products","productDefinitionTemplate":0,"productDefinitionTemplateName":"Analysis/forecast at horizontal level/layer at a point in time","parameterCategory":0,"parameterCategoryName":"UnknownDiscipline_0_Category_0","parameterNumber":0,"parameterNumberName":"UnknownParameter_D0_C0_0","parameterUnit":"Unknown","genProcessType":2,"genProcessTypeName":"Forecast","forecastTime":60,"surface1Type":1,"surface1TypeName":"Ground or water surface","surface1Value":0.0,"surface2Type":255,"surface2TypeName":"Missing","surface2Value":0.0,"gridDefinitionTemplate":0,"gridDefinitionTemplateName":"Latitude_Longitude","numberPoints":615,"shape":6,"shapeName":"Earth spherical with radius of 6,371,229.0 m","gridUnits":"degrees","resolution":48,"winds":"true","scanMode":64,"nx":41,"ny":15,"basicAngle":0,"lo1":47.0,"la1":41.0,"lo2":87.0,"la2":55.0,"dx":1.0,"dy":1.0}, "data":
[rows 0 to 14 of 15, columns 0 to 40 of 41]
296.35092,289.55093,294.05093,299.45093,299.15094,297.75092,298.25092,300.25092,298.15094,299.15094,297.55093,298.55093,297.65094,297.55093,297.45093,295.85092,295.55093,295.95093,293.75092,298.45093,298.25092,293.45093,291.25092,287.35092,290.55093,292.75092,291.15094,277.65094,278.45093,279.85092,281.15094,282.65094,290.85092,296.85092,297.35092,297.85092,298.25092,298.55093,297.55093,297.95093,297.85092
275.85092,293.05093,299.55093,299.55093,299.45093,297.85092,298.75092,298.25092,297.75092,297.45093,298.55093,296.05093,295.95093,295.05093,294.85092,294.45093,295.05093,293.85092,291.95093,295.35092,295.55093,295.25092,293.55093,287.35092,282.05093,278.25092,285.45093,276.45093,277.35092,275.15094,281.85092,276.55093,282.55093,264.25092,280.55093,295.45093,294.05093,296.35092,299.55093,291.15094,283.95093
294.35092,299.55093,299.85092,299.85092,297.75092,298.45093,297.55093,298.65094,297.75092,297.45093,296.95093,295.55093,294.05093,295.25092,295.85092,293.05093,291.45093,292.45093,293.25092,294.65094,299.45093,295.25092,295.05093,294.15094,295.35092,295.55093,294.85092,292.95093,291.05093,283.35092,275.15094,277.65094,282.75092,281.95093,282.75092,284.75092,276.75092,278.25092,280.95093,277.85092,276.45093
294.85092,300.15094,299.55093,299.15094,297.25092,297.55093,298.65094,302.25092,297.75092,298.35092,297.45093,294.85092,296.25092,295.55093,295.05093,295.55093,293.75092,295.75092,295.65094,294.15094,292.35092,292.75092,297.25092,296.25092,296.45093,296.05093,298.45093,297.65094,293.55093,290.45093,291.75092,289.95093,293.35092,290.75092,291.05093,289.65094,276.95093,276.95093,281.35092,290.35092,292.85092
296.35092,300.15094,299.95093,299.75092,298.75092,297.75092,299.75092,299.45093,299.55093,299.45093,297.95093,295.45093,296.75092,295.25092,292.35092,295.65094,294.95093,294.75092,292.05093,298.85092,297.65094,297.65094,298.75092,296.55093,294.75092,297.15094,295.45093,293.35092,292.45093,293.35092,294.85092,289.75092,281.65094,271.95093,281.45093,291.25092,294.15094,295.95093,296.35092,296.75092,296.35092
296.55093,294.15094,298.95093,299.35092,299.75092,299.45093,298.15094,300.85092,300.15094,301.55093,299.55093,296.35092,295.65094,295.65094,294.05093,294.05093,296.25092,295.55093,297.35092,298.85092,297.85092,298.95093,295.25092,294.45093,295.45093,294.85092,293.55093,294.15094,295.75092,296.95093,294.95093,294.95093,293.15094,288.85092,290.05093,290.95093,285.35092,286.35092,293.75092,294.85092,294.85092
297.35092,297.25092,300.15094,299.65094,299.65094,297.05093,298.05093,301.05093,301.75092,302.55093,301.15094,298.05093,295.35092,296.45093,293.15094,295.15094,296.35092,296.45093,296.55093,295.75092,297.15094,299.55093,299.65094,298.85092,297.35092,295.75092,295.35092,296.15094,294.65094,295.45093,294.65094,294.45093,293.55093,294.05093,291.85092,290.15094,286.85092,283.85092,279.55093,279.35092,292.15094
297.45093,296.55093,298.25092,296.65094,297.65094,297.95093,298.05093,297.85092,297.15094,297.05093,296.15094,297.35092,295.35092,295.75092,296.25092,295.65094,296.05093,296.55093,298.05093,294.95093,297.05093,295.85092,298.05093,296.85092,297.15094,294.15094,295.05093,294.55093,292.35092,294.55093,292.55093,292.55093,291.55093,288.15094,287.55093,290.15094,291.45093,289.25092,290.75092,290.65094,287.25092
294.05093,295.35092,294.65094,294.05093,296.25092,296.55093,294.95093,298.15094,296.15094,295.05093,294.85092,293.55093,294.45093,295.55093,295.05093,295.55093,294.95093,295.65094,295.75092,294.95093,294.15094,294.95093,295.05093,296.35092,295.25092,295.25092,291.85092,292.05093,289.15094,286.65094,288.85092,289.55093,289.75092,290.75092,289.35092,287.55093,287.95093,287.35092,276.75092,278.55093,276.75092
291.95093,292.55093,293.65094,293.55093,293.95093,294.15094,292.45093,294.65094,294.15094,292.15094,292.85092,292.55093,292.55093,293.15094,293.75092,294.05093,294.35092,293.85092,294.95093,295.75092,293.15094,295.45093,295.25092,293.75092,293.15094,292.25092,291.55093,288.95093,289.05093,288.25092,289.35092,290.45093,292.15094,291.75092,290.05093,287.85092,286.75092,283.25092,278.45093,277.75092,278.15094
290.95093,291.25092,291.25092,291.45093,289.85092,291.55093,291.95093,291.25092,289.85092,290.65094,290.55093,288.75092,290.85092,289.95093,291.55093,291.55093,291.65094,292.65094,292.65094,291.25092,293.15094,294.05093,292.35092,292.35092,289.75092,290.35092,287.65094,289.55093,290.35092,290.55093,291.15094,290.85092,290.15094,289.95093,288.55093,286.55093,283.85092,280.75092,279.95093,281.05093,280.15094
287.85092,287.55093,286.85092,287.15094,287.35092,287.55093,287.25092,286.45093,286.25092,286.35092,284.35092,285.75092,288.05093,289.25092,289.65094,288.15094,289.35092,289.75092,291.25092,290.25092,289.75092,288.85092,288.75092,288.75092,288.35092,289.45093,289.45093,289.85092,289.55093,290.15094,288.75092,291.25092,288.15094,285.65094,285.85092,285.25092,285.15094,285.25092,285.45093,285.05093,284.75092
284.15094,283.15094,284.95093,284.75092,285.35092,285.25092,284.55093,283.85092,283.05093,282.55093,282.75092,281.55093,285.55093,287.35092,288.55093,289.55093,289.05093,288.95093,288.25092,286.65094,287.65094,287.25092,287.15094,287.75092,289.45093,289.25092,290.65094,288.95093,289.05093,287.65094,287.45093,286.25092,285.15094,284.45093,284.65094,284.35092,284.25092,284.85092,284.95093,285.85092,285.85092
281.05093,282.05093,287.65094,282.25092,281.85092,281.85092,281.65094,281.35092,280.55093,280.25092,282.45093,282.55093,281.35092,283.15094,285.05093,286.75092,287.35092,287.85092,288.85092,288.55093,286.55093,285.85092,286.55093,287.75092,289.15094,290.35092,290.95093,287.85092,287.75092,287.35092,286.15094,285.35092,284.55093,284.15094,283.75092,283.05093,283.45093,283.75092,284.05093,283.75092,284.65094
281.55093,282.05093,291.45093,282.35092,282.15094,281.65094,281.65094,281.45093,282.05093,280.25092,280.05093,277.75092,279.35092,279.85092,280.85092,281.65094,281.45093,281.95093,282.15094,283.35092,286.75092,284.85092,286.35092,288.35092,289.65094,287.05093,287.55093,287.45093,286.75092,286.25092,286.15094,285.45093,283.25092,283.15094,282.65094,282.75092,282.85092,287.55093,286.85092,284.35092,284.45093
