wind.json
{"header": {"discipline":0,"disciplineName":"Meteorological products","gribEdition":2,"gribLength":1125,"center":7,"centerName":"US National Weather Service - NCEP(WMC)","subcenter":0,"refTime":"2023-06-27T18:00:00.000Z","significanceOfRT":1,"significanceOfRTName":"Start of forecast","productStatus":0,"productStatusName":"Operational products","productType":1,"productTypeName":"Forecast products","productDefinitionTemplate":0,"productDefinitionTemplateName":"Analysis/forecast at horizontal level/layer at a point in time","parameterCategory":2,"parameterCategoryName":"UnknownDiscipline_0_Category_2","parameterNumber":2,"parameterNumberName":"UnknownParameter_D0_C2_2","parameterUnit":"Unknown","genProcessType":2,"genProcessTypeName":"Forecast","forecastTime":0,"surface1Type":103,"surface1TypeName":"Specified height level above ground","surface1Value":10.0,"surface2Type":255,"surface2TypeName":"Missing","surface2Value":0.0,"gridDefinitionTemplate":0,"gridDefinitionTemplateName":"Latitude_Longitude","numberPoints":688,"shape":6,"shapeName":"Earth spherical with radius of 6,371,229.0 m","gridUnits":"degrees","resolution":48,"winds":"true","scanMode":64,"nx":43,"ny":16,"basicAngle":0,"lo1":45.0,"la1":40.0,"lo2":87.0,"la2":55.0,"dx":1.0,"dy":1.0}, "data":
[rows 0 to 15 of 16, columns 0 to 42 of 43]
-3.241435,0.30856505,2.348565,-4.771435,-4.011435,1.0085651,1.7385651,0.39856505,1.3885651,1.768565,-2.621435,-4.511435,-3.7114348,-3.7314348,-2.751435,-2.311435,-5.881435,-4.521435,-2.641435,-2.381435,0.06856506,0.64856505,-1.6614349,0.38856506,0.43856508,0.38856506,-0.83143497,-0.051434938,0.76856506,-0.17143494,-0.53143495,0.7985651,-0.90143496,-0.8714349,-0.0014349365,-5.281435,0.16856506,-3.271435,-4.691435,-4.271435,-1.341435,-1.601435,-3.881435
0.84856504,4.308565,4.018565,-1.301435,2.128565,2.988565,2.188565,2.708565,3.918565,2.648565,-5.001435,-5.301435,-4.671435,-8.741435,-8.261435,-7.131435,-5.751435,-3.9814348,-1.801435,-0.90143496,-2.851435,-1.6714349,-2.871435,0.38856506,0.36856505,-1.101435,0.22856507,-1.091435,-2.9314349,0.23856506,-0.41143495,0.52856505,-1.0314349,1.1285651,1.9585651,1.3385651,2.128565,-2.801435,-3.021435,-2.4514349,-0.92143494,0.018565064,-2.2014349
1.8785651,-2.2214348,2.088565,1.8585651,1.9585651,2.718565,1.4885651,3.358565,6.1685653,-3.4514349,-5.5814347,-6.911435,-8.641435,-8.621435,-6.391435,-5.361435,-3.6714349,-2.081435,-0.8914349,-1.2614349,-1.091435,-0.80143493,-0.31143492,-1.221435,-2.391435,-2.761435,1.278565,1.028565,-0.71143496,0.70856506,-1.971435,0.28856507,0.6285651,-0.47143495,-1.451435,-2.631435,0.59856504,0.84856504,0.19856507,-0.47143495,0.6185651,-0.37143493,-1.9014349
0.8685651,0.27856505,1.188565,1.1385651,-1.2414349,1.8485651,0.84856504,3.5485651,-5.041435,-6.991435,-7.261435,-4.151435,-5.551435,-7.031435,-4.881435,-4.301435,-1.961435,-0.53143495,1.3385651,2.398565,0.008565064,-0.17143494,0.038565062,2.428565,0.23856506,-1.051435,0.91856503,2.0585651,2.3285651,2.378565,1.418565,-0.39143494,0.07856506,2.738565,-0.28143492,0.06856506,0.6285651,-2.081435,1.318565,0.47856507,0.7985651,0.47856507,1.818565
4.4385653,-3.2314348,-0.7514349,-0.85143495,-2.521435,-1.2414349,4.808565,-4.3514347,-2.7314348,-5.721435,-3.4614348,-3.571435,-5.651435,-5.411435,-4.521435,-3.551435,0.27856505,1.658565,2.358565,0.23856506,0.048565064,0.6885651,0.9385651,-0.07143494,4.6485653,2.998565,2.7885652,2.408565,2.968565,1.438565,3.348565,2.728565,3.8185651,-0.5114349,0.77856505,-1.2514349,-2.531435,-1.3614349,-0.11143494,2.358565,2.0185652,0.008565064,-1.1514349
3.5785651,-3.601435,-2.161435,-3.891435,-5.3114347,-6.451435,-2.9514349,-3.771435,-6.721435,-5.531435,-3.321435,-3.541435,-2.771435,-1.6114349,1.058565,0.30856505,2.118565,0.95856506,-0.27143493,-1.711435,-0.8214349,0.12856506,2.2785652,3.0785651,3.918565,3.998565,4.238565,4.408565,4.498565,3.0585651,2.978565,2.358565,1.188565,0.35856506,-2.821435,0.69856507,1.188565,2.158565,-0.97143495,-1.1514349,-2.821435,-3.601435,-4.131435
3.0685651,-0.86143494,-3.101435,-2.031435,-4.421435,-3.491435,-3.071435,-4.761435,-4.091435,-3.6914349,-2.081435,-2.651435,-2.321435,-1.211435,-2.071435,2.708565,2.948565,-4.691435,-3.011435,-1.321435,0.31856507,3.198565,3.178565,3.5385652,4.478565,5.258565,5.988565,6.408565,6.048565,6.858565,4.208565,3.8185651,4.1485653,3.648565,2.718565,2.0785651,-0.96143496,-4.671435,0.7385651,-1.351435,0.13856506,0.40856507,-2.631435
0.90856504,1.6385651,-1.301435,-0.5714349,0.38856506,-0.9314349,0.23856506,-3.371435,-2.1714349,-4.051435,-3.4514349,-2.381435,-1.8914349,-2.141435,-4.8514347,-5.151435,-2.581435,-2.741435,-1.351435,0.40856507,1.3485651,2.988565,3.7785652,4.928565,5.678565,5.508565,5.338565,6.388565,7.028565,6.9385653,6.508565,4.998565,2.358565,4.998565,4.308565,0.40856507,-4.241435,-4.201435,-0.20143494,2.428565,-3.6714349,2.408565,0.75856507
-1.6414349,3.088565,-3.161435,-5.631435,-6.391435,-5.401435,-2.751435,-4.891435,-5.3514347,-3.741435,-1.811435,-1.971435,-5.341435,-3.491435,-3.111435,-1.3714349,-0.8714349,-0.8214349,1.9685651,1.808565,1.558565,3.7885652,6.238565,6.738565,7.338565,7.158565,7.488565,6.708565,5.348565,6.458565,7.4385653,3.458565,-1.211435,3.198565,2.8285651,-1.1214349,1.198565,1.318565,-5.111435,-7.731435,-7.611435,-8.781435,-3.4214349
-2.2214348,-2.361435,-6.031435,-5.841435,-3.991435,-4.551435,-4.461435,-3.911435,-3.341435,-2.911435,-2.581435,-1.221435,-2.661435,-2.911435,-0.38143495,1.1085651,-0.52143496,1.288565,1.028565,3.218565,3.838565,4.778565,6.718565,7.958565,8.278565,8.4485655,9.108565,9.258565,8.008565,7.268565,4.978565,6.538565,2.098565,0.50856507,0.42856506,0.53856504,-1.1414349,-3.9514349,-2.241435,-5.931435,-2.6814349,-0.86143494,-1.481435
-3.301435,-4.3314347,-4.791435,-3.4314349,-4.471435,-4.0614347,-3.7314348,-3.751435,-3.2114348,-2.111435,-2.7014349,-0.45143494,0.48856506,-1.7614349,-0.49143493,0.25856507,1.4685651,1.798565,3.188565,4.308565,3.918565,4.828565,6.328565,8.008565,9.068565,10.498565,10.918565,10.218565,9.4485655,8.178565,8.4085655,7.268565,5.638565,2.418565,-0.67143494,3.728565,-3.011435,2.5585651,-2.251435,-2.001435,-2.7014349,-0.66143495,-0.6814349
-5.701435,-2.801435,-2.771435,-4.721435,-3.7014349,-2.991435,-2.9714348,-2.751435,-1.9114349,-0.7514349,-1.581435,0.34856507,1.268565,1.4785651,0.59856504,2.628565,3.0285652,3.118565,3.488565,4.368565,4.098565,5.568565,7.258565,7.118565,7.768565,7.8985653,7.488565,8.478565,7.708565,8.248565,7.1885653,5.818565,5.338565,0.14856507,0.18856506,2.718565,0.66856503,-1.471435,1.1385651,-1.051435,-1.6214349,0.6085651,-1.6714349
1.4585651,-2.621435,-3.381435,-2.091435,-1.201435,-2.031435,-0.8214349,0.66856503,-1.211435,-1.211435,-0.16143493,0.52856505,-0.34143493,2.258565,3.238565,4.088565,3.128565,3.088565,3.478565,4.038565,3.628565,4.928565,4.6485653,5.328565,5.978565,6.238565,6.828565,5.1885653,5.4385653,5.888565,3.7685652,2.958565,1.8685651,-1.461435,-2.771435,2.248565,-0.54143494,2.588565,6.268565,-0.90143496,-0.78143495,-1.581435,-0.66143495
-3.561435,-3.391435,-1.591435,-0.80143493,-2.4214349,-0.31143492,0.028565064,0.51856506,0.24856506,0.12856506,0.46856508,0.6185651,0.49856508,1.438565,1.418565,1.658565,1.7285651,2.958565,3.168565,4.058565,4.018565,4.538565,2.868565,4.158565,3.648565,4.908565,5.6885653,3.0685651,3.368565,1.6285651,2.378565,-1.7514349,-2.4414349,-1.481435,0.008565064,2.2685652,1.778565,-0.021434937,0.97856504,-1.301435,-2.9714348,-2.9614348,-3.6914349
-0.7614349,-0.55143493,-1.3914349,-0.36143494,1.698565,2.418565,1.1385651,-0.15143494,0.29856506,0.46856508,0.66856503,2.158565,0.69856507,0.9385651,2.5185652,2.8185651,2.998565,3.098565,2.858565,2.938565,3.0485651,3.158565,2.418565,3.0185652,3.2885652,1.7185651,-0.21143493,2.668565,1.7085651,2.188565,-1.4914349,-2.791435,1.1185651,-1.8914349,2.168565,1.0085651,-2.9314349,0.91856503,1.188565,0.63856506,-2.9414349,-2.911435,-3.591435
-0.24143493,-0.72143495,-0.66143495,0.43856508,1.788565,1.018565,0.75856507,0.6885651,0.7485651,1.698565,2.2785652,1.3685651,0.13856506,1.2185651,1.568565,2.5285652,2.7985651,2.108565,2.718565,3.138565,2.7785652,2.648565,1.7585651,1.5985651,1.648565,1.438565,-0.34143493,0.44856507,0.048565064,0.17856507,-1.721435,-2.351435,-1.5214349,-1.4914349,-0.34143493,-2.4214349,-2.071435,-2.871435,-2.291435,-3.581435,0.71856505,-0.15143494,-2.361435
