wind_kz.json
{"header": {"discipline":0,"disciplineName":"Meteorological products","gribEdition":2,"gribLength":794,"center":7,"centerName":"US National Weather Service - NCEP(WMC)","subcenter":0,"refTime":"2023-09-07T12:00:00.000Z","significanceOfRT":1,"significanceOfRTName":"Start of forecast","productStatus":0,"productStatusName":"Operational products","productType":1,"productTypeName":"Forecast products","productDefinitionTemplate":0,"productDefinitionTemplateName":"Analysis/forecast at horizontal level/layer at a point in time","parameterCategory":2,"parameterCategoryName":"UnknownDiscipline_0_Category_2","parameterNumber":2,"parameterNumberName":"UnknownParameter_D0_C2_2","parameterUnit":"Unknown","genProcessType":2,"genProcessTypeName":"Forecast","forecastTime":0,"surface1Type":103,"surface1TypeName":"Specified height level above ground","surface1Value":10.0,"surface2Type":255,"surface2TypeName":"Missing","surface2Value":0.0,"gridDefinitionTemplate":0,"gridDefinitionTemplateName":"Latitude_Longitude","numberPoints":615,"shape":6,"shapeName":"Earth spherical with radius of 6,371,229.0 m","gridUnits":"degrees","resolution":48,"winds":"true","scanMode":64,"nx":41,"ny":15,"basicAngle":0,"lo1":47.0,"la1":41.0,"lo2":87.0,"la2":55.0,"dx":1.0,"dy":1.0}, "data":
[rows 0 to 14 of 15, columns 0 to 40 of 41]
-2.3166595,1.3833405,-0.6166595,1.0833404,1.3833405,3.6833405,8.28334,5.2833405,6.2833405,5.9833403,6.9833403,5.8833404,4.5833406,2.2833405,1.8833405,1.3833405,-0.51665956,-0.016659547,1.7833405,1.4833405,-0.91665953,-1.1166595,1.6833404,2.8833404,1.9833405,3.0833404,3.1833405,3.4833405,3.0833404,1.6833404,0.18334046,0.38334045,0.8833405,-2.0166595,0.38334045,-0.41665953,-0.016659547,2.7833405,1.7833405,-1.1166595,-0.81665957
1.9833405,-0.91665953,1.0833404,0.68334043,2.1833405,5.5833406,2.9833405,2.4833405,4.9833403,7.0833406,8.78334,7.9833403,4.0833406,2.0833404,-1.3166596,-3.2166595,-0.81665957,-2.8166595,1.2833405,1.4833405,1.5833404,0.08334045,2.0833404,2.6833405,2.9833405,0.48334044,1.2833405,2.8833404,3.9833405,3.8833404,3.1833405,4.6833405,-1.5166595,-0.41665953,-0.116659544,2.4833405,0.18334046,-0.51665956,0.78334045,2.8833404,-0.91665953
0.68334043,-2.4166596,0.28334045,1.2833405,4.4833403,4.6833405,2.4833405,3.8833404,3.9833405,5.9833403,7.5833406,7.3833404,4.0833406,-3.6166596,-5.2166595,-3.5166595,-1.1166595,-0.016659547,3.8833404,3.2833405,1.5833404,2.4833405,2.8833404,5.0833406,-0.71665955,-1.4166596,-2.1166596,0.98334044,3.3833404,-1.4166596,0.18334046,-3.1166596,-0.116659544,-2.1166596,-0.51665956,-0.31665954,-0.016659547,-2.2166595,2.3833404,1.0833404,0.68334043
-2.6166596,-0.6166595,0.58334047,2.2833405,2.8833404,2.4833405,3.3833404,3.7833405,2.0833404,6.3833404,4.5833406,3.4833405,-8.416659,-0.6166595,-6.8166595,-2.6166596,0.18334046,1.5833404,2.6833405,3.1833405,4.5833406,3.4833405,-2.9166596,0.18334046,-2.1166596,-2.2166595,-2.4166596,-5.9166594,-4.8166595,-2.2166595,0.48334044,2.0833404,3.9833405,2.5833404,0.98334044,1.6833404,0.38334045,2.0833404,-2.1166596,-0.91665953,-0.71665955
2.0833404,1.8833405,3.6833405,2.4833405,3.2833405,2.9833405,3.7833405,2.4833405,3.1833405,3.2833405,-2.8166595,-6.9166594,-9.21666,-5.8166595,-4.4166594,-1.2166595,0.58334047,2.4833405,1.3833405,0.78334045,0.58334047,-1.1166595,-1.2166595,-5.1166596,-4.2166595,-5.8166595,-6.0166597,-1.5166595,-3.8166595,-2.4166596,-1.6166595,1.0833404,1.3833405,2.5833404,-4.8166595,-3.0166595,0.68334043,-3.8166595,-3.8166595,-2.9166596,-1.3166596
4.8833404,5.0833406,1.1833404,3.5833404,3.4833405,5.1833405,3.2833405,0.48334044,-1.0166595,-1.2166595,-4.5166597,-4.7166595,-2.5166595,-3.2166595,-0.71665955,1.0833404,0.8833405,-3.7166595,-4.2166595,-0.016659547,-4.2166595,-3.4166596,-3.4166596,-2.7166595,-4.0166597,-4.8166595,-4.8166595,-4.8166595,-2.3166595,-0.016659547,-0.116659544,-1.6166595,-0.71665955,0.98334044,-0.41665953,2.6833405,0.18334046,2.0833404,2.7833405,1.7833405,2.6833405
8.18334,5.7833405,2.5833404,4.3833404,2.3833404,2.3833404,-1.4166596,-1.5166595,-1.2166595,-2.4166596,-1.2166595,-0.41665953,-0.016659547,1.1833404,2.1833405,2.1833405,1.2833405,-1.3166596,-2.5166595,-1.3166596,0.28334045,-0.21665955,1.3833405,0.08334045,-1.7166595,-1.6166595,-1.7166595,-0.71665955,-1.4166596,-1.5166595,-0.71665955,0.38334045,0.18334046,3.6833405,2.8833404,3.0833404,3.2833405,1.5833404,3.7833405,1.5833404,-1.4166596
3.0833404,5.4833403,4.7833405,4.2833405,3.7833405,2.6833405,0.8833405,0.28334045,1.5833404,2.3833404,2.2833405,0.98334044,1.8833405,2.0833404,2.9833405,2.8833404,1.0833404,1.7833405,-0.31665954,-0.51665956,1.6833404,1.6833404,3.3833404,3.2833405,2.7833405,2.9833405,-1.4166596,2.7833405,2.6833405,1.3833405,1.0833404,0.38334045,2.3833404,2.7833405,3.9833405,3.3833404,-3.3166595,1.5833404,2.3833404,0.08334045,0.58334047
3.5833404,0.68334043,5.1833405,6.3833404,2.2833405,1.8833405,4.0833406,4.4833403,3.7833405,2.1833405,2.3833404,0.58334047,-4.0166597,-4.3166595,-2.6166596,-1.0166595,0.98334044,1.1833404,3.3833404,4.0833406,4.7833405,4.5833406,4.5833406,4.0833406,3.3833404,2.2833405,0.48334044,5.6833405,3.7833405,3.6833405,2.5833404,1.2833405,0.78334045,0.58334047,1.9833405,2.0833404,2.0833404,1.7833405,1.3833405,0.8833405,0.98334044
5.4833403,1.3833405,2.5833404,3.4833405,8.383341,3.6833405,6.5833406,4.6833405,3.4833405,1.6833404,1.9833405,0.68334043,0.58334047,-2.0166595,-0.31665954,0.08334045,-0.81665957,-0.91665953,2.6833405,4.5833406,6.6833405,7.3833404,4.3833404,4.1833405,6.3833404,2.9833405,3.5833404,4.0833406,3.2833405,3.0833404,-0.81665957,1.0833404,2.4833405,3.4833405,2.8833404,1.9833405,-0.116659544,0.68334043,1.7833405,1.2833405,1.5833404
3.8833404,3.3833404,3.1833405,2.8833404,3.1833405,3.3833404,0.98334044,3.7833405,3.2833405,3.0833404,1.2833405,3.1833405,-1.0166595,1.9833405,2.1833405,1.2833405,0.38334045,-1.2166595,-1.4166596,-1.0166595,-0.51665956,-0.51665956,-1.1166595,-1.7166595,0.98334044,1.7833405,2.5833404,1.9833405,3.9833405,4.5833406,4.2833405,1.7833405,2.8833404,2.3833404,2.6833405,1.6833404,-0.71665955,1.4833405,1.0833404,1.9833405,0.28334045
3.7833405,2.5833404,3.8833404,3.6833405,1.6833404,3.1833405,4.2833405,5.5833406,3.1833405,-1.4166596,2.4833405,0.98334044,-0.51665956,2.1833405,3.1833405,2.9833405,0.38334045,-0.51665956,1.2833405,-0.016659547,0.48334044,-1.4166596,-0.91665953,0.68334043,1.5833404,2.3833404,2.5833404,2.9833405,3.2833405,4.6833405,2.1833405,0.98334044,2.9833405,1.1833404,1.8833405,4.3833404,2.2833405,4.1833405,0.58334047,-0.21665955,0.18334046
3.2833405,3.1833405,3.3833404,4.4833403,2.9833405,2.2833405,4.0833406,6.1833405,4.5833406,3.4833405,4.7833405,1.8833405,2.9833405,2.0833404,1.4833405,0.28334045,-0.81665957,-0.116659544,1.1833404,-0.016659547,0.18334046,0.98334044,1.4833405,-0.21665955,2.1833405,1.9833405,3.0833404,3.2833405,4.2833405,3.8833404,3.7833405,1.6833404,1.8833405,0.68334043,1.8833405,3.0833404,3.2833405,1.5833404,1.9833405,1.5833404,0.28334045
4.3833404,5.1833405,3.6833405,3.4833405,4.3833404,3.3833404,2.5833404,3.0833404,6.6833405,8.68334,1.4833405,0.98334044,2.0833404,1.1833404,0.78334045,0.08334045,-0.41665953,0.78334045,1.2833405,1.0833404,1.1833404,1.1833404,1.4833405,1.7833405,2.0833404,2.9833405,3.3833404,3.5833404,1.0833404,1.0833404,2.2833405,0.98334044,1.5833404,1.5833404,2.5833404,2.5833404,2.2833405,1.7833405,1.3833405,0.18334046,-2.4166596
2.5833404,5.7833405,4.8833404,5.1833405,4.0833406,4.2833405,4.2833405,3.5833404,4.8833404,6.7833405,0.68334043,1.4833405,0.28334045,0.28334045,0.58334047,-0.116659544,0.68334043,0.18334046,1.0833404,1.0833404,1.3833405,1.5833404,1.3833405,1.3833405,2.7833405,2.3833404,2.7833405,2.1833405,1.7833405,3.4833405,3.3833404,3.1833405,1.7833405,3.6833405,0.8833405,3.6833405,2.1833405,2.5833404,1.1833404,1.1833404,-0.6166595
