wind.json
{"header": {"discipline":0,"disciplineName":"Meteorological products","gribEdition":2,"gribLength":1211,"center":7,"centerName":"US National Weather Service - NCEP(WMC)","subcenter":0,"refTime":"2023-05-30T12:00:00.000Z","significanceOfRT":1,"significanceOfRTName":"Start of forecast","productStatus":0,"productStatusName":"Operational products","productType":1,"productTypeName":"Forecast products","productDefinitionTemplate":0,"productDefinitionTemplateName":"Analysis/forecast at horizontal level/layer at a point in time","parameterCategory":2,"parameterCategoryName":"UnknownDiscipline_0_Category_2","parameterNumber":3,"parameterNumberName":"UnknownParameter_D0_C2_3","parameterUnit":"Unknown","genProcessType":2,"genProcessTypeName":"Forecast","forecastTime":0,"surface1Type":103,"surface1TypeName":"Specified height level above ground","surface1Value":10.0,"surface2Type":255,"surface2TypeName":"Missing","surface2Value":0.0,"gridDefinitionTemplate":0,"gridDefinitionTemplateName":"Latitude_Longitude","numberPoints":688,"shape":6,"shapeName":"Earth spherical with radius of 6,371,229.0 m","gridUnits":"degrees","resolution":48,"winds":"true","scanMode":64,"nx":43,"ny":16,"basicAngle":0,"lo1":45.0,"la1":40.0,"lo2":87.0,"la2":55.0,"dx":1.0,"dy":1.0}, "data":
[rows 0 to 15 of 16, columns 0 to 42 of 43]
2.300559,1.7205591,-2.8594408,-1.2194409,0.5705591,1.2005591,0.9305591,1.1405591,1.930559,1.540559,2.2205591,1.5805591,-0.3694409,-1.8494409,-3.699441,-4.199441,-5.559441,-5.769441,-7.1894407,-7.409441,-8.46944,-5.839441,-2.679441,-0.08944092,5.450559,2.370559,4.7905593,-3.019441,1.0105591,4.690559,5.0605593,4.5805593,4.070559,2.980559,0.17055908,1.4505591,-0.90944093,-1.339441,-2.249441,-3.419441,-3.2894409,-3.369441,-0.28944093
-1.339441,-0.77944094,-1.439441,1.4905591,6.7905593,4.700559,2.8905592,-0.8594409,3.130559,1.7205591,2.030559,1.6205591,-1.309441,-2.019441,-2.439441,-4.029441,-4.819441,-5.4394407,-5.399441,-7.4194407,-7.239441,-4.409441,-2.449441,-2.0794408,-1.7694409,-3.7894409,3.2005591,2.760559,-2.0294409,-1.7194409,3.7105591,1.5205591,1.2405591,3.1805592,-2.449441,3.290559,1.420559,0.27055907,-1.6094409,1.4705591,-0.6294409,-0.6194409,0.30055907
3.090559,0.5805591,3.980559,-1.7794409,0.05055908,7.740559,4.140559,4.180559,3.2005591,3.290559,2.290559,0.4105591,1.680559,-1.429441,-2.659441,-3.139441,-4.9594407,-6.039441,-2.979441,-4.119441,-6.079441,-6.869441,-6.759441,-8.289441,-6.009441,-2.8194408,0.90055907,-1.199441,0.3805591,-1.5294409,-3.729441,-2.8394408,-1.4194409,-1.7794409,-3.199441,-3.8294408,-2.699441,4.850559,3.090559,5.800559,2.4105592,1.790559,1.3405591
-2.639441,-3.419441,-1.679441,2.1905591,3.4205592,4.690559,4.880559,5.470559,4.350559,3.9105592,4.160559,1.8505591,0.08055908,-0.6094409,-1.309441,-1.819441,-4.969441,-6.359441,-6.029441,-6.769441,-7.529441,-4.449441,-3.5494409,-6.9594407,-6.109441,-5.1894407,-5.109441,5.59082E-4,-0.9794409,-2.959441,2.510559,-2.209441,-2.499441,-1.4994409,-2.939441,-2.999441,0.4105591,-2.399441,-3.3494408,-5.069441,-2.919441,1.3805591,1.2605591
-2.149441,-2.409441,-0.17944092,1.9705591,4.320559,5.370559,7.930559,7.510559,6.3305593,5.390559,3.850559,3.4105592,0.78055906,-2.939441,-4.7094407,-5.859441,-1.6694409,-2.7794409,-4.249441,-5.4194407,-5.739441,-5.499441,-5.569441,-4.879441,-2.879441,-3.639441,-4.159441,-4.099441,-3.0794408,-3.619441,-3.639441,-3.769441,-5.659441,-7.629441,0.7005591,1.540559,-0.9194409,-0.8794409,2.530559,1.8405591,-3.459441,-1.8894409,-3.639441
-3.969441,-3.379441,2.500559,5.070559,5.3105593,8.340559,5.7905593,7.180559,5.590559,5.160559,5.150559,4.920559,5.3105593,1.0305591,-3.019441,-6.409441,-3.979441,-2.0394409,-2.229441,-3.009441,-3.5694408,-2.669441,-2.7994409,-1.949441,-2.129441,-2.0494409,-1.2394409,-2.6094408,-4.059441,-8.349441,-4.659441,-5.089441,-5.399441,-5.429441,-3.189441,-2.0794408,-1.9194409,3.330559,-8.4294405,1.570559,-6.929441,-9.129441,-9.099441
-3.719441,-1.5394409,-0.19944091,5.760559,7.940559,6.850559,2.130559,3.4105592,5.780559,6.140559,6.840559,6.8305593,7.120559,5.160559,2.070559,-2.2994409,-2.429441,-2.159441,-2.749441,-1.2494409,-0.64944094,-0.4694409,-1.839441,-1.959441,-2.879441,-4.2294407,-4.4194407,-4.6894407,-2.0794408,3.8905592,-3.629441,-7.969441,-8.309441,-5.999441,-5.969441,-5.929441,1.690559,1.8705591,1.7705591,-2.389441,-3.7994409,-0.5794409,4.820559
-2.7894409,-4.769441,-1.449441,8.3205595,11.980559,7.390559,7.160559,-1.0494409,6.420559,6.920559,7.610559,7.930559,8.720559,7.050559,5.630559,2.4405591,-0.4094409,-2.3594408,-4.739441,-5.039441,-0.71944094,-0.5694409,0.32055908,-1.7294409,-1.959441,-2.269441,-5.129441,-4.469441,-4.859441,-4.319441,-7.739441,-6.899441,-6.549441,-6.579441,-3.219441,0.5705591,-0.049440917,-0.44944093,1.050559,-2.0894408,-3.3594408,-4.219441,-9.659441
-2.139441,-6.1894407,2.990559,9.010559,10.53056,7.840559,3.010559,6.100559,4.180559,7.280559,7.610559,7.930559,8.770559,7.170559,4.590559,1.4505591,0.3105591,-1.6194409,-3.5794408,-4.9194407,-2.729441,-2.519441,-4.599441,-5.779441,-5.1894407,-3.449441,-5.4194407,-5.119441,-4.559441,-6.6694407,-6.819441,-7.509441,-7.279441,-6.369441,-8.1794405,-8.549441,-7.579441,-9.639441,-2.5794408,0.40055907,1.540559,0.060559083,-1.2294409
0.9205591,-4.449441,-6.779441,4.730559,5.070559,7.670559,7.3105593,9.3205595,8.360559,5.510559,7.260559,7.230559,7.630559,6.720559,4.950559,2.980559,2.080559,0.30055907,-2.0294409,-3.229441,-5.7094407,-6.809441,-6.999441,-6.269441,-5.819441,-5.199441,-4.369441,-4.529441,-0.069440916,-4.449441,-6.769441,-6.9794407,-5.969441,-7.7094407,-8.369441,-8.769441,-8.359441,-7.929441,-1.6594409,-4.179441,-2.929441,-1.579441,2.360559
6.200559,6.870559,-3.209441,3.990559,0.2505591,0.5205591,2.070559,2.4705591,3.790559,6.2705593,8.03056,7.130559,6.900559,6.150559,4.650559,3.760559,2.4005592,-0.08944092,-1.6494409,-2.8594408,-2.5594409,-5.019441,-4.889441,-6.929441,-6.719441,-6.259441,-5.819441,-4.629441,-0.8294409,-5.999441,-3.009441,-2.389441,-3.469441,-6.869441,-7.149441,-7.899441,-7.1694407,-5.069441,-1.199441,1.7805591,-0.8894409,-2.919441,-2.669441
4.0405593,2.4505591,5.010559,4.930559,1.680559,-0.38944092,2.4205592,-2.0394409,-0.44944093,5.100559,5.370559,5.480559,5.700559,4.710559,3.1505592,2.040559,-1.1694409,-0.5594409,-1.569441,-2.749441,-3.709441,-3.8294408,-5.609441,-4.319441,-5.249441,-5.6694407,-4.389441,-1.949441,1.550559,-0.8094409,0.7405591,-2.019441,-3.0594409,-4.9794407,-6.049441,-5.859441,-7.039441,-5.019441,-2.679441,-1.679441,-2.169441,0.15055908,-2.3094409
1.6505591,2.9305592,4.890559,7.210559,7.970559,6.710559,10.720559,9.28056,5.550559,5.780559,4.820559,3.9305592,2.7205591,2.510559,2.050559,2.110559,0.5605591,-0.3694409,-0.9894409,-1.4894409,-4.019441,-5.239441,-6.199441,-6.529441,-6.569441,-6.2294407,-3.229441,-0.4394409,3.2205591,0.85055906,0.3505591,-3.379441,-2.469441,-1.699441,-3.5594409,-5.2294407,-4.1694407,-2.0794408,-2.419441,-1.819441,-0.6894409,-2.0794408,-1.2794409
0.100559086,-0.23944092,1.820559,4.800559,5.0205593,6.470559,7.740559,6.630559,4.850559,6.050559,7.0205593,2.990559,3.030559,3.620559,2.880559,2.2205591,0.7305591,-1.0994409,-2.3294408,-4.159441,-3.8094409,-1.949441,-4.369441,-5.619441,-4.9794407,-3.8094409,-6.1694407,0.21055909,2.6805592,3.870559,1.2005591,-0.58944094,-0.9494409,-2.2994409,-0.8194409,-3.6094408,-4.889441,-3.389441,-0.6094409,2.360559,0.23055908,0.7405591,0.53055906
-3.969441,-0.8094409,0.010559082,-1.439441,0.3505591,1.420559,5.3305593,6.300559,5.650559,5.5205593,3.760559,2.810559,0.5005591,-2.1094408,1.6005591,-1.839441,-0.71944094,-3.429441,-4.329441,-3.269441,-5.739441,-4.2294407,-6.379441,-5.539441,-6.039441,-2.5394409,-1.7294409,5.180559,4.940559,4.120559,2.6405592,0.24055909,0.08055908,-1.2194409,-2.479441,-2.8594408,-3.659441,-2.729441,-4.299441,-5.489441,-4.6894407,-0.70944095,-3.979441
-3.0394409,-1.9994409,-0.17944092,-1.0294409,-6.4194407,1.9905591,4.5805593,2.110559,4.620559,4.240559,3.590559,2.360559,0.5205591,0.9505591,1.2205591,2.4405591,-2.399441,-2.0494409,-2.0294409,-3.5394409,-3.709441,-4.159441,-5.059441,-5.109441,-3.769441,-2.909441,-3.5694408,3.110559,3.630559,4.190559,2.510559,-0.049440917,1.0005591,-0.16944093,-1.1194409,-2.879441,-1.5994409,-1.459441,-1.3894409,-7.609441,0.5505591,-0.18944092,-3.2994409
