wind.json
{"header": {"discipline":0,"disciplineName":"Meteorological products","gribEdition":2,"gribLength":1125,"center":7,"centerName":"US National Weather Service - NCEP(WMC)","subcenter":0,"refTime":"2023-06-28T12:00:00.000Z","significanceOfRT":1,"significanceOfRTName":"Start of forecast","productStatus":0,"productStatusName":"Operational products","productType":1,"productTypeName":"Forecast products","productDefinitionTemplate":0,"productDefinitionTemplateName":"Analysis/forecast at horizontal level/layer at a point in time","parameterCategory":2,"parameterCategoryName":"UnknownDiscipline_0_Category_2","parameterNumber":2,"parameterNumberName":"UnknownParameter_D0_C2_2","parameterUnit":"Unknown","genProcessType":2,"genProcessTypeName":"Forecast","forecastTime":300,"surface1Type":103,"surface1TypeName":"Specified height level above ground","surface1Value":10.0,"surface2Type":255,"surface2TypeName":"Missing","surface2Value":0.0,"gridDefinitionTemplate":0,"gridDefinitionTemplateName":"Latitude_Longitude","numberPoints":688,"shape":6,"shapeName":"Earth spherical with radius of 6,371,229.0 m","gridUnits":"degrees","resolution":48,"winds":"true","scanMode":64,"nx":43,"ny":16,"basicAngle":0,"lo1":45.0,"la1":40.0,"lo2":87.0,"la2":55.0,"dx":1.0,"dy":1.0}, "data":
[rows 0 to 15 of 16, columns 0 to 42 of 43]
-2.6689234,0.67107666,2.2010767,4.861077,3.5410767,2.9910767,4.1410766,-2.7289233,-7.178923,-4.328923,-3.5089233,-3.9189234,-5.2989235,-5.2389235,-4.5489235,-3.9889233,-3.8589234,-2.6589234,-3.8789234,-2.7789233,-2.0189233,-2.1589234,-3.1089234,2.1910768,0.66107666,-1.0289234,0.16107666,-0.05892334,0.09107666,2.0410767,2.9010766,1.0210767,0.10107666,0.46107665,1.9710766,0.24107666,3.5610766,3.4810767,-1.5389234,3.6410766,-3.6089234,-5.0489235,-4.1689234
2.2310767,7.861077,2.4810767,-2.2489233,3.5510767,7.4910765,4.881077,-7.3789234,-8.198923,-7.1689234,-8.688923,-6.7689233,-4.3789234,-5.3989234,-4.3789234,-2.1289234,-4.178923,-2.9289234,-2.4289234,-3.3789234,-3.6989233,-1.9189234,0.93107665,-1.2389233,1.7410767,-1.9189234,-0.09892334,-1.1389233,-3.0589232,-0.49892333,1.3010767,1.5110767,1.1110767,2.4710767,1.7510767,2.7710767,6.341077,-1.2189233,-0.05892334,0.23107666,-4.908923,-3.5489233,0.08107666
2.5210767,-2.4989233,1.6510767,1.3410766,4.341077,5.4710765,4.1010766,-3.9089234,-6.828923,-8.908923,-6.368923,-4.198923,-1.9089234,-3.5989234,-3.3089232,-3.0189233,-0.94892335,-3.1189234,-2.5689232,-4.0889235,-2.8689234,-3.4889233,-3.1689234,-1.8589233,0.12107666,-3.3189232,0.5110767,1.3610767,-0.41892335,1.0410767,-0.36892334,0.21107666,0.22107667,0.44107667,0.75107664,-0.39892334,1.2610767,1.7010766,-0.44892335,0.44107667,1.2310767,0.66107666,0.21107666
0.31107667,0.22107667,2.0810766,9.901076,7.361077,6.861077,3.2210767,-7.4389234,-7.3089232,-5.9389234,-6.8189235,-5.7089233,-4.1089234,-3.6389234,-0.86892337,-0.31892335,0.27107665,-4.4589233,-5.388923,-4.3789234,-3.9189234,-3.3189232,-1.1189233,-5.7489233,-4.448923,-4.388923,1.9710766,-0.68892336,-0.50892335,-0.29892334,-1.7889234,-0.5489233,0.26107666,1.8410766,-0.42892334,0.18107666,-0.00892334,0.17107666,0.43107665,2.2310767,2.2710767,0.8910767,1.1710767
3.6110766,6.111077,5.301077,9.241076,9.471077,6.6010766,3.5910766,-4.6089234,-1.6289233,-5.7389235,-3.8389235,-5.618923,-5.9889235,-5.7389235,-6.3589234,-6.138923,-5.2789235,-3.0689232,-2.4289234,-2.4389234,-3.2089233,-4.2689233,-3.1689234,-4.7589235,-1.5289234,-3.1089234,-4.0689235,-3.7489233,-3.7089233,-7.4989233,-4.0089235,-0.8489233,2.0010767,1.1310767,0.78107667,-0.29892334,-3.0489233,-2.7889233,-0.29892334,0.56107664,1.1410767,-0.118923336,2.0210767
4.8110766,6.1610765,7.2810764,4.2410765,1.4410766,-0.99892336,-4.328923,-0.29892334,-3.4389234,-1.5289234,-4.9189234,-6.8089232,-5.448923,-5.4789233,-5.6489234,-4.8589234,-3.6689234,-1.9689233,-2.8889234,-1.5789233,-1.7689233,-3.2189233,-3.6189234,-3.5489233,-3.6589234,-4.408923,-3.7289233,-4.6289234,-8.108923,-5.698923,-4.2689233,-4.0489235,-4.4689236,-1.9389234,-1.6489234,1.2910767,2.2310767,1.7410767,4.9810767,-0.32892334,2.1010766,2.1310766,-1.1689234
6.421077,4.5110765,3.4610767,-0.80892336,-0.9089233,-3.2189233,-3.7689233,-4.3189235,-3.0589232,-4.9189234,-4.0289235,-4.678923,-4.7789235,-5.098923,-3.7889233,-4.4789233,-2.7089233,-0.63892335,-0.93892336,-2.2789233,-2.9789233,-3.7589233,-2.8889234,-1.6289233,-2.0489233,-4.2889233,-5.9589233,-7.3789234,-5.428923,-7.078923,-5.448923,-5.5689235,-4.9189234,-3.3689234,-1.1489234,2.6610765,1.5210767,1.6110767,1.6810766,2.4110765,3.0610766,-5.848923,-6.9189234
4.2010765,3.5110767,0.78107667,0.48107666,-0.74892336,-1.5689234,-2.0989234,-1.7289233,-7.328923,-8.328923,-7.2089233,-6.2089233,-5.5889235,-5.8589234,-3.9189234,-3.8989234,-2.9789233,-3.1389234,-3.4689233,-5.618923,-7.678923,-8.558924,-4.8089232,-4.2789235,-2.7289233,-3.1589234,-6.178923,-6.5289235,-4.0589232,-4.078923,-5.3589234,-4.9889235,-4.678923,-4.7089233,-1.7889234,-4.7889233,-0.39892334,-1.7489233,-0.81892335,0.49107665,1.3010767,-0.27892333,5.341077
0.82107663,-1.0089233,-1.2489233,0.53107667,-0.21892335,-0.05892334,-4.7989235,-6.2089233,-7.2489233,-7.1489234,-6.158923,-5.6289234,-6.328923,-6.428923,-4.0189233,-4.9889235,-3.8189232,-5.158923,-5.598923,-6.7289233,-6.0589232,-7.7689233,-4.5889235,-4.388923,-3.3889234,-3.7589233,-3.6189234,-2.5989234,-3.0289233,-2.6989233,-2.7089233,-2.2289233,-3.7589233,-2.2189233,-3.0689232,-2.5989234,-2.8689234,1.9610766,6.321077,7.921077,7.3910766,7.7510767,1.0910766
-2.8989234,-1.1889234,-2.7489233,-2.3889234,-4.1289234,-4.6289234,-6.6689234,-6.8589234,-6.7289233,-6.618923,-5.6889234,-5.1689234,-4.2589235,-5.1489234,-3.7789233,-3.7889233,-4.5389233,-5.0389233,-5.2089233,-5.4989233,-4.3089232,-3.5989234,-4.4389234,-2.7089233,-2.4289234,-3.1989233,-2.8789234,-2.4689233,-1.4489233,-1.4389234,-0.6089233,-1.2089233,-1.0889233,-0.70892334,0.82107663,0.15107666,1.1810766,2.1110766,0.80107665,-2.2789233,-0.68892336,0.0010766601,-0.63892335
-0.64892334,1.9810767,-4.1689234,-6.2889233,-5.658923,-6.4689236,-6.328923,-6.1889234,-6.5289235,-6.8189235,-6.0189233,-4.8089232,-4.2389235,-5.0089235,-5.078923,-3.6389234,-4.178923,-3.1189234,-4.138923,-2.6289234,-3.0289233,-2.7389233,-2.5089233,-1.1989233,-1.2789234,-1.6889234,-2.6489234,-1.2089233,-1.9889233,-0.75892335,-1.6589234,-3.0689232,-1.2289233,-1.4189234,0.55107665,0.25107667,1.5010767,2.3810766,0.17107666,-0.09892334,-2.6589234,-0.9189233,-0.08892334
2.1410766,-3.4889233,-6.1889234,-5.5389233,-6.9189234,-6.0289235,-5.2389235,-6.3389235,-6.0089235,-5.4889235,-4.848923,-4.2889233,-4.0589232,-2.6289234,-3.6289234,-3.7889233,-2.9289234,-2.6289234,-2.2789233,-1.3389233,-2.1389234,-1.9789233,-0.99892336,-1.6189233,-3.7889233,-3.5089233,-3.1689234,-3.3089232,-3.2189233,-3.5389233,-2.8989234,-2.4489233,-2.5189233,-1.1589234,-0.64892334,-0.5389233,-0.00892334,0.24107666,-1.0789233,-1.1689234,-0.34892333,-0.29892334,-0.57892334
-2.3689234,-2.3089232,-5.2089233,-3.6889234,-4.1689234,-6.0189233,-6.388923,-5.3789234,-4.8089232,-4.7389235,-2.9189234,-3.5089233,-4.0889235,-2.2989233,-3.3289232,-3.3689234,-2.2789233,-2.2289233,-0.8489233,-1.8989234,-2.0889235,-1.1289233,-2.0389233,-2.6189234,-2.9689233,-2.1989233,-2.5389233,-2.0189233,-2.6689234,-1.9989233,-2.0689232,-2.0189233,-1.1989233,-1.5689234,-1.4589233,-1.1889234,-1.0489234,-2.0889235,-1.8489233,-1.0989233,-0.56892335,-0.25892335,0.19107667
-2.7489233,-2.3089232,-3.8789234,-4.618923,-3.9989233,-3.8889234,-4.1089234,-3.2489233,-3.7089233,-3.1589234,-3.0789232,-1.7089233,-1.3789233,-1.7489233,-0.24892335,-2.2589233,0.11107666,-1.0689234,-1.8489233,-1.9289234,-1.7889234,-1.4189234,-2.3589234,-1.7689233,-0.6089233,-0.67892337,-1.9989233,-1.5989233,-0.77892333,-2.4389234,-1.6989233,-1.8389233,-1.3289233,-1.1289233,-0.94892335,-1.0589234,-0.42892334,-1.5589234,-0.96892333,-0.55892336,-1.6389233,-0.61892337,-0.48892334
-3.1489234,-2.7389233,-3.4389234,-3.4789233,-3.6989233,-3.6189234,-3.8289232,-3.5589232,-2.1889234,-3.1589234,-1.0889233,-1.1689234,-1.6189233,-1.3189234,1.0110767,0.6510767,-1.3489233,-1.6689234,-1.3389233,-1.6489234,-1.9989233,-1.9389234,-0.9889233,-0.41892335,0.62107664,-1.1789234,-2.4289234,-2.1689234,-2.0289233,-1.3989234,-1.3189234,-0.6089233,-1.5389234,-0.9189233,-0.96892333,-0.34892333,-0.02892334,-0.37892333,-1.0789233,-1.1089233,-0.92892337,0.04107666,0.75107664
-2.9289234,-2.9889233,-3.8389235,-3.4689233,-3.8589234,-3.5889235,-3.4489233,-2.7589233,-1.4289234,-1.8089234,-1.1189233,-1.3589233,-1.5089233,-0.56892335,-0.19892333,0.22107667,-1.9689233,-1.2889234,-1.1189233,0.37107667,-2.0489233,-1.8489233,-1.3389233,-1.0289234,-1.2089233,-2.6089234,-1.7889234,-1.3389233,-0.82892334,-0.33892334,-0.67892337,-0.63892335,-0.52892333,0.6410767,-0.64892334,-0.7989233,-0.01892334,0.20107666,0.13107666,-0.31892335,0.93107665,-0.04892334,-0.31892335
