wind_kz.json
{"header": {"discipline":0,"disciplineName":"Meteorological products","gribEdition":2,"gribLength":1025,"center":7,"centerName":"US National Weather Service - NCEP(WMC)","subcenter":0,"refTime":"2023-09-08T12:00:00.000Z","significanceOfRT":1,"significanceOfRTName":"Start of forecast","productStatus":0,"productStatusName":"Operational products","productType":1,"productTypeName":"Forecast products","productDefinitionTemplate":0,"productDefinitionTemplateName":"Analysis/forecast at horizontal level/layer at a point in time","parameterCategory":2,"parameterCategoryName":"UnknownDiscipline_0_Category_2","parameterNumber":2,"parameterNumberName":"UnknownParameter_D0_C2_2","parameterUnit":"Unknown","genProcessType":2,"genProcessTypeName":"Forecast","forecastTime":180,"surface1Type":103,"surface1TypeName":"Specified height level above ground","surface1Value":10.0,"surface2Type":255,"surface2TypeName":"Missing","surface2Value":0.0,"gridDefinitionTemplate":0,"gridDefinitionTemplateName":"Latitude_Longitude","numberPoints":615,"shape":6,"shapeName":"Earth spherical with radius of 6,371,229.0 m","gridUnits":"degrees","resolution":48,"winds":"true","scanMode":64,"nx":41,"ny":15,"basicAngle":0,"lo1":47.0,"la1":41.0,"lo2":87.0,"la2":55.0,"dx":1.0,"dy":1.0}, "data":
[rows 0 to 14 of 15, columns 0 to 40 of 41]
-2.2331152,-0.5131152,0.19688477,-0.22311524,0.046884764,0.42688477,1.8368847,2.7068849,1.2868848,1.3868848,1.1568848,-0.29311523,-2.3931153,-3.9631152,-4.3831153,-4.213115,-2.6631153,-2.2131152,-3.1831152,-0.67311525,1.5568848,1.4568847,1.1268848,0.10688476,-1.4531152,-2.0831153,-2.3031151,-0.19311523,1.6268848,0.49688476,0.5268848,1.7168847,0.9668848,-0.13311523,-3.6031153,-3.3431153,-2.9131153,-3.1831152,-3.9631152,-3.8031151,-2.9031153
2.2168849,2.4268847,1.9068848,2.0168848,1.1568848,1.2768848,2.0768847,0.42688477,2.5768847,3.3268847,4.1168847,-1.0831152,-2.6531153,-3.9831152,-3.4431152,-4.353115,-3.0231152,-2.9531152,-2.4431152,-1.5131153,-0.7231152,-0.46311525,-0.5331152,-1.8831153,-0.083115235,1.3968848,-0.14311524,1.9268848,-0.50311524,-0.31311524,0.49688476,-0.24311523,0.19688477,-1.4431152,0.7268848,0.5268848,-1.5131153,0.45688477,0.06688476,0.45688477,-2.4231153
0.8468848,1.8868848,2.9168847,3.8268847,1.9768847,1.9868847,2.1468847,3.4268847,3.2668848,3.7068849,3.9568849,-3.0031152,-2.8031151,-4.7031155,-5.183115,-4.543115,-4.503115,-3.3431153,-1.8531152,-0.23311524,1.7768848,-0.8231152,-4.353115,-3.7231152,1.5968847,-1.2731153,1.2068847,2.0068848,-1.7131152,-0.37311524,-1.8931153,0.70688474,-0.123115234,-0.74311525,1.2968848,-1.1631153,1.6268848,-0.15311523,-0.54311526,2.8368847,2.8068848
-0.38311523,0.5368848,2.0868847,4.2168846,4.316885,2.3068848,2.6868849,4.4468846,5.7768846,5.646885,-2.2131152,-5.253115,-6.1731153,-6.963115,-4.873115,-4.6731153,-3.2731152,-3.5431151,-2.3731153,-1.3531152,-1.9031153,-2.9231153,-0.033115234,-3.2331152,-3.3031151,-3.0231152,-1.8231152,-6.5531154,-2.8331153,0.44688475,1.6868848,-1.0131153,-1.8731152,-2.8631153,-2.3131151,-2.6531153,-1.3831153,2.6168847,0.35688478,0.046884764,-0.9731152
-0.043115236,3.0368848,4.3868847,6.8668847,8.226885,2.6068847,3.4068847,1.6568848,-2.6631153,-4.5731153,-7.9231153,-9.283115,-8.843115,-7.7231154,-6.393115,-5.2031155,-3.3531153,-2.6031153,-1.3131152,-3.0631151,-3.6731153,-4.5931153,-4.1331153,-3.6031153,-3.7731152,-2.8031151,-4.5331154,-3.0831153,-2.8631153,-2.5131152,-2.7531152,-1.8531152,-1.3631152,2.4868848,-0.9031152,-2.3631153,1.5868847,-2.3231153,-0.55311525,0.69688475,1.4768847
1.2968848,1.4868847,2.5968847,1.1868848,0.86688477,3.8568847,-1.6631153,-3.2531152,-4.5131154,-7.193115,-8.043116,-7.3831153,-6.683115,-7.0731153,-4.9231153,-2.7031152,-2.4831152,-3.1131153,-1.5331153,-3.2831151,-3.9431152,-3.4631152,-4.0731153,-3.4331152,-3.2331152,-3.2731152,-1.7231152,-4.1131153,-3.1731153,-4.2231154,-3.1731153,-2.8331153,-3.1031153,-1.6331153,0.06688476,0.64688474,-0.06311523,1.1968848,4.706885,-2.7631152,-4.0531154
-0.38311523,-0.16311523,-0.083115235,0.36688477,-2.6331153,-3.4131153,-2.7331152,-4.6731153,-6.5531154,-5.663115,-4.543115,-5.5931153,-3.8731153,-2.7331152,-0.10311523,-2.1731153,-1.1731153,-1.0531152,-2.6231153,-2.8531153,-2.7031152,-2.3331153,-2.0231152,-2.3531153,-2.5131152,-2.1131153,-1.4031153,-3.3131151,-3.0131152,-4.163115,-4.003115,-3.1431153,-0.7831152,-1.1331153,0.07688477,-1.6331153,-1.4231153,1.4168848,-1.3331152,-0.21311523,3.6668847
0.19688477,-0.19311523,-0.26311523,-0.94311523,-2.3331153,-3.6931152,-1.2331152,-1.9631152,-4.9031153,-3.1231153,-0.86311525,-2.0531151,-1.9331152,2.6268847,-1.2331152,-0.54311526,-1.4731152,-1.3731152,-1.5431153,-1.9731152,-1.6431153,-2.3731153,-1.8731152,-1.6931152,-2.0731153,-1.0731152,-2.1231153,-2.9531152,-4.2831154,-3.3531153,-2.7831151,-1.6331153,-1.8431152,-0.42311522,-1.6031152,0.39688477,1.4168848,2.1568847,2.1668847,2.9968848,0.45688477
1.9868847,1.7668848,-1.5231153,-1.8531152,-2.7031152,-4.0731153,-3.0031152,-1.1731153,-0.47311524,-0.13311523,-1.8731152,-4.393115,1.6468848,-2.4431152,-1.9831152,-0.36311522,-1.5231153,-1.6931152,-1.0031152,-2.7031152,-2.8731153,-2.3331153,-2.2331152,-2.7631152,-2.3931153,-2.2431152,-2.1631153,-2.4031153,-1.3631152,-1.0331153,-0.19311523,0.14688477,2.3468847,0.81688476,1.0768847,0.7168848,-0.0031152344,-1.8031152,-0.8431152,0.27688476,-1.1731153
-2.7131152,-2.1731153,-2.4331152,-0.113115236,-0.62311524,-1.6131152,-0.62311524,1.4768847,-1.7931153,-1.0631152,-2.6331153,-2.6931152,-1.9531152,-0.9031152,-1.1631153,-0.8331152,-1.3231152,-2.0831153,-1.6431153,-2.6731153,-2.6731153,-2.2531152,-2.5431151,-3.1731153,-3.5031152,-3.7031152,-3.1731153,-2.6331153,-1.8331152,-0.50311524,2.0068848,1.6168847,1.6868848,1.6768848,1.1268848,-0.27311525,-0.60311526,-0.39311522,-0.56311524,0.17688477,-0.5831152
-1.2231152,-0.88311523,-1.2231152,0.38688478,-0.5931152,-3.0531151,-1.9031153,-1.8431152,-1.6531153,-2.4031153,-2.3931153,-1.8831153,-2.5131152,-2.1231153,-1.4131153,-1.5231153,-1.6131152,-1.4331152,-2.7131152,-3.7231152,-3.2931151,-3.3331153,-3.1031153,-3.0631151,-2.8631153,-2.8631153,-2.5831153,-1.2231152,0.39688477,0.7368848,0.30688477,1.4568847,-0.32311523,0.9868848,1.4468848,-0.36311522,-1.0431153,0.12688476,-0.38311523,0.81688476,-0.36311522
0.36688477,-0.30311525,0.6768848,-0.91311526,-1.1131152,-1.6431153,-1.3731152,-0.75311524,-1.4131153,-2.5731153,-1.8531152,-1.6931152,-1.5031152,-2.2731152,-1.5931152,-1.7831153,-2.6631153,-2.4031153,-2.7731152,-2.4931152,-3.0431151,-2.6631153,-2.9331152,-2.7031152,-1.9631152,-3.2531152,-1.9331152,-0.5131152,0.29688478,0.24688476,-0.27311525,0.74688476,0.15688476,-0.50311524,0.8468848,-1.1731153,0.50688475,1.1168847,1.5168848,0.30688477,-0.62311524
0.39688477,-0.35311523,-1.5131153,-1.8731152,-0.66311526,-0.75311524,-0.42311522,-1.2331152,-2.0731153,-1.5331153,-1.0031152,-0.92311525,-1.2031152,-1.4931152,-1.3531152,-2.0631151,-1.6031152,-2.0931153,-1.9631152,-1.7431152,-1.4531152,-1.9831152,-1.6531153,-1.5731152,-2.4931152,-2.5231152,-1.3731152,-1.2631153,-0.7131152,-0.18311523,-0.42311522,-1.1831152,-1.3431152,-1.8031152,-1.1431153,-2.0131152,-1.2431152,-1.0131153,-2.0731153,-1.8231152,-1.1831152
1.0968847,-0.33311522,0.55688477,-1.3631152,-0.9531152,-0.6431152,-0.86311525,-1.7831153,-0.35311523,-0.47311524,-1.1331153,-1.0831152,-0.10311523,-0.61311525,0.20688477,-0.88311523,-0.9731152,-1.8731152,-1.6531153,-1.9831152,-2.3731153,-2.8231153,-2.8131151,-2.5631151,-2.2031152,-1.7131152,-1.6231152,-0.50311524,-1.0631152,-1.1631153,-1.5031152,-1.7931153,-1.4231153,-2.0531151,-1.6131152,-1.9631152,-1.5031152,-1.8931153,-1.8731152,-0.68311524,-0.42311522
-0.5231152,-0.16311523,-1.3031152,-0.7031152,-0.48311523,0.10688476,0.056884766,-0.45311522,-0.60311526,-0.85311526,-1.1231152,-0.74311525,-0.80311525,-0.33311522,-1.2431152,-0.5831152,-2.2931151,-0.41311523,-1.9531152,-2.6831152,-2.5831153,-2.1131153,-2.2231152,-1.7131152,-0.8231152,-1.3031152,-0.93311524,-0.79311526,-1.2931153,-1.3731152,-1.1931152,-1.6931152,-2.0631151,-1.6331153,-1.9431152,-1.7131152,-1.9331152,-1.6931152,-1.3431152,-1.7831153,-1.8331152
