wind.json
{"header": {"discipline":0,"disciplineName":"Meteorological products","gribEdition":2,"gribLength":1211,"center":7,"centerName":"US National Weather Service - NCEP(WMC)","subcenter":0,"refTime":"2023-05-30T12:00:00.000Z","significanceOfRT":1,"significanceOfRTName":"Start of forecast","productStatus":0,"productStatusName":"Operational products","productType":1,"productTypeName":"Forecast products","productDefinitionTemplate":0,"productDefinitionTemplateName":"Analysis/forecast at horizontal level/layer at a point in time","parameterCategory":2,"parameterCategoryName":"UnknownDiscipline_0_Category_2","parameterNumber":2,"parameterNumberName":"UnknownParameter_D0_C2_2","parameterUnit":"Unknown","genProcessType":2,"genProcessTypeName":"Forecast","forecastTime":240,"surface1Type":103,"surface1TypeName":"Specified height level above ground","surface1Value":10.0,"surface2Type":255,"surface2TypeName":"Missing","surface2Value":0.0,"gridDefinitionTemplate":0,"gridDefinitionTemplateName":"Latitude_Longitude","numberPoints":688,"shape":6,"shapeName":"Earth spherical with radius of 6,371,229.0 m","gridUnits":"degrees","resolution":48,"winds":"true","scanMode":64,"nx":43,"ny":16,"basicAngle":0,"lo1":45.0,"la1":40.0,"lo2":87.0,"la2":55.0,"dx":1.0,"dy":1.0}, "data":
[rows 0 to 15 of 16, columns 0 to 42 of 43]
4.6620264,2.3320265,-0.70797366,-1.7679737,-3.1179736,-0.017973633,1.7520263,3.0920265,4.9720263,4.7220263,-3.6479735,-4.7179737,-3.6879737,-2.1179736,-2.8479736,-1.9179736,-1.3679737,0.11202636,-0.35797364,0.102026366,0.8720264,0.51202637,-3.8779736,-0.9979736,1.8120264,4.402026,7.2720265,1.4120264,-1.4479736,4.8320265,1.0920264,-6.4179735,-1.8179736,-0.5679736,4.2820263,-1.9679736,-0.17797363,-2.0279737,-0.98797363,1.4420264,0.89202636,2.0120263,3.7720263
-2.3779736,-2.7679737,1.9920263,2.0420263,-0.8779736,-4.7379737,0.84202635,4.632026,6.2020264,-1.7179736,-3.2279737,-2.7279737,-4.137974,-4.097974,-2.2879736,-0.79797363,-0.49797362,0.40202636,1.3220264,2.4620264,1.1620264,2.5720263,2.7820263,1.1620264,4.6420264,5.0420265,2.2920263,-2.1579735,3.4920263,1.5120263,1.9120264,2.6420264,6.0020266,2.0620263,2.0020263,3.2920263,3.8720264,0.09202637,4.442026,5.1820264,3.0120263,4.5220265,4.5720263
-1.6779736,1.0120263,2.5120263,-2.4479737,-5.2779737,-6.2379737,0.20202637,3.7120264,8.232026,-2.8679736,-3.1279736,-3.1879737,-3.3079736,-2.6679735,-2.7079737,-2.5879736,-0.6279736,1.8420264,2.2520263,1.9820263,2.4620264,2.9120264,3.1220264,3.4820263,4.2520266,3.6620264,0.6720264,-0.76797366,-0.8079736,-1.4779736,5.8220263,5.1420264,0.40202636,0.36202636,-2.8679736,-1.0079737,-0.027973633,-3.7279737,0.40202636,-1.3979737,2.0020263,0.012026367,2.2920263
-0.27797362,0.53202635,-4.0079737,-5.0279737,-4.0379734,-2.2779737,1.1320263,-3.0879736,-3.3479736,-2.4679737,-2.0679736,-1.7879736,-2.0579736,-0.8879736,-5.057974,0.12202637,0.64202636,3.2020264,2.9220264,3.0020263,3.2920263,2.9620264,2.9220264,5.7520266,7.612026,8.432026,1.9120264,-0.12797363,5.592026,1.7320263,5.0720263,-0.60797364,2.1620264,-0.45797363,1.7320263,2.0420263,-2.3179736,0.9920264,0.59202635,3.2920263,5.9620266,2.7720263,-0.9379736
-5.637974,-7.2379737,-7.3779736,-5.1779737,-3.6079736,-1.4779736,3.1420264,-3.1579735,-1.2879736,0.38202637,1.2420263,1.0820264,0.072026365,-6.5879736,-4.7779737,-1.0979736,3.0620263,5.0220265,5.4820266,3.3520265,4.152026,4.2720265,3.4720263,2.9820263,6.612026,7.2620263,7.5220265,8.2920265,10.862026,1.9620264,6.6820264,0.24202637,-4.057974,1.1820264,5.5420265,1.8820263,5.112026,1.6420264,1.2220263,1.6120263,1.6520264,1.3520263,5.9120264
-7.9479737,-7.9679737,-8.2079735,-6.0479736,-5.0479736,-4.9279737,-1.2879736,-2.3879735,-0.49797362,-3.0479736,-2.2579737,-1.2079736,-0.98797363,-4.8779736,0.21202637,1.1820264,4.5320263,6.0820265,3.5620263,3.5620263,3.6320264,4.7020264,4.9320264,7.0220265,7.9720263,8.302027,8.912026,10.472027,11.132027,5.9620266,3.5220263,1.0620264,0.7420264,1.7820264,-0.64797366,2.1320264,2.6520264,2.5020263,5.652026,2.0420263,0.05202637,1.5820264,1.7520263
-5.4479737,-6.3579736,-5.8179736,-5.9579735,-4.3779736,-4.2779737,-4.3779736,-2.4679737,-4.7879734,-2.3379736,-0.65797365,-0.027973633,1.4920263,1.7220263,3.5320263,4.3020263,3.0320263,4.612026,2.8820264,3.8120263,4.652026,5.3220263,6.1020265,6.9920263,7.7320266,9.012027,9.442026,9.642026,9.462027,-3.6579735,1.2320263,0.71202636,-4.2679734,-3.2379737,-1.3279736,-2.8179736,-0.98797363,0.7520264,5.5820265,7.8120265,6.9720263,-0.107973635,0.24202637
-3.2379737,-3.1079736,-3.1579735,-3.9379737,-4.637974,-3.7879736,-1.2379737,0.9220264,-2.7279737,-0.70797366,-0.39797363,0.05202637,0.98202634,2.7020264,2.8020263,3.8420265,3.8120263,3.7320263,4.1220264,5.3220263,5.6620264,6.4720263,6.7820263,7.2320266,7.2520266,8.872026,10.282026,9.232026,3.4520264,-2.7879736,9.512027,0.16202636,0.79202634,2.9020264,-2.5079737,2.0420263,1.3620263,-2.0279737,-1.5379736,0.84202635,3.8820264,-0.017973633,5.172026
-2.7779737,-3.8279736,-3.7779737,-2.5479736,-2.7979736,-1.8679737,-0.59797364,-0.6879736,-1.6479737,-0.43797362,-0.067973636,1.8020264,2.5520263,3.8020263,4.3520265,4.7520266,3.7820263,4.0820265,4.882026,5.402026,6.1020265,7.0820265,7.692026,7.6220264,7.0220265,8.102026,10.152026,8.462027,10.152026,-7.9779735,11.302027,10.712027,0.9920264,0.66202635,-1.0179737,-2.2579737,0.5620264,-0.64797366,-3.3079736,3.3120263,7.382026,8.742026,4.172026
-1.0179737,-1.3579736,-1.2579737,-1.5379736,-0.79797363,0.89202636,-1.5479736,0.37202635,1.1720264,1.5020263,0.51202637,3.5920265,3.9020264,4.172026,5.1420264,5.8520265,6.0220265,4.8320265,6.132026,7.1020265,7.5520263,7.9720263,8.122026,7.592026,8.352026,7.862026,8.142026,8.742026,8.512027,3.7720263,1.6820264,-4.0679736,13.362026,0.89202636,-3.6679735,-2.4479737,-0.58797365,1.5220264,0.97202635,-0.14797363,0.52202636,0.51202637,1.2820264
-0.53797364,0.26202637,0.042026367,-0.007973633,0.84202635,0.7420264,1.3020264,1.7320263,0.6920264,3.7120264,2.6720264,5.2720265,4.5720263,6.192026,3.7020264,4.612026,4.1420264,4.5120263,6.2620263,5.3720264,6.652026,7.4920263,7.4820266,9.032026,8.912026,9.302027,9.632027,8.972027,9.472027,3.8920264,-4.137974,0.6320264,4.8220263,11.182026,-4.307974,-3.2179737,0.73202634,-3.5579736,1.5520264,0.44202638,1.0720264,-0.03797363,0.28202638
2.1320264,-0.09797363,-0.8779736,-2.6679735,-1.4179736,2.1120265,1.8220264,2.1420264,1.9920263,3.0620263,4.612026,2.0020263,1.4820263,5.0820265,4.6620264,5.0520263,4.5220265,7.112026,3.3120263,6.1220264,6.2720265,8.152026,8.422027,8.532026,10.812026,10.022026,9.312026,8.092027,3.6720264,4.652026,-4.2479734,-2.6779737,11.522026,-5.0379734,-5.137974,-4.347974,-2.2979736,-4.057974,-0.95797366,1.2120264,-0.37797365,0.6820264,-0.6779736
-4.3379736,-4.3379736,-1.8479736,-0.6779736,1.9020264,5.4920263,3.8220263,4.3020263,3.5120263,3.9220264,2.6820264,1.9020264,2.4120264,5.692026,4.422026,6.2720265,6.7520266,1.2520263,4.8120265,9.402026,8.932026,9.382027,10.002027,9.552027,11.242026,8.452026,4.9320264,8.912026,6.6620264,2.2120264,-3.1279736,12.312026,-7.3979735,-5.5179734,-3.3479736,-1.4079736,-4.557974,-4.4779735,-2.0879736,-1.2179736,-0.53797364,-0.31797364,0.79202634
-2.6179736,-0.91797364,0.64202636,0.5520264,2.7420263,5.092026,3.9620264,2.2020264,2.4020264,1.6320263,3.2420263,2.5220263,2.1620264,4.0720263,5.0520263,0.79202634,2.4220264,5.7420263,8.132027,9.742026,9.852026,8.652026,9.922027,8.002027,8.7920265,7.7520266,6.112026,5.1220264,-0.78797364,5.5120263,7.4820266,-7.2979736,-7.157974,-5.367974,-5.9679737,-6.1679735,-4.9479737,-3.9279737,-1.9679736,-1.0979736,-0.38797364,-1.8579736,0.46202636
0.85202634,1.1820264,2.5720263,2.6020265,0.38202637,0.85202634,0.98202634,-1.0779736,2.1520264,1.5720264,2.4420264,3.9520264,4.2220263,2.3620265,4.942026,-0.20797363,4.5220265,7.0520263,11.202026,13.662026,12.402026,9.062026,6.132026,6.4820266,6.6820264,7.5020266,5.2420263,-1.1879736,-5.0079737,10.622026,-7.3579736,-6.8979735,-6.4779735,-5.9479737,-6.7779737,-6.7179737,-4.617974,-3.8679736,-2.8779736,-2.1979737,-2.7779737,-1.4579736,1.8520263
0.34202635,0.21202637,0.42202637,-1.8179736,-1.1179737,-1.5679736,-0.19797364,0.95202637,0.29202637,0.7520264,1.7920264,4.112026,2.5320263,3.7520263,-0.30797362,1.9320264,3.1920264,6.8020263,9.192026,0.8020264,-6.5379734,0.89202636,-0.017973633,0.6820264,4.0420265,4.4120264,-1.3279736,-4.2579737,-1.9679736,-6.9879737,-5.827974,-7.4979734,-9.097974,-6.7279735,-7.2679734,-6.077974,-4.9179735,-5.0679736,-3.4479737,-3.7079737,-3.8079736,-3.5179737,-2.8279736
