wind_kz.json
{"header": {"discipline":0,"disciplineName":"Meteorological products","gribEdition":2,"gribLength":1025,"center":7,"centerName":"US National Weather Service - NCEP(WMC)","subcenter":0,"refTime":"2023-09-08T06:00:00.000Z","significanceOfRT":1,"significanceOfRTName":"Start of forecast","productStatus":0,"productStatusName":"Operational products","productType":1,"productTypeName":"Forecast products","productDefinitionTemplate":0,"productDefinitionTemplateName":"Analysis/forecast at horizontal level/layer at a point in time","parameterCategory":2,"parameterCategoryName":"UnknownDiscipline_0_Category_2","parameterNumber":2,"parameterNumberName":"UnknownParameter_D0_C2_2","parameterUnit":"Unknown","genProcessType":2,"genProcessTypeName":"Forecast","forecastTime":240,"surface1Type":103,"surface1TypeName":"Specified height level above ground","surface1Value":10.0,"surface2Type":255,"surface2TypeName":"Missing","surface2Value":0.0,"gridDefinitionTemplate":0,"gridDefinitionTemplateName":"Latitude_Longitude","numberPoints":615,"shape":6,"shapeName":"Earth spherical with radius of 6,371,229.0 m","gridUnits":"degrees","resolution":48,"winds":"true","scanMode":64,"nx":41,"ny":15,"basicAngle":0,"lo1":47.0,"la1":41.0,"lo2":87.0,"la2":55.0,"dx":1.0,"dy":1.0}, "data":
[rows 0 to 14 of 15, columns 0 to 40 of 41]
-3.5486865,1.1013135,-2.3786864,-5.7686863,-6.7086864,-6.7986865,-5.7086864,-5.0386868,-5.3686867,-2.5486865,-1.3986865,-0.058686525,0.35131347,2.2913134,4.6613135,7.7213135,7.3613133,5.3713136,3.0313134,-0.9886865,-0.27868652,0.75131345,1.6913135,2.6613135,-0.32868654,1.5713135,3.2313135,2.7713134,-0.048686523,0.21131347,2.2413135,0.15131348,0.87131345,1.3713135,0.29131347,-3.1386864,-3.5786865,-2.1786866,-1.6886865,0.5713135,3.3513136
0.20131348,-3.6986866,-7.0586867,-5.5586867,-5.6286864,-5.0186863,-5.2286863,-4.6286864,-3.8686864,-2.2786865,-1.5086865,-1.5186865,-0.18868652,-0.43868652,0.5813135,3.8213134,5.9213133,7.3413134,1.4413135,-0.088686526,1.0413135,2.4213135,3.4513135,4.4713135,1.8213135,-0.2886865,0.62131345,1.3813134,3.3413134,1.5713135,0.6313135,0.42131346,-1.1586865,1.6413134,0.091313474,1.9413135,1.9513135,5.2113132,-2.5986865,-1.4386865,-1.3586866
-7.4586864,-9.258686,-6.4186864,-5.2886868,-4.8786864,-4.6586866,-4.0086865,-3.6386864,-2.7986865,-2.0786865,-1.4286865,-0.88868654,-1.0286865,0.16131347,-0.43868652,-5.1086864,-5.0486865,-2.6786866,-3.5586865,-0.4486865,0.021313477,-0.4486865,1.4313135,3.9013135,0.28131348,-2.3386865,-2.4386866,-1.0486865,3.7613134,-0.40868652,1.3113135,-1.2586865,-1.7086865,-1.8886865,-2.1386864,0.7013135,0.8413135,-0.38868654,4.3513136,5.0013137,1.4613135
-9.598686,-9.438686,-7.9686866,-6.8386865,-5.4286866,-4.5386868,-1.3586866,-2.1586866,-1.0386865,-0.51868653,0.26131347,-0.19868653,-0.5286865,-0.34868652,1.2813134,-0.57868654,-4.2786865,-5.4386864,-5.1286864,-3.1186864,-1.5086865,1.6013135,-0.018686524,-1.8686866,-3.9686866,-4.0686865,-2.7386866,-5.1686864,-5.2986865,-2.8686864,-2.3086865,-2.4786866,-5.2286863,-3.0986865,-1.8286865,0.051313475,0.98131347,1.4913135,-2.0686865,-0.4486865,-1.4186865
-9.528687,-8.868687,-8.128687,-7.7186866,-5.4586864,-4.3486867,-3.3586864,-1.9286865,-0.6686865,-0.31868652,-0.058686525,0.67131346,0.20131348,0.73131347,0.43131348,0.74131346,1.6613135,-0.5386865,-4.0086865,-4.2086864,0.041313477,0.18131347,-3.3286865,-4.3986864,-6.1886864,-6.7186866,-7.8586864,-5.8386865,-6.1086864,-5.8486867,-4.8086867,-1.6586865,3.2113135,2.3813136,-2.3586864,-1.3186865,-2.7386866,-1.5486865,-1.5186865,2.1313136,1.7513134
-7.2386866,-6.5786867,-7.0886865,-5.8486867,-5.9086866,-4.5686865,-3.3186865,-2.5386865,-1.6086866,-0.8086865,0.39131346,0.9613135,2.0313134,1.3713135,1.3313135,0.92131346,1.8413135,1.3213135,-0.16868652,-1.4986866,-0.018686524,2.6713135,-4.2986865,-5.2886868,-5.7786865,-6.6286864,-7.5886865,-5.9086866,-7.1486864,-6.9586864,-6.7386866,-5.1386867,-2.1086864,-2.1186864,-3.2186866,2.0413134,0.7813135,0.39131346,-2.5486865,-4.3986864,-4.0486865
-5.0386868,-5.3986864,-5.0286865,-4.4386864,-4.2286863,-3.7186866,-2.4886866,-1.8686866,-2.1986866,-2.4386866,-2.1486864,-2.0586865,-1.6286865,-0.35868654,0.2713135,0.10131348,1.0813135,-1.7286866,0.8513135,-1.0986866,-1.4686866,-0.27868652,-4.2486863,-5.0386868,-5.8386865,-5.4286866,-5.5186863,-5.3286867,-4.7286863,-4.5886865,-4.8086867,-4.8486867,-3.4786866,-2.9886866,-3.7186866,-2.6286864,-0.038686525,-2.5186865,2.9013135,-0.22868653,2.9713135
-3.9486866,-3.3886864,-2.3586864,-2.8186865,-2.8586864,-2.2186866,-2.6686866,-2.9586866,-3.1086864,-2.6286864,-2.5786865,-1.3386865,-1.2886865,0.5113135,0.7613135,0.26131347,-2.1986866,-3.5486865,-4.6186867,-2.2986865,2.1013136,5.1613135,-3.6786866,-4.5286865,-4.5386868,-4.8986864,-4.3186865,-3.5286865,-4.2886868,-2.8186865,-3.9086866,-3.1086864,-3.5286865,-4.0186863,-2.5086865,-0.8086865,1.8413135,2.2413135,5.0413136,5.1713133,5.0013137
-4.7786865,-4.2886868,-3.5286865,-3.4186866,-2.7386866,-3.1386864,-3.6586866,-3.7386866,-2.4386866,-1.9886866,-2.8686864,-3.4286866,-2.9086866,-2.6686866,-2.9386866,-2.3786864,-3.4086866,-4.2786865,-3.7786865,-2.0586865,-4.8586864,-5.5686865,-4.0486865,-2.9386866,-2.9986866,-2.3186865,-1.3486866,-0.5586865,-2.2186866,0.17131348,-0.9786865,-1.4386865,-0.88868654,-0.31868652,-0.38868654,0.67131346,-0.07868652,0.18131347,0.79131347,0.29131347,1.5913135
-4.6186867,-2.7786865,-2.9486866,-3.0786865,-2.9086866,-2.2986865,-2.6386864,-3.0886865,-3.7986865,-2.5086865,-2.9586866,-4.0886865,-2.7686865,-4.4586864,-5.1586866,-5.0286865,-5.4386864,-5.3186865,-6.0986867,-4.2686863,-7.2986865,-6.2086864,-5.5786867,-4.8786864,-3.9386866,-3.5686865,-2.5086865,-3.7786865,-2.7186866,-1.7286866,-0.13868652,0.6313135,0.5713135,0.32131347,0.93131346,1.4213135,1.8013135,-0.24868652,2.1313136,0.5113135,1.0413135
-2.5586865,-2.6886866,-2.5686865,-2.7086866,-2.3286865,-2.2586865,-1.8586866,-1.7486866,-2.8486865,-2.8686864,-3.0286865,-3.1286864,-2.9386866,-3.9286866,-4.0986867,-4.1786866,-5.1886864,-4.8086867,-6.3486867,-6.8386865,-6.2486863,-5.1586866,-4.3286867,-3.9986866,-2.7986865,-2.8786864,-3.7686865,-3.9286866,-2.6686866,-1.4686866,-0.74868655,-0.29868653,-0.24868652,-0.6586865,-1.4486865,-0.62868655,1.0313134,0.38131347,0.7713135,-0.69868654,1.4213135
-0.51868653,-0.18868652,-0.76868653,-1.3986865,-1.5486865,-1.2686865,-1.7786865,-1.5886865,-1.7386866,-1.2686865,-1.9586865,-2.3986864,-2.6386864,-4.0286865,-1.7486866,-2.8186865,-3.4886866,-4.0386868,-4.0686865,-3.6486864,-3.8586864,-3.9186866,-4.5086865,-2.5286865,-3.3386865,-4.0686865,-3.7086866,-2.8386865,-2.5886865,-1.6386865,-1.9586865,-1.7286866,-1.8486866,-1.9886866,-2.2386866,-2.4186866,-2.3386865,-0.30868652,0.42131346,-0.5586865,-1.0086865
1.3713135,2.0513134,1.5613135,1.8113135,0.7013135,0.43131348,-0.38868654,-1.2086865,-1.5886865,-0.26868653,-0.19868653,-0.4186865,-0.5886865,-2.1586866,-1.6386865,-1.5486865,-1.6386865,-1.8386865,-2.4386866,-2.8086865,-2.1286864,-2.7286866,-3.1186864,-3.0286865,-3.0486865,-3.8886864,-2.9486866,-3.4486866,-3.1586866,-3.0586865,-3.0786865,-2.7486866,-3.0186865,-2.1286864,-1.9686866,-2.5486865,-3.5086865,-2.2786865,-4.7486863,-4.7686863,-2.9986866
2.2113135,2.3613136,1.0813135,1.5113134,0.67131346,1.3513135,1.5913135,1.6913135,0.11131348,-0.13868652,0.7213135,0.67131346,0.2713135,-0.11868653,-0.15868652,-1.1886865,-2.0186865,-1.3086865,-2.0886865,-2.3086865,-2.8586864,-3.8886864,-3.5786865,-3.3486865,-3.0786865,-2.8486865,-2.8386865,-3.1186864,-3.3286865,-3.3586864,-3.0386865,-3.2886865,-3.1886866,-2.7886865,-2.2486866,-2.5886865,-2.0386865,-2.2486866,-2.0486865,-1.9286865,-2.3586864
1.5413135,1.8413135,0.9613135,1.4413135,2.4813135,2.0513134,2.2913134,1.8013135,2.0613134,0.9113135,0.45131347,0.55131346,0.7813135,0.61131346,1.3613135,0.8313135,-0.028686523,0.11131348,-0.5486865,-1.2586865,-1.6986865,-2.1386864,-1.7486866,-2.2086866,-2.4086866,-2.0486865,-2.4286866,-2.8686864,-2.9586866,-3.4886866,-4.4086866,-3.8786864,-4.2086864,-4.7286863,-5.0586867,-4.7586865,-4.3286867,-4.4786863,-4.0586867,-3.8786864,-3.2386866
