wind_kz.json
{"header": {"discipline":0,"disciplineName":"Meteorological products","gribEdition":2,"gribLength":1102,"center":7,"centerName":"US National Weather Service - NCEP(WMC)","subcenter":0,"refTime":"2023-10-01T00:00:00.000Z","significanceOfRT":1,"significanceOfRTName":"Start of forecast","productStatus":0,"productStatusName":"Operational products","productType":1,"productTypeName":"Forecast products","productDefinitionTemplate":0,"productDefinitionTemplateName":"Analysis/forecast at horizontal level/layer at a point in time","parameterCategory":2,"parameterCategoryName":"UnknownDiscipline_0_Category_2","parameterNumber":3,"parameterNumberName":"UnknownParameter_D0_C2_3","parameterUnit":"Unknown","genProcessType":2,"genProcessTypeName":"Forecast","forecastTime":240,"surface1Type":103,"surface1TypeName":"Specified height level above ground","surface1Value":10.0,"surface2Type":255,"surface2TypeName":"Missing","surface2Value":0.0,"gridDefinitionTemplate":0,"gridDefinitionTemplateName":"Latitude_Longitude","numberPoints":615,"shape":6,"shapeName":"Earth spherical with radius of 6,371,229.0 m","gridUnits":"degrees","resolution":48,"winds":"true","scanMode":64,"nx":41,"ny":15,"basicAngle":0,"lo1":47.0,"la1":41.0,"lo2":87.0,"la2":55.0,"dx":1.0,"dy":1.0}, "data":
[rows 0 to 14 of 15, columns 0 to 40 of 41]
1.3598901,-1.2701099,2.1598902,4.90989,-2.5801098,-6.2101097,-4.78011,0.60989016,1.0498902,0.39989012,0.9798901,0.39989012,-0.5201099,-0.40010986,-0.19010986,-0.88010985,-1.1401099,1.9498901,5.0798903,3.5798903,-2.01011,-2.6101098,-2.75011,3.00989,1.6498902,3.6698902,-0.12010986,1.5098901,3.31989,4.12989,0.5898901,-1.5601099,1.3198901,-1.0301099,1.0698901,1.6098901,1.2998902,1.0598902,1.6398902,2.1998901,0.5198901
4.63989,1.7598901,3.1498902,-4.32011,-5.4601097,-5.83011,-2.49011,3.3998902,1.8098902,0.7898901,-0.28010985,-0.7901099,-0.80010986,-0.17010987,1.0298902,0.86989015,0.45989013,1.6598902,1.6398902,5.90989,2.49989,1.4498901,0.49989015,0.25989014,1.4198902,2.6698902,-0.12010986,1.8598901,0.48989013,1.8898902,4.44989,5.18989,1.1698902,-2.3401098,-3.6501098,-0.81010985,-1.7401099,-2.2901099,0.37989014,-0.7101099,-0.36010987
2.1898901,3.1898901,-2.3001099,-5.2701097,-5.7701097,-2.73011,0.21989013,1.1198901,1.1798902,0.92989016,0.35989013,0.029890137,0.42989013,0.48989013,1.2298901,2.52989,0.41989014,2.71989,2.79989,6.83989,3.3298903,1.4098902,2.31989,3.99989,-1.1901098,-2.75011,-2.27011,-0.99010986,-1.0501099,5.2498903,4.21989,2.1598902,3.4098902,-1.0701098,-0.69010985,3.72989,4.4998903,1.1198901,0.32989013,-0.61010987,0.14989014
1.6598902,-0.82010984,-1.9601098,-4.90011,-4.99011,-0.40010986,-2.1401098,0.56989014,1.5698901,0.87989014,0.32989013,0.45989013,-0.7201099,-4.2901096,4.8298903,4.40989,3.77989,5.06989,4.4598904,6.61989,5.54989,4.9598904,-3.49011,0.7898901,-1.1601099,-2.70011,-4.74011,-3.1701097,-0.89010984,3.5998902,4.54989,-0.62010986,-2.21011,-1.8101099,-0.44010985,-2.96011,-0.7301099,3.03989,4.2298903,0.18989013,0.45989013
2.72989,0.11989014,-3.74011,-5.57011,-4.90011,-3.25011,-0.30010986,0.33989012,-1.0701098,-0.33010986,0.92989016,-0.12010986,-1.3801099,-2.0501099,-1.1901098,3.27989,4.34989,3.9298902,4.85989,7.39989,7.7298903,5.50989,2.81989,-0.88010985,-0.95010984,-3.3201098,-2.44011,-3.0401099,-2.22011,4.75989,-0.060109865,1.3098902,2.9398901,2.9198902,0.16989014,-1.9901099,0.46989015,-0.62010986,-1.6101098,-1.1501099,-0.49010986
2.71989,2.0798903,0.23989014,-3.9201097,-5.31011,-5.51011,-5.89011,-5.12011,-2.9201097,-2.23011,-1.5801098,-0.18010986,-0.37010986,0.88989013,1.7698902,2.52989,4.08989,5.85989,7.38989,7.02989,6.9998903,4.90989,1.3198901,-0.5201099,0.7898901,-0.22010987,-0.76010984,-2.8001099,3.52989,2.49989,1.9698901,1.8598901,1.7898902,-0.57010984,2.4298902,8.27989,3.55989,4.71989,0.43989015,-1.4401098,-1.5601099
2.0998902,2.6298902,1.5698901,0.49989015,-0.12010986,-1.3201098,-1.8201098,-2.8101099,-2.8701098,-2.1101098,-0.95010984,0.11989014,1.3198901,2.8298903,5.39989,5.34989,4.46989,5.36989,6.79989,6.31989,6.18989,5.0598903,3.80989,1.5098901,0.059890136,2.1898901,2.56989,1.9498901,1.6098901,2.9098902,0.99989015,-0.93010986,-1.1301099,3.30989,-0.61010987,-1.6301099,-2.96011,-0.5201099,1.4098902,0.30989015,1.7398901
2.1298902,2.72989,1.5798901,0.43989015,-0.74010986,-1.6401099,-2.53011,-3.21011,-2.7901099,-2.8201098,-1.2701099,0.019890137,1.6398902,4.14989,6.8098903,8.31989,9.02989,9.01989,7.88989,7.8098903,6.12989,4.04989,2.96989,1.9698901,1.7698902,3.3498902,6.83989,2.6998901,-0.32010987,1.4098902,0.10989013,1.3798901,1.2098901,-0.64010984,0.92989016,0.15989013,-0.61010987,1.3498901,-1.5801098,0.57989013,-2.27011
2.26989,3.22989,1.5898901,0.43989015,-0.32010987,-2.0501099,-3.25011,-4.34011,-4.16011,-3.6501098,-2.95011,-1.1501099,0.38989013,4.65989,9.16989,12.02989,12.67989,12.10989,11.39989,10.02989,7.94989,5.58989,4.13989,2.6098902,1.8598901,4.40989,4.77989,9.72989,5.10989,2.6598902,4.42989,4.68989,5.02989,3.75989,5.91989,3.50989,-1.7301098,0.5298901,1.8798901,1.4298902,-0.5201099
3.1798902,3.3598902,1.6998901,0.45989013,-1.0401099,-2.26011,-4.63011,-5.33011,-5.72011,-5.81011,-5.4201097,-6.0401096,-4.65011,-1.5801098,7.44989,15.509891,15.88989,15.32989,13.28989,10.14989,8.41989,6.36989,3.3698902,1.5998901,1.7798902,8.3398905,7.69989,4.88989,3.4198902,3.6398902,5.16989,4.88989,3.9198902,4.60989,3.1098902,1.1698902,1.1498902,-2.27011,-0.27010986,3.52989,3.3698902
3.74989,3.3998902,1.5698901,-0.020109864,-0.89010984,-2.77011,-5.09011,-6.20011,-6.7901096,-8.79011,-7.91011,-6.28011,-6.22011,-7.06011,1.6698902,14.90989,16.08989,14.66989,13.57989,11.77989,8.68989,5.60989,4.3098903,2.81989,0.43989015,5.2498903,6.4598904,5.21989,5.2898903,3.77989,4.11989,4.13989,3.8398902,4.7698903,4.54989,1.5698901,1.1998901,2.9498901,1.9198902,2.03989,0.5998901
3.3898902,3.28989,2.3998902,0.36989012,-1.4401098,-3.24011,-5.60011,-7.03011,-8.93011,-10.11011,-8.71011,-9.38011,-2.5401099,-2.53011,0.98989016,6.42989,10.69989,11.99989,10.52989,9.219891,8.60989,6.13989,2.74989,2.6398902,5.0798903,5.4798903,4.96989,6.19989,4.58989,3.6898901,3.53989,3.8498902,2.9498901,3.3298903,2.4198902,1.1298901,1.2498901,2.77989,2.48989,2.1198902,0.5998901
3.6998901,3.81989,2.75989,1.1098901,-0.75010985,-1.6901098,-4.0401096,-7.01011,-10.35011,-9.61011,-4.68011,-4.56011,-8.530109,2.3998902,4.0198903,6.81989,7.79989,7.36989,7.9798903,6.43989,6.38989,5.27989,4.04989,5.4798903,5.25989,4.7098904,3.4398901,2.54989,3.31989,3.52989,3.1198902,3.06989,2.1298902,1.4698901,2.3398902,2.6198902,1.8598901,1.0698901,1.8398901,0.87989014,0.57989013
4.4998903,4.39989,3.8598902,2.24989,0.059890136,-1.5401099,-2.28011,-5.33011,-6.6701097,-8.90011,-4.14011,-2.50011,-7.49011,-8.43011,-6.85011,1.3398901,7.08989,6.7898903,7.89989,7.48989,6.52989,5.54989,3.6898901,2.5898902,3.02989,2.5898902,2.6198902,3.71989,3.26989,3.1898901,3.1398902,2.8998902,2.9098902,2.8898902,1.8298901,2.00989,1.1198901,0.22989014,-0.04010986,0.42989013,0.04989014
3.7098901,4.0198903,5.89989,2.48989,0.54989016,-0.82010984,-1.8701099,-3.6401098,-4.9601097,-5.60011,-3.94011,-5.30011,-1.7601099,-5.2301097,-8.44011,-6.58011,-4.72011,-1.9401098,1.2598901,2.3998902,3.6798902,3.04989,3.6098902,3.9098902,3.51989,3.3598902,3.6898901,3.26989,3.3598902,2.9198902,4.35989,3.22989,2.23989,1.9998901,1.8398901,1.6098901,0.85989016,1.1598902,1.3098902,0.10989013,-0.28010985
