wind_kz.json
{"header": {"discipline":0,"disciplineName":"Meteorological products","gribEdition":2,"gribLength":871,"center":7,"centerName":"US National Weather Service - NCEP(WMC)","subcenter":0,"refTime":"2024-01-31T06:00:00.000Z","significanceOfRT":1,"significanceOfRTName":"Start of forecast","productStatus":0,"productStatusName":"Operational products","productType":1,"productTypeName":"Forecast products","productDefinitionTemplate":0,"productDefinitionTemplateName":"Analysis/forecast at horizontal level/layer at a point in time","parameterCategory":0,"parameterCategoryName":"UnknownDiscipline_0_Category_0","parameterNumber":0,"parameterNumberName":"UnknownParameter_D0_C0_0","parameterUnit":"Unknown","genProcessType":2,"genProcessTypeName":"Forecast","forecastTime":0,"surface1Type":1,"surface1TypeName":"Ground or water surface","surface1Value":0.0,"surface2Type":255,"surface2TypeName":"Missing","surface2Value":0.0,"gridDefinitionTemplate":0,"gridDefinitionTemplateName":"Latitude_Longitude","numberPoints":615,"shape":6,"shapeName":"Earth spherical with radius of 6,371,229.0 m","gridUnits":"degrees","resolution":48,"winds":"true","scanMode":64,"nx":41,"ny":15,"basicAngle":0,"lo1":47.0,"la1":41.0,"lo2":87.0,"la2":55.0,"dx":1.0,"dy":1.0}, "data":
[rows 0 to 14 of 15, columns 0 to 40 of 41]
277.35855,268.85855,276.35855,280.35855,280.45856,282.05853,280.85855,280.25854,277.15854,277.35855,276.65854,276.35855,274.35855,275.45856,275.65854,276.05853,277.55853,278.25854,278.45856,277.35855,279.85855,281.15854,279.75854,276.75854,280.15854,279.15854,273.05853,263.75854,263.35855,261.55853,264.05853,261.75854,272.05853,277.65854,274.65854,277.05853,277.75854,277.45856,276.65854,274.55853,276.55853
257.95856,276.35855,280.15854,279.85855,280.35855,281.05853,275.35855,273.05853,275.65854,275.55853,275.95856,273.15854,274.25854,275.05853,272.95856,272.15854,276.25854,276.85855,277.25854,277.25854,276.95856,277.45856,273.35855,268.05853,258.45856,262.85855,268.55853,262.85855,263.45856,259.05853,267.25854,259.15854,273.95856,253.05855,261.85855,270.75854,276.25854,274.65854,273.15854,271.45856,271.55853
274.75854,278.65854,280.45856,280.45856,280.45856,274.25854,273.75854,273.15854,271.65854,271.45856,271.25854,271.65854,273.25854,273.35855,270.15854,269.45856,270.65854,270.45856,271.65854,272.45856,273.85855,274.25854,274.15854,267.25854,272.45856,271.35855,272.55853,272.75854,274.95856,267.55853,264.75854,267.95856,265.75854,266.05853,265.25854,268.85855,267.35855,262.35855,262.15854,264.85855,263.75854
271.95856,276.15854,278.35855,279.45856,277.85855,272.85855,272.85855,270.95856,271.85855,271.15854,270.55853,270.65854,281.25854,281.85855,270.85855,270.85855,270.75854,270.55853,270.65854,271.45856,271.75854,265.35855,272.95856,269.75854,270.55853,271.45856,272.05853,271.85855,272.35855,273.75854,273.35855,272.75854,277.85855,273.85855,272.65854,269.55853,266.85855,261.85855,268.85855,266.35855,266.45856
272.35855,271.85855,270.95856,270.75854,270.95856,271.95856,271.55853,271.55853,270.65854,269.85855,269.25854,269.65854,279.15854,279.15854,278.25854,271.85855,270.85855,271.65854,271.25854,269.15854,268.35855,269.25854,267.55853,267.15854,267.55853,270.05853,269.65854,270.75854,273.35855,274.25854,273.55853,274.25854,265.95856,262.05853,267.35855,265.45856,265.25854,265.25854,266.65854,265.55853,265.45856
271.25854,271.05853,269.15854,269.85855,269.95856,270.15854,272.65854,272.15854,271.25854,270.65854,268.95856,269.15854,277.45856,279.15854,271.95856,271.75854,269.85855,269.45856,267.85855,268.35855,266.05853,266.85855,266.95856,266.65854,267.45856,267.25854,269.25854,269.85855,270.95856,272.95856,272.85855,272.45856,272.45856,272.45856,272.45856,268.45856,267.95856,268.15854,263.85855,261.45856,262.15854
269.75854,270.25854,271.75854,271.45856,270.35855,272.15854,271.85855,270.15854,268.85855,268.25854,268.15854,267.55853,267.65854,267.65854,268.45856,268.75854,268.25854,267.65854,266.45856,264.75854,262.55853,262.35855,262.85855,265.05853,265.05853,265.75854,266.35855,269.15854,270.15854,269.55853,267.75854,268.85855,268.05853,269.45856,268.35855,269.15854,267.15854,267.35855,265.35855,265.45856,264.45856
270.45856,269.95856,269.65854,269.85855,271.45856,271.25854,268.65854,270.55853,269.85855,269.05853,267.05853,266.85855,267.05853,266.85855,268.05853,267.85855,267.45856,266.55853,264.95856,261.85855,261.95856,259.15854,259.75854,263.75854,265.95856,265.65854,265.45856,266.15854,263.95856,265.45856,263.95856,264.85855,263.35855,265.25854,268.35855,260.85855,259.95856,260.95856,261.95856,263.75854,263.25854
269.25854,268.65854,267.95856,267.65854,268.15854,269.15854,269.55853,267.85855,268.65854,266.65854,266.15854,265.15854,265.35855,267.25854,266.95856,267.15854,266.65854,265.85855,263.45856,260.35855,259.05853,260.05853,263.15854,264.95856,266.05853,266.75854,265.05853,264.35855,264.25854,264.85855,261.85855,260.85855,266.75854,267.55853,266.45856,261.45856,262.25854,262.25854,261.55853,263.05853,262.95856
264.55853,265.55853,265.25854,266.35855,266.95856,266.25854,271.05853,270.75854,270.65854,269.45856,266.85855,265.55853,266.55853,266.05853,266.15854,265.65854,264.95856,264.35855,262.95856,260.05853,257.85855,262.05853,265.75854,266.45856,267.05853,267.25854,266.95856,265.25854,264.05853,262.75854,266.85855,268.95856,269.05853,267.45856,264.85855,266.05853,266.15854,266.45856,267.25854,266.15854,261.35855
263.75854,264.05853,264.95856,265.65854,267.15854,270.65854,270.95856,271.65854,271.15854,270.85855,269.75854,266.05853,266.05853,265.75854,264.85855,264.25854,262.75854,262.35855,260.75854,255.95854,257.95856,261.25854,264.15854,265.95856,266.65854,266.45856,265.15854,266.15854,266.15854,268.35855,266.95856,267.15854,267.05853,267.05853,265.65854,265.65854,265.95856,266.95856,264.85855,265.95856,264.95856
260.75854,261.45856,263.15854,262.85855,266.95856,270.35855,270.75854,270.45856,270.55853,270.55853,267.15854,266.85855,264.75854,264.45856,264.25854,262.05853,262.45856,261.85855,260.45856,258.15854,256.85855,260.25854,263.45856,265.35855,265.55853,265.45856,266.35855,266.35855,266.55853,266.05853,265.15854,264.95856,266.55853,265.25854,265.95856,265.95856,265.85855,266.65854,268.55853,267.75854,267.75854
263.75854,260.55853,263.25854,265.05853,267.05853,269.85855,269.35855,269.35855,269.55853,271.15854,266.15854,264.45856,263.75854,265.25854,263.45856,262.45856,260.85855,260.45856,259.55853,256.35855,256.05853,259.05853,262.35855,261.95856,264.05853,263.85855,262.75854,259.95856,261.05853,261.75854,261.05853,261.15854,261.15854,262.45856,262.75854,263.15854,262.25854,264.95856,264.35855,261.85855,266.75854
262.25854,261.55853,263.75854,263.55853,265.65854,267.65854,269.55853,269.75854,271.15854,271.15854,267.95856,263.15854,262.65854,265.05853,264.25854,261.15854,260.45856,260.05853,258.35855,256.45856,255.85855,256.55853,255.95854,258.25854,258.85855,259.95856,259.45856,259.05853,260.35855,260.15854,259.75854,259.05853,259.45856,259.35855,258.35855,259.35855,261.65854,260.85855,260.95856,265.95856,260.25854
260.25854,262.85855,263.65854,263.45856,265.15854,267.45856,268.25854,269.85855,270.75854,271.25854,268.05853,267.45856,266.15854,264.55853,266.55853,263.75854,261.55853,260.65854,259.25854,257.55853,255.35855,255.55855,255.65854,256.65854,256.45856,257.55853,258.25854,258.35855,258.05853,258.55853,256.95856,256.85855,257.05853,258.35855,259.95856,259.15854,260.75854,262.85855,258.75854,258.95856,262.95856
