wind_kz.json
{"header": {"discipline":0,"disciplineName":"Meteorological products","gribEdition":2,"gribLength":871,"center":7,"centerName":"US National Weather Service - NCEP(WMC)","subcenter":0,"refTime":"2023-08-19T00:00:00.000Z","significanceOfRT":1,"significanceOfRTName":"Start of forecast","productStatus":0,"productStatusName":"Operational products","productType":1,"productTypeName":"Forecast products","productDefinitionTemplate":0,"productDefinitionTemplateName":"Analysis/forecast at horizontal level/layer at a point in time","parameterCategory":0,"parameterCategoryName":"UnknownDiscipline_0_Category_0","parameterNumber":0,"parameterNumberName":"UnknownParameter_D0_C0_0","parameterUnit":"Unknown","genProcessType":2,"genProcessTypeName":"Forecast","forecastTime":180,"surface1Type":1,"surface1TypeName":"Ground or water surface","surface1Value":0.0,"surface2Type":255,"surface2TypeName":"Missing","surface2Value":0.0,"gridDefinitionTemplate":0,"gridDefinitionTemplateName":"Latitude_Longitude","numberPoints":615,"shape":6,"shapeName":"Earth spherical with radius of 6,371,229.0 m","gridUnits":"degrees","resolution":48,"winds":"true","scanMode":64,"nx":41,"ny":15,"basicAngle":0,"lo1":47.0,"la1":41.0,"lo2":87.0,"la2":55.0,"dx":1.0,"dy":1.0}, "data":
[rows 0 to 14 of 15, columns 0 to 40 of 41]
309.30615,293.90616,305.10614,299.00616,298.60614,297.30615,307.00616,317.00616,314.30615,313.50616,312.00616,311.60614,310.80615,311.10614,310.70615,309.70615,309.40616,309.20615,310.60614,307.70615,311.10614,306.80615,304.50616,301.60614,307.10614,310.40616,307.80615,292.80615,291.40616,289.10614,290.10614,289.90616,299.70615,308.10614,310.10614,309.00616,304.00616,305.70615,306.50616,307.40616,306.00616
291.50616,303.80615,298.90616,299.20615,299.00616,297.40616,316.60614,312.70615,310.80615,310.90616,312.40616,311.60614,309.40616,306.60614,307.20615,307.50616,307.60614,308.80615,307.80615,308.10614,304.40616,305.80615,304.50616,289.00616,282.20615,289.60614,300.80615,292.30615,295.50616,286.90616,291.60614,284.50616,293.40616,267.70615,284.50616,304.00616,303.60614,304.80615,308.20615,299.90616,286.10614
306.70615,299.00616,299.50616,299.40616,298.10614,310.90616,311.80615,310.70615,310.20615,309.60614,309.70615,310.80615,306.60614,305.40616,306.10614,306.20615,305.80615,304.70615,304.90616,305.80615,307.30615,304.60614,304.20615,298.20615,303.50616,298.30615,298.40616,299.10614,298.80615,288.60614,282.70615,289.20615,298.70615,298.50616,300.40616,298.60614,288.50616,289.00616,290.70615,285.30615,284.10614
306.80615,299.40616,299.30615,299.30615,300.00616,312.60614,310.80615,311.00616,311.20615,309.90616,309.20615,309.00616,295.90616,295.30615,304.60614,304.20615,304.70615,304.30615,304.30615,304.50616,302.70615,300.80615,305.00616,303.90616,305.60614,303.10614,300.00616,294.00616,296.70615,300.40616,305.70615,303.70615,312.20615,312.10614,310.50616,304.80615,291.20615,287.80615,292.50616,303.70615,307.20615
310.10614,299.20615,299.10614,299.20615,303.70615,310.30615,310.40616,312.80615,309.80615,308.80615,308.70615,306.50616,296.00616,294.60614,292.00616,304.10614,304.40616,301.30615,300.90616,302.40616,303.40616,304.20615,303.30615,303.90616,303.90616,303.80615,298.60614,298.60614,295.70615,297.60614,305.10614,304.90616,292.40616,283.40616,297.80615,307.30615,306.20615,312.80615,311.90616,310.50616,309.90616
312.00616,306.90616,297.70615,298.20615,298.60614,298.40616,310.70615,310.50616,309.00616,307.90616,307.00616,306.30615,296.50616,295.60614,298.60614,301.50616,303.00616,302.40616,301.50616,301.30615,301.50616,300.80615,302.00616,302.60614,303.10614,301.90616,305.20615,293.90616,301.10614,301.50616,302.50616,306.10614,304.90616,305.30615,304.60614,302.00616,301.30615,302.30615,310.70615,311.00616,309.60614
312.90616,311.00616,312.90616,312.90616,307.80615,308.50616,311.50616,308.50616,307.10614,305.60614,305.50616,304.60614,304.10614,303.00616,302.80615,303.40616,302.60614,301.90616,300.10614,295.00616,294.70615,296.70615,295.70615,300.60614,299.30615,301.00616,302.20615,303.60614,297.60614,300.70615,300.60614,303.50616,307.60614,305.40616,306.30615,308.40616,302.20615,298.00616,295.30615,292.90616,305.10614
312.60614,311.70615,311.10614,309.60614,309.90616,309.30615,308.70615,306.00616,304.30615,303.20615,303.20615,302.70615,301.30615,300.30615,299.20615,295.90616,300.50616,301.10614,299.30615,290.40616,290.20615,291.70615,293.00616,292.70615,295.30615,296.10614,295.90616,296.70615,292.80615,293.70615,295.50616,297.40616,300.10614,298.30615,301.60614,305.00616,308.10614,291.30615,308.70615,307.40616,304.00616
308.90616,308.20615,308.10614,306.80615,306.70615,306.00616,304.80615,303.90616,302.70615,301.20615,300.00616,300.30615,297.90616,296.60614,294.80615,300.50616,299.00616,298.10614,296.50616,294.40616,284.90616,287.10614,289.90616,293.10614,291.80615,295.50616,295.30615,293.50616,291.80615,291.80615,294.90616,295.30615,296.20615,298.40616,302.30615,299.30615,303.20615,303.50616,290.60614,289.90616,289.70615
305.70615,304.40616,302.90616,302.50616,304.20615,304.20615,302.50616,300.50616,294.60614,296.70615,294.80615,292.60614,292.70615,292.10614,292.10614,292.10614,293.80615,296.40616,296.20615,288.70615,285.30615,285.90616,286.90616,289.40616,292.50616,293.60614,296.30615,297.40616,295.90616,295.40616,295.80615,297.50616,298.30615,297.10614,300.10614,299.50616,297.20615,295.60614,295.20615,291.90616,289.90616
300.80615,301.10614,301.50616,302.30615,301.50616,300.10614,296.00616,293.70615,291.90616,290.50616,289.50616,293.10614,291.10614,291.40616,290.60614,290.20615,290.90616,292.80615,294.60614,289.20615,290.30615,284.80615,286.10614,288.20615,292.00616,293.20615,295.60614,298.40616,299.20615,301.00616,298.50616,297.80615,295.90616,299.40616,298.50616,297.70615,293.00616,293.50616,294.50616,293.70615,290.90616
298.20615,302.10614,301.90616,302.10614,298.60614,295.90616,291.50616,292.10614,289.90616,290.20615,291.00616,288.20615,291.40616,292.10614,289.70615,290.70615,289.00616,290.80615,291.40616,287.90616,286.10614,282.50616,283.40616,286.60614,288.80615,292.30615,298.50616,299.60614,301.60614,296.60614,298.60614,295.90616,294.80615,299.40616,299.30615,298.00616,296.70615,297.00616,298.20615,298.90616,297.60614
294.80615,299.10614,300.50616,299.90616,296.10614,291.20615,291.00616,289.80615,290.80615,292.70615,284.40616,287.40616,289.50616,286.60614,289.10614,291.10614,290.50616,290.10614,292.10614,288.50616,287.80615,281.70615,281.80615,282.10614,284.60614,288.60614,292.50616,297.40616,297.40616,297.70615,295.80615,290.90616,298.50616,301.50616,299.60614,296.70615,295.90616,297.60614,298.10614,298.40616,297.60614
296.40616,297.80615,294.90616,296.40616,292.00616,291.70615,290.20615,287.40616,289.00616,289.20615,285.90616,283.80615,285.10614,288.30615,287.60614,289.40616,289.50616,290.90616,290.80615,288.40616,288.00616,288.60614,284.50616,283.40616,283.40616,284.60614,285.50616,287.20615,291.10614,296.70615,292.70615,292.10614,299.20615,299.10614,297.50616,297.00616,295.90616,296.60614,294.00616,297.10614,297.50616
293.70615,296.80615,291.30615,292.70615,294.10614,290.50616,289.20615,292.60614,286.50616,287.80615,283.40616,282.20615,280.60614,282.60614,286.60614,287.30615,288.70615,290.30615,289.40616,288.10614,291.60614,288.40616,289.40616,285.00616,284.50616,283.40616,283.40616,286.30615,290.00616,292.70615,292.90616,290.80615,296.20615,296.40616,297.70615,297.60614,295.90616,295.70615,298.40616,298.90616,297.60614
