wind_kz.json
{"header": {"discipline":0,"disciplineName":"Meteorological products","gribEdition":2,"gribLength":1102,"center":7,"centerName":"US National Weather Service - NCEP(WMC)","subcenter":0,"refTime":"2023-08-25T00:00:00.000Z","significanceOfRT":1,"significanceOfRTName":"Start of forecast","productStatus":0,"productStatusName":"Operational products","productType":1,"productTypeName":"Forecast products","productDefinitionTemplate":0,"productDefinitionTemplateName":"Analysis/forecast at horizontal level/layer at a point in time","parameterCategory":2,"parameterCategoryName":"UnknownDiscipline_0_Category_2","parameterNumber":2,"parameterNumberName":"UnknownParameter_D0_C2_2","parameterUnit":"Unknown","genProcessType":2,"genProcessTypeName":"Forecast","forecastTime":300,"surface1Type":103,"surface1TypeName":"Specified height level above ground","surface1Value":10.0,"surface2Type":255,"surface2TypeName":"Missing","surface2Value":0.0,"gridDefinitionTemplate":0,"gridDefinitionTemplateName":"Latitude_Longitude","numberPoints":615,"shape":6,"shapeName":"Earth spherical with radius of 6,371,229.0 m","gridUnits":"degrees","resolution":48,"winds":"true","scanMode":64,"nx":41,"ny":15,"basicAngle":0,"lo1":47.0,"la1":41.0,"lo2":87.0,"la2":55.0,"dx":1.0,"dy":1.0}, "data":
[rows 0 to 14 of 15, columns 0 to 40 of 41]
1.1320263,1.3220264,-2.7479737,-2.7379737,-4.847974,-6.2279735,-8.9579735,-9.1679735,-8.537973,-6.0679736,-4.3379736,-3.2179737,-1.7579737,-1.3979737,-1.9879737,-4.3979735,-4.1979737,-5.2979736,-4.9779735,-3.7979736,-1.8079736,0.6720264,2.3820264,6.0020266,5.842026,3.6320264,3.7820263,5.7820263,4.672026,4.5620265,3.4820263,1.3120264,0.20202637,1.7720264,4.652026,3.7420263,3.9020264,3.5220263,2.0020263,2.2220263,1.9820263
0.73202634,-4.1279736,-5.3379736,-5.1679735,-5.2279735,-3.6179736,-7.6879735,-7.5179734,-6.8379736,-5.5879736,-4.8379736,-4.827974,-4.7579737,-5.4479737,-5.2079735,-5.347974,-4.9279737,-3.7979736,-2.8579736,-1.8179736,-0.27797362,1.6220263,-0.60797364,1.7020264,2.7520263,-0.32797363,1.2520263,3.7620263,6.2120266,3.4420264,4.2820263,6.5420265,0.70202637,-0.057973634,0.7520264,1.7220263,2.0920265,2.2420263,4.2920265,2.4020264,3.4920263
-6.9479737,-7.4879737,-7.347974,-5.6779737,-3.2479737,-5.407974,-5.5379734,-5.307974,-6.4379735,-6.4879737,-6.8179736,-6.5479736,-7.2979736,-6.5479736,-6.3379736,-5.7079735,-5.137974,-4.1679735,-3.7379737,-3.0479736,-1.4979737,-7.9179735,-4.347974,-5.7879734,-0.21797363,1.0020263,1.8820263,2.0220263,3.5720263,-0.15797363,0.83202636,-1.5479736,-1.0179737,2.0320263,0.27202636,-3.4379737,2.2820263,-2.3679736,8.872026,0.33202636,-2.2279737
-10.7079735,-10.797974,-7.6079736,-5.6279736,-5.347974,-5.057974,-3.8479736,-4.827974,-5.6779737,-6.367974,-7.887974,-7.057974,-5.7079735,-4.6479735,-4.5179734,-4.6879735,-3.8779736,-3.0979736,-3.5279737,-3.1979737,-3.8079736,-6.2379737,-1.6079736,-0.8079736,0.41202638,0.8820264,1.8820263,3.2820263,-0.6879736,2.0120263,3.2420263,5.382026,9.682026,10.442026,8.812026,5.402026,2.4020264,1.5820264,-1.8079736,-0.64797366,-0.71797365
-12.097974,-12.007974,-10.787973,-9.247973,-6.0679736,-5.6679735,-5.367974,-4.3379736,-4.4979734,-4.9279737,-8.387974,-7.2479734,-7.137974,-5.3779736,0.64202636,-3.1279736,-2.3179736,-1.2179736,0.28202638,-0.28797364,-0.29797363,-1.9779736,-2.1579735,-0.8079736,0.47202638,1.2420263,1.4720263,-1.7879736,2.6720264,4.9320264,3.9620264,4.7020264,3.7920263,3.3020263,-2.8079736,-2.3479736,11.242026,-3.3479736,-2.2679737,-1.7479737,-3.6279736
-9.4179735,-9.117973,-9.237973,-8.077973,-6.617974,-3.7879736,-6.637974,-6.5279737,-6.2079735,-5.6279736,-5.6979737,-5.827974,-6.2079735,-5.2179737,-3.2379737,-1.2079736,0.05202637,0.65202636,1.5320264,2.8720264,3.4320264,1.4620264,0.35202637,-0.017973633,1.3420264,1.7820264,2.0820265,-1.6779736,2.2820263,3.4820263,3.6020265,5.8220263,7.5620265,7.9320264,6.7720265,0.40202636,5.4120264,7.652026,10.882027,4.172026,-5.7979736
-7.407974,-6.827974,-6.4179735,-6.1779737,-3.7279737,-5.657974,-6.5679736,-6.4479737,-6.4179735,-6.137974,-5.5379734,-4.8179736,-3.4879737,-3.9679737,-3.1479735,-2.5879736,-1.6979736,-1.0879736,0.072026365,1.2420263,-2.7379737,-4.7179737,0.79202634,0.72202635,-1.0179737,1.5320264,1.7620263,0.24202637,3.2720263,-0.77797365,1.6320263,2.2420263,1.2020264,4.4720263,7.112026,6.692026,5.0020266,3.0920265,4.3720264,1.4120264,3.2220263
-5.9679737,-5.407974,-4.9779735,-4.2179737,-3.7479737,-3.5779736,-5.3979735,-5.8179736,-5.6279736,-5.5079737,-4.4379735,-3.7779737,-3.2279737,-3.3379736,-3.6779737,-3.2679737,-2.8379736,-2.3279736,-1.6879736,-0.89797366,-2.2079737,-0.98797363,-0.8879736,0.30202636,1.7820264,-0.8879736,0.42202637,0.28202638,0.38202637,0.8720264,3.5820265,1.3320264,0.9920264,1.5520264,2.2520263,6.1220264,7.4620266,1.4720263,6.342026,-0.35797364,0.6920264
-5.2879734,-4.9279737,-4.5479736,-4.0179734,-3.8179736,-3.7479737,-4.4879737,-5.3779736,-4.9679737,-4.3979735,-3.7579737,-3.9679737,-3.5479736,-2.5979736,-2.0879736,-1.9279736,-1.7979736,-1.6779736,-1.2179736,-3.7279737,-0.48797363,-0.5779736,-0.47797364,0.64202636,1.9120264,2.1920264,1.5320264,-0.16797364,2.1720264,2.2320263,3.3620265,2.8620265,6.092026,4.0620265,4.0220265,4.2820263,4.112026,2.9320264,3.9020264,0.5720264,-1.3679737
-5.557974,-5.2379737,-4.9179735,-4.7079735,-4.4179735,-4.8179736,-5.2179737,-4.6279736,-3.9479737,-3.7179737,-3.3679736,-3.1879737,-2.3979735,-1.7879736,-2.0679736,-1.8279736,-2.1279736,-0.9479736,-0.9979736,-1.0779736,-1.8579736,0.60202634,0.60202634,1.5620264,2.2420263,2.1020265,0.0020263672,1.6620264,2.2220263,3.1620264,2.9020264,5.5520263,6.5820265,5.5820265,4.092026,5.5520263,3.5420263,3.1020265,1.7720264,2.1520264,1.3220264
-5.4779735,-5.6479735,-5.597974,-5.7179737,-5.7679734,-5.077974,-3.9479737,-3.0979736,-2.8179736,-2.2879736,-1.9879737,-2.0579736,-1.0379736,-1.5379736,-0.9379736,-1.7779737,0.32202637,0.15202637,-2.2179737,-0.95797366,-0.72797364,-0.33797362,0.44202638,0.19202636,2.9620264,2.5420263,1.6820264,1.7320263,1.6320263,4.5220265,3.9520264,3.8120263,4.9820266,4.6220264,5.0120263,5.2620263,1.4920263,1.6420264,1.5120263,1.3720263,1.1220263
-4.7579737,-4.9779735,-5.4579735,-5.637974,-5.5379734,-4.907974,-4.117974,-2.9179735,-1.4079736,0.5520264,2.2020264,-2.0579736,0.49202636,-0.36797363,-0.39797363,-0.8179736,-0.34797364,-0.15797363,0.91202635,0.19202636,1.0720264,0.30202636,1.8220264,2.4520264,2.5820265,1.5820264,1.8220264,3.1920264,2.7620263,4.9120264,4.442026,3.7320263,2.7320263,2.8320265,2.1320264,3.1720264,4.362026,5.2720265,4.2820263,4.5520263,0.5020264
-3.0779736,-4.0379734,-3.6879737,-3.5579736,-2.9379737,-2.3379736,-2.9779737,-2.1979737,-2.6079736,-0.72797364,-0.107973635,2.0120263,-0.28797364,0.102026366,0.76202637,1.0020263,1.0520264,1.5620264,2.0320263,1.0920264,0.23202637,1.4220264,3.0620263,4.0720263,3.8620265,3.9720263,3.6320264,3.8720264,2.0220263,1.5520264,3.1420264,2.8320265,3.3820264,1.2120264,2.8320265,3.3620265,3.2220263,3.1520264,5.2920265,6.3520265,4.672026
-1.8679737,-2.0879736,-1.1279737,-1.4579736,-0.89797366,-0.7479736,-1.1279737,-1.0779736,0.22202636,-0.26797363,0.9420264,2.7620263,0.6920264,-0.067973636,1.3520263,2.3720264,2.8920264,1.8620263,1.2120264,0.78202635,1.4820263,0.95202637,2.0320263,3.4320264,2.4020264,1.8920264,2.4420264,2.2720263,0.47202638,1.7520263,1.9320264,2.3120263,2.8720264,1.3420264,1.7520263,1.0320264,3.7320263,4.862026,6.2020264,5.9320264,6.112026
0.71202636,0.6320264,0.6820264,2.2620263,2.4220264,1.7420263,1.7720264,2.3320265,2.1320264,1.7320263,1.4520264,3.2420263,2.6420264,3.3120263,2.7320263,2.4120264,3.4220264,2.1120265,3.3820264,2.2920263,0.6920264,2.1620264,1.3420264,1.4520264,2.0920265,2.6020265,1.8620263,2.2020264,1.3320264,1.8820263,0.9220264,2.0620263,0.76202637,0.53202635,2.1920264,-0.52797365,2.5520263,4.9920263,7.3020263,4.8920264,3.5820265
