wind_kz.json
{"header": {"discipline":0,"disciplineName":"Meteorological products","gribEdition":2,"gribLength":1025,"center":7,"centerName":"US National Weather Service - NCEP(WMC)","subcenter":0,"refTime":"2023-08-21T12:00:00.000Z","significanceOfRT":1,"significanceOfRTName":"Start of forecast","productStatus":0,"productStatusName":"Operational products","productType":1,"productTypeName":"Forecast products","productDefinitionTemplate":0,"productDefinitionTemplateName":"Analysis/forecast at horizontal level/layer at a point in time","parameterCategory":2,"parameterCategoryName":"UnknownDiscipline_0_Category_2","parameterNumber":3,"parameterNumberName":"UnknownParameter_D0_C2_3","parameterUnit":"Unknown","genProcessType":2,"genProcessTypeName":"Forecast","forecastTime":300,"surface1Type":103,"surface1TypeName":"Specified height level above ground","surface1Value":10.0,"surface2Type":255,"surface2TypeName":"Missing","surface2Value":0.0,"gridDefinitionTemplate":0,"gridDefinitionTemplateName":"Latitude_Longitude","numberPoints":615,"shape":6,"shapeName":"Earth spherical with radius of 6,371,229.0 m","gridUnits":"degrees","resolution":48,"winds":"true","scanMode":64,"nx":41,"ny":15,"basicAngle":0,"lo1":47.0,"la1":41.0,"lo2":87.0,"la2":55.0,"dx":1.0,"dy":1.0}, "data":
[rows 0 to 14 of 15, columns 0 to 40 of 41]
0.053256836,-2.1967432,2.1832569,-1.1467432,1.6132568,1.0232568,0.113256834,-0.106743164,-0.54674315,0.46325684,-0.37674317,0.71325684,1.9132569,0.17325683,-2.2767432,-2.7967432,-2.376743,-2.0067432,-1.6167432,-1.1867431,-1.5167432,-1.4967432,0.52325684,-0.13674316,-0.47674316,0.12325683,-1.3467431,1.3332568,0.24325684,0.82325685,-1.4467431,-2.086743,0.49325684,-1.6667432,1.1932569,1.3632568,2.2932568,2.7032568,2.0232568,2.6732569,3.5332568
3.2232568,0.013256836,2.2032568,1.2032568,2.8132567,2.0732567,-0.056743164,1.6232568,2.0032568,2.2832568,-0.026743164,1.7932569,2.6732569,1.8032569,-0.15674317,-1.6367432,-0.9567432,-1.1267432,-2.876743,-2.626743,-2.8167431,-2.106743,2.0232568,1.9332569,0.37325683,1.0232568,-1.7067431,2.113257,0.003256836,2.363257,3.633257,4.053257,0.62325686,-0.8267432,-1.4067432,-1.0567431,-0.5867432,-1.6967431,-0.27674317,-1.9567431,0.87325686
0.31325683,1.7032568,-1.2467432,-1.1767431,0.77325684,2.4532568,1.8032569,0.93325686,1.1632569,0.40325683,0.90325683,2.0832567,2.2432568,2.0432568,1.4532568,0.63325685,-0.11674316,-1.7267432,-2.4167433,-2.6667433,-3.2167432,-1.9767432,0.95325685,0.59325683,0.10325684,0.08325683,0.76325685,0.88325685,0.053256836,1.9432569,2.8332567,1.3532568,2.653257,-1.0467432,-0.91674316,2.3232567,1.3032569,-1.1067432,-0.27674317,0.043256834,-0.27674317
1.2032568,1.0832568,0.033256836,-1.6967431,-3.4867432,-2.386743,-2.1967432,-2.876743,-2.836743,-2.1767433,-2.0667431,-0.5067432,1.9132569,3.5332568,1.8932568,1.1332568,-0.19674316,-0.79674315,-1.7167431,-1.1167432,-1.5367432,-0.81674314,-0.26674315,-0.40674317,-1.0167432,-1.0167432,-0.91674316,2.413257,2.633257,1.2132568,2.133257,-0.61674315,-1.4267431,0.21325684,-0.90674317,-2.366743,-0.48674315,1.6532569,0.6132568,0.76325685,0.6632568
-2.0067432,-2.4867432,-2.1967432,-2.126743,-2.106743,-2.3267431,-2.9667432,-2.2967432,-3.4667432,-3.9667432,-4.256743,-2.6767433,-3.366743,1.1432568,2.3332567,0.6132568,0.10325684,-2.106743,-2.7367432,-1.4467431,1.3732568,-0.84674317,-0.0067431643,-0.34674317,-0.93674314,-1.7267432,-0.7567432,-0.62674314,-1.7767432,-0.38674316,2.0632567,1.7632568,2.5832567,2.623257,-0.27674317,-0.55674314,-0.32674316,-0.056743164,0.6032568,1.7032568,0.26325685
-1.4067432,-1.3067431,-2.0267432,-2.2167432,-3.106743,-4.486743,-4.1667433,-4.696743,-4.516743,-4.426743,-5.266743,-4.236743,-4.386743,-4.036743,-2.1767433,0.19325684,0.18325683,-0.91674316,-0.7567432,-2.5667431,0.29325685,-2.5367432,-3.4867432,-2.616743,-0.08674316,-2.096743,-0.90674317,2.0732567,0.45325685,-0.31674317,-1.2467432,-1.0367432,1.3732568,1.7132568,2.2132568,1.9332569,1.4432569,0.49325684,1.8632568,0.5432568,1.2232568
-1.3367431,-1.5667431,-1.9167432,-2.1967432,-3.0767431,-3.3167431,-4.486743,-4.4367433,-4.766743,-5.026743,-4.926743,-3.406743,-4.6867433,-2.9567432,-3.356743,-2.626743,-1.9767432,-3.2867432,-2.616743,-3.7067432,-1.4967432,-2.1667433,-2.406743,-2.3167431,-1.5367432,-1.2867432,-3.4967432,-1.0867431,-0.72674316,-0.21674317,-0.33674318,-0.62674314,2.373257,2.343257,0.24325684,-0.9467432,-2.586743,1.2532568,0.18325683,-0.42674315,3.0532568
-1.3867432,-0.90674317,-0.62674314,-1.4267431,-2.0167432,-2.2567432,-2.866743,-4.0867434,-4.136743,-5.056743,-4.3767433,-3.7967432,-5.516743,-5.306743,-5.576743,-7.596743,-4.676743,-4.846743,-2.2167432,-2.2667432,-2.2167432,-2.616743,-3.336743,-4.196743,-2.4967432,-0.36674318,-0.67674315,-3.1867433,-0.14674316,-0.11674316,0.68325686,-0.046743166,2.4932568,2.093257,2.9732568,-0.45674315,-0.08674316,2.5832567,-2.1667433,0.41325682,-1.2367432
-0.74674314,-1.1167432,-0.15674317,1.1232568,-1.0067432,-2.4667432,-3.0167432,-3.0667431,-4.0467434,-3.606743,-3.116743,-2.1767433,-2.9367433,-3.1867433,-4.256743,-4.926743,-5.096743,-4.616743,-4.346743,-4.696743,-2.7467432,-3.2067432,-2.866743,-1.8267431,-0.26674315,-0.9567432,-1.1367432,-1.0667431,-1.3767432,-1.9167432,-2.0667431,-2.9967432,-3.116743,3.4632568,3.593257,3.3132567,-1.2867432,1.7932569,2.6932569,1.9732568,0.113256834
0.43325683,0.09325684,-1.0167432,-2.0067432,-1.8367431,-2.5367432,-3.4467432,-4.016743,-3.0467432,-3.386743,-2.7667432,-0.8267432,-2.2667432,-3.0667431,-3.4367433,-4.556743,-4.3567433,-5.226743,-4.246743,-3.7867432,-3.656743,-4.0667434,-2.656743,-3.106743,-2.7267432,-1.6467432,-0.5767432,-1.1267432,-0.24674316,0.49325684,0.16325684,-1.7167431,-4.346743,0.43325683,3.4332569,1.3432568,0.90325683,-2.2567432,0.90325683,4.3532567,3.373257
0.073256835,0.38325682,-0.65674317,-0.74674314,-2.2667432,-2.5567431,-2.9467432,-3.3267431,-3.116743,-2.7467432,-2.146743,-1.8867432,-2.5267432,-2.0267432,-2.0167432,-2.9867432,-2.886743,-2.8267431,-3.2867432,-4.0667434,-3.6967432,-2.7067432,-3.0267432,-2.4667432,-2.406743,-1.9167432,-0.8267432,-0.91674316,0.17325683,-0.90674317,-1.3267431,-2.0067432,-4.786743,1.3232569,3.6732569,1.5932568,1.2532568,2.9632568,2.143257,1.8932568,0.58325684
-0.90674317,-1.0267432,-0.87674314,-1.4167432,-0.81674314,-2.0667431,-2.856743,-3.2667432,-3.876743,-2.096743,-1.6567432,-2.626743,-2.626743,-2.4767432,-2.9667432,-3.336743,-3.3167431,-3.4967432,-2.9467432,-3.396743,-4.776743,-4.026743,-3.0067432,-2.5467432,-2.626743,-2.886743,-0.8967432,-1.4167432,0.15325683,0.09325684,-1.6767431,-2.2967432,-1.9767432,2.5332568,2.353257,2.4932568,1.9432569,3.1932569,2.623257,2.163257,0.63325685
0.58325684,0.033256836,-0.046743166,-0.60674316,-1.1867431,-1.1367432,-1.8267431,-2.6767433,-3.5767431,-2.7067432,-1.8767432,-1.3467431,-2.8167431,-2.876743,-4.1867433,-4.616743,-4.276743,-4.726743,-3.9967432,-1.7967432,-2.9167433,-3.3267431,-2.7467432,-3.0467432,-3.9567432,-2.906743,-2.1867433,-1.2867432,-0.22674316,0.6132568,-0.42674315,-0.93674314,-1.2467432,2.7732568,2.9432569,2.3332567,1.8232569,0.7932568,1.3532568,0.5432568,0.15325683
0.84325683,1.0732569,1.4832568,0.83325684,-0.13674316,-0.78674316,-1.7567432,-2.846743,-2.386743,-2.4367433,-1.2067431,-1.1267432,-1.9067432,-2.1767433,-2.7967432,-2.7367432,-3.3067431,-3.146743,-3.866743,-3.4967432,-3.0567431,-2.4867432,-3.2367432,-3.7967432,-3.7867432,-3.336743,-3.3267431,-1.9767432,-0.79674315,0.08325683,1.4832568,1.2932569,1.2632568,3.7532568,2.2232568,2.4332569,1.3532568,0.37325683,-0.026743164,0.31325683,-0.046743166
1.1732569,1.5432569,1.7332568,0.88325685,-1.1567432,-1.3567432,-0.87674314,-1.0467432,-2.2167432,-2.386743,-1.4067432,-0.7667432,0.15325683,-0.86674315,-4.156743,-4.6067433,-4.4167433,-3.5667431,-3.136743,-3.7967432,-4.756743,-5.236743,-5.346743,-2.866743,-2.636743,-3.146743,-3.146743,-2.7567432,-1.9867432,-2.2667432,2.2132568,3.4632568,2.383257,2.903257,2.623257,3.093257,2.0432568,1.9732568,1.6232568,0.9832568,-0.056743164
