wind_kz.json
{"header": {"discipline":0,"disciplineName":"Meteorological products","gribEdition":2,"gribLength":1025,"center":7,"centerName":"US National Weather Service - NCEP(WMC)","subcenter":0,"refTime":"2023-08-25T18:00:00.000Z","significanceOfRT":1,"significanceOfRTName":"Start of forecast","productStatus":0,"productStatusName":"Operational products","productType":1,"productTypeName":"Forecast products","productDefinitionTemplate":0,"productDefinitionTemplateName":"Analysis/forecast at horizontal level/layer at a point in time","parameterCategory":2,"parameterCategoryName":"UnknownDiscipline_0_Category_2","parameterNumber":3,"parameterNumberName":"UnknownParameter_D0_C2_3","parameterUnit":"Unknown","genProcessType":2,"genProcessTypeName":"Forecast","forecastTime":120,"surface1Type":103,"surface1TypeName":"Specified height level above ground","surface1Value":10.0,"surface2Type":255,"surface2TypeName":"Missing","surface2Value":0.0,"gridDefinitionTemplate":0,"gridDefinitionTemplateName":"Latitude_Longitude","numberPoints":615,"shape":6,"shapeName":"Earth spherical with radius of 6,371,229.0 m","gridUnits":"degrees","resolution":48,"winds":"true","scanMode":64,"nx":41,"ny":15,"basicAngle":0,"lo1":47.0,"la1":41.0,"lo2":87.0,"la2":55.0,"dx":1.0,"dy":1.0}, "data":
[rows 0 to 14 of 15, columns 0 to 40 of 41]
5.5436816,-1.2463183,-0.9463184,-5.9963183,-6.9963183,-8.166318,-4.7363186,-5.9763184,-5.1263185,-6.136318,-8.106318,-4.4363184,-6.406318,-8.016318,-8.896318,-8.776319,-8.396318,-6.3263183,-11.846318,1.5936817,3.5236816,-0.14631836,-0.73631835,-1.3063184,-2.8263183,1.0136817,-0.11631836,1.7536817,0.84368163,4.073682,1.0236816,-2.1363184,1.4836817,0.53368163,-2.3363183,-1.3563184,0.75368166,3.5336816,2.6936817,0.7936816,0.07368164
2.9136817,1.0536816,-1.6363183,-5.3263183,-6.5063186,-7.426318,-4.466318,-4.616318,-3.4963183,-3.9963183,-4.0363183,-4.6663184,-5.636318,-6.656318,-8.596318,-9.096318,-7.1663184,-8.006318,-9.836318,-8.336318,-6.9863186,4.783682,2.5236816,2.7636817,0.47368163,1.0136817,-0.50631833,2.3036816,-0.9563184,0.78368163,4.1936817,5.093682,0.23368163,-0.8863184,-1.6263183,-1.8563184,-1.6663184,-3.1063185,-0.37631837,-1.7163184,0.41368163
1.8836817,2.9136817,-1.7963184,-4.9863186,-7.196318,-2.9763184,-5.2263184,-2.9463184,-3.9163184,-4.4863186,-4.156318,-1.1863184,-2.6063185,-3.7363183,-6.5363183,-6.5963182,-5.176318,-3.7363183,-4.0863185,-6.696318,-8.836318,-1.1663184,-4.2963185,-1.5163183,-0.61631835,1.4536816,2.5536816,0.70368165,0.96368164,3.2136817,3.9836817,1.9136816,2.4336817,-1.0163183,0.04368164,3.7936816,3.3436816,0.23368163,0.70368165,-0.16631836,0.51368165
0.77368164,-0.056318358,-0.38631836,-4.5463185,-5.6463184,-3.9263184,-5.0663185,-4.5863185,-3.0263183,-3.4663184,-3.9763184,0.68368167,-1.2663183,-3.1763184,-3.7463183,-4.136318,-3.2663183,-2.9663184,-4.196318,-3.1763184,-5.9363184,-2.3363183,-3.1963184,-6.2063184,-7.7463183,-4.0963182,-0.09631836,-1.8663183,-0.86631835,-1.9263184,-0.86631835,-2.3563185,-1.3763183,0.88368165,-0.59631836,-4.886318,-1.8763183,1.8536817,0.99368167,1.3436817,1.8836817
1.7736816,2.3936815,1.5536816,1.8236816,0.37368163,-0.55631834,-1.4663184,-2.1563184,-2.4963183,-0.7063184,-1.4963183,-0.99631834,2.0636816,0.24368164,-1.3863183,-2.7463183,-5.4563184,-4.0663185,-1.9963183,-4.0063186,-4.8963184,-3.3763185,-4.5463185,-3.9963183,-6.446318,-9.666318,-2.2163184,0.52368164,0.16368164,-1.3763183,-0.22631836,-0.11631836,1.8536817,3.3636816,-1.0363183,-1.9963183,0.9136816,-1.0663184,-2.0363183,-3.1363184,-3.3763185
1.6136817,2.4036818,3.3736815,1.8936816,0.17368165,-2.4363184,-1.7863183,-1.1563183,-2.6863184,-1.1263183,-4.5663185,-5.4563184,-3.4463184,1.4836817,2.7536817,1.8636817,-0.66631836,-2.5563183,-3.7563183,-3.9463184,-2.5163183,-3.8563185,-5.0463185,-4.446318,-4.616318,-7.3763185,-8.036319,-1.1463183,2.4736817,1.1036817,3.0736816,0.90368164,-1.9163184,1.2536817,2.2836816,6.4336815,3.8236816,3.9236817,0.7936816,-2.1863184,-3.0963182
0.12368164,-2.1263185,-3.5963182,-3.4863183,-3.3263183,-2.6463184,-2.2463183,-1.5963184,-3.0863183,-4.3263183,-2.0263183,-3.8363183,-5.0763183,-5.0863185,-1.8963183,0.30368164,2.6636817,1.9336816,0.30368164,-2.4263184,-2.9763184,-2.2063184,-0.79631835,-3.8763185,-2.4863183,-5.6463184,-6.3963184,-1.3463184,2.3536816,3.3436816,3.0936816,1.9036816,-0.34631836,-1.3063184,-1.3363184,-1.1363183,-3.3263183,-0.33631837,1.0436816,-0.65631837,0.41368163
-2.3463182,-2.6463184,-2.4963183,-1.7963184,-1.8463184,-3.2163184,-1.6363183,-1.6963184,-0.53631836,-1.9763184,-0.62631834,0.12368164,0.33368164,-3.1463184,-4.0563183,-3.8463182,-1.2163184,-1.5463184,-3.0763183,2.6136816,0.10368164,-1.4163184,-2.8263183,1.1836816,-0.20631836,2.1636817,0.44368163,-5.0463185,3.0236816,3.9736817,2.7836816,2.9636817,1.2336817,1.1336817,2.5136817,1.0636816,0.52368164,1.7436817,-1.9963183,-0.49631837,-2.3563185
-2.9663184,-2.2663183,-2.0563183,-2.5763183,-1.8163184,-1.4863183,-1.9563184,-1.6763184,-1.0563184,-1.5863184,-1.7163184,-0.7763184,-0.80631834,0.88368165,0.9836816,0.6736816,-0.80631834,0.89368165,1.2136817,0.25368163,1.7436817,0.17368165,-0.37631837,-1.5963184,1.4936817,0.7936816,2.2236817,-1.0663184,-2.1763184,-0.6363184,4.053682,3.3836815,2.9636817,4.7336817,3.8336816,3.2136817,-1.7563183,1.2536817,1.2436817,0.88368165,-0.87631834
-2.3163183,-1.3663183,-2.2463183,-2.6263185,-0.48631835,-0.12631837,-1.6063184,-2.6963184,-2.3763185,-0.09631836,-0.47631836,-0.17631836,0.48368165,0.6636816,2.3236816,2.4336817,2.9836817,2.8936815,2.5336816,2.5336816,3.2736816,2.4936817,0.75368166,-1.5163183,-1.6963184,-0.84631836,-0.02631836,-1.1363183,0.21368164,-3.0163183,-1.2563183,3.1536818,3.7436817,3.0336816,2.5036817,1.4436816,0.63368165,-3.1763184,-0.62631834,2.5836816,1.7636817
-3.3863184,-3.5563183,-2.6963184,-3.0263183,-2.7963183,0.21368164,-0.26631835,0.96368164,0.48368165,-0.85631835,-0.8363184,-0.53631836,-1.1463183,1.7936816,0.64368165,2.4836817,4.113682,4.4436817,3.9036818,5.823682,5.2236814,4.303682,3.2236817,0.68368167,-0.73631835,1.5536816,0.9136816,0.7336816,-2.7963183,-1.4163184,-4.3063183,-1.1263183,3.5636816,1.4436816,1.6536816,0.63368165,0.63368165,2.9436817,1.1936816,1.3036816,0.02368164
-2.5563183,-3.3663185,-3.2363183,-2.9363184,-3.8663185,-3.4263184,-1.5163183,-0.86631835,-1.0963184,-0.91631836,-1.4963183,-1.9063183,-1.9563184,-0.09631836,1.1036817,1.3136816,2.8036816,3.4436817,5.033682,4.4736814,5.6536818,5.3336816,3.9336817,3.1936817,0.8036816,1.0736816,-0.06631836,3.8636816,-2.4163184,-2.4863183,-4.9363184,-2.9863183,3.7436817,1.6936816,1.1836816,0.22368164,1.3036816,3.1436815,2.6336815,2.0236816,0.89368165
-2.1463184,-1.9263184,-2.4963183,-2.8263183,-2.3763185,-1.3463184,-2.7763183,-2.4463184,-3.5563183,-1.9863183,-1.3163184,-2.0263183,-2.0363183,-0.49631837,0.44368163,-0.59631836,2.2536817,3.5236816,4.2636814,5.4136815,6.5636816,7.4636817,3.6636817,4.073682,3.4536817,1.2736816,2.2436817,4.4636817,0.63368165,-1.6563183,-3.5863183,-8.246319,0.07368164,1.8836817,2.1936817,1.9736817,1.5236816,0.49368164,0.83368164,0.22368164,0.36368164
-1.9063183,-2.6763184,-4.6463184,-2.7463183,-4.216318,-2.1663184,-2.9363184,-5.0863185,-3.8563185,-3.9863183,-2.0063183,-2.2863183,-1.8163184,-1.5663184,1.4536816,1.1836816,2.0936816,4.3936815,4.5036817,4.9236817,6.4336815,6.9836817,5.383682,3.4136817,3.3836815,0.95368165,0.68368167,1.4436816,1.5136817,1.4836817,-2.2863183,-5.0363183,-4.636318,2.2436817,1.6336817,1.6336817,1.3536817,0.6736816,0.12368164,0.08368164,-0.42631835
-1.6363183,-3.2463183,-5.9963183,-5.156318,-4.5563183,-4.366318,-3.9963183,-4.636318,-6.0663185,-4.4963183,-2.3563185,-2.8763185,-2.0363183,-0.8863184,-1.1663184,-1.3363184,1.2136817,3.2336817,5.2736816,4.9136815,4.9036818,5.0236816,4.2536817,3.3336816,2.0836816,0.9136816,1.6036817,1.1136817,-1.1263183,3.3036816,0.53368163,-3.5663183,-3.3663185,-0.40631837,1.5536816,1.5036817,1.3636817,1.3736817,1.0736816,-0.006318359,-0.08631836
