wind_kz.json
{"header": {"discipline":0,"disciplineName":"Meteorological products","gribEdition":2,"gribLength":1025,"center":7,"centerName":"US National Weather Service - NCEP(WMC)","subcenter":0,"refTime":"2023-10-05T06:00:00.000Z","significanceOfRT":1,"significanceOfRTName":"Start of forecast","productStatus":0,"productStatusName":"Operational products","productType":1,"productTypeName":"Forecast products","productDefinitionTemplate":0,"productDefinitionTemplateName":"Analysis/forecast at horizontal level/layer at a point in time","parameterCategory":2,"parameterCategoryName":"UnknownDiscipline_0_Category_2","parameterNumber":2,"parameterNumberName":"UnknownParameter_D0_C2_2","parameterUnit":"Unknown","genProcessType":2,"genProcessTypeName":"Forecast","forecastTime":240,"surface1Type":103,"surface1TypeName":"Specified height level above ground","surface1Value":10.0,"surface2Type":255,"surface2TypeName":"Missing","surface2Value":0.0,"gridDefinitionTemplate":0,"gridDefinitionTemplateName":"Latitude_Longitude","numberPoints":615,"shape":6,"shapeName":"Earth spherical with radius of 6,371,229.0 m","gridUnits":"degrees","resolution":48,"winds":"true","scanMode":64,"nx":41,"ny":15,"basicAngle":0,"lo1":47.0,"la1":41.0,"lo2":87.0,"la2":55.0,"dx":1.0,"dy":1.0}, "data":
[rows 0 to 14 of 15, columns 0 to 40 of 41]
0.08094055,0.57094055,-1.1790595,-2.2090595,-1.5190594,-0.86905944,0.33094054,1.7109406,2.8309405,2.3909407,2.7709405,2.9409406,3.0809405,3.2209406,3.8009405,4.9209404,5.2909408,6.1909404,3.5909405,3.6409407,2.3309405,2.0709405,2.3009405,2.6609406,-1.4890594,0.070940554,1.7109406,3.4909406,0.16094056,1.1909405,0.5409405,0.100940555,-1.2690594,-1.3090595,-3.3990595,-3.9990594,-3.2990594,-2.2290595,-0.27905944,-0.52905947,-2.2990594
-0.74905944,-0.9490594,-0.68905944,-1.1090595,-1.4990594,-0.9590595,0.21094055,1.1409405,2.4509406,1.3109405,1.0509405,-0.19905944,0.7309406,1.1009406,1.1309406,2.8809404,5.3409405,6.1409407,7.1109405,5.3009405,4.1609406,2.7909405,3.0309405,4.1109405,1.9409405,0.7909405,0.45094055,2.1409407,3.4309406,2.0809405,1.2409406,0.44094056,0.87094057,0.9209406,0.43094054,-1.5390594,-0.59905946,-2.1190596,-0.31905946,-0.8290594,-0.52905947
-2.1290596,-0.6490595,-1.3590595,-2.6490595,-2.4590595,-2.8190594,-2.4290595,-1.6190594,-1.6890595,-0.77905947,-0.56905943,0.77094054,-0.22905944,-0.72905946,2.0009406,5.1009407,4.6509404,6.0409408,7.4209404,7.7309403,5.8509407,4.1809406,2.9709406,6.0309405,1.8009405,2.0909405,2.2809405,1.6709405,2.6409407,0.7409406,1.3909405,-1.0190594,-1.1490594,-0.61905944,-1.1490594,1.1109406,0.65094054,0.100940555,0.36094055,2.9209406,0.71094054
-5.7190595,-8.239059,-7.3090596,-6.1590595,-4.8790593,-3.2590594,-1.4190594,-2.3890595,-0.65905946,-0.91905946,-0.6490595,0.09094055,0.59094054,1.2009406,1.8909405,2.5409405,3.9809406,4.7609406,5.0409408,5.4509406,3.1609406,5.2109404,2.7109406,7.7609406,7.2309403,6.6509404,4.9009404,3.7909405,7.2909408,2.9409406,2.4109406,1.7509406,0.76094055,-1.6090595,-2.9690595,-0.42905945,-0.05905945,1.8709406,-1.7390594,-0.36905944,-2.8890595
-5.9490595,-6.6890593,-6.5390596,-7.3590593,-5.7190595,-4.4490595,-3.6290596,-3.2590594,-2.2890594,-2.4290595,-1.2090595,-0.45905945,-1.1890595,-0.72905946,-1.1890595,-0.049059447,0.58094054,1.3609406,0.81094056,5.5109406,7.4809403,6.2509403,6.6109405,8.140941,8.3009405,6.2309403,6.1609406,6.8009405,6.0409408,5.4109406,4.4909406,3.9609406,3.4509406,1.8309406,-1.8990594,-0.7690594,-1.4390595,-1.5790595,-1.6690594,-2.3890595,-2.7590594
-4.4390593,-4.8390594,-6.4890594,-6.9290595,-5.8690596,-5.7090592,-4.479059,-4.1890593,-3.5190594,-2.5890594,-1.9490595,-1.4790595,-1.1690594,-1.5890595,-0.67905945,0.25094056,1.0209405,1.7209406,2.5409405,3.9709406,4.1609406,6.7509403,8.070941,6.1609406,7.1509404,6.5609407,9.140941,5.8809404,8.190941,6.0609407,6.0609407,6.3109407,6.6909404,5.1409407,2.4109406,1.0509405,1.6109406,0.50094056,1.9809406,1.2309406,1.4709406
-4.5490594,-4.8190594,-4.8690596,-5.1390595,-4.9890594,-4.8290596,-4.479059,-3.9090595,-3.9690595,-2.6890595,-1.8490595,-1.2690594,-0.81905943,-0.19905944,0.41094056,0.59094054,1.0009406,1.2509406,1.8009405,2.7609406,2.9709406,3.3909407,2.4809406,4.9509406,6.9409404,7.520941,6.6809406,6.1809406,7.3609405,6.2509403,6.0009403,6.0509405,5.2809405,2.5409405,-2.5490594,-1.9290595,0.39094055,1.1309406,2.2509406,0.43094054,-0.53905946
-4.2690597,-4.7190595,-4.5390596,-4.3590593,-4.6290593,-4.2790594,-3.7390594,-3.3890595,-2.7490594,-1.9790595,-0.99905944,-0.38905945,-0.43905944,0.24094056,0.93094057,1.2709405,1.1909405,1.2009406,1.4309405,2.0409405,2.9109406,2.9609406,2.6909406,2.8409405,3.0109406,1.2909405,5.1609406,4.9709406,5.3309407,3.7309406,4.3309407,7.5009403,4.2409406,3.3309405,5.5009403,2.4109406,-2.9390595,-6.2890596,-7.5890594,-7.5490594,-2.6290596
-3.6990595,-3.3590593,-3.5990593,-3.8390594,-3.1890595,-3.1390595,-2.3990595,-2.0090594,-1.8790594,-1.1290594,-0.34905946,0.51094055,1.1309406,0.8009406,1.2309406,1.5109406,1.7309406,1.8909405,2.0909405,2.3609405,3.6909406,4.4909406,4.0009403,4.1809406,4.0609407,4.3309407,4.520941,4.1209407,4.3209405,4.9409404,5.2409406,5.3509407,6.6009407,4.3509407,4.4109406,-1.5590595,-2.3790596,0.17094055,-0.32905945,-0.28905946,0.5509406
-2.3590593,-2.8390594,-2.2190595,-2.1690595,-1.9690595,-1.6190594,-1.3990594,-0.6390594,-0.5890595,-0.49905944,0.87094057,0.72094053,0.9909406,2.4009407,2.2109406,1.7109406,2.1509407,2.4309406,3.0109406,3.5609405,4.5709405,4.9209404,5.4709406,5.7809405,6.2509403,6.6609406,6.2909408,6.5109406,7.3009405,6.0909405,4.7609406,5.2209406,7.0909405,5.3909407,4.4109406,3.7509406,-0.15905945,-0.7090595,3.6009405,1.7009406,-0.25905946
-2.3290594,-1.9090594,-2.2290595,-1.5690595,-1.0290594,-1.5990595,-0.19905944,0.48094055,0.96094054,0.95094055,2.1009405,3.0709405,1.9609406,2.2109406,2.5609405,2.5009406,2.8609405,2.8209405,3.7009406,4.3309407,4.3709407,4.7109404,5.8109407,6.1609406,6.2409406,7.1009407,8.09094,7.6809406,8.260941,7.8809404,7.5709405,6.7209406,5.3909407,4.3509407,2.7909405,4.0109406,2.0109406,2.3409405,3.0009406,0.22094055,1.3309406
-1.5290594,-1.0390594,-1.6990595,-1.0090594,-1.1690594,0.070940554,0.35094056,-0.019059448,0.83094054,1.6709405,2.7409406,1.9009405,2.0509405,2.1009405,2.5809405,2.7109406,4.2209406,4.2909408,4.5409408,4.6309404,5.1609406,5.4909406,5.7609406,6.2409406,7.0609407,7.7909408,8.720941,8.980941,9.17094,7.7409406,7.6409407,8.91094,7.6009407,5.7309403,3.4309406,4.2609406,8.46094,8.070941,3.6509407,3.2809405,-0.009059448
-0.56905943,-0.74905944,-0.30905944,-0.5890595,-1.0690595,-0.28905946,0.18094055,0.38094056,0.77094054,1.4509406,1.9709406,3.9809406,2.1709406,2.4409406,2.6409407,3.5609405,4.4209404,4.6809406,4.8409405,5.2809405,5.0009403,5.4809403,5.6409407,7.0409408,7.5409408,8.260941,9.480941,9.09094,9.320941,8.860941,8.50094,8.890941,8.510941,8.760941,6.0109406,5.9309406,5.4309406,5.3409405,7.9509406,2.9009407,2.7509406
-0.019059448,-0.19905944,-0.27905944,-0.93905944,-0.61905944,-0.22905944,0.27094054,1.1909405,1.0009406,2.3709404,2.4609406,3.7709405,4.2609406,3.0909405,4.0009403,4.1109405,4.0709405,4.3709407,4.9609404,5.3109407,4.9809403,5.5709405,6.5909405,6.8109407,7.2609406,6.7409406,7.3909407,7.7809405,7.6609406,8.680941,8.83094,8.79094,8.730941,7.4809403,4.6809406,5.8009405,3.6409407,4.4009404,6.2009406,3.9109406,4.1109405
-0.32905945,-0.81905943,-0.9490594,-0.73905945,0.08094055,1.3309406,1.3609406,1.9509406,1.6509405,2.5709405,2.3209405,3.6909406,3.7009406,3.8009405,4.5409408,3.9809406,4.0309405,4.4509406,4.4409404,4.9609404,4.5009403,5.3909407,5.5709405,5.770941,6.1909404,6.2209406,7.2009406,6.9509406,6.5309405,7.9309406,8.25094,9.66094,8.680941,7.8909407,6.4509406,6.0809407,7.5309405,4.6309404,4.6809406,6.2509403,2.6909406
