wind_kz.json
{"header": {"discipline":0,"disciplineName":"Meteorological products","gribEdition":2,"gribLength":871,"center":7,"centerName":"US National Weather Service - NCEP(WMC)","subcenter":0,"refTime":"2023-09-10T00:00:00.000Z","significanceOfRT":1,"significanceOfRTName":"Start of forecast","productStatus":0,"productStatusName":"Operational products","productType":1,"productTypeName":"Forecast products","productDefinitionTemplate":0,"productDefinitionTemplateName":"Analysis/forecast at horizontal level/layer at a point in time","parameterCategory":0,"parameterCategoryName":"UnknownDiscipline_0_Category_0","parameterNumber":0,"parameterNumberName":"UnknownParameter_D0_C0_0","parameterUnit":"Unknown","genProcessType":2,"genProcessTypeName":"Forecast","forecastTime":300,"surface1Type":1,"surface1TypeName":"Ground or water surface","surface1Value":0.0,"surface2Type":255,"surface2TypeName":"Missing","surface2Value":0.0,"gridDefinitionTemplate":0,"gridDefinitionTemplateName":"Latitude_Longitude","numberPoints":615,"shape":6,"shapeName":"Earth spherical with radius of 6,371,229.0 m","gridUnits":"degrees","resolution":48,"winds":"true","scanMode":64,"nx":41,"ny":15,"basicAngle":0,"lo1":47.0,"la1":41.0,"lo2":87.0,"la2":55.0,"dx":1.0,"dy":1.0}, "data":
[rows 0 to 14 of 15, columns 0 to 40 of 41]
305.49506,290.29507,298.99506,296.69507,296.59506,295.69507,303.89508,307.79507,304.19507,303.79507,302.09506,303.09506,301.79507,302.09506,299.59506,300.79507,300.99506,300.69507,301.29507,300.79507,303.09506,299.09506,299.19507,295.29507,298.39508,300.89508,296.09506,283.99506,280.29507,279.79507,283.29507,283.89508,293.19507,299.39508,298.89508,297.79507,296.49506,295.99506,297.49506,297.19507,296.79507
285.59506,298.49506,296.09506,296.29507,295.99506,294.99506,308.29507,304.49506,303.19507,302.79507,304.19507,301.29507,301.59506,301.19507,300.59506,301.09506,301.59506,301.19507,300.19507,300.89508,300.19507,299.79507,297.69507,288.99506,270.39508,274.99506,289.39508,285.09506,285.99506,274.89508,276.19507,274.69507,283.99506,260.89508,279.99506,295.49506,293.99506,295.49506,297.79507,289.89508,284.39508
300.99506,295.69507,296.39508,295.99506,293.89508,304.59506,302.49506,302.79507,302.09506,300.79507,301.39508,302.19507,300.79507,301.69507,300.89508,300.79507,300.19507,299.49506,299.69507,300.09506,300.79507,300.49506,300.79507,292.19507,295.89508,292.99506,293.99506,294.19507,292.89508,280.19507,272.79507,273.29507,280.39508,279.59506,281.49506,281.49506,274.99506,277.69507,279.59506,279.89508,274.69507
301.09506,294.89508,295.79507,294.89508,296.29507,303.59506,302.29507,302.19507,299.89508,301.59506,301.49506,299.39508,292.49506,291.69507,301.29507,301.09506,299.99506,300.69507,300.59506,300.79507,299.49506,294.79507,298.59506,298.19507,296.99506,296.79507,296.19507,293.09506,290.89508,293.29507,295.19507,289.19507,291.89508,290.79507,288.79507,284.59506,274.39508,272.99506,277.99506,286.69507,289.69507
301.29507,292.69507,293.79507,292.49506,296.69507,303.19507,303.19507,302.69507,300.49506,300.79507,300.69507,299.49506,291.39508,290.39508,289.39508,300.49506,300.39508,299.29507,299.39508,299.59506,299.79507,300.09506,298.59506,295.89508,296.09506,295.19507,292.29507,293.19507,294.09506,293.19507,295.19507,292.09506,279.39508,270.39508,282.99506,290.19507,294.39508,295.69507,294.89508,295.39508,295.39508
301.49506,299.49506,291.79507,291.29507,291.89508,290.89508,303.89508,303.79507,301.59506,300.39508,299.69507,299.39508,292.39508,291.59506,295.39508,298.59506,299.99506,299.79507,299.69507,299.79507,298.69507,297.89508,296.59506,293.59506,294.79507,291.89508,291.39508,289.09506,293.89508,293.89508,292.19507,292.89508,292.19507,290.49506,288.19507,290.89508,282.59506,285.19507,293.39508,293.29507,293.19507
301.79507,301.39508,301.99506,300.99506,298.09506,303.29507,305.19507,302.99506,303.39508,302.59506,300.69507,299.59506,299.09506,298.49506,298.29507,298.69507,298.99506,299.49506,299.49506,298.19507,297.09506,297.39508,296.59506,295.69507,293.19507,291.39508,290.99506,292.39508,292.49506,292.89508,291.89508,291.49506,291.49506,293.69507,291.79507,288.89508,283.29507,280.89508,277.79507,275.49506,288.29507
302.29507,302.19507,302.19507,301.49506,303.19507,305.39508,304.49506,301.89508,301.09506,300.79507,300.19507,299.39508,299.39508,298.09506,298.89508,298.39508,297.19507,298.29507,298.19507,295.59506,294.49506,294.79507,294.69507,294.19507,292.89508,290.19507,290.39508,290.69507,289.19507,290.39508,288.49506,288.79507,287.09506,285.59506,286.49506,288.89508,290.29507,288.09506,288.89508,288.89508,285.59506
301.69507,300.99506,299.49506,300.59506,300.49506,302.39508,303.09506,301.49506,300.29507,299.49506,298.99506,299.39508,298.59506,299.09506,297.39508,298.39508,297.29507,296.79507,295.49506,294.09506,291.89508,290.99506,291.59506,291.79507,290.19507,290.09506,287.89508,286.79507,285.79507,284.19507,284.59506,284.69507,285.89508,286.79507,286.49506,285.59506,287.59506,284.69507,274.29507,274.59506,270.39508
300.99506,299.39508,298.29507,299.79507,299.69507,300.49506,301.59506,300.19507,299.39508,298.79507,297.69507,297.19507,297.99506,297.89508,297.19507,296.39508,296.29507,295.89508,295.29507,293.99506,291.89508,291.09506,290.69507,290.49506,289.89508,288.39508,287.59506,286.99506,285.89508,285.59506,285.39508,287.29507,288.59506,288.19507,287.09506,286.79507,284.19507,282.79507,276.49506,272.29507,271.89508
298.59506,296.99506,297.79507,297.39508,298.49506,298.99506,299.09506,299.99506,298.49506,297.99506,295.99506,296.29507,296.09506,295.39508,295.19507,295.39508,295.39508,296.09506,295.29507,293.29507,293.09506,291.99506,290.69507,290.59506,289.09506,288.79507,286.09506,288.19507,287.99506,288.39508,288.69507,288.89508,287.79507,288.19507,286.79507,284.59506,280.89508,278.49506,278.99506,276.39508,274.89508
300.09506,300.39508,298.29507,297.29507,296.39508,296.89508,296.89508,296.99506,297.29507,296.69507,293.79507,292.89508,293.49506,292.99506,293.49506,294.29507,294.19507,294.19507,294.99506,293.79507,291.29507,289.69507,289.29507,289.29507,288.89508,289.49506,288.69507,289.49506,289.79507,289.69507,288.09506,287.89508,287.59506,285.29507,285.89508,284.79507,283.99506,282.69507,280.99506,281.29507,282.29507
296.59506,298.39508,298.79507,296.29507,295.99506,295.49506,295.39508,295.99506,295.49506,294.39508,291.89508,291.39508,292.89508,292.09506,293.09506,293.59506,293.49506,292.89508,292.19507,291.59506,291.29507,289.99506,289.19507,288.79507,289.59506,290.49506,290.79507,290.09506,289.79507,288.79507,288.79507,287.49506,287.09506,286.39508,285.39508,284.39508,283.49506,284.39508,281.99506,281.29507,280.99506
299.29507,299.19507,292.19507,297.69507,295.09506,294.99506,293.89508,293.49506,294.39508,294.09506,291.29507,289.99506,291.69507,292.59506,293.39508,293.39508,293.19507,292.99506,293.09506,292.39508,291.09506,290.49506,290.69507,290.09506,290.49506,290.99506,290.19507,290.09506,288.49506,287.99506,287.49506,286.49506,285.89508,284.29507,284.19507,282.49506,282.59506,281.49506,280.69507,279.69507,282.69507
296.39508,297.99506,287.59506,295.89508,295.19507,294.19507,293.19507,292.99506,294.49506,294.69507,293.59506,292.19507,290.99506,291.69507,292.29507,293.49506,292.99506,293.09506,293.79507,293.19507,293.09506,291.99506,291.49506,289.89508,289.99506,290.19507,290.29507,289.09506,288.39508,287.29507,285.19507,283.89508,284.39508,283.29507,282.39508,282.19507,282.49506,280.69507,280.49506,281.09506,280.59506
