wind_kz.json
{"header": {"discipline":0,"disciplineName":"Meteorological products","gribEdition":2,"gribLength":1025,"center":7,"centerName":"US National Weather Service - NCEP(WMC)","subcenter":0,"refTime":"2023-09-25T18:00:00.000Z","significanceOfRT":1,"significanceOfRTName":"Start of forecast","productStatus":0,"productStatusName":"Operational products","productType":1,"productTypeName":"Forecast products","productDefinitionTemplate":0,"productDefinitionTemplateName":"Analysis/forecast at horizontal level/layer at a point in time","parameterCategory":2,"parameterCategoryName":"UnknownDiscipline_0_Category_2","parameterNumber":3,"parameterNumberName":"UnknownParameter_D0_C2_3","parameterUnit":"Unknown","genProcessType":2,"genProcessTypeName":"Forecast","forecastTime":180,"surface1Type":103,"surface1TypeName":"Specified height level above ground","surface1Value":10.0,"surface2Type":255,"surface2TypeName":"Missing","surface2Value":0.0,"gridDefinitionTemplate":0,"gridDefinitionTemplateName":"Latitude_Longitude","numberPoints":615,"shape":6,"shapeName":"Earth spherical with radius of 6,371,229.0 m","gridUnits":"degrees","resolution":48,"winds":"true","scanMode":64,"nx":41,"ny":15,"basicAngle":0,"lo1":47.0,"la1":41.0,"lo2":87.0,"la2":55.0,"dx":1.0,"dy":1.0}, "data":
[rows 0 to 14 of 15, columns 0 to 40 of 41]
1.9893116,1.0993115,-2.7006884,-10.080688,-7.9906883,-7.0406885,2.5093114,3.3793116,2.4593115,1.5493115,0.06931152,0.37931153,0.82931155,-0.040688477,-0.49068847,1.1993115,0.3993115,0.19931152,-1.2706885,-0.7706885,0.21931152,-1.0906885,0.6993115,0.84931153,1.5593115,0.38931152,0.46931154,0.84931153,-0.46068847,-2.6506884,-0.21068847,2.5493116,-1.2406884,-1.5106884,-1.0306885,0.089311525,0.77931154,1.7793115,1.9593115,1.6993115,2.2293115
-0.8106885,-2.4206884,-12.720689,-11.010689,-7.5206885,-2.5306885,5.1993117,5.4393115,2.5893116,1.3193115,0.7993115,-0.7706885,-0.18068847,0.70931154,-1.7806885,-0.85068846,-0.19068848,-0.8906885,-0.29068848,-0.8906885,-0.8206885,-1.7806885,-1.7806885,0.65931153,2.9293115,1.8493115,2.9393115,0.7393115,0.20931153,1.3093115,-0.9906885,-0.22068848,1.1493115,-0.23068848,2.6293116,1.6093116,3.1993115,1.2293115,2.0193114,1.6393116,-0.11068848
-3.7406886,-9.150688,-12.670689,-10.880689,-0.16068847,4.7193117,4.0193114,2.7093115,4.3893113,3.0193114,0.15931152,-0.21068847,-0.86068845,-0.4106885,-0.7406885,-1.4206885,-0.61068845,-0.8306885,0.28931153,-0.48068848,-0.060688477,-0.28068846,-2.3606884,-0.34068847,-1.4606885,-1.6006885,-0.91068846,-1.7506884,-0.85068846,-1.8106885,-0.5706885,0.38931152,-2.5706885,1.3593116,0.7593115,-2.0206885,-0.090688474,0.9193115,-1.9906884,2.0893116,1.4793115
-0.13068847,-7.5506883,-11.390689,-10.710689,-0.040688477,4.7393117,4.4593115,5.2393117,4.2793117,2.2693114,1.3193115,-0.4406885,-1.1306884,-0.9506885,-0.120688476,-0.5506885,-0.54068846,0.28931153,-1.5406885,-2.2706885,1.1193116,-1.6506885,2.3993115,0.6193115,-0.33068848,-1.4106885,-2.1306884,-2.3106885,-1.6306884,-3.4706886,-2.0906885,0.9793115,1.7093115,0.9993115,0.24931152,1.8593116,2.5693116,1.8693116,-2.5906885,-2.4106884,-2.2406886
-1.6406884,-4.4506884,-6.3606887,-8.650688,-2.4006884,3.5893116,3.6193116,4.9593115,3.6193116,2.2093115,1.3593116,-0.25068846,-1.5506885,-1.2806885,-0.33068848,1.0893115,0.9193115,0.6993115,-0.39068848,-0.27068847,1.1793115,2.4793115,1.6693115,0.96931154,0.27931154,-0.8306885,-2.6806884,-1.8206885,-2.1306884,-3.5706885,-4.1306887,-2.6906884,-0.45068848,-0.5706885,0.5393115,0.3393115,2.4793115,-3.2706885,-3.8106885,-2.4306884,-3.3306885
-4.9906883,-2.3806884,-3.6006885,-9.240688,-3.9706886,4.1193113,3.9893115,3.7693114,3.8093116,2.6293116,1.4993116,0.06931152,-1.6406884,-1.3406885,1.9493115,3.1693115,2.3793116,1.8193115,0.8793115,1.6893115,1.4593115,1.6293116,2.3493116,1.8793116,0.7393115,-0.5006885,-1.6506885,-4.9206886,-2.5706885,-3.2906885,-3.0706885,-2.8806884,-2.1406884,-3.4706886,-2.2506886,4.4893117,-2.7706885,5.0893116,2.2793114,-0.120688476,-2.4806886
-3.9906886,-2.1706884,-0.25068846,-4.0306883,-0.85068846,5.9093113,5.4793115,4.7293115,3.9493115,3.2393115,1.5193115,-0.29068848,-1.4006885,-1.6706885,3.2193115,4.3593116,4.0193114,3.6193116,3.4693115,2.5993116,2.4893115,3.2693114,3.0493116,2.5693116,1.5293115,0.089311525,-1.4206885,-2.0806885,-3.0806885,-2.6106884,-2.1506884,-3.2406886,-2.6506884,-0.98068845,1.3793116,1.7093115,3.0693116,-1.4506885,1.6193116,2.0293114,-3.0906885
-4.3506885,-2.9006884,-1.4106885,0.58931154,3.6193116,6.4593115,6.6593113,6.0993114,5.6593113,4.2393117,2.5093114,0.6793115,-0.73068845,-1.0606885,0.26931152,3.1293116,3.8893116,4.9093113,5.1493115,4.8093114,3.7493114,3.7193115,3.8393116,3.1593115,2.3493116,1.0493115,0.009311523,-0.53068846,-1.5606885,-3.1306884,-2.6006885,-1.9406885,-1.8806884,-4.6706886,-1.3606884,-1.5306885,-2.1306884,-1.8206885,-0.5106885,-0.39068848,0.22931153
-4.8606887,-4.0606885,-1.7306885,2.7193115,4.2093115,6.3693113,6.4893117,6.1393113,6.0593114,4.6493115,3.2293115,2.1593115,0.5493115,-0.28068846,-0.73068845,-0.19068848,3.1393116,4.1193113,4.5793114,4.9193115,5.7593117,4.6693115,4.4193115,3.9493115,3.0193114,2.8893116,0.5693115,-0.48068848,-0.20068848,-1.0906885,-2.2206886,-3.8306885,-3.4506884,-2.2906885,-1.9606885,-2.0506885,0.3093115,-2.3606884,-0.4406885,-1.4106885,-1.7106885
-4.4406886,-4.2106886,-2.7106886,2.4793115,5.0793114,6.4493117,5.5893116,5.9593115,6.0393114,5.3793116,4.2393117,3.3793116,2.6493115,1.2293115,0.63931155,0.41931152,0.8193115,1.3793116,1.8693116,2.5893116,3.0793116,3.3293116,3.3393116,3.8793116,3.5993116,3.0293114,1.9793115,1.5993115,1.6893115,0.34931153,-0.7706885,-2.8406885,-4.0006886,-2.4206884,-0.5706885,-0.7406885,-0.26068848,1.6193116,-1.0106884,-1.0406885,1.4493115
-2.3906884,-2.3206885,-1.8006885,2.7193115,3.8493116,3.3493116,4.4893117,5.6593113,6.0893116,4.7593117,4.3893113,3.6993115,3.4493115,3.3093116,2.5593116,2.0793116,2.0093114,1.6593115,1.7893115,2.1893115,1.6493115,1.5193115,2.2793114,3.8293116,3.4193115,3.4993114,3.2793114,2.4393115,2.4593115,2.2893114,0.8193115,-0.8706885,-2.7706885,-3.3506885,-2.4906886,-0.33068848,0.6693115,-0.13068847,0.90931153,1.0593115,0.89931154
1.2093115,-0.19068848,-1.0906885,1.5693115,4.7893114,4.6293116,2.6093116,3.2193115,4.3693113,4.4993114,3.8293116,3.2193115,3.6393116,3.7293115,3.7393115,3.4993114,3.2393115,3.1093116,3.4293115,3.7193115,3.4693115,2.1293116,1.7293115,2.4293115,3.3793116,2.9093115,2.4693115,3.8893116,4.1093116,3.7693114,2.1593115,0.46931154,-1.1306884,-1.9306885,-1.8506885,-2.6806884,-2.7906885,-1.8806884,-1.4206885,-1.0406885,-0.78068846
-1.7606884,-1.9106885,-1.8806884,-0.6406885,1.3193115,3.0893116,2.8893116,1.9893116,4.9193115,3.5293114,2.1393116,3.0493116,3.7593114,3.5393114,3.5893116,3.4193115,3.4893115,3.9393115,3.8293116,3.9593115,4.3693113,4.0093117,3.1793115,3.2393115,3.5693116,3.7293115,3.7593114,4.4093113,4.5493116,3.8493116,3.4293115,2.6493115,1.4493115,0.19931152,-0.6906885,-1.2406884,-1.2606884,-1.0806885,-1.4606885,-1.3206885,-0.9606885
-1.6606885,-2.1406884,-1.8206885,-1.3506885,1.4293115,-0.25068846,1.7993115,2.0393114,0.3093115,3.4993114,2.8393116,1.5093116,3.2493114,3.4493115,3.5793116,4.1093116,3.7493114,4.1393113,4.9993114,4.5993114,4.3693113,4.0393114,3.5793116,3.3993115,2.7693114,4.1393113,4.6893115,5.2393117,5.0693116,4.7093115,4.2093115,3.9393115,3.1893115,2.4993114,1.8993115,1.6693115,1.0493115,0.15931152,-0.120688476,-0.4106885,-0.45068848
-3.7706885,-4.0506883,-1.6406884,-0.6306885,-1.0606885,0.52931154,1.6393116,0.3993115,0.09931152,0.3393115,2.1093116,2.4593115,2.0693116,2.3293116,3.8493116,4.3693113,4.7593117,4.3593116,4.8093114,4.8693113,4.8593116,4.6993117,4.6693115,4.7293115,4.4593115,4.4693117,4.6693115,5.1093116,5.3993115,5.4193115,5.1593113,4.5193114,3.7093115,3.2093115,2.7693114,2.1993115,3.0793116,1.9093115,1.2793115,2.0293114,1.1593115
