wind_kz.json
{"header": {"discipline":0,"disciplineName":"Meteorological products","gribEdition":2,"gribLength":1025,"center":7,"centerName":"US National Weather Service - NCEP(WMC)","subcenter":0,"refTime":"2025-04-06T00:00:00.000Z","significanceOfRT":1,"significanceOfRTName":"Start of forecast","productStatus":0,"productStatusName":"Operational products","productType":1,"productTypeName":"Forecast products","productDefinitionTemplate":0,"productDefinitionTemplateName":"Analysis/forecast at horizontal level/layer at a point in time","parameterCategory":2,"parameterCategoryName":"UnknownDiscipline_0_Category_2","parameterNumber":3,"parameterNumberName":"UnknownParameter_D0_C2_3","parameterUnit":"Unknown","genProcessType":2,"genProcessTypeName":"Forecast","forecastTime":180,"surface1Type":103,"surface1TypeName":"Specified height level above ground","surface1Value":10.0,"surface2Type":255,"surface2TypeName":"Missing","surface2Value":0.0,"gridDefinitionTemplate":0,"gridDefinitionTemplateName":"Latitude_Longitude","numberPoints":615,"shape":6,"shapeName":"Earth spherical with radius of 6,371,229.0 m","gridUnits":"degrees","resolution":48,"winds":"true","scanMode":64,"nx":41,"ny":15,"basicAngle":0,"lo1":47.0,"la1":41.0,"lo2":87.0,"la2":55.0,"dx":1.0,"dy":1.0}, "data":
[rows 0 to 14 of 15, columns 0 to 40 of 41]
-6.0253077,0.4246924,-4.9253078,-8.755307,-6.8053074,-5.6053076,-3.1453075,-1.1653076,-0.23530762,0.2746924,3.8746924,1.1946924,0.3646924,-0.2953076,0.82469237,1.0646924,2.3346925,3.3846924,4.904692,3.1246924,1.7946924,-0.9453076,-0.005307617,1.7846924,2.4246924,0.47469237,0.8546924,1.2246923,-2.1653075,-1.9153076,-2.9253075,-1.4653076,1.1446924,1.6246924,1.5946923,-1.8053076,-1.0753076,-0.8353076,0.09469238,0.95469236,-1.4953076
3.6346924,-5.4453077,-6.5353074,-7.4653077,-6.7353077,-3.5153077,-2.3453076,3.8646924,2.4846923,4.7646923,3.4846923,1.3546923,1.9546924,1.4746923,-1.0653076,0.4246924,0.8446924,-0.9653076,2.5846925,1.5146924,1.8246924,1.0346924,0.6046924,0.6946924,0.054692384,2.9846923,-0.34530762,2.4346924,-0.015307617,-1.8553076,0.8746924,-2.6953077,-1.7453076,-4.1053076,-1.9153076,2.8846924,2.4146924,3.4146924,2.0346923,3.1746924,-0.67530763
-3.1853075,-5.5253077,-6.2953076,-6.9653077,-6.365308,-0.15530762,3.5546923,3.8646924,3.0546923,5.4446926,3.8346925,1.1546924,0.3046924,1.2846924,0.17469238,-0.28530762,-0.31530762,0.6146924,-1.1953076,0.2646924,2.3346925,1.4946923,1.1646924,-0.115307614,-1.4753076,-0.4553076,-1.2353076,-2.7453077,-1.0553076,-0.9953076,-1.7653077,-0.66530764,-2.0153077,-4.3053074,-3.2653077,-1.7553077,1.9846923,-2.3353076,0.7346924,2.1046925,1.7246923
-2.9553077,-0.40530762,-3.9253075,-7.4153075,-8.495308,3.8146925,6.5346923,8.024693,9.424692,4.6646924,2.7146924,-0.60530764,-3.3353076,-4.595308,0.6846924,-0.24530762,0.25469238,1.7146924,1.5846924,-1.1953076,0.77469236,1.4046924,1.6246924,-0.4153076,-0.28530762,-0.3853076,1.0246924,0.5346924,0.40469238,0.96469235,2.5546923,1.8746924,1.2846924,0.4946924,0.6346924,0.2746924,-0.075307615,0.34469238,-1.8553076,-1.0653076,-3.5853076
-0.9453076,-4.0853076,-6.9553075,-9.075308,-8.535308,-0.6853076,5.6246924,8.134692,4.9946923,4.7146926,4.7746925,2.2246923,-0.4153076,-3.6453075,-3.7653077,0.19469239,0.18469238,-0.36530763,0.15469238,-1.2853076,-0.8153076,2.5446923,2.6846924,2.3646924,0.044692382,0.4546924,-3.6153076,-5.655308,-1.0253077,-1.9853076,-1.6553077,-3.1953077,-1.4753076,-0.8053076,0.5646924,1.4446924,1.9546924,0.054692384,1.2146924,2.5846925,2.1446924
-3.5353076,-4.6953077,-6.865308,-8.045307,-7.635308,-4.615308,3.5546923,6.5346923,7.614692,6.6446924,6.094692,3.9546924,2.3946924,-1.7053076,-4.2353077,-0.73530763,0.7346924,-0.10530762,1.2746924,1.1146923,0.23469238,5.8046923,3.4646924,2.3846924,0.9446924,1.1446924,0.024692383,-2.5453076,-2.6953077,-0.2653076,-1.1653076,-4.135308,-4.2453074,-2.0153077,-0.9053076,5.7146926,1.1746924,2.2546923,1.2146924,-0.12530762,-2.3653076
-1.4053077,-2.3853076,-1.9553076,-6.4653077,-7.8753076,2.4846923,4.9946923,6.0746922,6.1046925,6.364692,5.2746925,4.3546925,1.8046924,0.38469237,-0.66530764,-1.3253076,-1.0253077,0.3046924,0.19469239,3.9346924,6.4446926,3.8546925,2.1646924,1.6946924,1.9246924,1.1046923,-0.8053076,-1.0753076,2.7446923,3.7146924,1.3446923,-0.7453076,-0.8053076,2.6346924,3.0946925,-0.7453076,0.7246924,1.0146924,1.3746924,1.0246924,-0.5053076
0.4846924,1.9046924,1.5246924,-3.0753076,-5.365308,2.8546925,5.404692,5.8546925,5.9746923,6.0246925,5.0746922,3.0746925,1.8746924,0.5446924,-1.3253076,-1.7053076,-1.9753076,-1.1653076,-0.30530763,4.4146924,3.4646924,4.8146925,3.7346923,1.3246924,-0.6153076,0.6146924,0.89469236,1.7446923,0.6146924,-2.5453076,-6.385308,-4.4253078,-1.0353076,-1.4953076,-0.8653076,-1.8553076,-2.3953075,-2.6153076,-0.5553076,0.5446924,1.9246924
1.7346923,1.5746924,3.5046923,1.0946923,-3.0953076,5.7846923,5.594692,6.2646923,6.1046925,5.4346924,4.4546924,3.5246923,2.3546925,0.35469237,-0.7453076,-2.1353076,-2.4753077,-2.3453076,-0.13530761,4.7546926,5.5046926,1.8846924,0.08469238,-2.9353075,0.21469238,-0.8953076,-0.6253076,0.044692382,-1.8053076,-3.0453076,-4.9953074,-4.5853076,-4.7053075,-3.4453077,0.014692383,0.4246924,1.3246924,-2.6553075,-0.53530765,0.17469238,-2.7353077
0.7346924,1.3446923,4.2346926,3.7446923,-0.8053076,5.614692,6.2846923,6.2546926,5.7646923,5.0246925,4.864692,3.7646923,2.1046925,0.6946924,-0.5853076,-1.2653077,-1.9853076,-2.4453077,-1.6553077,-2.1453075,0.24469239,0.6746924,1.0546924,-0.8753076,-5.5053077,-3.6753075,-3.7153077,-3.7853076,-4.0653076,-4.325308,-5.655308,-7.8353076,-6.2153077,-2.3953075,-2.4953077,-2.0653076,-1.1553077,1.3046924,0.104692385,-0.40530762,1.2046924
3.7346923,3.4046924,6.134692,6.5146923,1.2646924,5.2046924,7.0846925,6.5446925,5.4746923,4.7246923,4.2946925,3.0346923,2.6446924,1.9546924,1.0546924,0.024692383,-0.21530762,-0.8253076,-0.24530762,0.7946924,0.8546924,-0.33530763,-0.4853076,-1.1653076,-2.3753076,-1.7953076,-1.0153077,-2.9253075,-4.7453074,-6.365308,-6.6053076,-7.0253077,-7.4653077,-7.8153076,-6.615308,-3.4353075,-2.8353076,-2.0553076,-3.7553077,-2.3053076,-0.23530762
4.6646924,4.3246922,6.2446923,7.4446926,3.1946924,4.7646923,6.174692,6.424692,5.2446923,4.654692,3.8146925,3.2646923,2.8046923,1.9746923,1.5046924,1.0346924,0.9246924,0.76469237,0.9946924,1.1346924,0.7546924,0.51469237,0.22469239,-0.075307615,0.5046924,-0.34530762,-1.8953077,-2.2153077,-3.6053076,-4.9353075,-5.9553075,-6.7053075,-5.3153076,-5.6053076,-5.2153077,-6.345308,-6.1753078,-3.7253077,-1.3053076,-1.0853076,-0.7053076
3.0446923,5.5046926,6.7646923,5.864692,5.594692,3.8746924,4.8046923,6.4346924,7.4146924,5.3346925,3.0446923,3.5346923,3.4946923,3.0346923,2.4346924,2.2746923,1.9746923,1.3546923,0.76469237,0.43469238,0.16469239,-0.40530762,-0.3553076,-0.5953076,-1.4253076,-2.7953076,-3.9453077,-4.0053077,-3.7953076,-4.155308,-5.9453077,-6.095308,-6.5553074,-5.8753076,-5.405308,-5.2153077,-5.0553074,-3.5953076,-5.4753075,-2.8653076,-0.6553076
5.2446923,8.644692,7.7846923,6.7946925,7.4646926,5.9646926,5.6446924,5.9746923,5.7346926,5.6846924,3.3046923,3.7246923,4.7446923,3.8946924,3.1846924,1.9146924,1.2046924,0.7446924,0.6746924,0.4946924,-0.075307615,-0.7053076,-1.0453076,-1.9853076,-2.5753076,-2.8553076,-3.4753077,-3.4953077,-3.3453076,-4.075308,-4.7053075,-4.6253076,-4.9453077,-4.9853077,-4.365308,-4.7053075,-4.0853076,-3.7753077,-3.3853076,-1.6453077,-1.5153077
6.114692,8.724692,7.9446926,6.8746924,8.174692,6.4746923,5.2646923,6.134692,5.7146926,4.674692,3.5246923,5.2546926,3.8046923,3.4946923,3.9346924,3.3846924,2.4446924,1.3446923,0.41469237,-0.3853076,-1.0553076,-1.4853076,-2.2853076,-2.9053075,-3.4853077,-3.6653075,-4.0553074,-3.9653077,-4.075308,-3.8753076,-3.3353076,-2.0653076,-3.7353077,-3.4753077,-3.3953075,-3.0253077,-3.0353076,-2.7353077,-2.9153075,-3.2453077,-1.7253076
