wind_kz.json
{"header": {"discipline":0,"disciplineName":"Meteorological products","gribEdition":2,"gribLength":1025,"center":7,"centerName":"US National Weather Service - NCEP(WMC)","subcenter":0,"refTime":"2023-09-25T00:00:00.000Z","significanceOfRT":1,"significanceOfRTName":"Start of forecast","productStatus":0,"productStatusName":"Operational products","productType":1,"productTypeName":"Forecast products","productDefinitionTemplate":0,"productDefinitionTemplateName":"Analysis/forecast at horizontal level/layer at a point in time","parameterCategory":2,"parameterCategoryName":"UnknownDiscipline_0_Category_2","parameterNumber":3,"parameterNumberName":"UnknownParameter_D0_C2_3","parameterUnit":"Unknown","genProcessType":2,"genProcessTypeName":"Forecast","forecastTime":300,"surface1Type":103,"surface1TypeName":"Specified height level above ground","surface1Value":10.0,"surface2Type":255,"surface2TypeName":"Missing","surface2Value":0.0,"gridDefinitionTemplate":0,"gridDefinitionTemplateName":"Latitude_Longitude","numberPoints":615,"shape":6,"shapeName":"Earth spherical with radius of 6,371,229.0 m","gridUnits":"degrees","resolution":48,"winds":"true","scanMode":64,"nx":41,"ny":15,"basicAngle":0,"lo1":47.0,"la1":41.0,"lo2":87.0,"la2":55.0,"dx":1.0,"dy":1.0}, "data":
[rows 0 to 14 of 15, columns 0 to 40 of 41]
0.5186621,1.6186621,-3.021338,-4.981338,-3.011338,-1.8013378,-1.2813379,1.6586621,1.2786621,0.33866212,-0.05133789,-0.4013379,-1.0213379,-1.7213379,-2.6513379,-4.131338,-2.8913379,-2.511338,-4.0913377,-2.4513378,0.13866211,-2.4613378,-2.511338,1.7986621,2.3286622,2.2886622,0.9386621,-1.4013379,-2.091338,3.428662,1.2686621,2.208662,2.0986621,1.7486621,1.4686621,1.7386621,2.458662,2.478662,1.058662,0.8986621,-0.3013379
-1.691338,-1.7713379,-3.021338,-3.781338,-1.8413379,-1.2013379,2.668662,1.3586621,1.3486621,0.4486621,0.2586621,-0.2513379,-1.4513379,-2.101338,-3.061338,-3.091338,-2.4813378,-2.9713378,-3.331338,-3.561338,-3.2013378,-3.4113379,-3.8913379,-3.841338,2.228662,1.8586621,0.8186621,0.07866211,-0.5513379,-1.1713378,-0.5113379,0.5186621,1.6586621,-2.001338,-2.381338,4.588662,1.6986622,1.9086621,1.2886621,0.06866211,0.59866214
-3.6613379,-0.3913379,-3.051338,-3.351338,1.0786622,2.5486622,1.7486621,1.9086621,2.8586621,2.428662,0.24866211,-0.19133788,-1.2213379,-1.6713378,-2.7113378,-3.291338,-3.501338,-3.781338,-2.521338,-2.6413379,-2.761338,-1.811338,-5.831338,-1.5113379,-2.751338,-2.331338,-2.381338,-2.881338,-2.061338,-1.4213378,2.618662,-0.32133788,-1.4713379,1.1386621,0.27866212,1.1286621,1.438662,-0.4813379,0.8186621,1.1486621,1.6986622
-3.521338,-1.6813378,-2.131338,-0.90133786,0.15866211,2.5986621,3.438662,3.0886621,1.7386621,1.9786621,1.058662,-1.2013379,-3.031338,-5.101338,-1.6013379,-2.331338,-2.791338,-3.9613378,-4.871338,-3.751338,-3.101338,-1.8513379,0.4186621,-2.011338,-1.9313378,-3.9413378,-4.7613378,-4.601338,-2.111338,-3.6613379,-3.9613378,0.39866212,1.9786621,-0.2713379,-1.4313378,-0.22133788,0.6286621,3.408662,-0.4813379,-0.6213379,-1.2613379
-0.20133789,1.3886621,-0.3713379,0.59866214,-3.2113378,3.0586622,2.618662,3.388662,2.448662,2.418662,2.988662,1.5386621,-0.38133788,-2.9513378,-4.3613377,-2.2413378,-2.821338,-3.4613378,-3.4813378,-2.821338,-1.6813378,-1.1013379,-1.5213379,-2.2313378,-1.8513379,-2.071338,-3.331338,-5.271338,-3.351338,-3.2313378,-3.841338,-3.631338,0.3886621,1.6386621,-0.03133789,0.7386621,1.0886621,-1.3213379,-3.311338,-1.6113379,-0.41133788
1.6386621,0.5186621,4.9686623,3.2886622,2.498662,1.7086622,5.4686623,5.288662,4.1986623,2.888662,3.188662,3.2686622,2.5686622,-1.0513378,-4.161338,-2.111338,-1.7713379,-3.281338,-2.581338,-1.8013378,-1.7013379,-2.2213378,-2.571338,-1.8013378,-1.9113379,-0.5013379,0.23866211,-3.321338,-3.041338,-3.041338,-3.1913378,-3.1613379,-3.831338,-2.031338,-0.7013379,3.0386622,-0.8013379,-0.3013379,3.8586621,-0.11133789,0.6086621
3.198662,2.7786622,2.8486621,7.248662,6.8886623,6.558662,6.4686623,6.288662,4.9286623,3.8586621,3.2686622,2.8186622,2.5886621,1.6386621,-0.35133788,-1.2313379,-1.5713379,-1.7113379,-2.281338,-1.3913379,-1.4713379,-1.3713379,-1.7913378,-1.8013378,-1.2213379,-1.0813379,-1.1313379,-2.051338,-0.9213379,-2.7013378,-2.4713378,-2.4313378,-2.7213378,-2.091338,-0.19133788,-0.041337892,0.6086621,1.6486621,-0.52133787,1.9786621,3.3586621
3.868662,5.318662,4.108662,4.778662,8.408662,8.938663,7.478662,7.288662,6.2386622,5.2186623,4.168662,3.408662,3.158662,2.7686622,1.688662,0.6186621,-1.2813379,-1.1013379,-1.691338,-1.2913378,-0.3013379,-1.0913379,-1.191338,-1.6713378,-2.381338,-2.4213378,-2.6713378,-1.8313379,-1.3413379,-0.6713379,-1.7313379,-1.2613379,-1.7313379,-0.26133788,-1.2513379,0.7486621,-1.5413378,-0.12133789,-1.8813379,0.45866212,0.7686621
5.818662,6.1986623,5.328662,4.9086623,6.4686623,8.078662,7.4686623,7.038662,6.298662,5.828662,4.868662,4.088662,3.938662,3.2786622,2.728662,2.0586622,1.1486621,0.3886621,-0.3413379,-1.0313379,-1.5913379,-1.4813379,-1.2313379,-1.7513379,-1.4713379,-1.4713379,-1.4113379,-1.7813379,-1.7813379,-2.001338,-1.6013379,-2.001338,-2.271338,-2.361338,-2.091338,3.438662,0.03866211,-0.0013378906,3.438662,1.1786621,-0.10133789
7.858662,6.778662,6.628662,5.7186623,6.168662,7.7386622,6.528662,6.838662,6.758662,6.228662,5.288662,4.768662,3.7886622,3.918662,3.2786622,2.5986621,1.8286622,1.2586621,0.6786621,0.18866211,-0.5413379,-1.5213379,-1.7513379,-1.5513378,-1.3713379,-0.9413379,-0.8613379,-0.5313379,-0.35133788,-0.5613379,-0.9313379,-1.9313378,-0.65133786,1.2086622,1.3986621,0.9386621,0.8986621,-0.29133788,1.808662,4.548662,3.5686622
7.148662,8.288662,8.018662,6.288662,6.498662,6.688662,6.938662,6.848662,6.6386623,6.008662,5.2186623,4.368662,4.578662,3.978662,3.6086621,2.8186622,2.218662,1.1086621,-0.58133787,0.5486621,-0.3913379,-0.7813379,-1.0813379,-1.3913379,-0.8413379,-0.35133788,0.3286621,0.1486621,0.4486621,-0.32133788,0.6786621,-0.4013379,0.04866211,1.5486621,2.918662,1.9686621,1.688662,1.8386621,1.9786621,1.3286622,0.5886621
3.2586622,8.398663,8.388662,8.328662,8.268662,7.418662,6.828662,6.498662,6.1986623,5.878662,4.648662,4.4886622,3.868662,2.638662,2.7786622,1.9886621,2.0786622,0.8386621,0.11866211,-1.061338,-2.041338,-2.021338,-2.2413378,-1.4813379,-0.8813379,-0.3613379,-1.1113379,-2.1813378,-1.0713379,1.9686621,2.698662,0.6086621,1.0186621,2.168662,2.5586622,3.5686622,2.978662,0.7986621,-0.22133788,-0.23133789,-0.5113379
3.888662,6.168662,7.598662,8.138662,8.288662,6.498662,7.818662,7.768662,8.2286625,5.1986623,3.0386622,3.8086622,4.288662,3.8486621,2.8086622,2.6086621,1.8986621,0.7986621,-0.77133787,-1.0813379,-1.3813379,-2.031338,-2.2113378,-4.061338,-5.041338,-5.641338,-5.391338,-4.751338,-1.2413379,-0.3913379,0.8086621,3.138662,2.968662,2.698662,2.2886622,2.8386621,2.158662,1.058662,1.6586621,1.9586622,-0.021337891
6.258662,6.548662,6.898662,8.138662,8.498662,8.298662,8.398663,8.358662,7.258662,6.8886623,3.938662,0.9386621,1.9986621,2.7886622,3.618662,3.0386622,2.458662,1.2286621,-0.5413379,-1.9113379,-2.531338,-2.7313378,-3.1913378,-3.271338,-3.121338,-2.291338,-2.4313378,-2.121338,-3.111338,-0.8913379,1.1186621,2.388662,2.0286622,2.488662,3.378662,2.408662,2.468662,2.2786622,1.6986622,1.0886621,1.2186621
3.898662,4.6586623,6.4286623,9.078662,7.278662,8.558662,9.148663,6.768662,7.9086623,7.098662,3.2586622,2.918662,1.8486621,3.8186622,5.208662,4.088662,2.998662,1.8686621,-0.22133788,-1.6613379,-1.441338,-1.7913378,-2.501338,-2.9213378,-2.4813378,-1.7213379,-2.1513379,-0.8813379,0.4686621,0.5586621,1.0786622,3.388662,3.988662,3.8486621,4.038662,3.3586621,3.3586621,2.5986621,2.248662,1.9686621,0.8386621
