wind_kz.json
{"header": {"discipline":0,"disciplineName":"Meteorological products","gribEdition":2,"gribLength":1025,"center":7,"centerName":"US National Weather Service - NCEP(WMC)","subcenter":0,"refTime":"2023-09-19T06:00:00.000Z","significanceOfRT":1,"significanceOfRTName":"Start of forecast","productStatus":0,"productStatusName":"Operational products","productType":1,"productTypeName":"Forecast products","productDefinitionTemplate":0,"productDefinitionTemplateName":"Analysis/forecast at horizontal level/layer at a point in time","parameterCategory":2,"parameterCategoryName":"UnknownDiscipline_0_Category_2","parameterNumber":2,"parameterNumberName":"UnknownParameter_D0_C2_2","parameterUnit":"Unknown","genProcessType":2,"genProcessTypeName":"Forecast","forecastTime":180,"surface1Type":103,"surface1TypeName":"Specified height level above ground","surface1Value":10.0,"surface2Type":255,"surface2TypeName":"Missing","surface2Value":0.0,"gridDefinitionTemplate":0,"gridDefinitionTemplateName":"Latitude_Longitude","numberPoints":615,"shape":6,"shapeName":"Earth spherical with radius of 6,371,229.0 m","gridUnits":"degrees","resolution":48,"winds":"true","scanMode":64,"nx":41,"ny":15,"basicAngle":0,"lo1":47.0,"la1":41.0,"lo2":87.0,"la2":55.0,"dx":1.0,"dy":1.0}, "data":
[rows 0 to 14 of 15, columns 0 to 40 of 41]
-3.3156977,-0.57569766,1.2943023,-0.6856976,-1.5756977,-2.2456977,-4.905698,-3.8056977,-4.2056975,-3.4656975,-4.0356975,-2.8756976,-1.7556976,-0.47569764,-0.08569763,0.044302367,-0.33569762,-2.3956976,-3.5956976,-0.8056976,1.3743024,1.0643023,-1.6856977,-1.3456976,-0.57569766,-1.9056976,-2.5856977,0.47430238,-0.33569762,0.77430236,-1.2556976,0.41430238,-0.64569765,-1.3356977,-3.6356976,-3.7856977,-4.1656976,-4.5956974,-4.2556977,-2.0256977,-2.2956977
0.54430234,-0.31569764,-2.2556977,-2.9756975,-5.0656977,-4.5656977,-4.1256976,-7.3556976,-6.7856975,-5.905698,-4.4756975,-3.9056976,-1.8556976,-4.0456977,-3.8856976,-4.135698,-2.9556975,-3.1656976,-4.4556975,-3.8856976,-2.6756976,-3.1456976,0.41430238,-2.4256976,-0.10569763,1.2143024,-0.6156976,0.90430236,-4.175698,-1.4156976,0.10430237,0.18430237,0.32430238,-3.1056976,0.8243024,-0.76569766,-0.65569764,0.22430237,-0.13569763,0.11430237,-4.5456977
-2.1956975,-5.4356976,-3.4156976,-3.6756976,-1.3856976,-4.6056976,-6.7056975,-7.2656975,-7.715698,-5.3756976,-2.5356977,-4.0356975,-2.4256976,-3.4256976,-3.8156977,-4.5956974,-4.7656975,-5.6056976,-3.9956977,-2.5256977,-8.715697,-9.065698,-6.465698,-6.3356977,-0.095697634,-2.9056976,-2.5756977,0.6943024,-2.1356976,-0.5456976,-1.4356977,1.2343024,-0.40569764,-0.42569762,-1.2356976,-1.2656976,0.23430237,0.5543024,1.8043023,1.3743024,2.5743024
-4.8756976,-6.0956974,-4.0556974,-4.635698,-5.5056977,-4.2656975,-3.3856976,-6.0256977,-5.2656975,-4.4156976,-3.3456976,-4.7556977,-4.9356976,-4.365698,-4.0656977,-4.885698,-4.155698,-3.3656976,-3.3356977,-3.8356977,-7.9856977,-5.945698,-4.0956974,-7.135698,-6.5056977,-6.135698,-5.7356977,-8.635697,-4.3156977,-1.2556976,-1.0356976,-2.7056975,-1.3556976,-3.4456975,-2.5556977,-2.5656977,-2.3356977,1.4743024,2.1243024,-0.53569764,0.014302368
-5.9756975,-7.8956976,-7.965698,-6.8756976,-5.3056974,-4.7756977,-4.8556976,-4.2056975,-4.405698,-3.7356977,-3.7856977,-4.1456976,-5.2456975,-4.195698,-3.9156976,-3.3856976,-3.4656975,-3.4656975,-3.9056976,-4.8556976,-6.675698,-6.2056975,-6.445698,-5.215698,-5.7556977,-5.3756976,-6.8256974,-5.6456976,-3.9356976,-3.5856977,-3.8256977,-1.8556976,-1.9656976,-0.15569763,0.19430237,-0.22569764,-3.2356977,-1.2156976,-1.3556976,1.0043024,0.47430238
-4.905698,-3.7456977,-6.3056974,-5.5356975,-5.6056976,-5.445698,-4.1056976,-3.8856976,-3.3756976,-3.1956975,-3.2056975,-2.9856977,-2.5456977,-3.7956977,-3.4356976,-2.3256977,-2.5556977,-3.7156975,-4.0056977,-3.3856976,-3.6356976,-3.8656976,-3.5056977,-3.7956977,-3.7256975,-3.9756975,-3.4056976,-4.4756975,-3.5456977,-3.8856976,-3.9456975,-4.0656977,-5.4156976,-5.8956976,-2.4056976,-5.4956975,-0.14569764,-2.6356976,0.58430237,-0.6756976,1.0843024
-3.5056977,-3.1756976,-2.8456976,-2.9556975,-2.7556977,-3.4256976,-3.2356977,-3.4756975,-3.3256977,-2.9556975,-3.2056975,-2.9856977,-2.6756976,-2.3756976,-2.1056976,-2.0656977,-2.1756976,-2.9956977,-3.6356976,-3.4456975,-3.2756977,-3.5556977,-4.0156975,-3.7156975,-3.6856976,-2.4156976,-1.5456977,-2.0156977,-0.9856976,-3.1656976,-3.2556977,-3.1056976,-2.4356976,-2.9756975,-2.8656976,-2.0056977,-1.3756976,1.8843024,-2.5956976,1.7043023,1.2743024
-2.6856976,-2.3156977,-3.4456975,-3.4956977,-3.0056977,-3.2556977,-2.8756976,-2.6056976,-2.2256975,-2.2456977,-2.1256976,-2.4556975,-2.2556977,-2.2856977,-1.8856976,-1.9056976,-2.2056975,-2.5056977,-2.6556976,-3.7356977,-3.0556977,-2.7256975,-2.8456976,-3.5156977,-2.4856977,-2.2456977,-3.3656976,-3.6156976,-3.1456976,-3.0056977,-2.9556975,-2.5656977,-2.6956975,-1.6656976,-2.5356977,-1.2356976,0.8743024,0.9943024,0.92430234,1.7743024,-1.3156977
-3.5656977,-2.9756975,-2.9456975,-2.8856976,-2.7356977,-2.6856976,-2.6656976,-2.2556977,-1.2056977,0.10430237,0.7043024,0.37430236,0.17430237,-0.03569763,-0.84569764,-1.9256977,-1.8856976,-2.3456976,-2.3856976,-2.7956977,-3.5556977,-2.7356977,-2.2956977,-2.3256977,-2.0056977,-1.0556977,-1.6356976,-1.9256977,-0.59569764,-0.85569763,-1.7056977,-0.8056976,-0.39569762,-0.89569765,-0.7456976,-0.47569764,0.20430237,-1.7656976,-0.5556976,1.2243024,-2.2056975
-1.8256977,-2.1956975,-1.8356977,-1.5556977,-1.6056976,-0.19569764,0.124302365,0.25430238,0.8843024,0.044302367,-0.30569762,-0.89569765,-0.90569764,-0.015697632,1.0843024,0.26430237,-0.11569763,-0.9856976,-1.5056976,-2.0956976,-2.5556977,-1.0156976,-1.1156976,-1.8256977,-1.5256976,-0.5656976,-0.5456976,-1.3056977,0.15430237,1.2343024,0.25430238,-0.35569763,-1.1956977,-1.0656977,-1.2856976,-1.0356976,-1.7856976,0.004302368,-2.3656976,-0.41569763,-1.3556976
-0.44569764,-0.39569762,-0.27569762,0.21430236,0.92430234,0.8243024,2.2443023,2.0743024,1.9943024,1.3143023,0.7043024,0.6943024,1.1443024,-0.37569764,0.67430234,0.35430238,-0.15569763,-0.08569763,0.17430237,0.28430235,1.0943024,0.54430234,0.48430237,0.24430236,1.1743023,0.49430236,0.14430237,1.1343024,0.5143024,1.1743023,0.6943024,-0.65569764,-0.7456976,0.044302367,0.49430236,-1.0556977,-1.3356977,0.044302367,-0.97569764,1.3443024,-1.2556976
-0.39569762,1.0443023,1.9943024,2.2343023,2.3943024,2.4343023,1.7043023,1.5443023,1.9843024,0.5643024,-0.9356976,1.6043024,0.6243024,0.26430237,1.5843024,1.3743024,1.0543023,1.8743024,1.0743023,1.8243023,1.3043023,1.7243024,1.4443023,1.6743023,1.6143024,1.9343023,0.8843024,1.8843024,1.9743024,1.0143024,0.84430236,1.0343024,0.59430236,0.22430237,0.8143024,1.1543024,0.044302367,-0.29569763,0.07430237,-0.36569762,-0.43569764
1.3843024,1.3643024,2.3943024,1.7143024,1.1143024,0.49430236,1.0043024,-0.23569763,1.2843024,0.29430237,-0.15569763,0.73430234,1.0143024,2.1543024,2.8343024,2.3143024,1.5043024,1.8843024,1.2943023,2.4743023,2.1243024,2.1343024,2.3543024,2.2343023,3.7043023,3.4543023,3.7843025,3.4043024,3.0543025,2.4843023,2.1243024,2.2043023,2.0343025,1.2643024,0.98430234,1.2443024,1.4543023,-0.025697632,0.35430238,-0.25569764,-0.8156976
2.5543025,2.1643023,2.4543023,2.3543024,1.6443024,1.3043023,1.5243024,1.5843024,1.6643023,2.1143024,0.27430236,0.5143024,1.9143023,2.2043023,1.3043023,0.96430236,2.2243023,2.5743024,2.3443024,3.1643023,3.3143024,3.2343023,3.7043023,3.7843025,3.7943025,3.5443025,3.4843023,3.6143024,3.2543023,3.2343023,3.1343024,2.3043025,1.9443023,1.9443023,2.2843025,1.8943024,1.0443023,1.0843024,-0.27569762,0.98430234,-0.51569766
1.3243023,2.3643024,2.7243023,2.3643024,3.3843024,2.0943024,2.4643023,2.0343025,2.5043023,1.2843024,-0.15569763,1.3543024,1.3343024,1.5743023,3.0543025,2.6843023,2.6843023,3.1843023,2.6243024,3.3443024,2.4943023,2.1643023,2.3043025,2.6243024,3.0743024,3.1743023,3.2143023,3.4143023,3.4343023,3.3843024,3.4243023,3.7443023,2.5743024,2.3843024,2.6843023,3.3443024,1.5943024,2.7543023,2.4443023,0.78430235,-1.1856977
