wind_kz.json
{"header": {"discipline":0,"disciplineName":"Meteorological products","gribEdition":2,"gribLength":1025,"center":7,"centerName":"US National Weather Service - NCEP(WMC)","subcenter":0,"refTime":"2025-04-05T18:00:00.000Z","significanceOfRT":1,"significanceOfRTName":"Start of forecast","productStatus":0,"productStatusName":"Operational products","productType":1,"productTypeName":"Forecast products","productDefinitionTemplate":0,"productDefinitionTemplateName":"Analysis/forecast at horizontal level/layer at a point in time","parameterCategory":2,"parameterCategoryName":"UnknownDiscipline_0_Category_2","parameterNumber":3,"parameterNumberName":"UnknownParameter_D0_C2_3","parameterUnit":"Unknown","genProcessType":2,"genProcessTypeName":"Forecast","forecastTime":0,"surface1Type":103,"surface1TypeName":"Specified height level above ground","surface1Value":10.0,"surface2Type":255,"surface2TypeName":"Missing","surface2Value":0.0,"gridDefinitionTemplate":0,"gridDefinitionTemplateName":"Latitude_Longitude","numberPoints":615,"shape":6,"shapeName":"Earth spherical with radius of 6,371,229.0 m","gridUnits":"degrees","resolution":48,"winds":"true","scanMode":64,"nx":41,"ny":15,"basicAngle":0,"lo1":47.0,"la1":41.0,"lo2":87.0,"la2":55.0,"dx":1.0,"dy":1.0}, "data":
[rows 0 to 14 of 15, columns 0 to 40 of 41]
-1.4418161,-0.8718161,4.918184,10.578183,6.1981835,4.418184,-1.0018162,-0.9918161,1.1881839,2.488184,2.988184,2.1281838,3.6481838,5.008184,5.0181837,-1.7018161,0.45818388,-0.6618161,-1.8418161,-1.1418161,2.4281838,0.4781839,-1.3418161,-2.3718162,-1.5118161,-2.6418161,-2.201816,2.0881839,1.3781838,0.5681839,-3.1118162,-3.511816,0.2581839,-0.9818161,-0.3618161,-1.0118161,-2.491816,2.768184,4.588184,4.588184,3.058184
6.4781837,0.8381839,3.8381839,11.638184,9.138184,4.378184,-2.261816,-2.991816,-0.1218161,0.9981839,-0.9718161,-1.3118161,-0.5418161,0.8781839,-0.7218161,-0.7918161,-1.1718161,-1.5718161,-1.861816,-2.771816,-4.071816,-1.8718162,0.2881839,1.3681839,-2.431816,-0.4718161,-0.5218161,1.6581839,-0.0218161,1.0481839,-2.1518161,-3.3518162,-2.301816,-1.5418161,-3.171816,-1.1718161,-1.5718161,-3.921816,-0.4018161,-0.6718161,1.9681839
-1.491816,-0.4818161,5.668184,6.4881835,5.3381834,3.8481839,1.4181839,2.218184,-2.271816,3.038184,2.468184,-1.3818161,-1.0618161,0.6781839,0.9081839,-0.3418161,-2.221816,1.3581839,-0.0618161,-1.9118161,-2.5718162,-3.181816,-0.8918161,-0.6118161,1.398184,1.1881839,0.6781839,2.3581839,3.3481839,1.1081839,1.5281839,2.4081838,2.468184,0.1581839,4.148184,0.3481839,-0.6018161,-1.6518161,0.4981839,-0.2118161,1.398184
1.0381839,2.028184,2.208184,4.7681837,4.328184,4.2481837,5.098184,2.268184,2.458184,2.768184,0.9581839,0.1081839,-0.7918161,-2.221816,-0.7518161,2.328184,0.5781839,-1.231816,-0.9618161,1.388184,-1.3218161,-0.7418161,-0.7318161,-0.031816103,-1.231816,0.6081839,2.708184,1.8381839,3.248184,0.3781839,-2.8718162,-3.6518161,-0.4218161,1.5881839,-3.0918162,0.7481839,3.3881838,3.818184,1.0581839,1.148184,-1.3818161
0.7881839,0.8281839,-0.011816101,-0.3118161,-1.0818161,-0.0418161,-1.491816,0.7181839,1.4581839,0.9481839,3.9281838,4.078184,2.958184,1.6581839,0.0981839,-0.4218161,-0.4918161,-0.6218161,-2.001816,-1.111816,1.4981838,-0.3518161,-2.221816,-1.1918161,-2.011816,-1.5918161,1.268184,-0.5418161,-2.1218162,-2.0918162,-0.22181611,1.2981839,1.9281839,1.8381839,-0.9618161,1.2181839,-3.691816,2.498184,-0.5518161,-0.9418161,-4.061816
1.9181839,0.5981839,-0.2618161,0.3481839,-0.2318161,-1.0018162,-1.3318161,-0.7118161,-0.6818161,0.7581839,-0.001816101,3.6481838,2.548184,2.518184,0.4781839,-1.4018161,0.8381839,-0.29181612,-0.8518161,0.4481839,0.3681839,0.8481839,-0.1618161,-0.8918161,-0.7318161,0.2081839,2.4181838,2.1581838,0.5681839,-1.4518161,-2.671816,-0.051816102,-0.0418161,0.7381839,1.3381839,0.3181839,-0.2118161,-0.9918161,1.398184,2.988184,-4.811816
3.4381838,3.748184,2.6681838,2.6881838,2.448184,2.228184,1.398184,0.038183898,2.748184,1.768184,1.388184,3.308184,5.028184,3.738184,3.068184,1.6881839,-0.8618161,0.9681839,2.498184,1.8781838,0.2281839,2.078184,1.8581839,1.3381839,-0.4318161,0.058183897,-0.29181612,3.558184,0.5881839,1.9181839,-0.8118161,-2.8418162,0.2681839,0.1781839,-1.5718161,-0.1718161,-0.9718161,1.8081839,-1.481816,-0.7318161,-3.951816
5.7581835,3.6181839,6.2281837,5.2181835,5.4681835,4.818184,3.988184,2.9281838,3.3581839,2.818184,2.1481838,1.2981839,3.238184,4.5581837,4.388184,3.6381838,3.578184,2.6681838,3.498184,3.788184,2.9281838,2.968184,0.8681839,3.218184,2.528184,0.9881839,0.9681839,0.9981839,-0.1418161,-1.3418161,0.45818388,0.7281839,-0.5418161,-0.7518161,0.5081839,0.5681839,-2.6418161,-1.101816,-1.2118161,0.3481839,-0.6318161
3.0881839,3.058184,2.758184,2.308184,3.3481839,5.0181837,4.898184,5.648184,4.2681837,3.8481839,3.978184,3.1881838,2.1281838,2.798184,3.578184,3.968184,4.178184,3.968184,3.3381839,3.8481839,3.828184,3.6781838,3.238184,2.968184,3.8581839,3.6181839,2.8481839,2.3981838,2.308184,1.1881839,0.7981839,1.6181839,1.9081839,2.268184,2.718184,2.5881839,-2.671816,-0.7818161,-0.031816103,-0.4118161,-3.031816
4.628184,3.758184,3.078184,3.9181838,3.1681838,3.268184,2.458184,3.038184,3.1781838,4.908184,4.108184,4.578184,4.9981837,4.608184,4.338184,3.478184,4.708184,5.1581836,4.7681837,4.338184,4.468184,4.318184,3.968184,4.098184,4.208184,4.828184,4.158184,3.798184,2.948184,3.1581838,1.9681839,1.648184,-0.1618161,4.488184,3.3381839,1.4981838,0.8781839,-2.4018161,0.6981839,4.408184,3.6681838
3.6381838,4.798184,4.178184,3.8881838,4.348184,3.6381838,3.9081838,3.8781838,3.988184,5.8481836,4.258184,4.348184,3.8881838,3.6581838,3.3781838,3.6781838,3.568184,5.2981834,6.6781836,6.1181836,5.5981836,4.678184,4.028184,3.788184,3.528184,4.7281837,4.348184,5.2381835,4.7281837,3.738184,3.698184,3.1381838,2.968184,3.278184,4.278184,2.8381839,1.4781839,2.3981838,1.9081839,1.138184,0.018183898
3.738184,4.318184,4.028184,3.1581838,4.658184,4.348184,4.628184,4.548184,3.3881838,3.008184,2.6381838,2.3381839,2.9081838,3.208184,3.068184,3.778184,3.708184,4.068184,4.358184,5.3281837,6.1281834,5.088184,4.178184,3.978184,3.8381839,3.798184,5.3481836,5.7281837,6.2181835,5.2281837,3.998184,4.0181837,3.748184,4.158184,3.448184,5.2481837,5.7281837,3.998184,3.0881839,2.6281838,1.898184
0.3681839,-0.2418161,-1.241816,-2.301816,-1.4618161,0.7181839,1.898184,2.548184,1.0281839,1.508184,1.9981838,1.888184,2.288184,2.038184,3.058184,3.458184,3.4081838,3.3681839,3.788184,3.578184,4.958184,5.048184,4.8081837,4.828184,4.858184,4.7481837,4.778184,4.888184,5.6581836,5.918184,5.8681836,5.648184,5.708184,6.2881837,5.3381834,4.7681837,4.2481837,3.3381839,4.338184,3.3781838,2.948184
0.6481839,-0.1118161,-0.3818161,-0.031816103,-0.1718161,-0.4518161,-0.7218161,0.008183899,-0.3818161,0.0981839,1.638184,0.6181839,2.4081838,3.218184,2.0881839,2.018184,0.7081839,1.4681839,1.8681839,3.058184,4.208184,4.758184,4.658184,4.328184,4.348184,4.3081837,4.348184,4.908184,4.468184,4.8081837,4.908184,5.2481837,5.5081835,5.8081837,5.3381834,5.148184,4.218184,3.8781838,3.3781838,2.9281838,3.328184
-1.1218162,-1.4118161,-0.0918161,1.1181839,2.048184,1.0381839,0.6481839,1.3581839,1.8181839,1.9281839,0.8881839,1.1981839,0.8281839,0.058183897,-0.1818161,-1.1718161,-1.5418161,-0.7418161,0.3181839,0.6081839,1.0681839,-0.7618161,-0.6018161,1.3081839,2.968184,4.128184,4.658184,4.9981837,5.148184,5.3781834,5.6381836,5.9881835,5.1981835,5.2981834,5.688184,6.3381834,6.0581837,4.658184,4.008184,3.768184,2.3581839
