wind_kz.json
{"header": {"discipline":0,"disciplineName":"Meteorological products","gribEdition":2,"gribLength":871,"center":7,"centerName":"US National Weather Service - NCEP(WMC)","subcenter":0,"refTime":"2024-04-08T12:00:00.000Z","significanceOfRT":1,"significanceOfRTName":"Start of forecast","productStatus":0,"productStatusName":"Operational products","productType":1,"productTypeName":"Forecast products","productDefinitionTemplate":0,"productDefinitionTemplateName":"Analysis/forecast at horizontal level/layer at a point in time","parameterCategory":0,"parameterCategoryName":"UnknownDiscipline_0_Category_0","parameterNumber":0,"parameterNumberName":"UnknownParameter_D0_C0_0","parameterUnit":"Unknown","genProcessType":2,"genProcessTypeName":"Forecast","forecastTime":120,"surface1Type":1,"surface1TypeName":"Ground or water surface","surface1Value":0.0,"surface2Type":255,"surface2TypeName":"Missing","surface2Value":0.0,"gridDefinitionTemplate":0,"gridDefinitionTemplateName":"Latitude_Longitude","numberPoints":615,"shape":6,"shapeName":"Earth spherical with radius of 6,371,229.0 m","gridUnits":"degrees","resolution":48,"winds":"true","scanMode":64,"nx":41,"ny":15,"basicAngle":0,"lo1":47.0,"la1":41.0,"lo2":87.0,"la2":55.0,"dx":1.0,"dy":1.0}, "data":
[rows 0 to 14 of 15, columns 0 to 40 of 41]
301.3222,287.4222,294.3222,283.52222,284.72223,285.4222,301.12222,309.9222,305.9222,305.52222,303.22223,302.8222,300.72223,301.22223,297.8222,298.9222,294.52222,296.62222,290.22223,293.12222,297.3222,293.9222,290.52222,286.02222,295.9222,296.02222,290.02222,280.22223,282.22223,281.12222,278.3222,276.52222,292.3222,298.22223,298.12222,297.52222,298.12222,296.02222,295.8222,296.02222,295.62222
274.72223,296.3222,283.9222,283.8222,283.9222,284.8222,310.12222,305.52222,304.62222,304.12222,304.62222,302.8222,301.3222,301.3222,300.22223,297.3222,298.8222,296.22223,291.22223,288.72223,288.62222,289.22223,287.22223,280.8222,273.22223,274.9222,291.22223,283.9222,289.72223,274.22223,282.62222,268.62222,286.62222,259.3222,263.52222,292.8222,290.62222,293.02222,295.4222,288.62222,280.3222
300.22223,284.12222,286.22223,284.4222,284.02222,303.72223,307.02222,306.62222,305.72223,303.62222,302.8222,301.9222,303.12222,300.02222,298.62222,298.9222,297.9222,294.8222,294.62222,289.72223,291.02222,289.9222,288.72223,284.62222,286.9222,290.02222,291.9222,292.8222,291.3222,284.9222,276.72223,278.4222,284.9222,284.52222,284.4222,284.62222,272.52222,282.12222,280.62222,273.3222,268.12222
299.72223,285.9222,283.8222,283.72223,288.02222,303.3222,304.3222,304.62222,306.4222,305.3222,302.9222,300.62222,286.8222,286.8222,296.4222,299.12222,298.22223,298.4222,296.52222,296.4222,296.02222,286.4222,292.72223,293.8222,294.9222,292.62222,294.3222,288.4222,292.9222,292.52222,292.4222,291.8222,296.4222,296.3222,294.02222,288.62222,273.52222,260.52222,281.62222,283.62222,286.8222
301.12222,284.72223,283.8222,284.52222,292.12222,304.22223,304.9222,306.72223,306.22223,305.12222,303.22223,303.22223,286.3222,286.62222,284.3222,299.62222,299.72223,298.22223,296.9222,296.12222,295.12222,297.12222,295.4222,295.8222,293.9222,291.9222,288.52222,286.22223,293.4222,294.02222,295.4222,292.02222,279.9222,264.9222,283.12222,286.4222,284.4222,289.52222,289.3222,289.62222,287.62222
302.9222,303.4222,283.8222,282.72223,281.4222,282.22223,301.72223,304.4222,303.4222,301.8222,302.4222,302.22223,286.52222,284.4222,285.3222,301.72223,300.22223,299.22223,297.52222,297.22223,295.9222,295.4222,295.3222,293.12222,292.4222,289.4222,289.12222,271.8222,291.3222,291.52222,290.3222,291.52222,289.22223,287.02222,283.72223,282.52222,276.9222,282.62222,286.12222,286.02222,286.52222
302.12222,302.8222,303.62222,301.8222,291.52222,294.9222,299.4222,297.72223,300.3222,299.52222,299.3222,298.12222,298.8222,298.02222,298.12222,297.9222,298.52222,299.62222,297.72223,296.02222,295.4222,294.9222,294.12222,293.02222,291.4222,290.8222,290.62222,291.22223,290.9222,291.22223,290.9222,291.02222,289.4222,288.22223,287.4222,285.52222,277.22223,273.4222,268.12222,271.12222,282.02222
302.02222,302.02222,302.8222,301.8222,301.9222,299.4222,298.4222,293.4222,295.9222,292.22223,295.9222,296.02222,296.62222,295.62222,297.12222,296.52222,292.52222,295.12222,293.8222,292.12222,292.9222,293.72223,292.8222,289.8222,288.12222,286.3222,286.8222,288.4222,286.72223,287.9222,285.72223,287.3222,286.22223,277.02222,277.02222,275.9222,281.02222,273.12222,281.72223,281.3222,277.02222
298.8222,299.12222,299.9222,300.12222,299.72223,299.62222,297.22223,295.8222,295.22223,294.4222,294.3222,293.52222,293.22223,295.9222,296.12222,296.4222,294.22223,293.9222,289.22223,289.9222,288.3222,287.62222,290.22223,287.12222,286.52222,285.72223,284.3222,283.8222,281.9222,279.4222,278.9222,278.22223,281.62222,281.4222,280.9222,274.9222,277.12222,274.72223,264.3222,265.02222,261.8222
297.02222,296.4222,296.02222,295.72223,295.3222,294.9222,294.12222,293.3222,294.22223,292.72223,292.22223,292.62222,293.9222,294.22223,292.8222,292.8222,292.4222,293.22223,292.3222,291.12222,289.12222,288.52222,287.3222,286.22223,285.8222,283.8222,282.3222,282.9222,283.8222,283.22223,285.3222,287.9222,288.4222,284.52222,281.72223,278.8222,274.3222,269.8222,269.02222,271.02222,269.22223
295.9222,296.4222,295.22223,294.22223,294.4222,293.22223,293.3222,293.02222,291.22223,286.62222,285.4222,286.62222,288.02222,289.52222,291.12222,288.72223,289.22223,292.12222,291.72223,287.22223,289.02222,286.02222,288.12222,287.3222,282.9222,282.72223,280.3222,284.9222,284.62222,282.9222,283.52222,282.12222,281.3222,282.02222,282.9222,278.22223,273.02222,273.02222,273.3222,273.22223,271.4222
292.9222,293.52222,292.9222,291.22223,290.22223,286.12222,285.52222,285.62222,285.72223,285.22223,283.4222,285.62222,284.8222,284.22223,285.62222,287.72223,288.12222,287.22223,287.12222,287.52222,287.22223,286.3222,285.72223,282.8222,282.3222,284.02222,283.3222,285.52222,285.12222,283.12222,282.12222,279.4222,280.02222,277.8222,279.22223,277.62222,276.52222,275.8222,275.52222,275.62222,275.9222
288.62222,287.8222,286.8222,287.8222,288.12222,287.4222,285.3222,283.4222,282.9222,286.02222,282.8222,282.72223,286.4222,286.52222,284.9222,283.9222,284.62222,285.52222,284.9222,283.62222,283.62222,285.3222,284.12222,284.72223,283.22223,286.02222,286.8222,283.3222,283.02222,281.52222,281.52222,280.52222,277.12222,276.62222,276.8222,275.52222,275.3222,276.9222,274.62222,273.9222,274.8222
284.52222,286.3222,277.8222,283.9222,284.72223,282.22223,284.4222,283.3222,283.4222,282.02222,283.9222,281.8222,285.72223,285.9222,285.8222,286.22223,283.9222,285.22223,286.22223,286.52222,284.02222,282.22223,283.62222,282.9222,284.02222,283.22223,282.9222,283.62222,282.12222,282.8222,280.4222,278.9222,277.02222,275.12222,275.22223,274.4222,274.72223,274.22223,273.9222,273.62222,274.22223
282.4222,284.62222,273.22223,282.72223,282.02222,280.8222,283.9222,278.62222,280.4222,280.12222,279.72223,279.02222,279.22223,283.02222,283.8222,285.62222,282.8222,282.62222,286.02222,285.52222,283.72223,285.02222,285.3222,284.12222,284.22223,282.62222,282.52222,284.62222,282.12222,281.02222,279.62222,276.8222,277.52222,275.3222,274.8222,274.22223,274.02222,273.9222,274.62222,274.22223,273.72223
