wind_kz.json
{"header": {"discipline":0,"disciplineName":"Meteorological products","gribEdition":2,"gribLength":1025,"center":7,"centerName":"US National Weather Service - NCEP(WMC)","subcenter":0,"refTime":"2023-10-01T00:00:00.000Z","significanceOfRT":1,"significanceOfRTName":"Start of forecast","productStatus":0,"productStatusName":"Operational products","productType":1,"productTypeName":"Forecast products","productDefinitionTemplate":0,"productDefinitionTemplateName":"Analysis/forecast at horizontal level/layer at a point in time","parameterCategory":2,"parameterCategoryName":"UnknownDiscipline_0_Category_2","parameterNumber":2,"parameterNumberName":"UnknownParameter_D0_C2_2","parameterUnit":"Unknown","genProcessType":2,"genProcessTypeName":"Forecast","forecastTime":0,"surface1Type":103,"surface1TypeName":"Specified height level above ground","surface1Value":10.0,"surface2Type":255,"surface2TypeName":"Missing","surface2Value":0.0,"gridDefinitionTemplate":0,"gridDefinitionTemplateName":"Latitude_Longitude","numberPoints":615,"shape":6,"shapeName":"Earth spherical with radius of 6,371,229.0 m","gridUnits":"degrees","resolution":48,"winds":"true","scanMode":64,"nx":41,"ny":15,"basicAngle":0,"lo1":47.0,"la1":41.0,"lo2":87.0,"la2":55.0,"dx":1.0,"dy":1.0}, "data":
[rows 0 to 14 of 15, columns 0 to 40 of 41]
-0.6322412,-0.23224121,-0.5922412,-4.3022413,-3.8822412,-4.0322413,-3.8422413,-3.8822412,-2.6822412,-1.4822412,-1.6822412,-2.032241,-2.3222413,-2.1822412,0.07775879,-0.20224121,-0.6922412,0.9377588,0.39775878,0.2277588,1.4777588,-0.21224122,-1.2722412,-2.272241,0.027758788,-1.8922412,-2.6222413,-0.6822412,-0.21224122,0.15775879,-0.58224124,0.7977588,0.5477588,0.45775878,-3.4522412,-2.272241,-0.71224123,0.24775879,2.1677587,0.9677588,-2.1622412
1.5777588,0.09775879,-3.8822412,-4.292241,-4.4722414,-3.3922412,-2.022241,-2.4622412,-1.3022412,0.21775879,-0.6322412,-2.0922413,-1.2022412,-0.9922412,-0.3022412,-0.11224121,1.8677588,-0.38224122,0.8177588,2.8077588,2.6777587,1.5977588,-0.042241212,-3.0822413,-0.6222412,0.6777588,-0.8022412,1.6477588,-0.10224121,-0.38224122,0.6277588,0.06775879,-0.4822412,-2.2222412,0.11775879,-0.5422412,-1.4622412,0.6277588,-0.7322412,2.5377588,1.5377588
-1.2422413,-4.7222414,-3.782241,-3.1622412,-1.9522412,-1.0322412,-1.0522412,0.5577588,-0.25224122,-0.5122412,0.78775877,0.7477588,0.6477588,1.2777588,0.30775878,0.8277588,2.0377588,4.0477586,3.7977588,3.5277588,3.3277588,2.7777588,-0.8022412,-0.8422412,-0.15224122,-0.002241211,0.18775879,-1.0022413,-1.7222412,-0.4522412,-1.5322412,2.0277588,-0.8222412,-1.1022412,-0.25224122,-1.1322412,-0.77224123,0.21775879,3.8077588,2.7377589,0.8077588
-3.1322412,-3.0122411,-1.7322412,-0.8422412,-0.9222412,-0.7322412,0.4377588,1.4877588,2.1277587,3.207759,2.1777587,1.2077588,2.3477588,2.8077588,1.4177588,2.6577587,3.5177588,4.227759,3.7677588,4.187759,2.5377588,0.7777588,0.23775879,1.4577588,-0.09224121,3.2777588,-0.44224122,-2.3022413,-0.8422412,-2.522241,-2.4922411,-3.6622412,-3.3422413,-2.9722412,-3.0922413,-2.6922412,-1.3122412,2.0877588,-0.08224121,0.7077588,-0.7322412
-0.89224124,0.72775877,1.7077588,1.5977588,1.8877587,1.6177588,1.6277587,2.0977588,2.9077587,1.1677588,1.3077588,1.1977588,-0.22224121,0.9577588,2.1477587,2.4477587,3.1777587,0.6377588,0.7777588,-1.9222412,-4.0522413,-4.9522414,-7.2022414,-7.2022414,-6.462241,-5.1122413,-5.712241,-3.7122412,-3.4922411,-1.5522412,-3.4122412,-2.3422413,-1.7122412,1.6677588,1.9977587,0.11775879,1.5377588,2.8377588,2.6877587,2.5077589,1.0277588
-3.1522412,-2.1122413,-2.0522413,-2.5122411,-3.7122412,-2.8222413,-0.3022412,3.0077589,1.5477588,1.5477588,0.03775879,-1.1922412,-1.1022412,-1.8322412,-0.9922412,0.6577588,-0.5722412,-1.9922413,-3.7322412,-5.292241,-5.792241,-4.082241,-2.9322412,-4.352241,-2.9522412,-2.4722412,-2.1122413,2.477759,-0.002241211,0.5277588,-2.1022413,-2.4922411,-2.7322412,-2.4222412,0.12775879,-0.8022412,0.84775877,1.6877588,4.877759,-2.9822412,-1.3622413
-3.292241,-2.7222412,-2.6922412,-2.6422412,-2.1222413,-1.1022412,-0.29224122,0.24775879,0.047758788,1.6677588,0.047758788,-1.0522412,-0.32224122,-1.4922413,-0.83224124,-0.3422412,-4.5122414,-5.2622414,-4.062241,-4.102241,-2.772241,-1.7022412,0.05775879,0.027758788,-1.7322412,-3.5822413,-3.9422412,-4.6322412,-3.5722413,-3.3722413,-3.1722412,-1.6622412,-0.3022412,0.39775878,-1.4822412,-0.9522412,-1.2322412,2.4377587,0.84775877,0.3577588,1.0477588
-2.8822412,-2.8422413,-2.782241,-2.2122412,-1.4322412,-1.1722412,-1.2122412,-1.2222412,-0.38224122,0.23775879,-2.5522413,-2.3122413,-1.5522412,-1.9022412,-2.292241,-3.1122413,-3.282241,-3.0022411,-2.3222413,-1.8422412,-0.9222412,-2.1522412,-2.4822412,-1.9322412,-2.272241,-2.4022412,-3.5522413,-2.9322412,-3.5922413,-2.772241,-2.5922413,-1.3522412,-3.3622413,-1.2522413,1.4477588,2.3877587,3.9177587,4.7377586,0.91775876,0.6377588,-0.9522412
-2.9322412,-2.1122413,-2.1222413,-1.7622412,-2.0122411,-1.9422412,-1.2322412,-1.0322412,-1.3622413,-1.7722412,-2.5622413,-2.8922412,-2.6422412,-1.6522412,-1.7122412,-1.7222412,-0.6322412,-2.4422412,-2.7222412,-3.4222412,-2.0022411,0.49775878,-0.52224123,-3.5522413,-3.7422411,-3.2522411,-2.042241,-2.3822412,-1.6622412,-1.5822412,-1.5922412,-1.7822412,-0.9522412,-0.35224122,0.3577588,1.1177588,0.5277588,-0.9222412,-0.7222412,0.7577588,-0.3022412
-2.042241,-1.8922412,-1.9922413,-1.9722412,-2.0722413,-1.7122412,-2.1322412,-2.032241,-2.2422411,-2.542241,-2.8622413,-4.232241,-3.2522411,-3.3022413,-3.2422411,-1.7822412,-2.3122413,-2.8422413,-3.7222412,-3.5022411,-3.7022412,-3.4022412,-2.9022412,-3.3922412,-3.4622412,-3.1022413,-2.4522412,-1.7322412,-1.6522412,-0.8422412,-0.15224122,0.8177588,2.1877587,1.5277588,0.9677588,1.8077588,1.1777588,0.5477588,-0.07224121,0.2277588,0.2677588
-1.0622412,-1.8322412,-1.6122413,-1.1622412,-2.2022412,-2.5022411,-1.9922413,-2.1322412,-2.7522411,-3.1922412,-3.0722413,-2.3822412,-3.2422411,-3.5822413,-2.6422412,-2.522241,-3.2022412,-2.4022412,-2.9522412,-4.7222414,-3.272241,-3.272241,-2.6922412,-2.5522413,-2.4722412,-2.3622413,-1.0922412,-1.4522412,-1.7622412,-0.2622412,-0.32224122,-1.8922412,-1.4322412,-0.07224121,0.4877588,0.9677588,-0.10224121,0.9477588,1.0777588,0.11775879,0.14775878
-0.6222412,-0.3422412,-1.0222412,-1.5022413,-1.5722412,-1.4622412,-1.7522413,-2.0122411,-2.0522413,-2.7422411,-2.9022412,-2.0822413,-2.1522412,-2.782241,-2.4322412,-2.4022412,-2.1322412,-2.1922412,-3.1022413,-2.6922412,-2.772241,-1.9522412,-2.3422413,-2.2122412,-2.1222413,-2.272241,-1.1722412,-0.7222412,-1.5022413,-2.9322412,-2.1022413,-1.2422413,-0.18224122,-0.9422412,0.8377588,1.6077588,1.7377588,1.1577588,0.08775879,0.1977588,-0.2622412
0.78775877,0.33775878,0.3477588,-0.5922412,-0.8822412,-0.6722412,-0.8122412,-1.2422413,-2.1322412,-1.1722412,-1.1322412,-2.292241,-1.2922412,-1.9222412,-1.7222412,-1.6022412,-1.6822412,-2.1222413,-1.7422413,-1.8622413,-1.9922413,-2.1722412,-1.1922412,-1.2122412,-2.532241,-2.8622413,-3.3622413,-4.0122414,-3.3222413,-2.4822412,-2.5622413,-1.9322412,-1.6322412,-2.522241,-2.1822412,-1.6922412,-1.8322412,-0.44224122,-2.0022411,-0.17224121,0.08775879
1.1977588,0.2877588,0.3477588,-0.35224122,-0.32224122,-0.05224121,0.1677588,-1.4822412,-0.1622412,0.03775879,-1.1522412,-1.5122412,-1.0122412,-0.6222412,-0.7322412,-1.2522413,-1.5622412,-2.4622412,-2.9622412,-2.522241,-1.8522412,-1.2922412,-0.4622412,-1.4622412,-2.4422412,-2.6022413,-3.0622413,-3.3722413,-2.9922411,-3.2322412,-2.4622412,-2.3322413,-2.1722412,-2.1922412,-1.9022412,-2.4522412,-1.5722412,-1.7322412,-1.1222413,-0.5922412,1.9077588
0.33775878,-0.38224122,0.24775879,-0.1622412,0.23775879,0.4477588,1.2677588,-0.012241211,-0.5422412,-1.1222413,-1.0122412,-0.15224122,-0.3122412,-0.3922412,-0.7622412,-1.0622412,-1.1222413,-2.032241,-1.8022412,-2.2022412,-1.8722413,-1.9722412,-1.9222412,-2.2222412,-2.4622412,-2.6322412,-2.5122411,-3.0922413,-2.6822412,-2.9122412,-2.7322412,-3.3622413,-2.4422412,-2.3222413,-1.9622412,-1.8722413,-1.2422413,-1.4722412,-0.47224122,-0.58224124,0.23775879
