wind_kz.json
{"header": {"discipline":0,"disciplineName":"Meteorological products","gribEdition":2,"gribLength":1025,"center":7,"centerName":"US National Weather Service - NCEP(WMC)","subcenter":0,"refTime":"2023-09-19T00:00:00.000Z","significanceOfRT":1,"significanceOfRTName":"Start of forecast","productStatus":0,"productStatusName":"Operational products","productType":1,"productTypeName":"Forecast products","productDefinitionTemplate":0,"productDefinitionTemplateName":"Analysis/forecast at horizontal level/layer at a point in time","parameterCategory":2,"parameterCategoryName":"UnknownDiscipline_0_Category_2","parameterNumber":3,"parameterNumberName":"UnknownParameter_D0_C2_3","parameterUnit":"Unknown","genProcessType":2,"genProcessTypeName":"Forecast","forecastTime":240,"surface1Type":103,"surface1TypeName":"Specified height level above ground","surface1Value":10.0,"surface2Type":255,"surface2TypeName":"Missing","surface2Value":0.0,"gridDefinitionTemplate":0,"gridDefinitionTemplateName":"Latitude_Longitude","numberPoints":615,"shape":6,"shapeName":"Earth spherical with radius of 6,371,229.0 m","gridUnits":"degrees","resolution":48,"winds":"true","scanMode":64,"nx":41,"ny":15,"basicAngle":0,"lo1":47.0,"la1":41.0,"lo2":87.0,"la2":55.0,"dx":1.0,"dy":1.0}, "data":
[rows 0 to 14 of 15, columns 0 to 40 of 41]
-0.33593506,-1.915935,1.934065,5.314065,3.544065,2.9540648,2.144065,1.474065,-0.71593505,0.27406493,-1.4859351,-0.85593504,-1.805935,-2.5259352,-2.445935,-2.0259352,-2.635935,-1.545935,-1.8859351,-1.5159351,-0.60593504,0.34406495,1.064065,-1.2159351,-0.23593506,-0.41593507,-0.57593507,0.8140649,2.644065,4.044065,1.1640649,-0.9459351,0.58406496,0.6340649,0.70406497,1.5240649,1.8940649,1.714065,1.2840649,-0.73593503,-0.37593505
4.394065,0.19406494,3.564065,4.084065,4.654065,4.014065,-0.13593505,1.214065,0.70406497,0.23406494,-0.88593507,-2.185935,-2.735935,-2.2959352,-3.5659351,-2.605935,-1.395935,-3.385935,-4.4259353,-2.5559351,1.0240649,0.09406494,1.594065,1.604065,0.8840649,0.58406496,-1.2259351,1.474065,0.14406495,2.114065,3.574065,3.794065,0.14406495,-0.98593503,-3.685935,-0.29593506,-0.9959351,-0.41593507,-0.57593507,0.35406494,-0.54593503
-0.79593503,2.774065,3.274065,2.524065,3.4340649,2.124065,1.4840649,1.344065,1.6240649,0.5640649,-0.60593504,-1.025935,-2.8159351,-2.435935,-2.105935,-2.405935,-2.0259352,-2.875935,-3.985935,-3.7959352,-0.05593506,-1.2659351,-0.40593505,1.324065,0.10406494,-0.03593506,0.32406494,-0.07593506,-0.49593505,0.98406494,3.584065,0.70406497,1.5140649,-0.98593503,-0.21593505,2.9540648,5.254065,0.61406493,1.564065,-1.815935,-1.895935
0.64406496,1.584065,1.3640649,4.314065,1.0040649,2.124065,2.914065,3.6740649,2.394065,1.3640649,0.14406495,-1.575935,-3.875935,-1.805935,-2.0459352,-2.935935,-2.255935,-2.705935,-3.595935,-4.365935,-2.675935,-0.8759351,0.16406494,-0.45593506,0.07406494,-0.43593505,-0.11593506,-0.9359351,1.1140649,-1.3359351,-1.195935,-0.02593506,-1.035935,-0.34593505,-0.72593504,-2.695935,-2.165935,1.1340649,4.0940647,0.05406494,0.7540649
-0.85593504,-0.90593505,0.53406495,1.6340649,1.934065,2.4240649,2.264065,3.904065,3.7140648,1.9940649,0.78406495,-0.90593505,-3.0359352,-2.995935,-2.855935,-2.8059351,-2.8159351,-2.715935,-2.235935,-2.5559351,-2.0659351,-1.045935,-0.9359351,-1.3459351,-1.1359351,-1.2459351,-1.7459351,-2.095935,-1.525935,-2.205935,-2.005935,0.024064941,1.814065,2.654065,0.32406494,-1.8559351,0.35406494,-1.315935,0.33406493,0.024064941,-0.38593507
-0.58593506,-1.175935,-1.5059351,1.064065,2.574065,2.504065,2.414065,2.4740648,2.804065,1.7640649,-0.25593507,-0.96593505,-2.725935,-2.515935,-2.235935,-2.845935,-2.8059351,-1.895935,-2.165935,-2.7959352,-2.405935,-0.90593505,0.36406493,-0.70593506,-0.53593504,-1.155935,-1.455935,-2.145935,-1.895935,-2.115935,-2.5459352,-2.945935,-0.76593506,-2.0259352,1.5240649,5.884065,2.364065,3.9440649,0.49406493,-0.8659351,-0.60593504
0.18406494,0.44406494,0.38406494,0.22406495,1.5340649,1.924065,2.304065,2.304065,1.594065,1.1640649,0.31406495,0.83406496,-0.15593506,-1.4759351,-2.135935,-2.755935,-2.905935,-1.555935,-1.575935,-0.5559351,-3.175935,-1.955935,-0.84593505,-0.19593506,-0.27593505,0.08406494,-2.405935,-2.0359352,-3.485935,-2.715935,-3.5459352,-4.475935,-3.985935,-2.085935,-1.1059351,-1.315935,-3.405935,-2.675935,1.0340649,-0.83593506,0.8740649
2.334065,2.1940649,1.834065,1.944065,2.064065,1.724065,2.1740649,1.9140649,0.96406496,0.014064942,-0.015935058,1.8640649,0.34406495,-0.58593506,-1.705935,-1.705935,-2.095935,-1.815935,-1.8759351,0.16406494,-2.505935,-3.155935,-2.895935,-1.305935,1.564065,0.8040649,1.174065,-1.5159351,-1.5859351,-3.3059351,-3.005935,-2.705935,-2.985935,-4.015935,-0.10593506,-0.8159351,0.13406494,0.33406493,-0.76593506,0.8740649,-2.165935
2.574065,2.654065,2.1740649,1.9140649,1.4140649,1.8940649,2.254065,1.9940649,1.6140649,1.464065,1.0340649,2.264065,1.344065,0.25406495,-0.6259351,-1.5059351,-1.4759351,-0.31593505,-0.46593505,-0.95593506,-0.38593507,-2.345935,-2.975935,-2.695935,-1.805935,1.9140649,0.73406494,0.27406493,-0.22593506,-0.63593507,-1.3759351,-1.7659351,-0.32593507,-1.285935,-0.78593504,0.5040649,-2.645935,-0.28593504,1.2440649,0.64406496,-2.915935
1.4140649,2.264065,2.614065,2.544065,2.534065,1.814065,2.274065,2.4740648,2.1940649,1.7740649,1.824065,2.494065,2.624065,1.2540649,-0.35593507,-0.71593505,0.45406494,0.86406493,0.52406496,0.8040649,1.3840649,-0.36593506,0.21406494,-0.37593505,-0.8759351,0.33406493,-0.34593505,1.1240649,1.1240649,0.73406494,0.57406497,0.6340649,0.67406493,-0.49593505,-0.16593505,-0.06593506,0.09406494,-2.185935,-0.96593505,2.734065,2.824065
-0.09593506,0.60406494,2.004065,1.854065,1.854065,2.404065,3.054065,2.884065,1.714065,1.3740649,2.2040648,2.404065,2.774065,3.394065,0.64406496,0.90406495,0.95406497,1.1240649,1.6240649,0.24406494,-0.5559351,1.8840649,0.85406494,0.7540649,0.49406493,0.40406495,0.024064941,0.25406495,1.684065,1.834065,1.9940649,1.294065,1.6140649,1.214065,0.77406496,0.6940649,0.06406494,1.6640649,1.204065,1.4940649,0.05406494
-2.215935,-1.655935,1.094065,2.264065,2.744065,2.804065,2.2040648,2.664065,2.034065,2.024065,2.064065,1.174065,2.4540648,2.554065,2.654065,2.084065,2.554065,1.204065,1.934065,1.834065,2.354065,1.314065,0.57406497,0.17406493,0.26406494,0.27406493,2.044065,1.1340649,1.194065,0.78406495,1.6140649,0.89406496,1.104065,1.6140649,1.334065,1.2440649,1.1340649,2.584065,2.114065,1.964065,0.85406494
-2.265935,-1.9659351,-2.215935,0.41406494,2.754065,2.064065,2.074065,3.124065,3.484065,2.734065,2.074065,1.724065,2.324065,2.574065,2.254065,2.634065,2.384065,2.7040648,2.394065,2.164065,2.904065,2.744065,1.8940649,1.964065,1.0240649,1.2340649,0.70406497,-0.12593506,-0.77593505,0.23406494,1.6240649,1.6140649,1.434065,2.144065,2.064065,2.054065,1.8740649,1.574065,2.4340649,1.9140649,1.214065
-3.605935,-3.635935,-3.975935,-1.935935,-0.92593503,1.674065,3.2140648,3.324065,3.4240649,3.734065,3.024065,1.5340649,1.054065,2.854065,2.304065,2.044065,3.4540648,3.2040648,2.874065,2.364065,2.574065,2.854065,2.144065,1.964065,1.5140649,1.5140649,1.0040649,1.334065,0.39406493,0.014064942,0.16406494,1.194065,2.104065,2.4740648,1.3840649,1.954065,1.584065,1.304065,1.194065,1.794065,2.344065
-3.615935,-4.865935,-5.545935,-3.395935,-1.2159351,0.71406496,1.2740649,2.9440649,3.404065,3.354065,3.064065,3.164065,3.2040648,1.854065,3.4440649,3.554065,3.284065,3.1940649,3.4240649,2.894065,2.864065,3.044065,2.324065,1.934065,1.934065,1.964065,2.074065,1.834065,1.3840649,1.0240649,0.14406495,0.22406495,-0.6259351,-0.40593505,1.094065,0.70406497,1.574065,1.714065,1.2340649,1.554065,1.1640649
