wind_kz.json
{"header": {"discipline":0,"disciplineName":"Meteorological products","gribEdition":2,"gribLength":871,"center":7,"centerName":"US National Weather Service - NCEP(WMC)","subcenter":0,"refTime":"2023-10-02T06:00:00.000Z","significanceOfRT":1,"significanceOfRTName":"Start of forecast","productStatus":0,"productStatusName":"Operational products","productType":1,"productTypeName":"Forecast products","productDefinitionTemplate":0,"productDefinitionTemplateName":"Analysis/forecast at horizontal level/layer at a point in time","parameterCategory":0,"parameterCategoryName":"UnknownDiscipline_0_Category_0","parameterNumber":0,"parameterNumberName":"UnknownParameter_D0_C0_0","parameterUnit":"Unknown","genProcessType":2,"genProcessTypeName":"Forecast","forecastTime":300,"surface1Type":1,"surface1TypeName":"Ground or water surface","surface1Value":0.0,"surface2Type":255,"surface2TypeName":"Missing","surface2Value":0.0,"gridDefinitionTemplate":0,"gridDefinitionTemplateName":"Latitude_Longitude","numberPoints":615,"shape":6,"shapeName":"Earth spherical with radius of 6,371,229.0 m","gridUnits":"degrees","resolution":48,"winds":"true","scanMode":64,"nx":41,"ny":15,"basicAngle":0,"lo1":47.0,"la1":41.0,"lo2":87.0,"la2":55.0,"dx":1.0,"dy":1.0}, "data":
[rows 0 to 14 of 15, columns 0 to 40 of 41]
286.76724,279.86725,285.06723,292.46722,292.46722,291.36725,290.26724,290.46722,288.26724,288.66724,286.86725,287.86725,286.86725,286.46722,284.76724,281.76724,282.46722,282.86725,281.26724,282.16724,283.56723,282.06723,280.16724,276.96722,280.66724,282.86725,279.66724,269.66724,268.46722,264.16724,269.66724,267.66724,281.26724,287.26724,286.66724,286.76724,286.56723,286.76724,287.66724,287.36725,286.56723
271.86725,284.06723,292.16724,292.06723,292.36725,290.66724,289.16724,287.76724,286.76724,286.76724,287.46722,286.06723,286.26724,284.76724,280.26724,280.96722,280.36725,280.56723,278.96722,281.36725,283.76724,282.36725,280.66724,273.86725,254.66724,257.86725,274.86725,268.86725,269.96722,261.16724,271.86725,266.56723,271.56723,252.26724,271.26724,284.66724,283.06723,285.26724,287.76724,280.76724,283.46722
286.06723,291.96722,291.96722,291.56723,289.96722,288.86725,287.96722,286.86725,286.16724,285.56723,285.86725,285.86725,285.46722,285.46722,284.16724,280.56723,279.16724,278.16724,278.56723,279.16724,280.46722,281.96722,282.86725,277.06723,279.96722,278.76724,280.16724,278.06723,276.46722,270.96722,263.66724,265.66724,271.26724,276.56723,276.16724,273.56723,266.86725,270.56723,270.16724,268.76724,267.76724
288.76724,290.96722,291.76724,290.96722,289.46722,287.66724,287.76724,286.66724,286.86725,286.16724,285.36725,283.76724,288.76724,288.16724,284.66724,281.16724,281.46722,278.56723,279.36725,279.56723,279.86725,275.56723,280.76724,282.46722,283.06723,283.06723,282.86725,280.36725,278.56723,278.76724,280.46722,277.76724,282.06723,281.06723,278.96722,276.26724,266.76724,259.36725,270.26724,277.96722,280.76724
288.96722,290.36725,290.66724,290.06723,289.46722,287.86725,288.46722,287.56723,286.66724,286.06723,285.56723,283.96722,287.36725,286.26724,284.96722,281.76724,281.76724,281.66724,277.56723,281.26724,281.86725,281.36725,279.66724,280.36725,279.96722,280.76724,280.16724,281.76724,280.46722,279.76724,282.56723,279.06723,269.06723,264.36725,273.16724,280.16724,284.56723,282.96722,283.26724,282.86725,283.16724
287.56723,286.46722,288.36725,289.06723,289.46722,288.96722,287.26724,287.56723,286.16724,285.76724,285.86725,285.36725,286.56723,287.06723,283.86725,281.56723,283.46722,281.16724,281.16724,280.96722,280.06723,279.06723,279.46722,279.76724,279.16724,278.06723,279.36725,284.46722,281.06723,281.86725,279.56723,282.06723,280.26724,277.86725,277.26724,280.26724,271.86725,273.46722,279.26724,281.16724,281.86725
287.06723,286.46722,287.76724,286.56723,286.16724,285.66724,286.76724,285.96722,285.96722,285.76724,284.26724,284.16724,283.76724,284.06723,283.16724,283.46722,282.76724,283.36725,281.66724,281.26724,280.76724,280.36725,280.96722,281.06723,279.36725,279.26724,278.86725,279.86725,279.16724,279.36725,278.46722,278.96722,279.96722,280.76724,279.26724,277.46722,272.76724,270.36725,267.76724,269.46722,278.16724
287.86725,286.56723,287.56723,287.46722,287.06723,286.86725,285.76724,284.56723,283.76724,283.66724,282.56723,282.86725,282.66724,283.76724,284.46722,284.56723,283.86725,283.56723,283.16724,280.46722,280.96722,280.46722,280.76724,280.16724,279.26724,276.96722,276.96722,276.76724,276.46722,277.46722,276.76724,277.56723,276.96722,275.46722,276.36725,278.26724,278.96722,283.76724,277.26724,276.16724,272.76724
286.36725,285.96722,286.46722,285.26724,286.06723,285.66724,284.26724,283.16724,281.66724,282.36725,282.16724,281.86725,282.06723,283.06723,283.16724,283.96722,283.66724,283.46722,283.06723,282.06723,280.26724,280.36725,280.76724,280.46722,279.16724,278.76724,277.06723,276.26724,275.96722,274.66724,275.16724,276.36725,278.16724,278.06723,278.66724,276.46722,274.16724,274.96722,261.46722,264.66724,261.46722
285.26724,285.66724,285.16724,284.66724,284.96722,284.36725,283.56723,282.96722,282.66724,282.46722,281.86725,281.46722,282.36725,282.56723,282.56723,283.76724,284.16724,284.26724,284.06723,283.56723,281.96722,282.16724,282.36725,281.96722,281.26724,280.46722,280.06723,279.66724,278.96722,278.46722,278.36725,279.46722,280.76724,280.06723,279.26724,276.96722,274.56723,269.06723,268.76724,266.86725,262.26724
284.96722,284.96722,284.76724,284.26724,284.36725,283.76724,283.46722,283.26724,282.36725,282.16724,281.76724,282.46722,282.66724,282.26724,283.16724,283.46722,283.66724,284.26724,283.56723,282.46722,282.96722,282.76724,282.36725,282.26724,282.36725,281.96722,280.46722,282.16724,282.16724,282.96722,283.36725,284.86725,282.26724,281.66724,281.16724,279.66724,274.86725,271.56723,271.26724,269.46722,267.86725
284.66724,285.66724,285.46722,284.86725,284.26724,283.46722,282.66724,282.36725,282.96722,282.56723,281.06723,281.86725,282.56723,281.56723,282.56723,282.96722,283.36725,283.56723,282.96722,283.26724,282.46722,282.56723,282.56723,282.66724,282.26724,282.96722,284.46722,285.56723,285.76724,286.16724,286.16724,284.86725,284.96722,283.16724,283.06723,282.86725,282.66724,282.46722,275.86725,278.06723,275.16724
283.86725,284.06723,284.96722,284.36725,284.66724,283.86725,282.66724,282.26724,281.26724,282.06723,279.86725,280.96722,281.96722,281.56723,282.76724,283.06723,282.96722,282.96722,283.26724,282.56723,282.66724,281.66724,281.76724,281.56723,283.56723,285.06723,286.06723,285.66724,285.76724,285.86725,285.06723,283.86725,283.76724,283.56723,283.56723,282.46722,281.86725,283.06723,282.26724,281.66724,279.36725
283.06723,284.06723,283.76724,284.36725,283.26724,282.16724,281.96722,282.16724,282.56723,282.36725,280.06723,280.96722,281.16724,282.56723,282.86725,283.36725,283.16724,282.36725,281.96722,281.16724,280.96722,280.86725,281.16724,280.96722,281.26724,281.46722,281.46722,282.26724,283.76724,283.56723,283.76724,283.76724,283.26724,282.36725,282.86725,281.46722,281.06723,280.26724,278.56723,276.36725,276.56723
283.36725,283.96722,283.26724,283.56723,283.46722,282.56723,282.96722,282.36725,282.76724,281.16724,280.56723,278.96722,279.06723,280.46722,279.76724,280.06723,279.76724,279.56723,279.96722,279.36725,279.66724,279.46722,279.86725,279.46722,279.06723,278.96722,279.26724,279.26724,279.46722,279.46722,279.86725,282.26724,281.36725,280.96722,281.56723,282.16724,282.46722,280.86725,280.76724,278.96722,277.66724
