wind_kz.json
{"header": {"discipline":0,"disciplineName":"Meteorological products","gribEdition":2,"gribLength":1025,"center":7,"centerName":"US National Weather Service - NCEP(WMC)","subcenter":0,"refTime":"2023-09-21T12:00:00.000Z","significanceOfRT":1,"significanceOfRTName":"Start of forecast","productStatus":0,"productStatusName":"Operational products","productType":1,"productTypeName":"Forecast products","productDefinitionTemplate":0,"productDefinitionTemplateName":"Analysis/forecast at horizontal level/layer at a point in time","parameterCategory":2,"parameterCategoryName":"UnknownDiscipline_0_Category_2","parameterNumber":2,"parameterNumberName":"UnknownParameter_D0_C2_2","parameterUnit":"Unknown","genProcessType":2,"genProcessTypeName":"Forecast","forecastTime":120,"surface1Type":103,"surface1TypeName":"Specified height level above ground","surface1Value":10.0,"surface2Type":255,"surface2TypeName":"Missing","surface2Value":0.0,"gridDefinitionTemplate":0,"gridDefinitionTemplateName":"Latitude_Longitude","numberPoints":615,"shape":6,"shapeName":"Earth spherical with radius of 6,371,229.0 m","gridUnits":"degrees","resolution":48,"winds":"true","scanMode":64,"nx":41,"ny":15,"basicAngle":0,"lo1":47.0,"la1":41.0,"lo2":87.0,"la2":55.0,"dx":1.0,"dy":1.0}, "data":
[rows 0 to 14 of 15, columns 0 to 40 of 41]
0.85208434,1.0720843,-2.0179157,-1.5479157,-1.9379157,-0.51791567,-3.4179156,-3.3279157,-3.2079155,-2.6879156,-1.6679157,-0.37791565,0.10208435,1.2720844,1.4720844,0.6220844,0.44208434,-0.35791564,0.9420844,2.8320844,1.4220843,-0.58791566,2.0520844,3.6920843,1.2620844,2.7020843,2.8620844,2.5120842,0.24208435,0.83208436,-0.29791564,0.59208435,-1.2379156,0.36208436,-0.6879156,-0.17791565,-0.98791564,-0.05791565,1.7220844,0.41208434,1.6820843
-0.21791565,0.90208435,-3.4779158,-3.2379158,-3.0079157,-1.0979156,-2.5179157,-3.1379156,-3.8479156,-2.8679156,-1.8179157,-2.7179155,-3.8279157,-2.5079157,-2.7179155,-1.7079157,0.37208435,-3.5479157,-3.4279156,-1.2979157,1.1620843,-0.22791564,2.2020843,1.5520843,0.98208433,-0.57791567,0.33208436,2.7020843,1.7520844,0.52208436,-0.22791564,-0.65791565,-0.6879156,-1.8379157,0.17208435,2.8620844,2.2620842,1.1920843,1.1820843,0.8120844,4.4820843
-6.7479157,-4.8379154,-3.3779156,-4.8479156,1.2320844,-2.9779158,-4.417916,-3.9679155,-4.917916,-5.3179154,-6.477916,-5.5479155,-4.7579155,-6.5779157,-5.2779155,-3.5879157,-2.1279156,-0.76791567,-0.10791565,-1.4579157,-4.3179154,-6.977916,-6.7479157,-6.2479157,-2.2179155,-3.0779157,-1.1079156,0.90208435,3.7820845,-0.48791564,-0.70791566,-1.3979156,0.43208435,-0.05791565,-1.7279156,-0.49791566,0.39208436,-0.5079157,3.3020844,1.9320843,-0.37791565
-6.9479156,-5.5179157,-4.5179157,-0.31791565,-1.2579156,-4.5779157,-3.8779156,-5.1979156,-5.0079155,-5.897916,-7.0979156,-5.9979157,-2.2779157,-2.1479156,-7.877916,-8.167915,-8.057916,-7.7579155,-7.187916,-7.4479156,-8.0079155,-9.097916,-6.5679154,-7.1179156,-6.9479156,-6.6579156,-6.0279155,-6.0679154,-4.3479156,-1.9079156,1.1520844,2.4920843,2.4320843,2.4120843,2.7920845,2.0620844,0.7520844,1.5220844,-0.76791567,-1.4479157,-1.4879156
-6.8379154,-6.647916,-6.4879155,-5.7479157,-4.1379156,-5.3879156,-5.4079156,-5.3379154,-4.8479156,-5.7679157,-6.5379157,-5.9879155,-2.9579155,-1.8679156,-2.3879156,-7.1179156,-7.3679156,-6.9879155,-7.4079156,-7.9879155,-8.167915,-7.4079156,-6.7879157,-6.5079155,-7.2879157,-7.2779155,-6.8879156,-5.0979156,-4.6179156,-3.0979156,-3.5779157,-1.5179156,0.05208435,-0.12791565,-0.76791567,-1.3079157,0.8120844,-2.5779157,-1.9279157,-1.8379157,-0.22791564
-5.7179155,-6.0079155,-5.627916,-4.7579155,-3.9879158,-2.5379157,-4.977916,-4.7779155,-4.2779155,-4.2579155,-4.4679155,-4.5379157,-4.5879154,-2.5679157,-2.4979157,-4.7179155,-5.1179156,-5.0779157,-5.0679154,-5.1979156,-5.647916,-5.377916,-5.227916,-4.627916,-4.6779156,-6.7379155,-6.0279155,-2.7179155,-4.5379157,-5.3379154,-4.9879155,-3.5179157,-3.4179156,-2.9779158,-1.4779156,1.7820843,0.10208435,1.4920844,-2.8779156,-2.7379158,-1.4479157
-6.5579157,-6.5079155,-5.5879154,-4.227916,-1.9979156,-4.9679155,-4.7879157,-3.8479156,-3.7979157,-3.6279156,-3.5779157,-3.2579157,-2.8379157,-3.0079157,-3.1779156,-2.7779157,-3.1179156,-3.2579157,-3.6879156,-3.8279157,-4.107916,-4.147916,-3.7979157,-3.0579157,-3.5779157,-3.6779156,-3.2079155,-4.2779155,-3.6779156,-3.4079156,-3.7179155,-4.227916,-2.6479156,-1.1179156,1.3620844,1.6220844,0.6220844,-0.6879156,0.92208433,0.05208435,0.39208436
-5.2979155,-5.707916,-5.7379155,-4.8679156,-4.227916,-3.7279158,-3.0179157,-2.9579155,-3.8479156,-3.8679156,-3.0079157,-3.3279157,-2.7979157,-2.6679156,-2.5279157,-2.9479156,-1.9679157,-1.7179157,-2.0179157,-3.6179156,-4.2979155,-4.107916,-4.1379156,-3.1379156,-2.7879157,-2.2979157,-2.0479157,-1.8579156,-3.3779156,-3.3379157,-3.2879157,-4.167916,-3.8679156,-3.2079155,-3.8879156,-2.0079157,0.20208435,5.7820845,4.792084,4.0920844,1.2220844
-4.687916,-3.8479156,-3.4079156,-3.4279156,-2.7079155,-2.3679156,-2.0779157,-1.2279156,-1.6779157,-1.4579157,-0.34791565,-1.4879156,-2.0179157,-1.1779157,-1.7679156,-1.8779156,-2.8579156,-2.8879156,-2.5679157,-2.1679156,-3.4179156,-2.9979157,-2.7979157,-1.6279156,-1.5679157,-1.7279156,-1.4779156,-1.9279157,-1.8379157,-0.84791565,-2.9479156,-3.1079156,-3.1979156,-2.5679157,-1.1979157,0.0020843507,0.04208435,-1.4579157,-2.1479156,1.3720844,-0.25791565
-3.7479157,-3.5679157,-2.6379156,-2.9579155,-3.1879156,-1.3679156,-1.4579157,-1.4479157,-0.6279156,-1.1679157,-0.8779156,-0.45791566,-1.2079157,-1.1979157,-0.36791566,0.13208435,-0.29791564,-1.3179157,-1.3479156,-0.7579157,-2.1279156,0.46208435,1.9320843,1.0320843,0.9320843,0.96208435,0.97208434,0.65208435,-1.1879157,-0.13791566,-0.82791567,-1.6579156,-1.2579156,-1.4479157,-1.1379156,0.42208436,1.2920843,-0.05791565,-2.6579156,-0.19791564,1.0720843
-3.6279156,-3.0479157,-2.4679155,-1.4679157,-1.2279156,-0.65791565,-0.05791565,-0.01791565,0.24208435,1.1820843,1.2220844,0.67208433,-0.53791565,0.51208436,0.8620843,0.91208434,1.2620844,1.1720843,0.92208433,1.8020843,2.5320845,1.9720844,1.2620844,0.66208434,0.92208433,-0.35791564,0.72208434,-0.76791567,-0.61791563,0.25208434,-0.18791565,0.73208433,0.57208437,0.95208436,-0.82791567,0.30208436,-0.51791567,-0.18791565,0.40208435,1.1020844,0.6920844
-3.4079156,-2.0079157,-2.0379157,-1.7379156,-0.95791566,-0.38791564,-0.077915646,0.30208436,-0.34791565,0.97208434,1.7220844,2.2920845,0.64208436,1.3820844,0.70208436,1.1620843,1.9320843,1.3420844,2.3420844,2.5420845,2.0920844,2.3920844,1.8220843,1.8620844,1.2820843,1.1120844,0.35208434,0.96208435,0.78208435,1.7320844,1.9620843,2.2020843,1.5920844,1.6920843,1.5220844,1.7920843,1.1320844,1.9320843,-0.20791565,-0.27791566,-0.33791566
-2.2379158,-3.0979156,-1.2279156,-1.4179157,-0.85791564,-0.9379156,-1.4379157,-1.2779156,-1.5779157,-0.20791565,1.4520843,2.0020843,1.5820843,0.91208434,1.6520844,1.8520844,1.9520843,1.7620844,1.9220843,2.4520843,2.8920844,2.9320843,2.4120843,1.3120843,1.4120843,2.0420845,1.8420844,2.3020844,1.3820844,1.9320843,1.6220844,1.8720844,1.9220843,1.7320844,2.7920845,1.4520843,-0.077915646,-2.4579155,-3.9879158,-2.3879156,-1.6179156
-1.8179157,-3.0279157,-1.2279156,-2.2179155,-1.7679156,-1.7179157,-1.8179157,-1.9779156,-0.9979156,-0.16791564,0.28208435,2.2220843,0.98208433,-1.7879157,0.59208435,0.88208437,2.1020844,2.6020844,2.6820843,3.1420844,2.9020844,2.7520843,2.5620844,1.9220843,2.1020844,2.3220844,2.4720843,2.3520844,1.8820844,1.2620844,1.4620843,1.6220844,1.1120844,1.4020844,1.0820843,0.59208435,-2.1879156,-3.5579157,-2.4479156,-0.8879157,-2.6279156
-0.7579157,-0.6879156,-2.7179155,-0.5079157,-1.1079156,-2.5179157,-1.8979156,-1.8979156,-2.1479156,-1.7079157,-2.3179157,-1.4479157,0.26208436,0.72208434,0.6820843,1.2620844,1.9120843,3.0620844,3.0020843,4.0120845,3.4920843,2.7920845,2.4820843,2.1220844,1.7020843,1.6720843,1.8120843,1.6320844,1.6020844,1.4420843,1.5320843,1.8820844,2.7420843,1.9820844,0.28208435,0.35208434,-1.2579156,-0.9479157,-2.6179156,-1.6179156,0.05208435
