wind_kz.json
{"header": {"discipline":0,"disciplineName":"Meteorological products","gribEdition":2,"gribLength":1025,"center":7,"centerName":"US National Weather Service - NCEP(WMC)","subcenter":0,"refTime":"2023-08-20T12:00:00.000Z","significanceOfRT":1,"significanceOfRTName":"Start of forecast","productStatus":0,"productStatusName":"Operational products","productType":1,"productTypeName":"Forecast products","productDefinitionTemplate":0,"productDefinitionTemplateName":"Analysis/forecast at horizontal level/layer at a point in time","parameterCategory":2,"parameterCategoryName":"UnknownDiscipline_0_Category_2","parameterNumber":2,"parameterNumberName":"UnknownParameter_D0_C2_2","parameterUnit":"Unknown","genProcessType":2,"genProcessTypeName":"Forecast","forecastTime":0,"surface1Type":103,"surface1TypeName":"Specified height level above ground","surface1Value":10.0,"surface2Type":255,"surface2TypeName":"Missing","surface2Value":0.0,"gridDefinitionTemplate":0,"gridDefinitionTemplateName":"Latitude_Longitude","numberPoints":615,"shape":6,"shapeName":"Earth spherical with radius of 6,371,229.0 m","gridUnits":"degrees","resolution":48,"winds":"true","scanMode":64,"nx":41,"ny":15,"basicAngle":0,"lo1":47.0,"la1":41.0,"lo2":87.0,"la2":55.0,"dx":1.0,"dy":1.0}, "data":
[rows 0 to 14 of 15, columns 0 to 40 of 41]
-0.26130617,0.108693846,-1.8013061,2.1886938,4.618694,4.8186936,5.918694,8.378694,9.398694,6.3386936,5.9886937,5.388694,7.418694,6.728694,6.5286937,6.388694,5.0286937,2.1986938,0.67869383,-2.3213062,-2.0413063,-2.0313063,0.97869384,4.5286937,1.3786938,2.508694,4.0686936,3.4186938,2.508694,0.41869384,1.0286938,0.57869387,0.83869386,-0.67130613,3.3486938,-0.5013062,-2.6413062,-1.4713062,0.89869386,0.48869383,0.06869385
-1.8913062,-2.8913062,0.5086939,4.3186936,3.6486938,4.658694,6.5686936,5.428694,4.038694,9.138694,5.2186937,3.6786938,7.498694,6.668694,8.148694,8.188694,2.0886939,2.738694,0.43869385,-0.041306153,-1.9413061,1.4286939,0.78869385,1.9786938,3.538694,-0.48130617,0.38869384,3.1386938,1.2986939,1.3586938,0.39869386,1.1586938,0.25869384,1.3486938,1.1886939,2.7186937,1.2386938,2.1986938,2.3986938,2.4086938,-0.92130613
-5.641306,-2.0713062,1.6186938,3.6586938,4.8386936,2.478694,4.168694,3.548694,3.6386938,4.828694,4.7186937,4.378694,4.248694,6.138694,2.3186939,5.998694,3.1586938,-1.1613061,-2.3313062,-2.461306,-1.4213061,4.0886936,-2.491306,-4.5513062,0.26869383,1.9386939,-0.28130615,2.3486938,2.0686939,-1.5313061,0.5086939,-1.1613061,0.47869384,-2.521306,4.668694,-1.2713062,0.54869384,-0.13130616,3.6186938,6.668694,-1.2213062
-5.0513062,-1.2413062,0.82869387,1.6486938,-1.2313062,-4.871306,1.0086938,1.4586939,2.6786938,3.1986938,0.9986938,-1.4113061,-3.6213062,-2.8313062,1.7786938,0.24869385,-6.111306,-4.891306,-4.621306,-4.691306,-2.451306,-3.271306,-1.6913061,0.45869386,-0.86130613,-2.191306,-1.5413061,-4.341306,-3.771306,-1.1313062,0.6986939,2.518694,7.958694,5.178694,4.7386937,4.368694,1.8986938,2.798694,-2.451306,-2.251306,-0.77130616
-6.101306,-2.6313062,-3.1113062,-1.0613061,0.57869387,-1.0913062,-2.3713062,-2.951306,-8.651306,-7.351306,-9.101306,-7.9513063,-6.5313063,-4.6813064,-4.361306,-4.691306,-3.441306,-1.7913061,-3.4313061,-2.011306,-0.9313061,-0.82130617,-1.7613062,-1.1613061,-1.6813061,-0.85130614,-5.5313063,1.7786938,-3.3413062,-2.761306,-2.721306,-2.6213062,-0.42130616,2.3186939,-3.4013062,-2.5913062,1.8286939,-1.4913062,-0.16130616,0.23869385,1.5186938
-5.881306,-1.8213061,-2.221306,-0.64130616,2.6186938,5.2586937,3.0886939,-4.091306,-4.351306,-10.591306,-6.101306,-4.501306,-1.9513061,-1.7313062,1.5086938,-2.1013062,6.1986938,-0.24130616,1.0786939,0.19869384,0.28869385,-1.3913062,-0.71130615,-1.6413062,-2.251306,-1.5013062,-4.641306,-1.4613061,0.19869384,-0.91130614,-3.1113062,-2.011306,-0.64130616,-1.7913061,2.4286938,1.1486938,3.8786938,3.6686938,1.8486938,0.8686938,-0.24130616
-1.0613061,-2.2913063,0.108693846,-1.5813061,-1.2413062,-3.1613061,-1.9913062,-4.101306,-2.8213062,-3.741306,-1.6913061,-3.0613062,-2.991306,-1.1713061,0.73869383,1.6586938,2.8986938,1.7386938,-0.42130616,-0.28130615,-2.0813062,-1.8113061,0.33869386,1.4786938,-0.16130616,-0.26130617,0.36869386,0.6886938,1.4486939,-1.2513062,0.44869384,1.2186939,-0.08130615,1.4786938,4.3386936,3.778694,3.048694,-0.77130616,5.7386937,-1.6113062,-1.9713062
-1.0113062,-2.7813063,-1.1413062,-2.1413062,-2.2913063,-1.5613061,-1.2013061,-1.3813062,-2.0713062,1.3386939,0.06869385,-0.47130615,-3.0713062,-3.1213062,-1.7613062,-2.201306,-3.1713061,-0.9313061,-1.0213062,1.3886938,0.6186938,2.1886938,2.478694,-0.11130615,1.9086938,2.7086937,1.1086938,1.0886939,2.988694,1.7886939,0.52869385,0.33869386,1.5186938,-0.16130616,1.8886938,-1.7613062,1.1986939,3.3286939,5.9686937,5.418694,4.108694
1.7086939,-0.84130615,-1.6713061,-0.8113062,-1.4513061,-1.3813062,-1.7813061,0.34869385,0.22869384,0.22869384,2.3386939,1.9186939,-0.32130614,-0.48130617,-0.34130615,-0.59130615,0.70869386,2.8286939,1.7786938,3.1386938,4.1986938,4.628694,-3.521306,7.7386937,4.1986938,1.7386938,4.248694,4.878694,3.8586938,1.8486938,2.488694,3.2086937,-0.95130616,1.1586938,1.7286938,0.5086939,2.3386939,-0.54130614,0.21869385,0.35869384,1.5586939
2.7186937,2.028694,-0.42130616,1.0486939,-0.5613062,1.7286938,-0.25130615,1.3086939,1.1286938,1.1886939,2.498694,1.7786938,-0.89130616,0.03869385,0.8086938,1.1086938,-0.19130616,0.42869386,1.8386939,1.8486938,-0.52130616,0.79869384,1.6086938,6.358694,2.1986938,4.268694,3.288694,0.45869386,-0.35130614,2.538694,-1.4013062,-0.14130615,0.95869386,3.258694,1.4386939,-0.6213062,1.3186939,0.6886938,1.6686939,0.97869384,1.1886939
1.8886938,1.8086939,1.9086938,0.98869383,1.2686938,0.8686938,0.44869384,2.6886938,1.1786939,2.4286938,3.778694,0.8786938,1.4086938,0.5586938,0.57869387,0.09869385,-1.3513062,0.38869384,2.2186937,4.8386936,1.4386939,1.1686939,1.6786939,2.5686939,4.5286937,-0.061306152,-1.9513061,-2.8113062,-0.83130616,-0.27130616,1.7986939,1.7686938,0.65869385,3.6786938,3.0786939,-1.2913061,0.57869387,0.57869387,0.18869385,0.47869384,1.3286939
2.6786938,-0.22130615,-1.2813061,-2.1413062,0.30869386,3.4486938,1.2286938,1.8086939,0.38869384,3.4386938,3.748694,-0.52130616,0.58869386,0.03869385,-0.6913062,-0.51130617,0.048693847,-0.061306152,0.7586939,-0.041306153,-0.48130617,-2.711306,-4.7013063,-4.291306,-5.9113064,-2.4313061,-2.5913062,0.12869385,-0.95130616,2.308694,-0.36130616,1.3186939,2.228694,2.8186939,2.7086937,2.3586938,1.6386938,3.808694,1.2086939,-1.0113062,-0.8013061
0.6186938,0.8186939,1.6186938,1.9686939,2.788694,1.1386938,1.4386939,2.048694,0.8786938,1.3286939,1.2786938,-4.001306,-3.0413063,-3.0313063,-3.0313063,-3.3813062,-3.941306,-3.8713062,-4.381306,-3.941306,-3.481306,-3.241306,-2.461306,-1.6213062,-1.0513061,-1.6013062,-1.8113061,-0.21130615,1.4186939,1.8286939,2.278694,2.488694,2.008694,2.058694,1.8486938,2.3886938,1.5686939,0.63869387,3.1486938,3.308694,1.1886939
3.018694,1.0386939,2.728694,1.9086938,2.018694,0.89869386,0.22869384,0.54869384,0.5586938,1.3986938,2.0786939,-0.90130615,-2.6413062,-2.191306,-2.0413063,-1.3913062,-1.0713061,-1.4013062,-2.5513062,-1.7113061,-0.72130615,-0.31130615,0.30869386,0.45869386,1.2386938,0.98869383,0.51869386,1.3786938,1.1086938,1.1986939,-0.71130615,0.05869385,2.9086938,1.6286938,2.9486938,3.298694,2.8886938,2.4486938,1.9786938,1.8486938,-1.3613062
1.8386939,1.1486938,-1.0313061,3.028694,1.2586938,-1.8913062,-0.08130615,0.34869385,1.9586939,2.5986938,1.1486938,-1.2113061,-0.7413061,-0.49130616,0.70869386,0.35869384,1.1986939,0.34869385,-0.11130615,-1.3613062,-0.40130615,-1.0013062,-0.84130615,-0.92130613,-0.30130616,-0.59130615,0.05869385,0.82869387,1.1086938,1.7886939,1.0786939,1.1386938,2.248694,4.038694,4.7786937,5.2186937,4.2786937,3.748694,2.3586938,-1.1313062,-1.6713061
