wind_kz.json
{"header": {"discipline":0,"disciplineName":"Meteorological products","gribEdition":2,"gribLength":871,"center":7,"centerName":"US National Weather Service - NCEP(WMC)","subcenter":0,"refTime":"2023-09-20T12:00:00.000Z","significanceOfRT":1,"significanceOfRTName":"Start of forecast","productStatus":0,"productStatusName":"Operational products","productType":1,"productTypeName":"Forecast products","productDefinitionTemplate":0,"productDefinitionTemplateName":"Analysis/forecast at horizontal level/layer at a point in time","parameterCategory":0,"parameterCategoryName":"UnknownDiscipline_0_Category_0","parameterNumber":0,"parameterNumberName":"UnknownParameter_D0_C0_0","parameterUnit":"Unknown","genProcessType":2,"genProcessTypeName":"Forecast","forecastTime":60,"surface1Type":1,"surface1TypeName":"Ground or water surface","surface1Value":0.0,"surface2Type":255,"surface2TypeName":"Missing","surface2Value":0.0,"gridDefinitionTemplate":0,"gridDefinitionTemplateName":"Latitude_Longitude","numberPoints":615,"shape":6,"shapeName":"Earth spherical with radius of 6,371,229.0 m","gridUnits":"degrees","resolution":48,"winds":"true","scanMode":64,"nx":41,"ny":15,"basicAngle":0,"lo1":47.0,"la1":41.0,"lo2":87.0,"la2":55.0,"dx":1.0,"dy":1.0}, "data":
[rows 0 to 14 of 15, columns 0 to 40 of 41]
289.16873,282.06873,285.66873,294.56873,294.8687,294.3687,292.8687,292.26874,289.66873,289.3687,287.8687,289.16873,288.46872,288.3687,288.3687,286.96872,287.56873,288.46872,286.26874,286.76874,288.06873,284.06873,282.06873,280.16873,284.26874,285.06873,282.06873,266.3687,266.66873,267.06873,269.76874,269.66873,280.16873,287.26874,288.06873,288.8687,290.46872,289.06873,290.06873,289.96872,288.8687
271.66873,285.66873,294.26874,294.46872,294.46872,292.76874,290.96872,289.3687,287.96872,287.46872,287.96872,286.66873,286.46872,286.26874,285.46872,286.3687,284.76874,286.66873,285.8687,285.26874,285.3687,286.16873,283.16873,277.66873,269.66873,269.96872,275.56873,265.3687,265.96872,258.3687,270.66873,267.8687,272.66873,253.16873,266.3687,285.26874,284.26874,286.8687,289.96872,283.26874,283.96872
287.46872,293.3687,294.66873,294.26874,291.96872,290.46872,289.3687,288.66873,287.76874,286.76874,285.46872,285.26874,284.56873,286.16873,287.66873,285.96872,284.96872,284.46872,285.56873,285.16873,285.96872,286.3687,286.46872,280.8687,281.46872,281.3687,283.16873,281.26874,280.3687,270.46872,258.3687,263.06873,276.3687,275.66873,278.56873,278.46872,270.56873,274.46872,273.8687,269.66873,267.46872
291.06873,293.56873,294.8687,293.56873,291.66873,289.06873,290.16873,288.8687,288.46872,287.66873,286.56873,285.56873,292.16873,291.56873,287.56873,287.66873,287.8687,285.96872,287.06873,285.76874,286.26874,281.66873,285.8687,286.76874,286.26874,286.16873,286.16873,283.06873,281.16873,282.76874,284.56873,280.3687,283.66873,284.96872,285.56873,282.06873,272.96872,269.3687,273.8687,283.76874,286.16873
290.66873,292.76874,293.76874,292.8687,291.66873,290.3687,291.06873,290.3687,288.66873,288.3687,287.76874,285.56873,291.06873,290.06873,288.46872,287.56873,287.56873,287.3687,286.06873,288.16873,287.46872,287.66873,285.76874,285.66873,286.3687,285.46872,283.66873,286.3687,283.3687,283.46872,287.06873,284.8687,271.16873,256.8687,274.56873,283.46872,287.96872,287.96872,288.26874,289.06873,289.66873
288.06873,287.46872,291.76874,291.8687,292.3687,291.8687,289.56873,290.16873,288.96872,288.46872,288.46872,287.76874,290.26874,290.8687,287.8687,285.76874,287.76874,286.66873,287.8687,288.16873,287.46872,286.46872,286.96872,285.8687,285.66873,285.3687,287.8687,288.96872,287.16873,286.76874,285.8687,287.06873,287.46872,284.46872,283.8687,286.06873,276.66873,279.16873,284.96872,288.16873,287.66873
286.66873,286.46872,288.8687,289.06873,289.76874,288.76874,289.8687,289.16873,289.16873,288.96872,286.66873,286.66873,286.06873,286.06873,285.96872,286.66873,286.06873,286.66873,285.8687,285.56873,285.3687,286.3687,286.66873,286.96872,285.56873,286.26874,285.46872,287.46872,287.26874,286.66873,286.06873,284.66873,287.56873,286.96872,284.96872,282.06873,279.06873,275.06873,275.96872,272.56873,285.16873
286.96872,286.16873,288.76874,289.3687,289.8687,289.8687,289.3687,287.96872,286.3687,286.26874,285.66873,285.26874,284.8687,285.66873,286.46872,286.96872,286.3687,286.46872,286.06873,283.56873,283.8687,283.56873,283.8687,284.46872,284.26874,282.26874,282.96872,283.8687,283.46872,285.26874,285.16873,284.46872,283.76874,282.96872,281.06873,281.96872,284.26874,288.06873,286.16873,286.3687,283.16873
286.46872,286.46872,287.26874,286.8687,288.26874,287.3687,286.26874,286.06873,284.26874,283.56873,284.3687,284.46872,284.8687,285.56873,285.66873,286.46872,286.16873,285.96872,285.56873,284.46872,282.56873,282.76874,283.06873,283.16873,281.56873,282.56873,281.66873,281.3687,281.26874,280.56873,281.96872,282.76874,284.06873,284.26874,284.56873,281.56873,279.46872,279.76874,274.56873,274.06873,273.3687
285.8687,285.96872,285.8687,285.06873,285.56873,284.76874,284.56873,284.26874,284.76874,284.46872,285.16873,284.66873,285.06873,285.26874,285.16873,285.66873,285.66873,285.8687,285.56873,286.46872,284.06873,283.96872,284.26874,284.16873,283.16873,283.26874,282.56873,283.16873,282.8687,282.96872,283.46872,285.3687,286.8687,286.26874,285.66873,283.16873,281.06873,276.66873,276.8687,275.26874,273.76874
285.46872,283.96872,285.8687,285.46872,286.56873,285.96872,286.56873,285.96872,285.76874,285.3687,285.06873,284.8687,285.3687,284.26874,284.56873,284.96872,285.16873,286.26874,285.8687,286.3687,285.26874,285.26874,284.76874,284.96872,285.8687,285.66873,283.3687,284.56873,283.96872,284.8687,284.8687,286.06873,287.06873,287.16873,286.8687,284.3687,279.56873,277.16873,274.96872,277.96872,276.06873
284.26874,286.3687,286.46872,286.16873,286.06873,286.06873,285.06873,284.96872,289.06873,287.76874,283.56873,285.66873,284.66873,285.76874,286.16873,286.16873,286.46872,285.56873,287.16873,286.46872,285.16873,285.46872,284.8687,285.46872,283.8687,283.3687,283.26874,284.26874,284.46872,284.56873,283.96872,283.8687,284.46872,283.76874,285.06873,286.3687,286.06873,285.26874,283.16873,281.06873,280.16873
284.96872,285.06873,286.26874,285.3687,286.16873,285.8687,284.8687,283.66873,283.3687,286.56873,285.56873,284.46872,286.06873,285.8687,286.56873,286.8687,285.46872,286.96872,287.16873,285.66873,284.96872,283.16873,279.56873,279.06873,280.06873,279.8687,281.26874,280.46872,279.96872,279.3687,281.16873,281.56873,282.66873,282.46872,283.26874,283.76874,285.46872,286.66873,284.26874,282.8687,282.96872
283.8687,285.56873,286.76874,285.76874,285.06873,284.3687,284.3687,284.56873,288.26874,287.76874,285.46872,283.3687,282.8687,283.76874,286.26874,286.3687,285.66873,284.16873,282.8687,280.56873,280.06873,279.16873,279.26874,279.16873,279.16873,279.16873,278.76874,278.96872,278.16873,278.06873,278.16873,278.26874,277.96872,278.06873,280.16873,280.26874,282.8687,283.66873,283.26874,281.66873,281.8687
284.66873,285.46872,287.3687,285.46872,285.56873,284.76874,285.3687,288.66873,287.96872,284.96872,284.3687,285.46872,283.46872,281.96872,281.16873,281.3687,279.8687,279.3687,278.3687,278.46872,278.16873,277.46872,277.66873,276.66873,276.56873,276.66873,276.8687,276.8687,277.06873,276.66873,276.66873,279.3687,275.66873,275.66873,277.66873,278.76874,279.8687,279.16873,282.3687,284.96872,283.66873
