wind_kz.json
{"header": {"discipline":0,"disciplineName":"Meteorological products","gribEdition":2,"gribLength":871,"center":7,"centerName":"US National Weather Service - NCEP(WMC)","subcenter":0,"refTime":"2024-04-08T12:00:00.000Z","significanceOfRT":1,"significanceOfRTName":"Start of forecast","productStatus":0,"productStatusName":"Operational products","productType":1,"productTypeName":"Forecast products","productDefinitionTemplate":0,"productDefinitionTemplateName":"Analysis/forecast at horizontal level/layer at a point in time","parameterCategory":0,"parameterCategoryName":"UnknownDiscipline_0_Category_0","parameterNumber":0,"parameterNumberName":"UnknownParameter_D0_C0_0","parameterUnit":"Unknown","genProcessType":2,"genProcessTypeName":"Forecast","forecastTime":180,"surface1Type":1,"surface1TypeName":"Ground or water surface","surface1Value":0.0,"surface2Type":255,"surface2TypeName":"Missing","surface2Value":0.0,"gridDefinitionTemplate":0,"gridDefinitionTemplateName":"Latitude_Longitude","numberPoints":615,"shape":6,"shapeName":"Earth spherical with radius of 6,371,229.0 m","gridUnits":"degrees","resolution":48,"winds":"true","scanMode":64,"nx":41,"ny":15,"basicAngle":0,"lo1":47.0,"la1":41.0,"lo2":87.0,"la2":55.0,"dx":1.0,"dy":1.0}, "data":
[rows 0 to 14 of 15, columns 0 to 40 of 41]
283.46527,276.66528,280.7653,281.8653,282.7653,283.96527,284.7653,286.56528,285.8653,288.2653,287.46527,287.7653,288.2653,288.8653,290.96527,289.06528,289.3653,289.16528,289.8653,287.7653,289.66528,287.66528,286.7653,281.56528,285.96527,287.7653,283.3653,273.16528,271.7653,271.3653,267.46527,268.06528,278.7653,283.16528,283.8653,286.06528,285.06528,285.3653,284.7653,286.46527,286.96527
262.16528,283.66528,282.2653,282.2653,282.56528,283.06528,286.56528,286.3653,286.8653,286.56528,287.56528,285.96527,285.8653,286.7653,286.3653,286.16528,288.06528,290.16528,289.3653,289.3653,288.56528,287.2653,282.7653,277.7653,268.06528,269.56528,279.2653,271.7653,274.96527,268.3653,274.56528,258.7653,270.96527,248.26529,261.66528,282.06528,281.46527,283.8653,287.2653,281.3653,279.56528
286.3653,282.16528,282.16528,282.46527,282.46527,285.7653,285.66528,287.8653,286.3653,286.46527,287.16528,286.2653,286.96527,286.2653,285.8653,285.7653,286.16528,286.96527,287.66528,288.56528,288.16528,287.66528,284.96527,279.7653,282.3653,280.8653,281.66528,282.46527,281.3653,274.7653,267.56528,271.06528,275.06528,276.16528,276.46527,276.56528,269.8653,275.46527,276.96527,270.3653,267.46527
284.3653,283.3653,282.3653,282.2653,283.3653,286.3653,287.3653,286.66528,288.66528,287.7653,287.7653,286.16528,285.7653,286.3653,285.8653,286.16528,284.46527,286.56528,288.06528,289.16528,286.96527,280.8653,285.3653,285.2653,285.46527,284.66528,284.06528,283.2653,280.8653,280.56528,280.8653,283.16528,285.3653,284.8653,282.46527,280.06528,273.46527,264.3653,274.56528,279.8653,282.96527
284.3653,284.06528,282.96527,283.3653,283.66528,285.96527,288.16528,287.66528,288.2653,288.46527,288.06528,289.2653,285.06528,284.8653,283.16528,284.46527,283.7653,285.2653,286.56528,287.06528,286.8653,288.06528,289.2653,288.7653,286.56528,284.06528,282.06528,279.7653,284.16528,284.2653,283.96527,282.7653,273.66528,260.06528,274.3653,280.96527,280.56528,283.96527,284.06528,285.06528,282.2653
283.7653,283.66528,284.06528,282.7653,281.2653,281.96527,286.06528,287.66528,287.06528,286.3653,288.56528,288.7653,284.66528,284.2653,280.16528,284.96527,285.56528,283.96527,286.2653,286.16528,289.56528,289.16528,286.66528,286.46527,284.46527,282.7653,281.8653,271.66528,283.2653,283.46527,282.8653,282.8653,281.7653,280.66528,279.96527,278.2653,275.66528,276.96527,281.16528,282.3653,283.7653
282.16528,282.3653,284.56528,284.96527,283.16528,284.2653,285.8653,287.46527,287.2653,285.8653,285.7653,286.66528,287.8653,286.56528,284.46527,284.06528,284.56528,284.7653,283.96527,284.06528,284.56528,285.3653,285.96527,284.8653,283.56528,283.3653,281.96527,281.96527,282.16528,282.8653,282.46527,282.56528,281.66528,281.96527,281.3653,280.16528,276.56528,273.3653,268.56528,271.8653,278.66528
281.66528,281.3653,282.66528,283.16528,283.96527,283.8653,284.06528,284.7653,284.2653,285.2653,285.06528,284.46527,285.96527,285.56528,286.06528,286.16528,283.7653,283.3653,282.56528,282.2653,283.16528,283.3653,283.56528,283.46527,282.3653,280.16528,280.56528,281.3653,280.7653,280.66528,279.7653,279.66528,279.8653,276.46527,276.96527,276.46527,278.66528,272.7653,279.2653,278.8653,276.46527
279.66528,279.16528,279.16528,279.46527,280.2653,280.7653,280.7653,282.66528,283.06528,283.16528,283.3653,284.16528,283.2653,283.3653,284.16528,283.46527,282.8653,282.16528,281.8653,281.06528,280.8653,281.46527,282.66528,283.3653,280.7653,280.66528,279.46527,281.8653,281.3653,279.56528,277.46527,278.06528,279.06528,278.66528,277.46527,275.56528,275.66528,274.56528,259.96527,263.7653,261.46527
278.56528,278.2653,278.06528,277.96527,279.3653,279.2653,279.06528,280.8653,282.06528,282.7653,282.46527,281.8653,283.66528,284.16528,282.16528,282.2653,282.2653,282.16528,281.56528,280.8653,281.16528,281.46527,282.3653,282.06528,283.16528,281.56528,279.7653,278.8653,278.96527,279.16528,279.16528,280.66528,280.96527,280.2653,278.46527,276.66528,274.06528,268.2653,264.8653,267.8653,266.16528
278.16528,278.16528,278.16528,277.8653,278.46527,278.46527,278.66528,279.3653,280.66528,280.8653,280.3653,281.46527,282.46527,283.06528,282.3653,281.8653,282.06528,282.7653,281.3653,280.3653,281.16528,280.8653,280.96527,281.3653,281.2653,280.8653,278.7653,280.16528,280.2653,280.06528,280.56528,280.56528,280.46527,280.46527,279.8653,277.06528,270.96527,269.06528,272.16528,270.3653,269.2653
277.7653,278.7653,278.56528,277.96527,277.46527,277.06528,276.96527,276.96527,278.96527,280.06528,279.2653,279.46527,281.16528,282.3653,282.06528,283.06528,282.16528,282.8653,283.46527,281.8653,280.06528,279.16528,279.2653,279.3653,279.66528,280.16528,280.66528,281.66528,281.46527,280.96527,279.66528,279.46527,279.66528,278.2653,278.8653,278.06528,277.7653,277.16528,275.8653,275.7653,275.06528
276.3653,278.16528,279.16528,278.46527,277.8653,277.46527,276.56528,275.8653,276.16528,277.46527,277.2653,277.06528,280.56528,281.46527,282.56528,283.06528,281.8653,281.66528,280.96527,281.2653,281.2653,281.66528,280.2653,279.8653,280.66528,281.16528,282.7653,281.46527,280.56528,281.96527,279.56528,279.16528,277.96527,277.3653,277.2653,276.16528,276.2653,276.3653,275.46527,274.96527,274.8653
276.7653,276.56528,274.7653,276.16528,276.06528,276.56528,277.3653,276.8653,276.56528,276.7653,277.06528,275.3653,277.16528,279.16528,281.2653,282.3653,282.66528,281.8653,280.46527,280.66528,280.66528,280.7653,281.06528,281.06528,281.8653,281.96527,280.56528,280.96527,281.16528,280.56528,278.96527,277.66528,277.06528,275.8653,274.66528,274.06528,274.2653,273.7653,273.7653,273.3653,274.16528
275.06528,276.16528,273.16528,275.56528,275.8653,276.06528,277.16528,277.3653,276.56528,276.96527,277.2653,276.16528,276.3653,277.8653,279.66528,279.66528,280.06528,280.16528,281.2653,279.2653,279.16528,279.66528,280.46527,280.3653,279.8653,280.2653,280.16528,279.06528,278.66528,278.06528,276.8653,275.46527,276.66528,275.06528,274.56528,274.2653,274.46527,273.8653,273.8653,273.96527,273.8653
