wind_kz.json
{"header": {"discipline":0,"disciplineName":"Meteorological products","gribEdition":2,"gribLength":871,"center":7,"centerName":"US National Weather Service - NCEP(WMC)","subcenter":0,"refTime":"2023-09-23T00:00:00.000Z","significanceOfRT":1,"significanceOfRTName":"Start of forecast","productStatus":0,"productStatusName":"Operational products","productType":1,"productTypeName":"Forecast products","productDefinitionTemplate":0,"productDefinitionTemplateName":"Analysis/forecast at horizontal level/layer at a point in time","parameterCategory":0,"parameterCategoryName":"UnknownDiscipline_0_Category_0","parameterNumber":0,"parameterNumberName":"UnknownParameter_D0_C0_0","parameterUnit":"Unknown","genProcessType":2,"genProcessTypeName":"Forecast","forecastTime":0,"surface1Type":1,"surface1TypeName":"Ground or water surface","surface1Value":0.0,"surface2Type":255,"surface2TypeName":"Missing","surface2Value":0.0,"gridDefinitionTemplate":0,"gridDefinitionTemplateName":"Latitude_Longitude","numberPoints":615,"shape":6,"shapeName":"Earth spherical with radius of 6,371,229.0 m","gridUnits":"degrees","resolution":48,"winds":"true","scanMode":64,"nx":41,"ny":15,"basicAngle":0,"lo1":47.0,"la1":41.0,"lo2":87.0,"la2":55.0,"dx":1.0,"dy":1.0}, "data":
[rows 0 to 14 of 15, columns 0 to 40 of 41]
290.1559,282.0559,285.8559,294.5559,294.5559,293.8559,292.9559,292.6559,290.3559,289.3559,288.9559,289.9559,289.3559,289.25592,288.9559,287.0559,287.0559,287.75592,286.25592,286.6559,287.1559,282.3559,281.1559,280.75592,282.5559,284.6559,281.9559,263.75592,262.9559,267.1559,267.0559,270.0559,279.25592,285.6559,288.25592,288.3559,287.5559,289.4559,290.0559,288.9559,288.3559
272.25592,286.0559,293.9559,294.6559,294.0559,292.8559,291.3559,289.75592,288.1559,287.8559,288.8559,287.6559,287.4559,286.75592,287.5559,287.5559,286.0559,286.5559,285.25592,285.3559,287.6559,286.25592,282.9559,276.8559,265.9559,270.25592,275.25592,266.25592,268.25592,258.25592,268.5559,253.15591,272.9559,259.5559,268.3559,285.1559,284.4559,286.9559,290.25592,282.3559,283.8559
287.6559,293.8559,294.4559,294.1559,292.1559,291.0559,290.0559,289.0559,287.25592,286.4559,285.75592,286.3559,285.25592,286.75592,287.9559,284.8559,284.1559,283.8559,284.1559,284.6559,286.4559,285.9559,286.1559,281.1559,281.9559,282.1559,282.1559,281.0559,279.8559,271.5559,258.9559,266.4559,276.75592,276.5559,277.3559,277.0559,270.8559,273.9559,274.0559,270.5559,270.3559
291.1559,293.4559,294.4559,293.3559,291.75592,290.25592,290.0559,288.3559,287.9559,286.5559,284.75592,284.75592,292.0559,291.4559,287.4559,287.5559,286.9559,284.3559,286.1559,285.6559,286.3559,281.25592,285.6559,285.9559,287.1559,287.9559,286.75592,283.1559,281.8559,282.6559,282.1559,280.4559,284.25592,285.3559,286.3559,281.3559,272.25592,267.8559,275.4559,284.6559,287.3559
290.75592,293.4559,293.75592,292.75592,291.8559,290.0559,290.3559,289.3559,288.25592,286.9559,286.25592,284.6559,291.0559,289.9559,288.3559,287.75592,287.75592,287.3559,285.4559,287.75592,287.75592,287.75592,286.6559,285.6559,286.3559,286.75592,283.8559,285.9559,283.5559,287.6559,287.9559,286.3559,275.0559,260.6559,275.4559,284.0559,288.25592,287.9559,289.25592,289.3559,288.25592
288.1559,287.25592,292.3559,292.8559,292.75592,292.5559,288.9559,289.4559,287.0559,286.9559,287.6559,287.6559,290.25592,290.8559,288.25592,286.25592,288.1559,287.0559,287.5559,287.75592,287.0559,285.8559,285.75592,286.5559,285.75592,288.6559,289.3559,289.9559,287.25592,287.3559,287.75592,288.4559,286.1559,283.4559,283.25592,285.6559,276.1559,279.3559,284.4559,285.75592,287.75592
286.8559,286.3559,289.3559,288.5559,289.75592,288.5559,288.75592,287.3559,287.6559,287.8559,286.4559,286.3559,285.9559,286.25592,286.1559,286.9559,286.5559,287.0559,285.6559,285.75592,285.3559,285.9559,286.4559,286.3559,284.8559,285.4559,285.4559,289.25592,287.1559,285.75592,286.25592,286.8559,285.75592,286.3559,284.0559,281.3559,276.5559,275.6559,275.4559,271.4559,283.1559
287.25592,287.4559,289.25592,289.75592,289.6559,289.0559,287.75592,285.6559,284.9559,286.25592,285.5559,285.1559,284.8559,285.3559,286.1559,286.75592,286.4559,286.4559,285.8559,283.25592,283.5559,283.6559,283.9559,284.3559,283.75592,281.0559,282.1559,283.0559,282.1559,283.6559,282.5559,283.4559,282.75592,281.8559,281.8559,282.4559,284.0559,287.9559,282.6559,283.1559,277.0559
286.9559,287.0559,287.4559,286.8559,287.75592,286.8559,284.75592,286.3559,286.25592,285.9559,285.75592,285.1559,285.1559,285.5559,285.3559,286.3559,285.9559,285.5559,285.0559,284.25592,282.4559,282.75592,283.1559,283.0559,281.75592,282.0559,280.1559,280.3559,280.8559,279.9559,279.9559,281.4559,283.1559,283.0559,283.0559,280.5559,278.8559,279.6559,274.3559,274.3559,273.0559
285.25592,285.8559,285.25592,285.0559,284.9559,285.25592,286.4559,286.75592,286.3559,285.5559,285.3559,286.8559,285.9559,285.5559,285.3559,285.9559,285.9559,285.9559,285.6559,285.75592,284.1559,284.4559,285.4559,285.5559,286.0559,285.0559,283.6559,283.1559,282.4559,282.3559,283.1559,284.5559,286.1559,285.5559,285.25592,284.0559,280.8559,278.3559,276.9559,274.4559,270.25592
284.6559,283.75592,285.75592,286.0559,286.5559,286.3559,286.6559,286.1559,286.0559,285.9559,285.1559,284.75592,285.5559,284.6559,284.9559,285.5559,285.8559,286.8559,286.6559,285.6559,285.5559,285.1559,284.8559,285.75592,286.3559,285.5559,283.8559,285.0559,285.0559,285.4559,285.8559,285.5559,286.0559,287.5559,286.5559,284.3559,279.5559,277.3559,277.6559,276.25592,276.4559
284.1559,285.8559,286.25592,286.0559,286.5559,286.1559,285.6559,285.3559,286.5559,285.5559,283.1559,284.25592,285.1559,284.5559,285.1559,285.75592,285.6559,286.1559,286.0559,286.1559,285.6559,285.25592,284.9559,285.0559,282.9559,284.25592,283.5559,283.25592,284.9559,284.6559,283.5559,284.6559,284.9559,283.8559,285.8559,286.5559,285.8559,285.3559,283.75592,280.4559,279.75592
285.1559,285.1559,286.6559,285.6559,286.1559,286.1559,285.0559,284.3559,283.9559,285.4559,284.5559,281.5559,283.6559,283.9559,284.9559,285.5559,287.0559,286.1559,286.1559,283.9559,282.75592,280.1559,279.8559,279.1559,280.3559,280.9559,281.5559,280.9559,281.25592,280.6559,280.9559,281.25592,283.1559,283.6559,284.5559,283.0559,285.9559,286.75592,284.4559,282.4559,282.25592
284.3559,284.9559,286.6559,286.0559,284.75592,284.3559,284.5559,284.75592,288.5559,287.5559,285.8559,281.25592,283.9559,286.4559,286.1559,285.4559,283.9559,282.3559,282.0559,280.75592,280.25592,279.25592,279.9559,279.6559,279.75592,279.9559,279.5559,279.6559,279.0559,279.3559,279.3559,279.4559,279.4559,280.1559,281.3559,281.5559,283.1559,283.9559,284.6559,282.8559,282.25592
285.1559,286.5559,287.3559,288.9559,285.5559,284.3559,288.25592,288.6559,284.6559,284.25592,284.1559,284.5559,284.3559,284.4559,280.9559,280.75592,280.25592,279.6559,278.5559,277.6559,278.1559,277.5559,277.9559,277.25592,277.0559,277.3559,277.0559,277.3559,277.6559,277.4559,277.9559,280.3559,277.6559,277.0559,277.5559,280.1559,280.9559,280.8559,284.1559,285.75592,284.1559
