wind_kz.json
{"header": {"discipline":0,"disciplineName":"Meteorological products","gribEdition":2,"gribLength":1025,"center":7,"centerName":"US National Weather Service - NCEP(WMC)","subcenter":0,"refTime":"2023-10-02T06:00:00.000Z","significanceOfRT":1,"significanceOfRTName":"Start of forecast","productStatus":0,"productStatusName":"Operational products","productType":1,"productTypeName":"Forecast products","productDefinitionTemplate":0,"productDefinitionTemplateName":"Analysis/forecast at horizontal level/layer at a point in time","parameterCategory":2,"parameterCategoryName":"UnknownDiscipline_0_Category_2","parameterNumber":2,"parameterNumberName":"UnknownParameter_D0_C2_2","parameterUnit":"Unknown","genProcessType":2,"genProcessTypeName":"Forecast","forecastTime":240,"surface1Type":103,"surface1TypeName":"Specified height level above ground","surface1Value":10.0,"surface2Type":255,"surface2TypeName":"Missing","surface2Value":0.0,"gridDefinitionTemplate":0,"gridDefinitionTemplateName":"Latitude_Longitude","numberPoints":615,"shape":6,"shapeName":"Earth spherical with radius of 6,371,229.0 m","gridUnits":"degrees","resolution":48,"winds":"true","scanMode":64,"nx":41,"ny":15,"basicAngle":0,"lo1":47.0,"la1":41.0,"lo2":87.0,"la2":55.0,"dx":1.0,"dy":1.0}, "data":
[rows 0 to 14 of 15, columns 0 to 40 of 41]
0.58528626,0.105286255,-0.58471376,2.2652862,4.505286,0.5552862,0.035286255,-1.1147138,-0.85471374,-0.09471375,-0.9947137,-0.9947137,-1.0547137,-1.5247138,-1.1047138,-0.09471375,0.28528625,-0.35471374,-2.3247137,-1.7847137,0.36528626,1.6452862,1.9452863,2.1252863,-1.2747138,1.8952862,3.6252863,3.1552863,0.045286253,0.72528625,-2.2547138,1.6052862,-0.09471375,-0.92471373,-0.6147137,0.13528626,-0.21471375,-0.64471376,-0.8047137,-1.0047138,-0.89471376
-0.76471376,-1.5947137,1.7352862,3.1552863,6.875286,2.0452862,0.28528625,1.7852863,1.5252862,1.6352862,1.0852863,0.59528625,0.08528625,0.13528626,0.08528625,0.5052863,1.4952862,0.40528625,-1.4547137,0.38528624,1.1052862,0.97528625,-0.08471374,1.9452863,1.5652863,0.67528623,1.3252863,1.5852863,2.9752862,1.0552863,0.78528625,-0.38471374,-1.4047137,0.045286253,1.0252862,0.045286253,1.0052862,-0.63471377,-0.34471375,-0.77471375,0.8852863
-0.32471374,1.5952863,3.6252863,4.3052864,5.505286,0.41528624,2.3752863,2.4452863,2.2752862,2.7752862,3.1652863,2.4152863,1.7952863,1.6252862,0.7452862,0.015286255,-0.65471375,-0.35471374,0.28528625,0.83528626,2.3252861,4.045286,0.7452862,1.3052863,-0.104713745,0.21528625,0.89528626,2.3052862,3.3652864,0.08528625,1.4852862,-2.4347138,-0.22471374,-0.45471373,-1.9547137,0.54528624,-0.57471377,-0.63471377,-2.8647137,-1.5247138,1.3752862
4.415286,6.335286,7.6752863,7.335286,6.645286,4.795286,4.5952864,3.6052864,3.9852862,4.505286,4.8452864,4.7252865,4.665286,4.6752863,3.9652863,2.6852863,0.9952862,1.6652863,1.3652862,0.91528624,0.91528624,-0.0047137453,1.3852862,1.0452863,2.6152864,2.8152862,3.7252862,4.4452863,2.0952864,3.9652863,4.045286,1.9152863,6.455286,8.525287,5.315286,2.7552862,0.49528626,0.29528627,-1.3347137,1.8652862,-7.4847136
8.545286,11.475286,11.885285,11.575286,10.375286,7.145286,5.835286,5.8652864,5.7152863,5.8452864,6.2852864,6.395286,5.915286,4.8252864,3.8152862,3.8252861,2.9752862,2.6752863,1.8052863,0.97528625,0.71528625,1.6352862,2.0752861,2.3152862,3.4552863,4.045286,5.065286,4.6152864,5.1952863,4.4652863,3.3452864,2.4252863,1.3252863,0.6852863,-3.7947137,-2.8447137,6.9052863,1.0352863,-2.4647138,-2.3147137,-5.1747136
9.675286,8.905286,11.535286,12.725286,12.705286,12.485286,7.4452863,5.2852864,3.8452864,5.165286,5.7252865,4.775286,5.5552864,5.605286,4.685286,3.6152864,3.0852861,3.0152862,3.0552862,1.8252863,1.6652863,1.0252862,1.8352863,1.9752862,2.3852863,3.7552862,3.0852861,5.315286,4.685286,4.625286,4.855286,3.8552864,3.5352862,3.8452864,3.5552862,3.7452862,0.7552863,3.2852862,6.0752864,-2.2347138,-3.2047138
9.315287,9.215286,10.035286,9.265286,10.075286,11.5152855,9.515286,2.4252863,3.0752861,3.5152862,4.855286,5.1752863,4.2852864,4.3452864,4.6752863,2.6052864,3.3952863,3.9652863,3.3552864,3.6952863,3.3052862,2.4152863,1.9252863,2.0552862,3.0152862,3.1252863,3.0252862,2.8352861,2.1952863,3.4452863,3.8052862,3.4152863,2.7852862,4.3252864,3.6952863,5.485286,2.3452864,-0.42471373,0.6852863,-0.9947137,0.15528625
7.685286,8.575286,8.465286,8.905286,8.385286,8.135286,8.525287,2.8252861,2.0652862,2.5252862,2.6952863,4.5952864,4.3652864,3.8452864,3.8452864,4.4952865,4.2252865,3.7952862,3.7452862,5.005286,5.085286,4.415286,4.105286,3.6252863,3.2952862,3.2152863,3.9652863,4.205286,4.5552864,4.1952863,3.8052862,2.5952864,1.7652862,0.6852863,2.0652862,1.5952863,3.0452862,5.4652863,6.105286,4.185286,0.47528625
6.1952863,6.605286,6.1152864,6.4652863,6.605286,3.7652862,5.935286,6.085286,1.7552862,2.5552862,1.3552862,1.5252862,2.9152863,4.6152864,4.7852864,4.4052863,4.485286,4.6752863,4.645286,4.6552863,5.525286,5.165286,4.895286,5.0152864,5.4252863,5.235286,5.485286,5.4752865,4.8652864,5.435286,4.6152864,3.7152863,2.7052863,1.9852862,0.09528626,1.1152862,2.2252862,2.8352861,-0.09471375,-0.46471375,0.8052862
3.5852861,4.1352863,4.6752863,5.165286,5.185286,4.1752863,1.1052862,2.8752863,0.83528626,0.8852863,0.35528624,0.20528625,3.3252861,4.9452863,4.2852864,5.0352864,5.0152864,5.2252865,5.6552863,6.0952864,7.525286,7.295286,6.5352864,6.3252864,6.585286,6.7452865,7.3452864,7.565286,7.4952865,7.455286,7.105286,5.835286,5.4752865,3.9352863,2.2152863,1.6552863,2.4052863,0.8052862,3.0352862,1.2652862,0.06528626
3.7552862,3.5352862,2.9552863,2.7452862,2.9852862,1.5852863,0.45528626,-0.54471374,0.11528625,0.24528626,0.7452862,1.7052863,3.3952863,6.295286,4.8052864,5.025286,5.4952865,5.875286,5.8452864,6.795286,7.395286,7.5552864,7.755286,7.5352864,7.565286,7.9752865,8.255286,8.135286,8.745286,8.385286,7.705286,6.685286,6.2452865,5.005286,4.775286,3.8552864,1.4952862,1.7752862,1.4952862,-0.35471374,0.075286254
2.4552863,1.2152863,1.6552863,1.3852862,0.21528625,-2.3647137,-2.6147137,-1.3547138,-0.5047138,-0.64471376,0.35528624,2.5052862,3.8052862,4.955286,5.3652864,4.9452863,5.685286,6.5552864,6.025286,6.485286,6.8652864,7.3852863,7.0752864,7.485286,7.9052863,8.425286,8.875286,8.9352865,8.955286,8.365286,7.935286,7.7152863,6.025286,6.105286,4.7852864,5.6752863,6.1952863,6.6352863,5.1952863,2.0452862,1.9052863
1.7252862,1.4852862,0.78528625,1.2052863,-1.8747138,-1.4547137,-1.1347138,-0.5547137,-0.60471374,0.48528627,0.98528624,2.8852863,3.7752862,5.0952864,5.315286,5.4652863,5.6152864,6.0552864,5.7852864,6.2652864,6.525286,6.855286,7.3452864,8.265286,8.365286,8.335286,8.535286,8.295286,8.425286,8.065287,8.095286,8.085286,7.8052864,7.2652864,6.855286,7.375286,6.7152863,5.395286,6.855286,6.005286,3.7752862
2.0652862,1.2252862,1.0152862,-0.0047137453,-1.4047137,-0.67471373,-0.49471375,-0.024713745,0.26528627,1.0952863,1.0852863,2.4052863,3.6552863,4.7652864,5.045286,5.355286,5.3052864,5.455286,5.145286,5.795286,6.045286,6.815286,7.645286,8.145287,8.335286,8.565287,8.585286,8.555286,8.305286,8.405286,8.445286,8.175286,7.985286,8.115286,6.895286,7.2852864,6.5152864,6.8452864,7.065286,5.4052863,6.025286
1.4452863,2.0952864,2.0252862,1.7852863,1.9652863,0.92528623,1.1352862,1.6252862,0.98528624,1.7252862,1.3452863,3.7152863,2.8752863,3.3752863,4.2852864,4.2152863,4.3052864,5.6752863,5.2452865,5.8052864,6.4452863,7.1152864,7.3452864,7.7652864,7.795286,8.025287,8.525287,8.485287,8.4352865,8.7252865,9.645287,10.955286,8.815287,8.515286,8.265286,8.535286,7.085286,8.635286,8.295286,8.005286,3.6052864
