wind_kz.json
{"header": {"discipline":0,"disciplineName":"Meteorological products","gribEdition":2,"gribLength":1025,"center":7,"centerName":"US National Weather Service - NCEP(WMC)","subcenter":0,"refTime":"2023-10-01T06:00:00.000Z","significanceOfRT":1,"significanceOfRTName":"Start of forecast","productStatus":0,"productStatusName":"Operational products","productType":1,"productTypeName":"Forecast products","productDefinitionTemplate":0,"productDefinitionTemplateName":"Analysis/forecast at horizontal level/layer at a point in time","parameterCategory":2,"parameterCategoryName":"UnknownDiscipline_0_Category_2","parameterNumber":3,"parameterNumberName":"UnknownParameter_D0_C2_3","parameterUnit":"Unknown","genProcessType":2,"genProcessTypeName":"Forecast","forecastTime":60,"surface1Type":103,"surface1TypeName":"Specified height level above ground","surface1Value":10.0,"surface2Type":255,"surface2TypeName":"Missing","surface2Value":0.0,"gridDefinitionTemplate":0,"gridDefinitionTemplateName":"Latitude_Longitude","numberPoints":615,"shape":6,"shapeName":"Earth spherical with radius of 6,371,229.0 m","gridUnits":"degrees","resolution":48,"winds":"true","scanMode":64,"nx":41,"ny":15,"basicAngle":0,"lo1":47.0,"la1":41.0,"lo2":87.0,"la2":55.0,"dx":1.0,"dy":1.0}, "data":
[rows 0 to 14 of 15, columns 0 to 40 of 41]
-1.793562,-0.0135620115,-2.043562,-10.163562,-9.063562,-4.403562,-0.783562,2.336438,-1.213562,-0.853562,-1.393562,-0.87356204,-0.703562,-0.653562,-1.103562,-2.073562,-2.113562,-2.013562,-3.203562,-1.553562,-2.263562,-4.7235622,-3.483562,-1.303562,-1.753562,0.256438,-0.923562,1.526438,1.046438,2.176438,0.776438,-0.583562,-0.273562,-0.793562,0.896438,0.956438,-0.69356203,-1.333562,0.666438,0.06643799,-2.473562
-1.6535621,0.596438,-6.893562,-8.863562,-9.283562,-2.863562,-1.553562,0.62643796,-0.443562,-0.833562,-1.443562,-1.013562,-1.883562,-2.103562,-3.453562,-3.193562,-0.26356202,-2.433562,-4.533562,-3.143562,-3.283562,-4.103562,-0.643562,1.876438,1.606438,1.706438,-1.183562,2.736438,1.136438,2.116438,1.686438,4.176438,1.366438,0.466438,-2.8435621,-1.243562,-1.163562,-2.323562,-1.113562,-2.193562,1.146438
0.276438,-2.033562,-4.843562,-5.203562,-9.193562,-1.193562,0.336438,0.38643798,0.44643798,-1.253562,-1.313562,-1.6535621,-2.323562,-2.543562,-1.803562,-2.423562,-2.153562,-2.463562,-2.813562,-4.503562,-4.243562,-0.823562,-4.343562,-1.203562,-1.113562,0.22643799,0.476438,0.616438,0.55643797,1.4664379,2.296438,0.466438,1.0964379,-1.163562,0.056437988,-0.893562,0.826438,-0.45356202,0.786438,1.0964379,2.306438
0.32643798,-1.193562,-4.153562,-3.383562,-7.573562,-4.993562,-1.823562,0.796438,1.686438,2.166438,0.396438,-1.5335621,-1.803562,-3.403562,-2.513562,-1.563562,-3.023562,-2.443562,-2.483562,-4.303562,-4.873562,-1.853562,0.056437988,-3.233562,-2.8435621,-3.203562,-2.643562,-2.273562,-1.693562,-2.163562,-2.293562,-2.623562,-1.293562,-0.703562,1.106438,0.04643799,0.726438,3.056438,-0.403562,-0.06356201,1.236438
2.746438,2.116438,-3.183562,0.366438,-1.193562,-6.943562,-1.483562,0.23643799,0.42643797,2.696438,1.646438,0.576438,-1.523562,-2.753562,-2.773562,-1.0335621,-2.533562,-2.763562,-1.613562,-2.153562,-1.543562,-2.113562,-2.803562,-2.773562,-2.273562,-2.733562,-1.763562,-0.763562,-1.063562,-0.643562,-1.443562,-2.053562,2.766438,3.286438,-1.073562,-1.353562,-0.663562,0.796438,-3.5935621,-5.553562,-3.8435621
3.086438,2.706438,0.666438,2.866438,0.836438,-6.953562,0.03643799,-0.403562,1.686438,3.026438,2.886438,1.696438,-0.253562,-1.763562,-0.42356202,-1.473562,-2.3435621,-1.933562,-2.153562,-0.81356204,-0.743562,-0.11356201,-0.583562,-0.30356202,-1.193562,-2.223562,-1.663562,-0.843562,0.35643798,0.726438,-0.68356204,-1.923562,1.666438,1.576438,1.426438,-1.373562,0.81643796,1.816438,-2.873562,-5.893562,-2.973562
-3.393562,2.976438,3.806438,3.846438,5.826438,2.226438,-2.583562,2.346438,1.5964379,1.126438,1.956438,1.936438,1.306438,-0.10356201,1.016438,-1.333562,-3.503562,-3.353562,-4.043562,-0.253562,-2.013562,-2.243562,-2.743562,0.546438,-1.103562,-1.173562,-2.403562,-2.763562,-0.08356201,-0.30356202,-0.75356203,-1.193562,1.566438,-0.893562,0.216438,0.786438,-1.603562,0.736438,1.036438,2.086438,-3.073562
-2.793562,-3.123562,3.166438,4.826438,6.946438,4.036438,-1.963562,-4.243562,3.726438,2.986438,2.196438,1.996438,1.196438,1.266438,2.146438,0.676438,-1.953562,-3.083562,-3.563562,-1.063562,-1.423562,-2.663562,-3.183562,-2.453562,-2.133562,-0.94356203,-1.693562,-2.663562,-2.103562,-2.043562,0.836438,-1.023562,-0.33356202,-3.713562,0.376438,0.11643799,-0.23356201,-0.11356201,2.546438,2.646438,-3.313562
-2.673562,-0.783562,-2.203562,4.326438,5.066438,5.096438,1.076438,0.04643799,2.276438,4.146438,3.606438,3.256438,2.586438,2.146438,3.056438,1.276438,0.26643798,-1.193562,-2.473562,-2.323562,0.506438,-1.523562,-2.563562,-2.123562,-2.123562,-2.0935621,-1.123562,-2.183562,-2.283562,-1.503562,-2.083562,-1.003562,1.876438,-3.673562,-2.673562,-1.603562,-2.373562,0.586438,1.806438,1.986438,-0.05356201
-1.193562,-1.563562,-3.893562,5.696438,6.386438,5.456438,5.576438,4.916438,3.336438,5.466438,4.606438,3.646438,3.756438,3.496438,3.086438,3.046438,1.826438,0.026437989,-0.993562,-1.743562,-0.473562,-0.403562,-1.353562,-0.733562,-1.023562,-0.953562,-1.343562,-1.423562,-1.983562,-2.293562,-1.113562,-0.04356201,1.016438,-0.833562,-0.62356204,0.42643797,0.17643799,-2.703562,-0.923562,2.496438,2.586438
-3.103562,-4.253562,-2.333562,-0.993562,0.606438,4.836438,3.486438,3.776438,3.946438,4.436438,4.606438,3.766438,4.366438,4.346438,3.196438,3.646438,3.246438,2.646438,1.986438,0.506438,-0.353562,-0.723562,-0.553562,0.12643799,-0.0135620115,0.026437989,-0.413562,-1.103562,-1.663562,-1.833562,-2.523562,-2.283562,-1.813562,-2.023562,-2.883562,-0.48356202,-0.36356202,1.766438,0.886438,1.086438,-0.253562
-2.163562,-2.663562,-3.693562,-2.733562,-0.343562,-1.023562,0.866438,2.236438,2.486438,3.506438,3.956438,4.596438,4.396438,4.386438,4.106438,3.686438,3.786438,3.296438,3.436438,3.126438,2.446438,0.536438,0.056437988,0.726438,1.296438,0.676438,0.906438,0.24643798,-0.39356202,-1.413562,-1.863562,-2.123562,-1.803562,-1.923562,-2.123562,-3.103562,-1.753562,0.836438,1.446438,1.496438,0.836438
-0.643562,-0.833562,-2.173562,-2.483562,-2.3435621,-1.773562,0.526438,0.396438,2.276438,2.526438,1.606438,3.086438,4.146438,4.226438,3.986438,4.036438,3.686438,3.626438,3.326438,3.616438,3.476438,2.736438,2.206438,2.066438,2.616438,2.836438,2.286438,1.046438,0.306438,-0.553562,-1.213562,-1.293562,-1.323562,-1.813562,-1.803562,-1.493562,-1.913562,-1.143562,-1.953562,-1.613562,-0.663562
-1.233562,-2.173562,-1.793562,-1.863562,-1.953562,-1.993562,-1.9035621,1.206438,1.816438,2.786438,2.486438,0.836438,2.706438,3.346438,4.946438,3.966438,4.236438,4.486438,3.816438,3.546438,3.606438,3.496438,3.396438,3.176438,3.076438,3.116438,2.236438,1.976438,1.856438,1.656438,1.186438,0.276438,-0.32356203,-0.413562,-1.083562,-1.613562,-1.753562,-1.513562,-1.693562,-1.473562,-1.423562
0.016437989,-1.333562,-2.163562,-1.243562,-0.673562,-0.983562,-1.813562,-1.823562,-2.483562,2.116438,1.336438,2.516438,3.176438,1.616438,3.666438,4.386438,4.216438,4.516438,4.716438,4.266438,3.576438,3.706438,3.566438,3.516438,3.196438,3.146438,2.916438,2.696438,2.276438,2.136438,1.2164379,1.836438,0.406438,0.16643798,0.346438,0.016437989,-0.0135620115,-0.033562012,-0.033562012,-0.763562,-0.663562
