wind_kz.json
{"header": {"discipline":0,"disciplineName":"Meteorological products","gribEdition":2,"gribLength":1025,"center":7,"centerName":"US National Weather Service - NCEP(WMC)","subcenter":0,"refTime":"2023-09-30T18:00:00.000Z","significanceOfRT":1,"significanceOfRTName":"Start of forecast","productStatus":0,"productStatusName":"Operational products","productType":1,"productTypeName":"Forecast products","productDefinitionTemplate":0,"productDefinitionTemplateName":"Analysis/forecast at horizontal level/layer at a point in time","parameterCategory":2,"parameterCategoryName":"UnknownDiscipline_0_Category_2","parameterNumber":3,"parameterNumberName":"UnknownParameter_D0_C2_3","parameterUnit":"Unknown","genProcessType":2,"genProcessTypeName":"Forecast","forecastTime":0,"surface1Type":103,"surface1TypeName":"Specified height level above ground","surface1Value":10.0,"surface2Type":255,"surface2TypeName":"Missing","surface2Value":0.0,"gridDefinitionTemplate":0,"gridDefinitionTemplateName":"Latitude_Longitude","numberPoints":615,"shape":6,"shapeName":"Earth spherical with radius of 6,371,229.0 m","gridUnits":"degrees","resolution":48,"winds":"true","scanMode":64,"nx":41,"ny":15,"basicAngle":0,"lo1":47.0,"la1":41.0,"lo2":87.0,"la2":55.0,"dx":1.0,"dy":1.0}, "data":
[rows 0 to 14 of 15, columns 0 to 40 of 41]
1.8085083,-0.9014917,-0.3114917,1.4085083,-1.9714917,-4.351492,-3.7814918,-2.5014918,-1.7714916,-0.6914917,-0.8714917,-2.0114918,-2.7514918,-0.2714917,-1.2114917,-2.4514916,-1.3514917,-2.1914916,-2.5314918,-0.3314917,-0.7014917,0.7985083,-0.8114917,-1.0314918,-1.9814917,0.0385083,-0.9614917,1.0985084,1.1185083,2.5185082,-2.2714918,-0.5714917,1.0185083,-0.1714917,-4.9014916,-3.0814917,-2.8914917,1.3885083,2.1185083,-0.0314917,-1.2114917
0.2785083,0.9685083,1.7285084,0.9185083,-1.3814917,-3.6214917,-3.3614917,-0.7914917,-2.4214916,1.3185083,-0.0414917,-1.8214917,-2.6914916,-2.8414917,-4.9614916,-2.5814917,-2.9314916,0.1285083,-0.6814917,-1.4914917,-0.6714917,2.2785082,2.5485084,2.2185082,1.7385083,1.5085083,-0.3714917,3.1785083,-0.3314917,2.3985083,1.4885083,2.8885083,-1.4514917,-0.3114917,-1.8514917,-2.9414916,-2.1214917,-0.9214917,0.1185083,-0.1714917,0.9085083
1.9085083,3.2185082,1.6585083,-0.4514917,-2.2114916,-3.0114918,0.4785083,-1.6314917,-1.1714917,-0.6714917,-1.1014917,-1.0114917,1.5285083,-2.0514917,-2.6214917,-3.0214918,-3.5714917,-1.8314917,0.3985083,-0.4914917,-0.1714917,1.9785084,1.9585083,2.0285082,2.9185083,2.6185083,2.5185082,1.1085083,0.1785083,1.3685083,2.9885082,0.9885083,1.7385083,-1.3814917,-0.8114917,0.6885083,1.5185083,-2.8614917,-1.4814917,2.2785082,2.5285082
0.7985083,2.3185084,1.2485083,-0.9814917,-1.9414917,-2.8214917,-3.1014917,-0.5414917,-0.5814917,2.0285082,-1.3814917,-1.7914917,1.7985083,-0.5414917,-1.4214917,-2.5714917,-2.5614917,-2.3614917,-1.6814917,-3.0614917,1.3185083,3.3085084,4.398508,3.3685083,0.3485083,0.0785083,0.3585083,-0.9114917,-0.3014917,-1.7714916,0.6585083,-0.2714917,-0.7814917,-1.2114917,-0.1514917,-0.7414917,3.6085083,1.3985083,-0.3414917,2.6785083,0.1485083
2.9185083,3.8585083,2.2785082,1.1285083,0.4485083,-0.5514917,-2.0714917,-1.9914917,0.0385083,2.7685082,0.9385083,-1.3214917,1.7185082,-0.1814917,-1.6414917,-1.9414917,-3.5214918,0.5085083,-1.1414917,-0.8714917,-0.1014917,-2.2414918,0.1285083,-1.4314917,-0.7114917,-1.5014917,-1.4614917,-2.1214917,-2.1814916,-0.1014917,-0.6414917,-1.8514917,2.8385084,3.0185082,-1.5214916,-0.3214917,0.0085083,0.6985083,2.7185082,3.1585083,-0.2314917
2.6985083,1.0185083,3.0585084,-0.2214917,0.1685083,-0.8114917,-1.0914917,-2.1814916,-1.4114918,-0.4914917,-1.4214917,-2.1714916,-2.7614918,-1.8414917,-0.6814917,-1.8914917,-4.261492,0.8885083,-0.5914917,-1.2314917,-1.0414917,-2.0814917,0.9385083,0.6085083,2.9585083,2.9585083,0.5885083,0.1385083,0.9485083,1.5585083,0.7185083,0.8385083,1.2485083,-0.2914917,1.4885083,-2.0014918,0.108508304,0.8285083,-2.7114916,-5.2114916,-6.141492
-3.1114917,-3.6014917,-4.3614917,-4.3114915,-4.2314916,-5.0714917,-3.5414917,-1.5314918,-0.0514917,-1.0614917,1.5285083,-0.3314917,-2.2314918,-2.7114916,-3.5214918,-3.4414916,-0.3314917,1.3885083,-0.2214917,-1.1014917,-2.0414917,-0.1014917,1.6885083,1.7185082,1.7985083,0.7585083,0.4985083,-1.8414917,-2.6014917,-3.3914917,-2.8914917,-2.7914917,-0.8314917,0.1585083,2.6885083,0.2485083,-0.8714917,1.6585083,-1.1314917,0.0185083,-5.1314917
-2.8414917,-4.0014915,-4.3814917,-4.0714917,-3.3214917,-5.2514915,-4.0914917,-2.7714918,-2.3114917,-1.1714917,2.0185082,-0.1314917,-0.4514917,-1.8414917,-0.9214917,-1.1814917,-0.8614917,-0.4614917,-1.7814918,0.0885083,-3.8114917,-2.2814918,0.1685083,-0.8414917,-0.0514917,0.9685083,1.2985083,-0.9214917,-1.4414917,-2.5414917,-1.9914917,-2.6014917,-1.0014917,-1.7814918,3.2385082,3.3485084,3.5285082,1.3885083,-2.0414917,-2.0014918,0.9085083
-1.5314918,-2.5914917,-3.7214918,-2.8514917,-2.8414917,-3.5914917,-3.7114916,-2.1414917,-3.3714917,-3.8614917,-0.5214917,-0.6314917,-1.3814917,0.0785083,-1.5814917,1.8785083,0.4585083,1.3585083,0.0185083,-1.8514917,-1.3614917,-2.2514918,-0.4914917,-0.8214917,-0.3514917,0.6885083,0.6785083,0.1285083,0.5085083,-1.0714917,-2.6114917,-3.3714917,-2.8914917,-3.7214918,-1.9114918,-1.8014917,-1.5814917,3.5985084,3.3785083,2.3385084,2.1485083
-0.8714917,-2.6614916,-3.2114916,-2.3614917,-2.9214916,-3.5314918,-3.1414917,-3.2714918,-4.1914916,-2.7214918,-2.7714918,-0.8714917,-2.6914916,-2.0614917,-1.5414917,-2.2414918,-0.9314917,-1.5214916,0.9585083,-0.3114917,-0.7914917,-1.3614917,-1.2914917,-1.6514916,-0.6414917,0.5285083,0.4285083,-0.2314917,1.3485084,0.3685083,0.7085083,0.4085083,0.4985083,-1.9814917,-2.7714918,-2.0714917,1.4485083,-0.1214917,2.9085083,3.5885084,1.8385082
0.4585083,-1.7414917,-2.6314917,-3.2814918,-2.9214916,-2.6914916,-3.5514917,-3.2814918,-2.5214918,-2.3814917,-2.0514917,-2.1314917,-1.9914917,-1.2914917,-1.5414917,-2.6514916,-2.7914917,0.1685083,-0.1314917,1.1885083,0.3185083,-2.4814918,-1.6814917,-0.7314917,-0.4614917,-0.2314917,0.2085083,-0.8314917,0.1985083,-1.0114917,-1.7914917,-1.2314917,-2.7714918,1.1385083,-1.5014917,-1.6514916,-0.7114917,1.0685083,2.1585083,1.5185083,0.8385083
1.1485083,-0.2114917,-1.9914917,-2.5314918,-2.6314917,-2.0514917,-3.0914917,-2.5814917,-3.5914917,-1.9014916,-1.5914917,-2.6014917,-2.3914917,-2.5114918,-2.4014916,-1.9214917,-1.7814918,-1.6814917,0.6085083,2.1585083,1.7785083,-0.5614917,-1.9714917,-1.8214917,-1.3914917,-1.1414917,-0.8814917,1.6385083,2.6385083,-0.4414917,-1.8214917,-2.9214916,-2.5514917,-1.9214917,0.0585083,0.9285083,0.9285083,-0.48149168,-1.8814917,-1.1814917,0.3185083
1.9585083,1.4985083,-0.5614917,-0.7414917,-0.9714917,-0.4414917,-1.4514917,-2.0114918,-2.5814917,-0.8314917,-0.4614917,-1.4314917,-2.5214918,-2.5414917,-2.5614917,-2.3714917,-1.9214917,-1.7914917,-1.5914917,-0.8214917,1.7885083,0.3185083,-1.2714916,-0.9114917,-1.2914917,-1.3314917,-0.021491699,-0.3414917,-0.7614917,-1.4914917,-2.6014917,-2.5914917,-2.8314917,-3.9214916,-3.5314918,-1.8414917,-1.6314917,1.0585083,0.4785083,0.1185083,0.4285083
2.5385084,2.9985082,0.9785083,1.1385083,-0.2514917,0.6585083,-1.5414917,-0.16149169,-1.3114917,-1.1114917,0.5285083,-0.1014917,-1.8014917,-2.2314918,-2.4514916,-2.1314917,-1.5514917,-1.7114917,-0.8614917,-0.1914917,1.1285083,0.2385083,-1.9614917,-0.5214917,-1.0614917,-0.4614917,-1.0314918,-1.8214917,-1.7414917,-2.1214917,-2.9214916,-3.5814917,-3.8014917,-4.011492,-3.5914917,-4.6114917,-4.5014915,-4.0014915,-3.8314917,-3.5214918,-4.1914916
2.1285083,3.3985083,2.8285084,1.9685082,1.1985083,1.2685083,1.4385083,1.3585083,0.8085083,-0.0314917,-0.8414917,-0.1214917,1.0185083,-1.0214916,-2.7214918,-1.7914917,-2.0614917,-2.0914917,-1.8514917,-1.5114917,-1.4514917,-1.0314918,-1.9814917,-2.0214918,-1.9414917,-0.9714917,-1.0114917,-0.7114917,-1.2314917,-1.8414917,-2.3314917,-3.2314918,-2.8014917,-3.2614918,-3.2214918,-3.5114918,-4.0214915,-4.101492,-4.4614916,-4.891492,-3.0214918
