wind_kz.json
{"header": {"discipline":0,"disciplineName":"Meteorological products","gribEdition":2,"gribLength":871,"center":7,"centerName":"US National Weather Service - NCEP(WMC)","subcenter":0,"refTime":"2024-03-19T12:00:00.000Z","significanceOfRT":1,"significanceOfRTName":"Start of forecast","productStatus":0,"productStatusName":"Operational products","productType":1,"productTypeName":"Forecast products","productDefinitionTemplate":0,"productDefinitionTemplateName":"Analysis/forecast at horizontal level/layer at a point in time","parameterCategory":0,"parameterCategoryName":"UnknownDiscipline_0_Category_0","parameterNumber":0,"parameterNumberName":"UnknownParameter_D0_C0_0","parameterUnit":"Unknown","genProcessType":2,"genProcessTypeName":"Forecast","forecastTime":0,"surface1Type":1,"surface1TypeName":"Ground or water surface","surface1Value":0.0,"surface2Type":255,"surface2TypeName":"Missing","surface2Value":0.0,"gridDefinitionTemplate":0,"gridDefinitionTemplateName":"Latitude_Longitude","numberPoints":615,"shape":6,"shapeName":"Earth spherical with radius of 6,371,229.0 m","gridUnits":"degrees","resolution":48,"winds":"true","scanMode":64,"nx":41,"ny":15,"basicAngle":0,"lo1":47.0,"la1":41.0,"lo2":87.0,"la2":55.0,"dx":1.0,"dy":1.0}, "data":
[rows 0 to 14 of 15, columns 0 to 40 of 41]
281.5904,275.49042,275.49042,279.99042,280.7904,281.99042,283.7904,286.6904,289.1904,291.6904,292.2904,293.2904,294.2904,295.6904,297.7904,296.5904,298.2904,295.8904,297.49042,292.99042,293.8904,293.1904,293.1904,290.1904,292.49042,294.5904,285.2904,268.99042,266.49042,264.1904,266.1904,265.8904,282.6904,286.99042,286.7904,286.3904,287.0904,285.99042,285.3904,284.99042,284.5904
270.6904,277.8904,280.2904,280.2904,280.5904,280.99042,284.6904,284.1904,285.49042,286.5904,289.1904,290.8904,293.49042,290.0904,290.0904,291.0904,292.7904,292.49042,292.1904,293.5904,293.1904,291.99042,288.2904,278.49042,269.99042,268.7904,272.0904,267.5904,267.8904,265.1904,270.3904,259.5904,274.1904,249.6904,253.59041,282.99042,281.49042,283.8904,284.6904,279.0904,272.8904
279.5904,278.1904,280.1904,280.3904,280.1904,281.2904,281.6904,285.2904,288.8904,288.49042,287.0904,291.0904,291.1904,290.3904,289.49042,290.3904,290.2904,289.49042,290.99042,291.6904,292.49042,291.6904,290.8904,282.5904,287.8904,285.7904,286.3904,287.49042,287.2904,273.99042,267.99042,269.2904,270.99042,268.3904,267.1904,270.1904,263.49042,259.1904,270.5904,266.1904,260.49042
286.8904,277.99042,278.8904,279.5904,280.49042,281.2904,282.2904,281.49042,282.6904,282.99042,282.49042,282.6904,282.5904,283.2904,290.6904,289.8904,288.49042,289.1904,288.7904,289.7904,290.7904,287.6904,288.8904,288.2904,289.5904,287.8904,286.0904,284.5904,287.1904,285.49042,284.5904,282.99042,286.1904,285.8904,282.99042,272.6904,265.49042,258.99042,270.1904,269.8904,280.7904
286.1904,277.1904,277.1904,277.5904,280.1904,286.0904,286.5904,289.2904,289.5904,289.1904,287.1904,285.2904,280.7904,280.5904,280.5904,292.0904,290.49042,289.7904,289.49042,286.8904,285.7904,287.99042,287.1904,287.0904,285.0904,284.6904,284.3904,281.1904,284.0904,287.3904,288.1904,286.2904,272.5904,263.5904,272.7904,272.7904,278.6904,282.6904,280.99042,282.0904,279.3904
288.3904,289.6904,276.49042,274.99042,271.49042,272.5904,287.6904,288.0904,286.5904,286.8904,288.1904,288.49042,282.99042,280.8904,279.6904,290.1904,291.0904,289.99042,288.99042,287.5904,285.7904,286.99042,287.3904,285.6904,287.0904,285.8904,285.6904,273.0904,285.5904,283.99042,285.0904,284.8904,282.0904,284.2904,279.99042,277.2904,272.5904,270.6904,280.49042,280.8904,280.6904
287.49042,288.2904,290.1904,290.0904,284.0904,288.49042,288.49042,286.6904,286.99042,287.1904,285.6904,283.8904,285.3904,285.1904,285.8904,287.3904,287.2904,287.6904,283.7904,279.6904,275.2904,285.49042,285.0904,282.6904,273.1904,273.1904,272.1904,281.2904,278.7904,282.5904,281.5904,277.6904,279.7904,280.7904,274.5904,273.5904,271.2904,270.3904,266.99042,269.0904,276.49042
284.1904,287.1904,287.49042,286.7904,289.5904,288.0904,283.1904,280.8904,277.5904,277.6904,274.99042,274.5904,277.5904,277.8904,277.2904,277.7904,277.7904,279.6904,273.5904,274.1904,273.3904,273.3904,273.2904,273.0904,273.1904,273.1904,272.2904,273.1904,270.2904,270.49042,269.8904,271.49042,271.1904,272.6904,273.1904,265.3904,266.5904,268.7904,273.7904,276.7904,271.0904
281.3904,282.2904,283.6904,287.2904,287.3904,281.0904,280.0904,274.6904,274.1904,273.1904,273.1904,273.1904,273.2904,273.5904,272.6904,275.5904,275.1904,273.6904,273.1904,273.1904,273.1904,273.1904,273.1904,273.1904,272.8904,272.99042,272.5904,271.99042,270.8904,271.0904,271.3904,272.7904,273.49042,272.2904,271.49042,267.49042,267.2904,270.5904,265.8904,266.49042,265.99042
276.3904,275.1904,275.1904,277.8904,281.6904,273.2904,273.3904,273.1904,273.1904,273.1904,273.1904,273.1904,273.1904,273.1904,273.1904,273.1904,273.1904,273.1904,273.1904,273.1904,273.1904,273.1904,273.1904,273.1904,273.1904,273.0904,272.6904,272.99042,272.2904,272.6904,272.8904,274.3904,274.49042,272.7904,271.0904,272.49042,272.3904,270.0904,269.6904,269.1904,266.7904
273.3904,273.49042,273.2904,272.3904,272.6904,272.8904,271.8904,273.1904,273.0904,273.1904,273.1904,272.3904,272.6904,272.2904,272.2904,273.0904,273.1904,273.1904,273.1904,273.1904,273.1904,273.1904,273.1904,273.1904,273.1904,273.1904,272.3904,273.7904,275.49042,276.49042,274.7904,271.99042,272.5904,274.2904,273.0904,273.1904,272.49042,270.5904,270.49042,271.2904,270.3904
273.2904,271.5904,271.99042,271.3904,272.6904,271.1904,271.49042,272.0904,272.0904,272.99042,272.8904,269.2904,269.2904,267.8904,267.7904,267.99042,271.2904,273.0904,273.1904,273.1904,272.99042,272.8904,273.0904,273.1904,273.0904,273.1904,272.8904,273.8904,273.49042,275.3904,273.1904,272.99042,273.8904,272.1904,273.8904,273.1904,273.99042,273.49042,273.49042,273.2904,275.1904
273.2904,273.1904,273.1904,273.1904,274.1904,276.1904,273.1904,271.49042,272.5904,273.0904,273.49042,271.6904,271.2904,271.0904,271.99042,269.3904,268.3904,268.2904,268.6904,272.0904,272.3904,272.2904,272.49042,272.3904,272.0904,270.99042,269.8904,269.8904,272.99042,273.1904,272.1904,272.5904,271.5904,272.2904,272.5904,273.1904,272.8904,273.3904,273.1904,273.1904,273.1904
273.1904,273.1904,273.1904,273.1904,273.1904,273.1904,273.1904,273.1904,273.1904,273.2904,274.2904,274.1904,271.8904,271.8904,272.5904,272.6904,272.7904,272.5904,272.7904,272.6904,271.7904,270.1904,267.2904,267.0904,269.0904,269.7904,268.6904,268.3904,270.1904,271.2904,271.5904,271.7904,271.7904,271.2904,272.3904,272.49042,273.0904,272.99042,273.1904,272.7904,273.1904
274.3904,272.7904,273.1904,273.1904,273.1904,273.1904,273.1904,273.1904,273.1904,273.99042,273.6904,273.99042,274.3904,275.0904,271.0904,270.99042,271.99042,272.7904,272.49042,272.1904,271.7904,272.8904,272.99042,273.1904,273.0904,272.8904,272.7904,270.49042,268.7904,269.7904,270.5904,270.7904,270.8904,271.8904,271.5904,271.8904,272.3904,272.3904,272.5904,273.1904,273.2904
