wind_kz.json
{"header": {"discipline":0,"disciplineName":"Meteorological products","gribEdition":2,"gribLength":1025,"center":7,"centerName":"US National Weather Service - NCEP(WMC)","subcenter":0,"refTime":"2023-08-21T18:00:00.000Z","significanceOfRT":1,"significanceOfRTName":"Start of forecast","productStatus":0,"productStatusName":"Operational products","productType":1,"productTypeName":"Forecast products","productDefinitionTemplate":0,"productDefinitionTemplateName":"Analysis/forecast at horizontal level/layer at a point in time","parameterCategory":2,"parameterCategoryName":"UnknownDiscipline_0_Category_2","parameterNumber":3,"parameterNumberName":"UnknownParameter_D0_C2_3","parameterUnit":"Unknown","genProcessType":2,"genProcessTypeName":"Forecast","forecastTime":60,"surface1Type":103,"surface1TypeName":"Specified height level above ground","surface1Value":10.0,"surface2Type":255,"surface2TypeName":"Missing","surface2Value":0.0,"gridDefinitionTemplate":0,"gridDefinitionTemplateName":"Latitude_Longitude","numberPoints":615,"shape":6,"shapeName":"Earth spherical with radius of 6,371,229.0 m","gridUnits":"degrees","resolution":48,"winds":"true","scanMode":64,"nx":41,"ny":15,"basicAngle":0,"lo1":47.0,"la1":41.0,"lo2":87.0,"la2":55.0,"dx":1.0,"dy":1.0}, "data":
[rows 0 to 14 of 15, columns 0 to 40 of 41]
-1.1133178,1.5766821,-3.863318,-5.1033177,-3.3133178,-2.933318,-1.1733179,-0.49331787,-2.0433178,-3.9533179,-5.4133177,-4.6433177,-4.3933177,-3.933318,-1.5933179,-0.13331787,-0.47331786,-1.4633179,0.7266821,-1.0833179,-4.423318,-2.9933178,-1.1933179,1.0066822,2.606682,2.136682,1.0566821,0.21668214,-3.353318,-3.2033179,-1.3933178,2.5166821,-2.2533178,-0.28331786,-0.53331786,-2.943318,-0.5033179,0.31668213,1.1366822,0.5466821,-0.9633179
0.6266821,-3.8333178,-8.283318,-2.943318,-3.393318,-3.113318,-1.1133178,-1.5833179,-1.1633179,-2.8233178,-3.2933178,-4.063318,-4.973318,-6.733318,-7.223318,-5.793318,-1.4033179,0.07668213,2.0066822,1.7366822,-3.113318,-3.4933178,-1.2833179,-0.59331787,2.656682,3.306682,3.9966822,0.33668214,-0.30331787,-0.92331785,-3.113318,-3.603318,0.17668213,-0.36331788,3.316682,2.7766821,1.7866821,2.096682,2.6766822,2.4366822,-0.27331787
-4.153318,-5.3533177,-6.113318,-3.903318,-2.7833178,-3.0533178,-0.6933179,-0.7633179,0.38668212,-0.31331787,-2.423318,-3.4833179,-5.693318,-7.6033177,-7.4133177,-7.733318,-6.4533176,-2.123318,1.8666822,3.2566822,0.5566821,-1.2033179,0.35668212,-0.55331784,-3.8133178,-3.843318,-3.103318,-2.5833178,-1.7033179,-2.0833178,-2.163318,-1.2133179,-2.0733178,-1.3633178,2.136682,-2.153318,-3.8033178,1.1066822,-2.5333178,0.5566821,-0.3233179
-2.9633179,-3.5733178,-4.6433177,-5.233318,-4.483318,-2.3133178,-1.1133178,3.4566822,2.616682,2.606682,0.75668216,-2.0633178,-4.0833178,-5.823318,-8.053318,-7.303318,-6.483318,-5.473318,-0.37331787,1.4566821,3.5166821,2.856682,-1.3633178,0.6866821,-1.4133179,-1.3633178,-1.6833179,1.2466822,-1.3833178,-3.163318,2.7766821,2.096682,2.5166821,1.2366822,1.0066822,2.4866822,3.5366821,2.4466822,-5.043318,-4.343318,-1.9733179
-3.423318,-3.0533178,-3.4533179,-2.383318,-4.293318,-3.7833178,-2.0133178,2.4466822,5.976682,3.7366822,1.1966821,-0.78331786,-4.013318,-5.483318,-6.053318,-6.263318,-5.6433177,-5.253318,-3.5333178,0.36668214,2.4566822,1.3666822,1.5166821,1.7066821,-0.44331786,-1.0133178,2.1766822,-1.4533179,0.41668212,3.5366821,3.2866821,1.9366821,-0.9433179,-1.2933179,1.1266822,1.8866822,1.0466821,0.25668213,-4.063318,-2.943318,1.2866821
-6.033318,-2.7633178,-0.38331786,-2.923318,-4.493318,-2.9833179,0.35668212,5.1066823,6.186682,3.336682,1.1366822,-2.0633178,-2.183318,-2.9733179,-6.1433177,-5.803318,-6.313318,-5.343318,-3.7733178,-1.9533179,2.336682,4.026682,0.9966821,1.9066821,1.5266821,-0.44331786,0.5666821,1.3266821,2.2566822,5.276682,2.9866822,3.076682,0.34668213,0.45668212,-2.363318,-1.5033178,-3.2133179,-3.853318,-0.14331788,-0.37331787,-1.1433178
-5.013318,-5.003318,-4.013318,-3.0133178,-5.923318,-4.6433177,6.306682,6.786682,3.856682,1.5566821,-0.84331787,-2.4933178,-3.923318,-5.8533177,-6.293318,-6.573318,-5.513318,-5.923318,-4.5833178,-2.0633178,0.14668213,3.0166821,4.8966823,2.4666822,2.7466822,0.20668213,2.4166822,2.826682,4.506682,3.906682,4.326682,4.726682,3.7666821,3.1866822,1.1666821,0.9766821,3.646682,3.4666822,-0.7033179,3.566682,-0.18331787
-4.743318,-4.823318,-4.423318,-2.123318,-1.9533179,2.126682,4.1066823,2.7466822,1.7266822,4.776682,2.2566822,-0.35331786,-2.7333179,-4.313318,-6.283318,-5.993318,-5.9333177,-5.033318,-4.753318,-2.933318,-0.66331786,0.7366821,2.586682,3.5366821,-0.08331787,3.826682,2.9766822,5.216682,2.906682,4.6466823,5.136682,4.9166822,3.356682,3.556682,0.69668216,-0.46331787,-1.2033179,-1.1733179,-0.39331788,-0.28331786,0.8066821
-3.873318,-4.773318,-2.603318,-1.6033179,-2.603318,0.086682126,3.586682,4.996682,2.2766821,0.03668213,-0.06331787,-1.7133179,-2.2933178,-3.7533178,-5.743318,-6.383318,-6.573318,-5.073318,-4.513318,-3.7633178,-1.7533178,0.6166821,2.7266822,3.656682,2.386682,1.3466821,0.57668215,4.996682,7.256682,4.3166823,6.926682,4.506682,4.5866823,4.196682,1.8866822,2.606682,3.086682,-0.99331784,2.126682,2.856682,1.9766822
-3.5633178,-1.8533179,-0.99331784,0.47668213,-0.41331786,-4.033318,-4.4133177,-1.0533179,-1.2933179,-1.3533179,-2.0433178,-0.8733179,-0.11331787,-1.3833178,-4.223318,-6.153318,-6.733318,-5.693318,-5.573318,-3.4933178,-1.4133179,0.16668212,1.9366821,3.5266821,4.8366823,4.446682,-1.7733178,-0.7033179,1.0166821,4.616682,4.956682,4.1466823,4.526682,3.826682,3.906682,2.0266821,1.9266821,2.106682,1.4266821,-0.42331788,1.0966821
-0.49331787,-0.7633179,0.17668213,0.18668213,1.4866822,2.316682,3.2766821,0.7266821,-1.2033179,-0.80331784,-1.3833178,-1.4533179,0.6766821,-0.86331785,-3.4733179,-4.743318,-6.653318,-8.063318,-6.323318,-6.3733177,-5.863318,-1.7833179,2.156682,4.346682,2.106682,1.7366822,-1.5433179,-3.153318,1.3266821,-2.5633178,-2.0333178,0.39668214,5.616682,5.756682,6.3166823,5.056682,2.346682,0.8566821,1.9666821,1.4166821,0.23668213
-0.11331787,1.1866821,1.2566822,2.0466821,2.2566822,0.6866821,-0.6333179,-2.0133178,-2.653318,-0.8733179,0.25668213,-0.07331787,1.2166821,-1.0833179,-2.8333178,-4.513318,-4.9333177,-5.6033177,-6.653318,-7.223318,-6.6033177,-5.823318,-4.6833177,2.7866821,2.336682,1.3066821,0.90668213,0.83668214,-2.2233179,-1.1233178,-4.493318,0.03668213,4.556682,5.846682,5.746682,4.506682,2.2766821,0.46668214,-1.4433179,0.6866821,-0.44331786
0.8166821,1.3166821,2.0366821,1.9366821,0.9266821,-0.65331787,-1.7333179,-2.193318,-0.98331785,-1.0033178,-0.6233179,-1.4933178,-1.5033178,-2.0833178,-2.2333179,-2.853318,-3.4933178,-4.1433177,-4.563318,-4.943318,-5.383318,-5.713318,-5.3333178,-5.3333178,-0.03331787,2.066682,0.84668213,1.3166821,-1.0033178,-3.923318,-1.6233178,0.086682126,3.846682,6.936682,6.136682,5.116682,3.7866821,2.1966822,2.7466822,1.8366821,0.6766821
3.156682,3.5466821,3.076682,3.096682,1.9166821,0.4266821,-1.6833179,-1.7833179,-1.7633178,-1.4933178,-1.1933179,-1.3533179,-0.34331787,-1.2533178,-2.093318,-2.5433178,-3.0433178,-3.343318,-3.363318,-3.5233178,-3.383318,-3.7533178,-4.9533176,-5.313318,-5.513318,-5.4133177,-3.133318,-0.66331786,0.64668214,-2.0033178,-1.6033179,-0.86331785,3.366682,7.236682,6.196682,6.0466824,4.026682,3.5066822,3.336682,2.2866821,1.8766822
0.65668213,0.51668215,-0.90331787,-1.7733178,1.3866822,0.40668213,-0.28331786,-1.3033179,-2.343318,-1.9533179,-0.91331786,-1.8733178,-1.8133179,-1.1533179,-2.403318,-2.893318,-3.3333178,-3.2833178,-2.603318,-3.363318,-3.9633179,-3.8233178,-3.7933178,-4.3933177,-3.633318,-4.1233177,-3.663318,-3.3133178,-2.133318,-2.613318,-2.9633179,1.3366821,0.63668215,5.0466824,6.226682,6.116682,5.906682,5.256682,3.316682,3.576682,1.7566822
