wind_kz.json
{"header": {"discipline":0,"disciplineName":"Meteorological products","gribEdition":2,"gribLength":1025,"center":7,"centerName":"US National Weather Service - NCEP(WMC)","subcenter":0,"refTime":"2024-03-19T18:00:00.000Z","significanceOfRT":1,"significanceOfRTName":"Start of forecast","productStatus":0,"productStatusName":"Operational products","productType":1,"productTypeName":"Forecast products","productDefinitionTemplate":0,"productDefinitionTemplateName":"Analysis/forecast at horizontal level/layer at a point in time","parameterCategory":2,"parameterCategoryName":"UnknownDiscipline_0_Category_2","parameterNumber":3,"parameterNumberName":"UnknownParameter_D0_C2_3","parameterUnit":"Unknown","genProcessType":2,"genProcessTypeName":"Forecast","forecastTime":180,"surface1Type":103,"surface1TypeName":"Specified height level above ground","surface1Value":10.0,"surface2Type":255,"surface2TypeName":"Missing","surface2Value":0.0,"gridDefinitionTemplate":0,"gridDefinitionTemplateName":"Latitude_Longitude","numberPoints":615,"shape":6,"shapeName":"Earth spherical with radius of 6,371,229.0 m","gridUnits":"degrees","resolution":48,"winds":"true","scanMode":64,"nx":41,"ny":15,"basicAngle":0,"lo1":47.0,"la1":41.0,"lo2":87.0,"la2":55.0,"dx":1.0,"dy":1.0}, "data":
[rows 0 to 14 of 15, columns 0 to 40 of 41]
1.9603424,0.81034243,0.81034243,-1.6096576,-3.8696575,-4.1896577,-3.2796576,0.10034241,3.5003424,4.2403426,5.0603423,5.8003426,5.9203424,4.9703426,5.7603426,5.7403426,5.5103426,6.2503424,4.5803423,5.7903423,1.5203424,3.8603425,1.0903424,-0.29965758,1.8203424,-0.8696576,-1.3396575,-1.5596576,-0.4996576,3.4240723E-4,-1.5896575,-0.9596576,-0.4096576,-0.9096576,0.1503424,0.4403424,-0.8696576,0.050342407,-0.069657594,1.3503424,3.8103423
1.1303424,0.2003424,-2.6996577,-4.8796577,-5.0596576,-5.9196577,-4.299658,-2.9296577,-4.4596577,-0.9896576,0.42034242,3.6903424,2.0903425,2.6203425,4.7603426,7.6903424,4.7303424,2.4003425,5.1203423,3.9203424,1.2903425,-2.3796575,-0.22965759,0.8403424,-0.48965758,-1.3996576,0.5803424,-0.13965759,0.2703424,-0.0096575925,-0.049657594,-1.1496576,0.6303424,-3.1796577,-0.22965759,2.2403424,2.9803424,1.7103424,1.7603424,0.2003424,0.5103424
-3.0896575,-4.9496574,-6.299658,-6.089658,-6.7096577,-5.6996574,-5.4096575,-4.9696574,-3.2196577,-0.3596576,0.8303424,2.4303424,4.7403426,4.3203425,2.7003424,3.4103425,4.3803425,3.3703425,3.2503424,2.5703423,1.7503424,-1.9696575,-5.569658,-1.5696576,-0.93965757,-1.5096576,-0.9596576,-1.0696576,0.45034242,-1.3096576,-0.2196576,1.1603425,0.9603424,-0.2096576,0.6403424,-1.9296576,-2.2496576,0.4303424,-1.5096576,-1.2796576,-0.5096576
-2.8496575,-3.2296576,-3.7496576,-3.0096576,-4.4596577,-4.9696574,-4.5596576,-1.5596576,-1.8496575,-0.5996576,-1.3396575,-3.5396576,-2.1496575,-1.1696576,0.07034241,0.3303424,0.22034241,-0.3996576,0.16034241,-0.5296576,-0.7296576,-3.3996575,3.5703423,0.3403424,-2.1896577,-3.5096576,-3.6096575,-3.5596576,-1.8896576,-2.6696577,-1.1296576,0.9103424,0.5203424,0.8003424,1.1203424,0.7903424,0.6903424,0.4403424,-2.1496575,-2.4696577,-1.4096576
-4.5396576,-3.2496576,-4.9896574,-2.0696576,-0.24965759,-0.6196576,0.22034241,0.4603424,1.3903424,0.020342408,0.050342407,-0.9096576,-1.7896576,-0.5496576,0.7703424,2.0003424,2.4303424,1.1903424,0.2003424,0.4703424,1.4903424,2.2903423,1.1803424,3.4240723E-4,-1.0296576,-2.0996575,-5.5396576,-3.5396576,-3.7696576,-4.4496574,-5.0796576,-3.3096576,-1.7596576,-1.5996575,0.7203424,1.4703424,1.9703424,-1.5296576,-0.3796576,1.3503424,-0.4496576
-5.1796575,-3.9896576,-2.7896576,-0.68965757,0.030342408,0.1503424,1.1203424,1.7503424,2.5903425,2.4403424,1.3103424,0.9703424,-1.3196576,-1.4396576,1.5903424,1.8403424,1.6603425,1.5003424,1.0203424,1.1503425,0.19034241,0.7903424,1.7103424,0.6103424,-0.9096576,-2.4096575,-2.4296577,-4.8896575,-3.2796576,-4.089658,-4.8296576,-5.8096576,-4.2696576,-4.7496576,-2.0796576,2.4103425,-1.7796576,-1.8796576,3.3303423,1.8203424,-1.0596576
-4.589658,-2.5996575,0.030342408,3.2503424,3.1303425,3.0203424,3.0803423,3.4303424,1.2803425,1.1603425,1.4803424,0.7003424,0.4703424,-1.0296576,-1.1696576,0.050342407,1.5903424,2.3203423,2.1403425,1.4103425,0.040342405,0.030342408,0.4303424,1.2303424,1.3003424,-0.2096576,-3.7696576,-3.3496575,-5.7196574,-5.1496577,-5.109658,-6.7496576,-7.799658,-1.9596575,-0.5596576,0.2503424,-1.6496576,-2.6596575,-2.4096575,0.7703424,-3.4196577
-2.0496576,1.3603424,4.3103423,4.7803426,4.2703424,3.8203423,3.6003425,3.0803423,3.4603424,3.0403423,2.4903424,1.4503424,-0.1796576,0.2803424,-0.07965759,1.1403424,1.9603424,2.7303424,2.0603423,3.7603424,1.3203424,0.6903424,0.6603424,1.4203424,1.9903424,2.0103424,1.5703424,-1.9496576,-2.5596576,-5.609658,-5.0596576,-4.569658,-4.4296575,-6.7596574,-4.1796575,-1.6696576,-0.8296576,-2.3896575,-0.3596576,-0.5096576,-1.5796576
-0.5996576,4.430342,5.4703426,5.1903424,4.7103424,4.2403426,4.7403426,3.6703424,3.5003424,3.2003424,1.3503424,-0.3596576,1.2603424,0.5503424,0.9703424,0.7303424,1.4703424,1.7603424,1.5403425,0.9603424,3.1903424,1.1203424,0.6303424,-0.4496576,-0.5996576,0.020342408,0.5803424,-0.2896576,-0.42965758,-0.7396576,-2.6596575,-3.6196575,-2.7696576,-3.9896576,-2.7596576,-2.4896576,0.7403424,-3.5296576,-3.8496575,-3.5496576,-1.2696576
1.3703424,3.8003423,4.660342,5.0703425,4.8303423,3.9903424,2.6903424,1.3103424,-0.11965759,1.9403424,2.0403423,0.9103424,0.8603424,0.2703424,-0.4496576,-1.1596576,-1.3096576,0.4703424,-0.4396576,-0.039657593,-0.07965759,1.0503424,0.8803424,0.050342407,0.4703424,0.8503424,0.81034243,0.5703424,-0.3796576,0.080342405,0.5003424,-0.42965758,-0.6696576,-0.8396576,-0.6596576,-0.56965756,-0.29965758,1.9603424,0.050342407,-2.1596575,-1.4296576
3.0803423,4.910342,5.2403426,3.9403424,3.7103424,3.1803424,1.9503424,1.7903425,0.7903424,1.6703424,-1.0296576,0.8803424,2.0003424,2.1903424,1.2903425,1.1403424,1.6703424,0.7503424,0.9403424,0.8503424,1.1303424,1.4503424,1.6403424,1.2803425,0.7003424,0.9403424,-0.019657593,-0.3996576,-0.3396576,0.6303424,0.1203424,-0.13965759,-0.4396576,-0.62965757,-0.2796576,0.2103424,-0.5296576,-1.7696576,-0.059657592,0.3903424,0.2803424
1.2703424,2.0503423,2.9603424,3.7003424,3.7403424,3.2703424,3.0003424,3.4503424,1.7403424,1.1903424,2.6203425,-0.3196576,-0.7996576,1.1503425,1.7703424,1.7003424,2.0403423,1.9103425,2.0603423,2.6803424,2.9903424,1.9803424,1.6703424,1.6503425,1.8103424,1.2103424,0.8803424,0.3703424,0.5203424,0.1503424,0.81034243,0.8203424,0.3103424,0.1203424,0.3003424,1.0603424,0.9503424,-0.4996576,-1.4596575,-1.2996576,-0.4096576
2.6303425,1.1903424,0.9603424,2.9703424,3.3503425,4.0803423,3.3503425,4.9003425,5.8203425,3.9303424,1.4003425,1.4603424,0.9503424,2.6903424,1.9403424,1.6903424,1.7003424,2.6803424,2.8003423,3.0003424,3.0103424,3.1003425,1.9703424,2.2003424,2.2303424,2.0303423,1.1303424,0.93034244,1.2403424,1.1003424,1.3403424,1.3803424,1.1703424,1.3903424,1.3803424,1.2703424,1.0203424,0.9503424,1.6003424,1.1903424,0.9403424
3.4403424,4.2103424,5.0803423,5.3003426,5.0203424,5.0703425,4.5603423,5.8203425,4.0403423,5.3403425,1.6903424,0.87034243,3.1503425,2.5103424,3.2203424,3.1803424,3.1303425,3.0903425,3.3503425,3.2903423,2.9603424,1.9203424,1.1603425,1.3303424,1.0203424,0.68034244,0.7803424,0.8303424,0.6103424,0.7903424,1.2003424,1.7203424,2.0103424,2.1703424,1.5803424,2.1103425,1.6003424,1.6103424,1.5803424,1.6303424,1.6203424
2.9903424,5.2103424,5.430342,5.950342,6.4803424,6.0903425,5.3103423,6.3803425,5.680342,4.5703425,0.7903424,2.0803423,1.3903424,4.4703426,6.9203424,6.0403423,5.1503425,4.910342,4.0303426,3.8203423,3.3203423,2.6503425,2.1303425,1.0503424,0.9703424,0.8803424,0.7703424,0.6503424,0.5903424,0.2503424,0.24034241,0.6303424,0.7603424,1.1203424,1.8803424,1.6903424,2.9303424,2.0003424,0.7003424,1.3903424,1.8503424
