wind_kz.json
{"header": {"discipline":0,"disciplineName":"Meteorological products","gribEdition":2,"gribLength":1025,"center":7,"centerName":"US National Weather Service - NCEP(WMC)","subcenter":0,"refTime":"2023-09-28T18:00:00.000Z","significanceOfRT":1,"significanceOfRTName":"Start of forecast","productStatus":0,"productStatusName":"Operational products","productType":1,"productTypeName":"Forecast products","productDefinitionTemplate":0,"productDefinitionTemplateName":"Analysis/forecast at horizontal level/layer at a point in time","parameterCategory":2,"parameterCategoryName":"UnknownDiscipline_0_Category_2","parameterNumber":3,"parameterNumberName":"UnknownParameter_D0_C2_3","parameterUnit":"Unknown","genProcessType":2,"genProcessTypeName":"Forecast","forecastTime":120,"surface1Type":103,"surface1TypeName":"Specified height level above ground","surface1Value":10.0,"surface2Type":255,"surface2TypeName":"Missing","surface2Value":0.0,"gridDefinitionTemplate":0,"gridDefinitionTemplateName":"Latitude_Longitude","numberPoints":615,"shape":6,"shapeName":"Earth spherical with radius of 6,371,229.0 m","gridUnits":"degrees","resolution":48,"winds":"true","scanMode":64,"nx":41,"ny":15,"basicAngle":0,"lo1":47.0,"la1":41.0,"lo2":87.0,"la2":55.0,"dx":1.0,"dy":1.0}, "data":
[rows 0 to 14 of 15, columns 0 to 40 of 41]
-1.2818298,0.53817016,-2.3318298,-10.471829,-7.7518296,-5.08183,-1.8918298,-1.7318299,-2.20183,-2.3818297,-2.8318298,-2.3218298,-3.23183,-4.10183,-3.45183,-3.47183,-2.70183,-2.8918297,-4.70183,-2.5518298,-2.0118299,-4.41183,-3.0318298,-0.47182983,-0.48182982,0.10817017,-1.2418299,1.9581702,1.3981701,0.79817015,0.6481702,-1.0418298,1.1381701,0.9581702,1.0281701,1.6581702,-0.69182986,1.2681701,-0.21182984,-1.0218298,-0.95182985
0.18817016,-0.44182983,-8.20183,-8.8918295,-7.0218296,-2.66183,-2.2518299,-0.75182986,-1.3218298,-2.0118299,-1.7018298,-3.22183,-3.0118299,-3.20183,-4.53183,-4.1918297,-1.6018299,-2.66183,-4.57183,-3.68183,-3.7418299,-3.0218298,-2.19183,1.9681702,1.5481702,1.2581701,-0.9818298,3.4281702,0.7581702,2.7581701,2.4381702,3.2181702,1.0581702,-0.40182984,-1.8918298,-0.6118298,-1.1418298,-2.23183,-0.8518298,-1.7618299,2.57817
-0.15182984,-6.53183,-4.6718297,-7.6118298,-4.4618297,-2.45183,-1.1118299,-1.1118299,-1.1718298,-1.6318299,-1.9618298,-1.9718299,-3.1418297,-4.79183,-2.9018297,-3.2518299,-2.5218298,-2.7618299,-3.0118299,-3.7818298,-4.37183,-2.3718297,-2.7818298,-1.0318298,-0.07182983,-0.19182983,-0.041829836,1.0481702,0.39817017,1.7481701,2.53817,0.028170167,0.118170165,-1.1018299,-0.72182983,-0.34182984,-0.83182985,-3.47183,-0.41182983,1.0181701,1.2381701
0.9481702,-5.49183,-3.2718298,-6.4218297,-1.6718298,-0.47182983,-0.061829835,-1.0318298,-1.5218298,1.8281702,-0.9118298,-2.45183,-3.43183,-4.95183,-4.7118297,-2.67183,-3.7718298,-2.5818298,-2.5318298,-3.7718298,-3.6418297,-2.1118298,0.16817017,-1.7218299,-2.8718297,-2.3518298,-1.4918299,-2.5718298,-1.7118298,-0.40182984,-1.0418298,-2.5018299,-0.44182983,-0.63182986,-0.37182984,-0.30182984,1.8781701,2.6581702,-0.32182983,1.6681702,-0.14182983
1.0581702,-4.35183,-3.2618299,-5.0218296,-1.7018298,-0.20182984,-0.09182984,-0.41182983,-1.6218299,1.6781702,1.0381702,0.15817016,-2.3418298,-3.5318298,-5.95183,-4.4418297,-1.2218299,-3.1118298,-3.21183,-2.4918299,-2.6318297,-3.1118298,-2.1118298,-1.5618298,-0.6018298,-1.1618298,-2.5118299,-0.18182984,-0.75182986,-1.2318299,-1.8518299,-1.0418298,1.9281702,2.6481702,-1.1718298,0.49817017,0.15817016,1.7181702,-3.3818297,-3.6418297,-4.07183
-0.18182984,-1.3818299,-3.5618298,-1.9518298,0.44817016,5.39817,2.7381701,0.54817015,-0.051829834,1.4881701,2.26817,1.3181702,0.41817015,-2.3218298,-3.0518298,-3.8518298,-1.9918299,-3.8618298,-4.99183,-3.68183,-2.4018297,-0.19182983,-0.6218298,-0.95182985,-0.46182984,-1.0918298,-1.4718299,-3.3618298,-2.5118299,-1.9418298,-2.21183,-3.0918298,-3.0318298,-2.20183,1.9881701,1.7681701,1.6881702,0.08817016,-1.6918298,-6.6518297,-2.7718298
0.21817017,1.0381702,-1.1118299,-1.8718299,-2.8218298,-0.58182985,-3.8718297,2.54817,2.04817,1.9681702,0.7081702,-1.3618299,-3.0018299,0.61817014,-0.37182984,-0.061829835,-2.94183,-3.8118298,-4.37183,-1.4118298,-1.7418299,-1.7118298,-1.0818298,-0.64182985,-0.53182983,-1.5718298,-1.8118298,-2.66183,-4.1518297,-3.66183,-4.0018296,-5.70183,-5.95183,-6.22183,-0.47182983,-1.6618298,-0.15182984,1.6181701,0.26817018,0.19817017,-2.67183
-1.2218299,0.058170166,0.28817016,-0.77182984,-1.5718298,-3.0518298,-1.1518298,2.7181702,3.1581702,2.4881701,2.1181703,0.9481702,-2.2618299,-2.7618299,-1.5618298,-1.6518298,-3.19183,-3.66183,-3.3018298,0.16817017,-0.07182983,-0.90182984,-2.8418298,-2.3918297,0.21817017,0.14817017,0.65817016,-0.82182986,-1.6818298,-3.41183,-4.01183,-4.1318297,-4.7718296,-6.26183,-1.7018298,-0.7318298,-1.5618298,-0.32182983,0.73817015,0.038170166,0.7681702
-3.22183,-0.7418298,2.58817,-1.1718298,1.8681701,-2.8418298,-2.0818298,0.10817017,3.79817,3.4481702,3.08817,2.3481703,1.7981702,-1.2918298,-0.9818298,-1.6118299,-1.9518298,-3.19183,-3.5118299,0.73817015,0.91817015,-0.82182986,-1.0518298,-1.6718298,-1.0518298,-0.6018298,0.018170167,0.19817017,-0.50182986,-0.9818298,-2.3718297,-2.9918299,-2.5718298,-2.8618298,-1.2218299,-1.0218298,-2.5518298,1.4981701,2.4081702,1.1581702,-1.1318299
-1.4218298,-3.0118299,1.2181702,0.74817014,3.6881702,3.05817,-0.101829834,-2.17183,5.33817,3.6581702,3.30817,2.9781702,3.4581702,1.2981702,1.7881702,-0.50182986,-0.90182984,-3.22183,-1.9618298,-0.64182985,1.0481702,1.2381701,0.78817016,0.028170167,-0.42182982,-0.18182984,-0.48182982,0.6381702,0.048170164,-1.0018299,-1.5118299,-2.17183,-3.45183,-3.6018298,-2.71183,-0.9118298,0.5881702,-1.5018299,-0.53182983,1.2281702,2.54817
-3.66183,-1.5118299,-3.70183,0.30817017,1.8381702,0.048170164,-4.60183,3.0081701,1.2981702,3.82817,1.8981701,2.7281702,3.4381702,2.6781702,2.26817,2.01817,0.90817016,-1.5018299,-0.18182984,-0.20182984,1.0681702,1.7181702,1.2281702,1.1281701,1.3481702,1.7781701,0.48817018,1.1381701,0.18817016,-0.7418298,-1.7018298,-2.3318298,-3.3618298,-2.8518298,-3.7418299,-1.9218298,-0.75182986,1.5081701,0.49817017,0.28817016,-0.021829834
-2.22183,-3.19183,-3.2918298,-1.1218299,-0.011829834,0.73817015,0.36817017,-2.0818298,2.3881702,1.6681702,1.3981701,2.05817,3.4181702,3.1381702,3.1481702,3.2381701,3.3781703,1.8981701,-0.32182983,1.9081702,2.3681703,1.5681702,1.1781702,1.5881702,1.5181701,2.4281702,2.55817,2.9581702,1.5181701,0.7681702,-0.78182983,-1.7118298,-2.1118298,-2.6118298,-2.5518298,-3.2618299,-2.0118299,-0.48182982,0.6881702,1.0481702,0.5881702
-1.9318298,-1.3518299,-2.72183,-2.4018297,-2.2918298,-0.15182984,1.4081702,0.30817017,-0.40182984,-2.2818298,0.55817014,1.6081702,2.52817,2.83817,3.4081702,2.9681702,3.2281702,3.3581703,2.4581702,2.6481702,2.4381702,3.02817,2.3981702,2.05817,2.02817,3.1581702,3.3481703,2.6281703,2.4381702,1.0881702,0.6981702,-0.021829834,-1.0718298,-1.4918299,-1.9518298,-2.17183,-2.6418297,-1.6918298,-2.47183,-1.5318298,-0.8518298
-0.45182982,-1.8918298,-3.4018297,-2.6118298,-1.8118298,-1.6618298,-0.7418298,-0.9318298,-1.6818298,-1.3618299,0.8981702,0.79817015,-0.36182985,1.3481702,2.4381702,3.1381702,3.7081702,3.76817,3.4681702,3.29817,3.06817,2.9681702,2.80817,2.77817,2.79817,2.6581702,2.1381702,2.3981702,1.9181702,1.3981701,1.1481701,0.97817016,0.91817015,0.41817015,-0.5518298,-0.8018298,-0.9218298,-1.5018299,-1.7118298,-0.6718298,-0.95182985
0.48817018,0.43817016,-0.71182984,-1.0318298,-1.7518299,-0.8118298,-0.5618298,0.5781702,-0.23182984,0.7681702,0.36817017,2.03817,1.3481702,0.78817016,0.48817018,2.1181703,3.3481703,3.4781702,3.9081702,3.79817,3.56817,3.4281702,3.1181703,2.80817,2.6381702,2.58817,2.55817,2.53817,2.32817,1.9281702,1.3481702,1.7181702,1.7881702,1.5681702,1.4481702,0.9481702,0.92817014,1.7481701,0.98817015,0.5681702,0.38817015
