wind_kz.json
{"header": {"discipline":0,"disciplineName":"Meteorological products","gribEdition":2,"gribLength":1025,"center":7,"centerName":"US National Weather Service - NCEP(WMC)","subcenter":0,"refTime":"2023-08-07T06:00:00.000Z","significanceOfRT":1,"significanceOfRTName":"Start of forecast","productStatus":0,"productStatusName":"Operational products","productType":1,"productTypeName":"Forecast products","productDefinitionTemplate":0,"productDefinitionTemplateName":"Analysis/forecast at horizontal level/layer at a point in time","parameterCategory":2,"parameterCategoryName":"UnknownDiscipline_0_Category_2","parameterNumber":3,"parameterNumberName":"UnknownParameter_D0_C2_3","parameterUnit":"Unknown","genProcessType":2,"genProcessTypeName":"Forecast","forecastTime":180,"surface1Type":103,"surface1TypeName":"Specified height level above ground","surface1Value":10.0,"surface2Type":255,"surface2TypeName":"Missing","surface2Value":0.0,"gridDefinitionTemplate":0,"gridDefinitionTemplateName":"Latitude_Longitude","numberPoints":615,"shape":6,"shapeName":"Earth spherical with radius of 6,371,229.0 m","gridUnits":"degrees","resolution":48,"winds":"true","scanMode":64,"nx":41,"ny":15,"basicAngle":0,"lo1":47.0,"la1":41.0,"lo2":87.0,"la2":55.0,"dx":1.0,"dy":1.0}, "data":
[rows 0 to 14 of 15, columns 0 to 40 of 41]
3.1143873,-2.6156127,1.5043873,3.0843873,-1.0856128,-4.295613,0.07438721,0.07438721,-1.4256128,-1.6056128,-2.5256128,-1.5456128,-2.3256128,-3.6656127,-4.2256126,-4.235613,-5.1456127,-5.755613,-7.075613,-6.6656127,-4.8056126,-5.2456126,-4.1256127,-0.8356128,-2.695613,1.0743872,-0.6756128,1.4343872,0.004387207,-1.1356128,-0.96561277,-1.4356128,0.3343872,-0.8256128,-1.5356128,-3.1156127,-5.675613,-3.6256127,-0.14561279,0.3743872,-2.1756127
0.65438724,1.2743872,3.5943873,2.9143872,-0.4056128,-3.7956128,-0.9156128,0.84438723,-0.1256128,-0.1856128,-2.2656128,-2.215613,-3.0456128,-1.9756128,-3.8356128,-4.0356126,-3.5556128,-4.345613,-6.1056128,-5.3056126,-4.965613,-5.8056126,-5.215613,1.2943872,0.7343872,-0.05561279,-2.6456127,-0.71561277,-0.9356128,0.2043872,0.2743872,1.6543872,-1.3456128,-1.7256128,-3.0156128,-3.8456128,-3.3456128,-4.905613,-1.5756128,-3.1056128,1.6343873
1.3543872,5.2943873,4.614387,3.284387,0.78438723,-0.2156128,1.2943872,3.1543872,1.4343872,0.5243872,-0.9356128,-1.4856128,-2.6056128,-3.2756128,-4.485613,-2.2256129,-2.8556128,-2.9356127,-4.2056127,-4.815613,-5.345613,-2.2756128,-6.195613,-3.4156127,0.13438721,1.1843872,0.6743872,1.2943872,0.3743872,1.4043872,2.6043873,0.8743872,1.4343872,-1.7156128,-1.0556128,1.9043872,0.90438724,-0.7056128,-0.10561279,-0.84561276,0.8043872
1.2243872,6.9643874,5.924387,3.5843873,0.06438721,1.2243872,3.544387,3.3943872,3.554387,2.8543873,2.784387,1.7043872,1.0743872,-0.8956128,-2.1256127,-2.2456129,0.42438722,0.07438721,-0.7556128,-3.445613,-4.065613,-4.2856126,-2.215613,-3.5656128,-3.955613,-3.695613,-2.955613,-2.5356128,-1.7456127,-2.0656128,-2.705613,-2.3256128,-1.2356128,1.4143872,-0.05561279,-1.9656128,0.06438721,3.784387,1.5843872,-0.29561278,0.054387208
5.8743873,7.9843874,6.5843873,5.2343874,-0.8356128,-3.5256128,-3.3556128,4.8743873,5.2543874,5.5243874,4.6043873,5.264387,6.7743874,5.7143874,4.704387,2.5043871,0.5843872,3.8543873,3.6543872,1.7043872,0.4643872,1.8643872,-0.05561279,-2.8056128,-2.2856128,-3.3656127,0.124387205,-0.03561279,-1.4556128,-3.3556128,-2.8056128,-1.1256127,2.9843872,4.114387,-0.7256128,-1.0856128,2.044387,-0.07561279,-2.6456127,-2.7956128,-5.4356127
-4.9956126,5.264387,6.784387,4.0043874,2.9243872,-0.5356128,-2.1556127,-3.3456128,-2.3256128,-0.7956128,1.9843872,2.4743872,6.0843873,7.7143874,6.614387,4.7743874,3.294387,2.1243873,4.534387,4.554387,2.9443872,1.9043872,4.014387,2.8543873,1.3643872,0.5043872,-0.6156128,4.014387,3.034387,1.6043872,-0.7556128,-2.1256127,-0.025612794,2.6643872,3.1543872,-1.6756128,1.1143872,0.024387207,-1.2856128,0.24438721,-2.1656127
-7.7656126,2.2143872,4.924387,3.7043872,2.0243871,1.9643872,1.8343872,1.1643872,1.0043873,0.124387205,-0.6156128,0.6343872,-2.2756128,4.414387,4.414387,3.0043871,2.8843873,5.1443872,4.4443874,6.744387,4.9843874,2.2143872,3.5143871,2.0943873,2.4543872,2.0943873,0.8343872,0.9643872,4.0843873,3.0843873,0.9943872,-1.7256128,-3.445613,-6.2856126,-2.0856128,0.2843872,-0.6856128,1.9543872,0.9943872,1.6443872,-1.5456128
-7.755613,-7.4956126,-6.445613,1.6343873,1.4143872,2.2443871,3.2743871,2.9343872,2.9443872,1.5443872,1.2243872,-1.2956128,-4.635613,-1.1056128,-1.4956127,3.3943872,5.994387,4.0043874,2.6343873,5.6943874,0.9443872,1.7643872,-0.005612793,-2.2756128,-0.7056128,0.11438721,0.03438721,-1.2156128,-0.085612796,1.6443872,1.0943872,-0.45561278,-0.96561277,-2.1256127,-0.9456128,-0.6056128,-3.715613,-1.8656127,1.6643872,-0.9756128,-1.3356128
-6.795613,-5.1456127,-5.9956126,-6.075613,-6.615613,-6.6456127,-5.295613,-6.195613,-0.5856128,2.9543872,2.2243872,2.4343872,-1.0656128,-2.2656128,-1.8256128,-2.6256127,-3.3156128,-3.6756127,-2.4956129,-1.4056128,2.3543873,1.5343872,-1.6856128,-1.7556129,-2.2456129,-1.0956128,1.2643872,0.3143872,1.4643872,2.1343873,2.2643871,1.4243872,1.2243872,0.6843872,1.0943872,-0.3656128,0.53438723,0.044387206,2.304387,2.7343872,0.13438721
-5.6856127,-5.2856126,-3.8556128,-5.365613,-3.5656128,-5.335613,-4.485613,-6.635613,-6.405613,-3.2356129,0.84438723,0.6243872,1.9343872,-2.1556127,-4.235613,0.06438721,-2.7456129,-1.5956128,-1.6056128,-1.9956127,-1.4056128,-1.0756128,-3.2256129,0.2543872,-0.2456128,2.544387,1.4443872,1.4343872,-0.05561279,0.0943872,0.9643872,1.5143872,1.8043872,0.7343872,-0.4656128,1.6743872,0.22438721,-1.5156128,1.6943872,4.454387,2.9743872
-5.155613,-5.4556127,-4.485613,-4.095613,-6.1856127,-6.845613,-3.7256129,-2.9856129,-3.6756127,-3.4856129,1.5643872,0.5643872,-0.19561279,-0.2756128,0.004387207,1.2243872,-1.3456128,-2.215613,-2.3956127,-2.7956128,-3.2456129,-1.9256128,-2.5756128,-1.9956127,-0.05561279,0.6943872,0.5643872,1.2443871,1.6543872,2.1543872,1.1443872,0.4343872,1.9443872,1.7843872,0.5143872,1.2243872,1.0843872,2.0043871,1.5243872,1.3343872,0.06438721
-3.2956128,-3.715613,-3.4956129,-4.335613,-3.7556129,-4.595613,-5.525613,-3.6456127,-3.0556128,-2.0356128,1.5143872,1.5743872,0.6343872,1.2243872,1.3943872,0.7943872,-0.9756128,-2.5456128,-2.4756129,-2.7856128,-1.3456128,-2.7356129,-2.5256128,0.9543872,1.4343872,1.8043872,2.6143873,0.3343872,2.1843872,2.9843872,0.8343872,1.7343872,0.5143872,2.1743872,1.5443872,0.5543872,1.2243872,2.9043872,1.6443872,1.8143872,1.3143872
-1.7056128,-2.695613,-2.8656127,-3.1856127,-2.945613,-3.5956128,-5.3056126,-4.795613,-3.0156128,1.0043873,0.2543872,-0.2756128,0.4043872,-0.6756128,1.6543872,0.3343872,-0.5256128,-2.0056129,-2.0156128,0.6643872,1.6043872,1.7843872,1.0943872,1.5043873,0.4743872,0.3843872,0.3443872,1.0443872,-0.2056128,-0.3956128,1.1343873,2.3843873,2.1843872,1.4443872,0.16438721,-0.29561278,1.2943872,1.5043873,2.4043872,2.4243872,2.0243871
-2.6556127,-4.085613,-6.7256126,-2.4256127,-2.4956129,-2.465613,-3.1856127,-2.7656128,-2.3856127,0.6943872,1.3143872,-0.005612793,-0.025612794,1.5743872,1.6843872,-0.4456128,-0.4256128,-1.9056128,0.07438721,1.2543873,0.4343872,0.1743872,0.5743872,-0.6256128,-1.0956128,0.084387206,-2.0056129,1.4343872,1.8243872,1.2143872,0.3743872,2.044387,2.2043872,1.4943871,0.13438721,-0.5856128,-0.025612794,0.024387207,1.3543872,1.4743872,2.4443872
-1.4056128,-2.7656128,-4.575613,-3.195613,-3.2456129,-2.9256127,-4.235613,-4.275613,-1.7356128,-1.1856128,-0.9456128,-0.1556128,1.2443871,0.6643872,0.5443872,1.2643872,0.054387208,1.5643872,1.9143872,1.8843873,1.7843872,0.53438723,-0.06561279,-1.3356128,-0.7256128,-0.5856128,-0.3056128,1.7143872,2.3443873,2.0643873,1.8343872,2.1243873,1.6543872,1.2343872,0.24438721,1.2743872,1.6043872,1.8343872,-0.3056128,1.1243873,0.8143872
