wind_kz.json
{"header": {"discipline":0,"disciplineName":"Meteorological products","gribEdition":2,"gribLength":1025,"center":7,"centerName":"US National Weather Service - NCEP(WMC)","subcenter":0,"refTime":"2023-08-22T18:00:00.000Z","significanceOfRT":1,"significanceOfRTName":"Start of forecast","productStatus":0,"productStatusName":"Operational products","productType":1,"productTypeName":"Forecast products","productDefinitionTemplate":0,"productDefinitionTemplateName":"Analysis/forecast at horizontal level/layer at a point in time","parameterCategory":2,"parameterCategoryName":"UnknownDiscipline_0_Category_2","parameterNumber":3,"parameterNumberName":"UnknownParameter_D0_C2_3","parameterUnit":"Unknown","genProcessType":2,"genProcessTypeName":"Forecast","forecastTime":0,"surface1Type":103,"surface1TypeName":"Specified height level above ground","surface1Value":10.0,"surface2Type":255,"surface2TypeName":"Missing","surface2Value":0.0,"gridDefinitionTemplate":0,"gridDefinitionTemplateName":"Latitude_Longitude","numberPoints":615,"shape":6,"shapeName":"Earth spherical with radius of 6,371,229.0 m","gridUnits":"degrees","resolution":48,"winds":"true","scanMode":64,"nx":41,"ny":15,"basicAngle":0,"lo1":47.0,"la1":41.0,"lo2":87.0,"la2":55.0,"dx":1.0,"dy":1.0}, "data":
[rows 0 to 14 of 15, columns 0 to 40 of 41]
-1.4030932,-2.1330934,1.3669068,4.4869065,2.5369067,-1.7430933,-3.9430933,-4.773093,-0.16309327,-2.3530931,-0.41309327,-0.48309326,-1.6130933,-3.1030931,-4.6130934,0.89690673,-1.5530933,-2.4830933,-4.2130933,-3.3830934,-4.523093,-3.5030932,-2.8430932,-0.82309324,-1.5430932,-0.13309327,0.30690673,1.3369068,-1.6430932,-1.2730932,-0.42309326,-1.0230932,1.2869067,-1.2630932,-7.853093,-8.043094,-6.353093,-3.2430933,-3.0530932,0.28690675,2.4569068
1.2869067,1.8769068,-0.08309326,3.8869066,3.8069067,0.12690674,-4.1730933,-4.523093,0.49690673,2.0969067,1.7269068,1.0669067,1.5669067,0.24690674,-2.1130934,-2.7230933,-3.4130933,-3.7630932,-4.163093,-4.1130934,-3.5230932,-3.3330932,-0.09309326,-0.7130933,-0.30309325,-2.5630932,-3.5330932,-0.32309327,-0.25309327,-0.85309327,0.6669067,0.38690674,-1.4630933,-3.8230932,0.47690675,-2.2330933,-0.9030933,-5.4030933,-1.8230933,-2.1530933,3.3469067
2.5669067,-2.2130933,1.1969067,4.8069067,4.3469067,-0.06309326,-1.9730933,-4.043093,-4.8830934,-2.4830933,2.7369068,4.5169067,1.9669068,0.51690674,-0.66309327,-0.9630933,-1.5330932,-2.0830932,-0.37309325,-0.98309326,-2.5230932,-1.3730932,-2.3730934,-0.48309326,2.1869068,2.2469068,1.6969067,0.88690674,0.35690674,3.0769067,3.2069068,1.1869067,2.5569067,-1.6630932,-0.7030933,3.1969068,0.6669067,-1.5830933,0.09690674,0.80690676,-2.4530933
2.7769067,2.1669068,2.4369068,3.1069067,2.1769068,-0.5830933,-0.94309324,-2.5530932,-1.3930932,-1.4730933,-2.2630932,-0.40309325,4.066907,1.7469068,-0.35309327,-2.5530932,-3.7030933,-3.9830933,-3.6030931,2.4169068,1.0269067,-0.41309327,1.0169067,2.4069068,-0.04309326,-2.4130933,4.7469068,-0.56309325,1.9069067,1.7569067,-3.1030931,-0.04309326,-0.94309324,-1.6430932,-0.21309327,-2.8830934,-0.9730933,0.76690674,0.7969067,0.67690676,1.4569068
4.1969066,5.876907,5.6369066,5.526907,2.2069068,-0.91309327,-3.4130933,-0.91309327,-3.2730932,-2.1030931,-8.7430935,-2.1930933,3.8069067,1.7469068,1.9369067,-0.37309325,-2.1930933,-1.9430933,-3.3230932,-4.6730933,1.6869067,0.18690674,1.5169067,1.7269068,0.40690672,1.4469067,0.9669067,-3.6730933,2.3669066,1.8669068,-0.91309327,-0.92309326,1.8269067,0.43690673,-1.2830932,-0.15309326,1.4869068,0.83690673,0.12690674,-1.4830933,-1.4030932
-0.73309326,3.4069068,7.316907,6.436907,4.2569065,5.5769067,2.5369067,-1.6230932,1.4569068,-0.41309327,-1.1030933,-5.183093,-5.9930935,-5.023093,2.4069068,1.0369067,-0.033093262,1.2169068,-2.9130933,-2.9030933,-2.7130933,-2.7130933,-1.2530932,0.08690674,-0.15309326,-2.9130933,0.46690673,0.46690673,-1.8130933,-2.9830933,-2.5430932,-2.2130933,0.5369067,2.9769068,2.8369067,3.6969068,2.8169067,0.89690673,-4.103093,-0.54309326,-1.3630933
-4.4230933,-0.6430933,1.7669067,5.6169066,6.376907,3.5669067,3.5569067,4.4069066,3.6969068,0.14690673,0.07690674,3.0769067,1.5469067,-4.8230934,-3.9730933,0.7769067,0.75690675,1.1169068,1.8069067,-1.0730933,0.86690676,-0.54309326,-1.7930932,-0.29309326,0.07690674,-1.9230933,0.9169067,0.21690674,-0.99309325,-1.9030932,-0.80309325,-2.9330933,-6.293093,-5.393093,-1.8830932,-1.5430932,-2.4130933,-2.3630934,-1.6630932,-2.5930932,-3.0230932
-3.0030932,-3.5030932,-5.083093,-5.4930935,-6.473093,0.68690675,1.9669068,5.106907,5.416907,1.5769067,-2.3430932,0.9069067,1.4569068,2.8869066,-1.1330932,-4.2430935,0.21690674,-0.24309327,0.43690673,-0.86309326,-1.8430933,-2.8230932,2.1769068,2.1769068,0.46690673,-0.25309327,2.5369067,1.1069068,1.3669068,-2.3630934,-1.6230932,-0.10309326,-2.1130934,-4.063093,-2.2830932,-5.2330933,1.0569067,0.9169067,0.36690673,-0.27309325,-0.7830933
-6.1730933,-6.813093,-7.043093,-6.973093,-6.083093,-3.7730932,1.5269067,7.166907,5.7169065,2.2469068,1.8869067,2.9569068,-0.31309327,-0.5330933,-0.09309326,5.1569066,2.8369067,2.0869067,-1.8230933,-1.9630933,0.25690675,-0.26309326,-2.1430933,-2.4330933,0.29690674,1.1269068,1.2669067,2.0269067,1.9469067,1.4169067,2.4969068,2.7169068,3.1369066,3.1169066,1.7169068,0.11690674,-3.9530933,0.56690675,-3.5730932,-2.6630933,-3.1230934
-3.2030933,-4.703093,-4.9630933,-5.623093,-6.4930935,-4.583093,-2.1930933,5.0569067,4.436907,4.856907,6.0369067,5.4069066,1.3369068,0.42690673,-1.2730932,3.7369068,4.6369066,3.5969067,0.99690676,-3.3530931,3.0469067,3.4669068,2.3869066,-0.053093262,-2.5030932,-2.4430933,-2.6630933,0.74690676,2.5069067,2.4469068,2.7869067,4.546907,3.6969068,-0.23309326,0.92690676,1.4269067,1.4269067,-2.4330933,0.25690675,1.1369067,0.70690674
-2.8130932,-3.9630933,-3.7930932,-4.6130934,-4.5330935,-3.9630933,-2.4030933,-0.8430933,2.4269068,1.0269067,0.29690674,1.4969068,-1.0430932,-5.373093,-2.6630933,2.7069068,3.9169068,3.6469069,2.5869067,-1.3130933,1.2169068,3.4669068,1.9469067,0.35690674,-1.9030932,-2.5830932,-0.5230933,-0.87309325,-2.4330933,-0.15309326,1.9669068,5.3869066,3.5269067,1.7369068,0.40690672,1.4069067,0.82690674,2.1569068,1.2569067,1.2569067,0.26690674
0.38690674,-0.8330933,-1.6230932,-3.7030933,-3.7830932,-5.2330933,-1.3730932,0.066906735,0.036906738,0.31690675,1.6669067,1.1369067,5.1969066,2.0169067,3.4869068,2.7669067,0.75690675,1.3669068,0.34690675,2.0369067,3.8069067,2.8069067,1.8569068,0.42690673,-0.7230933,1.1669067,0.39690673,-0.60309327,-2.6230934,-0.68309325,-1.7830932,2.2669067,1.0369067,2.7869067,2.5969067,1.2369068,0.99690676,2.0169067,2.3269067,2.1369066,1.3469068
-0.82309324,1.6969067,-0.34309328,0.80690676,-1.7930932,-2.0830932,-5.7130933,-3.9030933,-4.953093,0.24690674,1.9869068,0.61690676,-0.25309327,2.5069067,1.1669067,2.1469069,1.5369067,3.1369066,2.1369066,1.8569068,2.3969069,1.9669068,0.81690675,0.89690673,0.70690674,-1.1730933,-2.3330932,-3.3630934,-3.0630932,-2.0430932,-2.6630933,-2.3130932,-0.06309326,3.7469068,3.9869068,3.3369067,2.1469069,0.5969067,1.0669067,1.2869067,0.76690674
-2.5930932,-2.4530933,-3.1530933,-3.1930933,-1.2930932,-0.32309327,-1.0230932,-0.9630933,-2.5430932,-3.3130932,-0.9030933,-1.5330932,-3.0930932,-0.67309326,-0.5830933,0.07690674,-0.7830933,-0.053093262,-0.49309325,0.26690674,0.44690675,0.0069067385,-0.35309327,-0.46309325,0.07690674,-0.9530933,-2.5830932,-1.6830933,-2.0830932,-3.1430933,-3.4230933,-2.8530931,-2.5330932,4.0769067,3.0469067,3.5069067,2.3069067,0.68690675,0.5269067,1.0469067,1.0969068
-0.63309324,-0.9030933,-1.4630933,-0.7830933,-2.8230932,-2.2130933,-1.6330932,-2.0730932,0.21690674,-1.1130933,0.64690673,-1.5830933,0.43690673,1.1769067,0.09690674,-1.4930933,-0.04309326,-0.06309326,0.04690674,-0.19309326,-0.67309326,-2.0330932,-2.6430933,-3.0630932,-2.2630932,1.7169068,0.44690675,-0.98309326,-2.4330933,-2.2130933,-3.1130934,-3.7130933,-1.9230933,3.7269068,5.546907,4.5069065,2.8469067,2.6769068,1.6269068,1.1369067,0.04690674
