wind_kz.json
{"header": {"discipline":0,"disciplineName":"Meteorological products","gribEdition":2,"gribLength":1025,"center":7,"centerName":"US National Weather Service - NCEP(WMC)","subcenter":0,"refTime":"2023-09-20T00:00:00.000Z","significanceOfRT":1,"significanceOfRTName":"Start of forecast","productStatus":0,"productStatusName":"Operational products","productType":1,"productTypeName":"Forecast products","productDefinitionTemplate":0,"productDefinitionTemplateName":"Analysis/forecast at horizontal level/layer at a point in time","parameterCategory":2,"parameterCategoryName":"UnknownDiscipline_0_Category_2","parameterNumber":3,"parameterNumberName":"UnknownParameter_D0_C2_3","parameterUnit":"Unknown","genProcessType":2,"genProcessTypeName":"Forecast","forecastTime":60,"surface1Type":103,"surface1TypeName":"Specified height level above ground","surface1Value":10.0,"surface2Type":255,"surface2TypeName":"Missing","surface2Value":0.0,"gridDefinitionTemplate":0,"gridDefinitionTemplateName":"Latitude_Longitude","numberPoints":615,"shape":6,"shapeName":"Earth spherical with radius of 6,371,229.0 m","gridUnits":"degrees","resolution":48,"winds":"true","scanMode":64,"nx":41,"ny":15,"basicAngle":0,"lo1":47.0,"la1":41.0,"lo2":87.0,"la2":55.0,"dx":1.0,"dy":1.0}, "data":
[rows 0 to 14 of 15, columns 0 to 40 of 41]
2.5186083,1.9186084,-1.0613916,4.1386085,0.72860837,-3.6813917,0.2586084,0.3486084,0.1386084,-0.8613916,-2.4813917,-2.4713917,-2.5713916,-2.2813916,-4.4813914,-5.331392,-6.0013914,-5.8013916,-6.0013914,-5.5013914,-5.061392,-4.0113916,-3.8713915,0.9486084,2.2486084,-0.2513916,0.3286084,1.7286084,-3.0513916,-3.2813916,-2.8613915,-2.4613917,0.8986084,3.2786083,0.6186084,0.058608398,-2.1813917,-1.7013916,-3.8613915,-4.4813914,-2.0113916
-2.9913917,0.7986084,3.0586083,3.2786083,2.4386084,-5.2913914,0.028608399,0.7986084,0.3186084,-1.3913916,-0.7113916,-2.5913916,-3.1713915,-2.7213917,-4.0413914,-4.851392,-4.5313916,-5.5713916,-5.2813916,-4.4613914,-4.5113916,-5.5513916,-4.7113914,-3.9513917,-1.4513916,-1.7513916,-1.1013916,-1.4813915,-1.1613916,-3.4513917,-3.0913916,-2.1813917,-3.2113917,-3.4713917,1.3186084,3.2386084,2.1386085,1.2286084,1.2886084,-1.7313915,-1.0513916
2.6286085,4.4086084,2.9486084,1.2186084,-0.0413916,1.1486084,0.3886084,0.1986084,0.5086084,-0.9113916,-2.5213916,-3.1513915,-4.3013916,-3.7413917,-4.081392,-4.0513916,-5.7513914,-4.9313917,-3.9513917,-4.0913916,-3.6813917,-1.0413916,-5.2913914,-3.3713915,-3.0313916,-2.5613916,1.6086084,0.0786084,0.8786084,1.4686084,-3.6613915,-1.6113915,1.3286084,-2.0813916,1.6886084,-0.021391602,-3.4513917,-6.2813916,-2.0113916,-0.9513916,-2.7013917
4.2486086,2.7886083,2.5486083,2.1986084,2.6386085,2.0286083,-0.3513916,-1.1813916,-0.5013916,0.0486084,-0.9113916,-2.3313916,-3.4613917,-5.4613914,-7.2213917,-3.8613915,-4.4213915,-4.7813916,-3.9813917,-4.9913917,-4.621392,-3.9513917,-2.7313917,-3.7113917,-4.3213916,-2.7413917,-0.6013916,0.3486084,0.5986084,-1.1613916,4.5886083,0.2586084,1.0286084,7.2986083,0.1886084,0.5086084,2.0186083,0.4286084,-0.7613916,-1.6913916,-2.9113915
1.5886084,-0.1713916,-0.7113916,-2.9913917,-4.9613914,-0.6013916,-1.5413916,-0.9213916,-0.1313916,0.3486084,-0.5013916,0.3786084,-1.3613915,-4.1813917,-6.0413914,-3.3213916,-3.7313917,-4.1613917,-4.2113914,-3.6413915,-2.2513916,-2.3113916,-2.9313917,-3.5413916,-1.7813916,-0.7013916,-1.3413916,-4.8013916,-2.2113917,-2.2613916,-0.9813916,0.9086084,-0.6413916,-3.0513916,-0.2413916,-4.4413915,-5.7313914,-7.4413915,-6.3413916,-1.5913916,-1.6213917
3.4586084,1.9286084,-0.1613916,-0.6713916,-0.8313916,-2.0813916,-0.0413916,1.3486084,1.5086083,1.1686084,-0.3013916,-1.8413916,3.7386084,0.9986084,-3.0613916,-4.0213914,-4.1613917,-3.9213915,-3.3913915,-2.4413917,-2.6113915,-2.7413917,-3.1913917,-2.4813917,-2.1713915,2.2086084,1.4486084,0.3286084,-2.7213917,-2.7913916,-2.9313917,-2.3513916,-2.9513917,-2.6913917,-0.9713916,-0.6413916,-0.4913916,-4.2113914,-2.5313916,3.8286085,-0.6613916
1.4186084,1.3686084,0.4986084,3.1086085,3.9186084,4.168608,0.3786084,1.4086084,1.4886084,0.7086084,-0.7113916,-1.9513916,-2.4813917,-3.1413915,-2.9713917,-3.4013915,-3.9413917,-4.2713914,-4.3413916,-3.1613915,-2.2813916,-2.5213916,-1.6213917,-2.3013916,-1.7413917,-0.3113916,-1.1213917,-2.8113916,0.5486084,-2.9813917,-3.3013916,-4.6513915,-5.6713915,-5.0013914,-4.6413918,-2.0513916,-0.0913916,-0.3313916,-0.9813916,-0.5913916,-2.1313915
0.9586084,0.7186084,0.6386084,1.3886085,0.1986084,0.3286084,0.0486084,0.4986084,0.8286084,0.4286084,-1.2513916,-1.1013916,-1.4113916,-2.1613915,-2.5213916,-2.6813917,-2.9513917,-3.2913916,-3.7313917,-3.6713915,-3.1713915,-0.7413916,-2.3413916,-2.7013917,-3.5513916,-3.1613915,-2.1013916,-4.1513915,-2.3313916,-2.0613916,-1.5013916,-2.3513916,-2.3313916,-4.0713916,-2.6913917,-4.4613914,-2.8013916,-1.6313916,-1.0513916,-2.5213916,-1.6613916
1.1686084,0.8886084,0.6786084,0.2186084,-0.3213916,-0.4413916,-0.2813916,-0.5813916,-0.4713916,-0.7813916,-1.0613916,-1.7113916,-2.7213917,-2.5513916,-2.6413915,-2.3913915,-2.0813916,-1.7313915,-1.9013916,-2.0213916,-2.5413916,-2.7613916,-4.0213914,-1.7613916,-2.1213915,-2.3913915,-1.0413916,-1.5213916,-2.2913916,-0.6713916,-0.5913916,-1.9213916,-2.0013916,-2.6513915,-1.7613916,-2.1313915,-1.0313916,-1.8613915,0.5886084,1.1186084,0.5386084
1.4586084,0.72860837,0.2586084,-0.0913916,-0.2813916,-0.7813916,-1.2713916,-1.0813916,-1.6413916,-2.4613917,-2.4413917,-3.2913916,-3.3813915,-3.5313916,-3.5513916,-3.2613916,-2.5313916,-2.0813916,-1.3813916,-1.2913916,-1.4613916,-1.4513916,-2.0013916,-1.6213917,-0.5413916,0.008608398,-0.9813916,-0.5013916,0.5386084,-2.2213917,-0.5013916,1.0086083,-1.2513916,-3.0513916,0.2686084,-1.3813916,0.0386084,-0.7813916,1.0186085,1.0686084,-1.8713917
1.7986084,0.8286084,0.8186084,0.9386084,0.4486084,-0.6113916,-0.4413916,-0.8413916,-1.0313916,-1.5313916,-1.8813916,-2.3413916,-2.1313915,-2.6413915,-3.1413915,-3.3713915,-2.8613915,-2.3513916,-1.0913916,-0.7213916,-0.5513916,-0.6913916,-0.77139163,-1.1713916,-1.1113915,-1.1213917,-0.9013916,-0.41139162,1.0386084,0.6486084,0.2786084,1.5986084,-0.1813916,-1.8913916,-1.0313916,0.7686084,-0.9713916,-1.0013916,-2.1013916,-1.2713916,0.068608396
1.3886085,0.7386084,-0.3013916,-0.2213916,-0.6313916,-0.3713916,-0.7913916,-1.2213916,-1.6513916,-1.3213916,-1.6113915,-1.8713917,-2.1713915,-0.5513916,-1.2513916,-2.1313915,-2.3613915,-2.2813916,-1.1913916,-0.41139162,-0.0913916,-0.3013916,-0.1413916,0.15860839,0.5786084,0.7986084,0.1886084,-0.3813916,-0.8113916,-0.9213916,2.2386084,3.3086083,-0.1513916,0.2286084,-0.1313916,-1.2413917,0.5686084,2.5286083,1.7286084,0.9986084,-0.0413916
-0.0513916,-0.4413916,-0.7013916,-1.0113916,-1.0113916,-0.23139161,-0.9813916,-1.8813916,-2.6613915,-1.9213916,-1.5213916,-1.8713917,-1.9913917,-2.8813915,-1.4613916,0.2086084,-2.0913916,-1.2513916,-1.0713916,-0.0513916,0.5286084,0.5286084,0.5086084,0.97860837,-0.2413916,0.4786084,0.5386084,1.3286084,1.6486084,0.9986084,0.6786084,1.6086084,2.2486084,2.3786085,0.5486084,0.4386084,0.5186084,1.5886084,1.5586084,2.4786084,1.6786084
-0.77139163,-0.52139163,-0.6113916,-0.3913916,-1.2713916,-1.8313916,-1.2513916,-1.9013916,-1.4513916,-1.1013916,-0.1813916,-1.8313916,-2.3113916,-3.2313917,-4.5213914,-4.0113916,-2.5013916,-1.7813916,-1.3613915,-1.5213916,-1.0513916,-0.8313916,-2.3213916,-0.7413916,-0.8013916,0.0886084,0.8186084,2.0086083,2.3586085,2.5686083,3.5186083,3.2586083,3.0886085,3.1886084,2.7686083,2.0186083,1.9386084,2.9386084,2.3086083,2.0386083,2.0286083
-0.8513916,-1.7513916,-2.1513915,-1.4713916,-2.2413917,-2.5613916,-3.9713917,-3.1213915,-2.0913916,-2.1013916,-0.4413916,-0.1013916,-0.3113916,-1.4813915,-3.2913916,-3.4613917,-3.0613916,-3.7213917,-3.2613916,-3.0413916,-3.9513917,-4.4613914,-4.7113914,-1.3613915,-1.3913916,-2.5913916,-2.9513917,0.2386084,0.15860839,2.9986084,3.6586084,4.7286086,3.8086083,4.668608,4.5386086,4.4786086,3.2086084,3.1686084,1.4086084,3.7486084,2.1486084
