wind.json
{"header": {"discipline":0,"disciplineName":"Meteorological products","gribEdition":2,"gribLength":1125,"center":7,"centerName":"US National Weather Service - NCEP(WMC)","subcenter":0,"refTime":"2023-06-30T06:00:00.000Z","significanceOfRT":1,"significanceOfRTName":"Start of forecast","productStatus":0,"productStatusName":"Operational products","productType":1,"productTypeName":"Forecast products","productDefinitionTemplate":0,"productDefinitionTemplateName":"Analysis/forecast at horizontal level/layer at a point in time","parameterCategory":2,"parameterCategoryName":"UnknownDiscipline_0_Category_2","parameterNumber":3,"parameterNumberName":"UnknownParameter_D0_C2_3","parameterUnit":"Unknown","genProcessType":2,"genProcessTypeName":"Forecast","forecastTime":0,"surface1Type":103,"surface1TypeName":"Specified height level above ground","surface1Value":10.0,"surface2Type":255,"surface2TypeName":"Missing","surface2Value":0.0,"gridDefinitionTemplate":0,"gridDefinitionTemplateName":"Latitude_Longitude","numberPoints":688,"shape":6,"shapeName":"Earth spherical with radius of 6,371,229.0 m","gridUnits":"degrees","resolution":48,"winds":"true","scanMode":64,"nx":43,"ny":16,"basicAngle":0,"lo1":45.0,"la1":40.0,"lo2":87.0,"la2":55.0,"dx":1.0,"dy":1.0}, "data":
[rows 0 to 15 of 16, columns 0 to 42 of 43]
1.6963532,-1.3236469,0.006353149,-4.333647,-0.45364684,1.6063532,-2.0036469,-3.5936468,-4.093647,-2.0436468,-1.5636468,-2.2436469,3.346353,6.3963532,5.076353,3.116353,0.66635317,-1.3736469,-3.5936468,-6.1236467,-7.533647,-0.43364686,-3.463647,-3.963647,-3.5636468,-2.0936468,-2.5836468,-4.023647,-3.903647,-1.2536469,2.7463531,4.5663533,3.9263532,3.2763531,-0.82364684,0.19635315,0.33635315,0.9563531,0.22635315,-1.2936468,-1.2036469,-1.2536469,1.0263531
-1.5136468,-3.893647,-1.5336468,2.2663531,-2.693647,-1.5536468,-2.663647,-4.263647,-3.433647,-2.5536468,1.4663532,0.36635315,6.656353,6.076353,2.4863532,0.14635316,-1.4436469,-3.0236468,-4.7236466,-4.333647,-5.633647,-3.0336468,-2.9836469,-5.1636467,-2.713647,1.6363531,3.4763532,2.366353,0.40635315,1.1463531,-3.3736467,-3.433647,-1.8036468,2.1663532,-0.9136469,2.4363532,1.7763531,1.5263531,1.0063531,2.1563532,1.1163532,-0.82364684,-1.1536468
0.41635314,2.6363533,-0.04364685,-4.733647,-1.5236468,-2.183647,-3.2636468,-2.1136467,-3.8536468,-3.183647,1.0063531,5.0863533,7.386353,5.326353,3.606353,1.4463532,-2.0636468,-2.5536468,-5.093647,-3.7436469,-2.7236469,-4.1836467,-6.403647,-6.593647,-4.113647,0.44635314,3.056353,3.9863532,3.4863532,3.086353,-0.58364683,1.7263532,-2.5536468,1.2863531,0.31635314,1.6463531,2.0063531,3.866353,1.6263531,3.6363533,3.6663532,-0.82364684,-0.31364685
0.14635316,-0.6636469,-3.2636468,-5.843647,-1.1436468,-3.133647,-4.3736467,-2.2836468,-3.453647,-4.7236466,2.2363532,8.266354,7.7763534,6.186353,1.9363532,0.29635316,-1.0036469,-2.5536468,-3.713647,-3.423647,-3.703647,-3.4936469,-1.9636469,-4.3536468,-6.483647,-4.823647,-4.4136467,-3.423647,-2.2236469,-2.5236468,-1.3136468,-3.0136468,-3.173647,-0.9136469,-1.7236469,-1.3036468,0.81635314,-3.133647,-4.2236466,1.5763532,-2.8536468,0.42635316,0.8363531
-4.6636467,-5.113647,-2.5236468,-2.193647,-1.2136469,-1.8436469,-1.2536469,-1.6536468,-3.4736469,-2.7936468,1.3663532,8.546353,7.636353,5.436353,4.0263534,2.4763532,1.5463531,-0.01364685,-1.9336468,-3.5936468,-4.613647,-1.8136468,-3.0336468,-3.0936468,-2.2736468,-3.2836468,-3.8736467,-4.7236466,-3.6236467,-3.203647,-2.5936468,-4.083647,-4.8936467,2.4863532,2.076353,2.056353,-0.41364685,1.9163531,2.5263531,1.0363531,-3.213647,0.08635315,-4.403647
-4.553647,-6.063647,-5.253647,0.54635316,-1.0736469,-1.0736469,-1.2636468,-0.68364686,-0.95364684,-0.28364685,1.0963532,10.056354,6.616353,4.8963532,5.6063533,3.1663532,1.5363531,2.1763532,0.31635314,-0.9736469,-3.0136468,-2.403647,0.51635313,0.41635314,-1.3436469,-1.2836468,-0.95364684,-1.4636469,-2.153647,-1.1636468,-1.6036469,-3.7336469,-5.1236467,-4.763647,-2.0136468,-2.683647,1.0663532,1.7063532,1.7863531,0.91635317,0.09635315,-0.69364685,-0.27364686
-3.1136467,-3.8136468,-4.503647,-3.3036468,1.2563531,-1.5036469,-0.5336468,-0.8436468,1.1263531,0.36635315,7.6063533,8.726353,8.8863535,7.5863533,4.716353,2.9063532,3.816353,3.796353,2.0263531,1.4763532,-0.20364685,-0.69364685,-2.0236468,-0.16364685,-0.11364685,-2.3436468,-0.9036468,-0.62364686,-0.08364685,-3.5236468,-4.883647,-2.7736468,-1.1536468,-3.5736468,-2.693647,-4.843647,-3.173647,-2.633647,-4.363647,-4.053647,-1.2736468,-2.5136468,2.806353
-1.6236469,-2.413647,-1.0836469,-6.133647,-2.8536468,-0.81364685,-1.4136468,-2.423647,1.2863531,4.1263533,6.956353,9.256353,8.646353,8.816353,6.986353,4.166353,4.516353,5.496353,2.2163532,1.1063532,-0.75364685,-1.7836468,-0.6636469,0.5263531,-0.5436469,-1.1736468,-0.47364685,-0.48364684,-1.5936469,-3.0636468,-2.883647,-3.7536469,-1.3736469,-1.5336468,-2.8636467,-2.0736468,-0.16364685,1.5063531,3.7063532,-2.5236468,-2.8236468,0.06635315,1.4163531
-0.9736469,-1.4136468,-0.47364685,-5.383647,-3.383647,-0.17364685,-0.64364684,0.12635314,3.9463532,4.806353,6.556353,9.556354,11.036352,9.836353,5.806353,3.9463532,3.596353,6.036353,3.2063532,1.6863532,0.07635315,-2.1136467,0.32635316,-0.51364684,1.0163531,-1.1436468,-1.6336468,-2.423647,-2.7736468,-1.6636468,-2.2736468,0.47635314,-1.5336468,-1.0136468,-2.183647,-2.693647,-1.9636469,-0.81364685,-1.3336469,-0.7236469,-0.75364685,0.7163532,-0.6536468
0.18635315,1.3063531,1.1063532,-2.7736468,1.5663532,-0.6636469,0.66635317,3.2463531,5.966353,5.116353,6.096353,8.296353,9.266354,9.646353,6.186353,4.476353,3.616353,3.046353,3.2763531,1.6363531,0.98635316,-0.04364685,-1.9436469,-1.3636469,-1.3736469,-2.1236467,-2.1036468,-3.423647,-2.7436469,0.13635315,-2.5336468,-1.6936469,-3.0436468,-2.8736467,-0.88364685,-0.13364685,-0.57364684,1.1563531,1.3663532,-2.903647,-3.913647,-1.7336469,0.7863532
1.2663531,4.906353,3.6963532,-0.98364687,4.236353,2.836353,-0.08364685,-0.55364686,1.5363531,5.036353,6.746353,8.006353,9.486353,6.706353,4.8963532,3.3763533,2.4063532,2.576353,1.8463532,2.4063532,2.1763532,0.82635313,-2.0336468,-3.3536468,-2.3036468,-1.4136468,-4.633647,-3.3036468,-5.313647,-4.1836467,-2.933647,-0.34364685,-0.25364685,-2.5236468,-3.903647,0.93635315,2.6563532,2.0163531,2.2363532,2.4963531,2.046353,0.48635316,-0.39364684
2.056353,5.666353,3.2163532,2.806353,5.036353,4.096353,1.8563532,0.55635315,1.7563531,4.056353,5.926353,6.956353,6.7763534,4.906353,3.4163532,2.2263532,0.09635315,-1.7636468,-1.2836468,-0.34364685,2.2463531,-0.29364684,-0.14364685,-4.593647,-3.703647,-4.923647,-3.403647,-3.8336468,-5.263647,-5.443647,-2.8036468,-5.483647,-3.7936468,-1.3936468,-2.3636467,-5.283647,1.3263532,4.7563534,2.8763533,1.1163532,2.6763532,1.7663531,0.36635315
4.666353,3.7263532,3.6263533,5.8563533,6.406353,4.596353,3.1263533,2.4563532,2.2063532,3.106353,3.7763531,4.996353,4.386353,3.556353,3.366353,2.6263533,1.5163531,-0.98364687,-2.443647,-2.9936469,-2.8136468,-3.5936468,-3.8336468,-4.6036468,-5.4136467,-3.153647,-2.3136468,-1.4036468,-1.7536469,-3.2736468,-3.3736467,-3.4936469,-2.903647,-1.0736469,-0.20364685,3.6663532,3.7363532,5.486353,5.696353,2.566353,1.9963531,-1.1136469,1.0663532
6.076353,7.466353,3.6363533,5.486353,6.286353,5.016353,3.9963531,2.606353,2.336353,3.4763532,3.5163531,2.556353,0.93635315,1.9763532,2.6263533,2.7363532,2.1763532,0.06635315,-1.5936469,-2.3536468,-2.8436468,-2.7436469,-3.463647,-4.4736466,-4.7436466,-4.883647,-5.483647,-4.9536467,-6.503647,-4.6436467,-3.2936468,-2.0336468,-0.12364685,2.1763532,3.1863532,1.0963532,2.6763532,3.596353,5.196353,4.1063533,4.866353,3.7163532,1.6363531
2.066353,3.076353,0.67635316,5.386353,5.7963533,6.406353,5.0863533,4.5463533,3.5163531,3.096353,2.556353,2.3863533,1.5663532,0.88635314,2.9163532,2.816353,2.4763532,0.97635317,-0.30364686,0.72635317,0.026353149,-2.0436468,-3.8336468,-4.693647,-4.9136467,-4.793647,-4.8736467,-4.9136467,-4.9936466,-5.7236466,-4.773647,-3.463647,-2.683647,-1.9236468,0.50635314,0.41635314,0.30635315,1.7863531,3.286353,4.936353,4.466353,4.726353,3.306353
2.1363533,0.69635314,1.1363531,3.2063532,5.166353,6.676353,6.496353,5.8163533,4.8563533,4.416353,3.5263531,2.846353,1.6963532,1.2763531,0.34635314,1.3963531,2.1963532,0.88635314,2.6963532,1.3963531,-0.64364684,-3.1236467,-4.6236467,-4.9136467,-4.533647,-4.653647,-4.843647,-4.9136467,-5.1036468,-4.963647,-5.063647,-4.8536468,-4.323647,-0.56364685,-0.29364684,-0.46364686,0.10635315,1.4463532,4.496353,4.016353,4.726353,7.196353,4.5663533
