wind_kz.json
{"header": {"discipline":0,"disciplineName":"Meteorological products","gribEdition":2,"gribLength":1102,"center":7,"centerName":"US National Weather Service - NCEP(WMC)","subcenter":0,"refTime":"2023-09-08T18:00:00.000Z","significanceOfRT":1,"significanceOfRTName":"Start of forecast","productStatus":0,"productStatusName":"Operational products","productType":1,"productTypeName":"Forecast products","productDefinitionTemplate":0,"productDefinitionTemplateName":"Analysis/forecast at horizontal level/layer at a point in time","parameterCategory":2,"parameterCategoryName":"UnknownDiscipline_0_Category_2","parameterNumber":3,"parameterNumberName":"UnknownParameter_D0_C2_3","parameterUnit":"Unknown","genProcessType":2,"genProcessTypeName":"Forecast","forecastTime":60,"surface1Type":103,"surface1TypeName":"Specified height level above ground","surface1Value":10.0,"surface2Type":255,"surface2TypeName":"Missing","surface2Value":0.0,"gridDefinitionTemplate":0,"gridDefinitionTemplateName":"Latitude_Longitude","numberPoints":615,"shape":6,"shapeName":"Earth spherical with radius of 6,371,229.0 m","gridUnits":"degrees","resolution":48,"winds":"true","scanMode":64,"nx":41,"ny":15,"basicAngle":0,"lo1":47.0,"la1":41.0,"lo2":87.0,"la2":55.0,"dx":1.0,"dy":1.0}, "data":
[rows 0 to 14 of 15, columns 0 to 40 of 41]
0.0620813,0.9420813,1.6220813,-5.4979186,-8.077919,-1.3479187,-1.3679187,-3.4679186,-3.1179187,-4.8079185,-6.6679187,-5.8779187,-5.277919,-4.8879185,-4.3779187,-3.4479187,-3.6579187,-2.7679186,-0.6279187,0.1920813,-2.1979187,-4.8679185,-0.8579187,1.8920813,2.6920812,1.6420813,2.2920814,2.4220812,1.1920813,3.9120812,2.2820814,2.2220812,-0.3779187,-0.1679187,-0.8579187,0.9020813,1.5920813,1.9420813,1.5020813,1.7820812,2.4420812
2.6320813,0.3920813,-0.1479187,-6.7479186,-6.0879188,-1.5779186,-0.4279187,-3.9479187,-3.4079187,-4.5179186,-5.4979186,-4.0879188,-5.527919,-5.6679187,-3.8279188,-3.3179188,-1.9779187,-0.9379187,-0.8079187,0.3520813,-0.6879187,-1.9679188,1.6220813,4.5820813,5.6120815,5.2920814,3.5120814,3.5720813,-0.0179187,7.1020813,3.0120814,4.8120813,1.2920814,2.0520813,3.0620813,2.7520814,2.6020813,1.4020813,1.8220813,2.0020814,-0.4679187
-1.9379187,-5.1179185,-5.5179186,-4.3879185,-1.6979187,-1.7579187,-1.7579187,-3.3679187,-2.8979187,-3.2379186,-3.8979187,-5.7279186,-8.467918,-8.157919,-3.8579187,-2.0679188,-1.1479187,0.5120813,0.7820813,0.3020813,0.0320813,-1.5279187,3.4220812,5.2920814,0.7020813,-2.0679188,-4.5379186,-0.1379187,3.3420813,3.5920813,2.3520813,4.6120815,0.6320813,-0.2479187,2.0020814,-1.8779187,0.7520813,2.5520813,-0.5979187,2.3420813,1.8020813
-3.0479188,-3.6279187,-3.2979188,-2.4979186,-3.7579186,-2.9079187,-2.8779187,-2.3679187,-3.9779186,-1.1979187,-1.0679187,-4.1279187,-9.417919,-7.6179185,-5.777919,-1.7579187,1.8420813,3.4420812,4.1520815,3.5420814,2.0320814,4.7920814,4.8120813,7.492081,3.1620812,2.4820814,2.2720814,-0.027918702,3.1120813,3.4020813,6.072081,2.1120813,0.5720813,-0.2179187,0.9320813,2.3920813,4.0820813,3.1020813,-4.6279187,-3.9879186,2.8820813
-1.8979187,-2.9579186,-2.5779188,-3.0379188,-3.4479187,-3.0379188,-2.6579187,-2.4179187,-3.6679187,-1.0079187,-0.1379187,-3.8079188,-9.987919,-9.987919,-8.647919,-3.0679188,0.3920813,6.6620812,7.0620813,6.0620813,6.3920813,5.0020814,6.2120814,6.1520815,5.8820815,4.8320813,3.6720812,2.9420812,3.8520813,4.6420813,2.5520813,0.7520813,3.6320813,4.3520813,-0.027918702,1.4720813,0.0020812987,-1.4379187,-2.5479188,0.012081299,1.2820812
-2.1179187,-1.4179187,-2.4479187,-3.5479188,-4.3079185,-5.4379187,-4.527919,-2.8479187,-3.1379187,-1.0979187,-0.1679187,-2.9879186,-9.137918,-10.087918,-11.127918,-2.7579186,-0.1079187,5.4220815,7.7120814,7.6520815,9.942081,9.482081,7.432081,8.682081,6.182081,5.6720815,5.6720815,-0.0179187,2.7520814,2.2020812,2.0720813,0.2820813,0.8920813,-0.027918702,-2.2179186,4.1320815,-0.4779187,-1.8279186,-0.2679187,0.4220813,1.7520813
-2.5179186,-2.2379186,-3.1979187,-4.777919,-4.217919,-3.9979186,-4.507919,-2.7779188,-2.1279187,-2.5479188,-2.0279188,-1.1979187,-7.6279187,-7.4979186,-9.217918,-4.8979187,-0.5179187,-3.1479187,9.002081,13.232081,10.752081,7.5420814,2.1120813,3.8320813,6.762081,6.222081,5.052081,4.9220815,4.9120812,4.0020814,3.1820812,2.7920814,0.7020813,2.1020813,0.3620813,4.322081,1.2020813,4.2120814,3.8720813,5.2520814,6.302081
-3.2279186,-3.4879186,-3.6679187,-4.5379186,-5.8779187,-5.1279187,-3.8779187,-3.3479187,-1.9779187,-2.5579188,-1.2979187,0.8120813,-6.277919,-7.677919,-9.277919,-8.507918,-6.5579185,-6.447919,3.7620814,6.4620814,4.6220813,4.4120812,7.2920814,8.762081,8.162082,7.8720813,7.5420814,5.9820814,3.6820812,3.7120812,4.1620812,3.6920812,3.0720813,4.0620813,2.7220812,-0.2979187,-0.4679187,1.9320813,0.8520813,2.3620813,5.1020813
-3.9079187,-4.237919,-3.6279187,-5.6479187,-5.067919,-5.067919,-5.217919,-3.6679187,-2.5479188,-1.3079187,0.3420813,0.1620813,-1.1979187,-6.4179187,-8.437919,-6.777919,-5.7679186,-3.5379188,3.3920813,5.8720813,5.092081,0.7020813,-0.5279187,-0.1679187,0.5220813,2.5220814,5.6920815,6.1120815,5.2920814,5.4620814,4.9120812,4.2720814,0.7020813,2.9120812,5.322081,6.9420815,2.3720813,0.1620813,2.5720813,0.8820813,-1.1379187
-2.9879186,-4.067919,-3.5579188,-4.697919,-4.8279185,-5.3579187,-5.447919,-5.157919,-2.7879188,-0.1679187,-1.8479187,-2.0779188,0.6020813,-3.8379188,-6.717919,-4.277919,-3.2879188,-5.947919,-4.067919,-1.7579187,-1.4179187,-2.2479186,-3.7379186,-3.1579187,-3.8479187,-1.3979187,0.8820813,2.8620813,3.5120814,3.0820813,4.3720813,1.1420813,-0.6279187,2.3220813,4.1520815,1.9720813,2.9820814,1.7120813,1.3120813,2.6720812,2.1820812
-2.8179188,-5.0579185,-5.9379187,-5.8879185,-5.3979187,-4.6879187,-4.317919,-4.447919,-3.0679188,-0.6779187,2.3220813,-2.6879187,2.2320814,1.4920813,-3.4479187,-5.8379188,-4.1279187,-3.9079187,-3.3079188,-2.8579187,-3.2579186,-2.0779188,-2.1479187,-3.4279187,-2.0779188,-1.1779187,-1.3179187,0.9220813,1.7220813,0.5320813,0.1920813,-0.7679187,-0.6679187,3.5320814,4.8720813,4.8120813,2.4220812,1.4420813,5.3320813,2.1520813,0.8920813
-4.8779187,-4.2079186,-5.4779186,-5.3879185,-4.697919,-4.3479185,-3.6279187,-3.3779187,-0.7779187,-1.8579187,1.6120813,-2.2479186,-0.2779187,3.3120813,3.2920814,-0.1779187,-2.7879188,-2.4779186,1.4520813,-0.4079187,-0.6179187,-0.5179187,0.3520813,1.7120813,1.7120813,1.4220814,2.0120814,2.4620812,1.5020813,1.0320812,0.6420813,0.5620813,1.0320812,3.3620813,4.1720815,2.1220813,-1.0179187,-2.0579188,-1.6779187,0.1020813,-0.4179187
-5.3279185,-5.2479186,-5.6879187,-5.0779185,-4.927919,-4.487919,-2.8079188,1.1620812,1.1520813,1.3420813,-0.4079187,1.0820813,-1.9079187,-0.8079187,-0.4579187,-0.3579187,-0.1679187,0.2520813,-0.3579187,-1.6779187,-3.5679188,-3.5979187,-3.1579187,-2.3979187,-2.0879188,-0.9779187,-0.3079187,2.7320814,1.5220813,0.8920813,1.0220813,0.9620813,0.7620813,1.6820813,2.0320814,0.5620813,-0.5379187,-0.5479187,-0.1679187,0.3920813,0.17208129
-3.2779188,-6.047919,-6.6879187,-6.0179186,-5.2879186,-5.407919,-3.0479188,-2.0779188,1.3220813,2.6620812,2.2120812,0.3220813,0.7720813,-0.6479187,-1.1479187,-1.1279187,-1.9079187,-1.2279187,-0.7479187,-3.3279188,-5.1279187,-4.257919,-3.3479187,-1.4079187,-0.6279187,-0.6179187,-1.0779186,-1.2979187,-1.3979187,-1.4579186,-2.3679187,-1.4079187,-1.1079187,-1.1179187,-1.1479187,-1.3679187,-1.4479187,-2.2779188,-1.9579186,-1.1479187,-0.3979187
-3.0779188,-6.8879185,-7.4579186,-5.967919,-5.067919,-5.3679185,-3.4779186,-2.3779187,-0.2279187,2.2020812,0.8720813,2.7420814,1.7920814,0.1520813,0.2420813,0.0920813,-0.5979187,-0.7979187,-2.5979187,-4.257919,-4.407919,-4.1079187,-4.467919,-2.9079187,-2.9779186,-2.5879188,-1.6179187,-1.0279187,-1.3779187,-0.7879187,-0.4579187,-0.6379187,0.0420813,-0.5779187,-0.7679187,-1.6579187,-2.5379188,-2.9779186,-2.2179186,-0.8079187,-0.2679187
