wind_kz.json
{"header": {"discipline":0,"disciplineName":"Meteorological products","gribEdition":2,"gribLength":1025,"center":7,"centerName":"US National Weather Service - NCEP(WMC)","subcenter":0,"refTime":"2024-01-31T12:00:00.000Z","significanceOfRT":1,"significanceOfRTName":"Start of forecast","productStatus":0,"productStatusName":"Operational products","productType":1,"productTypeName":"Forecast products","productDefinitionTemplate":0,"productDefinitionTemplateName":"Analysis/forecast at horizontal level/layer at a point in time","parameterCategory":2,"parameterCategoryName":"UnknownDiscipline_0_Category_2","parameterNumber":3,"parameterNumberName":"UnknownParameter_D0_C2_3","parameterUnit":"Unknown","genProcessType":2,"genProcessTypeName":"Forecast","forecastTime":120,"surface1Type":103,"surface1TypeName":"Specified height level above ground","surface1Value":10.0,"surface2Type":255,"surface2TypeName":"Missing","surface2Value":0.0,"gridDefinitionTemplate":0,"gridDefinitionTemplateName":"Latitude_Longitude","numberPoints":615,"shape":6,"shapeName":"Earth spherical with radius of 6,371,229.0 m","gridUnits":"degrees","resolution":48,"winds":"true","scanMode":64,"nx":41,"ny":15,"basicAngle":0,"lo1":47.0,"la1":41.0,"lo2":87.0,"la2":55.0,"dx":1.0,"dy":1.0}, "data":
[rows 0 to 14 of 15, columns 0 to 40 of 41]
-4.4925146,0.6974853,0.93748534,3.3674853,2.2274854,3.4974854,2.6974854,2.8474853,5.3674855,3.4274855,3.5274854,3.5974853,4.7374854,4.2974854,3.9474854,4.0274854,4.1374855,2.0574853,0.14748535,-0.0025146485,1.4074854,0.8874853,-0.64251465,0.11748535,0.5874854,1.0274854,-1.6725147,0.33748534,1.9774853,1.7774854,-0.43251464,-2.9425147,1.5174854,1.8074853,1.0274854,0.65748537,2.7974854,1.3074853,0.027485352,-0.10251465,1.4974854
3.7374854,1.8674854,6.7574854,5.1274853,3.5074854,1.9774853,2.8874853,3.4074852,3.5174854,5.1174855,3.9174852,4.8774853,5.727485,4.7174854,4.1574855,2.5574853,3.1974854,3.1274853,3.4174852,2.5674853,2.1374853,0.24748535,-1.0525147,1.0974853,-0.68251467,-0.10251465,-2.6925147,1.5174854,-0.13251466,1.2674854,4.417485,4.747485,-0.40251464,-1.3425146,-4.6125145,-2.5925148,-1.5025146,-1.6925147,-1.3525146,-0.56251466,-0.58251464
-1.8525146,-1.8225147,2.8374853,1.5774853,3.0374854,3.2274854,1.3274853,3.0174854,3.7874854,4.017485,5.3674855,5.5474854,5.167485,4.4474854,3.4774854,2.9874854,2.5674853,3.3774853,3.3074853,2.5474854,1.9674853,1.2974854,-0.57251465,0.15748535,-0.21251465,1.4274853,0.28748536,-0.43251464,-0.8025147,1.5374854,3.4374855,1.3074853,2.4674854,-2.0825148,-0.58251464,1.7374854,4.437485,-1.1325146,0.35748535,0.48748535,1.0574853
0.31748536,1.1074853,2.1174853,3.4674854,2.0374854,0.8274853,2.1874855,3.1774855,3.8274853,2.7774854,4.227485,5.0474854,5.707485,5.8074856,3.8474853,3.4974854,3.4874854,3.1474853,3.2374854,3.1974854,2.4874854,1.9974854,1.1374854,1.4474853,0.32748535,1.2074853,-0.27251464,-2.4625146,2.4974854,3.3774853,-0.22251464,-1.6525147,-1.0025146,0.44748536,-1.8025147,-3.7625146,-2.5225146,0.0074853515,2.0674853,1.2874854,1.9074854
5.6774855,4.7974854,3.9174852,2.7874854,1.0474854,-2.1925147,1.5274854,1.3674854,2.0474854,4.2374854,4.5274854,5.037485,6.2974854,6.6074853,6.227485,3.7074854,3.3974853,3.4074852,3.5374854,2.7474854,1.6174854,0.7774854,0.31748536,0.25748536,0.26748535,-0.6125147,0.25748536,-1.6425147,-1.7025146,1.2574854,-1.4425147,-1.2625146,2.0574853,2.2274854,-1.4425147,-0.99251467,-1.0425147,-2.2225146,-1.8225147,-0.41251466,-0.04251465
5.3174853,4.7574854,5.6274853,5.2974854,5.037485,4.0674853,3.7174854,3.5674853,3.1374853,3.7474854,4.4874854,5.287485,7.5074854,8.297485,4.3974853,3.9374855,3.8774853,3.6674852,3.3274853,2.4974854,2.4774854,2.6874855,2.2974854,1.1674854,0.32748535,-0.76251465,-0.27251464,-1.9525146,-2.0825148,-1.0925146,-0.43251464,-0.29251465,-0.9225147,-1.9825146,2.2174854,5.3674855,3.6474853,2.6274853,-0.25251466,-1.3125147,-0.62251467
5.6474853,5.5974855,3.7674854,4.167485,5.6074853,5.4674854,5.997485,5.1974854,5.167485,5.8774853,5.6474853,6.287485,5.957485,6.4474854,6.0774856,5.0974855,4.4874854,3.6274853,4.1274853,3.6274853,3.2874854,3.0474854,3.3174853,3.1274853,1.4574853,0.08748535,-0.06251465,-0.71251464,-1.5625147,0.067485355,-0.22251464,0.6374853,-0.14251465,1.3774854,-0.70251465,-1.9625146,-3.1825147,-0.19251464,-0.41251466,-1.5125146,1.9274853
5.7774854,5.767485,4.537485,3.8774853,4.477485,6.537485,4.997485,5.2374854,6.3174853,6.8574853,8.277485,7.9274855,7.3174853,7.437485,6.9874854,7.4674854,7.5774856,6.3074856,6.2574854,6.1174855,5.227485,4.707485,4.1974854,3.9574854,2.7574854,2.9274855,2.8574853,0.29748535,0.9574854,-0.36251464,0.09748535,1.9874854,1.3774854,3.7574854,0.62748533,0.33748534,0.027485352,0.48748535,-1.9125147,-0.59251463,-1.0525147
4.9874854,5.1474853,5.1074853,5.1174855,5.0874853,5.3474855,5.8874855,6.0774856,6.207485,5.977485,7.6174855,8.897486,8.3874855,8.417485,8.497485,8.397486,8.667485,7.8974853,8.247485,8.067486,4.707485,6.3674855,6.2974854,3.9874854,4.3374853,3.8474853,3.0074854,2.8274853,3.1374853,2.6974854,3.4274855,4.9874854,3.0174854,4.8774853,3.0074854,3.3174853,-2.8125145,1.2874854,0.55748534,0.027485352,-2.6725147
4.9874854,5.187485,5.0474854,4.497485,5.0974855,4.9274855,5.2774854,6.0774856,7.0674853,6.6374855,7.0874853,8.107486,9.317486,9.597486,9.697485,9.407485,9.667485,9.307486,8.587485,7.5874853,7.3374853,6.1274853,6.0874853,5.3474855,4.5574856,4.4674854,4.2174854,3.2474854,2.6474853,2.6574852,2.9074852,2.7774854,4.667485,4.0074854,4.1074853,1.8974854,1.3874854,-2.9525146,0.30748534,3.6774855,3.1374853
4.8674855,5.4074855,4.997485,5.0674853,4.4674854,4.767485,4.937485,5.0074854,5.9274855,6.787485,7.247485,6.6274853,7.9874854,8.937486,9.677485,10.277485,10.857486,10.457485,10.027485,9.967485,8.697485,7.287485,5.9874854,6.8074856,5.747485,5.8374853,5.1574855,4.917485,4.167485,3.3474853,4.0674853,1.6174854,2.7474854,3.7374854,4.7974854,1.4574853,1.6474854,2.7374854,1.6674854,1.0774853,-0.0025146485
4.6074853,4.0674853,4.997485,4.037485,4.2974854,4.8774853,3.9674854,4.017485,4.3774853,4.8274856,5.3374853,5.6474853,6.5674853,7.247485,8.327485,9.217485,9.607486,10.467485,10.667485,10.527485,10.187486,8.837485,7.8374853,7.267485,6.8674855,6.727485,7.2774854,5.6374855,5.917485,4.4674854,3.5574853,4.0974855,2.8574853,2.9374855,3.6674852,2.9374855,1.5574853,0.7674854,1.6074853,0.7774854,0.12748535
3.7074854,4.0274854,3.4774854,3.5574853,2.5074854,2.0474854,1.3674854,0.84748536,4.0074854,4.2374854,3.0874853,3.4474854,5.8374853,6.017485,6.5674853,7.5874853,8.347486,8.237485,9.107486,8.987485,9.317486,9.067486,9.087485,8.567486,9.147486,8.117485,7.5874853,6.3274856,5.747485,5.0974855,4.5774856,4.537485,3.7974854,3.5774853,3.2374854,3.6574852,3.2674854,1.6374854,2.5974853,2.1274853,1.3374853
4.477485,4.207485,3.8374853,3.3274853,3.2474854,2.7874854,2.4974854,2.3774853,2.0274854,0.60748535,3.2374854,2.0474854,4.0574856,5.5774856,6.0774856,6.6274853,7.037485,7.8874855,7.7774854,8.627485,7.9474854,7.977485,7.6374855,7.477485,6.9874854,7.517485,7.0974855,7.5574856,7.1574855,6.9074855,6.2174854,5.8674855,5.5974855,5.3974853,3.9874854,4.3074856,3.5874853,3.3274853,2.8074853,3.1574852,3.6574852
3.4474854,3.9474854,3.1874855,3.1474853,3.6974854,2.5174854,2.5174854,1.9274853,1.5274854,1.3274853,1.2474854,4.9474854,2.0574853,1.7174853,5.3874855,6.0474854,6.497485,6.6774855,7.1374855,7.287485,6.7574854,6.8674855,6.4874854,7.0074854,7.2574854,6.9074855,7.2574854,7.1074853,6.8774853,6.687485,6.6374855,6.497485,5.5474854,5.3674855,5.1274853,4.537485,4.3774853,4.767485,3.7874854,3.9874854,3.4174852
