wind_kz.json
{"header": {"discipline":0,"disciplineName":"Meteorological products","gribEdition":2,"gribLength":948,"center":7,"centerName":"US National Weather Service - NCEP(WMC)","subcenter":0,"refTime":"2023-08-19T00:00:00.000Z","significanceOfRT":1,"significanceOfRTName":"Start of forecast","productStatus":0,"productStatusName":"Operational products","productType":1,"productTypeName":"Forecast products","productDefinitionTemplate":0,"productDefinitionTemplateName":"Analysis/forecast at horizontal level/layer at a point in time","parameterCategory":0,"parameterCategoryName":"UnknownDiscipline_0_Category_0","parameterNumber":0,"parameterNumberName":"UnknownParameter_D0_C0_0","parameterUnit":"Unknown","genProcessType":2,"genProcessTypeName":"Forecast","forecastTime":300,"surface1Type":1,"surface1TypeName":"Ground or water surface","surface1Value":0.0,"surface2Type":255,"surface2TypeName":"Missing","surface2Value":0.0,"gridDefinitionTemplate":0,"gridDefinitionTemplateName":"Latitude_Longitude","numberPoints":615,"shape":6,"shapeName":"Earth spherical with radius of 6,371,229.0 m","gridUnits":"degrees","resolution":48,"winds":"true","scanMode":64,"nx":41,"ny":15,"basicAngle":0,"lo1":47.0,"la1":41.0,"lo2":87.0,"la2":55.0,"dx":1.0,"dy":1.0}, "data":
[rows 0 to 14 of 15, columns 0 to 40 of 41]
311.08096,298.18097,296.88095,298.68097,298.28094,297.08096,309.88095,321.78094,322.48096,324.48096,322.88095,321.68097,320.48096,319.78094,318.88095,317.98096,316.98096,316.48096,317.98096,317.68097,319.58096,315.48096,315.38095,310.38095,311.98096,314.78094,308.78094,294.28094,292.38095,287.68097,278.48096,283.58096,300.88095,309.18097,310.68097,309.48096,309.58096,309.08096,308.58096,308.28094,307.68097
288.58096,297.28094,298.28094,298.48096,298.38095,296.98096,311.58096,314.98096,317.88095,320.48096,321.98096,320.88095,319.98096,318.28094,317.78094,317.28094,316.78094,316.88095,316.28094,317.38095,317.68097,315.88095,313.58096,304.08096,293.78094,293.28094,303.08096,294.08096,296.98096,286.98096,291.08096,281.18097,292.38095,264.58096,288.68097,306.08096,304.58096,306.68097,309.58096,301.08096,286.48096
305.58096,298.28094,298.88095,298.68097,296.68097,309.48096,310.08096,312.28094,313.18097,314.48096,315.78094,316.88095,316.58096,316.28094,317.58096,316.68097,315.88095,315.38095,316.48096,317.08096,317.68097,315.68097,315.58096,309.58096,313.38095,312.48096,312.48096,311.08096,308.78094,295.48096,285.98096,286.78094,293.98096,296.58096,300.18097,297.68097,287.08096,289.18097,289.78094,284.68097,284.98096
305.18097,298.68097,298.38095,297.78094,298.78094,306.48096,307.08096,308.78094,310.28094,311.18097,313.68097,314.38095,296.88095,295.38095,312.48096,316.48096,316.08096,316.28094,316.88095,318.18097,316.48096,313.18097,315.38095,316.38095,315.88095,314.98096,314.78094,311.08096,309.68097,309.98096,310.88095,306.78094,310.48096,310.88095,309.68097,303.48096,289.48096,287.28094,291.68097,302.58096,305.38095
309.08096,298.28094,298.18097,297.78094,301.38095,305.08096,305.08096,307.98096,305.98096,307.18097,309.08096,311.68097,296.48096,295.68097,293.08096,313.48096,316.68097,314.38095,315.28094,315.18097,315.88095,316.48096,315.58096,315.58096,315.88095,314.08096,310.58096,305.68097,311.08096,309.78094,310.68097,307.68097,294.98096,285.48096,297.08096,306.08096,304.68097,311.78094,311.18097,309.48096,308.18097
306.98096,304.08096,296.78094,296.98096,297.68097,297.48096,305.98096,304.98096,306.18097,304.58096,305.38095,306.28094,297.28094,295.18097,302.38095,310.28094,315.58096,315.78094,315.68097,316.78094,316.08096,314.88095,314.68097,314.48096,313.78094,310.98096,310.18097,293.48096,310.28094,310.08096,307.68097,308.28094,307.58096,305.78094,304.18097,301.28094,298.88095,300.48096,306.68097,308.88095,307.08096
303.88095,303.48096,304.58096,304.78094,302.78094,304.68097,307.28094,305.78094,305.28094,304.78094,304.18097,304.98096,306.88095,306.78094,310.88095,311.18097,314.18097,313.58096,314.28094,313.38095,313.98096,314.38095,314.18097,313.88095,311.48096,310.88095,309.68097,310.08096,310.48096,309.98096,308.38095,306.88095,307.68097,308.58096,307.88095,304.78094,298.78094,291.88095,291.98096,291.08096,302.28094
302.08096,302.58096,302.78094,302.78094,303.38095,303.58096,303.58096,302.68097,302.08096,302.08096,302.38095,303.48096,302.98096,302.78094,307.48096,309.98096,312.28094,312.28094,311.88095,310.38095,310.78094,312.48096,312.68097,312.28094,310.68097,307.48096,306.48096,307.68097,305.38095,307.18097,304.68097,304.08096,301.78094,299.58096,300.48096,303.08096,305.38095,289.98096,301.68097,302.38095,299.98096
300.08096,299.58096,301.18097,300.88095,300.08096,296.48096,292.78094,292.98096,294.68097,297.68097,298.68097,300.88095,301.88095,303.48096,305.08096,310.18097,309.38095,309.98096,307.98096,308.58096,307.98096,308.68097,309.58096,309.88095,308.58096,308.38095,305.08096,304.18097,302.28094,300.68097,300.38095,299.28094,299.88095,300.38095,300.38095,298.28094,299.18097,299.38095,288.08096,287.38095,286.98096
298.98096,298.38095,297.98096,293.08096,292.18097,291.98096,290.68097,289.58096,289.28094,290.48096,294.38095,297.18097,299.98096,299.28094,301.18097,306.88095,308.38095,309.48096,308.48096,307.28094,306.78094,307.28094,308.88095,308.48096,307.98096,306.68097,306.58096,303.88095,301.78094,299.78094,298.38095,299.78094,301.68097,300.78094,300.28094,299.08096,296.68097,293.48096,290.48096,288.08096,286.48096
296.28094,290.58096,290.58096,287.68097,287.78094,286.78094,287.98096,286.58096,286.18097,286.48096,287.68097,292.28094,297.58096,297.48096,297.88095,303.28094,303.58096,302.58096,306.48096,303.68097,303.88095,302.98096,303.28094,303.48096,302.58096,303.38095,299.78094,299.88095,299.28094,299.48096,299.58096,299.48096,299.08096,298.78094,296.58096,295.98096,290.58096,289.68097,290.88095,289.28094,288.68097
289.58096,292.98096,286.98096,285.88095,284.68097,285.28094,285.28094,286.68097,286.98096,286.78094,285.58096,286.08096,293.58096,295.48096,293.88095,293.58096,300.18097,299.08096,299.58096,299.38095,297.78094,297.18097,298.48096,299.08096,297.58096,298.18097,297.88095,297.98096,298.08096,297.08096,294.88095,295.18097,295.18097,293.78094,293.78094,292.98096,292.28094,293.58096,292.48096,292.28094,291.68097
288.98096,288.18097,287.48096,284.88095,283.98096,283.98096,286.58096,291.58096,287.98096,286.48096,283.68097,282.78094,289.88095,292.28094,294.28094,295.58096,292.88095,296.78094,296.38095,296.58096,296.78094,295.28094,295.08096,294.18097,295.18097,295.18097,296.88095,295.68097,295.38095,294.28094,294.08096,292.98096,293.18097,294.08096,292.78094,290.88095,290.68097,291.28094,290.88095,291.08096,289.68097
290.18097,290.28094,288.78094,283.58096,283.28094,283.48096,288.88095,286.88095,285.88095,283.98096,282.78094,282.18097,289.18097,290.68097,289.78094,291.78094,288.98096,292.08096,294.88095,293.88095,292.48096,292.78094,294.28094,293.38095,293.28094,293.98096,293.38095,292.88095,292.28094,292.38095,292.18097,291.68097,291.48096,291.28094,290.68097,289.48096,289.98096,289.28094,289.48096,287.48096,287.68097
290.68097,293.58096,290.58096,284.88095,282.88095,282.88095,283.28094,285.78094,284.48096,286.58096,284.58096,283.88095,283.08096,284.48096,285.28094,285.68097,285.68097,285.98096,287.98096,286.58096,288.88095,289.78094,293.18097,293.48096,292.48096,291.58096,292.58096,291.38095,290.68097,289.28094,289.18097,288.58096,290.48096,289.88095,290.58096,290.08096,289.78094,288.68097,288.38095,287.58096,286.48096
