wind_kz.json
{"header": {"discipline":0,"disciplineName":"Meteorological products","gribEdition":2,"gribLength":1025,"center":7,"centerName":"US National Weather Service - NCEP(WMC)","subcenter":0,"refTime":"2023-08-26T12:00:00.000Z","significanceOfRT":1,"significanceOfRTName":"Start of forecast","productStatus":0,"productStatusName":"Operational products","productType":1,"productTypeName":"Forecast products","productDefinitionTemplate":0,"productDefinitionTemplateName":"Analysis/forecast at horizontal level/layer at a point in time","parameterCategory":2,"parameterCategoryName":"UnknownDiscipline_0_Category_2","parameterNumber":2,"parameterNumberName":"UnknownParameter_D0_C2_2","parameterUnit":"Unknown","genProcessType":2,"genProcessTypeName":"Forecast","forecastTime":60,"surface1Type":103,"surface1TypeName":"Specified height level above ground","surface1Value":10.0,"surface2Type":255,"surface2TypeName":"Missing","surface2Value":0.0,"gridDefinitionTemplate":0,"gridDefinitionTemplateName":"Latitude_Longitude","numberPoints":615,"shape":6,"shapeName":"Earth spherical with radius of 6,371,229.0 m","gridUnits":"degrees","resolution":48,"winds":"true","scanMode":64,"nx":41,"ny":15,"basicAngle":0,"lo1":47.0,"la1":41.0,"lo2":87.0,"la2":55.0,"dx":1.0,"dy":1.0}, "data":
[rows 0 to 14 of 15, columns 0 to 40 of 41]
-2.011247,-1.3912469,2.248753,6.918753,3.068753,-0.14124694,0.028753052,0.03875305,-1.6412469,-1.101247,-0.93124694,-1.931247,-1.9112469,-2.3412468,-2.471247,-2.801247,-2.891247,-2.751247,-3.971247,-2.531247,-4.041247,-1.681247,-0.021246947,-2.951247,0.798753,-0.9412469,-2.891247,-3.741247,-0.5712469,-0.031246949,-1.421247,1.298753,2.198753,1.7587531,-0.30124694,-5.661247,-2.921247,-2.531247,0.82875305,-2.3512468,-3.411247
1.058753,1.9687531,3.288753,1.6287531,2.258753,1.288753,1.528753,-0.35124695,2.828753,2.258753,1.9987531,0.44875306,-0.08124695,-0.6912469,0.06875305,-1.2912469,-1.701247,-2.0612469,-2.211247,-2.971247,-3.871247,-3.451247,-2.5912468,-3.6012468,-1.2612469,-0.47124696,-1.191247,-1.321247,-1.1512469,-1.3812469,0.14875305,-0.891247,1.428753,-1.231247,-0.90124696,-0.12124695,-1.551247,2.6787531,-0.13124695,-0.47124696,-5.311247
1.7587531,3.478753,4.248753,4.008753,3.478753,2.038753,2.758753,4.408753,3.3987532,3.218753,2.6787531,2.628753,2.368753,1.6087531,0.17875305,-0.25124696,0.03875305,-0.67124695,-0.951247,-0.92124695,-2.411247,-3.391247,-2.911247,-2.011247,-0.9412469,-2.791247,-2.271247,-1.611247,-0.7612469,-0.72124696,-2.3512468,2.768753,-1.1512469,-0.6912469,0.63875306,0.21875305,-2.261247,0.33875304,-1.3712469,1.038753,-2.0912468
3.238753,6.418753,4.908753,3.9387531,2.8987532,2.448753,4.538753,4.968753,4.648753,4.3187532,5.788753,3.468753,3.988753,4.688753,2.1587532,1.418753,1.768753,-0.061246946,-0.54124695,-0.33124694,-2.251247,-1.321247,-0.951247,-0.39124694,-1.8712469,-2.781247,-2.791247,-3.301247,-2.231247,-1.5412469,-0.86124694,-6.991247,-2.891247,-2.8512468,-2.0612469,-2.201247,-1.0312469,1.158753,-1.181247,-0.31124696,-0.19124694
-4.581247,-6.301247,-5.961247,-3.3212469,-2.971247,-2.911247,-3.161247,0.72875303,4.248753,4.108753,5.308753,6.2787533,6.268753,4.768753,4.598753,2.478753,2.9287531,1.788753,0.29875305,0.108753055,0.18875305,-2.711247,-2.8312469,-2.3212469,-2.981247,-3.021247,-2.1012468,-2.6012468,-3.291247,-2.211247,-3.111247,-2.201247,-2.5912468,0.09875305,1.818753,1.828753,5.538753,1.908753,3.768753,2.118753,1.9687531
-4.851247,-3.951247,-5.9712467,-5.031247,-4.771247,-3.0612469,-2.371247,-1.201247,-0.101246946,6.878753,8.298753,2.568753,1.948753,1.028753,2.708753,2.258753,2.758753,2.9087532,1.2587531,0.28875306,-1.1212469,-2.021247,-2.551247,-2.5812469,-3.411247,-4.1812468,-2.971247,0.8687531,0.27875304,-0.18124695,-0.20124695,-1.731247,-2.5812469,-1.7912469,-1.951247,-1.6412469,0.668753,3.868753,9.048753,2.578753,0.46875304
-2.051247,-1.5412469,-1.3712469,-0.37124693,-0.7612469,-0.34124696,0.18875305,0.8087531,1.778753,3.328753,3.118753,4.828753,8.338753,7.368753,5.078753,5.468753,1.928753,-1.5012469,-0.42124695,-0.32124695,0.25875306,-0.93124694,-1.7812469,-2.701247,-2.491247,-3.611247,-2.291247,-3.401247,-3.661247,-1.921247,-0.85124695,-1.9012469,1.2487531,0.8087531,-0.5112469,-0.98124695,-0.13124695,0.11875305,1.028753,-1.111247,3.258753
-4.541247,-3.1012468,-2.441247,-0.55124694,0.7487531,2.108753,2.358753,2.998753,3.808753,4.108753,4.058753,2.4287531,3.228753,0.018753052,4.138753,7.2987533,4.978753,3.588753,5.5487533,3.258753,1.1187531,-0.701247,-1.0012469,-2.631247,-2.281247,-1.971247,-1.7412469,-2.431247,-2.0612469,-2.551247,-1.341247,0.37875307,-0.11124695,0.36875305,0.82875305,2.788753,-1.3712469,0.64875305,4.728753,8.728753,2.788753
-1.191247,0.09875305,0.94875306,2.358753,3.388753,3.998753,3.638753,4.148753,4.288753,3.978753,4.008753,4.008753,5.468753,4.368753,2.198753,3.568753,2.838753,4.188753,3.518753,4.888753,1.2387531,2.638753,-0.21124695,-1.2812469,-1.2612469,-2.241247,-1.561247,-1.1612469,-1.461247,-1.071247,-0.17124695,-0.9412469,1.578753,1.068753,2.628753,-1.171247,-1.3912469,-2.541247,-2.261247,0.62875307,1.448753
0.7387531,1.658753,3.078753,4.348753,5.198753,5.718753,6.058753,5.708753,6.058753,5.098753,4.218753,3.958753,3.718753,2.498753,2.4287531,2.088753,2.298753,2.138753,1.178753,2.878753,1.408753,1.3787531,-0.30124694,-0.72124696,-1.481247,-1.9112469,-1.191247,-1.5112469,-1.101247,-0.59124696,0.38875306,0.548753,1.2587531,2.638753,1.688753,-0.24124695,-1.971247,-0.831247,-0.9412469,1.3487531,0.53875303
1.398753,2.798753,3.838753,4.458753,5.108753,5.5287533,6.0687532,6.148753,5.728753,3.558753,4.5687532,3.6487532,3.818753,3.028753,3.028753,2.298753,1.6287531,1.918753,1.148753,0.90875304,3.788753,2.9087532,-1.331247,-1.681247,-1.201247,-1.451247,-0.39124694,-0.39124694,-0.041246947,0.87875307,1.1187531,2.3987532,1.9987531,0.88875306,1.8587531,-1.5412469,-1.341247,-0.641247,-0.56124693,0.53875303,-0.47124696
2.358753,2.858753,4.138753,4.888753,4.138753,4.698753,2.9087532,0.39875305,1.648753,1.6187531,1.188753,2.9087532,3.088753,2.368753,2.6487532,2.958753,1.4687531,0.53875303,1.9687531,-0.19124694,0.18875305,-0.40124694,-2.241247,-2.361247,-1.441247,-1.0212469,-0.74124694,0.20875305,1.3387531,0.28875306,0.32875305,0.13875306,0.078753054,-0.45124695,1.7187531,2.018753,1.158753,-1.091247,-2.121247,0.44875306,-0.19124694
1.948753,3.258753,3.318753,2.578753,3.078753,2.528753,-0.581247,-0.91124696,-2.381247,-0.17124695,-0.0112469485,0.94875306,1.298753,1.3387531,1.7087531,1.538753,2.4187531,1.7087531,1.908753,-0.6312469,-2.201247,0.14875305,-2.001247,-2.5612469,-1.6612469,-1.441247,-0.41124696,-0.39124694,-0.35124695,-1.191247,-0.26124695,0.76875305,1.548753,2.378753,2.128753,2.6587532,-0.031246949,-1.111247,-2.651247,-0.91124696,0.64875305
2.6587532,2.278753,2.748753,1.908753,0.81875306,-0.641247,-1.5112469,-0.891247,0.96875304,0.8087531,0.42875305,0.71875304,1.1187531,1.418753,2.318753,0.46875304,-0.93124694,-1.7912469,-4.211247,-5.341247,-3.541247,-4.671247,-4.131247,-4.631247,-3.221247,-2.291247,-2.0712469,-0.5012469,-0.73124695,0.18875305,1.168753,1.558753,1.908753,2.488753,2.578753,2.588753,0.84875304,0.11875305,-1.061247,0.45875305,1.2187531
1.168753,2.108753,1.928753,0.34875306,0.48875305,-0.16124696,-1.4912469,-1.571247,1.0087531,0.30875304,0.34875306,-0.28124696,1.638753,1.828753,-6.661247,-6.071247,-6.551247,-5.771247,-6.331247,-5.421247,-5.041247,-4.411247,-3.741247,-2.8212469,-2.501247,-1.0312469,0.11875305,0.05875305,0.53875303,0.8087531,2.118753,1.6087531,1.2187531,2.068753,2.708753,3.098753,0.8087531,0.96875304,0.26875305,-0.26124695,-0.39124694
