wind_kz.json
{"header": {"discipline":0,"disciplineName":"Meteorological products","gribEdition":2,"gribLength":1025,"center":7,"centerName":"US National Weather Service - NCEP(WMC)","subcenter":0,"refTime":"2023-10-02T06:00:00.000Z","significanceOfRT":1,"significanceOfRTName":"Start of forecast","productStatus":0,"productStatusName":"Operational products","productType":1,"productTypeName":"Forecast products","productDefinitionTemplate":0,"productDefinitionTemplateName":"Analysis/forecast at horizontal level/layer at a point in time","parameterCategory":2,"parameterCategoryName":"UnknownDiscipline_0_Category_2","parameterNumber":2,"parameterNumberName":"UnknownParameter_D0_C2_2","parameterUnit":"Unknown","genProcessType":2,"genProcessTypeName":"Forecast","forecastTime":180,"surface1Type":103,"surface1TypeName":"Specified height level above ground","surface1Value":10.0,"surface2Type":255,"surface2TypeName":"Missing","surface2Value":0.0,"gridDefinitionTemplate":0,"gridDefinitionTemplateName":"Latitude_Longitude","numberPoints":615,"shape":6,"shapeName":"Earth spherical with radius of 6,371,229.0 m","gridUnits":"degrees","resolution":48,"winds":"true","scanMode":64,"nx":41,"ny":15,"basicAngle":0,"lo1":47.0,"la1":41.0,"lo2":87.0,"la2":55.0,"dx":1.0,"dy":1.0}, "data":
[rows 0 to 14 of 15, columns 0 to 40 of 41]
4.45668,-2.1833203,3.1566796,9.286679,8.68668,5.7766795,2.6766796,-0.11332031,-3.3733203,-2.8833203,-3.5333204,-4.5533204,-4.6533203,-4.04332,-2.9333203,-1.6333203,-1.7033203,-2.1833203,-3.4333203,-1.2433203,-0.6833203,1.2966797,-0.9333203,-3.1033204,0.6466797,-1.4933203,0.03667969,0.016679687,0.41667968,1.5566797,0.5466797,1.7066797,0.06667969,1.7066797,-0.20332031,0.12667969,0.05667969,-2.8333204,-3.7033203,-1.8133203,-3.4133203
2.9266796,0.7366797,5.4466796,8.01668,6.89668,1.3566797,1.9666797,1.5266796,-2.2133203,-2.6233203,-2.7433202,-3.7333202,-2.6033204,-2.0433204,-0.6033203,-2.0533204,-2.5033202,-2.2033203,-0.9233203,-1.8733203,-2.9433203,-2.8333204,-0.9933203,-1.4033203,-0.5833203,0.22667968,-0.7933203,-0.073320314,-0.7333203,-0.2933203,0.5966797,0.3666797,-0.7233203,-1.9433203,0.12667969,0.55667967,0.14667968,-0.4133203,-0.2233203,0.5766797,-5.06332
4.3666797,6.85668,4.14668,1.9966797,-4.7833204,-3.9333203,-1.7733203,1.4166797,-2.5033202,-1.5733203,-1.0333203,-1.6233203,-0.7433203,0.47667968,-0.87332034,-1.1533203,0.16667968,0.4266797,-0.4033203,-1.0733203,-1.7333204,0.35667968,0.3766797,-0.9333203,-0.1433203,-0.8933203,-0.4133203,0.41667968,-2.5533204,0.3766797,-1.0133203,0.15667969,1.5366797,-0.6533203,0.6066797,-0.81332034,0.5966797,-0.18332031,0.8966797,-0.9533203,0.8166797
4.6566796,6.0866795,3.3366797,3.3866796,-1.1033204,-1.4133203,0.7966797,-2.3733203,-1.8233203,-1.0833203,-1.3033203,-0.06332031,0.4266797,0.09667969,-2.4433203,-1.6333203,-1.4333203,-1.0533203,0.5666797,-1.5833203,-0.4433203,-0.88332033,0.86667967,-0.18332031,-1.3333203,-1.5233203,1.2566797,-2.5833204,-3.1333203,-1.7233204,-0.3233203,-1.0933204,1.7766796,2.2966797,-0.56332034,-1.7833203,-0.5933203,1.7766796,0.15667969,-0.0033203126,1.1866797
4.4266796,4.0466795,4.5066795,4.60668,4.72668,3.1266797,-1.7933203,0.44667968,0.2766797,0.22667968,0.2466797,0.55667967,-2.9433203,-2.2233202,-3.6333203,-2.6833203,-0.1433203,-2.4733202,-0.7733203,-0.5833203,0.8466797,0.6766797,-0.18332031,-2.3233204,-2.8633204,-2.2833204,-3.9733202,-2.5033202,-4.3433204,-3.6433203,-2.2533202,-0.9833203,-1.6333203,1.4166797,0.21667969,1.1266797,0.21667969,-2.1833203,-3.1833203,-2.7233202,-3.1133204
5.16668,3.3366797,4.6966796,7.3366795,6.6766796,6.4466796,5.2866797,1.5466797,2.7466798,0.4666797,0.32667968,-0.49332032,-0.03332031,-0.94332033,-0.3733203,0.9666797,1.3166797,0.29667968,-0.9733203,0.3666797,1.8266797,0.9266797,-2.4133203,-2.3533204,-0.8033203,-2.3233204,-1.7733203,-4.23332,-3.7133203,-3.1733203,-2.3433204,-1.1433203,-1.9033203,-1.5733203,0.14667968,-1.5633203,-0.24332032,-1.1833203,0.15667969,-2.4433203,-2.8233204
5.7166796,4.4466796,5.7866797,6.0266795,5.5566797,5.72668,5.6166797,5.95668,2.9766798,2.0866797,1.0866797,0.9666797,-0.08332031,0.68667966,1.3366797,2.0066798,1.8866796,0.93667966,0.3366797,0.7866797,2.4266796,2.4066796,0.9566797,1.4966797,0.12667969,-1.5833203,-0.8033203,-1.7733203,-1.3633204,-0.5133203,-2.1633203,-1.8933203,0.22667968,-1.0333203,-2.4333203,-1.6333203,-0.7833203,1.4666797,-2.0833204,1.4866797,1.4566797
6.6966796,6.9666796,6.49668,6.49668,5.87668,4.3666797,5.8366795,7.10668,5.41668,4.8366795,2.5466797,3.0966797,2.2566798,1.9566797,2.4466796,2.9066796,2.4366796,1.8766797,0.7166797,0.86667967,2.3766797,2.2266798,1.9466797,0.23667969,1.6066797,0.35667968,-0.23332031,-0.9533203,-0.5933203,-1.8333203,-1.4033203,-1.9433203,-2.8933203,-1.0833203,-2.8533204,-1.2233204,0.80667967,-0.42332032,-1.4633203,-1.6833203,-1.8933203
6.3366795,6.0766797,6.8366795,5.6166797,5.89668,5.70668,4.1366796,7.2166796,6.0466795,7.3866796,6.9066796,4.8866796,4.9066796,2.6266797,1.7366797,3.8866796,3.7866797,2.6566796,2.1366796,0.8266797,0.9266797,2.4166796,1.7966797,1.0466797,0.61667967,0.14667968,-0.11332031,-1.3833203,-0.15332031,-0.103320315,-0.2533203,-0.073320314,0.09667969,-0.8533203,-0.9033203,-0.87332034,-0.09332031,-2.1333203,-0.9633203,0.4366797,-1.4433203
4.8266797,4.9266796,5.24668,5.3866796,4.5266795,5.14668,4.9066796,5.0966797,6.01668,6.12668,7.9066796,8.34668,5.2966795,4.39668,4.10668,3.6166797,4.3466797,4.16668,3.0466797,1.7266797,2.6866796,1.8266797,2.1866796,1.5566797,1.3566797,0.9666797,0.5166797,-0.24332032,0.5866797,1.6866797,1.0466797,1.6666797,0.4966797,-1.5033203,-1.2433203,-1.3533204,-1.7433203,-0.073320314,-1.9133203,-0.27332032,-0.7333203
4.41668,4.72668,4.97668,4.16668,3.4566796,4.22668,4.5466795,4.72668,5.2366796,1.8266797,6.62668,7.8366795,7.6766796,8.27668,6.10668,5.97668,5.2966795,4.6766796,3.9166796,4.5666795,4.2566795,1.9766797,2.4166796,1.7066797,1.4266797,0.87667966,1.4266797,1.4466797,0.8266797,1.4366797,1.5166796,-0.26332033,-0.33332032,-1.0133203,-0.3133203,-1.6233203,-1.3133203,-0.2533203,-0.6833203,0.8266797,-0.9633203
2.2866797,3.1766796,2.5466797,2.7266798,3.5266798,3.6966796,3.7966797,5.1766796,4.1366796,4.6766796,4.4866796,6.26668,7.0566797,7.1966796,6.1966796,6.70668,6.5466795,5.8866796,4.7966795,4.2366796,4.0866795,3.4166796,3.1966796,2.5466797,2.4166796,2.3866796,0.6066797,2.1566796,1.8466797,1.2466797,0.32667968,-0.013320313,-0.08332031,-1.0033203,0.2466797,0.5966797,-0.5533203,-0.4433203,-0.2533203,-0.62332034,-0.62332034
1.2066797,1.3666797,2.9466796,2.4966798,2.2766798,2.2566798,3.0666797,4.22668,5.5266795,3.3766797,2.2766798,4.22668,4.9466796,7.26668,7.85668,7.74668,6.4066796,5.5966797,5.0666795,5.16668,5.1766796,4.8266797,4.26668,4.0366797,4.01668,2.3966796,1.7966797,1.6966797,1.4966797,1.0866797,0.68667966,0.3166797,0.29667968,-0.21332031,-0.30332032,-0.5733203,-0.2933203,-0.8333203,-1.3833203,-1.1633203,-1.1733203
2.2966797,2.1566796,1.5566797,2.6366796,2.2566798,2.5066798,2.8466797,3.3566797,3.0166798,3.6166797,2.8566797,2.9166796,6.1366796,5.0566797,7.4466796,6.1566796,6.3266797,5.49668,5.3466797,5.93668,6.45668,6.0766797,5.8666797,5.2166796,4.3266797,2.4166796,2.1266797,2.4966798,1.8266797,1.4066796,1.0866797,0.7366797,0.38667968,0.23667969,0.8466797,0.2866797,0.2766797,0.4366797,-1.2933203,-0.3733203,-1.1033204
1.9666797,2.8166797,3.2666798,1.6766797,1.8466797,2.8066797,3.2666798,3.5566797,3.9666796,4.0766797,2.9466796,4.4266796,4.3666797,3.4566796,4.8866796,6.35668,5.3066797,5.97668,6.12668,6.2966795,6.6966796,6.2566795,5.51668,5.5466795,4.37668,3.3266797,3.2566798,3.2066796,2.7066796,2.3366797,1.7566797,1.7666796,1.2966797,1.1166797,0.80667967,1.3866796,0.20667969,0.9066797,0.7966797,0.14667968,-1.6033204
