wind.json
{"header": {"discipline":0,"disciplineName":"Meteorological products","gribEdition":2,"gribLength":1125,"center":7,"centerName":"US National Weather Service - NCEP(WMC)","subcenter":0,"refTime":"2023-06-29T06:00:00.000Z","significanceOfRT":1,"significanceOfRTName":"Start of forecast","productStatus":0,"productStatusName":"Operational products","productType":1,"productTypeName":"Forecast products","productDefinitionTemplate":0,"productDefinitionTemplateName":"Analysis/forecast at horizontal level/layer at a point in time","parameterCategory":2,"parameterCategoryName":"UnknownDiscipline_0_Category_2","parameterNumber":2,"parameterNumberName":"UnknownParameter_D0_C2_2","parameterUnit":"Unknown","genProcessType":2,"genProcessTypeName":"Forecast","forecastTime":180,"surface1Type":103,"surface1TypeName":"Specified height level above ground","surface1Value":10.0,"surface2Type":255,"surface2TypeName":"Missing","surface2Value":0.0,"gridDefinitionTemplate":0,"gridDefinitionTemplateName":"Latitude_Longitude","numberPoints":688,"shape":6,"shapeName":"Earth spherical with radius of 6,371,229.0 m","gridUnits":"degrees","resolution":48,"winds":"true","scanMode":64,"nx":43,"ny":16,"basicAngle":0,"lo1":45.0,"la1":40.0,"lo2":87.0,"la2":55.0,"dx":1.0,"dy":1.0}, "data":
[rows 0 to 15 of 16, columns 0 to 42 of 43]
-5.235776,0.014224243,-0.83577573,-3.1057758,-7.045776,-0.94577575,1.5142243,1.3342242,0.38422424,3.1742241,5.784224,-0.7157757,-3.6757758,-2.6057758,-1.8157758,-2.1257758,-0.34577575,1.2542243,-1.5457758,0.124224246,-1.7857758,-1.3657757,-2.8257759,2.0742242,-0.35577574,-1.6757758,0.23422424,-0.12577575,-0.25577575,0.91422427,1.3242242,-0.73577577,-0.9157758,0.38422424,0.07422424,1.6242242,2.0842242,1.4642242,0.92422426,-0.6657758,-0.86577576,-2.7157757,-2.9557757
1.4942242,-3.6957757,-3.5357757,-0.76577574,2.8742242,3.9742243,2.7242243,2.4642243,5.1342244,4.0942245,-2.7457757,-2.3757758,-1.3357757,1.1442243,-3.2057757,-1.2557758,-1.9857757,-0.7257758,1.0642242,2.2442243,-2.3957758,-1.2457757,0.6442242,-0.99577576,1.5142243,0.39422426,3.8742242,3.2742243,-3.0657759,0.68422425,1.9542242,1.4942242,1.6642243,0.7142242,-0.36577576,1.7942243,-4.415776,-3.5757759,-3.3257759,0.6542242,1.9042243,-1.1657758,0.21422425
-1.0857757,-2.8657758,1.3642242,2.1042242,2.5442243,2.3642242,3.4742243,4.3242245,1.4342242,-0.51577574,0.34422424,-2.5557756,-2.2057757,-7.605776,-3.3757758,-0.5357758,0.56422424,1.0842242,2.6642241,-2.2257757,-0.26577577,1.6142242,2.1142242,-0.6657758,-0.38577574,-2.5457757,1.4442242,-0.03577576,-1.6757758,2.6542242,-1.3557757,-0.48577577,0.74422425,0.5342243,-0.41577575,-2.1557758,-0.69577575,0.19422424,-0.30577576,-3.2557757,-1.2157757,2.3242242,3.2642243
-0.86577576,0.05422424,-0.63577574,-0.6057758,0.6542242,1.2142242,1.1242242,-2.2957757,-2.3057756,1.1242242,-1.7857758,-0.35577574,-5.125776,-3.5757759,-1.5157758,0.50422424,0.20422424,2.1142242,2.9142241,0.6542242,-1.8957758,3.5942242,0.06422424,1.4842242,-1.6857758,-1.6457758,-0.70577574,2.5842242,1.4642242,-0.48577577,-6.5757756,0.5942242,0.07422424,2.1342242,-0.11577576,-1.0857757,-0.17577575,-1.7057757,1.2442242,-0.62577575,2.8242242,-1.1157757,1.2642243
-4.6557755,-3.3257759,-2.3957758,-1.2657758,-0.6657758,-0.95577574,-2.6457758,-2.0257757,1.6142242,1.1142242,0.6542242,2.5142243,-0.31577575,-1.8857758,3.6042242,3.3242242,2.5342243,2.9442244,3.9042242,4.1142244,0.54422426,2.8642242,3.3742242,0.97422427,1.4842242,-0.68577576,1.6242242,2.3842242,0.35422423,-0.73577577,0.5942242,1.3442242,-0.06577576,2.1242242,4.3842244,7.4242244,-0.88577574,-2.1157758,-0.70577574,0.94422424,0.17422424,1.2242242,3.7242243
-3.7057757,-3.3657758,-0.32577574,-0.47577575,1.7942243,1.8842243,1.8242242,1.5842242,2.4342241,4.284224,2.5142243,4.164224,-0.20577575,1.5142243,5.0642242,4.4042244,3.3842242,1.9942242,3.7842243,0.99422425,2.2442243,-0.63577574,-0.61577576,-2.4357758,-1.9357758,-0.7857758,-1.8857758,1.1042242,2.5242243,5.1542244,-0.9057758,1.3142242,3.2342243,1.7842243,-1.0157758,0.92422426,4.934224,3.5842242,3.9642243,9.684224,7.3442245,6.7942243,8.764224
-3.1557758,-5.045776,-0.7857758,3.1942244,4.5742245,5.534224,5.184224,4.9842243,3.9442244,0.75422424,1.0642242,1.2742243,0.56422424,0.17422424,-2.0357757,1.7942243,2.1742241,3.9742243,-0.18577576,0.68422425,-0.07577576,2.6242242,-0.18577576,1.0742242,0.5242242,-1.6457758,-0.48577577,2.2042243,3.2542243,-0.09577575,1.7742243,0.47422424,2.7742243,2.5642242,1.2342242,0.66422427,-0.49577576,-2.0357757,-0.37577575,1.3442242,10.174224,4.6742244,-5.4757757
-2.7957757,-2.0257757,-0.7957758,-0.95577574,-1.8957758,-0.70577574,-1.0057758,1.2342242,1.7742243,-0.085775755,-0.99577576,0.31422424,0.60422426,0.8442242,-1.9357758,-0.73577577,-0.56577575,0.62422425,-0.21577576,1.8142242,2.4742243,-0.49577576,0.20422424,-6.1157756,-4.1757755,-0.58577573,0.79422426,0.99422425,-3.0357757,-2.3257759,1.5742242,-1.2657758,-2.3057756,-0.77577573,2.3542242,-2.3857758,0.41422424,-1.1457758,-2.5057757,1.5042243,0.56422424,1.2842243,3.8042243
-2.5457757,-0.5457758,-0.46577576,-1.4757757,-1.2557758,-1.7757758,-0.50577575,0.38422424,1.1342243,-0.56577575,-0.57577574,-0.06577576,0.28422424,1.1542243,1.0142243,-1.9557757,-0.52577573,-0.61577576,0.8942242,3.2342243,0.13422424,-0.09577575,-1.3157758,-2.4657757,1.7142242,-0.76577574,-0.26577577,-1.1257758,-0.68577576,-9.525776,-7.6357756,-5.1157756,-6.2457757,-4.7057757,-4.3457756,-1.2657758,1.2742243,6.584224,6.184224,7.104224,4.3642244,5.6942244,-0.50577575
-2.4357758,-2.1657758,0.60422426,-0.55577576,-0.8457758,-0.6057758,-1.5457758,0.17422424,1.8542242,0.88422424,0.37422425,0.44422424,2.0242243,1.8842243,2.9642243,-2.9657757,0.36422426,1.2342242,1.3442242,0.10422424,-1.1657758,-0.77577573,-3.1957757,0.24422425,-2.5557756,-0.52577573,0.7142242,0.41422424,-2.8957758,-4.2057757,-0.63577574,-1.9957757,-1.8657757,-0.99577576,0.7142242,-0.10577576,0.32422423,3.7142243,0.68422425,-1.4357758,-1.4757757,0.94422424,-1.5157758
-1.4557757,-1.0157758,0.18422425,0.35422423,0.10422424,-0.055775758,0.50422424,0.18422425,0.06422424,-1.1257758,-0.03577576,-0.36577576,0.28422424,2.0742242,0.38422424,-0.24577576,0.36422426,1.4042243,-0.19577576,0.73422426,-0.5457758,-2.0457757,-0.73577577,0.98422426,-1.8357757,-2.8457758,1.8742242,1.3842243,2.3342242,0.6542242,2.3342242,2.1942244,1.3542242,1.9342242,2.8442242,-0.63577574,0.7142242,1.4042243,-1.8357757,-0.41577575,-1.5957757,0.034224242,-1.2057757
-0.34577575,0.86422426,1.4442242,1.2942243,0.8342242,1.5242243,1.0142243,0.8342242,2.1142242,0.88422424,0.7742242,0.32422423,1.9342242,1.6042242,2.8642242,-0.25577575,0.72422427,-2.0157757,-1.0257758,-2.8057756,-0.9057758,-2.3157759,-0.49577576,0.8342242,-2.9957757,-4.0757756,-2.8557758,-2.8357759,-1.9457757,-2.2257757,-3.2757757,-2.5857759,-2.2657757,-2.5357757,-2.5257757,-2.5057757,-3.1457758,-1.8257757,-1.4757757,-0.39577577,-0.56577575,0.7142242,-1.3857758
0.19422424,1.4442242,1.5342243,-0.06577576,0.024224244,0.91422427,1.4042243,1.1742243,-0.27577576,0.28422424,1.5642242,1.8642242,1.0042243,2.0542243,3.0742242,1.9442242,0.46422425,-1.2357757,-2.1557758,1.7042242,-2.7857757,-0.46577576,-0.48577577,-0.36577576,-3.1857758,-2.4157758,-2.7457757,-2.8457758,-3.0957758,-2.0057757,-1.8157758,-1.2657758,-1.7357757,-2.4657757,-1.8257757,-2.8157759,-2.1957757,-2.5557756,-1.5057758,-0.34577575,0.08422425,0.11422424,0.10422424
1.8642242,2.9742243,1.0242243,0.66422427,1.8042243,1.4942242,1.5142243,1.1442243,1.8042243,1.3442242,1.8042243,2.2342243,0.66422427,2.1142242,2.9442244,1.6042242,0.73422426,0.92422426,1.4642242,0.92422426,-0.42577577,-0.9657757,0.38422424,2.1342242,-0.13577576,-1.2257757,-2.2157757,-2.6257758,-2.9757757,-1.1957757,-1.3657757,-1.5957757,-0.95577574,-1.8357757,-3.6957757,-3.8557758,-2.9157758,-2.9157758,-1.0857757,-2.2757757,-3.0257757,-0.8457758,-1.0957757
-0.16577576,0.21422425,1.8742242,2.5542243,2.3542242,2.1542242,2.6642241,2.7942243,2.9742243,1.8142242,1.9942242,2.2442243,0.49422425,1.3842243,2.5042243,2.2242243,0.46422425,1.9242243,0.48422423,0.7142242,1.0842242,-2.3257759,-0.61577576,0.5842242,-0.39577577,-2.9457757,-1.5357758,-2.2457757,-1.9557757,-0.15577576,-0.43577576,-0.26577577,-3.6057758,-4.9757757,-3.4957757,-3.0257757,-2.1657758,-2.0757759,-2.1257758,-1.4157758,-1.5257758,-0.51577574,-0.47577575
0.27422425,1.6342243,1.7442242,3.0542243,5.084224,2.8242242,2.2242243,2.8342242,3.1142242,2.9142241,2.3542242,1.7042242,1.0842242,1.3542242,1.4842242,1.6342243,2.2842243,1.3342242,0.6442242,0.40422425,-0.6057758,-3.0057757,-2.9757757,3.8742242,3.5942242,0.22422424,-1.1257758,0.74422425,-2.8457758,-0.07577576,1.5042243,-1.8457757,-3.4257758,-4.215776,-3.4857757,-2.8957758,-2.5557756,-2.0557756,-1.7357757,-2.2557757,0.124224246,-1.7057757,-1.6257758
