wind_kz.json
{"header": {"discipline":0,"disciplineName":"Meteorological products","gribEdition":2,"gribLength":871,"center":7,"centerName":"US National Weather Service - NCEP(WMC)","subcenter":0,"refTime":"2023-09-23T18:00:00.000Z","significanceOfRT":1,"significanceOfRTName":"Start of forecast","productStatus":0,"productStatusName":"Operational products","productType":1,"productTypeName":"Forecast products","productDefinitionTemplate":0,"productDefinitionTemplateName":"Analysis/forecast at horizontal level/layer at a point in time","parameterCategory":0,"parameterCategoryName":"UnknownDiscipline_0_Category_0","parameterNumber":0,"parameterNumberName":"UnknownParameter_D0_C0_0","parameterUnit":"Unknown","genProcessType":2,"genProcessTypeName":"Forecast","forecastTime":300,"surface1Type":1,"surface1TypeName":"Ground or water surface","surface1Value":0.0,"surface2Type":255,"surface2TypeName":"Missing","surface2Value":0.0,"gridDefinitionTemplate":0,"gridDefinitionTemplateName":"Latitude_Longitude","numberPoints":615,"shape":6,"shapeName":"Earth spherical with radius of 6,371,229.0 m","gridUnits":"degrees","resolution":48,"winds":"true","scanMode":64,"nx":41,"ny":15,"basicAngle":0,"lo1":47.0,"la1":41.0,"lo2":87.0,"la2":55.0,"dx":1.0,"dy":1.0}, "data":
[rows 0 to 14 of 15, columns 0 to 40 of 41]
297.25388,287.85388,292.9539,292.85388,292.9539,292.35388,297.85388,300.75388,295.75388,297.9539,295.65387,296.25388,295.4539,295.85388,296.25388,296.85388,296.35388,297.25388,298.4539,298.25388,300.0539,298.4539,296.65387,292.85388,297.65387,293.85388,285.0539,276.9539,278.0539,278.9539,286.9539,285.4539,299.4539,305.85388,299.75388,295.9539,307.85388,308.75388,305.9539,313.5539,312.5539
274.0539,291.85388,292.35388,292.75388,292.5539,291.35388,299.5539,295.4539,294.5539,294.65387,295.65387,294.25388,295.4539,294.75388,295.9539,296.15387,297.15387,296.75388,295.0539,296.35388,300.85388,298.0539,298.9539,289.85388,274.25388,272.9539,281.4539,273.15387,278.85388,274.15387,281.75388,278.35388,288.25388,269.25388,273.15387,299.75388,298.65387,296.15387,307.75388,296.85388,284.5539
294.85388,292.0539,292.65387,292.25388,290.65387,295.5539,294.15387,294.15387,293.9539,293.65387,293.5539,294.35388,294.15387,294.9539,293.25388,295.65387,294.9539,294.35388,294.5539,295.0539,297.25388,299.5539,291.25388,282.85388,282.4539,280.9539,282.5539,281.9539,281.4539,275.25388,272.9539,273.15387,281.0539,288.5539,280.0539,278.9539,273.85388,279.0539,284.15387,279.85388,285.15387
297.0539,291.35388,292.35388,291.5539,291.85388,294.75388,292.4539,293.75388,294.5539,294.85388,294.4539,293.25388,289.85388,289.25388,293.4539,294.75388,293.15387,294.9539,293.9539,294.4539,291.85388,291.0539,292.85388,294.9539,293.5539,294.15387,295.85388,283.35388,280.85388,281.9539,282.9539,283.75388,291.65387,296.65387,293.65387,282.35388,274.0539,273.0539,287.35388,292.85388,295.65387
296.5539,290.85388,291.25388,290.25388,292.75388,293.9539,293.4539,295.0539,293.15387,292.4539,294.15387,294.35388,288.5539,287.4539,286.15387,293.25388,293.75388,292.4539,292.15387,291.25388,292.25388,292.4539,292.85388,291.65387,293.4539,294.15387,293.35388,291.35388,294.15387,289.9539,284.4539,281.75388,274.75388,271.65387,284.25388,287.35388,289.15387,301.5539,301.9539,301.75388,299.5539
295.9539,295.25388,289.4539,290.0539,290.25388,289.65387,294.4539,292.85388,292.85388,292.5539,291.25388,291.0539,288.85388,288.25388,290.35388,292.0539,291.0539,292.4539,290.9539,292.0539,291.5539,290.15387,288.9539,290.65387,290.75388,290.85388,291.65387,285.75388,290.35388,291.35388,292.35388,290.4539,281.0539,278.25388,277.75388,283.5539,280.15387,281.25388,288.75388,294.85388,294.4539
294.65387,295.9539,294.35388,295.0539,293.65387,295.4539,295.0539,291.4539,290.5539,291.15387,292.15387,290.0539,290.5539,291.4539,291.35388,290.35388,291.35388,290.35388,291.5539,290.85388,289.15387,288.25388,287.25388,286.65387,285.9539,287.0539,288.0539,288.4539,291.4539,290.25388,289.25388,289.25388,287.75388,287.65387,289.9539,283.35388,280.85388,278.15387,277.15387,277.75388,283.9539
294.25388,295.15387,294.9539,294.25388,294.0539,294.5539,294.35388,292.9539,292.15387,289.75388,290.0539,289.25388,291.4539,290.9539,292.65387,292.0539,289.85388,289.5539,287.9539,286.9539,286.75388,286.75388,285.9539,285.25388,284.35388,282.15387,282.75388,283.85388,283.15387,286.15387,285.0539,285.65387,282.0539,277.65387,278.75388,276.4539,278.0539,285.5539,280.5539,280.25388,279.5539
293.5539,293.15387,293.75388,294.35388,293.25388,293.85388,294.15387,293.35388,292.35388,291.85388,290.4539,288.65387,289.4539,291.4539,290.65387,291.4539,290.65387,291.25388,287.5539,287.35388,285.85388,284.4539,284.5539,283.65387,282.75388,282.15387,278.4539,277.85388,276.65387,275.0539,275.0539,274.25388,276.25388,277.25388,277.25388,275.9539,281.65387,273.85388,273.65387,273.9539,273.85388
292.75388,292.75388,293.15387,293.0539,293.65387,294.0539,293.0539,292.35388,291.5539,290.85388,289.65387,288.25388,289.15387,289.15387,287.85388,288.15387,288.0539,288.9539,288.75388,288.65387,285.9539,285.25388,285.4539,285.15387,284.35388,282.5539,281.85388,279.4539,272.9539,271.85388,271.9539,274.5539,277.0539,278.15387,278.65387,277.85388,273.5539,276.65387,273.65387,275.65387,274.5539
291.0539,291.35388,290.9539,291.0539,291.65387,292.25388,291.9539,290.9539,289.9539,289.85388,288.0539,284.65387,287.25388,285.85388,287.5539,286.4539,286.35388,286.25388,286.5539,284.9539,286.15387,285.65387,284.15387,284.35388,282.65387,282.25388,278.75388,280.9539,280.85388,281.35388,280.4539,277.4539,276.35388,275.4539,276.5539,274.85388,270.75388,271.65387,274.65387,273.0539,272.75388
289.5539,290.5539,291.0539,290.5539,290.4539,289.85388,289.4539,289.0539,286.75388,284.25388,279.4539,279.0539,284.35388,281.9539,283.25388,284.25388,284.65387,283.4539,283.9539,283.75388,282.9539,282.35388,282.4539,283.25388,281.65387,282.25388,281.65387,282.35388,282.4539,282.0539,281.35388,279.35388,275.9539,275.9539,275.4539,277.0539,277.5539,275.35388,273.25388,274.65387,273.4539
287.5539,288.75388,289.5539,289.65387,289.0539,288.75388,288.4539,282.85388,287.85388,282.4539,280.5539,279.75388,277.65387,277.25388,280.5539,282.35388,280.9539,281.15387,282.0539,282.0539,282.0539,281.75388,281.25388,280.4539,281.35388,281.65387,282.4539,281.5539,281.65387,281.5539,281.75388,280.75388,278.85388,277.9539,276.5539,275.9539,276.9539,275.25388,277.25388,275.35388,275.85388
288.75388,289.4539,287.85388,289.75388,289.5539,288.9539,287.9539,287.25388,283.0539,281.75388,278.65387,275.85388,280.65387,276.4539,277.0539,278.35388,279.35388,278.75388,280.65387,280.85388,281.35388,281.5539,282.15387,281.75388,281.4539,281.9539,281.35388,280.75388,279.9539,280.4539,280.5539,277.4539,276.9539,275.35388,276.75388,275.9539,275.9539,276.5539,276.25388,275.5539,277.5539
288.35388,290.15387,285.15387,289.75388,289.5539,288.9539,288.9539,289.35388,288.15387,286.5539,280.65387,279.65387,278.15387,278.35388,276.15387,276.35388,278.65387,277.85388,280.75388,279.9539,280.65387,281.15387,281.65387,281.15387,280.85388,280.25388,280.4539,279.4539,279.0539,278.75388,278.75388,280.75388,277.35388,275.65387,275.65387,276.65387,277.75388,276.25388,277.35388,278.0539,276.15387
