wind.json
{"header": {"discipline":0,"disciplineName":"Meteorological products","gribEdition":2,"gribLength":1211,"center":7,"centerName":"US National Weather Service - NCEP(WMC)","subcenter":0,"refTime":"2023-06-28T00:00:00.000Z","significanceOfRT":1,"significanceOfRTName":"Start of forecast","productStatus":0,"productStatusName":"Operational products","productType":1,"productTypeName":"Forecast products","productDefinitionTemplate":0,"productDefinitionTemplateName":"Analysis/forecast at horizontal level/layer at a point in time","parameterCategory":2,"parameterCategoryName":"UnknownDiscipline_0_Category_2","parameterNumber":2,"parameterNumberName":"UnknownParameter_D0_C2_2","parameterUnit":"Unknown","genProcessType":2,"genProcessTypeName":"Forecast","forecastTime":0,"surface1Type":103,"surface1TypeName":"Specified height level above ground","surface1Value":10.0,"surface2Type":255,"surface2TypeName":"Missing","surface2Value":0.0,"gridDefinitionTemplate":0,"gridDefinitionTemplateName":"Latitude_Longitude","numberPoints":688,"shape":6,"shapeName":"Earth spherical with radius of 6,371,229.0 m","gridUnits":"degrees","resolution":48,"winds":"true","scanMode":64,"nx":43,"ny":16,"basicAngle":0,"lo1":45.0,"la1":40.0,"lo2":87.0,"la2":55.0,"dx":1.0,"dy":1.0}, "data":
[rows 0 to 15 of 16, columns 0 to 42 of 43]
-2.4828858,0.06711426,1.3871143,-0.012885742,0.0071142577,-0.83288574,2.1971142,3.2671142,1.5071143,-0.5428857,-2.4728858,-7.9328856,-8.182886,-8.332886,-7.942886,-6.6228857,-5.542886,-3.6628857,-3.3528857,-4.9528856,-3.1028857,-1.8728857,-2.8928857,3.3371143,1.5571142,0.06711426,0.27711427,-0.08288574,0.8271143,0.21711425,0.46711427,0.91711426,-0.42288575,-0.28288573,-1.2228857,-2.9928858,-2.5028858,-2.6128857,-3.4028857,-3.2428858,-1.8228858,-0.32288575,-0.78288573
1.5671142,6.557114,-0.41288576,-1.8528857,2.6571143,5.6071143,5.727114,5.7571144,4.0471144,1.0371143,-8.432886,-5.5728855,-6.2428856,-7.272886,-6.7428856,-5.612886,-4.632886,-3.6228857,-3.0528858,-3.2228858,-4.022886,-2.0428858,0.98711425,0.78711426,-0.63288575,-0.9828857,1.1871142,-3.2928858,-3.0128858,0.08711426,1.0571142,0.23711425,-1.3428857,1.8871143,0.08711426,0.7071143,-2.4428856,-2.2028856,-1.7728858,-1.9428858,-1.8728857,-2.6728857,-4.0328856
2.2371142,-2.7328858,1.2271142,2.8471143,3.5171142,5.7771144,7.7171144,4.7371144,-7.1828856,-8.8228855,-5.7628856,-6.3528857,-5.022886,-6.172886,-4.6628857,-3.5328858,-3.5428858,-2.6028857,-1.2728858,-3.9428856,-3.2828858,-1.5328858,-0.34288573,-1.7128857,-1.0628858,-2.5628858,1.7671143,1.5971142,-0.52288574,1.3071142,-0.48288575,-0.19288574,0.99711424,-0.33288574,0.56711423,-2.3428857,0.38711426,-0.21288574,-0.75288576,0.7071143,-0.63288575,1.5671142,-0.08288574
0.54711425,0.36711425,3.0671144,5.6971145,4.5671144,4.6971145,3.0971143,-5.5728855,-7.0328856,-4.1428857,-6.002886,-4.1628857,-4.6028857,-4.4728856,-3.7528858,-3.9828858,-3.9828858,-2.5728858,-4.882886,-3.7728858,-3.2528858,-2.7928858,-0.36288574,-0.7928857,-5.252886,-3.4828858,2.3671143,2.3471143,3.5171142,3.6271143,-1.0028857,-0.27288574,-0.42288575,2.2471142,-0.69288576,0.17711426,0.9571143,-0.24288574,-0.9128857,0.33711424,1.0271143,1.2571143,2.2871141
2.8271143,5.907114,2.9071143,5.4171143,3.0271142,2.2671142,-3.0628858,-6.5128856,-2.2028856,-6.652886,-2.5428858,-3.6328857,-3.4128857,-3.9428856,-4.4928856,-4.4128857,-3.3228858,-4.152886,-4.1828856,-3.1628857,-3.4428856,-2.1028857,-1.7128857,-2.4128857,1.9171143,0.90711427,1.8571143,2.2871141,2.3471143,0.66711426,2.5571144,2.3771143,2.8271143,0.40711427,-1.5328858,-2.2128859,-2.5828857,-2.0528858,-2.3328857,2.4671142,1.8271142,1.1171143,0.7771143
3.6071143,4.307114,2.6671143,1.7871143,-0.38288575,-5.4328856,-5.252886,-4.2028856,-5.0528855,-2.4528856,-3.3428857,-3.9328856,-2.4128857,-1.1428857,-2.1028857,-4.8328857,-5.882886,-3.5828857,-2.7428858,-1.6628858,-0.90288574,-1.3728857,-0.6628857,0.39711425,0.8371143,1.8771143,2.8771143,2.5471144,2.9371142,3.9771142,3.0271142,3.2171142,3.8571143,1.6171143,-0.28288573,0.027114257,2.6471143,0.8371143,-1.9028858,-2.3028858,-2.2328858,-2.1528857,-3.5228858
4.6671143,5.747114,0.22711426,0.19711426,-0.84288573,-1.9828857,-3.1228857,-2.4328856,-1.9728857,-3.0328858,-3.3728857,-2.8228858,-4.422886,-5.2628856,-4.7428856,-5.382886,-4.1228857,-2.5428858,-1.6528858,-1.5028857,0.20711426,0.87711424,1.9671142,2.3171144,2.9071143,3.1371143,3.6571143,3.1171143,3.3271143,5.577114,4.6971145,5.307114,4.8571143,4.4671144,3.2271142,2.2371142,1.7471143,2.4971142,0.59711426,-1.6428857,0.39711425,-2.1928856,-3.2628858
4.9171143,4.5471144,0.7071143,1.3671143,1.5071143,0.8271143,0.13711426,-3.7628858,-4.3128858,-3.7628858,-3.5328858,-4.2028856,-3.5528858,-3.5628858,-2.6628857,-2.1728857,-1.8428857,-2.0428858,-1.8628857,-0.29288575,1.1271143,2.6571143,2.7371142,3.5871143,3.8971143,4.4471145,4.9371142,4.997114,5.4271145,5.5271144,4.9371142,3.7771142,5.157114,4.9471145,5.307114,2.2971144,-1.2228857,-1.7828858,1.1471143,1.6471143,-2.6128857,2.5771143,-0.03288574
5.2171144,1.9171143,1.0971142,3.0371141,1.7271142,-2.9628859,-5.522886,-5.292886,-4.5128856,-3.1828856,-2.7028856,-3.2728858,-2.5928857,-2.4528856,-1.3628857,-0.49288574,-1.1428857,0.40711427,0.7071143,1.3871143,1.9471142,2.1271143,4.2571144,3.5871143,4.517114,5.767114,6.887114,7.1071143,8.127114,8.107114,7.407114,5.1071143,5.577114,5.9671144,3.5271142,2.5571144,3.6571143,1.3871143,1.1971142,-7.752886,-7.8328857,-9.652885,-3.1628857
1.8071142,0.42711425,1.7971143,-2.2128859,-3.7828858,-5.172886,-5.6028857,-3.8028858,-3.9728858,-3.3228858,-2.9628859,-0.82288575,0.22711426,-1.0628858,0.027114257,-0.24288574,0.97711426,2.1771142,1.8971143,2.2171142,2.6671143,2.9971142,4.0871143,5.977114,6.517114,7.387114,7.6071143,7.787114,7.9371142,7.9371142,8.197114,8.407114,7.5471144,6.8771143,7.457114,1.8571143,0.24711426,-1.1328857,0.7671143,-3.2828858,-2.4628859,-1.5128857,-2.7228858
-2.6128857,-2.8428857,-7.0728855,-3.4128857,-5.652886,-4.5628858,-2.8028858,-2.6928856,-2.4928858,-1.8628857,-1.5028857,-0.25288573,0.03711426,1.8971143,2.8771143,2.6671143,2.8471143,3.3271143,2.9071143,3.1671143,3.1271143,3.9371142,5.7371144,6.787114,7.4871144,7.6971145,7.867114,8.337114,8.757114,9.007114,11.167114,9.607114,8.747114,7.577114,6.7771144,4.9471145,1.7471143,1.1771142,-1.6728858,-0.59288573,0.54711425,-0.83288574,-1.7028857
-6.212886,-4.232886,-5.792886,-0.94288576,-1.3028858,-2.7528858,-2.4928858,-1.6128857,-1.0928857,-0.9128857,-0.78288573,-0.11288574,0.6471143,1.6071143,3.4071143,2.4871142,4.1871142,3.8971143,3.1371143,4.2971144,3.4271142,4.4171143,5.537114,6.3571143,7.4671144,7.2171144,7.0271144,8.017115,8.327114,8.867114,8.887115,9.217114,9.877114,8.097115,8.087114,4.977114,4.3771143,-1.4328858,-0.59288573,-1.4528857,-0.9228857,-0.002885742,-1.7328857
-5.7628856,-1.2328857,-2.1428857,-1.7828858,-3.0828857,-2.5328858,-1.7528857,0.11711426,0.12711425,0.36711425,0.78711426,-0.022885742,-0.49288574,1.2771143,1.7671143,2.2871141,4.137114,3.0571144,3.6071143,4.477114,3.1071143,4.5271144,4.9871144,5.6871142,5.5271144,5.327114,6.4371142,6.6971145,6.6271143,9.007114,7.9671144,8.4271145,6.2971144,5.0471144,4.597114,3.2871141,2.7871141,1.4471142,0.09711426,0.73711425,-2.5128858,0.60711426,0.017114257
-0.51288575,0.20711426,-2.3428857,-1.6528858,-1.1328857,-1.1728858,-0.102885745,0.62711424,0.55711424,0.8371143,1.9471142,-0.23288575,0.077114254,1.4771142,2.0771143,2.8871143,3.0871143,3.7971144,2.8371143,3.6971142,3.6571143,3.9671142,4.267114,4.977114,4.7371144,6.077114,6.9171143,7.477114,7.957114,6.6671143,5.307114,3.2171142,2.6571143,2.6271143,2.2971144,1.7571143,0.86711425,1.4271142,0.59711426,0.53711426,3.0071142,3.5671144,1.2871143
-3.0328858,-0.82288575,-0.88288575,0.027114257,1.1371143,1.7971143,1.1271143,0.47711426,0.9471142,1.0071143,1.4371142,1.0471143,0.22711426,0.80711424,2.1071143,2.8571143,3.0571144,2.5071142,2.8371143,3.2371142,2.6071143,3.1971142,3.6971142,4.077114,4.6471143,4.6971145,4.9171143,4.2971144,3.6871142,3.5071142,3.6871142,2.4971142,1.8171142,-0.09288574,-1.2528857,-1.8228858,-0.94288576,-0.99288577,-2.0128858,-0.06288574,1.7071142,4.747114,2.4571142
-0.57288575,0.42711425,-0.37288573,-0.51288575,1.0171143,0.92711425,1.7271142,1.2471143,1.8171142,1.2971143,1.9071143,1.4771142,0.44711426,1.2971143,1.2771143,2.0571144,2.6571143,2.2971144,2.4871142,3.0371141,2.8571143,2.4971142,2.8471143,2.8971143,3.1971142,3.7871141,3.7271142,4.0871143,3.2671142,2.0971143,0.9571143,0.28711426,1.7371143,0.90711427,0.22711426,-1.0528858,-2.7428858,0.15711425,-1.3428857,-0.6628857,5.347114,-0.8028858,-0.43288574
