wind_kz.json
{"header": {"discipline":0,"disciplineName":"Meteorological products","gribEdition":2,"gribLength":1025,"center":7,"centerName":"US National Weather Service - NCEP(WMC)","subcenter":0,"refTime":"2023-10-02T18:00:00.000Z","significanceOfRT":1,"significanceOfRTName":"Start of forecast","productStatus":0,"productStatusName":"Operational products","productType":1,"productTypeName":"Forecast products","productDefinitionTemplate":0,"productDefinitionTemplateName":"Analysis/forecast at horizontal level/layer at a point in time","parameterCategory":2,"parameterCategoryName":"UnknownDiscipline_0_Category_2","parameterNumber":2,"parameterNumberName":"UnknownParameter_D0_C2_2","parameterUnit":"Unknown","genProcessType":2,"genProcessTypeName":"Forecast","forecastTime":180,"surface1Type":103,"surface1TypeName":"Specified height level above ground","surface1Value":10.0,"surface2Type":255,"surface2TypeName":"Missing","surface2Value":0.0,"gridDefinitionTemplate":0,"gridDefinitionTemplateName":"Latitude_Longitude","numberPoints":615,"shape":6,"shapeName":"Earth spherical with radius of 6,371,229.0 m","gridUnits":"degrees","resolution":48,"winds":"true","scanMode":64,"nx":41,"ny":15,"basicAngle":0,"lo1":47.0,"la1":41.0,"lo2":87.0,"la2":55.0,"dx":1.0,"dy":1.0}, "data":
[rows 0 to 14 of 15, columns 0 to 40 of 41]
-2.7784686,0.09153137,1.5515313,3.5615313,3.0915313,4.401531,5.2615314,3.4315314,2.7115314,-0.088468626,-2.2684686,-3.6884687,-4.5084686,-4.3684688,-4.5884686,-4.6984687,-5.038469,-6.078469,-6.8184686,-7.2484684,-5.0684686,-1.5084686,-0.06846863,0.52153134,-2.8484685,-1.4584687,1.0015314,2.7315314,1.7815313,1.1615313,1.1115314,1.9715314,2.7115314,5.3715315,-0.5084686,3.9415314,1.5515313,-0.44846863,-0.60846865,-1.5984687,0.081531376
2.8515313,-0.21846862,2.4515314,1.1915314,0.81153136,1.4315314,-1.5884687,1.2515314,1.0615314,-0.6584686,-1.2184687,-2.2984686,-3.0384686,-3.6584687,-3.2184687,-3.8384686,-4.2084684,-4.9784684,-4.2384686,-4.4784684,-4.4384685,-3.2784686,-0.99846864,0.16153137,0.021531371,-0.088468626,0.0015313721,1.7715313,3.6715314,2.3315313,2.4915314,1.6115314,-1.7384686,1.1415313,0.05153137,-2.3084686,-0.30846864,-1.3284687,3.2915313,-0.97846866,-0.35846862
0.7915314,2.6415315,0.24153137,0.03153137,-0.62846863,-0.9584686,-3.2084687,0.05153137,1.3515314,-0.7584686,0.31153136,-2.1984687,-1.8284687,-2.8784685,-2.8584685,-2.2384686,-1.3284687,-1.9884686,-1.2984686,-1.4984686,-3.1284685,-3.3084686,-2.3684685,-3.6484687,-2.4284687,-2.5984685,-2.1384687,-1.7884686,-0.73846865,-0.9684686,1.8615314,0.16153137,0.6715314,-0.21846862,-4.558469,-0.8484686,-0.7684686,-0.5884686,-1.3384687,-1.3484687,-0.81846863
2.5415313,1.1915314,2.2015314,2.0715313,1.2815313,-0.79846865,1.8315314,1.1215314,1.5715314,2.6815314,-0.05846863,-0.5784686,-1.3184686,-2.3484685,-2.1784687,-2.0384686,-2.2484686,-1.6584686,-1.3384687,-1.7184687,-0.62846863,-0.16846862,-4.0284686,-3.7584686,-2.3484685,-1.3084686,-1.0184686,0.26153138,-0.34846863,-1.7884686,0.6615314,2.5615313,4.421531,5.9115314,6.8915315,3.8915315,1.0315313,-0.36846864,-1.4584687,-0.10846863,0.28153136
-0.06846863,2.8215313,2.9815314,3.2115314,2.5215313,2.9715314,3.2515314,2.3715315,3.1015313,3.5515313,3.1915314,2.4815314,-0.44846863,-1.1584686,-1.7284687,-1.5084686,-1.0284686,-0.41846862,-0.17846863,-1.1384686,-1.0684686,-2.7984686,-2.7184687,-2.3484685,-2.4784687,-2.0684686,-0.86846864,-1.0884687,0.7115314,2.0815313,1.3515314,-3.5884686,2.0215313,-2.2084687,-1.4584687,-0.26846862,-0.16846862,-0.80846864,-0.62846863,-0.21846862,-0.60846865
2.6415315,3.9015315,4.7615314,5.7215314,6.1015315,5.8615313,3.7515314,2.7615314,2.9615314,3.7415314,4.0815315,4.3715315,0.9015314,-0.018468628,0.7215314,0.29153138,0.5915314,1.0915314,0.9815314,-0.60846865,0.51153135,0.38153136,-0.93846864,-0.20846863,0.081531376,1.6515313,2.3115313,1.6615313,2.9115314,2.8115313,1.8215314,2.9415314,4.5515313,4.1015315,3.9015315,4.6615314,-0.28846863,1.8615314,0.16153137,-0.22846863,-2.0684686
5.0815315,4.7615314,4.5815315,4.941531,5.8815312,5.7915316,3.6515315,2.9915314,3.7215314,2.7715313,3.7215314,4.8215313,4.1215315,2.8215313,3.6215315,2.0515313,1.6015314,2.2915313,1.6515313,1.5815314,1.6915314,1.1515313,1.1015314,1.1915314,0.6615314,1.2715313,0.11153137,1.4115313,1.7815313,1.9515314,3.5615313,3.8915315,4.8215313,4.941531,5.7515316,0.9115314,-0.18846864,0.6115314,2.3615313,0.3515314,-0.12846863
6.2615314,6.3015313,6.441531,5.8815312,6.191531,6.191531,6.0115314,6.0715313,5.2715316,5.1215315,3.8715315,4.5315313,4.4915314,5.8315315,5.2715316,3.8515313,2.4515314,1.8215314,2.1515315,2.6215315,1.8715314,1.4215313,2.3415313,2.9315314,3.6115313,3.5315313,3.0415313,1.5015314,1.5315313,1.3615314,1.3515314,2.1115313,2.3615313,2.8315313,1.9215313,0.5415314,-0.8284686,1.7215314,2.7815313,2.1615314,2.9515314
6.691531,6.981531,6.9315314,7.0115314,7.0415316,7.3015313,6.3015313,7.0315313,7.5815315,6.2615314,5.8715315,5.6315312,4.4715314,5.2615314,6.3815312,4.981531,4.0115314,2.8315313,3.3315313,3.8315313,4.401531,3.7615314,4.0415316,3.8815315,3.9915314,4.2515316,3.3315313,2.3115313,1.8415314,1.5515313,0.49153137,-0.20846863,0.09153137,0.26153138,2.1115313,-1.0584686,0.27153137,0.8015314,2.0515313,0.52153134,1.2015314
7.0415316,7.651531,7.941531,8.071531,8.011532,7.5215316,7.8615313,7.8415313,7.6015315,7.8015313,7.0615315,7.5215316,6.3815312,5.3415313,6.711531,6.0815315,5.5915313,4.6115313,3.9315314,4.0215316,5.9915314,5.2715316,4.401531,4.3015313,4.2615314,3.6115313,3.3015313,2.8315313,2.1515315,2.8815315,0.49153137,-0.028468627,-2.1384687,-1.8284687,-1.0984687,-1.8784686,-0.4284686,0.121531375,1.7015314,0.6515314,-0.38846862
8.181531,8.751532,8.981531,9.041532,8.451531,8.001532,7.9515314,8.231531,7.8915315,7.8715315,7.8515315,8.101531,7.2615314,8.391531,6.7215314,6.4915314,5.8915315,6.3815312,4.5215316,4.481531,5.5215316,5.0415316,4.6415315,4.3615313,3.8015313,3.2215314,4.8415313,3.9115314,3.1015313,1.2215314,1.2915313,0.7815314,0.62153137,0.27153137,-0.99846864,-1.5884687,-0.29846862,0.7315314,0.23153137,-0.25846863,1.0115314
8.521531,8.611531,8.501532,7.8615313,9.101531,9.291532,8.961532,8.471531,7.8415313,7.401531,7.5615315,8.691531,8.091532,8.391531,8.611531,7.6015315,7.711531,5.9915314,4.3915315,4.6415315,4.2715316,4.651531,3.9115314,3.3315313,4.481531,4.5015316,4.2515316,4.6215315,3.7215314,1.7515314,0.46153137,1.1715313,1.5615314,1.0815314,-0.93846864,-1.2384686,0.30153137,1.1015314,0.42153138,0.07153137,-0.28846863
6.5315313,8.571531,8.071531,8.411531,8.071531,6.2515316,7.6415315,8.831532,10.401531,6.9115314,5.6415315,7.1615314,8.051532,8.711532,8.341532,8.341532,6.8315315,4.8715315,3.9515314,4.3215313,3.4215314,3.6715314,3.7215314,3.6515315,4.2515316,6.1315312,4.3815312,3.5815313,3.0115314,2.6515315,2.0215313,1.6515313,2.4115314,1.3215314,0.5915314,-0.40846863,0.5515314,0.94153136,1.0115314,-0.25846863,-0.49846864
7.231531,8.181531,8.961532,9.041532,8.151531,8.631532,8.771531,8.661531,7.5915313,7.211531,4.6015315,5.421531,7.481531,8.551532,8.431531,8.131532,8.201531,6.7515316,3.8515313,4.6015315,4.6115313,4.5215316,4.3415313,4.5715313,3.8715315,3.8215313,3.7215314,2.6715314,2.7315314,2.1315315,2.0115314,2.2215314,0.9215314,2.1815314,0.51153135,0.36153138,0.49153137,0.9615314,1.1515313,1.0415313,-0.33846864
5.8015313,7.5315313,10.391531,7.7815313,7.3415313,7.5515313,8.611531,8.431531,8.811531,7.961531,4.8815312,7.8715315,5.5115314,4.6615314,8.001532,7.7615314,8.1215315,8.151531,8.001532,5.3615313,5.0915313,4.0915313,3.5815313,3.7715313,2.9815314,2.5515313,1.7015314,2.1115313,2.1015313,1.6915314,1.0915314,2.0715313,2.6115313,2.3515313,1.0015314,1.0515313,0.43153137,1.5815314,1.0915314,0.42153138,-0.30846864
