wind_kz.json
{"header": {"discipline":0,"disciplineName":"Meteorological products","gribEdition":2,"gribLength":871,"center":7,"centerName":"US National Weather Service - NCEP(WMC)","subcenter":0,"refTime":"2023-09-08T18:00:00.000Z","significanceOfRT":1,"significanceOfRTName":"Start of forecast","productStatus":0,"productStatusName":"Operational products","productType":1,"productTypeName":"Forecast products","productDefinitionTemplate":0,"productDefinitionTemplateName":"Analysis/forecast at horizontal level/layer at a point in time","parameterCategory":0,"parameterCategoryName":"UnknownDiscipline_0_Category_0","parameterNumber":0,"parameterNumberName":"UnknownParameter_D0_C0_0","parameterUnit":"Unknown","genProcessType":2,"genProcessTypeName":"Forecast","forecastTime":0,"surface1Type":1,"surface1TypeName":"Ground or water surface","surface1Value":0.0,"surface2Type":255,"surface2TypeName":"Missing","surface2Value":0.0,"gridDefinitionTemplate":0,"gridDefinitionTemplateName":"Latitude_Longitude","numberPoints":615,"shape":6,"shapeName":"Earth spherical with radius of 6,371,229.0 m","gridUnits":"degrees","resolution":48,"winds":"true","scanMode":64,"nx":41,"ny":15,"basicAngle":0,"lo1":47.0,"la1":41.0,"lo2":87.0,"la2":55.0,"dx":1.0,"dy":1.0}, "data":
[rows 0 to 14 of 15, columns 0 to 40 of 41]
293.53662,285.03662,289.63663,298.4366,298.23663,296.9366,297.4366,299.13663,296.73663,297.63663,296.03662,297.23663,296.4366,296.53662,296.9366,295.4366,296.4366,297.13663,296.53662,298.8366,300.73663,295.13663,294.23663,291.03662,292.13663,292.63663,289.4366,277.63663,276.63663,277.13663,275.8366,277.3366,288.53662,294.3366,294.8366,295.9366,295.4366,296.13663,296.03662,296.3366,296.03662
277.23663,288.63663,297.9366,298.13663,297.9366,296.03662,296.53662,297.13663,295.9366,296.13663,296.8366,296.03662,295.03662,293.13663,292.8366,293.63663,294.53662,294.23663,293.73663,295.8366,295.53662,297.03662,295.73663,286.23663,277.4366,274.23663,281.13663,274.8366,275.4366,273.4366,281.3366,272.3366,279.23663,258.63663,276.9366,293.53662,292.23663,294.23663,297.73663,289.3366,284.03662
290.53662,297.4366,298.4366,298.03662,295.53662,294.13663,294.63663,294.3366,293.9366,294.03662,293.73663,295.13663,292.53662,292.8366,293.13663,290.3366,291.03662,291.73663,292.13663,292.23663,294.03662,295.8366,296.13663,290.63663,293.13663,292.23663,292.63663,291.8366,290.53662,282.53662,277.03662,277.13663,280.63663,282.13663,284.9366,282.4366,276.23663,277.13663,279.03662,276.53662,275.03662
286.23663,296.8366,297.63663,296.9366,293.3366,289.53662,289.9366,289.63663,290.9366,291.3366,292.4366,292.73663,294.23663,293.4366,293.3366,293.4366,293.13663,292.4366,294.53662,292.53662,293.13663,290.73663,295.73663,297.53662,297.13663,295.9366,294.63663,292.4366,291.23663,292.3366,293.3366,291.63663,294.13663,291.13663,291.8366,288.8366,274.9366,274.63663,280.53662,288.3366,294.4366
290.53662,294.73663,295.9366,294.8366,292.8366,289.9366,290.4366,290.13663,289.8366,290.8366,290.63663,290.4366,293.53662,292.23663,290.4366,294.03662,294.4366,293.23663,290.8366,294.8366,295.9366,296.63663,295.53662,294.8366,295.53662,294.23663,293.4366,292.13663,291.53662,291.3366,293.03662,288.9366,278.73663,274.73663,280.3366,289.8366,292.53662,292.4366,293.53662,294.03662,295.3366
287.8366,285.8366,294.13663,293.53662,293.9366,293.4366,290.23663,291.3366,290.13663,290.4366,290.4366,290.73663,292.53662,293.3366,292.63663,292.9366,295.53662,293.53662,294.4366,294.63663,294.23663,293.73663,293.73663,293.13663,291.9366,288.8366,289.73663,291.73663,291.8366,292.73663,290.23663,291.63663,289.13663,286.73663,284.9366,289.03662,280.8366,283.3366,290.3366,292.23663,291.23663
289.4366,288.13663,290.73663,290.4366,290.4366,288.23663,290.4366,289.73663,290.23663,290.13663,288.3366,287.9366,287.8366,288.9366,290.23663,292.63663,293.63663,294.3366,293.13663,291.9366,291.8366,292.13663,292.9366,292.63663,290.8366,290.3366,289.8366,290.3366,288.8366,289.13663,289.53662,287.63663,288.23663,289.03662,287.3366,286.23663,281.23663,281.63663,279.63663,276.23663,285.8366
288.53662,286.4366,287.53662,288.73663,289.73663,289.53662,288.9366,287.73663,287.13663,287.03662,286.4366,286.8366,286.3366,287.73663,290.23663,291.63663,290.3366,292.4366,292.03662,288.3366,288.13663,289.13663,290.4366,288.73663,289.63663,287.4366,284.63663,286.63663,285.63663,290.53662,287.4366,287.8366,286.03662,282.13663,280.63663,282.53662,283.73663,289.23663,282.9366,285.23663,283.3366
284.3366,283.13663,284.73663,283.9366,286.73663,286.3366,284.9366,287.8366,288.23663,285.23663,284.9366,284.9366,284.73663,286.8366,288.3366,288.4366,290.03662,291.8366,290.73663,288.3366,288.3366,288.53662,288.23663,288.53662,287.13663,288.03662,286.73663,285.63663,285.63663,282.23663,281.53662,281.73663,286.63663,285.4366,283.53662,280.9366,280.23663,279.3366,274.03662,276.03662,274.8366
281.4366,282.73663,282.13663,283.63663,283.4366,282.73663,282.13663,284.13663,286.9366,285.13663,285.3366,283.03662,284.4366,285.63663,287.8366,288.3366,289.23663,290.9366,289.3366,290.4366,289.63663,288.73663,288.03662,289.23663,288.73663,284.63663,286.4366,286.9366,284.73663,281.9366,284.73663,287.9366,287.9366,286.9366,284.8366,281.53662,279.53662,274.63663,268.23663,275.73663,275.03662
283.3366,284.9366,285.73663,280.63663,283.63663,281.73663,284.23663,284.23663,282.8366,283.9366,281.8366,282.4366,285.63663,285.03662,286.73663,288.23663,288.9366,288.9366,290.9366,289.73663,289.8366,288.9366,286.73663,288.23663,287.13663,284.8366,286.13663,288.8366,285.8366,286.13663,289.03662,290.13663,289.63663,289.53662,289.23663,285.3366,278.23663,273.53662,272.73663,275.13663,275.23663
282.23663,282.23663,280.9366,280.13663,279.9366,280.9366,280.4366,284.03662,284.3366,281.4366,282.03662,282.9366,284.4366,284.13663,285.13663,286.9366,288.53662,288.23663,289.13663,287.63663,286.3366,285.3366,287.4366,287.3366,284.8366,286.73663,288.23663,289.03662,286.4366,285.73663,284.4366,287.4366,288.53662,283.8366,285.23663,283.03662,282.8366,281.23663,282.8366,280.3366,281.8366
281.9366,281.3366,281.03662,282.73663,282.8366,280.53662,279.63663,281.53662,281.8366,282.03662,281.73663,281.3366,284.13663,284.8366,285.13663,285.4366,286.4366,286.63663,287.53662,286.4366,285.73663,284.23663,284.23663,282.9366,283.53662,284.73663,285.9366,285.23663,285.03662,283.73663,287.3366,283.63663,286.23663,284.23663,286.23663,284.8366,283.13663,282.63663,281.9366,280.03662,279.73663
277.3366,282.13663,285.73663,283.4366,283.23663,279.8366,281.73663,281.23663,281.53662,282.63663,282.73663,282.9366,284.13663,284.9366,285.3366,285.63663,285.8366,285.3366,286.53662,285.63663,285.4366,284.9366,284.13663,283.9366,284.13663,284.73663,283.8366,283.53662,282.8366,282.53662,282.4366,281.9366,280.9366,280.63663,280.63663,280.13663,280.4366,282.03662,278.9366,278.53662,278.8366
277.73663,282.53662,289.23663,282.4366,280.63663,280.23663,282.03662,283.03662,283.73663,283.73663,283.63663,284.3366,283.9366,284.73663,284.73663,284.8366,286.4366,284.3366,284.9366,284.13663,284.23663,283.8366,283.23663,282.53662,282.63663,282.8366,286.3366,285.53662,281.63663,281.4366,281.13663,281.8366,280.13663,279.3366,279.53662,279.53662,279.63663,278.53662,282.53662,281.8366,281.13663
