wind_kz.json
{"header": {"discipline":0,"disciplineName":"Meteorological products","gribEdition":2,"gribLength":1102,"center":7,"centerName":"US National Weather Service - NCEP(WMC)","subcenter":0,"refTime":"2023-09-20T12:00:00.000Z","significanceOfRT":1,"significanceOfRTName":"Start of forecast","productStatus":0,"productStatusName":"Operational products","productType":1,"productTypeName":"Forecast products","productDefinitionTemplate":0,"productDefinitionTemplateName":"Analysis/forecast at horizontal level/layer at a point in time","parameterCategory":2,"parameterCategoryName":"UnknownDiscipline_0_Category_2","parameterNumber":2,"parameterNumberName":"UnknownParameter_D0_C2_2","parameterUnit":"Unknown","genProcessType":2,"genProcessTypeName":"Forecast","forecastTime":0,"surface1Type":103,"surface1TypeName":"Specified height level above ground","surface1Value":10.0,"surface2Type":255,"surface2TypeName":"Missing","surface2Value":0.0,"gridDefinitionTemplate":0,"gridDefinitionTemplateName":"Latitude_Longitude","numberPoints":615,"shape":6,"shapeName":"Earth spherical with radius of 6,371,229.0 m","gridUnits":"degrees","resolution":48,"winds":"true","scanMode":64,"nx":41,"ny":15,"basicAngle":0,"lo1":47.0,"la1":41.0,"lo2":87.0,"la2":55.0,"dx":1.0,"dy":1.0}, "data":
[rows 0 to 14 of 15, columns 0 to 40 of 41]
0.54043216,1.5804322,1.5404321,-6.079568,-2.9395678,-0.25956786,-1.9795679,-2.9795678,-3.079568,-1.5795679,-1.1795678,-0.23956788,0.87043214,1.6904321,1.3504322,1.3904321,2.3404322,3.190432,4.270432,5.290432,6.090432,3.7704322,3.6204321,3.6004322,-3.9295678,-3.9495678,-2.9195678,1.5804322,4.080432,2.5504322,6.9504323,2.440432,0.17043214,-0.15956788,-1.4595679,-0.80956787,-1.4995679,-1.3695679,-1.4295678,-1.7495679,-0.6595679
-0.87956786,-2.9195678,-10.809567,-7.019568,-3.259568,1.5404321,-2.3895679,-2.6495678,-1.7395679,-1.4895679,-0.039567873,-0.82956785,1.8504322,0.04043213,3.740432,2.8904321,1.2704321,1.5304321,2.200432,5.370432,5.1604323,4.690432,3.420432,4.7004323,1.0704322,4.321289E-4,0.18043213,3.480432,3.2804322,2.900432,2.180432,0.87043214,-2.069568,0.98043215,1.1104321,0.18043213,2.7804322,1.1604321,1.1604321,-1.8695679,-2.4795678
-5.5695677,-9.969568,-8.559567,-5.719568,-2.2195678,-0.8595679,-1.5795679,-2.2395678,-1.4195678,-1.2895678,-0.7895679,-0.10956787,-1.2595679,0.20043212,2.0104322,3.990432,3.3504322,2.5804322,1.1304321,0.48043212,3.8604321,1.8604321,6.340432,7.5104322,8.260432,2.150432,5.820432,2.250432,-4.289568,0.80043215,0.40043214,-0.38956788,-2.349568,3.5604322,4.4904323,0.29043213,1.6404321,0.17043214,6.040432,0.5104321,-2.099568
-8.449568,-7.379568,-5.7995677,-3.029568,2.8504322,-1.8095679,-2.2195678,-1.4095678,-0.7795679,0.6304321,0.18043213,-1.8695679,0.010432129,2.990432,3.6104321,3.1104321,2.700432,3.150432,3.690432,4.420432,3.6304321,4.730432,6.100432,3.0604322,3.8004322,6.270432,6.030432,7.920432,7.7004323,6.630432,4.150432,0.54043216,8.000432,8.350432,8.610432,4.800432,1.7004322,-1.0195678,-0.04956787,-0.9095679,0.23043212
-7.659568,-6.2995677,-4.349568,-1.9695679,-0.07956787,-0.17956787,0.92043215,2.660432,3.8104322,4.670432,5.130432,4.1404324,2.6104321,2.910432,4.290432,8.320432,3.0904322,3.8704321,3.5804322,5.530432,6.400432,5.800432,3.450432,1.7204322,6.590432,6.440432,8.330432,10.050432,9.440433,9.190433,0.7704321,0.8904321,0.94043213,1.6304321,-1.3295679,1.9104321,5.290432,7.100432,1.7504321,1.2604321,0.60043216
-4.9895678,-4.439568,-1.1695678,0.40043214,2.500432,3.940432,5.4904323,6.540432,5.6404324,6.860432,6.170432,4.310432,3.430432,2.3604321,4.370432,5.280432,3.6304321,4.2404323,4.250432,5.1404324,6.0104322,0.85043216,3.0604322,3.960432,1.7504321,6.070432,8.580432,10.550432,11.280432,8.720432,4.610432,4.4704323,4.250432,5.460432,2.190432,0.7204321,2.3604321,6.550432,14.880432,2.3504322,-0.19956787
-2.9795678,-2.3995678,-0.6095679,-0.29956788,1.6504321,3.0604322,3.0304322,4.7404323,5.170432,6.340432,4.920432,3.7704322,2.710432,4.080432,4.420432,4.5104322,5.800432,4.9104323,4.670432,5.4704323,5.610432,3.960432,1.4704322,0.6404321,3.940432,4.620432,4.550432,7.070432,7.250432,6.560432,2.750432,4.620432,6.210432,6.460432,3.000432,2.7604322,1.5804322,0.31043214,3.0504322,-0.32956788,-1.2195679
-2.4295678,-2.8895679,-2.019568,0.07043213,-0.57956785,0.6304321,2.180432,3.5204322,2.970432,1.3204322,1.7404321,3.170432,1.6604321,-0.22956787,3.970432,4.4304323,2.940432,4.100432,3.7704322,5.580432,4.500432,5.1604323,1.4004321,0.8204321,1.8504322,2.0504322,2.930432,-1.0795679,0.94043213,-3.099568,-1.4295678,2.5204322,3.6004322,4.8904324,4.9904323,7.060432,7.2204323,5.340432,3.400432,2.160432,1.9304321
-1.9495679,-1.9595679,-0.6195679,-1.4295678,-1.1095679,-0.75956786,-0.12956788,0.02043213,0.37043214,1.3304322,0.44043213,0.5804321,2.3504322,2.730432,-0.76956785,3.240432,0.43043214,1.5304321,1.8904321,3.180432,3.1304321,3.8504322,2.0304322,0.69043213,0.43043214,1.9904321,0.22043213,-1.6795678,-2.8795679,-2.309568,2.490432,-5.219568,-4.399568,-4.879568,-3.269568,-1.1995679,1.9404321,0.06043213,0.79043216,-0.12956788,0.7004321
-1.7495679,-1.0595679,-0.88956785,-0.9895679,-1.7795678,-1.7895678,-1.2695678,-1.3895679,-0.7195679,0.10043213,-0.89956784,-1.1995679,-0.26956788,-1.7195679,-1.4595679,-0.28956786,-1.5395678,-1.3495679,-0.069567874,1.1704321,2.3404322,0.04043213,0.2704321,1.4004321,-0.09956787,-1.9295678,0.39043212,-2.009568,0.25043213,4.280432,-2.809568,-3.299568,-3.4195678,-3.249568,-2.1295679,-0.80956787,-0.4795679,-0.16956787,-0.17956787,-0.07956787,0.03043213
0.13043213,-0.19956787,-0.18956786,-1.3995678,-1.5895679,-1.1495678,-1.3395679,-1.4995679,-1.2095679,-0.20956787,-3.819568,-2.1595678,-2.559568,-1.9995679,-1.5495678,-1.6695678,-1.2095679,-0.5995679,-0.64956784,-2.2395678,-0.10956787,1.4304321,-0.7795679,-1.0595679,0.6504321,-2.299568,3.0104322,-2.9095678,-3.1095679,-0.89956784,-0.18956786,-1.6395679,-0.93956786,-2.1395679,-1.7595679,-0.35956788,4.321289E-4,1.4304321,0.13043213,0.2704321,0.5204321
0.8404321,0.6404321,0.9004321,1.2204322,0.37043214,-0.6595679,-1.0295678,-1.0495678,-1.2895678,-0.31956786,1.8204322,-2.6195679,-1.1695678,-1.0695679,-0.29956788,-0.039567873,0.07043213,-1.2195679,-2.839568,-2.259568,-1.5495678,0.7204321,-0.51956785,0.41043213,2.180432,1.2304322,3.3304322,2.3304322,1.2804321,0.24043213,-1.2895678,-2.6995678,0.36043212,-0.8595679,-0.33956787,-0.24956787,0.13043213,-1.4595679,-1.0595679,-0.9095679,0.19043213
1.2404321,1.6704321,1.8504322,1.5904322,0.87043214,0.94043213,0.29043213,-0.12956788,-1.1195679,-0.29956788,-0.17956787,0.25043213,-1.6695678,-1.3295679,-0.6195679,-0.30956787,-0.95956784,-1.0195678,-1.1495678,-1.8495679,-1.7495679,0.93043214,-0.41956788,-1.2795678,-0.9295679,1.1304321,-0.7895679,-0.9895679,-1.7995678,-0.009567871,-2.1295679,-0.69956785,-2.4195678,1.1304321,-1.2795678,0.94043213,0.5104321,0.9004321,-0.09956787,1.0404321,0.62043214
2.0804322,1.5104321,0.7604321,3.3304322,2.500432,2.680432,2.0904322,1.7704321,0.49043214,0.05043213,1.0304321,1.6904321,-1.0495678,-0.37956786,-0.36956787,0.34043214,0.45043212,0.25043213,0.12043213,-0.8695679,1.0604321,2.700432,-0.7395679,0.42043212,1.5704322,0.37043214,1.1704321,2.0104322,0.10043213,-0.87956786,-1.0095679,-0.7295679,0.56043214,-0.029567871,0.6304321,-1.1195679,-1.2695678,-0.10956787,-0.19956787,-0.21956787,0.07043213
2.460432,1.7004322,2.3504322,3.0504322,3.3504322,3.5604322,3.440432,2.710432,2.460432,1.9304321,1.7504321,0.98043215,1.2504321,1.5604321,1.3204322,1.6804321,1.3404322,1.1704321,0.32043213,0.33043212,0.94043213,1.4304321,-1.7495679,0.03043213,0.19043213,0.8904321,1.1704321,1.6104321,2.1304321,0.43043214,-0.18956786,1.1204321,0.48043212,2.2704322,-0.10956787,0.6604321,0.85043216,0.40043214,1.2804321,-1.5195678,-0.40956786
