wind_kz.json
{"header": {"discipline":0,"disciplineName":"Meteorological products","gribEdition":2,"gribLength":871,"center":7,"centerName":"US National Weather Service - NCEP(WMC)","subcenter":0,"refTime":"2023-10-05T06:00:00.000Z","significanceOfRT":1,"significanceOfRTName":"Start of forecast","productStatus":0,"productStatusName":"Operational products","productType":1,"productTypeName":"Forecast products","productDefinitionTemplate":0,"productDefinitionTemplateName":"Analysis/forecast at horizontal level/layer at a point in time","parameterCategory":0,"parameterCategoryName":"UnknownDiscipline_0_Category_0","parameterNumber":0,"parameterNumberName":"UnknownParameter_D0_C0_0","parameterUnit":"Unknown","genProcessType":2,"genProcessTypeName":"Forecast","forecastTime":0,"surface1Type":1,"surface1TypeName":"Ground or water surface","surface1Value":0.0,"surface2Type":255,"surface2TypeName":"Missing","surface2Value":0.0,"gridDefinitionTemplate":0,"gridDefinitionTemplateName":"Latitude_Longitude","numberPoints":615,"shape":6,"shapeName":"Earth spherical with radius of 6,371,229.0 m","gridUnits":"degrees","resolution":48,"winds":"true","scanMode":64,"nx":41,"ny":15,"basicAngle":0,"lo1":47.0,"la1":41.0,"lo2":87.0,"la2":55.0,"dx":1.0,"dy":1.0}, "data":
[rows 0 to 14 of 15, columns 0 to 40 of 41]
296.31845,285.61847,290.11847,294.11847,294.01846,292.51846,291.41846,296.31845,296.31845,302.11847,298.41846,304.01846,301.21844,301.71844,297.91846,299.71844,302.41846,303.31845,304.41846,305.21844,309.41846,308.91846,310.51846,310.41846,309.11847,311.01846,310.91846,295.61847,290.81845,288.61847,284.91846,280.11847,298.71844,305.41846,306.11847,306.61847,310.81845,311.41846,310.81845,310.81845,314.11847
277.21844,293.41846,293.81845,293.81845,293.81845,291.81845,290.41846,293.71844,293.81845,298.91846,294.01846,292.41846,296.81845,294.01846,307.51846,307.61847,307.21844,308.01846,303.81845,300.21844,307.11847,306.21844,307.31845,301.21844,290.61847,293.81845,300.31845,294.71844,296.61847,285.91846,286.51846,276.81845,292.81845,265.11847,280.41846,302.81845,304.11847,303.11847,307.51846,300.11847,284.51846
297.81845,293.51846,293.51846,293.21844,291.41846,289.31845,289.41846,295.71844,296.21844,299.61847,298.31845,296.71844,297.51846,296.71844,300.31845,304.41846,305.41846,306.71844,305.81845,305.31845,305.91846,308.81845,308.61847,307.91846,306.01846,305.51846,305.41846,305.21844,307.51846,298.51846,283.11847,291.71844,296.61847,297.71844,296.01846,293.61847,291.21844,290.51846,290.81845,284.21844,282.61847
297.81845,292.51846,293.31845,292.51846,293.31845,288.81845,288.41846,290.21844,299.41846,298.71844,298.11847,295.51846,290.41846,289.71844,301.01846,302.41846,301.61847,306.11847,305.81845,308.21844,309.91846,306.01846,302.91846,303.41846,304.21844,303.41846,306.21844,305.21844,301.61847,303.71844,306.61847,303.51846,304.01846,307.81845,306.31845,301.91846,288.91846,273.81845,292.81845,300.71844,301.21844
299.11847,291.81845,292.51846,292.11847,295.11847,291.21844,290.41846,290.31845,296.21844,297.71844,297.81845,294.91846,289.41846,288.11847,286.61847,300.91846,302.01846,300.61847,302.91846,300.31845,301.41846,303.31845,303.71844,303.21844,304.11847,304.21844,302.21844,298.51846,305.41846,303.61847,302.81845,303.61847,293.71844,276.41846,294.51846,303.21844,300.31845,306.91846,308.01846,304.91846,302.31845
297.61847,298.81845,290.21844,290.81845,291.31845,290.41846,290.81845,291.71844,291.31845,290.81845,290.81845,297.91846,290.11847,288.91846,294.51846,299.71844,298.91846,301.11847,300.31845,301.31845,301.51846,300.21844,300.21844,300.51846,300.91846,300.41846,301.31845,288.61847,299.81845,299.81845,300.91846,300.61847,302.71844,301.51846,299.31845,298.61847,294.91846,296.31845,305.41846,303.91846,300.71844
297.51846,296.31845,297.71844,296.51846,294.41846,294.11847,295.71844,295.31845,294.51846,290.11847,292.71844,296.91846,296.01846,296.71844,297.51846,297.71844,299.51846,299.81845,301.51846,300.21844,300.31845,300.01846,299.11847,297.91846,296.01846,297.11847,298.21844,299.71844,301.51846,301.51846,300.41846,299.91846,300.91846,299.51846,297.21844,298.21844,295.31845,292.61847,292.11847,288.51846,298.11847
297.81845,298.61847,298.11847,296.81845,291.11847,294.61847,296.31845,297.01846,290.81845,288.51846,290.21844,296.81845,296.71844,297.31845,297.91846,297.71844,297.21844,298.31845,298.71844,297.31845,296.21844,298.71844,299.51846,299.61847,298.01846,295.51846,294.21844,296.01846,294.91846,296.81845,296.51846,297.41846,299.01846,294.21844,297.81845,297.01846,297.71844,286.11847,301.31845,300.51846,295.71844
296.01846,296.81845,297.71844,297.41846,296.31845,294.81845,289.61847,295.81845,295.71844,287.61847,288.91846,294.91846,294.31845,296.21844,296.81845,297.91846,297.01846,297.61847,296.11847,296.61847,293.71844,293.51846,297.11847,296.61847,296.81845,295.61847,294.61847,294.61847,294.01846,291.71844,291.71844,292.31845,293.61847,293.51846,294.71844,294.31845,296.41846,291.91846,277.01846,277.61847,277.61847
292.91846,294.91846,296.41846,297.21844,295.91846,296.21844,295.81845,291.21844,293.61847,291.71844,293.81845,293.51846,296.11847,295.91846,296.61847,296.31845,296.91846,297.61847,297.11847,296.81845,295.51846,295.61847,296.01846,296.71844,297.51846,295.91846,295.41846,294.11847,293.41846,292.51846,292.51846,291.81845,292.91846,293.01846,293.41846,292.21844,290.21844,288.71844,288.41846,285.61847,280.11847
290.41846,292.01846,293.41846,294.81845,295.71844,295.31845,294.01846,294.81845,291.81845,292.61847,294.61847,294.71844,291.11847,294.31845,295.51846,295.41846,294.61847,295.61847,295.81845,294.41846,294.81845,295.11847,295.31845,296.01846,296.61847,297.21844,296.81845,297.91846,297.31845,298.41846,297.51846,296.91846,290.11847,289.81845,289.61847,290.11847,286.21844,285.01846,289.21844,287.91846,286.01846
287.41846,289.41846,291.11847,293.01846,293.81845,294.01846,293.71844,292.81845,291.81845,290.01846,287.61847,286.21844,289.21844,286.41846,293.71844,294.31845,294.41846,293.81845,293.81845,293.11847,292.51846,291.81845,291.61847,292.31845,292.61847,294.81845,294.71844,296.51846,296.91846,296.81845,296.31845,296.31845,293.01846,288.91846,286.91846,288.81845,290.01846,287.41846,287.21844,291.41846,288.91846
286.31845,284.21844,287.81845,291.01846,290.91846,291.61847,292.81845,293.51846,291.81845,292.01846,289.11847,289.71844,291.71844,291.01846,292.81845,293.61847,293.71844,292.71844,292.71844,292.11847,291.91846,291.21844,291.01846,291.21844,293.11847,293.91846,294.71844,293.21844,294.21844,294.51846,294.81845,294.01846,294.11847,293.01846,291.41846,287.81845,287.11847,286.91846,286.71844,286.31845,285.71844
288.31845,287.41846,284.71844,286.21844,289.21844,289.51846,289.51846,289.21844,290.91846,291.61847,288.91846,287.01846,289.71844,291.01846,292.01846,292.51846,292.41846,292.01846,292.51846,292.81845,292.61847,292.41846,293.11847,293.01846,293.51846,293.01846,293.91846,287.91846,290.01846,292.41846,292.21844,292.41846,291.31845,291.01846,290.91846,289.81845,287.81845,286.41846,286.21844,284.31845,285.61847
288.01846,289.51846,285.01846,287.91846,283.61847,288.31845,288.61847,289.11847,290.21844,290.81845,289.01846,289.61847,288.01846,289.11847,290.41846,291.71844,291.91846,292.11847,292.91846,292.31845,292.51846,292.21844,292.91846,292.41846,292.61847,293.01846,293.31845,292.71844,292.31845,290.91846,286.81845,286.91846,290.51846,289.91846,290.01846,289.81845,290.71844,288.61847,288.91846,286.61847,284.11847
