wind_kz.json
{"header": {"discipline":0,"disciplineName":"Meteorological products","gribEdition":2,"gribLength":1025,"center":7,"centerName":"US National Weather Service - NCEP(WMC)","subcenter":0,"refTime":"2023-08-22T00:00:00.000Z","significanceOfRT":1,"significanceOfRTName":"Start of forecast","productStatus":0,"productStatusName":"Operational products","productType":1,"productTypeName":"Forecast products","productDefinitionTemplate":0,"productDefinitionTemplateName":"Analysis/forecast at horizontal level/layer at a point in time","parameterCategory":2,"parameterCategoryName":"UnknownDiscipline_0_Category_2","parameterNumber":3,"parameterNumberName":"UnknownParameter_D0_C2_3","parameterUnit":"Unknown","genProcessType":2,"genProcessTypeName":"Forecast","forecastTime":60,"surface1Type":103,"surface1TypeName":"Specified height level above ground","surface1Value":10.0,"surface2Type":255,"surface2TypeName":"Missing","surface2Value":0.0,"gridDefinitionTemplate":0,"gridDefinitionTemplateName":"Latitude_Longitude","numberPoints":615,"shape":6,"shapeName":"Earth spherical with radius of 6,371,229.0 m","gridUnits":"degrees","resolution":48,"winds":"true","scanMode":64,"nx":41,"ny":15,"basicAngle":0,"lo1":47.0,"la1":41.0,"lo2":87.0,"la2":55.0,"dx":1.0,"dy":1.0}, "data":
[rows 0 to 14 of 15, columns 0 to 40 of 41]
2.8905108,3.020511,-4.679489,-7.1894894,-5.989489,-6.2094893,-6.7094893,-3.289489,-2.8494892,-5.799489,-6.329489,-4.7094893,-5.2494893,-5.429489,-5.6894894,-6.619489,-6.829489,-2.729489,-0.5794891,-2.1794891,-5.1894894,-4.9994893,-4.159489,-1.7894892,4.700511,1.8705108,0.60051084,0.38051087,-0.23948914,-2.959489,-3.8994892,0.59051085,-0.48948914,1.6505109,-3.0594893,-3.1494892,-1.9994892,-2.479489,5.280511,0.7905109,-2.6894891
-1.3794892,-0.55948913,-4.279489,-6.469489,-5.409489,-5.079489,-6.069489,-3.999489,-3.0994892,-4.169489,-4.649489,-5.569489,-5.119489,-8.019489,-8.48949,-7.8094893,-7.2694893,-4.569489,-3.529489,-2.749489,-0.33948913,-3.6594892,-3.6794891,-3.3194892,2.1205108,-1.5694891,-0.039489135,-5.029489,-4.829489,-2.499489,-2.229489,-4.369489,-0.109489135,-1.8894892,1.1005108,-2.8094893,-3.4394891,-5.679489,2.5905108,-0.22948913,-2.1794891
-4.969489,-3.6094892,-5.119489,-4.9794893,-5.129489,-5.8094893,-2.3094893,-2.1794891,-2.799489,-3.769489,-1.8894892,-3.0894892,-3.949489,-5.399489,-7.219489,-8.439489,-7.079489,-6.4994893,-6.099489,-4.379489,1.4305109,1.8005109,-3.979489,-1.0694891,-5.0594893,-4.589489,-3.6794891,-3.9094892,-3.289489,-0.26948914,-0.13948913,-1.2194891,3.8805108,1.3705108,5.4805107,0.52051085,-1.8694892,-2.709489,-0.79948914,-0.20948914,-0.55948913
-6.279489,-7.109489,-5.829489,-4.4794893,-2.479489,-6.629489,-5.879489,-3.4294891,-4.799489,-3.759489,-2.6594892,-0.33948913,1.0205109,-2.5594893,-6.279489,-7.4394894,-6.429489,-6.429489,-4.869489,-5.599489,-1.9294891,4.4805107,-2.0894892,-2.0594893,-3.8094893,-0.25948915,-2.269489,-3.3494892,-1.9994892,-4.079489,-1.2894892,-1.7494892,-2.0994892,2.9005108,0.72051084,-0.25948915,-1.7894892,-1.3094891,-1.6694891,2.530511,-3.8094893
-6.389489,-4.869489,-2.8494892,-3.0594893,-3.3894892,-4.049489,-6.199489,-5.829489,-5.239489,-3.259489,2.1305108,2.290511,3.460511,0.6705109,-2.739489,-5.589489,-6.489489,-5.7694893,-3.8694892,-3.6294892,-1.6494892,-0.109489135,1.4005109,-0.6394891,-1.4894891,-0.47948915,0.89051086,-0.44948915,-2.9294891,-2.1694891,0.060510863,-0.8794891,-1.9694891,-0.28948915,0.85051084,2.720511,0.6105109,0.9905109,-1.3194891,-1.3794892,-1.2294891
-6.649489,-5.899489,-7.369489,-2.949489,-1.5694891,-0.6894891,-2.1694891,-3.289489,-0.9494891,0.91051084,1.3605108,3.6905107,3.9405107,4.2905107,-0.61948913,-4.9394894,-6.139489,-6.579489,-5.449489,-2.459489,0.45051086,2.760511,1.4305109,1.4005109,-0.84948915,0.76051086,-0.39948913,2.980511,-0.46948913,-1.2694892,-1.6694891,3.5805109,-0.6894891,-2.5994892,-0.7494891,0.84051085,-1.5894891,-4.7894893,-1.7294891,0.37051088,-2.1094892
-5.669489,-6.069489,-6.909489,-5.4794893,-5.029489,-3.9194891,-3.3594892,-4.169489,-1.7094891,0.38051087,-0.38948914,-0.85948914,-0.46948913,-1.9094892,-4.399489,-5.569489,-6.139489,-6.079489,-5.929489,-5.6894894,-2.009489,-1.1194892,3.970511,1.9805108,1.6605109,0.94051087,-4.119489,-1.0294892,1.4405109,4.1905107,3.790511,2.8105109,2.8205109,2.480511,0.27051085,1.2005109,-3.999489,-1.7594892,-1.0694891,-2.299489,-1.3794892
-7.609489,-7.5594893,-7.399489,-6.2494893,-3.6394892,-3.6294892,-4.109489,-2.9094892,-1.3494891,-2.529489,2.8405108,3.6205108,2.230511,-1.7894892,-3.469489,-4.989489,-5.829489,-5.7694893,-4.929489,-3.6694891,-5.5394893,-7.899489,-2.6594892,-1.7094891,-7.949489,0.30051085,-3.3294892,-0.86948913,2.500511,-3.959489,2.290511,3.1205108,2.3405108,2.4405107,1.3805108,-0.48948914,1.4705108,-0.42948914,1.9205109,1.4205109,-0.11948913
-4.609489,-6.3094893,-7.879489,-7.9594893,-7.449489,-5.329489,-5.989489,-5.129489,-0.36948913,1.8405108,-3.9394891,-0.67948914,-0.039489135,-2.1894891,-2.6694891,-4.389489,-5.2294893,-5.859489,-6.0194893,-4.319489,-4.199489,-3.8094893,-0.31948912,-7.2494893,-2.949489,-2.489489,-1.7794892,-6.299489,-1.4594891,4.090511,-0.26948914,4.220511,5.170511,3.220511,-2.5894892,0.64051086,0.5505109,-1.4494891,-1.2294891,-0.7594891,0.39051086
-2.519489,-4.429489,-5.719489,-3.509489,-5.919489,-4.949489,-5.919489,-4.119489,-2.3094893,-0.64948916,-4.549489,-5.879489,-3.1694891,-0.09948914,-0.8794891,-2.959489,-3.779489,-5.579489,-6.2494893,-6.7294893,-7.0394893,-7.079489,-4.239489,-4.399489,-1.6494892,-2.8694892,-1.2494892,2.730511,-2.3994892,2.3605108,3.5805109,5.450511,-3.719489,-1.8094891,5.2105107,-8.809489,1.3605108,1.1605109,-1.6494892,0.5405109,1.3805108
-1.8494891,-1.0794891,-3.299489,-1.7394891,-3.199489,-3.019489,-1.9994892,-0.9394891,-2.209489,-2.8694892,-6.609489,-4.5394893,-2.769489,-2.1394892,-1.8494891,-3.1294892,-3.699489,-5.6894894,-7.069489,-6.489489,-5.4794893,-4.659489,-5.109489,-3.5794892,-4.829489,-1.5294892,1.3705108,-0.26948914,1.6905109,-4.609489,1.3905109,-3.8094893,-1.2794892,1.3205109,5.580511,7.410511,1.2005109,0.70051086,3.3805108,-0.92948914,-0.65948915
1.2905109,0.97051084,-1.9294891,-0.97948915,-2.6794891,-3.1494892,-3.749489,-3.479489,-4.599489,1.0305109,1.6205108,1.6705109,-1.2094891,-0.90948915,-2.3894892,-1.5294892,-1.6994891,-4.179489,-2.459489,-4.969489,-4.329489,-5.4794893,-5.679489,-5.679489,-6.259489,-7.839489,-4.549489,1.3705108,1.1505109,0.89051086,-2.5994892,6.990511,2.770511,0.15051086,1.2305108,8.630511,1.6705109,-0.059489135,-0.5094891,-0.64948916,-0.06948914
-1.8394891,0.16051087,-3.489489,-1.8494891,-2.959489,-2.3094893,-2.4294891,-2.4094892,-1.7594892,-4.7894893,-1.1294892,-2.0694892,-3.1294892,-1.7494892,-1.9094892,-1.8194891,-3.499489,-2.6294892,-3.009489,-2.529489,-2.0794892,-4.579489,-5.0594893,-5.069489,-6.5194893,-6.119489,-6.429489,-3.949489,2.800511,2.1305108,-3.289489,-2.0594893,0.5405109,0.12051086,2.790511,2.740511,1.8805108,1.1105108,1.6505109,0.97051084,0.25051087
-3.8394892,-2.479489,-4.0194893,-5.199489,-5.969489,-5.5394893,-4.0594893,-3.4094892,-2.969489,-2.959489,-2.1194892,-2.9194891,-1.8394891,2.0605109,1.0005108,-0.17948914,-2.0794892,-2.9394891,0.39051086,-0.92948914,-1.7694892,-2.0894892,-3.739489,-3.259489,-2.199489,-4.639489,-6.339489,-5.489489,1.1905109,4.070511,1.3005109,-1.6694891,-3.969489,1.4905108,1.9605108,4.3105106,3.010511,2.1805108,2.3805108,0.9905109,-0.58948916
-1.3894892,-0.15948914,-0.06948914,0.25051087,0.5405109,1.7405108,-2.3894892,-1.8494891,-1.8994892,-4.419489,-3.6194892,-4.899489,-3.479489,-3.9294891,-4.799489,-5.6894894,-3.799489,-0.23948914,-3.229489,-2.539489,-1.7094891,-3.769489,-2.0594893,-2.1794891,-3.3094893,-3.3794892,-3.1594892,-5.829489,-4.909489,-3.1794891,1.3305109,-0.6394891,-2.769489,-3.969489,0.49051085,4.650511,3.470511,2.6905107,2.3505108,2.3605108,1.0405109
