wind_kz.json
{"header": {"discipline":0,"disciplineName":"Meteorological products","gribEdition":2,"gribLength":1102,"center":7,"centerName":"US National Weather Service - NCEP(WMC)","subcenter":0,"refTime":"2023-09-26T06:00:00.000Z","significanceOfRT":1,"significanceOfRTName":"Start of forecast","productStatus":0,"productStatusName":"Operational products","productType":1,"productTypeName":"Forecast products","productDefinitionTemplate":0,"productDefinitionTemplateName":"Analysis/forecast at horizontal level/layer at a point in time","parameterCategory":2,"parameterCategoryName":"UnknownDiscipline_0_Category_2","parameterNumber":2,"parameterNumberName":"UnknownParameter_D0_C2_2","parameterUnit":"Unknown","genProcessType":2,"genProcessTypeName":"Forecast","forecastTime":0,"surface1Type":103,"surface1TypeName":"Specified height level above ground","surface1Value":10.0,"surface2Type":255,"surface2TypeName":"Missing","surface2Value":0.0,"gridDefinitionTemplate":0,"gridDefinitionTemplateName":"Latitude_Longitude","numberPoints":615,"shape":6,"shapeName":"Earth spherical with radius of 6,371,229.0 m","gridUnits":"degrees","resolution":48,"winds":"true","scanMode":64,"nx":41,"ny":15,"basicAngle":0,"lo1":47.0,"la1":41.0,"lo2":87.0,"la2":55.0,"dx":1.0,"dy":1.0}, "data":
[rows 0 to 14 of 15, columns 0 to 40 of 41]
-1.0394825,-1.8794824,-0.87948245,0.37051758,-3.8794825,-5.439482,-5.1294823,-5.6994824,-6.169482,-2.3894825,-2.8294823,-3.0194824,-3.6794825,-2.0894823,-0.22948243,-0.6594824,-1.3994824,-2.1894825,-1.1694825,0.25051758,-0.16948242,-0.19948243,1.2705176,2.2105176,-0.93948245,-0.23948242,2.2305176,2.5805175,0.24051757,1.6905175,0.04051758,1.2405176,0.6605176,-0.50948244,1.5205176,1.8205175,2.2705176,2.7805176,2.2505176,1.8505176,1.3405175
-1.3094825,-1.3394824,2.3405175,-4.2794824,-5.3894825,-3.2894824,-5.5594826,-6.1994824,-4.8994823,-4.2194824,-5.3894825,-5.6494823,-4.5594826,-3.6494825,-2.9894824,-1.3894824,-2.2194824,-4.7794824,-6.209482,-3.3394823,-1.9194825,0.22051758,2.6005175,2.7005177,0.73051757,-0.26948243,0.9505176,0.8805176,3.0505176,1.5905175,0.47051758,0.8405176,0.010517579,1.3705176,0.79051757,2.2405176,2.1205175,0.3605176,-0.75948244,1.6405176,7.060518
-2.6294825,-0.62948245,-4.1294823,-5.9694824,-5.3194823,-5.8294826,-5.5394826,-4.1994824,-6.3894825,-5.9694824,-5.8994823,-5.7794824,-6.1794825,-6.709482,-5.9294825,-4.8694825,-3.9894824,-1.1494824,0.9705176,-0.23948242,-7.1094823,-9.039482,-4.2294827,-4.8294826,-0.4794824,-1.2294824,0.07051758,0.80051756,3.4405177,0.21051759,2.0605175,-1.9494824,-0.16948242,2.2405176,0.6905176,1.6105176,1.6405176,0.13051757,3.7805176,5.6605177,2.8405175
-4.3194823,-5.459482,-6.3694825,-5.1794825,-4.1294823,-4.9094825,-3.0494823,-5.669482,-5.1494823,-5.2194824,-5.919482,-6.419482,-4.8894825,-5.3294826,-6.7194824,-8.369482,-7.8994823,-8.189483,-7.9794827,-8.959482,-3.7594824,-4.6494823,-5.1294823,-6.6594825,-6.439482,-6.1494823,-6.1494823,-7.3594823,-5.419482,-2.3494825,-0.9994824,1.6405176,0.54051757,-0.32948244,-0.04948242,1.6205176,0.86051756,2.3705175,-0.76948243,0.6405176,1.4405175
-7.959482,-7.4994826,-6.5394826,-5.9694824,-5.2494826,-5.5494823,-5.439482,-4.669482,-4.0094824,-4.2594824,-4.9094825,-6.0694823,-4.9694824,-4.2394824,-3.3294823,-6.3194823,-6.5094824,-6.7694826,-7.8694825,-8.609483,-9.099483,-7.8094826,-6.7294827,-5.8394823,-5.7994823,-5.8594823,-6.5094824,-3.1994824,-3.9994824,-3.0394824,-2.7494824,-2.0994825,2.6105175,1.5805175,-2.4194825,-1.1994824,10.250518,1.5305176,3.9805176,6.4805174,5.4305177
-6.3594823,-5.7194824,-5.6094823,-6.1494823,-6.1994824,-5.6194825,-4.8894825,-4.5394826,-4.0894823,-3.4394825,-3.7494824,-3.8694825,-3.5294824,-3.8694825,-3.4994824,-4.439482,-4.9794827,-5.4994826,-6.2194824,-5.7494826,-5.5594826,-4.0994825,-4.3794823,-4.1394825,-3.9394825,-4.3294826,-3.1294825,-0.009482422,-0.49948242,1.0705175,0.9505176,0.5305176,1.2705176,2.2005177,4.4305177,2.0305176,6.9305177,6.6705174,13.340518,1.6505176,3.9005175
-4.0194826,-5.2594824,-5.0194826,-5.2994823,-4.6094823,-4.8494825,-4.2694826,-3.5694823,-3.6294825,-3.0894823,-2.9994824,-2.9294825,-2.8494825,-3.3394823,-3.2094824,-2.9094825,-2.5494823,-2.3794825,-3.4594824,-4.6094823,-4.5594826,-4.1494823,-3.3394823,-2.5094824,-1.8194824,-0.81948245,-0.51948243,-0.76948243,0.15051758,1.6705176,1.1205176,1.8905176,2.2505176,3.4205177,4.8205175,4.6505175,2.9505177,0.35051757,3.0305176,-1.2294824,-1.8794824
-4.8294826,-4.4994826,-4.6594825,-4.3194823,-4.439482,-3.7494824,-3.3394823,-1.8194824,-1.1594825,-1.6494824,-0.57948244,-0.32948244,0.40051758,-0.7294824,-1.1994824,-1.5094824,-1.5094824,-1.7394824,-1.5794824,-1.9894824,-2.3294823,-2.5994825,-1.5794824,-0.5994824,0.6905176,1.0705175,0.6605176,0.34051758,0.41051757,0.010517579,0.20051758,2.1505175,2.9405177,2.5205176,4.0305176,8.620518,4.7705173,10.550518,-3.8094823,-5.1594825,-2.4294825
-3.2694824,-3.2994823,-3.3894825,-2.8894825,-2.4194825,-1.3894824,-0.9094824,-0.33948243,-0.31948242,0.7805176,1.5105176,0.5805176,2.0805175,0.92051756,2.0505176,1.2105175,0.35051757,-0.4194824,-1.3394824,-1.5394825,-1.1394824,-1.1194824,-0.9294824,0.04051758,0.8205176,1.5305176,2.1305175,2.6805177,2.4305177,3.0205176,2.4705176,1.5805175,1.9605175,-0.14948243,-1.3994824,2.3505175,3.6205175,2.5805175,2.3505175,-0.5294824,0.6405176
-1.9594824,-1.2694824,-0.8094824,-0.19948243,0.5705176,0.6405176,0.8805176,0.16051757,0.7105176,1.1905175,0.8805176,0.80051756,-0.24948242,0.5005176,0.7605176,1.5505176,1.2005175,2.1005175,2.3905175,2.1305175,3.0305176,2.5405176,2.1005175,2.0605175,2.4805176,2.2105176,2.5105176,2.6905177,2.8005176,2.5705175,1.3805176,-2.2694824,-3.1094825,-2.8594825,0.22051758,2.2405176,2.1205175,1.0205176,-0.34948242,-0.56948245,0.16051757
-0.5594824,-1.5194824,-1.4894824,-0.24948242,0.9505176,1.1705176,0.74051756,0.6405176,0.41051757,1.3405175,2.1005175,1.8805176,1.8205175,1.9105176,0.5705176,1.4405175,3.0805175,2.9805176,2.9105177,4.2805176,4.1405177,3.7605176,3.3005176,3.0905175,3.2305176,3.0205176,3.4705176,2.0405176,2.2205176,0.6005176,-4.2894826,-3.9494824,-3.9894824,-3.6194825,-3.2694824,-1.7894825,-0.6594824,0.41051757,0.7605176,-1.2094824,-1.0794824
-1.8994824,-1.4094825,-2.8594825,-1.4594824,-1.3794824,-1.0694824,0.93051755,1.7305176,0.62051755,0.7205176,1.9505175,2.5705175,2.0105176,2.2705176,3.0505176,2.3205175,3.0905175,3.2605176,3.6105175,3.7205176,3.4705176,3.6205175,3.8405175,3.5405176,4.2305174,3.6705177,2.8305175,2.4605176,0.9505176,-3.8494825,-4.169482,-4.3294826,-3.7794824,-3.7894824,-3.6694825,-4.6294823,-4.7994823,-2.8194823,-2.3394823,-2.1994824,-0.82948244
-2.3294823,-2.6194825,-1.5194824,-1.7894825,-0.7894824,0.7805176,1.3605176,1.0305176,0.45051757,0.13051757,1.2805176,2.8905175,3.5905175,3.2405176,2.2305176,3.0705175,2.7705176,2.9205177,2.8405175,3.7105176,3.8805175,4.1805177,4.5205173,4.1405177,4.3205175,4.1605177,2.3305175,1.2205176,-1.3694824,-3.2594824,-3.4494824,-3.7494824,-4.5494823,-3.5794823,-3.3194823,-2.9294825,-2.6294825,-2.0294824,-2.6094825,-3.0094824,-1.5694824
-1.6294824,-1.5794824,-0.7394824,-0.95948243,-0.68948245,-0.6794824,-2.0794823,-1.7694824,5.175781E-4,1.4205176,1.6805176,2.8505175,3.6405175,2.7905176,3.7305176,2.8305175,3.4405177,4.0705175,4.080518,4.0905175,4.310518,4.4105177,4.8905177,4.9505177,5.1205177,4.6305175,2.4105177,0.79051757,-0.9994824,-2.4894824,-3.1894825,-2.4694824,-2.5994825,-2.5794823,-2.1094825,-2.5894823,-2.7794824,-2.6294825,-2.6894825,-1.5794824,-1.9594824
-1.4494824,-1.3294824,-1.9194825,-0.95948243,-0.94948244,-0.4494824,0.12051758,0.6605176,0.6605176,0.45051757,0.32051757,1.5205176,1.5705175,3.0205176,3.7905176,2.8605175,3.0805175,3.3605175,3.5005176,4.3505177,4.7605176,4.7605176,4.810518,4.9105177,4.7605176,2.7405176,2.2105176,0.62051755,-0.7394824,-1.5094824,-2.4094825,-2.3094823,-2.4594824,-1.7194824,-1.4294825,-2.1694825,-1.2894825,-1.2694824,-1.1294824,-0.6194824,-0.06948242
