wind_kz.json
{"header": {"discipline":0,"disciplineName":"Meteorological products","gribEdition":2,"gribLength":1025,"center":7,"centerName":"US National Weather Service - NCEP(WMC)","subcenter":0,"refTime":"2024-02-03T00:00:00.000Z","significanceOfRT":1,"significanceOfRTName":"Start of forecast","productStatus":0,"productStatusName":"Operational products","productType":1,"productTypeName":"Forecast products","productDefinitionTemplate":0,"productDefinitionTemplateName":"Analysis/forecast at horizontal level/layer at a point in time","parameterCategory":2,"parameterCategoryName":"UnknownDiscipline_0_Category_2","parameterNumber":2,"parameterNumberName":"UnknownParameter_D0_C2_2","parameterUnit":"Unknown","genProcessType":2,"genProcessTypeName":"Forecast","forecastTime":60,"surface1Type":103,"surface1TypeName":"Specified height level above ground","surface1Value":10.0,"surface2Type":255,"surface2TypeName":"Missing","surface2Value":0.0,"gridDefinitionTemplate":0,"gridDefinitionTemplateName":"Latitude_Longitude","numberPoints":615,"shape":6,"shapeName":"Earth spherical with radius of 6,371,229.0 m","gridUnits":"degrees","resolution":48,"winds":"true","scanMode":64,"nx":41,"ny":15,"basicAngle":0,"lo1":47.0,"la1":41.0,"lo2":87.0,"la2":55.0,"dx":1.0,"dy":1.0}, "data":
[rows 0 to 14 of 15, columns 0 to 40 of 41]
5.946219,2.466219,-0.9737811,4.306219,7.556219,2.246219,4.346219,5.4562187,5.966219,6.2862186,5.076219,3.0462189,1.8662189,1.6562189,0.09621887,-1.1737812,-2.0937812,-2.293781,-1.6537812,-3.3637812,-2.8937812,-3.263781,-0.81378114,-0.073781125,-0.56378114,-0.10378113,-2.0837812,-2.1137812,0.25621888,0.50621885,-1.9137812,1.8162189,-0.5837811,-0.16378112,-0.0137811275,0.42621887,1.2662189,0.07621887,-1.2937812,-0.88378114,-1.0337812
4.676219,-2.723781,-2.1837811,-7.0837812,-5.033781,-6.623781,-1.1837811,0.7062189,2.536219,3.6362188,2.5762188,2.026219,1.3162189,0.7962189,0.44621888,-1.3237811,-0.82378113,-1.0137811,-1.8237811,-1.5037811,-2.6437812,-2.733781,-1.1737812,-1.6937811,0.93621886,0.07621887,-1.1637812,0.22621888,-1.5837811,-1.1937811,0.13621888,-1.0237812,2.4062188,-2.483781,0.34621888,0.18621887,0.30621886,0.7162189,-1.4937811,1.2162188,-1.1537812
-2.753781,-5.493781,-4.743781,-5.633781,-6.893781,-7.903781,-2.963781,-1.2637811,-2.1337812,-1.9037812,2.206219,2.476219,1.9562188,-0.073781125,-1.7637811,-1.8937812,-2.1037812,-1.6337811,-2.1037812,-2.3337812,-3.9237812,-2.9237812,-2.1437812,-1.4337811,-1.0737811,-1.1137811,-1.7937812,-0.75378114,0.69621885,-0.09378113,-1.1337811,2.1562188,0.55621886,-0.19378112,0.63621885,-0.8337811,-0.88378114,0.5962189,0.5362189,-0.24378113,1.2762189
-1.9437811,-5.8137813,-3.6637812,-4.803781,-3.7037811,-4.053781,-2.3537812,-1.3037812,-2.2037811,-0.42378113,1.3862189,2.456219,2.536219,2.6062188,-1.2137811,-1.5537812,-1.4037812,-1.4937811,-1.9837811,-2.4037812,-2.6937811,-1.1437812,-1.4437811,-2.8837812,-3.573781,-3.463781,-1.7337811,-3.8437812,-1.5137811,-1.1037811,0.32621887,-2.313781,-2.563781,-0.32378113,-0.82378113,-1.2737812,-2.4337811,1.7262188,-0.25378114,-0.16378112,0.45621887
0.49621886,0.5862189,-2.303781,-0.5937811,-0.043781128,2.1462188,1.3362188,1.8562188,1.6862189,2.0662189,2.1062188,4.066219,3.6262188,3.496219,0.88621885,-1.4137812,-1.0737811,-1.7037811,-1.3637811,-0.67378116,-2.023781,-3.1537812,-3.6137812,-4.193781,-4.0837812,-3.793781,-4.853781,-1.2837812,-3.073781,-2.7037811,-2.323781,-0.31378114,-2.6137812,-0.63378114,1.5662189,0.6062189,0.016218873,-1.4337811,-1.5437812,-0.6637811,-0.033781126
7.2862186,2.266219,2.6162188,2.8762188,3.276219,2.8262188,4.256219,4.816219,3.486219,4.556219,3.236219,2.8562188,3.206219,3.6062188,0.4062189,-0.7137811,-1.2537811,-1.7437811,-2.1637812,-2.243781,-2.563781,-2.053781,-2.473781,-3.573781,-4.073781,-5.163781,-4.0437813,-2.9137812,-3.503781,-3.043781,-3.043781,-2.9237812,-2.1237812,-1.7237811,-0.82378113,-5.4837813,-0.39378113,-2.993781,-0.40378112,0.6062189,-0.7237811
9.506219,10.426218,7.236219,3.986219,1.9362189,3.0862188,4.4562187,4.2262187,4.4962187,4.816219,3.706219,3.216219,1.7062188,2.3862188,1.6262189,-0.67378116,-1.1737812,-1.7637811,-2.9437811,-2.813781,-2.323781,-2.533781,-2.483781,-3.033781,-4.2337813,-4.643781,-1.7937812,-2.543781,-2.6537812,-2.793781,-3.1537812,-2.5837812,-0.5937811,-2.1037812,-1.8237811,-1.7237811,-1.0937811,2.3662188,-2.553781,0.9162189,0.8462189
6.106219,4.256219,2.5862188,0.9562189,0.08621887,1.8362188,2.6262188,2.6562188,4.176219,4.526219,1.8362188,3.976219,3.3462188,3.6462188,2.9062188,0.6662189,-0.50378114,-1.7937812,-2.1437812,-2.1837811,-1.0437812,-2.6237812,-1.7437811,-1.9837811,-2.523781,-1.2437811,-1.3437811,-1.5537812,-1.0937811,-1.6937811,-2.233781,-1.7137811,-1.9037812,1.1062188,-1.8037812,0.7762189,0.7662189,1.7562189,-3.0937812,-5.693781,-2.543781
1.0962188,0.21621887,0.07621887,-0.10378113,0.56621885,1.0862188,2.9162188,3.1562188,3.1462188,2.5862188,3.6062188,3.476219,4.896219,3.5662189,1.7362189,1.4562188,-0.33378112,-0.06378113,-0.27378112,-0.62378114,-0.7937811,0.8462189,-0.3437811,-0.45378113,-0.36378112,-1.0537812,-1.6037811,-0.9837811,-0.13378114,-0.6437811,0.7662189,1.1662189,2.1362188,-1.3137811,-2.273781,-1.9037812,0.13621888,-1.8737811,-1.9437811,0.68621886,-2.2037811
1.4762188,0.39621887,0.7862189,1.3162189,1.6462189,1.2762189,2.8162189,3.436219,3.766219,3.746219,4.636219,5.4962187,5.116219,2.426219,2.176219,2.6562188,1.3862189,0.45621887,0.4062189,0.016218873,1.6762189,1.6062188,1.7362189,1.5762188,0.7862189,0.09621887,1.4062189,0.046218872,1.5662189,1.2562189,0.046218872,2.1162188,1.2262188,-0.29378113,-1.6237811,-0.21378113,-2.763781,-0.27378112,-1.9837811,0.13621888,-1.5437812
1.3362188,1.5662189,1.0462189,1.8562188,1.9362189,2.0962188,3.1062188,2.6362188,3.1362188,4.396219,4.7062187,4.906219,3.1562188,4.156219,2.766219,2.016219,1.9562188,0.55621886,0.99621886,1.9362189,3.3362188,0.86621886,0.8462189,1.6662189,1.9762188,1.9362189,4.466219,4.026219,2.8462188,0.81621885,2.0662189,1.3562188,-1.3037812,-1.1537812,-0.48378113,-1.5737811,-1.1437812,0.7762189,-1.2637811,1.3562188,-1.8837811
0.42621887,0.5162189,1.2762189,1.8262188,2.1462188,2.0562189,2.4062188,3.0962188,3.526219,2.676219,4.056219,4.906219,3.516219,4.066219,3.186219,2.6662188,2.4162188,1.8862189,2.226219,2.8162189,3.5662189,3.3662188,2.6662188,2.776219,3.726219,3.976219,4.7062187,4.406219,2.936219,0.73621887,0.6662189,0.9062189,-0.073781125,-0.94378114,0.07621887,1.5462189,-0.7837811,-0.6037811,-0.5937811,-0.75378114,-0.38378114
1.6462189,1.8062189,1.0862188,1.6762189,1.6962188,1.9462188,3.006219,3.1662188,4.366219,3.5562189,2.706219,3.956219,3.0562189,3.6662188,3.4162188,2.716219,3.0762188,3.1462188,2.966219,3.5862188,3.716219,4.2262187,4.356219,4.406219,5.4962187,6.0162187,4.836219,2.3262188,0.99621886,1.0962188,0.9662189,0.38621888,0.43621886,-0.08378113,-0.57378113,0.69621885,-0.023781128,-0.17378113,-0.16378112,-1.1037811,-1.0037811
1.7062188,1.8362188,1.8262188,2.206219,1.6962188,3.9162188,4.406219,3.5662189,3.706219,4.216219,2.8562188,2.7962189,3.8762188,3.706219,2.8362188,3.3462188,3.266219,3.476219,3.3862188,4.426219,4.376219,5.716219,6.0362186,6.026219,4.9562187,4.0362186,2.966219,2.3362188,1.8562188,1.0262189,0.8462189,0.48621887,0.33621886,0.6462189,0.5862189,0.36621886,0.4062189,0.12621887,-1.1337811,1.1862189,0.08621887
1.3762189,2.5562189,1.7962189,2.216219,3.726219,4.1662188,4.906219,4.196219,3.766219,3.756219,2.176219,3.8162189,1.6262189,1.2862189,2.516219,2.8062189,3.3462188,3.706219,3.746219,4.376219,5.156219,4.9762187,5.296219,4.946219,3.0862188,1.5562189,1.5262189,1.0662189,1.2862189,0.9162189,0.7862189,0.39621887,0.24621888,0.5162189,0.93621886,1.6462189,1.1462189,1.7262188,1.3362188,1.2162188,0.5462189
