wind_kz.json
{"header": {"discipline":0,"disciplineName":"Meteorological products","gribEdition":2,"gribLength":1025,"center":7,"centerName":"US National Weather Service - NCEP(WMC)","subcenter":0,"refTime":"2023-09-25T06:00:00.000Z","significanceOfRT":1,"significanceOfRTName":"Start of forecast","productStatus":0,"productStatusName":"Operational products","productType":1,"productTypeName":"Forecast products","productDefinitionTemplate":0,"productDefinitionTemplateName":"Analysis/forecast at horizontal level/layer at a point in time","parameterCategory":2,"parameterCategoryName":"UnknownDiscipline_0_Category_2","parameterNumber":3,"parameterNumberName":"UnknownParameter_D0_C2_3","parameterUnit":"Unknown","genProcessType":2,"genProcessTypeName":"Forecast","forecastTime":60,"surface1Type":103,"surface1TypeName":"Specified height level above ground","surface1Value":10.0,"surface2Type":255,"surface2TypeName":"Missing","surface2Value":0.0,"gridDefinitionTemplate":0,"gridDefinitionTemplateName":"Latitude_Longitude","numberPoints":615,"shape":6,"shapeName":"Earth spherical with radius of 6,371,229.0 m","gridUnits":"degrees","resolution":48,"winds":"true","scanMode":64,"nx":41,"ny":15,"basicAngle":0,"lo1":47.0,"la1":41.0,"lo2":87.0,"la2":55.0,"dx":1.0,"dy":1.0}, "data":
[rows 0 to 14 of 15, columns 0 to 40 of 41]
-1.0469648,-1.7969648,1.6330353,0.9030353,-2.8369646,-5.116965,-4.1269646,-0.82696474,-2.3369646,-2.7569647,-3.2369647,-4.826965,-4.0869646,-5.886965,-4.9669647,-4.866965,-5.7369647,-4.116965,-4.1469646,-2.2169647,-3.0769646,-4.1869645,-0.8469647,-0.7169647,-1.2369647,0.3330353,-0.9069647,1.2730353,1.7330353,6.2630353,1.6730353,1.3130352,0.06303528,0.13303527,2.1030352,2.2930353,1.6130353,2.4730353,-0.22696473,-0.21696472,3.0630352
3.3230352,1.5830352,2.6930354,0.55303526,-2.7869647,-2.2669647,-3.6269648,-0.43696472,-1.4369648,-1.8669647,-2.3769648,-2.8169646,-3.7769647,-3.8469648,-5.976965,-6.2169647,-4.0869646,-5.656965,-5.826965,-5.076965,-3.6669648,-1.8669647,-0.45696473,1.0030353,1.6330353,0.7730353,-1.8569647,-0.29696473,-0.94696474,1.1030353,1.4730353,2.7230353,0.7830353,-0.3569647,-1.9769647,-0.4469647,-0.34696472,0.13303527,0.5830353,-2.5469646,0.34303528
2.8530352,4.483035,1.8730353,-1.7869648,-4.0669646,-1.8169647,-1.7169647,-2.1569648,-1.0169647,-1.9669647,1.4430352,-0.29696473,-2.4469647,-3.3669648,-4.2069645,-4.4669647,-4.496965,-4.0069647,-4.0469646,-5.076965,-4.826965,0.34303528,-2.5169647,0.73303527,0.013035279,1.6130353,0.98303527,1.2030352,0.013035279,2.2530353,2.5130353,0.20303528,1.4530352,-0.4169647,-1.2269647,2.5630352,2.8030353,-0.42696473,-0.29696473,0.45303527,0.6330353
0.4930353,0.4630353,-1.8669647,-2.9569647,-1.1969647,-2.0669646,-1.7569647,-1.9569647,-3.0169647,-3.6569648,-2.3769648,0.55303526,-1.2769647,-3.3769648,-3.7969646,-4.6669645,-3.9369648,-3.3369646,-3.5469646,-4.886965,-4.386965,-1.6469647,0.28303528,-1.0869647,-1.8569647,-1.1069647,0.10303528,-0.29696473,1.7430353,-1.2869648,-0.12696472,0.013035279,-1.7369647,-1.1469647,-0.3869647,-2.7869647,-0.76696473,2.8430352,1.8230352,0.03303528,-0.39696473
0.07303528,0.3630353,-0.34696472,-1.5269647,-2.5569646,-2.9369648,-4.1469646,-1.9569647,-1.5769647,-2.6469648,-2.6869648,-2.8069646,-0.42696473,-1.9869647,-4.3969646,-4.7569647,-3.9769647,-4.0069647,-1.9769647,-3.8369646,-4.5669646,-3.1069648,-2.6669648,-1.8169647,-0.7869647,-1.6069647,-0.016964722,0.16303527,-0.7169647,-1.4669647,-1.9769647,-0.49696472,2.4830353,3.3130352,-0.5269647,-0.0069647217,0.5330353,-2.2469647,0.15303528,-0.2569647,-0.56696475
2.7330353,1.9530352,0.79303527,-0.7269647,-3.7069647,-5.0869646,-4.0869646,-4.9569645,-4.1269646,-3.4569647,-3.7969646,-2.3969648,-3.1569648,-4.7769647,-2.8669648,-4.056965,-3.1269648,-3.5269647,-4.1669645,-4.636965,-6.726965,-0.9669647,-2.7969646,1.0630352,2.5430353,0.31303528,0.03303528,1.2830353,1.5030353,0.8430353,-0.8369647,-0.7169647,-0.8069647,-1.0169647,1.2930353,-0.26696473,1.3030353,2.7730353,0.6530353,0.3930353,0.19303527
2.6530352,2.9630353,2.1730354,-0.34696472,-2.1669648,-3.3969648,-4.3969646,-4.6469646,-3.9369648,-3.5169647,-3.2669647,-1.2669647,-2.2769647,-3.6269648,-4.366965,-4.246965,-2.1469648,0.43303528,-2.9569647,-0.8669647,-1.3769647,-4.1669645,-3.6369648,-1.2469647,4.863035,3.6630354,1.8830353,1.7130352,0.93303525,1.8230352,2.3130352,-0.06696472,-1.7969648,-0.42696473,-1.1469647,-1.4369648,-2.7869647,-0.0069647217,-1.0769647,0.11303528,1.0530353
-0.036964722,0.35303527,-1.4269648,0.32303527,-0.0069647217,-1.1869648,-2.7569647,-4.016965,-3.7069647,-3.1469648,-1.9069648,-0.7269647,-2.2969646,-3.1169648,-4.4869647,-4.306965,-3.4269648,-1.2369647,-0.9969647,-3.2069647,-1.9969647,-4.1769648,-2.4869647,0.10303528,1.8530353,1.5030353,2.3430352,0.03303528,-0.33696473,0.5230353,1.7730353,-0.18696472,0.42303526,-1.8269647,0.40303528,0.19303527,0.81303525,1.0730352,-1.1869648,0.61303526,-2.0269647
-1.9869647,-1.3369647,-2.3469648,-1.3469647,-2.0869646,-2.5069647,-2.3969648,-3.4469647,-4.016965,-3.0369647,-1.3469647,-1.7469647,-1.7069647,-2.8669648,-2.8169646,-3.5869646,-4.5869646,-3.8969648,-2.2369647,-2.2069647,-1.4969647,-1.0769647,0.7230353,-2.0369647,-0.096964724,-1.3669647,0.98303527,0.7730353,0.8430353,0.80303526,1.6930352,1.5630352,1.2330353,1.9630352,2.3230352,2.3030353,-1.8069648,0.28303528,-0.76696473,-0.34696472,-3.4369648
-1.1169647,-2.1569648,-1.7869648,-3.0369647,-3.2269647,-3.7469647,-2.5769646,-2.5869646,-2.8769648,-3.4569647,-2.5969648,-0.46696472,-1.9369648,-1.5469648,-2.9269648,-3.5869646,-3.5269647,-4.2569647,-3.0769646,-3.1369648,-2.4069648,-0.81696475,0.023035279,2.0830352,0.2730353,-1.7169647,-0.14696473,-0.7769647,-0.32696474,0.7830353,1.8630353,2.0030353,2.8530352,3.0230353,1.4230353,0.80303526,0.5930353,-3.3269646,-0.19696473,3.9030352,3.8430352
0.23303528,-0.6469647,-2.4169648,-2.8569648,-3.1769648,-3.5369647,-3.1769648,-3.0569646,-3.0069647,-2.8769648,-2.4869647,-1.3369647,0.5730353,-0.9069647,-1.5869647,-2.8269646,-3.6869648,-3.5469646,-3.1269648,-3.9569647,-4.076965,-4.3769646,-2.1669648,3.0030353,-0.6169647,2.2230353,1.4830353,1.0230353,-0.57696474,-2.9469647,1.5030353,3.0030353,2.9030352,2.8430352,3.0630352,1.4030353,0.6530353,2.7530353,1.9430352,1.4030353,0.0030352783
-1.4169648,-1.0569648,0.15303528,-1.2169647,-1.9769647,-2.4669647,-2.5769646,-2.2269647,-2.4569647,-1.5769647,-1.8269647,-2.0269647,-2.8569648,0.22303528,-0.6069647,-2.4269648,-2.7469647,-3.2569647,-3.2969646,-1.5669647,-2.6869648,-3.0269647,-3.3069646,-3.7969646,-2.1469648,-2.3569648,-1.8069648,-1.8769647,-2.4369648,-3.1969647,0.31303528,3.4530354,2.7430353,2.9230354,2.6230352,2.8330352,2.3830352,2.7830353,2.2030354,2.3030353,1.3230352
-2.0469646,-2.1769648,-1.4769647,-1.7869648,-2.4169648,-1.6769648,-1.7569647,-1.4569647,-2.4369648,-0.23696472,-1.0969647,-1.4369648,-2.3369646,-0.7269647,-0.6569647,-1.8469647,-2.1969647,-2.6369648,-2.9169648,-2.5869646,-0.56696475,0.9430353,1.0930352,-0.29696473,-1.0569648,-1.1069647,-2.0569646,-2.3469648,-2.3369646,-1.6669648,-2.3669648,-1.0969647,2.7830353,3.0330353,3.1330352,3.1130352,2.7430353,1.7030352,2.3630352,0.6930353,0.26303527
-1.7269647,-2.6469648,-2.3569648,-2.1069648,-0.9169647,-1.4669647,-1.2569647,-2.0869646,-0.33696473,-1.2469647,1.0830352,-0.26696473,-1.0869647,-1.5569648,-1.3169647,-1.0369648,-0.68696475,-0.9869647,-1.9469647,-2.0969648,-2.3869648,-1.0469648,1.2330353,1.6230353,2.6530352,1.6530353,0.15303528,-0.43696472,-1.3469647,-1.3869647,-1.2369647,-2.6469648,-0.5569647,1.3530353,2.0130353,2.4930353,2.3730352,1.9630352,1.7630353,1.7330353,1.5030353
-1.4369648,-2.4569647,-3.3969648,-2.5169647,-2.5469646,-1.1769648,-0.9869647,-0.9269647,-1.2169647,-0.68696475,0.23303528,0.99303526,1.2230353,0.13303527,-0.7769647,0.013035279,-0.8969647,0.5330353,0.5730353,-0.43696472,-1.5669647,-0.87696475,-0.20696472,-0.94696474,-1.0169647,2.3530352,2.2230353,0.8530353,-0.63696474,-0.8669647,-0.9069647,-1.4369648,-1.0969647,-1.5569648,-0.42696473,1.2530353,2.3230352,1.8030353,1.1230353,2.5930352,1.2630353
