wind_kz.json
{"header": {"discipline":0,"disciplineName":"Meteorological products","gribEdition":2,"gribLength":1102,"center":7,"centerName":"US National Weather Service - NCEP(WMC)","subcenter":0,"refTime":"2023-09-11T00:00:00.000Z","significanceOfRT":1,"significanceOfRTName":"Start of forecast","productStatus":0,"productStatusName":"Operational products","productType":1,"productTypeName":"Forecast products","productDefinitionTemplate":0,"productDefinitionTemplateName":"Analysis/forecast at horizontal level/layer at a point in time","parameterCategory":2,"parameterCategoryName":"UnknownDiscipline_0_Category_2","parameterNumber":3,"parameterNumberName":"UnknownParameter_D0_C2_3","parameterUnit":"Unknown","genProcessType":2,"genProcessTypeName":"Forecast","forecastTime":0,"surface1Type":103,"surface1TypeName":"Specified height level above ground","surface1Value":10.0,"surface2Type":255,"surface2TypeName":"Missing","surface2Value":0.0,"gridDefinitionTemplate":0,"gridDefinitionTemplateName":"Latitude_Longitude","numberPoints":615,"shape":6,"shapeName":"Earth spherical with radius of 6,371,229.0 m","gridUnits":"degrees","resolution":48,"winds":"true","scanMode":64,"nx":41,"ny":15,"basicAngle":0,"lo1":47.0,"la1":41.0,"lo2":87.0,"la2":55.0,"dx":1.0,"dy":1.0}, "data":
[rows 0 to 14 of 15, columns 0 to 40 of 41]
0.74066406,-0.46933594,0.46066406,-10.619336,-12.519336,-8.709336,-4.049336,-2.309336,-2.059336,0.30066407,-0.18933594,-3.059336,-4.259336,-4.429336,-3.469336,-4.209336,-4.889336,-4.909336,1.9206641,1.720664,-0.17933594,2.3206642,1.0506641,-0.87933594,-1.7193359,-1.2393359,-1.909336,2.190664,3.380664,3.180664,-1.639336,-1.769336,0.93066406,-1.4993359,-1.769336,-2.459336,-0.49933594,1.6306641,2.6206641,3.0606642,1.560664
4.040664,1.5506641,-10.749336,-10.739336,-8.389336,-6.489336,-5.109336,-5.069336,-4.199336,-2.789336,-1.8493359,0.25066406,-0.61933595,-0.74933594,-0.72933596,-1.5793359,-3.6493359,-1.779336,2.270664,3.000664,3.210664,0.93066406,2.960664,2.3206642,1.740664,0.47066405,-2.449336,2.3306642,0.48066407,2.970664,5.560664,5.240664,1.090664,-0.67933595,-2.479336,-1.509336,-1.399336,-2.109336,0.39066407,1.2606641,1.3706641
0.06066406,-7.739336,-7.5593357,-7.629336,-6.629336,-4.149336,-2.969336,-2.249336,-2.329336,-1.3593359,-2.749336,-2.6393359,-1.0793359,1.2706641,1.710664,1.3906641,0.17066406,0.13066407,5.660664,5.4606643,3.720664,0.47066405,1.4106641,1.490664,1.3906641,0.93066406,0.20066406,0.61066407,-0.81933594,3.8306642,5.820664,3.030664,2.950664,-0.45933592,-0.14933594,1.940664,3.430664,1.0206641,0.76066405,-0.42933595,0.36066407
-1.009336,-3.039336,-3.9193358,-5.0193357,-5.2693357,-2.6693358,-1.8593359,-3.849336,-4.579336,-4.229336,-4.719336,-1.9793359,0.06066406,4.740664,5.150664,3.770664,2.490664,2.880664,9.000664,5.820664,4.310664,2.890664,1.9206641,2.0906641,1.4206641,0.23066406,0.18066406,-1.799336,1.730664,-1.0793359,0.81066406,-0.66933596,-1.8793359,-1.939336,-1.2393359,-2.049336,-0.85933596,2.480664,3.020664,1.340664,1.470664
-2.9093359,-4.839336,-4.179336,-5.479336,-6.119336,-2.769336,-1.169336,-1.169336,-5.409336,-5.299336,-7.739336,-7.569336,-4.909336,9.210664,10.100664,6.600664,3.970664,8.190664,4.020664,4.360664,3.920664,2.780664,1.8806641,1.4206641,1.2706641,-0.18933594,-0.39933595,0.37066406,-0.92933595,-2.029336,-2.229336,-0.06933594,2.880664,4.7306643,-0.45933592,-1.279336,1.0506641,0.26066408,-0.8493359,1.2806641,0.86066407
-1.409336,-1.0893359,-3.6893358,-5.649336,-5.879336,-7.829336,-6.699336,-2.029336,-4.749336,-5.889336,-9.609336,-13.929336,0.5306641,10.900664,9.910664,4.890664,6.810664,3.180664,-0.7693359,0.34066406,0.030664062,1.4006641,2.280664,1.600664,2.020664,0.44066405,-0.5293359,-0.31933594,-0.63933593,-0.47933593,-1.3593359,-1.429336,6.640625E-4,0.22066407,2.290664,0.30066407,1.850664,3.390664,-1.5793359,-1.7393359,1.1306641
-1.9793359,-1.8793359,-2.069336,-2.709336,-2.9293358,-2.309336,-4.0593357,-2.489336,-3.039336,-5.109336,-8.599336,-12.779336,-5.949336,3.670664,5.070664,3.770664,1.9106641,2.3406641,1.2806641,-1.7293359,-1.6193359,-1.909336,1.070664,2.1106641,1.7806641,1.830664,-0.45933592,0.6606641,-0.33933595,0.40066406,-0.5893359,-1.529336,-2.9293358,-3.559336,-1.189336,-0.68933594,-1.9493359,0.89066404,-0.56933594,1.990664,0.5406641
-2.769336,-3.4293358,-2.6493359,-3.699336,-5.389336,-3.1693358,-3.349336,-1.1093359,-1.2293359,-5.169336,-5.129336,-6.089336,-10.449336,-8.429336,-1.7193359,-1.169336,3.460664,2.970664,4.770664,4.120664,0.49066406,-0.79933596,-1.299336,-0.43933594,0.99066406,1.720664,1.570664,0.21066406,-0.30933595,-2.039336,-1.6193359,-1.0793359,-3.1393359,-2.4193358,0.55066407,-3.1293359,-4.719336,-0.13933593,-0.059335936,0.020664062,-1.149336
-3.6293359,-3.469336,-3.6593359,-3.6293359,-4.459336,-4.409336,-3.599336,-3.299336,-2.049336,-0.56933594,-1.3193359,-3.739336,-2.829336,-5.5393357,-6.689336,-3.259336,1.0106641,-0.10933594,3.3106642,5.600664,3.0906641,-1.2193359,-0.50933594,-0.019335937,-0.37933594,-0.49933594,-0.019335937,-0.33933595,0.11066406,-0.16933593,-0.10933594,-0.8993359,-1.009336,1.590664,2.800664,2.5706642,-1.779336,-3.289336,0.7806641,0.75066406,0.44066405
-3.1293359,-3.4093359,-3.4093359,-5.489336,-5.199336,-3.6393359,-3.789336,-3.759336,-3.209336,-1.9893359,1.690664,3.260664,0.19066407,-2.969336,-2.9393358,-6.049336,-3.309336,-1.4993359,0.28066406,-0.50933594,-0.08933594,0.5306641,-0.45933592,-0.9593359,-0.5293359,-0.009335938,-1.7093359,-0.5993359,-1.419336,-0.19933593,0.36066407,0.09066406,-0.47933593,-0.87933594,2.290664,1.9306641,0.51066405,-0.33933595,0.28066406,2.3506641,2.420664
-3.589336,-3.469336,-3.1493359,-6.349336,-4.489336,-4.169336,-3.009336,-3.6393359,-3.3893359,-3.329336,-0.67933595,-2.589336,0.17066406,1.060664,1.0306641,0.16066407,-0.5793359,-2.4393358,1.710664,0.14066406,-0.93933594,-1.049336,-1.509336,-1.549336,-1.5693359,-2.119336,-0.8393359,-1.7193359,-0.7693359,0.22066407,-0.37933594,-0.019335937,-0.5893359,0.32066405,3.250664,1.710664,1.5006641,1.960664,1.0506641,1.3006641,0.48066407
-2.519336,-3.799336,-3.529336,-3.489336,-4.349336,-4.649336,-3.1293359,-1.3293359,-2.6693358,-2.239336,-0.8293359,-1.3593359,-3.019336,3.5806642,-0.34933594,1.580664,0.26066408,2.040664,1.3706641,-0.26933593,-0.56933594,-0.91933596,-1.899336,-2.329336,-2.839336,-2.969336,-2.349336,-2.1893358,-3.1693358,-3.619336,-2.799336,-2.319336,-2.079336,-1.4793359,-1.4993359,-2.1393359,-1.309336,0.18066406,0.89066404,1.9106641,0.61066407
-3.319336,-2.1293359,-3.6693358,-3.609336,-3.3893359,-2.979336,-3.9093359,-3.779336,-1.7193359,-0.23933594,-0.119335935,-0.06933594,-1.5993359,-0.029335938,0.32066405,1.0306641,-0.15933594,-0.079335935,0.5906641,-0.10933594,-0.019335937,0.22066407,-0.60933596,-1.529336,-3.199336,-3.3893359,-2.9393358,-1.6993359,-1.279336,-2.1293359,-2.809336,-3.049336,-2.699336,-3.099336,-2.4193358,-1.8393359,-2.009336,-1.189336,-2.1393359,-1.8193359,-1.139336
-2.599336,-4.0393357,-4.469336,-3.829336,-4.869336,-4.619336,-4.849336,-4.259336,-3.739336,-0.75933594,0.61066407,0.5306641,1.100664,0.68066406,-0.43933594,-0.9593359,-1.009336,-0.28933594,-0.079335935,0.30066407,0.19066407,-0.5793359,-1.639336,-3.1893358,-3.619336,-3.229336,-1.669336,-1.759336,-1.909336,-1.639336,-2.489336,-2.479336,-2.309336,-1.8493359,-2.039336,-1.7493359,-1.789336,-2.199336,-2.249336,-1.9793359,-1.299336
-2.509336,-4.619336,-5.3093357,-3.759336,-4.5393357,-3.369336,-4.949336,-4.649336,-3.609336,-3.579336,-0.94933593,-0.81933594,0.38066405,-0.059335936,0.89066404,0.48066407,0.93066406,1.2606641,0.45066407,-0.73933595,-0.80933595,-1.5893359,-1.9793359,-2.769336,-3.199336,-2.279336,-2.119336,-1.8293359,-1.5893359,-1.649336,-2.069336,-1.689336,-1.6093359,-1.8593359,-1.5793359,-1.7493359,-1.549336,-0.68933594,-1.1993359,-3.019336,-0.97933596
