wind_kz.json
{"header": {"discipline":0,"disciplineName":"Meteorological products","gribEdition":2,"gribLength":1025,"center":7,"centerName":"US National Weather Service - NCEP(WMC)","subcenter":0,"refTime":"2024-02-03T00:00:00.000Z","significanceOfRT":1,"significanceOfRTName":"Start of forecast","productStatus":0,"productStatusName":"Operational products","productType":1,"productTypeName":"Forecast products","productDefinitionTemplate":0,"productDefinitionTemplateName":"Analysis/forecast at horizontal level/layer at a point in time","parameterCategory":2,"parameterCategoryName":"UnknownDiscipline_0_Category_2","parameterNumber":3,"parameterNumberName":"UnknownParameter_D0_C2_3","parameterUnit":"Unknown","genProcessType":2,"genProcessTypeName":"Forecast","forecastTime":180,"surface1Type":103,"surface1TypeName":"Specified height level above ground","surface1Value":10.0,"surface2Type":255,"surface2TypeName":"Missing","surface2Value":0.0,"gridDefinitionTemplate":0,"gridDefinitionTemplateName":"Latitude_Longitude","numberPoints":615,"shape":6,"shapeName":"Earth spherical with radius of 6,371,229.0 m","gridUnits":"degrees","resolution":48,"winds":"true","scanMode":64,"nx":41,"ny":15,"basicAngle":0,"lo1":47.0,"la1":41.0,"lo2":87.0,"la2":55.0,"dx":1.0,"dy":1.0}, "data":
[rows 0 to 14 of 15, columns 0 to 40 of 41]
-1.0085669,0.3814331,-1.9685669,4.401433,2.9914331,0.6114331,1.7314332,2.9314332,0.9014331,4.051433,3.2014332,2.641433,2.4114332,2.1914332,1.711433,0.9914331,-0.0985669,-0.038566895,-1.0585669,-0.5385669,-0.2585669,-1.4385669,-1.5585669,-2.0285668,0.5714331,-1.0685669,-2.358567,0.1714331,1.7314332,1.1814331,-3.398567,-5.278567,1.0114331,1.4714332,1.4414331,0.5514331,2.021433,2.351433,1.331433,1.9214331,0.011433106
1.211433,-1.9485669,-0.74856687,1.3214331,1.8614331,1.1914331,1.1514331,3.9714332,2.0114331,3.7314332,3.881433,2.7114332,3.2014332,2.541433,2.071433,1.3114331,0.2514331,0.6214331,0.4614331,0.15143311,-0.35856688,-2.0885668,-2.5785668,0.8314331,-1.9985669,-1.908567,-2.7685668,0.7714331,0.2614331,0.7314331,4.321433,2.4114332,-1.7785668,-2.7885668,-5.9185667,-2.168567,0.9314331,-0.9385669,-0.8285669,-0.7885669,0.8114331
-0.7685669,2.2314332,0.9014331,0.9514331,1.8214331,0.8414331,0.8214331,-0.15856689,2.2414331,2.571433,3.2314332,2.541433,2.581433,2.611433,2.061433,1.2714331,-0.0985669,1.711433,1.6014332,0.8114331,-0.1385669,-0.6585669,-1.3585669,-0.11856689,-0.3185669,2.391433,0.8714331,-0.11856689,-0.3985669,1.9414331,1.9314331,0.6214331,2.7114332,-2.468567,-0.7785669,1.6014332,3.6614332,-0.8585669,0.8014331,-0.6285669,0.3714331
4.611433,3.651433,3.1814332,2.571433,1.831433,1.5014331,0.69143313,0.9714331,1.6614331,2.381433,1.7814331,-0.2785669,-0.3785669,2.1714332,2.301433,1.8714331,1.8914331,1.2714331,1.5214331,1.4714332,1.8714331,0.18143311,-0.55856687,-2.138567,-1.038567,2.111433,1.2414331,-0.5185669,3.041433,2.831433,5.111433,-1.0585669,-0.6185669,-0.55856687,-1.4785669,-3.7685668,-0.7885669,3.891433,2.7514331,1.2314332,0.9914331
3.851433,1.331433,0.8314331,0.071433105,0.6714331,1.3714331,0.1614331,1.4014331,1.9814332,0.9714331,1.5214331,1.4214331,-0.2685669,0.09143311,0.8514331,1.1514331,0.061433107,0.75143313,0.9214331,-0.8285669,-1.9385669,-0.12856689,0.7114331,-0.9685669,-0.3785669,0.6814331,2.051433,1.7214332,0.4814331,3.061433,4.261433,1.1414331,3.851433,3.281433,-1.3185669,-0.3285669,-0.0985669,-1.4385669,-1.2785668,-0.6685669,-0.80856687
5.1014333,4.201433,1.7414331,1.6214331,0.9114331,1.341433,2.9714332,2.2114332,2.021433,2.071433,2.291433,2.581433,1.091433,-0.5085669,-0.3985669,0.8614331,1.3014331,1.1514331,0.36143312,-1.038567,-0.3185669,-0.35856688,0.2614331,0.1114331,0.6514331,0.5614331,-0.018566895,1.4714332,1.6414331,2.321433,2.871433,3.4814332,2.6814332,3.031433,2.791433,5.821433,3.1714332,1.2714331,0.6614331,-0.7685669,0.7114331
6.681433,6.281433,6.611433,6.731433,5.341433,5.171433,4.651433,3.1614332,2.571433,2.551433,2.9214332,1.8514332,1.6114331,1.8214331,1.091433,1.1114331,0.9114331,0.1714331,-0.47856688,-1.1785669,-0.8585669,-0.1385669,1.1014332,1.2814331,0.39143312,-0.4585669,-0.4985669,0.9714331,1.7514331,3.9314332,2.9214332,1.8714331,3.351433,2.7514331,0.0014331054,-0.7885669,-1.038567,2.6914332,-0.7985669,-0.23856689,3.631433
7.751433,7.461433,6.691433,6.931433,6.951433,6.411433,5.511433,5.111433,5.1214333,3.9614332,4.191433,3.6814332,2.791433,2.1714332,2.401433,2.121433,1.9114331,1.1114331,1.7314332,1.4914331,-0.048566893,0.3814331,0.5814331,1.331433,1.081433,1.711433,0.8314331,0.2214331,0.1614331,2.091433,1.9014331,2.341433,4.251433,5.3514333,8.121433,1.9114331,1.6214331,2.831433,-3.3285668,1.5214331,0.6714331
7.701433,8.121433,8.151433,8.061433,7.821433,7.711433,7.401433,6.941433,5.251433,4.471433,3.5014331,3.5014331,3.1814332,3.551433,3.401433,2.9514332,2.841433,2.831433,2.9914331,3.4914331,3.091433,0.6714331,1.9814332,1.7414331,2.7414331,2.7414331,2.351433,2.7114332,2.4314332,1.6814331,2.631433,3.4214332,4.321433,5.401433,7.1214333,4.1014333,2.9114332,3.4914331,4.6214333,3.531433,2.4314332
7.181433,7.5614333,7.8714333,8.3814335,8.751433,8.731433,8.861433,8.401433,8.091434,8.671433,7.251433,6.0414333,5.271433,4.3514333,4.1214333,3.101433,3.0114331,3.4814332,3.5014331,3.4614332,4.181433,3.831433,2.871433,2.2614331,2.7514331,2.9914331,3.541433,3.041433,3.311433,3.2014332,2.271433,0.9014331,0.1714331,4.3914332,5.8114333,6.411433,1.8614331,0.6314331,2.391433,6.031433,4.741433
5.911433,6.211433,6.481433,6.301433,6.8314333,8.101433,9.581433,10.001433,8.751433,8.251433,9.451433,8.951433,6.781433,7.171433,6.011433,5.3914332,4.031433,3.9514332,4.361433,4.5614333,4.6014333,3.7214332,3.591433,4.781433,4.271433,3.901433,3.361433,3.9614332,3.591433,2.2314332,1.3014331,0.2514331,0.50143313,0.9214331,1.4314331,7.751433,6.3314333,2.9414332,6.5614333,2.321433,2.2314332
6.3114333,6.951433,6.151433,6.461433,7.401433,7.441433,8.031433,8.571433,8.111433,7.821433,8.061433,7.3114333,7.171433,8.091434,6.5414333,4.981433,4.401433,3.371433,4.131433,4.1414332,4.0414333,3.7514331,3.801433,4.271433,4.431433,4.5614333,4.931433,3.821433,2.551433,1.9414331,1.8714331,2.351433,2.381433,2.601433,2.101433,3.6614332,7.5414333,7.691433,2.271433,0.33143312,0.6014331
4.661433,6.091433,6.8714333,5.981433,6.071433,4.8114333,6.681433,8.921433,10.021433,8.671433,5.661433,4.491433,5.8914332,5.5414333,4.921433,4.321433,3.7114332,3.1714332,3.401433,3.331433,3.9214332,3.851433,3.581433,3.521433,3.611433,4.401433,4.3314333,3.5114331,3.4214332,3.151433,3.1914332,3.131433,3.071433,2.6914332,1.581433,1.461433,3.111433,3.2314332,7.2914333,5.921433,3.9814332
4.531433,4.771433,4.781433,5.931433,4.8914332,5.381433,5.341433,5.731433,4.251433,6.3514333,4.1014333,2.6814332,3.4514332,5.091433,4.1414332,3.591433,2.841433,3.061433,2.9114332,3.331433,3.4614332,3.6614332,3.291433,2.9214332,3.021433,3.1914332,3.381433,3.811433,4.051433,4.191433,4.1214333,4.201433,4.1214333,4.251433,2.9914331,3.4914331,3.611433,3.2314332,7.031433,5.6214333,4.8114333
2.9514332,2.401433,0.9514331,3.5114331,3.381433,2.051433,3.061433,3.9514332,3.5014331,3.641433,1.6514331,1.8914331,1.581433,1.2514331,3.361433,2.4814332,2.571433,2.2314332,2.071433,2.021433,2.2014332,2.811433,3.031433,2.7614331,2.9514332,2.9914331,3.381433,3.551433,3.7014332,3.9514332,3.811433,4.301433,3.821433,3.6614332,3.091433,2.841433,4.6014333,3.521433,4.201433,5.431433,5.281433
