wind_kz.json
{"header": {"discipline":0,"disciplineName":"Meteorological products","gribEdition":2,"gribLength":871,"center":7,"centerName":"US National Weather Service - NCEP(WMC)","subcenter":0,"refTime":"2023-08-26T18:00:00.000Z","significanceOfRT":1,"significanceOfRTName":"Start of forecast","productStatus":0,"productStatusName":"Operational products","productType":1,"productTypeName":"Forecast products","productDefinitionTemplate":0,"productDefinitionTemplateName":"Analysis/forecast at horizontal level/layer at a point in time","parameterCategory":0,"parameterCategoryName":"UnknownDiscipline_0_Category_0","parameterNumber":0,"parameterNumberName":"UnknownParameter_D0_C0_0","parameterUnit":"Unknown","genProcessType":2,"genProcessTypeName":"Forecast","forecastTime":240,"surface1Type":1,"surface1TypeName":"Ground or water surface","surface1Value":0.0,"surface2Type":255,"surface2TypeName":"Missing","surface2Value":0.0,"gridDefinitionTemplate":0,"gridDefinitionTemplateName":"Latitude_Longitude","numberPoints":615,"shape":6,"shapeName":"Earth spherical with radius of 6,371,229.0 m","gridUnits":"degrees","resolution":48,"winds":"true","scanMode":64,"nx":41,"ny":15,"basicAngle":0,"lo1":47.0,"la1":41.0,"lo2":87.0,"la2":55.0,"dx":1.0,"dy":1.0}, "data":
[rows 0 to 14 of 15, columns 0 to 40 of 41]
299.21182,289.31183,294.5118,298.21182,298.11182,297.4118,299.61182,300.61182,298.9118,300.11182,299.0118,300.31183,299.81183,299.31183,298.9118,295.81183,296.71182,297.61182,294.5118,295.61182,298.71182,292.11182,289.4118,287.81183,291.71182,292.0118,289.21182,277.5118,276.71182,276.0118,275.61182,277.31183,286.21182,293.21182,295.61182,297.61182,297.5118,299.61182,299.9118,299.31183,296.0118
280.5118,292.4118,298.4118,298.61182,298.4118,297.0118,299.71182,298.9118,298.21182,299.11182,299.71182,298.21182,297.21182,297.11182,297.21182,296.81183,296.81183,297.21182,296.21182,293.11182,294.31183,296.0118,293.9118,286.21182,277.9118,276.81183,285.5118,276.21182,279.4118,271.61182,278.11182,272.61182,282.0118,263.81183,274.0118,292.9118,292.61182,294.81183,300.11182,291.81183,284.11182
297.71182,297.81183,298.81183,298.71182,297.11182,299.61182,299.11182,299.31183,297.4118,297.0118,295.61182,296.4118,294.5118,295.5118,297.5118,296.11182,295.61182,294.11182,293.4118,294.71182,296.11182,293.9118,296.11182,290.11182,288.5118,289.5118,289.31183,287.5118,288.71182,279.21182,271.31183,275.81183,282.0118,282.11182,283.0118,284.5118,275.0118,277.4118,279.4118,276.5118,277.21182
295.81183,298.0118,298.4118,297.81183,296.71182,298.61182,299.4118,298.71182,298.4118,297.0118,295.81183,295.31183,294.61182,293.9118,297.71182,297.9118,298.11182,295.81183,295.11182,294.21182,294.71182,291.61182,294.11182,295.11182,295.61182,294.4118,294.4118,292.21182,290.11182,290.11182,291.71182,289.0118,294.9118,293.61182,290.11182,286.21182,279.0118,276.71182,279.5118,287.81183,291.21182
296.81183,297.21182,297.81183,297.4118,297.71182,300.0118,301.4118,300.71182,299.71182,298.31183,296.9118,295.81183,294.11182,292.81183,290.81183,298.61182,298.5118,297.0118,295.31183,297.81183,297.71182,297.21182,295.31183,295.4118,294.4118,294.11182,293.11182,293.31183,294.0118,292.61182,295.81183,288.5118,279.21182,272.11182,282.5118,291.11182,293.9118,294.5118,296.11182,295.31183,294.0118
294.71182,294.21182,295.4118,295.81183,296.9118,296.11182,300.71182,301.61182,300.11182,299.4118,299.71182,298.81183,294.4118,293.81183,295.4118,297.4118,299.0118,298.31183,297.81183,298.31183,296.71182,296.81183,296.21182,295.5118,294.5118,292.21182,292.71182,292.31183,295.61182,296.4118,294.5118,295.61182,293.31183,289.9118,287.71182,290.21182,282.71182,285.4118,293.4118,293.5118,294.4118
296.31183,295.4118,296.71182,299.4118,297.5118,298.4118,300.21182,300.0118,300.71182,301.31183,299.0118,299.31183,298.71182,298.4118,297.61182,298.61182,298.21182,298.61182,297.81183,296.81183,295.4118,296.0118,295.81183,295.9118,294.9118,296.71182,294.21182,297.9118,297.71182,294.31183,294.21182,293.71182,293.21182,293.61182,290.61182,289.5118,284.11182,280.4118,278.21182,277.9118,289.31183
297.11182,297.31183,298.71182,298.9118,299.4118,299.61182,297.81183,297.61182,298.5118,299.9118,297.81183,298.31183,298.4118,299.11182,298.5118,298.9118,298.0118,298.21182,297.11182,294.4118,294.81183,294.11182,293.9118,293.81183,292.71182,288.81183,290.4118,291.61182,290.31183,291.81183,290.5118,290.4118,289.0118,286.5118,285.21182,288.81183,289.71182,289.4118,288.4118,290.21182,282.11182
297.11182,297.31183,298.0118,297.0118,299.31183,299.21182,298.11182,296.61182,297.61182,296.9118,296.31183,297.21182,297.11182,297.31183,296.31183,297.71182,297.11182,297.11182,296.31183,294.81183,291.5118,292.11182,292.0118,292.11182,289.5118,291.5118,292.21182,290.61182,290.71182,287.31183,290.5118,286.5118,287.11182,287.61182,286.0118,284.4118,284.61182,283.5118,273.9118,275.71182,272.0118
293.4118,296.9118,296.31183,296.71182,297.31183,298.4118,298.71182,296.9118,297.21182,296.11182,295.31183,294.9118,295.31183,295.31183,295.31183,296.11182,296.0118,295.61182,294.71182,294.5118,292.9118,292.9118,293.71182,295.4118,292.9118,290.31183,292.81183,290.71182,291.9118,288.61182,287.4118,290.0118,290.71182,290.11182,289.0118,286.71182,283.9118,279.11182,271.61182,278.9118,276.61182
294.21182,292.81183,294.9118,296.11182,294.81183,296.11182,296.81183,298.21182,297.0118,295.71182,293.21182,293.11182,294.0118,293.11182,293.21182,293.81183,293.61182,294.81183,294.31183,292.81183,292.31183,292.11182,291.9118,292.31183,291.81183,290.81183,288.4118,290.9118,289.81183,290.9118,292.0118,291.81183,290.31183,288.81183,289.11182,287.0118,283.11182,280.81183,279.0118,280.81183,278.0118
289.9118,292.9118,293.5118,296.5118,294.11182,295.71182,295.11182,295.11182,293.31183,293.9118,288.9118,291.5118,293.21182,292.0118,291.61182,291.0118,291.9118,291.9118,291.4118,291.5118,290.11182,290.11182,289.71182,290.11182,290.11182,293.11182,290.71182,290.9118,291.11182,291.11182,289.71182,288.5118,289.5118,287.0118,286.61182,285.31183,285.9118,285.9118,284.81183,284.31183,283.4118
290.31183,290.21182,294.9118,296.31183,294.31183,293.71182,294.71182,295.9118,293.5118,292.11182,289.11182,287.31183,291.11182,290.11182,290.4118,290.0118,290.4118,290.31183,291.4118,290.71182,290.0118,288.61182,288.11182,288.11182,289.9118,290.11182,291.21182,291.31183,290.21182,288.21182,288.0118,287.31183,286.5118,284.71182,284.0118,283.31183,283.11182,283.31183,284.61182,284.4118,284.11182
286.0118,289.9118,291.71182,294.31183,294.71182,292.61182,293.81183,294.21182,292.71182,291.31183,289.5118,285.61182,286.4118,288.21182,289.31183,290.21182,290.4118,290.11182,290.21182,289.11182,290.4118,289.9118,289.4118,288.9118,289.21182,289.4118,288.71182,289.0118,288.71182,287.5118,286.31183,285.71182,285.5118,286.5118,285.11182,285.5118,283.21182,283.71182,283.0118,283.21182,283.5118
288.71182,290.61182,289.9118,292.5118,293.0118,293.31183,292.81183,290.31183,291.61182,289.0118,288.81183,285.21182,287.0118,286.61182,287.4118,288.61182,288.21182,287.81183,288.11182,288.5118,288.9118,288.31183,287.5118,287.11182,287.0118,286.9118,286.21182,285.4118,285.0118,284.9118,285.21182,284.81183,284.61182,284.11182,286.0118,283.71182,285.4118,282.4118,283.5118,282.81183,282.5118
