wind_kz.json
{"header": {"discipline":0,"disciplineName":"Meteorological products","gribEdition":2,"gribLength":1025,"center":7,"centerName":"US National Weather Service - NCEP(WMC)","subcenter":0,"refTime":"2023-09-10T18:00:00.000Z","significanceOfRT":1,"significanceOfRTName":"Start of forecast","productStatus":0,"productStatusName":"Operational products","productType":1,"productTypeName":"Forecast products","productDefinitionTemplate":0,"productDefinitionTemplateName":"Analysis/forecast at horizontal level/layer at a point in time","parameterCategory":2,"parameterCategoryName":"UnknownDiscipline_0_Category_2","parameterNumber":3,"parameterNumberName":"UnknownParameter_D0_C2_3","parameterUnit":"Unknown","genProcessType":2,"genProcessTypeName":"Forecast","forecastTime":240,"surface1Type":103,"surface1TypeName":"Specified height level above ground","surface1Value":10.0,"surface2Type":255,"surface2TypeName":"Missing","surface2Value":0.0,"gridDefinitionTemplate":0,"gridDefinitionTemplateName":"Latitude_Longitude","numberPoints":615,"shape":6,"shapeName":"Earth spherical with radius of 6,371,229.0 m","gridUnits":"degrees","resolution":48,"winds":"true","scanMode":64,"nx":41,"ny":15,"basicAngle":0,"lo1":47.0,"la1":41.0,"lo2":87.0,"la2":55.0,"dx":1.0,"dy":1.0}, "data":
[rows 0 to 14 of 15, columns 0 to 40 of 41]
1.502207,-1.387793,-0.76779294,-5.617793,-0.957793,-0.06779297,-0.30779296,-0.917793,-4.017793,-3.057793,-5.617793,-4.117793,-8.897793,-1.5177929,-4.347793,-3.737793,-4.377793,-3.907793,-4.427793,-2.807793,-3.967793,-4.637793,-3.117793,-0.787793,-1.947793,-0.76779294,-1.457793,2.082207,2.452207,2.172207,0.07220703,1.412207,-1.3977929,-1.437793,0.12220703,0.16220704,-0.09779297,0.34220704,-0.93779296,-0.797793,-2.3477929
0.782207,0.67220706,-2.947793,-3.487793,3.272207,0.49220702,-1.2677929,1.382207,2.122207,-0.657793,1.652207,0.46220702,-1.7677929,-1.5177929,-3.547793,-4.597793,-3.6077929,-5.857793,-5.877793,-5.017793,-5.697793,-3.307793,-1.5477929,1.522207,1.2322071,1.7122071,-1.257793,2.512207,-0.13779297,1.862207,3.772207,3.602207,-0.11779297,-0.06779297,1.312207,0.972207,-0.897793,-0.857793,-0.18779297,-1.087793,1.402207
0.952207,-1.0277929,-0.16779298,-0.537793,0.80220705,1.632207,0.80220705,-0.39779297,-1.7977929,-0.39779297,-0.607793,-0.92779297,-2.137793,-3.287793,-3.977793,-4.657793,-2.657793,-3.467793,-4.537793,-5.137793,-6.307793,-2.787793,-2.957793,-1.367793,-0.38779297,0.21220703,0.28220704,1.4522071,0.38220704,2.332207,3.812207,1.3522071,1.882207,-1.1677929,-0.837793,3.042207,2.882207,-0.777793,0.012207031,0.40220702,0.652207
0.25220704,-1.827793,-2.8377929,-2.447793,-0.63779294,1.7022071,0.912207,-1.367793,1.6022071,0.05220703,-0.82779294,1.622207,0.952207,-1.807793,-3.037793,-3.957793,-4.087793,-3.727793,-3.147793,-4.297793,-3.497793,-2.677793,-1.1677929,-3.237793,-3.167793,-1.6477929,-3.007793,-2.207793,-1.677793,-2.707793,0.16220704,-1.247793,-1.827793,-0.29779297,-0.06779297,-2.867793,-0.81779295,2.252207,1.782207,0.832207,1.762207
0.93220705,-0.17779297,-0.957793,-0.15779297,-1.737793,-2.047793,-2.8477929,-0.907793,-1.077793,-1.367793,-1.7677929,-0.707793,2.362207,1.062207,-0.46779296,-1.7677929,-2.547793,-0.69779295,-0.47779298,-1.1677929,-2.217793,-3.617793,-3.977793,-3.647793,-4.077793,-3.417793,-1.5477929,-0.80779296,-3.267793,-2.367793,-2.627793,1.572207,2.822207,3.602207,-1.217793,-0.88779294,0.44220704,-1.717793,0.842207,1.4722071,-0.28779298
3.312207,2.172207,2.802207,1.9722071,0.522207,-1.677793,-2.287793,-2.567793,1.132207,-0.017792968,-0.14779297,-0.857793,-1.077793,2.002207,1.922207,1.062207,-0.41779298,-2.157793,-2.1077929,-0.94779295,-1.2677929,-0.957793,-0.42779297,-1.867793,-2.567793,-3.027793,-0.847793,1.932207,-1.2977929,1.3322071,2.972207,2.502207,0.062207032,0.99220705,2.1422071,1.892207,3.062207,3.872207,1.0822071,0.062207032,0.542207
2.762207,2.232207,3.882207,2.462207,2.332207,1.362207,0.50220704,0.76220703,0.62220705,1.412207,1.5922071,1.682207,1.7222071,1.142207,0.81220704,2.622207,2.712207,1.8422071,0.30220702,-0.007792969,0.26220703,0.61220706,0.34220704,2.322207,0.602207,-0.05779297,-1.6577929,1.0822071,0.25220704,3.222207,1.042207,1.0822071,-1.1577929,1.8522071,-1.0477929,-0.82779294,-3.057793,0.42220703,1.142207,-0.30779296,2.342207
2.382207,1.282207,0.03220703,0.022207031,-1.427793,-1.9177929,-1.0277929,-0.11779297,-0.41779298,-0.74779296,-0.24779297,0.582207,0.43220702,-0.107792966,-1.0277929,-0.837793,-0.30779296,0.25220704,1.7122071,1.162207,-0.017792968,-0.86779296,-1.587793,-1.0177929,2.782207,3.782207,2.6422071,1.262207,-1.597793,0.76220703,1.052207,0.99220705,3.4122071,2.1522071,1.922207,1.532207,2.502207,2.072207,-0.67779297,-0.12779297,-1.807793
0.21220703,-0.34779298,-0.23779297,-1.247793,-0.20779297,-2.487793,-3.827793,-3.3477929,-3.487793,-3.307793,-3.477793,-4.087793,-3.017793,-3.567793,-3.547793,-5.917793,-6.147793,-5.267793,-4.437793,-5.067793,-2.387793,-4.677793,-3.717793,-0.18779297,-0.537793,3.202207,3.472207,2.8922071,2.1622071,1.802207,1.2222071,0.102207035,3.132207,4.402207,3.472207,2.982207,-1.207793,1.932207,1.562207,1.4522071,-0.897793
0.68220705,-0.50779295,-1.707793,-0.62779295,-1.6477929,-2.617793,-3.887793,-3.287793,-4.547793,-3.917793,-3.267793,-1.877793,-2.547793,-2.3377929,-2.377793,-3.367793,-2.667793,-2.767793,-3.517793,-4.567793,-5.277793,-4.637793,-4.607793,-5.447793,-5.217793,-6.147793,2.9022071,2.052207,3.782207,4.032207,3.132207,4.172207,2.782207,0.80220705,3.952207,3.422207,1.152207,-2.197793,0.832207,3.6522071,3.002207
-2.277793,-1.577793,-1.967793,-0.787793,-2.527793,-3.317793,-2.237793,-1.007793,-1.937793,-1.9177929,-1.257793,-0.36779296,-0.06779297,-1.317793,-2.657793,-3.567793,-4.2277927,-4.657793,-4.777793,-5.217793,-5.007793,-5.087793,-5.9777927,-5.437793,-4.297793,-3.697793,-4.4577928,-7.107793,0.14220703,3.512207,5.602207,4.5422072,4.582207,3.672207,4.342207,3.002207,1.862207,3.222207,2.9022071,1.662207,0.50220704
-1.597793,-3.5977929,-2.8577929,-3.247793,-2.667793,-1.2877929,-1.697793,-1.747793,-2.907793,-3.537793,-2.767793,-0.40779296,1.4522071,-0.31779298,-1.6677929,-2.547793,-3.037793,-3.8577929,-3.657793,-4.567793,-5.077793,-5.277793,-4.747793,-4.2277927,-3.6077929,-3.907793,-2.467793,-3.797793,-5.067793,-5.407793,-1.977793,6.162207,5.092207,4.822207,3.962207,4.692207,3.622207,4.062207,3.752207,2.962207,1.7122071
-0.597793,-1.7877929,-1.2977929,-0.81779295,-1.827793,-1.5377929,-2.437793,-2.047793,-2.617793,-2.487793,-2.007793,-1.4177929,-0.74779296,-1.837793,-2.5877929,-2.407793,-2.467793,-2.777793,-2.257793,-2.267793,-2.147793,-1.567793,-1.5477929,-1.727793,-3.387793,-3.257793,-3.3577929,-4.117793,-0.837793,-2.617793,-3.207793,-3.327793,6.5222073,7.112207,5.572207,5.102207,4.942207,2.792207,4.802207,3.1422071,1.4722071
0.542207,-0.897793,-3.287793,-1.977793,-2.027793,-1.7977929,-2.3377929,-2.397793,-2.077793,-2.067793,-0.82779294,-0.717793,-0.14779297,-1.857793,-2.547793,-2.687793,-2.3577929,-2.057793,-1.6577929,-1.987793,-2.487793,-1.0277929,-1.067793,-1.467793,-1.4077929,-1.237793,-1.617793,-1.327793,-2.197793,-0.667793,-1.127793,-1.087793,1.002207,5.842207,6.5422072,6.452207,4.822207,5.332207,4.0422072,3.882207,2.9122071
-0.67779297,-0.35779297,-1.7777929,-1.847793,-1.857793,-1.697793,-1.9077929,-1.707793,-2.307793,-2.6077929,-1.617793,-2.137793,-0.44779298,-1.127793,-2.447793,-2.667793,-3.987793,-4.497793,-5.367793,-4.897793,-4.2277927,-4.937793,-3.627793,-2.497793,-1.0177929,-0.667793,0.22220702,-0.14779297,-0.86779296,-0.28779298,-0.82779294,-2.8577929,3.502207,4.812207,5.472207,8.592207,8.512207,7.312207,7.2722073,6.172207,3.012207
