wind_kz.json
{"header": {"discipline":0,"disciplineName":"Meteorological products","gribEdition":2,"gribLength":1025,"center":7,"centerName":"US National Weather Service - NCEP(WMC)","subcenter":0,"refTime":"2023-09-10T12:00:00.000Z","significanceOfRT":1,"significanceOfRTName":"Start of forecast","productStatus":0,"productStatusName":"Operational products","productType":1,"productTypeName":"Forecast products","productDefinitionTemplate":0,"productDefinitionTemplateName":"Analysis/forecast at horizontal level/layer at a point in time","parameterCategory":2,"parameterCategoryName":"UnknownDiscipline_0_Category_2","parameterNumber":2,"parameterNumberName":"UnknownParameter_D0_C2_2","parameterUnit":"Unknown","genProcessType":2,"genProcessTypeName":"Forecast","forecastTime":60,"surface1Type":103,"surface1TypeName":"Specified height level above ground","surface1Value":10.0,"surface2Type":255,"surface2TypeName":"Missing","surface2Value":0.0,"gridDefinitionTemplate":0,"gridDefinitionTemplateName":"Latitude_Longitude","numberPoints":615,"shape":6,"shapeName":"Earth spherical with radius of 6,371,229.0 m","gridUnits":"degrees","resolution":48,"winds":"true","scanMode":64,"nx":41,"ny":15,"basicAngle":0,"lo1":47.0,"la1":41.0,"lo2":87.0,"la2":55.0,"dx":1.0,"dy":1.0}, "data":
[rows 0 to 14 of 15, columns 0 to 40 of 41]
3.13461,-0.38539,1.25461,-4.71539,-5.76539,-8.68539,-5.98539,-7.04539,-9.38539,-5.47539,-5.22539,-6.14539,-6.50539,-5.84539,-4.94539,-4.01539,-4.08539,-4.04539,-5.18539,-3.40539,-2.7953901,-1.06539,-0.22539002,-0.045390014,-0.31539002,-2.20539,-2.10539,0.71461,1.47461,0.47460997,0.86460996,2.51461,2.06461,0.06460998,-3.58539,-1.96539,-4.35539,-3.19539,-3.68539,-2.34539,-2.67539
-0.14539002,-0.98539,-1.59539,-5.07539,-2.89539,-2.37539,-6.79539,-7.46539,-6.62539,-6.45539,-6.12539,-6.13539,-5.09539,-3.73539,-3.70539,-4.07539,-2.41539,-3.83539,-3.2953901,-2.40539,-2.33539,-1.67539,-2.27539,-1.39539,1.20461,1.49461,0.21460998,1.68461,-0.045390014,0.0046099853,0.33461,0.0046099853,2.17461,-1.22539,-0.27539003,-0.36539,-1.4853901,-0.54539,0.51461,1.21461,-0.80539
0.23460999,-3.84539,-1.13539,-6.60539,-3.25539,1.46461,-2.12539,-3.0553901,-5.21539,-4.97539,-3.95539,-3.74539,-3.46539,-3.63539,-3.44539,-3.5453901,-3.22539,-0.88539004,-0.43539003,-0.60539,-0.56539,0.65461,-1.95539,-1.90539,-0.0053900145,-0.14539002,-0.88539004,1.53461,0.15460998,-0.095390014,-0.58539003,-0.18539001,0.31460997,-0.38539,-0.94539,0.084609985,0.42461,-0.06539001,2.04461,2.52461,1.3846099
-1.22539,-2.38539,-1.39539,-2.76539,-4.61539,-1.68539,-1.32539,-3.93539,-3.40539,-3.75539,-3.2953901,-2.8053901,-0.96539,-1.53539,-1.07539,0.034609985,0.93461,1.34461,1.41461,1.43461,1.1346099,0.92460996,2.23461,1.35461,1.18461,1.43461,1.18461,0.034609985,0.31460997,1.90461,1.00461,-0.57539004,-1.42539,-2.71539,-2.21539,-0.42539,-0.025390014,1.83461,-1.39539,-1.19539,-2.16539
0.25460997,0.73460996,1.21461,-1.63539,-2.34539,-2.09539,-2.72539,-1.4853901,-0.85539,-1.03539,-3.18539,-2.08539,-1.72539,0.75461,3.12461,3.07461,3.68461,3.17461,3.29461,3.51461,3.49461,3.11461,3.23461,3.7046099,3.37461,2.87461,2.53461,3.15461,1.59461,1.33461,2.56461,1.7646099,0.56461,2.29461,-0.48539,-1.51539,0.32461,-0.69539,-0.44539002,-0.97539,3.59461
0.35461,3.05461,2.96461,2.18461,1.17461,-0.035390016,-0.87539,-1.14539,-0.95539004,-1.40539,0.034609985,1.29461,3.06461,4.19461,4.11461,2.97461,2.56461,3.03461,3.57461,3.98461,3.40461,3.59461,3.74461,3.66461,3.9446099,3.98461,4.16461,7.02461,3.85461,3.72461,3.40461,3.14461,4.43461,2.30461,0.79460996,-3.01539,0.85460997,0.66460997,4.03461,4.96461,5.67461
2.16461,-0.87539,1.87461,2.57461,2.58461,0.38461,1.32461,0.43460998,1.21461,2.83461,1.42461,2.43461,3.39461,1.35461,-0.61539,1.74461,3.82461,4.02461,4.21461,4.24461,5.40461,5.96461,4.20461,5.18461,5.05461,5.31461,4.63461,4.5746098,4.68461,4.12461,2.97461,3.96461,3.63461,1.86461,-2.15539,-3.34539,-0.88539004,2.68461,-0.25539002,-0.40539002,0.35461
0.77461,-0.75539,-0.045390014,1.49461,0.35461,-0.76539004,-2.0553901,-1.89539,-0.30539,1.72461,2.02461,0.84461,-1.04539,0.73460996,2.62461,4.21461,4.19461,4.35461,4.77461,5.91461,6.60461,6.61461,6.42461,6.36461,7.35461,7.18461,7.66461,6.40461,6.90461,6.10461,4.89461,5.00461,4.66461,3.13461,1.8846099,0.054609984,1.85461,1.57461,2.43461,3.53461,0.24460998
1.21461,-2.10539,-1.63539,-2.67539,-3.38539,-2.17539,-1.7353901,-0.64539003,0.10460999,-1.53539,-1.64539,-0.21539001,1.30461,1.44461,1.31461,0.74461,0.66460997,1.31461,1.60461,1.87461,2.36461,0.92460996,2.54461,4.12461,4.34461,6.08461,8.29461,8.60461,7.25461,6.77461,7.03461,6.19461,5.52461,3.39461,0.98460996,-0.94539,0.59461,1.65461,-0.93539,1.03461,0.13460998
-2.86539,-3.20539,-3.13539,-2.2953901,-2.97539,-3.20539,-2.53539,-1.26539,0.054609984,0.71461,1.42461,-1.14539,-0.66539,1.98461,2.29461,1.05461,1.0146099,0.58461,0.87461,1.68461,3.52461,4.12461,5.66461,6.44461,6.25461,7.11461,6.93461,7.20461,7.43461,7.47461,6.59461,6.03461,3.86461,2.10461,-1.07539,-1.28539,-2.51539,-1.21539,-1.71539,0.43460998,0.0046099853
-2.21539,-2.70539,-3.03539,-2.83539,-2.32539,-2.0453901,-1.81539,-1.81539,-1.80539,-1.93539,-1.3553901,-0.08539002,1.2646099,0.52461,-1.21539,-0.045390014,0.43460998,1.75461,1.02461,1.2646099,2.66461,2.7046099,4.63461,6.50461,6.14461,7.10461,6.42461,7.14461,7.81461,1.30461,5.09461,2.55461,1.99461,1.42461,-0.41539,-2.14539,-2.58539,-0.91539,-0.97539,1.1346099,-1.05539
-1.1153901,-1.78539,-1.76539,-1.93539,-2.02539,-2.21539,-2.5453901,-2.39539,-1.51539,-1.09539,-0.69539,-1.04539,-0.89539003,-1.42539,0.33461,0.52461,1.34461,1.44461,0.45461,1.82461,1.41461,2.39461,2.90461,2.72461,0.83461,0.58461,1.90461,1.6446099,0.06460998,-0.48539,-1.4853901,-1.50539,1.99461,-0.06539001,-0.68539,-1.16539,-1.91539,0.99461,0.23460999,-0.73539,-0.65539
-1.16539,-0.38539,-1.66539,-1.8553901,-1.53539,-1.25539,-0.72539,0.15460998,0.084609985,-0.86539,-0.55539,-0.48539,0.32461,-0.06539001,0.56461,0.87461,0.86460996,1.03461,1.0146099,0.29461,0.69461,0.99461,0.18460998,1.2646099,0.73460996,0.34460998,-0.44539002,-2.09539,-2.52539,-2.10539,-2.31539,-1.70539,-1.58539,-1.22539,-2.07539,-1.88539,0.31460997,-0.76539004,-2.74539,-1.8653901,-1.1153901
-1.39539,-1.89539,-1.81539,-1.83539,-1.77539,-2.08539,-1.14539,-1.45539,-1.26539,-1.13539,-1.01539,-0.35539,1.09461,0.94461,1.07461,0.74461,0.26461,-0.12539001,-0.31539002,-0.17539002,-0.18539001,0.054609984,0.88461,-0.46539003,-1.46539,-2.34539,-2.65539,-2.57539,-2.62539,-2.67539,-2.58539,-2.53539,-2.70539,-2.8053901,-2.0453901,-1.95539,-1.90539,-2.42539,-1.4853901,-0.63539004,-1.1053901
-1.63539,-1.67539,-3.07539,-3.25539,-2.50539,-1.91539,-1.00539,-1.69539,-0.69539,-0.81539,-1.37539,-0.31539002,0.124609984,1.16461,1.40461,0.17460999,-0.53539,-0.18539001,-0.38539,-0.16539001,-0.24539001,-0.45539,-0.58539003,-1.25539,-1.42539,-2.3053901,-3.44539,-3.88539,-4.00539,-4.00539,-4.23539,-2.48539,-1.95539,-1.78539,-1.32539,-0.74539,-1.08539,0.41461,0.57461,0.53461,-0.95539004
