wind.json
{"header": {"discipline":0,"disciplineName":"Meteorological products","gribEdition":2,"gribLength":1211,"center":7,"centerName":"US National Weather Service - NCEP(WMC)","subcenter":0,"refTime":"2023-06-28T06:00:00.000Z","significanceOfRT":1,"significanceOfRTName":"Start of forecast","productStatus":0,"productStatusName":"Operational products","productType":1,"productTypeName":"Forecast products","productDefinitionTemplate":0,"productDefinitionTemplateName":"Analysis/forecast at horizontal level/layer at a point in time","parameterCategory":2,"parameterCategoryName":"UnknownDiscipline_0_Category_2","parameterNumber":2,"parameterNumberName":"UnknownParameter_D0_C2_2","parameterUnit":"Unknown","genProcessType":2,"genProcessTypeName":"Forecast","forecastTime":300,"surface1Type":103,"surface1TypeName":"Specified height level above ground","surface1Value":10.0,"surface2Type":255,"surface2TypeName":"Missing","surface2Value":0.0,"gridDefinitionTemplate":0,"gridDefinitionTemplateName":"Latitude_Longitude","numberPoints":688,"shape":6,"shapeName":"Earth spherical with radius of 6,371,229.0 m","gridUnits":"degrees","resolution":48,"winds":"true","scanMode":64,"nx":43,"ny":16,"basicAngle":0,"lo1":45.0,"la1":40.0,"lo2":87.0,"la2":55.0,"dx":1.0,"dy":1.0}, "data":
[rows 0 to 15 of 16, columns 0 to 42 of 43]
-5.6235476,-0.27354735,1.8364526,-4.1235476,-3.2935474,1.6864526,3.1864526,-2.7635474,-0.71354735,-5.3535476,-4.733547,-7.003547,-4.9235473,-4.4935474,-3.2735474,-1.5635474,-0.65354735,-1.1335473,-1.4335474,-0.84354734,-2.0135474,-0.91354734,-2.1735473,1.9064527,-0.72354734,-1.9035474,-0.84354734,-0.7535474,-0.7335474,1.4764526,0.80645263,0.5664526,-0.43354738,-0.64354736,1.2264526,-3.2335474,-6.753547,0.40645263,0.9564526,0.20645264,-7.1035476,-8.803547,-10.233547
1.5064527,4.186453,-3.3735473,-2.2335474,2.5464525,4.1164527,-0.07354736,0.24645263,0.13645263,-2.5835474,-5.7835474,-5.1535473,-5.1035476,-6.233547,-3.4735475,-2.1735473,-1.2035474,-2.8735473,-2.2835474,0.28645265,-6.483547,-5.7235475,-5.7235475,-2.4835474,-0.59354734,-1.3035474,0.18645264,-2.1435473,-3.3235474,-1.3435473,1.0264527,0.026452636,1.3564526,-1.0535474,-0.19354737,1.8764527,1.5564526,0.42645264,-7.4035473,-3.9035473,-10.103547,-10.933547,-7.2835474
2.4164526,-2.3535473,1.0764526,1.9064527,3.2364526,2.3364527,3.6664526,-2.1635473,1.8664527,-6.233547,-5.233547,-4.733547,-7.713547,-7.543547,-4.8435473,-2.5035474,-2.5535474,-4.7435474,-1.4535474,-5.8035474,-5.8435473,-8.683547,-7.503547,-6.3835473,-4.8735476,-4.6335473,-1.0735474,1.9364526,-1.7435473,-0.13354737,-4.6035476,-1.7835474,-0.013547364,-0.22354737,-0.6135474,-3.2835474,0.8264526,-0.41354737,-1.2035474,-5.6535473,-2.8335474,0.67645264,-1.9935473
1.2864527,2.5764527,7.3964524,18.956453,7.3064528,2.8464527,0.67645264,1.1464527,1.5064527,-5.4435472,-10.313547,-8.903547,-7.063547,-6.293547,-4.8535476,-3.0635474,-2.7435474,-3.6435473,-4.4335475,-6.0135474,-7.8535476,-8.093548,-6.7235475,-9.2035475,-9.143547,-10.1635475,-4.6135473,-6.1335473,-3.0835474,-2.5735474,-2.8835473,-0.53354734,-1.0935473,1.9164526,-0.0035473632,-0.103547364,-0.28354737,-2.3935473,0.18645264,0.16645263,3.3764527,2.7464526,2.4964526
5.206453,7.4064527,9.0864525,6.186453,3.5764527,0.8164526,2.6064527,1.1464527,-3.0335474,-8.943547,-9.543548,-7.8535476,-4.713547,-4.733547,-3.3835473,-3.0635474,-1.4535474,-4.6235476,-4.0135474,-4.7635474,-8.023547,-8.303547,-7.753547,-11.243547,-7.0835476,-8.723547,-7.6635475,-8.373548,-7.733547,-10.683547,-6.7235475,-2.7935474,-0.24354737,-0.88354737,2.6764526,0.58645266,-1.7935474,-1.9435474,-2.0235474,1.7364526,1.1264527,0.20645264,1.0064527
5.8664527,7.956453,7.8064528,8.246452,-1.4835473,-2.0635474,-2.0035474,1.5764526,-6.5735474,-9.313547,-8.9535475,-7.0335474,-4.1735473,-3.7035475,-2.3835473,-1.8835473,-2.4735475,-4.2435474,-4.4435472,-4.9135475,-4.3235474,-7.983547,-8.853547,-7.273547,-7.1935472,-6.5335474,-6.713547,-6.2835474,-6.213547,-4.793547,-4.3635473,-3.4335473,-5.523547,-2.6035473,-3.6235473,0.47645265,1.4064527,-0.45354736,2.1164527,-1.6835474,-1.5635474,-1.8035474,-3.9635475
5.3464527,8.076452,5.536453,4.3864527,0.30645263,0.64645267,-3.7435474,-1.6435474,-7.273547,-9.4135475,-7.023547,-6.213547,-3.0935473,-2.4935474,0.006452637,-3.8135474,-3.7935474,-3.8835473,-4.3035474,-4.7435474,-6.1935472,-5.6435475,-4.8735476,-4.713547,-4.1035476,-4.003547,-3.9335473,-4.3535476,-4.1335473,-5.003547,-4.2035475,-7.463547,-6.1635475,-5.963547,-3.9935474,-3.0435474,-1.3435473,-4.2835474,0.28645265,2.7764525,4.1064525,0.96645266,-3.8435473
4.686453,6.5264525,4.706453,4.8664527,3.7664526,1.1464527,0.116452634,-4.9435472,-5.253547,-6.4235473,-3.9435472,-3.7435474,-2.0435474,-0.96354735,-0.9335474,-1.1435474,-3.9635475,-3.9735475,-4.1835475,-5.023547,-5.4535475,-4.733547,-3.8535473,-3.8135474,-3.9635475,-3.4335473,-2.8535473,-3.7935474,-5.773547,-6.1035476,-7.463547,-5.4335475,-5.3935475,-6.023547,-3.0735474,-4.6135473,-2.5035474,-2.3635473,-0.9935474,2.9564526,-0.07354736,0.13645263,4.4464526
3.2664526,5.1664524,4.2964525,5.2364526,5.6164527,-1.0535474,-0.5035474,-1.9235474,-3.9235473,-2.8735473,-3.5735474,-4.3435473,-4.6435475,-4.5335474,-3.7035475,-4.7235475,-4.3235474,-3.7935474,-4.3435473,-4.3235474,-4.503547,-4.8435473,-4.0535474,-4.063547,-3.3035474,-2.9435472,-4.2435474,-3.0035474,-5.6035476,-5.0735474,-4.8635473,-4.2835474,-3.9035473,-2.6935472,-2.5135474,-2.4735475,-2.7835474,2.6764526,3.3164527,4.8064528,3.2464526,5.4864526,-0.23354736
4.226453,3.8164527,4.4464526,3.6864526,2.0764527,-1.5335474,0.5664526,1.0064527,-0.7435474,-1.5535474,-2.8935473,-2.6335473,-3.0535474,-3.8335474,-3.7435474,-3.7235475,-4.1935472,-3.9735475,-4.2635474,-4.4535475,-4.463547,-4.4935474,-4.6735473,-4.1935472,-3.9235473,-3.8535473,-3.2135475,-4.4135475,-3.2335474,-3.3835473,-2.0635474,-2.3835473,-2.5435474,-1.5435474,-0.9235474,-1.6435474,0.036452636,1.1764526,0.83645266,-2.9435472,-2.5935473,0.7464526,-1.2035474
3.1264527,1.8564526,4.5564528,2.9064527,2.7164526,1.7364526,-0.9335474,0.22645263,0.46645263,-0.8135474,-1.1935474,-2.3435473,-3.0235474,-4.3335476,-3.9535475,-3.9935474,-3.6335473,-3.5035474,-3.3035474,-4.5935473,-4.253547,-4.1735473,-3.9935474,-3.7535474,-3.9435472,-3.8835473,-3.6435473,-4.1335473,-3.0035474,-3.1735473,-2.8735473,-2.2435474,-1.2935474,-1.0335474,-2.5035474,-1.9235474,-0.65354735,1.6564527,-1.2335473,-0.13354737,-3.1535473,-0.97354734,0.44645265
0.21645264,1.8364526,2.7864525,4.4164524,2.7764525,0.9464526,0.65645266,-0.36354735,1.5264527,2.0564528,-1.3635473,-2.6135473,-3.1935472,-3.4835474,-4.1735473,-3.4235473,-2.6235473,-2.6235473,-3.1835473,-3.0935473,-3.9335473,-3.3835473,-3.5135474,-3.8335474,-2.8835473,-2.5935473,-0.9835474,-2.6535473,-0.91354734,-1.3935474,-0.90354735,-0.023547363,-1.5835474,-2.5935473,-3.0335474,-1.6835474,-2.8035474,-1.1135473,-1.7135473,-1.0535474,-0.63354737,1.2664527,-0.8635474
1.1964526,0.59645265,0.6864526,3.2864525,2.9664526,1.4464526,-0.6135474,0.026452636,0.5064526,1.7964526,-1.0735474,-2.1535473,-4.233547,-2.4735475,-2.9635475,-2.8035474,-1.2335473,-1.3935474,-1.1635474,-1.2935474,-2.6635473,-0.5635474,-2.1835473,-0.023547363,-0.7435474,0.30645263,1.7264526,2.0764527,-1.3435473,-0.45354736,-0.66354734,-1.5235474,-0.51354736,-2.3035474,-1.0435474,-1.5135474,-0.91354734,-1.5335474,-1.5535474,-0.22354737,0.15645264,0.076452635,0.016452637
-0.39354736,-0.52354735,0.5664526,0.006452637,1.8164526,0.08645263,1.5664526,-0.103547364,2.4764526,1.4564526,2.0564528,-2.2035475,-1.1835474,-1.4835473,-1.1835474,-0.9335474,-0.6835474,-0.5535474,-0.31354737,-0.66354734,-0.83354735,-0.043547362,-0.41354737,-0.40354738,0.78645265,1.2964526,3.7964525,1.2164526,2.1364527,0.24645263,1.0464526,0.72645265,2.6164527,2.0064526,2.8464527,2.9164526,1.4064527,1.7764527,-0.12354736,-1.0035473,-1.3035474,-0.5635474,-0.44354737
-0.103547364,-0.28354737,-0.40354738,0.116452634,1.7964526,2.1864526,-0.89354736,0.7564526,2.3864527,2.2064526,1.5764526,-0.043547362,-2.4935474,-2.2335474,-0.11354736,0.41645265,0.6264526,0.42645264,0.13645263,-0.15354736,-0.08354736,0.8764526,1.3864527,1.5864526,1.9164526,2.4964526,1.8964527,0.21645264,-0.35354736,1.0864526,1.9964527,3.0664527,3.4764526,3.3964527,3.0664527,3.2464526,3.0364525,1.5764526,1.0464526,1.1864526,-1.5335474,-0.9835474,0.48645264
0.79645264,1.4664526,0.5664526,1.2164526,0.28645265,1.9064527,2.3064528,-0.22354737,3.1564527,3.5264525,2.0464525,2.2364526,-1.8835473,-1.5135474,-1.1635474,1.0364527,0.9364526,0.73645264,1.2864527,0.86645263,0.86645263,1.0664526,1.6664526,2.2864525,2.0564528,2.6764526,2.8064528,3.2964525,3.1664526,3.0064526,3.5364525,3.6164527,4.4464526,5.2164526,4.1664524,2.7864525,3.0964527,3.0264525,0.9464526,-2.5735474,-1.8735473,-0.08354736,-0.38354737
