wind_kz.json
{"header": {"discipline":0,"disciplineName":"Meteorological products","gribEdition":2,"gribLength":1025,"center":7,"centerName":"US National Weather Service - NCEP(WMC)","subcenter":0,"refTime":"2024-02-01T12:00:00.000Z","significanceOfRT":1,"significanceOfRTName":"Start of forecast","productStatus":0,"productStatusName":"Operational products","productType":1,"productTypeName":"Forecast products","productDefinitionTemplate":0,"productDefinitionTemplateName":"Analysis/forecast at horizontal level/layer at a point in time","parameterCategory":2,"parameterCategoryName":"UnknownDiscipline_0_Category_2","parameterNumber":3,"parameterNumberName":"UnknownParameter_D0_C2_3","parameterUnit":"Unknown","genProcessType":2,"genProcessTypeName":"Forecast","forecastTime":0,"surface1Type":103,"surface1TypeName":"Specified height level above ground","surface1Value":10.0,"surface2Type":255,"surface2TypeName":"Missing","surface2Value":0.0,"gridDefinitionTemplate":0,"gridDefinitionTemplateName":"Latitude_Longitude","numberPoints":615,"shape":6,"shapeName":"Earth spherical with radius of 6,371,229.0 m","gridUnits":"degrees","resolution":48,"winds":"true","scanMode":64,"nx":41,"ny":15,"basicAngle":0,"lo1":47.0,"la1":41.0,"lo2":87.0,"la2":55.0,"dx":1.0,"dy":1.0}, "data":
[rows 0 to 14 of 15, columns 0 to 40 of 41]
-0.020830078,0.7991699,0.6791699,10.71917,7.14917,3.68917,1.5191699,1.5291699,2.0091698,1.4291699,1.22917,-0.09083008,-0.38083008,-0.80083007,-0.7208301,-0.44083008,-0.19083008,0.10916992,1.1591699,2.7591698,-1.1108301,-2.0308301,3.82917,-0.25083008,2.30917,1.4391699,-0.9608301,2.38917,0.19916992,-1.5608301,0.5191699,-0.47083008,-1.5808301,0.93916994,0.6591699,1.1891699,1.0291699,-8.3007815E-4,0.33916992,-0.80083007,1.5191699
-2.06083,0.7091699,5.70917,7.35917,6.50917,5.05917,1.8991699,1.7991699,2.89917,2.29917,1.61917,0.27916992,-0.16083008,-8.3007815E-4,0.18916993,-0.09083008,0.19916992,-0.07083008,0.06916992,-0.48083007,2.2391698,3.12917,4.56917,3.80917,4.33917,4.22917,0.32916993,3.6991699,-0.2808301,2.9491699,4.75917,4.49917,1.59917,0.6791699,1.46917,0.68916994,0.8491699,-0.6508301,-0.48083007,-2.7908301,0.5291699
-0.56083006,3.7591698,6.45917,6.35917,5.80917,3.59917,2.66917,3.16917,3.05917,2.39917,2.11917,-0.10083008,-0.47083008,-1.4308301,0.25916994,1.2891699,2.65917,2.53917,2.4991698,2.33917,2.9891698,2.59917,4.48917,6.17917,-0.2808301,-0.7308301,1.5791699,1.0291699,-0.9008301,2.0191698,3.2491698,1.8891699,1.48917,-2.2408302,0.11916992,1.9591699,5.96917,-0.4608301,0.9791699,1.0791699,2.17917
0.87916994,-0.3708301,5.99917,5.25917,5.45917,4.33917,4.12917,4.33917,3.27917,0.9291699,0.18916993,0.13916992,-2.7708302,-3.58083,-2.06083,-2.0208302,-0.55083007,-0.39083007,2.84917,6.28917,5.28917,6.78917,6.39917,5.40917,3.5091698,2.09917,4.01917,-2.45083,-1.0408301,-1.6908301,-0.45083007,-1.12083,0.5891699,0.5991699,-1.87083,-5.16083,-3.2808301,2.16917,1.7591699,1.33917,1.4391699
2.0191698,2.52917,2.32917,3.35917,2.87917,4.1391697,3.52917,1.6391699,1.58917,1.0391699,0.06916992,-1.0608301,-3.2408302,-3.65083,-4.22083,-2.34083,-2.32083,-1.5508301,-1.6108301,-1.28083,-0.27083007,0.039169922,6.98917,6.04917,2.7291698,5.40917,6.89917,6.69917,0.07916992,-2.32083,-3.5108302,-1.88083,0.6491699,3.7591698,-1.50083,-0.21083008,-0.36083007,-2.19083,-2.41083,-1.9508301,-1.9408301
2.79917,3.05917,4.41917,3.63917,3.9991698,4.55917,3.54917,2.15917,2.12917,0.5191699,-0.38083008,-0.18083008,-2.61083,-3.2408302,-2.08083,-1.7408301,-1.6008301,-1.01083,-0.30083007,0.5791699,2.11917,1.3091699,2.14917,9.29917,8.76917,5.8291698,5.91917,6.78917,6.21917,4.24917,1.3291699,-1.89083,-0.21083008,-2.0208302,0.9191699,11.16917,4.3291698,3.79917,-0.8308301,-2.2708302,-2.5008302
3.91917,4.18917,4.43917,5.39917,6.0991697,5.30917,4.3891697,3.09917,1.9291699,1.3191699,1.4091699,0.93916994,0.23916993,-0.99083006,-1.5508301,-2.0108302,-1.1708301,-1.1008301,-0.44083008,0.68916994,2.40917,2.9791698,3.37917,2.61917,10.04917,8.01917,5.71917,4.75917,5.75917,7.83917,5.20917,1.4491699,-1.2408301,-2.0108302,-0.61083007,-2.5108302,-2.91083,-2.0008302,0.9891699,-1.2908301,1.9591699
5.02917,5.02917,5.50917,5.65917,5.78917,5.06917,3.66917,3.14917,2.7491698,1.6591699,1.6391699,0.8491699,-0.010830078,-0.110830076,-1.4308301,-2.20083,-1.9308301,-2.5008302,-1.63083,1.2891699,1.7091699,3.6991699,3.16917,3.54917,9.379169,8.52917,8.81917,7.14917,5.67917,10.00917,6.00917,6.19917,1.98917,-0.26083007,0.04916992,-0.45083007,-1.6808301,2.15917,-2.36083,0.099169925,-0.8408301
5.21917,5.67917,5.54917,5.64917,5.70917,5.30917,3.92917,3.17917,2.53917,2.03917,1.3291699,1.3191699,-0.3408301,-0.17083007,-1.7908301,-2.21083,-2.69083,-3.45083,-4.06083,-1.28083,0.61916995,1.73917,2.91917,6.69917,7.48917,6.60917,5.44917,7.03917,6.99917,9.50917,9.24917,7.65917,5.79917,5.3291698,3.91917,3.42917,-2.60083,0.35916993,0.2891699,0.18916993,-1.65083
5.15917,5.55917,5.25917,5.55917,5.6391697,5.18917,3.9791698,3.4691699,3.0191698,2.37917,2.14917,1.34917,1.34917,-0.80083007,-1.3008301,-2.39083,-3.0108302,-3.37083,-3.41083,-3.38083,-2.47083,3.9791698,3.68917,4.77917,5.16917,6.1391697,5.97917,2.7591698,3.7691698,4.24917,5.15917,5.76917,6.1191697,4.03917,3.79917,2.10917,1.36917,-2.5208302,0.30916992,3.83917,3.2091699
4.1191697,5.0791698,5.10917,4.75917,4.78917,4.95917,3.91917,3.1991699,3.10917,2.39917,2.40917,1.58917,2.14917,-0.33083007,-1.16083,-1.4408301,-3.07083,-3.2608302,-3.43083,-3.67083,-2.34083,-1.88083,0.5291699,1.5491699,2.40917,3.4891698,2.9691699,2.5091698,2.43917,3.66917,4.06917,3.86917,3.77917,4.3491697,6.22917,2.02917,1.0291699,2.7191699,1.98917,1.23917,0.30916992
3.11917,3.80917,4.30917,4.64917,4.55917,3.9491699,2.4991698,2.4691699,2.28917,2.1991699,1.7091699,1.5691699,1.7891699,0.32916993,-0.8208301,-0.74083006,-1.4508301,-2.16083,-1.9408301,-2.64083,-1.8108301,-1.1108301,0.039169922,0.33916992,1.6991699,2.43917,2.78917,3.4991698,3.80917,3.42917,3.0091698,4.01917,2.93917,3.16917,3.37917,2.10917,0.7791699,1.4091699,1.5191699,0.62916994,-0.04083008
3.04917,4.1391697,3.54917,3.36917,3.40917,2.57917,1.36917,2.4691699,3.15917,2.04917,1.1791699,1.0391699,1.60917,-0.110830076,-0.6508301,-0.6508301,-0.5808301,-1.53083,-1.9508301,-1.76083,-2.0108302,-1.40083,-0.5308301,1.22917,1.58917,2.2291698,2.4491699,2.61917,2.12917,2.61917,3.06917,3.12917,2.89917,2.4691699,2.86917,3.09917,2.81917,1.8291699,2.33917,0.7791699,-0.14083008
3.2591698,4.01917,4.48917,3.60917,2.81917,1.99917,1.7991699,3.63917,2.7291698,3.28917,0.6791699,0.6791699,1.46917,1.1891699,0.49916992,-0.5408301,-0.45083007,-0.38083008,-1.4408301,-1.3308301,-1.50083,-1.3608301,-1.03083,0.039169922,0.24916992,0.7191699,0.8391699,1.5191699,1.8991699,2.2091699,2.05917,2.07917,2.32917,2.7291698,1.3891699,1.84917,1.33917,1.10917,1.1691699,1.7791699,1.62917
2.68917,3.31917,3.82917,4.1191697,4.04917,2.29917,3.33917,2.27917,3.02917,3.35917,1.5591699,-0.020830078,0.21916991,1.1891699,-0.030830078,0.7391699,-0.06083008,-0.3408301,0.039169922,-0.04083008,-0.9608301,-1.2408301,-1.0408301,0.7691699,1.2791699,0.74916995,1.24917,1.5191699,1.86917,2.55917,3.0091698,2.89917,2.80917,3.07917,3.09917,3.10917,2.5191698,2.33917,2.1991699,2.7391698,1.6891699
