wind_kz.json
{"header": {"discipline":0,"disciplineName":"Meteorological products","gribEdition":2,"gribLength":1102,"center":7,"centerName":"US National Weather Service - NCEP(WMC)","subcenter":0,"refTime":"2023-08-22T12:00:00.000Z","significanceOfRT":1,"significanceOfRTName":"Start of forecast","productStatus":0,"productStatusName":"Operational products","productType":1,"productTypeName":"Forecast products","productDefinitionTemplate":0,"productDefinitionTemplateName":"Analysis/forecast at horizontal level/layer at a point in time","parameterCategory":2,"parameterCategoryName":"UnknownDiscipline_0_Category_2","parameterNumber":3,"parameterNumberName":"UnknownParameter_D0_C2_3","parameterUnit":"Unknown","genProcessType":2,"genProcessTypeName":"Forecast","forecastTime":180,"surface1Type":103,"surface1TypeName":"Specified height level above ground","surface1Value":10.0,"surface2Type":255,"surface2TypeName":"Missing","surface2Value":0.0,"gridDefinitionTemplate":0,"gridDefinitionTemplateName":"Latitude_Longitude","numberPoints":615,"shape":6,"shapeName":"Earth spherical with radius of 6,371,229.0 m","gridUnits":"degrees","resolution":48,"winds":"true","scanMode":64,"nx":41,"ny":15,"basicAngle":0,"lo1":47.0,"la1":41.0,"lo2":87.0,"la2":55.0,"dx":1.0,"dy":1.0}, "data":
[rows 0 to 14 of 15, columns 0 to 40 of 41]
1.2415283,-1.5984716,-1.7084717,-9.578472,-10.288471,-10.498471,-8.828472,-7.418472,-6.168472,-7.3684716,-9.0084715,-8.808472,-8.858472,-8.878471,1.0315284,4.9915285,5.0115285,0.4515283,2.2015283,3.0815284,0.9515283,2.3315284,1.6315284,-1.3584716,-2.4984717,-1.7784717,-1.0184717,0.79152834,3.3115282,4.4515285,1.6315284,0.55152833,0.7115283,-2.0984716,-2.6784716,-3.1884718,-0.47847167,1.1115283,1.2015283,0.5915283,1.7315283
0.5015283,-0.95847166,-4.608472,-7.0084715,-9.158472,-10.308472,-7.5584717,-7.6384716,-7.2384715,-7.2684717,-7.918472,-9.138472,-8.958471,-9.698472,-10.068472,-0.23847169,2.2115283,0.7715283,1.2815284,3.3915284,2.1215284,1.2015283,3.1315284,2.3915284,1.7115283,1.1315284,-1.7884717,2.3715284,0.7015283,1.9715283,5.911528,6.1115284,1.5715283,0.3915283,-1.7784717,-1.8584716,-0.6084717,-2.5084717,-0.95847166,-0.23847169,0.41152832
0.5615283,-0.7384717,-3.5484717,-5.2684717,-6.648472,-4.438472,-5.5384717,-6.0384717,-6.938472,-7.838472,-8.608472,-6.628472,-7.648472,-8.148472,-8.228472,-8.558472,-2.5384717,4.6715283,4.0215282,3.7315283,4.0515285,0.9015283,1.1415284,1.7715284,1.7015283,1.5915283,3.0815284,1.5615283,-0.03847168,3.2915282,6.5515285,3.9015284,3.6515284,-0.8784717,-0.03847168,3.6215284,6.3815284,0.86152834,0.8115283,-0.30847168,-0.00847168
-1.7484717,-4.878472,-5.2484717,-6.0584717,-2.6484716,-2.5984716,-3.1484716,-5.0084715,-4.938472,-5.9284716,-6.0584717,-7.2384715,-9.908472,-9.838471,-7.1584716,-7.7684717,-7.7484717,0.5915283,4.331528,5.5515285,3.8515284,2.8115282,1.1015283,1.7015283,1.9315283,3.2015283,3.1115284,1.8815284,3.0315282,-0.81847167,1.9315283,0.25152832,-0.4584717,-0.44847167,-0.12847167,-4.8884716,-1.2284716,2.9215283,2.1815283,0.4215283,0.14152832
-3.1484716,-4.7584715,-5.2884717,-6.2784715,-6.358472,-2.1784716,-0.95847166,-1.9284717,-2.8284717,-3.6784716,-4.2584715,-4.8484716,-9.218472,-10.228472,-7.648472,-6.2684717,-6.938472,-6.9284716,-4.1584716,2.9315283,4.0715284,3.8415284,2.0715284,0.34152833,2.5415282,2.9415283,3.4015284,0.9615283,1.4915283,-0.58847165,-1.3284717,0.3315283,2.1615283,4.4415283,-1.3584716,-2.0784717,2.0315282,-2.2984717,-1.0184717,0.34152833,-1.1884717
-2.2384717,-1.6484717,-4.628472,-5.4984717,-6.418472,-7.358472,-5.2784715,-2.3484716,-2.4584718,-1.9484717,-2.0584717,-3.2084718,-5.8684716,-8.248471,-7.9084716,-5.358472,-6.9884715,-7.208472,-8.2584715,-6.7784715,2.9915283,1.0215284,2.3215284,2.9015284,4.3615284,2.9115283,1.7915283,2.3515284,0.3915283,-0.40847167,-1.3984717,-1.3984717,-0.7284717,-0.7284717,2.1915283,10.601528,5.391528,5.2315283,-0.4184717,-1.5484717,-1.0384717
-3.2484717,-3.1484716,-3.1784716,-3.6884718,-4.3484716,-2.2184718,-3.3984716,-1.9184717,-0.8584717,-1.0684717,-1.6584717,-1.3284717,-1.9384717,-3.4684718,-4.5984716,-5.2484717,-3.8184717,-3.1884718,-7.9884715,-6.668472,-6.338472,4.2415285,2.5215282,4.6715283,4.811528,4.5015283,1.6015283,1.4115283,0.25152832,-0.08847168,-1.9784716,-3.7684717,-3.9684718,3.4815283,0.8815283,-0.09847168,-2.5784717,1.0215284,2.1315284,1.3615283,1.7315283
-3.1984718,-2.9684718,-3.8884716,-4.0084715,-4.2284718,-3.9084716,-3.3184717,-1.8984717,-2.3284717,-0.89847165,-0.7984717,-1.7684717,-1.2884717,-0.89847165,-1.3784717,-2.3384717,-2.8084717,-3.6584716,-0.7984717,-2.3284717,-4.188472,-4.958472,7.351528,6.911528,7.4215283,5.5115285,6.6715283,1.6615283,0.7615283,0.46152833,-0.69847167,-1.4184717,-0.7184717,-2.8284717,0.67152834,-0.6584717,-0.00847168,1.4615283,-1.3284717,0.8415283,-2.3284717
-3.1784716,-2.9584718,-3.3384717,-2.3984716,-3.1984718,-3.6784716,-2.4984717,-2.2384717,-1.1084716,0.06152832,0.15152831,0.35152832,-0.44847167,-0.2984717,-0.2984717,-0.43847167,-1.2384716,0.2915283,0.40152833,-0.09847168,-1.8784717,-1.4484717,-3.9784718,4.561528,9.181528,5.661528,5.9915285,6.1115284,3.4615283,2.2115283,2.4915283,2.4815283,2.6915283,2.9815283,5.1115284,3.3915284,-2.8884716,-0.64847165,1.1515284,0.73152834,-1.4584717
-2.7284718,-3.3684716,-4.4784718,-4.7884717,-4.4984717,-3.5484717,-3.0984716,-2.5084717,-2.0784717,-0.7484717,1.3415283,0.5715283,1.1515284,0.4215283,0.41152832,0.24152832,0.47152832,1.3315283,1.2915283,0.99152833,1.3215283,0.5715283,2.0115283,-1.0884717,5.7715282,8.851528,7.871528,4.5915284,3.1115284,3.4215283,3.5915284,3.0215282,2.5315282,2.5715284,0.9615283,0.6915283,0.61152834,-2.3584716,-0.9984717,2.3615284,3.0315282
-3.7684717,-4.588472,-4.4884715,-5.5184717,-4.5284715,-4.1784716,-4.0284715,-3.5684717,-2.5084717,-0.5584717,1.4015284,0.73152834,0.8415283,1.0015283,0.18152831,1.5115284,0.86152834,0.4215283,2.3915284,2.3015282,0.5015283,2.1115284,5.2715282,4.081528,-1.3684716,9.761528,8.301528,6.5315285,6.0315285,5.1915283,4.1515284,3.4015284,2.5915284,0.9415283,1.1815283,0.2915283,0.19152832,2.7615283,1.3615283,1.9215283,0.55152833
-2.1284716,-4.0384717,-5.1584716,-5.5184717,-3.9484718,-4.4984717,-4.688472,-4.2884717,-4.5584717,-1.8484716,0.4815283,-0.24847168,0.68152833,1.3715283,1.9515283,3.2515283,2.7015283,2.3415284,2.1815283,2.1415284,3.0115283,0.04152832,2.6815283,5.641528,1.5315284,10.411529,9.971528,9.681528,7.5715284,5.5715284,5.081528,4.0715284,2.5415282,1.8215283,1.0615283,0.28152832,1.0815283,3.1115284,2.5215282,1.8615283,0.5615283
-3.4084716,-4.7484717,-5.0384717,-5.8284717,-5.8084717,-4.318472,-4.7584715,-5.0484715,-4.0584717,-2.7184718,-0.12847167,-0.94847167,-0.89847165,0.14152832,1.1015283,3.1315284,4.7815285,3.1315284,1.6115283,3.1215284,1.8215283,-1.7084717,4.0515285,8.001529,5.121528,8.971528,9.521528,9.9915285,7.8015285,6.4915285,6.181528,6.3615284,3.6515284,2.7815282,2.3815284,2.2215283,1.3415283,1.0415283,0.85152835,0.35152832,-0.07847168
-4.338472,-5.688472,-7.0184717,-6.5184717,-6.8684716,-6.5184717,-5.0184717,-5.128472,-3.6084716,-4.1984715,-1.4084717,-1.2484717,-0.69847167,-1.9284717,-3.1384716,3.5315282,4.6715283,2.7515283,0.91152835,1.9615283,1.3715283,0.99152833,4.0915284,9.121529,6.9015284,2.5915284,8.921528,8.291529,7.871528,7.6515284,6.7415285,6.4815283,5.6515284,4.311528,2.0315282,2.6115284,1.4815283,0.5615283,0.80152833,0.74152833,0.2615283
-3.4184716,-5.818472,-8.778472,-7.338472,-6.9684715,-6.188472,-7.1184716,-6.108472,-4.938472,-4.088472,-1.8884717,-2.2984717,-2.9584718,-1.9784716,-3.1084716,0.6215283,2.3715284,2.8215284,1.0415283,1.8715283,-1.1084716,0.73152834,0.47152832,10.341528,8.271528,5.0115285,6.581528,6.2815285,6.541528,7.1515284,7.141528,7.5015283,5.9615283,5.2515283,4.7815285,3.8715284,3.2615283,3.5715284,1.7615284,1.7715284,0.25152832
