wind_kz.json
{"header": {"discipline":0,"disciplineName":"Meteorological products","gribEdition":2,"gribLength":871,"center":7,"centerName":"US National Weather Service - NCEP(WMC)","subcenter":0,"refTime":"2024-02-01T06:00:00.000Z","significanceOfRT":1,"significanceOfRTName":"Start of forecast","productStatus":0,"productStatusName":"Operational products","productType":1,"productTypeName":"Forecast products","productDefinitionTemplate":0,"productDefinitionTemplateName":"Analysis/forecast at horizontal level/layer at a point in time","parameterCategory":0,"parameterCategoryName":"UnknownDiscipline_0_Category_0","parameterNumber":0,"parameterNumberName":"UnknownParameter_D0_C0_0","parameterUnit":"Unknown","genProcessType":2,"genProcessTypeName":"Forecast","forecastTime":120,"surface1Type":1,"surface1TypeName":"Ground or water surface","surface1Value":0.0,"surface2Type":255,"surface2TypeName":"Missing","surface2Value":0.0,"gridDefinitionTemplate":0,"gridDefinitionTemplateName":"Latitude_Longitude","numberPoints":615,"shape":6,"shapeName":"Earth spherical with radius of 6,371,229.0 m","gridUnits":"degrees","resolution":48,"winds":"true","scanMode":64,"nx":41,"ny":15,"basicAngle":0,"lo1":47.0,"la1":41.0,"lo2":87.0,"la2":55.0,"dx":1.0,"dy":1.0}, "data":
[rows 0 to 14 of 15, columns 0 to 40 of 41]
279.57013,270.47012,277.2701,280.37012,280.57013,281.97012,280.97012,282.7701,282.97012,282.1701,281.87012,282.57013,282.57013,282.37012,282.47012,282.7701,282.6701,282.7701,285.2701,284.6701,284.47012,285.07013,284.57013,282.47012,284.87012,283.97012,274.07013,265.47012,264.47012,262.7701,266.6701,258.97012,268.87012,280.97012,281.97012,279.87012,281.37012,279.57013,278.47012,277.07013,279.97012
253.37012,279.2701,280.1701,280.07013,280.6701,281.07013,279.57013,279.47012,281.97012,283.2701,280.87012,282.37012,282.7701,282.87012,280.6701,279.87012,282.2701,283.1701,282.47012,283.97012,281.6701,281.6701,281.57013,272.1701,263.6701,267.1701,267.47012,264.87012,264.57013,260.97012,269.87012,258.7701,271.6701,250.57011,256.97012,268.97012,267.1701,276.37012,277.97012,272.87012,273.07013
276.97012,278.47012,280.07013,280.37012,280.47012,278.97012,277.87012,277.07013,278.37012,278.97012,278.57013,280.07013,281.2701,281.37012,274.1701,273.2701,275.37012,274.47012,276.2701,276.37012,277.57013,280.57013,280.6701,273.1701,280.7701,273.57013,273.57013,273.97012,277.57013,271.37012,268.07013,270.87012,265.7701,266.07013,262.2701,268.6701,268.07013,259.47012,261.2701,265.7701,263.07013
278.2701,275.97012,278.07013,279.1701,279.1701,277.57013,275.7701,274.7701,278.6701,277.97012,278.47012,279.57013,281.2701,281.97012,276.57013,273.1701,274.97012,273.47012,273.1701,274.47012,277.1701,273.1701,277.6701,273.97012,273.47012,273.57013,273.37012,273.6701,273.37012,272.2701,272.57013,273.07013,276.87012,273.47012,270.47012,271.6701,266.87012,261.37012,272.07013,266.6701,266.6701
275.7701,272.97012,272.37012,272.6701,274.7701,276.37012,274.37012,275.57013,277.2701,275.87012,275.37012,277.87012,279.07013,279.07013,278.2701,273.2701,273.97012,275.97012,276.57013,273.1701,273.1701,273.57013,271.6701,271.6701,270.97012,271.2701,271.57013,271.87012,276.07013,275.57013,272.87012,273.6701,272.07013,263.37012,267.1701,265.37012,266.47012,267.57013,269.7701,267.6701,266.6701
274.6701,274.2701,273.07013,272.97012,272.87012,272.87012,275.6701,276.37012,276.1701,276.2701,273.6701,274.7701,278.7701,279.2701,274.6701,273.6701,272.37012,273.37012,273.1701,273.2701,272.87012,271.6701,270.2701,269.1701,268.7701,267.47012,270.1701,267.57013,268.6701,268.37012,268.2701,269.2701,267.37012,266.87012,272.1701,267.87012,271.37012,266.47012,266.97012,263.7701,264.87012
273.07013,274.1701,275.47012,276.87012,273.7701,275.1701,275.57013,275.07013,273.97012,273.37012,273.2701,273.1701,273.1701,272.97012,271.87012,272.37012,271.87012,271.7701,271.2701,270.7701,270.2701,269.87012,268.6701,268.07013,265.07013,264.57013,263.7701,266.87012,266.87012,268.2701,266.87012,267.2701,267.07013,268.07013,266.2701,267.7701,267.87012,270.97012,265.7701,266.47012,268.1701
273.37012,273.97012,273.87012,274.2701,273.87012,273.47012,273.37012,273.37012,273.2701,273.07013,273.07013,273.1701,271.6701,270.87012,272.47012,271.7701,270.57013,271.37012,270.6701,268.97012,267.57013,267.6701,267.47012,267.2701,267.37012,266.97012,265.97012,263.1701,264.57013,264.47012,265.2701,265.47012,267.57013,265.37012,265.47012,261.1701,260.37012,260.37012,265.97012,267.2701,267.97012
273.2701,273.47012,273.37012,273.37012,273.1701,273.37012,273.47012,273.1701,273.1701,273.07013,272.57013,272.97012,273.1701,273.1701,271.1701,270.47012,270.1701,271.2701,270.7701,269.2701,267.7701,266.87012,266.37012,266.2701,266.07013,265.97012,265.2701,266.47012,267.1701,267.6701,266.1701,266.97012,274.07013,269.7701,264.6701,262.87012,264.6701,264.2701,263.87012,265.2701,265.37012
273.07013,273.1701,273.1701,273.2701,273.1701,273.1701,273.1701,273.1701,273.1701,273.1701,272.87012,272.6701,272.6701,273.1701,272.7701,271.7701,270.07013,270.7701,271.07013,270.57013,269.7701,269.2701,268.07013,266.97012,266.07013,264.87012,266.87012,264.47012,264.2701,266.6701,270.37012,271.87012,271.7701,268.97012,266.2701,264.37012,268.87012,270.97012,272.37012,270.7701,262.7701
272.57013,273.1701,273.1701,273.1701,273.1701,273.1701,273.1701,273.1701,273.1701,273.1701,273.1701,273.07013,273.1701,273.1701,272.97012,272.07013,271.07013,269.97012,270.7701,269.57013,270.07013,270.1701,266.7701,266.6701,266.2701,265.1701,264.07013,266.07013,268.87012,271.7701,270.37012,269.97012,270.2701,270.47012,266.97012,267.1701,271.6701,272.37012,267.07013,268.6701,269.87012
270.47012,273.1701,273.07013,273.1701,273.1701,273.1701,273.1701,273.1701,273.1701,273.1701,273.1701,272.2701,272.2701,272.47012,272.37012,272.37012,270.6701,270.07013,271.07013,269.57013,269.37012,267.97012,267.57013,268.1701,267.2701,265.97012,266.6701,268.2701,267.87012,268.07013,268.97012,266.97012,271.87012,266.57013,268.97012,265.57013,268.37012,269.1701,272.87012,271.6701,272.6701
271.07013,267.97012,273.07013,273.1701,273.1701,273.2701,273.1701,273.1701,273.1701,273.1701,273.1701,271.37012,272.07013,271.97012,272.47012,272.47012,271.57013,269.6701,271.37012,270.6701,270.07013,268.87012,269.97012,269.07013,268.57013,267.87012,267.57013,266.6701,265.97012,266.47012,265.57013,265.1701,265.1701,265.1701,265.2701,266.47012,265.57013,270.37012,268.47012,266.37012,272.57013
271.07013,271.57013,267.47012,273.1701,273.1701,273.1701,273.1701,273.1701,273.1701,273.1701,272.87012,271.07013,271.1701,271.97012,271.57013,272.7701,272.47012,271.6701,271.2701,270.7701,270.07013,270.1701,270.47012,269.2701,267.2701,266.57013,265.7701,266.2701,266.1701,265.7701,264.97012,264.47012,264.6701,264.1701,265.07013,264.6701,267.07013,265.87012,265.87012,269.37012,267.07013
271.1701,268.37012,265.47012,268.7701,272.97012,273.1701,273.1701,273.1701,273.1701,273.1701,273.1701,273.1701,269.87012,271.6701,271.87012,272.37012,272.6701,272.6701,272.37012,271.7701,271.37012,270.2701,270.87012,270.87012,268.97012,267.6701,267.37012,266.87012,266.47012,266.1701,264.57013,264.1701,264.87012,264.97012,265.2701,265.57013,264.6701,264.97012,265.57013,265.6701,267.7701
