wind_kz.json
{"header": {"discipline":0,"disciplineName":"Meteorological products","gribEdition":2,"gribLength":1025,"center":7,"centerName":"US National Weather Service - NCEP(WMC)","subcenter":0,"refTime":"2023-08-27T18:00:00.000Z","significanceOfRT":1,"significanceOfRTName":"Start of forecast","productStatus":0,"productStatusName":"Operational products","productType":1,"productTypeName":"Forecast products","productDefinitionTemplate":0,"productDefinitionTemplateName":"Analysis/forecast at horizontal level/layer at a point in time","parameterCategory":2,"parameterCategoryName":"UnknownDiscipline_0_Category_2","parameterNumber":3,"parameterNumberName":"UnknownParameter_D0_C2_3","parameterUnit":"Unknown","genProcessType":2,"genProcessTypeName":"Forecast","forecastTime":180,"surface1Type":103,"surface1TypeName":"Specified height level above ground","surface1Value":10.0,"surface2Type":255,"surface2TypeName":"Missing","surface2Value":0.0,"gridDefinitionTemplate":0,"gridDefinitionTemplateName":"Latitude_Longitude","numberPoints":615,"shape":6,"shapeName":"Earth spherical with radius of 6,371,229.0 m","gridUnits":"degrees","resolution":48,"winds":"true","scanMode":64,"nx":41,"ny":15,"basicAngle":0,"lo1":47.0,"la1":41.0,"lo2":87.0,"la2":55.0,"dx":1.0,"dy":1.0}, "data":
[rows 0 to 14 of 15, columns 0 to 40 of 41]
2.2168677,2.0768676,-2.0331323,-6.0431323,0.056867674,0.07686768,1.5368676,0.86686766,0.036867674,-0.51313233,-3.1631324,-2.5431323,-2.2431324,-1.7731323,-1.5931324,-0.93313235,-2.2631323,-1.5231323,-4.493132,-3.6231322,-3.2031324,-5.473132,-4.3231325,2.1768677,2.9868677,2.9768677,0.9468677,1.0268676,-1.8331323,-2.0931323,-1.3031323,0.7268677,0.5168677,0.79686767,-2.5831323,-3.3131323,-8.443132,-1.5931324,-1.8131323,-0.4731323,2.2368677
-0.6131323,0.34686768,-2.4131324,-0.4731323,-0.75313234,-0.34313232,-0.34313232,1.3668677,0.7868677,-0.15313232,-0.7331323,-3.4531324,-3.8731322,-3.6831324,-3.5931323,-1.5731323,-1.1131324,-2.2531323,-2.5631323,-3.9031324,-4.493132,-4.9431324,-3.8331323,0.50686765,3.4068677,3.9568677,3.7868676,3.3768678,-0.38313234,3.3568678,-0.22313233,2.4368677,0.93686765,1.5568677,3.5068676,-1.1431323,-5.203132,-1.8731323,2.1668677,-3.0531323,-0.35313234
1.0468677,1.0368676,0.22686768,-0.50313234,-0.5531323,0.6968677,1.5768677,1.7168677,2.9568677,1.4268677,-1.3531324,-2.4331324,-4.2931323,-3.3031323,-2.6531324,-2.3931322,-2.3631322,-3.1731324,-4.413132,-5.3231325,-5.2131324,-2.6531324,-1.9131323,0.0068676756,-1.7731323,-1.5031323,-1.4531323,-3.0431323,0.026867677,-3.2231324,-0.10313232,1.1068677,-2.3531322,1.6868677,-0.7931323,-3.7431324,-1.5031323,1.6368676,0.086867675,0.73686767,0.7268677
0.29686767,-0.88313234,-1.2131324,-1.1131324,-0.07313232,0.19686767,0.45686767,1.7868676,3.4768677,2.2568676,0.9668677,-0.5231323,-2.4331324,-2.3931322,-1.9431323,-2.7531323,-3.4931324,-4.373132,-4.8331323,-4.3331323,-5.1131325,-2.6731324,-2.7431324,-1.0131323,-0.123132326,-1.0131323,-1.9131323,-1.5831323,-1.2331324,-1.9531323,-3.2731323,-2.0331323,2.0568676,1.1468676,1.3368677,1.7368677,3.1968677,2.1068678,-2.9231324,-3.4131324,-5.5031323
-0.8531323,-1.2731323,-1.0731323,-0.95313233,-2.1931324,-1.3631324,0.74686766,1.7668676,3.5768676,2.5868676,2.0868676,1.7668676,0.9568677,-0.14313233,0.34686768,-2.3831322,-3.4331324,-3.4231324,-4.123132,-4.683132,-3.9031324,-4.0031323,-2.1231322,-2.2731323,0.9668677,0.38686767,-0.36313233,-0.76313233,0.6068677,-0.8931323,-0.43313232,-0.08313233,1.9668677,3.1268678,-0.30313233,1.0768677,-5.013132,2.9568677,0.20686768,-0.45313233,-5.623132
-1.6931323,-1.9531323,-3.9631324,-3.0631323,-3.8031323,-3.1331322,-1.4031323,-0.46313232,0.74686766,-0.06313232,0.87686765,1.4768677,3.3868678,0.5168677,-0.17313233,-2.1731324,-3.8231323,-4.1131325,-4.5531325,-2.7831323,-2.0331323,-2.5831323,-4.243132,-2.7931323,-0.2831323,0.61686766,1.1368676,2.0468676,-1.8031323,-1.3731323,-1.0331323,0.43686768,0.54686767,0.6468677,0.6968677,-2.7731323,-3.7831323,-5.7331324,-3.9331324,4.126868,-3.0131323
-2.2031324,-2.8031323,-2.4131324,-2.8131323,-3.3031323,-3.8231323,-4.1531324,-2.2731323,-0.9731323,-1.8231323,-2.5731323,-0.45313233,-0.5531323,-2.5131323,-2.8231323,-3.9231324,-4.1931324,-5.0331326,-4.0831323,-4.3631325,-4.3231325,-3.2431324,-2.4031324,-2.2831323,-0.6031323,0.43686768,1.2968677,2.1068678,0.81686765,1.3368677,-0.27313232,-0.14313233,2.5568676,3.9268677,1.8368677,1.3168677,2.2668676,4.0768676,-2.5431323,2.7068677,-5.243132
-1.5331323,-2.1031322,-1.3731323,-2.5631323,-3.7231324,-3.5831323,-3.1631324,-2.6731324,-2.1231322,-2.6731324,-2.4231324,-0.10313232,-1.9331323,-0.31313232,-3.0231323,-3.5931323,-5.123132,-6.1931324,-5.3831325,-4.2731323,-3.8731322,-2.7431324,-1.6731323,-1.4931324,-1.4631324,-0.24313232,2.5068676,1.3668677,-0.34313232,0.9068677,0.7168677,0.35686767,1.9968677,3.2968676,3.2168677,1.0568677,-3.2731323,-3.5231323,-0.81313235,-1.4031323,-0.14313233
-0.8431323,-1.3131323,-1.9531323,-1.8431324,-1.9331323,-2.5331323,-2.3031323,-2.0731323,-2.4531324,-2.6931324,-2.3331323,-0.043132324,0.93686765,-1.3031323,-2.0631323,-3.9731324,-4.9831324,-5.6031322,-6.3831325,-5.203132,-4.4631324,-1.9231323,-3.9531324,-4.5031323,-3.3431323,-3.3831322,-1.8531324,-0.8531323,-1.7731323,-2.0931323,-1.2531323,-0.35313234,-1.0831323,-0.68313235,-0.94313234,0.21686767,4.1568675,4.9368677,4.356868,3.0568676,2.8668678
0.6568677,-0.13313232,-1.2031323,-1.3331323,-1.4231323,-1.7831323,-1.3131323,-1.1931323,-2.5731323,-2.9131324,-4.1731324,-1.3831323,1.2268677,0.056867674,-2.0931323,-4.513132,-5.703132,-5.3131323,-5.683132,-4.6931324,-4.7931323,-2.2031324,-2.9031324,-1.8731323,-2.0131323,-2.1331322,-0.8531323,-0.5531323,-0.7331323,-0.88313234,0.5168677,-1.5731323,0.2768677,0.73686767,0.3068677,1.5468677,4.026868,4.7668676,6.006868,3.8868678,3.1968677
1.2768676,0.5768677,-1.2631323,-2.4831324,-1.5131323,-2.8531322,-3.1831324,-3.1631324,-1.8531324,-2.4431324,-2.4531324,-1.5831323,-0.9631323,-2.2631323,-3.2531323,-4.5931325,-5.743132,-5.243132,-5.2331324,-6.2131324,-4.3631325,-4.9031324,-3.3931322,-1.7831323,-0.8931323,-1.5931324,-2.3331323,-2.2331324,-2.0931323,-0.9731323,0.50686765,0.19686767,2.3468676,3.3768678,1.0368676,-2.2831323,3.8968678,3.9168677,8.306868,3.6168678,3.0868676
-0.023132324,-0.62313235,-1.9431323,-1.8531324,-2.7331324,-3.2531323,-3.6631324,-3.9831324,-3.2131324,-1.9831324,-1.8831323,0.19686767,-1.1631323,-1.9931324,-3.2031324,-4.123132,-5.203132,-6.0531325,-5.8331323,-5.4831324,-5.2731323,-4.723132,-3.9631324,-4.203132,-2.7731323,-3.1331322,-1.2931323,-1.2431324,-1.2031323,0.9768677,0.7768677,0.8268677,2.0068676,2.6368678,0.9768677,1.7568676,1.6268677,2.0368676,-0.23313232,2.7468677,1.1468676
-0.43313232,-1.3731323,-1.7331324,-1.7331324,-1.5631323,-1.5931324,-2.9131324,-3.7831323,-4.5431323,-3.8731322,-1.7231324,0.25686768,-2.1531324,-2.5131323,-4.6131325,-5.1331325,-5.4431324,-4.873132,-6.0431323,-5.2331324,-5.0231323,-4.973132,-2.7931323,-3.1331322,-3.8231323,-2.6431322,-2.7631323,-1.1031324,1.3568677,1.4668677,4.1368675,1.9668677,3.7368677,2.2668676,0.7868677,-0.70313233,0.99686766,3.3668678,2.7468677,-0.08313233,2.8868678
-0.34313232,-1.5531323,-1.0431323,-0.6531323,-1.3031323,-1.6931323,-2.4431324,-2.8631322,-3.8331323,-4.643132,-2.2931323,-0.45313233,-1.1831323,-3.5831323,-3.9231324,-4.4431324,-4.6731324,-5.1131325,-5.3131323,-5.6031322,-5.393132,-4.0631323,-3.5331323,-3.4831324,-4.8131323,-3.2631323,-2.9531324,-2.2031324,-1.6831323,-2.8531322,4.0968676,3.8368676,2.1768677,1.2368677,-0.7831323,-1.2931323,-0.9131323,3.1068678,2.7768676,2.1168678,1.1768677
0.29686767,0.16686767,-1.1631323,0.10686768,-1.8031323,-0.5931323,-1.9431323,-2.7631323,-3.1131322,-3.0331323,-1.8531324,-2.2431324,-1.5831323,-2.4031324,-4.413132,-4.5431323,-4.1931324,-5.203132,-5.223132,-5.2531323,-6.723132,-7.6331325,-5.9831324,-6.0331326,-4.8231325,-4.123132,-4.3431325,-3.5531323,-2.8431323,0.056867674,1.4468677,1.8068677,2.8368676,1.0168676,-0.6431323,-3.1631324,0.41686767,-0.68313235,1.5568677,2.4968677,1.7268677
