wind_kz.json
{"header": {"discipline":0,"disciplineName":"Meteorological products","gribEdition":2,"gribLength":1025,"center":7,"centerName":"US National Weather Service - NCEP(WMC)","subcenter":0,"refTime":"2024-04-09T12:00:00.000Z","significanceOfRT":1,"significanceOfRTName":"Start of forecast","productStatus":0,"productStatusName":"Operational products","productType":1,"productTypeName":"Forecast products","productDefinitionTemplate":0,"productDefinitionTemplateName":"Analysis/forecast at horizontal level/layer at a point in time","parameterCategory":2,"parameterCategoryName":"UnknownDiscipline_0_Category_2","parameterNumber":3,"parameterNumberName":"UnknownParameter_D0_C2_3","parameterUnit":"Unknown","genProcessType":2,"genProcessTypeName":"Forecast","forecastTime":0,"surface1Type":103,"surface1TypeName":"Specified height level above ground","surface1Value":10.0,"surface2Type":255,"surface2TypeName":"Missing","surface2Value":0.0,"gridDefinitionTemplate":0,"gridDefinitionTemplateName":"Latitude_Longitude","numberPoints":615,"shape":6,"shapeName":"Earth spherical with radius of 6,371,229.0 m","gridUnits":"degrees","resolution":48,"winds":"true","scanMode":64,"nx":41,"ny":15,"basicAngle":0,"lo1":47.0,"la1":41.0,"lo2":87.0,"la2":55.0,"dx":1.0,"dy":1.0}, "data":
[rows 0 to 14 of 15, columns 0 to 40 of 41]
1.2040192,1.1540191,3.684019,4.784019,3.5340192,3.454019,1.3940191,3.194019,3.0340192,2.2740192,-0.9659808,-1.2359809,-1.7159809,-2.6759808,-3.325981,-5.165981,-5.695981,-5.105981,-4.3859806,-4.1159806,-0.025980836,-1.1259809,-2.2159808,1.4240192,1.1740192,4.5240192,0.6440192,2.5240192,-1.5159808,-3.585981,-0.48598084,2.8840191,2.194019,4.934019,0.37401918,0.31401917,1.2440192,1.9740192,0.72401917,0.16401917,0.68401915
3.0640192,-1.2859808,2.724019,4.3840194,3.964019,2.3740191,3.7540193,3.1340191,1.7940192,0.5840192,0.74401915,-1.0259808,-2.775981,-4.685981,-4.5359807,-4.0359807,-3.9659808,-3.055981,-3.9359808,-3.1459808,-2.525981,-1.9559808,-2.1659808,0.6440192,0.63401914,0.93401915,2.0240192,0.66401917,-0.005980835,3.474019,2.1140192,-0.25598085,0.62401915,0.24401917,-0.68598086,4.354019,1.5540192,3.8440192,1.5640192,0.33401915,3.5040193
1.4040191,3.7440193,3.3640192,3.7840192,2.5440192,4.874019,3.7940192,3.3140192,2.3440192,2.0640192,1.1740192,-1.0059808,-2.335981,-4.065981,-3.9259808,-4.215981,-3.7659807,-2.565981,-2.6059809,-2.0159807,-2.035981,-2.1159809,0.38401917,2.1240191,-1.9359808,-0.7359808,-0.46598083,3.5640192,1.2740191,3.6040192,-3.1459808,-2.7259808,-3.8759809,-4.445981,0.6540192,-3.1959808,-0.22598083,3.6040192,0.67401916,1.8240192,1.8540192
2.4940193,1.1940192,2.174019,3.434019,3.3040192,4.0040193,2.964019,2.924019,2.8240192,2.3440192,1.7940192,0.7140192,0.27401915,-0.7159808,-4.395981,-4.945981,-3.4159808,-3.345981,-1.4859809,-1.6959808,-1.3759809,-0.23598084,-2.815981,-1.1059809,0.42401916,-0.55598086,-0.7259808,2.7940192,2.2540193,1.7640191,1.4440192,0.5940192,-3.795981,5.104019,2.0940192,0.33401915,1.6440191,1.9640192,-4.1159806,-1.2059808,-4.455981
2.1240191,1.0740192,1.9040191,-0.69598085,-2.9359808,1.1640191,2.414019,0.98401916,1.2340192,0.97401917,0.81401914,-0.28598082,5.644019,3.4840193,0.21401916,-2.9759808,-3.305981,-2.0059807,-1.3559809,-1.0859809,-1.1259809,-1.0559808,-0.33598083,-0.5959808,-0.39598083,-0.7859808,0.67401916,1.5040191,1.1440191,0.79401916,3.1140192,2.5140193,1.3240192,1.3340192,-1.2759808,2.4940193,-8.935981,-2.025981,-5.955981,-4.0159807,-2.8759809
3.7640193,4.1140194,2.8640192,1.5640192,-0.26598084,-1.7259809,-1.2559808,0.24401917,0.7040192,0.63401914,-0.14598083,-0.61598086,4.3640194,6.5240192,3.3440192,-2.1959808,-3.1159809,-2.095981,-1.0659808,-1.6959808,-1.5859809,-0.44598085,-0.6559808,-0.62598085,-0.8559808,-0.87598085,-0.51598084,2.8040192,3.1040192,1.4340192,1.0740192,0.6440192,3.0940192,4.854019,3.3540192,-3.8759809,-2.565981,-6.955981,-4.2259808,-0.6659808,-1.1159809
2.5940192,1.8640192,1.9240192,3.2940192,4.574019,3.1040192,3.464019,2.0940192,1.1140192,0.56401914,-0.12598084,-0.55598086,-1.5259808,-1.8459809,-0.6059808,-1.2259809,-0.70598084,-1.4859809,-0.86598086,-1.5859809,-0.82598084,-1.0359808,0.50401914,-0.15598084,-1.1359808,-3.805981,-3.4059808,-2.775981,-2.4059808,1.7140192,4.044019,4.324019,5.1140194,4.974019,3.944019,-0.7859808,2.3240192,1.1840192,0.21401916,2.8140192,5.054019
1.5240191,1.5140191,1.8840191,1.6840192,1.4040191,1.7440192,1.5140191,1.5440192,0.74401915,0.004019165,-0.43598083,-0.62598085,-0.7159808,-0.6759808,-0.93598086,-1.6759808,0.7740192,-0.46598083,0.6440192,-0.045980833,0.24401917,-0.14598083,0.5140192,2.0640192,2.2540193,1.7640191,-0.18598084,-0.6759808,-1.7459809,-3.1259809,-1.7859808,-0.81598085,0.09401917,2.434019,3.7840192,4.684019,-0.58598083,1.6540191,-3.2559807,-6.125981,-3.1359808
0.004019165,-0.09598084,-0.38598084,-0.23598084,0.35401917,1.2040192,1.2740191,1.3340192,1.2140192,0.7640192,0.24401917,-0.55598086,-0.70598084,-0.33598083,0.92401916,1.3040192,1.1740192,1.7540191,3.5440192,3.724019,2.7540193,1.4440192,0.72401917,0.6540192,2.3040192,1.8340192,3.3540192,2.204019,0.62401915,-0.86598086,-1.3259808,-0.45598084,-1.8859808,-3.4359808,-1.9159808,1.9040191,-1.0159808,2.8940191,4.104019,2.7840192,2.694019
-1.2759808,-1.8459809,-2.4759808,-2.285981,-2.4759808,-2.4559808,-1.2559808,-0.70598084,-0.55598086,-0.5359808,-1.2359809,-1.2459809,-1.4159808,-1.6659808,-2.1059809,-1.6759808,-0.015980834,2.0740192,2.1040192,2.7940192,3.7640193,3.424019,1.6140192,1.9840192,2.5540192,3.8240192,2.974019,2.8640192,1.3940191,1.2840191,0.35401917,-0.83598083,-4.6159806,-3.8759809,-2.7059808,-1.7959808,0.9040192,-0.075980835,2.6240191,0.40401918,0.98401916
-2.025981,-2.1359808,-2.1559808,-3.1159809,-2.4559808,-1.9059808,-1.7559808,-1.3859808,-0.8559808,-2.785981,-2.065981,-2.095981,-2.6259809,-2.4159808,-2.9659808,-2.805981,-3.9159808,-1.7959808,1.1840192,3.3340192,2.944019,2.6340191,2.1040192,2.6340191,3.1140192,3.9840193,1.8340192,4.074019,2.0640192,1.3640192,-0.51598084,-0.105980836,-1.8059808,-1.2059808,0.38401917,1.5240191,2.6440191,2.5240192,3.8640192,1.7740191,-0.39598083
-2.9759808,-3.0059807,-1.6259809,-1.1659808,-1.0159808,-2.2159808,-2.0159807,-1.2959808,-1.9259808,-3.0059807,-2.055981,-1.8659809,-1.7159809,-1.8759809,-2.5159807,-3.6059809,-4.0359807,-3.3759809,-0.15598084,2.0240192,0.56401914,1.3940191,1.6140192,1.9540192,3.714019,2.8540192,0.9640192,1.1740192,-0.34598082,0.33401915,0.47401917,-0.28598082,-0.47598085,-2.7159808,-0.7859808,2.204019,3.3740191,5.834019,2.1440191,1.0040191,1.0440192
-0.5459808,-1.7859808,-1.1459808,-1.4659809,-1.3459809,-1.5659808,-2.845981,-2.9759808,-1.6059809,-1.1159809,1.1440191,-0.6059808,-1.4359808,-2.6259809,-1.6259809,-2.4259808,-3.0159807,-4.355981,-3.845981,-2.035981,-0.17598084,0.92401916,2.464019,3.3940191,3.5740192,3.224019,1.3440192,1.9240192,0.73401916,-0.70598084,-0.015980834,-0.6759808,-1.2759808,1.2840191,-2.0159807,-1.8959808,-0.26598084,1.9540192,4.474019,4.104019,2.464019
-0.6059808,-0.43598083,-0.35598084,-0.5959808,-1.5659808,-2.1259809,-1.9559808,-2.2359807,-3.1659808,-4.2459807,-2.4059808,-2.835981,-2.025981,-1.6759808,-2.085981,-2.045981,-2.9659808,-1.6559808,-3.6959808,-2.7159808,-2.335981,-0.34598082,1.8440192,2.0640192,0.5340192,-0.20598084,-1.1659808,-0.74598086,-0.6659808,-1.6159809,-1.2959808,-0.43598083,-1.0959809,-1.6059809,-1.2259809,-2.6259809,-0.21598083,1.3340192,2.8340192,3.684019,5.264019
-0.6759808,-1.0059808,-0.51598084,-0.7259808,-1.3159808,-2.1159809,-2.6359808,-1.7259809,-1.2859808,-2.065981,-2.2459807,-1.0759808,-1.6159809,-2.075981,-1.4559808,-2.3559809,-1.3259808,0.024019165,-1.4059808,-1.5659808,-2.7159808,-0.7359808,1.0540192,0.55401915,0.31401917,1.1940192,0.97401917,0.48401916,-0.30598083,-0.7859808,-0.47598085,1.8240192,-0.46598083,-1.1559808,-1.5059808,-0.94598085,-0.63598084,2.5640192,2.5640192,4.064019,3.704019
