wind_kz.json
{"header": {"discipline":0,"disciplineName":"Meteorological products","gribEdition":2,"gribLength":1102,"center":7,"centerName":"US National Weather Service - NCEP(WMC)","subcenter":0,"refTime":"2023-10-02T00:00:00.000Z","significanceOfRT":1,"significanceOfRTName":"Start of forecast","productStatus":0,"productStatusName":"Operational products","productType":1,"productTypeName":"Forecast products","productDefinitionTemplate":0,"productDefinitionTemplateName":"Analysis/forecast at horizontal level/layer at a point in time","parameterCategory":2,"parameterCategoryName":"UnknownDiscipline_0_Category_2","parameterNumber":3,"parameterNumberName":"UnknownParameter_D0_C2_3","parameterUnit":"Unknown","genProcessType":2,"genProcessTypeName":"Forecast","forecastTime":180,"surface1Type":103,"surface1TypeName":"Specified height level above ground","surface1Value":10.0,"surface2Type":255,"surface2TypeName":"Missing","surface2Value":0.0,"gridDefinitionTemplate":0,"gridDefinitionTemplateName":"Latitude_Longitude","numberPoints":615,"shape":6,"shapeName":"Earth spherical with radius of 6,371,229.0 m","gridUnits":"degrees","resolution":48,"winds":"true","scanMode":64,"nx":41,"ny":15,"basicAngle":0,"lo1":47.0,"la1":41.0,"lo2":87.0,"la2":55.0,"dx":1.0,"dy":1.0}, "data":
[rows 0 to 14 of 15, columns 0 to 40 of 41]
-9.746851,1.4231495,-6.3468504,-9.066851,-5.9768505,-3.9068506,0.7231494,1.4231495,4.1131496,2.8731494,2.6531494,4.1431494,4.1431494,5.6531496,5.1031494,4.9931493,5.2831492,3.8531494,1.8831494,0.07314941,1.6631494,-1.5968506,-1.1068506,1.8831494,2.6231494,1.0031494,0.7331494,0.8431494,-1.4968506,-0.3868506,0.003149414,-1.8068506,-0.40685058,0.7331494,0.64314944,1.1431494,1.4731494,0.41314942,-1.2868506,-2.3668506,-0.67685056
5.4231496,-8.436851,-15.54685,-14.34685,-9.606851,-7.8268504,-6.4568505,1.2731494,4.2531495,2.6331494,3.2031493,2.4431493,4.6931496,5.2231493,5.6631494,6.2931495,5.5831494,5.8831496,4.3631496,3.7631495,3.3231494,1.8631494,1.2731494,1.3631494,1.7031494,1.6531494,0.52314943,2.1131494,-0.006850586,0.5531494,-1.0068506,-0.97685057,-1.3168505,-3.4368505,-0.2568506,1.5031494,1.4131494,1.5931494,0.14314942,0.9331494,-0.6268506
-6.7768507,-13.456851,-12.666851,-12.826851,-12.656851,-8.036851,-5.2368507,-2.0568507,0.76314944,2.7831495,3.4931495,3.9431493,5.1031494,4.9631495,5.7831492,6.2631493,6.6731496,6.303149,5.4431496,5.6131496,5.1331496,2.6631494,2.1431494,1.6631494,-1.3068506,-1.2568506,-1.2468506,-2.8668506,-1.1368506,-1.5368506,0.31314942,-0.40685058,-0.4568506,0.043149415,-2.4568505,-1.1268506,-2.3868506,-6.406851,-2.5668507,2.2831495,0.7431494
-3.8468506,-10.34685,-11.606851,-11.896851,-9.686851,-7.2168508,-9.29685,-4.946851,-0.16685058,0.5931494,2.1531494,4.1331496,4.343149,4.9631495,4.1731496,4.9231496,5.2731495,6.7031493,5.9431496,7.0131493,6.2931495,7.4531493,-1.1668506,4.5831494,2.9331493,1.3231494,-0.7768506,-1.8368506,-2.5168505,-1.5468506,2.5931494,1.2331494,0.57314944,-0.54685056,-0.14685059,0.46314943,-0.97685057,-0.8268506,-2.1768506,-1.3068506,-2.5968506
-7.9768505,-9.446851,-8.92685,-9.286851,-8.00685,-7.0068507,-6.2368507,-4.5368505,-7.6468506,-1.1968505,1.2131494,4.2331495,6.8931494,7.2331495,6.0831494,3.5131495,5.0131493,5.093149,5.093149,6.7531495,7.2831492,6.3531494,4.1031494,3.3631494,3.2631495,2.3831494,1.6931494,0.5431494,-0.5368506,-0.3268506,0.5531494,-0.9568506,-0.4268506,-0.6368506,0.2731494,-1.6068506,-2.0668507,0.57314944,0.1731494,-0.98685056,-2.3268507
-5.0668507,-5.1368504,-8.17685,-7.5368505,-7.2168508,-7.5768504,-6.946851,-6.0468507,-4.1668506,-3.5568507,-1.9868506,2.3831494,1.6831495,10.82315,9.343149,6.9731493,5.9631495,5.3331494,6.4931493,7.3731494,7.5831494,6.9531493,6.0331492,5.343149,4.2231493,2.9731493,1.8231494,4.573149,2.3131495,-0.33685058,0.2931494,0.013149414,1.6631494,0.28314942,0.31314942,5.6931496,2.4331493,-1.0168506,1.9731494,1.5131494,-1.6268506
-6.5668507,-6.7968507,-8.646851,-6.2268505,-6.3868504,-5.3368506,-5.6468506,-5.1468506,-5.7768507,-5.2668505,-4.3568506,-5.6468506,9.24315,6.1431494,9.28315,8.713149,9.03315,7.4631495,7.1131496,8.15315,8.793149,7.7631493,6.6331496,5.9531493,5.0031495,2.8931494,2.0831494,0.7831494,3.2131493,3.7431495,2.5431495,2.5831494,2.1131494,1.1231494,2.5231495,0.3631494,-0.73685056,1.8131495,-0.3268506,0.023149414,1.4231495
-6.2868505,-5.9568505,-6.5668507,-6.2068505,-6.0068507,-6.2168508,-5.2368507,-4.4668508,-4.1868505,-5.2768507,-4.1068506,-2.8968506,-2.6168506,12.473149,10.353149,10.94315,10.293149,9.683149,9.553149,9.5231495,9.003149,8.28315,8.223149,7.1631494,6.5231495,5.1231494,3.2931495,1.9131494,2.0731494,3.3831494,4.1531496,4.4931493,3.6931493,3.2231493,2.5031495,0.82314944,-0.40685058,-2.0468507,-0.91685057,-0.3868506,1.0431495
-8.406851,-9.066851,-8.816851,-6.9568505,-6.2868505,-5.5768504,-4.5168505,-3.2368505,-3.6068506,-3.0668507,-4.0368505,-4.0468507,-1.2568506,3.3231494,13.2731495,12.65315,13.44315,11.69315,10.61315,10.173149,8.803149,8.61315,7.4531493,7.9231496,8.003149,6.3631496,4.7931495,3.1231494,3.6631494,3.7131493,4.2531495,4.4231496,4.5031495,3.2031493,1.9431494,2.7531495,-0.116850585,1.1431494,3.2131493,1.3631494,0.6631494
-8.686851,-7.3868504,-6.3968506,-6.2468505,-6.6268506,-6.1868505,-5.3068504,-5.2268505,-5.156851,-5.0268507,-3.4668505,-2.6068506,-2.9368505,-0.6868506,9.563149,13.473149,13.61315,13.73315,13.183149,10.253149,9.69315,7.8131495,7.5431495,7.4231496,7.3931494,7.7831492,6.0831494,5.1231494,3.9831495,4.0231495,4.2931495,3.7931495,3.8531494,2.6931493,2.5631495,1.8631494,1.2731494,-0.4168506,1.7431494,4.303149,2.9331493
-7.7968507,-8.276851,-6.7268505,-7.5268507,-6.6168504,-6.2668505,-6.5468507,-6.7468505,-4.9968505,-4.8768506,-4.406851,-2.4668505,-4.2168508,-4.3768506,-2.0068505,15.2731495,14.61315,14.643149,14.07315,12.753149,9.61315,9.593149,8.37315,7.7131495,6.8531494,7.2831492,6.843149,6.7031493,5.1731496,4.2731495,4.3631496,3.7131493,3.6631494,3.1331494,3.1031494,2.6931493,2.5731494,2.3031495,3.1431494,1.2531494,0.4831494
-7.676851,-6.9968505,-7.1868505,-6.7368507,-6.696851,-6.2968507,-5.5068507,-5.1168504,-5.2068505,-4.6168504,-4.3168507,-3.7368505,-4.3068504,-4.8668504,-8.786851,15.313149,15.57315,15.433149,13.673149,13.603149,12.40315,10.603149,9.28315,8.673149,8.543149,7.3631496,5.1931496,7.2631493,5.7031493,4.9531493,4.5831494,4.0431495,3.4631493,3.6731493,2.9331493,3.0431495,1.3331494,0.3331494,0.64314944,0.28314942,0.063149415
-5.5068507,-7.1168504,-6.5368505,-6.2368507,-5.6368504,-4.696851,-5.3668504,-5.4568505,-6.5468507,-4.8468504,-3.4368505,-4.3868504,-4.7968507,-4.0068507,-4.6668506,-3.3168507,-3.9768505,8.173149,12.003149,11.603149,11.633149,10.843149,9.603149,8.7731495,9.103149,8.91315,6.2831492,6.5631495,5.4431496,5.0031495,6.1631494,5.3731494,4.8731494,3.8431494,3.3731494,3.3531494,3.0931494,1.9031494,2.9031494,1.9931494,1.2231494
-3.9868505,-5.0568504,-7.0668507,-5.8268504,-5.4768505,-5.0768504,-5.3968506,-5.3868504,-5.3168507,-5.1468506,-2.3368506,-2.9868505,-4.906851,-3.9268506,-1.3868506,-0.73685056,-1.7468506,-2.4568505,-3.5368507,9.633149,9.753149,9.093149,8.57315,8.87315,8.7731495,9.2731495,5.2931495,7.2831492,6.1631494,4.9231496,6.7331495,5.7931495,5.8531494,5.1631494,3.4031494,3.2231493,2.5731494,2.4531493,1.9531494,1.4531494,0.6031494
-4.1468506,-5.7668505,-6.7868505,-5.5268507,-5.7868505,-4.5168505,-4.4968505,-4.196851,-3.6268506,-3.4468505,-1.4368505,-1.0568506,-1.0468506,-2.1868505,-3.2968507,-4.0068507,-0.19685058,3.9931495,0.4531494,-4.6168504,8.433149,8.643149,8.90315,8.793149,8.61315,8.313149,8.36315,6.6931496,6.4431496,5.2631493,5.6431494,6.573149,6.303149,5.3831496,4.6331496,3.3131495,2.8431494,3.0231495,2.5131495,2.0031495,0.4231494
