wind_kz.json
{"header": {"discipline":0,"disciplineName":"Meteorological products","gribEdition":2,"gribLength":1025,"center":7,"centerName":"US National Weather Service - NCEP(WMC)","subcenter":0,"refTime":"2023-08-06T12:00:00.000Z","significanceOfRT":1,"significanceOfRTName":"Start of forecast","productStatus":0,"productStatusName":"Operational products","productType":1,"productTypeName":"Forecast products","productDefinitionTemplate":0,"productDefinitionTemplateName":"Analysis/forecast at horizontal level/layer at a point in time","parameterCategory":2,"parameterCategoryName":"UnknownDiscipline_0_Category_2","parameterNumber":3,"parameterNumberName":"UnknownParameter_D0_C2_3","parameterUnit":"Unknown","genProcessType":2,"genProcessTypeName":"Forecast","forecastTime":0,"surface1Type":103,"surface1TypeName":"Specified height level above ground","surface1Value":10.0,"surface2Type":255,"surface2TypeName":"Missing","surface2Value":0.0,"gridDefinitionTemplate":0,"gridDefinitionTemplateName":"Latitude_Longitude","numberPoints":615,"shape":6,"shapeName":"Earth spherical with radius of 6,371,229.0 m","gridUnits":"degrees","resolution":48,"winds":"true","scanMode":64,"nx":41,"ny":15,"basicAngle":0,"lo1":47.0,"la1":41.0,"lo2":87.0,"la2":55.0,"dx":1.0,"dy":1.0}, "data":
[rows 0 to 14 of 15, columns 0 to 40 of 41]
1.0129297,2.6029296,-0.4670703,1.0929297,0.8929297,-0.5770703,-2.1870704,-2.3570702,-1.4070703,-3.5370703,-5.3770704,-5.9370704,-3.5670702,-2.8770704,-3.0270703,-5.6870704,-6.0070705,-6.57707,-2.5570703,-1.7470703,-5.38707,-2.5370703,-3.6570704,-4.3970704,4.1929297,2.4029298,0.7329297,2.3429296,-2.3170702,-2.1170702,1.6129297,2.1729298,4.65293,0.6329297,-3.3770704,-2.0470703,-0.16707031,3.1729298,0.20292969,-1.5270703,-3.8170702
0.5029297,1.7629297,1.7629297,2.0929296,-0.36707032,0.6229297,-3.2370703,-3.5070703,-4.1270704,-5.46707,-5.61707,-6.96707,-6.3070703,-7.71707,-7.5070705,-8.007071,-5.9170704,-2.8770704,-4.5870705,-6.0270705,-7.2770705,6.2129297,-1.0670704,2.9829297,-3.0770702,-2.0670702,2.6129296,0.8329297,-0.11707031,-2.2970703,-2.3970704,-4.96707,-2.8270702,-0.19707032,1.6829296,3.1129296,1.9129297,1.6529297,3.2129297,-1.5970703,-0.3070703
3.9429297,2.8829298,2.3229296,1.6529297,-1.1770703,0.7029297,-2.1170702,-3.3970704,-5.44707,-7.7570705,-8.68707,-7.8070703,-9.387071,-8.48707,-7.2570705,-5.57707,-7.0570703,-5.21707,-7.0470705,-5.3570704,-5.6070704,2.8029296,-3.8870704,0.4929297,-0.6470703,3.7829297,4.1629295,-2.4770703,0.4629297,2.2629297,1.7329297,-3.3970704,-4.5470705,-0.6670703,6.86293,-4.2770705,-1.8470703,-1.0070703,-1.1170703,0.53292966,0.2729297
3.4929297,2.1229296,3.2029297,0.71292967,-0.9570703,-4.67707,-2.9570704,-7.0370703,-7.5670705,-7.8570704,-7.6870704,-3.2770703,-1.4070703,-4.1870704,-7.5870705,-6.9570704,-5.59707,-5.6870704,-6.34707,-4.6070704,-5.3970704,-1.0970703,-1.1870704,-1.3570703,-6.8370705,-1.5370703,6.1429296,-0.4370703,-6.3970704,-4.8370705,-0.6870703,-7.7570705,-6.48707,2.7129297,-0.5170703,-0.10707031,-3.4270704,-1.3470703,-2.2770703,0.8329297,-1.7370703
3.4729297,2.1129296,2.0029297,-3.5370703,-6.86707,-6.59707,-6.4170704,-5.6670704,-6.38707,-6.6470704,-7.0370703,-3.5570703,-0.3470703,-1.8370703,-4.71707,-5.61707,-6.07707,-6.6870704,-4.2870703,-1.7870703,-1.9870703,-4.86707,-3.3170702,-2.1370704,-7.71707,-8.467071,-0.047070313,-4.9570704,-0.11707031,-4.4170704,-5.2070704,-3.1570704,-1.4570704,-0.6670703,-1.4170703,-0.39707032,-3.2670703,-0.10707031,-4.67707,-1.3070703,0.03292969
5.9729295,6.6229296,1.4229296,-1.6670703,-0.2570703,-2.6970704,-5.7570705,-4.94707,-5.11707,-5.3770704,-6.3170705,-6.0070705,-8.007071,3.4629297,-0.12707031,-5.6470704,-7.11707,-7.73707,-5.7870703,-2.7970703,-1.2770703,-7.0570703,-6.3770704,-6.11707,-9.61707,-8.10707,-2.9770703,2.1129296,1.5529296,2.9629297,-0.2070703,-1.3870703,6.1629295,-2.1970704,4.07293,2.8929298,-1.1870704,-4.2070704,0.9829297,3.4529297,1.4429297
-2.8270702,-1.4170703,5.8329296,5.7029295,4.59293,-2.8570702,-4.59707,-5.4370704,-5.2470703,-4.2070704,-5.9170704,-6.0270705,-5.92707,-5.2270703,-5.8070703,-4.71707,-5.07707,-6.13707,-6.7270703,-5.86707,-5.1070704,-4.2670703,-5.59707,3.9329298,-3.6570704,-5.3970704,-6.7870703,3.3329296,1.9929297,-0.4770703,-4.63707,-1.2870703,-4.94707,-8.77707,-7.98707,-0.16707031,2.0529296,0.4429297,2.2729297,-0.10707031,1.2329297
0.42292967,-0.12707031,-1.3370703,-2.4370704,-1.8870703,-3.4070704,-4.0670705,-5.5570703,-6.84707,-5.4770703,-5.7070704,-6.1670704,-6.36707,-6.3370705,-6.9170704,-6.1070704,-3.8770704,-4.0670705,-4.90707,-5.94707,-4.69707,-6.36707,-3.9170704,-0.047070313,-5.5570703,-4.4770703,-5.6070704,-4.7970705,-2.1170702,-3.7170703,-5.7570705,-5.3370705,-6.57707,-4.8970704,-0.4970703,1.8229297,-5.3570704,1.4429297,1.6129297,-0.12707031,2.1129296
-0.5570703,-2.0370703,-1.3970703,-1.7570703,-2.2970703,-3.1570704,-4.4170704,-4.4770703,-4.7870703,-5.9370704,-6.96707,-7.2070704,-6.17707,-6.09707,-6.13707,-7.38707,-6.63707,-8.767071,-2.1270704,-2.9070704,-1.0070703,-2.6570704,-3.2570703,-5.96707,-5.86707,-5.1870704,-7.0470705,-5.0670705,1.8029296,1.3629297,-4.6670704,5.9929295,6.92293,-0.96707034,-3.9270704,-3.6070702,-3.3470702,-5.32707,-2.0170703,-1.8070703,0.35292968
-4.3570704,-4.6870704,-5.15707,-4.9770703,-6.2770705,-6.7470703,-4.8170705,-5.2970705,-6.6870704,-4.65707,-6.7770705,-4.7870703,-6.0470705,-6.0370703,-4.65707,-5.7770705,-6.73707,-5.1270704,-4.32707,-6.4970703,-6.5570703,-6.86707,-5.90707,-7.0570703,-6.1470704,-2.9070704,-5.8170705,-5.46707,-5.65707,-5.1470704,-4.92707,-0.90707034,-4.9170704,-7.5170703,-7.1270704,-6.07707,-1.1270703,-2.6070702,-2.5170703,-1.0670704,-2.5970702
-4.0470705,-4.15707,-4.7770705,-5.6870704,-6.2770705,-7.2970705,-6.92707,-6.3970704,-6.3970704,-7.92707,-7.1070704,-5.9370704,-5.1470704,-4.0570703,-4.42707,-2.6370704,-3.3770704,-3.1270704,-6.59707,-5.4170704,-4.7470703,-2.6370704,-6.69707,-5.5470705,-4.7670703,-1.6270703,-3.1070702,-2.8570702,-4.8070703,-3.4970703,-2.1170702,0.1529297,-1.8670703,-2.9970703,-2.8570702,-3.8370702,-3.1770704,-1.2670703,-1.1070703,0.48292968,0.5529297
-4.67707,-5.7070704,-5.5670705,-6.07707,-6.6870704,-6.7270703,-7.6470704,-8.45707,-7.86707,-5.9770703,-4.3770704,-7.5570703,-2.1670704,-0.9170703,-3.4770703,-2.6970704,-5.2570705,-4.3570704,-4.9770703,-1.8470703,-3.1770704,-2.5070703,-4.44707,-4.15707,-4.2270703,-2.4870703,-1.9670703,-2.8070703,-3.0870702,-2.3170702,-2.3170702,-1.9970703,-1.7270703,-3.3670702,-3.4570704,-5.3170705,-3.0870702,-1.2170703,0.09292969,-0.4670703,-1.5370703
-3.2070704,-4.34707,-6.4170704,-5.5070705,-6.0470705,-4.96707,-6.8370705,-7.40707,-8.56707,-9.95707,-3.8870704,-6.17707,-6.5170703,-9.10707,-11.307071,-3.6470704,-2.6470704,-4.0470705,-2.9970703,-3.0770702,-1.4170703,-1.4870703,-4.13707,-3.5570703,-1.2370703,-0.7370703,-2.1370704,-0.45707032,-1.4570704,-2.0470703,-3.5670702,-5.57707,-3.2370703,-2.4170704,0.52292967,-0.05707031,-1.0970703,-1.1970704,-0.4770703,-2.8470702,-2.0870702
-3.7870703,-3.6170702,-5.44707,-6.2770705,-6.65707,-6.92707,-7.2670703,-6.4170704,-7.8370705,-9.56707,-5.4770703,-5.5270705,-7.8070703,-2.0570703,2.1729298,-1.9970703,-5.3970704,-1.5970703,-0.7370703,-1.4470704,-1.0570703,-1.8870703,-2.6570704,-1.0470703,-0.6170703,0.6329297,-1.9870703,-3.2270703,-3.9470704,-5.65707,-5.9970703,-4.69707,-4.32707,-3.5870702,-3.1170702,-4.5570703,-4.32707,-3.3070703,-3.2270703,-2.2770703,-1.4370704
-3.3470702,-4.8070703,-3.1170702,-5.7570705,-6.65707,-6.65707,-6.3070703,-6.8070703,-6.90707,-7.2270703,-3.7970703,-6.1270704,-4.1470704,-3.5370703,-4.1870704,-0.32707033,-3.1670704,-2.7070704,-3.7070704,-2.3170702,-1.9270703,-3.4270704,-1.4770703,-4.73707,0.0029296875,-2.8670702,-2.2570703,-3.8070703,-3.3570702,-5.2870703,-2.4770703,-4.0070705,-2.9270704,-4.0370703,-5.17707,-4.4170704,-4.0570703,-4.8070703,-3.8770704,-3.3670702,-2.8070703
