wind.json
{"header": {"discipline":0,"disciplineName":"Meteorological products","gribEdition":2,"gribLength":1211,"center":7,"centerName":"US National Weather Service - NCEP(WMC)","subcenter":0,"refTime":"2023-05-30T12:00:00.000Z","significanceOfRT":1,"significanceOfRTName":"Start of forecast","productStatus":0,"productStatusName":"Operational products","productType":1,"productTypeName":"Forecast products","productDefinitionTemplate":0,"productDefinitionTemplateName":"Analysis/forecast at horizontal level/layer at a point in time","parameterCategory":2,"parameterCategoryName":"UnknownDiscipline_0_Category_2","parameterNumber":2,"parameterNumberName":"UnknownParameter_D0_C2_2","parameterUnit":"Unknown","genProcessType":2,"genProcessTypeName":"Forecast","forecastTime":0,"surface1Type":103,"surface1TypeName":"Specified height level above ground","surface1Value":10.0,"surface2Type":255,"surface2TypeName":"Missing","surface2Value":0.0,"gridDefinitionTemplate":0,"gridDefinitionTemplateName":"Latitude_Longitude","numberPoints":688,"shape":6,"shapeName":"Earth spherical with radius of 6,371,229.0 m","gridUnits":"degrees","resolution":48,"winds":"true","scanMode":64,"nx":43,"ny":16,"basicAngle":0,"lo1":45.0,"la1":40.0,"lo2":87.0,"la2":55.0,"dx":1.0,"dy":1.0}, "data":
[rows 0 to 15 of 16, columns 0 to 42 of 43]
2.3618822,1.7318823,-0.7281177,3.8418822,0.5518823,-4.078118,-1.8881177,1.2318823,1.3218824,-7.2181177,-7.9681177,-8.028118,-7.6781178,-6.5481176,-4.768118,-5.5481176,-3.6481178,-3.5081177,-2.9681177,-3.7981176,-1.8681177,-3.3081176,-6.7081175,-4.558118,0.3818823,1.6918824,0.7418823,1.3418823,-2.6581178,-7.2281175,-1.7581177,-1.0881177,-0.6181177,-0.23811768,0.5818823,-0.17811768,-0.48811767,-1.4981177,-1.0181177,-0.3081177,-0.52811766,0.7418823,-0.12811768
-0.4981177,2.0818822,4.8518825,1.1618823,3.4418824,-5.7481174,-0.17811768,5.1818824,-6.1281176,-6.9781175,-7.4181175,-7.1081176,-7.558118,-5.9781175,-6.578118,-5.4481177,-3.8281176,-2.5081177,-2.9181178,-6.1681175,-4.7581177,-3.8981178,-3.4881177,-0.21811767,1.3818823,-2.6081176,-0.6981177,1.3318824,0.29188234,0.6918823,0.031882323,0.14188233,-1.8181176,0.9318823,-2.2181177,-0.24811767,0.42188233,1.0118823,2.2918823,0.78188235,3.3618822,3.4818823,4.6418824
1.1818824,0.10188232,2.6818824,-1.7681177,-0.46811768,-5.8981175,0.17188233,2.0518823,-6.6781178,-6.9881177,-7.7081175,-7.9481177,-6.3381176,-7.408118,-6.9981174,-5.638118,-5.868118,-4.768118,-4.038118,-5.1981177,-7.558118,-7.408118,-6.1281176,-3.4981177,-4.8981175,-1.2681177,0.53188235,-1.5581176,0.7718823,0.42188233,-3.7381177,-0.6181177,0.15188232,-0.8881177,1.0818824,-1.1081177,0.15188232,4.961882,3.7118824,2.8618822,4.3718824,1.9618824,2.3418822
0.54188234,0.10188232,-2.9981177,-0.6081177,-3.6981177,-2.4681177,-1.4781177,-3.1081176,-7.038118,-7.518118,-7.4581175,-7.3381176,-8.158117,-8.068118,-7.3981175,-7.828118,-8.408117,-9.308118,-8.628118,-8.348118,-7.2281175,-4.1681175,-9.008118,-10.738117,-9.838118,-9.878118,-6.158118,-7.0881176,-3.4981177,-3.0681176,0.54188234,-1.0681176,0.27188233,-2.7781177,-0.5581177,2.2318823,-2.1181176,-0.6081177,1.9518824,0.7718823,7.0218825,11.251883,9.381883
4.341882,1.9118823,-6.038118,-3.8581176,-2.8581176,-0.84811765,0.6418823,-5.908118,-6.4381175,-7.0481176,-8.2081175,-8.028118,-9.728118,-10.068118,-5.8381176,-2.9781177,-9.498117,-10.028118,-9.778118,-10.148118,-10.388118,-10.608118,-10.888118,-12.858118,-8.518118,-9.258118,-9.178118,-8.838118,-8.418118,-7.558118,-7.6281176,-4.9681177,-2.9481177,-0.9181177,7.361882,1.9818823,4.0718822,2.0618823,1.5618824,2.8518822,-0.82811767,0.91188234,0.78188235
2.9818823,2.9618824,0.27188233,-2.5781176,-1.6881176,1.7918823,1.9018823,-6.578118,-6.7481174,-7.7181177,-8.008118,-9.078117,-9.978118,-9.098118,-5.538118,-1.6281177,3.1218824,-8.518118,-8.918118,-8.058118,-7.868118,-9.428118,-9.748117,-9.2081175,-8.128118,-7.6281176,-7.8981175,-7.9381175,-6.4581175,-0.37811768,-3.6781178,-2.4581177,-1.1081177,-0.34811768,-0.43811768,1.9918823,-0.65811765,-1.8481177,6.8518825,4.1418824,-3.9781177,1.3318824,2.6018822
2.3618822,3.3518822,3.8618822,0.13188232,-0.46811768,1.0418823,-5.1881175,-5.3381176,-7.6881175,-6.9881177,-7.4981174,-8.718118,-8.628118,-7.808118,-3.0081177,-0.5581177,-5.2481174,-6.0481176,-6.2081175,-6.4281178,-7.9381175,-7.7981176,-6.6481175,-5.7981176,-5.078118,-4.4881177,-4.6081176,-3.2381177,-1.9281176,3.2718823,2.1818824,-1.3881177,-1.2881176,-2.4981177,-1.6381177,2.6518824,0.39188233,-0.9781177,8.641882,10.691882,15.631883,10.881883,11.251883
0.7418823,0.6418823,-0.41811767,-0.23811768,-2.6481178,-2.1681178,-4.1681175,-7.1681175,-6.308118,-4.9281178,-6.3381176,-6.0681176,-6.308118,-5.0681176,-4.538118,-4.9181175,-5.2181177,-5.618118,-5.9281178,-4.618118,-6.538118,-6.4881177,-7.328118,-6.7381177,-4.6781178,-3.4981177,-3.0581176,-2.0581176,-2.9181178,-4.0281177,-4.288118,-5.538118,-2.9481177,-1.6981177,-2.3581176,0.5618823,3.4418824,4.3218822,3.7018824,2.0218823,1.9518824,-1.3881177,0.39188233
-2.4781177,-1.4981177,-5.908118,-3.9481177,-5.788118,-6.4581175,-10.128118,-2.3681176,-4.0681176,-3.0681176,-4.2781177,-4.158118,-2.9581177,-2.8781176,-2.9881177,-3.4581177,-3.6981177,-3.3781176,-3.3881178,-4.138118,-6.8181176,-2.8481176,-5.538118,-3.2681177,-3.8881178,-3.1281176,-2.0081177,-3.3881178,-2.1781178,-2.4281178,-0.4981177,-1.7481177,-2.0481176,2.5618823,-0.71811765,0.7618823,2.9118824,3.8318822,-3.9581177,-4.2381177,-0.82811767,-0.32811767,-1.9281176
-6.4581175,-1.6381177,2.4218824,-5.9281178,-5.5081177,-7.4881177,-8.898118,-2.6181176,-5.8581176,-3.0281177,-2.1181176,-3.0281177,-2.0781176,-1.6281177,-0.9981177,-0.29811767,0.18188232,-0.16811767,-1.6881176,-2.4281178,-1.2681177,-1.4081177,1.7918823,1.2918823,0.6418823,-0.43811768,4.651882,-0.32811767,0.22188233,-2.2581177,-1.5581176,0.031882323,1.0118823,-0.5681177,0.0018823242,0.3818823,1.3418823,1.4718823,-2.1581178,-1.3781177,0.98188233,-0.06811768,1.0818824
-1.5881177,-5.1081176,2.7518823,-5.0281177,-6.538118,-5.9281178,-6.1981177,-4.5681176,-2.7581177,-2.1881177,-1.1281177,-2.3381176,-1.5481176,0.021882324,0.39188233,0.49188232,0.7518823,1.8918823,1.7518823,0.8818823,0.90188235,0.84188235,2.1418824,2.0318823,2.0518823,3.6718824,3.5218823,2.0718822,-2.6681178,-0.9781177,-4.4781175,-2.1881177,2.3218822,-1.0381176,-0.5681177,0.29188234,-3.5681176,-0.77811766,1.7018824,-0.22811767,0.16188233,0.8918823,0.92188233
-2.1281176,-1.3781177,-5.8381176,-5.7781177,-2.9981177,-3.5081177,-3.3281176,-1.4781177,-4.9781175,0.16188233,-2.4781177,0.71188235,-0.19811767,0.78188235,0.7618823,1.1418823,1.7718823,2.1918824,1.4418824,0.59188235,1.0718824,2.5418823,1.3818823,2.4718823,3.4618824,3.5218823,5.3318825,3.7018824,-5.658118,-4.6781178,-3.7881176,3.4218824,2.7918823,-1.4081177,-2.5081177,-6.598118,-3.4781177,-1.3081176,-0.25811768,0.33188233,2.0918822,0.8118823,0.4118823
-2.4981177,-0.59811765,-1.2481177,-0.7481177,-3.2881176,2.4018824,0.29188234,2.0918822,0.9518823,0.07188232,-0.7481177,0.031882323,-1.2381177,1.9218823,2.6218824,2.9718823,3.0518823,-0.16811767,0.40188232,1.5718824,0.96188235,2.7118824,1.7618823,1.3418823,2.3518822,2.8618822,0.4418823,-2.8881178,-4.138118,-4.288118,-1.7981176,3.1818824,-1.1681176,-3.0881176,-2.5381176,-3.2681177,-2.8081176,-3.8081176,-2.5281177,-1.5081177,3.2218823,3.4318824,3.2018824
-5.0081177,-4.4981174,-2.3981178,-1.1981177,-2.9581177,-3.6781178,-1.2481177,-0.38811767,-1.0781177,0.30188233,1.5118823,-1.2281177,1.2018824,2.0518823,1.8318824,0.5618823,1.5818824,1.1618823,1.1918824,3.7718823,3.0118823,4.0718822,2.7718823,1.8318824,3.0618823,3.1318824,4.0518823,-11.608118,-0.6981177,-4.8381176,-3.5681176,4.4918823,0.5718823,-0.8581177,-2.4381177,0.31188232,-0.84811765,-3.0581176,-1.1781176,3.4818823,2.5518823,-1.0581176,0.85188234
-3.6981177,-4.2081175,-5.018118,-3.8681176,0.18188232,-1.2281177,-1.1881176,-1.2381177,-1.0281177,1.4018823,-0.7981177,-0.16811767,2.8418822,1.6218823,0.6918823,0.8218823,0.37188232,0.061882325,2.3318822,3.2118824,2.9018824,6.231882,3.3518822,4.381882,4.7418823,3.9918823,-2.0381176,-3.6181176,-2.9581177,-2.1381178,-1.5081177,3.2318823,3.4618824,-0.9981177,-0.41811767,-1.0381176,1.3218824,-0.26811767,0.24188232,2.1018822,-5.328118,-0.3081177,0.23188232
-2.0681176,-1.7881176,-4.058118,-4.658118,-2.9481177,-3.1881177,-1.9781177,-2.0381176,-2.1581178,-2.4381177,-2.7281177,-0.83811766,1.9118823,2.2218823,2.4618824,1.0718824,0.8918823,3.9718823,1.9418824,3.7418823,4.361882,5.6618824,3.9218824,4.7918825,5.211882,4.631882,3.0818822,-3.7881176,-2.9981177,-2.5881176,-0.088117674,2.2718823,-0.6181177,3.1418824,1.3718823,2.1018822,1.7618823,5.2518826,-2.4981177,3.6418824,-2.9381177,-4.408118,-2.4581177
