wind_kz.json
{"header": {"discipline":0,"disciplineName":"Meteorological products","gribEdition":2,"gribLength":1025,"center":7,"centerName":"US National Weather Service - NCEP(WMC)","subcenter":0,"refTime":"2023-09-26T00:00:00.000Z","significanceOfRT":1,"significanceOfRTName":"Start of forecast","productStatus":0,"productStatusName":"Operational products","productType":1,"productTypeName":"Forecast products","productDefinitionTemplate":0,"productDefinitionTemplateName":"Analysis/forecast at horizontal level/layer at a point in time","parameterCategory":2,"parameterCategoryName":"UnknownDiscipline_0_Category_2","parameterNumber":2,"parameterNumberName":"UnknownParameter_D0_C2_2","parameterUnit":"Unknown","genProcessType":2,"genProcessTypeName":"Forecast","forecastTime":180,"surface1Type":103,"surface1TypeName":"Specified height level above ground","surface1Value":10.0,"surface2Type":255,"surface2TypeName":"Missing","surface2Value":0.0,"gridDefinitionTemplate":0,"gridDefinitionTemplateName":"Latitude_Longitude","numberPoints":615,"shape":6,"shapeName":"Earth spherical with radius of 6,371,229.0 m","gridUnits":"degrees","resolution":48,"winds":"true","scanMode":64,"nx":41,"ny":15,"basicAngle":0,"lo1":47.0,"la1":41.0,"lo2":87.0,"la2":55.0,"dx":1.0,"dy":1.0}, "data":
[rows 0 to 14 of 15, columns 0 to 40 of 41]
4.384404,0.6544043,0.5944043,3.7844043,5.2444043,6.4744043,4.944404,-5.6255956,-7.4155955,-8.325596,-7.575596,-7.655596,-7.2055955,-6.245596,-5.4555955,-4.805596,-3.6455958,-3.4655957,-2.4355958,-2.8555956,-2.8455956,-1.0155957,1.3944043,1.8044043,0.6244043,1.7444043,1.6644043,2.2944043,2.3444042,2.1144042,3.1344042,1.0644042,0.2644043,-1.7655957,-0.2955957,-1.4255958,-0.8655957,-1.1555957,-0.5255957,-2.8655958,-2.5855956
-0.6355957,-1.2555957,4.364404,5.214404,6.8144045,2.8544042,-4.7555957,-7.0655956,-8.085596,-6.5055957,-7.635596,-6.785596,-6.1255956,-5.1855955,-4.4755955,-4.1055956,-2.8955958,-2.9055958,-2.8055956,-2.1655958,-1.4255958,0.8144043,0.004404297,1.3544043,1.7544043,0.014404297,-0.34559572,1.9844043,0.2744043,0.054404296,-0.2055957,0.5844043,0.7044043,0.2344043,0.0844043,-0.9055957,-0.9055957,-2.3155956,-2.0355957,-0.6855957,0.1544043
4.8944044,11.544404,6.0344043,2.9844043,-1.6455957,-6.305596,-7.6055956,-8.085596,-7.9155955,-7.3955956,-6.635596,-6.8155956,-5.6955957,-5.6455956,-5.035596,-4.2555957,-2.6955957,-2.9255958,-2.7955956,-2.7255957,-1.5255957,-2.9955957,0.2544043,-4.7755957,-2.8855958,-4.9355955,-3.0955956,-3.4255958,1.7944043,-1.0555958,0.3544043,-1.8655957,0.1144043,-0.3355957,-2.8455956,-1.2455957,0.3644043,-0.5755957,1.2044044,1.0644042,-0.1255957
7.654404,6.5644045,5.0644045,3.9044044,3.3044043,-5.885596,-6.2555957,-7.6055956,-6.555596,-6.9155955,-7.865596,-7.4755955,-4.2755957,-3.3355956,-5.055596,-5.1655955,-4.2755957,-2.1155958,-0.4355957,-0.6155957,0.8244043,-2.8155956,-5.6755958,-7.2155957,-7.1255956,-6.845596,-6.865596,-7.655596,-5.325596,-2.1555958,-0.2255957,2.2944043,2.6944044,1.5444043,2.6944044,-2.5455956,-0.7755957,0.8444043,-1.2655957,-2.7755957,-1.8555957
4.634404,0.6844043,-2.0855956,2.1744044,-6.9555955,-6.7055955,-6.2255955,-6.115596,-6.1255956,-6.7155957,-7.6055956,-6.6755958,-5.035596,-2.3655958,-1.4855957,-4.8755956,-5.535596,-6.8555956,-7.2355957,-7.7755957,-8.375596,-7.7055955,-7.305596,-7.4155955,-8.085596,-8.375596,-7.345596,-5.9155955,-5.2355957,-4.535596,-4.655596,-3.1055956,-1.1855958,-0.4255957,-1.5055957,-1.5455956,-3.6755958,-3.4755957,-2.2455957,-2.8755958,-1.9755957
0.9644043,-4.6855955,-4.2155957,-6.6755958,-7.6755958,-7.1455956,-6.8955956,-6.365596,-5.5855956,-5.8355956,-6.635596,-6.3955956,-5.405596,-3.9755957,-2.0655956,-4.3155956,-5.495596,-6.3355956,-7.095596,-6.8755956,-7.0055957,-6.8555956,-6.9155955,-7.825596,-8.295596,-8.6855955,-7.8155956,-5.535596,-6.7255955,-6.905596,-5.9355955,-4.7055955,-6.5055957,-6.3355956,-3.8755958,-2.4955957,-2.0655956,-2.1655958,-1.4155957,0.034404296,-0.0655957
-6.015596,-5.405596,-6.345596,-6.385596,-7.0855956,-6.4155955,-6.2355957,-4.8355956,-4.7355957,-4.7355957,-5.095596,-5.135596,-4.7955956,-5.0055957,-4.7055955,-3.4455957,-3.7855957,-4.3355956,-6.035596,-6.765596,-6.865596,-6.6955957,-6.805596,-6.4255958,-6.8355956,-6.9755955,-6.9655957,-6.4555955,-6.1055956,-6.0855956,-6.365596,-6.0855956,-4.285596,-2.3855958,-2.4255958,-0.025595702,-0.95559573,-0.2255957,1.2744043,0.9344043,2.8344042
-3.9755957,-5.015596,-6.845596,-4.825596,-5.6955957,-5.2755957,-4.285596,-3.6455958,-4.1255956,-4.6655955,-4.2755957,-4.2255955,-4.1455956,-4.2755957,-3.9955957,-3.9055958,-2.3055956,-2.2555957,-3.3655958,-5.7955956,-6.135596,-6.0255957,-5.3955956,-4.9255958,-4.6455956,-4.9155955,-5.495596,-5.5055957,-6.2955956,-5.9355955,-6.6455956,-5.9755955,-5.055596,-4.575596,-4.2955956,-3.1455958,0.46440428,1.1244043,2.7144043,4.0744042,2.4744043
-4.055596,-6.3355956,-5.8755956,-4.655596,-4.4355955,-3.8855958,-3.8555956,-3.7155957,-3.6555958,-3.7855957,-3.4955957,-3.6355958,-3.5855956,-3.0355957,-3.1355958,-3.1955957,-2.7455957,-1.9555957,0.034404296,-2.4755957,-4.015596,-4.1255956,-4.2055955,-4.2055955,-4.4155955,-3.3155956,-2.7455957,-3.4455957,-3.9655957,-5.0655956,-5.3355956,-4.1055956,-3.6555958,-2.4255958,-0.4955957,1.1744043,-1.8655957,-2.2255957,-2.0155957,1.1844043,-2.1955957
-1.2555957,-2.3555956,-4.495596,-3.6855958,-2.9355958,-2.5855956,-2.8955958,-2.5955956,-2.7355957,-2.5155957,-2.7955956,-3.2755957,-3.0255957,-2.7255957,-2.7455957,-2.2255957,-2.6455958,-1.7055957,-0.8955957,0.14440429,-1.0255957,-2.4555957,-2.3255956,-2.6255958,-3.1455958,-3.1155958,-3.0255957,-3.2255957,-3.2755957,-3.8555956,-3.5955956,-2.8855958,-1.5055957,-1.0255957,-0.8855957,0.22440429,0.6344043,0.0744043,-2.3255956,-0.9055957,-0.8355957
-0.3755957,2.6544044,2.0544043,0.2744043,-1.6555957,0.9644043,-0.1755957,-0.5255957,-0.6055957,-0.9855957,-0.7955957,-1.4055957,-1.1855958,-1.5555958,-1.5955957,-0.9955957,-0.9955957,-1.1655957,-0.5055957,-0.1955957,0.54440427,0.3344043,-0.8455957,-0.9155957,-0.7955957,-1.8355957,-1.7555957,-2.2755957,-3.1855958,-3.0755956,-2.7355957,-2.1555958,-1.9155957,-1.7555957,-1.4955957,-0.3255957,-1.0655957,0.2644043,0.2544043,0.1344043,-0.8255957
-0.8855957,-0.6155957,-0.6855957,0.5644043,1.3644043,2.2144043,1.6544043,3.2244043,1.5544043,1.4744043,1.3644043,1.0744042,1.0944043,1.6044043,1.1644043,0.9444043,0.6544043,0.3744043,0.4944043,0.044404298,0.0844043,0.2544043,0.3544043,0.40440428,0.3444043,-0.1555957,-1.1555957,-1.1055957,-1.8155957,-1.8655957,-1.6355957,-1.6155957,-2.5155957,-1.4455957,-1.7355957,-1.9655957,-1.9355958,-2.2755957,-1.6155957,-0.8955957,-0.7555957
-0.5655957,-1.2855957,0.1244043,1.2544043,0.1144043,3.0544043,3.1044042,2.1344042,3.7244043,2.6544044,1.7344043,3.2344043,2.0844042,2.6744044,2.5244043,2.1344042,2.0744042,1.3244042,1.2444043,1.0044043,1.9044043,0.8744043,0.9344043,0.9644043,1.1244043,0.5044043,0.014404297,-1.1655957,-0.5655957,0.4944043,-0.1255957,0.094404295,-0.5055957,1.2644043,-1.0055957,-0.6355957,-0.6555957,-0.4055957,-1.2255957,-0.6855957,-0.3655957
1.8444043,1.4544044,1.6044043,0.6944043,1.0044043,1.7144043,2.9344044,3.2344043,4.004404,1.2244043,0.3644043,2.0944042,2.6744044,3.3444042,3.3044043,2.4644043,2.5344043,2.3644042,1.8544043,2.1444044,2.0444043,2.4944043,2.0644042,1.8944043,2.1244042,1.2344043,0.6844043,0.43440428,0.8444043,0.79440427,0.8744043,0.9844043,1.3844043,1.7044044,1.6744043,1.5244043,1.0144043,0.9444043,0.9844043,1.1444043,0.3744043
2.1644044,3.4344044,2.5644042,2.7444043,3.0744042,2.7144043,3.0044043,3.4644043,3.3344042,2.3844042,0.9544043,3.8344042,2.2644043,3.3144042,3.0444043,3.5144043,2.5744042,2.8344042,2.4844043,2.8244042,2.6844044,2.2044044,2.4244044,2.2244043,1.9144043,2.0944042,1.4444042,1.4744043,1.4944043,1.6244043,1.7344043,1.8244042,1.9744043,2.4244044,2.4544044,2.7544043,1.6944042,2.1544044,2.4644043,2.7744043,0.1844043
