wind_kz.json
{"header": {"discipline":0,"disciplineName":"Meteorological products","gribEdition":2,"gribLength":1025,"center":7,"centerName":"US National Weather Service - NCEP(WMC)","subcenter":0,"refTime":"2024-02-02T00:00:00.000Z","significanceOfRT":1,"significanceOfRTName":"Start of forecast","productStatus":0,"productStatusName":"Operational products","productType":1,"productTypeName":"Forecast products","productDefinitionTemplate":0,"productDefinitionTemplateName":"Analysis/forecast at horizontal level/layer at a point in time","parameterCategory":2,"parameterCategoryName":"UnknownDiscipline_0_Category_2","parameterNumber":3,"parameterNumberName":"UnknownParameter_D0_C2_3","parameterUnit":"Unknown","genProcessType":2,"genProcessTypeName":"Forecast","forecastTime":180,"surface1Type":103,"surface1TypeName":"Specified height level above ground","surface1Value":10.0,"surface2Type":255,"surface2TypeName":"Missing","surface2Value":0.0,"gridDefinitionTemplate":0,"gridDefinitionTemplateName":"Latitude_Longitude","numberPoints":615,"shape":6,"shapeName":"Earth spherical with radius of 6,371,229.0 m","gridUnits":"degrees","resolution":48,"winds":"true","scanMode":64,"nx":41,"ny":15,"basicAngle":0,"lo1":47.0,"la1":41.0,"lo2":87.0,"la2":55.0,"dx":1.0,"dy":1.0}, "data":
[rows 0 to 14 of 15, columns 0 to 40 of 41]
0.8896509,-0.6903491,-0.16034912,2.9396508,7.999651,6.249651,4.659651,3.8396509,1.7196509,1.6196508,1.6596509,1.7996509,1.9596509,2.6796508,3.519651,1.5096508,-0.010349121,-0.6303491,-1.9703491,-1.3803492,4.159651,-1.5303491,-1.6103492,-0.09034912,0.8896509,-1.0703491,-1.6203492,-0.5603491,1.7096509,2.539651,-3.010349,-4.7603493,1.0996509,1.9296509,1.1996509,0.49965087,2.289651,2.6896508,1.9196509,1.3596509,-0.14034912
4.7396507,-1.9803491,-1.1503491,4.979651,10.079651,7.379651,5.289651,4.749651,3.999651,3.1596508,3.1896508,2.559651,2.3796508,2.3396509,3.229651,2.809651,1.5896509,0.049650878,1.0696509,0.19965088,3.569651,-1.9303491,-2.3203492,0.5796509,-1.4803491,-1.4003491,-2.8103492,1.3496509,0.08965088,1.7896509,4.999651,4.839651,-0.25034913,-3.6103492,-5.340349,-2.6203492,-2.1403491,-1.6403491,-0.53034914,-1.4703491,-0.040349122
-1.6503491,-4.750349,-0.58034915,6.789651,8.079651,5.459651,4.539651,3.1096509,3.459651,3.239651,3.499651,2.6196508,2.709651,3.6196508,3.1796508,3.569651,3.9296508,3.4396508,2.9096508,2.4496508,0.29965088,1.4596509,-1.3703492,0.029650878,-0.7503491,1.4796509,0.7396509,-0.18034913,-0.53034914,2.019651,3.059651,1.6596509,2.709651,-1.9103491,-1.2703491,0.5096509,0.5796509,-0.20034912,-0.07034912,-0.83034915,-1.1603491
-2.540349,-2.540349,-0.7003491,3.509651,5.289651,5.019651,4.939651,4.839651,4.109651,2.6496508,2.6996508,2.6796508,3.299651,3.6596508,3.4196508,4.0296507,4.079651,3.489651,3.9296508,3.5996509,3.1096509,2.819651,1.5496509,0.6496509,-0.39034912,2.9296508,3.0996509,0.12965088,4.959651,4.839651,4.669651,-0.39034912,-0.8203491,-2.020349,-1.9203491,-2.780349,0.29965088,3.759651,1.8396509,2.1796508,0.71965086
-0.4603491,-0.010349121,1.7896509,-0.78034914,1.3996509,1.6496509,2.3896508,0.6896509,0.5496509,1.7096509,2.3496509,1.6796509,3.3896508,3.8596509,4.669651,3.769651,4.5296507,3.8596509,4.5696507,5.199651,5.599651,3.1396508,3.299651,1.9996508,1.3296509,0.53965086,2.5796509,0.9996509,3.6696508,4.2996507,1.0496509,0.91965085,2.8296509,2.8696508,-0.30034912,-0.7603491,-0.13034911,-1.6003491,-0.8603491,0.26965088,1.4396509
2.8596509,2.479651,2.529651,1.2396508,1.1496509,1.4296509,1.5196509,1.9896508,2.6596508,1.6796509,1.8396509,2.6696508,2.1996508,4.709651,4.459651,3.979651,4.5696507,4.869651,4.369651,4.909651,5.159651,5.769651,5.059651,4.179651,3.8696508,3.069651,2.509651,3.3396509,2.3796508,1.3796508,2.4496508,1.5296509,0.5596509,2.4496508,1.4596509,2.9396508,-0.19034912,1.2796509,0.8096509,-0.78034914,1.1096509
3.819651,3.709651,3.469651,2.959651,2.719651,1.3296509,-0.11034912,1.2896509,0.7496509,1.0296509,1.1896509,1.1196508,1.1696509,1.3096509,3.3696508,4.349651,5.499651,5.659651,6.249651,6.139651,6.3196507,6.539651,6.209651,6.199651,5.379651,4.879651,3.9396508,4.389651,4.139651,4.2396507,3.509651,2.499651,1.8696508,2.499651,0.83965087,0.19965088,-1.4303491,1.4996508,-1.2603492,-1.7903491,0.9296509
4.899651,4.2396507,2.759651,1.5396509,0.23965088,0.19965088,-0.5103491,-0.7403491,-0.4603491,-1.4103491,0.30965087,2.0796509,1.1996509,2.509651,1.9196509,3.6596508,4.909651,4.909651,6.519651,8.109651,5.9896507,6.669651,7.289651,7.789651,7.879651,6.619651,6.119651,5.2196507,4.329651,4.5296507,3.3696508,3.4396508,2.259651,2.6996508,4.409651,0.5496509,0.60965085,2.009651,-1.6903491,0.12965088,-0.33034912
4.429651,3.299651,2.6396508,1.6796509,1.1096509,0.019650878,-0.06034912,0.78965086,-0.18034913,1.2496508,0.8096509,0.5796509,-0.22034912,0.2896509,1.4896508,3.039651,4.459651,5.7196507,7.199651,8.449651,7.899651,7.429651,8.369651,9.049651,9.719651,8.799651,7.939651,8.399651,7.809651,5.3196507,7.859651,8.409651,8.9796505,6.859651,4.4896507,3.1796508,-0.90034914,2.0796509,3.289651,1.7096509,0.05965088
3.539651,2.999651,2.4396508,1.7096509,1.7296509,1.2396508,1.1096509,1.0196509,0.66965085,0.49965087,0.36965087,0.11965088,0.35965088,0.7396509,1.1696509,1.8096509,2.809651,4.269651,5.4896507,6.829651,8.359651,8.709651,8.289651,9.599651,9.239651,9.989651,9.879651,9.149651,8.849651,7.359651,8.739651,7.879651,8.159651,7.7196507,5.4896507,2.809651,1.5396509,-0.5503491,2.1696508,3.6596508,2.8696508
3.739651,3.1796508,2.799651,2.0896509,1.6096509,1.4096509,1.4596509,1.3796508,0.78965086,0.10965088,0.47965088,0.32965088,0.05965088,0.17965087,0.15965088,0.44965088,1.5396509,2.819651,4.0496507,5.979651,6.339651,6.5496507,8.4796505,8.879651,10.159651,10.969651,9.30965,10.469651,9.709651,6.7996507,8.55965,6.919651,6.789651,7.019651,8.259651,7.699651,4.039651,3.059651,2.4096508,1.1196508,-0.4003491
2.8896508,3.249651,3.209651,3.239651,2.489651,2.0896509,2.5996509,2.9196508,2.1296508,1.0196509,0.52965087,0.08965088,0.9596509,1.4296509,1.1996509,1.3396509,1.4096509,1.6696509,2.989651,1.8796508,4.589651,6.0296507,6.929651,7.4696507,8.089651,10.05965,11.079651,10.51965,10.489651,9.049651,8.419651,8.089651,6.909651,7.499651,6.5496507,7.5496507,6.199651,1.6796509,1.6096509,1.2096509,0.58965087
2.8896508,3.789651,3.4296508,2.559651,3.039651,2.249651,2.469651,2.539651,3.019651,2.9496508,1.3896508,-0.77034914,1.2796509,1.0996509,1.5596509,1.3896508,1.7596508,1.9896508,2.9396508,3.1496508,4.589651,3.959651,4.089651,4.589651,6.939651,8.879651,9.599651,10.429651,10.609651,10.80965,10.389651,10.189651,8.359651,7.339651,6.4896507,6.889651,5.909651,1.8196509,1.5896509,-0.65034914,0.53965086
3.969651,3.269651,2.059651,2.8996508,2.289651,2.299651,2.479651,2.319651,3.1296508,3.9096508,2.5796509,0.65965086,-1.0003492,1.1296508,1.2796509,1.3696508,0.9496509,0.29965088,1.3596509,2.3596509,2.6296508,3.709651,4.439651,6.409651,5.2596507,7.559651,10.099651,11.499651,11.359651,11.4796505,11.169651,10.249651,9.379651,8.579651,6.369651,6.629651,5.939651,5.039651,2.539651,2.1596508,0.7396509
2.6696508,2.6596508,2.8996508,2.749651,2.6896508,2.959651,2.6096509,2.3496509,2.239651,2.819651,2.779651,3.4096508,1.5796509,-1.1103492,0.4396509,0.8696509,1.3196509,1.0496509,0.5596509,-1.9603491,3.529651,3.5996509,4.289651,6.109651,5.959651,7.309651,10.719651,11.659651,11.299651,11.159651,11.7296505,11.099651,9.079651,8.419651,7.979651,8.039651,8.549651,7.979651,4.9696507,3.3996508,1.0996509
