wind_kz.json
{"header": {"discipline":0,"disciplineName":"Meteorological products","gribEdition":2,"gribLength":871,"center":7,"centerName":"US National Weather Service - NCEP(WMC)","subcenter":0,"refTime":"2023-10-02T12:00:00.000Z","significanceOfRT":1,"significanceOfRTName":"Start of forecast","productStatus":0,"productStatusName":"Operational products","productType":1,"productTypeName":"Forecast products","productDefinitionTemplate":0,"productDefinitionTemplateName":"Analysis/forecast at horizontal level/layer at a point in time","parameterCategory":0,"parameterCategoryName":"UnknownDiscipline_0_Category_0","parameterNumber":0,"parameterNumberName":"UnknownParameter_D0_C0_0","parameterUnit":"Unknown","genProcessType":2,"genProcessTypeName":"Forecast","forecastTime":0,"surface1Type":1,"surface1TypeName":"Ground or water surface","surface1Value":0.0,"surface2Type":255,"surface2TypeName":"Missing","surface2Value":0.0,"gridDefinitionTemplate":0,"gridDefinitionTemplateName":"Latitude_Longitude","numberPoints":615,"shape":6,"shapeName":"Earth spherical with radius of 6,371,229.0 m","gridUnits":"degrees","resolution":48,"winds":"true","scanMode":64,"nx":41,"ny":15,"basicAngle":0,"lo1":47.0,"la1":41.0,"lo2":87.0,"la2":55.0,"dx":1.0,"dy":1.0}, "data":
[rows 0 to 14 of 15, columns 0 to 40 of 41]
302.50586,290.10587,298.40585,294.30585,294.20587,293.10587,301.90585,306.20587,303.00586,303.30585,301.40585,301.60587,300.90585,300.80585,300.80585,300.20587,300.20587,300.40585,300.00586,300.10587,301.40585,298.30585,298.60587,293.00586,296.20587,298.30585,292.30585,280.90585,280.90585,277.40585,276.40585,276.00586,288.50586,294.90585,295.90585,295.10587,295.80585,295.60587,295.50586,294.40585,292.80585
279.50586,296.70587,294.10587,294.00586,294.10587,292.40585,307.00586,303.60587,301.30585,300.50586,300.80585,300.20587,300.40585,299.60587,299.80585,299.70587,299.20587,299.30585,298.40585,299.20587,298.90585,298.70587,296.10587,287.50586,276.90585,277.40585,287.00586,279.50586,281.70587,276.20587,279.20587,270.60587,279.40585,261.90585,270.90585,291.00586,289.70587,291.30585,295.10587,287.60587,285.30585
299.70587,293.90585,293.90585,293.30585,291.60587,303.70587,302.30585,301.60587,300.00586,299.20587,298.90585,299.20587,298.10587,298.80585,298.70587,299.30585,298.60587,297.70587,298.70587,298.90585,298.50586,297.40585,297.10587,290.70587,294.70587,292.80585,294.20587,293.80585,291.50586,284.00586,272.40585,277.10587,281.50586,282.20587,284.80585,284.00586,274.80585,277.30585,279.10587,275.00586,271.90585
301.50586,293.00586,293.80585,292.80585,294.80585,302.60587,301.80585,301.40585,301.10587,300.20587,299.00586,296.20587,290.70587,290.10587,296.20587,298.60587,297.90585,297.70587,298.70587,298.70587,296.60587,290.20587,295.90585,295.40585,294.60587,295.50586,296.40585,293.60587,293.00586,294.70587,294.60587,291.10587,295.00586,292.90585,292.20587,287.20587,276.80585,264.30585,278.30585,286.50586,290.40585
300.40585,292.90585,293.30585,292.80585,297.90585,302.30585,303.00586,302.20587,300.40585,299.10587,298.30585,296.20587,289.80585,288.70587,287.40585,297.40585,298.00586,296.80585,296.30585,296.90585,297.20587,297.20587,295.40585,294.60587,293.90585,294.10587,293.00586,292.40585,294.80585,295.00586,298.10587,293.70587,281.70587,271.00586,282.00586,289.50586,291.40585,293.50586,293.50586,294.20587,293.70587
302.40585,299.40585,291.50586,292.20587,292.60587,292.20587,303.30585,302.00586,300.00586,298.90585,297.90585,297.60587,290.80585,289.80585,292.30585,294.90585,296.80585,296.50586,297.20587,297.10587,296.40585,294.80585,293.50586,292.80585,292.00586,291.40585,293.30585,288.00586,294.70587,295.50586,293.90585,296.50586,294.10587,291.00586,288.70587,290.50586,283.20587,285.30585,290.60587,291.50586,291.90585
300.90585,302.70587,302.90585,302.10587,298.20587,301.50586,302.30585,299.70587,299.10587,297.60587,297.70587,297.00586,295.90585,295.70587,294.80585,294.60587,295.20587,296.80585,296.60587,295.50586,294.40585,292.60587,291.40585,290.50586,289.60587,290.50586,290.90585,292.80585,292.00586,292.40585,291.50586,291.90585,292.30585,292.80585,290.70587,288.70587,282.60587,279.50586,279.60587,278.30585,286.70587
300.20587,300.30585,301.40585,302.00586,302.10587,301.30585,300.70587,297.90585,296.70587,294.70587,296.70587,295.30585,295.00586,294.80585,294.90585,294.70587,294.10587,295.30585,295.30585,291.60587,289.40585,289.00586,288.60587,287.90585,287.10587,285.30585,284.40585,288.00586,287.00586,289.00586,288.20587,289.00586,288.00586,285.90585,285.50586,286.00586,286.60587,286.10587,286.20587,286.10587,283.00586
299.70587,299.70587,299.60587,299.70587,298.70587,298.00586,297.70587,295.00586,294.40585,295.40585,295.10587,294.90585,293.80585,294.90585,293.50586,294.50586,293.70587,293.50586,292.60587,291.30585,287.50586,285.40585,284.90585,284.30585,282.50586,284.00586,282.90585,283.60587,282.70587,281.90585,282.80585,283.00586,284.00586,284.20587,284.50586,283.10587,282.60587,281.90585,270.50586,270.50586,267.60587
299.40585,299.00586,298.70587,299.00586,298.10587,296.90585,296.60587,295.10587,296.10587,295.90585,294.70587,293.20587,293.70587,294.00586,293.00586,292.80585,292.70587,292.90585,292.30585,291.60587,289.40585,286.80585,286.10587,285.40585,283.40585,283.00586,282.00586,282.40585,283.50586,282.80585,282.60587,283.80585,286.10587,285.80585,284.90585,283.20587,280.70587,275.60587,272.50586,270.20587,266.80585
297.80585,297.70587,297.40585,297.10587,297.10587,296.00586,296.00586,295.40585,294.60587,293.80585,290.80585,291.10587,292.90585,292.10587,292.00586,292.20587,291.50586,292.50586,291.90585,290.00586,289.40585,288.60587,287.60587,287.10587,286.30585,285.70587,283.50586,285.20587,285.70587,285.90585,285.70587,285.60587,284.90585,285.10587,284.60587,282.50586,277.60587,273.90585,274.90585,274.50586,270.50586
295.00586,296.00586,295.90585,295.10587,294.50586,294.50586,292.80585,293.40585,293.90585,292.70587,289.60587,289.40585,289.60587,289.50586,290.60587,290.90585,290.60587,290.20587,290.70587,289.80585,288.30585,287.00586,286.10587,285.60587,284.60587,285.00586,284.30585,284.90585,285.20587,285.60587,284.60587,284.70587,283.90585,281.00586,281.30585,280.30585,280.40585,279.60587,278.30585,278.60587,278.20587
292.00586,292.60587,294.80585,294.40585,294.00586,293.30585,293.20587,292.50586,291.50586,291.10587,287.90585,287.60587,289.20587,288.00586,289.60587,289.70587,289.70587,289.20587,290.00586,288.80585,288.70587,286.70587,285.50586,284.80585,285.00586,285.20587,285.60587,284.10587,283.40585,282.40585,283.10587,282.70587,281.30585,280.30585,279.70587,279.40585,277.90585,279.60587,277.90585,277.30585,277.70587
290.70587,292.70587,288.80585,293.60587,293.20587,291.70587,291.60587,290.40585,290.80585,289.60587,287.50586,285.60587,288.20587,288.40585,288.80585,289.20587,288.90585,288.00586,288.60587,288.80585,288.60587,288.10587,288.00586,287.00586,286.60587,286.10587,284.90585,284.00586,282.30585,282.00586,280.60587,279.80585,279.10587,278.00586,278.30585,276.50586,276.60587,276.20587,275.70587,274.60587,275.70587
290.00586,292.10587,285.90585,292.60587,293.10587,293.00586,291.00586,290.60587,288.10587,289.30585,287.10587,286.80585,286.30585,287.90585,288.10587,288.80585,288.50586,288.10587,288.70587,288.00586,288.40585,287.70587,287.50586,286.40585,285.70587,285.60587,284.90585,283.60587,283.20587,281.60587,280.40585,280.80585,278.80585,278.60587,278.30585,278.30585,277.80585,276.30585,276.70587,275.40585,275.40585
