wind_kz.json
{"header": {"discipline":0,"disciplineName":"Meteorological products","gribEdition":2,"gribLength":1025,"center":7,"centerName":"US National Weather Service - NCEP(WMC)","subcenter":0,"refTime":"2023-09-23T06:00:00.000Z","significanceOfRT":1,"significanceOfRTName":"Start of forecast","productStatus":0,"productStatusName":"Operational products","productType":1,"productTypeName":"Forecast products","productDefinitionTemplate":0,"productDefinitionTemplateName":"Analysis/forecast at horizontal level/layer at a point in time","parameterCategory":2,"parameterCategoryName":"UnknownDiscipline_0_Category_2","parameterNumber":3,"parameterNumberName":"UnknownParameter_D0_C2_3","parameterUnit":"Unknown","genProcessType":2,"genProcessTypeName":"Forecast","forecastTime":0,"surface1Type":103,"surface1TypeName":"Specified height level above ground","surface1Value":10.0,"surface2Type":255,"surface2TypeName":"Missing","surface2Value":0.0,"gridDefinitionTemplate":0,"gridDefinitionTemplateName":"Latitude_Longitude","numberPoints":615,"shape":6,"shapeName":"Earth spherical with radius of 6,371,229.0 m","gridUnits":"degrees","resolution":48,"winds":"true","scanMode":64,"nx":41,"ny":15,"basicAngle":0,"lo1":47.0,"la1":41.0,"lo2":87.0,"la2":55.0,"dx":1.0,"dy":1.0}, "data":
[rows 0 to 14 of 15, columns 0 to 40 of 41]
2.0164087,2.3264086,1.0964087,4.1064086,2.6364088,0.45640868,1.1964087,0.7364087,0.04640869,1.7664087,-0.7635913,-1.4235913,-2.8435912,-3.5435913,-3.0235913,-4.923591,-5.593591,-5.0535913,-5.903591,-3.4635913,-3.4735913,-1.8435913,-0.6635913,0.3164087,1.9164087,-0.59359133,-1.3735913,-0.3835913,-1.7435913,-2.6535914,-2.8835914,-3.2935913,-1.1635913,-2.3635912,-0.9235913,-4.073591,-5.153591,-6.573591,-0.2135913,-5.093591,-1.1835914
0.9364087,2.6264086,4.306409,4.4464087,2.4664087,1.2664087,-0.6635913,0.39640868,0.056408692,-0.1535913,-0.2535913,-2.2335913,-2.6135912,-2.9835913,-3.4635913,-4.613591,-3.1335914,-5.0435915,-3.4435914,-4.8035913,-6.403591,-4.3335915,-1.3335913,-1.6235913,1.5264087,1.7864087,3.1264086,-0.8635913,0.8764087,1.2564087,-1.6435913,-2.6835914,-2.9835913,-4.2235913,-1.3735913,2.5064087,0.6964087,-3.6335914,-5.943591,-1.0635914,-3.4635913
2.9464087,5.516409,5.0064087,3.2364087,3.0264087,2.1864088,1.5964087,-0.06359131,0.2564087,0.04640869,-1.5435913,-2.0135913,-2.3235912,-2.3735914,-2.9735913,-3.4235914,-3.9135914,-4.4935913,-3.8735914,-5.343591,-4.153591,-3.5935912,-4.443591,-1.8835913,-2.3035913,-2.0135913,-1.5435913,-1.4635913,-0.3335913,0.16640869,-0.07359131,2.5564086,-1.0135913,-0.9835913,-0.4935913,-0.2835913,-2.8835914,-2.5235913,-1.1535913,0.3564087,-1.2135913
3.9864087,4.386409,3.9064088,3.0564086,2.6764088,2.4964087,2.2764087,-0.3135913,-0.3935913,0.21640868,-0.14359131,-1.6035913,-3.4835913,-3.2835913,-3.5935912,-2.9635913,-3.3535912,-3.7635913,-4.423591,-4.7935915,-4.6035914,-4.2235913,-2.3435912,-0.3735913,-1.0135913,-0.9935913,1.0364087,0.4964087,0.1264087,0.19640869,0.32640868,0.48640868,1.4164087,-0.32359132,-0.1535913,1.5264087,3.2464087,1.2164087,-2.6235914,-2.0235913,-0.78359133
3.2664087,1.8564087,2.2864087,1.4964087,0.22640869,1.0164087,0.7564087,1.1364087,0.7064087,0.066408694,-0.59359133,-1.4435914,-2.1735914,-2.9335914,-3.6535914,-3.4135914,-3.4935913,-3.8835914,-4.6235914,-4.1635914,-4.3135915,-1.9735913,-1.5135913,-0.9335913,-0.53359133,0.4964087,0.59640867,0.6964087,1.0364087,0.9564087,2.0664086,1.6664087,0.59640867,-0.9335913,0.9164087,1.5664086,1.2964087,-1.0535913,1.7064087,-0.3935913,-1.1935914
2.4364088,2.5064087,1.0164087,1.6264087,1.2364087,0.4064087,1.1164087,0.7564087,-0.26359132,-0.9435913,-1.4635913,-2.1935914,-2.3135912,-2.0235913,-3.1235914,-2.8835914,-3.0135913,-3.1035912,-3.6535914,-3.5335913,-3.3135912,-3.5835912,-3.5035913,-2.0435913,-2.4435914,-2.6135912,-2.6435914,0.9864087,-0.2735913,1.6064087,3.1164086,4.0264087,3.5364087,1.4264086,1.6164087,-0.2035913,-1.7435913,-5.193591,-3.4435914,-0.6335913,2.8664086
0.8564087,1.5464087,1.2464087,3.1464088,2.2664087,1.2764087,0.9164087,0.26640868,-1.0735914,-2.1735914,-2.4035914,-2.2535913,-2.5635912,-3.2635913,-3.3935914,-2.8635912,-1.6435913,-1.9135913,-2.1935914,-3.2635913,-3.2035913,-3.1535914,-3.0335913,-3.1635914,-3.3635912,-3.3035913,-2.4735913,-2.9235914,-0.8035913,-0.2335913,0.04640869,2.1464088,3.4464087,4.2264085,0.6964087,0.026408691,2.6264086,2.1864088,-1.1035913,0.7064087,2.9364088
1.6964087,2.1764088,3.1564088,2.4764087,1.8964087,1.1164087,-0.19359131,-1.2835913,-1.4435914,-2.7335913,-3.2335913,-3.5635912,-3.4435914,-3.4635913,-3.3535912,-3.3435912,-2.6335914,-1.6235913,-1.3035913,-1.9635913,-3.4935913,-3.3035913,-2.9735913,-1.9535913,-1.8935913,-1.0935913,-2.4335914,-4.7635913,-2.6635914,-1.0135913,-1.7035913,-3.7735913,-1.2535913,0.9964087,2.5364087,3.1364088,0.9364087,0.5464087,0.14640869,-0.7535913,-0.5735913
1.5864087,1.6964087,1.3364087,1.3564087,0.8764087,0.48640868,-0.7735913,-2.0635912,-2.9835913,-3.8535912,-3.6935914,-3.1335914,-4.573591,-4.483591,-4.9535913,-4.483591,-3.9935913,-2.9835913,-2.6935914,-1.8235914,-2.2335913,-4.483591,-4.9935913,-4.5035915,-5.7035913,-4.3035913,-2.7835913,-2.0435913,-3.3335912,-2.2635913,-3.3135912,-1.5635914,-2.4435914,1.0064087,-1.5035913,-0.5635913,-0.13359131,4.9364085,4.5264087,2.6164086,2.8964088
1.3764087,1.0764087,0.5864087,0.5264087,0.2364087,-0.4735913,-1.7835913,-2.7435913,-3.2235913,-2.4835913,-3.9235914,-3.9835913,-4.4535913,-4.843591,-5.0835915,-4.5435915,-4.5435915,-4.0335913,-4.5835915,-3.9035914,-5.0435915,-5.6835914,-4.983591,-4.2735915,-5.8535914,-6.0335913,-6.343591,-6.5835915,-6.0335913,-5.4335914,-6.4735913,-7.6435914,-5.383591,-1.5135913,1.1164087,2.7064087,0.53640866,1.7364087,6.176409,5.6264086,3.8764086
1.7664087,1.0564086,-0.06359131,-1.3635913,-1.4635913,-1.6435913,-1.8235914,-1.4335914,-2.1435914,-3.2635913,-2.9635913,-2.6035912,-3.4135914,-4.233591,-4.983591,-5.233591,-5.593591,-5.4135914,-4.653591,-5.713591,-5.3135915,-5.943591,-6.443591,-6.0035915,-5.3535914,-5.823591,-6.443591,-6.7535915,-6.733591,-6.823591,-7.5035915,-7.593591,-7.0635915,-5.9935913,-6.5535913,1.5264087,-0.12359131,2.7264087,4.866409,4.4164085,2.7864087
1.3064086,0.8664087,-0.96359134,-1.2735913,-1.7535913,-2.2535913,-2.2735913,-2.6735914,-2.7935913,-2.4935913,-0.8135913,-2.0635912,-2.8635912,-2.7435913,-2.4035914,-4.4535913,-4.963591,-5.0035915,-5.323591,-5.963591,-5.9135914,-6.7935915,-6.633591,-5.6235914,-5.383591,-6.5135913,-6.6835914,-7.923591,-6.3735914,-6.4935913,-6.3135915,-6.733591,-5.3335915,-5.883591,-4.7935915,-4.5835915,-4.323591,-2.7635913,1.7764087,1.5764087,2.7864087
1.2064087,-0.5535913,-0.8535913,-0.1535913,-0.09359131,-0.7735913,-1.6035913,-2.0835912,-2.6835914,-1.7135913,-1.1035913,-2.2835913,-0.7935913,-1.6835914,-2.9635913,-3.8735914,-3.2735913,-4.363591,-6.0035915,-5.5535913,-5.3735914,-5.403591,-5.5135913,-5.693591,-5.7235913,-6.5435915,-7.2435913,-6.5335913,-6.1035914,-6.193591,-6.0535913,-5.8935914,-5.3935914,-4.5135913,-5.213591,-6.0235915,-5.213591,-2.5635912,-6.1635914,6.846409,2.4064088
1.1864086,1.0764087,-0.08359131,-0.19359131,-0.2335913,-1.6635913,-1.3335913,-1.0635914,-1.6735913,-2.3035913,-1.3135914,-0.7035913,-3.2735913,-0.4335913,-2.1035912,-2.7435913,-3.0535913,-3.7235913,-4.8935914,-5.1435914,-5.693591,-4.983591,-5.1435914,-5.573591,-5.863591,-6.213591,-6.1435914,-5.9935913,-5.7235913,-6.0435915,-5.8735914,-5.6235914,-5.4135914,-4.7835913,-4.4535913,-4.903591,-5.3135915,-4.463591,-2.2635913,-2.4335914,-5.3535914
0.9164087,0.096408695,0.10640869,1.5564086,0.6364087,-0.8035913,-0.10359131,-2.0335913,-0.7735913,-1.0535913,-0.5235913,-2.0535913,-1.3035913,-2.7535913,-2.1335914,-1.9535913,-2.3435912,-3.9735913,-4.193591,-4.9935913,-5.193591,-5.363591,-5.463591,-5.6035914,-5.8035913,-5.903591,-6.3535914,-6.2035913,-6.3335915,-5.8735914,-5.7035913,-5.6035914,-4.5035915,-4.6835914,-3.8635912,-3.9335914,-4.8135915,-5.0135913,-4.3335915,-2.9035914,-3.6935914
