wind_kz.json
[{"header":{"discipline":0,"disciplineName":"Meteorological products","gribEdition":2,"gribLength":871,"center":7,"centerName":"US National Weather Service - NCEP(WMC)","subcenter":0,"refTime":"2023-09-25T00:00:00.000Z","significanceOfRT":1,"significanceOfRTName":"Start of forecast","productStatus":0,"productStatusName":"Operational products","productType":1,"productTypeName":"Forecast products","productDefinitionTemplate":0,"productDefinitionTemplateName":"Analysis/forecast at horizontal level/layer at a point in time","parameterCategory":0,"parameterCategoryName":"UnknownDiscipline_0_Category_0","parameterNumber":0,"parameterNumberName":"UnknownParameter_D0_C0_0","parameterUnit":"Unknown","genProcessType":2,"genProcessTypeName":"Forecast","forecastTime":240,"surface1Type":1,"surface1TypeName":"Ground or water surface","surface1Value":0.0,"surface2Type":255,"surface2TypeName":"Missing","surface2Value":0.0,"gridDefinitionTemplate":0,"gridDefinitionTemplateName":"Latitude_Longitude","numberPoints":615,"shape":6,"shapeName":"Earth spherical with radius of 6,371,229.0 m","gridUnits":"degrees","resolution":48,"winds":"true","scanMode":64,"nx":41,"ny":15,"basicAngle":0,"lo1":47.0,"la1":41.0,"lo2":87.0,"la2":55.0,"dx":1.0,"dy":1.0},"data":[290.0,280.3,282.1,292.8,292.9,292.2,290.1,290.8,288.7,288.7,288.1,289.4,288.7,288.4,287.9,285.9,287.2,288.3,288.8,289.6,289.8,289.7,289.1,284.3,288.3,289.5,288.9,275.8,271.8,270.8,269.6,273.5,280.5,286.8,287.4,287.8,288.0,288.7,288.0,288.2,284.5,271.0,283.0,292.3,292.5,292.7,291.5,285.8,285.3,284.8,285.4,286.9,286.8,286.9,286.3,285.2,284.7,286.1,286.7,287.3,287.7,289.6,290.7,291.3,282.6,272.9,273.5,280.3,274.7,274.1,271.2,278.6,269.3,275.1,256.9,267.6,284.3,282.9,286.3,287.8,281.6,283.5,284.9,292.1,292.5,291.8,290.4,284.3,283.7,282.9,282.8,283.1,283.4,285.5,284.5,285.2,285.6,283.6,283.8,284.1,285.0,286.0,287.4,291.0,289.8,287.8,290.3,288.0,288.7,287.9,286.7,280.0,272.4,274.4,280.0,278.9,280.8,280.2,271.9,274.0,274.9,271.1,270.7,285.7,291.2,292.0,291.2,288.5,281.9,282.3,281.6,282.2,282.0,282.7,283.1,290.0,289.6,284.9,283.1,284.3,283.2,284.4,284.3,285.0,280.0,286.3,287.3,289.8,290.3,290.8,289.1,286.4,288.2,289.7,287.2,290.9,290.9,289.7,284.5,274.3,270.2,277.6,283.1,286.0,286.0,290.6,290.9,290.1,287.2,282.1,282.8,282.1,282.0,282.4,282.2,281.2,288.7,287.8,286.4,282.6,282.7,283.1,281.9,284.8,285.1,285.2,284.3,285.0,285.4,286.2,285.4,288.1,290.1,291.0,292.1,289.8,277.3,270.4,279.2,287.3,288.1,290.0,288.7,289.6,288.4,284.7,283.3,289.4,289.9,290.0,289.8,281.8,283.6,282.1,282.1,282.7,282.7,287.4,288.6,284.8,281.3,283.5,281.5,282.3,282.9,282.7,283.2,283.5,283.9,284.7,286.3,288.2,286.7,289.8,288.7,291.4,292.7,291.5,290.8,287.3,288.8,280.5,281.2,288.0,286.9,286.2,284.3,282.9,285.3,284.7,284.5,281.4,282.6,282.2,282.6,282.6,280.9,281.4,280.6,280.7,280.5,281.7,280.9,281.4,280.1,279.7,279.7,280.3,281.9,282.7,282.0,283.0,282.7,284.0,285.1,286.9,288.2,289.0,290.7,291.1,290.1,286.9,282.7,280.4,277.8,276.6,283.0,284.2,283.5,284.2,284.4,283.9,283.0,281.2,278.7,278.1,279.0,278.3,278.5,278.5,279.5,280.2,280.3,280.3,280.1,279.4,277.1,277.2,277.5,278.1,279.0,279.0,278.0,279.9,283.4,281.3,285.7,283.4,284.7,284.8,284.8,286.8,285.2,287.8,285.9,285.6,283.9,281.1,285.2,285.0,287.0,284.4,284.4,281.9,279.1,277.9,275.8,275.5,275.4,275.2,275.7,277.3,277.5,278.8,278.4,278.1,277.6,276.6,274.7,274.8,276.2,276.9,276.3,277.4,276.4,278.9,278.1,279.9,282.2,283.8,285.1,286.7,286.3,285.1,282.3,284.3,272.5,268.4,268.7,286.8,286.0,285.4,283.5,283.9,283.1,281.5,276.9,276.5,274.1,273.2,273.3,274.5,275.3,275.6,276.3,276.7,276.5,277.5,279.6,278.3,277.9,278.6,278.9,279.0,277.0,279.2,276.7,278.4,278.6,280.2,284.4,286.8,287.4,286.7,286.9,282.3,278.2,276.2,274.3,268.3,287.7,284.4,284.6,283.3,282.2,280.3,281.4,278.2,274.9,273.1,273.4,273.0,274.6,274.5,274.4,274.6,274.9,275.8,276.3,277.7,278.3,278.6,278.3,277.5,278.1,278.4,277.4,279.3,280.2,281.4,282.5,283.3,284.7,285.9,286.3,285.0,280.8,277.9,276.6,275.4,274.3,284.4,285.6,286.1,285.0,282.3,281.5,279.7,278.4,273.9,272.6,269.7,271.6,273.6,273.2,273.5,273.6,274.5,274.5,276.2,276.4,276.5,276.1,276.1,277.1,276.3,277.2,277.2,278.8,279.6,280.7,280.9,282.2,283.0,285.0,285.1,285.7,286.8,288.4,286.1,282.4,278.6,279.3,279.1,282.8,283.7,283.0,281.5,280.0,278.1,276.8,272.7,270.7,268.5,272.8,271.5,275.8,273.1,276.0,273.2,276.3,275.6,275.5,274.4,274.0,274.0,275.2,276.2,277.2,276.9,278.3,279.6,280.9,281.1,282.7,285.4,285.5,285.2,285.7,287.6,283.7,280.8,279.9,278.6,278.9,282.5,280.4,281.0,279.6,278.0,277.0,277.2,275.2,271.7,270.3,270.5,272.9,273.2,273.1,275.6,275.0,275.0,275.2,275.1,275.0,273.9,274.9,275.2,275.3,275.0,275.9,276.2,277.5,279.4,280.5,281.6,284.3,285.0,283.7,284.9,284.0,282.3,280.6,279.2,276.7,278.1,284.9,278.4,278.4,278.9,277.9,276.4,275.4,275.4,274.4,271.4,269.8,272.4,274.3,272.6,271.3,271.1,271.7,271.6,271.7,271.2,271.3,272.2,273.0,273.1,273.1,273.5,274.6,276.2,278.2,281.8,282.7,284.6,284.4,284.3,284.8,283.9,284.8,281.3,279.5]},{"header":{"discipline":0,"disciplineName":"Meteorological products","gribEdition":2,"gribLength":1025,"center":7,"centerName":"US National Weather Service - NCEP(WMC)","subcenter":0,"refTime":"2023-09-25T00:00:00.000Z","significanceOfRT":1,"significanceOfRTName":"Start of forecast","productStatus":0,"productStatusName":"Operational products","productType":1,"productTypeName":"Forecast products","productDefinitionTemplate":0,"productDefinitionTemplateName":"Analysis/forecast at horizontal level/layer at a point in time","parameterCategory":2,"parameterCategoryName":"UnknownDiscipline_0_Category_2","parameterNumber":2,"parameterNumberName":"UnknownParameter_D0_C2_2","parameterUnit":"Unknown","genProcessType":2,"genProcessTypeName":"Forecast","forecastTime":240,"surface1Type":103,"surface1TypeName":"Specified height level above ground","surface1Value":10.0,"surface2Type":255,"surface2TypeName":"Missing","surface2Value":0.0,"gridDefinitionTemplate":0,"gridDefinitionTemplateName":"Latitude_Longitude","numberPoints":615,"shape":6,"shapeName":"Earth spherical with radius of 6,371,229.0 m","gridUnits":"degrees","resolution":48,"winds":"true","scanMode":64,"nx":41,"ny":15,"basicAngle":0,"lo1":47.0,"la1":41.0,"lo2":87.0,"la2":55.0,"dx":1.0,"dy":1.0},"data":[-1.8047681,0.48523194,0.38523194,-4.1247683,-3.944768,-4.984768,-2.144768,-3.7047682,-5.394768,-1.1747681,-2.2147682,-2.054768,-3.2247682,-2.4747682,-0.9347681,-1.2047681,0.42523193,3.105232,-0.41476807,3.655232,1.255232,2.105232,0.30523193,-0.47476807,0.8752319,-1.8247681,-1.6647681,1.4252319,1.3552319,0.35523194,0.015231933,1.9652319,0.8252319,0.86523193,-2.394768,-2.314768,-1.6847681,1.7952319,1.415232,2.145232,0.11523193,1.9652319,-0.76476806,-4.964768,-4.784768,-6.314768,-6.1247683,-3.384768,-4.6247683,-3.4847682,-1.6647681,-0.65476805,-1.8147681,-2.844768,-1.504768,-0.30476806,0.035231933,2.065232,-0.63476807,-0.24476807,0.015231933,1.665232,0.45523193,-0.5047681,-3.804768,1.415232,0.14523193,0.31523192,1.525232,0.26523194,0.31523192,0.34523192,-0.044768065,0.71523196,-1.2647681,-0.0047680666,0.035231933,0.025231933,0.065231934,-0.44476807,3.205232,3.065232,-1.8047681,-6.344768,-5.734768,-6.554768,-6.074768,-4.644768,-3.9747682,-1.594768,-3.304768,-2.374768,-1.614768,-2.314768,-1.6747681,-1.124768,0.13523193,0.36523193,0.37523192,1.5952319,0.6952319,0.19523193,1.3252319,3.585232,2.575232,-1.584768,0.0052319337,-0.20476806,-0.20476806,-0.8147681,2.695232,-0.06476807,1.405232,1.035232,0.79523194,0.46523193,-1.1447681,-0.72476804,-0.6247681,-0.48476806,3.355232,1.5552319,2.115232,-4.184768,-6.324768,-5.294768,-4.844768,-3.9747682,-2.634768,-0.45476806,-2.834768,-1.724768,-0.97476804,-1.714768,-1.0247681,-1.2947681,-1.4447681,-1.124768,-0.7547681,-0.78476804,-0.58476806,-0.5647681,0.7452319,0.12523194,-1.5547681,4.705232,1.915232,0.8252319,5.3752317,6.3952317,4.795232,9.695232,5.945232,3.945232,1.8352319,3.7452319,0.5552319,-0.06476807,-2.544768,-1.9347681,1.3252319,-0.18476807,2.0052319,3.665232,-3.314768,-4.654768,-4.644768,-4.8547683,-3.4847682,-2.534768,-2.7347682,-1.7947681,-0.6947681,-1.494768,-1.1947681,-0.43476808,-2.314768,-4.674768,-3.4547682,-1.4447681,-1.214768,-0.95476806,-0.30476806,0.095231935,1.4852319,1.8052319,0.9552319,2.2552319,3.5152318,3.5452318,2.2452319,4.445232,7.015232,8.375232,3.815232,7.555232,-0.57476807,1.7052319,2.2852318,-0.60476804,1.7352319,1.6952319,3.915232,2.445232,0.66523194,-1.6947681,-1.594768,-1.9447681,-2.524768,-2.304768,-2.674768,-2.124768,-1.8047681,-1.5547681,-1.1447681,-1.004768,-1.0547681,-1.2847681,-3.674768,-2.9547682,-0.6747681,-1.004768,-1.7047681,-1.6447681,0.6952319,-0.24476807,-0.71476805,1.005232,2.345232,2.875232,3.815232,5.065232,5.065232,4.715232,3.9852319,5.055232,3.975232,6.275232,5.335232,2.5052319,-3.784768,1.8252319,5.705232,7.705232,1.9752319,1.385232,-0.24476807,0.14523193,0.85523194,0.38523194,-1.5347681,-1.8247681,-1.994768,-1.344768,-1.4447681,-1.244768,-1.0647681,-1.3947681,-1.134768,-1.2047681,-0.64476806,-2.2647681,-1.864768,-1.0447681,-0.6847681,-0.41476807,-0.09476807,0.10523193,0.045231935,0.59523195,1.525232,3.2752318,4.385232,4.575232,4.085232,5.245232,5.325232,5.995232,7.515232,5.135232,5.535232,0.73523194,0.66523194,2.565232,1.375232,-0.41476807,1.865232,1.0952319,0.8152319,0.5652319,-0.24476807,-0.16476807,-0.6847681,-1.214768,-1.344768,-0.57476807,-1.124768,-1.2947681,-0.21476807,-0.45476806,-0.12476806,-0.59476805,-1.254768,-1.0747681,-0.6747681,-1.0147681,-0.37476808,1.3352319,1.405232,1.6752319,1.875232,2.555232,3.4952319,4.795232,4.885232,4.6252317,5.045232,5.885232,6.355232,6.305232,5.995232,7.455232,4.6652317,1.885232,2.2952318,1.115232,-3.7047682,-2.164768,1.3252319,1.755232,1.365232,0.6952319,0.19523193,-0.14476806,0.045231935,-0.51476806,-0.39476806,0.23523194,-0.45476806,0.16523193,1.155232,0.86523193,0.26523194,-1.1747681,-0.9447681,-0.83476806,-0.10476807,0.12523194,1.635232,2.895232,2.945232,3.875232,3.855232,5.255232,5.275232,7.1452317,6.105232,6.435232,6.785232,6.505232,6.215232,4.525232,2.2752318,1.4752319,-2.074768,1.005232,-0.034768067,0.65523195,-2.564768,1.875232,2.375232,2.055232,1.3152319,0.035231933,-0.53476804,0.19523193,0.10523193,0.79523194,1.0652319,1.415232,1.3252319,1.1852319,0.84523195,-1.984768,-0.6947681,0.33523193,0.77523196,1.9552319,1.245232,1.895232,3.5052319,5.295232,5.815232,6.005232,6.825232,7.335232,8.6152315,8.665232,7.825232,8.065232,7.275232,6.6452317,8.425232,0.7652319,3.725232,-1.594768,-1.7947681,0.025231933,0.65523195,-2.274768,1.495232,0.43523192,1.245232,1.395232,0.54523194,-0.45476806,0.44523194,0.44523194,0.7452319,0.84523195,1.2952319,1.4352319,1.155232,-0.72476804,-0.95476806,-0.36476806,1.1852319,0.54523194,1.6952319,1.9652319,3.5352318,3.385232,3.595232,3.615232,4.1452317,5.425232,5.9152317,7.745232,7.585232,8.765232,8.385232,8.545232,8.495232,6.6252317,4.545232,3.675232,0.5652319,-0.034768067,1.4252319,0.27523193,-1.8947681,1.0552319,1.645232,2.7752318,1.4652319,-0.0047680666,-0.24476807,-0.09476807,0.015231933,0.5752319,-0.40476808,-0.20476806,1.6852319,1.7152319,-0.41476807,-0.0047680666,-0.06476807,0.7452319,0.8152319,1.865232,2.7452319,2.7752318,3.5152318,4.215232,4.325232,5.1252317,6.685232,7.795232,9.175232,9.945232,10.385232,9.265232,9.395232,7.605232,8.555232,4.845232,4.725232,5.335232,6.575232,2.7852318,0.10523193,-1.2747681,1.5952319,1.655232,2.155232,1.625232,1.785232,-0.06476807,-0.14476806,-0.16476807,-0.054768067,-0.72476804,0.055231933,0.84523195,1.1952319,1.115232,0.43523192,1.1752319,1.7952319,1.415232,1.5752319,2.595232,2.715232,3.425232,4.095232,5.455232,6.6452317,7.275232,8.405231,9.505232,9.835232,9.405231,9.345232,9.855232,9.415232,8.815232,4.715232,3.9952319,5.3952317,3.355232,0.9352319,-0.35476807,-1.6947681,2.2352319,1.875232,1.9652319,1.1752319,0.17523193,-0.26476806,0.27523193,0.52523196,-0.114768066,0.07523193,-0.5647681,0.29523194,1.2352319,1.255232,-1.5247681,-0.13476807,1.285232,1.4452319,1.765232,1.995232,2.725232,3.345232,4.295232,5.235232,5.465232,6.695232,7.155232,7.245232,7.785232,8.765232,9.445232,9.185232,8.1152315,6.965232,3.815232,2.5152318,3.915232,3.205232,-0.6747681,-0.06476807,-1.464768,0.8052319,2.9952319,2.855232,0.65523195,0.8852319,1.3152319,0.84523195,-0.7447681,-1.7047681,0.43523192,-0.6947681,0.17523193,-0.14476806,-0.72476804,-0.64476806,1.2352319,1.2352319,0.92523193,1.0652319,1.515232,2.175232,2.685232,2.7652318,3.575232,4.135232,4.685232,5.715232,5.945232,5.955232,6.745232,9.905231,10.305232,8.685232,3.855232,3.965232,0.98523194,2.465232,3.195232,2.225232,-1.2847681,-2.044768]},{"header":{"discipline":0,"disciplineName":"Meteorological products","gribEdition":2,"gribLength":1025,"center":7,"centerName":"US National Weather Service - NCEP(WMC)","subcenter":0,"refTime":"2023-09-25T00:00:00.000Z","significanceOfRT":1,"significanceOfRTName":"Start of forecast","productStatus":0,"productStatusName":"Operational products","productType":1,"productTypeName":"Forecast products","productDefinitionTemplate":0,"productDefinitionTemplateName":"Analysis/forecast at horizontal level/layer at a point in time","parameterCategory":2,"parameterCategoryName":"UnknownDiscipline_0_Category_2","parameterNumber":3,"parameterNumberName":"UnknownParameter_D0_C2_3","parameterUnit":"Unknown","genProcessType":2,"genProcessTypeName":"Forecast","forecastTime":240,"surface1Type":103,"surface1TypeName":"Specified height level above ground","surface1Value":10.0,"surface2Type":255,"surface2TypeName":"Missing","surface2Value":0.0,"gridDefinitionTemplate":0,"gridDefinitionTemplateName":"Latitude_Longitude","numberPoints":615,"shape":6,"shapeName":"Earth spherical with radius of 6,371,229.0 m","gridUnits":"degrees","resolution":48,"winds":"true","scanMode":64,"nx":41,"ny":15,"basicAngle":0,"lo1":47.0,"la1":41.0,"lo2":87.0,"la2":55.0,"dx":1.0,"dy":1.0},"data":[1.2143457,-0.2956543,0.67434573,1.4043458,-1.4556543,-2.8656542,-3.7256544,-1.4156543,-2.3156543,-2.9256544,-4.0856543,-2.2856543,-0.3456543,-2.3656542,-3.3956542,-4.185654,-5.5656543,-6.895654,-6.4656544,-1.2656543,-2.3656542,-3.0056543,2.1843457,0.4343457,-2.3056543,-1.1956543,0.4743457,3.1643457,1.6843457,1.2843457,-1.9856544,-0.8556543,1.3643457,-0.3856543,-0.9656543,-0.4156543,0.7143457,2.9843457,3.4943457,1.9443457,0.7543457,3.4543457,2.3043456,1.8243457,-0.035654295,0.31434572,-0.6556543,-3.0656543,-1.5056543,-2.3456542,-3.2056544,-3.5556543,-3.2356544,-2.0956542,-2.5556543,-3.9556544,-4.0556545,-3.6256542,-4.5456543,-8.265655,-5.9456544,-4.6056542,-4.2156544,0.7743457,0.9843457,0.8143457,1.5143456,2.7343457,-0.4556543,1.2543457,2.4343457,4.064346,4.1343455,1.0843457,-2.5656543,-4.0056543,-0.6656543,-0.1856543,-1.1156543,0.3743457,0.4043457,-1.1556543,2.0643456,5.3943458,2.2143457,1.8543457,0.2043457,-1.2756543,-2.2856543,-2.1956544,-2.5456543,-3.8156543,-3.9856544,-2.8356543,-3.1956544,-3.7456543,-3.5556543,-3.7356544,-3.5156543,-4.2356544,-3.8256543,-5.0656543,-5.7556543,-2.8356543,-2.8656542,2.4343457,2.4843457,1.2143457,0.4943457,-2.3156543,0.8143457,0.4243457,-0.8856543,-0.5056543,-1.6956543,-1.3056543,-0.4856543,1.7343457,2.2843456,-3.5756543,-0.7256543,-0.9056543,-0.5956543,1.0843457,2.6943457,1.5843457,0.4843457,-1.3156543,-1.1356543,-1.5856543,-2.1656542,-3.1256542,-3.2056544,-2.8856542,-3.2856543,-4.995654,-4.9656544,-3.4056542,-3.8356543,-3.9556544,-4.1956544,-4.265654,-4.6056542,-4.1156545,-2.0256543,-2.6356542,-4.2756543,0.3743457,2.8343458,3.6443458,5.6443458,3.8043456,-1.7956543,-3.9656544,-2.5056543,-3.3456542,1.6143457,1.7343457,-0.57565427,0.4443457,3.7343457,0.0643457,2.7643456,0.1043457,2.5143456,4.104346,3.1243458,0.9343457,0.5843457,-0.3656543,-1.0656543,-1.1056542,-2.2956543,-2.4156542,-2.8756542,-2.8156543,-4.1156545,-3.2056544,-5.0456543,-3.9156542,-4.0856543,-3.8856542,-4.1156545,-4.705654,-4.1756544,-3.2756543,-3.3656542,-3.4256544,-3.0456543,-2.1956544,-0.43565428,2.2243457,4.0143456,4.2043457,5.234346,2.5443456,3.4443457,2.2343457,-0.2156543,-0.8956543,-1.6556543,-1.5056543,1.9943457,1.1143457,-1.1656543,3.3143456,2.5543456,5.084346,2.9243457,-0.1356543,0.3543457,-0.0556543,-0.9756543,-2.0256543,-2.5356543,-3.1756544,-3.1656542,-3.8656542,-4.515654,-3.8456542,-3.7356544,-4.2756543,-3.6156542,-4.8356543,-5.035654,-4.705654,-4.895654,-5.535654,-3.6356542,-2.4056542,-2.7156544,-1.1656543,0.8543457,0.044345703,0.004345703,-1.3656543,4.1143456,5.4443455,-0.0556543,3.1143458,0.1643457,0.3343457,-4.1156545,-1.1256543,1.2343457,0.7843457,4.254346,4.024346,2.9343457,2.6643457,2.0743456,0.9943457,-0.015654298,-1.4156543,-1.4256543,-1.9756542,-2.5456543,-1.8656543,-2.7156544,-2.4056542,-3.2856543,-3.2656543,-3.8156543,-3.7656543,-4.125654,-4.225654,-4.8856544,-5.1056542,-5.705654,-5.9456544,-5.955654,-5.6356544,-0.1256543,0.1143457,-0.2856543,0.044345703,-0.3956543,0.4343457,2.6843457,3.1943457,1.5643457,-1.2356544,-1.2856543,1.4143457,-0.8856543,-2.5656543,-1.2556543,4.7043457,4.8243456,4.3443456,4.0143456,3.6143458,2.9643457,1.5643457,-0.17565429,-0.5556543,-1.6656543,-1.6556543,-2.2356544,-2.6856544,-2.6256542,-2.6256542,-2.4856544,-2.7556543,-3.1756544,-3.9956543,-4.4056544,-4.285654,-5.125654,-4.8456545,-5.0856543,-5.165654,-5.0856543,-6.2956543,-4.495654,-2.8256543,-1.5056543,0.6843457,1.2743458,2.0943458,3.9443457,5.714346,4.5343456,3.0243456,2.4843457,-0.2656543,-0.1556543,-1.8856543,4.8643456,5.8843455,6.214346,5.6543455,4.584346,3.8443458,2.6743457,1.4143457,0.3043457,-0.7056543,-1.1756543,-1.6056542,-1.8756543,-2.6656542,-2.6456542,-2.6156542,-3.1156542,-3.1756544,-3.8056543,-3.8156543,-4.035654,-4.9656544,-5.225654,-5.5256543,-5.4456544,-4.245654,-3.5156543,-3.5956542,-1.6156543,-2.7156544,-2.8656542,-3.4856544,1.5643457,-0.1156543,3.8843458,1.8143457,0.8743457,3.9743457,3.7743456,2.3543458,-1.4756542,5.4543457,5.774346,6.4443455,6.334346,5.5343456,4.814346,3.4143457,2.6743457,1.9843457,1.0843457,0.4243457,-1.2356544,-1.5556543,-1.8056543,-0.8656543,-2.3956542,-2.7656543,-2.9756544,-2.7056544,-4.535654,-5.015654,-5.1356544,-4.895654,-3.9756544,-4.8056545,-2.8156543,-2.4456544,-1.7956543,-0.3656543,0.1443457,-1.2456543,-3.9056542,-3.3456542,-0.035654295,1.7943457,-0.7956543,2.2043457,0.5843457,4.8443456,5.6843457,4.7243457,4.6843457,5.1943455,5.4443455,5.624346,6.104346,5.544346,4.5543456,3.3343458,2.9743457,1.4543457,1.0143456,0.5043457,-1.5356543,1.7843457,-1.0056543,-2.1356542,-2.4556544,-3.4656544,-4.245654,-5.4056544,-5.4056544,-5.4656544,-6.435654,-6.265654,-5.955654,-5.5756545,-5.185654,-5.145654,-4.3056545,-2.9456544,0.3743457,-0.5356543,-1.6356543,0.1943457,4.4143457,3.4743457,5.2443457,2.9643457,4.8843455,2.1743457,1.0443457,1.8843457,3.0643456,5.0943456,6.024346,7.044346,6.2243457,4.1743455,3.3843458,2.3843458,1.9843457,1.3443457,-0.1356543,0.0743457,1.3643457,-0.4056543,-2.1556542,-3.6356542,-3.7856543,-5.015654,-5.7156544,-5.935654,-6.4656544,-6.2756543,-5.2356544,-5.2756543,-5.8256545,-5.3356543,-5.2556543,-4.2356544,-3.2656543,-2.1256542,-1.2856543,0.024345703,1.9943457,4.1743455,5.5143456,3.7243457,4.9743457,3.5443456,3.9343457,1.9643457,1.7043457,2.0343456,3.0343456,4.4543457,6.4443455,4.254346,5.4743457,5.2043457,3.5343456,2.3043456,1.4443457,0.92434573,1.8143457,1.6143457,2.3243456,-1.2156543,-3.6356542,-3.0456543,-4.8356543,-4.9056544,-4.765654,-5.0456543,-5.455654,-6.0856543,-6.6056542,-6.935654,-7.185654,-5.8856544,-3.8356543,-1.8256543,-0.9956543,0.2343457,1.0743457,2.1143458,3.9943457,4.1843457,1.2143457,3.4243457,5.7243457,3.3043456,1.6543458,1.9743457,2.0743456,2.6843457,3.9343457,4.9743457,5.874346,6.1443458,5.124346,4.0943456,3.5543456,2.1343458,1.1843457,1.8143457,1.4643457,-0.045654297,-1.3756543,-2.7956543,-3.4356544,-4.165654,-5.285654,-5.5856543,-5.2356544,-6.0556545,-6.4456544,-7.3056545,-7.5756545,-7.745654,-7.0756545,-5.0756545,-3.0956542,-0.9256543,0.1443457,1.1843457,2.3243456,4.1643457,5.1743455,3.3943458,4.874346,3.9443457,4.1143456,2.4743457,1.6743457,1.6943457,3.6043458,4.124346,5.274346,5.3043456,5.064346,5.794346,3.8843458,4.334346,2.1943457,2.2443457,1.6243457,1.2543457,0.9043457,-1.5256543,-2.1056542,-2.6656542,-2.9856544,-3.8756542,-4.8256545,-5.5856543,-6.0656543,-7.0856543,-7.785654,-8.155654,-8.835654,-8.525654,-7.6556544,-5.145654,-1.9756542,2.7543457,2.5743456,4.3243456,4.2243457,4.814346,3.0443456,5.3843455,6.0943456,4.734346,2.2543457]}]