wind_kz.json
{"header": {"discipline":0,"disciplineName":"Meteorological products","gribEdition":2,"gribLength":871,"center":7,"centerName":"US National Weather Service - NCEP(WMC)","subcenter":0,"refTime":"2024-02-01T12:00:00.000Z","significanceOfRT":1,"significanceOfRTName":"Start of forecast","productStatus":0,"productStatusName":"Operational products","productType":1,"productTypeName":"Forecast products","productDefinitionTemplate":0,"productDefinitionTemplateName":"Analysis/forecast at horizontal level/layer at a point in time","parameterCategory":0,"parameterCategoryName":"UnknownDiscipline_0_Category_0","parameterNumber":0,"parameterNumberName":"UnknownParameter_D0_C0_0","parameterUnit":"Unknown","genProcessType":2,"genProcessTypeName":"Forecast","forecastTime":120,"surface1Type":1,"surface1TypeName":"Ground or water surface","surface1Value":0.0,"surface2Type":255,"surface2TypeName":"Missing","surface2Value":0.0,"gridDefinitionTemplate":0,"gridDefinitionTemplateName":"Latitude_Longitude","numberPoints":615,"shape":6,"shapeName":"Earth spherical with radius of 6,371,229.0 m","gridUnits":"degrees","resolution":48,"winds":"true","scanMode":64,"nx":41,"ny":15,"basicAngle":0,"lo1":47.0,"la1":41.0,"lo2":87.0,"la2":55.0,"dx":1.0,"dy":1.0}, "data":
[rows 0 to 14 of 15, columns 0 to 40 of 41]
279.2139,270.6139,280.1139,280.1139,280.5139,281.8139,281.6139,282.91388,280.8139,283.5139,283.0139,285.2139,285.1139,285.2139,285.41388,284.8139,285.41388,284.0139,287.41388,286.1139,283.8139,282.91388,283.2139,277.8139,278.5139,279.7139,269.3139,254.7139,252.9139,251.81389,253.4139,249.4139,257.91388,268.6139,270.0139,269.7139,269.8139,270.0139,270.3139,270.0139,270.2139
256.6139,278.0139,280.5139,280.1139,280.6139,280.91388,281.7139,280.5139,280.7139,280.91388,281.91388,284.0139,284.3139,283.91388,284.41388,283.1139,285.3139,285.6139,284.91388,285.6139,283.5139,281.6139,277.8139,269.8139,253.01389,254.61389,261.1139,252.31389,255.01389,250.11389,258.8139,242.81389,262.6139,237.11389,244.81389,260.2139,257.6139,266.7139,269.2139,262.7139,268.1139
276.7139,278.5139,280.2139,280.41388,280.41388,280.2139,280.2139,279.5139,278.41388,278.3139,281.8139,282.1139,282.2139,282.41388,274.7139,273.41388,274.6139,274.2139,274.8139,275.1139,278.6139,280.41388,279.5139,272.3139,276.3139,271.8139,270.3139,269.7139,271.41388,263.5139,253.31389,253.2139,257.6139,254.9139,253.2139,259.7139,252.01389,250.31389,251.01389,252.51389,248.81389
281.41388,276.0139,278.0139,279.1139,279.41388,278.7139,278.8139,276.6139,278.1139,276.41388,279.5139,280.7139,281.41388,281.91388,276.5139,273.3139,274.3139,273.41388,272.5139,273.91388,275.41388,271.0139,274.8139,273.1139,272.6139,272.5139,271.6139,269.1139,266.3139,265.7139,261.91388,265.3139,270.0139,261.6139,258.7139,262.41388,252.31389,250.51389,258.91388,254.11389,255.2139
278.0139,273.1139,272.1139,273.0139,275.1139,277.8139,276.1139,276.3139,276.41388,274.7139,274.8139,278.0139,279.1139,279.2139,278.3139,273.8139,274.0139,274.3139,274.6139,272.6139,273.1139,272.91388,272.41388,271.3139,270.0139,269.5139,268.91388,266.91388,270.5139,270.0139,269.6139,268.2139,259.1139,245.31389,257.2139,253.4139,257.0139,253.9139,255.2139,255.51389,258.41388
276.6139,275.2139,273.1139,272.7139,271.91388,271.91388,276.3139,275.91388,274.7139,274.2139,274.2139,275.0139,278.6139,279.3139,274.2139,273.8139,272.41388,273.1139,272.3139,271.7139,272.41388,272.3139,271.1139,269.5139,268.8139,266.1139,264.8139,265.0139,264.0139,264.1139,263.1139,266.0139,259.41388,258.3139,263.2139,263.6139,261.6139,259.6139,255.31389,253.61389,256.0139
274.41388,274.2139,276.8139,277.91388,274.3139,276.41388,276.1139,273.8139,273.1139,273.5139,273.91388,273.3139,273.41388,273.0139,272.7139,272.5139,272.1139,271.6139,271.41388,270.41388,270.2139,269.91388,269.0139,267.8139,265.5139,264.41388,260.0139,260.41388,260.5139,260.5139,260.7139,260.91388,261.41388,260.6139,260.6139,259.91388,260.0139,259.2139,255.9139,255.2139,257.8139
273.41388,274.8139,274.2139,274.7139,274.2139,273.7139,273.91388,273.2139,273.2139,273.2139,273.1139,273.2139,273.2139,271.8139,272.1139,272.0139,271.41388,271.41388,271.1139,269.5139,267.5139,267.6139,267.5139,267.0139,267.1139,262.5139,262.7139,256.41388,254.61389,256.1139,256.2139,255.51389,256.91388,256.8139,254.31389,248.7139,250.61389,254.81389,262.3139,262.41388,257.91388
274.0139,273.8139,273.7139,273.2139,272.7139,273.2139,273.3139,273.2139,273.1139,273.2139,273.2139,273.2139,272.7139,273.1139,270.1139,269.8139,270.8139,271.2139,270.7139,269.5139,267.91388,263.41388,266.91388,266.91388,265.2139,264.3139,261.1139,259.2139,257.91388,255.81389,254.11389,255.51389,261.8139,264.8139,259.1139,257.2139,257.0139,256.5139,254.61389,252.61389,251.7139
273.1139,271.7139,271.0139,272.8139,273.2139,273.2139,273.1139,273.2139,273.2139,273.1139,272.5139,271.5139,271.8139,272.41388,271.5139,269.91388,268.6139,270.2139,271.0139,269.3139,268.91388,268.0139,267.8139,266.91388,264.41388,264.1139,262.91388,262.7139,259.1139,259.3139,263.5139,266.6139,268.1139,264.91388,259.91388,256.1139,260.2139,258.91388,255.61389,256.8139,252.51389
272.2139,272.8139,273.0139,273.2139,273.2139,273.2139,273.1139,273.2139,273.2139,273.2139,272.5139,272.8139,271.7139,272.2139,272.5139,271.8139,271.41388,271.2139,270.2139,269.6139,268.8139,267.7139,266.0139,264.7139,264.41388,265.2139,261.6139,261.3139,262.5139,263.91388,263.91388,263.91388,265.6139,265.2139,264.3139,257.3139,260.91388,259.41388,255.01389,259.1139,256.8139
271.3139,273.0139,273.2139,273.1139,273.2139,273.1139,273.1139,273.2139,273.2139,273.2139,273.1139,272.41388,272.91388,272.6139,271.7139,273.0139,271.2139,271.6139,270.0139,269.7139,269.1139,267.41388,266.2139,264.6139,266.6139,266.1139,264.1139,265.2139,265.5139,265.2139,263.7139,262.0139,264.8139,264.0139,263.1139,258.5139,260.6139,260.5139,263.0139,261.5139,261.0139
269.91388,271.6139,273.2139,273.2139,273.2139,273.2139,273.2139,273.2139,273.1139,273.2139,272.8139,271.6139,271.8139,271.7139,272.5139,273.0139,272.6139,272.2139,269.5139,271.0139,268.3139,268.2139,267.7139,267.41388,268.1139,264.91388,265.6139,265.7139,265.8139,263.91388,264.41388,262.7139,260.0139,262.91388,261.3139,261.5139,259.6139,262.2139,259.3139,256.5139,261.7139
270.3139,271.1139,273.1139,273.2139,273.2139,273.2139,273.2139,273.2139,273.1139,273.2139,273.0139,270.1139,270.5139,270.41388,267.7139,272.2139,271.7139,271.91388,271.7139,271.6139,271.6139,267.41388,266.6139,266.41388,265.2139,265.6139,265.5139,265.8139,266.2139,266.3139,264.6139,263.7139,264.5139,262.91388,260.5139,261.1139,261.7139,258.6139,257.3139,259.91388,258.3139
269.91388,270.8139,271.6139,273.2139,273.2139,273.1139,273.2139,273.1139,273.2139,273.2139,273.2139,271.41388,270.7139,270.8139,268.8139,268.6139,268.0139,268.41388,271.8139,269.91388,270.91388,272.0139,271.91388,270.91388,267.6139,264.5139,265.91388,265.1139,264.8139,265.41388,266.5139,266.1139,265.1139,264.41388,264.7139,264.2139,263.3139,264.1139,258.7139,262.1139,260.3139
