wind_kz.json
{"header": {"discipline":0,"disciplineName":"Meteorological products","gribEdition":2,"gribLength":871,"center":7,"centerName":"US National Weather Service - NCEP(WMC)","subcenter":0,"refTime":"2023-10-04T06:00:00.000Z","significanceOfRT":1,"significanceOfRTName":"Start of forecast","productStatus":0,"productStatusName":"Operational products","productType":1,"productTypeName":"Forecast products","productDefinitionTemplate":0,"productDefinitionTemplateName":"Analysis/forecast at horizontal level/layer at a point in time","parameterCategory":0,"parameterCategoryName":"UnknownDiscipline_0_Category_0","parameterNumber":0,"parameterNumberName":"UnknownParameter_D0_C0_0","parameterUnit":"Unknown","genProcessType":2,"genProcessTypeName":"Forecast","forecastTime":0,"surface1Type":1,"surface1TypeName":"Ground or water surface","surface1Value":0.0,"surface2Type":255,"surface2TypeName":"Missing","surface2Value":0.0,"gridDefinitionTemplate":0,"gridDefinitionTemplateName":"Latitude_Longitude","numberPoints":615,"shape":6,"shapeName":"Earth spherical with radius of 6,371,229.0 m","gridUnits":"degrees","resolution":48,"winds":"true","scanMode":64,"nx":41,"ny":15,"basicAngle":0,"lo1":47.0,"la1":41.0,"lo2":87.0,"la2":55.0,"dx":1.0,"dy":1.0}, "data":
[rows 0 to 14 of 15, columns 0 to 40 of 41]
294.5224,283.5224,292.3224,294.22238,294.12238,292.62238,300.22238,306.9224,305.9224,307.4224,305.4224,306.8224,306.5224,306.62238,306.5224,307.5224,306.5224,305.0224,309.9224,307.4224,312.3224,309.0224,313.12238,308.0224,308.5224,313.3224,307.3224,294.4224,291.4224,289.5224,286.12238,280.3224,297.8224,305.3224,307.5224,307.4224,315.62238,313.62238,311.0224,311.4224,314.22238
273.5224,287.0224,294.22238,294.0224,294.12238,292.3224,308.5224,305.0224,303.0224,303.22238,303.9224,303.3224,305.5224,304.3224,304.8224,305.5224,308.12238,309.22238,309.8224,310.62238,308.8224,306.5224,307.12238,299.9224,289.22238,291.62238,297.9224,294.3224,294.9224,286.0224,286.12238,277.5224,290.3224,264.9224,280.4224,302.0224,305.62238,305.62238,308.62238,301.0224,284.62238
293.62238,293.72238,293.62238,293.22238,291.62238,301.0224,295.8224,297.3224,302.22238,302.12238,301.72238,302.72238,302.62238,303.12238,301.62238,305.9224,305.72238,306.5224,308.62238,310.62238,309.62238,306.4224,308.5224,300.3224,302.5224,301.0224,302.5224,302.62238,303.5224,294.9224,282.12238,291.22238,293.9224,294.4224,295.22238,292.5224,292.22238,291.0224,292.9224,288.8224,284.0224
295.8224,292.4224,293.3224,292.4224,291.8224,295.9224,293.5224,290.8224,301.5224,301.62238,293.5224,293.0224,290.5224,289.8224,302.0224,304.12238,302.0224,305.3224,305.8224,307.9224,305.72238,304.0224,302.3224,302.8224,302.9224,301.62238,304.5224,303.22238,301.62238,303.22238,304.4224,304.3224,304.3224,308.4224,306.62238,299.3224,286.22238,274.12238,291.3224,299.4224,301.0224
298.22238,292.22238,292.62238,292.0224,292.5224,293.9224,298.5224,296.4224,292.0224,298.72238,298.5224,294.72238,289.62238,288.3224,286.8224,302.22238,302.4224,300.62238,301.9224,299.62238,301.12238,302.9224,304.12238,303.0224,303.4224,303.0224,302.5224,299.0224,306.4224,304.8224,303.8224,302.3224,290.62238,275.4224,293.4224,302.5224,300.72238,308.8224,308.62238,305.12238,297.12238
297.9224,298.0224,290.4224,291.12238,291.4224,290.9224,293.12238,297.5224,291.72238,296.22238,295.5224,297.4224,290.72238,289.22238,296.0224,301.72238,300.12238,301.5224,300.12238,300.72238,301.0224,300.3224,301.22238,300.8224,300.22238,300.5224,302.0224,288.72238,301.0224,301.22238,302.8224,301.4224,302.3224,300.5224,298.72238,297.12238,291.5224,294.4224,308.12238,307.4224,305.12238
296.62238,298.8224,297.0224,292.12238,290.62238,290.72238,295.12238,294.22238,295.62238,297.0224,298.0224,297.0224,297.9224,298.3224,299.22238,298.9224,299.4224,299.9224,301.4224,299.8224,299.22238,299.0224,298.8224,299.62238,297.9224,297.5224,298.8224,298.8224,299.62238,300.5224,300.72238,301.5224,300.72238,300.72238,297.22238,297.12238,293.62238,293.22238,289.22238,287.12238,297.9224
293.9224,300.12238,298.0224,294.8224,289.5224,289.62238,289.5224,291.3224,296.62238,295.4224,297.12238,296.22238,296.62238,296.12238,298.62238,296.62238,295.62238,297.9224,299.5224,298.8224,297.0224,298.62238,298.22238,297.9224,296.8224,294.5224,293.9224,295.0224,293.72238,295.5224,294.62238,297.0224,298.0224,294.5224,297.12238,298.62238,299.0224,286.3224,301.4224,301.0224,298.62238
298.72238,292.72238,297.8224,296.0224,291.0224,289.3224,288.22238,288.4224,288.72238,296.4224,295.62238,293.22238,294.12238,294.62238,294.12238,296.8224,296.4224,297.72238,296.12238,296.12238,295.62238,295.9224,296.72238,296.3224,294.72238,294.0224,291.9224,292.22238,291.72238,287.3224,284.3224,290.8224,292.22238,290.8224,295.12238,297.4224,294.3224,291.3224,275.12238,273.9224,273.8224
293.12238,294.12238,295.5224,297.0224,294.72238,294.8224,294.5224,293.62238,290.3224,290.22238,289.8224,291.3224,293.0224,291.22238,293.4224,292.5224,295.0224,295.5224,293.72238,293.62238,293.62238,294.22238,295.3224,295.4224,295.62238,293.62238,293.22238,293.22238,292.4224,292.9224,294.9224,290.3224,293.5224,293.72238,295.3224,296.3224,291.3224,280.9224,279.8224,283.0224,280.4224
293.12238,289.3224,293.5224,295.72238,297.22238,295.4224,294.4224,294.0224,295.12238,287.12238,285.8224,292.3224,291.5224,290.62238,290.8224,290.3224,291.62238,292.22238,292.12238,291.0224,293.12238,293.5224,293.8224,294.22238,293.5224,293.9224,292.22238,294.3224,295.8224,296.72238,295.9224,296.3224,288.22238,293.0224,293.8224,292.8224,285.8224,284.9224,287.22238,286.62238,284.72238
292.0224,292.72238,292.9224,293.62238,294.22238,295.4224,294.9224,294.9224,293.9224,293.12238,288.72238,284.8224,290.5224,290.22238,290.72238,290.9224,290.22238,289.9224,289.9224,291.0224,289.5224,288.5224,289.62238,290.3224,290.0224,292.5224,293.62238,294.62238,294.5224,295.5224,294.3224,294.4224,291.72238,292.22238,290.4224,291.0224,290.3224,290.62238,288.9224,289.9224,290.12238
287.0224,289.4224,290.62238,291.5224,291.4224,291.62238,293.22238,294.9224,292.9224,292.62238,285.12238,289.0224,287.62238,286.4224,288.0224,290.0224,291.3224,290.4224,290.12238,289.12238,288.3224,286.0224,287.3224,286.9224,289.22238,290.9224,293.3224,292.22238,292.72238,292.9224,293.3224,293.0224,292.8224,293.3224,291.72238,290.3224,290.72238,290.0224,289.4224,288.9224,287.3224
287.5224,288.0224,287.12238,289.4224,289.62238,290.5224,291.3224,290.62238,287.22238,290.4224,288.3224,285.22238,286.22238,289.9224,286.9224,290.0224,288.5224,288.12238,288.72238,288.72238,288.22238,288.3224,288.8224,289.3224,289.5224,290.8224,290.12238,290.0224,289.4224,290.4224,290.72238,290.12238,289.72238,289.8224,291.8224,292.4224,291.4224,291.0224,291.72238,287.9224,288.72238
285.5224,287.0224,285.22238,288.0224,288.4224,288.4224,289.0224,289.12238,290.12238,290.0224,285.9224,287.3224,287.12238,288.72238,289.12238,285.8224,285.12238,287.62238,290.4224,288.9224,288.3224,287.3224,288.12238,288.5224,288.8224,289.62238,290.12238,289.22238,289.22238,288.3224,288.3224,285.9224,288.3224,288.9224,288.8224,288.4224,290.12238,289.22238,290.22238,288.62238,287.4224
