wind_kz.json
{"header": {"discipline":0,"disciplineName":"Meteorological products","gribEdition":2,"gribLength":1025,"center":7,"centerName":"US National Weather Service - NCEP(WMC)","subcenter":0,"refTime":"2023-10-03T00:00:00.000Z","significanceOfRT":1,"significanceOfRTName":"Start of forecast","productStatus":0,"productStatusName":"Operational products","productType":1,"productTypeName":"Forecast products","productDefinitionTemplate":0,"productDefinitionTemplateName":"Analysis/forecast at horizontal level/layer at a point in time","parameterCategory":2,"parameterCategoryName":"UnknownDiscipline_0_Category_2","parameterNumber":2,"parameterNumberName":"UnknownParameter_D0_C2_2","parameterUnit":"Unknown","genProcessType":2,"genProcessTypeName":"Forecast","forecastTime":0,"surface1Type":103,"surface1TypeName":"Specified height level above ground","surface1Value":10.0,"surface2Type":255,"surface2TypeName":"Missing","surface2Value":0.0,"gridDefinitionTemplate":0,"gridDefinitionTemplateName":"Latitude_Longitude","numberPoints":615,"shape":6,"shapeName":"Earth spherical with radius of 6,371,229.0 m","gridUnits":"degrees","resolution":48,"winds":"true","scanMode":64,"nx":41,"ny":15,"basicAngle":0,"lo1":47.0,"la1":41.0,"lo2":87.0,"la2":55.0,"dx":1.0,"dy":1.0}, "data":
[rows 0 to 14 of 15, columns 0 to 40 of 41]
0.062297363,-0.64770263,1.1822973,-1.1077026,-5.297703,-8.887703,-7.757703,-7.297703,-9.5777025,-4.8677025,-4.757703,-5.4577026,-4.8577027,-4.1677027,-3.8177025,-3.8377028,-2.7377026,-2.1877027,-3.0677025,-2.2677026,-2.8577027,-1.5677027,-1.1877027,-1.8777026,-0.26770264,-2.5177026,-2.4377027,0.57229733,1.1522974,1.0222974,-0.94770265,2.1822975,0.30229735,0.9722974,-0.21770264,0.22229737,-1.9577026,-2.3877027,-2.4977026,-1.9477026,-1.6977026
2.0222974,2.4122972,0.62229735,-5.3977027,-7.1377025,-9.207703,-5.9277024,-10.087703,-7.1777024,-5.8877025,-5.467703,-4.8777027,-3.7277026,-2.8177025,-2.2677026,-3.0877028,-2.3177025,-3.0477026,-1.5277027,-3.7477026,-2.7477026,-2.4577026,-2.1277027,-2.3277025,0.42229736,1.2922974,-0.39770263,2.2622974,0.16229737,-0.70770264,0.19229737,-0.42770264,0.79229736,-2.3877027,-0.23770264,-0.067702636,-0.8477026,-1.9277027,0.19229737,0.29229736,-3.7077026
1.2922974,-1.1377026,-5.467703,-7.6377025,-8.157702,-8.287703,-7.7277026,-5.4977026,-6.9777026,-5.6877027,-4.567703,-4.1377025,-2.8377028,-2.7077026,-3.3977027,-3.9577026,-4.6977024,-4.4577026,-4.487703,-4.1077027,-3.0777025,-4.2077026,-3.4577026,-2.8377028,-1.3777026,-2.1377027,-1.5277027,1.4322973,-0.017702637,-0.14770263,0.45229736,0.50229734,0.55229735,-0.7977026,0.03229736,-0.48770264,-0.95770264,-0.63770264,-0.9777026,-0.57770264,1.2422974
-1.4477026,-3.6577027,-4.6377025,-6.257703,-6.1077027,-7.027703,-5.0577025,-5.5377026,-4.8277025,-4.0377026,-4.027703,-4.0377026,-5.817703,-5.0977025,-3.0977027,-3.8477027,-4.5977025,-3.3477027,-4.3977027,-3.1977026,-2.0377026,-1.8077027,-0.92770267,-2.1377027,-1.1877027,-0.47770265,0.41229737,-1.2477026,1.7222973,2.9922974,1.6222974,-0.63770264,2.7722974,2.5422974,-0.9777026,-0.7177026,-1.1077026,1.2322974,-0.30770263,-0.62770265,-0.88770264
-1.5477027,-2.8477027,-2.8377028,-2.5077026,-3.7577026,-4.817703,-3.7377026,-3.8177025,-4.6877027,-3.7277026,-3.8777027,-3.9577026,-4.6177025,-3.7677026,-3.5577025,-2.5577025,-2.5877028,-2.7877026,-2.6677027,-3.9277027,-3.7777026,-3.7477026,-2.8077025,-0.7977026,1.4022974,2.7622974,2.7122974,3.0922973,2.6422973,3.1222973,3.7222974,-0.28770265,-0.38770264,-0.107702635,-1.0077026,0.7622974,-1.9677026,-2.7177026,-1.9677026,-3.3477027,-4.0977025
0.17229736,-1.8677026,-0.88770264,-2.1677027,-3.5077026,-4.527703,-4.047703,-4.757703,-3.5677025,-3.3177025,-3.0677025,-3.3877027,-3.2877026,-3.7777026,-3.5877028,-2.4477026,-2.8977027,-2.8077025,-4.0577025,-3.3077025,-3.0077026,-2.0777025,0.0022973632,1.2922974,2.5122974,3.3822973,4.432297,7.1622972,3.8422973,3.7022974,3.0522974,1.1222974,6.7522974,4.992297,2.3022974,-6.277703,1.1022973,-2.7677026,-1.0677027,-3.4477026,-4.0377026
1.5122974,-0.9877026,-0.82770264,-3.2777026,-3.2977026,-3.2377026,-4.567703,-5.1377025,-3.6277027,-2.3177025,-2.6977026,-3.3777027,-2.6177027,-2.0777025,-2.2377026,-3.2377026,-3.1877027,-4.1877027,-3.8177025,-3.0677025,-2.0077026,-1.5577027,0.8422974,1.3822974,1.9622973,3.4522974,3.5222974,2.4622974,2.9522974,3.5122974,2.7822974,-1.2377026,0.62229735,-0.017702637,-2.9977026,-1.9977026,-1.1777027,1.8122973,-1.8677026,-0.23770264,-0.33770263
-0.64770263,0.34229738,-0.08770264,-0.89770263,-2.2977026,-3.0877028,-4.547703,-4.0577025,-2.9877026,-2.4377027,-2.5977027,-3.2477026,-2.7377026,-2.9677026,-2.4877026,-3.5777025,-3.4577026,-3.6877027,-3.3377028,-3.1177027,-1.8077027,-0.57770264,-0.75770265,-0.36770263,0.57229733,1.9322973,3.1722975,1.4522973,1.5122974,-0.30770263,-2.7777026,-3.2577026,-3.6477027,-0.58770263,-3.2877026,-1.2677026,-0.9177026,-3.7377026,-3.5477026,-3.5877028,-2.7577026
-0.44770265,-0.62770265,-0.7277026,-0.067702636,-1.3977027,-2.3177025,-2.9077027,-2.5277026,-2.2077026,-2.4477026,-1.6377026,-2.1477027,-1.5177026,-2.2177026,-2.7977026,-2.1077027,-2.7877026,-3.2377026,-2.5877028,-2.1677027,-2.8277025,-1.1977026,-1.0277027,0.15229736,-1.7277026,-1.8377026,-1.5977026,-2.3677027,-1.9177027,-2.9977026,-6.4177027,-1.7477026,-1.4177027,-2.1877027,-2.2677026,-1.8377026,-0.8477026,-2.4877026,-1.6977026,0.67229736,-2.5777025
0.47229737,0.60229737,0.60229737,0.7622974,0.30229735,-0.51770264,-2.6777027,-2.2277026,-2.2377026,-2.1777027,-0.83770263,-0.68770266,-0.22770263,-0.42770264,-2.0977027,-2.1077027,-1.8777026,-2.5077026,-2.7877026,-2.5377026,-3.0977027,-2.1077027,-1.1277026,-1.0377027,-2.7677026,-3.8577027,-5.7077026,-5.5177026,-5.297703,-5.4177027,-2.5377026,-2.4277027,-2.0277026,-2.5477026,-2.0777025,-1.9177027,-2.1777027,-0.46770263,-2.5077026,-0.46770263,-1.7577026
-0.24770264,-0.69770265,-0.6077026,0.7622974,-0.25770265,-1.8377026,-2.2977026,-1.6477027,-1.5277027,-1.2577026,0.17229736,0.7122974,0.50229734,0.32229736,0.41229737,-0.7277026,-0.69770265,-0.70770264,-2.0377026,-2.6877027,-2.4177027,-2.3277025,-2.2777026,-2.5877028,-1.9577026,-2.2977026,-4.2677026,-3.9877026,-3.3777027,-2.5377026,-2.7977026,-2.5277026,-2.9377027,-2.4477026,-1.6077026,-1.1977026,-1.4977026,-0.107702635,-1.0777026,0.49229735,-1.6277026
0.042297363,0.50229734,-0.70770264,-0.7777026,-1.8877026,-2.7877026,-3.1677027,-2.1977026,-1.0377027,-2.3277025,-1.0777026,0.68229735,0.5222974,1.0222974,1.5822973,1.3322973,0.82229733,0.072297364,-0.40770262,-0.29770264,-1.0077026,-1.3277026,-1.8677026,-2.0077026,-2.6077027,-2.0577025,-2.3577027,-2.5177026,-2.6977026,-2.7577026,-2.6977026,-3.0677025,-2.3477027,-3.4677026,-3.0477026,-3.2977026,-3.1177027,-1.5877026,-0.47770265,-0.69770265,-0.74770266
1.4822974,0.91229737,0.12229736,-0.20770264,-0.67770267,-1.7377026,-1.5877026,-1.3777026,-1.2577026,-1.6477027,-1.0777026,0.54229736,0.98229736,2.1822975,1.9522973,1.8422973,1.6422974,1.5422974,0.66229737,0.75229734,0.12229736,0.5222974,0.66229737,-0.027702637,0.40229738,-1.3177027,-1.3977027,-2.1877027,-2.4077027,-2.3477027,-2.5377026,-2.9377027,-2.9377027,-2.9977026,-2.8077025,-3.1877027,-2.7977026,-1.7577026,-3.1077027,-1.9377027,-1.0277027
1.4022974,1.6722974,1.2422974,0.43229735,-0.80770266,-0.61770266,-0.7377026,-0.9877026,0.062297363,-0.22770263,-0.94770265,-0.19770263,1.4422973,2.6622972,1.8122973,1.6022973,1.5822973,1.4522973,0.60229737,1.5022974,1.5222974,1.6322974,1.8522973,1.2222973,1.0822973,0.7822974,0.43229735,0.22229737,-0.27770263,-0.7877026,-1.0977026,-1.4677026,-1.5477027,-1.4977026,-1.3277026,-1.8277026,-1.7477026,-1.6577027,-1.4577026,-0.95770264,-0.75770265
-0.23770264,-0.38770264,-0.49770263,0.61229736,0.27229735,0.102297366,0.6522974,0.052297365,0.56229734,-0.28770265,-0.33770263,-0.43770263,1.2022973,0.94229734,1.1122974,1.6822973,2.3022974,2.1722975,1.6722974,2.6822975,2.0322974,2.1622972,1.6922973,1.8322973,1.8322973,1.7622974,1.9522973,2.1222973,2.0822973,1.8622974,2.1122973,1.3322973,0.87229735,1.1122974,1.3322973,1.7322974,0.42229736,1.3322973,0.6522974,0.062297363,-0.81770265
