wind_kz.json
{"header": {"discipline":0,"disciplineName":"Meteorological products","gribEdition":2,"gribLength":1025,"center":7,"centerName":"US National Weather Service - NCEP(WMC)","subcenter":0,"refTime":"2023-09-07T00:00:00.000Z","significanceOfRT":1,"significanceOfRTName":"Start of forecast","productStatus":0,"productStatusName":"Operational products","productType":1,"productTypeName":"Forecast products","productDefinitionTemplate":0,"productDefinitionTemplateName":"Analysis/forecast at horizontal level/layer at a point in time","parameterCategory":2,"parameterCategoryName":"UnknownDiscipline_0_Category_2","parameterNumber":2,"parameterNumberName":"UnknownParameter_D0_C2_2","parameterUnit":"Unknown","genProcessType":2,"genProcessTypeName":"Forecast","forecastTime":0,"surface1Type":103,"surface1TypeName":"Specified height level above ground","surface1Value":10.0,"surface2Type":255,"surface2TypeName":"Missing","surface2Value":0.0,"gridDefinitionTemplate":0,"gridDefinitionTemplateName":"Latitude_Longitude","numberPoints":615,"shape":6,"shapeName":"Earth spherical with radius of 6,371,229.0 m","gridUnits":"degrees","resolution":48,"winds":"true","scanMode":64,"nx":41,"ny":15,"basicAngle":0,"lo1":47.0,"la1":41.0,"lo2":87.0,"la2":55.0,"dx":1.0,"dy":1.0}, "data":
[rows 0 to 14 of 15, columns 0 to 40 of 41]
-3.7114234,-0.56142336,1.6885767,3.4385767,3.9585767,3.5185766,2.2985766,0.37857667,-2.4814234,-2.7514234,-2.3614233,-3.5814233,-3.4814234,-3.0914233,-3.6314232,-3.1414232,-2.8014233,-2.9214234,-3.6214232,-2.4114234,-2.3114233,-0.07142334,-1.1814233,-2.1914234,0.46857667,-2.5614233,-2.6914234,0.19857666,1.2385767,1.0585767,-0.5414233,1.3385767,0.38857666,-0.37142333,-3.4714234,-3.8214233,-4.0614233,-3.0514233,-4.6514235,-4.1214232,-1.8314233
1.7085767,1.5785767,3.0685766,3.1685767,3.8085766,5.0585766,3.4785767,1.3485767,-0.49142334,-0.81142336,-1.7914233,-3.3814232,-3.7314234,-2.7214234,-2.2614233,-3.6914234,-3.9114234,-3.2814233,-2.4314234,-1.0614233,-1.1314234,-0.52142334,0.34857666,-2.7914233,-0.45142335,1.2385767,-0.74142337,1.6785767,-0.0014233398,0.43857667,0.28857666,-0.69142336,-0.57142335,-1.4214233,-0.13142334,-0.9214233,-2.0714233,-0.90142334,0.41857666,0.5885767,-2.3514233
1.6885767,4.1885767,2.7285767,2.6985767,2.4985766,4.1585765,3.0585766,4.8685765,2.2285767,-0.42142335,-1.1514233,-2.5214233,-2.5314233,-3.4414234,-4.3414235,-3.4814234,-4.5314236,-2.8914232,-2.1614234,-1.4914234,-1.8014233,-3.2514234,-3.6614234,-3.0514233,-0.16142334,-1.5714233,-0.63142335,-0.20142335,-0.87142336,-0.57142335,-0.88142335,1.3585767,-0.03142334,-0.6014233,0.14857666,-0.5514233,-1.2414234,0.49857667,-1.0914234,0.29857665,2.0585766
0.30857667,0.29857665,-1.0214233,-1.4314233,-2.4014235,-1.9514233,2.6285768,4.858577,-0.6114233,-3.9714234,-6.2514234,-7.6914234,-8.711423,-7.681423,-4.7314234,-2.4614234,-2.4314234,-2.7314234,-3.1014233,-2.3514233,-2.4114234,-2.0114233,-1.3214233,-3.0914233,-2.8214233,-2.7714233,-2.8314233,-3.7114234,-1.4014233,0.7685767,1.8285767,-0.29142335,-1.0114233,-1.5614233,-2.2314234,-1.6714233,-0.6614233,2.2085767,0.23857667,-0.33142334,0.29857665
-0.32142335,-1.3814234,-1.2914233,-0.17142335,-3.0814233,-4.5314236,-6.2914233,-6.0814233,-8.331424,-7.7914233,-7.4614234,-7.011423,-9.301423,-5.0214233,-2.3114233,0.92857665,1.8685766,-2.1014233,-2.5514233,-3.6214232,-4.1314235,-4.431423,-4.6014233,-3.9114234,-5.011423,-5.5714235,-5.0914235,-3.2914233,-2.5214233,-1.3114233,-1.4214233,-0.31142333,-0.56142336,2.0185766,1.4185767,-0.27142334,-0.47142333,-2.6814234,-2.6114233,-2.8814232,-4.2114234
0.74857664,0.36857665,0.84857666,0.40857667,1.0485767,-4.3514233,-5.011423,-6.5814233,-5.9014235,-4.5014234,-2.8914232,-5.161423,-4.0714235,1.9985766,7.6685767,2.4585767,4.0585766,0.34857666,0.7085767,-1.4114233,-2.9014235,-3.3214233,-3.6614234,-4.451423,-4.3614235,-4.7714233,-3.1414232,-3.9514234,-2.5114233,-1.2114234,-0.81142336,-0.74142337,0.02857666,-1.7714233,0.47857666,0.55857664,0.31857666,0.25857666,1.2885766,-1.6914233,-2.0014234
3.5385766,2.7585766,2.3185766,0.8285767,0.47857666,-0.16142334,-0.9714233,1.1085767,-1.8214233,-1.1314234,-0.99142337,0.49857667,1.5185766,4.088577,7.588577,5.3985767,2.9885767,2.4185767,2.3785768,0.78857666,0.44857666,-1.1014234,-2.4014235,-2.5314233,-2.7414234,-2.6014233,-2.4314234,-1.5014234,-1.7314234,-1.8814234,-1.9514233,-1.6014234,-0.6014233,-0.75142336,-1.2314234,-1.4514233,-0.9214233,2.0385766,-1.2114234,2.1385767,0.66857666
3.2685766,3.2385767,2.6485767,1.6985767,1.1585766,0.36857665,-1.4914234,-1.2314234,0.80857664,1.9085766,2.9485767,3.9885767,6.988577,3.8985767,7.358577,3.1585767,6.7485766,3.3785768,2.0785766,-1.1814233,-0.8014233,-1.8914233,-1.6714233,-0.76142335,0.27857667,-0.33142334,0.80857664,-0.46142334,-0.17142335,-1.0514233,-1.8114233,-1.2814233,-1.2914233,-0.44142333,-1.0414233,0.81857663,3.1885767,3.0685766,-1.5814233,-1.0714233,-1.3614234
3.0085766,3.2885766,1.7785766,2.5485766,3.2385767,1.9785767,2.6185768,3.0585766,3.8785768,5.1585765,5.5785766,0.65857667,-0.8514233,-1.7914233,-1.0914234,-1.8214233,-1.0114233,-0.50142336,-2.9314234,-5.1014233,-1.1114234,2.1385767,1.3685766,1.3685766,1.2385767,0.07857666,1.1385766,0.93857664,1.4785767,1.1185766,1.1985767,1.9685767,1.0985767,0.54857665,0.12857667,0.11857666,0.03857666,-1.2314234,-0.33142334,0.13857666,0.87857664
3.2485766,3.1585767,2.9185767,3.1985767,2.7985766,2.1785767,1.8485767,0.22857666,-0.17142335,2.3985767,0.08857666,-0.30142334,-1.2814233,-1.7814233,-2.2014234,-2.4614234,-3.0514233,-3.3214233,-1.8514234,-1.8414234,-0.23142333,0.16857666,0.62857664,0.84857666,1.1785767,1.5685767,1.9985766,2.1585767,2.4585767,3.4785767,2.1185768,2.8685768,1.9185767,1.7885766,0.80857664,0.65857667,-0.6014233,0.14857666,1.4185767,0.17857666,1.1585766
2.5785766,3.3085766,3.3085766,3.5085766,2.0985765,2.1885767,1.0885767,2.1885767,1.7085767,1.1685767,-0.26142335,-1.2114234,0.68857664,-1.5814233,-1.2614233,-0.10142334,-0.45142335,-0.33142334,-2.3714232,-1.4314233,-1.1214234,-1.1914233,-0.56142336,1.1785767,2.5985765,2.7685766,3.3085766,3.8285766,4.7185764,4.818577,4.0785766,3.8885767,2.2185767,1.4085766,0.97857666,0.00857666,-0.30142334,0.91857666,-0.90142334,0.8285767,-0.64142334
2.1985767,2.8685768,3.0685766,2.9285767,1.9685767,1.2185767,1.1285766,2.0985765,0.73857665,-0.49142334,-0.59142333,1.2985767,-1.3914233,-0.07142334,0.5285767,-0.94142336,-1.7514234,-1.6314234,-1.2214234,-0.90142334,-1.4614234,0.90857667,1.9585767,2.7585766,3.4485767,3.8185766,3.6885767,5.1785765,5.298577,4.608577,3.6185768,4.508577,1.2985767,0.33857667,1.0785767,1.7585766,1.6685767,1.4485767,1.4985766,1.0185766,0.86857665
3.0585766,3.0085766,3.5385766,2.6485767,2.1485767,0.8985767,0.21857665,0.85857666,0.48857665,-0.9214233,-0.63142335,0.80857664,0.23857667,0.23857667,0.18857665,-1.0014234,-1.2414234,-0.59142333,-0.71142334,0.30857667,1.4485767,1.8185767,2.3385766,2.6685767,3.8885767,3.4085767,4.4585767,4.838577,4.258577,3.8685768,2.4385767,3.3485765,1.7785766,2.4885767,1.2885766,2.0185766,2.2785766,1.4885767,4.0785766,5.5585766,2.9485767
3.3885767,3.8985767,4.778577,3.9885767,1.7285767,1.7385767,1.2885766,0.62857664,-0.46142334,-0.26142335,-0.78142333,-0.14142334,0.5885767,0.75857663,0.44857666,-0.06142334,-0.13142334,0.98857665,1.1385766,2.6685767,2.5985765,2.8485765,3.3185766,3.2885766,3.2685766,2.7385767,2.5285766,2.8485765,3.3585768,2.9185767,2.4785767,2.3585768,1.2385767,0.99857664,0.78857666,1.4785767,-0.32142335,2.0385766,3.7285767,1.2285767,-0.69142336
3.5685766,5.1585765,5.6285768,4.6585765,3.5585766,1.6185766,1.8285767,0.35857666,-0.01142334,-1.5114233,-1.4714234,-0.6614233,0.068576664,0.66857666,1.3285767,0.6985767,1.2885766,2.0885766,1.3685766,2.6685767,2.7385767,2.1485767,2.0885766,2.7285767,2.5785766,3.0385766,3.3085766,3.1685767,2.8185766,2.3985767,2.7385767,2.8885767,0.59857666,0.5185767,0.5885767,1.9385767,1.7285767,1.7085767,1.6085767,1.0285766,-0.6114233
