wind_kz.json
{"header": {"discipline":0,"disciplineName":"Meteorological products","gribEdition":2,"gribLength":1102,"center":7,"centerName":"US National Weather Service - NCEP(WMC)","subcenter":0,"refTime":"2023-10-01T06:00:00.000Z","significanceOfRT":1,"significanceOfRTName":"Start of forecast","productStatus":0,"productStatusName":"Operational products","productType":1,"productTypeName":"Forecast products","productDefinitionTemplate":0,"productDefinitionTemplateName":"Analysis/forecast at horizontal level/layer at a point in time","parameterCategory":2,"parameterCategoryName":"UnknownDiscipline_0_Category_2","parameterNumber":2,"parameterNumberName":"UnknownParameter_D0_C2_2","parameterUnit":"Unknown","genProcessType":2,"genProcessTypeName":"Forecast","forecastTime":180,"surface1Type":103,"surface1TypeName":"Specified height level above ground","surface1Value":10.0,"surface2Type":255,"surface2TypeName":"Missing","surface2Value":0.0,"gridDefinitionTemplate":0,"gridDefinitionTemplateName":"Latitude_Longitude","numberPoints":615,"shape":6,"shapeName":"Earth spherical with radius of 6,371,229.0 m","gridUnits":"degrees","resolution":48,"winds":"true","scanMode":64,"nx":41,"ny":15,"basicAngle":0,"lo1":47.0,"la1":41.0,"lo2":87.0,"la2":55.0,"dx":1.0,"dy":1.0}, "data":
[rows 0 to 14 of 15, columns 0 to 40 of 41]
3.87385,-0.6861499,3.90385,12.11385,14.903851,11.16385,5.71385,3.61385,-3.1761498,-3.4661498,-4.70615,-4.80615,-4.57615,-4.1061497,-3.9461498,-3.88615,-1.4861499,-0.12614991,-1.2561499,-0.3161499,-3.50615,-2.2261498,-2.9061499,-2.1761498,0.033850096,-1.68615,-3.02615,-3.04615,-0.2261499,0.0638501,-0.5961499,1.2238501,0.1938501,0.4338501,0.3438501,-0.6161499,0.6238501,-1.0061499,-0.1361499,-0.4161499,-2.11615
1.4938501,0.9038501,10.36385,10.99385,8.61385,-2.1761498,3.7938502,2.12385,-2.61615,-4.86615,-4.21615,-4.17615,-3.9461498,-3.78615,-3.24615,-1.68615,1.17385,-0.8861499,-2.6861498,-4.6061497,-3.6561499,-3.06615,-1.9861499,-2.35615,-0.046149902,-0.1961499,-0.1161499,-0.3961499,-2.1761498,-1.1161499,-0.5361499,0.1038501,-0.6261499,-1.9261498,-0.1161499,0.5438501,-0.12614991,0.27385008,-0.1761499,1.8638501,-3.75615
5.88385,11.37385,9.12385,8.9438505,5.8938503,-0.056149904,2.37385,4.96385,-3.9361498,-4.7961497,-3.52615,-3.24615,-3.63615,-4.65615,-4.05615,-3.1961498,-3.83615,-2.79615,-3.34615,-3.1561499,-2.29615,0.1838501,-0.8861499,-1.9861499,-0.1161499,-1.8461499,-2.36615,-0.8061499,-1.9861499,-0.036149904,-0.0961499,2.0738502,-0.036149904,-0.6361499,-0.6761499,-1.2561499,-0.1161499,-0.1661499,-0.1961499,-0.6161499,1.8738501
7.34385,8.83385,8.30385,6.85385,6.71385,3.0138502,4.4338503,4.23385,-2.4561498,-4.17615,-3.1461499,-3.9661498,-5.22615,-4.99615,-3.61615,-3.08615,-2.30615,-0.7261499,0.0038500978,-0.8261499,0.1838501,-1.4161499,-2.80615,-4.20615,-5.30615,-5.92615,-5.22615,-7.40615,-4.18615,-1.5161499,-0.3761499,-1.4561499,0.3138501,-1.2561499,-2.03615,-2.06615,-1.19615,1.7338501,-0.1961499,-0.5561499,0.3538501
5.13385,8.24385,7.57385,4.63385,7.7038503,6.30385,6.15385,5.1838503,-2.37615,-4.90615,-5.45615,-5.01615,-6.63615,-5.26615,-4.12615,-3.37615,-3.61615,-3.1961498,-4.47615,-4.66615,-5.0261497,-5.48615,-7.90615,-7.39615,-7.7961497,-8.22615,-8.99615,-5.87615,-5.16615,-4.87615,-4.3561497,-1.82615,-1.6061499,0.6038501,-0.5061499,0.4738501,-3.01615,-3.6861498,-4.5661497,-4.69615,-4.68615
4.17385,3.61385,6.9738503,5.87385,7.46385,6.80385,3.22385,-0.6461499,-3.63615,-5.99615,-5.86615,-5.17615,-4.14615,-5.67615,-3.05615,-3.60615,-4.00615,-4.05615,-5.3361497,-4.8361497,-5.99615,-6.82615,-7.17615,-7.5661497,-7.28615,-7.96615,-5.67615,-6.03615,-4.47615,-4.24615,-5.0261497,-4.8161497,-3.07615,-2.83615,-2.53615,-3.4561498,-0.5361499,-2.6561499,-2.2061498,-4.43615,-4.19615
5.82385,3.71385,3.8438501,5.10385,4.1438503,6.50385,1.68385,0.1038501,-3.52615,-6.16615,-4.91615,-4.37615,-3.13615,-2.4161499,-1.9161499,-2.9861498,-4.0861497,-3.8961499,-5.3561497,-5.21615,-4.70615,-4.86615,-4.73615,-4.39615,-5.01615,-4.47615,-3.4761498,-3.09615,-4.13615,-4.49615,-5.28615,-5.75615,-4.00615,-2.9261498,-2.81615,-2.7061498,-1.18615,0.5338501,-1.44615,1.6638501,2.5938501
4.56385,4.28385,4.30385,4.06385,4.55385,6.06385,3.43385,0.8038501,-4.91615,-5.36615,-4.15615,-2.9661498,-1.5861499,-2.00615,-1.8461499,-2.4761498,-2.9861498,-3.08615,-3.4461498,-4.2961497,-4.05615,-4.3361497,-3.6761498,-3.9861498,-3.4861498,-2.00615,-2.4061499,-3.83615,-2.9561498,-3.79615,-4.43615,-4.26615,-5.49615,-3.54615,-4.51615,-1.4261498,-0.15614991,0.9738501,1.7338501,2.91385,0.3838501
5.13385,5.19385,4.96385,2.39385,4.19385,5.27385,3.90385,1.5138501,2.6038501,-3.81615,-1.6461499,-1.07615,-0.2461499,-0.3261499,-0.7961499,-1.6461499,-1.7261499,-2.50615,-2.4761498,-3.29615,-3.1461499,-2.6561499,-3.6661499,-3.50615,-2.86615,-2.55615,-1.8761499,-2.02615,-1.06615,-1.9861499,-3.34615,-3.27615,-2.34615,-3.06615,-1.8861499,-0.6661499,-0.106149904,-2.74615,-1.2561499,0.043850098,-1.8761499
4.26385,5.34385,5.31385,4.29385,1.8938501,4.60385,4.65385,3.00385,3.0738502,-1.6661499,-2.1561499,-1.93615,-0.3561499,0.3138501,0.4338501,-0.9461499,-1.55615,-1.2661499,-1.06615,-2.04615,-1.43615,-1.5961499,-1.2761499,-2.25615,-2.25615,-2.57615,-2.53615,-2.59615,-2.62615,-2.09615,-2.27615,-2.2361498,-2.85615,-2.32615,-1.6561499,-0.5361499,-1.3961499,-0.1161499,-1.5061499,-0.1961499,-0.9361499
4.55385,4.38385,4.87385,5.01385,0.6238501,2.5638502,4.26385,4.98385,3.41385,2.91385,-1.56615,-0.9061499,-1.7261499,-1.2261499,-0.2361499,-0.5761499,-0.3861499,-0.3361499,-1.19615,-0.5561499,-0.4961499,-0.7661499,-1.2161499,-1.44615,-0.9561499,-1.0861499,-0.8761499,-0.8961499,-0.9661499,-2.10615,-2.83615,-2.61615,-3.02615,-1.6261499,-0.6461499,-0.6861499,-1.0961499,-0.0061499025,-0.4661499,0.5438501,-1.0961499
4.08385,4.1838503,4.42385,3.62385,1.4538502,0.9538501,2.66385,5.17385,4.26385,3.19385,-2.34615,-0.8161499,-1.3361499,-1.4861499,0.0538501,-0.4861499,0.20385009,0.113850094,-0.6061499,-0.066149905,-0.5961499,-0.4161499,-1.1261499,-1.0861499,-0.3361499,0.1638501,-0.2561499,-0.4061499,-1.7761499,-2.62615,-1.93615,-1.57615,-1.32615,-1.06615,0.1838501,-0.046149902,-0.1761499,0.3138501,0.4938501,-0.1661499,0.1438501
3.5638502,3.86385,3.5238502,3.99385,1.4038501,0.1838501,2.15385,3.86385,5.8938503,3.6038501,-0.6761499,-0.3961499,-1.7361499,-0.9161499,0.0038500978,-0.016149903,-0.5661499,-0.2661499,-0.4261499,-0.4261499,-0.9561499,-0.9861499,-0.2061499,-1.2161499,0.7938501,0.3738501,0.4038501,-0.5061499,-1.7961498,-1.6461499,-0.9761499,-0.6361499,0.0938501,0.5138501,0.7038501,1.7238501,2.18385,1.4738501,1.8538501,1.6538501,0.6938501
3.5538502,4.09385,5.09385,2.39385,0.3738501,1.18385,1.5838501,3.5938501,4.59385,5.2238503,-0.056149904,-1.5461498,-0.4661499,-0.3161499,-0.2561499,-0.2461499,-0.2161499,-0.8761499,-1.2361499,-0.7461499,-0.7361499,-0.2561499,0.023850098,-0.3361499,-0.3561499,-0.2761499,-0.7161499,-0.8661499,-1.30615,-0.6661499,-0.4561499,0.27385008,0.9038501,1.30385,1.5038501,2.13385,2.2738502,2.45385,2.44385,3.0338502,2.8238502
3.65385,4.1638503,7.25385,2.5938501,2.49385,2.16385,2.69385,2.97385,4.92385,5.85385,1.7738501,-0.9261499,-1.7061499,-0.3261499,-1.2461499,-1.2261499,-0.6961499,-0.7861499,-0.9961499,-0.44614992,-0.9361499,-0.6461499,-0.8661499,-0.6961499,-0.4561499,-0.2061499,-0.5461499,-0.44614992,-0.4061499,-0.106149904,0.7938501,0.9238501,0.8938501,1.7938501,2.42385,2.99385,2.41385,3.16385,4.54385,4.06385,1.7438501
