wind_kz.json
{"header": {"discipline":0,"disciplineName":"Meteorological products","gribEdition":2,"gribLength":871,"center":7,"centerName":"US National Weather Service - NCEP(WMC)","subcenter":0,"refTime":"2023-10-02T12:00:00.000Z","significanceOfRT":1,"significanceOfRTName":"Start of forecast","productStatus":0,"productStatusName":"Operational products","productType":1,"productTypeName":"Forecast products","productDefinitionTemplate":0,"productDefinitionTemplateName":"Analysis/forecast at horizontal level/layer at a point in time","parameterCategory":0,"parameterCategoryName":"UnknownDiscipline_0_Category_0","parameterNumber":0,"parameterNumberName":"UnknownParameter_D0_C0_0","parameterUnit":"Unknown","genProcessType":2,"genProcessTypeName":"Forecast","forecastTime":300,"surface1Type":1,"surface1TypeName":"Ground or water surface","surface1Value":0.0,"surface2Type":255,"surface2TypeName":"Missing","surface2Value":0.0,"gridDefinitionTemplate":0,"gridDefinitionTemplateName":"Latitude_Longitude","numberPoints":615,"shape":6,"shapeName":"Earth spherical with radius of 6,371,229.0 m","gridUnits":"degrees","resolution":48,"winds":"true","scanMode":64,"nx":41,"ny":15,"basicAngle":0,"lo1":47.0,"la1":41.0,"lo2":87.0,"la2":55.0,"dx":1.0,"dy":1.0}, "data":
[rows 0 to 14 of 15, columns 0 to 40 of 41]
282.64114,276.54114,280.74115,292.34113,292.24115,291.14114,287.64114,286.54114,284.34113,283.84113,282.74115,283.84113,283.24115,282.64114,282.44113,280.64114,281.64114,282.04114,282.64114,283.24115,284.84113,281.64114,281.64114,279.44113,282.64114,284.04114,280.64114,269.84113,268.54114,270.64114,271.44113,265.74115,278.44113,284.54114,286.14114,286.54114,287.04114,285.94113,285.44113,284.64114,283.54114
266.24115,280.94113,291.94113,292.04114,292.14114,290.64114,285.14114,284.24115,282.44113,282.14114,282.54114,281.54114,281.24115,280.54114,279.04114,278.54114,277.34113,279.44113,279.44113,280.04114,284.04114,281.94113,279.84113,275.64114,255.84114,271.64114,276.64114,270.44113,270.34113,267.34113,273.04114,267.94113,271.64114,250.44113,270.54114,282.24115,280.54114,282.24115,285.24115,277.94113,283.34113
281.64114,291.64114,291.74115,291.44113,289.84113,284.64114,283.54114,282.44113,281.14114,280.04114,279.44113,279.74115,278.84113,279.64114,279.94113,280.74115,281.24115,277.04114,279.74115,277.24115,283.64114,282.94113,282.24115,278.34113,283.24115,281.84113,282.34113,282.14114,280.94113,273.34113,268.44113,270.74115,273.34113,276.94113,274.44113,274.04114,268.44113,269.04114,269.44113,267.44113,268.44113
284.44113,290.64114,291.74115,290.94113,289.24115,282.64114,283.34113,282.44113,282.04114,280.94113,279.44113,278.94113,288.64114,287.94113,279.94113,278.24115,279.44113,279.14114,281.34113,279.24115,280.54114,278.64114,281.84113,281.74115,283.44113,283.04114,283.94113,282.44113,279.34113,278.94113,279.34113,279.04114,282.14114,280.44113,279.64114,277.44113,265.64114,259.44113,271.14114,277.04114,280.34113
284.24115,290.24115,290.64114,289.94113,288.44113,286.44113,284.14114,284.04114,282.74115,281.74115,280.64114,278.34113,287.24115,286.14114,284.84113,279.14114,279.34113,279.64114,278.64114,280.34113,280.64114,280.74115,279.74115,279.24115,279.14114,278.54114,277.44113,280.24115,279.04114,278.94113,280.94113,278.64114,270.14114,258.74115,271.74115,277.74115,282.94113,280.94113,280.94113,281.44113,280.94113
282.64114,281.54114,288.14114,288.74115,289.14114,288.64114,283.44113,284.14114,282.84113,282.24115,281.74115,280.94113,285.74115,286.94113,282.64114,278.24115,280.34113,278.94113,280.04114,279.94113,280.14114,278.84113,277.74115,277.34113,276.54114,275.14114,275.74115,284.34113,278.04114,279.14114,278.14114,279.84113,278.84113,277.74115,276.44113,279.34113,270.24115,271.84113,275.64114,279.34113,279.24115
282.74115,282.54114,283.44113,283.14114,283.64114,280.74115,282.34113,282.94113,283.04114,282.84113,281.44113,281.24115,280.54114,280.44113,280.24115,281.14114,279.74115,280.04114,277.94113,278.84113,278.64114,279.74115,279.84113,279.44113,277.94113,277.54114,276.64114,277.84113,276.74115,277.84113,277.54114,277.64114,277.94113,278.74115,277.44113,276.34113,271.84113,269.04114,265.84113,268.04114,276.14114
282.34113,280.84113,281.64114,282.04114,282.54114,282.74115,281.74115,282.14114,281.84113,281.24115,280.74115,280.64114,280.34113,281.04114,281.64114,282.04114,281.54114,280.94113,279.14114,277.74115,280.84113,281.04114,280.74115,281.14114,280.64114,279.84113,280.14114,280.64114,279.94113,280.74115,280.24115,280.94113,279.94113,273.54114,273.14114,273.44113,273.94113,283.74115,274.34113,275.24115,272.64114
280.44113,282.24115,280.84113,278.74115,280.44113,280.94113,280.24115,280.64114,279.84113,279.74115,279.54114,278.94113,279.34113,280.24115,280.24115,281.14114,281.04114,280.74115,279.44113,280.14114,280.94113,280.44113,280.64114,280.84113,278.74115,278.84113,278.14114,277.94113,277.24115,276.04114,276.74115,276.84113,276.34113,276.14114,275.74115,273.74115,272.14114,272.14114,263.04114,265.64114,264.94113
283.34113,280.14114,280.14114,279.64114,279.74115,279.04114,278.84113,278.34113,278.94113,278.74115,278.14114,277.84113,278.54114,278.54114,279.24115,279.14114,279.64114,279.44113,279.44113,279.14114,278.34113,281.54114,282.44113,281.74115,280.94113,279.64114,278.84113,277.74115,274.74115,274.44113,274.54114,276.94113,278.44113,278.44113,277.84113,276.34113,274.24115,271.94113,271.14114,267.34113,271.64114
282.44113,281.84113,281.24115,282.74115,282.44113,281.34113,278.64114,278.64114,278.04114,277.94113,277.54114,277.34113,277.94113,276.74115,277.44113,277.54114,277.74115,278.34113,278.34113,278.64114,279.64114,278.94113,279.44113,279.94113,280.24115,279.94113,277.64114,280.04114,280.64114,279.44113,278.94113,279.44113,279.24115,279.84113,279.34113,277.34113,273.24115,269.74115,271.34113,273.64114,271.34113
276.54114,277.74115,278.14114,279.94113,278.54114,281.44113,281.24115,280.74115,280.84113,278.54114,276.64114,278.54114,277.94113,278.04114,278.64114,277.94113,278.44113,278.64114,277.74115,278.64114,278.14114,277.94113,277.44113,277.54114,277.64114,278.54114,278.24115,279.14114,279.74115,279.04114,278.24115,277.74115,279.04114,277.04114,278.74115,279.04114,279.84113,279.44113,277.64114,277.44113,276.34113
275.94113,276.04114,277.34113,277.24115,277.54114,277.14114,276.64114,276.94113,278.94113,280.14114,277.94113,277.24115,278.44113,279.44113,280.14114,280.04114,280.14114,280.04114,281.24115,280.64114,281.04114,280.54114,280.34113,279.94113,279.84113,281.34113,280.84113,281.54114,280.54114,281.64114,281.34113,280.04114,280.74115,280.24115,279.94113,279.74115,279.94113,281.04114,279.54114,278.54114,277.34113
275.44113,276.44113,280.54114,277.24115,276.54114,276.54114,276.04114,276.24115,276.24115,275.84113,276.94113,275.64114,274.04114,275.44113,276.44113,276.54114,276.34113,276.04114,276.14114,276.94113,277.54114,277.74115,278.24115,278.64114,278.84113,278.94113,280.84113,280.44113,279.54114,277.74115,278.24115,276.94113,276.24115,275.74115,277.54114,278.84113,279.64114,279.24115,279.04114,276.24115,277.64114
275.84113,276.64114,283.24115,276.74115,276.34113,276.04114,277.04114,276.14114,276.64114,276.44113,276.64114,276.34113,276.44113,278.64114,276.84113,277.24115,277.14114,276.74115,276.74115,276.34113,276.44113,276.74115,277.04114,277.14114,276.94113,276.74115,276.64114,275.24115,275.34113,274.84113,275.64114,279.64114,274.44113,275.04114,275.44113,275.74115,276.24115,275.64114,276.74115,278.54114,277.64114
