wind_kz.json
[{"header":{"discipline":0,"disciplineName":"Meteorological products","gribEdition":2,"gribLength":871,"center":7,"centerName":"US National Weather Service - NCEP(WMC)","subcenter":0,"refTime":"2023-10-04T00:00:00.000Z","significanceOfRT":1,"significanceOfRTName":"Start of forecast","productStatus":0,"productStatusName":"Operational products","productType":1,"productTypeName":"Forecast products","productDefinitionTemplate":0,"productDefinitionTemplateName":"Analysis/forecast at horizontal level/layer at a point in time","parameterCategory":0,"parameterCategoryName":"UnknownDiscipline_0_Category_0","parameterNumber":0,"parameterNumberName":"UnknownParameter_D0_C0_0","parameterUnit":"Unknown","genProcessType":2,"genProcessTypeName":"Forecast","forecastTime":180,"surface1Type":1,"surface1TypeName":"Ground or water surface","surface1Value":0.0,"surface2Type":255,"surface2TypeName":"Missing","surface2Value":0.0,"gridDefinitionTemplate":0,"gridDefinitionTemplateName":"Latitude_Longitude","numberPoints":615,"shape":6,"shapeName":"Earth spherical with radius of 6,371,229.0 m","gridUnits":"degrees","resolution":48,"winds":"true","scanMode":64,"nx":41,"ny":15,"basicAngle":0,"lo1":47.0,"la1":41.0,"lo2":87.0,"la2":55.0,"dx":1.0,"dy":1.0},"data":[284.1,277.9,279.3,293.0,293.0,291.6,292.4,298.5,296.1,296.7,294.6,296.2,296.2,296.4,296.3,296.2,298.0,299.7,300.3,301.3,303.1,300.2,301.5,295.5,296.5,298.9,293.4,281.1,275.2,276.1,273.9,270.7,286.5,291.7,291.6,291.8,290.7,291.5,292.7,293.1,290.9,271.2,282.3,292.9,292.7,292.9,290.9,286.8,286.8,289.3,291.0,292.4,292.5,292.2,290.8,292.4,293.6,296.1,296.1,295.9,296.7,298.0,298.6,298.1,290.0,278.5,280.6,286.2,281.6,281.0,275.7,280.9,269.9,273.5,253.9,262.7,290.0,287.7,290.8,292.8,286.1,283.7,282.8,292.4,292.3,291.9,290.3,287.9,285.3,284.8,284.7,286.5,287.3,286.6,286.6,289.0,288.3,288.6,291.5,291.4,292.0,292.2,294.3,296.5,298.1,293.2,297.4,294.7,296.1,295.0,292.8,283.8,271.7,275.7,281.3,280.8,283.8,283.5,275.1,277.4,277.5,271.9,271.9,289.2,291.0,291.9,291.0,289.8,288.2,290.3,290.8,288.6,286.8,287.5,286.4,289.3,288.7,287.8,288.3,289.4,290.5,291.5,291.3,292.3,291.3,293.7,295.6,297.4,298.7,298.6,293.8,293.7,295.1,293.1,289.6,294.8,290.3,289.5,286.6,276.0,264.9,279.4,287.3,291.2,292.4,290.6,290.9,290.2,290.1,290.2,289.6,288.9,289.6,290.7,290.6,289.6,288.1,286.9,285.6,289.9,290.0,287.6,289.0,290.0,292.0,293.5,293.6,294.0,295.7,296.8,295.8,292.9,294.9,293.4,296.9,292.7,280.4,269.6,282.3,291.5,291.5,294.4,294.8,294.6,294.2,293.7,291.6,288.7,289.2,289.5,289.0,289.1,289.2,288.3,288.4,289.9,289.7,288.0,287.7,287.9,288.0,289.1,288.3,287.6,289.8,290.7,290.9,292.1,293.3,294.8,294.4,295.8,287.3,295.2,296.1,293.0,295.5,291.8,289.2,289.3,290.0,284.2,286.5,292.0,293.0,293.2,291.8,291.9,293.1,292.6,289.8,290.5,289.8,287.4,287.3,288.0,287.8,287.6,287.8,288.0,287.6,287.7,287.4,287.3,286.8,286.7,287.6,288.4,289.3,290.3,291.0,293.3,294.2,295.1,292.7,293.4,293.0,291.9,292.1,292.6,290.2,289.7,284.3,282.4,279.6,278.7,288.9,291.0,290.9,291.4,291.2,290.9,290.3,289.7,288.5,286.6,285.9,284.9,284.8,285.6,286.6,287.3,286.9,286.4,286.3,285.4,283.0,284.0,284.5,285.2,285.4,286.8,286.7,288.2,291.2,289.7,291.6,290.5,290.8,289.0,287.1,286.6,288.7,289.3,285.5,289.8,289.8,285.5,288.6,288.3,288.3,288.2,287.6,287.9,287.3,286.5,286.0,285.1,283.7,283.2,282.9,284.7,284.8,285.7,284.8,284.6,284.0,282.9,281.0,281.1,282.0,282.6,282.3,284.0,284.3,285.4,286.9,286.2,287.2,287.8,288.7,288.6,288.2,287.1,285.7,286.7,276.0,275.1,270.7,286.7,286.5,286.6,286.2,285.8,285.6,285.2,284.4,284.0,283.5,283.2,282.1,282.2,282.4,282.9,283.7,284.3,284.0,283.3,282.8,281.4,281.4,281.8,281.7,282.1,281.8,283.1,284.4,285.7,286.7,288.1,289.9,291.0,289.8,288.3,288.0,286.2,281.4,278.2,279.0,274.7,284.7,284.6,284.0,283.6,283.6,283.1,283.0,283.1,282.4,282.0,280.5,281.0,282.2,281.2,281.4,281.9,282.2,282.9,283.0,281.9,281.7,281.0,280.7,280.9,281.0,280.8,280.1,282.9,285.3,285.7,286.2,287.8,289.3,291.0,289.8,287.3,284.1,281.0,281.5,281.2,278.1,283.6,284.2,283.4,282.3,281.9,281.6,281.1,280.6,281.0,280.8,278.1,278.2,279.3,278.9,280.0,280.8,281.0,281.3,281.6,281.0,280.2,279.8,279.6,279.9,279.4,280.8,280.4,281.3,282.6,283.8,283.8,285.7,288.0,288.9,290.1,289.1,288.9,288.4,287.2,286.6,284.9,280.5,281.9,282.7,281.9,280.1,279.2,279.8,279.8,279.2,279.1,276.0,274.4,277.5,276.4,277.8,279.0,279.9,279.9,280.7,279.9,279.7,278.8,278.4,278.3,279.3,280.4,281.6,280.7,281.1,282.2,283.4,284.2,286.2,287.4,290.2,288.8,289.3,290.3,288.3,286.2,285.2,280.2,280.2,282.4,280.7,280.2,278.6,275.7,275.4,277.3,277.3,274.4,272.9,274.6,274.7,275.4,276.2,276.5,277.1,278.4,279.3,279.5,279.5,279.8,279.8,279.9,280.3,280.3,280.5,280.5,280.7,282.2,283.1,283.8,284.7,285.9,287.8,287.3,287.6,287.7,286.2,285.3,278.6,278.4,283.9,277.7,279.6,278.8,278.2,277.2,275.2,275.9,275.9,274.4,272.7,274.6,275.0,275.8,273.9,275.1,276.6,277.2,278.3,278.7,279.2,279.0,279.1,279.1,279.4,279.6,279.4,279.8,280.2,282.3,281.9,283.7,285.3,287.5,288.1,288.0,289.5,287.9,284.6]},{"header":{"discipline":0,"disciplineName":"Meteorological products","gribEdition":2,"gribLength":1025,"center":7,"centerName":"US National Weather Service - NCEP(WMC)","subcenter":0,"refTime":"2023-10-04T00:00:00.000Z","significanceOfRT":1,"significanceOfRTName":"Start of forecast","productStatus":0,"productStatusName":"Operational products","productType":1,"productTypeName":"Forecast products","productDefinitionTemplate":0,"productDefinitionTemplateName":"Analysis/forecast at horizontal level/layer at a point in time","parameterCategory":2,"parameterCategoryName":"UnknownDiscipline_0_Category_2","parameterNumber":2,"parameterNumberName":"UnknownParameter_D0_C2_2","parameterUnit":"Unknown","genProcessType":2,"genProcessTypeName":"Forecast","forecastTime":180,"surface1Type":103,"surface1TypeName":"Specified height level above ground","surface1Value":10.0,"surface2Type":255,"surface2TypeName":"Missing","surface2Value":0.0,"gridDefinitionTemplate":0,"gridDefinitionTemplateName":"Latitude_Longitude","numberPoints":615,"shape":6,"shapeName":"Earth spherical with radius of 6,371,229.0 m","gridUnits":"degrees","resolution":48,"winds":"true","scanMode":64,"nx":41,"ny":15,"basicAngle":0,"lo1":47.0,"la1":41.0,"lo2":87.0,"la2":55.0,"dx":1.0,"dy":1.0},"data":[-0.8739551,1.666045,2.7560449,-6.043955,-7.3739552,-5.113955,-3.623955,-6.253955,-7.0839553,-5.3739552,-5.753955,-5.223955,-4.273955,-3.9839551,-3.863955,-1.613955,-1.4239551,-2.863955,-2.793955,-2.093955,-0.4139551,-0.46395507,1.5760449,2.666045,0.73604494,1.6260449,1.776045,1.286045,-0.5539551,0.15604492,0.5760449,1.8360449,-1.4439551,-1.1439551,-1.1539551,0.22604492,0.08604492,-1.8939551,1.7460449,2.2560449,1.3160449,-0.4139551,-0.58395505,-5.3739552,-6.293955,-7.543955,-6.903955,-6.0839553,-5.773955,-5.743955,-5.913955,-4.993955,-5.443955,-5.3539553,-4.153955,-2.833955,-3.663955,-0.9139551,-3.273955,-2.563955,-1.363955,-1.083955,0.67604494,1.0560449,0.8460449,0.03604492,-1.223955,-0.18395507,1.146045,0.9060449,0.5760449,-0.27395508,-0.31395507,0.8760449,-1.733955,0.06604492,1.1160449,2.646045,2.226045,-0.82395506,0.91604495,-2.083955,-2.2039552,-6.293955,-6.433955,-6.143955,-4.143955,-5.933955,-4.433955,-3.7439551,-4.8739552,-4.533955,-5.783955,-5.963955,-4.753955,-3.563955,-4.3739552,-3.4339552,-2.6839552,-1.963955,-1.363955,-0.2639551,1.0860449,3.2660449,2.146045,1.9760449,1.2260449,-0.24395508,-2.393955,-1.853955,2.846045,-0.9639551,-0.6039551,-0.7239551,-0.3239551,-0.3239551,0.73604494,-1.083955,0.23604493,-1.073955,4.836045,3.186045,0.16604492,-3.763955,-3.263955,-3.023955,-3.2139552,-3.913955,-3.083955,-2.263955,-3.673955,-3.533955,-3.543955,-3.4839551,-5.113955,-5.453955,-4.383955,-2.293955,-3.093955,-2.623955,-2.273955,-1.4139551,-0.47395507,0.29604492,-2.043955,1.6060449,2.966045,3.576045,1.3660449,0.8860449,0.37604493,2.466045,-0.103955075,-2.663955,-0.07395508,-1.9939551,-0.70395505,0.67604494,0.3960449,-0.7239551,2.106045,-0.9139551,-0.50395507,-0.24395508,-1.473955,-1.7439551,-1.7739551,-1.453955,-0.12395508,-1.353955,-2.313955,-2.373955,-1.8939551,-1.973955,-1.8039551,-4.8539553,-2.9739552,-2.7339551,-0.83395505,-2.403955,-2.333955,-2.623955,-1.5139551,-0.8439551,-0.11395508,0.8160449,-0.63395506,2.366045,4.786045,3.576045,2.0660448,0.31604493,2.176045,1.6260449,3.0460448,1.906045,0.74604493,1.5060449,-1.2539551,-1.3839551,0.5760449,1.7560449,-2.4439552,-1.0539551,1.7560449,1.636045,2.126045,-0.6639551,-0.12395508,-1.5439551,-2.2539551,-0.9039551,-0.9239551,-0.76395506,-0.49395508,-1.2839551,-1.323955,-0.5539551,-1.573955,-1.233955,-1.723955,-1.9239551,-2.4639552,-2.023955,0.15604492,-2.873955,-1.4939551,0.09604492,1.536045,4.156045,5.586045,3.416045,-0.45395508,2.126045,0.06604492,2.956045,2.896045,-0.56395507,0.17604493,-1.573955,0.7660449,-1.0639551,1.2060449,0.006044922,-0.13395508,1.406045,4.216045,3.166045,2.5560448,2.736045,2.0160449,3.446045,1.1860449,0.6960449,0.7760449,1.4960449,1.2060449,1.676045,-0.21395507,-0.7439551,-0.83395505,-0.7939551,-0.8539551,-1.323955,-1.733955,-2.063955,-3.333955,-1.833955,-2.863955,-0.2939551,1.4660449,4.536045,3.456045,1.3060449,-0.043955076,1.396045,1.3360449,-0.30395508,-0.9339551,-1.5639551,-0.37395507,0.06604492,1.2060449,1.9860449,0.8460449,1.2360449,-0.5539551,5.1860447,4.516045,4.366045,4.756045,4.6260448,4.826045,4.536045,3.7960448,3.426045,3.226045,3.156045,3.2960448,3.356045,2.616045,1.1860449,1.3360449,1.036045,0.40604493,-0.9339551,-2.073955,-2.423955,-2.763955,-2.663955,-1.1239551,-0.36395508,0.3660449,2.676045,3.5060449,2.886045,1.4760449,3.336045,2.196045,2.106045,0.38604492,2.366045,3.646045,-2.883955,1.6860449,-2.873955,-3.9539552,-2.273955,5.406045,5.1460447,4.9360447,5.076045,6.036045,6.226045,6.056045,6.406045,5.866045,5.1660447,4.886045,5.3960447,4.846045,4.326045,3.676045,2.606045,2.206045,1.8060449,1.386045,-0.21395507,-0.6639551,-1.2739551,-1.573955,-0.75395507,-0.103955075,1.0560449,1.9760449,2.7760448,3.376045,3.0160449,2.876045,3.406045,3.416045,1.9360449,1.2460449,2.576045,0.15604492,0.35604492,0.16604492,0.80604494,0.28604493,6.266045,5.976045,5.456045,5.086045,5.066045,5.336045,5.8760448,7.8960447,5.536045,6.486045,6.616045,6.256045,5.616045,5.336045,4.996045,4.656045,3.936045,2.966045,2.486045,2.406045,1.8460449,1.4660449,1.046045,0.9460449,1.426045,2.446045,2.5460448,4.056045,3.5360448,4.536045,2.846045,3.936045,2.456045,1.9660449,0.32604492,0.9460449,-2.2039552,-0.46395507,-0.053955078,0.09604492,-0.46395507,5.156045,5.8760448,5.696045,5.886045,5.706045,6.076045,5.856045,5.486045,5.9160447,6.066045,5.256045,5.966045,6.236045,6.336045,5.996045,5.6860447,5.836045,4.856045,4.206045,4.036045,4.076045,3.3160448,3.2860448,2.926045,2.8160448,3.226045,3.866045,3.956045,4.586045,4.496045,5.4160447,6.266045,5.086045,0.5260449,1.406045,-1.4239551,-0.43395507,0.3360449,-0.6239551,1.3160449,-0.45395508,5.456045,5.926045,5.836045,5.1660447,5.456045,5.6260448,5.156045,5.526045,5.086045,5.1660447,5.206045,5.286045,5.566045,5.796045,6.196045,6.006045,6.066045,5.6860447,5.366045,5.036045,4.806045,4.9160447,4.616045,4.366045,4.536045,5.016045,4.676045,4.766045,5.366045,6.156045,6.506045,7.286045,6.046045,5.866045,0.4560449,1.536045,1.4360449,1.4460449,0.3960449,0.006044922,-0.57395506,4.516045,5.9160447,5.196045,5.456045,4.066045,3.196045,5.106045,5.456045,6.846045,4.456045,3.436045,4.576045,6.116045,5.776045,5.116045,5.576045,5.736045,5.766045,5.636045,5.546045,5.586045,5.556045,5.286045,5.656045,5.926045,6.856045,6.136045,6.106045,6.316045,6.536045,6.4360447,6.976045,7.326045,7.156045,6.336045,1.2460449,2.106045,0.86604494,-0.023955079,-0.76395506,-1.0639551,5.066045,4.796045,6.926045,5.9360447,5.366045,3.726045,3.396045,4.956045,5.386045,4.9160447,3.426045,4.506045,6.036045,5.366045,3.0560448,4.336045,5.796045,6.306045,6.386045,6.576045,6.446045,6.586045,6.926045,6.976045,7.066045,7.356045,7.656045,6.9360447,6.536045,6.446045,6.616045,6.306045,6.486045,6.446045,5.826045,1.6860449,0.5960449,0.31604493,-0.5439551,-0.33395508,-0.3839551,4.076045,4.156045,6.756045,4.176045,5.4360447,4.3760448,4.476045,4.596045,3.8160448,4.6460447,4.1460447,5.496045,4.8960447,4.386045,5.4160447,4.676045,3.9960449,5.816045,6.236045,7.046045,7.4360447,7.706045,7.516045,7.6460447,7.566045,7.016045,7.696045,7.1860447,6.036045,6.226045,6.726045,8.016045,5.9360447,6.766045,6.8760448,7.9360447,1.0760449,1.6260449,1.3260449,0.06604492,-1.733955]},{"header":{"discipline":0,"disciplineName":"Meteorological products","gribEdition":2,"gribLength":1025,"center":7,"centerName":"US National Weather Service - NCEP(WMC)","subcenter":0,"refTime":"2023-10-04T00:00:00.000Z","significanceOfRT":1,"significanceOfRTName":"Start of forecast","productStatus":0,"productStatusName":"Operational products","productType":1,"productTypeName":"Forecast products","productDefinitionTemplate":0,"productDefinitionTemplateName":"Analysis/forecast at horizontal level/layer at a point in time","parameterCategory":2,"parameterCategoryName":"UnknownDiscipline_0_Category_2","parameterNumber":3,"parameterNumberName":"UnknownParameter_D0_C2_3","parameterUnit":"Unknown","genProcessType":2,"genProcessTypeName":"Forecast","forecastTime":180,"surface1Type":103,"surface1TypeName":"Specified height level above ground","surface1Value":10.0,"surface2Type":255,"surface2TypeName":"Missing","surface2Value":0.0,"gridDefinitionTemplate":0,"gridDefinitionTemplateName":"Latitude_Longitude","numberPoints":615,"shape":6,"shapeName":"Earth spherical with radius of 6,371,229.0 m","gridUnits":"degrees","resolution":48,"winds":"true","scanMode":64,"nx":41,"ny":15,"basicAngle":0,"lo1":47.0,"la1":41.0,"lo2":87.0,"la2":55.0,"dx":1.0,"dy":1.0},"data":[0.19932862,1.0193286,-2.1206713,-6.410671,-8.1306715,-10.400671,-8.620671,-1.9506714,-1.4406714,-2.9106715,-4.1706715,-5.410671,-5.9206715,-5.6006713,-5.660671,-7.5506716,-6.2606716,-2.0206714,-4.700671,-3.9006715,-4.2606716,-4.6906714,-3.2106714,1.2493286,1.6893287,1.6093286,0.3893286,-0.4706714,-1.4006714,-1.3806714,-0.6906714,-3.0106714,-1.7006714,0.5893286,0.72932863,-1.8206714,-2.1506715,-2.3306713,-1.6106714,1.0993286,1.4193286,-0.6906714,-0.65067136,-2.2506714,-4.8706713,-5.2706714,-7.0506716,-5.8306713,-4.7706714,-3.4506714,-3.9906714,-4.5806713,-5.7506714,-4.5906715,-4.8406715,-8.980671,-7.1506715,-5.2606716,-6.7106714,-6.0306716,-5.9406714,-5.4006715,-4.8506713,-3.9206715,-2.6406715,2.4493287,1.2793286,0.29932863,1.3393286,-0.3006714,-0.8806714,-0.5006714,-1.7006714,-0.9706714,-3.5106714,-4.7106714,2.2593286,0.2593286,1.7093287,2.6093285,0.8893286,-1.1606714,1.2793286,-1.4006714,-2.3106713,-3.6706715,-4.6506715,-1.7806714,-3.5006714,-3.6106713,-4.180671,-3.7706714,-3.8906715,-4.0606713,-5.990671,-6.6106715,-5.3006716,-5.7506714,-6.0506716,-6.220671,-6.3506713,-7.3006716,-6.1306715,-3.8706713,-1.4706714,-1.3606714,-4.3106713,-2.8006713,-0.7206714,-1.8806714,-1.4306713,-1.0406713,1.5793287,-0.48067138,-0.9906714,0.4693286,-1.1206714,0.4093286,-1.4806714,-3.4806714,-0.20067139,0.32932863,-0.6706714,0.78932863,0.24932861,-0.29067138,-2.7306714,-1.9506714,-4.2306714,-5.5006714,-3.0406713,-1.8006713,-2.0206714,-3.9806714,-3.8506713,-5.5606713,-7.470671,-5.8306713,-4.0006714,-5.3206716,-5.9406714,-6.5506716,-7.1106715,-7.740671,-2.5006714,-2.5906713,-5.0406713,-5.5206714,-1.5706714,-2.2906713,-1.8906714,-2.2006714,-3.0706713,2.0093286,-0.38067138,1.5393286,-0.65067136,-0.58067137,0.16932862,0.48932862,2.3593285,-0.6606714,-0.9906714,-1.7906713,2.9193287,0.7793286,-0.17067139,-1.2206714,-2.5406713,-0.8806714,-0.4006714,-2.8606713,-3.5806713,-3.3706713,-3.5906713,-1.2306714,-4.1706715,-5.930671,-5.740671,-5.6006713,-5.9406714,-5.8006716,-6.3806715,-7.2906713,-5.6206713,-3.5806713,-4.4606714,-4.1006713,-2.2306714,-0.44067138,1.1993287,-1.0106714,-1.3406714,-0.39067137,0.8193286,-0.4006714,1.9993286,0.07932861,-0.3406714,1.7693286,0.19932862,0.9993286,0.30932862,-0.4906714,0.7593286,1.6293286,1.2193286,3.8493285,0.53932863,-0.14067139,0.36932862,-2.4906714,-1.1306714,-1.2906713,-2.2306714,-2.6906714,-2.7806714,-2.4106715,-3.2606714,-4.7806716,-4.9606714,-6.3206716,-6.2906713,-7.5006714,-6.9006715,-6.740671,-6.3106713,-6.490671,-6.1306715,-3.5006714,0.039328612,1.8293287,3.5993285,-0.07067139,-1.3306714,-0.39067137,1.0693287,0.5493286,-0.9106714,0.7093286,-0.32067138,-0.24067138,-1.5706714,4.1593285,2.8893287,0.21932861,1.7393286,2.0493286,0.8793286,1.2493286,4.1193285,1.4593287,0.72932863,1.3593286,0.08932862,-1.3606714,-1.9406714,-2.5506713,-2.5706713,-3.1106713,-3.7506714,-4.8306713,-5.3406715,-6.2606716,-7.4406714,-7.1006713,-6.470671,-7.3206716,-8.100672,-8.400671,-6.8406715,-2.9606714,0.8793286,1.1393286,3.2393286,2.4393287,3.0593286,1.9793286,2.1693287,1.0093286,1.2893286,-0.5606714,-0.4006714,1.6693286,-0.10067139,2.3393285,2.6393287,2.6193285,2.7093287,2.1293287,2.3293285,2.3093286,2.1093285,1.6093286,1.0993286,0.8593286,-0.26067138,-0.48067138,-1.9806714,-2.0106714,-1.3606714,-2.1406715,-3.4406714,-3.5006714,-4.2906713,-4.8506713,-5.9006715,-6.0206714,-6.8006716,-7.3006716,-7.720671,-7.6006713,-7.1106715,-6.7106714,0.30932862,1.7793286,3.3293285,2.5493286,2.7893286,2.1593287,3.9093287,2.6093285,0.049328614,-0.2506714,-1.9706714,-0.6706714,1.0093286,0.4993286,2.4993286,2.2193286,2.4693286,2.3493285,1.3193287,0.91932863,1.3693286,0.7493286,2.1793287,0.9593286,0.5193286,-1.2506714,-1.4006714,-1.2506714,-0.8506714,-1.1906714,-2.2906713,-2.9606714,-3.6406715,-3.5406713,-4.4406714,-5.8606715,-6.950671,-7.700671,-7.6306715,-7.2106714,-6.3806715,-5.200671,-4.1006713,0.97932863,3.0293286,1.8893286,2.2393286,3.0893285,3.4293287,2.2893286,0.8293286,2.5893285,3.1593287,1.6593286,1.3093286,3.2893286,3.2293286,3.0893285,2.1093285,1.8293287,1.1493286,0.4393286,0.8993286,3.2793286,2.0493286,0.5693286,0.39932862,0.32932863,-0.3406714,-0.5506714,-0.5406714,-0.2506714,-0.65067136,-1.8006713,-2.7306714,-3.0106714,-3.5606713,-4.5506716,-5.6406713,-6.4406714,-6.410671,-5.9206715,-5.3306713,-4.8806715,-5.430671,-6.0806713,-1.6106714,2.1793287,1.8593286,2.5893285,2.7293286,1.3493286,-0.77067137,1.6593286,3.9193287,2.7893286,4.4493284,4.509329,4.1593285,3.7393286,2.5993285,1.6193286,2.5893285,1.0293286,0.9493286,1.1293286,2.0993285,1.0993286,-0.020671386,0.32932863,0.2593286,-0.030671386,0.009328613,0.17932862,-1.2306714,-1.5406713,-2.0606713,-2.0006714,-2.3006713,-3.4306715,-3.8406713,-4.410671,-4.7806716,-5.6406713,-6.8306713,-7.240671,-8.1306715,-8.030671,-8.510672,3.1093285,3.6093285,2.5493286,2.2893286,2.4893286,2.8293285,0.9293286,0.11932861,5.009329,4.319329,4.4693284,4.1293287,3.8993287,3.0593286,2.9693286,2.1993287,3.4793286,2.7593286,2.1193285,1.4593287,1.2693286,1.2993286,0.97932863,0.65932864,0.5793286,0.7793286,0.6393286,-0.4606714,-1.1806713,-1.1406714,-1.1506714,-1.6406714,-1.5706714,-2.3306713,-2.9506714,-4.1306715,-4.950671,-5.240671,-5.0706716,-5.6406713,-4.660671,-6.160671,3.8293285,3.9093287,3.4893286,1.7993286,1.5793287,1.9193286,0.7093286,5.0593286,4.4893284,4.9993286,4.509329,4.8293285,3.5293286,2.9093287,3.2693286,4.1893287,2.7593286,1.7893286,1.5493286,2.0693285,1.8493286,1.8993286,1.4693286,0.8393286,0.45932862,0.4693286,1.3593286,1.1093286,0.5593286,0.07932861,-0.8906714,-1.5306714,-1.7806714,-1.9306713,-2.5606713,-2.7306714,-3.2106714,-3.3506713,-3.8306713,-3.7706714,-3.6206713,-0.2706714,4.3693285,5.009329,2.8693285,3.8493285,2.6493287,0.97932863,6.4593287,6.0993285,5.8293285,5.4093285,5.3293285,5.7093287,5.779329,4.0193286,2.9493287,3.5993285,2.4293287,1.7193286,2.2993286,1.8193287,2.4893286,2.7293286,2.1093285,1.4993286,1.0193286,1.0993286,1.3093286,0.9493286,0.8793286,0.6893286,-6.713867E-4,-0.9506714,-0.6706714,0.059328612,-1.0106714,-1.6606714,-2.6106713,-2.6206713,-2.9206715,-3.2406714,-4.2706714,4.1693287,3.8993287,3.4893286,3.1593287,3.0393286,2.8793287,4.5793285,5.5593286,7.1793284,6.7293286,5.7493286,5.4093285,5.0393286,5.1693287,5.819329,4.2193284,2.3193285,3.1393287,2.1893287,1.1293286,0.84932864,1.8393286,3.9893286,3.7693286,3.4693286,2.7793286,1.8293287,2.0993285,1.8693286,1.6293286,1.5193286,1.4093286,0.24932861,1.3493286,0.66932863,-0.09067139,-1.3306714,-3.0206714,-1.6906714,-2.0906713,-1.9306713,-1.7806714,6.4693284,7.4893284,6.0193286,5.5793285,1.6793286]}]