wind_kz.json
{"header": {"discipline":0,"disciplineName":"Meteorological products","gribEdition":2,"gribLength":1025,"center":7,"centerName":"US National Weather Service - NCEP(WMC)","subcenter":0,"refTime":"2024-02-02T00:00:00.000Z","significanceOfRT":1,"significanceOfRTName":"Start of forecast","productStatus":0,"productStatusName":"Operational products","productType":1,"productTypeName":"Forecast products","productDefinitionTemplate":0,"productDefinitionTemplateName":"Analysis/forecast at horizontal level/layer at a point in time","parameterCategory":2,"parameterCategoryName":"UnknownDiscipline_0_Category_2","parameterNumber":3,"parameterNumberName":"UnknownParameter_D0_C2_3","parameterUnit":"Unknown","genProcessType":2,"genProcessTypeName":"Forecast","forecastTime":0,"surface1Type":103,"surface1TypeName":"Specified height level above ground","surface1Value":10.0,"surface2Type":255,"surface2TypeName":"Missing","surface2Value":0.0,"gridDefinitionTemplate":0,"gridDefinitionTemplateName":"Latitude_Longitude","numberPoints":615,"shape":6,"shapeName":"Earth spherical with radius of 6,371,229.0 m","gridUnits":"degrees","resolution":48,"winds":"true","scanMode":64,"nx":41,"ny":15,"basicAngle":0,"lo1":47.0,"la1":41.0,"lo2":87.0,"la2":55.0,"dx":1.0,"dy":1.0}, "data":
[rows 0 to 14 of 15, columns 0 to 40 of 41]
-1.8994311,-3.4294312,1.2005688,3.720569,5.520569,6.330569,2.7905688,1.6705688,0.42056885,0.9205688,1.3505689,1.4405688,2.0405688,1.9805689,2.1005688,1.7305689,1.1505688,0.34056884,-0.46943116,-0.44943115,-0.6394312,-0.37943116,-1.9494312,-1.6494311,-1.7394311,-0.36943114,-1.8394312,3.0605688,3.4905689,1.8705689,-3.599431,-4.329431,2.7405689,1.8205688,1.0905689,1.6805688,1.6905688,2.7405689,2.200569,0.57056886,0.37056884
2.8005688,-0.009431153,-4.0694313,-0.61943114,8.860569,7.8705688,-0.31943116,4.050569,3.8405688,3.3605688,2.900569,2.3105688,2.480569,2.150569,1.6605688,2.3605688,0.8705689,-0.12943116,-0.17943116,0.05056885,0.33056885,0.6805689,2.420569,2.6205688,1.8705689,4.2205687,-0.9594312,3.2505689,1.2405689,2.910569,7.380569,5.940569,-0.069431156,-2.809431,-2.7594311,-1.4894311,0.53056884,-0.34943116,-0.71943116,0.56056887,0.60056883
0.27056885,-2.2194312,-3.1694312,1.8405689,7.9505687,5.500569,2.8205688,3.910569,4.550569,4.550569,5.270569,4.3705688,3.680569,3.7505689,3.710569,3.210569,3.190569,2.0605688,1.7505689,1.2805688,1.6905688,1.7805688,1.4705689,2.5705688,-1.0294311,-1.0194311,0.90056884,0.24056885,1.0305688,1.8505689,4.330569,3.0105689,2.2705688,-2.2094312,-1.3694311,-0.13943115,1.4005688,-0.83943117,0.41056883,-0.019431151,0.59056884
0.41056883,0.66056883,0.020568848,1.9805689,5.030569,5.840569,5.100569,5.170569,4.9105687,5.5105686,4.770569,4.2605686,7.1405687,6.800569,3.6405687,3.6205688,3.660569,3.210569,2.8505688,2.0805688,2.0505688,2.980569,0.7305688,0.010568848,-0.03943115,0.53056884,1.5705688,1.9605689,1.6905688,2.5305688,-0.85943115,-4.2394314,-1.0194311,1.4705689,-0.11943115,-0.24943115,2.1105688,3.5005689,-0.079431154,2.190569,1.4705689
1.7805688,2.3405688,2.700569,2.430569,2.5805688,4.3905687,6.520569,6.560569,5.7405686,5.1605687,5.9905686,5.520569,6.7605686,6.090569,4.300569,4.530569,3.480569,3.5205688,2.3305688,2.470569,2.6305687,-0.109431155,-0.46943116,0.26056886,0.32056886,0.20056885,2.710569,3.200569,2.6305687,3.710569,3.8805687,2.0605688,0.59056884,2.940569,-1.4294312,-0.16943115,0.17056885,1.0505688,1.2405689,1.0005689,0.32056886
2.450569,2.430569,3.6105688,4.480569,4.6205688,5.050569,7.090569,6.9105687,5.880569,5.150569,5.600569,4.850569,4.530569,5.190569,2.4905689,3.3405688,3.900569,2.930569,2.0905688,1.8905689,1.9105688,2.470569,1.8805689,2.170569,2.6105688,2.670569,2.440569,2.950569,5.100569,4.2205687,4.600569,5.110569,3.8005688,3.930569,1.3605689,3.190569,0.5405688,-0.49943116,0.18056884,0.23056884,-0.58943117
2.1105688,2.8505688,3.650569,4.880569,5.350569,6.280569,6.750569,7.9105687,7.4505687,6.300569,5.380569,4.000569,4.420569,3.5205688,2.650569,3.8005688,4.040569,3.1405687,3.1405687,2.1005688,1.5905689,1.7005688,2.5005689,2.960569,2.680569,3.4905689,3.0705688,3.7505689,4.070569,5.830569,5.920569,6.960569,5.020569,2.150569,-0.079431154,0.90056884,0.50056887,1.1205689,0.90056884,0.29056886,0.90056884
2.5105689,2.8605688,3.920569,4.630569,5.5105686,5.860569,6.3905687,7.4105687,7.670569,7.4905686,7.2405686,5.7205687,4.4105687,3.720569,3.3205688,3.7605689,3.8605688,2.970569,3.470569,3.220569,-0.44943115,0.6205689,1.2005688,3.5405688,4.520569,4.7005687,4.9905686,4.1605687,4.340569,7.540569,8.140569,6.9105687,7.570569,5.4905686,3.5605688,1.3805689,1.6305689,0.29056886,0.6105688,-0.67943114,0.08056885
2.0705688,2.680569,3.2605689,4.690569,5.9105687,6.7205687,6.960569,7.040569,6.730569,7.440569,6.050569,5.460569,4.290569,3.450569,3.230569,3.470569,3.420569,3.410569,3.7405689,3.690569,2.470569,-1.1694312,0.65056884,1.5705688,4.810569,5.360569,5.810569,5.900569,5.840569,5.080569,10.480569,9.310569,9.390569,6.790569,2.5205688,2.6005688,0.83056885,1.6505688,2.2405689,1.8605689,-1.7994312
2.2405689,2.970569,3.5205688,4.610569,5.610569,6.650569,6.900569,7.0105686,6.730569,5.7005687,6.060569,5.4905686,3.9905689,3.1105688,3.440569,3.480569,2.6005688,3.0205688,2.8105688,2.3305688,2.230569,1.5405688,-0.43943116,0.72056884,2.430569,5.4705687,5.9705687,5.4705687,3.980569,2.460569,8.510569,8.910569,6.860569,6.7405686,4.580569,1.7205689,1.3005688,-0.049431153,0.51056886,2.480569,3.670569
2.0705688,2.5805688,3.430569,4.340569,5.2405686,6.350569,6.7605686,6.2405686,6.170569,5.770569,5.230569,3.180569,3.5605688,4.210569,3.5205688,3.400569,2.960569,2.1405687,2.940569,2.0905688,1.6305689,0.77056885,-0.52943116,-0.40943116,0.43056884,3.0205688,4.590569,5.650569,4.730569,3.3505688,3.5405688,5.6605687,6.550569,5.7405686,6.320569,5.1205688,1.4005688,1.5205688,1.3405689,1.7605689,-0.31943116
1.7105689,2.5105689,3.690569,5.100569,5.780569,6.250569,5.340569,5.9505687,4.9905686,1.4805689,0.94056886,0.6105688,3.1005688,3.6205688,3.5405688,3.660569,3.1305687,1.9405688,2.220569,1.3305688,0.7405689,-0.39943114,-0.58943117,0.24056885,0.020568848,-0.20943116,1.2505689,2.420569,2.5105689,2.970569,1.9105688,3.2705688,3.6205688,5.060569,4.710569,4.4305687,1.0105689,1.8005688,1.8905689,1.6405689,0.35056886
1.3605689,2.3705688,3.6305687,4.590569,4.840569,4.020569,5.270569,4.9705687,3.470569,1.1905688,0.23056884,1.3605689,2.5105689,3.230569,3.5005689,2.8505688,2.210569,2.3305688,2.400569,1.2005688,1.1605688,0.50056887,0.38056886,0.56056887,-0.23943116,0.8605688,0.32056886,1.1305689,1.3405689,1.2105689,2.2505689,2.180569,2.0705688,3.0705688,3.8905687,4.030569,2.430569,0.85056883,1.4605689,0.53056884,0.21056885
2.1305687,2.680569,3.920569,4.270569,4.6605687,4.550569,4.800569,4.6405687,1.5305688,2.3405688,1.3005688,0.11056885,0.030568847,1.8105688,2.8105688,2.410569,2.1005688,2.3305688,2.0505688,0.71056885,0.31056884,0.65056884,0.40056884,-0.079431154,0.030568847,1.0305688,0.60056883,0.5405688,0.6105688,1.4205688,1.7205689,1.8705689,2.220569,2.0305688,1.9005688,1.5305688,1.7205689,0.31056884,-0.52943116,0.16056885,0.12056885
1.8405689,3.470569,4.1805687,4.380569,4.940569,4.000569,1.5705688,2.3805687,3.0205688,3.430569,0.5505688,1.7905688,1.9005688,0.59056884,3.2805688,2.5505688,2.0605688,1.9205688,1.9305688,0.7305688,0.34056884,0.33056885,0.5505688,0.56056887,0.45056885,0.41056883,0.32056886,0.45056885,0.22056885,0.59056884,0.58056885,1.0905689,0.83056885,1.4905689,1.7805688,1.8505689,1.9005688,0.60056883,0.47056884,0.31056884,-0.15943116
