wind_kz.json
{"header": {"discipline":0,"disciplineName":"Meteorological products","gribEdition":2,"gribLength":1025,"center":7,"centerName":"US National Weather Service - NCEP(WMC)","subcenter":0,"refTime":"2023-09-27T12:00:00.000Z","significanceOfRT":1,"significanceOfRTName":"Start of forecast","productStatus":0,"productStatusName":"Operational products","productType":1,"productTypeName":"Forecast products","productDefinitionTemplate":0,"productDefinitionTemplateName":"Analysis/forecast at horizontal level/layer at a point in time","parameterCategory":2,"parameterCategoryName":"UnknownDiscipline_0_Category_2","parameterNumber":2,"parameterNumberName":"UnknownParameter_D0_C2_2","parameterUnit":"Unknown","genProcessType":2,"genProcessTypeName":"Forecast","forecastTime":180,"surface1Type":103,"surface1TypeName":"Specified height level above ground","surface1Value":10.0,"surface2Type":255,"surface2TypeName":"Missing","surface2Value":0.0,"gridDefinitionTemplate":0,"gridDefinitionTemplateName":"Latitude_Longitude","numberPoints":615,"shape":6,"shapeName":"Earth spherical with radius of 6,371,229.0 m","gridUnits":"degrees","resolution":48,"winds":"true","scanMode":64,"nx":41,"ny":15,"basicAngle":0,"lo1":47.0,"la1":41.0,"lo2":87.0,"la2":55.0,"dx":1.0,"dy":1.0}, "data":
[rows 0 to 14 of 15, columns 0 to 40 of 41]
-0.44134766,0.21865234,1.1186523,-0.23134765,1.9886523,1.9686524,2.0686524,3.8186524,3.4386523,4.6186523,6.1886525,6.5986524,6.588652,4.7486525,0.72865236,-0.7913477,-1.1013477,0.37865233,-0.071347654,-1.3413477,-0.25134766,-1.1013477,-0.9913477,-2.8913476,0.6986523,-1.6513476,-3.2013476,-1.5213476,0.60865235,0.20865235,-0.75134766,1.0686524,0.38865235,0.86865234,-1.5213476,-1.5213476,0.15865235,0.44865236,0.80865234,0.6386523,-1.9813477
2.3086524,1.7286524,0.90865237,2.7986524,3.5986524,4.2486525,3.7386522,2.8286524,4.4286523,5.6286526,6.2486525,3.3886523,3.5486524,-2.5813477,-2.7213476,-3.7113476,0.67865235,-2.1513476,-0.72134763,0.20865235,0.35865235,-1.1413476,-1.2613477,-3.1713476,-1.0313476,0.61865234,-0.82134765,-0.011347656,-0.47134766,-0.8013477,0.22865234,-0.35134766,1.5186523,-2.8513477,-0.12134766,0.09865234,-0.90134764,0.42865235,-1.9413476,1.0286523,-2.3413477
0.84865236,0.84865236,4.1586523,5.6686525,5.5986524,3.5386524,4.028652,6.6886525,6.4386525,5.488652,4.3486524,3.5586524,-5.1013474,-5.6013474,-2.4413476,-2.4913476,-0.5513477,1.2586523,2.8586524,2.5186524,2.2886524,2.2086523,-1.2013477,-0.68134767,1.2486523,0.39865234,-1.5013477,-2.8113477,-2.9813476,-0.69134766,-1.6313477,1.7286524,-0.53134763,-0.5513477,0.56865233,-0.65134764,-0.071347654,0.34865233,1.0286523,1.7986523,2.0286524
1.0686524,3.5586524,4.1586523,4.4486523,2.2086523,2.7486525,4.8286524,6.278652,7.278652,6.4786525,5.7086525,1.4086523,-1.1613476,-6.0913477,-2.8713477,-0.37134767,0.6986523,5.238652,4.2286525,4.1786523,3.1086524,0.6386523,0.8986523,2.3186524,-1.0613476,-1.3013476,-2.4913476,-2.1813476,-1.6813476,-1.9013476,-2.0413477,-4.6213474,-3.2413476,-3.4113476,-2.6313477,-2.6013477,-1.7313477,1.5586524,0.74865234,-1.0013477,-1.4013476
2.5486524,3.5286524,2.0686524,2.8186524,3.6086524,3.0086524,5.2286525,6.4386525,6.4286523,4.6686525,4.108652,2.7386522,-3.6513476,-2.3313477,-1.1013477,1.8286524,4.088652,6.4586525,3.1986523,2.3386524,-0.51134765,-2.9213476,-4.2313476,-4.1113477,-4.6513476,-5.7313476,-7.3813477,-4.4413476,-4.911348,-4.201348,-3.7313476,-3.2913477,-2.6213477,1.6786523,0.13865234,-1.1513476,-3.0713477,-4.0613475,-3.1913476,-3.3313477,-3.7013476
1.8186524,1.3086524,2.5986524,2.0486524,2.0386524,2.3286524,3.9586523,5.2486525,2.5386524,3.0686524,2.5086524,1.4486524,-1.8013476,3.3686523,0.038652346,3.4986525,8.178653,-0.28134766,-3.9613476,-2.9113476,-4.7913475,-4.391348,-4.5013475,-6.261348,-6.3013477,-7.6013474,-4.6013474,-6.011348,-4.7113476,-4.3213477,-3.6913476,-3.5113478,-3.6113477,-2.3313477,-0.42134765,-4.2113476,0.42865235,-2.1313477,-0.46134767,-2.3013477,-3.5113478
1.7786523,0.7586523,1.6386523,1.9486524,2.3386524,1.7186524,2.3886523,0.39865234,-2.5113478,-1.3413477,-0.88134766,-2.4213476,-1.0013477,-4.3713474,1.0086523,5.738652,1.7486523,-4.3613477,-5.1313477,-5.2113476,-4.0813475,-4.0813475,-4.391348,-4.7813478,-5.161348,-4.701348,-3.1713476,-3.7513475,-3.7713478,-4.4613476,-3.7513475,-3.2513475,-1.4113476,-3.1513476,-3.3913476,-2.6913476,-1.2113477,2.5386524,-1.6913476,0.73865235,-0.30134764
1.3586524,0.96865237,1.0986524,1.6886524,0.96865237,0.36865234,1.2386523,0.80865234,1.1586523,0.23865235,0.52865237,-0.64134765,-4.0813475,-2.1213477,2.9486523,2.5586524,-2.7513475,-4.0913477,-3.9513476,-5.2113476,-3.7413476,-4.4213476,-3.6513476,-3.7313476,-3.2413476,-1.9613477,-2.4513476,-3.1013477,-2.9413476,-2.3413477,-3.2913477,-2.2713478,-3.1413476,-0.44134766,-2.4813476,-1.5813477,-1.3713477,-3.3913476,-2.5813477,-2.8013477,-2.3113477
1.3686523,1.5286523,0.9586523,1.9486524,1.4086523,-0.27134764,0.52865237,0.78865236,1.1886524,1.5886524,-1.6713476,0.55865234,-1.1713476,0.71865237,0.73865235,-1.4913477,-0.58134764,-3.7513475,-3.7613478,-4.0613475,-4.6913476,-3.4513476,-3.5913477,-3.2113476,-2.7513475,-3.2013476,-1.9613477,-2.2613478,-1.3713477,-1.7413477,-2.2213476,-1.7413477,-1.5613476,-1.6213477,-1.1913476,-1.0713477,-0.46134767,-1.7713476,-0.6613476,-0.021347657,-1.8813477
1.5886524,2.0186524,1.9286523,1.8786523,1.7686523,0.7086523,1.1286523,1.3986523,1.6486523,1.7786523,-1.1613476,-0.13134766,-0.90134764,1.0986524,-2.1313477,-1.5913477,-0.63134766,-1.4713477,-3.1913476,-3.1113477,-3.6113477,-3.1013477,-2.5913477,-3.2113476,-3.3413477,-3.1413476,-1.6713476,-2.3013477,-1.3613477,-1.9213476,-1.4113476,-1.5113477,-2.1813476,-1.6713476,-0.97134763,-1.1213477,-1.7013477,-0.18134765,-1.9513477,-0.15134765,-1.1713476
1.3086524,2.0286524,2.0386524,1.3886523,1.0886524,1.4486524,1.7286524,1.8886523,1.4786524,-2.3413477,-2.0613477,-1.8713477,-2.9313476,-0.071347654,0.27865234,-0.5513477,-2.1913476,-1.0213476,-2.3013477,-1.6613476,-2.1113477,-2.5713477,-2.9513476,-2.9813476,-2.2913477,-2.2713478,-1.6113477,-1.0713477,-1.2313477,-2.2513475,-2.9813476,-2.9313476,-3.1013477,-2.2513475,-0.65134764,-1.0313476,-1.2013477,-0.08134766,-0.88134766,0.71865237,-1.0913477
0.43865234,1.0986524,1.9086523,1.2986523,1.8786523,1.0286523,1.2486523,0.66865236,0.09865234,-1.0913477,-1.2913476,-1.0013477,-1.7813476,-2.1513476,-2.5513477,-1.8413477,-1.7413477,-2.0613477,-1.6213477,0.41865236,-1.2413477,-1.6113477,-2.2213476,-2.2213476,-1.4513477,-1.6613476,-1.0313476,-2.0513477,-2.7913477,-3.2013476,-2.8713477,-3.0213478,-2.0513477,-2.6313477,-2.0313478,-2.2413476,-1.9913477,-0.64134765,-0.48134765,-0.6613476,-0.56134766
1.9386524,1.0786524,0.97865236,0.40865234,0.86865234,0.62865233,1.2686523,1.1286523,0.93865234,-1.0313476,-0.88134766,-1.2913476,-1.6213477,-2.0613477,-2.5913477,-1.9513477,-2.2913477,-2.7513475,-2.8413477,-2.6613476,-1.3113476,0.15865235,-0.68134767,-1.3313477,0.32865235,-0.95134765,-1.8313477,-2.6613476,-2.5813477,-2.4013476,-2.3413477,-2.1613476,-2.1913476,-2.2513475,-1.6413476,-2.0413477,-1.5913477,-1.2013477,-2.5213478,-0.9913477,-0.7413477
2.8686523,1.0286523,0.40865234,0.078652345,0.16865234,0.30865234,1.0886524,1.7786523,0.8286523,1.0786524,-0.9913477,-0.94134766,0.60865235,-0.29134765,0.24865234,-0.97134763,-2.0413477,-2.8213477,-3.0713477,-3.0913477,-3.0413477,-2.6113477,-2.3513477,-0.76134765,-0.69134766,-1.5113477,-1.8413477,-1.3213477,-1.2613477,-1.1113477,-0.90134764,-0.93134767,-0.8013477,-0.7413477,-0.68134767,-0.5513477,-0.9813477,-1.1613476,-1.0213476,-0.49134767,-0.6613476
0.62865233,1.5986524,-0.12134766,-0.41134766,0.37865233,0.6986523,1.3386524,1.7586523,1.8186524,-0.28134766,-0.6013477,-0.6013477,-0.43134767,-0.30134764,0.8286523,0.8886523,0.5886524,0.26865235,-0.56134766,-1.3413477,-1.5713477,-1.8413477,-1.8913476,-1.6913476,-1.6113477,-1.3713477,-0.90134764,-0.6713477,-0.38134766,0.118652344,0.78865236,0.13865234,0.32865235,0.66865236,0.84865236,1.3286524,0.118652344,1.0686524,0.24865234,-0.76134765,-0.93134767
