wind_kz.json
{"header": {"discipline":0,"disciplineName":"Meteorological products","gribEdition":2,"gribLength":871,"center":7,"centerName":"US National Weather Service - NCEP(WMC)","subcenter":0,"refTime":"2023-09-07T18:00:00.000Z","significanceOfRT":1,"significanceOfRTName":"Start of forecast","productStatus":0,"productStatusName":"Operational products","productType":1,"productTypeName":"Forecast products","productDefinitionTemplate":0,"productDefinitionTemplateName":"Analysis/forecast at horizontal level/layer at a point in time","parameterCategory":0,"parameterCategoryName":"UnknownDiscipline_0_Category_0","parameterNumber":0,"parameterNumberName":"UnknownParameter_D0_C0_0","parameterUnit":"Unknown","genProcessType":2,"genProcessTypeName":"Forecast","forecastTime":120,"surface1Type":1,"surface1TypeName":"Ground or water surface","surface1Value":0.0,"surface2Type":255,"surface2TypeName":"Missing","surface2Value":0.0,"gridDefinitionTemplate":0,"gridDefinitionTemplateName":"Latitude_Longitude","numberPoints":615,"shape":6,"shapeName":"Earth spherical with radius of 6,371,229.0 m","gridUnits":"degrees","resolution":48,"winds":"true","scanMode":64,"nx":41,"ny":15,"basicAngle":0,"lo1":47.0,"la1":41.0,"lo2":87.0,"la2":55.0,"dx":1.0,"dy":1.0}, "data":
[rows 0 to 14 of 15, columns 0 to 40 of 41]
288.09103,283.19104,285.69104,297.89105,297.89105,296.59103,295.59103,298.99103,296.69104,296.69104,295.59103,296.29105,295.49103,294.79105,294.19104,292.19104,292.99103,293.69104,292.39105,292.99103,294.99103,290.89105,290.29105,288.69104,290.79105,292.09103,289.29105,277.69104,277.39105,278.59103,279.39105,281.69104,291.19104,296.69104,296.39105,296.89105,296.89105,296.89105,296.79105,297.89105,298.29105
270.69104,284.99103,297.19104,297.39105,297.49103,295.89105,293.39105,293.59103,293.59103,294.69104,295.99103,293.39105,292.29105,290.89105,290.09103,289.89105,290.29105,290.99103,289.19104,288.79105,290.39105,290.09103,288.79105,284.09103,277.19104,276.89105,284.29105,278.39105,276.69104,274.49103,281.89105,272.89105,282.99103,258.09103,279.59103,294.19104,293.29105,295.99103,298.49103,291.39105,284.19104
285.19104,296.99103,297.99103,297.49103,295.19104,289.59103,289.89105,291.59103,291.69104,293.09103,293.29105,292.79105,292.09103,292.19104,292.09103,289.59103,287.49103,286.69104,286.99103,287.99103,292.59103,288.59103,288.29105,284.29105,287.29105,286.29105,288.09103,287.49103,285.49103,278.29105,274.89105,276.19104,280.29105,281.99103,283.89105,283.39105,278.49103,280.39105,283.39105,278.89105,278.69104
290.39105,296.59103,297.29105,296.29105,293.09103,289.99103,291.09103,291.29105,292.79105,293.89105,294.49103,293.29105,293.69104,292.89105,289.79105,290.19104,288.69104,287.29105,287.89105,286.39105,286.39105,283.69104,289.69104,289.39105,290.09103,290.99103,291.09103,288.39105,288.49103,289.49103,290.49103,287.79105,293.29105,294.59103,287.79105,286.99103,278.09103,277.29105,281.89105,289.49103,293.29105
291.99103,294.79105,295.69104,294.49103,292.49103,291.19104,292.79105,293.39105,292.49103,292.49103,291.59103,290.59103,292.89105,291.59103,289.79105,289.19104,289.39105,288.49103,285.09103,288.89105,288.99103,288.79105,287.89105,287.79105,288.09103,288.29105,287.69104,290.39105,289.49103,290.49103,292.69104,288.09103,278.19104,274.19104,283.59103,291.99103,293.09103,293.79105,293.59103,294.59103,295.59103
290.99103,287.39105,293.79105,293.39105,293.49103,293.19104,291.89105,293.39105,291.29105,291.19104,291.49103,290.49103,291.99103,292.99103,290.59103,287.19104,289.49103,287.99103,288.39105,288.19104,286.99103,286.79105,286.59103,286.39105,285.99103,284.59103,286.99103,291.59103,290.19104,291.19104,291.09103,292.19104,288.49103,285.99103,285.39105,289.09103,280.79105,285.49103,290.19104,292.59103,291.69104
289.09103,289.29105,290.79105,293.49103,291.49103,290.59103,291.69104,291.69104,292.49103,293.69104,290.09103,289.99103,290.29105,288.29105,287.19104,288.19104,289.19104,290.09103,289.19104,288.49103,285.89105,288.99103,289.09103,289.29105,286.89105,285.89105,285.49103,286.89105,286.79105,286.99103,288.09103,288.69104,289.09103,289.49103,287.29105,286.09103,280.69104,278.49103,276.59103,276.99103,288.19104
291.79105,289.69104,291.99103,289.99103,292.29105,293.59103,293.59103,293.09103,292.39105,292.09103,289.09103,287.89105,286.09103,286.29105,288.59103,288.09103,287.79105,286.29105,287.49103,285.29105,284.79105,284.29105,283.49103,285.29105,284.79105,282.79105,283.49103,285.29105,285.29105,284.09103,283.99103,285.79105,286.29105,284.29105,284.59103,286.39105,288.69104,289.39105,286.29105,290.39105,282.69104
290.29105,285.09103,288.59103,286.89105,293.19104,291.49103,289.59103,291.49103,289.99103,287.99103,289.59103,285.49103,284.19104,286.89105,284.89105,285.99103,285.59103,284.69104,285.09103,284.39105,283.19104,283.29105,284.09103,284.19104,282.39105,282.59103,280.99103,280.99103,281.19104,280.69104,282.09103,284.19104,286.99103,287.19104,287.69104,284.19104,281.89105,284.99103,274.19104,272.89105,270.99103
286.39105,289.09103,289.59103,285.89105,286.69104,289.69104,287.99103,290.29105,290.79105,288.79105,284.09103,283.39105,285.09103,283.89105,283.79105,284.29105,284.29105,283.99103,285.49103,285.59103,283.19104,283.89105,282.29105,281.79105,282.99103,283.09103,282.69104,282.19104,281.69104,282.09103,282.49103,284.89105,286.29105,287.89105,286.29105,282.99103,284.89105,277.59103,280.59103,277.09103,273.79105
286.59103,282.79105,284.69104,285.09103,288.99103,288.79105,289.39105,289.69104,287.89105,283.69104,283.79105,284.09103,284.09103,281.89105,283.49103,283.69104,283.69104,284.49103,285.49103,284.49103,283.39105,282.89105,284.89105,284.19104,282.79105,282.99103,279.59103,283.09103,283.89105,284.99103,285.69104,286.39105,286.39105,286.19104,286.19104,285.79105,281.19104,277.19104,276.39105,280.79105,276.19104
286.49103,286.09103,285.79105,286.49103,283.09103,285.89105,287.39105,285.59103,281.59103,281.59103,282.89105,282.99103,284.29105,283.69104,283.89105,281.49103,283.09103,281.09103,282.49103,281.69104,283.49103,283.59103,283.69104,283.79105,283.09103,283.99103,283.79105,285.09103,285.49103,285.69104,285.29105,284.89105,284.89105,283.99103,284.49103,285.29105,285.09103,285.09103,283.49103,283.69104,282.59103
283.49103,284.19104,282.29105,281.79105,282.69104,283.89105,283.09103,281.49103,283.49103,282.59103,281.69104,281.19104,283.39105,283.39105,284.09103,281.39105,280.59103,280.09103,280.39105,279.79105,279.49103,278.59103,278.99103,279.29105,282.89105,281.49103,284.79105,283.99103,283.79105,281.59103,282.29105,283.69104,283.99103,283.99103,283.69104,282.99103,282.99103,282.99103,281.69104,282.99103,282.69104
281.09103,282.19104,285.79105,282.69104,280.79105,280.29105,279.99103,282.89105,283.69104,283.09103,279.39105,278.29105,278.29105,279.89105,280.99103,281.59103,281.59103,281.19104,281.69104,281.39105,281.19104,280.99103,281.19104,281.79105,283.39105,281.69104,283.89105,283.69104,284.09103,284.39105,284.59103,284.09103,283.49103,282.39105,281.59103,280.19104,282.09103,282.69104,280.19104,281.89105,280.59103
283.69104,284.99103,288.79105,283.89105,283.69104,282.99103,283.09103,283.09103,281.89105,281.79105,283.89105,278.49103,278.79105,279.29105,279.99103,281.29105,281.29105,281.29105,281.29105,281.39105,281.79105,281.59103,281.59103,281.49103,282.39105,281.99103,283.99103,285.49103,285.59103,285.29105,284.99103,284.59103,282.39105,281.69104,282.99103,282.59103,282.29105,281.19104,277.99103,283.29105,283.19104
