wind_kz.json
{"header": {"discipline":0,"disciplineName":"Meteorological products","gribEdition":2,"gribLength":948,"center":7,"centerName":"US National Weather Service - NCEP(WMC)","subcenter":0,"refTime":"2023-08-27T06:00:00.000Z","significanceOfRT":1,"significanceOfRTName":"Start of forecast","productStatus":0,"productStatusName":"Operational products","productType":1,"productTypeName":"Forecast products","productDefinitionTemplate":0,"productDefinitionTemplateName":"Analysis/forecast at horizontal level/layer at a point in time","parameterCategory":0,"parameterCategoryName":"UnknownDiscipline_0_Category_0","parameterNumber":0,"parameterNumberName":"UnknownParameter_D0_C0_0","parameterUnit":"Unknown","genProcessType":2,"genProcessTypeName":"Forecast","forecastTime":120,"surface1Type":1,"surface1TypeName":"Ground or water surface","surface1Value":0.0,"surface2Type":255,"surface2TypeName":"Missing","surface2Value":0.0,"gridDefinitionTemplate":0,"gridDefinitionTemplateName":"Latitude_Longitude","numberPoints":615,"shape":6,"shapeName":"Earth spherical with radius of 6,371,229.0 m","gridUnits":"degrees","resolution":48,"winds":"true","scanMode":64,"nx":41,"ny":15,"basicAngle":0,"lo1":47.0,"la1":41.0,"lo2":87.0,"la2":55.0,"dx":1.0,"dy":1.0}, "data":
[rows 0 to 14 of 15, columns 0 to 40 of 41]
308.30493,296.40494,300.80493,299.00494,298.90494,297.70493,312.00494,317.70493,312.70493,312.60492,313.40494,314.20493,314.10492,314.20493,314.60492,319.00494,318.10492,315.40494,318.00494,314.90494,316.30493,312.00494,310.10492,311.00494,311.80493,311.80493,309.30493,302.40494,303.40494,297.90494,288.20493,285.20493,306.50494,321.70493,328.70493,329.80493,329.80493,326.50494,326.20493,328.00494,326.50494
291.70493,300.00494,298.80493,299.10492,298.80493,297.30493,314.90494,313.60492,312.60492,313.20493,314.60492,313.20493,313.20493,312.20493,313.70493,313.60492,315.70493,319.10492,316.80493,316.90494,317.50494,313.00494,308.50494,300.90494,294.10492,294.70493,306.40494,303.20493,303.70493,294.70493,302.10492,282.60492,295.70493,273.20493,294.40494,314.50494,315.10492,319.00494,325.00494,315.30493,284.80493
303.50494,298.10492,299.00494,299.00494,297.30493,309.40494,309.40494,310.10492,311.10492,309.90494,309.90494,310.90494,311.00494,311.30493,311.40494,313.50494,313.00494,314.70493,315.90494,315.60492,315.80493,311.10492,310.40494,301.20493,310.50494,308.60492,309.60492,308.10492,306.30493,298.70493,295.70493,296.10492,302.00494,294.80493,294.70493,298.60492,297.80493,301.20493,305.60492,299.90494,299.10492
306.80493,298.20493,298.60492,298.10492,299.20493,308.10492,307.80493,309.50494,310.50494,309.80493,309.00494,307.90494,294.90494,294.30493,308.90494,313.00494,310.00494,312.50494,312.30493,315.20493,310.90494,307.20493,310.20493,310.00494,310.00494,309.90494,311.90494,312.40494,315.80493,313.40494,311.70493,310.70493,300.50494,309.10492,310.80493,304.60492,299.70493,299.10492,304.00494,313.40494,319.50494
308.40494,297.60492,298.10492,297.80493,303.70493,308.20493,308.20493,310.00494,308.50494,307.40494,308.60492,306.90494,294.70493,293.40494,291.20493,307.50494,308.70493,306.90494,307.70493,306.80493,308.30493,309.20493,310.30493,309.50494,311.70493,313.70493,311.80493,310.10492,314.80493,316.90494,314.70493,309.20493,294.70493,290.60492,300.50494,311.90494,308.30493,322.00494,325.30493,320.00494,320.10492
310.30493,312.00494,296.20493,296.20493,297.10492,296.60492,310.40494,307.90494,307.10492,305.80493,303.30493,303.10492,295.30493,294.10492,298.70493,302.50494,304.20493,298.90494,304.50494,307.20493,307.10492,305.70493,306.20493,307.70493,307.70493,309.10492,311.20493,292.90494,309.20493,311.70493,311.30493,314.10492,313.20493,305.00494,305.80493,303.20493,303.00494,311.60492,324.30493,324.50494,322.00494
309.30493,310.30493,308.90494,308.60492,304.00494,307.20493,308.90494,307.00494,304.20493,302.50494,302.70493,299.90494,299.90494,299.90494,302.20493,302.10492,303.00494,304.50494,305.40494,299.80493,302.80493,304.50494,304.80493,300.30493,301.70493,302.80493,304.30493,307.40494,309.50494,311.40494,311.70493,303.60492,317.00494,312.20493,309.40494,309.20493,303.80493,303.20493,305.80493,303.10492,315.20493
308.20493,308.80493,306.70493,306.40494,306.30493,305.80493,306.00494,303.90494,302.00494,301.50494,300.30493,298.60492,300.10492,298.70493,299.20493,295.90494,302.00494,300.40494,300.30493,298.50494,291.20493,301.10492,300.00494,299.40494,296.90494,297.20493,299.70493,301.20493,301.30493,305.80493,305.30493,307.70493,298.70493,304.80493,306.20493,310.80493,313.40494,289.80493,314.30493,314.90494,314.10492
305.80493,305.10492,305.00494,306.20493,303.70493,304.70493,304.30493,302.40494,301.10492,300.30493,299.50494,299.10492,298.40494,299.30493,298.50494,295.30493,297.90494,291.80493,297.10492,296.50494,289.60492,287.00494,287.20493,289.80493,292.70493,297.70493,291.40494,295.60492,290.50494,295.00494,300.00494,301.70493,304.50494,299.50494,296.00494,303.40494,309.70493,305.70493,300.10492,300.50494,300.20493
305.50494,303.10492,304.20493,303.10492,303.00494,303.70493,302.60492,300.20493,299.10492,297.90494,296.80493,291.80493,296.00494,290.20493,292.50494,295.20493,295.40494,296.80493,296.90494,289.90494,284.60492,287.30493,294.60492,291.40494,287.20493,289.30493,292.70493,292.70493,290.90494,294.80493,300.20493,304.00494,305.30493,305.90494,302.90494,301.10492,293.50494,294.90494,295.60492,298.70493,297.50494
304.00494,301.80493,301.40494,299.20493,299.40494,299.70493,299.30493,298.80493,297.10492,296.40494,294.30493,290.30493,292.50494,290.60492,293.30493,288.70493,291.80493,290.10492,288.10492,287.30493,287.30493,288.70493,292.60492,290.10492,284.60492,285.50494,288.20493,295.70493,299.80493,301.90494,303.90494,304.30493,303.00494,301.20493,302.80493,300.50494,292.70493,293.30493,295.40494,292.50494,294.90494
299.40494,299.30493,299.30493,297.90494,297.60492,296.90494,295.50494,294.50494,290.30493,290.40494,289.60492,287.70493,285.20493,284.60492,283.70493,284.10492,284.20493,284.30493,284.70493,284.80493,287.40494,288.30493,287.90494,289.70493,283.70493,284.40494,287.90494,293.70493,299.60492,300.40494,301.50494,302.30493,299.90494,299.80493,297.20493,300.40494,301.00494,302.40494,299.10492,299.50494,300.30493
294.60492,296.90494,298.10492,297.50494,295.20493,293.80493,294.90494,295.40494,289.70493,289.50494,283.40494,282.90494,284.90494,283.30493,283.80493,284.20493,284.30493,284.40494,284.20493,290.00494,291.60492,283.10492,289.30493,285.80493,283.40494,284.60492,287.20493,292.00494,295.80493,298.20493,299.00494,300.00494,300.10492,300.50494,300.10492,297.80493,298.70493,298.10492,300.40494,299.50494,298.70493
296.90494,296.90494,293.70493,295.40494,294.40494,293.90494,293.70493,292.00494,289.50494,289.90494,284.20493,280.30493,283.90494,283.10492,283.80493,284.30493,285.00494,286.90494,288.00494,288.60492,294.00494,290.40494,289.70493,288.60492,289.60492,294.80493,288.10492,293.10492,293.30493,291.90494,296.30493,297.90494,297.60492,297.40494,297.20493,297.30493,297.10492,297.60492,299.40494,296.50494,300.10492
294.20493,297.80493,290.50494,295.60492,293.10492,291.60492,292.50494,292.60492,293.00494,293.00494,290.50494,283.10492,281.40494,282.80493,283.30493,284.10492,285.00494,290.90494,289.40494,292.90494,292.60492,286.90494,290.00494,290.40494,289.80493,284.30493,287.20493,293.60492,289.40494,294.50494,292.30493,292.40494,297.70493,297.00494,297.40494,297.20493,297.80493,298.70493,298.80493,297.90494,297.80493
