wind_kz.json
{"header": {"discipline":0,"disciplineName":"Meteorological products","gribEdition":2,"gribLength":1025,"center":7,"centerName":"US National Weather Service - NCEP(WMC)","subcenter":0,"refTime":"2023-09-24T18:00:00.000Z","significanceOfRT":1,"significanceOfRTName":"Start of forecast","productStatus":0,"productStatusName":"Operational products","productType":1,"productTypeName":"Forecast products","productDefinitionTemplate":0,"productDefinitionTemplateName":"Analysis/forecast at horizontal level/layer at a point in time","parameterCategory":2,"parameterCategoryName":"UnknownDiscipline_0_Category_2","parameterNumber":2,"parameterNumberName":"UnknownParameter_D0_C2_2","parameterUnit":"Unknown","genProcessType":2,"genProcessTypeName":"Forecast","forecastTime":180,"surface1Type":103,"surface1TypeName":"Specified height level above ground","surface1Value":10.0,"surface2Type":255,"surface2TypeName":"Missing","surface2Value":0.0,"gridDefinitionTemplate":0,"gridDefinitionTemplateName":"Latitude_Longitude","numberPoints":615,"shape":6,"shapeName":"Earth spherical with radius of 6,371,229.0 m","gridUnits":"degrees","resolution":48,"winds":"true","scanMode":64,"nx":41,"ny":15,"basicAngle":0,"lo1":47.0,"la1":41.0,"lo2":87.0,"la2":55.0,"dx":1.0,"dy":1.0}, "data":
[rows 0 to 14 of 15, columns 0 to 40 of 41]
0.32185304,0.921853,-0.54814696,2.561853,-0.778147,-4.558147,-5.948147,-6.888147,-7.948147,-4.248147,-4.748147,-4.768147,-3.808147,-3.098147,-1.918147,-2.708147,-3.588147,-5.908147,-6.0281467,-5.748147,-3.718147,-1.3481469,0.30185303,0.88185304,-1.228147,-0.27814698,1.961853,-0.35814697,-0.018146973,2.6018531,-0.87814695,0.83185303,-0.38814697,-3.588147,-6.828147,-8.788147,-4.168147,-3.1481469,-3.668147,-3.608147,-3.288147
0.82185304,-1.188147,2.911853,-2.548147,-5.288147,-5.088147,-4.838147,-6.458147,-6.148147,-5.518147,-4.768147,-4.608147,-3.238147,-2.268147,-3.788147,-4.068147,-4.538147,-4.618147,-3.578147,-2.938147,-1.728147,-0.22814697,2.6018531,2.441853,-0.08814697,-0.37814698,0.671853,-0.81814694,2.631853,0.991853,0.88185304,1.311853,0.23185302,1.021853,1.2918531,-0.18814698,-1.688147,-2.498147,-0.838147,-0.528147,-0.48814696
-1.128147,1.1618531,-1.8381469,-4.838147,-5.728147,-6.018147,-5.968147,-4.858147,-5.978147,-4.978147,-4.718147,-4.298147,-4.008147,-4.078147,-3.6381469,-3.538147,-4.0281467,-2.3881469,-1.818147,-3.8981469,-4.168147,-3.268147,-1.028147,-3.508147,-1.368147,-4.288147,-3.808147,-3.088147,1.6718531,-0.08814697,0.031853028,1.451853,-1.898147,-0.81814694,-0.34814698,1.311853,-0.66814697,1.191853,0.14185303,4.351853,2.831853
0.771853,-1.648147,-3.168147,-5.828147,-5.118147,-5.018147,-3.248147,-4.238147,-4.058147,-4.078147,-3.818147,-4.238147,-3.678147,-3.568147,-3.618147,-3.838147,-3.808147,-2.748147,-0.93814695,-0.028146973,-2.878147,-5.348147,-3.628147,-4.848147,-5.0281467,-5.708147,-5.888147,-8.068147,-7.598147,-5.168147,-3.988147,-6.098147,-5.868147,-3.988147,-3.118147,-0.91814697,-0.028146973,1.231853,-2.4081469,-2.208147,-1.8481469
-3.998147,-4.318147,-5.018147,-4.548147,-3.688147,-3.328147,-3.068147,-2.6481469,-3.038147,-2.808147,-2.788147,-4.068147,-3.998147,-3.948147,-2.998147,-3.458147,-4.118147,-4.598147,-5.638147,-6.438147,-6.088147,-5.818147,-6.708147,-6.688147,-7.938147,-8.5181465,-9.358147,-6.118147,-5.628147,-5.338147,-4.128147,-1.508147,2.291853,1.501853,-2.838147,-1.108147,-2.258147,-2.9081469,-0.74814695,1.381853,0.87185305
-3.538147,-3.018147,-2.998147,-3.428147,-3.808147,-3.688147,-3.178147,-2.958147,-1.9481469,-2.368147,-2.028147,-2.368147,-2.308147,-3.118147,-2.478147,-2.958147,-3.188147,-3.348147,-4.228147,-3.678147,-4.238147,-3.338147,-3.698147,-5.098147,-6.168147,-7.0281467,-6.518147,-4.228147,-6.058147,-6.478147,-6.438147,-5.728147,-5.828147,-5.708147,-4.208147,0.37185302,-0.588147,-0.978147,-2.958147,-4.448147,-4.5281467
-3.248147,-3.328147,-3.058147,-3.218147,-2.688147,-2.438147,-1.738147,-0.898147,-0.758147,-1.188147,-0.73814696,0.13185303,0.32185304,-0.33814698,-0.718147,-0.81814694,-1.648147,-2.748147,-3.1481469,-4.0281467,-3.188147,-3.568147,-2.9081469,-1.378147,-2.298147,-3.208147,-3.1581469,-2.8981469,-2.478147,-2.028147,-2.478147,-2.778147,-3.548147,-3.558147,-3.598147,-1.888147,-0.67814696,-2.488147,1.191853,-0.31814697,-0.73814696
-2.6481469,-2.1581469,-1.8381469,0.70185304,0.991853,1.6718531,1.461853,1.0518531,1.641853,1.6518531,1.141853,1.961853,2.291853,2.531853,2.001853,2.491853,1.621853,1.2818531,0.95185304,0.14185303,-0.758147,-1.178147,-2.008147,-1.4681469,0.111853026,1.221853,1.711853,1.1518531,2.581853,2.641853,2.691853,2.061853,2.151853,2.051853,1.441853,-1.7081469,-1.678147,-1.9481469,0.18185303,1.091853,1.361853
-3.798147,-3.458147,-2.938147,-1.7181469,-0.24814697,0.44185302,1.331853,3.201853,3.831853,4.571853,4.021853,3.701853,5.671853,4.451853,4.521853,3.761853,4.211853,4.251853,4.111853,3.991853,4.111853,3.281853,2.8418531,2.711853,2.8418531,2.431853,3.021853,3.6118531,4.101853,3.831853,3.8518531,3.871853,4.701853,2.921853,2.3618531,-0.85814697,-0.68814695,1.881853,-0.30814698,0.351853,0.15185302
-2.008147,-2.208147,-2.1381469,-1.7081469,-1.178147,0.31185302,1.711853,3.211853,3.811853,4.321853,5.331853,6.131853,6.861853,7.491853,6.131853,6.181853,5.631853,5.7218533,5.811853,5.861853,6.371853,6.481853,6.021853,5.021853,5.571853,5.601853,5.601853,6.331853,6.491853,6.901853,6.611853,6.211853,5.291853,4.881853,2.961853,-0.41814697,-2.118147,-1.118147,2.201853,0.971853,0.18185303
-0.648147,-0.528147,-0.26814696,-0.19814697,0.30185303,0.82185304,0.841853,2.031853,3.911853,5.311853,6.191853,6.411853,6.101853,6.901853,7.211853,7.161853,7.281853,6.961853,6.2218533,7.171853,7.191853,7.561853,7.171853,6.401853,6.061853,6.541853,7.071853,7.301853,8.021853,7.9718533,7.751853,7.491853,5.711853,4.411853,3.271853,-0.07814697,-1.898147,1.0518531,1.061853,-0.40814698,0.93185306
2.121853,2.431853,1.9018531,1.971853,2.291853,3.0918531,2.3518531,2.691853,3.271853,3.401853,3.751853,5.441853,6.621853,7.161853,7.201853,7.081853,7.261853,6.961853,6.761853,6.711853,6.881853,7.271853,6.791853,6.431853,5.621853,7.131853,7.711853,8.511853,8.241853,7.551853,7.281853,7.071853,5.241853,5.091853,4.191853,4.831853,5.091853,3.421853,0.28185302,0.36185303,0.41185302
3.011853,4.151853,3.491853,3.441853,3.431853,2.8618531,3.821853,4.7218533,5.511853,4.291853,3.961853,5.391853,5.421853,6.021853,7.181853,7.661853,7.431853,7.341853,6.491853,7.011853,5.921853,5.821853,6.601853,6.341853,6.981853,7.501853,7.821853,7.901853,7.381853,7.431853,6.731853,6.631853,6.111853,5.521853,5.851853,5.9718533,5.421853,3.8618531,5.291853,2.321853,-0.54814696
4.541853,4.251853,4.081853,4.921853,4.811853,4.891853,5.121853,5.9718533,5.671853,5.441853,4.321853,5.411853,6.811853,6.461853,5.781853,6.701853,6.531853,4.521853,6.771853,6.881853,6.551853,6.701853,7.211853,7.321853,7.411853,7.101853,6.7218533,6.581853,6.051853,6.501853,6.571853,6.061853,5.631853,5.231853,4.961853,4.961853,4.351853,4.831853,5.531853,3.521853,4.401853
3.231853,4.761853,6.4718533,5.781853,6.151853,6.261853,6.331853,6.911853,6.121853,6.021853,4.101853,5.911853,5.631853,5.321853,7.141853,7.181853,7.461853,5.791853,3.311853,5.291853,4.331853,4.701853,5.611853,5.861853,5.861853,6.171853,6.761853,6.331853,6.261853,6.241853,6.371853,6.691853,6.101853,5.841853,5.581853,5.161853,4.591853,5.091853,4.701853,4.411853,1.501853
