wind_kz.json
{"header": {"discipline":0,"disciplineName":"Meteorological products","gribEdition":2,"gribLength":1102,"center":7,"centerName":"US National Weather Service - NCEP(WMC)","subcenter":0,"refTime":"2023-09-25T06:00:00.000Z","significanceOfRT":1,"significanceOfRTName":"Start of forecast","productStatus":0,"productStatusName":"Operational products","productType":1,"productTypeName":"Forecast products","productDefinitionTemplate":0,"productDefinitionTemplateName":"Analysis/forecast at horizontal level/layer at a point in time","parameterCategory":2,"parameterCategoryName":"UnknownDiscipline_0_Category_2","parameterNumber":2,"parameterNumberName":"UnknownParameter_D0_C2_2","parameterUnit":"Unknown","genProcessType":2,"genProcessTypeName":"Forecast","forecastTime":240,"surface1Type":103,"surface1TypeName":"Specified height level above ground","surface1Value":10.0,"surface2Type":255,"surface2TypeName":"Missing","surface2Value":0.0,"gridDefinitionTemplate":0,"gridDefinitionTemplateName":"Latitude_Longitude","numberPoints":615,"shape":6,"shapeName":"Earth spherical with radius of 6,371,229.0 m","gridUnits":"degrees","resolution":48,"winds":"true","scanMode":64,"nx":41,"ny":15,"basicAngle":0,"lo1":47.0,"la1":41.0,"lo2":87.0,"la2":55.0,"dx":1.0,"dy":1.0}, "data":
[rows 0 to 14 of 15, columns 0 to 40 of 41]
0.92143553,1.5514356,-0.96856445,-1.8185644,-3.3285644,-3.8285644,-1.9485644,-1.1185645,-0.9285644,-0.41856444,0.72143555,3.0414355,4.4514356,5.5014358,5.6514354,5.5714355,5.3014355,5.6214356,6.2214355,4.9014354,7.7614355,9.431436,3.4714355,4.9914355,3.5614355,1.4014355,2.3514357,2.5514355,-0.82856447,0.5014355,-0.53856444,0.78143555,-0.008564454,-2.7085645,-3.1085644,-1.2985644,-0.40856445,0.25143555,0.72143555,0.67143553,0.23143555
1.4714355,-2.4085646,-5.0985646,-6.0385647,-3.7685645,-3.1685646,-2.5085645,-2.2785645,-0.88856447,1.4414356,3.2014356,4.6014357,5.3214355,4.9014354,5.3714356,4.9914355,5.981436,7.7614355,6.7714357,6.1214356,6.0714355,5.7414355,4.1414356,-2.4685645,0.80143553,0.041435547,1.9014355,0.53143555,2.6614356,1.1914356,0.77143556,0.6314356,-1.1485645,0.38143554,0.28143555,-0.058564454,0.79143554,-0.76856446,1.1714356,-0.26856446,0.47143555
-0.63856447,-4.2085643,-3.5385644,-3.6185644,-2.6385643,-0.94856447,-0.9285644,-0.16856445,1.9514356,3.5814354,4.5414357,5.8714356,6.5714355,5.6914353,4.8214355,4.7114353,5.3014355,6.8014355,8.281436,7.3114357,5.5114355,4.3414354,4.481436,5.3514357,1.5714356,0.86143553,-2.5185645,1.4514356,4.3614354,0.16143554,0.60143554,1.5514356,-0.8185645,-0.79856443,-0.95856446,1.1814356,0.43143556,0.021435548,0.11143555,0.72143555,0.061435547
-1.9885645,-2.7585645,-2.5285645,-1.4085644,0.24143554,1.4214356,2.0014355,3.2114356,3.4114356,4.5014358,4.0514355,4.6914353,7.1314354,7.1314354,6.6314354,5.7714357,5.9014354,6.8714356,7.6314354,7.2914357,6.4714355,7.4614353,4.2914357,7.1914353,7.9314356,3.4314356,6.8114357,5.0714355,1.6314355,3.8514357,0.80143553,-2.7385645,-5.018564,-2.2085645,-2.3385644,-0.44856444,0.71143556,0.76143557,-1.2285645,-1.3185644,-2.4785645
-0.60856444,-2.4885645,-1.1385645,0.8814356,2.2614355,2.5114355,2.3414354,2.7514355,2.8614357,3.7314355,5.1814356,5.1114354,4.5414357,3.9814355,4.9114356,6.5914354,7.6614356,7.6214356,6.0714355,7.4614353,7.2214355,8.5114355,8.211435,4.7714357,5.2214355,1.4114356,7.6914353,11.901436,10.841435,6.5314355,4.6814356,3.3014355,1.6714356,0.25143555,-1.0985645,-0.79856443,-1.1585644,-2.7585645,-2.0585644,-1.7585645,-0.63856447
0.58143556,-0.18856445,0.72143555,1.0714356,0.5614355,-0.88856447,1.3014356,1.6714356,2.3214355,3.2214355,3.9114356,4.8514357,5.5414357,6.5914354,6.9014354,6.5014358,7.1614356,8.631435,9.151436,9.591435,7.0414357,7.8714356,5.3614354,1.7014356,5.3814354,4.0014358,5.5514355,1.8314356,6.5014358,6.6914353,9.391436,8.421435,7.5614357,1.5614356,2.1014357,0.041435547,0.6314356,-1.7385645,-0.9385645,0.48143554,0.10143555
-0.25856444,-0.5085645,0.041435547,0.54143554,0.53143555,2.1614356,2.4614356,3.6814356,4.0514355,5.0214357,5.8914356,5.4214354,5.2414355,5.7414355,6.3314357,7.0414357,7.3614354,8.391436,9.161435,8.291435,9.301435,8.071436,6.9514356,4.0614357,4.7114353,4.3414354,5.1114354,6.1614356,6.2814355,5.8314357,7.6914353,8.641436,6.1214356,-3.9085646,-4.2885647,-0.66856444,-0.06856445,1.0314355,3.4314356,1.8014356,-0.47856444
-0.26856446,0.19143555,0.40143555,0.14143555,1.0114355,2.5014355,3.5614355,3.1514356,3.7714355,4.2714357,4.3614354,4.5714355,5.7714357,6.231436,6.7214355,7.3414354,7.6814356,7.8514357,6.6614356,6.3914356,8.931436,7.3114357,5.3414354,0.11143555,3.8214355,4.1914353,5.9614353,5.3714356,6.9214354,6.1014357,5.8514357,6.9614353,4.4914355,4.6414356,3.4314356,5.7014356,-3.0085645,-7.3185644,-9.078565,-9.368565,-3.4085646
-0.63856447,0.14143555,0.17143555,1.0414356,1.9714355,2.0814354,2.6314356,4.3814354,4.3114357,4.6314354,5.2614355,5.3514357,6.5114355,5.8114357,5.8614354,5.3514357,5.231436,5.5514355,4.7514358,5.8014355,5.4914355,3.4014356,3.3714356,-0.54856443,6.2514358,4.0314355,6.3914356,6.3614354,7.1814356,6.7914357,7.4514356,7.2814355,6.5514355,4.0914354,3.5114355,-4.2085643,-2.7585645,0.5714356,-1.5285645,-0.33856446,-0.7485645
-4.3985643,1.1414355,1.6414355,1.7714355,2.4514356,2.6214356,2.6514356,3.4814355,3.6914356,4.0014358,4.7114353,6.0014358,5.4214354,5.3014355,4.2514358,2.5614355,2.2814355,2.4014356,5.2914357,6.2814355,6.2914357,6.1414356,4.4914355,3.4914355,4.5714355,5.3214355,5.9714355,6.9914355,7.3814354,6.9314356,7.4014354,5.5814357,4.6714354,4.3414354,3.8814356,2.8714356,-3.3885643,-1.8185644,0.80143553,-0.69856447,-1.2085644
-0.32856447,3.6714356,1.6514355,1.1614356,1.3314356,2.2214355,2.3014355,2.9714355,3.7114356,4.1414356,4.4114356,5.6814356,4.8214355,4.2914357,3.1814356,0.86143553,2.4514356,2.7714355,4.0114355,6.6714354,7.6714354,6.1914353,6.7914357,6.8014355,6.3514357,6.2814355,6.8414354,5.3614354,3.2914355,2.4014356,5.8814354,1.1914356,0.121435545,0.5014355,1.1314355,0.21143554,0.19143555,0.23143555,1.0214355,-0.5585644,0.85143554
0.86143553,2.1514356,0.49143556,1.2614355,2.0414355,2.1214356,2.7714355,3.0814354,3.6814356,3.2814355,3.9314356,4.4414353,3.7014356,3.0014355,1.9514356,1.8914355,3.5514355,4.0414357,5.3314357,6.6914353,7.9314356,6.5214357,6.5714355,4.5214357,4.0314355,3.7414355,4.7814355,4.7514358,0.95143557,-1.0385644,2.3314354,1.0514356,0.6914356,0.64143556,1.1914356,2.8614357,4.3814354,3.2314355,1.1814356,1.5214355,-0.77856445
0.7414355,0.47143555,0.71143556,1.6414355,1.5814356,1.9114356,2.8114355,3.3014355,4.0914354,2.2014356,2.1614356,3.9014356,3.9714355,3.0514355,1.7414355,2.0814354,2.8714356,3.0714355,6.0614357,7.6514354,5.1814356,3.9514356,3.5714355,1.2214355,3.1514356,4.6114354,0.10143555,-1.6685644,0.41143554,1.4214356,1.8114356,-0.98856443,-0.07856445,-0.008564454,0.43143556,1.7714355,2.7414355,2.2314355,1.8014356,0.19143555,-0.21856445
-0.73856443,0.15143555,-0.5685645,1.5714356,1.5414356,1.8014356,2.0014355,1.8114356,0.9414356,1.2914356,2.7414355,4.4114356,3.7514355,1.3714355,-0.06856445,2.0014355,2.4314356,1.2814355,4.3814354,3.5714355,-3.7885644,-2.5285645,-1.4585644,1.2214355,0.31143555,-0.058564454,1.9814355,-1.1885644,1.1414355,0.58143556,1.8014356,0.8714355,0.92143553,0.35143554,0.54143554,1.2814355,1.3814355,1.4914355,0.121435545,0.65143555,-0.35856447
-0.63856447,-0.34856445,0.36143553,1.0114355,1.0214355,1.6214355,1.6914356,-0.41856444,-0.52856445,0.18143554,0.47143555,0.36143553,2.2014356,2.4514356,1.2014356,1.7714355,1.8414356,1.5014355,2.4414356,1.5914356,-1.3885645,-3.1785645,-2.9785645,-2.5985644,-1.9585644,1.4114356,-0.09856445,0.35143554,1.1414355,1.9814355,2.0514355,1.2314355,1.2414355,2.0014355,1.7914356,1.2114356,0.8714355,1.6914356,2.2614355,1.1514355,0.24143554
