wind_kz.json
{"header": {"discipline":0,"disciplineName":"Meteorological products","gribEdition":2,"gribLength":871,"center":7,"centerName":"US National Weather Service - NCEP(WMC)","subcenter":0,"refTime":"2023-10-03T18:00:00.000Z","significanceOfRT":1,"significanceOfRTName":"Start of forecast","productStatus":0,"productStatusName":"Operational products","productType":1,"productTypeName":"Forecast products","productDefinitionTemplate":0,"productDefinitionTemplateName":"Analysis/forecast at horizontal level/layer at a point in time","parameterCategory":0,"parameterCategoryName":"UnknownDiscipline_0_Category_0","parameterNumber":0,"parameterNumberName":"UnknownParameter_D0_C0_0","parameterUnit":"Unknown","genProcessType":2,"genProcessTypeName":"Forecast","forecastTime":180,"surface1Type":1,"surface1TypeName":"Ground or water surface","surface1Value":0.0,"surface2Type":255,"surface2TypeName":"Missing","surface2Value":0.0,"gridDefinitionTemplate":0,"gridDefinitionTemplateName":"Latitude_Longitude","numberPoints":615,"shape":6,"shapeName":"Earth spherical with radius of 6,371,229.0 m","gridUnits":"degrees","resolution":48,"winds":"true","scanMode":64,"nx":41,"ny":15,"basicAngle":0,"lo1":47.0,"la1":41.0,"lo2":87.0,"la2":55.0,"dx":1.0,"dy":1.0}, "data":
[rows 0 to 14 of 15, columns 0 to 40 of 41]
284.79254,278.19254,280.49252,292.69254,292.69254,291.19254,291.29254,293.39252,291.29254,290.09253,296.59253,298.79254,298.99252,300.19254,299.99252,303.59253,304.69254,307.29254,312.49252,311.69254,316.59253,314.59253,314.89252,310.59253,309.89252,313.99252,307.59253,296.19254,293.89252,291.59253,287.89252,279.39252,299.39252,306.99252,309.19254,308.19254,310.79254,307.39252,305.59253,306.29254,311.29254
271.09253,280.49252,292.69254,292.59253,292.69254,290.89252,290.49252,285.49252,285.29254,285.39252,286.69254,289.79254,289.29254,296.59253,300.19254,301.09253,303.99252,308.49252,308.89252,312.19254,313.29254,310.79254,309.49252,300.79254,288.09253,291.59253,301.29254,295.09253,297.09253,289.19254,294.59253,282.89252,291.99252,266.49252,286.19254,300.69254,304.09253,304.89252,302.89252,295.99252,284.49252
289.69254,292.39252,292.39252,291.89252,290.19254,293.29254,291.09253,288.39252,287.99252,284.79254,284.89252,285.79254,288.69254,291.39252,295.49252,298.89252,299.09253,302.99252,304.69254,308.89252,312.19254,311.49252,310.59253,304.29254,309.19254,308.39252,310.09253,308.59253,311.39252,299.49252,288.09253,292.29254,298.39252,297.49252,298.69254,295.99252,292.09253,287.29254,292.29254,288.49252,283.19254
292.69254,290.99252,291.89252,291.19254,291.19254,293.69254,292.29254,292.99252,292.09253,293.19254,288.69254,284.99252,289.39252,288.79254,291.09253,296.89252,296.09253,294.19254,299.89252,304.09253,305.59253,298.69254,302.59253,306.69254,308.19254,307.59253,309.39252,308.69254,307.49252,309.79254,303.39252,303.59253,305.49252,308.19254,307.89252,303.09253,287.99252,274.09253,291.39252,300.29254,304.29254
292.49252,290.49252,290.79254,290.29254,292.39252,294.19254,293.09253,294.79254,292.19254,290.59253,291.89252,291.29254,288.19254,286.99252,285.69254,291.09253,289.69254,295.09253,296.99252,297.29254,299.29254,305.89252,299.09253,304.09253,304.79254,306.59253,305.19254,303.59253,310.99252,310.69254,306.39252,307.69254,295.49252,286.09253,296.59253,304.69254,300.39252,309.29254,308.09253,306.99252,303.39252
290.19254,291.39252,288.69254,289.19254,289.49252,288.99252,294.89252,292.89252,292.79254,292.59253,290.39252,290.19254,287.79254,287.79254,287.49252,285.59253,290.49252,291.69254,292.59253,296.09253,301.09253,300.29254,302.39252,302.99252,304.99252,303.89252,306.99252,287.19254,305.99252,305.79254,304.69254,303.29254,306.49252,308.19254,305.99252,299.49252,300.09253,296.29254,308.39252,306.99252,303.59253
289.29254,289.69254,289.59253,290.49252,290.69254,292.49252,291.59253,290.19254,291.19254,290.69254,292.19254,288.79254,288.39252,287.39252,286.49252,286.59253,287.59253,290.69254,293.49252,294.89252,299.69254,302.29254,298.59253,297.79254,298.89252,299.39252,301.19254,303.49252,304.49252,306.29254,305.69254,302.89252,302.49252,300.99252,301.69254,300.69254,297.59253,296.69254,293.59253,290.49252,299.39252
288.09253,288.79254,288.99252,288.79254,288.69254,289.59253,290.79254,289.59253,288.99252,287.99252,288.09253,288.59253,287.89252,287.39252,286.79254,287.79254,288.09253,289.19254,291.29254,291.49252,293.79254,295.99252,298.59253,299.39252,298.89252,296.69254,296.09253,298.19254,297.39252,300.09253,299.79254,298.19254,297.39252,297.69254,301.49252,301.39252,302.59253,284.99252,301.59253,300.79254,300.19254
285.99252,286.69254,286.99252,287.39252,286.29254,287.69254,287.79254,287.89252,287.19254,286.49252,284.89252,285.89252,287.29254,286.89252,286.49252,287.79254,286.89252,287.19254,287.79254,289.89252,289.79254,292.39252,293.39252,295.79254,296.59253,297.19254,296.29254,294.79254,294.29254,295.09253,294.39252,294.79254,296.49252,295.99252,297.39252,296.69254,298.09253,301.09253,290.29254,288.59253,290.29254
285.09253,284.29254,284.89252,284.49252,284.89252,285.49252,283.99252,284.29254,284.49252,284.49252,283.59253,282.09253,284.49252,285.89252,286.29254,285.99252,287.09253,287.89252,288.19254,288.69254,289.49252,289.99252,291.39252,294.99252,297.89252,297.89252,297.39252,296.59253,295.79254,295.69254,296.39252,296.39252,297.39252,295.59253,296.39252,297.79254,296.19254,293.99252,294.19254,293.69254,286.59253
283.19254,283.59253,282.89252,283.19254,283.29254,282.09253,282.59253,282.29254,282.09253,282.29254,281.49252,281.69254,283.09253,282.59253,283.99252,286.49252,285.49252,287.09253,287.39252,287.19254,287.79254,286.89252,288.19254,291.09253,294.59253,297.09253,295.59253,297.19254,297.29254,299.89252,299.39252,299.69254,297.49252,295.29254,295.19254,294.89252,292.29254,292.39252,291.39252,290.09253,290.49252
281.49252,282.09253,282.29254,282.19254,281.89252,280.89252,279.69254,279.39252,279.99252,279.99252,278.79254,278.99252,280.59253,279.99252,282.39252,284.29254,285.09253,285.59253,286.39252,286.69254,285.39252,284.89252,283.69254,288.69254,291.19254,293.49252,297.89252,299.29254,298.29254,299.99252,300.09253,299.49252,296.29254,295.39252,294.49252,294.99252,295.89252,298.69254,297.39252,296.19254,294.19254
277.69254,279.09253,280.29254,280.29254,280.29254,280.29254,280.49252,280.69254,280.69254,279.99252,277.09253,277.39252,279.89252,279.69254,281.59253,281.79254,283.49252,283.69254,284.89252,284.69254,285.19254,281.89252,280.49252,280.39252,286.29254,289.89252,293.69254,293.59253,297.69254,297.69254,298.89252,297.09253,297.39252,294.99252,295.89252,293.39252,292.89252,293.29254,294.49252,293.29254,292.29254
273.79254,275.79254,281.29254,278.69254,278.29254,278.49252,278.49252,277.79254,279.19254,279.49252,275.49252,272.49252,277.59253,279.29254,280.59253,281.39252,281.79254,282.29254,282.49252,283.49252,284.39252,284.59253,283.99252,280.89252,282.69254,284.79254,289.69254,291.09253,293.39252,296.49252,296.29254,295.49252,295.39252,293.69254,293.09253,293.59253,292.69254,291.39252,291.99252,291.59253,292.89252
276.09253,276.49252,283.89252,275.59253,274.99252,275.29254,276.19254,277.59253,278.59253,278.69254,277.09253,277.19254,275.49252,277.19254,279.29254,279.69254,279.79254,280.39252,281.29254,281.29254,282.69254,283.79254,284.69254,284.39252,283.59253,282.59253,283.19254,287.29254,289.59253,294.19254,294.59253,289.29254,293.79254,293.69254,293.99252,293.29254,293.39252,290.99252,293.69254,292.19254,290.59253
