wind_kz.json
{"header": {"discipline":0,"disciplineName":"Meteorological products","gribEdition":2,"gribLength":1025,"center":7,"centerName":"US National Weather Service - NCEP(WMC)","subcenter":0,"refTime":"2023-10-01T00:00:00.000Z","significanceOfRT":1,"significanceOfRTName":"Start of forecast","productStatus":0,"productStatusName":"Operational products","productType":1,"productTypeName":"Forecast products","productDefinitionTemplate":0,"productDefinitionTemplateName":"Analysis/forecast at horizontal level/layer at a point in time","parameterCategory":2,"parameterCategoryName":"UnknownDiscipline_0_Category_2","parameterNumber":3,"parameterNumberName":"UnknownParameter_D0_C2_3","parameterUnit":"Unknown","genProcessType":2,"genProcessTypeName":"Forecast","forecastTime":120,"surface1Type":103,"surface1TypeName":"Specified height level above ground","surface1Value":10.0,"surface2Type":255,"surface2TypeName":"Missing","surface2Value":0.0,"gridDefinitionTemplate":0,"gridDefinitionTemplateName":"Latitude_Longitude","numberPoints":615,"shape":6,"shapeName":"Earth spherical with radius of 6,371,229.0 m","gridUnits":"degrees","resolution":48,"winds":"true","scanMode":64,"nx":41,"ny":15,"basicAngle":0,"lo1":47.0,"la1":41.0,"lo2":87.0,"la2":55.0,"dx":1.0,"dy":1.0}, "data":
[rows 0 to 14 of 15, columns 0 to 40 of 41]
-1.3184204,-0.5884204,0.6915796,-3.6584203,-3.4984205,-2.6984205,0.58157957,1.6915796,0.3315796,-0.12842041,-0.008420411,-0.36842042,-1.1184204,-1.5084205,-2.5384204,-3.7984204,-3.7784204,-3.2184205,-4.4684205,-2.3284204,-0.5984204,-0.5884204,-2.7784204,1.3815796,-1.9784204,1.3615795,-0.20842041,0.9715796,2.8815796,3.7015796,0.8715796,-0.9384204,0.5115796,-1.1984204,0.8115796,0.2615796,-1.5184205,-0.3584204,0.38157958,1.1515796,2.0615797
1.7615796,1.6915796,2.0615797,-0.9584204,-3.7084205,-2.0784204,-0.8784204,0.9315796,2.2215796,1.0015796,0.5515796,-0.30842042,-0.8284204,0.41157958,-1.7484204,-3.3984203,-3.4084203,-3.2384205,-4.1684203,-3.8484204,-4.5284204,1.2115796,2.5815797,1.1115795,0.5015796,1.7715796,-1.2284204,2.0415795,0.1915796,1.7515796,3.9415796,4.9215794,1.6315796,-0.20842041,-1.9084204,-0.53842044,-0.1384204,-1.5084205,0.5515796,-2.2184205,1.3515795
1.9015796,5.3315797,3.8915796,1.3015796,-1.9784204,-2.9884205,-2.9784205,-3.3284204,-1.3184204,2.4115796,0.9215796,2.1915796,2.7215796,0.6115796,-0.7484204,-2.3184204,-2.1284204,-3.0184205,-2.6484203,-2.1584203,-3.2484205,-3.7384205,4.7715797,3.4215796,0.25157958,-1.2184204,2.3015795,1.9515796,0.44157958,2.5615797,4.5415797,2.5115795,2.2815795,-0.60842043,-0.4184204,3.0115795,5.0515795,0.8015796,0.10157959,0.9915796,0.89157957
1.1015795,4.6615796,4.48158,1.7915796,-1.0184205,-0.9884204,-1.2184204,-2.0684204,-2.9384203,2.1115797,0.8715796,-2.8784204,4.0415797,2.4415796,-0.05842041,-1.7384204,-2.1184204,-0.8284204,-1.3484204,-1.2284204,-3.1084204,0.2615796,-2.6184204,-0.4484204,1.3715796,-2.0284204,-5.4284205,1.3715796,2.6915796,1.4515796,0.6715796,-1.2684205,-1.6884204,-0.8084204,-0.72842044,-4.0284204,-1.6684204,1.9515796,2.4315796,0.8615796,0.06157959
-2.1884203,0.7215796,3.2315795,2.9315796,1.9615796,0.58157957,-0.2984204,0.5315796,-0.97842044,0.24157959,1.6515796,0.5715796,0.5115796,-0.008420411,-1.5784204,-1.9684204,-2.1084204,-0.6784204,-1.2584205,2.2015796,-1.5084205,-3.6884203,-4.2384205,-4.2984204,2.5615797,2.0415795,-1.5384204,-1.8584204,-0.4884204,-1.4084204,-1.7584205,-0.3784204,1.6615796,2.5115795,-0.5784204,-2.4184203,1.0515796,-2.4384203,-1.8784204,0.5715796,0.05157959
-3.3984203,-2.8184204,-1.7084204,1.4715796,1.9315796,2.9115796,1.4515796,0.03157959,0.3015796,-0.8384204,2.1215796,2.5015795,0.4215796,-0.4484204,-0.9284204,-1.1484205,-1.8684204,-2.2184205,-2.9684205,1.3115796,-1.7684205,-2.9384203,-6.8984203,0.8715796,4.7415795,4.8415794,0.9515796,-1.9084204,-0.4784204,-1.3584204,-1.9884204,-1.5084205,-0.8284204,-0.91842043,1.8915796,7.2615795,3.7815795,3.9915795,0.06157959,-1.4284204,-0.5084204
-3.4584205,-3.6484203,-3.1884203,-1.0784204,0.47157958,1.5715796,2.6515796,1.5015796,1.2215796,0.77157956,-0.6584204,2.7115796,2.1115797,0.6015796,-0.2984204,0.24157959,-1.3084204,-2.4684205,-2.8484204,1.1215796,-2.5884204,-5.8284206,-3.5684204,4.3315797,3.0015795,-0.1684204,-0.9684204,1.6515796,-0.97842044,-0.7384204,-2.2784204,-3.9784205,-3.3684204,-1.1984204,-0.72842044,-1.6184204,-3.3184204,-0.6784204,1.5715796,0.4615796,1.6515796
-2.8884203,-2.9784205,-3.2084205,-3.1484203,-3.5984204,0.2915796,2.6915796,2.9215796,2.1715796,0.7015796,1.1815796,1.6915796,2.2915795,1.8315796,0.5515796,0.20157959,-1.4984204,-2.2684205,-2.9284203,1.7115796,-2.1684203,-6.7284203,-2.8384204,0.4015796,4.6015797,2.9215796,2.8215797,0.4915796,-0.03842041,-1.3484204,-1.5684204,-2.1784203,-1.6684204,-2.6784203,0.58157957,0.4015796,0.12157959,0.9215796,-1.6684204,0.10157959,-2.2084205
-3.2584205,-3.2184205,-2.8884203,-2.4084203,-2.9484205,-2.6284204,-1.0784204,2.6715796,2.8115797,2.8115797,1.5315796,0.8615796,1.6815796,2.4515796,1.2715796,1.4215796,0.8615796,-0.6284204,-1.3684204,2.4315796,-0.85842043,-2.5284204,-1.7684205,1.0315796,2.1115797,2.7915795,1.4715796,1.7515796,0.9515796,0.18157959,0.44157958,-0.11842041,0.71157956,0.1315796,1.7715796,2.3915796,-2.1584203,0.1315796,1.4815795,0.9015796,-2.4384203
-2.7984204,-3.0584204,-3.2084205,-3.2484205,-2.5284204,-1.5984204,-2.2684205,-0.6484204,2.6215796,4.0915794,2.8715796,2.0415795,2.3715796,1.5215796,2.8215797,2.1015797,2.8015795,1.2415795,0.06157959,2.0415795,-1.0484204,-2.1584203,-1.9984204,2.7615795,2.7715795,2.2515795,1.5815796,1.0615796,1.4615796,2.0115795,2.0615797,0.9315796,0.7015796,2.7015796,1.2115796,0.6715796,0.4615796,-2.2684205,-0.5484204,1.8415796,3.1015797
-1.0484204,-1.4984204,-1.7084204,-2.0584204,-2.2084205,-2.2584205,-0.9684204,-0.9984204,0.4615796,2.4515796,4.48158,3.8215797,2.3115797,2.5815797,1.8615795,2.8015795,3.8615797,3.1515796,1.9015796,2.7515795,0.9715796,-0.3484204,-2.0084205,2.0515795,2.1115797,2.7715795,0.7215796,1.5115796,1.7415795,2.3715796,1.9615796,1.7515796,1.7415795,1.0115796,1.2015796,0.6615796,0.3315796,1.9315796,1.2615796,1.5615796,0.4615796
0.6315796,1.4815795,1.3615795,-0.17842041,-1.2284204,-1.8384204,-1.7284204,-0.2884204,-1.1784204,-0.7684204,1.8715796,2.5715797,3.0315795,3.2015796,2.5415795,2.3815796,4.3215795,4.6715794,3.5815797,2.7615795,3.1415796,2.0515795,1.4415796,0.9515796,1.5915796,2.3615797,2.5115795,3.4315796,3.1115797,2.4815795,2.0315795,2.7315795,1.9815795,1.9015796,1.0915796,-0.2284204,0.6515796,2.2215796,1.9815795,1.7015796,0.5315796
-0.9684204,-1.8284204,-1.2284204,0.7215796,1.0915796,-0.15842041,-1.7384204,-0.53842044,-0.6284204,0.1315796,0.3915796,0.8015796,2.6515796,3.3715796,3.6415796,3.2915795,2.9115796,3.8915796,5.3015795,4.2915797,3.8415797,3.6615796,3.0415795,2.8415797,2.9515796,2.6615796,2.1415796,2.9115796,3.2115796,3.0115795,2.4615796,2.4215796,2.9615796,2.5415795,2.6215796,2.4815795,1.6515796,0.5415796,0.8115796,0.1915796,0.01157959
-0.3784204,-0.4784204,-1.2484204,-0.72842044,0.8815796,0.44157958,0.04157959,-0.18842041,-0.42842042,-0.5684204,1.1215796,0.12157959,0.7615796,2.4515796,2.4715796,3.4915795,4.3315797,4.2015796,3.8915796,4.3615794,4.8815794,4.5115795,3.8915796,3.4915795,3.3115797,3.1015797,2.8815796,3.0815797,3.3415797,3.3915796,2.7215796,2.3615797,2.5115795,3.3615797,2.4015796,2.4115796,1.6015795,0.8815796,0.7315796,1.3715796,0.89157957
0.25157958,-0.7384204,-1.0084205,-0.78842044,1.2515796,0.6715796,0.89157957,1.0015796,0.5715796,0.02157959,0.9015796,1.8415796,0.7215796,0.12157959,1.2815796,2.3615797,3.6215796,4.3115797,5.0115795,4.98158,5.1115794,4.96158,4.4715796,4.1715794,3.8115797,3.6715796,3.5915797,3.4515796,3.4215796,3.3915796,3.5015795,3.9015796,2.8515797,2.8315797,3.0215795,2.8815796,2.6515796,2.8415797,1.6615796,2.8615797,0.9215796
