wind_kz.json
{"header": {"discipline":0,"disciplineName":"Meteorological products","gribEdition":2,"gribLength":1102,"center":7,"centerName":"US National Weather Service - NCEP(WMC)","subcenter":0,"refTime":"2024-02-01T18:00:00.000Z","significanceOfRT":1,"significanceOfRTName":"Start of forecast","productStatus":0,"productStatusName":"Operational products","productType":1,"productTypeName":"Forecast products","productDefinitionTemplate":0,"productDefinitionTemplateName":"Analysis/forecast at horizontal level/layer at a point in time","parameterCategory":2,"parameterCategoryName":"UnknownDiscipline_0_Category_2","parameterNumber":2,"parameterNumberName":"UnknownParameter_D0_C2_2","parameterUnit":"Unknown","genProcessType":2,"genProcessTypeName":"Forecast","forecastTime":180,"surface1Type":103,"surface1TypeName":"Specified height level above ground","surface1Value":10.0,"surface2Type":255,"surface2TypeName":"Missing","surface2Value":0.0,"gridDefinitionTemplate":0,"gridDefinitionTemplateName":"Latitude_Longitude","numberPoints":615,"shape":6,"shapeName":"Earth spherical with radius of 6,371,229.0 m","gridUnits":"degrees","resolution":48,"winds":"true","scanMode":64,"nx":41,"ny":15,"basicAngle":0,"lo1":47.0,"la1":41.0,"lo2":87.0,"la2":55.0,"dx":1.0,"dy":1.0}, "data":
[rows 0 to 14 of 15, columns 0 to 40 of 41]
2.4221923,-0.8278076,1.6421924,2.0521924,1.7921923,0.6921924,-0.097807616,-2.0778077,-1.5178076,-0.9678076,-0.17780761,-0.8278076,-0.6978076,-0.91780764,-0.8378076,-1.4378076,-1.2978076,-0.5078076,0.51219237,-1.5278076,-4.1678076,-3.0878077,0.062192384,-2.9578075,-2.5478077,-1.6878076,-1.1278076,-0.8678076,-0.04780762,-0.23780762,1.5821924,1.4921924,0.19219238,-0.5178076,-0.60780764,0.41219237,0.5921924,2.1621923,3.3821924,2.7621925,3.0221925
2.1721923,2.3821924,4.7021923,2.8421924,0.5021924,-3.0078077,-1.7778076,1.7321924,0.9821924,1.2121924,0.3321924,1.0821924,0.90219235,0.41219237,1.3121924,0.3021924,0.7321924,0.76219237,-1.1378076,0.9721924,0.13219239,0.5721924,0.0021923827,-2.6478076,-0.7778076,-0.2678076,0.0021923827,-0.8878076,0.40219238,-1.0878077,0.20219238,-0.6578076,2.4521923,0.3321924,0.9821924,0.5021924,1.2021924,1.0321923,0.022192383,0.9421924,1.7421924
0.83219236,-0.017807618,-3.1478076,-5.0678077,-5.1478076,-3.9978075,-1.2378076,0.76219237,0.8121924,0.76219237,3.3621924,3.8721924,3.9321923,3.3521924,2.1521924,1.6321924,2.3821924,2.0821924,2.2221923,1.7421924,0.9421924,2.4021924,-1.4378076,-0.45780763,-0.8078076,-1.7178077,-2.9778075,-3.0678077,0.77219236,-1.9578077,0.7221924,1.4721924,-0.6978076,0.8121924,0.4821924,-0.2878076,1.9921924,-0.84780765,3.3521924,4.6221924,2.5421925
-2.8178077,-4.1178074,-3.1778076,-4.637808,-4.0878077,-0.5878076,0.9821924,3.4921923,3.2921925,2.5421925,2.5521924,3.1221924,4.6621923,4.2621922,3.3021924,2.3221924,3.1321924,2.0221925,1.0621924,0.5721924,-1.1078076,0.16219239,-0.13780762,1.1621923,-0.4178076,-0.4778076,-0.33780763,-1.8378077,0.15219238,0.26219237,-4.177808,-3.4078076,-3.2178075,-4.0478077,-3.5978076,-1.4578077,-0.48780763,2.5921924,0.34219238,0.8221924,1.8421924
1.5121924,2.1721923,1.5121924,2.8621924,2.9121923,4.6721926,2.4221923,5.3721924,5.282192,3.8621924,3.0121925,5.2521925,4.5121922,4.8321924,4.092192,2.4821923,3.0921924,3.3021924,2.1721923,1.8521924,2.0921924,1.6321924,0.08219238,1.3521924,0.16219239,1.3921924,2.5121925,1.6021924,2.7621925,3.1421924,1.5821924,-0.8678076,0.10219238,3.7621925,-0.8078076,-0.21780762,-0.23780762,0.5521924,0.5521924,1.8121924,1.1421924
3.3921924,3.2721925,3.7921925,4.1921926,4.092192,4.4521923,5.362192,5.032192,3.7121923,5.6921926,4.862192,4.7421923,5.3921924,6.032192,4.3821926,3.5221925,3.3521924,3.5921924,3.0721924,3.4021924,3.1921923,3.1921923,2.2321923,2.8921924,3.0921924,2.6321924,3.2421923,2.0221925,2.8821924,2.8621924,3.2121923,5.3321924,6.7321925,6.6521926,2.3921924,-3.1378076,1.5621924,1.7921923,-0.97780764,-0.4178076,0.29219237
4.6221924,4.5221925,5.1721926,5.9621925,5.1221924,5.2421923,5.7521925,5.5021925,5.9621925,7.4521923,7.2121925,6.8721924,5.6321926,6.362192,5.3521924,5.4121923,5.0421925,5.2921925,3.3321924,3.4521923,5.2321925,4.3121924,3.3721924,3.5721924,3.8121924,3.7221923,4.4421926,3.8821924,2.6121924,1.8221924,3.5821924,4.3321924,4.822192,4.6221924,-1.4478077,-1.2078077,-0.79780763,1.4921924,6.8321924,2.2221923,-2.3478076
4.3921924,4.2421923,3.9521923,4.3321924,5.4821925,5.5621924,5.4421926,5.322192,6.2521925,6.282192,7.2621922,8.362192,8.662192,8.722193,6.8921924,6.6421924,6.2921925,5.9321923,5.322192,5.9621925,6.842192,6.362192,5.5121922,3.1821923,4.5121922,4.6821923,4.9121923,1.8321924,3.8221924,3.3521924,2.8121924,3.6021924,1.3621924,2.8421924,4.3521924,4.552192,-2.0278077,-8.317807,-7.8278074,-8.657807,-1.1778076
4.0021925,4.0821924,4.8821926,5.4021926,4.6521926,5.9021926,6.302192,6.2621922,6.6621923,7.6321926,7.802192,8.302193,10.212193,8.2521925,8.242192,6.7521925,7.3321924,6.4321923,7.0421925,6.9221926,8.452192,6.7521925,6.302192,4.7521925,5.7721925,4.572192,4.7021923,3.7921925,3.0621924,1.3521924,3.9221923,3.5421925,6.5021925,3.4821923,2.2921925,-2.1678076,0.042192385,1.5121924,-0.9678076,-0.6878076,0.25219238
4.7421923,4.802192,4.9721923,5.802192,6.342192,5.862192,6.552192,7.842192,8.672193,9.302193,10.812192,11.162192,10.032192,8.7521925,8.862192,8.062192,7.782192,7.7721925,8.042192,9.222193,9.652192,9.032192,6.6621923,6.0221925,5.802192,4.342192,4.7221923,4.9121923,4.9321923,3.5721924,3.2421923,4.782192,4.3921924,2.3021924,-0.6778076,0.12219238,-1.6878076,-0.19780761,2.1521924,0.4521924,-1.5478076
4.9321923,5.9121923,6.0121922,6.842192,6.4621925,6.862192,7.5021925,8.312192,8.742192,8.732192,10.592193,11.052193,9.152192,12.052193,9.682193,9.552193,9.262193,9.412192,7.8821926,11.262193,10.462193,8.852192,7.342192,5.1421924,4.302192,3.6121924,4.612192,4.2521925,3.8121924,2.9821923,2.4021924,1.0821924,1.2021924,1.1921924,-0.017807618,-0.057807617,0.7321924,0.65219235,-0.60780764,0.8621924,0.8721924
5.802192,6.6321926,7.1821923,7.7521925,7.862192,7.802192,8.272192,8.862192,9.372192,9.772192,9.732192,10.202192,10.972193,10.702192,9.192192,9.282192,10.232192,10.212193,8.962193,10.222193,9.882193,9.032192,7.5421925,4.3521924,3.9721923,3.3821924,3.9021924,2.0021925,2.2121923,1.1821923,-0.5778076,0.4521924,1.7721924,1.4221923,1.0121924,1.8221924,3.2821925,4.1821923,1.2521924,0.8521924,-0.097807616
5.9921923,7.5421925,6.2621922,7.8821926,7.2021923,6.4121923,8.282192,8.512193,10.632193,9.312192,8.182193,9.522192,10.092193,10.722193,10.0021925,9.222193,9.612192,10.462193,8.392193,9.362192,9.062192,8.142193,6.4921923,3.7821925,3.9821923,1.6421924,0.0121923825,-1.6778076,-0.9978076,-0.40780762,0.13219239,0.6321924,0.6321924,0.5021924,0.8621924,1.7821923,2.3621924,2.4521923,1.6921924,1.4121923,-0.9978076
8.052193,8.062192,8.102192,8.152192,8.592193,8.402192,9.442192,9.402192,8.582192,9.832192,6.3921924,8.982192,9.592193,7.6921926,9.322192,8.302193,8.5021925,8.892193,9.232192,9.152192,8.632193,7.4121923,5.802192,3.9621923,1.2921923,-1.4978076,-3.0678077,-1.5478076,-1.2578076,-0.6578076,-0.3878076,-0.2978076,0.022192383,0.71219236,1.2221924,1.6321924,1.8521924,3.3121924,2.7021923,1.8221924,-1.0878077
6.8921924,9.532192,11.0021925,9.812192,10.022192,9.912192,10.372192,10.012193,9.332192,9.032192,6.4721923,9.812192,5.072192,5.4921923,6.2321925,5.5821924,6.2721925,6.6821923,7.8721924,8.342193,6.822192,3.7421923,0.6121924,-1.4378076,-2.5378077,-2.6178076,-3.9178076,-2.7278075,-1.8078076,-0.91780764,-0.6778076,-0.5878076,-0.067807615,0.5421924,1.5821924,2.0621924,1.3921924,3.4121923,2.6021924,0.9921924,-0.9978076
