wind_kz.json
[{"header":{"discipline":0,"disciplineName":"Meteorological products","gribEdition":2,"gribLength":871,"center":7,"centerName":"US National Weather Service - NCEP(WMC)","subcenter":0,"refTime":"2023-10-03T18:00:00.000Z","significanceOfRT":1,"significanceOfRTName":"Start of forecast","productStatus":0,"productStatusName":"Operational products","productType":1,"productTypeName":"Forecast products","productDefinitionTemplate":0,"productDefinitionTemplateName":"Analysis/forecast at horizontal level/layer at a point in time","parameterCategory":0,"parameterCategoryName":"UnknownDiscipline_0_Category_0","parameterNumber":0,"parameterNumberName":"UnknownParameter_D0_C0_0","parameterUnit":"Unknown","genProcessType":2,"genProcessTypeName":"Forecast","forecastTime":60,"surface1Type":1,"surface1TypeName":"Ground or water surface","surface1Value":0.0,"surface2Type":255,"surface2TypeName":"Missing","surface2Value":0.0,"gridDefinitionTemplate":0,"gridDefinitionTemplateName":"Latitude_Longitude","numberPoints":615,"shape":6,"shapeName":"Earth spherical with radius of 6,371,229.0 m","gridUnits":"degrees","resolution":48,"winds":"true","scanMode":64,"nx":41,"ny":15,"basicAngle":0,"lo1":47.0,"la1":41.0,"lo2":87.0,"la2":55.0,"dx":1.0,"dy":1.0},"data":[297.5,287.0,294.3,293.6,293.6,292.1,299.9,304.7,302.7,294.3,294.2,300.3,305.1,293.3,305.1,307.5,307.0,306.0,313.4,309.1,309.4,301.9,302.7,305.1,307.9,306.6,303.5,295.0,292.5,288.6,287.1,280.0,299.5,306.2,308.6,310.8,315.7,313.5,311.2,310.7,312.1,273.1,295.7,293.6,293.5,293.7,291.8,305.5,302.4,301.4,296.9,291.1,290.9,293.9,291.0,296.2,305.0,307.1,310.4,307.6,309.3,300.1,306.3,299.2,290.3,274.3,286.9,296.6,287.8,293.8,288.0,288.8,280.1,290.0,265.7,285.3,302.2,306.4,306.0,307.5,300.6,284.5,297.9,293.4,293.3,292.9,291.2,301.6,300.3,301.7,301.4,298.1,299.6,290.1,290.0,290.0,295.2,302.1,301.8,304.7,304.7,307.6,310.3,306.8,304.3,287.9,299.8,303.5,295.7,295.5,302.8,291.1,285.4,291.2,297.8,296.1,299.2,295.0,293.1,291.5,294.2,288.3,285.9,299.7,292.3,293.0,292.2,293.7,299.0,297.9,300.9,301.5,301.7,300.8,297.0,290.3,289.7,294.6,303.1,301.9,302.7,306.7,308.2,304.9,300.9,305.7,296.6,293.1,300.6,298.8,298.2,297.8,302.3,305.0,303.3,303.9,308.8,307.7,302.9,291.2,274.3,293.1,301.4,301.9,299.0,291.9,292.2,291.6,295.4,299.1,298.1,300.1,299.7,300.1,299.7,299.2,289.5,288.1,286.6,297.9,301.4,300.9,304.2,302.5,304.5,304.8,303.8,299.9,291.2,295.4,297.7,297.0,305.7,306.2,304.1,306.0,294.2,281.6,294.8,302.9,300.2,306.9,306.3,305.2,302.2,296.2,298.3,290.1,290.7,291.0,290.7,301.1,298.5,298.7,299.3,298.1,297.6,290.0,289.0,290.5,295.7,295.8,301.6,303.4,303.4,304.0,301.8,301.6,302.1,297.8,287.5,289.9,288.4,296.5,300.1,302.3,302.7,306.6,304.6,303.1,298.2,298.5,295.1,307.6,305.7,301.5,296.7,297.6,292.6,298.9,297.1,302.8,301.0,298.8,298.2,296.7,299.4,290.7,296.9,287.9,287.6,291.1,296.6,298.1,304.1,303.4,302.2,300.8,299.2,297.6,294.8,295.9,298.3,300.4,300.7,302.6,302.5,302.4,302.0,300.4,299.0,299.4,296.7,295.3,292.8,289.7,297.3,296.6,297.2,297.7,297.2,296.9,297.8,299.6,297.6,297.8,297.9,297.1,293.7,287.2,287.2,290.4,291.0,295.2,298.0,299.9,299.8,296.5,297.7,299.1,299.6,297.7,295.0,294.3,296.3,294.3,297.2,296.5,299.3,299.5,296.9,297.5,298.1,299.3,286.2,299.7,299.5,297.7,296.7,296.9,297.4,297.9,295.6,296.1,295.9,298.6,295.4,292.8,293.8,289.1,285.1,286.4,286.7,290.0,293.1,298.4,295.8,295.7,296.9,297.5,297.7,296.8,295.7,295.6,294.1,293.9,293.8,293.2,292.9,293.8,294.9,295.2,296.8,295.7,295.7,295.3,282.0,284.3,282.0,294.3,295.0,295.7,295.5,296.2,296.5,295.7,294.9,295.0,296.1,293.4,291.0,285.8,285.3,285.6,288.7,294.5,296.4,297.3,295.6,297.0,296.9,296.5,297.5,297.3,296.2,295.8,294.8,293.9,294.4,294.6,294.2,296.1,296.0,296.0,294.7,293.5,290.7,293.0,289.7,283.0,290.5,292.0,293.3,292.9,293.9,294.4,295.0,295.1,294.7,294.1,293.7,285.0,286.3,284.9,285.4,286.2,286.6,295.0,292.7,292.8,295.7,295.7,295.3,296.0,295.1,295.8,294.3,296.6,296.9,297.4,296.7,297.5,296.8,294.4,294.9,295.6,291.8,290.3,291.0,289.1,287.4,289.8,289.9,292.4,292.5,292.4,292.6,292.0,292.2,293.2,292.0,286.4,289.4,284.9,284.8,285.7,285.8,286.6,291.9,291.4,289.5,290.4,291.4,292.6,293.4,293.0,294.9,296.2,297.1,296.7,296.4,295.9,296.2,294.3,294.5,292.8,293.0,292.4,293.0,291.9,291.7,290.3,285.9,287.0,288.7,289.6,290.4,289.0,290.4,292.3,291.8,287.9,285.8,285.2,284.9,283.4,285.8,285.5,285.8,286.0,292.1,290.7,290.8,290.7,291.4,291.6,292.9,294.1,296.1,294.5,295.3,295.2,295.4,294.7,294.9,295.1,294.0,292.2,291.9,291.5,290.8,289.5,288.6,285.1,286.0,286.7,289.0,287.9,288.2,287.8,287.4,289.5,289.7,283.1,281.4,282.9,284.0,287.9,289.5,289.1,290.3,291.1,292.3,292.5,292.4,292.5,292.9,294.1,294.4,294.4,294.4,294.0,294.1,294.1,293.6,292.9,292.2,292.3,292.1,291.1,290.1,290.3,288.9,289.2,284.4,286.8,285.1,287.7,287.6,286.6,287.2,288.1,289.3,288.3,286.1,281.8,282.7,281.8,284.3,287.3,288.9,290.8,291.5,291.7,291.7,293.2,293.7,293.2,292.4,292.8,294.0,293.4,293.6,293.2,292.3,288.8,292.5,291.7,292.1,292.1,292.2,290.8,288.9,283.3,281.3]},{"header":{"discipline":0,"disciplineName":"Meteorological products","gribEdition":2,"gribLength":1025,"center":7,"centerName":"US National Weather Service - NCEP(WMC)","subcenter":0,"refTime":"2023-10-03T18:00:00.000Z","significanceOfRT":1,"significanceOfRTName":"Start of forecast","productStatus":0,"productStatusName":"Operational products","productType":1,"productTypeName":"Forecast products","productDefinitionTemplate":0,"productDefinitionTemplateName":"Analysis/forecast at horizontal level/layer at a point in time","parameterCategory":2,"parameterCategoryName":"UnknownDiscipline_0_Category_2","parameterNumber":2,"parameterNumberName":"UnknownParameter_D0_C2_2","parameterUnit":"Unknown","genProcessType":2,"genProcessTypeName":"Forecast","forecastTime":60,"surface1Type":103,"surface1TypeName":"Specified height level above ground","surface1Value":10.0,"surface2Type":255,"surface2TypeName":"Missing","surface2Value":0.0,"gridDefinitionTemplate":0,"gridDefinitionTemplateName":"Latitude_Longitude","numberPoints":615,"shape":6,"shapeName":"Earth spherical with radius of 6,371,229.0 m","gridUnits":"degrees","resolution":48,"winds":"true","scanMode":64,"nx":41,"ny":15,"basicAngle":0,"lo1":47.0,"la1":41.0,"lo2":87.0,"la2":55.0,"dx":1.0,"dy":1.0},"data":[0.16749328,1.0974933,-0.9125067,0.8974933,-0.2725067,-0.2725067,1.1874933,1.8774933,2.1974933,1.2674932,2.9674933,2.1774933,1.2774932,1.3574933,0.19749328,1.0374932,2.0474932,4.5674934,2.1674933,1.9774933,4.387493,1.9174933,2.5174932,0.6174933,-1.3925067,-2.0025067,1.1074933,2.7374933,0.3474933,0.8874933,-1.4725068,1.2374933,0.3774933,-2.3425066,-4.302507,-1.4625068,1.0274932,1.6574932,0.14749329,-0.16250671,-1.6025068,1.6074933,-2.4525068,-2.6325066,-2.2025068,-1.7825067,-1.4325067,0.09749328,0.20749329,-0.0025067138,-1.7725067,-3.8725066,-3.2825067,-0.9225067,-0.7125067,0.2774933,1.1774933,2.3174932,1.9774933,3.5174932,3.0774932,3.6574934,4.4174933,0.4674933,-1.3125067,0.8374933,0.5274933,-1.1325067,-0.39250672,2.8974934,0.7674933,0.68749326,0.5174933,-0.8925067,-0.042506713,0.5874933,-0.8025067,-0.45250672,-3.3925066,-2.5725067,-1.4225067,-0.87250674,-1.4025067,-1.2725067,-0.4025067,-1.3925067,-0.5325067,0.9574933,0.8374933,0.6974933,2.2674932,0.12749329,-2.1225066,-3.1325066,-1.8825067,-2.3725066,0.5474933,1.7574933,2.6974933,2.8374932,3.8274932,3.6474934,3.5374932,3.8174932,3.3574934,1.4874933,-1.2225068,0.8874933,4.327493,3.7674932,-0.5325067,1.5974933,1.0474933,0.20749329,-2.0525067,-0.6025067,-0.16250671,1.3974932,1.3174933,0.3774933,0.44749328,4.807493,3.4474933,-0.38250673,-0.22250672,-0.4625067,0.6474933,2.1974933,2.8074932,1.6374933,1.8974932,2.7974932,2.5774932,1.5274932,-0.14250672,-1.7125068,-2.3625066,-0.7325067,2.6474934,2.4174933,3.9674933,4.347493,4.3774934,3.4074934,3.1174934,0.6074933,-2.2825067,0.2574933,-1.2925067,-1.2225068,-1.4225067,-3.2425067,2.6074934,3.7474933,-2.7725067,-3.9025068,-1.8825067,-2.8225067,-1.6425067,0.5474933,1.4674933,-1.7925067,-1.0425067,-3.5225067,1.0774933,2.1874933,2.9974933,3.0774932,4.1674933,4.2574935,2.7674932,3.5174932,2.5774932,3.4374933,3.2474933,2.5774932,0.4974933,0.3174933,-0.082506716,3.0574932,3.0074933,3.6274934,2.9174933,1.4674933,0.6974933,3.1874933,2.1074934,0.7874933,-3.1525068,-2.3425066,-4.052507,-1.5725067,-1.7125068,-1.6625067,-2.8925066,0.6374933,2.6074934,1.6574932,-2.7025068,-2.3825066,-2.6625068,-4.782507,-3.9825068,-3.7025068,-2.8325067,2.5774932,2.4674933,1.9174933,2.8674934,4.1074934,4.577493,4.1474934,2.5874932,2.7774932,4.117493,4.617493,4.8174934,2.6274934,1.2474933,1.2074933,4.197493,3.4874933,3.1774933,0.62749326,-1.2825067,-2.7525067,-3.0225067,-3.0425067,-1.2925067,2.4974933,-1.6125067,0.3174933,-1.1325067,-3.6625068,-1.7825067,-1.8125067,-0.9125067,-0.22250672,-1.2725067,-0.5725067,-5.8525066,-0.5425067,-1.6525067,-2.7125068,-2.7025068,-2.5825067,1.6574932,2.1874933,2.7574933,3.7174933,3.5274932,1.9374933,3.6374934,3.6874933,2.6774933,3.7174933,2.9074934,4.3574934,3.8674934,1.3774933,2.3374932,5.657493,2.8574934,2.8474932,1.2274933,-1.6725067,-2.7625067,-2.9725068,-3.3325067,-4.132507,-5.712507,-4.9725065,-3.7125068,-3.1125066,-2.9325068,-1.3225067,-2.7825067,-4.6825066,-5.4825068,-6.2625065,-6.1025066,-4.3725066,-1.3525068,-2.3225067,-0.8925067,0.8474933,-0.6425067,1.3074933,1.7274933,2.6774933,3.1374934,3.3574934,3.1174934,3.6074934,3.9174933,3.0174932,2.1774933,2.4774933,1.3974932,0.037493285,2.4074934,0.7974933,2.8374932,2.2874932,1.9274933,0.9774933,-2.1825068,-2.7925067,-3.2925067,-3.3725066,-3.2125068,-2.6325066,-2.4725068,-2.7725067,-2.9425068,-4.2025065,-3.3525066,-4.4925065,-3.1525068,-4.712507,-4.282507,-5.2725067,-4.612507,-2.9825068,-2.1525068,-4.6425066,-4.0225067,-0.3725067,2.5074933,2.3674934,2.4274933,1.6674933,3.0774932,3.6674933,2.9574933,2.5774932,3.2374933,3.4074934,3.7274933,2.7674932,4.537493,1.3874933,1.7974933,3.2674932,2.5774932,0.6774933,0.7274933,0.17749329,-2.1525068,-1.8725067,-1.0125067,-1.3725067,-2.3925066,-2.3025067,-2.0625067,-1.3625067,-2.1425066,-2.5525067,-4.4325066,-4.1425066,-4.0025067,-3.1725068,-3.1025066,-3.0325067,-3.3025067,-0.10250671,-0.4125067,-1.0525067,-0.8625067,3.0474932,2.9274933,2.9474933,3.3274932,2.8374932,2.8974934,0.7774933,2.4774933,4.9574933,4.217493,4.1474934,3.8374932,3.8674934,2.1874933,2.4574933,3.2874932,2.4874933,0.2574933,-0.48250672,0.12749329,-0.4425067,-0.6025067,-0.7225067,-0.56250674,-1.1225067,-1.0625067,-0.8225067,-1.7725067,-3.0425067,-2.6525068,-2.6525068,-3.3125067,-2.9125068,-2.6125066,-2.1325066,-2.7525067,-0.48250672,-0.7125067,0.10749329,-0.75250673,-1.0525067,1.7974933,2.3874934,2.8874934,2.9374933,3.0374932,3.2474933,3.6274934,4.6474934,4.4774933,3.5074933,3.0474932,2.1074934,2.3674934,2.1074934,2.5774932,2.7774932,1.4974933,1.4774933,-0.30250672,0.17749329,-0.4025067,-0.7225067,-1.2725067,-1.4725068,-1.5625067,-1.6525067,-2.1225066,-1.4725068,-1.7025067,-2.9225068,-3.2825067,-2.6225066,-2.3825066,-2.8025067,-2.2225068,-0.7025067,0.6474933,-1.1525067,-0.4325067,-1.0325067,0.19749328,1.5074933,2.2974932,2.7174933,2.5474932,2.5374932,3.0774932,3.5774932,3.7274933,3.6974933,2.6774933,2.6374934,3.9974933,1.6774933,2.2374933,3.1174934,2.6274934,2.2474933,2.7374933,1.2874932,-0.20250672,-0.26250672,-0.9125067,-0.99250674,-0.8925067,-1.0425067,-1.0225067,-1.7225068,-2.1125066,-2.5625067,-2.5025067,-2.0025067,-2.0525067,-1.7825067,-2.0325067,-2.2225068,-2.7925067,-3.0925066,-2.8225067,-2.0325067,-1.2525067,-1.0325067,1.7874932,2.0974932,2.5174932,3.1774933,2.7474933,2.9674933,4.157493,4.157493,4.5174932,3.6674933,2.6974933,3.6074934,3.1474934,3.6574934,3.7874932,3.9474933,3.2474933,3.3174932,1.7274933,0.87749326,0.55749327,0.93749326,1.0874933,0.8274933,0.7974933,0.07749329,-1.4925067,-1.7825067,-0.9725067,-1.1225067,-0.7725067,-0.50250673,-0.7725067,-0.4425067,-1.3825067,-1.4125067,-1.7325068,-1.3425068,-2.0125067,-1.9125067,-1.0825067,1.8374933,2.6274934,3.2374933,3.2474933,3.7974932,4.2074933,4.3774934,4.057493,4.447493,4.2574935,0.39749327,2.3674934,0.74749327,2.3874934,3.9874933,3.7574933,3.6474934,2.8874934,1.6574932,1.1874933,1.4674933,1.3774933,1.3274933,0.8274933,0.20749329,0.14749329,0.19749328,0.3474933,0.3774933,0.8374933,0.8874933,1.0174932,1.1574932,0.8974933,0.4074933,0.6374933,-0.032506716,-0.4325067,-0.122506715,0.5274933,-0.7325067,1.9574933,4.537493,4.847493,3.2874932,4.177493,3.3674934,4.327493,3.2574933,3.8274932,3.2974932,1.7174933,1.8574933,2.2774932,-0.022506714,3.0174932,2.5274932,2.5274932,1.8474933,2.0674932,1.5874933,1.4774933,1.9874933,1.8074933,1.8674933,1.7474933,1.7174933,2.0774932,1.8374933,1.7874932,1.7374933,1.7474933,2.4474933,1.8374933,1.9474933,1.9674933,2.0774932,1.5574933,2.4974933,1.6774933,0.45749328,-1.0225067]},{"header":{"discipline":0,"disciplineName":"Meteorological products","gribEdition":2,"gribLength":1025,"center":7,"centerName":"US National Weather Service - NCEP(WMC)","subcenter":0,"refTime":"2023-10-03T18:00:00.000Z","significanceOfRT":1,"significanceOfRTName":"Start of forecast","productStatus":0,"productStatusName":"Operational products","productType":1,"productTypeName":"Forecast products","productDefinitionTemplate":0,"productDefinitionTemplateName":"Analysis/forecast at horizontal level/layer at a point in time","parameterCategory":2,"parameterCategoryName":"UnknownDiscipline_0_Category_2","parameterNumber":3,"parameterNumberName":"UnknownParameter_D0_C2_3","parameterUnit":"Unknown","genProcessType":2,"genProcessTypeName":"Forecast","forecastTime":60,"surface1Type":103,"surface1TypeName":"Specified height level above ground","surface1Value":10.0,"surface2Type":255,"surface2TypeName":"Missing","surface2Value":0.0,"gridDefinitionTemplate":0,"gridDefinitionTemplateName":"Latitude_Longitude","numberPoints":615,"shape":6,"shapeName":"Earth spherical with radius of 6,371,229.0 m","gridUnits":"degrees","resolution":48,"winds":"true","scanMode":64,"nx":41,"ny":15,"basicAngle":0,"lo1":47.0,"la1":41.0,"lo2":87.0,"la2":55.0,"dx":1.0,"dy":1.0},"data":[0.26815918,1.4681592,0.35815918,7.258159,2.078159,-1.1318408,-2.8618407,-2.5618408,-3.2818408,-5.081841,-3.8418407,1.0781592,-2.4818408,-3.5518408,-1.6718408,-1.2418408,-2.7118409,-1.4918408,-0.7018408,-1.5618408,-2.8018408,-0.41184083,-3.2418408,-2.2718408,1.8181592,2.4781592,2.0381591,-0.02184082,0.19815917,5.978159,2.1281593,2.3681593,-0.7218408,-1.4518409,-1.1418408,-1.4418408,-1.0518408,0.07815918,-0.24184082,1.4981592,1.9381592,3.0181592,2.3781593,3.4781592,4.418159,1.5681592,-1.0018408,-1.5218408,-1.4318408,-3.0518408,-4.8618407,-2.5618408,-4.891841,-4.021841,-3.4718409,-5.031841,-3.2818408,-4.011841,-0.6418408,-1.9618409,-3.0018408,-1.3418409,1.0881592,1.5581592,2.4081593,2.6881592,3.2181592,1.4981592,0.5881592,0.03815918,2.4981592,1.1081592,3.8781593,1.5981592,1.3481592,1.9381592,2.3881593,1.9681592,0.9081592,1.5581592,1.4381592,0.63815916,1.8381592,4.028159,4.818159,2.3681593,1.4681592,-0.61184084,-0.02184082,-1.1818408,-0.92184085,-1.2018409,-0.99184084,-0.9118408,-5.551841,-6.621841,-5.681841,-4.9818406,-3.161841,-3.5518408,-3.0318408,-3.4618409,-3.2718408,1.7081592,4.8081594,2.1281593,-0.19184083,-3.0218408,-3.141841,-1.6818408,1.3481592,1.4281592,-0.39184082,1.9381592,0.2581592,1.6681591,0.5381592,-1.9118408,0.46815917,2.578159,-1.2618408,0.87815917,-0.0018408203,1.8181592,2.7181592,2.4881592,1.2581592,0.07815918,0.8581592,1.1081592,0.48815918,-0.31184083,0.5881592,-0.09184082,-0.8418408,-1.6018409,-5.6118407,-8.431841,-6.271841,-3.911841,-3.3218408,-3.151841,-3.7918408,-2.7518408,7.0381594,3.0381591,7.0981593,2.1181593,-4.011841,-5.541841,2.5181592,1.1181592,-2.4618409,-0.7818408,-0.22184081,0.82815915,-0.35184082,0.8481592,2.4581592,3.5381591,2.5281591,-2.891841,-2.401841,-1.9418408,1.2881591,1.6081592,1.4481592,1.7181592,0.6581592,1.8281592,2.858159,1.2181592,0.29815918,0.49815917,0.2881592,0.50815916,-0.67184085,-2.651841,-4.5018406,-6.4218407,-5.391841,-4.1918406,-3.391841,-3.0318408,-2.2818408,1.0681592,2.3781593,5.938159,2.1481593,1.5381591,-4.601841,-4.531841,-3.5418408,-3.7618408,-4.291841,-2.4918408,-0.55184084,-0.11184082,0.4181592,1.0681592,3.7181592,-0.4318408,-1.7218409,-1.5918409,-1.1318408,1.4381592,1.1781592,2.1381593,1.2281592,-0.2718408,1.4881592,3.558159,3.1881592,1.9381592,-0.5318408,2.2581592,1.7081592,0.27815917,-2.421841,-5.011841,-6.4418406,-4.391841,-4.331841,-2.5418408,-1.6618408,-1.7118409,-1.3218408,-0.13184083,3.2881591,6.3081594,2.4981592,1.3081592,-2.0418408,-3.401841,-3.3318408,-3.4518409,-3.2718408,-2.0118408,-2.6218407,-2.3718407,11.75816,-1.5918409,6.338159,1.0881592,-0.03184082,0.7981592,1.0481591,1.4981592,1.0381591,0.3881592,0.43815917,-0.06184082,1.7781591,2.4181592,1.6981592,-0.38184083,1.9081591,-0.26184082,0.51815915,-0.21184082,-3.2518408,-6.2518406,-4.371841,-3.691841,-0.44184083,0.018159179,-0.4618408,0.05815918,0.8581592,1.8781592,3.8881593,5.128159,3.088159,0.88815916,-1.1618408,-0.7118408,-1.2018409,-1.2018409,-1.3318409,1.9881592,3.078159,2.9581592,2.8981593,0.6181592,2.4581592,2.5481591,2.4781592,1.8681592,1.2881591,0.14815918,-0.8218408,-0.11184082,0.10815918,-1.5518408,3.0081592,3.7581592,2.6681592,2.4981592,1.8081592,1.8881592,-0.39184082,-4.601841,-3.7918408,-3.151841,-3.2118409,1.5381591,2.0081592,1.2081592,1.4181591,0.99815917,1.8881592,3.1981592,4.0981593,3.5381591,1.9981592,0.27815917,-1.0018408,-0.9018408,-0.3018408,-0.03184082,-3.8018408,0.15815918,0.2581592,-0.6318408,0.88815916,-0.3018408,0.82815915,1.5781592,3.1181593,2.338159,0.56815916,-0.28184083,-0.13184083,-0.26184082,-0.5818408,0.35815918,2.578159,2.558159,3.2481592,2.9681592,1.8381592,1.3081592,-1.7918408,-4.201841,-1.9218408,-1.6018409,1.1881592,2.588159,3.108159,2.0481591,2.808159,2.9381592,3.1381593,3.5181592,3.2081592,2.7781591,1.4081591,0.81815916,0.17815918,-0.8418408,-0.23184082,-1.0118408,-0.50184083,2.4881592,1.3781592,-1.2818408,1.1381592,0.56815916,-0.61184084,2.9681592,2.6781592,1.5581592,1.2781591,0.29815918,0.7881592,-0.23184082,-0.0018408203,0.8481592,3.328159,4.878159,3.0281591,2.0281591,2.4781592,0.5581592,-3.441841,-0.0018408203,-0.39184082,-0.8218408,2.2281592,2.7281592,1.9581592,2.1481593,2.9981592,3.338159,2.818159,2.308159,2.328159,2.0481591,1.8181592,1.9281592,1.1881592,-0.04184082,-0.5218408,-0.50184083,-0.08184082,0.75815916,2.0381591,-0.26184082,-0.8218408,1.3481592,3.6881592,2.4781592,0.45815918,-0.01184082,1.6181592,1.1381592,0.7781592,0.2581592,-0.38184083,2.348159,4.128159,3.1681592,2.9681592,2.2581592,1.6881592,-2.9818408,-1.1318408,0.8981592,0.56815916,1.4881592,2.9881592,3.2781591,2.5081592,2.4181592,2.6381593,2.9881592,2.9881592,2.7081592,2.2981591,2.7381592,2.7781591,1.9681592,0.9281592,-0.5218408,-1.0118408,-0.7818408,0.35815918,-0.05184082,0.8581592,0.8081592,0.5981592,2.4181592,2.088159,1.3681592,0.6181592,0.88815916,0.5481592,0.32815918,1.0181592,1.3981591,2.7481592,3.8781593,2.8681593,3.4281592,3.0081592,2.7881591,2.1381593,1.0881592,-1.2118409,2.318159,1.9481592,3.7781591,3.1281593,2.9781592,2.4181592,2.9281592,2.6381593,3.1281593,3.5181592,3.5081592,3.4781592,3.078159,2.7081592,1.6581591,0.8981592,-0.09184082,-1.3218408,-1.9118408,-1.5718408,-1.4118408,-0.8518408,-0.7818408,2.078159,1.9381592,1.3081592,0.74815917,-0.0018408203,-0.17184082,0.4781592,1.6681591,1.9481592,2.4181592,2.4781592,2.6881592,3.9481592,3.4081593,3.7681592,2.1281593,2.1181593,1.4081591,3.7081592,3.7181592,4.048159,4.168159,3.6981592,3.348159,3.4881592,3.1881592,2.3981593,3.578159,3.9281592,3.4581592,3.2981591,2.9881592,2.5281591,2.1181593,1.5481591,1.4681592,1.0581592,0.3181592,0.48815918,-0.13184083,-0.42184082,2.8781593,2.1381593,1.5281591,1.3581592,0.8581592,-0.21184082,0.7181592,1.5681592,2.9781592,3.4581592,0.50815916,1.0981592,1.7681592,4.1181593,3.2981591,2.6881592,3.4281592,3.6881592,4.228159,4.258159,4.258159,3.7181592,3.108159,3.4281592,3.078159,3.6181593,3.608159,3.7181592,3.568159,3.588159,3.4581592,2.8681593,2.7681592,2.9681592,2.3881593,2.7581592,2.1281593,1.8681592,2.0081592,1.3881592,1.9981592,2.308159,2.058159,2.2581592,2.0181592,0.8081592,1.8681592,1.1781592,1.5781592,1.0581592,2.8781593,3.0381591,2.7381592,0.6781592,1.3681592,1.4481592,3.828159,4.3881593,3.7381592,4.068159,4.488159,4.728159,4.678159,4.468159,4.218159,3.9881592,3.8781593,3.4981592,3.558159,3.4581592,3.7581592,3.5481591,3.078159,2.818159,2.6981592,3.068159,2.7581592,3.598159,3.318159,1.8781592,2.4381592,0.9681592]}]