wind_kz.json
{"header": {"discipline":0,"disciplineName":"Meteorological products","gribEdition":2,"gribLength":1025,"center":7,"centerName":"US National Weather Service - NCEP(WMC)","subcenter":0,"refTime":"2023-08-27T06:00:00.000Z","significanceOfRT":1,"significanceOfRTName":"Start of forecast","productStatus":0,"productStatusName":"Operational products","productType":1,"productTypeName":"Forecast products","productDefinitionTemplate":0,"productDefinitionTemplateName":"Analysis/forecast at horizontal level/layer at a point in time","parameterCategory":2,"parameterCategoryName":"UnknownDiscipline_0_Category_2","parameterNumber":2,"parameterNumberName":"UnknownParameter_D0_C2_2","parameterUnit":"Unknown","genProcessType":2,"genProcessTypeName":"Forecast","forecastTime":0,"surface1Type":103,"surface1TypeName":"Specified height level above ground","surface1Value":10.0,"surface2Type":255,"surface2TypeName":"Missing","surface2Value":0.0,"gridDefinitionTemplate":0,"gridDefinitionTemplateName":"Latitude_Longitude","numberPoints":615,"shape":6,"shapeName":"Earth spherical with radius of 6,371,229.0 m","gridUnits":"degrees","resolution":48,"winds":"true","scanMode":64,"nx":41,"ny":15,"basicAngle":0,"lo1":47.0,"la1":41.0,"lo2":87.0,"la2":55.0,"dx":1.0,"dy":1.0}, "data":
[rows 0 to 14 of 15, columns 0 to 40 of 41]
-0.1619818,0.03801819,-2.071982,-2.591982,0.07801819,-4.2319818,1.1880182,1.2880182,1.4480182,2.0780182,4.058018,4.298018,4.178018,4.968018,7.258018,8.798018,8.458018,8.418018,8.168018,9.188018,8.228018,0.05801819,1.4380182,-1.7719818,2.0080183,1.3480182,3.3980181,3.658018,-0.90198183,-1.3519818,-0.7419818,-1.8319818,2.448018,4.868018,-2.6419818,-2.6819818,-0.7919818,-0.4019818,-4.461982,-3.1119819,-4.3719816
1.3180182,-2.7919817,0.008018188,1.2680182,-1.4519818,-0.6919818,0.018018188,1.5780182,3.3680182,3.408018,4.578018,6.058018,6.238018,5.4380183,7.3580184,6.9980183,8.548018,8.418018,8.778018,8.888019,7.798018,5.8580184,2.5480182,-0.20198181,2.0680182,-1.4119818,1.6080182,-0.8619818,1.3180182,0.7480182,0.7780182,0.33801818,-0.6019818,0.17801818,0.49801818,-1.4519818,-1.7219818,-2.4219818,-0.8019818,-4.711982,-0.6819818
-2.4219818,-1.2619818,1.1180182,-0.4619818,0.30801818,3.438018,4.8580184,3.9580183,4.9180183,4.7480183,4.698018,5.718018,6.578018,7.4780183,7.2680182,7.7680182,8.328018,10.788017,10.178019,8.598019,6.868018,6.5880184,5.758018,3.2580183,8.518018,3.3780181,0.15801819,3.0380182,4.9980183,-1.3219818,1.3680182,0.5880182,-1.9319818,1.2080182,-1.7219818,0.08801819,0.4380182,0.17801818,-1.0419818,-2.1919818,-0.89198184
-1.1819818,-0.32198182,1.7680182,0.9580182,3.4680183,3.7380183,3.1480181,4.028018,4.598018,5.298018,5.988018,6.968018,8.118018,9.248018,8.418018,8.388019,8.748018,10.478018,10.108018,9.428019,4.968018,5.468018,-0.9719818,7.508018,6.618018,9.278018,9.438018,8.7580185,6.1280184,1.8080182,0.48801818,-2.8919818,-0.47198182,1.3280182,1.9680182,2.8580182,0.028018188,-0.18198182,-2.4119818,-0.96198183,-5.301982
0.17801818,-0.121981815,-0.22198181,2.5380182,3.928018,4.488018,4.218018,3.2680182,4.3380184,5.6280184,6.538018,6.698018,6.908018,7.6280184,7.9180183,6.6880183,7.758018,6.7480183,7.1880183,7.4780183,6.4180183,4.078018,3.4980183,3.5680182,1.2580181,8.178019,6.5880184,7.8580184,6.2680182,5.868018,3.8280182,2.698018,-0.38198182,-1.0019819,4.178018,3.7180183,1.0480182,-5.281982,-3.9019818,-4.441982,-2.7119818
1.7880182,2.1280181,1.0880182,3.2380183,4.1080184,4.6880183,4.758018,3.3080182,4.218018,4.508018,5.408018,6.718018,7.6480184,7.9780183,6.5180182,6.7280183,7.218018,5.908018,7.1080184,5.8580184,6.7280183,7.528018,4.388018,0.1980182,4.508018,5.098018,4.598018,1.5380182,7.508018,7.1680183,7.318018,7.118018,7.138018,9.218019,5.558018,3.8780181,0.97801816,-7.6619816,-4.0819817,-4.8919816,-3.7219818
3.2480183,3.0680182,3.3680182,2.8980181,2.4680183,3.0680182,1.4680182,4.2080183,4.2480183,4.8580184,4.6680183,5.4780183,5.8980184,6.0180182,5.798018,5.4580183,7.118018,6.3580184,8.378018,5.6480184,6.258018,6.3980184,2.4580183,1.4680182,3.3680182,8.288018,7.9980183,5.818018,5.778018,7.598018,7.2280183,4.1480184,3.9880183,5.408018,2.938018,1.5480182,-2.9419818,0.15801819,-5.281982,-0.5419818,-3.331982
3.0480182,3.8480182,4.138018,4.6080184,4.4580183,3.1480181,3.5080183,3.4680183,4.698018,4.388018,4.568018,4.698018,4.818018,3.7680182,2.2180183,1.8380182,3.8180182,4.6880183,3.0580182,6.078018,6.3380184,5.9580183,5.4780183,3.0380182,4.6080184,7.238018,5.538018,3.8480182,3.1380181,3.418018,3.0580182,-1.2119818,-1.9719818,-1.1019818,2.918018,-4.7719817,-4.491982,-2.4119818,-5.7719817,-5.631982,-1.3319818
5.9180183,4.798018,4.8380184,4.9180183,4.7080183,4.098018,4.318018,3.7980182,4.118018,3.918018,4.1280184,2.3580182,3.4580183,1.0980182,-0.17198181,2.918018,-0.5919818,0.36801818,1.0980182,4.288018,4.218018,4.238018,4.848018,6.048018,6.1480184,8.828018,5.278018,3.698018,2.6080182,0.2280182,0.7480182,-2.0219817,-2.7719817,-1.8319818,-3.9719818,-4.301982,-3.581982,-0.44198182,-1.0719818,-1.6119819,1.2380182
7.7080183,7.058018,6.008018,5.038018,5.7680182,4.8380184,4.3380184,4.448018,4.7280183,4.4980183,3.4880183,4.048018,1.8980182,0.048018187,0.9280182,-2.8919818,-4.5819817,-2.2719817,-1.6619818,-1.2019818,-5.0419817,-2.9119818,-0.8019818,2.448018,5.678018,3.918018,4.988018,2.6280181,2.8580182,-0.9219818,-3.071982,-4.7319818,-1.6219819,-4.491982,-2.6519818,-3.1819818,-1.9819818,-1.7319818,2.3180182,1.0480182,-0.83198184
6.3380184,6.6680183,6.0880184,5.6080184,4.568018,4.178018,4.278018,4.3380184,4.948018,4.758018,3.8680182,4.538018,3.178018,2.8180182,1.3880181,-1.5719818,-2.7319818,-3.561982,-2.7319818,-3.8619819,-3.081982,-2.7719817,-5.631982,-3.2519817,-1.6919818,-1.7019818,0.2680182,0.2880182,-0.29198182,-3.4819818,-4.111982,-1.8619819,-0.7419818,-1.5519818,-1.8619819,-1.1919818,0.7180182,-0.1319818,1.6580182,-0.9319818,2.4580183
6.718018,4.408018,5.238018,3.7680182,3.4580183,2.9580183,4.638018,4.118018,3.678018,4.2080183,3.8580182,3.3180182,2.0880182,2.0880182,1.7080182,0.33801818,-1.4319818,-1.5019819,-0.7319818,-1.3819818,-1.5019819,-1.9419818,-2.9119818,-2.581982,-3.571982,-5.8119817,-4.151982,-2.4019818,0.8880182,0.8080182,1.1680182,1.8680182,-0.4219818,-1.5319818,-0.96198183,-0.14198181,2.3880181,-0.4919818,-0.7219818,-0.3419818,-0.6119818
4.888018,5.118018,2.0080183,5.1880183,4.0180182,3.158018,4.5180182,4.558018,4.988018,2.7280183,2.7280183,3.188018,1.8880181,2.7980182,1.0580182,-0.71198183,0.48801818,0.4180182,-0.5119818,-0.58198184,-1.4319818,-2.081982,-2.7919817,-2.9319818,-0.9419818,-3.3919818,-3.341982,-3.6619818,-3.7819817,-3.7719817,-3.811982,-3.5119817,-4.191982,-1.8119818,-0.3419818,-0.20198181,1.7680182,1.3080182,2.198018,0.11801819,0.03801819
4.048018,3.7480183,4.1080184,5.048018,3.4580183,4.508018,4.028018,4.238018,3.3980181,1.9980181,0.72801816,2.5880182,2.4980183,2.4980183,1.0080181,-0.07198181,0.5080182,0.48801818,1.9280182,-0.32198182,-1.8119818,-2.6919818,-0.35198182,-3.2819817,-2.0319817,-2.8819818,-1.2319818,-3.331982,-2.6319818,-4.0619817,-4.701982,-4.3119817,-3.8819818,-2.2519817,-1.5219818,-1.7019818,-2.1419818,-2.061982,-0.7319818,-0.52198184,-0.35198182
2.8480182,3.7280183,4.448018,2.5480182,4.368018,3.948018,4.718018,4.0880184,2.4880183,3.0580182,0.4780182,2.0280182,2.188018,2.178018,0.8380182,1.9980181,2.2380183,0.91801816,1.2180182,0.03801819,0.3480182,0.3280182,-2.4319818,-2.811982,-2.2419817,-2.4819818,-2.6319818,-2.5219817,-1.0719818,-2.8919818,-4.461982,-4.381982,-3.6419818,-2.561982,-2.1419818,-2.831982,-1.5919818,-0.3419818,0.1980182,-0.4519818,-0.5919818
