wind_kz.json
{"header": {"discipline":0,"disciplineName":"Meteorological products","gribEdition":2,"gribLength":1025,"center":7,"centerName":"US National Weather Service - NCEP(WMC)","subcenter":0,"refTime":"2023-09-08T18:00:00.000Z","significanceOfRT":1,"significanceOfRTName":"Start of forecast","productStatus":0,"productStatusName":"Operational products","productType":1,"productTypeName":"Forecast products","productDefinitionTemplate":0,"productDefinitionTemplateName":"Analysis/forecast at horizontal level/layer at a point in time","parameterCategory":2,"parameterCategoryName":"UnknownDiscipline_0_Category_2","parameterNumber":2,"parameterNumberName":"UnknownParameter_D0_C2_2","parameterUnit":"Unknown","genProcessType":2,"genProcessTypeName":"Forecast","forecastTime":240,"surface1Type":103,"surface1TypeName":"Specified height level above ground","surface1Value":10.0,"surface2Type":255,"surface2TypeName":"Missing","surface2Value":0.0,"gridDefinitionTemplate":0,"gridDefinitionTemplateName":"Latitude_Longitude","numberPoints":615,"shape":6,"shapeName":"Earth spherical with radius of 6,371,229.0 m","gridUnits":"degrees","resolution":48,"winds":"true","scanMode":64,"nx":41,"ny":15,"basicAngle":0,"lo1":47.0,"la1":41.0,"lo2":87.0,"la2":55.0,"dx":1.0,"dy":1.0}, "data":
[rows 0 to 14 of 15, columns 0 to 40 of 41]
-0.8764575,-0.30645752,2.4235425,6.7535424,6.1835423,3.9535425,3.1635425,5.8335423,-5.7164574,0.12354248,-1.2564576,-4.6964574,-4.8964577,-4.5664577,-5.7164574,-5.0664577,-3.5364575,-3.0364575,-5.2764573,-4.3764577,-4.4664574,-1.6364576,0.3435425,-0.05645752,0.72354245,-3.2564576,-2.6564574,2.0635424,1.9235425,1.3235425,2.4535425,1.5735425,-1.4664575,0.71354246,-4.8364577,-5.5564575,-7.9364576,-7.7264576,-5.0364575,-4.9664574,-0.96645755
1.6635425,1.8535424,5.4135423,5.8635426,5.6435423,-1.8464575,-7.0964575,-10.326458,-6.9064574,-5.8164577,-4.8864574,-6.7364573,-6.7964573,-6.6464577,-4.8764577,-5.2764573,-6.5364575,-6.7764573,-6.6164575,-5.0764575,-2.4764576,-2.9464576,-1.2164575,-1.4864575,1.5135425,1.2335424,-1.2064575,1.4535425,-2.8464575,1.5335425,0.64354247,0.02354248,-0.33645752,-0.45645753,1.0335425,-0.8064575,-1.6864575,0.6235425,-1.1864575,4.9035425,1.6135424
1.2335424,3.2435424,3.9435425,4.2135425,-4.1864576,-8.606458,-8.836457,-6.6164575,-8.706457,-7.9364576,-6.7464576,-7.7964573,-7.2564573,-8.646458,-8.326458,-7.3964577,-7.4264574,-5.9164577,-5.0464573,-4.5864577,-2.2464576,-3.6964576,-5.8464575,-3.8064575,1.0035424,-1.6564575,-0.046457518,1.4135425,-0.9864575,-0.7064575,-0.38645753,2.1935425,-0.30645752,1.8535424,1.3335425,-2.5664575,0.9335425,-0.5164575,4.1335425,3.5535424,1.8835425
-0.66645753,0.6635425,-0.10645752,-6.0464573,-6.9964576,-7.9564576,-6.6364574,-8.486458,-7.0264573,-7.1564574,-7.5864577,-8.3464575,-9.796457,-9.216457,-7.3364577,-7.1664577,-6.3764577,-5.2664576,-4.4464574,-3.5664575,-2.4664576,-2.5364575,-0.5164575,-2.3964574,-2.0164576,-1.2164575,0.5535425,-0.66645753,3.3235426,4.2435427,1.1435425,4.6835423,5.9035425,4.9435425,4.4235425,-0.7664575,-1.8964576,2.1235425,-0.3464575,1.8235425,2.6835425
-3.8164575,-6.9064574,-9.366458,-10.676457,-9.626457,-8.966457,-7.7364573,-6.3764577,-6.0464573,-6.2264576,-6.4464574,-7.2564573,-8.376457,-7.0864577,-5.7164574,-4.8564577,-4.1564574,-3.0764575,-2.6064575,-2.1764574,-2.9164574,-2.4364576,-1.6964575,-0.6264575,-0.23645753,0.7435425,0.2735425,2.6635425,2.8435426,3.6335425,-1.0264575,0.6935425,0.7935425,3.3935425,0.07354248,-0.10645752,-0.4764575,1.3235425,-1.0364575,0.29354247,1.3035425
-5.3064575,-4.2664576,-8.076458,-7.1064577,-6.9964576,-6.3664575,-5.4664574,-5.9064574,-4.3864574,-3.5164576,-3.3364575,-4.4164577,-3.9864576,-5.5864577,-4.4964576,-2.7664576,-3.1364574,-2.5364575,-1.6164575,-1.4464575,-2.8764575,-1.8364575,-1.1764575,-0.5164575,-0.49645752,1.2035425,2.8935425,3.7535424,1.5135425,1.4735425,4.9035425,2.2335424,0.09354248,0.6335425,1.1935425,-0.7064575,1.0835425,6.6935425,4.8735423,4.4735427,5.7435427
-4.8064575,-7.0764575,-4.0264573,-3.1764574,-4.1864576,-4.3864574,-4.3664575,-3.8864574,-3.2864575,-3.5464575,-3.8064575,-3.7464576,-3.1864576,-2.7864575,-2.1464574,-2.2064576,-1.4064575,-0.17645752,-1.0364575,-0.97645754,-0.59645754,0.72354245,-0.05645752,-0.30645752,1.4335425,1.9435425,3.3435426,4.0235424,3.1535425,2.1735425,3.4035425,3.3635426,2.6335425,0.29354247,1.5435425,-0.36645752,-1.9064575,3.4235425,-0.2864575,-0.15645751,-0.23645753
-5.3564577,-4.8264575,-4.6364574,-4.7664576,-5.0064573,-4.3864574,-4.0464573,-3.2264576,-2.8364575,-3.1464574,-2.8464575,-2.3864574,-2.3564575,-1.4164575,-0.8864575,-0.4364575,0.3035425,0.9935425,-0.5064575,-0.01645752,2.0035424,1.0735425,1.9835424,1.4035425,3.2635424,2.7935424,3.6735425,2.6835425,3.1635425,3.7135425,2.4235425,1.9435425,0.3135425,2.4235425,3.0735426,6.2235427,3.0735426,4.6235423,6.1435423,6.1835423,-1.1864575
-4.1564574,-3.7364576,-3.7864575,-3.5964575,-3.4164574,-3.2864575,-2.9664576,-2.7064576,-2.6764574,-1.7764575,-1.8164575,-1.7964575,-0.66645753,-0.6764575,-0.13645752,0.2735425,0.09354248,0.48354247,0.7035425,1.9035425,2.7735424,2.7435424,2.6735425,3.3435426,2.3635426,3.6435425,2.8935425,5.4535427,4.0535426,4.1735425,2.4035425,2.5735426,2.0835426,2.6135426,4.9335423,4.6135426,0.89354247,0.9935425,-1.1964575,-0.6264575,0.8235425
-3.8864574,-4.0764575,-4.7364573,-3.8164575,-2.2264576,-2.8364575,-2.6164575,-2.6864576,-2.1064575,-0.8864575,0.5635425,1.4635425,1.8235425,0.9335425,0.45354247,0.4035425,1.2435424,2.9435425,2.8335426,3.0635424,3.1735425,3.8635426,4.1635423,3.0735426,3.0135424,2.7235425,2.2335424,2.1535425,3.9235425,5.9135423,6.2835426,5.1235423,5.4535427,5.1135426,1.4935424,0.33354247,-0.8964575,-0.90645754,-1.5264575,-0.3464575,-0.53645754
-2.6864576,-2.8364575,-3.0264575,-2.0464575,-1.6264576,-2.6564574,-2.5064576,-1.7164575,-2.2164576,-0.71645755,0.07354248,0.8735425,-0.26645753,-0.12645751,-1.5664575,0.84354246,2.5935426,1.8135425,1.4635425,4.0635424,3.6335425,3.4735425,3.5335424,3.5335424,2.9135425,2.7935424,2.6935425,3.2035425,3.8535426,5.3935423,4.6435423,5.4835424,3.8635426,5.6235423,5.8035426,0.07354248,-0.38645753,0.013542481,-1.1764575,-0.11645752,-0.6264575
-3.4364576,-3.1564574,-2.3064575,-2.5164576,-4.0464573,-0.32645753,-1.0964575,-3.3664575,-2.6564574,-0.8864575,0.5135425,1.3735424,-1.8464575,-3.6364574,-2.9264574,-2.2864575,-0.60645753,0.53354245,2.1035426,2.6535425,3.2335424,3.9835424,3.2335424,3.0535424,2.8335426,3.1035426,2.6335425,2.6335425,3.7235425,3.7435424,2.3835425,3.4935424,2.3635426,-1.5064576,-1.0664575,0.45354247,-1.4464575,0.5735425,0.21354248,-0.6164575,-0.06645752
-2.1264575,-1.3764576,-1.2564576,-3.2464576,-2.4864576,-2.3464575,-1.9464575,-2.3164575,-3.2864575,0.19354248,0.5635425,-0.17645752,-2.5364575,-3.6164575,-2.7164576,-0.96645755,0.3135425,0.6335425,2.4135425,3.2435424,1.9935424,1.6135424,3.7935424,2.7835424,3.5035424,3.1735425,3.7135425,2.0435424,1.0235425,1.3535424,1.7035425,0.5535425,0.07354248,-0.8764575,0.45354247,-1.1064575,-0.9864575,-1.4064575,-1.6664575,-1.1164575,-0.8764575
-1.9764575,-1.7364575,-1.2864575,-2.9064574,-3.2564576,-2.8464575,-3.4564576,-2.3164575,-0.6764575,0.44354248,-0.8964575,-1.3164575,-0.3764575,-2.4964576,-0.49645752,-0.05645752,0.6035425,1.0435425,2.3235426,2.0535424,2.9235425,3.6035426,2.5135424,3.1135426,2.2835424,2.7035425,2.0535424,1.8035425,1.1835425,1.3535424,0.9135425,0.35354248,1.4535425,1.4235425,1.3635424,1.4935424,1.2635425,0.4035425,-0.32645753,0.4935425,-0.9564575
-1.6364576,-2.0664575,-4.7464576,-3.5364575,-3.2864575,-2.2664576,-1.2464576,-1.2064575,-0.4064575,-0.6164575,-1.0064576,-1.5064576,-1.0964575,1.0135425,1.1735425,1.1635425,1.2735425,0.64354247,1.1035424,2.2435424,2.5335424,2.8535426,2.8235426,4.2435427,2.6835425,2.6935425,2.7735424,2.0835426,1.2235425,1.0035424,1.3635424,-0.36645752,0.90354246,1.4035425,2.1235425,2.3435426,0.08354248,0.6135425,0.07354248,-0.08645752,-1.0264575
