wind.json
{"header": {"discipline":0,"disciplineName":"Meteorological products","gribEdition":2,"gribLength":953,"center":7,"centerName":"US National Weather Service - NCEP(WMC)","subcenter":0,"refTime":"2023-06-28T18:00:00.000Z","significanceOfRT":1,"significanceOfRTName":"Start of forecast","productStatus":0,"productStatusName":"Operational products","productType":1,"productTypeName":"Forecast products","productDefinitionTemplate":0,"productDefinitionTemplateName":"Analysis/forecast at horizontal level/layer at a point in time","parameterCategory":0,"parameterCategoryName":"UnknownDiscipline_0_Category_0","parameterNumber":0,"parameterNumberName":"UnknownParameter_D0_C0_0","parameterUnit":"Unknown","genProcessType":2,"genProcessTypeName":"Forecast","forecastTime":240,"surface1Type":1,"surface1TypeName":"Ground or water surface","surface1Value":0.0,"surface2Type":255,"surface2TypeName":"Missing","surface2Value":0.0,"gridDefinitionTemplate":0,"gridDefinitionTemplateName":"Latitude_Longitude","numberPoints":688,"shape":6,"shapeName":"Earth spherical with radius of 6,371,229.0 m","gridUnits":"degrees","resolution":48,"winds":"true","scanMode":64,"nx":43,"ny":16,"basicAngle":0,"lo1":45.0,"la1":40.0,"lo2":87.0,"la2":55.0,"dx":1.0,"dy":1.0}, "data":
[rows 0 to 15 of 16, columns 0 to 42 of 43]
288.27512,283.6751,298.27512,301.07513,300.07513,297.77512,297.1751,295.47513,304.6751,305.07513,307.77512,305.47513,307.47513,303.6751,302.47513,305.97513,307.07513,306.1751,303.1751,301.57513,300.87512,300.27512,296.77512,297.6751,294.1751,291.77512,292.77512,283.87512,277.07513,278.87512,281.87512,293.27512,292.97513,294.07513,295.57513,294.87512,297.27512,296.77512,297.37512,298.6751,300.07513,301.1751,298.1751
289.1751,298.97513,302.27512,290.37512,296.77512,297.1751,297.07513,295.6751,301.57513,307.37512,305.87512,306.77512,306.07513,307.37512,306.77512,307.6751,306.1751,303.87512,303.77512,303.77512,304.57513,304.1751,303.57513,299.37512,297.6751,290.37512,294.97513,295.1751,291.57513,277.47513,277.87512,276.27512,278.27512,279.77512,287.87512,294.07513,296.07513,298.57513,298.07513,299.6751,300.07513,302.37512,301.27512
289.6751,289.27512,279.87512,294.57513,297.37512,297.1751,296.87512,295.07513,305.57513,305.47513,307.07513,306.97513,308.37512,306.57513,304.87512,304.37512,301.77512,301.47513,302.77512,303.87512,302.1751,301.6751,301.27512,299.87512,296.77512,287.27512,276.1751,275.6751,283.27512,276.47513,280.07513,277.27512,281.77512,271.87512,281.47513,262.97513,278.27512,294.47513,291.6751,295.57513,300.87512,293.27512,284.07513
291.27512,291.87512,295.37512,297.57513,297.47513,297.1751,297.27512,303.77512,305.57513,307.57513,305.47513,305.87512,306.6751,305.77512,302.07513,302.1751,302.77512,300.97513,300.1751,299.37512,299.47513,299.57513,300.87512,297.77512,297.07513,290.97513,292.87512,291.97513,292.77512,293.97513,292.27512,282.1751,273.07513,276.77512,281.87512,279.87512,283.87512,286.97513,278.57513,283.27512,283.1751,279.87512,279.27512
299.07513,300.57513,296.6751,297.77512,298.07513,297.37512,298.6751,303.57513,303.87512,305.1751,306.07513,306.47513,305.27512,301.87512,295.1751,294.57513,300.6751,300.6751,301.57513,300.47513,299.87512,299.07513,295.6751,292.27512,299.1751,298.6751,296.47513,297.57513,299.27512,296.37512,295.6751,295.1751,295.37512,292.57513,298.77512,292.47513,295.77512,289.6751,279.57513,277.47513,282.6751,293.87512,299.07513
298.57513,300.77512,299.47513,298.27512,298.1751,298.87512,299.77512,301.57513,303.37512,305.87512,304.57513,305.07513,303.27512,299.27512,295.6751,294.97513,291.97513,302.57513,302.87512,300.1751,298.47513,301.47513,302.07513,300.6751,298.47513,297.87512,295.87512,296.27512,292.47513,293.27512,294.47513,296.27512,300.6751,292.47513,280.97513,271.6751,284.77512,295.37512,297.37512,302.87512,302.6751,301.6751,302.27512
300.87512,301.97513,300.47513,298.77512,298.87512,297.77512,297.87512,297.47513,301.07513,302.97513,304.6751,304.57513,302.97513,301.87512,295.27512,294.57513,297.57513,300.97513,300.97513,300.77512,300.87512,301.1751,300.1751,298.6751,296.37512,296.57513,293.97513,293.37512,294.1751,290.57513,292.97513,296.37512,297.37512,299.57513,296.1751,291.57513,292.27512,291.6751,286.57513,290.27512,297.47513,301.87512,301.57513
301.87512,302.87512,300.97513,299.97513,303.6751,304.87512,302.1751,304.07513,304.97513,304.87512,305.6751,305.57513,303.6751,301.87512,301.47513,299.57513,299.27512,299.07513,297.97513,300.07513,299.07513,297.97513,298.47513,297.1751,295.77512,295.07513,291.77512,292.87512,292.47513,295.6751,294.57513,294.07513,295.07513,297.6751,297.77512,296.97513,295.27512,293.1751,287.87512,284.1751,279.77512,279.6751,295.37512
301.57513,298.87512,302.1751,300.97513,302.77512,303.27512,305.57513,305.37512,305.07513,304.07513,302.77512,302.37512,301.07513,299.6751,297.87512,298.77512,297.87512,298.87512,299.07513,298.87512,297.6751,293.97513,295.1751,293.1751,292.37512,291.77512,290.47513,287.07513,288.37512,289.47513,288.97513,290.77512,290.27512,292.27512,292.27512,288.6751,288.6751,291.07513,293.57513,288.37512,291.57513,293.47513,288.1751
292.07513,301.87512,299.97513,299.77512,300.47513,299.37512,303.1751,302.6751,301.27512,301.57513,300.77512,298.77512,296.87512,295.97513,294.47513,295.87512,295.6751,295.77512,294.97513,295.77512,294.6751,293.47513,290.6751,291.27512,292.07513,290.77512,289.07513,290.87512,289.97513,284.97513,285.6751,286.57513,287.6751,288.6751,289.97513,291.07513,290.1751,287.87512,289.07513,288.6751,275.1751,278.07513,274.07513
297.47513,298.37512,297.97513,297.77512,297.97513,297.77512,298.1751,298.47513,297.27512,297.37512,296.77512,295.6751,293.57513,292.27512,292.57513,292.27512,292.97513,293.47513,294.1751,293.6751,291.97513,292.57513,289.87512,290.1751,291.07513,290.47513,289.07513,289.27512,286.97513,290.57513,287.07513,288.1751,289.47513,291.27512,294.6751,292.77512,290.6751,289.07513,287.87512,285.1751,279.57513,276.37512,277.07513
294.6751,293.97513,295.87512,294.87512,294.97513,294.87512,294.97513,295.37512,295.1751,294.47513,293.97513,293.6751,291.37512,289.6751,291.47513,290.1751,289.87512,290.47513,290.87512,292.47513,291.27512,289.1751,289.57513,288.77512,290.87512,288.27512,288.87512,286.77512,288.77512,291.57513,292.47513,293.6751,295.27512,293.6751,291.1751,291.07513,288.6751,286.57513,284.1751,281.6751,279.57513,281.77512,280.37512
292.1751,290.77512,292.1751,293.1751,293.6751,293.57513,292.47513,292.37512,291.6751,291.37512,291.37512,291.27512,288.97513,287.77512,289.27512,289.07513,288.77512,288.77512,290.37512,291.87512,288.87512,289.77512,290.6751,287.47513,286.87512,286.87512,285.37512,289.57513,288.07513,292.27512,292.57513,293.27512,291.6751,292.27512,292.1751,288.37512,288.97513,287.97513,289.07513,288.57513,286.57513,287.6751,286.97513
290.87512,290.6751,289.37512,287.57513,290.6751,291.77512,291.37512,292.57513,294.1751,290.37512,288.07513,288.27512,287.1751,288.57513,290.47513,286.97513,287.1751,286.47513,287.57513,291.07513,291.57513,289.6751,288.6751,284.57513,288.27512,287.37512,287.1751,287.6751,290.1751,288.87512,289.97513,289.07513,290.1751,290.6751,290.6751,290.87512,288.6751,289.1751,292.57513,291.37512,287.97513,286.87512,287.87512
291.07513,290.27512,287.77512,287.47513,290.57513,289.6751,289.6751,288.97513,292.87512,292.37512,293.27512,289.37512,287.87512,285.87512,289.27512,286.97513,288.47513,286.47513,286.57513,285.6751,287.1751,287.87512,286.77512,286.27512,287.07513,286.97513,287.07513,289.97513,287.07513,287.1751,286.6751,287.97513,288.47513,292.07513,288.87512,288.87512,292.97513,292.37512,290.1751,292.1751,287.77512,287.1751,285.97513
289.07513,288.47513,289.6751,289.6751,291.47513,290.1751,290.27512,290.1751,292.1751,292.57513,293.37512,289.87512,288.87512,289.57513,286.6751,285.87512,290.27512,287.77512,287.27512,284.87512,285.77512,286.47513,285.37512,285.07513,288.47513,284.97513,283.87512,283.87512,287.87512,285.6751,285.77512,286.57513,287.6751,285.47513,291.37512,288.87512,291.27512,289.07513,288.77512,287.37512,287.87512,288.57513,288.07513
