wind_kz.json
{"header": {"discipline":0,"disciplineName":"Meteorological products","gribEdition":2,"gribLength":1025,"center":7,"centerName":"US National Weather Service - NCEP(WMC)","subcenter":0,"refTime":"2023-08-18T18:00:00.000Z","significanceOfRT":1,"significanceOfRTName":"Start of forecast","productStatus":0,"productStatusName":"Operational products","productType":1,"productTypeName":"Forecast products","productDefinitionTemplate":0,"productDefinitionTemplateName":"Analysis/forecast at horizontal level/layer at a point in time","parameterCategory":2,"parameterCategoryName":"UnknownDiscipline_0_Category_2","parameterNumber":3,"parameterNumberName":"UnknownParameter_D0_C2_3","parameterUnit":"Unknown","genProcessType":2,"genProcessTypeName":"Forecast","forecastTime":240,"surface1Type":103,"surface1TypeName":"Specified height level above ground","surface1Value":10.0,"surface2Type":255,"surface2TypeName":"Missing","surface2Value":0.0,"gridDefinitionTemplate":0,"gridDefinitionTemplateName":"Latitude_Longitude","numberPoints":615,"shape":6,"shapeName":"Earth spherical with radius of 6,371,229.0 m","gridUnits":"degrees","resolution":48,"winds":"true","scanMode":64,"nx":41,"ny":15,"basicAngle":0,"lo1":47.0,"la1":41.0,"lo2":87.0,"la2":55.0,"dx":1.0,"dy":1.0}, "data":
[rows 0 to 14 of 15, columns 0 to 40 of 41]
3.7665186,-1.0934814,0.5965186,-1.6834815,-1.2734815,-0.30348146,-0.7134814,-0.69348145,-0.89348143,-1.1234814,-1.2934815,-1.8234814,-2.8934815,-2.7734814,-3.5434813,-3.9134815,-4.4934816,-5.3434815,-6.3634815,-4.4434814,-6.4634814,-5.163481,-3.4734814,-1.5534815,-2.5534813,-1.2034814,-1.8234814,0.7165186,1.0565186,1.4765185,-4.9034815,-6.663481,-1.1034814,-5.6034813,-4.913481,-3.8234816,-6.413481,-2.9234815,-1.6134814,-1.9134815,-0.11348145
2.8665185,1.7965186,1.7665186,-2.3234816,-2.3334816,-0.23348145,-1.0334815,0.31651855,0.62651855,-0.67348146,-2.2934813,-3.8634815,-2.9634814,-3.5134814,-3.1534815,-3.4334815,-3.5234814,-5.7634816,-5.2834816,-4.6334815,-4.7834816,-6.1134815,-3.0034814,1.2165185,-1.8634814,-1.1534815,-3.2934813,0.5865185,-0.7734814,-0.023481445,3.9365187,1.8465185,-3.0834816,-4.6934814,-5.6434813,-8.703482,-4.3634815,-7.5234814,-6.2334814,-3.0534813,2.1065185
2.3965185,5.0465183,2.1465185,0.8965185,1.6265186,1.2165185,0.5265186,0.48651856,-0.50348145,-1.6234814,-1.8934815,-2.5934815,-3.3534815,-4.7834816,-1.3734814,-2.6334815,-3.2334814,-4.1434813,-4.3334813,-4.9634814,-4.4034815,-3.5734816,-6.2334814,-3.1034815,-0.86348146,0.87651855,-0.11348145,1.1665186,0.6565186,2.6265185,3.5765185,1.8165185,2.0865185,-0.93348145,-1.4434814,1.4065186,-1.6234814,-3.0834816,-1.2734815,0.5865185,2.7065187
2.4665186,4.5565186,-0.21348144,-1.2434814,1.3065186,1.5265186,2.2065187,2.6065185,2.7865186,1.7565186,0.68651855,-1.0834814,-2.7934813,-4.8334813,-3.8134813,-3.5534813,-2.4234815,-4.2534814,-2.6034815,-3.7434814,-4.5534816,-2.5634813,-1.7334814,-4.433481,-4.6534815,-3.7034814,-1.2034814,-0.35348144,4.4265184,3.5365186,2.6265185,-0.38348144,-0.6034815,-2.0434813,0.16651855,-0.39348143,1.6165185,2.7365186,-1.6334815,0.23651856,-2.4134815
2.0565186,1.4465185,-1.1334815,-1.9334815,3.7865186,2.7565186,3.0065186,3.5865185,3.2565186,4.6765184,3.3665185,2.8765185,1.5865185,-0.70348144,-4.0234814,-3.8434815,0.41651857,0.48651856,-2.5934815,-2.9734814,-1.5534815,-1.7834815,-2.1634815,-3.2334814,-3.6434815,-2.6634815,-2.5134814,-1.2434814,1.5265186,3.4865186,2.8465185,1.4265186,1.5865185,1.2765186,0.12651855,-0.62348145,-6.2834816,-2.5334814,-1.1834815,2.5765185,0.41651857
1.3565185,0.61651856,0.23651856,1.1765186,-0.11348145,-1.3034815,2.3965185,2.7365186,2.4165184,2.7765186,4.566519,3.0465186,3.6065185,1.7265185,0.29651856,-2.1234815,-3.8734815,-2.9534814,-0.63348144,-0.95348144,-2.6334815,-1.8334814,1.9465185,-0.73348147,-2.5434813,-2.2434814,1.9265186,2.2365186,-1.0234815,1.2165185,2.2665186,2.6565185,3.7165186,3.0265186,2.2265186,1.0265186,0.29651856,-2.8034813,-6.3834815,3.2165186,4.0765185
3.5965185,3.8165185,3.2065187,1.5765185,1.0565186,0.79651856,-0.88348144,3.9465187,2.9465187,3.4665186,2.5465186,1.0865185,0.10651855,2.9265184,2.5065186,2.0665185,0.35651857,-2.1634815,-3.4034815,0.44651854,-1.0134815,0.046518553,-2.3034813,-0.74348146,-1.2834815,-2.9934814,-0.55348146,2.6065185,2.3565185,2.5965185,1.1865185,1.2665186,4.0765185,3.4165184,0.046518553,-0.5334814,-0.9734814,-2.7034814,-2.5734816,-2.2734814,-5.2334814
5.8065186,4.8765187,4.6165185,4.6565185,4.2465186,3.6465185,2.2865186,1.0565186,3.9765186,3.6565185,3.4465187,2.4465187,1.2765186,-0.06348144,0.61651856,4.2365184,3.0365186,0.79651856,-1.3834815,-1.2434814,-0.73348147,0.33651856,-1.6434815,-2.1134815,-0.83348143,-0.023481445,-1.0234815,-1.7534814,1.1565186,3.2165186,-1.8434814,-2.3534815,3.6565185,2.8865185,2.8365185,0.9765186,0.8365185,2.9665186,0.95651853,2.1965187,-2.0634813
4.1365185,7.2265186,5.066519,4.7865186,3.3665185,4.0365186,3.3465185,1.8165185,1.7665186,2.2965186,2.3565185,2.6965187,2.7365186,2.5965185,2.0665185,5.1965184,3.6665184,1.7265185,-0.023481445,0.046518553,2.3165185,1.1865185,-1.1834815,-2.1434815,-1.4034815,1.1265186,-0.5234814,-2.4434814,0.14651856,0.63651854,-0.29348144,-0.93348145,-0.38348144,4.5965185,1.7765186,0.9765186,-2.7034814,-1.8534814,-3.7934813,-2.9934814,-0.043481447
3.0665185,2.6565185,2.2865186,2.3665185,2.4865186,2.4565187,2.4465187,2.1165185,1.6465186,0.23651856,-0.93348145,-0.63348144,-1.7034814,-0.86348146,2.0565186,3.3565185,3.4565187,1.3865186,-0.16348144,2.6465185,2.4165184,0.79651856,-0.6034815,-2.1534815,-1.5634815,0.91651857,1.6165185,2.3065186,2.0165186,-0.083481446,0.57651854,0.19651856,-0.043481447,1.9465185,0.69651854,0.54651856,0.21651855,-0.7234814,-1.9634814,-2.5434813,-2.1834815
3.2265186,3.7865186,3.0765185,2.4565187,2.3265185,2.1565185,2.1365185,1.9665185,0.9665186,-0.20348145,0.51651853,-0.0034814454,-1.5434815,-0.75348145,-1.4634814,0.07651856,2.2365186,2.3065186,1.7365185,1.4065186,1.8365185,1.9565185,0.49651855,-0.19348145,-1.0034814,0.56651855,-0.40348145,1.5665185,2.6465185,2.8665185,2.7165186,0.25651854,2.2065187,1.9265186,1.7965186,1.0965185,0.31651855,-0.19348145,0.40651855,-1.2234814,-1.4334815
3.3265185,3.4765186,3.9565187,3.7465186,3.6165185,3.0265186,2.3765185,1.1665186,0.62651855,1.8665185,0.82651854,-1.0934814,0.16651855,0.62651855,1.2465186,0.76651853,0.096518554,0.68651855,1.3765186,0.82651854,1.1765186,0.30651855,2.1265185,1.8265185,0.8965185,-1.2334814,0.42651856,2.3165185,1.2665186,2.1465185,1.9965186,2.7165186,1.4765185,1.7165185,2.0965185,1.9465185,1.3165185,2.4265184,2.1665184,1.5565186,-0.13348144
2.7565186,2.7465186,2.3665185,1.9565185,2.3565185,1.8765186,0.66651857,-0.19348145,3.1465185,1.8465185,1.0365186,1.2865186,2.3065186,1.4365185,1.1165185,1.5065186,0.8465186,0.31651855,-1.6934814,2.5265186,2.1365185,1.5465186,0.46651855,-0.083481446,-1.9834814,-2.5734816,-2.5534813,-1.7934815,2.5865185,2.3665185,2.8065186,2.6965187,2.6165185,2.3265185,2.1765184,2.3365185,1.5765185,1.5065186,3.6765184,2.3765185,0.7765186
2.7565186,0.42651856,0.8465186,2.0765185,0.49651855,1.0465186,0.60651857,0.30651855,0.56651855,2.9265184,1.0665185,0.5865185,0.5265186,0.68651855,1.9965186,1.5565186,0.36651856,0.62651855,0.74651855,1.3865186,1.6265186,1.2965186,0.54651856,1.0365186,0.7865186,-0.6634815,-2.6834815,-3.4534814,1.0765185,2.3465185,1.8965186,3.2465186,3.1065185,3.4665186,2.4765186,2.3065186,2.1065185,1.6265186,2.1765184,2.7165186,2.5265186
1.8265185,3.3365185,3.1565185,2.6665184,2.8465185,1.1965185,0.86651856,2.4165184,3.0165186,1.6565186,0.5865185,1.3865186,1.8665185,0.20651856,2.6365185,1.6965185,1.9565185,-0.0034814454,2.2565186,1.9965186,2.3565185,1.9065186,2.4565187,2.3865185,2.4565187,1.9165186,0.92651856,-0.48348144,-0.9734814,0.22651856,2.5465186,3.0165186,2.2165186,2.6765184,3.1265185,2.7265186,2.4265184,2.6465185,2.6265185,2.7965186,2.2265186
