wind_kz.json
{"header": {"discipline":0,"disciplineName":"Meteorological products","gribEdition":2,"gribLength":1025,"center":7,"centerName":"US National Weather Service - NCEP(WMC)","subcenter":0,"refTime":"2023-08-22T06:00:00.000Z","significanceOfRT":1,"significanceOfRTName":"Start of forecast","productStatus":0,"productStatusName":"Operational products","productType":1,"productTypeName":"Forecast products","productDefinitionTemplate":0,"productDefinitionTemplateName":"Analysis/forecast at horizontal level/layer at a point in time","parameterCategory":2,"parameterCategoryName":"UnknownDiscipline_0_Category_2","parameterNumber":3,"parameterNumberName":"UnknownParameter_D0_C2_3","parameterUnit":"Unknown","genProcessType":2,"genProcessTypeName":"Forecast","forecastTime":60,"surface1Type":103,"surface1TypeName":"Specified height level above ground","surface1Value":10.0,"surface2Type":255,"surface2TypeName":"Missing","surface2Value":0.0,"gridDefinitionTemplate":0,"gridDefinitionTemplateName":"Latitude_Longitude","numberPoints":615,"shape":6,"shapeName":"Earth spherical with radius of 6,371,229.0 m","gridUnits":"degrees","resolution":48,"winds":"true","scanMode":64,"nx":41,"ny":15,"basicAngle":0,"lo1":47.0,"la1":41.0,"lo2":87.0,"la2":55.0,"dx":1.0,"dy":1.0}, "data":
[rows 0 to 14 of 15, columns 0 to 40 of 41]
2.4685352,-2.161465,0.15853515,-6.9314647,-8.571465,-9.311465,-8.161465,-8.181465,-4.061465,0.41853514,-1.4414649,-2.691465,-3.401465,-4.921465,-6.791465,-8.091465,-8.551465,-10.001465,-11.581465,-8.551465,3.1985352,0.38853514,-3.2314649,-0.80146486,-2.7214649,0.63853514,-0.76146483,1.2585351,-0.37146485,-0.14146484,-0.021464843,1.5485351,0.34853515,-1.7714648,-1.2514648,0.29853517,-0.32146484,1.3185352,-0.21146484,-0.8914648,-2.2814648
1.0785352,0.12853515,-3.401465,-5.9914646,-7.421465,-8.291465,-7.9114647,-4.541465,-4.6814647,-2.2414649,1.1785351,2.068535,1.6085352,-0.21146484,-3.1114647,-6.021465,-7.791465,-9.1114645,-10.431465,-9.321465,-9.071465,3.358535,2.068535,0.14853516,0.108535156,-1.9114648,-4.6614647,0.6085352,-0.23146485,-0.071464844,0.86853516,1.3085351,-1.5714649,-0.36146486,-1.5814649,-1.2114649,-1.3414649,-3.0714648,-0.9714649,-2.3514647,-0.021464843
1.8185352,2.048535,-0.19146484,-3.3014648,-5.591465,-4.941465,-5.191465,-6.2414646,-4.8714647,-6.131465,-6.561465,-0.92146486,3.7585351,2.5285351,0.27853516,-2.401465,-4.061465,-5.1614647,-5.7014647,-5.6214647,-7.341465,-6.441465,1.6685351,-0.11146484,1.5885352,1.2985351,1.4985352,1.5685352,0.20853515,2.1685352,3.2585351,1.3685352,2.868535,-1.6914649,-0.021464843,2.0085351,2.4185352,-0.031464845,0.42853516,-0.24146484,-0.55146486
1.7385352,-1.7614648,-4.041465,-3.3114648,-3.5114648,-4.151465,-4.771465,-5.171465,-6.231465,-6.311465,-5.281465,-4.031465,6.348535,2.9885352,2.308535,-1.1814648,-2.9714649,-4.361465,-5.1814647,-6.881465,-5.7214646,-2.7514648,-3.6214647,0.88853514,3.068535,-1.1114649,-2.181465,-1.2414649,-1.1514648,-1.4714649,-0.37146485,-0.031464845,-1.8114648,1.8285352,-0.32146484,-2.6014647,-1.1114649,1.2985351,1.9485352,3.1685352,3.8885353
-3.411465,-6.781465,-6.321465,-3.5314648,-2.8314648,-1.9514649,-2.1014647,-2.931465,-3.631465,-2.6014647,-1.6014649,-0.94146484,6.668535,4.7985353,2.4485352,-0.9014648,-2.8214648,-3.2314649,-3.681465,-6.151465,-7.001465,-7.9114647,-2.901465,-2.161465,1.1885352,2.0085351,-0.17146485,-0.62146485,-1.8914648,-2.701465,-1.7414649,2.318535,2.848535,2.818535,-1.0914649,-1.6314648,-0.041464843,-0.0114648435,2.2485352,3.838535,2.308535
-2.3214648,-1.5714649,-3.911465,-4.6214647,-6.671465,0.57853514,-1.9914649,-2.421465,-4.521465,-8.391465,-8.681465,5.118535,6.538535,4.5085354,1.2285352,-1.2914648,-2.2614648,-3.5814648,-5.781465,-6.1614647,-6.4314647,-6.421465,-5.901465,-4.7414646,1.9185351,1.7185352,1.8285352,-2.3414648,-2.201465,0.40853515,-1.4914649,0.008535156,3.4385352,4.018535,3.6685352,2.868535,3.7585351,1.4085351,-1.1114649,-1.9814649,-2.3614647
-1.6814648,-2.201465,-5.2214646,-4.4314647,-5.4314647,-2.171465,-0.76146483,-2.401465,-1.1014649,-2.391465,-5.4714646,-4.731465,-4.901465,-0.82146484,-0.0114648435,0.028535156,-2.411465,-3.651465,-4.9314647,-4.921465,-5.081465,-6.691465,-5.2014647,-3.5614648,-4.071465,-3.151465,-0.94146484,-1.6714648,-3.3514647,-4.361465,-0.21146484,-2.5014648,-3.5514648,3.6585352,-1.1014649,-1.1714648,-2.681465,-0.7814648,0.62853515,0.27853516,-1.4714649
-1.7214649,-2.2314649,-2.7314649,-2.2514648,-3.0114648,-5.041465,-4.251465,-4.761465,0.008535156,-1.3414649,-3.1014647,0.34853515,1.0985352,2.348535,-0.66146487,1.8585352,-0.9614648,-2.6114647,-5.281465,-6.041465,-6.1614647,-7.321465,-7.1414647,-5.071465,-3.7314649,-1.4214648,-2.0314648,-2.161465,-1.8814648,-4.151465,0.57853514,0.75853515,-2.2714648,-3.451465,0.47853515,1.1485351,-0.5314648,0.16853516,0.80853516,0.86853516,-1.3814648
-3.0514648,-3.171465,-1.9514649,-1.9214648,-2.131465,-1.5314648,-3.0614648,-2.2714648,-2.201465,-0.35146484,-2.0714648,-2.5814648,-1.9814649,-5.251465,-7.981465,1.8685352,1.0785352,-1.7814648,-2.211465,-3.921465,-5.311465,-4.801465,-6.811465,-7.111465,-5.3714647,-4.1414647,-1.1314648,0.7285352,-0.81146485,0.98853517,-1.0514648,1.1385351,1.7885351,-1.3114648,0.24853516,2.9785352,-2.0614648,1.2385352,0.038535155,-0.68146485,-1.1914649
-1.9614649,-0.051464844,-1.1314648,-2.2814648,-1.2714648,-1.6214648,1.5585351,-0.31146485,0.6085352,-0.9614648,-2.5014648,-2.2614648,-1.3414649,-2.171465,-0.73146486,-1.9614649,-1.3714648,-1.8414649,-2.2714648,-1.5914649,-3.441465,-2.7714648,-3.3314648,-4.631465,-4.581465,-4.551465,-2.211465,-1.2514648,-0.73146486,-1.6114649,1.9585352,3.2785351,2.6385353,-1.3614649,-1.1414648,-0.041464843,0.73853517,-1.9514649,1.0485351,3.6585352,2.538535
-1.1014649,-2.4814649,-1.1814648,-3.2714648,-1.7914648,-2.2914648,-3.2414649,-1.6114649,-2.901465,-2.381465,-2.461465,-1.6214648,-2.0014648,2.4685352,0.35853517,-3.0114648,0.18853515,-1.7114649,-1.8314649,-1.1114649,-2.161465,-2.381465,-2.8114648,-3.0314648,-2.201465,-2.881465,-2.3714647,-3.461465,-3.0514648,-1.2914648,-0.11146484,-0.67146486,-0.62146485,0.12853515,4.218535,2.038535,1.4185351,3.108535,2.038535,1.9285351,0.93853515
-1.1814648,-0.09146485,-1.1514648,-2.6214647,-2.8014648,-3.9914649,-3.9814649,-3.8714647,-2.7314649,-0.67146486,-0.18146485,-2.5114648,-3.8114648,-1.9914649,1.1785351,-0.0014648438,0.64853513,-0.68146485,-0.44146484,-1.6814648,-1.7414649,-2.411465,-2.0214648,-1.1214648,-2.191465,-2.161465,-2.431465,-3.3214648,-3.141465,-0.55146486,1.1085352,3.4785352,-1.5914649,-0.60146487,3.2585351,1.5985352,3.358535,2.9785352,2.1285353,2.7785351,1.8985351
1.6185352,1.0185351,-1.0814649,-1.3114648,-2.2414649,-1.5114648,-1.8714648,-0.45146483,-4.111465,-4.261465,-0.54146487,-1.2814648,-1.7714648,0.44853514,0.80853516,1.0385351,-2.201465,-0.73146486,-0.7814648,-1.7014649,-0.7114648,-0.39146483,-0.86146486,-0.98146486,-0.98146486,-0.93146485,-2.661465,-3.1214647,-3.951465,-3.151465,-0.46146485,-0.57146484,-0.45146483,-1.6914649,2.3885353,2.2485352,-0.5214648,0.7185352,2.4185352,1.2385352,0.81853515
0.22853516,0.87853515,1.1585351,1.0585351,-0.45146483,-1.0314648,-1.2214649,-1.6114649,-1.1514648,-3.4714649,0.75853515,-0.5214648,-1.3514649,0.13853516,0.39853516,0.21853516,1.1085352,-0.79146487,-2.0914648,-1.6014649,0.018535156,-1.6714648,-1.9614649,-2.711465,-4.261465,-0.23146485,-1.3214649,-2.3314648,-2.8414648,-4.1614647,-4.441465,-1.9814649,-0.76146483,-1.2614648,2.1485353,3.588535,3.5185351,-0.31146485,1.7985351,1.6485351,1.2685351
-0.23146485,1.1485351,0.54853517,-0.17146485,-1.2614648,0.68853515,0.16853516,0.5285351,1.1085352,-0.8914648,-1.0714649,-0.101464845,0.89853513,-0.39146483,-1.9214648,-0.9614648,-1.1314648,-2.1114647,-1.7314649,-2.3114648,-2.7814648,-3.171465,-1.9914649,-2.5014648,-2.8514647,-2.7614648,-0.95146483,-1.4814649,-2.7314649,-2.901465,-3.3014648,-3.391465,-1.5614648,-1.6314648,-1.4514649,1.5585351,3.9985352,1.9985352,1.6485351,2.7385352,0.44853514
