wind.json
{"header": {"discipline":0,"disciplineName":"Meteorological products","gribEdition":2,"gribLength":1211,"center":7,"centerName":"US National Weather Service - NCEP(WMC)","subcenter":0,"refTime":"2023-06-27T06:00:00.000Z","significanceOfRT":1,"significanceOfRTName":"Start of forecast","productStatus":0,"productStatusName":"Operational products","productType":1,"productTypeName":"Forecast products","productDefinitionTemplate":0,"productDefinitionTemplateName":"Analysis/forecast at horizontal level/layer at a point in time","parameterCategory":2,"parameterCategoryName":"UnknownDiscipline_0_Category_2","parameterNumber":3,"parameterNumberName":"UnknownParameter_D0_C2_3","parameterUnit":"Unknown","genProcessType":2,"genProcessTypeName":"Forecast","forecastTime":0,"surface1Type":103,"surface1TypeName":"Specified height level above ground","surface1Value":10.0,"surface2Type":255,"surface2TypeName":"Missing","surface2Value":0.0,"gridDefinitionTemplate":0,"gridDefinitionTemplateName":"Latitude_Longitude","numberPoints":688,"shape":6,"shapeName":"Earth spherical with radius of 6,371,229.0 m","gridUnits":"degrees","resolution":48,"winds":"true","scanMode":64,"nx":43,"ny":16,"basicAngle":0,"lo1":45.0,"la1":40.0,"lo2":87.0,"la2":55.0,"dx":1.0,"dy":1.0}, "data":
[rows 0 to 15 of 16, columns 0 to 42 of 43]
1.4150269,-0.97497314,-3.124973,-0.26497313,2.155027,3.435027,0.51502687,-2.3049731,1.6250268,1.3650268,1.1150268,1.0450269,-1.2049731,-2.0349731,-2.3049731,-2.074973,-2.3049731,0.73502684,2.0550268,-1.0949731,-5.054973,-0.73497313,-2.074973,-3.114973,-4.3949733,-2.5349731,-2.9349732,-4.574973,-3.0349731,1.3350269,2.2350268,5.365027,1.4550269,1.5950269,-1.6149732,-0.064973146,1.8350269,1.2950269,-0.72497314,-1.7949731,-0.51497316,0.57502687,0.51502687
-1.7249732,-1.4249731,-1.0449731,1.8050269,-1.2549732,5.495027,2.3350267,-1.3949732,0.19502686,1.3650268,1.3950268,-0.08497314,-1.3149731,-1.8549732,-1.4549731,-2.2149732,-2.4249732,-2.2149732,-0.52497315,-0.30497316,-0.7449731,-1.8949732,-0.7549732,-1.1349732,-2.7049732,1.9150269,2.4450269,1.5950269,-0.6849731,1.0250268,-1.8549732,-0.91497314,1.5650269,3.115027,0.015026855,2.6950269,2.0050268,0.91502684,-0.66497314,-1.0349731,0.045026854,3.345027,2.1950269
0.16502686,2.3250268,-0.23497315,-1.8549732,1.7050269,3.115027,1.6950269,-1.0649731,0.23502685,1.7750268,0.57502687,-1.5149732,-3.094973,-3.2449732,-2.9949732,-2.2449732,-3.1949732,-3.644973,-4.244973,-1.8249731,-1.7749732,-1.4949732,-1.4949732,-0.45497313,0.60502684,0.38502684,3.8050268,3.7350268,3.5750268,3.0650268,-0.82497317,2.885027,-1.2949731,1.4050269,0.95502687,1.4250269,2.7150269,2.9550269,2.4550269,1.9550269,1.8250269,1.4650269,-0.8049731
-0.76497316,-1.3449731,-2.594973,1.5250268,2.8250268,1.9350269,0.37502685,1.9250269,0.86502683,-0.59497315,-1.1449732,-3.0149732,-3.7749732,-4.1049733,-4.454973,-5.1649733,-4.804973,-4.574973,-4.634973,-3.2149732,-3.2249732,-1.4849732,-1.7649732,-1.4849732,0.20502685,3.0350268,0.61502683,-1.7049731,-3.404973,-1.5149732,-0.8649731,-2.104973,-0.84497315,2.885027,1.4250269,2.3250268,0.055026855,-1.9249731,-4.0649734,2.405027,-2.0249732,1.2750268,0.95502687
-1.8849732,2.5350268,3.0050268,0.9950268,1.2450268,1.2550268,1.6450268,0.78502685,-0.52497315,-1.2549732,-1.3549732,-1.9949732,-2.4149733,-2.854973,-3.2149732,-3.1749732,-6.154973,-5.614973,-4.2949734,-3.9949732,-3.7549732,-2.7749732,-1.0549731,1.7750268,-4.3749733,-1.7349732,-1.2449732,2.425027,0.6250269,1.3850268,-0.25497314,-0.88497317,6.0650268,2.425027,1.3650268,-1.1149732,1.8350269,2.0150268,3.8050268,2.8150268,-3.564973,-2.344973,-1.7149731
-0.6149731,-0.014973145,1.8250269,1.1250268,0.89502686,-0.67497313,-0.6149731,-0.5049732,-1.1449732,-1.3149731,-1.6949731,-2.7049732,-3.584973,-3.9849732,-3.7749732,-4.004973,-2.884973,-4.1249733,-3.824973,-2.7549732,-1.4049731,-1.6749731,-1.5249732,-1.9749732,-1.2749732,-1.4349731,-1.3149731,1.0850269,3.5450268,5.135027,1.8150269,4.2050266,5.725027,-0.11497314,1.5650269,-2.104973,0.7550269,2.2350268,2.595027,-0.13497314,-0.70497316,0.42502686,1.3350269
1.2350268,1.8650268,1.9850268,3.0050268,0.51502687,0.035026856,-0.37497315,-2.384973,-2.094973,-3.3049731,-4.1849732,-4.774973,-5.264973,-5.404973,-4.924973,-3.4249732,-5.074973,-3.9449732,-3.7749732,-2.7949731,-1.2849731,-1.4349731,-0.31497315,-0.22497314,-1.8849732,-2.614973,-0.85497314,-0.48497313,1.8550268,5.545027,4.285027,5.615027,4.6050267,3.5350268,1.4750268,-0.8049731,-3.314973,11.285027,-2.4649732,3.7250268,1.7750268,2.185027,3.125027
1.2050269,-0.28497314,-0.39497316,2.105027,1.7550268,0.115026854,-0.88497317,-3.334973,-3.7349732,-3.9749732,-4.514973,-4.9349732,-5.094973,-4.8749733,-5.264973,-5.6249733,-5.754973,-4.974973,-4.454973,-3.9249732,-3.0549731,-1.9249731,0.33502686,0.70502687,0.44502684,-0.7449731,-0.22497314,0.8850269,1.6950269,3.2150269,7.975027,6.8550267,4.285027,6.945027,6.325027,6.775027,5.245027,3.8350267,2.7550268,3.165027,2.0150268,4.3550267,5.485027
-0.12497315,2.615027,2.8250268,1.7350268,-0.9349731,-2.2249732,-2.9249732,-3.6849732,-4.534973,-4.614973,-4.7949734,-5.024973,-5.364973,-5.574973,-6.0449734,-6.704973,-7.234973,-6.034973,-5.174973,-3.9749732,-2.114973,-1.2949731,0.13502686,2.7450268,2.0250268,2.2250268,1.0250268,2.0250268,3.845027,5.245027,6.235027,8.035027,8.515027,7.6650267,9.595027,10.215027,7.015027,3.665027,-0.104973145,-0.034973145,-0.104973145,1.2450268,3.6950269
4.8150268,2.875027,0.8150269,0.6950269,-1.5849731,-2.9349732,-3.124973,-3.7949731,-4.724973,-5.844973,-5.674973,-5.484973,-4.8149734,-5.364973,-6.924973,-7.974973,-7.8949733,-7.744973,-6.884973,-5.654973,-3.094973,-1.0149732,1.0750269,1.7050269,3.7150269,3.5750268,3.375027,3.625027,4.365027,5.1050267,6.525027,7.9350266,10.885027,9.925027,11.175027,10.215027,7.8550267,7.6050267,5.365027,3.4950268,2.5150268,2.5850267,1.8850268
1.4550269,1.7950269,1.5850269,-0.40497315,-1.1549731,-1.7449732,-3.144973,-4.0449734,-4.534973,-5.444973,-6.674973,-5.824973,-4.984973,-5.6849732,-7.0449734,-7.6449733,-8.064973,-7.054973,-5.1449733,-5.094973,-2.104973,1.1650269,0.72502685,2.7750268,1.8050269,3.5250268,4.765027,4.8750267,4.325027,4.485027,4.575027,4.235027,4.5650268,10.205027,10.675027,11.175027,10.455027,8.5750265,4.215027,3.125027,2.0550268,2.5750268,1.7050269
1.9450269,0.8150269,1.4450269,0.36502686,0.115026854,-1.3049731,-2.2549732,-3.6649733,-5.054973,-5.004973,-6.224973,-6.504973,-5.214973,-5.454973,-7.954973,-8.574973,-8.194973,-8.414973,-7.964973,-7.214973,-5.254973,-0.72497314,3.0850267,5.3150268,3.5550268,6.865027,4.995027,3.425027,5.555027,6.255027,3.9750268,3.9750268,1.5350269,-3.834973,8.745027,9.535027,10.205027,10.135027,6.215027,3.7250268,3.9950268,2.415027,1.2650268
1.8950268,2.7350268,1.7950269,0.39502686,-0.31497315,-1.6149732,-2.824973,-3.404973,-4.6849732,-5.6449733,-6.3749733,-6.3349733,-5.7949734,-6.574973,-8.484973,-9.464973,-9.224973,-9.284973,-10.114973,-10.494973,-8.704973,-6.0449734,-1.2449732,4.505027,6.9150267,6.045027,3.4750268,5.1850266,6.115027,3.655027,5.215027,6.1250267,5.195027,4.985027,6.985027,8.875027,8.995027,10.115026,7.4550266,5.1450267,3.2650268,2.7550268,1.4450269
2.2850268,3.8250268,1.4250269,-0.40497315,-1.3649732,-1.3949732,-1.7049731,-2.5249732,-4.034973,-4.154973,-6.8349733,-6.494973,-4.5449734,-5.1649733,-8.024973,-9.994973,-8.754973,-8.974973,-9.784973,-11.224973,-10.504973,-9.254973,-7.1849732,0.24502686,4.195027,5.255027,5.925027,4.8550267,5.055027,5.485027,5.635027,4.615027,8.895027,8.375027,9.685027,8.295027,9.605027,5.3550267,5.525027,3.685027,5.075027,5.845027,3.415027
1.7050269,1.5150268,0.65502685,-0.72497314,-1.9049731,-2.574973,-2.9349732,-2.854973,-2.6949732,-3.9349732,-4.924973,-4.6249733,-4.364973,-5.174973,-7.654973,-8.104973,-10.064973,-8.854973,-8.984973,-9.704973,-10.4249735,-10.6749735,-9.204973,-7.3349733,-1.2349732,2.605027,4.0650268,5.995027,6.005027,5.5850267,4.8350267,6.675027,9.495027,8.275027,3.1950269,2.0350268,4.805027,6.035027,4.695027,3.2850268,4.9550266,4.135027,3.7050269
2.125027,0.7450268,-0.67497313,-1.3449731,-0.54497313,-1.3549732,-2.594973,-2.894973,-3.1949732,-3.334973,-4.6449733,-4.404973,-3.0549731,-4.3949733,-4.8149734,-5.274973,-10.004973,-9.334973,-8.744973,-8.954973,-9.654973,-10.264973,-9.244973,-8.964973,-6.994973,-6.4349732,-4.514973,2.0850267,4.055027,2.8250268,3.8050268,3.5650268,5.285027,5.975027,7.015027,7.135027,4.655027,4.845027,2.4750268,1.8350269,3.7450268,4.385027,2.405027
