wind_kz.json
{"header": {"discipline":0,"disciplineName":"Meteorological products","gribEdition":2,"gribLength":871,"center":7,"centerName":"US National Weather Service - NCEP(WMC)","subcenter":0,"refTime":"2023-10-04T06:00:00.000Z","significanceOfRT":1,"significanceOfRTName":"Start of forecast","productStatus":0,"productStatusName":"Operational products","productType":1,"productTypeName":"Forecast products","productDefinitionTemplate":0,"productDefinitionTemplateName":"Analysis/forecast at horizontal level/layer at a point in time","parameterCategory":0,"parameterCategoryName":"UnknownDiscipline_0_Category_0","parameterNumber":0,"parameterNumberName":"UnknownParameter_D0_C0_0","parameterUnit":"Unknown","genProcessType":2,"genProcessTypeName":"Forecast","forecastTime":60,"surface1Type":1,"surface1TypeName":"Ground or water surface","surface1Value":0.0,"surface2Type":255,"surface2TypeName":"Missing","surface2Value":0.0,"gridDefinitionTemplate":0,"gridDefinitionTemplateName":"Latitude_Longitude","numberPoints":615,"shape":6,"shapeName":"Earth spherical with radius of 6,371,229.0 m","gridUnits":"degrees","resolution":48,"winds":"true","scanMode":64,"nx":41,"ny":15,"basicAngle":0,"lo1":47.0,"la1":41.0,"lo2":87.0,"la2":55.0,"dx":1.0,"dy":1.0}, "data":
[rows 0 to 14 of 15, columns 0 to 40 of 41]
288.896,282.496,285.496,293.896,293.796,292.19598,290.69598,292.096,290.19598,290.896,288.296,288.496,286.496,290.69598,291.896,289.596,291.096,289.896,290.296,291.496,292.19598,290.596,292.096,284.396,290.19598,293.396,288.396,275.19598,275.296,276.096,273.796,270.096,282.996,289.396,290.496,291.296,290.096,290.19598,291.096,290.69598,289.596
265.596,284.996,293.896,293.796,293.896,291.69598,289.996,289.396,288.396,288.796,288.69598,286.096,289.19598,286.596,290.496,291.296,291.596,290.896,290.496,290.096,292.096,291.496,290.496,281.996,273.896,274.69598,281.296,274.496,275.096,273.096,277.496,269.596,276.19598,254.29599,271.496,286.996,285.096,287.896,290.69598,283.096,283.69598
287.896,293.396,293.296,292.896,291.19598,288.596,287.996,288.896,287.596,287.296,286.796,284.796,285.796,288.096,289.69598,289.296,288.69598,286.396,289.19598,290.896,292.896,292.596,291.096,286.896,290.396,288.896,287.69598,286.896,284.496,278.096,271.19598,274.19598,280.596,279.096,280.496,280.996,273.096,275.096,275.19598,269.896,270.896
289.096,292.096,292.996,292.19598,290.796,287.896,289.896,288.296,289.596,287.396,287.096,283.796,290.19598,289.596,287.996,288.896,289.396,289.396,289.896,290.996,291.396,286.896,290.296,288.296,289.796,290.496,292.596,290.596,288.396,285.796,287.69598,286.496,291.396,291.296,287.296,283.396,273.296,265.096,275.896,282.096,285.496
291.596,291.896,292.296,291.496,290.69598,288.996,289.496,288.69598,289.496,288.596,285.896,282.396,289.096,287.996,286.496,289.496,287.896,290.69598,290.296,291.896,292.19598,291.996,289.996,290.896,289.19598,291.796,289.796,289.896,290.296,288.596,289.69598,290.19598,279.596,270.596,280.896,286.396,288.096,289.596,289.596,289.19598,288.796
291.796,288.996,290.096,290.69598,290.896,290.296,287.996,289.496,288.996,288.596,286.796,285.19598,287.996,288.896,287.596,288.396,289.596,289.69598,291.096,292.096,290.69598,287.69598,288.19598,289.996,290.996,289.19598,286.596,288.19598,288.796,291.096,288.596,287.296,285.996,287.69598,287.69598,288.69598,280.896,282.596,285.896,287.096,287.096
289.496,287.69598,291.396,291.596,289.796,288.396,288.796,288.296,290.896,291.19598,288.396,284.796,284.096,284.19598,286.896,287.69598,288.296,288.396,289.69598,289.19598,285.296,286.896,287.896,287.396,286.496,286.19598,287.69598,288.896,284.796,284.296,284.396,285.396,286.596,287.496,286.796,285.19598,281.19598,277.496,275.396,273.19598,283.596
290.896,287.996,289.796,290.19598,291.996,289.996,289.19598,288.796,286.896,286.19598,286.496,285.496,283.19598,285.796,285.69598,287.596,287.896,288.596,289.296,285.396,284.396,283.396,284.796,285.896,285.096,282.396,282.296,282.596,280.996,282.896,282.19598,282.796,282.69598,280.69598,281.096,281.296,283.396,285.496,286.69598,283.896,281.296
290.496,290.296,288.69598,287.096,287.896,287.69598,286.296,285.996,284.596,284.19598,284.096,283.896,283.496,282.896,282.896,285.496,287.796,288.296,287.69598,285.896,282.396,281.296,283.19598,283.496,282.396,282.896,280.296,279.996,279.596,277.69598,278.396,278.69598,279.796,281.19598,280.596,279.796,280.796,279.896,271.096,271.396,271.69598
286.496,289.096,290.496,289.796,286.69598,286.69598,284.796,284.796,283.69598,282.596,282.19598,282.496,282.69598,282.096,282.096,285.996,287.19598,287.69598,287.096,286.496,283.896,283.396,283.896,283.69598,283.69598,282.296,282.19598,281.796,280.996,280.096,279.496,280.796,282.19598,282.096,281.596,280.896,279.896,276.596,273.896,272.19598,269.096
287.996,286.896,286.396,286.296,286.19598,285.69598,285.396,285.096,284.496,286.996,283.396,285.396,281.896,283.596,283.796,284.596,283.596,287.096,286.596,284.996,284.596,283.69598,283.496,283.596,283.296,283.19598,280.896,282.596,282.19598,282.896,282.796,282.296,281.896,282.496,281.596,280.096,277.896,274.996,274.296,274.996,273.19598
284.496,286.996,284.896,284.596,284.896,284.896,283.596,285.596,286.396,285.396,281.596,281.19598,280.496,279.996,281.096,282.396,285.19598,285.796,286.096,284.596,282.996,282.596,282.19598,282.396,282.19598,282.69598,283.096,283.396,283.296,283.096,281.996,281.796,281.996,279.69598,280.596,280.396,280.496,279.096,278.796,278.496,277.796
284.496,284.796,285.496,283.796,284.096,283.596,283.496,282.69598,281.596,281.19598,280.996,276.69598,278.996,278.896,280.996,282.69598,283.796,284.296,285.296,284.19598,283.596,281.896,280.896,280.996,282.296,283.096,283.69598,282.996,282.896,282.096,282.19598,281.996,281.296,280.796,280.496,280.796,280.096,281.19598,279.096,277.996,277.796
285.596,285.596,285.19598,285.896,283.496,282.796,282.496,281.596,280.496,280.496,279.496,277.69598,281.19598,279.596,283.096,283.796,283.796,283.596,284.096,284.496,283.596,282.996,283.096,283.19598,283.396,283.19598,282.496,282.796,282.19598,282.096,281.796,281.296,280.996,280.096,280.096,279.096,279.396,278.996,278.796,278.096,276.396
285.096,285.496,284.896,284.69598,283.596,281.796,281.69598,280.19598,279.896,279.496,279.396,278.496,280.496,278.396,282.396,283.496,283.896,283.596,283.996,284.396,284.596,283.896,283.396,282.896,282.996,282.896,282.496,281.896,282.096,281.69598,281.896,282.096,280.596,280.19598,280.096,280.596,280.19598,279.096,279.096,278.19598,277.796
