wind_kz.json
{"header": {"discipline":0,"disciplineName":"Meteorological products","gribEdition":2,"gribLength":1102,"center":7,"centerName":"US National Weather Service - NCEP(WMC)","subcenter":0,"refTime":"2023-10-04T12:00:00.000Z","significanceOfRT":1,"significanceOfRTName":"Start of forecast","productStatus":0,"productStatusName":"Operational products","productType":1,"productTypeName":"Forecast products","productDefinitionTemplate":0,"productDefinitionTemplateName":"Analysis/forecast at horizontal level/layer at a point in time","parameterCategory":2,"parameterCategoryName":"UnknownDiscipline_0_Category_2","parameterNumber":2,"parameterNumberName":"UnknownParameter_D0_C2_2","parameterUnit":"Unknown","genProcessType":2,"genProcessTypeName":"Forecast","forecastTime":180,"surface1Type":103,"surface1TypeName":"Specified height level above ground","surface1Value":10.0,"surface2Type":255,"surface2TypeName":"Missing","surface2Value":0.0,"gridDefinitionTemplate":0,"gridDefinitionTemplateName":"Latitude_Longitude","numberPoints":615,"shape":6,"shapeName":"Earth spherical with radius of 6,371,229.0 m","gridUnits":"degrees","resolution":48,"winds":"true","scanMode":64,"nx":41,"ny":15,"basicAngle":0,"lo1":47.0,"la1":41.0,"lo2":87.0,"la2":55.0,"dx":1.0,"dy":1.0}, "data":
[rows 0 to 14 of 15, columns 0 to 40 of 41]
1.0159497,-0.07405029,-0.6740503,-2.7340503,-4.1140504,-6.45405,-4.8240504,-6.6740503,-8.08405,-5.85405,-5.10405,-4.8240504,-4.1740503,-3.0640502,-2.5740502,-1.7040503,-1.5840503,0.33594972,-3.4240503,-0.7540503,1.4459497,1.9059497,2.6559496,-2.0740502,-0.5740503,-2.0040503,-2.4540503,0.4259497,1.4359497,0.9959497,-0.7340503,1.6859497,0.4559497,-0.7640503,-3.6740503,-3.1940503,-3.4640503,-3.2640502,-3.5040503,-4.02405,-3.5640502
2.4059496,0.8459497,-3.2940502,-3.5540502,-5.3240504,-6.1340504,-4.1540504,-6.54405,-4.4640503,-3.9040504,-3.5840502,-3.9540503,-2.4640503,-1.8040503,-1.8640503,-1.9840503,-0.74405026,-2.9540503,-1.2140503,0.4259497,1.7359498,-0.024050293,1.4059497,-2.7540503,0.8359497,0.8359497,0.21594971,1.5259497,-0.024050293,-0.4240503,0.3259497,-0.3240503,0.7859497,-2.9540503,0.10594971,-1.3240503,-0.7240503,0.8259497,-1.9840503,-0.4040503,-1.5540503
-0.004050293,-5.7540503,-4.5340505,-6.02405,-6.4740505,-5.0140505,-5.0540504,-3.4240503,-4.5940504,-3.5040503,-3.2140503,-3.0840502,-2.0140502,-2.1740503,-2.1540504,-2.0640502,-2.3640504,-0.7840503,0.7759497,1.8259497,2.9459498,5.7559495,4.5259495,3.0159497,-0.6740503,4.39595,4.33595,0.5659497,-2.1940503,-0.44405028,0.17594971,2.3359497,-0.1340503,-0.5640503,0.5759497,-1.0240502,-0.3940503,0.4859497,-0.6240503,0.6859497,2.2959497
-3.7940502,-5.3040504,-5.4240503,-5.52405,-4.5940504,-3.3640504,-1.7840503,-3.9340503,-3.2940502,-3.1440504,-2.0640502,-0.8840503,-2.4640503,-3.3340502,-2.3640504,-2.0640502,-1.1940503,-0.18405029,0.8659497,1.6359497,2.0859497,-0.9640503,6.97595,5.7159495,4.3659496,2.5059497,6.5259495,2.4059496,1.8359497,1.5659497,-2.0240502,-3.0640502,-2.2940502,-2.9440503,-2.3940504,-2.3340502,-1.5740503,2.3059497,1.0859497,0.3759497,-1.4140503
-0.5940503,-2.2040503,-3.0240502,-3.4940503,-3.1440504,-2.6640503,-2.8040502,-1.7740502,-2.4840503,-2.2140503,-2.1140504,-0.6040503,-1.4540503,0.7759497,-1.9840503,-0.8840503,-0.99405026,-0.11405029,1.0959496,2.3059497,3.3559496,4.6359496,4.79595,4.56595,6.33595,8.185949,6.4859495,4.5759497,3.7459497,3.4559498,2.7159498,-1.4240503,-1.6540504,2.0659497,-0.38405028,-0.4340503,-1.8640503,-2.5040503,-1.8840503,-2.4040504,-3.4840503
-0.5340503,-0.17405029,1.7459497,-0.094050296,-0.25405028,-0.2240503,-0.3740503,-0.61405027,0.075949706,-0.5240503,-0.7040503,-1.0540503,-0.6040503,-0.9240503,-2.2940502,-0.5040503,0.4859497,0.2659497,0.4859497,2.0659497,0.9359497,1.7859497,3.9159498,2.1159496,4.20595,6.0059495,12.87595,9.71595,6.0959496,3.5959496,2.1659498,0.4359497,-1.9640503,-1.5940503,0.04594971,-5.08405,0.5959497,-2.9540503,0.0059497072,-2.4540503,-3.1840503
0.7759497,0.6659497,0.94594973,1.4759498,2.3659496,1.4359497,1.0959496,1.4559497,1.9859498,2.4959497,1.9759498,1.0759497,0.50594974,0.3759497,1.1259497,0.63594973,0.7059497,1.1059498,0.18594971,0.7159497,-0.5140503,0.3159497,0.21594971,2.5559497,4.12595,5.5259495,4.9659495,6.87595,4.0059495,2.2559497,-1.9040504,-2.7340503,-2.6940503,-5.4040504,-5.79405,-3.1540504,-0.8140503,3.1459496,-3.3340502,2.2359498,1.0459497
1.3059497,1.3559498,1.7259498,2.1759498,2.1559496,2.2959497,2.8859496,2.3759496,3.1159496,2.2659497,2.2159498,1.8659497,1.5859497,1.3859497,1.6359497,1.5859497,1.3559498,0.8659497,0.8159497,0.36594972,1.3959497,0.6559497,-0.12405029,-0.15405029,2.4659498,2.8159497,4.04595,0.7059497,3.4759498,2.2959497,-0.4340503,-0.74405026,-3.1140504,1.4459497,-1.7240503,-1.3140503,-2.7740502,-7.4840503,-7.83405,-7.6940503,-2.9440503
3.5059497,2.7159498,2.6659498,1.9859498,2.3859496,2.3859496,2.4059496,2.0259497,2.4059496,2.1859498,2.7959497,2.5359497,3.4559498,2.8159497,2.9159498,2.2759497,2.2259498,1.5059497,1.2859497,1.5459497,1.4159497,1.9759498,1.4559497,0.5759497,0.5359497,3.2459497,3.0959496,3.4359498,1.4459497,0.33594972,1.3659497,0.9559497,2.5559497,0.5559497,-2.1840503,-3.6440504,-0.3740503,-3.6440504,-2.6140504,-1.0640503,-1.2740502
2.3159497,1.7059497,2.8459496,2.0159497,1.9559497,1.6459497,2.2859497,1.7259498,2.3759496,1.9759498,3.2659497,3.3859496,2.8959496,3.9059496,3.7159498,3.6159496,3.2259498,2.7259498,2.0859497,2.0459497,2.0759497,2.3259497,2.6959498,2.5859497,0.015949707,1.8259497,2.9859498,1.2559497,1.1259497,-0.4840503,0.75594974,3.7659497,1.3359497,-0.35405028,-0.9340503,-1.4240503,-2.8540504,-0.8140503,-1.2440503,0.2259497,-1.7240503
2.8059497,3.0159497,0.3759497,0.2259497,1.0959496,0.6459497,1.4659497,2.0259497,2.0259497,2.2859497,2.4459498,3.1459496,3.2259498,3.6959498,3.5859497,3.5859497,3.8259497,3.7159498,3.0459497,3.2159498,2.8759496,2.6559496,2.2759497,2.0859497,1.9659497,0.27594972,1.8359497,2.1259496,1.8359497,2.5359497,1.8359497,4.3059497,3.0759497,0.2659497,-0.4340503,-1.6040503,-1.9140503,0.06594971,-1.4240503,0.7059497,-1.4940503
1.8059497,-0.054050293,0.7159497,1.7559497,0.5659497,0.5659497,0.5259497,1.4959497,1.5559497,1.1259497,0.8959497,2.6759498,2.5959496,2.9359498,3.8159497,4.1359496,4.47595,4.1759496,2.4459498,3.5759497,3.1759498,2.9259498,2.4159498,2.0659497,2.2359498,2.5259497,2.0059497,2.5359497,3.2559497,2.9659498,2.2859497,4.0059495,0.3759497,0.1659497,0.025949707,2.1159496,0.1459497,-1.0440503,-0.2740503,-0.6440503,-0.8740503
1.2359498,1.3859497,2.1459496,0.3859497,0.6059497,-0.15405029,0.2559497,0.7259497,1.5259497,0.7459497,0.4759497,1.6259497,2.6559496,3.3159497,3.8459496,4.0759497,3.7059498,3.5659497,2.7959497,2.8659496,2.7159498,2.7359498,2.4659498,2.5159497,3.4159498,3.1259496,3.5659497,3.1959498,2.4159498,1.8559498,1.7859497,1.6459497,1.4159497,2.7559497,-1.5840503,0.8659497,0.30594972,-1.0940503,-1.6440502,-1.1940503,-1.4040504
1.5659497,1.0759497,1.7359498,0.50594974,-0.2440503,0.2259497,0.7059497,1.1459497,1.1259497,1.0059497,0.23594971,0.9859497,1.9559497,3.2359498,3.6859498,3.3059497,3.2859497,2.9559498,2.6459496,2.9359498,2.9959497,2.7759497,3.2359498,3.1759498,3.2059498,2.9159498,2.6959498,3.1359496,2.3959496,1.5259497,1.0259497,0.9559497,0.5459497,0.5259497,2.6959498,-1.7040503,0.3559497,0.12594971,-1.8840503,-0.5640503,-1.0340503
0.8659497,0.88594973,1.8259497,0.5259497,1.0959496,1.0059497,1.8759497,0.63594973,1.3959497,1.0859497,-0.4940503,1.3359497,1.6959497,1.4359497,3.5359497,3.2259498,3.0859497,3.1959498,2.8059497,3.0559497,3.1259496,2.9859498,2.8159497,2.9759498,2.9759498,2.7759497,2.8959496,2.6759498,2.1559496,2.4259498,1.9759498,-0.5840503,0.7259497,0.055949707,0.6459497,1.1959497,-0.7940503,0.8059497,1.7459497,-0.35405028,-1.4840503
