wind_kz.json
{"header": {"discipline":0,"disciplineName":"Meteorological products","gribEdition":2,"gribLength":1025,"center":7,"centerName":"US National Weather Service - NCEP(WMC)","subcenter":0,"refTime":"2023-08-27T06:00:00.000Z","significanceOfRT":1,"significanceOfRTName":"Start of forecast","productStatus":0,"productStatusName":"Operational products","productType":1,"productTypeName":"Forecast products","productDefinitionTemplate":0,"productDefinitionTemplateName":"Analysis/forecast at horizontal level/layer at a point in time","parameterCategory":2,"parameterCategoryName":"UnknownDiscipline_0_Category_2","parameterNumber":3,"parameterNumberName":"UnknownParameter_D0_C2_3","parameterUnit":"Unknown","genProcessType":2,"genProcessTypeName":"Forecast","forecastTime":0,"surface1Type":103,"surface1TypeName":"Specified height level above ground","surface1Value":10.0,"surface2Type":255,"surface2TypeName":"Missing","surface2Value":0.0,"gridDefinitionTemplate":0,"gridDefinitionTemplateName":"Latitude_Longitude","numberPoints":615,"shape":6,"shapeName":"Earth spherical with radius of 6,371,229.0 m","gridUnits":"degrees","resolution":48,"winds":"true","scanMode":64,"nx":41,"ny":15,"basicAngle":0,"lo1":47.0,"la1":41.0,"lo2":87.0,"la2":55.0,"dx":1.0,"dy":1.0}, "data":
[rows 0 to 14 of 15, columns 0 to 40 of 41]
0.3136145,0.1136145,0.2736145,0.2236145,-2.5563855,-3.1463854,-3.4963856,-4.0763855,-4.4863853,-5.3263855,-4.1163855,-4.5063853,-4.9263854,-5.0163856,-4.2463856,-2.9363854,-2.8263855,-1.0863855,-0.9363855,0.1436145,0.4536145,1.8936145,-3.5063856,1.2136145,1.4836144,1.7436146,3.0036144,-0.1663855,-0.7563855,2.4236145,2.3136146,0.4336145,-1.5763855,-7.4363856,0.123614505,0.5736145,1.0636145,2.5236144,1.4236145,-0.7963855,-0.1863855
0.4636145,1.1636145,0.1836145,-1.5763855,-1.5763855,-2.1363854,-2.8863854,-3.8263855,-4.5363855,-5.2263856,-5.8263855,-3.9663856,-4.4263854,-4.6263857,-4.5463853,-3.8063855,-1.9163855,-0.8663855,-0.5263855,0.2036145,2.0336144,2.2936144,6.7036147,3.9736145,3.5436144,4.1236143,2.6736145,2.8536146,1.9136145,2.0836146,0.5136145,3.2736144,2.5436144,3.9136145,2.6136146,1.7736145,1.5736145,1.9236145,1.3536144,0.5236145,0.2736145
-0.2463855,-0.2463855,-1.0663855,0.0836145,-1.7863855,-0.8963855,-2.3563855,-3.7063856,-4.7863855,-5.7863855,-6.6563854,-6.4163857,-5.4963856,-4.8163853,-5.4263854,-3.6163855,-3.8163855,-0.016385498,-0.5063855,-0.4063855,1.1636145,1.5836145,5.6936145,5.1136146,6.1036143,-2.3063855,-4.4563856,-5.7863855,-1.2463855,-3.3563855,-0.46638548,1.9836144,0.6936145,0.3136145,2.2336144,-2.7663856,4.1736145,3.1236145,-0.85638547,3.9836144,2.9336145
-0.9663855,-1.8063855,-1.8063855,-1.5663855,-2.2363856,-3.4763856,-3.8463855,-4.9763856,-5.4263854,-5.2863855,-6.1063857,-6.7063856,-6.2863855,-6.1663857,-6.6763854,-5.6563854,-3.7463856,-1.4363855,2.0436144,1.2436146,3.8336146,2.1736145,1.2936145,5.2636147,3.2836144,1.4736145,-0.5863855,-1.8363855,-1.5963855,-3.2663856,-3.1063855,-0.0763855,0.1836145,-5.7263856,-0.6163855,1.4636145,3.8136146,1.8436145,-3.8463855,-3.0563855,2.3536146
-0.8963855,-2.1463854,-3.4163854,-5.6663857,-5.3863854,-4.9063854,-5.3563857,-4.0063853,-5.9063854,-5.0063853,-6.6263857,-6.3963857,-7.4463854,-7.5063853,-6.2763853,-5.4463854,-5.0663853,-2.5663855,1.7136145,1.5636145,3.1336145,6.1336145,4.2736144,-2.7963855,4.5336146,2.7636144,4.2136145,0.0836145,-0.8763855,-0.2463855,-1.0363855,0.7536145,1.9536145,2.8136146,-0.026385497,0.1336145,1.7736145,-0.7863855,-3.0863855,1.7636145,0.3036145
-0.7563855,-0.8463855,-1.4063855,-4.4663854,-5.9763856,-6.7363853,-5.7063856,-4.2263856,-6.0963855,-6.3063855,-6.1263857,-6.3363857,-7.4163857,-7.3463855,-6.9163857,-4.7263856,-2.3163855,-0.9163855,-0.6263855,3.9036145,1.9936146,6.3336143,5.2336144,2.5136144,-4.2163854,1.5536145,2.7136145,5.7836146,-0.1263855,-0.9263855,0.3736145,1.9536145,3.2636144,1.3936145,-1.4763855,-2.9863856,5.1336145,3.1436145,-3.5063856,-0.6363855,0.4336145
0.1736145,-0.8863855,-1.6563855,-3.2363856,-4.8463855,-5.6763854,-4.2763853,-4.9363856,-5.7663856,-5.9063854,-7.2863855,-6.4563856,-7.2863855,-6.5263853,-6.9463854,-4.5363855,-3.6663854,-1.1063855,0.0636145,1.7036145,4.8736143,4.3136144,6.0636144,3.4636145,0.8536145,-2.0363855,2.5236144,2.0836146,2.1236145,1.8736145,5.1436143,3.4836144,5.6136146,3.0936146,1.4936146,5.0736146,4.8036146,5.3636146,5.9536147,4.3536143,-0.7063855
-1.2163855,-1.6563855,-2.2163856,-3.7163856,-2.9663856,-4.3763857,-4.4063854,-6.0463853,-5.6363854,-5.5063853,-6.1963854,-7.3763857,-6.6063857,-7.1663857,-6.8763857,-7.5763855,-4.9763856,0.0636145,1.2236145,0.8136145,2.8036146,5.4936147,3.9336145,9.123614,3.5636146,1.6536145,4.9436145,2.8036146,1.2736145,1.9436145,5.3336143,5.1536145,5.8136144,5.9036145,2.3936145,0.4936145,-0.8363855,-0.1363855,-0.1563855,2.3036146,4.4036145
-1.5663855,-1.1463856,-2.7463856,-3.4463854,-1.0063854,-2.4363854,-4.3263855,-5.2563853,-5.6763854,-5.1263857,-5.3363857,-6.9563856,-7.5663853,-6.5963855,-5.1963854,-7.3063855,-7.8963857,-6.4563856,1.1536145,-0.7363855,1.5536145,5.0236144,6.3436146,6.7336144,7.5836143,5.0936146,4.7736144,3.1836145,3.0036144,2.0536146,4.8536143,4.3436146,2.0036144,3.1336145,4.2136145,5.8836145,2.9836144,4.8836145,5.3836145,3.2336144,2.8236146
-2.6663854,-1.4563855,-1.2663856,-2.2963855,-2.3363855,-1.8363855,-4.1763854,-4.0363855,-4.8663855,-5.1463857,-5.0963855,-5.2363853,-4.0263853,-7.4163857,-7.2363853,-5.3563857,-5.8363857,-6.5263853,-6.6463857,-4.2163854,0.3536145,0.2436145,1.3636146,2.6936145,3.5236144,3.4836144,4.9236145,3.2836144,2.9536145,5.1636143,3.3936145,0.0636145,-4.0363855,-3.1563854,-1.3963856,0.0336145,2.7736144,1.9136145,2.8136146,3.2136145,2.8136146
-1.6063855,-0.6263855,-0.1663855,-0.7763855,-1.4963855,-4.2563853,-2.5763855,-2.2963855,-3.5663855,-3.2663856,-3.9663856,-3.4563856,-3.3263855,-2.0363855,-3.4863856,-4.8263855,-6.3663855,-6.6963854,-7.4363856,-6.6363854,-4.8863854,-3.2063856,-2.1163855,-1.8963856,1.3536144,3.9336145,3.9836144,2.7536144,4.1436143,7.3536143,3.7336144,4.0736146,0.25361452,-1.9963855,-3.4763856,-3.7563856,1.0136145,2.1136146,4.7636147,1.2936145,2.1336145
-0.8363855,-0.4263855,-0.2563855,-0.2563855,0.1336145,-0.9063855,-2.1863854,-1.9363855,-3.0463855,-1.9663855,-3.0863855,-2.8163855,-1.9063855,-1.4463855,-2.5263855,-2.7563856,-4.1563854,-4.9963856,-4.3163853,-5.0163856,-4.3063855,-2.7563856,-1.0063854,-3.1563854,-3.2563856,-1.9863855,-1.1363854,-0.0963855,1.8536144,6.6036143,6.5336146,5.4836144,5.6636143,3.2236145,-0.5663855,-1.8163855,-1.6863855,-1.7563854,-1.8063855,-1.6163855,-1.4763855
0.093614504,-0.9563855,1.2436146,-0.6163855,0.6736145,0.2736145,-2.2663856,-0.9263855,-2.5563855,-1.5063854,-0.6763855,-2.0763855,-2.3363855,-1.1563855,-0.9763855,-1.7763855,-2.3463855,-3.9963856,-4.6363854,-3.6263855,-3.8363855,-2.5763855,-2.7463856,1.0636145,-1.2263855,-3.1963854,-4.5963855,-2.1763854,0.2636145,3.2136145,5.2136145,4.6136146,2.6236145,2.3936145,3.1536145,2.9036145,2.2536144,1.5136145,2.3936145,1.8036145,0.3236145
-1.5463855,-0.4063855,-0.2063855,-0.3863855,-1.1063855,-1.0563855,-0.6463855,-0.3863855,0.28361452,0.9636145,0.6036145,0.8236145,-0.5063855,-1.3463855,-1.5063854,-1.2463855,-2.5863855,-2.6463854,-3.4563856,-3.1463854,-2.7963855,-3.0863855,-2.9663856,-2.0863855,-2.5263855,-1.8063855,-3.8363855,-4.0163856,-0.1963855,2.5436144,2.6536145,2.7636144,2.1336145,3.1536145,2.0736146,1.6336145,0.7636145,0.8736145,2.0736146,2.0536146,2.7936144
-0.5363855,-1.7463855,-2.6163855,0.1936145,-1.0063854,-1.5663855,-2.5063856,-1.2463855,1.6236145,1.6736145,2.5836146,1.2636145,1.0636145,-0.026385497,-0.3063855,-0.46638548,-1.4163855,-1.6863855,-1.2563854,-1.7063855,-2.1563854,-2.9363854,-1.9563855,-0.8863855,-2.1363854,-1.8363855,-1.5663855,-1.6863855,-1.3763855,3.0236144,3.0536146,2.1336145,1.7436146,0.9636145,1.5236145,1.2336144,0.8536145,1.6636145,1.7236145,2.1236145,1.6236145
