wind_kz.json
{"header": {"discipline":0,"disciplineName":"Meteorological products","gribEdition":2,"gribLength":948,"center":7,"centerName":"US National Weather Service - NCEP(WMC)","subcenter":0,"refTime":"2023-08-27T12:00:00.000Z","significanceOfRT":1,"significanceOfRTName":"Start of forecast","productStatus":0,"productStatusName":"Operational products","productType":1,"productTypeName":"Forecast products","productDefinitionTemplate":0,"productDefinitionTemplateName":"Analysis/forecast at horizontal level/layer at a point in time","parameterCategory":0,"parameterCategoryName":"UnknownDiscipline_0_Category_0","parameterNumber":0,"parameterNumberName":"UnknownParameter_D0_C0_0","parameterUnit":"Unknown","genProcessType":2,"genProcessTypeName":"Forecast","forecastTime":240,"surface1Type":1,"surface1TypeName":"Ground or water surface","surface1Value":0.0,"surface2Type":255,"surface2TypeName":"Missing","surface2Value":0.0,"gridDefinitionTemplate":0,"gridDefinitionTemplateName":"Latitude_Longitude","numberPoints":615,"shape":6,"shapeName":"Earth spherical with radius of 6,371,229.0 m","gridUnits":"degrees","resolution":48,"winds":"true","scanMode":64,"nx":41,"ny":15,"basicAngle":0,"lo1":47.0,"la1":41.0,"lo2":87.0,"la2":55.0,"dx":1.0,"dy":1.0}, "data":
[rows 0 to 14 of 15, columns 0 to 40 of 41]
314.1559,293.8559,295.3559,298.5559,298.9559,297.6559,312.1559,317.1559,312.3559,313.0559,308.8559,310.75592,310.9559,310.8559,310.9559,310.25592,310.25592,310.4559,310.6559,308.4559,311.4559,306.8559,307.5559,301.75592,304.9559,307.4559,302.0559,288.6559,286.6559,284.4559,282.9559,278.25592,295.75592,301.4559,301.9559,300.6559,301.25592,301.4559,301.8559,302.9559,302.4559
283.0559,296.8559,298.1559,298.5559,298.4559,297.3559,318.4559,313.6559,311.4559,311.1559,310.5559,309.9559,310.3559,308.9559,308.6559,309.3559,310.25592,311.1559,310.4559,309.75592,309.3559,308.1559,304.9559,296.25592,288.25592,286.6559,296.5559,288.9559,290.9559,282.5559,286.25592,275.5559,288.75592,257.75592,282.9559,298.6559,296.5559,298.8559,303.5559,293.9559,285.5559
302.75592,297.75592,298.5559,298.5559,296.9559,312.0559,309.1559,304.6559,301.9559,310.4559,309.1559,307.8559,306.1559,307.1559,307.25592,307.5559,307.6559,307.4559,309.0559,308.6559,308.8559,307.25592,307.3559,300.9559,303.0559,302.1559,303.25592,302.8559,300.5559,289.4559,279.4559,280.5559,287.0559,288.0559,286.9559,286.0559,276.6559,277.25592,281.1559,276.6559,274.0559
309.3559,297.9559,298.0559,297.5559,301.1559,309.8559,312.8559,305.0559,309.0559,301.5559,301.9559,305.25592,294.5559,294.1559,301.9559,307.4559,307.4559,306.8559,308.0559,308.0559,307.1559,304.9559,305.75592,304.25592,305.75592,304.75592,306.4559,304.25592,301.6559,300.8559,301.6559,295.9559,300.8559,299.5559,297.3559,291.75592,276.25592,277.4559,280.3559,290.4559,294.25592
313.6559,297.8559,298.4559,297.25592,303.0559,312.4559,311.8559,311.6559,307.1559,300.9559,302.4559,308.6559,294.4559,293.25592,291.4559,303.3559,305.0559,302.6559,301.3559,304.9559,306.9559,308.25592,306.5559,305.75592,305.75592,305.25592,303.0559,299.1559,303.5559,302.1559,304.8559,300.6559,285.9559,275.9559,286.0559,294.5559,297.25592,300.0559,299.75592,298.25592,298.4559
313.4559,308.6559,295.4559,296.5559,296.6559,296.1559,302.5559,298.25592,300.1559,305.4559,307.6559,306.6559,295.25592,293.75592,296.25592,302.0559,305.4559,305.6559,306.1559,306.75592,305.3559,305.8559,305.5559,304.5559,304.4559,302.5559,302.6559,293.25592,303.5559,304.4559,302.75592,303.0559,300.75592,298.6559,294.3559,296.5559,287.6559,291.4559,298.25592,298.25592,297.4559
313.75592,304.6559,311.4559,308.75592,307.3559,304.9559,307.3559,302.5559,306.6559,307.75592,308.3559,306.6559,305.8559,306.0559,306.5559,305.0559,304.8559,305.0559,303.75592,302.5559,302.5559,303.0559,302.6559,301.75592,299.4559,300.5559,300.8559,302.25592,299.5559,301.0559,301.1559,300.6559,300.6559,300.8559,298.1559,296.0559,289.9559,286.25592,283.75592,280.1559,292.4559
304.75592,311.6559,310.5559,309.8559,310.6559,311.0559,309.75592,308.9559,308.4559,308.6559,306.9559,307.0559,306.0559,304.9559,305.4559,305.25592,305.3559,303.6559,302.6559,299.9559,299.6559,300.1559,300.6559,299.9559,298.6559,295.8559,296.5559,299.25592,297.3559,299.5559,298.4559,299.25592,297.75592,294.8559,294.25592,297.0559,297.8559,289.6559,295.4559,294.9559,290.9559
308.6559,306.75592,306.6559,307.25592,307.3559,308.8559,307.6559,306.5559,304.75592,303.25592,303.3559,298.5559,297.1559,303.3559,302.8559,302.8559,302.3559,302.25592,300.75592,299.4559,297.4559,298.1559,297.3559,294.6559,296.4559,298.0559,295.25592,294.25592,293.5559,292.8559,294.1559,294.5559,296.5559,297.25592,296.4559,293.0559,291.0559,292.3559,280.25592,280.5559,278.8559
301.75592,304.1559,304.9559,304.75592,304.75592,304.0559,303.25592,301.25592,300.4559,300.75592,299.8559,299.75592,301.5559,301.0559,295.1559,300.9559,300.5559,299.6559,298.8559,299.0559,292.9559,294.3559,297.75592,294.0559,294.5559,292.75592,292.75592,289.75592,290.5559,289.9559,292.4559,294.9559,295.9559,295.75592,296.25592,294.5559,287.8559,282.8559,281.0559,280.3559,279.25592
304.6559,302.6559,302.75592,301.8559,302.0559,301.75592,301.9559,301.0559,299.5559,298.75592,298.5559,298.6559,299.0559,297.5559,297.5559,296.8559,295.75592,295.75592,295.4559,294.6559,294.5559,294.4559,293.6559,293.75592,292.1559,289.4559,288.75592,286.9559,288.3559,291.4559,291.6559,291.8559,293.1559,293.3559,295.0559,289.1559,284.4559,281.8559,283.8559,283.4559,281.1559
302.1559,301.6559,302.1559,301.5559,300.1559,299.9559,298.4559,297.9559,297.75592,296.25592,293.5559,295.1559,296.6559,294.1559,294.1559,293.1559,292.4559,292.0559,291.75592,290.5559,288.25592,287.75592,287.8559,288.25592,288.8559,290.6559,290.75592,291.9559,289.5559,288.1559,286.5559,287.5559,284.8559,286.1559,286.75592,288.4559,287.4559,288.1559,291.75592,286.8559,287.4559
296.6559,300.0559,299.8559,300.0559,298.0559,296.75592,297.8559,297.8559,296.8559,294.1559,289.75592,289.6559,292.75592,292.1559,292.3559,291.3559,290.25592,289.3559,290.0559,288.3559,288.1559,286.75592,286.3559,286.3559,287.3559,288.5559,290.6559,290.25592,289.75592,289.4559,289.9559,289.0559,285.75592,284.3559,284.0559,284.25592,285.1559,284.6559,286.75592,288.25592,286.6559
298.1559,298.6559,293.75592,297.6559,297.0559,296.3559,295.4559,293.9559,294.9559,293.4559,288.6559,286.5559,288.9559,290.6559,289.9559,289.1559,288.5559,288.75592,289.3559,288.3559,288.1559,287.1559,287.3559,286.8559,286.75592,287.3559,286.9559,287.1559,287.1559,287.0559,287.4559,287.5559,287.1559,286.75592,286.5559,285.25592,283.6559,283.1559,284.8559,284.6559,285.9559
294.4559,297.9559,290.25592,295.8559,295.8559,295.0559,294.0559,293.4559,293.4559,293.25592,291.3559,288.8559,286.6559,287.75592,288.1559,288.25592,288.5559,288.5559,289.4559,288.25592,288.0559,287.0559,287.3559,287.0559,285.6559,286.25592,286.0559,285.6559,285.75592,285.6559,285.5559,284.0559,283.9559,284.25592,284.8559,284.75592,285.0559,284.9559,283.8559,283.8559,285.5559
