wind_kz.json
{"header": {"discipline":0,"disciplineName":"Meteorological products","gribEdition":2,"gribLength":948,"center":7,"centerName":"US National Weather Service - NCEP(WMC)","subcenter":0,"refTime":"2023-08-06T18:00:00.000Z","significanceOfRT":1,"significanceOfRTName":"Start of forecast","productStatus":0,"productStatusName":"Operational products","productType":1,"productTypeName":"Forecast products","productDefinitionTemplate":0,"productDefinitionTemplateName":"Analysis/forecast at horizontal level/layer at a point in time","parameterCategory":0,"parameterCategoryName":"UnknownDiscipline_0_Category_0","parameterNumber":0,"parameterNumberName":"UnknownParameter_D0_C0_0","parameterUnit":"Unknown","genProcessType":2,"genProcessTypeName":"Forecast","forecastTime":180,"surface1Type":1,"surface1TypeName":"Ground or water surface","surface1Value":0.0,"surface2Type":255,"surface2TypeName":"Missing","surface2Value":0.0,"gridDefinitionTemplate":0,"gridDefinitionTemplateName":"Latitude_Longitude","numberPoints":615,"shape":6,"shapeName":"Earth spherical with radius of 6,371,229.0 m","gridUnits":"degrees","resolution":48,"winds":"true","scanMode":64,"nx":41,"ny":15,"basicAngle":0,"lo1":47.0,"la1":41.0,"lo2":87.0,"la2":55.0,"dx":1.0,"dy":1.0}, "data":
[rows 0 to 14 of 15, columns 0 to 40 of 41]
315.13342,303.13342,313.53342,298.83344,298.03342,297.13342,314.73343,322.73343,318.73343,318.83344,318.53342,317.73343,317.13342,317.03342,317.83344,318.13342,316.63342,314.13342,317.73343,316.03342,319.73343,313.23343,312.33344,314.73343,315.53342,314.4334,313.4334,301.73343,300.9334,301.9334,300.13342,299.9334,309.33344,315.53342,320.23343,321.03342,323.4334,323.73343,325.63342,327.13342,330.03342
292.23343,311.13342,298.73343,299.03342,299.23343,297.03342,324.03342,320.73343,318.73343,317.83344,319.9334,318.83344,318.9334,318.63342,321.33344,321.83344,320.23343,318.4334,316.63342,317.63342,318.73343,313.4334,314.33344,308.4334,301.33344,298.53342,308.23343,300.33344,302.83344,293.23343,298.13342,296.33344,305.4334,277.83344,296.63342,313.4334,316.03342,322.83344,325.13342,314.03342,285.53342
313.13342,298.63342,299.63342,299.63342,298.23343,316.4334,317.9334,317.63342,316.53342,315.9334,316.33344,317.4334,317.63342,319.53342,321.53342,323.73343,322.9334,320.33344,318.73343,317.03342,317.83344,314.4334,310.73343,304.33344,310.33344,309.9334,309.73343,309.63342,309.73343,300.4334,295.23343,290.53342,297.73343,298.83344,301.03342,299.63342,288.73343,299.23343,300.53342,297.23343,294.63342
312.23343,299.13342,299.63342,299.23343,304.03342,318.9334,318.4334,318.03342,318.63342,318.23343,317.73343,316.83344,297.03342,296.13342,319.13342,322.4334,320.83344,324.9334,322.63342,319.53342,313.53342,308.53342,312.9334,313.73343,314.33344,311.03342,312.9334,311.23343,313.63342,312.9334,315.63342,315.63342,321.4334,315.4334,314.03342,307.73343,294.4334,293.33344,296.33344,307.23343,312.4334
306.53342,299.33344,299.73343,299.73343,308.83344,319.4334,319.83344,321.63342,319.23343,318.03342,319.03342,317.73343,297.73343,296.4334,293.4334,316.83344,318.13342,312.63342,319.63342,318.33344,318.83344,316.9334,314.53342,314.63342,315.23343,316.53342,314.4334,308.9334,315.9334,314.73343,315.23343,310.4334,297.4334,294.13342,301.13342,311.23343,308.23343,314.23343,317.9334,312.9334,312.53342
310.9334,311.03342,299.4334,299.4334,299.63342,299.13342,320.53342,319.23343,319.23343,318.03342,319.03342,318.83344,299.83344,296.53342,304.33344,314.03342,312.63342,302.83344,313.83344,313.4334,318.4334,314.63342,314.83344,313.03342,313.9334,314.9334,316.13342,294.23343,317.63342,314.23343,316.03342,314.33344,313.9334,311.73343,303.4334,302.33344,297.4334,298.83344,307.63342,313.13342,311.73343
308.9334,309.13342,312.53342,314.23343,310.53342,317.03342,322.23343,321.13342,320.4334,319.4334,319.9334,319.23343,315.73343,319.13342,318.63342,314.23343,311.53342,304.23343,301.33344,313.83344,311.03342,311.53342,311.63342,312.03342,307.73343,308.9334,310.13342,311.13342,311.63342,312.33344,313.53342,311.83344,314.4334,312.03342,309.4334,307.83344,299.63342,296.33344,295.53342,293.4334,306.53342
308.4334,310.03342,310.63342,311.13342,312.83344,315.03342,317.73343,318.4334,317.9334,320.83344,318.9334,320.53342,320.83344,316.4334,315.73343,317.23343,314.33344,312.83344,310.73343,311.23343,307.83344,310.53342,310.63342,310.33344,308.23343,305.4334,304.83344,307.4334,303.53342,303.63342,302.73343,304.73343,303.9334,302.03342,303.33344,308.4334,308.33344,289.33344,306.53342,307.23343,302.9334
307.53342,307.53342,307.9334,308.63342,310.4334,313.03342,314.53342,313.53342,316.23343,308.33344,307.23343,314.73343,311.9334,313.23343,311.33344,314.83344,312.53342,314.33344,313.9334,310.03342,307.13342,307.03342,308.63342,307.23343,306.33344,305.9334,303.13342,300.53342,298.83344,296.63342,297.73343,299.4334,300.63342,300.9334,302.53342,299.73343,298.83344,300.4334,292.73343,286.03342,286.33344
306.13342,305.63342,305.23343,306.73343,308.33344,309.9334,311.33344,313.03342,315.13342,313.33344,299.63342,308.53342,309.63342,310.63342,309.03342,310.83344,311.33344,312.53342,311.33344,308.83344,305.53342,305.23343,306.03342,305.33344,303.9334,301.23343,302.4334,299.53342,298.23343,298.4334,298.83344,300.63342,303.4334,303.4334,299.73343,291.53342,291.23343,288.63342,291.53342,286.53342,276.63342
301.73343,302.4334,302.83344,304.33344,304.53342,307.63342,309.4334,311.53342,310.53342,308.23343,309.03342,307.03342,307.83344,305.53342,308.23343,308.63342,309.13342,308.13342,307.13342,304.4334,305.03342,305.4334,301.83344,301.63342,301.13342,301.13342,296.73343,295.4334,297.23343,297.13342,298.33344,301.13342,304.53342,294.33344,293.83344,294.23343,283.23343,285.53342,287.9334,288.33344,287.4334
300.33344,302.23343,301.23343,301.63342,302.83344,304.33344,302.9334,309.9334,301.63342,308.53342,305.73343,303.73343,304.13342,303.83344,302.63342,304.13342,304.4334,304.83344,303.83344,302.4334,299.83344,298.13342,299.33344,301.03342,299.33344,299.53342,298.63342,297.23343,295.4334,294.9334,295.23343,297.33344,296.13342,294.4334,292.03342,294.83344,292.33344,293.53342,290.4334,292.13342,290.23343
295.33344,299.83344,300.4334,300.23343,299.73343,300.73343,304.63342,299.9334,304.9334,306.33344,299.13342,300.63342,299.63342,299.53342,299.73343,299.83344,300.4334,300.63342,301.9334,299.63342,297.33344,297.73343,298.13342,297.33344,299.73343,300.4334,302.13342,300.73343,299.13342,298.33344,299.53342,298.4334,298.4334,298.63342,293.9334,293.73343,286.73343,288.4334,292.4334,294.83344,291.73343
295.73343,297.23343,295.33344,299.33344,300.33344,304.53342,301.53342,295.03342,304.33344,306.13342,298.63342,296.23343,299.83344,299.73343,300.23343,299.53342,297.4334,298.4334,299.53342,299.4334,299.83344,299.23343,298.23343,293.83344,298.03342,299.13342,296.53342,291.83344,287.4334,286.03342,294.03342,296.13342,295.23343,296.23343,292.63342,290.4334,291.23343,283.33344,286.53342,289.13342,291.83344
293.23343,297.03342,292.83344,301.03342,291.83344,298.13342,296.33344,297.13342,304.33344,304.4334,298.13342,298.23343,297.73343,296.9334,301.23343,299.23343,299.4334,298.33344,300.4334,299.03342,298.13342,298.73343,291.03342,289.33344,288.63342,287.83344,288.33344,289.33344,283.23343,284.63342,283.63342,284.4334,290.83344,289.53342,292.03342,293.83344,292.53342,288.53342,283.33344,286.83344,290.73343
