wind.json
{"header": {"discipline":0,"disciplineName":"Meteorological products","gribEdition":2,"gribLength":1125,"center":7,"centerName":"US National Weather Service - NCEP(WMC)","subcenter":0,"refTime":"2023-07-01T00:00:00.000Z","significanceOfRT":1,"significanceOfRTName":"Start of forecast","productStatus":0,"productStatusName":"Operational products","productType":1,"productTypeName":"Forecast products","productDefinitionTemplate":0,"productDefinitionTemplateName":"Analysis/forecast at horizontal level/layer at a point in time","parameterCategory":2,"parameterCategoryName":"UnknownDiscipline_0_Category_2","parameterNumber":2,"parameterNumberName":"UnknownParameter_D0_C2_2","parameterUnit":"Unknown","genProcessType":2,"genProcessTypeName":"Forecast","forecastTime":120,"surface1Type":103,"surface1TypeName":"Specified height level above ground","surface1Value":10.0,"surface2Type":255,"surface2TypeName":"Missing","surface2Value":0.0,"gridDefinitionTemplate":0,"gridDefinitionTemplateName":"Latitude_Longitude","numberPoints":688,"shape":6,"shapeName":"Earth spherical with radius of 6,371,229.0 m","gridUnits":"degrees","resolution":48,"winds":"true","scanMode":64,"nx":43,"ny":16,"basicAngle":0,"lo1":45.0,"la1":40.0,"lo2":87.0,"la2":55.0,"dx":1.0,"dy":1.0}, "data":
[rows 0 to 15 of 16, columns 0 to 42 of 43]
-4.7883806,-1.3983808,3.0716193,-1.0983807,2.6516192,-0.71838075,-0.23838073,0.31161925,0.22161926,-3.0483809,-5.0383806,-3.5183806,-1.9883808,-2.5783808,-1.1983807,-0.9383807,0.23161927,0.65161926,-0.18838073,-0.32838073,-1.3783808,-0.6983807,-2.6883807,1.4216193,1.1816193,-1.1483808,-0.018380737,0.77161926,-0.66838074,1.7816193,2.7316194,1.2316192,-0.12838073,-1.5983807,-0.63838077,-2.3483808,-3.3583808,-2.3183808,-2.5383806,-2.6683807,-8.218381,-4.7483807,-1.7183807
2.1316192,-0.95838076,-2.9983807,-1.4983808,3.1816192,5.1516194,3.5216193,1.9016193,-0.64838076,-4.2083807,-4.678381,0.05161926,-3.0083807,-1.4983808,-0.6883807,0.42161927,1.0616193,0.24161926,-0.6983807,-0.79838073,-3.1583807,-0.89838076,-0.17838074,1.1316192,-0.84838074,-1.9383807,1.8816192,-2.3083808,-3.3183808,1.7716193,1.1416192,0.17161927,1.4016193,0.79161924,-0.028380737,1.2416192,-1.1283808,-2.5483809,-1.2483808,-3.0983808,-7.1383805,-5.5383806,-0.018380737
-0.95838076,-2.5383806,1.4016193,3.0816193,4.8616195,2.8316193,3.0616193,-4.2683806,-2.4983807,-4.2683806,-2.1883807,-1.5683807,-0.6183807,-1.4883808,0.31161925,0.30161926,-0.078380734,-0.9283807,0.59161925,-3.1183808,-2.1183808,-2.1383808,-1.1183808,-0.98838073,-1.7483808,-1.6583807,1.5316193,1.7516192,-0.24838074,0.86161923,0.25161925,0.30161926,0.67161924,0.65161926,-0.03838074,-2.1583807,-0.66838074,-0.20838074,-1.0983807,1.3316193,-0.46838075,1.6716193,1.7516192
-0.52838075,-0.43838075,1.2616192,0.6216193,0.25161925,-2.0983808,-1.7583808,-0.97838074,-3.3483808,-0.5083807,1.3816192,2.4816194,0.8216193,0.73161924,-0.53838074,-0.7583807,0.31161925,-0.79838073,-3.6883807,-1.4183807,-1.3183807,-1.1983807,-0.63838077,0.041619264,-1.4383807,-2.1083808,0.36161926,0.51161927,0.6316193,0.5616193,-2.6783807,0.09161926,0.111619264,2.6916192,-0.39838073,-0.19838074,-0.47838074,-0.15838073,0.071619265,1.2416192,0.031619262,0.021619262,1.7116193
-3.3383808,-3.4883807,-3.2583807,-2.2783806,-3.1583807,-4.568381,-2.9283807,-1.5183808,0.66161925,-3.3383808,-1.3783808,1.7816193,4.0916195,0.8716193,0.67161924,-2.0183806,-0.29838073,-0.91838074,-1.2783808,-0.23838073,0.9316193,-0.34838074,-1.9183807,-1.1683807,2.1916192,-0.98838073,0.91161925,2.0816193,0.0016192627,-0.09838074,1.5216193,1.7216192,0.5616193,-1.2783808,-0.64838076,-2.5383806,-2.6683807,-0.42838073,0.24161926,1.9616193,0.41161928,-0.76838076,3.1416192
-2.0783808,-2.1083808,-2.0983808,-2.7683806,-1.3983808,-0.32838073,-1.8183807,-1.0183808,-0.43838075,1.1716193,1.6116192,1.8316193,-2.5383806,-1.1283808,-0.8783807,-3.6683807,-1.1283808,-2.0783808,-2.1283808,-2.2483807,-1.2183807,-3.2183807,-3.9383807,-1.6083808,-2.2683806,-1.7383808,-0.89838076,-1.7783808,2.1516192,2.7116194,3.2916193,2.9516191,2.6216192,0.111619264,-1.9083807,0.28161925,0.39161927,2.5016193,2.9716194,5.431619,5.411619,3.1916192,0.14161927
-1.5083808,-0.51838076,0.05161926,-0.36838073,0.15161926,-1.0283808,-0.19838074,-1.3383807,-2.6583807,-1.0883807,-1.0183808,-1.1983807,-0.63838077,-2.8883808,-0.08838074,-3.6583807,-2.3983808,-1.7783808,-3.8883808,-2.8283808,-1.7983807,-2.3583808,-2.9283807,-1.2083807,-0.97838074,-1.4283807,-1.8883808,-2.2683806,-1.8083807,-1.4383807,1.7816193,-0.32838073,0.86161923,4.681619,5.6016192,2.3016193,1.6416192,1.4016193,1.5716193,1.4416193,1.8616192,-2.6883807,-4.1383805
-3.2783806,-2.4683807,-0.97838074,0.41161928,-0.03838074,-1.5383807,-0.29838073,-1.2183807,-2.6583807,-1.6983807,-1.2983807,-1.2883807,-1.9383807,-2.1883807,-2.3883808,-1.4983808,-2.3383808,-2.5983808,-2.8783808,-3.0083807,-2.4383807,-3.8483808,-2.2283807,-1.7483808,-2.3983808,-1.8983808,-1.8083807,-2.1183808,-1.8583808,-1.8083807,-2.2383807,-0.09838074,-1.5983807,-2.1683807,2.2516193,1.8516192,-0.84838074,-0.42838073,-0.57838076,2.1116192,-0.23838073,2.3816192,3.9616194
-2.3083808,-2.2483807,-2.8383808,-2.3083808,-2.4783807,-4.738381,-4.1483808,-3.7483807,-0.47838074,-0.82838076,-1.6683807,-1.5883807,-1.2583808,-2.7783806,-1.4883808,-3.6683807,-3.9283807,-2.7783806,-2.7883806,-3.0183806,-2.8383808,-3.1683807,-0.97838074,-1.8783808,-0.89838076,-2.0583808,-1.8183807,-0.9283807,-0.91838074,-0.97838074,0.17161927,-1.5683807,-2.1383808,0.111619264,-1.5083808,0.18161926,0.29161927,1.9616193,2.0816193,0.24161926,0.91161925,2.7016191,0.5016193
-1.8183807,-1.8083807,-2.5683808,-1.9383807,-3.3783808,-2.2783806,-2.3183808,-1.9283807,-2.4783807,-2.3583808,-2.1283808,-0.32838073,-2.3683808,-2.7483807,-1.3283807,-0.83838075,-2.1583807,-3.1883807,-1.1883807,-1.8383807,-2.0583808,-1.2783808,-0.23838073,-0.78838074,-1.2683808,-1.0083808,-1.0883807,-0.6283807,-0.32838073,-0.30838072,1.1316192,0.86161923,2.0216193,2.1016192,3.0016193,0.89161927,2.0716193,0.18161926,0.90161926,-0.5583807,-0.5683807,-0.29838073,-1.1583807
-1.1283808,-1.0883807,-1.7983807,-2.2183807,-3.4683807,-1.8083807,-2.0283806,-2.3083808,-1.1683807,-1.9583807,-1.5183808,-1.0483807,-2.3483808,-2.7383807,-1.2183807,-2.6783807,-1.7583808,0.28161925,-0.13838074,0.44161928,-1.6783807,-0.65838075,-1.8783808,0.83161926,1.3516192,-0.83838075,-1.2483808,-0.03838074,-0.078380734,1.7916193,3.1216192,4.281619,3.0916193,4.121619,3.5816193,3.0016193,1.3916192,-0.19838074,-0.71838075,-0.078380734,-1.5583807,-0.23838073,-1.0983807
-0.71838075,0.33161926,-1.4683807,-2.6083808,-3.2383807,-2.9883807,-2.3683808,-2.3983808,-1.6183808,-0.17838074,-0.32838073,-0.46838075,-1.4983808,-1.2583808,-1.4583807,-1.9883808,-0.13838074,0.6816193,-0.78838074,0.9916193,1.2016193,0.67161924,-1.2783808,-0.73838073,0.58161926,-0.76838076,-0.17838074,0.041619264,1.7616192,3.4216192,3.1016192,3.7516193,1.6616193,1.3316193,0.6316193,0.52161926,0.23161927,-0.19838074,-1.4383807,-0.14838074,-0.70838076,0.60161924,-0.63838077
-1.2183807,-0.078380734,-2.0583808,-1.8783808,-2.7683806,-2.8983808,-1.1383808,-1.3383807,-0.71838075,-0.28838074,0.0016192627,-0.45838073,-1.5783807,-0.6883807,-0.58838075,-1.7983807,0.8116193,1.5716193,1.5416193,1.2516192,0.8016193,0.031619262,-0.018380737,-0.33838072,-1.2383808,0.041619264,-0.41838074,1.5016192,2.1816192,1.7916193,0.29161927,-1.4583807,-0.048380736,-0.068380736,0.59161925,-1.4983808,-0.23838073,-0.88838077,-0.15838073,-0.078380734,-0.23838073,-0.32838073,-0.20838074
-0.91838074,-1.5083808,-1.3883808,-0.90838075,-0.88838077,-1.4783807,0.31161925,-0.37838075,-0.16838074,-0.28838074,-0.30838072,0.41161928,-0.5683807,-1.1683807,0.011619262,-2.2383807,-0.26838073,0.19161926,0.58161926,0.28161925,1.1516193,1.1616193,0.17161927,-0.25838074,1.2316192,0.44161928,0.91161925,0.58161926,2.8016193,-1.0083808,-0.7583807,-2.2483807,-0.6283807,-1.3683808,-1.0883807,-1.8283807,-1.2183807,-1.1383808,-1.3783808,-0.31838074,-0.95838076,-0.12838073,-0.34838074
-0.34838074,0.111619264,0.23161927,0.54161924,0.90161926,-0.19838074,-0.42838073,-0.83838075,-0.63838077,-0.108380735,1.3216193,0.6216193,-0.6783807,-1.0883807,0.54161924,1.0216193,0.89161927,0.22161926,0.78161925,0.8116193,0.43161926,0.101619266,-0.18838073,0.16161926,1.3016193,0.72161925,-1.4683807,0.36161926,-0.9283807,0.031619262,-0.70838076,-0.9283807,-0.71838075,-0.19838074,-2.0283806,-1.5283808,-1.1483808,-1.4983808,-1.2683808,-1.0583807,-0.76838076,-0.72838074,-0.46838075
2.0316193,1.3616192,0.95161927,1.2916193,1.1316192,-0.41838074,0.61161923,0.46161926,-0.17838074,0.061619263,1.0616193,-0.57838076,-1.0883807,0.24161926,0.011619262,1.2416192,0.9416193,0.47161925,0.8016193,-0.28838074,0.27161926,0.46161926,-0.43838075,-0.19838074,0.05161926,0.51161927,-0.36838073,-0.40838075,-0.42838073,-0.058380738,-0.84838074,-1.7283807,-1.5783807,-2.6683807,-2.8783808,-2.1983807,-2.4583807,-2.6083808,-2.4683807,-2.6083808,-1.8583808,-2.4783807,-1.5483807
