wind_kz.json
{"header": {"discipline":0,"disciplineName":"Meteorological products","gribEdition":2,"gribLength":871,"center":7,"centerName":"US National Weather Service - NCEP(WMC)","subcenter":0,"refTime":"2023-08-26T00:00:00.000Z","significanceOfRT":1,"significanceOfRTName":"Start of forecast","productStatus":0,"productStatusName":"Operational products","productType":1,"productTypeName":"Forecast products","productDefinitionTemplate":0,"productDefinitionTemplateName":"Analysis/forecast at horizontal level/layer at a point in time","parameterCategory":0,"parameterCategoryName":"UnknownDiscipline_0_Category_0","parameterNumber":0,"parameterNumberName":"UnknownParameter_D0_C0_0","parameterUnit":"Unknown","genProcessType":2,"genProcessTypeName":"Forecast","forecastTime":120,"surface1Type":1,"surface1TypeName":"Ground or water surface","surface1Value":0.0,"surface2Type":255,"surface2TypeName":"Missing","surface2Value":0.0,"gridDefinitionTemplate":0,"gridDefinitionTemplateName":"Latitude_Longitude","numberPoints":615,"shape":6,"shapeName":"Earth spherical with radius of 6,371,229.0 m","gridUnits":"degrees","resolution":48,"winds":"true","scanMode":64,"nx":41,"ny":15,"basicAngle":0,"lo1":47.0,"la1":41.0,"lo2":87.0,"la2":55.0,"dx":1.0,"dy":1.0}, "data":
[rows 0 to 14 of 15, columns 0 to 40 of 41]
291.2088,282.0088,285.6088,298.80878,298.5088,297.80878,293.40878,293.2088,290.7088,290.90878,288.90878,290.1088,289.40878,289.6088,289.2088,286.5088,288.0088,289.90878,293.6088,294.80878,294.1088,292.80878,293.7088,293.80878,295.1088,294.5088,291.80878,277.90878,277.6088,276.7088,274.6088,275.30878,287.5088,293.5088,294.7088,293.80878,294.30878,295.0088,296.1088,295.2088,295.80878
273.5088,286.90878,298.7088,298.7088,298.90878,297.7088,290.40878,288.80878,288.80878,288.90878,289.90878,288.90878,288.90878,286.90878,284.90878,285.2088,287.40878,284.7088,287.40878,290.90878,294.40878,292.40878,292.6088,286.90878,279.0088,279.90878,285.1088,278.40878,278.90878,275.0088,282.1088,272.2088,280.7088,259.80878,276.80878,291.7088,290.30878,292.80878,296.1088,289.0088,283.90878
287.80878,298.5088,299.2088,299.2088,297.7088,289.2088,288.90878,288.1088,287.6088,287.80878,287.80878,288.5088,285.5088,286.90878,286.90878,284.7088,283.1088,282.80878,283.6088,284.80878,289.0088,291.5088,291.40878,288.6088,292.40878,291.1088,290.6088,291.6088,290.2088,284.7088,277.6088,279.40878,283.6088,282.0088,283.7088,286.1088,279.0088,277.5088,279.0088,275.2088,275.5088
286.6088,298.80878,299.0088,298.30878,294.30878,287.1088,287.90878,287.40878,287.90878,288.0088,288.40878,287.90878,295.0088,294.30878,288.2088,286.1088,286.0088,286.5088,284.40878,284.0088,284.7088,284.0088,291.80878,293.90878,295.1088,295.0088,294.40878,293.2088,292.90878,294.5088,293.0088,293.40878,295.2088,292.2088,291.5088,290.90878,278.6088,276.90878,282.5088,289.6088,293.0088
289.1088,298.2088,298.7088,298.40878,295.30878,290.0088,290.2088,290.0088,289.6088,289.5088,289.1088,288.2088,294.80878,293.5088,291.2088,288.30878,288.7088,287.1088,284.40878,286.5088,287.1088,287.90878,288.1088,291.80878,292.80878,293.2088,293.2088,294.6088,296.1088,295.6088,296.1088,292.5088,285.0088,274.30878,282.6088,291.30878,293.7088,295.40878,295.30878,295.6088,295.90878
286.0088,286.2088,296.40878,297.1088,298.30878,297.5088,293.30878,291.7088,290.30878,290.2088,290.40878,290.90878,293.30878,294.30878,291.90878,289.0088,290.7088,291.30878,290.5088,287.7088,286.40878,285.90878,286.7088,289.40878,290.7088,291.6088,293.30878,293.1088,294.6088,296.30878,295.5088,295.2088,293.90878,291.7088,291.40878,292.5088,288.2088,289.5088,294.30878,295.80878,294.40878
286.7088,285.40878,286.90878,288.80878,291.6088,288.80878,289.6088,292.2088,292.2088,290.80878,290.7088,288.5088,289.5088,287.7088,288.80878,289.30878,290.90878,291.0088,291.30878,290.0088,285.80878,285.5088,286.1088,288.1088,291.7088,292.0088,291.1088,292.7088,294.40878,294.6088,294.80878,293.80878,293.80878,294.40878,294.5088,293.7088,290.0088,286.40878,281.90878,279.90878,291.7088
287.30878,286.7088,288.90878,288.30878,289.5088,289.7088,288.40878,288.1088,286.80878,287.2088,288.90878,287.2088,287.1088,287.30878,289.2088,287.90878,288.1088,287.6088,289.0088,288.2088,286.40878,284.30878,283.1088,284.5088,286.7088,287.90878,289.90878,290.30878,290.6088,293.7088,292.80878,292.1088,291.5088,288.30878,289.5088,290.40878,290.30878,289.40878,292.90878,291.90878,290.80878
286.40878,285.90878,286.6088,285.30878,287.5088,287.1088,284.90878,285.90878,288.40878,285.1088,284.80878,285.40878,285.5088,287.0088,286.6088,287.0088,286.40878,285.6088,285.40878,286.40878,285.80878,285.80878,283.0088,281.30878,283.40878,289.6088,288.2088,287.7088,288.2088,287.6088,289.0088,287.30878,290.1088,291.5088,290.6088,289.90878,289.2088,290.2088,278.0088,279.0088,277.2088
284.2088,285.2088,284.90878,285.2088,285.2088,285.1088,288.2088,288.7088,286.30878,284.90878,284.30878,283.40878,283.90878,284.40878,284.40878,285.30878,285.90878,285.6088,284.30878,286.2088,285.0088,284.40878,283.80878,283.7088,281.80878,283.1088,288.30878,289.30878,288.6088,288.80878,286.7088,288.90878,291.0088,292.6088,291.1088,288.80878,289.40878,285.40878,280.90878,281.6088,279.80878
283.6088,283.5088,283.1088,283.90878,287.30878,286.1088,288.0088,286.30878,285.7088,284.1088,281.5088,280.2088,280.30878,279.80878,281.6088,283.30878,283.6088,284.6088,284.6088,283.90878,284.0088,285.30878,284.90878,282.2088,281.90878,281.7088,285.80878,290.6088,290.80878,291.7088,290.5088,291.1088,291.1088,292.7088,291.30878,289.40878,287.5088,283.1088,280.5088,281.80878,281.2088
280.5088,283.0088,282.80878,283.40878,285.0088,285.0088,286.1088,284.1088,284.1088,279.1088,276.7088,277.6088,278.6088,280.2088,278.0088,281.40878,282.0088,282.30878,283.0088,280.40878,281.40878,283.7088,284.40878,281.5088,281.30878,280.90878,284.90878,291.2088,291.6088,291.0088,290.40878,290.2088,290.7088,289.40878,290.90878,289.40878,290.0088,288.1088,287.7088,285.6088,286.1088
279.80878,279.6088,282.0088,284.30878,287.90878,286.1088,284.30878,283.5088,281.1088,277.2088,276.0088,274.0088,278.6088,279.7088,280.6088,280.40878,281.30878,281.0088,281.7088,278.2088,278.7088,278.40878,283.0088,282.30878,281.80878,281.90878,285.0088,288.1088,291.40878,291.0088,291.0088,291.2088,289.2088,288.1088,288.5088,288.5088,288.0088,289.1088,288.30878,286.40878,285.40878
278.30878,282.0088,287.30878,286.6088,286.2088,285.0088,283.2088,282.40878,278.5088,277.30878,278.1088,276.40878,276.40878,279.90878,281.2088,281.1088,280.6088,277.80878,278.5088,278.5088,279.0088,278.2088,280.2088,284.40878,282.2088,282.80878,283.40878,286.2088,287.90878,289.6088,289.7088,288.30878,288.7088,289.2088,287.6088,287.2088,287.30878,287.30878,287.1088,286.5088,285.80878
279.40878,282.40878,290.40878,287.0088,286.5088,285.1088,283.0088,282.7088,280.7088,277.2088,276.7088,275.0088,278.30878,279.40878,280.80878,281.30878,281.5088,281.1088,281.0088,279.0088,279.40878,278.90878,279.6088,280.5088,281.2088,281.6088,282.90878,287.6088,287.90878,288.1088,289.0088,285.5088,287.5088,288.6088,286.90878,287.2088,287.40878,286.90878,286.6088,286.90878,286.80878
