wind.json
{"header": {"discipline":0,"disciplineName":"Meteorological products","gribEdition":2,"gribLength":1211,"center":7,"centerName":"US National Weather Service - NCEP(WMC)","subcenter":0,"refTime":"2023-06-28T00:00:00.000Z","significanceOfRT":1,"significanceOfRTName":"Start of forecast","productStatus":0,"productStatusName":"Operational products","productType":1,"productTypeName":"Forecast products","productDefinitionTemplate":0,"productDefinitionTemplateName":"Analysis/forecast at horizontal level/layer at a point in time","parameterCategory":2,"parameterCategoryName":"UnknownDiscipline_0_Category_2","parameterNumber":3,"parameterNumberName":"UnknownParameter_D0_C2_3","parameterUnit":"Unknown","genProcessType":2,"genProcessTypeName":"Forecast","forecastTime":180,"surface1Type":103,"surface1TypeName":"Specified height level above ground","surface1Value":10.0,"surface2Type":255,"surface2TypeName":"Missing","surface2Value":0.0,"gridDefinitionTemplate":0,"gridDefinitionTemplateName":"Latitude_Longitude","numberPoints":688,"shape":6,"shapeName":"Earth spherical with radius of 6,371,229.0 m","gridUnits":"degrees","resolution":48,"winds":"true","scanMode":64,"nx":43,"ny":16,"basicAngle":0,"lo1":45.0,"la1":40.0,"lo2":87.0,"la2":55.0,"dx":1.0,"dy":1.0}, "data":
[rows 0 to 15 of 16, columns 0 to 42 of 43]
-0.0015112305,-1.7015113,0.90848875,3.6684887,4.578489,0.5484888,-2.0915112,-2.0415113,-2.5515113,-2.2215111,-4.5515113,-4.5515113,-5.151511,-5.0715113,-5.4315114,-5.3915114,-6.671511,-7.8015113,-6.671511,-6.521511,-8.161511,-6.881511,-6.521511,-6.361511,-4.101511,-2.5415113,-0.9515112,4.618489,-1.8615112,-3.6215112,-2.6915112,-0.20151123,0.58848876,-0.84151125,-2.981511,-4.331511,-0.61151123,-3.5815113,2.5784888,1.6184888,-1.5515113,-3.5415113,-1.8815112
-0.7515112,-0.06151123,4.2784886,3.1484888,5.828489,1.3084887,0.038488768,-1.0515113,-3.6815112,0.04848877,-3.2515113,-3.1915112,-5.101511,-3.5215113,-6.2215114,-5.171511,-6.6815114,-7.1215115,-7.271511,-6.4115114,-6.4315114,-6.5515113,-6.0715113,-5.9515114,-6.311511,-3.9215112,3.8784888,0.45848876,2.0384889,3.4684887,-1.7015113,-3.6415112,-5.061511,-2.7815113,1.4584888,-0.84151125,0.6084888,-0.22151123,4.918489,3.6784887,3.9984887,4.728489,0.08848877
0.18848877,2.4684887,0.00848877,1.5884888,0.23848876,2.4684887,2.4784887,-2.2615113,-2.6015112,-0.7515112,-2.6915112,-6.421511,-5.421511,-3.5015113,-4.501511,-6.7215114,-7.4715114,-9.111511,-7.7815113,-6.5915112,-4.8215113,-5.4915113,-7.0515113,-6.131511,-5.2215114,-4.6415114,-0.6215112,-2.7715113,-4.1615114,-1.9215112,0.9984888,-1.7115113,-1.9015112,-4.881511,-3.7715113,-1.8215113,2.1484888,-14.391511,-0.65151125,1.7584888,2.9584887,-3.6615112,-3.7915113
-1.9215112,-2.0615113,1.7084888,0.40848878,0.72848874,2.1884887,2.5684888,1.1784887,2.9184887,-3.4315112,-1.9815112,-4.7015114,-6.151511,-8.071511,-8.491511,-10.481511,-11.311511,-9.211512,-8.441511,-7.5915112,-7.1415114,-7.901511,-7.3415112,-7.461511,-7.611511,-6.291511,-3.3615112,2.3684888,-0.33151123,-1.8815112,4.3784885,3.7484887,-2.2415113,-2.0115113,-1.9315113,-0.65151125,5.6984887,2.7084887,1.9584888,0.6284888,-1.0315112,0.7484888,-1.2715112
2.3584888,3.6584888,-0.47151124,-1.3615112,1.0784888,3.1284888,0.8584888,1.4284887,-0.92151123,-1.0715113,-4.331511,-3.3715112,-4.631511,-3.231511,-4.271511,-5.8715115,-9.901511,-8.981511,-6.5515113,-7.5915112,-8.191511,-7.5115113,-7.401511,-6.8415112,-7.381511,-5.1215115,-2.8315113,-5.421511,-5.4515114,-2.8215113,-1.1215112,-0.90151125,1.0384887,1.1684887,-2.4515111,0.72848874,1.0584887,-0.02151123,-2.2215111,-0.91151124,-1.2015113,1.7784888,1.2284888
1.0084888,2.9984887,-0.8015112,-1.7215112,-1.9815112,-4.3715115,-9.091511,-8.0815115,-5.001511,-0.43151122,-6.081511,-4.021511,-6.561511,1.0284888,-0.8815112,-4.8915114,-6.9915113,-7.151511,-7.171511,-6.921511,-7.1415114,-6.5515113,-6.9915113,-6.541511,-7.3715115,-5.2015114,-5.5115113,-6.421511,-7.111511,-7.9515114,-3.731511,-2.0215113,0.49848878,1.7384888,2.4884887,0.5584888,0.18848877,4.898489,-4.771511,-6.501511,3.9584887,0.34848878,-0.5615112
2.8084888,3.3484888,5.848489,4.538489,-0.5715112,-2.8015113,-2.4315112,-2.8915112,-6.401511,-2.9515111,-2.4115112,-6.2015114,-6.101511,-4.861511,4.4884887,3.2484887,-6.3415112,-7.2615113,-7.711511,-8.381512,-7.2415113,-6.9315114,-6.131511,-6.561511,-6.4515114,-6.7215114,-1.1615112,-1.8415112,-3.1615112,-6.271511,-8.101511,-3.7715113,-2.8915112,1.6584888,3.7284887,5.4684887,4.808489,7.9884887,-1.9715112,-5.081511,-4.461511,2.8184888,-0.08151123
1.1284888,1.3084887,-3.0015113,-0.66151124,0.25848877,5.4284887,4.018489,3.2184887,-5.771511,-3.9515111,-4.0315113,-4.9515114,-3.8315113,-3.8515112,-4.7615113,-6.561511,-5.751511,-6.751511,-7.0915112,-8.141511,-7.1815114,-5.5715113,-6.5715113,-6.631511,-5.481511,-2.4615111,-4.861511,3.8584888,-1.2115113,-2.4315112,-4.5315113,-5.001511,-5.1615114,-6.941511,2.0784888,2.1884887,1.4284887,0.59848875,-1.9015112,-3.981511,-5.0315113,-3.1015112,-8.771511
1.0984888,3.0484889,3.0284889,3.2484887,-1.7315112,-1.0115112,-2.2615113,-3.481511,-3.9115112,-2.8115113,-2.7915113,-4.311511,-4.381511,-2.2215111,-5.251511,-6.081511,-5.0515113,-5.811511,-6.921511,-7.5515113,-7.771511,-7.6615114,-6.601511,-7.5715113,-7.731511,-7.691511,-6.7015114,-7.0915112,1.6284888,-0.7415112,1.0384887,-3.3415112,-3.1215112,-0.8915112,-2.3515112,-6.671511,-5.9915113,-6.601511,-5.5715113,-2.5015113,0.01848877,0.23848876,1.3584888
2.4684887,3.0484889,2.6084888,1.5584887,0.34848878,-5.671511,-2.1515112,-2.9915113,-2.2915113,-1.6115112,-3.1615112,-3.8115113,-4.1215115,-4.231511,-3.3915112,-6.1615114,-6.6815114,-8.211512,-5.171511,-6.331511,-7.601511,-7.9715114,-7.1815114,-6.8715115,-7.101511,-7.271511,-8.841511,-6.2415113,-5.0315113,-7.3415112,-4.501511,-6.0515113,-5.731511,-6.921511,-7.0715113,-7.401511,-7.831511,-5.611511,-5.1615114,-5.401511,-3.3315113,-2.481511,1.5884888
2.6784887,-3.0715113,-0.38151124,1.5784888,12.318489,-5.3715115,-0.53151125,-2.8715112,-3.0415113,-2.2915113,-3.4115112,-3.1015112,-4.171511,-3.7015111,-4.7615113,-5.521511,-5.9315114,-6.501511,-7.4915113,-6.7415113,-5.331511,-6.5115113,-6.5515113,-6.5515113,-7.061511,-6.6215115,-5.171511,-6.771511,-8.211512,-5.5315113,-6.0715113,-7.001511,-7.351511,-7.921511,-7.3715115,-8.511511,-8.211512,-8.391511,-1.9115112,0.05848877,-1.7315112,-1.3015113,-3.0215113
1.9284887,2.1084888,-1.6215112,-1.5115112,3.8584888,3.8284888,-2.7615113,-2.7815113,-3.5115113,-3.2815113,-2.3715112,-2.1015112,-2.6515112,-3.1915112,-3.5215113,-4.901511,-5.101511,-5.751511,-6.211511,-7.601511,-5.351511,-8.861511,-6.151511,-6.111511,-4.6615114,-5.2815113,-6.021511,-5.651511,-4.9715114,-6.1215115,-6.0715113,-5.981511,-7.3915114,-8.851511,-8.411511,-6.6615114,-8.141511,-8.531511,-5.231511,-2.8915112,-6.111511,-3.5015113,-3.6615112
3.3084888,1.7584888,0.17848878,-1.6615112,0.8184888,0.7384888,0.33848876,-2.3815112,-0.5615112,-2.4015112,-0.73151124,-2.1715112,-1.3915112,-1.1815113,-3.1015112,-3.5715113,-4.981511,-5.4115114,-6.5515113,-6.2215114,-5.9715114,-4.5715113,-7.581511,-3.6415112,-5.8015113,-5.561511,-5.0515113,-5.691511,-4.981511,-6.171511,-5.521511,-5.7015114,-7.311511,-5.331511,-6.921511,-5.081511,-5.191511,-6.1815114,-4.711511,-4.861511,-3.3715112,-2.2715113,-1.2315112
2.3184888,2.9484887,2.8684888,1.6684887,0.8084888,1.2084888,-1.8715112,-0.9515112,1.4584888,0.24848877,0.15848877,-2.3715112,-1.6815113,1.9684888,0.84848875,-0.6315112,-2.9915113,-4.041511,-4.401511,-6.251511,-4.9115114,-5.401511,-4.3015113,-4.4915113,-3.3615112,-4.8715115,-5.6215115,-5.461511,-4.9915113,-5.211511,-5.9515114,-6.6415114,-6.5115113,-5.251511,-4.381511,-5.631511,-4.901511,-4.3715115,-3.8415112,-2.4215112,-4.021511,-5.2415113,-3.3915112
2.2584887,1.1584888,2.768489,0.7984888,-0.11151123,0.02848877,0.39848876,-0.59151125,0.91848874,-0.26151124,0.5684888,0.44848877,-1.4615113,-1.6415112,2.6884887,2.8884888,-1.1015112,-2.2115111,-2.6115112,-3.1815112,-4.6415114,-5.151511,-5.251511,-5.151511,-6.1215115,-3.3315113,-3.9215112,-4.251511,-2.8615112,-3.2415113,-3.0715113,-4.541511,-5.711511,-7.211511,-3.5715113,-3.8415112,-2.731511,-6.481511,-4.2015114,-4.8015113,-3.7615113,-4.711511,-6.061511
1.5584887,2.3884888,2.3284888,1.1884887,2.7784889,0.78848875,0.36848876,-0.25151122,1.0984888,0.6184888,-0.35151124,0.7384888,0.06848877,-1.8215113,-3.0015113,2.1084888,2.0684888,-1.4215112,-1.9415113,-3.6315112,-1.5515113,-3.8615112,-4.4915113,-3.9615111,-3.8315113,-3.5715113,-1.4215112,-2.8415112,-4.3215113,-2.9015112,-2.5215113,-2.9915113,-3.3115113,-1.9815112,-5.731511,-4.611511,-3.2015111,-3.8915112,-2.9715111,-3.731511,-1.8315113,-2.3015113,-1.0315112
