wind_kz.json
{"header": {"discipline":0,"disciplineName":"Meteorological products","gribEdition":2,"gribLength":1102,"center":7,"centerName":"US National Weather Service - NCEP(WMC)","subcenter":0,"refTime":"2023-08-19T18:00:00.000Z","significanceOfRT":1,"significanceOfRTName":"Start of forecast","productStatus":0,"productStatusName":"Operational products","productType":1,"productTypeName":"Forecast products","productDefinitionTemplate":0,"productDefinitionTemplateName":"Analysis/forecast at horizontal level/layer at a point in time","parameterCategory":2,"parameterCategoryName":"UnknownDiscipline_0_Category_2","parameterNumber":3,"parameterNumberName":"UnknownParameter_D0_C2_3","parameterUnit":"Unknown","genProcessType":2,"genProcessTypeName":"Forecast","forecastTime":180,"surface1Type":103,"surface1TypeName":"Specified height level above ground","surface1Value":10.0,"surface2Type":255,"surface2TypeName":"Missing","surface2Value":0.0,"gridDefinitionTemplate":0,"gridDefinitionTemplateName":"Latitude_Longitude","numberPoints":615,"shape":6,"shapeName":"Earth spherical with radius of 6,371,229.0 m","gridUnits":"degrees","resolution":48,"winds":"true","scanMode":64,"nx":41,"ny":15,"basicAngle":0,"lo1":47.0,"la1":41.0,"lo2":87.0,"la2":55.0,"dx":1.0,"dy":1.0}, "data":
[rows 0 to 14 of 15, columns 0 to 40 of 41]
3.5077076,1.8877075,-0.06229248,-0.11229248,-2.5022924,-4.1422925,-3.3922925,-2.2022924,-2.9522924,-4.9722924,-6.1522923,-6.3022923,-6.0122924,-4.7622924,-2.2622924,0.39770752,3.9977076,5.7677073,2.9277074,2.2377076,3.0677075,1.8677075,2.9077075,1.7677075,3.0977075,2.2977076,0.35770753,0.32770753,-1.0522925,-1.1422925,-0.19229248,1.9077076,0.08770752,-7.5622926,-6.6222925,-0.5722925,1.8677075,0.05770752,2.6877074,2.1177075,0.9677075
2.9677076,3.4177074,3.2877076,0.80770755,-1.3422924,-3.2922926,-3.5022924,-4.1522923,-4.3322926,-5.4422927,-6.5422926,-6.5222926,-6.2122927,-5.7222924,-5.0722923,-3.5822926,-0.08229248,3.1777074,3.1077075,1.1277075,-0.24229248,-2.1322925,0.07770752,4.6677074,5.8177075,4.3677077,4.5177073,3.8177075,0.15770751,3.1377075,1.2477075,1.4477075,0.7177075,-0.50229245,1.0277076,-0.32229248,2.5477076,-2.0122924,2.9977076,1.9077076,-0.5222925
3.5177076,7.4177074,3.8677075,1.6777076,0.3777075,-1.4222925,-3.0022924,-4.4722924,-5.5022926,-6.7622924,-7.3922925,-6.8522925,-6.2122927,-7.0722923,-4.6922927,-2.7022924,-1.8922925,-0.6722925,-0.3722925,-2.0722926,-2.6722925,-0.94229245,-3.2522924,0.7277075,-2.9222925,-3.5022924,-3.5222924,-4.9922924,-3.9422925,-1.8822925,-0.9222925,2.7577076,-1.6622925,2.2777076,1.2577075,-1.2622925,-1.5422925,1.2777076,0.10770752,5.1477075,4.2877073
5.2277074,6.1977077,3.3977075,2.5177076,0.4677075,-2.3522925,-3.5422926,-5.1622925,-5.6222925,-6.2022924,-6.6122923,-6.5522923,-7.8822923,-8.002293,-6.5222926,-4.6522923,-3.7222924,-1.5322925,2.8177075,5.2977076,4.1477075,6.6977077,1.2377075,-1.6322925,-2.8322926,-0.6022925,-1.7922925,1.2777076,0.7177075,2.2277076,2.6577075,-0.5422925,1.2377075,1.0977075,1.6277075,0.6677075,4.4977074,3.0777075,-4.5122924,-4.7522926,-0.56229246
5.4077077,5.4377074,3.8577075,1.5677075,-0.5422925,0.10770752,-1.7922925,-3.1622925,-4.5122924,-5.5122924,-6.1522923,-6.7722926,-8.582293,-8.932293,-6.3222923,-4.0522923,-3.6622925,-2.4922924,-1.5222925,-1.0722924,3.2977076,1.6877075,1.3377075,1.9777075,2.0577075,1.2377075,1.1477075,4.1777077,6.2277074,5.2177076,3.4877076,0.80770755,2.7677076,2.3177075,-0.23229247,-1.3322924,-10.952292,0.68770754,-1.0322925,1.3877075,2.4977076
4.6177077,4.1077075,2.6177075,-0.19229248,-2.6622925,-3.4622924,-3.5622926,-5.1722927,-5.5322924,-5.5522923,-5.8122926,-6.4522924,-7.0222926,-7.0822926,-6.7422924,-4.7722926,-3.9922924,-4.0822926,-2.4622924,-2.0622926,2.1977074,3.0177076,0.9177075,2.3477075,2.4377074,1.8677075,3.3177075,2.0077076,3.2877076,9.997707,4.7177076,4.2877073,2.9877076,3.1477075,1.0577075,-5.2922926,-2.2122924,-8.632293,-3.6922925,-0.5722925,-0.12229248
3.2177076,2.6977074,1.7377075,-0.25229248,-0.62229246,-3.1822925,-4.8022923,-6.1722927,-5.7722926,-5.8722925,-6.5022926,-6.3522925,-5.9222927,-6.0622926,-5.9922924,-5.5922923,-4.9322925,-4.9222927,-5.1922927,-1.3522925,-0.9022925,0.6177075,1.6977075,3.3077075,5.2377076,4.4477077,3.5577075,4.5477076,4.9377074,4.8077073,5.2377076,7.0177073,8.187708,4.7677073,-0.4322925,-3.7522924,3.8277075,1.2877076,3.1577075,4.2877073,0.75770754
4.2577076,2.8077075,1.3977075,0.39770752,-1.0322925,-3.1322925,-4.9922924,-5.5822926,-5.6922927,-6.4922924,-6.5122924,-6.1022925,-6.5022926,-6.1622925,-5.7422924,-6.1022925,-4.4422927,-3.7922926,-2.9822924,-1.8622925,-2.5622926,-1.1022925,-0.19229248,1.6977075,0.19770752,4.9877076,4.6677074,6.0777073,7.3177075,6.5277076,6.2377076,6.6177077,6.5277076,5.2477074,6.3477077,5.5277076,-5.2322927,-5.3122926,0.5377075,3.1777074,4.9577074
3.3477075,2.2777076,1.4377075,0.18770751,-1.8422924,-3.2222924,-4.6622925,-5.2022924,-5.8822923,-5.6922927,-6.2522926,-6.1722927,-6.2822924,-6.3022923,-6.7122927,-5.2322927,-4.2422924,-4.0722923,-1.1722925,-0.6722925,-0.38229248,-0.07229248,-1.5222925,-5.9122925,1.8677075,-0.10229248,3.3677075,0.09770752,5.7577076,7.3077073,9.257708,7.1277075,6.2477074,7.7077074,5.4477077,2.7177076,-1.9922925,-2.6022925,5.7777076,4.3077073,5.4677076
1.8977075,1.0777075,1.0077075,-0.6722925,-2.5922925,-3.2522924,-4.6422925,-5.4222927,-4.9822927,-4.9922924,-6.1222925,-5.9922924,-5.8022923,-6.4122925,-5.9522924,-4.7222924,-4.1422925,-1.2622925,-1.1122925,-1.8722925,-2.7822924,-2.2522924,-1.6022925,-0.55229247,-2.6222925,-1.2222924,1.5877075,-0.3722925,2.4377074,2.4877076,2.8477075,2.0477076,4.1677074,5.7477074,7.3877077,3.7977076,0.26770753,-0.12229248,2.2477076,4.6977077,2.9877076
1.8177075,1.8377075,1.5577075,-1.3922925,-2.4822924,-3.6422925,-4.1022925,-4.7222924,-4.3722925,-5.3122926,-5.8922925,-6.3922925,-6.3922925,-6.0922923,-6.1322923,-5.4822927,-4.1222925,-3.5922925,-2.9922924,0.81770754,-0.44229248,-1.9222925,-2.5222924,-2.3222926,-2.0822926,-1.2022924,-0.35229248,-0.26229247,-1.9122925,-0.06229248,-1.3722925,-0.5222925,3.0477076,7.2877073,11.057708,7.8877077,2.1577075,2.6977074,5.8777075,1.0577075,2.6977074
0.7977075,0.23770753,-0.2722925,-2.1722925,-2.4722924,-3.6822925,-4.1022925,-4.1922927,-5.1022925,-5.1322923,-5.9622927,-5.3122926,-6.1422925,-6.7022924,-7.4422927,-5.8722925,-4.1522923,-2.9622924,-1.1122925,-0.56229246,0.22770752,-0.38229248,-1.4022925,-2.3422925,-1.4022925,-1.5022925,-1.2922925,-0.7722925,-1.3322924,-3.6922925,-4.3022923,0.62770754,0.99770755,7.5277076,6.0777073,7.8477077,7.7577076,2.7277076,-1.9722924,0.5777075,-0.12229248
-0.21229248,-0.4022925,-1.5722924,-1.9522924,-1.9622924,-2.7622924,-3.7022924,-4.1622925,-4.5822926,-5.2922926,-3.5722926,-4.4922924,-5.3622923,-6.0422926,-6.5322924,-6.6722927,-5.2822924,-2.9322925,-0.7022925,0.8977075,0.80770755,-0.50229245,-0.74229246,-1.2922925,-2.2322924,-3.0922925,-1.5422925,-1.2322925,-1.2822925,-2.7922926,-2.6822925,-3.1422925,-2.4122925,8.8377075,11.707707,6.5377073,3.7677076,4.3177075,5.5977077,3.7577076,1.7577075
0.067707516,0.50770754,-0.7022925,-1.3222924,-2.9322925,-3.1022925,-3.4722924,-3.8522925,-4.0222926,-3.7522924,-1.8222924,-2.9222925,-5.4522924,-5.5222926,-5.5422926,-4.2822924,-5.3322926,-3.5122924,-1.6622925,0.33770752,-0.17229249,-0.9522925,-0.45229247,0.17770752,-0.08229248,-1.2522925,-0.7622925,1.5577075,-0.07229248,-0.9122925,3.8377075,-0.12229248,-2.4122925,2.0177076,3.0077076,5.6877074,5.6977077,4.8577075,3.8577075,2.3177075,1.5277076
0.22770752,-1.1722925,-3.0022924,-2.7122924,-2.8022926,-3.3022926,-3.7322924,-4.0222926,-3.7222924,-3.1322925,-1.3322924,-1.3322924,-2.6922925,-3.6222925,-4.9522924,-5.2222924,-4.6622925,-4.6422925,-3.4322925,-0.7922925,-1.8622925,-2.4422925,-0.9022925,0.8577075,0.6477075,-0.2722925,0.39770752,1.3577075,1.0077075,-0.15229248,3.2577076,2.3677075,-1.5222925,-1.3122925,1.4677075,3.6377075,2.2977076,1.9277076,1.7677075,1.3677075,1.2977076
