wind_kz.json
{"header": {"discipline":0,"disciplineName":"Meteorological products","gribEdition":2,"gribLength":1025,"center":7,"centerName":"US National Weather Service - NCEP(WMC)","subcenter":0,"refTime":"2023-09-08T06:00:00.000Z","significanceOfRT":1,"significanceOfRTName":"Start of forecast","productStatus":0,"productStatusName":"Operational products","productType":1,"productTypeName":"Forecast products","productDefinitionTemplate":0,"productDefinitionTemplateName":"Analysis/forecast at horizontal level/layer at a point in time","parameterCategory":2,"parameterCategoryName":"UnknownDiscipline_0_Category_2","parameterNumber":3,"parameterNumberName":"UnknownParameter_D0_C2_3","parameterUnit":"Unknown","genProcessType":2,"genProcessTypeName":"Forecast","forecastTime":240,"surface1Type":103,"surface1TypeName":"Specified height level above ground","surface1Value":10.0,"surface2Type":255,"surface2TypeName":"Missing","surface2Value":0.0,"gridDefinitionTemplate":0,"gridDefinitionTemplateName":"Latitude_Longitude","numberPoints":615,"shape":6,"shapeName":"Earth spherical with radius of 6,371,229.0 m","gridUnits":"degrees","resolution":48,"winds":"true","scanMode":64,"nx":41,"ny":15,"basicAngle":0,"lo1":47.0,"la1":41.0,"lo2":87.0,"la2":55.0,"dx":1.0,"dy":1.0}, "data":
[rows 0 to 14 of 15, columns 0 to 40 of 41]
3.6281176,1.2981176,-0.0018823242,0.5581177,-0.8918823,-1.2018824,-1.3618823,-0.9518823,-2.5318823,-4.8918824,-6.2018824,-5.961882,-6.4918823,-7.481882,-7.421882,-4.091882,1.7081177,6.1681175,2.1981177,2.4181178,2.0881176,-0.6918823,-1.0618824,1.2281177,2.7881176,0.5081177,0.3081177,0.35811767,-1.5618824,-1.1418823,-0.5818823,3.0481176,1.2881176,3.6681178,0.048117675,-3.0218823,-0.45188233,0.118117675,0.84811765,0.59811765,-0.091882326
-0.42188233,3.3181176,2.6181176,1.0081177,1.1681176,-0.19188233,-1.8918823,-2.6718824,-3.4918823,-4.591882,-5.8718824,-5.7818823,-5.731882,-7.961882,-9.491882,-8.501883,3.4381177,7.1481175,6.2081175,4.058118,1.1381177,-0.061882325,0.6981177,1.1581177,3.8781176,3.4281178,3.4881177,2.5181177,0.15811768,2.0581176,-1.0618824,0.9481177,0.9881177,1.1081177,2.4681177,1.1081177,-1.1518823,3.0981176,2.8281176,-0.8818823,0.048117675
4.828118,4.0681176,1.4381176,0.8781177,0.37811768,0.3081177,-1.8518823,-2.2318823,-3.6618824,-5.1418824,-5.4518824,-6.7518826,-6.631882,-6.731882,-7.671882,-8.0418825,-6.3918824,0.7381177,2.4081178,1.8081176,-0.13188232,-0.72188234,2.7381177,1.8581177,-1.3518823,-1.6118823,-1.5618824,-3.3518822,-1.3018823,-2.9918823,-0.42188233,1.2381177,-2.0618823,1.9681177,-0.22188233,-3.0918822,-2.6918824,0.32811767,-2.1018822,0.008117676,0.25811768
1.6381177,2.1781178,0.52811766,-0.43188232,-1.2018824,-2.4318824,-2.3918824,-3.3418822,-3.7018824,-5.3518825,-4.881882,-5.4118824,-7.421882,-7.3518825,-5.6618824,-4.4918823,-3.2418823,-3.9118824,-3.8618822,-4.1618824,-2.4718823,1.2881176,-0.9518823,1.7681177,0.46811768,-0.90188235,-0.2518823,-0.85188234,-1.1518823,-2.1118822,1.7181177,0.17811768,0.20811768,1.0381176,1.3281177,2.2881176,3.1181176,1.9081177,-3.7918823,-2.6518824,-0.9918823
0.5581177,-0.66188234,-0.98188233,-1.0618824,-1.9518824,-2.6918824,-3.3518822,-3.6318824,-4.3718824,-5.7618823,-5.5618825,-5.7718825,-7.151882,-6.461882,-4.5518823,-4.6418824,-3.9118824,-1.4418824,-1.6618823,-5.401882,-6.841882,-3.5518823,2.3681176,1.8481177,2.4181178,1.5781177,-0.091882326,-0.46188232,-1.0718824,-2.6318824,-3.5418823,-2.8018823,0.6181177,-0.031882323,0.78811765,1.1781176,1.8381177,-0.091882326,-2.8318822,-1.1418823,-1.9218823
0.34811768,-0.66188234,-1.6218823,-2.0218823,-3.3118823,-4.461882,-4.651882,-4.9118824,-5.2618823,-5.5318823,-6.0818825,-5.5818825,-6.5118823,-5.211882,-5.841882,-5.151882,-4.131882,-2.9018824,-0.15188232,-2.1818824,-5.711882,-0.9518823,4.2781177,3.9281178,2.5281177,1.9881177,2.4381177,-2.9918823,-0.23188232,-1.5918823,-3.1818824,-4.2018824,-3.1118822,-2.8018823,-2.5518823,-1.1318823,-2.9418824,-1.0218823,0.46811768,1.1881176,-1.9218823
1.6181177,0.48811767,-1.1518823,-2.1018822,-3.4118824,-4.5518823,-5.2918825,-4.7518826,-5.7618823,-6.111882,-5.981882,-5.3318825,-6.0218825,-6.2618823,-5.481882,-5.421882,-2.9618824,-2.7018824,1.0981177,0.77811766,-1.9318824,-3.4818823,4.368118,3.4781177,3.2181177,3.5981176,2.8081176,2.0081177,0.25811768,-1.6618823,-2.0518823,-3.0018823,-4.111882,-0.7518823,2.4681177,3.0681176,3.0281177,-0.15188232,-1.1818824,0.6281177,-6.1418824
2.1181176,1.5081177,-0.8218823,-2.1918824,-2.9318824,-4.2218823,-5.6418824,-4.6018825,-4.171882,-5.111882,-5.901882,-6.211882,-6.3718824,-6.4118824,-5.8318825,-4.5618825,-4.0518823,-1.0518823,-2.0318823,-3.3018823,5.1481175,-0.59188235,4.2481174,4.328118,4.2381177,3.3781176,2.6281176,1.6481177,0.21811767,-1.4918823,-1.6318823,-2.6518824,-2.0518823,-3.0218823,-1.2918823,-1.5818824,-1.4018823,-2.5718822,0.118117675,-1.2518823,-0.11188232
1.6981177,-1.0818824,-1.5818824,-1.2418823,-3.1018822,-3.1718824,-3.0618823,-3.7318823,-5.5618825,-4.881882,-6.1418824,-6.3318825,-7.3918824,-8.091883,-6.671882,-5.7718825,-5.0018826,0.13811767,1.3981177,-1.5318823,5.578118,3.2581177,2.0381176,2.6781178,3.4481177,2.5281177,2.1881177,0.5681177,0.37811768,-0.40188232,-1.6318823,-3.2218823,-2.7318823,-2.3918824,-2.6618824,-3.2518823,2.0981176,-2.5818822,-1.7618823,-1.7018824,0.8681177
0.89811766,-0.46188232,-1.0418823,-2.0318823,-2.0418823,-2.7018824,-2.1318824,-3.6718824,-4.1618824,-5.151882,-5.0518823,-6.1418824,-6.6018825,-6.4918823,-7.111882,-6.9718823,-5.861882,-3.8618822,0.22811767,0.84811765,0.038117677,-0.39188233,0.28811768,1.5681176,1.2381177,2.4381177,1.4681177,1.0481176,-0.29188234,-0.7418823,-2.3218822,-2.1218824,-1.6818824,-1.3118824,-1.6718823,-2.3518822,0.22811767,2.4981177,0.6781177,-1.8818823,-1.0918823
0.57811767,-0.35188234,-1.1618823,-1.5818824,-2.0218823,-2.8118823,-2.2518823,-1.9718823,-2.5118823,-3.6518824,-3.5718822,-4.861882,-5.7818823,-6.591882,-6.7618823,-6.4718823,-6.9318824,-5.7518826,-3.0418823,-3.0318823,-1.0618824,-1.4318824,-0.39188233,-0.48188233,0.3081177,0.3081177,-1.0918823,-0.6818823,-0.011882324,-0.8118823,-1.1918824,-1.1318823,-0.9418823,-1.2318823,-2.1718824,-0.8618823,0.51811767,-1.2518823,-0.16188233,0.51811767,0.09811768
1.5281177,0.26811767,-0.46188232,-0.12188233,-1.6418823,-2.5718822,-2.2318823,-2.2518823,-2.1818824,-1.9018823,-2.1818824,-3.8018823,-4.7918825,-4.7818823,-4.841882,-5.3218822,-4.8018823,-4.5718822,-2.6118822,-2.0118823,-0.8218823,-0.31188232,-1.4118823,-2.0618823,-0.051882323,-1.0218823,-0.11188232,-0.6118823,-0.7018823,-0.5518823,-1.0918823,-1.5218823,-0.78188235,-0.92188233,-1.0218823,-2.2018824,-2.5018823,-2.8518822,-2.2918823,-2.0618823,-1.5318823
1.5581176,0.89811766,0.5481177,-0.07188232,-0.54188234,-0.8618823,-1.1718823,-2.0118823,-2.1918824,-1.4118823,-0.9418823,-1.7718823,-3.1118822,-3.7118824,-4.6218824,-2.9118824,-3.4218824,-3.6518824,-3.4818823,-1.8318824,-1.8018823,0.6681177,-0.20188232,0.8081177,-0.73188233,0.078117676,-0.65188235,-0.3818823,-0.8118823,-0.8118823,-0.5718823,-0.8718823,-0.7518823,-1.3918823,-1.2118824,-1.0718824,-2.0218823,-1.2618823,-0.98188233,-0.27188233,-0.13188232
1.4981177,1.0981177,1.6581177,1.8681177,1.4581177,0.10811768,-0.011882324,-0.7018823,-0.8718823,-1.5418823,-0.79188234,-0.42188233,-1.4618824,-2.3118823,-2.2218823,-2.6818824,-2.8318822,-2.6018822,-2.7418823,-2.2118824,-1.0218823,0.25811768,-0.12188233,0.038117677,0.48811767,0.3381177,0.31811768,-0.011882324,-0.60188234,-1.2618823,-1.3918823,-1.5318823,-1.6218823,-0.8818823,-0.061882325,0.3081177,-0.59188235,-0.96188235,-1.0718824,-0.6218823,-0.53188235
1.5381176,1.4281176,0.9181177,0.82811767,1.1881176,1.6381177,0.35811767,0.7381177,-0.27188233,1.1681176,0.6281177,-0.23188232,-0.8618823,-0.78188235,-1.6218823,-1.7518823,-2.1918824,-2.7818823,-2.5518823,-2.0618823,0.57811767,0.8881177,0.23811768,0.90811765,0.6281177,1.1581177,1.1181177,0.3381177,-0.031882323,-0.16188233,0.3381177,-0.8318823,-1.3418823,-1.5418823,-1.1418823,-1.1018823,-0.8318823,-0.6818823,0.088117674,0.038117677,-0.041882325
