wind_kz.json
{"header": {"discipline":0,"disciplineName":"Meteorological products","gribEdition":2,"gribLength":1025,"center":7,"centerName":"US National Weather Service - NCEP(WMC)","subcenter":0,"refTime":"2024-02-02T06:00:00.000Z","significanceOfRT":1,"significanceOfRTName":"Start of forecast","productStatus":0,"productStatusName":"Operational products","productType":1,"productTypeName":"Forecast products","productDefinitionTemplate":0,"productDefinitionTemplateName":"Analysis/forecast at horizontal level/layer at a point in time","parameterCategory":2,"parameterCategoryName":"UnknownDiscipline_0_Category_2","parameterNumber":3,"parameterNumberName":"UnknownParameter_D0_C2_3","parameterUnit":"Unknown","genProcessType":2,"genProcessTypeName":"Forecast","forecastTime":240,"surface1Type":103,"surface1TypeName":"Specified height level above ground","surface1Value":10.0,"surface2Type":255,"surface2TypeName":"Missing","surface2Value":0.0,"gridDefinitionTemplate":0,"gridDefinitionTemplateName":"Latitude_Longitude","numberPoints":615,"shape":6,"shapeName":"Earth spherical with radius of 6,371,229.0 m","gridUnits":"degrees","resolution":48,"winds":"true","scanMode":64,"nx":41,"ny":15,"basicAngle":0,"lo1":47.0,"la1":41.0,"lo2":87.0,"la2":55.0,"dx":1.0,"dy":1.0}, "data":
[rows 0 to 14 of 15, columns 0 to 40 of 41]
-0.5665479,0.09345215,1.1034522,7.7134523,4.6934524,2.5434523,0.78345215,0.48345214,0.34345216,0.09345215,-1.2265478,-0.24654785,-0.66654783,-1.4265479,-2.6065478,-1.9365479,0.7634522,-0.40654784,-0.79654783,-0.59654784,3.033452,-0.09654785,-0.05654785,-0.6165478,0.79345214,-1.6665479,-1.7865479,-0.34654784,0.05345215,-0.76654786,-3.1865478,-5.276548,-0.30654785,0.53345215,1.5034522,1.3534522,1.3334521,1.8034521,1.5534521,0.89345217,-1.0665479
2.4234521,1.7034521,3.6834521,3.9034522,4.573452,3.8434522,0.72345215,2.033452,1.4134521,0.11345215,-0.36654785,-1.4065479,-1.5565479,-1.3565478,-3.5665479,-1.4065479,-0.28654784,-1.1065478,-0.5565479,-1.1965479,-1.3465478,-2.4565477,-1.5465479,0.67345214,0.103452146,0.25345215,1.0734521,-0.60654783,-0.12654786,0.77345216,-0.026547851,-0.95654786,0.34345216,-3.546548,-4.026548,0.8234522,-0.49654785,1.0334522,1.5034522,0.84345216,1.9434521
2.3534522,3.703452,2.6834521,3.4034522,4.1934524,3.6634521,2.3134522,1.1234522,1.4434521,0.73345214,-0.29654786,-0.0065478515,-0.7365478,-0.6265479,-1.1965479,-1.7865479,-0.22654785,0.65345216,0.19345215,-0.49654785,-0.7465479,-0.51654786,-1.3065479,-0.31654784,-1.6065478,-0.53654784,-0.32654786,-1.3365479,-0.57654786,0.8834522,-1.9365479,0.23345214,2.013452,-1.3565478,0.91345215,-0.72654784,-2.036548,1.0034522,-0.7465479,0.043452147,-0.106547855
1.8334521,3.273452,3.3534522,3.0734522,2.4134521,2.453452,2.483452,3.013452,2.1334522,1.3334521,0.60345215,-0.08654785,-0.26654786,0.79345214,-0.40654784,-0.64654785,-0.11654785,-0.06654785,-0.53654784,-1.1665479,-1.6165478,-1.0565479,-0.13654785,-0.08654785,-0.36654785,0.06345215,0.98345214,1.2434522,2.273452,0.60345215,2.1134522,-0.026547851,1.0334522,0.22345215,0.67345214,0.64345217,3.763452,5.133452,0.90345216,-0.43654785,-1.5665479
1.7334522,0.97345215,0.54345214,1.0234522,1.4034522,1.9234521,2.0634522,1.8534522,2.5534523,1.5634521,0.78345215,-0.11654785,-0.78654784,-0.50654787,0.073452145,-0.25654784,-0.6865479,-0.9265478,-1.2665478,-1.3565478,-1.2365478,-0.46654785,-0.70654786,-0.46654785,0.103452146,0.92345214,1.9034522,1.2534522,0.27345216,1.5334522,4.0634522,1.6634521,3.483452,1.2234521,-0.05654785,-0.40654784,1.3934522,1.7134521,2.3834522,1.8834522,1.3334521
2.8434522,2.233452,1.6034522,2.1634521,1.7834522,1.5334522,2.263452,2.273452,1.8334521,1.5834521,0.90345216,-0.07654785,-1.3765478,-1.1365478,-1.4065479,-0.95654786,-1.1065478,-0.90654784,-0.97654784,-1.3465478,-0.9365479,-1.4265479,-1.1065478,-0.89654785,-0.27654785,0.79345214,0.0034521485,1.4934522,1.1634521,1.6334522,2.463452,2.1334522,0.79345214,3.283452,3.483452,-3.1165478,-1.2365478,-4.546548,-4.416548,1.3334521,2.743452
3.5834522,3.493452,4.223452,3.6434522,2.9234521,2.9134521,2.503452,2.233452,1.8034521,1.3234521,0.14345215,-0.35654786,-1.1365478,-1.6165478,-0.77654785,-0.11654785,0.71345216,0.34345216,1.1234522,0.71345216,0.023452148,0.18345214,0.6234521,0.41345215,-0.50654787,-0.14654785,-0.07654785,-0.90654784,1.2534522,2.3134522,2.3134522,1.6334522,3.4234521,2.3834522,0.85345215,-1.0465479,0.5034521,3.013452,-2.4365478,1.1434522,-1.3365479
3.713452,2.9034522,2.8834522,3.3734522,2.6934521,2.1334522,1.8234521,2.493452,2.5534523,1.6934521,1.4934522,0.33345214,0.47345215,0.7634522,-0.17654786,0.32345214,0.22345215,0.18345214,0.52345216,-0.11654785,-1.5065478,-1.6165478,-0.42654786,1.7134521,1.0934521,1.1434522,-0.94654787,-1.8165479,-1.9565479,0.39345214,1.4734521,0.97345215,0.65345216,2.5834522,5.373452,1.7634522,-2.3465478,3.013452,-0.37654784,0.95345217,3.6934521
3.213452,3.8034523,3.483452,3.033452,3.1734521,2.703452,2.463452,2.9434521,2.8834522,2.733452,2.4034522,1.9434521,1.3034521,1.2734522,0.8134521,1.6234522,1.7634522,2.033452,1.0534521,1.0334522,1.2234521,0.023452148,-0.64654785,-1.3765478,-0.18654785,0.8734521,0.61345214,-0.5565479,-1.2765479,-2.0865479,-2.3765478,-2.4165478,-4.666548,-5.466548,-3.726548,-0.66654783,1.2434522,3.3534522,3.3334522,2.3234522,2.483452
4.083452,3.513452,3.6934521,3.9234521,3.723452,3.3234522,3.3434522,3.3934522,3.773452,3.6534522,3.4034522,2.8834522,2.1934521,1.3034521,1.4334521,1.0534521,1.7734522,2.1434522,1.8334521,1.3134521,1.4234521,0.6234521,0.28345215,-0.21654785,-0.69654787,-0.8665478,-1.3365479,-1.7965479,-1.5865479,-0.63654786,-2.5665479,-3.266548,-4.586548,-4.1865478,-3.976548,-3.9165478,0.013452148,1.7234521,4.153452,3.4434521,1.5234522
3.6034522,3.4034522,2.9134521,2.493452,3.1634521,3.6134522,3.513452,3.703452,4.403452,4.163452,4.403452,3.493452,3.2934523,2.703452,2.253452,2.4134521,2.5634522,2.1634521,2.453452,1.7434522,0.89345217,0.22345215,0.5734522,0.043452147,0.26345214,-0.44654787,0.48345214,-1.4065479,-1.7565478,-2.6065478,-3.3365479,-3.4465477,-3.3365479,-2.5665479,-1.5265479,-1.2165478,0.21345215,-1.0865479,-0.9965479,-0.28654784,0.8234522
1.9734521,2.703452,3.1834521,3.5734522,3.513452,3.1034522,3.8234522,4.493452,4.283452,3.9434521,2.8834522,2.523452,4.243452,3.3834522,3.483452,3.503452,3.9434521,4.333452,3.3734522,2.8234522,3.4134521,2.3534522,1.6534522,1.3434521,1.2434522,-0.05654785,0.19345215,-1.4665478,-2.3365479,-2.3765478,-2.6565478,-2.526548,-2.6765478,-1.6165478,-1.7865479,-0.32654786,1.0734521,0.28345215,-0.33654785,-1.4365479,-1.0365479
-0.06654785,1.7034521,2.753452,2.483452,3.023452,2.5834522,3.8134522,5.123452,5.7334523,4.2734523,2.1834521,1.5334522,4.383452,4.413452,3.6334522,3.6734521,4.343452,4.863452,3.9434521,3.8534522,2.963452,2.9334521,1.6134522,1.4634521,0.67345214,-0.59654784,-1.6165478,-1.9565479,-1.9665478,-2.236548,-1.7965479,-2.1565478,-2.3065479,-1.6165478,-1.7165478,-1.3365479,-1.5465479,-0.46654785,-0.63654786,-0.5565479,0.37345216
-0.83654785,-0.53654784,-0.20654786,0.9434521,2.223452,3.243452,4.153452,4.5034523,4.633452,6.0634522,3.233452,1.3634522,2.0534523,4.643452,4.763452,4.413452,5.1734524,4.863452,4.553452,3.9234521,3.6734521,2.5434523,2.013452,1.4934522,0.5034521,-0.8765479,-1.6665479,-1.9165479,-2.266548,-2.236548,-2.246548,-2.266548,-2.266548,-2.1665478,-2.3565478,-2.3365479,-1.6265478,-1.1265478,-0.29654786,0.09345215,-0.89654785
0.23345214,0.77345216,0.66345215,-0.07654785,0.73345214,2.023452,2.8234522,4.493452,4.223452,5.373452,3.9434521,4.703452,2.703452,1.7234521,4.613452,4.893452,5.743452,5.633452,4.883452,4.133452,3.3334522,3.003452,2.1734521,1.6034522,0.73345214,-0.106547855,-1.1265478,-1.4465479,-1.7965479,-2.216548,-2.716548,-2.2065477,-2.2065477,-1.9765478,-1.9465479,-1.5065478,-1.0465479,-0.90654784,-0.85654783,-0.35654786,0.83345217
