wind_kz.json
{"header": {"discipline":0,"disciplineName":"Meteorological products","gribEdition":2,"gribLength":1102,"center":7,"centerName":"US National Weather Service - NCEP(WMC)","subcenter":0,"refTime":"2023-09-24T06:00:00.000Z","significanceOfRT":1,"significanceOfRTName":"Start of forecast","productStatus":0,"productStatusName":"Operational products","productType":1,"productTypeName":"Forecast products","productDefinitionTemplate":0,"productDefinitionTemplateName":"Analysis/forecast at horizontal level/layer at a point in time","parameterCategory":2,"parameterCategoryName":"UnknownDiscipline_0_Category_2","parameterNumber":3,"parameterNumberName":"UnknownParameter_D0_C2_3","parameterUnit":"Unknown","genProcessType":2,"genProcessTypeName":"Forecast","forecastTime":240,"surface1Type":103,"surface1TypeName":"Specified height level above ground","surface1Value":10.0,"surface2Type":255,"surface2TypeName":"Missing","surface2Value":0.0,"gridDefinitionTemplate":0,"gridDefinitionTemplateName":"Latitude_Longitude","numberPoints":615,"shape":6,"shapeName":"Earth spherical with radius of 6,371,229.0 m","gridUnits":"degrees","resolution":48,"winds":"true","scanMode":64,"nx":41,"ny":15,"basicAngle":0,"lo1":47.0,"la1":41.0,"lo2":87.0,"la2":55.0,"dx":1.0,"dy":1.0}, "data":
[rows 0 to 14 of 15, columns 0 to 40 of 41]
0.22647461,1.2964746,-1.5235254,-7.6435256,-5.9135256,-5.6635256,-4.4235253,-3.6735253,-2.0935254,-3.5835254,-4.4235253,-5.4435253,-5.4235253,-2.1335254,2.0364747,2.3664746,1.9864746,0.3364746,-0.46352538,-0.5235254,0.6864746,-0.033525392,0.07647461,1.9064746,1.4464746,0.6364746,0.8764746,1.2564746,0.5764746,-0.82352537,1.3564746,2.0264747,-0.6635254,0.13647461,0.8364746,0.5064746,-0.14352539,-0.9735254,-0.5935254,1.0964746,2.0464747
2.2764747,1.1964746,-4.1235256,-9.323525,-6.9935255,-6.0535254,-4.4035254,-3.8835254,-3.9835253,-4.3235254,-4.3735256,-4.1235256,-4.523525,-4.083525,-0.02352539,1.8464746,0.8464746,0.6664746,0.6364746,-1.0135254,-0.8535254,0.04647461,0.3564746,2.1264746,2.0764747,2.7564745,2.7664747,1.7864746,0.3964746,2.1064746,0.7664746,1.6964746,0.8164746,-1.0735254,0.67647463,3.0064745,1.0864747,2.2064745,0.14647461,1.1164746,0.92647463
-1.0335253,-2.9135253,-6.2035255,-2.0835254,-7.3735256,-5.2635255,-4.5935254,-5.103525,-4.2335253,-4.9635253,-5.1235256,-4.2635255,-4.1735253,-4.4735255,-1.3935254,2.3764746,3.3064747,2.5164747,1.0064746,-0.4535254,-0.3235254,1.2064747,1.8664746,2.5464747,-0.7835254,-1.9535254,-2.2135253,-1.2735254,-0.64352536,-0.7935254,0.7464746,1.1264746,1.2364746,0.4564746,0.92647463,-1.5735254,-1.4135253,2.5464747,-0.4135254,2.0564747,1.2464746
0.5364746,1.9664747,-6.2335253,-5.4235253,-6.1935253,-5.6935253,-6.5335255,-5.8835254,-5.1535254,-4.523525,-3.6135254,-3.4335253,-3.7035253,-4.023525,-0.013525391,2.2364745,3.3364747,2.3864746,0.9164746,0.09647461,2.5664747,4.3764744,0.7564746,0.5064746,-0.51352537,-0.5535254,0.7464746,2.7764747,1.4464746,-0.8635254,5.4864745,1.7164747,0.8164746,-0.3835254,1.2364746,1.9664747,2.8464746,2.6064746,-1.4435254,-1.6935254,-2.8335254
-1.1435254,0.0064746095,-2.2435255,-4.6435256,-5.7135253,-5.2435255,-4.8835254,-3.9635253,-4.8235254,-3.4435253,-2.7735255,-3.2135253,-3.0635254,-2.6135254,1.0164746,2.1064746,1.7864746,1.6164746,1.3064746,1.3164746,2.7664747,0.6564746,0.6964746,0.6264746,0.1564746,0.5064746,2.4964745,2.1964746,1.0764747,2.9464746,5.3364744,0.9564746,2.2864747,0.2564746,0.22647461,0.6264746,3.0564747,-0.18352538,-1.8035254,-1.1635253,-0.013525391
-1.6535254,-1.7235254,-3.2635255,-5.1635256,-6.6135254,-6.9035254,-4.7035255,-3.8035254,-3.7135253,-2.3435254,-0.7235254,-0.5235254,0.2964746,0.6164746,0.0064746095,0.3064746,0.9164746,1.0264746,1.3264747,1.3364747,1.6264746,1.1864746,0.4164746,0.5864746,1.2064747,1.9064746,1.3564746,1.1664746,1.9964746,2.0464747,1.2564746,1.3064746,1.2764746,0.6964746,-1.5335253,13.126474,-2.8635254,6.3364744,1.1464746,-0.7935254,-0.43352538
-1.6135254,-2.3235254,-2.9335253,-3.5935254,-4.3835254,-4.3935256,-4.4535255,-4.6635256,-3.6435254,1.0464746,1.6064746,0.8464746,1.7764746,0.6664746,0.3564746,0.5964746,0.5364746,0.1264746,1.1264746,0.9564746,0.6664746,1.0564746,1.6264746,2.2964747,2.9464746,3.5564747,3.1764746,2.9364746,1.6864746,1.8564746,2.1364746,2.3664746,3.0264747,5.456475,4.0664744,3.5164747,2.7064745,3.4064746,3.5464747,3.7164745,4.2464747
-1.0035254,-1.9135253,-1.7835253,-1.2035254,-2.1735253,-2.9435253,-3.9435253,-5.5035253,-2.4135253,1.5564746,2.5664747,1.2364746,0.5064746,0.8264746,0.3664746,0.43647462,-0.22352539,0.6264746,0.8364746,1.4464746,0.1864746,0.6964746,2.1264746,3.6164746,4.3664746,4.3164744,5.2664747,3.9564745,2.8664746,1.8964746,2.6964746,3.8264747,4.9064746,3.2764747,0.6664746,-0.3235254,0.1264746,2.7064745,-0.08352539,3.1264746,4.396475
-0.2335254,-0.70352536,-0.6235254,-0.2735254,-0.14352539,-1.5935254,-2.2035253,-3.6735253,0.49647462,0.85647464,0.3864746,0.7064746,1.6864746,1.4564747,0.7564746,-0.2335254,-0.1535254,0.40647462,0.5064746,0.92647463,0.3964746,2.2464745,3.0264747,2.7364745,3.7064745,3.5664747,5.226475,5.186475,4.5464745,3.8864746,5.0064745,5.6964746,2.9764745,3.3464746,6.3364744,7.6364746,2.9264746,0.02647461,2.4964745,2.2464745,-0.0035253905
-3.7435255,-4.023525,-3.9535253,0.3364746,0.4164746,-1.3235254,-2.9035254,-1.3735254,0.6264746,0.8164746,0.8864746,0.6164746,1.2764746,1.6964746,0.9764746,-0.0035253905,0.05647461,0.4764746,0.9364746,1.0264746,0.5064746,0.7564746,2.6664746,2.8864746,2.2564745,3.6264746,2.8264747,3.8664746,3.0564747,3.2264745,4.166475,2.8264747,3.0164747,5.1764746,5.706475,1.2164747,1.7764746,1.7864746,1.1964746,0.34647462,2.8964746
-4.8035254,-5.9735255,-5.9535255,-4.8935256,-4.523525,-4.1235256,-3.5235255,-3.4235253,-2.8435254,-0.5335254,1.4864746,0.73647463,1.6064746,2.3464746,1.8264747,1.0964746,0.9064746,0.6564746,1.1364746,1.3064746,0.8964746,1.1264746,1.1164746,2.1164746,2.4064746,3.2364745,3.2964747,3.6264746,3.1964746,2.8864746,3.9364746,4.2564745,4.8564744,4.8764744,4.9464746,2.5064745,1.6164746,0.5164746,1.6564746,1.2964746,1.2264746
-4.333525,-5.5735254,-5.2835255,-5.8235254,-4.8235254,-5.0735254,-6.0335255,-5.5535254,-6.2335253,-4.313525,-2.0535254,-3.2135253,-4.0735254,-0.8435254,0.8164746,2.1164746,2.0164747,1.1164746,1.4364746,1.1964746,1.7464746,2.1464746,1.9664747,2.5164747,2.4664745,2.9264746,2.4164746,3.2764747,3.4264746,3.9664745,4.456475,4.8164744,3.7764747,4.0964746,3.3864746,2.7164745,1.5864747,0.46647462,-0.4235254,0.7764746,-0.19352539
-2.6235254,-3.8035254,-3.9735253,-4.0535254,-3.8535254,-3.3935254,-4.7135253,-5.7235255,-7.273525,-6.063525,-2.7935255,-1.1735253,-2.7535255,-5.0935254,-6.6235256,-5.313525,-1.8435254,-0.46352538,2.3364747,1.7664746,2.0564747,2.7164745,2.4364746,2.6264746,2.7664747,3.0664747,3.5564747,3.9764745,4.3464746,4.726475,4.666475,4.7764745,4.1064744,3.6964746,3.6364746,3.4664745,2.7264745,1.4264746,2.2264745,1.5964746,0.5164746
-1.9035254,-2.3835254,-2.6535254,-3.0035255,-3.0135255,-3.1835253,-4.0535254,-4.7235255,-5.1935253,-5.9635253,-3.1735253,-2.3435254,-2.8935254,-4.1835256,-6.063525,-5.6735253,-5.5335255,-5.9635253,-2.2035253,0.24647461,1.4864746,2.1264746,2.2164745,2.5264747,2.5164747,3.2364745,2.8864746,3.6264746,4.1064744,4.3764744,4.6064744,4.5564747,4.896475,4.8064747,3.9564745,4.0464745,3.2764747,2.8864746,2.7764747,2.0864747,2.3064747
-0.2735254,-1.5135254,-2.9335253,-2.6935253,-2.8835254,-2.6635253,-2.8635254,-3.4235253,-4.1235256,-4.2835255,-2.8035254,-4.2235255,-2.9235253,-3.0735254,-3.9235253,-4.603525,-5.1235256,-3.6535254,-3.1935253,-4.1735253,0.07647461,1.8864746,2.0364747,2.6664746,3.4664745,3.6364746,3.9164746,3.8364747,3.9264746,3.9864745,3.6364746,3.6764746,3.9664745,4.0564747,3.6264746,3.5664747,4.4264746,4.0664744,2.5164747,3.7264745,2.5664747
