wind_kz.json
{"header": {"discipline":0,"disciplineName":"Meteorological products","gribEdition":2,"gribLength":1025,"center":7,"centerName":"US National Weather Service - NCEP(WMC)","subcenter":0,"refTime":"2024-04-07T18:00:00.000Z","significanceOfRT":1,"significanceOfRTName":"Start of forecast","productStatus":0,"productStatusName":"Operational products","productType":1,"productTypeName":"Forecast products","productDefinitionTemplate":0,"productDefinitionTemplateName":"Analysis/forecast at horizontal level/layer at a point in time","parameterCategory":2,"parameterCategoryName":"UnknownDiscipline_0_Category_2","parameterNumber":2,"parameterNumberName":"UnknownParameter_D0_C2_2","parameterUnit":"Unknown","genProcessType":2,"genProcessTypeName":"Forecast","forecastTime":300,"surface1Type":103,"surface1TypeName":"Specified height level above ground","surface1Value":10.0,"surface2Type":255,"surface2TypeName":"Missing","surface2Value":0.0,"gridDefinitionTemplate":0,"gridDefinitionTemplateName":"Latitude_Longitude","numberPoints":615,"shape":6,"shapeName":"Earth spherical with radius of 6,371,229.0 m","gridUnits":"degrees","resolution":48,"winds":"true","scanMode":64,"nx":41,"ny":15,"basicAngle":0,"lo1":47.0,"la1":41.0,"lo2":87.0,"la2":55.0,"dx":1.0,"dy":1.0}, "data":
[rows 0 to 14 of 15, columns 0 to 40 of 41]
-1.3308643,1.6091357,-1.5108643,2.7591357,2.2191358,-4.860864,-8.560864,-7.7808642,-8.910864,-7.170864,-7.2808642,-7.840864,-7.5108643,-6.2608643,-5.5308642,-4.980864,-3.3308642,-4.2408643,-2.6608644,-2.4408643,-5.0208645,-3.4008644,1.1191357,0.5691357,-2.6608644,-1.5808643,0.47913575,1.4791358,-1.1708642,-1.2908642,-1.3308643,-0.56086427,0.64913577,-0.41086426,2.4091358,2.9291358,3.2191358,2.2791357,2.7691357,2.5791357,3.0491357
0.97913575,-2.7808642,0.96913576,2.4191358,-3.0408642,-7.570864,-6.2808642,-9.840864,-7.6008644,-7.860864,-7.6208644,-7.0208645,-6.5208645,-5.860864,-4.7808642,-2.7608643,-2.4508643,-3.0508642,-1.8308643,-1.9208642,-2.5208642,-2.0308642,-2.3608642,2.3091357,-1.2208643,-0.15086426,-0.06086426,-0.14086425,3.0791357,-0.17086425,0.26913574,0.24913575,0.60913575,1.2391357,0.68913573,3.0591357,3.6191359,2.5191357,0.85913575,-0.25086427,-0.51086426
-0.06086426,2.4491358,1.5191357,-3.7608643,-4.1008644,-8.250864,-7.650864,-6.420864,-8.430864,-7.690864,-7.170864,-7.0108643,-6.9908643,-5.8708644,-4.3508644,-3.2408643,-2.2308643,-0.6108643,0.71913576,-1.7408643,-1.8108642,-1.7008643,-1.6308643,-2.5708642,0.039135743,-0.53086424,1.6891358,1.5291357,3.0491357,0.059135742,0.019135742,-2.7908642,-0.81086427,-0.11086426,-1.1908642,0.68913573,0.12913574,0.26913574,0.45913574,1.6991358,-0.9808643
0.34913576,2.6991358,-3.6108642,-6.150864,-6.0208645,-7.3508644,-5.880864,-7.0408645,-6.400864,-5.690864,-5.340864,-5.210864,-4.400864,-1.9708643,-2.6808643,-2.0508642,-2.0408642,-3.6708643,-5.5208645,-3.3608642,-2.4308643,-1.1308643,-2.9908643,-4.360864,-4.8108644,-4.3308644,-3.6108642,-2.1008642,0.20913574,2.3591356,2.2891357,1.9291358,1.2091358,-0.6108643,0.28913575,2.2791357,1.4791358,0.079135746,-1.3108642,0.039135743,-1.2108643
-0.49086425,-3.2008643,-2.9508643,-7.4708643,-6.2808642,-6.5108643,-5.630864,-4.7808642,-4.4508643,-3.5308642,-4.5408645,-5.8908644,-2.6608644,-1.6108643,-1.1308643,-3.4408643,-5.320864,-4.440864,-5.2208643,-6.840864,-7.230864,-6.610864,-6.5108643,-6.1808643,-6.4308643,-6.5108643,-6.5608644,-0.97086424,-4.000864,-3.4708643,-2.3608642,2.0091357,2.0391357,-0.88086426,-2.9208643,-0.76086426,0.34913576,0.31913576,-0.40086424,-0.78086424,-0.59086424
-1.4608643,-4.110864,-7.4908643,-8.2708645,-6.2608643,-5.4108644,-5.4908643,-5.300864,-4.9108644,-4.7208643,-4.7008643,-3.9708643,-3.0308642,-1.8508643,-0.26086426,-3.9208643,-4.8708644,-5.7608643,-6.710864,-7.000864,-7.9708643,-7.1408644,-6.5608644,-7.2608643,-7.730864,-9.070865,-8.160864,-3.1708643,-6.980864,-7.4508643,-8.130864,-5.8108644,-3.4908643,-4.000864,-2.5708642,3.0491357,-0.08086426,2.3891358,-0.81086427,-0.07086426,0.72913575
-2.3808641,-7.0408645,-9.0208645,-7.650864,-5.610864,-5.610864,-5.420864,-5.6008644,-6.1808643,-6.090864,-4.090864,-4.5408645,-3.0708642,-3.6408644,-4.670864,-5.210864,-7.320864,-7.2208643,-7.5308642,-8.210864,-7.460864,-7.0808644,-7.300864,-7.320864,-8.570865,-8.710864,-8.880864,-8.510864,-9.350864,-9.360865,-10.000864,-9.5208645,-8.110865,-4.6208644,0.5191357,2.5691357,-0.85086423,1.2991357,3.8291357,-0.19086426,1.5591358
-6.9508643,-9.380864,-7.1608644,-6.1808643,-5.900864,-6.6808643,-5.820864,-5.5608644,-6.8708644,-5.550864,-4.3308644,-3.6208642,-6.3908644,-7.2808642,-5.6808643,-6.550864,-5.920864,-6.210864,-7.340864,-8.000864,-8.5208645,-7.7608643,-6.820864,-6.5208645,-6.2808642,-7.340864,-7.710864,-8.790864,-9.610865,-9.240864,-9.490864,-7.9108644,-8.570865,-6.300864,-5.190864,0.18913575,3.1091356,6.349136,5.929136,6.769136,4.0891356
-7.2708645,-6.9708643,-6.0208645,-6.090864,-6.6808643,-7.0108643,-7.5208645,-7.130864,-6.980864,-6.2708645,-6.980864,-7.7408643,-7.4908643,-7.400864,-7.6608644,-6.900864,-6.8308644,-6.860864,-6.8508644,-7.7708645,-8.5208645,-8.560864,-7.9108644,-8.140864,-7.670864,-7.7208643,-8.010864,-8.300864,-7.8108644,-8.0208645,-7.1008644,-6.090864,-4.0808644,-3.6008642,-1.5508642,0.90913576,-2.4408643,-3.4308643,-1.2508643,0.52913576,-0.83086425
-4.7808642,-5.590864,-6.190864,-6.2408643,-6.300864,-6.7908645,-6.860864,-7.8708644,-7.9108644,-8.160864,-8.730865,-9.0208645,-8.340864,-8.5208645,-8.380864,-8.560864,-8.320865,-8.340864,-8.670864,-8.480865,-9.670864,-8.650865,-7.5608644,-7.300864,-7.2008643,-7.210864,-6.730864,-6.480864,-6.110864,-6.210864,-4.690864,-3.2408643,-2.6108642,-2.9408643,-2.5008643,-0.6808643,2.0091357,-0.8608643,-1.8608643,-0.90086424,1.1991358
-4.840864,-4.7808642,-5.360864,-5.820864,-5.6008644,-5.840864,-6.1608644,-6.5208645,-7.1808643,-7.6608644,-7.6008644,-8.150865,-8.400865,-9.0208645,-9.120864,-9.010864,-9.030865,-8.500864,-8.090864,-8.010864,-7.610864,-6.940864,-6.6808643,-6.0808644,-5.420864,-5.0608644,-5.2908645,-4.4908643,-4.250864,-3.2508643,-3.0408642,-2.4608643,-2.5808642,-3.2208643,-3.8808641,-3.1608644,-1.6208643,0.99913573,0.46913573,-0.63086426,1.2991357
-5.210864,-4.2408643,-4.400864,-5.1608644,-5.1808643,-5.4508643,-5.4308643,-5.7708645,-5.6808643,-6.5608644,-6.8708644,-6.940864,-7.110864,-7.300864,-7.0608644,-6.880864,-6.630864,-6.170864,-6.0208645,-5.8308644,-5.5308642,-5.2208643,-4.710864,-4.1608644,-3.9508643,-3.5108643,-2.8608642,-2.1308641,-2.1808643,-1.8508643,-1.9208642,-2.7908642,-3.3208642,-3.1108642,-2.4408643,-3.4508643,-2.7408643,-1.3008642,-0.6808643,0.08913574,0.64913577
-3.1008642,-4.2808642,-3.4108644,-4.0808644,-3.9508643,-3.1508644,-4.300864,-5.0308642,-5.920864,-4.630864,-4.6408644,-5.380864,-5.2708645,-5.550864,-5.050864,-4.630864,-4.6608644,-4.480864,-3.7808642,-3.4408643,-3.4608643,-3.1808643,-2.6408644,-2.0308642,-1.9108642,-1.1108643,-1.0208642,-0.91086423,-1.4008642,-1.6608642,-2.6308641,-2.4808643,-3.1208642,-3.3008642,-2.1108642,-1.7808642,-1.5608642,-1.1208643,-0.91086423,-0.6708643,-1.2008643
-2.5408642,-3.2508643,-0.58086425,-4.0608644,-3.7508643,-3.6608644,-3.3008642,-3.4608643,-2.2608643,-2.6808643,-3.0008643,-3.6308641,-2.9708643,-2.8308642,-2.9008644,-2.7208643,-2.8908644,-2.8108642,-2.4808643,-2.5408642,-2.2308643,-1.8008642,-1.0308642,-0.51086426,-0.6208643,-0.43086424,-0.48086426,-0.33086425,-0.78086424,-1.6208643,-1.8208642,-2.9508643,-3.4008644,-2.5108643,-2.8208642,-2.3508642,-2.1608644,-2.2408643,-2.5208642,-1.4108642,-0.77086425
-1.3708643,-2.8308642,-0.83086425,-2.6308641,-2.3508642,-1.9508643,-2.1508644,-2.3808641,-1.9708643,-1.7308643,-0.9808643,-1.5408642,-1.1208643,-0.58086425,-1.9208642,-2.4808643,-1.9808643,-1.2008643,-0.32086426,-0.43086424,0.30913574,0.52913576,0.40913573,0.67913574,0.78913575,0.6991357,0.7691357,0.28913575,0.029135741,-0.72086424,-2.6308641,-2.2708642,-2.5708642,-2.9108644,-2.8008642,-2.9408643,-2.7508643,-3.8008642,-2.8508642,-3.1208642,-2.6708643
