wind_kz.json
{"header": {"discipline":0,"disciplineName":"Meteorological products","gribEdition":2,"gribLength":1025,"center":7,"centerName":"US National Weather Service - NCEP(WMC)","subcenter":0,"refTime":"2023-10-05T18:00:00.000Z","significanceOfRT":1,"significanceOfRTName":"Start of forecast","productStatus":0,"productStatusName":"Operational products","productType":1,"productTypeName":"Forecast products","productDefinitionTemplate":0,"productDefinitionTemplateName":"Analysis/forecast at horizontal level/layer at a point in time","parameterCategory":2,"parameterCategoryName":"UnknownDiscipline_0_Category_2","parameterNumber":2,"parameterNumberName":"UnknownParameter_D0_C2_2","parameterUnit":"Unknown","genProcessType":2,"genProcessTypeName":"Forecast","forecastTime":0,"surface1Type":103,"surface1TypeName":"Specified height level above ground","surface1Value":10.0,"surface2Type":255,"surface2TypeName":"Missing","surface2Value":0.0,"gridDefinitionTemplate":0,"gridDefinitionTemplateName":"Latitude_Longitude","numberPoints":615,"shape":6,"shapeName":"Earth spherical with radius of 6,371,229.0 m","gridUnits":"degrees","resolution":48,"winds":"true","scanMode":64,"nx":41,"ny":15,"basicAngle":0,"lo1":47.0,"la1":41.0,"lo2":87.0,"la2":55.0,"dx":1.0,"dy":1.0}, "data":
[rows 0 to 14 of 15, columns 0 to 40 of 41]
-2.9229705,-0.8729706,0.72702944,2.9870293,5.2770295,4.827029,3.4570293,5.9870296,7.3170295,5.8770294,6.347029,7.1770296,7.1570296,3.1370294,2.4870293,1.5870295,-0.4229706,-1.8529706,-0.2729706,-3.0729706,-3.8929706,0.4170294,0.7470294,-1.8529706,1.6170294,-1.9529706,-2.3329706,-0.31297058,-0.46297058,-0.4929706,-1.6929706,1.4270294,0.27702942,-0.7329706,-1.3229706,-2.8229706,-1.2929705,-2.0829706,-1.2229706,0.07702942,0.6970294
1.9870294,2.4170294,2.0370295,5.1970296,5.3770294,3.9270294,1.9670295,3.2770295,4.2570295,3.6570294,3.3670294,2.8470294,-3.9529705,-1.2029706,-0.41297057,-1.7929705,3.6470294,-1.6229706,-1.3329706,1.2070295,0.23702942,1.7770294,-2.4029706,-0.32297057,1.3270295,0.37702942,-0.6229706,-0.6829706,-2.6029706,-1.6929706,0.17702942,-0.23297058,-0.41297057,-2.8829706,0.17702942,0.43702942,-0.16297059,0.8170294,0.05702942,0.8070294,-4.7429705
1.6870294,0.5170294,3.6570294,4.2770295,3.1970294,-1.9429706,0.02702942,1.8470294,-0.96297055,-0.52297056,-1.7029706,-5.1029706,-3.7229705,-0.7529706,-2.0129707,-2.6629705,-2.9429705,-1.9329705,0.97702944,0.9470294,1.7870294,3.0170295,-2.5729706,-2.3329706,1.8170295,0.13702942,-2.2629707,-0.3329706,-2.3329706,-0.5329706,-1.0429705,1.8570294,-0.022970581,-0.7329706,0.09702942,-1.4429706,-0.22297058,0.6470294,1.6670294,1.9270294,1.7070295
0.8870294,4.3870296,3.4470294,3.9870293,0.11702942,-0.13297059,0.91702944,-3.0229707,-1.2929705,1.4670295,-4.0629706,-3.8929706,-3.0729706,-2.2229705,-2.1429706,-2.5729706,-2.2929707,-2.1929705,-1.8829706,-2.2429705,-1.5429705,-1.0729706,-1.6929706,-6.2329707,-5.5629706,-3.3829706,-3.2629707,-8.542971,-2.9729705,-1.2229706,-0.08297058,-3.5629706,-2.0029707,-2.7329705,-2.0029707,-2.2329705,-1.9429706,2.6770294,1.0270294,-1.1029706,-2.0629706
2.9570293,3.3670294,4.8870296,5.1070294,2.4170294,-0.9129706,-0.6829706,-1.2329706,0.85702944,3.8170295,-2.6529706,-2.2529707,-2.1529706,-3.2029705,-3.4329705,-2.5229707,-2.5929706,-3.1429706,-2.6529706,-3.4229705,-3.9129705,-4.9929705,-7.152971,-7.1829705,-7.8129706,-4.5629706,-7.3429704,-5.2929707,-4.5129704,-4.5029707,-3.7529707,-1.4729706,-1.9229705,1.1970295,-0.8729706,0.36702943,-2.6829705,-2.9629705,-3.2829707,-3.7729707,-3.5529706
2.8470294,3.0570295,4.077029,4.6570296,2.6570294,-0.9329706,0.8770294,2.1370294,3.4270294,-0.042970583,-2.1829705,-1.2829705,-2.5629706,-4.2229705,-2.7029705,-2.8129706,-2.3929706,-2.8629706,-3.8729706,-3.2629707,-3.6829705,-3.2529707,-5.8729706,-6.3329706,-4.6029706,-5.2629704,-4.0629706,-5.8929706,-3.6629705,-3.1629705,-3.0229707,-2.9829705,-2.8029706,-2.1029706,0.15702942,-0.6329706,0.34702942,-2.5129707,-1.1729705,-3.2129705,-2.9729705
2.5270295,2.9370294,3.5770295,4.7370296,4.1570296,-0.3029706,-0.3629706,2.7170293,4.2870293,3.0770295,1.8870294,3.1370294,-1.0929706,-2.2529707,-2.6029706,-2.5529706,-2.2929707,-2.1729705,-3.3829706,-3.8629706,-3.4729705,-3.5829706,-4.3129706,-3.8129706,-3.4929705,-3.2429705,-3.8729706,-3.3229706,-3.6729705,-3.9729705,-3.2829707,-3.2929707,-2.2329705,-1.3929706,-2.5429707,-2.4029706,-1.1529706,1.6570294,-2.0629706,2.1370294,0.42702943
5.0170293,3.2270293,3.6970294,3.1270294,2.9670293,-0.3629706,1.8570294,1.8770294,2.5370295,3.7770295,2.8970294,0.40702942,-1.7529706,-2.8529706,-1.9229705,-1.8929706,-2.9429705,-3.0529706,-2.8029706,-4.0929704,-3.1329706,-3.5129707,-3.2929707,-3.8429706,-2.8629706,-1.7529706,-2.5629706,-2.6129706,-3.5029707,-3.6229706,-4.152971,-2.9929705,-4.5029707,-1.1029706,-4.6129704,-1.6429706,-0.37297058,0.5170294,-2.0329707,-2.5029707,-1.5529705
0.78702945,4.7470293,3.2270293,3.3570294,2.4370294,1.4470295,0.30702943,3.1870294,2.1770294,2.4770293,2.7870295,0.91702944,-0.6029706,-3.2029705,-2.6029706,-2.5429707,-2.8629706,-2.9529705,-3.0129707,-2.7729707,-3.5929706,-3.1829705,-2.8229706,-2.3329706,-2.3729706,-2.5529706,-1.8429706,-2.5229707,-1.7229706,-1.8129706,-2.7229705,-1.8029705,-0.8029706,-1.9629706,-0.9329706,-0.57297057,-0.16297059,-1.5829706,-1.3329706,0.85702944,-2.2729707
4.1870294,5.117029,5.0170293,2.7670295,2.1070294,0.72702944,0.5270294,-0.6329706,0.45702943,1.8570294,1.8370295,-2.1329706,-1.1729705,0.36702943,-0.20297058,-1.3229706,-1.9929706,-2.3429706,-2.6329706,-2.3829706,-2.2029705,-2.2429705,-1.9729706,-2.1629705,-2.9529705,-3.2529707,-3.0329707,-2.8729706,-2.6129706,-2.2529707,-1.2429706,-1.0329705,-1.3529706,-1.5329705,-1.2729706,-0.09297058,-1.1829705,-0.35297057,-1.6629705,-0.34297058,-1.3829706
3.2070293,4.8370295,4.2170296,2.3470294,2.4070294,1.8570294,0.8270294,0.4170294,0.13702942,-0.6129706,-1.7729706,-0.7929706,1.0170294,1.8170295,0.66702944,1.0970294,0.5270294,0.5570294,-1.4029706,-1.7929705,-2.4829705,-2.7529707,-2.1829705,-2.2629707,-2.4429705,-2.2529707,-1.3929706,-1.9329705,-1.6429706,-0.9729706,-1.2529706,0.14702941,-0.82297057,-1.1529706,-1.0929706,-0.7229706,-1.1429706,-0.51297057,-0.22297058,0.5570294,-0.96297055
1.5270294,2.3070295,4.2770295,2.5770295,2.3370295,0.9370294,0.92702943,-0.5529706,0.66702944,0.54702944,-0.5529706,2.0270295,2.2170293,0.37702942,-0.002970581,0.5070294,0.5770294,1.5470294,0.5270294,1.2870294,0.31702942,1.1470294,0.16702943,0.16702943,-0.10297058,0.18702942,-0.6729706,-0.15297058,-0.5329706,-0.17297058,-0.4229706,-0.13297059,-0.4529706,-0.21297058,0.02702942,0.11702942,-0.2729706,-0.2729706,-0.13297059,-0.34297058,-0.18297058
2.0570295,2.0870295,1.9770294,2.0470295,2.6170294,1.3570294,1.0470294,0.4170294,-0.15297058,0.5070294,-0.14297058,1.1070294,0.92702943,1.5370294,2.2970295,2.2170293,2.4970293,2.1670294,1.7770294,1.8270295,0.85702944,0.97702944,1.5170294,1.1570294,2.8470294,2.4770293,2.2670295,1.3270295,0.8270294,1.3070294,1.5970294,1.7870294,1.5070294,0.33702943,1.2870294,1.0970294,1.5270294,0.2570294,0.59702945,0.3270294,-0.38297057
2.4670293,2.3170295,1.5970294,1.4070294,0.60702944,0.12702942,0.28702942,0.7470294,0.42702943,-0.022970581,0.73702943,0.2970294,1.4470295,2.7370293,4.7070293,4.327029,3.0970294,2.4070294,1.1970295,1.7570294,2.0470295,1.9270294,2.4170294,2.4470294,2.6570294,2.6470294,2.3570294,2.3370295,2.1070294,2.5670295,2.6470294,2.5770295,2.3170295,2.0470295,2.0070295,1.8670294,1.3570294,1.2970294,-0.25297058,0.40702942,-0.23297058
1.3870294,2.3670294,2.3170295,0.6370294,1.1170294,0.9670294,2.4070294,1.0970294,0.8270294,-1.0829706,-0.29297057,0.28702942,0.6270294,1.3870294,2.4970293,2.8170295,3.1670294,3.4570293,1.9970294,2.5870295,2.5870295,2.5470295,2.2170293,2.4070294,2.5270295,2.8670294,2.6970294,2.6470294,2.7370293,2.5070295,3.0770295,3.4970293,2.1870294,2.3070295,2.2470293,2.5870295,1.0270294,1.8470294,1.9070294,1.5570294,-1.1829705
