wind_kz.json
{"header": {"discipline":0,"disciplineName":"Meteorological products","gribEdition":2,"gribLength":794,"center":7,"centerName":"US National Weather Service - NCEP(WMC)","subcenter":0,"refTime":"2023-08-24T18:00:00.000Z","significanceOfRT":1,"significanceOfRTName":"Start of forecast","productStatus":0,"productStatusName":"Operational products","productType":1,"productTypeName":"Forecast products","productDefinitionTemplate":0,"productDefinitionTemplateName":"Analysis/forecast at horizontal level/layer at a point in time","parameterCategory":2,"parameterCategoryName":"UnknownDiscipline_0_Category_2","parameterNumber":3,"parameterNumberName":"UnknownParameter_D0_C2_3","parameterUnit":"Unknown","genProcessType":2,"genProcessTypeName":"Forecast","forecastTime":120,"surface1Type":103,"surface1TypeName":"Specified height level above ground","surface1Value":10.0,"surface2Type":255,"surface2TypeName":"Missing","surface2Value":0.0,"gridDefinitionTemplate":0,"gridDefinitionTemplateName":"Latitude_Longitude","numberPoints":615,"shape":6,"shapeName":"Earth spherical with radius of 6,371,229.0 m","gridUnits":"degrees","resolution":48,"winds":"true","scanMode":64,"nx":41,"ny":15,"basicAngle":0,"lo1":47.0,"la1":41.0,"lo2":87.0,"la2":55.0,"dx":1.0,"dy":1.0}, "data":
[rows 0 to 14 of 15, columns 0 to 40 of 41]
0.5180786,-1.3819214,-3.7819214,-11.781921,-12.081922,-11.081922,-9.281921,-9.081922,-8.181921,-8.081922,-9.281921,-7.6819215,-8.181921,-7.481921,-5.1819215,-2.0819213,-0.7819214,-0.68192136,0.81807864,0.4180786,-1.5819213,-2.4819214,-1.4819214,-1.1819214,-2.6819215,-1.9819214,-2.3819213,0.21807861,2.8180785,3.9180787,1.2180786,-0.8819214,0.81807864,-1.4819214,-3.6819215,-3.0819213,-3.4819214,1.9180787,1.7180786,-1.1819214,-1.3819214
-0.9819214,-1.5819213,-8.381922,-11.381922,-12.781921,-12.981921,-9.481921,-10.781921,-6.1819215,-7.3819213,-6.5819216,-6.2819214,-7.1819215,-7.2819214,-8.981921,-7.8819213,-6.7819214,-2.6819215,1.0180786,2.9180787,1.3180786,-0.2819214,0.9180786,2.0180786,1.7180786,0.3180786,-2.1819215,2.3180785,0.4180786,2.5180786,4.4180784,5.6180787,1.2180786,0.11807861,1.1180786,-1.1819214,0.9180786,-1.8819214,-0.68192136,-3.2819214,1.0180786
0.4180786,-5.2819214,-9.081922,-9.981921,-10.681921,-8.881922,-9.881922,-8.681921,-8.581922,-8.281921,-7.6819215,-5.2819214,-2.4819214,-3.6819215,-6.0819216,-7.0819216,-5.481921,-4.5819216,-5.981921,-3.6819215,2.2180786,0.9180786,-0.5819214,1.7180786,1.1180786,2.4180787,2.5180786,1.5180786,0.5180786,3.0180786,5.7180786,2.7180786,2.7180786,-1.6819214,-1.1819214,2.4180787,4.4180784,-0.38192138,1.1180786,0.6180786,0.4180786
0.6180786,-4.2819214,-7.2819214,-7.5819216,-6.3819213,-6.5819216,-6.6819215,-5.6819215,-5.5819216,-6.6819215,-6.981921,-6.3819213,-8.381922,-7.1819215,-2.5819213,-4.2819214,-3.8819213,-4.8819213,-3.1819215,-4.481921,-4.8819213,0.4180786,0.4180786,2.4180787,-0.8819214,0.9180786,3.0180786,0.21807861,3.5180786,2.3180785,0.5180786,-0.9819214,-1.6819214,-0.081921384,-0.081921384,-4.5819216,-1.3819214,2.6180787,-0.081921384,1.4180787,1.0180786
-4.7819214,-3.8819213,-7.8819213,-7.3819213,-6.981921,-3.0819213,-4.0819216,-4.0819216,-3.7819214,-3.5819213,-3.1819215,-3.8819213,-7.481921,-7.0819216,-3.6819215,-0.081921384,-2.4819214,-2.1819215,0.4180786,-0.5819214,-1.3819214,-2.6819215,-5.1819215,-0.68192136,1.6180786,1.2180786,3.3180785,3.7180786,1.8180786,0.81807864,-0.1819214,1.0180786,2.6180787,4.3180785,-1.0819213,-2.3819213,1.6180786,-2.3819213,-0.38192138,1.1180786,0.018078614
-3.4819214,-2.9819214,-6.981921,-8.081922,-8.381922,-8.081922,-4.0819216,-2.9819214,-4.2819214,-5.0819216,-5.8819213,-6.6819215,-7.7819214,-7.7819214,-7.0819216,-0.8819214,1.4180787,0.11807861,0.5180786,2.6180787,2.1180787,1.0180786,-2.0819213,-3.9819214,0.7180786,3.1180787,2.9180787,7.2180786,4.1180787,1.8180786,0.3180786,1.0180786,0.7180786,0.4180786,2.4180787,1.2180786,4.3180785,2.9180787,-0.2819214,-1.8819214,-0.68192136
-2.8819213,-3.1819215,-3.0819213,-3.1819215,-3.5819213,-3.0819213,-5.5819216,-6.2819214,-6.5819216,-6.1819215,-5.481921,-5.3819213,-4.8819213,-4.1819215,-4.2819214,-3.1819215,-3.3819213,-2.4819214,0.018078614,-1.0819213,3.6180787,4.1180787,2.1180787,0.018078614,-4.5819216,3.1180787,3.3180785,5.518079,4.3180785,5.018079,2.9180787,0.018078614,-0.081921384,0.81807864,-2.0819213,-1.8819214,-3.0819213,0.4180786,1.2180786,-0.1819214,0.6180786
-3.0819213,-3.6819215,-4.0819216,-4.6819215,-6.2819214,-6.0819216,-6.0819216,-7.1819215,-5.7819214,-6.2819214,-5.481921,-5.3819213,-4.3819213,-3.7819214,-2.8819213,-1.6819214,-1.5819213,-0.5819214,-1.1819214,1.7180786,2.8180785,5.4180784,5.8180785,3.7180786,2.2180786,-0.5819214,-1.2819214,5.9180784,6.7180786,7.518079,5.4180784,4.2180786,1.3180786,0.6180786,1.2180786,1.8180786,1.4180787,1.4180787,-0.5819214,0.018078614,-1.4819214
-3.4819214,-4.1819215,-4.481921,-3.5819213,-5.5819216,-6.7819214,-7.8819213,-6.481921,-7.7819214,-6.3819213,-6.0819216,-4.8819213,-4.3819213,-3.4819214,-2.4819214,-0.5819214,2.1180787,2.0180786,1.4180787,1.6180786,3.7180786,1.8180786,4.3180785,8.018079,6.4180784,2.8180785,0.7180786,-1.0819213,9.718079,7.7180786,7.4180784,4.3180785,4.4180784,3.3180785,2.8180785,2.7180786,-2.4819214,0.9180786,1.3180786,0.6180786,-0.9819214
-3.5819213,-3.8819213,-4.0819216,-5.0819216,-4.481921,-5.3819213,-4.981921,-6.5819216,-7.8819213,-6.481921,-6.5819216,-5.2819214,-2.7819214,-3.1819215,-1.2819214,-3.9819214,2.8180785,4.7180786,3.4180787,1.4180787,4.8180785,6.1180787,3.4180787,2.4180787,5.518079,5.6180787,3.2180786,1.7180786,-1.3819214,6.4180784,8.018079,5.018079,5.1180787,5.1180787,2.9180787,1.5180786,0.7180786,-3.0819213,-0.38192138,4.018079,2.7180786
-3.4819214,-3.8819213,-3.9819214,-4.6819215,-4.7819214,-6.3819213,-5.1819215,-7.5819216,-6.5819216,-6.981921,-5.981921,-3.4819214,-3.2819214,-3.0819213,-1.0819213,-3.1819215,-2.8819213,3.1180787,4.4180784,3.3180785,0.21807861,6.3180785,4.518079,3.6180787,2.7180786,5.4180784,5.2180786,4.518079,2.6180787,-0.2819214,7.4180784,5.9180784,4.518079,5.3180785,6.1180787,2.7180786,0.7180786,2.6180787,1.4180787,1.5180786,0.3180786
-2.9819214,-3.2819214,-3.9819214,-3.7819214,-5.8819213,-5.7819214,-8.181921,-7.1819215,-8.181921,-6.981921,-5.8819213,-4.7819214,-4.7819214,-4.8819213,-2.5819213,-2.1819215,-1.6819214,0.4180786,3.5180786,2.9180787,2.6180787,3.7180786,3.8180785,3.8180785,3.5180786,3.6180787,0.81807864,5.1180787,4.018079,-0.5819214,6.018079,5.518079,3.5180786,3.5180786,3.7180786,3.3180785,3.7180786,3.4180787,2.7180786,1.8180786,0.7180786
-2.5819213,-1.6819214,-3.3819213,-2.1819215,-4.0819216,-4.981921,-6.8819213,-7.2819214,-8.881922,-7.1819215,-3.7819214,-4.5819216,-5.3819213,-6.1819215,-0.68192136,0.3180786,-0.48192137,-1.1819214,3.1180787,3.4180787,3.2180786,3.6180787,3.8180785,3.4180787,4.2180786,3.8180785,4.2180786,2.3180785,3.3180785,-2.9819214,6.3180785,4.9180784,2.7180786,2.5180786,4.018079,4.3180785,3.2180786,2.0180786,3.0180786,1.2180786,0.4180786
-2.5819213,-4.2819214,-5.5819216,-3.5819213,-5.5819216,-6.6819215,-7.7819214,-7.3819213,-7.8819213,-7.981921,-3.4819214,-2.2819214,-4.481921,-4.981921,-4.0819216,-1.6819214,2.1180787,2.0180786,1.4180787,3.0180786,1.8180786,2.8180785,2.8180785,4.1180787,3.4180787,3.1180787,1.2180786,3.9180787,2.8180785,3.4180787,6.1180787,4.8180785,3.1180787,1.9180787,2.7180786,3.0180786,2.1180787,1.0180786,2.2180786,1.6180786,1.1180786
-1.9819214,-3.6819215,-7.0819216,-5.2819214,-6.981921,-6.1819215,-5.7819214,-6.981921,-7.981921,-7.6819215,-4.981921,-7.1819215,-5.1819215,-3.2819214,-8.081922,-8.181921,2.3180785,0.21807861,0.9180786,2.0180786,4.6180787,4.518079,4.9180784,4.9180784,4.1180787,4.8180785,4.518079,5.6180787,1.8180786,6.2180786,5.518079,4.4180784,2.8180785,2.5180786,2.5180786,3.5180786,4.3180785,5.2180786,2.1180787,2.2180786,0.7180786
