wind_kz.json
{"header": {"discipline":0,"disciplineName":"Meteorological products","gribEdition":2,"gribLength":1025,"center":7,"centerName":"US National Weather Service - NCEP(WMC)","subcenter":0,"refTime":"2024-04-08T00:00:00.000Z","significanceOfRT":1,"significanceOfRTName":"Start of forecast","productStatus":0,"productStatusName":"Operational products","productType":1,"productTypeName":"Forecast products","productDefinitionTemplate":0,"productDefinitionTemplateName":"Analysis/forecast at horizontal level/layer at a point in time","parameterCategory":2,"parameterCategoryName":"UnknownDiscipline_0_Category_2","parameterNumber":3,"parameterNumberName":"UnknownParameter_D0_C2_3","parameterUnit":"Unknown","genProcessType":2,"genProcessTypeName":"Forecast","forecastTime":180,"surface1Type":103,"surface1TypeName":"Specified height level above ground","surface1Value":10.0,"surface2Type":255,"surface2TypeName":"Missing","surface2Value":0.0,"gridDefinitionTemplate":0,"gridDefinitionTemplateName":"Latitude_Longitude","numberPoints":615,"shape":6,"shapeName":"Earth spherical with radius of 6,371,229.0 m","gridUnits":"degrees","resolution":48,"winds":"true","scanMode":64,"nx":41,"ny":15,"basicAngle":0,"lo1":47.0,"la1":41.0,"lo2":87.0,"la2":55.0,"dx":1.0,"dy":1.0}, "data":
[rows 0 to 14 of 15, columns 0 to 40 of 41]
0.25144288,0.39144287,-1.2885572,-3.788557,-3.528557,-5.748557,-4.038557,-4.438557,1.2914429,0.4014429,0.6014429,0.30144286,0.98144287,-0.27855712,0.16144288,0.23144287,-1.1885571,2.6314428,-0.63855714,-1.8985572,0.7214429,-2.018557,-1.0885571,1.9214429,5.4914427,1.5914428,2.1614428,0.6514429,-2.8685572,0.47144288,-2.6485572,0.33144286,-0.63855714,2.981443,1.1514429,0.7214429,2.0514429,1.5514429,2.3714428,-2.288557,-4.638557
-1.8485571,0.5314429,2.5714428,-2.9485571,-2.2085571,-2.3385572,-3.8485572,-4.7585573,-0.26855713,0.6514429,-0.04855713,1.1814429,1.3814429,1.4414428,-0.94855714,0.8314429,-0.27855712,0.20144287,0.35144287,0.99144286,1.6114429,1.7914429,-1.0185571,-1.9585571,3.011443,1.3314428,-1.7885572,-0.5485571,-0.7985571,-3.068557,-2.3785572,-1.5985571,-2.808557,-2.288557,-3.308557,4.391443,1.5014429,3.1114428,1.1914428,-0.37855712,-0.06855713
-0.008557129,-0.51855713,-3.4185572,-3.048557,-2.028557,0.26144287,1.5114429,-3.3785572,-4.148557,-0.7785571,1.0114429,1.5114429,-0.5485571,-1.1985571,2.8514428,0.34144288,0.6414429,-0.23855713,0.29144287,1.6314429,-0.19855712,-1.5985571,-0.25855714,0.22144288,-2.028557,1.5314429,-1.8885571,-1.9485571,-1.7885572,-1.6585572,-2.048557,-1.8985572,-3.2185571,-1.8485571,-1.3885571,-2.318557,-2.0885572,-6.058557,-1.9085572,-1.2585571,-1.6585572
-6.5485573,-2.1185572,-2.818557,-3.9385571,-0.8485571,1.2814429,-3.0885572,2.421443,1.4914429,-3.578557,-5.0685573,-1.2585571,-3.228557,-5.608557,-4.9885573,0.011442871,0.08144287,1.1114429,0.9714429,1.7014428,2.1614428,-0.5285571,-1.3485571,-0.7785571,-2.1885571,-1.7185571,-1.9985571,0.021442872,-0.26855713,-1.8685571,-1.9785571,-3.298557,4.071443,-0.6585571,0.08144287,1.0414429,1.7714429,1.3214428,-1.8885571,-1.9785571,-3.828557
1.2914429,1.6314429,-2.4185572,-4.7385573,-6.018557,-6.608557,-1.3785571,-3.1985571,1.1414429,3.7914429,2.0814428,-2.538557,0.44144288,-0.39855713,-3.1485572,-1.8785571,0.8514429,1.8214428,1.7714429,2.1414428,1.4314429,1.7114428,0.87144285,-0.36855713,-1.2285571,-1.9685571,-0.04855713,-2.1385572,-1.2285571,-2.548557,-3.1085572,-1.7685571,-1.4385571,0.42144287,1.3014429,2.3514428,-5.188557,3.011443,-1.6185571,-1.1885571,-1.4785571
-0.56855714,3.6314428,3.191443,0.021442872,-3.298557,-3.9185572,-4.378557,-3.2085571,-2.3985572,-3.6185572,-1.0485572,-0.7285571,3.5414429,4.291443,0.06144287,-2.8485572,-3.258557,-2.578557,2.8314428,2.201443,1.7714429,1.6914428,1.8014429,1.4114429,0.06144287,-1.3385571,-1.6185571,-0.8385571,-2.9085572,-1.7485571,1.7614429,0.44144288,-0.86855716,0.021442872,-0.8485571,-1.4085572,-1.1385571,-1.9085572,-2.9585571,-3.4685571,-1.7985572
-2.7085571,-3.6585572,-4.248557,-4.458557,-4.2585573,-4.5085573,-4.908557,-3.4685571,-2.228557,-2.4685571,-1.9085572,-3.018557,-1.6985571,-1.0885571,-1.9385571,-2.308557,-3.1285572,-2.518557,-1.6085571,2.1614428,3.731443,3.3314428,2.3314428,2.7914429,0.8514429,0.62144285,0.47144288,0.80144286,2.201443,1.3214428,1.9214429,2.961443,3.481443,1.3614429,4.651443,-0.63855714,1.2414429,2.001443,-0.7785571,0.23144287,-6.5485573
-3.078557,-3.0985572,-3.6885571,-4.2985573,-4.538557,-4.228557,-4.418557,-4.7985573,-4.538557,-3.6585572,-2.998557,-3.6385572,-2.328557,-2.6685572,-5.698557,1.2314429,-2.2185571,-3.248557,-2.3385572,-2.038557,-0.27855712,1.2714429,2.261443,1.5314429,2.731443,0.7814429,1.1714429,4.9514427,3.2814429,1.0514429,3.6014428,1.1114429,1.9214429,2.991443,4.191443,1.1314429,1.4314429,1.0414429,1.8614429,1.6214429,-0.36855713
-2.738557,-3.6585572,-4.208557,-4.3385572,-4.438557,-4.368557,-4.578557,-4.378557,-3.768557,-3.508557,-2.768557,-3.228557,-0.87855715,-4.3185573,-5.9885573,-4.408557,-1.0585572,-1.4785571,-1.4885571,-2.568557,-0.5885571,0.29144287,-0.7385571,1.6114429,3.2814429,3.1214428,4.9714427,2.0514429,-0.48855713,3.5914428,4.651443,4.461443,3.1214428,1.8814429,0.67144287,3.021443,2.431443,0.6514429,-1.1285571,-1.2385571,-0.40855712
-2.6485572,-3.508557,-3.9385571,-4.058557,-3.9185572,-4.598557,-4.138557,-5.408557,-5.938557,-5.418557,-4.158557,-3.998557,-3.8385572,-5.458557,0.06144287,-2.048557,-3.6885571,-3.1085572,-3.068557,-2.518557,-1.6585572,-2.268557,0.051442873,-2.6185572,0.9114429,1.0214429,-0.10855713,3.8114429,4.631443,-0.7785571,-0.27855712,-0.9085571,-0.7185571,2.261443,0.8414429,2.5814428,0.98144287,-1.8285571,1.3014429,2.5814428,2.491443
-2.798557,-3.778557,-4.398557,-4.698557,-4.5485573,-4.448557,-5.368557,-5.288557,-3.728557,-3.3385572,-2.478557,-2.518557,-1.7785572,-2.3485572,-4.178557,-1.0885571,0.12144287,-1.0185571,-2.6885571,-4.118557,-4.408557,-5.358557,-1.2385571,-0.10855713,1.2014428,-3.9185572,-1.0285572,2.2914429,-0.45855713,1.6514429,4.541443,4.2014427,0.18144287,3.1114428,-1.0485572,3.1614428,2.8114429,2.941443,5.171443,1.6914428,0.7614429
-2.488557,-3.7185571,-4.308557,-4.5885572,-4.4885573,-5.848557,-5.448557,-4.2985573,-3.6185572,-1.4985571,-1.7285571,-5.078557,-6.848557,-4.9885573,-4.5685573,-5.608557,-4.158557,-3.8385572,-2.818557,-4.228557,-5.938557,-3.318557,-2.1585572,-3.2185571,-3.6085572,-4.208557,-5.518557,-6.4885573,-6.3385572,-5.9685574,-5.208557,-4.5085573,0.50144285,2.5414429,1.3514428,4.081443,3.4014428,2.1114428,0.61144286,-0.67855716,0.5914429
-1.8385571,-2.9085572,-4.058557,-3.528557,-3.488557,-3.1485572,-4.078557,-4.628557,-4.098557,-1.0985571,-0.41855714,-2.6285572,-5.2785573,-4.928557,-5.228557,-4.108557,-3.9385571,-3.3685572,-3.328557,-3.568557,-4.178557,-4.2185574,-3.478557,-3.758557,-3.3985572,-3.3585572,-4.2185574,-4.728557,-5.4885573,-6.2385573,-6.188557,-7.188557,-7.0685573,-5.5685573,-5.628557,-3.3785572,7.501443,5.2614427,7.291443,0.04144287,3.7914429
-1.3285571,-2.1785572,-1.8085572,-3.258557,-3.3585572,-2.478557,-3.6785572,-3.9685571,-4.358557,-4.388557,0.9514429,0.57144284,-3.068557,-3.758557,-3.268557,-3.8585572,-3.8585572,-3.988557,-3.788557,-3.8785572,-4.448557,-4.248557,-4.498557,-4.3185573,-4.888557,-4.9885573,-4.948557,-5.178557,-5.2185574,-5.2985573,-5.348557,-5.418557,-3.988557,-4.668557,-4.5885572,-5.158557,-4.498557,-6.228557,0.49144286,3.0614429,3.8114429
0.68144286,0.17144287,-1.1685572,-2.1485572,-2.4485571,-2.738557,-3.288557,-2.568557,-2.4585571,-0.80855715,-0.55855715,-0.86855716,0.61144286,-1.6485572,-3.008557,-3.6685572,-3.768557,-3.3885572,-3.808557,-3.8985572,-4.0685573,-4.268557,-4.7785573,-5.2185574,-5.038557,-4.878557,-5.538557,-5.418557,-5.368557,-4.368557,-5.5685573,-6.038557,-5.858557,-5.5885572,-4.768557,-4.558557,-2.5885572,-3.6785572,-4.268557,-5.808557,-0.43855712
