wind_kz.json
{"header": {"discipline":0,"disciplineName":"Meteorological products","gribEdition":2,"gribLength":1025,"center":7,"centerName":"US National Weather Service - NCEP(WMC)","subcenter":0,"refTime":"2023-08-22T12:00:00.000Z","significanceOfRT":1,"significanceOfRTName":"Start of forecast","productStatus":0,"productStatusName":"Operational products","productType":1,"productTypeName":"Forecast products","productDefinitionTemplate":0,"productDefinitionTemplateName":"Analysis/forecast at horizontal level/layer at a point in time","parameterCategory":2,"parameterCategoryName":"UnknownDiscipline_0_Category_2","parameterNumber":3,"parameterNumberName":"UnknownParameter_D0_C2_3","parameterUnit":"Unknown","genProcessType":2,"genProcessTypeName":"Forecast","forecastTime":300,"surface1Type":103,"surface1TypeName":"Specified height level above ground","surface1Value":10.0,"surface2Type":255,"surface2TypeName":"Missing","surface2Value":0.0,"gridDefinitionTemplate":0,"gridDefinitionTemplateName":"Latitude_Longitude","numberPoints":615,"shape":6,"shapeName":"Earth spherical with radius of 6,371,229.0 m","gridUnits":"degrees","resolution":48,"winds":"true","scanMode":64,"nx":41,"ny":15,"basicAngle":0,"lo1":47.0,"la1":41.0,"lo2":87.0,"la2":55.0,"dx":1.0,"dy":1.0}, "data":
[rows 0 to 14 of 15, columns 0 to 40 of 41]
-0.8496631,-0.2796631,0.4503369,2.390337,-1.959663,-4.189663,-3.039663,-0.19966309,-1.1796631,-0.24966308,-0.9796631,-1.5996631,-0.049663085,-0.98966306,-2.069663,-3.299663,-3.9696631,-3.389663,-3.1896632,-2.6596632,-3.1796632,-3.9596632,-3.6796632,0.8603369,0.3803369,1.790337,-1.1796631,1.9503369,1.310337,-1.449663,1.9703369,1.6103369,1.1303369,-0.85966307,-0.3996631,0.30033693,0.30033693,-0.12966308,-1.1396631,-0.46966308,1.160337
3.5203369,1.4503369,3.8203368,-0.9096631,-1.9896631,-1.949663,-2.779663,-1.439663,-1.2696631,-1.1696631,-1.5096631,-0.4596631,1.0003369,-0.47966307,-2.4296632,-2.7296631,-2.759663,-2.039663,-3.319663,-3.2096632,-2.7296631,-2.7396631,-2.009663,1.910337,3.620337,0.8503369,-0.17966309,2.740337,-0.2096631,2.880337,3.0203369,4.2103367,1.680337,1.1003369,-0.6996631,-1.9296631,-1.199663,-2.369663,-0.5996631,-2.7096632,-0.2696631
1.440337,5.200337,2.180337,-1.319663,3.3691406E-4,-1.5296631,-2.4796631,-2.649663,-1.9696631,-2.609663,-2.769663,-1.8796631,0.21033691,0.4403369,-0.2996631,0.5903369,-1.319663,-2.089663,-3.039663,-2.6696632,-2.839663,-1.699663,0.13033691,2.3203368,-1.3696631,-1.209663,1.7503369,-0.5296631,-1.9296631,2.120337,2.5703368,-0.5996631,-0.5396631,-1.5296631,0.24033691,0.57033694,2.610337,-0.5796631,1.0703369,0.82033694,1.3203369
-0.8296631,0.49033692,0.51033694,0.5603369,-1.5296631,-1.459663,-1.6396631,-2.139663,-3.089663,-2.869663,-2.509663,-2.589663,-4.2896633,-4.569663,-2.1596632,0.34033692,-0.08966309,-0.8196631,-1.2296631,-1.709663,-2.509663,-2.009663,-2.4296632,-2.129663,-1.6396631,-2.149663,0.5003369,2.0403368,0.14033692,-0.9196631,1.9003369,-4.1196632,-0.37966308,0.6703369,1.0203369,-0.73966306,-0.14966309,2.7603369,1.2503369,2.230337,-0.6696631
0.3803369,1.300337,0.070336916,-1.2296631,-0.4296631,0.5503369,0.27033693,-0.3996631,-1.939663,-1.4696631,-0.5696631,-0.5196631,-4.0396633,-6.029663,-3.619663,-1.309663,-0.2096631,-0.18966308,0.16033691,-0.059663087,-0.5696631,-1.439663,-1.2396631,-0.8896631,-2.6996632,-0.8496631,4.070337,6.240337,4.550337,1.930337,-0.3396631,1.2203369,-0.7096631,0.8303369,-0.8796631,-1.439663,-6.719663,3.240337,-2.4196632,-4.819663,-5.669663
0.4803369,0.070336916,-2.359663,-1.3996631,-2.2296631,-2.6896632,-1.199663,-1.819663,-2.769663,-3.2096632,-3.299663,-3.1796632,-4.819663,-7.019663,-4.5396633,-0.7096631,-0.3996631,1.050337,-0.039663088,-0.16966309,0.4403369,-0.9596631,-0.5296631,-0.3096631,-2.7196631,-0.41966307,4.750337,6.830337,5.390337,6.1703367,4.000337,-0.3996631,4.260337,5.780337,2.240337,1.2103369,0.33033693,0.22033691,-3.6896632,0.89033693,-4.639663
0.3603369,0.17033692,1.690337,-0.15966308,-1.6396631,-2.059663,-1.8796631,-1.959663,-2.4496632,-1.809663,-1.949663,-1.7396631,-1.4696631,-3.9096632,-4.3696632,-2.609663,-1.8596631,-1.329663,-0.54966307,-1.059663,0.63033694,-0.5996631,0.4203369,1.440337,-1.699663,-4.0396633,-4.2896633,6.160337,3.600337,2.420337,1.5903369,5.250337,5.800337,0.37033692,-0.049663085,-0.9696631,-2.029663,-2.839663,-0.67966306,-2.029663,-4.8296633
1.410337,3.2903368,1.3203369,-0.6696631,-1.5996631,-2.379663,-2.1996632,-2.4196632,-2.319663,-2.499663,-3.299663,-2.099663,-3.579663,-2.579663,-2.6896632,-2.639663,-1.7996631,-1.5196631,0.040336914,0.43033692,-0.13966309,0.3803369,0.6503369,0.6803369,2.0503368,-0.4296631,-2.309663,-6.3496633,3.0703368,3.490337,2.0603368,0.010336914,-0.4896631,0.9103369,2.850337,2.7703369,-1.7996631,-6.019663,-0.8996631,-0.44966307,-1.5496631
-1.059663,2.430337,1.9603369,0.110336915,-1.2296631,-2.7396631,-2.899663,-2.649663,-2.889663,-2.619663,-2.649663,-1.7596631,-2.599663,-3.749663,-3.109663,-3.259663,-2.2196631,-0.3296631,-0.34966308,1.190337,1.940337,1.3403369,1.8403369,2.0303369,2.0503368,5.310337,0.4403369,-2.249663,-2.7096632,2.230337,3.2703369,2.990337,2.670337,0.10033692,-2.4596632,2.480337,-0.25966308,-2.249663,-1.9196631,1.2503369,1.6303369
-1.8996631,-0.8796631,-0.4596631,-2.039663,-2.399663,-2.519663,-2.629663,-2.629663,-2.6596632,-2.499663,-2.899663,-2.609663,-2.289663,-4.909663,-4.899663,-4.8096633,-3.839663,-2.529663,1.1503369,-1.0096631,-1.1596631,1.0303369,2.640337,2.210337,1.420337,2.250337,6.120337,6.580337,1.8803369,0.5903369,2.5703368,2.710337,-0.15966308,0.5403369,0.24033691,-0.109663084,2.600337,-0.16966309,1.9803369,3.5503368,3.110337
-0.019663086,-2.269663,-2.4296632,-2.4896631,-1.959663,-2.1996632,-2.759663,-3.049663,-2.629663,-3.059663,-1.5396631,-0.40966308,-1.939663,-2.789663,-4.069663,-4.399663,-5.009663,-4.359663,-0.9496631,1.180337,1.8703369,1.940337,1.920337,2.870337,3.640337,3.900337,3.8103368,4.680337,4.8803368,3.700337,2.940337,2.3303368,0.9003369,0.030336915,3.3691406E-4,0.8103369,2.5403368,2.900337,3.3103368,2.110337,0.3203369
-0.86966306,0.20033692,-0.3896631,-2.019663,-2.4896631,-2.4896631,-1.9196631,-1.699663,-1.8496631,-1.2996631,-0.8296631,-1.3596631,-2.299663,-2.609663,-3.539663,-4.529663,-6.0596633,-5.749663,-3.9496632,-0.7796631,-0.059663087,1.6103369,1.9003369,2.860337,3.370337,4.010337,4.760337,4.230337,4.100337,4.2103367,3.740337,2.7803369,1.7103369,1.190337,0.18033691,2.250337,4.700337,2.8003368,1.1103369,2.400337,0.89033693
-0.9096631,0.3503369,-0.24966308,-0.2796631,-0.86966306,-0.5796631,-0.8796631,-0.55966306,-1.569663,-0.46966308,-0.15966308,-1.5296631,-1.6496631,-2.7296631,-2.9196632,-3.999663,-4.529663,-5.519663,-6.399663,-2.799663,-0.2696631,-1.8696631,-0.73966306,2.200337,4.230337,4.730337,5.4403367,4.480337,3.720337,4.050337,3.500337,3.0103369,2.5803368,2.700337,4.530337,6.370337,3.700337,1.0703369,-2.249663,1.050337,0.6203369
-0.9096631,-1.709663,-0.9596631,-0.37966308,-0.9696631,-0.37966308,-0.7196631,-0.7696631,0.5403369,-0.9996631,0.5303369,-0.3596631,-1.1796631,-1.959663,-2.389663,-3.279663,-4.069663,-3.769663,-4.5996633,-5.209663,-5.589663,-3.639663,-5.769663,-4.3096633,-3.109663,2.140337,4.700337,5.9403367,4.910337,4.340337,3.240337,2.3103368,4.1303368,4.770337,3.7903368,5.820337,3.860337,1.670337,2.7703369,1.300337,0.8103369
-1.3896631,-2.029663,-3.379663,-2.2196631,-1.7796631,-0.37966308,-0.4896631,-0.6396631,-1.1596631,-0.46966308,0.82033694,0.7403369,0.82033694,-0.9196631,-2.529663,-2.859663,-3.4096632,-3.9396632,-4.419663,-5.5396633,-5.509663,-6.129663,-4.3496633,-4.769663,-4.509663,-2.9096632,-1.8696631,2.730337,3.610337,3.730337,1.2403369,3.5503368,3.240337,4.410337,3.3691406E-4,3.850337,5.140337,4.100337,2.410337,2.0803368,0.7403369
