wind_kz.json
{"header": {"discipline":0,"disciplineName":"Meteorological products","gribEdition":2,"gribLength":1025,"center":7,"centerName":"US National Weather Service - NCEP(WMC)","subcenter":0,"refTime":"2024-04-08T12:00:00.000Z","significanceOfRT":1,"significanceOfRTName":"Start of forecast","productStatus":0,"productStatusName":"Operational products","productType":1,"productTypeName":"Forecast products","productDefinitionTemplate":0,"productDefinitionTemplateName":"Analysis/forecast at horizontal level/layer at a point in time","parameterCategory":2,"parameterCategoryName":"UnknownDiscipline_0_Category_2","parameterNumber":3,"parameterNumberName":"UnknownParameter_D0_C2_3","parameterUnit":"Unknown","genProcessType":2,"genProcessTypeName":"Forecast","forecastTime":180,"surface1Type":103,"surface1TypeName":"Specified height level above ground","surface1Value":10.0,"surface2Type":255,"surface2TypeName":"Missing","surface2Value":0.0,"gridDefinitionTemplate":0,"gridDefinitionTemplateName":"Latitude_Longitude","numberPoints":615,"shape":6,"shapeName":"Earth spherical with radius of 6,371,229.0 m","gridUnits":"degrees","resolution":48,"winds":"true","scanMode":64,"nx":41,"ny":15,"basicAngle":0,"lo1":47.0,"la1":41.0,"lo2":87.0,"la2":55.0,"dx":1.0,"dy":1.0}, "data":
[rows 0 to 14 of 15, columns 0 to 40 of 41]
1.8834937,-0.83650637,-2.3165064,-0.74650633,-2.7465065,-2.5865064,-1.6265063,-1.2065064,-0.38650635,-1.1965064,-1.9865063,0.58349365,2.7334936,3.9634936,5.0634937,1.5134937,-2.1965063,4.0734935,2.2434936,1.8834937,0.40349364,0.40349364,-0.8165063,0.19349365,-1.0065063,-0.0065063476,-0.7065064,-0.46650636,1.8434937,3.1334937,-0.68650633,-2.2265062,-0.026506348,-1.2065064,-0.92650634,2.1334937,0.72349364,-1.8265064,0.38349366,-1.1365063,2.7734938
2.3934937,0.39349365,-6.0865064,-3.9365063,-2.8465064,-2.7965064,-4.076506,-0.80650634,-1.9465064,-1.3065064,-2.9665062,-0.45650634,1.4334936,1.9034936,1.0734936,-0.23650634,-1.7165064,-1.7765063,-2.6865063,-0.78650635,-1.3365064,-2.1165063,0.37349364,0.81349367,-1.6465063,-1.4765064,-3.7165062,0.17349365,-0.15650634,1.4334936,3.8234937,5.0734935,-0.26650634,-0.84650636,-4.5265064,-0.98650634,-0.68650633,-2.5165064,-0.45650634,-2.3465064,0.45349365
1.1734936,-1.7665063,-4.0065064,-5.596506,-3.7965064,-2.1465063,-2.7665064,-3.5065064,-1.4665064,-2.7865064,-0.24650635,-0.5165064,1.3734937,2.5434937,1.5634936,0.24349365,-0.47650635,-2.5465064,-2.8665063,-3.4365063,-2.3065064,-3.2065063,0.81349367,0.28349364,0.6234937,0.033493653,-0.21650635,0.063493654,-0.49650633,1.7934936,4.2234936,2.3434937,2.2234936,0.023493653,-0.116506346,1.8734937,3.9534936,0.76349366,0.023493653,-0.86650634,-0.12650634
1.0634936,0.59349364,0.59349364,-1.0365063,-2.8865063,-0.7065064,-1.4565064,-2.6765063,-2.9365063,-2.2665064,-3.5065064,-1.0465064,3.2934937,4.963494,3.1434937,1.1534936,0.30349365,-2.1865063,-3.8265064,-2.2065063,-1.6365063,-0.31650636,1.9834937,0.83349365,-0.04650635,-1.2565063,-1.1765064,-0.96650636,1.2834936,1.0734936,-0.93650633,-1.0965064,-1.3565063,-1.5065063,-1.1565063,-2.5065064,0.08349365,1.7734936,0.60349363,0.6734936,1.1734936
0.093493655,0.22349365,-0.15650634,-1.4865063,-2.0865064,-0.58650637,-0.85650635,-0.12650634,-1.2265064,-1.8765063,-0.8765063,-3.2365065,-0.52650636,2.6234937,4.2834935,2.4034936,-0.36650634,-3.1965063,-2.5765064,-0.91650635,-0.48650634,1.1334937,-0.40650636,-0.17650634,-0.5765064,0.093493655,-0.79650635,-0.35650635,-0.99650633,-1.9965063,-2.0565064,-0.17650634,1.3634937,2.4734936,-0.9465063,-0.77650636,0.20349365,-1.2965064,1.3434937,1.5434936,0.8034937
-1.0565064,-0.59650636,-0.66650635,-1.0765064,-0.8865063,0.64349365,-0.74650633,-0.98650634,-0.5665063,1.1434937,-0.58650637,1.0834937,-2.5765064,2.8134937,3.6434937,2.8334937,1.4034936,-1.6065063,-2.2465065,-1.6865064,2.3734937,2.5434937,1.6934936,0.24349365,0.25349367,0.45349365,-0.26650634,-1.2765063,-0.52650636,-1.2865063,-2.6865063,-2.5865064,-1.1965064,-1.8765063,1.1334937,1.2634937,2.2934937,3.5934937,0.7434937,0.7434937,0.84349364
-0.40650636,-0.65650636,-0.77650636,-2.0765064,-0.8765063,0.46349365,-0.6965063,-1.6765064,0.52349365,0.45349365,2.5734937,2.6534936,2.4834936,0.28349364,3.3834937,3.9034936,3.1034937,1.1134937,0.40349364,1.3334937,2.2234936,2.9734936,2.9134936,2.4734936,1.2834936,0.9834936,0.033493653,-0.036506347,-1.1065063,-2.0465064,-1.9165063,-4.0465064,-2.7465065,-1.2965064,-1.6865064,-1.9565064,-4.0465064,-2.9665062,-0.83650637,-0.21650635,0.13349365
-0.116506346,-1.9765064,-1.3365064,-1.6165063,-0.5665063,-1.7365063,-1.3965063,0.21349365,-0.98650634,-0.19650635,0.66349363,3.1234937,2.6134937,3.4234936,2.5634937,4.753494,4.7434936,3.7534935,2.9134936,3.1534936,2.0934937,2.0034935,2.4734936,4.3834934,3.7034936,1.8134936,2.5334938,-0.026506348,-0.7565063,-0.13650635,-0.90650636,0.89349365,-1.6365063,-2.9965065,-0.116506346,-0.026506348,-1.5865064,-0.116506346,0.17349365,0.66349363,-1.7565063
-0.98650634,-1.5865064,-1.7665063,-2.3765063,-1.7965064,-1.5665064,-0.52650636,-0.78650635,-0.15650634,-0.5065063,-1.4665064,-1.3065064,3.9134936,4.6834936,3.8734937,4.2634935,4.8734937,4.9934936,5.153494,3.6334937,3.6734936,3.4434936,4.003494,4.1334934,4.0834937,3.7134936,2.4534936,2.9734936,2.1134937,2.1634936,2.5834937,3.4234936,2.3434937,2.9734936,2.0634937,1.1134937,-2.5765064,-1.7665063,-1.1865064,-1.5665064,-4.0265064
0.22349365,-0.026506348,0.39349365,0.43349364,-0.90650636,-0.84650636,-0.43650636,-0.41650635,1.2234937,-0.27650633,-2.5165064,-4.2965064,-0.6265063,4.983494,4.273494,3.5634937,3.9934936,5.0534935,5.023494,4.753494,4.2034936,4.8134937,4.523494,5.0534935,4.2434936,4.233494,2.5234938,1.9634937,1.7234937,1.6134937,2.4134936,3.9834936,4.3134937,4.193494,2.1234937,1.0334936,0.57349366,-3.0465064,-1.1165063,2.2934937,2.8434937
0.44349366,0.20349365,-0.37650636,0.60349363,1.2534937,0.18349366,-0.026506348,-0.53650635,-0.12650634,0.95349365,-0.98650634,-0.14650635,-3.6365063,5.9134936,5.6834936,4.8334937,5.673494,5.5634937,4.3734937,5.4534936,5.9934936,4.153494,4.463494,5.0334935,3.8834937,3.9834936,3.2534935,3.6434937,3.0034935,2.0934937,2.5234938,3.9434936,4.0734935,3.8634937,3.9734936,1.6434937,0.59349364,2.4534936,1.7734936,1.2534937,-0.14650635
-0.25650635,0.46349365,0.71349365,0.58349365,0.28349364,1.7634937,2.0634937,1.0334936,0.90349364,0.65349364,1.2934936,-1.4365064,-0.34650636,4.3034935,5.213494,5.5534935,5.423494,5.443494,6.0434937,5.1134934,5.5334935,5.0634937,4.2034936,3.4734936,4.1434937,4.2434936,4.7934937,4.5734935,4.6634936,3.4634936,4.0334935,4.923494,3.9034936,3.8634937,3.4334936,2.9434936,2.7734938,3.2434936,2.9034936,2.2334936,1.0434936
-2.3165064,-2.2465065,-1.9965063,1.0334936,2.2134936,1.5534936,3.2434936,3.1334937,2.3034937,1.3334937,0.77349365,0.6234937,-2.1365063,0.36349365,3.2334936,4.3634934,4.5734935,3.8734937,4.523494,4.673494,6.253494,5.8934937,4.8134937,5.5134935,5.213494,5.273494,5.0934935,4.653494,4.4534936,5.3934937,5.8734937,6.523494,4.7834935,3.7434936,3.6434937,3.6034937,3.1034937,1.7134937,2.8934937,1.3334937,0.47349367
-3.8165064,-4.2965064,-3.1765063,-1.0665064,-3.1665063,1.7834936,3.0834937,4.3434935,3.4334936,2.9334936,2.5134935,0.78349364,0.42349365,0.57349366,3.0334938,3.9734936,4.3234935,4.3434935,4.423494,4.8434935,4.5634937,4.7934937,4.9334936,4.6334934,4.6134934,4.4134936,4.023494,4.9534936,5.2434936,6.5634937,5.273494,6.773494,6.6634936,6.0334935,3.4734936,3.6134937,2.6134937,1.9134936,2.1034937,1.8534937,1.3534937
-2.0465064,-4.4465065,-4.4365063,-2.9165063,-0.22650635,0.71349365,3.8834937,5.2434936,4.3934937,3.5934937,1.8234936,2.4534936,1.4634937,0.033493653,2.0034935,2.7734938,3.8234937,3.2434936,2.9034936,3.1634936,4.2034936,4.2034936,3.9134936,4.3734937,3.9934936,4.1834936,4.8034935,5.213494,6.2234936,6.2034936,7.3534937,7.7634935,7.1634936,6.1334934,5.8334937,5.2634935,4.7234936,4.003494,2.6234937,2.7634935,0.8634937
