wind_kz.json
{"header": {"discipline":0,"disciplineName":"Meteorological products","gribEdition":2,"gribLength":871,"center":7,"centerName":"US National Weather Service - NCEP(WMC)","subcenter":0,"refTime":"2023-09-20T06:00:00.000Z","significanceOfRT":1,"significanceOfRTName":"Start of forecast","productStatus":0,"productStatusName":"Operational products","productType":1,"productTypeName":"Forecast products","productDefinitionTemplate":0,"productDefinitionTemplateName":"Analysis/forecast at horizontal level/layer at a point in time","parameterCategory":0,"parameterCategoryName":"UnknownDiscipline_0_Category_0","parameterNumber":0,"parameterNumberName":"UnknownParameter_D0_C0_0","parameterUnit":"Unknown","genProcessType":2,"genProcessTypeName":"Forecast","forecastTime":300,"surface1Type":1,"surface1TypeName":"Ground or water surface","surface1Value":0.0,"surface2Type":255,"surface2TypeName":"Missing","surface2Value":0.0,"gridDefinitionTemplate":0,"gridDefinitionTemplateName":"Latitude_Longitude","numberPoints":615,"shape":6,"shapeName":"Earth spherical with radius of 6,371,229.0 m","gridUnits":"degrees","resolution":48,"winds":"true","scanMode":64,"nx":41,"ny":15,"basicAngle":0,"lo1":47.0,"la1":41.0,"lo2":87.0,"la2":55.0,"dx":1.0,"dy":1.0}, "data":
[rows 0 to 14 of 15, columns 0 to 40 of 41]
289.22675,281.22675,286.42676,293.02676,293.32675,293.12677,291.32675,290.22675,288.12677,288.12677,287.32675,288.52676,287.82675,287.42676,287.12677,284.62677,284.92676,286.12677,285.52676,285.32675,286.62677,284.02676,281.42676,279.02676,285.62677,285.92676,283.92676,272.42676,270.72675,271.72675,272.32675,273.82675,281.12677,286.62677,287.12677,285.42676,286.72675,286.22675,287.02676,286.52676,285.72675
275.42676,284.12677,292.92676,293.12677,293.02676,291.42676,289.32675,288.22675,287.12677,287.42676,288.02676,286.42676,286.42676,285.92676,284.42676,284.42676,284.92676,285.12677,282.72675,283.62677,283.92676,285.62677,282.72675,279.42676,271.62677,271.42676,279.32675,272.02676,273.62677,268.32675,274.22675,255.12675,274.62677,248.52676,268.22675,284.32675,282.72675,284.42676,287.32675,279.72675,283.52676
286.72675,291.92676,293.32675,292.92676,290.72675,288.72675,287.62677,287.82675,287.02676,286.22675,285.12677,285.82675,284.42676,285.62677,286.62677,284.22675,283.42676,282.52676,282.72675,281.72675,284.62677,286.82675,285.92676,279.52676,279.12677,280.42676,281.72675,280.72675,280.62677,273.92676,264.52676,269.72675,272.62677,273.52676,275.02676,275.02676,267.82675,268.62677,270.32675,267.62677,263.62677
289.02676,291.62677,293.12677,291.92676,290.32675,287.32675,288.92676,287.52676,287.82675,287.02676,285.92676,285.52676,290.52676,289.92676,287.02676,285.52676,285.62677,283.72675,284.12677,283.32675,285.82675,279.72675,283.32675,284.12677,283.82675,283.72675,284.02676,282.72675,280.22675,280.82675,281.92676,280.12677,284.42676,281.52676,279.82675,278.12677,266.52676,258.82675,270.02676,277.52676,280.62677
289.22675,290.52676,291.52676,290.52676,289.62677,288.62677,289.52676,288.72675,288.42676,288.02676,287.72675,286.22675,289.12677,288.22675,286.82675,286.92676,286.42676,285.82675,283.52676,285.72675,285.42676,285.22675,283.92676,283.62677,284.22675,283.52676,281.52676,284.12677,282.22675,282.22675,283.82675,280.02676,270.82675,264.52676,273.02676,280.32675,285.82675,284.42676,284.72675,284.82675,284.32675
286.82675,284.72675,289.62677,289.42676,290.12677,289.42676,288.62677,290.02676,288.72675,288.32675,289.42676,288.92676,288.92676,289.02676,287.62677,286.92676,288.52676,286.02676,287.02676,286.12677,284.92676,284.22675,284.62677,284.32675,283.12677,281.32675,281.62677,286.32675,283.72675,283.72675,281.42676,283.62677,281.92676,279.72675,277.72675,281.62677,273.12677,275.32675,281.42676,283.12677,282.52676
285.02676,284.32675,287.92676,287.72675,287.92676,287.72675,289.22675,288.42676,289.72675,289.92676,288.32675,288.72675,288.42676,288.42676,287.32675,288.12677,287.32675,287.82675,286.72675,286.52676,285.22675,285.12677,285.42676,285.62677,284.02676,283.52676,282.32675,282.42676,283.52676,283.02676,281.22675,280.62677,281.12677,282.22675,280.82675,279.32675,274.02676,270.82675,268.12677,268.52676,277.82675
285.82675,285.02676,286.82675,288.22675,289.42676,289.42676,289.02676,287.62677,286.92676,287.82675,287.12677,287.42676,286.92676,287.72675,288.12677,288.72675,288.22675,288.12677,286.92676,284.02676,284.92676,283.92676,283.92676,283.32675,281.82675,279.02676,279.72675,279.02676,279.12677,283.32675,279.92676,283.52676,277.42676,275.72675,276.32675,277.42676,278.62677,286.02676,277.12677,277.92676,273.82675
286.42676,286.22675,286.52676,286.12677,288.02676,287.72675,285.02676,287.42676,285.92676,284.82675,285.12677,284.92676,285.32675,286.52676,286.22675,287.72675,287.32675,287.02676,286.82675,285.52676,282.82675,282.52676,283.42676,282.32675,279.82675,280.02676,278.02676,276.22675,276.02676,274.92676,276.42676,281.32675,282.22675,278.92676,277.52676,275.52676,274.12677,273.82675,261.82675,265.62677,258.32675
286.02676,286.82675,285.92676,285.82675,285.62677,284.92676,284.32675,284.82675,284.62677,283.02676,283.52676,284.12677,285.12677,285.52676,285.62677,286.32675,286.52676,286.42676,286.12677,286.02676,284.52676,284.02676,283.72675,282.72675,281.82675,280.72675,280.22675,279.72675,279.32675,279.92676,281.82675,282.82675,284.32675,282.72675,281.32675,279.42676,275.02676,267.82675,264.82675,265.62677,264.62677
284.92676,284.12677,285.22675,283.92676,284.62677,284.42676,285.32675,284.42676,283.42676,282.82675,283.52676,283.42676,285.12677,284.72675,285.02676,285.42676,285.92676,286.62677,285.52676,284.82675,284.72675,284.42676,283.92676,283.32675,282.32675,284.42676,282.62677,281.82675,281.42676,282.32675,282.42676,284.82675,283.62677,282.62677,282.12677,279.22675,273.52676,266.62677,266.42676,267.52676,262.32675
282.62677,283.72675,284.22675,284.02676,284.72675,284.62677,283.32675,282.52676,283.52676,282.12677,280.32675,282.82675,284.92676,284.42676,285.32675,284.92676,284.72675,284.82675,284.52676,284.72675,283.92676,283.72675,283.02676,282.82675,281.72675,282.22675,283.02676,284.02676,284.12677,283.82675,283.22675,284.02676,284.72675,282.62677,281.92676,281.02676,281.52676,279.72675,276.32675,274.42676,272.72675
283.02676,282.72675,283.92676,282.92676,284.12677,283.92676,282.12677,281.32675,280.62677,282.12677,280.52676,278.92676,283.22675,282.72675,283.92676,284.52676,284.42676,284.12677,284.62677,283.92676,283.52676,282.42676,282.32675,282.02676,282.92676,283.42676,284.22675,283.62677,283.52676,282.82675,282.62677,284.12677,284.12677,281.92676,282.32675,280.92676,279.72675,281.02676,278.02676,276.62677,275.32675
282.12677,283.42676,284.52676,283.82675,282.62677,281.82675,281.92676,282.92676,283.52676,282.92676,280.92676,278.22675,279.22675,282.52676,283.32675,283.82675,283.92676,283.32675,283.22675,283.52676,283.92676,283.92676,284.32675,283.82675,283.82675,283.72675,283.72675,284.22675,283.52676,282.82675,283.62677,282.82675,283.02676,282.22675,281.52676,279.22675,279.12677,277.52676,277.42676,275.32675,275.02676
282.92676,282.82675,285.52676,283.72675,283.82675,283.32675,284.52676,282.82675,283.82675,281.62677,281.82675,279.62677,280.72675,283.72675,283.02676,283.32675,282.82675,283.02676,283.52676,283.92676,284.32675,284.12677,284.52676,284.12677,283.82675,283.92676,284.42676,284.12677,284.22675,283.52676,282.82675,283.42676,282.42676,281.12677,280.92676,280.22675,279.52676,277.12677,277.72675,276.82675,276.32675
