wind_kz.json
{"header": {"discipline":0,"disciplineName":"Meteorological products","gribEdition":2,"gribLength":871,"center":7,"centerName":"US National Weather Service - NCEP(WMC)","subcenter":0,"refTime":"2023-08-22T06:00:00.000Z","significanceOfRT":1,"significanceOfRTName":"Start of forecast","productStatus":0,"productStatusName":"Operational products","productType":1,"productTypeName":"Forecast products","productDefinitionTemplate":0,"productDefinitionTemplateName":"Analysis/forecast at horizontal level/layer at a point in time","parameterCategory":0,"parameterCategoryName":"UnknownDiscipline_0_Category_0","parameterNumber":0,"parameterNumberName":"UnknownParameter_D0_C0_0","parameterUnit":"Unknown","genProcessType":2,"genProcessTypeName":"Forecast","forecastTime":60,"surface1Type":1,"surface1TypeName":"Ground or water surface","surface1Value":0.0,"surface2Type":255,"surface2TypeName":"Missing","surface2Value":0.0,"gridDefinitionTemplate":0,"gridDefinitionTemplateName":"Latitude_Longitude","numberPoints":615,"shape":6,"shapeName":"Earth spherical with radius of 6,371,229.0 m","gridUnits":"degrees","resolution":48,"winds":"true","scanMode":64,"nx":41,"ny":15,"basicAngle":0,"lo1":47.0,"la1":41.0,"lo2":87.0,"la2":55.0,"dx":1.0,"dy":1.0}, "data":
[rows 0 to 14 of 15, columns 0 to 40 of 41]
299.21744,288.21744,291.71744,299.61743,299.31744,298.61743,301.11743,305.31744,304.51743,304.21744,303.11743,304.01743,303.31744,303.61743,302.61743,300.81744,301.01743,302.01743,302.61743,304.21744,301.91742,297.11743,297.81744,290.41742,296.31744,295.41742,292.71744,278.01743,278.01743,279.51743,280.11743,281.91742,291.11743,297.91742,298.81744,299.21744,297.01743,297.41742,297.61743,298.41742,298.31744
279.81744,291.31744,299.51743,299.51743,299.51743,298.41742,300.91742,301.61743,302.51743,302.91742,303.71744,302.01743,300.51743,298.51743,297.71744,298.31744,299.91742,299.91742,299.61743,300.51743,301.81744,300.11743,297.61743,287.91742,280.21744,279.21744,288.71744,277.61743,281.01743,274.41742,280.31744,273.91742,282.71744,263.51743,279.91742,294.81744,294.41742,296.61743,299.91742,291.81744,284.01743
296.91742,299.11743,299.51743,299.51743,298.31744,298.91742,300.11743,300.91742,300.71744,301.41742,302.51743,304.91742,297.11743,298.41742,298.31744,295.51743,295.01743,296.11743,297.51743,298.91742,302.31744,300.51743,296.71744,292.01743,294.21744,292.01743,294.71744,294.11743,293.81744,285.91742,275.21744,277.61743,281.71744,281.41742,283.61743,284.61743,276.31744,277.31744,279.81744,276.11743,277.31744
293.31744,300.61743,299.91742,298.81744,296.91742,297.41742,298.41742,298.01743,299.31744,299.71744,299.91742,300.41742,296.01743,295.21744,296.01743,293.71744,297.21744,296.01743,296.81744,298.11743,299.01743,294.51743,301.01743,300.81744,297.11743,299.01743,299.01743,297.51743,295.11743,297.71744,298.41742,292.61743,299.71744,292.91742,293.31744,290.21744,276.81744,277.61743,282.21744,292.31744,296.41742
297.91742,300.21744,300.41742,299.91742,299.21744,298.31744,297.81744,298.71744,298.71744,298.91742,299.31744,299.11743,296.41742,294.91742,292.11743,297.71744,298.01743,296.71744,294.71744,299.11743,300.01743,300.71744,299.91742,299.81744,298.11743,298.31744,295.51743,297.01743,294.21744,297.71744,301.11743,299.91742,284.41742,273.81744,285.51743,294.41742,296.51743,300.21744,299.81744,300.51743,300.11743
295.81744,294.71744,298.41742,299.41742,299.81744,299.21744,297.81744,297.91742,299.11743,297.71744,296.71744,296.31744,295.21744,295.21744,294.51743,294.81744,295.51743,296.91742,296.51743,298.81744,298.31744,299.01743,298.71744,299.11743,298.91742,297.51743,298.61743,293.81744,299.41742,301.51743,299.91742,301.41742,298.41742,295.21744,293.91742,295.41742,287.91742,290.21744,297.81744,298.51743,298.71744
295.61743,293.21744,300.01743,298.21744,297.71744,295.91742,296.11743,299.71744,296.61743,296.71744,294.11743,293.81744,293.01743,294.51743,294.71744,296.31744,295.51743,296.91742,295.61743,295.31744,295.61743,298.11743,298.11743,298.41742,296.81744,298.41742,300.01743,298.61743,298.51743,298.61743,298.21744,298.31744,299.21744,301.61743,295.91742,293.91742,288.71744,285.91742,279.81744,280.51743,294.41742
294.91742,296.51743,295.41742,295.01743,297.21744,297.41742,296.81744,295.51743,293.61743,293.31744,292.71744,293.51743,294.61743,295.51743,295.91742,294.91742,294.31744,295.01743,294.81744,292.41742,292.21744,292.41742,293.81744,295.01743,294.01743,292.51743,293.01743,295.31744,293.41742,295.41742,294.61743,295.71744,296.91742,291.01743,290.11743,293.21744,293.81744,289.21744,291.91742,292.91742,288.01743
293.61743,292.61743,296.21744,292.41742,293.51743,295.81744,292.91742,293.21744,290.61743,290.21744,289.91742,290.21744,291.31744,291.41742,294.51743,295.41742,292.91742,292.21744,292.01743,290.81744,288.81744,289.11743,289.91742,290.81744,291.51743,291.81744,290.11743,288.41742,288.01743,286.51743,292.41742,290.81744,291.91742,293.81744,293.21744,291.41742,287.91742,289.21744,275.21744,277.71744,275.11743
291.51743,291.91742,293.91742,294.81744,292.21744,295.41742,291.11743,292.71744,288.31744,286.21744,287.41742,287.11743,290.01743,289.21744,292.41742,293.81744,290.61743,289.71744,290.11743,289.51743,288.41742,288.21744,288.91742,289.51743,288.71744,287.61743,287.81744,290.11743,288.81744,288.71744,290.01743,292.01743,293.71744,295.61743,292.11743,289.01743,287.41742,285.91742,278.11743,279.81744,279.11743
291.91742,291.51743,288.41742,291.01743,293.01743,293.31744,290.61743,292.81744,288.41742,287.61743,286.51743,285.01743,288.41742,287.71744,290.81744,290.71744,289.21744,288.51743,289.31744,289.21744,287.61743,286.71744,289.51743,287.11743,287.11743,287.31744,286.81744,288.11743,288.71744,291.11743,293.01743,292.21744,292.41742,295.71744,294.01743,288.91742,286.31744,284.51743,281.51743,282.11743,282.41742
290.21744,291.01743,288.21744,287.01743,288.01743,289.01743,289.11743,288.71744,287.01743,285.31744,282.01743,282.71744,286.01743,288.01743,285.31744,284.91742,286.71744,286.01743,286.21744,285.71744,285.21744,287.71744,284.71744,287.41742,283.41742,284.91742,288.41742,289.71744,288.91742,290.11743,289.71744,290.71744,291.91742,290.21744,294.91742,292.31744,292.01743,290.71744,289.71744,289.61743,287.61743
287.81744,284.41742,284.61743,283.21744,283.21744,285.21744,286.11743,287.71744,285.81744,286.71744,281.91742,280.61743,283.01743,284.61743,283.91742,285.41742,285.41742,285.01743,285.21744,284.11743,287.11743,282.11743,282.11743,285.71744,284.81744,284.81744,289.01743,286.81744,288.81744,288.41742,288.51743,291.01743,290.11743,291.71744,290.11743,290.31744,290.91742,291.31744,289.71744,288.01743,288.61743
287.41742,287.21744,289.01743,281.71744,279.51743,278.71744,279.91742,283.01743,286.51743,287.61743,282.31744,280.51743,281.11743,284.91742,282.91742,284.71744,284.61743,286.21744,287.11743,282.81744,283.41742,283.31744,284.81744,287.31744,287.61743,287.31744,285.01743,286.91742,284.21744,286.91742,288.41742,288.51743,287.81744,289.81744,288.61743,289.41742,289.91742,290.01743,288.71744,288.51743,287.71744
286.81744,283.01743,291.31744,282.81744,281.81744,280.91742,282.11743,279.91742,283.71744,278.81744,280.21744,278.71744,279.21744,281.81744,281.21744,285.21744,282.01743,283.21744,282.31744,282.21744,281.81744,282.41742,285.01743,283.11743,284.21744,283.01743,282.51743,285.11743,282.71744,285.01743,285.11743,284.91742,286.91742,287.81744,290.11743,288.71744,289.51743,289.61743,289.21744,289.41742,288.81744
