wind_kz.json
{"header": {"discipline":0,"disciplineName":"Meteorological products","gribEdition":2,"gribLength":948,"center":7,"centerName":"US National Weather Service - NCEP(WMC)","subcenter":0,"refTime":"2023-09-22T00:00:00.000Z","significanceOfRT":1,"significanceOfRTName":"Start of forecast","productStatus":0,"productStatusName":"Operational products","productType":1,"productTypeName":"Forecast products","productDefinitionTemplate":0,"productDefinitionTemplateName":"Analysis/forecast at horizontal level/layer at a point in time","parameterCategory":0,"parameterCategoryName":"UnknownDiscipline_0_Category_0","parameterNumber":0,"parameterNumberName":"UnknownParameter_D0_C0_0","parameterUnit":"Unknown","genProcessType":2,"genProcessTypeName":"Forecast","forecastTime":300,"surface1Type":1,"surface1TypeName":"Ground or water surface","surface1Value":0.0,"surface2Type":255,"surface2TypeName":"Missing","surface2Value":0.0,"gridDefinitionTemplate":0,"gridDefinitionTemplateName":"Latitude_Longitude","numberPoints":615,"shape":6,"shapeName":"Earth spherical with radius of 6,371,229.0 m","gridUnits":"degrees","resolution":48,"winds":"true","scanMode":64,"nx":41,"ny":15,"basicAngle":0,"lo1":47.0,"la1":41.0,"lo2":87.0,"la2":55.0,"dx":1.0,"dy":1.0}, "data":
[rows 0 to 14 of 15, columns 0 to 40 of 41]
306.89777,295.39777,300.19775,293.89777,294.39777,293.89777,304.79776,309.59775,306.49774,306.19775,304.49774,304.19775,303.29776,302.69775,303.29776,302.99774,301.99774,300.79776,301.69775,301.39777,302.39777,298.99774,298.59775,293.19775,296.19775,298.19775,292.89777,276.39777,273.29776,271.19775,272.79776,267.39777,285.29776,292.59775,294.99774,293.89777,294.89777,293.09775,293.09775,292.89777,293.09775
284.59775,298.59775,293.09775,293.39777,293.89777,292.09775,310.49774,306.89777,304.69775,303.79776,304.09775,303.39777,303.79776,301.89777,302.99774,302.69775,302.09775,302.39777,300.39777,300.39777,300.09775,300.19775,297.69775,287.79776,277.09775,275.29776,286.09775,278.09775,273.49774,272.49774,278.19775,265.19775,278.89777,257.09775,273.79776,290.79776,289.79776,291.69775,294.59775,286.19775,284.59775
302.59775,292.29776,292.79776,292.69775,290.99774,305.09775,305.79776,304.49774,302.79776,301.99774,302.19775,303.09775,302.99774,301.59775,301.89777,302.09775,301.49774,300.69775,301.19775,299.89777,299.39777,298.79776,297.99774,290.69775,294.49774,292.49774,292.89777,291.39777,287.69775,278.09775,271.19775,275.59775,281.89777,282.29776,283.99774,282.09775,276.29776,279.09775,279.29776,274.39777,271.79776
304.59775,291.49774,293.59775,291.99774,293.79776,303.69775,303.29776,303.49774,302.69775,302.39777,300.99774,296.69775,290.39777,290.19775,302.29776,301.29776,301.09775,301.39777,301.49774,299.79776,298.79776,293.19775,296.99774,296.69775,297.09775,296.59775,296.69775,292.59775,288.99774,291.09775,291.29776,288.69775,293.59775,292.29776,291.09775,284.79776,275.49774,269.19775,277.89777,287.59775,289.89777
304.99774,290.89777,291.99774,290.89777,296.09775,304.39777,302.69775,303.19775,301.29776,301.79776,300.69775,296.69775,289.29776,288.59775,288.29776,301.69775,301.29776,300.39777,299.99774,299.29776,299.19775,298.79776,297.49774,297.19775,296.79776,295.59775,292.89777,291.79776,292.89777,292.79776,294.89777,291.79776,278.39777,272.19775,282.29776,289.79776,291.59775,293.89777,293.99774,293.69775,293.59775
301.19775,294.69775,290.09775,290.39777,290.39777,290.09775,298.69775,299.09775,300.79776,301.09775,299.39777,296.19775,290.49774,289.39777,295.09775,299.49774,301.09775,300.19775,299.99774,299.89777,298.99774,297.59775,296.99774,296.49774,295.79776,293.89777,293.19775,286.19775,294.39777,294.39777,291.89777,293.29776,291.69775,290.59775,286.79776,290.39777,283.09775,287.19775,291.19775,292.79776,292.29776
303.39777,297.89777,298.09775,295.89777,294.19775,297.79776,296.39777,297.59775,297.89777,297.89777,298.19775,297.19775,297.19775,297.89777,298.09775,300.09775,300.19775,300.39777,299.89777,298.79776,297.79776,297.69775,297.59775,297.19775,295.39777,294.79776,293.59775,293.99774,293.49774,293.19775,292.69775,291.99774,292.69775,293.69775,291.49774,289.59775,284.39777,280.19775,279.39777,277.49774,287.49774
304.29776,301.69775,298.59775,296.09775,295.69775,297.19775,297.49774,295.89777,296.89777,297.39777,296.69775,294.99774,296.59775,297.39777,298.89777,299.59775,298.49774,299.79776,299.29776,296.69775,296.29776,295.99774,295.69775,295.29776,294.39777,291.99774,291.59775,291.99774,289.99774,290.79776,289.89777,290.19775,288.39777,286.19775,286.09775,288.19775,288.49774,285.99774,287.49774,287.89777,283.79776
302.09775,302.39777,301.19775,296.49774,299.59775,298.59775,296.89777,298.09775,297.49774,297.39777,296.19775,295.89777,295.39777,297.09775,297.19775,298.69775,298.39777,298.39777,297.09775,295.89777,293.79776,293.29776,293.79776,293.79776,292.09775,292.29776,289.79776,288.79776,287.39777,285.79776,286.29776,286.39777,287.29776,287.49774,286.29776,284.39777,284.89777,284.39777,274.09775,275.19775,272.89777
302.79776,301.19775,300.29776,299.19775,297.19775,296.49774,297.69775,297.99774,297.29776,296.89777,295.39777,294.89777,295.59775,295.59775,295.29776,296.19775,296.89777,297.19775,296.49774,296.09775,294.09775,293.19775,293.69775,293.59775,292.69775,291.19775,290.69775,289.89777,288.39777,287.79776,287.19775,288.59775,289.79776,289.09775,287.29776,285.29776,282.99774,280.39777,276.59775,275.59775,275.19775
300.89777,300.39777,298.79776,296.89777,298.39777,297.99774,297.19775,298.59775,298.09775,297.79776,296.59775,295.59775,295.19775,294.49774,294.69775,295.09775,294.69775,295.19775,295.19775,294.19775,294.19775,293.79776,292.89777,292.49774,291.79776,291.59775,289.29776,290.69775,290.29776,290.79776,290.39777,290.49774,289.39777,289.49774,288.09775,284.89777,280.59775,277.79776,279.29776,278.69775,277.09775
297.49774,298.59775,297.69775,299.59775,298.29776,298.29776,297.29776,296.79776,297.19775,296.99774,294.19775,292.99774,293.99774,292.69775,292.59775,293.09775,292.69775,293.09775,293.59775,292.79776,292.09775,291.39777,291.29776,291.49774,290.49774,291.59775,290.99774,291.69775,291.59775,290.99774,289.69775,289.59775,289.59775,286.79776,287.69775,286.09775,285.29776,283.09775,281.49774,281.59775,281.89777
294.59775,295.69775,298.39777,297.29776,296.69775,296.69775,296.49774,296.49774,294.69775,295.19775,291.49774,289.89777,291.59775,290.89777,291.39777,292.59775,292.59775,291.59775,291.69775,291.09775,291.09775,289.69775,288.79776,288.39777,289.19775,290.29776,291.19775,290.19775,290.59775,289.59775,289.99774,289.39777,289.29776,287.89777,287.59775,286.79776,285.49774,286.39777,283.89777,282.39777,282.29776
296.59775,296.49774,290.19775,296.79776,296.59775,296.49774,295.49774,293.29776,294.09775,293.19775,291.49774,288.89777,289.99774,291.19775,291.99774,292.09775,291.49774,290.39777,290.29776,290.59775,290.79776,290.49774,290.59775,290.39777,290.49774,290.49774,290.19775,289.99774,288.69775,288.69775,288.59775,287.29776,286.69775,285.89777,286.69775,286.29776,286.09775,284.79776,283.49774,282.29776,282.79776
290.19775,290.29776,285.79776,295.59775,295.59775,296.09775,295.49774,294.69775,294.69775,293.69775,291.89777,291.29776,289.29776,289.29776,290.39777,291.49774,290.99774,290.69775,290.99774,291.09775,291.59775,290.29776,289.89777,289.29776,289.09775,289.29776,289.29776,288.39777,288.39777,287.79776,287.69775,284.89777,286.09775,285.79776,285.09775,285.19775,285.29776,284.49774,285.09775,284.39777,283.59775
