wind.json
{"header": {"discipline":0,"disciplineName":"Meteorological products","gribEdition":2,"gribLength":1125,"center":7,"centerName":"US National Weather Service - NCEP(WMC)","subcenter":0,"refTime":"2023-07-01T06:00:00.000Z","significanceOfRT":1,"significanceOfRTName":"Start of forecast","productStatus":0,"productStatusName":"Operational products","productType":1,"productTypeName":"Forecast products","productDefinitionTemplate":0,"productDefinitionTemplateName":"Analysis/forecast at horizontal level/layer at a point in time","parameterCategory":2,"parameterCategoryName":"UnknownDiscipline_0_Category_2","parameterNumber":3,"parameterNumberName":"UnknownParameter_D0_C2_3","parameterUnit":"Unknown","genProcessType":2,"genProcessTypeName":"Forecast","forecastTime":300,"surface1Type":103,"surface1TypeName":"Specified height level above ground","surface1Value":10.0,"surface2Type":255,"surface2TypeName":"Missing","surface2Value":0.0,"gridDefinitionTemplate":0,"gridDefinitionTemplateName":"Latitude_Longitude","numberPoints":688,"shape":6,"shapeName":"Earth spherical with radius of 6,371,229.0 m","gridUnits":"degrees","resolution":48,"winds":"true","scanMode":64,"nx":43,"ny":16,"basicAngle":0,"lo1":45.0,"la1":40.0,"lo2":87.0,"la2":55.0,"dx":1.0,"dy":1.0}, "data":
[rows 0 to 15 of 16, columns 0 to 42 of 43]
-4.3864293,0.10357056,3.1435707,5.2035704,-3.1564295,-8.786429,-9.17643,-10.156429,-6.8564296,-4.2964296,-2.9364295,-5.1864295,-4.0864296,-4.9564295,-5.4464293,-8.076429,-10.01643,-10.496429,-9.87643,-9.116429,-9.036429,-5.5964293,-6.3664293,-2.5864294,3.1035705,3.0435705,1.5535705,-1.3664294,2.7735705,-2.1564295,-1.2064295,-3.2964294,-5.7464294,-3.3164294,0.123570554,-2.9564295,-8.236429,-10.38643,-8.76643,0.50357056,0.84357053,0.7835705,1.3935705
0.81357056,2.7935705,5.1935706,-0.7664294,-0.62642944,-7.8964295,-9.246429,-9.37643,-7.5664296,-5.716429,-3.6464295,-3.0164294,-2.6864295,-5.4164295,-5.1064296,-7.3764296,-7.8564296,-7.4464293,-8.696429,-8.396429,-6.1264296,-4.2564297,-6.4764295,-6.9064293,-5.7564297,-0.86642945,0.89357054,4.2135706,1.8635706,3.8235705,1.9135705,-0.20642944,-1.5164294,-0.85642946,0.50357056,-4.0264297,-7.9364295,-8.026429,-12.606429,-6.3064294,-0.28642944,-0.9664295,0.57357055
-1.0364294,-1.8764294,0.33357057,0.9835706,-2.3864295,-6.3064294,-7.0864296,-6.7664294,-5.7264295,-1.8364295,-2.3564293,-4.3864293,-4.1464295,-2.5364294,-2.8864295,-4.0264297,-4.8664293,-5.5764294,-7.4564295,-7.8964295,-7.3264294,-7.3164296,-7.5164294,-6.8764296,-4.2664294,0.50357056,0.6735706,-2.7464294,-5.6264296,0.75357056,-0.7064294,0.32357055,3.0135705,0.043570556,-1.7164295,-2.9664295,-3.6164293,-8.9164295,-10.066429,-7.486429,-4.6564293,-3.1364295,0.13357055
1.5035706,2.0135705,2.8635705,2.5735705,-2.6764295,-6.6964293,-8.25643,-6.0564294,-7.3164296,-4.2664294,-2.8964295,-3.7864294,-3.2464294,1.0235705,0.0035705566,-1.9964294,-3.3764296,-4.1164293,-5.4264293,-5.8064294,-4.736429,-5.0764294,-6.6964293,-6.9764295,-2.9364295,-2.2664294,1.0335705,1.4335705,2.1435707,2.0935705,0.33357057,2.9135706,1.6335706,2.0935705,2.8235705,-1.1164294,-1.1364294,3.7735705,4.7035704,1.3135705,1.5335705,-2.1164293,-1.6064295
2.5135705,3.2235706,2.0835705,1.3935705,-1.5564294,-5.0364294,-5.5064297,-4.9964294,-6.3264294,-5.8064294,-3.5664294,-4.0264297,-4.0164294,1.9835706,2.1135705,-0.8264294,-1.5564294,-2.7264295,-5.4364295,-5.3864293,-5.3364296,-4.8364296,-4.0564294,-3.0864294,-4.8764296,-5.5164294,-6.3464293,-2.8964295,-2.7764294,-1.3864294,-2.0764294,-4.236429,-1.0664295,-0.6464294,-2.1964295,-0.93642944,1.2235706,-1.1464294,0.30357057,2.4835706,4.6235704,3.3335705,4.4535704
3.1635706,3.8335705,3.2335706,3.3635705,1.2235706,-1.5964295,-3.0764294,-2.6064293,-4.6364293,-6.0764294,-3.5764294,-4.6964293,-4.4964294,-4.466429,1.9735706,-0.22642945,-1.2264295,-1.3264295,-4.6064296,-7.7664294,-4.466429,-5.6364293,-6.1264296,-5.4964294,-3.2264295,-4.9264293,-4.8064294,-4.5264297,-4.0564294,-2.7764294,-3.8464293,-2.8264294,-1.6764294,0.63357055,2.8435705,3.6535707,-0.62642944,-1.0964295,1.4535706,1.6235706,-0.19642945,0.70357054,1.2535706
1.3135705,0.6735706,4.1735706,2.9935706,3.8735704,2.3435705,-1.6564294,-3.8064294,-2.7864294,-4.7064295,-4.3564296,-4.1964293,-4.0264297,-3.7964294,-5.2964296,-8.1664295,-7.1764293,-6.7464294,-8.26643,-8.80643,-9.606429,-8.906429,-7.9264293,-7.8764296,-6.3264294,-2.8364294,-4.0164294,-5.3864293,-3.1964295,-3.0964293,-2.1064293,-3.7264295,-1.0864295,1.6935706,4.4535704,4.4735703,4.1235704,1.0435705,3.2635705,2.1035705,-2.1764295,-4.7264295,0.44357055
-0.60642946,-2.8664293,-2.6264296,-0.75642943,-4.3064294,-2.4664295,-1.2264295,-3.6964295,-2.7464294,-3.4464295,-3.8264294,-3.9964294,-3.7864294,-2.9964294,-3.6364295,-5.5964293,-5.6264296,-5.3464293,-5.5564294,-7.8864293,-7.736429,-7.5464296,-6.9064293,-7.8064294,-7.6564293,-8.2064295,-9.59643,-3.7864294,-6.3064294,-7.7464294,-1.7064295,-5.736429,-7.3164296,2.0835705,-1.9664295,2.9235706,1.0235705,-2.2464294,-3.1064293,0.46357056,0.23357056,-1.8364295,1.8135705
2.6435707,1.3335706,-0.8264294,-1.8164295,-4.2464294,-1.9664295,-0.55642945,-2.2864294,-1.8264295,-2.9064295,-3.3664293,-3.5164294,-3.6964295,-2.6064293,-2.2464294,-2.5464294,-4.3064294,-4.4264293,-7.2264295,-7.5564294,-6.3664293,-7.5164294,-7.2764297,-8.036429,-7.5764294,-6.8264294,-6.216429,-5.6864295,-5.8364296,-7.966429,-6.2064295,-7.0764294,-6.7964296,-3.3664293,2.4835706,1.2535706,2.8735704,2.7535706,4.8835707,3.5535705,0.42357054,0.23357056,0.49357057
1.0535705,0.68357056,-1.5164294,0.36357057,-3.3064294,-1.8064294,-1.2264295,-2.4864295,-3.2464294,-2.7964294,-3.3964295,-3.0764294,-4.8064294,-1.4964294,-0.42642945,-1.5764295,-3.2064295,-2.9964294,-3.6264296,-4.7064295,-3.3764296,-3.6864295,-4.5164294,-6.3164296,-7.3464293,-7.2664294,-6.4064293,-4.5464296,-3.5364294,-1.3264295,-1.6364294,-3.7064295,-4.5964293,-3.9764295,3.8335705,1.8135705,2.1035705,-0.18642944,0.39357054,4.4135704,1.4635706,1.4735706,-0.33642945
0.19357055,0.053570557,1.1235706,-0.92642945,-1.4264294,-1.2564294,-1.6564294,-2.4364295,-2.0464294,-2.4764295,-3.6164293,-3.0364294,-3.9464295,-4.8564296,-0.40642944,-0.6464294,-2.1464295,-2.3464293,-2.5464294,-4.2064295,-4.1864295,-2.6664295,-1.2664294,-4.7764297,-7.3764296,-5.7464294,-5.2064295,-2.6464295,-2.0164294,0.39357054,-0.75642943,-3.4064295,-3.0764294,-1.5664295,-0.48642945,3.5735705,-0.97642946,-1.9464295,0.46357056,-2.7364295,2.1035705,4.4035707,3.1935706
0.06357056,1.0335705,2.7635705,0.21357055,-1.0564294,1.0135705,0.71357054,-0.096429445,-2.4464295,-0.046429444,-1.4764295,-2.6364295,-1.8664294,-2.2764294,-3.2864294,-3.5564294,-4.3864293,-2.8064294,-3.7764294,-3.7064295,-4.3364296,-3.6564295,-4.2464294,-3.9564295,-6.5564294,-4.7564297,-3.7664294,-6.486429,-5.7864294,-0.20642944,-1.1564294,-3.8364294,-3.6064293,-2.1864295,-0.44642943,-0.80642945,0.63357055,-3.4264295,-1.9764295,0.40357056,1.6435705,1.7435706,0.69357055
1.5035706,0.9235706,1.7535706,1.4735706,-0.046429444,-1.8664294,2.3935707,1.6935706,-0.39642945,1.3135705,0.57357055,-0.78642946,-0.94642943,-1.8064294,-3.6064293,-2.0564294,-1.8764294,-2.0264294,-2.3164294,-4.4764295,-2.5664294,-2.8764296,-3.1964295,-3.8864295,-4.0564294,-5.5364294,-3.9864295,-5.6364293,-6.1664295,-6.8464293,-3.7564294,-3.3964295,-3.4664295,1.1035706,-1.1364294,-3.8664293,-1.8564295,-3.9764295,-4.0264297,-0.6464294,1.7135706,2.6235704,1.4535706
2.3035705,2.4735706,1.9035705,1.9335705,1.0835706,2.4635706,1.4335705,1.9835706,0.48357055,0.68357056,1.8835706,0.56357056,-0.056429442,-0.61642945,-2.1264296,-3.0464294,-2.7864294,-1.2464294,-2.1064293,-2.5764294,-3.1464295,-1.9364295,-2.6664295,-4.0964293,-2.8064294,-3.5964293,-5.0364294,-6.5564294,-5.5464296,-6.5264297,-7.0264297,-5.6564293,-1.6664294,-3.7164295,-4.2764297,-0.67642945,-0.91642946,1.0935706,-1.3964294,-2.2464294,-2.7064295,-1.4564295,-0.5764294
3.0335705,2.5235705,3.0935705,2.7335706,1.3435706,1.8835706,1.2235706,0.87357056,-0.32642946,0.26357055,1.4835706,-0.026429443,1.4335705,-0.10642944,-0.80642945,-1.0164294,-2.6664295,-2.6364295,-1.0364294,-2.0964293,-3.4864295,-1.7464294,-2.4464295,-2.5964293,-3.7664294,-4.3764296,-3.4664295,-4.2864294,-4.8464293,-3.4864295,-4.2764297,-5.8564296,-6.4264293,-3.5864294,-2.2464294,-3.7664294,-3.4264295,-2.9564295,-1.7964294,-2.3264294,-2.8864295,-0.84642947,-0.32642946
3.5535705,3.1635706,3.2035706,3.1635706,2.3035705,3.3835707,2.3635705,1.0935706,0.64357054,1.5335705,1.0735706,-0.20642944,-0.43642944,0.22357056,0.99357057,-0.41642943,-2.7964294,-1.6264294,-2.7164295,-2.2864294,-2.4964294,-1.0864295,-2.2064295,-4.8364296,-5.5764294,-4.6164293,-3.7064295,-3.6264296,-3.4464295,-3.9064295,-2.7564294,-3.6064293,-5.0464296,-4.8964295,-4.986429,-2.3464293,-2.3864295,-1.3064294,-1.1064295,-1.1264294,-2.0764294,-0.5764294,-0.17642945
