wind.json
{"header": {"discipline":0,"disciplineName":"Meteorological products","gribEdition":2,"gribLength":1211,"center":7,"centerName":"US National Weather Service - NCEP(WMC)","subcenter":0,"refTime":"2023-07-02T00:00:00.000Z","significanceOfRT":1,"significanceOfRTName":"Start of forecast","productStatus":0,"productStatusName":"Operational products","productType":1,"productTypeName":"Forecast products","productDefinitionTemplate":0,"productDefinitionTemplateName":"Analysis/forecast at horizontal level/layer at a point in time","parameterCategory":2,"parameterCategoryName":"UnknownDiscipline_0_Category_2","parameterNumber":2,"parameterNumberName":"UnknownParameter_D0_C2_2","parameterUnit":"Unknown","genProcessType":2,"genProcessTypeName":"Forecast","forecastTime":300,"surface1Type":103,"surface1TypeName":"Specified height level above ground","surface1Value":10.0,"surface2Type":255,"surface2TypeName":"Missing","surface2Value":0.0,"gridDefinitionTemplate":0,"gridDefinitionTemplateName":"Latitude_Longitude","numberPoints":688,"shape":6,"shapeName":"Earth spherical with radius of 6,371,229.0 m","gridUnits":"degrees","resolution":48,"winds":"true","scanMode":64,"nx":43,"ny":16,"basicAngle":0,"lo1":45.0,"la1":40.0,"lo2":87.0,"la2":55.0,"dx":1.0,"dy":1.0}, "data":
[rows 0 to 15 of 16, columns 0 to 42 of 43]
2.5208983,-3.6191015,-2.7491016,-5.0591016,-7.6191015,-3.3191016,-2.3591015,1.8108984,4.0808983,-8.299102,-8.009102,-8.319101,-7.3091016,-6.3491015,-4.9991016,-3.6491015,-2.7591016,-1.8491015,-1.5391016,-3.2191017,-2.9091015,-1.8691015,-4.5191016,-1.3991016,2.6108985,5.5508986,5.0108986,0.33089843,0.070898436,3.4508984,4.4708986,11.500898,8.400898,5.9808984,10.720899,3.4108984,-0.41910157,1.7608985,8.860898,3.0608985,-2.3191016,-3.3591015,-3.8591015
-1.2291015,0.65089846,4.1208982,1.4308984,-5.0291014,-3.2791016,0.10089844,-0.34910157,-8.749102,-8.239101,-7.5291014,-6.5991015,-5.9791017,-5.2591014,-4.0091014,-3.4391015,-2.1391015,-1.4091016,-2.0891016,-0.51910156,-1.5191016,0.23089844,2.1208985,-0.95910156,2.7408984,6.8308983,2.5408983,5.1108985,5.0408983,6.1108985,6.7708983,5.8008986,10.670898,3.0608985,7.4508986,5.9308987,7.9208984,0.52089846,3.9608984,-0.58910155,1.7008984,-1.6891016,-1.4491016
-0.8191016,0.8708984,-0.57910156,-3.6591015,-5.9491014,-3.4791017,-3.1391015,2.1808984,-7.4391017,-6.7591014,-6.1891017,-5.339102,-5.9591017,-4.1691017,-4.8791018,-2.2291017,-2.7491016,-1.1291015,-0.32910156,-0.33910155,0.8808984,1.6508985,2.9108984,2.8608985,3.1908984,3.1308985,2.6408985,-1.0591016,2.6808984,4.4708986,5.9208984,3.5408983,3.0708985,3.2608984,3.3608985,-0.12910156,0.72089845,-0.90910155,3.8708985,-0.88910156,1.2608985,3.2308984,-0.89910156
1.8508984,2.5708985,-1.9891015,-4.5791016,-6.5091014,-3.8091016,-0.57910156,-3.2591016,-4.7791014,-4.9091015,-5.2491016,-4.8991017,-4.9291015,-4.7191014,-6.0691013,-2.9791017,-1.1291015,-0.84910154,-0.24910156,1.0908984,2.9608984,4.0008984,4.7708983,4.4808984,5.7008986,7.4808984,7.6108985,8.100899,8.100899,7.0108986,6.910898,2.1308985,0.97089845,-0.029101562,1.3308984,2.2108984,-3.0191016,-0.9991016,-0.35910156,1.1408985,6.6808987,2.8208985,5.6708984
-2.2591016,-4.7891016,-7.2091017,-6.609102,-5.0191016,-0.6891016,3.6308985,-3.3991015,-2.9091015,-4.8791018,-3.6291015,-3.8391016,-3.4991016,-6.339102,-4.8091016,-1.6891016,0.54089844,-0.43910158,-0.84910154,0.65089846,1.8508984,3.3508985,3.9608984,6.4608984,6.4908986,7.3808985,8.720899,9.430899,9.710898,10.230899,12.220899,10.250898,9.420898,8.330898,8.630898,6.6208982,4.6508985,-0.42910156,-0.42910156,2.3608985,4.5408983,11.980899,13.320898
-6.4591017,-8.109101,-7.6391015,-6.859102,-4.9691014,-3.9091015,-2.4491014,-3.0391016,-3.5091016,-3.2291017,-2.6191015,-1.2191015,-1.1691016,-5.1391015,-1.1591016,-0.72910154,3.4008985,4.6008983,2.1708984,2.3208985,2.7908983,3.8608985,5.0608983,6.5708985,8.250898,10.060899,10.3408985,10.110898,10.480899,10.360898,8.940899,8.650898,9.8408985,10.220899,8.860898,7.4908986,2.3708985,-3.2191017,7.2708983,3.4108984,12.400898,10.770899,8.730899
-5.109102,-5.5691013,-4.2491016,-4.5691013,-2.9691017,-2.4091015,-1.2091016,0.74089843,4.3808985,1.2708985,2.3008986,2.9508984,3.1308985,2.4408984,2.7008984,3.0408983,4.4408984,3.4408984,3.5508986,3.7908983,5.660898,6.0408983,5.5608983,6.0308986,5.5608983,7.3708982,7.9908986,8.680899,9.180899,7.2608986,6.9908986,10.270899,11.800899,8.030898,9.260899,6.2608986,10.470899,-1.4591016,1.1208985,4.5108986,15.070898,17.180899,12.900898
-3.0291016,-1.8991016,-2.1091015,-3.0291016,0.27089843,-0.40910158,3.8708985,5.9808984,6.2108984,4.8008986,5.3608985,5.6808987,5.910898,6.5108986,6.6108985,7.1208982,4.9708986,2.1608984,-1.3991016,5.5008984,8.200898,5.6008983,3.5008984,4.2108984,8.600899,6.7608986,10.900898,6.4308987,8.620898,7.6908984,9.690899,4.0208983,9.850899,12.360898,11.210898,6.8508983,4.2808986,-4.9491014,-0.36910155,0.110898435,5.5408983,6.7908983,3.3408985
0.49089843,0.85089844,2.4608984,2.6808984,1.6908984,3.1608984,5.1908984,2.8808985,4.2508984,4.5208983,5.6308985,6.1108985,5.8708982,6.4308987,2.7308984,-5.3891015,-6.4191017,-1.8791015,4.6108985,6.3708982,7.2108984,1.6908984,3.2508984,5.8108983,5.4508986,8.500898,2.5908985,3.0208983,5.410898,4.8408985,7.2208986,7.8408985,8.420898,6.7608986,3.0008984,6.2208986,1.6308985,5.6208982,5.6908984,1.3708985,7.2608986,10.0908985,7.6308985
1.1708984,-0.08910156,1.1008984,1.5208985,2.4708984,3.6608984,4.5408983,4.5608983,5.3108983,5.5408983,5.5508986,5.2908983,5.2708983,3.8508985,-4.9691014,-3.5091016,1.1408985,2.3208985,4.140898,6.1008983,2.3808985,4.1008983,3.3108985,1.4708984,4.6308985,5.4008985,5.7508984,2.0208983,3.6508985,2.9508984,7.160898,9.260899,7.4308987,7.1208982,4.5608983,1.5808984,3.8108985,7.9908986,-0.57910156,-0.099101566,0.33089843,-0.60910153,3.6508985
3.6108985,1.8608985,3.7308984,3.9408984,3.2908983,4.0908985,4.4008985,3.6208985,4.410898,3.3408985,4.2708983,3.4908984,2.1808984,1.6308985,-1.0891016,3.2708983,1.8608985,4.5908985,3.1008985,1.7808985,1.8108984,-1.0491016,5.410898,1.3508984,3.4208984,1.3708985,2.9908984,3.9508984,3.9008985,2.9708984,4.2408986,3.5108984,0.050898436,0.86089844,-2.4391015,3.4508984,7.4608984,-3.1591015,-1.7691016,-0.91910154,2.1108985,1.5208985,2.4908984
3.8408985,1.7908984,4.410898,2.9008985,3.2808983,3.4208984,4.0008984,4.1808987,3.8508985,1.4008985,3.6008985,3.9708984,3.7708983,0.27089843,1.7808985,2.1008985,5.160898,3.3308985,0.5608984,1.0208985,4.2108984,3.0608985,2.8308985,1.4908985,2.2808983,3.5008984,3.4408984,2.1808984,3.9108984,5.2008986,4.5408983,-0.97910154,2.5108984,5.0108986,4.4908986,4.7408986,-3.4091015,-0.89910156,-1.2491015,0.86089844,0.25089845,1.1408985,-0.6291016
4.1508985,4.660898,4.6708984,4.2408986,4.0408983,4.0308986,4.3108983,3.4108984,3.7008984,1.2208984,1.6608984,0.44089845,3.3508985,-2.3291016,1.3608985,3.0508986,3.1808984,2.5908985,1.0408984,3.1508985,5.7208986,2.2508984,2.7408984,3.0708985,3.1208985,3.6208985,2.7408984,4.0308986,4.6708984,4.2508984,4.7308984,4.4308987,2.8708985,3.4908984,3.8808985,3.7008984,1.7808985,1.1608984,-2.9091015,0.110898435,-0.26910156,4.6708984,2.4608984
4.4808984,4.6008983,4.6808987,2.4208984,1.7408985,2.7508984,-0.38910156,0.17089844,5.390898,1.3408984,2.3708985,3.4308984,3.1108985,1.9108984,0.72089845,3.6408985,1.6708984,2.6308985,3.0108984,2.3908985,2.2608984,5.8008986,3.3708985,2.9108984,2.0608985,4.4008985,3.9008985,3.5408983,4.4608984,3.4508984,3.6908984,5.5608983,4.1008983,3.9708984,4.5908985,3.9608984,4.2908983,2.6308985,1.5108985,1.9408984,2.5708985,5.4408984,2.5308983
2.5508986,2.8208985,4.9508986,5.2608986,4.4508986,4.7608986,4.0908985,-0.57910156,1.7008984,0.38089845,0.35089844,0.20089844,1.8408984,2.5808985,1.2508985,2.4208984,1.7108984,1.3908985,1.3608985,3.2408984,4.3708982,4.8608985,4.6908984,3.8608985,4.4608984,4.6008983,6.1208982,3.0808985,4.1108985,4.5108986,5.4908986,5.8408985,5.2408986,5.6308985,5.4408984,3.3108985,4.140898,4.3008986,2.1008985,3.8608985,4.7308984,2.5508986,1.8808985
1.4108984,0.54089844,2.6808984,2.0308983,2.4008985,3.6008985,2.2408984,0.41089845,0.24089843,1.4008985,1.3208984,2.5908985,2.2608984,2.1008985,2.8208985,2.2408984,7.140898,0.20089844,1.2408985,3.9508984,4.6808987,5.1108985,4.4408984,5.6908984,5.0608983,3.5908985,4.890898,3.2908983,5.2408986,4.8708982,4.4208984,5.0308986,6.1908984,4.0408983,4.5008984,5.0708985,4.7508984,2.3208985,3.4308984,5.4508986,4.0408983,1.7808985,0.71089846
