wind_kz.json
{"header": {"discipline":0,"disciplineName":"Meteorological products","gribEdition":2,"gribLength":1025,"center":7,"centerName":"US National Weather Service - NCEP(WMC)","subcenter":0,"refTime":"2023-10-05T12:00:00.000Z","significanceOfRT":1,"significanceOfRTName":"Start of forecast","productStatus":0,"productStatusName":"Operational products","productType":1,"productTypeName":"Forecast products","productDefinitionTemplate":0,"productDefinitionTemplateName":"Analysis/forecast at horizontal level/layer at a point in time","parameterCategory":2,"parameterCategoryName":"UnknownDiscipline_0_Category_2","parameterNumber":3,"parameterNumberName":"UnknownParameter_D0_C2_3","parameterUnit":"Unknown","genProcessType":2,"genProcessTypeName":"Forecast","forecastTime":240,"surface1Type":103,"surface1TypeName":"Specified height level above ground","surface1Value":10.0,"surface2Type":255,"surface2TypeName":"Missing","surface2Value":0.0,"gridDefinitionTemplate":0,"gridDefinitionTemplateName":"Latitude_Longitude","numberPoints":615,"shape":6,"shapeName":"Earth spherical with radius of 6,371,229.0 m","gridUnits":"degrees","resolution":48,"winds":"true","scanMode":64,"nx":41,"ny":15,"basicAngle":0,"lo1":47.0,"la1":41.0,"lo2":87.0,"la2":55.0,"dx":1.0,"dy":1.0}, "data":
[rows 0 to 14 of 15, columns 0 to 40 of 41]
1.8683838,1.3183838,-1.4516162,-1.5016162,-1.4916162,-3.6816163,-4.071616,-2.7616162,-2.2016163,-3.2816162,-3.8716161,-4.341616,-4.4316163,-4.051616,-3.3516161,-3.9616163,-3.3416162,-2.1716163,-1.7516162,3.9583838,-2.4916162,-1.9516162,-2.2016163,1.1283838,2.9283838,1.5683838,0.8383838,0.7183838,-1.9116162,-1.6316162,-1.1716162,0.05838379,-2.2116163,0.8583838,-0.7916162,0.8583838,1.6583838,2.108384,1.2383838,1.9383838,-0.6016162
0.3283838,-0.5316162,-0.011616211,0.99838376,-0.30161622,-3.0116162,-3.7316163,-4.021616,-3.4416163,-3.7816162,-4.011616,-4.8116164,-4.5616164,-4.301616,-4.4916162,-4.341616,-2.3416162,-1.4416162,0.86838377,1.1283838,-0.2516162,1.5983838,-0.5816162,0.28838378,-0.09161621,1.8683838,-0.5216162,2.0883837,-0.5416162,0.47838378,-0.14161621,-0.9516162,1.8883837,-1.9316162,0.5483838,3.9483838,1.9983838,1.0883838,0.38838378,0.5483838,1.6283838
-0.9516162,1.0583838,0.5783838,1.1283838,0.02838379,-0.7916162,-2.9216163,-3.5116162,-3.7616162,-4.0416164,-4.151616,-4.4916162,-5.4716163,-6.051616,-6.4716163,-4.551616,-4.091616,-2.6016161,-0.2916162,-0.7016162,1.1183838,1.2083838,-2.1816163,-0.49161622,-2.3316162,-0.57161623,-1.5616162,1.2083838,-1.5416162,1.7883838,0.67838377,0.5083838,0.7683838,0.3283838,-0.33161622,1.1183838,2.8783839,-0.15161622,0.2983838,1.6783838,1.2383838
-1.2816162,0.34838378,0.7583838,0.3283838,0.23838378,-1.8116162,-2.1116161,-3.5316162,-3.8116162,-3.8116162,-3.4916162,-3.0016162,-3.5416162,-5.0616164,-5.571616,-5.941616,-4.881616,-3.391616,-1.8816162,-1.0816162,0.4983838,5.4183836,-1.1416162,-2.9416163,-2.151616,-0.7816162,-1.1516162,0.1983838,-0.5216162,1.0683838,1.5883838,0.5183838,1.2083838,0.31838378,-0.76161623,-0.9216162,-0.11161621,3.2483838,0.8783838,-1.5216162,-0.9616162
0.9083838,-1.4316162,-2.4316163,-2.7616162,-2.7716162,-3.2316163,-1.5416162,-1.7116162,-2.4116163,-2.2816162,-3.2916162,-3.5716162,-0.8616162,-2.7116163,-4.751616,-5.301616,-5.8116164,-4.5616164,-3.6616163,-2.9416163,1.4683838,1.2083838,2.1683838,-1.1616162,-0.82161623,1.2283838,2.3883839,-0.6816162,0.38838378,-0.76161623,-1.6016163,-2.1616163,0.9483838,2.3183837,-0.1316162,-1.2716162,1.4683838,-0.7916162,-0.9916162,-0.23161621,-1.1516162
-2.2416162,-2.9216163,0.41838378,-1.8416162,-3.5016162,-2.9716163,-2.1116161,-1.9316162,-1.7416162,-2.901616,-2.4816163,-2.7116163,-2.2516162,-0.3816162,-2.2916162,-4.9516163,-5.501616,-5.1616163,-5.051616,-2.2716162,1.8283838,3.8183837,1.8283838,1.4583838,3.0783837,2.1483839,1.4183838,-2.8216162,0.6083838,0.35838377,-2.3016162,-3.8116162,-2.5416162,-2.2816162,0.55838376,11.318384,-0.21161622,3.8883839,0.2283838,-0.6516162,-1.0416162
-3.0516162,-3.6716163,-4.211616,-4.5816164,-5.1816163,-4.501616,-5.011616,-4.401616,-2.2216163,-1.5216162,-2.2316163,-2.8416162,-3.0216162,-3.3516161,-3.7216163,-3.8116162,-4.611616,-4.711616,-4.9116163,-3.1616163,0.6883838,1.1383837,2.9283838,2.9983838,3.6883838,3.7483838,3.6683838,3.1983838,2.7883837,3.1583838,1.6683838,0.6683838,-0.22161621,0.7283838,1.1683838,0.6283838,-0.21161622,-0.2416162,1.8583838,1.2183838,2.6583838
-3.8216162,-4.251616,-4.341616,-4.6616163,-4.9516163,-4.7916164,-4.651616,-4.6416163,-4.271616,-4.2416162,-3.6016161,-2.4316163,-3.3016162,-3.891616,-3.1616163,-3.8116162,-3.0616162,-3.2416162,-3.891616,-3.2416162,-0.30161622,0.5883838,1.0783838,1.4683838,2.8383837,3.868384,3.6683838,2.9983838,1.7683837,1.7583838,1.7083838,1.1183838,2.0683837,0.8483838,-0.4416162,0.5983838,-0.8616162,-0.03161621,-2.151616,-0.061616212,1.5283837
-3.7716162,-4.131616,-4.421616,-4.9316163,-5.031616,-5.171616,-4.6616163,-4.511616,-4.8916163,-5.421616,-5.771616,-4.531616,-4.3916163,-2.7516162,-2.381616,-2.641616,-3.6616163,-2.2616162,-1.7116162,-1.2616162,-1.2816162,-0.0016162109,2.1983838,1.3883837,1.6883838,1.2483838,2.7183838,2.8883839,2.608384,2.368384,2.7583838,2.4883838,2.1783838,0.24838379,2.5383837,3.3183837,0.5083838,-0.10161621,2.0783837,1.4883838,-2.401616
-3.5316162,-3.6216161,-4.1016164,-4.4516163,-4.711616,-4.8716164,-4.9716163,-5.001616,-4.961616,-5.131616,-5.191616,-4.8516164,-4.6216164,-4.9116163,-4.651616,-4.071616,-2.8316162,-2.3516161,-3.1216161,-0.8016162,0.20838378,-0.8716162,2.0083838,1.3483838,2.348384,2.118384,1.9183838,1.7283838,0.6483838,0.7883838,1.7883838,2.4183838,1.7083838,2.098384,1.4883838,0.23838378,0.86838377,-1.3416162,0.3983838,3.2683837,2.6683838
-3.381616,-3.9816163,-4.3516164,-4.1216164,-3.9216163,-4.421616,-4.6216164,-4.801616,-4.521616,-4.711616,-4.001616,-3.8716161,-4.031616,-4.481616,-4.151616,-4.131616,-6.671616,-6.1216164,-5.261616,-2.0016162,-0.041616213,0.9183838,1.0583838,1.7483838,2.2383838,2.4083838,1.6083838,2.5083838,2.2883837,0.7183838,2.4583838,2.9783838,3.0083838,2.118384,2.8783839,1.5583838,0.28838378,1.8083838,1.5583838,1.4283838,-0.2516162
-3.0816162,-3.4116163,-3.8416162,-4.111616,-4.341616,-4.591616,-4.4316163,-4.9116163,-5.501616,-4.091616,-4.151616,-4.1616163,-4.4716163,-3.6616163,-3.0516162,-2.8016162,-2.7816162,-2.7716162,-4.0416164,-4.7916164,0.55838376,0.5883838,2.1783838,1.8383838,2.7383838,2.0083838,2.4483838,1.9883838,2.6383839,3.2283838,3.2883837,3.1883838,2.598384,3.2083838,2.8283837,2.5183837,1.1383837,-0.7016162,0.24838379,2.098384,-0.63161623
-2.641616,-3.1016161,-3.5516162,-3.6816163,-3.7616162,-3.3116162,-3.891616,-4.691616,-5.271616,-3.5716162,-2.5316162,-3.0316162,-4.441616,-4.711616,-4.1216164,-3.151616,-1.9816163,-2.1116161,-0.8316162,-4.8316164,-4.151616,0.6683838,1.4783838,1.5683838,2.9283838,2.4483838,2.6983838,2.0283837,2.8183837,3.1383839,3.618384,3.3383837,3.4783838,2.7383838,3.0483837,3.598384,3.108384,1.7983838,2.1983838,1.0483838,0.03838379
-3.651616,-3.6716163,-4.4716163,-4.3516164,-4.8116164,-4.6816163,-4.5416164,-3.8116162,-3.5916162,-3.2016163,-1.4316162,-1.8416162,-2.6816163,-3.401616,-4.6016164,-3.6116161,-1.7416162,-2.4216163,-2.6116161,-0.9716162,-0.9716162,-2.8616161,0.5783838,1.6283838,-0.07161621,1.6683838,2.9383838,3.4883838,3.5283837,3.7783837,3.2883837,3.4683838,3.6883838,3.5283837,3.4683838,3.0883837,3.0383837,2.7683837,2.5583837,2.5283837,2.0083838
-2.4216163,-4.1416163,-6.011616,-4.361616,-4.8116164,-4.4916162,-4.8516164,-4.4716163,-5.1816163,-4.0616164,-2.4316163,-1.4616162,-1.5716162,-2.151616,-2.1116161,-3.381616,-2.9416163,-3.891616,-3.6716163,-2.4416163,-1.8616163,-0.8516162,-2.8216162,-2.901616,1.2283838,1.9583838,-1.2516162,2.618384,3.098384,3.5583837,4.218384,5.078384,3.5783837,3.5683837,3.6983838,3.5683837,4.618384,4.468384,3.7883837,4.518384,2.6683838
