wind_kz.json
{"header": {"discipline":0,"disciplineName":"Meteorological products","gribEdition":2,"gribLength":871,"center":7,"centerName":"US National Weather Service - NCEP(WMC)","subcenter":0,"refTime":"2024-03-19T12:00:00.000Z","significanceOfRT":1,"significanceOfRTName":"Start of forecast","productStatus":0,"productStatusName":"Operational products","productType":1,"productTypeName":"Forecast products","productDefinitionTemplate":0,"productDefinitionTemplateName":"Analysis/forecast at horizontal level/layer at a point in time","parameterCategory":0,"parameterCategoryName":"UnknownDiscipline_0_Category_0","parameterNumber":0,"parameterNumberName":"UnknownParameter_D0_C0_0","parameterUnit":"Unknown","genProcessType":2,"genProcessTypeName":"Forecast","forecastTime":60,"surface1Type":1,"surface1TypeName":"Ground or water surface","surface1Value":0.0,"surface2Type":255,"surface2TypeName":"Missing","surface2Value":0.0,"gridDefinitionTemplate":0,"gridDefinitionTemplateName":"Latitude_Longitude","numberPoints":615,"shape":6,"shapeName":"Earth spherical with radius of 6,371,229.0 m","gridUnits":"degrees","resolution":48,"winds":"true","scanMode":64,"nx":41,"ny":15,"basicAngle":0,"lo1":47.0,"la1":41.0,"lo2":87.0,"la2":55.0,"dx":1.0,"dy":1.0}, "data":
[rows 0 to 14 of 15, columns 0 to 40 of 41]
280.3294,271.7294,273.8294,280.1294,280.7294,281.8294,280.6294,280.8294,276.5294,278.0294,278.0294,278.7294,280.5294,281.1294,281.3294,281.0294,281.5294,281.3294,283.0294,281.7294,282.3294,282.2294,283.42938,279.7294,280.5294,283.42938,279.42938,267.7294,262.2294,262.6294,264.7294,265.1294,274.92938,283.2294,283.8294,283.7294,284.3294,284.0294,283.6294,283.0294,283.0294
261.42938,273.42938,280.3294,280.3294,280.3294,280.92938,276.42938,279.6294,278.3294,278.3294,277.8294,278.0294,277.7294,278.3294,279.42938,280.0294,281.0294,280.92938,280.7294,281.5294,282.0294,279.3294,279.92938,274.6294,265.2294,268.7294,273.1294,266.7294,267.3294,259.42938,267.0294,255.2294,266.3294,254.82939,263.92938,279.8294,279.0294,280.0294,282.1294,276.6294,273.1294
275.3294,278.2294,280.1294,280.2294,279.92938,276.0294,277.2294,278.6294,278.7294,277.6294,279.92938,277.2294,277.2294,277.1294,278.3294,279.6294,279.3294,278.6294,279.0294,279.42938,280.5294,281.1294,281.5294,276.5294,281.42938,280.6294,280.8294,281.1294,280.2294,271.42938,259.6294,265.2294,269.5294,270.7294,268.5294,271.5294,267.3294,267.92938,270.8294,267.6294,265.6294
274.8294,277.8294,278.7294,279.3294,278.1294,275.6294,278.1294,278.42938,276.92938,280.0294,276.1294,274.92938,282.6294,283.2294,277.1294,276.42938,275.6294,277.8294,277.6294,277.7294,277.8294,273.8294,280.0294,280.1294,281.8294,280.3294,280.0294,279.1294,279.1294,280.5294,280.42938,277.8294,279.2294,279.7294,278.2294,274.1294,268.5294,263.42938,270.3294,273.5294,276.92938
274.7294,277.0294,276.92938,277.2294,275.8294,276.5294,278.2294,279.1294,278.6294,277.0294,276.5294,275.42938,280.8294,280.7294,279.6294,274.42938,273.8294,275.8294,276.3294,277.1294,277.6294,277.42938,277.2294,278.1294,278.2294,278.5294,278.7294,277.2294,279.1294,280.7294,280.8294,280.1294,271.3294,264.0294,270.5294,274.0294,275.0294,276.7294,276.5294,276.2294,274.5294
274.8294,274.7294,276.3294,274.42938,271.1294,272.3294,278.0294,278.5294,276.1294,275.8294,274.8294,273.5294,279.0294,280.42938,271.0294,272.5294,272.8294,272.3294,273.6294,275.5294,275.0294,276.42938,277.42938,276.0294,276.2294,273.7294,273.2294,273.1294,276.5294,276.1294,277.6294,276.92938,276.8294,276.92938,276.0294,275.7294,272.0294,271.42938,272.2294,276.0294,273.1294
273.7294,274.3294,277.3294,277.42938,275.5294,277.6294,277.2294,275.42938,274.6294,273.2294,271.8294,271.8294,271.3294,271.2294,271.42938,272.1294,271.6294,272.0294,272.2294,272.0294,270.92938,272.5294,273.1294,273.0294,271.6294,271.0294,270.42938,271.3294,272.3294,273.1294,273.2294,273.2294,272.7294,275.7294,273.1294,272.6294,269.8294,267.8294,258.42938,260.92938,272.6294
273.5294,274.1294,274.0294,275.42938,275.8294,275.1294,274.0294,273.0294,272.0294,271.6294,270.8294,270.92938,270.2294,270.7294,270.6294,271.3294,271.0294,271.2294,270.8294,270.1294,267.5294,268.6294,268.2294,271.0294,271.0294,268.0294,267.42938,268.42938,267.2294,268.42938,267.1294,266.8294,267.6294,265.7294,265.42938,262.8294,260.6294,264.1294,270.3294,269.92938,270.5294
272.3294,272.1294,272.7294,273.42938,273.5294,272.42938,272.2294,271.42938,270.8294,266.5294,264.3294,261.5294,260.1294,265.2294,265.0294,269.2294,270.0294,269.7294,264.8294,264.42938,264.7294,263.8294,264.0294,263.0294,261.42938,262.7294,262.5294,264.42938,261.92938,263.42938,261.6294,259.42938,268.3294,267.8294,265.0294,259.1294,261.6294,263.42938,251.9294,256.2294,251.1294
271.3294,271.5294,271.6294,271.42938,271.92938,268.0294,267.92938,267.0294,265.92938,263.5294,261.8294,263.3294,259.3294,261.0294,261.3294,262.42938,263.1294,264.6294,263.3294,261.92938,260.92938,260.42938,260.7294,262.2294,262.7294,262.6294,264.92938,261.1294,260.2294,257.3294,260.1294,268.2294,268.5294,266.5294,260.6294,256.8294,265.42938,257.8294,255.82939,259.2294,253.32939
268.7294,268.42938,268.92938,266.1294,267.42938,265.3294,262.6294,262.5294,263.6294,261.1294,259.3294,266.42938,258.1294,265.3294,267.1294,265.2294,261.3294,260.0294,259.7294,259.6294,257.3294,257.8294,259.92938,258.5294,258.2294,257.42938,259.1294,268.2294,267.0294,268.7294,266.1294,261.0294,267.2294,265.42938,260.5294,258.5294,256.7294,262.0294,263.3294,262.7294,259.2294
265.7294,262.6294,262.3294,261.5294,261.1294,260.6294,260.2294,259.42938,258.0294,268.5294,267.92938,257.7294,253.1294,254.7294,262.2294,266.2294,266.3294,265.2294,266.6294,266.1294,266.1294,259.5294,258.1294,256.3294,257.2294,258.5294,260.6294,268.2294,266.5294,265.7294,260.5294,258.2294,263.42938,259.0294,262.42938,260.7294,266.1294,268.1294,265.42938,265.2294,266.1294
269.2294,269.6294,269.0294,263.1294,265.92938,269.1294,259.0294,258.42938,260.92938,267.5294,263.1294,268.2294,255.52939,258.42938,255.52939,252.6294,254.1294,259.42938,255.52939,258.92938,259.92938,258.92938,259.7294,257.8294,259.2294,258.5294,260.8294,259.6294,259.2294,259.2294,258.42938,258.3294,258.0294,255.6294,257.2294,258.2294,259.2294,262.2294,262.42938,263.0294,263.6294
270.42938,269.8294,270.3294,269.8294,270.0294,269.8294,269.1294,268.42938,267.7294,265.3294,267.42938,265.6294,264.8294,254.6294,255.2294,255.32939,256.1294,256.5294,255.4294,259.8294,259.92938,260.1294,260.7294,260.42938,260.2294,257.92938,257.5294,260.0294,259.42938,259.92938,259.8294,259.92938,259.7294,259.6294,261.42938,259.8294,261.8294,262.1294,260.8294,260.7294,264.0294
271.7294,270.7294,270.2294,269.8294,269.92938,269.6294,269.7294,269.8294,269.5294,271.0294,268.2294,270.5294,267.6294,267.8294,266.6294,263.2294,263.42938,263.92938,261.3294,262.6294,262.7294,262.6294,260.42938,267.1294,264.42938,260.5294,260.1294,259.3294,267.5294,267.6294,267.2294,264.8294,264.42938,264.2294,264.8294,264.7294,264.5294,263.42938,263.42938,263.1294,263.1294
