wind_kz.json
{"header": {"discipline":0,"disciplineName":"Meteorological products","gribEdition":2,"gribLength":1025,"center":7,"centerName":"US National Weather Service - NCEP(WMC)","subcenter":0,"refTime":"2023-09-29T18:00:00.000Z","significanceOfRT":1,"significanceOfRTName":"Start of forecast","productStatus":0,"productStatusName":"Operational products","productType":1,"productTypeName":"Forecast products","productDefinitionTemplate":0,"productDefinitionTemplateName":"Analysis/forecast at horizontal level/layer at a point in time","parameterCategory":2,"parameterCategoryName":"UnknownDiscipline_0_Category_2","parameterNumber":3,"parameterNumberName":"UnknownParameter_D0_C2_3","parameterUnit":"Unknown","genProcessType":2,"genProcessTypeName":"Forecast","forecastTime":300,"surface1Type":103,"surface1TypeName":"Specified height level above ground","surface1Value":10.0,"surface2Type":255,"surface2TypeName":"Missing","surface2Value":0.0,"gridDefinitionTemplate":0,"gridDefinitionTemplateName":"Latitude_Longitude","numberPoints":615,"shape":6,"shapeName":"Earth spherical with radius of 6,371,229.0 m","gridUnits":"degrees","resolution":48,"winds":"true","scanMode":64,"nx":41,"ny":15,"basicAngle":0,"lo1":47.0,"la1":41.0,"lo2":87.0,"la2":55.0,"dx":1.0,"dy":1.0}, "data":
[rows 0 to 14 of 15, columns 0 to 40 of 41]
-1.2020336,1.5079663,-0.2620337,-2.4620337,-3.0020337,-0.7920337,1.3679663,3.0179663,2.3779664,0.4579663,-0.9620337,-0.6320337,-0.8920337,-1.4620337,-2.4520338,-2.8720336,-3.4920337,-0.3820337,-0.9620337,-1.0320337,-0.34203368,-0.6820337,0.1679663,1.0079663,1.8679663,0.57796633,0.5979663,-0.3820337,1.3279663,5.637966,1.8879663,1.7879663,-0.7120337,0.4779663,0.46796632,0.1679663,0.8379663,0.9779663,0.9579663,0.3879663,-1.0720336
2.6379664,0.1379663,-0.9920337,-1.5320337,-2.0420337,1.0079663,2.3079662,3.9379663,1.9379663,0.27796632,-0.23203368,-1.6620337,-1.8920337,-2.7620337,-2.5420337,-2.0320337,0.1979663,-0.5920337,-0.1720337,-2.4020338,-2.2820337,-1.3620337,1.2179663,-0.55203366,1.9279664,2.5979662,2.5179663,0.9779663,1.9579663,2.2979662,0.3579663,3.3079662,1.7079663,0.9279663,1.9479663,2.6979663,1.7279663,2.4379663,1.5979663,1.5579664,0.3979663
0.9979663,1.1879663,-0.34203368,-1.4020337,0.49796632,2.8679664,2.7979662,1.2079663,1.8179663,0.15796632,-1.7820337,-2.1620338,-3.3620336,-2.8020337,-1.9620337,-2.1220336,0.12796631,1.9979663,-2.5320337,-1.8720337,0.14796631,-1.2420337,-1.9020337,-0.34203368,-1.3020337,-1.7620337,-1.0520337,-1.0720336,-0.6920337,-1.1320337,2.0779662,1.4479663,1.6779664,1.7579663,0.7579663,-1.4420336,2.4579663,2.4179664,-0.09203369,2.1379664,1.6579663
0.7979663,0.6679663,0.4479663,0.4779663,3.6179664,4.0679665,3.1379664,1.9779663,1.5179663,0.8379663,-0.6020337,-3.6620338,-4.2920337,-3.5620337,-1.9320337,-0.9620337,-0.92203367,-2.4920337,-2.4920337,-0.9520337,1.8579663,-1.9720337,2.6979663,0.22796631,-0.98203367,-1.9720337,-2.5920336,-0.7920337,-1.0020337,-1.7520337,-1.7220337,0.17796631,1.0579664,-0.18203369,0.057966307,0.5579663,1.2979664,2.1479664,-1.3220336,-1.8520337,-0.8120337
0.7979663,-0.4820337,-0.9320337,2.7879663,2.9879663,3.5079663,2.4179664,2.5779662,2.3279662,0.69796634,-0.5120337,-2.4920337,-3.3720336,-3.3920336,-2.4720337,-1.1520337,-0.8320337,-0.9020337,-1.1520337,-0.3620337,1.5279663,2.4979663,1.2279663,0.2579663,-0.7620337,-1.8620337,-3.3120337,-1.9820337,-2.4420338,-3.8420336,-4.5020337,-2.3420336,-1.0920337,0.2879663,0.51796633,0.4179663,3.3379662,-0.6020337,-1.9920337,-1.4220337,0.76796633
0.5379663,-1.1320337,0.8979663,3.9679663,4.1479664,3.4979663,3.0779662,2.7679663,1.8279663,1.3879663,0.11796631,-0.5820337,-2.2420337,-3.0620337,-2.4420338,-1.4620337,-0.61203367,-0.44203368,-0.24203369,0.7979663,0.4779663,0.6079663,1.0479664,0.4279663,-0.21203369,-0.67203367,-1.8320336,-4.1820335,-2.4320338,-3.0920336,-4.0820336,-4.632034,-3.8520336,-5.592034,-2.0720336,8.997967,-1.1120337,5.4879665,0.037966307,-0.3520337,0.6679663
1.5579664,1.4079663,2.7279663,4.2779665,4.5179663,3.9179664,3.5079663,3.0979662,2.2579663,1.5179663,0.6279663,-0.3020337,-0.9120337,-2.4920337,-2.1020336,-1.2920337,-0.5620337,0.30796632,1.0279663,1.0079663,0.22796631,0.4879663,0.5079663,1.0779663,1.2079663,0.4779663,-0.8420337,-1.3020337,-2.5720336,-2.3720336,-2.9620337,-4.1620336,-2.7820337,-1.1120337,0.5979663,1.0879663,2.2379663,-2.9120338,-0.12203369,1.1179663,-0.7420337
3.5079663,3.0279663,4.177966,4.7579665,4.7479663,4.1679664,4.3579664,3.7579663,2.8479662,2.4179664,1.7979664,1.0579664,-0.80203366,-0.5920337,-1.6120337,-0.5920337,-0.2020337,0.40796632,0.8579663,2.0779662,0.8679663,0.4279663,-0.2220337,0.27796632,0.9079663,1.2979664,0.9979663,-0.012033692,-1.5020337,-2.3320336,-2.8120337,-2.4520338,-2.7320337,-4.7920337,-1.9320337,-0.23203368,-1.7520337,-0.4920337,-0.5420337,0.57796633,1.4479663
4.9179664,4.347966,4.7679663,5.867966,5.467966,4.9379663,4.717966,3.9179664,3.5479662,3.2379663,2.4379663,1.7579663,0.7579663,-0.4220337,-0.2220337,-0.7720337,0.2679663,0.8079663,1.4779663,0.7779663,2.7779663,1.3779663,1.1079663,1.1579663,0.76796633,0.17796631,0.40796632,-0.032033693,-0.7220337,-0.9020337,-1.8120337,-2.6620338,-1.4920337,-1.4120337,-0.09203369,0.9379663,1.0279663,-3.3620336,-1.5020337,-2.1520338,-1.2720337
5.907966,5.2979665,5.427966,6.217966,6.0479665,5.427966,5.0279665,4.5479665,4.3779664,3.6579664,3.1779664,2.9179664,2.4279664,1.4779663,1.0179663,0.3679663,0.4779663,0.4879663,0.8479663,1.0779663,1.4479663,2.1779664,1.7679663,1.3579663,1.4279664,1.1179663,0.7279663,0.69796634,0.5879663,0.33796632,-0.09203369,-0.34203368,-0.61203367,-0.23203368,1.0379663,1.3579663,0.8779663,1.3279663,0.20796631,-0.7020337,-0.9420337
6.4779663,6.327966,6.3179665,5.7679663,5.717966,6.5379663,6.0879664,5.0079665,4.6079664,4.0679665,3.4279664,2.1779664,2.9979663,2.6479664,2.2779663,1.8379663,1.6779664,1.3279663,1.4979663,1.6779664,1.6879663,1.8179663,1.8079664,1.2079663,1.1379663,1.0779663,0.8479663,1.0779663,0.88796633,-0.09203369,-0.3520337,-0.4620337,0.4579663,1.6879663,2.6479664,4.1479664,1.9779663,1.6479663,2.0079663,1.7779663,0.57796633
5.5279665,6.2479663,6.447966,7.0379663,6.887966,6.3979664,5.7479663,5.0279665,3.9479663,3.8179662,2.4579663,2.1279664,2.7479663,2.6179664,2.1779664,2.4479663,2.3479662,2.3579664,2.3879664,2.2579663,2.1679664,1.8979663,1.2579663,1.3479663,1.2879663,1.2079663,1.6279663,0.46796632,0.057966307,0.007966309,0.10796631,0.4279663,0.7479663,1.5279663,1.8779663,3.8479662,3.9479663,2.5679662,0.7779663,1.7779663,0.9079663
6.217966,6.3379664,7.137966,6.7579665,6.7679663,5.1079664,6.1279664,6.097966,6.447966,3.7479663,1.8779663,2.1779664,2.6279664,2.5279663,2.3779664,2.2879663,2.6279664,2.8379662,3.6379664,2.9679663,3.2179663,2.6979663,1.7579663,1.0579664,0.7079663,0.9779663,0.10796631,0.49796632,0.6679663,0.4879663,0.6679663,0.8679663,0.6779663,0.9879663,1.5479664,1.7279663,1.8879663,1.7079663,2.3479662,2.1379664,2.7179663
7.1279664,6.9779663,7.657966,6.6879663,7.2779665,7.0479665,6.6679664,6.347966,5.2479663,6.0379663,2.7779663,1.1279663,1.1679664,1.9679663,1.6179663,2.4679663,2.4579663,2.9279664,3.4279664,3.1379664,3.1579664,2.8579664,1.9179664,1.3879663,1.1679664,0.7779663,0.9179663,0.9079663,0.5279663,0.43796632,0.4879663,0.5979663,0.9279663,0.8979663,0.2179663,0.7179663,0.82796633,0.7479663,1.0479664,1.3479663,1.9579663
5.2379665,7.1079664,8.137966,6.4979663,7.307966,6.7579665,7.057966,6.6679664,6.0079665,5.5679665,3.4679663,2.9579663,2.3279662,1.2479663,2.0679662,1.8079664,2.4079664,2.3779664,2.9779663,2.5179663,2.4379663,2.2479663,1.9679663,1.5179663,1.1179663,0.8079663,0.6579663,0.4879663,0.4879663,0.3479663,0.12796631,0.51796633,-0.12203369,-0.4820337,-0.5720337,-0.8320337,-0.24203369,0.3579663,-0.4520337,-0.012033692,-0.022033691
