wind_kz.json
{"header": {"discipline":0,"disciplineName":"Meteorological products","gribEdition":2,"gribLength":1025,"center":7,"centerName":"US National Weather Service - NCEP(WMC)","subcenter":0,"refTime":"2023-09-08T00:00:00.000Z","significanceOfRT":1,"significanceOfRTName":"Start of forecast","productStatus":0,"productStatusName":"Operational products","productType":1,"productTypeName":"Forecast products","productDefinitionTemplate":0,"productDefinitionTemplateName":"Analysis/forecast at horizontal level/layer at a point in time","parameterCategory":2,"parameterCategoryName":"UnknownDiscipline_0_Category_2","parameterNumber":3,"parameterNumberName":"UnknownParameter_D0_C2_3","parameterUnit":"Unknown","genProcessType":2,"genProcessTypeName":"Forecast","forecastTime":300,"surface1Type":103,"surface1TypeName":"Specified height level above ground","surface1Value":10.0,"surface2Type":255,"surface2TypeName":"Missing","surface2Value":0.0,"gridDefinitionTemplate":0,"gridDefinitionTemplateName":"Latitude_Longitude","numberPoints":615,"shape":6,"shapeName":"Earth spherical with radius of 6,371,229.0 m","gridUnits":"degrees","resolution":48,"winds":"true","scanMode":64,"nx":41,"ny":15,"basicAngle":0,"lo1":47.0,"la1":41.0,"lo2":87.0,"la2":55.0,"dx":1.0,"dy":1.0}, "data":
[rows 0 to 14 of 15, columns 0 to 40 of 41]
2.0431135,2.0631135,-1.6768866,1.0831134,2.1831133,3.0731134,3.2731135,4.063113,2.5231135,1.6731133,-0.026886597,-0.7168866,-1.4468865,-2.1468866,-2.6468866,-4.2468867,-4.5468864,-3.9268866,-5.0668864,-4.8268867,-2.4868865,-3.0468867,-3.0368867,0.9131134,2.9531133,1.8731134,2.3731134,-0.6268866,-1.7668866,4.3031135,1.6931134,2.3831134,-0.0968866,0.3431134,-2.8068867,-0.8868866,-1.0268866,-1.7468866,-1.9368865,0.8431134,0.3431134
0.0931134,-2.4968865,1.9531134,1.2931134,-1.6268866,-5.3768864,3.3031135,3.6931133,2.8131135,1.3031135,1.3031135,-0.6968866,-2.0968866,-2.7668867,-4.2368865,-3.6868865,-3.6068866,-4.0368867,-3.9568865,-4.1568866,-2.8668866,-0.5968866,-2.1768866,-2.7268865,2.8331134,1.6531134,1.3331134,0.9731134,-2.2068865,-1.9768866,-1.0568866,0.1231134,-1.9968866,-1.6468866,2.5731134,5.333113,4.0731134,3.6431134,2.9031134,2.0531135,-1.2568866
-2.3468866,3.6531134,4.3931136,2.0331135,-0.036886595,2.1831133,2.7231133,2.6031134,2.9931135,1.4931134,-0.3868866,-1.6268866,-1.5168866,-1.4968866,-2.7368865,-3.0368867,-4.3768864,-6.1368866,-5.646887,0.1631134,-4.4268866,-5.396887,-2.8068867,-0.9368866,-3.1168866,-2.1268866,-1.8268867,-2.8768866,-0.7868866,-2.4868865,-0.23688659,-0.026886597,-2.2168865,1.2431134,1.4031134,-0.8668866,-0.6968866,-1.2068866,-1.7468866,-0.9268866,-1.8768866
1.3231134,4.3831134,5.6231136,4.6631136,1.3431134,3.1431134,3.6431134,2.4731133,1.9631134,1.4831134,0.7231134,-1.9068866,-3.8968866,-5.8468866,-4.456887,-3.1068866,-3.6568866,-4.7168865,-6.206887,-5.4468865,-4.1568866,-2.1968865,-0.4868866,-1.5068866,-2.8068867,-3.7268865,-4.4068866,-4.206887,-1.9868866,-2.4268866,2.1831133,0.6131134,-0.2868866,-0.1968866,-0.12688659,1.1231134,0.8131134,-0.076886594,-0.5368866,-0.9068866,-2.5868866
3.4631133,3.4631133,4.4931135,1.2931134,1.5031134,3.9431133,2.0331135,0.013113404,0.1831134,1.0631135,2.1331134,0.6831134,-1.6068866,-4.0868864,-5.2668867,-3.2568865,-3.1768866,-3.5868866,-2.9468865,-2.5168867,-1.9768866,-0.91688657,-0.8068866,-0.7368866,-1.0668865,-2.2468865,-2.8768866,-6.2568865,-2.1268866,-2.8468866,-3.2968867,-3.6668866,-1.5668865,1.2331134,0.44311342,1.6231134,0.5731134,0.8631134,1.8731134,0.6631134,-1.3268867
4.9431133,4.6831136,2.1131134,1.6531134,0.8031134,0.3531134,2.8531134,1.7231134,1.5431134,1.2031134,1.6731133,1.7031134,1.7931134,-0.3668866,-4.9468865,-2.2768867,-1.4768866,-0.7568866,-1.4368865,-1.0168866,-1.4068866,-2.5768867,-1.2268866,-0.7368866,-0.5668866,-0.4468866,-0.11688659,-3.5168867,-1.9868866,-1.8268867,-3.1268866,-4.396887,-3.2468865,-2.5968866,-1.0268866,-1.0568866,-1.6368866,-2.0568867,-0.6268866,3.3831134,1.2331134
6.3231134,6.4631133,5.5331135,5.7131133,4.6331134,4.9731135,3.1631134,2.3331134,2.5631135,2.4931135,2.1331134,1.7231134,1.0231134,0.2131134,-1.0168866,-1.8368866,-1.2268866,0.5031134,0.3931134,-0.8368866,-0.9468866,-1.4268866,-2.0668867,-1.7468866,-0.6568866,-1.1768866,-0.7968866,-1.6868865,1.1731133,0.7031134,-0.4668866,0.7431134,-1.9068866,0.3031134,0.6931134,0.8231134,1.4331135,0.4331134,-1.2668866,2.1731133,-5.6068864
0.5931134,3.1831133,5.2431135,4.9231133,4.8031135,3.4631133,3.4131134,3.2731135,2.8431134,2.9331133,2.7331133,1.9931134,2.0431135,1.2231134,0.4531134,-0.5568866,-1.2668866,-0.5368866,-0.27688658,0.5931134,0.6831134,-0.8068866,-0.9868866,-1.4668866,-1.4268866,-1.5768867,-1.1668866,-0.6368866,-0.5968866,0.1631134,0.4831134,0.5231134,0.06311341,1.4031134,-1.2068866,-0.8368866,-0.33688658,-0.1668866,0.1231134,0.23311341,0.1631134
2.9131134,3.9931135,3.4331133,3.4031134,3.1731133,2.6531134,2.5731134,2.5931134,2.4431133,2.5131135,2.2331133,2.1131134,1.5631135,2.1631134,2.1031134,2.0131135,1.1131134,0.1431134,0.0031134032,-0.5168866,-0.0868866,0.8631134,0.7231134,0.3231134,0.103113405,-0.2568866,-0.7468866,-1.1868865,-1.5468866,-2.1368866,-0.9468866,1.1831135,0.0031134032,-0.3268866,-1.4368865,-1.2468866,1.2631134,-1.2268866,-2.3568866,-1.8268867,0.6431134
2.8231134,3.3631134,3.1331134,3.7731135,3.5231135,2.8131135,2.8631134,2.6331134,2.4931135,2.4631133,2.5831134,2.3731134,2.2131133,1.7931134,1.9631134,2.1531134,2.2631135,1.9831134,1.9431134,1.5131134,1.1431134,0.2231134,-0.1868866,0.3331134,0.7931134,0.3431134,0.2431134,0.41311342,0.2631134,-0.046886597,-0.15688659,-0.7668866,0.5331134,0.8231134,1.1431134,1.0431134,-0.1668866,0.9031134,1.2931134,3.2431135,2.5731134
2.7131133,3.2931135,3.8731134,3.0231135,2.8031135,3.4031134,2.4831133,2.7531135,2.1831133,2.5331135,2.0231135,1.8131135,1.8731134,1.7131134,1.3831134,2.0331135,2.1831133,2.4531133,2.7631135,2.7531135,2.2431135,1.9231133,1.2231134,1.1131134,1.7431134,1.8031135,1.4031134,1.4831134,1.4031134,1.0731134,0.4831134,0.8031134,1.4331135,2.8031135,2.8831134,3.2831135,2.9131134,2.4931135,3.5331135,0.8131134,0.6731134
4.2331133,2.6331134,3.0031135,3.2331133,3.3031135,3.4731133,3.1531134,2.9631133,3.0731134,2.9031134,1.8431134,1.7931134,2.3331134,2.4031134,2.4631133,2.3231134,2.2331133,2.2131133,2.2031133,2.2931135,2.4031134,2.6331134,2.4331133,2.1931133,2.4331133,2.2631135,2.2031133,1.8531134,1.2131134,1.0131134,1.4631134,2.1131134,2.4731133,2.9731133,3.1331134,5.083113,5.043113,5.293113,1.9531134,0.23311341,0.6431134
0.6931134,1.6431134,3.3031135,3.1431134,2.5831134,2.9031134,2.8731134,2.9831133,3.5831134,2.9131134,1.9431134,2.5631135,3.4031134,3.0931134,3.3431134,3.8331134,3.7631135,3.8631134,3.8331134,3.9231133,4.1231136,4.2531133,3.9231133,3.9631133,3.6131134,3.3731134,3.0131135,2.3931134,2.1731133,2.2131133,2.3531134,3.1231134,3.2331133,4.2531133,3.8931134,4.5131135,4.8631134,3.6231134,4.9831133,4.7031136,3.1031134
0.1431134,0.6731134,0.7431134,1.9931134,1.5931134,2.0431135,3.4431133,2.8731134,3.4831133,3.4531133,2.9131134,2.4231133,3.2831135,4.1231136,4.1131134,4.0531135,4.043113,4.0731134,3.9631133,4.3431134,4.2831135,4.6531134,4.793113,4.2031136,3.6831133,3.3131135,2.9531133,3.0131135,2.8931134,3.1431134,3.5531135,3.8631134,4.083113,4.1531134,3.5731134,4.4431133,4.4031134,4.4131136,4.563113,4.7731133,5.6731133
-6.5768867,-9.286886,-9.426887,-7.2768865,-3.4368865,-0.8368866,-0.7768866,0.6431134,1.5631135,2.7731135,3.4331133,4.7531133,3.1331134,2.4431133,3.4631133,4.293113,4.7631135,4.3931136,4.8931136,4.7031136,4.5731134,4.5731134,4.6731133,4.9331136,4.853113,4.3631134,4.043113,3.2431135,2.7831135,2.7531135,3.0931134,4.3431134,3.7031133,4.4031134,4.0731134,3.9531133,3.8731134,4.5231133,4.3831134,5.1931133,4.0931134
