wind_kz.json
{"header": {"discipline":0,"disciplineName":"Meteorological products","gribEdition":2,"gribLength":871,"center":7,"centerName":"US National Weather Service - NCEP(WMC)","subcenter":0,"refTime":"2023-09-09T18:00:00.000Z","significanceOfRT":1,"significanceOfRTName":"Start of forecast","productStatus":0,"productStatusName":"Operational products","productType":1,"productTypeName":"Forecast products","productDefinitionTemplate":0,"productDefinitionTemplateName":"Analysis/forecast at horizontal level/layer at a point in time","parameterCategory":0,"parameterCategoryName":"UnknownDiscipline_0_Category_0","parameterNumber":0,"parameterNumberName":"UnknownParameter_D0_C0_0","parameterUnit":"Unknown","genProcessType":2,"genProcessTypeName":"Forecast","forecastTime":0,"surface1Type":1,"surface1TypeName":"Ground or water surface","surface1Value":0.0,"surface2Type":255,"surface2TypeName":"Missing","surface2Value":0.0,"gridDefinitionTemplate":0,"gridDefinitionTemplateName":"Latitude_Longitude","numberPoints":615,"shape":6,"shapeName":"Earth spherical with radius of 6,371,229.0 m","gridUnits":"degrees","resolution":48,"winds":"true","scanMode":64,"nx":41,"ny":15,"basicAngle":0,"lo1":47.0,"la1":41.0,"lo2":87.0,"la2":55.0,"dx":1.0,"dy":1.0}, "data":
[rows 0 to 14 of 15, columns 0 to 40 of 41]
290.48358,284.7836,288.2836,298.1836,298.0836,296.7836,296.0836,295.2836,293.5836,295.0836,294.2836,297.1836,295.3836,295.48358,294.8836,293.7836,294.3836,295.0836,294.48358,295.5836,297.5836,294.1836,293.7836,292.3836,293.6836,294.8836,291.0836,277.8836,276.5836,276.7836,275.8836,277.6836,290.1836,295.98358,297.7836,296.5836,296.0836,296.48358,295.48358,296.6836,296.5836
272.5836,287.5836,297.5836,297.7836,297.48358,295.6836,292.48358,292.6836,291.5836,291.0836,291.8836,290.8836,291.1836,290.6836,292.5836,294.3836,292.0836,292.1836,291.3836,291.48358,292.5836,294.5836,294.0836,286.7836,275.3836,277.0836,284.1836,277.7836,278.0836,273.1836,280.1836,269.98358,280.6836,260.98358,277.6836,294.5836,292.7836,295.3836,297.8836,290.5836,284.0836
288.0836,297.2836,298.0836,297.5836,295.1836,291.48358,289.5836,289.0836,289.7836,289.5836,290.3836,291.48358,290.2836,290.2836,291.7836,290.3836,290.8836,288.6836,289.48358,290.7836,292.5836,293.1836,293.0836,288.48358,291.48358,290.7836,292.98358,291.8836,290.1836,282.6836,273.5836,275.3836,280.6836,280.1836,284.98358,283.0836,278.48358,279.48358,280.3836,274.98358,273.3836
289.7836,296.6836,297.5836,296.5836,293.0836,289.1836,289.0836,288.98358,287.2836,291.2836,291.48358,291.2836,293.98358,293.1836,289.98358,290.3836,291.3836,293.0836,292.3836,292.3836,292.1836,288.6836,293.6836,292.7836,293.8836,294.8836,295.5836,292.7836,292.1836,292.5836,292.5836,290.5836,294.6836,291.1836,293.2836,287.5836,279.98358,275.3836,280.0836,287.6836,292.6836
293.48358,294.6836,295.98358,294.48358,293.48358,291.5836,292.3836,291.3836,289.6836,290.8836,289.8836,289.5836,293.2836,291.8836,290.0836,290.0836,289.0836,289.48358,289.5836,292.5836,293.48358,294.2836,290.98358,293.5836,292.98358,293.2836,293.48358,293.5836,291.0836,293.5836,294.8836,291.98358,280.48358,273.6836,284.6836,295.0836,293.8836,295.3836,295.5836,295.0836,294.5836
287.98358,289.98358,294.0836,293.3836,293.98358,292.7836,291.1836,293.1836,292.2836,291.0836,292.0836,290.1836,292.2836,293.0836,290.1836,286.8836,290.3836,289.3836,291.2836,291.8836,291.7836,292.2836,292.48358,292.5836,291.98358,292.1836,293.5836,291.5836,293.8836,294.98358,293.2836,294.98358,292.98358,290.8836,288.98358,292.0836,284.1836,286.48358,291.2836,293.48358,292.1836
285.98358,287.2836,290.0836,292.0836,291.5836,288.8836,290.1836,289.8836,290.48358,291.8836,289.6836,289.48358,288.1836,288.48358,289.0836,289.1836,288.8836,289.5836,289.0836,288.7836,289.3836,290.8836,291.8836,292.6836,291.7836,292.8836,292.98358,293.2836,292.0836,291.3836,290.7836,291.2836,292.5836,293.48358,293.98358,292.1836,284.98358,280.3836,277.98358,275.5836,286.7836
289.1836,288.7836,289.0836,290.6836,292.6836,292.6836,290.2836,290.98358,288.8836,287.98358,286.5836,286.5836,285.8836,287.2836,288.48358,289.0836,288.0836,288.6836,288.48358,285.8836,286.1836,287.0836,289.0836,290.1836,289.48358,288.6836,288.48358,288.7836,287.0836,289.0836,289.2836,290.98358,289.3836,285.7836,288.98358,286.48358,287.6836,289.2836,285.2836,286.48358,281.0836
286.5836,286.8836,287.3836,284.98358,289.1836,290.1836,289.48358,288.7836,287.6836,286.1836,284.98358,284.2836,284.1836,285.7836,285.48358,286.48358,286.5836,286.5836,286.2836,285.0836,283.3836,284.48358,287.2836,287.8836,287.6836,288.7836,285.98358,286.8836,285.48358,284.98358,286.5836,287.0836,290.2836,291.3836,288.6836,285.2836,284.7836,283.2836,270.0836,272.2836,269.6836
283.7836,283.6836,286.5836,286.0836,287.7836,286.8836,283.5836,285.3836,284.5836,283.8836,282.98358,282.3836,283.3836,283.2836,282.7836,283.5836,284.5836,284.98358,284.8836,284.2836,283.48358,283.48358,286.48358,287.6836,288.0836,288.0836,286.98358,287.5836,286.7836,287.0836,288.5836,288.8836,290.3836,289.8836,288.48358,284.5836,283.3836,277.7836,270.8836,273.3836,271.98358
284.8836,284.2836,282.7836,284.2836,282.6836,283.48358,284.2836,287.0836,284.8836,282.0836,282.5836,281.6836,282.0836,280.98358,281.6836,281.98358,282.2836,284.0836,284.48358,283.48358,283.3836,283.8836,287.2836,286.3836,288.48358,287.98358,285.5836,287.7836,287.3836,290.1836,290.3836,292.0836,290.7836,288.48358,287.2836,284.3836,282.48358,274.6836,273.3836,275.3836,273.0836
282.1836,282.98358,282.6836,282.3836,281.0836,280.3836,278.48358,278.8836,280.48358,280.0836,277.0836,279.0836,280.3836,279.98358,281.48358,282.5836,282.5836,282.7836,283.1836,284.48358,282.3836,282.5836,284.6836,286.8836,286.98358,288.0836,287.6836,288.98358,290.1836,290.7836,290.1836,289.98358,288.1836,285.0836,285.5836,283.48358,283.5836,281.48358,280.7836,279.8836,278.98358
282.2836,282.5836,283.1836,281.8836,282.3836,281.8836,281.5836,281.1836,280.6836,280.48358,278.48358,277.3836,280.2836,280.48358,279.98358,282.5836,281.6836,281.5836,282.3836,281.7836,284.3836,282.3836,284.6836,285.2836,286.1836,289.0836,289.0836,287.7836,289.2836,286.8836,286.5836,285.6836,284.6836,284.2836,283.7836,283.3836,282.5836,283.1836,281.1836,280.0836,280.2836
281.98358,285.0836,286.48358,285.2836,285.1836,283.5836,283.98358,283.6836,283.48358,281.6836,279.3836,281.1836,281.7836,282.98358,283.8836,282.5836,281.7836,281.98358,282.5836,282.48358,283.0836,285.1836,286.5836,286.3836,286.98358,288.1836,287.98358,285.98358,284.98358,284.48358,284.48358,283.7836,283.2836,282.7836,282.3836,283.5836,285.8836,285.1836,284.7836,283.0836,282.48358
285.0836,284.8836,289.2836,285.6836,285.5836,282.5836,283.0836,282.8836,285.0836,286.0836,285.8836,283.6836,282.48358,282.2836,283.2836,283.8836,283.98358,284.48358,285.0836,285.2836,285.7836,286.8836,287.3836,286.2836,284.2836,285.0836,284.6836,283.3836,282.7836,282.7836,283.3836,283.2836,282.2836,285.7836,282.6836,285.1836,285.8836,284.5836,284.7836,284.2836,282.6836
