wind_kz.json
{"header": {"discipline":0,"disciplineName":"Meteorological products","gribEdition":2,"gribLength":948,"center":7,"centerName":"US National Weather Service - NCEP(WMC)","subcenter":0,"refTime":"2023-08-27T00:00:00.000Z","significanceOfRT":1,"significanceOfRTName":"Start of forecast","productStatus":0,"productStatusName":"Operational products","productType":1,"productTypeName":"Forecast products","productDefinitionTemplate":0,"productDefinitionTemplateName":"Analysis/forecast at horizontal level/layer at a point in time","parameterCategory":0,"parameterCategoryName":"UnknownDiscipline_0_Category_0","parameterNumber":0,"parameterNumberName":"UnknownParameter_D0_C0_0","parameterUnit":"Unknown","genProcessType":2,"genProcessTypeName":"Forecast","forecastTime":60,"surface1Type":1,"surface1TypeName":"Ground or water surface","surface1Value":0.0,"surface2Type":255,"surface2TypeName":"Missing","surface2Value":0.0,"gridDefinitionTemplate":0,"gridDefinitionTemplateName":"Latitude_Longitude","numberPoints":615,"shape":6,"shapeName":"Earth spherical with radius of 6,371,229.0 m","gridUnits":"degrees","resolution":48,"winds":"true","scanMode":64,"nx":41,"ny":15,"basicAngle":0,"lo1":47.0,"la1":41.0,"lo2":87.0,"la2":55.0,"dx":1.0,"dy":1.0}, "data":
[rows 0 to 14 of 15, columns 0 to 40 of 41]
302.15973,289.2597,293.7597,299.55972,299.65973,298.95972,308.3597,317.55972,314.3597,315.15973,312.95972,314.55972,314.2597,314.15973,313.7597,313.2597,312.95972,311.55972,313.15973,312.2597,314.05972,309.45972,309.7597,305.45972,304.8597,306.15973,302.2597,290.8597,287.3597,277.2597,275.05972,280.7597,298.65973,307.15973,309.05972,307.55972,306.45972,305.95972,304.45972,304.8597,305.55972
282.95972,293.05972,299.2597,299.45972,299.2597,298.05972,314.3597,313.45972,312.2597,312.3597,313.3597,312.45972,311.05972,310.2597,311.2597,311.7597,311.7597,312.05972,310.8597,311.3597,312.15973,309.65973,306.45972,296.3597,282.2597,282.2597,296.45972,290.15973,292.65973,282.05972,288.2597,274.65973,290.2597,263.45972,285.45972,302.95972,300.3597,300.8597,305.05972,294.2597,284.45972
296.7597,298.55972,299.55972,299.65973,297.8597,309.05972,308.95972,307.55972,307.3597,306.7597,299.45972,301.15973,298.7597,299.7597,307.95972,310.8597,310.05972,309.55972,309.8597,310.45972,311.15973,309.8597,307.65973,300.2597,308.15973,303.55972,303.65973,302.8597,301.2597,291.65973,273.8597,284.15973,291.8597,291.7597,293.55972,292.8597,286.15973,287.2597,286.95972,281.3597,280.15973
305.15973,298.65973,299.2597,298.65973,298.65973,305.7597,304.8597,305.45972,305.2597,304.45972,303.95972,303.3597,295.3597,294.55972,301.7597,298.95972,303.65973,309.95972,309.95972,310.3597,308.2597,303.45972,307.8597,305.65973,308.2597,308.45972,308.55972,303.8597,302.55972,300.95972,301.95972,298.55972,304.45972,304.2597,303.05972,298.3597,288.05972,284.7597,286.2597,294.95972,297.15973
309.65973,298.05972,298.7597,298.3597,301.2597,302.7597,303.45972,304.65973,303.2597,302.15973,302.3597,301.65973,295.15973,293.7597,291.55972,296.55972,295.95972,297.3597,303.55972,307.15973,308.05972,308.15973,308.05972,307.3597,307.7597,307.8597,306.95972,302.05972,305.65973,304.45972,306.95972,303.15973,289.55972,276.05972,290.95972,300.65973,299.8597,305.45972,302.8597,300.95972,301.8597
306.7597,303.7597,296.45972,296.7597,297.8597,297.3597,303.15973,302.8597,300.7597,298.95972,299.65973,299.65973,295.05972,294.45972,297.15973,297.8597,297.8597,298.05972,293.8597,302.8597,302.65973,304.7597,305.2597,304.65973,305.2597,304.55972,303.65973,293.65973,304.95972,305.55972,304.3597,304.65973,303.2597,300.2597,297.15973,298.55972,292.8597,294.95972,301.65973,301.65973,299.65973
305.15973,303.8597,304.55972,304.15973,301.3597,301.3597,300.8597,294.45972,294.7597,295.05972,290.95972,291.3597,295.8597,298.3597,299.8597,300.05972,298.8597,294.3597,296.15973,295.7597,299.15973,303.7597,303.3597,303.05972,302.15973,302.7597,301.7597,302.3597,302.2597,302.45972,303.55972,303.65973,303.95972,303.65973,302.45972,300.2597,294.05972,290.95972,288.2597,286.2597,294.8597
304.15973,303.55972,302.8597,301.7597,301.2597,298.3597,290.8597,289.65973,291.8597,289.55972,286.8597,287.8597,291.45972,289.15973,292.15973,298.2597,295.45972,293.65973,295.05972,288.55972,292.65973,299.95972,301.45972,301.15973,300.05972,297.8597,296.15973,297.65973,297.55972,299.65973,299.7597,301.2597,299.7597,297.8597,298.7597,299.2597,299.95972,290.55972,299.3597,298.8597,293.65973
302.7597,301.95972,301.65973,297.95972,291.3597,292.15973,290.65973,289.7597,287.65973,286.3597,292.3597,289.65973,290.65973,293.3597,290.3597,289.65973,293.3597,290.2597,290.95972,289.8597,289.55972,293.95972,296.95972,298.3597,297.95972,297.7597,294.7597,294.45972,293.2597,292.65973,295.15973,296.3597,298.55972,299.7597,299.15973,296.05972,295.95972,295.45972,286.65973,284.7597,282.95972
302.15973,301.3597,300.55972,295.05972,297.7597,297.3597,295.3597,293.65973,288.05972,287.15973,285.95972,285.8597,289.45972,288.8597,291.7597,288.65973,288.2597,290.95972,291.05972,288.2597,287.65973,291.55972,295.7597,296.45972,298.45972,297.15973,296.45972,295.7597,295.15973,295.3597,294.55972,297.7597,299.8597,300.7597,299.8597,297.65973,293.55972,290.2597,287.7597,284.65973,283.7597
300.05972,299.55972,297.95972,292.2597,293.15973,296.05972,291.45972,290.55972,287.05972,284.3597,281.8597,288.05972,287.05972,287.15973,289.2597,290.05972,286.45972,288.45972,286.05972,288.2597,287.3597,290.95972,292.7597,294.7597,297.2597,296.95972,294.55972,296.7597,297.55972,297.7597,298.3597,298.55972,298.65973,298.2597,298.15973,295.55972,289.8597,288.3597,289.2597,286.65973,282.15973
298.45972,298.45972,297.95972,291.55972,291.2597,289.8597,288.2597,283.65973,282.8597,282.05972,279.95972,285.55972,287.15973,286.2597,286.3597,286.45972,284.45972,282.45972,287.15973,285.95972,285.95972,288.15973,289.65973,292.95972,294.7597,296.3597,296.55972,297.95972,298.45972,297.45972,295.95972,297.05972,297.2597,295.65973,295.7597,295.45972,295.2597,294.3597,291.8597,291.55972,288.65973
293.55972,295.55972,296.65973,291.15973,290.7597,289.7597,287.15973,283.55972,282.45972,281.7597,279.45972,280.15973,285.05972,283.3597,284.55972,281.55972,281.3597,284.15973,285.65973,285.55972,286.3597,289.95972,291.2597,291.8597,293.8597,295.95972,298.15973,297.55972,296.7597,295.55972,297.05972,296.15973,297.15973,297.3597,296.2597,293.7597,294.05972,294.7597,292.7597,291.05972,289.45972
294.55972,295.05972,293.15973,292.05972,290.2597,288.05972,288.8597,282.95972,282.65973,283.15973,280.15973,278.3597,281.3597,282.7597,282.45972,282.95972,284.65973,284.7597,285.15973,285.55972,287.05972,291.15973,292.55972,291.55972,293.7597,295.8597,295.65973,295.95972,296.05972,295.65973,295.15973,293.95972,295.15973,294.95972,294.8597,295.05972,294.45972,291.7597,292.95972,289.05972,290.55972
291.65973,295.2597,290.8597,294.15973,289.45972,288.45972,290.55972,286.15973,282.55972,282.95972,283.15973,282.2597,281.45972,283.05972,283.7597,284.7597,284.7597,284.65973,285.3597,285.55972,286.05972,287.2597,288.2597,290.2597,293.7597,294.7597,293.95972,294.45972,293.8597,295.15973,290.8597,290.15973,293.3597,293.8597,292.45972,293.3597,295.3597,289.95972,290.65973,291.45972,288.8597
