wind_kz.json
{"header": {"discipline":0,"disciplineName":"Meteorological products","gribEdition":2,"gribLength":1025,"center":7,"centerName":"US National Weather Service - NCEP(WMC)","subcenter":0,"refTime":"2023-08-18T06:00:00.000Z","significanceOfRT":1,"significanceOfRTName":"Start of forecast","productStatus":0,"productStatusName":"Operational products","productType":1,"productTypeName":"Forecast products","productDefinitionTemplate":0,"productDefinitionTemplateName":"Analysis/forecast at horizontal level/layer at a point in time","parameterCategory":2,"parameterCategoryName":"UnknownDiscipline_0_Category_2","parameterNumber":3,"parameterNumberName":"UnknownParameter_D0_C2_3","parameterUnit":"Unknown","genProcessType":2,"genProcessTypeName":"Forecast","forecastTime":60,"surface1Type":103,"surface1TypeName":"Specified height level above ground","surface1Value":10.0,"surface2Type":255,"surface2TypeName":"Missing","surface2Value":0.0,"gridDefinitionTemplate":0,"gridDefinitionTemplateName":"Latitude_Longitude","numberPoints":615,"shape":6,"shapeName":"Earth spherical with radius of 6,371,229.0 m","gridUnits":"degrees","resolution":48,"winds":"true","scanMode":64,"nx":41,"ny":15,"basicAngle":0,"lo1":47.0,"la1":41.0,"lo2":87.0,"la2":55.0,"dx":1.0,"dy":1.0}, "data":
[rows 0 to 14 of 15, columns 0 to 40 of 41]
2.4371045,0.9071045,1.1071045,-2.3928955,-1.6328955,-0.03289551,0.8771045,0.5471045,-1.4628955,-1.4228956,2.6371045,2.6171045,1.1671045,-1.9728955,-7.4228954,-4.7428956,-0.09289551,0.6971045,-1.7228955,-2.5228956,-4.1828957,-5.2628956,-3.8428955,-0.4728955,-2.4528954,0.1971045,-0.9628955,1.4271045,2.1771045,3.6371045,0.23710449,-2.6328955,-1.5428956,-1.9528955,0.077104494,-1.3828955,1.3071045,1.1171045,0.047104493,-0.4828955,1.1671045
2.8471045,1.8071045,-1.3628955,-4.0128956,-5.7428956,-3.8628955,-2.8828955,-0.042895507,-3.4628954,-3.2328956,-5.8528957,3.9871044,2.1871045,3.2471044,-7.3628955,-2.0828955,-4.0528955,1.4271045,-1.5128955,-2.8128955,-4.4828954,-4.0328956,-3.0328956,1.4971045,1.8271044,0.6771045,-3.7028954,-0.3828955,-0.4128955,0.3071045,2.2171044,4.3571043,0.2871045,0.80710447,-2.3628955,-1.9628955,-1.8828955,-2.5828955,-1.0528955,-1.8528955,0.9471045
1.9471045,2.5671046,-2.4228954,-4.6628957,-6.0328956,-5.3528957,1.1671045,-1.2028955,0.4571045,2.9371045,-0.6028955,-4.3328953,-6.3428955,1.5471045,-1.2828956,-4.6228957,-0.5128955,-1.4728955,-1.7828956,-3.1128955,-4.1228957,-4.1028957,-4.2028956,-2.2828956,-1.5928955,-0.6528955,-0.8028955,0.1971045,-0.12289551,1.4271045,3.3771045,0.5071045,1.6671045,-1.1528955,-0.24289551,3.4971044,2.1171045,-0.05289551,-0.6128955,0.3171045,1.2071044
2.0571046,1.8971045,-0.4728955,-3.3328955,-5.6028957,-6.0628953,-6.4128957,3.9171045,2.1171045,-1.1028955,1.1371045,4.9571047,-3.7728956,-0.36289552,3.3871045,1.7271045,-0.9728955,-0.7228955,-1.8728955,-2.8528955,-3.0628955,-2.1728954,-0.4028955,-1.8528955,-0.9328955,-2.9028955,-3.9028955,-3.2028954,-0.8928955,-1.7528955,-3.6928954,-3.0528955,-2.2828956,1.4271045,0.99710447,-2.7628956,-0.4028955,3.1771045,0.5871045,0.9471045,1.5671045
3.0371046,1.3471045,-0.7928955,-2.4928956,-3.0128956,-3.1728954,-5.4528956,-1.1528955,1.0071045,2.5271044,1.2971045,-2.5928955,-1.1728956,0.1871045,1.7571045,-0.13289551,2.5871046,1.1771045,-0.3428955,-1.8928955,-3.4228954,-2.1228955,-2.1828954,-0.11289551,-0.5428955,-1.4828955,-2.4228954,-2.9728956,-1.9228956,-1.6928955,-2.2228956,0.1371045,2.3171046,3.7171044,-0.9728955,-1.6328955,-1.6628956,0.7671045,1.2471045,0.8771045,-1.2328955
4.2971044,2.3771045,0.2571045,-2.9328954,-3.7828956,-5.4828954,-5.5428953,-4.4928956,-4.4628954,2.8371046,3.2171044,0.15710449,-2.3828955,-2.2728956,0.8571045,3.3571045,1.8171045,1.8171045,1.9071045,-0.6628955,0.8871045,-0.7228955,0.1671045,-1.2428955,1.2271045,1.7771045,1.1171045,-0.8928955,0.3471045,0.027104491,-1.8528955,-2.7728956,-2.7828956,0.6271045,2.6871045,1.4971045,2.3971045,-0.3828955,0.047104493,0.9271045,-1.1328955
4.2271047,3.5371046,4.0271044,1.2171044,-1.0328956,-4.1828957,-0.9728955,-3.1428955,-4.6628957,-2.3828955,0.7071045,1.1971045,-0.1428955,1.2571045,-1.4428955,-3.4828956,3.4571044,2.2471044,0.17710449,-2.3828955,1.2771045,2.2971046,1.7171044,0.7771045,1.9671044,0.9471045,3.8371046,2.2871046,1.3971045,0.6371045,-0.5928955,-0.12289551,-2.6628954,-3.1528955,-2.1328955,-1.3428955,-3.2828956,-1.6828955,0.6271045,0.3071045,0.2571045
0.22710449,-2.7428956,-0.8428955,1.4271045,-2.7628956,-0.9028955,-0.5828955,-5.0428953,-6.1228957,-3.9428954,-3.1928954,-3.3328955,1.9371045,2.9871044,-0.1728955,2.5271044,2.4871044,2.6771045,-1.2628955,0.08710449,-0.9128955,0.4671045,-1.0828955,2.7871046,-0.042895507,0.9471045,1.3571045,-1.7428955,-2.5028956,-0.3528955,1.9371045,0.4671045,-0.6028955,-2.1128955,-0.9728955,-1.4728955,0.047104493,0.35710448,1.4071045,0.6371045,-1.0628955
-4.0728955,-4.6928954,-4.2128954,-3.6128955,-1.3028955,-0.7928955,-1.8728955,0.3371045,-2.7328956,-3.3728955,-4.3328953,-2.9928956,-2.1528955,-4.8228955,0.74710447,-0.8728955,-0.0028955077,-1.1628956,-3.0428956,-2.0628955,-0.50289553,-2.4328954,-4.7628956,-3.2428956,-1.3428955,-0.6828955,-0.1428955,-1.9128956,-1.9428955,-2.9028955,0.14710449,2.4971044,2.9371045,2.3471045,2.0071044,-0.1928955,-3.1328955,0.017104492,0.107104495,-0.39289552,-1.0828955
-3.9328954,-3.4128954,-3.4728956,-3.5628955,-3.0328956,-4.3328953,-4.9028955,-5.2128954,-6.4328957,-3.9228954,-3.6028955,-4.6728954,-3.9728956,-0.8828955,0.027104491,-1.5328956,-2.4728956,-4.8328953,-2.9828956,0.15710449,0.4071045,-0.1928955,-1.3728955,-0.39289552,-0.24289551,1.0471045,-0.1428955,-0.6828955,-0.5528955,-2.0928955,-5.0228953,-0.06289551,4.0871043,2.5371046,2.4071045,1.5271045,0.3471045,-3.2428956,-0.7028955,1.3671045,0.9571045
-1.4428955,-2.3628955,-3.9028955,-3.1528955,-1.9128956,-3.0728955,-2.4628954,-3.6528955,-3.3428955,-3.9028955,-2.8328955,-2.4228954,0.5171045,-1.4028955,-3.3828955,-1.2428955,-0.9128955,-6.1328955,-1.5028955,-2.5528955,-1.8128955,0.6771045,-0.1928955,-0.42289552,-1.3328955,-1.4528955,-1.2328955,-1.1728956,0.8771045,-2.8428955,-2.6928954,-5.8528957,-4.4028955,-0.7428955,0.1971045,0.9571045,0.6571045,1.7971045,0.68710446,0.7671045,0.05710449
-2.7128954,-1.3328955,-1.4528955,-3.5228956,-1.2428955,-1.4928955,-1.3828955,-2.2928956,-3.0428956,-3.3628955,-2.6528955,-2.4228954,-2.7728956,-3.5928955,-4.2428956,-2.8928955,-0.7328955,-2.1728954,-1.4228956,-0.4828955,-0.2028955,-0.6628955,-0.23289551,-1.5428956,-1.6428955,-2.7728956,-3.1528955,-4.7228956,-2.9328954,-2.7628956,0.15710449,-2.0828955,-2.9028955,-4.0428953,-1.8328955,-2.0328956,-0.8628955,2.0871046,2.2271044,2.6071045,1.7071044
-2.3128955,0.12710449,-2.6328955,-3.1228955,-2.8228955,-0.8528955,-1.5628955,-2.6328955,-3.2728956,-1.5528955,-1.3228955,-0.2028955,-0.09289551,-0.8428955,-2.0828955,-2.3328955,-1.9128956,-1.4528955,-2.1828954,-1.8228955,-0.2228955,1.1771045,1.1571045,1.2171044,0.41710448,0.32710448,-1.5728955,-1.9828955,-2.7428956,-3.0728955,-3.0928955,-2.8128955,-2.9328954,-2.2028954,-2.5928955,-2.5028956,-2.5828955,-1.3028955,-0.8728955,-0.9328955,0.5171045
-1.3428955,-1.4728955,-0.7428955,-2.9528954,-4.1728954,0.3171045,-0.6628955,-2.2228956,-2.0828955,-2.2928956,0.12710449,-0.4328955,0.41710448,0.6471045,-0.1928955,-1.3328955,-1.9428955,-2.3528955,-1.4528955,-1.6328955,-1.1928955,0.107104495,1.8971045,2.2871046,-0.7028955,-1.5828955,-0.1728955,0.4871045,-0.2228955,-1.0828955,-1.8628955,-2.1528955,-2.2628956,-2.3428955,-2.2228956,-2.7928956,-2.3728955,-1.2128955,-1.2828956,0.1671045,0.4371045
-1.6428955,-0.4828955,-1.8328955,-2.2128954,-1.7628955,-2.0428956,-1.5128955,-1.5228955,-2.4728956,-2.3628955,-2.0628955,-1.1828955,1.1071045,0.9271045,1.0871044,-1.5028955,-1.6928955,-0.4628955,-0.03289551,0.2671045,-1.8028955,-2.2628956,-0.8528955,0.2571045,-0.6028955,-0.7928955,0.4671045,0.17710449,-0.022895508,-0.8628955,-2.7028954,-1.5828955,-1.2928956,-2.7328956,-2.6128955,-3.1028955,-2.6128955,-2.1828954,-0.9828955,-0.6828955,0.7171045
