wind_kz.json
{"header": {"discipline":0,"disciplineName":"Meteorological products","gribEdition":2,"gribLength":1025,"center":7,"centerName":"US National Weather Service - NCEP(WMC)","subcenter":0,"refTime":"2023-10-03T12:00:00.000Z","significanceOfRT":1,"significanceOfRTName":"Start of forecast","productStatus":0,"productStatusName":"Operational products","productType":1,"productTypeName":"Forecast products","productDefinitionTemplate":0,"productDefinitionTemplateName":"Analysis/forecast at horizontal level/layer at a point in time","parameterCategory":2,"parameterCategoryName":"UnknownDiscipline_0_Category_2","parameterNumber":2,"parameterNumberName":"UnknownParameter_D0_C2_2","parameterUnit":"Unknown","genProcessType":2,"genProcessTypeName":"Forecast","forecastTime":120,"surface1Type":103,"surface1TypeName":"Specified height level above ground","surface1Value":10.0,"surface2Type":255,"surface2TypeName":"Missing","surface2Value":0.0,"gridDefinitionTemplate":0,"gridDefinitionTemplateName":"Latitude_Longitude","numberPoints":615,"shape":6,"shapeName":"Earth spherical with radius of 6,371,229.0 m","gridUnits":"degrees","resolution":48,"winds":"true","scanMode":64,"nx":41,"ny":15,"basicAngle":0,"lo1":47.0,"la1":41.0,"lo2":87.0,"la2":55.0,"dx":1.0,"dy":1.0}, "data":
[rows 0 to 14 of 15, columns 0 to 40 of 41]
2.1678905,1.9878906,0.5878906,-6.6421094,-1.9721093,-0.4321094,3.4578905,1.3078907,3.2578907,3.0578907,2.5678906,2.5878906,3.9278905,5.1078906,5.8778906,2.9678907,6.5278907,0.6478906,2.9378905,0.6078906,-1.7521094,-0.022109374,1.7578906,2.8678906,2.0478907,2.4778907,2.7678907,2.3878906,0.99789065,0.62789065,-1.6721094,1.6478906,0.16789062,-0.6521094,-1.9921094,-1.6021094,0.057890624,-3.8521094,-0.7221094,-0.92210937,2.6578906
2.4878907,-4.6821094,-6.2021093,-6.1421094,-2.8721094,0.16789062,1.1778907,2.0978906,3.8478906,3.4578905,3.6578906,2.6578906,3.9178905,3.2578907,1.2978907,0.7378906,2.7278907,0.56789064,-0.012109375,-0.44210938,-0.35210937,0.037890624,0.63789064,0.93789065,1.4078907,0.4778906,0.56789064,1.2378906,0.26789063,1.3878906,-0.20210938,0.047890626,-1.5521094,-1.6121094,0.46789062,-1.0921093,-0.8321094,-0.93210936,0.5278906,-1.3221093,0.99789065
-4.3321095,-6.2221093,-3.1621094,-1.1121094,0.19789062,3.8478906,2.3778906,2.8278906,4.2278905,3.4778907,3.5578907,2.7878907,3.5778906,0.50789064,-1.0421094,-1.3621094,-2.3721094,0.49789062,-0.38210937,1.1778907,0.5878906,2.5978906,3.4778907,3.3878906,-0.39210936,-0.122109376,0.14789063,1.3878906,3.4278905,-0.67210937,0.49789062,-1.8721094,0.9278906,-0.15210937,-1.7621094,-1.6621094,0.68789065,0.5878906,-0.022109374,-1.0321094,-1.1321094
-4.7421093,-2.9121094,1.4378906,3.3578906,3.9978907,6.2178907,5.3578906,5.1078906,5.5078907,5.0878906,5.1078906,3.9878907,-2.2321093,-1.8521094,2.1278906,0.5378906,-0.022109374,1.8378906,0.7178906,1.9278907,1.3078907,2.5078907,1.7978907,-0.45210937,-1.0721093,-0.19210938,2.0578907,-4.7721095,-4.2421093,-1.4621093,1.1178906,2.2278907,0.68789065,1.5178906,2.3378906,0.43789062,-0.2721094,1.5978906,-0.86210936,-2.4221094,-2.5821095
4.4978905,3.3978906,5.177891,5.7778907,7.117891,8.517891,8.137891,6.8278904,6.4178905,5.9578905,7.0178905,6.4378905,-0.7021094,1.5078906,1.8878906,3.0678906,1.7278906,1.2978907,0.81789064,-0.08210938,1.2278906,1.5278907,1.8478906,1.7578906,1.6178906,1.2278906,0.36789063,0.6678906,-2.2321093,-1.6721094,-1.4821094,-2.0421095,-1.7621094,-1.3321093,-1.4821094,-2.3021095,-0.31210938,-3.5821095,-2.3621094,-2.4021094,-1.8321093
9.23789,8.267891,6.097891,7.907891,8.77789,8.897891,8.137891,8.477891,7.4378905,7.0678906,6.907891,6.9878907,1.6278906,1.4878906,3.6378906,3.8878906,2.2378907,0.9678906,1.3278906,0.35789064,0.007890625,0.027890624,1.2578906,1.9478906,2.1078906,2.3378906,3.0678906,-0.92210937,0.8578906,1.3878906,-0.052109376,-0.81210935,-0.31210938,-2.4021094,0.22789063,-0.6321094,0.13789062,-2.4221094,-2.4821093,-2.3221095,-1.6321094
10.927891,8.257891,8.11789,9.107891,7.2978907,7.3578906,8.57789,8.36789,8.81789,6.887891,6.7678905,6.8278904,7.4778905,6.5078907,4.4478908,5.7978907,3.1478906,2.6978905,2.2278907,1.6778907,1.8378906,1.7278906,1.8578906,1.5878906,2.0278907,2.4978907,3.2378907,3.5078907,3.1978905,3.7878907,3.9578905,3.6678905,1.6978906,0.23789063,1.9878906,0.76789063,0.69789064,1.1378906,0.13789062,1.1678907,-1.1221094
8.11789,7.8978906,9.257891,8.137891,7.4578905,8.06789,6.4578905,7.8578906,6.3178906,6.3978906,6.5378904,7.0878906,6.5778904,7.5178905,4.6978908,5.177891,4.4678907,4.0178905,3.3178906,3.6478906,3.6178906,2.6278906,2.4578905,1.7678906,1.7778907,1.9278907,2.5678906,2.0978906,2.9778907,3.4578905,3.7978907,3.8378906,3.4678907,0.8478906,2.2878907,-3.4821093,-2.8521094,-4.7121096,-4.2121096,-4.2521095,-2.6321094
7.7478905,8.087891,6.4478908,6.7878904,7.4478908,6.6478906,6.2978907,6.5778904,5.8178906,5.867891,6.5378904,6.5078907,7.0278907,6.2678905,6.847891,3.9078906,5.0678906,4.5578904,4.5378904,4.5578904,4.2578907,3.8978906,3.1478906,1.8178906,2.2778907,1.9178907,1.8978906,1.4778906,1.0278907,0.93789065,1.4778906,2.5278907,3.1578906,1.9478906,2.6978905,-2.3521094,-1.1421094,-1.4021094,-0.62210935,-0.15210937,-0.122109376
7.7478905,7.1978908,7.0378904,6.7278905,6.4578905,6.387891,5.4378905,5.4878907,7.5678906,6.1278906,6.3278904,6.5278907,6.0278907,5.8378906,5.847891,5.9678907,3.8478906,5.0178905,4.3378906,4.4978905,5.2278905,4.3378906,3.9878907,2.5078907,2.1778905,2.6678905,2.1578906,2.1278906,2.1278906,2.2778907,2.0178907,1.7578906,1.8278906,1.6278906,0.6678906,-0.37210938,-2.5621095,-0.98210937,-1.9821094,1.0978906,0.6478906
6.6278906,8.07789,6.4678907,6.137891,4.9478908,4.6078906,5.1478906,6.137891,7.1978908,6.0578904,5.6078906,5.887891,4.9578905,5.2778907,5.407891,4.7978907,5.597891,4.3178906,4.6278906,4.427891,4.5178905,4.0878906,3.6478906,3.1078906,2.7778907,2.4678907,3.5078907,3.9678907,3.0478907,2.4978907,2.2878907,3.7678907,3.5678906,2.8278906,3.3778906,-1.0521094,-1.6321094,0.017890625,0.037890624,0.76789063,-0.5921094
5.3978906,6.347891,6.427891,5.9878907,4.4878907,4.117891,4.6878905,5.4578905,6.0278907,5.2678905,3.8678906,5.887891,4.4978905,4.7078905,4.2278905,4.7778907,4.3078904,4.9178905,4.4378905,3.4578905,4.3578906,3.8878906,2.9978907,4.3578906,2.9778907,3.3678906,3.9078906,3.4178905,3.1178906,2.1678905,3.3678906,2.5678906,2.2478907,2.8578906,1.7078906,1.9678906,-1.3621094,-0.28210938,-1.1921093,-0.50210935,-0.94210935
4.2578907,5.1278906,5.0478907,5.2078905,4.0178905,2.5878906,3.2078905,3.8778906,5.7878904,2.7178907,3.1878905,4.5778904,3.1278906,4.4678907,3.7078905,3.3578906,3.7178907,3.9378905,3.8978906,4.387891,4.0778904,3.6078906,3.1278906,4.2178907,4.597891,3.9878907,4.5378904,3.7678907,1.8278906,2.7478907,3.3078907,2.7378907,1.9978906,-0.16210938,2.3778906,1.2578906,-2.2721093,-1.3221093,-3.7821093,-1.7821094,0.5878906
-2.2721093,-2.6221094,2.4378905,2.1778905,1.3678906,0.57789063,0.8678906,1.8478906,2.7478907,2.1078906,1.3478906,0.27789062,2.6878905,3.8978906,4.4478908,4.137891,5.6978908,4.677891,3.8378906,3.6178906,4.347891,4.7278905,3.7178907,4.1878905,4.5178905,3.9778907,4.2978907,3.5878906,1.7478906,2.0878906,3.0278907,1.7578906,2.0878906,1.3778906,1.8878906,-1.9821094,-1.3621094,-0.18210937,-1.0221094,-0.4621094,1.4078907
-3.6021094,-4.6421094,-7.3721094,-5.3521094,-4.9321094,-3.3821094,-2.3521094,-0.7621094,-0.6521094,-1.7121093,-1.1521094,0.41789064,0.057890624,1.0778906,3.1778905,2.8378906,4.097891,4.4878907,4.3578906,3.7178907,4.5878906,4.8578906,4.1978908,4.2378907,2.9078906,2.9278905,3.8978906,3.1778905,2.6178906,1.9678906,2.3978906,1.9478906,1.1778907,1.0278907,0.8378906,0.9878906,0.29789063,0.82789063,1.6978906,1.1678907,-0.7821094
