wind_kz.json
{"header": {"discipline":0,"disciplineName":"Meteorological products","gribEdition":2,"gribLength":871,"center":7,"centerName":"US National Weather Service - NCEP(WMC)","subcenter":0,"refTime":"2023-09-10T18:00:00.000Z","significanceOfRT":1,"significanceOfRTName":"Start of forecast","productStatus":0,"productStatusName":"Operational products","productType":1,"productTypeName":"Forecast products","productDefinitionTemplate":0,"productDefinitionTemplateName":"Analysis/forecast at horizontal level/layer at a point in time","parameterCategory":0,"parameterCategoryName":"UnknownDiscipline_0_Category_0","parameterNumber":0,"parameterNumberName":"UnknownParameter_D0_C0_0","parameterUnit":"Unknown","genProcessType":2,"genProcessTypeName":"Forecast","forecastTime":240,"surface1Type":1,"surface1TypeName":"Ground or water surface","surface1Value":0.0,"surface2Type":255,"surface2TypeName":"Missing","surface2Value":0.0,"gridDefinitionTemplate":0,"gridDefinitionTemplateName":"Latitude_Longitude","numberPoints":615,"shape":6,"shapeName":"Earth spherical with radius of 6,371,229.0 m","gridUnits":"degrees","resolution":48,"winds":"true","scanMode":64,"nx":41,"ny":15,"basicAngle":0,"lo1":47.0,"la1":41.0,"lo2":87.0,"la2":55.0,"dx":1.0,"dy":1.0}, "data":
[rows 0 to 14 of 15, columns 0 to 40 of 41]
290.47324,281.87323,285.77325,296.67325,296.47324,295.67325,293.97324,293.67325,292.47324,293.97324,292.77325,294.27325,294.57324,296.27325,294.47324,290.87323,290.77325,291.17325,290.57324,290.67325,292.87323,290.07324,289.27325,286.27325,289.57324,290.97324,288.17325,276.37323,274.37323,274.27325,273.67325,275.77325,283.37323,289.17325,288.37323,287.27325,285.77325,285.77325,286.87323,287.27325,288.87323
270.67325,285.77325,295.97324,296.17325,296.07324,294.37323,292.67325,291.27325,291.87323,293.37323,295.17325,292.97324,293.27325,293.17325,293.77325,292.47324,291.67325,290.97324,290.27325,289.87323,292.77325,290.77325,288.57324,281.97324,273.87323,273.27325,280.67325,274.17325,274.97324,268.97324,276.27325,268.17325,277.87323,262.77325,271.77325,287.17325,284.47324,285.57324,287.27325,281.27325,283.87323
287.07324,295.37323,296.27325,296.17325,294.07324,294.07324,292.27325,293.27325,292.77325,292.27325,291.77325,291.27325,288.57324,290.37323,292.77325,290.17325,288.67325,288.07324,287.97324,288.97324,291.97324,288.27325,289.07324,285.37323,286.87323,286.97324,287.47324,287.27325,285.77325,278.37323,268.97324,271.97324,278.27325,277.87323,279.67325,279.87323,271.07324,272.57324,273.37323,270.37323,269.47324
288.87323,294.47324,295.47324,294.77325,292.87323,294.57324,294.07324,292.17325,292.57324,292.27325,290.87323,289.77325,292.47324,291.77325,289.57324,290.07324,289.97324,288.17325,288.07324,288.27325,287.67325,284.97324,290.07324,290.57324,291.07324,291.37323,291.27325,289.07324,288.07324,287.87323,287.87323,286.27325,291.07324,288.67325,286.27325,283.47324,269.67325,266.27325,274.67325,283.07324,287.07324
292.87323,292.47324,293.67325,292.27325,291.77325,294.07324,294.27325,295.47324,293.17325,292.17325,291.87323,290.97324,291.47324,290.27325,288.67325,290.07324,290.77325,290.17325,285.67325,290.57324,290.37323,290.67325,289.47324,289.47324,289.57324,290.17325,287.27325,288.17325,287.27325,288.57324,292.47324,288.37323,276.07324,264.97324,278.37323,286.47324,290.27325,290.57324,290.67325,290.77325,290.17325
291.97324,288.47324,291.77325,291.07324,291.57324,290.57324,292.37323,294.17325,291.77325,291.47324,291.87323,291.87323,291.37323,291.57324,290.67325,289.17325,291.87323,290.87323,292.27325,290.27325,289.37323,289.67325,288.57324,288.07324,287.77325,286.77325,287.17325,289.17325,289.97324,291.57324,289.27325,290.67325,288.57324,284.97324,283.67325,288.37323,279.37323,281.67325,288.27325,288.87323,288.67325
291.97324,289.97324,293.37323,293.57324,291.87323,291.17325,292.57324,292.17325,293.07324,292.97324,290.87323,290.87323,291.17325,291.57324,291.07324,291.37323,291.47324,291.87323,290.57324,289.57324,288.97324,289.07324,289.87323,289.17325,287.87323,287.87323,286.57324,289.27325,288.17325,288.47324,287.57324,287.97324,286.57324,288.07324,286.67325,286.37323,280.57324,277.47324,274.17325,273.07324,285.37323
291.67325,291.67325,293.37323,293.47324,293.97324,292.97324,292.57324,291.27325,290.67325,290.87323,290.17325,289.97324,290.27325,292.57324,293.17325,292.27325,291.97324,292.27325,292.77325,287.47324,289.37323,289.87323,290.77325,287.47324,289.37323,285.07324,284.67325,285.07324,284.97324,286.67325,285.77325,286.67325,285.57324,283.07324,282.77325,283.77325,285.57324,288.27325,285.37323,284.67325,280.87323
290.67325,289.97324,291.77325,289.87323,291.67325,290.07324,289.27325,290.97324,290.37323,289.47324,288.77325,288.57324,288.47324,288.67325,286.97324,287.47324,287.47324,287.47324,287.07324,286.37323,284.57324,285.07324,285.97324,286.07324,285.47324,286.87323,284.37323,281.77325,283.27325,283.07324,280.67325,282.97324,285.67325,286.67325,285.27325,282.57324,280.97324,281.97324,269.57324,269.97324,266.87323
288.77325,291.27325,290.37323,288.57324,287.67325,287.07324,287.67325,285.77325,286.47324,285.07324,285.27325,284.57324,284.97324,284.27325,284.07324,284.07324,284.67325,284.47324,284.57324,284.67325,284.27325,284.37323,284.77325,284.87323,284.17325,284.97324,286.17325,284.87323,283.27325,282.67325,284.27325,284.97324,288.07324,286.47324,286.57324,285.17325,282.47324,276.27325,270.17325,272.97324,270.77325
292.47324,287.37323,286.17325,287.07324,284.67325,285.67325,285.67325,284.97324,284.07324,282.47324,280.97324,281.47324,282.17325,280.97324,280.07324,280.47324,280.87323,281.87323,282.27325,281.97324,282.47324,282.67325,282.77325,283.27325,282.67325,283.47324,282.17325,283.37323,287.27325,286.77325,288.87323,287.07324,287.37323,287.77325,287.17325,285.17325,279.77325,275.57324,274.57324,275.77325,273.37323
284.17325,284.67325,284.17325,283.37323,283.17325,283.37323,283.17325,281.87323,281.47324,280.07324,277.27325,278.37323,279.07324,277.37323,277.37323,277.27325,277.47324,277.37323,277.67325,277.47324,277.47324,277.97324,278.47324,279.37323,279.97324,281.87323,282.07324,283.07324,284.47324,285.37323,287.87323,287.67325,288.37323,284.77325,286.67325,286.67325,285.17325,283.27325,282.27325,281.27325,280.07324
280.77325,281.17325,282.17325,282.17325,281.17325,280.27325,279.17325,278.67325,277.37323,276.07324,274.57324,273.87323,277.17325,275.77325,276.37323,276.77325,276.87323,276.07324,276.67325,275.67325,275.27325,273.97324,274.57324,275.07324,276.97324,278.77325,281.27325,282.17325,283.17325,282.77325,284.57324,285.67325,287.67325,288.07324,286.57324,287.07324,283.57324,283.77325,282.87323,282.07324,280.97324
280.27325,280.87323,282.77325,279.07324,278.27325,277.37323,277.57324,277.07324,276.47324,275.97324,273.87323,272.17325,272.97324,275.07324,275.47324,276.07324,276.07324,275.37323,275.67325,276.07324,276.07324,275.57324,276.07324,276.27325,276.97324,277.67325,278.17325,279.47324,280.37323,281.47324,282.17325,282.97324,284.77325,286.97324,286.87323,284.57324,285.57324,284.47324,283.97324,281.97324,281.17325
276.67325,278.47324,287.17325,277.57324,277.27325,275.97324,276.87323,275.27325,275.87323,275.87323,276.07324,273.37323,272.37323,273.67325,274.27325,274.77325,274.87323,274.77325,276.07324,277.27325,276.77325,276.07324,275.57324,275.47324,275.57324,275.87323,275.97324,276.67325,277.87323,280.07324,280.47324,282.47324,283.37323,284.87323,287.47324,286.17325,285.27325,283.17325,283.97324,282.27325,282.37323
