wind_kz.json
{"header": {"discipline":0,"disciplineName":"Meteorological products","gribEdition":2,"gribLength":1025,"center":7,"centerName":"US National Weather Service - NCEP(WMC)","subcenter":0,"refTime":"2023-08-21T00:00:00.000Z","significanceOfRT":1,"significanceOfRTName":"Start of forecast","productStatus":0,"productStatusName":"Operational products","productType":1,"productTypeName":"Forecast products","productDefinitionTemplate":0,"productDefinitionTemplateName":"Analysis/forecast at horizontal level/layer at a point in time","parameterCategory":2,"parameterCategoryName":"UnknownDiscipline_0_Category_2","parameterNumber":3,"parameterNumberName":"UnknownParameter_D0_C2_3","parameterUnit":"Unknown","genProcessType":2,"genProcessTypeName":"Forecast","forecastTime":0,"surface1Type":103,"surface1TypeName":"Specified height level above ground","surface1Value":10.0,"surface2Type":255,"surface2TypeName":"Missing","surface2Value":0.0,"gridDefinitionTemplate":0,"gridDefinitionTemplateName":"Latitude_Longitude","numberPoints":615,"shape":6,"shapeName":"Earth spherical with radius of 6,371,229.0 m","gridUnits":"degrees","resolution":48,"winds":"true","scanMode":64,"nx":41,"ny":15,"basicAngle":0,"lo1":47.0,"la1":41.0,"lo2":87.0,"la2":55.0,"dx":1.0,"dy":1.0}, "data":
[rows 0 to 14 of 15, columns 0 to 40 of 41]
-0.5159961,-3.385996,1.7740039,-1.065996,-3.215996,-2.0559962,-1.1559961,-0.1759961,1.4140038,0.14400391,1.2740039,-0.015996093,-1.565996,1.1640038,0.22400391,-3.675996,-7.075996,-2.3159962,0.4840039,0.7940039,1.4940039,0.2540039,0.9640039,-0.79599607,-1.1259961,-1.2459961,-1.1159961,1.1140039,0.074003905,2.124004,1.3640039,0.6640039,-0.2759961,-1.3959961,-1.8859961,-0.1859961,0.6240039,1.8340039,0.8840039,-0.98599607,0.4440039
3.3940039,1.8840039,0.37400392,-2.485996,-4.355996,-4.835996,-0.4659961,3.1840038,-0.5659961,1.3740039,-0.19599609,0.2340039,-1.2859961,0.4740039,1.6640038,0.4540039,-6.065996,-1.065996,1.0140039,2.004004,0.46400392,0.43400392,0.5640039,1.3640039,0.9140039,0.4740039,-2.0459962,0.6040039,-0.22599609,0.9140039,2.364004,4.0740037,0.3140039,-1.1459961,-2.225996,-0.9659961,-1.6059961,-3.685996,-1.435996,-1.3559961,0.5640039
2.6940038,0.9140039,-1.5359961,-3.655996,-5.025996,-4.2159963,-4.845996,-1.4259961,-0.1559961,-1.0859962,-1.325996,0.7940039,2.324004,2.6840038,2.2240038,-0.08599609,-2.245996,2.354004,1.0940039,0.9940039,0.9640039,-0.3559961,-2.225996,-1.2359961,0.95400393,0.4240039,-0.015996093,1.5940039,0.06400391,0.9040039,2.374004,0.37400392,1.6540039,-1.185996,-0.11599609,2.244004,3.004004,0.044003908,0.82400393,-0.2359961,0.06400391
-0.105996095,-0.7559961,-2.975996,-4.515996,-3.485996,-4.145996,-4.335996,-5.015996,-1.5059961,-2.655996,-3.915996,-3.5459962,-2.3059962,2.744004,3.984004,0.8040039,-1.935996,0.4540039,0.4540039,-0.4459961,-1.705996,-0.8559961,1.7840039,0.3140039,-0.08599609,-0.7159961,-0.9159961,-1.5959961,1.5840039,-0.6459961,-2.195996,-2.885996,0.4740039,-1.2559961,-0.6159961,-2.875996,-0.40599608,3.4440038,2.314004,1.1540039,0.3140039
-0.8959961,-2.3159962,-4.015996,-4.1959963,-3.515996,-1.9959961,-2.745996,-2.1059961,-3.7759962,-1.7459961,-3.125996,-3.875996,-5.7359962,0.9040039,-2.625996,-0.4959961,-3.8559961,-3.145996,-1.2759961,0.4540039,0.6340039,-0.73599607,0.8840039,0.4440039,0.4540039,-1.205996,-1.315996,-0.2359961,0.3340039,-0.9359961,-1.9859961,-0.035996094,2.074004,3.034004,-1.5459961,-2.0359962,-1.1759961,0.2440039,-3.425996,1.1040039,1.2240039
-1.5959961,-2.2959962,-3.925996,-4.875996,-2.935996,-3.405996,-3.705996,-3.2759962,-1.1659961,-1.185996,-2.165996,-2.6059961,-2.3359962,0.3840039,0.51400393,-0.105996095,0.9440039,-1.575996,-3.5959961,1.044004,0.5040039,2.4040039,2.524004,1.1140039,1.5040039,0.16400391,-1.0059961,0.4540039,-0.67599607,-0.2359961,0.2440039,0.8540039,0.4540039,1.3540039,2.604004,-1.685996,2.6940038,0.12400391,-2.475996,-1.685996,-1.5159961
-0.055996094,-1.3359962,0.1840039,-0.6259961,-1.0959961,-2.3059962,-3.3259962,-4.6759963,-4.075996,-4.145996,-3.6059961,2.354004,1.5140039,2.344004,3.044004,1.3640039,0.3040039,-0.07599609,-4.915996,-2.1059961,-1.9959961,-0.28599608,1.1640038,0.4540039,-1.0259961,-1.7259961,0.3940039,-0.7659961,-1.3759961,-0.9659961,-0.19599609,-1.3559961,-1.2659961,0.0840039,0.12400391,-1.4059961,-3.425996,-2.235996,-1.3659961,-2.195996,-1.695996
-0.21599609,0.4440039,0.6340039,1.564004,0.6240039,-1.0059961,-2.0359962,-2.935996,-3.6059961,-4.1959963,-4.315996,0.9240039,1.0240039,0.57400393,0.5940039,0.6840039,2.484004,-0.015996093,0.6840039,2.244004,-1.185996,-1.9259961,-1.815996,0.8740039,1.5240039,0.9340039,2.1440039,1.0040039,0.4940039,-0.8259961,-0.2659961,-1.6759961,0.8740039,0.0840039,1.0840039,0.6440039,-0.105996095,-0.5959961,0.6740039,0.2440039,-1.435996
-0.6959961,1.7640039,1.2340039,2.9240038,1.924004,0.1540039,-0.92599607,-1.7259961,-3.1059961,-3.385996,-3.945996,-3.685996,-1.6059961,1.4040039,-0.5559961,-1.0459961,-0.8559961,0.1840039,-0.4659961,-1.0559961,0.95400393,-2.235996,-3.515996,-3.3659961,-2.165996,-1.1059961,1.7340039,2.4240038,2.514004,1.554004,0.2340039,-1.2859961,-0.92599607,-1.1759961,0.19400391,0.7740039,-2.0459962,-0.7259961,-2.145996,-1.9759961,-2.165996
-2.455996,-2.0959961,-0.7259961,1.6140039,1.2040039,0.22400391,-0.8459961,-1.6159961,-1.7959961,-1.945996,-2.495996,-3.5259962,-2.965996,-1.6159961,2.744004,1.6940039,2.524004,2.304004,1.814004,0.7340039,0.2040039,-1.4159961,-2.0759962,-1.9759961,-1.1459961,0.3340039,-1.9159961,-1.9659961,-1.4859961,-1.685996,0.6340039,-1.2659961,-0.9759961,-2.245996,-1.5859962,1.174004,0.82400393,-2.3059962,-0.4759961,0.5540039,0.6240039
-1.7759961,0.0840039,2.124004,1.4140038,0.9240039,0.4440039,-0.7759961,-2.0259962,-1.2859961,-2.0759962,-1.0959961,-0.11599609,-0.5759961,3.9040039,3.614004,3.4540038,3.054004,2.504004,2.3840039,2.584004,1.304004,-0.7759961,-0.8859961,-1.205996,-1.3459961,-1.5159961,-1.1459961,-1.5259961,-2.895996,-2.0659962,-1.5059961,-3.5359962,-2.765996,-1.7759961,-1.6059961,0.0840039,0.7540039,2.124004,2.014004,1.9440039,0.51400393
-0.5959961,1.9440039,2.614004,3.2040038,2.814004,-0.11599609,-0.3859961,-0.7459961,-1.4859961,-0.4859961,-1.3559961,-2.375996,-1.0159961,1.294004,1.2340039,1.0740039,1.6440039,0.8440039,2.1640038,2.254004,1.9440039,0.8740039,0.3040039,-0.6359961,-0.8159961,-1.6459961,-1.065996,-1.9159961,-0.16599609,-1.2459961,-2.905996,-3.0859962,-2.5559962,-3.175996,-1.9059961,-2.0659962,-0.6859961,0.2740039,1.0740039,2.514004,1.2740039
0.06400391,0.7440039,2.354004,1.814004,1.184004,0.044003908,-0.6959961,0.2940039,-0.3959961,-1.1359961,-0.7259961,-1.0559961,-1.4859961,-0.6459961,-0.8159961,1.0040039,1.064004,0.9940039,0.8640039,1.314004,1.8240039,1.4440039,1.6440039,0.9240039,0.9940039,-0.19599609,-0.8259961,-1.3759961,-1.6059961,-1.9659961,-2.2959962,-2.625996,-2.725996,-2.265996,-2.0659962,-2.1159961,-1.9759961,-1.3559961,-1.9159961,1.6040039,1.6540039
0.7840039,0.8540039,2.1440039,2.6340039,1.2440039,0.9840039,0.34400392,0.054003906,-0.025996095,-0.8759961,0.9440039,0.3240039,0.5440039,2.004004,1.554004,1.7640039,2.754004,2.6340039,2.094004,2.234004,1.2240039,1.2740039,2.7040038,1.8740039,0.7840039,0.3140039,-0.37599608,-0.8359961,-1.6059961,-1.815996,-2.695996,-2.5859962,-2.645996,-2.5859962,-2.0759962,-2.8559961,-1.6459961,-1.1459961,-0.6859961,0.34400392,0.9140039
-0.035996094,0.8840039,0.2640039,-0.4459961,-0.045996092,0.5940039,1.2240039,0.4740039,-0.065996096,0.3140039,0.9240039,1.3540039,1.6440039,1.0240039,3.114004,3.1540039,2.524004,2.594004,2.374004,2.304004,1.684004,1.5740039,1.4840039,1.3340039,1.0140039,0.6940039,-0.08599609,-0.08599609,-0.2059961,-2.415996,-2.915996,-3.185996,-2.175996,-0.9659961,-0.9759961,-1.2359961,-1.3359962,-0.98599607,-1.1259961,-0.9559961,1.0240039
