wind_kz.json
{"header": {"discipline":0,"disciplineName":"Meteorological products","gribEdition":2,"gribLength":1025,"center":7,"centerName":"US National Weather Service - NCEP(WMC)","subcenter":0,"refTime":"2023-08-19T06:00:00.000Z","significanceOfRT":1,"significanceOfRTName":"Start of forecast","productStatus":0,"productStatusName":"Operational products","productType":1,"productTypeName":"Forecast products","productDefinitionTemplate":0,"productDefinitionTemplateName":"Analysis/forecast at horizontal level/layer at a point in time","parameterCategory":2,"parameterCategoryName":"UnknownDiscipline_0_Category_2","parameterNumber":3,"parameterNumberName":"UnknownParameter_D0_C2_3","parameterUnit":"Unknown","genProcessType":2,"genProcessTypeName":"Forecast","forecastTime":60,"surface1Type":103,"surface1TypeName":"Specified height level above ground","surface1Value":10.0,"surface2Type":255,"surface2TypeName":"Missing","surface2Value":0.0,"gridDefinitionTemplate":0,"gridDefinitionTemplateName":"Latitude_Longitude","numberPoints":615,"shape":6,"shapeName":"Earth spherical with radius of 6,371,229.0 m","gridUnits":"degrees","resolution":48,"winds":"true","scanMode":64,"nx":41,"ny":15,"basicAngle":0,"lo1":47.0,"la1":41.0,"lo2":87.0,"la2":55.0,"dx":1.0,"dy":1.0}, "data":
[rows 0 to 14 of 15, columns 0 to 40 of 41]
2.4955444,-2.4344556,2.4255445,4.985544,2.8455443,-1.2444556,-2.4444556,-3.5844555,0.29554445,-0.25445557,-1.3744556,-2.1044555,-2.6744556,-5.1444554,-6.5544558,-6.1244555,-3.7644556,0.47554442,0.30554444,1.4455445,-2.4244556,-2.0044556,-2.0244555,-0.9744556,-2.3844557,0.68554443,-0.43445557,1.8655444,1.6655444,3.0255444,-0.70445555,0.91554445,0.31554443,-2.0744555,-3.0544555,-4.9444556,-2.8344555,-2.0944555,-0.56445557,-0.35445556,3.2755444
4.5255446,2.2755444,3.3055444,3.8855445,1.7355444,-1.9544556,-3.8144555,1.5155444,2.4955444,0.91554445,-1.4544556,-0.57445556,-2.0544555,-2.8144555,-3.3444555,-2.8544555,-3.7044556,-3.0444555,1.7755444,0.30554444,-3.4544556,-1.7544556,-0.25445557,0.74554443,-1.2644556,-0.51445556,-2.7844555,-0.37445557,-0.054455567,0.5755444,2.8455443,3.8955445,0.8855444,-0.69445556,-1.4144555,-0.6644556,-1.7544556,-3.4244556,-0.6244556,-1.0644555,1.8855444
1.8855444,5.3955445,4.0955443,0.19554444,-1.8444556,-2.6244555,-1.0744556,0.15554443,0.6355444,3.5655444,3.5555444,3.8455443,1.9955444,-2.8444555,-4.6044555,-1.8444556,0.20554443,-5.4744554,0.12554443,0.9555444,-1.3144555,-2.1044555,-4.7044554,-0.5544556,-0.94445556,0.42554444,0.73554444,0.98554444,-0.53445554,1.2555444,3.6055443,0.92554444,2.1255445,-1.4544556,0.30554444,3.6155443,1.4255444,-1.9644556,-0.49445558,1.2755444,0.99554443
1.2455444,2.6955445,1.3655444,-2.3044555,-3.6344557,-3.7944555,1.4755445,-2.2744555,0.53554446,-3.2844555,0.47554442,3.9655445,2.9355445,-2.2144556,-5.1744556,-4.5544558,-0.17445557,-2.7644556,-5.6544557,1.8955444,-1.1744555,0.39554444,0.39554444,-1.8744556,-1.3644556,-2.2844555,-2.5244555,-2.4944556,-0.53445554,-1.4744556,-4.284456,-3.1644557,-2.4044557,-0.39445555,0.86554444,-3.5344555,-1.2044556,1.8055444,0.7055444,1.2855444,-0.034455568
3.2855444,3.7955444,1.1855445,-1.4344555,-2.5544555,-3.1044555,-4.4644556,-2.2044556,-1.8944556,-3.5144556,-4.7044554,0.91554445,3.2555444,-1.5044556,-4.3244557,-2.4644556,-0.35445556,-5.1644554,0.20554443,-2.7144556,-2.3944557,-4.264456,-1.9044555,1.6655444,-0.10445557,-2.3644555,-2.7244556,-1.0944556,-1.1044556,-2.2944555,-2.5644555,-0.96445554,1.4555445,2.6555445,-1.3244556,-1.9544556,-2.8044555,-1.9644556,-4.9344554,0.17554444,-1.7644556
4.8755445,3.4755445,1.7855444,1.3455445,-0.70445555,-0.83445555,-2.5044556,-2.7844555,0.21554443,-0.70445555,-2.8944557,-1.4044555,2.8155444,1.7655444,-0.13445556,-2.5444555,-3.9444556,-4.0744557,-3.4644556,-2.2344556,-1.4144555,-5.9444556,-1.3844556,0.91554445,1.4455445,1.3155445,0.14554444,-0.21445556,-0.49445558,-1.2044556,-0.94445556,-2.6144555,-1.8944556,0.5055444,2.7755444,-0.34445557,1.7555444,0.31554443,-2.5344555,0.32554445,-2.9544556
7.7455444,4.1155443,5.0855446,3.7655444,3.1355445,1.1755444,0.78554446,-1.8144555,-3.5444555,1.2755444,-0.59445554,-3.0844555,-3.8844557,3.7755444,2.5155444,1.8455445,0.8155444,-2.7344556,-5.0244555,0.92554444,4.0455446,-0.70445555,-3.0044556,-0.49445558,1.2555444,4.7955446,1.7955444,2.7855444,0.015544433,-0.89445555,1.5055444,-1.9244555,-2.1744556,-3.1244555,-1.6744555,-2.7144556,-4.3444557,-3.0744555,-2.0244555,-2.6644557,-5.5244555
-5.014456,-2.2544556,-3.4744556,-2.5644555,3.7555444,3.0655444,1.9955444,0.90554446,2.0555444,-1.1944556,0.10554443,-2.2544556,-3.9044557,0.27554443,3.5855443,4.0155444,2.6555445,3.1655445,-1.1944556,-0.88445556,0.42554444,-1.0744556,-3.8544555,1.5455444,0.41554442,0.045544434,-0.77445555,0.7655444,1.5855445,3.3055444,0.30554444,0.36554444,-1.8744556,-2.5944555,0.26554444,-0.34445557,-1.4644556,-3.6044555,1.3655444,0.9555444,-1.1544555
-5.9544554,-1.7744555,-1.1244556,-3.6044555,-4.9944553,-4.4744554,-9.044456,0.5855444,-0.81445557,0.5655444,2.2355444,0.30554444,-1.9744556,-2.7044556,-6.4344554,5.0355444,3.6455445,4.8855443,3.3955445,0.93554443,-2.4144557,-2.4544556,0.045544434,1.6655444,0.91554445,-0.8044556,-0.48445556,-0.9244556,-1.3944556,0.065544434,1.5355444,1.1355444,1.6755444,-0.17445557,0.60554445,0.07554443,-3.4244556,-0.57445556,-2.6044555,-2.0144556,-2.9244556
-4.3044558,-1.5144556,-2.4344556,-1.4344555,-0.20445557,-2.4944556,-4.6044555,-0.69445556,1.7455444,0.055544432,2.0655444,3.3455443,0.61554444,-0.95445555,-3.1244555,-3.7944555,5.0555444,5.2555447,4.6355443,3.4055445,2.7355444,2.1955445,1.8555444,1.3755444,0.6955444,0.65554446,-0.06445557,0.37554443,0.035544433,-0.044455566,1.6855445,0.40554443,-0.88445556,-0.90445554,-0.78445554,-0.52445555,0.15554443,-3.5944555,-0.8544556,0.8155444,0.97554445
-2.6444557,-4.5644555,-3.1044555,-3.7044556,-6.3644557,-7.3644557,-8.764456,-6.6244555,-0.76445556,-1.2444556,2.8255444,4.2055445,3.4255445,2.7255445,-0.8044556,-2.5144556,-2.2844555,-1.5944556,3.2455444,-2.5044556,6.0055447,2.9255445,1.8855444,1.2955444,0.15554443,-0.59445554,0.32554445,2.6255445,1.7855444,1.7155445,1.1255444,0.43554443,-0.6644556,-1.4044555,-0.6644556,-0.44445556,-0.26445556,1.6555444,0.5655444,0.59554446,-0.0044555664
-1.9644556,-3.3144555,-1.7144556,-1.4544556,1.3755444,-0.71445554,-3.6144555,-6.8744555,-5.4144554,-2.1844556,-2.7444556,-2.7644556,0.8255444,3.9155445,2.7255445,0.095544435,-1.6244556,-2.9944556,-2.3644555,3.2955444,2.1055443,2.5455444,0.47554442,3.1455445,3.1955445,2.7755444,0.78554446,4.2555447,4.7655444,1.9455445,0.5755444,0.44554442,-0.22445557,-0.48445556,-0.23445557,-0.9244556,-0.054455567,0.60554445,1.5555444,1.5955445,0.67554444
-0.9744556,-2.3444555,-2.3444555,-1.8844556,-2.4544556,-1.7344556,-2.6244555,-2.1844556,-3.8444555,-3.3844557,-1.5044556,-1.0544555,-4.8144555,-6.2444553,-6.2044554,-2.9444556,-2.1244555,-3.1144555,-2.6644557,-1.5344555,1.7255445,3.2455444,1.1255444,1.4355445,4.2655444,5.1155443,3.8155444,1.7955444,1.1055444,1.2255445,1.6055444,0.49554443,0.71554446,0.71554446,0.42554444,0.035544433,-0.9344556,-0.34445557,-0.56445557,-0.07445557,0.08554444
-2.1044555,-1.4244555,-3.4244556,-1.8944556,-2.0644555,-1.1644555,-0.9944556,-1.0544555,-1.8844556,-2.7244556,-1.2344556,-0.40445557,0.8255444,0.93554443,-2.0144556,-2.5744555,-3.2244556,-4.1544557,-3.4644556,-5.7444553,2.1555445,1.8255445,5.7055445,4.0755444,2.9355445,5.3055444,3.9055445,2.7755444,1.7855444,0.99554443,0.42554444,0.68554443,1.7655444,1.9755445,0.65554446,-0.15445557,-1.4444556,-0.31445557,-0.5544556,-0.38445556,-0.8544556
-2.0644555,-2.8244555,-1.5444555,-1.8244556,-1.5344555,0.37554443,1.2155445,0.86554444,0.85554445,-0.51445556,-0.77445555,-1.1044556,-0.84445554,-0.69445556,-1.9444556,-1.6444556,-1.7844555,-1.4944556,-2.0444555,-2.7544556,-4.9944553,1.0955445,4.235544,3.4155445,5.0055447,3.9955444,3.9555445,3.9155445,2.7055445,1.8255445,1.3255445,1.9955444,1.4455445,1.4355445,-0.0044555664,0.5655444,-1.7344556,-0.38445556,-1.0444555,-0.8644556,-0.21445556
