wind_kz.json
{"header": {"discipline":0,"disciplineName":"Meteorological products","gribEdition":2,"gribLength":1102,"center":7,"centerName":"US National Weather Service - NCEP(WMC)","subcenter":0,"refTime":"2023-09-07T18:00:00.000Z","significanceOfRT":1,"significanceOfRTName":"Start of forecast","productStatus":0,"productStatusName":"Operational products","productType":1,"productTypeName":"Forecast products","productDefinitionTemplate":0,"productDefinitionTemplateName":"Analysis/forecast at horizontal level/layer at a point in time","parameterCategory":2,"parameterCategoryName":"UnknownDiscipline_0_Category_2","parameterNumber":2,"parameterNumberName":"UnknownParameter_D0_C2_2","parameterUnit":"Unknown","genProcessType":2,"genProcessTypeName":"Forecast","forecastTime":300,"surface1Type":103,"surface1TypeName":"Specified height level above ground","surface1Value":10.0,"surface2Type":255,"surface2TypeName":"Missing","surface2Value":0.0,"gridDefinitionTemplate":0,"gridDefinitionTemplateName":"Latitude_Longitude","numberPoints":615,"shape":6,"shapeName":"Earth spherical with radius of 6,371,229.0 m","gridUnits":"degrees","resolution":48,"winds":"true","scanMode":64,"nx":41,"ny":15,"basicAngle":0,"lo1":47.0,"la1":41.0,"lo2":87.0,"la2":55.0,"dx":1.0,"dy":1.0}, "data":
[rows 0 to 14 of 15, columns 0 to 40 of 41]
1.9462085,2.0862086,-1.4537915,0.9762085,-5.5137916,-6.9137917,-5.2437916,-8.753792,-11.803791,-8.773791,-8.523791,-7.8037915,-6.7037916,-5.4537916,-4.2737913,-3.0137916,-2.0437915,-0.8337915,-1.0037915,0.7962085,2.4362085,2.8662086,2.5562086,2.7062085,0.4362085,1.3762085,3.8262086,5.7162085,2.1462085,1.5962085,1.4262085,1.2462085,0.13620849,-2.6037915,-4.9137917,-2.8537915,-0.7437915,-1.8537915,-3.0737915,-2.7437916,-3.0237916
1.5162085,-2.6737914,-0.4437915,-7.6537914,-10.123792,-8.253792,-8.563791,-11.493792,-9.663792,-8.563791,-7.9837914,-7.2037916,-5.4737916,-4.1637917,-3.1137915,-1.6137915,-0.1137915,-0.3937915,0.9662085,2.1362085,3.0162084,4.2062087,3.8162086,5.4162083,2.7262084,0.076208495,0.2162085,2.0262084,5.0962086,5.1962085,3.5962086,4.6062083,0.8462085,1.5362085,1.7262084,0.2162085,-1.2337915,-3.3537915,0.0962085,-0.8937915,-0.6737915
-3.1137915,-4.9637914,-8.133792,-10.173792,-10.103791,-10.753792,-10.383792,-8.413792,-9.523791,-7.7437916,-6.7737913,-5.9237914,-5.2537913,-4.0637913,-2.4437914,-1.8537915,-0.3937915,1.5162085,3.3962085,4.2962084,3.8862085,4.8862085,6.1462083,8.186209,6.1462083,4.4062085,0.2162085,-3.2837915,3.3962085,-0.1837915,2.2962084,-2.6337914,-1.9737915,0.24620849,-1.8037915,-0.9337915,-0.2337915,-0.8137915,1.1462085,0.2662085,0.7262085
-7.3437915,-8.813791,-9.643791,-9.513791,-8.763791,-9.5737915,-6.8237915,-7.8437915,-7.7937913,-7.1037917,-6.3837914,-6.6437917,-4.6137915,-3.5337915,-1.7837915,-0.2737915,0.076208495,1.9562085,3.1062086,4.0762086,4.5962086,6.4262085,3.7062085,4.8462086,6.7862086,5.0662084,3.6362085,4.6362085,4.8062086,-0.3337915,1.0062085,2.7162085,4.8662086,-1.0637915,3.1962085,3.5762086,-1.2037915,0.31620848,1.2562085,2.5462084,1.9162085
-8.783792,-9.263791,-9.903791,-9.543792,-8.3237915,-7.4137917,-6.9037914,-7.3537917,-6.6937914,-6.5537915,-5.7737913,-5.6437917,-3.4637916,-2.0937915,0.3062085,-1.1937915,-0.1837915,1.5762085,2.4762084,3.7462084,4.7562084,6.6162086,7.7362084,7.4062085,5.4262085,4.2062087,4.7962084,1.4562085,1.4662085,2.8462086,4.3862085,3.0362084,3.1862085,2.5762086,-0.2037915,0.76620847,9.066209,-0.22379151,-0.5837915,1.5462085,-1.9737915
-7.2937913,-7.1937914,-7.8537917,-7.3637915,-7.0837917,-6.5037913,-6.4937916,-5.4237914,-5.4937916,-5.8537917,-5.5437913,-4.7037916,-3.2337916,-2.7537916,-2.4937916,-2.0637915,-1.5537915,-0.2037915,1.2662085,3.1762085,3.2162085,1.9562085,3.9462085,3.9462085,4.2262087,3.8362086,4.4562087,0.6262085,-0.7737915,0.3962085,5.0062084,2.6462085,4.1862087,1.6062084,2.0762086,1.3462085,2.0962086,5.3062086,10.236209,2.9962084,-1.6537915
-5.9837914,-5.5737915,-5.5437913,-6.1037917,-5.8237915,-5.9237914,-5.5037913,-6.2637916,-6.1537914,-4.8737917,-4.8137913,-5.1937914,-4.0137916,-3.5037916,-2.8237915,-1.6537915,-1.8737915,-1.7137915,-1.5137916,-0.3537915,-1.2437915,-1.3337915,-1.9537915,2.1462085,1.2962085,1.5762085,-3.6637914,-3.2137916,-0.7237915,0.6562085,9.566209,7.6762085,7.8662086,6.4362087,2.1362085,3.0962086,2.1262085,1.9662085,2.8462086,2.1262085,1.9362085
-5.2237916,-5.6737914,-5.7237916,-5.5837917,-5.4037914,-5.5637913,-6.3937917,-6.1637917,-5.1237917,-5.1237917,-4.7337914,-4.9437914,-4.4037914,-4.8237915,-3.5537915,-2.2637916,-2.9837916,-2.2237916,-2.0737915,-3.0437915,-3.5037916,-2.0137916,-1.7737916,-1.6237915,-1.5237916,-1.1037915,-2.8137915,-1.7837915,4.0362086,0.8762085,-4.0137916,-4.1037917,-4.2737913,-0.1137915,5.9062085,0.6962085,4.1562085,5.3362083,6.3962083,6.2462087,3.5062084
-4.7837915,-5.0237913,-4.9837914,-4.9937916,-5.3537917,-5.9337916,-6.0237913,-5.5337915,-5.0637913,-4.8937917,-4.2237916,-4.0137916,-4.2837915,-3.8537915,-4.4137917,-3.7637916,-3.7237916,-3.5137916,-3.3937914,-3.8037915,-6.0937915,-6.3137913,-5.2437916,-3.5337915,-5.5237913,-5.5837917,-2.6537914,-1.3237915,-0.5637915,-2.6237915,-3.9637916,-3.2937915,-4.0337915,-3.3137915,-2.3537915,1.9262085,2.6462085,2.1862085,2.1962085,1.7462085,2.2362084
-4.5537915,-4.5737915,-4.3937917,-4.5237913,-4.6337914,-4.4437914,-4.5337915,-4.7337914,-4.7437916,-3.7337916,-3.5637915,-4.0337915,-2.6837914,-3.3937914,-3.1937914,-3.5037916,-3.7037916,-3.9337914,-4.8237915,-3.8437915,-5.3837914,-3.6437914,-5.8837914,-5.7437916,-5.4137917,-5.5437913,-3.8437915,-3.6837914,-3.3537915,-3.9937916,-2.9937916,-2.8937914,-1.5937915,-0.43379152,0.3562085,0.8262085,1.8862085,0.7162085,2.7762084,1.5962085,0.8862085
-3.6137915,-3.9437914,-4.1337914,-4.1237917,-3.2837915,-3.0037916,-2.4937916,-2.9737916,-2.8937914,-2.8037915,-2.4737916,-1.6137915,-0.3637915,-0.8737915,-1.2637916,-1.4837915,-1.9637915,-2.5837915,-3.5037916,-4.3237915,-4.5637913,-4.5037913,-4.3237915,-4.5137916,-4.0537915,-3.3137915,-2.9637916,-1.9237915,-1.4837915,-0.73379153,-0.1237915,0.95620847,2.2162085,0.70620847,2.1262085,2.3162086,1.2862085,0.4962085,0.9862085,0.2162085,1.2362084
-3.6637914,-2.9337914,-3.2237916,-3.0837915,-3.0437915,-2.0337915,-1.5337915,-1.6037915,-1.1237915,-0.7537915,0.7262085,0.3962085,0.5662085,-0.073791504,0.51620847,0.1462085,-0.3037915,-0.9137915,-1.1937915,-1.5637915,-1.7437915,-2.0037916,-2.7737916,-2.3137915,-2.0437915,-1.8537915,-0.9337915,0.026208496,1.1862085,2.4862084,2.3162086,1.3862085,1.9962085,2.4062085,2.0262084,2.5462084,2.2462084,1.2662085,0.4862085,0.2562085,-0.013791504
-2.0837915,-2.4737916,-2.4537916,-2.4437914,-1.8337915,-1.4237915,-1.2537915,-0.4137915,-0.3837915,-0.6437915,0.5062085,1.6762085,0.8262085,1.2762085,1.4062085,1.8962085,1.9062085,1.6562085,1.1262085,1.5062085,1.1362085,1.0562085,0.8662085,1.3862085,1.0262085,1.2562085,1.1662085,0.8162085,1.0162085,1.9262085,2.6362085,2.5462084,2.4162085,2.5062084,2.2362084,2.1462085,1.2762085,0.6862085,2.2562084,1.3362085,0.9162085
-0.7737915,-0.7037915,-1.0037915,-1.2437915,-1.1737915,-1.1837915,-1.1937915,-0.4137915,-0.19379151,0.6862085,0.9162085,1.9062085,1.7762085,1.4562085,2.0362084,2.0962086,2.8062086,2.8862085,3.3562086,2.9662085,3.3862085,3.1662085,2.7762084,2.8262086,2.7162085,2.3262086,1.8562084,1.7562085,1.1262085,0.95620847,0.2962085,0.9862085,2.3462086,1.9162085,0.8562085,1.2262084,0.6962085,0.3062085,1.1862085,1.3762085,1.6562085
-0.3937915,-0.6537915,-0.2937915,-0.54379153,-0.013791504,0.016208496,0.31620848,1.0562085,0.9062085,0.8462085,0.9162085,2.3262086,2.1262085,2.3362086,2.7562084,2.5962086,3.2962084,3.6462085,3.2462084,3.1362085,3.5562086,4.6362085,4.6862087,4.1862087,4.0162086,3.2162085,2.8362086,2.6362085,2.1762085,1.4562085,1.2662085,2.0862086,2.1862085,2.1362085,2.6762085,1.5062085,1.5662085,2.4062085,2.4562085,1.1362085,1.3862085
