wind_kz.json
{"header": {"discipline":0,"disciplineName":"Meteorological products","gribEdition":2,"gribLength":1102,"center":7,"centerName":"US National Weather Service - NCEP(WMC)","subcenter":0,"refTime":"2023-10-02T12:00:00.000Z","significanceOfRT":1,"significanceOfRTName":"Start of forecast","productStatus":0,"productStatusName":"Operational products","productType":1,"productTypeName":"Forecast products","productDefinitionTemplate":0,"productDefinitionTemplateName":"Analysis/forecast at horizontal level/layer at a point in time","parameterCategory":2,"parameterCategoryName":"UnknownDiscipline_0_Category_2","parameterNumber":3,"parameterNumberName":"UnknownParameter_D0_C2_3","parameterUnit":"Unknown","genProcessType":2,"genProcessTypeName":"Forecast","forecastTime":120,"surface1Type":103,"surface1TypeName":"Specified height level above ground","surface1Value":10.0,"surface2Type":255,"surface2TypeName":"Missing","surface2Value":0.0,"gridDefinitionTemplate":0,"gridDefinitionTemplateName":"Latitude_Longitude","numberPoints":615,"shape":6,"shapeName":"Earth spherical with radius of 6,371,229.0 m","gridUnits":"degrees","resolution":48,"winds":"true","scanMode":64,"nx":41,"ny":15,"basicAngle":0,"lo1":47.0,"la1":41.0,"lo2":87.0,"la2":55.0,"dx":1.0,"dy":1.0}, "data":
[rows 0 to 14 of 15, columns 0 to 40 of 41]
-4.664535,1.9654651,-4.414535,-9.354535,6.885465,4.385465,0.07546509,0.6854651,2.1554651,2.245465,1.7754651,2.245465,1.5654651,1.8854651,1.2954651,2.175465,1.505465,2.275465,3.265465,-2.814535,-2.014535,-2.694535,-3.004535,1.8154651,3.715465,0.9954651,0.8054651,0.8054651,-0.8845349,5.075465,1.5254651,1.1454651,2.8854651,0.14546509,1.9254651,0.3054651,-2.024535,-1.514535,0.9154651,0.6054651,-1.504535
0.9954651,-7.074535,-11.724535,-7.914535,8.0054655,5.465465,3.3854651,3.775465,3.555465,2.8554652,1.4054651,0.16546509,0.065465085,-0.53453493,-1.2345349,2.275465,-0.6345349,1.1754651,3.545465,0.19546509,-0.6845349,2.235465,-2.9245348,0.21546508,2.205465,-0.9445349,1.625465,0.4954651,-0.7545349,-1.2245349,-2.004535,1.735465,1.6554651,1.365465,1.235465,3.015465,1.0254651,0.2754651,1.0454651,1.115465,-0.6245349
-4.994535,-10.254535,-12.204535,5.905465,6.075465,4.625465,3.735465,4.115465,4.815465,3.225465,1.0154651,-0.08453491,-1.5745349,0.09546509,-1.2845349,-0.4045349,0.7354651,-0.8045349,-0.53453493,0.33546507,0.5754651,1.3454651,1.4054651,0.3454651,-2.274535,-1.3445349,-0.5145349,0.2554651,-0.21453491,-2.554535,-1.004535,-1.9645349,-2.254535,-0.45453492,-0.77453494,-1.0445349,-0.6645349,-2.544535,0.26546508,1.485465,0.6654651
-4.064535,-8.504535,-10.334535,6.195465,5.735465,4.255465,4.135465,4.915465,3.715465,2.035465,2.495465,0.7354651,-1.7345349,-3.1345348,-3.6145349,-0.1845349,-1.4845349,-1.7145349,0.04546509,1.2754651,1.8954651,3.8554652,-1.4245349,2.775465,4.565465,4.155465,0.32546508,-0.42453492,-2.974535,-4.304535,-2.684535,-5.4845347,2.1354651,1.735465,0.5754651,0.3154651,-1.1645349,1.225465,-0.42453492,-0.42453492,-2.3645349
-3.494535,-5.914535,-6.4645348,-0.39453492,2.065465,2.3754652,4.595465,4.135465,3.685465,2.485465,3.8454652,2.235465,1.8854651,-0.7645349,-1.9545349,-0.22453491,-0.2545349,0.14546509,-1.644535,-2.6445348,0.04546509,-1.9745349,-1.5345349,0.32546508,0.6754651,0.11546509,5.2854652,2.705465,-0.7345349,3.5754652,-4.094535,-2.8545349,-2.3445349,0.7754651,-0.9745349,1.0354651,-0.4745349,-0.4645349,-1.774535,-1.244535,-2.494535
-3.534535,-2.704535,-4.244535,2.065465,2.775465,1.605465,1.9054651,4.375465,3.6354651,4.625465,2.785465,2.8854651,3.495465,2.015465,-2.8445349,-1.884535,-0.7045349,-0.1545349,-1.9745349,-0.5045349,1.4554651,-1.1945349,-2.464535,-0.4445349,0.4154651,0.9154651,1.985465,-1.514535,-1.6145349,-0.5045349,0.8354651,-1.0945349,-2.584535,-3.014535,-1.1645349,-1.1945349,-1.6545349,-2.474535,4.415465,1.0754651,-2.1245348
-2.284535,-0.21453491,-0.38453493,-4.184535,5.195465,5.635465,5.295465,5.655465,5.2654653,4.465465,4.2454653,3.8554652,3.8354652,2.8554652,0.2354651,-0.9445349,-1.2145349,-1.0945349,-1.514535,-0.5445349,-0.16453491,-1.4345349,-0.4945349,0.2554651,0.2354651,0.6154651,-0.3645349,-3.004535,-3.564535,-0.5445349,2.015465,2.3454652,-2.524535,-1.1745349,-2.4145348,-0.10453491,-0.7345349,-0.24453491,-0.6745349,1.255465,-0.9445349
-1.6945349,0.5554651,4.965465,0.6754651,-2.074535,8.395465,6.815465,7.0354652,6.665465,5.735465,4.315465,4.615465,4.465465,4.585465,1.1854651,-0.5045349,-1.874535,-1.644535,-1.144535,0.3154651,-0.3345349,0.7554651,0.59546506,0.8554651,1.8254651,2.185465,1.605465,0.7454651,-0.7345349,-0.014534912,0.04546509,0.32546508,-0.59453493,-1.1745349,-0.3345349,-0.6445349,-1.774535,-1.0345349,-1.0745349,0.6154651,-0.38453493
-0.8745349,-0.17453492,2.555465,5.385465,1.105465,-1.2345349,7.005465,8.095465,6.9554653,6.985465,5.5154653,4.415465,4.845465,4.2254653,2.995465,1.9654651,-0.4645349,-1.644535,-0.4745349,0.17546509,0.21546508,0.2054651,-1.1145349,0.5054651,2.3554652,2.995465,1.4354651,-0.42453492,-0.4645349,0.8854651,2.815465,-1.3345349,0.29546508,-1.874535,0.33546507,1.5854651,0.18546508,-0.8645349,0.5054651,-0.3145349,-2.054535
-1.144535,1.6954651,2.255465,5.255465,4.255465,0.72546506,5.295465,7.315465,7.2654653,5.905465,7.375465,4.9754653,4.0354652,3.8954651,3.425465,2.665465,0.4754651,-3.8545349,-1.7845349,1.995465,0.42546508,-1.014535,-1.5645349,-1.8245349,-0.6745349,-0.59453493,0.105465084,-1.4245349,-0.9445349,-0.8045349,-2.234535,0.4054651,-1.0745349,-1.8645349,-2.334535,-1.3045349,0.35546508,-1.0445349,-0.024534913,1.7654651,2.425465
0.71546507,3.3954651,3.525465,4.985465,5.885465,3.285465,0.6954651,5.7654653,7.055465,6.375465,5.575465,7.055465,6.195465,4.965465,5.255465,3.475465,4.335465,0.8954651,-0.9245349,0.7654651,0.7454651,-0.78453493,-0.9345349,-2.294535,-0.8545349,-1.4145349,-0.22453491,-1.3545349,-1.5545349,-0.4445349,0.19546509,0.105465084,-0.6945349,-1.5845349,-1.3345349,-1.9145349,-0.77453494,0.24546508,-0.6845349,0.17546509,-0.23453492
1.725465,2.785465,4.185465,2.175465,5.0354652,4.815465,3.985465,3.015465,8.2554655,4.625465,6.435465,5.565465,5.155465,5.275465,3.8354652,2.6254652,3.1354651,3.925465,2.3854651,-0.8645349,2.1154652,1.0554651,0.33546507,-0.14453492,-0.5545349,-2.6645348,-1.6945349,-0.5545349,-0.24453491,0.3754651,-0.32453492,-0.6945349,-0.8145349,-2.194535,-0.84453493,-1.754535,-1.4345349,-0.7545349,-0.10453491,-0.7045349,-0.35453492
2.015465,3.8854651,3.985465,2.715465,4.415465,2.6354651,3.0954652,6.4954653,9.545465,6.575465,4.055465,5.115465,6.235465,5.805465,5.615465,4.655465,4.565465,3.665465,2.065465,2.6454651,3.065465,1.8454651,-0.23453492,0.6954651,0.19546509,0.22546509,-0.8045349,-0.96453494,-0.3745349,-0.17453492,1.1554651,0.6354651,0.08546509,-1.4745349,-1.024535,-0.6945349,-0.39453492,-1.0345349,-1.4845349,-1.494535,-0.9445349
3.705465,3.245465,2.685465,3.785465,4.335465,4.965465,2.285465,8.375465,6.4554653,4.7054653,5.135465,5.055465,6.755465,6.615465,5.735465,5.925465,4.175465,3.545465,3.175465,3.065465,1.5554651,1.0954651,-1.004535,1.5354651,2.195465,1.8154651,1.1554651,1.355465,1.0754651,1.0754651,0.29546508,0.9454651,0.105465084,1.115465,0.35546508,-0.3745349,0.5554651,0.105465084,-1.124535,-1.0545349,-1.3045349
2.1054652,3.975465,4.505465,2.725465,4.545465,3.465465,3.005465,9.515465,7.445465,7.435465,5.555465,6.465465,4.5354652,3.8854651,5.165465,5.525465,5.365465,4.715465,4.685465,2.265465,1.875465,1.4254651,1.4254651,2.3254652,1.105465,1.005465,1.9254651,2.3754652,2.275465,2.0954652,2.0854652,0.9354651,0.6654651,0.4654651,0.9254651,0.065465085,1.8154651,-0.06453491,0.8554651,0.59546506,-0.7445349
