wind_kz.json
{"header": {"discipline":0,"disciplineName":"Meteorological products","gribEdition":2,"gribLength":1025,"center":7,"centerName":"US National Weather Service - NCEP(WMC)","subcenter":0,"refTime":"2023-08-21T12:00:00.000Z","significanceOfRT":1,"significanceOfRTName":"Start of forecast","productStatus":0,"productStatusName":"Operational products","productType":1,"productTypeName":"Forecast products","productDefinitionTemplate":0,"productDefinitionTemplateName":"Analysis/forecast at horizontal level/layer at a point in time","parameterCategory":2,"parameterCategoryName":"UnknownDiscipline_0_Category_2","parameterNumber":2,"parameterNumberName":"UnknownParameter_D0_C2_2","parameterUnit":"Unknown","genProcessType":2,"genProcessTypeName":"Forecast","forecastTime":180,"surface1Type":103,"surface1TypeName":"Specified height level above ground","surface1Value":10.0,"surface2Type":255,"surface2TypeName":"Missing","surface2Value":0.0,"gridDefinitionTemplate":0,"gridDefinitionTemplateName":"Latitude_Longitude","numberPoints":615,"shape":6,"shapeName":"Earth spherical with radius of 6,371,229.0 m","gridUnits":"degrees","resolution":48,"winds":"true","scanMode":64,"nx":41,"ny":15,"basicAngle":0,"lo1":47.0,"la1":41.0,"lo2":87.0,"la2":55.0,"dx":1.0,"dy":1.0}, "data":
[rows 0 to 14 of 15, columns 0 to 40 of 41]
-4.5359077,1.3240924,-1.0659076,-3.9059076,-4.7959075,-4.3459077,-2.0159075,-1.4259076,-2.1559076,0.2140924,0.71409243,2.7540925,2.6940925,2.8340924,3.6640923,5.1840925,7.9540925,9.634092,1.0340924,1.9740924,5.6140924,1.2040924,1.1840924,-0.53590757,0.3140924,-0.1759076,-2.2659075,-2.6059077,-0.7959076,-0.45590758,-0.8059076,-0.005907593,-0.08590759,0.7040924,-2.8059075,-4.495908,-3.7559075,-4.5459075,-3.3059075,-2.2959075,-0.7759076
2.7140925,-1.4959075,-4.6259074,-4.9859076,-3.2159076,-1.9759076,-0.21590759,-0.9159076,0.96409243,1.6940924,2.4440925,3.5740924,4.1040926,4.0940924,5.6440926,6.3140926,5.6640925,7.8640924,9.344092,6.3040924,4.7440925,6.0940924,1.3540924,-1.4459076,0.3440924,-1.1059076,-0.2659076,-0.72590756,-0.1959076,-2.6059077,-0.16590759,-0.8259076,0.65409243,-1.6659076,0.9740924,-0.8959076,-1.0959076,0.20409241,-0.4959076,3.7340925,-0.5459076
-1.5859076,-6.265908,-4.6459074,-3.5459075,-0.9359076,1.6540924,0.034092408,2.0640924,3.3540924,4.8940926,4.8740926,5.8240924,5.6340923,6.044092,8.014092,5.5740924,7.3140926,7.754092,6.5940924,10.154093,8.164092,7.1640925,5.8140926,1.6040924,-0.6059076,1.7240924,-1.9859076,-2.4359076,-3.1559076,-0.06590759,-1.3259076,3.0240924,-0.3159076,-1.5959076,1.6140924,0.8640924,-1.9559076,-0.5259076,-2.1459076,-0.72590756,-0.8959076
-3.9559076,-6.2159076,-3.7759075,-2.0259075,-2.2559075,-0.6659076,2.1040924,2.8740923,3.0940924,4.3540926,5.5340924,5.794092,9.274093,9.544092,7.1940923,6.8840923,2.8540924,5.8040924,5.8440924,6.6740923,5.1940923,4.1040926,4.5540924,-0.1259076,-1.1559076,-1.7159076,1.4540924,-4.745908,-2.6559076,0.4540924,-2.5859077,-4.6459074,-0.97590756,-3.4859076,0.7040924,-0.7359076,-1.5559076,0.104092404,-0.115907595,0.024092408,1.1840924
-4.225908,-4.7959075,-2.5859077,-1.6659076,-1.1859076,0.8240924,2.1540923,3.8040924,5.0540924,6.4740925,6.8440924,7.754092,9.364093,10.424091,7.7140923,4.9640923,3.4540925,3.8540924,4.484092,7.1440926,6.5140924,5.254092,7.9240923,-2.3859076,-3.2959075,-6.265908,-4.7959075,-5.4259076,-3.8859076,-3.7359076,-4.245908,-1.5559076,-2.4859076,0.0040924074,-0.3859076,0.5840924,3.8440924,1.4740924,1.0640924,-2.1259077,-1.2959076
-2.8559077,-1.4359076,-1.1459076,-0.9959076,0.07409241,2.2640924,2.9540925,6.0140924,6.9140925,9.534092,8.144093,7.5940924,9.004092,10.014092,9.514092,4.1240926,6.9240923,4.6940923,5.6740923,6.7440925,7.6740923,7.1640925,6.2840924,1.2440925,-5.0959077,-5.8659077,-5.6559076,-6.6859074,-3.7059076,-3.7059076,-5.1059074,-4.8359075,-3.4859076,-4.1459074,-3.9059076,1.3740925,-1.6259075,0.11409241,-0.7159076,0.8440924,1.3640924
-2.6359076,-2.3859076,-0.10590759,2.5340924,3.1740923,3.7440925,4.5840926,5.0340924,6.3740926,6.294092,7.2140923,6.6640925,6.274092,6.3840923,6.9940925,6.1640925,5.6940923,3.5240924,5.4240923,6.9940925,7.024092,4.254092,5.4640923,0.3440924,-4.8959074,-4.9159074,-3.3359077,-3.0059075,-4.745908,-4.1559076,-5.8359075,-4.0659075,-1.6059076,-2.3459077,-3.0259075,-1.2359076,-0.3059076,0.5340924,-1.3159076,0.034092408,5.3440924
-0.7759076,-0.72590756,-0.045907594,0.9340924,1.8540924,3.0140924,3.3340924,3.8740923,4.0540924,2.9340925,3.1740923,3.6440923,5.3340926,5.8840923,6.544092,6.8740926,5.4040923,6.4940925,5.8440924,6.3140926,5.4540925,1.8240924,6.3540926,-0.9359076,-4.2159076,-4.2159076,-2.4059076,-3.0059075,-2.0459075,-1.2259076,-1.7859076,-3.7059076,-1.2059076,-3.0959077,-2.7459075,-1.9759076,-0.025907593,3.6940925,4.1740923,5.3340926,0.96409243
-0.3759076,0.22409241,1.0340924,1.4840924,2.2540925,2.2140925,2.8840923,3.6640923,3.3340924,2.5640924,3.3340924,3.0140924,3.3440924,2.9640925,2.5140924,2.7240925,6.1140924,5.4640923,3.9140923,4.0340924,3.5840924,1.0740924,6.044092,-1.0159076,-3.6759076,-3.7159076,-3.1559076,-2.0759077,-0.9959076,-0.9559076,0.5740924,-0.8059076,0.7240924,-1.7159076,-2.0359075,-0.5659076,-0.4659076,-2.8959076,-0.4359076,-0.18590759,-1.6459076
0.8440924,0.6740924,1.5440924,1.6540924,2.2840924,2.2540925,2.4940925,2.6940925,3.1040924,2.6240923,3.6440923,3.7440925,2.3540924,3.4640925,2.3540924,0.96409243,-1.1759076,-1.7659076,-3.0759077,-3.3959076,-4.4159074,-1.3459076,-1.7459075,-4.6559076,-4.7959075,-4.455908,-3.0959077,-3.3059075,-1.6259075,0.19409241,0.2540924,-0.2959076,1.4240924,0.6640924,-1.7659076,-1.5959076,-2.2259076,-0.2859076,-0.84590757,0.6940924,-0.6759076
1.1040924,1.5940924,1.8340924,1.9940925,2.4440925,2.1240923,2.4440925,3.0240924,2.6740923,3.2140925,3.5340924,4.4440923,3.4340925,2.3040924,1.5140924,1.5840924,0.044092406,-1.0959076,-1.8359076,-2.2459075,-3.5459075,-1.5659076,-0.53590757,-0.84590757,-3.0159075,-3.1659076,-2.3659077,-1.9159076,-0.5459076,-1.6059076,-1.3559076,-0.7559076,-2.1659076,-0.6459076,-1.1959076,-2.3959076,-1.7559075,0.38409242,-0.59590757,1.1940924,-0.6759076
1.1240925,2.0440924,2.4840925,2.2940924,2.5640924,2.0640924,2.2440925,2.2840924,2.6840925,2.2340925,1.9540924,3.4540925,2.0340924,1.7540925,1.5840924,1.1640924,1.4840924,1.0040925,-0.6459076,-0.72590756,-0.9859076,-1.7359076,-2.8059075,-2.0459075,-2.8259077,-2.4659076,-2.3659077,-1.3959076,-1.1459076,-1.2159076,-0.7059076,-0.7159076,0.014092407,-2.6959076,-1.4659076,-0.42590758,-1.5859076,-1.1859076,-0.16590759,-0.6459076,-0.4459076
2.0440924,2.2240925,3.0840924,2.5340924,2.1040924,1.7440925,1.9340924,1.9440924,2.6840925,1.8940924,1.2140924,2.1340923,2.5140924,2.6340923,2.1940925,2.1540923,1.1540924,1.5640924,1.5840924,2.7240925,-0.1459076,0.14409241,0.41409242,-0.7959076,1.0240924,0.2140924,0.65409243,-0.1459076,-0.84590757,-1.4159076,-1.0359076,1.6140924,1.1340925,0.8040924,-1.0259076,-1.1759076,-1.3559076,-1.0559076,-1.1059076,-1.0159076,-0.8059076
2.8940923,3.6040924,5.4740925,4.2440925,2.4140923,2.0340924,2.3740923,2.2240925,2.2440925,2.6340923,1.0240924,1.4040924,2.8840923,2.7740924,3.0640924,1.9840924,2.2440925,1.6840924,1.9640924,0.9440924,1.4140924,2.4140923,2.3240924,2.3040924,2.1140924,1.4040924,0.8640924,1.2240924,0.9440924,0.6140924,0.9140924,0.3740924,1.5240924,0.1340924,-1.1659076,-0.24590759,-2.4859076,-1.2459075,-0.8559076,1.2640924,-1.0059075
2.0040925,5.0640926,7.794092,3.8140924,4.254092,2.5940924,3.5140924,2.6040924,3.1240923,2.1640923,0.6440924,1.3740925,1.9040924,3.5540924,3.0940924,2.2340925,1.8040924,2.7940924,2.2840924,2.5040925,2.1040924,4.234092,4.7840924,4.9240923,4.234092,2.9540925,1.9340924,1.6840924,1.8840925,1.3940924,1.4040924,1.0640924,0.4540924,-0.6659076,0.2740924,-0.4159076,-0.5259076,-1.0059075,-0.025907593,0.35409242,-1.2159076
