wind_kz.json
{"header": {"discipline":0,"disciplineName":"Meteorological products","gribEdition":2,"gribLength":871,"center":7,"centerName":"US National Weather Service - NCEP(WMC)","subcenter":0,"refTime":"2024-04-08T18:00:00.000Z","significanceOfRT":1,"significanceOfRTName":"Start of forecast","productStatus":0,"productStatusName":"Operational products","productType":1,"productTypeName":"Forecast products","productDefinitionTemplate":0,"productDefinitionTemplateName":"Analysis/forecast at horizontal level/layer at a point in time","parameterCategory":0,"parameterCategoryName":"UnknownDiscipline_0_Category_0","parameterNumber":0,"parameterNumberName":"UnknownParameter_D0_C0_0","parameterUnit":"Unknown","genProcessType":2,"genProcessTypeName":"Forecast","forecastTime":300,"surface1Type":1,"surface1TypeName":"Ground or water surface","surface1Value":0.0,"surface2Type":255,"surface2TypeName":"Missing","surface2Value":0.0,"gridDefinitionTemplate":0,"gridDefinitionTemplateName":"Latitude_Longitude","numberPoints":615,"shape":6,"shapeName":"Earth spherical with radius of 6,371,229.0 m","gridUnits":"degrees","resolution":48,"winds":"true","scanMode":64,"nx":41,"ny":15,"basicAngle":0,"lo1":47.0,"la1":41.0,"lo2":87.0,"la2":55.0,"dx":1.0,"dy":1.0}, "data":
[rows 0 to 14 of 15, columns 0 to 40 of 41]
299.86212,293.4621,296.36212,282.9621,283.86212,284.76212,296.6621,303.86212,299.4621,300.26212,299.9621,299.6621,298.5621,298.26212,298.4621,298.9621,297.36212,295.9621,295.76212,295.86212,299.4621,297.76212,296.5621,291.5621,302.76212,300.5621,288.9621,283.36212,281.0621,280.86212,277.9621,276.26212,279.6621,301.36212,302.26212,304.9621,302.76212,314.0621,313.36212,309.4621,308.4621
281.6621,293.5621,283.0621,283.0621,283.4621,283.9621,302.1621,299.4621,298.1621,297.86212,300.1621,299.36212,300.9621,300.0621,297.76212,297.36212,297.9621,296.5621,295.86212,295.4621,294.5621,295.36212,289.1621,285.76212,273.6621,273.1621,285.1621,273.36212,286.36212,274.26212,280.6621,271.1621,282.76212,268.76212,273.1621,294.6621,290.9621,300.9621,309.4621,290.6621,280.1621
297.6621,283.1621,282.9621,283.26212,283.36212,297.6621,298.26212,298.1621,296.4621,295.26212,297.26212,298.1621,299.4621,300.76212,297.4621,296.86212,296.36212,295.76212,296.1621,296.36212,298.76212,295.26212,290.76212,283.36212,289.76212,289.26212,292.86212,290.5621,285.26212,272.86212,272.6621,272.4621,278.76212,276.6621,280.76212,280.76212,271.86212,278.5621,271.26212,282.4621,279.0621
293.0621,284.4621,283.4621,283.4621,286.76212,297.1621,296.36212,296.4621,297.9621,297.5621,296.6621,295.86212,286.4621,286.9621,297.36212,296.6621,297.1621,296.5621,296.86212,296.9621,294.5621,290.1621,296.76212,296.6621,293.86212,293.36212,295.6621,290.4621,294.9621,292.9621,292.36212,289.9621,295.0621,298.4621,292.0621,282.36212,269.86212,269.6621,273.26212,277.1621,279.5621
294.5621,285.36212,284.4621,284.86212,289.76212,295.76212,297.0621,299.76212,298.26212,296.4621,297.6621,296.36212,285.9621,285.76212,284.0621,300.26212,300.1621,299.4621,297.9621,297.1621,297.0621,297.36212,296.26212,298.86212,297.76212,298.1621,295.4621,290.5621,296.36212,297.9621,296.86212,292.6621,274.0621,271.0621,279.9621,294.26212,287.76212,295.9621,286.4621,285.76212,284.9621
293.86212,293.6621,285.5621,284.1621,282.86212,283.36212,297.6621,296.36212,296.5621,297.1621,296.6621,296.6621,286.86212,285.0621,288.36212,301.1621,298.1621,300.36212,297.4621,299.1621,297.6621,297.0621,297.5621,296.4621,295.4621,294.36212,295.0621,271.86212,294.76212,295.76212,297.76212,296.26212,294.76212,294.6621,288.6621,287.5621,283.6621,281.26212,291.9621,291.86212,286.5621
294.36212,291.5621,292.5621,291.5621,290.1621,296.36212,297.0621,295.76212,294.6621,295.0621,296.6621,294.86212,296.36212,296.86212,298.1621,297.4621,299.0621,298.76212,300.9621,300.26212,298.86212,297.26212,296.86212,295.5621,293.76212,294.26212,293.36212,293.1621,296.36212,296.6621,297.0621,299.6621,298.1621,295.1621,291.86212,289.76212,285.5621,279.5621,281.36212,280.1621,285.9621
291.86212,289.9621,291.86212,292.0621,289.36212,293.4621,296.1621,293.9621,292.86212,293.6621,293.0621,294.36212,295.6621,294.6621,297.4621,298.0621,299.26212,297.86212,298.4621,296.6621,296.4621,296.76212,296.6621,294.86212,292.5621,290.4621,290.76212,292.6621,291.0621,292.9621,291.0621,292.6621,292.6621,287.5621,289.6621,293.5621,293.5621,273.0621,291.6621,289.9621,285.76212
289.36212,289.76212,288.76212,288.5621,290.36212,289.9621,291.1621,291.26212,292.26212,291.0621,292.5621,292.4621,293.9621,295.86212,295.26212,296.1621,296.6621,296.26212,294.6621,294.76212,292.4621,293.76212,293.9621,293.0621,291.86212,291.4621,288.76212,288.36212,288.0621,286.9621,287.26212,286.76212,289.1621,289.9621,289.86212,286.86212,287.0621,287.1621,272.4621,273.1621,274.0621
289.76212,288.26212,285.9621,286.9621,285.76212,286.1621,289.86212,291.0621,291.4621,291.5621,290.9621,292.76212,293.4621,294.36212,294.36212,294.9621,294.86212,293.9621,291.9621,293.76212,292.86212,293.26212,294.5621,292.76212,292.9621,291.1621,291.1621,289.5621,287.36212,288.5621,289.76212,291.9621,290.1621,291.36212,288.1621,288.5621,283.6621,282.1621,273.1621,280.5621,279.4621
289.86212,289.4621,287.36212,284.86212,285.4621,287.5621,288.1621,290.5621,289.6621,289.86212,288.76212,289.6621,292.1621,293.0621,293.86212,293.5621,292.9621,292.4621,291.5621,292.0621,292.9621,292.86212,291.86212,292.1621,292.9621,291.86212,288.0621,292.4621,292.1621,293.5621,293.9621,293.9621,292.1621,288.26212,291.26212,289.1621,279.76212,280.4621,285.9621,282.9621,279.5621
288.1621,289.26212,289.6621,287.86212,286.26212,284.5621,285.4621,287.9621,288.5621,287.6621,287.76212,290.1621,290.1621,290.4621,292.0621,292.4621,292.4621,291.0621,289.86212,289.9621,288.5621,291.6621,289.4621,292.4621,291.36212,292.0621,291.6621,292.5621,293.9621,294.4621,294.1621,292.6621,289.4621,289.1621,288.1621,291.26212,289.9621,289.5621,285.76212,284.5621,282.6621
285.6621,287.36212,288.9621,289.36212,289.36212,288.4621,289.86212,289.6621,287.6621,289.26212,287.9621,290.1621,294.0621,292.4621,291.9621,290.0621,291.0621,290.1621,290.1621,288.76212,290.0621,289.9621,289.86212,290.26212,291.6621,292.1621,293.86212,292.26212,290.86212,289.9621,291.4621,292.0621,291.4621,290.5621,291.1621,290.36212,289.36212,286.36212,288.86212,289.5621,285.1621
287.86212,287.26212,279.4621,287.86212,288.4621,287.36212,288.36212,288.1621,290.9621,290.36212,289.9621,288.4621,291.36212,292.86212,294.5621,294.4621,292.0621,289.5621,289.26212,288.1621,289.36212,289.26212,290.5621,291.36212,291.4621,292.0621,292.6621,290.9621,287.5621,287.76212,286.1621,289.1621,288.1621,287.26212,287.5621,286.5621,287.0621,287.26212,287.76212,286.76212,289.76212
287.1621,287.86212,273.36212,287.4621,287.4621,287.9621,289.76212,290.76212,292.4621,290.86212,289.26212,290.9621,288.86212,288.6621,290.4621,290.86212,288.4621,287.5621,289.1621,288.4621,287.76212,289.6621,290.86212,289.5621,290.76212,289.6621,292.0621,290.1621,288.1621,284.26212,285.1621,279.6621,285.5621,285.4621,284.9621,286.0621,287.86212,286.26212,288.5621,287.9621,286.5621
