wind_kz.json
{"header": {"discipline":0,"disciplineName":"Meteorological products","gribEdition":2,"gribLength":871,"center":7,"centerName":"US National Weather Service - NCEP(WMC)","subcenter":0,"refTime":"2023-09-30T06:00:00.000Z","significanceOfRT":1,"significanceOfRTName":"Start of forecast","productStatus":0,"productStatusName":"Operational products","productType":1,"productTypeName":"Forecast products","productDefinitionTemplate":0,"productDefinitionTemplateName":"Analysis/forecast at horizontal level/layer at a point in time","parameterCategory":0,"parameterCategoryName":"UnknownDiscipline_0_Category_0","parameterNumber":0,"parameterNumberName":"UnknownParameter_D0_C0_0","parameterUnit":"Unknown","genProcessType":2,"genProcessTypeName":"Forecast","forecastTime":180,"surface1Type":1,"surface1TypeName":"Ground or water surface","surface1Value":0.0,"surface2Type":255,"surface2TypeName":"Missing","surface2Value":0.0,"gridDefinitionTemplate":0,"gridDefinitionTemplateName":"Latitude_Longitude","numberPoints":615,"shape":6,"shapeName":"Earth spherical with radius of 6,371,229.0 m","gridUnits":"degrees","resolution":48,"winds":"true","scanMode":64,"nx":41,"ny":15,"basicAngle":0,"lo1":47.0,"la1":41.0,"lo2":87.0,"la2":55.0,"dx":1.0,"dy":1.0}, "data":
[rows 0 to 14 of 15, columns 0 to 40 of 41]
286.46466,280.16467,282.76468,293.66467,293.26468,292.3647,292.16467,293.76468,291.26468,290.76468,290.56467,291.06467,291.06467,291.3647,291.26468,288.3647,287.96466,289.06467,287.16467,288.56467,289.66467,288.46466,288.26468,286.3647,289.26468,290.06467,285.8647,273.96466,272.8647,272.56467,272.3647,272.3647,281.96466,287.76468,289.3647,290.26468,288.56467,289.16467,289.3647,289.76468,288.06467
269.96466,282.3647,293.06467,293.16467,293.26468,291.76468,290.66467,289.96466,289.46466,289.66467,291.06467,290.66467,290.46466,290.06467,286.76468,287.3647,284.8647,285.8647,283.76468,283.26468,287.46466,288.56467,286.96466,280.96466,272.26468,273.76468,280.26468,274.06467,273.96466,270.76468,278.16467,268.66467,275.66467,252.16467,271.8647,287.16467,284.16467,287.06467,290.06467,283.66467,283.66467
284.16467,292.66467,292.96466,292.3647,290.8647,287.76468,288.06467,288.46466,290.26468,288.06467,287.66467,289.16467,288.56467,288.76468,288.16467,283.66467,283.56467,285.16467,285.16467,283.76468,286.96466,285.76468,284.06467,282.76468,284.96466,286.26468,287.66467,285.16467,283.96466,277.66467,271.16467,273.46466,279.3647,277.96466,279.8647,279.8647,275.8647,277.8647,279.3647,272.66467,271.66467
284.56467,291.8647,292.56467,291.66467,289.3647,284.16467,285.66467,285.8647,287.26468,286.96466,290.16467,290.06467,290.06467,289.26468,287.56467,285.96466,287.06467,286.16467,282.56467,284.76468,283.8647,280.3647,286.76468,287.3647,287.8647,288.46466,287.66467,285.46466,285.06467,285.56467,285.3647,285.16467,288.8647,287.76468,285.26468,283.66467,274.16467,268.76468,277.96466,282.96466,285.46466
288.26468,291.3647,291.8647,290.96466,289.3647,286.3647,286.06467,284.56467,284.96466,286.16467,286.26468,286.26468,288.96466,287.76468,286.26468,286.8647,287.3647,287.66467,284.96466,287.46466,286.8647,287.26468,285.46466,285.8647,285.26468,285.96466,283.66467,285.46466,283.76468,284.3647,287.76468,285.26468,277.96466,271.06467,279.76468,287.06467,288.56467,290.66467,291.66467,291.06467,288.8647
287.66467,286.66467,289.96466,290.8647,290.8647,290.56467,287.46466,287.26468,285.56467,285.76468,286.3647,286.56467,288.3647,288.66467,288.56467,286.26468,288.46466,287.8647,288.06467,288.26468,286.76468,286.8647,285.76468,284.76468,283.8647,283.56467,283.76468,286.8647,286.3647,286.76468,286.26468,288.46466,286.46466,286.56467,284.8647,288.16467,279.66467,281.46466,287.66467,289.8647,288.3647
287.8647,287.96466,289.16467,290.66467,289.96466,287.56467,287.46466,286.96466,287.26468,287.76468,287.16467,288.06467,286.76468,287.16467,288.3647,289.3647,287.8647,288.56467,288.3647,286.46466,285.46466,286.46466,286.56467,286.8647,284.46466,283.3647,283.06467,284.66467,285.16467,285.46466,285.16467,285.26468,286.06467,287.26468,288.3647,287.46466,283.06467,278.66467,276.46466,276.46466,285.96466
288.3647,288.66467,290.06467,290.46466,290.66467,290.16467,290.16467,288.56467,287.06467,286.76468,287.66467,287.3647,285.76468,287.06467,288.3647,288.26468,288.8647,289.06467,289.66467,284.96466,285.26468,285.06467,285.06467,285.26468,283.66467,280.76468,280.56467,280.8647,281.06467,283.26468,285.46466,286.06467,283.26468,282.46466,283.06467,284.96466,287.3647,285.3647,286.66467,285.8647,283.76468
283.56467,283.3647,284.3647,284.56467,286.96466,286.26468,287.66467,286.66467,285.96466,285.56467,284.96466,284.46466,283.66467,285.96466,286.66467,287.96466,289.3647,289.46466,287.96466,285.96466,283.56467,285.26468,286.46466,284.06467,282.76468,281.96466,279.8647,279.26468,278.66467,277.16467,279.96466,283.26468,284.3647,283.8647,283.3647,281.66467,284.3647,284.46466,272.66467,272.76468,271.06467
281.3647,281.76468,281.16467,280.66467,281.06467,280.8647,281.46466,283.16467,285.16467,284.16467,284.3647,282.8647,283.46466,284.76468,286.16467,286.46466,289.16467,288.16467,289.96466,287.56467,286.26468,285.96466,285.16467,285.3647,285.56467,282.8647,282.3647,280.66467,279.26468,278.96466,279.56467,281.8647,283.76468,284.16467,284.76468,284.46466,283.66467,281.06467,278.8647,274.56467,271.56467
279.3647,278.76468,278.66467,278.56467,278.56467,278.06467,278.56467,279.16467,281.66467,281.8647,282.06467,282.8647,283.76468,283.8647,284.96466,285.46466,287.96466,288.26468,288.16467,286.66467,287.66467,287.66467,286.3647,286.96466,283.8647,283.56467,281.16467,282.16467,282.56467,282.46466,282.06467,282.16467,281.76468,283.26468,285.16467,284.06467,279.76468,278.76468,276.46466,277.16467,275.66467
279.46466,279.76468,279.56467,277.26468,278.66467,276.76468,276.3647,277.66467,278.8647,281.56467,279.8647,281.26468,283.56467,283.26468,284.06467,285.06467,286.3647,287.8647,287.06467,288.16467,286.3647,285.76468,284.8647,284.8647,284.3647,283.76468,285.26468,284.56467,284.76468,283.76468,281.16467,280.96466,284.16467,280.46466,282.66467,282.3647,284.46466,284.16467,283.8647,282.76468,281.8647
277.06467,277.76468,278.76468,278.56467,278.26468,277.76468,277.46466,278.16467,276.96466,278.8647,278.56467,278.96466,280.76468,281.16467,284.06467,284.56467,285.56467,285.76468,286.3647,285.66467,286.06467,284.56467,284.26468,283.8647,285.06467,284.26468,284.8647,284.16467,282.8647,281.96466,282.26468,282.96466,284.66467,283.96466,282.8647,281.26468,282.8647,284.16467,282.16467,282.66467,281.66467
277.56467,278.3647,282.16467,279.76468,277.8647,276.3647,277.06467,276.46466,278.46466,278.66467,279.06467,278.26468,278.56467,279.76468,282.16467,283.26468,283.96466,285.3647,285.76468,285.06467,284.76468,286.06467,286.46466,285.26468,285.16467,284.3647,282.66467,283.26468,282.3647,281.76468,282.66467,282.76468,284.3647,283.56467,284.06467,283.3647,283.26468,281.66467,280.96466,282.76468,282.46466
277.16467,278.26468,284.66467,279.06467,279.26468,277.56467,277.26468,277.06467,278.46466,279.46466,281.46466,279.8647,279.56467,277.8647,279.56467,282.16467,282.66467,283.96466,286.3647,285.76468,285.76468,284.96466,285.56467,284.8647,284.56467,284.06467,282.46466,282.16467,281.96466,281.76468,282.26468,283.3647,282.46466,282.16467,280.96466,283.56467,284.06467,282.96466,283.56467,283.16467,282.16467
