wind_kz.json
[{"header":{"discipline":0,"disciplineName":"Meteorological products","gribEdition":2,"gribLength":948,"center":7,"centerName":"US National Weather Service - NCEP(WMC)","subcenter":0,"refTime":"2023-08-23T18:00:00.000Z","significanceOfRT":1,"significanceOfRTName":"Start of forecast","productStatus":0,"productStatusName":"Operational products","productType":1,"productTypeName":"Forecast products","productDefinitionTemplate":0,"productDefinitionTemplateName":"Analysis/forecast at horizontal level/layer at a point in time","parameterCategory":0,"parameterCategoryName":"UnknownDiscipline_0_Category_0","parameterNumber":0,"parameterNumberName":"UnknownParameter_D0_C0_0","parameterUnit":"Unknown","genProcessType":2,"genProcessTypeName":"Forecast","forecastTime":180,"surface1Type":1,"surface1TypeName":"Ground or water surface","surface1Value":0.0,"surface2Type":255,"surface2TypeName":"Missing","surface2Value":0.0,"gridDefinitionTemplate":0,"gridDefinitionTemplateName":"Latitude_Longitude","numberPoints":615,"shape":6,"shapeName":"Earth spherical with radius of 6,371,229.0 m","gridUnits":"degrees","resolution":48,"winds":"true","scanMode":64,"nx":41,"ny":15,"basicAngle":0,"lo1":47.0,"la1":41.0,"lo2":87.0,"la2":55.0,"dx":1.0,"dy":1.0},"data":[313.3,298.5,307.5,299.6,299.3,298.3,311.8,318.0,314.1,315.5,314.5,314.8,313.9,313.9,313.8,316.1,317.9,313.2,316.4,314.9,319.0,313.3,308.7,311.4,315.0,313.4,310.4,304.1,298.4,294.8,296.3,285.9,309.4,322.0,325.4,323.9,325.3,323.7,325.1,321.8,321.2,290.2,305.7,299.6,299.4,299.5,298.1,319.4,316.3,314.6,315.0,315.9,315.0,315.3,314.3,315.3,317.6,318.0,317.8,316.7,317.3,308.0,313.9,311.5,305.0,295.9,297.6,305.4,305.1,301.2,291.8,299.4,291.6,302.0,273.2,297.3,314.9,316.9,319.0,320.7,309.3,285.2,311.0,298.9,299.8,300.0,298.2,315.8,314.7,316.2,315.3,314.0,315.7,315.9,316.2,314.6,315.5,318.0,317.3,316.7,316.1,316.5,320.7,315.7,312.1,307.1,313.6,311.6,314.1,309.9,306.4,302.0,291.7,296.7,304.6,305.9,303.6,305.8,301.4,300.1,303.0,295.5,288.3,312.5,299.7,299.6,298.9,302.0,316.0,314.8,316.8,316.3,314.7,313.9,312.4,295.8,294.9,315.4,321.0,315.1,317.8,315.5,316.1,313.7,316.0,315.0,316.2,315.7,314.4,317.2,315.1,315.9,314.3,315.9,318.5,318.5,327.2,323.1,312.7,306.4,296.4,297.6,316.1,317.3,312.7,299.3,299.6,299.4,305.8,314.2,315.1,316.4,312.2,312.3,313.1,311.3,295.3,294.0,291.7,312.5,314.9,313.2,310.7,310.1,313.1,316.6,317.8,317.0,319.3,320.7,320.1,310.5,321.2,317.5,315.2,310.7,302.6,298.1,304.0,315.0,308.6,319.7,324.6,320.8,322.2,312.1,312.0,297.5,298.5,299.0,298.6,315.0,311.9,312.5,312.4,311.5,311.8,296.9,294.5,301.4,308.6,310.4,312.0,306.3,309.1,309.9,311.5,315.0,316.5,318.7,317.7,318.7,293.0,315.4,315.3,317.8,314.0,313.2,315.0,311.2,308.8,308.6,311.2,323.4,326.4,322.2,309.7,309.2,307.5,306.8,304.3,306.7,311.0,310.0,309.7,307.6,310.3,308.6,308.0,302.9,295.3,294.9,293.4,291.7,292.3,296.0,293.5,299.1,308.5,310.4,310.0,312.8,315.6,315.6,315.8,317.1,316.3,316.7,321.2,314.3,318.0,316.8,308.6,307.4,305.2,303.4,316.6,305.3,305.8,303.3,303.0,304.1,305.0,305.4,304.2,304.4,304.7,305.1,305.6,307.5,306.0,306.3,293.6,292.8,296.3,291.8,288.9,288.1,288.9,290.5,297.7,303.8,305.0,306.0,308.4,308.2,313.0,310.6,312.0,311.4,307.7,306.9,316.8,316.2,289.6,322.2,322.8,315.3,304.2,303.1,303.4,302.8,301.6,302.5,301.7,301.8,301.6,301.7,301.5,302.1,302.0,304.7,305.3,307.4,300.2,300.0,293.3,292.8,290.5,287.0,287.9,290.5,292.1,296.2,298.5,301.1,301.2,300.5,303.6,305.4,310.1,311.8,311.6,305.8,307.1,307.7,297.3,296.5,298.6,302.4,300.4,301.5,300.3,300.2,301.6,301.6,299.3,298.1,298.3,297.4,298.4,300.8,302.4,300.9,302.2,302.4,294.0,303.0,296.1,297.9,289.3,286.3,286.5,295.6,296.0,295.1,296.0,295.7,297.0,300.9,304.6,306.7,306.5,310.3,308.3,299.3,296.8,296.4,297.8,296.8,298.1,298.5,298.2,298.4,297.8,298.2,298.6,299.0,297.9,297.2,296.4,297.5,299.2,298.2,293.1,293.9,298.5,299.2,296.6,289.8,286.8,288.5,288.7,295.3,291.0,293.1,294.8,299.1,299.7,300.5,301.9,302.3,302.5,299.0,300.0,299.1,292.9,294.6,297.5,296.8,295.6,294.5,296.6,298.8,296.7,296.8,297.0,295.9,295.6,295.8,295.1,293.0,294.2,296.1,294.4,295.5,296.3,296.6,296.8,296.9,290.5,288.2,290.5,289.7,295.5,295.2,295.9,296.4,300.2,301.4,301.0,300.2,300.0,298.3,296.7,295.1,297.8,297.2,298.0,296.3,297.3,297.9,290.9,296.0,298.8,297.5,294.5,293.9,295.3,297.0,296.6,293.1,288.6,285.6,292.6,291.6,292.1,288.5,287.0,288.8,287.1,288.2,292.2,284.5,290.0,290.4,291.7,291.7,287.8,292.4,298.4,296.2,297.4,299.2,298.6,298.8,298.0,295.0,295.1,294.9,295.0,294.9,295.1,293.9,292.3,293.3,296.8,294.7,294.5,293.9,292.2,294.1,293.6,287.2,280.8,285.8,286.0,285.9,287.7,289.1,286.7,286.7,286.3,286.8,286.2,286.9,285.1,285.6,285.1,284.0,284.5,291.6,292.2,288.1,293.0,295.5,291.8,291.6,294.1,294.6,294.9,295.0,293.0,295.0,288.1,289.6,290.6,292.9,294.2,292.6,292.4,292.2,290.8,293.0,286.7,286.7,280.9,284.0,287.0,288.0,288.7,286.4,284.7,284.5,284.3,284.1,284.2,282.1,282.3,282.9,289.4,288.5,289.9,288.2,289.9,287.3,288.7,286.5,288.4,292.0,294.5,294.2,296.1,294.4,294.5]},{"header":{"discipline":0,"disciplineName":"Meteorological products","gribEdition":2,"gribLength":1025,"center":7,"centerName":"US National Weather Service - NCEP(WMC)","subcenter":0,"refTime":"2023-08-23T18:00:00.000Z","significanceOfRT":1,"significanceOfRTName":"Start of forecast","productStatus":0,"productStatusName":"Operational products","productType":1,"productTypeName":"Forecast products","productDefinitionTemplate":0,"productDefinitionTemplateName":"Analysis/forecast at horizontal level/layer at a point in time","parameterCategory":2,"parameterCategoryName":"UnknownDiscipline_0_Category_2","parameterNumber":2,"parameterNumberName":"UnknownParameter_D0_C2_2","parameterUnit":"Unknown","genProcessType":2,"genProcessTypeName":"Forecast","forecastTime":180,"surface1Type":103,"surface1TypeName":"Specified height level above ground","surface1Value":10.0,"surface2Type":255,"surface2TypeName":"Missing","surface2Value":0.0,"gridDefinitionTemplate":0,"gridDefinitionTemplateName":"Latitude_Longitude","numberPoints":615,"shape":6,"shapeName":"Earth spherical with radius of 6,371,229.0 m","gridUnits":"degrees","resolution":48,"winds":"true","scanMode":64,"nx":41,"ny":15,"basicAngle":0,"lo1":47.0,"la1":41.0,"lo2":87.0,"la2":55.0,"dx":1.0,"dy":1.0},"data":[0.69600403,1.496004,-1.693996,-0.023995971,-5.433996,-6.103996,-5.633996,-6.383996,-7.433996,-4.033996,-5.243996,-4.863996,-4.633996,-4.763996,-3.953996,-3.813996,-2.583996,-4.773996,-3.943996,-1.563996,1.5260041,1.606004,2.056004,2.036004,-1.703996,0.47600403,2.376004,2.596004,-0.023995971,1.2760041,-1.003996,0.87600404,0.93600404,-1.323996,-2.383996,-2.013996,-2.553996,-3.333996,-2.423996,0.956004,0.69600403,-1.3339959,-2.743996,-0.773996,-4.293996,-5.333996,-2.823996,-3.643996,-4.733996,-3.913996,-3.143996,-3.643996,-3.393996,-2.653996,-2.913996,-2.753996,-2.963996,-2.463996,-3.453996,-3.003996,-1.813996,-1.633996,-0.48399597,3.086004,3.746004,0.576004,0.21600403,1.326004,0.20600402,3.166004,1.876004,0.956004,0.33600402,-0.41399598,0.776004,0.14600402,-0.983996,0.14600402,0.35600403,-0.35399598,-2.963996,-1.443996,-2.833996,-3.713996,-2.113996,-2.223996,-3.453996,-3.203996,-2.743996,-1.5939959,-0.523996,-0.33399597,-0.34399596,-0.783996,-0.69399595,-2.013996,-2.353996,-2.513996,-2.653996,-2.433996,-1.553996,-0.663996,1.466004,0.12600403,-3.123996,-2.653996,0.61600405,-0.0039959718,0.37600404,1.546004,3.4660041,-0.23399597,0.966004,-1.553996,-0.87399596,-1.3539959,-2.003996,1.706004,-0.523996,0.21600403,-2.073996,-1.8539959,-1.413996,-6.073996,-5.283996,-5.153996,-5.013996,-3.323996,-2.373996,-0.18399598,2.856004,4.016004,3.2060041,2.096004,1.996004,0.87600404,1.506004,0.976004,-0.26399598,-1.623996,-1.253996,-1.323996,-1.443996,-1.0839959,-1.5839959,-1.563996,-1.993996,-2.213996,-2.333996,-0.533996,-1.993996,-3.653996,-1.9639959,0.856004,0.21600403,-3.0339959,-0.20399597,-0.95399594,0.576004,1.256004,-1.683996,-2.483996,-2.113996,-1.933996,-5.883996,-5.033996,-4.4139957,-3.323996,-1.873996,-0.69399595,0.046004027,0.906004,1.336004,3.526004,5.316004,5.8360043,3.396004,2.766004,2.846004,1.9160041,0.37600404,-0.593996,-1.633996,-1.5839959,-1.163996,-0.833996,0.046004027,0.13600403,0.36600402,0.81600404,-0.543996,-1.113996,-0.09399597,-1.433996,-2.073996,-0.533996,1.696004,0.37600404,-3.393996,-1.273996,0.10600403,-1.9639959,-2.463996,-1.703996,-1.123996,-3.813996,-3.303996,-6.353996,-6.973996,-5.893996,-4.603996,-0.36399597,1.2860041,2.436004,3.016004,3.606004,5.136004,3.116004,3.806004,4.196004,2.996004,0.75600404,-1.013996,-0.48399597,-0.06399597,0.06600403,0.916004,1.2860041,0.786004,0.586004,0.13600403,-0.63399595,-3.213996,0.06600403,0.906004,0.56600404,-0.11399597,0.026004028,-1.053996,-1.8439959,3.936004,-0.853996,-1.373996,-2.353996,-1.243996,-1.803996,-6.143996,-6.173996,-5.843996,-5.403996,-4.553996,-3.163996,-1.413996,0.62600404,1.326004,1.986004,2.7160041,4.386004,5.716004,6.266004,3.806004,1.056004,-0.833996,-2.313996,0.16600403,3.2160041,3.766004,3.036004,2.4560041,2.016004,1.216004,1.076004,0.80600405,0.836004,0.55600405,1.506004,1.7860041,1.6660041,0.526004,1.4060041,0.98600405,0.966004,1.116004,1.0160041,-1.5939959,0.34600404,-1.1039959,-6.483996,-6.753996,-6.493996,-5.503996,-4.173996,-3.583996,-2.7739959,-2.0339959,-1.2139959,-0.69399595,-0.22399597,1.8960041,4.126004,5.156004,3.986004,-0.95399594,-1.613996,0.50600404,4.376004,3.526004,3.526004,3.796004,3.646004,3.356004,3.176004,3.026004,2.556004,1.926004,1.476004,0.786004,1.8960041,2.126004,2.326004,1.376004,4.726004,-0.583996,-1.913996,3.116004,-0.20399597,0.62600404,2.086004,-6.373996,-5.923996,-5.013996,-4.013996,-2.993996,-2.483996,-2.213996,-2.7739959,-3.0339959,-2.763996,-2.243996,-2.933996,-2.743996,-3.503996,-1.383996,0.62600404,2.666004,3.936004,5.446004,6.496004,6.696004,5.256004,2.7160041,3.736004,4.896004,5.746004,5.026004,4.476004,3.586004,3.886004,2.626004,2.596004,-0.38399598,0.976004,0.016004028,2.266004,2.686004,3.516004,1.4060041,0.73600405,2.116004,-5.603996,-4.283996,-3.693996,-3.013996,-2.813996,-2.5439959,-2.563996,-2.803996,-2.493996,-2.493996,-2.683996,-2.873996,-1.513996,-0.853996,0.09600403,1.706004,2.596004,4.916004,6.216004,6.486004,5.386004,4.636004,0.56600404,3.766004,9.386004,6.546004,5.886004,6.616004,6.5860043,6.656004,5.846004,3.9760041,3.4660041,3.7260041,1.2660041,0.28600404,1.446004,0.516004,4.466004,1.5360041,0.016004028,-3.663996,-2.983996,-1.953996,-1.2239959,-1.923996,-2.383996,-2.063996,-2.463996,-2.933996,-2.0339959,-1.643996,-0.983996,-0.38399598,0.41600403,1.316004,2.4560041,2.4660041,3.746004,1.636004,3.616004,2.836004,4.346004,4.296004,6.806004,4.626004,7.206004,8.146004,8.016004,8.186004,8.356004,7.576004,7.246004,5.896004,4.706004,5.156004,2.936004,1.756004,1.7660041,4.0860043,2.066004,3.2060041,-2.5339959,-2.143996,-0.62399596,-1.0939959,-0.653996,-0.42399597,-0.983996,-1.173996,-1.413996,-0.38399598,0.69600403,1.096004,1.366004,2.636004,2.9560041,3.9660041,4.886004,5.326004,4.656004,4.156004,3.576004,4.546004,5.686004,7.026004,7.626004,8.606004,9.126004,9.426004,9.236004,8.976004,7.976004,7.426004,5.8360043,5.686004,4.5860043,5.186004,5.616004,6.156004,0.15600403,0.046004027,-0.17399597,-0.75399595,-0.75399595,-0.15399598,-0.27399597,0.55600405,0.16600403,-0.36399597,0.32600403,0.856004,0.41600403,1.176004,2.9560041,2.936004,3.106004,3.096004,3.546004,4.106004,4.906004,4.126004,5.466004,6.486004,5.116004,7.846004,8.556004,8.336004,8.606004,5.776004,6.946004,6.866004,6.776004,7.886004,7.666004,7.626004,7.546004,6.356004,6.276004,5.376004,4.136004,5.456004,3.356004,2.546004,0.43600404,0.786004,-0.43399596,1.126004,0.87600404,0.846004,0.766004,1.636004,1.816004,1.1560041,2.066004,2.2260041,3.296004,2.496004,2.896004,3.4760041,3.876004,4.456004,5.006004,5.976004,6.8360043,6.056004,7.476004,6.776004,6.746004,2.9560041,2.176004,3.446004,5.746004,7.026004,7.0860043,9.636004,9.136004,7.616004,5.626004,6.566004,4.826004,4.536004,4.686004,3.846004,3.576004,0.75600404,0.666004,1.2860041,1.8960041,1.856004,2.356004,2.616004,2.9560041,2.896004,2.846004,1.6460041,3.816004,1.966004,3.7060041,4.166004,4.286004,3.916004,4.406004,4.056004,5.546004,6.046004,6.776004,6.846004,0.646004,0.49600402,2.656004,5.626004,5.956004,6.616004,6.876004,8.046004,9.226004,9.576004,7.566004,5.456004,5.606004,4.936004,5.646004,4.696004,3.756004,3.2060041]},{"header":{"discipline":0,"disciplineName":"Meteorological products","gribEdition":2,"gribLength":1025,"center":7,"centerName":"US National Weather Service - NCEP(WMC)","subcenter":0,"refTime":"2023-08-23T18:00:00.000Z","significanceOfRT":1,"significanceOfRTName":"Start of forecast","productStatus":0,"productStatusName":"Operational products","productType":1,"productTypeName":"Forecast products","productDefinitionTemplate":0,"productDefinitionTemplateName":"Analysis/forecast at horizontal level/layer at a point in time","parameterCategory":2,"parameterCategoryName":"UnknownDiscipline_0_Category_2","parameterNumber":3,"parameterNumberName":"UnknownParameter_D0_C2_3","parameterUnit":"Unknown","genProcessType":2,"genProcessTypeName":"Forecast","forecastTime":180,"surface1Type":103,"surface1TypeName":"Specified height level above ground","surface1Value":10.0,"surface2Type":255,"surface2TypeName":"Missing","surface2Value":0.0,"gridDefinitionTemplate":0,"gridDefinitionTemplateName":"Latitude_Longitude","numberPoints":615,"shape":6,"shapeName":"Earth spherical with radius of 6,371,229.0 m","gridUnits":"degrees","resolution":48,"winds":"true","scanMode":64,"nx":41,"ny":15,"basicAngle":0,"lo1":47.0,"la1":41.0,"lo2":87.0,"la2":55.0,"dx":1.0,"dy":1.0},"data":[-0.031572267,2.0084276,-1.8515723,-3.3515723,-1.8815722,-0.7115723,1.9784278,1.8984277,1.7284278,1.7184278,-0.44157228,-0.87157226,-1.4415723,-1.9515723,-2.0115724,-3.1815722,-3.1315722,-2.5215724,-4.831572,-3.9915724,-2.4215722,-2.8115723,-0.87157226,1.2484277,2.2184277,2.2784278,1.5284277,-0.27157226,-0.011572266,5.438428,2.3084278,1.9384277,0.38842773,-0.5415723,-0.23157227,2.1384277,3.0884278,2.2884278,-1.6915723,4.038428,-1.1715722,-1.0615723,2.6084278,0.46842775,-0.41157228,-0.5215723,-1.0015723,0.7884277,2.2584276,2.2984278,1.1784277,0.038427733,-0.40157226,0.23842773,0.30842772,-1.0115722,-0.7315723,-0.93157226,-2.8415723,-4.0715723,-5.4115725,-2.9915724,-4.001572,-0.29157227,-0.36157227,3.0984278,3.2784278,3.1784277,1.0484277,-0.24157226,2.9084277,-1.1715722,2.0384278,1.3284278,1.8784277,3.4584277,3.3184278,3.7084277,3.0684278,2.0684278,-1.0915723,0.068427734,1.5984278,3.7684278,1.6584277,1.2984277,3.0084276,2.1184278,1.7884277,1.6684277,2.3684278,2.6384277,0.9684277,0.7284277,1.1784277,1.4984277,0.67842776,-0.31157225,-2.1815722,-2.9915724,-5.0515723,-6.0715723,-2.7815723,-2.7715724,-5.021572,-1.4315723,-2.0415723,-2.1415722,-1.7015723,-0.82157224,-0.67157227,-2.9215722,0.16842774,1.1684277,-2.4315722,2.3584278,-0.43157226,-3.4615722,-1.6715722,2.3384278,0.0084277345,2.0684278,-0.9715723,3.6684277,0.80842775,-1.4715723,-1.4315723,-0.7215723,-1.4115722,-3.3815722,-1.6215723,-1.0015723,2.1484277,2.2684278,1.7084278,0.81842774,2.1084278,2.0784278,0.9784277,-0.62157226,-2.4115722,-4.8415723,-6.2415724,-5.501572,-1.6215723,-0.68157226,-1.5215722,-1.8815722,-3.5115724,-3.8415723,-0.6515723,-1.4515723,-3.8915722,-2.6315722,1.0984278,0.87842774,-0.25157225,0.5284277,2.4584277,1.9884278,-0.43157226,-3.0715723,-3.1215723,-2.5415723,1.4084277,-0.7215723,-1.8015723,-2.4715722,-3.1915722,-2.6715722,-3.1115723,-2.7815723,-3.9015722,0.24842773,0.9584277,0.39842772,4.1284275,3.9784276,2.9184277,1.9784278,0.5884277,-0.6015723,-3.0915723,-4.2215724,-3.5115724,-1.2215723,-1.4515723,-1.7515723,-1.8315723,-1.4315723,-1.1015723,-3.4815722,-1.7515723,-3.1915722,-4.001572,-3.8015723,-2.4815722,-0.32157227,0.6484277,1.5284277,1.3184277,0.82842773,-1.7515723,-0.8515723,-1.6315722,0.29842773,-0.7115723,-2.1515722,-3.3515723,-4.3915725,-5.4315724,-4.8415723,-4.2815723,-3.7515724,-2.9715722,-1.8715723,0.50842774,4.328428,5.0484276,4.5084276,3.5184278,2.9884276,0.9084277,-1.7315723,-3.2015722,-2.8015723,-2.6315722,-1.1315722,0.38842773,-0.56157225,-0.44157228,-0.7115723,-3.2015722,-2.3315723,-2.0815723,-2.1315722,-1.7815722,-1.8415723,-2.7315722,-2.9115722,-0.9715723,-3.5515723,1.3184277,1.5084277,0.18842773,-1.2415723,-0.011572266,-1.0415722,-2.0215724,-3.6115723,-5.001572,-5.831572,-6.311572,-6.0315723,-5.041572,-4.401572,-3.8415723,-2.7515724,-1.1415722,2.0884278,4.808428,4.018428,3.5984278,1.5384277,-1.2215723,-2.4615722,-1.3415723,-1.0515723,-0.9615723,-0.041572265,1.1684277,0.21842773,0.018427735,-0.6615723,-1.1315722,-1.2715722,0.028427735,0.8484277,-0.48157227,0.0084277345,1.3484278,2.1084278,1.9084277,4.4884276,4.4484277,4.098428,-1.7815722,-0.28157225,-1.0615723,-2.5115724,-4.1415725,-5.331572,-6.171572,-7.0715723,-6.581572,-5.7615724,-5.481572,-5.3615723,-4.5915723,-3.6815722,-0.88157225,2.9384277,6.848428,5.3584275,3.6784277,1.5784278,2.6384277,-0.37157226,-1.0915723,0.87842774,0.61842775,0.6484277,0.5384277,0.048427735,0.6684277,0.08842774,-0.36157227,0.43842775,-0.55157226,1.6284277,2.2384276,1.4984277,-0.031572267,-1.6415722,-1.9115722,0.21842773,0.21842773,2.2984278,-0.031572267,-1.5915723,-2.8515723,-3.7815723,-4.191572,-4.521572,-4.5515723,-4.7815723,-5.331572,-5.401572,-5.351572,-5.441572,-4.711572,-2.9315722,2.0684278,2.0584278,-0.33157226,-0.88157225,-0.47157228,0.21842773,1.4484277,4.1584277,3.5884278,1.8884277,1.9284277,0.8984277,1.5584277,0.9184277,0.20842773,0.018427735,0.94842774,0.7784277,-0.46157226,-0.47157228,-0.36157227,0.068427734,3.3784277,1.5284277,5.0084276,5.0484276,3.5484278,0.69842774,-0.76157224,-2.3315723,-3.7015722,-4.021572,-4.541572,-4.711572,-5.061572,-5.541572,-5.271572,-5.421572,-4.5515723,-4.751572,-3.4915724,-2.7015722,-2.4215722,-2.9315722,-1.1015723,0.36842772,0.6684277,2.8584278,3.1884277,3.8084278,2.9084277,-0.16157226,2.9884276,3.1384277,2.1084278,1.3784277,1.2284278,1.0484277,1.2184278,1.7084278,1.3384278,0.63842773,-0.93157226,0.098427735,2.6584277,4.418428,3.1884277,3.0684278,0.47842774,-0.9615723,-2.2215722,-2.9215722,-2.5815723,-3.0015724,-3.5215724,-3.7515724,-4.6315722,-5.3415723,-4.8815722,-4.2415724,-3.9015722,-3.9315722,-4.2215724,-3.5815723,-4.5315723,-4.921572,-3.8015723,-0.8415723,-0.70157224,0.9684277,3.5784278,1.6984277,3.8384278,2.0384278,2.6184278,1.8284278,1.8884277,1.4384277,1.2184278,1.0684277,2.7084277,3.6684277,3.3184278,3.0784278,2.8284278,1.5484277,5.8884277,4.3884277,2.6184278,1.1784277,-1.7515723,-1.1615722,-2.1215723,-2.6515722,-2.9515722,-3.1015723,-3.7515724,-3.9315722,-4.6615725,-5.0915723,-5.101572,-4.271572,-4.0915723,-4.061572,-4.151572,-3.5315723,-3.4115722,-2.7115722,-1.2315723,-0.61157227,-0.64157224,0.54842776,0.8484277,1.3084277,1.8684278,1.9484277,1.8584278,1.5984278,1.5984278,2.0984278,3.1984277,3.6884277,4.7184277,4.2784276,4.6784277,4.018428,1.4384277,-2.5415723,-2.3615723,-1.6615722,2.0384278,1.2284278,-0.92157227,-1.3915722,-1.4615723,-1.5715723,-2.6915722,-3.3315723,-4.651572,-4.561572,-3.2115722,-4.151572,-4.691572,-4.981572,-5.3015723,-4.101572,-3.6215723,-3.2015722,-2.2515724,-2.1615722,-0.34157225,-1.4315723,-0.8315723,0.20842773,0.30842772,-0.14157227,2.4484277,1.3884277,1.4184277,1.6884277,2.4584277,3.8284278,4.438428,4.5884275,6.348428,6.3384275,5.8184276,4.0284276,3.5484278,3.0784278,0.85842776,2.4484277,1.2284278,0.6684277,-0.8315723,-1.6315722,-2.0915723,-2.5615723,-3.6215723,-4.1315722,-4.0115724,-1.7815722,-0.9815723,-5.0115724,-4.9515724,-4.231572,-4.2615724,-4.3015723,-3.7515724,-2.4015722,-1.4215722,-0.63157225,0.44842774,0.7084277,1.8384278,1.9684278,1.9584278,2.5884278,2.5684278,2.7584276,2.1484277,2.7384276,3.3084278,5.288428,5.918428,5.5284276,6.2984276,6.1284275,6.0484276,5.828428,4.0084276,4.3584275,2.1484277,2.3684278,1.4484277,0.39842772,-0.88157225,-1.1515722,-2.6015723,-3.1015723,-3.2115722,-2.2915723,-0.09157226,-1.0915723,0.7084277,-3.2915723,-5.441572,-5.0115724,-4.9115725,-3.9915724,-3.4015722,-2.6815722,-1.7115723,-0.8515723,0.44842774,3.6184278,1.9684278,1.9784278,2.9984276,1.2784277,1.6084278,1.6884277,1.4884278,3.8584278,3.1384277,3.9984276,7.9084277,7.4484277,8.808428,8.078427,7.3884277,7.6084275,4.6584277]}]