wind_kz.json
{"header": {"discipline":0,"disciplineName":"Meteorological products","gribEdition":2,"gribLength":1025,"center":7,"centerName":"US National Weather Service - NCEP(WMC)","subcenter":0,"refTime":"2023-09-26T00:00:00.000Z","significanceOfRT":1,"significanceOfRTName":"Start of forecast","productStatus":0,"productStatusName":"Operational products","productType":1,"productTypeName":"Forecast products","productDefinitionTemplate":0,"productDefinitionTemplateName":"Analysis/forecast at horizontal level/layer at a point in time","parameterCategory":2,"parameterCategoryName":"UnknownDiscipline_0_Category_2","parameterNumber":2,"parameterNumberName":"UnknownParameter_D0_C2_2","parameterUnit":"Unknown","genProcessType":2,"genProcessTypeName":"Forecast","forecastTime":60,"surface1Type":103,"surface1TypeName":"Specified height level above ground","surface1Value":10.0,"surface2Type":255,"surface2TypeName":"Missing","surface2Value":0.0,"gridDefinitionTemplate":0,"gridDefinitionTemplateName":"Latitude_Longitude","numberPoints":615,"shape":6,"shapeName":"Earth spherical with radius of 6,371,229.0 m","gridUnits":"degrees","resolution":48,"winds":"true","scanMode":64,"nx":41,"ny":15,"basicAngle":0,"lo1":47.0,"la1":41.0,"lo2":87.0,"la2":55.0,"dx":1.0,"dy":1.0}, "data":
[rows 0 to 14 of 15, columns 0 to 40 of 41]
-0.32625487,1.5437452,-2.696255,-3.9062548,-0.35625488,1.0437452,5.253745,1.8337451,1.3037452,0.18374512,-0.18625489,1.3537451,1.3437451,2.583745,2.4437451,1.8637451,0.93374515,0.5537451,1.1537452,1.5437452,3.263745,2.973745,4.203745,4.7837453,2.6037452,2.983745,-0.62625486,2.9037452,0.24374512,2.013745,-1.8362548,1.5537452,-0.9762549,-0.81625485,-2.3162549,-0.5162549,-1.6262549,-3.2962549,-1.9862549,-2.6162548,-2.036255
-1.3562549,-3.706255,-3.5562549,-4.346255,-3.3262548,-0.24625488,-1.0962548,-0.61625487,0.82374513,1.3437451,2.513745,3.303745,2.563745,0.21374512,0.82374513,2.503745,1.4737451,1.5637451,1.2037451,1.8137451,2.8737452,3.7037451,4.423745,0.043745115,1.7937452,-0.2762549,0.22374512,0.4737451,1.0737451,0.7737451,0.5837451,0.013745117,-1.3862549,-1.9362549,0.19374512,1.0137451,0.7837451,-1.1662549,-1.1862549,-1.5262549,-0.48625487
-5.9662547,-5.156255,-4.876255,-3.8462548,-0.5862549,-0.096254885,-1.5762548,0.22374512,0.8637451,1.4337451,3.4437451,3.523745,4.483745,-0.81625485,0.07374512,0.9937451,1.6237451,2.243745,2.813745,3.493745,2.803745,4.363745,3.513745,4.2637453,-0.8962549,0.29374513,0.5337451,0.94374514,3.213745,-0.7162549,1.4037452,-0.8962549,1.8837451,1.0537452,-1.7362549,-1.7262549,0.4137451,0.15374511,-0.42625487,0.42374513,0.45374513
-7.816255,-5.866255,-4.306255,-0.4062549,1.4737451,-3.3562548,-0.046254884,-1.9262549,0.21374512,2.0937452,4.773745,6.793745,0.13374512,0.7437451,3.6237452,2.1637452,0.22374512,1.2137451,4.273745,4.203745,2.793745,0.6537451,1.8437451,0.3137451,0.82374513,2.1137452,2.1837451,3.213745,4.3237453,3.463745,-2.286255,2.823745,3.9437451,2.5937452,2.803745,2.323745,-1.0162549,2.743745,-1.0662549,-2.8062549,-2.496255
-6.726255,-5.396255,-4.066255,-2.8862548,-0.7162549,-0.16625488,0.88374513,2.1437452,2.293745,4.143745,4.343745,6.133745,3.6837451,3.003745,3.1337452,5.873745,2.3937452,1.6337451,1.7037451,3.6837451,5.523745,4.373745,4.2837453,3.8637452,3.9037452,4.643745,3.553745,-1.9362549,4.923745,1.6037451,1.8437451,0.8037451,1.8637451,2.023745,-1.3762549,-1.8462548,-2.916255,-2.736255,-1.7262549,-1.9862549,-2.0462549
-4.116255,-1.6862549,-2.4062548,0.5537451,2.723745,4.403745,5.8237453,2.483745,3.1437452,2.6437452,3.8837452,3.473745,4.8237453,1.2637451,2.1637452,0.7637451,1.1037451,1.3737451,1.8337451,3.1037452,4.543745,5.883745,4.203745,4.2637453,2.7037451,3.233745,3.4037452,-3.6062548,1.5037451,-1.4262549,-1.6862549,-2.416255,-0.07625488,1.3937451,0.5537451,-1.0362549,0.7237451,-0.19625488,-1.2162548,-1.0562549,-1.9062549
-3.756255,-3.036255,-3.166255,-1.5062549,0.17374511,1.0637451,0.4737451,1.5137451,1.4637451,1.4437451,1.8537451,1.2637451,1.0137451,-0.4362549,-0.4962549,-1.7862549,0.27374512,1.0337452,1.1137451,2.4537451,0.5337451,0.8537451,1.2837452,1.7437451,3.333745,3.333745,2.723745,3.973745,0.10374512,0.6037451,2.763745,1.3837451,-2.0762548,1.6337451,1.7937452,-1.4962549,1.7437451,-0.066254884,-1.4762549,1.7537451,-2.3262548
-2.496255,-2.6262548,-2.436255,-2.266255,-1.0762548,-0.92625487,-0.7162549,0.32374513,-0.006254883,0.5437451,0.06374512,-1.4362549,-1.8362548,-5.246255,-3.946255,-0.036254883,1.5237451,0.7337451,0.8437451,0.57374513,2.6337452,0.0037451172,-0.6362549,0.5537451,3.473745,3.503745,3.833745,3.573745,4.4937453,3.3837452,2.583745,4.373745,2.4337451,1.0037451,2.3937452,-3.926255,-3.226255,-8.566255,-6.336255,-5.666255,-2.426255
-0.12625489,-0.93625486,-1.3162549,-1.2562549,-0.9162549,-0.3662549,-0.15625489,0.15374511,-0.4362549,0.12374511,-0.19625488,-0.5962549,-0.5462549,-0.9162549,2.323745,2.4537451,0.30374512,0.87374514,0.82374513,0.50374514,0.50374514,-0.066254884,-0.6962549,1.9237452,1.6337451,1.9837451,2.333745,2.6837451,2.3737452,5.203745,3.6937451,4.413745,1.1937451,0.9937451,2.463745,-3.216255,-0.23625489,0.7137451,-1.3562549,1.5037451,-1.7462549
-2.026255,-1.7062548,-0.74625486,-0.42625487,-0.9462549,-0.5062549,-0.20625488,-0.44625488,-0.47625488,-0.066254884,0.6437451,0.23374511,-0.006254883,1.0037451,2.063745,-1.9562548,0.8337451,0.5137451,1.4537451,1.8537451,1.9537451,1.1037451,1.1737452,0.113745116,-0.7662549,0.56374514,2.1437452,4.333745,3.773745,4.4737453,3.583745,0.5237451,0.7137451,0.42374513,2.9037452,-1.7162548,-2.5462549,-0.5262549,-0.28625488,0.68374515,-0.9662549
-0.68625486,-0.4662549,-0.6062549,-0.23625489,-0.056254882,-0.29625487,-0.42625487,-0.28625488,-0.7162549,0.3737451,1.0437452,-1.3962549,-1.0362549,-1.5562549,-1.1362549,-2.226255,1.0237451,1.4637451,1.1437451,2.1237452,2.303745,2.313745,2.733745,1.7737451,0.013745117,0.24374512,0.9737451,0.5137451,0.5537451,2.543745,3.3837452,1.0337452,1.0337452,0.30374512,-1.0362549,-2.6162548,-1.0962548,0.9237451,-0.006254883,1.5437452,0.4137451
-0.18625489,-0.47625488,0.36374512,-0.006254883,-0.18625489,-0.13625488,-0.19625488,0.27374512,-0.3462549,0.42374513,0.8537451,-1.2262549,-1.2262549,0.45374513,1.7437451,1.2537451,1.6437451,2.3437452,1.9537451,1.8837451,1.8037452,1.9137452,2.1537452,2.483745,2.4037452,2.1737452,0.88374513,3.013745,1.3437451,1.8837451,3.283745,3.4437451,0.3737451,-1.5662549,-1.0762548,-0.5062549,1.5237451,-2.026255,-1.4962549,-1.0162549,-0.7562549
0.7637451,0.6737451,-0.20625488,0.7637451,1.1437451,0.75374514,0.16374512,0.06374512,-0.7062549,-0.6662549,0.7037451,-0.046254884,-2.456255,0.0037451172,1.2637451,0.0037451172,1.8037452,2.513745,1.9337451,2.6137452,3.213745,1.6037451,1.7937452,2.9137452,3.993745,2.1337452,3.053745,1.9537451,0.15374511,-0.4662549,1.5837451,0.9937451,-2.4062548,-2.526255,-1.2062548,-1.4262549,-1.5162549,-0.6462549,-1.5062549,-0.6362549,-0.026254883
1.6937451,1.8537451,3.003745,1.8837451,1.0637451,0.88374513,0.06374512,0.42374513,0.43374512,-0.22625488,0.4737451,1.5837451,2.233745,0.2537451,1.9237452,2.3437452,2.833745,1.1637452,2.4137452,2.6137452,2.6237452,2.803745,1.2737451,3.503745,4.043745,1.4037452,0.56374514,1.1137451,1.8437451,-0.42625487,-1.0062549,0.8037451,-1.0962548,-1.9462548,-2.466255,-2.236255,-1.9562548,-1.4162549,0.5937451,0.22374512,-1.3162549
2.463745,2.983745,2.9137452,2.733745,2.8737452,2.073745,2.3837452,2.8637452,3.243745,3.3637452,1.2837452,3.1137452,2.6337452,3.523745,4.8037453,3.323745,3.3637452,3.993745,2.533745,1.7537451,0.7237451,2.073745,2.223745,2.313745,2.483745,2.293745,2.3837452,2.1837451,4.083745,1.2437451,0.113745116,0.93374515,0.32374513,0.3737451,0.083745115,-0.7362549,0.7237451,1.1337451,1.6037451,0.69374514,-0.87625486
