wind_kz.json
{"header": {"discipline":0,"disciplineName":"Meteorological products","gribEdition":2,"gribLength":1102,"center":7,"centerName":"US National Weather Service - NCEP(WMC)","subcenter":0,"refTime":"2024-04-09T12:00:00.000Z","significanceOfRT":1,"significanceOfRTName":"Start of forecast","productStatus":0,"productStatusName":"Operational products","productType":1,"productTypeName":"Forecast products","productDefinitionTemplate":0,"productDefinitionTemplateName":"Analysis/forecast at horizontal level/layer at a point in time","parameterCategory":2,"parameterCategoryName":"UnknownDiscipline_0_Category_2","parameterNumber":3,"parameterNumberName":"UnknownParameter_D0_C2_3","parameterUnit":"Unknown","genProcessType":2,"genProcessTypeName":"Forecast","forecastTime":240,"surface1Type":103,"surface1TypeName":"Specified height level above ground","surface1Value":10.0,"surface2Type":255,"surface2TypeName":"Missing","surface2Value":0.0,"gridDefinitionTemplate":0,"gridDefinitionTemplateName":"Latitude_Longitude","numberPoints":615,"shape":6,"shapeName":"Earth spherical with radius of 6,371,229.0 m","gridUnits":"degrees","resolution":48,"winds":"true","scanMode":64,"nx":41,"ny":15,"basicAngle":0,"lo1":47.0,"la1":41.0,"lo2":87.0,"la2":55.0,"dx":1.0,"dy":1.0}, "data":
[rows 0 to 14 of 15, columns 0 to 40 of 41]
3.676509,2.2165089,1.2965088,-0.9734912,-4.073491,-0.93349123,5.066509,2.426509,0.75650877,-0.8334912,-3.1434913,-3.4134912,-4.933491,-6.383491,-7.203491,-6.743491,-7.223491,-12.093492,-2.2534912,0.75650877,-0.3634912,-2.3334913,-2.6534913,1.0165088,2.7765088,1.9365088,0.9965088,-1.1634912,11.296509,5.9965086,2.9865088,1.0065088,1.9065088,1.6965088,0.01650879,2.0465088,1.5565088,0.5465088,-1.5034912,-4.7134914,-0.8934912
3.936509,-0.41349122,-0.3934912,1.4565088,-0.13349122,-3.9134912,3.8665087,2.0365088,-0.023491211,-2.553491,-4.943491,-5.993491,-6.7934914,-6.633491,-7.933491,-7.0034914,2.2465088,0.82650876,2.1165087,3.4965088,2.5665088,1.3365088,-2.3534913,-2.7934911,2.2265089,-1.4934912,-1.8334912,-0.3434912,0.12650879,1.2165087,-0.5134912,3.1265087,0.8665088,0.9165088,-0.4334912,4.026509,0.7865088,1.8465087,-0.86349124,2.0565088,-2.0134912
-2.4834912,-1.6834912,1.2865088,3.3765087,2.0465088,4.506509,4.306509,2.5465088,1.4265088,-1.3134912,-4.243491,-7.5634913,-6.943491,-9.503491,-8.063491,0.07650879,-5.6434913,-0.15349121,-1.2634912,-0.7834912,3.3665087,-2.5234911,-3.063491,-1.5834912,-1.3534912,-0.5034912,-0.8834912,0.49650878,-0.2234912,-1.0934912,0.7665088,-0.3934912,-3.6034913,2.2565088,0.6865088,-1.5734912,0.5465088,-0.3634912,1.8565087,2.6065087,-0.9534912
-2.6234913,-3.9434912,1.8865088,3.0465088,5.066509,6.116509,4.5865088,3.7765088,1.7165087,0.10650879,-1.5934912,-5.473491,-5.6034913,-7.133491,-9.573491,-6.533491,-3.4434912,-0.8134912,0.5365088,1.7865088,-1.9834912,-2.9334912,-1.0034912,-1.6334912,-1.2534912,-1.8734912,-2.5834913,-3.3734913,-2.2434912,-2.4734912,-3.2534912,-0.9534912,0.3865088,0.18650879,-0.41349122,-3.9134912,-5.133491,-1.2434912,-1.7134912,-0.2734912,-1.0534912
-1.3934913,-4.013491,-4.0834913,-2.7434912,-3.2234912,5.156509,5.306509,3.9965088,2.2065089,-0.13349122,-0.7734912,-1.9834912,-5.073491,-6.9634914,-5.013491,-5.2334914,-4.993491,-2.6634912,-0.86349124,-0.67349124,-1.2334912,-1.1534913,-2.303491,-1.7634912,-2.1334913,-3.2934911,-5.6434913,-3.6334913,-5.1434913,-4.593491,-4.183491,-3.6234913,-1.6734912,1.2065088,0.5565088,0.8365088,0.8365088,-0.6434912,0.42650878,0.75650877,-1.9834912
-3.9334912,-2.073491,0.6065088,-0.7134912,-1.4434912,-1.8434912,1.7865088,4.366509,3.2965088,0.75650877,-0.17349121,-1.6734912,1.0665088,-3.1734912,-6.533491,-7.033491,-5.1234913,-2.303491,-3.2434912,-2.9634912,-2.6734912,-2.0234911,-1.6234912,-1.6334912,-0.44349122,-0.5634912,-2.8634913,-5.1034913,-2.7234912,-4.3334913,-5.533491,-7.0834913,-4.903491,-4.5834913,-1.0334913,3.8465087,-2.313491,3.2565088,4.736509,1.7165087,-1.2634912
-4.3534913,-4.0234914,-3.7034912,-4.2334914,4.076509,6.256509,3.9565089,4.7065086,3.7465088,2.3365088,0.4065088,-1.0234913,-2.6434913,-3.9334912,-4.053491,-5.173491,-5.553491,-3.6134913,-3.553491,-3.2534912,-4.193491,-3.8934913,-3.5034912,-2.4634912,-1.1534913,-1.9434912,-2.9634912,-4.093491,-4.513491,-4.7534914,-6.113491,-6.1634912,-8.233491,-9.403491,0.096508786,-4.6434913,-3.6734912,-3.6634912,-2.0134912,1.9065088,-6.553491
-2.0434911,-4.3734913,-4.323491,-4.573491,-3.3534913,2.6465087,4.7065086,5.076509,4.256509,3.4665089,1.7765088,-0.2234912,-0.9734912,-1.9134912,-3.2634912,-3.3434913,-3.6334913,-3.8634913,-3.4834912,-2.0234911,-2.9034913,-2.7134912,-3.303491,-3.553491,-3.4634912,-3.0834913,-2.1534913,-2.8534913,-4.053491,-5.703491,-6.343491,-6.653491,-6.923491,-8.263492,-5.823491,-6.2134914,-1.5734912,0.43650877,2.2565088,0.5265088,-0.7034912
-3.6234913,-3.3534913,-4.743491,-4.403491,-4.113491,-1.9034913,1.2765088,4.616509,4.066509,3.3765087,2.8365088,1.1965088,0.04650879,-1.5634912,-1.7934912,-2.4834912,-2.6334913,-2.8934913,-2.6634912,-2.063491,-1.4634912,-1.8034912,-2.7634912,-2.823491,-2.7034912,-2.7234912,-3.053491,-3.2534912,-3.9634912,-4.783491,-6.5434914,-7.013491,-7.403491,-7.1434913,-7.223491,-6.2534914,-4.5634913,-3.6434913,-4.453491,-2.813491,-3.4034913
-1.5234913,-2.2834911,-3.5834913,-3.6934912,-4.433491,-4.053491,-2.5034912,0.7765088,3.6065087,3.186509,2.3965087,1.8965088,1.0265088,0.5865088,-0.61349124,-1.1834912,-1.5534912,-1.4234912,-1.3834912,-1.3934913,-1.8034912,-2.7034912,-1.8734912,-1.7934912,-1.9134912,-2.0334911,-2.1234913,-2.5034912,-3.7034912,-4.783491,-6.053491,-6.6034913,-6.723491,-6.9834914,-7.183491,-7.013491,-2.553491,-0.3434912,-2.303491,-2.1634912,-2.1934912
-1.2434912,-1.2734913,-1.1334912,-3.2134912,-3.7334912,-3.9134912,-3.4434912,-3.2734911,-0.9734912,1.0565088,1.8865088,2.196509,0.3565088,1.1665088,1.2965088,-0.03349121,-0.04349121,-0.023491211,-0.86349124,-1.2734913,-0.2934912,0.1365088,-0.4334912,-0.6434912,-1.5234913,-1.5534912,-1.6634912,-2.3534913,-2.6334913,-3.1834912,-4.2334914,-5.243491,-6.2934914,-5.6034913,-6.243491,-6.2734914,-4.3934913,-2.7034912,-4.673491,-2.7134912,-3.1034913
-1.2534912,-1.3934913,-0.5034912,-1.8434912,-2.4834912,-2.8434913,-3.2134912,-3.3734913,-3.303491,-1.8534912,0.10650879,1.7765088,2.6365087,1.2065088,1.0965087,1.1765088,1.1765088,0.7365088,1.0165088,0.4865088,-0.6334912,1.2665088,0.7865088,0.8365088,-0.5034912,-1.4834912,-1.3734912,-0.6534912,-0.8734912,-1.9734912,-3.063491,-4.1234913,-4.3134913,-4.573491,-4.0034914,-3.9434912,-4.443491,-3.2334912,-2.5134912,-2.5034912,-2.1634912
0.4765088,0.7765088,-0.3434912,0.036508787,-0.6534912,-1.5334913,-2.053491,-2.6734912,-3.8734913,-3.9334912,-1.7334912,-0.8934912,-0.5234912,1.5865088,1.4965088,1.3065088,2.6665087,2.0065088,3.0865088,1.5365088,2.0165088,0.81650877,0.9065088,0.39650878,0.21650879,0.8965088,0.6765088,-0.8434912,-1.9534912,-0.4034912,-1.5734912,-2.5934913,-2.5134912,-3.3934913,-3.4134912,-3.3734913,-3.4434912,-2.9434912,-3.7434912,-3.1934912,-1.1434913
1.3665088,1.4165088,1.2065088,-0.0134912105,0.096508786,-0.1934912,-0.61349124,-1.1034912,-1.7434912,-2.1734912,-2.2834911,-2.3734913,-2.4234912,-1.6034912,-1.7134912,0.9165088,1.5465088,2.5265088,3.3165088,3.3465087,2.8465087,2.2865088,1.1465088,0.2665088,0.04650879,-0.0134912105,0.6465088,0.3865088,1.2865088,1.5665088,-0.5234912,-0.9734912,-1.9734912,-1.7334912,-2.2634912,-2.6734912,-2.7934911,-2.9534912,-3.2134912,-3.0234911,-4.923491
1.8665088,2.6465087,2.5065088,2.5565088,1.4365088,0.39650878,-0.25349122,-0.41349122,-0.80349123,-1.6634912,-1.3134912,-0.92349124,-1.3234912,-2.0034912,-4.443491,-3.9234912,0.6665088,1.4665087,2.9865088,3.2665088,3.5765088,2.3965087,2.4965088,1.9165088,1.1465088,1.5565088,1.2365088,0.6665088,1.7165087,3.2265089,1.9765087,0.6565088,0.2265088,-0.7534912,-1.4734912,-1.9534912,-2.7034912,-2.573491,-2.1134913,-2.5434911,-1.8234912
