wind_kz.json
{"header": {"discipline":0,"disciplineName":"Meteorological products","gribEdition":2,"gribLength":871,"center":7,"centerName":"US National Weather Service - NCEP(WMC)","subcenter":0,"refTime":"2023-09-09T12:00:00.000Z","significanceOfRT":1,"significanceOfRTName":"Start of forecast","productStatus":0,"productStatusName":"Operational products","productType":1,"productTypeName":"Forecast products","productDefinitionTemplate":0,"productDefinitionTemplateName":"Analysis/forecast at horizontal level/layer at a point in time","parameterCategory":0,"parameterCategoryName":"UnknownDiscipline_0_Category_0","parameterNumber":0,"parameterNumberName":"UnknownParameter_D0_C0_0","parameterUnit":"Unknown","genProcessType":2,"genProcessTypeName":"Forecast","forecastTime":120,"surface1Type":1,"surface1TypeName":"Ground or water surface","surface1Value":0.0,"surface2Type":255,"surface2TypeName":"Missing","surface2Value":0.0,"gridDefinitionTemplate":0,"gridDefinitionTemplateName":"Latitude_Longitude","numberPoints":615,"shape":6,"shapeName":"Earth spherical with radius of 6,371,229.0 m","gridUnits":"degrees","resolution":48,"winds":"true","scanMode":64,"nx":41,"ny":15,"basicAngle":0,"lo1":47.0,"la1":41.0,"lo2":87.0,"la2":55.0,"dx":1.0,"dy":1.0}, "data":
[rows 0 to 14 of 15, columns 0 to 40 of 41]
303.26022,284.56024,292.46024,297.76022,297.56024,296.56024,306.46024,310.26022,307.76022,307.76022,305.96024,308.16022,308.56024,308.46024,307.66022,308.36023,307.96024,306.86023,307.66022,307.36023,309.16022,305.16022,305.66022,302.26022,305.16022,308.46024,303.86023,289.76022,289.06024,287.36023,286.96024,288.96024,298.86023,303.86023,304.06024,304.06024,304.06024,303.66022,303.26022,303.36023,303.16022
279.56024,294.46024,297.06024,297.26022,297.36023,295.96024,311.36023,305.56024,305.16022,304.66022,306.56024,305.66022,306.16022,305.96024,306.46024,307.26022,306.96024,306.56024,305.26022,305.66022,306.06024,304.86023,303.66022,295.96024,286.96024,287.46024,297.36023,290.46024,292.26022,285.26022,289.36023,281.86023,291.16022,261.26022,285.56024,301.16022,299.96024,302.36023,305.06024,296.76022,286.46024
294.26022,296.76022,297.46024,297.26022,295.36023,305.26022,305.46024,305.56024,303.76022,302.36023,303.26022,304.46024,304.66022,303.96024,304.96024,305.16022,304.36023,303.76022,304.06024,304.06024,304.16022,303.86023,304.76022,299.06024,302.56024,300.96024,302.16022,302.26022,300.56024,291.06024,283.26022,285.16022,291.36023,291.46024,293.56024,290.56024,282.86023,284.26022,285.76022,281.56024,279.86023
299.76022,295.96024,296.96024,296.26022,296.36023,293.86023,297.46024,303.46024,303.16022,303.36023,300.96024,299.76022,294.06024,293.06024,301.36023,304.56024,304.36023,304.16022,304.16022,304.16022,302.06024,299.26022,303.86023,305.06024,303.76022,303.46024,303.76022,300.96024,299.66022,299.56024,300.26022,298.06024,303.06024,302.16022,299.76022,294.46024,282.86023,281.36023,284.66022,294.46024,297.66022
303.46024,294.26022,295.46024,293.96024,296.26022,299.76022,298.86023,299.96024,297.66022,300.56024,296.66022,299.76022,293.46024,292.16022,290.36023,302.66022,304.96024,302.66022,301.36023,301.96024,302.56024,302.76022,302.86023,303.06024,301.36023,300.46024,297.86023,294.36023,299.56024,298.26022,300.46024,297.36023,286.46024,280.86023,288.16022,296.86023,297.76022,302.36023,302.06024,301.56024,301.46024
302.36023,295.86023,293.26022,292.56024,293.06024,292.16022,299.56024,299.96024,295.26022,293.76022,294.26022,293.66022,293.46024,292.76022,295.76022,301.46024,303.36023,303.46024,302.46024,302.06024,301.36023,299.96024,299.56024,299.16022,298.76022,297.76022,297.26022,290.96024,294.36023,294.46024,293.96024,295.06024,293.36023,292.46024,291.36023,293.76022,286.66022,288.56024,298.16022,299.86023,297.76022
294.66022,299.96024,295.36023,295.26022,294.46024,299.46024,298.66022,293.66022,298.16022,297.66022,295.36023,296.36023,296.16022,297.96024,298.36023,300.76022,303.26022,302.96024,301.36023,300.06024,300.06024,299.16022,297.76022,297.46024,294.76022,295.06024,296.06024,296.76022,294.46024,295.66022,295.26022,294.76022,295.06024,294.26022,293.36023,291.36023,286.36023,284.26022,282.26022,283.06024,292.76022
295.06024,297.56024,293.66022,293.36023,293.46024,293.76022,298.36023,299.26022,294.46024,292.36023,291.76022,292.26022,295.96024,293.66022,294.86023,295.66022,300.46024,299.66022,299.06024,296.86023,296.46024,296.46024,295.76022,295.46024,293.16022,290.56024,289.46024,289.46024,289.26022,292.06024,291.26022,292.76022,291.46024,289.86023,288.76022,291.16022,293.76022,289.46024,292.36023,291.86023,289.66022
293.56024,292.96024,289.26022,293.56024,293.86023,289.26022,290.46024,293.16022,290.96024,293.46024,293.66022,291.86023,292.86023,290.16022,291.46024,296.06024,296.36023,298.66022,296.56024,295.06024,292.46024,291.66022,291.96024,291.06024,289.56024,290.16022,288.56024,287.26022,287.76022,286.26022,288.36023,289.26022,290.16022,290.46024,290.06024,288.66022,288.26022,287.96024,278.16022,277.46024,276.16022
293.76022,292.26022,294.06024,293.56024,291.46024,288.96024,287.86023,294.26022,293.66022,288.16022,291.16022,290.46024,288.66022,287.96024,291.96024,295.86023,296.66022,295.46024,294.26022,291.56024,290.26022,287.76022,285.16022,285.36023,285.46024,284.26022,283.96024,283.36023,283.26022,284.56024,285.66022,287.66022,289.86023,290.76022,289.96024,288.56024,286.76022,282.46024,280.06024,279.66022,278.26022
294.86023,290.06024,295.26022,291.76022,292.26022,293.06024,293.56024,292.76022,287.86023,286.46024,285.36023,285.16022,287.06024,287.56024,292.96024,292.66022,295.06024,294.16022,289.56024,286.06024,285.16022,285.36023,284.96024,285.26022,285.26022,283.76022,282.66022,284.56024,285.06024,284.76022,285.46024,286.66022,285.96024,287.36023,288.56024,286.76022,282.26022,279.86023,282.26022,283.06024,280.46024
291.26022,291.86023,294.86023,292.06024,291.56024,291.26022,290.86023,287.76022,285.66022,284.86023,283.56024,286.36023,288.06024,288.56024,291.36023,292.86023,291.06024,290.86023,285.46024,285.76022,284.76022,283.86023,284.66022,283.06024,284.96024,283.46024,283.66022,286.06024,285.56024,287.06024,285.46024,285.56024,284.66022,283.76022,283.46024,286.86023,286.56024,286.16022,284.06024,287.36023,286.26022
291.16022,294.46024,290.76022,292.76022,291.86023,291.26022,289.16022,284.76022,284.36023,284.56024,283.76022,283.36023,288.56024,288.36023,289.06024,288.36023,286.66022,287.26022,287.46024,285.56024,284.86023,284.36023,283.86023,284.46024,283.96024,284.96024,285.56024,285.86023,286.76022,287.26022,286.46024,286.86023,284.56024,284.06024,283.86023,283.56024,285.56024,286.66022,285.26022,287.46024,286.96024
294.66022,294.56024,291.46024,291.06024,289.56024,292.76022,290.66022,290.16022,290.76022,290.46024,288.46024,285.76022,285.76022,285.06024,288.16022,288.06024,288.96024,288.36023,286.76022,285.06024,287.36023,288.16022,285.56024,284.26022,285.86023,287.36023,287.66022,286.46024,285.86023,286.56024,286.76022,286.36023,284.26022,283.36023,283.66022,283.26022,284.06024,285.86023,285.66022,284.96024,286.46024
292.56024,294.66022,288.66022,292.76022,292.46024,291.16022,290.26022,290.26022,291.16022,291.26022,290.36023,288.76022,286.06024,288.66022,288.36023,289.56024,288.26022,284.76022,284.96024,288.46024,287.66022,287.46024,285.66022,287.46024,287.16022,287.06024,285.46024,285.46024,285.76022,285.46024,285.96024,285.46024,284.76022,285.36023,285.06024,285.26022,286.66022,285.06024,286.36023,285.86023,287.86023
