wind_kz.json
{"header": {"discipline":0,"disciplineName":"Meteorological products","gribEdition":2,"gribLength":1025,"center":7,"centerName":"US National Weather Service - NCEP(WMC)","subcenter":0,"refTime":"2023-08-25T00:00:00.000Z","significanceOfRT":1,"significanceOfRTName":"Start of forecast","productStatus":0,"productStatusName":"Operational products","productType":1,"productTypeName":"Forecast products","productDefinitionTemplate":0,"productDefinitionTemplateName":"Analysis/forecast at horizontal level/layer at a point in time","parameterCategory":2,"parameterCategoryName":"UnknownDiscipline_0_Category_2","parameterNumber":2,"parameterNumberName":"UnknownParameter_D0_C2_2","parameterUnit":"Unknown","genProcessType":2,"genProcessTypeName":"Forecast","forecastTime":240,"surface1Type":103,"surface1TypeName":"Specified height level above ground","surface1Value":10.0,"surface2Type":255,"surface2TypeName":"Missing","surface2Value":0.0,"gridDefinitionTemplate":0,"gridDefinitionTemplateName":"Latitude_Longitude","numberPoints":615,"shape":6,"shapeName":"Earth spherical with radius of 6,371,229.0 m","gridUnits":"degrees","resolution":48,"winds":"true","scanMode":64,"nx":41,"ny":15,"basicAngle":0,"lo1":47.0,"la1":41.0,"lo2":87.0,"la2":55.0,"dx":1.0,"dy":1.0}, "data":
[rows 0 to 14 of 15, columns 0 to 40 of 41]
-1.2128785,-1.3128784,1.0371215,-1.8728784,-6.3428783,-7.1328783,-4.5728784,-4.7628784,-5.5228786,-2.9628785,-3.6028783,-4.0228786,-3.5428784,-3.9428785,-3.4628785,-3.0928783,-2.2628784,-1.3328785,-3.1228783,-1.7228785,-1.1928784,1.2171216,0.20712158,-1.7228785,0.027121581,-1.8028784,-2.8228784,-0.17287841,0.51712155,-0.13287842,-1.6328784,1.9171215,1.1471215,1.0671216,-3.5428784,-4.2428784,-3.5128784,-2.8928785,-2.5828784,0.5971216,2.0671215
2.2471216,1.0671216,-2.9628785,-5.2828784,-7.0128784,-7.0728784,-3.7928784,-5.7828784,-4.1528783,-4.1928782,-3.2328784,-3.9428785,-3.7728784,-2.9928784,-2.0128784,-3.3528783,-2.2528784,-2.6728785,-2.5428784,-2.4628785,-1.8228784,-1.8628784,0.5571216,-2.9328785,-0.052878417,1.2371216,-0.32287842,0.5571216,-0.21287842,-2.1128783,0.007121582,-0.8828784,2.2771215,-2.7528784,0.12712158,-0.99287844,-1.3028784,-0.24287842,4.0271215,1.6071216,-2.0928783
-1.3628784,-4.9428782,-7.5428786,-8.462878,-7.252878,-5.5228786,-4.5128784,-2.4128785,-4.7428784,-4.2228785,-3.7928784,-3.2228785,-3.0528784,-3.2928784,-2.7428784,-2.8128784,-3.7628784,-2.7028785,-1.9128784,-1.8228784,0.18712159,-3.8828783,-2.6828785,-3.7628784,1.3371216,-1.8928784,0.93712157,0.43712157,-1.2528784,-0.61287844,-1.9328784,3.0071216,-0.4228784,-0.7528784,0.6171216,-0.38287842,-0.4228784,0.5371216,-0.9528784,1.4071215,1.7371216
-3.8628783,-7.0928783,-6.982878,-7.3828783,-5.0228786,-3.1528785,-2.2328784,-3.4828784,-2.3828783,-2.1328783,-1.9128784,-1.6328784,-1.4428784,-3.2228785,-2.4328785,-2.0028784,-1.4228784,-2.2628784,-1.8528785,-1.9628785,-2.0328784,-2.6128783,-1.0928785,-3.2028785,-3.5528784,-3.5328784,-3.2428784,-5.002878,-2.5028784,-0.13287842,-0.5728784,-1.9228784,-2.4228785,-2.7428784,-2.6228783,-1.6028785,-1.5028784,1.6471215,-0.34287843,-0.34287843,-1.3928784
-6.8228784,-9.582878,-8.732879,-7.462878,-6.1328783,-4.8428783,-3.4928784,-1.8128784,-0.41287842,0.2871216,1.0071216,2.4071217,2.2771215,0.8571216,-0.14287841,0.037121583,-0.032878418,-0.07287842,0.09712158,-1.3328785,-2.1728785,-2.2928784,-2.7828784,-2.7628784,-2.5628784,-3.0628784,-4.0128784,-2.3328784,-2.9728785,-2.8828783,-2.8028784,-2.3928785,-1.7528784,0.7471216,-0.8428784,-0.19287843,-2.3128784,-3.1228783,-2.9128785,-3.5028784,-3.1828785
-4.3828783,-3.6728785,-5.732878,-5.6928782,-6.0528784,-3.6328783,-2.4528785,-0.14287841,-0.4028784,1.2071216,3.0771215,2.7271216,3.1871216,4.6571217,3.5471215,2.4671216,2.1771216,2.3771217,1.8371216,1.1471215,-1.6928784,-0.73287845,-0.13287842,0.5971216,-0.3628784,-1.3828784,-1.2928784,-1.7328784,-2.9628785,-2.8028784,-2.8528783,-2.3328784,-3.6328783,-1.8828784,-0.6028784,-2.3028784,0.45712158,-2.4228785,-0.48287842,-1.2028785,0.22712158
-3.6628785,-4.2928786,-4.6128783,-5.3028784,-4.8028784,-3.9028785,-3.6228783,-3.2828784,-3.7728784,-2.4928784,-2.2728784,-2.4028785,-0.4228784,0.027121581,1.6871216,2.7071216,2.8671217,3.4971216,3.8271215,3.2371216,3.5471215,1.8271216,-1.0628784,-0.35287842,1.8871216,1.1971216,1.9771216,1.6371216,-0.5828784,-0.17287841,-0.7028784,-0.86287844,-1.2828784,-1.8128784,-2.6528785,-2.1428785,-1.1228784,1.9571216,-1.6528784,0.7871216,0.51712155
-5.8628783,-5.3428783,-4.9328785,-4.3928785,-4.0828786,-3.3128784,-2.9428785,-3.2028785,-2.7128785,-2.4328785,-1.7028785,-0.74287844,-0.5128784,-0.012878418,-0.47287843,0.2571216,0.06712158,-0.31287843,-1.2328784,3.1471217,3.3671217,-0.80287844,-1.5528784,-2.3328784,1.6771216,1.3271216,2.4871216,-0.052878417,3.3571215,1.8371216,1.7671216,2.3971217,-0.092878416,-1.1528784,-1.6328784,-1.2928784,-1.8328785,0.33712158,-0.9028784,0.007121582,-1.2228785
-4.0328784,-3.6628785,-3.4528785,-3.2428784,-2.7628784,-2.7728784,-2.7928784,-2.5428784,-2.5628784,-1.6328784,-1.9428784,-2.4028785,-1.3328785,-1.1628784,-0.68287843,-0.092878416,1.7271216,2.9671216,0.39712158,0.27712157,-1.0828785,-0.10287842,-0.15287842,0.5571216,-1.3528785,-2.3128784,-0.10287842,0.40712157,0.9571216,0.057121582,0.9071216,1.7971215,1.9471216,-0.35287842,0.007121582,-1.0028784,-0.04287842,-2.3228784,-1.8628784,0.6771216,-1.3328785
-2.9928784,-2.1428785,-1.0328784,0.10712158,0.27712157,0.68712157,-0.9028784,-0.08287842,0.2571216,0.04712158,-0.26287842,-1.7228785,-0.4628784,0.50712156,1.3371216,2.1971216,2.0371215,0.4771216,1.6071216,-0.8428784,-0.18287842,1.5271215,2.4371216,3.6571217,2.0971215,0.7371216,-1.3928784,-1.6028785,0.037121583,-0.12287842,-1.3128784,-2.2828784,-3.2228785,-2.4528785,-1.2928784,-1.2628784,-1.8628784,-0.31287843,-2.0628784,-0.022878418,-0.7828784
-0.7528784,-0.80287844,-0.9728784,-0.2728784,0.3471216,1.2671216,2.9171216,1.8071216,2.3371215,2.9871216,0.8571216,1.2071216,1.4571216,2.1071215,2.4471216,2.0171216,-0.5228784,-0.15287842,-1.0628784,-0.7628784,0.45712158,0.45712158,-0.3028784,0.7171216,1.5171216,1.8471216,1.4271216,1.2171216,0.6171216,0.21712159,3.6371217,-3.9928784,-3.4028785,-2.0628784,-1.5628784,-1.2128785,-0.5128784,0.6471216,-1.3128784,0.5871216,-0.93287843
-0.48287842,-0.4628784,0.017121581,0.9971216,1.8371216,0.7771216,-0.062878415,1.0771216,0.88712156,-0.3928784,-0.2728784,2.1871216,2.1471217,1.8371216,1.6771216,-2.1128783,-1.8828784,-1.4628785,-1.5628784,-0.32287842,0.29712158,1.9471216,0.94712156,0.42712158,-0.4228784,-1.5428784,2.2971215,0.13712159,-3.2528784,-3.2528784,-3.2328784,-3.4828784,-2.8128784,-2.9928784,-1.2628784,-0.4928784,0.4771216,0.7271216,0.5471216,0.50712156,0.14712158
0.17712158,1.1771216,0.8671216,1.0371215,1.5771216,0.8071216,0.22712158,0.21712159,0.46712157,0.04712158,0.26712158,1.4571216,0.8071216,-0.62287843,-1.9728785,-1.8228784,-0.29287842,-1.2328784,-0.5128784,-0.5828784,-0.8228784,-0.16287842,0.5371216,1.2671216,1.0571216,1.8871216,1.4471216,-2.7428784,-3.3228784,-3.5628784,-3.3728783,-3.4228785,-2.7828784,-1.2728784,0.5371216,1.7971215,2.4571216,1.2471216,2.8771217,1.8971215,0.5471216
1.2571216,1.6271216,1.8571216,1.4771216,1.3071216,1.3971215,0.9671216,1.5371215,0.7871216,1.5571216,0.42712158,0.6071216,1.2671216,0.82712156,-0.18287842,1.2071216,0.8071216,0.5971216,-1.5628784,-1.2328784,-0.44287843,0.6471216,1.5571216,1.0771216,-0.10287842,-0.81287843,-1.9928784,-2.9228785,-3.0128784,-3.1928785,-2.9028785,-2.1028783,-0.45287842,1.5271215,2.4471216,3.1171217,2.5871215,2.6671216,3.0571215,1.5571216,0.5871216
1.1571215,2.5171216,2.9871216,1.6571215,1.6071216,0.9771216,1.4471216,0.5971216,1.5071216,1.2271216,-0.032878418,1.0671216,1.0871216,1.3571216,1.7171216,1.5271215,2.0571215,1.9271216,0.4771216,0.17712158,-0.4928784,-0.08287842,0.23712158,-0.5328784,-0.5028784,-1.5028784,-1.8328785,-2.6728785,-1.9228784,-1.6528784,-1.7228785,-0.5828784,1.0071216,2.6271217,3.3771217,4.4671216,3.1271217,3.4871216,4.2271214,2.0571215,0.6671216
