wind_kz.json
{"header": {"discipline":0,"disciplineName":"Meteorological products","gribEdition":2,"gribLength":1025,"center":7,"centerName":"US National Weather Service - NCEP(WMC)","subcenter":0,"refTime":"2023-09-22T06:00:00.000Z","significanceOfRT":1,"significanceOfRTName":"Start of forecast","productStatus":0,"productStatusName":"Operational products","productType":1,"productTypeName":"Forecast products","productDefinitionTemplate":0,"productDefinitionTemplateName":"Analysis/forecast at horizontal level/layer at a point in time","parameterCategory":2,"parameterCategoryName":"UnknownDiscipline_0_Category_2","parameterNumber":3,"parameterNumberName":"UnknownParameter_D0_C2_3","parameterUnit":"Unknown","genProcessType":2,"genProcessTypeName":"Forecast","forecastTime":300,"surface1Type":103,"surface1TypeName":"Specified height level above ground","surface1Value":10.0,"surface2Type":255,"surface2TypeName":"Missing","surface2Value":0.0,"gridDefinitionTemplate":0,"gridDefinitionTemplateName":"Latitude_Longitude","numberPoints":615,"shape":6,"shapeName":"Earth spherical with radius of 6,371,229.0 m","gridUnits":"degrees","resolution":48,"winds":"true","scanMode":64,"nx":41,"ny":15,"basicAngle":0,"lo1":47.0,"la1":41.0,"lo2":87.0,"la2":55.0,"dx":1.0,"dy":1.0}, "data":
[rows 0 to 14 of 15, columns 0 to 40 of 41]
-0.8023804,-2.3323803,-0.10238037,-4.64238,0.55761963,0.46761963,-0.18238038,-0.83238035,-1.6123804,-1.5623803,-3.0123804,-2.9823804,-3.4023805,-3.7023804,-3.5823803,-4.0723805,-3.1923804,-3.1723804,-4.39238,-1.7423804,-2.1823804,-3.4423804,-1.8423804,-2.2023804,-2.2323804,-0.57238036,-1.3323804,0.09761963,1.2876196,3.0376196,-1.8123803,-1.0423803,0.6276196,0.26761964,2.1476197,1.6876197,-0.11238037,-1.3323804,-3.5123804,1.4676197,1.3076196
2.9076197,0.5776196,-2.4023805,-0.44238037,1.0676197,0.72761965,-1.3623804,-0.3623804,-1.0123804,-1.8023803,-3.1523805,-4.4423804,-3.8023803,-3.5123804,-4.6323805,-3.4023805,-1.6523803,-3.3423803,-4.2323804,-2.8223803,-2.8723803,-2.9823804,-0.44238037,1.3376197,-0.28238037,-0.25238037,-2.2623804,1.1276196,-0.7223804,0.8776196,2.0476196,3.2676196,-0.7523804,-1.5223804,-2.9623804,-2.1123803,-0.9823804,-3.5423803,-2.2123804,-1.0923804,1.1976197
2.7376196,3.3476195,-2.1223803,0.6976196,0.9476196,0.49761963,-0.17238037,-1.7123804,-1.9323803,-2.6923804,-2.9123805,-3.9023805,-4.0023804,-3.8823805,-4.3023806,-4.3423805,-2.5123804,-2.7723804,-1.0623803,-1.1723803,-2.3623803,-4.1323805,-4.5023804,-1.5323803,-0.9923804,0.117619626,-0.6223804,-0.38238037,-0.9123804,0.8976196,4.5376196,1.5576196,1.6276196,-1.1023804,-1.2923803,2.4376197,0.79761964,-1.7123804,0.22761963,0.6876196,-1.7423804
0.71761966,0.24761963,-1.2823803,0.90761966,0.23761962,1.3276197,2.2676196,1.0876197,-0.07238037,-1.2023804,-2.7523804,-4.64238,-5.7523804,-4.6523805,-4.0123806,-4.3223805,-4.1023803,-3.8423803,-2.7923803,-3.3223803,-1.6723803,-2.5423803,0.79761964,-2.8323803,-2.9623804,-3.1623805,-3.2823803,-3.9323804,-1.3623804,-2.0523803,-2.5823803,-0.9723804,-0.94238037,-0.8023804,0.07761963,-2.2723804,-1.4423804,0.41761962,1.2076197,2.8776197,0.7676196
0.14761963,-0.69238037,0.06761963,1.6776196,0.80761963,0.78761965,1.3176197,2.6876197,1.1576196,0.5076196,-0.71238035,-2.7723804,-3.6823804,-3.4823804,-4.5923805,-3.6423805,-3.4823804,-3.3523803,-3.0923803,-2.7123804,-2.2123804,-1.5623803,-2.2223804,-2.3723803,-2.6523805,-2.6523805,-2.7423804,-2.7023804,-2.6023803,-3.0923803,-4.41238,-1.2623804,1.4076196,0.66761965,-0.37238038,-1.1423804,-2.0123804,1.2976196,-4.3823805,0.6376196,-0.9123804
0.16761963,-0.46238038,-1.4123803,-0.25238037,3.9976196,2.2976196,0.6976196,2.9676197,1.9676197,1.4576197,-0.18238038,-1.7423804,-3.7923803,-3.8723803,-3.3623803,-2.2723804,-2.6923804,-3.0323803,-3.2123804,-1.8923804,-0.88238037,0.10761963,-0.24238037,-1.2323804,-1.6723803,-2.1223803,-2.4123805,-3.1123803,-2.2523804,-2.6023803,-2.9123805,-3.6323805,-3.9123805,-2.9923804,1.7276196,1.2576196,1.7176197,-0.04238037,-2.9123805,0.28761962,-0.26238036
1.0476196,0.60761964,0.19761963,2.9376197,2.3276196,1.4376197,0.21761963,-0.25238037,-0.5623804,-0.84238034,-1.7123804,-2.1023803,-1.6523803,-2.4323804,-2.9023805,-3.0423803,-2.4823804,-1.5123804,-2.3023803,-2.2523804,-2.4023805,-1.7523804,-0.7423804,-0.16238037,-0.9123804,-1.2523804,-1.9123803,-2.0923803,-3.0823803,-2.0623803,-2.3723803,-3.5723803,-4.9223804,-6.0023804,-1.3823804,-2.1223803,-4.0023804,-2.9123805,-2.4323804,-0.69238037,-0.23238038
1.5476196,1.5376196,1.0776197,0.9476196,2.2176197,1.5976197,0.96761966,0.71761966,0.24761963,-0.82238036,-1.1623803,-0.49238038,-2.8423803,-2.1023803,-1.5623803,-2.0323803,-2.6723804,-1.9723804,-0.40238038,-0.51238036,-2.0123804,-1.9323803,-1.9623804,-1.2123804,-1.4423804,-0.58238035,-1.5823804,-2.3323803,-1.7423804,-2.0723803,-1.8423804,-2.1323805,-3.2423804,-3.6423805,-1.6323804,-1.2523804,-1.4123803,-0.42238036,0.7676196,0.17761964,-1.3623804
1.7176197,1.2276196,0.7776196,1.0176196,1.4076196,2.3076196,1.1276196,1.0876197,0.057619628,-0.26238036,-1.0923804,-1.5523803,-1.8823804,-2.6823804,-1.4123803,-2.1923804,-2.5823803,-2.4823804,-2.1123803,0.31761962,0.29761964,-1.2723804,-0.9923804,-1.1023804,-1.4623804,-1.6523803,-0.70238036,-1.1423804,-1.1123804,-1.1423804,-0.88238037,-1.7323804,-2.0023804,-2.7323804,-1.3623804,-1.3423804,-2.5123804,-1.0723804,-2.9723804,-2.3223803,-3.4023805
1.9576197,2.4376197,2.1976197,1.6976197,1.8876196,1.0276196,0.07761963,0.18761963,-0.15238038,0.34761962,0.5276196,-1.3423804,-1.0023804,-1.8223804,-1.9623804,-2.0923803,-2.2123804,-3.0723803,-2.5423803,-1.4723804,0.60761964,1.7076197,0.40761963,0.037619628,-0.5523804,-1.1023804,-1.5723804,-0.7323804,-0.5623804,-1.1523803,-0.37238038,-0.89238036,-2.4523804,-2.8623803,-2.3023803,-1.2623804,-1.0723804,-2.7923803,-0.78238034,0.017619628,0.9976196
1.0676197,0.3876196,1.7676196,1.2076197,1.3276197,1.9276196,1.6276196,1.4476197,-0.28238037,-1.1723803,0.21761963,0.80761963,0.0076196287,-0.05238037,-1.6223804,-1.6623803,-1.7923803,-2.7623804,-2.5523803,-2.1523805,-0.65238035,-0.28238037,-1.3023803,-1.2623804,-0.64238036,-0.7223804,-0.64238036,-1.1623803,-0.14238037,-0.23238038,-0.10238037,-1.4823804,-1.4023803,-1.2323804,-1.6023804,-1.1623803,-0.38238037,0.53761965,0.0076196287,0.72761965,-0.37238038
0.027619628,1.1676196,1.2576196,1.2176197,2.0276196,1.2676196,0.60761964,0.41761962,-0.32238036,-0.07238037,-0.5423804,0.8976196,1.0076196,0.13761963,-0.31238037,-1.5223804,-1.4823804,-2.5123804,-1.1323804,-2.2923803,-1.4923804,-1.9123803,-1.7623804,-2.0323803,-1.6423804,-2.0823803,-1.0923804,-0.78238034,-0.14238037,-0.59238034,-0.40238038,-0.33238038,0.65761966,0.017619628,-0.6823804,-1.2023804,0.36761963,1.6576196,2.0276196,2.6376197,1.4676197
0.45761964,-0.34238037,-0.10238037,0.7476196,1.0276196,0.92761964,0.24761963,0.45761964,0.47761962,0.21761963,-0.08238037,-0.30238038,1.0476196,0.7076196,-0.04238037,-0.6723804,-0.8023804,-0.76238036,-1.0523803,-0.9223804,-0.83238035,-0.53238034,0.09761963,-0.15238038,-1.1523803,-0.7223804,-0.8723804,-1.3223804,-0.77238035,-0.42238036,-0.16238037,0.54761964,1.5676197,1.6376196,0.20761962,-0.21238036,-1.5223804,-0.6723804,0.91761965,1.9176196,1.6176196
1.6576196,1.1676196,0.66761965,0.8876196,0.34761962,0.12761962,0.34761962,0.9476196,1.2276196,0.7776196,0.60761964,-0.37238038,-0.7923804,-0.05238037,-0.29238036,-0.7523804,-1.0723804,-0.94238037,-0.7323804,-0.7323804,-0.83238035,-0.51238036,-0.44238037,-0.6823804,-0.69238037,-0.71238035,-0.9323804,-0.3623804,-0.40238038,-0.02238037,0.14761963,0.6376196,1.9176196,2.4076197,1.4976196,0.98761964,0.6976196,0.04761963,0.6476196,1.5776197,2.4176197
1.1476196,2.5576196,1.9176196,1.6476196,1.7876196,1.6276196,1.6676196,0.96761966,1.5776197,0.8276196,0.17761964,1.3476197,1.3576196,-0.31238037,-0.6823804,-1.1423804,-0.8523804,-0.6823804,-0.29238036,-0.58238035,-0.49238038,-0.41238037,-0.49238038,-0.51238036,-0.35238037,-0.23238038,0.08761963,0.22761963,0.44761962,0.46761963,0.3876196,0.8376196,1.5576196,2.2976196,2.8876197,2.5376196,2.4276197,2.4176197,1.8376197,1.8176197,2.2676196
