wind_kz.json
{"header": {"discipline":0,"disciplineName":"Meteorological products","gribEdition":2,"gribLength":948,"center":7,"centerName":"US National Weather Service - NCEP(WMC)","subcenter":0,"refTime":"2023-08-18T06:00:00.000Z","significanceOfRT":1,"significanceOfRTName":"Start of forecast","productStatus":0,"productStatusName":"Operational products","productType":1,"productTypeName":"Forecast products","productDefinitionTemplate":0,"productDefinitionTemplateName":"Analysis/forecast at horizontal level/layer at a point in time","parameterCategory":0,"parameterCategoryName":"UnknownDiscipline_0_Category_0","parameterNumber":0,"parameterNumberName":"UnknownParameter_D0_C0_0","parameterUnit":"Unknown","genProcessType":2,"genProcessTypeName":"Forecast","forecastTime":0,"surface1Type":1,"surface1TypeName":"Ground or water surface","surface1Value":0.0,"surface2Type":255,"surface2TypeName":"Missing","surface2Value":0.0,"gridDefinitionTemplate":0,"gridDefinitionTemplateName":"Latitude_Longitude","numberPoints":615,"shape":6,"shapeName":"Earth spherical with radius of 6,371,229.0 m","gridUnits":"degrees","resolution":48,"winds":"true","scanMode":64,"nx":41,"ny":15,"basicAngle":0,"lo1":47.0,"la1":41.0,"lo2":87.0,"la2":55.0,"dx":1.0,"dy":1.0}, "data":
[rows 0 to 14 of 15, columns 0 to 40 of 41]
311.23712,299.4371,307.9371,300.0371,299.4371,298.3371,313.3371,322.3371,320.5371,321.4371,319.73712,320.5371,320.4371,321.0371,323.4371,323.73712,323.8371,322.3371,329.8371,323.4371,324.4371,317.13712,323.5371,317.0371,316.13712,317.0371,313.73712,303.13712,299.5371,295.3371,295.9371,294.73712,309.3371,319.5371,327.0371,327.9371,330.3371,327.13712,327.8371,326.3371,326.9371
291.3371,305.23712,299.9371,300.23712,299.73712,298.23712,319.13712,317.9371,318.4371,318.0371,319.0371,318.23712,319.73712,320.13712,325.73712,326.5371,325.4371,328.0371,329.5371,331.63712,326.9371,319.5371,318.73712,309.0371,299.8371,299.5371,307.4371,303.9371,302.63712,291.0371,289.8371,284.73712,301.23712,272.8371,297.73712,312.5371,313.63712,310.0371,318.63712,311.73712,285.63712
311.9371,299.8371,300.4371,300.13712,298.0371,314.23712,313.8371,315.5371,316.3371,316.4371,319.13712,317.9371,318.63712,318.8371,321.63712,326.4371,324.23712,324.4371,327.4371,325.0371,322.73712,320.8371,319.63712,311.4371,315.5371,316.5371,315.13712,312.13712,309.9371,302.3371,293.0371,295.9371,300.5371,306.73712,303.9371,303.63712,298.8371,296.9371,301.13712,296.5371,296.8371
314.13712,300.8371,300.8371,299.8371,302.73712,314.9371,314.5371,315.5371,316.0371,316.5371,318.3371,316.23712,296.9371,296.0371,321.23712,326.4371,319.63712,324.8371,326.4371,327.13712,322.5371,316.5371,316.9371,317.3371,321.13712,318.3371,320.3371,316.8371,315.5371,313.63712,316.23712,314.63712,317.3371,318.0371,318.4371,311.23712,298.8371,297.4371,300.13712,310.8371,314.3371
315.9371,301.0371,300.8371,300.23712,306.23712,314.0371,316.13712,317.73712,315.4371,315.63712,319.5371,315.5371,297.4371,295.9371,293.23712,321.23712,321.73712,317.73712,314.8371,315.5371,317.8371,317.63712,317.73712,318.13712,319.13712,318.13712,316.63712,310.73712,319.13712,315.8371,315.13712,311.63712,302.4371,294.3371,302.73712,311.63712,308.23712,319.4371,322.5371,318.0371,318.9371
313.63712,312.3371,299.8371,299.63712,300.4371,300.3371,319.23712,318.63712,316.4371,317.9371,316.3371,314.8371,299.23712,296.4371,308.3371,316.3371,319.8371,320.0371,318.23712,316.0371,306.9371,314.63712,316.13712,312.8371,314.5371,314.23712,314.23712,294.63712,314.4371,313.4371,312.8371,310.63712,311.8371,313.23712,307.8371,306.4371,305.4371,307.8371,320.0371,319.9371,318.5371
312.5371,313.23712,315.5371,317.5371,311.23712,316.9371,318.63712,318.3371,315.73712,310.5371,310.73712,314.4371,313.8371,315.4371,318.0371,315.23712,317.23712,314.63712,315.9371,314.5371,314.9371,313.8371,314.63712,315.13712,312.9371,312.13712,313.73712,313.3371,313.4371,315.63712,312.3371,311.23712,311.9371,315.23712,313.9371,310.73712,304.8371,303.0371,301.13712,300.13712,311.4371
312.8371,314.4371,315.0371,315.63712,314.5371,314.8371,317.5371,314.9371,311.13712,309.63712,314.3371,314.13712,317.0371,314.9371,316.5371,317.0371,318.4371,312.73712,315.23712,312.63712,313.23712,313.13712,314.8371,313.13712,310.8371,307.9371,306.0371,309.3371,307.9371,309.73712,307.23712,307.4371,307.4371,304.3371,305.13712,309.3371,309.4371,289.63712,309.5371,311.9371,307.5371
312.3371,313.8371,315.0371,314.63712,313.0371,311.13712,313.9371,312.3371,312.8371,312.13712,313.5371,313.5371,312.8371,314.23712,311.63712,312.73712,311.73712,313.9371,313.73712,315.13712,313.3371,312.3371,314.9371,313.4371,310.0371,308.0371,304.9371,304.5371,304.13712,303.73712,305.5371,306.3371,307.13712,306.4371,306.9371,302.5371,304.73712,300.73712,298.23712,291.3371,296.0371
311.0371,310.0371,310.73712,310.0371,310.9371,309.73712,310.0371,311.3371,312.0371,311.5371,309.73712,307.9371,309.8371,312.23712,311.3371,313.0371,313.0371,314.8371,314.9371,314.5371,313.13712,315.5371,313.23712,312.0371,312.63712,312.23712,309.0371,306.4371,305.13712,301.13712,304.9371,305.9371,307.8371,307.9371,307.8371,304.63712,296.5371,291.0371,296.3371,289.73712,286.3371
307.5371,307.9371,309.3371,308.8371,308.4371,308.0371,308.13712,309.63712,310.0371,308.73712,308.63712,309.3371,311.63712,310.13712,310.5371,311.63712,311.3371,313.5371,314.3371,311.23712,311.23712,311.4371,309.13712,309.9371,301.8371,301.3371,300.8371,305.73712,303.8371,301.8371,304.13712,305.9371,301.63712,304.13712,302.5371,298.9371,287.63712,291.9371,294.5371,292.13712,288.13712
308.0371,309.23712,309.9371,309.8371,307.0371,306.4371,305.23712,307.4371,307.63712,308.9371,307.3371,305.4371,307.9371,307.13712,306.8371,308.5371,309.63712,310.63712,310.4371,308.73712,306.0371,305.23712,307.23712,307.8371,304.8371,306.13712,305.63712,305.9371,306.73712,304.63712,300.0371,302.5371,299.63712,298.3371,297.5371,297.5371,292.9371,293.23712,291.4371,292.0371,290.0371
302.63712,307.3371,308.63712,309.0371,306.13712,305.3371,306.3371,309.0371,309.63712,308.5371,300.8371,302.63712,304.4371,303.9371,304.63712,305.0371,305.0371,305.63712,305.9371,304.5371,303.4371,303.73712,303.0371,302.63712,305.3371,305.63712,306.0371,304.4371,301.4371,301.8371,302.3371,300.3371,299.3371,299.8371,297.8371,294.8371,294.9371,293.5371,294.3371,293.0371,287.9371
305.0371,306.13712,299.8371,308.63712,308.0371,307.4371,307.0371,308.9371,310.13712,311.4371,302.63712,300.13712,303.63712,301.73712,301.8371,302.3371,303.4371,303.4371,306.3371,304.73712,304.9371,304.0371,303.23712,303.3371,303.3371,304.23712,302.73712,300.5371,298.63712,299.8371,300.9371,299.8371,294.23712,295.9371,294.3371,294.13712,290.73712,289.23712,290.8371,290.0371,290.8371
301.13712,306.9371,292.63712,307.3371,309.3371,308.13712,307.3371,309.5371,311.73712,310.5371,303.73712,303.5371,301.5371,303.0371,304.63712,305.9371,307.73712,309.73712,310.9371,307.4371,306.13712,304.9371,304.3371,302.8371,302.3371,300.8371,299.8371,297.73712,294.8371,299.5371,298.0371,291.63712,297.5371,296.23712,296.4371,295.3371,290.3371,288.9371,289.23712,289.5371,286.23712
