wind_kz.json
{"header": {"discipline":0,"disciplineName":"Meteorological products","gribEdition":2,"gribLength":1025,"center":7,"centerName":"US National Weather Service - NCEP(WMC)","subcenter":0,"refTime":"2023-08-19T06:00:00.000Z","significanceOfRT":1,"significanceOfRTName":"Start of forecast","productStatus":0,"productStatusName":"Operational products","productType":1,"productTypeName":"Forecast products","productDefinitionTemplate":0,"productDefinitionTemplateName":"Analysis/forecast at horizontal level/layer at a point in time","parameterCategory":2,"parameterCategoryName":"UnknownDiscipline_0_Category_2","parameterNumber":2,"parameterNumberName":"UnknownParameter_D0_C2_2","parameterUnit":"Unknown","genProcessType":2,"genProcessTypeName":"Forecast","forecastTime":240,"surface1Type":103,"surface1TypeName":"Specified height level above ground","surface1Value":10.0,"surface2Type":255,"surface2TypeName":"Missing","surface2Value":0.0,"gridDefinitionTemplate":0,"gridDefinitionTemplateName":"Latitude_Longitude","numberPoints":615,"shape":6,"shapeName":"Earth spherical with radius of 6,371,229.0 m","gridUnits":"degrees","resolution":48,"winds":"true","scanMode":64,"nx":41,"ny":15,"basicAngle":0,"lo1":47.0,"la1":41.0,"lo2":87.0,"la2":55.0,"dx":1.0,"dy":1.0}, "data":
[rows 0 to 14 of 15, columns 0 to 40 of 41]
-2.6668823,0.20311767,-2.3168824,-2.3768823,-4.3268824,-4.5968823,-6.026882,-6.7668824,-6.6168823,-5.6268826,-6.5368824,-5.716882,-6.6768823,-6.5168824,-5.5368824,-5.2668824,-3.6768823,-4.4468822,-4.586882,-1.9468824,-1.4568824,-1.4968823,0.70311767,2.6131177,-0.5168823,1.2131177,3.5531178,0.20311767,0.053117678,-1.4268823,-1.6968824,1.0731177,-0.5568823,-0.9468823,-5.2068825,-2.7068822,-4.0368824,-4.5968823,-6.4968824,-7.2668824,-8.426883
0.95311767,-1.5968823,-5.1868825,-6.7868824,-6.6468825,-5.6968822,-5.9268823,-6.0968823,-6.6568823,-5.5768824,-6.6168823,-5.756882,-5.2268825,-5.4068823,-5.3068824,-4.716882,-3.4968824,-4.8068824,-3.5268824,-2.9868822,-1.1068823,0.7631177,-0.076882325,2.9731176,0.39311767,0.32311767,1.3531177,-1.0368823,2.3831177,0.41311768,0.14311768,-0.66688234,0.9431177,-0.046882324,-0.5568823,-4.4268823,-5.106882,-4.8968825,-2.6568823,-4.8468823,-4.4368825
-0.8268823,-10.6668825,-6.526882,-5.6868825,-5.4268823,-5.8268824,-5.8268824,-4.4468822,-5.3968825,-3.9768822,-4.086882,-3.2668824,-3.3968823,-3.6768823,-3.3568823,-3.1368823,-2.9268823,-2.2468824,-1.5668824,-0.6868823,0.09311768,1.3331177,1.6831176,3.6031177,0.5131177,0.91311765,-0.38688233,-0.5768823,3.3831177,0.16311768,0.063117675,-0.09688232,-1.1268823,-0.8268823,0.5031177,2.4131176,1.9531177,0.7931177,0.66311765,1.1631176,0.15311767
-4.9168825,-7.7268825,-9.026882,-7.526882,-6.086882,-6.106882,-4.1568823,-4.356882,-2.8268824,-2.3168824,-1.5768824,-0.45688233,-0.5568823,0.30311766,1.1731176,-0.58688235,-1.2668823,-0.6268823,0.063117675,0.70311767,1.6631176,3.2931178,0.8831177,2.5931177,4.3531175,4.143118,3.1931176,2.7931178,4.243118,0.32311767,-6.546882,-5.486882,-5.3468823,-2.9668822,-0.53688234,0.48311767,0.8531177,1.5431176,-2.9968824,-1.5768824,-3.9268823
-5.836882,-5.7668824,-5.3768826,-5.6768823,-4.336882,-4.0968823,-3.3368824,-2.0468824,-2.4268823,-1.7468823,-0.27688232,0.5731177,1.0531176,-0.21688232,1.0231177,3.4331176,3.0831177,2.8831177,2.9231176,2.2031176,2.8031178,4.0531178,4.5931177,4.0031176,4.7331176,5.9031177,4.703118,1.5731177,-1.9568824,-0.58688235,1.7431177,1.5031177,2.4931176,1.0831177,-2.1968822,-0.9568823,2.4831176,0.44311768,-0.9268823,-1.3668823,-2.9868822
-4.3268824,-3.7468824,-4.4068823,-3.6168823,-3.3668823,-1.5268823,-0.9968823,-0.20688233,-0.46688232,-0.7468823,1.0631176,2.6131177,2.5231178,3.4431176,4.413118,3.3231177,4.1531177,3.6931176,3.8831177,3.9531176,5.0431175,4.223118,4.9231176,5.9231176,5.4631176,6.5031176,6.7131176,1.7131177,-1.9268823,-1.3568823,-2.5668824,-4.0568824,-4.8268824,-4.856882,-5.086882,3.1931176,0.24311768,0.32311767,-3.6668823,-0.84688234,-0.7468823
-3.5768824,-2.3168824,-1.8568823,-1.0268823,-0.59688234,0.29311767,1.2131177,1.8431177,3.0831177,3.3231177,3.0731177,3.3931177,4.0631175,5.0931177,5.223118,5.033118,5.6031175,6.5431175,6.163118,5.7731175,5.6931176,5.5931177,4.8831177,5.473118,5.8231177,6.5231175,6.283118,0.053117678,-1.0468823,-1.9868823,-3.0268824,-4.3668823,-4.5968823,-3.4468822,-2.9968824,-0.5168823,0.5431177,-1.3368824,0.78311765,1.4231176,-1.5868824
1.4731177,1.9831177,1.5631176,2.0931177,1.8231177,3.0131178,3.4931176,3.3531177,3.1831176,4.703118,5.5631175,5.3731174,5.933118,6.8331175,7.1531177,7.393118,7.6031175,7.3631177,6.9231176,7.8531175,7.9831176,6.5431175,5.723118,6.013118,5.933118,6.1231174,5.9831176,1.9931177,0.103117675,0.14311768,0.35311767,-0.83688235,-1.2968823,1.1331177,2.2831178,-3.0068824,-2.2168822,1.0031177,2.8431177,1.1931176,3.4131176
-1.1568823,-2.1668823,-0.8868823,-0.41688234,0.103117675,0.9231177,1.2731177,1.6031177,2.4631176,3.9131176,4.4831176,5.033118,7.8631177,6.5831175,6.8131175,6.663118,7.8131175,8.263118,8.373117,8.463118,8.853118,8.303118,6.893118,5.7131176,6.3631177,5.8831177,8.013118,6.723118,1.3231177,0.6031177,3.0031176,3.3131177,3.4931176,1.2731177,1.2631177,-0.08688232,-0.60688233,2.4731176,0.84311765,-2.1568823,-1.9868823
-1.0268823,-0.53688234,0.4331177,1.4431176,1.8231177,1.4731177,2.3931177,3.3331177,4.953118,4.7531176,5.0431175,7.2731175,6.4631176,7.033118,7.1131177,6.493118,6.433118,6.5631175,8.123117,5.9431176,6.1331177,7.203118,6.703118,6.143118,5.2731175,6.8331175,6.413118,8.183118,6.993118,4.9431176,3.2931178,2.9631176,0.8831177,0.35311767,-0.056882326,-0.32688233,-0.36688232,-0.9868823,2.7231176,0.47311768,-0.06688233
0.08311768,0.71311766,0.7331177,1.5031177,2.0531178,2.2231176,2.6231177,3.3431177,3.2031176,4.0031176,5.0731177,5.8831177,6.473118,6.683118,5.8431177,5.2531176,6.7331176,6.913118,7.8631177,4.913118,3.3631177,5.223118,7.1331177,5.6031175,4.8731174,5.4431176,6.3031178,5.1931176,7.4231176,6.0831175,1.4931177,1.1431177,0.32311767,0.5131177,0.3731177,0.4331177,0.59311765,1.3031176,-0.026882324,-0.6368823,0.52311766
0.41311768,0.59311765,1.6031177,1.8631177,2.2231176,2.1731176,2.4231176,2.9331176,1.9631177,2.4931176,3.8631177,4.1731176,4.0531178,3.7331176,3.7331176,4.663118,4.3031178,4.6731176,1.7831177,2.9031177,1.6331177,4.743118,5.433118,4.6131177,5.5531178,5.5431175,6.973118,3.4631176,5.8531175,2.4831176,-0.7068823,-1.1468823,-1.5668824,-1.0168823,-0.38688233,0.7631177,2.7031176,0.9231177,-1.0568824,0.39311767,-0.71688235
0.45311767,1.0331177,1.3431177,1.5231177,2.0231178,1.5331177,1.8431177,1.2531177,2.2731178,2.4631176,1.6431177,2.0031176,-0.13688232,-0.46688232,0.7331177,3.3531177,2.9331176,3.5531178,2.5031176,3.0831177,4.953118,5.7731175,5.243118,5.5531178,5.743118,5.4831176,6.3031178,2.7031176,-1.0968823,2.1131177,-3.0868824,-3.7168822,-3.4968824,-2.3168824,-1.7668823,-2.8568823,-2.0868824,-1.2868823,-1.7368823,1.4131176,1.8931177
1.3331177,0.6031177,1.3731177,0.97311765,1.2131177,0.9931177,-0.18688232,0.28311768,-0.6368823,-0.29688233,0.59311765,0.6731177,-0.84688234,0.29311767,-1.9568824,-0.96688235,2.3031178,2.9831176,2.1531177,4.783118,5.1131177,1.4831177,5.3231177,6.0431175,4.9431176,2.2031176,-0.6368823,-4.0968823,7.5631175,-3.9068823,-4.736882,-5.006882,-3.6868823,-2.6768823,-2.0068824,-1.4568824,0.24311768,-0.48688233,0.16311768,1.3031176,1.1731176
0.6831177,1.2331177,0.7531177,0.22311768,0.17311768,0.003117676,0.70311767,-0.016882325,-0.8768823,-1.9268823,-1.4168823,-1.0568824,0.7331177,-0.85688233,0.6031177,-0.8668823,0.25311768,3.4331176,0.8031177,0.36311767,0.4031177,0.23311767,1.7531177,-1.0468823,-1.9968823,-4.4068823,-4.0368824,0.19311768,0.5531177,-3.8968823,-7.2268825,-4.776882,-3.7268822,-2.9668822,-2.6668823,-2.8768823,-2.3868823,-1.9068823,-0.66688234,-0.10688233,0.17311768
