wind.json
{"header": {"discipline":0,"disciplineName":"Meteorological products","gribEdition":2,"gribLength":1211,"center":7,"centerName":"US National Weather Service - NCEP(WMC)","subcenter":0,"refTime":"2023-06-29T00:00:00.000Z","significanceOfRT":1,"significanceOfRTName":"Start of forecast","productStatus":0,"productStatusName":"Operational products","productType":1,"productTypeName":"Forecast products","productDefinitionTemplate":0,"productDefinitionTemplateName":"Analysis/forecast at horizontal level/layer at a point in time","parameterCategory":2,"parameterCategoryName":"UnknownDiscipline_0_Category_2","parameterNumber":3,"parameterNumberName":"UnknownParameter_D0_C2_3","parameterUnit":"Unknown","genProcessType":2,"genProcessTypeName":"Forecast","forecastTime":180,"surface1Type":103,"surface1TypeName":"Specified height level above ground","surface1Value":10.0,"surface2Type":255,"surface2TypeName":"Missing","surface2Value":0.0,"gridDefinitionTemplate":0,"gridDefinitionTemplateName":"Latitude_Longitude","numberPoints":688,"shape":6,"shapeName":"Earth spherical with radius of 6,371,229.0 m","gridUnits":"degrees","resolution":48,"winds":"true","scanMode":64,"nx":43,"ny":16,"basicAngle":0,"lo1":45.0,"la1":40.0,"lo2":87.0,"la2":55.0,"dx":1.0,"dy":1.0}, "data":
[rows 0 to 15 of 16, columns 0 to 42 of 43]
-2.322539,-0.35253906,2.447461,1.8174609,-5.182539,-6.752539,-7.812539,-4.952539,-4.332539,3.367461,-0.43253908,-0.25253907,-7.012539,-11.942539,-10.992539,-6.502539,-7.252539,-6.762539,-5.212539,-8.522539,-7.512539,-8.3725395,-5.342539,-5.732539,11.597461,4.997461,9.897461,4.397461,-1.8225391,-1.122539,-2.632539,-10.232539,2.297461,6.3874607,4.027461,2.7074609,-0.78253907,6.397461,2.337461,-2.712539,-4.262539,-2.552539,-2.412539
-0.30253905,-0.55253905,0.94746095,-0.22253907,-3.562539,-7.122539,-7.422539,-8.4125395,-4.122539,-4.572539,-5.542539,-2.602539,-6.832539,-1.752539,-5.962539,-9.092539,-7.252539,-6.532539,-7.542539,-9.012539,-4.562539,-5.592539,-5.802539,-5.942539,-5.092539,-2.412539,4.827461,3.4574609,1.487461,2.377461,-2.0425391,-3.2525392,-3.7625391,-0.69253904,-1.4525391,1.507461,-3.5025392,1.767461,1.587461,3.637461,2.127461,3.897461,4.8874607
-0.5225391,2.607461,-1.8525391,-0.93253905,-3.702539,-4.982539,-6.202539,-6.832539,-8.652539,-5.502539,-4.072539,-5.692539,-6.322539,-6.332539,-9.312539,-6.452539,-4.3625393,-7.442539,-8.422539,-5.802539,-7.232539,-7.722539,-7.1325393,-4.6525393,-6.142539,-3.802539,-1.412539,-2.052539,-1.4225391,1.887461,-1.9425391,-1.5625391,-2.5325391,-4.472539,-5.522539,-1.5725391,-2.362539,-8.342539,0.39746094,3.857461,-1.2225391,2.917461,-1.1825391
0.16746093,-2.702539,-0.69253904,-0.37253907,-4.512539,-5.062539,-5.982539,-3.872539,-7.282539,-6.1125393,-6.392539,-5.3625393,-2.5425391,-8.422539,-8.242539,-10.112539,-7.332539,-2.072539,-5.852539,-5.032539,-7.842539,-7.162539,-7.432539,-8.042539,-5.302539,-6.682539,-5.332539,-3.7325392,-0.7725391,2.357461,2.377461,0.22746094,-2.592539,-2.622539,-2.052539,-5.512539,-2.842539,2.657461,5.017461,-3.802539,-3.2925391,0.39746094,1.887461
-1.0925391,-4.252539,-2.5425391,-2.9825392,-4.932539,-7.032539,-5.8825393,-4.412539,-7.162539,-5.222539,-3.832539,-4.522539,-1.162539,-3.092539,-3.632539,-6.042539,-9.752539,-10.8725395,-5.432539,-6.722539,-8.182539,-6.992539,-5.162539,-6.3825393,-6.3625393,-6.572539,-3.612539,-3.7525392,-2.342539,-1.6025391,-4.512539,-3.682539,-2.852539,0.43746093,-5.982539,-3.0125391,3.827461,1.4574609,3.577461,2.437461,-0.7025391,0.39746094,-4.852539
-4.582539,-2.0225391,3.307461,-0.08253906,-2.902539,-4.622539,-8.282539,-7.622539,-8.932539,-7.502539,-5.912539,-3.2425392,-2.612539,2.447461,1.087461,-3.192539,-6.012539,-3.2625391,-4.8825393,-5.992539,-6.4025393,-6.082539,-6.162539,-6.192539,-6.032539,-6.472539,-5.182539,-6.682539,-4.442539,-3.672539,-4.082539,-6.242539,-2.702539,-2.952539,2.397461,1.467461,0.10746094,-2.212539,-6.912539,3.2474608,-0.60253906,0.43746093,-1.762539
-4.462539,-6.192539,-4.3625393,6.477461,2.9974608,0.99746096,-2.622539,-2.912539,-5.842539,-5.042539,-4.222539,-2.202539,-5.772539,-5.942539,4.317461,3.307461,-4.682539,-7.052539,-3.642539,-4.992539,-5.892539,-5.052539,-4.772539,-5.6525393,-5.952539,-6.752539,-7.6125393,-5.252539,-4.312539,0.81746095,-3.182539,-3.802539,-5.942539,-4.4025393,3.7674608,0.38746095,1.237461,1.387461,-0.10253906,-4.242539,-3.902539,-3.692539,-0.14253907
-5.622539,-5.802539,-4.482539,-3.2525392,-4.492539,-4.732539,-6.822539,-7.312539,-6.8825393,-6.312539,-6.232539,-3.932539,-4.102539,-6.352539,-5.982539,-5.262539,-1.872539,-2.812539,-1.9425391,-5.542539,-4.832539,-3.072539,-3.652539,-3.632539,-4.702539,-5.692539,-6.622539,-10.142539,-7.202539,-7.122539,-3.5125391,-2.192539,-4.192539,-4.952539,-7.102539,1.637461,0.7874609,-3.5325391,3.027461,3.107461,0.06746094,-1.362539,-7.832539
-4.162539,-4.292539,-3.7725391,-3.892539,-4.432539,-5.232539,-6.392539,-7.242539,-7.032539,-6.672539,-6.562539,-5.512539,-4.482539,-5.202539,-4.742539,-6.552539,-0.63253903,-4.092539,-4.422539,-4.732539,-6.222539,-5.702539,-2.9825392,-4.622539,-4.352539,-5.622539,-4.892539,-7.642539,-10.812539,-9.602539,-6.492539,-4.002539,-3.5025392,-3.662539,-1.8425391,-1.512539,3.147461,-1.492539,-3.972539,-1.9725391,3.777461,3.117461,-0.6525391
-5.472539,-3.662539,-3.972539,-4.6125393,-4.8625393,-5.162539,-5.992539,-6.722539,-7.192539,-6.622539,-6.142539,-6.122539,-4.582539,-4.162539,-5.892539,-4.372539,-5.892539,-4.782539,-5.472539,-4.542539,-12.142539,-4.6325393,-4.642539,-5.272539,-4.342539,-6.332539,-4.762539,-5.982539,-3.422539,-5.002539,-5.432539,-2.2525392,-4.922539,-1.652539,-1.4425391,0.49746093,1.987461,2.5174608,0.58746094,-0.60253906,-0.74253905,0.41746095,2.627461
-3.052539,-4.482539,-4.1525393,-5.162539,-4.022539,-3.652539,-4.6325393,-5.702539,-6.392539,-6.202539,-6.082539,-4.762539,-4.792539,-3.7925391,-6.812539,-6.322539,-8.092539,-0.012539063,-4.1525393,-2.892539,-3.442539,-6.322539,-3.882539,-4.532539,-4.642539,-5.6325393,-1.392539,-6.232539,-6.102539,-5.282539,-3.0025392,0.33746094,-2.962539,-3.412539,-1.912539,-2.7525392,-4.392539,3.687461,2.787461,0.82746094,2.537461,1.7974609,-1.4325391
-3.582539,-4.062539,-3.952539,-4.3825393,-4.662539,-4.712539,-5.422539,-5.8825393,-6.142539,-5.312539,-6.202539,-6.552539,-2.632539,-5.802539,-4.282539,-4.342539,-4.072539,-5.932539,-7.012539,-7.062539,-0.7625391,-4.1325393,-5.682539,-5.512539,-6.442539,-4.982539,-0.8925391,-3.7825391,-5.892539,-8.052539,-1.632539,-0.34253907,-0.36253905,-4.992539,-2.422539,-2.0425391,-4.232539,-0.87253904,-2.092539,-1.402539,-2.842539,-1.982539,-0.99253905
-2.822539,-2.802539,-2.892539,-4.032539,-7.562539,-7.442539,-6.672539,-5.772539,-4.222539,-4.942539,-5.622539,-6.292539,-5.092539,-1.892539,-4.622539,-6.702539,-4.1525393,-4.972539,-6.852539,-6.452539,-5.602539,0.87746096,3.367461,-6.1125393,-5.802539,-6.692539,1.387461,-3.182539,-6.732539,0.49746093,4.017461,2.137461,-0.37253907,-3.062539,-2.0125391,-2.652539,-2.692539,-4.392539,5.297461,-0.75253904,-1.8425391,-2.5325391,-1.4625391
-3.842539,-3.562539,-3.822539,-4.852539,-5.272539,-5.002539,-4.282539,-2.852539,-3.122539,-7.032539,-6.082539,-4.492539,-4.142539,-3.602539,-0.98253906,-1.412539,-4.452539,-4.262539,-4.352539,-5.572539,-4.922539,-4.622539,-5.792539,-5.352539,-5.072539,-4.582539,-2.7925391,3.837461,0.29746094,-1.752539,-4.892539,-4.572539,-1.882539,-0.042539064,0.46746093,-1.492539,-2.102539,-2.202539,-2.0225391,-1.2025391,-1.762539,-3.7425392,-2.892539
-2.382539,-3.082539,-4.282539,-3.922539,-4.442539,-5.072539,-4.832539,-4.832539,-5.212539,-3.592539,-0.88253903,-2.712539,-3.0225391,-4.082539,-4.422539,-4.8625393,-2.5325391,-2.612539,-4.162539,-3.212539,-4.532539,-2.7725391,-4.482539,-5.542539,-5.732539,-3.092539,-5.172539,-3.4925392,-2.932539,-3.892539,-7.622539,-3.7525392,3.597461,-0.74253905,-2.202539,-3.572539,-3.312539,-2.962539,-1.9425391,-3.922539,-2.702539,-2.7325392,-1.022539
-2.862539,-3.702539,-2.342539,-5.022539,-4.342539,-4.682539,-4.772539,-4.242539,-4.812539,-4.372539,-4.4025393,-3.2525392,0.69746095,-1.132539,-1.282539,-1.862539,-3.432539,1.237461,-2.222539,-4.512539,-3.0425391,-2.7325392,-3.652539,-4.962539,-1.3125391,0.41746095,-2.202539,-3.302539,-3.9825392,-3.832539,-0.32253906,-2.7725391,-1.9225391,-1.4725391,-3.432539,0.37746093,-0.73253906,-1.4325391,-2.162539,-1.242539,-3.592539,-2.7425392,-2.142539
