wind_kz.json
{"header": {"discipline":0,"disciplineName":"Meteorological products","gribEdition":2,"gribLength":1025,"center":7,"centerName":"US National Weather Service - NCEP(WMC)","subcenter":0,"refTime":"2023-09-20T12:00:00.000Z","significanceOfRT":1,"significanceOfRTName":"Start of forecast","productStatus":0,"productStatusName":"Operational products","productType":1,"productTypeName":"Forecast products","productDefinitionTemplate":0,"productDefinitionTemplateName":"Analysis/forecast at horizontal level/layer at a point in time","parameterCategory":2,"parameterCategoryName":"UnknownDiscipline_0_Category_2","parameterNumber":3,"parameterNumberName":"UnknownParameter_D0_C2_3","parameterUnit":"Unknown","genProcessType":2,"genProcessTypeName":"Forecast","forecastTime":240,"surface1Type":103,"surface1TypeName":"Specified height level above ground","surface1Value":10.0,"surface2Type":255,"surface2TypeName":"Missing","surface2Value":0.0,"gridDefinitionTemplate":0,"gridDefinitionTemplateName":"Latitude_Longitude","numberPoints":615,"shape":6,"shapeName":"Earth spherical with radius of 6,371,229.0 m","gridUnits":"degrees","resolution":48,"winds":"true","scanMode":64,"nx":41,"ny":15,"basicAngle":0,"lo1":47.0,"la1":41.0,"lo2":87.0,"la2":55.0,"dx":1.0,"dy":1.0}, "data":
[rows 0 to 14 of 15, columns 0 to 40 of 41]
3.7189476,2.0889478,6.278948,4.568948,1.9189477,-2.9010522,-2.4510522,-1.2910522,-1.4110522,-3.1710522,-3.6610522,-3.5310524,-3.4210522,-3.3710523,-5.2310524,-5.3110523,-2.9510522,1.2589477,-1.4310522,-6.2710524,-1.3310523,2.9989479,-1.3310523,-1.4010522,5.698948,2.7489479,2.1989477,-0.74105227,-2.7010522,-1.7310523,-1.1210523,0.20894775,-1.3310523,0.058947753,0.86894774,1.0789478,0.108947754,0.7089478,1.5389477,-0.061052248,0.46894777
-0.44105226,2.3689477,4.718948,3.7789478,2.0989478,-2.3410523,-1.5410522,-1.4910523,-1.8910522,-2.6610522,-5.1410522,-3.9310522,-3.2910523,-4.701052,-6.381052,-7.131052,-8.711052,1.7089478,2.2689478,-0.7310522,-0.40105224,6.2089477,1.4789478,-1.9410522,-3.9210522,-0.82105225,1.2489477,-0.7310522,-1.2610523,-2.0510523,-2.0810523,-1.7910522,-0.95105225,-2.9310522,-0.39105225,-3.1710522,-3.3610523,-8.3610525,-0.23105225,0.85894775,0.35894775
3.0489478,5.548948,3.6989477,2.8489478,2.3389478,3.6289477,0.018947754,-1.3410523,-2.0510523,-2.7910523,-4.091052,-6.7910523,-6.3910522,-6.9410524,-6.1410522,-6.841052,-7.9810524,-3.8610523,7.5589476,7.7689476,6.888948,1.7889477,0.5289478,1.3589478,-3.9710522,-2.5610523,-1.9310522,-2.1510522,-2.3810523,-1.9810523,0.13894776,-0.011052246,-2.1410522,-1.9710523,0.27894774,-0.041052245,-1.3710523,0.44894776,-1.8710523,1.7389477,-0.53105223
4.5389476,2.7389479,3.1489477,3.0589478,4.0789475,1.2889477,0.91894776,-0.89105225,-1.8510523,-2.1610522,-3.5210524,-6.031052,-7.2110524,-8.151052,-8.171052,-6.4010525,-6.821052,-7.1010523,-7.2310524,-8.301052,-0.95105225,-2.4110522,-2.8210523,-0.7210522,-0.9210522,-3.0610523,-3.2810524,-4.111052,-2.5310524,-2.6510522,-4.5210524,-3.6310523,2.9589477,0.20894775,-0.49105224,0.098947756,1.3389478,0.90894777,-0.62105227,-0.8610523,-2.8610523
2.8189478,0.8289478,0.14894776,-2.5510523,0.98894775,0.43894777,-0.5510523,-0.71105224,-0.96105224,-2.2110522,-4.0610523,-3.4010522,-5.611052,-8.091052,-6.2910523,-6.971052,-6.6410522,-6.3510523,-5.931052,-6.201052,-6.381052,-4.8310523,-5.2110524,-3.7110522,0.80894774,-0.63105226,-3.5710523,-5.241052,-1.4610523,-2.3110523,-2.9010522,-4.2710524,-1.8810523,-1.4410522,1.0889478,1.1989478,-4.7910523,0.35894775,2.4689476,-1.6610522,-2.5310524
4.3989477,3.5689478,0.038947754,-0.43105224,-0.7210522,-2.2610521,1.0189477,-0.041052245,-0.051052246,-1.9510522,-3.4610522,-5.631052,-4.0810523,-5.2710524,-7.7310524,-6.591052,-6.6410522,-6.0410523,-5.911052,-5.4410524,-5.1010523,-4.5810523,-4.1210523,-3.0110521,-1.6310523,0.048947755,-0.7310522,-4.6210523,-2.0310524,-1.6110523,-3.1110523,-3.6510522,-4.951052,-4.6210523,-1.9510522,1.3389478,0.15894775,-2.7910523,-1.9610523,1.5889478,-2.0710523
4.5589476,4.4789476,3.5489478,4.298948,3.9689476,4.838948,1.2289478,0.74894774,-0.25105226,-0.7210522,-2.5410523,-3.4010522,-5.411052,-5.681052,-6.2110524,-6.531052,-7.071052,-6.571052,-5.7710524,-4.511052,-4.5610523,-4.611052,-4.931052,-3.7310522,-1.6910522,-1.7710522,-2.4010522,-2.3610523,-3.6610522,-2.1310523,-3.5710523,-3.2510521,-3.5210524,-6.841052,-3.3410523,-0.83105224,-2.5410523,-2.2110522,-1.9610523,2.4389477,-7.3510523
3.2589478,3.0489478,1.9589478,2.1389477,1.5489478,1.0489478,1.2589477,0.018947754,-0.36105224,-1.8710523,-2.2610521,-1.9410522,-3.8210523,-5.1510525,-5.8510523,-6.0010524,-5.8910522,-5.991052,-5.881052,-3.9110522,-3.5910523,-5.051052,-5.2910523,-4.9010525,-4.181052,-3.0510523,-3.1310523,-1.7510523,-0.58105224,-3.0810523,-2.9010522,-5.701052,-5.9810524,-7.4810524,-6.661052,-7.1510525,-7.431052,-8.041052,-1.0410522,2.3489478,-0.32105225
2.8089478,3.3689477,2.9989479,1.8789477,1.4589478,0.038947754,-0.48105225,-1.3510523,-3.0310524,-3.3810523,-3.1810522,-1.7110523,-1.6310523,-3.7110522,-4.381052,-4.6910524,-5.0010524,-5.1510525,-5.261052,-4.6410522,-2.7710524,-3.8210523,-5.091052,-4.931052,-4.321052,-4.761052,-4.091052,-3.7610521,-4.4610524,-3.5710523,-3.7010522,-4.1010523,-4.881052,-5.6210523,-5.1710525,-4.3510523,-4.6710525,-3.9610522,-3.4210522,-3.1510522,-0.9810522
3.6889477,4.2289476,3.2489479,1.3989477,1.0989478,0.28894776,-1.9410522,-3.2410522,-3.4910522,-2.9310522,-3.1910522,-2.1410522,0.5189478,-1.1410522,-2.6410522,-3.1610522,-4.161052,-4.6410522,-4.4010525,-4.1210523,-3.4110522,-3.3410523,-3.7310522,-4.221052,-4.741052,-4.8510523,-3.4010522,-3.8710523,-3.8510523,-3.6610522,-3.9410522,-4.2310524,-4.571052,-4.681052,-4.4010525,-4.4610524,-2.2110522,-1.5510522,2.7589478,2.5589478,2.3589478
4.3989477,4.588948,3.2589478,2.1689477,0.96894777,-0.77105224,-1.3310523,-1.9010522,-2.8110523,-3.0710523,-2.3110523,-1.5810523,1.7489477,1.1289477,-0.44105226,-1.9410522,-2.8410523,-3.1910522,-3.3210523,-3.5610523,-2.6510522,-2.7710524,-2.8710523,-3.3310523,-3.0310524,-3.2810524,-3.2610521,-3.6610522,-4.0210524,-4.071052,-3.5310524,-2.9010522,-3.4910522,-3.2910523,-3.2010522,-3.1710522,-2.0710523,-1.8310523,-2.3010523,-2.6310523,-0.8510522
3.2989478,2.5189478,2.6089478,1.9389478,1.0889478,0.16894776,-0.22105224,-0.8010523,-1.7110523,-2.6610522,-2.7610521,0.7689478,-0.08105224,0.9489477,0.28894776,-0.9210522,-2.1010523,-1.3910522,-1.9310522,-2.6910522,-1.8210522,-1.2410523,-2.0210524,-2.4910522,-2.2710524,-2.7610521,-3.0910523,-3.8410523,-3.8710523,-3.4510522,-2.4110522,-2.7410522,-1.9510522,-2.0010521,-1.4210522,-2.0010521,-0.95105225,-0.83105224,-0.25105226,1.3589478,2.0589478
3.3589478,3.4489477,2.9989479,1.5489478,1.3489478,0.8889477,1.0089477,0.61894774,-0.50105226,-1.8310523,-1.2510523,-1.3810523,-0.20105225,-0.14105225,-0.76105225,-0.82105225,-2.7410522,-2.0710523,2.7689478,0.058947753,-0.78105223,-0.76105225,-0.78105223,-1.3710523,-2.3010523,-2.6610522,-2.9010522,-2.9810522,-3.3710523,-2.9410522,-3.4110522,-2.7210522,-2.4410522,-1.6410522,-1.4310522,-1.4810523,-1.1010523,-0.45105225,0.068947755,-0.021052247,0.85894775
3.5189478,3.5889478,3.9789476,3.4489477,2.5289478,2.5289478,1.6689477,0.87894773,0.48894775,0.54894775,-0.35105225,-0.74105227,2.2589478,1.3789477,0.81894773,-0.94105226,-1.7510523,-1.5810523,-0.29105225,0.6489478,0.92894775,0.38894776,-0.19105224,-0.6610522,-1.2410523,-2.0110521,-1.9910523,-1.8210522,-1.8010522,-1.7510523,-1.1810522,-1.4410522,-2.4810522,-1.6710522,-1.2910522,-1.3710523,-1.5010523,-1.6110523,-1.5510522,-0.22105224,-0.30105224
2.7489479,3.4489477,5.868948,2.8589478,3.1489477,2.4289477,1.7289478,1.4889477,1.4089477,2.2089477,1.3189478,0.27894774,0.40894777,0.048947755,1.0189477,0.48894775,-0.24105224,-0.52105224,-0.7310522,-0.6110523,-0.19105224,0.20894775,-0.16105224,-0.46105224,-0.5410522,-1.0810523,-1.5310522,-1.7610523,-1.4410522,-1.9410522,-2.5310524,-3.5310524,-1.7910522,-1.4910523,-1.7510523,-1.3410523,-1.4410522,-2.6310523,-2.7610521,-2.5610523,-1.0410522
