wind.json
{"header": {"discipline":0,"disciplineName":"Meteorological products","gribEdition":2,"gribLength":1039,"center":7,"centerName":"US National Weather Service - NCEP(WMC)","subcenter":0,"refTime":"2023-07-01T06:00:00.000Z","significanceOfRT":1,"significanceOfRTName":"Start of forecast","productStatus":0,"productStatusName":"Operational products","productType":1,"productTypeName":"Forecast products","productDefinitionTemplate":0,"productDefinitionTemplateName":"Analysis/forecast at horizontal level/layer at a point in time","parameterCategory":0,"parameterCategoryName":"UnknownDiscipline_0_Category_0","parameterNumber":0,"parameterNumberName":"UnknownParameter_D0_C0_0","parameterUnit":"Unknown","genProcessType":2,"genProcessTypeName":"Forecast","forecastTime":120,"surface1Type":1,"surface1TypeName":"Ground or water surface","surface1Value":0.0,"surface2Type":255,"surface2TypeName":"Missing","surface2Value":0.0,"gridDefinitionTemplate":0,"gridDefinitionTemplateName":"Latitude_Longitude","numberPoints":688,"shape":6,"shapeName":"Earth spherical with radius of 6,371,229.0 m","gridUnits":"degrees","resolution":48,"winds":"true","scanMode":64,"nx":43,"ny":16,"basicAngle":0,"lo1":45.0,"la1":40.0,"lo2":87.0,"la2":55.0,"dx":1.0,"dy":1.0}, "data":
[rows 0 to 15 of 16, columns 0 to 42 of 43]
293.5,288.3,310.4,321.1,314.6,298.1,297.4,295.7,323.0,323.8,322.8,324.9,325.3,322.4,322.0,320.6,321.8,322.4,324.7,325.8,324.1,321.3,318.2,320.7,318.2,315.3,315.2,298.5,299.1,304.6,305.9,322.2,318.9,320.0,325.5,323.2,319.3,328.0,323.4,327.6,330.6,328.0,331.1
295.6,311.9,308.7,297.4,307.8,296.9,296.8,295.1,314.6,321.4,322.3,326.0,321.5,321.7,319.8,321.4,322.6,326.0,325.6,325.4,329.4,325.4,329.0,320.5,318.3,314.3,317.7,317.7,312.5,285.0,295.2,295.3,295.8,299.6,310.2,320.0,326.6,320.2,323.6,329.2,328.8,331.8,333.7
298.9,292.3,289.4,303.0,297.0,297.1,296.7,294.1,326.4,323.6,324.4,323.5,323.0,321.2,320.0,319.5,324.9,326.5,330.4,327.3,328.4,330.0,330.1,321.6,319.8,307.4,296.4,286.8,300.4,296.1,295.9,288.7,297.5,290.2,305.1,273.2,297.6,317.2,307.2,311.0,328.0,313.8,287.1
297.4,300.4,307.7,297.8,297.0,297.2,295.7,315.7,321.5,322.6,323.6,322.2,321.8,321.3,317.3,319.9,323.2,327.2,327.7,326.1,325.5,325.8,326.6,323.7,328.7,312.4,315.7,310.5,313.9,310.0,303.7,290.2,281.5,287.2,292.0,299.8,300.9,300.2,292.3,299.2,304.4,292.8,292.0
308.4,312.2,313.8,298.2,298.1,297.5,303.6,321.5,320.0,322.6,321.8,323.1,322.3,319.4,295.4,294.6,320.5,323.6,320.8,323.8,321.6,323.3,316.3,314.5,319.2,319.2,318.5,323.9,327.3,315.5,319.8,318.1,318.0,313.7,318.4,314.3,313.1,308.6,295.0,292.8,287.8,312.5,314.7
313.4,313.8,316.1,299.1,299.2,299.8,308.3,320.3,322.4,325.2,324.3,323.4,323.8,319.4,295.8,295.2,292.3,320.8,321.3,317.8,316.3,319.6,320.2,322.7,317.9,321.8,321.5,322.6,317.4,308.3,319.9,320.2,317.3,311.4,283.5,276.1,296.0,313.7,313.3,326.2,322.9,319.9,312.2
314.3,315.8,317.3,318.2,299.4,299.3,298.7,298.3,324.8,321.2,322.7,324.0,325.1,322.3,298.3,294.5,307.2,317.3,321.3,319.2,320.4,320.6,319.5,318.9,318.6,318.1,319.3,315.3,311.5,291.1,311.7,305.8,302.0,307.2,304.4,312.0,309.9,308.5,305.8,309.6,322.6,321.8,304.2
314.0,315.3,315.7,316.2,317.8,318.7,313.0,318.8,319.4,318.3,320.4,320.9,321.0,318.0,320.3,320.5,320.4,321.0,321.1,320.1,319.7,317.1,315.7,316.8,316.5,313.3,313.4,311.5,315.1,316.7,310.9,318.3,319.0,324.8,326.3,318.7,316.5,313.1,305.9,295.2,297.6,289.0,306.8
313.4,312.8,316.0,316.6,316.0,315.5,315.9,317.0,316.8,317.7,319.4,319.0,315.7,318.7,322.3,317.6,320.1,319.8,322.2,318.8,316.8,315.7,314.7,314.7,314.1,314.4,314.1,311.1,310.3,313.4,311.9,314.9,313.0,315.4,313.2,310.1,311.9,316.9,316.2,288.8,313.8,311.9,307.7
294.9,312.0,314.0,313.9,314.0,313.6,313.0,314.5,314.8,314.0,316.0,315.4,316.0,317.1,317.6,319.8,319.0,319.4,318.7,318.0,316.4,315.3,311.9,312.5,313.8,312.4,312.3,312.4,307.0,305.2,305.5,303.5,305.4,307.4,309.4,309.5,310.5,307.1,307.6,308.2,298.1,291.9,296.8
305.9,308.9,311.3,311.7,311.5,311.6,310.8,312.6,311.6,310.7,313.5,312.8,311.2,310.6,312.6,313.6,313.4,314.3,316.3,317.3,316.7,315.9,312.8,311.8,313.2,313.4,312.1,309.2,309.9,307.0,306.1,308.6,309.7,312.3,312.2,312.2,310.0,308.0,299.7,295.6,296.1,294.8,290.2
301.9,297.9,306.2,306.4,308.2,303.5,300.6,308.5,308.0,307.6,308.1,307.8,305.9,306.0,309.9,307.0,298.8,306.4,311.2,313.5,314.8,311.8,312.3,312.3,308.5,308.1,307.4,306.8,304.6,311.6,312.7,315.9,315.6,316.1,313.3,308.7,305.1,304.1,295.6,291.4,293.5,288.2,287.9
299.6,300.9,302.9,304.6,306.4,305.9,304.4,303.8,303.0,303.0,303.5,304.1,301.7,301.7,305.3,303.4,307.7,307.5,307.5,309.6,309.7,307.8,307.4,308.3,309.0,308.4,307.1,309.7,310.3,313.8,316.3,314.2,310.5,313.0,308.6,306.9,299.6,302.6,294.9,300.6,298.1,294.5,291.1
298.3,299.5,300.1,301.1,306.1,303.4,303.0,302.4,301.6,303.5,303.3,302.0,300.8,297.9,301.3,301.7,302.1,302.9,303.9,304.6,306.1,304.9,304.0,303.1,305.4,306.3,309.7,311.2,314.6,311.2,310.8,308.9,310.2,310.3,306.6,307.3,296.0,297.6,290.6,292.6,296.8,300.3,292.8
298.6,300.2,301.2,301.5,296.4,303.7,301.8,301.5,299.4,298.1,299.0,299.8,299.7,300.7,300.5,301.6,301.0,301.8,301.8,301.7,302.7,303.9,304.0,304.0,305.6,307.3,307.8,310.6,308.7,306.6,305.7,306.7,308.2,308.9,306.4,306.0,298.7,302.1,299.5,293.4,300.3,295.2,295.6
298.0,298.3,299.8,301.7,291.8,304.1,304.7,303.8,303.1,300.3,298.9,299.7,301.5,298.7,298.4,300.4,301.6,301.6,303.2,302.9,303.6,300.9,301.4,302.5,303.6,303.9,303.6,304.6,305.6,305.2,303.2,306.6,305.5,296.4,304.9,304.8,298.8,302.6,301.5,296.5,300.9,296.5,293.9
