wind_kz.json
{"header": {"discipline":0,"disciplineName":"Meteorological products","gribEdition":2,"gribLength":1025,"center":7,"centerName":"US National Weather Service - NCEP(WMC)","subcenter":0,"refTime":"2023-09-18T18:00:00.000Z","significanceOfRT":1,"significanceOfRTName":"Start of forecast","productStatus":0,"productStatusName":"Operational products","productType":1,"productTypeName":"Forecast products","productDefinitionTemplate":0,"productDefinitionTemplateName":"Analysis/forecast at horizontal level/layer at a point in time","parameterCategory":2,"parameterCategoryName":"UnknownDiscipline_0_Category_2","parameterNumber":2,"parameterNumberName":"UnknownParameter_D0_C2_2","parameterUnit":"Unknown","genProcessType":2,"genProcessTypeName":"Forecast","forecastTime":240,"surface1Type":103,"surface1TypeName":"Specified height level above ground","surface1Value":10.0,"surface2Type":255,"surface2TypeName":"Missing","surface2Value":0.0,"gridDefinitionTemplate":0,"gridDefinitionTemplateName":"Latitude_Longitude","numberPoints":615,"shape":6,"shapeName":"Earth spherical with radius of 6,371,229.0 m","gridUnits":"degrees","resolution":48,"winds":"true","scanMode":64,"nx":41,"ny":15,"basicAngle":0,"lo1":47.0,"la1":41.0,"lo2":87.0,"la2":55.0,"dx":1.0,"dy":1.0}, "data":
[rows 0 to 14 of 15, columns 0 to 40 of 41]
-1.0973974,-0.32739747,1.4826026,2.6426024,1.0326025,0.77260256,2.3026025,-4.6873975,-4.6773973,-2.9973974,-1.8273975,-1.3073975,1.8326025,-2.9473975,-1.8873974,-0.8173975,-0.60739744,0.67260253,-1.2973975,-0.08739746,2.2326026,1.7726026,-0.06739746,-0.8173975,-0.79739743,-2.2273974,-1.7173975,-0.11739746,0.17260253,-0.5573975,-0.8073975,1.4026026,0.35260254,-0.73739743,-4.1073976,-4.6173973,-4.0573974,-3.7973974,-3.2773974,-2.0073974,-2.4973974
-0.23739746,0.97260255,0.66260254,0.66260254,0.9426025,0.61260253,0.6826025,-3.4173975,-2.5273974,0.032602537,-1.1173974,-0.95739746,-3.4573975,-2.5573974,-0.89739746,-0.53739744,-0.70739746,-0.9273975,0.19260255,1.3826026,2.0926025,2.6626024,-0.027397461,-1.9273975,0.02260254,0.78260255,-0.16739745,1.7626026,-2.2173975,-2.1573975,0.19260255,-0.31739748,-1.2073975,-2.6573975,1.1626025,-0.34739745,-0.34739745,-0.26739746,-0.057397462,1.6326026,0.85260254
0.38260254,-0.54739743,-0.17739746,0.8826025,2.3526025,1.7726026,2.4426026,0.95260257,1.4426025,1.0726025,-0.52739745,0.15260254,-0.9973975,-1.4973974,0.76260257,1.3926026,0.72260255,0.25260255,1.7126025,1.9526025,2.7626026,3.1026025,1.7826025,0.6326025,0.10260254,3.1926026,0.97260255,-1.8573974,-2.9573975,-0.04739746,-1.9373975,2.6626024,-0.03739746,-0.23739746,0.73260254,-0.8173975,-0.14739746,0.35260254,-0.78739744,0.04260254,1.6526026
-1.1473975,0.15260254,0.76260257,0.72260255,-0.24739747,0.49260253,0.19260255,-1.0473975,-1.0173974,-1.2473974,0.36260253,0.33260253,1.6826025,2.4426026,2.6026025,3.0726025,2.8526025,3.6326025,1.4626025,2.0326025,1.8626026,-1.1073974,3.2926025,1.3726026,3.0726025,3.0426025,0.002602539,-1.7873975,-0.04739746,-0.5573975,-0.51739746,-3.7473974,-1.6773975,-1.6273974,-1.9373975,-1.9573975,-2.3673975,1.9426025,1.8426025,0.16260254,-0.9973975
1.8626026,3.9026024,3.9526026,3.7226026,3.1826026,2.3926024,1.3626026,1.6926025,2.3826025,3.1826026,3.7826025,4.0226026,3.7626026,5.0926027,4.7926025,4.1526027,3.7626026,3.4226027,0.8726025,1.6726025,2.1726027,0.8026025,1.1726025,2.9026024,3.1926026,-0.30739745,-1.7173975,-2.7173975,-3.6473975,-2.9873974,-2.5573974,-2.1373975,-2.3873975,1.2326026,0.53260255,-0.31739748,-3.3673975,-2.9973974,-3.2973974,-3.4173975,-3.5973976
3.4326026,2.8026025,4.4726024,5.2726026,6.1326027,5.5826025,4.2026024,4.4526024,3.8226025,4.4026027,4.5726027,4.5926027,5.1726027,4.9926023,6.0226026,4.7026024,4.8426027,4.0126023,2.1026025,1.3126025,1.4426025,2.7726026,2.9126024,3.6726027,0.70260257,-4.2873974,-2.9073975,-4.3473973,-4.6673975,-4.1873975,-3.9773974,-3.1473975,-2.6073976,-0.22739746,0.71260256,-6.7073975,0.35260254,-3.9173975,-1.0473975,-1.9473975,-2.6473975
-1.0173974,-0.9973975,-0.52739745,1.2826025,2.1526024,4.5626025,5.0426025,5.7326026,6.6626024,6.7226024,7.2226024,5.9426026,5.4826026,5.7826023,4.8426027,4.1826024,4.8326025,5.0426025,2.8826025,1.8826026,2.7026026,1.9426025,1.5726025,0.11260254,-4.1273975,-4.5773973,-3.2173975,-3.7073975,-3.6873975,-3.7073975,-4.1573973,-3.8573976,-3.0073974,-3.7073975,-3.6073976,-1.8973975,-1.2973975,2.2426026,-3.6273975,2.3926024,0.73260254
0.90260255,0.9326025,0.60260254,1.3926026,0.98260254,1.6226026,2.1226025,1.0926025,1.5826025,1.9226025,0.6326025,-0.79739743,1.9626025,4.6426024,3.8326025,3.5226026,4.7826023,3.7126026,2.8826025,1.5726025,2.5126026,2.6126025,2.8326025,1.0326025,-0.88739747,-1.4673975,-1.1673975,-1.6473975,-0.59739745,-1.9873974,-2.1473975,-1.6773975,-2.9173975,-0.33739746,-2.2073975,-1.9373975,-2.6573975,-7.7573977,-4.9273973,-4.4273973,-2.3673975
2.2926025,2.7126026,2.1626024,2.7126026,2.2026026,2.6426024,2.6226025,2.2326026,2.6826026,2.9726026,3.3326025,2.7926025,2.6726027,1.5626025,3.5226026,5.2526026,2.9526026,4.6226025,2.2726026,2.4126024,1.4226025,2.1126025,2.3826025,1.7526026,-0.6873975,-0.71739745,-1.0173974,-0.89739746,-0.64739746,-1.1073974,-0.15739746,0.90260255,0.59260255,-1.2673974,-1.9073975,-2.1773975,-1.0973974,-1.6973975,-1.7673974,0.8026025,-2.6073976
2.2526026,2.8626025,3.0926025,2.8926024,2.0426025,2.5826025,2.6826026,2.2526026,-0.9373975,1.7626026,3.3626025,4.5226026,4.9426026,4.1926026,3.9826026,4.5626025,3.1626024,3.5126026,3.2626026,3.2926025,3.1726027,1.7926025,1.9126025,1.8626026,1.4026026,-0.41739747,0.26260254,-0.26739746,0.90260255,1.3526025,0.54260254,-0.0073974608,-1.7873975,-2.4373975,-1.6973975,-1.8873974,-2.4573975,-0.28739747,-1.7173975,-0.36739746,-1.4073975
2.7726026,3.0626025,2.9826026,2.6526024,2.9026024,2.8026025,2.7226026,2.6426024,2.9026024,3.2326026,2.8026025,4.7226024,5.6026025,5.1126027,2.9226027,5.7026024,3.6426024,3.4026024,2.1726027,1.4726025,1.7126025,-0.08739746,1.6026025,1.6626025,1.5226026,0.60260254,0.20260254,0.84260255,0.45260254,0.34260255,-0.9473975,-1.9173975,-2.7273974,-1.3773974,-1.3873974,-2.2573974,-1.7073975,0.26260254,-1.2373974,1.1826025,-1.6573975
1.9826026,2.7026026,2.6826026,2.5226026,1.8126025,1.9126025,1.7726026,1.0026026,2.5026026,3.8226025,3.4326026,3.8626025,4.3526025,4.2826023,4.2726026,4.4426026,3.2726026,3.2226026,2.0226026,3.3226025,0.77260256,0.34260255,0.05260254,1.7226025,2.7826025,1.0926025,0.7526025,1.3326025,1.7726026,0.8026025,-0.72739744,-1.0473975,-1.0873975,-1.5073974,-0.10739746,0.23260254,0.032602537,-0.66739744,-0.29739746,-0.58739746,-0.78739744
2.2526026,2.6526024,3.0926025,2.2926025,2.5826025,1.7826025,1.4526025,2.3926024,4.3826027,3.2826025,2.5226026,3.8226025,4.8626027,5.8226027,3.6826026,4.3526025,4.4126024,2.9126024,2.7226026,1.9126025,3.0126026,1.6926025,0.76260257,2.9826026,3.6726027,2.8926024,0.59260255,1.8626026,0.86260253,0.04260254,-0.08739746,0.012602539,0.5626025,0.37260255,-0.017397461,0.8226025,1.7426026,-0.04739746,0.37260255,-0.36739746,-1.1373974
2.8926024,2.8026025,3.2826025,3.0926025,1.4926026,1.2726026,2.9426026,3.0926025,4.0326023,4.7426023,2.7426026,2.6126025,4.0626025,4.5126023,1.9926026,2.8526025,2.5326025,2.6826026,2.0026026,2.5326025,1.5626025,1.8226025,1.1126026,1.5426025,1.8826026,6.7526026,0.91260254,0.37260255,1.1226026,0.5526025,0.71260256,0.59260255,0.98260254,0.72260255,1.0126026,1.4026026,0.8826025,-0.25739747,-2.0573974,0.26260254,-1.5573975
1.1926025,2.3626025,4.1026025,0.5526025,2.0626025,2.0626025,3.6226025,3.0326025,4.2826023,4.1726027,2.9126024,3.5526025,3.0326025,2.0526025,3.2926025,3.5226026,2.8126025,2.7926025,2.8926024,1.3926026,2.4526026,2.0626025,1.7626026,2.0526025,1.9826026,2.1626024,1.5026026,1.6026025,0.89260256,3.1326025,2.1426024,1.6026025,0.95260257,0.92260253,1.1426026,1.5526025,-0.19739746,1.2926025,-0.057397462,-2.0673974,-1.8273975
