wind.json
{"header": {"discipline":0,"disciplineName":"Meteorological products","gribEdition":2,"gribLength":1125,"center":7,"centerName":"US National Weather Service - NCEP(WMC)","subcenter":0,"refTime":"2023-06-27T18:00:00.000Z","significanceOfRT":1,"significanceOfRTName":"Start of forecast","productStatus":0,"productStatusName":"Operational products","productType":1,"productTypeName":"Forecast products","productDefinitionTemplate":0,"productDefinitionTemplateName":"Analysis/forecast at horizontal level/layer at a point in time","parameterCategory":2,"parameterCategoryName":"UnknownDiscipline_0_Category_2","parameterNumber":3,"parameterNumberName":"UnknownParameter_D0_C2_3","parameterUnit":"Unknown","genProcessType":2,"genProcessTypeName":"Forecast","forecastTime":0,"surface1Type":103,"surface1TypeName":"Specified height level above ground","surface1Value":10.0,"surface2Type":255,"surface2TypeName":"Missing","surface2Value":0.0,"gridDefinitionTemplate":0,"gridDefinitionTemplateName":"Latitude_Longitude","numberPoints":688,"shape":6,"shapeName":"Earth spherical with radius of 6,371,229.0 m","gridUnits":"degrees","resolution":48,"winds":"true","scanMode":64,"nx":43,"ny":16,"basicAngle":0,"lo1":45.0,"la1":40.0,"lo2":87.0,"la2":55.0,"dx":1.0,"dy":1.0}, "data":
[rows 0 to 15 of 16, columns 0 to 42 of 43]
-3.235105,2.8448951,0.774895,2.484895,-0.18510498,-3.095105,-5.335105,-5.615105,-7.495105,-6.225105,-1.655105,-3.4151049,-3.815105,-3.335105,-3.185105,-5.315105,-5.155105,-7.345105,-8.555105,-8.125105,-3.635105,-1.955105,-1.655105,4.404895,4.224895,2.214895,2.624895,2.204895,0.274895,-0.50510496,3.854895,-1.425105,-1.945105,-1.775105,-3.005105,-4.005105,-4.135105,0.13489503,0.56489503,-1.0951049,-3.285105,-1.015105,0.22489502
1.314895,-0.29510498,-0.445105,-2.455105,-1.075105,-6.025105,-6.275105,-5.235105,-4.945105,-3.855105,-0.445105,-3.965105,-2.845105,-4.345105,-6.945105,-7.585105,-8.655105,-8.7751045,-10.035105,-8.785105,-8.425105,-6.415105,-7.745105,-5.5351048,-3.055105,-1.685105,-1.665105,1.764895,-1.115105,1.6448951,1.744895,0.62489504,0.774895,0.14489502,1.254895,-1.695105,-3.9151049,1.974895,0.714895,1.5348951,-1.5951049,-3.105105,1.454895
1.2748951,-3.105105,3.394895,0.28489503,-3.315105,-3.965105,-5.455105,-6.075105,-5.315105,-0.88510495,-1.045105,-2.075105,-0.33510497,-2.435105,-4.235105,-5.585105,-8.225105,-8.825105,-8.205105,-8.675105,-8.715105,-7.625105,-7.945105,-7.845105,-2.255105,0.0048950193,0.26489502,-1.485105,-4.135105,0.62489504,-0.08510498,1.094895,2.3348951,4.424895,0.984895,-0.24510498,0.774895,0.67489505,-0.785105,-1.625105,-1.275105,-0.48510498,1.694895
0.984895,2.104895,0.664895,0.834895,-2.075105,-3.845105,-7.105105,-6.425105,-2.545105,-3.495105,-5.0351048,-5.675105,-1.7251049,-0.12510498,-2.875105,-3.885105,-5.465105,-5.095105,-5.895105,-5.745105,-4.685105,-5.635105,-7.425105,-7.435105,-3.245105,-1.045105,1.574895,-1.415105,2.264895,2.364895,-0.21510498,3.414895,3.434895,1.924895,2.914895,-1.265105,-1.0951049,3.544895,0.93489504,0.374895,0.39489502,1.294895,1.734895
-0.33510497,1.244895,1.474895,1.634895,-2.105105,-3.425105,-0.02510498,-3.885105,-2.185105,-1.525105,-2.9051049,-3.265105,-0.845105,0.08489502,0.404895,-1.8451049,-3.755105,-4.135105,-3.875105,-4.955105,-6.425105,-5.605105,-4.775105,-3.025105,-4.125105,-4.915105,-4.025105,-2.195105,-1.615105,-1.135105,-0.69510496,-1.635105,0.20489502,0.93489504,-1.705105,-1.145105,-2.555105,-3.265105,0.41489503,2.704895,5.074895,2.3448951,2.644895
0.07489502,3.664895,0.56489503,1.054895,-1.785105,-5.275105,-5.625105,-4.875105,-2.435105,-2.565105,-3.6551049,-2.845105,-3.045105,2.494895,1.854895,0.14489502,-2.485105,-3.365105,-4.725105,-6.525105,-7.445105,-8.555105,-9.145105,-5.135105,-6.465105,-6.425105,-6.575105,-6.005105,-3.265105,-1.675105,-2.595105,-2.615105,-1.875105,-3.175105,4.004895,4.194895,-0.805105,-1.755105,-0.08510498,-2.705105,0.19489501,0.92489505,-0.33510497
0.41489503,4.124895,2.694895,0.62489504,0.93489504,-0.46510497,-1.065105,-3.075105,-2.105105,-2.215105,-2.525105,-2.1551049,-2.4151049,-3.345105,-3.975105,-0.50510496,-2.105105,-4.475105,-6.715105,-6.965105,-8.135105,-7.525105,-7.605105,-7.055105,-6.425105,-6.955105,-3.6551049,-4.635105,-4.015105,-4.065105,-0.375105,-0.75510496,-2.375105,-2.525105,-1.945105,3.524895,5.524895,9.4748955,4.764895,6.744895,1.354895,-2.045105,1.344895
2.384895,-2.045105,4.174895,4.234895,5.274895,3.624895,0.884895,-0.09510498,-1.995105,-1.955105,-2.625105,-3.265105,-2.555105,-2.805105,-4.335105,-4.765105,-5.655105,-5.485105,-3.935105,-4.855105,-5.575105,-5.955105,-5.5351048,-4.845105,-6.235105,-5.115105,-5.575105,-3.925105,-3.835105,-2.135105,-2.285105,0.45489502,0.23489502,-4.345105,-0.94510496,2.414895,-1.195105,-0.655105,-2.645105,1.604895,2.484895,0.854895,3.724895
0.734895,-0.845105,3.234895,2.884895,0.06489502,-1.2151049,-2.645105,-1.255105,-3.055105,-2.645105,-2.765105,-3.205105,-1.915105,-2.1651049,-2.825105,-4.405105,-3.335105,-3.745105,-4.995105,-6.365105,-5.255105,-5.895105,-5.365105,-5.115105,-4.335105,-3.835105,-3.365105,-1.955105,-2.4051049,-3.505105,-1.245105,1.474895,-1.865105,-0.705105,-3.145105,0.18489502,-0.835105,6.604895,4.024895,4.354895,-1.395105,0.304895,-2.145105
2.624895,2.164895,1.854895,1.8948951,1.0248951,-0.895105,-1.415105,-1.3451049,-2.605105,-2.545105,-3.455105,-2.715105,0.764895,-0.665105,-2.525105,-3.195105,-3.465105,-3.1651049,-3.695105,-2.6651049,-2.955105,-4.475105,-3.525105,-3.525105,-2.715105,-1.685105,0.15489502,0.48489502,0.844895,2.134895,0.824895,-0.15510498,2.994895,2.454895,-1.535105,6.624895,-0.45510498,6.084895,-0.785105,5.994895,2.614895,1.614895,-0.13510498
0.494895,2.004895,-0.33510497,-0.345105,0.26489502,-0.13510498,-0.895105,-1.285105,-1.655105,-1.945105,-1.655105,-3.385105,0.93489504,-0.12510498,-1.555105,-2.365105,-3.245105,-3.385105,-2.855105,-4.495105,-4.315105,-5.385105,-5.805105,-5.005105,-4.205105,-1.945105,0.02489502,2.034895,4.674895,4.274895,3.754895,2.0948951,5.034895,4.104895,2.134895,-4.215105,2.704895,-0.20510498,1.704895,-0.715105,0.86489505,4.854895,3.504895
2.464895,-2.745105,0.434895,0.07489502,-0.03510498,-0.23510498,-0.04510498,-1.085105,-0.555105,-1.775105,-1.005105,-2.945105,-1.415105,1.924895,-0.81510496,-2.045105,-2.385105,-2.425105,-3.235105,-3.385105,-5.505105,-5.805105,-6.695105,-6.195105,-5.475105,-5.605105,-4.765105,0.964895,4.314895,6.204895,5.704895,4.824895,5.424895,4.084895,-0.975105,3.754895,4.174895,1.234895,2.784895,3.714895,2.614895,2.194895,1.014895
-1.2151049,1.1448951,0.36489502,0.80489504,1.114895,1.694895,-0.0051049804,-0.03510498,0.10489502,-0.845105,-1.615105,-2.585105,-1.9751049,-1.3451049,0.014895019,-0.09510498,-2.035105,-2.495105,-2.765105,-3.055105,-4.055105,-7.015105,-8.205105,-7.855105,-6.985105,-5.385105,-4.865105,-1.485105,-0.93510497,5.084895,4.894895,3.574895,3.174895,4.784895,2.284895,1.964895,5.034895,-0.07510498,1.294895,4.294895,4.174895,2.634895,1.634895
0.56489503,0.954895,0.74489504,0.19489501,-0.405105,0.10489502,-0.805105,-0.535105,-1.025105,0.764895,-1.025105,-1.115105,-1.285105,-2.185105,-2.185105,-2.985105,-0.955105,-2.455105,-2.475105,-3.255105,-4.795105,-5.095105,-8.075105,-7.995105,-7.455105,-7.275105,-7.225105,-0.675105,-0.87510496,1.594895,1.0248951,1.604895,1.924895,1.5248951,2.494895,2.614895,7.384895,3.404895,-1.435105,0.04489502,4.644895,1.944895,2.534895
1.924895,1.264895,1.744895,1.164895,-0.32510498,0.13489503,0.09489502,-0.545105,-0.675105,-0.735105,-0.975105,-1.055105,0.464895,-0.04510498,-1.375105,-1.8451049,-0.665105,-1.7251049,-2.625105,-3.255105,-3.835105,-5.275105,-7.045105,-7.455105,-8.665105,-9.375105,-9.385105,-1.615105,-2.145105,0.80489504,4.424895,4.144895,1.374895,2.174895,2.254895,7.294895,5.344895,8.604895,0.04489502,-2.705105,-1.295105,3.244895,0.92489505
1.064895,0.07489502,0.47489503,1.374895,-0.525105,-1.065105,-1.815105,0.834895,0.404895,-0.48510498,-1.135105,-0.11510498,-0.605105,0.22489502,0.19489501,-1.825105,-1.635105,-2.305105,-2.825105,-4.065105,-3.1651049,-3.845105,-5.435105,-8.265105,-8.235105,-8.535105,-9.105105,-7.185105,-3.645105,-1.795105,-0.525105,0.45489502,2.804895,5.064895,0.81489503,3.254895,6.984895,5.864895,8.274895,1.134895,1.934895,0.694895,0.32489502
