wind_kz.json
{"header": {"discipline":0,"disciplineName":"Meteorological products","gribEdition":2,"gribLength":1025,"center":7,"centerName":"US National Weather Service - NCEP(WMC)","subcenter":0,"refTime":"2023-09-24T18:00:00.000Z","significanceOfRT":1,"significanceOfRTName":"Start of forecast","productStatus":0,"productStatusName":"Operational products","productType":1,"productTypeName":"Forecast products","productDefinitionTemplate":0,"productDefinitionTemplateName":"Analysis/forecast at horizontal level/layer at a point in time","parameterCategory":2,"parameterCategoryName":"UnknownDiscipline_0_Category_2","parameterNumber":3,"parameterNumberName":"UnknownParameter_D0_C2_3","parameterUnit":"Unknown","genProcessType":2,"genProcessTypeName":"Forecast","forecastTime":240,"surface1Type":103,"surface1TypeName":"Specified height level above ground","surface1Value":10.0,"surface2Type":255,"surface2TypeName":"Missing","surface2Value":0.0,"gridDefinitionTemplate":0,"gridDefinitionTemplateName":"Latitude_Longitude","numberPoints":615,"shape":6,"shapeName":"Earth spherical with radius of 6,371,229.0 m","gridUnits":"degrees","resolution":48,"winds":"true","scanMode":64,"nx":41,"ny":15,"basicAngle":0,"lo1":47.0,"la1":41.0,"lo2":87.0,"la2":55.0,"dx":1.0,"dy":1.0}, "data":
[rows 0 to 14 of 15, columns 0 to 40 of 41]
-0.5672803,0.9427197,-2.8072803,-10.49728,-12.19728,-7.5672803,-3.3772802,-3.9172802,-1.5272803,-0.6972803,-0.5872803,-0.32728028,-0.9372803,-0.7672803,-1.3872802,-1.4472803,-2.6772802,-1.3672802,1.4227197,2.8027198,0.35271972,2.8927197,2.1527197,-2.6972802,-3.1672802,-1.4372803,-0.47728026,1.3427197,0.8727197,0.49271974,-0.65728027,-0.37728027,1.3527198,-0.5172803,0.19271973,-0.36728027,-1.0172802,0.41271973,0.102719724,0.9927197,0.28271973
-0.66728026,0.012719726,-6.91728,-9.17728,-10.53728,-12.49728,-4.76728,-0.37728027,-2.8472803,-1.9672803,-1.6172802,-1.2672802,-0.45728028,-1.0672803,-0.5272803,-1.7972803,-3.4972804,-3.9072802,-1.7772803,1.1727197,2.2327197,2.6127198,1.6527197,2.3927197,-2.1972802,0.95271975,-1.3972802,2.8727198,1.2427198,2.5627198,2.3627198,1.8227197,-1.4572803,-0.5872803,-2.8372803,-0.9372803,-1.1572803,-1.9472803,-0.91728026,0.7527197,2.1427197
-0.47728026,-3.5072803,-4.5472803,-4.7572803,-6.2972803,-6.20728,-6.5872803,-6.37728,-3.6972802,-3.3872802,-0.6272803,-0.037280273,-0.27728027,0.27271974,1.5827197,-1.9172803,-3.1472802,-0.8972803,-1.5872803,-1.2572802,-1.4372803,-0.90728027,-1.1372802,1.0927197,3.2727196,3.9727197,2.2127197,2.2727196,1.1027198,1.4627197,2.4527197,0.092719726,-0.12728028,-1.7672802,0.82271975,1.3527198,1.1527197,-0.73728025,-0.117280275,0.43271974,0.37271973
0.31271973,-2.6372802,-2.6072803,-6.4672804,-3.8572803,-5.3672805,-6.24728,-5.30728,-4.4272804,-5.01728,-3.9372802,-1.8972802,3.6527197,1.4927198,-0.54728025,-1.6272802,0.24271972,0.3627197,-0.23728028,-2.3372803,-2.8572803,-1.6972803,3.0127196,0.51271975,0.76271975,2.9527197,3.2627196,2.3727198,2.9727197,1.3427197,-1.1472802,-1.6872803,-1.6172802,2.1427197,0.3327197,-1.1872803,-0.31728026,2.4227197,3.1427197,-0.037280273,-0.29728028
-2.6272802,-2.4472802,-3.9172802,-4.95728,-6.16728,-6.9272804,-5.89728,-1.3172803,-2.3372803,-2.8472803,-1.0672803,1.5827197,3.5727198,2.5927198,0.22271973,-0.9472803,1.6727197,-0.29728028,-0.8372803,-0.077280276,-0.16728027,2.0927198,1.8327197,1.0127198,0.22271973,-0.16728027,1.2127197,-0.25728026,1.3627198,-0.4472803,-0.06728027,0.012719726,1.6927197,1.3027197,0.11271973,-0.09728027,0.46271974,0.012719726,-1.2272803,-1.7072803,-2.5372803
-6.24728,-4.43728,-5.87728,-4.3872805,-7.7172804,-8.83728,-8.307281,-1.9172803,-1.9572803,-0.96728027,1.1827197,3.0727198,1.8027197,2.0127196,1.6327198,-1.2572802,2.7227197,1.9227197,0.19271973,-1.3572803,-0.47728026,1.3627198,1.3227197,0.6027197,2.3327198,1.0427197,-0.3872803,-0.61728024,0.102719724,0.18271972,-0.97728026,-1.9072803,-1.4572803,0.8527197,2.4827197,4.62272,1.6627197,0.0027197266,1.0527197,-1.7372802,-1.2372802
-6.6572804,-4.2172804,-7.9472804,-3.2272804,-4.5672803,-6.7772803,-6.7772803,-1.8372803,-0.60728025,1.1727197,0.45271972,1.3627198,1.9927198,2.1327198,1.5827197,2.5527198,1.8827198,2.0027196,-0.28728026,0.7327197,0.14271973,0.64271975,0.57271975,2.6927197,2.4227197,2.0827198,0.44271973,-0.5272803,-1.7872803,-0.7472803,-1.2972803,-4.43728,-4.82728,-2.0672803,-0.7472803,-0.42728028,-2.5272803,-0.6972803,0.27271974,-0.29728028,0.19271973
-5.49728,-4.7372804,-3.9272802,-4.1372805,-5.0472803,-6.7572803,-4.6772804,-5.4072804,2.1427197,1.9227197,0.9327197,0.64271975,-1.3872802,-1.5072802,2.5627198,1.6027198,0.8627197,-0.32728028,-0.117280275,1.8227197,0.42271972,-0.28728026,-0.5672803,1.1727197,2.7827196,1.5027198,1.6027198,-0.60728025,-1.0072802,-1.0372803,-2.3772802,-2.7072802,-4.2572803,-4.3872805,-2.0572803,-0.42728028,-0.96728027,0.24271972,0.9327197,0.19271973,-1.9872802
-4.74728,-4.3472805,-5.4872804,-3.5872803,-3.7372804,-3.8772802,-2.5772803,-2.6672802,2.0127196,0.3027197,0.9727197,0.27271974,-1.8772802,-2.7872803,-4.1572804,1.7527198,1.3127197,0.092719726,0.43271974,2.7727196,1.7327198,0.16271973,1.1027198,0.9327197,2.3027198,3.1227198,1.7027197,2.8827198,1.4527197,0.32271972,-1.1372802,-2.4372802,-1.8072803,-2.1272802,-2.1572802,-1.2772803,-2.6272802,-0.32728028,0.9227197,0.13271973,-2.3672802
-6.97728,-6.9672804,-3.4872804,-4.14728,-4.0672803,-2.7672803,-4.4272804,-1.6272802,1.9227197,0.76271975,0.9427197,-0.27728027,-2.6972802,-4.22728,-3.7372804,-6.72728,1.4227197,0.78271973,0.6627197,1.8027197,1.7827197,1.0627197,-0.12728028,1.5327197,1.5027198,1.2027197,2.7227197,2.8727198,1.6127198,-0.35728028,-0.39728028,-1.5472803,-1.8772802,-2.2772803,-2.3472803,-1.0072802,0.51271975,-2.1072803,0.08271973,2.6427197,2.6427197
-6.1072803,-7.0972805,-7.6372805,-6.9872804,-6.4272804,-2.1972802,-6.70728,-0.65728027,0.9727197,0.8527197,-0.32728028,0.9127197,-2.3472803,-2.1372802,-3.6972802,-3.6072803,-5.62728,0.6727197,0.65271974,1.4727197,1.3027197,0.6627197,-0.35728028,0.062719725,-0.047280274,3.0227196,1.1727197,2.3427198,-0.35728028,-0.16728027,-1.4672803,-2.7172804,-2.5972803,-2.5172803,-3.5572803,-3.0972803,-1.2272803,0.7927197,-0.26728028,-0.8972803,-0.48728028
-6.4272804,-6.8172803,-7.1372805,-7.5472803,-5.87728,-2.5972803,-2.1172802,-2.8572803,-1.6072803,-0.027280273,0.8727197,0.63271976,1.8127197,-0.25728026,-0.057280272,-3.2472804,-3.7972803,-4.7372804,-1.2872803,-0.06728027,0.39271972,-0.9472803,-1.0872803,-1.7272803,-0.7572803,-1.4372803,0.22271973,0.13271973,-0.6272803,-1.5072802,-2.0672803,-2.7372804,-2.9472802,-2.9072802,-2.5572803,-4.1772804,-3.5972803,-2.1172802,-1.0972803,-0.85728025,-1.0072802
-4.5972805,-6.2572803,-6.74728,-6.24728,-6.41728,-4.01728,-4.51728,-4.3472805,-3.0572803,-0.28728026,-0.06728027,-1.4172803,-5.6772804,-3.4072802,-0.36728027,1.0527197,-1.8072803,-2.8472803,-2.6572802,-3.5172803,-0.8772803,0.32271972,-0.057280272,-0.72728026,-0.97728026,-2.7072802,-1.7772803,-3.0472803,-2.5072803,-2.5172803,-2.9672804,-3.0972803,-3.1872802,-3.7472804,-4.01728,-3.5672803,-3.6172802,-2.7372804,-4.39728,-3.7672803,-2.4972804
-4.87728,-5.7972803,-6.66728,-5.68728,-5.9072804,-5.6072803,-6.1372805,-5.0072803,-4.6772804,-1.5672803,0.11271973,-0.057280272,-5.43728,-5.2172804,-4.39728,-2.6372802,-2.1872802,-2.2972803,-2.0372803,-0.84728026,-1.1272802,-1.0672803,-0.85728025,-1.0772803,-1.9472803,-2.3872802,-2.2972803,-2.7472804,-2.6172802,-2.8972802,-2.9172802,-3.0772803,-3.0872803,-3.0372803,-3.4572802,-3.8572803,-3.8072803,-3.8272803,-4.22728,-4.43728,-4.0072803
-2.7972803,-4.7172804,-7.37728,-4.8372803,-5.39728,-4.3472805,-4.4072804,-4.6572804,-4.6772804,-3.0372803,-1.7572802,-2.0272803,0.95271975,-2.6972802,-3.2972803,-2.7172804,-1.6072803,-1.6172802,-2.1372802,-1.2372802,-1.0572803,-1.1272802,-1.2072803,-0.59728026,-0.73728025,-0.53728026,-0.8272803,-1.4172803,-1.9972802,-2.3772802,-2.8072803,-3.1672802,-2.4972804,-2.8872802,-2.9572802,-3.2272804,-3.1572802,-3.2472804,-3.1472802,-4.39728,-3.7472804
