wind.json
{"header": {"discipline":0,"disciplineName":"Meteorological products","gribEdition":2,"gribLength":1211,"center":7,"centerName":"US National Weather Service - NCEP(WMC)","subcenter":0,"refTime":"2023-06-28T18:00:00.000Z","significanceOfRT":1,"significanceOfRTName":"Start of forecast","productStatus":0,"productStatusName":"Operational products","productType":1,"productTypeName":"Forecast products","productDefinitionTemplate":0,"productDefinitionTemplateName":"Analysis/forecast at horizontal level/layer at a point in time","parameterCategory":2,"parameterCategoryName":"UnknownDiscipline_0_Category_2","parameterNumber":3,"parameterNumberName":"UnknownParameter_D0_C2_3","parameterUnit":"Unknown","genProcessType":2,"genProcessTypeName":"Forecast","forecastTime":300,"surface1Type":103,"surface1TypeName":"Specified height level above ground","surface1Value":10.0,"surface2Type":255,"surface2TypeName":"Missing","surface2Value":0.0,"gridDefinitionTemplate":0,"gridDefinitionTemplateName":"Latitude_Longitude","numberPoints":688,"shape":6,"shapeName":"Earth spherical with radius of 6,371,229.0 m","gridUnits":"degrees","resolution":48,"winds":"true","scanMode":64,"nx":43,"ny":16,"basicAngle":0,"lo1":45.0,"la1":40.0,"lo2":87.0,"la2":55.0,"dx":1.0,"dy":1.0}, "data":
[rows 0 to 15 of 16, columns 0 to 42 of 43]
2.2589624,-0.5010376,-0.0910376,-2.3410375,0.028962402,-9.251038,-8.701037,-4.7510376,2.0589623,9.948962,2.4589624,6.488962,6.3789625,7.1289625,6.0889626,4.4189625,0.6989624,-2.9610376,-5.6910377,-7.2710376,-9.961038,-3.4410377,-4.781038,-3.5010376,-3.0610375,-2.2110376,-3.1310377,-4.5010376,-3.0510375,2.4089625,4.3089623,2.2689624,1.4689624,0.5089624,-2.2310376,-1.1410376,-0.2510376,0.7489624,1.4889624,2.1989625,-1.1510376,-3.2110376,-2.2610376
-1.5410376,-3.0210376,-0.53103757,2.1189623,-4.781038,-9.921038,-10.071037,-6.7310376,2.2189624,6.0089626,2.3589623,7.948962,9.698962,9.338963,8.358962,4.928962,1.9489625,-2.1210375,-4.8510375,-4.4510374,-6.531038,-6.9110374,-5.4210377,-4.1310377,-0.6810376,1.7689624,3.2389624,2.4989624,1.9689624,0.7289624,-2.1110375,1.0789624,2.4489625,3.6289625,-0.2610376,0.8689624,-1.7110376,-0.6310376,2.6589625,2.8489623,-0.8010376,-1.6510376,0.4289624
0.0589624,2.1589625,-0.3610376,-2.7610376,-9.841038,-9.921038,-9.181038,-5.4110374,-0.031037597,9.8789625,6.698962,12.748962,11.648962,8.848963,7.428962,5.1089625,1.9789624,0.1189624,-1.7210376,-6.011038,-8.591038,-9.501038,-8.411037,-5.1910377,-3.4010377,0.4989624,3.2489624,3.6589625,3.0789623,1.0689625,-1.0610375,2.3889625,-0.9310376,1.5389624,0.7589624,0.5989624,2.9989624,3.1089623,3.1989625,4.1589622,1.1089624,2.4389625,-1.4110376
-0.5610376,-2.3410375,-3.9710376,-7.9710374,-7.821038,-7.821038,-9.1210375,-10.141038,-1.4610376,6.9989624,5.968962,13.728962,11.9189625,9.6289625,5.2689624,4.3689623,2.7289624,0.35896242,-2.1710377,-5.7010374,-8.051038,-8.561038,-9.221038,-5.4410377,-4.6510377,-3.0010376,-2.5410376,-2.6310377,-3.0310376,-1.2010376,-1.6210376,-1.7410376,-0.9610376,2.6689625,-1.1010376,1.5189624,-0.1010376,-2.4910376,-2.3010375,2.2389624,-1.5910376,0.5589624,1.4589624
-1.2910376,-6.5610375,-5.9710374,-4.2910376,-6.071038,-7.2710376,-6.3510375,-9.731037,-8.411037,4.1489625,5.5889626,10.388963,9.018963,5.5689626,1.6389624,2.9089625,3.3289623,-1.0510375,-2.8910377,-3.8210375,-6.1210375,-7.9010377,-7.8610377,-6.7010374,1.5789624,-0.6410376,-3.6310377,-3.6610377,-2.5510375,-2.8910377,-2.6710377,-4.0910378,-0.3410376,1.6689624,0.7289624,0.9489624,0.7489624,2.4389625,2.8789625,3.0689623,-3.6610377,-3.9210377,-3.0710375
-5.051038,-5.2210374,-5.2510376,-6.8510375,-8.3310375,-4.6710377,-10.591038,-6.801038,-7.6110377,-4.3810377,0.8789624,6.0089626,7.0689626,5.8289623,5.2589626,1.0589623,0.4589624,-1.3910376,-3.9110377,-3.4710376,-4.5610375,-4.7310376,-6.2410374,0.4689624,1.1789623,-0.1810376,0.14896241,-0.4610376,-2.2510376,-2.4210377,-2.2010376,-3.8310375,-4.821038,-5.2710376,-1.2210376,0.2189624,0.9289624,1.5589623,3.6289625,-1.2710376,-2.2410376,-2.6810377,-2.7710376
-3.9710376,-3.9410377,-4.9810376,-5.3910375,-4.8910375,-7.281038,-5.6210375,-8.841038,-7.1610374,-5.3310375,-3.1410377,1.0389624,1.9289623,3.1089623,3.4689624,4.5689626,1.3589624,-1.8910376,-2.5210376,-3.6210375,-1.6810375,-0.4310376,-2.9710376,0.7789624,0.7889624,1.2289624,2.5889623,1.4889624,0.9289624,-4.0010376,-0.5210376,-1.5710377,-2.8510375,-4.7910376,-3.6710377,-5.5210376,-3.1410377,-2.0310376,-3.7410376,-1.9210376,2.8489623,0.4989624,-3.1810377
-4.531038,-3.7210376,-5.4410377,-5.0910378,-6.3810377,-5.6410375,-4.6110377,-4.551038,-5.1510377,-4.8810377,-4.8710375,-4.801038,-4.6210375,-2.8110375,-0.5210376,-0.6110376,1.6489624,1.2689624,-0.7310376,-2.4510376,3.1989625,3.1289625,0.6089624,0.1389624,0.7289624,1.2689624,2.1889625,1.7089624,1.6489624,0.8889624,2.0589623,1.2489624,-0.6810376,-1.3210377,-1.8410376,-1.7510376,0.4389624,2.8089623,2.4389625,-1.5210376,-1.8110375,1.4889624,-5.511038
-4.071038,-4.7710376,-5.1210375,-4.761038,-5.2210374,-4.3810377,-4.8510375,-3.3410375,-3.3010375,-4.261038,-5.1810374,-5.1310377,-5.051038,-3.9010377,-2.2010376,-1.1110376,2.0089624,2.2889624,-0.5610376,1.6989625,1.4889624,4.238962,2.9089625,1.9689624,2.1889625,2.4989624,1.8989624,-0.39103758,0.71896243,1.3089623,0.8789624,0.4089624,0.5889624,-0.2510376,-0.1410376,-2.0410376,-1.4910376,-0.8910376,-1.2010376,-1.1810375,0.3689624,-0.8410376,0.3489624
-4.3610377,-4.1610374,-3.8010375,-3.6610377,-4.8110375,-4.4010377,-3.8910377,-3.7110376,-4.4610376,-5.7510376,-5.9710374,-4.9210377,-3.6510377,-2.0910375,-1.6910377,0.9289624,1.8489624,0.9289624,3.0489624,-1.8110375,0.048962403,2.6989625,2.8689623,2.9689624,3.5389624,3.7989624,3.6789625,2.2789624,1.4789624,0.8289624,0.8589624,0.5889624,0.6889624,-1.2810376,-2.1310377,-2.0410376,-2.5110376,-3.9010377,-2.6810377,-2.1110375,0.1389624,0.5989624,1.8389624
-4.8510375,-4.0210376,-3.1410377,-2.3210375,-3.7810376,-4.1310377,-3.6110375,-3.5310376,-4.6910377,-5.9610376,-5.6710377,-4.6710377,-2.5510375,-1.7710376,-0.8210376,-1.1410376,-1.0310376,-1.1310376,-1.1510376,-2.2010376,-2.2510376,-2.5510375,-2.1510377,-1.0410376,3.6289625,3.5589623,4.2889624,4.0489626,3.1989625,3.0789623,3.2889624,2.4989624,0.7989624,0.7789624,-0.5610376,-0.21103759,-1.0010376,-1.5910376,-0.2810376,1.7389624,1.9189624,1.8089623,2.8389623
-1.5610375,-2.8310375,-3.3010375,-0.8710376,-2.9110377,-3.3310375,-3.2210376,-3.0910375,-3.5510375,-4.3710375,-5.0210376,-4.9910374,-3.1410377,-1.9310375,-2.2110376,-1.1510376,-1.7710376,-3.3210375,-3.8810377,-4.9810376,-5.0610375,-5.2010374,-4.9010377,-4.4610376,-1.8510376,-0.1710376,1.2689624,3.8189623,3.2689624,4.4389625,6.0289626,4.7889624,3.1589625,1.7589624,2.6789625,2.1989625,0.1389624,1.9989624,2.1789625,0.6689624,0.5789624,0.4789624,0.1089624
1.5889624,-0.8010376,-2.4010377,-2.6410377,-2.7510376,-2.3010375,-1.4710376,-2.9610376,-2.7910376,-3.2210376,-3.4910376,-3.3810377,-2.7210376,-2.0410376,-2.4110377,-2.5910375,-3.4110377,-4.0610375,-4.0210376,-4.3110375,-4.5010376,-4.5410376,-4.7510376,-4.6810374,-4.2110376,-4.0810375,-3.1710377,-2.3610375,2.2389624,3.9689624,7.218962,6.968962,3.3589623,1.7389624,1.6889625,2.6089623,0.5089624,0.9389624,3.0189624,0.9389624,-0.1610376,-0.7710376,-1.4810376
0.8889624,0.7989624,0.14896241,-1.0710377,0.4589624,-1.1410376,-0.42103758,-1.1510376,-1.6210376,-2.5710375,-3.8210375,-4.5210376,-2.2610376,-1.7910376,-0.8210376,-1.4110376,-2.4310377,-2.9610376,-3.3710375,-4.011038,-4.3410378,-3.8610375,-3.3810377,-3.3810377,-3.5210376,-3.9710376,-4.7010374,-4.0610375,-3.4610376,3.2089624,4.9089622,4.4089622,2.5189624,1.6289624,4.1289625,3.0089624,2.4689624,2.2389624,2.8689623,2.4389625,1.8189625,3.4389625,0.5689624
-0.9810376,0.6589624,1.3989624,0.8089624,2.2889624,1.0889624,0.098962404,-0.1710376,-0.6110376,-2.5610375,-2.8410375,-3.6710377,-2.2910376,-1.4410377,-0.8510376,-2.3610375,-3.2910376,-2.9110377,-3.2610376,-3.5010376,-3.1410377,-2.9310377,-2.4010377,-2.2010376,-2.6210375,-3.0410376,-3.7210376,-2.2110376,-0.8110376,1.0289624,2.2689624,0.8689624,1.8189625,3.3589623,4.948962,3.2989624,3.0789623,3.8889625,2.6289625,2.6589625,2.5189624,3.2889624,3.9789624
-0.78103757,1.6289624,1.7289624,1.6489624,0.7989624,-0.2510376,-1.9410377,-0.4910376,-1.0110376,-1.1510376,-2.2710376,-2.4410377,-1.9210376,-1.9810376,-2.2810376,-2.6310377,-4.3910375,-3.9210377,-3.2610376,-2.9810376,-3.2710376,-2.4710376,-2.3110375,-2.7010376,-1.7910376,-1.1710376,-0.5410376,-0.78103757,-1.0210376,0.2289624,1.8789624,1.1189624,2.8289623,0.8189624,2.2089624,3.8489623,3.9789624,2.9789624,-0.1610376,1.4189624,1.8489624,3.1689625,3.3589623
