wind_kz.json
{"header": {"discipline":0,"disciplineName":"Meteorological products","gribEdition":2,"gribLength":1025,"center":7,"centerName":"US National Weather Service - NCEP(WMC)","subcenter":0,"refTime":"2023-09-27T18:00:00.000Z","significanceOfRT":1,"significanceOfRTName":"Start of forecast","productStatus":0,"productStatusName":"Operational products","productType":1,"productTypeName":"Forecast products","productDefinitionTemplate":0,"productDefinitionTemplateName":"Analysis/forecast at horizontal level/layer at a point in time","parameterCategory":2,"parameterCategoryName":"UnknownDiscipline_0_Category_2","parameterNumber":3,"parameterNumberName":"UnknownParameter_D0_C2_3","parameterUnit":"Unknown","genProcessType":2,"genProcessTypeName":"Forecast","forecastTime":0,"surface1Type":103,"surface1TypeName":"Specified height level above ground","surface1Value":10.0,"surface2Type":255,"surface2TypeName":"Missing","surface2Value":0.0,"gridDefinitionTemplate":0,"gridDefinitionTemplateName":"Latitude_Longitude","numberPoints":615,"shape":6,"shapeName":"Earth spherical with radius of 6,371,229.0 m","gridUnits":"degrees","resolution":48,"winds":"true","scanMode":64,"nx":41,"ny":15,"basicAngle":0,"lo1":47.0,"la1":41.0,"lo2":87.0,"la2":55.0,"dx":1.0,"dy":1.0}, "data":
[rows 0 to 14 of 15, columns 0 to 40 of 41]
-0.62676394,-1.2867639,1.893236,0.15323609,-3.456764,-5.506764,-2.8167639,-0.5567639,-2.486764,-2.6367638,-4.426764,-4.656764,-4.886764,-6.446764,-5.836764,-5.416764,-4.346764,-4.506764,-2.416764,-0.74676394,-3.1467638,-0.006763916,-1.6267639,-0.32676393,-1.3967639,0.09323608,-1.2667639,1.2332361,0.16323608,1.773236,1.5632361,1.773236,-0.26676393,-1.3167639,0.10323609,0.5332361,0.15323609,1.263236,-0.42676392,1.1632361,2.6132362
0.16323608,1.903236,3.1632361,-0.07676391,-3.246764,-4.7267637,-3.286764,-0.5267639,-1.736764,-2.5867639,-3.0867639,-3.726764,-4.506764,-4.376764,-6.966764,-4.826764,-4.866764,-5.876764,-6.7067637,-4.546764,-1.5067639,-3.3167639,-0.45676392,1.003236,0.3332361,0.22323608,-3.0667639,-0.5967639,-1.3267639,1.0732361,0.56323606,2.1732361,-0.5267639,-1.2667639,-2.176764,-0.38676393,-0.9567639,-0.8667639,-0.24676391,-1.7867639,-0.14676392
2.983236,4.563236,2.763236,-0.36676392,-2.946764,-2.486764,-1.596764,-1.3267639,-0.30676392,-1.7067639,-0.3767639,-1.4367639,-3.1067638,-3.796764,-4.2267637,-5.166764,-4.406764,-4.736764,-4.116764,-5.146764,-4.526764,-1.3067639,-2.6467638,-0.4067639,0.55323607,0.06323609,0.9132361,1.643236,-0.15676391,2.533236,1.9532361,0.2832361,1.0932361,-1.116764,-0.7967639,2.263236,2.263236,-0.6567639,-0.33676392,0.38323608,0.7232361
-0.08676392,0.09323608,-0.8667639,-3.0667639,-2.1367638,-2.306764,-0.27676392,-1.3867639,-2.726764,-3.546764,1.143236,-0.13676392,-2.3667638,-3.926764,-4.406764,-3.976764,-4.596764,-4.046764,-3.676764,-4.666764,-4.106764,-1.596764,0.08323608,-1.3067639,-2.3167639,-2.8367639,-2.256764,1.4932361,2.963236,0.81323606,0.033236083,-1.366764,-1.3767639,-1.486764,-0.29676393,-2.666764,-0.33676392,3.1832361,2.023236,-0.016763916,-0.2567639
-0.24676391,-0.4467639,-0.9667639,-1.5067639,-2.256764,-2.8167639,-3.986764,-0.2867639,-0.94676393,-2.256764,-3.3467638,1.9632361,0.56323606,-3.5667639,-5.096764,-4.586764,-4.096764,-3.916764,-3.8267639,-4.346764,-3.156764,-2.0867639,-2.3367639,-2.0867639,-2.236764,2.003236,-1.606764,-1.736764,1.2432361,0.8232361,-0.13676392,0.2832361,2.763236,3.3932362,-1.0067639,0.80323607,0.61323607,-2.196764,0.22323608,0.45323607,-0.20676392
1.8732361,1.283236,1.1232361,-1.2067639,-3.3767638,-4.256764,-4.216764,-4.406764,-3.256764,-1.8867639,-1.496764,-1.7567639,-0.39676392,-1.4067639,-3.226764,-3.766764,-5.396764,-4.066764,-5.676764,-5.906764,-3.676764,-1.5867639,0.5932361,-1.106764,-2.746764,1.0832361,-0.09676392,0.3732361,3.283236,3.283236,2.283236,1.9332361,1.503236,0.20323609,1.4132361,-0.19676392,1.6932361,2.1632361,0.9132361,0.29323608,1.8332361
2.533236,3.083236,-0.74676394,-2.0667639,-3.3267639,-3.0667639,-3.916764,-3.8567638,-4.086764,-2.986764,-2.986764,1.1832361,-0.07676391,-1.6867639,-2.726764,-4.106764,-4.186764,-4.736764,-4.916764,-4.856764,-5.626764,-2.746764,-3.0767639,-0.30676392,-0.5267639,-0.3467639,0.9832361,0.22323608,-1.1467639,2.1832361,4.033236,2.703236,1.7032361,1.523236,-0.8967639,-1.5067639,-2.686764,0.2832361,-0.7267639,-0.3767639,1.2032361
-2.0767639,-1.476764,-2.216764,-3.1067638,-3.926764,-3.456764,-4.106764,-3.506764,-3.206764,-3.456764,-1.5867639,1.8532361,0.39323607,-0.7067639,-2.296764,-3.266764,-3.676764,-3.926764,-3.676764,-3.3367639,-3.516764,-3.8967638,-3.496764,-2.0667639,1.2132361,1.3332361,-4.216764,-0.8667639,2.4132361,0.6932361,1.763236,5.393236,2.983236,2.1132362,1.893236,0.6732361,1.2432361,1.3232361,-1.0267639,0.023236085,-1.6867639
-2.276764,-2.986764,-3.6067638,-4.126764,-3.756764,-3.3967638,-3.406764,-3.466764,-3.5767639,-2.726764,0.2832361,1.0732361,1.6832361,0.22323608,-1.236764,-1.966764,-2.8767638,-3.666764,-3.796764,-1.9167639,-1.8267639,-2.656764,-3.406764,-3.756764,1.023236,3.053236,1.6732361,0.6732361,-0.6167639,1.3632361,-0.8967639,3.263236,2.333236,4.223236,2.983236,2.843236,-1.496764,1.153236,-0.45676392,-0.4967639,-3.476764
-2.296764,-3.3367639,-3.226764,-3.256764,-3.036764,-3.3967638,-3.3867638,-3.676764,-4.316764,-4.076764,-1.976764,0.3432361,0.6032361,-0.68676394,-1.7567639,-2.456764,-1.9467639,-2.926764,-3.726764,-2.416764,-1.6367639,-2.456764,-2.8367639,-3.176764,-3.046764,-0.9267639,-0.7667639,0.99323606,0.2732361,-0.09676392,0.5432361,0.8932361,3.443236,3.703236,2.1732361,1.273236,0.93323606,-2.436764,0.2732361,3.9032362,3.793236
-0.48676392,-0.17676392,-2.8667638,-3.236764,-3.3267639,-3.3567638,-3.446764,-3.546764,-3.676764,-4.2467637,-2.966764,0.09323608,1.2332361,0.18323608,-0.68676394,-2.306764,-2.006764,-2.786764,-3.436764,-2.416764,-3.0667639,-0.7367639,-1.606764,-3.3467638,-3.486764,-3.1167638,-3.306764,-4.736764,-2.726764,-1.0367639,-1.226764,4.063236,3.843236,3.843236,3.573236,1.4132361,1.273236,2.6632361,1.8732361,1.6732361,0.3032361
-1.6467639,-0.2567639,-1.9167639,-2.6167638,-3.036764,-2.806764,-2.186764,-2.496764,-2.8367639,-1.8767639,-2.1067638,-2.5967638,-1.986764,0.9732361,1.6732361,-0.4667639,-1.846764,-1.9167639,-2.546764,-2.526764,-2.006764,-2.8667638,-2.1467638,-1.7567639,-1.9567639,-2.3967638,-3.406764,-5.056764,-5.0167637,-4.0167637,1.1132361,2.983236,1.4632361,3.8832362,3.083236,2.973236,2.1432362,2.8932362,2.273236,2.1032362,1.0532361
-2.306764,-2.226764,-1.7967639,-2.056764,-2.6367638,-2.0667639,-2.016764,-1.5567639,-2.806764,-0.8367639,-1.0067639,-1.476764,-2.446764,-1.996764,0.6532361,-0.3467639,-0.6167639,-1.366764,-1.596764,-1.5567639,-1.5067639,-0.63676393,-0.4067639,-0.4367639,-1.7967639,-2.486764,-2.426764,-3.746764,-4.2667637,-5.156764,0.113236085,4.163236,1.7132361,2.9032362,3.093236,3.243236,2.753236,1.5432361,1.7332361,0.61323607,0.38323608
-1.5467639,-2.6267638,-2.976764,-2.736764,-1.466764,-1.5167639,-1.486764,-2.3767638,-0.5767639,-2.0767639,0.45323607,-0.056763917,-1.2567639,-1.5867639,-1.5567639,-1.5367639,-0.4067639,-0.5167639,-0.8667639,-0.8967639,-0.6467639,-0.8367639,-1.6267639,-1.7667639,-0.9067639,-1.0667639,-1.986764,-2.6167638,-2.806764,-2.906764,-3.426764,-1.2667639,3.8832362,3.6032362,2.943236,3.1532362,2.593236,1.903236,1.4132361,1.273236,1.0632361
-1.2667639,-2.236764,-3.256764,-2.6367638,-2.6367638,-1.7767639,-1.616764,-1.4467639,-1.8267639,-1.1867639,-0.8267639,-0.036763918,0.9532361,0.18323608,-1.246764,-0.6067639,-0.7267639,0.6032361,0.7632361,0.7932361,0.32323608,-0.13676392,-1.1967639,-1.5367639,-1.4167639,-0.066763915,-0.2567639,-1.966764,-1.5067639,-1.596764,-2.746764,-2.5967638,-0.19676392,1.5632361,1.6932361,3.8832362,3.203236,2.9032362,2.323236,2.4132361,0.8432361
