wind_kz.json
{"header": {"discipline":0,"disciplineName":"Meteorological products","gribEdition":2,"gribLength":1025,"center":7,"centerName":"US National Weather Service - NCEP(WMC)","subcenter":0,"refTime":"2023-09-24T06:00:00.000Z","significanceOfRT":1,"significanceOfRTName":"Start of forecast","productStatus":0,"productStatusName":"Operational products","productType":1,"productTypeName":"Forecast products","productDefinitionTemplate":0,"productDefinitionTemplateName":"Analysis/forecast at horizontal level/layer at a point in time","parameterCategory":2,"parameterCategoryName":"UnknownDiscipline_0_Category_2","parameterNumber":2,"parameterNumberName":"UnknownParameter_D0_C2_2","parameterUnit":"Unknown","genProcessType":2,"genProcessTypeName":"Forecast","forecastTime":240,"surface1Type":103,"surface1TypeName":"Specified height level above ground","surface1Value":10.0,"surface2Type":255,"surface2TypeName":"Missing","surface2Value":0.0,"gridDefinitionTemplate":0,"gridDefinitionTemplateName":"Latitude_Longitude","numberPoints":615,"shape":6,"shapeName":"Earth spherical with radius of 6,371,229.0 m","gridUnits":"degrees","resolution":48,"winds":"true","scanMode":64,"nx":41,"ny":15,"basicAngle":0,"lo1":47.0,"la1":41.0,"lo2":87.0,"la2":55.0,"dx":1.0,"dy":1.0}, "data":
[rows 0 to 14 of 15, columns 0 to 40 of 41]
1.9700317,1.3400317,-0.15996826,5.6900315,-2.1699684,-2.2599683,-0.66996825,0.15003175,0.18003173,0.78003174,0.29003173,1.4200318,1.1300317,0.44003174,-0.009968262,0.40003175,-0.27996826,-2.7299683,-3.2699683,-3.4999683,-2.1999683,-0.7699683,-0.92996824,2.2400317,-1.4099683,-1.0099683,1.3200318,3.3200316,0.45003173,0.27003175,0.9800317,1.5900317,0.57003176,-0.7599683,-1.1199683,-0.17996827,0.11003174,0.27003175,-0.10996826,0.82003176,0.050031736
1.6900318,2.3400316,3.0000317,0.58003175,-1.4299682,-1.2599683,-0.95996827,-1.4999683,-0.16996826,1.7000318,2.4800317,1.5400318,1.2000318,0.5500317,0.91003174,0.6200317,-1.0499682,-1.7899683,-1.1399683,-0.07996826,1.2000318,1.1500317,2.5200317,2.8900318,1.3700317,0.7500317,0.90003175,0.58003175,2.6200318,1.0500318,0.57003176,0.65003175,-0.54996824,-0.029968262,0.58003175,2.3100317,2.2300317,0.97003174,1.8000318,1.3000318,1.2000318
0.45003173,2.1100318,1.2500317,-2.2499683,1.8300318,0.90003175,-0.48996827,0.5500317,1.1900318,1.8300318,2.4300318,3.3700318,3.0400317,2.8000317,3.3600318,2.4600317,2.5800316,-0.059968263,-0.58996826,0.70003176,1.4200318,1.2500317,0.89003175,4.120032,-0.31996825,1.8300318,2.6100318,2.8800318,2.8200316,0.59003174,-0.24996826,-0.12996826,0.77003175,2.0000317,1.4100318,2.1200318,0.30003175,0.11003174,-0.59996825,0.020031739,1.6000317
3.1800318,2.4400318,6.2100315,1.4300318,2.4200318,1.9400318,2.4200318,2.7400317,3.1900318,4.040032,4.500032,4.890032,4.2800317,5.730032,5.040032,2.7700317,1.9200318,1.1400317,0.9900317,1.4500318,0.78003174,2.9400318,-2.3899682,1.0100317,2.8100317,4.060032,5.7200317,3.5700316,4.5900316,1.0200317,-5.0799685,-3.7299683,-3.7599683,-4.859968,-3.9699683,-1.1599683,-0.26996827,1.7800317,-1.2599683,-0.96996826,-4.3099685
2.1700318,2.7800317,0.97003174,2.7900317,4.310032,4.7400317,5.3200316,5.2800317,5.850032,5.8600316,5.6300316,6.100032,4.4500318,2.8700318,-2.1899683,-0.89996827,0.23003174,1.1800318,1.6400317,1.1000317,3.1000319,2.9500318,2.5600317,3.2600317,4.730032,4.7200317,4.6500316,3.6400318,4.1500316,3.5100317,1.8600317,1.5900317,2.1100318,2.2900317,-3.0399683,-2.2899683,-2.6699684,-4.089968,-2.7799683,-2.4199684,-2.3299682
0.42003173,1.7600317,3.8700318,5.8400316,6.6300316,7.1700315,6.3800316,5.870032,6.270032,6.7600317,5.390032,4.8800316,2.7100317,-0.16996826,-0.8899683,-1.0799682,-0.54996824,0.25003174,1.3500317,1.6100317,3.2400317,3.9900317,4.520032,5.080032,5.230032,4.8000317,3.1600318,0.44003174,-0.49996826,-0.009968262,1.9600317,2.7800317,2.4200318,1.8800317,1.7300317,-5.2199683,0.40003175,-2.0799682,-2.1799684,-2.0099683,-1.6299683
3.8100317,5.4700317,5.910032,6.8000317,6.660032,6.330032,6.540032,6.1300316,7.0900316,5.1700315,3.1600318,2.2800317,0.050031736,-1.1399683,-0.9399683,-0.10996826,0.28003174,1.2100317,1.6600318,2.5300317,4.020032,4.120032,3.8700318,2.8000317,1.7800317,-0.15996826,-0.9499683,-1.7699683,-2.2099683,-1.2899683,-0.6999683,-1.9499682,-2.6999683,-6.589968,-6.7599683,-3.9799683,-0.73996824,0.5000317,-2.5299683,2.1000319,-1.8099682
7.0100317,7.160032,6.640032,6.580032,6.310032,6.830032,6.3600316,4.350032,1.7400317,-1.4399682,-0.7599683,-0.8299683,-0.7699683,-0.40996826,-0.55996823,0.6100317,1.1000317,1.5700318,1.0500318,1.5700318,1.9000317,1.3700317,0.85003173,0.66003174,0.66003174,0.85003173,0.35003173,-0.53996825,-1.8899683,-0.98996824,-2.3999681,-4.439968,-4.5799685,-1.8099682,-0.22996826,-3.4199684,-4.3099685,-4.7599683,-10.869968,-11.679968,-5.7799683
5.8600316,6.600032,6.100032,5.830032,5.560032,5.100032,4.0300317,2.5500317,-1.1999682,-2.0499682,-2.1299682,-1.2899683,-0.40996826,0.08003174,0.020031739,0.28003174,0.71003175,1.2300317,1.3500317,1.5300317,2.6900318,1.7500317,0.97003174,0.8700317,2.1100318,1.9700317,0.89003175,1.5000317,1.0900317,0.85003173,0.010031738,0.47003174,0.030031739,-0.8299683,-3.1199682,-6.5399685,-3.1299682,-0.12996826,-1.5699682,-0.6999683,-0.5199683
-1.0299683,-1.8799683,-2.4799683,0.91003174,2.8700318,2.5900316,0.9900317,1.0100317,-1.6099683,-1.2299683,0.010031738,1.0000317,0.8700317,0.44003174,0.60003173,0.54003173,0.52003175,0.97003174,0.71003175,0.6700317,0.9800317,0.9300317,1.5900317,1.3700317,1.1800318,0.8700317,1.2600317,1.5400318,2.1300318,1.3500317,1.3800317,0.010031738,-0.92996824,-2.3699682,-1.8799683,-3.1899683,-1.4399682,-0.84996825,0.6200317,0.58003175,-1.0799682
-2.0799682,-3.4799683,-4.729968,-5.729968,-5.269968,-4.3899684,-3.4999683,-2.3099682,-0.29996827,1.8500317,0.9800317,2.2200317,1.7400317,2.5400317,1.6900318,2.2200317,1.6700318,1.7600317,0.9800317,1.7600317,1.4900317,0.96003175,1.0700318,1.0200317,0.9800317,1.3400317,1.5600318,1.9400318,1.3300318,0.49003175,-1.7299683,-3.2399683,-3.6799684,-2.1299682,-1.7199683,-1.8599683,-0.17996827,0.42003173,0.08003174,-0.089968264,-0.14996827
-3.3999681,-4.4699683,-4.8299685,-4.9699683,-3.7499683,-3.6599684,-4.5999684,-3.2899683,-2.5599682,-1.9199682,-0.27996826,0.11003174,0.9300317,3.5500317,4.0500317,3.5400317,3.1600318,2.1100318,2.0600317,2.2900317,2.7600317,2.5500317,1.5600318,1.3300318,1.2600317,1.0400318,1.6800318,0.26003173,-0.80996823,-2.6999683,-2.6199682,-2.6899683,-1.4699683,-1.6199683,-0.53996825,0.13003173,0.77003175,0.010031738,-0.32996827,-0.66996825,-1.0499682
-2.6799684,-3.5199683,-3.7199683,-4.2999682,-3.8499682,-3.1999683,-4.169968,-3.9699683,-4.519968,-0.86996824,0.43003175,-0.6399683,-4.3299685,-3.2199683,-2.5799682,0.19003174,2.2800317,3.4400318,2.1300318,2.0300317,2.2700317,2.5700316,1.9000317,1.8100318,1.8700317,0.9300317,-0.5099683,-1.6399683,-1.6399683,-1.5699682,-1.7699683,-1.3799683,-1.4199682,-1.0399683,-0.65996826,-0.23996826,-0.7499683,-0.7599683,-1.4199682,-1.7399683,-0.79996824
-1.0899682,-1.1899682,-0.5099683,-1.5599682,-1.6199683,-2.2099683,-2.6999683,-2.7299683,-1.8599683,-1.2699683,-0.31996825,0.78003174,-3.2599683,-0.9499683,-0.34996825,0.6200317,0.88003176,-0.039968263,2.3200316,3.4300318,2.4200318,2.3100317,2.4400318,1.8000318,1.0900317,0.17003174,-0.29996827,-0.61996824,-0.44996825,-0.6399683,-0.36996827,-0.38996828,0.27003175,0.64003175,0.7400317,1.0200317,0.52003175,0.26003173,-0.089968264,0.9900317,-0.7699683
0.020031739,-0.78996825,-1.8599683,-1.2899683,-1.0899682,-1.0999683,-0.17996827,-0.5699683,-0.18996826,-0.18996826,-0.83996826,-1.2499683,1.1300317,0.94003177,0.47003174,0.11003174,1.4900317,4.3200316,2.0900316,2.3000317,3.2100317,2.3300316,2.0900316,2.2000318,1.5300317,1.0200317,0.64003175,0.54003173,0.38003173,0.19003174,3.173828E-5,0.60003173,1.2500317,1.9200318,2.0300317,2.2600317,1.8200318,2.6600318,2.1500318,0.85003173,-0.26996827
