wind_kz.json
{"header": {"discipline":0,"disciplineName":"Meteorological products","gribEdition":2,"gribLength":1102,"center":7,"centerName":"US National Weather Service - NCEP(WMC)","subcenter":0,"refTime":"2025-04-05T18:00:00.000Z","significanceOfRT":1,"significanceOfRTName":"Start of forecast","productStatus":0,"productStatusName":"Operational products","productType":1,"productTypeName":"Forecast products","productDefinitionTemplate":0,"productDefinitionTemplateName":"Analysis/forecast at horizontal level/layer at a point in time","parameterCategory":2,"parameterCategoryName":"UnknownDiscipline_0_Category_2","parameterNumber":3,"parameterNumberName":"UnknownParameter_D0_C2_3","parameterUnit":"Unknown","genProcessType":2,"genProcessTypeName":"Forecast","forecastTime":180,"surface1Type":103,"surface1TypeName":"Specified height level above ground","surface1Value":10.0,"surface2Type":255,"surface2TypeName":"Missing","surface2Value":0.0,"gridDefinitionTemplate":0,"gridDefinitionTemplateName":"Latitude_Longitude","numberPoints":615,"shape":6,"shapeName":"Earth spherical with radius of 6,371,229.0 m","gridUnits":"degrees","resolution":48,"winds":"true","scanMode":64,"nx":41,"ny":15,"basicAngle":0,"lo1":47.0,"la1":41.0,"lo2":87.0,"la2":55.0,"dx":1.0,"dy":1.0}, "data":
[rows 0 to 14 of 15, columns 0 to 40 of 41]
1.1472608,1.8472607,-1.6227393,-8.132739,-11.222739,-11.422739,-7.3127394,-3.0927393,0.007260742,-3.0427392,-2.5127392,-3.8327394,-1.6927392,0.55726075,3.8272607,4.777261,7.6472607,4.0472608,0.72726077,0.38726074,3.0972607,2.1572607,-0.022739258,-0.07273926,0.7872608,0.55726075,0.6572607,0.49726075,-0.73273927,-0.24273926,1.7672608,1.0672607,0.10726074,0.9572607,1.3672607,-1.5727392,0.9072607,-1.4327393,-0.5927393,-2.7427392,-0.6027393
1.4472607,0.047260743,-5.592739,-7.922739,-9.53274,-11.372739,-6.6227393,-1.1527393,-0.06273926,-0.25273925,-1.7727393,-1.6827393,-2.7627392,-0.87273926,2.5572608,4.5872607,3.5372608,2.9772608,3.9372606,2.1772606,1.7272607,1.6972607,2.2072608,0.6472607,-0.37273926,2.3272607,2.5072608,1.1872607,1.1372608,1.6872607,2.4672608,2.2372608,0.9672607,1.7472607,1.8972608,1.6472608,3.5972607,3.3272607,1.4872607,1.8772607,0.75726074
1.0872607,1.9472607,-2.9127393,-7.1827393,-8.20274,-8.582739,-7.362739,-6.4527392,-1.3727393,-0.74273926,-3.7627392,-1.7627393,-1.8127393,-1.2627393,3.2572608,6.3972607,6.027261,6.3772607,5.5372605,3.6672606,1.9572607,0.7172607,1.7272607,1.3372607,0.017260741,-1.3727393,-1.0727392,-0.81273925,0.047260743,0.007260742,0.57726073,2.4872608,3.2972608,2.3872607,0.5372608,-0.03273926,3.9772608,1.4472607,0.67726076,3.4172606,2.1472607
-2.1327393,-3.3927393,-3.8327394,-6.3927393,-6.472739,-7.972739,-7.972739,-4.4427395,-1.7827393,-4.012739,-2.1127393,-4.172739,-1.3227392,-2.7727392,2.6572607,5.757261,4.7972608,5.3972607,5.427261,5.447261,0.94726074,-0.76273924,0.76726073,0.60726076,1.1772608,0.6472607,0.97726077,0.40726075,0.32726073,1.8772607,3.9172606,1.4872607,0.46726075,0.13726074,2.4372606,3.5072608,2.8872607,1.6772608,-3.0427392,-2.1927392,-2.3427393
-3.2227392,-3.7427392,-4.152739,-5.9427395,-5.7327394,-6.922739,-7.5427394,-3.7527392,-4.0827394,-0.32273924,1.1772608,1.2972608,-3.2227392,-5.6227393,0.26726073,4.1872606,3.8072608,2.2572608,3.6872606,2.5172608,2.5072608,0.79726076,0.28726074,1.1072607,1.1572608,1.3672607,0.33726075,-1.7727393,-0.42273927,-1.3727393,-1.7027392,-1.0027393,-0.77273923,1.5872607,0.33726075,0.66726077,3.3672607,-0.17273925,-1.2227392,-1.2127392,-1.6527393
-0.18273926,-0.83273923,-2.1127393,-3.2227392,-5.3527393,-5.4127393,-5.8727393,1.3272607,6.527261,5.327261,3.8672607,1.5272608,-0.81273925,-3.2327392,-1.6227393,1.6872607,3.4772608,3.1172607,3.2772608,2.4872608,1.4672607,1.1072607,2.7572608,2.3772607,2.1672606,0.14726074,-0.98273927,-3.2527392,-2.5127392,-3.3827393,-2.4527392,-1.8227392,-0.88273925,-2.8727393,-2.3227394,12.357261,-0.30273926,6.0872607,0.74726075,0.14726074,-1.4727392
4.4772606,2.2772608,0.7072607,-0.88273925,-3.8327394,-6.6427393,-6.3727393,3.8772607,6.217261,5.407261,3.5572608,2.1172607,1.1172607,-0.28273925,-1.1527393,0.027260743,2.6172607,1.8872608,5.347261,2.4572608,0.29726073,1.2572608,2.3172607,2.9972608,1.8472607,1.1472608,-0.8527393,-0.82273924,-0.73273927,-1.6527393,-0.012739258,-1.6827393,-3.5627394,-0.30273926,2.4672608,2.6372607,2.9572608,2.6872606,2.9772608,3.2372608,3.3072608
7.0572605,5.007261,2.9172606,0.86726075,-1.9227393,-4.2327394,-5.242739,3.3172607,6.5472608,6.237261,4.697261,3.0072608,1.0572608,0.61726075,-0.36273926,-0.5327393,-0.0027392579,1.2972608,0.15726075,3.3372607,0.92726076,0.6472607,-0.5427393,1.5072608,2.1072607,1.9272608,1.1072607,1.1272607,-1.6627393,-3.6427393,-5.3127394,-6.652739,-6.882739,-6.152739,0.27726075,-0.5427393,-1.4127393,1.3072608,-0.31273925,1.9972607,3.2972608
6.907261,5.277261,4.987261,3.1472607,0.34726074,-1.7527393,-3.0727394,3.7172608,5.4572606,6.3372607,4.8572607,4.737261,3.7872608,2.1072607,1.2372607,0.79726076,2.0472608,2.3472607,3.9772608,2.4472609,4.277261,0.8372607,-0.33273926,-0.28273925,0.5972607,1.4172608,-0.26273927,-1.3127393,-1.7027392,-2.5227392,-5.0827394,-8.172739,-8.142739,-5.8927393,1.2272607,2.5372608,1.0772607,-1.3027393,0.42726076,1.6772608,-1.4727392
6.927261,6.217261,5.367261,4.1272607,3.3872607,-0.06273926,-0.23273925,5.0672607,7.527261,6.887261,7.3172607,5.597261,4.1872606,3.4672608,2.2872608,1.0772607,1.0472608,1.1572608,2.5772607,2.8172607,2.3972607,1.2972608,0.7172607,0.06726074,-0.73273927,-0.64273924,-1.7527393,0.75726074,-1.0627393,-3.4227393,-4.782739,-6.8527393,-8.03274,-7.3727393,-2.8427393,-2.6627393,-0.49273926,1.9972607,1.1972607,0.46726075,2.6672606
5.677261,6.0172606,7.0472608,6.237261,4.617261,2.7472608,3.5872607,4.847261,8.687261,8.50726,7.5572605,5.7972608,5.737261,4.9572606,3.9272606,3.6372607,3.3372607,2.5572608,2.7072608,1.6672608,1.6272607,1.8472607,0.62726074,0.26726073,-0.69273925,-0.7127392,-1.0827392,-2.2127392,-3.2227392,-3.8227394,-4.8927393,-5.882739,-6.2927394,-6.3727393,-6.3327394,-3.4027393,-1.4827392,-1.9127393,0.12726074,0.9072607,0.7772607
3.2172608,6.407261,7.3772607,7.4572606,6.157261,5.4172606,5.967261,9.077261,9.227261,7.717261,6.117261,4.7072606,5.5172606,4.8972607,4.637261,3.4972608,3.9872608,3.7772608,3.1272607,2.7772608,1.8272607,1.0472608,0.93726075,0.20726074,-1.2027392,-2.0327392,-3.0527391,-3.6827393,-3.9227393,-4.222739,-4.6027393,-5.992739,-5.152739,-6.3327394,-4.8927393,-5.132739,-3.6827393,-2.4727392,-1.4627392,-1.4927392,-1.3127393
2.2772608,7.367261,8.34726,8.227261,8.17726,4.9172606,7.8172607,10.84726,13.13726,8.287261,4.737261,5.177261,6.4172606,4.967261,4.4572606,4.2872605,3.8972607,3.4072607,2.2872608,1.5272608,1.2772608,0.48726073,-0.56273925,-1.3327392,-2.0827394,-2.8627393,-3.5227392,-3.3627393,-3.7827392,-4.052739,-4.5827394,-4.672739,-5.172739,-4.472739,-5.0427394,-4.6827393,-4.5227394,-2.7227392,-3.3927393,-1.2627393,1.5472608
-0.70273924,4.0572605,7.0872607,11.197261,13.017261,11.63726,11.29726,11.167261,10.167261,9.827261,6.4572606,4.2272606,5.4172606,6.0572605,5.887261,5.0672607,4.3772607,3.2572608,2.7072608,1.8072608,0.98726076,0.24726075,-0.56273925,-1.0027393,-1.9527392,-3.2427392,-3.9127393,-4.012739,-3.9927392,-4.262739,-4.262739,-3.8127394,-3.6927392,-3.3327394,-3.0727394,-2.8527393,-2.8427393,-2.8427393,-2.2727392,-0.38273925,0.09726074
-1.4427392,4.637261,8.687261,10.46726,12.477261,10.527261,11.877261,10.777261,9.657261,7.907261,5.3972607,8.13726,7.277261,4.9772606,6.8572607,5.9972606,5.0572605,4.007261,3.1372607,2.2072608,1.1172607,0.09726074,-0.68273926,-1.7527393,-2.6327393,-3.0027392,-3.5127392,-3.5327392,-3.3827393,-3.1427393,-3.2227392,-1.7727393,-3.2327392,-3.6227393,-2.9027393,-2.1727393,-1.7027392,-1.1827393,-0.8527393,-0.69273925,0.69726074
