wind_kz.json
{"header": {"discipline":0,"disciplineName":"Meteorological products","gribEdition":2,"gribLength":871,"center":7,"centerName":"US National Weather Service - NCEP(WMC)","subcenter":0,"refTime":"2023-09-22T00:00:00.000Z","significanceOfRT":1,"significanceOfRTName":"Start of forecast","productStatus":0,"productStatusName":"Operational products","productType":1,"productTypeName":"Forecast products","productDefinitionTemplate":0,"productDefinitionTemplateName":"Analysis/forecast at horizontal level/layer at a point in time","parameterCategory":0,"parameterCategoryName":"UnknownDiscipline_0_Category_0","parameterNumber":0,"parameterNumberName":"UnknownParameter_D0_C0_0","parameterUnit":"Unknown","genProcessType":2,"genProcessTypeName":"Forecast","forecastTime":0,"surface1Type":1,"surface1TypeName":"Ground or water surface","surface1Value":0.0,"surface2Type":255,"surface2TypeName":"Missing","surface2Value":0.0,"gridDefinitionTemplate":0,"gridDefinitionTemplateName":"Latitude_Longitude","numberPoints":615,"shape":6,"shapeName":"Earth spherical with radius of 6,371,229.0 m","gridUnits":"degrees","resolution":48,"winds":"true","scanMode":64,"nx":41,"ny":15,"basicAngle":0,"lo1":47.0,"la1":41.0,"lo2":87.0,"la2":55.0,"dx":1.0,"dy":1.0}, "data":
[rows 0 to 14 of 15, columns 0 to 40 of 41]
292.26318,284.16318,286.76318,294.76318,295.06317,294.3632,292.4632,291.76318,289.16318,288.8632,288.76318,289.66318,289.3632,289.3632,289.06317,287.26318,287.16318,287.3632,285.4632,286.76318,287.56317,284.3632,284.3632,279.4632,282.3632,287.9632,285.26318,274.9632,270.26318,272.9632,273.06317,274.4632,281.26318,286.56317,286.3632,286.26318,285.06317,284.06317,283.4632,285.16318,285.4632
272.8632,285.76318,294.16318,294.26318,294.26318,293.06317,290.4632,289.76318,288.66318,288.8632,289.16318,288.66318,288.26318,286.16318,287.26318,287.4632,284.9632,284.3632,284.16318,283.26318,283.66318,285.66318,284.06317,276.66318,271.9632,273.3632,277.3632,269.06317,273.9632,270.76318,275.8632,268.66318,275.3632,250.36319,271.16318,285.06317,281.4632,283.8632,284.56317,278.06317,283.76318
288.16318,293.76318,294.3632,294.06317,292.16318,290.16318,289.3632,288.26318,287.8632,287.9632,287.3632,287.4632,286.06317,286.8632,288.3632,286.3632,284.66318,283.66318,285.56317,285.4632,284.06317,284.4632,282.9632,279.56317,282.16318,284.16318,286.06317,285.56317,283.56317,277.8632,269.66318,273.3632,276.76318,274.8632,275.9632,275.8632,270.06317,269.76318,269.56317,268.8632,269.76318
291.16318,293.26318,294.56317,293.4632,291.56317,289.06317,289.8632,288.9632,288.9632,288.3632,287.56317,287.3632,292.16318,291.56317,287.06317,285.76318,286.76318,286.66318,286.9632,284.76318,283.66318,278.26318,284.8632,285.66318,285.8632,286.76318,288.9632,286.4632,286.16318,287.26318,287.26318,283.76318,286.3632,285.16318,283.8632,280.26318,268.26318,261.76318,272.76318,280.4632,283.76318
290.66318,293.06317,293.8632,292.9632,291.56317,288.26318,289.4632,288.76318,287.9632,287.76318,287.66318,286.76318,291.16318,290.06317,288.4632,286.06317,286.9632,287.06317,285.8632,286.9632,286.4632,285.66318,285.56317,284.66318,286.8632,285.8632,285.66318,287.16318,287.76318,287.76318,288.8632,284.56317,272.76318,262.4632,275.16318,285.56317,289.66318,288.56317,288.56317,288.56317,287.3632
287.8632,286.06317,292.3632,292.8632,292.8632,292.66318,287.3632,288.8632,287.9632,288.3632,288.66318,287.8632,290.26318,290.9632,288.26318,285.8632,287.76318,287.66318,287.4632,287.16318,286.4632,285.66318,285.4632,288.56317,288.06317,286.56317,287.3632,289.3632,286.66318,286.8632,284.9632,286.9632,285.3632,285.06317,282.4632,287.8632,279.56317,279.3632,286.8632,288.4632,286.4632
287.06317,285.26318,288.76318,289.66318,289.66318,287.26318,288.66318,288.26318,288.8632,288.76318,286.76318,285.9632,285.26318,285.56317,285.8632,286.9632,287.06317,289.3632,287.06317,288.16318,285.56317,286.06317,285.76318,286.26318,285.26318,285.26318,284.56317,287.26318,285.06317,284.56317,284.66318,283.66318,283.66318,284.66318,285.06317,283.9632,280.76318,275.76318,274.26318,273.76318,282.66318
286.3632,285.16318,286.16318,288.26318,288.66318,288.3632,288.06317,287.26318,285.8632,285.8632,284.76318,284.06317,283.56317,284.9632,285.9632,288.16318,289.9632,288.3632,286.76318,285.16318,284.56317,284.16318,284.66318,284.4632,283.16318,280.4632,280.56317,283.3632,284.56317,285.06317,283.3632,282.26318,281.26318,279.8632,278.76318,280.9632,282.06317,288.16318,286.06317,285.66318,279.66318
285.26318,284.4632,285.4632,285.26318,287.26318,286.56317,285.3632,285.56317,284.06317,282.9632,282.26318,281.9632,281.9632,283.16318,283.9632,284.8632,285.26318,285.3632,285.76318,287.66318,285.16318,286.4632,283.76318,283.06317,281.26318,285.3632,282.8632,283.4632,283.16318,278.66318,279.56317,280.06317,282.4632,284.66318,283.8632,281.3632,282.4632,281.76318,273.3632,274.4632,272.66318
284.8632,284.66318,283.76318,283.3632,283.66318,283.56317,284.16318,283.16318,283.06317,281.8632,281.8632,281.76318,282.16318,282.3632,282.3632,283.16318,283.26318,282.76318,283.3632,286.76318,285.8632,283.26318,287.3632,284.06317,286.3632,285.26318,284.76318,285.26318,283.9632,283.66318,282.26318,284.06317,285.66318,286.26318,284.26318,283.9632,282.16318,279.06317,277.4632,272.66318,272.66318
285.56317,284.3632,284.8632,284.4632,284.66318,284.16318,283.4632,281.26318,281.56317,281.06317,281.26318,281.16318,281.56317,281.16318,281.3632,281.76318,281.8632,282.66318,282.3632,282.06317,282.16318,282.56317,282.3632,283.16318,283.56317,285.3632,284.56317,285.8632,282.9632,284.9632,287.4632,287.26318,285.8632,285.56317,285.56317,283.4632,280.16318,277.66318,278.26318,276.9632,277.06317
284.4632,286.06317,286.16318,285.3632,285.06317,284.3632,282.56317,281.56317,281.06317,279.8632,277.9632,280.16318,281.06317,280.26318,280.9632,281.06317,281.4632,281.4632,280.9632,281.16318,280.3632,280.26318,280.3632,280.4632,280.8632,282.26318,283.76318,285.76318,283.26318,283.9632,283.3632,284.3632,286.3632,284.9632,285.16318,284.4632,284.9632,284.06317,282.9632,280.3632,281.56317
284.3632,284.26318,285.26318,284.76318,285.06317,285.9632,283.76318,283.3632,281.66318,281.06317,278.8632,278.06317,280.76318,280.76318,281.26318,281.4632,281.3632,280.8632,281.06317,280.26318,280.06317,278.9632,279.16318,278.76318,280.26318,281.66318,282.76318,282.3632,282.66318,282.16318,282.76318,282.9632,283.16318,286.3632,285.3632,282.8632,285.76318,285.16318,283.76318,281.26318,283.26318
285.3632,286.56317,287.16318,286.4632,287.06317,286.06317,283.76318,283.8632,283.26318,282.16318,280.9632,277.4632,280.9632,283.06317,282.9632,282.66318,282.3632,281.56317,281.16318,281.4632,281.4632,281.3632,281.76318,281.3632,281.26318,281.4632,281.3632,282.3632,281.06317,281.06317,281.3632,281.66318,281.56317,281.26318,282.3632,285.06317,282.26318,284.4632,284.8632,280.26318,279.56317
288.16318,286.76318,287.4632,286.26318,288.26318,286.4632,285.56317,284.06317,284.76318,284.4632,280.8632,282.3632,282.06317,284.3632,283.76318,283.56317,283.4632,282.9632,282.56317,282.76318,282.56317,282.16318,282.26318,281.76318,281.56317,281.56317,281.56317,281.16318,280.8632,280.66318,280.8632,282.9632,279.9632,280.16318,280.56317,281.3632,280.3632,280.4632,280.8632,280.4632,280.06317
