wind_kz.json
{"header": {"discipline":0,"disciplineName":"Meteorological products","gribEdition":2,"gribLength":1025,"center":7,"centerName":"US National Weather Service - NCEP(WMC)","subcenter":0,"refTime":"2023-09-21T12:00:00.000Z","significanceOfRT":1,"significanceOfRTName":"Start of forecast","productStatus":0,"productStatusName":"Operational products","productType":1,"productTypeName":"Forecast products","productDefinitionTemplate":0,"productDefinitionTemplateName":"Analysis/forecast at horizontal level/layer at a point in time","parameterCategory":2,"parameterCategoryName":"UnknownDiscipline_0_Category_2","parameterNumber":3,"parameterNumberName":"UnknownParameter_D0_C2_3","parameterUnit":"Unknown","genProcessType":2,"genProcessTypeName":"Forecast","forecastTime":0,"surface1Type":103,"surface1TypeName":"Specified height level above ground","surface1Value":10.0,"surface2Type":255,"surface2TypeName":"Missing","surface2Value":0.0,"gridDefinitionTemplate":0,"gridDefinitionTemplateName":"Latitude_Longitude","numberPoints":615,"shape":6,"shapeName":"Earth spherical with radius of 6,371,229.0 m","gridUnits":"degrees","resolution":48,"winds":"true","scanMode":64,"nx":41,"ny":15,"basicAngle":0,"lo1":47.0,"la1":41.0,"lo2":87.0,"la2":55.0,"dx":1.0,"dy":1.0}, "data":
[rows 0 to 14 of 15, columns 0 to 40 of 41]
2.6251593,1.2851593,2.7751594,4.575159,2.1351593,-3.2048407,-1.6848407,-0.5148407,-0.1248407,-0.7948407,-1.7548407,-1.8648407,-1.8848407,-2.1948407,-4.1448407,-5.1348405,-4.774841,-4.024841,-4.464841,-5.444841,-5.6348405,-4.5148406,-3.7048407,-0.9848407,6.805159,2.5251594,1.3151593,2.3751593,-3.3548408,-3.0448408,-2.8548408,-1.9248407,-1.5548407,1.0451593,-3.0248406,-2.0048406,-4.9348407,-2.3148408,-1.6448407,-3.8848407,-3.9548407
-2.1148407,-1.0248407,4.6551595,4.8851595,2.9551592,-2.8448408,-0.104840696,0.1351593,-0.014840698,-1.3848407,1.3051593,-2.2248406,-1.2548407,-3.5648408,-2.8748407,-5.2048407,-4.2848406,-4.484841,-5.504841,-5.734841,-6.8948407,-3.7748406,-2.9048407,0.9951593,2.6051593,2.6251593,2.6451592,1.7251593,0.7551593,1.9251593,-1.6248407,-1.2048407,-0.8448407,-2.1148407,0.3151593,0.7551593,1.7051593,2.3451593,0.4051593,-1.7148407,-1.0748407
2.0851593,4.805159,4.205159,2.8851593,1.9251593,2.4651594,0.8951593,-1.4248407,0.7751593,-1.0048407,-3.0448408,-3.0248406,-4.0548406,-6.5748405,-4.8648405,-5.544841,-6.174841,-6.4048405,-6.504841,-7.524841,-5.5548406,-5.2248406,-2.2648406,2.0851593,-1.1548407,1.1651593,-3.4248407,-5.334841,-3.2648406,0.4351593,-1.6548407,-1.7148407,-2.8448408,-3.6948407,-2.4648407,-1.3748407,-2.9148407,-3.9548407,-0.9648407,-0.3148407,-3.0748408
4.2951593,3.3951592,2.9051592,2.4051592,1.6951593,0.8551593,-0.4248407,-0.7148407,-1.9748406,-3.2948408,-4.0148406,-4.2648406,-0.5148407,-2.7548406,-4.814841,-5.544841,-3.3248408,-7.294841,-9.744841,-6.9148407,-4.9548407,-2.3748407,-3.4048407,-4.0148406,-4.584841,-4.8448405,-1.7648407,-1.6748407,-2.4248407,-3.9348407,-2.7348406,-1.5148407,3.1751592,1.2851593,-1.3748407,0.80515933,2.6051593,1.7751594,-0.3348407,1.4051594,3.3651593
3.2651594,1.5951593,-0.4048407,-2.9348407,-6.6648407,-4.964841,-2.9348407,-3.5948408,-3.3848407,-2.8248408,-3.7848406,-3.3548408,-1.8948407,-0.9548407,-3.5348406,-3.7248406,-6.584841,-6.1248407,-3.2848406,-3.4848406,-2.1148407,-4.1448407,-5.944841,-2.0948408,-3.0548408,-4.044841,-1.7548407,-5.044841,-4.6148405,-3.4548407,-4.504841,-2.2148407,2.0851593,-0.3848407,0.6951593,-1.3348407,-1.1148407,1.7751594,-0.8148407,-3.5448408,-3.1348407
4.455159,3.5151594,-0.3248407,-1.1648407,-1.7348408,-2.6048408,-3.2548406,-2.1148407,-1.7648407,-0.7348407,-1.1348407,2.3651593,-0.024840698,-1.7848407,-4.8248405,-5.274841,-6.1648407,-6.3048406,-6.4048405,-4.524841,-3.1148407,-2.2248406,-2.8548408,0.7351593,-1.5148407,1.1451592,0.3351593,-0.6048407,-3.0848408,-4.084841,-4.4348407,-3.3248408,-3.3248408,-2.2748406,3.5051594,1.6351593,-1.0948406,-2.7548406,-1.9448407,-2.1948407,1.9051594
0.8951593,0.4251593,-0.6748407,-1.4548407,-0.7148407,-2.8948407,-1.2848407,-0.1448407,0.4751593,-1.5348407,-1.8248407,-2.1248407,-3.7048407,-4.064841,-4.794841,-5.1448407,-6.064841,-6.004841,-6.254841,-3.9348407,0.105159305,-1.2348408,-0.8348407,-2.1848407,-2.5048406,-3.3048408,-1.0448407,0.025159301,-0.1548407,-3.8948407,-2.4548407,-3.7948408,-4.9048405,-3.3448408,-1.0848407,-2.7148407,0.5851593,2.6051593,-0.4948407,-3.0848408,-4.8248405
0.2651593,0.105159305,-0.5048407,-0.9748407,-1.6048408,-2.4548407,-1.9048407,-1.5648407,-1.0948406,-0.7348407,-1.5248407,-1.6848407,-2.8148408,-3.5548408,-3.8548408,-4.5748405,-5.0748405,-5.2448406,-5.524841,-3.9348407,-1.6448407,-0.3948407,-1.8048407,-2.5048406,-3.8548408,-2.0048406,-1.7648407,-2.4348407,-3.4248407,-0.1748407,-2.7948408,-2.1848407,-3.0748408,-1.6648407,-0.2648407,0.4251593,-0.6248407,-1.7248406,-1.6848407,-1.2148407,-1.2648407
1.5351593,0.9651593,0.3851593,-0.3648407,-0.8648407,-1.5648407,-1.0948406,-1.0648407,-0.7248407,-1.2448407,-2.0548408,-2.6648407,-2.3548408,-2.6748407,-2.9948406,-3.8248408,-4.1048408,-4.004841,-3.7348406,-4.174841,-1.1548407,1.1251593,-0.9748407,-2.2248406,-2.1748407,-0.8448407,-1.0548407,-1.8148407,-2.8048408,-3.8248408,-4.3448405,-4.1548405,-4.1048408,-2.3748407,-1.7348408,-2.7848406,1.4651593,1.0151592,3.6151593,2.1351593,1.8951592
0.5451593,1.1251593,0.3951593,0.0651593,-0.2148407,-0.4348407,-0.9348407,-0.7548407,-0.8148407,-1.3848407,-1.9848408,-2.2748406,-2.1348407,-2.2548406,-2.2948408,-2.9948406,-3.6748407,-4.3248405,-4.5948405,-3.1048408,-3.2748406,-2.6048408,-2.3048408,1.2351593,-0.5848407,-2.3348408,-2.0148406,-1.9948407,-2.9848406,-2.5348406,-3.7548406,-4.2848406,-4.484841,-4.174841,-1.1648407,-2.2948408,0.55515933,-0.1948407,0.8451593,1.5451593,-0.4448407
2.1651592,1.7451593,1.4451593,0.8351593,0.80515933,0.6851593,-0.1748407,-0.1948407,-0.5248407,-0.23484069,-0.94484067,-0.9548407,-0.7648407,-1.6148407,-1.4648407,-1.3948407,-2.3748407,-3.4048407,-3.2448406,-4.3248405,-3.8848407,-3.5348406,-1.9348407,-2.9348407,-1.9848408,-2.0748408,-1.5848407,-4.1648407,-2.7048407,-3.2248406,-4.0948405,-4.6648407,-1.7648407,0.7651593,0.5851593,0.2951593,0.1151593,1.1051593,-0.1448407,-0.9648407,-1.0448407
2.2051592,2.1551592,0.7451593,1.0151592,0.3951593,1.2651592,0.8151593,0.0351593,0.1751593,-0.7048407,-1.1948407,-0.9648407,0.8851593,0.80515933,-0.0648407,-0.1548407,-0.5848407,-1.2148407,-1.9448407,-2.3148408,-2.9648407,-2.4348407,-1.8148407,-2.7048407,-2.2748406,-2.7748406,-3.2648406,-2.8448408,-4.2248406,-1.9048407,-1.4348407,-2.0748408,-2.3448408,-2.3948407,-1.4548407,-1.4148407,0.3751593,0.9351593,0.5351593,-0.8048407,-0.6048407
1.5751593,2.3351593,2.6051593,0.6751593,1.3251593,1.0151592,1.6051593,0.8351593,0.3951593,0.2851593,-0.2848407,-0.9048407,-0.7648407,1.0351593,1.4651593,1.2051593,0.7051593,0.3451593,0.1651593,-0.2648407,-0.6648407,-1.3748407,-1.3548408,-1.6548407,-2.4148407,-2.7748406,-3.1148407,-3.0148406,-2.1648407,-2.9548407,-2.9048407,-2.8348408,-2.1948407,-1.8048407,-0.1548407,-1.3848407,-0.5948407,0.9051593,-0.2248407,-0.7648407,-1.1448407
0.8351593,0.015159301,0.8951593,1.4451593,1.5351593,2.4951594,2.2451594,1.6551594,1.3551593,1.8751593,1.3751593,-0.8548407,0.7351593,1.4451593,1.2751594,1.7051593,1.7151593,1.6651593,1.3951592,1.0351593,0.8451593,1.3351593,0.6551593,0.1551593,-0.4848407,-1.1848407,-1.2848407,-1.4448407,-1.5148407,-1.9048407,-0.5748407,-2.4148407,-0.9548407,-0.6048407,0.8351593,-2.6648407,-2.5648408,-2.2048407,-1.3048407,-0.5148407,-1.2248406
-3.3248408,0.0351593,1.7851593,2.5751593,1.5151592,2.3451593,2.3451593,2.4551592,2.6151593,3.9551592,2.7451594,2.2051592,1.1151593,-0.1848407,2.1051593,2.5151594,2.5651593,2.3851593,2.1651592,2.3751593,1.8751593,1.7151593,1.6451592,1.5251594,1.3651593,1.2151593,0.2151593,-0.1348407,-0.6048407,-0.69484067,-1.6748407,1.9851593,0.4051593,0.4251593,-1.5448407,-0.6448407,2.0151594,-1.8048407,-1.5548407,-2.7848406,-1.0448407
