wind_kz.json
{"header": {"discipline":0,"disciplineName":"Meteorological products","gribEdition":2,"gribLength":1102,"center":7,"centerName":"US National Weather Service - NCEP(WMC)","subcenter":0,"refTime":"2023-09-18T18:00:00.000Z","significanceOfRT":1,"significanceOfRTName":"Start of forecast","productStatus":0,"productStatusName":"Operational products","productType":1,"productTypeName":"Forecast products","productDefinitionTemplate":0,"productDefinitionTemplateName":"Analysis/forecast at horizontal level/layer at a point in time","parameterCategory":2,"parameterCategoryName":"UnknownDiscipline_0_Category_2","parameterNumber":2,"parameterNumberName":"UnknownParameter_D0_C2_2","parameterUnit":"Unknown","genProcessType":2,"genProcessTypeName":"Forecast","forecastTime":300,"surface1Type":103,"surface1TypeName":"Specified height level above ground","surface1Value":10.0,"surface2Type":255,"surface2TypeName":"Missing","surface2Value":0.0,"gridDefinitionTemplate":0,"gridDefinitionTemplateName":"Latitude_Longitude","numberPoints":615,"shape":6,"shapeName":"Earth spherical with radius of 6,371,229.0 m","gridUnits":"degrees","resolution":48,"winds":"true","scanMode":64,"nx":41,"ny":15,"basicAngle":0,"lo1":47.0,"la1":41.0,"lo2":87.0,"la2":55.0,"dx":1.0,"dy":1.0}, "data":
[rows 0 to 14 of 15, columns 0 to 40 of 41]
-0.8431909,1.206809,-1.1131909,-0.3731909,-1.773191,-1.933191,0.086809084,0.45680907,1.5468091,1.096809,2.8768091,3.8568091,5.526809,6.776809,6.846809,6.766809,5.4468093,6.9868093,5.686809,5.936809,4.906809,3.5768092,2.726809,2.5668092,-0.6731909,0.09680908,2.176809,2.5568092,-0.27319092,0.86680907,-1.2331909,2.3268092,0.94680905,-0.27319092,0.20680909,1.0368091,1.346809,1.7468091,2.196809,1.7668091,2.456809
1.1468091,-1.183191,-2.753191,-3.1531909,-2.1531909,-0.9731909,0.94680905,0.94680905,1.326809,0.75680906,1.7768091,3.396809,4.416809,4.776809,6.326809,7.996809,8.066809,7.516809,7.9268093,7.7168093,6.026809,5.016809,3.676809,1.836809,1.7968091,0.3768091,0.9268091,0.38680908,2.166809,0.6768091,0.5968091,0.41680908,-1.303191,1.2368091,0.99680907,0.9868091,1.2968091,1.1468091,1.2868091,-0.7231909,-0.20319092
-0.7931909,1.456809,-0.3731909,-1.303191,-0.27319092,1.816809,1.7768091,0.68680906,1.3968091,2.206809,2.926809,2.966809,3.8168092,4.226809,3.956809,4.336809,5.9468093,9.446809,9.706809,8.926809,7.386809,6.316809,4.9468093,6.9468093,2.3568091,-2.713191,-3.763191,-3.1931908,-0.87319094,-0.4631909,0.45680907,-1.1031909,-0.21319091,1.466809,0.9568091,1.7568091,-0.39319092,0.9168091,-1.6131909,-0.8231909,2.0968091
0.86680907,2.0468092,2.466809,2.0868092,2.396809,2.3168092,1.5068091,3.786809,4.656809,4.836809,4.566809,5.256809,4.726809,4.666809,2.936809,3.766809,4.846809,5.526809,5.4268093,8.386809,7.026809,6.076809,5.7368093,7.4468093,6.796809,5.346809,4.036809,4.826809,3.3268092,0.8268091,1.1168091,0.35680908,2.536809,1.4068091,-3.1631908,1.3568091,0.12680908,0.9568091,-0.99319094,-0.41319093,-4.703191
2.8168092,3.8668091,4.956809,4.836809,5.756809,5.4268093,6.046809,5.546809,4.846809,5.366809,7.026809,7.626809,6.036809,5.2368093,5.016809,5.526809,5.616809,4.766809,5.666809,4.2368093,5.726809,7.376809,9.076809,8.866809,7.456809,5.476809,5.366809,5.026809,2.3568091,2.776809,2.1268091,3.436809,3.176809,1.5568091,2.676809,-0.4731909,-1.6231909,0.026809081,-0.8331909,-1.0131909,-1.173191
2.036809,3.0768092,4.266809,5.626809,7.006809,8.026809,8.056809,7.186809,6.306809,6.316809,7.036809,7.026809,6.4468093,5.476809,6.586809,7.996809,7.4868093,6.9468093,6.546809,4.536809,7.4668093,4.726809,5.906809,7.246809,8.786809,8.18681,6.9268093,2.486809,6.586809,3.5568092,1.1868091,2.3768091,0.61680907,0.7268091,-0.8931909,-0.2531909,-0.7231909,-2.583191,-1.0831909,-1.3131909,-1.9631909
3.766809,4.636809,5.636809,5.916809,6.386809,6.856809,7.546809,8.546809,6.816809,5.896809,6.166809,7.066809,7.876809,8.756809,8.18681,8.466809,7.906809,7.846809,6.836809,5.916809,6.556809,5.066809,8.786809,4.276809,7.086809,8.276809,8.066809,5.876809,3.8768091,4.4668093,0.4668091,-0.9031909,-1.803191,-4.433191,-5.0131907,-2.593191,0.6068091,1.096809,-2.363191,1.9168091,-0.7331909
4.4468093,4.786809,5.066809,4.626809,5.016809,5.816809,6.916809,8.036809,8.326809,7.636809,7.126809,8.43681,9.606809,8.456809,8.206809,7.826809,7.276809,7.886809,7.4868093,7.526809,7.186809,6.496809,5.726809,8.376809,5.406809,7.9668093,7.876809,5.336809,4.346809,4.816809,5.576809,1.2668091,-1.413191,-0.2531909,1.6768091,-0.30319092,-0.3431909,-1.5831909,-9.283191,-10.953191,-4.333191
4.096809,4.096809,4.816809,5.066809,5.016809,5.206809,4.9868093,6.606809,8.236809,6.496809,8.116809,9.216809,9.126809,8.986809,8.486809,7.296809,7.956809,7.136809,7.646809,7.596809,8.256809,8.18681,7.686809,7.4868093,6.666809,7.6768093,9.206809,7.626809,5.1768093,3.5668092,5.976809,2.976809,1.696809,-0.39319092,-1.043191,-2.283191,-1.8331909,1.2568091,-1.8831909,-0.6131909,-1.293191
4.136809,4.906809,5.346809,5.686809,5.916809,6.006809,6.056809,6.6968093,6.976809,7.306809,8.156809,8.556809,9.356809,8.4768095,8.986809,7.866809,9.18681,7.326809,7.626809,8.446809,9.736809,10.586809,9.676809,8.776809,9.006809,6.796809,9.43681,9.886809,7.296809,5.546809,4.546809,4.096809,1.5068091,2.5668092,1.826809,2.236809,-2.083191,-1.2131909,2.0768092,-0.4331909,-0.8631909
4.146809,5.306809,5.386809,5.566809,5.6768093,6.416809,7.316809,7.916809,7.376809,7.856809,7.836809,8.496809,8.276809,8.426809,8.756809,8.266809,8.866809,9.926809,8.866809,9.606809,10.306809,10.446809,10.706809,11.256809,9.696809,9.836809,7.506809,9.696809,8.906809,5.836809,3.636809,4.266809,3.276809,2.266809,2.026809,0.68680906,0.20680909,0.7268091,0.8868091,-1.1031909,-0.29319093
3.7968092,4.136809,4.706809,5.2368093,6.6968093,6.276809,5.9868093,6.226809,6.666809,6.4668093,6.406809,7.396809,8.046809,8.336809,7.936809,8.666809,8.716809,9.136809,8.316809,8.366809,8.076809,9.516809,10.486809,9.956809,11.526809,10.856809,11.076809,10.836809,10.276809,5.056809,2.996809,4.126809,3.166809,2.8168092,1.7968091,3.176809,4.636809,-0.07319092,0.23680907,-0.13319091,-1.4831909
3.256809,4.386809,4.256809,3.236809,3.266809,3.786809,4.866809,4.866809,6.6768093,4.856809,4.2368093,5.386809,7.076809,7.556809,6.746809,7.436809,7.876809,8.146809,8.446809,9.516809,9.7268095,8.146809,9.736809,10.026809,10.646809,10.526809,11.016809,8.656809,7.816809,4.976809,4.9468093,2.676809,2.766809,1.946809,2.3268092,1.9268091,3.0668092,1.6368091,-0.023190917,-1.4731909,-1.6031909
3.6268091,3.6068091,4.146809,4.126809,3.456809,3.646809,3.0468092,4.246809,4.636809,5.9668093,4.156809,3.946809,4.536809,6.496809,6.046809,6.726809,7.1768093,8.616809,9.016809,8.496809,9.646809,8.486809,6.026809,5.056809,8.036809,8.796809,5.246809,5.7368093,5.646809,4.656809,3.6168091,2.0868092,0.6668091,0.99680907,1.2468091,1.7968091,1.6868091,2.3268092,2.276809,1.1368091,-0.41319093
1.976809,3.416809,4.296809,1.3568091,2.886809,2.3368092,2.706809,3.196809,3.016809,3.0768092,2.436809,4.896809,3.276809,2.486809,7.4668093,6.9868093,6.976809,7.046809,7.656809,7.636809,9.666809,6.726809,5.536809,5.346809,4.656809,3.946809,5.346809,4.406809,5.626809,2.3168092,1.4068091,0.6068091,0.55680907,0.62680906,0.6668091,0.9768091,0.9168091,1.456809,2.1268091,2.536809,-0.21319091
