wind_kz.json
{"header": {"discipline":0,"disciplineName":"Meteorological products","gribEdition":2,"gribLength":1025,"center":7,"centerName":"US National Weather Service - NCEP(WMC)","subcenter":0,"refTime":"2024-02-01T18:00:00.000Z","significanceOfRT":1,"significanceOfRTName":"Start of forecast","productStatus":0,"productStatusName":"Operational products","productType":1,"productTypeName":"Forecast products","productDefinitionTemplate":0,"productDefinitionTemplateName":"Analysis/forecast at horizontal level/layer at a point in time","parameterCategory":2,"parameterCategoryName":"UnknownDiscipline_0_Category_2","parameterNumber":2,"parameterNumberName":"UnknownParameter_D0_C2_2","parameterUnit":"Unknown","genProcessType":2,"genProcessTypeName":"Forecast","forecastTime":240,"surface1Type":103,"surface1TypeName":"Specified height level above ground","surface1Value":10.0,"surface2Type":255,"surface2TypeName":"Missing","surface2Value":0.0,"gridDefinitionTemplate":0,"gridDefinitionTemplateName":"Latitude_Longitude","numberPoints":615,"shape":6,"shapeName":"Earth spherical with radius of 6,371,229.0 m","gridUnits":"degrees","resolution":48,"winds":"true","scanMode":64,"nx":41,"ny":15,"basicAngle":0,"lo1":47.0,"la1":41.0,"lo2":87.0,"la2":55.0,"dx":1.0,"dy":1.0}, "data":
[rows 0 to 14 of 15, columns 0 to 40 of 41]
-2.1501539,-1.3401538,0.3998462,0.15984619,-0.1601538,1.3298461,-0.8001538,-3.9101539,-2.2901537,-1.1701539,-1.8901538,-2.2401538,-2.3101537,-2.9501538,-2.5601537,-2.4801538,-2.610154,-2.1701539,-3.5301538,-3.120154,-2.870154,-1.0501539,-1.1201538,-2.2801538,-0.3101538,-2.0701537,-3.5201538,-1.6001538,2.0698462,1.6698462,-0.090153806,2.5798461,0.18984619,0.31984618,2.5698462,2.899846,3.119846,3.1798463,3.2898462,2.899846,2.7898462
1.7298462,0.15984619,-2.1901538,-0.3701538,0.9998462,0.04984619,-2.350154,-3.0101538,-3.9901538,-2.860154,-2.3001537,-3.8201537,-3.3301537,-2.8301537,-2.4101539,-3.4101539,-3.5701537,-3.5901537,-2.3101537,-2.610154,-1.8301538,-1.2501538,-0.57015383,-3.6601539,-0.30015382,1.6598462,-1.3101538,1.4798462,-3.130154,-1.5501539,0.28984618,-0.4501538,3.2598462,-2.880154,0.3998462,0.119846195,-0.23015381,0.7698462,-1.6801538,0.059846193,0.089846194
0.019846192,-0.1601538,1.7598462,1.5798461,2.7898462,-2.3101537,-3.2801538,-1.7301538,-3.4801538,-3.4301538,-3.3101537,-3.7901537,-3.1601539,-3.380154,-3.3001537,-3.9601538,-4.5501537,-3.4201539,-2.1901538,-1.0201538,0.2098462,-2.6901538,-3.3401537,-2.600154,0.3598462,-0.6401538,-1.7501538,-1.3101538,-2.380154,-0.4501538,-1.1101538,2.619846,0.6598462,0.16984619,0.67984617,-0.6201538,0.3898462,0.61984617,0.6098462,2.9498463,1.7398462
-2.4601538,-3.1701539,-1.7601538,0.4098462,1.7698462,-2.2701538,-0.4201538,-2.6701539,-2.7301538,-2.4901538,-3.0801537,-3.4201539,-3.2701538,-3.4801538,-3.2101538,-3.2501538,-3.1901538,-2.9401538,-2.7001538,-1.1401538,-0.9901538,-1.7401538,-1.0601538,-2.5101538,-2.390154,-1.7801538,-1.0601538,-2.2101538,-0.03015381,1.3098462,-2.630154,-1.9801538,-2.850154,-2.4101539,-1.7101538,-1.9801538,-2.4501538,3.0398462,1.4798462,-0.050153807,1.0898461
-2.2301538,-2.0701537,-2.610154,-2.5001538,-2.9201539,-2.5001538,-2.4001539,-1.2801538,-2.1601539,-1.8801538,-2.0001538,-2.1601539,-2.5601537,-2.9901538,-3.350154,-2.850154,-2.4801538,-2.0901537,-1.9501538,-1.9501538,-1.8101538,-2.5301538,-2.4501538,-1.3501538,-0.4501538,-0.6601538,-0.2901538,0.9398462,1.1198462,0.3098462,2.2598462,-0.4201538,-1.7701538,1.9198462,3.0298462,0.4098462,0.8298462,0.4298462,0.3698462,-1.1501538,-1.8101538
-1.0001538,-1.5001538,-1.4401538,-1.9801538,-2.1501539,-2.3401537,-2.9001539,-2.880154,-2.0101538,-2.0601537,-2.140154,-1.9001538,-1.4701538,-2.4801538,-2.120154,-2.1701539,-1.9401538,-2.120154,-2.140154,-1.6301538,-2.100154,-1.0701538,-0.6401538,-1.2901539,-0.1901538,1.5998462,3.7198462,2.9598463,3.2198462,3.2798462,2.9298463,3.3198462,1.8398461,1.0898461,0.98984617,-0.2401538,1.4498461,2.359846,0.3998462,-1.7301538,-1.5601538
1.0498462,0.7798462,0.3698462,-0.2801538,-0.2801538,-0.4401538,-1.8401538,-2.4401538,-2.5701537,-1.9601538,-1.5801538,-0.76015383,-1.4001538,-0.8101538,-0.6601538,-0.5301538,0.119846195,0.7298462,0.3598462,0.06984619,1.9398462,2.389846,2.6998463,2.4498463,3.389846,3.4598463,5.739846,4.1798463,3.5198462,3.0198462,2.7698462,2.859846,3.9198463,-1.6201538,-2.0901537,-1.7301538,-1.2101538,2.7398462,2.8098462,2.0298462,-0.33015382
2.5698462,2.4298463,2.7098463,2.619846,2.0998461,2.149846,1.6998461,0.9998462,1.0798461,0.31984618,-0.3701538,0.5198462,1.5198462,2.0798461,1.6298462,1.1598462,0.8398462,1.0598462,1.2998462,2.3198462,3.0798461,2.4298463,2.4898462,3.0198462,4.009846,3.6698463,5.269846,4.209846,5.089846,3.9198463,4.819846,5.4498463,3.9598463,1.4798462,5.519846,8.499846,-1.4901538,-5.5901537,-5.8801537,-6.430154,-2.0201538
2.8498461,3.2198462,3.0198462,3.2898462,3.0998461,3.0798461,2.8198462,2.2198462,1.3898462,0.80984616,1.0998462,1.6898462,2.9598463,1.0998462,-0.5401538,-2.0301538,-2.850154,-2.9401538,-2.8101537,-1.9801538,-1.1401538,-2.9201539,-2.0101538,-0.30015382,-1.1201538,-0.7501538,0.7898462,2.149846,3.2898462,4.149846,3.7398462,4.919846,4.959846,3.4498463,4.8498464,4.589846,-0.9301538,0.029846191,0.16984619,0.9998462,1.8798462
3.2398462,3.4398463,3.4198463,3.3098462,3.0598462,2.9098463,2.2098463,0.7198462,0.8298462,1.3098462,2.379846,2.8198462,0.9498462,-2.7201538,-4.0301538,-3.3001537,-3.2401538,-1.7001538,-1.3501538,-1.5401539,-2.8001537,-1.4901538,-0.10015381,0.73984617,1.3498462,2.129846,2.369846,3.7498462,4.209846,4.779846,5.7898464,4.899846,4.1398463,4.129846,1.2098461,1.4998462,-1.0201538,-0.30015382,3.2398462,2.0098462,0.9798462
2.369846,2.899846,2.6898463,1.8398461,1.7598462,0.4998462,0.2698462,0.4298462,0.6998462,0.6898462,-0.5001538,-2.5901537,-3.1701539,-4.230154,-2.8001537,-2.4401538,-2.5301538,-1.3501538,-2.4701538,-2.1701539,-0.12015381,1.1298462,1.8698462,1.6898462,2.389846,2.5898461,2.7898462,4.6998463,5.359846,6.339846,6.1598463,5.8498464,5.109846,4.8898463,4.1798463,0.4998462,1.2098461,2.1698463,-0.3201538,1.8498462,1.5598462
0.8298462,0.28984618,2.2198462,1.9898462,0.61984617,-0.33015382,-2.2801538,-2.7101538,-2.9501538,-3.4101539,-3.6901538,-3.5501537,-3.1501539,-2.5701537,-1.9801538,-2.0001538,-0.6101538,1.1998461,-1.0101538,1.2098461,1.0898461,2.4598463,2.0598462,2.399846,3.109846,4.089846,3.9298463,5.549846,6.319846,6.319846,6.019846,6.3698463,5.549846,5.629846,5.1998463,4.4698462,6.3298464,6.3498464,3.6798463,0.21984619,-0.090153806
-0.3401538,-0.88015383,-1.5501539,-2.7101538,-3.0901537,-3.350154,-5.000154,-4.750154,-5.4401536,-1.8801538,-1.1301538,-1.2701538,-0.9001538,-0.7401538,1.0598462,1.2598462,1.2198462,2.149846,1.3398461,2.3398461,1.8598462,1.5698462,2.0698462,2.359846,4.6998463,4.169846,5.359846,5.5998464,5.5398464,5.9298463,6.009846,6.259846,6.009846,5.6798463,5.769846,6.009846,5.489846,3.4898462,4.5998464,1.2298462,1.1798462
-3.0401537,-2.7701538,-3.6801538,-4.4201536,-5.020154,-5.510154,-4.250154,-4.7101536,-1.0401539,-1.1001538,-1.6501538,-1.4201539,0.9798462,1.5798461,1.7898462,2.3198462,2.7098463,2.5198462,1.8198462,3.359846,3.5498462,3.4198463,4.3098464,4.5798464,4.6598463,4.499846,4.649846,5.149846,4.9498463,5.319846,5.3298464,5.3498464,5.669846,5.8698463,5.3698463,5.359846,4.3898463,4.1198463,3.129846,3.369846,1.5198462
-2.8301537,-2.2901537,-4.0501537,-4.8201537,-3.6801538,-2.9801538,-2.3201537,-2.5001538,-1.2901539,-1.0801538,-1.3701538,-0.9701538,-0.63015383,1.7198462,2.2898462,3.1698463,3.5198462,4.019846,2.3398461,4.0998464,3.5998461,3.8398461,3.8398461,4.759846,4.749846,4.919846,5.009846,5.259846,5.459846,5.509846,5.749846,5.799846,5.729846,5.5998464,5.609846,5.9298463,4.939846,5.609846,5.459846,3.9698462,1.7998462
