wind.json
{"header": {"discipline":0,"disciplineName":"Meteorological products","gribEdition":2,"gribLength":1211,"center":7,"centerName":"US National Weather Service - NCEP(WMC)","subcenter":0,"refTime":"2023-05-29T18:00:00.000Z","significanceOfRT":1,"significanceOfRTName":"Start of forecast","productStatus":0,"productStatusName":"Operational products","productType":1,"productTypeName":"Forecast products","productDefinitionTemplate":0,"productDefinitionTemplateName":"Analysis/forecast at horizontal level/layer at a point in time","parameterCategory":2,"parameterCategoryName":"UnknownDiscipline_0_Category_2","parameterNumber":2,"parameterNumberName":"UnknownParameter_D0_C2_2","parameterUnit":"Unknown","genProcessType":2,"genProcessTypeName":"Forecast","forecastTime":300,"surface1Type":103,"surface1TypeName":"Specified height level above ground","surface1Value":10.0,"surface2Type":255,"surface2TypeName":"Missing","surface2Value":0.0,"gridDefinitionTemplate":0,"gridDefinitionTemplateName":"Latitude_Longitude","numberPoints":688,"shape":6,"shapeName":"Earth spherical with radius of 6,371,229.0 m","gridUnits":"degrees","resolution":48,"winds":"true","scanMode":64,"nx":43,"ny":16,"basicAngle":0,"lo1":45.0,"la1":40.0,"lo2":87.0,"la2":55.0,"dx":1.0,"dy":1.0}, "data":
[rows 0 to 15 of 16, columns 0 to 42 of 43]
2.020764,-1.0692358,-2.2792358,0.34076416,2.080764,3.020764,1.4307642,0.9407642,1.1807642,1.2207642,2.330764,4.130764,3.290764,3.9207642,3.6107643,3.0107641,0.92076415,-3.2892358,-3.689236,-4.569236,-1.5192358,-1.9992359,-4.6692357,-0.6192358,-1.9792359,-1.4692359,0.32076415,0.53076416,0.72076416,0.90076417,0.65076417,-0.78923583,-1.9592358,0.91076416,0.10076416,-0.89923584,0.85076416,0.8907642,-0.7392358,-0.15923584,-3.7892358,-4.719236,-4.969236
-0.33923584,6.390764,2.9707642,1.6607642,-2.7392359,2.6407642,2.6207643,2.330764,3.3507643,2.300764,4.7307644,4.180764,3.4407642,3.570764,3.790764,3.1307642,2.7507641,-0.34923583,-1.0692358,-4.069236,-4.299236,-4.369236,-4.529236,-2.169236,2.770764,2.270764,-1.9692359,-0.59923583,0.22076416,0.6907642,0.01076416,1.1307641,1.0807642,-0.13923584,0.02076416,-0.5492358,-3.3092358,-5.039236,-4.349236,-5.009236,-3.5592358,-4.359236,-4.509236
1.7407641,0.6907642,1.4807642,-1.9292358,2.9807642,4.1207643,3.830764,3.300764,3.7207642,3.2107642,3.810764,4.640764,5.150764,5.130764,4.920764,4.860764,3.9807642,1.6107641,-0.21923584,-1.1792358,-2.0492358,-2.4892359,-2.8292358,-2.6192358,0.92076415,1.1007642,0.25076416,-0.70923585,0.72076416,-0.09923584,2.830764,1.8007642,0.13076416,0.90076417,0.42076415,-0.09923584,0.72076416,-1.4092358,-2.5892358,-3.1492357,0.90076417,-0.64923584,1.8407642
0.8807642,0.55076414,2.7307642,5.0207644,2.9707642,0.98076415,1.9807642,1.8307642,3.2107642,2.280764,3.320764,3.080764,2.780764,5.160764,5.0407643,4.8307643,2.2607641,1.6207641,2.9207642,-0.89923584,-1.6492358,-1.7692358,-2.5392358,-1.1392359,-2.2392359,-4.859236,-1.3892359,-1.5092359,-1.5492358,0.47076416,2.1607642,1.2507641,1.6407641,-1.1392359,-0.51923585,1.9207642,2.2507641,2.9307642,1.5307641,0.48076415,1.6407641,4.880764,1.4807642
4.030764,5.780764,3.310764,-1.7692358,-0.9192358,0.5207642,0.97076416,-0.99923587,1.3907641,3.5107641,4.530764,4.470764,3.7307642,3.820764,3.9207642,-0.05923584,-1.0992359,-3.449236,-3.939236,-3.3192358,-2.6492357,-2.8192358,-2.419236,-2.5892358,2.1807642,1.1107641,0.48076415,-0.50923586,0.04076416,1.5707642,0.21076415,0.03076416,-3.2692358,-0.65923584,-3.8992357,0.32076415,1.5007641,0.16076416,1.7107642,1.9407642,1.1207641,3.4807642,2.4007642
-3.7392359,-1.6492358,-4.6492357,-6.009236,-4.4792356,-3.459236,-0.39923584,2.3507643,5.0407643,5.780764,5.130764,4.7307644,2.560764,-1.1592358,-0.6092358,-3.469236,-6.869236,-7.2492356,-6.6292357,-4.239236,-3.5492358,-3.409236,-3.2692358,-1.2092358,-0.35923585,0.15076417,4.280764,4.2507644,3.770764,0.26076415,4.160764,2.8507643,3.590764,4.010764,4.7907643,3.1407642,-0.78923583,0.02076416,3.2207642,2.560764,0.32076415,1.8207642,1.9707642
-4.559236,-5.3792357,-5.679236,-4.9792356,-5.549236,-4.719236,-3.179236,-0.63923585,1.0307641,2.4207642,2.4607642,-1.2592359,-4.809236,-7.739236,-9.979236,-6.839236,-7.059236,-9.599236,-7.079236,-5.409236,-4.639236,-3.409236,-4.1892357,-3.7992358,-0.87923586,1.0107641,1.1507641,2.9207642,3.9907641,0.29076415,5.0007644,5.2307644,4.610764,3.4307642,4.300764,3.9107642,2.9207642,3.6507642,4.940764,3.830764,9.700764,4.0607643,1.2207642
-6.839236,-6.839236,-6.6892357,-6.9792356,-6.5192356,-6.659236,-6.2492356,-6.239236,-6.9792356,-7.659236,-8.339236,-7.869236,-8.789236,-10.729236,-10.509235,-10.809236,-9.689236,-9.599236,-7.009236,-5.0192356,-3.0892358,-0.59923583,-1.5992359,-0.6692358,0.23076417,0.68076414,2.320764,3.050764,4.3707643,4.5207644,5.9807644,4.970764,6.670764,4.210764,1.4607642,1.4807642,-0.12923583,2.4507642,2.7207642,0.47076416,4.2707644,-0.06923584,-0.63923585
-7.389236,-7.359236,-7.429236,-7.6292357,-7.6292357,-7.549236,-7.4792356,-8.349236,-8.779236,-9.899236,-10.069236,-10.039236,-10.3892355,-10.709236,-9.699236,-9.539236,-7.759236,-5.9792356,-4.7292356,-3.199236,-1.9492358,0.07076416,1.1707642,1.1207641,2.1207643,4.190764,5.110764,5.630764,5.840764,4.340764,5.920764,7.390764,7.6007643,7.660764,3.290764,4.460764,6.260764,6.640764,-0.36923584,-0.10923584,5.180764,3.8907642,4.760764
-6.9592357,-7.779236,-7.869236,-8.159236,-7.309236,-6.779236,-6.7492356,-7.2092357,-7.299236,-8.679235,-8.6392355,-8.919236,-8.949236,-8.589236,-7.799236,-6.569236,-6.789236,-5.279236,-4.489236,-3.5292358,-2.479236,-1.3692359,0.39076415,-0.35923585,-0.37923583,2.0107641,5.340764,4.2507644,3.6907642,3.6207643,5.160764,6.2307644,7.970764,5.890764,9.700764,9.410764,6.430764,5.380764,1.9707642,3.090764,2.1407642,0.37076417,2.820764
-7.079236,-6.4992356,-6.619236,-6.7492356,-7.259236,-7.819236,-7.429236,-7.079236,-7.1692357,-7.989236,-7.289236,-8.019236,-6.109236,-7.7092357,-5.889236,-5.259236,-5.389236,-4.3792357,-3.8592358,-3.2792358,-2.6092358,-0.99923587,-0.00923584,0.5807642,0.66076416,-0.78923583,-1.0792358,-0.70923585,-2.1092358,-2.4992359,-1.4592358,-0.6192358,-0.71923584,1.3807641,2.9707642,5.220764,3.3807642,7.340764,-1.5892358,-0.82923585,2.6907642,2.4807642,1.9507642
-5.5192356,-3.409236,-4.2692356,-4.819236,-6.059236,-6.869236,-6.219236,-6.6292357,-6.3792357,-6.659236,-6.239236,-5.549236,-6.239236,-5.6892357,-5.069236,-4.599236,-2.699236,-1.8692359,-1.0592358,-0.84923583,0.78076416,0.86076415,2.1107643,2.4407642,1.4707642,1.0207641,1.1207641,0.22076416,0.25076416,-0.07923584,0.12076416,1.6807642,1.6707642,1.7607641,0.27076417,0.15076417,1.2507641,0.72076416,2.6207643,2.6507642,1.9307642,2.8607643,3.7207642
-4.529236,-4.719236,-4.159236,-3.679236,-3.8092358,-3.5192358,-3.3192358,-3.969236,-4.009236,-4.529236,-4.1292357,-2.8092358,-2.939236,-3.409236,-3.3492358,-2.659236,-2.219236,-0.8092358,0.72076416,1.7507641,3.1107643,2.8907642,2.9707642,3.320764,3.3807642,3.4507642,3.7107642,4.5207644,4.160764,4.760764,5.360764,5.200764,3.290764,1.2607641,1.2707641,-1.4792359,0.19076416,0.78076416,2.7207642,2.570764,2.7307642,6.210764,2.8807642
-4.079236,-3.8292358,-3.1392357,-4.079236,-2.949236,-3.729236,-3.2792358,-2.729236,-3.459236,-3.729236,-4.469236,-0.48923585,-0.74923587,-0.77923584,-1.2592359,-0.41923583,0.19076416,1.1007642,2.1007643,2.2307642,2.1607642,3.3707643,4.440764,5.1007643,5.2707644,5.7307644,5.660764,5.6007643,7.0607643,7.510764,6.7907643,6.6007643,5.2507644,4.880764,4.700764,0.79076415,1.0207641,0.24076416,2.4107642,0.11076416,4.760764,4.150764,2.5107641
-3.219236,-2.5892358,-2.8692358,-3.2992358,-2.8792357,-3.5792358,-3.729236,-3.2492359,-3.3392358,-3.229236,-3.0892358,-2.7992358,0.36076415,2.3607643,1.6507641,0.44076416,2.2407641,3.590764,4.460764,4.260764,4.660764,4.970764,4.890764,5.130764,5.680764,6.090764,7.630764,7.030764,6.210764,4.860764,5.3507643,6.410764,5.260764,5.860764,6.7707644,4.930764,4.090764,2.530764,1.8507642,0.7707642,3.330764,0.44076416,2.3907642
-2.8892357,-2.429236,-2.3892357,-2.439236,-4.089236,-3.0992358,-3.0692358,-3.1092358,-2.3592358,-2.1092358,-1.5292358,-0.63923585,0.67076415,-0.07923584,2.4007642,3.330764,4.150764,4.610764,5.2707644,5.420764,5.260764,5.570764,5.800764,6.0207644,6.210764,6.7907643,7.3107643,8.320765,6.160764,5.320764,3.6207643,3.090764,4.860764,5.6007643,7.030764,7.5007644,6.220764,5.650764,3.540764,2.6407642,3.8807642,1.8807641,2.4607642
