wind_kz.json
{"header": {"discipline":0,"disciplineName":"Meteorological products","gribEdition":2,"gribLength":948,"center":7,"centerName":"US National Weather Service - NCEP(WMC)","subcenter":0,"refTime":"2024-02-03T00:00:00.000Z","significanceOfRT":1,"significanceOfRTName":"Start of forecast","productStatus":0,"productStatusName":"Operational products","productType":1,"productTypeName":"Forecast products","productDefinitionTemplate":0,"productDefinitionTemplateName":"Analysis/forecast at horizontal level/layer at a point in time","parameterCategory":0,"parameterCategoryName":"UnknownDiscipline_0_Category_0","parameterNumber":0,"parameterNumberName":"UnknownParameter_D0_C0_0","parameterUnit":"Unknown","genProcessType":2,"genProcessTypeName":"Forecast","forecastTime":60,"surface1Type":1,"surface1TypeName":"Ground or water surface","surface1Value":0.0,"surface2Type":255,"surface2TypeName":"Missing","surface2Value":0.0,"gridDefinitionTemplate":0,"gridDefinitionTemplateName":"Latitude_Longitude","numberPoints":615,"shape":6,"shapeName":"Earth spherical with radius of 6,371,229.0 m","gridUnits":"degrees","resolution":48,"winds":"true","scanMode":64,"nx":41,"ny":15,"basicAngle":0,"lo1":47.0,"la1":41.0,"lo2":87.0,"la2":55.0,"dx":1.0,"dy":1.0}, "data":
[rows 0 to 14 of 15, columns 0 to 40 of 41]
285.09088,275.09088,282.49088,280.59088,280.89087,282.09088,285.29086,288.89087,285.29086,286.69086,285.19086,284.89087,283.39087,283.39087,283.49088,282.29086,281.89087,281.09088,284.09088,281.19086,281.29086,280.19086,280.29086,273.99088,276.59088,278.29086,269.19086,255.39087,250.69087,251.89087,254.19087,248.89087,257.09088,268.79086,269.49088,270.09088,269.69086,270.19086,270.39087,269.29086,270.29086
261.39087,282.99088,280.49088,280.19086,280.79086,281.39087,286.09088,284.89087,285.79086,285.99088,285.99088,284.09088,283.79086,282.99088,276.69086,274.49088,282.19086,281.59088,280.89087,281.99088,280.69086,279.89087,273.79086,268.69086,249.89087,253.69087,260.89087,253.29086,254.99088,250.19087,257.69086,243.89087,263.99088,237.19087,245.09087,259.89087,266.99088,267.59088,268.99088,262.49088,264.49088
283.79086,279.19086,280.19086,280.39087,280.49088,282.39087,282.89087,282.79086,282.49088,282.19086,282.69086,279.99088,279.99088,280.49088,273.39087,272.79086,273.49088,272.89087,273.49088,273.49088,273.69086,274.79086,274.49088,268.89087,272.49088,270.59088,268.09088,267.39087,269.49088,261.79086,252.89087,252.09087,254.59087,252.99088,252.19087,258.39087,251.79086,250.79086,251.19087,251.49088,248.59087
281.59088,276.09088,277.99088,279.19086,279.99088,280.79086,278.29086,279.79086,282.59088,281.19086,281.39087,280.89087,281.19086,281.99088,274.09088,272.79086,273.39087,272.19086,271.09088,272.79086,273.39087,266.49088,271.79086,270.59088,271.49088,271.19086,270.49088,269.19086,264.59088,263.99088,261.19086,262.09088,269.69086,261.39087,257.39087,260.69086,251.99088,249.19087,258.79086,254.59087,256.89087
279.39087,272.99088,271.99088,273.29086,276.29086,279.39087,276.49088,279.09088,278.69086,275.59088,274.99088,276.19086,279.09088,279.09088,278.29086,273.29086,272.79086,272.79086,272.69086,270.19086,269.29086,269.69086,267.39087,268.39087,268.39087,268.19086,266.29086,264.79086,270.79086,269.49088,269.29086,266.79086,258.59088,246.79086,257.79086,252.89087,257.79086,255.69087,256.89087,259.09088,259.19086
278.69086,278.39087,273.09088,272.99088,272.39087,272.99088,279.39087,276.69086,275.99088,276.29086,273.89087,274.19086,278.49088,279.29086,274.29086,273.89087,272.09088,272.49088,271.59088,270.99088,268.69086,267.19086,267.29086,265.69086,265.29086,263.79086,263.69086,263.79086,263.69086,265.49088,264.49088,267.29086,260.59088,258.39087,260.69086,262.39087,261.39087,262.09088,259.69086,257.39087,256.99088
274.29086,275.99088,277.99088,277.99088,274.09088,277.49088,277.69086,275.39087,273.79086,273.59088,273.39087,273.19086,273.19086,273.49088,273.19086,272.29086,271.39087,272.09088,270.79086,270.19086,269.89087,267.69086,265.59088,264.99088,262.39087,260.09088,255.09087,257.89087,257.89087,259.79086,258.89087,259.39087,259.29086,258.79086,257.99088,259.19086,260.09088,260.09088,257.09088,256.19086,257.69086
274.09088,274.09088,273.69086,274.19086,274.39087,274.69086,274.09088,273.19086,273.19086,273.19086,273.19086,273.19086,273.19086,273.19086,273.39087,273.19086,272.39087,271.89087,270.39087,269.49088,270.99088,269.59088,264.39087,264.29086,262.69086,258.49088,258.99088,252.29086,252.99088,252.69087,253.59087,253.59087,253.79086,256.19086,254.19087,248.49088,251.79086,257.79086,259.99088,260.39087,255.89087
273.29086,273.29086,273.39087,273.49088,273.19086,273.39087,273.19086,273.19086,273.09088,273.19086,273.19086,273.09088,273.09088,273.19086,273.19086,273.19086,272.49088,271.39087,270.29086,269.99088,268.59088,269.69086,267.89087,262.89087,263.59088,262.19086,257.39087,256.99088,255.69087,255.29086,253.49088,256.29086,260.59088,263.89087,257.89087,255.59087,255.19087,255.29086,250.39087,251.29086,249.89087
273.19086,273.19086,273.19086,273.19086,273.19086,273.19086,273.19086,273.09088,273.09088,273.19086,272.89087,272.59088,273.19086,273.19086,273.19086,273.19086,272.59088,271.99088,271.09088,270.59088,269.29086,268.39087,268.29086,267.69086,264.89087,263.79086,262.59088,262.59088,262.29086,258.49088,263.69086,267.39087,267.29086,264.79086,259.99088,256.69086,259.39087,256.49088,252.49088,255.39087,251.19087
272.09088,272.79086,272.49088,272.09088,272.49088,273.19086,273.09088,272.79086,273.19086,272.79086,272.49088,272.69086,273.09088,273.19086,272.99088,273.09088,272.69086,272.19086,272.09088,271.39087,270.69086,271.09088,269.29086,268.79086,268.09088,266.69086,267.59088,266.09088,266.19086,263.79086,265.19086,265.89087,266.29086,265.29086,263.69086,257.39087,261.49088,259.89087,257.99088,260.59088,255.49088
270.39087,269.89087,271.19086,270.79086,270.89087,271.49088,271.29086,271.69086,272.09088,271.59088,271.69086,271.69086,272.89087,272.59088,272.99088,273.19086,273.19086,273.19086,272.79086,272.19086,271.89087,272.09088,271.99088,271.19086,270.69086,269.19086,268.09088,268.09088,266.49088,264.49088,264.29086,263.49088,265.49088,264.19086,264.09088,262.49088,261.19086,261.19086,261.39087,261.09088,262.89087
270.99088,270.09088,271.09088,269.89087,270.89087,271.09088,270.89087,268.39087,270.29086,271.89087,270.99088,270.19086,272.19086,272.29086,272.59088,273.19086,273.19086,273.09088,273.19086,273.09088,272.79086,272.39087,272.19086,271.69086,271.69086,270.89087,270.19086,268.69086,266.39087,266.59088,265.79086,263.39087,262.79086,264.79086,264.09088,263.29086,261.59088,265.49088,263.49088,261.89087,261.99088
271.39087,271.19086,270.39087,268.09088,268.19086,269.19086,269.19086,269.69086,270.29086,269.69086,269.69086,269.39087,269.49088,272.19086,273.19086,272.89087,273.09088,273.19086,273.19086,273.19086,273.19086,272.99088,273.19086,273.09088,272.29086,271.79086,270.79086,269.49088,268.29086,266.09088,264.99088,263.89087,264.09088,264.89087,265.69086,264.79086,265.79086,264.19086,258.39087,264.29086,264.59088
269.49088,269.79086,268.79086,269.49088,269.39087,269.29086,268.89087,269.99088,268.59088,270.69086,271.19086,268.69086,268.89087,270.69086,272.39087,273.19086,273.09088,272.79086,273.09088,273.09088,273.09088,273.09088,272.89087,272.99088,272.09088,270.69086,269.39087,267.39087,266.29086,265.59088,264.59088,263.89087,263.89087,264.39087,264.79086,265.39087,266.19086,265.09088,263.39087,265.59088,266.69086
