wind_kz.json
{"header": {"discipline":0,"disciplineName":"Meteorological products","gribEdition":2,"gribLength":1025,"center":7,"centerName":"US National Weather Service - NCEP(WMC)","subcenter":0,"refTime":"2023-08-21T18:00:00.000Z","significanceOfRT":1,"significanceOfRTName":"Start of forecast","productStatus":0,"productStatusName":"Operational products","productType":1,"productTypeName":"Forecast products","productDefinitionTemplate":0,"productDefinitionTemplateName":"Analysis/forecast at horizontal level/layer at a point in time","parameterCategory":2,"parameterCategoryName":"UnknownDiscipline_0_Category_2","parameterNumber":3,"parameterNumberName":"UnknownParameter_D0_C2_3","parameterUnit":"Unknown","genProcessType":2,"genProcessTypeName":"Forecast","forecastTime":180,"surface1Type":103,"surface1TypeName":"Specified height level above ground","surface1Value":10.0,"surface2Type":255,"surface2TypeName":"Missing","surface2Value":0.0,"gridDefinitionTemplate":0,"gridDefinitionTemplateName":"Latitude_Longitude","numberPoints":615,"shape":6,"shapeName":"Earth spherical with radius of 6,371,229.0 m","gridUnits":"degrees","resolution":48,"winds":"true","scanMode":64,"nx":41,"ny":15,"basicAngle":0,"lo1":47.0,"la1":41.0,"lo2":87.0,"la2":55.0,"dx":1.0,"dy":1.0}, "data":
[rows 0 to 14 of 15, columns 0 to 40 of 41]
4.597556,0.5975562,-1.2424438,-1.5224439,-3.2424438,-5.002444,-4.6224437,-4.1824436,-4.902444,-6.862444,-5.1024437,-4.522444,-1.9224439,-1.1124438,0.13755615,-1.0324439,-2.3024437,-2.7224438,0.5275562,-1.9624438,-6.762444,-3.6724439,4.0875564,0.5275562,3.9575562,0.72755617,0.32755616,0.91755617,-1.5724438,3.2575562,2.8275561,2.7175562,1.3375561,-3.9724438,-3.9624438,-4.652444,-4.172444,1.1075561,0.117556155,-1.8424438,-0.51244384
0.25755614,0.04755615,-1.6124438,-4.442444,-3.8024437,-5.452444,-4.982444,-4.882444,-2.872444,-3.0324438,-4.6824436,-4.652444,-6.0424438,-4.532444,-4.422444,-3.0124438,-2.1924438,-0.94244385,0.0075561525,-1.4524438,-3.5124438,-3.7024438,-3.092444,7.947556,4.137556,5.137556,3.5875561,3.7375562,0.31755614,3.2475562,-0.032443848,4.5675564,1.8975562,0.7875562,-1.1424439,-2.632444,-0.0024438477,2.7175562,0.66755617,2.7375562,0.55755615
0.16755615,-1.0424439,-2.0424438,-3.3124437,-4.0424438,-3.9824438,-4.702444,-5.402444,-5.5824437,-7.112444,-7.572444,-6.012444,-5.192444,-4.8324437,-4.152444,-4.0824437,-3.7124438,-1.9224439,-2.2824438,-1.8624438,-2.132444,-3.2824438,-2.8024437,0.14755616,0.54755616,-0.68244386,-3.2724438,-2.6924438,-1.4424438,0.50755614,3.597556,5.8975563,-0.36244383,3.0275562,0.017556153,-0.88244385,2.9675562,0.5375562,-0.55244386,4.477556,6.6675563
0.5375562,-0.70244384,-1.4624438,-2.3124437,-3.6624439,-4.032444,-4.8524437,-5.532444,-6.192444,-6.5624437,-6.922444,-6.5824437,-8.092443,-5.5624437,-5.3724437,-3.9224439,-2.092444,-2.652444,1.4575561,2.0675561,3.117556,3.0675561,0.20755616,-4.382444,-2.7824438,-0.38244385,-6.342444,1.6775562,0.13755615,1.8475561,3.147556,2.647556,0.74755615,1.1675562,1.6475562,2.0175562,3.4775562,3.347556,-4.342444,-1.5724438,-2.9424438
-1.1124438,-2.2924438,-1.6224438,-2.5024438,-1.4324439,-2.352444,-3.7224438,-4.262444,-5.172444,-5.232444,-6.072444,-6.1824436,-6.032444,-6.092444,-5.3724437,-3.582444,-4.3124437,-2.0524437,-1.5124439,-1.0824438,1.2275561,1.3875562,3.9975562,5.3975563,1.3775562,-2.0224438,-1.2224438,-1.1924438,4.657556,6.027556,2.147556,-0.73244387,0.077556156,3.5575562,0.43755615,2.3275561,-4.802444,1.4575561,0.5975562,-0.95244384,-3.3124437
-1.1924438,-2.0424438,-4.1824436,-3.9624438,-3.9224439,-4.6424437,-3.9524438,-4.6424437,-4.862444,-4.442444,-5.1024437,-4.762444,-5.452444,-4.752444,-3.3124437,-2.4724438,-3.0224438,-2.842444,-0.57244384,0.51755613,2.5475562,0.35755616,-0.80244386,1.8475561,7.847556,7.227556,3.6975563,-3.5524437,7.0875564,8.157557,5.327556,3.8075562,2.367556,0.97755617,-1.2924439,-3.0124438,-2.2424438,-3.7324438,1.9075562,1.1975561,-0.69244385
-2.142444,-3.0624437,-2.872444,-3.2924438,-4.5824437,-4.972444,-5.202444,-5.1024437,-5.152444,-5.4324436,-5.842444,-5.782444,-6.1024437,-4.3324437,-2.7424438,-1.3624438,-1.1124438,-0.63244385,-1.5324439,2.2275562,2.147556,0.62755615,1.8075562,1.5875561,10.137556,6.9375563,4.927556,6.807556,9.787556,9.167556,7.497556,6.757556,3.427556,1.4175562,1.2375561,0.51755613,2.7175562,4.867556,3.667556,4.6475563,-0.102443844
-2.2424438,-2.822444,-4.512444,-5.1624436,-5.192444,-5.322444,-5.632444,-5.472444,-5.472444,-6.3524437,-7.4124436,-7.472444,-7.222444,-8.882443,-5.1424437,0.79755616,-0.102443844,-0.99244386,-0.51244384,1.4375561,0.16755615,0.28755614,-1.7024438,0.22755615,4.217556,6.467556,8.047556,1.0775561,9.127556,8.177556,7.077556,6.347556,6.557556,3.7475562,-0.86244386,0.45755616,-1.8724438,-2.0024438,0.48755616,0.08755615,0.49755615
-3.9424438,-4.7924438,-5.072444,-5.0624437,-5.552444,-5.882444,-6.002444,-6.1624436,-5.772444,-6.702444,-8.072444,-8.562444,-9.372444,-9.122444,-7.022444,1.0675561,1.9775561,0.56755614,-0.45244384,-0.16244385,0.88755614,-0.35244384,-2.7824438,-0.23244385,4.177556,2.4675562,5.767556,3.147556,8.347556,7.597556,6.997556,5.747556,5.247556,2.0075562,-2.0224438,-5.092444,-2.7324438,-2.6824439,3.8275561,3.377556,2.5775561
-3.842444,-4.652444,-5.232444,-4.732444,-5.132444,-5.512444,-6.1424437,-6.8324437,-7.032444,-6.3724437,-7.5424438,-8.512444,-9.742444,-9.342443,-9.632443,-0.5924438,0.99755615,2.9675562,0.31755614,0.8975561,0.28755614,-0.73244387,0.09755615,-2.5124438,2.9875562,3.7175562,7.4375563,3.877556,6.787556,5.0675564,5.697556,4.477556,6.7075562,2.6975563,-0.35244384,-3.2024438,-0.7924439,1.5475562,-0.012443848,-0.49244386,1.2275561
-2.4924438,-3.5324438,-4.4324436,-4.702444,-4.502444,-5.5624437,-6.262444,-6.4124436,-6.782444,-7.192444,-5.7924438,-6.5624437,-8.862444,-10.072444,-9.882443,-9.672443,-0.92244387,1.0875561,2.647556,1.6475562,2.1975563,1.7475562,1.6175561,1.6975561,2.1975563,3.9675562,5.3975563,3.8175561,0.45755616,3.0675561,2.2775562,3.2675562,7.8975563,6.0675564,3.0075562,1.9075562,2.5375562,0.33755615,1.0475562,0.93755615,0.94755614
-2.612444,-3.2624438,-3.9324439,-3.7224438,-4.462444,-5.152444,-5.942444,-6.442444,-7.192444,-6.982444,-6.452444,-6.202444,-8.152444,-8.722444,-9.102444,-7.962444,-7.8324437,-4.612444,1.7475562,2.8075562,2.5375562,3.377556,2.4575562,3.157556,3.0775561,3.2275562,3.9375563,1.0175562,1.5875561,1.6275562,3.417556,3.677556,3.9575562,8.647556,4.5875564,1.6775562,0.32755616,-0.86244386,-1.7824439,-0.52244383,-0.81244385
-2.392444,-3.592444,-4.522444,-3.4824438,-3.602444,-3.4124439,-5.382444,-6.5424438,-7.842444,-6.6224437,-4.202444,-5.0624437,-7.092444,-7.8924437,-8.562444,-8.132443,-6.362444,-5.282444,-2.332444,1.2575562,2.0175562,3.147556,4.077556,4.987556,4.887556,4.507556,3.7775562,3.9575562,1.8475561,-0.21244384,1.0975561,2.7375562,2.0075562,-1.9624438,3.887556,4.737556,3.667556,1.8175561,2.5375562,2.397556,1.0975561
-2.4424438,-3.2324438,-4.262444,-4.1624436,-4.902444,-4.862444,-5.0824437,-5.952444,-6.3724437,-6.1024437,-2.0024438,-2.2224438,-5.732444,-7.482444,-8.152444,-7.9324436,-5.9324436,-6.052444,-5.842444,-0.51244384,1.1975561,4.257556,2.857556,4.237556,4.1275563,5.867556,5.717556,4.797556,3.1975563,2.4575562,2.0875561,1.3475561,1.4275562,1.8075562,-2.9424438,1.2275561,2.9375563,3.347556,3.5475562,3.0575562,2.667556
-0.8424438,-2.7124438,-3.832444,-3.7424438,-4.282444,-3.7424438,-4.532444,-5.112444,-5.8924437,-5.5424438,-3.842444,-4.572444,-2.8124437,-4.732444,-7.842444,-7.742444,-7.732444,-5.262444,-6.1024437,-5.0624437,0.0075561525,-1.2624439,4.467556,4.6475563,5.597556,5.757556,5.727556,4.977556,5.7075562,4.1475563,2.7575562,0.7075561,0.8975561,1.4975562,0.75755614,-2.2124438,2.607556,3.5675561,2.9675562,4.547556,1.9575561
