wind_kz.json
{"header": {"discipline":0,"disciplineName":"Meteorological products","gribEdition":2,"gribLength":1025,"center":7,"centerName":"US National Weather Service - NCEP(WMC)","subcenter":0,"refTime":"2023-09-23T06:00:00.000Z","significanceOfRT":1,"significanceOfRTName":"Start of forecast","productStatus":0,"productStatusName":"Operational products","productType":1,"productTypeName":"Forecast products","productDefinitionTemplate":0,"productDefinitionTemplateName":"Analysis/forecast at horizontal level/layer at a point in time","parameterCategory":2,"parameterCategoryName":"UnknownDiscipline_0_Category_2","parameterNumber":3,"parameterNumberName":"UnknownParameter_D0_C2_3","parameterUnit":"Unknown","genProcessType":2,"genProcessTypeName":"Forecast","forecastTime":300,"surface1Type":103,"surface1TypeName":"Specified height level above ground","surface1Value":10.0,"surface2Type":255,"surface2TypeName":"Missing","surface2Value":0.0,"gridDefinitionTemplate":0,"gridDefinitionTemplateName":"Latitude_Longitude","numberPoints":615,"shape":6,"shapeName":"Earth spherical with radius of 6,371,229.0 m","gridUnits":"degrees","resolution":48,"winds":"true","scanMode":64,"nx":41,"ny":15,"basicAngle":0,"lo1":47.0,"la1":41.0,"lo2":87.0,"la2":55.0,"dx":1.0,"dy":1.0}, "data":
[rows 0 to 14 of 15, columns 0 to 40 of 41]
-1.2989917,-1.7989917,-0.5889917,-1.0889916,2.9210083,0.5810083,-1.5889916,-2.1589918,1.1710083,-0.1789917,-1.2789917,-1.6189917,-2.4689918,-2.9889917,-2.8089917,-2.5289917,-0.7189917,-0.3689917,-0.8289917,1.2510083,-1.2989917,0.4110083,-0.5989917,-2.0589917,-2.5189917,-1.5389917,-1.9189917,1.2810082,2.7410083,0.15100831,1.0110083,1.2010083,0.4210083,0.3510083,1.1710083,0.1110083,-1.4289917,0.2810083,-0.9789917,-1.3189917,-0.9689917
4.7510085,-1.6489917,-4.1089916,3.5910082,3.0210083,-0.2789917,-2.1889918,1.0410084,1.7710083,1.2110083,-1.2489917,-2.0189917,-3.6789918,-3.7789917,-3.6989918,-3.8189917,-2.0489917,2.0410082,-1.4089917,-2.0389917,1.8510083,0.6810083,1.0210083,1.6110083,0.8910083,-1.2589917,-2.2889917,2.1710083,0.2410083,2.0110083,1.2910084,2.5610082,-0.9789917,-1.2789917,-3.4189918,-0.4589917,-0.9389917,-1.8489918,-0.9289917,-1.8489918,0.5410083
-5.7689915,-9.288992,-3.3789916,0.0610083,-0.2189917,-0.9889917,-0.2689917,-1.5989918,-1.2389917,-1.0789917,-1.1989917,-0.8889917,-2.7589917,-3.5989916,-4.0189915,-1.7289917,-2.5489917,-1.6189917,-1.3289917,3.1410084,-0.0989917,-0.078991696,0.2710083,0.1810083,0.5910083,1.3410083,1.3510083,0.8410083,0.2610083,2.2510083,1.6210083,0.5210083,1.7110083,-0.8889917,-0.0989917,3.7610083,4.571008,0.1210083,-0.5589917,-0.1289917,0.0010083008
-6.0489917,-12.608992,-6.9689918,-3.1789918,-3.6889918,1.1110083,-0.3989917,-0.1889917,-0.1989917,-2.1589918,-1.1689917,-0.7489917,-2.0889916,-2.7989917,-3.3089917,-2.7489917,-3.8389916,-4.058992,-3.1289916,1.5110083,-0.6589917,-0.1689917,2.2010083,1.6110083,0.3510083,-0.0089917,0.2410083,-1.3489918,1.2710083,0.2710083,1.1110083,-0.4389917,-0.9289917,0.3410083,0.8910083,-2.3189917,-1.3189917,1.8810083,4.2010083,0.6510083,0.4610083
-7.388992,-12.778992,-12.528992,-5.678992,-2.9989917,1.7210083,1.6010083,1.4010082,0.2410083,-0.5189917,-1.3189917,0.9010083,-0.5889917,-3.0589917,-4.8189917,-2.6589918,-3.4189918,-3.4989917,-2.7789917,-1.4189917,-0.8789917,1.3410083,0.9510083,0.8510083,1.2210083,-0.7589917,-1.1689917,-2.2089918,-1.9189917,1.5610083,0.7510083,0.7910083,2.0510082,2.8110082,-0.1589917,-1.6489917,0.5110083,-1.2089916,-1.3089917,-1.7689917,-2.0689917
-2.3689916,-6.198992,-10.458992,-11.128992,-2.8989916,0.5010083,0.2210083,1.9710083,-0.3989917,-1.4089917,-2.4289918,-1.5489917,1.0310082,-1.0689917,-1.7289917,-2.5189917,-2.6389916,-2.6289916,-2.8289917,-2.3789916,-1.6389917,0.8410083,3.1810083,1.9410083,2.0110083,0.9310083,0.0810083,-1.8289917,-0.8789917,-0.6689917,-1.5789917,-0.8889917,-0.6789917,1.9710083,1.8110083,5.7910085,2.2510083,3.6910083,0.8610083,-1.5889916,-1.6489917
0.8410083,2.0710082,-6.1089916,-8.738992,-6.4789915,0.2610083,0.9310083,0.5210083,0.3710083,1.2410083,-0.7889917,-1.3389916,-2.1589918,1.5310082,1.1810083,0.2710083,-0.7789917,-2.3289917,-1.6889917,-2.3389916,0.7710083,1.9210083,2.8710084,3.1210084,2.8410082,2.8310082,0.3210083,-0.7889917,-1.4389917,0.2910083,-0.4689917,-0.5689917,-1.5189917,1.0710083,-0.6589917,-1.6089917,-2.8889916,-0.7889917,1.0810083,0.0010083008,1.9910083
-4.158992,-3.6289916,4.671008,-2.3089917,-6.6689916,-6.138992,-3.0789917,-3.1289916,2.7210083,2.6210084,2.6310084,1.6710083,-1.4589916,-2.3689916,0.6410083,-0.1889917,-0.9089917,0.6010083,-2.6289916,-0.5789917,-1.1889917,1.8810083,1.9910083,3.0510082,2.7410083,2.5810082,3.0910082,0.4410083,0.3610083,0.2110083,-0.1589917,1.3210083,0.021008302,-1.5789917,0.4810083,-0.0289917,0.3610083,0.8210083,-1.7289917,0.1210083,-2.2589917
-1.2889917,-3.0989916,-3.5389917,2.6910083,-0.2889917,-3.9789917,-2.4389918,-2.6489916,-2.2689917,-2.0289917,-2.4889917,2.4210083,1.7610083,-0.4089917,-1.8789917,2.7410083,-0.4089917,1.0810083,0.7310083,0.7210083,0.4310083,1.8910083,2.3310082,1.9610083,3.2210083,2.6410084,2.2210083,2.0810082,1.6110083,1.3710083,1.7210083,1.7910084,1.8410083,3.7310083,2.2710083,1.6210083,-1.9689918,0.3010083,0.6610083,0.9810083,-1.0089917
-4.4389915,-3.6989918,-2.2689917,-2.8589916,-2.7189918,4.1210084,1.1610084,-1.5089917,-2.0189917,-2.3589916,-1.5089917,-1.0689917,0.7810083,2.7610083,0.9210083,0.9810083,2.4810083,-0.1689917,1.2310083,1.8010083,1.2110083,1.8810083,3.1010084,2.9410083,3.0910082,2.7710083,2.3510084,2.3610084,1.6310083,2.2510083,2.7510083,2.6710083,2.2010083,2.8910084,1.5910083,0.8510083,0.4010083,-2.8789916,0.2110083,2.9510083,3.0310082
-0.9889917,-2.7989917,-4.3989916,-1.1589917,0.15100831,-2.0189917,-0.3589917,-0.4089917,-0.0689917,0.2410083,-1.0989918,0.2710083,0.4510083,0.4010083,3.1910083,2.1110084,2.8310082,1.8310083,0.9110083,2.8010082,2.6510084,1.8510083,2.7910082,3.1910083,1.9810083,2.8110082,1.9310083,2.4610083,2.3310082,2.1010084,4.051008,3.8210082,2.7610083,2.4610083,2.4910083,0.6810083,0.6010083,2.1410084,1.2610083,1.2610083,0.2910083
0.1110083,0.5910083,-0.2689917,-2.3389916,-2.0789917,1.0910083,0.4010083,0.2810083,-0.4789917,1.5910083,1.2110083,0.2010083,-0.0389917,1.4010082,2.3010082,3.6310084,3.4810083,3.4210083,1.8110083,1.8310083,3.2710083,2.4510083,2.9010084,2.6810083,2.3210082,2.7210083,3.0810082,3.1510084,3.1310084,2.7810082,3.2610083,4.0310082,2.7610083,2.7010083,2.4310083,2.4810083,2.2410083,3.1110084,2.5810082,2.3210082,1.2110083
0.0010083008,-0.3289917,0.3610083,1.2810082,0.4010083,0.0710083,0.4810083,1.1610084,1.8610083,1.6210083,1.4210083,0.9810083,1.6410083,1.2410083,0.9810083,3.9010084,3.9410083,3.7310083,3.1210084,1.9410083,3.1110084,3.2810082,3.1110084,2.9610083,3.2410083,3.0810082,2.7210083,2.8110082,3.4810083,3.2110083,3.3010082,3.8210082,3.2010083,3.0510082,3.2910082,3.3310082,3.1710083,1.9510083,3.0110083,1.6510082,0.9610083
-2.8889916,-5.4989915,-2.7689917,0.9710083,0.2910083,1.3410083,2.5810082,1.6210083,2.3810084,2.9310083,1.8710083,0.7210083,1.4710083,2.1110084,1.4610083,2.2210083,4.2510085,4.301008,3.5510082,2.5210083,2.3510084,3.0710082,3.2010083,3.3510084,3.4610083,3.2510083,2.6210084,2.9610083,3.1310084,3.2410083,3.4510083,3.2810082,3.4010084,3.3910084,2.2910082,2.6610084,2.1110084,2.1510084,1.8310083,2.3010082,2.5610082
-3.3789916,-5.308992,-6.7689915,-4.788992,-3.9589918,-2.0789917,-0.3789917,3.0910082,3.4810083,3.1110084,2.5410082,3.0810082,1.7310083,1.9510083,2.6410084,2.7610083,4.171008,5.1610084,4.0210085,3.3610084,2.6010084,2.8510084,3.1710083,3.2210083,3.4910083,3.4210083,3.1610084,3.0310082,2.7710083,2.8210082,2.9410083,3.5210083,2.8810084,2.7910082,2.9710083,2.9410083,3.0110083,3.5110083,3.1510084,3.4310083,1.5310082
