wind.json
{"header": {"discipline":0,"disciplineName":"Meteorological products","gribEdition":2,"gribLength":1125,"center":7,"centerName":"US National Weather Service - NCEP(WMC)","subcenter":0,"refTime":"2023-06-30T00:00:00.000Z","significanceOfRT":1,"significanceOfRTName":"Start of forecast","productStatus":0,"productStatusName":"Operational products","productType":1,"productTypeName":"Forecast products","productDefinitionTemplate":0,"productDefinitionTemplateName":"Analysis/forecast at horizontal level/layer at a point in time","parameterCategory":2,"parameterCategoryName":"UnknownDiscipline_0_Category_2","parameterNumber":2,"parameterNumberName":"UnknownParameter_D0_C2_2","parameterUnit":"Unknown","genProcessType":2,"genProcessTypeName":"Forecast","forecastTime":0,"surface1Type":103,"surface1TypeName":"Specified height level above ground","surface1Value":10.0,"surface2Type":255,"surface2TypeName":"Missing","surface2Value":0.0,"gridDefinitionTemplate":0,"gridDefinitionTemplateName":"Latitude_Longitude","numberPoints":688,"shape":6,"shapeName":"Earth spherical with radius of 6,371,229.0 m","gridUnits":"degrees","resolution":48,"winds":"true","scanMode":64,"nx":43,"ny":16,"basicAngle":0,"lo1":45.0,"la1":40.0,"lo2":87.0,"la2":55.0,"dx":1.0,"dy":1.0}, "data":
[rows 0 to 15 of 16, columns 0 to 42 of 43]
-2.2299798,1.4700202,2.3200202,-1.7599798,1.5800202,1.2400202,1.2900201,2.18002,2.2600203,0.39002013,4.04002,-0.10997986,-3.6699798,-4.65998,-4.74998,-5.68998,-5.94998,-4.78998,-4.09998,-3.1699798,-3.0999799,-1.4399799,-3.28998,0.94002014,0.88002014,0.26002014,0.12002014,-0.6499798,0.45002013,1.1400201,1.0500201,0.16002014,-0.22997986,-1.5799799,-2.1199799,-2.4199798,-0.82997984,-1.5699799,-2.00998,-0.9699799,1.3100201,1.1700201,0.88002014
1.0500201,8.14002,-0.19997986,0.26002014,1.3800201,-0.47997987,2.74002,3.73002,4.6400204,5.82002,3.1200202,1.8700202,-4.09998,-5.28998,-5.8199797,-6.9899797,-6.3399796,-4.5699797,-4.8399796,-2.31998,-2.4199798,-1.5899799,-0.32997987,0.36002013,0.080020145,-0.7799799,0.76002014,-2.54998,-2.8499799,-0.55997986,1.0800202,-0.20997986,1.1600201,0.63002014,0.29002014,1.5700202,1.9900202,0.13002014,1.4700202,2.23002,2.23002,1.5300201,1.9500202
1.6600201,-1.5199798,1.6000202,1.4500202,-0.43997985,1.2500201,2.69002,4.57002,2.0800202,-0.82997984,0.6600201,-0.39997986,-3.1499798,-5.03998,-5.91998,-5.5699797,-5.1099796,-6.2599797,-3.24998,-3.31998,-2.26998,-2.6799798,-2.24998,-1.4399799,0.7100201,-2.7299798,2.0141602E-5,0.89002013,-0.70997983,1.1000202,-0.32997987,-1.1599798,0.38002014,0.15002014,1.2700201,-2.79998,0.49002016,-0.51997983,0.5900201,0.5900201,2.0141602E-5,0.5800201,0.82002014
0.67002016,0.79002017,1.2700201,-1.2899798,1.2500201,0.49002016,0.8300201,-1.5099798,-0.85997987,1.4200201,-1.1499798,-3.7299798,-5.39998,-7.20998,-4.78998,-7.43998,-6.12998,-5.3599796,-4.7599797,-3.53998,-2.74998,-2.1699798,-1.8899798,-3.27998,-3.4199798,-4.53998,1.5800202,-2.9799798,-1.2499799,2.0141602E-5,0.19002014,0.080020145,0.18002014,1.3000201,-0.10997986,-0.70997983,0.27002013,-1.0399798,-0.049979858,-0.19997986,4.90002,5.00002,1.4300201
4.8900204,1.1000202,0.6000202,2.0400202,1.5000201,1.3400202,-0.10997986,-1.1499798,1.4800202,1.1900201,2.2900202,-7.5699797,-7.45998,-7.21998,-5.38998,-6.8399796,-5.0499797,-4.0099797,-4.6099796,-4.47998,-3.32998,-3.3899798,-3.6299798,-1.8799798,-2.1999798,-3.74998,-4.7599797,-4.2799797,-3.6699798,-7.38998,-3.7299798,-0.74997985,0.020020142,-0.48997986,-1.4499799,-2.31998,-2.74998,-2.01998,-1.8499799,1.7200202,-0.10997986,0.030020142,4.62002
5.05002,3.16002,2.91002,3.67002,3.1000202,1.8900201,2.3800201,2.6100202,2.95002,3.3300202,-1.5799799,-6.69998,-6.26998,-5.07998,-6.24998,-5.90998,-4.47998,-3.9699798,-4.12998,-4.0099797,-3.77998,-3.76998,-3.76998,-4.3399796,-4.22998,-3.7199798,-4.20998,-4.91998,-5.0299797,-4.7399797,-2.32998,-3.1299798,-2.9299798,-1.7999798,-3.6199799,-0.75997984,-0.18997985,1.2100202,1.5100201,2.1400201,3.25002,2.46002,6.81002
6.31002,3.8400202,2.43002,3.24002,3.47002,3.5300202,4.90002,5.1400204,3.8600202,1.2500201,-4.13998,-3.6299798,-5.0099797,-6.68998,-4.7999797,-5.15998,-3.7299798,-2.8699799,-3.4799798,-3.74998,-4.38998,-3.78998,-2.78998,-3.1399798,-2.9699798,-4.20998,-3.6599798,-3.3899798,-2.9699798,-2.8799798,-4.01998,-2.9399798,-1.1599798,-2.75998,-3.1799798,-2.3799798,-0.7899799,-0.26997986,1.5200201,1.7400202,6.62002,5.21002,3.8800201
5.46002,3.44002,2.23002,3.0700202,3.3600202,1.3400202,1.1600201,-0.099979855,0.030020142,-4.0299797,-5.68998,-5.0499797,-3.8499799,-4.63998,-4.42998,-3.8599799,-3.78998,-4.69998,-2.26998,-1.9599799,-3.99998,-3.1699798,-1.2799798,0.8400201,-2.6099799,-3.4699798,-2.49998,-3.1699798,-2.32998,-2.3499799,-2.0999799,-3.56998,-2.8999798,-2.2199798,-1.2899798,-1.6999799,-2.2299798,-1.7099799,-0.60997987,1.6200202,1.0700202,-1.1299798,1.9900202
9.11002,4.4900203,0.39002013,0.17002015,-1.1899799,0.020020142,1.2600201,1.8900201,0.12002014,-3.1299798,-2.9899797,-3.4699798,-2.9399798,-3.8699799,-3.1499798,-3.1899798,-2.3499799,-3.00998,-2.55998,-2.0999799,-1.8599799,-2.3699799,-0.19997986,-1.1199799,0.22002015,2.3400202,1.4800202,0.7800201,0.47002015,0.5800201,1.3300202,-0.10997986,0.43002015,0.28002015,-0.27997985,0.62002015,-0.6499798,1.0100201,-1.4399799,2.8000202,4.75002,4.85002,0.61002016
0.76002014,2.1400201,0.080020145,-1.2999798,-2.4299798,-1.4499799,-3.4199798,-3.7099798,-2.58998,-3.56998,-4.0899796,-3.7399797,-2.74998,-2.75998,-0.35997987,0.22002015,0.6000202,1.3700202,-0.63997984,-0.099979855,-1.1999799,-0.82997984,-0.099979855,1.4800202,2.49002,1.4100201,1.9700202,2.41002,2.1300201,0.68002015,2.21002,1.5200201,2.0500202,2.70002,2.91002,1.1100202,1.1000202,0.33002013,0.050020143,-1.5399798,-0.40997985,0.98002017,-0.29997987
-1.3199799,-1.9299798,-2.2099798,-2.58998,-3.1499798,-3.7399797,-3.9199798,-3.8899798,-4.40998,-5.80998,-5.2799797,-4.09998,-3.7199798,-4.28998,-2.31998,0.75002015,0.6500201,2.8100202,1.1100202,1.2600201,2.41002,1.8800201,3.6300201,3.66002,3.3100202,3.46002,3.23002,2.70002,1.4400201,3.7900202,2.8900201,3.95002,3.8600202,2.98002,2.5400202,2.2700202,1.0600201,-0.6699799,-1.9699799,-0.44997987,2.0141602E-5,-0.07997986,0.29002014
-1.4899799,-0.21997985,0.45002013,-3.1199799,-3.8599799,-3.49998,-3.8599799,-4.2999797,-4.19998,-4.5099797,-4.3399796,-3.8599799,-2.8999798,-1.9799799,-1.5299798,-2.4799798,-1.6799798,-1.4799799,-1.9999799,0.28002015,2.2800202,2.8800201,4.08002,1.5100201,3.3800201,3.66002,2.8900201,3.48002,3.0700202,3.48002,4.15002,3.95002,3.5200202,4.96002,2.72002,2.5200202,1.9300201,-1.7099799,-1.4899799,0.63002014,-0.46997985,0.7100201,-0.20997986
-2.6699798,-0.05997986,-0.8399799,-2.3799798,-3.1999798,-3.2199798,-3.9399798,-4.07998,-3.03998,-3.3999798,-1.9299798,-2.58998,-2.4299798,-0.7199799,-2.57998,-2.52998,-2.55998,-2.05998,-1.2199799,-0.029979859,2.0141602E-5,2.17002,2.2900202,2.94002,3.16002,2.5300202,3.5100203,3.96002,3.3800201,3.67002,3.7600203,4.56002,3.3500202,1.5300201,2.2700202,2.93002,2.8500202,4.2600203,1.5000201,-0.70997983,0.18002014,-0.23997986,-0.19997986
0.030020142,0.23002014,-0.86997986,-1.3899798,-2.1399798,-2.05998,-1.8999798,-2.4299798,-2.31998,-2.2099798,-2.00998,-1.3799798,-1.1899799,-0.86997986,-0.41997987,-1.0299798,-1.2199799,-1.0799799,0.74002016,2.3000202,2.67002,2.6400201,3.0800202,2.0200202,1.4500202,2.0800202,3.7700202,4.07002,3.67002,3.3800201,4.36002,3.5400202,3.6200202,3.8600202,3.3600202,4.25002,4.05002,2.3300202,3.0400202,-0.15997986,0.020020142,-0.08997986,-0.099979855
-1.7599798,0.56002015,-1.1599798,-0.60997987,-1.6899799,-1.9999799,-1.6199799,-2.1499798,-1.5399798,-1.7399799,0.31002015,-0.88997984,-1.2499799,-0.9099799,0.82002014,0.7100201,1.1500201,0.70002013,1.4700202,0.030020142,-0.6599799,0.25002015,1.1500201,1.8800201,2.6300201,2.5500202,2.5300202,2.6200202,3.00002,3.3700202,2.8600202,4.03002,4.12002,3.5200202,3.5100203,3.25002,2.50002,1.3700202,0.10002014,-0.37997985,-1.5999799,2.21002,0.93002015
-0.5299799,-0.87997985,-0.42997986,0.020020142,-0.38997987,-1.4499799,-1.1199799,-1.6699798,-0.99997985,-0.86997986,-0.22997986,-0.87997985,-1.3399799,-0.35997987,0.44002014,0.74002016,0.8500202,0.94002014,-1.6799798,-1.6199799,-1.2499799,-0.67997986,-0.03997986,0.06002014,0.42002013,1.3800201,1.6600201,2.5400202,2.94002,3.0500202,3.49002,3.8800201,3.8000202,4.7000203,3.22002,3.1200202,2.8800201,2.75002,1.7300202,2.3200202,1.4500202,2.17002,-0.69997984
