wind_kz.json
{"header": {"discipline":0,"disciplineName":"Meteorological products","gribEdition":2,"gribLength":871,"center":7,"centerName":"US National Weather Service - NCEP(WMC)","subcenter":0,"refTime":"2023-08-27T06:00:00.000Z","significanceOfRT":1,"significanceOfRTName":"Start of forecast","productStatus":0,"productStatusName":"Operational products","productType":1,"productTypeName":"Forecast products","productDefinitionTemplate":0,"productDefinitionTemplateName":"Analysis/forecast at horizontal level/layer at a point in time","parameterCategory":0,"parameterCategoryName":"UnknownDiscipline_0_Category_0","parameterNumber":0,"parameterNumberName":"UnknownParameter_D0_C0_0","parameterUnit":"Unknown","genProcessType":2,"genProcessTypeName":"Forecast","forecastTime":300,"surface1Type":1,"surface1TypeName":"Ground or water surface","surface1Value":0.0,"surface2Type":255,"surface2TypeName":"Missing","surface2Value":0.0,"gridDefinitionTemplate":0,"gridDefinitionTemplateName":"Latitude_Longitude","numberPoints":615,"shape":6,"shapeName":"Earth spherical with radius of 6,371,229.0 m","gridUnits":"degrees","resolution":48,"winds":"true","scanMode":64,"nx":41,"ny":15,"basicAngle":0,"lo1":47.0,"la1":41.0,"lo2":87.0,"la2":55.0,"dx":1.0,"dy":1.0}, "data":
[rows 0 to 14 of 15, columns 0 to 40 of 41]
296.64484,287.14484,291.94482,298.14484,298.14484,297.04483,299.34482,300.7448,298.94482,299.54483,297.84482,299.54483,299.04483,300.04483,299.54483,295.54483,295.94482,296.64484,295.04483,296.2448,298.64484,293.2448,292.04483,289.14484,291.7448,292.44482,289.04483,275.84482,276.34482,274.64484,274.44482,276.94482,285.64484,293.44482,294.94482,296.2448,295.7448,294.54483,294.64484,293.54483,292.44482
276.64484,292.54483,297.94482,298.34482,298.14484,296.64484,299.2448,297.64484,296.14484,297.64484,298.94482,298.84482,299.14484,295.64484,294.64484,296.54483,295.34482,295.04483,294.34482,293.7448,294.34482,295.94482,294.14484,284.54483,276.54483,275.2448,284.54483,275.44482,277.64484,272.94482,278.7448,272.14484,280.34482,264.94482,273.14484,292.04483,292.54483,293.7448,295.84482,288.44482,283.94482
294.54483,297.44482,298.2448,298.2448,296.64484,298.04483,297.2448,297.04483,294.94482,297.94482,296.34482,298.64484,296.54483,295.84482,296.7448,293.7448,292.54483,292.14484,291.44482,292.7448,295.04483,294.34482,298.94482,289.54483,292.14484,290.84482,290.44482,289.84482,289.94482,280.7448,273.44482,277.14484,282.34482,282.44482,285.7448,286.34482,276.14484,275.94482,278.34482,270.7448,263.34482
294.84482,297.34482,297.84482,297.34482,296.2448,298.64484,298.34482,297.94482,297.34482,297.94482,297.84482,299.04483,294.14484,293.44482,294.64484,293.54483,294.64484,292.2448,293.44482,292.2448,293.2448,290.84482,295.7448,297.54483,297.04483,296.7448,296.04483,294.34482,292.54483,292.04483,293.44482,291.14484,295.64484,293.14484,288.34482,287.94482,276.04483,275.54483,280.04483,288.7448,292.44482
297.64484,296.54483,297.04483,296.54483,297.04483,299.04483,300.54483,303.14484,298.7448,298.94482,297.64484,296.2448,293.64484,292.2448,290.44482,295.14484,295.34482,293.44482,291.44482,294.2448,295.04483,296.44482,295.04483,297.04483,295.7448,295.44482,294.14484,292.54483,293.7448,293.2448,295.7448,291.84482,280.84482,273.7448,281.94482,291.44482,293.94482,295.7448,295.84482,295.84482,295.2448
296.2448,294.2448,294.64484,294.94482,295.94482,295.34482,298.64484,300.64484,299.2448,299.14484,299.54483,298.34482,293.84482,293.54483,293.64484,294.64484,297.44482,294.54483,294.7448,294.7448,294.2448,294.64484,294.7448,294.34482,294.2448,294.7448,295.94482,292.04483,295.2448,295.14484,292.04483,293.84482,291.84482,289.84482,286.7448,289.54483,283.94482,286.64484,292.7448,294.7448,293.64484
297.14484,296.04483,297.84482,298.7448,297.14484,297.44482,298.7448,299.04483,299.34482,299.84482,299.54483,298.7448,297.54483,296.14484,295.14484,295.2448,297.14484,296.34482,294.94482,293.64484,293.14484,293.44482,293.7448,294.2448,293.04483,294.34482,295.2448,292.94482,291.94482,292.7448,291.54483,291.14484,291.34482,291.64484,289.84482,288.54483,284.44482,280.64484,278.64484,277.54483,287.44482
297.94482,296.14484,299.44482,299.14484,300.44482,299.7448,298.94482,297.2448,297.34482,298.14484,296.44482,297.2448,298.54483,299.44482,298.54483,299.54483,296.7448,296.2448,295.84482,291.94482,292.04483,291.84482,290.54483,290.94482,290.54483,287.7448,288.2448,290.64484,289.44482,293.84482,289.7448,289.84482,286.84482,284.04483,284.44482,286.2448,285.94482,289.2448,283.14484,284.84482,280.64484
298.84482,297.94482,297.7448,296.64484,299.2448,297.44482,295.84482,296.44482,296.04483,294.94482,294.44482,294.7448,294.64484,296.14484,295.34482,296.2448,295.44482,295.7448,294.34482,292.64484,289.44482,288.7448,289.7448,289.04483,286.54483,287.2448,284.54483,284.64484,283.7448,282.7448,285.84482,286.2448,286.04483,286.84482,284.44482,282.54483,282.94482,281.44482,272.34482,273.2448,271.34482
296.44482,295.94482,295.34482,294.7448,294.44482,293.84482,293.44482,294.14484,294.34482,295.64484,291.7448,291.14484,294.04483,294.7448,294.44482,292.7448,294.54483,292.7448,293.34482,293.64484,290.7448,290.2448,290.7448,289.7448,287.94482,285.7448,284.44482,284.7448,285.94482,285.44482,285.34482,288.44482,288.94482,288.14484,285.64484,283.84482,281.64484,278.2448,272.04483,275.54483,274.04483
295.04483,293.04483,291.44482,291.64484,290.54483,291.34482,291.34482,291.04483,290.94482,290.54483,289.54483,288.84482,290.64484,289.94482,290.34482,290.34482,289.2448,290.94482,292.7448,290.7448,291.2448,290.7448,289.34482,289.04483,288.2448,287.44482,285.34482,287.2448,287.34482,288.34482,289.34482,288.64484,287.54483,287.54483,286.44482,282.94482,279.2448,276.44482,274.54483,276.64484,274.64484
289.44482,289.84482,289.04483,289.04483,288.84482,289.04483,288.04483,288.04483,288.54483,288.04483,284.44482,286.2448,288.14484,286.94482,287.14484,287.14484,287.14484,287.34482,288.04483,288.04483,288.84482,288.34482,287.14484,288.34482,286.94482,287.44482,287.14484,288.34482,287.7448,288.94482,287.14484,287.2448,287.04483,284.2448,284.84482,283.34482,283.54483,281.54483,281.04483,279.94482,278.84482
288.34482,286.7448,287.54483,286.94482,288.2448,287.84482,287.04483,286.7448,285.54483,283.94482,282.54483,280.84482,285.04483,284.54483,285.54483,285.94482,285.44482,285.34482,285.94482,285.34482,285.54483,285.04483,285.84482,286.14484,287.44482,288.44482,289.2448,287.94482,288.04483,286.84482,286.84482,286.2448,285.84482,284.7448,284.2448,283.34482,281.94482,282.64484,280.94482,279.44482,279.34482
284.64484,287.04483,288.2448,287.14484,286.7448,285.7448,285.64484,285.84482,286.2448,288.94482,286.04483,285.64484,286.34482,283.7448,284.54483,285.54483,285.34482,284.84482,284.7448,284.84482,285.04483,285.84482,287.94482,286.7448,290.64484,288.94482,287.7448,288.84482,286.34482,285.7448,285.54483,284.64484,284.34482,283.34482,282.94482,281.34482,281.2448,280.2448,279.44482,278.64484,278.44482
286.14484,287.44482,289.2448,287.84482,287.64484,285.64484,285.64484,285.84482,289.14484,288.7448,287.34482,285.54483,284.54483,284.34482,283.2448,284.04483,284.2448,284.94482,284.64484,284.7448,286.7448,285.84482,287.34482,289.34482,288.54483,288.04483,288.34482,288.7448,285.64484,284.84482,284.54483,284.54483,284.04483,283.34482,282.44482,282.2448,281.64484,280.94482,280.2448,279.54483,279.04483
