wind_kz.json
{"header": {"discipline":0,"disciplineName":"Meteorological products","gribEdition":2,"gribLength":871,"center":7,"centerName":"US National Weather Service - NCEP(WMC)","subcenter":0,"refTime":"2024-04-08T06:00:00.000Z","significanceOfRT":1,"significanceOfRTName":"Start of forecast","productStatus":0,"productStatusName":"Operational products","productType":1,"productTypeName":"Forecast products","productDefinitionTemplate":0,"productDefinitionTemplateName":"Analysis/forecast at horizontal level/layer at a point in time","parameterCategory":0,"parameterCategoryName":"UnknownDiscipline_0_Category_0","parameterNumber":0,"parameterNumberName":"UnknownParameter_D0_C0_0","parameterUnit":"Unknown","genProcessType":2,"genProcessTypeName":"Forecast","forecastTime":60,"surface1Type":1,"surface1TypeName":"Ground or water surface","surface1Value":0.0,"surface2Type":255,"surface2TypeName":"Missing","surface2Value":0.0,"gridDefinitionTemplate":0,"gridDefinitionTemplateName":"Latitude_Longitude","numberPoints":615,"shape":6,"shapeName":"Earth spherical with radius of 6,371,229.0 m","gridUnits":"degrees","resolution":48,"winds":"true","scanMode":64,"nx":41,"ny":15,"basicAngle":0,"lo1":47.0,"la1":41.0,"lo2":87.0,"la2":55.0,"dx":1.0,"dy":1.0}, "data":
[rows 0 to 14 of 15, columns 0 to 40 of 41]
283.32013,279.9201,285.22012,281.5201,282.5201,283.62012,289.5201,293.22012,291.82013,292.9201,290.4201,291.62012,290.72012,290.9201,290.9201,289.9201,290.32013,288.72012,290.9201,287.5201,288.82013,286.32013,285.9201,282.4201,287.82013,288.4201,283.5201,268.0201,269.82013,268.62012,263.12012,264.82013,280.5201,286.0201,287.0201,287.82013,288.22012,287.72012,287.62012,287.12012,286.62012
272.62012,283.22012,281.72012,281.82013,282.12012,283.62012,292.9201,291.0201,289.4201,289.32013,290.12012,289.22012,289.62012,289.22012,290.62012,290.82013,291.32013,291.0201,289.4201,289.32013,288.72012,285.82013,280.9201,274.32013,257.22012,263.62012,278.5201,269.4201,276.12012,260.4201,272.0201,252.22012,270.4201,247.12012,257.72012,283.4201,281.62012,283.72012,287.0201,279.22012,279.0201
285.62012,281.5201,281.62012,282.0201,282.0201,291.5201,290.22012,289.72012,288.62012,288.4201,287.72012,288.22012,288.12012,288.5201,288.72012,290.0201,289.62012,289.0201,289.22012,289.4201,289.5201,288.0201,285.12012,279.0201,281.72012,280.5201,281.5201,281.4201,279.9201,272.9201,264.32013,268.12012,272.9201,275.22012,275.4201,274.72012,263.4201,271.5201,271.5201,266.12012,261.32013
284.62012,282.4201,281.72012,281.9201,284.4201,290.12012,290.0201,289.12012,289.4201,289.0201,287.62012,286.12012,285.0201,285.72012,287.4201,289.22012,288.5201,289.82013,289.82013,289.72012,287.12012,282.82013,286.32013,286.22012,287.4201,286.32013,285.0201,280.32013,280.5201,280.82013,281.62012,281.0201,285.62012,285.22012,283.62012,278.22012,264.9201,258.0201,270.72012,277.4201,279.4201
287.5201,283.0201,282.22012,282.32013,284.82013,288.82013,290.62012,290.62012,290.12012,289.82013,288.82013,287.62012,284.12012,283.9201,282.32013,286.72012,288.22012,287.82013,287.82013,287.32013,287.12012,287.9201,286.82013,286.9201,285.5201,285.4201,283.5201,282.62012,285.0201,285.12012,285.62012,282.62012,272.0201,260.9201,276.0201,284.22012,281.9201,284.9201,285.5201,284.62012,281.22012
288.22012,288.62012,282.72012,281.5201,280.4201,280.62012,288.5201,291.5201,289.32013,289.12012,289.32013,289.0201,283.82013,283.4201,279.12012,287.5201,288.82013,287.82013,287.82013,286.5201,285.62012,287.4201,284.5201,283.72012,285.22012,284.9201,285.82013,272.0201,284.9201,285.32013,286.22012,286.82013,283.82013,283.9201,281.5201,281.4201,275.72012,276.32013,282.12012,284.9201,282.62012
289.32013,289.82013,291.62012,290.0201,285.0201,287.4201,288.82013,288.82013,288.72012,288.72012,286.82013,286.72012,287.4201,287.22012,286.22012,286.5201,286.32013,287.12012,286.4201,282.62012,282.9201,284.5201,283.0201,282.32013,281.0201,280.5201,280.72012,281.62012,283.62012,283.4201,283.22012,283.4201,283.82013,283.62012,281.82013,280.0201,276.4201,274.0201,271.4201,271.5201,279.5201
288.5201,287.5201,290.22012,290.4201,290.5201,289.12012,288.5201,287.12012,286.12012,286.9201,286.82013,286.9201,286.62012,286.82013,287.22012,287.22012,287.0201,285.5201,283.0201,282.32013,282.72012,283.32013,284.4201,282.22012,279.12012,277.62012,279.32013,278.4201,276.9201,279.22012,278.32013,280.62012,280.5201,278.4201,278.4201,278.5201,281.22012,273.12012,281.5201,282.22012,280.12012
287.82013,289.72012,291.5201,291.5201,291.62012,290.5201,289.82013,288.22012,287.4201,286.82013,287.62012,287.12012,285.9201,285.4201,284.9201,284.5201,284.32013,284.22012,283.9201,283.5201,282.22012,281.72012,279.9201,278.82013,277.22012,276.22012,274.32013,274.0201,274.5201,273.32013,274.4201,275.72012,277.32013,278.5201,278.4201,277.32013,274.9201,277.12012,268.72012,269.62012,268.32013
287.22012,287.12012,286.32013,287.12012,287.32013,287.0201,286.22012,286.12012,285.5201,283.82013,282.4201,282.0201,282.32013,282.22012,282.62012,283.0201,283.5201,283.9201,283.4201,282.5201,280.9201,278.4201,278.5201,279.82013,279.62012,278.0201,278.5201,278.22012,276.0201,277.0201,276.9201,277.32013,279.4201,278.0201,278.4201,277.62012,276.22012,272.9201,272.22012,269.12012,266.9201
286.9201,285.32013,283.5201,283.0201,282.82013,282.0201,281.62012,281.4201,281.0201,280.62012,279.82013,279.12012,279.72012,280.22012,281.82013,282.82013,282.22012,281.72012,280.5201,278.62012,278.5201,277.4201,278.32013,278.62012,277.72012,277.4201,275.62012,277.9201,278.22012,278.22012,278.72012,279.5201,278.0201,278.72012,279.4201,278.4201,273.9201,269.5201,272.62012,273.5201,270.82013
282.5201,282.32013,281.62012,281.0201,280.5201,280.0201,279.32013,278.62012,278.9201,278.5201,279.5201,279.32013,280.62012,280.22012,280.0201,279.72012,279.72012,279.22012,277.9201,277.12012,276.62012,276.4201,276.32013,276.22012,275.82013,275.72012,275.9201,277.82013,278.22012,278.22012,277.32013,277.4201,277.4201,277.62012,277.12012,278.9201,278.72012,276.9201,276.12012,277.32013,275.9201
280.5201,280.4201,281.12012,281.5201,280.0201,279.82013,279.22012,278.82013,278.62012,279.5201,276.0201,275.72012,278.4201,278.12012,278.9201,278.62012,278.12012,276.9201,275.32013,275.0201,275.4201,274.62012,274.4201,274.32013,276.0201,275.9201,277.22012,276.62012,277.0201,277.0201,276.62012,275.9201,276.22012,276.5201,276.82013,276.32013,277.0201,276.62012,275.9201,276.22012,276.5201
280.22012,280.82013,276.4201,280.32013,279.72012,279.32013,278.82013,277.72012,277.82013,278.62012,276.4201,275.72012,276.0201,277.72012,277.5201,277.32013,276.32013,273.32013,273.5201,273.22012,274.5201,274.62012,275.0201,274.62012,274.5201,275.22012,275.72012,275.0201,275.32013,274.9201,273.82013,273.72012,274.22012,274.5201,274.22012,274.4201,274.62012,274.5201,274.72012,273.9201,275.4201
279.62012,280.82013,271.82013,278.72012,278.0201,277.62012,277.4201,277.12012,278.32013,277.32013,277.0201,276.0201,274.5201,275.72012,275.82013,276.0201,273.4201,272.4201,272.9201,272.62012,272.82013,274.0201,274.72012,274.62012,274.22012,274.4201,274.0201,274.32013,273.4201,272.72012,272.82013,272.32013,273.32013,272.9201,272.4201,272.62012,272.5201,272.4201,272.62012,272.62012,272.32013
