wind_kz.json
{"header": {"discipline":0,"disciplineName":"Meteorological products","gribEdition":2,"gribLength":871,"center":7,"centerName":"US National Weather Service - NCEP(WMC)","subcenter":0,"refTime":"2023-10-01T00:00:00.000Z","significanceOfRT":1,"significanceOfRTName":"Start of forecast","productStatus":0,"productStatusName":"Operational products","productType":1,"productTypeName":"Forecast products","productDefinitionTemplate":0,"productDefinitionTemplateName":"Analysis/forecast at horizontal level/layer at a point in time","parameterCategory":0,"parameterCategoryName":"UnknownDiscipline_0_Category_0","parameterNumber":0,"parameterNumberName":"UnknownParameter_D0_C0_0","parameterUnit":"Unknown","genProcessType":2,"genProcessTypeName":"Forecast","forecastTime":0,"surface1Type":1,"surface1TypeName":"Ground or water surface","surface1Value":0.0,"surface2Type":255,"surface2TypeName":"Missing","surface2Value":0.0,"gridDefinitionTemplate":0,"gridDefinitionTemplateName":"Latitude_Longitude","numberPoints":615,"shape":6,"shapeName":"Earth spherical with radius of 6,371,229.0 m","gridUnits":"degrees","resolution":48,"winds":"true","scanMode":64,"nx":41,"ny":15,"basicAngle":0,"lo1":47.0,"la1":41.0,"lo2":87.0,"la2":55.0,"dx":1.0,"dy":1.0}, "data":
[rows 0 to 14 of 15, columns 0 to 40 of 41]
291.2925,280.4925,284.9925,294.4925,294.0925,292.89252,291.1925,290.4925,287.1925,285.4925,285.6925,286.7925,286.7925,287.2925,286.9925,284.39252,284.6925,285.5925,281.89252,285.9925,286.39252,283.2925,283.9925,281.9925,282.9925,285.5925,282.89252,269.2925,268.89252,268.9925,265.1925,269.39252,279.39252,285.39252,287.6925,288.2925,287.4925,287.1925,287.89252,287.6925,286.7925
272.39252,284.9925,294.2925,294.2925,294.1925,292.1925,288.4925,286.2925,284.39252,284.39252,285.7925,285.4925,285.0925,284.4925,284.9925,285.39252,283.89252,281.5925,281.89252,282.7925,285.6925,285.9925,285.5925,277.7925,270.6925,271.0925,277.4925,268.39252,269.6925,268.0925,272.1925,261.89252,271.89252,248.6925,265.0925,283.4925,284.5925,286.0925,288.9925,281.39252,283.6925
285.89252,294.0925,294.1925,293.5925,291.7925,286.5925,285.9925,285.89252,284.39252,284.0925,284.0925,284.5925,282.9925,284.5925,285.4925,282.2925,280.9925,282.39252,282.89252,283.0925,285.1925,285.1925,284.2925,280.6925,284.4925,283.39252,285.0925,283.5925,282.5925,274.4925,264.6925,269.5925,273.0925,271.89252,275.7925,276.0925,268.7925,271.4925,273.5925,271.0925,270.4925
285.89252,293.0925,293.6925,292.6925,290.1925,285.7925,287.7925,286.9925,287.1925,287.1925,288.39252,285.89252,290.89252,290.1925,285.7925,284.7925,285.39252,284.4925,283.7925,284.4925,284.39252,281.9925,287.0925,286.7925,286.6925,287.4925,288.2925,285.89252,284.9925,285.7925,286.1925,282.5925,284.4925,283.0925,281.7925,279.1925,272.0925,261.1925,277.39252,283.7925,286.6925
287.0925,292.6925,293.2925,292.6925,290.7925,287.1925,287.7925,287.39252,288.5925,291.5925,289.0925,289.39252,289.89252,288.6925,287.1925,285.4925,286.5925,286.9925,282.0925,287.2925,287.7925,287.9925,287.39252,287.7925,286.4925,286.89252,286.2925,286.6925,285.2925,286.39252,289.0925,286.4925,274.1925,262.5925,273.7925,282.0925,286.5925,286.1925,286.9925,287.7925,287.7925
288.39252,286.7925,291.4925,292.5925,292.7925,292.1925,291.39252,291.4925,287.39252,290.0925,290.39252,289.1925,289.0925,289.6925,287.4925,284.4925,286.9925,285.9925,289.4925,289.4925,285.7925,284.7925,285.9925,287.0925,285.2925,284.89252,286.7925,288.6925,287.2925,287.89252,285.9925,286.1925,284.5925,284.0925,282.1925,283.9925,276.0925,278.1925,284.39252,285.7925,286.6925
286.4925,285.9925,288.7925,288.7925,288.6925,288.4925,287.89252,288.2925,289.7925,290.4925,287.7925,288.39252,288.7925,285.4925,285.4925,286.89252,286.2925,286.9925,287.0925,285.6925,284.2925,284.5925,285.7925,285.89252,286.1925,284.0925,283.2925,284.39252,282.89252,283.89252,285.4925,283.6925,283.39252,283.6925,283.0925,285.39252,280.7925,275.6925,276.39252,272.6925,283.1925
285.1925,284.39252,286.1925,286.9925,287.39252,287.0925,286.1925,285.4925,285.0925,286.7925,285.2925,285.89252,287.4925,287.6925,285.1925,284.7925,285.1925,285.4925,287.6925,284.4925,285.4925,285.1925,285.2925,283.9925,283.7925,282.2925,281.89252,280.4925,279.4925,280.6925,280.39252,281.2925,280.0925,280.9925,277.5925,279.7925,281.9925,286.2925,284.2925,282.0925,280.1925
283.89252,283.6925,284.2925,284.39252,285.7925,285.2925,284.2925,284.0925,283.7925,283.9925,286.7925,286.2925,286.1925,287.39252,286.7925,283.7925,285.0925,284.6925,283.4925,285.39252,281.89252,282.1925,284.0925,283.89252,282.6925,281.7925,277.9925,276.7925,275.5925,274.6925,276.7925,281.1925,280.2925,281.9925,282.2925,279.6925,278.7925,280.39252,272.1925,271.5925,270.89252
282.4925,283.39252,283.5925,283.9925,284.0925,283.9925,283.2925,282.7925,282.1925,282.1925,282.1925,281.5925,285.1925,285.1925,285.7925,283.0925,281.89252,281.5925,281.9925,285.0925,281.1925,282.2925,282.2925,281.4925,279.89252,279.0925,278.89252,278.39252,277.4925,275.9925,277.0925,278.5925,281.4925,283.6925,281.2925,280.4925,280.89252,278.5925,275.7925,274.2925,268.2925
281.89252,281.4925,282.39252,282.5925,282.7925,282.7925,282.2925,281.0925,280.7925,280.39252,280.39252,282.9925,284.4925,283.5925,280.6925,280.7925,280.7925,280.89252,281.4925,283.5925,283.39252,281.9925,280.6925,280.4925,282.9925,282.7925,277.5925,279.2925,279.9925,279.89252,283.5925,282.6925,279.1925,279.89252,279.0925,277.9925,278.0925,275.0925,277.0925,277.1925,275.1925
281.4925,281.1925,279.89252,280.4925,280.39252,280.7925,280.39252,280.0925,279.9925,280.0925,278.6925,278.9925,279.5925,279.4925,279.7925,279.6925,282.9925,280.39252,280.89252,281.1925,280.5925,281.0925,281.5925,282.1925,281.39252,280.2925,279.6925,280.7925,281.6925,282.89252,280.89252,281.1925,281.2925,278.7925,277.4925,278.2925,279.5925,281.39252,280.1925,280.2925,279.6925
281.6925,280.6925,279.9925,279.1925,279.9925,280.1925,279.0925,279.1925,278.6925,277.89252,276.9925,279.89252,278.89252,278.5925,281.0925,282.4925,282.6925,282.4925,283.89252,283.0925,281.5925,281.1925,281.2925,281.5925,281.9925,280.6925,281.2925,280.5925,280.39252,282.0925,281.2925,279.2925,281.1925,281.1925,280.5925,280.0925,279.39252,278.5925,278.0925,279.5925,279.39252
281.7925,281.39252,283.5925,280.6925,279.6925,279.0925,279.1925,279.39252,278.9925,282.9925,278.0925,279.9925,280.5925,278.0925,278.89252,279.4925,279.7925,278.89252,278.9925,278.9925,278.6925,278.9925,281.0925,282.7925,283.7925,282.89252,280.5925,281.4925,280.5925,278.9925,276.1925,275.1925,274.6925,273.5925,273.9925,273.5925,273.4925,273.4925,273.7925,274.5925,275.89252
282.9925,282.5925,285.6925,280.7925,280.4925,279.4925,281.39252,283.9925,279.7925,278.1925,278.89252,276.4925,277.39252,280.7925,281.4925,278.5925,280.9925,279.39252,278.7925,281.5925,281.9925,281.2925,281.6925,281.1925,281.0925,281.2925,279.6925,279.0925,274.1925,272.6925,272.0925,276.39252,271.5925,270.6925,271.1925,271.6925,271.39252,269.89252,270.1925,270.89252,270.89252
