wind.json
{"header": {"discipline":0,"disciplineName":"Meteorological products","gribEdition":2,"gribLength":953,"center":7,"centerName":"US National Weather Service - NCEP(WMC)","subcenter":0,"refTime":"2023-06-30T00:00:00.000Z","significanceOfRT":1,"significanceOfRTName":"Start of forecast","productStatus":0,"productStatusName":"Operational products","productType":1,"productTypeName":"Forecast products","productDefinitionTemplate":0,"productDefinitionTemplateName":"Analysis/forecast at horizontal level/layer at a point in time","parameterCategory":0,"parameterCategoryName":"UnknownDiscipline_0_Category_0","parameterNumber":0,"parameterNumberName":"UnknownParameter_D0_C0_0","parameterUnit":"Unknown","genProcessType":2,"genProcessTypeName":"Forecast","forecastTime":0,"surface1Type":1,"surface1TypeName":"Ground or water surface","surface1Value":0.0,"surface2Type":255,"surface2TypeName":"Missing","surface2Value":0.0,"gridDefinitionTemplate":0,"gridDefinitionTemplateName":"Latitude_Longitude","numberPoints":688,"shape":6,"shapeName":"Earth spherical with radius of 6,371,229.0 m","gridUnits":"degrees","resolution":48,"winds":"true","scanMode":64,"nx":43,"ny":16,"basicAngle":0,"lo1":45.0,"la1":40.0,"lo2":87.0,"la2":55.0,"dx":1.0,"dy":1.0}, "data":
[rows 0 to 15 of 16, columns 0 to 42 of 43]
281.13937,278.3394,293.4394,295.4394,295.3394,296.9394,296.03937,294.8394,295.3394,295.63937,299.8394,298.73938,301.63937,299.23938,298.4394,300.3394,300.03937,299.23938,297.8394,296.3394,295.23938,293.03937,290.73938,291.13937,289.4394,286.9394,288.3394,281.4394,275.73938,274.53937,279.4394,289.8394,291.73938,292.13937,292.53937,292.03937,293.9394,291.63937,294.4394,294.13937,295.4394,298.4394,299.63937
285.3394,294.73938,293.63937,285.63937,288.23938,295.53937,295.53937,294.23938,294.9394,299.23938,298.13937,299.63937,299.63937,301.23938,301.03937,301.03937,300.4394,299.4394,296.9394,295.63937,293.63937,294.13937,293.63937,291.4394,288.9394,283.4394,290.9394,292.23938,288.03937,275.03937,275.23938,274.8394,274.8394,278.13937,286.3394,291.63937,292.73938,293.13937,295.23938,296.13937,295.9394,296.63937,298.3394
287.3394,283.03937,278.4394,291.03937,295.63937,295.63937,295.4394,293.23938,297.4394,298.53937,298.3394,298.73938,300.13937,300.4394,299.8394,298.9394,298.63937,299.23938,294.13937,293.4394,292.9394,292.4394,291.9394,292.63937,289.23938,283.3394,271.73938,272.53937,282.8394,274.9394,276.8394,273.63937,279.23938,269.9394,280.4394,255.93938,267.53937,288.73938,288.63937,292.8394,296.73938,288.9394,283.3394
285.03937,288.13937,292.4394,296.4394,296.13937,295.9394,294.9394,296.23938,296.8394,297.53937,300.13937,301.53937,299.13937,300.53937,298.3394,300.03937,299.53937,295.03937,293.4394,292.9394,292.03937,291.53937,292.73938,292.3394,292.3394,285.4394,286.03937,286.8394,287.8394,287.8394,288.03937,281.13937,275.63937,273.73938,279.03937,279.8394,280.53937,281.53937,277.53937,278.13937,279.73938,275.53937,274.8394
294.13937,294.9394,290.73938,297.13937,296.9394,296.13937,295.13937,294.3394,294.63937,295.03937,297.53937,300.53937,298.73938,299.13937,294.3394,293.9394,298.73938,294.23938,294.73938,292.03937,291.4394,291.73938,292.3394,285.9394,291.73938,291.9394,290.23938,290.73938,291.63937,291.03937,287.9394,287.8394,287.8394,285.4394,290.8394,288.3394,289.13937,284.9394,275.73938,273.53937,279.73938,288.53937,291.13937
294.8394,296.4394,294.63937,298.03937,297.73938,298.23938,296.63937,294.13937,295.23938,296.53937,297.8394,298.53937,297.53937,296.9394,295.03937,294.3394,291.53937,295.3394,294.63937,293.03937,290.73938,293.13937,293.23938,293.4394,292.63937,291.9394,291.73938,293.13937,291.13937,291.63937,291.73938,291.9394,292.8394,289.03937,279.13937,271.13937,281.9394,290.73938,292.13937,295.03937,294.23938,293.53937,294.13937
295.13937,298.3394,295.8394,293.3394,298.3394,297.73938,297.3394,296.63937,295.53937,297.23938,297.73938,296.73938,296.13937,294.53937,293.63937,293.53937,293.03937,293.23938,293.53937,293.9394,293.4394,293.4394,291.8394,291.53937,290.03937,290.3394,289.9394,289.3394,290.23938,290.3394,290.9394,292.73938,291.23938,292.4394,290.13937,287.63937,287.9394,289.4394,282.8394,283.63937,292.13937,294.3394,294.13937
294.13937,296.4394,295.13937,293.9394,297.03937,296.53937,296.4394,294.9394,295.23938,296.73938,296.8394,296.13937,295.73938,296.73938,296.13937,295.9394,291.53937,292.13937,290.9394,291.8394,293.13937,291.13937,290.4394,289.8394,290.4394,290.3394,288.8394,289.53937,289.4394,290.8394,289.23938,290.73938,290.13937,291.13937,291.3394,290.9394,289.23938,288.03937,284.03937,281.63937,279.4394,280.13937,291.73938
294.23938,292.9394,296.13937,295.4394,296.8394,296.4394,297.03937,296.13937,296.23938,295.3394,294.53937,294.63937,293.8394,296.23938,294.73938,292.8394,292.03937,292.23938,291.73938,291.8394,290.73938,288.13937,288.4394,288.13937,288.8394,289.23938,287.63937,284.23938,286.13937,286.3394,285.3394,288.53937,286.73938,289.13937,287.13937,285.63937,286.13937,290.23938,290.3394,287.8394,289.3394,288.73938,286.8394
290.4394,294.23938,294.9394,295.03937,295.13937,293.3394,295.53937,294.23938,291.9394,293.63937,292.9394,292.4394,291.53937,291.3394,288.63937,290.13937,291.3394,292.13937,290.53937,289.8394,289.53937,288.53937,285.13937,286.23938,288.8394,288.03937,287.13937,288.3394,285.23938,283.3394,286.3394,281.63937,284.63937,286.73938,287.03937,287.3394,287.3394,286.13937,286.53937,285.13937,276.3394,275.8394,278.13937
288.8394,290.13937,293.4394,293.9394,292.63937,291.73938,292.13937,291.9394,291.8394,292.13937,291.4394,290.8394,290.03937,289.53937,289.23938,288.4394,292.63937,291.8394,294.4394,290.03937,289.3394,288.9394,288.03937,288.53937,290.23938,289.9394,289.23938,289.73938,287.4394,288.23938,284.53937,284.53937,286.3394,288.13937,288.9394,289.03937,288.63937,286.4394,283.53937,281.63937,281.13937,276.13937,276.8394
289.53937,289.53937,290.4394,291.3394,290.73938,289.73938,289.9394,290.4394,290.73938,289.8394,289.4394,289.73938,288.9394,290.9394,291.4394,288.4394,289.8394,291.3394,288.3394,289.03937,289.63937,288.4394,289.23938,288.63937,290.23938,288.4394,287.73938,287.3394,286.03937,287.73938,288.63937,290.4394,289.23938,290.3394,289.73938,289.23938,287.4394,284.63937,280.9394,279.53937,279.23938,279.4394,278.3394
288.73938,288.63937,287.63937,289.8394,290.53937,289.3394,289.63937,289.73938,288.03937,287.53937,287.03937,287.73938,286.3394,285.3394,287.4394,287.63937,287.73938,287.13937,287.73938,287.9394,287.73938,288.13937,288.03937,287.8394,287.4394,286.53937,286.13937,286.8394,287.3394,288.23938,289.9394,290.23938,288.3394,288.73938,288.4394,288.53937,287.13937,287.8394,288.63937,286.8394,286.13937,285.3394,284.13937
288.63937,287.3394,287.53937,287.63937,289.9394,288.8394,288.8394,289.03937,287.73938,286.63937,283.8394,285.3394,284.3394,282.9394,287.53937,285.4394,286.13937,286.03937,286.73938,286.13937,286.9394,286.03937,286.63937,285.8394,285.53937,285.8394,286.8394,287.8394,289.03937,288.13937,288.03937,287.73938,288.03937,288.23938,288.3394,287.8394,288.8394,287.03937,286.9394,288.13937,285.3394,283.8394,284.4394
288.3394,287.4394,286.8394,289.3394,289.4394,290.63937,289.9394,290.4394,286.13937,286.4394,284.8394,285.3394,285.23938,283.4394,283.73938,284.53937,285.23938,285.23938,285.9394,285.63937,286.13937,286.13937,286.8394,287.23938,286.9394,286.9394,287.23938,286.9394,286.4394,286.4394,286.23938,286.4394,286.73938,286.4394,286.13937,286.13937,286.3394,285.4394,285.53937,284.73938,284.53937,283.73938,285.3394
287.73938,288.23938,288.73938,289.03937,289.73938,287.63937,290.4394,289.4394,287.13937,285.73938,285.73938,285.63937,288.03937,283.3394,283.8394,284.03937,286.9394,287.63937,286.4394,283.8394,283.9394,283.9394,284.23938,285.13937,285.23938,283.13937,283.3394,283.53937,284.03937,284.13937,284.4394,285.03937,285.23938,283.73938,285.3394,285.3394,285.8394,286.23938,286.73938,286.3394,286.23938,284.73938,284.53937
