wind_kz.json
{"header": {"discipline":0,"disciplineName":"Meteorological products","gribEdition":2,"gribLength":871,"center":7,"centerName":"US National Weather Service - NCEP(WMC)","subcenter":0,"refTime":"2023-09-23T18:00:00.000Z","significanceOfRT":1,"significanceOfRTName":"Start of forecast","productStatus":0,"productStatusName":"Operational products","productType":1,"productTypeName":"Forecast products","productDefinitionTemplate":0,"productDefinitionTemplateName":"Analysis/forecast at horizontal level/layer at a point in time","parameterCategory":0,"parameterCategoryName":"UnknownDiscipline_0_Category_0","parameterNumber":0,"parameterNumberName":"UnknownParameter_D0_C0_0","parameterUnit":"Unknown","genProcessType":2,"genProcessTypeName":"Forecast","forecastTime":240,"surface1Type":1,"surface1TypeName":"Ground or water surface","surface1Value":0.0,"surface2Type":255,"surface2TypeName":"Missing","surface2Value":0.0,"gridDefinitionTemplate":0,"gridDefinitionTemplateName":"Latitude_Longitude","numberPoints":615,"shape":6,"shapeName":"Earth spherical with radius of 6,371,229.0 m","gridUnits":"degrees","resolution":48,"winds":"true","scanMode":64,"nx":41,"ny":15,"basicAngle":0,"lo1":47.0,"la1":41.0,"lo2":87.0,"la2":55.0,"dx":1.0,"dy":1.0}, "data":
[rows 0 to 14 of 15, columns 0 to 40 of 41]
291.31494,283.31494,287.81494,293.31494,293.31494,292.71494,293.01495,295.11493,294.81494,296.91495,296.41495,297.61493,296.41495,296.21494,296.11493,292.71494,292.11493,294.01495,294.41495,295.31494,296.31494,292.91495,292.31494,285.91495,288.51495,290.81494,288.01495,275.01495,270.71494,271.11493,270.11493,274.41495,282.21494,288.41495,288.81494,288.51495,289.41495,289.11493,289.01495,288.81494,287.51495
273.21494,286.91495,292.81494,293.21494,292.91495,291.91495,293.51495,293.61493,292.41495,293.51495,295.31494,294.81494,294.61493,292.71494,289.61493,289.41495,287.91495,286.61493,285.91495,288.01495,291.41495,295.41495,292.61493,285.91495,276.51495,270.61493,282.61493,276.21494,275.91495,267.41495,278.21494,264.11493,274.11493,250.81494,259.11493,285.61493,284.21494,286.21494,289.21494,282.31494,283.51495
288.91495,292.41495,293.01495,292.71494,291.11493,293.31494,293.41495,292.61493,291.41495,292.21494,292.71494,293.21494,292.01495,292.31494,292.81494,288.81494,286.21494,286.21494,285.41495,287.31494,291.81494,293.71494,293.51495,286.71494,289.01495,288.21494,288.41495,290.21494,286.61493,280.51495,271.31494,267.21494,277.91495,276.51495,277.41495,278.51495,267.81494,270.81494,273.41495,270.01495,270.61493
293.21494,291.81494,292.81494,291.91495,291.41495,289.71494,291.51495,290.91495,292.51495,292.11493,292.31494,291.01495,290.31494,289.91495,291.41495,289.51495,289.01495,284.11493,283.91495,284.41495,284.91495,284.41495,289.51495,290.61493,289.21494,289.91495,291.11493,289.01495,287.91495,291.01495,289.21494,285.01495,287.31494,284.31494,284.01495,283.01495,268.81494,262.21494,273.31494,281.41495,284.71494
290.51495,291.31494,291.81494,290.81494,290.81494,290.61493,291.11493,291.41495,291.91495,292.41495,291.21494,288.01495,289.21494,288.21494,286.71494,289.11493,288.41495,287.81494,283.41495,288.61493,288.11493,288.11493,286.41495,287.81494,287.21494,288.41495,287.71494,288.81494,289.21494,291.11493,291.61493,289.01495,278.51495,264.51495,275.91495,284.01495,287.71494,287.71494,288.01495,288.01495,287.61493
288.71494,288.31494,290.01495,290.71494,290.91495,290.41495,291.81494,293.11493,291.71494,290.71494,291.11493,290.21494,289.01495,288.91495,288.81494,288.31494,290.91495,288.51495,289.31494,289.11493,288.31494,287.51495,288.31494,287.21494,286.81494,286.21494,285.11493,286.51495,288.91495,290.71494,288.71494,289.61493,287.61493,285.41495,284.41495,288.21494,279.61493,279.11493,284.61493,286.41495,286.21494
287.21494,286.61493,289.81494,290.81494,289.61493,290.01495,291.21494,291.01495,291.21494,292.31494,291.41495,291.31494,290.11493,290.11493,290.01495,290.51495,289.31494,289.61493,287.81494,287.81494,287.21494,288.31494,288.21494,287.91495,286.51495,287.21494,285.71494,285.91495,285.11493,286.91495,286.91495,286.51495,286.51495,286.81494,286.81494,284.41495,279.61493,277.41495,274.41495,272.71494,281.91495
285.51495,285.41495,287.71494,289.11493,289.31494,289.41495,289.51495,289.31494,288.71494,288.71494,288.81494,289.61493,288.71494,289.51495,290.41495,292.81494,290.11493,290.21494,288.51495,285.21494,285.91495,284.81494,284.81494,285.21494,284.31494,283.31494,283.01495,283.81494,282.91495,284.61493,284.01495,285.21494,284.91495,282.91495,283.11493,282.21494,284.31494,286.11493,285.61493,284.11493,279.51495
283.71494,284.11493,285.41495,285.61493,287.21494,286.81494,285.81494,287.21494,287.31494,287.51495,287.11493,288.31494,287.01495,286.71494,288.61493,288.91495,288.41495,288.91495,288.71494,287.41495,284.21494,283.71494,284.21494,283.41495,282.01495,283.01495,281.61493,281.51495,281.11493,280.31494,281.21494,282.71494,284.11493,284.71494,284.31494,282.51495,280.91495,279.91495,269.41495,270.01495,263.51495
283.21494,283.71494,284.21494,284.91495,285.41495,286.71494,283.81494,283.81494,284.31494,284.81494,285.51495,284.21494,284.61493,286.11493,286.81494,285.41495,287.21494,289.91495,289.11493,288.61493,286.41495,285.71494,285.21494,284.31494,283.91495,282.61493,282.81494,283.21494,283.11493,283.31494,283.61493,284.91495,287.01495,285.71494,284.81494,283.31494,281.21494,277.41495,271.81494,273.41495,266.51495
285.81494,285.61493,282.51495,282.81494,285.61493,284.71494,283.41495,282.11493,285.91495,280.51495,280.21494,280.71494,283.01495,284.61493,285.51495,286.11493,284.81494,286.91495,288.41495,287.51495,287.71494,287.51495,286.31494,285.11493,284.41495,283.81494,281.81494,283.61493,284.51495,285.91495,287.21494,287.01495,286.61493,286.81494,285.81494,283.21494,279.31494,275.21494,274.21494,274.81494,271.61493
279.41495,281.01495,281.21494,280.41495,280.91495,281.11493,280.71494,279.91495,281.01495,280.41495,277.61493,278.51495,281.51495,281.21494,283.01495,283.61493,284.81494,285.31494,285.51495,286.41495,286.71494,286.61493,286.41495,286.11493,284.51495,284.01495,284.21494,285.61493,286.11493,286.61493,286.21494,286.51495,286.71494,284.41495,285.01495,283.81494,284.11493,282.51495,281.21494,280.41495,279.61493
278.91495,276.11493,277.71494,278.61493,281.51495,280.01495,278.31494,278.91495,278.41495,278.51495,278.41495,278.11493,280.51495,280.41495,281.21494,282.21494,282.41495,282.71494,283.51495,284.71494,284.81494,285.41495,285.21494,284.91495,286.01495,286.31494,286.31494,285.91495,285.91495,285.91495,286.21494,285.51495,285.91495,286.01495,285.61493,284.81494,283.91495,284.61493,282.51495,281.21494,280.51495
279.41495,275.91495,280.71494,276.41495,276.01495,275.21494,276.41495,276.11493,275.81494,276.61493,276.71494,275.61493,278.51495,278.61493,279.51495,279.91495,280.51495,280.11493,280.51495,281.61493,282.41495,282.91495,284.41495,285.21494,286.61493,287.11493,286.11493,286.01495,284.71494,285.01495,285.31494,285.21494,284.71494,284.41495,284.41495,283.51495,283.41495,283.01495,282.21494,281.01495,280.41495
275.21494,275.41495,285.01495,275.11493,274.61493,273.41495,274.11493,273.21494,274.31494,275.11493,278.91495,277.41495,276.31494,275.41495,277.01495,276.21494,276.41495,277.81494,279.01495,278.91495,279.81494,280.51495,282.21494,282.81494,283.51495,284.61493,284.71494,285.81494,285.81494,284.71494,284.51495,284.21494,284.31494,283.81494,284.01495,284.01495,283.61493,283.11493,283.71494,282.71494,280.91495
