wind_kz.json
{"header": {"discipline":0,"disciplineName":"Meteorological products","gribEdition":2,"gribLength":1025,"center":7,"centerName":"US National Weather Service - NCEP(WMC)","subcenter":0,"refTime":"2023-09-20T06:00:00.000Z","significanceOfRT":1,"significanceOfRTName":"Start of forecast","productStatus":0,"productStatusName":"Operational products","productType":1,"productTypeName":"Forecast products","productDefinitionTemplate":0,"productDefinitionTemplateName":"Analysis/forecast at horizontal level/layer at a point in time","parameterCategory":2,"parameterCategoryName":"UnknownDiscipline_0_Category_2","parameterNumber":2,"parameterNumberName":"UnknownParameter_D0_C2_2","parameterUnit":"Unknown","genProcessType":2,"genProcessTypeName":"Forecast","forecastTime":300,"surface1Type":103,"surface1TypeName":"Specified height level above ground","surface1Value":10.0,"surface2Type":255,"surface2TypeName":"Missing","surface2Value":0.0,"gridDefinitionTemplate":0,"gridDefinitionTemplateName":"Latitude_Longitude","numberPoints":615,"shape":6,"shapeName":"Earth spherical with radius of 6,371,229.0 m","gridUnits":"degrees","resolution":48,"winds":"true","scanMode":64,"nx":41,"ny":15,"basicAngle":0,"lo1":47.0,"la1":41.0,"lo2":87.0,"la2":55.0,"dx":1.0,"dy":1.0}, "data":
[rows 0 to 14 of 15, columns 0 to 40 of 41]
-2.6874561,-0.65745604,0.20254394,-1.907456,-4.327456,-9.957456,-7.5674562,-6.437456,-7.097456,-4.3174562,-4.5474563,-4.537456,-4.217456,-3.4074562,-2.977456,-2.587456,-1.9574561,-2.707456,-4.937456,-3.287456,-2.077456,-0.047456056,-0.43745604,-1.387456,-1.2374561,-1.2574561,-2.367456,0.16254395,0.31254396,0.21254395,-0.8074561,0.77254397,0.23254395,-0.607456,-2.077456,-0.797456,-1.317456,-1.8474561,-2.607456,-2.1674562,-2.537456
1.232544,0.18254395,-4.887456,-6.847456,-9.547456,-8.2874565,-6.167456,-5.787456,-5.0274563,-4.757456,-4.637456,-4.607456,-2.957456,-3.317456,-2.997456,-3.587456,-3.007456,-4.237456,-1.9674561,-4.287456,-3.247456,-2.6674562,-1.0074561,-2.337456,-0.24745606,0.9425439,-0.057456054,1.722544,-2.8974562,-1.287456,-0.007456055,-0.6774561,-0.9974561,-2.617456,0.41254395,0.65254396,0.66254395,0.21254395,-1.8374561,-0.64745605,-4.377456
-2.237456,-6.447456,-8.127456,-10.427456,-10.157456,-6.967456,-5.177456,-4.387456,-7.457456,-6.167456,-4.447456,-4.737456,-2.857456,-2.127456,-3.767456,-4.077456,-4.467456,-3.6974561,-3.837456,-2.4174562,-4.997456,-8.357456,-6.367456,-6.837456,0.24254395,-2.9474561,-0.32745606,-0.96745604,-1.777456,-0.547456,-1.3474561,1.7425439,-0.047456056,-0.87745607,-1.0874561,-0.58745605,-0.117456056,0.17254394,2.712544,2.542544,2.192544
-6.767456,-8.967456,-8.927456,-8.737456,-6.097456,-4.097456,-4.0274563,-4.807456,-4.937456,-4.627456,-4.147456,-3.6774561,-3.6974561,-3.457456,-2.507456,-4.207456,-3.9174562,-3.6874561,-3.6574562,-3.747456,-4.847456,-4.407456,-2.557456,-4.617456,-5.237456,-4.537456,-3.627456,-7.837456,-3.737456,-1.2474561,-0.32745606,-2.357456,-1.057456,-2.097456,-2.1974561,-2.057456,-1.8674561,2.182544,0.012543946,-0.95745605,-2.1874561
-7.177456,-7.447456,-6.107456,-6.967456,-5.8174562,-5.307456,-5.087456,-3.9074562,-4.3174562,-2.747456,-3.3974562,-3.087456,-2.6574562,-1.577456,-3.327456,-3.617456,-3.6574562,-3.337456,-3.497456,-4.307456,-4.487456,-4.2774563,-4.497456,-4.257456,-4.5674562,-4.707456,-4.837456,-4.167456,-3.327456,-3.317456,-3.137456,-1.2574561,-1.657456,1.2825439,-0.51745605,0.092543945,-2.517456,-1.9774561,-2.4074562,-2.117456,-3.067456
-6.0274563,-4.377456,-8.837456,-8.127456,-7.637456,-6.0674562,-3.6974561,-2.8974562,-2.357456,-1.6074561,-2.057456,-1.427456,0.34254396,-1.3374561,-2.4474561,-2.9474561,-2.847456,-2.097456,-1.807456,-2.337456,-2.867456,-2.737456,-3.087456,-3.467456,-2.637456,-3.387456,-2.377456,-3.327456,-2.4074562,-2.637456,-2.617456,-2.857456,-3.107456,-2.757456,-1.787456,-0.6774561,0.0025439453,-1.4974561,-1.797456,-3.107456,-2.547456
-4.627456,-4.327456,-4.407456,-4.187456,-4.187456,-3.357456,-2.837456,-1.7074561,-2.017456,-1.317456,-1.297456,-1.8574561,-1.947456,-0.45745605,-0.037456054,-0.14745605,-0.90745604,-0.59745604,-0.53745604,-1.077456,-0.81745607,-1.647456,-1.787456,-1.927456,-0.39745605,0.952544,0.54254395,1.672544,1.6325439,-2.627456,-0.797456,-1.307456,-1.0074561,-1.667456,-1.8474561,-2.1674562,-1.157456,1.9925439,-0.62745607,1.2425439,1.072544
-3.627456,-3.377456,-2.367456,-1.527456,-1.637456,-1.8674561,-2.6774561,-2.1674562,-1.697456,-2.007456,-1.4674561,0.022543944,1.192544,0.60254395,0.79254395,1.6525439,0.80254394,1.232544,0.5625439,-1.077456,-0.62745607,-0.42745605,-0.89745605,-1.067456,-1.077456,-0.48745605,-1.1274561,-0.19745606,0.85254395,0.54254395,1.102544,1.1225439,0.892544,-1.177456,-2.867456,-1.387456,0.14254394,0.38254395,1.3925439,2.522544,-0.49745604
-3.4174562,-2.537456,-2.707456,-3.017456,-2.367456,-1.697456,-0.71745604,-1.187456,-1.8774561,-0.12745605,0.35254395,0.11254395,1.2425439,1.4925439,1.2925439,2.142544,2.292544,2.142544,2.392544,1.672544,1.102544,1.5125439,0.85254395,0.84254396,0.73254395,0.092543945,1.562544,0.48254395,1.5325439,1.302544,1.6625439,2.5825438,2.732544,-0.15745606,-0.81745607,-0.7474561,-0.48745605,-1.937456,-0.91745603,0.66254395,-2.217456
-3.117456,-2.287456,-1.657456,-1.417456,-0.82745606,-0.017456055,0.052543946,-0.77745605,-0.88745606,0.21254395,1.6225439,1.422544,1.462544,2.502544,2.252544,2.432544,2.502544,2.742544,2.762544,2.932544,3.122544,3.192544,3.0725439,2.442544,2.452544,2.382544,2.8025439,2.8225439,3.262544,3.642544,2.182544,3.5725439,2.872544,0.65254396,-0.007456055,-1.277456,-2.1474562,-0.19745606,-1.417456,0.36254394,-0.6174561
-2.077456,-1.897456,-1.437456,-0.39745605,0.032543946,0.92254394,2.202544,2.252544,1.472544,1.432544,1.302544,1.2925439,2.202544,2.752544,3.252544,3.0525439,3.132544,3.3425438,2.782544,3.3025439,3.452544,3.452544,3.672544,3.422544,3.712544,4.282544,5.132544,4.572544,5.212544,5.102544,4.422544,3.5625439,1.4925439,0.86254394,0.5625439,-1.407456,-1.7574561,1.102544,-1.027456,1.572544,-1.397456
-0.45745605,0.58254397,1.592544,1.182544,1.942544,1.7525439,1.202544,0.6925439,1.332544,0.43254393,0.40254393,2.502544,2.512544,2.702544,3.622544,3.382544,3.5825438,3.782544,2.642544,3.6025438,3.392544,3.8125439,3.682544,3.6025438,3.702544,4.242544,4.872544,6.142544,6.362544,5.462544,4.342544,4.242544,2.752544,2.042544,1.592544,2.882544,3.0825438,1.582544,0.31254396,-0.48745605,-0.41745606
1.0225439,1.312544,1.9125439,1.1325439,0.93254393,0.72254395,1.182544,1.202544,1.682544,1.102544,0.58254397,1.822544,2.642544,3.372544,2.992544,3.152544,2.272544,3.252544,3.212544,3.5925438,3.252544,3.472544,3.972544,3.8225439,5.302544,5.022544,5.802544,5.142544,4.7025437,4.482544,4.872544,5.4525437,4.412544,3.432544,3.5725439,3.382544,4.212544,2.702544,2.3225439,0.28254396,-0.65745604
1.8825439,1.302544,0.29254395,0.59254396,1.0425439,1.2725439,1.2425439,1.852544,1.822544,2.502544,0.62254393,1.192544,2.142544,3.672544,3.702544,3.382544,3.5625439,3.752544,3.402544,4.122544,4.412544,4.652544,5.322544,5.292544,5.312544,5.062544,4.852544,5.502544,4.812544,4.732544,4.712544,4.552544,4.662544,4.382544,4.092544,3.362544,2.692544,2.712544,2.212544,3.042544,0.29254395
-0.34745607,0.65254396,1.5025439,1.822544,3.0825438,2.1025438,2.902544,2.382544,3.192544,1.712544,0.33254394,1.812544,2.002544,3.3325438,4.582544,3.782544,4.012544,4.372544,4.232544,5.322544,5.272544,5.4325438,5.232544,5.2025437,5.022544,4.942544,5.152544,4.922544,5.282544,4.732544,4.6825438,6.382544,4.252544,4.9725437,5.2025437,5.662544,3.212544,3.8025439,3.912544,2.222544,0.66254395
