wind_kz.json
{"header": {"discipline":0,"disciplineName":"Meteorological products","gribEdition":2,"gribLength":871,"center":7,"centerName":"US National Weather Service - NCEP(WMC)","subcenter":0,"refTime":"2023-09-24T00:00:00.000Z","significanceOfRT":1,"significanceOfRTName":"Start of forecast","productStatus":0,"productStatusName":"Operational products","productType":1,"productTypeName":"Forecast products","productDefinitionTemplate":0,"productDefinitionTemplateName":"Analysis/forecast at horizontal level/layer at a point in time","parameterCategory":0,"parameterCategoryName":"UnknownDiscipline_0_Category_0","parameterNumber":0,"parameterNumberName":"UnknownParameter_D0_C0_0","parameterUnit":"Unknown","genProcessType":2,"genProcessTypeName":"Forecast","forecastTime":0,"surface1Type":1,"surface1TypeName":"Ground or water surface","surface1Value":0.0,"surface2Type":255,"surface2TypeName":"Missing","surface2Value":0.0,"gridDefinitionTemplate":0,"gridDefinitionTemplateName":"Latitude_Longitude","numberPoints":615,"shape":6,"shapeName":"Earth spherical with radius of 6,371,229.0 m","gridUnits":"degrees","resolution":48,"winds":"true","scanMode":64,"nx":41,"ny":15,"basicAngle":0,"lo1":47.0,"la1":41.0,"lo2":87.0,"la2":55.0,"dx":1.0,"dy":1.0}, "data":
[rows 0 to 14 of 15, columns 0 to 40 of 41]
288.1395,281.7395,286.5395,294.7395,294.6395,293.7395,292.2395,291.8395,289.6395,289.0395,288.1395,289.2395,288.7395,288.6395,288.4395,286.8395,287.3395,288.4395,286.2395,286.4395,286.9395,284.1395,281.8395,280.3395,281.9395,284.0395,282.2395,266.4395,264.2395,266.2395,267.1395,268.9395,278.3395,283.5395,284.1395,283.8395,282.9395,283.0395,283.8395,284.5395,286.6395
273.2395,285.1395,294.0395,294.6395,294.2395,293.0395,289.9395,288.9395,287.6395,287.6395,288.7395,287.5395,287.3395,286.9395,285.7395,286.2395,286.3395,287.1395,285.9395,285.4395,285.7395,287.0395,283.3395,278.3395,269.8395,269.1395,276.7395,266.6395,269.4395,261.9395,269.6395,253.0395,271.6395,252.1395,269.7395,279.6395,278.5395,281.2395,283.7395,277.8395,283.7395
287.7395,294.0395,294.3395,293.9395,292.1395,289.9395,288.9395,287.5395,286.5395,286.1395,285.4395,286.4395,285.7395,286.5395,287.9395,285.2395,284.3395,284.0395,285.3395,285.9395,288.3395,286.9395,288.1395,282.6395,281.7395,282.7395,283.0395,281.6395,281.1395,273.1395,263.6395,268.4395,273.1395,272.9395,274.2395,274.2395,270.2395,269.7395,270.8395,267.7395,258.9395
292.0395,293.3395,294.2395,293.0395,291.5395,288.6395,288.7395,287.5395,287.2395,286.3395,285.4395,285.2395,291.8395,291.3395,286.5395,286.7395,287.0395,285.3395,285.9395,285.8395,287.1395,282.1395,285.9395,287.5395,287.5395,287.5395,287.4395,285.2395,283.2395,284.4395,284.2395,281.7395,285.9395,285.4395,283.4395,281.2395,271.6395,265.8395,272.6395,282.3395,285.6395
291.8395,293.0395,293.4395,292.7395,291.0395,288.7395,289.4395,288.4395,287.6395,287.6395,288.0395,286.3395,290.9395,289.7395,288.2395,287.6395,287.9395,287.8395,286.7395,288.4395,288.4395,288.8395,288.2395,288.1395,287.6395,287.2395,285.2395,287.5395,285.7395,288.0395,288.8395,286.8395,275.1395,266.7395,278.9395,286.0395,287.2395,290.1395,288.1395,287.7395,288.9395
289.1395,288.2395,292.0395,292.7395,293.0395,292.5395,288.4395,289.7395,288.3395,288.7395,289.7395,289.8395,290.7395,290.8395,289.5395,288.7395,289.6395,288.5395,288.6395,288.8395,287.8395,287.2395,286.2395,285.3395,285.0395,282.9395,282.8395,289.1395,284.8395,285.1395,284.4395,285.0395,282.8395,282.1395,280.9395,285.7395,275.0395,278.0395,283.4395,287.2395,285.5395
287.5395,287.3395,289.0395,288.7395,289.4395,288.3395,289.1395,289.1395,290.2395,291.0395,291.9395,289.5395,289.1395,289.0395,289.1395,289.9395,289.4395,289.4395,288.4395,287.4395,285.8395,285.6395,284.6395,284.2395,282.2395,281.7395,280.9395,282.5395,281.5395,280.8395,280.6395,280.4395,281.0395,281.2395,280.2395,278.4395,275.5395,271.4395,270.7395,271.9395,280.6395
287.0395,286.7395,288.6395,289.0395,289.0395,289.9395,290.0395,290.0395,293.3395,292.8395,291.8395,289.3395,289.5395,290.6395,289.9395,288.9395,287.9395,287.7395,287.0395,283.6395,282.9395,282.4395,281.8395,281.0395,279.8395,277.4395,277.4395,278.5395,276.4395,278.1395,276.7395,277.2395,276.3395,275.0395,274.7395,276.8395,279.0395,287.7395,279.3395,280.9395,279.0395
286.7395,286.5395,287.2395,287.0395,289.1395,289.3395,289.1395,289.3395,292.4395,292.2395,290.1395,290.0395,286.9395,287.3395,286.0395,285.6395,284.8395,284.1395,283.4395,282.2395,279.9395,279.1395,279.2395,279.2395,277.7395,277.9395,275.3395,273.9395,273.6395,272.5395,273.3395,274.3395,276.9395,276.6395,275.8395,275.2395,274.0395,273.7395,268.1395,268.1395,267.1395
286.2395,286.5395,286.0395,286.3395,288.2395,288.9395,288.4395,288.2395,288.8395,291.9395,287.2395,286.0395,286.3395,285.4395,283.9395,283.5395,282.7395,282.0395,281.9395,281.4395,279.9395,279.0395,279.5395,279.3395,278.9395,277.1395,276.6395,276.2395,275.5395,275.0395,276.5395,278.8395,279.6395,278.9395,277.2395,275.4395,272.7395,270.9395,270.1395,270.0395,265.4395
285.2395,283.9395,285.4395,286.4395,288.1395,287.7395,288.0395,286.2395,287.2395,290.4395,285.4395,288.1395,287.7395,283.9395,282.9395,281.8395,281.5395,281.4395,281.1395,280.1395,279.9395,279.2395,279.2395,278.9395,280.6395,280.2395,275.9395,277.5395,277.6395,278.6395,279.9395,281.7395,280.6395,279.3395,279.9395,275.9395,272.9395,270.9395,272.9395,270.1395,268.5395
283.4395,285.0395,285.6395,286.3395,286.7395,286.3395,285.4395,285.8395,286.0395,290.1395,285.1395,288.2395,288.6395,283.3395,281.6395,281.1395,281.3395,281.0395,280.4395,280.2395,279.1395,278.6395,278.3395,281.0395,280.6395,281.3395,280.4395,279.0395,279.2395,279.9395,278.1395,279.7395,280.7395,278.9395,279.1395,279.3395,276.9395,277.1395,274.8395,276.5395,276.4395
284.0395,283.5395,284.6395,285.4395,286.3395,286.2395,285.3395,289.2395,289.7395,287.8395,283.0395,281.6395,284.5395,283.1395,282.8395,282.1395,282.0395,281.5395,281.3395,280.0395,278.9395,280.4395,277.2395,280.0395,281.3395,281.6395,282.1395,280.0395,280.4395,280.0395,278.7395,278.3395,277.3395,277.7395,277.2395,278.3395,278.5395,278.0395,275.6395,275.0395,274.8395
282.2395,285.3395,286.3395,286.3395,284.3395,284.8395,284.9395,288.6395,289.4395,288.1395,282.8395,281.0395,281.3395,282.7395,282.9395,282.8395,282.2395,281.6395,280.5395,280.3395,280.2395,281.7395,281.8395,282.1395,282.3395,281.9395,281.0395,280.3395,279.8395,279.6395,277.9395,276.3395,277.2395,275.9395,276.8395,274.9395,276.1395,277.4395,276.6395,273.7395,273.6395
284.6395,286.3395,286.9395,286.2395,285.7395,285.6395,285.5395,283.8395,289.0395,289.0395,287.2395,285.7395,284.3395,281.8395,282.8395,283.0395,282.1395,281.4395,280.9395,280.7395,280.6395,280.3395,282.9395,282.7395,281.8395,280.9395,279.9395,279.6395,279.3395,278.1395,275.9395,278.8395,275.1395,275.0395,277.1395,276.8395,275.7395,276.1395,277.8395,277.1395,276.8395
