wind_kz.json
{"header": {"discipline":0,"disciplineName":"Meteorological products","gribEdition":2,"gribLength":871,"center":7,"centerName":"US National Weather Service - NCEP(WMC)","subcenter":0,"refTime":"2023-08-18T12:00:00.000Z","significanceOfRT":1,"significanceOfRTName":"Start of forecast","productStatus":0,"productStatusName":"Operational products","productType":1,"productTypeName":"Forecast products","productDefinitionTemplate":0,"productDefinitionTemplateName":"Analysis/forecast at horizontal level/layer at a point in time","parameterCategory":0,"parameterCategoryName":"UnknownDiscipline_0_Category_0","parameterNumber":0,"parameterNumberName":"UnknownParameter_D0_C0_0","parameterUnit":"Unknown","genProcessType":2,"genProcessTypeName":"Forecast","forecastTime":300,"surface1Type":1,"surface1TypeName":"Ground or water surface","surface1Value":0.0,"surface2Type":255,"surface2TypeName":"Missing","surface2Value":0.0,"gridDefinitionTemplate":0,"gridDefinitionTemplateName":"Latitude_Longitude","numberPoints":615,"shape":6,"shapeName":"Earth spherical with radius of 6,371,229.0 m","gridUnits":"degrees","resolution":48,"winds":"true","scanMode":64,"nx":41,"ny":15,"basicAngle":0,"lo1":47.0,"la1":41.0,"lo2":87.0,"la2":55.0,"dx":1.0,"dy":1.0}, "data":
[rows 0 to 14 of 15, columns 0 to 40 of 41]
294.29257,289.0926,293.39258,298.5926,298.0926,297.0926,298.19257,298.39258,297.69257,296.39258,295.5926,298.0926,297.39258,296.99258,296.5926,294.29257,294.79257,292.99258,293.89258,293.69257,293.99258,290.69257,288.19257,287.5926,289.39258,291.29257,290.19257,276.5926,277.19257,276.99258,275.19257,271.69257,285.69257,291.39258,292.49258,291.89258,290.69257,290.5926,290.79257,292.89258,292.5926
278.29257,292.99258,298.19257,298.39258,298.19257,296.79257,297.5926,296.99258,295.39258,294.89258,295.39258,294.79257,294.79257,294.0926,293.5926,293.69257,294.69257,293.39258,293.39258,292.49258,293.79257,294.89258,291.39258,286.39258,273.89258,275.49258,285.0926,276.39258,277.0926,273.19257,280.5926,268.69257,267.49258,255.29257,267.29257,289.89258,288.19257,289.99258,293.0926,286.39258,283.89258
294.99258,298.5926,298.69257,298.29257,296.39258,297.69257,296.69257,294.99258,294.69257,294.29257,292.79257,293.39258,292.19257,293.69257,295.19257,293.19257,292.79257,292.0926,292.0926,293.39258,294.49258,295.69257,295.99258,288.39258,287.89258,287.39258,290.69257,289.69257,288.49258,282.19257,273.49258,275.89258,279.69257,279.49258,280.69257,282.69257,272.99258,272.69257,275.49258,272.5926,272.5926
295.29257,298.89258,298.39258,297.49258,295.99258,296.0926,295.5926,294.89258,294.79257,293.89258,292.69257,292.49258,295.19257,294.39258,294.79257,292.99258,294.29257,292.89258,292.69257,292.99258,294.49258,287.29257,292.69257,293.39258,291.49258,293.29257,292.69257,292.19257,289.99258,289.79257,289.19257,288.99258,293.0926,290.29257,289.79257,288.69257,275.69257,273.49258,279.69257,285.5926,288.69257
294.79257,298.69257,298.49258,297.89258,297.29257,296.5926,296.99258,296.19257,295.19257,293.99258,293.0926,291.0926,295.0926,293.79257,291.39258,293.99258,293.69257,293.19257,291.69257,293.69257,293.39258,292.5926,291.69257,292.89258,293.49258,292.0926,291.49258,291.49258,289.79257,291.5926,293.39258,288.49258,280.99258,271.29257,280.29257,289.49258,291.49258,293.29257,292.69257,292.79257,292.99258
292.89258,293.39258,297.29257,297.49258,297.99258,297.5926,296.0926,295.49258,295.19257,294.0926,294.89258,292.89258,293.99258,294.49258,292.49258,292.19257,292.19257,292.39258,291.49258,292.29257,291.19257,291.69257,291.89258,291.49258,290.69257,290.89258,291.69257,293.19257,292.79257,293.79257,292.0926,293.29257,291.79257,286.99258,288.89258,291.19257,284.39258,286.29257,290.79257,292.49258,291.89258
292.69257,292.79257,294.0926,295.39258,295.89258,294.99258,294.99258,294.89258,295.89258,296.5926,294.5926,293.49258,292.0926,291.49258,290.79257,292.5926,291.89258,292.19257,291.29257,289.89258,288.49258,289.29257,288.99258,289.39258,289.5926,290.79257,291.39258,292.5926,292.99258,292.89258,292.29257,292.19257,293.0926,292.99258,291.29257,290.49258,286.0926,283.0926,280.5926,279.19257,289.49258
293.49258,293.5926,294.79257,295.39258,296.39258,296.0926,295.39258,294.89258,293.5926,293.89258,292.89258,292.5926,290.99258,291.5926,292.29257,292.39258,291.79257,291.29257,290.89258,288.0926,286.0926,285.99258,285.89258,285.99258,284.89258,283.79257,285.19257,286.99258,286.89258,288.89258,287.99258,288.79257,287.99258,286.69257,286.0926,288.0926,289.0926,289.29257,290.69257,290.29257,286.69257
292.99258,293.99258,294.5926,293.69257,295.0926,294.49258,292.29257,292.29257,290.79257,288.79257,288.39258,289.69257,288.69257,288.89258,288.89258,289.99258,290.0926,290.89258,290.69257,289.0926,283.39258,282.49258,282.99258,283.39258,281.89258,282.29257,280.79257,280.29257,281.39258,282.49258,284.49258,284.89258,285.49258,287.99258,288.89258,285.5926,286.5926,286.89258,278.79257,276.99258,274.29257
293.19257,294.5926,294.0926,293.49258,292.79257,292.19257,290.89258,289.0926,287.5926,285.99258,285.5926,286.99258,286.79257,286.29257,286.29257,285.69257,285.69257,286.0926,285.79257,285.29257,283.69257,283.39258,283.69257,283.19257,282.39258,281.0926,280.5926,280.49258,280.5926,280.49258,280.89258,285.0926,287.79257,288.39258,289.19257,288.5926,285.89258,285.49258,282.29257,281.39258,277.49258
293.0926,292.39258,292.49258,291.39258,290.5926,290.19257,288.69257,286.39258,285.19257,284.5926,283.79257,283.69257,285.0926,284.0926,285.79257,285.39258,284.99258,285.19257,285.0926,283.5926,283.19257,282.39258,281.79257,281.79257,280.29257,280.29257,278.79257,280.79257,280.69257,281.79257,283.89258,284.49258,283.5926,285.89258,286.19257,286.19257,283.49258,281.19257,281.69257,281.19257,279.69257
289.5926,290.99258,291.49258,290.49258,289.19257,287.99258,285.79257,284.29257,282.79257,283.0926,280.89258,281.69257,282.99258,282.19257,284.0926,283.99258,283.29257,283.0926,282.79257,282.19257,281.39258,280.49258,279.69257,279.39258,278.99258,279.89258,279.69257,281.29257,282.19257,282.89258,281.49258,282.89258,283.5926,281.49258,281.99258,284.5926,285.0926,284.69257,285.29257,284.69257,284.49258
291.89258,291.19257,291.49258,290.49258,289.39258,287.0926,285.5926,284.19257,280.29257,279.99258,278.29257,277.29257,280.19257,280.5926,281.29257,281.69257,281.49258,281.0926,280.89258,280.29257,279.5926,277.79257,277.99258,278.19257,282.89258,282.19257,280.99258,280.0926,280.89258,279.69257,280.69257,280.19257,280.79257,282.29257,283.89258,281.79257,281.79257,282.79257,284.5926,284.89258,284.19257
293.49258,292.29257,290.89258,290.29257,287.99258,286.99258,285.29257,283.99258,281.99258,280.49258,278.5926,276.79257,276.5926,278.89258,278.79257,279.5926,278.99258,278.29257,278.69257,278.89258,279.19257,281.69257,277.99258,277.69257,277.99258,278.29257,278.0926,278.5926,277.69257,278.29257,279.29257,279.19257,278.79257,278.69257,279.49258,279.79257,283.0926,282.89258,281.0926,282.19257,284.79257
290.5926,291.29257,290.79257,289.89258,288.89258,287.39258,285.29257,283.69257,282.29257,280.69257,280.29257,281.49258,278.39258,277.39258,278.0926,278.19257,277.99258,276.89258,277.19257,277.69257,278.99258,282.19257,281.79257,279.39258,280.5926,280.79257,281.0926,281.5926,277.5926,276.79257,278.5926,280.0926,276.5926,276.19257,276.49258,277.49258,278.49258,279.29257,283.29257,281.29257,281.29257
