wind_kz.json
{"header": {"discipline":0,"disciplineName":"Meteorological products","gribEdition":2,"gribLength":1025,"center":7,"centerName":"US National Weather Service - NCEP(WMC)","subcenter":0,"refTime":"2025-04-05T12:00:00.000Z","significanceOfRT":1,"significanceOfRTName":"Start of forecast","productStatus":0,"productStatusName":"Operational products","productType":1,"productTypeName":"Forecast products","productDefinitionTemplate":0,"productDefinitionTemplateName":"Analysis/forecast at horizontal level/layer at a point in time","parameterCategory":2,"parameterCategoryName":"UnknownDiscipline_0_Category_2","parameterNumber":2,"parameterNumberName":"UnknownParameter_D0_C2_2","parameterUnit":"Unknown","genProcessType":2,"genProcessTypeName":"Forecast","forecastTime":0,"surface1Type":103,"surface1TypeName":"Specified height level above ground","surface1Value":10.0,"surface2Type":255,"surface2TypeName":"Missing","surface2Value":0.0,"gridDefinitionTemplate":0,"gridDefinitionTemplateName":"Latitude_Longitude","numberPoints":615,"shape":6,"shapeName":"Earth spherical with radius of 6,371,229.0 m","gridUnits":"degrees","resolution":48,"winds":"true","scanMode":64,"nx":41,"ny":15,"basicAngle":0,"lo1":47.0,"la1":41.0,"lo2":87.0,"la2":55.0,"dx":1.0,"dy":1.0}, "data":
[rows 0 to 14 of 15, columns 0 to 40 of 41]
1.2303107,2.1703107,3.2503107,-3.0996892,-0.75968933,1.2703106,2.9503107,1.2703106,-4.2696896,-4.499689,-5.419689,-5.4896894,-3.8996894,-2.8496892,-2.3296893,-2.7196894,-1.0896894,-2.4996893,-1.4196893,-3.6596894,-3.1896894,-1.7996893,1.7503107,1.7303107,-0.13968933,-0.61968935,-1.5996894,0.6003107,2.6803107,0.44031066,2.0803106,2.0803106,-0.9696893,0.37031066,2.1303108,2.6103106,2.2903106,3.1103106,3.0703106,3.0103106,3.7003107
2.8703108,-1.8196893,-8.299689,-9.219689,-3.5196893,-0.36968935,-1.9196893,-0.61968935,-2.2896893,-1.9596894,-3.4996893,-3.3996894,-1.5196893,-0.18968934,-2.2196894,-0.62968934,-1.9496894,-0.039689332,-0.66968936,0.31031066,1.6603106,3.5003107,0.56031066,3.0203106,1.6603106,0.9703107,-0.20968933,2.0403106,2.5603106,1.1003107,0.6503107,0.30031067,0.64031065,0.20031066,-0.30968934,1.7903106,1.5303106,3.8903108,4.2203107,2.2003107,5.9103107
-2.0696893,-5.7896895,-8.839689,-7.4496894,-5.0596895,-3.8096893,-3.1596894,-2.1996894,-1.3096893,-0.86968935,-0.9096893,-0.41968933,0.7103107,-0.01968933,-0.49968934,-1.2496893,0.020310668,-1.5496893,-0.039689332,1.7803106,2.9503107,4.2603106,4.0103106,6.040311,5.600311,1.6203107,3.2203107,1.8303107,2.1603107,-1.1496893,0.9803107,0.23031066,-2.7696893,3.9403107,-0.7796893,-1.1196893,0.7303107,0.38031065,-0.01968933,1.6803107,1.5903107
-8.60969,-8.709689,-7.4896894,-5.5896893,-1.7596893,-2.8096893,-2.3596892,-0.48968932,0.74031067,1.0203106,0.07031067,2.3803108,-4.0896893,-4.1596894,0.9203107,1.9203106,1.5903107,2.4703107,2.2403107,3.3303106,3.7803106,4.270311,2.6303108,2.1103106,1.9203106,-0.62968934,1.1203107,4.020311,-0.54968935,1.7203107,1.0403106,3.8603106,6.540311,7.270311,6.2103105,3.2003107,-0.42968932,1.6003107,-2.0196893,-2.9596894,0.44031066
-7.3496895,-6.189689,-5.0896893,-3.5296893,-2.3896894,-1.2896893,0.30031067,1.0503106,0.8603107,1.5303106,2.3203106,0.77031064,-2.9196894,-2.6296892,-0.6996893,3.4103107,3.7603106,4.310311,4.7203107,3.5803106,3.7203107,1.1603106,2.1203108,2.7403107,3.8403106,4.4003105,4.7803106,-0.32968932,2.9803107,0.25031066,1.9303107,2.5103106,-0.8896893,2.5003107,2.2803106,8.010311,2.5803106,0.12031067,1.0303106,-1.9896894,-5.149689
-4.439689,-2.8696892,-1.8696893,-1.1696893,0.020310668,-0.86968935,3.3003106,3.3303106,3.3203106,4.1903105,4.080311,4.0903106,-0.98968935,-0.19968933,2.7803106,3.9303107,2.9503107,4.0303106,4.4103107,0.95031065,3.2203107,2.5003107,2.6603107,3.3903108,3.9803107,4.120311,4.7303104,-2.5196893,1.6303107,2.4603107,4.390311,3.6403108,1.6803107,4.5103106,3.6503108,0.25031066,0.9203107,3.3903108,10.38031,-5.1596894,-5.419689
1.6903107,2.7303107,0.7103107,1.8103107,1.6003107,2.8103106,3.1503108,3.0503106,3.0003107,4.4003105,4.6303105,3.5603106,3.7303107,2.8803108,3.6103106,3.7603106,3.1703107,2.6503108,1.2503107,2.0503106,2.8303106,2.4303107,2.1703107,1.9103106,2.3703108,3.1703107,3.3403106,2.5803106,3.0903106,2.5403106,2.0003107,2.3903108,1.9003106,1.2703106,2.9603107,1.5603107,-1.2596893,0.82031065,2.1803107,-1.1196893,1.7603106
4.620311,3.9803107,4.7803106,5.1803107,5.750311,3.1403108,4.9803104,3.9203107,3.1703107,3.2903106,4.290311,5.0903106,4.8803105,3.8503106,3.8603106,4.8603106,5.020311,5.140311,4.0303106,4.4103107,3.8203106,4.7203107,3.2803106,2.7103107,3.4003108,3.3403106,3.2503107,1.7003107,2.2303107,2.9203107,1.7003107,3.2703106,-1.7196894,1.8403107,0.31031066,-4.359689,-0.9596893,3.0203106,5.020311,3.2403107,3.3603106
5.8403106,5.370311,6.040311,4.4403105,4.4103107,4.6303105,6.100311,5.4203105,5.6503105,5.9403105,5.620311,5.060311,6.7303104,6.6603107,6.310311,5.140311,5.270311,6.250311,6.4503107,6.140311,6.4703107,3.8703108,5.7003107,4.2103105,4.0103106,3.5403106,3.3903108,3.6203108,3.9603107,3.9603107,3.5303106,3.3103106,3.9503107,1.3903106,0.110310666,-0.9696893,-0.32968932,-2.6896894,-0.98968935,-0.48968932,0.33031067
4.4003105,5.6703105,4.520311,5.060311,6.6903105,6.350311,7.7603106,6.6903105,7.100311,7.5903106,7.2303104,7.250311,8.170311,7.7603106,8.260311,7.870311,6.500311,6.560311,6.7203107,6.5503106,7.790311,8.070311,6.4303107,6.080311,4.9403105,5.2603106,5.2803106,5.3403106,5.0103106,5.870311,5.8003106,4.310311,2.9603107,2.4003108,1.2803106,-2.2096894,-1.4796894,-0.24968933,1.0503106,1.1503106,1.4603107
4.5303106,6.310311,6.2203107,6.6103106,6.560311,6.4603105,7.270311,7.600311,7.580311,7.6603107,6.250311,5.9603105,9.360311,8.64031,9.300311,8.85031,7.7603106,7.1803107,6.5103106,6.890311,7.2003107,7.1303105,6.520311,4.9003105,4.4703107,5.0503106,6.080311,7.0303106,6.7103105,6.270311,6.020311,5.0103106,4.9903107,4.6503105,4.580311,-0.14968933,-0.31968933,1.3403107,2.7503107,2.7903106,0.8003107
2.6203108,5.6103106,3.1803107,4.6703105,4.1303105,4.0903106,4.540311,4.7803106,5.5703106,4.9403105,6.2203107,5.7403107,6.2403107,7.3603106,7.9503107,8.000311,7.890311,7.4803104,7.2403107,6.8003106,6.870311,5.890311,5.5303106,5.640311,6.2103105,6.7103105,7.4603105,7.4803104,7.0703106,6.6803107,5.3803105,5.4503107,5.1703105,5.0303106,4.2003107,4.9903107,6.1703105,6.5503106,6.2603106,5.4603105,3.0803106
-0.74968934,1.0903107,-0.22968933,3.5003107,2.9203107,4.6603107,4.1103106,6.2203107,5.7603106,3.8003106,3.8303106,6.2603106,6.7303104,7.560311,6.6303105,7.020311,7.140311,7.140311,6.810311,6.6803107,6.4703107,6.2803106,6.4903107,7.0703106,8.14031,8.6903105,7.6903105,7.9903107,8.290311,6.3403106,6.020311,6.100311,5.5703106,4.000311,4.9203105,5.0503106,5.9203105,4.580311,5.9303107,4.770311,4.060311
-1.0696893,-0.85968935,-1.4096893,-0.9096893,-0.13968933,0.0103106685,-0.15968934,1.0103106,2.8403106,4.6903105,3.0603106,4.100311,5.520311,7.8403106,7.9803104,7.770311,7.4703107,7.5503106,7.3403106,7.810311,7.520311,7.770311,8.27031,8.090311,7.2603106,6.9603105,6.2403107,6.500311,6.7603106,6.2803106,4.8403106,4.270311,4.7403107,4.7603106,4.750311,5.8003106,5.4803104,5.4003105,5.8803105,4.810311,6.140311
2.4603107,2.9303107,1.3003106,2.9303107,2.8203106,3.5803106,3.3203106,3.4203107,2.7303107,1.5103106,-0.04968933,2.3903108,1.1503106,1.0303106,4.810311,4.9503107,5.020311,3.8203106,7.000311,8.030311,7.850311,8.050311,7.5903106,7.4903107,7.3603106,6.6603107,5.8803105,5.3803105,5.100311,5.000311,4.080311,3.7603106,4.4203105,5.140311,5.4403105,6.3603106,6.250311,7.060311,7.3803105,7.2603106,5.3003106
