wind_kz.json
{"header": {"discipline":0,"disciplineName":"Meteorological products","gribEdition":2,"gribLength":871,"center":7,"centerName":"US National Weather Service - NCEP(WMC)","subcenter":0,"refTime":"2023-09-19T18:00:00.000Z","significanceOfRT":1,"significanceOfRTName":"Start of forecast","productStatus":0,"productStatusName":"Operational products","productType":1,"productTypeName":"Forecast products","productDefinitionTemplate":0,"productDefinitionTemplateName":"Analysis/forecast at horizontal level/layer at a point in time","parameterCategory":0,"parameterCategoryName":"UnknownDiscipline_0_Category_0","parameterNumber":0,"parameterNumberName":"UnknownParameter_D0_C0_0","parameterUnit":"Unknown","genProcessType":2,"genProcessTypeName":"Forecast","forecastTime":180,"surface1Type":1,"surface1TypeName":"Ground or water surface","surface1Value":0.0,"surface2Type":255,"surface2TypeName":"Missing","surface2Value":0.0,"gridDefinitionTemplate":0,"gridDefinitionTemplateName":"Latitude_Longitude","numberPoints":615,"shape":6,"shapeName":"Earth spherical with radius of 6,371,229.0 m","gridUnits":"degrees","resolution":48,"winds":"true","scanMode":64,"nx":41,"ny":15,"basicAngle":0,"lo1":47.0,"la1":41.0,"lo2":87.0,"la2":55.0,"dx":1.0,"dy":1.0}, "data":
[rows 0 to 14 of 15, columns 0 to 40 of 41]
300.3626,289.7626,297.2626,294.1626,294.2626,293.8626,303.8626,309.3626,306.5626,307.6626,304.2626,304.4626,304.4626,305.2626,307.1626,310.9626,312.0626,311.0626,317.6626,314.1626,317.0626,313.4626,313.1626,309.0626,309.3626,311.0626,309.0626,300.0626,296.3626,289.0626,288.6626,278.7626,294.9626,301.5626,301.1626,301.2626,303.0626,302.2626,305.4626,311.4626,311.2626
287.6626,297.0626,293.8626,294.0626,293.7626,292.1626,307.7626,303.5626,304.8626,303.1626,304.1626,304.3626,305.3626,305.2626,308.1626,312.0626,313.5626,312.9626,314.1626,315.3626,315.9626,311.9626,310.5626,301.1626,291.6626,293.7626,301.7626,298.2626,298.7626,290.5626,298.9626,285.5626,289.5626,269.5626,273.1626,299.6626,303.1626,301.2626,303.3626,297.4626,284.5626
298.9626,292.9626,294.0626,293.5626,291.5626,303.2626,302.9626,302.6626,302.4626,303.0626,303.0626,302.7626,304.9626,305.4626,303.4626,307.5626,307.9626,309.2626,311.4626,312.9626,310.5626,313.3626,310.5626,308.5626,305.4626,306.2626,307.4626,308.0626,304.4626,299.2626,287.4626,292.7626,299.7626,298.2626,298.3626,295.5626,284.2626,290.6626,292.1626,280.3626,276.3626
300.8626,292.7626,293.9626,292.5626,294.4626,302.4626,301.2626,301.9626,303.6626,302.1626,302.3626,301.5626,291.5626,290.9626,305.0626,305.8626,304.2626,307.0626,308.1626,311.3626,313.7626,307.6626,305.8626,306.5626,307.5626,304.4626,306.6626,307.6626,305.0626,305.5626,306.0626,304.8626,307.1626,309.1626,310.2626,303.9626,280.6626,273.1626,281.4626,297.9626,296.9626
299.1626,291.6626,292.7626,291.8626,295.1626,301.5626,301.4626,303.4626,301.2626,300.4626,301.4626,303.0626,290.4626,289.4626,287.9626,305.1626,305.8626,303.5626,304.4626,303.0626,304.2626,306.0626,306.6626,306.1626,307.1626,307.5626,304.3626,300.1626,307.8626,308.6626,305.9626,303.3626,297.7626,283.9626,292.7626,298.6626,297.3626,303.3626,304.3626,302.0626,300.1626
299.5626,299.6626,290.7626,290.6626,291.5626,290.7626,302.7626,300.9626,298.8626,301.4626,300.6626,300.2626,292.0626,290.3626,297.3626,303.2626,302.7626,305.3626,303.6626,305.0626,305.1626,304.1626,304.1626,303.3626,303.5626,303.4626,303.6626,287.9626,300.9626,301.1626,303.2626,301.7626,305.5626,307.0626,301.9626,295.8626,300.4626,291.1626,305.1626,304.8626,300.1626
300.3626,302.1626,300.2626,301.2626,298.9626,301.5626,301.7626,301.2626,299.9626,300.4626,300.7626,299.7626,299.9626,300.6626,301.4626,301.1626,302.9626,303.0626,305.3626,303.8626,303.5626,303.6626,302.8626,301.7626,299.8626,300.5626,302.1626,304.5626,304.7626,305.0626,303.4626,301.7626,301.3626,299.0626,298.4626,296.6626,296.7626,295.3626,280.8626,284.9626,293.8626
300.8626,301.8626,301.0626,300.3626,300.9626,301.3626,302.4626,303.0626,302.0626,300.6626,300.2626,299.7626,300.2626,299.6626,301.1626,301.8626,300.8626,301.3626,302.5626,302.5626,300.8626,302.8626,302.5626,302.5626,300.5626,298.7626,297.9626,300.7626,298.7626,299.4626,298.2626,301.6626,303.0626,297.5626,298.1626,297.3626,297.6626,287.2626,297.7626,297.4626,295.7626
301.5626,300.5626,300.8626,301.1626,300.0626,300.6626,302.1626,301.7626,301.5626,301.2626,300.5626,300.7626,299.9626,301.1626,300.7626,302.0626,301.6626,302.7626,300.4626,300.4626,299.8626,299.5626,301.1626,301.6626,300.2626,299.3626,297.9626,297.6626,296.7626,297.6626,297.5626,297.4626,296.8626,296.8626,295.5626,293.0626,295.1626,294.8626,276.9626,280.4626,274.9626
302.2626,302.1626,303.3626,302.4626,301.7626,302.0626,302.6626,302.1626,301.3626,301.5626,300.4626,299.6626,299.9626,299.3626,300.2626,300.1626,301.0626,302.5626,302.3626,301.8626,300.2626,300.0626,300.1626,301.8626,301.9626,300.5626,300.4626,300.1626,298.4626,299.3626,300.4626,298.4626,297.1626,296.8626,297.9626,296.4626,293.5626,290.6626,291.4626,286.3626,284.8626
300.2626,300.2626,299.5626,299.9626,299.1626,300.2626,300.5626,301.5626,300.6626,300.5626,298.9626,298.7626,299.2626,298.0626,298.7626,299.2626,299.0626,300.3626,300.3626,299.3626,300.0626,299.7626,299.3626,299.6626,298.8626,299.3626,297.7626,300.8626,301.4626,303.0626,301.3626,300.2626,298.9626,296.5626,297.0626,297.0626,290.5626,290.3626,293.9626,286.8626,283.6626
297.5626,298.1626,298.3626,297.5626,297.6626,296.7626,296.4626,296.2626,297.9626,298.6626,295.8626,295.2626,297.8626,297.3626,297.0626,298.3626,298.0626,297.7626,298.3626,298.2626,296.4626,296.6626,296.6626,297.6626,296.4626,298.5626,298.1626,300.1626,301.3626,300.7626,299.0626,298.7626,296.5626,296.4626,294.9626,295.7626,295.4626,296.7626,293.5626,294.9626,292.6626
293.1626,295.0626,295.3626,297.3626,295.0626,294.3626,295.7626,295.9626,295.7626,293.3626,290.7626,290.7626,293.2626,293.2626,294.4626,295.4626,295.8626,295.4626,297.0626,296.1626,295.9626,294.7626,292.5626,294.1626,296.2626,297.7626,299.3626,298.3626,298.1626,298.5626,298.8626,297.6626,297.4626,296.6626,295.9626,294.0626,294.1626,292.9626,293.1626,291.9626,291.1626
295.3626,294.7626,290.3626,293.1626,292.3626,291.5626,291.5626,290.6626,292.6626,291.9626,289.2626,286.6626,289.5626,290.4626,292.3626,292.5626,292.4626,291.8626,293.2626,294.1626,294.4626,294.5626,295.1626,294.9626,296.0626,297.3626,297.1626,297.3626,297.5626,297.5626,297.2626,296.4626,295.5626,294.8626,294.7626,293.4626,292.9626,292.1626,292.2626,289.3626,291.2626
291.2626,293.5626,286.7626,292.9626,293.0626,291.7626,291.3626,290.7626,290.9626,290.9626,288.5626,288.7626,285.9626,287.8626,289.3626,289.7626,289.7626,290.3626,292.5626,292.3626,292.4626,293.6626,293.6626,293.5626,293.8626,294.9626,295.5626,295.4626,295.9626,296.6626,296.4626,289.8626,295.2626,294.7626,295.2626,294.7626,294.8626,292.9626,293.7626,292.5626,287.6626
