wind_kz.json
{"header": {"discipline":0,"disciplineName":"Meteorological products","gribEdition":2,"gribLength":1025,"center":7,"centerName":"US National Weather Service - NCEP(WMC)","subcenter":0,"refTime":"2023-09-26T00:00:00.000Z","significanceOfRT":1,"significanceOfRTName":"Start of forecast","productStatus":0,"productStatusName":"Operational products","productType":1,"productTypeName":"Forecast products","productDefinitionTemplate":0,"productDefinitionTemplateName":"Analysis/forecast at horizontal level/layer at a point in time","parameterCategory":2,"parameterCategoryName":"UnknownDiscipline_0_Category_2","parameterNumber":3,"parameterNumberName":"UnknownParameter_D0_C2_3","parameterUnit":"Unknown","genProcessType":2,"genProcessTypeName":"Forecast","forecastTime":300,"surface1Type":103,"surface1TypeName":"Specified height level above ground","surface1Value":10.0,"surface2Type":255,"surface2TypeName":"Missing","surface2Value":0.0,"gridDefinitionTemplate":0,"gridDefinitionTemplateName":"Latitude_Longitude","numberPoints":615,"shape":6,"shapeName":"Earth spherical with radius of 6,371,229.0 m","gridUnits":"degrees","resolution":48,"winds":"true","scanMode":64,"nx":41,"ny":15,"basicAngle":0,"lo1":47.0,"la1":41.0,"lo2":87.0,"la2":55.0,"dx":1.0,"dy":1.0}, "data":
[rows 0 to 14 of 15, columns 0 to 40 of 41]
1.0170556,1.6870557,3.0970557,10.447056,6.137056,3.6670556,3.3970556,2.0670557,1.1270556,0.24705566,0.45705566,-0.12294433,-1.3629444,-0.56294435,-1.7929443,-2.3629444,-3.4029443,-4.5029445,-5.0629444,-4.2729445,-3.6429443,-3.5129442,-3.0529444,-0.13294433,5.6870556,2.9670556,-4.9429445,2.0170557,-3.5429444,-2.2729445,-1.5229443,3.1070557,-1.7629443,-0.9029443,-0.94294435,-1.9629444,-1.7329444,-0.44294435,-0.48294434,0.21705566,-0.15294434
4.407056,-0.77294433,9.947056,10.097055,6.9370556,4.1670556,5.0670557,3.3870556,1.9170556,0.72705567,0.56705564,-2.0729444,-1.2029443,-4.782944,-2.5229445,-3.4629443,-3.8429444,-3.0829444,-3.3629444,-3.7029443,-2.9029443,-2.2829444,-3.0229445,-1.2729443,0.43705568,1.9070556,2.0070558,1.9370557,0.54705566,-0.8529443,-1.5929444,-0.26294434,1.5970557,0.07705566,1.7070557,1.2070557,1.7170557,1.9670557,1.5370556,1.0470557,0.20705566
-0.9029443,5.717056,8.307055,7.2070556,4.8770556,5.1870556,4.7570558,3.1770556,2.9470556,1.0570557,-1.2029443,-2.1229444,-3.5829444,-5.6929445,-4.342944,-3.1329443,-3.0629444,-3.4829443,-3.2129443,-2.4929442,-1.2129444,-1.2129444,-1.7829443,-0.16294433,-2.1429443,0.62705564,2.0170557,5.5770555,3.2770557,0.007055664,-4.2529445,-3.1129444,-2.4229443,1.3070557,-0.70294434,-0.81294435,-0.99294436,-3.2429442,-1.2529444,1.1070557,-0.06294434
4.6670556,6.6270556,6.5370555,6.407056,7.407056,6.427056,5.0470557,3.9470556,1.8270557,1.4570557,-0.012944336,-1.7829443,-2.9529443,-4.0629444,-5.7929444,-4.822944,-2.6329443,-2.7029443,-3.1029444,-3.1729443,-1.9529443,-0.042944334,-4.4129443,-4.132944,-3.2929444,-3.2329443,6.0670557,6.4770555,4.5270557,4.407056,0.14705567,-9.432944,1.8470557,0.107055664,-0.13294433,-0.022944337,-0.9229443,0.68705565,-0.62294436,-0.61294436,-4.342944
5.5770555,5.617056,6.2970557,4.2870555,4.927056,5.487056,4.5270557,3.9970558,2.5870557,1.2470556,-0.6729443,0.37705567,-1.9629444,-4.052944,-5.4029446,-3.2729445,-3.5129442,-2.6229444,-3.8729444,-2.8929443,-0.47294435,-0.29294434,-0.86294436,0.69705564,-1.9329443,-6.5829444,-2.8329444,0.45705566,1.3270557,-1.2529444,-3.7329443,-4.342944,-2.5129442,-1.8229443,0.23705566,1.8970556,-1.7429444,-1.4629444,-0.70294434,-1.0929444,-2.8229444
7.157056,6.5270557,3.3270557,2.1170557,1.3270557,1.1470556,5.5770555,4.8470554,2.8470557,1.0270556,-1.4429443,-2.5329444,0.55705565,-2.7229443,-3.9029443,-4.632944,-4.6029444,-4.6529446,-4.2729445,-2.2929444,0.39705566,0.74705565,-0.52294433,-1.4829444,-0.86294436,-0.44294435,-2.5129442,-5.1529446,-1.0129443,-1.7529444,-3.3529444,-4.762944,-5.8329444,-4.0629444,-1.2029443,-0.5329443,-1.6529443,-1.6929443,-0.38294435,0.7670557,-4.1729445
8.487056,8.327056,8.137055,6.8470554,5.177056,6.2970557,6.0870557,4.7470555,2.9970558,1.0670557,-0.9029443,-2.2229443,-3.5329444,-4.132944,-4.862944,-5.4129443,-5.1229444,-3.8029444,-3.1229444,-3.6829443,-1.4029443,1.4970556,0.037055664,-0.61294436,2.6570556,1.7170557,0.56705564,-2.4629443,-3.5529444,-4.2529445,-4.9629445,-5.632944,-6.6629443,-8.092944,0.33705565,-0.18294434,0.26705566,-0.9629443,-1.0929444,0.12705566,-2.8429444
7.737056,7.4770555,8.987056,8.757055,7.8070555,7.3270555,6.7870555,5.617056,4.367056,2.2370558,0.21705566,-1.6329443,-3.0129442,-3.8929443,-5.072944,-5.6629443,-5.842944,-4.9929442,-3.4929442,-3.2929444,-2.9729443,-2.1529443,-1.6629443,-1.7329444,-2.7029443,1.2070557,1.3270557,-0.82294434,-2.3229444,-4.2029443,-4.6029444,-4.1929445,-5.842944,-6.9329443,-3.9529443,-3.9429443,-1.2029443,-1.0529443,1.1370556,1.6070557,-0.45294434
7.8570557,7.907056,8.257055,8.737056,8.087055,7.7670555,7.237056,6.0370555,4.9770555,3.5670557,1.5270556,-0.20294434,-1.8829443,-3.2429442,-3.9629443,-4.7329445,-5.092944,-5.132944,-4.9429445,-3.5329444,-1.9029443,-3.1829443,-2.8629444,-1.6129444,-1.3729444,-1.8329444,-1.5629443,-0.83294433,-0.7229443,-0.37294433,-2.7829444,-5.822944,-6.5029445,-6.9829445,-6.012944,-4.9729443,-0.9229443,-2.1129444,-2.3729444,-2.2129443,-3.2429442
7.7070556,7.9370556,8.397056,9.037056,8.677055,8.287056,7.657056,7.0470557,5.927056,4.5570555,3.1970556,1.2770556,-0.39294434,-1.7129444,-2.7729445,-3.2429442,-3.4529443,-3.4229443,-3.2729445,-2.6629443,-2.5829444,-2.7629442,-2.9729443,-2.7829444,-2.4129443,-1.6429443,-1.6429443,-1.5329443,-1.6429443,-3.2329443,-3.4429443,-4.302944,-5.1529446,-6.4929442,-7.1029444,-2.9129443,0.6470557,0.017055664,-2.4929442,-0.81294435,-1.7029443
7.1270556,7.467056,8.437056,8.647056,8.387055,7.9770555,7.907056,7.487056,6.487056,5.2070556,4.1070557,2.9570556,1.3470557,-0.08294433,-1.1929443,-1.7129444,-2.3329444,-2.2329443,-1.9929444,-2.0829444,-1.6929443,-1.4029443,-1.9529443,-1.6529443,-1.3029443,-1.1829443,-1.2929443,-1.7329444,-1.9229443,-2.4929442,-3.1429443,-3.8429444,-4.8129444,-4.3729444,-5.4029446,-6.4229445,-3.2329443,-1.4229443,-2.6129444,-2.0229445,-1.7829443
5.5570555,7.8470554,7.177056,8.077056,8.077056,7.907056,7.2570558,6.7070556,6.387056,5.177056,4.3570557,3.7870557,2.8570557,1.6370556,0.62705564,-0.08294433,-0.27294433,-0.6529443,-0.93294436,-1.0129443,-0.7329443,-0.7329443,-0.9729443,-0.93294436,-0.87294436,-1.2229444,-1.1929443,-1.2729443,-1.6829443,-2.0429444,-2.4429443,-3.2129443,-3.1629443,-3.4029443,-3.2129443,-3.4529443,-3.2029443,-1.5429443,-0.022944337,-1.4529443,-1.3629444
2.9270556,4.5470557,7.9170556,7.3470554,6.8270555,6.0170555,7.387056,7.1070557,7.8370557,5.5470557,2.9670556,3.5970557,3.6670556,2.3570557,1.9170556,1.6270556,1.0470557,1.1870557,-0.14294434,0.07705566,-0.7229443,-0.93294436,-1.3229443,0.27705565,-0.08294433,-0.042944334,0.15705566,-0.51294434,-1.3529444,-1.5729443,-1.9329443,-2.3829443,-2.6029444,-2.6829443,-3.0229445,-2.6229444,-3.3229444,-2.2529442,-2.9229443,-1.4929444,-1.1829443
2.6370556,4.9970555,3.6270556,7.487056,8.277056,8.027056,7.7770557,7.2870555,6.5470557,5.737056,3.3170557,1.7970557,4.177056,3.2570558,3.1170557,2.5570557,2.3570557,1.7970557,1.5670557,1.0670557,0.36705565,-0.5429443,-0.12294433,0.047055665,0.38705567,0.29705566,0.7670557,0.41705567,0.16705567,-0.40294433,-1.3429444,-2.0029442,-2.3529444,-2.6329443,-2.2329443,-2.5229445,-2.9329443,-3.0629444,-2.6229444,-1.8929443,-2.2129443
3.1070557,4.1070557,5.9770555,4.6670556,7.2270555,7.8470554,8.177055,7.5970554,7.0370555,6.5370555,3.5270557,4.0170555,1.6670556,2.5270557,3.7870557,3.7470558,3.1170557,2.8670557,2.6370556,2.6870556,2.2270555,1.7170557,0.88705564,0.72705567,0.42705566,0.097055666,-0.44294435,-0.31294432,-1.0729443,1.4970556,2.0370557,-0.23294434,-2.5729444,-1.7429444,-2.2129443,-2.1129444,-2.2129443,-1.9229443,-2.4629443,-3.1929443,-2.2129443
