wind_kz.json
{"header": {"discipline":0,"disciplineName":"Meteorological products","gribEdition":2,"gribLength":871,"center":7,"centerName":"US National Weather Service - NCEP(WMC)","subcenter":0,"refTime":"2023-09-27T18:00:00.000Z","significanceOfRT":1,"significanceOfRTName":"Start of forecast","productStatus":0,"productStatusName":"Operational products","productType":1,"productTypeName":"Forecast products","productDefinitionTemplate":0,"productDefinitionTemplateName":"Analysis/forecast at horizontal level/layer at a point in time","parameterCategory":0,"parameterCategoryName":"UnknownDiscipline_0_Category_0","parameterNumber":0,"parameterNumberName":"UnknownParameter_D0_C0_0","parameterUnit":"Unknown","genProcessType":2,"genProcessTypeName":"Forecast","forecastTime":60,"surface1Type":1,"surface1TypeName":"Ground or water surface","surface1Value":0.0,"surface2Type":255,"surface2TypeName":"Missing","surface2Value":0.0,"gridDefinitionTemplate":0,"gridDefinitionTemplateName":"Latitude_Longitude","numberPoints":615,"shape":6,"shapeName":"Earth spherical with radius of 6,371,229.0 m","gridUnits":"degrees","resolution":48,"winds":"true","scanMode":64,"nx":41,"ny":15,"basicAngle":0,"lo1":47.0,"la1":41.0,"lo2":87.0,"la2":55.0,"dx":1.0,"dy":1.0}, "data":
[rows 0 to 14 of 15, columns 0 to 40 of 41]
301.98627,291.08624,296.88626,294.78625,294.58624,293.38626,302.78625,308.78625,305.88626,307.98627,306.78625,308.18625,307.78625,307.78625,306.68625,308.08624,309.18625,307.58624,313.08624,310.98627,311.38626,310.48627,313.58624,306.98627,307.58624,307.78625,303.18625,287.78625,273.38626,280.48627,283.28625,280.78625,296.88626,304.68625,306.88626,304.88626,308.88626,310.58624,311.78625,312.98627,315.08624
285.98627,296.08624,294.38626,294.48627,294.08624,292.48627,309.08624,306.58624,304.38626,304.38626,304.88626,305.78625,307.68625,305.78625,307.88626,307.08624,309.38626,310.18625,311.38626,311.88626,313.78625,311.68625,308.28625,295.98627,286.18625,274.78625,298.28625,291.68625,292.68625,279.68625,283.18625,274.88626,284.68625,269.78625,280.68625,301.98627,303.58624,301.38626,306.18625,298.08624,284.68625
297.48627,293.98627,294.18625,293.88626,291.68625,303.18625,302.88626,303.18625,304.28625,302.38626,302.08624,302.68625,305.08624,305.78625,303.08624,308.08624,307.58624,306.98627,309.98627,304.58624,308.28625,310.38626,310.68625,300.68625,304.28625,302.58624,302.48627,306.18625,301.48627,285.88626,274.98627,274.18625,282.48627,289.98627,293.28625,293.38626,287.28625,292.38626,294.98627,287.68625,284.98627
300.78625,293.38626,293.98627,292.78625,294.48627,302.48627,299.98627,302.58624,303.48627,302.58624,302.18625,301.08624,291.28625,290.68625,303.48627,309.28625,306.58624,308.78625,307.48627,309.28625,300.48627,293.98627,304.58624,304.58624,304.38626,302.88626,304.78625,301.98627,293.08624,302.78625,292.58624,299.58624,299.18625,300.08624,300.48627,296.98627,288.18625,274.58624,291.08624,299.48627,301.88626
300.18625,292.58624,293.18625,292.18625,296.08624,300.68625,300.68625,302.18625,299.78625,299.48627,301.08624,301.78625,290.28625,289.08624,287.78625,306.48627,305.08624,303.08624,306.08624,303.18625,305.38626,304.98627,303.98627,303.18625,304.08624,304.58624,302.88626,298.88626,304.58624,304.08624,302.18625,302.38626,290.48627,277.58624,290.28625,293.28625,291.98627,303.48627,309.38626,305.88626,303.68625
299.28625,299.48627,291.48627,292.58624,292.38626,292.08624,302.68625,299.98627,299.38626,299.68625,299.28625,299.58624,291.48627,290.08624,297.28625,303.48627,302.58624,298.48627,301.28625,303.08624,304.18625,303.18625,302.68625,301.58624,297.28625,300.48627,300.48627,288.98627,300.38626,301.28625,301.28625,302.08624,303.28625,302.78625,297.38626,297.28625,291.68625,290.58624,300.28625,302.98627,303.18625
301.48627,303.18625,300.48627,301.38626,299.48627,302.38626,301.88626,299.58624,296.28625,295.08624,296.58624,298.18625,296.68625,299.08624,300.88626,298.78625,294.98627,294.38626,292.78625,290.08624,299.48627,300.28625,300.28625,293.58624,297.78625,295.98627,296.48627,298.08624,302.18625,302.28625,299.98627,299.88626,301.48627,300.18625,300.58624,298.58624,293.38626,290.18625,293.18625,290.78625,297.78625
301.28625,302.08624,300.88626,299.88626,300.18625,300.28625,300.88626,294.88626,294.08624,293.98627,292.98627,294.48627,297.08624,297.58624,299.08624,299.38626,299.18625,300.18625,298.78625,292.78625,291.98627,298.38626,295.18625,294.98627,293.58624,292.98627,291.88626,293.68625,296.98627,297.28625,296.18625,297.08624,297.98627,295.98627,296.08624,296.18625,300.68625,286.88626,296.88626,297.88626,296.68625
299.28625,298.48627,298.88626,298.68625,297.68625,298.28625,299.38626,294.88626,292.68625,294.68625,289.08624,288.78625,289.58624,289.48627,295.58624,293.78625,294.68625,300.28625,298.18625,298.98627,294.48627,290.08624,289.98627,292.98627,291.18625,290.88626,288.08624,290.68625,283.68625,291.58624,294.28625,295.88626,297.78625,296.38626,297.58624,292.38626,292.98627,294.98627,281.78625,283.28625,277.98627
296.88626,296.18625,295.28625,294.38626,293.38626,295.88626,297.28625,298.08624,296.08624,289.38626,290.68625,293.98627,290.58624,289.28625,287.18625,291.58624,290.18625,296.08624,293.88626,296.18625,293.78625,284.48627,289.38626,290.98627,292.78625,292.38626,290.58624,292.58624,287.68625,287.58624,282.38626,284.58624,288.08624,293.48627,294.78625,288.58624,286.58624,280.48627,283.48627,284.28625,279.58624
293.98627,293.78625,292.68625,292.88626,294.28625,294.08624,295.68625,296.48627,292.28625,291.18625,289.58624,290.88626,291.88626,287.48627,287.58624,290.58624,287.88626,287.38626,285.58624,288.68625,285.98627,283.98627,284.18625,285.78625,288.98627,292.28625,290.68625,294.18625,288.68625,291.08624,294.38626,293.08624,289.78625,289.48627,291.38626,288.88626,281.78625,279.38626,283.48627,282.48627,283.58624
292.98627,293.88626,294.18625,294.18625,292.38626,294.08624,293.48627,290.38626,288.38626,294.38626,288.78625,288.88626,289.38626,287.18625,285.98627,287.48627,288.28625,286.28625,286.18625,290.48627,284.28625,283.68625,283.88626,283.28625,289.48627,293.58624,293.58624,296.48627,292.58624,292.38626,294.38626,290.98627,294.08624,292.08624,286.28625,291.98627,290.38626,291.98627,284.98627,284.98627,284.18625
290.08624,291.78625,293.18625,293.18625,291.68625,291.38626,288.08624,286.88626,288.88626,284.48627,288.08624,283.88626,288.98627,288.68625,286.68625,285.58624,284.78625,284.88626,295.28625,291.58624,284.18625,284.08624,282.68625,282.68625,283.58624,285.98627,287.78625,291.58624,286.08624,291.88626,292.08624,293.48627,291.78625,290.58624,290.68625,287.28625,292.68625,286.38626,288.88626,283.68625,281.88626
290.88626,291.58624,288.38626,291.88626,290.98627,290.48627,290.28625,286.18625,285.48627,287.78625,282.38626,281.68625,281.58624,287.18625,284.58624,284.98627,285.78625,284.48627,287.58624,286.68625,290.78625,287.78625,288.28625,289.38626,287.68625,291.78625,291.68625,291.78625,291.98627,288.88626,288.38626,288.38626,286.28625,284.98627,286.18625,288.98627,288.88626,288.78625,289.28625,286.38626,285.88626
286.58624,291.08624,286.08624,290.98627,289.98627,288.98627,288.88626,288.88626,289.88626,287.68625,287.08624,285.78625,281.28625,283.58624,287.38626,288.18625,284.88626,286.18625,289.48627,284.48627,287.78625,287.88626,285.28625,286.68625,285.28625,285.78625,282.98627,284.98627,283.88626,282.38626,284.88626,285.08624,284.78625,285.38626,284.18625,285.58624,288.88626,285.78625,289.58624,288.88626,284.88626
