wind_kz.json
{"header": {"discipline":0,"disciplineName":"Meteorological products","gribEdition":2,"gribLength":1102,"center":7,"centerName":"US National Weather Service - NCEP(WMC)","subcenter":0,"refTime":"2023-09-28T12:00:00.000Z","significanceOfRT":1,"significanceOfRTName":"Start of forecast","productStatus":0,"productStatusName":"Operational products","productType":1,"productTypeName":"Forecast products","productDefinitionTemplate":0,"productDefinitionTemplateName":"Analysis/forecast at horizontal level/layer at a point in time","parameterCategory":2,"parameterCategoryName":"UnknownDiscipline_0_Category_2","parameterNumber":3,"parameterNumberName":"UnknownParameter_D0_C2_3","parameterUnit":"Unknown","genProcessType":2,"genProcessTypeName":"Forecast","forecastTime":300,"surface1Type":103,"surface1TypeName":"Specified height level above ground","surface1Value":10.0,"surface2Type":255,"surface2TypeName":"Missing","surface2Value":0.0,"gridDefinitionTemplate":0,"gridDefinitionTemplateName":"Latitude_Longitude","numberPoints":615,"shape":6,"shapeName":"Earth spherical with radius of 6,371,229.0 m","gridUnits":"degrees","resolution":48,"winds":"true","scanMode":64,"nx":41,"ny":15,"basicAngle":0,"lo1":47.0,"la1":41.0,"lo2":87.0,"la2":55.0,"dx":1.0,"dy":1.0}, "data":
[rows 0 to 14 of 15, columns 0 to 40 of 41]
-2.3811035,-4.1611037,3.0788965,13.838897,10.968897,8.128897,5.8188963,4.4388967,2.6388965,1.7588965,1.4688965,0.5988965,1.1888965,1.8788965,2.0788965,1.6388965,1.2088965,1.7688965,1.8888965,4.6288967,1.1588964,-1.2311035,-3.2411034,1.8188965,4.1588964,5.8088965,3.0788965,1.8088965,-1.2711035,2.8088965,1.5288965,-0.17110352,1.1388965,-0.9611035,-0.38110352,-0.031103516,0.37889647,1.4388965,0.6688965,-1.1911035,1.2788965
6.6088963,2.4688964,4.7288966,6.2688966,9.918897,7.9588966,2.3888965,4.5188966,2.5288966,2.4388964,1.1888965,-0.20110351,1.1088965,1.6688964,2.3588965,1.5688965,3.1488965,1.9588965,1.1588964,2.0188966,2.3088965,1.8388965,-0.6311035,0.19889648,-0.5811035,-1.5111035,2.6888964,1.0488964,-0.46110353,-0.3011035,-0.37110353,2.7988966,1.4988965,0.51889646,-1.7311035,-2.1811035,-1.2311035,-2.4611034,-0.0111035155,-0.38110352,0.16889648
2.8888965,8.588897,6.1788964,4.9788966,5.0588965,2.8588965,2.0888965,2.7688966,2.1188965,1.7088965,1.5588965,1.2388965,2.1488965,3.7988966,0.8488965,-0.6811035,1.5888965,2.3388965,2.9588964,3.0988965,2.5588965,2.2888966,3.3688965,4.0988965,-0.92110354,-1.9511036,-0.99110353,-0.7711035,-2.7611036,-2.5811036,-2.9811034,-2.5611036,-1.7611035,-1.5211035,-0.12110352,-1.5411035,-1.2311035,-4.1811037,-0.21110351,0.4788965,0.6188965
0.75889647,5.9688964,5.8988967,4.9488964,4.0688963,2.8988965,3.5088966,3.4388964,2.2788966,1.3788965,1.5088965,1.2888964,0.4888965,2.3688965,4.6788964,1.8688965,2.5988965,2.5688965,2.6588964,3.8288965,3.6888964,5.1388965,0.14889649,1.6488965,-0.041103516,2.4988966,-0.3511035,-2.1411035,-2.1711035,-5.0511036,-6.1211033,-6.6511035,0.24889648,6.7388964,-0.7711035,0.7788965,1.1988965,2.6688964,-0.9011035,2.9388964,0.7788965
2.7688966,3.6788964,3.4088964,3.1088965,2.3588965,3.6888964,4.1388965,4.5688963,2.5388966,2.3788965,2.0388966,1.5188965,-0.38110352,0.8688965,2.0888965,3.7288964,0.7788965,4.4488964,2.9488964,2.1288965,4.3288965,3.5388966,3.1988964,3.0288966,1.9088964,1.6488965,2.7688966,1.4588965,0.7188965,-1.4211035,0.008896484,0.118896484,0.18889648,0.28889647,-1.1411035,-3.6111035,-10.441104,-0.21110351,-0.8411035,-5.8011036,-4.2111034
1.8288965,2.1488965,2.4988966,2.6988964,2.4788964,2.6188965,2.2888966,3.0488966,3.9388964,3.2888966,1.7088965,2.2388964,0.118896484,1.4688965,1.6788964,3.4488964,4.4088964,2.6188965,3.7388964,2.4088964,4.0988965,1.2788965,2.7488966,3.1888964,2.8888965,3.3288965,0.7188965,0.3588965,0.9888965,2.0288966,1.4588965,1.5488964,5.2988963,1.3488965,0.64889646,-9.251103,0.06889649,-6.8211036,-6.2911034,-2.0111036,-3.4211035
1.8988965,2.1088965,2.2588966,2.4688964,2.3988965,1.8988965,2.2988966,2.3688965,2.4088964,2.1388965,2.1088965,1.8488965,1.9388965,1.4288964,2.7688966,2.9688964,5.5288963,4.7088966,2.4588964,3.8188965,3.3788965,3.7788966,2.8888965,4.0988965,3.1888964,2.3888965,1.2888964,1.6688964,2.7388964,2.1988964,1.2788965,2.2788966,3.5088966,3.9488964,1.1388965,-0.49110353,1.0088965,2.1588964,-1.7611035,-0.3611035,-3.6611035
1.9088964,2.2788966,2.2788966,2.2988966,2.4088964,2.5888965,2.8988965,3.8588965,3.6688964,2.4688964,3.2688966,3.3588965,1.8988965,2.6988964,2.1088965,2.9488964,4.5588965,5.0688963,4.2888966,4.5288963,3.5888965,3.9088964,4.3888965,5.2588964,3.0688965,3.5588965,1.9788965,1.3888965,1.5388964,2.7888966,4.2988963,3.5988965,3.7288964,6.2988963,5.1088963,4.6188965,-2.5011034,-3.3211036,-3.3411036,1.3188965,1.2988964
1.6488965,1.8188965,2.1488965,2.3488965,2.3988965,2.4988966,2.6588964,3.2588966,3.6388965,3.7488966,2.0788965,2.6888964,2.3188965,3.1188965,2.3988965,3.4388964,3.8188965,4.5088964,5.2588964,4.9688964,5.0788965,3.8088965,5.1988964,4.6688967,6.1288967,5.9788966,3.9388964,3.4688964,3.3188965,2.4688964,3.3388965,3.8488965,3.4888964,3.7588966,3.7688966,2.2688966,2.2188964,2.4788964,2.6288965,3.0088966,0.7888965
1.9188964,2.1688964,1.8588965,2.1788964,2.3988965,2.3688965,2.7688966,3.0988965,3.2788966,4.4788966,3.9688964,3.1788964,4.7288966,2.8088965,4.0788965,2.3988965,4.4888964,4.9288964,5.0788965,4.9588966,5.4288964,5.1088963,4.4188967,5.2188964,5.5288963,3.6788964,4.4688964,2.7488966,2.2688966,3.8288965,3.7088964,3.1888964,2.8588965,1.3488965,1.6188965,2.3888965,2.3788965,1.5388964,4.5788965,5.2288966,4.0688963
1.1188965,1.5488964,1.5388964,1.8488965,2.2588966,2.9188964,3.2788966,3.8088965,3.6288965,3.6688964,4.7288966,4.4488964,3.3488965,5.1588964,3.5788965,3.5988965,3.8188965,3.6888964,4.9188967,4.5488963,4.7788963,4.0688963,4.4288964,5.6888967,5.6288967,5.3288965,3.9688964,3.4388964,1.9388965,1.4088964,3.7788966,4.1788964,4.4988966,3.7188964,1.6288965,0.5888965,5.6088963,3.4388964,3.3688965,2.3988965,1.1188965
1.4088964,2.2588966,2.5488966,2.4688964,2.4888964,2.8288965,3.2588966,3.7488966,3.6288965,3.7688966,3.5888965,3.7788966,2.9088964,3.6088965,3.5588965,3.4388964,3.5488966,2.8188965,3.8288965,3.9688964,3.6188965,3.0588965,4.3888965,4.8688965,4.9788966,5.1388965,3.8988965,2.4688964,0.31889647,1.5788965,3.9988966,3.8888965,4.0388966,4.5288963,2.6088965,4.0288963,-1.0011035,6.9688964,5.1688967,2.2888966,-0.85110354
0.88889647,0.9888965,1.7288965,3.0688965,2.6388965,2.3888965,3.1388965,4.1988964,5.1688967,4.0688963,2.4588964,2.2088964,3.1188965,2.9788964,3.3888965,2.9588964,2.7788966,2.8488965,3.3388965,3.5288966,3.7088964,3.3388965,3.7388964,4.1688967,5.0088964,4.1488967,2.9488964,1.1088965,-1.0711036,2.4688964,5.5188966,4.9388967,4.3288965,4.5088964,4.4388967,4.7588964,1.7588965,2.5788965,7.1288967,5.7188964,3.8488965
1.7888964,1.8688965,0.7188965,1.4088964,2.1988964,3.4588964,4.5088964,4.5788965,5.8088965,6.4888964,3.6688964,1.8988965,3.6088965,4.2388964,3.0988965,2.9188964,3.2688966,2.7488966,2.5588965,3.3488965,3.5888965,3.5588965,2.9988966,3.7188964,4.1588964,2.8988965,2.3988965,2.5188966,-1.0111035,0.76889646,4.0888963,4.9788966,5.5488963,4.2088966,2.8688965,6.1888967,4.1588964,2.8088965,7.2688966,5.1488967,5.5388966
1.0188965,0.8588965,1.5388964,1.7288965,2.7688966,3.5488966,4.2788963,5.1888967,5.4488964,4.8988967,3.7088964,4.7288966,2.2688966,2.0488966,3.5588965,3.3788965,2.8388965,2.6688964,3.1188965,2.9588964,3.2188964,2.8888965,2.9588964,3.9088964,3.4088964,2.6388965,2.1888964,2.6388965,-0.0011035156,1.5488964,2.2588966,5.6888967,3.9088964,4.5888963,0.8788965,2.0088966,5.3888965,6.5488963,5.6388965,5.7288966,2.9488964
