wind_kz.json
{"header": {"discipline":0,"disciplineName":"Meteorological products","gribEdition":2,"gribLength":794,"center":7,"centerName":"US National Weather Service - NCEP(WMC)","subcenter":0,"refTime":"2025-04-05T18:00:00.000Z","significanceOfRT":1,"significanceOfRTName":"Start of forecast","productStatus":0,"productStatusName":"Operational products","productType":1,"productTypeName":"Forecast products","productDefinitionTemplate":0,"productDefinitionTemplateName":"Analysis/forecast at horizontal level/layer at a point in time","parameterCategory":2,"parameterCategoryName":"UnknownDiscipline_0_Category_2","parameterNumber":2,"parameterNumberName":"UnknownParameter_D0_C2_2","parameterUnit":"Unknown","genProcessType":2,"genProcessTypeName":"Forecast","forecastTime":120,"surface1Type":103,"surface1TypeName":"Specified height level above ground","surface1Value":10.0,"surface2Type":255,"surface2TypeName":"Missing","surface2Value":0.0,"gridDefinitionTemplate":0,"gridDefinitionTemplateName":"Latitude_Longitude","numberPoints":615,"shape":6,"shapeName":"Earth spherical with radius of 6,371,229.0 m","gridUnits":"degrees","resolution":48,"winds":"true","scanMode":64,"nx":41,"ny":15,"basicAngle":0,"lo1":47.0,"la1":41.0,"lo2":87.0,"la2":55.0,"dx":1.0,"dy":1.0}, "data":
[rows 0 to 14 of 15, columns 0 to 40 of 41]
-4.378474,1.7215255,0.72152555,3.6215255,3.5215256,5.5215254,6.3215256,4.121526,0.12152557,2.5215256,-7.378474,-7.4784746,-6.4784746,-6.0784745,-3.9784744,-3.7784743,-6.5784745,-5.0784745,-6.4784746,-4.5784745,-3.4784744,-2.5784745,-1.8784745,-2.4784744,-0.3784744,-1.5784744,-2.3784745,-1.0784744,0.6215256,0.8215256,-1.0784744,-1.2784745,2.4215255,-2.9784744,-6.878474,-9.478475,-7.6784744,-7.5784745,-7.378474,-5.1784744,-6.0784745
2.7215257,0.021525573,2.3215256,4.2215257,5.0215254,6.121526,4.7215257,3.2215257,1.6215255,0.9215256,-6.6784744,-5.878474,-5.7784743,-5.1784744,-3.7784743,-5.6784744,-6.878474,-6.378474,-4.878474,-4.2784743,-3.8784745,-2.5784745,-1.1784744,-3.5784745,-0.77847445,1.0215256,-1.2784745,0.22152558,-2.6784744,-1.0784744,0.12152557,-0.6784744,0.9215256,-2.2784743,-0.078474425,-3.2784743,-0.77847445,-0.5784744,1.8215256,0.52152556,-3.3784745
1.6215255,0.72152555,2.6215255,3.3215256,5.121526,2.6215255,1.5215256,2.3215256,-1.2784745,-1.3784745,-3.1784744,-5.2784743,-4.5784745,-5.0784745,-5.4784746,-6.2784743,-6.5784745,-5.4784746,-5.2784743,-5.5784745,-6.2784743,-4.5784745,-3.4784744,-3.8784745,-1.0784744,-2.6784744,-3.3784745,-0.97847444,-2.4784744,-0.5784744,-2.2784743,1.5215256,-0.078474425,0.12152557,-1.4784744,-1.5784744,-0.17847443,1.6215255,0.72152555,0.72152555,0.8215256
2.8215256,2.7215257,3.0215256,2.1215255,1.8215256,-0.5784744,1.8215256,1.7215255,-1.4784744,-0.8784744,1.4215256,-3.9784744,-5.9784746,-6.1784744,-4.7784743,-6.2784743,-6.2784743,-4.4784746,-4.2784743,-2.1784744,-2.3784745,-1.7784745,-4.5784745,-5.9784746,-6.6784744,-6.1784744,-5.378474,-7.5784745,-4.6784744,-2.4784744,-1.5784744,-3.4784744,-3.2784743,-3.8784745,-3.4784744,-2.5784745,-2.0784745,0.52152556,0.72152555,-0.27847442,1.0215256
2.4215255,3.3215256,2.0215256,2.0215256,1.8215256,2.2215257,3.4215255,3.8215256,3.4215255,0.8215256,2.8215256,-4.4784746,-7.0784745,-6.0784745,-6.1784744,-5.1784744,-4.9784746,-4.878474,-6.2784743,-6.378474,-7.2784743,-7.1784744,-9.478475,-6.0784745,-7.2784743,-6.0784745,-6.2784743,-5.2784743,-5.0784745,-3.4784744,-2.8784745,-2.0784745,-2.5784745,-1.9784744,2.1215255,1.0215256,2.5215256,3.0215256,3.2215257,2.9215255,3.0215256
1.8215256,2.0215256,2.9215255,3.0215256,2.2215257,2.7215257,3.3215256,3.6215255,3.4215255,0.8215256,4.2215257,-4.378474,-2.2784743,-5.5784745,-5.6784744,-4.9784746,-5.0784745,-5.7784743,-6.878474,-4.7784743,-6.378474,-5.7784743,-6.9784746,-6.0784745,-6.7784743,-6.6784744,-3.5784745,-3.8784745,-4.0784745,-4.6784744,-4.0784745,-3.4784744,-4.0784745,-5.5784745,-3.8784745,-2.3784745,-1.2784745,1.3215256,3.7215257,0.22152558,-0.8784744
1.5215256,0.9215256,0.9215256,1.6215255,2.1215255,2.0215256,2.6215255,2.5215256,3.5215256,1.6215255,2.2215257,-5.1784744,-3.2784743,-3.0784745,-3.1784744,-3.8784745,-4.9784746,-4.4784746,-4.6784744,-4.378474,-5.0784745,-4.9784746,-5.4784746,-5.4784746,-4.2784743,-4.9784746,-2.7784743,-2.6784744,-3.5784745,-5.2784743,-6.1784744,-5.7784743,-3.8784745,-3.2784743,-2.6784744,-2.3784745,-1.1784744,0.9215256,0.52152556,1.1215255,0.9215256
0.6215256,-1.0784744,0.72152555,1.2215255,1.1215255,2.7215257,2.9215255,2.9215255,2.7215257,1.7215255,0.42152557,0.32152557,-2.0784745,-1.1784744,-2.9784744,-2.7784743,-4.4784746,-3.5784745,-4.0784745,-5.2784743,-3.4784744,-3.6784744,-3.6784744,-4.1784744,-0.17847443,-1.7784745,-1.2784745,-3.3784745,-3.6784744,-4.2784743,-4.378474,-3.4784744,-3.7784743,-2.1784744,-2.3784745,0.9215256,2.1215255,4.5215254,3.5215256,4.7215257,0.32152557
-0.77847445,-1.8784745,-0.97847444,0.22152558,2.1215255,1.7215255,2.9215255,4.2215257,4.3215256,4.121526,1.6215255,1.8215256,0.9215256,-2.6784744,-3.4784744,0.32152557,-3.6784744,-2.7784743,-2.2784743,-2.8784745,-3.7784743,-2.1784744,-1.6784744,-2.4784744,-1.1784744,-2.6784744,-1.5784744,-1.2784745,-1.6784744,-2.6784744,-2.7784743,-2.0784745,-1.0784744,-1.5784744,-0.8784744,0.22152558,0.72152555,-3.2784743,-2.4784744,0.6215256,-1.5784744
-1.4784744,-1.7784745,-0.77847445,-0.6784744,0.9215256,1.8215256,2.1215255,3.1215255,4.621526,4.9215255,4.121526,2.7215257,1.9215256,-1.0784744,-1.7784745,3.0215256,-2.4784744,-2.0784745,-1.0784744,-1.6784744,-1.4784744,-1.5784744,-1.6784744,-1.8784745,-1.4784744,-1.7784745,-0.17847443,-0.77847445,-0.6784744,-0.77847445,-1.2784745,-1.3784745,-1.5784744,-2.0784745,-0.6784744,0.52152556,-0.97847444,-0.078474425,-2.1784744,-0.078474425,-0.17847443
-0.3784744,-2.1784744,-0.8784744,-0.77847445,-0.17847443,0.42152557,1.7215255,3.3215256,4.3215256,4.8215256,4.3215256,3.4215255,1.8215256,0.6215256,0.12152557,0.32152557,-0.47847444,-1.6784744,-3.5784745,-1.9784744,-1.5784744,-0.078474425,-0.27847442,-0.5784744,-0.6784744,-0.97847444,0.42152557,-0.078474425,-0.5784744,-0.8784744,-1.8784745,-1.8784745,-2.7784743,-1.6784744,-1.2784745,0.22152558,-1.1784744,0.32152557,-0.6784744,0.8215256,-1.2784745
-2.5784745,-2.2784743,-0.3784744,-0.17847443,-0.078474425,-0.17847443,0.8215256,2.1215255,2.4215255,4.4215255,3.7215257,4.2215257,1.6215255,1.3215256,0.6215256,0.8215256,2.2215257,-1.3784745,-0.27847442,-0.77847445,-1.2784745,0.6215256,-0.5784744,-0.6784744,0.22152558,0.12152557,-0.5784744,0.52152556,0.72152555,-1.0784744,-1.8784745,-1.6784744,-1.3784745,-1.9784744,-1.2784745,-1.0784744,-0.8784744,-0.5784744,-0.3784744,-0.97847444,-0.6784744
-2.1784744,-1.7784745,0.22152558,-0.97847444,0.52152556,0.72152555,1.3215256,2.1215255,2.3215256,3.1215255,2.6215255,4.121526,3.1215255,1.8215256,2.9215255,4.121526,2.5215256,1.6215255,0.12152557,-2.3784745,0.32152557,0.6215256,1.1215255,0.42152557,1.0215256,0.12152557,0.72152555,1.0215256,0.72152555,0.12152557,-0.27847442,-0.27847442,-0.97847444,-1.1784744,-1.0784744,-1.2784745,-1.2784745,-1.3784745,-1.9784744,-1.4784744,-1.1784744
-0.3784744,0.021525573,0.42152557,0.8215256,1.5215256,-0.078474425,1.1215255,1.5215256,2.7215257,3.1215255,1.5215256,-0.5784744,-0.17847443,2.5215256,1.4215256,1.1215255,1.7215255,-0.3784744,-2.0784745,-1.2784745,1.4215256,1.0215256,-0.3784744,0.22152558,-0.27847442,-0.47847444,0.22152558,1.5215256,1.1215255,0.9215256,1.1215255,0.32152557,-0.47847444,-0.3784744,-0.77847445,-1.1784744,-1.0784744,-1.3784745,-1.0784744,-0.47847444,-1.3784745
-0.3784744,-0.078474425,0.32152557,-0.078474425,1.3215256,1.4215256,-1.2784745,0.52152556,1.8215256,1.3215256,-0.5784744,-3.5784745,-1.8784745,-0.8784744,-1.2784745,-1.9784744,-3.5784745,-3.8784745,-2.1784744,0.22152558,1.2215255,-0.27847442,0.42152557,-0.078474425,0.42152557,0.12152557,1.5215256,2.5215256,2.6215255,2.5215256,1.4215256,0.72152555,0.72152555,0.021525573,0.32152557,-0.078474425,-0.17847443,0.52152556,-0.5784744,-0.47847444,-1.1784744
