wind_kz.json
{"header": {"discipline":0,"disciplineName":"Meteorological products","gribEdition":2,"gribLength":1025,"center":7,"centerName":"US National Weather Service - NCEP(WMC)","subcenter":0,"refTime":"2024-04-07T00:00:00.000Z","significanceOfRT":1,"significanceOfRTName":"Start of forecast","productStatus":0,"productStatusName":"Operational products","productType":1,"productTypeName":"Forecast products","productDefinitionTemplate":0,"productDefinitionTemplateName":"Analysis/forecast at horizontal level/layer at a point in time","parameterCategory":2,"parameterCategoryName":"UnknownDiscipline_0_Category_2","parameterNumber":2,"parameterNumberName":"UnknownParameter_D0_C2_2","parameterUnit":"Unknown","genProcessType":2,"genProcessTypeName":"Forecast","forecastTime":0,"surface1Type":103,"surface1TypeName":"Specified height level above ground","surface1Value":10.0,"surface2Type":255,"surface2TypeName":"Missing","surface2Value":0.0,"gridDefinitionTemplate":0,"gridDefinitionTemplateName":"Latitude_Longitude","numberPoints":615,"shape":6,"shapeName":"Earth spherical with radius of 6,371,229.0 m","gridUnits":"degrees","resolution":48,"winds":"true","scanMode":64,"nx":41,"ny":15,"basicAngle":0,"lo1":47.0,"la1":41.0,"lo2":87.0,"la2":55.0,"dx":1.0,"dy":1.0}, "data":
[rows 0 to 14 of 15, columns 0 to 40 of 41]
-1.8107861,-0.35078612,1.0592139,-0.21078613,-0.08078613,-1.1607862,-1.2107861,-1.4007862,-1.2607862,-0.5107861,-1.1207862,-1.8807862,-1.8107861,-2.030786,-1.9707861,-2.030786,-2.6107862,-2.460786,-3.510786,-3.480786,-1.8107861,-1.8207861,-2.550786,-3.0907862,-0.5007861,-1.0807861,-2.950786,0.16921386,2.219214,1.0292139,-1.5007862,1.6992139,0.08921387,-1.2307861,-1.5907861,-2.3807862,-2.540786,-2.6107862,-2.8107862,-0.5007861,-0.46078613
1.0492139,1.5792139,-1.0307862,0.5592139,0.28921387,-0.9507861,0.43921387,-0.98078614,-1.3107861,-0.14078613,0.65921384,0.96921384,0.7892139,-0.13078614,0.52921385,-0.80078614,-0.11078613,-0.98078614,-1.6707861,-2.490786,-2.300786,-1.7807862,-1.3207861,-4.120786,0.119213864,1.5092139,0.36921388,1.7592139,0.77921385,1.3892139,0.57921386,-2.1207862,1.2892139,-3.0807862,-0.23078613,-0.59078616,0.09921387,-0.19078614,-0.42078614,1.7892139,-2.1907861
1.0192139,-0.55078614,0.83921385,2.5592139,0.7292139,0.82921386,0.83921385,0.76921386,-0.66078615,0.19921386,0.63921386,2.9092138,2.789214,2.779214,-1.2607862,-1.9907861,-0.15078613,-0.12078613,1.1492139,-0.55078614,-2.510786,-3.210786,-2.4207861,0.48921385,0.23921387,0.42921388,-0.36078614,-1.6307862,-3.250786,1.7292138,-0.44078612,0.6692139,1.1692139,0.7492139,-0.84078616,-2.3607862,0.45921385,0.36921388,-0.42078614,2.0992138,1.8092139
-0.68078613,-0.27078614,1.6592139,2.3492138,1.2292138,0.75921386,-0.100786135,2.6392138,2.3292139,0.9792139,0.5592139,2.6392138,2.019214,-0.12078613,-0.43078613,-1.5407861,0.15921387,-0.19078614,-0.050786134,-2.1607862,-2.450786,0.24921387,1.7992139,4.359214,2.1692138,2.1492138,1.6592139,-0.040786132,1.2492138,4.7492137,4.829214,4.9592137,8.239214,8.859214,4.9592137,-0.5807861,-1.7107861,2.1592138,2.029214,0.39921388,0.45921385
-1.9507861,-1.0107862,1.2492138,2.6092138,3.479214,3.769214,3.9192138,3.219214,3.4392138,3.3892138,2.249214,2.449214,0.5392139,-0.11078613,1.4492139,1.0492139,3.3692138,0.9392139,-0.39078614,-0.8107861,2.1292138,3.219214,2.239214,-0.25078613,-1.3907862,-0.8207861,2.049214,5.629214,4.349214,6.029214,6.4992137,2.0792139,-0.30078614,0.35921386,3.289214,1.8792138,1.4892138,0.63921386,0.28921387,0.9792139,2.799214
0.90921384,1.4892138,2.6892138,2.8492138,2.979214,3.9092138,3.5692139,3.6092138,2.8792138,2.789214,3.6292138,0.95921385,1.5292139,2.3992138,2.739214,1.0892138,0.059213866,-1.5007862,-2.5807862,-0.7707861,-1.0407861,0.9292139,-1.1007861,1.4192139,2.519214,2.6892138,4.199214,3.8292139,5.419214,5.829214,7.449214,7.449214,3.959214,3.8092139,1.4492139,-0.25078613,1.7892139,1.3592138,1.6392139,2.719214,3.769214
2.999214,3.0792139,2.989214,2.749214,3.029214,3.209214,3.9192138,3.6692138,2.979214,2.8492138,2.949214,-2.5607862,3.3092139,2.6592138,0.9292139,-2.3507862,-3.9207861,-3.0807862,-2.460786,-2.980786,-1.0307862,-0.40078613,-1.8307861,-0.72078615,0.7492139,1.4092139,0.12921387,1.6592139,2.1192138,0.38921386,1.1892139,1.9592139,-0.5707861,-1.8507861,-1.6407862,-1.3007861,-0.46078613,2.0892138,-1.0607861,1.2792139,1.3392138
3.6892138,3.3592138,3.529214,4.179214,4.069214,3.6392138,3.4192138,2.5792139,3.219214,1.8792138,1.0392139,-2.030786,2.029214,0.26921386,-0.010786133,-1.7207861,-2.8107862,-3.1907861,-2.740786,-2.0907862,-1.5507861,-3.030786,-2.8507862,-3.000786,-2.270786,0.23921387,1.6092138,1.5592139,1.5392139,0.82921386,0.049213868,2.449214,-0.55078614,0.9892139,-0.92078614,1.6492139,0.19921386,4.2492137,3.3192139,2.3892138,-2.1307862
4.119214,5.3092136,5.409214,4.4792137,3.1192138,3.3092139,3.459214,2.949214,2.0592139,1.4692138,-0.12078613,0.18921387,1.0092139,-0.54078615,-1.9607861,-0.90078616,-3.1507862,-3.1407862,-2.8207862,-1.6107861,-3.510786,-3.270786,-3.3707862,-1.6507862,-1.0107862,0.17921387,0.23921387,1.0092139,1.6792139,0.56921387,0.71921384,0.43921387,2.4392138,1.8692138,1.4992138,0.31921387,0.9192139,-2.0907862,-0.24078614,1.1992139,-2.040786
3.5592139,4.109214,4.2092137,3.6492138,2.8292139,3.039214,3.1692138,1.4392139,0.83921385,-1.5807861,-4.050786,-2.3807862,-3.230786,-2.1707861,-4.0607862,-4.120786,-4.410786,-3.5907862,-3.3507862,-4.0207863,-4.200786,-3.3307862,-2.3107862,-1.7707862,-1.3307861,-0.29078615,-0.61078614,0.57921386,0.38921386,0.9892139,1.8892139,3.3892138,3.1592138,1.8792138,0.14921387,-0.66078615,-2.1407862,0.08921387,-2.200786,-0.23078613,-1.3907862
3.3592138,1.6192138,3.229214,2.039214,2.8492138,3.1392138,1.6792139,-0.62078613,-2.020786,-3.760786,-3.5907862,-2.9107862,-4.920786,-7.760786,-5.120786,-4.7707863,-5.2507863,-4.350786,-5.970786,-5.510786,-4.850786,-4.2907863,-3.260786,-3.8707862,-2.8207862,-2.300786,0.13921386,0.81921387,2.219214,4.399214,4.109214,2.8492138,1.8392138,0.34921387,0.70921385,-1.2407861,-1.6307862,0.57921386,-0.9507861,1.1792139,-1.4507861
1.1692139,0.9992139,0.70921385,2.009214,1.5792139,-0.12078613,-0.34078613,-1.5207862,-1.6407862,-4.880786,-5.4807863,-3.720786,-7.180786,-5.650786,-6.3107862,-4.610786,-5.150786,-4.650786,-4.370786,-3.1907861,-2.6807861,-3.3307862,-3.5907862,-2.8807862,-2.8107862,-2.3307862,-0.80078614,0.8092139,2.0592139,2.9392138,3.6092138,3.749214,2.4392138,1.4392139,1.1092138,1.5292139,1.1392139,-0.010786133,0.27921388,0.079213865,-0.17078613
1.1092138,1.3492138,1.7892139,2.1092138,0.70921385,1.3292139,0.06921387,-2.290786,-5.030786,-5.0607862,-4.5407863,-5.660786,-3.6907861,-6.670786,-4.430786,-3.960786,-4.9607863,-4.590786,-3.950786,-4.800786,-4.410786,-3.950786,-3.550786,-2.470786,-1.9707861,-1.7507862,-0.67078614,-7.861328E-4,-0.040786132,0.58921385,0.8692139,1.3892139,2.6092138,1.4892138,1.5892138,1.7392138,1.6892139,0.21921387,0.37921387,-0.7007861,0.079213865
1.0292139,1.1292138,2.9092138,1.5692139,-0.37078613,-2.510786,-2.4207861,-3.5807862,-3.1607862,-3.750786,-3.240786,-3.960786,-2.230786,-3.980786,-3.960786,-4.5407863,-4.510786,-5.100786,-5.110786,-5.3107862,-4.910786,-4.670786,-4.670786,-4.0007863,-2.9107862,-2.3507862,-1.7307861,-1.1607862,-1.1107861,-0.90078616,-0.8107861,-0.24078614,-0.47078612,-0.13078614,0.90921384,1.3592138,-0.7007861,-1.0107862,-0.41078612,0.38921386,-0.9507861
0.6092139,0.59921384,0.52921385,-0.29078615,-1.0007862,-1.3707862,-1.1707861,-1.6807861,-2.730786,-3.200786,-1.7507862,-3.3407862,-2.050786,-2.1907861,-3.760786,-4.660786,-4.860786,-5.130786,-5.2107863,-4.5207863,-4.240786,-4.080786,-3.3407862,-3.6707861,-2.9007862,-2.4307861,-1.9807861,-1.6807861,-1.5007862,-1.5607861,-1.2307861,-1.5407861,-1.0307862,-0.40078613,0.119213864,0.5392139,0.62921387,2.289214,2.1092138,-1.2307861,-1.0607861
