wind_kz.json
{"header": {"discipline":0,"disciplineName":"Meteorological products","gribEdition":2,"gribLength":948,"center":7,"centerName":"US National Weather Service - NCEP(WMC)","subcenter":0,"refTime":"2023-08-25T12:00:00.000Z","significanceOfRT":1,"significanceOfRTName":"Start of forecast","productStatus":0,"productStatusName":"Operational products","productType":1,"productTypeName":"Forecast products","productDefinitionTemplate":0,"productDefinitionTemplateName":"Analysis/forecast at horizontal level/layer at a point in time","parameterCategory":0,"parameterCategoryName":"UnknownDiscipline_0_Category_0","parameterNumber":0,"parameterNumberName":"UnknownParameter_D0_C0_0","parameterUnit":"Unknown","genProcessType":2,"genProcessTypeName":"Forecast","forecastTime":120,"surface1Type":1,"surface1TypeName":"Ground or water surface","surface1Value":0.0,"surface2Type":255,"surface2TypeName":"Missing","surface2Value":0.0,"gridDefinitionTemplate":0,"gridDefinitionTemplateName":"Latitude_Longitude","numberPoints":615,"shape":6,"shapeName":"Earth spherical with radius of 6,371,229.0 m","gridUnits":"degrees","resolution":48,"winds":"true","scanMode":64,"nx":41,"ny":15,"basicAngle":0,"lo1":47.0,"la1":41.0,"lo2":87.0,"la2":55.0,"dx":1.0,"dy":1.0}, "data":
[rows 0 to 14 of 15, columns 0 to 40 of 41]
310.33917,294.03918,289.53918,299.03918,298.83917,298.1392,308.83917,314.2392,303.93918,306.93918,308.43918,312.6392,312.83917,314.33917,313.2392,315.53918,315.33917,314.33917,316.83917,313.03918,315.53918,309.2392,309.03918,307.03918,308.53918,310.53918,304.53918,292.6392,291.53918,288.53918,278.93918,282.33917,299.83917,308.2392,309.7392,308.83917,309.43918,308.43918,308.2392,307.7392,307.03918
280.2392,289.1392,298.83917,299.03918,299.1392,297.93918,300.83917,304.03918,309.53918,307.1392,299.93918,302.7392,305.1392,304.33917,307.93918,311.43918,315.33917,311.83917,314.83917,314.6392,312.6392,311.2392,308.1392,298.2392,289.93918,289.6392,299.43918,292.43918,294.1392,287.1392,290.83917,280.6392,289.33917,264.1392,287.93918,304.93918,303.83917,305.03918,308.33917,300.83917,286.7392
289.53918,298.33917,299.1392,299.2392,297.93918,296.6392,296.2392,298.43918,303.43918,299.7392,305.2392,301.03918,300.03918,299.7392,303.03918,303.43918,307.6392,311.43918,310.93918,313.2392,313.43918,310.53918,309.03918,303.2392,307.1392,307.1392,307.2392,306.93918,305.7392,293.53918,284.83917,286.93918,294.93918,296.7392,297.03918,297.43918,288.1392,289.33917,290.1392,285.03918,284.33917
293.83917,299.1392,299.43918,298.6392,297.93918,301.33917,300.53918,296.53918,293.6392,293.03918,293.6392,296.7392,295.1392,294.33917,298.6392,302.33917,306.03918,308.93918,310.6392,311.83917,311.03918,305.1392,311.03918,308.1392,308.53918,310.2392,311.6392,307.7392,308.1392,308.43918,308.6392,303.53918,309.43918,308.83917,307.33917,301.53918,288.43918,287.6392,289.93918,300.6392,303.53918
307.43918,298.43918,299.03918,298.93918,302.03918,303.93918,304.33917,306.7392,302.2392,303.2392,300.6392,297.6392,295.03918,293.53918,291.2392,299.83917,302.1392,302.6392,302.6392,305.43918,308.7392,309.2392,309.7392,308.1392,308.43918,307.53918,306.43918,303.2392,307.7392,307.83917,311.43918,307.2392,293.1392,283.03918,293.03918,302.2392,303.33917,308.2392,308.1392,307.43918,307.53918
311.03918,306.83917,296.83917,297.6392,298.53918,297.93918,306.53918,306.2392,304.83917,304.1392,303.33917,300.03918,294.83917,294.33917,295.1392,296.83917,302.2392,301.93918,302.1392,294.1392,302.2392,303.6392,307.03918,307.93918,308.33917,306.03918,306.7392,294.43918,308.53918,308.33917,307.7392,308.53918,307.53918,305.6392,301.2392,300.93918,296.03918,298.1392,306.83917,307.2392,304.43918
309.33917,307.53918,307.6392,307.1392,303.7392,305.03918,306.83917,304.83917,304.6392,303.43918,303.1392,300.93918,301.33917,301.03918,299.7392,298.53918,296.7392,299.33917,300.03918,297.6392,298.43918,291.6392,297.1392,306.2392,304.93918,305.93918,306.43918,306.93918,305.7392,305.1392,305.1392,306.7392,308.53918,307.2392,306.43918,304.2392,297.03918,294.33917,292.33917,289.2392,301.03918
306.7392,305.93918,304.93918,304.53918,305.6392,304.93918,305.03918,302.83917,302.1392,301.1392,297.93918,296.93918,297.53918,300.93918,301.93918,301.93918,301.43918,299.6392,296.6392,293.93918,294.83917,295.83917,297.1392,290.53918,296.83917,298.83917,301.83917,304.1392,301.93918,302.2392,302.03918,303.33917,303.83917,302.6392,302.93918,303.1392,302.83917,290.53918,304.03918,303.2392,299.93918
303.7392,303.03918,303.2392,303.1392,302.93918,303.1392,302.53918,301.6392,298.6392,297.53918,296.83917,293.33917,290.43918,294.2392,292.7392,296.03918,298.53918,298.43918,297.33917,296.03918,292.6392,292.93918,293.1392,291.33917,288.83917,292.1392,293.7392,299.2392,299.93918,297.2392,297.7392,298.7392,301.7392,303.03918,301.93918,299.1392,298.7392,297.83917,287.33917,285.7392,285.33917
303.03918,301.53918,301.6392,299.83917,299.33917,297.2392,292.03918,292.03918,290.53918,289.83917,288.83917,288.53918,291.1392,290.7392,289.2392,292.53918,295.2392,295.6392,294.93918,295.93918,293.2392,293.33917,290.93918,292.2392,291.6392,289.83917,289.93918,296.03918,298.1392,301.2392,301.03918,302.33917,303.83917,303.6392,302.93918,300.43918,296.2392,290.83917,289.7392,288.1392,286.2392
300.6392,300.03918,298.33917,298.2392,294.43918,294.83917,288.43918,291.1392,290.7392,288.7392,287.33917,289.53918,288.43918,289.53918,290.2392,290.2392,287.1392,291.33917,289.43918,287.7392,288.93918,293.03918,292.43918,291.83917,290.03918,290.6392,288.33917,292.93918,296.03918,299.83917,304.6392,305.03918,303.7392,302.83917,300.7392,298.83917,292.43918,289.6392,291.1392,289.7392,287.93918
298.93918,299.33917,295.03918,295.1392,293.6392,289.6392,286.43918,285.2392,285.6392,285.6392,283.7392,288.1392,286.53918,286.93918,286.53918,287.03918,290.53918,291.53918,291.03918,289.83917,289.2392,288.43918,289.33917,291.03918,290.2392,289.7392,289.83917,292.43918,296.03918,299.03918,297.53918,302.83917,302.83917,300.1392,300.43918,298.83917,297.33917,295.33917,293.93918,294.2392,293.6392
295.33917,297.6392,298.33917,294.83917,293.83917,289.1392,286.03918,286.33917,289.6392,285.1392,282.6392,281.33917,283.43918,282.7392,284.33917,285.33917,288.43918,289.53918,289.7392,287.83917,287.7392,286.53918,286.93918,289.53918,290.1392,292.93918,291.1392,289.03918,293.7392,295.93918,296.7392,296.83917,301.6392,302.1392,300.03918,296.33917,296.1392,296.2392,293.93918,292.83917,292.7392
297.03918,297.03918,293.43918,295.53918,294.43918,291.2392,287.53918,285.6392,287.1392,284.43918,282.6392,281.2392,282.6392,282.83917,283.1392,283.2392,283.43918,285.83917,288.93918,288.53918,287.2392,287.7392,285.83917,288.93918,288.83917,290.1392,291.83917,288.1392,287.2392,294.03918,294.93918,296.83917,298.83917,298.1392,298.2392,297.1392,296.2392,294.7392,293.83917,291.93918,292.03918
294.43918,296.7392,290.7392,295.83917,291.43918,291.43918,286.2392,286.6392,285.2392,285.43918,283.7392,282.6392,282.03918,282.6392,285.53918,287.03918,283.53918,282.53918,285.1392,286.2392,288.1392,287.83917,288.2392,285.53918,288.43918,291.33917,290.33917,288.7392,285.03918,286.33917,290.03918,289.7392,297.33917,296.7392,295.93918,295.1392,296.2392,294.53918,294.6392,293.03918,292.93918
