wind.json
{"header": {"discipline":0,"disciplineName":"Meteorological products","gribEdition":2,"gribLength":953,"center":7,"centerName":"US National Weather Service - NCEP(WMC)","subcenter":0,"refTime":"2023-06-27T18:00:00.000Z","significanceOfRT":1,"significanceOfRTName":"Start of forecast","productStatus":0,"productStatusName":"Operational products","productType":1,"productTypeName":"Forecast products","productDefinitionTemplate":0,"productDefinitionTemplateName":"Analysis/forecast at horizontal level/layer at a point in time","parameterCategory":0,"parameterCategoryName":"UnknownDiscipline_0_Category_0","parameterNumber":0,"parameterNumberName":"UnknownParameter_D0_C0_0","parameterUnit":"Unknown","genProcessType":2,"genProcessTypeName":"Forecast","forecastTime":240,"surface1Type":1,"surface1TypeName":"Ground or water surface","surface1Value":0.0,"surface2Type":255,"surface2TypeName":"Missing","surface2Value":0.0,"gridDefinitionTemplate":0,"gridDefinitionTemplateName":"Latitude_Longitude","numberPoints":688,"shape":6,"shapeName":"Earth spherical with radius of 6,371,229.0 m","gridUnits":"degrees","resolution":48,"winds":"true","scanMode":64,"nx":43,"ny":16,"basicAngle":0,"lo1":45.0,"la1":40.0,"lo2":87.0,"la2":55.0,"dx":1.0,"dy":1.0}, "data":
[rows 0 to 15 of 16, columns 0 to 42 of 43]
286.51044,281.21045,298.51044,299.91046,299.51044,298.01044,297.31046,295.41046,301.81046,303.21045,307.91046,306.61044,308.11044,306.71045,304.31046,306.71045,306.41046,305.31046,304.61044,303.81046,300.31046,297.71045,297.41046,298.81046,294.61044,296.21045,294.71045,285.01044,279.21045,279.41046,281.31046,293.71045,295.01044,294.61044,296.01044,298.91046,301.21045,300.51044,302.51044,301.21045,300.41046,301.81046,301.81046
289.91046,300.01044,300.81046,287.81046,290.71045,297.01044,297.01044,295.31046,299.61044,306.21045,305.61044,305.01044,305.01044,307.01044,305.71045,304.41046,304.11044,301.71045,302.11044,303.31046,304.31046,302.71045,303.91046,297.11044,298.81046,290.71045,296.01044,295.31046,290.71045,279.61044,276.81046,276.91046,278.61044,282.01044,289.01044,298.11044,301.21045,301.81046,301.11044,302.31046,302.01044,302.01044,302.01044
291.11044,286.31046,278.71045,290.41046,296.71045,297.01044,296.71045,294.81046,302.21045,303.31046,302.41046,302.31046,303.31046,302.61044,301.41046,300.01044,299.91046,298.41046,301.31046,302.51044,302.51044,299.91046,302.11044,300.71045,296.31046,287.51044,276.61044,276.51044,285.11044,280.11044,278.21045,273.81046,280.21045,270.71045,283.01044,266.91046,279.41046,296.51044,297.31046,297.91046,304.31046,293.81046,284.41046
290.21045,290.71045,292.61044,296.81046,296.81046,296.91046,296.11044,300.81046,300.61044,300.81046,300.61044,300.91046,300.41046,300.51044,297.11044,297.81046,298.91046,296.61044,298.51044,300.71045,301.71045,301.01044,301.51044,299.41046,299.31046,293.31046,294.31046,292.81046,293.61044,291.11044,291.51044,281.41046,274.51044,274.01044,280.71045,280.51044,283.41046,284.21045,276.71045,280.81046,283.91046,278.61044,276.41046
299.71045,300.11044,293.81046,297.51044,297.71045,296.91046,296.71045,297.41046,298.51044,299.11044,300.61044,299.91046,299.31046,299.21045,294.91046,294.41046,297.91046,296.11044,300.51044,301.71045,300.81046,302.11044,298.91046,293.21045,300.31046,303.51044,297.21045,301.81046,300.81046,293.91046,294.51044,297.11044,298.71045,289.81046,298.01044,298.61044,292.11044,285.21045,278.31046,277.01044,282.51044,291.91046,295.81046
298.41046,301.71045,299.31046,297.91046,297.71045,298.21045,298.21045,297.41046,298.11044,299.71045,299.51044,299.71045,298.71045,298.71045,295.51044,294.91046,292.01044,300.01044,303.01044,300.71045,298.01044,300.71045,300.41046,302.31046,301.51044,303.71045,300.81046,298.61044,297.91046,297.11044,293.81046,296.71045,300.61044,296.91046,283.71045,272.31046,284.21045,294.41046,297.91046,302.71045,302.51044,302.31046,302.01044
297.31046,301.01044,299.11044,295.71045,298.61044,297.41046,297.61044,297.11044,298.01044,301.31046,299.21045,299.31046,298.91046,299.31046,294.61044,294.31046,295.91046,300.21045,300.21045,299.71045,298.61044,300.41046,301.41046,300.61044,299.71045,298.91046,298.31046,298.01044,298.71045,290.61044,296.11044,298.61044,298.71045,299.11044,295.71045,290.41046,290.71045,291.51044,285.91046,288.41046,299.61044,299.21045,299.61044
297.71045,298.81046,297.61044,298.01044,301.81046,301.91046,298.41046,297.51044,299.91046,299.11044,299.91046,299.91046,298.21045,298.11044,297.91046,298.01044,299.21045,299.91046,298.71045,299.31046,298.91046,299.01044,298.71045,301.51044,299.21045,297.31046,297.01044,298.21045,296.51044,299.21045,295.21045,295.21045,295.41046,296.61044,297.81046,296.31046,291.51044,288.71045,285.31046,282.41046,278.61044,280.61044,294.11044
296.41046,294.91046,298.51044,298.01044,301.61044,300.11044,302.01044,300.01044,301.41046,297.71045,296.31046,297.11044,295.31046,295.41046,295.71045,298.01044,299.11044,299.11044,297.51044,296.41046,295.91046,295.31046,296.41046,297.01044,295.91046,296.61044,295.11044,291.01044,290.61044,291.81046,290.41046,293.11044,291.01044,295.11044,293.51044,287.01044,285.31046,290.31046,290.81046,288.21045,289.61044,290.91046,287.71045
291.41046,296.51044,296.31046,296.71045,297.81046,295.71045,298.91046,296.41046,295.01044,295.61044,296.81046,293.91046,292.71045,293.21045,292.71045,295.01044,297.41046,297.41046,296.01044,298.11044,295.91046,296.01044,294.31046,294.21045,295.71045,295.71045,292.21045,291.81046,286.11044,286.81046,285.11044,290.41046,291.01044,287.11044,290.21045,290.01044,286.91046,286.91046,285.31046,285.51044,276.41046,277.11044,280.91046
290.91046,294.91046,292.51044,294.41046,296.01044,295.21045,295.91046,292.51044,291.21045,294.41046,293.61044,290.31046,289.01044,289.21045,291.81046,292.51044,294.41046,296.21045,296.11044,295.01044,294.51044,296.01044,295.61044,294.61044,298.91046,294.91046,292.41046,291.01044,289.21045,288.01044,291.31046,292.91046,290.01044,292.11044,292.01044,291.01044,290.91046,286.81046,287.31046,283.11044,283.21045,281.21045,279.91046
288.51044,291.91046,291.21045,289.31046,292.41046,292.51044,291.11044,291.31046,292.71045,289.21045,287.81046,287.41046,286.91046,287.01044,289.81046,290.11044,291.01044,294.01044,293.31046,295.71045,293.71045,292.01044,293.91046,293.91046,293.51044,292.51044,291.51044,291.61044,287.51044,291.01044,291.41046,294.01044,295.01044,296.51044,294.41046,292.31046,290.01044,287.71045,284.81046,284.51044,280.61044,282.51044,279.61044
290.41046,287.31046,288.41046,291.01044,289.81046,287.51044,287.31046,286.81046,286.91046,287.41046,288.01044,286.31046,283.71045,285.31046,288.21045,291.31046,290.11044,293.71045,293.31046,293.91046,291.61044,292.41046,291.11044,291.41046,291.21045,289.31046,289.11044,292.01044,291.11044,293.81046,293.81046,294.71045,291.01044,294.61044,296.01044,290.41046,289.41046,288.71045,288.81046,288.81046,286.21045,286.01044,284.21045
290.21045,289.31046,288.61044,287.11044,290.01044,288.91046,286.51044,286.21045,286.81046,285.11044,283.41046,284.11044,283.91046,283.61044,286.51044,289.91046,291.41046,290.41046,293.91046,291.11044,291.91046,290.11044,289.11044,288.61044,288.91046,288.51044,292.21045,291.31046,294.51044,292.51044,294.31046,290.61044,291.41046,293.61044,290.81046,293.51044,290.61044,291.21045,291.21045,289.21045,287.61044,288.21045,288.21045
288.61044,287.81046,287.41046,287.81046,290.41046,286.21045,286.01044,285.41046,285.41046,284.81046,284.21045,285.01044,284.51044,283.21045,288.61044,290.41046,290.91046,289.81046,290.21045,289.21045,290.11044,290.91046,290.91046,290.61044,290.71045,290.91046,291.21045,292.41046,291.21045,291.01044,291.51044,291.11044,290.91046,289.81046,288.71045,290.41046,291.01044,288.81046,289.11044,288.31046,286.81046,288.11044,288.31046
291.21045,288.31046,287.61044,287.41046,291.21045,286.11044,288.61044,285.41046,285.71045,285.61044,288.11044,285.81046,286.51044,284.21045,284.81046,286.71045,288.01044,289.71045,289.81046,287.81046,288.81046,290.81046,290.51044,289.71045,289.71045,289.61044,290.41046,290.21045,290.11044,292.41046,290.21045,290.11044,290.21045,287.11044,288.31046,287.61044,288.51044,289.21045,288.51044,288.01044,289.51044,289.11044,292.11044
