wind_kz.json
{"header": {"discipline":0,"disciplineName":"Meteorological products","gribEdition":2,"gribLength":1025,"center":7,"centerName":"US National Weather Service - NCEP(WMC)","subcenter":0,"refTime":"2023-08-22T00:00:00.000Z","significanceOfRT":1,"significanceOfRTName":"Start of forecast","productStatus":0,"productStatusName":"Operational products","productType":1,"productTypeName":"Forecast products","productDefinitionTemplate":0,"productDefinitionTemplateName":"Analysis/forecast at horizontal level/layer at a point in time","parameterCategory":2,"parameterCategoryName":"UnknownDiscipline_0_Category_2","parameterNumber":3,"parameterNumberName":"UnknownParameter_D0_C2_3","parameterUnit":"Unknown","genProcessType":2,"genProcessTypeName":"Forecast","forecastTime":240,"surface1Type":103,"surface1TypeName":"Specified height level above ground","surface1Value":10.0,"surface2Type":255,"surface2TypeName":"Missing","surface2Value":0.0,"gridDefinitionTemplate":0,"gridDefinitionTemplateName":"Latitude_Longitude","numberPoints":615,"shape":6,"shapeName":"Earth spherical with radius of 6,371,229.0 m","gridUnits":"degrees","resolution":48,"winds":"true","scanMode":64,"nx":41,"ny":15,"basicAngle":0,"lo1":47.0,"la1":41.0,"lo2":87.0,"la2":55.0,"dx":1.0,"dy":1.0}, "data":
[rows 0 to 14 of 15, columns 0 to 40 of 41]
0.39938232,-3.3506176,4.549382,6.4593825,3.1993823,1.8193823,1.8993824,1.1593823,-0.58061767,-1.4406177,-3.1606176,-2.2306178,-2.6906176,-2.9806178,-3.5206177,-3.8206177,-4.0906177,-1.5806177,-2.8006177,-2.4906178,-1.8106177,-1.9506177,1.6593823,-0.78061765,-2.1406176,-1.2306176,-0.9906177,-0.7306177,0.45938233,2.6493824,-2.7706177,-3.4306176,1.1493824,-1.4006177,-1.6706177,-0.38061768,0.4093823,2.3493824,0.7393823,-0.22061768,1.4493823
5.2193823,0.77938235,7.859382,6.6993823,4.1893826,3.6993823,-1.7706177,1.9293823,0.39938232,-1.1606177,-1.6506177,-2.7506177,-2.5106177,-2.5606177,-4.3606176,-3.9806178,-2.5706177,-3.8006177,-4.9806175,-4.350618,-4.120618,-4.200618,-0.08061767,1.2993823,-0.8706177,-2.1506176,-2.6806176,-0.53061765,-0.78061765,-0.27061766,2.2693822,3.0493822,0.5193823,-1.3306177,-3.5306177,-2.7406178,-2.9406176,-5.2806177,-2.5906177,-1.7006177,-0.42061767
-2.3106177,-10.390617,6.8293824,4.4893823,6.029382,3.5793824,2.4893823,1.7493824,1.1893823,-0.5606177,-1.8406177,-1.1406177,-2.0006177,-2.3106177,-2.6406176,-3.0806177,-2.8206177,-3.9306176,-4.2506175,-4.5106177,-3.8006177,-4.220618,-8.080618,-1.7206177,-1.0606177,-0.29061767,-0.9306177,0.099382326,-0.3706177,0.7093823,2.4293823,0.7393823,1.4793823,-1.6506177,-0.97061765,2.0593824,1.0793823,-1.3806176,-0.010617676,0.52938235,0.6293823
2.3893824,9.999382,5.399382,7.8093824,4.0093822,4.7093825,4.0193825,2.6993823,2.5993824,1.0493823,-0.5006177,-1.6906177,-2.2506177,-2.3806176,-2.2306178,-3.1006176,-3.9906178,-5.0106177,-5.6306176,-6.3206177,-2.9706178,-2.9806178,0.17938232,-2.1806176,-3.4806178,-3.9206176,-3.4706178,-3.0506177,0.039382324,-1.5806177,-1.6406177,-2.7506177,-1.6506177,0.8193823,-0.5006177,-2.3906176,-0.070617676,3.6593823,0.19938232,1.3793824,3.3893824
1.2293823,3.2593822,7.5993824,6.319382,3.6593823,3.9393823,2.7193823,4.609382,3.4093823,1.2093823,0.42938232,-0.49061766,-1.9506177,-2.7906177,-3.1206176,-2.5406177,-3.2906177,-4.2306175,-4.930618,-5.7306175,-4.2306175,-3.4706178,-3.3206177,-3.2106178,-3.4806178,-3.0806177,-3.3006177,-2.8706176,-2.5206177,-3.3606176,-4.620618,-1.5806177,2.0093822,2.3193824,-0.7606177,-1.6906177,-2.0606177,-2.9606178,2.6393824,2.4193823,1.0193824
-2.1906176,0.85938233,3.5493822,5.8493824,7.299382,6.9293823,4.1993823,3.9993823,3.1093824,1.7393823,0.36938232,-0.58061767,-2.4806178,-2.6406176,-2.2106178,-2.0506177,-2.4406176,-3.1306176,-4.1906176,-3.1606176,-4.4206176,-3.3506176,-2.7606177,-2.5306177,-2.7306178,-3.3506176,-3.9806178,-4.3106174,-1.7706177,-1.9606177,-2.7906177,-2.9706178,-2.8306177,-2.8906176,1.4793823,-1.3306177,2.3993824,-0.84061766,-1.7106177,-0.83061767,0.72938234
-1.1106176,2.4693823,2.6293824,5.089382,7.029382,6.2093825,5.049382,4.319382,3.0793824,2.3093824,1.5493823,0.6393823,-0.17061767,-1.4806176,-2.1006176,-2.1406176,-1.3906177,-1.5406177,-2.6706176,-2.8406177,-3.6306176,-3.7106178,-3.5406177,-2.9306176,-2.5306177,-2.4106176,-3.8606176,-2.8406177,-3.1106176,-1.8206177,-1.8506176,-3.6106176,-5.0306177,-7.5206175,-1.2906177,-2.1506176,-3.7306178,-2.4706178,-1.5506177,0.29938233,-1.9506177
1.1093823,0.85938233,4.029382,5.609382,5.779382,6.2293825,5.7393823,5.089382,3.9093823,2.8593824,2.9193823,2.2993822,1.1893823,0.47938234,-0.29061767,-0.4306177,-1.2506176,-1.3206177,-1.0806177,-0.39061767,-2.4906178,-2.8106177,-3.1406176,-2.6706176,-2.0006177,-0.9506177,-1.2806177,-2.4606178,-2.0506177,-3.5206177,-2.4906178,-2.1706176,-3.1706176,-4.0506177,-0.96061766,-0.3406177,-0.3106177,-0.19061768,0.72938234,-0.030617677,-1.5206177
-5.180618,2.9093823,2.9693823,5.089382,5.6993823,5.6893826,5.2593822,4.7193823,3.4793823,3.7993822,3.0893824,2.8193824,2.4093823,2.2293823,1.9893823,1.1993823,1.1193824,0.64938235,0.60938233,0.5193823,0.44938233,-1.4506177,-1.9606177,-2.1606176,-1.5506177,-1.2206177,-0.53061765,-1.3506176,-0.9506177,-0.8006177,-1.5406177,-2.3806176,-1.7206177,-2.1406176,-1.3806176,-0.85061765,-2.6706176,-1.5206177,-0.8006177,-1.5106177,-1.9006177
-1.6906177,3.4893823,4.0193825,5.4493823,5.2193823,5.4993825,5.2393823,5.029382,4.7593822,4.0393825,4.129382,3.9993823,3.7993822,3.3293824,2.8393824,2.0293822,2.3193824,2.1793823,2.0993824,1.6993823,1.9993824,1.7393823,1.0693823,-0.6306177,-1.3806176,0.7093823,-0.10061768,0.66938233,0.41938233,-0.13061768,0.71938235,-0.09061768,-1.8506176,-2.8706176,-1.1206176,-0.85061765,-0.5506177,-2.4506178,-1.5306177,0.30938232,-0.8006177
-1.6006176,-2.8706176,4.6593823,4.2093825,5.7293825,6.3093824,6.1893826,4.879382,4.3893824,3.8093824,3.9393823,3.4593823,3.8593824,4.1893826,3.1593823,2.5493822,2.3693824,2.5593824,3.2393823,3.1193824,2.5493822,2.8093824,2.1593823,1.3993824,0.6893823,1.4493823,0.36938232,0.9393823,1.2493824,-0.24061768,-0.39061767,0.49938232,-1.3206177,-1.7106177,-0.5406177,0.71938235,-1.1806177,0.5793823,0.6993823,-0.030617677,-0.7506177
-0.7306177,-2.1506176,1.1593823,6.0393825,5.919382,6.4293823,4.7593822,5.9293823,3.6093824,2.3993824,2.2893822,2.2693822,3.8593824,3.8093824,3.0093822,3.0893824,3.0293822,2.7793822,3.5293822,3.3293824,3.3093824,2.7593822,2.3493824,2.1093824,2.1593823,1.5593823,2.8293824,2.6193824,1.4393823,0.08938232,2.2693822,1.1993823,-0.5406177,-0.32061768,-0.5406177,0.059382323,1.0993823,3.0393822,2.1693823,2.1693823,0.6993823
1.8193823,2.3393824,-1.0806177,-1.6906177,3.1293824,2.8493824,5.859382,6.9793825,5.1393824,2.9993823,2.1593823,2.6393824,3.8293824,3.6493824,4.1793823,3.4493823,2.9193823,3.0093822,3.4693823,3.4093823,3.9793823,3.9493823,3.5793824,3.3093824,2.9393823,2.7293823,1.4093823,1.8893824,2.2293823,0.9293823,2.0493822,1.7993823,1.5593823,0.24938232,0.11938232,1.0693823,0.5793823,0.9993823,2.3493824,2.1493824,1.3393823
0.85938233,2.4593823,1.3093823,-0.22061768,-1.0606177,3.0993824,5.5193825,6.1793823,6.899382,6.5093822,4.799382,1.4293823,2.5393822,4.6593823,3.3193824,3.5593824,4.0793824,4.4393826,4.359382,4.5793824,4.5093822,4.419382,3.8793824,3.5193822,2.9093823,2.8393824,1.9793823,1.5893823,1.3893824,1.4693823,1.7693824,1.9093823,1.2693824,0.9293823,0.6293823,0.46938232,0.3493823,0.90938234,1.7693824,2.3793824,2.8693824
-2.3406177,-3.3906176,-3.1506176,1.9093823,2.7293823,1.5193824,3.4393823,5.4793825,5.9693823,6.8493824,5.169382,6.149382,3.8793824,2.5893824,4.779382,4.1193824,4.029382,4.129382,4.7893825,5.0593824,5.1993823,5.1793823,4.379382,3.8993824,3.8093824,3.5493822,2.9593823,2.4593823,2.3793824,2.5793824,1.8593823,2.0093822,1.2193823,1.6593823,1.5593823,1.0693823,1.1993823,2.0493822,1.6393824,2.6593823,2.3593824
