wind.json
{"header": {"discipline":0,"disciplineName":"Meteorological products","gribEdition":2,"gribLength":953,"center":7,"centerName":"US National Weather Service - NCEP(WMC)","subcenter":0,"refTime":"2023-06-29T06:00:00.000Z","significanceOfRT":1,"significanceOfRTName":"Start of forecast","productStatus":0,"productStatusName":"Operational products","productType":1,"productTypeName":"Forecast products","productDefinitionTemplate":0,"productDefinitionTemplateName":"Analysis/forecast at horizontal level/layer at a point in time","parameterCategory":0,"parameterCategoryName":"UnknownDiscipline_0_Category_0","parameterNumber":0,"parameterNumberName":"UnknownParameter_D0_C0_0","parameterUnit":"Unknown","genProcessType":2,"genProcessTypeName":"Forecast","forecastTime":300,"surface1Type":1,"surface1TypeName":"Ground or water surface","surface1Value":0.0,"surface2Type":255,"surface2TypeName":"Missing","surface2Value":0.0,"gridDefinitionTemplate":0,"gridDefinitionTemplateName":"Latitude_Longitude","numberPoints":688,"shape":6,"shapeName":"Earth spherical with radius of 6,371,229.0 m","gridUnits":"degrees","resolution":48,"winds":"true","scanMode":64,"nx":43,"ny":16,"basicAngle":0,"lo1":45.0,"la1":40.0,"lo2":87.0,"la2":55.0,"dx":1.0,"dy":1.0}, "data":
[rows 0 to 15 of 16, columns 0 to 42 of 43]
285.90414,282.30414,299.40414,302.60416,302.30414,298.00415,297.40414,295.80414,299.40414,300.70416,305.70416,303.80414,304.10416,300.40414,300.40414,303.40414,303.50415,303.40414,301.40414,300.30414,299.30414,298.50415,295.40414,296.20416,294.90414,290.60416,290.80414,285.80414,280.00415,279.00415,278.00415,292.70416,297.50415,301.80414,304.90414,304.70416,305.00415,303.50415,304.10416,299.80414,301.70416,301.80414,301.50415
289.20416,300.50415,299.00415,290.70416,292.10416,297.40414,297.20416,295.80414,298.70416,305.80414,303.90414,302.90414,305.80414,303.70416,303.70416,303.70416,303.40414,299.40414,299.80414,299.10416,299.80414,300.30414,299.30414,294.30414,295.40414,291.20416,295.70416,300.20416,291.60416,280.60416,279.40414,277.30414,277.70416,283.00415,292.00415,301.50415,303.40414,303.90414,304.60416,305.10416,303.80414,301.40414,301.00415
288.30414,285.90414,281.00415,292.40414,297.40414,297.40414,297.10416,295.00415,302.50415,302.40414,301.80414,301.80414,303.60416,302.60416,301.90414,300.40414,300.70416,298.00415,301.50415,300.90414,299.20416,296.50415,297.60416,298.20416,296.60416,287.60416,277.00415,275.20416,285.50415,281.30414,282.30414,278.60416,282.00415,275.00415,283.80414,271.40414,280.80414,297.80414,297.30414,300.40414,304.90414,295.80414,284.40414
291.50415,295.00415,296.50415,297.80414,297.60416,297.50415,296.60416,302.60416,302.10416,301.80414,302.90414,303.30414,302.80414,302.80414,297.80414,299.90414,300.50415,299.80414,298.50415,297.20416,300.70416,300.60416,296.70416,298.10416,298.10416,292.90414,292.80414,294.00415,295.00415,294.60416,295.00415,285.70416,276.60416,278.90414,284.30414,282.80414,284.60416,284.40414,280.70416,281.70416,284.70416,281.50415,278.20416
297.90414,300.00415,293.90414,297.90414,298.10416,297.70416,297.70416,299.30414,300.50415,301.00415,303.00415,299.60416,301.10416,301.90414,295.40414,294.60416,298.90414,300.80414,302.30414,300.50415,300.30414,300.30414,298.10416,293.00415,301.00415,300.50415,296.20416,294.90414,301.10416,296.00415,295.50415,294.30414,297.10416,291.20416,297.10416,293.10416,291.40414,288.70416,279.30414,280.20416,285.20416,295.00415,298.30414
300.10416,302.00415,299.50415,298.50415,298.20416,298.80414,299.70416,300.30414,301.20416,302.20416,303.30414,301.40414,302.40414,301.30414,295.90414,295.40414,292.60416,301.80414,301.80414,301.20416,295.70416,301.80414,302.40414,302.70416,303.60416,304.20416,299.50415,300.70416,302.70416,297.00415,294.50415,295.80414,298.70416,293.00415,281.80414,274.80414,285.80414,296.10416,297.80414,301.10416,301.00415,300.60416,300.10416
299.10416,302.70416,302.00415,299.70416,299.10416,298.20416,298.20416,297.80414,301.80414,304.70416,304.30414,303.90414,303.10416,302.70416,295.00415,294.50415,296.70416,298.40414,299.70416,301.40414,303.30414,303.00415,301.50415,301.60416,302.10416,303.10416,299.40414,296.00415,302.30414,291.00415,301.90414,302.10416,298.90414,300.00415,295.80414,294.00415,292.40414,293.00415,286.50415,289.60416,297.90414,298.40414,298.40414
299.60416,301.40414,300.40414,299.90414,302.20416,302.90414,301.40414,299.80414,304.30414,304.60416,304.90414,304.60416,302.60416,301.40414,301.00415,301.60416,298.80414,298.30414,299.60416,301.90414,302.50415,302.00415,299.90414,301.10416,301.30414,300.20416,298.70416,298.40414,298.10416,299.70416,298.20416,298.40414,299.00415,300.10416,301.20416,297.30414,293.40414,289.00415,287.20416,284.10416,281.10416,279.90414,294.40414
298.70416,297.00415,299.30414,299.00415,300.60416,300.30414,302.60416,302.50415,301.80414,301.60416,299.70416,300.70416,299.50415,298.60416,297.40414,300.00415,303.30414,303.30414,302.00415,302.70416,302.70416,297.20416,297.00415,297.70416,296.40414,296.90414,294.60416,292.10416,293.30414,294.60416,293.00415,294.70416,293.00415,294.40414,291.60416,288.60416,288.20416,295.50415,295.20416,288.60416,293.40414,293.80414,291.30414
291.90414,297.10416,296.80414,297.80414,297.30414,296.80414,299.60416,299.00415,297.60416,297.80414,297.00415,296.10416,295.00415,295.80414,295.60416,297.60416,298.40414,298.40414,298.60416,298.20416,297.40414,296.60416,294.30414,294.30414,295.20416,293.10416,290.00415,291.30414,288.20416,286.80414,285.40414,284.00415,286.20416,287.70416,290.20416,290.30414,288.60416,287.40414,289.30414,286.50415,280.30414,277.90414,276.50415
291.70416,292.90414,293.80414,294.30414,295.80414,298.50415,296.50415,295.10416,296.60416,294.80414,294.50415,294.60416,293.10416,292.80414,294.50415,295.70416,295.70416,296.30414,296.50415,295.80414,295.10416,296.90414,293.30414,293.70416,294.50415,296.00415,293.40414,290.40414,289.80414,286.10416,286.50415,285.80414,286.50415,290.90414,292.10416,291.70416,289.20416,292.00415,286.30414,280.60416,277.10416,278.20416,276.90414
287.90414,290.30414,290.60416,293.50415,292.10416,292.30414,292.60416,292.90414,295.90414,293.00415,291.60416,290.80414,290.40414,293.40414,293.40414,293.30414,292.50415,292.70416,292.20416,292.30414,293.00415,292.50415,291.90414,292.20416,293.70416,293.90414,292.80414,291.30414,287.70416,289.60416,289.80414,291.00415,292.00415,292.30414,292.00415,292.10416,290.50415,288.30414,284.70416,283.00415,282.70416,281.10416,279.20416
286.60416,287.10416,287.40414,288.40414,289.50415,290.70416,289.20416,291.00415,289.70416,290.20416,289.10416,288.20416,287.70416,287.80414,289.90414,289.60416,291.80414,291.50415,289.90414,289.50415,288.70416,288.90414,291.30414,291.40414,292.20416,291.70416,289.30414,288.00415,288.80414,293.70416,290.70416,291.70416,289.10416,290.10416,290.80414,289.00415,290.10416,290.80414,292.50415,288.90414,286.00415,286.30414,287.30414
285.60416,285.80414,286.30414,286.90414,288.90414,288.60416,288.80414,288.40414,287.50415,286.80414,286.30414,286.20416,284.90414,283.80414,287.30414,285.90414,288.30414,288.40414,289.20416,287.60416,288.90414,287.30414,287.10416,287.00415,289.80414,289.20416,291.20416,291.90414,291.60416,289.70416,289.10416,288.50415,291.20416,288.60416,288.80414,287.60416,288.10416,288.20416,289.00415,287.60416,287.40414,286.00415,286.40414
286.30414,285.80414,285.50415,286.50415,289.80414,287.70416,287.80414,288.00415,287.90414,285.30414,285.70416,285.90414,284.20416,282.50415,283.40414,285.70416,286.50415,288.10416,287.00415,289.20416,288.90414,289.80414,288.70416,289.80414,287.70416,287.60416,287.60416,288.00415,287.80414,290.70416,290.00415,287.90414,288.00415,288.10416,288.00415,288.60416,288.80414,288.00415,288.40414,288.20416,287.90414,287.10416,287.50415
284.80414,285.50415,288.80414,287.10416,291.80414,285.60416,285.40414,285.10416,286.00415,285.60416,286.30414,285.60416,285.40414,282.90414,283.70416,285.20416,287.70416,288.80414,287.60416,286.70416,288.20416,289.20416,289.30414,287.80414,285.90414,286.10416,287.00415,287.10416,288.00415,288.90414,286.50415,286.40414,286.60416,285.30414,287.40414,288.40414,288.40414,288.40414,288.40414,288.10416,288.20416,288.20416,287.50415
