wind_kz.json
{"header": {"discipline":0,"disciplineName":"Meteorological products","gribEdition":2,"gribLength":871,"center":7,"centerName":"US National Weather Service - NCEP(WMC)","subcenter":0,"refTime":"2023-09-09T00:00:00.000Z","significanceOfRT":1,"significanceOfRTName":"Start of forecast","productStatus":0,"productStatusName":"Operational products","productType":1,"productTypeName":"Forecast products","productDefinitionTemplate":0,"productDefinitionTemplateName":"Analysis/forecast at horizontal level/layer at a point in time","parameterCategory":0,"parameterCategoryName":"UnknownDiscipline_0_Category_0","parameterNumber":0,"parameterNumberName":"UnknownParameter_D0_C0_0","parameterUnit":"Unknown","genProcessType":2,"genProcessTypeName":"Forecast","forecastTime":240,"surface1Type":1,"surface1TypeName":"Ground or water surface","surface1Value":0.0,"surface2Type":255,"surface2TypeName":"Missing","surface2Value":0.0,"gridDefinitionTemplate":0,"gridDefinitionTemplateName":"Latitude_Longitude","numberPoints":615,"shape":6,"shapeName":"Earth spherical with radius of 6,371,229.0 m","gridUnits":"degrees","resolution":48,"winds":"true","scanMode":64,"nx":41,"ny":15,"basicAngle":0,"lo1":47.0,"la1":41.0,"lo2":87.0,"la2":55.0,"dx":1.0,"dy":1.0}, "data":
[rows 0 to 14 of 15, columns 0 to 40 of 41]
289.80048,282.30048,281.70047,296.90045,296.80048,295.70047,291.50046,289.10046,289.10046,290.60046,290.70047,292.30048,292.30048,292.80048,292.90045,290.30048,290.40045,290.10046,291.20047,289.40045,290.60046,288.60046,288.30048,284.60046,287.40045,289.40045,287.10046,274.80048,273.20047,274.90045,275.40045,276.80048,285.60046,291.00046,291.80048,292.10046,292.40045,291.30048,291.00046,290.80048,290.90045
273.40045,281.70047,296.30048,296.50046,296.30048,294.60046,288.10046,287.70047,287.00046,287.90045,289.30048,289.90045,288.40045,288.50046,290.80048,292.50046,292.40045,290.50046,287.60046,288.10046,287.70047,288.90045,287.50046,285.30048,275.50046,274.10046,282.30048,275.20047,274.40045,272.30048,278.60046,271.60046,277.70047,255.80046,274.60046,289.40045,288.50046,291.90045,293.20047,286.50046,283.90045
281.30048,295.80048,296.70047,296.40045,294.20047,285.60046,285.10046,285.60046,284.90045,285.60046,286.30048,288.20047,286.30048,288.20047,288.80048,289.90045,288.80048,287.20047,286.00046,285.30048,287.10046,289.70047,292.30048,287.10046,286.70047,285.80048,286.10046,285.00046,284.20047,278.80048,273.20047,274.60046,277.90045,277.80048,280.90045,281.70047,277.00046,280.20047,280.10046,277.50046,274.80048
281.80048,295.10046,296.30048,295.50046,291.60046,285.80048,285.20047,282.80048,285.20047,285.80048,285.90045,285.10046,292.80048,292.20047,289.20047,289.10046,287.70047,288.10046,288.30048,286.30048,286.30048,281.80048,288.30048,290.30048,290.40045,291.50046,292.40045,290.50046,286.50046,286.50046,287.90045,287.10046,291.50046,289.30048,290.50046,285.20047,278.10046,274.30048,278.70047,288.00046,289.80048
284.10046,293.00046,294.30048,293.00046,290.70047,287.60046,287.00046,284.40045,284.30048,285.40045,285.20047,283.70047,291.70047,290.50046,289.20047,288.50046,288.70047,287.40045,287.40045,288.40045,288.20047,287.40045,286.10046,289.20047,290.00046,289.80048,289.90045,290.60046,290.00046,289.60046,290.50046,288.00046,279.50046,271.80048,281.00046,286.90045,290.80048,293.00046,292.50046,291.90045,291.80048
282.20047,281.60046,292.20047,291.70047,292.30048,291.40045,287.40045,285.80048,283.70047,284.90045,283.70047,283.80048,290.30048,291.80048,290.30048,288.10046,288.70047,286.00046,289.00046,289.10046,286.80048,286.40045,286.10046,286.10046,286.70047,285.80048,287.50046,290.10046,289.70047,290.10046,287.70047,290.00046,287.50046,283.80048,283.80048,287.10046,278.80048,282.20047,289.40045,293.90045,292.90045
281.10046,280.90045,285.60046,283.90045,287.10046,285.70047,285.70047,286.20047,286.10046,285.70047,286.00046,284.40045,283.80048,284.60046,288.10046,288.40045,288.60046,289.10046,290.40045,289.00046,289.80048,289.90045,287.80048,286.30048,284.70047,285.00046,283.80048,285.50046,285.90045,286.90045,286.50046,286.40045,286.20047,286.60046,285.50046,284.10046,280.00046,276.90045,274.80048,275.50046,285.60046
280.70047,281.40045,285.40045,283.30048,284.50046,285.20047,284.40045,283.90045,283.80048,286.00046,284.10046,283.70047,282.80048,284.20047,287.50046,287.40045,287.60046,287.30048,288.40045,287.90045,286.60046,287.10046,284.90045,284.40045,283.30048,279.90045,280.70047,280.20047,279.30048,282.30048,282.10046,283.30048,282.40045,281.20047,280.40045,283.50046,284.50046,288.70047,284.90045,284.90045,284.00046
279.70047,280.10046,281.40045,281.10046,282.90045,283.30048,283.60046,285.00046,283.70047,284.90045,284.60046,283.20047,282.30048,282.80048,284.20047,285.90045,286.10046,286.70047,286.50046,286.10046,284.30048,284.60046,283.70047,283.10046,281.20047,281.90045,280.10046,278.60046,277.50046,275.40045,276.60046,277.80048,279.40045,281.10046,279.90045,280.10046,284.10046,280.20047,272.90045,269.60046,273.00046
278.70047,279.80048,280.50046,280.80048,281.60046,282.40045,282.80048,282.50046,282.80048,284.30048,284.20047,283.50046,281.60046,282.60046,281.60046,282.20047,283.80048,284.80048,285.00046,284.80048,284.30048,283.40045,283.10046,283.60046,282.70047,280.40045,279.70047,279.00046,278.80048,278.30048,278.00046,281.10046,283.20047,283.00046,282.00046,281.40045,280.00046,276.70047,277.70047,276.10046,273.90045
278.30048,278.60046,279.00046,280.20047,280.70047,281.60046,282.20047,282.10046,283.70047,282.00046,281.40045,282.30048,284.40045,283.90045,283.90045,284.80048,285.00046,284.90045,284.40045,282.50046,281.60046,281.60046,281.30048,282.40045,280.90045,280.40045,278.90045,280.40045,281.10046,282.30048,283.00046,283.20047,282.80048,283.40045,284.50046,284.60046,279.60046,277.40045,276.70047,278.50046,276.20047
277.20047,278.90045,279.70047,279.10046,279.20047,281.10046,280.40045,280.60046,280.70047,280.00046,278.40045,279.20047,281.10046,281.60046,281.90045,281.20047,281.80048,284.40045,284.60046,283.70047,282.90045,282.70047,283.30048,281.20047,280.80048,283.50046,282.90045,284.60046,282.20047,282.60046,282.00046,282.90045,284.50046,282.60046,284.30048,283.20047,284.40045,283.80048,282.20047,283.30048,282.10046
275.40045,275.20047,277.80048,278.90045,281.70047,279.40045,279.10046,279.40045,279.30048,281.30048,276.80048,276.80048,279.20047,279.00046,280.10046,280.20047,280.50046,280.50046,281.40045,280.20047,280.20047,278.90045,278.10046,278.40045,280.00046,281.10046,282.70047,282.30048,282.90045,284.60046,284.60046,283.40045,283.90045,285.60046,284.60046,283.40045,283.90045,283.40045,282.50046,282.90045,281.40045
273.80048,276.20047,282.70047,278.10046,280.90045,277.30048,281.00046,280.60046,281.90045,279.40045,277.40045,276.30048,277.10046,278.00046,279.20047,279.50046,279.20047,279.40045,282.40045,280.00046,279.50046,279.00046,281.00046,282.40045,281.40045,284.00046,284.00046,284.40045,284.40045,284.40045,282.90045,284.00046,281.80048,280.30048,280.00046,280.20047,280.90045,280.70047,282.20047,280.70047,279.80048
274.40045,276.30048,287.50046,277.40045,278.30048,276.30048,279.80048,280.60046,281.60046,282.00046,280.00046,281.00046,279.30048,280.50046,278.70047,279.10046,278.90045,279.00046,280.60046,282.30048,280.10046,282.70047,282.60046,283.10046,282.30048,282.50046,284.20047,284.00046,284.00046,284.20047,283.60046,283.40045,283.00046,283.20047,283.70047,283.70047,281.80048,279.40045,280.20047,283.10046,282.80048
