wind_kz.json
{"header": {"discipline":0,"disciplineName":"Meteorological products","gribEdition":2,"gribLength":1025,"center":7,"centerName":"US National Weather Service - NCEP(WMC)","subcenter":0,"refTime":"2023-09-30T18:00:00.000Z","significanceOfRT":1,"significanceOfRTName":"Start of forecast","productStatus":0,"productStatusName":"Operational products","productType":1,"productTypeName":"Forecast products","productDefinitionTemplate":0,"productDefinitionTemplateName":"Analysis/forecast at horizontal level/layer at a point in time","parameterCategory":2,"parameterCategoryName":"UnknownDiscipline_0_Category_2","parameterNumber":2,"parameterNumberName":"UnknownParameter_D0_C2_2","parameterUnit":"Unknown","genProcessType":2,"genProcessTypeName":"Forecast","forecastTime":300,"surface1Type":103,"surface1TypeName":"Specified height level above ground","surface1Value":10.0,"surface2Type":255,"surface2TypeName":"Missing","surface2Value":0.0,"gridDefinitionTemplate":0,"gridDefinitionTemplateName":"Latitude_Longitude","numberPoints":615,"shape":6,"shapeName":"Earth spherical with radius of 6,371,229.0 m","gridUnits":"degrees","resolution":48,"winds":"true","scanMode":64,"nx":41,"ny":15,"basicAngle":0,"lo1":47.0,"la1":41.0,"lo2":87.0,"la2":55.0,"dx":1.0,"dy":1.0}, "data":
[rows 0 to 14 of 15, columns 0 to 40 of 41]
0.61024415,0.98024416,-0.30975586,2.2002442,0.79024416,-0.52975583,-2.469756,-1.4597559,-1.7897558,-1.3197559,0.15024415,0.9602441,1.4702442,1.7902441,1.9602442,1.9002441,1.7702441,1.5402441,0.62024415,-0.5997559,-2.0097558,-0.88975585,0.9502441,1.8602442,-1.3297559,-0.06975586,1.6702441,1.4002441,1.8202442,1.9602442,3.4302442,2.570244,-0.24975586,-2.399756,-4.3897557,-4.029756,-3.919756,-3.679756,-3.8397558,-3.1197557,-1.2197559
0.79024416,-0.8497559,3.7102442,2.090244,-0.22975586,-1.0797559,-1.0797559,0.30024415,-0.019755859,1.0102441,1.6302441,3.0102441,3.6902442,3.9302442,4.2602444,3.870244,2.3902442,2.4802442,1.6702441,1.0502441,0.87024415,1.2902441,2.560244,1.6702441,1.9502442,0.72024417,0.10024414,0.82024413,3.590244,1.8702441,2.5202441,6.210244,-0.17975587,2.4602442,1.1302441,0.7702441,0.60024416,-1.5797559,-0.21975586,-0.17975587,-0.23975585
-1.0397558,2.330244,-2.159756,-2.629756,-1.4997559,-0.31975585,0.05024414,0.76024413,2.370244,3.050244,4.5302444,4.720244,5.650244,5.8402443,6.240244,6.160244,5.920244,5.400244,4.600244,3.2302442,2.280244,2.1502442,2.810244,5.230244,0.08024414,2.120244,1.0902442,-1.0497558,2.4902442,0.5302441,1.4502442,1.0302441,-0.89975584,-0.9797559,-1.1897559,0.9002441,0.28024414,0.15024415,1.0702442,3.4002442,3.780244
-0.82975584,-0.9797559,-0.08975586,0.67024416,1.5602441,2.290244,1.4002441,4.430244,5.170244,6.000244,6.430244,6.680244,7.220244,8.110244,8.1002445,7.950244,7.660244,7.3002443,5.730244,2.790244,0.87024415,2.4302442,1.4802442,2.9202442,-1.5997559,-3.5797558,-3.2697558,-2.5897558,-1.0197558,-2.8697557,-4.549756,-3.4897559,-4.149756,-1.4297558,0.28024414,-1.2597558,-1.3997558,2.330244,-1.9397559,-2.899756,-3.3697557
-4.879756,-5.539756,-4.519756,-3.459756,-2.3397558,-0.99975586,0.14024414,2.4502442,3.9902442,5.0702443,6.3402443,8.000244,7.870244,8.090244,8.480244,9.190244,6.500244,4.460244,3.810244,1.8902441,3.6702442,2.620244,1.5402441,2.1302443,4.540244,-0.04975586,-1.0997559,0.55024415,0.56024414,-0.22975586,0.11024414,0.47024414,1.2202442,1.8702441,-2.0597558,0.05024414,-5.079756,-3.2997558,-0.7197559,-0.56975585,-0.7997559
-3.709756,-3.1197557,-4.069756,-3.649756,-2.5497558,-1.8297559,-0.58975583,0.44024414,1.4202441,2.2102442,3.290244,4.600244,6.270244,7.3402443,7.750244,8.610244,8.940244,9.480244,6.740244,6.830244,4.290244,4.520244,3.290244,1.5002441,3.4702442,-0.14975587,-0.57975584,0.82024413,-0.31975585,-1.9997559,-2.5897558,-4.249756,-4.189756,-3.629756,-3.0997558,-1.3397559,-1.4997559,-1.1797558,-0.87975585,-2.2997558,-0.9097559
-3.9797559,-3.8097558,-2.949756,-1.8897558,-1.9497559,-1.9797559,-1.2597558,0.14024414,0.5802441,1.6102442,2.6502442,3.9002442,4.020244,4.290244,4.740244,5.980244,7.990244,10.520245,8.620244,5.3802443,5.3402443,3.9102442,2.9602442,0.40024415,2.600244,1.3202442,2.7602441,1.6602441,-1.8197559,-1.3897558,-2.149756,-0.82975584,-0.69975585,-2.8097558,-2.679756,-1.5697559,-0.88975585,1.2602441,-0.5397559,0.9502441,2.7002442
-2.429756,-1.5497558,-3.639756,-2.5297558,-2.2497559,-1.7697558,-1.3097558,-0.89975584,-0.43975586,0.04024414,-0.20975585,0.60024416,1.0002441,2.2602441,2.7602441,3.540244,5.700244,5.960244,7.850244,5.1302443,5.180244,2.4302442,3.110244,0.35024413,0.12024414,2.070244,0.44024414,-0.95975584,-1.2297559,-0.74975586,-1.1097559,-1.9897559,-1.1697558,1.2302442,2.8802443,-1.3097558,-3.2797558,-0.11975586,2.060244,2.060244,1.1702441
-2.0797558,-3.2897558,-3.0197558,-2.639756,-2.5597558,-2.2897558,-2.3197558,-2.5097558,-2.0897558,-1.4097558,-0.69975585,-0.73975587,-0.11975586,-0.36975586,-0.04975586,0.25024414,1.6402441,1.6702441,3.7102442,3.9202442,2.4202442,0.91024417,1.6102442,-0.41975585,-0.80975586,1.4602442,1.3302442,0.24024414,0.14024414,-0.6597559,0.39024413,0.8902441,0.06024414,1.3502442,3.330244,1.2402442,-0.009755859,-0.08975586,0.11024414,-0.35975587,0.9002441
-2.679756,-2.399756,-2.4797559,-2.0497558,-2.0497558,-1.8097558,-1.6197559,-1.5997559,0.15024415,-0.30975586,-0.7197559,-0.6697559,-0.06975586,-0.37975585,-1.5697559,-1.7997558,-1.5897559,-0.47975585,0.63024414,0.35024413,2.7402442,3.060244,-0.04975586,-1.0297558,-2.8397558,-0.7297559,0.32024413,0.10024414,-1.5597558,-0.16975586,0.06024414,-1.2797558,0.33024415,-0.6697559,-1.9797559,-1.7897558,-1.6497558,-1.0597558,1.6902442,1.1202441,0.86024415
-1.8497559,-2.3597558,-2.129756,-1.7497559,-1.4297558,-1.6897559,-1.4797559,-1.2097559,-0.95975584,0.29024413,-0.69975585,-0.89975584,-0.86975586,-1.1497558,-1.9397559,-2.4797559,-3.2397559,-3.159756,-2.0697558,-3.419756,-4.289756,-5.759756,-6.319756,-6.009756,-5.049756,-3.0397558,-2.919756,-0.39975587,-1.3797559,-1.1997559,-1.8897558,-2.149756,-0.86975586,-1.1297559,-1.9697559,-1.0297558,-0.29975587,0.81024414,-0.51975584,0.14024414,1.2302442
-1.9697559,-2.0697558,-0.6697559,-0.50975585,-0.28975585,-0.32975587,-0.51975584,-0.55975586,-0.76975584,0.35024413,0.46024415,-1.0597558,-1.0997559,-2.8397558,-3.629756,-3.0597558,-3.5997558,-3.7697558,-5.7197556,-4.089756,-5.959756,-7.309756,-7.109756,-5.8897557,-5.3897557,-3.9897559,-3.0297558,-2.5197558,-2.4797559,-2.5597558,-1.9597559,-1.6097559,-0.9697559,-0.6697559,-0.73975587,-0.44975585,1.1102442,1.7502441,1.8002441,1.4602442,0.99024415
-1.1497558,-0.50975585,-0.12975585,-0.22975586,-0.30975586,-0.76975584,-0.9197559,-1.0197558,-1.0997559,0.12024414,-0.13975586,-1.4797559,-1.7897558,-2.0997558,-1.8197559,-2.5997558,-2.8197558,-2.5897558,-3.3697557,-4.959756,-5.919756,-6.799756,-6.509756,-6.4097557,-5.1997557,-4.629756,-4.169756,-3.8297558,-3.0797558,-2.4997559,-1.6197559,-1.4997559,-0.9697559,1.1702441,1.8602442,2.7202442,3.060244,2.7702441,4.190244,4.770244,3.9202442
-0.67975587,-0.21975586,-0.14975587,-0.15975586,-0.47975585,-0.50975585,-0.9197559,-0.28975585,-0.31975585,-0.37975585,0.36024415,-0.18975586,-2.449756,-1.8097558,-1.8697559,-2.3397558,-2.9997559,-3.149756,-3.5197558,-4.259756,-4.709756,-5.1397557,-5.2397556,-5.189756,-4.999756,-4.599756,-3.649756,-3.2297559,-2.179756,-1.8997558,-1.1097559,-0.52975583,1.2102442,2.7102442,3.2002442,4.270244,4.6302443,5.470244,5.940244,5.1102443,6.8402443
-0.07975586,0.12024414,-0.19975586,-0.6097559,-0.8497559,-0.63975585,0.090244144,0.20024414,-0.55975586,-0.17975587,-0.64975584,-1.6697558,-0.75975585,-1.7297559,-2.0197558,-2.409756,-3.0197558,-3.5197558,-3.949756,-4.399756,-4.4697556,-4.359756,-4.6397557,-4.3697557,-4.4297557,-4.1997557,-3.8597558,-3.129756,-2.6097558,-1.3597559,0.54024416,2.620244,3.6502442,4.490244,5.120244,6.100244,6.210244,5.660244,5.080244,5.540244,3.610244
