wind_kz.json
{"header": {"discipline":0,"disciplineName":"Meteorological products","gribEdition":2,"gribLength":1025,"center":7,"centerName":"US National Weather Service - NCEP(WMC)","subcenter":0,"refTime":"2024-02-02T12:00:00.000Z","significanceOfRT":1,"significanceOfRTName":"Start of forecast","productStatus":0,"productStatusName":"Operational products","productType":1,"productTypeName":"Forecast products","productDefinitionTemplate":0,"productDefinitionTemplateName":"Analysis/forecast at horizontal level/layer at a point in time","parameterCategory":2,"parameterCategoryName":"UnknownDiscipline_0_Category_2","parameterNumber":2,"parameterNumberName":"UnknownParameter_D0_C2_2","parameterUnit":"Unknown","genProcessType":2,"genProcessTypeName":"Forecast","forecastTime":300,"surface1Type":103,"surface1TypeName":"Specified height level above ground","surface1Value":10.0,"surface2Type":255,"surface2TypeName":"Missing","surface2Value":0.0,"gridDefinitionTemplate":0,"gridDefinitionTemplateName":"Latitude_Longitude","numberPoints":615,"shape":6,"shapeName":"Earth spherical with radius of 6,371,229.0 m","gridUnits":"degrees","resolution":48,"winds":"true","scanMode":64,"nx":41,"ny":15,"basicAngle":0,"lo1":47.0,"la1":41.0,"lo2":87.0,"la2":55.0,"dx":1.0,"dy":1.0}, "data":
[rows 0 to 14 of 15, columns 0 to 40 of 41]
-3.0998023,0.8701978,-1.6298022,-5.769802,-5.5098023,-7.0498023,-3.8498023,-4.4098024,-6.059802,-2.9898024,-3.1098022,-2.6398022,-2.2598023,-1.5798023,-1.7998023,-1.1098022,-0.80980223,1.1001978,-0.15980224,0.13019775,-0.24980225,1.1501977,1.0501977,-1.0498023,-0.25980225,-2.1898022,-2.8098023,-0.42980224,2.0801978,0.64019775,-1.0598023,3.0501978,0.16019775,-0.7698023,1.4001977,2.0001976,1.6601977,2.0601978,1.7701977,1.6901977,2.0501978
2.4901977,-2.4798021,-6.899802,-6.229802,-5.309802,-6.349802,-4.289802,-4.6098022,-4.059802,-3.2698023,-2.1398022,-1.8898022,-0.8898022,-0.30980223,-0.37980226,-0.09980225,1.2301978,1.4901978,1.0201977,1.8401978,1.4001977,0.21019775,1.0501977,-1.8798022,3.5701978,1.0301977,-0.8798022,1.0301977,-2.2698023,-1.0998023,0.13019775,-0.43980226,2.7401977,-1.5298022,-0.09980225,1.977539E-4,-0.74980223,-0.19980225,0.17019776,0.47019777,-1.2398022
-4.3898025,-9.889802,-7.6598024,-7.209802,-6.079802,-4.6598024,-4.4498024,-3.2598023,-3.3898022,-1.6098022,-0.83980227,0.38019776,1.5601977,2.6001978,1.6101978,0.57019776,0.94019777,1.5101978,3.3001978,3.2701979,2.9401977,3.7901978,3.7201977,6.150198,4.4501977,4.0501976,2.7801979,2.5901978,0.40019774,-0.27980223,-1.0598023,3.5101976,0.030197755,-0.24980225,0.45019776,0.39019775,-0.26980224,0.52019775,0.6701977,0.8601978,0.040197752
-7.1198025,-10.139802,-8.349802,-6.8898025,-4.729802,-3.8098023,-2.1398022,-2.4798021,-0.73980224,0.36019775,0.96019775,1.4601978,4.020198,4.060198,3.2901978,1.9401977,1.5201977,4.210198,5.920198,5.270198,3.7401977,2.8501978,2.8601978,3.6101978,5.060198,4.8001976,4.8601975,3.4401977,8.030198,1.7401978,1.4701978,0.83019775,-2.5698023,-2.4698021,-2.5398023,-2.3998022,-1.9098022,2.5301979,1.2201978,0.12019775,0.83019775
-6.479802,-6.1798024,-6.0498023,-4.0298023,-3.1498022,-3.1998022,-2.0898023,-0.66980225,0.37019774,1.9601978,3.0301979,4.230198,4.870198,6.920198,5.5301976,2.4401977,4.750198,4.600198,4.620198,5.8601975,6.500198,6.4501977,6.4701977,5.350198,5.830198,4.600198,5.6401978,5.6601977,8.050198,7.210198,4.440198,1.9901978,0.12019775,1.1801977,2.9601977,-0.74980223,-0.80980223,-1.8398023,-1.5298022,-1.3698022,-0.36980224
-5.6598024,-4.459802,-3.9298022,-3.4198022,-3.5598023,-2.2498024,-1.6198022,-0.32980224,0.48019776,1.1101978,2.4701977,3.6901977,4.6301975,6.3901978,4.7001977,6.4501977,5.770198,6.290198,5.600198,5.7801976,3.7401977,6.0301976,6.620198,4.9701977,5.3901978,5.690198,8.660198,6.3801975,8.460197,7.6801977,7.810198,5.9301977,5.250198,-0.019802246,0.84019774,-5.519802,2.1701977,-0.77980226,-0.65980226,-1.0998023,-1.7598022
-4.459802,-5.019802,-4.7398024,-3.5498023,-3.1298022,-2.3098023,-1.3098023,-0.22980225,-0.23980224,1.5801978,1.8801978,3.7701979,4.5301976,4.8601975,5.4901977,6.2001977,6.7601976,6.060198,4.0101976,2.5001976,3.8601978,5.4101977,4.1101975,4.020198,3.8901978,4.290198,5.6301975,6.020198,7.060198,9.500197,7.100198,7.7001977,2.2101977,-3.4898024,-3.8998022,-2.1998022,-1.6198022,3.2501976,-0.48980224,0.6701977,-0.23980224
-4.8698025,-3.5298023,-3.6998022,-3.0998023,-2.9798021,-1.6498022,-0.79980224,-0.48980224,1.1501977,1.8401978,2.2401977,3.9801977,5.040198,5.0701976,6.1601977,6.3801975,6.4301977,6.120198,4.770198,4.0701976,6.1101975,4.3401976,4.670198,3.7401977,4.1101975,3.4701977,5.6401978,2.6201978,6.8801975,6.250198,8.780198,8.610198,1.0401977,3.2801979,6.3401976,2.2401977,-6.419802,-9.219802,-9.009802,-8.849802,-3.2198021
-3.0798023,-2.6498022,-2.4498022,-1.8098023,-0.8798022,-0.58980227,-0.049802247,0.97019774,1.8501978,2.3601978,3.4801977,3.5701978,5.9901977,4.620198,5.620198,5.7201977,6.060198,5.4301977,5.650198,5.560198,6.0901976,6.6101975,3.9801977,3.9901977,3.7301977,4.3901978,3.8901978,3.9101977,5.7801976,5.1401978,7.3901978,7.980198,9.040197,5.120198,4.3401976,-4.0098023,-0.25980225,-1.3598022,-2.2898023,-0.019802246,-1.4698023
-1.4898022,-1.0398022,-0.6298022,-0.32980224,0.13019775,0.8601978,1.3001977,1.4801978,1.9001977,2.5201979,3.2601976,4.650198,4.830198,5.0301976,4.900198,5.3401976,4.5901976,5.080198,5.2601976,5.520198,6.370198,6.0901976,6.350198,5.170198,5.230198,5.5701976,5.420198,5.9901977,6.1601977,7.620198,8.360198,6.100198,4.230198,6.1101975,3.9101977,2.1801977,-2.9098022,-1.6698022,3.0101976,2.1101978,-1.4998022
-0.43980226,-0.61980224,-0.97980225,0.09019776,0.65019774,0.88019776,1.6301978,2.2501976,2.0801978,2.3101978,2.6201978,5.420198,5.0301976,4.270198,4.0701976,1.5201977,2.3001978,2.6701977,1.6201978,2.4301977,3.6201978,4.040198,4.230198,4.6101975,4.270198,4.600198,5.3801975,5.940198,7.1301975,8.270198,7.370198,6.870198,6.150198,4.3201976,5.8601975,4.330198,1.9401977,2.3701978,4.9701977,1.3901978,1.9101977
1.977539E-4,-0.23980224,0.16019775,0.66019773,1.5001978,1.2101978,1.5101978,1.3401978,2.0901978,1.5101978,1.1901977,4.440198,3.3801978,2.6201978,2.4601977,2.5601978,3.3701978,4.060198,2.5301979,2.6101978,3.5201979,4.1301975,3.8401978,3.9101977,4.2001977,5.080198,5.2401977,6.3401976,5.730198,5.250198,4.7401977,3.3501978,3.9301977,2.2001977,2.7601976,1.7701977,6.6601977,8.6701975,0.52019775,1.5301977,3.0601978
1.0301977,0.71019775,1.3001977,1.3801978,1.4401977,1.2001977,1.4601978,1.2501978,1.6401978,1.6701977,0.89019775,3.2701979,3.1601977,2.3701978,2.6801977,3.4401977,3.5401978,3.7901978,4.0301976,3.6401978,3.2401977,3.3101978,2.5201979,4.150198,4.8001976,5.190198,5.580198,2.9801977,3.1201978,3.9201977,3.8701978,3.6401978,3.1601977,1.9101977,2.5701978,3.0601978,3.2201977,1.6301978,4.7601976,7.420198,2.9701977
1.2101978,0.78019774,1.8601978,1.9501977,1.3101977,1.2201978,1.3501978,1.2801977,1.6801977,2.6601977,0.63019776,1.2701977,2.6201978,2.4801977,4.0501976,3.9201977,4.040198,4.2201977,4.330198,3.6701977,3.9801977,3.9401977,3.9601977,4.4501977,4.170198,3.8701978,2.7201977,2.8101978,2.5901978,3.1301978,3.1701977,2.8801978,2.4901977,2.4601977,2.4301977,2.2001977,1.6701977,2.3501978,2.4701977,1.9201977,1.8101977
0.78019774,1.7401978,2.5401978,1.2501978,1.8201977,1.7601978,2.1601977,1.6101978,2.5801978,1.4701978,0.33019775,1.4501977,2.1901977,4.3801975,4.400198,4.6301975,4.6301975,4.8901978,3.5201979,4.1101975,4.400198,4.670198,4.080198,4.040198,3.8201978,3.3801978,3.3001978,2.8801978,2.9601977,2.5601978,2.5601978,2.3601978,1.9301977,2.2601976,2.1701977,2.7801979,1.0701977,2.2701979,2.5501978,4.270198,2.7901978
