wind_kz.json
[{"header":{"discipline":0,"disciplineName":"Meteorological products","gribEdition":2,"gribLength":871,"center":7,"centerName":"US National Weather Service - NCEP(WMC)","subcenter":0,"refTime":"2024-01-31T06:00:00.000Z","significanceOfRT":1,"significanceOfRTName":"Start of forecast","productStatus":0,"productStatusName":"Operational products","productType":1,"productTypeName":"Forecast products","productDefinitionTemplate":0,"productDefinitionTemplateName":"Analysis/forecast at horizontal level/layer at a point in time","parameterCategory":0,"parameterCategoryName":"UnknownDiscipline_0_Category_0","parameterNumber":0,"parameterNumberName":"UnknownParameter_D0_C0_0","parameterUnit":"Unknown","genProcessType":2,"genProcessTypeName":"Forecast","forecastTime":300,"surface1Type":1,"surface1TypeName":"Ground or water surface","surface1Value":0.0,"surface2Type":255,"surface2TypeName":"Missing","surface2Value":0.0,"gridDefinitionTemplate":0,"gridDefinitionTemplateName":"Latitude_Longitude","numberPoints":615,"shape":6,"shapeName":"Earth spherical with radius of 6,371,229.0 m","gridUnits":"degrees","resolution":48,"winds":"true","scanMode":64,"nx":41,"ny":15,"basicAngle":0,"lo1":47.0,"la1":41.0,"lo2":87.0,"la2":55.0,"dx":1.0,"dy":1.0},"data":[278.7,271.0,274.3,279.9,280.3,281.9,278.7,277.6,275.4,275.9,274.5,274.7,274.1,274.4,274.2,273.3,274.0,273.6,274.7,273.4,274.4,275.0,275.5,275.2,278.2,280.1,275.6,264.8,255.7,253.7,255.8,258.2,265.8,272.3,272.2,271.6,271.7,271.6,271.4,271.8,271.7,255.6,274.2,279.9,279.6,280.1,280.7,274.6,273.7,272.6,272.9,273.4,273.2,273.1,272.0,271.7,271.6,272.8,271.7,271.6,271.3,271.8,271.9,273.1,269.9,261.9,256.5,268.1,263.5,261.4,257.4,263.5,253.6,262.0,246.4,252.2,263.8,267.4,265.8,270.5,267.6,269.6,275.4,278.1,279.8,280.1,280.0,272.3,271.7,271.0,270.6,270.2,270.6,271.3,271.5,270.3,271.2,271.5,271.4,270.2,270.1,270.5,271.8,271.2,271.9,267.7,272.3,270.9,271.1,271.4,270.5,263.7,259.6,260.7,263.3,260.6,260.8,264.9,258.7,255.9,252.7,254.1,253.1,273.5,275.6,277.7,278.7,276.6,269.8,271.7,269.1,269.7,269.7,270.2,270.7,281.1,281.7,270.5,270.0,269.3,270.0,269.9,270.3,269.4,261.8,269.5,270.3,271.7,272.2,271.9,269.3,270.1,270.1,270.1,270.3,273.2,271.5,267.3,266.8,258.9,255.0,261.7,260.8,260.6,270.5,270.9,268.4,267.4,268.5,269.3,270.0,268.9,269.4,269.6,269.5,269.0,278.9,278.9,278.0,267.4,266.7,267.1,266.1,265.4,267.6,267.1,265.5,267.0,267.2,267.4,264.8,268.0,269.4,269.4,271.0,270.8,259.5,254.0,262.0,263.9,264.4,266.8,264.1,263.3,262.9,270.3,269.4,268.4,267.6,267.2,266.3,268.3,270.1,269.1,268.8,269.3,268.7,277.0,278.8,266.1,266.8,264.5,263.3,261.7,263.7,259.3,261.0,260.9,259.2,259.3,256.6,259.7,262.4,264.2,265.8,265.6,267.9,263.3,262.8,263.9,266.2,257.6,255.2,260.3,262.1,258.9,270.2,269.9,270.3,269.6,269.1,268.2,267.1,268.5,267.5,267.1,264.5,262.4,263.8,263.0,264.7,266.1,263.6,261.1,256.6,255.1,254.3,256.5,256.5,256.4,251.4,251.9,250.9,253.7,254.1,254.3,255.0,255.5,256.3,254.1,255.7,256.7,254.0,254.4,247.1,247.5,256.8,270.4,269.3,270.9,270.5,270.0,269.5,268.2,266.4,263.3,260.3,257.8,257.4,256.1,255.5,260.2,258.0,258.2,256.6,254.8,253.2,250.3,250.9,252.3,252.6,251.8,244.3,246.1,244.7,243.6,248.4,248.7,249.2,252.3,251.3,247.2,253.8,253.5,254.5,254.0,255.6,250.5,269.6,268.8,268.6,266.6,266.2,266.9,265.2,259.5,257.9,254.2,253.6,250.1,248.9,252.1,251.7,254.7,252.7,252.3,251.7,249.6,247.5,245.9,246.5,246.1,245.4,246.9,243.3,242.3,243.8,242.2,244.1,245.7,258.7,258.5,254.9,251.9,252.1,255.2,241.9,248.1,245.8,261.8,263.2,262.4,261.3,260.2,257.7,255.7,252.5,252.6,251.2,248.6,248.0,248.6,250.0,248.8,250.7,249.9,250.3,249.0,248.1,247.1,249.0,249.2,246.6,246.3,245.3,246.3,248.9,248.1,247.3,256.3,261.1,261.8,260.6,256.7,256.2,255.8,251.4,248.9,250.4,250.7,257.0,256.4,255.8,254.5,255.1,252.1,252.8,252.2,250.4,249.9,249.5,252.6,251.8,253.0,252.4,251.5,250.5,252.2,249.2,248.3,249.4,248.2,249.0,247.0,248.3,247.1,247.7,254.1,256.3,259.6,260.3,261.2,259.3,256.0,253.4,254.6,253.5,247.3,244.3,254.1,252.0,253.7,256.1,256.7,253.2,252.1,250.9,249.5,248.7,248.1,247.3,247.6,254.3,254.2,255.3,256.9,255.6,255.2,254.3,250.4,252.7,250.4,251.5,248.2,248.2,250.5,252.6,253.1,256.3,257.8,257.0,256.2,255.5,258.1,250.6,254.6,253.3,256.6,259.0,258.3,260.0,258.9,255.3,255.8,257.5,253.0,254.9,251.1,249.1,249.2,249.5,249.2,250.9,254.6,259.4,259.5,257.7,258.0,257.2,256.3,254.0,255.0,253.0,252.9,254.2,250.7,254.5,254.4,256.4,253.0,252.5,253.5,253.1,253.9,253.7,253.3,254.7,255.3,253.4,257.5,255.8,259.2,260.6,260.1,259.2,256.1,258.9,252.1,252.1,251.0,252.7,255.0,255.8,256.7,258.1,258.0,262.2,262.8,261.1,260.0,259.9,257.9,257.3,256.8,256.6,257.0,256.6,255.1,252.9,249.2,251.8,251.0,250.6,250.6,250.7,251.1,251.6,252.5,250.5,254.4,255.6,256.6,257.1,260.2,261.2,262.7,257.9,261.1,260.2,259.6,260.6,258.6,260.2,255.6,256.3,257.7,260.0,265.6,262.7,262.7,264.2,264.6,262.8,261.5,261.3,260.0,257.9,257.3,256.2,255.8,254.1,252.2,251.6,250.8,250.1,251.2,250.8,251.0,251.5,253.4,252.8,255.5,257.9,258.6,259.4]},{"header":{"discipline":0,"disciplineName":"Meteorological products","gribEdition":2,"gribLength":1025,"center":7,"centerName":"US National Weather Service - NCEP(WMC)","subcenter":0,"refTime":"2024-01-31T06:00:00.000Z","significanceOfRT":1,"significanceOfRTName":"Start of forecast","productStatus":0,"productStatusName":"Operational products","productType":1,"productTypeName":"Forecast products","productDefinitionTemplate":0,"productDefinitionTemplateName":"Analysis/forecast at horizontal level/layer at a point in time","parameterCategory":2,"parameterCategoryName":"UnknownDiscipline_0_Category_2","parameterNumber":2,"parameterNumberName":"UnknownParameter_D0_C2_2","parameterUnit":"Unknown","genProcessType":2,"genProcessTypeName":"Forecast","forecastTime":300,"surface1Type":103,"surface1TypeName":"Specified height level above ground","surface1Value":10.0,"surface2Type":255,"surface2TypeName":"Missing","surface2Value":0.0,"gridDefinitionTemplate":0,"gridDefinitionTemplateName":"Latitude_Longitude","numberPoints":615,"shape":6,"shapeName":"Earth spherical with radius of 6,371,229.0 m","gridUnits":"degrees","resolution":48,"winds":"true","scanMode":64,"nx":41,"ny":15,"basicAngle":0,"lo1":47.0,"la1":41.0,"lo2":87.0,"la2":55.0,"dx":1.0,"dy":1.0},"data":[-4.2748747,0.7951251,-1.2448748,-3.1948748,-5.354875,-9.014874,-6.514875,-6.434875,-6.534875,-3.5848749,-4.434875,-4.854875,-4.384875,-3.814875,-2.754875,-2.794875,-3.3648748,-3.794875,-4.014875,-2.764875,-1.4948748,0.12512513,2.0551252,-0.6848749,-2.4248748,0.9251251,-0.59487486,1.8851252,2.005125,0.59512514,0.5751251,3.0851252,-0.20487487,-1.1648749,-3.0948749,-2.534875,-3.0948749,-3.1848748,-2.8848748,-2.8948748,-2.264875,1.6451252,-2.234875,-5.5048747,-5.684875,-7.0048747,-7.904875,-4.594875,-5.144875,-4.664875,-5.4648747,-5.7948747,-5.384875,-4.374875,-3.3448749,-3.224875,-3.764875,-2.9148748,-3.974875,-2.514875,-0.7448749,0.89512515,1.0051252,0.96512514,-0.16487488,1.6451252,1.4951252,0.095125124,1.1251252,-1.9648749,-0.47487488,0.24512511,-0.06487488,3.495125,-0.58487487,0.25512514,-0.33487487,-0.8948749,0.8551251,0.26512513,0.07512512,-2.484875,-4.474875,-7.904875,-6.744875,-7.634875,-8.144875,-5.684875,-5.864875,-4.574875,-5.374875,-4.334875,-4.354875,-3.4348748,-3.224875,-4.0248747,-3.8948748,-4.594875,-4.7748747,-3.214875,-1.6848749,0.26512513,2.285125,-0.8048749,-4.184875,-2.5948749,-1.1948749,-2.1448748,-0.8848749,2.1151252,1.9351251,0.3751251,1.4751251,0.4051251,0.52512515,-0.13487488,0.045125123,-0.24487488,0.44512513,-0.11487488,1.0551251,3.495125,3.195125,-7.134875,-9.064875,-9.534875,-9.104875,-6.164875,-5.514875,-3.3348749,-4.804875,-3.494875,-3.3648748,-3.764875,-2.4248748,-4.7948747,-5.4848747,-4.394875,-4.454875,-3.814875,-3.814875,-3.054875,-2.064875,-1.8748748,-2.6648748,-2.1248748,-3.054875,-3.6348748,-3.8948748,-3.004875,-4.764875,-2.524875,-1.7348748,1.1951251,1.3951252,2.275125,0.05512512,-0.78487486,-1.3248749,-1.6748749,2.8251252,-0.5748749,0.22512512,1.4651251,-7.204875,-7.724875,-6.174875,-4.9648747,-4.2348747,-4.2348747,-3.804875,-3.5848749,-3.504875,-3.994875,-4.094875,-2.484875,-5.534875,-6.2548747,-6.334875,-4.584875,-4.284875,-3.6748748,-3.4148748,-3.494875,-5.3148746,-4.244875,-3.814875,-3.554875,-4.3148746,-4.7948747,-4.634875,-1.5248749,-2.524875,-1.7748749,-1.9448749,-0.2848749,-0.72487485,2.785125,-0.4048749,-1.0648749,-0.06487488,-0.52487487,-1.3248749,1.7451252,-3.234875,-6.124875,-5.0248747,-5.0448747,-4.084875,-3.494875,-3.3548748,-3.274875,-4.914875,-4.284875,-4.304875,-5.5448747,-5.634875,-5.654875,-6.344875,-3.6248748,-4.244875,-3.544875,-3.474875,-3.764875,-3.8648748,-4.674875,-3.514875,-2.8948748,-3.734875,-3.9348748,-4.334875,-1.8648748,-1.2648749,-1.8248749,-1.2248749,-1.2248749,-2.4048748,-1.1248748,-1.4748749,0.25512514,-0.3148749,1.1951251,0.89512515,0.91512513,-3.474875,-3.8948748,-5.264875,-5.184875,-4.574875,-4.334875,-3.8448749,-3.774875,-4.0248747,-4.9848747,-5.584875,-5.634875,-5.354875,-5.404875,-4.534875,-4.784875,-4.224875,-4.224875,-2.974875,-2.4348748,-3.6448748,-4.204875,-3.264875,-2.8348749,-3.1948748,-2.9448748,-2.804875,-2.304875,-0.5048749,-0.83487487,-1.7748749,-2.524875,-3.1948748,-1.3748748,0.7351251,0.05512512,-0.8148749,-1.7248749,-1.2348748,1.9651251,-0.53487486,1.3351251,1.6951251,-4.904875,-4.0248747,-4.224875,-4.174875,-4.084875,-4.634875,-4.594875,-4.2548747,-4.0648746,-3.5848749,-3.534875,-3.514875,-2.6148748,-2.6648748,-1.8748748,-1.9348749,-2.4048748,-2.804875,-2.9448748,-4.124875,-1.5048748,-2.234875,-2.1648748,-2.9248748,-2.1448748,-1.0648749,0.59512514,-0.14487487,0.44512513,-1.8348749,-2.4048748,0.29512513,-2.284875,-0.084874876,-1.9348749,2.3951252,2.8551252,2.6451252,1.9451251,0.4351251,-2.1348748,-4.0248747,-3.544875,-3.6548748,-3.214875,-3.224875,-3.8548748,-3.564875,-3.1748748,-3.3848748,-2.1548748,-2.6848748,-1.6748749,0.045125123,-0.8248749,-0.8748749,-1.1748749,-1.7048749,-2.1748748,-2.474875,-2.6048748,-2.5748749,0.08512512,-0.36487487,-0.32487488,-0.8748749,-0.72487485,-0.77487487,-1.0948749,1.0051252,-0.23487487,-0.06487488,0.49512511,2.1651251,-0.27487487,0.8651251,0.7651251,0.4651251,-1.7248749,-0.38487488,0.84512514,-1.1348748,-2.6448748,-2.3848748,-2.5948749,-2.6848748,-2.6548748,-2.484875,-2.534875,-2.5848749,-2.1948748,-1.3148749,-0.8048749,-0.41487488,1.1851251,1.6851251,1.0451251,1.4251251,0.6951251,0.35512513,-0.97487485,-1.3448749,-0.41487488,1.5751251,1.9151251,1.9451251,1.4251251,0.84512514,1.3351251,1.1451252,2.3151252,2.5951252,2.245125,3.715125,2.035125,2.1251252,0.89512515,1.8051251,-0.6148749,0.5551251,-1.4248749,0.8151251,0.52512515,-0.90487486,-1.2648749,-1.4648749,-1.1048748,-0.84487486,-1.4148749,-0.96487486,-0.6848749,-0.7348749,-0.11487488,1.4051251,2.465125,1.4951252,3.6451252,3.775125,3.1751251,2.785125,2.8251252,0.9951251,2.005125,2.4051251,2.3051252,3.1151252,2.3551252,2.5851252,1.7151251,2.8651252,2.8551252,3.465125,4.155125,4.445125,1.7851251,1.7851251,1.4951252,2.0851252,0.7051251,-0.4048749,1.0051252,-0.9848749,1.5151252,-0.3148749,0.6851251,1.2551252,1.0751251,0.095125124,0.47512513,0.44512513,0.38512513,0.005125122,0.48512512,-0.5048749,0.16512512,3.8851252,3.525125,4.4351254,5.5151253,3.755125,3.8151252,4.1851254,1.5551251,3.1451252,2.8551252,3.755125,3.195125,2.8351252,3.525125,3.4051251,3.3151252,4.115125,4.2251253,3.445125,2.8251252,3.275125,2.6751251,1.8651252,1.5351251,2.195125,2.3351252,1.8951252,1.5051252,0.025125122,0.3151251,1.7551252,1.6151252,1.3251251,0.97512513,1.2451252,0.21512513,0.35512513,0.4051251,0.49512511,0.13512512,0.7051251,1.9651251,3.4151251,4.2651253,3.745125,3.5851252,3.4051251,4.075125,1.9251251,4.155125,2.3751252,2.9151251,4.2051253,1.5251251,3.275125,3.265125,3.1651251,3.435125,3.1151252,3.1351252,3.1751251,3.245125,2.8551252,2.465125,2.5951252,2.8851252,2.745125,1.9151251,2.455125,3.025125,2.535125,3.0751252,2.3551252,1.1851251,2.4151251,0.97512513,0.7651251,1.3851252,1.8451251,1.2551252,1.0751251,0.35512513,1.6851251,2.3151252,3.545125,3.465125,3.1251252,3.765125,3.8451252,1.8351251,4.9951253,4.845125,5.315125,6.155125,5.7051253,4.7851253,2.8151252,1.2751251,3.1751251,2.775125,2.8951252,2.985125,2.755125,2.6651251,2.715125,2.6151252,2.485125,2.3851252,2.205125,2.475125,2.435125,2.475125,2.3551252,4.2051253,3.0651252,2.8851252,3.3251252,3.475125,5.445125,3.4251251,4.175125,0.36512512,0.30512512,2.205125,3.1351252,4.645125,5.835125,4.855125,5.625125,5.845125,4.2051253,5.9551253,5.855125,6.1851254,5.105125,5.335125,4.895125,4.155125,3.5651252,3.185125,2.705125,2.6551251,2.8051252,3.015125,2.6351252,2.6451252,2.735125,3.265125,1.5451251,3.265125,3.5751252,3.535125,2.0651252]},{"header":{"discipline":0,"disciplineName":"Meteorological products","gribEdition":2,"gribLength":1025,"center":7,"centerName":"US National Weather Service - NCEP(WMC)","subcenter":0,"refTime":"2024-01-31T06:00:00.000Z","significanceOfRT":1,"significanceOfRTName":"Start of forecast","productStatus":0,"productStatusName":"Operational products","productType":1,"productTypeName":"Forecast products","productDefinitionTemplate":0,"productDefinitionTemplateName":"Analysis/forecast at horizontal level/layer at a point in time","parameterCategory":2,"parameterCategoryName":"UnknownDiscipline_0_Category_2","parameterNumber":3,"parameterNumberName":"UnknownParameter_D0_C2_3","parameterUnit":"Unknown","genProcessType":2,"genProcessTypeName":"Forecast","forecastTime":300,"surface1Type":103,"surface1TypeName":"Specified height level above ground","surface1Value":10.0,"surface2Type":255,"surface2TypeName":"Missing","surface2Value":0.0,"gridDefinitionTemplate":0,"gridDefinitionTemplateName":"Latitude_Longitude","numberPoints":615,"shape":6,"shapeName":"Earth spherical with radius of 6,371,229.0 m","gridUnits":"degrees","resolution":48,"winds":"true","scanMode":64,"nx":41,"ny":15,"basicAngle":0,"lo1":47.0,"la1":41.0,"lo2":87.0,"la2":55.0,"dx":1.0,"dy":1.0},"data":[3.5415552,0.31155518,-1.1084448,-3.7684448,-4.278445,-3.4184449,-2.5184448,-2.148445,-2.4984448,-2.2084448,-2.4384449,-2.658445,-3.878445,-4.728445,-5.748445,-6.028445,-5.098445,-3.1784449,-6.4584446,-4.6884446,-4.018445,-3.4384449,-1.5584449,0.38155517,-1.4984448,1.0215552,-1.6384448,2.371555,2.651555,1.3415551,-3.4384449,-4.738445,0.32155517,-1.8384448,-1.4884448,-1.9284449,-1.0684448,-0.9284448,-0.7984448,0.40155518,2.5115552,3.5015552,1.3015552,0.7515552,-0.8484448,-1.9384449,-2.8084447,-3.7484448,-1.8884448,-2.5584447,-3.138445,-3.648445,-3.6884449,-3.3184447,-3.5084448,-4.808445,-4.498445,-3.398445,-4.078445,-5.778445,-5.518445,-4.638445,-3.098445,-1.6284448,1.6115552,1.0815551,0.5115552,-0.5584448,2.7515552,1.1715552,3.0715551,5.6615553,5.751555,-0.22844483,-1.9984448,-3.5684447,-2.2084448,-1.5284448,-2.8284447,0.26155517,-2.5884447,0.7015552,2.4415553,4.001555,2.0715551,-0.4784448,-1.6484448,-2.618445,-3.368445,-3.5684447,-2.6784449,-3.378445,-3.5684447,-2.618445,-2.618445,-3.408445,-4.758445,-5.118445,-5.008445,-5.2084446,-6.098445,-7.028445,-4.488445,1.3615552,-5.078445,-1.5584449,-1.7884449,-1.0884448,-1.0184448,-0.9884448,-0.37844482,1.0215552,0.24155517,-0.9784448,-0.4484448,-1.4084449,-0.30844483,-0.068444826,1.5515552,-0.8084448,0.22155517,-0.31844482,1.3515552,0.5115552,0.74155515,0.011555176,-0.5384448,-2.2184448,-2.0484447,-1.6284448,-2.148445,-2.2284448,-2.3184447,-2.638445,-3.8184447,-5.2984447,-5.008445,-4.348445,-4.448445,-4.788445,-5.098445,-5.9184446,-7.5884447,-5.518445,-2.2684448,-0.8684448,-2.7184448,-2.4884448,-1.4184449,-4.328445,-4.3784447,-2.7084448,-2.9884448,-4.238445,-0.9984448,0.9715552,0.061555177,-0.33844483,-1.4284449,1.5415552,4.8715553,-0.7284448,1.2915552,1.6315552,-0.5284448,-1.0884448,-1.7784448,-2.1884449,-2.3384447,-2.0184448,-1.9884448,-1.6584449,-1.9984448,-2.2484448,-2.7784448,-3.9584448,-4.518445,-5.0484447,-4.748445,-4.1684446,-4.6284447,-4.4384446,-4.348445,-5.1684446,-4.2984447,-3.4784448,-3.5384448,-3.2284448,-2.638445,-3.0884447,-2.878445,-4.6484447,-3.868445,-3.9584448,-3.7184448,-1.9984448,2.641555,2.4315553,-0.21844482,-1.0084448,-0.7484448,1.1015552,-2.7084448,-0.9084448,-0.33844483,0.3615552,0.101555176,-0.63844484,-1.3484448,-2.0784447,-2.0084448,-2.398445,-2.2184448,-1.8684448,-2.0284448,-1.9084449,-2.1784449,-3.9284449,-5.4584446,-4.178445,-3.4384449,-4.008445,-3.6684449,-3.5184448,-3.1684449,-3.9784448,-3.2784448,-3.0584447,-2.5184448,-1.8084449,-2.4484448,-3.5384448,-3.638445,-3.9884448,-3.9284449,-3.408445,-3.0784447,-2.7384448,-2.2584448,0.3915552,-2.2884448,2.121555,1.6515552,-1.5684448,-2.4284449,-1.4484448,-0.6684448,-0.5284448,-0.94844484,-1.1884449,-1.6784449,-1.7684448,-2.0084448,-1.4884448,-1.5784448,-1.5184448,-1.9984448,-2.0884447,-2.9984448,-3.9184449,-4.2984447,-4.158445,-3.7484448,-2.868445,-1.9484448,-1.7584448,-3.3184447,-3.4884448,-3.2784448,-2.0284448,-1.2784448,-2.1784449,-3.888445,-4.5684447,-4.448445,-3.608445,-3.4884448,-3.888445,-4.6084447,-1.8784448,-1.4884448,-2.0184448,-3.1984448,-1.0484449,-1.4484448,-2.0084448,-1.3784448,-0.3884448,-0.9884448,-1.0884448,-1.2384448,-1.7384448,-1.8684448,-1.2884449,-0.3884448,-0.25844482,-0.51844484,-0.7284448,-0.37844482,-2.4684448,-2.2684448,-3.4584448,-2.898445,-2.9884448,-2.4684448,-1.6184448,0.041555177,-2.388445,-3.0484447,-3.408445,-2.3284447,-1.6584449,0.46155518,-0.058444824,-2.9984448,-2.8184447,-4.308445,-3.1684449,-3.2284448,-3.7284448,-3.648445,0.61155516,0.5115552,-0.57844484,-1.4084449,-0.31844482,0.8315552,-2.0484447,-0.40844482,-0.5384448,-0.69844484,-1.4084449,-1.5884448,-1.5784448,-0.40844482,-0.16844483,-0.15844482,-0.56844485,-0.88844484,-1.1984448,-1.4484448,-2.0784447,-2.1684449,-2.2584448,-1.6684449,-1.4184449,-1.5484449,-1.0384449,0.42155516,-1.1784449,-1.7084448,-1.5484449,-0.68844485,0.09155518,0.6315552,0.6415552,0.9615552,-0.9884448,-2.0784447,-0.8084448,-1.0384449,-2.0884447,1.2315552,-0.9184448,-3.4684448,0.8815552,-1.1484448,-0.7484448,-1.6584449,-0.13844483,-0.07844482,-0.4784448,-0.7284448,-0.5384448,-0.34844482,0.17155518,0.071555175,0.26155517,0.42155516,0.7715552,-0.19844483,0.5915552,-1.2984449,-1.1684449,-1.4884448,-1.2184448,-0.40844482,0.041555177,0.13155517,1.2215552,1.4515551,0.40155518,0.56155515,0.9715552,1.1615552,1.7015551,1.3015552,1.1415552,1.3715552,1.0315552,-0.45844483,-1.1084448,-0.26844484,-0.09844483,0.28155518,0.5315552,-3.2684448,0.49155518,2.651555,1.5215552,0.73155516,0.34155518,0.8315552,-0.07844482,-0.018444825,0.3915552,0.99155515,1.0815551,0.45155516,0.56155515,0.5015552,1.5315552,2.0415552,1.4915552,0.42155516,1.1515552,0.5015552,0.74155515,1.6515552,0.9115552,1.0215552,0.8215552,-0.25844482,1.2415552,1.5415552,1.8615552,1.2515552,1.7715552,1.8515552,1.0715551,0.08155517,-0.18844482,-0.3884448,1.1215552,1.6015552,1.2215552,0.85155517,2.4815552,1.0615551,-0.13844483,-1.1384448,0.9415552,1.8015552,2.0015552,2.151555,1.9615551,1.3715552,0.81155515,0.7715552,0.23155518,0.3915552,0.17155518,-0.12844482,1.8215551,3.091555,2.5415552,2.7615552,2.651555,1.7115551,2.091555,1.9515551,1.7915552,0.38155517,0.32155517,1.1815552,1.5315552,2.0215552,3.621555,2.651555,1.6215552,0.86155516,0.7015552,0.86155516,0.79155517,1.1215552,1.3415551,1.4115552,1.3715552,0.8915552,0.8415552,0.40155518,0.5315552,1.2815552,1.7215552,2.3315551,1.8615552,2.0215552,0.8215552,0.9115552,1.7315552,1.3115551,1.5815551,0.051555175,-0.6184448,1.4515551,0.7715552,2.141555,2.631555,2.861555,2.8315551,3.5015552,2.5415552,3.591555,3.4115553,2.4615552,2.1615553,1.9815552,2.4515553,2.2015553,1.7915552,1.9215552,1.6515552,1.5315552,1.5415552,1.4815552,1.5215552,1.7115551,1.8615552,1.7415552,1.3815552,1.7515552,1.7015551,1.5815551,2.151555,2.1615553,1.9915552,2.641555,1.9115552,2.341555,1.8615552,2.2515552,2.841555,3.341555,1.8115551,-0.28844482,-0.108444825,1.2715552,1.1715552,2.2015553,2.651555,3.2515552,3.7515552,3.2715552,3.4715552,3.8015552,2.9315553,2.7815552,3.1815553,2.7115552,2.351555,2.5015552,2.3115551,2.3215551,2.0015552,1.9815552,2.0215552,2.0615551,1.4515551,1.3715552,1.6515552,1.7915552,1.6315552,1.8515552,2.381555,2.341555,2.151555,2.401555,2.9415553,3.641555,3.2515552,3.0315552,3.7015553,3.121555,3.371555,2.641555,2.6815553,1.9315552,-1.6284448,0.9415552,1.9015552,1.8315551,2.2815552,3.9415553,3.7015553,3.5415552,3.7915552,3.7515552,3.5515552,3.5815551,3.7215552,3.6815553,3.5815551,3.141555,2.841555,2.4215553,2.381555,2.0815551,2.1715553,2.3315551,2.101555,2.3115551,2.7515552,2.1715553,2.4315553,1.9715552]}]