wind_kz.json
{"header": {"discipline":0,"disciplineName":"Meteorological products","gribEdition":2,"gribLength":871,"center":7,"centerName":"US National Weather Service - NCEP(WMC)","subcenter":0,"refTime":"2024-02-03T06:00:00.000Z","significanceOfRT":1,"significanceOfRTName":"Start of forecast","productStatus":0,"productStatusName":"Operational products","productType":1,"productTypeName":"Forecast products","productDefinitionTemplate":0,"productDefinitionTemplateName":"Analysis/forecast at horizontal level/layer at a point in time","parameterCategory":0,"parameterCategoryName":"UnknownDiscipline_0_Category_0","parameterNumber":0,"parameterNumberName":"UnknownParameter_D0_C0_0","parameterUnit":"Unknown","genProcessType":2,"genProcessTypeName":"Forecast","forecastTime":240,"surface1Type":1,"surface1TypeName":"Ground or water surface","surface1Value":0.0,"surface2Type":255,"surface2TypeName":"Missing","surface2Value":0.0,"gridDefinitionTemplate":0,"gridDefinitionTemplateName":"Latitude_Longitude","numberPoints":615,"shape":6,"shapeName":"Earth spherical with radius of 6,371,229.0 m","gridUnits":"degrees","resolution":48,"winds":"true","scanMode":64,"nx":41,"ny":15,"basicAngle":0,"lo1":47.0,"la1":41.0,"lo2":87.0,"la2":55.0,"dx":1.0,"dy":1.0}, "data":
[rows 0 to 14 of 15, columns 0 to 40 of 41]
285.95993,278.65994,283.55994,280.35992,280.55994,281.85992,286.15994,288.55994,285.75995,285.85992,285.45993,285.75995,285.55994,285.45993,285.55994,285.55994,285.95993,285.25995,287.35992,286.65994,289.45993,291.15994,290.45993,286.95993,288.55994,288.45993,277.55994,269.25995,267.75995,265.35992,268.25995,263.25995,272.85992,283.85992,283.05994,281.45993,284.05994,282.75995,283.25995,280.95993,282.15994
264.95993,286.45993,280.05994,279.85992,280.45993,281.05994,287.25995,285.05994,285.15994,285.75995,287.05994,284.15994,284.75995,286.75995,284.25995,284.65994,285.45993,284.65994,285.45993,285.45993,285.55994,286.05994,286.05994,273.25995,269.95993,271.85992,269.75995,266.75995,265.85992,265.05994,273.35992,265.85992,278.25995,254.95993,260.55994,273.15994,282.45993,280.55994,280.45993,276.15994,273.15994
282.95993,278.65994,279.75995,280.15994,280.25995,284.95993,283.95993,283.05994,283.55994,284.25995,284.55994,284.15994,284.95993,285.25995,281.95993,280.15994,280.65994,280.25995,280.55994,280.75995,282.85992,287.35992,283.35992,273.15994,285.15994,280.95993,276.35992,278.15994,282.85992,273.85992,271.15994,272.95993,271.65994,270.55994,268.15994,272.35992,270.85992,263.05994,265.65994,266.65994,265.85992
284.75995,275.75995,277.55994,278.75995,280.45993,283.95993,281.85992,282.95993,284.45993,282.25995,282.65994,283.45993,281.25995,281.85992,282.45993,279.95993,281.25995,280.55994,280.35992,280.85992,284.95993,274.15994,282.25995,282.05994,277.25995,277.35992,279.95993,273.95993,279.55994,277.15994,274.35992,273.15994,274.35992,274.95993,273.15994,272.85992,268.45993,262.55994,274.55994,270.45993,270.95993
280.55994,273.05994,271.95993,273.25995,277.65994,282.35992,282.85992,285.15994,282.35992,281.25995,280.85992,282.05994,279.05994,279.05994,278.15994,280.45993,279.85992,279.55994,281.25995,277.85992,281.15994,282.55994,279.85992,277.85992,277.35992,274.35992,273.25995,273.95993,279.15994,278.25995,274.15994,273.65994,272.75995,266.15994,270.95993,269.05994,269.05994,269.45993,270.45993,270.35992,270.05994
279.85992,279.95993,273.05994,272.95993,272.45993,272.95993,282.75995,281.25995,280.55994,279.85992,279.45993,279.65994,279.15994,279.05994,277.55994,279.85992,276.35992,277.65994,273.85992,277.05994,273.45993,279.85992,274.25995,274.35992,274.65994,272.85992,275.45993,272.95993,273.15994,272.65994,273.05994,272.95993,273.15994,272.95993,272.85992,269.95993,271.95993,270.45993,267.05994,264.55994,264.45993
279.45993,279.65994,281.35992,280.55994,276.85992,280.75995,282.75995,279.95993,279.35992,279.75995,278.75995,275.05994,277.25995,276.45993,278.85992,277.45993,274.15994,274.05994,273.25995,273.15994,273.15994,273.15994,273.15994,273.25995,272.75995,271.95993,271.55994,271.45993,270.85992,269.85992,268.15994,267.95993,270.05994,268.25995,267.85992,268.55994,266.05994,268.65994,266.25995,265.85992,264.45993
277.95993,279.15994,277.65994,277.85992,278.45993,278.25995,279.35992,278.35992,276.65994,273.25995,272.45993,272.45993,271.95993,270.75995,276.35992,273.45993,273.25995,272.95993,273.15994,273.15994,273.05994,273.15994,273.15994,273.15994,272.95993,271.45993,271.35992,271.45993,269.55994,269.05994,266.75995,268.05994,265.85992,264.55994,267.55994,262.45993,261.95993,262.05994,260.85992,261.75995,261.85992
277.45993,277.75995,278.05994,278.25995,276.65994,278.05994,277.35992,273.25995,273.25995,271.95993,271.75995,271.15994,272.95993,271.05994,271.85992,272.25995,272.65994,273.15994,271.75995,271.25995,273.05994,273.15994,273.15994,273.15994,273.15994,272.85992,271.05994,270.85992,270.75995,269.95993,267.25995,267.55994,270.15994,269.15994,267.85992,259.75995,260.75995,262.15994,262.15994,262.25995,261.45993
277.05994,275.55994,275.55994,277.05994,274.75995,272.95993,271.55994,270.35992,270.75995,271.95993,271.35992,270.75995,271.85992,271.95993,271.25995,272.25995,271.85992,271.85992,272.15994,271.05994,271.15994,273.15994,273.15994,273.15994,273.15994,273.15994,273.15994,272.65994,271.75995,272.05994,272.55994,273.35992,272.25995,270.55994,268.45993,266.75995,263.45993,263.35992,264.05994,264.95993,260.05994
274.15994,274.35992,271.65994,270.65994,271.85992,271.85992,270.85992,270.95993,270.95993,269.55994,270.15994,271.15994,271.25995,270.75995,270.65994,272.05994,271.95993,272.45993,270.55994,269.55994,270.45993,271.05994,273.15994,273.15994,273.15994,273.15994,273.05994,273.15994,273.15994,273.15994,273.15994,273.15994,273.15994,270.65994,266.65994,266.05994,264.35992,265.75995,263.55994,264.55994,264.35992
273.15994,272.25995,270.75995,269.25995,270.35992,269.25995,269.15994,269.75995,268.65994,268.95993,272.65994,271.45993,269.75995,270.35992,271.35992,271.75995,271.75995,272.15994,270.85992,271.55994,270.95993,271.45993,273.15994,273.15994,273.15994,273.15994,273.15994,273.25995,273.15994,273.15994,273.15994,273.15994,273.15994,269.15994,267.35992,267.15994,269.25995,267.95993,269.15994,269.05994,269.85992
273.25995,273.05994,271.95993,270.05994,270.85992,272.55994,267.75995,267.55994,268.35992,269.05994,272.35992,272.05994,271.35992,272.15994,272.45993,272.55994,272.75995,272.75995,272.75995,271.75995,271.25995,272.25995,273.25995,273.15994,273.15994,273.15994,273.15994,273.15994,273.15994,273.15994,273.15994,271.55994,270.05994,268.85992,267.95993,267.35992,268.25995,267.85992,265.55994,264.95993,268.15994
273.05994,273.15994,273.15994,273.15994,272.75995,271.65994,271.75995,270.95993,272.05994,270.95993,272.65994,271.85992,273.05994,273.15994,273.15994,273.15994,273.15994,273.15994,273.15994,273.15994,273.15994,273.15994,273.15994,273.15994,273.15994,273.15994,273.15994,273.15994,273.15994,271.95993,270.45993,269.15994,268.25995,267.25995,266.95993,266.55994,266.35992,265.85992,264.75995,265.95993,265.25995
272.05994,273.15994,273.15994,273.15994,273.15994,273.15994,273.15994,273.15994,273.15994,273.15994,271.35992,271.65994,271.95993,273.65994,273.15994,273.15994,273.15994,273.15994,273.15994,273.15994,273.15994,273.15994,273.15994,273.15994,273.15994,273.15994,273.15994,273.05994,271.25995,270.05994,268.35992,267.25995,266.75995,266.35992,265.95993,265.05994,264.95993,264.65994,264.65994,263.95993,264.25995
