wind_kz.json
{"header": {"discipline":0,"disciplineName":"Meteorological products","gribEdition":2,"gribLength":1025,"center":7,"centerName":"US National Weather Service - NCEP(WMC)","subcenter":0,"refTime":"2025-04-05T18:00:00.000Z","significanceOfRT":1,"significanceOfRTName":"Start of forecast","productStatus":0,"productStatusName":"Operational products","productType":1,"productTypeName":"Forecast products","productDefinitionTemplate":0,"productDefinitionTemplateName":"Analysis/forecast at horizontal level/layer at a point in time","parameterCategory":2,"parameterCategoryName":"UnknownDiscipline_0_Category_2","parameterNumber":3,"parameterNumberName":"UnknownParameter_D0_C2_3","parameterUnit":"Unknown","genProcessType":2,"genProcessTypeName":"Forecast","forecastTime":60,"surface1Type":103,"surface1TypeName":"Specified height level above ground","surface1Value":10.0,"surface2Type":255,"surface2TypeName":"Missing","surface2Value":0.0,"gridDefinitionTemplate":0,"gridDefinitionTemplateName":"Latitude_Longitude","numberPoints":615,"shape":6,"shapeName":"Earth spherical with radius of 6,371,229.0 m","gridUnits":"degrees","resolution":48,"winds":"true","scanMode":64,"nx":41,"ny":15,"basicAngle":0,"lo1":47.0,"la1":41.0,"lo2":87.0,"la2":55.0,"dx":1.0,"dy":1.0}, "data":
[rows 0 to 14 of 15, columns 0 to 40 of 41]
-2.6399024,1.1300976,2.6600976,7.6400976,8.560098,7.3900976,5.0900974,5.9500976,5.1800976,4.2400975,3.4100976,4.670098,3.3900976,2.3800976,1.4000976,-0.069902346,-0.95990235,-2.2999024,-4.619902,-2.9699023,-1.9599023,-4.7799025,-1.3899024,0.38009766,1.0500977,-1.1099024,-0.29990235,0.40009767,-0.22990234,-0.18990235,-1.1199024,2.5900977,-1.4299023,-0.9899023,-0.8599023,0.5100977,1.2200977,1.1500976,0.60009766,-1.5199023,0.33009765
5.0900974,-0.38990235,-7.4099026,-2.8099024,5.670098,7.7000976,7.2800975,9.400098,8.430098,6.710098,4.8300977,4.3700976,3.5000978,2.2900977,0.32009766,0.32009766,0.36009765,-0.5499023,-2.4099023,-4.2299023,-5.139902,-5.269902,-4.059902,-0.26990235,-0.55990237,1.6600976,0.55009764,2.0300977,2.4100976,2.5700977,2.5900977,2.8800976,0.44009766,0.25009766,0.21009766,3.1300976,2.0200977,3.2100976,2.5300977,-0.14990234,0.90009767
-2.0299025,-4.789902,-4.0299025,-3.1199024,5.7900977,9.500097,8.390098,8.740098,8.390098,7.5000978,6.9100976,5.3700976,3.4700975,2.3400977,0.84009767,-0.6199024,-0.7299023,-1.1599023,-2.3599024,-3.1399024,-3.4899023,-3.5699024,-1.4299023,0.040097658,-2.1499023,-2.4599023,-1.4299023,-1.5499023,0.25009766,-0.069902346,0.17009765,1.7700976,2.3100977,2.1600976,0.90009767,-2.3099024,0.18009765,0.6400977,-0.68990237,-0.75990236,-1.4099023
-1.4799024,-3.9199023,-2.6299024,1.5700977,6.0400977,10.220098,8.420097,10.560098,9.020098,7.440098,6.400098,5.0200977,1.9700977,2.0400977,1.9900976,0.32009766,-0.8699024,-1.1999023,-1.1699023,-2.4799023,-3.5699024,-2.3199024,-2.2099023,-1.6599023,-1.4499023,-0.25990236,-0.94990236,0.32009766,2.1700976,0.50009763,6.920098,1.7700976,0.73009765,-0.65990233,0.56009763,2.1600976,2.9200976,2.6400976,-2.4199023,-1.1099024,0.36009765
-1.6899023,-3.7799025,-1.1399024,3.7700977,4.420098,8.450098,9.550097,9.780098,8.720098,7.0700974,6.6200976,5.650098,3.1800976,2.4700975,2.2000976,0.21009766,-0.83990234,-0.5499023,-1.6199024,-2.8699024,-2.4699023,-1.7999023,-1.7899023,-1.2999023,-1.0899024,-0.109902345,2.4900978,2.7200975,2.7600977,2.6200976,7.7000976,0.65009767,3.6900976,1.6000977,0.27009764,2.2000976,1.5900977,-0.42990234,-1.0699023,1.3100977,3.7300978
0.13009766,0.5800977,-1.4799024,0.12009766,1.0000976,2.1600976,6.4300976,6.3400974,4.920098,4.940098,4.6800976,5.0300975,3.5100977,2.9900978,1.5700977,-0.109902345,-1.1599023,-0.41990235,-1.0299023,-2.1099024,-2.2899024,-1.3099023,-0.81990236,-1.1599023,-1.4999024,-0.58990234,1.8700976,4.0500975,2.9800978,3.4700975,4.7500978,3.7800977,3.0000978,1.7300977,0.18009765,3.9900978,-1.9799024,-1.3499024,9.765625E-5,1.7800976,2.2800977
2.4300976,2.6800976,2.8300977,2.9700975,3.1000977,4.3200974,3.9700975,4.5200977,4.5800977,3.4900978,3.5100977,4.0600977,2.9100976,1.0300976,-0.28990233,-0.29990235,-0.96990234,-1.0699023,-1.5699023,-1.9299023,-0.9799023,-0.26990235,-1.0699023,-1.9899024,-2.7399023,1.2100977,1.7000977,3.8200977,3.8700976,5.4100976,5.1400976,4.7400975,5.230098,3.3700976,4.3100977,4.5500975,2.4900978,4.8300977,0.8800976,4.3500977,4.7900977
4.480098,4.610098,4.0400977,4.150098,4.5700974,5.2500978,4.610098,3.8800976,3.9200976,4.6200976,3.7600977,2.4300976,1.1800977,0.8300977,-0.63990235,-1.1599023,-2.0599024,-0.8699024,-1.2699023,-0.82990235,0.010097656,-1.3799024,-0.22990234,-0.28990233,-0.6799023,0.92009765,2.0300977,4.3500977,5.8700976,5.440098,5.0400977,5.0200977,6.0100975,11.740098,10.090097,-0.39990234,2.4000976,1.7200977,-0.47990236,1.5100976,2.5200977
6.7400975,6.6400976,6.6000977,6.0200977,5.4700975,5.5500975,5.2700977,4.3300977,4.130098,3.3700976,2.2600977,1.6300976,-0.37990233,-1.6499023,-3.2499022,-2.9599023,-1.8999023,-1.2599024,-1.3699024,-0.90990233,-0.26990235,-1.6499023,-2.3699024,-1.9799024,0.070097655,2.7300978,3.4400976,3.3500977,5.5100975,5.0400977,6.730098,6.960098,7.5200977,10.630097,11.570098,9.500097,3.3200977,2.1500976,3.0400977,2.6900976,1.6500976
8.450098,7.6000977,7.2800975,6.7800975,5.7600975,5.2900977,4.690098,4.5000978,3.4300976,1.1000977,-0.20990235,-1.1499023,-2.5099022,-2.9099023,-2.6899023,-2.0499024,-2.0299025,-1.9799024,-0.88990235,-1.7599024,-1.8399024,-2.7799025,-2.7999024,-1.5599023,1.7800976,3.5700977,2.9400976,2.8900976,4.2700977,5.920098,4.5000978,4.730098,7.1200976,10.110098,10.620098,9.180098,4.9500976,1.8800976,2.7100976,4.1400976,3.5400977
7.7700977,6.420098,7.730098,5.440098,6.5000978,4.860098,5.0400977,3.1000977,2.3600976,1.8100977,0.17009765,-1.3699024,-3.0699024,-3.3599024,-2.6599023,-2.1699023,-2.4399023,-0.8599023,-2.9499023,-4.9599023,-3.9799023,-2.9199023,-2.6099024,-3.0999024,-1.5199023,0.68009764,1.9800977,1.8900976,2.9100976,2.3300977,3.5300977,4.0600977,6.900098,8.790097,9.740098,8.950098,3.1100976,2.9500976,6.4500976,2.2100976,2.3900976
8.770098,5.9100976,7.3100977,6.0000978,5.690098,5.5600977,4.5800977,3.4100976,1.7100977,1.3000977,0.12009766,-1.9499023,-3.2299023,-5.789902,-4.1099024,-2.5499024,-0.74990237,-1.0799023,1.2300977,0.47009766,-4.1599026,-4.2799025,-2.2099023,-2.3799024,-3.2299023,-3.5899024,-1.5799023,0.35009766,1.7900977,4.210098,2.7800977,5.4100976,6.6000977,8.280098,6.9900975,6.3200974,2.3600976,1.3800976,1.1500976,1.3300977,0.5800977
6.0300975,4.5700974,6.9300976,7.2500978,5.7000976,3.8200977,4.190098,2.7000976,2.9300976,2.1300976,-0.039902344,-2.0699024,-2.9099023,-4.4899025,-4.4699025,-5.5899024,-2.7099023,-0.44990236,2.4200976,-1.0799023,-3.7499022,-3.5499024,-3.6599023,-4.1299024,-3.2099023,-2.4199023,-2.3799024,-0.89990234,-0.25990236,0.5100977,2.3400977,3.6300976,2.6900976,4.8200974,6.1000977,5.8300977,3.2700977,1.9400977,2.7400978,2.1100976,1.2600976
8.290097,7.230098,4.0000978,6.610098,5.3300977,4.7800975,4.0400977,3.1400976,3.1700976,2.8800976,0.50009763,-0.63990235,-2.8799024,-3.3499024,-5.1699023,-6.579902,-6.0299025,-4.579902,-2.2999024,-2.1199024,-2.7799025,-2.7999024,-3.2899024,-3.4799023,-2.5599024,-2.5699024,-1.7499024,0.8300977,-0.68990237,0.34009767,1.2000977,2.0400977,3.9900978,3.6500976,4.0000978,4.6400976,3.4200976,2.5300977,2.8500977,2.4400976,2.4300976
4.7700977,4.880098,4.7900977,4.440098,5.0000978,4.710098,4.3100977,5.110098,2.3800976,1.8500977,0.9600977,-0.049902342,-0.36990234,-2.3299024,-4.9899025,-6.289902,-6.1299024,-6.3399024,-5.389902,-5.0699024,-4.059902,-2.1599023,-2.6199024,-2.9099023,-2.9599023,-2.8799024,-2.1599023,-1.6999023,0.030097656,1.0700977,1.6100976,2.6900976,3.6600976,3.2000976,2.6100976,2.6200976,3.1100976,2.9600976,2.1600976,2.3700976,1.7800976
