wind_kz.json
{"header": {"discipline":0,"disciplineName":"Meteorological products","gribEdition":2,"gribLength":1025,"center":7,"centerName":"US National Weather Service - NCEP(WMC)","subcenter":0,"refTime":"2023-08-07T06:00:00.000Z","significanceOfRT":1,"significanceOfRTName":"Start of forecast","productStatus":0,"productStatusName":"Operational products","productType":1,"productTypeName":"Forecast products","productDefinitionTemplate":0,"productDefinitionTemplateName":"Analysis/forecast at horizontal level/layer at a point in time","parameterCategory":2,"parameterCategoryName":"UnknownDiscipline_0_Category_2","parameterNumber":3,"parameterNumberName":"UnknownParameter_D0_C2_3","parameterUnit":"Unknown","genProcessType":2,"genProcessTypeName":"Forecast","forecastTime":120,"surface1Type":103,"surface1TypeName":"Specified height level above ground","surface1Value":10.0,"surface2Type":255,"surface2TypeName":"Missing","surface2Value":0.0,"gridDefinitionTemplate":0,"gridDefinitionTemplateName":"Latitude_Longitude","numberPoints":615,"shape":6,"shapeName":"Earth spherical with radius of 6,371,229.0 m","gridUnits":"degrees","resolution":48,"winds":"true","scanMode":64,"nx":41,"ny":15,"basicAngle":0,"lo1":47.0,"la1":41.0,"lo2":87.0,"la2":55.0,"dx":1.0,"dy":1.0}, "data":
[rows 0 to 14 of 15, columns 0 to 40 of 41]
1.1238941,1.953894,3.803894,3.633894,2.9738941,2.003894,2.573894,1.853894,-0.18610595,-0.736106,-1.4761059,0.56389403,-0.88610595,-3.346106,-7.306106,-8.256106,-7.696106,-8.366106,-7.766106,-6.146106,-4.296106,-5.226106,-3.896106,2.603894,3.123894,2.503894,2.053894,1.803894,-4.356106,-3.966106,-3.206106,-0.066105954,1.113894,3.553894,4.803894,0.62389404,-3.446106,-1.7461059,-1.926106,-2.006106,1.723894
-1.516106,-1.2261059,3.003894,6.173894,4.933894,2.873894,1.953894,0.27389404,0.13389404,-0.50610596,1.203894,-0.546106,-1.516106,-3.436106,-6.446106,-7.576106,-8.046106,-7.706106,-7.286106,-7.026106,-5.276106,-4.486106,-3.856106,-1.056106,2.9638941,3.483894,3.393894,3.073894,-0.70610595,1.543894,-2.2761059,-3.646106,1.2638941,0.49389404,2.493894,1.9938941,-1.286106,-4.346106,2.663894,-0.22610596,-0.556106
-3.0361059,2.813894,5.193894,5.373894,3.313894,5.593894,3.523894,0.953894,1.963894,1.3838941,-0.47610596,-0.43610597,-1.906106,-2.826106,-5.6661057,-7.096106,-8.486106,-9.476106,-7.986106,-7.526106,-7.006106,-0.866106,-4.846106,-2.176106,-3.466106,-3.156106,-3.346106,-2.466106,-1.826106,-2.2961059,-2.8061059,-0.96610594,-4.926106,-2.8161058,0.61389405,-2.346106,-3.756106,-3.2761059,-2.5361059,0.16389404,3.023894
5.303894,2.9438941,3.413894,3.603894,5.213894,5.793894,5.0838943,2.783894,2.7238941,2.123894,0.583894,-0.7261059,-1.536106,-2.916106,-5.866106,-6.986106,-8.286106,-8.896106,-8.286106,-7.576106,-6.316106,-4.566106,-4.006106,-4.846106,-4.546106,-4.056106,-3.586106,-2.2961059,-3.906106,-4.806106,-3.186106,-0.13610595,1.813894,0.68389404,0.013894043,1.853894,3.893894,2.9738941,-4.256106,-2.406106,-3.346106
5.173894,2.153894,2.273894,1.5338941,1.6438941,3.7138941,3.143894,3.063894,2.073894,1.313894,0.833894,-0.68610597,0.41389406,-3.0461059,-3.5261059,-6.336106,-7.546106,-7.576106,-6.906106,-6.456106,-4.716106,-5.336106,-5.896106,-6.286106,-3.156106,-1.646106,-1.936106,-4.306106,-4.176106,-4.6861057,-5.266106,0.14389405,4.323894,-0.68610597,1.173894,1.713894,0.59389406,1.173894,1.303894,-1.406106,-2.116106
5.913894,4.723894,1.053894,1.1438941,1.583894,1.313894,2.493894,1.733894,0.93389404,-0.30610597,-0.59610593,1.203894,0.10389404,-3.386106,-7.036106,-5.256106,-5.966106,-7.456106,-6.526106,-5.476106,-4.766106,-5.966106,-6.706106,-5.786106,-4.126106,-1.286106,-1.816106,-3.996106,-5.466106,-5.246106,-4.736106,-5.046106,-6.966106,-3.5561059,-0.90610594,-4.4361057,-4.096106,-5.906106,-2.876106,0.13389404,-0.796106
5.353894,4.193894,3.493894,2.863894,2.523894,0.633894,1.593894,2.083894,-0.78610593,0.62389404,1.173894,-0.89610595,-4.206106,-6.076106,-5.6861057,-4.806106,-7.126106,-6.836106,-4.646106,-4.646106,-5.706106,-6.756106,-7.026106,-6.6661057,-5.066106,-2.896106,-3.346106,-4.726106,-4.346106,-4.976106,-4.566106,-4.646106,-5.4361057,-7.406106,-0.34610596,-0.04610596,2.123894,1.963894,-0.016105957,-0.866106,-7.006106
4.403894,2.903894,2.2138941,1.593894,-0.64610595,-0.14610596,-0.30610597,0.003894043,1.963894,2.333894,0.763894,-1.4661059,-4.296106,-4.946106,-5.256106,-6.316106,-5.766106,-5.726106,-4.976106,-5.386106,-4.766106,-5.766106,-5.6861057,-6.806106,-4.926106,-4.846106,-4.486106,-4.576106,-3.576106,-3.116106,-4.086106,-4.656106,-5.046106,-6.836106,-4.496106,-3.486106,-3.8061059,-0.606106,0.67389405,2.283894,-1.2561059
3.303894,3.093894,1.913894,0.59389406,-0.59610593,-0.676106,-1.3461059,-0.006105957,2.773894,2.6938941,0.71389407,-1.786106,-3.456106,-4.026106,-5.6861057,-7.096106,-7.206106,-5.906106,-6.446106,-5.146106,-5.106106,-4.6861057,-5.4361057,-5.126106,-4.216106,-4.356106,-4.076106,-4.016106,-3.516106,-4.036106,-5.056106,-5.646106,-5.516106,-5.456106,-5.006106,-5.4161057,-2.866106,-2.186106,3.153894,2.253894,3.853894
3.403894,1.7738941,0.68389404,-0.22610596,-0.41610596,-1.836106,-2.5361059,1.583894,4.033894,2.993894,1.233894,-1.2561059,-3.456106,-5.246106,-7.486106,-7.216106,-6.676106,-7.176106,-6.366106,-4.996106,-4.9361057,-5.9161057,-4.946106,-6.216106,-5.556106,-6.046106,-5.486106,-5.106106,-5.676106,-5.086106,-5.056106,-5.4161057,-4.486106,-4.366106,-4.1861057,-2.836106,-2.3061059,1.9038941,1.983894,-0.88610595,1.173894
3.003894,1.983894,1.193894,0.16389404,-1.0961059,-1.816106,-0.546106,2.013894,2.7238941,2.543894,0.40389404,-1.7161059,-3.966106,-5.386106,-6.766106,-6.606106,-7.406106,-6.216106,-5.656106,-5.586106,-6.156106,-6.116106,-4.826106,-3.926106,-4.086106,-2.5461059,-3.376106,-2.2961059,-2.5261059,-3.166106,-4.1661057,-3.3061059,-3.616106,-2.826106,-3.136106,-1.826106,-0.34610596,-2.016106,-2.406106,-1.4961059,-0.08610596
2.763894,2.9738941,2.163894,1.1438941,1.233894,0.19389404,0.04389404,1.963894,1.4938941,0.763894,-0.21610595,-2.126106,-2.746106,-5.016106,-5.596106,-6.356106,-6.636106,-6.626106,-6.106106,-5.786106,-6.306106,-5.6661057,-4.756106,-5.066106,-5.606106,-6.046106,-5.296106,-5.326106,-4.036106,-2.896106,-2.886106,-2.626106,-1.0961059,-1.586106,-1.5061059,-1.2261059,-0.16610596,0.14389405,-0.14610596,-1.2161059,-0.28610596
3.143894,3.413894,2.063894,0.87389404,1.1438941,0.75389403,0.49389404,0.54389405,1.5138941,-0.51610595,-0.33610594,-0.69610596,-2.846106,-4.456106,-5.216106,-5.726106,-5.9161057,-6.056106,-6.036106,-6.036106,-6.306106,-6.096106,-5.826106,-6.076106,-5.646106,-4.826106,-5.426106,-5.1861057,-3.976106,-3.616106,-0.76610595,-2.2861059,-1.316106,-0.29610595,-0.47610596,-0.606106,-0.016105957,0.73389405,1.113894,1.473894,1.193894
3.603894,3.9338942,2.603894,2.053894,1.183894,1.923894,0.67389405,-0.41610596,-0.37610596,-0.50610596,-0.866106,-1.046106,-2.136106,-3.966106,-4.786106,-5.396106,-5.506106,-5.926106,-6.276106,-6.236106,-6.736106,-6.206106,-5.456106,-4.956106,-5.606106,-4.836106,-5.326106,-4.876106,-4.426106,-3.7861059,-2.426106,-2.476106,-1.2461059,-1.186106,0.023894044,-0.606106,-1.3661059,0.13389404,-1.436106,1.043894,2.313894
2.843894,4.843894,2.303894,2.7138941,0.833894,0.97389406,1.1238941,1.343894,0.13389404,0.28389403,-0.68610597,-2.086106,-1.636106,-2.326106,-4.806106,-5.406106,-6.036106,-6.566106,-6.386106,-6.706106,-7.026106,-6.356106,-6.036106,-5.546106,-5.146106,-5.396106,-5.296106,-4.6661057,-4.246106,-3.636106,-3.346106,-2.876106,-1.956106,-0.82610595,0.003894043,1.5338941,0.893894,1.333894,0.54389405,0.16389404,0.23389405
