wind_kz.json
{"header": {"discipline":0,"disciplineName":"Meteorological products","gribEdition":2,"gribLength":948,"center":7,"centerName":"US National Weather Service - NCEP(WMC)","subcenter":0,"refTime":"2023-10-01T12:00:00.000Z","significanceOfRT":1,"significanceOfRTName":"Start of forecast","productStatus":0,"productStatusName":"Operational products","productType":1,"productTypeName":"Forecast products","productDefinitionTemplate":0,"productDefinitionTemplateName":"Analysis/forecast at horizontal level/layer at a point in time","parameterCategory":0,"parameterCategoryName":"UnknownDiscipline_0_Category_0","parameterNumber":0,"parameterNumberName":"UnknownParameter_D0_C0_0","parameterUnit":"Unknown","genProcessType":2,"genProcessTypeName":"Forecast","forecastTime":0,"surface1Type":1,"surface1TypeName":"Ground or water surface","surface1Value":0.0,"surface2Type":255,"surface2TypeName":"Missing","surface2Value":0.0,"gridDefinitionTemplate":0,"gridDefinitionTemplateName":"Latitude_Longitude","numberPoints":615,"shape":6,"shapeName":"Earth spherical with radius of 6,371,229.0 m","gridUnits":"degrees","resolution":48,"winds":"true","scanMode":64,"nx":41,"ny":15,"basicAngle":0,"lo1":47.0,"la1":41.0,"lo2":87.0,"la2":55.0,"dx":1.0,"dy":1.0}, "data":
[rows 0 to 14 of 15, columns 0 to 40 of 41]
295.2,286.50003,295.60004,294.40002,294.30002,293.60004,303.40002,309.00003,305.60004,305.30002,302.7,302.30002,301.10004,301.10004,300.7,299.7,299.50003,299.50003,300.2,300.00003,301.50003,298.80002,298.90002,293.7,296.50003,298.50003,293.7,281.80002,279.7,278.10004,274.80002,275.90002,288.10004,294.30002,295.2,294.80002,295.60004,295.00003,294.80002,294.10004,293.00003
285.40002,294.10004,294.2,294.2,294.30002,293.40002,307.90002,305.2,302.60004,301.40002,302.10004,300.90002,301.80002,299.60004,299.80002,298.7,298.40002,297.7,297.60004,297.80002,298.40002,298.30002,296.10004,287.2,277.10004,277.50003,286.60004,279.60004,281.2,275.7,279.40002,267.90002,280.40002,252.10002,267.50003,291.40002,289.60004,291.00003,294.90002,287.30002,284.10004
297.7,294.00003,294.10004,293.7,292.50003,304.40002,303.80002,303.2,302.40002,301.50003,301.40002,301.00003,297.40002,299.2,299.60004,298.10004,297.40002,296.7,296.7,296.10004,298.60004,296.40002,296.2,291.10004,296.40002,294.30002,295.00003,293.80002,292.80002,282.30002,270.7,276.00003,280.7,280.80002,282.80002,281.2,273.2,276.2,277.40002,271.60004,271.40002
300.60004,293.30002,293.90002,293.7,294.60004,304.50003,303.60004,303.60004,304.40002,295.80002,299.30002,299.40002,291.2,290.60004,297.00003,298.50003,298.00003,297.7,298.10004,298.40002,296.40002,291.30002,296.30002,296.40002,297.80002,298.2,298.50003,295.10004,294.10004,293.90002,292.60004,289.60004,293.90002,290.2,288.90002,284.2,273.40002,262.40002,278.7,286.40002,289.90002
302.30002,293.30002,293.80002,293.2,296.50003,302.00003,303.30002,303.80002,302.00003,300.60004,300.2,295.30002,290.90002,289.10004,287.50003,298.80002,299.60004,298.00003,297.00003,295.80002,296.80002,297.00003,294.7,294.90002,295.40002,296.90002,295.10004,293.10004,295.30002,295.10004,297.7,293.50003,278.80002,267.7,281.80002,290.2,291.90002,293.7,294.30002,294.50003,293.7
303.2,300.50003,291.40002,292.40002,292.60004,292.2,303.10004,302.30002,297.40002,299.2,295.40002,297.40002,291.40002,291.10004,293.00003,297.2,298.50003,295.2,296.10004,295.2,293.90002,293.80002,292.00003,294.80002,294.00003,292.2,291.60004,288.50003,293.30002,294.10004,293.50003,294.10004,292.30002,290.30002,286.60004,289.00003,280.90002,283.7,291.30002,292.30002,292.30002
301.30002,301.40002,301.80002,302.00003,298.40002,301.10004,302.10004,300.00003,300.30002,300.80002,295.60004,296.50003,294.80002,297.30002,295.50003,295.7,296.10004,296.7,296.30002,294.00003,293.60004,293.80002,290.80002,289.2,287.40002,288.30002,288.90002,291.2,290.7,290.50003,289.80002,290.30002,291.40002,291.60004,290.10004,287.80002,280.80002,279.50003,276.50003,275.2,285.7
299.30002,300.80002,300.80002,300.40002,300.7,300.80002,301.40002,300.00003,298.7,294.80002,293.90002,295.10004,295.40002,292.60004,294.50003,294.90002,294.10004,295.50003,295.2,290.7,290.7,290.10004,290.50003,289.7,286.80002,284.40002,284.40002,285.2,286.30002,288.40002,287.60004,288.50003,286.7,283.80002,283.7,285.10004,286.30002,286.2,285.60004,286.10004,282.50003
300.7,299.90002,299.90002,299.00003,298.60004,299.00003,299.40002,299.10004,296.60004,291.90002,291.90002,292.30002,290.80002,291.90002,291.60004,293.10004,293.10004,291.00003,292.10004,288.7,286.80002,287.2,287.10004,288.2,287.2,287.00003,284.40002,284.2,283.00003,282.30002,283.10004,283.30002,284.10004,283.30002,284.00003,283.30002,283.30002,280.50003,273.7,273.60004,270.50003
299.00003,299.60004,299.2,298.40002,298.2,298.00003,297.60004,297.2,296.40002,290.90002,291.30002,292.2,292.80002,292.7,291.40002,290.10004,288.80002,289.40002,291.2,288.7,287.7,287.7,287.7,288.40002,288.30002,287.80002,286.90002,286.00003,284.50003,283.60004,283.60004,284.10004,286.90002,286.90002,286.30002,284.90002,279.7,278.60004,271.7,273.80002,272.2
299.10004,298.90002,298.30002,297.7,297.2,296.7,296.00003,296.00003,295.00003,291.2,291.90002,290.90002,292.30002,289.7,289.30002,288.80002,290.00003,287.60004,288.30002,289.90002,288.60004,287.10004,287.40002,287.40002,287.2,286.60004,284.90002,286.2,286.80002,287.50003,287.00003,287.80002,286.2,287.2,285.7,282.10004,278.90002,275.10004,275.90002,274.10004,273.7
297.7,298.10004,297.50003,296.60004,295.60004,295.2,294.50003,293.80002,293.80002,293.2,287.50003,288.7,289.10004,287.7,288.50003,287.50003,288.10004,289.10004,289.10004,287.50003,286.40002,285.80002,285.40002,285.7,285.90002,286.50003,286.80002,287.00003,286.50003,286.40002,285.00003,285.40002,284.40002,281.80002,282.10004,281.00003,282.10004,282.30002,280.30002,280.10004,277.30002
295.40002,296.00003,295.7,295.50003,294.30002,293.40002,293.80002,293.60004,292.50003,291.2,284.80002,284.7,287.90002,287.10004,288.80002,289.2,288.90002,287.7,288.60004,287.10004,287.10004,284.90002,286.50003,285.40002,286.50003,286.80002,287.00003,285.00003,284.90002,283.7,283.7,283.30002,282.2,282.2,281.30002,280.60004,279.10004,279.90002,277.10004,280.10004,279.7
297.60004,297.30002,290.60004,294.60004,293.60004,292.50003,291.60004,290.30002,291.00003,290.2,286.40002,283.2,284.50003,284.90002,286.30002,288.90002,288.50003,288.00003,288.90002,288.60004,288.40002,287.7,287.60004,286.60004,287.2,285.80002,284.90002,284.7,283.00003,281.80002,280.30002,279.50003,278.80002,277.40002,277.60004,276.00003,276.10004,275.7,275.7,274.00003,274.90002
295.7,297.30002,286.00003,293.50003,293.7,292.40002,291.7,291.2,291.10004,289.80002,288.60004,286.10004,284.60004,285.90002,285.40002,287.7,287.60004,287.60004,288.30002,287.90002,286.7,285.40002,285.90002,285.50003,285.40002,285.30002,284.00003,282.50003,281.30002,279.60004,277.90002,279.80002,276.7,275.7,275.30002,275.00003,275.30002,273.40002,274.2,273.7,274.2
