wind_kz.json
[{"header":{"discipline":0,"disciplineName":"Meteorological products","gribEdition":2,"gribLength":871,"center":7,"centerName":"US National Weather Service - NCEP(WMC)","subcenter":0,"refTime":"2023-09-24T18:00:00.000Z","significanceOfRT":1,"significanceOfRTName":"Start of forecast","productStatus":0,"productStatusName":"Operational products","productType":1,"productTypeName":"Forecast products","productDefinitionTemplate":0,"productDefinitionTemplateName":"Analysis/forecast at horizontal level/layer at a point in time","parameterCategory":0,"parameterCategoryName":"UnknownDiscipline_0_Category_0","parameterNumber":0,"parameterNumberName":"UnknownParameter_D0_C0_0","parameterUnit":"Unknown","genProcessType":2,"genProcessTypeName":"Forecast","forecastTime":300,"surface1Type":1,"surface1TypeName":"Ground or water surface","surface1Value":0.0,"surface2Type":255,"surface2TypeName":"Missing","surface2Value":0.0,"gridDefinitionTemplate":0,"gridDefinitionTemplateName":"Latitude_Longitude","numberPoints":615,"shape":6,"shapeName":"Earth spherical with radius of 6,371,229.0 m","gridUnits":"degrees","resolution":48,"winds":"true","scanMode":64,"nx":41,"ny":15,"basicAngle":0,"lo1":47.0,"la1":41.0,"lo2":87.0,"la2":55.0,"dx":1.0,"dy":1.0},"data":[290.7,282.6,286.4,292.7,292.8,292.0,296.4,300.7,297.8,300.0,301.0,301.7,299.2,301.7,302.1,304.7,304.0,304.2,308.4,305.7,306.8,306.3,304.2,301.6,303.9,303.1,298.5,288.9,290.4,287.1,290.8,287.4,301.3,307.2,306.9,304.9,309.8,309.5,307.2,307.1,309.9,274.4,293.5,292.3,292.5,292.5,291.3,300.7,298.1,297.8,298.3,300.2,299.9,301.8,304.4,306.7,304.6,303.9,302.7,301.5,305.1,306.3,303.1,298.3,290.9,274.0,273.2,296.0,284.8,293.5,284.1,293.7,277.0,293.9,267.2,286.1,300.6,302.4,303.1,307.8,298.5,284.3,286.7,291.8,292.4,291.8,290.2,295.4,294.5,294.0,294.9,293.5,298.2,299.0,299.9,299.9,299.0,301.5,301.8,301.6,300.5,303.0,301.6,300.6,299.6,289.6,299.8,295.5,301.4,294.3,298.7,285.4,275.2,287.2,288.4,292.8,292.1,291.1,291.4,290.7,292.8,288.1,285.9,292.2,291.0,291.8,290.9,290.1,292.6,294.1,293.5,296.5,297.0,296.7,296.0,289.8,289.3,297.8,300.0,298.6,300.4,299.8,296.5,298.3,286.9,298.7,297.3,296.4,296.7,296.8,287.0,290.0,288.8,290.5,292.8,303.1,303.1,298.8,287.8,277.2,274.2,281.7,298.2,297.8,292.7,290.1,290.5,289.7,292.0,295.4,295.8,296.3,294.5,294.6,295.8,296.1,288.4,287.6,286.4,296.7,297.8,292.3,292.0,289.0,287.0,286.9,286.8,287.3,288.4,290.7,294.6,295.1,294.7,292.2,291.5,292.3,286.6,273.9,283.7,288.5,289.7,291.6,293.7,298.4,295.7,291.3,291.5,289.0,289.5,289.6,289.3,296.7,294.4,294.4,294.4,293.5,293.6,289.0,288.4,290.2,292.9,288.8,290.0,289.0,288.1,290.4,290.5,288.9,288.5,284.7,283.4,284.3,286.2,294.6,297.3,294.9,293.8,297.7,299.7,301.7,294.5,284.3,283.9,294.5,291.6,293.0,292.9,293.7,291.9,293.0,292.6,294.1,294.0,292.7,292.6,292.1,293.2,291.2,291.2,291.3,291.9,285.6,286.5,288.0,289.7,288.6,290.9,290.6,290.6,290.6,286.1,289.0,283.0,283.6,286.6,294.0,297.3,298.1,299.0,299.5,297.9,295.2,288.0,288.9,280.8,279.1,287.4,292.4,293.0,292.0,290.7,291.0,290.8,293.0,293.0,292.3,291.5,291.5,289.6,289.2,286.5,285.7,283.1,289.7,288.0,292.6,290.5,288.8,288.5,289.9,288.7,288.3,285.6,288.8,281.9,281.2,287.5,292.0,293.2,294.2,293.4,294.2,299.6,296.8,285.7,293.3,289.2,293.0,292.5,291.4,290.1,289.4,288.9,289.2,290.8,290.6,290.6,290.8,288.7,288.5,282.6,282.3,281.6,284.2,290.4,292.9,292.9,291.5,288.5,281.0,284.4,282.3,282.2,288.2,286.9,282.6,279.1,280.8,285.5,290.3,292.8,295.6,297.2,295.0,292.0,292.7,274.1,276.7,276.4,291.5,289.7,289.2,288.3,288.5,289.7,288.6,288.8,288.8,288.4,286.9,282.3,280.8,279.9,280.0,281.2,290.0,292.1,292.2,290.3,288.2,286.6,281.6,280.8,281.8,286.8,285.5,285.6,281.9,283.9,290.0,292.6,295.3,297.0,297.1,295.9,290.2,280.5,277.6,281.4,280.7,289.7,289.5,288.7,287.0,287.8,287.4,286.8,287.1,286.8,283.9,284.0,280.3,280.4,278.3,278.6,279.8,283.6,287.8,291.5,291.3,284.7,286.6,281.3,281.6,282.0,283.2,280.8,282.3,283.5,287.9,295.0,296.0,296.5,294.5,294.8,293.1,285.7,280.1,280.2,282.1,282.0,287.6,289.1,288.7,287.9,285.8,285.2,284.7,284.8,285.4,285.5,281.6,278.8,278.3,277.4,277.5,278.5,279.3,280.8,283.1,290.4,289.3,285.4,281.9,281.1,282.3,285.2,286.3,289.2,290.5,292.1,293.1,294.3,292.7,293.0,291.3,290.8,289.2,282.3,285.4,290.1,287.6,285.0,287.8,288.3,287.5,285.4,284.5,284.9,284.5,285.0,282.6,278.4,278.1,278.4,276.0,277.1,278.0,278.4,278.8,280.4,282.8,286.3,282.0,281.4,282.4,283.7,285.6,287.2,287.7,289.1,290.1,290.3,290.6,290.3,289.4,283.1,277.9,277.2,279.9,286.5,285.9,283.7,285.5,284.9,284.7,284.4,283.7,283.4,283.4,282.4,282.0,281.0,278.0,275.9,278.0,275.2,277.9,278.2,278.0,277.4,278.3,279.0,280.8,281.1,281.0,281.2,281.3,283.0,282.3,285.6,285.1,282.0,282.1,280.7,279.5,277.9,278.1,276.9,280.7,283.0,285.4,283.8,285.7,283.4,284.0,284.7,282.8,282.7,282.7,282.5,282.6,282.5,281.3,279.3,276.7,274.9,275.1,277.5,281.1,281.4,282.6,278.1,276.6,276.5,276.3,276.1,275.9,276.7,276.7,278.3,281.6,283.0,284.1,280.0,280.6,281.6,281.2,281.8,280.5,282.8,283.1,284.4,285.6,285.5]},{"header":{"discipline":0,"disciplineName":"Meteorological products","gribEdition":2,"gribLength":1102,"center":7,"centerName":"US National Weather Service - NCEP(WMC)","subcenter":0,"refTime":"2023-09-24T18:00:00.000Z","significanceOfRT":1,"significanceOfRTName":"Start of forecast","productStatus":0,"productStatusName":"Operational products","productType":1,"productTypeName":"Forecast products","productDefinitionTemplate":0,"productDefinitionTemplateName":"Analysis/forecast at horizontal level/layer at a point in time","parameterCategory":2,"parameterCategoryName":"UnknownDiscipline_0_Category_2","parameterNumber":2,"parameterNumberName":"UnknownParameter_D0_C2_2","parameterUnit":"Unknown","genProcessType":2,"genProcessTypeName":"Forecast","forecastTime":300,"surface1Type":103,"surface1TypeName":"Specified height level above ground","surface1Value":10.0,"surface2Type":255,"surface2TypeName":"Missing","surface2Value":0.0,"gridDefinitionTemplate":0,"gridDefinitionTemplateName":"Latitude_Longitude","numberPoints":615,"shape":6,"shapeName":"Earth spherical with radius of 6,371,229.0 m","gridUnits":"degrees","resolution":48,"winds":"true","scanMode":64,"nx":41,"ny":15,"basicAngle":0,"lo1":47.0,"la1":41.0,"lo2":87.0,"la2":55.0,"dx":1.0,"dy":1.0},"data":[0.104023434,0.5840234,-1.2659765,-5.2259765,-5.1159763,-5.0459766,-4.885977,-6.2259765,-6.135977,-2.9559765,-3.6559765,-2.2759767,-1.2759765,-0.55597657,-0.06597656,0.42402345,0.91402346,1.5340234,1.8440235,1.7440234,0.94402343,0.55402344,0.7740234,1.6640234,-2.7059765,-0.65597653,2.1040235,3.0140235,0.46402344,0.9540234,1.6840234,1.2640234,-0.43597656,-1.9759766,-2.5559766,-2.8159766,-3.2159765,-2.8959765,-3.3059766,-0.6159766,0.6540234,1.7040235,-0.99597657,-5.5759764,-7.7659764,-4.885977,-3.7659767,-4.3459764,-4.7159767,-3.9659765,-3.0359766,-1.6859765,-1.7859765,-1.3259766,0.09402344,0.54402345,1.9940234,2.5340235,3.1040235,4.5540233,4.344023,4.0540233,3.2340233,3.6440234,2.7940235,1.7340235,0.28402343,-0.47597656,-0.10597656,3.8240235,2.7040234,3.1740234,5.5440235,0.69402343,1.1940235,0.81402344,-1.3959765,-1.3459766,0.43402344,1.6040235,-2.8559766,-2.4959764,-2.5459766,-10.485976,-9.735976,-6.5159764,-5.9159765,-4.6259766,-4.0959764,-3.3859766,-2.8259766,-1.5859766,-0.71597654,1.2140235,2.0840235,2.6340234,3.8440235,4.6840234,5.3540235,6.4540234,6.6040235,6.6540236,6.0240235,6.0240235,6.1240234,9.344024,4.2240233,4.4840236,-1.2759765,0.7140234,3.7140234,-0.70597655,1.2940234,0.18402344,-0.76597655,-1.6859765,-3.1959765,-0.0059765624,-0.035976563,-0.93597656,0.56402344,2.3040235,1.5640235,-7.1459765,-8.095977,-7.7159767,-6.8459764,-4.385977,-3.2859766,-2.1359766,-3.1859765,-1.0559765,0.30402344,1.0440234,2.7140234,2.9740233,4.0240235,4.7640233,5.6640234,6.3740234,7.4540234,8.324023,8.644024,7.9540234,9.094024,6.9240236,11.584023,12.104023,9.964024,10.154023,4.844023,7.7340236,3.1540234,1.5040234,-1.1259766,1.2240235,1.6140234,-1.2259766,-1.8859766,-1.1959766,1.0840235,-2.6559765,-1.1859765,5.1040235,-7.0259767,-6.5559764,-6.0659766,-5.5759764,-4.0559764,-2.7959766,-1.8259766,-0.40597656,0.47402343,1.2740234,2.2040234,3.9140234,3.3240235,3.9440234,4.9940233,6.6440234,7.0240235,6.8240232,7.5240235,7.5240235,7.2740235,6.9240236,5.4040236,6.2740235,9.634024,10.814023,11.804024,9.944023,7.6240234,8.664023,5.3940234,3.5740235,1.3940234,1.5440234,-0.65597653,2.2540236,1.6540234,3.1140234,4.094023,2.4240234,-1.4959766,-5.0559764,-4.2859764,-5.3259764,-4.5159764,-3.7059765,-2.8459766,-1.3359766,0.29402342,1.2040235,1.5840235,2.2840235,2.9940233,3.3840234,4.8040233,4.6940236,5.5840235,6.5240235,6.6240234,6.5540233,6.0440235,5.7940235,5.4940233,5.6740236,5.5540233,4.7940235,7.5840235,7.0240235,9.534023,9.964024,8.0440235,6.3540235,6.2840233,4.0040236,2.0040236,0.32402343,-0.25597656,-0.17597656,2.3940234,7.9440236,3.7840235,0.024023438,-4.7359767,-4.3259764,-3.8259766,-3.3059766,-2.4559765,-1.5459765,-0.88597655,0.024023438,0.62402344,1.3740234,2.4640234,3.3540235,3.4740233,4.5440235,4.344023,4.5340233,5.1240234,5.3240232,5.2940235,5.7340236,6.1440234,7.0540233,7.9340234,7.844023,8.884024,8.874023,7.1240234,7.6540236,5.7140236,9.094024,7.7440233,7.364023,4.5340233,2.2240233,1.5340234,1.8440235,3.1040235,1.1140234,1.3540235,-1.4059765,1.6340234,-4.0359764,-3.7359765,-3.3559766,-2.8759766,-2.0259767,-1.4159765,-0.65597653,-0.21597657,0.55402344,1.6040235,2.4240234,3.6340234,2.6740234,2.9840233,3.4140234,4.5140233,4.6040235,5.1940236,5.6440234,6.6240234,8.454023,10.004024,9.734023,9.2940235,9.274023,8.484023,8.334023,4.7740235,2.6940234,5.1540236,6.8540235,6.3140235,4.4040236,3.7040234,5.0740232,5.2540236,2.3840234,3.0040236,4.3940234,2.8740234,2.8340235,-2.9459765,-3.2459764,-3.0159767,-2.4159765,-1.8159766,-1.2159766,-0.88597655,-0.40597656,-0.015976563,1.0040234,1.5740235,2.1840234,2.2340233,2.0740235,3.2340233,3.4840233,3.9640234,4.2140236,4.5440235,5.7540236,6.8940234,7.2540236,10.374023,9.654023,9.084023,7.9440236,6.8740234,6.2640233,1.0740235,2.5740235,5.8940234,5.3740234,4.7640233,4.0340233,4.4840236,3.6940234,3.0740235,0.73402345,-0.23597656,0.47402343,-0.075976565,-1.6159766,-2.4259765,-2.3659766,-2.0059767,-1.7059766,-1.3859766,-1.2859765,-0.82597655,0.16402344,1.2340235,1.1340234,1.1040235,1.4940234,2.5340235,2.7540236,2.7440233,3.3240235,3.6340234,4.0340233,4.7540236,5.6340237,6.2540236,7.9940233,8.574023,8.334023,5.3540235,4.844023,6.0840235,2.2640235,3.5840235,4.4640236,3.9540234,3.1040235,3.4240234,2.7440233,3.4840233,0.15402344,-1.4959766,-0.24597657,-0.06597656,-0.93597656,-1.7859765,-1.8659766,-2.0259767,-1.8159766,-1.9959766,-1.5159765,-0.63597655,-0.0059765624,0.72402346,0.8940234,1.0040234,-0.29597655,0.08402344,1.7440234,1.6140234,1.6140234,2.0140235,3.0140235,3.5840235,2.7540236,3.8440235,2.3940234,2.1040235,-2.4459765,-6.4259768,0.034023438,4.2340236,-0.32597655,-0.25597656,3.9440234,3.0840235,1.8840234,0.9540234,2.0240235,2.6540234,1.6140234,-0.37597656,0.0040234374,-0.64597654,1.1540234,-0.51597655,-1.5859766,-1.6359766,-1.7059766,-1.5459765,-0.99597657,-1.2759765,-1.2259766,-0.33597657,0.5240234,0.78402346,-0.10597656,-1.6559765,-0.13597657,0.60402346,0.79402345,1.1440234,1.2140235,1.5640235,2.4740233,1.3940234,0.054023437,-0.33597657,-2.0359766,-3.8359766,-5.6059766,-3.8759766,-2.7759767,-0.21597657,-3.2259765,-3.2859766,-3.2759767,-3.2559767,-0.70597655,0.29402342,1.0240234,2.5140235,0.68402344,-1.4059765,-0.24597657,1.7340235,-1.4659766,-0.10597656,-0.47597656,-0.40597656,-1.2259766,-0.70597655,-0.68597656,-1.0859766,-0.94597656,-1.0659766,0.54402345,0.09402344,0.35402343,-1.2959765,0.12402344,0.74402344,0.78402346,0.064023435,-0.7859766,-0.9259766,-2.5759766,-4.1459765,-3.3359766,-3.2859766,-2.8859766,-4.7759767,-5.9259768,-5.9459767,-6.635977,-5.4259768,-4.1459765,-4.405977,-2.8359766,-3.0159767,-2.3759766,-1.5059766,-1.6859765,-1.9759766,-0.87597656,0.74402344,-1.4159765,-2.9059765,0.17402343,0.11402344,-0.9859766,-1.2159766,-0.65597653,-0.8659766,-1.2059766,-0.9259766,0.09402344,0.09402344,0.59402347,1.0240234,-0.09597656,0.024023438,0.25402343,-0.115976565,-0.52597654,-1.3959765,-2.4759765,-3.3359766,-4.7659764,-4.2559767,-4.1759768,-4.3159766,-4.4359765,-4.7659764,-4.8559766,-4.9559765,-5.1159763,-4.7559767,-4.2759767,-3.8559766,-3.2759767,-2.9859765,-2.1059766,-1.4359765,-3.1259766,-2.5759766,-2.5259767,-2.3959765,-5.2359767,0.45402345,0.034023438,0.014023437,-0.64597654,-1.0359765,-0.94597656,-0.31597656,0.024023438,0.29402342,0.18402344,-0.63597655,-0.29597655,0.5840234,1.0540234,0.42402345,-0.58597654,-2.0459766,-2.5659766,-3.3159766,-2.9659765,-3.0159767,-3.8959765,-3.6759765,-3.0259767,-3.7859766,-3.8959765,-4.0059767,-4.7159767,-5.1459765,-5.4359765,-5.8959765,-5.8159766,-4.8459764,-4.4659767,-4.2959766,-5.5359764,-3.9259765,-4.9759765,-4.2259765,-3.5059767,-1.6259766]},{"header":{"discipline":0,"disciplineName":"Meteorological products","gribEdition":2,"gribLength":1025,"center":7,"centerName":"US National Weather Service - NCEP(WMC)","subcenter":0,"refTime":"2023-09-24T18:00:00.000Z","significanceOfRT":1,"significanceOfRTName":"Start of forecast","productStatus":0,"productStatusName":"Operational products","productType":1,"productTypeName":"Forecast products","productDefinitionTemplate":0,"productDefinitionTemplateName":"Analysis/forecast at horizontal level/layer at a point in time","parameterCategory":2,"parameterCategoryName":"UnknownDiscipline_0_Category_2","parameterNumber":3,"parameterNumberName":"UnknownParameter_D0_C2_3","parameterUnit":"Unknown","genProcessType":2,"genProcessTypeName":"Forecast","forecastTime":300,"surface1Type":103,"surface1TypeName":"Specified height level above ground","surface1Value":10.0,"surface2Type":255,"surface2TypeName":"Missing","surface2Value":0.0,"gridDefinitionTemplate":0,"gridDefinitionTemplateName":"Latitude_Longitude","numberPoints":615,"shape":6,"shapeName":"Earth spherical with radius of 6,371,229.0 m","gridUnits":"degrees","resolution":48,"winds":"true","scanMode":64,"nx":41,"ny":15,"basicAngle":0,"lo1":47.0,"la1":41.0,"lo2":87.0,"la2":55.0,"dx":1.0,"dy":1.0},"data":[-1.0058417,1.2041583,0.6941583,6.2741585,2.8141584,0.36415833,0.33415833,1.2141583,1.0241584,0.84415835,-0.055841673,-0.055841673,0.22415833,0.18415833,0.13415833,0.19415833,0.65415835,-0.11584167,0.54415834,0.17415832,-0.9358417,-1.2358416,-1.7558417,0.72415835,1.8941584,1.6841583,-1.3758416,1.8541583,-0.84584165,-0.89584166,1.4141583,2.8841584,-0.90584165,0.6341583,-0.5458417,-2.2658417,0.60415834,2.2241583,2.4641583,0.44415832,-0.5058417,3.1441584,-1.9458417,7.2941585,4.074158,1.1541584,0.9641583,-0.24584168,1.0241584,0.97415835,-0.6058417,-0.3658417,0.06415833,0.18415833,-0.015841674,0.80415833,0.14415832,-0.32584167,0.8841583,0.73415834,1.0341583,1.0541583,2.1941583,2.2241583,3.2141583,3.6341584,3.6541584,2.5041583,3.4741583,-1.0058417,3.5541582,2.2041583,4.4641585,1.0841583,1.6641583,2.1241584,2.9641583,1.6841583,3.6241584,2.6541584,0.36415833,-0.6758417,0.054158326,-0.49584168,3.2441583,3.2341583,1.3041583,0.73415834,-0.105841674,-0.7258417,-0.12584168,-0.71584165,-0.9958417,-1.3158417,-1.0458417,-1.1758417,-0.35584167,0.12415832,0.6941583,0.13415833,0.7141583,1.7241583,2.1841583,2.6741583,3.8241584,4.5641584,0.90415835,-1.4058417,-0.6058417,-3.3058417,0.36415833,-2.0758417,2.1741583,2.1741583,-2.1458416,1.8341583,-0.5658417,-3.1458416,-2.7058418,0.9441583,-1.7058417,3.1141584,3.1141584,0.8941583,1.3941584,0.8941583,0.7541583,0.49415833,-0.035841674,-0.32584167,-0.6658417,-0.45584166,-0.9758417,-1.8558416,-1.8758416,-2.9958417,-2.0558417,-2.1058416,-0.9158417,-0.16584167,-0.025841676,0.49415833,0.55415833,1.9841583,5.174158,1.2741584,6.114158,3.5041583,3.7341583,1.7041583,0.90415835,-0.13584167,-3.4358416,-4.9558415,-2.5958416,1.5041584,1.0041584,-0.11584167,-0.19584167,0.6341583,2.4941583,-2.4758418,-3.8358417,-4.675842,0.44415832,0.26415834,0.15415832,0.19415833,-0.31584167,-0.46584168,-0.83584166,-1.2358416,-1.7958417,-2.2658417,-2.8858416,-2.6758416,-3.3158417,-4.135842,-3.0058417,-1.5958416,-1.4458417,-1.0558417,-0.035841674,-0.28584167,-0.31584167,-0.48584166,0.67415833,-0.3358417,1.7941583,2.5241582,3.9441583,4.784158,4.4741583,2.3041582,0.45415834,-1.8258417,-2.2658417,1.5041584,0.6241583,0.67415833,-1.0158417,-1.4658417,-1.5858417,-3.9158416,-4.7458415,-0.3958417,-1.0258417,-2.1858416,-2.1658416,-2.6258416,-3.2258418,-3.3258417,-2.4958417,-2.3558416,-2.6758416,-3.3358417,-3.6758416,-4.115842,-5.0558414,-3.0758417,-3.4158416,-2.8258417,-1.5058417,0.46415833,0.9441583,1.4141583,2.8041582,3.7141583,4.4841585,3.2941582,0.17415832,1.3341583,4.344158,5.9541583,4.7041583,8.104158,6.784158,2.1841583,-0.47584167,-0.94584167,-2.4958417,-2.1658416,-3.3658416,-4.325842,4.384158,-1.1258416,-0.3358417,-1.1658417,-1.9558417,-2.5658417,-2.7058418,-3.1358416,-3.4958417,-3.5558417,-3.1858416,-3.4658418,-3.6658416,-3.0958416,-4.7258415,-4.405842,-4.8758416,-3.8358417,-2.2758417,-0.5558417,1.0441583,0.114158325,0.92415833,0.80415833,1.2541584,1.4141583,2.0641584,1.1241584,3.6941583,4.634158,9.284159,7.7541585,8.144158,7.7041583,6.7641582,2.3441584,0.31415832,-0.21584168,2.2141583,3.5141582,-0.65584165,0.5241583,1.5241584,-0.7858417,-1.2558417,-2.0558417,-2.8258417,-3.5358417,-4.0658417,-4.0458417,-3.4458418,-3.7258418,-4.425842,-4.7958417,-5.2658415,-4.7558417,-6.0258417,-5.325842,-4.2658415,-2.0958416,-0.3658417,0.25415832,-0.20584168,-0.7258417,-0.52584165,1.6841583,2.9041584,4.2141585,4.9541583,3.3841584,5.2441583,9.304158,10.834158,8.474158,9.444159,8.164158,6.5841584,5.3941584,1.8841584,-1.9258417,0.79415834,-0.71584165,-0.25584167,-0.27584168,-0.07584167,-1.4658417,-1.9758416,-3.0658417,-3.5058417,-3.9758418,-4.1458416,-4.0658417,-4.3958416,-5.2958417,-5.5558414,-4.925842,-4.965842,-6.1258416,-5.865842,-4.635842,-3.4158416,-2.2658417,-2.5558417,-2.2358418,-2.0858417,-1.6758417,0.14415832,3.1241584,6.3941584,7.7741585,6.0641584,4.1941586,7.7741585,9.564158,10.504158,10.804157,10.004158,7.5041585,4.784158,1.6741583,2.9341583,1.5141584,2.3941584,0.114158325,-0.43584168,1.3041583,-0.64584166,-1.7658417,-2.8558416,-3.8658416,-4.0358415,-4.345842,-4.7058415,-5.465842,-5.5358415,-6.3358417,-4.925842,-6.3158417,-5.945842,-5.7358418,-5.6058416,-4.0558414,-2.8758416,-3.4958417,-1.3158417,-4.4558415,-4.715842,-3.8158417,1.5341583,6.2541585,9.634158,7.8941584,4.864158,9.444159,8.514158,9.844158,8.914158,8.914158,5.7041583,3.3841584,3.1241584,2.2741582,0.37415832,1.1141583,1.9841583,1.9641583,2.0141582,0.044158325,-1.7658417,-2.8058417,-3.3358417,-4.3158417,-4.345842,-4.615842,-5.0858417,-6.2358418,-5.215842,-2.6458416,-5.695842,-5.1858416,-6.2458415,-6.8058414,-5.6058416,-4.7458415,-3.5458417,-4.345842,-5.2758417,-5.345842,-7.825842,-7.635842,2.2041583,7.4841585,4.2141585,6.9141583,6.4641585,6.534158,8.094158,8.854158,7.404158,4.4741583,4.4741583,5.1941586,3.8541584,2.4841583,2.2241583,1.8341583,1.5641583,1.6041583,0.29415834,-0.69584167,-2.3258417,-2.8258417,-3.8558416,-4.465842,-5.095842,-5.425842,-5.5858417,-4.345842,-1.4658417,-5.1458416,-5.0158415,-6.3158417,-6.5558414,-6.5158415,-5.8058414,-3.7258418,-3.3358417,-3.8758416,-4.445842,-5.5158415,-5.6458416,-3.4958417,3.5441582,5.5241585,7.3741584,6.654158,4.594158,4.4541583,4.9541583,3.7341583,4.2341585,3.2441583,3.1941583,3.8141584,1.3841584,-0.14584167,0.19415833,-0.5558417,1.8841584,1.0841583,-0.47584167,-1.3158417,-1.9558417,-1.8858417,-3.1758416,-5.0658417,-6.5358415,-6.195842,-3.1258416,-2.2558417,-5.425842,-5.075842,-6.3058414,-6.2058415,-5.675842,-5.615842,-5.5058417,-2.7658417,-2.6658416,-3.1458416,-3.4958417,-2.9958417,-3.2558417,-2.7058418,-2.0858417,-0.27584168,1.0941583,1.7941583,1.6341584,2.6241584,1.9341583,1.6141583,1.9741583,2.3041582,0.9341583,-0.035841674,2.0641584,1.9841583,2.1541584,2.4941583,2.0841584,1.5041584,-0.19584167,-1.2958417,-2.3358417,-3.1958418,-4.3358417,-4.7258415,-5.1058416,-2.4758418,-1.2858417,-3.1258416,-5.465842,-6.8758416,-6.0658417,-5.115842,-4.195842,-4.2358418,-3.2358418,-1.8758416,-2.0758417,-2.1658416,-2.3158417,-2.0958416,-1.9858416,-1.6158416,-0.9958417,-0.6658417,-0.24584168,0.24415833,0.59415835,1.0541583,1.4441583,1.3941584,2.4241583,2.4141583,2.1141584,2.7341583,2.3241584,3.2241583,2.7341583,3.6141584,2.8041582,1.5641583,0.21415833,-0.9858417,-2.2458417,-3.0758417,-3.9558418,-3.8358417,-2.0158417,-2.1158416,-1.0458417,-1.7258416,-6.3758416,-5.8058414,-5.0358415,-4.5558414,-3.1258416,-3.4858418,-2.6558416,-2.0458417,-2.0358417,-2.0658417,-2.0958416,-2.2658417,-1.5358417,-1.3458416,-1.4658417,-1.1158416,-0.38584167,0.024158325,0.84415835,0.79415834,0.60415834,-0.89584166,0.7141583,0.85415834,1.9841583,0.23415832,0.19415833]}]