wind_kz.json
{"header": {"discipline":0,"disciplineName":"Meteorological products","gribEdition":2,"gribLength":1025,"center":7,"centerName":"US National Weather Service - NCEP(WMC)","subcenter":0,"refTime":"2023-08-20T18:00:00.000Z","significanceOfRT":1,"significanceOfRTName":"Start of forecast","productStatus":0,"productStatusName":"Operational products","productType":1,"productTypeName":"Forecast products","productDefinitionTemplate":0,"productDefinitionTemplateName":"Analysis/forecast at horizontal level/layer at a point in time","parameterCategory":2,"parameterCategoryName":"UnknownDiscipline_0_Category_2","parameterNumber":3,"parameterNumberName":"UnknownParameter_D0_C2_3","parameterUnit":"Unknown","genProcessType":2,"genProcessTypeName":"Forecast","forecastTime":300,"surface1Type":103,"surface1TypeName":"Specified height level above ground","surface1Value":10.0,"surface2Type":255,"surface2TypeName":"Missing","surface2Value":0.0,"gridDefinitionTemplate":0,"gridDefinitionTemplateName":"Latitude_Longitude","numberPoints":615,"shape":6,"shapeName":"Earth spherical with radius of 6,371,229.0 m","gridUnits":"degrees","resolution":48,"winds":"true","scanMode":64,"nx":41,"ny":15,"basicAngle":0,"lo1":47.0,"la1":41.0,"lo2":87.0,"la2":55.0,"dx":1.0,"dy":1.0}, "data":
[rows 0 to 14 of 15, columns 0 to 40 of 41]
3.3159106,1.9759107,-1.0140893,-5.6340895,-5.644089,-5.9040895,-4.4640894,2.9159107,1.5559106,-0.074089356,2.1059105,1.6159106,1.6759106,0.065910645,-2.1440895,-4.0740895,-4.5940895,-5.2140894,-3.7240894,-3.1740894,-3.1440895,-3.3440893,2.5859106,1.8959106,3.1159105,2.8659105,0.94591063,-0.74408937,-1.4440894,-0.44408935,0.79591066,2.0359106,-0.70408934,0.33591065,-0.21408935,-2.6140893,-2.0940893,1.0459106,4.4359107,1.0659107,1.2759106
1.4559107,1.8359107,-0.36408937,-2.3340893,-3.8340893,-6.2840896,-4.8340893,-4.3640895,-2.4940894,-1.3040893,0.85591066,-1.0340893,0.5259106,-1.9640894,-3.5040894,-2.9440894,-3.1140893,-3.8840895,-6.2540894,-5.6240892,-3.0940893,-4.8540893,3.1359107,0.7759106,3.2359107,3.0759106,3.5459106,0.24591064,-0.58408934,1.0859107,-1.8140893,-0.20408936,1.0559106,0.75591063,3.0259106,2.8659105,2.3159106,2.3659105,1.5459106,-0.68408936,1.1859107
2.0559106,4.6959105,1.9159106,-0.57408935,-2.0140893,-4.0740895,-4.724089,-4.4840894,-4.0440893,-3.7040894,-3.6240892,-2.9940894,-3.0340893,-2.5740893,-2.8640893,-3.5540893,-3.3540893,-5.3240895,-6.0140896,-6.7840896,-0.99408937,-3.6240892,-0.80408937,-0.7340894,-1.5140893,-2.2940893,-1.6640893,-2.7640893,-0.9240894,-0.93408936,-1.8940893,1.4359107,0.19591065,2.6559107,0.22591065,-2.6240892,-1.7540894,2.3059106,-1.3940893,1.6259106,1.0059106
3.3559105,2.0559106,0.5259106,-0.9140894,-1.4340893,-3.3140893,-3.3040893,-4.434089,-4.1140895,-3.7640893,-3.0740893,-4.454089,-4.3340893,-4.6940894,-4.0040894,-2.5940893,-3.1940894,-3.4940894,-6.0340896,-5.9440894,-3.4940894,-1.8840894,1.7559106,-0.35408935,-0.9840894,-2.3440893,-1.7040894,-1.2940893,-0.5940893,-0.45408934,3.3659105,1.6359106,0.91591066,-0.12408935,0.43591064,3.1059105,3.3559105,0.81591064,-3.4940894,-1.4240893,-1.6540893
2.9259107,1.6959107,0.35591066,-1.6240894,-3.2340894,-1.8340894,-1.8140893,-0.94408935,-1.2640893,-1.9040893,-3.3640893,-2.8240893,-4.1040893,-5.0640893,-4.1240892,-4.0140896,-3.2340894,-2.8440893,-4.3540893,-2.8440893,1.3659106,2.2359107,1.5559106,1.1259106,0.94591063,0.13591065,-1.7940893,-2.3040893,-1.5740894,-2.7540894,-2.4140894,-0.5940893,0.69591063,0.16591065,0.5259106,1.2559106,0.40591064,-1.7740893,1.2959106,0.5159106,0.9659107
0.79591066,0.7659106,1.2859106,-1.7940893,-2.3940895,-1.3340894,-0.7940894,0.12591064,1.7159107,1.2659106,0.69591063,-1.8240894,-3.5040894,-3.6040893,-5.414089,-6.4440894,-6.224089,-2.4040895,-0.9840894,1.2059107,3.3059106,3.1159105,3.3859107,2.8559105,2.0359106,1.7459106,0.46591064,-4.4240894,-1.4140893,-2.0940893,-3.3140893,-3.3140893,-1.2340894,-2.1240892,-2.2340894,0.75591063,-3.1940894,3.4359107,0.13591065,1.2659106,-0.054089356
1.4159106,1.2859106,0.6459106,-0.95408934,-2.0340893,-3.7140894,-1.2540894,0.84591067,1.4459107,1.8659106,2.5859106,0.49591064,-1.7140894,-4.8040895,-6.8240895,-7.4440894,-7.0340896,-6.244089,-0.23408936,3.2759106,5.065911,5.335911,5.3259106,5.2359104,4.755911,3.7359107,2.2959106,0.28591064,-1.6540893,-2.7240894,-2.3240893,-1.7440894,-1.3040893,1.7559106,0.99591064,2.8359106,3.8159106,3.3159106,1.9159106,4.1359105,0.94591063
1.0959107,2.1059105,1.2559106,0.11591064,-0.90408933,-2.1540895,-2.4640894,-1.9740894,-0.8540894,0.61591065,0.73591065,-0.39408934,-1.8340894,-3.3940895,-5.2540894,-5.744089,-5.3040895,-4.7540894,-1.9640894,4.4259105,5.9759107,6.5559106,6.1659107,6.4559107,6.4059105,5.0759106,3.8859107,2.3859107,0.62591064,-0.71408933,-1.9940894,-1.3940893,0.045910645,-2.8140893,-0.55408937,-0.57408935,-1.3740894,-1.2840893,-0.20408936,-0.22408935,0.55591065
-0.87408936,-1.1640893,-1.4540894,-1.8440894,-2.6740894,-3.5340893,-3.3940895,-3.0140893,-0.90408933,0.045910645,-0.114089355,-0.8440893,-2.1340895,-3.0940893,-3.5240893,-4.2140894,-4.8140893,-2.7840893,-2.2640893,2.1659107,5.755911,8.035911,8.31591,7.1359105,7.2859106,6.3659105,6.045911,4.0359106,2.9159107,2.5959105,0.98591065,-0.93408936,-1.0540893,-1.9040893,-1.8340894,-0.18408936,1.6059107,-2.0140893,0.78591067,1.0659107,1.8059106
-0.70408934,-1.7440894,-2.6140893,-3.2540894,-3.3140893,-2.8840895,-2.5940893,-1.7140894,-0.9140894,-0.40408936,0.025910644,-0.17408936,-0.7840893,-2.2240894,-2.4640894,-2.0840893,-3.9040895,-1.7640893,-0.054089356,-0.034089357,4.6859107,6.4659104,8.52591,9.27591,8.385911,7.7159104,6.835911,5.2059107,4.0759106,4.2059107,4.0759106,3.2659106,2.8259106,1.1359106,-0.37408936,-1.3140893,-0.38408935,1.7559106,0.11591064,-1.5340893,-0.7340894
-0.37408936,-0.9740894,-1.9640894,-2.4540894,-2.5940893,-2.6040893,-2.6540895,-1.9440894,-0.70408934,0.13591065,0.84591067,0.80591065,-0.14408936,-0.75408936,-1.8640894,-0.6640894,-2.3740892,-1.1840893,-0.06408936,1.8659106,1.9359107,5.1659107,7.6359105,8.545911,9.14591,8.515911,7.3659105,6.6959105,6.0559106,5.4059105,5.1759105,5.1159105,5.795911,4.085911,1.8159107,0.35591066,-0.15408936,-0.69408935,-0.45408934,0.60591066,0.0059106443
0.13591065,-1.1740893,-2.0040894,-2.6540895,-3.7240894,-3.7740893,-3.1340895,-2.3040893,-1.1440893,-0.39408934,1.2659106,2.6759107,1.7459106,1.6459106,0.53591067,-0.37408936,-0.88408935,0.5159106,0.92591065,2.9959106,3.4959106,4.1559105,7.2659106,7.9959106,8.285911,8.93591,8.56591,7.605911,6.8259106,6.7459106,5.4959106,5.5559106,5.355911,5.4259105,3.0459106,1.4559107,-0.26408935,-0.82408935,-1.7340894,-1.8440894,-1.2140894
0.30591065,-2.2240894,-2.3440893,-3.3240893,-4.1240892,-2.8340893,-3.3840895,-1.2040894,0.5259106,2.7959106,1.0759107,1.9259106,4.005911,2.2059107,0.41591063,-0.42408934,-0.40408936,0.42591065,2.5659106,4.8659105,6.4359107,6.4759107,6.6159105,8.89591,8.97591,7.7259107,7.7659106,5.7059107,5.8059106,4.9759107,4.1159105,4.2359104,5.005911,6.7459106,6.045911,4.1459107,3.1159105,1.3359107,1.6459106,1.5259106,0.55591065
-1.9540894,-3.3640893,-4.1340895,-4.474089,-5.6240892,-4.7540894,-4.5140896,-3.6940894,-1.0740894,2.8459105,1.2959106,0.22591065,2.4259107,0.86591065,-0.024089355,-1.4940894,-2.4440894,-1.2040894,2.3359106,5.9059105,7.1859107,7.7859106,7.2059107,6.5359106,7.4259105,7.9759107,8.22591,7.8759108,6.8459105,4.9059105,2.0259106,2.9859107,5.4159107,4.8859105,4.6959105,3.7259107,2.1759107,2.9659107,2.9259107,1.4759107,1.1059107
-2.0740893,-3.7040894,-5.414089,-4.6740894,-4.5140896,-4.5140896,-5.7640896,-5.3440895,-4.6040893,1.6759106,1.6359106,1.9159106,0.45591065,0.19591065,-2.8840895,-3.6940894,-5.8040895,-5.0840893,-3.2840893,1.0159106,3.4859107,5.045911,5.355911,6.7059107,8.745911,8.845911,8.375911,8.345911,8.77591,6.7659106,7.4059105,5.5559106,4.4659104,3.7559106,3.9559107,4.9959106,3.8859107,1.7659106,1.1659106,1.9959106,1.2159107
