wind_kz.json
{"header": {"discipline":0,"disciplineName":"Meteorological products","gribEdition":2,"gribLength":1025,"center":7,"centerName":"US National Weather Service - NCEP(WMC)","subcenter":0,"refTime":"2023-09-19T18:00:00.000Z","significanceOfRT":1,"significanceOfRTName":"Start of forecast","productStatus":0,"productStatusName":"Operational products","productType":1,"productTypeName":"Forecast products","productDefinitionTemplate":0,"productDefinitionTemplateName":"Analysis/forecast at horizontal level/layer at a point in time","parameterCategory":2,"parameterCategoryName":"UnknownDiscipline_0_Category_2","parameterNumber":2,"parameterNumberName":"UnknownParameter_D0_C2_2","parameterUnit":"Unknown","genProcessType":2,"genProcessTypeName":"Forecast","forecastTime":60,"surface1Type":103,"surface1TypeName":"Specified height level above ground","surface1Value":10.0,"surface2Type":255,"surface2TypeName":"Missing","surface2Value":0.0,"gridDefinitionTemplate":0,"gridDefinitionTemplateName":"Latitude_Longitude","numberPoints":615,"shape":6,"shapeName":"Earth spherical with radius of 6,371,229.0 m","gridUnits":"degrees","resolution":48,"winds":"true","scanMode":64,"nx":41,"ny":15,"basicAngle":0,"lo1":47.0,"la1":41.0,"lo2":87.0,"la2":55.0,"dx":1.0,"dy":1.0}, "data":
[rows 0 to 14 of 15, columns 0 to 40 of 41]
0.52664065,1.3766407,-1.7633594,-3.8333595,-7.4733596,-6.7733593,-7.2033596,-7.8333592,-7.623359,-4.933359,-4.7433596,-5.103359,-4.7533593,-3.9433594,-3.3333595,-3.2433593,-3.5733595,-4.5333595,-3.3533595,-3.3333595,-1.3333594,-0.09335937,1.6366407,3.0966406,-4.7033596,-4.6533594,-2.0933595,1.3766407,0.26664063,1.7166406,2.8066406,0.78664064,-1.7033594,-1.7833594,-5.6733594,4.9966407,-4.0133595,-2.9833593,-2.3533595,-1.1233593,0.26664063
-0.18335937,-2.4533594,-3.4533594,-7.4233594,-7.2533593,-5.4633594,-6.0533595,-5.9533596,-5.4933596,-5.2433596,-5.183359,-5.0033593,-3.8533595,-3.3333595,-2.6033595,-2.4633594,-2.3033593,-3.5533593,-3.0933595,-1.8433594,-0.90335935,-0.7433594,0.7666406,2.5866406,1.4766406,0.78664064,1.0266407,1.9666406,1.0566406,2.0666406,0.11664063,0.65664065,-0.45335937,2.0666406,-0.8033594,-1.5833594,0.54664063,-0.14335938,1.5066407,0.2566406,-0.14335938
-3.1633594,-5.183359,-6.5233593,-6.683359,-6.103359,-5.6733594,-4.643359,-4.0033593,-4.5433593,-3.2433593,-3.9333594,-3.9433594,-2.9533594,-2.5033593,-1.8933594,-1.5933594,-1.9733593,-1.9433594,-1.0133594,-0.013359375,0.21664062,1.6066406,-0.17335938,-0.9133594,1.5766406,1.8566406,2.3966405,2.2966406,-3.7833593,-0.83335936,0.91664064,0.14664063,1.0566406,3.4066405,-1.3633593,0.5566406,0.2566406,0.6966406,-0.6033594,0.48664063,-1.2733594
-5.6733594,-6.5033593,-7.5933595,-6.3033595,-4.1733594,-3.9133594,-3.3533595,-3.2433593,-2.8533595,-3.0433593,-3.6433594,-4.103359,-3.5133593,-2.6533594,-1.4333594,-1.4233594,-0.9233594,-1.3033594,-1.5133594,-2.2233593,-2.3133593,-3.1333594,2.5366406,2.9666407,4.0766406,3.6666405,4.0066404,3.1366405,3.7466407,2.1966407,1.3566406,2.5666406,7.7466407,10.226641,6.1566405,5.1966405,1.8466406,-0.043359376,-2.4833593,-1.9733593,-3.2833593
-8.673359,-8.933359,-7.8833594,-6.7133594,-5.2133594,-3.7433593,-2.3233595,-1.5433594,-1.7633594,-2.5533593,-3.2533593,-4.3333592,-3.2033594,-2.7033594,-1.3033594,-2.1133595,-1.9133594,-1.2633594,-3.0233593,-2.1433594,-1.7633594,-1.1233593,-0.90335935,-1.0833594,-1.0033593,-0.72335935,-1.4733593,-0.97335935,0.52664065,3.3766406,4.7166405,4.5966406,3.1466405,-0.32335937,-2.8333595,-2.0033593,0.4766406,-0.22335938,-1.3333594,0.22664063,-0.23335938
-6.9533596,-6.0133595,-6.2233596,-5.1733594,-3.8333595,-2.8433595,-1.8033594,-1.9633594,-2.4933593,-3.6833594,-2.6033595,-1.6933594,-1.5233594,-1.8133594,-1.4133594,-1.7733594,-1.0633594,-0.023359375,-0.5033594,-0.6333594,-1.5833594,-2.1233594,-1.5833594,-1.4533594,-2.0833595,-2.9033594,-1.9333594,-1.8433594,-0.58335936,-0.36335936,-0.52335936,0.43664062,5.4666405,6.0766406,5.2566404,4.6966405,4.5166407,2.8666406,-0.32335937,-0.70335937,-0.25335938
-5.5533595,-4.7833595,-4.1333594,-3.8733594,-4.143359,-4.3133593,-4.5133595,-5.163359,-3.9333594,-3.1333594,-2.1633594,-1.5133594,-0.9833594,-0.4633594,-0.5433594,-0.8033594,-0.6633594,-0.52335936,0.7566406,0.21664062,-0.8133594,-0.5733594,-1.7033594,-1.5433594,-2.3733594,0.29664063,-1.5733594,-0.6333594,-2.2233593,-2.5633593,-2.0033593,-2.0333593,0.21664062,0.8066406,4.0266404,3.3566406,3.4866407,1.8266406,5.4066405,-0.10335937,-1.3333594
-3.3933594,-3.8233595,-3.9233594,-3.8133593,-3.1633594,-3.0433593,-3.1433594,-2.8933594,-2.4533594,-1.6033593,-0.41335937,0.49664062,0.6966406,0.72664064,0.5666406,0.8166406,0.17664063,0.77664065,-0.2733594,0.29664063,1.2266406,1.0266407,0.11664063,0.14664063,1.0766406,0.096640624,0.17664063,0.38664064,-0.5033594,-0.9833594,-1.4433594,-1.6933594,-0.17335938,-1.0033593,1.9366406,0.48664063,2.5666406,1.4166406,2.5766406,2.0566406,2.1866407
-3.0433593,-2.8433595,-2.6733594,-2.4833593,-2.4133594,-2.1833594,-1.7433593,-1.3433594,-0.6333594,-0.22335938,0.39664063,1.2566407,1.8066406,1.4266406,2.0666406,2.1566405,2.6066406,2.3666406,2.0066407,1.8566406,2.7066407,1.8066406,1.2266406,1.5266407,2.5466406,2.1466405,1.1466407,1.3566406,0.29664063,1.8066406,2.0966406,0.7566406,0.85664064,2.3866405,4.6366405,3.3466406,1.8966407,-0.8233594,2.1066406,1.2866406,1.6766406
-1.3933594,-0.9433594,-1.0333594,-0.72335935,-0.5533594,-0.11335938,0.07664063,0.4766406,1.0566406,1.3366406,1.9966407,2.5466406,2.2466407,3.0366406,3.7066407,3.8466406,4.086641,3.9866407,3.9066405,3.4466407,3.9166405,3.2066407,3.2766407,3.9166405,3.6566405,5.0266404,3.4666407,2.3566406,2.7266407,3.6966407,2.8266406,2.4466407,2.2666407,0.9466406,1.4566406,1.4566406,-0.41335937,0.37664062,2.5066407,0.8866406,0.72664064
-0.20335938,0.30664062,0.97664064,1.4966407,1.7566407,2.0466406,2.0366406,1.9666406,2.7766407,3.1066406,3.5166407,4.2766404,3.6466405,4.7866406,5.2066407,4.606641,5.0766406,5.336641,4.586641,5.4766407,5.7466407,5.2866406,5.606641,5.6666408,5.3466406,4.7266407,4.3466406,3.9066405,4.2166405,4.3666406,4.2866406,4.0966406,3.4566407,2.0566406,0.7466406,1.8866407,0.8166406,1.2766407,1.2666407,0.096640624,1.1366407
1.6966406,2.5666406,2.3666406,2.3666406,3.0566406,3.2866406,3.2066407,3.6266406,3.3066406,2.8066406,3.2366407,5.4666405,4.566641,5.0466404,5.6866407,5.7166405,5.7866406,6.0566406,5.336641,6.4166408,6.1566405,6.4466405,6.4066405,6.7566404,6.9766407,7.1966405,6.9866405,7.106641,6.7466407,6.5566406,6.0966406,5.9566407,4.5566406,4.1866407,3.3266406,2.4866407,2.1466405,2.8266406,0.97664064,0.5566406,0.46664062
1.8366406,2.4966407,2.1666405,3.3866405,3.3766406,3.0266407,3.6266406,4.7466407,4.316641,3.5966406,2.3266406,5.3866405,6.8266406,5.4866405,5.7866406,6.7466407,6.4766407,6.0466404,5.0066404,6.1366405,6.1766405,6.6366405,7.0366406,7.086641,7.9566407,7.7366405,7.9866405,8.026641,8.12664,8.04664,7.6566405,7.3466406,6.4366407,5.5466404,5.586641,4.5966406,3.6866407,2.4166405,2.7466407,2.3766406,2.1766405
3.0366406,3.4166405,2.1066406,4.0266404,4.2166405,4.0366406,4.5166407,3.4166405,3.1966407,2.1966407,1.3466406,4.0066404,6.4766407,5.8266406,6.316641,5.356641,6.9166408,5.7266407,4.7766404,5.4166408,7.5566406,7.8666406,9.116641,7.8266406,8.516641,8.386641,7.9266405,7.9866405,7.6866407,7.8466406,7.646641,7.0766406,6.5266404,5.9966407,5.2066407,5.146641,3.9066405,3.8966405,2.1866407,2.3866405,1.3766407
2.6366405,3.1966407,3.8066406,3.7666407,3.9466407,4.106641,4.9166408,4.606641,4.816641,4.336641,2.0766406,6.1166406,5.2266407,5.3866405,7.5266404,7.0466404,7.1966405,7.606641,7.896641,8.00664,7.2966404,7.5966406,7.896641,8.856641,8.49664,8.406641,8.076641,7.8266406,7.6566405,7.6166406,7.3866405,7.4966407,7.0966406,6.6766405,6.4266405,6.2666407,5.5266404,6.0166407,5.606641,5.0766406,0.11664063
