wind_kz.json
{"header": {"discipline":0,"disciplineName":"Meteorological products","gribEdition":2,"gribLength":871,"center":7,"centerName":"US National Weather Service - NCEP(WMC)","subcenter":0,"refTime":"2023-09-30T12:00:00.000Z","significanceOfRT":1,"significanceOfRTName":"Start of forecast","productStatus":0,"productStatusName":"Operational products","productType":1,"productTypeName":"Forecast products","productDefinitionTemplate":0,"productDefinitionTemplateName":"Analysis/forecast at horizontal level/layer at a point in time","parameterCategory":0,"parameterCategoryName":"UnknownDiscipline_0_Category_0","parameterNumber":0,"parameterNumberName":"UnknownParameter_D0_C0_0","parameterUnit":"Unknown","genProcessType":2,"genProcessTypeName":"Forecast","forecastTime":240,"surface1Type":1,"surface1TypeName":"Ground or water surface","surface1Value":0.0,"surface2Type":255,"surface2TypeName":"Missing","surface2Value":0.0,"gridDefinitionTemplate":0,"gridDefinitionTemplateName":"Latitude_Longitude","numberPoints":615,"shape":6,"shapeName":"Earth spherical with radius of 6,371,229.0 m","gridUnits":"degrees","resolution":48,"winds":"true","scanMode":64,"nx":41,"ny":15,"basicAngle":0,"lo1":47.0,"la1":41.0,"lo2":87.0,"la2":55.0,"dx":1.0,"dy":1.0}, "data":
[rows 0 to 14 of 15, columns 0 to 40 of 41]
298.04453,289.64453,296.24454,293.24454,292.94452,292.34454,300.84454,305.24454,301.14453,301.14453,299.54453,299.44452,298.04453,297.34454,296.84454,295.64453,295.74454,295.44452,295.44452,295.84454,296.84454,293.14453,293.64453,290.34454,293.74454,295.84454,291.34454,278.34454,278.04453,276.24454,276.74454,276.54453,285.84454,291.94452,294.04453,294.64453,292.54453,292.84454,293.54453,293.84454,291.34454
278.74454,296.44452,293.34454,292.84454,292.84454,291.34454,303.84454,301.74454,299.34454,298.64453,298.94452,297.04453,297.34454,296.54453,296.24454,295.74454,293.44452,293.44452,292.24454,291.74454,291.84454,291.24454,289.34454,283.64453,273.34454,274.14453,285.04453,279.04453,280.84454,274.24454,281.54453,269.24454,277.74454,256.14453,275.64453,290.34454,288.04453,291.04453,294.14453,286.74454,283.84454
298.54453,292.64453,292.84454,292.24454,290.64453,299.34454,299.94452,299.24454,297.84454,296.54453,296.14453,296.44452,296.84454,296.24454,294.44452,292.44452,291.74454,290.94452,290.44452,290.34454,290.34454,289.44452,289.34454,283.84454,288.74454,286.54453,288.54453,287.94452,286.94452,278.84454,272.14453,275.04453,278.24454,281.14453,283.14453,280.74454,273.74454,276.54453,279.34454,274.24454,272.34454
299.14453,291.74454,292.34454,291.44452,292.54453,298.74454,298.14453,297.04453,297.34454,297.14453,296.04453,294.54453,289.44452,288.74454,292.14453,291.74454,290.74454,290.74454,290.24454,289.84454,288.74454,284.74454,288.24454,288.54453,288.74454,287.94452,287.74454,284.94452,285.34454,285.64453,285.04453,281.04453,287.34454,287.34454,287.94452,284.04453,276.54453,265.84454,277.64453,284.94452,289.44452
298.54453,291.14453,291.34454,290.54453,294.14453,297.74454,298.14453,297.94452,296.84454,295.34454,294.94452,293.64453,288.14453,286.94452,285.64453,290.54453,291.04453,290.34454,289.24454,289.24454,288.84454,288.14453,286.14453,286.14453,286.04453,286.54453,285.04453,285.94452,285.54453,285.04453,286.64453,285.04453,272.64453,269.44452,278.54453,287.24454,289.44452,291.24454,292.94452,292.64453,292.14453
300.94452,298.04453,289.64453,290.34454,290.24454,289.84454,295.94452,296.74454,294.14453,293.64453,293.24454,291.54453,288.14453,287.84454,287.94452,289.24454,289.54453,289.74454,288.44452,289.14453,287.34454,285.94452,284.94452,283.84454,283.94452,283.64453,285.24454,285.94452,285.84454,286.34454,285.24454,285.54453,284.04453,282.74454,283.04453,285.44452,276.24454,279.54453,287.44452,291.14453,287.94452
297.84454,298.14453,298.34454,297.84454,293.94452,294.74454,294.54453,292.84454,292.44452,291.84454,289.94452,287.34454,288.54453,288.44452,289.24454,289.44452,288.74454,288.24454,287.64453,286.04453,285.64453,284.54453,283.94452,282.24454,279.34454,280.74454,281.44452,283.44452,284.24454,284.24454,282.94452,284.04453,285.24454,284.34454,284.14453,283.64453,278.64453,276.64453,275.04453,275.94452,283.64453
292.54453,293.94452,297.74454,296.14453,294.94452,293.84454,295.04453,291.94452,289.64453,289.04453,288.34454,286.44452,288.24454,287.04453,287.34454,287.24454,287.24454,286.64453,286.04453,283.54453,282.44452,281.64453,282.04453,281.24454,279.34454,277.04453,277.84454,279.34454,279.14453,281.44452,280.04453,281.94452,281.54453,280.44452,281.14453,283.04453,282.84454,284.54453,283.24454,283.64453,281.64453
294.94452,290.34454,291.54453,290.54453,289.04453,289.74454,292.14453,292.14453,289.64453,287.74454,286.84454,285.74454,284.44452,285.44452,284.24454,285.34454,284.04453,283.64453,282.84454,282.04453,278.94452,278.94452,279.64453,279.64453,278.14453,278.24454,276.54453,276.54453,276.94452,276.64453,277.14453,278.04453,280.24454,281.24454,282.24454,279.64453,279.84454,279.34454,271.04453,271.24454,273.54453
286.74454,285.34454,284.44452,285.14453,286.94452,289.94452,290.84454,289.84454,288.24454,286.44452,284.44452,283.74454,283.44452,282.54453,281.04453,281.64453,281.84454,280.94452,280.34454,280.44452,278.24454,278.44452,278.94452,279.44452,279.44452,278.64453,278.34454,277.84454,277.44452,278.04453,278.14453,279.34454,281.34454,281.44452,280.94452,281.64453,278.94452,275.24454,270.54453,274.84454,272.54453
284.04453,282.64453,282.74454,283.84454,286.04453,289.04453,288.94452,287.94452,284.84454,283.14453,280.44452,279.74454,281.74454,280.84454,280.54453,281.04453,279.94452,280.64453,280.24454,278.94452,278.64453,278.44452,278.44452,278.94452,278.34454,278.74454,278.14453,279.24454,279.84454,280.64453,280.44452,280.94452,280.24454,281.14453,280.94452,279.94452,274.84454,273.54453,276.74454,275.34454,273.94452
281.54453,282.24454,282.84454,284.04453,285.94452,286.24454,285.44452,284.04453,283.04453,281.94452,279.74454,280.14453,281.54453,281.04453,281.04453,281.44452,280.94452,280.74454,281.04453,280.54453,279.64453,279.14453,279.44452,279.24454,278.44452,279.14453,279.54453,280.24454,281.34454,281.44452,280.24454,279.84454,280.84454,279.34454,279.94452,281.44452,280.94452,280.84454,278.14453,277.74454,275.94452
279.84454,280.84454,282.94452,285.34454,285.24454,284.54453,283.14453,281.44452,282.94452,282.14453,278.04453,277.14453,279.44452,279.04453,279.44452,279.54453,279.64453,279.34454,279.74454,278.54453,278.64453,277.74454,277.24454,277.34454,278.94452,280.24454,281.34454,280.54453,280.94452,280.34454,280.54453,279.54453,279.94452,280.24454,280.34454,280.24454,280.14453,280.54453,279.74454,278.24454,277.24454
279.74454,281.04453,284.04453,283.94452,282.74454,281.74454,282.04453,280.74454,281.94452,281.24454,276.14453,273.44452,277.54453,278.14453,279.14453,279.54453,279.44452,278.64453,277.34454,276.74454,276.44452,276.14453,276.44452,276.64453,277.04453,277.84454,278.24454,280.04453,280.14453,280.34454,279.34454,279.34454,279.14453,278.64453,279.04453,277.84454,277.74454,277.74454,277.64453,276.24454,277.34454
279.74454,280.84454,284.04453,281.14453,281.14453,280.84454,280.64453,279.84454,280.84454,279.84454,278.24454,275.84454,273.64453,275.84454,277.54453,277.94452,277.04453,275.74454,275.84454,273.74454,273.64453,273.64453,274.34454,274.34454,275.04453,275.74454,276.24454,276.94452,278.34454,278.94452,279.24454,281.14453,279.14453,278.64453,278.64453,278.34454,279.04453,277.14453,277.44452,277.44452,277.24454
