wind_kz.json
{"header": {"discipline":0,"disciplineName":"Meteorological products","gribEdition":2,"gribLength":871,"center":7,"centerName":"US National Weather Service - NCEP(WMC)","subcenter":0,"refTime":"2023-09-25T06:00:00.000Z","significanceOfRT":1,"significanceOfRTName":"Start of forecast","productStatus":0,"productStatusName":"Operational products","productType":1,"productTypeName":"Forecast products","productDefinitionTemplate":0,"productDefinitionTemplateName":"Analysis/forecast at horizontal level/layer at a point in time","parameterCategory":0,"parameterCategoryName":"UnknownDiscipline_0_Category_0","parameterNumber":0,"parameterNumberName":"UnknownParameter_D0_C0_0","parameterUnit":"Unknown","genProcessType":2,"genProcessTypeName":"Forecast","forecastTime":300,"surface1Type":1,"surface1TypeName":"Ground or water surface","surface1Value":0.0,"surface2Type":255,"surface2TypeName":"Missing","surface2Value":0.0,"gridDefinitionTemplate":0,"gridDefinitionTemplateName":"Latitude_Longitude","numberPoints":615,"shape":6,"shapeName":"Earth spherical with radius of 6,371,229.0 m","gridUnits":"degrees","resolution":48,"winds":"true","scanMode":64,"nx":41,"ny":15,"basicAngle":0,"lo1":47.0,"la1":41.0,"lo2":87.0,"la2":55.0,"dx":1.0,"dy":1.0}, "data":
[rows 0 to 14 of 15, columns 0 to 40 of 41]
291.99304,282.69305,288.69305,292.59305,292.69305,291.99304,292.49304,292.39304,290.09305,288.59305,288.19305,288.99304,288.99304,289.09305,288.49304,286.09305,286.49304,287.09305,286.39304,286.49304,286.69305,285.49304,284.29303,281.69305,284.79303,286.29303,284.69305,270.29303,270.99304,266.39304,266.49304,272.69305,281.29303,286.79303,287.29303,286.89304,288.19305,288.29303,289.69305,289.99304,289.49304
275.99304,286.29303,292.09305,292.29303,292.29303,291.19305,291.19305,289.99304,288.59305,288.59305,289.89304,288.49304,288.29303,287.79303,286.19305,285.39304,284.79303,285.89304,283.99304,283.09305,283.69305,285.79303,283.09305,279.59305,270.59305,267.39304,279.09305,270.79303,271.69305,268.59305,272.99304,267.29303,272.69305,249.29305,267.59305,283.09305,282.39304,285.49304,288.99304,281.19305,283.69305
289.99304,291.79303,292.39304,291.79303,290.29303,290.69305,290.09305,289.69305,289.19305,288.39304,286.89304,287.19305,286.59305,286.69305,287.39304,285.09305,283.09305,281.99304,282.79303,282.09305,281.59305,284.99304,285.49304,279.19305,279.49304,280.59305,282.79303,281.59305,280.89304,273.09305,257.79303,264.59305,270.59305,270.39304,273.29303,271.69305,258.39304,267.89304,269.49304,267.59305,265.69305
289.49304,290.99304,291.79303,291.09305,290.39304,290.59305,291.09305,289.69305,288.79303,287.59305,286.69305,286.29303,289.89304,289.29303,287.59305,285.29303,286.09305,284.49304,283.89304,283.39304,283.49304,279.09305,282.69305,283.19305,283.39304,283.79303,283.89304,281.59305,281.19305,281.69305,282.29303,279.49304,284.29303,282.49304,280.09305,277.19305,265.19305,258.49304,270.39304,278.49304,281.89304
290.09305,290.19305,290.39304,289.89304,290.09305,292.19305,291.69305,290.89304,289.39304,287.89304,287.19305,285.69305,288.49304,287.49304,286.09305,286.99304,286.39304,285.59305,283.29303,285.19305,284.49304,283.79303,282.09305,282.19305,281.99304,282.19305,279.99304,281.39304,279.19305,281.09305,285.49304,282.19305,270.29303,256.09305,273.39304,282.19305,284.79303,282.89304,283.19305,283.29303,283.59305
289.69305,289.39304,288.99304,289.89304,289.99304,289.69305,290.89304,291.79303,290.09305,289.09305,288.69305,288.09305,288.09305,288.29303,286.89304,285.29303,288.29303,285.49304,285.89304,284.99304,283.79303,283.39304,282.49304,282.59305,281.99304,283.29303,280.19305,285.89304,281.39304,282.89304,282.99304,284.69305,283.39304,281.29303,279.19305,283.69305,271.79303,274.29303,280.79303,283.19305,282.89304
289.19305,288.59305,290.49304,290.49304,289.89304,289.99304,290.89304,290.49304,290.79303,290.59305,288.99304,288.89304,288.49304,288.99304,287.99304,288.29303,287.69305,287.89304,286.39304,285.19305,284.59305,284.99304,285.79303,285.89304,282.89304,282.89304,282.09305,282.69305,283.39304,282.99304,282.29303,282.29303,282.49304,282.89304,281.59305,279.19305,273.39304,271.39304,268.89304,270.09305,281.79303
288.39304,287.39304,289.79303,290.39304,291.29303,291.69305,290.89304,289.89304,288.99304,288.69305,287.99304,288.19305,288.09305,288.99304,289.59305,289.59305,288.59305,287.69305,286.79303,283.79303,284.69305,283.19305,284.59305,283.49304,281.69305,278.29303,277.19305,278.69305,278.39304,280.29303,279.69305,280.19305,278.89304,276.39304,277.09305,277.69305,278.99304,285.19305,279.59305,280.09305,276.29303
289.09305,288.69305,289.19305,288.49304,290.39304,290.49304,289.69305,289.39304,288.29303,287.79303,287.49304,287.09305,287.29303,288.29303,288.19305,289.29303,288.89304,287.99304,286.29303,284.89304,283.39304,283.89304,282.99304,280.29303,278.09305,277.29303,275.99304,275.19305,275.39304,274.79303,275.49304,276.69305,276.59305,277.09305,276.79303,275.49304,276.29303,275.39304,265.99304,262.89304,264.39304
289.09305,290.29303,289.39304,289.69305,289.79303,289.89304,289.29303,288.59305,288.29303,287.59305,286.99304,286.19305,286.99304,286.99304,287.89304,287.59305,287.29303,286.69305,285.99304,285.09305,283.39304,282.49304,280.09305,278.69305,276.99304,275.79303,276.19305,275.99304,274.69305,275.89304,275.69305,276.79303,277.39304,277.49304,277.49304,276.79303,274.69305,272.49304,269.89304,269.29303,268.59305
288.99304,289.69305,289.49304,289.39304,289.09305,288.59305,288.59305,288.59305,287.69305,286.69305,286.29303,286.09305,286.99304,286.19305,286.49304,285.49304,285.99304,283.59305,281.49304,279.29303,278.59305,277.59305,275.79303,274.89304,275.99304,275.89304,273.89304,275.19305,276.19305,277.09305,276.59305,277.29303,276.59305,276.39304,276.69305,275.19305,271.59305,271.19305,272.09305,272.69305,271.19305
286.79303,288.89304,289.29303,288.69305,288.39304,287.59305,286.39304,286.69305,286.79303,285.89304,283.79303,284.29303,284.79303,284.19305,285.19305,283.29303,281.29303,278.49304,277.89304,276.09305,274.49304,273.49304,274.39304,275.19305,273.69305,274.69305,274.99304,275.79303,276.19305,276.59305,276.49304,276.59305,276.39304,275.19305,275.19305,274.99304,275.29303,275.59305,274.89304,275.59305,275.19305
286.49304,286.49304,287.89304,287.29303,288.39304,287.69305,286.09305,285.59305,284.59305,284.79303,283.19305,282.29303,284.09305,281.89304,280.59305,278.89304,277.09305,275.79303,275.29303,273.39304,274.19305,271.19305,273.49304,273.19305,272.49304,274.19305,275.69305,275.19305,275.99304,275.49304,276.59305,276.19305,276.89304,275.89304,275.99304,275.59305,275.19305,275.59305,274.59305,274.59305,273.99304
286.19305,287.19305,285.99304,287.89304,286.59305,286.29303,285.49304,285.49304,285.29303,284.29303,282.99304,282.29303,280.49304,277.69305,276.49304,275.79303,274.49304,273.29303,272.69305,271.39304,270.29303,270.69305,271.59305,271.99304,272.49304,272.49304,272.69305,272.69305,275.29303,275.99304,276.59305,275.79303,275.09305,273.29303,273.69305,273.89304,274.19305,274.49304,275.19305,273.89304,275.79303
287.89304,288.59305,284.79303,287.69305,287.19305,286.29303,286.59305,284.09305,282.89304,284.59305,284.19305,282.69305,281.49304,273.99304,273.19305,273.19305,272.69305,270.99304,270.99304,270.99304,270.59305,270.79303,270.19305,270.39304,270.99304,271.09305,270.49304,270.99304,271.09305,271.19305,271.39304,276.49304,270.89304,270.39304,273.69305,273.59305,273.99304,272.99304,273.99304,273.49304,273.69305
