wind_kz.json
{"header": {"discipline":0,"disciplineName":"Meteorological products","gribEdition":2,"gribLength":1025,"center":7,"centerName":"US National Weather Service - NCEP(WMC)","subcenter":0,"refTime":"2023-10-04T12:00:00.000Z","significanceOfRT":1,"significanceOfRTName":"Start of forecast","productStatus":0,"productStatusName":"Operational products","productType":1,"productTypeName":"Forecast products","productDefinitionTemplate":0,"productDefinitionTemplateName":"Analysis/forecast at horizontal level/layer at a point in time","parameterCategory":2,"parameterCategoryName":"UnknownDiscipline_0_Category_2","parameterNumber":3,"parameterNumberName":"UnknownParameter_D0_C2_3","parameterUnit":"Unknown","genProcessType":2,"genProcessTypeName":"Forecast","forecastTime":180,"surface1Type":103,"surface1TypeName":"Specified height level above ground","surface1Value":10.0,"surface2Type":255,"surface2TypeName":"Missing","surface2Value":0.0,"gridDefinitionTemplate":0,"gridDefinitionTemplateName":"Latitude_Longitude","numberPoints":615,"shape":6,"shapeName":"Earth spherical with radius of 6,371,229.0 m","gridUnits":"degrees","resolution":48,"winds":"true","scanMode":64,"nx":41,"ny":15,"basicAngle":0,"lo1":47.0,"la1":41.0,"lo2":87.0,"la2":55.0,"dx":1.0,"dy":1.0}, "data":
[rows 0 to 14 of 15, columns 0 to 40 of 41]
-0.35368103,-1.693681,-0.66368103,-1.8736811,-2.843681,-0.38368103,-1.193681,-1.213681,-1.043681,-0.64368105,-2.653681,-2.763681,-3.883681,-4.363681,-5.343681,-5.723681,-6.103681,-5.243681,-5.383681,-4.333681,-3.783681,-4.373681,-0.623681,0.29631898,-0.793681,-0.693681,-0.993681,1.6463189,1.366319,0.96631896,0.14631897,-2.173681,0.636319,-2.013681,-2.403681,-1.833681,-0.84368104,-0.46368104,-0.63368106,0.58631897,2.066319
5.0763187,1.846319,0.626319,-0.76368105,0.59631896,-0.08368103,-1.7336811,0.576319,-0.28368104,-0.853681,-1.783681,-2.723681,-2.933681,-3.083681,-4.4236813,-4.993681,-4.623681,-4.933681,-7.213681,-6.263681,-6.073681,-5.523681,-2.8136811,2.496319,0.896319,1.046319,-1.323681,2.256319,0.516319,2.506319,3.756319,4.406319,0.33631897,-1.413681,-2.783681,-1.2336811,0.36631897,-1.2436811,1.596319,-0.91368103,0.73631895
1.2563189,4.526319,2.026319,0.46631896,0.25631896,-1.213681,-1.443681,-2.013681,-1.1236811,-1.703681,-1.7536811,-1.833681,-2.983681,-3.083681,-3.0636811,-3.703681,-3.493681,-4.243681,-4.953681,-5.883681,-6.213681,-4.613681,0.03631897,0.15631896,1.586319,0.17631897,-1.773681,1.466319,0.34631896,1.476319,0.65631896,1.166319,2.4463189,-1.263681,-0.41368103,3.376319,4.706319,1.3763189,1.336319,-0.97368103,0.0063189697
1.2563189,4.0763187,2.826319,1.656319,-0.48368102,-0.76368105,-0.503681,-0.78368104,-1.153681,-1.263681,-1.633681,-3.2936811,-3.323681,-4.303681,-2.633681,-3.5436811,-4.263681,-4.553681,-4.163681,-5.493681,-5.793681,-2.323681,-5.473681,-3.783681,-3.993681,-4.633681,-6.933681,1.046319,1.316319,2.9463189,3.906319,-1.093681,-1.7536811,-0.30368102,-0.543681,-3.0636811,-0.873681,2.836319,3.586319,0.706319,1.236319
2.666319,5.506319,4.3263187,2.806319,2.556319,1.156319,0.23631898,-0.19368103,0.10631897,-0.52368104,-0.943681,-2.273681,-4.543681,-2.693681,-2.0636811,-2.613681,-3.413681,-3.933681,-4.813681,-6.013681,-5.273681,-3.723681,-3.273681,-4.733681,-0.10368103,-0.13368103,-3.413681,-4.333681,0.896319,2.756319,3.846319,1.966319,2.466319,1.966319,-0.70368105,-2.493681,0.36631897,-0.95368105,-1.163681,1.436319,0.85631895
2.326319,1.3963189,6.046319,4.696319,2.6863189,2.036319,1.706319,-1.223681,1.866319,0.03631897,-1.093681,-2.403681,-3.923681,-3.003681,-1.263681,-3.203681,-3.003681,-3.473681,-5.633681,-6.083681,-4.433681,-6.4436812,-5.553681,-6.113681,-4.913681,1.556319,0.516319,-3.513681,-5.583681,0.44631898,4.296319,3.086319,2.896319,1.866319,2.1963189,8.556319,3.036319,4.846319,-0.853681,-1.943681,0.16631897
3.6963189,3.536319,3.076319,2.426319,0.936319,2.2063189,0.816319,1.176319,-0.36368102,0.61631894,-0.51368105,-0.64368105,-1.783681,-2.373681,-1.8736811,-2.503681,-2.7936811,-1.953681,-3.713681,-5.293681,-6.143681,-6.403681,-7.793681,-6.723681,-6.873681,-3.7936811,0.24631897,5.506319,4.116319,3.786319,3.816319,2.546319,1.066319,2.866319,0.27631897,-0.813681,-3.013681,1.326319,1.946319,0.92631894,2.896319
4.506319,4.336319,3.776319,3.286319,3.166319,2.776319,2.006319,1.676319,1.6263189,1.796319,1.466319,0.696319,-0.25368103,-1.083681,-1.8736811,-2.223681,-2.963681,-3.413681,-2.393681,-3.103681,-3.953681,-5.903681,-6.553681,-8.043681,-6.513681,-5.563681,-2.863681,-2.713681,4.3063188,2.426319,2.256319,3.246319,2.916319,4.0763187,1.9963189,-0.04368103,1.066319,3.386319,-1.133681,-0.553681,-2.103681
5.186319,5.516319,4.786319,4.3063188,3.6863189,3.606319,3.056319,2.656319,1.6263189,2.716319,2.486319,2.046319,0.766319,-0.38368103,-1.043681,-1.573681,-1.673681,-2.253681,-2.273681,-2.283681,-2.093681,-3.893681,-5.013681,-7.133681,-7.373681,-7.003681,-3.953681,-1.703681,1.8763189,1.936319,3.2063189,4.706319,4.886319,5.0563188,3.296319,4.176319,-0.863681,3.266319,2.9563189,2.246319,0.19631897
6.256319,2.346319,4.656319,4.166319,4.046319,3.506319,2.586319,2.486319,2.316319,2.816319,2.296319,2.126319,1.7563189,0.746319,0.77631897,0.31631896,0.01631897,-0.733681,-1.463681,-2.003681,-2.183681,-2.433681,-2.853681,-3.183681,-5.763681,-6.273681,-6.503681,-4.973681,-3.483681,3.546319,-0.793681,-0.14368103,5.166319,6.166319,6.376319,3.816319,1.576319,-1.143681,1.0163189,4.746319,3.6863189
5.216319,5.236319,4.396319,3.2063189,3.556319,3.606319,3.286319,2.606319,1.936319,2.306319,2.896319,2.476319,1.286319,1.616319,0.886319,0.636319,0.956319,1.436319,0.686319,-0.51368105,-1.263681,-1.803681,-2.583681,-3.143681,-2.0636811,-3.673681,-5.253681,-6.223681,-6.593681,-4.6736813,-4.1936812,-3.5536811,0.37631896,5.0563188,6.876319,2.726319,1.936319,2.9463189,2.486319,1.926319,0.816319
4.686319,4.016319,3.976319,4.456319,4.166319,3.4363189,2.556319,2.396319,1.816319,1.616319,2.176319,1.0163189,0.53631896,0.45631897,0.576319,0.73631895,0.706319,1.296319,2.136319,1.566319,0.806319,-0.673681,-1.543681,-1.963681,-2.193681,-3.383681,-1.8736811,-4.633681,-4.983681,-5.963681,-4.463681,-4.803681,-3.703681,3.736319,5.136319,5.516319,4.356319,3.666319,2.9363189,2.626319,1.046319
4.746319,4.516319,5.746319,4.3263187,4.276319,2.326319,2.4463189,3.046319,2.9363189,2.296319,1.456319,1.056319,1.1263189,0.98631895,0.59631896,0.03631897,0.27631897,0.84631896,1.026319,1.3763189,2.086319,1.676319,0.92631894,-0.40368104,-1.163681,-1.5036811,-1.9936811,-1.6136811,-3.893681,-4.913681,-5.323681,-4.403681,-3.953681,-4.853681,2.976319,3.176319,4.166319,2.346319,3.796319,2.576319,0.97631896
5.356319,5.666319,5.416319,5.166319,3.146319,3.796319,3.216319,3.756319,2.9563189,3.056319,2.216319,1.046319,0.90631896,1.106319,0.41631898,0.30631897,0.576319,0.58631897,0.60631895,0.886319,1.1263189,1.736319,1.466319,0.516319,-0.41368103,-0.89368105,-1.6136811,-1.2536811,0.20631897,-2.8036811,-4.213681,-5.343681,-4.533681,-4.073681,-1.713681,0.706319,2.426319,3.2063189,2.4563189,2.556319,2.246319
4.636319,5.796319,8.116319,5.666319,5.416319,3.916319,4.166319,3.486319,3.346319,2.676319,1.9963189,2.356319,1.786319,0.956319,1.086319,1.036319,1.106319,0.626319,0.516319,0.696319,0.20631897,0.746319,1.196319,1.076319,0.53631896,-0.13368103,-0.47368103,-1.333681,-1.333681,0.18631896,-1.183681,-3.983681,-4.333681,-4.133681,-3.003681,0.44631898,1.606319,2.546319,3.826319,4.446319,1.166319
