wind_kz.json
{"header": {"discipline":0,"disciplineName":"Meteorological products","gribEdition":2,"gribLength":1025,"center":7,"centerName":"US National Weather Service - NCEP(WMC)","subcenter":0,"refTime":"2023-08-18T06:00:00.000Z","significanceOfRT":1,"significanceOfRTName":"Start of forecast","productStatus":0,"productStatusName":"Operational products","productType":1,"productTypeName":"Forecast products","productDefinitionTemplate":0,"productDefinitionTemplateName":"Analysis/forecast at horizontal level/layer at a point in time","parameterCategory":2,"parameterCategoryName":"UnknownDiscipline_0_Category_2","parameterNumber":2,"parameterNumberName":"UnknownParameter_D0_C2_2","parameterUnit":"Unknown","genProcessType":2,"genProcessTypeName":"Forecast","forecastTime":60,"surface1Type":103,"surface1TypeName":"Specified height level above ground","surface1Value":10.0,"surface2Type":255,"surface2TypeName":"Missing","surface2Value":0.0,"gridDefinitionTemplate":0,"gridDefinitionTemplateName":"Latitude_Longitude","numberPoints":615,"shape":6,"shapeName":"Earth spherical with radius of 6,371,229.0 m","gridUnits":"degrees","resolution":48,"winds":"true","scanMode":64,"nx":41,"ny":15,"basicAngle":0,"lo1":47.0,"la1":41.0,"lo2":87.0,"la2":55.0,"dx":1.0,"dy":1.0}, "data":
[rows 0 to 14 of 15, columns 0 to 40 of 41]
-5.427626,0.012373657,2.5823736,3.0223737,4.9423738,6.052374,5.7823734,6.7323737,7.342374,8.592374,5.0623736,3.8223736,0.7123737,11.572373,3.1823738,0.11237366,0.022373658,-3.5576262,-5.4576263,-3.2676263,-1.6176263,0.43237364,-0.74762636,-1.0476264,1.3023736,-2.8676264,-2.8776264,0.122373655,-0.14762634,0.62237364,-1.5676264,1.4423736,0.61237365,1.8123736,-5.1676264,-4.9676266,-4.7176266,-3.6876264,-2.7576263,-2.3876264,-2.2776263
1.5023737,2.4023736,3.2323737,3.2323737,5.862374,6.2623734,7.1823735,4.342374,3.7423737,-6.8576264,4.2623734,2.2223737,5.132374,2.7823737,4.7423735,2.5423737,-3.1376264,-5.1076264,-4.827626,-4.5476265,-1.2976264,-1.0576264,0.8323737,-2.7076263,0.46237364,1.1423737,-1.3776263,0.5223737,-4.5376263,-2.0076263,-0.07762634,-0.31762636,0.9023737,-1.7376263,0.022373658,0.37237367,-0.49762633,-0.047626343,-0.18762635,1.0423737,-1.4576263
0.91237366,1.6323737,0.6523737,2.2123737,3.8323736,-0.38762635,-4.0076265,1.0223737,1.9723736,-3.4876263,2.2423737,-3.9676263,2.2823737,0.29237366,2.1023736,1.6023736,-7.7476263,-3.7276263,-5.7376266,-4.407626,-2.0476263,-0.31762636,-2.6276264,-5.6676264,-0.30762634,-3.2276263,-1.5976263,0.56237364,-3.2076263,-0.64762634,-1.3676263,1.9323736,-0.057626344,-0.17762634,1.1723737,-1.4376264,0.10237366,0.84237367,1.9223737,2.3623736,1.1123737
-2.0576262,-0.21762635,0.39237365,1.9523736,-1.2076263,-0.17762634,2.1523736,-1.0176263,0.14237365,-2.5876265,0.87237364,1.5823736,1.1823736,2.1523736,-4.0076265,-5.6476264,-2.3776264,-6.0376263,-4.5576262,-3.1976264,-1.7676263,-1.6176263,0.5223737,-3.6976264,-5.1876264,-5.5376263,-5.0376263,-7.9676266,-4.7276263,-2.2676263,-0.49762633,-0.94762635,1.8223736,1.9623736,-2.5076263,-1.4276264,-1.3976264,2.4123735,0.6523737,-0.19762634,-1.7776264
-0.5976263,1.2423737,2.5423737,2.9523737,2.6923738,2.5923736,1.4223737,-1.1476264,3.0023737,0.46237364,2.0223737,3.5923736,4.2023735,-2.4176264,-2.1176264,-4.947626,-1.8476263,-2.9276264,-2.2776263,-2.0976264,-2.2476263,-3.2176263,-3.8176262,-4.2476263,-4.6076264,-4.3176265,-4.9376264,-3.6576264,-3.9476264,-3.9476264,-2.5276263,-2.2276263,-2.2276263,1.8123736,1.3123736,1.7623737,1.2723737,-0.9876263,-1.9276264,-3.0676262,-4.6876264
-0.15762635,2.3223736,4.0323734,5.4423738,4.6923738,3.4023736,2.5723736,-1.8976264,-0.5476263,-5.1876264,-0.20762634,-2.4276264,-3.5476263,-4.2076263,-4.2276263,-2.0276263,2.3023736,-1.0576264,-0.83762634,2.4423738,-2.0076263,-1.7476263,-2.1376264,-2.6376264,-2.7676263,-3.0476263,-1.9176264,-1.5176263,-2.1176264,-0.61762637,-0.7376263,0.8923737,-0.19762634,-0.76762635,0.29237366,-1.4576263,0.29237366,0.6423737,4.4923735,-3.2076263,-2.6676264
-0.11762634,3.7823737,2.9023736,5.572374,-0.89762634,0.79237366,-1.7176263,-2.5076263,-0.58762634,-2.4976263,-0.6776264,-1.2076263,-1.7376263,-2.5476263,-0.14762634,2.8123736,1.0423737,1.3523736,2.5823736,1.3223736,-0.56762636,0.23237365,1.1823736,0.33237365,0.81237364,0.62237364,0.7123737,2.6223736,2.9323738,3.1823738,3.4823737,0.40237367,-0.38762635,-2.1176264,-2.5176263,-2.1676264,-1.3876263,2.1923738,-1.1976264,1.5523736,0.97237366
-1.8976264,-0.6076263,0.94237363,-1.7276263,0.7723737,-1.4376264,-4.347626,-2.1676264,1.7623737,-2.9876263,-1.1676264,-1.8876263,-0.03762634,1.5123737,2.4923737,1.8823737,-1.4176264,0.54237366,2.2623737,2.7023737,1.5823736,2.6423736,-1.4776263,2.6523736,1.4823737,0.50237364,1.6923736,-0.5976263,0.80237365,2.7323737,1.6723737,1.6523737,-2.6176264,-1.6376263,-2.0076263,0.33237365,3.2823737,3.5223737,2.5623736,2.9523737,0.9023737
-2.6376264,-2.0076263,-1.0576264,-2.0876265,-0.9876263,-2.4176264,-1.5976263,-1.2576263,-0.9776263,-0.9176263,1.5523736,-1.2876264,1.3823737,-0.20762634,-3.6776264,-2.8676264,-3.0176263,-3.6876264,-3.6476264,-3.7676263,-4.3976264,-3.2976263,-4.8976264,-2.2876263,-1.5776263,-3.7776263,-2.6776264,-2.8176262,-1.4476264,0.84237367,0.75237364,-0.23762634,0.6523737,0.33237365,0.41237366,-0.41762635,0.86237365,-1.8276263,-0.7876263,0.62237364,-1.1876264
0.29237366,-0.88762635,-2.1376264,-1.6376263,-4.0876265,-4.577626,-3.9076264,-3.4876263,-2.2676263,-1.2576263,-1.0076263,-0.83762634,1.6323737,0.20237365,-0.44762635,-1.2776264,-4.8076262,-0.93762636,-1.9976263,-3.0376263,-2.9576263,-2.5276263,-3.4876263,-3.5676262,-4.6676264,-3.8476264,-2.5976264,-0.39762634,-2.2676263,-1.7776264,1.7823737,1.2123736,-0.65762633,0.38237366,-1.2976264,-0.52762634,-1.7276263,0.23237365,-1.6076263,0.27237365,-0.32762635
1.2423737,-2.7476263,-0.9176263,-1.4076264,-2.9476264,-3.2576263,-2.6576264,-1.4176264,-1.4076264,-0.44762635,1.5523736,2.4123735,-0.46762633,-4.9776263,-4.657626,-3.1976264,0.18237366,0.31237367,-1.3376263,-1.7476263,-2.2976263,-5.367626,-4.3376265,-3.5476263,-1.7176263,-0.25762635,-0.63762635,-1.6276263,-1.8176264,0.78237367,-2.4976263,1.4623736,-2.9776263,-1.4076264,-1.3276263,-1.5076263,-1.5176263,0.23237365,-0.42762634,1.3923737,-1.2676263
0.40237367,-1.4876263,-2.9976263,-1.9076264,-1.4976263,-2.1276264,-1.3776263,-0.51762635,-0.27762634,-0.76762635,-1.5276264,-2.4776263,-3.7676263,-4.0876265,-2.7976263,-2.4076264,-3.8476264,-3.5976264,-3.4976263,-2.2276263,-4.157626,-3.8976264,-3.2176263,-2.5176263,-2.6676264,-1.7776264,-2.3176262,-0.9876263,-1.4476264,-1.9776263,-0.39762634,-2.8176262,-0.64762634,-1.2276263,-1.4176264,-2.0976264,-0.99762636,0.80237365,0.25237367,-0.30762634,-0.34762633
-0.29762635,-2.7076263,-1.7476263,-1.3376263,0.33237365,-1.5776263,-2.1576264,-1.6576264,-1.4976263,0.20237365,-0.30762634,-0.56762636,-1.5376264,-2.7376263,-1.4776263,-1.5376264,-1.9876263,-2.5276263,-2.1576264,-1.7376263,-2.3976264,-2.3276262,-1.5876263,-1.1076263,0.20237365,-0.95762634,-0.34762633,-2.1676264,-3.1276264,-2.4076264,-2.5676262,-1.3076264,-2.2076263,-1.0976263,-0.74762636,-1.7176263,-0.99762636,-0.99762636,-2.4376264,-0.40762633,-0.10762634
0.46237364,0.22237366,-2.2576263,-0.81762636,-0.17762634,-1.3276263,-1.4576263,-0.88762635,0.69237363,0.61237365,0.37237367,-0.10762634,-0.48762634,-0.82762635,0.42237365,0.15237366,0.7623737,1.2123736,-2.2676263,-2.5476263,-2.3276262,-1.9476264,0.56237364,0.66237366,1.2323737,-2.0976264,-1.8476263,-2.5376263,-2.5276263,-2.4376264,-1.3276263,-0.5476263,-1.3576263,-1.2876264,-0.34762633,-0.70762634,0.122373655,0.16237366,0.092373654,-0.24762635,-0.32762635
-0.50762635,-2.7076263,-3.1876264,-1.1276263,-0.88762635,-0.32762635,-0.83762634,-1.7476263,0.36237365,-0.16762634,0.16237366,0.022373658,-0.35762635,0.8223736,1.7723737,1.6723737,0.032373656,-3.2376263,-2.0676262,-2.9176264,-2.1176264,-1.8176264,-2.9976263,-3.3076262,-3.2476263,-2.5776262,-2.7476263,-2.9676263,-2.6976264,-1.9676263,-1.1476264,-1.0676264,-2.0276263,-0.64762634,-0.12762634,0.0023736572,-0.9276264,0.42237365,1.6723737,-1.2276263,-0.62762636
