wind_kz.json
{"header": {"discipline":0,"disciplineName":"Meteorological products","gribEdition":2,"gribLength":948,"center":7,"centerName":"US National Weather Service - NCEP(WMC)","subcenter":0,"refTime":"2023-08-18T12:00:00.000Z","significanceOfRT":1,"significanceOfRTName":"Start of forecast","productStatus":0,"productStatusName":"Operational products","productType":1,"productTypeName":"Forecast products","productDefinitionTemplate":0,"productDefinitionTemplateName":"Analysis/forecast at horizontal level/layer at a point in time","parameterCategory":0,"parameterCategoryName":"UnknownDiscipline_0_Category_0","parameterNumber":0,"parameterNumberName":"UnknownParameter_D0_C0_0","parameterUnit":"Unknown","genProcessType":2,"genProcessTypeName":"Forecast","forecastTime":120,"surface1Type":1,"surface1TypeName":"Ground or water surface","surface1Value":0.0,"surface2Type":255,"surface2TypeName":"Missing","surface2Value":0.0,"gridDefinitionTemplate":0,"gridDefinitionTemplateName":"Latitude_Longitude","numberPoints":615,"shape":6,"shapeName":"Earth spherical with radius of 6,371,229.0 m","gridUnits":"degrees","resolution":48,"winds":"true","scanMode":64,"nx":41,"ny":15,"basicAngle":0,"lo1":47.0,"la1":41.0,"lo2":87.0,"la2":55.0,"dx":1.0,"dy":1.0}, "data":
[rows 0 to 14 of 15, columns 0 to 40 of 41]
318.56454,298.66455,306.86456,299.76456,299.66455,298.26456,310.66455,320.86456,320.76456,325.46454,322.26456,323.36456,322.76456,320.76456,319.86456,318.26456,318.06454,317.46454,318.06454,317.36456,318.66455,314.56454,313.56454,309.36456,311.86456,314.46454,309.96454,294.16455,292.06454,290.66455,289.66455,291.36456,300.66455,308.96454,309.16455,307.66455,307.66455,307.16455,306.06454,303.86456,305.16455
292.26456,309.56454,299.46454,299.66455,299.56454,298.06454,321.56454,322.96454,321.36456,322.66455,322.76456,320.56454,320.16455,319.16455,319.56454,318.36456,318.46454,318.36456,317.96454,319.06454,318.66455,315.96454,313.86456,303.66455,294.16455,289.76456,303.16455,293.36456,295.46454,285.66455,290.26456,282.76456,292.46454,265.26456,288.16455,305.56454,303.46454,304.06454,306.36456,295.36456,284.16455
314.76456,300.26456,300.16455,299.46454,297.96454,316.96454,319.66455,320.96454,319.46454,320.16455,319.36456,319.56454,317.96454,313.96454,318.96454,317.96454,318.66455,317.06454,317.26456,317.56454,319.96454,317.66455,316.76456,310.26456,313.46454,311.86456,311.96454,311.16455,309.86456,296.66455,285.16455,287.16455,296.46454,294.66455,297.96454,296.66455,285.76456,287.06454,287.66455,282.56454,275.96454
316.36456,300.26456,299.56454,298.86456,302.16455,317.56454,320.26456,319.96454,320.26456,319.06454,318.86456,316.76456,297.46454,298.06454,315.56454,314.26456,319.36456,317.96454,317.96454,316.66455,314.16455,311.06454,315.26456,314.66455,314.56454,314.26456,314.46454,312.26456,310.56454,310.86456,310.46454,305.76456,310.46454,309.76456,308.16455,301.86456,285.86456,282.26456,285.96454,299.56454,301.06454
317.36456,300.56454,300.06454,299.56454,307.06454,316.56454,316.06454,321.76456,319.46454,318.66455,318.16455,316.66455,297.06454,295.96454,293.26456,315.46454,316.06454,308.36456,315.26456,315.66455,315.86456,316.36456,314.56454,314.36456,313.76456,314.66455,312.76456,304.86456,313.66455,310.36456,312.66455,308.66455,294.06454,284.46454,294.56454,305.36456,304.46454,311.46454,310.36456,308.06454,305.86456
316.16455,314.36456,299.26456,299.36456,299.86456,299.36456,317.56454,317.26456,317.46454,318.06454,315.96454,317.56454,299.06454,296.06454,304.66455,312.96454,317.06454,313.76456,318.46454,313.56454,314.86456,313.56454,313.66455,311.86456,312.56454,309.96454,308.26456,294.46454,310.96454,311.76456,310.06454,309.76456,307.26456,306.56454,303.46454,302.66455,296.26456,298.66455,307.06454,307.76456,305.46454
313.26456,313.46454,315.36456,316.46454,310.86456,312.16455,318.66455,316.96454,316.36456,315.96454,316.86456,316.26456,315.16455,315.36456,312.06454,314.06454,316.16455,316.46454,316.16455,313.26456,312.96454,312.56454,311.66455,312.06454,309.46454,309.66455,309.46454,308.96454,310.26456,311.96454,311.26456,309.56454,309.06454,308.56454,306.16455,304.16455,296.96454,290.46454,287.96454,285.56454,299.76456
311.96454,312.26456,312.46454,312.96454,315.06454,312.96454,308.16455,313.56454,311.16455,311.26456,311.76456,310.56454,314.36456,315.06454,315.86456,310.36456,316.56454,315.76456,314.66455,311.96454,309.96454,310.46454,302.06454,310.06454,308.36456,305.66455,305.46454,308.16455,306.66455,308.66455,307.56454,306.66455,305.46454,300.96454,301.26456,303.26456,304.46454,290.26456,302.16455,303.66455,298.36456
309.66455,309.46454,310.36456,309.56454,310.56454,311.26456,311.16455,310.46454,302.06454,306.66455,306.86456,303.86456,304.46454,313.56454,313.76456,315.26456,314.66455,313.96454,312.96454,311.86456,309.56454,305.86456,305.56454,305.56454,303.26456,305.86456,303.56454,299.46454,301.86456,299.96454,301.56454,302.96454,302.56454,302.66455,301.76456,297.36456,298.26456,298.16455,286.46454,284.26456,285.06454
307.36456,307.26456,307.66455,307.56454,307.76456,308.26456,307.46454,300.36456,308.66455,306.86456,303.86456,301.16455,310.06454,304.96454,308.46454,311.16455,311.76456,313.06454,305.36456,310.36456,308.76456,308.96454,308.66455,306.36456,306.36456,304.76456,303.46454,304.56454,300.46454,302.96454,302.66455,305.26456,305.66455,304.46454,302.66455,300.36456,296.76456,286.56454,289.06454,285.96454,282.46454
301.86456,301.86456,302.66455,303.46454,304.36456,304.36456,304.86456,304.86456,303.36456,304.16455,295.06454,292.96454,306.96454,301.46454,307.16455,303.76456,302.96454,309.26456,309.86456,305.36456,308.46454,307.46454,306.66455,306.16455,308.16455,306.36456,304.66455,300.36456,303.06454,307.26456,306.36456,305.56454,303.96454,302.06454,300.16455,297.96454,292.86456,283.46454,286.06454,290.76456,283.16455
293.86456,295.36456,294.76456,295.16455,298.86456,298.96454,299.26456,301.16455,299.46454,297.06454,300.76456,299.96454,301.36456,301.16455,304.06454,301.56454,303.26456,305.06454,302.56454,304.86456,304.26456,304.06454,302.06454,305.26456,305.86456,305.76456,306.26456,306.16455,306.16455,304.56454,301.46454,302.26456,300.66455,298.16455,297.96454,297.26456,296.16455,296.06454,294.16455,296.46454,295.66455
288.76456,289.26456,291.06454,291.36456,292.66455,292.66455,292.16455,292.16455,297.76456,298.86456,292.76456,294.36456,298.56454,294.36456,298.76456,299.46454,299.46454,302.76456,303.46454,303.06454,302.26456,302.26456,302.66455,301.96454,304.86456,305.66455,307.86456,304.96454,304.26456,302.46454,302.16455,300.46454,299.76456,298.86456,297.66455,295.36456,294.86456,295.56454,294.86456,296.16455,295.26456
285.56454,285.06454,289.16455,286.06454,285.76456,286.66455,286.46454,286.26456,288.76456,293.06454,289.06454,289.66455,293.06454,291.26456,290.36456,295.06454,297.46454,298.96454,300.26456,296.76456,301.96454,297.06454,299.06454,303.96454,300.26456,305.56454,305.76456,302.36456,301.36456,299.86456,299.46454,298.46454,297.46454,296.26456,293.26456,293.26456,294.56454,295.06454,295.26456,295.06454,295.06454
283.26456,284.56454,291.36456,283.06454,282.86456,283.46454,282.96454,284.06454,285.36456,287.26456,288.56454,287.36456,286.36456,285.36456,287.06454,290.06454,295.36456,296.86456,299.16455,297.26456,297.46454,295.86456,292.36456,297.36456,301.06454,292.36456,303.36456,303.06454,300.46454,299.46454,295.06454,292.36456,296.66455,295.76456,294.16455,294.86456,294.86456,296.66455,295.36456,295.56454,295.66455
