wind_kz.json
{"header": {"discipline":0,"disciplineName":"Meteorological products","gribEdition":2,"gribLength":1025,"center":7,"centerName":"US National Weather Service - NCEP(WMC)","subcenter":0,"refTime":"2024-02-02T00:00:00.000Z","significanceOfRT":1,"significanceOfRTName":"Start of forecast","productStatus":0,"productStatusName":"Operational products","productType":1,"productTypeName":"Forecast products","productDefinitionTemplate":0,"productDefinitionTemplateName":"Analysis/forecast at horizontal level/layer at a point in time","parameterCategory":2,"parameterCategoryName":"UnknownDiscipline_0_Category_2","parameterNumber":3,"parameterNumberName":"UnknownParameter_D0_C2_3","parameterUnit":"Unknown","genProcessType":2,"genProcessTypeName":"Forecast","forecastTime":60,"surface1Type":103,"surface1TypeName":"Specified height level above ground","surface1Value":10.0,"surface2Type":255,"surface2TypeName":"Missing","surface2Value":0.0,"gridDefinitionTemplate":0,"gridDefinitionTemplateName":"Latitude_Longitude","numberPoints":615,"shape":6,"shapeName":"Earth spherical with radius of 6,371,229.0 m","gridUnits":"degrees","resolution":48,"winds":"true","scanMode":64,"nx":41,"ny":15,"basicAngle":0,"lo1":47.0,"la1":41.0,"lo2":87.0,"la2":55.0,"dx":1.0,"dy":1.0}, "data":
[rows 0 to 14 of 15, columns 0 to 40 of 41]
-6.7641015,0.86589843,-1.7141016,-2.9741015,3.6658983,10.195898,7.4458985,5.2358985,3.9058983,3.9058983,3.9158983,3.6958985,2.4858985,1.9458984,2.4858985,2.6458983,2.8658984,2.9658985,2.4958985,2.5658984,-2.9041016,2.3458984,-0.14410156,0.18589844,1.2058984,0.45589843,0.19589844,0.045898438,0.84589845,0.38589844,-3.1241016,-3.7341015,0.095898435,1.2258984,0.13589844,1.9158984,1.6858984,1.5158985,0.5558984,-0.58410156,-2.2441015
2.4258986,-1.0841016,-2.1841016,-4.1241016,3.9358985,8.815899,7.6158986,5.6558986,4.6358986,4.535898,3.8358984,2.8158984,3.8758984,2.6858985,1.9758984,1.9958985,1.8158984,-1.2141016,-0.37410155,3.0858984,3.3558984,-1.7441015,0.96589845,2.3258984,1.1458985,-0.20410156,-2.9841015,1.1758984,0.095898435,-1.0941015,2.0158985,-0.6241016,-2.4141016,-2.9641016,-4.5941014,-1.7241015,-1.7741016,-0.53410155,-0.72410154,-2.0241015,-0.54410154
1.4758984,3.4258986,1.2658985,0.83589846,1.5558984,3.1258984,4.5058985,4.4858985,4.9358983,4.5258985,4.1358986,2.5758984,1.0858984,2.0958984,2.0258985,2.3458984,2.7358985,1.9258984,2.5058985,2.8158984,1.8058984,1.9358984,2.3058984,0.92589843,-1.3641015,0.38589844,-0.24410157,0.13589844,-1.0141015,1.5158985,0.05589844,-0.8141016,0.28589845,-1.4141016,-1.0241016,1.1358985,0.71589845,-1.1641016,0.36589843,-2.2241015,-2.7141016
5.515898,8.075898,6.1558986,6.9558983,4.4658985,5.5958986,5.7058983,6.0658984,3.9958985,2.2358985,2.6858985,3.5658984,5.1258984,4.1258984,3.1758986,2.9958985,2.5258985,2.2758985,2.1758986,2.8558984,3.2758985,3.8858984,1.1258985,0.17589843,-0.24410157,0.44589844,2.1458983,1.9858985,3.6558983,1.5358984,2.2758985,-0.6841016,-0.21410157,-0.43410155,-1.3941016,-3.1441016,-2.0341015,1.5458984,2.7658985,1.9158984,2.0858984
4.9658985,5.5758986,4.9158983,6.2158985,5.0058985,4.8658986,5.535898,4.6958985,3.9658985,3.6658983,4.0558987,4.2458982,4.9258986,4.7958984,3.8958983,3.6158984,2.5958984,2.4358985,2.5458984,3.2958984,3.3458984,-0.33410156,0.24589844,1.1558985,0.6358984,-0.84410155,2.1258984,1.7058984,1.3158984,2.2858984,3.4258986,0.38589844,2.5358984,1.1658984,-1.2141016,-1.1041015,-1.4441016,-1.5741016,-0.6941016,-0.23410156,-0.44410157
7.6658983,7.1658983,7.9658985,6.5958986,5.9058986,6.8958983,6.285898,6.4158983,5.4358983,4.9358983,4.8658986,4.6758986,5.9458985,6.5058985,3.6158984,3.4658985,2.5058985,2.1958985,2.0458984,3.0058985,3.5058985,2.5258985,2.3658984,1.3058984,1.0458984,1.4458984,0.07589844,-0.32410157,0.72589844,1.4458984,1.3958985,0.46589842,1.3058984,1.9958985,2.3958983,5.6758986,3.4558985,2.6558983,0.30589843,-1.8841015,-0.17410156
7.5658984,8.435899,9.505898,9.445898,7.8358984,7.535898,8.125898,6.3358984,6.1658983,6.2358985,5.9458985,5.6658983,5.4058986,4.6658983,3.2958984,3.8658984,3.7058985,2.6458983,1.7858984,2.2358985,2.3858984,2.0358984,3.2258985,3.1358984,2.7858984,1.8858985,0.6358984,0.96589845,-0.014101562,1.3258984,1.1358985,-0.0041015623,-1.4941015,0.8158984,-0.47410157,-1.2541015,-3.5441015,-0.42410156,-1.1041015,-2.4441016,1.8058984
5.8258986,8.135899,9.735898,10.085898,8.505898,8.915898,9.085898,8.135899,8.335898,7.9658985,7.6258984,7.3458986,5.7958984,5.765898,4.9258986,4.5658984,3.9358985,3.3258984,3.1758986,3.2158985,1.4258984,2.6358984,2.8258984,3.8158984,4.0958986,3.6758986,3.8158984,1.0358984,1.1858984,1.3058984,0.96589845,1.8558984,-0.30410156,0.13589844,0.95589846,0.5058984,-0.47410157,0.035898436,-0.85410154,-0.8741016,-1.2241015
4.5858984,5.5958986,7.2158985,8.525898,8.875898,8.695898,8.895899,8.785898,8.885899,8.7158985,8.335898,7.9458985,6.785898,6.7958984,5.9358983,5.6458983,5.4458985,4.6858983,4.3958983,3.7458985,3.2558985,1.9658984,3.5358984,3.6058984,4.8058987,4.9058986,4.1458983,3.3158984,4.6058984,3.0358984,5.6558986,7.4158983,7.5058985,6.285898,3.4258986,3.9958985,-1.9841015,1.0358984,1.6158985,0.77589846,-2.8241014
3.9758985,4.7258983,5.515898,6.6058984,7.6158986,8.155898,8.705898,8.795898,7.7958984,7.4758983,7.7258983,7.1958985,6.265898,5.9358983,6.1658983,6.1458983,5.9258986,5.2758985,4.6558986,4.0558987,4.2358985,3.2958984,2.5358984,2.8158984,4.4258986,4.8958983,5.4558983,4.7258983,4.4258986,4.4658985,5.5258985,5.6758986,7.1958985,5.2258983,6.1658983,2.0458984,1.6658984,-1.3841015,1.0558984,4.4258986,3.6458983
3.2458985,4.5758986,5.3558984,6.1358986,6.8058987,8.135899,8.515899,7.765898,7.265898,6.6958985,6.3658986,5.1158986,5.1958985,5.6758986,5.7558985,5.9558983,6.4358983,6.1658983,5.5758986,5.1758986,5.4158983,4.0058985,2.8758984,2.4358985,2.5658984,4.8558984,4.4358983,5.5058985,5.3658986,3.5658984,4.4758983,4.3458986,4.7958984,5.9658985,7.6758986,6.5058985,3.1258984,3.0158985,2.4958985,1.5158985,0.38589844
4.3158984,4.8958983,5.7058983,6.7458982,6.8858986,6.9358983,6.2558985,6.7058983,5.8058987,4.5858984,4.4958982,4.2558985,4.8658986,5.3558984,5.0258985,5.9658985,6.3858986,6.1958985,6.5458984,5.9858985,5.5558987,4.9158983,4.0858984,3.6358984,3.5058985,3.0858984,4.3958983,5.3858986,5.7058983,5.3758984,4.9258986,6.3858986,5.4958982,6.3758984,6.2758985,7.5858984,5.7058983,2.9458985,2.2658985,2.0758984,0.92589843
4.3658986,4.6858983,5.3758984,5.8458986,5.7958984,4.5458984,5.6258984,5.6458983,6.6458983,4.6558986,3.3358984,2.9958985,4.3958983,4.9358983,5.4158983,4.8558984,5.5658984,5.7958984,6.6658983,6.035898,6.3858986,5.8458986,4.9758983,4.5858984,4.1258984,3.7758985,3.7458985,5.4858985,5.4158983,5.3858986,6.3058987,6.7758985,6.765898,6.9258986,6.765898,6.8058987,5.9558983,3.4058983,3.8458984,2.5258985,1.2758985
5.3758984,5.6058984,5.8458986,5.2258983,5.2458982,4.4158983,4.6558986,5.3858986,4.0658984,5.3458986,3.0858984,1.7358985,2.9258986,3.7758985,4.4858985,4.6158986,5.2958984,5.4458985,5.5758986,5.8358984,5.6158986,5.4358983,4.7458982,4.2958984,3.7158985,3.0658984,2.7258985,3.8958983,5.7158985,6.1758986,6.3558984,6.6958985,6.765898,6.5558987,5.3358984,5.6958985,4.4558983,4.515898,4.4058986,4.2058983,4.7158985
3.7058985,5.4758983,5.5658984,5.0258985,4.7358985,3.9158983,4.1458983,4.2058983,4.2358985,4.6058984,3.4358985,3.0058985,1.9358984,1.4458984,3.5558984,2.7658985,3.8358984,4.3558984,5.1458983,5.0258985,5.0058985,5.1558986,4.9958982,4.9658985,4.8558984,4.2258983,3.6958985,4.1258984,5.7358985,6.2258983,6.5058985,6.4058986,5.4158983,5.1258984,4.7158985,4.5258985,4.7758985,3.9858985,3.3358984,3.9558985,3.2858984
