wind_kz.json
[{"header":{"discipline":0,"disciplineName":"Meteorological products","gribEdition":2,"gribLength":871,"center":7,"centerName":"US National Weather Service - NCEP(WMC)","subcenter":0,"refTime":"2023-09-26T00:00:00.000Z","significanceOfRT":1,"significanceOfRTName":"Start of forecast","productStatus":0,"productStatusName":"Operational products","productType":1,"productTypeName":"Forecast products","productDefinitionTemplate":0,"productDefinitionTemplateName":"Analysis/forecast at horizontal level/layer at a point in time","parameterCategory":0,"parameterCategoryName":"UnknownDiscipline_0_Category_0","parameterNumber":0,"parameterNumberName":"UnknownParameter_D0_C0_0","parameterUnit":"Unknown","genProcessType":2,"genProcessTypeName":"Forecast","forecastTime":0,"surface1Type":1,"surface1TypeName":"Ground or water surface","surface1Value":0.0,"surface2Type":255,"surface2TypeName":"Missing","surface2Value":0.0,"gridDefinitionTemplate":0,"gridDefinitionTemplateName":"Latitude_Longitude","numberPoints":615,"shape":6,"shapeName":"Earth spherical with radius of 6,371,229.0 m","gridUnits":"degrees","resolution":48,"winds":"true","scanMode":64,"nx":41,"ny":15,"basicAngle":0,"lo1":47.0,"la1":41.0,"lo2":87.0,"la2":55.0,"dx":1.0,"dy":1.0},"data":[291.5,282.5,284.7,294.2,294.2,293.2,293.1,291.5,289.3,287.1,287.3,288.3,288.2,287.9,287.8,287.2,287.8,287.2,284.9,286.4,288.2,283.3,283.0,280.6,282.7,286.0,283.7,272.2,269.3,270.7,269.7,271.5,279.9,285.3,286.3,286.8,285.5,286.0,286.3,285.5,283.9,275.8,287.7,293.5,294.0,293.8,292.6,290.1,288.1,286.6,286.7,288.0,287.4,287.2,286.5,286.3,286.6,284.8,285.3,284.9,284.5,284.5,286.0,285.2,279.4,270.5,271.4,278.8,269.0,271.2,265.6,272.6,260.4,273.6,250.0,271.2,283.3,281.0,283.3,285.9,278.3,283.6,288.2,293.5,293.9,293.3,291.7,290.3,288.4,287.5,285.9,285.8,285.6,287.1,286.8,287.2,288.2,287.0,285.3,283.9,285.3,284.4,285.7,288.2,287.2,280.1,280.8,280.7,281.3,280.8,280.2,273.8,266.7,269.4,273.5,273.0,275.2,275.2,270.0,269.6,269.6,265.4,261.3,289.3,292.7,293.5,292.7,291.4,288.8,288.9,286.8,286.7,286.4,286.4,286.8,291.8,291.1,288.5,287.0,287.4,286.2,285.6,284.8,287.6,280.8,284.5,285.6,285.7,285.5,285.4,284.5,281.1,281.4,282.2,279.9,283.9,282.0,280.1,278.2,267.5,262.4,271.7,277.5,280.3,289.3,292.4,293.2,292.6,291.2,288.9,289.2,287.9,287.3,287.1,286.7,286.3,290.7,289.6,288.0,287.8,287.8,287.2,286.1,287.5,287.5,286.8,285.4,285.3,285.2,285.3,283.3,285.3,283.1,283.1,284.8,280.9,272.2,262.3,273.1,280.4,285.7,283.7,284.1,283.6,283.0,288.6,287.7,291.9,292.9,292.9,292.5,288.4,289.3,287.6,287.3,287.8,287.5,289.8,290.7,288.7,287.2,288.4,287.2,287.3,287.4,286.6,285.9,285.5,285.3,284.6,283.0,283.5,289.2,284.8,285.0,281.9,284.0,281.9,279.6,279.3,283.3,274.8,274.9,281.2,281.4,282.1,288.4,288.0,290.0,290.0,289.7,288.1,288.8,288.1,288.4,288.4,286.9,286.7,286.5,286.4,286.2,287.5,287.3,287.4,286.9,286.3,285.3,285.5,285.7,285.5,283.8,283.7,282.8,287.5,288.8,288.9,287.7,284.4,284.5,282.7,280.4,278.2,274.5,275.7,272.7,270.6,279.0,288.7,287.9,287.6,289.2,290.1,290.1,289.4,288.1,286.7,286.7,286.3,286.1,285.4,286.4,286.8,287.2,286.8,287.3,286.6,284.8,284.2,284.2,284.5,284.1,282.2,280.7,283.6,285.5,284.4,285.8,285.1,284.7,282.7,280.3,276.9,280.1,283.5,287.6,279.1,278.9,275.4,292.4,288.2,288.8,288.2,289.7,289.3,287.7,292.3,291.2,290.8,291.3,290.6,289.7,289.9,286.0,286.8,285.8,285.2,285.4,284.6,282.6,282.6,287.2,284.4,285.2,285.7,283.8,282.0,281.9,281.6,280.1,282.2,282.4,282.6,282.7,281.8,280.8,280.0,272.3,269.0,267.2,292.3,292.8,293.0,292.2,291.9,292.2,291.7,292.5,291.7,290.3,290.6,290.3,291.0,290.5,285.4,285.9,286.0,285.6,285.4,283.9,283.9,283.1,287.6,283.9,283.8,282.3,282.3,282.0,281.5,281.5,281.1,282.8,284.5,284.8,282.5,280.0,277.5,273.5,273.0,269.8,268.1,288.7,289.0,293.0,292.3,289.5,288.2,288.2,291.7,291.5,291.0,289.6,286.2,289.9,286.5,284.4,285.5,287.8,290.2,287.1,285.3,284.8,284.5,284.4,283.7,283.2,282.7,281.6,282.8,283.0,285.9,285.7,284.5,284.4,281.9,280.6,278.2,273.5,271.9,272.7,270.6,269.5,286.8,287.5,288.0,287.3,286.3,286.0,285.5,284.8,285.7,285.9,286.3,285.7,286.3,284.8,285.4,285.9,285.7,286.0,284.7,285.3,284.3,284.2,283.6,283.3,282.9,283.7,282.7,283.5,283.8,285.5,285.7,284.1,281.8,280.0,278.0,276.3,273.1,270.5,273.1,274.6,272.2,286.9,285.9,287.0,285.7,286.1,285.6,284.1,282.5,282.4,282.8,282.4,281.1,284.5,284.3,284.6,284.8,284.9,284.7,285.2,284.8,284.2,283.1,282.9,282.5,284.2,283.8,284.1,283.8,283.6,285.1,284.1,282.3,280.4,278.6,276.1,273.3,271.9,274.6,275.6,275.8,275.1,287.1,287.8,287.3,287.6,287.6,287.2,286.5,285.5,284.7,283.8,282.1,279.8,280.9,283.5,284.5,284.6,284.5,284.2,284.5,284.9,284.8,284.6,284.9,284.7,285.0,283.9,282.9,282.7,282.8,284.2,282.5,280.4,278.9,274.7,272.7,270.9,271.3,271.6,271.2,273.4,274.5,282.7,283.8,286.7,283.8,284.3,285.5,287.1,284.6,285.6,287.0,284.0,284.0,282.1,281.7,283.3,284.0,283.8,283.9,283.8,284.1,284.2,284.2,284.6,284.4,284.1,282.8,281.6,281.6,282.6,282.6,281.7,280.8,276.5,273.3,271.4,271.1,271.0,270.9,270.8,271.0,271.8]},{"header":{"discipline":0,"disciplineName":"Meteorological products","gribEdition":2,"gribLength":1025,"center":7,"centerName":"US National Weather Service - NCEP(WMC)","subcenter":0,"refTime":"2023-09-26T00:00:00.000Z","significanceOfRT":1,"significanceOfRTName":"Start of forecast","productStatus":0,"productStatusName":"Operational products","productType":1,"productTypeName":"Forecast products","productDefinitionTemplate":0,"productDefinitionTemplateName":"Analysis/forecast at horizontal level/layer at a point in time","parameterCategory":2,"parameterCategoryName":"UnknownDiscipline_0_Category_2","parameterNumber":2,"parameterNumberName":"UnknownParameter_D0_C2_2","parameterUnit":"Unknown","genProcessType":2,"genProcessTypeName":"Forecast","forecastTime":0,"surface1Type":103,"surface1TypeName":"Specified height level above ground","surface1Value":10.0,"surface2Type":255,"surface2TypeName":"Missing","surface2Value":0.0,"gridDefinitionTemplate":0,"gridDefinitionTemplateName":"Latitude_Longitude","numberPoints":615,"shape":6,"shapeName":"Earth spherical with radius of 6,371,229.0 m","gridUnits":"degrees","resolution":48,"winds":"true","scanMode":64,"nx":41,"ny":15,"basicAngle":0,"lo1":47.0,"la1":41.0,"lo2":87.0,"la2":55.0,"dx":1.0,"dy":1.0},"data":[0.27087158,-1.0491284,1.6508716,1.6508716,-5.6091285,-5.909128,-4.4891286,-4.389128,-6.3091283,-1.3991284,-0.83912843,-1.2291284,-0.14912842,0.47087157,0.8208716,-0.11912842,-0.70912844,0.9308716,-1.5791284,-1.1291285,-2.2791283,-0.11912842,-0.6991284,-1.6491284,-0.3691284,-1.6191285,-2.5991285,-0.52912843,-0.08912842,-0.109128416,-0.9491284,0.85087156,0.9008716,-1.4591284,-3.2791283,-2.9491284,-2.4391284,-1.5191284,-1.5691284,-1.7991284,-0.9791284,-0.43912843,0.27087158,0.27087158,-3.5591285,-5.639128,-6.6691284,-4.0391283,-5.119128,-3.6091285,-1.8491284,-0.6991284,-1.9191284,-1.2891284,-1.4891285,-1.0591284,-1.4291284,-2.4191284,-2.3691285,-2.6591284,-3.7491283,-3.6791284,-2.4791284,-0.079128414,-2.0191283,-0.009128418,1.0608716,-0.9491284,1.7908716,-2.8491285,-1.8091284,-0.08912842,-0.51912844,0.98087156,-2.5091283,0.91087157,-0.52912843,-0.21912841,-0.82912844,-2.7291284,2.8308716,2.6108716,-1.5591284,-2.8191285,-2.3791285,-4.9691286,-5.1091285,-5.139128,-4.0091286,-3.1891284,-4.2691283,-2.7991285,-0.9491284,-2.4291284,-2.1791284,-2.8691285,-2.8891284,-3.4791284,-4.7291284,-2.4791284,-1.3991284,-0.89912844,-3.3791285,-7.2891283,-5.1891284,-4.5191283,0.5608716,-2.0291283,0.5708716,0.4408716,-0.6291284,-0.96912843,-1.1891284,1.9608716,-0.43912843,-0.58912843,0.23087159,-0.12912841,0.7708716,0.4108716,8.71582E-4,2.0608716,2.4208715,-3.2591283,-3.1791284,-5.0091286,-6.7591286,-5.3391285,-3.6291285,-2.3391285,-3.8291285,-3.1591284,-2.6191285,-2.7591283,-2.9291284,-4.6091285,-5.389128,-3.7891283,-3.7791283,-4.0791283,-3.4091284,-3.0191283,-3.4691284,-4.5191283,-3.9291284,-1.7091284,-4.4291286,-4.8491282,-4.8991284,-4.5091286,-7.2291284,-3.6591284,-0.9891284,0.17087159,-2.0591285,-1.7491285,-2.8991284,-1.9091284,-1.6691284,-1.7691284,3.0308716,0.4408716,0.6908716,0.6308716,-3.5191283,-6.4791284,-7.2391286,-6.5891285,-5.0591283,-3.9691284,-3.6291285,-2.5691285,-3.5691285,-3.2591283,-3.1591284,-3.1291285,-4.5491285,-4.7491283,-4.2791286,-3.5591285,-3.8891284,-3.6791284,-3.4591284,-5.3291283,-6.4191284,-5.2891283,-4.6791286,-4.2191286,-4.2591286,-4.0291286,-4.3091283,-3.5291283,-2.9491284,-2.4891284,-2.5091283,-1.2891284,-1.3391284,1.9408716,0.040871583,1.5808716,4.0108714,2.6408715,3.4908717,2.8708715,1.0708716,-3.5291283,-3.0491285,-5.6991286,-5.2991285,-4.7491283,-5.2191286,-3.7591283,-3.3691285,-3.0791285,-2.5391283,-3.2491283,-3.4291284,-2.9491284,-4.2991285,-3.7691283,-2.6891284,-3.2291284,-3.5391283,-4.1891284,-3.3491285,-4.2891283,-3.6891284,-3.4591284,-3.7891283,-3.6991284,-3.4691284,-1.9491284,-2.7191284,-0.2991284,-0.13912842,0.31087157,-0.44912842,-0.7391284,0.020871582,0.3808716,-1.0891284,2.6908715,4.340872,8.400871,1.4108716,1.5008715,-3.1891284,-2.7591283,-2.8491285,-3.1691284,-3.3191285,-3.3091285,-3.2191284,-3.0491285,-3.1991284,-2.7891283,-2.8091285,-2.7591283,-2.4191284,-2.2391284,-2.0291283,-2.1991284,-2.6491284,-2.4791284,-3.3491285,-3.6391284,-2.8891284,-3.2391284,-3.2991285,-3.0691285,-2.2891283,-1.4391284,-0.27912843,0.5908716,1.0008715,0.36087158,0.73087156,0.2908716,1.0208716,0.40087157,0.3208716,0.4408716,-0.22912842,1.0308716,2.7108717,0.5708716,2.2408717,-0.5591284,-2.9391284,-3.3391285,-2.8891284,-3.2491283,-2.6291285,-1.9091284,-1.7491285,-1.1391284,-0.5391284,-0.6991284,-0.23912841,-0.3091284,-0.76912844,-0.76912844,-1.4191284,-1.9991285,-2.2991285,-2.7191284,-3.7191284,-2.2091284,-1.5691284,-1.2091284,-1.3891284,-0.41912842,-0.16912842,1.0008715,1.4608716,1.2508715,2.0308716,1.6608716,2.8408716,1.9008716,2.4408715,2.1108716,8.1608715,7.3508716,11.430872,-4.9791284,-6.909128,-2.4491284,-2.2091284,-1.7991284,-2.2291284,-2.3491285,-1.8191284,-1.2391285,-1.1391284,-0.15912841,-0.14912842,0.20087159,-0.06912842,1.7808716,2.9708717,2.9808717,2.1108716,1.5108715,0.30087158,-1.2791284,-1.9591284,-1.9491284,-1.4791284,0.4208716,1.2608715,1.1808716,1.2108716,1.5008715,1.4008716,1.7908716,2.5008717,2.0108716,2.9908717,3.5908716,3.7808716,3.9008715,5.4508715,4.3508716,4.130872,1.1308715,3.0208716,-0.27912843,-0.3991284,-1.6391284,-1.3491284,-0.46912843,1.7408715,2.2908716,1.6308715,2.5008717,1.6108716,1.8908715,2.3708715,2.0008717,2.2408717,2.0208716,1.6308715,1.1908716,2.0108716,2.0708716,1.9708716,2.2108717,1.7208716,2.2808716,2.8808715,2.6908715,2.0608716,2.3808715,2.4708717,2.8108716,2.9108715,3.0408716,4.0808716,3.4308715,4.7408714,3.4408715,1.8108716,-2.6891284,-1.3291284,1.1108716,0.17087159,0.47087157,1.4508716,-0.3091284,-1.1091285,-0.9291284,0.31087157,-0.63912845,-0.3091284,-0.6591284,0.43087158,1.0408716,0.5508716,1.5908716,1.7708716,1.3508716,1.7908716,1.5908716,2.1108716,2.8108716,2.5808716,3.0308716,2.2808716,3.0908716,3.0708716,2.6808715,2.8508716,2.3008716,2.5408716,2.8508716,2.6708715,3.7208717,4.2508717,5.3508716,3.9108715,8.71582E-4,-4.2191286,-4.8091283,-3.3291285,-0.31912842,-0.51912844,0.4508716,-0.5091284,-0.46912843,-0.96912843,-0.13912842,-0.7491284,0.6408716,0.4408716,1.9108716,1.2808716,0.8208716,0.7108716,1.7708716,1.1708716,0.7608716,2.7808716,2.3608716,1.3208716,2.0608716,2.6708715,3.2508717,3.8008716,1.7108716,2.6108716,2.3608716,3.1108716,2.7008715,2.4608717,3.0508716,3.2908716,2.8308716,3.6908715,3.8708715,3.0808716,-3.1891284,-5.369128,-4.2991285,-3.7191284,-2.9491284,-3.2791283,-2.6291285,-0.8791284,0.21087158,-0.18912841,0.39087158,-0.109128416,0.4508716,-0.57912844,0.30087158,0.070871584,-1.0791284,0.5208716,0.8208716,1.8208716,0.91087157,0.5008716,1.1208715,2.2308717,3.3508716,2.5008717,2.3008716,1.6608716,2.4408715,2.2108717,3.0808716,2.4208715,2.3308716,2.8008716,2.5608716,3.8308716,3.2108717,3.3508716,2.5608716,0.73087156,-3.9291284,-5.3191285,-5.1791286,-4.909128,-3.5791285,-3.3691285,-2.5091283,-1.7291284,-0.06912842,-1.4091284,-2.1091285,-0.7991284,0.030871581,0.24087158,1.0808716,1.2108716,2.3608716,2.0708716,0.8208716,0.9408716,1.1308715,0.97087157,0.66087157,0.61087155,1.9308716,2.1008716,3.4108715,3.1808715,3.0208716,2.7108717,2.3708715,3.2108717,3.2908716,3.2808716,3.9108715,3.8908715,3.4408715,2.4008715,1.1108716,0.9308716,-2.5191283,-4.2791286,-3.9091284,-4.0491285,-3.6391284,-2.8391285,-2.1591284,-2.2891283,-1.3491284,-1.0891284,-1.5491284,-1.5991284,-0.9491284,0.47087157,0.7508716,1.5308716,1.3708715,1.6208715,1.1408715,1.1908716,1.3508716,2.9208715,2.7008715,0.8408716,1.7508715,1.5008715,1.6908716,3.4108715,3.4308715,3.4408715,3.6608715,2.9408715,3.5908716,3.3908715,3.5208716,3.3608716,3.3108716,2.8008716,2.4208715,1.3208716,-0.21912841,-2.4891284,-3.4891284,-4.2591286,-4.4591284,-3.6091285,-2.7191284,-2.4891284,-2.3291285,-1.3991284,-1.3591285,-0.6991284,-1.5591284,-0.77912843]},{"header":{"discipline":0,"disciplineName":"Meteorological products","gribEdition":2,"gribLength":1025,"center":7,"centerName":"US National Weather Service - NCEP(WMC)","subcenter":0,"refTime":"2023-09-26T00:00:00.000Z","significanceOfRT":1,"significanceOfRTName":"Start of forecast","productStatus":0,"productStatusName":"Operational products","productType":1,"productTypeName":"Forecast products","productDefinitionTemplate":0,"productDefinitionTemplateName":"Analysis/forecast at horizontal level/layer at a point in time","parameterCategory":2,"parameterCategoryName":"UnknownDiscipline_0_Category_2","parameterNumber":3,"parameterNumberName":"UnknownParameter_D0_C2_3","parameterUnit":"Unknown","genProcessType":2,"genProcessTypeName":"Forecast","forecastTime":0,"surface1Type":103,"surface1TypeName":"Specified height level above ground","surface1Value":10.0,"surface2Type":255,"surface2TypeName":"Missing","surface2Value":0.0,"gridDefinitionTemplate":0,"gridDefinitionTemplateName":"Latitude_Longitude","numberPoints":615,"shape":6,"shapeName":"Earth spherical with radius of 6,371,229.0 m","gridUnits":"degrees","resolution":48,"winds":"true","scanMode":64,"nx":41,"ny":15,"basicAngle":0,"lo1":47.0,"la1":41.0,"lo2":87.0,"la2":55.0,"dx":1.0,"dy":1.0},"data":[-1.7564306,-1.7164307,0.19356933,-6.036431,0.09356934,-0.33643067,-0.9364307,-0.66643065,-3.2864306,-2.8864307,-4.0264306,-3.7364306,-4.1364307,-3.1964307,-2.4064307,-2.7764306,-3.7264307,-2.0464306,-3.1764307,-1.3464307,-1.0364307,1.2835693,0.14356934,-0.6964307,-0.8864307,-1.3164307,-1.2764306,0.53356934,0.8735693,2.9435694,0.41356933,0.28356934,0.49356934,-0.15643066,-1.5364307,0.23356934,-0.036430664,2.6535692,3.1535692,3.4635694,2.7935693,-0.86643064,0.6035693,-2.7764306,-3.7564306,1.6735693,-0.036430664,-2.8064306,-0.7064307,-1.8464307,-2.8764307,-3.9864306,-4.8164306,-4.3564305,-3.3764307,-4.4564304,-3.5064306,-0.39643067,-2.6964307,-3.8464308,-2.7064307,-1.9164307,-2.5764306,1.5835693,1.0535693,-1.0964307,-1.3264307,-3.9464307,1.0235693,-0.066430666,-0.066430666,3.1535692,3.8335693,0.71356934,-2.2664306,-1.8364307,0.053569335,0.113569334,-0.43643066,0.8135693,1.1335694,-1.3164307,1.6135694,-0.34643066,-2.1464307,-0.12643066,0.40356934,0.103569336,-1.1364306,-2.4064307,-2.1064308,-4.016431,-4.576431,-3.6564307,-4.0864305,-4.1164308,-4.3364305,-4.1764307,-2.1964307,-2.9064307,-3.3764307,-3.0264306,-2.5364306,-3.9864306,-4.6664305,-1.4064307,-0.72643065,0.08356933,-0.98643064,0.90356934,-0.60643065,0.49356934,2.9535694,1.4435693,1.4935694,-0.5764307,-0.6464307,1.7535694,1.8135693,0.78356934,0.35356933,-0.66643065,0.13356933,-0.52643067,-0.9464307,-0.97643065,0.91356933,-0.65643066,-0.5664307,0.5535693,-1.1564307,-1.3264307,-2.7564306,-3.5264306,-4.4264307,-5.4464307,-5.4664307,-4.2764306,-4.2564306,-3.6864307,-3.5764306,-4.1364307,-4.536431,-2.6564307,-3.1464307,1.3935694,-1.7064307,-2.2864306,-2.7264307,-2.8064306,-1.7364306,0.19356933,-1.6464306,-2.2664306,0.12356934,-1.4464307,-0.8164307,-0.17643066,-1.9564307,-0.54643065,3.1535692,2.0535693,0.94356936,-0.28643066,-2.2064307,-1.8364307,-0.83643067,-1.4464307,-0.9464307,-1.1664307,0.073569335,-0.016430665,-0.92643064,-2.2664306,-3.2164307,-3.5264306,-4.5664306,-5.1764307,-4.9164305,-3.6264307,-3.7264307,-3.4964306,-3.5064306,-3.6564307,-2.8864307,-1.5764307,-1.8664306,-1.9664307,-2.2964306,-2.5264306,-2.3864307,-1.3964306,-1.0764307,-1.7664306,-1.8264307,-0.30643067,1.0335693,1.4835694,-0.65643066,-0.7064307,0.32356933,0.44356933,1.2635694,1.7935693,3.1035693,-1.7564306,-2.0464306,-1.9464307,-1.1764307,-0.67643064,-0.7564307,-0.30643067,-0.99643064,-1.2864307,-1.9064307,-2.3764307,-3.0564306,-4.536431,-5.3364305,-3.9464307,-3.5164306,-2.6564307,-2.5164306,-2.6764307,-2.0964308,-2.4564307,-1.3864306,-0.48643067,-0.65643066,-1.5864307,-2.4064307,-3.0164306,-3.2564306,-2.1364307,-1.5564307,-1.0564307,0.6035693,-0.11643066,-0.066430666,1.6735693,-2.1264307,0.8535693,-1.7364306,-3.1264307,-0.6464307,4.8335695,-0.38643065,-1.2364306,-0.8864307,-1.4564307,-1.0764307,-1.0664307,-1.2464306,-1.3764306,-1.5964307,-1.5864307,-1.9164307,-1.7364306,-2.5964308,-3.0164306,-2.8064306,-3.3664308,-2.7964306,-1.4464307,-1.6164306,-1.8964306,-2.2964306,-1.8264307,-1.2664306,-0.61643064,-0.90643066,-1.6764307,-2.4764307,-2.5364306,-1.6264306,-1.7864307,-1.9464307,-3.1364307,-2.5964308,0.25356933,-0.40643066,-1.0064306,-0.84643066,0.7935693,-1.5364307,-2.1964307,1.9735694,-0.67643064,-1.0764307,-0.7564307,-0.67643064,-1.1964307,-1.4664307,-1.6364306,-0.9564307,-0.79643065,-0.67643064,-0.8764307,-1.5864307,-1.4864306,-1.8764306,-2.1064308,-2.1164308,-2.1164308,-2.1964307,-0.91643065,0.96356934,-1.4764307,-2.5164306,-2.4764307,-1.5064306,-1.0764307,-1.3664306,-2.1064308,-2.7364306,-2.2664306,-1.4564307,0.18356934,-0.14643067,-1.2064307,0.7335693,2.6735694,1.8135693,0.13356933,0.50356936,-1.2464306,-1.1264306,-1.0664307,1.3035693,0.15356934,-0.18643066,-0.60643065,-1.2564306,-1.6964307,-0.92643064,-1.4664307,-1.0864307,-2.7064307,-2.2364306,0.27356935,-0.6864307,0.8035693,-0.55643064,-1.5564307,-1.1364306,0.06356934,-0.21643066,-0.18643066,-1.0464307,-2.0164306,-2.0364306,-1.9364307,-0.8964307,-1.5564307,-0.15643066,-0.7664307,-1.3864306,-1.4064307,-2.5064306,-2.3064306,-0.27643067,-0.6964307,-0.91643065,-1.6964307,-1.7364306,0.6835693,-0.8864307,2.5235693,1.5035694,-0.39643067,-0.99643064,1.0535693,-0.17643066,-0.55643064,-0.86643064,-1.5564307,-2.0464306,-1.9564307,-0.9564307,-0.43643066,-1.8164307,-2.3564308,-1.0764307,0.48356932,-0.78643066,-0.006430664,0.5435693,1.1735693,0.003569336,-0.8164307,-1.0964307,-1.6064306,-2.1264307,-1.5064306,-1.0664307,-1.2264307,-1.0864307,-1.0164306,-0.45643067,0.34356934,-1.3964306,-2.1264307,-2.7764306,-2.0064306,-2.5564306,-1.4564307,-0.59643066,0.5435693,0.50356936,0.43356934,-1.8764306,-1.6664307,-0.24643067,-0.78643066,-1.4864306,-0.9564307,-1.7364306,-1.8964306,-1.6164306,-1.9064307,-0.25643066,-0.5064307,-2.9664307,-1.9664307,-1.1964307,-0.49643067,-0.91643065,-0.30643067,2.2935693,0.91356933,-0.18643066,-0.52643067,-1.9864306,-2.1264307,-1.9864306,-1.0564307,-0.5664307,-1.3864306,-0.8264307,0.103569336,-1.4164307,-2.4264307,-0.73643064,-1.3864306,-2.5364306,-2.9764307,-1.3964306,-1.6864307,-1.9764307,-1.4564307,-0.6464307,-2.5864305,-3.0264306,-2.9664307,-2.4564307,-1.7164307,-0.9464307,-1.5664307,-1.8264307,-2.3164306,-1.5064306,0.013569336,-0.85643065,-1.2264307,-1.4664307,-2.4864306,-1.1864307,-0.34643066,-0.33643067,0.70356935,0.7435693,1.1235694,-0.96643066,-1.8164307,-1.6764307,-1.4964306,-1.9164307,-0.58643067,-1.0964307,-1.5264306,-1.9564307,-0.98643064,-0.09643067,0.24356933,0.30356935,-0.8764307,-1.9164307,-1.2464306,0.89356935,0.15356934,-0.91643065,0.25356933,-2.0064306,-1.4764307,-2.2864306,-2.0264306,-2.7664306,-1.6964307,-1.8264307,-0.8764307,-1.4464307,-0.8164307,0.053569335,-0.29643068,-0.16643067,-0.6464307,-1.2864307,-1.8664306,0.20356934,-0.49643067,0.013569336,0.48356932,1.4535693,1.0835693,0.70356935,-0.29643068,-1.7564306,-1.2664306,-1.5964307,-2.5764306,-2.6164308,-0.44643065,1.5935693,2.4235694,0.82356936,0.26356933,-0.47643065,-0.86643064,-1.7364306,-1.5264306,-2.2664306,-0.77643067,0.13356933,-1.6864307,-2.2464306,-2.6464307,-2.6664307,-2.1064308,-1.1164306,-0.37643066,-1.5864307,-0.83643067,-1.3964306,0.84356934,0.50356936,-0.28643066,-0.036430664,-0.15643066,0.30356935,-0.5664307,-0.14643067,0.37356934,0.39356935,0.22356933,0.8735693,0.71356934,-0.17643066,-0.60643065,-1.3164307,-2.0464306,-1.3764306,0.023569336,1.8035693,2.4035692,2.2735693,1.8635694,0.9835693,0.16356933,-1.1864307,-1.8664306,-1.9464307,-1.7264307,-0.066430666,0.30356935,-1.6264306,-2.6164308,-3.1764307,-2.2064307,-2.6164308,-2.8264306,-2.4864306,-1.8264307,-1.5564307,-0.92643064,1.0535693,1.2435694,1.8735694,-0.39643067,-0.8864307,-0.53643066,-0.43643066,-0.066430666,0.69356936,0.21356934,0.23356934,0.06356934,0.073569335,-0.20643066,-0.24643067,-0.44643065,-0.48643067,0.71356934,2.3635693,2.8435693,3.7235694,2.9535694,1.8135693,1.3935694,1.1135694,-0.5664307,-1.6064306,-1.8164307,-1.3064307,-1.0164306,-0.19643067]}]