wind_kz.json
{"header": {"discipline":0,"disciplineName":"Meteorological products","gribEdition":2,"gribLength":871,"center":7,"centerName":"US National Weather Service - NCEP(WMC)","subcenter":0,"refTime":"2023-09-22T18:00:00.000Z","significanceOfRT":1,"significanceOfRTName":"Start of forecast","productStatus":0,"productStatusName":"Operational products","productType":1,"productTypeName":"Forecast products","productDefinitionTemplate":0,"productDefinitionTemplateName":"Analysis/forecast at horizontal level/layer at a point in time","parameterCategory":0,"parameterCategoryName":"UnknownDiscipline_0_Category_0","parameterNumber":0,"parameterNumberName":"UnknownParameter_D0_C0_0","parameterUnit":"Unknown","genProcessType":2,"genProcessTypeName":"Forecast","forecastTime":300,"surface1Type":1,"surface1TypeName":"Ground or water surface","surface1Value":0.0,"surface2Type":255,"surface2TypeName":"Missing","surface2Value":0.0,"gridDefinitionTemplate":0,"gridDefinitionTemplateName":"Latitude_Longitude","numberPoints":615,"shape":6,"shapeName":"Earth spherical with radius of 6,371,229.0 m","gridUnits":"degrees","resolution":48,"winds":"true","scanMode":64,"nx":41,"ny":15,"basicAngle":0,"lo1":47.0,"la1":41.0,"lo2":87.0,"la2":55.0,"dx":1.0,"dy":1.0}, "data":
[rows 0 to 14 of 15, columns 0 to 40 of 41]
302.37555,288.67557,296.27557,292.97556,293.27557,292.77557,301.97556,308.67557,306.97556,299.67557,296.47556,301.97556,308.47556,306.27557,306.47556,310.87555,311.17557,308.17557,313.87555,310.87555,311.77557,310.37555,314.57556,305.17557,306.97556,311.97556,304.67557,295.37555,281.87555,285.77557,288.27557,273.57556,297.47556,306.17557,305.07556,304.47556,309.17557,308.97556,308.97556,311.37555,311.57556
283.07556,295.37555,292.47556,292.87555,292.57556,291.57556,307.57556,307.27557,304.47556,302.67557,297.07556,297.37555,303.37555,309.77557,306.57556,306.97556,309.77557,311.17557,311.97556,312.57556,309.67557,309.27557,308.47556,297.77557,276.27557,287.17557,296.67557,291.87555,294.07556,282.87555,291.77557,273.27557,284.57556,264.57556,273.07556,299.67557,297.47556,301.07556,305.27557,297.07556,284.87555
294.17557,291.97556,292.67557,292.57556,290.77557,302.47556,300.77557,298.47556,300.97556,302.17557,296.67557,297.17557,300.67557,307.77557,303.67557,309.47556,308.37555,308.17557,308.47556,311.07556,310.47556,309.07556,308.27557,301.87555,305.17557,302.07556,302.17557,301.27557,302.07556,294.97556,273.17557,281.07556,294.27557,293.07556,293.87555,292.27557,282.47556,289.27557,288.97556,273.27557,272.57556
297.87555,291.47556,292.67557,291.87555,293.57556,303.27557,301.57556,300.97556,298.87555,297.77557,294.67557,296.07556,290.17557,289.67557,303.07556,305.57556,304.07556,307.07556,304.47556,306.07556,309.97556,303.97556,303.57556,304.07556,303.07556,301.57556,302.47556,302.27557,297.57556,301.37555,305.77557,301.77557,303.57556,306.47556,304.87555,300.47556,287.37555,272.27557,290.67557,301.27557,302.17557
297.17557,290.97556,291.47556,290.57556,294.37555,302.27557,302.17557,299.57556,299.07556,298.77557,299.57556,296.07556,288.87555,287.97556,286.57556,303.27557,303.27557,302.27557,302.07556,300.27557,301.27557,302.07556,302.77557,303.27557,302.87555,302.37555,301.57556,298.17557,305.47556,305.07556,304.77557,306.47556,293.47556,274.67557,294.37555,303.67557,300.47556,307.07556,306.37555,305.57556,302.87555
297.47556,296.57556,289.87555,290.17557,290.07556,290.07556,298.97556,297.77557,296.67557,297.77557,297.77557,297.97556,290.17557,288.77557,296.27557,302.37555,301.77557,304.27557,300.77557,301.77557,301.47556,301.17557,301.77557,300.57556,300.57556,300.77557,303.17557,286.57556,300.57556,300.77557,301.57556,300.87555,303.27557,300.77557,299.27557,297.87555,300.37555,295.47556,307.67557,307.17557,303.67557
292.07556,294.67557,296.77557,300.27557,299.07556,303.27557,299.67557,296.97556,298.97556,297.27557,297.97556,297.87555,297.57556,300.57556,301.77557,301.77557,303.87555,302.87555,304.97556,301.67557,301.67557,300.67557,301.27557,302.17557,300.07556,300.57556,301.27557,302.07556,303.37555,304.37555,303.07556,302.07556,301.77557,298.37555,299.07556,297.17557,294.87555,294.37555,292.27557,288.37555,298.97556
292.17557,299.07556,299.87555,299.97556,299.97556,300.77557,299.57556,297.17557,297.27557,296.67557,295.37555,296.57556,294.87555,298.37555,301.47556,301.37555,300.87555,302.37555,302.57556,298.77557,299.37555,302.17557,301.47556,300.37555,299.97556,298.97556,297.87555,300.37555,299.07556,299.57556,299.37555,300.77557,301.07556,296.07556,296.77557,297.97556,298.57556,286.07556,300.17557,300.87555,299.67557
296.87555,298.87555,297.37555,298.07556,298.07556,299.17557,298.67557,298.17557,297.37555,295.47556,295.67557,295.97556,297.07556,297.97556,298.47556,299.27557,299.17557,300.97556,296.87555,298.57556,298.27557,298.07556,298.87555,299.07556,298.37555,297.77557,295.77557,295.77557,295.67557,294.97556,295.97556,295.97556,299.47556,297.07556,294.97556,292.37555,294.17557,295.77557,286.57556,287.87555,288.47556
296.97556,296.47556,299.27557,297.57556,298.27557,297.07556,296.57556,295.47556,292.57556,291.07556,293.57556,294.67557,295.07556,295.67557,297.17557,296.87555,298.87555,299.77557,299.67557,298.77557,297.37555,297.37555,297.87555,298.17557,297.77557,295.87555,295.87555,295.47556,295.27557,295.27557,295.67557,296.37555,297.47556,297.07556,297.27557,293.67557,291.27557,289.57556,289.87555,288.57556,286.07556
292.77557,295.27557,294.67557,294.77557,296.07556,295.87555,294.07556,295.37555,295.77557,293.67557,294.17557,295.17557,295.47556,294.77557,294.87555,295.07556,292.37555,296.57556,297.47556,297.27557,297.17557,297.47556,296.37555,295.97556,294.07556,293.87555,292.67557,296.87555,297.67557,291.27557,293.17557,297.17557,295.17557,294.27557,295.87555,295.17557,288.27557,289.97556,291.37555,288.27557,287.67557
292.47556,292.67557,292.77557,293.47556,291.87555,294.77557,293.37555,293.87555,291.27557,294.27557,292.67557,293.77557,293.97556,294.57556,294.37555,296.37555,295.37555,295.87555,295.67557,295.27557,296.27557,294.47556,292.87555,294.27557,292.67557,293.97556,286.27557,287.07556,293.57556,295.47556,294.67557,291.87555,291.47556,292.97556,292.87555,295.07556,295.77557,295.47556,292.67557,293.67557,290.77557
289.87555,291.87555,293.17557,293.17557,293.27557,293.97556,295.57556,292.47556,291.17557,292.37555,290.37555,290.57556,290.67557,288.77557,293.47556,293.77557,294.57556,293.57556,294.47556,293.67557,294.57556,293.47556,292.57556,290.67557,292.17557,293.37555,294.97556,296.27557,294.47556,293.57556,294.37555,290.87555,292.57556,292.17557,292.27557,291.87555,292.17557,292.77557,292.37555,291.27557,287.57556
288.17557,289.17557,288.87555,293.47556,293.37555,292.77557,291.27557,289.37555,291.87555,288.47556,285.87555,283.27557,288.27557,288.97556,288.87555,293.37555,292.27557,291.87555,292.87555,292.57556,293.07556,293.67557,294.07556,292.47556,292.57556,293.37555,293.27557,294.77557,294.17557,292.57556,293.47556,292.17557,292.07556,289.07556,290.37555,291.67557,290.87555,290.57556,291.27557,288.97556,287.17557
287.87555,289.77557,285.47556,289.77557,293.37555,292.67557,288.27557,287.07556,287.97556,290.27557,286.57556,284.87555,286.17557,288.57556,290.47556,290.47556,290.97556,291.07556,292.87555,292.17557,292.37555,292.77557,294.07556,292.07556,292.27557,292.37555,294.57556,290.97556,286.77557,289.97556,289.17557,287.97556,290.77557,290.27557,289.77557,291.57556,292.87555,290.87555,289.97556,288.27557,288.97556
