wind_kz.json
{"header": {"discipline":0,"disciplineName":"Meteorological products","gribEdition":2,"gribLength":1025,"center":7,"centerName":"US National Weather Service - NCEP(WMC)","subcenter":0,"refTime":"2023-08-20T12:00:00.000Z","significanceOfRT":1,"significanceOfRTName":"Start of forecast","productStatus":0,"productStatusName":"Operational products","productType":1,"productTypeName":"Forecast products","productDefinitionTemplate":0,"productDefinitionTemplateName":"Analysis/forecast at horizontal level/layer at a point in time","parameterCategory":2,"parameterCategoryName":"UnknownDiscipline_0_Category_2","parameterNumber":3,"parameterNumberName":"UnknownParameter_D0_C2_3","parameterUnit":"Unknown","genProcessType":2,"genProcessTypeName":"Forecast","forecastTime":180,"surface1Type":103,"surface1TypeName":"Specified height level above ground","surface1Value":10.0,"surface2Type":255,"surface2TypeName":"Missing","surface2Value":0.0,"gridDefinitionTemplate":0,"gridDefinitionTemplateName":"Latitude_Longitude","numberPoints":615,"shape":6,"shapeName":"Earth spherical with radius of 6,371,229.0 m","gridUnits":"degrees","resolution":48,"winds":"true","scanMode":64,"nx":41,"ny":15,"basicAngle":0,"lo1":47.0,"la1":41.0,"lo2":87.0,"la2":55.0,"dx":1.0,"dy":1.0}, "data":
[rows 0 to 14 of 15, columns 0 to 40 of 41]
1.6363721,-1.573628,0.24637207,-1.3436279,-3.363628,1.2463721,1.2463721,1.9063721,0.40637207,0.21637207,-1.4636279,-1.4936279,-2.123628,-3.113628,-2.993628,-3.6836278,-3.473628,-2.243628,-2.6836278,-2.023628,-2.583628,1.2563721,-0.51362795,-0.43362793,-2.243628,-0.7936279,-0.7336279,1.6363721,0.86637205,-2.333628,1.456372,0.6963721,1.3563721,-0.8736279,-3.073628,-1.2136279,-1.9736279,-0.5336279,-1.6436279,-2.143628,2.3363721
2.876372,1.296372,0.5863721,-0.69362795,-1.793628,-0.33362794,-0.6636279,1.8563721,1.1163721,1.5363721,0.31637207,-0.02362793,-0.47362792,-0.94362795,-2.9036279,-3.6536279,-2.893628,-3.1736279,-3.9036279,-3.753628,-3.563628,1.1563721,0.36637208,1.796372,-0.13362794,1.3563721,0.07637207,0.8863721,0.26637208,2.906372,2.106372,2.3263721,1.1563721,0.7063721,-0.94362795,-2.393628,-2.103628,-4.483628,0.09637207,-1.4036279,-0.04362793
1.7363721,3.756372,0.04637207,0.8363721,-1.953628,-2.323628,-0.7336279,0.68637204,2.386372,2.886372,2.8363721,2.356372,1.216372,-0.29362792,-1.3636279,-2.603628,-2.533628,-3.2036278,-3.063628,-3.373628,-3.763628,-3.1936278,-0.46362793,1.0063721,-0.95362794,1.216372,-1.793628,-0.51362795,2.016372,0.7763721,2.516372,-1.173628,-1.1336279,-1.3836279,-0.7336279,0.21637207,1.7363721,-0.12362793,1.1363721,0.15637207,1.676372
0.5063721,2.756372,1.046372,-0.15362793,-2.113628,-1.6036279,-1.293628,-1.6436279,0.55637205,3.366372,3.0663722,2.676372,3.246372,1.466372,-0.7836279,-3.023628,-3.333628,-2.873628,-3.6736279,-3.483628,-2.493628,-1.2736279,-1.8836279,-0.81362796,-2.233628,2.5963721,3.476372,1.8663721,4.096372,5.656372,3.386372,-2.2036278,-0.94362795,4.2063723,-0.56362796,0.12637207,0.48637208,2.3063722,1.426372,2.116372,2.966372
1.6563721,2.006372,1.076372,0.33637208,1.206372,0.6263721,-0.6136279,-0.6736279,-2.233628,-1.173628,1.9963721,4.136372,2.666372,3.676372,1.186372,-1.3836279,-2.573628,-3.043628,-3.303628,-3.4636278,-2.9336278,-2.2036278,-0.18362793,0.41637206,-0.11362793,1.686372,3.366372,6.116372,2.676372,3.396372,5.466372,3.746372,2.986372,0.9663721,-0.15362793,-3.303628,-9.713628,-0.52362794,-3.753628,-1.293628,-3.603628
2.266372,1.6463721,3.136372,1.8463721,0.8263721,0.09637207,-1.1236279,-1.9836279,-0.7236279,-2.143628,2.006372,4.406372,2.116372,2.456372,3.366372,1.686372,-0.11362793,-1.1336279,-2.023628,-2.503628,-2.633628,-1.453628,-0.13362794,-1.3336279,2.716372,1.816372,1.6263721,2.0663722,3.0863721,4.2263722,7.786372,7.086372,7.536372,3.426372,3.3163722,-4.0236278,1.1663721,-5.953628,-4.153628,-0.38362792,-4.423628
2.5663722,1.936372,1.7463721,0.74637204,0.40637207,0.59637207,0.5663721,-0.10362793,-0.22362792,-0.9836279,-3.123628,4.6863723,3.926372,3.3263721,2.3163722,2.0763721,1.546372,1.3663721,-0.7436279,-1.6036279,-2.133628,0.24637207,0.60637206,-1.7436279,1.556372,2.0663722,0.97637206,-0.41362792,-0.7836279,0.6463721,3.926372,8.626372,7.116372,3.236372,0.18637207,-0.7336279,1.046372,1.7763721,-2.103628,0.04637207,-0.34362793
0.13637207,-0.82362795,0.8963721,0.22637206,-0.0036279296,-0.23362793,2.276372,2.126372,2.8363721,1.816372,1.1563721,0.60637206,2.626372,3.486372,2.706372,2.386372,0.74637204,1.1463721,0.25637206,-0.41362792,-1.9636279,1.836372,1.8463721,0.48637208,-0.8736279,-1.0236279,-1.283628,-0.45362794,0.6463721,0.39637208,-0.12362793,3.156372,6.926372,5.376372,4.4763722,1.2363721,-2.333628,-0.51362795,2.216372,4.826372,-0.81362796
-1.5036279,-1.7236279,-1.4936279,-2.1936278,-1.563628,-0.42362794,0.8963721,2.256372,2.926372,2.936372,3.5363722,3.5563722,3.5663722,2.976372,3.3263721,2.2863722,1.206372,2.266372,-0.21362793,-0.47362792,1.1463721,2.456372,2.856372,2.3163722,1.686372,0.18637207,-0.5436279,-0.30362794,1.5263721,1.196372,-1.923628,-1.553628,-2.253628,-1.1236279,3.706372,-1.8436279,-7.053628,-4.5236278,1.1463721,2.766372,-0.24362794
-1.3536279,-2.323628,-1.803628,-1.6236279,-2.803628,-2.793628,-2.303628,-1.703628,0.7163721,1.6563721,3.3263721,4.386372,3.776372,3.466372,3.486372,2.446372,3.226372,2.3163722,1.816372,0.9063721,2.026372,2.696372,0.17637207,-1.8736279,1.446372,1.6363721,0.29637206,0.79637206,1.0063721,0.73637205,-0.45362794,-2.333628,-2.9136279,-2.823628,0.60637206,-0.03362793,-1.043628,-1.3336279,1.946372,3.506372,3.026372
-1.793628,-2.4136279,-2.243628,-2.503628,-2.743628,-2.993628,-3.003628,-1.1236279,0.7163721,0.84637207,-0.9836279,-0.13362794,3.726372,5.286372,3.946372,4.606372,3.876372,3.356372,2.656372,2.7863722,2.666372,1.9163721,2.456372,1.9063721,-0.36362794,1.1363721,0.8263721,2.196372,1.7863721,0.27637208,-1.2736279,-3.323628,0.15637207,-0.20362793,3.386372,2.916372,2.396372,0.8963721,1.3763721,1.7563721,0.20637207
0.10637207,-1.923628,-2.223628,-2.6836278,-2.603628,-2.813628,-2.513628,-2.143628,-1.673628,-0.48362792,-1.303628,0.32637206,1.9963721,5.236372,4.056372,5.996372,6.396372,4.716372,3.956372,3.0763721,2.8363721,1.686372,1.4863721,1.2363721,0.6963721,-0.47362792,1.956372,2.5663722,1.326372,0.20637207,-0.24362794,-1.3636279,0.14637206,0.84637207,-0.20362793,-1.553628,-0.14362793,3.526372,1.2463721,1.6463721,0.98637205
-0.8736279,-0.88362795,-2.053628,-1.2536279,-1.543628,-1.283628,-1.813628,-2.4136279,-2.473628,-1.2136279,-0.89362794,-1.3336279,0.9563721,2.706372,5.306372,2.636372,5.176372,5.4763722,5.776372,4.376372,3.676372,3.166372,2.3263721,2.026372,1.0063721,0.7763721,-0.46362793,0.5063721,2.646372,0.49637207,0.48637208,-0.11362793,0.73637205,1.9163721,-1.1136279,-4.113628,-0.12362793,0.8163721,0.37637207,0.93637204,0.20637207
-0.14362793,-0.94362795,-1.8836279,-1.1036279,-1.313628,-0.9836279,-1.313628,-2.333628,-2.793628,-1.7736279,-1.2436279,-0.28362793,0.6563721,1.446372,3.686372,4.836372,3.776372,4.266372,4.386372,3.7963722,3.0963721,2.926372,2.706372,1.966372,1.466372,0.42637208,-1.1136279,0.01637207,1.2663721,-0.88362795,-2.253628,1.8463721,2.7963722,2.3463721,-1.203628,-2.1836278,-2.113628,-0.15362793,-0.7336279,-1.443628,-0.5336279
-1.1136279,-1.8436279,-4.673628,-2.063628,-2.1536279,-1.6036279,-1.7736279,-1.053628,-2.4336278,-3.573628,-0.14362793,-0.48362792,0.06637207,0.5663721,1.686372,4.296372,3.606372,3.0963721,3.0363722,3.376372,3.0463722,2.926372,2.696372,2.8363721,1.2663721,-0.42362794,-0.7836279,-1.703628,-0.01362793,-1.5936279,-2.793628,2.196372,3.0563722,3.2863722,2.176372,1.5063721,2.3163722,0.68637204,0.19637208,-1.4936279,-0.22362792
