wind.json
{"header": {"discipline":0,"disciplineName":"Meteorological products","gribEdition":2,"gribLength":1039,"center":7,"centerName":"US National Weather Service - NCEP(WMC)","subcenter":0,"refTime":"2023-07-01T00:00:00.000Z","significanceOfRT":1,"significanceOfRTName":"Start of forecast","productStatus":0,"productStatusName":"Operational products","productType":1,"productTypeName":"Forecast products","productDefinitionTemplate":0,"productDefinitionTemplateName":"Analysis/forecast at horizontal level/layer at a point in time","parameterCategory":0,"parameterCategoryName":"UnknownDiscipline_0_Category_0","parameterNumber":0,"parameterNumberName":"UnknownParameter_D0_C0_0","parameterUnit":"Unknown","genProcessType":2,"genProcessTypeName":"Forecast","forecastTime":180,"surface1Type":1,"surface1TypeName":"Ground or water surface","surface1Value":0.0,"surface2Type":255,"surface2TypeName":"Missing","surface2Value":0.0,"gridDefinitionTemplate":0,"gridDefinitionTemplateName":"Latitude_Longitude","numberPoints":688,"shape":6,"shapeName":"Earth spherical with radius of 6,371,229.0 m","gridUnits":"degrees","resolution":48,"winds":"true","scanMode":64,"nx":43,"ny":16,"basicAngle":0,"lo1":45.0,"la1":40.0,"lo2":87.0,"la2":55.0,"dx":1.0,"dy":1.0}, "data":
[rows 0 to 15 of 16, columns 0 to 42 of 43]
300.5967,294.19672,321.2967,323.2967,324.19672,303.0967,299.4967,299.2967,324.7967,327.19672,328.2967,325.0967,325.0967,324.19672,323.5967,323.8967,323.4967,323.7967,322.7967,321.19672,318.2967,316.3967,316.4967,316.4967,313.2967,308.9967,296.9967,291.3967,290.19672,285.3967,284.69672,307.8967,306.69672,306.3967,311.19672,314.0967,316.19672,315.4967,314.69672,315.69672,313.9967,313.9967,314.19672
299.7967,317.7967,319.5967,303.69672,307.9967,298.4967,301.69672,298.3967,316.2967,327.69672,324.9967,325.0967,323.0967,323.4967,323.3967,324.8967,324.3967,324.0967,320.69672,320.5967,321.5967,321.3967,323.0967,318.3967,315.8967,311.19672,311.3967,315.7967,309.2967,288.2967,286.7967,281.5967,290.4967,285.4967,296.3967,307.0967,313.8967,313.3967,312.0967,315.19672,315.7967,315.69672,314.7967
303.3967,296.69672,290.8967,308.19672,297.3967,298.2967,299.69672,296.5967,327.0967,323.7967,322.19672,322.69672,322.8967,320.8967,321.4967,320.9967,322.4967,321.2967,320.5967,320.19672,319.5967,321.19672,315.5967,319.2967,316.5967,304.9967,291.7967,287.8967,296.19672,287.2967,292.4967,284.69672,288.7967,277.8967,286.7967,272.0967,287.5967,306.4967,307.0967,311.69672,314.7967,305.9967,286.9967
301.3967,307.0967,313.7967,297.9967,299.4967,299.2967,298.19672,325.3967,323.2967,322.0967,324.3967,322.3967,318.7967,318.5967,315.8967,317.3967,320.5967,320.5967,319.19672,319.19672,320.69672,322.2967,316.0967,315.9967,316.7967,304.5967,313.0967,305.9967,302.4967,302.0967,297.9967,288.0967,280.2967,282.8967,291.4967,290.4967,294.2967,295.2967,288.0967,288.5967,290.5967,286.69672,288.4967
317.0967,318.5967,317.0967,299.4967,300.4967,299.7967,304.7967,324.2967,324.3967,325.5967,326.5967,324.69672,318.8967,315.7967,295.9967,295.0967,316.4967,319.0967,318.7967,320.8967,321.69672,321.69672,308.0967,311.8967,320.2967,318.19672,316.4967,316.0967,313.69672,311.5967,307.0967,309.9967,310.5967,306.8967,310.19672,308.3967,307.19672,302.19672,287.8967,289.7967,291.8967,304.3967,307.4967
319.2967,319.5967,318.3967,299.3967,299.3967,300.4967,312.2967,325.69672,324.69672,328.8967,326.0967,323.9967,322.19672,318.4967,296.3967,295.7967,292.8967,319.4967,320.3967,317.5967,314.9967,316.5967,317.5967,320.19672,319.4967,318.7967,313.9967,316.9967,312.8967,304.8967,312.7967,311.2967,313.8967,310.2967,294.4967,285.3967,294.5967,305.19672,304.7967,314.8967,316.2967,314.19672,313.8967
318.4967,321.69672,318.2967,319.69672,300.19672,299.69672,299.2967,300.0967,331.2967,326.9967,326.5967,325.3967,323.3967,323.3967,298.0967,295.8967,305.9967,314.8967,318.69672,318.3967,317.8967,313.7967,318.9967,318.8967,315.19672,315.3967,312.19672,310.19672,314.0967,291.69672,313.7967,313.3967,311.2967,310.7967,309.0967,308.19672,304.8967,302.4967,297.2967,299.5967,310.9967,313.9967,312.3967
320.9967,323.69672,320.19672,322.2967,322.8967,324.19672,317.7967,325.5967,328.3967,326.5967,325.0967,324.9967,323.8967,320.69672,318.3967,319.4967,317.3967,316.3967,317.0967,317.7967,316.2967,314.69672,301.0967,309.3967,309.2967,313.3967,312.69672,314.19672,315.19672,316.4967,315.69672,314.8967,314.5967,313.69672,312.7967,311.2967,307.19672,305.7967,299.69672,297.4967,292.4967,290.3967,304.69672
319.19672,318.3967,322.5967,324.7967,324.2967,325.8967,326.3967,326.8967,326.69672,323.8967,322.69672,322.0967,320.19672,319.0967,317.5967,316.9967,318.3967,317.2967,318.19672,314.3967,310.0967,305.2967,311.19672,307.3967,310.0967,309.8967,301.7967,303.8967,301.4967,299.8967,304.8967,305.9967,302.2967,301.7967,305.19672,302.19672,301.3967,304.7967,305.5967,289.69672,304.19672,304.2967,301.2967
298.3967,319.5967,320.69672,321.7967,324.19672,321.5967,322.8967,322.7967,322.3967,320.7967,319.69672,317.8967,315.4967,315.3967,314.8967,315.9967,314.5967,316.2967,315.19672,308.2967,310.69672,308.8967,308.19672,299.2967,306.0967,301.19672,302.0967,303.7967,304.19672,295.19672,296.0967,299.2967,294.7967,294.3967,297.9967,300.2967,296.7967,296.3967,298.0967,299.69672,289.4967,285.69672,284.9967
309.2967,315.8967,317.3967,319.3967,319.5967,320.19672,319.7967,320.5967,318.7967,318.3967,316.7967,314.5967,311.8967,310.8967,311.8967,311.4967,311.4967,311.8967,311.8967,311.69672,311.8967,309.8967,307.4967,302.8967,309.9967,308.7967,305.3967,295.8967,298.3967,301.3967,300.4967,293.8967,297.0967,302.2967,303.19672,303.3967,301.0967,300.7967,293.8967,290.9967,289.5967,287.9967,285.3967
306.9967,302.3967,310.3967,311.8967,313.3967,312.9967,314.19672,315.2967,314.9967,314.5967,313.4967,311.7967,308.8967,307.9967,309.8967,306.0967,306.69672,307.2967,306.4967,307.5967,309.3967,305.19672,306.69672,306.9967,300.3967,301.7967,301.8967,302.19672,297.7967,298.3967,304.69672,299.2967,300.9967,300.8967,302.9967,298.4967,298.2967,295.7967,290.4967,288.19672,289.4967,288.0967,288.9967
304.3967,306.19672,308.4967,310.5967,311.3967,310.5967,309.5967,309.69672,308.8967,308.0967,307.3967,308.3967,307.2967,303.19672,305.7967,305.19672,304.8967,304.8967,304.7967,304.3967,303.69672,303.3967,301.8967,298.3967,301.69672,302.5967,300.4967,302.19672,299.5967,305.0967,304.9967,304.9967,297.3967,296.9967,298.69672,297.8967,300.5967,298.19672,298.5967,296.9967,295.19672,291.3967,291.0967
303.5967,304.3967,305.19672,306.9967,309.9967,307.8967,307.7967,306.5967,306.0967,307.0967,305.5967,303.7967,302.7967,298.8967,302.7967,301.7967,302.4967,301.0967,300.9967,301.19672,302.3967,300.8967,299.3967,298.69672,299.2967,300.0967,301.3967,301.3967,302.3967,303.8967,298.9967,303.19672,302.69672,297.4967,300.19672,300.3967,297.7967,294.19672,298.4967,298.9967,295.0967,293.5967,289.9967
303.69672,305.0967,306.5967,309.4967,300.3967,307.69672,306.5967,303.2967,304.5967,302.5967,302.5967,304.2967,301.2967,300.2967,300.9967,302.3967,303.5967,301.2967,300.9967,300.4967,300.4967,300.5967,299.4967,298.19672,298.9967,299.69672,301.19672,302.69672,298.7967,299.69672,300.2967,300.19672,298.4967,294.5967,301.3967,300.19672,299.7967,301.5967,290.9967,296.9967,296.7967,291.3967,290.19672
302.7967,302.4967,304.7967,306.19672,295.2967,303.9967,302.4967,305.9967,305.2967,303.7967,304.19672,303.0967,302.5967,301.0967,298.7967,301.3967,303.4967,300.8967,300.3967,300.3967,300.2967,298.19672,298.0967,297.2967,298.3967,298.5967,299.2967,299.9967,299.9967,300.8967,299.9967,299.2967,298.5967,292.3967,293.3967,299.3967,295.2967,296.8967,290.9967,293.69672,298.9967,296.4967,292.69672
