wind_kz.json
{"header": {"discipline":0,"disciplineName":"Meteorological products","gribEdition":2,"gribLength":871,"center":7,"centerName":"US National Weather Service - NCEP(WMC)","subcenter":0,"refTime":"2023-08-21T18:00:00.000Z","significanceOfRT":1,"significanceOfRTName":"Start of forecast","productStatus":0,"productStatusName":"Operational products","productType":1,"productTypeName":"Forecast products","productDefinitionTemplate":0,"productDefinitionTemplateName":"Analysis/forecast at horizontal level/layer at a point in time","parameterCategory":0,"parameterCategoryName":"UnknownDiscipline_0_Category_0","parameterNumber":0,"parameterNumberName":"UnknownParameter_D0_C0_0","parameterUnit":"Unknown","genProcessType":2,"genProcessTypeName":"Forecast","forecastTime":0,"surface1Type":1,"surface1TypeName":"Ground or water surface","surface1Value":0.0,"surface2Type":255,"surface2TypeName":"Missing","surface2Value":0.0,"gridDefinitionTemplate":0,"gridDefinitionTemplateName":"Latitude_Longitude","numberPoints":615,"shape":6,"shapeName":"Earth spherical with radius of 6,371,229.0 m","gridUnits":"degrees","resolution":48,"winds":"true","scanMode":64,"nx":41,"ny":15,"basicAngle":0,"lo1":47.0,"la1":41.0,"lo2":87.0,"la2":55.0,"dx":1.0,"dy":1.0}, "data":
[rows 0 to 14 of 15, columns 0 to 40 of 41]
298.74265,287.24265,294.54266,300.24265,299.84265,298.64264,300.14264,303.54266,302.84265,304.04266,301.84265,302.54266,302.14264,302.44266,302.24265,299.34265,300.04266,300.14264,299.34265,303.74265,302.04266,297.64264,297.74265,292.24265,297.24265,295.94266,292.24265,279.04266,278.94266,281.84265,281.44266,285.04266,293.64264,301.44266,301.74265,299.74265,299.94266,300.14264,301.14264,300.54266,300.94266
277.64264,293.24265,299.84265,299.74265,299.74265,298.64264,301.84265,302.14264,301.94266,301.94266,302.54266,301.64264,300.44266,299.24265,297.24265,297.94266,300.64264,298.24265,297.64264,298.94266,299.04266,300.54266,297.24265,290.74265,280.74265,279.44266,288.64264,277.44266,281.64264,275.14264,281.64264,276.04266,283.94266,264.74265,282.64264,298.84265,295.64264,297.84265,301.74265,293.04266,284.74265
296.54266,299.64264,299.94266,299.74265,298.54266,301.24265,301.94266,302.14264,301.74265,301.24265,300.54266,300.84265,296.84265,297.84265,302.24265,297.84265,296.14264,297.34265,295.34265,298.34265,300.44266,299.74265,300.24265,293.74265,294.34265,293.04266,295.44266,292.54266,293.44266,283.14264,275.54266,277.94266,283.84265,283.34265,284.24265,285.84265,277.04266,278.94266,281.74265,277.54266,278.44266
295.14264,301.04266,300.34265,299.24265,298.14264,302.04266,302.74265,302.24265,302.44266,301.44266,301.04266,297.94266,296.34265,295.54266,297.04266,296.44266,299.64264,295.44266,296.24265,296.54266,295.54266,295.44266,302.74265,300.54266,297.54266,297.24265,298.44266,297.94266,294.44266,294.24265,294.54266,293.04266,298.24265,290.24265,292.14264,290.24265,277.54266,278.34265,282.54266,290.54266,294.94266
300.84265,300.64264,300.84265,300.54266,300.64264,301.64264,301.54266,303.54266,302.64264,302.14264,301.34265,299.94266,296.74265,295.14264,292.34265,298.44266,296.84265,295.94266,294.54266,298.94266,301.64264,304.34265,302.34265,300.54266,299.54266,298.74265,296.04266,295.44266,295.64264,296.04266,298.74265,291.54266,281.94266,273.24265,283.54266,292.64264,295.94266,298.64264,297.04266,297.84265,298.64264
301.84265,297.44266,299.04266,299.94266,300.44266,299.94266,302.54266,301.94266,302.54266,304.34265,303.34265,301.34265,296.14264,295.54266,296.14264,295.24265,297.14264,298.04266,298.84265,298.94266,301.64264,302.84265,301.44266,300.24265,298.84265,298.84265,297.44266,294.04266,299.04266,299.44266,297.44266,298.24265,295.24265,292.24265,290.34265,292.24265,284.34265,287.94266,296.14264,297.14264,295.54266
301.54266,300.64264,301.64264,301.04266,302.04266,302.94266,305.34265,301.44266,301.94266,303.24265,301.94266,301.94266,300.74265,299.74265,297.44266,299.54266,299.24265,300.84265,300.34265,300.14264,300.94266,302.24265,302.54266,302.54266,299.64264,299.14264,298.34265,299.44266,297.54266,297.04266,297.84265,297.64264,297.34265,297.74265,295.14264,292.14264,287.14264,283.44266,278.24265,278.94266,292.64264
300.64264,300.24265,303.14264,303.64264,305.34265,305.04266,302.94266,302.04266,303.04266,300.34265,297.74265,298.54266,298.34265,301.14264,301.44266,302.04266,300.94266,300.34265,301.34265,299.04266,300.04266,300.24265,300.54266,298.84265,297.24265,293.04266,294.94266,296.14264,294.94266,296.74265,297.74265,296.24265,294.14264,290.84265,290.34265,292.74265,293.94266,289.24265,291.94266,292.44266,285.04266
298.94266,298.74265,300.14264,299.74265,302.44266,302.14264,301.04266,302.24265,299.14264,298.64264,294.64264,295.14264,295.24265,297.44266,298.24265,300.04266,300.94266,300.74265,300.04266,299.64264,296.74265,296.54266,296.64264,296.64264,295.54266,294.74265,291.14264,290.34265,288.94266,287.74265,290.14264,290.84265,292.14264,294.24265,291.24265,289.14264,288.54266,288.14264,276.84265,277.84265,276.64264
298.74265,300.54266,298.84265,297.54266,298.54266,301.04266,297.74265,299.54266,296.64264,297.64264,293.54266,293.34265,293.74265,295.44266,295.74265,296.44266,297.14264,297.24265,297.04266,298.44266,297.94266,296.04266,296.94266,295.84265,294.14264,292.34265,290.84265,290.94266,289.94266,289.64264,289.34265,292.24265,293.74265,293.44266,291.54266,289.24265,287.84265,283.94266,276.54266,275.84265,276.54266
295.54266,294.44266,294.04266,294.04266,294.54266,295.84265,294.34265,295.24265,293.94266,293.54266,294.14264,293.44266,294.14264,293.54266,293.04266,294.54266,294.54266,295.44266,295.84265,295.24265,295.44266,295.04266,292.94266,291.74265,290.74265,290.14264,288.14264,290.84265,291.04266,292.14264,292.24265,292.14264,291.14264,290.54266,289.84265,286.84265,283.74265,280.84265,280.14264,281.64264,280.34265
291.44266,292.64264,292.54266,292.54266,293.24265,294.24265,291.94266,292.64264,291.14264,290.14264,287.94266,290.34265,291.54266,291.24265,292.24265,291.04266,292.84265,292.84265,293.14264,292.84265,293.94266,292.14264,291.84265,290.84265,289.74265,290.84265,291.24265,292.14264,292.54266,291.74265,289.04266,289.84265,289.24265,286.94266,287.54266,286.44266,285.94266,286.44266,285.94266,286.24265,286.64264
288.44266,288.54266,290.24265,290.24265,290.04266,290.64264,288.74265,290.84265,288.34265,285.44266,286.74265,284.64264,287.64264,287.34265,290.84265,288.04266,289.34265,290.04266,291.64264,289.14264,290.34265,292.44266,290.94266,288.84265,289.94266,291.94266,291.84265,290.04266,289.24265,287.14264,288.04266,287.74265,287.44266,286.14264,285.44266,285.54266,285.74265,287.34265,287.74265,283.44266,283.84265
288.34265,286.84265,289.24265,288.04266,286.54266,284.94266,284.34265,283.64264,283.24265,283.04266,284.34265,281.24265,286.24265,286.64264,285.84265,288.94266,289.94266,287.54266,288.34265,289.14264,288.94266,289.44266,290.04266,291.24265,292.34265,291.44266,289.34265,287.24265,286.34265,285.44266,285.04266,284.84265,284.94266,285.04266,283.94266,283.84265,284.54266,284.44266,284.34265,283.24265,283.04266
285.74265,285.64264,291.84265,285.54266,285.64264,282.74265,282.24265,280.94266,280.74265,280.24265,282.24265,284.24265,284.24265,283.44266,283.64264,286.64264,288.44266,289.04266,285.64264,285.54266,288.74265,289.64264,289.24265,288.74265,292.34265,290.94266,288.34265,285.94266,284.74265,283.94266,283.24265,282.84265,283.04266,283.24265,283.34265,283.74265,283.84265,282.54266,283.74265,283.74265,286.34265
