wind_kz.json
{"header": {"discipline":0,"disciplineName":"Meteorological products","gribEdition":2,"gribLength":1025,"center":7,"centerName":"US National Weather Service - NCEP(WMC)","subcenter":0,"refTime":"2024-04-08T00:00:00.000Z","significanceOfRT":1,"significanceOfRTName":"Start of forecast","productStatus":0,"productStatusName":"Operational products","productType":1,"productTypeName":"Forecast products","productDefinitionTemplate":0,"productDefinitionTemplateName":"Analysis/forecast at horizontal level/layer at a point in time","parameterCategory":2,"parameterCategoryName":"UnknownDiscipline_0_Category_2","parameterNumber":2,"parameterNumberName":"UnknownParameter_D0_C2_2","parameterUnit":"Unknown","genProcessType":2,"genProcessTypeName":"Forecast","forecastTime":300,"surface1Type":103,"surface1TypeName":"Specified height level above ground","surface1Value":10.0,"surface2Type":255,"surface2TypeName":"Missing","surface2Value":0.0,"gridDefinitionTemplate":0,"gridDefinitionTemplateName":"Latitude_Longitude","numberPoints":615,"shape":6,"shapeName":"Earth spherical with radius of 6,371,229.0 m","gridUnits":"degrees","resolution":48,"winds":"true","scanMode":64,"nx":41,"ny":15,"basicAngle":0,"lo1":47.0,"la1":41.0,"lo2":87.0,"la2":55.0,"dx":1.0,"dy":1.0}, "data":
[rows 0 to 14 of 15, columns 0 to 40 of 41]
-2.6213233,1.3686768,-2.2113233,2.5386767,2.5886767,2.8286767,5.2886767,-2.2713232,-2.6113234,-1.5513233,-1.9513233,-0.79132324,0.028676758,0.6186768,1.6586767,0.32867676,3.0186768,4.1986766,1.4886768,1.0186768,-1.3013233,-2.1613233,0.038676757,1.5286767,1.2486768,3.6686769,2.4786768,1.8086767,-0.53132325,-1.6213232,-0.68132323,-0.04132324,1.0686767,1.0686767,3.2186768,2.0086768,3.4586768,2.7486768,2.7286768,2.4386768,2.3186767
2.1686769,-1.4113232,1.6686767,2.4586768,2.8386767,1.2286768,2.0986767,-3.2913232,-3.5713232,-2.4113233,-2.5513232,-1.8613232,-3.7013233,-3.8413231,-2.6213233,-0.8213232,-0.06132324,0.37867677,-1.0113232,0.04867676,-0.24132325,-0.32132325,-0.34132326,-0.9413232,0.7986767,-0.8113232,1.0386767,-0.74132323,-4.9813232,-1.6313232,-0.021323241,-0.73132324,-0.6213232,-1.2113233,-0.06132324,2.6086767,4.1986766,2.9586768,2.9586768,0.17867675,2.6586769
0.6186768,-1.2413232,1.8386768,1.9686768,1.6086768,-0.35132325,-3.8013232,-3.4413233,-3.7213233,-4.3413234,-4.331323,-4.5313234,-4.181323,-3.9413233,-3.8613234,-3.4613233,-2.2813232,-2.2013233,-2.1513233,-1.9313233,-3.2013233,-6.9813232,-3.1413233,-4.3213234,-0.67132324,-0.011323242,1.4186767,1.0686767,3.2086768,-0.38132325,-0.18132325,-2.8913233,1.2786767,-2.7313232,-2.8713233,0.13867676,1.4886768,1.3786768,6.248677,3.8886766,1.3386768
-0.54132324,1.2686768,1.2086768,1.8686768,3.2786767,-5.141323,-3.7713232,-4.701323,-4.8213234,-6.451323,-7.0113235,-7.2313232,-3.9613233,-2.0313232,-6.2613235,-6.4213233,-7.1113234,-6.701323,-4.5713234,-3.4913232,-4.0913234,-3.5213232,-5.3813233,-6.601323,-6.951323,-7.931323,-9.001324,-6.7313232,-7.041323,-3.6713233,-0.98132324,1.9186767,4.3086767,1.3886768,0.95867676,-1.7913232,-0.52132326,0.84867674,0.16867676,0.028676758,-0.8213232
-0.77132326,-0.65132326,-1.1613232,-0.72132325,-0.071323246,-4.791323,-5.541323,-5.5513234,-7.2813234,-7.8613234,-8.281323,-7.621323,-4.101323,-0.47132325,-1.5213232,-7.291323,-7.9013233,-8.371324,-8.471323,-9.771323,-10.461323,-9.491323,-8.901323,-9.471323,-9.811323,-10.351323,-10.111323,-9.411324,-9.041324,-8.111323,-7.4213233,-7.221323,-4.3013234,-0.6913232,-2.8913233,-1.8613232,7.0386767,-5.2413235,-4.3013234,-7.7113233,-4.121323
0.018676758,-0.14132324,-3.1513233,-4.1313233,-6.9813232,-5.6713233,-6.8013234,-6.4813232,-7.1313233,-7.391323,-7.0113235,-7.6913233,-6.431323,-4.371323,-4.891323,-7.061323,-7.3213234,-7.601323,-8.151323,-8.591323,-9.271323,-9.621324,-10.151323,-10.771323,-11.401323,-12.551323,-11.271323,-5.581323,-11.001324,-11.141323,-11.181323,-9.7013235,-6.8813233,-5.701323,-4.4213233,0.42867675,0.038676757,5.5086765,-3.8713233,-8.281323,-5.471323
0.17867675,1.3586768,-4.641323,-5.431323,-5.4813232,-5.451323,-6.1313233,-6.701323,-6.5713234,-6.251323,-6.851323,-6.9413233,-6.721323,-6.5313234,-5.9613233,-6.2113233,-6.451323,-6.5713234,-7.0913234,-7.9213233,-8.581324,-8.371324,-8.821323,-9.221323,-9.621324,-10.341323,-11.191323,-11.151323,-10.721323,-10.231323,-10.511323,-10.791324,-7.141323,-6.201323,-2.9013233,-1.6113232,-2.3613234,1.4586768,3.0586767,0.83867675,-1.4013232
-1.7113233,3.0586767,-3.9413233,-4.721323,-4.291323,-5.9613233,-6.0513234,-6.0113235,-6.3613234,-6.721323,-7.1113234,-7.701323,-7.2313232,-7.021323,-6.391323,-6.1713233,-6.5913234,-6.251323,-6.5913234,-7.8413234,-8.841323,-8.571323,-8.121324,-8.331324,-8.611323,-8.611323,-9.811323,-9.631323,-10.781323,-9.391323,-10.711323,-7.9913235,-6.891323,-6.4213233,-5.3813233,-4.431323,-2.2313232,2.2486768,-0.15132324,-1.3813232,-2.7013233
0.28867677,3.9786768,-3.4213233,-5.2613235,-5.251323,-5.7113233,-5.911323,-6.5313234,-6.621323,-6.9213233,-7.811323,-8.011323,-8.001324,-7.8013234,-7.891323,-7.4413233,-7.021323,-6.6713233,-7.371323,-7.751323,-9.651323,-9.781323,-8.941323,-8.661324,-9.011323,-8.531323,-9.261323,-9.7013235,-9.511323,-9.911324,-8.631323,-6.9613233,-5.4013233,-4.3413234,-0.79132324,-0.84132326,-1.1013232,-1.3913232,-2.1213233,1.6186768,-0.22132324
-0.40132323,3.3786767,-4.6313233,-5.4413233,-5.6713233,-6.101323,-5.9213233,-6.621323,-6.931323,-7.5313234,-7.911323,-8.541324,-8.491323,-8.261323,-8.591323,-8.591323,-8.751324,-8.691323,-8.691323,-8.521323,-10.081324,-10.441323,-10.291324,-8.971323,-9.171323,-9.141323,-9.771323,-9.791324,-9.071323,-8.931323,-8.151323,-7.1513233,-6.201323,-4.951323,-3.3913233,0.82867676,-0.7513232,-0.45132324,-2.3113232,-0.8813232,1.3986768
1.9186767,-4.0113235,-4.971323,-6.0113235,-5.5113235,-5.641323,-6.271323,-6.6313233,-6.9913235,-7.331323,-7.641323,-8.181323,-8.331324,-9.631323,-9.731323,-9.021323,-9.191323,-8.831324,-8.291324,-9.461323,-9.891323,-9.161324,-9.641323,-8.841323,-8.301323,-8.921323,-9.321323,-8.791324,-8.381323,-7.911323,-7.5113235,-6.061323,-6.291323,-5.7413235,-6.291323,-5.5513234,-1.1013232,-2.6313233,-3.5913231,0.008676758,-0.33132324
-1.4813232,-1.3213233,-3.5613232,-4.9013233,-5.021323,-5.561323,-5.791323,-6.6713233,-6.351323,-6.7113233,-7.0113235,-7.8013234,-8.111323,-8.671323,-8.291324,-7.9413233,-7.8613234,-7.831323,-7.9913235,-8.281323,-7.7613235,-7.6913233,-8.011323,-8.081324,-8.191323,-8.331324,-8.031323,-7.3813233,-7.3413234,-7.0913234,-6.2613235,-6.2413235,-4.931323,-5.141323,-4.871323,-5.201323,-5.8213234,-5.1713233,-2.9013233,-1.7913232,-1.8913232
-0.6213232,-0.19132324,-3.2113233,-3.3713233,-4.0513234,-3.7213233,-5.311323,-5.4813232,-6.6313233,-5.371323,-4.4213233,-6.0313234,-6.721323,-7.121323,-6.811323,-6.751323,-6.7813234,-6.521323,-6.0913234,-6.351323,-6.4813232,-6.7813234,-6.3813233,-6.3813233,-6.891323,-6.641323,-6.3413234,-5.6513233,-5.891323,-5.501323,-5.291323,-5.101323,-5.0513234,-4.951323,-4.7413235,-4.701323,-4.351323,-2.7213233,-3.5113232,-2.4313233,-0.9413232
-2.5313232,-1.9813232,-2.1813233,-3.4013233,-3.7113233,-3.7213233,-3.9313233,-4.2613235,-3.9313233,-4.411323,-3.7313232,-4.9813232,-4.8213234,-4.811323,-5.181323,-5.4613233,-5.7813234,-6.081323,-6.0113235,-6.1713233,-6.0513234,-5.9013233,-6.1113234,-5.771323,-5.521323,-5.141323,-4.791323,-4.7413235,-4.3613234,-4.181323,-3.9613233,-4.001323,-4.021323,-4.271323,-3.1113234,-3.1713233,-2.7213233,-2.9013233,-2.6113234,-1.4413233,-2.3813233
-1.1613232,-3.7013233,-2.4613233,-3.1613233,-3.0713232,-2.4313233,-3.0513232,-3.3313231,-3.4513233,-3.6813233,0.20867676,-2.2013233,-2.8113232,-2.2713232,-3.2313232,-3.8013232,-4.291323,-4.501323,-4.581323,-4.931323,-4.701323,-4.4213233,-4.001323,-3.6813233,-3.5213232,-3.4213233,-3.0513232,-2.6513233,-3.0213232,-2.3413231,-1.8213233,-1.7013233,-2.2613232,-2.5213232,-2.4613233,-2.3813233,-2.5113232,-2.0413232,-1.8913232,-1.9213233,-1.2713232
