wind.json
{"header": {"discipline":0,"disciplineName":"Meteorological products","gribEdition":2,"gribLength":1125,"center":7,"centerName":"US National Weather Service - NCEP(WMC)","subcenter":0,"refTime":"2023-06-27T18:00:00.000Z","significanceOfRT":1,"significanceOfRTName":"Start of forecast","productStatus":0,"productStatusName":"Operational products","productType":1,"productTypeName":"Forecast products","productDefinitionTemplate":0,"productDefinitionTemplateName":"Analysis/forecast at horizontal level/layer at a point in time","parameterCategory":2,"parameterCategoryName":"UnknownDiscipline_0_Category_2","parameterNumber":2,"parameterNumberName":"UnknownParameter_D0_C2_2","parameterUnit":"Unknown","genProcessType":2,"genProcessTypeName":"Forecast","forecastTime":180,"surface1Type":103,"surface1TypeName":"Specified height level above ground","surface1Value":10.0,"surface2Type":255,"surface2TypeName":"Missing","surface2Value":0.0,"gridDefinitionTemplate":0,"gridDefinitionTemplateName":"Latitude_Longitude","numberPoints":688,"shape":6,"shapeName":"Earth spherical with radius of 6,371,229.0 m","gridUnits":"degrees","resolution":48,"winds":"true","scanMode":64,"nx":43,"ny":16,"basicAngle":0,"lo1":45.0,"la1":40.0,"lo2":87.0,"la2":55.0,"dx":1.0,"dy":1.0}, "data":
[rows 0 to 15 of 16, columns 0 to 42 of 43]
-1.6057049,-3.615705,-2.325705,-0.31570494,-4.755705,-4.055705,-3.235705,1.334295,6.944295,-4.845705,-4.305705,-5.225705,-5.785705,-5.045705,-4.285705,-3.305705,-2.335705,-1.785705,-2.405705,-4.635705,-3.905705,-3.845705,-4.475705,-2.305705,2.254295,6.564295,3.124295,0.98429507,0.784295,0.844295,0.024295043,0.044295043,1.204295,0.41429505,0.664295,2.784295,-2.735705,-1.865705,-1.365705,-1.655705,-3.2857049,-4.495705,-4.135705
-1.305705,1.3942951,-1.795705,1.634295,-0.27570495,4.014295,1.8042951,-1.035705,1.134295,-2.315705,-2.435705,-2.885705,-3.615705,-4.6457047,-2.465705,-2.465705,-1.525705,-1.135705,-1.885705,0.104295045,-0.845705,-1.895705,-0.835705,0.21429504,2.434295,4.394295,0.38429505,2.7342951,4.894295,3.054295,1.7642951,2.014295,-0.12570496,1.134295,-0.87570494,-0.24570495,-1.935705,-3.345705,-2.0157049,-2.615705,-2.725705,-2.305705,-2.335705
-1.785705,0.854295,0.09429505,-0.66570497,4.394295,5.444295,2.944295,0.57429504,5.694295,3.074295,-0.015704956,-0.17570496,-1.925705,-3.565705,-4.505705,-3.865705,-3.335705,-2.375705,-0.82570493,-0.74570495,0.67429507,1.0142951,0.25429505,2.044295,0.604295,3.354295,1.4242951,-0.31570494,1.0142951,3.434295,3.764295,2.4542952,0.94429505,0.5442951,-1.685705,1.184295,0.46429503,2.304295,-0.33570495,-1.415705,1.194295,1.834295,-0.68570495
0.31429505,0.61429507,0.98429507,6.344295,6.3342953,3.934295,3.274295,4.654295,4.264295,4.444295,3.384295,0.854295,1.6542951,-0.19570495,-0.94570494,-1.7057049,-1.815705,-1.645705,-0.75570494,-0.94570494,-0.42570496,0.22429505,-0.24570495,1.344295,-0.67570496,-2.105705,0.724295,0.38429505,1.4142951,0.604295,3.944295,0.064295046,1.7742951,-2.395705,0.29429504,1.0242951,-1.565705,1.0442951,-0.17570496,0.20429504,0.48429504,3.864295,-0.82570493
0.28429505,0.594295,2.4942951,5.324295,3.2042952,2.624295,4.094295,1.814295,2.254295,5.174295,6.064295,2.7442951,3.064295,4.3542953,-0.21570496,1.114295,1.2842951,0.39429504,-0.06570496,1.464295,0.784295,0.08429504,1.934295,-1.415705,1.744295,2.504295,3.614295,4.054295,4.904295,3.764295,3.924295,-1.5957049,0.30429503,5.534295,0.50429505,0.38429505,1.744295,1.754295,1.7842951,-0.045704957,-2.975705,-1.4457049,-0.45570496
-2.435705,-0.905705,2.034295,3.144295,3.844295,2.934295,4.124295,3.884295,5.154295,7.264295,4.724295,3.594295,3.444295,6.204295,1.354295,1.7942951,1.0542951,4.244295,1.2642951,1.5542951,2.534295,3.254295,1.944295,1.864295,1.684295,3.364295,3.7442951,3.844295,2.054295,0.7942951,3.604295,1.704295,1.694295,3.614295,4.124295,3.524295,-3.205705,-0.47570497,0.20429504,1.2742951,1.124295,0.86429507,1.7942951
-1.395705,-0.27570495,0.35429505,2.264295,1.6742951,4.374295,4.754295,3.384295,4.404295,-0.82570493,-0.74570495,1.004295,2.254295,4.154295,0.11429504,-0.16570495,3.504295,0.724295,1.464295,3.064295,2.9942951,3.274295,2.894295,0.5442951,1.7942951,2.814295,4.884295,5.094295,2.4542952,-3.415705,-1.665705,-1.305705,-0.21570496,0.35429505,2.124295,1.614295,-2.155705,2.364295,1.584295,2.524295,7.024295,1.2742951,0.14429504
-0.47570497,0.57429504,0.82429504,2.394295,3.514295,4.074295,3.024295,1.7842951,1.004295,-0.045704957,0.054295044,-0.645705,-1.4557049,0.13429505,0.48429504,1.984295,0.82429504,0.964295,2.7142951,3.684295,2.854295,0.57429504,1.134295,1.954295,3.054295,3.844295,3.604295,3.814295,3.7042952,2.4942951,2.624295,2.9942951,4.314295,5.864295,4.724295,2.104295,3.624295,4.164295,4.934295,4.754295,5.404295,-0.035704955,-2.405705
1.124295,2.154295,2.914295,3.024295,3.924295,4.154295,4.164295,2.274295,1.244295,2.534295,1.744295,0.20429504,0.40429506,0.14429504,-0.15570496,1.194295,0.98429507,2.014295,2.664295,2.694295,1.244295,1.094295,2.174295,1.2642951,-0.035704955,0.74429506,1.874295,2.564295,3.4942951,4.934295,5.564295,5.814295,5.484295,6.564295,7.454295,6.314295,7.684295,6.684295,3.614295,2.104295,7.404295,3.264295,5.3342953
2.7042952,2.2142951,2.444295,2.594295,3.264295,3.324295,3.304295,3.574295,5.064295,4.3542953,1.5142951,2.164295,1.1742951,0.51429504,0.964295,0.86429507,0.92429507,0.89429504,1.5442951,2.274295,3.424295,4.784295,3.514295,2.684295,1.834295,1.6442951,1.004295,1.834295,2.774295,3.904295,3.9642951,3.9942951,1.754295,4.3342953,3.424295,2.9942951,6.264295,6.594295,4.284295,5.574295,4.464295,-0.45570496,2.594295
2.934295,2.9842951,2.634295,2.854295,2.4542952,2.584295,2.9942951,2.7242951,4.164295,4.254295,2.4642951,2.394295,1.974295,1.984295,1.7642951,1.954295,1.734295,1.944295,3.184295,3.944295,4.294295,4.264295,1.964295,2.184295,2.534295,1.984295,1.564295,0.81429505,3.814295,3.624295,2.924295,2.884295,3.4742951,3.7242951,5.5842953,6.434295,6.644295,5.264295,-1.295705,-0.75570494,4.3342953,0.70429504,1.984295
3.284295,3.314295,3.4942951,3.024295,2.394295,2.2142951,2.904295,3.7442951,3.584295,3.904295,3.844295,1.884295,1.964295,0.87429506,1.7942951,3.104295,2.174295,2.094295,1.7942951,1.6542951,1.7842951,0.12429504,-0.40570495,0.49429503,1.724295,0.38429505,0.7942951,2.014295,2.044295,0.69429505,-0.69570494,1.484295,4.464295,5.414295,2.504295,1.1442951,-3.485705,0.784295,1.2742951,1.484295,-0.075704955,0.21429504,1.884295
3.9742951,3.844295,3.684295,3.014295,1.854295,2.164295,2.314295,1.5142951,1.494295,0.77429503,-1.865705,-1.0957049,0.67429507,0.21429504,1.194295,1.344295,1.0242951,1.374295,0.30429503,-1.755705,-1.775705,-2.2957048,-2.305705,-0.79570496,-0.97570497,-1.2057049,-1.525705,-1.9657049,-1.875705,-2.0357049,-0.22570495,1.324295,-3.7657049,-4.215705,-4.075705,-4.3957047,-4.325705,-5.115705,-4.555705,-4.505705,-2.905705,-0.87570494,-1.3357049
3.9542952,4.514295,3.774295,3.824295,2.264295,1.734295,1.934295,1.684295,-0.38570496,-2.705705,-3.565705,-2.145705,-0.23570496,0.57429504,0.30429503,-0.14570495,0.08429504,-1.115705,-2.065705,-2.105705,-0.49570495,-1.435705,-1.745705,-1.655705,-0.9557049,-0.42570496,-1.4657049,-3.575705,-3.925705,-5.4157047,-6.085705,-5.365705,-5.625705,-5.755705,-6.215705,-5.935705,-5.9157047,-6.3957047,-5.985705,-4.625705,-4.965705,-4.635705,-1.9857049
4.694295,3.374295,4.924295,5.064295,4.214295,2.2342951,2.754295,1.5142951,1.464295,-0.39570495,-0.09570496,0.09429505,-0.57570493,1.494295,-0.595705,0.42429504,-1.765705,-1.5857049,-1.8457049,-1.7257049,-1.2357049,-1.285705,-1.875705,-1.805705,-3.065705,-3.355705,-3.7757049,-4.225705,-5.505705,-5.945705,-6.755705,-7.315705,-7.585705,-7.705705,-7.155705,-7.245705,-5.975705,-6.725705,-5.375705,-4.575705,-4.975705,-4.065705,-2.0357049
4.574295,4.404295,4.144295,5.144295,5.544295,2.634295,2.364295,3.044295,1.2642951,1.104295,-0.105704956,-0.775705,-0.35570496,0.68429506,0.19429505,-1.5757049,-2.405705,-1.785705,-2.385705,-1.8357049,-2.7757049,-2.7557049,-2.855705,-3.375705,-3.135705,-4.545705,-4.295705,-5.185705,-6.345705,-6.585705,-6.425705,-6.585705,-7.115705,-7.485705,-7.875705,-8.595705,-8.545705,-8.295705,-7.035705,-6.805705,-6.255705,-6.115705,-4.505705
