wind_kz.json
{"header": {"discipline":0,"disciplineName":"Meteorological products","gribEdition":2,"gribLength":948,"center":7,"centerName":"US National Weather Service - NCEP(WMC)","subcenter":0,"refTime":"2023-09-07T06:00:00.000Z","significanceOfRT":1,"significanceOfRTName":"Start of forecast","productStatus":0,"productStatusName":"Operational products","productType":1,"productTypeName":"Forecast products","productDefinitionTemplate":0,"productDefinitionTemplateName":"Analysis/forecast at horizontal level/layer at a point in time","parameterCategory":0,"parameterCategoryName":"UnknownDiscipline_0_Category_0","parameterNumber":0,"parameterNumberName":"UnknownParameter_D0_C0_0","parameterUnit":"Unknown","genProcessType":2,"genProcessTypeName":"Forecast","forecastTime":240,"surface1Type":1,"surface1TypeName":"Ground or water surface","surface1Value":0.0,"surface2Type":255,"surface2TypeName":"Missing","surface2Value":0.0,"gridDefinitionTemplate":0,"gridDefinitionTemplateName":"Latitude_Longitude","numberPoints":615,"shape":6,"shapeName":"Earth spherical with radius of 6,371,229.0 m","gridUnits":"degrees","resolution":48,"winds":"true","scanMode":64,"nx":41,"ny":15,"basicAngle":0,"lo1":47.0,"la1":41.0,"lo2":87.0,"la2":55.0,"dx":1.0,"dy":1.0}, "data":
[rows 0 to 14 of 15, columns 0 to 40 of 41]
298.60934,287.80936,296.40936,297.10934,297.50934,296.10934,308.60934,315.80936,311.90936,302.00934,303.30936,312.50934,312.00934,311.90936,311.70935,313.90936,314.40936,315.00934,320.20935,317.70935,319.90936,316.70935,317.80936,313.80936,315.00934,314.60934,315.60934,301.90936,301.50934,298.90936,297.00934,294.70935,307.90936,315.30936,320.00934,319.70935,322.40936,320.30936,319.70935,319.50934,318.20935
284.50934,297.00934,296.40936,296.70935,296.80936,295.20935,313.20935,311.40936,307.60934,308.50934,310.60934,309.50934,311.60934,310.70935,312.10934,312.60934,315.50934,318.90936,321.10934,321.50934,319.00934,316.40936,313.80936,305.50934,296.70935,298.90936,308.90936,302.90936,304.10934,293.90936,300.20935,293.90936,299.90936,269.10934,293.30936,310.50934,312.00934,312.40936,315.00934,307.20935,285.00934
299.00934,296.00934,296.80936,296.70935,294.40936,304.20935,306.80936,306.60934,306.90936,306.50934,306.20935,307.80936,308.10934,310.00934,310.90936,313.40936,313.90936,315.30936,318.00934,319.10934,313.90936,316.30936,314.40936,309.60934,308.80936,312.20935,312.60934,311.70935,311.00934,304.30936,295.00934,297.00934,302.00934,303.70935,304.90936,300.30936,294.40936,294.50934,296.60934,289.20935,289.50934
298.90936,295.50934,296.80936,295.90936,295.70935,301.60934,301.60934,304.70935,305.80936,306.30936,304.60934,301.40936,293.20935,292.60934,307.50934,309.80936,307.90936,312.00934,316.30936,321.10934,314.80936,312.50934,308.40936,309.40936,308.80936,307.70935,310.90936,307.80936,309.40936,309.80936,313.40936,307.40936,308.90936,312.10934,314.50934,309.00934,294.50934,278.90936,294.10934,304.50934,305.50934
297.10934,294.10934,295.10934,293.70935,297.20935,302.00934,302.00934,301.50934,298.70935,300.80936,304.30936,304.60934,292.30936,291.20935,289.60934,309.60934,309.40936,307.20935,307.70935,306.10934,307.10934,308.50934,308.10934,308.10934,308.40936,308.70935,305.50934,302.50934,309.10934,308.50934,308.30936,312.80936,299.30936,288.20935,297.50934,304.40936,301.90936,308.60934,308.30936,308.10934,306.30936
296.80936,296.80936,293.00934,292.70935,293.00934,292.30936,299.30936,296.70935,300.20935,300.40936,301.50934,301.40936,293.50934,292.50934,299.10934,306.60934,305.00934,307.20935,304.70935,306.80936,307.10934,306.20935,306.70935,307.20935,307.20935,306.20935,306.00934,290.80936,303.70935,304.10934,305.90936,304.50934,307.20935,306.60934,303.10934,304.90936,298.60934,299.00934,308.50934,306.90936,304.40936
296.20935,297.40936,297.90936,298.30936,295.70935,300.30936,301.40936,299.60934,299.50934,297.90936,297.20935,299.90936,301.50934,303.40936,303.40936,304.00934,304.80936,303.20935,302.90936,303.90936,303.80936,305.00934,304.20935,304.30936,301.60934,302.00934,303.20935,303.50934,304.80936,307.10934,305.30936,304.90936,306.90936,308.40936,307.20935,305.90936,299.10934,296.90936,294.30936,284.00934,300.60934
295.50934,294.80936,296.70935,289.80936,290.90936,295.20935,299.30936,293.40936,297.50934,297.50934,297.90936,298.20935,301.80936,299.60934,302.80936,301.90936,297.30936,294.60934,302.00934,302.60934,301.00934,301.50934,302.90936,302.10934,301.10934,298.80936,298.10934,300.50934,300.30936,302.80936,300.80936,302.10934,302.30936,299.00934,301.60934,304.40936,304.40936,289.10934,303.50934,303.80936,300.80936
298.60934,297.50934,294.80936,294.10934,294.60934,293.20935,294.50934,298.00934,298.70935,297.80936,298.60934,299.50934,293.80936,294.20935,294.90936,294.90936,300.70935,305.30936,300.60934,302.40936,299.60934,301.30936,300.20935,302.40936,300.90936,299.30936,297.30936,298.30936,297.90936,296.90936,297.80936,296.70935,298.70935,299.30936,298.80936,297.30936,300.10934,297.00934,279.80936,284.20935,291.40936
295.20935,299.10934,297.60934,294.60934,289.50934,297.70935,297.10934,299.40936,292.20935,289.50934,290.70935,292.00934,292.60934,293.70935,293.20935,294.70935,301.30936,303.10934,301.80936,301.10934,297.50934,296.90936,296.00934,298.10934,298.40936,297.20935,297.70935,296.70935,296.20935,296.70935,297.10934,297.80936,299.50934,299.30936,298.30936,300.20935,293.00934,291.40936,294.80936,289.70935,286.40936
298.40936,297.60934,292.60934,294.70935,302.40936,294.70935,290.80936,297.30936,293.10934,287.20935,285.90936,286.60934,287.00934,287.90936,294.00934,298.90936,298.10934,298.70935,299.40936,297.60934,296.30936,296.10934,293.10934,294.10934,294.90936,296.00934,295.00934,298.50934,298.90936,299.70935,299.90936,300.20935,298.90936,297.10934,297.10934,295.10934,290.10934,291.90936,295.30936,288.20935,288.40936
294.10934,294.70935,293.10934,299.00934,295.00934,298.80936,293.80936,294.40936,298.50934,287.40936,284.60934,285.40936,286.70935,286.00934,290.20935,296.30936,298.10934,297.50934,296.80936,295.70935,291.10934,292.10934,292.90936,294.30936,294.00934,296.90936,297.20935,299.00934,300.40936,300.40936,298.60934,299.50934,296.20935,296.30936,294.80936,295.80936,295.10934,294.40936,291.80936,292.40936,291.50934
293.70935,294.50934,296.20935,296.90936,295.00934,295.70935,298.10934,298.90936,297.70935,291.60934,285.10934,283.40936,284.60934,287.10934,291.50934,294.10934,295.00934,294.10934,294.70935,292.60934,293.90936,292.20935,291.90936,292.80936,296.00934,296.80936,297.90936,298.00934,298.70935,298.00934,298.00934,296.60934,297.20935,296.60934,295.70935,290.40936,291.60934,293.50934,294.80936,293.50934,291.40936
294.60934,293.70935,291.00934,292.30936,295.70935,294.90936,294.60934,290.40936,293.50934,293.70935,288.80936,286.90936,286.00934,289.80936,291.90936,293.60934,291.30936,292.40936,293.60934,294.10934,294.60934,295.10934,294.20935,295.20935,296.20935,297.30936,297.10934,296.70935,294.90936,295.70935,293.90936,294.40936,294.80936,293.40936,293.30936,292.70935,292.70935,292.50934,292.70935,291.30936,292.00934
292.10934,295.50934,288.30936,293.30936,293.80936,293.20935,296.00934,295.80936,295.00934,292.20935,288.70935,292.50934,289.40936,291.80936,291.20935,292.50934,293.60934,288.90936,292.10934,293.40936,294.70935,294.60934,295.30936,294.40936,295.30936,295.60934,296.60934,296.80936,295.70935,297.00934,296.40936,286.50934,288.00934,288.70935,293.00934,293.00934,293.50934,291.00934,291.80936,293.60934,292.40936
