wind.json
{"header": {"discipline":0,"disciplineName":"Meteorological products","gribEdition":2,"gribLength":1125,"center":7,"centerName":"US National Weather Service - NCEP(WMC)","subcenter":0,"refTime":"2023-06-28T12:00:00.000Z","significanceOfRT":1,"significanceOfRTName":"Start of forecast","productStatus":0,"productStatusName":"Operational products","productType":1,"productTypeName":"Forecast products","productDefinitionTemplate":0,"productDefinitionTemplateName":"Analysis/forecast at horizontal level/layer at a point in time","parameterCategory":2,"parameterCategoryName":"UnknownDiscipline_0_Category_2","parameterNumber":2,"parameterNumberName":"UnknownParameter_D0_C2_2","parameterUnit":"Unknown","genProcessType":2,"genProcessTypeName":"Forecast","forecastTime":60,"surface1Type":103,"surface1TypeName":"Specified height level above ground","surface1Value":10.0,"surface2Type":255,"surface2TypeName":"Missing","surface2Value":0.0,"gridDefinitionTemplate":0,"gridDefinitionTemplateName":"Latitude_Longitude","numberPoints":688,"shape":6,"shapeName":"Earth spherical with radius of 6,371,229.0 m","gridUnits":"degrees","resolution":48,"winds":"true","scanMode":64,"nx":43,"ny":16,"basicAngle":0,"lo1":45.0,"la1":40.0,"lo2":87.0,"la2":55.0,"dx":1.0,"dy":1.0}, "data":
[rows 0 to 15 of 16, columns 0 to 42 of 43]
-1.0987622,-0.6087622,-0.4187622,4.841238,5.001238,2.8912377,4.561238,4.4312377,5.811238,3.2712379,4.081238,3.4312377,2.731238,-6.3587623,-7.688762,-5.848762,-4.4487624,-3.5787623,-3.6087623,-2.278762,-2.4587622,-2.2387621,-2.8187623,0.5412378,-0.08876221,-1.4687622,-0.4187622,-0.22876221,0.3012378,0.98123777,1.1812378,0.25123778,-0.3387622,-2.3187623,-0.3387622,-0.6687622,-0.8387622,0.7412378,-1.6487622,-3.7087622,-4.148762,-5.1987624,-6.648762
0.8812378,7.401238,3.2412379,0.09123779,3.7912378,8.061237,6.6212378,6.651238,8.301238,7.591238,4.791238,-4.648762,-2.788762,-6.658762,-7.0487623,-5.188762,-6.748762,-4.398762,-3.6787622,-2.8287623,-4.148762,-2.2987623,0.13123779,1.2212378,-0.9987622,-2.9687622,0.4312378,-2.0787623,-4.408762,-2.5487623,0.071237795,1.0412378,1.5212379,0.7512378,-0.3987622,1.7312378,-1.7487622,-3.038762,-4.9287624,-2.3187623,-3.2487621,-4.5087624,-5.328762
1.9712378,-1.5887622,-0.11876221,1.0712378,7.2812376,6.4712377,5.751238,8.061237,5.901238,-0.37876222,-3.6887622,-6.4487624,-5.1787624,-7.1787624,-6.8187623,-4.7787623,-5.1087623,-4.8787622,-4.418762,-3.5787623,-5.708762,-2.8887622,-2.9987621,-2.768762,-0.7187622,-4.0887623,-1.0587622,-0.2887622,-0.6087622,-0.3187622,-0.09876221,-1.0887622,0.021237792,0.5312378,0.5712378,-2.3687623,-1.1187623,2.6512377,-0.5887622,-1.6287622,0.7812378,0.2312378,-1.8387622
-0.108762205,0.4412378,1.2112378,2.6412377,9.911238,6.561238,7.7012377,5.1412377,1.0612378,2.8712378,-2.278762,-7.2387624,-5.208762,-6.558762,-5.768762,-6.038762,-5.138762,-5.2587624,-5.228762,-4.388762,-4.408762,-3.7387621,-2.6187623,-4.7387624,-6.248762,-5.388762,0.8112378,-3.2087622,-1.6187623,-1.5187622,-2.4187622,-0.6887622,-0.2587622,1.4912378,-0.1287622,0.4812378,1.1712378,0.67123777,1.0012378,-0.5087622,2.3512378,2.461238,1.5412378
4.4712377,4.5312376,2.971238,5.861238,5.061238,6.041238,5.331238,3.9112377,4.6212378,0.1412378,-6.1087623,-4.2387624,-5.9887624,-5.618762,-7.708762,-4.5687623,-4.828762,-4.688762,-4.398762,-4.8387623,-4.658762,-4.1987624,-3.518762,-6.5287623,-2.2987623,-4.078762,-5.3787622,-5.138762,-4.518762,-6.188762,-3.1387622,-0.9587622,1.0612378,0.071237795,2.8412378,2.1212378,-2.1887622,-0.8687622,-1.1987622,2.2412379,-0.2487622,0.5912378,0.3212378
4.7012377,6.2012377,5.981238,7.4712377,3.6712377,8.411238,7.8012376,6.4712377,4.191238,3.8612378,0.001237793,-3.7087622,-2.7587621,-4.0487623,-6.038762,-3.4787621,-5.2987623,-4.458762,-4.668762,-4.648762,-3.9687622,-5.418762,-4.668762,-4.3387623,-4.3587623,-4.328762,-4.418762,-4.368762,-4.7587624,-2.7187622,-2.8287623,-2.1887622,-2.1987622,-1.7887622,-3.7987623,0.8112378,2.0812378,0.9012378,2.3212378,0.37123778,-0.108762205,0.8912378,-1.6687622
6.331238,6.611238,5.2212377,4.1412377,4.8212376,10.531238,8.761238,8.331238,0.7112378,1.7312378,-0.4587622,-5.2587624,-4.978762,-4.558762,-2.3887622,-4.168762,-3.6287622,-3.4087622,-4.3587623,-3.8287623,-4.038762,-3.3787622,-4.148762,-3.3187623,-4.058762,-3.6687622,-3.8387623,-4.638762,-3.3787622,-4.288762,-3.8187623,-2.4387622,-3.1587622,-1.4887623,-0.3987622,-0.068762206,0.6212378,-0.3187622,1.4812378,1.1412377,0.31123778,-6.6287622,-5.4487624
5.9712377,5.311238,5.2812376,1.0612378,2.731238,9.441237,9.811237,4.021238,2.5812378,1.0812378,1.7412378,-0.76876223,-5.0287623,-0.2887622,-3.2087622,-0.51876223,-1.5487622,-1.8987622,-2.1387622,-3.778762,-1.3687623,-3.4687622,-2.0787623,-1.5387622,-2.9487622,-2.6487622,-3.6187623,-3.8587623,-2.1387622,-1.3287622,-2.9287622,-3.1287622,-3.2087622,-2.4087622,0.041237794,0.15123779,-0.9287622,-0.9787622,-0.7887622,1.9212378,-0.6787622,1.4912378,0.4612378
4.7812376,4.2212377,4.041238,2.2612379,0.05123779,11.9012375,4.311238,4.731238,3.1512377,2.9512377,2.961238,-1.6287622,-0.8487622,1.0812378,1.5412378,-1.9587622,-0.57876223,-0.27876222,0.111237794,-2.1587622,-2.9687622,-4.788762,-2.4687622,-4.368762,-3.4287622,-2.3287623,-1.1587622,-1.2087622,-1.0387622,0.011237793,-0.08876221,-0.2587622,-0.9687622,0.2612378,0.101237796,-0.3987622,-0.2487622,2.1812377,1.7312378,4.631238,-0.14876221,1.2012378,-1.0187622
4.4712377,3.0612378,3.2712379,2.3812377,0.7612378,5.6212378,2.9312377,4.081238,3.1412377,1.9012378,0.3612378,-2.7087622,-0.8387622,0.3812378,0.6812378,-1.4087622,-2.8887622,-1.8287622,-1.6487622,-1.5887622,-2.6187623,-1.8987622,-3.9787621,-2.9287622,-3.3687623,-3.1787622,-2.7387621,-2.038762,-1.3687623,-1.1487622,0.7212378,0.47123778,0.4512378,0.6212378,2.1112378,0.7812378,1.1912378,1.7812378,1.5512378,-0.27876222,0.8312378,0.19123779,-0.8487622
3.3212378,2.5612378,1.4212378,1.8112378,1.2812378,2.6012378,1.7112378,1.6712378,0.8412378,0.8412378,-3.7187622,-4.168762,-2.9787621,-2.2287621,-2.4987621,-2.6287622,-3.6887622,-3.1887622,-4.3187623,-3.7987623,-4.4887624,-3.8887622,-4.018762,-3.028762,-2.5787623,-2.6887622,-3.288762,-3.028762,-2.3787622,-1.3687623,-0.9887622,-0.8387622,0.86123776,2.1212378,3.8012378,2.5012379,2.2512379,0.9712378,-0.4587622,-0.2887622,-0.63876224,0.86123776,-0.5087622
1.4412378,1.0912378,1.0412378,1.6112378,1.8912377,1.9812378,1.8812377,1.2812378,2.1112378,1.9712378,-0.1587622,-2.8587623,-4.1087623,-2.5887623,-4.5287623,-4.6987624,-4.938762,-4.6287622,-4.5487623,-3.538762,-5.188762,-4.518762,-3.9487622,-3.4487622,-3.0487623,-3.6587622,-3.3287623,-2.8687623,-0.9587622,0.2712378,-0.5587622,1.3712378,1.9812378,2.0912378,2.0912378,1.5212379,2.471238,0.4212378,0.001237793,0.3612378,1.5212379,1.1512378,-0.7087622
0.9312378,-0.3887622,-0.2587622,1.3512378,1.2212378,1.5212379,0.6912378,0.05123779,0.8812378,2.2912378,-1.5687622,-3.9487622,-4.248762,-3.5787623,-4.308762,-4.6087623,-3.7387621,-2.5587623,-3.2087622,-3.2987623,-4.4287624,-3.3687623,-4.038762,-3.2087622,-3.2587621,-2.8587623,-1.9287622,-1.0987622,-0.8687622,1.5612378,2.1212378,2.4012377,1.9112378,2.5812378,2.3412378,2.1612377,1.7312378,1.4312378,1.7912378,1.4312378,1.5112377,0.8912378,1.1912378
0.3512378,0.5112378,0.4312378,0.9312378,-0.028762206,0.5912378,0.3812378,0.4512378,-1.2287621,-0.08876221,-2.4787621,-5.0087624,-2.6587622,-3.4887621,-1.8987622,-4.118762,-2.0487623,-2.8987622,-3.1487622,-3.2187622,-2.8187623,-2.7587621,-2.5987623,-1.8387622,-1.0087622,-1.1487622,-0.6487622,-0.4587622,0.8212378,1.2912378,1.8612378,2.3112378,2.3512378,2.8212378,3.1112378,2.8312378,3.0612378,3.2612379,2.6212378,1.4312378,2.2012377,0.9512378,-0.3587622
0.6012378,-0.11876221,1.2912378,0.8312378,0.5412378,0.9312378,-0.7587622,0.4912378,-0.0787622,0.6812378,-0.5487622,-2.278762,-3.7387621,-2.6487622,-1.1987622,-0.6687622,-1.7587622,-2.5487623,-3.1287622,-3.0787623,-3.1887622,-2.1987622,-1.8387622,-1.6487622,-1.4087622,-0.57876223,-0.1887622,-0.1687622,0.9012378,1.7712379,1.8412378,2.2412379,2.3012378,2.4412377,2.3812377,2.6512377,3.1512377,3.1212378,2.5312378,1.8512378,1.6612378,1.4412378,-0.63876224
1.0212379,0.67123777,0.111237794,0.24123779,0.2912378,-0.2487622,0.3212378,0.6312378,2.6612377,-0.7287622,-1.6787622,-2.8287623,-2.3587623,-2.3987622,-1.6987622,0.21123779,-1.1787622,-2.0687623,-2.6087623,-2.2187622,-1.6087623,-1.1287622,-0.8787622,-0.7887622,-0.008762207,0.8712378,0.9612378,1.2012378,1.6312377,2.0612378,1.6212378,2.1512377,2.5112379,2.1612377,2.0412378,1.9812378,2.6512377,1.9612378,1.1512378,2.6512377,1.8612378,1.1112378,-0.3687622
