wind_kz.json
{"header": {"discipline":0,"disciplineName":"Meteorological products","gribEdition":2,"gribLength":871,"center":7,"centerName":"US National Weather Service - NCEP(WMC)","subcenter":0,"refTime":"2024-04-06T12:00:00.000Z","significanceOfRT":1,"significanceOfRTName":"Start of forecast","productStatus":0,"productStatusName":"Operational products","productType":1,"productTypeName":"Forecast products","productDefinitionTemplate":0,"productDefinitionTemplateName":"Analysis/forecast at horizontal level/layer at a point in time","parameterCategory":0,"parameterCategoryName":"UnknownDiscipline_0_Category_0","parameterNumber":0,"parameterNumberName":"UnknownParameter_D0_C0_0","parameterUnit":"Unknown","genProcessType":2,"genProcessTypeName":"Forecast","forecastTime":180,"surface1Type":1,"surface1TypeName":"Ground or water surface","surface1Value":0.0,"surface2Type":255,"surface2TypeName":"Missing","surface2Value":0.0,"gridDefinitionTemplate":0,"gridDefinitionTemplateName":"Latitude_Longitude","numberPoints":615,"shape":6,"shapeName":"Earth spherical with radius of 6,371,229.0 m","gridUnits":"degrees","resolution":48,"winds":"true","scanMode":64,"nx":41,"ny":15,"basicAngle":0,"lo1":47.0,"la1":41.0,"lo2":87.0,"la2":55.0,"dx":1.0,"dy":1.0}, "data":
[rows 0 to 14 of 15, columns 0 to 40 of 41]
283.4096,275.9096,279.80963,281.5096,282.5096,283.80963,283.4096,285.0096,285.20963,286.30963,285.10962,283.70963,283.4096,285.20963,286.70963,287.30963,285.10962,283.20963,286.20963,284.70963,286.9096,286.9096,286.70963,283.5096,287.30963,290.30963,283.20963,272.20963,273.10962,270.60962,263.9096,262.70963,277.10962,282.20963,283.5096,284.5096,283.60962,283.9096,284.10962,284.30963,283.60962
262.0096,280.5096,281.70963,281.9096,282.4096,282.70963,285.80963,284.4096,283.9096,284.10962,284.4096,283.4096,283.5096,283.70963,288.0096,288.70963,286.60962,286.0096,285.9096,286.5096,287.80963,286.30963,284.20963,280.0096,268.4096,269.80963,280.10962,273.80963,275.4096,265.70963,272.20963,255.10962,269.5096,250.70963,257.10962,280.0096,279.10962,281.20963,284.10962,278.4096,278.80963
282.10962,281.20963,281.20963,281.9096,282.20963,284.30963,284.20963,283.9096,283.70963,283.5096,283.60962,282.0096,286.70963,287.70963,287.9096,286.70963,286.20963,285.60962,286.5096,288.0096,291.5096,290.9096,288.80963,283.30963,283.60962,281.30963,282.10962,282.20963,280.60962,274.80963,267.10962,271.10962,273.80963,274.5096,274.60962,275.70963,264.60962,271.0096,271.4096,266.70963,259.5096
280.60962,282.20963,281.10962,281.20963,282.5096,283.80963,285.5096,284.0096,284.0096,282.9096,282.10962,283.20963,285.60962,286.30963,286.80963,287.0096,285.80963,287.20963,288.4096,291.20963,290.60962,285.70963,287.5096,287.0096,286.4096,283.9096,283.10962,281.5096,279.0096,279.10962,279.4096,280.4096,283.5096,283.20963,281.20963,279.60962,267.60962,257.5096,270.0096,277.10962,279.80963
281.10962,283.30963,282.0096,282.60962,282.80963,283.70963,285.10962,285.20963,284.0096,284.10962,282.9096,283.0096,284.70963,284.60962,283.10962,286.70963,286.0096,285.9096,288.0096,287.0096,288.30963,287.80963,286.9096,285.80963,284.70963,283.30963,281.4096,280.20963,282.4096,281.5096,282.10962,280.4096,272.5096,257.30963,272.9096,278.70963,278.30963,280.9096,281.10962,281.10962,281.30963
281.80963,280.60962,283.0096,281.70963,280.20963,281.10962,285.9096,286.60962,284.5096,283.60962,284.60962,284.4096,283.60962,283.80963,278.9096,286.80963,286.30963,284.70963,286.20963,286.70963,285.70963,284.60962,285.4096,283.10962,282.4096,280.5096,279.70963,271.80963,281.70963,281.5096,281.10962,281.0096,279.60962,278.80963,277.80963,278.20963,273.5096,273.70963,278.0096,279.9096,279.30963
282.10962,281.30963,283.30963,283.10962,282.70963,284.9096,286.10962,286.10962,285.60962,285.5096,284.20963,283.4096,283.5096,283.20963,283.9096,283.70963,284.4096,284.70963,285.4096,284.60962,283.30963,283.70963,282.60962,281.9096,280.10962,279.70963,279.30963,280.9096,280.20963,280.70963,280.4096,280.70963,280.4096,280.0096,279.4096,278.0096,273.5096,271.30963,268.5096,268.20963,275.4096
282.70963,282.20963,284.4096,285.0096,284.80963,285.0096,285.0096,283.70963,282.9096,284.10962,283.20963,282.70963,282.80963,283.20963,283.70963,283.9096,283.9096,283.80963,283.30963,281.80963,280.9096,280.70963,279.80963,279.80963,278.80963,276.4096,276.9096,279.10962,277.9096,279.5096,278.60962,278.5096,278.30963,275.60962,275.9096,275.0096,275.70963,272.20963,276.70963,276.80963,273.9096
281.9096,282.20963,283.10962,283.4096,283.5096,283.80963,283.0096,283.20963,282.80963,281.30963,282.10962,281.60962,281.10962,282.10962,282.70963,282.30963,281.9096,281.9096,281.70963,280.80963,279.70963,279.0096,278.80963,278.20963,276.9096,276.9096,275.80963,275.4096,275.60962,274.5096,275.30963,275.80963,277.5096,277.10962,276.5096,274.30963,273.70963,273.9096,265.10962,265.70963,262.4096
282.10962,281.9096,281.0096,281.4096,282.5096,280.70963,281.4096,281.10962,281.0096,280.4096,279.80963,280.30963,280.80963,280.80963,280.9096,281.10962,280.60962,280.9096,280.60962,279.20963,278.60962,278.0096,278.30963,278.60962,278.0096,276.5096,276.60962,275.9096,276.20963,276.30963,276.60962,279.0096,280.70963,279.4096,278.4096,277.70963,277.60962,273.60962,266.5096,269.30963,266.10962
282.70963,282.10962,282.10962,282.60962,282.70963,281.9096,281.9096,280.9096,280.60962,280.0096,279.70963,279.80963,280.0096,279.30963,280.4096,280.60962,280.70963,281.10962,280.20963,279.80963,280.0096,279.20963,278.70963,279.10962,278.80963,278.20963,276.80963,278.70963,279.60962,280.60962,280.70963,279.9096,281.5096,279.20963,278.70963,277.10962,274.70963,273.60962,273.9096,272.9096,271.70963
282.60962,282.80963,282.20963,281.60962,281.4096,281.0096,279.80963,280.10962,280.80963,280.70963,279.9096,279.9096,281.4096,279.5096,281.5096,281.0096,280.4096,280.70963,280.80963,280.80963,279.60962,279.10962,279.10962,278.9096,278.70963,279.20963,279.30963,281.0096,281.4096,281.10962,280.70963,280.30963,282.0096,279.5096,278.9096,277.70963,277.60962,276.9096,276.60962,276.10962,274.70963
281.4096,282.30963,283.0096,283.5096,284.60962,283.9096,283.4096,282.80963,283.10962,283.4096,281.9096,281.20963,282.30963,281.70963,282.5096,281.4096,278.80963,278.5096,279.4096,279.20963,279.30963,279.20963,279.4096,278.9096,279.9096,280.30963,281.10962,280.70963,280.30963,280.80963,280.70963,278.70963,278.20963,277.5096,276.30963,274.4096,274.10962,273.20963,274.0096,272.60962,270.80963
282.4096,283.20963,277.80963,283.70963,282.20963,281.70963,281.20963,279.70963,279.9096,278.20963,278.20963,277.5096,278.20963,276.60962,276.4096,276.4096,277.0096,279.30963,280.5096,279.9096,278.80963,278.30963,279.9096,279.70963,279.20963,279.4096,279.30963,279.80963,278.70963,277.9096,277.20963,276.20963,275.20963,273.5096,273.10962,273.5096,273.20963,272.9096,272.30963,268.9096,272.10962
281.5096,283.10962,273.20963,280.70963,280.10962,279.20963,280.30963,278.70963,278.9096,278.20963,277.9096,276.4096,276.30963,278.80963,278.4096,278.30963,278.70963,277.80963,279.10962,278.70963,278.4096,279.10962,279.20963,278.9096,278.30963,278.10962,277.5096,276.80963,275.9096,275.10962,274.20963,273.60962,273.4096,272.60962,272.5096,272.70963,272.70963,272.0096,272.20963,271.60962,269.30963
