wind_kz.json
{"header": {"discipline":0,"disciplineName":"Meteorological products","gribEdition":2,"gribLength":1102,"center":7,"centerName":"US National Weather Service - NCEP(WMC)","subcenter":0,"refTime":"2023-08-23T06:00:00.000Z","significanceOfRT":1,"significanceOfRTName":"Start of forecast","productStatus":0,"productStatusName":"Operational products","productType":1,"productTypeName":"Forecast products","productDefinitionTemplate":0,"productDefinitionTemplateName":"Analysis/forecast at horizontal level/layer at a point in time","parameterCategory":2,"parameterCategoryName":"UnknownDiscipline_0_Category_2","parameterNumber":3,"parameterNumberName":"UnknownParameter_D0_C2_3","parameterUnit":"Unknown","genProcessType":2,"genProcessTypeName":"Forecast","forecastTime":120,"surface1Type":103,"surface1TypeName":"Specified height level above ground","surface1Value":10.0,"surface2Type":255,"surface2TypeName":"Missing","surface2Value":0.0,"gridDefinitionTemplate":0,"gridDefinitionTemplateName":"Latitude_Longitude","numberPoints":615,"shape":6,"shapeName":"Earth spherical with radius of 6,371,229.0 m","gridUnits":"degrees","resolution":48,"winds":"true","scanMode":64,"nx":41,"ny":15,"basicAngle":0,"lo1":47.0,"la1":41.0,"lo2":87.0,"la2":55.0,"dx":1.0,"dy":1.0}, "data":
[rows 0 to 14 of 15, columns 0 to 40 of 41]
-0.043481447,2.1065185,-1.7134814,9.666518,7.1165185,5.586519,3.1065185,2.6665184,2.6065185,2.5865185,3.0265186,2.8065186,5.4565187,6.1865187,5.1465187,4.9065185,3.8665185,1.7165185,-0.0034814454,-0.26348144,0.81651855,-0.11348145,2.8965185,0.69651854,2.4365187,-0.20348145,-4.0034814,0.69651854,-2.3534815,-1.5734814,3.1165185,0.69651854,-1.1134814,-8.343481,-2.5934815,-0.093481444,1.2465186,1.3065186,2.3865185,1.2765186,-0.83348143
-1.5034814,-0.14348145,2.3065186,8.396519,6.5465183,5.7365184,3.4665186,4.6165185,2.5965185,3.6065185,2.2365186,1.1765186,4.4865184,6.2965183,6.3765187,6.2965183,5.1165185,3.1865187,2.7965186,0.056518555,0.44651854,0.45651856,2.6365185,3.8865185,2.4165184,2.8865185,3.3965185,4.2965183,0.096518554,1.7065185,-1.6334815,2.1865187,2.9965186,3.0265186,0.87651855,2.6965187,3.3365185,2.8565185,2.5665185,1.5065186,-0.023481445
-3.5134814,-1.8534814,5.0065184,5.3065186,3.9265184,4.2165184,3.6165185,3.6765184,2.8265185,3.6865187,4.8665185,4.1465187,3.9465187,4.9165187,5.5565186,7.0365186,8.356519,6.5965185,4.3965187,2.0365186,2.1765184,0.8365185,1.1965185,4.0165186,1.4365185,-2.1434815,0.7265186,0.046518553,1.9365185,1.4165186,-1.1234814,-2.6134815,-2.6434815,1.7065185,-0.48348144,-3.8934815,-1.8534814,1.4665185,0.25651854,5.1865187,1.4465185
-4.1434813,-3.8834815,3.0865185,3.2865186,1.7065185,2.4465187,2.5165186,3.4665186,2.5265186,3.0565186,4.1165185,5.2165184,5.336519,4.9765186,4.9965186,5.816519,7.5965185,7.2465186,6.4065185,4.2565184,3.2065187,4.8065186,-1.8234814,0.8465186,1.9465185,0.7165186,4.5565186,4.4565187,4.8865185,5.2365184,-0.62348145,-1.9834814,1.6465186,2.0265186,-0.22348145,2.3665185,3.2765186,2.8965185,-5.2934813,-5.7934813,-5.3634815
-8.553481,-10.043482,-8.753482,-5.8134813,-1.5634815,-0.9634814,-1.1934814,0.8465186,2.5465186,5.0165186,5.5165186,4.5365186,4.3865185,6.2365184,6.9265184,4.6765184,8.226519,9.696519,7.1665187,5.4165187,4.066519,3.3365185,1.9665185,1.0665185,1.0765185,2.6465185,3.2165186,4.1065187,5.4265184,5.1865187,4.8465185,4.8065186,-1.9934814,-3.4334815,1.1865185,0.38651857,-3.4834814,1.0065186,0.37651855,0.32651857,-3.3634815
-9.183481,-8.123482,-9.383481,-10.453482,-9.733481,-9.813481,-8.643481,-6.6734815,-0.42348143,2.8965185,4.086519,6.9665184,5.2865186,2.9365187,7.7065187,7.9765186,8.286518,9.086518,5.5065184,5.316519,4.8865185,4.5165186,2.0365186,0.94651854,1.8565185,2.7365186,3.9065185,3.6565185,-0.62348145,4.0165186,5.2165184,5.2065187,1.3565185,-1.6434815,-2.2234814,0.45651856,1.6465186,-7.2334814,-3.5234814,-0.20348145,3.3065186
-8.033482,-7.4934816,-8.623482,-9.123482,-8.923481,-7.7034817,-7.5034814,-4.8734813,-5.1934814,-2.3934815,1.8265185,2.9765186,3.3665185,5.0065184,7.5465183,9.006518,9.306519,8.146519,6.0065184,6.2865186,6.336519,3.6165185,2.5565186,3.2065187,2.2265186,3.1465185,4.8965187,4.8565187,4.3065186,5.2365184,5.6965184,7.2165184,5.5265183,3.7065187,2.2765186,-0.39348143,2.4565187,2.5165186,-0.6634815,4.4365187,-8.533482
-8.853481,-8.683481,-8.913482,-8.443481,-9.043482,-8.163482,-7.0334816,-6.6334815,-4.7734814,-1.6134814,-3.4834814,6.5265183,3.5965185,-1.9634814,7.5565186,11.076519,7.1965184,6.7165184,8.006518,6.7865186,3.9565187,2.8365185,4.2265186,2.4865186,1.9565185,5.3265185,5.9765186,6.086519,6.1365185,7.1565185,8.996518,8.6365185,7.4765186,6.336519,4.566519,1.1265186,1.7265185,-1.2134814,-5.5934815,-0.8434814,-0.95348144
-8.563481,-8.883481,-8.853481,-7.7734814,-7.7034817,-7.5934815,-7.4234815,-6.3434815,-6.0934815,-3.1534815,-2.0534813,2.8565185,4.3765187,6.9465184,10.006518,9.026519,8.746518,8.5965185,8.086518,5.7365184,4.336519,2.2265186,2.9665186,3.0565186,4.5765185,3.5665185,5.5065184,6.0065184,6.4165187,9.616519,10.8865185,9.616519,7.7365184,7.3565187,6.8065186,3.1265185,2.9865186,1.0665185,1.1765186,1.8565185,3.3865185
-9.1534815,-8.873482,-9.213482,-9.033482,-8.023481,-9.023481,-9.083482,-7.7934813,-5.4234815,-2.8034813,-0.013481446,-2.8134813,4.6765184,10.216518,11.176518,11.206518,8.706518,8.396519,7.0465183,6.4565187,3.3265185,1.6865185,3.3865185,2.4465187,3.5965185,2.5565186,3.7365186,5.2165184,6.316519,7.5065184,9.186519,9.956518,7.9765186,6.2465186,5.9565187,5.3665185,1.7165185,2.5765185,2.0365186,0.68651855,2.0965185
-7.413481,-8.693481,-8.413482,-8.8634815,-8.273481,-8.883481,-8.273481,-7.1034813,-6.2234817,-8.1534815,0.07651856,-1.8134815,1.5565186,8.506518,10.376518,8.076519,8.286518,7.1165185,5.5465183,6.2865186,3.8065186,0.33651856,-0.94348145,-2.6734815,0.46651855,4.7965183,6.1965184,8.146519,8.336518,7.8965187,8.1365185,7.566519,6.5965185,5.5265183,6.9765186,6.9165187,3.3065186,1.7165185,1.2065185,-1.8634814,0.40651855
-8.263481,-8.843481,-9.043482,-7.7034817,-8.103481,-8.513481,-8.093481,-7.5034814,-7.4934816,-6.2034817,-2.6834815,-1.2634815,3.2665186,8.456518,11.116519,7.9465184,7.1165185,6.5165186,4.3265185,2.6265185,2.0065186,2.5565186,-5.8034816,-5.7834816,-0.9734814,5.9565187,6.8565187,11.536518,12.476519,10.166518,8.206518,7.2965183,5.3465185,5.2265186,6.3965187,7.1965184,5.9365187,2.0765185,2.6465185,-1.0034814,-1.7734815
-5.5834813,-8.143481,-5.6934814,-5.3934813,-5.4834814,-4.7434816,-5.5034814,-6.8634815,-8.073482,-5.1934814,-1.8634814,-1.3634814,2.8665185,0.51651853,7.6865187,5.1065187,5.6465187,4.5365186,3.3365185,2.4565187,3.1965187,-1.4334815,-2.0534813,-4.9834814,-4.1434813,1.2965186,5.1165185,6.8065186,8.226519,7.8065186,8.976519,7.7265186,6.5265183,5.4865184,5.0965185,4.8765187,3.6965187,3.5865185,4.3465185,1.6965185,-0.47348145
-7.413481,-8.553481,-8.803481,-6.7234817,-6.4734817,-4.8234816,-4.913481,-5.3234816,-4.8234816,-3.1434815,-1.9734814,-0.45348144,2.8965185,-1.3534814,2.1365185,4.5765185,3.0465186,2.4565187,1.8765186,0.8365185,1.4065186,-1.3934815,-5.4634814,-5.2534814,-4.4934816,0.87651855,1.9565185,4.2665186,4.7965183,7.1065187,8.066519,7.8265185,7.5465183,7.3865185,5.3665185,5.5965185,3.8565185,3.9865186,5.066519,3.2265186,1.5365186
-5.2534814,-8.103481,-10.853481,-9.353481,-8.503482,-7.3534813,-7.3934813,-6.2434816,-4.3634815,-1.8734814,-0.6634815,-0.5234814,1.0065186,-1.1434815,2.5265186,1.9365185,1.1465186,0.32651857,0.41651857,2.1465185,1.9665185,-1.4234815,-4.5334816,-6.5934815,-5.2134814,-2.7334814,-2.1434815,0.80651855,2.1865187,4.066519,5.5465183,7.1165185,7.836519,7.4165187,7.2465186,6.2765183,4.9865184,5.9765186,3.2665186,5.6665187,1.4665185
