wind_kz.json
{"header": {"discipline":0,"disciplineName":"Meteorological products","gribEdition":2,"gribLength":1025,"center":7,"centerName":"US National Weather Service - NCEP(WMC)","subcenter":0,"refTime":"2023-09-10T18:00:00.000Z","significanceOfRT":1,"significanceOfRTName":"Start of forecast","productStatus":0,"productStatusName":"Operational products","productType":1,"productTypeName":"Forecast products","productDefinitionTemplate":0,"productDefinitionTemplateName":"Analysis/forecast at horizontal level/layer at a point in time","parameterCategory":2,"parameterCategoryName":"UnknownDiscipline_0_Category_2","parameterNumber":2,"parameterNumberName":"UnknownParameter_D0_C2_2","parameterUnit":"Unknown","genProcessType":2,"genProcessTypeName":"Forecast","forecastTime":240,"surface1Type":103,"surface1TypeName":"Specified height level above ground","surface1Value":10.0,"surface2Type":255,"surface2TypeName":"Missing","surface2Value":0.0,"gridDefinitionTemplate":0,"gridDefinitionTemplateName":"Latitude_Longitude","numberPoints":615,"shape":6,"shapeName":"Earth spherical with radius of 6,371,229.0 m","gridUnits":"degrees","resolution":48,"winds":"true","scanMode":64,"nx":41,"ny":15,"basicAngle":0,"lo1":47.0,"la1":41.0,"lo2":87.0,"la2":55.0,"dx":1.0,"dy":1.0}, "data":
[rows 0 to 14 of 15, columns 0 to 40 of 41]
-2.3847778,-0.99477786,2.1452222,-1.9447778,-2.8647778,-4.774778,-5.444778,-6.7047777,-5.7647777,-3.8547778,-2.7847779,-3.6247778,-0.94477785,-2.1547778,-1.2947779,-0.7847778,-0.6647778,-1.0547779,-3.1947777,-2.264778,-2.0547779,-0.93477786,-1.6547779,-1.4947778,-1.1947778,-1.0147778,-2.6547778,0.23522216,1.0952221,0.41522217,0.26522216,0.34522218,-0.7347778,-0.7747778,-4.024778,-3.8647778,-3.254778,-2.6447778,-1.8347778,-1.1047778,-2.1847777
0.34522218,1.1252222,1.2752222,-0.15477782,-3.254778,-3.6347778,-0.88477784,-3.484778,-0.63477784,-0.39477783,-0.80477786,0.29522216,-2.7947779,-2.3747778,-1.6147778,-0.64477783,-0.6747778,-2.5647779,-1.7247778,-0.7247778,-0.20477784,1.8052222,0.18522216,-1.7547778,1.3952222,0.8452222,0.18522216,0.9052222,-1.1247778,-1.1147778,0.40522218,0.06522217,-1.2347778,0.105222166,1.3052222,0.7252222,0.61522216,0.9652222,0.9052222,0.29522216,1.4452221
-0.5347778,-0.95477784,-1.1947778,0.41522217,-4.144778,-4.544778,-2.9547777,-1.1347778,0.94522214,-1.5747778,-3.774778,-4.0547776,-2.474778,-1.4047779,-1.9447778,-0.9247778,-2.2047777,-1.9447778,-0.32477784,-0.30477783,-0.33477783,0.56522214,-1.7247778,-2.494778,0.5952222,-2.5447779,-1.8947778,2.9252222,-2.1947777,-0.17477784,-1.5047778,2.1052222,0.26522216,-0.21477783,-0.33477783,-1.0147778,0.27522218,0.19522217,2.235222,1.3252221,1.5852221
-2.5947778,-3.724778,-5.064778,-4.104778,-0.044777833,-0.12477783,0.41522217,1.7052221,-1.4347779,-2.2947779,-1.2747779,-2.0947778,-1.4247779,-0.7747778,-0.11477783,0.54522216,1.2552222,1.8452221,1.2452222,-0.42477784,-0.9147778,-1.7247778,3.4052222,-1.4047779,-2.224778,-3.0647779,-2.2847779,-3.8247778,-1.7847779,0.74522215,-0.8447778,-2.6947777,-2.2947779,-2.6447778,-1.9647778,-2.234778,-1.8447778,2.9252222,0.36522216,-1.0347779,-1.4647778
-1.1247778,-1.2947779,-2.3947778,-3.5947778,-3.4147778,-2.244778,-1.5347779,-1.7147778,-1.1047778,0.56522214,2.3252223,1.0252222,4.2952223,4.4252224,3.7952223,3.3952222,3.3352222,3.5752223,2.4352221,2.5852222,1.4552221,0.34522218,-0.63477784,-1.4247779,-0.62477785,-0.104777835,-0.21477783,0.05522217,-0.13477783,2.5452223,-0.30477783,-2.9347777,-1.8747778,0.8952222,0.35522217,1.4052222,-3.3947778,-3.014778,-2.8847778,-3.1147778,-3.3247778
-0.82477784,-0.31477782,-0.57477784,0.18522216,1.1852221,2.3152223,2.505222,2.505222,0.8352222,3.0452223,3.5852222,2.8752222,3.475222,6.285222,5.595222,4.345222,4.575222,3.6552222,2.985222,0.81522214,1.6552222,3.2152221,3.495222,1.5052222,1.6652222,1.2552222,1.1252222,0.68522215,-0.8447778,-2.8347778,-2.494778,-3.6247778,-4.044778,-2.0547779,-0.56477785,-2.1947777,0.5152222,-0.12477783,0.06522217,-3.004778,-3.264778
0.25522217,0.7752222,4.1952224,3.8152223,4.305222,4.105222,4.395222,4.855222,4.325222,4.355222,4.3152223,3.8352222,4.685222,4.905222,4.4452224,4.1752224,5.8152223,5.475222,3.8752222,3.1852221,3.5552223,3.5452223,3.4652221,2.5752223,2.6452222,1.2852222,0.17522217,3.4352221,3.7952223,-0.68477786,-1.1847779,-2.3247778,-1.4247779,-0.58477783,-2.5347779,-3.2947779,-0.82477784,2.035222,-2.0847778,1.8352221,2.0452223
1.4052222,2.4552221,2.265222,2.4052222,1.1852221,2.4552221,3.6952221,3.4252222,3.745222,3.8052223,3.6052222,3.9152222,3.7052221,3.8752222,3.1352222,3.1952221,2.5852222,2.4652221,2.775222,2.3152223,2.995222,2.245222,2.285222,2.5952222,4.4652224,1.3052222,2.6152222,-0.14477783,0.18522216,2.8352222,2.225222,3.2152221,-0.7947778,0.62522215,-0.95477784,0.025222167,-1.5647779,-2.7047777,-2.6947777,-3.1547778,-2.0447779
2.3852222,1.7152221,2.975222,0.91522217,-3.214778,-3.1447778,-1.7947779,-1.1247778,-1.9447778,-1.5347779,-0.56477785,0.93522215,0.38522217,-2.1547778,-5.7647777,-3.3147779,-3.4347777,-3.5747778,-3.9447777,-1.7047778,-3.774778,-1.9647778,2.015222,3.255222,2.6852221,3.3052223,1.0652221,0.9052222,1.1852221,1.0752221,0.50522214,-0.42477784,2.6352222,1.2352222,-1.5547779,-1.6547779,-0.19477783,-2.014778,-1.2847779,0.22522217,-0.8547778
0.73522216,2.4652221,-1.9847778,-4.854778,-4.094778,-3.9347777,-2.8847778,-2.734778,-2.3347778,-1.4947778,-3.6247778,-3.524778,-3.0647779,-3.474778,-4.594778,-3.8947778,-3.264778,-3.0947778,-3.9347777,-2.744778,-2.3547778,-0.9847778,1.7652222,0.06522217,0.7752222,0.9652222,2.225222,3.3552222,2.255222,2.3652222,2.1852221,1.7652222,2.8352222,1.9152222,-1.4447778,-0.6047778,-2.714778,-0.6047778,-1.3647778,0.46522218,-1.0647779
-0.8647778,-5.094778,-3.464778,-4.254778,-3.8947778,-2.1347778,-0.40477782,0.80522215,0.5252222,1.0252222,0.23522216,-0.75477785,-1.6947778,-3.3647778,-3.8647778,-3.244778,-3.3547778,-2.754778,-2.1047778,-1.7547778,-0.88477784,-0.22477783,0.03522217,0.85522217,1.1852221,1.7752222,1.9152222,0.35522217,5.155222,3.7152221,4.1752224,3.5752223,2.2152221,0.81522214,0.19522217,-1.8347778,-1.6647779,-0.06477783,-1.6247778,1.4552221,-1.0047778
-5.3047776,-4.9947777,-4.314778,-3.2847779,-2.3547778,1.7252221,1.6552222,-2.6447778,-2.0347779,-0.08477783,-0.7347778,-2.3947778,-3.214778,-3.1747777,-2.3347778,-1.5147778,-0.87477785,-0.6647778,-1.9347779,-0.6647778,0.06522217,1.0752221,2.0952222,2.6452222,3.1352222,3.725222,3.515222,4.895222,5.9252224,4.595222,6.825222,4.375222,3.1952221,0.5752222,1.4052222,0.81522214,0.36522216,-1.3547778,-0.36477783,-0.7147778,-0.58477783
-3.2047777,-3.6247778,-1.9447778,1.3352221,1.9752221,-1.2147778,-2.2847779,-2.3847778,-2.9447777,-0.8647778,-0.49477783,-1.3147779,-2.464778,-1.7847779,-1.6347778,-1.3847778,-0.34477782,0.5752222,1.5352222,2.035222,1.6852221,2.1052222,2.785222,3.0752223,4.415222,4.955222,5.4652224,5.745222,5.5852222,5.7752223,6.0652223,5.515222,3.995222,2.9452221,0.60522217,1.8852222,0.16522217,-0.62477785,-0.99477786,-1.0247779,-0.9847778
-2.274778,-1.4247779,-0.70477784,-2.0547779,-1.9347779,-2.024778,-1.8047779,-1.5847778,0.27522218,0.29522216,-0.34477782,-0.19477783,0.23522216,-0.6147778,0.075222164,-0.17477784,1.1352222,2.4652221,2.7952223,3.4552221,3.775222,4.605222,5.245222,5.7352223,6.115222,6.095222,5.095222,5.7752223,5.6952224,6.0852222,6.455222,6.635222,6.245222,4.9452224,2.4552221,0.48522216,0.32522216,0.08522217,-1.5547779,-0.5447778,-1.3047779
-0.99477786,-1.9647778,-2.724778,-1.9347779,-0.9047778,-0.28477782,0.21522216,-0.82477784,0.06522217,-0.03477783,-0.40477782,-0.074777834,0.26522216,0.66522217,-0.20477784,0.41522217,-0.08477783,1.2752222,1.6452222,3.3552222,4.475222,5.155222,5.825222,6.325222,6.225222,6.355222,5.395222,6.265222,6.355222,6.125222,7.455222,9.755222,7.4452224,5.7952223,4.5652223,2.485222,1.9352221,1.2052221,0.7252222,-0.24477783,-1.5547779
