wind_kz.json
{"header": {"discipline":0,"disciplineName":"Meteorological products","gribEdition":2,"gribLength":1025,"center":7,"centerName":"US National Weather Service - NCEP(WMC)","subcenter":0,"refTime":"2023-10-01T06:00:00.000Z","significanceOfRT":1,"significanceOfRTName":"Start of forecast","productStatus":0,"productStatusName":"Operational products","productType":1,"productTypeName":"Forecast products","productDefinitionTemplate":0,"productDefinitionTemplateName":"Analysis/forecast at horizontal level/layer at a point in time","parameterCategory":2,"parameterCategoryName":"UnknownDiscipline_0_Category_2","parameterNumber":3,"parameterNumberName":"UnknownParameter_D0_C2_3","parameterUnit":"Unknown","genProcessType":2,"genProcessTypeName":"Forecast","forecastTime":0,"surface1Type":103,"surface1TypeName":"Specified height level above ground","surface1Value":10.0,"surface2Type":255,"surface2TypeName":"Missing","surface2Value":0.0,"gridDefinitionTemplate":0,"gridDefinitionTemplateName":"Latitude_Longitude","numberPoints":615,"shape":6,"shapeName":"Earth spherical with radius of 6,371,229.0 m","gridUnits":"degrees","resolution":48,"winds":"true","scanMode":64,"nx":41,"ny":15,"basicAngle":0,"lo1":47.0,"la1":41.0,"lo2":87.0,"la2":55.0,"dx":1.0,"dy":1.0}, "data":
[rows 0 to 14 of 15, columns 0 to 40 of 41]
2.1768458,2.1368456,0.116845705,2.2968457,0.5368457,-0.4431543,-0.0931543,1.0468457,1.4168457,1.3568457,-0.003154297,-0.7131543,-1.0231543,-1.4731543,-2.2631543,-1.3831543,-1.1331543,-1.9431543,-0.6031543,-1.1331543,-2.0831542,-1.0331542,1.9968457,0.4468457,1.9368457,0.3568457,-0.4731543,-0.40315428,-0.5931543,0.3068457,1.5968457,2.2168458,-0.3431543,-0.3631543,-0.19315429,0.4168457,0.1568457,-0.5631543,0.8468457,1.1168457,1.7468457
-1.0031543,0.2868457,3.8168457,1.8968457,1.1868457,0.5668457,-0.8131543,-0.103154294,1.6368457,0.7268457,-0.2531543,-0.43315428,-0.51315427,-1.3831543,-2.9631543,-2.3731544,-1.9631543,-0.22315429,-1.1231543,-2.3031542,-0.6531543,-0.1331543,1.8868457,3.0168457,2.9868457,2.8168457,2.7568457,2.3268456,0.2768457,1.8268456,-1.5931543,0.6568457,1.4568458,1.6468457,1.9868457,2.4068458,0.9768457,2.2368457,1.9368457,2.0768456,0.5268457
0.8168457,3.8468456,2.4068458,1.2268457,0.116845705,1.4668458,0.19684571,-1.1631542,0.34684572,0.8268457,-0.043154296,-0.9231543,-1.1931543,-0.0831543,-1.2331543,-2.2131543,-2.3331542,-1.7031543,-1.0631543,-1.3831543,-0.8331543,1.6168457,1.0068457,2.7868457,1.3468457,-2.3131542,-2.2431543,-2.1531544,-0.7331543,-1.6931543,1.1568457,2.4868457,-0.3831543,1.7968457,0.4968457,-2.6331544,-1.6431543,0.9768457,-0.6031543,-0.40315428,0.6068457
1.6568457,1.7068458,1.8368458,0.2668457,0.3368457,0.7668457,-0.3331543,-0.0931543,-0.9131543,-0.7431543,1.5468457,-0.6531543,-1.5731543,-0.7431543,-2.4631543,-3.0331542,-2.2231543,-2.0431542,-0.9631543,-0.2531543,0.4568457,4.4068456,-0.3331543,3.6668458,1.6268457,1.7268457,0.5068457,1.5168457,3.2368457,4.146846,5.1568456,1.2268457,0.5368457,0.6768457,1.2168458,1.7568457,2.9468458,2.4068458,-2.7731543,-2.0831542,-0.8631543
0.3968457,0.4768457,1.5168457,0.4568457,-0.103154294,1.1968457,1.3968457,-0.1231543,-1.4531543,1.1868457,2.8568456,0.7068457,-0.9931543,-3.1631544,-4.1731544,-3.9731543,-3.5331542,-2.7531543,-1.3931543,-1.8431543,-1.9031543,-0.6731543,1.7468457,3.1468458,3.3868456,2.8068457,1.7368457,1.5568457,2.9568458,0.4668457,-0.3631543,-0.5631543,2.5268457,1.5168457,0.4368457,1.4168457,0.9668457,0.98684573,0.046845704,-0.8131543,2.0968456
-1.1931543,-1.1131543,-2.9531543,-3.0031543,-3.7731543,-4.0931544,-2.7131543,-3.4231544,1.7868457,0.5768457,2.9268458,1.6768457,-0.4131543,-1.7331543,-5.7531543,-3.3631544,-2.0531542,-0.3031543,-1.0931543,-1.6531543,-2.4331543,-1.9031543,2.0168457,2.3468456,2.4068458,1.4768457,1.1468457,-1.6131543,-4.333154,-5.2931542,-2.1831543,-0.3231543,-1.4231544,-1.4831543,-2.1231544,-1.9031543,-3.0931542,-3.4231544,-2.7531543,-1.8431543,1.9068457
-1.1731544,-0.8031543,-2.0531542,-2.4231544,-2.4631543,-3.8531542,-3.8931544,-2.9731543,-0.8131543,0.5468457,2.9268458,1.4968457,0.6868457,-2.1531544,-2.4131544,-2.4231544,-2.8231542,-2.5031543,-2.0531542,-1.5331542,0.036845703,0.076845706,1.5268457,2.6468458,1.3568457,0.6068457,-0.5931543,1.6868457,3.0768456,3.4768457,2.6668458,-0.9131543,-1.9531543,-0.7731543,0.4668457,0.8668457,2.2168458,1.6468457,0.6368457,2.4068458,-1.6531543
-0.9231543,-0.8331543,-1.7831542,-2.7131543,-3.4731543,-5.0131545,-4.5031543,-4.0231543,-0.6531543,1.1768457,2.4368458,1.6668457,0.7268457,-0.22315429,-1.4131542,-2.0731542,-3.6831543,-3.9631543,-3.7131543,-0.4231543,-0.4531543,-1.1731544,-3.9831543,1.3968457,3.6968458,4.316846,3.9868457,2.5568457,0.5668457,-0.6031543,0.076845706,-0.8431543,-1.2031543,-2.0431542,-1.4531543,-2.3431542,-2.7531543,-1.6231543,-1.5531543,-1.5631543,-1.1331543
-0.2831543,-0.76315427,-1.2031543,-2.7031543,-3.5731542,-4.2531543,-4.1131544,-2.9131544,-1.8031543,-0.5231543,0.3568457,0.7268457,-0.063154295,-0.51315427,-1.0131543,-3.3531542,-2.9831543,-3.2031543,-3.0431542,-1.9931543,0.4068457,-1.2231543,-1.3631543,-2.0231543,0.4568457,1.5268457,0.9268457,1.0968457,1.3568457,0.7268457,0.5168457,-1.2331543,-0.6131543,-1.0031543,-1.3931543,-2.8731544,1.3568457,-0.9731543,1.5068457,2.6568458,2.2068458
0.10684571,-0.6431543,-0.9931543,-1.4631543,-2.4831543,-2.2331543,-3.1131544,-2.3331542,-1.8631543,-0.3431543,0.2568457,0.1268457,-0.4131543,-1.9431543,-1.6631542,-1.9131542,-1.2231543,-1.7331543,-2.4831543,-2.0731542,-2.0331542,-2.0431542,-1.4731543,-0.3831543,0.4068457,1.2168458,1.1268457,1.6968457,1.4668458,0.7568457,-0.3331543,-2.0931542,-1.6831543,-1.9331543,0.6368457,-2.5031543,-1.2031543,0.73684573,2.2268457,0.8668457,2.0268457
1.6168457,0.4968457,-0.3131543,-0.1531543,-1.0931543,-1.3031543,-0.9031543,-0.8431543,-1.3231543,-0.6731543,-0.51315427,-0.4131543,-1.6931543,-0.6431543,-1.2331543,-1.5931543,-0.7831543,-1.1331543,-1.3531543,-2.1331544,-1.5731543,-0.3431543,-0.003154297,0.026845703,-0.103154294,-0.1631543,0.5768457,1.8168457,-0.4631543,-0.9031543,-0.6931543,-2.5331542,-2.7031543,-2.7331543,0.3868457,-1.8731543,-2.1131544,-0.2831543,-1.0131543,-1.2431543,-1.9731543
2.8268456,2.4468458,1.6368457,1.6068457,1.0568457,-0.0931543,0.8668457,0.9168457,0.1568457,0.1868457,0.4768457,-1.1631542,-0.9031543,-0.8431543,-1.1131543,-1.7931542,-0.2831543,0.3368457,-0.9431543,-0.9431543,-0.3231543,-0.9531543,0.1868457,0.1768457,-0.5331543,0.16684571,1.0968457,0.6168457,-0.2731543,-0.9831543,-1.8931543,-2.0831542,-1.9431543,-2.0131543,-1.3631543,-2.8531542,-2.9431543,-1.9431543,-0.1831543,2.4068458,2.1668458
3.4568458,4.4768457,3.4568458,2.7168458,2.0668457,1.5968457,2.0068457,2.6168456,2.6968458,1.9268457,0.8668457,0.6868457,-1.5531543,-1.1931543,-1.9031543,-1.2031543,-0.5731543,0.3968457,-0.4231543,-0.0931543,-0.6431543,-0.22315429,-0.033154298,0.3668457,0.046845704,-0.023154296,0.0668457,-0.3631543,-0.8731543,-1.0231543,-2.0031543,-2.1131544,-0.8131543,-1.3531543,-1.6431543,-2.0131543,-2.3131542,-1.5631543,-2.5831542,-1.6831543,-1.3631543
4.876846,5.5068455,6.3468456,4.7168455,4.0768456,3.6468458,3.0568457,3.3368456,3.5068457,4.2468457,1.8268456,1.5768456,1.2868457,-0.6731543,-1.8031543,-0.4731543,-0.1831543,0.6468457,1.6468457,1.2068458,-0.0831543,1.0368457,0.5268457,0.8468457,1.3768457,1.3668457,0.9268457,0.6568457,-0.5231543,-1.4131542,-1.1631542,-1.1931543,-1.0831543,-1.1231543,-1.3231543,-1.7131543,-1.8131543,-1.9331543,-1.9431543,-2.0331542,-2.7531543
3.7068458,5.2668457,7.4568458,6.7368455,6.1568456,4.646846,4.436846,3.9668458,3.7868457,3.6268456,2.6668458,2.1368456,1.1568457,2.1468458,0.9568457,-0.2131543,0.116845705,0.8368457,1.3368458,1.6768457,0.9468457,0.7468457,1.0868458,1.7368457,1.6068457,1.9868457,2.1068456,1.4868457,0.8668457,0.7568457,0.9568457,-0.19315429,-0.4731543,-0.9131543,-1.1031543,-1.4931543,-2.0331542,-2.0931542,-2.2731543,-2.9231544,-2.2131543
