wind_kz.json
{"header": {"discipline":0,"disciplineName":"Meteorological products","gribEdition":2,"gribLength":948,"center":7,"centerName":"US National Weather Service - NCEP(WMC)","subcenter":0,"refTime":"2023-09-25T00:00:00.000Z","significanceOfRT":1,"significanceOfRTName":"Start of forecast","productStatus":0,"productStatusName":"Operational products","productType":1,"productTypeName":"Forecast products","productDefinitionTemplate":0,"productDefinitionTemplateName":"Analysis/forecast at horizontal level/layer at a point in time","parameterCategory":0,"parameterCategoryName":"UnknownDiscipline_0_Category_0","parameterNumber":0,"parameterNumberName":"UnknownParameter_D0_C0_0","parameterUnit":"Unknown","genProcessType":2,"genProcessTypeName":"Forecast","forecastTime":300,"surface1Type":1,"surface1TypeName":"Ground or water surface","surface1Value":0.0,"surface2Type":255,"surface2TypeName":"Missing","surface2Value":0.0,"gridDefinitionTemplate":0,"gridDefinitionTemplateName":"Latitude_Longitude","numberPoints":615,"shape":6,"shapeName":"Earth spherical with radius of 6,371,229.0 m","gridUnits":"degrees","resolution":48,"winds":"true","scanMode":64,"nx":41,"ny":15,"basicAngle":0,"lo1":47.0,"la1":41.0,"lo2":87.0,"la2":55.0,"dx":1.0,"dy":1.0}, "data":
[rows 0 to 14 of 15, columns 0 to 40 of 41]
305.06934,291.16934,298.06934,293.16934,293.06934,292.86932,300.36932,308.06934,303.86932,303.66934,301.56934,301.66934,301.36932,300.96933,300.06934,299.26935,300.06934,297.86932,300.56934,301.56934,302.76935,299.36932,300.86932,295.76935,297.66934,300.36932,294.76935,282.66934,280.66934,279.06934,276.16934,276.86932,287.96933,292.66934,292.86932,292.66934,293.76935,292.66934,292.66934,291.96933,292.16934
278.56934,298.76935,292.56934,292.76935,293.86932,292.16934,307.76935,304.36932,301.76935,300.66934,300.16934,300.06934,300.56934,300.36932,298.76935,298.46933,298.46933,298.46933,297.96933,299.36932,299.76935,300.26935,298.26935,289.96933,277.56934,279.56934,287.56934,281.96933,282.06934,274.86932,280.86932,269.66934,280.06934,251.76933,270.76935,289.76935,288.26935,290.06934,293.36932,286.46933,283.96933
303.46933,292.46933,292.86932,292.36932,290.86932,304.56934,303.36932,301.86932,299.56934,298.76935,298.86932,299.16934,298.56934,298.46933,297.86932,296.96933,296.36932,296.26935,296.26935,297.16934,297.86932,298.36932,299.06934,292.76935,295.76935,294.66934,295.26935,294.56934,292.46933,283.16934,268.36932,272.76935,281.16934,281.56934,282.16934,281.76935,272.26935,275.26935,276.76935,270.46933,270.46933
304.26935,291.96933,292.56934,292.46933,293.76935,304.36932,301.96933,301.06934,300.36932,299.16934,298.56934,294.76935,289.76935,289.26935,298.26935,297.46933,296.46933,296.46933,296.56934,297.26935,297.46933,292.66934,296.36932,296.46933,295.96933,296.36932,297.46933,293.76935,291.76935,292.06934,292.96933,289.86932,293.96933,289.76935,288.66934,284.56934,271.46933,263.26935,277.26935,285.56934,289.16934
305.16934,291.86932,291.66934,290.96933,296.76935,303.46933,303.06934,300.46933,296.86932,298.76935,298.26935,294.26935,288.46933,287.56934,286.86932,296.96933,296.56934,295.76935,295.76935,295.46933,295.86932,296.06934,294.96933,294.86932,294.76935,293.96933,290.46933,288.46933,291.56934,290.66934,293.76935,290.56934,277.56934,266.16934,279.86932,287.16934,289.86932,290.36932,291.36932,292.46933,291.86932
303.76935,302.76935,289.46933,290.66934,290.26935,290.06934,301.66934,300.16934,299.16934,298.26935,297.46933,295.96933,289.46933,288.46933,292.46933,294.96933,295.96933,294.96933,294.66934,295.16934,294.16934,293.26935,292.86932,292.46933,291.96933,290.26935,288.86932,285.96933,289.76935,290.16934,287.66934,290.16934,288.76935,287.36932,285.36932,287.86932,280.66934,283.56934,287.46933,288.76935,289.76935
301.76935,303.56934,303.16934,302.66934,296.76935,300.16934,301.16934,299.16934,298.76935,297.56934,296.56934,295.46933,294.66934,294.86932,293.96933,294.26935,294.26935,294.76935,294.36932,293.66934,292.76935,292.36932,292.06934,291.56934,289.66934,289.46933,288.56934,288.66934,288.06934,288.26935,287.26935,287.16934,286.76935,288.66934,287.66934,285.86932,280.46933,277.66934,274.96933,274.86932,283.36932
299.96933,300.56934,301.76935,302.06934,302.16934,301.46933,301.06934,299.36932,297.86932,296.36932,295.36932,294.36932,293.26935,293.66934,294.16934,294.36932,292.96933,293.76935,293.16934,291.46933,291.26935,290.56934,290.26935,289.36932,288.66934,286.06934,286.16934,286.66934,285.06934,286.36932,284.66934,284.16934,282.36932,280.26935,281.66934,281.56934,284.26935,285.46933,283.26935,282.86932,280.06934
300.26935,298.66934,298.96933,299.56934,299.76935,300.26935,298.76935,298.76935,297.56934,295.66934,294.56934,293.76935,292.96933,293.36932,292.56934,293.36932,292.66934,292.46933,291.36932,290.06934,288.26935,288.26935,288.56934,287.76935,286.06934,285.76935,283.76935,282.86932,282.06934,280.46933,281.66934,281.76935,281.96933,281.16934,281.76935,279.56934,279.86932,279.66934,268.96933,266.16934,266.66934
300.86932,297.46933,296.86932,297.76935,298.16934,298.66934,297.06934,297.16934,296.46933,295.56934,293.96933,292.56934,293.16934,292.56934,291.86932,291.96933,291.86932,291.86932,290.86932,289.96933,288.16934,287.46933,287.66934,287.46933,286.56934,284.66934,284.06934,283.26935,282.16934,281.76935,281.46933,282.36932,284.86932,282.26935,282.06934,280.06934,278.26935,273.26935,272.76935,271.46933,269.16934
300.56934,297.86932,294.36932,295.06934,296.76935,296.06934,297.26935,297.46933,296.46933,294.86932,292.86932,292.36932,292.56934,291.16934,291.46933,291.36932,290.66934,290.76935,289.96933,288.26935,288.16934,287.26935,286.26935,286.16934,285.16934,284.76935,282.76935,284.06934,282.96933,282.96933,284.56934,284.76935,284.06934,282.76935,282.36932,278.96933,274.86932,273.26935,273.66934,272.96933,272.16934
294.46933,298.46933,296.46933,292.86932,294.66934,294.26935,294.36932,294.46933,294.56934,294.06934,291.36932,290.06934,290.16934,287.96933,288.36932,289.46933,289.16934,289.06934,288.46933,287.36932,285.36932,284.56934,284.06934,284.06934,283.36932,284.16934,284.26935,284.76935,285.06934,284.26935,283.56934,284.36932,284.16934,280.36932,279.66934,279.66934,279.56934,277.56934,276.16934,276.46933,275.56934
290.16934,293.96933,292.36932,295.16934,293.26935,292.66934,292.66934,291.66934,290.36932,290.16934,286.76935,286.06934,286.76935,285.76935,286.76935,286.96933,286.76935,285.86932,285.56934,283.86932,283.66934,282.36932,281.66934,281.26935,282.26935,282.56934,284.16934,284.66934,283.96933,283.66934,284.06934,282.96933,280.26935,278.96933,280.06934,278.06934,277.26935,277.36932,275.46933,275.76935,275.86932
290.86932,292.06934,287.26935,291.96933,289.46933,289.16934,289.36932,288.86932,289.76935,287.56934,285.06934,281.56934,283.26935,283.76935,284.66934,284.46933,283.66934,283.16934,282.56934,281.76935,281.26935,281.06934,281.16934,280.86932,281.16934,281.76935,281.76935,282.06934,282.56934,282.86932,281.36932,278.36932,278.76935,276.96933,277.06934,274.96933,275.86932,275.36932,275.06934,274.36932,274.96933
288.76935,291.06934,285.06934,289.66934,288.66934,286.96933,286.46933,286.96933,287.66934,284.86932,285.16934,283.46933,282.06934,282.96933,282.86932,283.06934,282.56934,281.76935,281.26935,281.06934,280.16934,279.66934,279.66934,278.86932,279.06934,279.96933,280.46933,279.26935,279.06934,278.86932,278.76935,280.16934,277.06934,276.26935,274.96933,275.16934,275.96933,273.66934,274.16934,274.56934,274.16934
