wind_kz.json
[{"header":{"discipline":0,"disciplineName":"Meteorological products","gribEdition":2,"gribLength":871,"center":7,"centerName":"US National Weather Service - NCEP(WMC)","subcenter":0,"refTime":"2025-04-06T00:00:00.000Z","significanceOfRT":1,"significanceOfRTName":"Start of forecast","productStatus":0,"productStatusName":"Operational products","productType":1,"productTypeName":"Forecast products","productDefinitionTemplate":0,"productDefinitionTemplateName":"Analysis/forecast at horizontal level/layer at a point in time","parameterCategory":0,"parameterCategoryName":"UnknownDiscipline_0_Category_0","parameterNumber":0,"parameterNumberName":"UnknownParameter_D0_C0_0","parameterUnit":"Unknown","genProcessType":2,"genProcessTypeName":"Forecast","forecastTime":240,"surface1Type":1,"surface1TypeName":"Ground or water surface","surface1Value":0.0,"surface2Type":255,"surface2TypeName":"Missing","surface2Value":0.0,"gridDefinitionTemplate":0,"gridDefinitionTemplateName":"Latitude_Longitude","numberPoints":615,"shape":6,"shapeName":"Earth spherical with radius of 6,371,229.0 m","gridUnits":"degrees","resolution":48,"winds":"true","scanMode":64,"nx":41,"ny":15,"basicAngle":0,"lo1":47.0,"la1":41.0,"lo2":87.0,"la2":55.0,"dx":1.0,"dy":1.0},"data":[280.0,276.5,277.1,282.7,283.3,283.8,282.6,284.2,283.8,287.3,286.5,288.7,288.4,289.7,289.1,286.8,289.6,289.2,291.7,290.0,290.8,290.5,291.1,288.5,292.2,292.8,287.0,275.8,273.2,270.1,270.4,269.5,281.4,286.1,287.6,288.0,287.8,288.0,288.0,288.3,288.2,266.1,276.2,282.1,282.2,282.9,283.2,281.8,282.3,283.3,285.0,286.6,286.7,288.3,287.6,288.5,288.9,289.4,290.1,289.4,289.6,290.2,289.7,287.1,284.2,273.6,276.5,284.1,276.1,279.4,274.2,279.0,260.7,274.8,257.0,263.7,283.6,282.6,285.0,287.1,282.2,281.0,276.3,281.2,281.9,282.4,282.4,281.2,281.6,283.2,282.9,283.8,284.7,286.2,287.6,285.4,285.8,287.7,288.5,288.1,287.7,288.5,290.4,290.3,290.3,286.0,289.2,287.5,288.2,287.4,285.2,281.5,273.0,275.8,281.8,280.3,280.6,281.8,273.9,271.2,273.6,272.0,268.4,281.5,282.1,280.9,282.1,282.0,281.1,281.7,282.1,283.3,283.7,285.3,284.7,286.1,286.8,284.2,285.9,286.4,288.4,288.5,287.9,286.8,286.1,288.3,291.0,291.1,291.3,291.3,288.2,287.1,289.7,289.0,287.9,290.4,289.1,287.6,287.3,275.0,266.8,279.1,285.7,287.8,280.6,282.8,282.5,283.0,281.7,280.1,281.2,281.7,282.2,283.1,284.2,284.2,285.1,284.6,282.0,282.9,285.3,287.0,287.1,285.9,286.0,286.2,290.1,290.6,289.6,291.4,290.5,285.9,290.9,291.1,293.5,290.6,281.0,268.4,281.3,289.3,285.4,290.1,289.6,288.6,287.9,278.5,279.5,283.4,282.8,281.8,281.5,280.3,282.2,282.0,282.3,283.9,283.9,282.7,283.4,282.6,282.9,284.5,285.2,286.6,285.8,284.6,284.4,285.6,286.1,288.9,287.8,288.9,273.1,287.2,291.2,290.6,290.5,289.9,287.7,289.0,285.6,283.5,283.5,288.3,288.9,287.1,274.3,276.4,279.4,279.6,279.7,281.7,282.1,280.5,281.3,281.6,282.2,282.9,282.8,282.4,282.5,284.1,283.0,284.6,284.8,284.8,284.3,284.6,284.1,284.3,284.3,285.4,286.5,288.0,288.4,287.7,288.9,288.8,287.8,288.9,289.3,289.4,284.7,283.1,278.3,277.5,286.6,273.9,273.7,275.8,277.1,277.9,278.9,280.2,280.6,279.8,280.7,280.5,281.8,281.9,282.0,281.9,282.4,282.4,282.2,282.5,282.2,282.7,283.0,282.9,284.0,285.9,285.3,285.4,286.4,284.3,286.8,286.5,286.9,285.8,283.8,285.7,286.1,287.8,273.1,287.0,286.1,284.9,272.7,272.8,274.1,274.7,275.6,275.3,276.6,277.3,277.9,279.1,278.8,280.2,280.6,281.9,281.0,280.7,280.3,279.7,280.5,280.8,281.2,281.3,282.9,282.8,282.7,285.3,284.7,284.8,284.2,283.1,282.7,284.8,285.3,286.2,287.0,284.4,284.7,284.4,273.9,277.4,273.6,272.4,273.0,273.3,273.4,274.2,276.0,275.4,275.8,276.5,277.1,278.4,280.5,281.7,280.6,281.2,280.3,280.0,280.2,280.3,281.0,281.1,280.8,282.5,283.3,284.4,285.4,286.0,285.1,285.0,284.7,284.3,285.3,287.5,287.7,286.4,285.2,284.5,282.3,280.3,279.0,276.2,272.0,272.5,272.3,272.8,273.7,275.3,275.3,275.5,276.9,276.7,277.5,278.9,281.4,280.6,281.3,280.1,279.7,279.7,280.9,280.6,281.2,281.3,282.1,283.3,285.4,285.1,283.9,283.8,285.4,285.0,285.0,286.4,287.3,287.7,287.8,286.0,282.8,280.8,282.5,281.3,278.8,270.9,271.2,272.4,273.6,274.2,273.9,274.9,276.1,277.1,277.0,277.0,274.4,280.1,280.0,280.2,280.1,279.9,280.0,280.6,280.8,280.8,280.9,281.6,282.9,284.8,285.5,284.9,284.9,285.0,285.6,285.3,285.9,286.1,285.1,285.3,285.6,285.1,284.6,283.8,282.8,280.0,269.4,270.3,272.1,273.1,273.7,274.9,274.9,274.8,274.6,277.3,275.7,273.8,277.7,278.1,279.8,279.3,280.9,281.3,281.1,280.1,282.1,282.9,282.8,282.3,284.4,285.7,284.7,283.6,283.4,283.2,283.0,283.2,282.9,284.3,282.9,281.4,281.0,281.2,279.7,279.6,279.3,269.3,273.0,272.6,272.3,273.3,273.5,273.8,273.7,275.0,275.1,274.5,273.2,273.6,278.3,278.8,278.6,278.9,279.0,280.6,280.3,280.2,281.2,283.5,283.1,285.0,284.9,282.6,282.3,281.2,280.6,280.4,280.6,280.3,280.4,279.5,279.3,278.5,278.8,279.1,278.7,279.3,271.4,273.1,268.7,272.0,272.8,273.6,272.8,273.3,274.1,274.6,274.5,273.9,273.0,274.4,277.0,277.1,277.1,277.6,279.2,279.4,279.7,280.5,282.2,282.0,282.6,282.0,280.9,280.0,279.1,277.7,277.5,275.9,277.3,276.6,276.4,276.0,276.4,275.9,276.6,277.5,278.0]},{"header":{"discipline":0,"disciplineName":"Meteorological products","gribEdition":2,"gribLength":1025,"center":7,"centerName":"US National Weather Service - NCEP(WMC)","subcenter":0,"refTime":"2025-04-06T00:00:00.000Z","significanceOfRT":1,"significanceOfRTName":"Start of forecast","productStatus":0,"productStatusName":"Operational products","productType":1,"productTypeName":"Forecast products","productDefinitionTemplate":0,"productDefinitionTemplateName":"Analysis/forecast at horizontal level/layer at a point in time","parameterCategory":2,"parameterCategoryName":"UnknownDiscipline_0_Category_2","parameterNumber":2,"parameterNumberName":"UnknownParameter_D0_C2_2","parameterUnit":"Unknown","genProcessType":2,"genProcessTypeName":"Forecast","forecastTime":240,"surface1Type":103,"surface1TypeName":"Specified height level above ground","surface1Value":10.0,"surface2Type":255,"surface2TypeName":"Missing","surface2Value":0.0,"gridDefinitionTemplate":0,"gridDefinitionTemplateName":"Latitude_Longitude","numberPoints":615,"shape":6,"shapeName":"Earth spherical with radius of 6,371,229.0 m","gridUnits":"degrees","resolution":48,"winds":"true","scanMode":64,"nx":41,"ny":15,"basicAngle":0,"lo1":47.0,"la1":41.0,"lo2":87.0,"la2":55.0,"dx":1.0,"dy":1.0},"data":[-0.25276855,-0.30276856,0.30723146,0.83723146,0.43723145,0.26723143,-0.13276856,0.20723145,0.9372314,1.8472314,1.6372315,0.85723144,0.96723145,-2.5227685,-1.1027685,1.2872314,1.6772314,2.7872314,2.9972315,3.2672315,7.1772313,3.3972313,3.3372314,0.21723145,-2.8027685,-2.7127686,-1.0427686,-1.4527686,0.33723146,-0.66276854,-1.2527685,2.4972315,1.4772315,0.89723146,1.3472314,1.4772315,1.6172315,1.5672314,1.9372314,1.3472314,1.0672314,3.3172314,1.5172315,1.4272314,1.7272315,3.8872313,3.2472315,1.9172314,1.6772314,3.4072313,3.2572315,4.0772314,2.8472314,1.3872315,-1.3927685,-0.40276855,-0.49276856,0.58723146,1.5972314,1.1172315,-0.072768554,3.6772316,3.6272314,-0.8827686,-0.97276855,0.37723145,-0.54276854,-0.18276855,-0.85276854,-3.2827685,-3.1427686,-0.26276857,-1.0727686,2.3072314,-2.9427686,0.14723144,0.057231445,-0.31276855,-0.102768555,-0.90276855,3.0272315,1.7772315,0.46723145,0.51723146,-0.0027685547,0.14723144,1.2472315,0.09723145,1.6572315,4.757231,3.5372314,3.9872315,4.6972313,3.8572314,-0.46276855,-0.36276856,-1.1727686,-0.17276855,0.23723145,2.4372315,3.6472313,1.4172314,1.1072315,3.9272316,-1.5427686,0.36723146,-1.7627685,-2.1427686,2.2372315,2.7572315,0.20723145,0.95723146,-1.1027685,1.3072314,-0.47276855,-0.24276856,0.72723144,-0.7427685,-0.15276855,1.0172315,-1.7527685,1.7472315,2.6172314,-0.37276855,1.0172315,1.0572314,-0.82276857,-2.8827686,-1.8927685,1.2572315,-0.24276856,-0.15276855,1.0672314,3.7272315,1.7072314,-1.6327685,-0.76276857,0.65723145,0.24723144,1.8472314,2.4872315,1.9172314,1.0772314,2.1472313,-0.70276856,0.90723145,-0.59276855,1.4172314,4.4272313,2.8672314,2.0372314,5.7172313,7.9672313,6.9372315,0.13723144,1.7172314,0.25723144,-2.0727684,-2.6627686,-2.1027687,2.9372315,2.0572314,0.90723145,-0.38276854,1.7972314,3.6472313,3.2172315,2.5272315,1.6072315,1.3072314,1.7872314,2.8672314,4.0372314,1.9972315,0.95723146,2.8772314,0.29723144,-1.0827686,-0.40276855,1.6772314,1.4372314,1.6572315,2.0772314,2.4772315,1.1972314,2.2772315,1.0072315,0.45723143,2.2872314,3.0872314,3.8072314,4.9372315,4.3372316,6.5672317,6.527231,2.1172314,-1.5827686,0.46723145,1.8472314,-1.7127686,-3.2027686,-3.2827685,-2.2027686,-2.3827686,-3.1827686,3.6872315,2.3972313,4.1872315,5.1872315,5.3272314,5.7872314,3.9172316,3.6372313,2.4472315,3.7072315,4.0672317,1.9172314,1.4272314,1.7972314,-0.95276856,1.6572315,2.4872315,2.2172315,1.5772314,1.8772315,3.1272314,3.1572313,1.9372314,1.7972314,1.3272314,3.2872314,5.1172314,4.8172317,5.6972313,4.9472313,4.5972314,0.88723147,-1.6027685,-1.0727686,-0.22276856,-3.9627686,-1.7627685,-1.7727685,1.6272315,-1.1927686,-2.4927685,3.5572314,3.4472315,4.0972314,4.2972317,5.007231,6.4372315,6.8772316,3.8472314,3.5272315,3.8072314,5.6272316,3.8772314,0.40723145,2.3472314,1.1572315,1.8572315,1.9072315,2.0972314,1.4172314,2.0972314,2.7472315,2.9172316,4.1472316,3.2772315,2.8072314,2.9972315,3.1372313,4.4672313,3.1072314,3.4772315,-1.0027685,-3.3527687,-2.2327685,-2.5727684,-5.6627684,-3.8527687,-0.84276855,-1.2127686,-0.14276856,2.3472314,1.9772315,3.3872313,4.0372314,4.4372315,5.3972316,5.0172315,5.9772315,8.287231,6.4572315,4.3272314,4.5672317,4.9572315,4.9772315,1.6472315,1.0472314,0.9372314,0.5672314,1.6172315,1.9272314,2.0272315,2.4572315,2.7772315,1.6072315,2.1372313,2.3972313,2.7472315,2.6272314,3.7772315,3.5972314,1.9072315,2.6672316,-0.66276854,-2.2927685,-3.4727685,-1.7827686,-2.5227685,-1.7827686,-2.3427687,-4.0427685,-2.8927686,0.08723144,-1.7727685,3.7972314,4.2072315,5.6172314,6.6172314,6.7072315,6.5172315,8.137232,7.6072316,3.2872314,3.6572313,5.3372316,3.4972315,2.3472314,0.29723144,-0.42276856,0.89723146,1.5672314,2.0672314,2.3472314,2.4372315,2.6872315,0.83723146,0.9972314,2.1372313,1.5272315,2.9972315,2.7472315,4.007231,1.1672314,1.1172315,0.54723144,-3.1027687,-2.0627685,-3.3127685,-2.8227684,-1.3227686,-2.1027687,-1.4527686,0.037231445,-0.21276855,-1.7527685,4.2672315,5.4672313,6.4072313,7.1072316,8.297232,8.137232,8.167232,6.9572315,4.1472316,3.8572314,6.007231,5.1372313,1.5272315,0.70723146,-0.73276854,0.34723145,1.0272315,1.9772315,2.4672315,2.3972313,1.2872314,1.6172315,2.1772316,2.3672314,-3.0127685,0.48723143,1.6672314,3.8072314,1.1672314,0.32723144,0.46723145,-1.2027686,-3.2227685,-3.6227686,-2.9027686,-3.0927687,-2.1727686,-0.66276854,-1.3927685,-0.20276855,-0.33276856,4.507231,5.7272315,5.8072314,5.9972315,5.7672315,7.1372313,7.2372313,2.5872314,3.4772315,3.2772315,3.8372314,4.777231,1.0372314,-1.4227686,-1.5827686,-1.7227685,-1.2827686,-0.38276854,-1.9827685,-2.1927686,0.5072315,1.8772315,2.3772314,2.4872315,-1.0427686,-1.3827685,-0.30276856,-0.40276855,-2.3627687,-1.9427686,2.1972315,-0.19276856,-2.1127687,-1.7527685,-2.1727686,-0.77276856,-1.9827685,0.67723143,-0.78276855,1.0172315,-0.76276857,3.6372313,3.6572313,5.6472316,6.0572314,6.9172316,4.7872314,1.3572315,1.9772315,3.6072314,1.9372314,1.5772314,0.33723146,-0.22276856,0.76723146,-0.53276855,-2.7627685,-2.8127685,-3.0227685,-3.9427686,-2.2627685,-2.5427685,-0.7527686,-2.6527686,-1.2827686,-3.4227686,0.107231446,0.107231446,-1.6827686,-1.2827686,-1.0827686,-0.15276855,1.5672314,0.39723146,2.2372315,0.37723145,-2.0827684,-0.51276857,0.38723144,0.43723145,-0.15276855,-1.2127686,2.6372313,3.9572315,4.6772313,3.5072315,1.1472315,-2.3827686,-0.42276856,-0.45276856,0.70723146,1.5372314,-1.3527685,-0.9927685,1.5772314,-0.9927685,-5.5127687,-5.1727686,-4.742769,-3.8727686,-2.7327685,-2.6227686,-1.9527686,-1.3027686,-1.1727686,-1.9827685,-2.0527685,0.48723143,-1.3427685,-1.9727685,-2.6227686,-2.6427686,-2.3827686,-2.8227684,-3.4227686,-3.0127685,-1.9627686,-2.3527687,-1.8827685,-1.3427685,-1.8827685,-2.6827686,-2.8627687,1.5972314,2.5972314,0.95723146,-1.6727686,-2.0727684,-2.7127686,-0.70276856,-2.1627686,-2.6327686,-0.82276857,-1.2927686,-2.5627685,-1.7327685,-2.9527686,-5.472769,-6.1727686,-6.1227684,-4.6127687,-4.0127687,-2.7527685,-2.2227685,-1.6427685,-2.0527685,-2.8327684,-4.3327684,-1.0527686,-2.4427686,-2.2927685,-3.0427685,-2.7827685,-2.1227686,-3.0327685,-2.6727686,-2.5127685,-1.9227686,-2.1527686,-2.4827685,-2.3927686,-3.4027686,-3.6927686,-2.4527686,-0.61276853,0.077231444,-1.2427685,-3.4527686,-2.9727685,-1.7527685,-1.6827686,-2.8527687,-1.8027686,-2.6427686,-2.8527687,-2.5727684,-2.7027686,-2.6727686,-7.1227684,-6.1927686,-6.1627684,-5.0227685,-2.7927685,-3.2027686,-1.9627686,-2.3827686,-2.8627687,-3.1827686,-2.2927685,-2.3727686,-2.5927687,-2.9027686,-2.5727684,-2.9927685,-2.7127686,-2.5927687,-2.5827684,-2.5427685,-2.7627685,-2.5127685,-2.1527686,-3.4027686,-2.0227685,-1.2427685,-1.3527685]},{"header":{"discipline":0,"disciplineName":"Meteorological products","gribEdition":2,"gribLength":1025,"center":7,"centerName":"US National Weather Service - NCEP(WMC)","subcenter":0,"refTime":"2025-04-06T00:00:00.000Z","significanceOfRT":1,"significanceOfRTName":"Start of forecast","productStatus":0,"productStatusName":"Operational products","productType":1,"productTypeName":"Forecast products","productDefinitionTemplate":0,"productDefinitionTemplateName":"Analysis/forecast at horizontal level/layer at a point in time","parameterCategory":2,"parameterCategoryName":"UnknownDiscipline_0_Category_2","parameterNumber":3,"parameterNumberName":"UnknownParameter_D0_C2_3","parameterUnit":"Unknown","genProcessType":2,"genProcessTypeName":"Forecast","forecastTime":240,"surface1Type":103,"surface1TypeName":"Specified height level above ground","surface1Value":10.0,"surface2Type":255,"surface2TypeName":"Missing","surface2Value":0.0,"gridDefinitionTemplate":0,"gridDefinitionTemplateName":"Latitude_Longitude","numberPoints":615,"shape":6,"shapeName":"Earth spherical with radius of 6,371,229.0 m","gridUnits":"degrees","resolution":48,"winds":"true","scanMode":64,"nx":41,"ny":15,"basicAngle":0,"lo1":47.0,"la1":41.0,"lo2":87.0,"la2":55.0,"dx":1.0,"dy":1.0},"data":[1.0375488,-1.6124512,-1.9924512,-4.482451,-2.822451,-1.8124511,-1.8924512,-2.0424511,-0.49245116,-0.58245116,-1.1124512,-2.092451,-0.042451173,2.867549,2.4475489,-0.71245116,-1.4524512,-0.85245115,0.97754884,-1.0224512,-6.0224514,-2.7724512,-2.5124512,-0.9324512,-0.18245117,-0.65245116,-0.45245117,1.7475488,3.5175488,4.597549,-0.6924512,-2.4524512,1.8075489,-1.3224511,1.5875489,1.5975488,0.79754883,1.0975488,0.6875488,0.5675488,0.23754883,5.887549,-1.8724512,-4.132451,-4.722451,-3.3124511,-0.83245116,-0.33245116,1.3275489,0.32754883,0.33754882,-0.83245116,-1.4924512,2.7475488,2.7775488,1.6375488,-1.0624511,-2.4524512,-0.8124512,1.1275488,-2.582451,-6.0624514,-3.8124511,-2.6624513,0.6275488,-1.4124511,-2.872451,-2.1824512,3.2675488,1.0875489,2.0675488,5.947549,5.1875486,-0.38245118,-3.132451,-5.732451,-2.132451,-1.5224512,-2.862451,-0.102451175,-1.1824511,1.3875488,-1.9824512,-4.212451,-6.252451,-7.3124514,-7.862451,1.5175488,0.16754884,-0.30245116,2.397549,1.6975489,1.8075489,1.6975489,4.0675488,3.4475489,2.5175488,-0.6824512,-1.7924511,-2.8124511,-2.2524512,-3.0624511,-1.8024511,-1.8724512,-0.5524512,-1.8724512,-0.35245118,1.4175488,0.9975488,-0.08245117,-0.46245116,3.407549,-0.91245115,0.64754885,1.3975488,-1.2224512,-0.32245117,3.7775488,5.217549,-0.14245117,0.6875488,-1.5024512,-0.44245118,-4.212451,-5.222451,-4.8524513,-6.942451,-6.112451,-5.8524513,-6.842451,-5.2924514,-4.482451,-3.5424511,0.8875488,3.7075489,6.1275487,4.9175487,1.7775488,-0.53245115,-1.5724511,-3.342451,-1.9724512,-2.4324512,-4.0224514,-0.96245116,-2.352451,-3.1424513,-0.77245116,-2.0524511,-0.05245117,0.8775488,0.36754882,-2.4924512,-3.832451,2.4675488,0.11754883,0.35754883,0.6175488,-3.5024512,-1.5824512,1.4375489,5.257549,2.7575488,1.1375488,-2.0224512,-5.402451,-6.752451,-5.3124514,-5.632451,-2.882451,-4.192451,-3.6724513,-4.152451,-3.2924511,-3.2024512,2.9775488,4.537549,4.747549,4.237549,1.1475488,-1.1624511,-2.862451,-2.2424512,-0.58245116,-2.4324512,-2.7524512,-2.132451,-2.0024512,-2.862451,-1.8824512,-0.18245117,-2.0424511,-0.65245116,-1.4824512,-0.23245117,2.2675488,2.5675488,3.4575489,-0.31245118,-1.5224512,0.5575488,-0.26245117,-3.2824512,0.017548827,1.0975488,-0.49245116,-1.1524512,-4.702451,-4.8124514,-4.5424514,-4.4124513,-3.3924513,-4.172451,-4.6024513,-2.3124511,-2.082451,3.4475489,3.2675488,5.177549,4.0875487,2.117549,0.25754884,-0.39245117,-2.352451,-1.8424512,0.31754884,-0.6324512,-1.5424511,-1.6924511,-2.0024512,-3.8924513,-3.102451,-2.2224512,-4.362451,-2.5624511,-0.5124512,3.1875489,3.2375488,0.58754885,3.147549,3.667549,3.9475489,3.6875489,-3.5224512,-2.8924513,0.8775488,-0.95245117,-1.5724511,-2.2124512,-2.602451,-3.362451,-2.4724512,-3.0224512,-1.1624511,-2.582451,-2.9724512,-2.0124512,3.157549,5.9575486,4.2275486,3.8275487,2.867549,2.5275488,-1.7924511,-2.4724512,-2.4524512,-1.9224511,0.20754883,-0.42245117,-1.3224511,-0.8824512,-1.6224512,-3.4224513,-3.612451,-5.0224514,2.0975487,3.5775487,1.0275488,0.44754884,2.2675488,0.6275488,-0.19245118,-2.2424512,-1.8024511,-0.36245117,0.34754884,1.7875488,1.6775489,0.43754882,0.9875488,-0.42245117,-0.7324512,-2.5124512,-1.2224512,2.0575488,2.2075489,-2.0224512,-1.8324512,2.9875488,6.077549,4.177549,4.1075487,4.117549,2.7675488,0.9875488,-1.2824512,-1.8724512,-2.132451,-1.4324511,-1.4824512,-1.7024512,-0.52245116,-0.71245116,-2.6924512,-4.1224513,-2.852451,0.43754882,2.157549,3.5475488,0.52754885,-1.9624512,0.34754884,0.34754884,0.3775488,0.23754883,-0.7324512,1.2575488,-1.0724511,2.1075487,1.5375488,0.70754886,0.35754883,0.21754883,0.7475488,-0.5724512,1.3275489,3.167549,2.3375487,-1.9624512,2.5375488,5.447549,4.577549,4.6275487,3.667549,2.8475487,1.7475488,0.7475488,-0.32245117,0.14754882,0.16754884,-2.4324512,-3.2624512,-2.2824512,-2.0424511,-0.72245115,-0.97245115,-1.3624512,-2.112451,-2.332451,2.177549,2.907549,1.7675488,1.8275489,2.0475488,-2.862451,1.2175488,2.5075488,0.5575488,-1.1624511,2.677549,2.0775487,1.5975488,1.6375488,1.8175489,2.3475487,0.72754884,4.527549,5.2275486,3.367549,0.9475488,0.32754883,5.637549,6.9775486,5.257549,3.7175488,2.877549,2.0875487,1.5475488,0.8075488,1.0275488,0.07754883,-0.95245117,-1.5124512,-0.97245115,-3.7024512,-4.342451,-0.70245117,0.6275488,-0.32245117,-1.9124511,-3.4224513,-2.2824512,-0.64245117,-0.18245117,-0.72245115,-0.08245117,-1.0524511,0.90754884,3.3375487,2.637549,2.7075489,2.0675488,1.3775488,0.8875488,2.407549,2.6975489,3.3475487,3.907549,4.757549,3.8275487,3.627549,2.137549,1.1475488,6.237549,5.557549,4.3975487,3.8275487,2.4575489,2.2175488,1.2375488,0.107548825,-0.6324512,-1.2924511,-2.1824512,1.3975488,-0.5724512,-2.612451,-2.372451,-0.95245117,-0.8724512,-3.2324512,-1.5924512,-1.5224512,-3.0524511,-1.4224511,0.78754884,0.5675488,1.6275488,1.1175488,1.4075488,1.2575488,2.2575488,2.137549,1.6375488,1.7075489,0.46754882,3.8475487,3.3575487,-0.6224512,0.38754883,3.9975488,3.1975489,2.9975488,7.3375487,1.6575488,5.697549,4.4375486,2.897549,1.9575489,0.5675488,0.5075488,-0.43245116,-2.0324512,-1.0324512,-1.0024512,-0.3724512,-3.8124511,-0.54245114,-2.5024512,-1.6824511,0.59754884,-1.6424512,0.84754884,-0.11245117,-0.5124512,0.9875488,-2.322451,-1.4624512,0.29754883,0.65754884,0.6975488,-0.6724512,2.0475488,0.8775488,1.0275488,2.177549,2.8475487,0.5575488,-1.4424511,2.647549,-1.7324512,5.1075487,2.3475487,1.7375488,4.3975487,4.017549,5.757549,3.8475487,2.177549,1.3375489,-0.39245117,-1.4324511,-1.8124511,-2.0624511,-1.4624512,-1.0924512,-0.12245117,0.5775488,-2.0624511,-1.3324512,-2.122451,-2.102451,-2.7024512,-1.8324512,-0.072451174,-1.2324512,-0.8624512,-0.022451172,-1.9124511,-1.0924512,-0.32245117,0.84754884,2.0675488,2.0075488,-0.09245117,1.8375489,2.5875487,1.2875488,1.1575488,0.33754882,2.147549,0.7475488,-1.3224511,0.45754883,0.65754884,-0.21245117,3.3275487,4.777549,3.367549,1.8075489,-0.062451173,-0.35245118,-1.3424512,-2.2724512,-1.9924512,-2.342451,-3.1724513,-1.2324512,-1.6324512,-1.6924511,-2.332451,-2.9224513,-2.9424512,-3.2424512,-2.7824512,-2.372451,-1.8724512,-1.7724512,-2.0024512,-1.1924511,-0.96245116,-0.83245116,-0.08245117,-0.072451174,1.7875488,0.84754884,1.4975488,1.7775488,1.5475488,0.6375488,0.6975488,0.27754882,-0.6124512,0.36754882,0.49754882,-1.1624511,0.6775488,0.24754883,1.6675488,0.9275488,0.78754884,-0.30245116,-1.6724511,-2.1624513,-2.822451,-2.0124512,-1.7024512,-3.1624513,-2.9124513,-1.8924512,-1.4324511,-2.2524512,-1.6524512,-1.9924512,-2.9024513,-2.9524512,-2.352451,-2.572451,-1.9824512,-2.5124512,-1.7024512,-0.24245118,-1.1524512,-1.7624512,-0.30245116]}]