wind_kz.json
{"header": {"discipline":0,"disciplineName":"Meteorological products","gribEdition":2,"gribLength":1025,"center":7,"centerName":"US National Weather Service - NCEP(WMC)","subcenter":0,"refTime":"2023-08-18T18:00:00.000Z","significanceOfRT":1,"significanceOfRTName":"Start of forecast","productStatus":0,"productStatusName":"Operational products","productType":1,"productTypeName":"Forecast products","productDefinitionTemplate":0,"productDefinitionTemplateName":"Analysis/forecast at horizontal level/layer at a point in time","parameterCategory":2,"parameterCategoryName":"UnknownDiscipline_0_Category_2","parameterNumber":3,"parameterNumberName":"UnknownParameter_D0_C2_3","parameterUnit":"Unknown","genProcessType":2,"genProcessTypeName":"Forecast","forecastTime":300,"surface1Type":103,"surface1TypeName":"Specified height level above ground","surface1Value":10.0,"surface2Type":255,"surface2TypeName":"Missing","surface2Value":0.0,"gridDefinitionTemplate":0,"gridDefinitionTemplateName":"Latitude_Longitude","numberPoints":615,"shape":6,"shapeName":"Earth spherical with radius of 6,371,229.0 m","gridUnits":"degrees","resolution":48,"winds":"true","scanMode":64,"nx":41,"ny":15,"basicAngle":0,"lo1":47.0,"la1":41.0,"lo2":87.0,"la2":55.0,"dx":1.0,"dy":1.0}, "data":
[rows 0 to 14 of 15, columns 0 to 40 of 41]
1.0157056,2.1057055,-0.88429445,0.68570554,1.4357055,0.30570558,3.0457056,2.1957057,0.7157056,0.6457056,-1.5042944,-2.7542944,-4.0642943,-3.6542945,-4.2642946,-5.5142946,-6.6742945,-5.7442946,-6.3842945,-4.3342943,-3.9442945,-3.1042945,2.0457056,1.5357056,1.4557055,1.6057056,1.1057056,-1.7942945,-1.3842944,2.3757055,-0.25429443,1.7057055,-0.16429444,-0.6042944,1.7157055,0.7557056,1.3457055,0.17570557,-0.94429445,2.5557055,0.74570554
1.9257056,-1.6142944,1.4057056,4.6857057,3.0357056,1.9257056,3.3357055,1.9257056,0.93570554,0.79570556,0.35570556,-2.3642945,-2.8242943,-3.6442945,-4.8142943,-5.3642945,-5.3042946,-6.4242945,-6.6042943,-7.2442946,-8.784294,-5.2642946,1.0357056,-2.0442944,2.0357056,2.5057056,3.3457055,-0.17429443,0.055705566,1.0457056,-0.90429443,1.0757055,0.33570558,0.40570557,-2.0142944,3.4557056,2.1757057,2.2357056,2.1857057,1.7957056,1.1057056
-1.4442945,0.87570554,4.9257054,3.8757055,3.5057056,4.1457057,2.8057055,1.7557056,2.5657055,1.4057056,-1.2042944,-2.2942944,-3.2342944,-3.4242945,-4.2842946,-5.3642945,-5.8542943,-6.3742943,-7.3442945,-7.7142944,-6.6642942,-5.3042946,-6.9442945,-3.9842944,-2.8242943,-2.5642943,-2.1842945,-1.9642944,-1.6142944,-2.9642944,0.34570557,0.15570557,-1.0642945,1.6257056,0.8857056,-1.9442945,1.2457056,2.1157055,-0.81429446,1.1057056,0.9657056
3.0757055,3.2357056,3.7657056,3.4957056,4.9557056,4.0057054,3.6257055,2.5957055,2.4457057,1.4857056,-0.8442944,-2.3542945,-1.8642944,-3.2142944,-3.7742944,-5.0042944,-5.204294,-6.1442943,-7.2342944,-7.5142946,-6.184294,-6.6942945,-2.7642944,-3.1742945,-3.5142944,-4.1242943,-3.6042945,-3.2642944,-3.5942945,-3.6642945,-1.3842944,0.93570554,0.40570557,-0.46429443,-0.22429444,2.2657056,3.8557055,2.5657055,-4.0642943,-2.8242943,-1.3342944
4.8957057,6.8957057,4.9857054,2.1657057,2.3857055,3.8057055,3.3057055,2.9457057,2.4557056,0.74570554,-0.18429443,-0.9142944,-2.0042944,-2.1742945,-3.1242945,-3.4842944,-4.5242944,-5.204294,-5.8342943,-6.4742947,-6.5742946,-6.5342946,-6.1042943,-3.6042945,-2.6742945,-1.9442945,-2.0442944,-2.6342945,-0.81429446,-1.7242944,-2.8842945,-2.4142945,-1.8042945,0.5257056,1.0157056,1.4257056,1.4157056,0.15570557,-0.24429443,0.08570556,0.7057056
6.7257056,6.3057055,3.6757057,3.2957056,3.9957056,3.0757055,4.5157056,3.2957056,1.4457055,0.87570554,-1.4742944,-2.5742943,-1.6442944,-1.6042944,-4.3842945,-3.1542945,-2.8442945,-3.5042944,-4.934294,-6.3542943,-6.954294,-6.7142944,-6.8842945,-6.3642945,-5.3942943,-2.9542944,-3.0342944,-3.6742945,-3.5142944,0.09570557,-0.7242944,-1.3142945,-0.11429443,-1.1142944,-2.4542944,-1.7942945,-4.0342946,-3.3042943,0.23570557,1.7357056,1.7357056
4.8857055,5.4957056,6.3857055,5.0957055,4.9057055,5.2557054,4.2157054,2.7257056,1.7957056,0.33570558,-0.5342944,-1.3242944,-2.3342943,-3.1242945,-2.7742944,-2.8942945,-3.3042943,-4.4842944,-5.9942946,-5.5842943,-6.3142943,-6.4442945,-6.8042946,-6.5742946,-5.6242943,-3.6942945,-4.184294,-3.8142943,-4.5942945,-4.1942945,-3.3542945,-3.5342944,-6.4142942,-5.2142944,0.91570556,0.36570558,3.9657056,2.2857056,-1.6042944,2.1657057,-0.89429444
3.8357055,4.6957054,5.7657056,5.0957055,3.7757056,4.8857055,3.6857057,3.1157055,1.6057056,0.45570555,-0.0042944336,0.0057055666,-1.0342945,-0.5542944,-1.3742944,-2.3042943,-3.6542945,-4.8342943,-5.5042944,-3.7642944,-4.1242943,-5.3542943,-5.9242945,-6.0042944,-5.9042945,-5.5842943,-5.5042944,-3.9042945,-1.9442945,-4.0742946,-3.8442945,-4.6242943,-4.2942944,-6.7642946,-5.1342945,-4.7442946,-5.1542945,-2.0142944,-1.9942944,-1.0242944,3.1057055
2.3557055,2.8657055,4.5157056,4.9257054,4.3357058,4.0057054,4.2557054,2.8557055,2.5357056,0.43570557,0.24570556,0.21570557,1.0357056,0.34570557,-0.36429444,-2.1242945,-2.6042945,-3.3642945,-4.3842945,-4.8242946,-4.1342945,-4.7342944,-5.7842946,-5.204294,-5.3042946,-5.0642943,-4.1742945,-4.2242947,-4.5542946,-3.2942944,-4.5042944,-5.4042945,-5.0742946,-5.2442946,-4.7942944,-4.8242946,-0.8042944,-2.5642943,2.9057055,0.85570556,3.8657055
2.2657056,2.2457056,3.1457055,3.2757056,3.3457055,2.7257056,2.9757056,2.6357055,1.3657056,0.24570556,-0.43429443,-0.04429443,2.7157056,1.9857056,0.31570557,-1.3142945,-2.6542945,-4.184294,-3.3042943,-3.1642945,-3.4342945,-3.9242945,-3.9042945,-4.4142942,-4.2642946,-4.0242944,-4.1442943,-4.2842946,-4.2942944,-3.9442945,-4.6442943,-4.3542943,-4.4042945,-4.5042944,-3.5242944,-3.2042944,-1.4142945,2.1957057,1.1857055,4.2257056,2.2957056
3.7957056,3.6057055,3.4357057,3.7357056,3.4057055,2.6957057,1.9657055,0.8957056,1.0357056,0.7157056,-0.07429443,0.40570557,2.8457055,3.2557056,2.1257055,0.15570557,-0.43429443,-1.2042944,-1.8742944,-2.4742944,-2.7542944,-2.7742944,-3.1542945,-3.7242944,-3.4642944,-4.2942944,-4.6642942,-4.7542944,-4.7842946,-5.0242944,-4.5542946,-3.3342943,-3.3142943,-3.1042945,-1.9542944,-0.63429445,0.53570557,-0.65429443,-0.75429446,1.8957056,1.5857055
3.0257056,0.8257056,1.3357055,3.9657056,4.2357054,2.5457056,2.3357055,2.6457055,1.8257055,2.3657055,3.0657055,2.8257055,1.9357055,2.1557055,2.2857056,0.22570556,-0.11429443,-0.34429443,-1.2442944,-2.4242945,-2.7542944,-1.9042945,-2.6542945,-2.7142944,-4.8742943,-5.2642946,-4.5842943,-5.0342946,-5.2142944,-5.0242944,-4.2442946,-3.5342944,-2.3742945,-2.0442944,-1.4442945,-0.57429445,3.3157055,1.9857056,-0.054294433,-1.4442945,0.7057056
1.7457056,1.7157055,1.3757056,0.8957056,1.0857055,1.1757056,1.9157056,2.3257055,3.8757055,2.5957055,1.1357056,0.9657056,1.8257055,1.8957056,1.0457056,0.12570557,0.035705566,-0.64429444,-1.4942944,-0.9942944,-1.7042944,-1.9042945,-3.1442945,-3.6942945,-5.0442944,-3.9442945,-4.3242946,-5.3242946,-5.3242946,-4.7842946,-4.8042946,-4.1242943,-3.0342944,-0.29429445,-1.7142944,-0.75429446,0.045705568,1.1857055,2.8857055,3.6457055,1.3157055
1.9157056,0.25570557,-0.7242944,1.5457056,1.3957056,1.5157056,0.84570557,1.3757056,0.60570556,0.86570555,0.80570555,0.62570554,1.0057056,1.8957056,1.2357056,0.42570555,-0.58429444,-2.3642945,-2.7742944,-2.8442945,-2.2742944,-2.9342945,-3.2342944,-3.2742944,-3.2242944,-3.6042945,-3.8942945,-4.5342946,-5.0642943,-5.6442943,-4.8842945,-3.8142943,-2.8742945,-2.1542945,-1.3442944,-0.34429443,0.56570554,0.9057056,1.5957055,3.0357056,5.1357055
0.25570557,0.34570557,-2.0542943,1.1657056,0.14570557,1.0357056,0.12570557,-0.43429443,-1.0242944,-0.6642944,-0.30429444,1.3557056,1.8057055,3.3357055,2.7757056,0.92570555,-1.6242944,-2.6342945,-2.5842943,-2.7942944,-2.7942944,-2.7942944,-2.9142945,-2.9742944,-4.0242944,-4.6642942,-5.0042944,-4.3342943,-4.1742945,-4.1442943,-4.9242945,-4.6442943,-5.0242944,-2.4342945,-1.5442945,-0.7942944,-1.6342944,0.075705566,1.6757056,3.2957056,3.9457057
