wind_kz.json
{"header": {"discipline":0,"disciplineName":"Meteorological products","gribEdition":2,"gribLength":871,"center":7,"centerName":"US National Weather Service - NCEP(WMC)","subcenter":0,"refTime":"2023-09-25T06:00:00.000Z","significanceOfRT":1,"significanceOfRTName":"Start of forecast","productStatus":0,"productStatusName":"Operational products","productType":1,"productTypeName":"Forecast products","productDefinitionTemplate":0,"productDefinitionTemplateName":"Analysis/forecast at horizontal level/layer at a point in time","parameterCategory":0,"parameterCategoryName":"UnknownDiscipline_0_Category_0","parameterNumber":0,"parameterNumberName":"UnknownParameter_D0_C0_0","parameterUnit":"Unknown","genProcessType":2,"genProcessTypeName":"Forecast","forecastTime":180,"surface1Type":1,"surface1TypeName":"Ground or water surface","surface1Value":0.0,"surface2Type":255,"surface2TypeName":"Missing","surface2Value":0.0,"gridDefinitionTemplate":0,"gridDefinitionTemplateName":"Latitude_Longitude","numberPoints":615,"shape":6,"shapeName":"Earth spherical with radius of 6,371,229.0 m","gridUnits":"degrees","resolution":48,"winds":"true","scanMode":64,"nx":41,"ny":15,"basicAngle":0,"lo1":47.0,"la1":41.0,"lo2":87.0,"la2":55.0,"dx":1.0,"dy":1.0}, "data":
[rows 0 to 14 of 15, columns 0 to 40 of 41]
291.81696,283.61697,287.71698,293.31696,293.21698,292.51697,294.71698,297.31696,294.61697,292.61697,292.01697,292.51697,291.91696,291.71698,291.31696,289.21698,289.11697,289.71698,289.11697,289.71698,291.21698,287.81696,287.21698,283.71698,287.31696,289.01697,286.51697,273.71698,272.61697,273.31696,273.81696,275.31696,283.21698,288.01697,289.31696,289.61697,288.21698,289.61697,290.21698,290.41696,288.91696
273.11697,290.21698,292.81696,293.01697,292.91696,291.81696,294.91696,293.51697,291.41696,291.31696,292.21698,290.91696,290.71698,289.51697,288.91696,289.31696,288.01697,288.61697,287.21698,287.31696,285.11697,287.61697,286.41696,281.31696,271.71698,270.91696,281.21698,273.71698,274.81696,270.01697,275.11697,268.91696,276.81696,252.41696,271.81696,286.41696,284.01697,286.21698,289.41696,282.71698,283.71698
289.91696,292.71698,293.01697,292.31696,290.81696,293.01697,291.71698,291.01697,290.31696,289.71698,289.11697,289.81696,288.51697,289.51697,291.01697,289.41696,287.11697,286.31696,287.21698,285.31696,288.01697,289.61697,288.71698,283.61697,284.11697,284.91696,286.51697,285.21698,285.01697,277.71698,265.21698,267.91696,276.31696,276.41696,278.71698,278.01697,269.81696,271.71698,272.81696,270.11697,269.51697
293.11697,291.81696,292.51697,291.71698,291.31696,292.11697,292.31696,291.61697,291.71698,289.81696,288.91696,288.41696,290.61697,290.11697,290.71698,288.91696,289.41696,288.41696,287.91696,287.01697,288.61697,282.21698,287.41696,288.81696,288.51697,288.91696,289.21698,287.81696,284.61697,285.51697,287.31696,284.41696,288.41696,286.91696,284.71698,281.61697,269.11697,262.51697,272.11697,280.51697,284.01697
292.61697,291.21698,291.41696,290.81696,291.31696,292.71698,293.31696,292.71698,291.71698,290.41696,289.01697,287.71698,289.41696,288.41696,287.01697,289.91696,289.41696,288.71698,286.61697,289.11697,289.01697,288.91696,288.21698,287.81696,287.11697,287.61697,285.71698,286.41696,286.11697,286.51697,288.41696,284.91696,272.81696,257.51697,277.11697,285.41696,287.01697,285.91696,285.21698,285.31696,285.81696
290.81696,291.01697,290.21698,290.91696,291.21698,290.91696,292.11697,292.91696,291.51697,291.31696,290.81696,290.21698,289.21698,289.21698,289.11697,289.51697,291.21698,289.21698,289.41696,289.31696,288.61697,287.91696,287.61697,287.21698,286.31696,284.61697,284.91696,287.51697,287.11697,287.41696,285.41696,286.91696,286.11697,284.81696,282.71698,286.61697,276.71698,279.31696,283.11697,285.41696,285.11697
292.11697,291.81696,294.11697,292.91696,291.21698,291.21698,292.01697,291.41696,291.81696,292.81696,291.21698,290.81696,290.41696,290.31696,289.61697,290.41696,290.51697,290.41696,288.71698,288.11697,287.51697,288.31696,288.21698,287.71698,285.61697,285.71698,284.31696,285.61697,285.81696,285.91696,285.21698,285.51697,285.41696,286.11697,284.81696,282.51697,277.91696,274.21698,273.71698,272.01697,282.31696
290.71698,289.31696,291.31696,293.51697,293.11697,293.81696,292.91696,292.21698,290.41696,290.21698,290.41696,290.91696,290.21698,290.51697,291.21698,291.81696,290.71698,290.01697,288.61697,286.21698,285.71698,285.61697,286.11697,286.11697,284.91696,281.51697,282.41696,283.31696,281.91696,283.71698,282.41696,282.81696,281.51697,279.11697,279.21698,280.71698,282.61697,286.21698,281.71698,282.11697,278.71698
288.91696,290.41696,290.51697,291.71698,291.91696,292.41696,291.91696,291.41696,290.11697,289.31696,288.81696,289.11697,289.61697,290.51697,289.51697,290.21698,289.71698,289.31696,288.31696,286.71698,284.21698,283.31696,284.61697,284.31696,282.01697,282.51697,280.21698,279.91696,279.11697,277.41696,279.51697,280.01697,280.71698,281.31696,279.61697,278.51697,278.81696,278.31696,263.01697,263.81696,262.71698
288.61697,290.61697,289.71698,289.11697,289.61697,290.91696,290.31696,289.51697,289.71698,289.01697,287.91696,288.01697,288.81696,289.21698,289.11697,288.91696,287.91696,287.61697,287.81696,287.01697,285.01697,284.51697,284.61697,284.41696,283.71698,281.11697,281.91696,280.91696,280.91696,280.11697,280.81696,282.51697,283.51697,283.11697,280.81696,279.61697,277.91696,273.71698,269.51697,267.51697,267.51697
290.11697,288.31696,288.31696,287.51697,287.61697,289.91696,290.31696,288.21698,288.21698,288.01697,287.51697,287.51697,289.71698,287.51697,287.31696,287.41696,287.31696,287.61697,286.91696,285.71698,285.71698,285.01697,283.81696,284.11697,283.11697,282.71698,280.41696,282.11697,282.11697,284.51697,285.01697,284.71698,283.81696,284.01697,283.21698,279.91696,275.01697,271.81696,272.41696,271.01697,266.81696
287.61697,287.91696,289.41696,290.31696,289.51697,290.11697,289.51697,287.91696,286.81696,286.91696,284.91696,285.21698,286.21698,285.71698,286.61697,286.71698,286.61697,286.51697,286.41696,285.91696,284.61697,284.01697,283.41696,282.91696,282.41696,283.01697,283.01697,284.31696,284.71698,285.01697,284.71698,284.31696,284.21698,282.21698,282.61697,281.21698,280.61697,279.21698,278.11697,277.61697,276.41696
284.11697,285.11697,286.81696,287.21698,287.81696,290.11697,289.01697,287.41696,285.81696,286.21698,283.71698,282.61697,284.21698,283.81696,285.71698,286.11697,286.01697,285.51697,285.61697,285.01697,284.71698,283.91696,283.51697,283.31696,284.21698,284.91696,285.61697,285.21698,285.11697,284.81696,284.61697,284.61697,283.41696,283.31696,283.01697,282.11697,281.11697,281.21698,279.51697,278.51697,278.11697
282.31696,281.91696,285.51697,286.61697,286.51697,286.01697,285.51697,285.91696,286.81696,285.81696,283.81696,280.41696,282.71698,284.51697,284.71698,285.81696,286.01697,285.61697,284.71698,285.31696,285.21698,284.91696,285.31696,285.51697,286.01697,285.61697,285.21698,285.61697,284.81696,284.51697,284.21698,284.01697,283.21698,282.01697,282.91696,280.61697,280.81696,280.01697,279.31696,277.91696,278.91696
284.41696,285.11697,285.61697,283.91696,285.51697,285.61697,286.31696,284.11697,285.31696,284.41696,284.61697,283.41696,283.61697,283.01697,284.31696,285.01697,284.31696,284.61697,283.81696,284.21698,285.01697,284.91696,285.11697,284.91696,284.91696,285.01697,285.11697,284.61697,284.61697,284.21698,284.21698,284.41696,283.11697,282.41696,282.11697,281.91696,281.91696,280.31696,281.51697,280.91696,280.41696
