wind_kz.json
{"header": {"discipline":0,"disciplineName":"Meteorological products","gribEdition":2,"gribLength":1025,"center":7,"centerName":"US National Weather Service - NCEP(WMC)","subcenter":0,"refTime":"2023-09-22T18:00:00.000Z","significanceOfRT":1,"significanceOfRTName":"Start of forecast","productStatus":0,"productStatusName":"Operational products","productType":1,"productTypeName":"Forecast products","productDefinitionTemplate":0,"productDefinitionTemplateName":"Analysis/forecast at horizontal level/layer at a point in time","parameterCategory":2,"parameterCategoryName":"UnknownDiscipline_0_Category_2","parameterNumber":3,"parameterNumberName":"UnknownParameter_D0_C2_3","parameterUnit":"Unknown","genProcessType":2,"genProcessTypeName":"Forecast","forecastTime":300,"surface1Type":103,"surface1TypeName":"Specified height level above ground","surface1Value":10.0,"surface2Type":255,"surface2TypeName":"Missing","surface2Value":0.0,"gridDefinitionTemplate":0,"gridDefinitionTemplateName":"Latitude_Longitude","numberPoints":615,"shape":6,"shapeName":"Earth spherical with radius of 6,371,229.0 m","gridUnits":"degrees","resolution":48,"winds":"true","scanMode":64,"nx":41,"ny":15,"basicAngle":0,"lo1":47.0,"la1":41.0,"lo2":87.0,"la2":55.0,"dx":1.0,"dy":1.0}, "data":
[rows 0 to 14 of 15, columns 0 to 40 of 41]
1.4078588,2.037859,-4.2021413,-9.952141,-8.392141,-6.7421412,-5.832141,-1.0421411,3.277859,5.657859,5.687859,-2.0721412,-1.5821412,-0.4521411,-0.042141113,-1.2121412,0.11785889,-0.28214112,-0.8721411,-0.3221411,0.34785888,-1.7121412,0.007858886,0.057858888,1.8178589,0.03785889,0.057858888,-0.5121411,1.5778589,3.6478589,2.307859,1.4378589,-0.4821411,0.7178589,0.03785889,-0.7821411,1.0278589,0.30785888,-0.14214112,3.037859,2.7178588
0.7478589,1.0278589,-8.782141,-9.442142,-8.112141,-3.992141,-2.472141,0.047858886,3.527859,0.69785887,-0.4121411,4.147859,0.11785889,1.1078589,-0.3221411,-1.3021411,-0.6421411,-0.5821411,-0.34214112,-1.4521412,-1.8021411,-2.472141,-1.7621411,-0.2921411,0.94785887,2.4578588,2.4478588,1.6178589,1.5678589,2.587859,1.9778589,4.497859,1.4078588,1.9678589,1.8678589,2.7378588,1.3478589,2.2078588,1.0978589,1.7278589,-1.1121411
-2.632141,-7.772141,-8.142141,-8.582141,-8.382141,-6.562141,4.3578587,5.927859,7.117859,4.077859,2.1478589,1.4678589,0.19785888,0.63785887,-0.15214111,-0.6821411,-0.3321411,0.25785887,-0.21214111,-0.4821411,-1.4121411,-2.1221411,-2.3421412,-0.92214113,-1.4821411,-1.5021411,-1.0221411,-1.2721411,-0.46214113,-0.0021411134,1.6878589,2.787859,2.857859,1.9878589,0.4278589,-1.4921411,1.9178588,3.1278589,-0.062141113,1.3278589,1.4378589
-3.1221411,-3.8621411,-5.7021413,-7.082141,-5.7421412,-4.232141,2.257859,7.477859,5.847859,4.677859,-1.0821412,0.30785888,0.1578589,-0.4221411,0.3978589,-0.03214111,-0.5021411,-1.3321412,-2.0921412,-2.712141,1.3778589,-1.7521411,0.4478589,-0.98214114,-1.7221411,-2.3521411,-1.1021411,-0.37214112,1.4178588,-0.6321411,1.3878589,1.1178589,0.6778589,0.047858886,1.4278588,2.4178588,2.6778588,2.267859,-2.742141,-1.7221411,-0.9121411
-3.142141,-3.2921412,-4.092141,-4.822141,-4.6621413,-1.0721412,3.607859,5.0878587,6.5278587,4.867859,4.227859,3.037859,1.7178589,0.3578589,-0.092141114,1.2478589,-0.28214112,-1.0021411,-1.7321411,-1.692141,-0.2321411,0.16785888,-0.7621411,-1.0221411,-1.1721411,-1.3421412,-2.702141,-2.132141,-1.8821411,-2.8421412,-2.8221412,-1.1521411,-0.60214114,0.7778589,0.4278589,1.057859,3.4878588,-0.8421411,-0.10214111,0.6278589,0.17785889
-2.232141,-0.9021411,-1.3521411,-2.5721412,-2.0121412,2.1678588,5.127859,7.237859,7.187859,6.227859,5.2978587,4.707859,2.4578588,0.88785887,1.7478589,1.2978588,1.3478589,1.0478588,-0.0021411134,0.30785888,-0.07214111,-0.44214112,0.10785889,-0.44214112,-0.7221411,-0.9121411,-1.1821411,-2.462141,-1.9221411,-1.9621412,-2.0221412,-1.8321412,-1.692141,-2.2821412,-1.9021411,7.467859,-0.60214114,5.807859,1.7778589,0.89785886,0.9178589
-1.0421411,-0.3321411,-0.18214111,0.1578589,0.7778589,3.497859,6.477859,8.147859,7.867859,6.647859,5.647859,4.467859,3.777859,1.8878589,1.0678589,1.1678588,1.6678588,2.037859,1.4978589,0.40785888,-0.2621411,-0.55214113,-0.55214113,-0.7021411,-0.3621411,-0.4221411,-0.54214114,-0.9121411,-0.3821411,-0.9021411,-0.3821411,-1.1421411,-2.002141,-0.07214111,4.0278587,2.7078588,4.8178587,3.6578588,3.007859,4.117859,3.847859
1.1578588,1.0678589,1.3778589,1.9978589,3.547859,5.3578587,7.577859,9.397859,9.587859,7.7978587,7.1078587,5.167859,2.007859,2.027859,1.5478588,1.3378589,-0.67214113,0.6078589,2.827859,2.2278588,0.6178589,-0.5621411,-1.2821411,-2.1021411,-1.9921411,-1.6521411,-1.9221411,-0.042141113,-0.5221411,0.007858886,0.12785889,-0.34214112,0.3578589,1.5878589,1.2778589,0.3978589,-0.4821411,0.3578589,-0.5721411,1.0778589,3.4478588
-1.9721411,-1.4021411,-0.062141113,2.507859,6.627859,6.917859,8.827859,9.217859,8.457859,7.537859,6.267859,5.267859,3.6278589,2.2378588,2.6778588,1.4278588,0.49785888,-0.092141114,-0.11214111,0.3978589,1.2378589,-0.042141113,-1.9821411,-2.892141,-2.922141,-2.882141,-2.0321412,-0.79214114,-0.60214114,-0.31214112,0.6178589,1.557859,0.8778589,2.1978588,3.017859,3.8878589,2.2078588,1.4578589,3.9178588,2.8778589,1.9878589
-3.182141,-2.3721411,-0.31214112,1.8878589,6.127859,7.117859,7.577859,7.937859,7.477859,3.807859,5.627859,4.0678587,4.387859,3.3978589,3.1678588,2.247859,1.9178588,0.5978589,-0.03214111,-0.10214111,0.43785888,-0.4521411,-1.1521411,-2.132141,-2.5921412,-3.1021411,-2.6221411,-2.5721412,-0.6421411,0.8078589,-0.11214111,1.5178589,2.9878588,3.1678588,2.4178588,1.7978588,2.037859,2.077859,1.4178588,0.46785888,1.6078589
-3.912141,-2.2721412,-0.2921411,1.7978588,3.617859,5.377859,5.827859,5.707859,7.227859,5.717859,5.267859,4.697859,4.077859,3.107859,2.857859,2.837859,2.807859,1.7878588,0.9178589,0.6078589,0.18785888,-1.1621411,-1.5121411,-2.3121412,-3.1021411,-3.0121412,-2.202141,-1.6521411,-1.4921411,-2.672141,-2.0921412,2.6478589,3.4078588,2.857859,2.747859,2.6578588,1.7978588,0.9778589,2.6778588,1.2378589,1.1478589
-2.472141,-2.902141,-0.31214112,0.64785886,2.6778588,5.127859,5.0078588,5.887859,4.137859,3.347859,4.697859,4.0278587,2.9778588,2.9378588,3.097859,2.577859,2.1578588,2.357859,1.9078588,1.9278588,0.4778589,-0.5021411,-1.8821411,-1.7321411,-2.5121412,-3.252141,-2.7721412,-3.3221412,-4.2421412,-3.3421412,-0.0021411134,2.7378588,2.027859,2.4778588,1.7978588,1.4378589,-0.042141113,-1.1821411,-1.5721412,-0.79214114,-0.6521411
-3.0621412,-3.3721411,-1.3621411,-0.2921411,1.8178589,2.6378589,4.597859,4.897859,5.227859,2.6278589,1.0278589,2.4578588,2.6478589,2.747859,1.7278589,0.46785888,2.117859,3.3978589,2.767859,2.1778588,1.0778589,-0.60214114,-0.9121411,-2.172141,-3.412141,-2.412141,-2.482141,-0.5621411,-1.1421411,1.3278589,0.8178589,1.9478589,2.1578588,1.6178589,1.7678589,1.7578589,1.4478589,0.63785887,1.0278589,0.40785888,0.2678589
-3.212141,-3.0621412,-2.462141,-0.5621411,1.2178589,1.7578589,1.8378589,2.9378588,3.6678588,1.6778588,0.5878589,0.34785888,0.7778589,1.9478589,2.057859,2.267859,2.807859,3.347859,3.507859,2.7178588,2.087859,0.24785888,-0.2921411,-2.2721412,-2.492141,-1.6321411,-0.61214113,-0.31214112,-0.8221411,2.057859,0.27785888,2.1878588,2.357859,2.247859,1.7778589,2.087859,1.2778589,1.0878589,1.1678588,0.94785887,1.0278589
-2.902141,-2.1121411,0.9078589,0.6178589,1.9578589,1.2978588,1.3678589,1.3278589,2.007859,1.9278588,0.76785886,1.7878588,0.3878589,1.0278589,2.327859,2.297859,3.7178588,4.307859,3.607859,3.1878588,2.4378588,1.5278589,-0.062141113,-1.7721411,-2.722141,-2.1121411,-0.012141113,2.1478589,0.63785887,1.2378589,1.5478588,1.4178588,1.5878589,1.8278589,1.7278589,1.4878589,1.8178589,1.0278589,1.0478588,1.307859,0.64785886
