wind_kz.json
{"header": {"discipline":0,"disciplineName":"Meteorological products","gribEdition":2,"gribLength":948,"center":7,"centerName":"US National Weather Service - NCEP(WMC)","subcenter":0,"refTime":"2023-09-19T00:00:00.000Z","significanceOfRT":1,"significanceOfRTName":"Start of forecast","productStatus":0,"productStatusName":"Operational products","productType":1,"productTypeName":"Forecast products","productDefinitionTemplate":0,"productDefinitionTemplateName":"Analysis/forecast at horizontal level/layer at a point in time","parameterCategory":0,"parameterCategoryName":"UnknownDiscipline_0_Category_0","parameterNumber":0,"parameterNumberName":"UnknownParameter_D0_C0_0","parameterUnit":"Unknown","genProcessType":2,"genProcessTypeName":"Forecast","forecastTime":60,"surface1Type":1,"surface1TypeName":"Ground or water surface","surface1Value":0.0,"surface2Type":255,"surface2TypeName":"Missing","surface2Value":0.0,"gridDefinitionTemplate":0,"gridDefinitionTemplateName":"Latitude_Longitude","numberPoints":615,"shape":6,"shapeName":"Earth spherical with radius of 6,371,229.0 m","gridUnits":"degrees","resolution":48,"winds":"true","scanMode":64,"nx":41,"ny":15,"basicAngle":0,"lo1":47.0,"la1":41.0,"lo2":87.0,"la2":55.0,"dx":1.0,"dy":1.0}, "data":
[rows 0 to 14 of 15, columns 0 to 40 of 41]
303.91547,291.21548,299.3155,295.11548,294.8155,294.91547,304.41547,308.01547,305.21548,306.11548,304.01547,304.61548,304.01547,303.61548,303.11548,303.11548,302.71548,302.51547,303.21548,303.61548,304.91547,300.91547,300.8155,295.8155,298.91547,301.61548,296.71548,282.11548,281.51547,280.3155,279.71548,282.11548,291.91547,297.71548,296.41547,296.21548,296.61548,296.3155,296.71548,296.21548,297.71548
286.91547,296.51547,294.8155,294.8155,294.3155,293.71548,309.91547,306.01547,305.01547,304.51547,306.8155,304.3155,304.21548,301.8155,302.21548,302.41547,303.01547,301.3155,298.3155,300.01547,302.01547,300.01547,298.3155,289.11548,275.3155,278.3155,289.11548,283.11548,284.41547,277.8155,280.91547,271.61548,282.91547,252.41548,276.3155,292.61548,292.11548,292.8155,295.8155,287.21548,284.3155
296.91547,293.8155,294.91547,294.41547,292.51547,305.01547,305.21548,306.01547,306.21548,305.01547,304.11548,305.11548,302.51547,301.91547,301.51547,301.11548,300.61548,298.71548,298.91547,297.61548,299.21548,297.51547,297.41547,292.61548,297.3155,294.51547,293.71548,293.41547,293.3155,283.01547,273.71548,274.71548,282.61548,282.71548,283.11548,282.51547,274.41547,276.91547,277.51547,273.41547,272.61548
300.11548,293.61548,294.8155,293.51547,295.61548,305.51547,305.11548,305.21548,306.41547,305.91547,305.51547,302.91547,293.01547,292.51547,299.91547,301.01547,300.21548,298.91547,297.21548,297.71548,297.3155,291.41547,295.3155,296.21548,295.71548,299.61548,299.3155,296.41547,293.8155,295.41547,295.61548,292.01547,297.11548,294.11548,292.51547,287.01547,274.41547,270.3155,279.01547,288.61548,292.21548
302.01547,292.41547,293.51547,292.71548,297.51547,304.71548,305.51547,305.61548,302.41547,302.11548,303.61548,300.41547,292.01547,290.8155,289.21548,300.3155,299.41547,297.21548,295.91547,298.51547,298.41547,298.61548,296.71548,296.3155,297.11548,297.41547,295.8155,294.11548,297.01547,295.91547,298.3155,294.41547,280.61548,268.91547,283.61548,292.41547,294.41547,296.61548,294.91547,295.91547,296.8155
302.8155,301.51547,292.21548,292.01547,293.01547,292.51547,302.8155,304.11548,299.8155,302.3155,302.71548,302.11548,293.21548,292.01547,295.3155,297.8155,299.8155,295.91547,297.8155,296.3155,298.01547,296.61548,295.01547,295.01547,293.71548,293.21548,294.3155,289.91547,296.21548,296.61548,295.3155,296.21548,294.3155,292.71548,288.8155,292.61548,281.8155,285.11548,293.3155,296.3155,292.51547
305.71548,306.11548,306.8155,306.21548,301.61548,303.41547,304.11548,302.21548,302.8155,303.71548,300.8155,299.71548,298.21548,298.51547,297.91547,297.61548,297.11548,295.91547,296.8155,295.91547,297.3155,297.71548,295.11548,294.71548,294.3155,294.11548,293.01547,294.3155,293.61548,293.71548,293.21548,293.3155,293.11548,292.41547,291.8155,288.01547,283.61548,281.61548,279.61548,279.41547,289.8155
306.91547,306.71548,306.21548,305.01547,304.61548,303.01547,303.8155,303.01547,302.8155,300.3155,299.41547,298.21548,297.61548,296.71548,297.41547,297.8155,297.61548,296.11548,294.8155,295.71548,293.3155,296.51547,294.51547,294.91547,292.11548,290.21548,290.21548,291.11548,287.41547,291.11548,289.3155,290.11548,288.3155,285.21548,286.51547,287.61548,288.51547,288.41547,291.01547,291.8155,286.41547
305.3155,304.51547,304.41547,303.71548,302.8155,301.8155,301.91547,301.61548,300.91547,300.11548,298.61548,298.21548,296.61548,296.91547,295.41547,296.3155,294.11548,294.61548,295.11548,293.91547,290.61548,290.51547,290.61548,290.21548,291.61548,289.8155,288.71548,287.71548,287.01547,285.51547,287.01547,287.51547,288.41547,287.61548,286.71548,285.41547,286.51547,285.41547,276.51547,277.21548,274.61548
304.3155,304.3155,303.41547,303.01547,302.11548,300.91547,301.21548,299.61548,299.21548,298.61548,297.61548,296.3155,295.91547,294.91547,294.3155,293.91547,295.11548,295.01547,294.91547,294.51547,291.71548,292.11548,292.71548,290.91547,293.3155,289.61548,288.71548,289.11548,288.71548,287.91547,287.8155,289.8155,290.61548,290.71548,291.01547,287.61548,284.41547,279.61548,278.71548,276.11548,276.11548
301.8155,300.8155,300.51547,300.11548,299.41547,299.3155,299.41547,299.51547,298.61548,297.61548,295.3155,294.51547,294.01547,293.01547,292.91547,293.21548,293.41547,294.41547,293.8155,292.71548,292.71548,290.8155,292.3155,290.8155,290.21548,290.71548,288.11548,290.3155,289.8155,291.8155,291.8155,292.01547,291.41547,291.21548,290.3155,288.21548,281.51547,279.01547,280.01547,280.61548,278.41547
299.21548,300.61548,299.01547,299.71548,298.71548,297.3155,295.91547,296.11548,296.61548,295.3155,292.01547,291.8155,292.61548,290.51547,290.51547,291.61548,291.8155,292.01547,291.51547,291.51547,289.8155,289.61548,289.71548,290.61548,290.11548,291.3155,291.01547,292.11548,292.71548,292.3155,290.61548,291.21548,291.21548,288.61548,288.01547,288.71548,288.41547,286.3155,284.91547,285.21548,284.71548
296.41547,298.3155,298.51547,297.71548,296.71548,296.3155,295.71548,295.61548,294.51547,293.51547,289.91547,288.71548,291.3155,289.8155,290.8155,290.61548,290.71548,290.41547,291.21548,289.41547,288.91547,287.71548,287.11548,286.8155,288.41547,290.11548,292.01547,290.61548,291.11548,290.51547,291.91547,291.51547,291.11548,289.91547,289.3155,289.11548,287.8155,288.51547,286.91547,285.61548,285.3155
292.8155,297.51547,292.51547,297.21548,295.91547,295.01547,294.61548,293.01547,293.71548,292.51547,289.01547,287.3155,288.41547,289.8155,290.41547,290.8155,290.51547,289.41547,289.61548,289.8155,289.61548,288.71548,288.41547,287.91547,288.11548,289.41547,289.3155,290.01547,290.11548,289.91547,290.01547,289.3155,289.11548,288.41547,288.01547,287.91547,288.61548,287.21548,287.91547,285.71548,284.8155
288.11548,289.41547,287.8155,293.8155,294.91547,294.8155,293.41547,294.11548,294.91547,294.3155,291.8155,289.01547,288.01547,289.3155,289.71548,290.3155,289.91547,289.71548,290.61548,289.51547,290.61548,289.91547,289.51547,288.8155,288.3155,288.61548,288.3155,288.41547,287.91547,288.51547,288.3155,285.71548,288.11548,287.91547,288.11548,287.8155,287.91547,289.51547,286.8155,286.21548,286.11548
