wind_kz.json
{"header": {"discipline":0,"disciplineName":"Meteorological products","gribEdition":2,"gribLength":1102,"center":7,"centerName":"US National Weather Service - NCEP(WMC)","subcenter":0,"refTime":"2023-10-02T18:00:00.000Z","significanceOfRT":1,"significanceOfRTName":"Start of forecast","productStatus":0,"productStatusName":"Operational products","productType":1,"productTypeName":"Forecast products","productDefinitionTemplate":0,"productDefinitionTemplateName":"Analysis/forecast at horizontal level/layer at a point in time","parameterCategory":2,"parameterCategoryName":"UnknownDiscipline_0_Category_2","parameterNumber":3,"parameterNumberName":"UnknownParameter_D0_C2_3","parameterUnit":"Unknown","genProcessType":2,"genProcessTypeName":"Forecast","forecastTime":180,"surface1Type":103,"surface1TypeName":"Specified height level above ground","surface1Value":10.0,"surface2Type":255,"surface2TypeName":"Missing","surface2Value":0.0,"gridDefinitionTemplate":0,"gridDefinitionTemplateName":"Latitude_Longitude","numberPoints":615,"shape":6,"shapeName":"Earth spherical with radius of 6,371,229.0 m","gridUnits":"degrees","resolution":48,"winds":"true","scanMode":64,"nx":41,"ny":15,"basicAngle":0,"lo1":47.0,"la1":41.0,"lo2":87.0,"la2":55.0,"dx":1.0,"dy":1.0}, "data":
[rows 0 to 14 of 15, columns 0 to 40 of 41]
3.226394,2.866394,-3.203606,-10.3636055,-11.213606,-9.403606,-3.013606,2.5263941,0.28639403,1.416394,5.336394,6.336394,5.656394,4.416394,3.2663941,1.746394,0.41639405,-0.993606,-1.393606,-0.53360593,1.2163941,-1.013606,-0.78360593,0.35639405,0.97639406,-0.32360595,0.08639404,1.4463941,0.12639405,0.106394045,0.27639404,2.5263941,0.756394,4.906394,-0.50360596,0.39639404,-1.243606,1.3063941,0.076394044,2.656394,1.3163941
4.316394,-1.7936059,-7.493606,-9.853606,-12.303606,-10.013606,-3.553606,2.926394,1.4563941,2.596394,4.546394,5.606394,5.696394,4.306394,3.046394,2.886394,1.156394,0.99639404,1.116394,-0.36360595,-1.333606,-2.9736059,-2.633606,0.8363941,0.52639407,-0.043605957,2.7763941,1.9463941,-0.6636059,2.386394,1.4463941,2.406394,1.856394,3.906394,3.0163941,3.156394,2.166394,1.126394,0.78639406,0.96639407,0.27639404
-1.5436059,-5.273606,-7.793606,-9.813606,-11.293606,-8.543606,-5.8536057,-3.7536058,-0.48360595,4.516394,6.416394,7.276394,5.546394,4.446394,3.976394,2.906394,1.026394,1.5863941,1.886394,1.666394,1.546394,-0.043605957,-2.273606,0.066394046,-0.75360596,-1.513606,-1.263606,-1.5336059,0.45639405,-1.643606,-0.793606,-0.62360597,-3.903606,0.956394,0.056394044,-3.2536058,-0.6636059,2.2763941,-0.113605954,2.926394,1.906394
-2.363606,-4.403606,-6.903606,-8.893606,-7.813606,-8.403606,-9.143606,-5.233606,-1.703606,2.0163941,5.8763943,5.8763943,4.636394,5.036394,4.246394,2.896394,1.766394,1.776394,1.136394,2.566394,3.2763941,1.006394,2.7463942,1.276394,-0.38360596,-0.14360596,0.71639407,-0.37360597,1.796394,3.2663941,2.316394,-0.923606,-1.453606,1.976394,0.97639406,2.216394,2.446394,1.366394,-3.363606,-2.053606,-2.2236059
-4.723606,-4.963606,-5.653606,-5.933606,-6.903606,-6.953606,-6.683606,-5.983606,-3.7536058,0.28639403,5.706394,7.466394,6.906394,6.186394,4.486394,4.656394,3.956394,3.2463942,2.326394,1.896394,2.486394,3.726394,3.476394,1.986394,1.636394,1.536394,0.66639405,-0.50360596,1.3063941,1.8063941,1.276394,2.156394,0.036394045,0.106394045,1.236394,2.816394,1.486394,-0.043605957,-1.743606,-2.203606,-1.593606
-3.7136059,-3.323606,-4.333606,-5.193606,-5.313606,-6.533606,-5.653606,-5.413606,-5.543606,-2.013606,3.456394,5.456394,5.616394,7.566394,6.8763943,5.216394,4.436394,4.036394,4.056394,2.7563941,5.1463943,4.216394,3.2663941,3.7563941,2.166394,0.93639404,-0.65360594,1.8263941,0.44639406,3.706394,4.826394,6.3963943,3.186394,-1.483606,-0.37360597,-3.643606,-2.7436059,-2.183606,-1.253606,-0.51360595,-1.623606
-2.793606,-3.113606,-1.753606,-3.683606,-3.923606,-2.653606,-3.403606,-5.293606,-5.183606,-4.763606,-0.58360595,4.526394,7.746394,8.516394,8.146394,6.416394,5.446394,4.546394,5.746394,5.116394,3.966394,4.316394,5.676394,4.6463943,2.376394,0.5863941,0.45639405,-0.073605955,-0.41360596,2.0063941,3.4963942,4.576394,5.326394,0.41639405,-1.583606,-0.013605957,2.846394,0.106394045,-0.53360593,2.0363941,-1.483606
-2.523606,-2.553606,-2.183606,-2.423606,-2.853606,-2.7236059,-2.603606,-3.143606,-3.193606,-2.9636059,-2.593606,0.96639407,4.916394,7.556394,9.216394,8.686394,6.866394,5.966394,6.686394,6.986394,5.136394,4.856394,5.1463943,4.856394,3.686394,2.206394,1.226394,0.73639405,-1.013606,-1.273606,1.0663941,2.2763941,4.176394,1.7163941,0.49639404,1.366394,-1.1736059,-1.1536059,-0.0036059571,-0.41360596,-0.38360596
-2.2136059,-2.2236059,-1.613606,-1.253606,-1.133606,-1.463606,-0.42360595,-1.003606,-1.123606,-0.46360597,-1.4436059,-1.1636059,-0.64360595,4.406394,7.016394,8.236394,8.556394,7.826394,7.966394,7.746394,7.036394,6.336394,5.696394,4.906394,4.636394,4.306394,3.486394,2.826394,-0.08360596,-0.47360596,-0.65360594,4.036394,2.416394,-1.0336059,-2.673606,2.056394,1.366394,-1.343606,0.97639406,0.29639405,0.73639405
-2.053606,-1.4336059,-1.073606,-0.56360596,-0.0036059571,0.74639404,0.886394,0.86639404,0.946394,1.0863941,1.3063941,1.016394,1.1863941,0.61639404,5.346394,6.746394,8.316394,9.086394,8.366394,8.456394,7.996394,7.006394,6.226394,5.546394,4.826394,4.456394,4.586394,3.5063941,2.166394,0.506394,-0.18360595,-0.743606,4.616394,3.186394,-0.57360595,0.61639404,-0.53360593,1.8263941,0.576394,-0.603606,1.1963941
-2.563606,-1.953606,-1.1636059,-0.19360596,1.0563941,1.4463941,1.786394,2.126394,2.236394,2.2463942,2.096394,1.736394,1.406394,2.586394,2.426394,4.466394,8.306394,8.906394,9.646394,9.166394,8.676394,7.696394,7.316394,6.206394,4.856394,4.8763943,5.206394,5.3963943,4.1263943,1.8063941,1.0563941,-0.82360595,2.986394,3.616394,1.7163941,1.106394,1.106394,0.576394,0.73639405,1.016394,0.38639405
-2.683606,-1.623606,-0.28360596,1.9563941,2.0263941,1.746394,2.5163941,3.306394,3.7763941,3.586394,3.856394,3.5163941,3.436394,3.636394,3.626394,4.3963943,6.3963943,8.106394,8.366394,9.356394,8.786394,8.266394,7.436394,7.116394,5.946394,5.846394,5.1463943,4.636394,5.1463943,4.8963943,3.076394,0.79639405,2.0063941,3.216394,2.376394,1.4463941,0.36639404,-0.63360596,-1.203606,0.696394,-0.32360595
-1.483606,-2.093606,-0.81360596,0.766394,2.586394,2.946394,3.446394,4.336394,5.8763943,4.986394,3.876394,3.5163941,5.056394,4.746394,4.6263943,4.546394,3.866394,6.716394,7.286394,7.806394,8.256394,8.666394,8.176394,8.206394,7.586394,6.726394,6.356394,5.016394,5.976394,5.736394,4.256394,2.5063941,2.166394,3.296394,3.626394,2.826394,1.5663941,0.22639404,1.3363941,2.126394,0.87639403
-2.4936059,-1.713606,-2.063606,-0.87360597,1.626394,3.596394,5.226394,6.206394,6.816394,7.096394,4.996394,3.336394,5.536394,5.886394,5.356394,5.316394,5.1463943,4.106394,8.156394,8.3863945,7.096394,7.6263943,8.206394,7.606394,7.536394,8.3863945,6.826394,6.176394,6.566394,6.496394,4.976394,4.446394,3.806394,4.276394,2.586394,2.7663941,1.926394,1.366394,1.746394,1.6863941,0.946394
-1.6736059,-2.413606,-3.4936059,-2.143606,0.21639404,2.076394,4.3963943,5.186394,7.206394,7.326394,6.066394,7.3763943,4.556394,4.326394,6.766394,6.176394,5.926394,5.926394,4.616394,8.746394,9.456394,8.826394,7.986394,8.1363945,7.986394,7.886394,7.776394,7.286394,7.606394,6.866394,5.996394,4.706394,3.736394,3.966394,3.446394,3.096394,3.2463942,2.406394,1.286394,2.096394,1.906394
