wind_kz.json
{"header": {"discipline":0,"disciplineName":"Meteorological products","gribEdition":2,"gribLength":948,"center":7,"centerName":"US National Weather Service - NCEP(WMC)","subcenter":0,"refTime":"2023-09-29T00:00:00.000Z","significanceOfRT":1,"significanceOfRTName":"Start of forecast","productStatus":0,"productStatusName":"Operational products","productType":1,"productTypeName":"Forecast products","productDefinitionTemplate":0,"productDefinitionTemplateName":"Analysis/forecast at horizontal level/layer at a point in time","parameterCategory":0,"parameterCategoryName":"UnknownDiscipline_0_Category_0","parameterNumber":0,"parameterNumberName":"UnknownParameter_D0_C0_0","parameterUnit":"Unknown","genProcessType":2,"genProcessTypeName":"Forecast","forecastTime":60,"surface1Type":1,"surface1TypeName":"Ground or water surface","surface1Value":0.0,"surface2Type":255,"surface2TypeName":"Missing","surface2Value":0.0,"gridDefinitionTemplate":0,"gridDefinitionTemplateName":"Latitude_Longitude","numberPoints":615,"shape":6,"shapeName":"Earth spherical with radius of 6,371,229.0 m","gridUnits":"degrees","resolution":48,"winds":"true","scanMode":64,"nx":41,"ny":15,"basicAngle":0,"lo1":47.0,"la1":41.0,"lo2":87.0,"la2":55.0,"dx":1.0,"dy":1.0}, "data":
[rows 0 to 14 of 15, columns 0 to 40 of 41]
303.13422,288.23422,297.03424,294.93423,294.43423,293.93423,303.73422,309.13422,305.93423,305.33423,302.23422,302.53424,301.73422,301.33423,301.03424,300.33423,300.53424,300.63422,300.93423,300.83423,303.03424,299.73422,299.63422,294.53424,297.13422,298.73422,292.73422,281.13422,271.53424,273.63422,273.13422,275.03424,288.63422,295.23422,295.33423,295.03424,295.63422,295.03424,294.63422,294.43423,292.53424
285.03424,297.13422,294.63422,294.63422,294.33423,292.93423,308.33423,304.63422,302.63422,301.33423,301.03424,300.73422,300.83423,298.83423,299.43423,298.53424,299.33423,299.83423,299.43423,299.23422,299.13422,300.23422,296.93423,287.83423,277.33423,273.93423,286.63422,280.53424,281.53424,273.33423,280.53424,269.33423,281.03424,253.23422,275.13422,291.63422,290.03424,291.13422,294.93423,287.23422,284.23422
299.43423,293.93423,294.23422,293.53424,292.33423,303.83423,302.23422,301.23422,302.03424,300.13422,298.53424,299.23422,299.53424,298.23422,298.33423,297.93423,297.23422,297.43423,298.33423,298.33423,298.53424,297.23422,296.73422,291.43423,296.83423,294.93423,295.13422,294.63422,293.23422,281.73422,269.73422,273.13422,281.53424,281.43423,283.53424,281.93423,274.43423,277.33423,278.73422,274.13422,273.73422
300.23422,293.23422,293.73422,293.43423,295.23422,302.53424,302.23422,302.83423,302.53424,301.33423,300.53424,298.43423,291.13422,290.43423,297.53424,299.73422,298.73422,298.23422,298.63422,298.03424,296.43423,290.83423,296.43423,297.03424,297.53424,298.63422,299.23422,295.63422,293.83423,293.83423,293.93423,289.83423,294.23422,291.53424,289.13422,285.33423,274.53424,265.33423,279.13422,286.83423,290.73422
301.33423,292.93423,293.23422,292.33423,295.33423,299.83423,302.13422,301.63422,300.23422,300.33423,301.33423,297.63422,290.73422,289.13422,287.73422,296.43423,297.33423,297.83423,296.83423,297.03424,297.23422,297.23422,296.03424,295.53424,295.23422,296.03424,296.43423,293.03424,295.33423,294.93423,297.23422,292.93423,279.13422,265.33423,282.13422,290.73422,292.63422,294.53424,294.13422,294.63422,293.93423
303.93423,301.03424,291.73422,292.43423,292.23422,291.93423,301.43423,301.13422,299.23422,299.93423,294.43423,294.73422,291.23422,290.73422,293.13422,296.93423,295.33423,293.93423,295.03424,295.53424,296.83423,296.93423,295.93423,294.73422,294.53424,293.43423,292.13422,288.73422,294.33423,294.73422,293.23422,294.33423,292.53424,291.43423,287.73422,291.03424,283.73422,285.33423,291.53424,293.43423,292.43423
302.93423,301.63422,302.43423,302.63422,298.63422,300.93423,301.33423,300.23422,300.73422,299.93423,295.73422,295.03424,296.03424,294.13422,294.73422,295.33423,293.63422,295.43423,293.53424,291.73422,291.53424,292.53424,293.23422,291.63422,288.13422,289.23422,289.53424,292.43423,292.13422,292.53424,292.63422,292.63422,292.83423,292.73422,290.63422,288.63422,282.13422,279.93423,277.43423,276.43423,287.03424
301.73422,301.23422,302.03424,301.33423,301.03424,300.53424,300.63422,299.73422,297.73422,295.23422,295.13422,292.23422,293.73422,291.23422,294.83423,294.13422,293.53424,292.93423,293.63422,289.43423,290.33423,289.13422,289.43423,288.93423,288.43423,285.93423,284.83423,287.43423,287.03424,289.63422,288.83423,289.23422,288.03424,285.93423,287.03424,287.73422,287.73422,286.43423,286.53424,286.63422,283.23422
301.63422,300.13422,300.43423,299.53424,298.83423,298.83423,298.83423,298.23422,295.73422,292.83423,293.83423,294.03424,292.93423,290.23422,291.63422,293.43423,290.53424,290.93423,291.63422,289.03424,286.73422,285.03424,286.63422,287.43423,287.73422,288.23422,286.33423,284.53424,283.93423,282.03424,283.33423,283.93423,285.63422,285.13422,284.83423,282.53424,282.53424,282.23422,274.03424,270.83423,268.23422
300.53424,298.63422,299.03424,298.63422,298.43423,298.23422,297.93423,297.03424,295.13422,293.63422,292.43423,291.03424,289.73422,288.93423,291.93423,288.73422,291.63422,290.93423,289.43423,289.03424,287.03424,286.13422,284.43423,288.13422,288.83423,287.43423,286.43423,285.33423,283.83423,284.03424,283.43423,284.43423,287.13422,286.13422,284.93423,283.23422,280.73422,279.23422,272.83423,273.23422,269.33423
299.93423,298.43423,297.73422,297.23422,296.93423,296.43423,296.13422,295.93423,294.93423,293.73422,292.13422,289.33423,289.03424,289.53424,290.23422,288.73422,289.13422,287.73422,288.43423,288.03424,287.73422,288.33423,287.13422,287.53424,287.03424,286.43423,285.43423,286.63422,285.43423,286.73422,288.03424,286.43423,285.93423,286.83423,287.63422,283.23422,279.13422,276.53424,276.93423,275.83423,274.43423
298.83423,299.03424,298.23422,296.93423,295.83423,295.13422,294.23422,293.63422,293.63422,292.83423,289.43423,288.23422,287.73422,288.63422,288.93423,288.33423,288.73422,287.93423,287.83423,287.53424,286.43423,285.33423,284.83423,285.93423,285.43423,286.23422,286.33423,286.63422,286.13422,286.73422,286.23422,285.83423,285.13422,283.73422,284.63422,283.43423,281.73422,279.53424,280.13422,280.83423,279.33423
296.23422,297.13422,296.63422,296.53424,294.93423,293.63422,293.53424,293.43423,292.33423,290.83423,285.73422,283.83423,286.93423,286.83423,288.13422,288.83423,289.03424,288.53424,288.53424,286.93423,286.33423,285.03424,284.43423,284.93423,285.43423,286.33423,287.53424,286.63422,286.13422,284.43423,284.43423,283.13422,283.13422,282.43423,281.33423,281.43423,280.03424,281.73422,280.53424,278.13422,280.53424
298.13422,298.23422,291.23422,295.43423,294.23422,293.13422,291.73422,290.33423,290.63422,289.63422,286.63422,283.13422,284.13422,285.63422,287.93423,288.53424,288.43423,288.03424,288.03424,288.33423,287.93423,285.93423,284.83423,284.63422,284.23422,285.33423,285.43423,284.83423,283.83423,283.53424,283.63422,282.43423,281.63422,279.93423,279.53424,278.13422,277.53424,276.63422,276.63422,274.53424,275.53424
297.23422,298.13422,286.23422,295.43423,294.73422,293.03424,292.03424,290.93423,291.03424,290.03424,288.73422,286.43423,285.43423,285.33423,285.13422,287.43423,287.43423,287.93423,288.13422,287.53424,287.23422,287.43423,286.83423,285.13422,284.53424,283.63422,282.83423,282.33423,281.53424,280.83423,278.93423,280.43423,277.43423,277.33423,276.43423,276.13422,276.33423,274.83423,275.23422,275.13422,275.13422
