wind_kz.json
{"header": {"discipline":0,"disciplineName":"Meteorological products","gribEdition":2,"gribLength":871,"center":7,"centerName":"US National Weather Service - NCEP(WMC)","subcenter":0,"refTime":"2023-09-20T06:00:00.000Z","significanceOfRT":1,"significanceOfRTName":"Start of forecast","productStatus":0,"productStatusName":"Operational products","productType":1,"productTypeName":"Forecast products","productDefinitionTemplate":0,"productDefinitionTemplateName":"Analysis/forecast at horizontal level/layer at a point in time","parameterCategory":0,"parameterCategoryName":"UnknownDiscipline_0_Category_0","parameterNumber":0,"parameterNumberName":"UnknownParameter_D0_C0_0","parameterUnit":"Unknown","genProcessType":2,"genProcessTypeName":"Forecast","forecastTime":240,"surface1Type":1,"surface1TypeName":"Ground or water surface","surface1Value":0.0,"surface2Type":255,"surface2TypeName":"Missing","surface2Value":0.0,"gridDefinitionTemplate":0,"gridDefinitionTemplateName":"Latitude_Longitude","numberPoints":615,"shape":6,"shapeName":"Earth spherical with radius of 6,371,229.0 m","gridUnits":"degrees","resolution":48,"winds":"true","scanMode":64,"nx":41,"ny":15,"basicAngle":0,"lo1":47.0,"la1":41.0,"lo2":87.0,"la2":55.0,"dx":1.0,"dy":1.0}, "data":
[rows 0 to 14 of 15, columns 0 to 40 of 41]
301.54483,291.94482,298.54483,293.64484,293.84482,293.44482,302.84482,307.04483,303.64484,304.44482,303.14484,303.94482,303.34482,303.14484,303.64484,304.54483,305.14484,304.04483,306.94482,306.64484,310.44482,307.34482,307.64484,305.2448,308.04483,308.7448,303.04483,285.64484,281.34482,287.04483,286.64484,287.64484,299.04483,304.44482,307.04483,310.14484,308.64484,313.7448,310.94482,313.14484,312.84482
284.34482,298.04483,293.34482,293.54483,293.44482,291.84482,308.54483,303.04483,301.64484,301.44482,302.44482,301.14484,301.7448,301.04483,302.44482,303.04483,304.94482,304.44482,303.54483,304.94482,307.94482,304.64484,304.2448,297.84482,288.84482,289.14484,296.44482,285.94482,288.2448,276.44482,289.04483,273.44482,289.34482,266.44482,276.64484,297.04483,299.94482,305.64484,309.7448,301.14484,284.84482
299.54483,292.34482,293.7448,293.2448,291.04483,303.04483,301.14484,300.84482,299.44482,299.04483,298.54483,299.44482,299.64484,299.84482,298.7448,300.84482,300.54483,300.54483,300.7448,301.34482,304.04483,309.04483,298.54483,294.84482,299.14484,297.54483,297.94482,296.94482,292.2448,287.14484,273.14484,273.94482,284.64484,290.94482,291.64484,291.44482,281.14484,289.44482,290.2448,286.2448,279.2448
301.84482,292.14484,293.54483,292.2448,293.84482,300.2448,298.94482,299.2448,298.94482,298.64484,298.2448,296.44482,290.7448,290.14484,296.54483,298.34482,297.2448,298.94482,298.54483,299.14484,297.04483,297.64484,299.44482,299.04483,298.84482,289.44482,287.64484,283.64484,287.64484,289.54483,295.04483,286.94482,296.2448,296.64484,296.7448,293.64484,282.84482,274.7448,291.94482,301.84482,302.2448
299.64484,291.04483,291.94482,291.04483,294.94482,298.94482,299.54483,298.84482,296.7448,296.44482,296.54483,295.44482,289.54483,288.54483,287.14484,296.2448,296.64484,295.04483,294.84482,294.34482,295.14484,296.04483,296.54483,297.04483,296.44482,297.2448,296.64484,293.34482,297.14484,287.64484,286.54483,283.64484,276.04483,273.7448,292.04483,300.54483,294.44482,305.44482,309.64484,307.64484,303.04483
298.54483,299.7448,290.04483,289.94482,290.7448,289.94482,299.34482,297.64484,296.2448,295.44482,294.2448,294.2448,290.14484,289.34482,291.84482,293.64484,293.2448,295.14484,293.84482,295.2448,294.54483,293.54483,293.34482,293.54483,293.94482,294.14484,294.94482,286.64484,292.7448,294.64484,296.04483,287.04483,283.44482,281.34482,279.44482,284.04483,277.44482,279.04483,298.14484,303.7448,299.34482
299.64484,300.7448,298.54483,298.64484,296.2448,299.2448,298.7448,296.7448,295.54483,294.14484,293.14484,292.04483,291.44482,292.04483,290.94482,290.7448,293.04483,293.54483,294.84482,293.84482,292.94482,292.64484,291.64484,290.84482,289.44482,290.14484,291.64484,293.04483,292.64484,293.14484,293.2448,294.04483,293.7448,292.34482,288.34482,288.04483,282.14484,282.64484,276.44482,287.14484,290.7448
298.64484,299.04483,299.54483,298.44482,298.44482,298.34482,298.34482,297.44482,295.7448,293.04483,292.84482,292.14484,292.14484,291.14484,292.2448,291.44482,292.44482,292.84482,292.54483,291.44482,290.84482,291.04483,291.14484,289.44482,288.84482,286.64484,286.44482,288.2448,286.94482,289.14484,287.94482,289.04483,288.34482,284.54483,284.64484,288.34482,287.94482,286.54483,286.2448,283.44482,278.84482
297.94482,297.2448,297.2448,297.7448,297.04483,297.64484,297.94482,296.54483,293.84482,292.54483,290.94482,291.54483,292.64484,293.7448,292.94482,293.84482,292.34482,292.94482,291.14484,290.44482,288.64484,288.34482,288.94482,288.14484,286.7448,286.14484,283.7448,281.04483,278.14484,276.7448,281.94482,280.7448,281.94482,282.94482,283.84482,281.04483,284.44482,282.04483,274.7448,276.04483,273.64484
296.04483,294.2448,294.7448,295.44482,295.7448,296.94482,296.44482,295.84482,293.2448,292.54483,290.34482,289.64484,291.2448,292.14484,292.44482,292.54483,292.34482,292.7448,291.84482,291.2448,289.14484,288.44482,288.44482,288.54483,287.54483,285.34482,284.14484,279.04483,277.7448,277.2448,277.94482,280.54483,281.64484,283.84482,282.14484,281.04483,274.14484,281.54483,275.14484,277.04483,276.04483
294.54483,293.94482,293.44482,292.94482,293.14484,293.7448,294.44482,295.04483,295.44482,293.64484,291.34482,291.14484,289.84482,288.94482,290.04483,290.04483,289.94482,290.94482,290.7448,289.2448,289.14484,288.2448,287.14484,286.7448,285.2448,285.2448,280.94482,281.34482,280.04483,281.2448,281.14484,281.64484,282.04483,280.7448,280.64484,279.14484,273.54483,271.44482,274.2448,273.2448,271.94482
293.04483,293.64484,293.54483,293.54483,292.84482,292.7448,292.04483,292.84482,292.54483,293.84482,289.64484,289.2448,289.64484,287.84482,288.2448,288.44482,288.04483,287.94482,288.34482,287.44482,286.34482,285.54483,285.34482,285.2448,283.64484,283.94482,281.94482,282.04483,282.04483,283.54483,283.7448,284.04483,280.84482,279.34482,277.2448,278.44482,279.54483,278.54483,275.54483,276.34482,276.7448
291.2448,293.44482,293.7448,293.54483,291.84482,290.84482,292.14484,292.04483,291.54483,288.84482,286.34482,285.04483,287.34482,286.34482,287.44482,287.94482,287.7448,286.84482,287.44482,286.2448,285.84482,284.2448,283.54483,282.54483,283.94482,284.2448,285.7448,284.94482,284.64484,283.7448,284.14484,282.44482,282.44482,279.94482,279.2448,276.44482,278.54483,277.7448,278.54483,277.7448,276.84482
291.84482,291.44482,289.34482,291.7448,290.44482,289.84482,287.94482,286.54483,287.64484,287.2448,284.2448,281.34482,285.04483,285.44482,284.94482,285.64484,285.94482,284.64484,285.94482,286.04483,285.84482,285.34482,285.54483,284.64484,284.64484,284.94482,284.64484,284.14484,283.54483,283.54483,281.64484,280.2448,277.7448,277.54483,278.14484,277.54483,276.54483,276.7448,277.84482,275.44482,278.64484
288.84482,291.54483,286.04483,289.94482,290.14484,288.04483,287.44482,286.94482,287.44482,286.34482,283.54483,283.94482,280.94482,282.44482,283.54483,284.84482,283.44482,283.54483,284.04483,283.94482,285.54483,285.34482,284.94482,284.2448,283.64484,283.34482,283.2448,282.54483,282.84482,281.84482,279.54483,279.34482,276.7448,276.64484,276.14484,278.44482,279.64484,277.34482,277.94482,276.84482,277.04483
