wind_kz.json
{"header": {"discipline":0,"disciplineName":"Meteorological products","gribEdition":2,"gribLength":1025,"center":7,"centerName":"US National Weather Service - NCEP(WMC)","subcenter":0,"refTime":"2023-09-24T12:00:00.000Z","significanceOfRT":1,"significanceOfRTName":"Start of forecast","productStatus":0,"productStatusName":"Operational products","productType":1,"productTypeName":"Forecast products","productDefinitionTemplate":0,"productDefinitionTemplateName":"Analysis/forecast at horizontal level/layer at a point in time","parameterCategory":2,"parameterCategoryName":"UnknownDiscipline_0_Category_2","parameterNumber":2,"parameterNumberName":"UnknownParameter_D0_C2_2","parameterUnit":"Unknown","genProcessType":2,"genProcessTypeName":"Forecast","forecastTime":60,"surface1Type":103,"surface1TypeName":"Specified height level above ground","surface1Value":10.0,"surface2Type":255,"surface2TypeName":"Missing","surface2Value":0.0,"gridDefinitionTemplate":0,"gridDefinitionTemplateName":"Latitude_Longitude","numberPoints":615,"shape":6,"shapeName":"Earth spherical with radius of 6,371,229.0 m","gridUnits":"degrees","resolution":48,"winds":"true","scanMode":64,"nx":41,"ny":15,"basicAngle":0,"lo1":47.0,"la1":41.0,"lo2":87.0,"la2":55.0,"dx":1.0,"dy":1.0}, "data":
[rows 0 to 14 of 15, columns 0 to 40 of 41]
-1.2357111,-0.98571104,1.434289,1.6442889,-0.51571107,-5.955711,-4.895711,-5.065711,-5.905711,0.43428895,-1.935711,-2.1657112,-1.785711,-1.3457111,-1.2357111,-0.34571105,-0.18571106,0.69428897,-1.9657111,2.434289,2.374289,0.0142889405,-0.18571106,-1.205711,-0.43571106,-1.7157111,-2.635711,0.0142889405,0.58428895,0.48428893,0.9342889,1.1542889,0.04428894,0.64428896,-0.21571106,1.1442889,0.08428894,-0.16571106,1.444289,1.6042889,-1.9957111
1.414289,0.9242889,-0.60571104,-1.455711,-4.925711,-5.895711,-3.395711,-5.895711,-3.515711,-2.495711,-0.7557111,-2.755711,-1.3757111,-1.205711,-0.53571105,-1.3957111,0.51428896,-2.525711,-0.67571104,-1.185711,-0.44571105,0.11428894,-0.07571106,-2.335711,0.37428895,1.1242889,-0.13571106,1.8542889,-1.1257111,-0.39571106,0.20428894,-0.0057110596,1.324289,-2.805711,-0.33571106,-0.6257111,0.17428894,-1.3557111,-2.385711,0.18428893,-2.645711
-0.77571106,-3.855711,-2.7057111,-4.275711,-5.395711,-4.965711,-3.805711,-2.525711,-3.595711,-2.555711,-1.6357111,-0.71571106,-1.025711,-1.6057111,-1.4657111,-1.565711,-2.735711,-1.6057111,-1.2457111,0.77428895,0.77428895,-3.355711,-3.4157112,-3.025711,1.814289,-0.5657111,-0.73571104,-1.585711,-1.3557111,-0.7557111,0.32428893,1.0042889,-0.43571106,-0.8257111,-0.48571107,-0.64571106,0.6842889,0.13428894,1.474289,2.424289,2.244289
-3.9157112,-5.595711,-7.185711,-6.525711,-4.765711,-3.555711,-0.6257111,-2.9157112,-2.105711,-2.225711,-2.075711,-2.305711,-2.015711,-2.305711,-1.7157111,-1.7357111,-1.775711,-2.1757112,-1.8657111,-1.675711,-3.015711,-2.295711,-2.1657112,-3.1757112,-3.625711,-3.6657112,-3.6657112,-5.845711,-3.015711,-1.3557111,1.694289,-2.285711,-2.535711,-1.795711,-2.885711,-2.325711,-1.9757111,2.714289,1.0242889,0.33428895,-1.025711
-5.155711,-7.245711,-6.295711,-5.775711,-4.125711,-3.585711,-3.1557112,-2.025711,-1.9957111,-1.705711,-0.03571106,0.34428895,-1.3957111,-2.105711,-2.105711,-1.7257111,-1.6157111,-2.1557112,-1.925711,-2.835711,-3.4557111,-3.9357111,-3.9157112,-3.625711,-3.555711,-4.0357113,-4.465711,-3.715711,-3.585711,-3.495711,-3.4057112,-1.8857111,-2.4257112,1.2542889,-0.70571107,-1.7557111,-0.03571106,-3.6857111,-4.8257113,-5.2857113,-4.935711
-3.975711,-3.4057112,-4.425711,-4.935711,-4.3057113,-2.645711,-2.125711,-1.5057111,-0.95571107,0.04428894,0.54428893,-0.9957111,1.3842889,-0.6957111,-1.335711,-1.055711,-1.3657111,-2.545711,-2.555711,-2.215711,-2.815711,-2.6957111,-3.065711,-3.805711,-3.625711,-4.095711,-2.4457111,-2.6657112,-2.9557111,-4.335711,-4.435711,-4.355711,-3.025711,-1.795711,1.094289,1.574289,1.2342889,2.114289,-0.22571106,-2.485711,-4.045711
-3.1557112,-2.395711,-2.095711,-1.3757111,-0.6857111,0.46428895,1.424289,0.33428895,-0.23571105,0.60428894,-0.16571106,1.434289,0.24428894,-0.76571107,0.6842889,0.71428895,0.27428895,-1.685711,-1.3857111,-1.795711,-1.2157111,-1.935711,-2.575711,-1.9957111,-1.695711,-0.61571103,-0.91571105,-2.815711,-3.395711,-3.385711,-2.595711,-2.645711,-1.925711,-0.49571106,-3.1557112,-2.475711,-0.90571105,1.304289,-0.76571107,1.304289,4.4442887
-0.9457111,-1.175711,0.29428893,0.29428893,-0.20571107,-0.0057110596,-2.115711,0.14428894,0.16428894,0.73428893,0.39428893,0.19428894,0.42428893,1.9942889,1.7742889,1.6442889,0.8642889,0.07428894,-1.7557111,0.00428894,-1.1357111,-0.44571105,-1.6157111,-1.9757111,-1.695711,-0.03571106,-0.27571106,-0.29571107,-0.06571106,-0.76571107,-0.55571103,-0.8257111,-1.3857111,-0.7457111,-1.8857111,0.04428894,1.674289,4.734289,1.944289,1.9942889,-1.5057111
-2.9457111,-2.475711,-3.1857111,-2.885711,-1.815711,-3.015711,-0.8757111,-0.18571106,-1.455711,-1.415711,-0.53571105,-0.70571107,0.27428895,-1.825711,-1.925711,-0.59571105,-1.835711,0.83428895,0.6742889,1.9842889,1.3942889,0.7442889,1.7742889,1.6342889,1.724289,2.2942889,1.554289,0.95428896,1.6142889,0.14428894,0.73428893,0.84428895,-0.29571107,-0.6257111,-0.13571106,-0.42571107,-0.40571105,-3.1757112,-2.265711,1.314289,-2.6957111
-2.565711,-2.075711,-1.835711,-1.7657111,-2.465711,-2.4357111,-2.805711,-2.6757112,-2.4057112,-0.9457111,0.32428893,-1.945711,-1.8457111,-2.645711,-2.395711,-1.4757111,-1.825711,-1.685711,-0.5657111,-1.3657111,-0.59571105,1.084289,3.2942889,2.724289,1.6442889,1.7342889,1.5142889,1.684289,2.2942889,2.624289,0.8642889,-0.28571105,-1.6457111,-1.195711,-1.045711,-1.3757111,-1.785711,-0.39571106,-3.385711,-0.66571105,-1.775711
-2.735711,-2.745711,-1.575711,-1.2657111,-1.6057111,-2.2057111,-1.7357111,-1.8757111,-1.1357111,0.09428894,-0.98571104,-2.395711,-2.345711,-2.6757112,-1.5957111,-1.195711,-1.315711,-0.38571107,-0.48571107,-1.575711,-0.24571106,-0.70571107,-0.15571105,-1.2357111,1.094289,2.254289,2.264289,2.244289,2.964289,1.064289,-1.6157111,-2.985711,-2.6857111,-1.055711,-1.0157111,-1.5057111,-1.685711,0.10428894,-1.6457111,0.7542889,-1.535711
-0.49571106,-1.305711,-0.76571107,-0.77571106,-0.47571105,-1.2357111,-1.165711,-0.8257111,-0.07571106,-1.275711,-1.655711,-1.5057111,-1.825711,-1.7157111,-0.66571105,-0.38571107,0.52428895,0.11428894,-0.7457111,-0.05571106,-0.32571107,0.36428893,-0.26571107,-1.6357111,-0.71571106,2.414289,0.08428894,0.26428893,1.844289,-1.525711,-2.025711,-1.8757111,-1.675711,-1.905711,-1.2657111,-1.1257111,-0.31571105,-0.48571107,-0.20571107,-0.8757111,-0.46571106
-0.79571104,0.5042889,0.0142889405,-0.6257111,-1.1057111,-0.70571107,-0.17571107,-0.47571105,-0.51571107,0.10428894,-0.15571105,0.8142889,0.17428894,-0.8757111,-0.32571107,0.83428895,0.83428895,1.3642889,0.83428895,0.34428895,-1.2157111,-0.27571106,0.54428893,-0.70571107,-1.4857111,-0.67571104,-0.92571104,-1.8857111,0.0142889405,0.34428895,-0.21571106,-0.60571104,-1.3857111,-1.075711,-1.055711,-1.685711,-2.215711,-1.545711,-2.775711,-1.535711,-1.075711
0.9242889,0.8642889,0.48428893,-0.05571106,0.10428894,0.39428893,0.60428894,0.57428896,0.8042889,0.84428895,0.21428894,0.6842889,0.8042889,0.43428895,1.1242889,1.3542889,1.3842889,1.424289,0.08428894,0.60428894,-0.21571106,-0.04571106,-1.455711,-0.25571105,-1.275711,-0.96571106,-1.3757111,-1.1257111,-1.705711,0.84428895,0.78428894,0.15428895,-0.19571106,-0.11571106,-0.60571104,-0.70571107,-0.7557111,-0.77571106,-1.0157111,-0.48571107,-0.44571105
0.6242889,1.1142889,1.844289,1.5242889,1.7742889,1.3842889,1.674289,1.344289,1.664289,0.9342889,-0.64571106,-0.06571106,0.66428894,1.194289,1.7842889,1.8542889,2.104289,2.0442889,0.71428895,0.48428893,-0.06571106,2.684289,0.16428894,-0.10571106,0.45428893,-0.7557111,-0.5657111,-0.71571106,0.024288941,0.97428894,0.88428897,1.6242889,0.77428895,0.52428895,0.6242889,0.6242889,0.08428894,0.72428894,-0.02571106,0.00428894,-1.0957111
