wind_kz.json
{"header": {"discipline":0,"disciplineName":"Meteorological products","gribEdition":2,"gribLength":1025,"center":7,"centerName":"US National Weather Service - NCEP(WMC)","subcenter":0,"refTime":"2023-08-06T06:00:00.000Z","significanceOfRT":1,"significanceOfRTName":"Start of forecast","productStatus":0,"productStatusName":"Operational products","productType":1,"productTypeName":"Forecast products","productDefinitionTemplate":0,"productDefinitionTemplateName":"Analysis/forecast at horizontal level/layer at a point in time","parameterCategory":2,"parameterCategoryName":"UnknownDiscipline_0_Category_2","parameterNumber":3,"parameterNumberName":"UnknownParameter_D0_C2_3","parameterUnit":"Unknown","genProcessType":2,"genProcessTypeName":"Forecast","forecastTime":120,"surface1Type":103,"surface1TypeName":"Specified height level above ground","surface1Value":10.0,"surface2Type":255,"surface2TypeName":"Missing","surface2Value":0.0,"gridDefinitionTemplate":0,"gridDefinitionTemplateName":"Latitude_Longitude","numberPoints":615,"shape":6,"shapeName":"Earth spherical with radius of 6,371,229.0 m","gridUnits":"degrees","resolution":48,"winds":"true","scanMode":64,"nx":41,"ny":15,"basicAngle":0,"lo1":47.0,"la1":41.0,"lo2":87.0,"la2":55.0,"dx":1.0,"dy":1.0}, "data":
[rows 0 to 14 of 15, columns 0 to 40 of 41]
1.2088965,2.1288965,0.7988965,4.9888964,0.43889648,2.2188964,2.1488965,1.1288965,0.9188965,0.37889647,-2.8811035,-4.0111036,-4.9811034,-5.9911036,-6.1511035,-5.9211035,-5.2011037,-4.4711037,-4.8511033,-4.2711034,-4.8211036,-4.4111037,-1.3611035,1.8588965,4.5688963,2.1088965,1.1588964,0.4588965,-1.5211035,-0.5311035,0.40889648,3.3488965,1.5288965,-0.5911035,-0.6211035,-0.2911035,-3.2611036,4.1088963,2.8388965,3.1188965,2.3688965
0.09889648,0.95889646,1.5188965,1.7488965,2.2188964,0.6188965,0.89889646,-0.041103516,1.3988965,-0.43110353,-2.6011035,-3.9411035,-5.0311036,-5.6811037,-6.6811037,-6.6511035,-6.3211036,-4.9811034,-5.7411036,-6.3411036,-5.7511034,-5.2311034,-1.7811035,0.12889649,6.1488967,4.2688966,4.4888964,2.7888966,-0.6811035,1.8388965,-2.0011034,-1.0511035,2.2188964,2.1588964,2.8188965,0.5388965,4.0488963,1.4188964,2.7688966,2.6788964,0.7288965
2.4288964,4.7088966,2.3888965,2.0088966,1.7688965,2.4188964,0.82889646,0.33889648,1.6288965,-0.28110352,-3.2211034,-6.3611035,-6.9211035,-6.1411037,-6.2511034,-7.3811035,-6.6911035,-6.4111037,-6.4911036,-5.5411034,-6.1611037,-4.0811033,0.4288965,3.5088966,-1.0511035,-1.5611035,-1.4311035,-1.9611036,-1.3311036,-3.8511035,-2.6711035,0.34889647,-3.3911035,1.9088964,-0.9111035,-2.7411034,-0.7811035,2.5188966,-1.3911035,2.5288966,1.8588965
5.3188963,1.8588965,1.6288965,1.5088965,2.2588966,1.9488965,1.7988964,0.5488965,1.0288965,1.0688965,-1.8911035,-5.0111036,-5.9911036,-6.5011034,-7.6611037,-7.5411034,-7.4411035,-7.2111034,-6.8511033,-6.3511033,-7.0811033,-4.2211037,-4.3011036,-1.3211036,1.1788964,2.1388965,0.51889646,0.3588965,-3.1511035,-0.73110354,1.5088965,1.4288964,2.0288966,0.06889649,1.2188965,2.5288966,3.3688965,1.9188964,-3.8711035,-2.8311036,-1.4211035
2.7788966,1.2988964,1.6288965,1.5688965,0.8688965,0.6788965,-0.4211035,-0.4811035,1.1488965,0.3988965,-1.1911035,-3.1711035,-6.8311033,-7.9011035,-5.7211037,-8.601104,-9.241103,-9.161103,-7.3611035,-8.021104,-6.8911037,-5.5011034,-4.1011033,-3.7011034,-1.6311035,1.3088965,1.8688965,-2.6811035,-2.7811036,-0.25110352,2.9788964,0.24889648,-0.46110353,0.038896486,1.6888965,1.6188965,3.0088966,-0.5211035,-0.80110353,0.4588965,1.3488965
4.7088966,4.5288963,1.0488964,1.7688965,-0.25110352,-0.5711035,1.1688964,0.8488965,0.4188965,-0.0011035156,-2.3411036,-3.7611036,-3.6311035,-6.0611033,-8.811104,-8.851104,-9.371103,-9.051104,-9.051104,-8.111103,-8.371103,-8.621103,-7.6011033,-5.5811033,-4.8111033,-3.5911036,-3.7211034,-1.5911036,0.33889648,1.3688965,2.5388966,2.8488965,1.0488964,-0.80110353,-1.1511035,-0.6311035,-3.3711035,-3.8111036,0.5388965,1.9588965,1.7188965
3.9088964,3.0188966,4.2388964,3.0588965,1.2788965,-0.86110353,-0.25110352,0.3988965,-0.9411035,-2.1311035,-2.5511036,-3.4811034,-5.7311034,-6.7411036,-7.8511033,-8.861103,-9.041103,-9.311104,-9.241103,-8.1711035,-8.461103,-8.721104,-9.451103,-7.8211036,-5.1311035,-3.3211036,-3.8711035,-3.4811034,-3.5811036,-0.0011035156,1.7088965,3.6388965,-1.4911035,1.1488965,1.7688965,1.7488965,3.6388965,3.6988964,-0.7011035,2.4288964,4.4388967
3.5488966,4.7388964,4.1988964,1.8388965,0.21889648,-0.20110351,-0.73110354,-1.0711036,-0.98110354,-1.4311035,-2.8911035,-3.2711036,-5.1211033,-6.0611033,-6.8411036,-8.021104,-9.071103,-9.031103,-9.191104,-8.781103,-7.1811037,-7.4911036,-7.8111033,-8.041103,-8.411103,-6.5011034,-6.1311035,-3.2111034,-2.9611034,-4.4411035,-3.8311036,-3.9711034,-1.1711035,-4.4711037,-3.1011035,-3.9211035,-3.4611034,-1.0611035,0.08889648,1.7288965,5.3588963
4.2588964,4.7388964,3.4788964,2.3888965,2.4888964,1.1988965,0.12889649,-0.5711035,-1.2311035,-1.4511036,-1.6711035,-3.5911036,-4.5511036,-5.7611036,-7.1311035,-8.3811035,-7.9711037,-8.501103,-8.371103,-7.4611034,-6.3811035,-6.5311036,-7.0611033,-7.6711035,-7.6111035,-7.1911035,-6.6011033,-5.3411036,-4.2011037,-3.0311036,-4.1611037,-5.3711033,-4.1511035,-4.1211033,-5.4611034,-4.8611035,-1.1111035,-2.8411036,0.40889648,4.0088964,3.1988964
4.0688963,3.2188964,2.0688965,0.5288965,0.3588965,1.2288965,1.2588965,0.6788965,-0.0011035156,-0.86110353,-2.3111036,-3.8211036,-4.6811037,-4.7711034,-6.8611035,-7.7311034,-8.081103,-8.471104,-7.7211037,-7.4711037,-5.8611035,-5.3111033,-5.9611034,-6.6111035,-6.8611035,-6.3011036,-4.9411035,-6.5911036,-6.4211035,-4.4511037,-5.0811033,-5.7111034,-6.8711033,-3.5511036,-2.0211036,0.008896484,-0.9411035,-0.5211035,2.6888964,3.2388964,2.7688966
4.1888967,3.0788965,2.1088965,0.6088965,-1.0911036,-1.0711036,-0.8411035,0.6288965,-0.22110352,-0.8411035,-2.3011036,-2.9711034,-2.7711036,-3.8011036,-5.3811035,-6.7311034,-7.4811034,-8.221104,-8.361103,-6.9011035,-5.0711036,-5.4911036,-5.9711037,-6.4811034,-6.0911036,-6.0911036,-5.4311037,-6.0711036,-5.7811036,-5.7711034,-5.2011037,-3.4511034,-4.4511037,-3.7811036,-0.4211035,2.0388966,2.0588965,2.1088965,-0.4511035,2.0488966,-1.2511035
3.5788965,2.6188965,1.2088965,1.1288965,0.15889649,-1.8011035,-1.9111035,-1.8411036,-2.8211036,-3.1511035,-3.5511036,-1.1311035,-1.2511035,-2.8211036,-3.7811036,-5.1411037,-6.4511037,-7.0011034,-7.0811033,-6.6711035,-5.4111037,-5.8411036,-6.3111033,-6.6911035,-6.5211034,-5.5811033,-6.4111037,-6.5211034,-5.8211036,-6.4711037,-5.4411035,-5.8611035,-3.8811035,-3.5011034,-2.6011035,-0.73110354,-1.3311036,-1.3911035,-0.31110352,1.8488965,1.1188965
2.4788964,2.3288965,1.1488965,0.75889647,-0.49110353,-0.7711035,-1.4111035,-2.8911035,-4.1211033,-4.6211033,-1.5811036,-0.5011035,-0.99110353,-1.7911035,-3.5711036,-2.9111035,-4.2811036,-6.0411034,-6.5511036,-6.2311034,-6.2311034,-4.5011034,-5.2511034,-5.9911036,-7.4011035,-7.0011034,-4.3511033,-5.3611035,-4.3711033,-3.0911036,-4.2411036,-4.7211037,-5.1211033,-2.8611035,-3.4211035,-3.0811036,-1.6911035,0.7488965,1.9388965,1.4388965,0.57889646
1.6688964,1.6388965,1.1988965,0.70889646,-0.0011035156,-1.3511035,-2.6611035,-3.5411036,-3.8311036,-4.2711034,-2.0711036,-0.38110352,0.118896484,-0.92110354,-1.4311035,-2.6111035,-2.7311034,-3.9211035,-5.6911035,-5.7011037,-6.5111036,-7.4011035,-5.9011035,-4.8511033,-4.7511034,-6.6011033,-7.4211035,-4.6311035,-3.0711036,-2.6411035,-4.8711033,-3.7311034,-2.6511035,-2.1811035,-2.9511034,-3.9211035,-0.5111035,-2.9911034,-0.92110354,1.4088964,0.6688965
1.1488965,1.0388964,-1.6311035,-0.031103516,-1.1111035,-1.4011035,-3.1411035,-2.7811036,-4.0911036,-3.5311036,-1.7411035,-1.9311035,-1.6911035,-0.46110353,-1.3011035,-2.8811035,-3.6411035,-3.8611035,-4.6111035,-5.5111036,-6.3511033,-6.1311035,-5.6911035,-5.4711037,-5.5811033,-5.4811034,-3.6411035,-4.6711035,-4.6311035,-4.2811036,-3.8311036,-4.8011036,-4.8411036,-3.5911036,-1.0011035,-1.6811035,-2.4511034,-2.8411036,0.5588965,2.1388965,-0.8311035
