wind_kz.json
{"header": {"discipline":0,"disciplineName":"Meteorological products","gribEdition":2,"gribLength":871,"center":7,"centerName":"US National Weather Service - NCEP(WMC)","subcenter":0,"refTime":"2023-09-28T00:00:00.000Z","significanceOfRT":1,"significanceOfRTName":"Start of forecast","productStatus":0,"productStatusName":"Operational products","productType":1,"productTypeName":"Forecast products","productDefinitionTemplate":0,"productDefinitionTemplateName":"Analysis/forecast at horizontal level/layer at a point in time","parameterCategory":0,"parameterCategoryName":"UnknownDiscipline_0_Category_0","parameterNumber":0,"parameterNumberName":"UnknownParameter_D0_C0_0","parameterUnit":"Unknown","genProcessType":2,"genProcessTypeName":"Forecast","forecastTime":120,"surface1Type":1,"surface1TypeName":"Ground or water surface","surface1Value":0.0,"surface2Type":255,"surface2TypeName":"Missing","surface2Value":0.0,"gridDefinitionTemplate":0,"gridDefinitionTemplateName":"Latitude_Longitude","numberPoints":615,"shape":6,"shapeName":"Earth spherical with radius of 6,371,229.0 m","gridUnits":"degrees","resolution":48,"winds":"true","scanMode":64,"nx":41,"ny":15,"basicAngle":0,"lo1":47.0,"la1":41.0,"lo2":87.0,"la2":55.0,"dx":1.0,"dy":1.0}, "data":
[rows 0 to 14 of 15, columns 0 to 40 of 41]
291.65582,281.35583,285.95584,294.15582,293.85583,293.05585,292.75583,293.35583,291.75583,291.85583,289.95584,290.35583,289.15582,288.15582,287.45584,285.25583,285.35583,285.45584,283.05585,284.95584,286.15582,282.35583,283.45584,280.25583,283.05585,285.65582,283.55585,271.55585,266.85583,272.65582,272.65582,273.45584,281.75583,286.95584,288.45584,288.35583,288.75583,287.75583,287.15582,286.95584,286.55585
275.55585,286.55585,293.65582,293.85583,293.85583,292.05585,291.35583,292.25583,288.55585,289.45584,288.95584,286.85583,286.65582,285.95584,284.05585,284.35583,282.45584,283.55585,282.45584,284.15582,282.95584,285.85583,283.95584,277.85583,270.65582,270.35583,278.85583,273.55585,274.35583,270.05585,275.25583,268.95584,273.45584,253.05583,271.15582,283.35583,282.35583,285.15582,287.45584,280.55585,283.55585
290.05585,293.25583,293.55585,293.35583,291.55585,292.25583,292.25583,289.75583,286.75583,285.55585,284.95584,285.65582,284.85583,285.15582,286.05585,283.05585,282.25583,282.25583,283.85583,284.35583,286.75583,283.75583,284.55585,278.95584,281.25583,281.25583,285.55585,286.65582,284.85583,278.25583,271.35583,272.95584,277.55585,278.15582,278.35583,278.65582,271.95584,272.25583,273.45584,269.85583,270.25583
290.25583,292.55585,293.25583,292.55585,291.75583,292.25583,289.15582,287.25583,286.85583,285.65582,285.25583,285.15582,290.55585,289.95584,285.35583,284.95584,285.65582,282.65582,282.75583,282.95584,283.45584,277.35583,283.65582,284.45584,284.75583,285.35583,285.85583,284.05585,286.35583,286.75583,287.75583,285.15582,288.15582,288.05585,286.85583,283.75583,272.85583,266.35583,272.85583,280.15582,283.15582
291.55585,291.95584,292.55585,291.55585,290.55585,289.65582,289.55585,288.85583,287.35583,286.55585,286.05585,285.15582,289.45584,288.25583,286.85583,285.65582,285.55585,285.25583,283.45584,285.55585,284.75583,284.75583,283.65582,284.05585,284.15582,284.45584,282.45584,285.25583,284.15582,285.65582,287.65582,286.35583,276.85583,268.65582,276.75583,284.45584,287.65582,287.15582,286.45584,286.85583,286.95584
289.15582,288.85583,290.75583,291.75583,291.75583,291.15582,288.15582,289.05585,287.45584,286.95584,286.95584,285.85583,288.55585,289.35583,286.75583,284.55585,286.15582,284.35583,285.15582,285.25583,284.05585,283.85583,283.75583,283.85583,283.85583,280.85583,282.35583,287.95584,285.05585,285.65582,285.45584,286.15582,286.25583,284.45584,283.45584,286.55585,278.35583,278.45584,282.95584,285.45584,284.95584
287.05585,284.05585,288.95584,288.25583,287.75583,284.95584,286.95584,287.45584,287.95584,288.05585,288.75583,285.85583,284.85583,284.75583,284.25583,285.15582,284.35583,285.25583,284.65582,283.75583,283.35583,284.05585,284.65582,284.55585,282.95584,282.55585,281.45584,282.35583,281.75583,282.15582,281.85583,282.45584,282.75583,284.85583,285.65582,283.65582,279.25583,275.85583,273.65582,272.15582,280.85583
288.05585,286.45584,288.35583,289.35583,288.95584,287.85583,287.15582,286.85583,286.55585,286.65582,286.05585,287.05585,283.25583,283.95584,284.15582,284.65582,284.25583,285.15582,284.45584,281.85583,281.95584,282.55585,282.45584,285.35583,281.65582,279.95584,279.25583,280.35583,279.85583,278.95584,278.05585,278.55585,279.15582,277.25583,278.25583,277.95584,279.85583,286.05585,281.45584,280.95584,278.35583
286.55585,287.15582,285.95584,286.95584,287.65582,285.75583,286.35583,286.55585,285.75583,285.95584,287.95584,283.65582,282.15582,281.95584,281.95584,283.15582,283.15582,288.35583,283.95584,282.25583,280.45584,283.65582,283.75583,282.55585,282.55585,282.95584,280.95584,277.55585,275.65582,273.45584,274.75583,274.85583,275.85583,277.65582,277.05585,281.05585,281.05585,278.55585,268.95584,269.35583,265.75583
285.65582,285.05585,285.85583,285.85583,285.85583,286.15582,286.95584,289.15582,287.65582,287.95584,287.15582,285.45584,282.25583,281.35583,280.25583,281.65582,282.25583,286.45584,283.65582,282.55585,281.05585,280.85583,280.75583,280.25583,279.35583,278.25583,277.15582,276.05585,274.85583,274.45584,273.85583,276.35583,277.45584,277.65582,277.65582,278.15582,277.75583,274.35583,271.45584,269.25583,266.85583
286.15582,285.25583,285.05585,284.25583,284.45584,284.45584,287.55585,287.75583,285.25583,282.65582,282.05585,282.05585,281.95584,280.95584,280.35583,279.85583,280.45584,280.95584,281.95584,280.95584,280.75583,280.65582,279.45584,278.95584,277.65582,276.95584,274.65582,275.85583,275.95584,276.25583,276.85583,276.65582,276.45584,277.05585,276.55585,276.05585,274.45584,269.95584,270.55585,269.65582,267.95584
285.05585,285.85583,285.45584,284.65582,283.75583,283.55585,282.45584,282.05585,281.65582,281.95584,283.65582,281.65582,282.35583,280.65582,280.65582,280.25583,280.55585,281.05585,280.45584,279.95584,279.55585,278.65582,278.35583,277.75583,276.65582,276.45584,276.45584,276.75583,276.65582,276.45584,275.35583,275.55585,275.65582,274.35583,275.25583,275.25583,275.15582,274.75583,274.75583,274.45584,273.95584
284.65582,285.55585,284.45584,284.45584,285.95584,283.75583,281.55585,281.75583,280.55585,280.25583,278.75583,278.55585,281.25583,280.45584,280.65582,280.95584,281.05585,280.95584,281.15582,280.25583,279.25583,277.85583,277.15582,276.45584,277.25583,277.45584,277.65582,276.65582,276.15582,274.85583,275.15582,275.05585,274.75583,274.05585,274.25583,274.25583,273.75583,274.95584,273.65582,272.35583,272.55585
282.85583,284.25583,285.55585,285.15582,283.05585,283.25583,282.85583,282.25583,283.05585,281.45584,279.85583,277.35583,278.65582,280.55585,280.95584,281.15582,281.45584,280.85583,280.75583,280.55585,280.05585,279.05585,278.95584,278.35583,278.35583,277.95584,276.95584,276.95584,275.75583,275.45584,274.65582,273.55585,272.85583,271.85583,272.65582,271.95584,272.55585,272.25583,271.75583,271.85583,271.25583
279.35583,281.55585,285.45584,284.85583,285.05585,283.15582,285.55585,285.05585,284.55585,284.55585,283.85583,282.65582,281.85583,281.85583,280.65582,281.85583,282.05585,280.85583,280.65582,280.35583,280.25583,280.15582,279.45584,278.65582,277.95584,277.65582,277.25583,276.65582,276.35583,275.75583,275.85583,279.25583,273.75583,272.95584,272.55585,272.65582,271.95584,271.85583,271.75583,271.25583,271.45584
