wind_kz.json
{"header": {"discipline":0,"disciplineName":"Meteorological products","gribEdition":2,"gribLength":871,"center":7,"centerName":"US National Weather Service - NCEP(WMC)","subcenter":0,"refTime":"2023-08-27T06:00:00.000Z","significanceOfRT":1,"significanceOfRTName":"Start of forecast","productStatus":0,"productStatusName":"Operational products","productType":1,"productTypeName":"Forecast products","productDefinitionTemplate":0,"productDefinitionTemplateName":"Analysis/forecast at horizontal level/layer at a point in time","parameterCategory":0,"parameterCategoryName":"UnknownDiscipline_0_Category_0","parameterNumber":0,"parameterNumberName":"UnknownParameter_D0_C0_0","parameterUnit":"Unknown","genProcessType":2,"genProcessTypeName":"Forecast","forecastTime":180,"surface1Type":1,"surface1TypeName":"Ground or water surface","surface1Value":0.0,"surface2Type":255,"surface2TypeName":"Missing","surface2Value":0.0,"gridDefinitionTemplate":0,"gridDefinitionTemplateName":"Latitude_Longitude","numberPoints":615,"shape":6,"shapeName":"Earth spherical with radius of 6,371,229.0 m","gridUnits":"degrees","resolution":48,"winds":"true","scanMode":64,"nx":41,"ny":15,"basicAngle":0,"lo1":47.0,"la1":41.0,"lo2":87.0,"la2":55.0,"dx":1.0,"dy":1.0}, "data":
[rows 0 to 14 of 15, columns 0 to 40 of 41]
299.01077,287.91077,293.81076,298.71075,298.41077,297.41077,298.81076,301.21075,298.61078,298.81076,296.51077,297.61078,296.81076,297.21075,297.01077,293.31076,293.21075,293.91077,292.61078,292.51077,294.01077,289.81076,287.91077,284.71075,290.31076,289.91077,286.81076,275.11078,275.41077,275.61078,276.31076,273.21075,289.21075,294.41077,296.01077,297.31076,297.31076,301.11078,299.91077,298.51077,298.61078
279.21075,291.51077,298.61078,298.81076,298.51077,297.01077,300.11078,298.41077,296.41077,295.61078,297.01077,294.91077,293.71075,293.31076,293.01077,293.91077,294.31076,292.91077,290.31076,289.61078,289.31076,290.41077,289.41077,281.81076,275.01077,274.61078,282.61078,274.81076,276.51077,270.61078,278.31076,271.51077,280.21075,256.31076,277.91077,293.01077,291.91077,297.31076,303.31076,294.61078,284.51077
293.51077,298.01077,298.91077,298.91077,297.11078,299.31076,298.21075,296.31076,294.91077,294.41077,294.81076,294.31076,291.71075,291.81076,293.41077,291.41077,290.71075,290.21075,290.11078,288.71075,289.51077,288.21075,291.41077,285.71075,286.11078,285.81076,286.91077,285.51077,284.81076,277.01077,271.41077,273.21075,277.81076,283.11078,284.31076,282.31076,276.61078,280.61078,282.11078,279.31076,279.81076
293.71075,298.11078,298.51077,298.01077,296.51077,297.41077,297.71075,296.21075,296.01077,295.31076,295.61078,293.31076,294.71075,294.01077,291.31076,290.71075,294.01077,290.61078,291.71075,288.41077,288.41077,285.11078,290.01077,290.51077,291.11078,291.31076,291.41077,288.41077,288.11078,289.21075,289.71075,287.11078,292.91077,293.41077,294.91077,282.81076,275.51077,278.81076,283.11078,291.11078,292.81076
296.01077,297.41077,298.01077,297.51077,297.21075,297.11078,298.01077,297.41077,296.41077,296.61078,296.11078,294.01077,294.41077,293.11078,291.01077,293.01077,293.01077,290.71075,288.51077,291.21075,291.11078,290.71075,288.71075,289.51077,288.71075,288.71075,288.31076,290.41077,288.51077,287.61078,292.31076,288.11078,277.11078,271.51077,282.01077,290.91077,294.01077,296.61078,297.91077,296.21075,295.91077
293.51077,290.71075,295.71075,296.01077,296.91077,296.31076,296.81076,298.01077,297.01077,296.91077,297.71075,296.01077,294.01077,294.01077,293.01077,292.31076,294.01077,292.21075,291.01077,290.81076,289.81076,289.71075,288.41077,288.31076,287.21075,286.31076,288.71075,292.41077,290.41077,291.11078,289.41077,291.61078,288.81076,287.71075,285.71075,290.21075,281.51077,286.41077,294.51077,295.91077,294.51077
294.11078,291.61078,294.11078,294.31076,294.91077,294.81076,296.21075,296.61078,298.41077,298.31076,296.61078,295.51077,294.51077,293.71075,293.01077,293.61078,292.51077,291.91077,290.11078,288.81076,287.81076,288.01077,287.81076,287.61078,285.81076,286.41077,286.21075,288.01077,287.31076,287.61078,286.61078,286.81076,289.21075,290.31076,288.91077,287.51077,282.51077,280.31076,281.31076,279.21075,289.41077
294.81076,293.51077,295.41077,295.71075,296.91077,297.01077,297.91077,296.31076,296.41077,296.31076,295.11078,294.71075,293.51077,293.61078,293.91077,292.81076,291.21075,290.31076,289.51077,286.11078,285.61078,284.31076,285.31076,285.81076,287.21075,284.91077,283.91077,284.01077,282.11078,283.51077,283.71075,285.21075,282.21075,282.31076,283.41077,285.71075,287.61078,289.21075,288.71075,287.51077,282.21075
295.21075,294.51077,295.61078,294.01077,296.41077,295.41077,294.31076,295.61078,294.51077,293.81076,292.71075,291.61078,290.91077,292.71075,291.21075,290.51077,288.61078,287.81076,287.21075,285.41077,281.81076,283.21075,286.61078,284.01077,280.71075,283.41077,281.11078,278.41077,279.01077,279.11078,280.01077,281.11078,281.31076,283.81076,282.11078,280.61078,281.21075,286.91077,277.51077,274.11078,271.91077
294.81076,295.21075,294.91077,295.01077,293.71075,293.81076,293.21075,293.41077,293.41077,291.61078,289.41077,289.21075,290.31076,289.71075,288.31076,287.71075,286.51077,285.51077,284.91077,284.61078,286.91077,285.81076,284.61078,283.81076,283.91077,284.61078,284.31076,283.01077,282.51077,282.81076,280.81076,284.01077,285.11078,285.11078,283.51077,281.91077,282.91077,277.61078,278.31076,276.71075,274.91077
295.11078,292.71075,293.31076,294.21075,292.81076,293.51077,293.81076,292.61078,291.41077,289.61078,288.31076,288.91077,289.51077,287.91077,286.91077,285.81076,283.41077,284.01077,283.81076,285.61078,286.71075,286.11078,282.91077,284.91077,284.51077,284.41077,282.41077,282.31076,282.51077,285.01077,284.71075,287.01077,285.91077,286.01077,283.91077,282.11078,281.31076,278.01077,277.51077,278.61078,276.81076
291.61078,294.91077,295.21075,294.01077,293.71075,292.61078,290.61078,290.51077,289.51077,289.31076,285.51077,286.81076,289.61078,288.91077,286.01077,284.11078,283.21075,282.31076,283.21075,285.71075,284.31076,283.51077,281.61078,281.81076,281.41077,283.01077,284.01077,285.01077,284.51077,285.41077,284.71075,284.91077,286.41077,283.81076,283.31076,284.31076,284.01077,285.01077,282.71075,284.51077,282.91077
291.71075,292.11078,293.81076,292.61078,294.01077,292.21075,290.81076,290.41077,288.11078,287.41077,284.01077,283.41077,288.31076,285.51077,284.91077,283.61078,282.51077,282.31076,285.71075,285.11078,284.41077,283.21075,283.31076,283.31076,284.31076,283.61078,286.91077,285.71075,286.31076,283.51077,284.91077,283.81076,283.81076,283.11078,285.41077,284.01077,283.91077,285.31076,284.91077,284.51077,283.51077
290.41077,292.51077,290.81076,293.61078,291.71075,291.11078,290.31076,290.51077,289.81076,286.91077,284.31076,281.11078,283.61078,286.81076,284.41077,283.41077,282.51077,282.11078,285.61078,285.51077,285.41077,285.31076,283.41077,285.61078,285.61078,284.51077,285.81076,283.51077,283.51077,284.81076,285.11078,284.11078,284.91077,284.31076,285.61078,282.51077,285.91077,284.11078,284.31076,283.21075,282.81076
290.21075,293.21075,290.11078,293.11078,292.61078,290.61078,291.01077,290.01077,289.81076,285.51077,284.91077,284.21075,283.51077,285.11078,285.21075,283.31076,282.71075,281.91077,286.01077,285.41077,285.21075,284.61078,284.81076,284.51077,284.81076,284.51077,283.41077,284.61078,284.41077,284.11078,284.31076,284.11078,283.91077,281.81076,281.21075,281.81076,282.41077,285.51077,282.61078,282.21075,283.51077
