wind_kz.json
{"header": {"discipline":0,"disciplineName":"Meteorological products","gribEdition":2,"gribLength":1025,"center":7,"centerName":"US National Weather Service - NCEP(WMC)","subcenter":0,"refTime":"2023-09-29T18:00:00.000Z","significanceOfRT":1,"significanceOfRTName":"Start of forecast","productStatus":0,"productStatusName":"Operational products","productType":1,"productTypeName":"Forecast products","productDefinitionTemplate":0,"productDefinitionTemplateName":"Analysis/forecast at horizontal level/layer at a point in time","parameterCategory":2,"parameterCategoryName":"UnknownDiscipline_0_Category_2","parameterNumber":2,"parameterNumberName":"UnknownParameter_D0_C2_2","parameterUnit":"Unknown","genProcessType":2,"genProcessTypeName":"Forecast","forecastTime":300,"surface1Type":103,"surface1TypeName":"Specified height level above ground","surface1Value":10.0,"surface2Type":255,"surface2TypeName":"Missing","surface2Value":0.0,"gridDefinitionTemplate":0,"gridDefinitionTemplateName":"Latitude_Longitude","numberPoints":615,"shape":6,"shapeName":"Earth spherical with radius of 6,371,229.0 m","gridUnits":"degrees","resolution":48,"winds":"true","scanMode":64,"nx":41,"ny":15,"basicAngle":0,"lo1":47.0,"la1":41.0,"lo2":87.0,"la2":55.0,"dx":1.0,"dy":1.0}, "data":
[rows 0 to 14 of 15, columns 0 to 40 of 41]
0.5137866,0.35378662,-1.8262134,1.2437866,1.2137866,-0.006213379,0.31378663,-3.3662133,-6.3262134,-3.5562134,-3.7462134,-3.1862135,-2.1162133,-1.2462134,-0.106213376,0.66378665,0.20378663,-1.2962134,-1.4362134,-0.08621338,-0.6762134,-0.16621338,1.2937866,1.8737866,-0.9362134,0.41378662,2.2337866,-2.1062133,-0.4862134,0.4837866,-1.4262134,1.9337866,0.34378663,-1.3862134,-2.5362134,-2.4762135,-2.5162134,-2.2962134,-1.5862134,-1.2762134,-0.45621338
0.7037866,-2.2562134,-0.15621337,-0.21621338,-0.01621338,-2.7062135,-5.1862135,-5.776213,-5.5362134,-4.6062136,-3.3262134,-3.0462134,-1.2662134,-0.08621338,0.4537866,0.7837866,0.19378662,-2.7862134,-3.4162133,-3.0162134,-0.07621338,0.8437866,2.5537865,2.8737867,-0.3262134,-0.11621338,0.73378664,-0.89621335,1.8837867,0.8237866,0.67378664,0.18378662,-1.6262134,0.23378663,0.37378663,2.2337866,1.3337866,0.3937866,1.0337867,-0.56621337,0.37378663
-2.1162133,-2.1362133,-0.9362134,-1.0262134,-3.4562135,-5.006213,-6.026213,-5.1662135,-5.4062133,-3.8962133,-3.7562134,-2.6762133,-1.8962134,-0.7862134,-0.49621338,-0.30621338,-2.8062134,-4.3662133,0.6937866,1.1637866,0.5237866,-3.4662135,-3.2762134,-2.0662134,0.5337866,-0.56621337,-0.4862134,-0.3262134,3.0937867,0.16378662,0.10378662,0.8137866,-1.5262134,-0.56621337,0.4537866,1.5237867,-1.1662134,0.24378662,-1.5862134,-0.44621336,0.5237866
-2.7262135,-1.9162134,-1.9662133,-3.7262135,-3.9962134,-4.966213,-3.7862134,-4.776213,-4.3262134,-4.7662134,-3.6862135,-4.6962132,-4.0962133,-3.2362134,-2.6262133,-3.3862133,-2.7662134,-1.4862133,-1.0062134,-0.75621337,-0.56621337,-2.4362135,-4.9762135,-7.256213,-7.296213,-7.216213,-8.616214,-10.226213,-7.4562135,-2.1862135,-0.6562134,-5.2862134,-4.2462134,-2.2662134,-1.9362134,-0.9762134,-0.88621336,0.5837866,-1.4762133,-1.6062133,-3.7062135
-1.9062134,-2.0362134,0.22378662,-2.9662135,-3.9962134,-4.8862133,-4.4262133,-4.7262135,-4.4562135,-4.7262135,-5.3062134,-6.3362136,-5.546213,-5.5962133,-5.1962132,-6.3762136,-7.4462132,-7.7862134,-9.636213,-12.086213,-12.286213,-9.856214,-9.986214,-10.076214,-10.646214,-10.606214,-11.4362135,-8.066214,-8.236214,-7.7462134,-6.5562134,-1.4462134,1.1737866,0.09378662,-2.3462133,-1.7062134,-3.9562135,-5.0362134,-3.4762135,-2.9862134,-3.3362134
-1.9462134,-2.0962133,-4.0962133,-6.0862136,-6.756213,-6.8962135,-5.8462133,-5.4562135,-4.4162135,-4.8062134,-5.4162135,-6.0362134,-6.3662133,-6.0762134,-6.1662135,-6.7862134,-7.8662133,-9.036213,-10.176213,-9.456213,-10.206213,-9.546213,-9.276214,-9.9362135,-10.326214,-10.926213,-10.266213,-7.466213,-8.516213,-8.446214,-8.736214,-7.4362135,-8.116214,-9.256213,-6.4162135,-5.9762135,-1.8462133,-3.0062134,-2.6762133,-2.8462133,-2.2062135
-2.0162134,-2.8362134,-4.2262135,-5.2462134,-6.3862133,-5.2662134,-5.3162136,-4.966213,-5.486213,-4.6462135,-4.8362136,-5.7062135,-5.6462135,-6.006213,-6.1062136,-6.486213,-7.0562134,-7.3562136,-8.1862135,-8.816214,-8.426213,-7.486213,-7.506213,-7.6262136,-8.616214,-8.446214,-8.196214,-7.3862133,-7.046213,-7.4162135,-7.8962135,-8.766213,-5.5362134,-5.276213,-4.6962132,-1.4362134,-0.46621338,-1.7562134,1.4337866,-0.33621338,-0.64621335
-1.6162133,-2.4262133,-3.0062134,-3.7062135,-4.1762133,-4.526213,-4.1762133,-4.046213,-4.3562136,-4.4162135,-4.4262133,-5.7262135,-4.5162134,-5.756213,-4.8662133,-5.4762135,-5.3862133,-5.8162136,-5.5962133,-7.1362133,-6.256213,-5.6662135,-4.9362135,-4.4362135,-4.8062134,-5.3962135,-5.5862136,-4.9762135,-5.6562133,-4.7462134,-5.6862135,-4.6362133,-5.0562134,-5.1562133,-5.9162135,-4.6162133,-1.5862134,0.8237866,-0.6562134,-0.6662134,0.5637866
-1.3562133,-1.5062134,-2.0662134,-2.6962135,-3.0362134,-3.3962133,-3.1962135,-3.6362133,-3.6462133,-3.5862134,-3.2062135,-3.6962135,-3.8162134,-3.6162133,-4.1262136,-3.6662133,-4.006213,-3.8462133,-3.8862133,-2.1762133,-4.546213,-3.8762133,-3.3262134,-3.4062133,-3.7462134,-2.5762134,-2.1562133,-2.7262135,-2.0362134,-1.7762134,-2.1162133,-1.7662134,-1.4762133,-0.9362134,-1.4962134,-0.6262134,-0.6262134,-1.6562134,0.03378662,0.5137866,0.60378665
-0.31621337,-0.6162134,-1.2962134,-1.7762134,-2.1762133,-2.4662135,-2.7162135,-2.4562135,-2.3262134,-2.1862135,-2.0462134,-2.5162134,-1.9662133,-1.8762134,-2.5462134,-2.4962134,-2.9062133,-2.4262133,-2.0762134,-1.9562134,-2.4162133,-1.8662133,-1.5062134,-1.5262134,-1.1562134,-0.8762134,-0.24621338,0.03378662,1.1637866,1.8237866,1.8337866,1.3137866,1.4837866,2.0337865,1.0137867,-0.94621336,-1.1962134,-0.25621337,0.54378664,0.41378662,0.73378664
0.17378663,-0.31621337,-1.2762134,-1.2262133,-1.3262134,-1.6362134,-1.1762134,-1.0362134,-1.0962133,-1.6362134,-1.1262134,-0.11621338,-0.13621338,-0.07621338,0.3637866,0.27378663,0.073786624,-0.45621338,-0.7262134,-0.7962134,-0.81621337,-0.2962134,0.12378662,0.8937866,1.7037866,2.2237866,3.0637865,2.9937866,3.7237866,4.3937864,4.4237866,4.0937867,3.6337867,2.9437866,3.0337865,1.0137867,-0.6662134,1.0837866,-0.09621338,0.11378662,1.3337866
-0.23621339,0.5737866,-0.106213376,-0.56621337,-1.2862134,-1.1062133,-1.2562134,-1.0862134,-0.8762134,-1.3962134,-0.44621336,0.023786621,0.5137866,1.7537866,2.1937866,2.1737866,2.5337865,2.4437866,2.0037866,1.8537866,1.8637866,2.0937867,2.3937867,2.7837865,3.6437867,3.9237866,4.533787,4.7337866,4.763787,4.533787,4.283787,4.4137864,3.7337866,4.0737867,3.6637866,4.9837866,6.6137867,7.8137865,5.5537868,3.2937865,2.8137865
0.4537866,-0.11621338,1.4837866,0.49378663,0.5337866,-0.6262134,-0.20621338,-0.21621338,-0.5362134,-0.69621336,-0.06621338,0.8837866,1.4237866,3.1037867,3.0237865,3.0437865,3.2837865,2.8637867,2.3637867,2.7437866,3.0637865,3.5337865,4.0437865,3.4637866,4.0537868,3.9837866,4.1337867,4.6037865,4.9337864,4.8237867,4.9637866,5.0637865,4.7537866,4.493787,4.8137865,5.2137866,5.6437864,2.7737865,5.1237864,5.1737866,3.4437866
1.0337867,-0.006213379,-0.31621337,-0.08621338,0.30378664,-0.106213376,0.7037866,0.5937866,1.7137866,0.92378664,-0.3562134,-0.02621338,1.5237867,3.2337866,3.2337866,2.8337867,2.8537867,2.8637867,2.2137866,3.6037867,3.7937865,4.4337864,4.8737864,4.8637867,4.8937864,4.493787,4.3537865,4.9037867,4.8137865,4.7937865,4.533787,4.2537866,4.0737867,4.1737866,3.6737866,3.4737866,3.0637865,3.3237867,3.8137865,3.7637866,5.3137865
0.54378664,0.22378662,0.17378663,-0.13621338,0.4837866,1.2437866,1.6337867,1.7737867,1.4837866,-0.006213379,-0.07621338,0.5137866,0.5337866,0.6537866,1.5037866,0.5237866,1.4737866,2.2137866,2.2937865,3.0137866,3.3337867,3.6837866,3.7637866,4.1137867,4.223787,4.3737864,4.513787,4.203787,3.7837865,3.6337867,3.4537866,3.3837867,2.6037867,2.5337865,2.8437867,3.4237866,3.7137866,4.6837864,5.763787,4.6237864,3.4137866
