wind_kz.json
{"header": {"discipline":0,"disciplineName":"Meteorological products","gribEdition":2,"gribLength":1025,"center":7,"centerName":"US National Weather Service - NCEP(WMC)","subcenter":0,"refTime":"2024-02-01T12:00:00.000Z","significanceOfRT":1,"significanceOfRTName":"Start of forecast","productStatus":0,"productStatusName":"Operational products","productType":1,"productTypeName":"Forecast products","productDefinitionTemplate":0,"productDefinitionTemplateName":"Analysis/forecast at horizontal level/layer at a point in time","parameterCategory":2,"parameterCategoryName":"UnknownDiscipline_0_Category_2","parameterNumber":3,"parameterNumberName":"UnknownParameter_D0_C2_3","parameterUnit":"Unknown","genProcessType":2,"genProcessTypeName":"Forecast","forecastTime":180,"surface1Type":103,"surface1TypeName":"Specified height level above ground","surface1Value":10.0,"surface2Type":255,"surface2TypeName":"Missing","surface2Value":0.0,"gridDefinitionTemplate":0,"gridDefinitionTemplateName":"Latitude_Longitude","numberPoints":615,"shape":6,"shapeName":"Earth spherical with radius of 6,371,229.0 m","gridUnits":"degrees","resolution":48,"winds":"true","scanMode":64,"nx":41,"ny":15,"basicAngle":0,"lo1":47.0,"la1":41.0,"lo2":87.0,"la2":55.0,"dx":1.0,"dy":1.0}, "data":
[rows 0 to 14 of 15, columns 0 to 40 of 41]
-2.001882,-3.7018821,2.458118,10.218118,9.448117,8.878118,5.068118,3.038118,1.598118,1.938118,4.948118,4.398118,3.938118,3.448118,1.328118,-0.481882,-0.18188202,0.988118,3.278118,2.628118,1.968118,3.518118,0.488118,-2.231882,-1.1318821,-1.951882,-0.621882,2.068118,3.498118,0.13811798,-3.081882,-4.751882,1.528118,-1.061882,-1.541882,0.16811799,0.51811796,0.51811796,0.46811798,0.28811797,0.27811798
5.9481177,1.288118,-0.25188202,3.948118,7.808118,8.298118,3.508118,5.7281175,3.618118,4.758118,4.098118,4.518118,3.658118,2.938118,2.188118,4.148118,0.558118,0.23811798,0.548118,3.868118,4.298118,4.968118,2.828118,2.068118,-1.971882,-1.581882,-3.261882,2.488118,0.818118,2.998118,5.868118,4.638118,0.17811798,-3.181882,-4.961882,-2.501882,-2.331882,-2.611882,-0.08188202,-0.511882,1.128118
3.008118,4.878118,2.428118,3.008118,4.038118,4.158118,2.818118,4.098118,4.498118,5.138118,5.538118,4.898118,4.498118,3.908118,3.508118,3.218118,3.478118,2.3081179,3.378118,3.578118,2.348118,2.448118,1.438118,3.038118,0.34811798,1.578118,3.898118,2.208118,-0.27188203,2.5581179,0.18811798,1.208118,-0.751882,-1.301882,-0.53188205,1.758118,5.048118,0.13811798,0.668118,-1.711882,-1.291882
2.328118,5.068118,4.288118,3.618118,2.868118,2.028118,2.8081179,5.1781178,4.958118,5.7581177,4.728118,4.568118,5.808118,5.9981174,3.858118,3.928118,3.838118,4.078118,4.028118,3.418118,3.328118,3.148118,1.728118,2.0581179,-0.511882,-0.15188202,1.218118,0.938118,6.408118,5.9481177,5.2781177,1.258118,-0.78188205,1.438118,-1.741882,-3.331882,-1.371882,2.3081179,4.788118,2.468118,1.428118
3.778118,4.498118,5.118118,4.908118,4.408118,4.088118,4.148118,3.488118,4.778118,4.848118,4.898118,5.7281175,5.9281178,6.6781178,5.808118,4.628118,5.008118,4.418118,4.1781178,4.008118,3.088118,2.628118,1.968118,2.178118,2.458118,0.868118,1.418118,0.808118,3.648118,7.6281176,7.4881177,2.918118,3.208118,1.9981179,-0.811882,-1.051882,-1.221882,-1.0118821,-1.971882,0.008117981,1.048118
3.338118,3.868118,4.168118,4.248118,4.018118,4.018118,4.228118,4.128118,4.658118,3.768118,4.348118,4.738118,4.4281178,7.2181177,5.1881175,5.4881177,5.4881177,5.808118,4.518118,4.168118,3.568118,3.638118,2.618118,2.938118,2.488118,1.758118,1.678118,1.818118,1.918118,3.938118,6.7181177,7.558118,4.498118,4.248118,2.328118,5.7781177,1.708118,2.738118,0.18811798,-1.811882,-0.73188204
4.4281178,4.4281178,4.468118,4.338118,4.738118,4.488118,4.998118,5.078118,5.8781176,5.6281176,5.7281175,5.5081177,6.158118,5.9381175,6.4181175,6.6981177,6.7581177,7.1081176,6.3581176,6.1781178,5.268118,4.378118,4.298118,4.068118,3.368118,1.478118,1.018118,0.21811798,1.788118,1.938118,3.618118,5.538118,7.2281175,5.1781178,1.158118,-0.681882,-1.731882,0.35811797,-0.711882,-2.711882,0.37811798
3.208118,3.608118,3.898118,3.878118,3.8081179,4.388118,4.958118,5.8981175,7.038118,6.408118,6.888118,7.598118,7.1481175,7.268118,7.9181175,8.178118,9.138118,8.608118,8.318118,7.2181177,5.6781178,5.6481175,4.018118,5.4181175,4.978118,3.568118,3.208118,-0.891882,-1.0118821,1.298118,3.0581179,6.2281175,6.6981177,6.6081176,3.658118,0.16811799,0.51811796,1.058118,-2.431882,0.308118,-0.631882
2.228118,2.738118,3.0481179,3.0581179,3.228118,3.418118,3.988118,5.048118,5.7081175,6.518118,6.7181177,7.7481174,8.038117,9.028118,8.848118,9.988117,9.928118,10.328117,9.808118,9.538117,8.048118,7.1081176,5.788118,4.808118,5.9681177,5.4981174,4.608118,3.0481179,2.858118,0.618118,3.318118,6.268118,9.618117,8.9581175,4.628118,4.028118,0.71811795,0.908118,1.228118,1.138118,-2.031882
2.278118,2.248118,2.198118,2.7981179,3.528118,4.218118,4.528118,4.818118,5.4381175,6.1781178,6.7581177,7.2381177,8.378118,9.508118,11.158117,11.688118,11.498117,11.548118,11.308118,10.598118,10.068118,8.378118,7.4881177,6.4181175,5.518118,4.858118,3.838118,3.178118,2.448118,2.348118,1.7381179,0.338118,6.808118,7.7981176,7.348118,3.028118,1.598118,-2.541882,0.83811796,4.898118,4.028118
0.978118,0.88811797,1.318118,1.178118,2.528118,2.918118,3.0581179,3.7981179,4.418118,5.088118,6.3781176,7.4681177,7.808118,9.9581175,11.428118,13.418118,13.578117,13.238117,12.448117,11.688118,10.528118,9.338118,7.6981177,6.768118,5.618118,5.7481174,4.028118,5.1981177,4.658118,2.218118,3.388118,1.658118,4.908118,6.8381176,8.078117,7.288118,1.8581179,3.258118,2.488118,1.578118,0.19811799
-0.381882,0.398118,0.88811797,1.1081179,0.508118,0.538118,0.948118,2.478118,2.038118,3.468118,4.068118,5.368118,5.9981174,8.178118,10.448117,13.148118,14.578117,15.058118,14.028118,12.128118,10.828117,9.028118,7.558118,7.2581177,7.1281176,6.7481174,6.9381175,5.9381175,5.7981176,3.928118,3.368118,2.638118,2.518118,5.828118,6.2281175,7.5881176,6.2181177,2.888118,2.908118,1.8581179,0.738118
-1.801882,-2.081882,-0.901882,-0.031882018,1.478118,1.158118,2.268118,2.438118,2.608118,2.468118,0.548118,2.938118,5.4181175,6.6281176,8.718118,10.908117,12.318118,13.618117,13.948117,11.678118,11.438118,10.2081175,9.108118,8.008118,8.578117,7.618118,6.868118,5.7381177,6.1281176,5.3581176,4.498118,3.688118,3.458118,5.7181177,6.5481176,6.7981176,6.4281178,2.498118,3.388118,1.698118,0.738118
-2.421882,-2.401882,-2.971882,-1.5118821,-1.1418821,-0.54188204,4.018118,2.468118,3.448118,2.718118,2.148118,1.828118,0.568118,6.5481176,7.8781176,8.188118,9.938118,10.728118,11.128118,10.508118,9.988117,9.248117,8.798118,7.9581175,7.2181177,6.598118,6.3181176,6.638118,6.138118,6.6081176,5.9281178,5.3381176,4.828118,5.658118,5.618118,5.828118,4.478118,3.948118,1.918118,3.198118,1.798118
-1.531882,-2.791882,-3.611882,-2.391882,0.40811798,1.288118,-1.221882,3.648118,3.5481179,2.788118,2.478118,2.748118,1.658118,2.668118,6.9281178,8.338118,9.068118,9.628118,8.718118,8.928118,8.508118,8.448117,7.518118,7.1281176,6.7081175,6.6681175,6.8381176,6.6081176,6.2981176,6.2381177,6.8781176,7.4181175,6.2281175,6.9681177,6.6681175,6.618118,6.038118,6.6681175,4.548118,4.768118,1.168118
