wind_kz.json
{"header": {"discipline":0,"disciplineName":"Meteorological products","gribEdition":2,"gribLength":1025,"center":7,"centerName":"US National Weather Service - NCEP(WMC)","subcenter":0,"refTime":"2023-08-20T06:00:00.000Z","significanceOfRT":1,"significanceOfRTName":"Start of forecast","productStatus":0,"productStatusName":"Operational products","productType":1,"productTypeName":"Forecast products","productDefinitionTemplate":0,"productDefinitionTemplateName":"Analysis/forecast at horizontal level/layer at a point in time","parameterCategory":2,"parameterCategoryName":"UnknownDiscipline_0_Category_2","parameterNumber":3,"parameterNumberName":"UnknownParameter_D0_C2_3","parameterUnit":"Unknown","genProcessType":2,"genProcessTypeName":"Forecast","forecastTime":120,"surface1Type":103,"surface1TypeName":"Specified height level above ground","surface1Value":10.0,"surface2Type":255,"surface2TypeName":"Missing","surface2Value":0.0,"gridDefinitionTemplate":0,"gridDefinitionTemplateName":"Latitude_Longitude","numberPoints":615,"shape":6,"shapeName":"Earth spherical with radius of 6,371,229.0 m","gridUnits":"degrees","resolution":48,"winds":"true","scanMode":64,"nx":41,"ny":15,"basicAngle":0,"lo1":47.0,"la1":41.0,"lo2":87.0,"la2":55.0,"dx":1.0,"dy":1.0}, "data":
[rows 0 to 14 of 15, columns 0 to 40 of 41]
2.3723297,1.9923297,0.8623297,-0.067670286,-1.9676703,-1.7576703,-1.0376703,-1.4576703,-0.9476703,-2.6876702,-3.6376703,-3.4176702,-2.2376702,-1.1276703,-1.6876702,-2.8376703,-3.6176703,-3.0476704,-4.86767,-3.8976703,-4.3376703,-5.20767,-1.2976702,1.8423297,3.3823297,3.3923297,1.3423297,0.30232972,-2.3976703,-2.1476703,1.9023297,2.6923296,0.16232972,-1.1676702,-2.2376702,1.0123297,-2.3176703,-4.53767,-0.5376703,1.0223297,-2.3076704
-0.4276703,-2.3776703,4.63233,3.0723298,1.9523298,1.6823297,1.0923297,1.3223298,-0.22767028,-2.1176703,-2.5176704,-2.7576704,-1.8476703,-2.0276704,-2.4776702,-2.9776702,-3.5676703,-2.5376704,-3.9976702,-5.0076704,-6.01767,-5.05767,-3.1576703,-0.5376703,3.4723296,3.6423297,3.8723297,-0.3976703,-0.2776703,-0.1376703,-2.8776703,-0.8176703,0.78232974,-0.03767029,2.9423296,0.5123297,-0.35767028,-3.6176703,-2.4476702,2.6323297,0.78232974
-1.0276703,-4.36767,4.73233,4.2023296,3.2323296,2.0223298,1.2823297,1.1423297,0.6923297,0.39232972,-0.5376703,-1.0476702,-0.8576703,-1.0376703,-3.2076702,-4.32767,-4.1276703,-3.4876702,-4.3976703,-4.3576703,-5.1076703,-5.53767,-1.8876703,3.4123297,-3.3976703,-4.1776705,-4.8876705,-2.5376704,-1.0276703,-1.0976703,-3.3876703,0.9423297,0.7123297,2.3623297,0.72232974,-2.8376703,-1.4176702,3.2323296,0.27232972,3.4123297,1.1423297
-2.0976703,-2.6176703,-1.2776703,0.9823297,2.6123297,2.0823298,1.6023297,2.6023297,1.0223297,1.2023298,1.5223297,-0.007670288,-1.0076703,-0.29767027,-1.6476703,-4.97767,-5.3176703,-4.1076703,-4.11767,-4.26767,-4.30767,-2.5476704,-5.20767,-2.3776703,-2.6176703,-2.5676703,-2.9276702,1.5023297,0.7023297,2.2423296,4.1023297,2.0123298,0.6423297,-0.52767026,-0.4376703,2.4623296,3.6023297,0.9923297,-3.3176703,-1.8576703,-0.89767027
0.78232974,-2.0876703,-4.11767,-3.7976704,-1.6776702,-1.8376703,-1.4776703,-1.0476702,-1.4876703,-0.52767026,0.8223297,1.0823298,2.1123297,2.6423297,0.27232972,-2.2376702,-4.5076704,-4.5076704,-4.74767,-3.3176703,-2.6376703,-2.0776703,-1.9376702,-1.5976703,-1.6476703,-1.3876703,1.1623297,2.9823296,1.4823297,4.2823296,1.4223297,0.3123297,-0.7876703,-0.25767028,-0.32767028,1.0323297,3.2823298,-0.4876703,-0.4876703,-0.2476703,1.3123298
-0.4876703,-0.7576703,-0.23767029,-1.3776703,-1.5576702,-3.9676702,-5.51767,-5.45767,-4.4476705,-1.9876703,-0.3176703,1.4223297,2.8223298,3.0623298,0.9523297,-3.4276702,-3.8176703,-3.9376702,-4.1076703,-3.9076703,-1.2176703,-0.14767028,-0.6676703,-0.9376703,-1.7376703,-0.7876703,0.3423297,4.29233,-0.7976703,2.5123298,4.1623297,3.7623298,0.6723297,-0.6076703,-3.3576703,-1.7076703,1.2523297,3.8923297,-0.32767028,1.2123297,1.7223297
-0.5376703,-0.04767029,0.6523297,-1.1976703,-3.0676703,-4.2976704,-5.18767,-5.4176702,-4.5276704,-3.4076703,-1.2376703,0.5823297,0.3723297,-1.4376702,-2.7676704,-3.6176703,-3.6276703,-3.6276703,-3.0576704,-2.7876704,-1.0376703,0.16232972,0.91232973,0.53232974,-0.6376703,-1.2476703,0.3723297,2.4423296,6.21233,4.4523296,5.00233,6.44233,4.8423295,3.7523298,2.7323296,3.8423297,3.3223298,2.8123298,-0.017670289,2.7523298,2.5623298
0.2523297,1.6823297,1.0123297,0.6223297,-1.2076703,-3.1976702,-5.6376705,-6.61767,-6.3576703,-5.3876705,-2.7376702,-0.32767028,-0.9276703,-1.4876703,-2.6276703,-3.9876702,-3.3576703,-2.6976702,-2.0776703,-1.0576702,1.2023298,1.9323297,1.6023297,1.3723297,0.7323297,0.9023297,0.6823297,1.1723297,7.67233,7.1423297,7.40233,8.152329,7.6223297,6.3023295,2.2923298,-0.7976703,-1.1976703,0.9623297,-0.3376703,0.97232974,2.2423296
0.9223297,2.6823297,3.4423296,2.7123296,0.112329714,-2.5276704,-5.0276704,-5.8976703,-5.5676703,-4.93767,-3.1576703,-0.8076703,-1.0476702,-2.4676702,-2.9276702,-3.5676703,-4.24767,-2.9576702,-0.6076703,0.8623297,0.8123297,0.66232973,1.1223297,1.7123297,2.8023298,3.2623298,3.4723296,3.4323297,4.00233,9.05233,8.6123295,8.602329,8.66233,5.73233,6.0123296,5.8923297,3.2223296,0.042329714,-1.5676703,-0.6376703,1.5423297
-0.89767027,2.5523298,3.4223297,2.2823298,0.9423297,-0.7676703,-2.6376703,-5.5276704,-7.0676703,-5.80767,-4.82767,-1.6476703,-1.3776703,-2.4876702,-3.0976703,-4.5876703,-5.2376704,-3.4876702,-1.9376702,-1.6676702,-2.0376704,-1.7376703,-0.1676703,1.7023298,4.19233,5.0523295,5.3923297,5.3623295,6.15233,6.6823297,10.252329,9.402329,8.45233,7.9523296,7.8223295,5.81233,3.3923297,2.0423298,1.3623297,-1.1576703,0.39232972
2.5923297,1.8923297,2.6423297,1.2423297,-1.0376703,-1.4776703,-2.7676704,-4.24767,-5.74767,-6.8576703,-5.3176703,-3.0876703,-2.8476703,-2.7576704,-1.5876703,-3.8076704,-5.51767,-5.30767,-1.1176703,-2.9676702,-7.61767,-5.8776703,1.8223298,8.1123295,5.3723297,7.6823297,7.6023297,7.79233,8.18233,4.3423295,4.4923296,9.42233,8.152329,6.96233,8.70233,8.17233,3.5523298,2.4423296,3.3323298,1.5923297,0.8723297
1.7023298,1.9623297,3.3523297,3.4723296,1.6023297,-0.9776703,-2.6276703,-4.0276704,-4.5076704,-5.3376703,-6.05767,-3.3976703,-4.5676703,-3.1576703,1.7523297,-1.1376703,-3.4576702,-6.68767,-3.7576704,-2.7476702,-7.6776705,-9.6776705,-0.3976703,8.62233,8.00233,7.6823297,8.37233,8.20233,8.43233,5.8623295,4.9323297,8.03233,6.9123297,7.6623297,6.5923295,6.3623295,3.6823297,3.1723297,1.8423297,1.5023297,-0.067670286
0.4423297,1.3523297,0.062329713,0.6423297,2.0623298,0.17232971,-0.9576703,-2.0676703,-3.9176702,-4.3876705,-4.53767,-3.4576702,-3.9776702,-8.02767,-2.6276703,-0.9876703,-2.8776703,-4.4176702,-3.5676703,1.3823297,-4.74767,-8.69767,-8.147671,-3.8376703,-2.1776702,0.46232972,3.5023298,5.00233,3.9323297,4.4523296,3.6823297,2.7923298,4.1123295,6.8523297,6.4323297,7.3223295,4.69233,2.9923296,4.17233,3.4623296,2.0323298
-0.9576703,-1.1076703,-0.7576703,-0.9376703,-0.07767029,0.21232972,0.012329712,-0.6276703,-2.6976702,-2.9976702,-2.6776702,-3.6676702,-3.3976703,-3.0976703,-5.20767,-6.36767,-3.6176703,-4.8776703,-3.0076704,-1.3576703,-0.44767028,-0.7976703,-5.5476704,-4.4276705,-4.0876703,-2.5576704,-1.9176702,0.14232971,1.6523297,1.9523298,1.6323297,1.6823297,3.0723298,4.69233,3.3523297,3.2623298,4.1823297,4.63233,4.5923295,3.2523298,4.02233
-1.2976702,-1.8976703,-2.1076703,-1.3376703,-1.2976702,-1.1476703,-0.65767026,-0.9476703,-3.6076703,-2.2976704,-0.7376703,-1.8576703,-2.2876704,-1.9276702,-3.8076704,-5.1376705,-5.0476704,-4.3376703,-4.26767,-3.9876702,-3.6476703,-3.8176703,0.032329712,-3.7976704,-2.1476703,-3.9376702,-2.4276702,-0.83767027,-0.3376703,0.49232972,2.1823297,2.8623297,1.1623297,1.0723298,2.6423297,3.0523298,4.48233,3.1123297,3.0523298,4.73233,3.5223298
