wind_kz.json
{"header": {"discipline":0,"disciplineName":"Meteorological products","gribEdition":2,"gribLength":871,"center":7,"centerName":"US National Weather Service - NCEP(WMC)","subcenter":0,"refTime":"2023-09-19T12:00:00.000Z","significanceOfRT":1,"significanceOfRTName":"Start of forecast","productStatus":0,"productStatusName":"Operational products","productType":1,"productTypeName":"Forecast products","productDefinitionTemplate":0,"productDefinitionTemplateName":"Analysis/forecast at horizontal level/layer at a point in time","parameterCategory":0,"parameterCategoryName":"UnknownDiscipline_0_Category_0","parameterNumber":0,"parameterNumberName":"UnknownParameter_D0_C0_0","parameterUnit":"Unknown","genProcessType":2,"genProcessTypeName":"Forecast","forecastTime":300,"surface1Type":1,"surface1TypeName":"Ground or water surface","surface1Value":0.0,"surface2Type":255,"surface2TypeName":"Missing","surface2Value":0.0,"gridDefinitionTemplate":0,"gridDefinitionTemplateName":"Latitude_Longitude","numberPoints":615,"shape":6,"shapeName":"Earth spherical with radius of 6,371,229.0 m","gridUnits":"degrees","resolution":48,"winds":"true","scanMode":64,"nx":41,"ny":15,"basicAngle":0,"lo1":47.0,"la1":41.0,"lo2":87.0,"la2":55.0,"dx":1.0,"dy":1.0}, "data":
[rows 0 to 14 of 15, columns 0 to 40 of 41]
287.32446,279.62445,283.32446,293.32446,293.32446,293.12445,289.12445,289.02448,286.22446,285.62445,285.82446,287.62445,287.12445,287.42447,288.02448,285.92447,286.62445,288.82446,286.42447,289.32446,288.72446,287.42447,290.22446,282.02448,283.82446,286.22446,284.72446,272.42447,271.22446,272.02448,272.62445,268.22446,281.12445,286.82446,288.32446,288.12445,288.22446,287.72446,287.22446,287.22446,287.52448
271.82446,283.22446,292.92447,293.12445,292.72446,291.32446,283.42447,284.22446,283.02448,284.32446,285.62445,285.32446,285.32446,284.72446,284.32446,284.22446,285.22446,285.72446,285.82446,289.32446,287.32446,288.62445,289.42447,283.42447,272.72446,271.22446,278.52448,271.52448,273.02448,270.12445,275.92447,270.12445,274.62445,256.22446,272.02448,284.72446,283.42447,285.32446,287.92447,281.12445,283.62445
286.02448,291.92447,293.22446,292.72446,290.72446,283.12445,283.02448,282.52448,281.12445,282.32446,282.72446,284.02448,283.52448,284.72446,286.52448,284.82446,284.02448,284.02448,287.42447,287.72446,290.12445,290.22446,287.12445,283.72446,286.82446,285.02448,286.22446,285.92447,285.92447,278.72446,271.22446,274.12445,280.12445,277.22446,279.42447,280.12445,270.72446,273.62445,275.22446,270.62445,267.82446
285.42447,291.62445,293.02448,291.82446,289.22446,282.32446,284.32446,282.32446,282.72446,283.02448,282.82446,283.02448,290.62445,290.02448,286.12445,285.72446,286.52448,284.32446,285.52448,287.62445,289.52448,284.32446,288.62445,289.12445,290.22446,289.02448,289.62445,287.22446,286.22446,287.42447,288.12445,285.62445,289.92447,287.62445,286.32446,282.82446,273.12445,267.92447,277.22446,282.82446,285.72446
286.62445,290.32446,291.42447,290.52448,288.62445,284.62445,284.92447,284.22446,284.02448,284.12445,284.42447,283.42447,289.42447,288.52448,287.02448,284.62445,284.92447,286.02448,284.42447,287.02448,289.72446,290.32446,289.42447,288.62445,288.72446,288.52448,287.62445,288.82446,288.52448,288.52448,289.82446,290.72446,280.62445,271.12445,280.12445,284.32446,287.22446,288.22446,288.52448,288.82446,288.42447
285.52448,284.32446,289.62445,289.22446,290.02448,289.32446,285.62445,285.52448,284.42447,284.82446,285.52448,285.12445,288.42447,289.22446,286.92447,284.12445,286.22446,284.62445,286.02448,287.42447,287.72446,288.52448,288.32446,287.82446,288.02448,286.32446,288.22446,286.72446,289.72446,290.62445,289.62445,290.52448,290.02448,286.72446,287.32446,288.82446,280.72446,282.62445,285.12445,288.42447,287.62445
288.12445,287.42447,287.82446,287.62445,287.72446,286.82446,287.32446,286.72446,286.42447,286.12445,284.32446,283.82446,283.92447,283.42447,282.62445,284.72446,284.12445,284.82446,283.62445,284.62445,285.42447,287.02448,288.22446,288.62445,287.02448,287.62445,286.12445,287.42447,286.62445,289.22446,290.52448,289.92447,288.42447,288.02448,288.12445,287.62445,282.32446,280.92447,278.62445,275.02448,282.82446
288.82446,287.72446,288.12445,288.22446,288.22446,287.52448,286.82446,285.22446,283.92447,283.72446,282.82446,282.52448,281.22446,281.72446,282.02448,283.62445,283.12445,283.52448,286.12445,284.72446,285.12445,284.92447,288.02448,287.32446,286.62445,284.92447,285.52448,285.02448,283.92447,288.02448,288.72446,288.32446,286.82446,284.92447,282.92447,283.92447,285.72446,286.52448,286.12445,285.62445,282.92447
286.52448,287.72446,287.22446,285.32446,286.02448,285.22446,283.42447,282.82446,282.12445,280.12445,280.42447,279.22446,279.52448,279.82446,279.32446,282.62445,283.32446,281.62445,283.32446,283.82446,283.12445,284.42447,285.62445,286.52448,286.22446,286.72446,283.62445,283.12445,282.12445,283.82446,285.72446,285.82446,288.32446,285.52448,284.52448,283.12445,282.82446,281.32446,271.42447,270.22446,268.22446
287.52448,287.42447,286.72446,284.52448,283.52448,284.32446,283.52448,281.72446,280.62445,279.72446,278.82446,277.02448,278.42447,278.62445,280.22446,282.42447,281.42447,279.82446,279.82446,283.32446,283.32446,284.22446,284.32446,286.22446,287.42447,286.82446,286.62445,285.22446,284.02448,285.02448,287.12445,289.02448,288.62445,288.42447,287.62445,284.02448,284.02448,279.32446,271.92447,274.82446,271.12445
282.72446,284.52448,283.82446,282.92447,281.92447,282.52448,281.82446,281.02448,279.52448,277.72446,277.32446,276.62445,277.52448,280.12445,280.42447,279.92447,276.92447,278.12445,278.42447,280.12445,281.62445,282.92447,284.82446,284.92447,287.92447,287.52448,285.62445,286.62445,285.02448,286.92447,288.82446,289.62445,288.72446,288.12445,287.42447,283.72446,281.02448,277.92447,277.82446,276.92447,275.12445
280.82446,282.82446,282.42447,281.72446,280.42447,280.32446,279.22446,279.62445,278.32446,276.92447,274.62445,275.92447,277.22446,278.22446,277.62445,275.42447,275.52448,275.92447,279.02448,279.42447,279.72446,280.12445,282.92447,284.12445,285.02448,287.62445,288.12445,288.32446,288.42447,287.52448,286.42447,285.92447,286.82446,284.32446,285.92447,287.32446,286.12445,283.52448,282.72446,281.12445,279.52448
280.42447,280.12445,281.52448,280.52448,279.22446,278.02448,278.92447,278.92447,277.32446,275.92447,272.92447,272.12445,274.42447,274.22446,274.12445,275.32446,274.62445,277.42447,278.32446,277.92447,278.12445,277.72446,278.52448,280.12445,282.22446,283.42447,288.02448,288.62445,288.72446,288.62445,287.02448,286.42447,285.72446,285.92447,285.72446,285.62445,284.02448,284.52448,283.02448,281.82446,281.42447
279.92447,280.32446,283.82446,279.12445,277.42447,276.72446,278.02448,276.92447,276.42447,275.32446,272.72446,271.82446,270.52448,271.32446,272.52448,273.62445,275.02448,275.92447,276.92447,277.22446,277.22446,277.22446,278.52448,279.82446,281.62445,283.72446,284.22446,286.82446,287.22446,287.22446,287.22446,286.72446,286.42447,285.22446,284.92447,282.42447,282.92447,282.92447,281.82446,281.92447,281.32446
279.02448,280.12445,285.72446,277.72446,276.52448,276.32446,277.32446,276.42447,276.02448,275.22446,274.02448,272.52448,271.22446,271.02448,270.02448,271.62445,273.42447,272.42447,272.92447,273.92447,274.52448,274.22446,277.22446,277.92447,279.02448,281.42447,281.62445,282.42447,285.22446,286.22446,285.82446,286.32446,286.52448,286.02448,285.82446,285.22446,284.02448,284.32446,285.22446,283.92447,281.52448
