wind_kz.json
{"header": {"discipline":0,"disciplineName":"Meteorological products","gribEdition":2,"gribLength":1025,"center":7,"centerName":"US National Weather Service - NCEP(WMC)","subcenter":0,"refTime":"2023-08-19T00:00:00.000Z","significanceOfRT":1,"significanceOfRTName":"Start of forecast","productStatus":0,"productStatusName":"Operational products","productType":1,"productTypeName":"Forecast products","productDefinitionTemplate":0,"productDefinitionTemplateName":"Analysis/forecast at horizontal level/layer at a point in time","parameterCategory":2,"parameterCategoryName":"UnknownDiscipline_0_Category_2","parameterNumber":2,"parameterNumberName":"UnknownParameter_D0_C2_2","parameterUnit":"Unknown","genProcessType":2,"genProcessTypeName":"Forecast","forecastTime":120,"surface1Type":103,"surface1TypeName":"Specified height level above ground","surface1Value":10.0,"surface2Type":255,"surface2TypeName":"Missing","surface2Value":0.0,"gridDefinitionTemplate":0,"gridDefinitionTemplateName":"Latitude_Longitude","numberPoints":615,"shape":6,"shapeName":"Earth spherical with radius of 6,371,229.0 m","gridUnits":"degrees","resolution":48,"winds":"true","scanMode":64,"nx":41,"ny":15,"basicAngle":0,"lo1":47.0,"la1":41.0,"lo2":87.0,"la2":55.0,"dx":1.0,"dy":1.0}, "data":
[rows 0 to 14 of 15, columns 0 to 40 of 41]
-0.96226317,-1.9322631,2.8877368,1.0177368,2.3377368,2.6477368,2.4577367,1.0777369,-0.7422632,0.7577368,0.52773684,2.9877367,2.4077368,-0.36226317,-1.2422632,-1.8322632,-0.8622632,0.8877368,-2.452263,0.6377368,1.7877368,0.8877368,0.7377368,-0.27226317,1.0577369,-2.0122633,-3.0422633,-0.0122631835,0.8977368,1.0977368,1.1977369,-0.8922632,0.7977368,0.9577368,-4.042263,-4.042263,-2.992263,-4.152263,-3.3022633,-1.0922632,-0.32226318
1.2377368,0.48773682,7.7177367,3.9077368,3.8677368,3.6677368,3.777737,-1.1122632,1.2677368,1.8977368,0.24773681,-0.21226318,1.9177368,1.0677369,0.97773683,-0.6322632,-1.6522632,-1.8622632,0.0077368165,0.58773685,1.7977368,-0.53226316,-0.6922632,-2.8822632,0.38773683,0.4077368,-0.8222632,-0.26226318,-1.3322632,-0.8522632,0.24773681,-0.15226318,-0.29226318,-1.4822632,-0.0022631837,-0.5122632,-0.8022632,0.9277368,-0.11226318,0.5777368,-2.8822632
2.777737,5.077737,1.2677368,1.1277368,5.877737,2.9477367,3.1177368,2.8777368,2.4877367,1.2177368,2.3977368,0.4377368,-0.5622632,3.1977367,1.7077368,1.2077368,-0.0022631837,0.45773682,0.027736817,1.1877369,0.77773684,2.2077367,-1.3422632,-2.1422632,1.2677368,1.1777368,1.0877368,-1.2722632,-1.9422631,-0.91226315,-1.1322632,1.8977368,0.7477368,-0.19226319,1.2277368,-0.4722632,0.5077368,-0.17226319,0.5777368,1.8577368,1.4777368
3.037737,3.9877367,3.517737,3.3777368,2.2377367,2.7177367,3.8577368,4.9677367,4.157737,4.4677367,3.2077367,2.8177369,4.037737,1.5477368,2.527737,3.047737,2.007737,2.7177367,0.4977368,0.8577368,0.9977368,0.36773682,4.057737,2.8577368,2.1777368,3.5677369,2.6977367,-0.022263184,2.0977368,2.8777368,0.59773684,-1.6422632,-1.0622631,-3.4322631,-3.0122633,-2.2622633,-1.4522632,1.9177368,0.96773684,0.3077368,1.0277368
3.997737,5.5277367,4.3577366,3.5977368,2.3277369,2.777737,3.0777369,4.5277367,5.167737,3.8877368,4.577737,4.6077366,4.597737,4.227737,4.397737,2.9677367,3.8877368,3.3677368,3.3977368,2.9477367,2.797737,0.33773682,2.287737,1.9777368,2.747737,-1.9022632,-0.27226317,0.8077368,2.2077367,-0.5722632,-1.8022631,-2.8722632,-2.4322631,1.0077368,3.9677367,1.4777368,-0.3422632,-1.7122632,-0.9922632,-1.9022632,-3.2622633
4.637737,3.6577368,5.037737,4.867737,5.147737,4.937737,2.6377368,2.9677367,4.417737,4.517737,3.7177367,3.8377368,3.8177369,3.5677369,3.267737,3.6677368,3.4077368,3.4077368,3.747737,3.4877367,3.4477367,1.2977368,1.8077369,-1.4922632,-1.0622631,-1.3622632,1.4477369,-0.36226317,-2.9322631,-2.8622632,-3.5322633,-3.5322633,-4.4522634,-2.982263,-0.29226318,0.42773682,0.6877368,-0.77226317,0.7577368,-4.192263,-3.6222632
5.667737,4.6077366,4.347737,3.797737,3.8977368,4.2977366,4.7377367,3.3077369,2.5577369,4.1777368,3.3077369,3.6077368,2.517737,3.8377368,3.8377368,4.407737,3.6477368,4.3577366,1.9577368,3.2377367,3.4277368,2.997737,1.0277368,-0.71226317,-1.3722632,-0.66226315,1.6577368,-0.7922632,-1.3422632,-3.5222633,-3.5722632,-3.4422631,-1.6722631,-2.6022632,-1.9822632,-1.4722632,-0.9822632,2.1777368,-0.65226316,1.3377368,-0.18226318
3.4377367,2.4277368,2.9877367,4.147737,3.2077367,3.7177367,4.127737,3.997737,4.247737,4.127737,3.6577368,2.8477368,3.497737,3.1977367,2.8577368,2.9877367,2.7177367,3.277737,3.1477368,1.5577369,3.6677368,2.9477367,2.6277368,0.7677368,1.0577369,-0.062263183,1.2777368,-0.022263184,1.6077368,-0.97226316,-0.2522632,-1.5322632,-1.5622631,-0.6322632,-1.4022632,0.047736816,-0.5422632,2.8277369,0.3177368,0.7477368,-1.3522632
4.187737,4.1077366,4.407737,4.667737,4.4277368,4.4277368,3.8077369,3.3277369,3.3777368,3.8577368,5.4477367,4.037737,3.757737,3.4077368,3.6177368,4.057737,2.4177368,2.1077368,2.747737,3.8877368,3.6777368,2.5977368,2.037737,0.8877368,1.5277368,1.0277368,0.48773682,0.42773682,0.15773682,-0.4722632,0.13773681,1.2577368,2.4277368,-0.3422632,0.58773685,-0.6322632,0.16773681,-2.502263,0.20773682,-0.16226318,-0.4722632
4.807737,2.7177367,5.147737,5.137737,5.2177367,5.1777368,3.1977367,4.037737,4.017737,3.7177367,4.387737,4.827737,4.3377366,3.797737,2.4877367,2.3877368,3.3577368,1.6577368,1.7877368,3.787737,4.137737,4.6977367,3.537737,2.047737,2.3777368,-0.0122631835,1.7077368,1.7377368,1.4577368,1.9577368,0.4677368,1.8177369,1.8777368,0.32773682,-0.8622632,-1.7622632,-2.252263,-0.30226317,-1.5822632,0.14773682,-0.9322632
3.9477367,4.347737,3.8177369,5.0277367,2.0877368,3.037737,4.4677367,5.117737,5.2977366,4.5877366,3.7377367,3.8177369,4.437737,2.9277368,3.777737,4.207737,3.1377368,3.1577368,2.4277368,3.9577367,2.797737,0.6877368,2.4877367,4.397737,2.3277369,-0.18226318,1.3877368,3.1277368,3.497737,1.3277369,3.6677368,-1.3422632,-1.8922632,-0.6222632,-1.0022632,-2.1922631,-1.7022632,0.3077368,-1.1922631,0.6977368,-1.0922632
2.2177367,2.3877368,2.287737,2.2077367,3.1677368,3.2077367,3.3377368,2.9877367,3.4077368,2.027737,2.017737,3.8477368,3.537737,3.5677369,5.117737,2.787737,3.3077369,2.9177368,2.0877368,4.307737,3.3177369,1.7477368,5.7777367,3.7177367,2.017737,1.3477368,0.3177368,2.297737,1.3677368,1.5777369,-0.15226318,-1.9822632,-1.8322632,-1.6622632,-1.3322632,-1.4722632,-0.5822632,-0.65226316,-0.062263183,-0.5722632,-0.53226316
2.3177369,1.8777368,1.2177368,1.5777369,1.4977368,1.1177368,1.0777369,0.33773682,-0.8122632,0.057736818,1.2877368,4.137737,3.017737,3.4777367,0.6477368,-1.0422632,0.53773683,1.9377369,2.037737,4.0077367,4.0877366,2.267737,3.5777369,3.6777368,5.4277368,2.517737,-0.17226319,1.6277368,0.33773682,0.3477368,-1.0022632,-2.4322631,-3.1622632,-3.1422632,-2.0922632,-2.472263,-1.0022632,-1.5422632,-1.8722632,-1.3122631,-0.97226316
1.4377369,1.1077368,0.39773682,0.2577368,0.83773685,1.0877368,1.2777368,2.767737,1.5277368,1.5577369,1.4377369,2.027737,0.9377368,-4.632263,-4.372263,-2.6422632,-1.3722632,0.59773684,3.797737,4.577737,4.0677366,3.4877367,3.5977368,1.7377368,0.96773684,1.9577368,-0.0122631835,-0.52226317,0.5477368,-1.6022632,-2.462263,-3.222263,-3.0422633,-2.6922631,-2.1822631,-2.232263,-1.7322632,-1.8822632,-1.6022632,-1.1022632,-0.7622632
0.78773683,0.35773683,-0.78226316,0.057736818,0.5577368,0.7377368,0.58773685,-0.6122632,0.52773684,-1.4922632,-1.3022631,-2.462263,-2.5822632,-3.492263,-3.3322632,-2.6822631,-3.482263,-3.6422632,-1.4122632,-2.3022633,-1.0822632,1.3177369,1.3977368,2.1077368,1.2677368,2.3477368,2.3877368,-0.8722632,-2.7722633,-2.6222632,-2.742263,-3.3522632,-3.2822633,-2.6022632,-2.9222631,-2.3922632,-1.7422632,-2.3322632,-1.6322632,-1.8022631,-1.0122632
