wind_kz.json
{"header": {"discipline":0,"disciplineName":"Meteorological products","gribEdition":2,"gribLength":1025,"center":7,"centerName":"US National Weather Service - NCEP(WMC)","subcenter":0,"refTime":"2023-09-22T00:00:00.000Z","significanceOfRT":1,"significanceOfRTName":"Start of forecast","productStatus":0,"productStatusName":"Operational products","productType":1,"productTypeName":"Forecast products","productDefinitionTemplate":0,"productDefinitionTemplateName":"Analysis/forecast at horizontal level/layer at a point in time","parameterCategory":2,"parameterCategoryName":"UnknownDiscipline_0_Category_2","parameterNumber":3,"parameterNumberName":"UnknownParameter_D0_C2_3","parameterUnit":"Unknown","genProcessType":2,"genProcessTypeName":"Forecast","forecastTime":180,"surface1Type":103,"surface1TypeName":"Specified height level above ground","surface1Value":10.0,"surface2Type":255,"surface2TypeName":"Missing","surface2Value":0.0,"gridDefinitionTemplate":0,"gridDefinitionTemplateName":"Latitude_Longitude","numberPoints":615,"shape":6,"shapeName":"Earth spherical with radius of 6,371,229.0 m","gridUnits":"degrees","resolution":48,"winds":"true","scanMode":64,"nx":41,"ny":15,"basicAngle":0,"lo1":47.0,"la1":41.0,"lo2":87.0,"la2":55.0,"dx":1.0,"dy":1.0}, "data":
[rows 0 to 14 of 15, columns 0 to 40 of 41]
3.0328224,2.2728224,-1.2471777,-2.2071776,-3.0471778,-3.5771778,-3.1771777,-4.2871776,-1.3771777,-2.0171778,-5.007178,-5.9771776,-5.3271775,-7.3371778,-6.487178,-5.1471777,-1.9471778,-3.2771778,-0.37717775,-4.177178,-0.51717776,1.7328223,-0.85717773,-1.5571778,5.8928223,2.6928222,1.3228222,-1.0571778,0.012822266,4.8128223,1.2328223,1.7528223,1.8528223,-2.5071778,-0.40717775,0.41282228,-0.8871777,2.7628222,-1.3071778,-0.51717776,-1.3671777
-2.8671777,0.9928223,-0.7471777,-1.5471778,-3.4071777,-5.507178,-4.117178,-4.0871778,-2.5771778,-5.527178,-4.047178,-2.8271778,-4.6871777,-7.4971776,-10.017178,-4.8571777,-0.51717776,-0.49717772,-1.5371777,0.42282227,-1.9071777,3.1828222,-1.2771777,-2.7671778,1.6128223,-0.017177735,0.91282225,2.0728223,-1.0871778,-0.6871777,-1.3471777,2.6428223,1.5028223,-0.27717772,1.1028223,1.6928222,1.4028223,1.4128222,0.46282226,0.9428223,-0.25717774
1.4528222,1.4028223,-0.5671777,-1.7571777,-2.8471777,-3.1071777,-4.5171776,-4.7271776,-4.277178,-4.5171776,-3.7071776,-4.757178,-3.0071778,-7.717178,-7.697178,-5.3771777,-4.0771775,-2.5671778,-1.2271777,-3.0571778,-3.6271777,-0.25717774,2.3128223,-0.107177734,-3.0871778,-1.6371777,-1.5771778,-2.1471777,2.0828223,0.70282227,1.0228223,-1.2871777,-2.0671778,-0.44717774,0.6828223,-1.5171777,-1.8371778,-3.0271778,-1.9471778,2.2428222,0.8828223
0.17282227,-0.5571777,-2.9471776,-3.0971777,-2.0671778,-3.1271777,-5.427178,-5.567178,-5.5871778,-5.777178,-1.4771777,-0.8671777,-5.527178,-6.3971777,-6.7871776,-8.257177,-4.567178,-5.067178,-3.4971778,-5.4771776,-3.2071776,-3.0071778,-2.6371777,-0.037177734,-0.5671777,-1.9071777,-0.8671777,-0.89717776,1.0928223,-0.90717775,-0.96717775,-2.5071778,2.6128223,1.7528223,-1.0471778,-0.7471777,-1.3271778,0.65282226,-0.8171777,-1.1671777,-2.3871777
-0.31717774,-1.6771778,-2.5471778,-4.5971775,-7.0371776,-3.4571776,-4.8771777,-5.4371777,-5.487178,-5.547178,-2.5671778,-2.9871778,-4.237178,-4.907178,-5.797178,-6.1871777,-5.987178,-4.2871776,-5.1271777,-5.2871776,-6.657178,-2.8071778,0.16282226,2.1728222,0.112822264,1.1928222,0.9928223,-5.2071776,1.8028222,-1.0071777,-2.0871778,-2.6971776,-1.8271778,-1.5471778,0.35282227,1.1228223,-0.057177734,-0.46717775,-0.44717774,-1.2071778,-0.21717773
2.2728224,1.3628223,-0.58717775,-1.5871778,-2.4771776,-3.9871778,-3.4071777,-4.367178,-5.3771777,-5.197178,-4.5871778,-4.947178,-2.5871778,-4.067178,-7.157178,-6.5171776,-5.4771776,-4.007178,-3.6771777,-3.9271777,-4.157178,-5.047178,-4.4771776,-2.0171778,-1.7271777,0.7428223,2.1828222,-4.177178,-0.91717774,-1.6371777,-2.5271778,-3.6971776,-1.9871777,-2.4871778,-1.6771778,-0.26717773,-0.84717774,2.0528224,0.6128223,0.08282226,-0.64717776
-0.51717776,0.112822264,1.5728222,3.7628222,4.4428225,-1.4871777,-2.4471776,-3.9071777,-3.9571776,-3.7171776,-4.0371776,-4.697178,-5.447178,-5.867178,-5.3971777,-7.3471775,-7.5171776,-6.447178,-3.8071778,-4.137178,-3.0671778,-3.3271778,-4.257178,-2.3471777,-1.3171778,-0.6371777,1.2028222,4.1228223,2.3628223,-0.57717776,-2.3271778,0.40282226,-1.8871777,-1.2771777,-2.0971777,-1.2171777,0.95282227,0.16282226,0.29282227,1.1128223,0.5528223
-0.40717775,-0.66717774,-0.85717773,-0.90717775,-0.9871777,-0.53717774,-0.30717772,-1.9271778,-3.0671778,-3.2971778,-4.6271777,-4.5971775,-5.027178,-5.967178,-6.3271775,-4.0371776,-4.7471776,-4.8971777,-6.1471777,-5.717178,-4.0571775,-5.6871777,-5.407178,-4.6071777,-2.5471778,0.58282226,0.5028223,-1.8871777,-2.5671778,-1.8171778,-1.6671777,-2.5471778,-2.7671778,-5.697178,-1.7971778,0.39282227,-1.1371777,-1.8171778,-1.5271777,1.0828223,1.3028222
-0.18717773,-0.54717773,-1.0971777,-1.8271778,-1.5671778,-1.6571777,0.40282226,-1.1271777,-3.2071776,-4.3271775,-4.047178,-4.1871777,-4.777178,-4.907178,-5.4971776,-6.2671776,-6.117178,-6.467178,-4.757178,-4.7871776,-4.9371777,-6.947178,-6.177178,-4.4571776,-4.447178,-3.2671778,-2.6071777,-3.3971777,-1.8171778,-1.8471777,-3.4771776,-2.7271776,-2.7771778,-3.2371778,-3.3871777,-2.5571778,-0.24717773,0.19282226,2.4528222,0.70282227,1.9628223
-0.6771777,-1.0471778,-1.3571777,-1.8571777,-2.4971778,-1.7171777,0.17282227,0.09282227,-1.2271777,-1.9771777,-3.6471777,-4.4771776,-4.427178,-4.6871777,-4.4171777,-5.777178,-6.4971776,-4.617178,-3.3071778,-3.6071777,-3.6271777,-3.9171777,-5.067178,-4.8571777,-5.3271775,-4.777178,-5.047178,-5.617178,-3.2771778,-1.1371777,-1.8771777,-2.0071778,-2.5371778,-2.5871778,-1.0871778,-2.1471777,-0.95717776,-0.6971777,-0.057177734,2.5528224,2.2028222
0.112822264,-0.54717773,-1.1771778,-1.5671778,-1.7471777,-1.6571777,-1.4371778,0.37282225,0.112822264,-1.5571778,-2.3571777,-3.2571778,-3.3171778,-3.5571778,-3.9271777,-4.5371776,-5.4571776,-5.697178,-4.6271777,-4.1871777,-3.3071778,-3.6971776,-2.9671776,-2.5171778,-4.0771775,-2.6771777,-2.8671777,-5.067178,-4.1671777,-3.4571776,-4.8371778,-5.567178,-2.0471778,-2.6271777,-1.7971778,-0.54717773,-0.5071777,0.22282226,-1.7971778,0.32282227,0.052822266
0.6128223,-1.7671777,-1.1271777,-1.6071777,-1.2771777,-1.8971777,-1.9071777,-1.0671778,0.12282226,-1.0071777,-1.9671777,-1.6371777,-2.4371777,-2.4471776,-2.9971778,-3.1271777,-3.2171776,-4.007178,-3.4271777,-4.447178,-3.6071777,-2.9471776,-3.6171777,-3.5471778,-3.2671778,-2.9171777,-4.367178,-3.4471776,-3.2071776,-3.3071778,-1.9571778,-5.0971775,-3.1671777,-4.737178,-2.2971778,-1.7171777,-0.9871777,-1.4471778,-0.34717774,-0.52717775,-0.89717776
0.59282225,-0.027177734,-0.65717775,-1.8071778,-1.0571778,-0.91717774,-1.4271778,-1.6271777,-1.6171777,-2.0871778,-0.84717774,-1.7671777,-0.5671777,-1.1871778,-2.0071778,-2.9171777,-3.1171777,-3.3271778,-3.6371777,-4.0371776,-3.1971776,-2.5071778,-2.0971777,-2.7771778,-3.0371778,-3.1771777,-2.7871778,-3.4471776,-3.3471777,-2.8571777,-2.2471778,-1.6271777,-2.7471778,-4.1271777,-3.6271777,-3.6271777,-3.6171777,-1.8471777,-2.9771776,-1.1771778,0.5528223
1.1828222,1.5428222,1.2828223,0.21282226,0.08282226,-0.60717773,-0.6371777,-1.0771778,-1.2571777,-1.7871777,-1.5771778,-1.1271777,-0.17717773,-0.24717773,-0.29717773,-1.0371777,-2.0171778,-1.9871777,-1.9171777,-2.3971777,-2.2771778,-2.2071776,-2.0171778,-2.2871778,-2.4471776,-2.8971777,-2.8471777,-2.7771778,-1.5671778,-2.1471777,-2.1771777,-2.9871778,-1.7671777,-1.1071777,-2.0871778,-2.1271777,-3.1771777,-3.0371778,-3.2771778,-1.4271778,-0.70717776
1.4028223,1.6028223,2.9728222,0.72282225,0.70282227,0.09282227,-0.27717772,0.29282227,0.19282226,-0.34717774,-0.30717772,-0.19717774,-0.30717772,-1.4871777,-0.52717775,-0.037177734,-0.57717776,-0.66717774,-0.6271777,-0.5071777,-0.79717773,-1.1571777,-1.1471777,-1.0571778,-1.5471778,-0.9971777,-1.2871777,-1.6471777,-2.0671778,-2.0971777,-0.77717775,-0.9271777,-0.6971777,-1.7371777,-2.0971777,-1.3771777,-0.6271777,-2.8871777,-2.3771777,-3.4371777,-1.8771777
