wind_kz.json
{"header": {"discipline":0,"disciplineName":"Meteorological products","gribEdition":2,"gribLength":1102,"center":7,"centerName":"US National Weather Service - NCEP(WMC)","subcenter":0,"refTime":"2023-09-08T00:00:00.000Z","significanceOfRT":1,"significanceOfRTName":"Start of forecast","productStatus":0,"productStatusName":"Operational products","productType":1,"productTypeName":"Forecast products","productDefinitionTemplate":0,"productDefinitionTemplateName":"Analysis/forecast at horizontal level/layer at a point in time","parameterCategory":2,"parameterCategoryName":"UnknownDiscipline_0_Category_2","parameterNumber":2,"parameterNumberName":"UnknownParameter_D0_C2_2","parameterUnit":"Unknown","genProcessType":2,"genProcessTypeName":"Forecast","forecastTime":180,"surface1Type":103,"surface1TypeName":"Specified height level above ground","surface1Value":10.0,"surface2Type":255,"surface2TypeName":"Missing","surface2Value":0.0,"gridDefinitionTemplate":0,"gridDefinitionTemplateName":"Latitude_Longitude","numberPoints":615,"shape":6,"shapeName":"Earth spherical with radius of 6,371,229.0 m","gridUnits":"degrees","resolution":48,"winds":"true","scanMode":64,"nx":41,"ny":15,"basicAngle":0,"lo1":47.0,"la1":41.0,"lo2":87.0,"la2":55.0,"dx":1.0,"dy":1.0}, "data":
[rows 0 to 14 of 15, columns 0 to 40 of 41]
1.4556372,0.2756372,-1.1943628,-3.0843627,-3.7143629,-4.334363,-8.804363,-9.184362,-9.344363,-8.134363,-7.204363,-6.4843626,-5.064363,-3.9543629,-2.8743627,-2.9543629,-3.2843628,-5.0043626,-4.4643626,-4.6143627,-3.5743628,-1.1843628,1.7756371,2.8756373,2.3756373,3.7656372,2.5456371,4.125637,6.815637,9.1456375,10.455637,4.735637,6.295637,9.945637,11.885637,-1.4943628,1.2556372,1.6256372,-0.6343628,-2.3643627,-8.194363
0.5856372,-1.6543628,-4.8443627,-4.5743628,-5.764363,-3.4843628,-8.274363,-8.284363,-8.144362,-7.2143626,-6.1543627,-5.2343626,-4.584363,-3.3343627,-2.7443628,-1.3443627,-0.3943628,-2.7843628,-4.054363,-3.3343627,-2.0443628,-1.6143628,-0.7543628,1.4056373,2.0256371,-0.93436277,-0.2843628,0.9856372,-6.8243628,0.4456372,1.8456372,2.5556371,1.2156372,0.4356372,0.7456372,-0.22436279,-1.7143627,1.5756372,1.5356373,-1.1543628,-9.394362
-5.6743627,-8.294363,-10.1043625,-5.104363,-4.0943627,-6.9243627,-7.044363,-6.4643626,-7.1743627,-6.834363,-6.3843627,-5.9243627,-4.434363,-3.7043629,-2.6043627,-3.5143628,-4.3843627,-3.7243629,-2.8243628,-1.9443628,-0.8343628,-6.264363,-5.5743628,-6.5743628,-3.7243629,-2.3043628,-1.0143628,1.0256371,-3.3543627,-0.8843628,1.7756371,0.3656372,-0.8943628,3.2156372,3.4956372,-0.9943628,1.8656372,-0.1243628,7.585637,3.4456372,-0.3643628
-6.5743628,-8.554363,-7.3643627,-6.394363,-1.8743628,-5.084363,-4.2743626,-5.854363,-5.4843626,-5.9443626,-7.184363,-6.934363,-5.554363,-3.0343628,-1.9443628,-4.144363,-4.204363,-3.3043628,-3.0343628,-3.1143627,-4.804363,-5.7743626,-3.0543628,-2.9643629,-2.5343628,-1.2543628,-0.9943628,1.9356372,-0.3443628,2.315637,2.9356372,3.9656372,10.025638,10.695637,9.065638,3.4356372,1.8156372,3.1056373,-1.3943628,2.3656373,6.195637
-4.744363,-4.0243626,-2.0643628,-3.674363,-4.0243626,-4.144363,-4.9443626,-5.054363,-4.1943626,-2.8743627,-4.764363,-5.164363,-3.5543628,-0.6343628,3.4656372,-4.124363,-4.204363,-3.7443628,-4.1343627,-3.8543627,-3.164363,-2.8743627,-2.3143628,-0.9643628,-0.6043628,0.7556372,0.9056372,-2.1343627,2.0356371,2.6956372,4.7456374,3.1356373,2.5256371,1.0756372,1.3556372,-0.3343628,1.7156372,4.5556374,6.835637,7.8056374,8.805637
-2.8343627,-4.034363,-3.2043629,-3.424363,-4.784363,-1.4943628,-3.0043628,-3.914363,-3.4543629,-3.2943628,-2.7143629,-2.8443627,-2.2943628,-0.5543628,-1.3343627,-3.0843627,-2.9643629,-3.674363,-2.8843627,-1.5043628,-2.5443628,-2.2243629,-1.4243628,-1.0443628,-1.0143628,-0.014362793,0.26563722,0.055637207,0.7856372,2.7756371,3.7156372,4.625637,6.5756373,5.335637,1.0156372,1.6956372,5.915637,9.355638,12.995637,7.8456373,7.355637
-1.0143628,-2.5443628,-3.3743627,-1.6543628,-0.93436277,1.1556373,-0.2343628,-2.0743628,-1.5743628,-1.3943628,-1.4843628,-2.7143629,-2.7843628,-3.3943627,-3.4743629,-3.2643628,-2.6443627,-2.2443628,-2.1543627,-3.1443627,-3.3043628,-3.4943628,-3.2143629,-2.0143628,-1.7043628,-1.2343628,1.0356373,0.8356372,0.9856372,1.2856373,1.7056372,5.105637,3.075637,5.1556373,5.815637,6.485637,1.8356372,0.2156372,2.4556372,0.5456372,3.4356372
-3.7443628,-2.8043628,3.5556371,-1.0343628,0.10563721,-1.3943628,-0.5743628,-0.3943628,-0.6543628,-1.1643628,-0.6743628,-0.7643628,-2.7143629,-1.6243628,-1.8143628,-1.7943628,-2.0243628,-2.1543627,-2.2143629,-2.5343628,-3.2943628,-2.1043627,-1.8343627,-1.3043628,-0.4343628,0.06563721,-0.3843628,2.7156372,0.93563724,0.5056372,0.9256372,2.6256373,3.4856372,1.9456372,4.855637,4.665637,3.8956373,6.8656373,7.1756372,8.745637,6.795637
-2.674363,-0.6443628,0.9556372,2.0156372,0.19563721,-0.1243628,-0.5743628,-0.2343628,-0.7243628,-1.2043628,-0.87436277,-0.42436278,-1.2943628,-0.5543628,-1.3643628,-1.7443628,-1.7443628,-1.9643627,-1.3443627,-1.3443627,-0.7743628,-0.8543628,-0.9243628,0.2756372,0.16563721,0.7056372,-1.2743628,1.0856372,1.5156372,1.6956372,3.5256371,2.0256371,2.825637,4.085637,4.205637,2.6256373,3.0456371,1.1856372,0.42563722,1.4956372,0.7856372
0.7856372,0.3456372,1.8056372,0.5256372,0.5156372,-0.2743628,-0.4043628,-0.4643628,-0.3843628,-0.8843628,-0.4743628,-0.5943628,-0.9843628,-0.6743628,-1.1743628,-0.8443628,-0.2343628,-0.1243628,-0.16436279,-0.13436279,-0.3643628,-0.5743628,-0.3743628,-0.6543628,-0.7043628,-0.094362795,-0.2043628,0.2356372,0.2156372,1.7156372,1.4056373,1.0756372,1.7856373,3.3956373,1.5656372,2.1256373,2.1256373,0.93563724,1.3556372,0.9156372,1.3756372
1.9156373,2.5956373,0.93563724,-1.0643628,-2.664363,0.015637208,0.3456372,0.4756372,0.32563722,0.7756372,1.1656373,0.09563721,0.2856372,-0.2043628,-0.8343628,-0.45436278,-0.7543628,-0.5343628,-0.14436279,-0.2843628,-0.4743628,-0.6043628,-0.6343628,-1.0343628,-0.81436276,-0.2043628,0.42563722,0.45563722,1.8656372,1.5856372,1.2556372,0.8256372,0.8556372,0.7456372,0.2756372,-1.0843627,-0.1843628,0.9656372,0.45563722,0.4756372,-0.2043628
1.4456372,0.055637207,-0.9043628,0.32563722,-0.9043628,-0.22436279,0.26563722,0.5556372,1.2656372,1.5656372,1.5356373,-1.1143628,0.3056372,1.1156372,0.4156372,0.9656372,0.7856372,0.7156372,1.2656372,-0.8843628,-0.4443628,0.13563721,1.4556372,0.19563721,-0.07436279,-0.24436279,0.8456372,1.3356372,1.3056372,-0.3643628,0.87563723,-0.7343628,1.5456372,0.7856372,-0.4043628,0.5756372,2.565637,2.7056372,2.0556371,1.2456372,0.7956372
2.4056373,1.5656372,1.0756372,0.8256372,0.19563721,0.7156372,0.7156372,1.2356372,0.8256372,1.6056372,1.9756372,1.3156372,-0.08436279,1.7856373,1.2956372,1.2556372,0.7456372,0.4356372,0.8556372,1.6456372,1.7456372,1.3156372,1.0056372,1.0856372,1.9256372,1.6256372,1.9656372,1.8456372,1.9656372,1.2756371,-0.3743628,-0.8543628,0.5056372,0.7356372,-0.3143628,-0.5143628,0.8856372,1.1656373,2.5956373,2.085637,1.0756372
2.7556372,2.2356372,-1.0243628,2.3656373,1.0256371,1.1256372,1.0356373,1.0856372,0.6956372,0.055637207,1.8556372,1.2556372,-0.6443628,1.1256372,0.5556372,0.8856372,0.3456372,1.4956372,2.4356372,1.4756372,1.1056372,1.4056373,1.0856372,1.6756372,2.3856373,1.9856372,0.68563724,0.2556372,0.4156372,0.3556372,1.1356372,1.1056372,0.9156372,0.3356372,1.1456372,0.93563724,0.3756372,1.2356372,1.8156372,1.4856372,1.0956372
2.575637,2.7956371,1.1856372,1.7756371,2.2156372,2.065637,1.6256372,1.4956372,0.93563724,0.5356372,1.4356372,0.8056372,0.2356372,1.0056372,0.3156372,1.5156372,1.6456372,2.1756372,1.9556372,1.6856372,1.2856373,0.5356372,1.1956372,1.5556372,0.7556372,0.3656372,0.5856372,0.5256372,0.4656372,-0.8843628,-0.2743628,0.5256372,-0.5743628,-0.2143628,0.4656372,1.3956372,1.4156373,2.1356373,1.8256372,1.5556372,1.6356372
