wind_kz.json
{"header": {"discipline":0,"disciplineName":"Meteorological products","gribEdition":2,"gribLength":1025,"center":7,"centerName":"US National Weather Service - NCEP(WMC)","subcenter":0,"refTime":"2023-09-26T06:00:00.000Z","significanceOfRT":1,"significanceOfRTName":"Start of forecast","productStatus":0,"productStatusName":"Operational products","productType":1,"productTypeName":"Forecast products","productDefinitionTemplate":0,"productDefinitionTemplateName":"Analysis/forecast at horizontal level/layer at a point in time","parameterCategory":2,"parameterCategoryName":"UnknownDiscipline_0_Category_2","parameterNumber":3,"parameterNumberName":"UnknownParameter_D0_C2_3","parameterUnit":"Unknown","genProcessType":2,"genProcessTypeName":"Forecast","forecastTime":120,"surface1Type":103,"surface1TypeName":"Specified height level above ground","surface1Value":10.0,"surface2Type":255,"surface2TypeName":"Missing","surface2Value":0.0,"gridDefinitionTemplate":0,"gridDefinitionTemplateName":"Latitude_Longitude","numberPoints":615,"shape":6,"shapeName":"Earth spherical with radius of 6,371,229.0 m","gridUnits":"degrees","resolution":48,"winds":"true","scanMode":64,"nx":41,"ny":15,"basicAngle":0,"lo1":47.0,"la1":41.0,"lo2":87.0,"la2":55.0,"dx":1.0,"dy":1.0}, "data":
[rows 0 to 14 of 15, columns 0 to 40 of 41]
0.4665332,1.9465332,3.566533,4.9065332,2.816533,0.5565332,0.116533205,0.4865332,0.2865332,0.036533203,-2.2234669,-1.7034668,-1.4734668,-2.0334668,-1.9634668,-1.2934668,0.7165332,-1.2134668,-0.3934668,-0.8234668,-0.2634668,-2.6334667,-1.0634668,0.8165332,1.5165333,0.0965332,-0.3034668,0.1065332,0.2465332,0.2865332,1.4565332,2.4865332,-1.0234668,-1.0134668,1.2665333,1.0065331,2.0165331,1.2065332,0.49653322,1.0365332,2.1065333
-0.4034668,0.4265332,3.9465332,5.186533,3.9165332,1.5465332,0.8365332,0.8665332,0.5165332,-0.2934668,-1.1234668,-2.4734669,-2.5234668,-2.9034667,-4.243467,-1.8634667,0.6265332,-0.1434668,0.9465332,-0.8134668,-2.3534667,-4.263467,-3.9934669,1.7665333,2.4765332,2.4865332,2.2665331,1.5265332,-0.2334668,1.8965333,-1.0834668,1.6065332,0.5965332,1.8065332,2.6565332,2.5265331,1.5265332,3.1065333,2.8265333,2.1065333,0.27653322
0.3565332,4.756533,4.936533,3.6065333,2.6765332,3.1665332,2.9965332,1.6065332,1.2265332,0.0965332,-1.5934668,-1.3134668,-1.9134668,-2.3034668,-3.2534668,-3.3834667,-2.4134667,-2.3834667,-0.6034668,0.6765332,-0.3134668,-1.6134667,-4.033467,-1.1534668,-1.0634668,-1.1934668,-0.7834668,-1.9034668,-0.9134668,-2.5134668,0.6265332,1.4865332,-0.2834668,2.3365333,-0.5634668,-2.5234668,-1.3034668,-0.013466797,-1.8134668,-0.023466798,1.0065331
4.2865334,3.9365332,4.3265333,2.6665332,2.6565332,2.8865333,1.8965333,2.2665331,1.0465332,0.66653323,-0.4134668,-0.7634668,-0.5434668,-1.1734668,-2.2734668,-2.3534667,-2.4034667,-2.3334668,-2.5734668,-0.7234668,0.3665332,-0.6234668,-1.2034668,0.8165332,0.4665332,-0.6234668,-1.3434668,-1.1934668,-1.0334668,-1.2234668,2.1165333,1.0365332,0.5065332,0.3665332,1.7065332,1.7165332,3.0165331,2.6065333,-1.6434668,-0.033466797,-3.3334668
3.4665332,2.7465332,2.6465333,1.4965332,1.9965332,1.7065332,1.4665332,1.8465332,1.6365333,0.7765332,-1.1034667,-1.9734668,-2.1534667,-1.1434668,0.4665332,-0.3334668,-0.7334668,-1.4534668,-1.4634668,-1.0234668,-0.5934668,-0.3434668,-0.3734668,0.7065332,1.3565332,0.6465332,-0.3934668,-1.6134667,-0.053466797,-0.4134668,0.4065332,-0.18346679,2.1265333,0.6765332,0.3665332,1.1865332,0.6365332,2.3965333,0.6965332,-3.9834669,-3.2334669
2.036533,2.8365333,1.6565332,2.046533,2.066533,2.8365333,1.6865332,1.5765332,0.2265332,-0.15346679,-1.1834668,-1.8934668,-2.7534668,-2.1434667,-2.7534668,-1.5034668,0.076533206,-0.2334668,-0.5534668,-0.4634668,-0.033466797,0.5665332,1.1965332,1.2965332,1.1265332,0.4465332,0.2565332,0.4865332,-0.7834668,0.1665332,-0.8034668,0.5165332,0.016533203,-1.7034668,-2.0534668,-3.9834669,-3.3434668,-3.1634667,-2.4234667,1.2165332,-2.1434667
2.1865332,2.286533,2.3465333,2.3965333,3.1465333,2.3465333,1.0765332,0.2565332,-0.4334668,-0.8734668,-0.6134668,-1.3134668,-1.9834667,-2.8834667,-2.963467,-2.4134667,-1.6734668,-0.9834668,-0.9634668,-1.6934668,-2.2234669,-0.4234668,-0.9634668,0.2565332,0.5865332,-0.9034668,1.2365332,2.8765333,1.2365332,-1.2134668,-1.3834668,-0.0034667968,0.3665332,0.7165332,0.1765332,0.116533205,2.0165331,1.0165333,-2.6034667,0.6265332,-7.223467
2.9465332,3.2365332,2.8865333,2.6365333,2.3465333,1.9465332,0.8465332,0.4565332,-0.7934668,-0.8834668,-1.2234668,-0.6934668,-0.8434668,-1.3134668,-1.1634668,-1.2434669,-0.5334668,-0.1134668,-0.043466795,-0.7034668,-1.3634667,-0.8834668,1.7365332,0.076533206,2.7265332,0.3865332,3.806533,2.9165332,-1.0334668,-1.6634668,-0.8434668,-0.7334668,0.6065332,0.056533203,-1.2434669,-1.6934668,-3.2534668,-3.3634667,-1.6634668,-0.5534668,-2.7834668
3.6365333,3.4865332,2.5765333,1.8865333,2.056533,1.0765332,0.8265332,0.6365332,0.3765332,-1.1034667,-1.7334667,-2.0334668,-2.5234668,-2.8634667,0.2165332,1.3865333,-0.58346677,-2.0734668,-0.7834668,0.016533203,1.0765332,-0.4334668,0.5365332,0.4765332,-1.2934668,2.1365333,5.0165334,4.126533,0.6865332,0.1665332,-0.4834668,-0.2834668,-0.0034667968,-1.2634668,-2.1634667,-3.183467,-2.5534668,-2.1734667,3.566533,3.6765332,3.3965333
3.4565332,3.1865332,2.5165331,2.1465333,1.7665333,1.5165333,1.1065332,1.1665332,0.8465332,-0.3234668,-1.7034668,-1.0534668,-2.8334668,-2.1234667,-0.1634668,-0.2234668,-0.1634668,-0.4234668,-1.0534668,-0.2634668,-0.2934668,-0.4234668,0.3265332,3.2365332,0.6565332,1.5365332,1.0865332,0.5565332,2.286533,0.5665332,0.5865332,0.8865332,0.056533203,-2.213467,-2.2334669,-1.5334668,-0.3834668,-1.0034668,1.5265332,3.0765333,2.536533
3.3665333,3.1465333,2.9465332,2.6665332,2.0165331,2.3665333,1.9065332,2.1965332,1.8365332,0.6265332,-0.3334668,-1.3234668,-0.5534668,-0.1634668,-0.9634668,-0.2834668,-0.2334668,-0.8734668,0.2465332,0.0965332,0.2865332,-0.5734668,1.4665332,1.4365332,0.8665332,0.6365332,1.5265332,-0.0834668,0.036533203,-0.2834668,-0.5634668,-1.0534668,-1.9034668,-0.9234668,-2.6634667,-1.6334668,0.2265332,0.036533203,-0.58346677,-1.6334668,0.5965332
2.4465332,2.5765333,2.4865332,2.5865333,2.4165332,2.786533,3.3365333,3.7365332,2.796533,2.056533,1.9565332,1.0465332,0.23653321,-0.3934668,-1.0034668,0.6165332,0.0665332,-0.25346678,0.2165332,1.4665332,1.6765332,0.6865332,1.0665332,0.8365332,0.4265332,0.0965332,0.1565332,-0.7634668,-0.7734668,-0.7734668,-1.8334668,-2.433467,-2.9034667,-1.3534667,-1.6834668,-3.0534668,-2.463467,-1.6534668,0.6465332,2.816533,1.4165332
2.8965333,2.6265333,2.4765332,2.0165331,2.0865333,2.1265333,3.7065332,4.7665334,5.186533,2.816533,1.5165333,2.3765333,2.1865332,0.8565332,-0.2734668,0.0665332,1.4465332,0.7665332,0.3965332,1.5865332,2.9565332,1.0865332,1.9465332,1.3665332,0.7265332,0.49653322,-0.15346679,-0.2734668,-1.1434668,-1.5334668,-1.8734668,-2.6634667,-2.9234667,-2.933467,-3.3134668,-3.6534667,-4.053467,-2.2834668,-2.6134667,-2.8734667,-0.9434668
3.6165333,3.3265333,2.7665331,3.0265331,2.7265332,3.7565331,4.546533,4.6365333,4.426533,4.926533,1.8665332,1.4265332,3.7265332,2.2765331,1.4565332,1.5465332,1.8265332,1.2365332,2.2765331,2.036533,1.8365332,1.2965332,1.0965332,0.4765332,-0.2034668,0.0965332,0.4465332,-0.3234668,-0.4634668,-1.1134667,-1.7534668,-2.213467,-2.6534667,-2.8834667,-2.8934667,-3.3634667,-3.2534668,-3.0634668,-3.1534667,-2.6234667,-3.3834667
3.316533,3.4365332,3.5765333,3.7465332,3.8865333,4.086533,4.4065332,4.6365333,5.046533,4.716533,2.4865332,2.3665333,1.6165332,2.7265332,2.8865333,2.796533,2.8865333,3.546533,2.7165332,2.7765331,3.0065331,2.4065332,1.7165332,1.3765332,0.3865332,0.4765332,0.1365332,-0.5334668,-0.2934668,-0.8034668,-0.4134668,-1.4934669,-1.9834667,-2.3634667,-2.6234667,-2.8534667,-3.1134667,-3.3134668,-3.3234668,-3.9134667,-2.2934668
