wind_kz.json
[{"header":{"discipline":0,"disciplineName":"Meteorological products","gribEdition":2,"gribLength":948,"center":7,"centerName":"US National Weather Service - NCEP(WMC)","subcenter":0,"refTime":"2023-08-25T06:00:00.000Z","significanceOfRT":1,"significanceOfRTName":"Start of forecast","productStatus":0,"productStatusName":"Operational products","productType":1,"productTypeName":"Forecast products","productDefinitionTemplate":0,"productDefinitionTemplateName":"Analysis/forecast at horizontal level/layer at a point in time","parameterCategory":0,"parameterCategoryName":"UnknownDiscipline_0_Category_0","parameterNumber":0,"parameterNumberName":"UnknownParameter_D0_C0_0","parameterUnit":"Unknown","genProcessType":2,"genProcessTypeName":"Forecast","forecastTime":240,"surface1Type":1,"surface1TypeName":"Ground or water surface","surface1Value":0.0,"surface2Type":255,"surface2TypeName":"Missing","surface2Value":0.0,"gridDefinitionTemplate":0,"gridDefinitionTemplateName":"Latitude_Longitude","numberPoints":615,"shape":6,"shapeName":"Earth spherical with radius of 6,371,229.0 m","gridUnits":"degrees","resolution":48,"winds":"true","scanMode":64,"nx":41,"ny":15,"basicAngle":0,"lo1":47.0,"la1":41.0,"lo2":87.0,"la2":55.0,"dx":1.0,"dy":1.0},"data":[309.5,298.5,305.0,299.0,298.6,297.8,309.9,316.2,312.0,313.5,313.5,313.8,314.7,314.7,314.8,317.3,317.4,314.1,318.3,316.4,321.6,313.8,311.7,309.5,311.2,316.4,306.0,300.6,298.1,278.8,277.7,285.1,307.3,318.9,326.5,324.9,329.1,321.8,321.7,326.1,326.2,292.4,305.7,298.9,298.7,298.9,297.5,317.1,312.9,312.0,312.4,314.3,313.9,313.6,314.2,316.3,318.2,319.5,318.8,317.2,318.2,318.0,314.2,314.9,301.6,289.5,273.4,302.9,295.9,295.6,289.4,296.0,273.5,273.2,270.7,291.0,313.9,316.9,319.7,322.3,313.3,285.5,306.1,298.2,298.9,298.9,297.5,312.0,311.2,311.9,311.2,311.3,312.2,313.8,315.0,315.7,316.0,318.2,315.9,315.2,317.7,318.5,321.5,312.6,311.7,303.1,309.3,308.6,310.2,308.3,306.4,299.0,273.2,284.6,300.5,300.4,299.1,296.9,290.9,297.4,302.0,297.0,297.0,311.0,298.8,299.0,298.0,300.0,311.5,311.0,312.7,313.9,312.6,312.7,312.1,295.0,294.3,314.7,318.4,315.9,319.7,317.0,318.0,314.6,308.2,313.5,311.8,311.2,309.6,309.2,306.9,309.2,312.3,311.9,307.7,311.3,315.4,319.1,306.4,296.2,296.2,298.5,309.5,313.1,311.7,298.0,298.5,298.2,304.0,311.0,312.2,314.4,312.3,311.8,313.8,312.4,294.8,293.4,291.5,316.9,318.6,315.5,316.1,314.8,315.3,317.7,317.1,316.5,316.1,314.7,309.1,304.9,313.1,313.0,311.4,306.9,297.0,282.5,301.3,309.8,308.3,319.7,322.0,316.7,316.9,311.2,310.1,296.3,297.1,297.9,297.4,315.0,311.2,309.7,310.9,310.5,310.0,296.4,294.5,303.7,313.1,313.4,317.2,315.9,317.0,316.5,316.1,317.7,319.9,318.4,315.4,317.1,293.3,310.2,311.6,313.2,308.5,307.2,306.4,303.8,309.4,302.6,303.3,321.2,320.0,318.7,309.2,311.1,312.3,312.4,308.2,314.5,316.0,312.2,309.5,308.3,309.6,308.1,308.5,307.9,309.0,309.0,311.8,313.1,314.5,314.9,318.4,314.3,316.0,315.4,315.9,314.8,315.4,315.8,314.9,314.0,315.3,315.3,312.8,310.1,310.8,308.0,302.9,299.6,300.0,298.5,311.2,310.1,312.8,313.5,313.8,313.2,312.2,312.8,310.0,308.6,307.5,309.0,308.0,309.8,308.1,310.4,308.5,307.9,308.4,311.2,309.5,308.4,312.6,314.5,312.4,310.0,308.1,309.3,311.7,302.0,308.4,307.1,304.5,310.1,307.6,310.2,310.9,312.7,289.7,310.9,310.9,307.5,307.5,308.1,309.3,310.5,309.2,310.5,312.1,311.0,309.6,308.1,308.5,308.5,309.0,310.2,311.9,312.8,309.7,310.5,306.0,305.0,306.5,307.3,307.3,295.6,307.8,301.7,304.3,304.2,296.6,295.7,293.4,303.3,295.7,305.7,309.3,306.9,304.4,302.4,294.8,292.3,296.3,305.9,306.4,307.2,307.7,307.9,309.0,309.8,307.7,307.3,307.1,306.2,305.8,308.2,308.8,309.1,307.2,307.9,308.0,309.2,306.4,303.8,305.0,305.4,306.9,304.6,302.2,301.9,303.0,302.4,295.6,304.2,304.2,309.3,309.1,302.0,307.5,299.2,294.5,295.8,290.8,286.4,302.7,302.6,303.0,302.2,303.2,303.6,304.1,304.4,303.7,301.2,299.5,301.9,302.2,301.2,301.6,303.8,305.3,305.9,305.8,304.0,304.5,302.5,301.4,292.3,305.4,302.1,299.2,303.6,301.5,304.3,305.4,305.2,305.4,302.8,301.0,296.9,289.1,291.4,294.1,290.7,290.7,299.6,297.3,298.8,301.3,299.5,291.8,295.6,299.8,300.7,301.8,294.3,292.1,287.9,289.0,291.4,298.3,301.3,302.2,302.5,296.4,298.9,290.7,294.1,298.6,298.9,301.0,302.1,306.0,307.7,303.8,298.0,304.1,298.2,296.7,293.8,290.7,295.1,299.3,297.0,298.1,297.6,294.6,297.8,297.9,297.8,297.1,296.3,291.7,299.0,299.0,296.7,288.6,286.9,293.2,293.4,295.6,297.0,297.9,299.5,301.6,293.6,298.1,290.1,294.1,288.6,299.2,301.2,303.8,300.7,289.0,297.7,294.4,292.7,289.3,290.3,289.0,288.4,295.2,294.9,297.2,297.5,295.6,294.7,294.8,292.4,294.6,288.9,293.5,289.5,291.6,295.5,294.0,284.9,286.4,292.7,292.4,293.9,294.5,296.7,297.8,298.6,299.5,298.7,297.1,293.9,286.8,297.2,299.4,298.7,301.1,299.6,302.5,300.9,298.6,295.1,285.9,287.3,289.3,295.8,295.2,297.1,292.2,295.9,289.8,293.3,290.0,292.4,291.8,292.7,290.6,288.4,291.5,288.8,288.1,291.0,289.7,289.1,294.7,294.7,294.3,295.2,297.2,295.4,297.1,294.9,295.4,293.8,292.7,292.8,297.2,287.6,299.1,298.1,290.4,291.5,295.0,288.2,286.1,288.5,295.5,296.4,291.2,296.1,291.5]},{"header":{"discipline":0,"disciplineName":"Meteorological products","gribEdition":2,"gribLength":1025,"center":7,"centerName":"US National Weather Service - NCEP(WMC)","subcenter":0,"refTime":"2023-08-25T06:00:00.000Z","significanceOfRT":1,"significanceOfRTName":"Start of forecast","productStatus":0,"productStatusName":"Operational products","productType":1,"productTypeName":"Forecast products","productDefinitionTemplate":0,"productDefinitionTemplateName":"Analysis/forecast at horizontal level/layer at a point in time","parameterCategory":2,"parameterCategoryName":"UnknownDiscipline_0_Category_2","parameterNumber":2,"parameterNumberName":"UnknownParameter_D0_C2_2","parameterUnit":"Unknown","genProcessType":2,"genProcessTypeName":"Forecast","forecastTime":240,"surface1Type":103,"surface1TypeName":"Specified height level above ground","surface1Value":10.0,"surface2Type":255,"surface2TypeName":"Missing","surface2Value":0.0,"gridDefinitionTemplate":0,"gridDefinitionTemplateName":"Latitude_Longitude","numberPoints":615,"shape":6,"shapeName":"Earth spherical with radius of 6,371,229.0 m","gridUnits":"degrees","resolution":48,"winds":"true","scanMode":64,"nx":41,"ny":15,"basicAngle":0,"lo1":47.0,"la1":41.0,"lo2":87.0,"la2":55.0,"dx":1.0,"dy":1.0},"data":[0.013970337,0.55397034,-2.2760296,-1.0660297,-4.80603,-6.3160295,-7.49603,-7.32603,-7.9360294,-5.6860294,-5.51603,-5.3660297,-4.7360296,-4.24603,-3.5360296,-4.5860295,-4.9260297,-6.7760296,-6.4060297,-3.7960296,0.86397034,2.1939704,1.4939704,2.3339703,-0.59602964,0.59397036,2.3139703,2.2039704,-0.63602966,0.07397034,-0.42602965,1.4239703,0.6339703,0.9439703,0.9539703,1.1939703,0.34397033,-1.6360297,-1.1160296,0.19397034,0.65397036,-0.37602967,-2.4560297,-0.70602965,-3.7460296,-5.53603,-4.9060297,-4.5860295,-6.6460295,-5.8160295,-5.32603,-4.3960295,-4.0660295,-3.6460297,-4.3860297,-4.05603,-4.6360297,-3.6660297,-4.9060297,-4.8860297,-5.1060295,-5.55603,-4.03603,0.16397034,2.3339703,0.39397034,0.5839703,1.2839704,-0.10602966,0.063970335,1.4939704,0.31397033,-0.08602966,0.45397034,-0.116029665,-0.32602966,-1.6560297,-2.6860297,-0.89602965,1.7239703,-2.1560297,-0.50602967,-1.1760297,-2.6560297,-4.5960298,-5.51603,-7.0860295,-5.3460298,-4.8160295,-3.9160297,-4.6860294,-4.0860295,-4.6460295,-3.9760296,-3.5260296,-3.6660297,-3.5160296,-4.47603,-4.7760296,-4.1160297,-4.51603,-4.3660297,-0.23602967,-9.27603,-7.4360294,-7.32603,-0.16602966,-1.0260297,-0.026029663,-0.33602965,3.2439704,-0.42602965,-0.28602967,-0.076029666,-1.0360297,0.053970337,0.043970335,1.8539703,0.23397034,0.14397034,0.37397033,3.3839703,1.2739704,-4.4660296,-4.1660295,-5.1460295,-6.01603,-4.82603,-3.9060297,-3.0360296,-1.1260296,-1.5660297,-2.0960298,-2.3660297,-2.7460296,-2.9460297,-2.0660295,-1.2960297,-2.5960298,-3.1960297,-2.8660297,-3.8260298,-4.4660296,-5.8160295,-9.53603,-5.1060295,-6.6360297,-7.20603,-6.76603,-6.0960298,-6.4460297,-4.3160295,-0.9360297,0.08397034,-0.70602965,-1.9860296,-1.0960296,-0.5460297,1.4239703,1.4439703,0.85397035,-2.5860298,-2.9060297,-1.8460296,-4.7760296,-4.3360295,-3.9360297,-3.5160296,-2.1560297,-2.0660295,-0.6260297,-0.9160297,-1.3460296,-0.78602964,-0.88602966,-2.5260296,-1.4860296,-1.6360297,-0.41602966,0.19397034,-0.64602965,-0.96602964,-2.2860296,-2.5860298,-3.8760297,-3.4560297,-4.07603,-4.30603,-5.0960298,-6.1260295,-6.80603,-4.1560297,-5.5860295,-5.53603,-3.9660296,-0.18602966,1.7339703,0.7539703,-3.2060297,-2.0460296,-0.5560297,-2.0560296,-1.7560296,-1.0260297,-1.4160297,-3.0360296,-4.01603,-4.6060295,-3.5260296,-2.9860296,-1.5360297,2.5039704,1.9339703,0.47397032,0.41397035,1.3439703,1.7939703,0.7039703,1.1439704,1.8939704,1.1239704,0.11397034,0.063970335,0.093970336,-1.4060297,-2.2160296,-1.7160296,-2.3960297,-1.1160296,-2.0360296,-2.3960297,-2.8560297,-1.4060297,-3.3260298,-4.1160297,-5.1360297,-4.9660296,-5.3860297,-4.6060295,-2.2460296,0.85397035,-0.6860297,0.26397035,-0.88602966,-0.46602967,0.52397037,-2.7960296,-2.8660297,-2.9360297,-3.1060297,-2.2960296,-0.78602964,0.5139703,0.7539703,1.9839703,2.5139704,2.4539704,1.8239703,1.5139704,3.1239703,3.3839703,2.4539704,2.0939703,1.2239703,1.0639703,0.78397036,-0.32602966,-1.7660297,-1.0460297,-0.52602965,0.16397034,0.9539703,1.9539703,0.5639703,0.8139703,0.91397035,0.26397035,-1.6660297,-2.9060297,-1.3760296,-0.75602967,0.8239703,1.0239704,-2.2760296,2.9239702,-1.0660297,-0.49602968,-2.1660297,-0.82602966,0.79397035,0.8739703,0.99397033,1.7139703,1.7639704,1.3339703,2.6239703,2.1239703,2.7439704,2.9239702,3.4439704,4.5339704,1.8739704,2.2639704,2.9539704,3.0039704,2.9339705,2.6139703,1.5039704,1.8139703,0.80397034,1.4039704,2.5339704,4.3239703,3.7339704,2.5439703,4.5139704,2.9239702,3.2239704,3.2439704,2.2839704,1.3039703,-0.43602967,-1.9560297,-0.056029662,2.5539703,4.6339703,3.7039704,3.2839704,-2.3360298,-1.3860297,-0.17602967,-0.056029662,2.3639703,3.5839703,3.4539704,3.0939703,2.9739704,4.8039703,4.8339705,3.3439703,4.7239704,1.7839704,0.26397035,-0.30602968,-0.43602967,1.1939703,3.4239702,4.6339703,5.0539703,3.0439703,0.7039703,0.55397034,2.2839704,2.4139702,4.3739705,4.3739705,4.5539703,2.6139703,4.3639703,4.4039702,1.4539703,1.8039703,1.5539703,1.8539703,0.59397036,-0.77602965,0.22397034,0.023970338,2.0139704,0.5139703,0.08397034,-0.10602966,0.29397035,0.21397033,1.1539704,1.4639703,4.21397,5.3239703,4.9939704,5.27397,5.21397,3.4939704,1.2839704,0.27397034,1.7939703,1.9839703,2.1939704,1.1339704,0.8739703,2.4239702,2.3939703,-0.23602967,0.5039703,2.1639702,4.3139706,6.42397,5.8339705,5.17397,5.1339703,4.9539704,2.2339704,0.73397034,2.0139704,0.6939703,-0.9160297,0.65397036,0.13397034,1.2339703,-0.52602965,0.32397035,1.2439704,1.1839703,0.9439703,0.9539703,1.0339704,1.0839703,1.3439703,1.9939704,3.9139702,6.1339703,5.42397,2.8539703,-0.51602966,-1.8660296,-0.89602965,1.4539703,2.1639702,2.9839704,2.7839704,2.5539703,1.2239703,-0.7460297,-1.5260297,0.77397037,0.99397033,2.2539704,3.4339705,3.4539704,3.9439704,3.2439704,3.5539703,3.2739704,5.17397,3.7639704,2.2039704,-1.2260296,0.22397034,1.3639703,-0.036029663,-0.9860297,1.3739704,1.3539703,1.4739703,2.2239704,2.3839703,2.1339703,2.1839705,2.7439704,2.5839703,1.4639703,-0.35602966,-2.1260297,-2.8560297,-1.7360296,2.3339703,0.34397033,4.4039702,4.1239705,4.25397,3.6339703,1.0139704,-0.25602967,0.23397034,0.7039703,2.6839705,2.8339703,2.9439704,1.8439703,-0.65602964,-0.7360297,0.38397035,2.7139704,3.7339704,2.4839704,4.5639706,0.91397035,1.0739703,2.5639703,2.4739704,1.5239704,0.20397034,-1.1160296,2.1539702,2.9239702,2.8739703,3.0039704,2.0839703,2.3739703,3.0139704,3.9239702,2.3239703,0.24397033,-0.8060297,0.67397034,1.2039703,3.3539703,2.2439704,3.0039704,3.0839703,1.1939703,-0.97602963,0.9539703,2.1239703,2.2539704,2.7639704,0.18397033,1.4239703,0.9539703,1.4739703,-0.6660297,-0.7460297,-0.71602964,-0.57602966,-0.21602966,0.52397037,1.5439703,-1.5960296,-0.70602965,0.8139703,0.7639703,-0.39602965,-1.9360297,-1.2260296,3.6539702,4.6339703,4.1139703,3.5239704,3.2939703,3.5639703,3.4639704,3.9739704,4.48397,1.8039703,-0.88602966,0.7539703,0.18397033,0.8339703,-0.08602966,0.22397034,0.053970337,0.30397034,0.46397033,0.8339703,1.6639704,1.6939703,-0.40602967,0.55397034,1.9039704,0.38397035,0.30397034,-0.30602968,1.5439703,0.07397034,-1.5460297,-1.6660297,-2.8160295,-1.7260296,-2.3060296,-0.6660297,-1.0160297,-1.8160297,-2.5860298,-1.1060296,-1.9160297,3.6139703,5.0839705,5.9339705,4.8839703,5.0939703,4.5339704,5.0139704,3.5339704,2.5039704,1.5539703,0.18397033,1.4539703,1.4839703,0.16397034,1.1739703,1.9039704,2.1039703,1.9439703,1.4239703,2.1239703,1.2839704,1.4739703,1.5539703,1.8139703,2.3839703,1.3139703,-0.59602964,-1.5160297,-0.17602967,-0.94602966,-1.6560297,-2.7460296,-3.3160295,-2.9860296,-2.6560297,-1.3860297,0.41397035,-1.8160297,-2.3260298,-2.4260297,-1.4460297]},{"header":{"discipline":0,"disciplineName":"Meteorological products","gribEdition":2,"gribLength":1025,"center":7,"centerName":"US National Weather Service - NCEP(WMC)","subcenter":0,"refTime":"2023-08-25T06:00:00.000Z","significanceOfRT":1,"significanceOfRTName":"Start of forecast","productStatus":0,"productStatusName":"Operational products","productType":1,"productTypeName":"Forecast products","productDefinitionTemplate":0,"productDefinitionTemplateName":"Analysis/forecast at horizontal level/layer at a point in time","parameterCategory":2,"parameterCategoryName":"UnknownDiscipline_0_Category_2","parameterNumber":3,"parameterNumberName":"UnknownParameter_D0_C2_3","parameterUnit":"Unknown","genProcessType":2,"genProcessTypeName":"Forecast","forecastTime":240,"surface1Type":103,"surface1TypeName":"Specified height level above ground","surface1Value":10.0,"surface2Type":255,"surface2TypeName":"Missing","surface2Value":0.0,"gridDefinitionTemplate":0,"gridDefinitionTemplateName":"Latitude_Longitude","numberPoints":615,"shape":6,"shapeName":"Earth spherical with radius of 6,371,229.0 m","gridUnits":"degrees","resolution":48,"winds":"true","scanMode":64,"nx":41,"ny":15,"basicAngle":0,"lo1":47.0,"la1":41.0,"lo2":87.0,"la2":55.0,"dx":1.0,"dy":1.0},"data":[1.8348804,2.1148803,0.6648804,2.4948804,3.2448804,2.4348803,3.2148805,2.5348804,1.7548804,1.7348803,0.15488037,0.51488036,-0.06511963,-0.7751196,-1.4151196,-1.9751196,-3.1051197,-3.6551197,-5.1351194,-4.69512,-2.8951197,-2.3751197,2.8648803,1.1148803,2.1448803,-0.31511962,0.50488037,-0.5651196,-1.3251196,2.5548804,0.40488037,2.2048805,0.12488037,0.22488037,0.014880371,-1.5651196,1.5748804,4.0948806,2.2548804,1.2748804,-1.4151196,1.0448804,-0.8751196,0.89488035,4.8448806,5.95488,3.8648803,2.8148804,3.4848804,2.6948805,1.4248804,1.1348804,0.22488037,0.90488034,-0.12511963,-2.8951197,-0.23511963,-1.4751196,-2.9651196,-5.46512,-6.3951197,-6.69512,-2.8151197,1.1248803,-1.5851196,1.6348804,-0.26511964,3.0648804,0.25488037,-1.7851197,0.94488037,0.40488037,3.0448804,0.12488037,1.6148803,1.6748804,2.6148803,3.2148805,2.6348803,1.9648803,2.2648804,0.14488037,-1.3751197,1.6248803,4.0648804,4.9648805,4.5448804,4.8448806,4.24488,3.2748804,4.3748803,3.1848803,1.1848804,0.6748804,0.20488037,0.17488037,-1.0351197,-1.0651196,-1.0951196,-2.7451196,-4.5551195,-5.6351194,-1.5151197,-5.1651196,-3.9551196,-2.6651196,-2.1451197,-2.0051196,-1.4651196,-2.3151197,-0.7051196,-2.5451195,0.32488036,0.51488036,-1.1351197,2.1348803,1.0948803,-0.9551196,-0.47511962,2.1148803,-1.7251196,1.4248804,0.8548804,1.7748804,0.76488036,4.6248803,4.6448803,4.4148803,4.9448805,4.1148806,4.22488,4.49488,3.8548803,2.3648803,1.2748804,-0.91511965,-1.3951197,-0.9551196,0.59488034,-1.2351196,-2.2151196,-2.8851197,-4.6851196,-4.4351196,-4.0151196,-0.31511962,-1.9451196,-2.5651197,-2.5451195,-2.5851197,-2.3651197,-2.5751197,-1.3551196,-0.9351196,0.7348804,1.1748804,-0.5251196,-0.10511963,2.4848804,2.6248803,1.6048803,-3.4351196,-2.4851196,-1.9651196,0.69488037,-1.1751196,3.3248804,2.7948804,3.9748805,4.1848803,3.7348804,4.6948805,4.6648803,3.6348803,2.8448803,2.0948803,1.3348804,-0.13511963,-1.2051196,-0.67511964,-0.33511963,-1.2051196,-1.9551196,-1.0851196,-0.91511965,0.24488038,-0.26511964,-0.08511963,-0.39511964,-0.45511964,-1.8951197,-2.6151197,-2.5751197,-3.2751195,-3.1951196,-1.8951197,-1.8151196,-0.8751196,0.8548804,1.2848804,2.7448804,-0.20511962,-1.1851196,-1.7551197,-0.15511963,0.71488035,-0.33511963,-1.2351196,2.0448804,2.2748804,2.4148803,1.8448803,4.3648806,5.9248805,4.0848804,3.2248805,2.8848803,2.7248805,0.7948804,-0.19511963,-0.0051196287,0.13488036,-0.03511963,0.58488035,0.36488038,0.14488037,-0.61511964,-1.0951196,0.5548804,0.9848804,0.52488035,0.50488037,-0.59511966,-0.90511966,-1.8651196,-2.3551197,-2.8151197,-2.5251195,-3.8751197,-2.4851196,-0.6251196,-3.5951197,0.6848804,0.15488037,0.71488035,0.83488035,-0.36511964,-0.55511963,-0.8751196,-0.38511962,0.36488038,-0.3251196,-0.66511965,2.2248805,3.8248804,3.3048804,3.4248803,2.1948805,1.0648804,0.57488036,0.50488037,2.3548803,2.3548803,1.2248803,0.58488035,1.1948804,0.6048804,0.76488036,0.04488037,-0.8851196,0.09488037,-0.8251196,0.8148804,1.8748803,2.8948803,1.1248803,-0.46511963,-0.34511963,-1.3751197,-0.84511966,0.37488037,1.6548804,3.4648805,-1.5351197,-1.0651196,2.0448804,-2.1151197,-1.9051197,0.32488036,0.40488037,0.44488037,0.8748804,-0.03511963,0.6848804,1.5048804,3.4748805,3.7348804,3.8748803,2.8848803,1.3048804,-0.36511964,-0.11511963,1.6148803,2.2848804,1.8948804,2.4048803,2.8848803,2.3748803,1.6448804,0.5648804,-0.66511965,-1.6551197,-1.0151197,-0.6851196,0.58488035,0.88488036,2.5548804,1.7548804,-0.37511963,1.6848804,1.4548804,-0.99511963,-0.80511963,-1.8951197,-1.9151196,-0.60511965,-1.4451196,1.2848804,-4.8251195,-4.3851194,-3.0651197,-2.2851195,-0.60511965,-0.30511963,0.084880374,2.8448803,1.8048804,2.1548803,3.3548803,3.9848804,1.9048804,2.7448804,0.59488034,-0.7051196,-1.1951196,-0.47511962,2.0048804,3.1448803,2.6848803,2.5248804,2.5148804,1.3848804,-1.6051196,-2.3351197,-0.55511963,0.24488038,0.05488037,1.9148804,-0.13511963,-0.41511962,-1.1851196,-0.79511964,1.3448803,0.7248804,2.6848803,-3.8651197,-2.7851195,-1.7351196,1.7548804,-4.8851194,-4.5951195,-4.25512,-4.0651197,-3.9251196,-3.3051195,-1.9751196,0.58488035,1.9048804,3.0148804,3.4448805,3.6948805,3.3548803,2.6948805,0.9248804,-1.6951196,-1.6651196,-0.5051196,0.26488036,1.5548804,2.7148805,2.0148804,2.5548804,-0.12511963,-0.80511963,-1.3051196,0.41488037,1.2248803,0.96488035,1.7048804,0.27488038,2.5848804,2.1048803,-0.06511963,0.43488038,0.34488037,0.63488036,2.3848803,-0.36511964,-0.92511964,-0.45511964,-3.1251197,-3.5451195,-3.8551197,-4.50512,-3.7851195,-3.5951197,-3.3851197,-3.4551196,-1.9851196,1.7048804,4.55488,5.0048804,5.0948806,2.9848804,-1.2451196,-1.4151196,-1.5251197,-1.5051197,0.18488038,1.9748803,2.6548803,3.9148803,2.1148803,1.6048803,-0.12511963,-1.7351196,-1.5551196,0.40488037,-0.42511964,0.024880372,-0.39511964,0.06488037,1.5248804,2.6348803,1.7648804,3.4748805,1.7248803,0.38488036,1.5748804,1.0448804,0.11488037,-2.6451197,-2.5551195,-3.0051196,-3.8951197,-4.1051197,-3.1651196,-3.5151196,-2.8151197,-2.5451195,1.3048804,4.78488,2.4548805,0.43488038,-0.7051196,-0.03511963,1.6948804,-1.1551197,-1.9251196,1.6448804,2.6748803,3.6948805,2.7448804,4.01488,1.6848804,-0.38511962,-0.37511963,-1.0351197,-0.41511962,-0.7651196,-0.015119629,0.6848804,1.2748804,1.4548804,2.5248804,3.2048805,0.7448804,1.5148804,-1.1351197,-0.24511963,1.3648803,-0.10511963,-3.3051195,-3.9951196,-3.5451195,-2.6451197,-3.3051195,-2.9851196,-1.7151196,-0.8251196,2.1848803,1.9648803,1.3348804,3.2048805,3.2948804,3.3648803,1.2448803,0.6748804,0.6248804,1.2648804,0.15488037,0.75488037,1.9948803,2.4748805,3.1548803,3.0748804,1.2648804,1.2748804,-0.35511962,2.7648804,-0.45511964,-2.1651196,-2.1451197,-1.2951196,-1.4451196,1.8048804,2.5448804,2.5648804,2.0448804,1.5948803,3.3648803,2.6448803,1.2048804,-2.9951196,-3.4351196,-3.7751195,-3.0451195,-2.7951195,-2.4251196,-0.8251196,0.58488035,1.8848804,3.2848804,1.3848804,0.89488035,2.4548805,2.2848804,2.2348804,2.0848804,0.84488034,-0.16511963,-0.5851196,-0.8951196,0.36488038,2.4648805,4.2148805,2.5148804,3.0048804,2.4148803,2.2748804,1.6048803,1.0448804,-0.80511963,-1.6651196,-2.3751197,-0.3251196,-0.8351196,-0.34511963,1.9148804,2.7248805,1.7048804,1.7548804,1.8748803,2.2848804,-1.6951196,-2.9151196,-3.2851195,-2.9551196,-2.2051196,-1.4651196,-0.55511963,0.10488037,0.8748804,1.9948803,1.6748804,2.1248803,0.7948804,1.5248804,2.7748804,2.6248803,1.6248803,1.2548804,0.52488035,0.70488036,1.0548804,2.4148803,4.8448806,5.0248804,4.1048803,3.7548804,3.7048805,2.0048804,-0.025119629,0.83488035,0.76488036,-0.26511964,-1.0251197,-1.6451197,-1.3451196,-1.5951196,0.36488038,2.0548804,0.09488037,1.7848804,0.7248804]}]