wind_kz.json
{"header": {"discipline":0,"disciplineName":"Meteorological products","gribEdition":2,"gribLength":1025,"center":7,"centerName":"US National Weather Service - NCEP(WMC)","subcenter":0,"refTime":"2023-09-07T06:00:00.000Z","significanceOfRT":1,"significanceOfRTName":"Start of forecast","productStatus":0,"productStatusName":"Operational products","productType":1,"productTypeName":"Forecast products","productDefinitionTemplate":0,"productDefinitionTemplateName":"Analysis/forecast at horizontal level/layer at a point in time","parameterCategory":2,"parameterCategoryName":"UnknownDiscipline_0_Category_2","parameterNumber":3,"parameterNumberName":"UnknownParameter_D0_C2_3","parameterUnit":"Unknown","genProcessType":2,"genProcessTypeName":"Forecast","forecastTime":300,"surface1Type":103,"surface1TypeName":"Specified height level above ground","surface1Value":10.0,"surface2Type":255,"surface2TypeName":"Missing","surface2Value":0.0,"gridDefinitionTemplate":0,"gridDefinitionTemplateName":"Latitude_Longitude","numberPoints":615,"shape":6,"shapeName":"Earth spherical with radius of 6,371,229.0 m","gridUnits":"degrees","resolution":48,"winds":"true","scanMode":64,"nx":41,"ny":15,"basicAngle":0,"lo1":47.0,"la1":41.0,"lo2":87.0,"la2":55.0,"dx":1.0,"dy":1.0}, "data":
[rows 0 to 14 of 15, columns 0 to 40 of 41]
-0.50862974,-1.8586297,2.1213703,7.74137,2.8713703,-0.39862975,3.8613703,2.2013702,0.22137024,-1.0086298,-2.6986299,-1.9686297,-3.0786297,-3.2186298,-4.46863,-4.5486298,-4.6086297,-4.9786296,-4.7886295,-1.3186297,-3.6986299,-4.2686296,-2.9686298,-0.13862976,-1.8486297,3.3413703,0.35137025,1.7813703,-0.04862976,-0.07862976,1.5713702,0.61137027,2.7613702,-3.5186298,-1.4786297,0.99137026,0.9013702,-0.43862975,-1.9186298,2.2413702,0.7313702
4.36137,0.19137023,3.9613702,4.3513703,2.8213701,1.4013703,3.4413702,3.0013702,0.7813702,-1.3286297,-2.5686297,-3.8186297,-4.4386296,-3.5986297,-5.0686297,-4.3386297,-4.0386295,-5.46863,-5.42863,-3.5786297,-4.17863,-4.50863,-0.028629761,1.3213702,0.41137025,0.83137023,-1.5486298,3.1713703,-0.62862974,2.0913703,1.0613703,3.9613702,1.0713702,0.94137025,-0.50862974,-2.0286298,0.19137023,-1.7686298,-1.1786298,-2.9986298,3.1613703
0.36137024,3.4913702,2.8913703,2.4213703,1.6413703,4.94137,3.6713703,2.6413703,1.4413702,-0.60862976,-2.2886298,-2.8286297,-3.6986299,-3.9386299,-4.21863,-4.27863,-4.1686296,-4.1486297,-3.2586298,-4.0186296,-5.57863,-4.4586296,-4.5486298,-1.6086297,0.26137024,-0.5286298,1.2613702,0.86137027,-0.69862974,1.7813703,1.7513702,0.10137024,0.61137027,-1.6286298,-0.97862977,1.6613703,-1.1386298,-0.21862976,-0.28862977,0.95137024,1.5913702
-0.028629761,2.6913702,2.9813702,1.4113703,3.5413702,5.15137,3.8813703,3.0813704,3.6213703,1.8613702,-0.25862977,-2.0786297,-4.4186296,-5.5186296,-4.2286296,-4.4986296,-4.36863,-3.7886298,-3.9986298,-4.0386295,-3.8986297,-2.6686296,-1.0686297,-3.9586298,-4.3586297,-4.80863,-2.1786299,-1.4886298,-0.68862975,-1.1686298,-1.9286298,-2.8586297,-0.69862974,1.0513703,1.0113702,-2.5786297,0.7913702,1.9113703,-0.26862976,-0.11862976,0.87137026
1.7913703,2.7713702,2.6213703,0.25137025,2.8113701,1.4313703,2.7113702,2.5213702,4.63137,3.0513701,1.7413702,-0.8486298,-3.3986297,-5.32863,-5.44863,-3.8786297,-3.9986298,-4.50863,-4.0886297,-4.50863,-2.6186297,-2.0386298,-2.5186298,-2.8586297,-3.4686298,-3.5886297,-0.7786298,-1.6586298,-2.9386299,-3.3586297,-1.4486297,0.70137024,1.4613702,2.8713703,-1.1586298,-1.4586297,1.2413702,0.45137024,-0.41862977,0.22137024,-1.7586298
1.7213702,0.9713702,1.7213702,1.9513702,3.6813703,3.3413703,2.7513702,1.5813702,1.1913702,1.8513702,2.0513701,1.9913702,-1.6586298,-3.0986297,-3.2986298,-4.1886296,-4.61863,-4.4786296,-6.3586297,-6.86863,-6.0186296,-2.9986298,-2.4586298,-2.5086298,-1.6486298,1.9113703,-0.7786298,-3.6186297,-3.7386298,-5.00863,-2.8786297,-4.9586296,-3.6886299,2.7513702,2.7113702,0.69137025,3.4413702,2.6313703,0.77137023,-1.2186297,-0.92862976
2.3013701,2.0313702,2.5713701,3.7913702,2.7413702,2.2913702,2.0713701,1.9313703,1.4313703,0.86137027,0.83137023,-0.068629764,-0.7886298,-2.1286297,-2.6586297,-4.0186296,-3.6586297,-5.2886295,-5.84863,-5.6686296,-6.84863,-7.3986297,-7.42863,-6.25863,-4.57863,-2.4786298,-4.9986296,-3.9786298,-3.7986298,-4.6486297,-6.4186296,-8.92863,-8.09863,-6.65863,2.1513703,-1.0786297,-1.7986298,0.7813702,0.29137024,0.111370236,2.3413703
2.8113701,2.7213702,3.5113702,2.9413702,3.3213701,3.0513701,2.4313703,2.0713701,1.9813702,1.4813702,0.52137023,0.25137025,-0.7786298,-1.1486298,-2.4686298,-3.5486298,-2.9786298,-4.5686297,-3.8586297,-3.3286297,-4.77863,-5.4386296,-6.1886296,-5.38863,-5.1486297,-3.5986297,-2.3486297,-3.7086298,-3.2686298,-4.7086296,-5.25863,-6.1886296,-7.0486298,-8.05863,-3.4486299,-2.0686297,0.67137027,3.1113703,-1.8086298,0.02137024,-1.9486297
2.8313704,2.6613703,2.3713703,2.3713703,3.1813703,2.7913702,2.7413702,2.6713703,1.9113703,1.6413703,0.40137023,0.5413702,0.5913702,-1.0486298,-2.3886297,-2.3186297,-2.2686298,-2.1786299,-2.1486297,-3.2086298,-2.9186296,-3.3686297,-4.5686297,-4.9386296,-4.2986298,-4.13863,-3.1986299,-2.5786297,-2.3486297,-2.4586298,-5.8586297,-5.8586297,-4.59863,-3.0786297,-3.4586298,-2.2886298,-2.2886298,-0.20862976,0.07137024,1.0113702,-0.24862976
2.6513703,2.4513702,2.5813704,2.7713702,2.8813703,2.8913703,2.8313704,2.4213703,2.0513701,1.6313702,1.0413703,-1.0886297,1.1013702,0.111370236,-0.68862975,-2.1886299,-3.3186297,-2.0186298,-2.4886298,-2.4386299,-3.1386297,-2.9686298,-2.4186296,-3.3986297,-3.8086298,-2.7086298,-3.1886299,-3.0586298,-3.3586297,-3.8886297,-3.3186297,-4.71863,-5.2686296,-4.07863,-2.3986297,-1.3086298,0.50137025,-3.0986297,-1.1786298,1.6713703,1.8313702
3.4613702,3.5213702,3.3813703,2.8813703,2.6613703,2.6213703,2.7013702,2.3713703,1.7413702,1.3613702,1.1213702,0.32137024,-1.6586298,-0.6486298,1.4613702,0.16137023,-1.7886298,-0.62862974,-1.9086298,-3.1286297,-2.4386299,-2.5986297,-2.2886298,-3.0286298,-3.6686296,-3.1786299,-2.7686298,-3.9086297,-3.7386298,-2.8286297,-2.7386298,-3.0186298,-3.9286299,-3.6186297,-3.9486299,-1.4886298,-0.5986298,1.7213702,0.88137025,0.5413702,-0.16862977
2.4413702,3.2613702,3.5713701,3.4113703,3.0613701,2.9313703,2.3813703,1.9513702,2.7513702,1.0413703,1.1413703,0.89137024,1.0613703,0.35137025,-1.8286297,-1.9386297,0.69137025,-0.28862977,0.111370236,-1.0886297,-1.8286297,-2.7186298,-3.0286298,-1.9486297,-2.5086298,-2.6386297,-2.5786297,-4.07863,-3.4986298,-4.2086296,-3.5786297,-3.0186298,-2.5386298,-3.0786297,-2.4586298,-3.0486298,-1.8786298,1.1513703,1.6813703,1.7213702,0.8413702
4.5413704,2.1713703,3.6413703,3.3813703,3.2013702,2.1113703,2.8213701,2.4413702,2.6113703,1.5013702,0.41137025,1.1713703,1.7813703,1.8713702,1.2613702,-0.16862977,-0.6486298,-0.24862976,-2.4786298,0.7113702,0.5313702,-0.61862975,-1.2986298,-1.8486297,-2.6086297,-2.7686298,-2.8686297,-4.4786296,-3.4786298,-3.7986298,-4.6086297,-3.3586297,-2.7786298,-2.5686297,-2.4486299,-2.4086297,-2.2186298,-1.2386298,-1.6186298,-0.33862975,0.20137024
3.6413703,4.6213703,3.8013701,3.8713703,2.7513702,2.7013702,2.1713703,2.9913702,2.7713702,2.1913702,0.89137024,0.37137023,1.2013702,2.1813703,2.1913702,1.5313703,0.34137022,0.20137024,-0.13862976,1.6913702,1.9913702,0.95137024,-0.30862975,-2.7986298,-3.1586297,-2.1686296,-3.3786297,-2.8886297,-3.3686297,-3.8886297,-3.7786298,-3.1986299,-3.2586298,-2.6886299,-2.3786297,-2.5786297,-1.7986298,-1.7386298,-1.6086297,-1.3286297,-0.43862975
4.6013703,6.42137,4.7713704,3.2413702,3.6913702,3.4013703,3.2113702,3.0613701,3.1613703,2.8013701,0.86137027,1.5313703,1.5813702,0.80137026,2.7913702,2.4513702,1.6213702,1.0713702,0.56137025,1.4513702,0.6513702,1.1713703,1.2813703,-1.5486298,-2.2186298,-2.0586298,-2.8686297,-2.2286298,-2.8186297,-3.2186298,-3.3986297,-3.2786298,-3.0486298,-3.2086298,-2.8586297,-2.7586298,-2.2186298,-1.7186297,-1.4286298,-2.1186297,-1.6386298
