wind_kz.json
{"header": {"discipline":0,"disciplineName":"Meteorological products","gribEdition":2,"gribLength":1025,"center":7,"centerName":"US National Weather Service - NCEP(WMC)","subcenter":0,"refTime":"2023-10-03T06:00:00.000Z","significanceOfRT":1,"significanceOfRTName":"Start of forecast","productStatus":0,"productStatusName":"Operational products","productType":1,"productTypeName":"Forecast products","productDefinitionTemplate":0,"productDefinitionTemplateName":"Analysis/forecast at horizontal level/layer at a point in time","parameterCategory":2,"parameterCategoryName":"UnknownDiscipline_0_Category_2","parameterNumber":2,"parameterNumberName":"UnknownParameter_D0_C2_2","parameterUnit":"Unknown","genProcessType":2,"genProcessTypeName":"Forecast","forecastTime":0,"surface1Type":103,"surface1TypeName":"Specified height level above ground","surface1Value":10.0,"surface2Type":255,"surface2TypeName":"Missing","surface2Value":0.0,"gridDefinitionTemplate":0,"gridDefinitionTemplateName":"Latitude_Longitude","numberPoints":615,"shape":6,"shapeName":"Earth spherical with radius of 6,371,229.0 m","gridUnits":"degrees","resolution":48,"winds":"true","scanMode":64,"nx":41,"ny":15,"basicAngle":0,"lo1":47.0,"la1":41.0,"lo2":87.0,"la2":55.0,"dx":1.0,"dy":1.0}, "data":
[rows 0 to 14 of 15, columns 0 to 40 of 41]
4.2286034,1.1686035,-1.3913965,1.0986035,-4.0213966,-7.2013965,-8.981397,-9.721396,-10.521397,-7.1913967,-6.8613963,-6.3013964,-6.1613965,-5.6013966,-5.0213966,-4.4113965,-3.9813964,-4.4813967,-3.9613965,-4.8513966,-3.6013966,-1.9713964,0.17860352,1.6886035,-2.8713965,0.8186035,1.3086035,3.5586035,1.3886036,2.6786034,0.3286035,1.2486035,0.53860354,-0.9913965,-1.0613965,0.36860353,0.8386035,1.1586035,0.018603515,-1.9813964,-2.7213964
0.6986035,0.8486035,6.3586035,-0.76139647,-6.3113966,-7.5913963,-7.5813966,-10.371396,-8.521397,-7.5613966,-6.7313967,-5.9813967,-4.3013964,-4.0713964,-3.4013965,-3.7213964,-4.4313965,-4.8713965,-4.8613963,-4.6413965,-4.0013967,-3.3413966,-1.0513965,3.0686035,1.4086035,0.39860353,0.60860354,2.3586035,4.1086035,3.0986035,2.8086035,5.5986037,-1.8913965,0.6586035,0.6886035,-0.5413965,-1.6113964,-2.2213964,-0.23139648,-0.6613965,-0.011396484
2.4586036,7.5386033,-3.8913965,-6.7413964,-8.6813965,-8.531397,-9.161396,-7.2813964,-8.3913965,-6.4913964,-5.1313963,-4.1213965,-3.5813966,-3.5913966,-3.6613965,-5.1413965,-7.1213965,-6.7913966,-6.0013967,-4.4513965,-2.4813964,-1.3313965,-1.3613964,-2.2213964,-2.1513965,-3.0313964,-2.5313964,-0.83139646,1.8186035,-0.28139648,2.0686035,-0.31139648,-1.1113964,-0.6113965,-0.4913965,0.9086035,0.8186035,-0.08139648,0.67860353,-0.6813965,1.4886035
3.9786036,0.17860352,-4.3913965,-6.5313964,-6.2213964,-8.001396,-6.5913963,-7.0313964,-6.0713964,-5.6713963,-5.9513965,-6.2713966,-6.0613966,-5.3713965,-4.8213964,-5.4513965,-5.2213964,-4.9613967,-4.7213964,-3.0813966,-2.3713965,-3.4913964,-2.7813964,-2.4413965,-1.0413965,0.18860352,1.1386036,2.2086036,2.3386035,0.9586035,0.9686035,0.8886035,3.1386034,3.6486034,4.5986037,2.6686034,0.8086035,1.6786035,-1.4713964,-0.95139647,-0.0013964843
1.3386035,-0.9313965,-3.5713966,-3.9513965,-4.6713963,-5.4313965,-4.4813967,-5.3113966,-5.5213966,-5.1213965,-4.9813967,-5.3913965,-3.9313965,-4.1713963,-4.0013967,-4.0713964,-4.0013967,-2.9113965,-2.6513965,-4.2913966,-4.4913964,-3.2613964,-1.5113965,0.72860354,3.4086034,4.9886036,6.7286034,6.3386035,6.0386033,5.1486034,3.2286036,2.7986035,2.8586035,3.0986035,0.12860352,-2.1513965,-1.1313965,-3.9013965,-2.6913965,-2.6413965,-1.6013964
0.9986035,-0.70139647,0.97860354,-2.3713965,-3.7013965,-5.0113964,-4.5013967,-4.8213964,-4.9213963,-4.7713966,-4.5813966,-4.2413964,-4.5513964,-4.4513965,-2.6113966,-2.5213964,-2.2713964,-3.5913966,-3.9313965,-2.7313964,-2.6713965,-2.0213964,-0.34139648,1.0986035,2.6686034,4.9986033,6.7786036,6.0686035,8.368604,6.8786035,5.7686033,4.7186036,2.0586035,3.5186036,2.7586036,1.2386035,1.9086035,0.008603516,-1.1013964,-2.7113965,-3.4213965
1.3986036,2.0786035,-0.101396486,0.78860354,-0.8713965,-2.2113965,-3.5713966,-3.9513965,-4.2313967,-4.3913965,-3.6613965,-4.1713963,-3.9713964,-4.6613965,-4.5813966,-5.1713963,-5.5313964,-4.1113963,-3.1513965,-4.0413966,-3.7713964,-3.0213964,-1.9513965,-0.32139647,1.3586035,2.4786036,3.2786036,5.0586033,3.9486036,4.7286034,5.5886035,4.5086036,3.4486036,0.6186035,1.7886035,1.5386035,-3.8413966,1.6386036,-1.4913964,0.91860354,-1.0813965
-0.15139648,0.6486035,0.3586035,-1.8813965,-1.7013965,-2.2713964,-2.9913964,-2.8513966,-2.8313966,-3.2513964,-2.1113966,-4.0513964,-3.9013965,-4.6813965,-4.2413964,-4.9813967,-5.5913963,-5.5413966,-5.0113964,-4.6613965,-3.9913964,-2.9013965,-2.7613964,-1.7113965,-1.0613965,0.4586035,0.18860352,0.46860352,-0.16139649,1.5786035,3.3686035,4.5186033,-4.1413965,-2.8713965,1.8586035,0.6886035,-1.8813965,-2.3613966,-6.1613965,-6.2013965,-1.7013965
0.068603516,0.34860352,-0.111396484,0.2586035,-1.3613964,-1.6013964,-1.7613965,-1.6713965,-2.9313965,-2.1013966,-2.5213964,-1.6913965,-3.1513965,-2.3413966,-2.9213965,-3.2913964,-3.6113966,-4.0113964,-3.4513965,-3.3113966,-3.4913964,-3.0213964,-2.4913964,-2.3213966,-2.9313965,-3.0013964,-3.1413965,-3.3713965,-2.8913965,-2.9713964,-4.0613966,-1.4713964,-3.3113966,0.7086035,3.8186035,-1.3113965,-2.5113964,-0.011396484,0.2586035,-0.5913965,-0.7813965
0.3886035,0.60860354,-0.38139647,-0.7813965,-0.95139647,-0.43139648,-1.8513964,-2.2913964,-2.3513966,-1.8913965,-0.9913965,-1.5013965,-1.4913964,-1.4413965,-1.2213964,-1.6813965,-2.0213964,-2.7713964,-3.4013965,-3.5013964,-3.4813964,-2.9413965,-2.4713964,-3.1813965,-3.7313964,-4.8213964,-6.0213966,-5.5413966,-5.5313964,-5.8013964,-3.9213965,-3.3513966,-3.1113966,-1.7813965,-0.12139648,-0.6713965,-1.0913965,-0.7213965,1.1186035,-0.4613965,-0.9013965
0.72860354,0.5586035,0.5986035,0.5986035,0.85860354,0.23860352,-0.101396486,-1.2813965,-0.9913965,-0.9413965,0.34860352,1.0786035,0.6186035,1.2486035,0.8186035,0.2986035,-0.21139649,-0.4813965,-1.5513965,-2.2913964,-2.2713964,-2.5213964,-2.5713966,-2.6413965,-3.1513965,-3.7413964,-4.5513964,-4.0013967,-4.1313963,-3.2113965,-3.1013966,-2.6913965,-2.7313964,-2.4813964,-1.7513965,-0.71139646,0.4186035,0.108603515,-0.061396483,-1.0113965,-0.37139648
0.12860352,1.3686035,1.5486035,1.1086035,0.5086035,0.73860353,0.67860353,-0.28139648,-0.23139648,-0.061396483,0.6286035,0.6586035,1.3586035,2.3786035,2.7486036,2.4886036,1.5886035,1.0486035,1.3386035,0.4586035,-0.5613965,-1.4813964,-1.9113965,-1.7213964,-2.2913964,-2.2013965,-2.5613966,-2.5813966,-2.7713964,-2.7513964,-2.8613966,-3.5413964,-3.4513965,-4.1113963,-3.8513966,-4.4313965,-4.0413966,-2.9513965,-1.6413965,-1.2013965,-1.1013964
0.9986035,1.6286035,1.4686035,1.2686036,1.1786035,0.08860352,0.20860352,0.07860351,-1.1413965,0.39860353,0.7586035,1.5686035,1.5986035,3.3986034,2.8386035,3.1886034,2.5586035,2.2886035,1.5286036,1.7686036,1.9086035,1.8086035,0.9386035,0.4786035,-0.24139649,-0.43139648,-0.8113965,-1.3313965,-1.4213965,-2.0713966,-2.5613966,-2.9213965,-3.3613966,-3.3913965,-3.2813964,-3.5713966,-3.3913965,-2.1513965,-3.3713965,-2.6613965,-1.3913965
-0.041396484,0.24860352,3.5386035,2.4986036,0.3586035,-0.38139647,-0.3313965,0.31860352,0.8286035,0.67860353,0.6486035,0.5786035,1.4386035,3.3186035,3.1686034,3.2886035,3.0586035,2.7686036,2.4186034,2.9886036,2.5886035,2.9786036,2.5486035,1.8886036,1.6486036,0.9686035,1.0486035,0.7186035,0.37860352,-0.3613965,-1.0913965,-1.5113965,-1.5813965,-1.7813965,-1.6413965,-2.2013965,-1.9613965,-1.9213965,-1.6913965,-2.0113964,-1.8213965
0.85860354,0.19860351,0.2586035,0.7786035,2.7686036,1.7286035,1.6186035,1.6186035,1.1986035,0.60860354,0.36860353,1.6986035,0.98860353,0.6486035,1.1286035,1.5486035,2.0986035,3.3286035,3.2186036,3.7086036,4.0886035,4.0886035,3.9686036,3.6586034,3.3386035,3.1486034,3.1586034,3.0986035,2.8286035,2.7086036,2.2386036,3.0986035,2.1786034,1.9686035,1.9086035,1.8186035,1.9086035,1.8886036,0.6986035,0.5986035,0.4786035
