wind_kz.json
{"header": {"discipline":0,"disciplineName":"Meteorological products","gribEdition":2,"gribLength":871,"center":7,"centerName":"US National Weather Service - NCEP(WMC)","subcenter":0,"refTime":"2023-08-23T12:00:00.000Z","significanceOfRT":1,"significanceOfRTName":"Start of forecast","productStatus":0,"productStatusName":"Operational products","productType":1,"productTypeName":"Forecast products","productDefinitionTemplate":0,"productDefinitionTemplateName":"Analysis/forecast at horizontal level/layer at a point in time","parameterCategory":0,"parameterCategoryName":"UnknownDiscipline_0_Category_0","parameterNumber":0,"parameterNumberName":"UnknownParameter_D0_C0_0","parameterUnit":"Unknown","genProcessType":2,"genProcessTypeName":"Forecast","forecastTime":300,"surface1Type":1,"surface1TypeName":"Ground or water surface","surface1Value":0.0,"surface2Type":255,"surface2TypeName":"Missing","surface2Value":0.0,"gridDefinitionTemplate":0,"gridDefinitionTemplateName":"Latitude_Longitude","numberPoints":615,"shape":6,"shapeName":"Earth spherical with radius of 6,371,229.0 m","gridUnits":"degrees","resolution":48,"winds":"true","scanMode":64,"nx":41,"ny":15,"basicAngle":0,"lo1":47.0,"la1":41.0,"lo2":87.0,"la2":55.0,"dx":1.0,"dy":1.0}, "data":
[rows 0 to 14 of 15, columns 0 to 40 of 41]
294.711,286.31097,289.511,298.611,298.511,297.711,298.511,299.011,296.41098,297.011,295.611,298.211,297.81097,297.511,297.31097,294.211,294.011,293.91098,294.011,294.41098,294.511,291.711,290.511,288.711,290.81097,293.011,291.011,277.31097,275.611,275.111,275.711,276.91098,287.111,293.31097,295.111,295.41098,295.011,295.91098,294.41098,294.611,293.711
277.41098,288.91098,298.31097,298.611,298.511,297.111,297.011,295.211,293.611,293.111,293.41098,292.211,292.111,292.511,291.611,292.211,294.111,291.81097,290.611,290.91098,291.711,294.31097,292.611,285.711,275.011,275.31097,285.011,275.611,277.511,272.511,277.91098,272.111,280.111,258.41098,277.31097,292.111,291.111,294.211,296.611,289.81097,284.011
289.711,298.011,298.511,298.711,297.211,297.011,295.211,293.611,292.711,292.31097,290.711,290.711,289.111,289.81097,291.111,290.711,290.41098,288.711,288.511,289.111,291.011,290.211,293.31097,288.91098,288.111,289.011,291.511,290.711,288.611,281.91098,274.111,276.111,281.81097,280.611,282.31097,283.81097,277.111,277.211,279.511,276.611,276.91098
295.211,298.81097,298.81097,297.81097,294.81097,293.111,293.41098,293.211,291.611,291.011,289.611,289.211,294.711,294.011,288.211,287.81097,288.211,286.41098,286.111,285.81097,286.41098,281.81097,289.31097,291.011,292.711,291.81097,293.211,290.011,290.91098,292.711,292.81097,290.81097,293.711,290.91098,291.81097,287.91098,276.91098,279.211,283.81097,292.81097,293.611
293.611,298.31097,298.611,298.31097,294.91098,290.81097,291.711,291.41098,290.611,290.011,288.111,287.41098,294.211,293.011,291.011,287.511,287.111,286.011,284.011,287.211,287.511,286.91098,285.011,286.41098,288.011,290.011,291.31097,292.41098,293.81097,290.81097,295.211,292.41098,282.81097,274.011,285.511,291.81097,292.41098,295.91098,296.31097,296.011,296.91098
288.81097,287.41098,296.41098,297.511,297.91098,297.111,288.711,288.91098,288.711,288.111,288.81097,286.91098,292.31097,293.711,289.511,285.111,286.31097,286.111,285.511,286.81097,287.011,287.611,287.111,287.91098,287.611,287.511,289.011,292.511,293.111,296.511,292.81097,295.511,292.211,292.41098,293.91098,292.611,287.011,286.011,293.91098,295.111,296.511
285.91098,285.111,288.31097,288.111,290.511,287.111,287.711,287.211,287.211,288.711,286.81097,286.511,285.711,286.31097,286.31097,287.81097,286.711,286.81097,285.41098,284.91098,284.91098,286.611,286.611,287.011,286.511,287.41098,287.81097,289.91098,291.91098,292.91098,291.41098,291.31097,292.81097,292.711,292.011,289.91098,288.211,284.91098,280.511,280.711,293.41098
286.111,285.211,286.011,286.31097,287.91098,287.611,286.611,286.111,285.611,285.611,284.81097,284.91098,284.41098,286.31097,287.011,287.711,287.211,286.91098,285.91098,283.31097,283.611,283.41098,283.81097,284.31097,284.011,282.111,283.711,286.41098,285.81097,289.41098,289.711,290.31097,289.211,288.011,285.41098,287.211,288.211,289.31097,289.31097,288.91098,289.511
286.31097,285.611,285.41098,284.41098,287.011,285.31097,284.41098,285.011,283.611,283.31097,282.611,282.611,282.31097,283.91098,284.81097,285.91098,285.91098,285.511,285.611,283.611,280.81097,281.011,281.81097,281.91098,281.111,282.211,281.41098,282.31097,285.81097,282.211,284.81097,284.511,285.611,287.711,287.31097,288.011,287.211,286.511,275.611,278.611,277.31097
284.31097,284.611,284.81097,284.011,284.011,283.41098,283.211,282.31097,282.81097,282.011,280.81097,280.511,280.91098,280.81097,282.211,282.211,283.011,282.711,283.31097,284.41098,282.31097,281.31097,282.611,281.111,280.611,279.31097,279.611,281.011,281.81097,285.011,282.111,287.511,287.91098,288.41098,288.211,288.111,287.81097,282.91098,279.111,279.511,279.41098
283.211,280.711,281.611,281.511,281.011,280.611,280.611,279.711,281.011,283.711,281.31097,280.511,282.011,283.211,284.211,284.41098,281.91098,283.41098,281.211,281.011,281.41098,281.41098,280.31097,279.511,278.31097,278.111,276.91098,279.511,280.91098,283.31097,287.511,286.011,288.511,287.511,287.81097,286.711,286.81097,283.211,280.41098,282.111,281.31097
279.41098,281.41098,281.711,280.711,283.611,284.81097,284.011,283.81097,283.511,283.011,280.91098,279.711,282.41098,282.011,282.41098,278.81097,279.81097,282.211,280.31097,280.91098,282.711,281.711,279.81097,278.91098,278.211,278.711,278.511,279.511,280.211,281.81097,281.011,287.011,286.011,285.91098,287.91098,289.011,291.31097,289.91098,288.211,288.111,288.211
280.41098,283.31097,282.511,278.711,281.211,283.511,281.81097,279.611,276.41098,275.711,274.211,272.91098,276.711,276.711,281.011,281.011,278.41098,279.91098,283.31097,281.711,279.211,278.111,278.011,280.91098,279.41098,279.611,280.81097,279.81097,280.111,278.41098,279.711,281.611,284.511,285.111,285.511,288.41098,289.511,288.211,289.211,288.611,289.41098
282.011,279.211,285.211,280.611,280.211,281.111,279.111,277.711,278.211,281.211,278.511,276.111,274.111,275.41098,276.31097,277.011,277.211,277.31097,280.41098,277.511,278.011,278.111,278.81097,279.111,279.711,280.611,279.211,280.41098,279.711,279.611,279.31097,279.611,281.81097,284.91098,285.41098,286.111,289.211,288.211,286.211,287.81097,288.31097
277.511,279.111,289.511,279.31097,278.611,277.211,280.91098,279.91098,277.611,277.41098,278.711,276.711,277.611,276.011,276.511,276.81097,276.711,276.711,276.91098,277.111,277.611,277.31097,277.611,277.711,277.91098,278.111,278.41098,278.41098,278.611,278.81097,279.31097,281.111,278.91098,282.81097,283.711,285.41098,287.711,287.511,286.711,287.111,287.111
