wind_kz.json
{"header": {"discipline":0,"disciplineName":"Meteorological products","gribEdition":2,"gribLength":1025,"center":7,"centerName":"US National Weather Service - NCEP(WMC)","subcenter":0,"refTime":"2024-02-03T12:00:00.000Z","significanceOfRT":1,"significanceOfRTName":"Start of forecast","productStatus":0,"productStatusName":"Operational products","productType":1,"productTypeName":"Forecast products","productDefinitionTemplate":0,"productDefinitionTemplateName":"Analysis/forecast at horizontal level/layer at a point in time","parameterCategory":2,"parameterCategoryName":"UnknownDiscipline_0_Category_2","parameterNumber":3,"parameterNumberName":"UnknownParameter_D0_C2_3","parameterUnit":"Unknown","genProcessType":2,"genProcessTypeName":"Forecast","forecastTime":180,"surface1Type":103,"surface1TypeName":"Specified height level above ground","surface1Value":10.0,"surface2Type":255,"surface2TypeName":"Missing","surface2Value":0.0,"gridDefinitionTemplate":0,"gridDefinitionTemplateName":"Latitude_Longitude","numberPoints":615,"shape":6,"shapeName":"Earth spherical with radius of 6,371,229.0 m","gridUnits":"degrees","resolution":48,"winds":"true","scanMode":64,"nx":41,"ny":15,"basicAngle":0,"lo1":47.0,"la1":41.0,"lo2":87.0,"la2":55.0,"dx":1.0,"dy":1.0}, "data":
[rows 0 to 14 of 15, columns 0 to 40 of 41]
-1.5364838,-3.8564837,1.1335162,-0.5164838,6.663516,4.433516,2.3435163,1.9635162,0.39351624,1.5935162,2.6135163,3.0235162,3.3935163,3.2435162,2.7535162,1.5435163,0.15351623,-0.38648376,-1.2464838,-0.6964838,-0.036483765,-0.09648377,-0.28648376,-1.7664838,-1.2964838,-1.8964838,-1.4364837,1.9035163,3.4035163,2.4435163,-3.6064837,-5.356484,1.9335163,-1.1464838,0.0035162354,0.6135162,0.32351625,0.18351623,0.58351624,0.30351624,-0.11648376
5.0535164,1.7035162,-1.6464838,1.8235162,5.2835164,4.563516,1.2735162,3.9135163,3.8135161,3.4435163,2.4835162,2.8535163,3.0635161,2.7835162,2.2735162,2.3935163,0.59351623,-0.41648376,1.2435162,1.0535163,1.1735163,-1.2864838,0.71351624,2.6335163,-1.8964838,-0.056483764,-3.9164839,2.6435163,1.1535163,3.0735161,7.2835164,6.523516,-0.8264838,-1.9064838,-5.3264837,-2.8664837,-0.21648377,-1.6464838,-0.44648376,-0.72648376,0.023516236
2.2735162,3.7435162,1.9035163,2.1835163,4.4035163,3.2235162,2.2035162,3.4235163,4.233516,4.1735163,5.183516,3.9035163,3.3935163,3.3435163,3.6435163,3.6035163,3.0735161,1.9635162,3.2535162,2.7235162,1.4935162,0.22351624,-0.32648376,1.4735162,0.81351626,0.6135162,0.59351623,0.39351624,0.30351624,1.9635162,3.7435162,2.0935163,1.8635162,-1.5264838,0.08351623,0.76351625,3.4235163,-0.54648376,0.96351624,-1.4664837,1.1035162
3.4335163,4.6935163,4.413516,4.4435163,3.2335162,1.6035162,3.3535163,4.4035163,4.233516,4.583516,4.483516,4.703516,6.5935163,6.5535164,4.063516,4.0135164,3.3635163,3.1335163,3.3135161,3.3235161,2.9535162,2.4335163,0.43351623,0.9135162,0.8035162,0.19351624,0.41351622,-1.2164837,2.3735163,2.0335162,-0.20648377,-1.9764838,-0.12648377,-0.036483765,0.42351624,-1.8764838,0.25351623,4.2235165,3.0235162,2.6835163,1.4235163
1.9035163,2.3735163,3.2035162,4.253516,2.7335162,3.5735161,4.0935163,4.1335163,4.4435163,4.353516,5.003516,5.753516,7.523516,8.273517,7.683516,5.8835163,5.273516,4.8635163,4.233516,4.433516,3.7135162,2.5235162,2.5735161,2.5035162,1.7035162,0.38351622,1.5635163,0.8635162,0.103516236,0.39351624,0.16351624,-0.46648377,3.4735162,3.7835162,-0.24648376,-1.2064837,-0.026483765,1.1935163,1.5535163,0.17351623,0.0035162354
2.3835163,2.3435163,3.6335163,3.7235162,3.3735163,3.1535163,3.2635162,3.2335162,4.273516,3.1535163,4.663516,5.583516,5.463516,7.7635164,7.313516,6.2235165,6.5935163,6.1735163,5.6135163,5.503516,5.0335164,5.353516,4.7835164,4.203516,3.9835162,3.3235161,2.4035163,2.6035163,1.5635163,0.81351626,0.57351625,-0.24648376,0.9735162,1.5935162,0.43351623,-2.0064838,0.103516236,-1.8064837,-6.0064836,-0.21648377,0.32351625
2.3235161,2.8135161,2.7135162,3.2535162,4.063516,3.7535162,3.8535163,3.3035161,3.2735162,3.8435163,4.483516,4.953516,5.8235164,7.0135164,7.5535164,7.563516,7.8435163,6.2835164,6.1935163,5.4935164,5.5735164,5.7435164,5.9735165,5.5135164,4.5335164,3.8135161,2.4835162,3.0735161,1.8735162,2.1935163,1.3335162,0.7235162,2.2535162,2.8035161,0.8035162,-0.46648377,-0.18648377,3.1135163,-2.1064837,-0.5864838,-3.5264838
2.3435163,1.6735163,1.4535162,1.7135162,1.6635163,1.8335162,1.9435163,2.8935163,3.7635162,3.2935162,4.123516,5.183516,4.983516,6.643516,7.313516,7.9035163,7.103516,5.9735165,6.233516,6.683516,6.003516,6.083516,6.1735163,6.3635163,6.333516,5.273516,5.203516,3.3735163,3.7035162,3.7435162,2.9235163,2.5735161,2.3235161,2.9335163,5.7835164,3.8135161,0.12351623,1.3835162,1.7435162,1.0235162,-0.076483764
1.5135162,1.6235162,1.1935163,1.1035162,1.2635162,0.84351623,0.68351626,0.83351624,1.0435163,1.8335162,1.6135162,2.9335163,3.5235162,5.023516,5.8235164,6.9235163,7.2835164,7.213516,6.9435163,6.663516,5.683516,5.623516,6.8435163,6.9435163,7.3435163,6.393516,5.7235165,5.893516,6.063516,3.2635162,5.6535163,6.733516,7.6935163,5.3235164,5.1535163,3.2835162,-0.18648377,3.5935163,6.1735163,3.5135162,4.7835164
1.6735163,1.2235162,0.48351625,0.28351623,-0.29648376,-0.73648375,-1.5564837,-1.4664837,-1.2464838,-1.0864837,0.68351626,2.1635163,2.5435162,3.6935163,5.063516,5.103516,5.563516,5.793516,5.8435163,6.2435164,6.643516,6.023516,6.9735165,7.143516,7.0935163,7.213516,7.0535164,6.2235165,5.953516,6.143516,5.483516,6.583516,6.4735165,5.1935163,4.2435164,3.4435163,1.3335162,-2.1264837,5.5335164,5.703516,2.2135162
0.68351626,-0.076483764,-0.25648376,-0.29648376,-1.1664838,-1.4764838,-0.97648376,-0.79648376,-0.7764838,-0.7164838,0.30351624,1.4035163,2.1335163,2.7135162,3.4935162,4.123516,4.453516,4.933516,5.3235164,5.3835163,5.4235163,5.683516,5.7835164,6.663516,6.413516,6.753516,6.063516,6.713516,7.003516,5.233516,6.4035163,5.163516,4.703516,5.483516,6.563516,2.9935162,5.4735165,3.6135163,4.2635164,2.8735163,1.6635163
-0.12648377,-0.6364838,-0.68648374,-0.60648376,-0.67648375,-0.39648378,-0.8264838,-0.55648375,-0.9664838,-0.7164838,0.36351624,0.75351626,1.0535163,2.0135162,2.5435162,3.1735163,3.8635163,4.0735164,4.983516,5.0535164,5.1735163,5.353516,5.333516,5.6735163,6.6135163,7.103516,7.163516,6.213516,5.6135163,5.643516,6.1135163,6.643516,5.643516,6.043516,5.293516,6.3235164,7.3035164,4.793516,2.2735162,0.7235162,-0.91648376
1.1735163,1.0535163,-0.32648376,-0.016483765,-0.20648377,-0.33648378,-0.22648376,0.24351624,-0.5164838,0.76351625,-0.25648376,-0.38648376,1.9835162,1.9135163,2.0435162,2.3935163,2.8535163,3.2735162,3.8535163,3.9235163,4.5335164,4.683516,4.6335163,4.9735165,5.1335163,5.5935163,5.7635164,6.1535163,6.273516,6.103516,6.7235165,7.503516,7.713516,7.3635163,6.9735165,6.8635163,5.733516,3.5335162,3.6235163,2.2635162,1.8335162
0.9135162,0.38351622,-0.60648376,-0.11648376,-0.12648377,-0.12648377,0.40351623,0.90351623,2.0435162,2.0835161,0.93351626,-0.67648375,0.21351624,2.8535163,2.1435163,2.1835163,2.1935163,2.8735163,3.3135161,3.7135162,3.9035163,3.9735162,3.7135162,3.4935162,3.8435163,4.3235164,4.8435163,5.6335163,6.023516,6.483516,6.893516,6.8435163,7.8035164,8.013516,6.543516,6.543516,5.213516,4.8835163,4.413516,4.583516,3.2135162
0.31351623,-0.49648377,-0.49648377,0.42351624,0.63351625,1.3135163,0.70351624,1.6535163,0.8635162,1.9035163,2.4235163,2.8335161,1.5835162,-0.65648377,2.0835161,1.9435163,2.4435163,2.8135161,4.103516,4.1535163,4.0935163,4.293516,3.9035163,3.7535162,3.9335163,4.3435163,5.2235165,5.5935163,5.3835163,5.713516,6.183516,7.5935163,6.8435163,7.103516,7.023516,6.4035163,6.1735163,6.083516,5.163516,5.083516,4.373516
