wind.json
{"header": {"discipline":0,"disciplineName":"Meteorological products","gribEdition":2,"gribLength":953,"center":7,"centerName":"US National Weather Service - NCEP(WMC)","subcenter":0,"refTime":"2023-06-30T00:00:00.000Z","significanceOfRT":1,"significanceOfRTName":"Start of forecast","productStatus":0,"productStatusName":"Operational products","productType":1,"productTypeName":"Forecast products","productDefinitionTemplate":0,"productDefinitionTemplateName":"Analysis/forecast at horizontal level/layer at a point in time","parameterCategory":0,"parameterCategoryName":"UnknownDiscipline_0_Category_0","parameterNumber":0,"parameterNumberName":"UnknownParameter_D0_C0_0","parameterUnit":"Unknown","genProcessType":2,"genProcessTypeName":"Forecast","forecastTime":120,"surface1Type":1,"surface1TypeName":"Ground or water surface","surface1Value":0.0,"surface2Type":255,"surface2TypeName":"Missing","surface2Value":0.0,"gridDefinitionTemplate":0,"gridDefinitionTemplateName":"Latitude_Longitude","numberPoints":688,"shape":6,"shapeName":"Earth spherical with radius of 6,371,229.0 m","gridUnits":"degrees","resolution":48,"winds":"true","scanMode":64,"nx":43,"ny":16,"basicAngle":0,"lo1":45.0,"la1":40.0,"lo2":87.0,"la2":55.0,"dx":1.0,"dy":1.0}, "data":
[rows 0 to 15 of 16, columns 0 to 42 of 43]
282.48276,279.38275,295.98276,298.78278,298.28278,297.48276,296.58276,295.38275,299.38275,300.18277,300.88275,299.98276,300.48276,298.98276,298.08276,299.48276,298.98276,298.08276,296.98276,296.48276,295.68277,293.38275,292.38275,291.98276,291.18277,288.08276,287.88275,281.68277,278.38275,277.48276,280.68277,293.68277,294.38275,296.98276,298.18277,296.58276,298.28278,297.38275,298.48276,298.18277,299.48276,300.48276,298.98276
287.68277,298.68277,297.98276,289.08276,290.48276,296.28278,296.18277,294.88275,299.08276,302.38275,300.88275,300.48276,298.98276,300.48276,300.08276,299.28278,297.88275,295.38275,295.98276,296.78278,296.38275,296.28278,295.88275,292.08276,291.98276,285.68277,291.58276,293.48276,289.98276,280.78278,278.08276,277.28278,277.88275,280.48276,288.98276,295.88275,298.08276,298.38275,297.88275,298.28278,299.28278,301.68277,301.88275
287.48276,286.58276,277.58276,290.78278,296.28278,296.28278,296.18277,293.78278,300.78278,299.88275,299.28278,299.28278,302.38275,298.68277,298.78278,296.58276,297.68277,295.08276,295.68277,294.88275,294.68277,295.28278,294.78278,295.08276,292.78278,283.08276,272.78278,273.78278,282.08276,275.48276,278.58276,275.18277,280.88275,274.78278,282.48276,261.58276,276.38275,293.88275,294.08276,295.58276,299.58276,292.48276,283.38275
287.68277,291.48276,292.78278,297.08276,296.88275,296.58276,295.58276,299.18277,299.68277,299.88275,298.98276,299.08276,300.08276,298.78278,297.68277,296.88275,296.88275,298.18277,297.78278,294.88275,295.38275,295.18277,295.18277,294.58276,292.58276,287.48276,293.38275,291.48276,292.18277,290.78278,288.28278,281.48276,274.08276,277.68277,283.28278,282.88275,283.48276,284.18277,279.98276,280.68277,281.88275,278.58276,278.68277
295.08276,295.88275,293.68277,297.68277,297.68277,296.88275,296.58276,298.18277,298.08276,298.08276,298.78278,302.38275,299.18277,300.48276,294.88275,294.28278,295.58276,295.18277,297.38275,296.28278,296.78278,295.58276,292.88275,287.68277,295.38275,295.98276,294.88275,293.68277,294.38275,294.38275,291.88275,291.98276,293.18277,291.18277,296.48276,295.38275,292.68277,289.68277,280.98276,277.88275,284.08276,294.58276,298.48276
294.58276,296.78278,295.78278,298.48276,298.18277,298.88275,298.28278,297.68277,298.48276,298.78278,299.18277,299.58276,299.28278,297.98276,295.48276,294.78278,291.88275,297.38275,297.68277,298.88275,294.68277,296.28278,296.28278,295.88275,293.98276,293.98276,294.48276,295.08276,293.48276,293.88275,293.08276,294.38275,297.78278,291.98276,281.78278,277.08276,286.38275,295.98276,295.68277,300.48276,299.78278,298.98276,298.88275
296.28278,301.28278,298.48276,295.18277,298.88275,298.28278,297.88275,297.18277,297.48276,300.08276,299.78278,301.98276,300.48276,297.68277,294.18277,293.98276,295.98276,296.68277,297.08276,297.08276,296.58276,297.28278,294.98276,294.18277,293.58276,292.08276,292.48276,290.68277,293.98276,290.68277,295.68277,296.58276,297.18277,297.08276,294.48276,293.08276,295.18277,294.68277,290.48276,290.88275,299.88275,300.38275,299.28278
296.48276,298.38275,297.78278,297.98276,302.08276,302.28278,298.48276,298.58276,299.58276,301.18277,299.58276,299.18277,297.48276,296.68277,296.68277,296.98276,296.58276,296.58276,295.78278,296.58276,296.28278,294.28278,292.58276,294.98276,291.88275,292.38275,290.68277,290.68277,292.18277,294.18277,292.58276,294.98276,294.08276,297.28278,296.78278,297.68277,295.78278,295.28278,291.18277,289.18277,286.58276,286.18277,297.98276
296.78278,298.38275,298.08276,298.18277,300.98276,299.58276,299.38275,299.28278,298.88275,297.98276,295.98276,296.38275,295.38275,294.48276,294.58276,296.28278,296.18277,295.58276,295.88275,295.58276,295.28278,291.88275,293.18277,291.58276,290.58276,289.98276,288.88275,287.08276,287.88275,290.08276,289.88275,294.08276,292.98276,295.48276,292.08276,292.28278,290.78278,295.28278,296.88275,288.18277,296.08276,294.78278,292.58276
291.08276,295.78278,295.08276,295.58276,296.48276,295.98276,297.48276,297.08276,295.88275,295.78278,294.88275,295.58276,293.68277,294.18277,292.78278,294.28278,294.08276,295.18277,294.18277,294.28278,293.58276,292.48276,290.18277,290.38275,290.88275,288.58276,287.78278,289.08276,288.18277,290.08276,287.38275,288.48276,288.48276,289.08276,290.38275,291.28278,291.68277,290.68277,293.18277,293.18277,283.58276,282.08276,283.08276
291.58276,293.18277,293.08276,293.68277,294.08276,295.08276,296.28278,295.98276,295.18277,294.28278,293.18277,294.88275,292.98276,291.58276,293.58276,292.58276,292.48276,293.38275,293.68277,293.18277,292.28278,291.98276,290.48276,290.98276,291.48276,290.78278,289.88275,288.88275,287.98276,288.38275,287.68277,287.18277,288.78278,290.88275,291.68277,291.58276,290.58276,289.58276,288.48276,287.68277,286.38275,284.28278,282.48276
289.18277,290.28278,291.38275,291.38275,292.68277,293.38275,292.38275,293.38275,293.38275,292.88275,291.78278,293.98276,293.28278,292.58276,293.58276,289.98276,290.68277,291.18277,291.28278,292.28278,292.38275,290.28278,290.48276,290.58276,290.78278,290.18277,289.38275,289.78278,289.08276,291.98276,292.48276,292.68277,291.98276,291.98276,291.18277,290.38275,288.18277,287.28278,287.58276,283.58276,282.88275,283.88275,282.38275
287.28278,287.88275,288.88275,290.08276,290.98276,290.98276,291.18277,294.08276,290.98276,289.98276,290.38275,289.98276,289.58276,288.38275,291.18277,289.58276,289.28278,289.78278,291.68277,291.18277,291.48276,291.28278,289.88275,289.58276,290.38275,290.18277,289.78278,290.88275,291.48276,292.48276,292.58276,292.18277,289.98276,290.38275,290.58276,289.58276,289.38275,288.88275,287.38275,288.18277,287.58276,286.68277,285.78278
285.18277,286.18277,287.28278,287.18277,291.98276,289.58276,291.78278,289.78278,290.68277,288.58276,288.48276,288.48276,287.08276,286.08276,288.58276,288.58276,289.08276,289.08276,289.98276,290.38275,291.88275,291.38275,289.98276,289.38275,289.38275,290.38275,293.18277,293.28278,293.88275,292.88275,292.18277,290.58276,290.48276,289.38275,289.08276,289.18277,288.48276,288.18277,288.58276,288.68277,286.98276,287.88275,286.88275
286.28278,285.68277,284.68277,286.58276,288.68277,287.38275,287.48276,287.38275,288.08276,287.98276,290.48276,290.98276,287.08276,285.68277,285.78278,287.78278,290.48276,289.08276,289.18277,288.48276,290.28278,290.78278,291.38275,290.28278,291.58276,292.18277,291.88275,292.58276,292.48276,292.08276,292.08276,292.08276,290.98276,289.78278,289.18277,288.68277,288.28278,288.68277,288.78278,288.58276,289.28278,288.08276,288.18277
286.38275,288.08276,285.98276,285.98276,290.48276,286.28278,286.58276,284.88275,285.88275,286.18277,288.18277,288.78278,289.78278,288.58276,287.98276,287.38275,288.18277,288.38275,288.38275,288.78278,288.88275,289.88275,290.18277,291.08276,291.08276,291.28278,291.48276,291.18277,291.78278,290.68277,290.18277,290.98276,289.98276,286.08276,288.98276,288.48276,288.58276,288.08276,288.08276,287.08276,288.58276,288.58276,289.98276
