wind_kz.json
{"header": {"discipline":0,"disciplineName":"Meteorological products","gribEdition":2,"gribLength":1025,"center":7,"centerName":"US National Weather Service - NCEP(WMC)","subcenter":0,"refTime":"2023-09-20T06:00:00.000Z","significanceOfRT":1,"significanceOfRTName":"Start of forecast","productStatus":0,"productStatusName":"Operational products","productType":1,"productTypeName":"Forecast products","productDefinitionTemplate":0,"productDefinitionTemplateName":"Analysis/forecast at horizontal level/layer at a point in time","parameterCategory":2,"parameterCategoryName":"UnknownDiscipline_0_Category_2","parameterNumber":3,"parameterNumberName":"UnknownParameter_D0_C2_3","parameterUnit":"Unknown","genProcessType":2,"genProcessTypeName":"Forecast","forecastTime":240,"surface1Type":103,"surface1TypeName":"Specified height level above ground","surface1Value":10.0,"surface2Type":255,"surface2TypeName":"Missing","surface2Value":0.0,"gridDefinitionTemplate":0,"gridDefinitionTemplateName":"Latitude_Longitude","numberPoints":615,"shape":6,"shapeName":"Earth spherical with radius of 6,371,229.0 m","gridUnits":"degrees","resolution":48,"winds":"true","scanMode":64,"nx":41,"ny":15,"basicAngle":0,"lo1":47.0,"la1":41.0,"lo2":87.0,"la2":55.0,"dx":1.0,"dy":1.0}, "data":
[rows 0 to 14 of 15, columns 0 to 40 of 41]
1.8551172,2.075117,4.175117,6.575117,4.1251173,2.075117,1.4751172,1.0751172,-0.49488282,-0.9248828,-2.9448829,-2.5548828,-3.0548828,-3.9348829,-4.5848827,-5.5848827,-6.304883,-4.924883,-7.4348826,-5.804883,-5.094883,-5.094883,-2.7848828,1.2251172,3.1751173,1.4751172,2.1651173,2.5051172,-1.9448829,-3.1948829,-2.394883,1.1151172,-1.5848829,-1.7148829,1.0951172,-2.404883,0.6651172,0.6651172,0.2651172,0.7151172,0.0051171873
1.1751171,-0.6148828,6.715117,6.385117,4.1651173,2.2151172,2.7251172,2.5051172,-0.18488282,-1.4748828,-0.8848828,-3.0048828,-3.3648827,-3.7148829,-5.2248826,-5.2248826,-4.0648828,-6.004883,-7.8548827,-8.374883,-6.554883,-6.444883,-4.554883,-0.22488281,1.2251172,3.1551173,3.095117,2.5051172,-0.23488282,2.9151173,-1.8348829,0.4851172,1.5551171,-0.04488281,0.6351172,-4.674883,-4.884883,-2.5248828,1.6751171,2.1651173,0.44511718
2.9551172,4.385117,6.695117,4.705117,3.075117,2.085117,3.9051173,2.4451172,1.9351172,0.08511719,-1.9948828,-2.394883,-3.3448827,-3.5848827,-4.504883,-5.154883,-5.444883,-5.984883,-7.294883,-9.414883,-8.604883,-0.49488282,-9.064883,-3.634883,-4.324883,-3.7748828,-4.254883,-4.2048826,-1.1048828,0.055117186,-2.0148828,1.5051172,-0.8948828,-2.5548828,1.8751172,-2.9548829,-2.5748827,-1.1348828,-2.9648829,0.4351172,1.8851172
3.4351172,3.845117,3.8751173,2.9951172,2.7551172,3.7451172,5.075117,3.0251172,2.6851172,1.2451172,-0.5748828,-2.4648829,-3.144883,-4.034883,-3.664883,-4.234883,-4.6648827,-5.3748827,-6.734883,-7.864883,-8.354883,-3.5248828,-4.034883,-5.234883,-5.024883,-4.294883,-4.614883,-3.904883,-5.594883,-5.9548826,-5.714883,-1.8048828,0.9351172,1.4151171,1.1651171,-0.04488281,3.9451172,3.4651172,-4.3148828,-2.164883,0.3951172
1.7351172,0.2651172,0.9951172,0.9851172,2.2451172,4.3751173,3.8851173,3.8051171,3.2851171,1.6651171,0.6351172,-0.4448828,-2.2048829,-3.6048827,-3.8048828,-3.9948828,-4.2048826,-4.504883,-4.824883,-5.3348827,-4.8148828,-4.5848827,-5.2248826,-5.194883,-4.844883,-5.364883,-5.674883,-7.234883,-5.2448826,-3.644883,-5.764883,-3.884883,0.6151172,3.365117,-0.46488282,3.3751173,-11.534883,3.075117,-1.6048828,-3.8048828,-2.4548829
1.2751172,2.1551173,0.58511716,2.7651172,3.845117,4.0251174,4.285117,3.7951171,2.2351172,2.0151172,1.1051172,0.3251172,-1.3248829,-2.6948829,-3.4848828,-3.4548829,-3.2748828,-3.6948829,-3.894883,-3.3048828,-4.194883,-4.634883,-5.284883,-5.4148827,-5.504883,-5.0648828,-5.384883,-6.534883,-6.634883,-6.044883,-5.504883,-5.2448826,-5.234883,-2.2548828,1.4551172,-8.0748825,0.4551172,-8.184883,-5.1448827,1.9751172,-4.114883
0.8251172,1.3051171,1.7851171,4.235117,4.805117,5.195117,4.745117,4.235117,2.7351172,2.5151172,2.1651173,1.0451171,-0.46488282,-1.4648829,-2.2748828,-2.8248827,-2.904883,-3.0148828,-3.2748828,-3.2148829,-4.304883,-4.8148828,-5.424883,-5.404883,-5.514883,-5.004883,-5.6648827,-6.364883,-5.694883,-6.304883,-6.344883,-5.804883,-6.5848827,-8.304883,-4.114883,2.5051172,2.8851173,1.6551172,-0.8848828,6.0651174,-11.3248825
0.6351172,0.89511716,2.0251172,3.4851172,4.785117,5.195117,5.425117,4.945117,3.4551172,3.3151171,2.605117,1.9151171,0.9351172,0.0051171873,-0.9548828,-1.6948829,-2.5548828,-2.8648827,-3.3448827,-4.1048827,-3.9548829,-4.6048827,-5.1048827,-5.254883,-5.3348827,-5.884883,-5.984883,-6.114883,-6.304883,-5.9148827,-6.2448826,-6.784883,-6.6448827,-8.474883,-5.8148828,-5.074883,-4.8748827,-2.5448828,0.04511719,-0.08488281,-0.9548828
0.31511718,0.1751172,0.3051172,0.89511716,2.4351172,4.0651174,4.7751174,4.725117,4.135117,3.9551172,3.6251173,2.7251172,2.0351171,1.0051172,0.08511719,-0.8048828,-1.8148828,-2.2448828,-2.6948829,-3.2748828,-3.7848828,-4.4348826,-4.864883,-5.464883,-5.2448826,-5.1248827,-4.924883,-4.884883,-5.194883,-5.824883,-6.6248827,-6.5648828,-6.504883,-6.484883,-6.1648827,-6.7248826,-6.1648827,-4.904883,0.015117187,2.5551171,4.3751173
0.28511718,-0.36488283,-0.54488283,-0.5748828,-0.37488282,0.77511716,2.575117,3.585117,4.485117,4.0651174,4.1851172,3.5051172,3.075117,2.6451173,1.1151172,0.055117186,-0.4848828,-0.7448828,-1.8148828,-2.3748827,-3.2148829,-3.5448828,-3.7948828,-4.534883,-5.2048826,-4.634883,-3.924883,-3.7848828,-3.7848828,-4.074883,-4.3548827,-4.6848826,-4.784883,-5.044883,-4.364883,-4.2048826,-3.2048829,0.6251172,1.4151171,1.6951172,1.2551172
0.25511718,0.06511719,0.075117186,-0.37488282,-0.7548828,-0.8948828,-0.6348828,-0.2148828,1.3151172,2.8151171,3.7951171,3.2151172,3.585117,2.8851173,1.7851171,1.2551172,0.6951172,0.2751172,-0.4848828,-1.8348829,-2.3148828,-2.8048828,-3.1048827,-3.8248827,-3.9948828,-3.654883,-3.3448827,-3.8348827,-3.6248827,-3.7748828,-4.3148828,-3.7448828,-3.6848829,-3.1248827,-2.8148828,-1.8248829,-1.1648828,-2.6048827,-3.2548828,-2.4348829,-2.7648828
0.34511718,-0.19488281,0.41511717,0.10511719,0.41511717,-0.4448828,-1.0348828,-1.3548828,-1.6448828,0.13511719,1.0351171,1.0151172,2.575117,2.8751173,1.4351172,0.3551172,-0.15488282,-0.11488281,0.015117187,-0.34488282,-1.2448828,-3.0048828,-2.9548829,-3.7148829,-2.924883,-3.4948828,-3.4848828,-3.3148828,-3.5048828,-3.5648828,-3.6048827,-3.7848828,-2.7548828,-2.6248827,-1.2648828,-0.6448828,0.8751172,0.2751172,-0.2648828,-0.5548828,-0.60488284
0.9451172,0.9051172,0.6351172,0.95511717,0.7951172,0.6651172,0.44511718,-0.4548828,-0.5948828,-1.0848829,-0.5148828,-1.0048828,0.5951172,1.6651171,2.2851171,0.6351172,-0.2948828,-0.19488281,-0.2148828,0.19511719,-0.104882814,-0.9548828,-1.2848828,-3.1148827,-3.5148828,-3.3448827,-3.634883,-2.9848828,-2.634883,-3.0748827,-3.4848828,-3.1948829,-2.7648828,-2.4448829,-1.9448829,-0.7748828,-0.6748828,-0.30488282,0.6051172,-0.7648828,0.6151172
1.7751172,1.8651172,1.7051172,1.6251172,1.7151172,1.2751172,0.77511716,0.4351172,0.8651172,1.1051172,0.04511719,-0.4448828,-0.13488281,-0.0048828125,0.44511718,0.5651172,-0.054882813,-0.2148828,0.16511719,0.9151172,0.5951172,0.37511718,0.34511718,-1.6848828,-2.2548828,-2.924883,-2.6248827,-2.0348828,-1.8748828,-2.6048827,-3.1948829,-3.1848829,-2.6148827,-2.5448828,-1.8048828,-1.5448828,-0.5248828,0.77511716,0.24511719,0.5451172,-0.22488281
1.3951172,1.5351171,1.9051172,1.9551172,1.7551172,1.7451172,1.0751172,1.3751172,0.8651172,1.5051172,1.7451172,0.9851172,0.3651172,-1.5248828,-0.5748828,-0.60488284,-0.5148828,-0.2148828,0.3051172,1.9751172,1.6051172,0.9351172,0.5551172,0.08511719,-1.5348828,-1.7748828,-2.0548828,-1.6848828,-1.5348828,-2.2048829,-2.7848828,-2.9948828,-1.8948828,-1.0748829,-2.1948829,-1.5948828,-1.2348828,0.025117187,-0.73488283,-0.8748828,0.21511719
