wind_kz.json
{"header": {"discipline":0,"disciplineName":"Meteorological products","gribEdition":2,"gribLength":1025,"center":7,"centerName":"US National Weather Service - NCEP(WMC)","subcenter":0,"refTime":"2023-09-10T18:00:00.000Z","significanceOfRT":1,"significanceOfRTName":"Start of forecast","productStatus":0,"productStatusName":"Operational products","productType":1,"productTypeName":"Forecast products","productDefinitionTemplate":0,"productDefinitionTemplateName":"Analysis/forecast at horizontal level/layer at a point in time","parameterCategory":2,"parameterCategoryName":"UnknownDiscipline_0_Category_2","parameterNumber":3,"parameterNumberName":"UnknownParameter_D0_C2_3","parameterUnit":"Unknown","genProcessType":2,"genProcessTypeName":"Forecast","forecastTime":60,"surface1Type":103,"surface1TypeName":"Specified height level above ground","surface1Value":10.0,"surface2Type":255,"surface2TypeName":"Missing","surface2Value":0.0,"gridDefinitionTemplate":0,"gridDefinitionTemplateName":"Latitude_Longitude","numberPoints":615,"shape":6,"shapeName":"Earth spherical with radius of 6,371,229.0 m","gridUnits":"degrees","resolution":48,"winds":"true","scanMode":64,"nx":41,"ny":15,"basicAngle":0,"lo1":47.0,"la1":41.0,"lo2":87.0,"la2":55.0,"dx":1.0,"dy":1.0}, "data":
[rows 0 to 14 of 15, columns 0 to 40 of 41]
-0.74247557,-0.052475587,-1.8524756,-6.942476,-2.9424756,-0.94247556,1.5575244,1.9375244,2.5675244,2.6775243,1.4175245,0.68752444,-0.4424756,-2.0624757,-4.0524755,-4.9524755,-5.7324758,-3.5124755,-5.5124755,-3.4424756,-2.5424757,-4.6524754,-3.7024755,1.9975244,3.2475245,3.8175244,-1.0824755,3.1475244,-3.4924755,-3.7624755,-3.2924757,-1.4424756,-0.68247557,1.9775244,-2.6124756,-2.4624755,-0.33247557,3.2175245,3.5075245,3.0375245,4.1575246
-0.69247556,-2.1724756,-4.3024755,-2.9724755,-4.712476,-5.922476,-4.942476,-1.1324756,2.1475244,2.3175244,2.0975244,0.80752444,-0.19247559,-2.0424757,-3.6124756,-4.5324755,-3.2324755,-3.2424755,-3.9924755,-4.4924755,-4.4524755,-4.7224755,-4.5724754,-0.36247557,3.1275244,3.9275243,3.5275245,4.3575244,-0.8424756,5.1175246,-0.19247559,-1.0224756,2.5375245,0.7275244,3.0975244,1.8775244,3.8975244,1.9775244,3.1975243,-2.2524755,-0.7224756
0.13752441,1.6075244,-1.3324755,-0.9724756,-2.0224755,-1.7524756,0.06752441,2.2175245,-0.93247557,0.8475244,1.5775244,1.2275244,-0.87247556,-2.4424756,-2.9724755,-3.8824756,-3.6624756,-3.8424757,-4.4924755,-4.1024756,-4.3324757,-3.7124755,-1.9924756,-0.3424756,-2.4824755,-2.4524755,-1.9224756,-2.5824757,-1.5324756,-2.4324756,-0.6124756,0.35752442,-2.8624756,0.74752444,0.4975244,-2.4924755,-3.1224756,-0.4124756,1.9675244,-0.9724756,1.9475244
3.1875243,3.7875245,-0.56247556,1.7575244,4.1975245,2.6775243,3.6975243,0.62752444,2.1375244,1.7175244,1.5875244,0.4375244,-2.2124755,-2.5124755,-3.8024757,-3.9724755,-3.8124757,-3.8624756,-3.0824757,-4.3924756,-3.4824755,-2.2024755,-2.9724755,-1.3024756,-1.3724756,-0.8624756,-0.032475587,0.22752441,-0.022475585,-0.052475587,-2.0824757,0.7975244,1.3075244,-0.48247558,1.3275244,2.1475244,3.4075243,2.6075244,-2.3024757,1.2175244,-1.3524756
3.7775245,3.5875244,1.0975244,0.6575244,-0.2724756,-0.5924756,-0.08247559,0.5475244,1.8875244,0.99752444,0.4375244,-1.3524756,-4.1624756,-4.3424754,-4.1524754,-4.712476,-5.0524755,-3.7924757,-4.1124754,-3.2624755,-1.8724756,-1.3724756,-0.81247556,-0.39247558,-0.042475585,0.7775244,1.6275244,1.8875244,1.2375244,1.1375244,1.1775244,0.32752442,2.6775243,2.9175243,0.8975244,0.45752442,1.3675244,-2.1124756,-1.4024756,-2.0824757,-4.5724754
2.9375243,1.9475244,0.4375244,2.1875243,2.0375245,1.9075245,0.8375244,0.3375244,0.8275244,0.62752444,-0.4924756,-2.0524757,-2.9624755,-3.7924757,-6.0424757,-4.9324756,-5.2724757,-5.3924756,-5.2724757,-4.6624756,-2.9424756,-3.1324756,-2.9824755,-0.81247556,0.24752441,1.4575244,1.5975244,2.8875244,1.0675244,2.6275244,2.9275243,3.1875243,1.7175244,1.0275245,0.5175244,-2.1924756,-2.7524755,-2.5524757,4.3175244,3.9275243,-1.3524756
-1.4824756,0.26752442,-0.81247556,2.0175245,3.7575245,2.3075244,2.8475244,1.5975244,1.6375244,-0.022475585,0.74752444,-0.7724756,-2.7224755,-4.4524755,-3.9624755,-4.3024755,-4.6624756,-4.3224754,-4.9024754,-4.8824754,-4.0024757,-4.3524756,-3.9824755,-3.5524757,-0.07247558,0.62752444,0.23752442,2.0175245,3.8075244,5.8575244,5.3175244,6.327524,5.9675245,3.8175244,2.4775245,1.6675245,2.1675243,2.9575243,-1.9924756,2.7075243,1.5875244
-2.9324756,-0.36247557,0.4675244,0.75752443,2.1075244,2.2275245,4.4975243,2.2175245,0.81752443,0.057524413,-0.9224756,-2.2624755,-2.0224755,-2.0024755,-4.0224757,-3.9924755,-4.3024755,-4.7224755,-4.3324757,-5.0824757,-6.2624755,-5.962476,-5.172476,-3.9524755,-2.8124757,-0.68247557,-0.5424756,3.7575245,3.5675244,4.577524,6.4075246,6.5275245,6.0175242,6.8575244,5.7175245,2.8875244,3.4775245,1.4875244,-0.2824756,-0.8524756,-0.23247558
-3.3124757,1.8975244,-2.0124755,1.9975244,0.6475244,2.7175245,2.3275244,1.3175244,0.9075244,-0.48247558,-1.8724756,-1.2924756,-1.7724756,-2.8824756,-4.0024757,-4.8124757,-4.8024755,-4.8124757,-4.3024755,-3.5924757,-3.6124756,-5.6124754,-5.2524757,-4.4824758,-3.0024755,-0.4024756,0.4675244,3.2675245,6.1275244,5.2975245,6.0275245,7.9375243,7.4175243,6.3175244,5.9975243,4.7675242,5.1375246,3.4375243,3.2575245,2.6075244,4.1075244
-0.08247559,1.9975244,0.3175244,0.50752443,0.3375244,1.6175244,0.5375244,-0.15247558,-1.3624756,-1.7124755,-0.4124756,-0.50247556,-1.3224756,-2.8424757,-4.0124755,-4.4724755,-4.8924756,-5.0224757,-4.3924756,-3.9724755,-3.8224757,-4.9124756,-5.2224755,-5.3824754,-4.6624756,-4.8424754,4.1975245,2.9375243,3.1875243,5.9775243,5.5275245,2.0675244,1.6575245,4.6175246,2.1075244,5.3575244,3.6975243,3.4475243,4.0275245,2.8875244,1.5175244
-1.1924756,0.027524414,0.23752442,-0.14247559,-0.6124756,-0.07247558,-0.20247559,-0.4124756,0.087524414,-0.07247558,0.18752441,-2.2524755,-2.7124755,-3.2724755,-5.0424757,-4.6024756,-5.1024756,-5.6324754,-6.1424756,-6.1824756,-5.7224755,-5.2824755,-6.8424754,-6.1624756,-4.5324755,-5.8424754,-3.2724755,-1.9824756,-0.8424756,0.13752441,3.0875244,4.4275246,5.807524,5.6375246,6.7275243,4.9875245,5.807524,2.4175243,5.8675246,2.7775245,1.2475244
-0.69247556,-1.0924755,-0.19247559,0.55752444,-0.002475586,0.7375244,1.8575244,2.0175245,1.0875244,-0.16247559,-0.32247558,-1.5824755,-2.9224756,-3.3424757,-3.2124755,-3.8824756,-4.7524757,-4.922476,-5.4824758,-6.0424757,-5.9824758,-6.9524755,-7.6024756,-6.2324758,-6.9124756,-6.0924754,-4.8424754,-4.0324755,-3.4524755,-0.17247559,2.4875245,4.7375245,4.4575243,5.2375245,5.057524,5.8775244,5.557524,4.6875243,-0.9824756,-2.2324755,-1.8224756
-0.4024756,-1.1724756,-0.7824756,0.4375244,1.3575244,2.0575244,1.8775244,1.4275244,1.2675244,0.4375244,-0.30247557,-1.4224756,-2.2624755,-3.2024755,-3.5224755,-3.8424757,-4.2924757,-5.0524755,-4.8924756,-4.4524755,-5.192476,-5.8124757,-4.6524754,-5.1424756,-6.3024755,-5.9024754,-5.3724756,-4.172476,-4.0124755,-2.6924756,0.23752442,2.4275243,2.7775245,1.4575244,4.5075245,4.7075243,5.1575246,2.5475245,1.9975244,-0.7224756,0.68752444
0.80752444,-0.14247559,0.007524414,1.3475244,1.4475244,1.8275244,0.047524415,-0.29247558,1.1975244,0.56752443,-0.14247559,-0.4124756,-2.4324756,-3.8424757,-4.0724754,-4.1824756,-3.9224756,-4.2424755,-5.3024755,-5.8824754,-5.9924755,-6.1324754,-6.2924757,-5.5424757,-5.7624755,-6.1224756,-5.6424756,-5.4324756,-3.8324757,-3.1424756,-1.6524756,-0.4124756,2.6475244,1.2775245,1.4275244,3.0375245,1.9675244,2.1475244,2.9675245,1.5375245,-0.4324756
-0.8324756,-1.1824756,-1.1024756,-0.30247557,-0.4724756,-0.29247558,-0.5324756,0.077524416,-0.092475586,0.29752442,-0.22247559,-1.8324755,-1.7324756,-2.3624756,-4.1424756,-4.1524754,-4.442476,-4.7424755,-5.1024756,-5.462476,-5.4324756,-5.9024754,-5.8424754,-5.6324754,-5.3924756,-4.7624755,-4.6124754,-4.6324754,-4.3324757,-3.7424755,-3.4924755,-2.9724755,-1.8724756,-1.7324756,-1.0024756,-1.1724756,-0.8524756,0.13752441,0.057524413,0.8975244,0.80752444
