wind.json
{"header": {"discipline":0,"disciplineName":"Meteorological products","gribEdition":2,"gribLength":1125,"center":7,"centerName":"US National Weather Service - NCEP(WMC)","subcenter":0,"refTime":"2023-07-01T06:00:00.000Z","significanceOfRT":1,"significanceOfRTName":"Start of forecast","productStatus":0,"productStatusName":"Operational products","productType":1,"productTypeName":"Forecast products","productDefinitionTemplate":0,"productDefinitionTemplateName":"Analysis/forecast at horizontal level/layer at a point in time","parameterCategory":2,"parameterCategoryName":"UnknownDiscipline_0_Category_2","parameterNumber":2,"parameterNumberName":"UnknownParameter_D0_C2_2","parameterUnit":"Unknown","genProcessType":2,"genProcessTypeName":"Forecast","forecastTime":60,"surface1Type":103,"surface1TypeName":"Specified height level above ground","surface1Value":10.0,"surface2Type":255,"surface2TypeName":"Missing","surface2Value":0.0,"gridDefinitionTemplate":0,"gridDefinitionTemplateName":"Latitude_Longitude","numberPoints":688,"shape":6,"shapeName":"Earth spherical with radius of 6,371,229.0 m","gridUnits":"degrees","resolution":48,"winds":"true","scanMode":64,"nx":43,"ny":16,"basicAngle":0,"lo1":45.0,"la1":40.0,"lo2":87.0,"la2":55.0,"dx":1.0,"dy":1.0}, "data":
[rows 0 to 15 of 16, columns 0 to 42 of 43]
-4.323325,-0.4933252,-0.3433252,-2.9233253,-1.7833252,-3.7733252,-2.2933252,-1.7533252,0.4466748,-4.653325,-5.113325,-3.9333253,-3.903325,-2.9633253,-2.3133252,-1.9833252,-2.2933252,-1.3033252,0.29667482,-1.5533252,-0.08332519,-1.5833251,-4.213325,-0.08332519,0.9266748,2.7266748,0.87667483,-1.2633252,0.5266748,1.0566748,0.9266748,1.8266748,-0.0933252,0.5766748,-3.3533251,-3.653325,-2.7233253,-1.7533252,-3.3433251,-3.4133253,-4.4333253,-2.0433252,-4.3733253
0.16667481,-0.4733252,-2.1033251,-0.7133252,1.4966748,-4.3133254,-3.5433252,-1.5533252,2.0366747,-3.7433252,-5.403325,-3.9433253,-2.6933253,-1.1833252,-6.3133254,-5.553325,-4.003325,-2.0833251,-0.6033252,1.5666748,-1.1733252,-0.5933252,-0.0633252,-0.3033252,-1.3033252,-0.2733252,3.7266748,-0.023325196,-2.5833251,-0.0033251953,1.9566748,-0.13332519,0.2466748,1.0966748,1.0366749,6.576675,-4.003325,-0.26332518,-3.4433253,-3.7033253,-3.383325,-3.2133253,-1.3433251
-0.9233252,-1.7233253,1.5766748,1.0766748,-3.4933252,-4.503325,-2.9433253,-1.6633252,0.48667482,-2.9433253,-2.4333253,-1.7233253,-3.2033253,-6.463325,-4.593325,-2.6933253,-1.1733252,0.5366748,1.5966748,0.1766748,-0.26332518,0.8666748,1.0266747,-2.1833253,-1.4033252,-2.5633252,0.6966748,0.2166748,-1.4533252,-0.62332517,-2.633325,-2.2833252,-0.0033251953,-0.053325195,1.8866748,-1.0333252,1.5366749,2.7566748,0.29667482,0.4166748,-0.2833252,0.4566748,-1.8533252
-0.8033252,-0.2233252,-0.5333252,-4.863325,-4.4733253,-3.4333253,-0.7233252,1.6966748,2.2166748,-0.2833252,-1.8833252,-1.7533252,-1.0233252,-0.103325196,-3.4933252,-0.8433252,0.4266748,1.7566748,1.7566748,2.376675,3.0066748,1.8266748,1.7566748,1.3966748,0.8266748,-1.6033252,2.0766747,2.0366747,1.4266748,-0.3133252,-3.4333253,-0.5533252,-0.8533252,2.1866748,0.6966748,-1.3033252,0.87667483,0.4666748,0.4366748,0.6666748,4.6666746,1.8066748,1.0266747
-6.523325,-5.323325,-3.2333252,-4.213325,-2.8233252,-0.7433252,-0.103325196,-2.6733253,-0.103325196,-0.3533252,0.9966748,0.5966748,2.4766748,-0.1533252,-1.4733253,0.8866748,2.0366747,2.7466748,4.056675,4.0866747,3.846675,1.3366748,2.4766748,2.2666748,3.0566747,2.2566748,2.106675,0.6166748,1.9066749,0.7266748,2.7666748,3.616675,4.636675,0.6366748,2.2666748,4.726675,-1.1633252,-0.6433252,-0.2033252,0.9166748,2.2266748,1.2166748,-0.1433252
-4.213325,-3.2333252,-0.9733252,0.3566748,1.1766748,1.9166749,3.0366747,0.3366748,0.9666748,1.3266748,2.7166748,1.7766747,-1.5033252,-0.3833252,2.4666748,3.7866747,4.386675,4.536675,5.696675,4.136675,3.9266748,4.3366747,4.3166747,5.3966746,1.9866748,2.6566749,4.0466747,4.486675,0.6166748,4.846675,4.486675,6.346675,8.456675,-2.2533252,-2.5333252,1.9366748,3.846675,1.9866748,0.9266748,3.0066748,1.7466748,-0.4433252,-2.3033252
-1.1733252,0.0866748,0.87667483,1.1566749,3.6866748,5.576675,5.696675,5.1866746,4.5466747,4.696675,4.006675,4.446675,4.5666747,3.606675,3.0666747,4.946675,5.0866747,6.076675,5.8966746,4.056675,2.6666749,1.5266747,-0.9033252,1.4866748,3.5566747,3.876675,3.3166747,4.716675,5.556675,5.8566747,4.676675,3.6966748,-0.3133252,-2.0133252,-2.403325,2.1866748,0.066674806,-1.4833252,1.8466748,2.1766748,5.6866746,-2.2933252,-2.5033252
1.0366749,1.6666749,-2.7333252,2.9266748,4.426675,4.766675,6.4566746,6.6666746,6.906675,8.616674,6.7066746,3.5666747,4.136675,1.2966748,2.1866748,2.0666747,3.2866747,3.626675,2.5066748,2.9466748,3.5266747,1.2666748,2.4466748,2.9166749,3.2966747,4.006675,4.176675,2.2866747,6.076675,0.8866748,1.1266748,-0.5033252,-0.1433252,-0.13332519,-3.0333252,-1.7233253,-1.4633251,-1.3433251,-0.9633252,3.1566749,0.2366748,1.3166748,1.3866748
1.2666748,0.036674805,1.8966748,2.2166748,3.596675,0.87667483,-2.9233253,1.0566748,0.8866748,0.056674805,1.4566748,1.8066748,1.7166748,-1.6333252,0.2866748,2.6966748,0.9666748,2.2966747,1.2666748,1.3366748,1.7166748,1.0566748,2.136675,3.5066748,1.1466748,0.8366748,1.0266747,2.6466749,3.8966749,-2.1633253,-0.6133252,-2.2933252,-5.673325,-4.1833253,-5.1233253,-1.7533252,-2.4733253,2.5466747,3.9466748,3.846675,2.2266748,3.4366748,-1.2033252
1.4466748,-0.24332519,3.376675,2.2966747,2.3366747,0.6966748,-1.6333252,-0.3533252,1.9566748,-0.26332518,0.48667482,0.3066748,1.1666749,0.5566748,3.1966748,2.5066748,2.0066748,3.2966747,1.4866748,1.5066748,2.7166748,2.8966749,3.346675,3.0066748,2.7866747,3.346675,0.8166748,3.1866748,-3.133325,-3.2333252,-3.0833251,-5.733325,-6.303325,-3.9133253,-2.9133253,-2.8533251,-0.16332519,0.93667483,0.9066748,-2.2733252,-0.2533252,0.9066748,-0.6633252
0.1166748,3.366675,-2.4633253,3.0666747,0.066674806,0.14667481,1.1466748,1.8266748,2.3066747,-1.1633252,-0.6333252,2.116675,1.8666748,2.626675,3.5166748,3.4766748,3.6966748,0.2066748,2.886675,2.3166747,2.606675,5.616675,2.4866748,0.29667482,2.0666747,-0.7433252,2.2466748,1.7066748,-6.653325,-5.463325,-5.613325,-5.573325,-7.213325,-6.6433253,-4.633325,-3.6933253,0.9166748,1.9466748,-1.5533252,0.056674805,-2.143325,0.4666748,0.5766748
2.8366747,3.106675,1.7766747,3.616675,2.1866748,3.356675,2.4066749,0.93667483,-2.3433251,-0.9333252,0.8266748,2.7466748,2.3166747,3.4666748,3.0166748,4.496675,3.4466748,2.7866747,0.7866748,1.8866748,3.4466748,-3.363325,-1.5833251,1.8066748,2.2566748,-0.7633252,1.4066749,2.7966747,-4.763325,-5.3333254,-4.733325,-6.153325,-6.4133253,-6.523325,-4.4333253,-2.7433252,-2.8233252,-2.9133253,-1.5733252,-0.8533252,-1.0633252,0.7166748,-1.4533252
2.846675,1.8266748,1.9166749,2.9766748,1.8766748,2.6966748,2.4966748,1.0266747,0.9466748,-0.2933252,1.3566748,1.4666748,0.6566748,2.9366748,2.366675,3.2366748,4.806675,2.4266748,3.106675,3.0366747,0.5666748,2.2266748,0.5566748,2.1666749,3.4866748,2.606675,2.8066747,2.0166748,-3.8433251,-4.6833253,-5.003325,-6.303325,-4.733325,-3.1833253,-2.383325,-3.2933252,-2.6633253,-3.0433252,-3.613325,-2.2933252,-1.0333252,-0.7033252,-0.4333252
2.9066749,3.2166748,1.8766748,2.9566748,3.3366747,2.1666749,1.4666748,1.2266748,-0.42332518,1.0866748,2.3066747,0.93667483,0.5966748,1.7266748,1.9866748,2.0366747,0.2766748,-1.3233252,4.1066747,0.3966748,-0.56332517,-0.16332519,1.2966748,1.1966748,2.606675,-2.3033252,-1.3033252,-2.7733252,-5.193325,-4.513325,-5.483325,-3.5333252,-3.0033252,-1.9033252,-2.5333252,-2.8233252,-2.7233253,-3.3133252,-2.9533253,-2.0933251,-3.2733252,-2.3033252,-1.2933252
3.0066748,1.1266748,2.7666748,3.4066749,3.4566748,2.5266747,1.8766748,1.5066748,0.9166748,1.4866748,1.3966748,2.0766747,-0.103325196,0.9666748,2.106675,1.9366748,1.0966748,-1.8233252,3.2166748,1.9666748,1.6066748,0.6466748,2.8366747,-0.4933252,1.6166748,-2.0333252,-3.613325,-5.803325,-4.573325,-3.633325,-3.1733253,-2.5133252,-0.9833252,1.1166748,-3.0533252,-3.123325,-2.4233253,-2.393325,-2.4733253,-2.7033253,-2.5233252,-0.8233252,-0.7533252
2.9766748,1.8766748,1.2366748,2.7366748,3.136675,2.0066748,1.9766748,1.4266748,-0.5233252,0.3666748,1.4766748,1.0066748,-0.2233252,-0.2933252,1.2866749,1.7366748,1.7666748,2.2266748,-1.2533252,-2.4433253,0.7066748,-0.9233252,1.5366749,3.366675,-0.7233252,-3.4433253,-4.0833254,-4.493325,-3.373325,-3.6833253,-3.2433252,-1.6133252,-3.9133253,-3.7633252,-3.8133252,-3.393325,-3.1933253,-2.9833252,-2.613325,-2.9333253,-2.5633252,-3.153325,-1.5933251
