wind_kz.json
{"header": {"discipline":0,"disciplineName":"Meteorological products","gribEdition":2,"gribLength":871,"center":7,"centerName":"US National Weather Service - NCEP(WMC)","subcenter":0,"refTime":"2023-08-28T18:00:00.000Z","significanceOfRT":1,"significanceOfRTName":"Start of forecast","productStatus":0,"productStatusName":"Operational products","productType":1,"productTypeName":"Forecast products","productDefinitionTemplate":0,"productDefinitionTemplateName":"Analysis/forecast at horizontal level/layer at a point in time","parameterCategory":0,"parameterCategoryName":"UnknownDiscipline_0_Category_0","parameterNumber":0,"parameterNumberName":"UnknownParameter_D0_C0_0","parameterUnit":"Unknown","genProcessType":2,"genProcessTypeName":"Forecast","forecastTime":120,"surface1Type":1,"surface1TypeName":"Ground or water surface","surface1Value":0.0,"surface2Type":255,"surface2TypeName":"Missing","surface2Value":0.0,"gridDefinitionTemplate":0,"gridDefinitionTemplateName":"Latitude_Longitude","numberPoints":615,"shape":6,"shapeName":"Earth spherical with radius of 6,371,229.0 m","gridUnits":"degrees","resolution":48,"winds":"true","scanMode":64,"nx":41,"ny":15,"basicAngle":0,"lo1":47.0,"la1":41.0,"lo2":87.0,"la2":55.0,"dx":1.0,"dy":1.0}, "data":
[rows 0 to 14 of 15, columns 0 to 40 of 41]
299.25592,288.25592,292.25592,298.6559,298.5559,297.25592,298.8559,300.8559,299.4559,299.9559,298.5559,300.5559,299.9559,300.25592,298.25592,296.5559,293.8559,294.6559,294.0559,294.0559,295.75592,291.0559,289.6559,286.5559,289.5559,291.1559,288.3559,276.75592,277.75592,277.25592,277.5559,277.8559,290.5559,296.75592,298.75592,296.9559,299.1559,299.3559,300.25592,299.4559,299.3559
277.6559,291.25592,298.5559,298.8559,298.6559,296.9559,298.4559,297.1559,296.6559,296.3559,297.25592,296.75592,294.75592,293.9559,296.3559,297.0559,296.3559,292.75592,289.9559,289.1559,288.75592,291.4559,291.1559,282.3559,274.8559,275.1559,283.6559,277.8559,277.75592,274.4559,282.1559,274.25592,282.5559,261.1559,279.6559,296.9559,295.75592,298.9559,300.3559,294.1559,284.4559
293.1559,298.3559,298.8559,298.8559,296.9559,297.0559,296.25592,295.9559,295.1559,294.75592,294.75592,295.4559,291.9559,292.5559,292.75592,290.3559,291.1559,291.25592,290.5559,289.0559,288.9559,289.75592,289.3559,285.5559,287.25592,288.5559,289.9559,288.6559,286.25592,279.8559,273.9559,278.25592,281.6559,282.8559,286.6559,286.0559,278.1559,281.0559,283.3559,280.8559,280.3559
292.1559,298.3559,298.9559,297.9559,296.0559,295.9559,296.4559,295.3559,295.4559,294.4559,294.3559,293.1559,294.75592,293.9559,292.75592,291.3559,292.9559,293.4559,292.25592,290.9559,291.0559,287.0559,293.25592,293.1559,292.75592,293.4559,293.3559,289.75592,290.6559,291.75592,292.9559,290.5559,295.5559,292.0559,291.0559,287.0559,280.75592,280.0559,285.8559,292.25592,296.1559
294.9559,296.9559,298.0559,297.25592,296.1559,295.5559,296.0559,296.0559,295.25592,294.75592,293.8559,292.5559,294.5559,293.1559,290.8559,293.4559,293.4559,291.75592,289.25592,292.4559,292.6559,292.6559,290.0559,290.75592,289.75592,290.1559,291.25592,291.8559,291.6559,291.1559,295.25592,291.0559,280.25592,274.3559,283.9559,294.4559,295.25592,298.8559,298.9559,299.75592,297.9559
294.6559,291.75592,295.4559,295.3559,296.25592,295.8559,295.25592,296.8559,294.6559,294.0559,294.6559,294.75592,294.1559,294.3559,292.8559,290.3559,292.25592,290.4559,290.1559,289.5559,287.6559,288.0559,288.4559,288.5559,287.5559,287.8559,288.8559,292.6559,292.8559,293.5559,290.6559,292.9559,292.5559,290.1559,287.9559,291.1559,285.3559,289.5559,297.3559,298.0559,296.1559
296.1559,293.8559,297.75592,298.0559,296.3559,294.0559,296.1559,294.6559,295.8559,296.4559,296.3559,294.9559,290.9559,292.75592,289.6559,291.25592,289.9559,289.5559,288.0559,286.9559,285.5559,285.1559,284.9559,285.8559,284.8559,286.0559,287.0559,289.75592,291.5559,291.4559,290.0559,288.8559,290.3559,292.75592,290.3559,289.75592,285.8559,284.25592,283.1559,282.25592,293.0559
297.0559,295.8559,295.4559,295.3559,296.75592,294.5559,295.75592,293.9559,293.3559,294.5559,292.8559,292.25592,288.9559,289.9559,289.6559,289.9559,288.6559,288.25592,287.75592,283.6559,283.6559,285.5559,286.1559,283.25592,282.9559,282.6559,283.9559,286.4559,284.8559,289.1559,287.8559,288.5559,288.3559,285.4559,286.5559,289.1559,289.9559,289.25592,287.8559,289.4559,286.8559
293.5559,295.1559,293.9559,292.4559,293.9559,292.9559,292.0559,295.1559,294.0559,289.5559,288.75592,287.1559,286.75592,287.8559,288.6559,289.75592,289.6559,288.9559,285.1559,283.4559,283.3559,282.6559,284.5559,283.4559,283.0559,283.75592,281.9559,282.4559,283.25592,282.4559,283.75592,284.25592,285.1559,287.1559,287.8559,288.3559,288.3559,288.3559,278.1559,276.3559,274.4559
294.75592,294.9559,294.6559,290.6559,290.5559,291.3559,290.25592,292.9559,290.75592,286.75592,285.75592,285.3559,285.6559,288.25592,286.0559,285.25592,285.5559,286.4559,283.0559,283.4559,282.8559,284.75592,285.4559,286.25592,285.3559,284.9559,283.8559,284.1559,283.4559,283.75592,283.25592,285.0559,287.25592,288.1559,287.6559,287.75592,286.4559,283.3559,280.75592,280.3559,278.6559
293.0559,292.75592,291.6559,291.0559,289.4559,289.4559,292.5559,287.4559,286.6559,288.4559,284.6559,282.5559,284.25592,283.0559,283.3559,284.25592,283.75592,284.8559,282.4559,282.25592,282.6559,282.9559,282.8559,284.9559,284.8559,285.1559,284.1559,285.0559,286.4559,287.6559,288.3559,288.5559,286.8559,287.8559,285.75592,287.25592,283.6559,281.3559,280.8559,282.1559,279.4559
290.3559,290.9559,290.0559,289.4559,288.4559,291.1559,285.6559,285.6559,285.5559,287.5559,280.9559,281.4559,283.9559,284.25592,285.25592,282.9559,283.25592,284.6559,282.4559,282.5559,282.9559,281.75592,282.75592,283.9559,283.25592,283.5559,283.75592,285.6559,287.5559,286.8559,285.9559,286.6559,288.5559,285.5559,287.1559,287.8559,285.4559,285.9559,284.5559,283.8559,283.9559
288.0559,292.4559,288.75592,288.3559,291.1559,289.6559,285.0559,284.8559,283.5559,281.25592,279.75592,277.8559,280.75592,282.5559,284.9559,283.0559,283.0559,282.5559,284.5559,284.0559,282.0559,282.3559,282.0559,280.8559,284.25592,283.75592,285.4559,284.4559,285.8559,286.4559,287.8559,288.4559,287.8559,286.8559,289.25592,287.4559,286.75592,286.9559,286.75592,284.4559,284.3559
288.0559,288.5559,289.3559,288.4559,287.3559,285.6559,283.8559,283.6559,281.75592,281.4559,279.5559,277.75592,278.5559,280.5559,282.6559,283.25592,282.75592,282.75592,282.75592,283.25592,284.1559,282.75592,284.25592,284.25592,284.4559,284.6559,282.75592,283.25592,283.6559,283.5559,284.0559,283.4559,283.8559,284.5559,284.6559,283.8559,284.75592,284.0559,283.75592,282.6559,283.3559
292.9559,290.4559,290.0559,286.8559,286.5559,283.8559,283.75592,282.5559,282.25592,280.9559,281.5559,278.8559,278.75592,279.9559,281.6559,282.4559,282.4559,283.1559,283.3559,283.25592,283.5559,283.9559,283.1559,283.6559,283.8559,285.25592,285.4559,285.4559,285.4559,283.5559,285.8559,284.4559,285.4559,285.0559,284.4559,284.3559,283.8559,283.75592,283.1559,283.75592,283.8559
