wind_kz.json
{"header": {"discipline":0,"disciplineName":"Meteorological products","gribEdition":2,"gribLength":871,"center":7,"centerName":"US National Weather Service - NCEP(WMC)","subcenter":0,"refTime":"2023-09-08T00:00:00.000Z","significanceOfRT":1,"significanceOfRTName":"Start of forecast","productStatus":0,"productStatusName":"Operational products","productType":1,"productTypeName":"Forecast products","productDefinitionTemplate":0,"productDefinitionTemplateName":"Analysis/forecast at horizontal level/layer at a point in time","parameterCategory":0,"parameterCategoryName":"UnknownDiscipline_0_Category_0","parameterNumber":0,"parameterNumberName":"UnknownParameter_D0_C0_0","parameterUnit":"Unknown","genProcessType":2,"genProcessTypeName":"Forecast","forecastTime":120,"surface1Type":1,"surface1TypeName":"Ground or water surface","surface1Value":0.0,"surface2Type":255,"surface2TypeName":"Missing","surface2Value":0.0,"gridDefinitionTemplate":0,"gridDefinitionTemplateName":"Latitude_Longitude","numberPoints":615,"shape":6,"shapeName":"Earth spherical with radius of 6,371,229.0 m","gridUnits":"degrees","resolution":48,"winds":"true","scanMode":64,"nx":41,"ny":15,"basicAngle":0,"lo1":47.0,"la1":41.0,"lo2":87.0,"la2":55.0,"dx":1.0,"dy":1.0}, "data":
[rows 0 to 14 of 15, columns 0 to 40 of 41]
289.60394,282.60394,284.80392,297.90393,297.80392,296.50394,293.40393,294.40393,292.60394,292.40393,291.50394,292.80392,291.80392,291.40393,291.20392,289.10394,290.10394,289.60394,288.90393,289.40393,290.80392,287.50394,286.40393,286.40393,289.50394,289.70392,288.40393,276.30392,274.50394,275.10394,276.20392,278.50394,287.80392,292.30392,292.00394,292.60394,291.80392,292.00394,292.50394,294.00394,294.50394
268.40393,282.80392,297.30392,297.50394,297.30392,295.70392,291.40393,291.20392,292.00394,291.20392,292.10394,291.00394,290.30392,288.60394,287.80392,288.20392,286.70392,287.50394,286.40393,286.50394,287.60394,287.60394,286.70392,283.80392,274.60394,274.40393,282.70392,275.50394,275.20392,272.00394,279.40393,271.30392,280.30392,258.80392,276.40393,290.80392,289.50394,292.70392,294.20392,287.20392,284.10394
285.40393,297.00394,298.00394,297.50394,295.20392,289.20392,288.30392,288.80392,290.20392,290.70392,291.50394,292.20392,291.60394,292.20392,290.00394,287.00394,285.70392,284.10394,284.50394,285.90393,289.30392,285.20392,289.00394,282.90393,284.70392,284.50394,284.80392,284.30392,282.90393,278.20392,274.20392,275.40393,278.40393,278.30392,280.70392,280.60394,274.80392,276.00394,277.90393,275.50394,274.80392
285.20392,296.50394,297.40393,296.40393,292.80392,288.70392,289.60394,288.60394,287.70392,288.40393,291.80392,291.30392,293.70392,293.00394,291.70392,289.20392,289.20392,284.90393,285.10394,285.20392,285.30392,282.00394,286.40393,286.70392,287.30392,287.80392,288.00394,286.90393,284.70392,284.80392,287.10394,286.80392,288.70392,288.10394,287.00394,284.30392,275.00394,276.10394,279.80392,288.10394,291.50394
288.60394,294.60394,295.60394,294.50394,291.90393,287.40393,288.60394,288.90393,288.40393,291.70392,291.50394,290.10394,292.90393,291.70392,289.80392,288.50394,288.30392,286.60394,284.00394,286.70392,286.90393,286.70392,285.00394,285.40393,285.40393,285.50394,284.80392,288.10394,285.10394,285.40393,288.50394,284.70392,278.20392,272.90393,280.30392,288.20392,290.80392,291.60394,293.30392,293.70392,293.70392
288.20392,286.40393,293.60394,293.30392,293.60394,293.20392,288.50394,288.80392,287.10394,289.10394,287.80392,286.70392,291.50394,292.90393,291.10394,288.10394,289.70392,287.40393,287.80392,287.40393,284.90393,284.50394,284.80392,284.10394,283.50394,281.20392,284.30392,291.40393,287.30392,288.10394,286.60394,288.90393,287.40393,285.80392,284.80392,287.80392,278.80392,281.20392,289.30392,291.90393,289.70392
285.90393,285.50394,287.70392,288.10394,289.60394,287.20392,289.30392,287.90393,288.40393,288.00394,286.30392,286.10394,285.70392,285.50394,286.70392,289.40393,290.30392,290.60394,287.90393,286.50394,285.20392,284.10394,283.90393,284.60394,283.30392,283.20392,282.30392,283.10394,282.90393,283.60394,284.50394,286.10394,287.40393,287.60394,285.50394,284.00394,279.80392,277.60394,276.10394,276.10394,286.10394
287.30392,287.60394,289.60394,286.20392,290.90393,289.60394,288.80392,287.70392,287.00394,287.30392,287.60394,287.10394,287.50394,287.40393,287.90393,286.50394,287.90393,289.30392,288.90393,286.50394,285.40393,283.70392,283.00394,282.40393,281.60394,279.40393,280.00394,280.10394,279.70392,281.50394,281.70392,283.00394,281.80392,281.60394,282.90393,282.60394,284.50394,289.30392,284.70392,285.30392,280.60394
288.60394,285.80392,287.00394,284.40393,289.00394,288.50394,283.90393,287.40393,286.90393,285.90393,286.00394,286.20392,285.40393,285.90393,283.30392,284.50394,284.70392,285.20392,287.20392,286.40393,284.10394,284.10394,285.10394,284.50394,281.90393,281.20392,278.80392,281.00394,281.00394,277.40393,278.40393,280.30392,282.00394,282.80392,282.60394,281.10394,279.30392,281.20392,270.50394,271.60394,271.40393
286.90393,286.70392,285.20392,287.50394,286.50394,287.30392,286.10394,284.80392,283.60394,283.20392,283.20392,281.80392,281.00394,282.00394,282.70392,285.00394,283.60394,283.40393,285.60394,285.40393,283.90393,283.70392,281.80392,281.70392,282.20392,282.10394,282.20392,282.10394,280.10394,280.70392,281.30392,283.60394,284.70392,284.70392,284.30392,281.80392,281.40393,276.20392,277.30392,276.00394,272.10394
284.90393,283.20392,282.80392,283.20392,282.90393,283.80392,285.10394,286.00394,284.90393,284.30392,284.30392,283.30392,284.60394,281.60394,283.30392,280.60394,281.00394,282.60394,282.10394,281.10394,280.90393,280.50394,280.30392,280.40393,280.90393,280.90393,279.60394,282.20392,282.70392,285.40393,286.30392,287.20392,287.50394,287.30392,285.90393,285.30392,280.70392,278.80392,276.10394,276.20392,274.70392
282.00394,283.80392,282.70392,282.10394,281.80392,281.70392,280.40393,280.80392,280.80392,279.80392,278.20392,281.60394,282.90393,279.70392,280.50394,280.30392,280.50394,281.20392,282.90393,283.00394,282.40393,282.30392,282.30392,282.60394,282.20392,282.80392,282.80392,283.80392,284.30392,284.50394,284.40393,284.50394,284.20392,284.80392,283.90393,287.00394,288.00394,286.40393,283.60394,284.60394,281.40393
281.10394,282.60394,285.80392,282.50394,283.90393,281.80392,282.80392,279.90393,279.20392,278.20392,277.90393,278.80392,280.40393,280.70392,282.00394,282.60394,283.20392,283.50394,284.00394,283.40393,283.30392,282.80392,282.70392,282.50394,283.00394,283.80392,284.80392,284.40393,284.50394,284.30392,284.60394,284.20392,284.40393,284.30392,284.60394,284.10394,285.50394,287.80392,284.00394,284.00394,283.60394
280.80392,285.60394,285.70392,282.40393,280.60394,279.80392,280.00394,281.70392,282.40393,282.10394,280.30392,279.30392,280.30392,281.60394,281.60394,282.00394,281.50394,281.20392,281.40393,280.90393,281.00394,282.40393,283.10394,283.10394,283.50394,284.60394,284.90393,285.30392,284.20392,284.10394,285.20392,285.20392,284.20392,283.60394,283.60394,283.00394,283.30392,284.00394,285.90393,283.00394,283.50394
283.90393,285.90393,288.80392,284.60394,284.30392,283.10394,282.90393,282.70392,281.20392,281.40393,282.70392,278.80392,280.50394,278.80392,279.00394,279.30392,279.00394,279.10394,279.30392,279.40393,281.60394,282.20392,282.50394,282.40393,282.80392,283.70392,282.90393,281.50394,283.20392,284.10394,284.00394,283.90393,283.50394,283.10394,283.30392,283.20392,283.80392,284.70392,284.30392,281.30392,281.90393
