wind_kz.json
{"header": {"discipline":0,"disciplineName":"Meteorological products","gribEdition":2,"gribLength":1025,"center":7,"centerName":"US National Weather Service - NCEP(WMC)","subcenter":0,"refTime":"2023-09-30T18:00:00.000Z","significanceOfRT":1,"significanceOfRTName":"Start of forecast","productStatus":0,"productStatusName":"Operational products","productType":1,"productTypeName":"Forecast products","productDefinitionTemplate":0,"productDefinitionTemplateName":"Analysis/forecast at horizontal level/layer at a point in time","parameterCategory":2,"parameterCategoryName":"UnknownDiscipline_0_Category_2","parameterNumber":3,"parameterNumberName":"UnknownParameter_D0_C2_3","parameterUnit":"Unknown","genProcessType":2,"genProcessTypeName":"Forecast","forecastTime":120,"surface1Type":103,"surface1TypeName":"Specified height level above ground","surface1Value":10.0,"surface2Type":255,"surface2TypeName":"Missing","surface2Value":0.0,"gridDefinitionTemplate":0,"gridDefinitionTemplateName":"Latitude_Longitude","numberPoints":615,"shape":6,"shapeName":"Earth spherical with radius of 6,371,229.0 m","gridUnits":"degrees","resolution":48,"winds":"true","scanMode":64,"nx":41,"ny":15,"basicAngle":0,"lo1":47.0,"la1":41.0,"lo2":87.0,"la2":55.0,"dx":1.0,"dy":1.0}, "data":
[rows 0 to 14 of 15, columns 0 to 40 of 41]
0.21497864,-1.6850214,1.7949786,3.9749787,0.22497864,-2.9450214,-4.405021,-6.3550215,-0.12502137,-1.3650213,-3.3950214,-4.0350213,-4.215021,-3.0450213,-3.6350214,-6.2350216,-5.3150215,-1.5050213,-0.93502134,-2.1950214,-3.4550214,-4.3550215,-3.5550213,-0.46502137,-1.9750214,-0.81502134,-1.1750214,0.88497865,1.6249787,3.6549788,1.4149786,1.2649786,0.83497864,-1.3650213,-0.40502137,-0.8850214,-0.29502136,2.5149786,0.074978635,2.8449786,1.9549786
0.99497867,2.1549788,5.8149786,3.9949787,-0.7750214,-3.3950214,-4.4950213,-0.9550214,2.7649786,2.2549787,-0.29502136,-3.2950213,-3.5850213,-3.0850213,-3.0850213,-4.715021,-5.7850213,-7.675021,-5.2550216,-2.2950213,-2.9050214,-2.6950214,-2.4150214,0.9149786,0.89497864,1.1849786,-1.6350213,2.7949786,-0.12502137,2.4049788,2.8649786,4.4049788,1.6249787,-0.25502136,-2.9050214,-0.8350214,-0.50502133,-0.56502134,-0.31502137,-1.7550213,0.49497864
0.84497863,5.4849787,4.884979,2.9849787,-0.72502136,-2.6150215,-3.1450214,-1.5350213,-1.1450213,4.384979,2.6149786,-0.5150214,-2.7650213,-3.3450212,-3.6850214,-3.5950212,-4.5850215,-2.9750214,-3.6350214,-2.6850214,-3.6250215,-2.4450214,-1.4950213,0.26497865,-0.92502135,2.6449785,1.4249786,-0.20502137,-0.50502133,1.5749786,3.5649786,1.3649787,1.3549787,-0.37502137,-1.1850214,2.8949785,3.7849786,-0.39502135,-0.40502137,1.2249787,1.4349786
2.3749785,5.2449784,4.9149785,3.7949786,-0.73502135,-0.8850214,-3.8650215,-1.6250213,-3.2750213,4.3949785,3.5349786,1.8849787,-1.0450214,-3.3150213,-2.7750213,-0.47502136,-0.7150214,3.8849785,0.40497863,-2.4150214,-3.1350214,0.50497866,0.29497865,-0.44502136,1.2349787,0.16497864,-1.3250214,-0.86502135,2.4149787,2.4449787,-0.7150214,-1.1150213,-1.9450214,-0.39502135,-0.35502136,-3.2350214,-0.90502137,2.9049788,2.3049786,0.48497865,1.5649786
-1.3050214,4.6049786,4.5649786,3.4649787,1.5549786,-0.33502138,-1.5250213,-1.0750214,-2.0750213,5.6849785,5.0849786,3.6349785,0.5449786,-3.2450213,-4.1650214,-3.1350214,-1.4250214,-1.0250213,-2.8050213,-3.1950214,-3.2650213,-1.5250213,1.2849786,0.42497864,-0.48502135,-0.66502136,-0.65502137,-1.1550213,-1.8250214,-2.9650214,-2.4450214,-0.27502137,2.3849785,2.5249786,-0.62502134,-1.0550214,0.7849786,-2.4950213,-1.0450214,-1.5950214,-2.8450212
0.75497866,0.50497866,2.3149786,2.5149786,3.4749787,1.4549786,-0.23502137,-1.1550213,0.40497863,1.7049786,3.6849787,3.6849787,1.8149786,-1.4250214,-4.1450214,-3.4550214,-4.8350215,-1.8150214,-3.6850214,-5.0050216,-2.8950214,-2.1550214,-1.9850214,1.3449787,1.0749786,-0.6350214,-1.6350213,-1.5850214,-1.2450213,-1.6150213,-1.9650214,-2.3250213,-1.3650213,-1.8150214,2.3549786,4.1449785,3.5449786,4.0049787,0.17497864,-2.2650213,-1.3250214
-1.8050214,1.1349787,1.9149786,2.7249787,3.1449785,2.2549787,1.8249786,1.2249787,-0.35502136,2.9649787,2.3949785,2.6949787,1.9249786,0.024978638,-2.4250214,-2.3650215,-1.4150214,-3.4650214,-6.7750216,-3.9650214,-1.1250213,-0.015021362,-0.34502137,1.0449786,1.7949786,0.8649786,-0.30502138,-1.2950214,-0.9450214,-0.85502136,-1.7050214,-3.1550214,-3.8950214,0.57497865,-1.2650213,-1.8250214,-2.9150214,-0.38502136,1.4549786,0.11497864,2.1549788
-0.80502135,-0.75502133,-1.2350214,2.6749787,2.2249787,1.4949787,2.8749785,3.5949786,2.2549787,2.2749786,4.2449784,3.9249787,2.4249787,0.7949786,-1.4550214,-2.0050213,-3.3850214,-2.1350214,-1.9250214,-3.3750215,-0.44502136,1.4249786,1.2949786,1.3749787,2.4949787,1.6149787,2.2749786,0.13497864,-0.5250214,-1.3150214,-1.8950213,-1.7750213,-3.0350213,-3.1650214,0.21497864,0.52497864,-1.4650214,0.81497866,-0.9550214,0.22497864,-1.2650213
-0.7150214,0.20497864,0.014978638,0.6649786,1.1149787,2.0749786,1.4349786,4.1549788,2.6349785,3.2349787,4.1549788,3.3949785,1.9749787,2.0949786,0.22497864,0.81497866,1.9049786,-1.7950214,-2.7650213,-2.5250213,2.1849787,1.1749786,2.0749786,0.93497866,2.4049788,2.9949787,1.5949787,2.1449785,1.6249787,0.7349786,0.22497864,0.18497863,-0.34502137,1.1149787,2.0149786,1.3749787,-2.0850213,0.34497863,1.0749786,0.84497863,-0.7150214
-0.60502136,-1.1250213,0.35497865,1.1749786,1.8749787,3.9549787,3.3449786,4.074979,3.1949787,2.6149786,2.5049787,4.4349785,2.5649786,1.2149787,2.3649786,1.2149787,-0.62502134,-1.9050213,-2.6250215,-0.44502136,0.30497864,0.90497863,0.68497866,0.22497864,1.3649787,1.5249786,1.6849786,1.7249787,1.2549787,1.1449786,2.3349786,1.7549787,1.4149786,0.50497866,0.30497864,0.30497864,0.22497864,-1.6250213,-0.105021365,1.8949786,2.6049786
-1.2750213,-0.8350214,-1.1350213,-0.44502136,1.1749786,2.7849786,3.2749786,4.2549787,4.594979,3.3049786,3.1049786,3.3249786,0.36497864,3.2249787,1.9649787,2.1049786,2.2749786,-0.045021363,-0.59502137,-0.29502136,0.074978635,0.5349786,0.14497864,0.45497864,-0.24502136,1.7249787,0.93497866,1.2049786,0.99497867,1.6149787,1.5549786,1.9049786,1.0149786,0.28497863,-0.40502137,-0.13502136,-0.065021366,1.5049787,0.03497864,0.21497864,-0.03502136
-1.1450213,-2.2050214,-0.47502136,-0.66502136,0.58497864,2.8549786,4.2049785,2.6149786,4.2449784,3.7649786,2.7049787,2.8349786,2.6449785,2.2349787,2.1149786,3.1449785,3.1249785,2.7549787,1.7549787,1.8649787,2.0149786,1.1849786,0.83497864,0.88497865,1.0849786,0.11497864,1.5749786,1.8549787,2.6849787,1.8449787,1.9849787,2.2349787,1.6149787,1.2649786,0.6149786,-0.5150214,0.03497864,1.1149787,1.0549786,1.0149786,0.30497864
-0.81502134,-1.7850213,-4.0850215,-3.1350214,0.90497863,1.8649787,3.1849787,4.5149784,3.3349786,5.094979,3.0949786,2.3649786,3.5249786,3.0249786,3.1049786,2.7549787,2.9849787,3.3449786,3.2349787,3.1649787,3.1449785,3.1649787,2.6349785,2.3349786,2.3249786,2.5049787,2.7949786,2.0349786,1.5349786,2.0449786,2.5749786,2.8149786,2.4649787,1.8649787,1.9149786,1.6549786,0.9249786,0.28497863,0.34497863,-0.16502136,-0.19502136
0.42497864,0.51497865,0.23497863,-1.0250213,-3.8250213,0.47497863,2.4249787,3.2249787,3.5949786,4.9449787,1.8449787,2.0349786,2.2049787,3.1149786,3.8549786,4.114979,3.3949785,3.3849785,3.3349786,3.2949786,3.2549787,3.2849786,3.3449786,3.0449786,2.9749787,3.3149786,2.7749786,3.1049786,2.3449786,2.2649786,2.5149786,2.5949786,2.8549786,2.6749787,2.0049787,2.0149786,1.5449786,1.0849786,0.7849786,1.1249787,0.9249786
0.6749786,0.89497864,0.0049786377,1.0249786,0.38497865,0.044978637,-1.3450214,1.8549787,3.0249786,3.6349785,4.3749785,1.3549787,2.5449786,1.9249786,3.6649787,4.6649785,4.5649786,3.8649786,3.7749786,3.4049788,3.5449786,3.6249785,3.0849786,3.1649787,3.3849785,3.4149787,3.5049787,3.3949785,3.0849786,2.8949785,2.8449786,3.7749786,3.0049787,2.7149787,2.7749786,2.7049787,2.5949786,2.8549786,1.9449786,2.3049786,0.95497864
