wind_kz.json
{"header": {"discipline":0,"disciplineName":"Meteorological products","gribEdition":2,"gribLength":1025,"center":7,"centerName":"US National Weather Service - NCEP(WMC)","subcenter":0,"refTime":"2023-08-24T06:00:00.000Z","significanceOfRT":1,"significanceOfRTName":"Start of forecast","productStatus":0,"productStatusName":"Operational products","productType":1,"productTypeName":"Forecast products","productDefinitionTemplate":0,"productDefinitionTemplateName":"Analysis/forecast at horizontal level/layer at a point in time","parameterCategory":2,"parameterCategoryName":"UnknownDiscipline_0_Category_2","parameterNumber":2,"parameterNumberName":"UnknownParameter_D0_C2_2","parameterUnit":"Unknown","genProcessType":2,"genProcessTypeName":"Forecast","forecastTime":0,"surface1Type":103,"surface1TypeName":"Specified height level above ground","surface1Value":10.0,"surface2Type":255,"surface2TypeName":"Missing","surface2Value":0.0,"gridDefinitionTemplate":0,"gridDefinitionTemplateName":"Latitude_Longitude","numberPoints":615,"shape":6,"shapeName":"Earth spherical with radius of 6,371,229.0 m","gridUnits":"degrees","resolution":48,"winds":"true","scanMode":64,"nx":41,"ny":15,"basicAngle":0,"lo1":47.0,"la1":41.0,"lo2":87.0,"la2":55.0,"dx":1.0,"dy":1.0}, "data":
[rows 0 to 14 of 15, columns 0 to 40 of 41]
-0.17660645,1.6833936,-0.34660643,0.36339355,-0.20660645,-2.2966065,-0.6166065,-0.6766064,-1.5866065,-0.5466064,-1.1266065,-1.7066064,-1.8166064,-0.81660646,0.6333935,2.2033935,1.7533935,4.6933937,2.4933937,1.8933935,2.0033937,0.17339355,1.5333935,4.2533937,-1.1466064,2.1133935,4.0233936,3.7233934,1.0833936,1.2133936,2.4933937,-1.0166065,-1.6166065,0.37339357,1.6833936,0.71339357,-0.20660645,-0.74660647,1.1433935,1.2033936,3.5833936
0.6333935,-1.5366064,1.1433935,-1.1166065,-2.1366065,-1.6666064,-0.15660645,-0.31660643,0.56339353,0.8833935,0.41339356,-1.2066064,-1.2066064,-0.69660646,-0.56660646,0.75339353,2.7433937,5.2033935,6.9333935,5.3733935,4.0533934,2.2633936,2.8233936,4.8733935,0.67339355,-0.22660644,1.6433935,1.9133935,3.8033936,0.91339356,0.43339357,-0.076606445,-1.8166064,0.72339356,0.54339355,0.54339355,0.29339355,1.1933936,1.5433936,-1.8266064,-0.31660643
-0.026606446,2.1233935,-0.116606444,0.5133936,1.3933935,3.4333935,4.0533934,5.5433936,5.6933937,5.2433934,2.9133935,1.3133936,0.043393556,0.92339355,1.9233936,2.8433936,3.1133935,5.2033935,6.0533934,5.2833934,5.8533936,4.5733933,3.1733935,5.0133934,1.8233936,5.6433935,2.3833935,2.5633936,3.6433935,-0.16660644,1.1833936,0.5233936,1.0733936,4.6633935,1.6833936,3.8233936,2.3533936,-0.5566065,5.4833937,2.6233935,-1.3466065
4.1533937,1.6833936,0.68339354,1.7533935,5.1833935,5.7133937,5.3433933,8.283394,10.443394,8.213393,4.613394,1.5833936,-1.0266064,-0.33660644,2.0933936,3.4733934,4.5633936,5.7533937,6.4033937,7.8533936,4.4933934,6.3033934,5.3333936,3.5733936,4.883394,5.0533934,3.8833935,3.3833935,4.6733937,1.5233935,-1.1466064,1.3433936,-3.1366065,-1.1666064,0.27339354,3.4333935,2.3433936,1.2933936,-1.4166064,-0.34660643,-1.0566064
5.3433933,5.4533935,4.8733935,3.4433935,2.8533936,4.0433936,7.4033937,10.843393,7.7933936,6.3733935,2.8233936,-0.16660644,0.22339356,0.73339355,3.0333936,4.2733936,5.9033937,6.6833935,7.0833936,7.6933937,7.8433933,8.083393,7.2633934,6.8033934,6.6833935,5.9533935,5.3133936,5.5933933,5.3533936,4.7133937,3.7133934,2.6033936,3.0933936,2.2533937,-2.3666065,1.0433936,0.8833935,0.31339356,-1.1666064,0.61339355,2.9833937
5.7433934,6.7133937,3.6633935,4.9733934,6.2233934,4.7933936,6.863394,2.6033936,0.09339356,-1.7966064,-0.9166064,1.1033936,1.8433936,3.5133936,3.5433936,5.2433934,7.5033937,8.083393,8.293393,8.253393,8.573394,8.6433935,8.463393,7.8133936,7.1833935,5.6933937,7.4633937,-0.8666065,-0.22660644,2.3033936,0.27339354,-0.58660644,-0.32660645,-1.1066065,-0.89660645,2.2733936,3.7533937,2.2033935,-1.6366065,-0.49660644,-1.0166065
3.7733936,2.5333936,4.1033936,5.1033936,4.1733937,3.1133935,-0.14660645,-3.2766066,-4.1066065,-2.6466064,-0.016606444,1.3133936,3.9833937,5.1433935,5.3133936,5.1233935,6.4933934,7.9933934,7.8033934,7.633394,8.453394,7.1033936,6.9333935,6.9333935,7.133394,4.9733934,1.0933936,0.81339353,-1.2366065,1.6033936,0.08339355,0.08339355,0.81339353,-0.9866064,0.6433936,2.1733935,1.4833935,-1.8366065,3.4633934,1.7933936,-0.026606446
5.383394,5.2433934,4.7833934,5.5233936,5.2933936,6.5133934,4.3733935,2.9333935,0.18339355,0.44339356,1.5733936,2.9133935,4.5033937,3.8533936,3.5933936,2.6533935,3.5833936,5.2333937,5.7533937,4.9533935,2.8833935,0.50339353,-3.7466063,0.8333936,6.633394,5.9933934,5.7033935,1.6433935,2.3233936,3.8533936,2.7833936,2.7133934,2.3933935,3.1333935,3.8633935,-0.09660645,0.49339354,-1.0766064,3.1033936,2.9233935,4.1733937
6.883394,5.8933935,5.5333934,4.4033937,2.7033935,0.16339356,0.97339356,1.8433936,0.40339357,1.7233936,1.7233936,2.6333935,1.7833935,0.91339356,0.86339355,0.43339357,1.5733936,1.3733935,1.7533935,4.6233935,5.4733934,6.4833937,3.0233936,-3.8466065,-1.7066064,0.84339356,2.1333935,3.2133934,4.863394,3.8333936,3.9733934,5.0133934,5.8133936,2.1633935,1.9433936,0.50339353,0.44339356,2.6933935,2.0033937,0.063393556,2.1433935
6.2733936,5.6033936,5.133394,2.4533935,1.3233936,0.32339355,0.59339356,0.08339355,-0.056606445,2.3233936,1.2533935,1.8933935,1.0633936,0.5233936,0.08339355,-0.5466064,-0.9766064,-0.82660645,0.79339355,2.4033935,4.4133935,6.633394,2.8933935,9.003393,3.0033937,4.3433933,2.2133934,5.113394,6.4733934,6.2233934,8.793393,5.0733933,3.3033936,1.2133936,0.09339356,-2.2466063,0.013393555,0.20339355,2.8833935,0.93339354,0.54339355
0.66339356,-2.1566064,-2.8066065,1.6833936,2.6933935,2.6033936,1.3433936,2.2533937,2.3133936,2.6533935,3.4833937,2.5333936,2.6433935,2.6233935,1.4233936,0.37339357,-0.42660645,-1.0966065,-0.47660646,0.103393555,1.6233935,2.0533936,4.0533934,3.9833937,4.133394,4.6733937,7.9533935,4.7633934,4.9533935,5.613394,4.5233936,0.47339356,-0.69660646,0.25339356,0.42339355,-0.42660645,0.7033936,1.6633935,-0.30660644,-0.026606446,1.5433936
0.43339357,1.1333935,2.3833935,2.4233935,0.67339355,-0.43660644,-0.5566065,0.75339353,2.3533936,2.3533936,2.8633935,3.2233934,2.4033935,2.4833937,2.1833935,1.3233936,1.8933935,0.37339357,-0.25660646,-0.9166064,-1.8966064,-0.19660644,0.17339355,2.3133936,4.3733935,5.4333935,4.9533935,-1.3766065,4.383394,3.7233934,4.9733934,1.7033936,0.11339355,0.12339356,-0.23660645,1.4833935,0.99339354,-0.37660643,0.26339355,1.0533936,-0.42660645
-0.52660644,0.0033935546,-1.8066064,-1.9666065,-0.36660644,0.8233936,0.21339355,1.8733935,3.4633934,0.59339356,1.6533935,2.6933935,2.1833935,2.2833936,-0.17660645,0.15339355,0.12339356,1.7333935,0.81339353,0.33339354,-0.29660645,-0.95660645,-0.94660646,0.56339353,2.6033936,2.2033935,1.3533936,2.4733934,5.6733937,5.0233936,3.4233935,2.8033936,1.5133935,0.85339355,0.30339354,0.25339356,-0.15660645,-0.5566065,-1.3466065,-1.7866064,-1.1666064
-2.8666065,-3.0966065,-2.2766066,0.11339355,1.4233936,1.2033936,0.67339355,0.56339353,-1.0966065,-0.37660643,1.4333936,2.7633936,2.1933935,0.34339356,1.2133936,1.3233936,0.8233936,1.6233935,1.7533935,1.3433936,2.1233935,1.2633935,0.7733936,0.55339354,0.86339355,1.7933936,3.5333936,1.3633935,4.1233935,4.0633936,2.0433936,3.3733935,3.0733936,0.31339356,0.18339355,0.09339356,0.16339356,-0.6166065,-1.1366065,0.49339354,-1.1566064
-0.8666065,-0.6066064,1.9633936,2.0333936,1.2333935,-0.87660646,-0.32660645,-0.056606445,0.16339356,0.81339353,1.0233935,1.6733936,2.3733935,2.7733936,3.7033935,3.3433936,3.7533937,4.2133937,3.7633936,3.9233935,3.2133934,2.9833937,2.4133935,1.9333936,1.1033936,0.54339355,2.1333935,3.1033936,3.2333937,3.2633936,2.5933936,3.3033936,5.4733934,4.1933937,0.39339355,0.92339355,1.1933936,0.65339357,0.22339356,-0.23660645,-0.25660646
