wind_kz.json
{"header": {"discipline":0,"disciplineName":"Meteorological products","gribEdition":2,"gribLength":871,"center":7,"centerName":"US National Weather Service - NCEP(WMC)","subcenter":0,"refTime":"2024-02-02T18:00:00.000Z","significanceOfRT":1,"significanceOfRTName":"Start of forecast","productStatus":0,"productStatusName":"Operational products","productType":1,"productTypeName":"Forecast products","productDefinitionTemplate":0,"productDefinitionTemplateName":"Analysis/forecast at horizontal level/layer at a point in time","parameterCategory":0,"parameterCategoryName":"UnknownDiscipline_0_Category_0","parameterNumber":0,"parameterNumberName":"UnknownParameter_D0_C0_0","parameterUnit":"Unknown","genProcessType":2,"genProcessTypeName":"Forecast","forecastTime":240,"surface1Type":1,"surface1TypeName":"Ground or water surface","surface1Value":0.0,"surface2Type":255,"surface2TypeName":"Missing","surface2Value":0.0,"gridDefinitionTemplate":0,"gridDefinitionTemplateName":"Latitude_Longitude","numberPoints":615,"shape":6,"shapeName":"Earth spherical with radius of 6,371,229.0 m","gridUnits":"degrees","resolution":48,"winds":"true","scanMode":64,"nx":41,"ny":15,"basicAngle":0,"lo1":47.0,"la1":41.0,"lo2":87.0,"la2":55.0,"dx":1.0,"dy":1.0}, "data":
[rows 0 to 14 of 15, columns 0 to 40 of 41]
279.71954,273.31952,278.71954,280.41953,280.71954,281.91953,280.51953,282.81952,281.11954,281.91953,281.01953,281.21954,280.91953,280.81952,280.91953,280.01953,280.61954,279.21954,282.11954,280.31952,280.91953,279.61954,279.71954,275.31952,275.41953,277.51953,270.31952,252.61954,253.21953,251.11954,255.41953,254.71953,262.51953,270.81952,271.51953,272.01953,271.51953,271.51953,271.21954,270.81952,271.81952
258.91953,278.51953,279.81952,279.81952,280.41953,280.91953,280.91953,281.01953,280.81952,280.41953,280.61954,280.01953,281.01953,280.41953,280.71954,280.41953,280.51953,280.51953,279.71954,280.21954,280.11954,279.11954,276.81952,266.21954,250.01953,254.31953,261.11954,249.21953,255.41953,252.01953,261.51953,242.61954,263.41953,242.61954,252.11954,265.71954,263.41953,270.41953,270.61954,269.01953,268.91953
279.01953,278.41953,279.71954,280.01953,280.11954,279.21954,279.31952,280.11954,279.41953,279.11954,279.31952,279.81952,280.21954,279.51953,277.71954,276.31952,277.21954,275.11954,274.91953,275.51953,277.51953,278.41953,277.51953,267.11954,274.71954,271.11954,269.81952,272.11954,272.81952,264.71954,253.21953,258.01953,258.11954,258.01953,256.01953,264.61954,254.41953,251.91953,251.71953,254.11954,251.91953
278.91953,275.41953,277.31952,278.51953,279.01953,279.21954,279.91953,279.41953,279.81952,279.31952,279.11954,279.11954,281.11954,281.71954,278.11954,275.81952,276.21954,275.51953,275.01953,275.91953,277.41953,268.31952,275.11954,274.41953,274.31952,274.11954,273.51953,271.71954,270.61954,270.51953,270.41953,270.81952,271.81952,269.71954,263.71954,265.91953,255.41953,255.71953,265.31952,265.71954,266.31952
277.91953,272.41953,271.31952,271.61954,274.01953,279.11954,277.31952,278.71954,278.91953,277.71954,277.21954,277.51953,278.81952,278.91953,278.11954,275.31952,275.31952,275.31952,275.21954,273.51953,276.61954,275.91953,273.61954,273.51953,272.21954,272.01953,270.41953,271.71954,273.81952,273.91953,272.51953,271.61954,263.31952,250.91953,266.41953,265.01953,263.81952,264.61954,265.41953,262.51953,264.01953
279.41953,278.01953,271.51953,271.41953,271.21954,270.31952,277.71954,279.41953,276.51953,276.51953,275.81952,275.41953,278.21954,278.91953,273.31952,274.51953,272.41953,272.81952,272.61954,272.11954,271.01953,274.11954,272.01953,269.21954,271.31952,272.51953,273.51953,269.81952,271.71954,271.81952,270.71954,271.61954,271.51953,272.41953,273.01953,272.71954,268.81952,266.61954,264.51953,260.51953,262.41953
279.51953,279.01953,280.71954,279.51953,274.81952,276.81952,278.31952,276.81952,275.81952,275.31952,273.91953,272.61954,272.71954,272.51953,272.41953,272.71954,272.01953,270.01953,268.61954,267.81952,265.01953,266.81952,267.31952,267.91953,272.41953,272.01953,272.51953,272.21954,272.41953,272.21954,270.61954,264.91953,270.51953,271.11954,270.51953,269.81952,263.01953,259.31952,260.01953,255.61954,262.71954
279.61954,279.41953,278.41953,277.91953,277.21954,276.91953,277.11954,276.81952,274.01953,272.81952,271.11954,271.11954,268.81952,268.11954,271.81952,271.01953,270.81952,269.21954,268.51953,267.21954,266.31952,269.51953,270.81952,269.31952,272.21954,272.71954,272.71954,273.21954,273.21954,273.11954,270.91953,270.81952,268.81952,266.91953,266.41953,267.21954,262.91953,263.71954,261.01953,259.31952,254.31953
279.31952,278.91953,278.61954,278.61954,277.71954,277.01953,276.61954,273.51953,273.01953,272.11954,270.61954,268.51953,270.21954,269.11954,269.41953,269.41953,270.31952,270.21954,269.91953,269.11954,268.71954,268.51953,268.91953,269.01953,271.61954,272.71954,272.71954,273.11954,273.11954,272.21954,271.61954,271.41953,271.01953,269.21954,268.71954,267.31952,262.31952,259.81952,246.21953,248.71953,245.61954
272.71954,273.31952,274.21954,275.41953,275.81952,275.91953,273.51953,273.21954,273.01953,273.01953,271.91953,271.01953,271.81952,270.21954,270.61954,270.71954,271.01953,271.01953,271.11954,270.81952,271.01953,272.51953,272.51953,270.81952,272.81952,273.21954,273.21954,273.11954,273.21954,273.21954,272.21954,272.21954,272.11954,269.51953,269.41953,265.61954,262.21954,254.41953,248.91953,252.31953,248.41953
268.91953,269.11954,269.61954,270.01953,270.71954,271.11954,271.91953,272.01953,271.91953,273.11954,273.21954,272.81952,272.81952,272.51953,271.91953,272.11954,272.41953,272.81952,271.31952,270.21954,271.51953,272.41953,272.61954,273.21954,273.21954,273.21954,273.21954,273.31952,273.41953,273.01953,272.11954,270.71954,268.51953,268.31952,263.11954,257.81952,260.01953,253.61954,250.61954,255.91953,249.01953
266.31952,267.31952,267.31952,267.41953,268.11954,268.51953,268.61954,268.51953,268.91953,270.51953,272.01953,272.01953,273.01953,272.81952,272.81952,273.21954,273.21954,273.11954,273.21954,273.21954,273.11954,273.21954,273.21954,273.21954,273.21954,273.21954,273.21954,273.31952,272.91953,270.71954,266.81952,265.01953,265.01953,259.81952,260.81952,253.31953,256.81952,258.71954,258.41953,255.21953,253.61954
264.11954,264.41953,265.41953,265.21954,266.31952,266.51953,266.41953,265.61954,265.11954,265.71954,268.01953,267.91953,269.31952,267.41953,268.21954,269.61954,271.01953,272.41953,273.21954,273.21954,273.21954,273.21954,273.21954,273.21954,273.21954,273.21954,273.21954,272.81952,270.51953,267.31952,264.01953,262.61954,259.91953,256.61954,256.21954,255.41953,251.31953,254.61954,251.91953,249.81953,251.11954
259.91953,261.01953,260.91953,262.41953,261.81952,261.91953,262.51953,261.71954,262.71954,262.71954,261.81952,263.81952,265.61954,266.51953,266.31952,267.21954,267.31952,267.41953,267.71954,270.71954,273.21954,273.21954,273.21954,273.21954,273.21954,273.21954,272.11954,270.41953,266.91953,264.11954,262.21954,259.61954,257.11954,255.41953,251.21953,250.31953,249.51953,247.31953,248.01953,251.11954,249.81953
256.91953,257.31952,256.51953,256.81952,257.51953,256.81952,258.41953,256.61954,257.71954,256.31952,257.51953,258.91953,259.81952,262.71954,263.91953,264.41953,264.21954,265.11954,266.21954,266.11954,267.81952,269.81952,273.21954,273.21954,273.21954,272.11954,268.91953,266.61954,264.71954,261.81952,259.51953,258.01953,254.91953,253.41953,252.61954,252.11954,248.61954,248.71953,247.31953,247.71953,250.21953
