wind.json
{"header": {"discipline":0,"disciplineName":"Meteorological products","gribEdition":2,"gribLength":1211,"center":7,"centerName":"US National Weather Service - NCEP(WMC)","subcenter":0,"refTime":"2023-07-02T00:00:00.000Z","significanceOfRT":1,"significanceOfRTName":"Start of forecast","productStatus":0,"productStatusName":"Operational products","productType":1,"productTypeName":"Forecast products","productDefinitionTemplate":0,"productDefinitionTemplateName":"Analysis/forecast at horizontal level/layer at a point in time","parameterCategory":2,"parameterCategoryName":"UnknownDiscipline_0_Category_2","parameterNumber":2,"parameterNumberName":"UnknownParameter_D0_C2_2","parameterUnit":"Unknown","genProcessType":2,"genProcessTypeName":"Forecast","forecastTime":180,"surface1Type":103,"surface1TypeName":"Specified height level above ground","surface1Value":10.0,"surface2Type":255,"surface2TypeName":"Missing","surface2Value":0.0,"gridDefinitionTemplate":0,"gridDefinitionTemplateName":"Latitude_Longitude","numberPoints":688,"shape":6,"shapeName":"Earth spherical with radius of 6,371,229.0 m","gridUnits":"degrees","resolution":48,"winds":"true","scanMode":64,"nx":43,"ny":16,"basicAngle":0,"lo1":45.0,"la1":40.0,"lo2":87.0,"la2":55.0,"dx":1.0,"dy":1.0}, "data":
[rows 0 to 15 of 16, columns 0 to 42 of 43]
2.585105,-2.3348951,-0.844895,-2.724895,-8.714895,-1.9048951,0.895105,-0.524895,-4.454895,-9.254895,-8.644895,-8.774895,-7.824895,-7.144895,-5.564895,-3.524895,-2.934895,-1.004895,-1.114895,-2.464895,-0.55489504,-13.794895,-8.084895,4.335105,1.265105,-0.29489502,-0.594895,-1.634895,2.035105,2.375105,3.195105,-0.02489502,-0.12489502,-0.824895,1.9751049,4.505105,6.445105,4.005105,0.895105,-0.10489502,-5.544895,-6.014895,-8.244895
-2.104895,1.815105,2.795105,-0.854895,-4.2148952,-4.284895,-2.544895,-3.624895,-9.704895,-8.294895,-8.794895,-8.004895,-7.584895,-6.164895,-5.564895,-4.394895,-3.8348951,-5.634895,-2.954895,-2.044895,-1.484895,-1.7748951,2.575105,-2.734895,4.255105,6.245105,-0.24489503,-0.39489502,9.345105,7.735105,5.085105,5.185105,3.495105,0.39510497,-1.354895,8.485105,6.775105,7.215105,7.255105,-0.04489502,1.745105,-2.134895,-8.344895
-2.814895,-0.23489502,1.9751049,-1.814895,0.315105,-4.064895,0.785105,-0.304895,-8.934895,-8.214895,-8.024895,-6.334895,-6.104895,-5.664895,-5.654895,-4.364895,-4.704895,-3.494895,-2.8348951,-3.694895,-1.484895,-0.55489504,-0.464895,-0.464895,1.985105,-2.074895,2.1651049,2.075105,-1.334895,1.655105,-0.47489503,0.975105,0.16510499,0.75510496,-1.054895,1.175105,0.36510497,2.075105,3.6651049,-0.334895,-2.074895,1.805105,-4.504895
0.69510496,0.99510497,-2.504895,-2.934895,-2.634895,-4.134895,-3.484895,-1.514895,-6.2148952,-6.634895,-6.844895,-6.324895,-6.284895,-6.2148952,-6.004895,-2.984895,-4.094895,-3.774895,-3.874895,-2.284895,-1.5348951,1.075105,0.725105,1.995105,-2.194895,-2.384895,-1.794895,-1.454895,1.515105,-6.404895,-5.894895,1.905105,0.0051049804,0.515105,2.125105,0.865105,1.925105,0.29510498,1.865105,-0.274895,5.765105,3.9051049,0.32510498
4.575105,4.835105,-5.7148952,-4.224895,-3.974895,-3.164895,-0.774895,-1.334895,-3.644895,-6.694895,-5.774895,-7.024895,-7.174895,-6.834895,-2.634895,-2.214895,-0.034895018,-5.524895,-4.564895,-4.504895,-3.814895,-2.234895,-0.29489502,-0.784895,2.815105,0.705105,2.255105,0.615105,0.57510495,-1.944895,0.16510499,5.205105,11.905105,2.875105,8.085105,8.405105,-12.694895,-3.144895,1.015105,-0.014895019,2.145105,0.965105,3.825105
2.715105,1.045105,-2.874895,-2.634895,-5.394895,-2.964895,2.995105,-2.674895,-5.394895,-5.314895,-5.2148952,-5.594895,-7.144895,-6.524895,-3.774895,-2.244895,3.725105,-3.204895,-3.604895,-3.564895,-3.404895,-1.704895,-2.0848951,-1.054895,0.09510498,3.125105,0.855105,-2.304895,-3.574895,-0.20489502,1.445105,1.4751049,-1.7748951,-0.08489502,-3.234895,1.515105,0.22510499,3.835105,2.505105,-2.504895,2.435105,4.815105,5.835105
0.675105,-7.724895,-4.974895,-1.374895,-6.084895,-3.574895,3.355105,1.935105,-5.294895,-4.374895,-5.574895,-5.254895,-5.294895,-5.954895,-3.304895,0.475105,-0.274895,-3.504895,-3.504895,-2.854895,-2.324895,-1.794895,-2.224895,-2.134895,-1.074895,-0.13489503,1.795105,-0.50489503,-2.904895,-2.474895,0.99510497,1.3451049,-0.594895,-2.5948951,1.515105,1.485105,2.4151049,1.235105,7.865105,1.705105,6.525105,0.10510498,-0.67489505
0.17510498,2.225105,-1.8948951,0.835105,3.195105,0.795105,-0.92489505,-2.964895,-3.824895,-4.254895,-3.884895,-4.194895,-3.944895,-4.194895,-3.514895,-3.984895,-4.2148952,-3.984895,-4.884895,-3.674895,-2.264895,-2.624895,-3.014895,-2.714895,-1.294895,0.375105,-0.724895,2.465105,-1.8948951,-0.87489504,-2.494895,-0.944895,-1.1448951,-1.004895,-0.04489502,1.615105,3.085105,0.19510499,3.935105,0.375105,4.075105,1.005105,4.005105
-2.134895,-1.0248951,0.285105,-3.064895,-1.834895,-0.914895,-0.80489504,-0.914895,-2.724895,-1.294895,-2.614895,-2.0948951,-2.354895,-2.314895,-2.434895,-3.044895,-3.794895,-4.444895,-4.124895,-3.804895,-3.604895,-2.254895,-3.074895,-2.524895,-2.914895,-1.2748951,0.735105,1.635105,-2.314895,-0.854895,0.21510498,-3.184895,-2.764895,-4.244895,-3.284895,-1.324895,-1.224895,0.375105,1.025105,5.915105,7.355105,8.675105,5.775105
-0.534895,-5.2148952,-6.114895,-5.854895,-5.994895,-1.4048951,-3.164895,-1.964895,-1.424895,-0.844895,-1.1548951,-0.25489503,-1.094895,-2.674895,-2.744895,-2.864895,-3.384895,-2.454895,-2.174895,-2.144895,-3.854895,-2.284895,-1.474895,-1.184895,-1.814895,-1.5348951,-0.56489503,1.035105,-0.834895,-1.714895,1.8551049,0.93510497,1.515105,0.75510496,0.585105,1.2151049,3.025105,1.825105,1.525105,0.535105,0.735105,0.515105,1.0951049
-3.414895,0.585105,-1.2748951,-2.474895,-3.294895,-2.744895,-3.174895,-2.274895,-1.334895,-0.81489503,-0.20489502,0.50510496,0.32510498,0.345105,-0.944895,-2.164895,0.585105,0.38510498,1.7151049,-0.974895,-1.0248951,-1.564895,-0.61489505,-0.114895016,-0.26489502,-1.184895,0.50510496,-0.14489502,1.175105,0.525105,0.82510495,2.565105,2.815105,3.9151049,5.5351048,5.625105,4.235105,2.365105,1.1051049,2.925105,1.145105,1.535105,1.535105
-2.784895,-0.47489503,-2.274895,-0.854895,0.705105,2.935105,2.555105,-1.704895,2.215105,2.305105,2.795105,2.015105,3.515105,5.045105,3.115105,0.595105,5.435105,3.895105,2.225105,-1.464895,-1.734895,1.935105,1.275105,2.975105,-1.334895,-1.814895,-0.374895,3.675105,3.365105,2.9051049,3.445105,3.745105,5.425105,5.075105,4.925105,5.325105,4.255105,5.485105,0.09510498,1.005105,0.10510498,0.17510498,0.35510498
0.10510498,-0.08489502,-0.02489502,0.775105,1.455105,1.065105,2.705105,3.305105,4.365105,4.005105,5.585105,4.975105,6.045105,5.175105,5.095105,5.465105,4.595105,5.115105,2.075105,-0.704895,0.94510496,0.10510498,0.805105,2.385105,0.555105,-0.05489502,5.225105,2.505105,2.765105,2.855105,2.6551049,1.315105,3.035105,4.855105,4.735105,5.335105,3.565105,2.565105,2.195105,1.945105,1.395105,1.9751049,1.1051049
1.905105,3.325105,3.775105,1.885105,3.525105,2.585105,3.565105,2.825105,4.735105,3.195105,4.005105,4.825105,2.495105,2.995105,-0.10489502,2.695105,3.435105,0.88510495,2.825105,1.365105,0.46510497,-1.044895,-0.16489501,0.055104982,1.895105,1.8451049,3.305105,4.445105,0.36510497,1.695105,4.415105,2.225105,3.315105,3.1551049,2.485105,5.115105,4.555105,5.455105,4.555105,3.705105,1.805105,2.995105,1.0951049
-0.894895,0.255105,1.575105,4.645105,2.9151049,4.625105,1.075105,4.095105,1.945105,1.9651049,1.455105,2.745105,0.13510498,0.785105,-0.21489502,3.265105,0.38510498,2.505105,3.575105,-0.28489503,0.46510497,2.635105,2.235105,2.235105,3.485105,4.095105,5.495105,5.835105,3.225105,3.775105,1.135105,7.255105,3.895105,5.125105,3.505105,4.235105,3.855105,5.895105,5.165105,2.125105,3.445105,2.495105,3.295105
0.615105,0.81510496,1.165105,2.295105,3.135105,5.7851048,4.345105,3.965105,4.225105,2.895105,2.145105,2.045105,2.215105,2.245105,0.845105,1.035105,1.955105,2.775105,1.2251049,3.075105,3.1551049,3.095105,1.055105,-1.504895,3.9151049,4.505105,1.155105,3.035105,1.7251049,2.825105,0.985105,2.075105,5.585105,3.395105,7.075105,4.605105,3.825105,4.055105,2.515105,3.985105,4.095105,2.525105,1.185105
