wind_kz.json
{"header": {"discipline":0,"disciplineName":"Meteorological products","gribEdition":2,"gribLength":1102,"center":7,"centerName":"US National Weather Service - NCEP(WMC)","subcenter":0,"refTime":"2023-10-01T06:00:00.000Z","significanceOfRT":1,"significanceOfRTName":"Start of forecast","productStatus":0,"productStatusName":"Operational products","productType":1,"productTypeName":"Forecast products","productDefinitionTemplate":0,"productDefinitionTemplateName":"Analysis/forecast at horizontal level/layer at a point in time","parameterCategory":2,"parameterCategoryName":"UnknownDiscipline_0_Category_2","parameterNumber":3,"parameterNumberName":"UnknownParameter_D0_C2_3","parameterUnit":"Unknown","genProcessType":2,"genProcessTypeName":"Forecast","forecastTime":180,"surface1Type":103,"surface1TypeName":"Specified height level above ground","surface1Value":10.0,"surface2Type":255,"surface2TypeName":"Missing","surface2Value":0.0,"gridDefinitionTemplate":0,"gridDefinitionTemplateName":"Latitude_Longitude","numberPoints":615,"shape":6,"shapeName":"Earth spherical with radius of 6,371,229.0 m","gridUnits":"degrees","resolution":48,"winds":"true","scanMode":64,"nx":41,"ny":15,"basicAngle":0,"lo1":47.0,"la1":41.0,"lo2":87.0,"la2":55.0,"dx":1.0,"dy":1.0}, "data":
[rows 0 to 14 of 15, columns 0 to 40 of 41]
-5.2231116,-0.07311157,-5.9031115,-17.263111,-12.453112,0.7468884,2.5568883,-0.22311157,1.6168884,2.8568885,3.0668883,2.6168885,2.3868885,2.2068884,0.75688845,-0.8431116,-1.5731115,-0.24311157,0.50688845,-0.61311156,1.1268884,-2.6531115,-1.6531116,-2.1131115,-2.5831115,-1.5631115,-1.7231116,0.57688844,2.5868883,4.2768884,1.9568884,1.9568884,1.0968884,-0.3931116,0.016888428,0.116888426,-2.1631117,-0.93311155,-1.5131116,0.52688843,-2.1031115
4.936888,-6.9731116,-17.773111,-20.123112,-8.893111,8.766889,3.7368884,0.56688845,4.5368886,5.0768886,3.2168884,2.7868884,2.9668884,1.9868884,0.24688843,0.75688845,-2.2031116,-0.8831116,-1.3731116,-0.43311158,-0.55311155,-2.0131116,-0.87311155,1.2368884,0.87688845,0.42688844,-1.9431115,2.3268883,0.6068884,2.3968885,2.8568885,3.0468884,1.8568884,0.5368884,-2.2031116,-0.87311155,-0.8931116,-2.4231117,-1.2931116,-2.0931115,0.09688843
-2.0131116,-12.983111,-16.063112,-19.303112,-10.333112,2.2668884,1.3968884,1.8268884,6.2668886,5.2668886,4.5468884,3.8468885,3.0368884,1.8568884,0.57688844,-0.33311158,0.48688844,0.18688843,-1.0731115,0.016888428,-0.99311155,-2.0031116,-0.86311156,0.39688843,0.56688845,0.69688845,0.7868884,1.1968884,-0.20311157,1.6968884,3.7168884,2.3368883,2.1568885,-0.74311155,-1.1231116,2.3368883,3.6968884,0.32688844,0.5968884,1.0768884,1.0468885
-5.2231116,-11.473111,-13.073112,-15.543112,-13.483111,-0.8331116,1.0768884,2.8268883,7.4668884,6.6768885,4.4968886,4.0868883,4.686888,3.0068884,1.8868884,0.45688844,0.23688842,0.63688844,0.5968884,-0.10311157,-1.3731116,0.41688842,1.3068885,0.18688843,-0.8231116,-0.8831116,-0.9531116,-2.4831116,-0.25311157,-2.1831117,-1.4431115,-0.0031115722,-0.20311157,-0.123111576,1.2868885,-3.8431115,-0.72311157,2.5468884,-0.013111573,1.1468884,-0.31311157
-4.2831116,-10.853111,-10.813111,-13.703112,-15.783112,-7.543112,0.58688843,2.7568884,8.966888,7.0768886,5.456888,4.6268883,4.5568886,4.1268883,2.8168883,0.25688842,-0.37311158,-1.1131116,0.62688845,0.52688843,0.37688842,-0.8831116,-0.7031116,-1.0131116,-1.1631116,-1.1031116,-1.5031116,-1.4931116,-2.5531116,-3.3831115,-4.3031116,-0.8931116,1.9068885,3.1168885,-0.5931116,-2.2031116,0.6768884,-2.5631115,-0.22311157,-1.6931115,-4.0331116
-2.3231115,-4.1731114,-8.263111,-10.813111,-14.703112,-14.853111,-6.563112,3.8168883,9.336888,7.8668885,6.706888,6.0368886,3.7968884,2.8968885,2.6668885,1.5968884,-0.16311157,-0.91311157,-0.87311155,-0.08311157,-0.5031116,0.9768884,0.68688846,-0.033111572,-0.10311157,-0.38311157,-0.5231116,-1.4231116,-2.0131116,-2.7431116,-3.6631117,-4.6631117,-3.8531115,-2.7531116,1.4968884,0.25688842,2.7168884,3.5368884,0.56688845,-2.0531116,-3.6431115
-2.9831116,-1.4731116,-7.6531115,-8.033112,-9.973111,-11.513111,-10.063111,4.3068886,9.396889,8.626888,7.5168886,6.666888,4.8868885,3.5068884,3.7668884,2.7968884,1.6168884,0.9168884,0.15688843,-0.15311158,-0.24311157,-0.07311157,0.9968884,1.2268884,0.7468884,-0.13311157,-0.033111572,-0.9631116,-1.6331116,-2.5831115,-3.0231116,-5.6731114,-6.5031114,-2.0331116,-2.3331115,-2.8231115,-3.7331116,-2.4031115,1.0868884,0.44688842,-1.9831116
-4.3531117,-1.4231116,-2.7231116,-6.6531115,-8.1131115,-9.173112,-8.903111,-7.0731115,9.176888,9.286888,8.936889,8.3868885,5.8168883,5.0468884,3.6668885,3.8568885,3.5668883,2.4668884,2.1668885,2.0768883,0.8468884,0.32688844,0.94688845,1.0868884,2.0968885,0.7868884,1.0968884,-0.123111576,-0.22311157,-1.2031115,-1.4631115,-2.5331116,-3.9331117,-4.2331114,-1.5931115,-0.8331116,-2.5931115,-2.0331116,0.09688843,1.1968884,-1.3131115
-3.6231115,-4.5731115,-1.4831116,-1.2431116,-5.1831117,-6.7731113,-7.8031116,-6.6331115,-1.7131115,9.826888,9.676888,8.716888,8.1368885,6.8668885,4.7668886,4.4668884,4.7168884,3.8068883,3.4168885,3.1668885,2.3468885,1.4868884,2.1868885,1.2068884,1.3268884,2.6768885,1.1068884,2.1768885,1.9068885,0.8468884,0.82688844,0.7868884,0.9168884,-0.8431116,-0.7031116,-1.2731116,-3.1531115,-1.2131115,-0.5831116,-0.6331116,-1.6431116
-0.72311157,-2.2631116,-3.5031116,0.6768884,-1.2631116,-5.7031116,-6.5131116,-4.8031116,-5.6131115,3.8968885,5.666888,7.8768883,8.366888,7.9968886,7.666888,6.7568884,5.5768886,4.5168886,4.166888,3.6568885,4.1168885,4.1068883,3.6168885,3.3168883,3.1368885,2.1868885,1.7268884,1.8068885,1.3168885,1.7168884,3.1368885,2.4168885,1.3868884,0.116888426,-0.47311157,-0.72311157,-0.123111576,-2.6831117,-0.54311156,1.9068885,1.9868884
-0.22311157,0.20688842,-1.2531116,-1.3931116,2.2068884,-1.1731116,-4.1531115,-5.0931115,-1.5331116,2.6568885,4.2368884,3.7368884,3.9768884,4.5268884,5.6768885,8.046888,7.5968885,5.9768887,4.6568885,4.5568886,4.4468884,4.3868885,4.0768886,4.1568885,3.4268885,3.3068883,1.7368884,2.5168884,2.4768884,2.9768884,2.9668884,2.5068884,1.5368885,0.6568884,0.006888428,0.13688843,-0.033111572,1.5368885,0.9168884,-0.67311156,-0.16311157
0.23688842,0.9068884,0.56688845,-0.5831116,3.2268884,1.9768884,0.8468884,-2.3031116,1.6268884,-1.3231115,1.9968884,3.7268884,4.2668886,3.9668884,3.7168884,4.686888,7.7168884,7.1068883,6.5268884,4.7868886,4.5768886,3.9968884,3.9468884,3.6268885,3.6168885,3.4968884,3.2568884,3.7368884,3.9468884,3.6668885,3.1868885,3.0068884,1.7968885,1.5668885,0.94688845,0.6168884,1.3568884,2.3268883,1.5768884,0.16688843,0.42688844
-0.49311158,0.83688843,0.8568884,0.17688842,3.2868884,1.6468884,0.9868884,0.34688842,-1.0731115,2.5268884,1.8168885,4.3068886,3.2068884,3.4068885,3.7268884,3.4668884,4.2468886,6.1968884,5.8268886,5.1768885,5.3068886,5.2668886,5.0268884,3.7968884,3.9768884,3.8968885,3.8868885,3.6668885,4.0668883,3.6868885,3.4068885,3.2968884,2.4268885,1.3368884,1.2968885,0.5368884,-0.5131116,0.16688843,1.5868884,2.4668884,2.0268884
0.19688843,0.30688843,-0.043111574,0.62688845,2.2968884,3.0668883,2.1768885,0.8568884,-0.34311157,1.8468884,5.6368885,3.1368885,2.0168884,3.1468885,3.4068885,3.2068884,3.6268885,4.2868886,4.8568883,5.3468885,5.206888,5.436888,5.4968886,4.3768883,3.7668884,3.5568883,3.2168884,3.9968884,3.8968885,3.7568884,3.5168884,3.2868884,2.7768884,2.1268885,1.1968884,0.37688842,0.22688843,0.07688843,0.37688842,0.7868884,2.4568884
0.5968884,1.5468885,0.7368884,1.8068885,2.6468885,2.9968884,2.5868883,1.7868885,-0.13311157,-0.7631116,2.2068884,2.8868885,2.2768884,1.7868885,3.8268883,3.1568885,3.1168885,3.3268883,3.6868885,4.3668885,5.0468884,5.0168886,4.456888,4.2768884,3.9068885,3.6668885,3.6968884,3.8968885,3.7868884,3.5268884,3.6968884,3.9168885,2.6968884,1.9268885,1.3268884,0.5468884,0.8068884,1.4768884,0.12688842,1.2068884,1.8168885
