wind_kz.json
{"header": {"discipline":0,"disciplineName":"Meteorological products","gribEdition":2,"gribLength":1102,"center":7,"centerName":"US National Weather Service - NCEP(WMC)","subcenter":0,"refTime":"2023-08-25T00:00:00.000Z","significanceOfRT":1,"significanceOfRTName":"Start of forecast","productStatus":0,"productStatusName":"Operational products","productType":1,"productTypeName":"Forecast products","productDefinitionTemplate":0,"productDefinitionTemplateName":"Analysis/forecast at horizontal level/layer at a point in time","parameterCategory":2,"parameterCategoryName":"UnknownDiscipline_0_Category_2","parameterNumber":3,"parameterNumberName":"UnknownParameter_D0_C2_3","parameterUnit":"Unknown","genProcessType":2,"genProcessTypeName":"Forecast","forecastTime":180,"surface1Type":103,"surface1TypeName":"Specified height level above ground","surface1Value":10.0,"surface2Type":255,"surface2TypeName":"Missing","surface2Value":0.0,"gridDefinitionTemplate":0,"gridDefinitionTemplateName":"Latitude_Longitude","numberPoints":615,"shape":6,"shapeName":"Earth spherical with radius of 6,371,229.0 m","gridUnits":"degrees","resolution":48,"winds":"true","scanMode":64,"nx":41,"ny":15,"basicAngle":0,"lo1":47.0,"la1":41.0,"lo2":87.0,"la2":55.0,"dx":1.0,"dy":1.0}, "data":
[rows 0 to 14 of 15, columns 0 to 40 of 41]
2.3934667,1.8234668,5.3634667,8.893467,6.6134667,2.453467,3.5434668,2.8434668,1.3934668,0.103466794,-1.2665333,-0.7465332,-2.2765331,-1.9465332,-3.4265332,-4.586533,-4.2665334,-3.566533,-3.4765332,-2.9765332,-2.1565332,-1.9665332,-2.7165332,1.4734668,1.5334668,-1.2965332,-0.9765332,2.6634667,-1.4365332,-3.8565333,0.4234668,-2.6365333,-1.1565332,-3.8365333,-4.736533,0.18346679,-2.3765333,-3.8865333,-2.4665332,0.4834668,-4.5765333
-0.6465332,-2.286533,9.183467,9.383467,6.783467,4.1334667,4.6734667,3.2434669,2.2534668,0.0734668,0.3234668,-0.30653322,0.6634668,-2.4665332,-2.5065331,-3.8865333,-4.736533,-2.306533,-1.9065332,-2.4865332,-2.7265332,-3.286533,-0.5165332,0.4834668,2.5034668,1.7734668,3.3334668,0.7634668,0.9934668,-2.1565332,-3.6765332,-0.9565332,1.3934668,1.8634667,1.8434668,0.9834668,2.6634667,1.6234668,1.7534668,-1.3265332,-0.056533203
-0.3365332,7.1534667,7.703467,8.153467,4.5934668,5.1934667,3.4934669,3.1434667,2.9834669,0.6934668,-0.6365332,-1.7165332,-2.3765333,-3.6165333,-3.9465332,-4.356533,-3.556533,-5.046533,-2.816533,-2.3765333,-2.1565332,0.5734668,-0.49653322,0.4334668,0.033466797,-2.7765331,-0.9865332,2.0334668,2.1134667,3.1634667,-3.9365332,-3.6865332,-3.3365333,-3.3565333,-3.9165332,-3.4965332,-3.6965332,-9.006534,-3.1965332,3.3634667,-1.9665332
5.0434666,6.103467,7.183467,7.373467,7.1134667,4.4634666,3.463467,3.2234669,1.0834668,1.7634668,0.013466797,-0.8265332,-0.49653322,-2.556533,-4.1565332,-4.436533,-3.816533,-1.8065332,-3.4165332,-2.6665332,-3.6265333,-1.3165332,-4.736533,-1.7265332,-1.2865332,-0.3665332,-1.4965332,7.4434667,4.9434667,4.823467,-0.036533203,-1.6065332,-1.2065332,9.813467,1.8234668,0.58346677,2.683467,0.0734668,-2.3265333,-2.6065333,-2.6965332
4.663467,5.6334667,6.783467,1.5134668,0.3434668,3.1634667,2.433467,2.3234668,1.6334668,0.2734668,-2.2765331,-2.4165332,1.0434668,-0.23653321,-2.6565332,-2.1665332,-3.9165332,-0.016533203,-2.1465333,-3.1165333,-1.2265332,-2.0265331,-2.536533,-2.036533,-1.1565332,0.6534668,1.4834667,1.5434668,1.3834668,3.203467,5.2534666,2.953467,0.7534668,-2.056533,-2.6565332,-3.9065332,-13.386533,-3.546533,-9.686533,-3.286533,-8.366533
6.2334666,5.1934667,2.6034667,1.9634668,0.6234668,-0.006533203,2.3734667,2.7234669,1.9334668,-0.4665332,-1.4565332,-1.6465333,3.4034667,2.5634668,-1.7565331,-5.396533,-4.816533,-4.4565334,2.5734668,0.8834668,-1.0365332,-0.12653321,-2.9765332,-2.8665333,-0.7265332,-0.3465332,1.2034668,3.1534667,3.4134667,1.1434668,2.5634668,5.313467,1.8734668,3.2734668,1.1734668,-5.9565334,-1.9565332,-7.986533,-4.446533,-3.8265333,-5.3665333
5.373467,4.7934666,6.373467,5.803467,5.4434667,5.4834666,3.2934668,1.6234668,0.9934668,-0.4265332,-0.1865332,-0.7365332,-2.0065331,-3.2465332,-3.9565332,-4.526533,-4.5565333,-2.3665333,-1.8865333,-0.5765332,-0.076533206,-0.5665332,1.4934669,-2.7765331,-0.9565332,-3.4665332,-1.8465332,-0.6165332,-0.1865332,6.0234666,4.073467,3.5834668,1.8934668,1.6134667,-0.7465332,-1.5965332,0.8434668,-0.0965332,-2.3765333,0.25346678,-8.686533
3.2234669,3.9734669,3.5034668,3.8534667,3.8134668,3.183467,2.7334669,1.2534668,-0.116533205,-0.2565332,-0.8465332,-2.4165332,-3.296533,-3.8865333,-3.0165331,-4.776533,-3.036533,-2.796533,-1.1665332,0.2234668,1.5034668,0.2434668,1.0134668,0.44346678,-1.5365332,-3.4765332,-4.9065332,-2.7665331,-1.3865333,-0.9965332,1.9434668,4.823467,5.0434666,2.953467,2.6434667,1.8334668,-2.5765333,-2.2665331,-0.9465332,2.7834668,0.3434668
3.453467,2.6134667,3.1234667,2.9034667,3.463467,2.6534667,1.9534668,1.5034668,0.8234668,0.9134668,-1.0165333,-1.5765332,-3.5865333,-4.376533,-4.1165333,-4.396533,-2.8265333,-1.7665333,-0.9265332,0.043466795,1.4234668,2.6334667,0.3634668,2.213467,0.25346678,-2.5065331,-2.0965333,-4.5765333,-2.8565333,-6.5765333,-4.2665334,-5.0165334,-3.036533,-5.8665333,-5.276533,-2.3265333,-4.146533,-2.2265332,-3.056533,-2.316533,0.7634668
2.5934668,2.8434668,2.5434668,2.433467,1.9834667,2.5034668,1.8234668,1.8234668,1.8034668,0.7034668,-0.2665332,-0.7365332,-1.6565332,-3.3565333,-3.9765332,-1.8665332,-1.7265332,-0.8065332,-0.6365332,-0.1765332,0.5534668,0.8734668,1.6334668,2.1634667,1.2434669,-0.036533203,-1.3265332,-1.0565332,-2.9165332,0.3534668,-3.3665333,-1.7265332,-1.3465332,-4.1365333,-5.1365333,-4.776533,-0.9665332,0.9434668,0.2334668,-0.9865332,-2.5165331
1.9034668,2.1334667,1.2234668,1.4034668,1.5634668,1.1434668,2.2334669,1.8734668,1.2534668,0.8734668,1.6634668,0.6434668,-0.6065332,-0.8865332,-2.066533,-0.6265332,-1.1965332,-1.2465332,-0.3565332,-0.1865332,-0.1765332,0.9134668,1.7434669,3.4734669,0.9134668,0.2434668,1.3334668,0.83346677,1.6834668,2.463467,3.4134667,-1.4365332,-2.9265332,0.5234668,-1.8665332,-3.5265331,-2.5065331,-1.3365332,-2.1465333,-1.9365332,-2.546533
1.9534668,3.0234668,1.9834667,2.193467,2.1034667,2.4034667,2.0234668,1.5034668,0.8934668,2.433467,2.3234668,0.8834668,0.2834668,-0.1765332,-0.6865332,0.8234668,-1.1165332,-0.3565332,-0.5865332,-0.20653321,-0.7665332,-1.3065332,-2.5865333,4.623467,3.963467,2.1034667,0.2034668,-0.2265332,-0.2165332,2.0334668,1.5934668,2.6134667,-0.5165332,-2.0165331,1.4334668,0.3834668,0.103466794,0.4634668,-1.2765332,-1.6065332,-0.9765332
-0.1365332,-0.2865332,-1.9065332,-2.1965332,1.1734668,-0.056533203,1.3634667,2.3134668,2.9734669,2.5734668,2.7934668,1.0634668,-0.7865332,-0.20653321,-0.1565332,2.683467,2.0034668,0.4934668,-1.0365332,-0.8965332,2.2334669,1.4034668,0.7134668,0.9934668,4.333467,3.1134667,1.8434668,1.4734668,0.8434668,1.4534668,0.8034668,0.5534668,-1.8165332,1.4434668,-0.4065332,2.7834668,1.7434669,0.3034668,-3.0065331,-4.546533,-0.9565332
-2.4065332,-2.546533,-2.9765332,-1.1265332,-2.0865333,-1.9065332,1.3434668,2.8134668,2.0834668,4.313467,2.7734668,0.5134668,1.0934668,1.3434668,0.6334668,2.2434669,2.5234668,2.3034668,-0.036533203,-0.27653322,0.1634668,1.6434668,1.5534668,0.15346679,0.7334668,2.7734668,1.9734668,3.0534668,3.1634667,3.3134668,3.5334668,2.5434668,-0.4565332,0.3834668,-1.5965332,-0.006533203,2.2434669,0.1934668,-2.0965333,-2.4565332,-4.4965334
-1.7065332,-2.0165331,-0.9565332,-0.30653322,-1.6065332,-1.4165332,-0.6265332,1.9634668,2.0534668,3.693467,3.2834668,3.193467,2.0134668,0.6134668,-0.3165332,1.3334668,1.7834668,1.6434668,2.963467,0.1134668,0.1734668,1.1034667,1.6334668,0.8234668,1.9134668,2.7334669,5.223467,3.7434669,3.713467,3.6634667,-0.056533203,2.9834669,2.0934668,0.7934668,1.4334668,-1.3365332,3.953467,2.3034668,1.4534668,-2.0165331,-2.7665331
