wind_kz.json
{"header": {"discipline":0,"disciplineName":"Meteorological products","gribEdition":2,"gribLength":1025,"center":7,"centerName":"US National Weather Service - NCEP(WMC)","subcenter":0,"refTime":"2023-08-24T00:00:00.000Z","significanceOfRT":1,"significanceOfRTName":"Start of forecast","productStatus":0,"productStatusName":"Operational products","productType":1,"productTypeName":"Forecast products","productDefinitionTemplate":0,"productDefinitionTemplateName":"Analysis/forecast at horizontal level/layer at a point in time","parameterCategory":2,"parameterCategoryName":"UnknownDiscipline_0_Category_2","parameterNumber":3,"parameterNumberName":"UnknownParameter_D0_C2_3","parameterUnit":"Unknown","genProcessType":2,"genProcessTypeName":"Forecast","forecastTime":240,"surface1Type":103,"surface1TypeName":"Specified height level above ground","surface1Value":10.0,"surface2Type":255,"surface2TypeName":"Missing","surface2Value":0.0,"gridDefinitionTemplate":0,"gridDefinitionTemplateName":"Latitude_Longitude","numberPoints":615,"shape":6,"shapeName":"Earth spherical with radius of 6,371,229.0 m","gridUnits":"degrees","resolution":48,"winds":"true","scanMode":64,"nx":41,"ny":15,"basicAngle":0,"lo1":47.0,"la1":41.0,"lo2":87.0,"la2":55.0,"dx":1.0,"dy":1.0}, "data":
[rows 0 to 14 of 15, columns 0 to 40 of 41]
-2.5168574,-4.2368574,4.2631426,6.5831428,3.6831427,3.7331426,1.7331427,0.8031427,0.3331427,1.1431427,0.7731427,0.3631427,0.4131427,-0.3268573,-0.5768573,-2.1568573,-3.0768573,-3.1868572,-5.0268574,-2.2968574,-1.5468574,-4.6168575,0.9031427,-0.5068573,-1.1568573,-0.7368573,-1.4668573,-0.3768573,-0.2068573,0.4431427,-1.1868573,0.3831427,-0.1868573,-2.1868572,-3.3268573,-2.0768573,-1.5168573,2.2431426,-1.2768573,-2.6768572,-1.2568573
5.3731427,-2.6668572,8.143143,7.023143,3.8531427,4.5531425,0.2131427,3.6931427,2.7731428,2.3031428,0.6631427,0.7931427,0.9831427,1.6031427,-0.5768573,0.1931427,-0.5868573,-2.2368574,-5.8968573,-4.5668573,-5.496857,-5.3568573,-3.0268574,1.3131427,0.7531427,0.3131427,-1.1568573,0.8831427,-0.7068573,-0.5768573,1.2131428,0.8231427,-1.1968573,1.6031427,1.1131427,-1.5868573,-1.6668572,-5.0068574,-0.7068573,-1.7368573,1.7731427
-1.2468573,-9.026857,4.2631426,4.773143,3.5231428,3.0031426,2.0931427,2.7931428,3.0631428,2.1331427,3.2131426,2.8831427,1.8731427,2.1731427,1.1531427,0.6231427,0.1331427,-1.4968573,-3.2768574,-4.976857,-5.7968574,-1.1768574,-5.9468575,-1.3268573,0.0531427,0.7331427,0.9131427,1.9731427,-0.7668573,2.3331428,-0.2868573,1.0731426,2.4531426,-0.2368573,-0.1268573,0.3331427,0.9531427,-3.2268572,-0.7568573,-0.8968573,0.0531427
-4.0068574,4.9331427,3.6031427,3.6331427,1.5831428,3.6631427,2.9231427,4.7631426,3.8931427,3.8631427,4.1631427,4.173143,2.4831426,1.8131427,1.8031427,2.0031426,0.9731427,-0.5968573,-2.5068574,-4.6768575,-4.8568573,-3.1568573,-1.9568573,-3.0768573,-3.5168574,-2.3168573,-3.2568574,-1.5968573,-0.0568573,-1.5768573,-1.3068573,-0.8868573,-1.7468573,-1.8768573,0.6731427,-1.3168573,1.1231427,1.8531427,0.8831427,1.8531427,1.5631427
-0.9168573,0.9331427,2.6631427,3.1031427,1.8631427,4.173143,5.1131425,6.733143,5.1831427,5.3031425,4.8331428,3.3831427,2.6931427,1.2631427,1.4831427,1.0231427,0.5931427,-0.1768573,-1.5068573,-3.3568573,-3.5468574,-3.4168572,-3.6868572,-3.6868572,-3.2268572,-4.016857,-3.2568574,-3.4468572,-2.4668572,-2.4568572,-2.4568572,-0.0968573,1.5531427,0.9631427,-0.3468573,-1.7168573,-3.4168572,-4.3168573,2.2131426,0.7231427,0.2331427
1.7931427,0.2631427,1.5831428,4.0131426,3.9931426,5.3431425,3.7631426,3.7831428,3.0431428,2.8431427,1.3431427,3.3531427,2.2031426,2.0131426,1.2531427,0.4331427,-0.2668573,-1.6368573,-3.1768572,-2.1868572,-3.0668573,-1.9968573,-3.2268572,-2.7168572,-2.6468573,-1.6868573,-2.7468574,-4.846857,-3.7868574,-4.4868574,-1.0668573,-2.0868573,-0.7468573,3.1131427,2.4631426,-1.0468574,0.8731427,-1.0568573,-1.9068573,-0.6968573,-1.3668573
1.8431427,0.4331427,0.1931427,1.8431427,2.9631426,1.9031427,2.4431427,2.7031426,2.2131426,2.6831427,1.9731427,2.7831428,2.8131428,2.5131426,1.9531426,1.0431427,0.6131427,-1.1468573,-2.7068572,-2.2068572,-2.4568572,-3.2068572,-3.1768572,-3.1568573,-1.9768573,-0.5768573,-2.5068574,-3.1668572,-3.9468572,-4.2968574,-3.6468573,-3.7668574,-4.226857,-1.5268573,0.6231427,-1.0168573,-1.6068573,0.2031427,-0.5768573,0.4631427,-2.9568572
1.3231426,1.6531427,1.2831427,0.4131427,1.3331428,1.0031427,1.5431427,1.9331427,1.8231426,2.1331427,3.5731428,2.4231427,2.5731428,2.0631428,2.0831428,2.1631427,1.2431427,-0.0368573,-1.4168572,-1.1268573,-1.4168572,-2.3768573,-3.0268574,-3.0968573,-2.4468572,0.1531427,0.7931427,-0.9068573,-1.7268573,-2.8568573,-1.5768573,-2.0968573,-2.8468573,-3.0268574,-1.3068573,-0.0468573,-0.7568573,1.8131427,0.0331427,1.9831427,0.1931427
1.4531426,2.5631428,3.8031428,3.2631426,2.6031427,2.0431428,1.9431427,1.5831428,1.6331427,2.1331427,1.8431427,2.2531426,2.8731427,3.0531428,3.0031426,2.5231428,2.4431427,1.7031426,1.8031427,2.1831427,1.9931427,0.1631427,-0.2668573,-1.3168573,-1.4768573,-1.7668573,0.3531427,1.4031427,1.4131427,0.4631427,-0.1868573,-0.4568573,0.8431427,0.6231427,0.7931427,-1.5368572,-2.5768573,-0.5068573,1.9231427,1.1531427,0.9031427
3.4331427,4.5731425,4.9331427,4.3531427,4.1231427,3.1631427,3.0131426,3.0531428,3.0331428,3.1131427,3.0431428,2.9831426,2.9531426,2.4731426,1.4331427,0.1731427,0.7531427,1.2331427,1.8831427,1.7631427,1.8031427,1.8331428,1.7731427,1.7831427,1.8931427,0.8431427,-0.2268573,0.3431427,1.3831427,2.4331427,2.0631428,3.5431428,1.0131427,1.1631427,1.6831427,0.5131427,0.5631427,-2.2968574,1.3631427,3.8431427,2.9431427
0.9331427,6.483143,7.0931425,5.1631427,4.8331428,4.403143,4.2631426,3.7631426,3.4531426,2.6131427,2.6031427,2.6431427,0.6631427,0.6931427,-0.6468573,-0.9268573,-0.7068573,-0.2268573,1.8131427,0.7831427,0.1631427,-0.1068573,-0.0568573,1.1131427,1.6631427,1.5831428,1.7631427,1.8931427,1.6031427,1.7031426,2.8331428,2.7931428,2.8931427,2.5631428,2.4831426,1.5031427,1.3731427,2.8431427,2.1531427,1.1331427,0.5131427
-1.0768573,4.213143,6.2631426,5.7831426,3.0831428,3.9231427,3.2831428,3.1431427,2.1031427,1.4231427,1.5931427,-0.1068573,-0.3868573,-0.0168573,-1.6468573,-1.8468573,-1.8068573,-1.5568573,-1.3168573,-1.8568573,-0.8668573,-0.4468573,0.6531427,0.8231427,0.9131427,0.6131427,1.1231427,1.3931427,1.7231427,1.5231427,3.0831428,4.6431427,3.4531426,2.4331427,2.3731427,2.4731426,2.4431427,2.2331426,2.8431427,1.6731427,1.0931427
0.7431427,-0.8768573,0.7231427,1.9731427,-1.3268573,-0.3668573,2.1031427,1.2331427,1.1131427,0.6731427,0.2031427,-0.1568573,1.1531427,-1.0368572,-1.8068573,-2.3768573,-2.7968574,-2.9468572,-3.0568573,-2.8968573,-1.8168573,-0.8068573,0.2331427,0.1231427,-0.0968573,-0.4268573,-0.6268573,0.2631427,1.1831427,2.2431426,2.5231428,3.1831427,3.2231426,2.7431426,2.6131427,2.8331428,1.8431427,1.6331427,2.3931427,2.3031428,1.4431427
3.3031428,4.1831427,3.7331426,3.4631426,2.5331428,1.4431427,0.6131427,1.7131428,0.9331427,0.6831427,1.2531427,0.2131427,-0.3268573,0.0031427003,-1.2068573,-2.4368572,-2.3568573,-2.1768572,-2.2868574,-1.7468573,-1.1968573,-1.4168572,-2.1568573,-2.2268572,-2.3968573,-1.2768573,-0.0668573,1.0831428,0.6731427,0.0831427,0.2931427,4.043143,3.6031427,2.2031426,1.7131428,2.2431426,1.1431427,2.1931427,2.8331428,0.5431427,1.2431427
3.1531427,5.813143,3.8831427,4.153143,4.4931426,2.9731426,2.8931427,2.0631428,1.7131428,1.0431427,0.5431427,0.5831427,1.0931427,-1.0168573,-2.3168573,-2.2268572,-1.5968573,-1.8168573,-1.3068573,-1.7168573,-1.5568573,-1.4168572,-1.1568573,-0.4668573,-1.3068573,0.8431427,0.0731427,-0.3368573,2.5331428,1.4431427,4.563143,3.3331428,1.9931427,1.3331428,1.8331428,1.1831427,2.2531426,2.3831427,-0.7668573,3.4631426,1.1531427
