wind.json
{"header": {"discipline":0,"disciplineName":"Meteorological products","gribEdition":2,"gribLength":1039,"center":7,"centerName":"US National Weather Service - NCEP(WMC)","subcenter":0,"refTime":"2023-06-30T18:00:00.000Z","significanceOfRT":1,"significanceOfRTName":"Start of forecast","productStatus":0,"productStatusName":"Operational products","productType":1,"productTypeName":"Forecast products","productDefinitionTemplate":0,"productDefinitionTemplateName":"Analysis/forecast at horizontal level/layer at a point in time","parameterCategory":0,"parameterCategoryName":"UnknownDiscipline_0_Category_0","parameterNumber":0,"parameterNumberName":"UnknownParameter_D0_C0_0","parameterUnit":"Unknown","genProcessType":2,"genProcessTypeName":"Forecast","forecastTime":180,"surface1Type":1,"surface1TypeName":"Ground or water surface","surface1Value":0.0,"surface2Type":255,"surface2TypeName":"Missing","surface2Value":0.0,"gridDefinitionTemplate":0,"gridDefinitionTemplateName":"Latitude_Longitude","numberPoints":688,"shape":6,"shapeName":"Earth spherical with radius of 6,371,229.0 m","gridUnits":"degrees","resolution":48,"winds":"true","scanMode":64,"nx":43,"ny":16,"basicAngle":0,"lo1":45.0,"la1":40.0,"lo2":87.0,"la2":55.0,"dx":1.0,"dy":1.0}, "data":
[rows 0 to 15 of 16, columns 0 to 42 of 43]
297.79227,292.79227,311.29227,318.79227,322.29227,299.29227,298.39227,296.59225,326.99225,328.39227,326.99225,327.49225,327.79227,326.69226,327.69226,325.49225,324.79227,324.69226,327.69226,327.49225,323.39227,320.49225,316.69226,321.49225,317.99225,315.49225,313.09225,302.69226,302.59225,307.79227,307.49225,323.59225,322.29227,323.39227,329.59225,328.19226,323.39227,326.89227,322.79227,324.29227,330.99225,328.39227,329.69226
297.89227,314.09225,316.29227,301.99225,311.09225,297.59225,297.89227,295.89227,316.99225,329.79227,326.49225,327.69226,323.79227,323.69226,323.59225,325.29227,325.49225,327.29227,326.09225,327.59225,330.89227,325.59225,327.09225,320.99225,319.29227,318.59225,319.49225,321.79227,315.29227,297.49225,301.99225,301.19226,303.89227,302.59225,312.59225,319.79227,325.19226,322.49225,319.99225,329.49225,327.49225,332.69226,333.09225
301.19226,295.99225,289.99225,308.49225,297.69226,297.69226,297.69226,294.99225,330.79227,327.39227,323.09225,321.39227,324.39227,322.79227,322.89227,322.79227,326.29227,329.49225,329.39227,328.79227,334.49225,330.99225,328.19226,320.89227,325.29227,310.99225,299.29227,296.79227,301.49225,299.69226,298.09225,293.19226,296.49225,298.09225,308.09225,273.19226,297.79227,315.59225,316.79227,319.29227,323.99225,313.59225,284.69226
300.29227,303.19226,311.49225,297.79227,297.89227,297.79227,296.39227,322.89227,323.89227,323.69226,321.89227,321.69226,321.49225,322.59225,320.89227,323.59225,323.99225,324.89227,322.29227,324.09225,330.09225,331.99225,329.69226,321.49225,320.39227,311.89227,316.99225,315.09225,315.19226,315.49225,312.99225,297.49225,295.39227,294.19226,303.09225,301.19226,300.09225,299.19226,294.39227,295.99225,295.19226,296.59225,288.19226
309.69226,313.59225,314.39227,298.39227,298.49225,297.69226,303.59225,322.89227,324.89227,322.99225,323.39227,322.79227,321.99225,318.39227,295.69226,294.99225,323.09225,326.19226,322.29227,326.69226,328.09225,326.79227,327.49225,321.49225,324.29227,322.49225,322.39227,320.79227,320.49225,317.69226,319.99225,319.99225,322.69226,315.59225,325.29227,323.49225,317.79227,311.79227,294.29227,297.89227,293.79227,306.09225,318.59225
312.99225,313.59225,315.19226,298.99225,298.99225,299.69226,309.49225,320.09225,324.79227,325.69226,322.59225,322.89227,321.99225,316.39227,295.79227,295.19226,292.49225,322.69226,323.49225,319.79227,317.79227,321.29227,323.99225,328.59225,330.19226,328.49225,326.99225,328.39227,324.59225,313.19226,316.59225,319.09225,319.89227,318.09225,291.09225,283.89227,302.99225,317.69226,311.89227,326.29227,325.89227,325.39227,323.39227
311.89227,315.19226,316.99225,318.29227,299.59225,299.39227,299.09225,299.29227,325.69226,321.09225,322.29227,321.99225,321.49225,320.69226,297.99225,294.39227,308.19226,319.09225,320.79227,318.39227,317.99225,321.49225,319.49225,320.09225,323.69226,325.69226,322.69226,325.99225,325.09225,291.39227,323.39227,322.99225,322.19226,320.69226,321.29227,321.79227,308.49225,310.89227,298.79227,306.79227,323.99225,326.39227,319.29227
313.79227,315.99225,315.69226,317.49225,317.59225,319.89227,314.59225,324.09225,322.89227,319.39227,318.79227,317.59225,319.89227,317.89227,317.89227,319.19226,320.19226,321.09225,322.39227,320.79227,317.59225,317.29227,316.89227,316.99225,316.09225,317.49225,318.59225,320.99225,321.89227,325.89227,327.39227,327.19226,327.49225,332.19226,325.09225,322.69226,319.59225,312.39227,299.49225,288.89227,298.49225,288.29227,305.89227
313.69226,312.59225,315.89227,317.59225,317.79227,318.39227,320.49225,319.99225,321.29227,317.99225,318.09225,317.29227,315.29227,316.09225,316.49225,315.59225,318.79227,318.79227,323.09225,319.59225,318.29227,315.69226,313.89227,315.69226,315.09225,313.39227,312.39227,311.89227,312.59225,316.89227,305.49225,314.79227,321.19226,322.79227,312.19226,314.29227,306.39227,317.99225,320.09225,288.79227,315.99225,314.69226,309.39227
296.39227,314.09225,314.99225,316.49225,316.69226,317.99225,317.59225,318.49225,317.09225,316.39227,315.59225,313.69226,312.19226,312.59225,313.99225,315.09225,315.29227,316.19226,316.99225,316.59225,308.59225,315.39227,312.49225,311.69226,312.09225,310.99225,309.39227,310.49225,306.69226,306.09225,305.49225,303.39227,295.49225,294.19226,310.49225,314.19226,313.59225,307.59225,302.29227,306.99225,295.89227,293.19226,288.79227
308.09225,312.59225,312.49225,313.89227,313.49225,312.69226,314.09225,316.29227,314.39227,313.89227,313.19226,310.89227,309.89227,308.79227,309.99225,311.19226,311.39227,311.99225,312.19226,311.69226,312.09225,312.69226,309.99225,311.19226,312.19226,310.69226,309.29227,307.69226,307.39227,306.99225,303.09225,301.89227,302.99225,297.49225,303.69226,301.69226,307.59225,309.59225,301.69226,294.89227,298.89227,297.19226,293.39227
305.19226,299.59225,308.19226,308.69226,309.79227,308.39227,310.59225,312.19226,310.89227,306.69226,307.69226,307.99225,306.49225,305.79227,308.59225,306.59225,306.89227,307.29227,307.19226,308.69226,310.29227,306.49225,307.79227,308.79227,306.19226,305.79227,304.49225,303.79227,300.79227,306.49225,304.79227,309.99225,308.29227,307.89227,294.39227,291.89227,299.19226,302.09225,293.09225,291.19226,296.89227,294.59225,293.89227
300.79227,302.19226,305.29227,308.39227,308.99225,308.79227,306.69226,306.59225,306.49225,303.19226,301.89227,301.79227,302.19226,297.49225,304.79227,305.29227,304.99225,305.39227,305.59225,307.39227,305.79227,305.69226,304.19226,303.39227,304.69226,304.29227,303.69226,304.29227,306.09225,307.39227,307.99225,309.09225,305.09225,306.99225,306.69226,299.99225,298.79227,297.89227,302.69226,302.99225,298.09225,299.79227,297.79227
300.69226,301.19226,301.99225,303.89227,307.49225,305.19226,305.39227,305.09225,304.19226,306.59225,305.59225,303.29227,296.79227,294.19226,300.39227,301.19226,302.99225,303.19226,305.59225,303.69226,304.69226,302.09225,301.29227,299.79227,299.69226,299.39227,301.89227,305.19226,308.99225,307.29227,306.59225,304.79227,304.89227,304.89227,304.19226,302.89227,299.79227,296.69226,297.99225,297.69226,298.39227,298.99225,293.19226
300.99225,301.89227,302.69226,305.29227,298.29227,305.99225,303.79227,303.09225,301.49225,300.79227,302.19226,302.39227,300.09225,298.19226,300.89227,300.59225,300.69226,300.89227,301.19226,301.79227,302.79227,301.69226,301.69226,301.29227,301.49225,301.59225,301.79227,302.39227,301.99225,301.79227,302.29227,303.59225,303.99225,304.59225,303.19226,304.09225,300.89227,300.99225,298.69226,295.69226,294.39227,292.39227,288.79227
297.19226,294.49225,297.79227,302.79227,292.29227,305.69226,305.59225,303.89227,302.39227,300.79227,302.59225,300.99225,300.49225,299.09225,298.69226,300.79227,300.99225,301.39227,301.89227,301.39227,303.89227,300.29227,300.69226,300.69226,300.79227,299.29227,299.29227,297.89227,299.19226,299.39227,299.09225,298.39227,293.49225,290.19226,302.39227,302.99225,303.39227,302.59225,298.29227,293.79227,294.39227,291.99225,290.19226
