wind_kz.json
{"header": {"discipline":0,"disciplineName":"Meteorological products","gribEdition":2,"gribLength":1102,"center":7,"centerName":"US National Weather Service - NCEP(WMC)","subcenter":0,"refTime":"2023-08-19T06:00:00.000Z","significanceOfRT":1,"significanceOfRTName":"Start of forecast","productStatus":0,"productStatusName":"Operational products","productType":1,"productTypeName":"Forecast products","productDefinitionTemplate":0,"productDefinitionTemplateName":"Analysis/forecast at horizontal level/layer at a point in time","parameterCategory":2,"parameterCategoryName":"UnknownDiscipline_0_Category_2","parameterNumber":3,"parameterNumberName":"UnknownParameter_D0_C2_3","parameterUnit":"Unknown","genProcessType":2,"genProcessTypeName":"Forecast","forecastTime":300,"surface1Type":103,"surface1TypeName":"Specified height level above ground","surface1Value":10.0,"surface2Type":255,"surface2TypeName":"Missing","surface2Value":0.0,"gridDefinitionTemplate":0,"gridDefinitionTemplateName":"Latitude_Longitude","numberPoints":615,"shape":6,"shapeName":"Earth spherical with radius of 6,371,229.0 m","gridUnits":"degrees","resolution":48,"winds":"true","scanMode":64,"nx":41,"ny":15,"basicAngle":0,"lo1":47.0,"la1":41.0,"lo2":87.0,"la2":55.0,"dx":1.0,"dy":1.0}, "data":
[rows 0 to 14 of 15, columns 0 to 40 of 41]
-0.27574217,-0.4757422,3.1942577,11.1842575,6.114258,1.4742578,-2.6157422,2.1842577,0.8542578,0.16425781,0.13425781,-1.1157422,-3.3357422,-2.6757421,-5.695742,-5.5557423,-1.6857421,-0.08574219,0.77425784,1.8642578,1.2142578,3.0442579,0.2142578,1.5442578,1.0542579,2.784258,4.884258,3.4842577,-0.5657422,3.6642578,2.3042579,1.2242578,2.004258,3.274258,3.3742578,3.6742578,3.8442578,2.8842578,3.1142578,3.3642578,1.5742579
4.9242578,-1.0357422,11.064258,10.244258,6.324258,0.5642578,-1.7257422,2.3942578,1.6042578,1.3642578,0.09425781,-1.5457422,-0.9357422,-2.9057422,-4.7057424,-4.215742,-5.0357423,-1.2257422,-1.3657422,2.3342578,1.0942578,2.7242577,3.1842577,5.2342577,6.2142577,5.474258,4.204258,4.9642577,-1.7957422,2.784258,2.9142578,4.3142576,2.3242579,0.6742578,0.84425783,-0.075742185,-1.0157422,-1.2757422,-0.6357422,-2.2857423,-0.6357422
2.7942579,7.8342576,7.374258,6.264258,4.344258,1.8142579,0.7642578,-0.5157422,2.534258,1.9642578,1.2842578,2.764258,1.5042578,0.41425782,-1.7157422,-3.3657422,-3.235742,-3.4557421,-1.1557422,0.47425783,4.644258,1.3442578,0.9242578,5.534258,-1.3257422,2.254258,1.5742579,-1.2157422,1.2942578,2.8642578,-3.8257422,-2.5557423,0.6942578,-1.5957422,-0.53574216,4.8342576,5.684258,0.5342578,1.2342578,1.0842578,0.9542578
3.6142578,6.324258,5.054258,4.534258,2.494258,-0.8657422,3.244258,3.2042577,1.2642578,1.6542578,2.1242578,3.784258,4.204258,1.9042578,-0.78574216,-0.91574216,-1.2357422,-1.5057422,-1.8257422,-1.7557422,3.9842577,1.8842578,-0.20574218,4.0042577,0.2842578,1.9342579,2.4642577,-3.1357422,-2.735742,-6.4957423,-3.235742,-4.835742,2.6342578,6.654258,1.1542578,-0.12574218,-1.0357422,1.5542579,4.1042576,3.3042579,4.7142577
3.034258,5.534258,3.1742578,-0.36574218,-1.6257422,-1.2557422,1.5642579,-0.4157422,0.58425784,-0.05574219,-0.7557422,0.5142578,4.624258,2.9542577,2.774258,0.6742578,-1.5357422,-1.9157422,-2.1257422,-1.3057421,3.5842578,3.8142579,3.0642579,0.96425784,1.9742578,-1.7157422,1.2342578,-0.9957422,-2.6857421,-5.355742,-0.8857422,-1.6057422,1.6042578,0.3642578,-0.7657422,-1.6557422,0.1842578,0.4942578,-0.6357422,1.3942578,0.7542578
2.1942577,2.5442579,4.664258,2.0642579,-0.12574218,-0.91574216,-2.1057422,-2.6757421,-1.7657422,3.1342578,0.5042578,-0.3157422,-0.78574216,4.324258,4.0642576,1.5542579,0.4642578,-1.1957421,-2.6857421,-2.1857421,-2.2757423,4.204258,3.524258,3.9342577,1.4142578,1.0442578,0.7942578,-2.4457421,-5.625742,-6.7857423,-5.845742,-8.405743,0.3342578,3.7342577,4.014258,0.24425781,4.074258,3.744258,-2.0657423,-1.9757422,2.8642578
5.554258,4.204258,4.364258,3.6842577,2.8142579,1.9142578,1.5642579,1.0342578,-0.12574218,-0.26574218,-0.5457422,0.22425781,-0.29574218,-0.26574218,0.024257813,1.8742578,1.7642578,-0.2557422,-2.1057422,-3.2957423,-3.3357422,-4.875742,-2.6557422,2.6342578,1.1542578,-0.84574217,-2.2757423,-2.5457423,-7.7857423,-7.3057423,-10.235743,-9.985743,-5.4757423,-0.6457422,1.2942578,-1.0657421,-2.9457421,0.2142578,1.2742578,0.90425783,0.8942578
1.5342578,0.6342578,0.7842578,1.0242578,2.8342578,4.244258,2.3342578,0.064257815,1.3742578,0.90425783,0.9842578,1.1942579,0.48425782,0.58425784,0.5642578,0.014257813,3.5542579,3.244258,1.2242578,-0.3457422,-2.3657422,-3.6257422,-4.1657424,-5.375742,-6.125742,0.024257813,-2.8457422,-3.7057421,-3.725742,-6.335742,-8.345742,-11.225742,-4.2057424,-4.085742,-1.6057422,-0.7657422,-1.7457422,2.5842578,-2.5757422,-0.6957422,-2.005742
0.9742578,1.9942578,2.1342578,1.6042578,1.3242579,1.5542579,2.034258,1.9642578,1.9142578,2.014258,1.9742578,2.3542578,1.4542578,0.9542578,0.3342578,1.2642578,0.16425781,2.2342577,2.9742577,1.3442578,-0.4157422,-0.8857422,-1.3557422,-1.1857421,-3.8857422,-4.355742,-1.5957422,-1.4457421,-0.39574218,-2.8157423,-6.795742,-5.505742,-6.4157424,-3.0457423,-0.66574216,-2.8457422,-5.1457424,-1.8057421,1.5742579,2.2142577,-2.0257423
-0.91574216,-1.4657422,-1.0457422,-0.10574219,0.4042578,0.3042578,-0.06574219,0.044257812,0.8042578,1.4442579,1.5042578,1.5642579,1.8842578,2.6942577,3.3442578,0.7242578,-0.48574218,-0.3157422,-1.3257422,1.2742578,1.8642578,0.6242578,-0.4957422,-1.0957422,-0.45574218,-2.215742,-2.2857423,-0.21574219,0.84425783,0.7042578,-2.3257422,-5.365742,-5.385742,-7.0157423,-3.0257423,-1.6257422,-0.4057422,-3.5757422,-0.4757422,4.2742577,3.2142577
-0.78574216,0.4042578,1.2342578,1.2042578,1.7542578,2.034258,2.4342577,1.7942578,-0.3257422,-2.8257422,-2.8057423,0.7942578,-1.3857422,-3.5257423,-1.9457421,-1.0057422,1.2142578,1.2742578,-0.91574216,-1.2957422,1.3342578,1.6542578,1.4042578,1.1842579,-0.8157422,-0.9557422,-2.3657422,-4.065742,2.3842578,2.6442578,-0.7657422,-4.815742,-5.3957424,-4.045742,-4.4757423,-2.6257422,-0.23574218,2.1742578,0.2742578,-1.2057422,0.8042578
-2.245742,-3.2757423,-2.1757421,-1.9057422,-1.7857422,-2.0357423,-1.3457422,-0.19574219,-0.05574219,1.5842578,0.96425784,-0.1457422,0.9942578,1.8342578,0.6642578,0.4342578,2.6942577,0.6742578,0.7242578,1.1842579,-1.5157422,1.2942578,1.6142578,1.1642578,0.0042578126,-0.9257422,-1.6157422,-2.4557421,3.3042579,3.0842578,1.7542578,-0.29574218,-1.9957422,-5.215742,-4.865742,-5.4357424,-5.095742,-1.6157422,0.7442578,2.5542579,1.0442578
-1.9757422,-2.5757422,-2.4257421,-2.3057423,-2.4557421,-1.5557421,-2.235742,-1.2057422,-1.5257422,0.104257815,0.3642578,-0.5557422,-1.0357422,1.1042578,1.6542578,1.5042578,1.6542578,1.3642578,1.2542578,1.3142579,0.7942578,1.9342579,2.764258,2.5642579,1.6942579,0.5442578,-2.0157423,-2.4457421,0.6742578,3.5742579,3.3542578,1.3942578,0.6642578,0.2742578,-2.8157423,-4.365742,-4.905742,-2.1457422,-3.3757422,-2.8957422,0.4042578
-0.8057422,-1.3157421,-1.6957421,-1.2257422,-1.3357422,-0.9357422,-0.7057422,0.17425781,0.034257814,1.4642578,0.7542578,0.71425784,0.52425784,0.77425784,0.32425782,1.0342578,1.6542578,1.9142578,1.8642578,1.1542578,-1.7757422,-0.5857422,2.4342577,2.9642577,1.9142578,1.4142578,0.5142578,0.4242578,-1.1357422,-0.30574217,0.2842578,2.4242578,2.4742577,3.1642578,2.3642578,-0.9857422,-2.4457421,-3.215742,-2.3757422,-1.5057422,-1.6257422
-1.0657421,-2.1857421,-5.025742,-2.3357422,-2.5157423,-1.4557422,-2.245742,-0.9457422,-1.6057422,-0.2557422,1.9042578,2.6242578,1.6542578,-0.035742186,0.9742578,0.9142578,1.1642578,1.3442578,2.3242579,2.284258,1.3142579,-1.7557422,1.7742578,1.6042578,2.3542578,1.4042578,1.2642578,1.4742578,1.4142578,0.90425783,1.8442578,-0.4657422,-1.1157422,2.3642578,3.0842578,3.7142577,5.2742577,1.2142578,-0.4657422,0.24425781,0.22425781
