wind_kz.json
{"header": {"discipline":0,"disciplineName":"Meteorological products","gribEdition":2,"gribLength":871,"center":7,"centerName":"US National Weather Service - NCEP(WMC)","subcenter":0,"refTime":"2024-02-02T12:00:00.000Z","significanceOfRT":1,"significanceOfRTName":"Start of forecast","productStatus":0,"productStatusName":"Operational products","productType":1,"productTypeName":"Forecast products","productDefinitionTemplate":0,"productDefinitionTemplateName":"Analysis/forecast at horizontal level/layer at a point in time","parameterCategory":0,"parameterCategoryName":"UnknownDiscipline_0_Category_0","parameterNumber":0,"parameterNumberName":"UnknownParameter_D0_C0_0","parameterUnit":"Unknown","genProcessType":2,"genProcessTypeName":"Forecast","forecastTime":60,"surface1Type":1,"surface1TypeName":"Ground or water surface","surface1Value":0.0,"surface2Type":255,"surface2TypeName":"Missing","surface2Value":0.0,"gridDefinitionTemplate":0,"gridDefinitionTemplateName":"Latitude_Longitude","numberPoints":615,"shape":6,"shapeName":"Earth spherical with radius of 6,371,229.0 m","gridUnits":"degrees","resolution":48,"winds":"true","scanMode":64,"nx":41,"ny":15,"basicAngle":0,"lo1":47.0,"la1":41.0,"lo2":87.0,"la2":55.0,"dx":1.0,"dy":1.0}, "data":
[rows 0 to 14 of 15, columns 0 to 40 of 41]
273.80893,265.30893,272.40894,280.30893,280.40894,282.00894,278.20892,278.00894,275.30893,275.10895,274.30893,273.90894,272.90894,273.30893,272.60895,272.00894,272.10895,272.10895,273.60895,272.90894,273.60895,273.50894,272.80893,270.30893,269.50894,271.30893,266.00894,250.60893,248.90894,247.70894,249.50894,248.40894,255.20894,266.40894,268.60895,269.70892,269.60895,269.20892,269.10895,267.90894,268.60895
254.10893,272.50894,280.10895,279.80893,280.40894,281.10895,275.50894,277.90894,275.40894,275.40894,274.40894,273.70892,273.10895,272.40894,271.70892,272.00894,272.30893,272.20892,272.00894,272.30893,272.70892,272.20892,270.10895,263.20892,248.10893,250.60893,257.10895,248.00894,250.80893,247.10893,255.20894,240.50894,258.90894,235.90894,246.00894,258.40894,259.90894,266.20892,266.70892,262.20892,264.20892
272.70892,278.90894,280.10895,280.20892,280.40894,273.70892,273.90894,274.80893,274.80893,274.10895,273.90894,272.30893,272.50894,271.70892,270.10895,269.10895,270.10895,268.60895,270.50894,271.30893,272.10895,270.90894,270.60895,263.50894,269.50894,264.40894,264.30893,263.50894,266.20892,258.20892,249.40894,249.40894,251.70894,252.30893,251.30893,258.50894,251.50894,252.80893,250.20894,252.20894,250.10893
273.10895,275.70892,277.70892,278.90894,277.60895,271.30893,272.30893,275.00894,274.50894,275.30893,275.00894,273.80893,281.20892,281.80893,270.90894,269.00894,268.90894,268.50894,266.70892,269.50894,272.20892,261.80893,268.10895,267.20892,267.80893,269.10895,268.80893,263.50894,265.00894,264.50894,263.40894,261.40894,268.00894,262.00894,260.40894,262.40894,254.90894,255.60893,259.80893,257.40894,257.10895
275.10895,272.80893,271.40894,272.50894,272.90894,273.30893,272.30893,272.00894,273.20892,274.40894,273.40894,272.50894,279.10895,279.10895,278.30893,270.40894,267.70892,267.70892,268.10895,265.60895,269.20892,263.50894,264.10895,265.50894,263.70892,262.20892,263.40894,262.90894,266.40894,266.80893,266.60895,264.40894,257.70892,247.10893,261.00894,258.40894,261.00894,257.40894,259.00894,258.00894,259.70892
276.20892,275.10895,273.10895,273.00894,271.90894,272.10895,273.70892,272.40894,271.50894,272.30893,271.90894,272.10895,278.30893,279.30893,273.30893,270.70892,268.60895,271.20892,270.80893,269.90894,264.70892,265.50894,263.30893,262.90894,262.30893,258.10895,258.00894,262.40894,258.90894,262.40894,261.70892,265.50894,262.50894,261.20892,265.90894,264.40894,261.70892,261.20892,257.40894,258.20892,257.30893
272.60895,273.90894,275.80893,275.80893,274.00894,274.30893,273.70892,273.40894,271.10895,271.00894,270.60895,270.00894,270.10895,270.80893,269.80893,271.40894,272.40894,268.50894,269.50894,270.80893,264.20892,266.00894,267.50894,266.60895,266.90894,256.50894,254.80893,255.40894,253.10893,255.00894,254.40894,256.80893,255.60893,257.70892,259.30893,259.50894,260.50894,260.30893,257.70892,255.80893,256.40894
273.50894,273.40894,273.30893,273.10895,273.40894,273.70892,273.50894,273.20892,273.20892,271.20892,270.80893,271.00894,270.60895,270.40894,270.80893,271.10895,270.50894,271.40894,272.10895,270.30893,267.30893,268.20892,266.40894,266.50894,264.60895,260.30893,263.80893,258.60895,255.40894,253.20894,250.30893,250.50894,252.10893,254.40894,250.00894,248.70894,251.10893,255.00894,258.30893,256.80893,255.20894
273.00894,273.00894,273.20892,273.20892,273.20892,273.30893,273.20892,273.20892,273.20892,273.20892,272.20892,272.60895,271.30893,270.40894,270.40894,269.60895,269.40894,269.30893,266.70892,268.50894,268.60895,266.80893,266.50894,266.40894,264.30893,263.80893,262.10895,258.20892,257.40894,257.90894,256.00894,256.20892,260.50894,261.30893,255.50894,256.40894,255.50894,256.50894,254.70894,249.60893,248.20894
271.90894,272.50894,272.80893,273.20892,273.20892,273.20892,273.10895,273.20892,272.90894,273.20892,272.90894,272.00894,271.80893,271.90894,271.10895,269.90894,269.40894,268.80893,268.10895,267.00894,265.10895,264.80893,265.50894,264.60895,264.30893,267.20892,264.10895,260.80893,259.90894,260.60895,262.20892,265.30893,267.00894,263.20892,259.40894,254.10893,258.50894,256.20892,255.80893,259.60895,250.30893
268.60895,271.90894,272.40894,273.00894,273.20892,273.20892,273.20892,273.20892,273.10895,272.90894,272.50894,272.50894,272.40894,271.70892,270.10895,270.30893,268.80893,267.40894,267.40894,266.10895,265.90894,265.20892,263.00894,261.50894,258.90894,262.90894,265.90894,261.70892,263.70892,263.30893,265.40894,264.30893,264.20892,265.00894,264.00894,260.10895,259.10895,258.20892,259.00894,261.50894,256.20892
265.30893,268.20892,268.60895,268.80893,272.10895,272.70892,272.80893,272.60895,273.00894,273.00894,271.80893,271.20892,271.80893,271.10895,270.90894,269.70892,268.70892,268.10895,267.10895,265.20892,265.10895,264.20892,263.90894,263.20892,261.20892,261.90894,263.30893,264.80893,263.60895,262.30893,261.60895,260.70892,263.90894,262.30893,264.30893,265.50894,266.10895,265.10895,263.80893,264.70892,264.40894
265.50894,264.00894,265.60895,268.40894,270.20892,270.70892,272.30893,272.70892,272.30893,272.70892,271.10895,269.70892,270.80893,270.70892,270.60895,269.90894,269.40894,267.40894,266.20892,264.80893,264.90894,264.70892,263.80893,263.30893,264.00894,263.80893,264.10895,261.70892,260.70892,261.60895,260.80893,263.30893,264.20892,264.80893,265.40894,266.00894,265.40894,267.40894,267.50894,268.80893,267.80893
268.30893,268.60895,265.20892,266.60895,269.70892,269.60895,271.40894,272.20892,273.10895,272.70892,271.10895,263.80893,266.30893,269.80893,269.10895,268.70892,267.60895,265.60895,264.30893,264.40894,264.20892,264.20892,263.80893,263.60895,263.20892,262.30893,262.10895,260.80893,260.30893,260.30893,261.60895,262.50894,263.40894,264.10895,265.00894,265.90894,267.70892,268.60895,267.80893,267.70892,268.50894
269.00894,269.00894,265.80893,267.00894,267.20892,269.10895,269.00894,269.40894,272.90894,272.30893,271.00894,267.40894,264.30893,266.30893,266.80893,267.00894,266.00894,264.90894,264.40894,263.60895,263.00894,261.80893,258.80893,258.10895,259.00894,259.90894,260.30893,260.40894,260.50894,259.90894,259.80893,260.50894,261.50894,262.40894,263.90894,265.00894,266.00894,267.00894,269.10895,268.00894,268.70892
