wind_kz.json
{"header": {"discipline":0,"disciplineName":"Meteorological products","gribEdition":2,"gribLength":1025,"center":7,"centerName":"US National Weather Service - NCEP(WMC)","subcenter":0,"refTime":"2024-03-19T18:00:00.000Z","significanceOfRT":1,"significanceOfRTName":"Start of forecast","productStatus":0,"productStatusName":"Operational products","productType":1,"productTypeName":"Forecast products","productDefinitionTemplate":0,"productDefinitionTemplateName":"Analysis/forecast at horizontal level/layer at a point in time","parameterCategory":2,"parameterCategoryName":"UnknownDiscipline_0_Category_2","parameterNumber":3,"parameterNumberName":"UnknownParameter_D0_C2_3","parameterUnit":"Unknown","genProcessType":2,"genProcessTypeName":"Forecast","forecastTime":300,"surface1Type":103,"surface1TypeName":"Specified height level above ground","surface1Value":10.0,"surface2Type":255,"surface2TypeName":"Missing","surface2Value":0.0,"gridDefinitionTemplate":0,"gridDefinitionTemplateName":"Latitude_Longitude","numberPoints":615,"shape":6,"shapeName":"Earth spherical with radius of 6,371,229.0 m","gridUnits":"degrees","resolution":48,"winds":"true","scanMode":64,"nx":41,"ny":15,"basicAngle":0,"lo1":47.0,"la1":41.0,"lo2":87.0,"la2":55.0,"dx":1.0,"dy":1.0}, "data":
[rows 0 to 14 of 15, columns 0 to 40 of 41]
1.1784106,0.78841066,0.28841063,-4.601589,-4.1315894,-3.0015893,-1.3415893,-1.3415893,-1.8715893,-1.0215894,-2.2315893,-1.4115894,-2.5415893,-2.4315894,-3.6515894,-4.161589,-5.351589,-3.8715894,-6.121589,-3.9115894,-3.2715893,-4.081589,-3.0215893,1.2584107,1.8984107,2.6984107,2.0884106,2.9284105,-0.89158934,-2.3515894,-1.4715893,1.2684107,1.8184106,1.1084106,1.2584107,2.6984107,3.7684107,3.3184106,2.5084107,2.2884107,0.8984106
-1.0715894,1.4484106,0.35841066,-2.3315895,0.94841063,2.1584105,-0.29158935,0.62841064,0.06841064,-1.0515894,-1.4015894,-2.5115893,-2.3915894,-2.5915895,-4.5515895,-4.6715894,-2.6015894,-3.3815894,-4.3615894,-4.5015893,-4.641589,-4.331589,-2.7715893,2.4084105,-0.17158936,2.1884108,1.3784107,1.5484107,0.35841066,4.108411,-0.51158935,5.318411,1.9984107,0.85841066,2.7784107,1.7684107,2.1784105,3.6784105,1.6784106,2.1284106,1.5484107
1.0784106,3.4184105,2.3584106,1.9884106,0.98841065,1.9984107,2.2584107,1.7884107,1.5184107,-0.39158934,-2.5615892,-2.5315893,-2.6715894,-3.4215894,-3.3615894,-4.0115895,-4.1915894,-4.3015895,-4.3115892,-4.8615894,-5.0715895,-3.2215893,-0.18158935,2.2584107,-4.431589,0.11841065,0.028410645,3.8684106,1.7984107,2.8384106,-2.1415894,-3.4615893,-1.4915893,-2.6115894,-3.6015894,-3.4015894,-3.8815894,-2.3615894,-2.4715893,0.55841064,2.3284106
1.7284106,1.9984107,1.2484107,1.3684106,2.0484107,2.0384107,2.3284106,1.1684107,0.53841066,-0.45158935,-1.1615894,-2.7315893,-3.9915893,-4.911589,-3.1615894,-2.1615894,-2.7615893,-3.3615894,-3.4515893,-4.081589,-5.2515893,-1.8015894,-4.9915895,-2.9815893,-2.7415893,-2.2015893,-1.9115894,1.2184106,3.9284105,3.3884106,4.8284106,1.4584106,3.5584106,7.0084105,0.048410643,-1.7715894,4.7984104,3.7484107,-4.6515894,-2.9315894,-2.6015894
0.28841063,-0.63158935,-0.42158934,-0.21158935,-0.34158936,-0.23158936,-0.041589357,0.72841066,0.5284107,0.36841065,-0.6715894,-1.6115893,-3.3815894,-3.9715893,-4.0015893,-3.0315893,-3.3815894,-3.9015894,-4.121589,-4.4215894,-4.4415894,-4.3415895,-3.9415894,-4.0415893,-3.0815895,-1.8515893,0.018410645,-0.051589355,0.23841065,3.1484106,4.9284105,6.2284107,4.398411,2.4584107,1.4384106,0.8384106,-5.5515895,2.4584107,-1.0215894,-6.411589,-5.7015896
-0.50158936,-0.30158937,-1.3115894,-0.32158935,0.088410646,0.12841064,0.73841065,1.3584106,0.7084106,-0.21158935,-0.39158934,-0.7315894,-1.6415894,-3.0815895,-3.5015893,-3.5715895,-3.9215894,-4.4715896,-4.8115892,-3.6615894,-4.351589,-5.121589,-6.3115892,-6.7415895,-4.3615894,-1.5615894,-2.0215893,-1.1415894,1.0584106,3.5284107,0.97841066,3.1184106,3.2384107,4.5084105,2.4284105,-4.331589,-1.7215893,-4.6515894,-6.0615892,-3.6615894,-4.5415893
0.07841065,0.66841066,1.0484107,1.0184107,1.8684106,2.1084106,1.3584106,1.8484106,2.0984106,1.6784106,1.0984106,-0.20158936,-1.4615893,-2.3415895,-2.9915893,-3.8715894,-3.9415894,-4.0415893,-4.8015895,-3.3715894,-5.0415893,-6.5015893,-7.3615894,-7.411589,-6.0615892,-3.0515893,-4.0915895,-4.371589,-6.431589,-5.8215895,-3.6515894,-3.7115893,-5.2115893,-6.3215895,-0.28158936,-2.4115894,-0.011589356,2.5184107,-2.2915893,2.0284107,-5.8415895
0.8884106,0.7684106,1.8584106,0.94841063,0.85841066,1.8484106,1.7284106,1.0784106,1.3884107,1.8884107,0.5284107,-0.07158936,-0.41158935,-0.6115894,-1.1515894,-2.3415895,-2.8015893,-3.3715894,-3.8915894,-4.581589,-4.2815895,-5.851589,-7.2615895,-6.9515896,-5.8815894,-4.371589,-2.5315893,-2.6415894,-3.1715894,-6.3415895,-6.081589,-5.3815894,-4.8615894,-8.771589,-4.3115892,-3.9415894,-4.3815894,0.028410645,-2.3715894,2.2084107,0.24841064
1.0684106,0.34841064,0.06841064,-0.9215894,-0.36158934,0.67841065,0.47841063,-0.11158936,0.42841065,0.54841065,0.56841063,0.60841066,-0.90158933,-0.21158935,-0.6115894,-0.13158935,-0.9815894,-1.7315893,-2.1315894,-2.8215895,-1.8315893,-3.1715894,-4.7215896,-5.0715895,-4.9915895,-3.7715893,-1.7315893,-2.8115892,-3.7715893,-2.6715894,-5.3015895,-6.891589,-5.4615893,-6.2515893,-5.2015896,-6.581589,-0.96158934,-0.65158933,2.6884108,1.6984106,2.9984107
1.0284107,0.5184106,0.35841066,-0.31158936,-0.30158937,0.21841064,0.088410646,-0.20158936,-0.51158935,-0.041589357,-0.58158934,-0.70158935,-0.84158933,-0.76158935,0.18841064,0.21841064,0.72841066,0.66841066,0.088410646,-0.5315893,0.06841064,-0.84158933,0.44841063,-1.3715893,-1.6915894,-1.2715894,-0.7315894,-0.87158936,-1.2115893,-2.3915894,-3.3715894,-4.7315893,-6.0115895,-7.5215893,-8.391589,-2.4415894,0.038410645,1.2384106,-2.4215894,-2.4215894,-2.3815894
1.5584106,1.1484107,1.1084106,1.4784106,1.7184106,1.4484106,0.8984106,0.26841065,0.50841063,-0.16158935,-0.33158934,-1.1415894,-1.4115894,-0.07158936,0.7084106,0.8884106,1.9384106,2.4684107,3.0584106,2.6184106,2.0184107,1.7484107,0.8984106,1.5784106,1.8584106,0.91841066,0.42841065,-0.6615894,-1.0915893,-1.3815894,-2.4915893,-3.5115893,-4.2315893,-5.3015895,-7.4415894,-7.5615892,-2.8115892,-1.3415893,-2.6815894,-2.0715895,-1.4315894
0.29841065,0.69841063,0.9584106,1.1884106,0.40841064,0.5784106,0.45841065,-0.061589357,-0.081589356,0.09841064,-0.25158936,-1.4715893,0.21841064,1.0584106,0.69841063,2.1184106,2.7584107,3.3084106,3.9084105,4.7784104,4.4784107,3.6784105,3.0684106,3.0884106,2.7784107,2.7584107,2.5484107,2.4484107,1.4684106,0.36841065,-1.0715894,-3.0015893,-3.0415893,-4.641589,-3.6015894,-5.4615893,-4.6115894,-3.0815895,-1.2415893,-2.7915893,-1.7915894
0.65841067,0.09841064,-0.15158935,-0.17158936,0.10841064,0.27841064,0.59841067,0.28841063,-0.63158935,0.35841066,0.31841063,-0.90158933,0.11841065,-0.9715893,0.21841064,1.3784107,2.6184106,3.0084107,4.4284105,4.7584105,5.9784107,5.9884105,5.2184105,5.4384108,4.6184106,5.0484104,4.088411,3.3984106,2.8784106,2.9884107,1.8384106,0.7184107,-0.28158936,-0.9815894,-1.3915894,-2.1715894,-1.8715893,-1.3915894,-1.9715893,-0.99158937,-1.9315894
2.1284106,2.5984106,2.8384106,2.7284107,2.3284106,1.5984106,1.4784106,1.8184106,0.54841065,-0.21158935,0.59841067,-0.59158933,-0.23158936,2.0884106,0.6484106,0.36841065,1.5784106,2.9684107,3.8484106,4.418411,5.0984106,5.4584107,5.2784104,5.7084107,5.6184106,6.1984105,6.3484106,5.3684106,4.7084107,4.9484105,4.3084106,3.1584105,2.0084107,0.8384106,0.73841065,-1.0015893,-1.0815893,-0.96158934,-1.2315893,-1.8715893,-2.7015893
1.3784107,0.7784107,0.39841065,0.17841065,-0.091589354,0.33841065,-0.42158934,-0.39158934,-0.041589357,-0.34158936,1.1384107,1.0584106,-1.0615894,-2.3015893,-3.0215893,-1.6815894,-0.80158937,-0.75158936,0.8284106,3.3684106,4.2684107,5.4584107,5.8684106,6.2684107,6.9384108,7.1584105,7.2884107,6.7684107,6.4084105,5.9384108,5.5184107,4.6184106,3.0884106,2.3784106,2.2284107,2.0184107,1.5384107,-0.58158934,-0.8615894,-0.7215893,0.07841065
