wind_kz.json
{"header": {"discipline":0,"disciplineName":"Meteorological products","gribEdition":2,"gribLength":1025,"center":7,"centerName":"US National Weather Service - NCEP(WMC)","subcenter":0,"refTime":"2023-09-10T00:00:00.000Z","significanceOfRT":1,"significanceOfRTName":"Start of forecast","productStatus":0,"productStatusName":"Operational products","productType":1,"productTypeName":"Forecast products","productDefinitionTemplate":0,"productDefinitionTemplateName":"Analysis/forecast at horizontal level/layer at a point in time","parameterCategory":2,"parameterCategoryName":"UnknownDiscipline_0_Category_2","parameterNumber":2,"parameterNumberName":"UnknownParameter_D0_C2_2","parameterUnit":"Unknown","genProcessType":2,"genProcessTypeName":"Forecast","forecastTime":120,"surface1Type":103,"surface1TypeName":"Specified height level above ground","surface1Value":10.0,"surface2Type":255,"surface2TypeName":"Missing","surface2Value":0.0,"gridDefinitionTemplate":0,"gridDefinitionTemplateName":"Latitude_Longitude","numberPoints":615,"shape":6,"shapeName":"Earth spherical with radius of 6,371,229.0 m","gridUnits":"degrees","resolution":48,"winds":"true","scanMode":64,"nx":41,"ny":15,"basicAngle":0,"lo1":47.0,"la1":41.0,"lo2":87.0,"la2":55.0,"dx":1.0,"dy":1.0}, "data":
[rows 0 to 14 of 15, columns 0 to 40 of 41]
-0.23688965,-0.6568897,1.0431104,-0.0068896483,-2.3868897,-2.1768897,-4.4268894,-4.00689,-7.5968895,-3.1668897,-5.3068895,-5.8968897,-6.8368897,-5.8868895,-6.0568895,-4.44689,-2.9368896,-4.5968895,-4.5968895,-2.2468896,0.34311035,0.7831104,1.0831103,-0.7768896,0.89311033,-2.6568897,-2.7968895,0.42311037,1.2031103,0.41311035,0.95311034,2.3131104,1.3631103,1.0031104,-3.3068895,-3.6268897,-3.7768896,-5.21689,-4.5568895,-2.4568896,-1.2568897
1.5631104,0.16311035,-3.7768896,-3.2668896,-2.2368896,-0.5868896,-2.6568897,-6.25689,-4.6768894,-4.3768897,-5.4968896,-3.6868896,-5.2468896,-4.2068896,-4.5768895,-4.4268894,-2.9768896,-4.04689,-2.7768896,-0.33688965,-0.57688963,-0.36688966,0.36311036,-1.7968897,0.47311035,1.5131104,0.20311035,2.1031103,0.0031103515,-0.026889648,0.38311034,-0.0068896483,0.5331104,-1.9268897,-0.23688965,0.33311036,-0.99688965,-0.44688964,1.3231103,1.3831104,-2.7968895
1.3431103,-1.2368896,-0.17688964,0.20311035,2.3231103,-0.18688965,-3.1868896,-0.54688966,-3.5968897,-3.5668898,-3.0468895,-2.8468897,-3.4668896,-3.6868896,-5.25689,-4.8768897,-4.6368895,-3.4068897,-2.0268896,-0.8968896,0.6031104,-1.3468896,-5.73689,-3.6568897,2.5031104,0.07311035,-0.51688963,1.6331104,-1.2968897,-0.37688965,0.19311035,0.50311035,-0.08688965,-0.68688965,-1.9668896,-1.6068896,0.58311033,-0.28688964,4.0931106,3.0031104,2.4331102
-1.3168896,0.13311034,0.27311036,2.0231104,2.8331103,1.8231103,0.7231104,-0.18688965,-0.92688966,-1.6168896,-1.1568897,-2.6768897,-2.7468896,-6.2068896,-4.54689,-4.0168896,-3.7168896,-3.3868897,-2.9568896,-2.4868896,-3.7968895,-3.0068896,0.20311035,-1.8268896,-1.5768896,-0.69688964,0.37311035,-0.0068896483,-0.34688964,0.50311035,0.92311037,-0.22688965,3.9231102,4.99311,-1.7468896,-1.8268896,-0.6568897,2.2131104,0.6631104,-1.9568896,-1.7568897
1.3731103,1.5631104,3.9331102,3.7931104,3.5731103,2.8631103,1.6831104,1.7731104,3.0731103,1.9331104,-0.03688965,-2.1468897,-3.6368897,-4.25689,-4.5568895,-3.6568897,-3.2568896,-2.7668896,-3.1168897,-2.8168898,-3.6068897,-3.1968896,-2.9568896,-2.4068897,-2.2068896,-1.6868896,-2.7968895,-1.9368896,-1.4468896,-0.98688966,-0.23688965,-1.9568896,-1.3268896,2.5731103,-0.68688965,-0.096889645,0.23311035,-1.6968896,0.52311033,1.0331104,2.6331103
-0.7768896,0.9631103,4.5831103,6.76311,7.7531104,7.49311,4.1431103,2.5131104,2.0031104,2.9831104,2.1631103,-0.91688967,-1.5268897,-3.6668897,-4.3068895,-2.9168897,-2.5768898,-2.1368897,-1.7468896,-1.8868897,-1.7368896,-0.79688966,0.083110355,-0.54688966,-1.1268897,-1.7868897,-0.26688966,-1.5068897,-1.6668897,-1.1568897,-1.6068896,0.34311035,0.36311036,1.7531104,0.93311036,-1.7568897,1.4131104,1.7831104,4.6731105,-0.5868896,2.3831103
2.4731104,2.5631104,3.8331103,3.5031104,4.6631103,3.2431104,3.1131103,2.4831104,1.8031104,3.1531103,2.2231104,-1.7168896,-0.7168896,-1.4968896,-0.87688965,-0.6568897,0.07311035,0.45311034,0.76311034,1.1631104,0.68311036,0.9731104,1.2131103,1.0631104,0.93311036,1.7931104,0.82311034,0.11311035,1.0431104,0.55311036,1.3231103,0.73311037,1.4431103,0.28311035,-3.1768897,-1.3368896,-0.75688964,1.5131104,0.31311035,0.20311035,4.2531104
3.0831103,1.7131103,1.0631104,1.7731104,4.0631104,3.9931104,3.8631103,1.2731104,2.3331103,1.7731104,0.31311035,-1.5168897,-1.1468897,-0.10688965,1.6531104,2.1831102,0.19311035,-1.7968897,-1.3468896,-0.12688965,1.8831104,1.2431103,0.73311037,1.3331103,0.88311034,1.0631104,1.5331104,1.2031103,1.1431104,1.1931103,1.0231104,1.6831104,1.6531104,0.20311035,2.4231102,0.58311033,-0.47688964,3.9831104,2.3331103,4.1631103,1.0031104
0.45311034,1.1531104,1.4131104,1.4031104,2.3131104,0.67311037,0.21311036,1.3631103,1.6531104,-0.46688965,-2.2268896,-2.5368896,-0.72688967,1.9731103,2.4131103,1.2031103,0.14311035,-0.17688964,-0.9068897,-0.72688967,1.0031104,1.6231103,1.9731103,1.2131103,1.4731103,1.5731103,1.2531104,1.3131104,2.2531104,1.9931103,2.8031104,2.9231102,2.0731103,1.4431103,2.0531104,0.86311036,1.9131104,-2.2268896,-0.56688964,0.8531104,-0.15688965
0.16311035,0.29311034,0.61311036,1.0631104,0.43311036,-1.9068897,-1.0668896,-1.8568896,-2.5768898,-3.7868896,-4.23689,-1.9068897,2.0831103,1.5831103,-2.1468897,-2.2268896,-0.66688967,1.7431103,1.4631103,2.4931104,2.9731104,2.4731104,2.4231102,2.7231104,2.7331104,3.0131104,3.1331103,3.4631104,4.18311,5.01311,3.3931103,3.8731103,1.7831104,2.1431103,1.3431103,-0.57688963,-1.5168897,-1.2868897,-0.15688965,0.39311036,-0.15688965
0.5931103,0.83311033,-0.30688965,-1.0868896,-2.0768898,-2.8568897,-1.8968897,-3.3168898,-3.2068896,-2.7668896,-2.5868897,0.03311035,-0.5968897,-3.1868896,-1.8268896,0.19311035,1.3231103,2.8531103,2.5131104,1.8931104,1.1531104,1.7031103,2.0931103,2.3231103,0.17311035,0.69311035,2.2131104,3.2031105,4.6031103,4.8831105,5.6431103,3.1631103,1.9531103,2.0131104,0.6531103,-0.6468896,-1.2668897,0.7831104,-0.5868896,0.76311034,-0.9668896
-0.22688965,-0.54688966,-0.80688965,-2.5268896,-3.4668896,-2.4568896,-1.4268897,-3.3168898,-2.8468897,-2.8368897,-4.54689,-2.5368896,-2.1268897,-1.5768896,1.0631104,1.9231104,2.5031104,0.6031104,1.4131104,1.4331104,1.3331103,2.5031104,0.70311034,0.09311035,-0.18688965,0.99311036,1.6331104,3.2131104,2.6831102,1.2831104,2.1631103,2.2531104,1.4431103,1.9631103,1.4531103,0.61311036,0.10311035,-0.72688967,-0.86688966,0.043110352,0.83311033
0.47311035,0.38311034,-1.0468897,-2.4268897,-2.1768897,-1.9768896,-2.5668898,-0.99688965,-2.8668897,-1.8868897,-0.98688966,-0.17688964,0.47311035,1.5031104,1.7531104,1.0931103,0.82311034,0.67311037,0.64311033,1.0331104,1.8631103,0.9731104,0.83311033,-0.7068896,1.1131103,0.15311036,1.5731103,-0.40688965,0.013110352,0.62311035,-0.096889645,-0.92688966,-0.45688966,-1.9468896,-0.98688966,0.94311035,-1.1268897,0.46311036,1.5031104,1.1931103,0.7231104
-0.28688964,-0.24688965,-0.27688965,-0.94688964,-1.0968896,-1.5568897,-1.3168896,-1.9268897,-0.5268896,-0.5368897,-1.0668896,-0.18688965,0.99311036,1.8731103,2.0031104,1.5231104,1.3231103,0.6631104,-0.10688965,0.47311035,-0.24688965,-1.7968897,-2.0568895,-1.1568897,-0.096889645,0.52311033,0.43311036,1.3731103,0.45311034,2.5831103,1.0631104,-0.40688965,-0.76688963,-1.0468897,-1.4568896,-1.3968897,-0.57688963,1.5231104,-0.12688965,0.55311036,0.68311036
-0.06688965,-0.31688964,-0.92688966,-1.8968897,-1.9868896,-1.5768896,-1.1368897,-1.0268897,-0.096889645,-0.31688964,-0.61688966,0.93311036,0.64311033,1.6231103,1.6931103,1.6031103,1.1531104,0.51311034,-0.86688966,-0.5268896,-1.0668896,-1.6168896,-1.0468897,-0.94688964,0.14311035,0.87311035,1.2331103,0.44311035,-0.7868897,0.32311034,-1.3968897,-1.5968896,-1.8068897,-0.91688967,0.31311035,0.42311037,-0.12688965,1.0531104,1.7831104,0.17311035,-0.8368896
