wind_kz.json
{"header": {"discipline":0,"disciplineName":"Meteorological products","gribEdition":2,"gribLength":1025,"center":7,"centerName":"US National Weather Service - NCEP(WMC)","subcenter":0,"refTime":"2023-09-20T12:00:00.000Z","significanceOfRT":1,"significanceOfRTName":"Start of forecast","productStatus":0,"productStatusName":"Operational products","productType":1,"productTypeName":"Forecast products","productDefinitionTemplate":0,"productDefinitionTemplateName":"Analysis/forecast at horizontal level/layer at a point in time","parameterCategory":2,"parameterCategoryName":"UnknownDiscipline_0_Category_2","parameterNumber":2,"parameterNumberName":"UnknownParameter_D0_C2_2","parameterUnit":"Unknown","genProcessType":2,"genProcessTypeName":"Forecast","forecastTime":240,"surface1Type":103,"surface1TypeName":"Specified height level above ground","surface1Value":10.0,"surface2Type":255,"surface2TypeName":"Missing","surface2Value":0.0,"gridDefinitionTemplate":0,"gridDefinitionTemplateName":"Latitude_Longitude","numberPoints":615,"shape":6,"shapeName":"Earth spherical with radius of 6,371,229.0 m","gridUnits":"degrees","resolution":48,"winds":"true","scanMode":64,"nx":41,"ny":15,"basicAngle":0,"lo1":47.0,"la1":41.0,"lo2":87.0,"la2":55.0,"dx":1.0,"dy":1.0}, "data":
[rows 0 to 14 of 15, columns 0 to 40 of 41]
-1.1418604,1.2281396,-3.0318604,-6.4318604,-4.2618604,-2.7018604,-5.75186,-4.2618604,-4.3718605,-2.9118605,-2.5418603,-0.54186034,-0.07186035,2.4081397,-0.86186033,-0.8118603,1.5481397,-3.4718604,-0.36186036,4.6381397,-3.2918603,-4.3618603,8.748139,7.6181397,3.2981396,4.6681395,4.9081397,2.5481396,-0.021860352,0.09813965,0.44813964,1.1881397,-2.2418604,-1.6518604,-2.0918603,-0.34186035,2.4181397,2.1281397,1.6981397,2.3381395,0.71813965
0.77813965,-4.94186,-10.85186,-7.0518603,-4.1318603,1.6481396,-5.5718603,-5.42186,-4.48186,-3.5118604,-1.4918604,-1.8418603,-2.2718604,-1.0218604,-0.73186034,0.09813965,0.30813965,0.57813966,-3.6218603,1.7681396,0.89813966,2.7081397,6.1081395,-1.6118604,-0.41186035,-0.41186035,0.77813965,0.09813965,0.19813965,-0.25186035,-0.24186035,-0.5618603,-1.4818604,-1.7718604,0.70813966,-0.091860354,-0.78186035,-0.65186036,0.35813963,1.3481396,-1.5318604
-7.71186,-9.45186,-9.041861,-6.2818604,-3.9118605,-4.0818605,-5.3218603,-4.3918605,-4.9118605,-4.8518605,-5.8318605,-4.1618605,-3.0218604,-0.19186035,-0.66186035,-1.3918604,-1.4818604,-2.2018604,0.088139646,0.33813965,5.74814,6.0481396,8.50814,-6.3118606,0.6881397,-3.1218603,-2.4018602,-1.1018604,0.5581396,-1.8718604,-1.0818603,-0.011860352,-0.92186034,-1.4818604,-2.3818603,-0.54186034,1.0481397,-0.091860354,5.6281395,1.4981396,-1.5718603
-10.64186,-10.01186,-7.1418605,-2.7718604,0.47813964,-5.0718603,-3.7818604,-5.0318604,-4.6318603,-5.4918604,-5.8218603,-5.27186,-2.1118603,-0.44186035,-0.21186036,-2.7718604,-2.0818603,-2.7618604,-3.3618603,-2.3818603,-2.6118603,-4.1018605,-0.16186035,-0.6218603,-4.8718605,-3.2818604,-5.21186,-6.15186,-5.5818605,-3.1018603,-1.1418604,-0.14186035,3.4081397,1.8381397,-2.0218604,0.19813965,0.84813964,1.6581397,0.27813965,0.35813963,0.43813965
-9.751861,-7.90186,-6.3618603,-5.8418603,-4.5418606,-5.3918605,-5.2418604,-5.3118606,-4.8218603,-5.23186,-5.0918603,-5.8818603,-3.6718605,-1.6318604,1.8781396,-2.5218604,-3.2118604,-2.7318604,-2.8718603,-3.3118603,-3.4218605,-3.8018603,-2.0318604,-0.091860354,-3.4118605,-1.8718604,-5.4518604,1.4481397,-3.4118605,-3.1318603,-2.6318603,-2.1318603,-0.13186035,0.6781396,-1.5618603,-1.5518603,6.4581394,0.41813964,0.21813965,0.22813965,2.5481396
-7.8718605,-7.0118604,-5.15186,-4.8618603,-4.3918605,-2.4918604,-5.1818604,-4.6118603,-4.17186,-3.4618604,-3.6218603,-4.27186,-4.1118603,-2.4818604,-2.0918603,-2.5818603,-2.9018602,-3.1818604,-3.2618604,-3.1818604,-3.8918602,-3.5318604,-2.6618605,-2.4918604,-2.9918604,-3.6418602,-5.3018603,-3.3218603,-2.6718605,-2.8718603,-4.4918604,-3.7218604,0.10813965,-0.99186033,0.6781396,1.1781397,3.0381396,4.9381394,7.4681396,-4.4718604,-4.0818605
-4.98186,-5.3718605,-5.19186,-3.9718604,-1.8918604,-1.4918604,-3.8618603,-3.1718605,-2.5718603,-1.3518604,-1.8918604,-3.5918603,-3.7518604,-3.5818603,-2.8918602,-2.6218603,-1.6618603,-1.7118603,-1.9918604,-3.3818603,-4.4918604,-4.73186,-3.9618604,-2.8818603,-2.7918603,-2.8518603,-2.9118605,-3.4618604,-3.1818604,-2.2118604,-3.0518603,-2.5718603,-3.0418603,-0.58186036,3.0781395,2.9381397,0.88813967,-0.98186034,2.3181396,-0.55186033,4.4681396
-4.5318604,-3.8718603,-4.9118605,-3.6418602,-3.7918603,-3.0918603,-0.97186035,-2.5518603,-0.14186035,1.0581397,-1.7918603,-1.5318604,-2.5718603,-3.1118603,-2.4818604,-1.8618604,-1.6818603,-1.8618604,-1.6718603,-1.9018604,-4.00186,-3.6018603,-3.7618604,-3.2518604,-3.2018604,-2.6018603,-1.5418603,-1.5118604,-2.1718605,-2.1318603,-3.0218604,-2.8118603,-4.8918605,-1.3518604,-1.2418604,-0.31186035,1.2381396,4.72814,6.82814,8.998139,6.9381394
-2.0318604,-1.9618603,-2.7018604,-2.7118604,-1.8418603,-1.6218604,-1.1218604,0.15813965,1.0681397,1.5181396,1.8681396,0.6181396,-2.1018603,-2.5918603,-2.7718604,-2.6118603,-2.8718603,-3.0118604,-2.7118604,-2.6918604,-3.5918603,-3.6618605,-2.9218605,-2.8018603,-2.8518603,-2.5018604,-1.8518604,-2.5318604,-1.5818603,-2.3718603,-2.7718604,-2.4518604,-0.71186036,0.71813965,1.4881396,2.4081397,2.4781396,0.7381396,0.8081396,0.42813966,1.0981396
0.45813966,-0.31186035,0.41813964,-0.64186037,-0.35186034,-0.34186035,0.72813964,0.5581396,1.5181396,2.0181396,1.3381397,2.8681397,-1.6118604,-1.7118603,-2.6718605,-2.3218603,-2.3118603,-2.7318604,-2.9118605,-2.9218605,-3.3018603,-3.2918603,-3.2118604,-3.1318603,-2.9118605,-1.6618603,-3.1218603,-2.4518604,-2.2118604,-2.1018603,-0.60186034,-0.89186037,1.0381397,1.8381397,1.5581397,1.7781396,1.7381396,2.2481396,1.4681396,1.6081396,1.7181396
-0.10186035,0.12813964,0.46813965,0.64813966,0.6881397,1.7981397,1.3581396,1.0481397,0.7481396,1.1381396,1.8981396,1.6081396,-0.13186035,-0.13186035,-0.5718604,-1.3318603,-1.7318604,-1.5918603,-2.1418602,-1.6618603,-2.0718603,-2.3418603,-2.5818603,-2.3918602,-2.4818604,-2.4318604,-1.1718603,-1.3518604,-0.64186037,0.11813965,0.6781396,0.9381397,0.96813965,0.7481396,1.4581397,0.28813964,-0.21186036,0.48813966,0.53813964,-0.54186034,1.6181396
1.2781396,1.5381397,1.9081397,2.0081396,2.8981397,2.7881396,2.2381396,1.7981397,0.9281396,0.97813964,2.2081397,-0.22186035,1.7881397,2.3681397,2.0781395,1.9281397,1.8181397,1.0081396,0.46813965,-0.70186037,-0.46186036,-0.8118603,-0.72186035,-0.5718604,-1.1818603,-0.43186036,0.21813965,0.58813965,1.5181396,2.4681396,1.7481396,1.4581397,1.5581397,1.7281396,1.6381396,1.8081397,1.8981396,2.0081396,1.8681396,0.8181397,0.01813965
2.8281395,3.6981397,3.2981396,3.4781396,3.1381397,2.5281396,2.8081396,2.5881395,2.3781397,0.76813966,1.5981396,1.7181396,0.26813966,2.0981398,-0.20186035,0.90813965,1.6081396,1.9181397,0.47813964,0.31813964,0.64813966,0.40813965,0.31813964,0.54813963,1.0081396,1.3881396,1.6581397,2.0481396,2.0881395,2.1381397,1.7881397,1.8281397,2.3081396,3.1081398,2.6981397,2.4781396,2.7881396,2.0881395,2.8581398,2.8681397,1.4481397
3.6081398,3.7981396,2.2581396,3.7181396,3.3981397,3.4881396,3.6781397,3.4281397,2.8781397,2.0181396,1.8381397,1.9581397,0.75813967,1.1081396,1.4281397,0.8681396,1.6981397,1.3681396,1.2181396,1.6881397,1.7181396,2.1281397,1.7481396,1.6881397,1.9681396,2.1781397,2.6681397,2.8681397,2.3581398,2.9581397,3.3581398,2.7381396,1.5381397,3.5581396,2.5181396,2.4581397,2.4381397,2.5481396,2.7181396,2.0681396,3.2281396
3.2981396,4.8981395,2.4681396,5.0881395,4.1681395,4.0881395,4.3381395,4.0281396,3.3581398,1.9881396,1.5781397,3.2481396,1.4281397,0.6781396,0.95813966,1.7281396,1.8881396,2.1081398,2.2681396,2.6081398,2.9181397,2.8881397,2.5781395,2.7181396,2.3981397,2.5081396,2.5181396,2.7481396,2.9681396,2.7781396,3.2081397,3.8581398,3.1581397,2.9081397,2.5581396,3.0381396,1.9881396,2.0281396,2.5281396,2.7281396,1.3881396
