wind_kz.json
{"header": {"discipline":0,"disciplineName":"Meteorological products","gribEdition":2,"gribLength":871,"center":7,"centerName":"US National Weather Service - NCEP(WMC)","subcenter":0,"refTime":"2023-08-24T00:00:00.000Z","significanceOfRT":1,"significanceOfRTName":"Start of forecast","productStatus":0,"productStatusName":"Operational products","productType":1,"productTypeName":"Forecast products","productDefinitionTemplate":0,"productDefinitionTemplateName":"Analysis/forecast at horizontal level/layer at a point in time","parameterCategory":0,"parameterCategoryName":"UnknownDiscipline_0_Category_0","parameterNumber":0,"parameterNumberName":"UnknownParameter_D0_C0_0","parameterUnit":"Unknown","genProcessType":2,"genProcessTypeName":"Forecast","forecastTime":0,"surface1Type":1,"surface1TypeName":"Ground or water surface","surface1Value":0.0,"surface2Type":255,"surface2TypeName":"Missing","surface2Value":0.0,"gridDefinitionTemplate":0,"gridDefinitionTemplateName":"Latitude_Longitude","numberPoints":615,"shape":6,"shapeName":"Earth spherical with radius of 6,371,229.0 m","gridUnits":"degrees","resolution":48,"winds":"true","scanMode":64,"nx":41,"ny":15,"basicAngle":0,"lo1":47.0,"la1":41.0,"lo2":87.0,"la2":55.0,"dx":1.0,"dy":1.0}, "data":
[rows 0 to 14 of 15, columns 0 to 40 of 41]
295.09784,287.59784,293.09784,300.1978,300.09784,299.09784,298.39783,300.6978,298.99783,300.79782,299.29782,300.79782,300.59784,300.59784,300.59784,297.99783,297.09784,297.99783,294.99783,296.89783,297.39783,293.79782,292.1978,289.1978,290.1978,292.59784,290.29782,275.79782,273.89783,275.59784,276.49783,279.09784,287.09784,293.09784,292.89783,292.39783,292.29782,293.79782,293.6978,294.09784,296.89783
276.99783,293.39783,299.89783,300.1978,300.49783,298.79782,298.59784,297.6978,297.79782,298.39783,299.29782,298.89783,298.49783,297.89783,295.59784,297.1978,298.29782,295.29782,294.29782,293.59784,294.09784,296.09784,294.39783,286.89783,275.6978,276.29782,284.99783,274.39783,276.1978,275.1978,277.79782,271.89783,279.59784,261.29782,276.39783,290.39783,288.99783,290.89783,295.29782,287.79782,283.89783
293.89783,299.59784,300.49783,300.49783,299.09784,297.1978,297.49783,297.09784,296.39783,296.49783,296.79782,297.6978,296.1978,297.09784,297.6978,297.29782,296.39783,295.89783,295.99783,295.89783,293.79782,293.89783,292.89783,290.29782,292.09784,292.49783,295.99783,291.99783,292.29782,283.1978,272.79782,275.39783,280.49783,278.99783,280.29782,283.39783,274.99783,276.09784,278.6978,275.09784,273.49783
294.29782,300.49783,300.39783,299.89783,297.39783,296.09784,297.39783,296.29782,296.09784,296.1978,296.39783,296.1978,296.09784,295.39783,295.59784,294.6978,297.99783,297.99783,299.09784,297.49783,294.79782,290.59784,297.09784,299.99783,293.79782,299.79782,297.39783,294.6978,292.89783,294.49783,294.59784,291.89783,293.89783,290.29782,289.99783,286.59784,276.6978,275.1978,280.59784,289.49783,293.1978
299.09784,300.29782,300.49783,300.6978,299.39783,297.79782,299.59784,299.89783,296.09784,296.6978,295.79782,295.29782,296.1978,294.79782,292.1978,296.09784,296.59784,296.6978,295.79782,297.89783,298.1978,298.79782,296.1978,296.29782,295.6978,295.89783,294.79782,296.99783,291.1978,294.09784,296.79782,292.59784,282.09784,270.79782,283.49783,290.59784,293.49783,296.99783,296.09784,296.39783,295.89783
294.59784,293.1978,298.59784,299.89783,300.49783,300.1978,296.59784,294.09784,298.29782,297.09784,295.29782,293.99783,294.89783,295.1978,294.39783,295.09784,296.79782,296.79782,296.29782,298.39783,298.6978,297.89783,296.09784,295.99783,295.6978,294.89783,296.1978,293.6978,296.09784,297.59784,294.49783,296.29782,293.29782,290.89783,290.09784,291.59784,285.59784,286.99783,293.79782,295.1978,295.49783
297.1978,293.09784,297.89783,296.29782,296.59784,295.99783,294.89783,293.99783,293.39783,294.59784,293.1978,292.29782,291.89783,291.99783,291.29782,295.29782,296.1978,297.1978,296.6978,296.1978,296.29782,296.49783,296.89783,298.1978,296.09784,295.09784,295.1978,295.6978,294.6978,294.39783,295.09784,293.89783,293.39783,294.79782,292.49783,290.09784,286.29782,283.29782,278.79782,279.6978,291.29782
293.59784,294.09784,292.79782,292.49783,294.89783,294.79782,295.6978,295.49783,293.6978,290.59784,288.99783,289.39783,288.6978,290.39783,291.99783,293.49783,294.39783,295.09784,296.39783,293.39783,292.6978,293.29782,293.6978,296.09784,294.89783,293.89783,293.59784,292.89783,291.39783,293.99783,292.09784,292.79782,290.99783,288.1978,287.99783,290.49783,291.49783,289.29782,289.79782,290.09784,288.6978
292.79782,290.59784,291.09784,292.59784,293.6978,291.39783,288.39783,291.09784,287.89783,287.39783,286.49783,286.09784,286.1978,288.59784,289.79782,291.29782,292.29782,292.99783,294.1978,292.6978,291.29782,293.39783,292.39783,293.1978,290.49783,293.6978,290.6978,290.29782,289.1978,287.29782,288.59784,289.89783,292.1978,291.6978,290.49783,287.49783,287.89783,287.6978,276.89783,278.49783,277.59784
291.09784,289.49783,287.6978,288.89783,287.99783,288.99783,290.89783,291.29782,287.49783,284.79782,285.39783,285.29782,286.1978,286.99783,287.99783,288.39783,289.49783,289.89783,290.29782,292.09784,291.09784,292.49783,293.6978,293.59784,294.29782,291.09784,291.09784,287.39783,289.89783,289.89783,289.79782,292.59784,293.6978,293.6978,291.79782,288.39783,287.49783,283.99783,279.79782,278.89783,279.09784
290.49783,289.99783,286.59784,288.09784,290.09784,290.59784,288.6978,285.09784,285.29782,283.79782,284.29782,283.59784,285.79782,284.99783,285.49783,286.59784,285.89783,287.09784,289.49783,289.09784,290.89783,292.79782,292.99783,292.99783,291.09784,292.29782,290.49783,292.49783,290.49783,292.09784,293.6978,293.79782,293.1978,294.39783,292.49783,288.49783,285.99783,283.09784,280.59784,281.89783,281.09784
286.1978,286.09784,286.29782,286.59784,285.39783,285.59784,285.49783,284.99783,283.99783,283.29782,283.79782,281.79782,283.39783,283.99783,284.89783,284.39783,284.49783,285.6978,286.6978,288.09784,288.49783,287.49783,289.59784,290.89783,289.49783,291.09784,292.39783,293.1978,293.29782,292.99783,291.59784,292.79782,292.89783,290.99783,291.59784,290.39783,289.79782,288.49783,288.09784,286.79782,285.59784
286.49783,286.89783,285.29782,284.79782,284.6978,284.49783,283.1978,281.89783,285.89783,284.59784,281.89783,278.6978,281.1978,284.49783,282.49783,282.89783,282.6978,282.09784,282.89783,282.6978,283.39783,285.6978,287.49783,287.59784,288.59784,289.49783,291.6978,290.89783,292.99783,292.09784,291.59784,291.6978,291.39783,290.89783,291.1978,290.6978,289.89783,289.89783,289.09784,287.89783,287.29782
286.09784,285.79782,288.99783,286.59784,285.79782,285.29782,283.39783,285.29782,284.49783,282.89783,279.39783,277.6978,278.29782,280.29782,281.49783,281.59784,282.1978,280.79782,281.39783,281.89783,282.29782,282.6978,285.89783,286.49783,288.6978,288.6978,288.79782,288.6978,291.59784,290.6978,290.6978,290.99783,290.49783,288.49783,288.29782,289.1978,288.99783,288.49783,288.1978,287.99783,287.99783
283.09784,284.79782,291.29782,284.59784,284.39783,283.6978,282.89783,278.6978,278.39783,277.1978,277.49783,275.79782,277.79782,278.1978,279.1978,280.6978,281.1978,281.29782,282.59784,280.59784,280.79782,280.99783,281.39783,283.59784,285.49783,286.49783,288.1978,288.1978,287.59784,288.29782,288.59784,287.6978,290.39783,288.49783,288.29782,288.29782,288.39783,288.1978,288.1978,288.6978,288.1978
