wind_kz.json
{"header": {"discipline":0,"disciplineName":"Meteorological products","gribEdition":2,"gribLength":871,"center":7,"centerName":"US National Weather Service - NCEP(WMC)","subcenter":0,"refTime":"2023-08-26T00:00:00.000Z","significanceOfRT":1,"significanceOfRTName":"Start of forecast","productStatus":0,"productStatusName":"Operational products","productType":1,"productTypeName":"Forecast products","productDefinitionTemplate":0,"productDefinitionTemplateName":"Analysis/forecast at horizontal level/layer at a point in time","parameterCategory":0,"parameterCategoryName":"UnknownDiscipline_0_Category_0","parameterNumber":0,"parameterNumberName":"UnknownParameter_D0_C0_0","parameterUnit":"Unknown","genProcessType":2,"genProcessTypeName":"Forecast","forecastTime":60,"surface1Type":1,"surface1TypeName":"Ground or water surface","surface1Value":0.0,"surface2Type":255,"surface2TypeName":"Missing","surface2Value":0.0,"gridDefinitionTemplate":0,"gridDefinitionTemplateName":"Latitude_Longitude","numberPoints":615,"shape":6,"shapeName":"Earth spherical with radius of 6,371,229.0 m","gridUnits":"degrees","resolution":48,"winds":"true","scanMode":64,"nx":41,"ny":15,"basicAngle":0,"lo1":47.0,"la1":41.0,"lo2":87.0,"la2":55.0,"dx":1.0,"dy":1.0}, "data":
[rows 0 to 14 of 15, columns 0 to 40 of 41]
312.32678,297.12677,309.9268,299.4268,299.0268,298.9268,310.82678,318.9268,316.32678,315.4268,312.4268,313.32678,312.32678,311.82678,311.62677,310.9268,309.9268,309.22678,310.0268,310.22678,311.22678,304.72678,304.12677,300.9268,303.9268,303.0268,297.62677,284.9268,284.12677,279.32678,276.4268,279.4268,292.4268,301.72678,306.4268,305.9268,306.32678,308.32678,308.82678,308.0268,306.62677
294.22678,307.0268,299.4268,299.5268,299.4268,298.72678,316.62677,315.5268,313.22678,312.12677,312.4268,311.0268,309.4268,307.62677,310.32678,310.12677,310.0268,308.62677,308.82678,308.4268,307.82678,303.22678,301.72678,290.82678,279.22678,280.9268,290.62677,284.5268,285.4268,280.12677,283.5268,275.62677,284.22678,269.9268,284.4268,301.4268,301.72678,305.62677,309.32678,299.32678,284.62677
309.72678,299.82678,299.9268,299.82678,298.32678,311.0268,310.72678,313.5268,311.22678,309.9268,309.0268,309.82678,307.9268,309.12677,309.22678,308.4268,307.82678,307.22678,307.4268,307.82678,307.22678,303.62677,300.82678,295.0268,301.12677,298.12677,296.12677,293.32678,290.9268,282.62677,273.4268,277.0268,285.82678,282.82678,284.22678,286.0268,280.22678,282.62677,286.9268,285.12677,283.82678
310.0268,299.82678,299.9268,299.22678,300.72678,310.72678,312.5268,310.72678,311.4268,310.62677,309.32678,307.5268,296.0268,294.82678,309.22678,307.82678,306.72678,306.9268,306.72678,306.4268,303.72678,300.22678,303.4268,303.5268,303.72678,304.5268,299.62677,298.0268,296.72678,295.9268,291.72678,293.12677,298.12677,294.12677,295.9268,287.4268,280.82678,286.0268,287.72678,297.82678,302.5268
314.62677,299.32678,299.5268,299.32678,304.22678,309.82678,311.4268,311.62677,306.12677,308.62677,308.72678,307.32678,295.4268,293.9268,291.82678,304.72678,305.32678,303.62677,302.4268,303.82678,305.22678,307.12677,305.4268,305.0268,303.32678,304.0268,301.9268,297.12677,299.72678,296.0268,292.9268,291.5268,281.0268,275.4268,289.5268,298.72678,295.4268,304.62677,305.22678,305.62677,307.12677
315.5268,312.5268,297.32678,298.12677,299.22678,298.4268,307.72678,300.9268,297.5268,297.5268,295.0268,298.12677,295.62677,294.72678,297.72678,300.72678,302.82678,303.32678,302.72678,302.9268,301.22678,301.22678,302.22678,302.32678,301.9268,300.5268,301.5268,293.32678,300.12677,298.82678,294.9268,296.22678,296.32678,297.82678,293.5268,292.9268,288.0268,289.62677,299.62677,305.9268,303.9268
306.12677,307.82678,305.0268,304.5268,305.32678,301.12677,306.12677,305.32678,297.0268,295.12677,297.4268,292.5268,294.62677,298.82678,299.4268,300.82678,302.62677,303.82678,303.4268,302.0268,300.62677,300.12677,300.22678,299.9268,298.12677,298.5268,298.72678,300.72678,298.12677,297.12677,296.22678,296.72678,299.5268,298.22678,296.4268,293.22678,289.22678,289.5268,287.0268,288.72678,296.32678
307.82678,309.4268,304.82678,301.22678,306.62677,306.22678,307.0268,305.72678,297.12677,295.72678,297.4268,293.4268,291.4268,295.32678,296.82678,297.9268,299.82678,300.4268,300.62677,298.22678,298.32678,299.0268,296.12677,297.0268,295.62677,292.82678,293.12677,294.72678,293.4268,297.22678,296.0268,297.72678,295.22678,293.5268,292.32678,294.62677,296.82678,289.4268,297.9268,298.4268,297.12677
306.32678,305.82678,305.62677,305.72678,303.4268,300.0268,295.32678,300.5268,294.0268,294.4268,292.5268,292.32678,294.12677,289.9268,294.0268,296.12677,295.72678,297.72678,294.9268,294.12677,291.62677,294.32678,296.4268,296.4268,293.32678,293.5268,291.32678,286.62677,289.32678,289.82678,293.82678,294.62677,295.5268,295.12677,296.12677,293.0268,290.5268,293.72678,285.12677,288.22678,288.4268
303.5268,301.82678,297.4268,294.62677,293.82678,293.4268,292.72678,291.22678,292.0268,289.4268,291.4268,286.12677,289.5268,288.4268,288.82678,292.72678,290.0268,296.32678,293.0268,293.32678,291.82678,292.62677,294.4268,293.62677,294.62677,293.0268,291.62677,290.5268,288.62677,292.12677,292.4268,295.62677,296.62677,296.72678,296.5268,291.22678,287.0268,287.5268,287.4268,290.32678,288.82678
293.72678,293.4268,291.82678,293.9268,288.4268,289.32678,292.12677,291.72678,288.9268,289.22678,285.4268,285.9268,289.0268,285.0268,288.12677,287.22678,287.32678,289.0268,289.0268,290.9268,292.82678,290.22678,291.32678,291.82678,292.0268,291.4268,290.62677,293.0268,291.12677,294.62677,295.22678,297.12677,296.72678,293.5268,292.9268,290.9268,285.22678,286.72678,288.62677,289.72678,289.9268
296.5268,296.9268,295.12677,292.0268,289.32678,289.22678,286.22678,288.62677,288.12677,289.62677,286.32678,286.12677,289.32678,285.4268,287.62677,285.32678,285.12677,286.22678,288.4268,289.32678,287.22678,289.32678,289.9268,289.0268,290.82678,289.72678,292.12677,293.0268,293.22678,294.0268,293.62677,294.12677,293.22678,294.5268,293.32678,292.4268,292.12677,289.4268,289.0268,290.82678,291.62677
290.0268,291.22678,290.5268,287.32678,288.4268,287.9268,285.62677,288.32678,287.62677,283.62677,281.4268,278.82678,283.5268,282.62677,284.0268,285.62677,285.32678,284.9268,287.32678,287.4268,287.12677,287.9268,287.0268,286.72678,289.5268,289.62677,290.82678,292.12677,292.22678,292.4268,292.72678,292.9268,291.12677,296.62677,293.82678,291.4268,289.4268,289.4268,289.32678,292.32678,292.9268
287.12677,286.0268,289.12677,284.62677,282.0268,280.72678,284.5268,282.62677,285.12677,282.22678,281.0268,278.9268,283.12677,282.4268,283.72678,286.22678,289.9268,290.5268,290.32678,288.4268,291.12677,288.12677,287.62677,287.32678,289.22678,287.12677,286.32678,289.9268,290.5268,291.9268,292.82678,295.0268,295.12677,295.22678,295.0268,292.32678,290.22678,289.5268,291.72678,292.32678,294.4268
285.62677,286.5268,290.72678,282.22678,281.12677,280.0268,280.0268,280.22678,282.0268,285.4268,283.5268,283.4268,283.12677,284.5268,283.72678,287.32678,289.32678,287.22678,290.62677,291.9268,289.12677,290.22678,288.82678,284.72678,283.72678,284.72678,287.22678,289.4268,292.32678,292.32678,292.62677,289.5268,293.22678,293.72678,294.0268,292.82678,289.72678,291.82678,293.9268,295.5268,295.72678
