wind_kz.json
{"header": {"discipline":0,"disciplineName":"Meteorological products","gribEdition":2,"gribLength":948,"center":7,"centerName":"US National Weather Service - NCEP(WMC)","subcenter":0,"refTime":"2023-08-22T00:00:00.000Z","significanceOfRT":1,"significanceOfRTName":"Start of forecast","productStatus":0,"productStatusName":"Operational products","productType":1,"productTypeName":"Forecast products","productDefinitionTemplate":0,"productDefinitionTemplateName":"Analysis/forecast at horizontal level/layer at a point in time","parameterCategory":0,"parameterCategoryName":"UnknownDiscipline_0_Category_0","parameterNumber":0,"parameterNumberName":"UnknownParameter_D0_C0_0","parameterUnit":"Unknown","genProcessType":2,"genProcessTypeName":"Forecast","forecastTime":60,"surface1Type":1,"surface1TypeName":"Ground or water surface","surface1Value":0.0,"surface2Type":255,"surface2TypeName":"Missing","surface2Value":0.0,"gridDefinitionTemplate":0,"gridDefinitionTemplateName":"Latitude_Longitude","numberPoints":615,"shape":6,"shapeName":"Earth spherical with radius of 6,371,229.0 m","gridUnits":"degrees","resolution":48,"winds":"true","scanMode":64,"nx":41,"ny":15,"basicAngle":0,"lo1":47.0,"la1":41.0,"lo2":87.0,"la2":55.0,"dx":1.0,"dy":1.0}, "data":
[rows 0 to 14 of 15, columns 0 to 40 of 41]
317.62915,301.52914,306.32916,300.12915,300.22916,299.32916,311.62915,323.02914,322.32916,320.42914,318.72916,320.22916,318.72916,318.82916,318.82916,318.62915,318.02914,318.42914,321.52914,319.22916,319.32916,313.52914,313.82916,308.32916,312.02914,314.22916,309.42914,293.72916,290.92914,290.92914,290.02914,290.22916,298.62915,307.32916,308.22916,309.02914,309.92914,308.82916,307.92914,308.62915,307.82916
288.72916,306.12915,299.62915,299.92914,300.42914,299.32916,316.42914,321.42914,319.42914,318.72916,319.02914,317.42914,316.32916,315.12915,315.32916,316.82916,317.22916,317.92914,317.92914,318.62915,320.02914,315.42914,312.72916,303.32916,295.22916,291.62915,303.12915,292.32916,294.12915,285.52914,291.62915,282.72916,290.82916,270.62915,286.52914,303.82916,300.12915,305.12915,308.72916,300.62915,286.42914
311.52914,299.52914,299.92914,300.02914,298.92914,315.42914,316.62915,316.22916,317.02914,315.62915,317.12915,317.62915,315.32916,313.32916,313.52914,313.82916,314.52914,315.02914,315.92914,316.92914,318.92914,316.72916,314.32916,308.72916,312.32916,310.52914,311.12915,311.02914,308.92914,294.52914,285.12915,285.62915,289.92914,294.62915,294.82916,297.52914,286.32916,288.32916,288.22916,283.82916,282.02914
313.02914,300.72916,300.02914,299.12915,299.92914,313.12915,314.32916,315.02914,314.02914,311.02914,312.12915,313.82916,296.82916,295.82916,310.42914,311.92914,312.12915,313.82916,315.22916,315.42914,315.52914,311.72916,314.52914,314.12915,313.52914,313.32916,314.62915,311.42914,310.92914,311.42914,312.22916,307.22916,311.62915,310.92914,309.62915,303.12915,288.62915,286.42914,290.32916,300.22916,305.42914
314.52914,300.42914,300.42914,300.02914,305.62915,312.92914,313.92914,315.12915,313.32916,312.82916,307.92914,315.12915,297.62915,295.72916,292.72916,311.62915,312.22916,309.92914,310.92914,312.62915,314.52914,316.62915,315.42914,314.12915,314.02914,314.22916,312.52914,307.82916,313.32916,312.12915,313.62915,311.32916,294.72916,284.12915,294.12915,306.92914,304.92914,311.42914,311.02914,309.72916,310.52914
312.22916,309.42914,298.42914,299.62915,300.02914,299.42914,313.32916,312.72916,312.62915,311.82916,312.62915,314.92914,298.92914,296.52914,302.22916,307.62915,310.62915,310.52914,311.12915,312.32916,312.62915,312.42914,312.82916,313.22916,313.12915,311.82916,312.42914,296.02914,312.82916,312.42914,312.22916,313.82916,312.22916,309.12915,303.72916,304.02914,297.02914,299.42914,309.02914,309.82916,307.42914
310.72916,310.62915,311.22916,311.92914,307.82916,310.92914,310.32916,301.92914,302.22916,311.72916,309.72916,310.92914,302.02914,311.22916,310.22916,308.82916,308.72916,308.92914,309.22916,309.12915,310.22916,310.42914,311.72916,311.42914,309.82916,310.72916,309.92914,311.62915,311.72916,312.02914,312.32916,312.02914,311.62915,311.32916,307.72916,305.52914,298.72916,294.82916,292.72916,288.82916,302.62915
309.92914,309.92914,310.02914,310.22916,312.42914,311.02914,314.22916,308.12915,300.42914,300.72916,309.42914,309.22916,309.22916,308.02914,310.02914,308.52914,307.82916,307.12915,307.22916,303.62915,303.42914,305.52914,308.22916,306.72916,302.42914,304.12915,304.52914,305.62915,304.62915,301.12915,306.22916,307.22916,305.82916,304.12915,303.62915,306.82916,306.52914,291.42914,303.32916,305.32916,301.62915
298.42914,305.82916,308.22916,308.02914,306.72916,307.72916,301.62915,300.32916,297.22916,306.82916,298.42914,305.12915,304.12915,304.62915,307.42914,306.82916,305.32916,305.42914,304.62915,304.22916,298.22916,301.62915,298.22916,303.32916,296.32916,302.72916,299.62915,299.02914,300.82916,297.92914,300.62915,300.02914,304.52914,305.22916,299.52914,303.02914,302.22916,300.72916,287.42914,287.82916,287.12915
301.82916,297.32916,298.82916,307.42914,304.92914,306.02914,298.62915,304.32916,303.72916,295.12915,294.62915,296.12915,301.92914,303.42914,303.92914,303.82916,304.22916,303.52914,302.72916,301.42914,299.02914,295.12915,300.12915,300.92914,299.22916,297.62915,293.62915,295.32916,296.82916,299.32916,299.82916,301.32916,298.72916,306.02914,303.12915,297.02914,298.62915,294.42914,290.92914,283.82916,284.12915
297.52914,304.12915,303.82916,297.72916,302.12915,303.02914,302.82916,303.52914,300.22916,292.42914,295.62915,295.72916,298.52914,294.92914,298.42914,296.02914,297.02914,296.32916,299.72916,294.82916,293.02914,292.82916,295.22916,295.22916,298.32916,292.42914,292.02914,297.02914,300.22916,302.52914,300.02914,296.62915,296.42914,304.52914,295.52914,290.62915,295.52914,292.12915,291.02914,291.82916,290.02914
295.02914,302.12915,295.32916,298.12915,302.42914,301.02914,298.22916,298.92914,299.72916,297.82916,294.62915,289.72916,293.32916,296.92914,292.52914,297.72916,292.52914,292.82916,293.42914,291.72916,295.32916,292.62915,291.82916,291.92914,291.32916,294.42914,297.52914,294.42914,301.52914,300.12915,299.42914,300.02914,302.32916,302.42914,303.82916,298.92914,300.92914,299.72916,297.72916,297.02914,295.92914
296.22916,294.22916,296.22916,297.42914,299.52914,297.72916,299.02914,300.92914,300.82916,297.02914,291.12915,287.12915,290.02914,289.22916,293.92914,290.92914,294.32916,294.52914,291.02914,289.22916,289.42914,293.02914,292.02914,291.42914,290.52914,292.22916,295.72916,292.32916,296.32916,291.52914,292.92914,299.92914,302.62915,302.72916,303.02914,299.72916,299.72916,299.82916,297.72916,296.52914,296.02914
292.02914,295.52914,289.52914,294.52914,291.72916,294.52914,295.02914,295.22916,295.82916,295.22916,290.12915,287.52914,291.62915,290.82916,289.32916,291.12915,293.12915,293.22916,294.62915,292.72916,290.62915,291.02914,289.82916,294.72916,288.82916,289.82916,289.22916,289.42914,290.62915,291.12915,296.22916,299.42914,298.72916,300.82916,300.42914,300.82916,299.72916,298.52914,298.12915,295.82916,295.82916
290.22916,286.92914,291.32916,285.52914,284.62915,285.72916,292.62915,291.52914,294.72916,294.42914,289.72916,288.72916,286.42914,289.02914,289.92914,290.82916,292.12915,293.42914,295.12915,294.42914,294.12915,291.52914,291.72916,290.72916,294.42914,289.42914,288.32916,285.92914,287.52914,291.02914,291.02914,290.52914,297.22916,295.62915,299.02914,300.22916,299.82916,297.72916,298.62915,297.72916,297.22916
