wind_kz.json
{"header": {"discipline":0,"disciplineName":"Meteorological products","gribEdition":2,"gribLength":1025,"center":7,"centerName":"US National Weather Service - NCEP(WMC)","subcenter":0,"refTime":"2025-04-05T00:00:00.000Z","significanceOfRT":1,"significanceOfRTName":"Start of forecast","productStatus":0,"productStatusName":"Operational products","productType":1,"productTypeName":"Forecast products","productDefinitionTemplate":0,"productDefinitionTemplateName":"Analysis/forecast at horizontal level/layer at a point in time","parameterCategory":2,"parameterCategoryName":"UnknownDiscipline_0_Category_2","parameterNumber":3,"parameterNumberName":"UnknownParameter_D0_C2_3","parameterUnit":"Unknown","genProcessType":2,"genProcessTypeName":"Forecast","forecastTime":60,"surface1Type":103,"surface1TypeName":"Specified height level above ground","surface1Value":10.0,"surface2Type":255,"surface2TypeName":"Missing","surface2Value":0.0,"gridDefinitionTemplate":0,"gridDefinitionTemplateName":"Latitude_Longitude","numberPoints":615,"shape":6,"shapeName":"Earth spherical with radius of 6,371,229.0 m","gridUnits":"degrees","resolution":48,"winds":"true","scanMode":64,"nx":41,"ny":15,"basicAngle":0,"lo1":47.0,"la1":41.0,"lo2":87.0,"la2":55.0,"dx":1.0,"dy":1.0}, "data":
[rows 0 to 14 of 15, columns 0 to 40 of 41]
-5.814235,2.7057648,-3.0142353,7.645765,2.2057648,0.5657648,0.71576476,-1.8542352,-0.65423524,-1.7642353,-1.5542352,-2.6442351,-2.3942351,-2.4542353,-2.2442353,-1.6542352,-1.3842353,-1.2942352,-0.6842352,-0.35423523,-1.8142352,-4.4442353,-1.1742352,-1.0642352,2.0457647,0.73576474,0.47576478,2.7957647,0.65576476,-2.5842352,-2.9742353,-2.7742352,-2.7942352,-0.53423524,-2.6342351,0.49576476,1.4057648,1.7857648,-0.65423524,1.6557648,1.9457648
5.455765,-0.8042352,-0.33423522,1.6657648,2.1057649,-0.04423523,3.6457648,2.0657647,-0.25423524,-0.43423522,-1.7942352,-1.3742353,-1.2442353,-1.4242352,-0.84423524,-0.40423524,-0.44423524,-0.5442352,-0.60423523,-0.05423523,-0.6842352,0.26576477,1.1857648,4.2457647,0.18576477,1.7457647,-0.72423524,2.2957647,4.3857646,2.4757648,3.7357647,-0.8842352,-2.3442352,-3.6742353,0.03576477,1.6857648,0.41576478,1.4257648,1.5657648,-0.51423526,-0.30423522
1.0857648,2.6157649,0.52576476,0.46576476,1.3757647,3.3957648,1.8657647,0.49576476,0.24576478,-1.8442352,-3.5742352,-4.124235,-3.7742352,-3.7142353,-2.5542352,-1.6042352,0.17576477,0.84576476,0.96576476,2.0257647,2.7057648,1.6257647,1.9857647,5.185765,0.08576477,-0.77423525,1.2957648,2.2357647,-1.4142352,-1.5042353,1.5157647,-1.3342352,-2.3642352,-2.3842351,1.4457648,0.13576478,-0.70423526,1.0157647,0.0057647703,0.6357648,-0.45423523
2.3157647,1.3957648,-0.09423523,-0.53423524,0.9557648,2.7857647,1.5457648,0.46576476,-1.5942352,-3.8442352,-5.0742354,-5.2342353,-3.4242353,-1.4742352,-2.8442352,-2.3142352,-0.96423525,-0.14423522,2.1357648,3.085765,4.1357646,7.605765,4.6957645,3.585765,2.7857647,0.8857648,-1.4242352,5.455765,2.7357647,-1.9142352,-1.8342352,-1.0842352,4.125765,-0.10423523,0.54576474,-0.6842352,1.5157647,2.4857647,-2.0342352,-2.5442352,-2.0542352
2.4857647,2.5457647,0.39576477,-2.3642352,-3.9442353,0.71576476,0.7457648,-1.1242353,-2.2042353,-3.7642353,-5.974235,-7.6342354,-3.3242352,-2.0542352,1.6757648,0.89576477,1.8357648,2.1357648,2.8957648,4.165765,5.315765,4.735765,4.875765,3.0657647,1.9557648,4.3657646,2.2457647,-2.1942353,-2.5842352,-1.2442353,-1.5342352,-2.9542353,4.085765,2.2957647,-0.02423523,2.4957647,0.65576476,-1.3442352,1.0757648,2.4457648,-0.16423523
1.8757647,5.565765,4.7657647,3.3857648,1.8057648,0.9357648,0.34576476,0.015764771,-1.4742352,-3.9842353,-7.0742354,-7.284235,-6.914235,-4.3042355,-0.58423525,-0.8142352,2.1457648,5.7257648,5.215765,3.3857648,5.5557647,6.025765,4.9757648,3.5057647,3.9257648,3.2657647,-1.0242352,-2.3542352,0.47576478,0.6157648,1.1857648,0.7557648,0.59576476,-1.0042353,-1.3042352,1.0657648,-0.64423525,-2.3542352,-0.41423523,2.5357647,-1.2842352
-0.8742352,-2.2242353,0.98576474,1.9257648,4.835765,2.8857648,5.505765,-0.7542352,0.26576477,-4.5542355,-6.5742354,-7.5242352,-7.4442353,-5.814235,-4.394235,-3.9342353,1.5757648,4.6957645,5.9457645,5.165765,4.105765,5.065765,3.1157649,3.8557649,3.4457648,2.5257647,4.8057647,4.415765,3.8857648,3.3657649,3.8057647,4.5357647,1.2957648,1.0657648,1.2857648,-0.97423524,0.8257648,0.34576476,-1.5942352,1.5057647,-3.8342352
4.6357646,5.2657647,3.1857648,0.45576477,-1.0342352,-0.96423525,-1.3842353,-2.2342353,-1.7742352,0.02576477,-4.3842354,-4.434235,-9.624235,-6.704235,-2.2242353,-3.1742353,1.3557647,1.8857647,0.5057648,2.4657648,1.4057648,1.3657647,1.6157647,2.8957648,3.3757648,6.165765,6.8257647,4.605765,3.8157647,2.9957647,2.3757648,2.0457647,1.5757648,-0.39423522,-1.6142353,-1.8342352,-1.3942353,-0.5742352,1.6457648,-2.2842352,-0.7342352
3.0557647,2.7257648,1.7757648,1.8357648,-0.7442352,-0.9442352,-2.0342352,-2.9442353,-0.8042352,0.5757648,1.2857648,-2.4742353,-4.084235,-8.084235,-6.1342354,-1.9442352,-1.2242352,1.3757647,1.1357647,3.0557647,2.8257647,1.2257648,3.0357647,4.045765,5.5157647,6.545765,6.1757646,5.1357646,4.875765,4.435765,3.6057649,2.7857647,1.4357648,0.8657648,1.2657647,0.7557648,0.85576475,-2.0742352,-2.664235,-2.4442353,-2.414235
3.4957647,2.4457648,0.5057648,0.19576477,-0.51423526,-0.9342352,-0.7542352,-1.5442352,-2.7542353,-2.1142352,-0.52423525,1.0857648,-0.15423523,-2.3542352,-5.724235,-4.1942353,1.5157647,1.0957648,-0.40423524,0.78576475,4.505765,6.0757647,7.605765,6.3057647,5.125765,5.6357646,5.0957646,3.4257648,3.4257648,3.6157649,3.6557648,2.6257648,2.5957649,1.2657647,0.47576478,0.055764772,-0.25423524,1.3257648,-0.37423524,-0.45423523,-0.39423522
3.3557649,3.2357647,0.96576476,0.16576476,-0.48423523,0.055764772,-0.9242352,-1.3742353,-1.7142352,-1.4342352,-1.9842353,-2.2342353,3.835765,-1.0342352,-0.06423523,-2.3542352,2.2857647,2.1657648,4.855765,3.9957647,4.145765,4.275765,4.025765,4.1357646,3.4157648,3.4757648,3.5157647,4.1157646,4.085765,3.7757647,2.0357647,2.0757647,1.0857648,0.23576477,2.0557647,2.9557648,0.6757648,0.09576477,-0.48423523,-1.5642352,-0.65423524
5.3657646,2.4757648,1.9057648,0.53576475,0.66576475,-0.35423523,-0.6342352,-1.1242353,-2.0942352,-1.4442352,-0.90423524,-0.90423524,2.9757648,1.6457648,5.275765,2.585765,2.2157648,2.4857647,3.5257647,3.6057649,2.7657647,2.5457647,2.4557648,2.9357648,3.5457647,4.3257647,3.7657647,3.8657649,4.4057646,3.835765,2.2057648,1.0457648,0.6757648,0.17576477,0.9957648,2.1057649,2.8757648,2.2657647,0.9257648,0.15576477,-0.18423523
3.9157648,3.6657648,1.8957648,1.7957648,0.90576476,0.07576477,-0.97423524,-1.7642353,-1.6442353,0.06576477,-0.20423523,-0.5442352,3.5657647,3.8857648,3.6257648,4.7457647,3.8157647,3.7457647,1.8557647,3.0457647,3.9057648,3.8257647,4.255765,4.105765,3.5757647,3.8557649,4.1157646,3.2457647,2.6557648,2.0757647,1.6557648,0.9257648,0.6957648,0.42576477,-0.85423523,-1.3542352,-0.39423522,0.18576477,1.1957648,1.3957648,0.53576475
3.0557647,3.3557649,0.42576477,0.41576478,-0.29423523,0.0057647703,-1.2042352,-0.8042352,-0.014235229,1.9857647,0.6757648,0.9557648,0.8257648,3.9557648,5.415765,5.0557647,4.3257647,3.8057647,4.625765,3.6857648,3.7057648,3.6757648,3.4057648,4.105765,4.3057647,4.585765,3.7557647,3.1757648,2.585765,1.5957648,1.3857647,1.4757648,1.2057648,0.35576478,-1.3542352,-1.2042352,-0.65423524,-0.39423522,-0.22423524,0.8057648,0.40576476
2.585765,1.9957647,-1.4742352,-0.16423523,-1.5542352,-1.7242352,-2.1842353,-2.2442353,-2.6142352,1.4257648,1.8157648,1.9357648,2.7257648,1.4157648,5.0957646,3.0457647,5.335765,3.7057648,4.5157647,4.1757646,3.9757648,4.1357646,3.7357647,3.8457649,3.0957649,2.4757648,2.8157647,3.2957647,2.6757648,2.5657647,1.3357648,0.03576477,0.58576477,0.46576476,0.31576478,0.02576477,0.53576475,1.5757648,0.6357648,1.2057648,1.8557647
