wind_kz.json
{"header": {"discipline":0,"disciplineName":"Meteorological products","gribEdition":2,"gribLength":1025,"center":7,"centerName":"US National Weather Service - NCEP(WMC)","subcenter":0,"refTime":"2023-08-20T00:00:00.000Z","significanceOfRT":1,"significanceOfRTName":"Start of forecast","productStatus":0,"productStatusName":"Operational products","productType":1,"productTypeName":"Forecast products","productDefinitionTemplate":0,"productDefinitionTemplateName":"Analysis/forecast at horizontal level/layer at a point in time","parameterCategory":2,"parameterCategoryName":"UnknownDiscipline_0_Category_2","parameterNumber":3,"parameterNumberName":"UnknownParameter_D0_C2_3","parameterUnit":"Unknown","genProcessType":2,"genProcessTypeName":"Forecast","forecastTime":0,"surface1Type":103,"surface1TypeName":"Specified height level above ground","surface1Value":10.0,"surface2Type":255,"surface2TypeName":"Missing","surface2Value":0.0,"gridDefinitionTemplate":0,"gridDefinitionTemplateName":"Latitude_Longitude","numberPoints":615,"shape":6,"shapeName":"Earth spherical with radius of 6,371,229.0 m","gridUnits":"degrees","resolution":48,"winds":"true","scanMode":64,"nx":41,"ny":15,"basicAngle":0,"lo1":47.0,"la1":41.0,"lo2":87.0,"la2":55.0,"dx":1.0,"dy":1.0}, "data":
[rows 0 to 14 of 15, columns 0 to 40 of 41]
-2.0489814,-2.5889814,0.47101867,2.4610186,-1.0189813,-3.0289812,-3.3389814,-2.8089814,-0.7289813,-2.3489814,-3.4189813,-2.4689813,-1.0989814,-2.3889813,-5.8689814,3.0610187,-0.4489813,-0.82898134,-1.1389813,0.67101866,2.0610187,2.5610187,1.3410187,-0.88898134,-0.5289813,-1.4589813,-1.2589813,1.1210186,0.7210187,2.3710186,1.2210187,0.91101867,0.101018675,-2.4489813,-1.0889813,-0.6089813,1.7110187,-0.20898132,0.101018675,1.5710187,2.4510186
0.37101868,1.0710187,-4.568981,-4.4189816,-1.6489813,-0.6089813,-2.8189814,-1.5289813,-1.7989813,-1.6289814,-2.2789812,-1.9389813,-1.2589813,-3.8189814,-2.5889814,2.8210187,1.6410186,-1.4189813,-0.18898132,1.5910187,-0.48898134,-2.3189814,-0.5489813,1.3110187,0.7010187,-0.038981322,-2.0189812,0.8310187,-0.33898133,1.0810187,1.9410187,3.8910186,1.0310187,0.3310187,0.67101866,-1.0389813,-1.3189813,-3.1089814,0.021018676,-2.2689812,0.14101867
0.5010187,-4.0589814,-5.6389813,-5.0189815,-3.6689813,-2.0789814,-0.62898135,-3.1889813,-1.1489813,-1.0289813,0.08101868,0.23101868,-1.9789814,-1.2789813,-3.7089813,1.1410186,1.7210187,1.9310187,1.3310187,0.16101867,-1.0389813,-0.9089813,-2.0989814,-0.4489813,0.3910187,0.49101868,-0.4489813,1.1310186,0.13101868,1.2310187,3.2910187,0.18101868,1.6710187,-1.3889813,-0.34898132,2.6110187,4.5010185,0.22101867,1.0110186,-0.58898133,0.061018676
-0.118981324,-1.6889813,-4.378981,-4.9089813,-2.6189814,0.9010187,0.62101865,-3.0189812,-2.7589812,-3.2289813,-2.2689812,-1.0789813,-0.19898133,3.5110188,3.2510188,1.6710187,1.6810187,1.3710186,0.07101867,-0.13898133,-2.1389813,-1.6089814,1.3710186,-0.50898135,-0.7889813,-1.8289813,-1.2189813,-1.3989813,0.5110187,-1.6589813,-1.4889814,-0.9989813,0.11101868,-0.20898132,-0.76898134,-2.9889812,-0.6789813,3.2910187,3.0810187,-0.008981323,0.5110187
-2.6489813,-5.2889814,-7.9389815,-7.278981,-5.8489814,-2.6689813,2.8210187,0.79101866,-0.47898132,-3.6689813,-4.628981,-2.8789814,2.8410187,-1.8189813,2.1910186,2.8410187,2.9610186,1.6110187,1.8110187,1.4310187,1.0110186,1.0010186,0.08101868,-2.1489813,-1.3789814,-2.1589813,-0.64898133,-0.51898134,-0.30898133,-2.1289814,-2.5589814,-0.39898133,2.5310187,3.5110188,-1.0689813,-1.5189813,-0.108981326,0.74101865,-3.2789812,-0.13898133,0.08101868
-4.0189815,-4.4389815,-7.6389813,-6.8689814,-6.6589813,-2.8789814,-3.1989813,-2.5689814,-0.8089813,-3.4889812,-5.088981,-6.4089813,-3.5889814,-0.9389813,-1.5089813,0.47101867,3.5410187,2.9410186,1.2710186,0.66101867,0.09101868,0.9510187,2.0310187,1.3310187,0.35101867,0.09101868,0.051018678,-0.87898135,0.051018678,-0.9689813,-1.4789814,-1.1889813,-0.9789813,0.48101866,2.2610188,-1.4089813,1.8310187,0.5810187,-1.5089813,-1.9289813,-0.5389813
-3.3889813,-2.7189813,-3.5789814,-4.3289814,-4.778981,-3.8689814,-3.8289814,-0.63898134,-1.6889813,-2.1089814,-3.2689812,-1.9289813,-1.4289813,-1.3689814,-2.0089812,-2.6789813,1.3210187,1.7110187,0.86101866,0.98101866,0.11101868,-0.6589813,-0.8089813,2.9210186,2.5510187,0.46101868,-1.0489813,-3.2589812,-1.5289813,-1.2389814,-1.6289814,-0.7189813,-2.3689814,-3.3589814,-0.5289813,-1.0789813,-2.5489814,-0.94898134,-0.58898133,-0.36898133,-1.3889813
-3.2189813,-3.1889813,-3.6689813,-3.5789814,-4.148981,-4.0189815,-3.0589814,-2.8989813,-2.7589812,-2.3789814,-2.6489813,-1.3989813,-1.4789814,0.9410187,0.7210187,-0.58898133,-0.6089813,1.3610187,1.8010187,1.9210187,0.021018676,-0.31898132,-0.6089813,0.31101868,3.4110186,2.3310187,0.66101867,-0.08898132,-0.42898133,-0.9689813,-0.038981322,1.0110186,-1.5089813,-1.9089813,-0.17898132,0.5110187,-1.4789814,0.79101866,0.13101868,-0.21898133,-1.5589813
-3.3189814,-3.9189813,-2.6789813,-3.1889813,-3.1989813,-3.0189812,-3.4189813,-2.9389813,-2.7289813,-3.0089812,-3.5889814,-1.6089814,-2.8989813,-2.6989813,-0.46898133,-3.0089812,-2.0389814,0.9710187,3.2510188,2.2210188,1.7610186,-0.7489813,1.6710187,-0.47898132,1.3310187,2.2110186,3.0210187,2.1810186,1.0210186,0.5910187,0.98101866,1.5110186,1.4810187,2.8410187,2.0010188,-0.118981324,-2.4389813,-1.5089813,-1.6889813,-1.9189813,-2.4189813
-3.3589814,-2.2689812,-2.1789813,-2.6489813,-3.6989813,-3.7889814,-2.4089813,-3.8689814,-2.2789812,-1.6489813,-2.8189814,-3.2289813,-0.6889813,-2.9289813,-2.7889814,-2.1689813,-2.1289814,-3.7489812,1.5310187,-0.37898132,-0.83898133,0.11101868,-0.9289813,-0.56898135,-0.58898133,-0.9889813,1.7010187,2.1210186,1.6810187,1.8910186,1.6610187,3.0310187,3.2810187,3.1910186,2.9910188,1.1010187,0.3910187,-2.0289812,-0.19898133,2.1410186,2.0110188
-1.4389813,-3.1489813,-1.9889814,-2.6589813,-3.1889813,-2.2689812,-3.1389813,-3.6389813,-3.8289814,-3.5689814,-1.4489813,-1.3889813,-1.2389814,-1.5189813,-2.7689812,-4.1789813,-1.3289813,-2.4689813,-3.0689814,-2.8789814,-0.08898132,-0.88898134,-2.0789814,-2.3489814,-1.3489814,-0.108981326,0.41101867,0.54101866,2.1310186,1.3510187,2.3410187,1.4310187,3.0410187,3.4610186,4.1510186,2.0410187,1.1710187,2.2310188,2.0910187,1.8210187,1.1610187
-2.2889814,-2.9389813,-2.2389812,-2.4289813,-2.2889814,-3.0989814,-3.0089812,-3.5489814,-4.088981,-2.9389813,-2.2189813,-2.1389813,-2.6689813,-1.9689813,-2.8489814,-2.7189813,-2.7289813,-3.0689814,-0.6089813,-2.9089813,-3.3489814,-2.7789812,-1.5489813,-2.6489813,-2.9889812,-3.2789812,-1.1789813,-2.1589813,-0.48898134,0.44101867,1.2610186,1.8910186,2.1410186,3.4610186,3.5210187,4.221019,5.3610187,4.7510185,3.1210186,2.1410186,0.9710187
-1.2889813,-2.1289814,-2.7589812,-1.7189813,-2.3189814,-1.9889814,-2.5289812,-2.7789812,-4.608981,-2.6189814,-1.1989813,-0.5289813,-2.8689814,-2.8589814,-2.9389813,-2.5189812,-2.5989814,-3.1589813,-3.4689813,-2.7989814,-2.3489814,-1.8089813,-1.7889813,-2.4389813,-3.3289814,-4.1789813,-4.0589814,-3.6089814,-3.0389814,-2.2489812,0.20101868,1.5710187,1.0510187,2.2210188,2.8110187,3.3910186,3.4510186,3.0010188,4.2810187,4.0210185,2.5410187
-0.63898134,-1.9689813,-2.8389814,-2.4289813,-1.7789813,-2.0989814,-2.9989812,-2.5489814,-2.6089814,-2.4089813,-0.51898134,0.19101867,-2.3189814,-3.1589813,-3.8289814,-3.6889813,-3.4689813,-3.2189813,-2.8989813,-2.5789814,-3.0489814,-3.3889813,-3.4689813,-3.6089814,-4.2689815,-4.7689815,-5.4989815,-4.9489813,-4.1189814,-4.378981,-3.1189814,-2.7689812,-1.5989814,-0.048981324,0.09101868,1.0210186,2.3210187,2.5810187,2.6810186,2.7710187,4.0410185
-0.31898132,-1.0989814,-2.7689812,-1.9289813,-2.1189814,-1.8089813,-2.4689813,-2.5789814,-2.9389813,-3.0189812,-1.7589813,-0.9889813,-0.018981323,-2.5189812,-3.9389813,-3.7989814,-3.7889814,-3.5089812,-3.9089813,-3.4789813,-3.1489813,-3.4989812,-3.6689813,-3.7689812,-3.8789814,-4.318981,-4.5389814,-5.398981,-5.3489814,-5.2389812,-4.5589814,-3.0889814,-1.2489814,0.60101867,2.1610186,2.3410187,2.2210188,2.3810186,1.5110186,3.3310187,2.4510186
