wind_kz.json
{"header": {"discipline":0,"disciplineName":"Meteorological products","gribEdition":2,"gribLength":871,"center":7,"centerName":"US National Weather Service - NCEP(WMC)","subcenter":0,"refTime":"2023-08-27T18:00:00.000Z","significanceOfRT":1,"significanceOfRTName":"Start of forecast","productStatus":0,"productStatusName":"Operational products","productType":1,"productTypeName":"Forecast products","productDefinitionTemplate":0,"productDefinitionTemplateName":"Analysis/forecast at horizontal level/layer at a point in time","parameterCategory":0,"parameterCategoryName":"UnknownDiscipline_0_Category_0","parameterNumber":0,"parameterNumberName":"UnknownParameter_D0_C0_0","parameterUnit":"Unknown","genProcessType":2,"genProcessTypeName":"Forecast","forecastTime":0,"surface1Type":1,"surface1TypeName":"Ground or water surface","surface1Value":0.0,"surface2Type":255,"surface2TypeName":"Missing","surface2Value":0.0,"gridDefinitionTemplate":0,"gridDefinitionTemplateName":"Latitude_Longitude","numberPoints":615,"shape":6,"shapeName":"Earth spherical with radius of 6,371,229.0 m","gridUnits":"degrees","resolution":48,"winds":"true","scanMode":64,"nx":41,"ny":15,"basicAngle":0,"lo1":47.0,"la1":41.0,"lo2":87.0,"la2":55.0,"dx":1.0,"dy":1.0}, "data":
[rows 0 to 14 of 15, columns 0 to 40 of 41]
297.23892,285.63892,290.23892,299.5389,299.0389,297.5389,296.83893,298.63892,296.4389,297.33893,294.9389,295.9389,294.83893,294.4389,294.5389,291.73892,291.23892,292.63892,291.13892,293.73892,295.0389,292.5389,290.9389,289.0389,289.5389,288.83893,287.9389,277.9389,279.83893,278.33893,274.83893,276.83893,287.4389,295.4389,297.9389,299.73892,298.9389,301.13892,300.9389,299.73892,298.33893
274.4389,288.9389,299.13892,299.5389,299.4389,297.5389,295.33893,295.13892,294.23892,293.9389,294.73892,293.23892,291.5389,290.13892,290.5389,290.83893,291.63892,290.23892,289.63892,289.4389,290.9389,292.5389,292.63892,282.63892,272.63892,277.13892,282.83893,278.5389,281.5389,277.4389,281.9389,272.5389,280.0389,266.33893,280.23892,295.73892,295.23892,296.83893,300.4389,291.4389,284.13892
291.4389,298.63892,299.4389,299.4389,297.63892,294.5389,294.23892,293.5389,292.33893,291.73892,291.5389,291.63892,287.83893,289.0389,289.73892,287.83893,287.0389,286.83893,287.33893,288.83893,290.9389,293.63892,293.9389,286.23892,288.0389,288.83893,289.83893,289.9389,288.63892,283.13892,277.9389,279.63892,281.33893,283.73892,286.63892,285.73892,277.83893,279.63892,281.4389,276.73892,278.83893
290.5389,298.9389,299.33893,298.83893,295.5389,292.33893,292.33893,291.23892,291.83893,291.83893,290.73892,290.0389,295.33893,294.5389,289.83893,287.13892,288.9389,288.83893,290.4389,290.13892,292.4389,287.23892,293.23892,292.13892,292.13892,292.33893,292.5389,290.4389,290.5389,291.23892,293.33893,290.23892,296.9389,293.83893,292.63892,289.4389,278.83893,281.73892,284.13892,294.0389,297.33893
295.0389,298.13892,298.83893,298.23892,296.13892,292.83893,292.23892,291.33893,291.4389,291.63892,290.4389,289.73892,295.33893,294.0389,291.5389,290.9389,290.5389,290.23892,289.9389,292.23892,292.5389,293.13892,291.23892,291.63892,293.0389,291.63892,290.4389,292.5389,292.23892,293.63892,294.83893,293.4389,279.0389,278.13892,288.33893,298.13892,298.0389,302.0389,300.13892,300.4389,300.23892
293.9389,291.63892,296.83893,296.73892,297.4389,297.0389,292.73892,292.5389,292.33893,291.4389,291.63892,290.23892,293.9389,294.63892,292.5389,288.33893,290.9389,290.9389,289.4389,292.5389,291.13892,291.33893,290.9389,291.23892,290.73892,289.83893,291.73892,293.23892,292.13892,295.4389,295.4389,296.0389,294.4389,293.83893,293.83893,293.5389,290.23892,292.33893,298.13892,300.83893,301.23892
294.0389,291.63892,296.83893,296.33893,296.23892,294.63892,293.0389,288.9389,292.0389,292.13892,290.0389,290.0389,290.63892,291.83893,291.33893,290.33893,290.33893,291.4389,289.9389,290.23892,289.73892,292.23892,290.4389,291.23892,289.23892,289.63892,289.9389,292.0389,292.13892,293.83893,293.63892,293.33893,296.5389,296.73892,297.4389,295.13892,291.23892,289.23892,284.23892,284.9389,296.13892
293.0389,291.73892,296.0389,296.33893,297.33893,296.5389,294.0389,291.33893,290.5389,288.73892,286.4389,288.4389,286.33893,288.13892,288.9389,290.0389,289.13892,291.63892,289.0389,286.0389,287.63892,289.23892,288.83893,291.13892,288.13892,286.0389,287.23892,290.73892,289.73892,292.9389,291.73892,293.4389,293.63892,292.73892,293.63892,295.73892,295.63892,289.63892,297.13892,296.4389,295.0389
289.5389,293.23892,291.83893,289.63892,294.4389,292.4389,291.4389,292.9389,288.73892,287.33893,288.73892,288.23892,284.9389,289.5389,286.4389,289.33893,288.9389,287.73892,287.83893,286.83893,285.83893,285.73892,285.9389,287.4389,288.4389,287.23892,285.9389,285.5389,287.83893,288.9389,289.0389,290.13892,292.4389,295.73892,293.63892,290.73892,290.4389,294.4389,283.5389,285.33893,280.83893
288.23892,289.9389,288.9389,288.4389,291.23892,291.73892,291.23892,290.73892,288.0389,287.13892,287.4389,286.83893,287.5389,287.83893,286.9389,288.33893,286.73892,287.13892,285.4389,286.9389,286.63892,287.0389,288.73892,287.4389,288.63892,288.9389,287.5389,289.63892,288.5389,290.23892,289.63892,290.4389,292.9389,297.13892,295.73892,292.0389,291.9389,290.33893,285.73892,285.33893,282.33893
287.9389,286.83893,286.13892,288.73892,287.0389,287.33893,288.73892,287.0389,287.33893,285.5389,284.4389,285.4389,285.5389,284.0389,287.13892,285.13892,285.9389,286.83893,288.83893,286.0389,285.63892,286.23892,286.5389,286.73892,286.33893,289.73892,286.9389,290.13892,290.63892,292.63892,292.9389,290.83893,290.63892,290.73892,290.5389,289.63892,288.73892,286.5389,285.9389,287.5389,286.63892
289.13892,290.5389,290.33893,287.83893,287.83893,287.83893,285.13892,285.63892,285.83893,285.13892,282.73892,281.4389,283.63892,283.33893,283.83893,285.9389,284.0389,287.4389,285.23892,285.4389,285.83893,284.33893,284.5389,284.4389,285.83893,289.63892,290.33893,290.4389,291.33893,291.23892,291.13892,292.63892,291.5389,288.9389,289.23892,289.73892,290.83893,289.73892,289.4389,289.23892,288.4389
284.73892,285.9389,285.23892,285.73892,285.0389,285.13892,284.9389,284.5389,284.0389,283.33893,281.5389,278.63892,284.0389,279.83893,284.33893,282.83893,283.73892,283.5389,283.33893,285.73892,284.9389,281.73892,283.5389,283.83893,285.4389,286.63892,290.0389,290.13892,291.33893,289.63892,290.0389,288.9389,289.0389,288.5389,289.0389,288.9389,288.83893,290.33893,289.63892,288.4389,288.83893
283.5389,284.73892,286.73892,283.83893,284.13892,284.0389,284.13892,283.13892,283.5389,282.73892,281.4389,277.63892,277.9389,283.9389,285.33893,284.9389,285.73892,285.33893,285.83893,282.33893,287.0389,284.83893,285.9389,285.83893,285.73892,286.13892,286.23892,287.9389,288.13892,288.83893,289.0389,287.4389,287.0389,286.9389,286.73892,287.23892,287.5389,287.83893,287.73892,287.83893,288.4389
284.4389,284.33893,290.83893,283.4389,281.9389,282.23892,282.23892,282.4389,282.9389,282.4389,281.9389,279.13892,278.33893,280.23892,282.83893,285.4389,285.13892,285.23892,280.5389,282.73892,286.4389,284.23892,287.23892,284.73892,285.83893,285.73892,284.23892,285.13892,286.9389,287.73892,286.4389,286.13892,285.63892,285.9389,286.73892,286.83893,288.0389,286.63892,286.73892,287.0389,287.83893
