wind_kz.json
{"header": {"discipline":0,"disciplineName":"Meteorological products","gribEdition":2,"gribLength":1025,"center":7,"centerName":"US National Weather Service - NCEP(WMC)","subcenter":0,"refTime":"2024-04-08T06:00:00.000Z","significanceOfRT":1,"significanceOfRTName":"Start of forecast","productStatus":0,"productStatusName":"Operational products","productType":1,"productTypeName":"Forecast products","productDefinitionTemplate":0,"productDefinitionTemplateName":"Analysis/forecast at horizontal level/layer at a point in time","parameterCategory":2,"parameterCategoryName":"UnknownDiscipline_0_Category_2","parameterNumber":3,"parameterNumberName":"UnknownParameter_D0_C2_3","parameterUnit":"Unknown","genProcessType":2,"genProcessTypeName":"Forecast","forecastTime":180,"surface1Type":103,"surface1TypeName":"Specified height level above ground","surface1Value":10.0,"surface2Type":255,"surface2TypeName":"Missing","surface2Value":0.0,"gridDefinitionTemplate":0,"gridDefinitionTemplateName":"Latitude_Longitude","numberPoints":615,"shape":6,"shapeName":"Earth spherical with radius of 6,371,229.0 m","gridUnits":"degrees","resolution":48,"winds":"true","scanMode":64,"nx":41,"ny":15,"basicAngle":0,"lo1":47.0,"la1":41.0,"lo2":87.0,"la2":55.0,"dx":1.0,"dy":1.0}, "data":
[rows 0 to 14 of 15, columns 0 to 40 of 41]
1.9138068,-0.18619324,0.48380676,-4.2061934,-5.606193,-6.836193,-5.9561934,-5.9561934,-6.8061934,-2.6661932,-1.1761932,0.22380677,4.5638065,1.0638068,0.65380675,-2.7361932,-3.9261932,-4.1861935,-1.1161933,-0.6861932,1.9738067,0.6138068,-0.92619324,-2.0061932,-1.8461932,-1.3861933,-2.5361931,1.6538068,-0.47619325,4.323807,2.0038068,1.7238067,1.7738068,2.9638069,2.9538069,2.8838067,2.7838068,1.1538068,0.91380674,-2.4361932,-2.4061933
-1.0261933,1.7038068,2.4338067,-2.4661932,-4.8461933,-7.986193,-8.726193,-7.236193,-4.3461933,-6.3861933,-5.066193,-1.2561933,-2.0361931,-0.59619325,1.0138068,-2.6961932,-3.8861933,-2.0461931,-0.6861932,-2.0261931,1.5538068,2.1538067,0.6238068,1.2138067,1.3538067,1.2538067,0.52380675,1.0638068,0.49380675,1.5438068,1.2138067,3.4038067,0.6738068,0.45380676,-4.046193,-0.21619324,-0.14619324,-0.46619323,-0.80619323,-2.2261932,0.30380675
1.2938068,0.75380677,3.1338067,0.64380676,-1.5961932,-3.7361932,-6.4361935,-6.9961934,-4.0961933,-3.1961932,-4.0361934,-6.676193,0.26380676,-2.4561932,-2.0161932,-1.3161932,-3.8161933,-1.3761933,-2.4361932,-2.3561933,-1.4261932,0.75380677,1.6838068,-0.086193234,2.4238067,0.19380677,3.4038067,2.8638067,-0.45619324,0.30380675,1.5138068,-1.3961933,-0.6361932,0.42380676,-0.98619324,0.28380677,1.5438068,-2.4361932,0.30380675,1.1338067,0.91380674
-0.076193236,5.103807,3.4438066,2.0838068,-1.6461933,-3.2661932,-5.586193,-5.7461934,-6.566193,-7.176193,-2.0061932,-3.7661932,-1.2861933,-2.9061933,-2.3061934,-3.0261931,-4.446193,-3.4361932,0.17380676,-2.7261932,0.84380674,-0.40619323,1.0938067,2.0638068,0.033806764,0.40380678,-2.5461931,1.5238068,-1.0761932,0.89380676,0.22380677,-3.2061932,-0.38619325,1.3238068,0.25380677,-2.9961932,-1.0361933,1.5438068,-0.58619326,0.78380674,0.16380677
-2.4361932,4.6138067,3.7438068,1.6838068,1.1838068,-0.12619324,-1.2161932,-2.3761933,-4.316193,-4.2061934,-4.8261933,-4.446193,-3.0461931,-0.73619324,1.1538068,-1.3461932,-1.9161932,-2.3961933,-1.8061932,1.8538067,-0.79619324,0.7438068,1.1538068,1.5238068,1.1138067,-0.15619324,-1.3561932,-3.9761932,-2.6061933,-2.2661932,-2.2561932,-1.0961932,0.8738068,2.7138069,-0.67619324,-0.8261932,0.103806764,0.52380675,-1.0461932,-1.0761932,-2.0761933
-5.2461934,-0.92619324,-3.7561932,-0.12619324,1.1738068,2.1138067,-0.42619324,-0.19619323,-1.8461932,-2.9761932,-2.6361933,-1.8961933,-1.8261932,-2.4861932,1.8438067,0.39380676,-0.53619325,-1.6661932,0.83380675,2.2838068,0.70380676,2.7638068,0.6738068,2.3838067,3.0238068,1.6638068,1.5438068,-0.0061932374,-0.96619326,-1.7561933,-2.4061933,-2.6161933,-2.2461932,-1.4261932,1.1638068,1.0138068,0.71380675,-0.23619324,1.8038068,-1.8061932,-1.2361932
-2.2361932,-2.8961933,-4.4961934,-3.8161933,-5.396193,-0.61619323,-3.0961933,-3.3061934,-0.6261932,-1.0361933,-2.9161932,-3.4961932,-2.1961932,-0.6361932,-1.0661932,0.26380676,1.0438068,-0.0061932374,-2.0961933,3.1238067,2.8938067,2.2338068,3.3338068,2.8438067,2.5838068,4.2738066,2.4338067,2.8138068,0.39380676,-0.09619324,1.3138068,-0.21619324,-0.49619323,-2.6761932,-1.3961933,-1.6561933,-2.6161933,-1.1761932,-0.47619325,-0.53619325,0.13380677
-1.7361932,-2.1761932,-2.6561933,-3.7361932,-3.8061934,-3.6261933,-2.3561933,-0.78619325,-1.9261932,-0.26619324,-0.29619324,-2.4061933,-1.6661932,-2.3561933,-0.14619324,-1.4961933,-3.2661932,-0.026193237,-1.5961932,1.9138068,2.3838067,1.0338068,1.9738067,4.9638066,4.223807,2.6138067,2.2538068,2.7438068,0.50380677,-0.5761932,0.50380677,-2.1161933,-1.3161932,0.27380675,0.9838068,1.1038067,1.7238067,-0.83619326,-0.7661932,-0.41619325,-2.1161933
-2.0161932,-2.6661932,-2.5261931,-2.0061932,-3.9461932,-4.256193,-3.2961931,-1.5561932,-1.0361933,0.35380676,1.4538068,0.11380676,-0.43619323,-0.8861932,-1.1761932,0.6838068,2.8238068,-1.1061932,-1.2161932,-0.78619325,2.7038069,2.1638067,1.5438068,1.8438067,2.4338067,3.8238068,3.3738067,2.2738068,2.2938068,1.3238068,0.63380677,0.27380675,1.4138068,-0.04619324,3.0638068,2.6038067,-1.2861933,0.38380677,-1.4061933,-1.6461933,-3.3361933
-2.7461932,-2.1161933,0.093806766,-2.4561932,-2.8361933,-3.2161932,-2.0261931,-0.26619324,0.8638068,-1.0761932,1.1938068,-0.39619324,0.6738068,0.17380676,1.0438068,-0.25619325,3.2538068,3.2138069,3.5438068,2.7738068,0.04380676,2.8438067,2.4838068,2.5538068,2.8738067,2.8338068,3.8138068,3.2338068,2.6538067,2.9438066,2.4438066,2.3438067,2.2838068,1.3338068,3.9838068,2.3138068,0.82380676,-3.3561933,0.48380676,3.7138069,3.1638067
-2.1961932,-3.1261933,-2.1561933,-3.5161932,-4.466193,-5.926193,-4.416193,0.35380676,-0.58619326,0.9938068,-0.04619324,-1.2061932,-3.4961932,-4.316193,-3.0961933,-1.1461933,1.1938068,3.7138069,2.5538068,2.3538067,2.4338067,-0.20619324,-0.35619324,1.5038067,0.88380677,2.5338068,2.0238068,1.6338067,4.013807,5.9238067,4.4638066,3.3638067,2.6638067,1.0238068,2.9338067,2.5738068,1.4938067,3.0138068,2.4038067,1.5738068,-0.116193235
-0.90619326,0.08380676,-2.4461932,-2.5361931,-3.2761931,-4.1561933,-5.3261933,-5.0361934,-3.1961932,-0.8261932,1.1638068,-1.8961933,-4.606193,-3.8261933,-4.8461933,-4.526193,-2.1961932,-0.58619326,2.4038067,-0.38619325,2.3338068,2.0938067,-0.5061932,-3.6861932,-3.3961933,-2.9061933,-2.4561932,-3.3661933,-2.3961933,-3.5461931,0.07380676,3.5138068,3.0038068,3.7738068,3.8438067,3.3338068,3.6338067,2.6538067,2.8338068,3.1238067,2.7838068
-0.83619326,-0.39619324,-2.1461933,-2.5061932,-2.8061934,-3.0461931,-4.666193,-3.9161932,-4.006193,-1.2061932,0.13380677,-0.36619323,-4.1861935,-4.356193,-4.106193,-3.6661932,-1.9961933,-2.8861933,-2.7061932,-2.0661933,0.50380677,0.57380676,-1.1461933,-1.1461933,-3.2361932,-3.6661932,-5.0161934,-3.9661932,-3.6361933,-4.466193,-5.176193,-2.9461932,-2.3661933,-1.7061932,-0.21619324,-0.09619324,1.6838068,1.4138068,3.7138069,4.2538066,3.1738067
-0.53619325,-0.09619324,-2.5561934,-1.0461932,-3.7161932,-4.0361934,-4.426193,-3.5361931,-2.1461933,-1.4661932,0.27380675,-0.20619324,-3.8461933,-4.106193,-4.5561934,-3.6661932,-3.2261932,-3.0761933,-2.1361933,-2.5061932,-2.4061933,-0.8261932,-0.65619326,-1.5061933,-1.8861933,-2.5961933,-3.4861932,-3.5061932,-3.9161932,-4.626193,-4.966193,-5.566193,-5.0361934,-3.6361933,-2.7661932,-3.6961932,-0.6961932,-1.3861933,-1.3261932,1.0538068,2.0038068
0.28380677,-0.40619323,-0.52619326,-0.34619322,-2.5061932,-2.9261932,-3.2861931,-2.9661932,-3.6961932,-0.9361932,-1.1361933,-1.9761932,0.38380677,-2.0261931,-3.3061934,-2.9461932,-3.1661932,-3.2261932,-2.6061933,-1.9961933,-1.6961932,-2.0161932,-2.6361933,-2.9561932,-3.4661932,-3.4461932,-3.0761933,-2.5261931,-2.8761933,-3.4161932,-3.5361931,-4.0561934,-4.2061934,-4.8261933,-4.986193,-5.106193,-4.7461934,-4.0961933,-4.606193,-4.876193,-1.1961932
