wind_kz.json
{"header": {"discipline":0,"disciplineName":"Meteorological products","gribEdition":2,"gribLength":1025,"center":7,"centerName":"US National Weather Service - NCEP(WMC)","subcenter":0,"refTime":"2024-02-02T00:00:00.000Z","significanceOfRT":1,"significanceOfRTName":"Start of forecast","productStatus":0,"productStatusName":"Operational products","productType":1,"productTypeName":"Forecast products","productDefinitionTemplate":0,"productDefinitionTemplateName":"Analysis/forecast at horizontal level/layer at a point in time","parameterCategory":2,"parameterCategoryName":"UnknownDiscipline_0_Category_2","parameterNumber":3,"parameterNumberName":"UnknownParameter_D0_C2_3","parameterUnit":"Unknown","genProcessType":2,"genProcessTypeName":"Forecast","forecastTime":240,"surface1Type":103,"surface1TypeName":"Specified height level above ground","surface1Value":10.0,"surface2Type":255,"surface2TypeName":"Missing","surface2Value":0.0,"gridDefinitionTemplate":0,"gridDefinitionTemplateName":"Latitude_Longitude","numberPoints":615,"shape":6,"shapeName":"Earth spherical with radius of 6,371,229.0 m","gridUnits":"degrees","resolution":48,"winds":"true","scanMode":64,"nx":41,"ny":15,"basicAngle":0,"lo1":47.0,"la1":41.0,"lo2":87.0,"la2":55.0,"dx":1.0,"dy":1.0}, "data":
[rows 0 to 14 of 15, columns 0 to 40 of 41]
-1.5790429,-3.489043,2.290957,10.030957,5.810957,3.730957,1.1709571,1.460957,0.02095703,-1.039043,-2.209043,-1.379043,-1.539043,-1.8290429,-1.629043,-1.5590429,-1.239043,-1.259043,-2.759043,-1.479043,1.750957,0.85095704,0.13095704,-2.029043,-1.0590429,-2.029043,-2.519043,0.510957,2.3609571,2.310957,-3.929043,-5.049043,2.000957,0.030957032,0.560957,1.1909571,1.120957,0.91095704,0.65095705,0.34095705,-0.72904295
5.2409573,1.370957,-0.66904294,4.340957,4.980957,3.560957,0.820957,1.9509571,1.510957,-0.04904297,-1.349043,-2.149043,-1.8190429,-0.91904294,-2.299043,-0.10904297,-0.029042969,-1.719043,-1.459043,-1.489043,-0.90904295,-2.569043,0.89095706,1.530957,-3.679043,-3.659043,-4.0090427,-0.28904298,0.930957,-0.29904297,4.940957,2.800957,-1.009043,-2.539043,-5.839043,-2.789043,-2.529043,-2.009043,0.44095704,-0.40904295,1.1709571
1.860957,3.480957,2.460957,2.890957,3.230957,3.030957,2.030957,0.64095706,1.710957,0.40095702,-0.52904296,-0.749043,-1.3190429,-1.089043,-1.279043,-1.269043,-0.14904296,0.46095702,0.85095704,0.35095704,0.02095703,-0.699043,-2.759043,-0.97904295,-0.059042968,0.79095703,-0.20904297,-0.38904297,-0.29904297,1.9509571,3.530957,1.510957,3.180957,-2.499043,-0.41904297,2.460957,4.620957,-0.43904296,0.680957,-2.769043,-2.6290429
0.750957,2.060957,3.350957,3.440957,2.090957,2.340957,2.850957,3.450957,2.8809571,1.6909571,9.5703127E-4,-0.90904295,-1.099043,-0.559043,-0.889043,-1.259043,-1.0590429,-1.419043,-1.489043,-1.899043,-1.289043,-1.909043,2.3709571,-1.0790429,-1.499043,-1.789043,-2.169043,-1.8090429,1.500957,1.830957,0.930957,-1.259043,-0.639043,0.18095703,-1.0590429,-3.779043,-2.959043,0.14095703,4.2409573,2.050957,1.860957
0.22095703,0.45095703,1.480957,1.740957,2.3709571,3.340957,2.890957,2.780957,3.520957,2.060957,1.650957,0.06095703,-1.0690429,-0.49904296,-0.21904297,-0.27904296,-1.099043,-1.729043,-1.6790429,-2.229043,-0.36904296,0.04095703,-0.79904294,-1.339043,-1.5690429,-1.9390429,-2.829043,-2.239043,-1.899043,-2.769043,-3.399043,-0.54904294,1.980957,0.990957,-1.8090429,-1.269043,-0.04904297,-0.43904296,0.15095703,0.84095705,0.070957035
1.900957,2.000957,0.550957,1.530957,1.970957,2.230957,3.230957,3.320957,2.240957,1.790957,1.280957,0.58095706,-1.5590429,-1.0790429,-1.0790429,-0.939043,-0.51904297,-0.83904296,-1.219043,-1.0790429,-1.9390429,-1.089043,-0.23904297,-1.1790429,-1.279043,-1.749043,-1.289043,-2.079043,-1.769043,-1.779043,-2.159043,-1.479043,0.510957,0.28095704,2.3609571,1.5709571,3.050957,1.150957,0.21095704,-0.97904295,-0.66904294
3.410957,3.060957,2.720957,2.580957,2.790957,3.1309571,3.400957,3.280957,2.170957,2.3709571,1.220957,1.340957,1.260957,0.32095703,-0.33904296,0.22095703,-0.019042969,0.04095703,-0.09904297,-0.49904296,-1.639043,-0.90904295,-0.45904297,-0.35904297,-0.38904297,-0.64904296,-2.339043,-2.479043,-0.889043,-1.849043,-1.649043,-1.499043,-1.869043,-0.559043,-1.029043,-1.609043,-3.199043,-2.569043,-2.349043,-3.079043,0.610957
3.480957,4.040957,3.590957,3.270957,3.240957,3.460957,3.750957,3.780957,3.970957,2.760957,2.790957,2.310957,0.72095704,0.49095702,-0.28904298,1.530957,0.84095705,1.3109571,0.09095703,2.010957,-1.609043,-1.409043,-1.5490429,-0.819043,1.270957,0.96095705,0.15095703,-2.759043,-2.719043,-1.909043,-1.019043,-1.2990429,-1.8290429,-0.34904298,0.95095706,0.46095702,-0.17904297,-0.579043,-0.21904297,1.090957,-1.149043
4.300957,4.2409573,4.330957,4.230957,4.330957,4.090957,3.830957,3.600957,3.040957,3.230957,2.930957,1.610957,2.470957,1.8209571,2.540957,1.6709571,2.490957,2.090957,2.290957,2.820957,1.030957,0.40095702,1.9509571,1.0509571,1.480957,1.9509571,1.650957,1.230957,1.280957,-0.33904296,-0.949043,1.900957,1.630957,3.230957,2.760957,3.020957,-1.339043,1.260957,-1.669043,-1.879043,-1.779043
4.400957,4.320957,4.450957,4.500957,4.430957,3.720957,3.970957,4.020957,4.310957,3.300957,4.340957,3.850957,2.680957,3.920957,3.540957,2.090957,2.710957,2.930957,2.580957,2.260957,2.190957,2.310957,1.5709571,2.510957,2.220957,2.500957,2.400957,1.650957,1.740957,2.320957,1.7009571,2.410957,1.960957,1.730957,3.330957,2.3609571,1.470957,0.25095704,2.050957,3.470957,3.980957
5.310957,5.080957,4.660957,3.470957,3.6209571,4.580957,4.820957,3.690957,3.850957,3.600957,4.470957,4.400957,4.140957,4.7409573,3.6309571,3.780957,4.150957,3.890957,3.590957,3.700957,3.060957,2.960957,1.790957,2.940957,2.650957,2.790957,2.1209571,2.670957,3.250957,1.3109571,1.010957,0.37095702,0.97095704,2.050957,3.770957,3.3809571,2.6109571,2.020957,2.090957,1.380957,0.34095705
3.730957,5.360957,6.390957,5.850957,5.830957,4.290957,3.3709571,3.970957,3.010957,2.210957,2.350957,2.160957,3.970957,4.280957,4.390957,4.850957,5.0109572,4.190957,4.920957,4.340957,4.380957,3.160957,2.890957,2.920957,3.170957,2.990957,4.590957,2.680957,1.8209571,1.410957,1.030957,1.370957,0.930957,1.860957,1.870957,4.430957,5.700957,4.020957,1.030957,0.66095704,0.760957
5.330957,7.0109572,7.060957,6.100957,7.430957,4.590957,4.030957,5.750957,3.560957,3.090957,2.260957,2.210957,4.460957,4.650957,4.4909573,4.180957,4.680957,4.410957,5.2609572,4.800957,5.480957,5.030957,4.230957,3.330957,3.180957,3.250957,2.950957,2.340957,2.1309571,1.9209571,1.250957,1.3009571,0.98095703,1.160957,1.400957,1.5509571,1.760957,1.870957,2.160957,1.850957,1.4209571
5.890957,6.090957,6.460957,7.800957,6.910957,7.640957,7.120957,7.380957,7.060957,7.390957,4.410957,0.97095704,2.100957,4.770957,5.000957,4.750957,4.880957,5.410957,5.560957,5.0109572,5.120957,5.120957,4.0109572,3.3709571,3.020957,2.730957,2.480957,2.560957,2.600957,2.060957,1.500957,0.97095704,0.84095705,0.500957,0.17095703,0.47095704,0.810957,0.570957,0.870957,0.620957,0.96095705
4.750957,6.050957,7.530957,7.650957,7.750957,8.140957,8.910957,7.860957,7.540957,7.400957,5.160957,6.020957,3.730957,3.040957,4.980957,5.570957,5.410957,5.090957,5.890957,4.980957,4.560957,5.090957,4.390957,3.850957,3.480957,3.430957,2.8609571,2.550957,2.1109571,1.630957,1.410957,1.3009571,-0.08904297,-0.03904297,-0.019042969,-0.72904295,-1.029043,-0.929043,-0.929043,-0.699043,0.22095703
