wind_kz.json
{"header": {"discipline":0,"disciplineName":"Meteorological products","gribEdition":2,"gribLength":1102,"center":7,"centerName":"US National Weather Service - NCEP(WMC)","subcenter":0,"refTime":"2024-01-30T18:00:00.000Z","significanceOfRT":1,"significanceOfRTName":"Start of forecast","productStatus":0,"productStatusName":"Operational products","productType":1,"productTypeName":"Forecast products","productDefinitionTemplate":0,"productDefinitionTemplateName":"Analysis/forecast at horizontal level/layer at a point in time","parameterCategory":2,"parameterCategoryName":"UnknownDiscipline_0_Category_2","parameterNumber":2,"parameterNumberName":"UnknownParameter_D0_C2_2","parameterUnit":"Unknown","genProcessType":2,"genProcessTypeName":"Forecast","forecastTime":180,"surface1Type":103,"surface1TypeName":"Specified height level above ground","surface1Value":10.0,"surface2Type":255,"surface2TypeName":"Missing","surface2Value":0.0,"gridDefinitionTemplate":0,"gridDefinitionTemplateName":"Latitude_Longitude","numberPoints":615,"shape":6,"shapeName":"Earth spherical with radius of 6,371,229.0 m","gridUnits":"degrees","resolution":48,"winds":"true","scanMode":64,"nx":41,"ny":15,"basicAngle":0,"lo1":47.0,"la1":41.0,"lo2":87.0,"la2":55.0,"dx":1.0,"dy":1.0}, "data":
[rows 0 to 14 of 15, columns 0 to 40 of 41]
6.970078,0.43007812,1.9500781,4.050078,7.980078,10.600079,2.3000782,3.4800782,2.190078,0.5200781,3.9800782,3.640078,2.640078,2.190078,1.6800781,0.27007812,-2.129922,-0.18992187,1.9200782,3.5300782,-2.319922,-3.119922,-0.8399219,-3.4499218,-1.7299218,-2.0399218,-2.069922,-0.28992188,-0.009921875,0.32007813,1.7400781,1.5500782,0.010078125,7.8125E-5,1.6000781,2.390078,3.140078,3.2300782,3.180078,3.0500782,3.0400782
3.920078,1.7200781,1.2000781,2.110078,-6.529922,0.74007815,4.500078,3.860078,2.7900782,4.950078,5.430078,7.270078,5.8800783,5.250078,4.050078,1.3600781,1.8400781,-0.5299219,0.29007813,2.940078,0.36007813,-0.8299219,-0.7799219,-2.9799218,-0.08992188,-0.11992188,-0.17992188,-0.32992187,0.40007812,-0.4399219,0.3100781,0.5400781,0.8300781,0.34007812,0.110078126,0.81007814,1.3600781,0.7700781,-0.18992187,0.7200781,1.6100781
2.170078,-2.2499218,0.27007812,-4.219922,-9.619922,-5.6599216,1.0300782,2.7400782,1.1400781,3.3200781,4.980078,4.060078,4.970078,4.160078,1.1300781,1.0300782,1.2100781,1.8300781,2.2400782,0.6700781,1.9900781,2.660078,0.7800781,1.9000782,-1.9199219,-0.049921874,-1.4099219,-1.8599219,-1.2199218,-0.28992188,1.3600781,-0.009921875,-0.14992188,0.7000781,0.8900781,1.1200781,1.2000781,0.080078125,-0.2799219,2.150078,-0.4399219
1.9600781,2.0100782,2.0600781,1.8800781,-4.779922,-2.6899219,0.7800781,3.410078,3.870078,4.580078,0.57007813,4.390078,3.3300781,3.410078,2.3200781,2.0600781,2.7500782,2.4600782,1.8000782,1.8500781,-4.0399218,1.8800781,-2.9899218,3.450078,1.1100781,2.100078,0.060078125,-2.549922,-0.009921875,-0.24992187,-5.049922,-4.5999217,-4.0599217,-1.9699218,-1.8399218,-0.7799219,0.26007813,1.9200782,-1.6399219,0.010078125,-0.7899219
4.6300783,4.050078,5.140078,4.550078,2.850078,4.000078,-0.009921875,4.950078,3.4600782,4.4000783,1.8500781,3.630078,2.440078,0.57007813,0.080078125,0.82007813,1.5900781,2.5500782,3.0500782,0.9700781,3.7800782,2.680078,0.6600781,0.9100781,1.7000781,-2.0399218,-1.1099219,0.36007813,-0.6599219,-2.329922,0.87007815,-1.4099219,0.48007813,1.9400781,-0.28992188,-1.2999219,-1.3299218,-1.9399219,-1.2199218,-1.1999218,-0.6599219
14.130078,12.030078,8.530078,7.080078,6.4000783,6.320078,7.6300783,4.850078,3.9700782,3.7100782,3.7700782,4.240078,3.9600782,1.7600781,0.6600781,0.020078124,-1.0899218,-0.8499219,-0.16992188,0.9100781,1.4700781,3.930078,2.7400782,-0.009921875,0.8300781,1.0000781,0.69007814,-1.1299219,-1.6799219,-1.0699219,-1.8999219,-2.0399218,-1.6099219,-0.7999219,0.4700781,-2.849922,0.69007814,-2.589922,-1.2599219,-0.50992185,-0.68992186
15.380078,15.460078,15.640079,13.9300785,9.610078,8.850079,8.620078,6.1300783,6.6500783,6.640078,1.5700781,1.2100781,1.2000781,2.120078,0.49007812,-1.2099218,-1.0499219,-0.69992185,-1.2499219,-0.2799219,0.99007815,1.2900782,2.7300782,2.590078,-0.47992188,-3.4799218,-1.3099219,-2.2099218,-4.1399217,-3.7899218,-3.409922,-2.1899219,-1.0799218,-4.169922,-4.259922,-0.20992188,-0.39992186,0.9700781,-0.29992187,1.7800782,-1.1799219
15.250078,14.800078,12.530078,12.280078,13.6800785,14.600079,14.630078,11.910078,10.570078,6.490078,2.7300782,1.9900781,2.890078,1.8800781,1.1700782,-0.059921876,-0.73992187,-1.4599218,-0.8599219,-0.06992187,1.8200781,3.680078,2.620078,2.7100782,2.2200782,-0.029921874,0.060078125,-1.4999219,-1.8399218,-1.0199219,-0.7199219,-2.4499218,-3.399922,1.9800781,-0.41992188,-1.6999218,-0.8399219,-2.5099218,-7.449922,-9.039922,-2.079922
14.830078,12.440078,12.750078,11.1800785,11.830078,9.750078,12.800078,10.830078,9.230078,7.1900783,4.100078,1.3600781,1.4400781,0.55007815,0.38007814,0.24007812,0.50007814,-0.11992188,0.7200781,1.0600781,3.400078,2.700078,5.490078,4.100078,4.550078,3.880078,-0.55992186,0.45007813,0.43007812,-0.93992186,1.3400781,0.7000781,5.050078,-0.019921875,-3.0199218,-5.379922,-0.14992188,0.16007812,-1.5699219,-0.8899219,-0.17992188
13.870078,11.910078,10.610078,10.120078,9.800078,8.880078,8.840078,7.280078,7.230078,5.410078,2.7400782,0.9000781,0.7300781,-0.7899219,0.5200781,0.50007814,0.7200781,0.7000781,1.5800781,2.410078,5.3800783,5.580078,4.040078,5.280078,5.5900784,5.1900783,4.080078,2.150078,2.0100782,2.7600782,2.5400782,3.600078,1.6900781,-1.8399218,-2.2299218,-2.2399218,-2.879922,-1.2399219,1.3100781,0.45007813,-1.7999219
12.9300785,10.330078,9.040078,9.330078,9.470078,9.110078,10.690078,9.700078,3.5600781,1.2200781,0.050078124,-0.15992187,-2.319922,-1.1299219,0.44007814,0.010078125,0.8900781,1.8500781,1.8200781,2.9800782,5.1500783,6.390078,4.680078,6.720078,6.0900784,5.050078,5.1100783,4.660078,2.680078,4.060078,1.8900781,-1.4099219,-2.369922,-1.9699218,-1.4799218,-1.7499219,-1.0799218,0.110078126,-0.7699219,-0.12992187,-0.16992188
7.4400783,4.560078,5.800078,7.010078,8.130078,8.920078,6.120078,-0.75992185,-3.059922,-4.8299217,-4.3699217,-3.389922,-2.129922,-0.18992187,0.36007813,1.3600781,1.8300781,2.160078,1.7100781,4.550078,4.370078,4.850078,4.9600782,4.770078,7.140078,5.300078,5.800078,4.250078,3.5400782,-0.7099219,-2.7399218,-2.099922,-1.3699219,-2.4899218,-0.47992188,1.2500781,-0.7699219,-0.7699219,-0.26992187,-0.44992188,-1.1399219
-3.589922,-3.1799219,1.9000782,8.250078,-1.3499218,-3.9899218,-6.8099217,-7.049922,-7.5599217,-5.249922,-2.889922,-2.569922,-0.73992187,0.39007813,1.1800781,1.6000781,2.7300782,2.700078,3.0600781,3.5800781,3.5100782,4.1500783,5.220078,5.470078,6.890078,5.730078,4.730078,0.32007813,0.34007812,-1.6199219,-2.4199219,-2.099922,-2.079922,-1.3399218,-1.1199219,-0.45992187,-1.3099219,-0.8499219,-2.059922,-1.4499218,-1.0699219
-1.7999219,-2.859922,-4.3299217,-5.989922,-6.6599216,-7.109922,-6.669922,-6.009922,-3.9999218,-3.819922,-2.2499218,-1.7199218,-0.45992187,1.9200782,1.7700782,2.350078,2.850078,3.610078,4.010078,3.700078,3.390078,4.4600782,5.310078,4.640078,4.6300783,4.240078,0.5400781,-0.23992187,-1.4099219,-1.7899219,-2.7199218,-2.849922,-2.4699218,-2.129922,-2.0399218,-2.129922,-1.6099219,-2.0399218,-1.5999218,-0.20992188,-1.2899219
-0.40992188,-1.3499218,-2.349922,-2.819922,-3.4499218,-2.7599218,-3.149922,-3.059922,-1.7299218,-1.2999219,-0.38992187,-0.029921874,-0.68992186,0.32007813,2.650078,2.620078,3.0000782,3.2300782,2.890078,3.610078,2.9600782,3.4900782,3.7600782,4.530078,3.890078,0.40007812,-0.2799219,-1.0799218,-2.2499218,-2.9699218,-3.4599218,-3.6799219,-2.9299219,-2.7199218,-1.9299219,-2.319922,-1.5499219,-0.5199219,-2.309922,-1.6899219,-1.2699219
