wind_kz.json
{"header": {"discipline":0,"disciplineName":"Meteorological products","gribEdition":2,"gribLength":948,"center":7,"centerName":"US National Weather Service - NCEP(WMC)","subcenter":0,"refTime":"2023-08-25T12:00:00.000Z","significanceOfRT":1,"significanceOfRTName":"Start of forecast","productStatus":0,"productStatusName":"Operational products","productType":1,"productTypeName":"Forecast products","productDefinitionTemplate":0,"productDefinitionTemplateName":"Analysis/forecast at horizontal level/layer at a point in time","parameterCategory":0,"parameterCategoryName":"UnknownDiscipline_0_Category_0","parameterNumber":0,"parameterNumberName":"UnknownParameter_D0_C0_0","parameterUnit":"Unknown","genProcessType":2,"genProcessTypeName":"Forecast","forecastTime":240,"surface1Type":1,"surface1TypeName":"Ground or water surface","surface1Value":0.0,"surface2Type":255,"surface2TypeName":"Missing","surface2Value":0.0,"gridDefinitionTemplate":0,"gridDefinitionTemplateName":"Latitude_Longitude","numberPoints":615,"shape":6,"shapeName":"Earth spherical with radius of 6,371,229.0 m","gridUnits":"degrees","resolution":48,"winds":"true","scanMode":64,"nx":41,"ny":15,"basicAngle":0,"lo1":47.0,"la1":41.0,"lo2":87.0,"la2":55.0,"dx":1.0,"dy":1.0}, "data":
[rows 0 to 14 of 15, columns 0 to 40 of 41]
312.93884,299.33884,308.93884,298.83884,299.03885,299.23883,312.03885,318.03885,314.43884,315.33884,313.23883,313.33884,312.23883,311.63885,310.33884,309.83884,309.73883,309.23883,310.13885,309.73883,312.33884,307.63885,306.83884,303.43884,306.03885,308.23883,302.73883,290.33884,285.33884,278.93884,280.13885,278.53885,293.03885,303.33884,306.83884,305.43884,306.53885,306.33884,306.53885,306.23883,305.73883
291.23883,305.73883,298.43884,298.63885,298.83884,298.13885,319.53885,315.13885,313.43884,313.03885,312.83884,311.93884,310.93884,309.03885,308.73883,309.23883,309.63885,309.83884,309.23883,309.83884,309.43884,308.73883,306.43884,296.23883,288.93884,288.73883,297.23883,290.93884,292.83884,282.33884,284.03885,276.63885,288.73883,266.33884,284.53885,302.43884,300.93884,303.43884,306.93884,298.53885,285.83884
304.83884,298.23883,298.83884,298.83884,297.73883,315.83884,313.63885,313.33884,312.03885,311.23883,310.83884,311.33884,309.23883,309.03885,308.83884,308.83884,307.63885,307.03885,307.63885,309.83884,309.63885,306.53885,306.43884,299.73883,304.23883,301.13885,301.73883,301.63885,301.23883,288.43884,281.43884,283.13885,289.33884,292.33884,293.43884,291.13885,284.13885,282.33884,287.83884,283.03885,282.23883
305.23883,298.83884,299.23883,298.23883,300.43884,313.23883,313.83884,314.03885,313.23883,311.73883,310.83884,306.83884,294.83884,294.23883,309.43884,309.03885,307.33884,307.03885,306.93884,307.03885,305.63885,301.03885,305.33884,304.63885,304.83884,304.03885,304.63885,300.53885,299.83884,300.93884,301.63885,299.93884,304.03885,301.93884,300.43884,295.83884,286.03885,285.33884,287.33884,298.13885,301.13885
312.33884,298.43884,298.73883,298.83884,305.43884,314.53885,314.73883,314.63885,312.23883,312.13885,311.73883,307.13885,294.93884,294.73883,293.13885,309.53885,308.73883,305.93884,304.83884,305.03885,305.33884,305.73883,304.73883,305.13885,304.73883,303.33884,300.83884,298.43884,301.43884,300.73883,302.83884,299.53885,287.63885,280.23883,291.03885,300.13885,298.43884,306.03885,306.03885,305.93884,305.43884
316.03885,310.63885,296.93884,297.63885,298.73883,298.43884,315.63885,313.33884,312.73883,312.43884,311.83884,309.23883,296.43884,295.33884,299.03885,306.83884,309.03885,308.33884,307.43884,307.13885,305.43884,303.93884,304.13885,303.03885,303.63885,302.03885,300.93884,292.33884,301.33884,302.03885,300.73883,301.23883,299.43884,299.33884,296.03885,296.43884,290.43884,293.13885,303.53885,304.33884,301.73883
313.53885,314.13885,313.33884,310.63885,305.63885,311.43884,314.93884,313.83884,311.53885,310.83884,310.93884,309.03885,308.23883,306.83884,305.73883,306.03885,307.83884,308.83884,308.43884,306.33884,306.23883,306.03885,305.33884,304.43884,301.83884,301.83884,303.13885,303.33884,302.53885,301.73883,300.83884,300.83884,301.43884,300.83884,299.13885,297.43884,291.63885,289.93884,287.43884,286.83884,298.83884
312.83884,311.93884,312.93884,312.93884,315.03885,315.03885,314.43884,311.83884,310.03885,309.63885,309.33884,309.23883,309.13885,308.63885,310.03885,309.23883,307.23883,306.33884,304.73883,302.23883,302.13885,301.53885,301.53885,298.33884,298.13885,296.03885,296.43884,299.13885,297.33884,298.23883,297.53885,297.53885,296.53885,295.53885,294.63885,296.83884,298.73883,289.53885,298.73883,299.03885,296.03885
311.23883,312.13885,311.93884,312.53885,311.63885,311.03885,311.63885,311.03885,310.13885,308.73883,308.63885,308.33884,308.33884,308.03885,306.53885,305.43884,305.63885,304.13885,301.53885,300.53885,297.23883,297.93884,295.33884,294.53885,293.33884,292.23883,293.43884,291.63885,291.13885,289.93884,292.03885,293.93884,294.93884,296.53885,294.93884,292.63885,293.23883,292.63885,282.63885,282.73883,281.73883
310.43884,311.53885,310.53885,309.83884,309.73883,310.83884,310.93884,309.53885,308.43884,307.93884,306.43884,305.43884,307.23883,305.93884,303.93884,301.53885,299.03885,298.23883,301.63885,298.63885,295.73883,291.93884,294.03885,294.33884,296.13885,294.83884,293.73883,291.83884,291.63885,290.53885,291.23883,295.33884,297.13885,296.33884,295.83884,294.03885,290.33884,285.73883,283.93884,283.83884,282.93884
307.83884,306.83884,306.23883,306.23883,308.63885,308.33884,307.83884,307.83884,307.33884,306.43884,304.43884,304.03885,305.83884,303.13885,302.73883,299.73883,293.13885,296.23883,295.23883,289.63885,291.03885,291.73883,294.93884,293.73883,294.03885,293.53885,291.43884,291.43884,291.83884,292.33884,294.73883,296.83884,295.83884,294.63885,294.23883,292.83884,286.43884,283.63885,285.53885,285.13885,283.83884
308.03885,308.13885,307.83884,308.93884,307.13885,306.53885,305.03885,305.43884,306.23883,305.43884,301.83884,302.03885,300.93884,299.03885,297.73883,298.23883,297.13885,295.93884,296.03885,295.33884,293.43884,292.93884,290.63885,289.43884,291.73883,294.33884,293.73883,294.33884,294.73883,292.93884,291.93884,294.03885,293.13885,291.93884,291.63885,291.23883,291.03885,290.93884,288.53885,288.93884,288.43884
303.73883,307.23883,308.83884,308.43884,305.83884,304.73883,303.83884,303.43884,302.83884,303.13885,298.63885,297.03885,298.93884,297.03885,298.83884,297.53885,293.23883,296.13885,291.73883,293.73883,291.53885,289.43884,289.63885,289.03885,293.73883,294.63885,293.33884,292.23883,289.83884,291.43884,291.03885,292.03885,291.63885,290.03885,291.03885,288.63885,289.73883,290.53885,289.33884,288.93884,288.13885
307.13885,307.43884,298.23883,306.43884,305.73883,305.63885,305.03885,302.43884,303.03885,302.23883,297.73883,294.93884,297.13885,295.93884,296.63885,295.63885,291.13885,292.63885,292.93884,291.53885,292.83884,292.53885,293.83884,293.83884,291.23883,291.93884,291.23883,291.23883,287.53885,291.63885,289.93884,288.83884,288.43884,286.93884,288.73883,285.23883,288.93884,288.63885,287.83884,286.93884,288.53885
301.23883,304.93884,292.33884,303.33884,304.23883,303.43884,302.73883,300.43884,303.13885,302.13885,298.83884,295.03885,294.33884,296.43884,293.63885,294.43884,293.43884,288.93884,290.73883,292.23883,293.33884,293.63885,293.53885,292.93884,292.53885,291.23883,290.83884,287.33884,286.73883,289.03885,289.43884,285.53885,289.03885,288.63885,288.33884,288.03885,287.93884,285.73883,288.83884,288.43884,288.43884
