wind_kz.json
[{"header":{"discipline":0,"disciplineName":"Meteorological products","gribEdition":2,"gribLength":871,"center":7,"centerName":"US National Weather Service - NCEP(WMC)","subcenter":0,"refTime":"2023-09-30T18:00:00.000Z","significanceOfRT":1,"significanceOfRTName":"Start of forecast","productStatus":0,"productStatusName":"Operational products","productType":1,"productTypeName":"Forecast products","productDefinitionTemplate":0,"productDefinitionTemplateName":"Analysis/forecast at horizontal level/layer at a point in time","parameterCategory":0,"parameterCategoryName":"UnknownDiscipline_0_Category_0","parameterNumber":0,"parameterNumberName":"UnknownParameter_D0_C0_0","parameterUnit":"Unknown","genProcessType":2,"genProcessTypeName":"Forecast","forecastTime":60,"surface1Type":1,"surface1TypeName":"Ground or water surface","surface1Value":0.0,"surface2Type":255,"surface2TypeName":"Missing","surface2Value":0.0,"gridDefinitionTemplate":0,"gridDefinitionTemplateName":"Latitude_Longitude","numberPoints":615,"shape":6,"shapeName":"Earth spherical with radius of 6,371,229.0 m","gridUnits":"degrees","resolution":48,"winds":"true","scanMode":64,"nx":41,"ny":15,"basicAngle":0,"lo1":47.0,"la1":41.0,"lo2":87.0,"la2":55.0,"dx":1.0,"dy":1.0},"data":[301.3,291.2,297.3,294.5,294.1,292.9,300.5,306.4,304.2,306.3,304.7,306.3,305.0,302.4,303.7,305.8,305.4,303.0,307.1,306.1,310.6,307.2,307.5,306.4,307.3,306.4,305.5,292.9,293.0,285.2,284.3,281.1,299.0,307.0,308.8,307.2,314.2,312.6,310.0,310.3,312.6,278.0,292.2,294.1,294.2,294.2,292.4,306.6,303.6,296.6,303.0,303.8,303.2,303.9,303.3,303.9,302.6,305.6,307.6,308.8,309.7,308.6,306.2,304.4,297.6,288.7,288.5,298.5,293.6,294.9,285.2,295.0,277.2,288.1,268.4,279.3,300.9,304.5,305.8,308.9,300.3,284.7,289.7,294.0,294.3,293.7,291.9,302.9,301.3,297.5,301.4,301.0,300.7,301.7,303.3,303.5,302.2,305.7,306.2,307.0,307.7,308.4,307.7,307.8,306.3,301.3,304.5,303.7,303.0,302.2,302.1,293.4,281.4,285.2,290.2,296.4,296.0,292.5,284.3,291.1,290.1,287.5,287.1,298.3,293.2,293.9,292.8,292.2,300.9,299.1,301.3,301.7,301.4,301.1,300.6,290.7,290.1,302.8,305.0,303.1,305.9,306.1,306.4,304.5,304.8,302.6,305.0,305.3,304.8,306.1,303.5,303.2,306.0,304.7,301.3,300.5,294.7,298.6,292.0,289.9,273.9,292.1,300.6,302.7,300.6,292.8,293.4,292.6,293.7,297.2,300.6,302.2,299.3,299.3,300.9,300.5,289.7,288.5,287.1,302.2,301.8,300.4,301.4,299.3,301.2,302.7,304.3,303.7,304.4,304.3,303.5,299.6,304.9,305.6,293.7,295.7,289.8,275.5,292.3,294.7,297.6,304.7,304.4,306.7,304.1,299.8,293.4,291.4,292.6,292.5,291.9,301.1,298.6,297.7,298.5,297.8,297.9,290.9,289.5,295.7,300.1,299.3,300.8,299.2,300.3,300.6,299.3,300.6,301.2,302.2,301.4,303.3,288.3,299.6,300.6,302.4,300.8,300.0,294.0,299.9,297.2,292.4,286.7,304.5,307.4,304.4,300.1,301.3,297.0,298.2,293.0,297.1,298.5,297.4,296.0,296.7,298.3,297.5,298.0,298.2,298.4,298.3,300.1,299.5,299.8,299.1,298.2,298.6,298.1,298.7,297.7,299.7,300.4,300.6,301.7,302.0,300.7,300.8,303.3,300.8,300.2,296.7,294.9,289.9,291.2,289.8,298.8,297.3,298.9,297.2,297.6,296.8,296.8,298.2,297.7,296.4,296.9,296.7,296.5,297.3,294.8,297.9,296.3,297.4,299.0,297.7,296.9,295.4,296.7,296.4,296.5,295.6,292.7,290.8,294.0,289.0,296.2,296.1,297.4,298.3,295.7,296.6,296.2,295.6,286.6,300.8,299.4,297.6,292.8,294.5,296.6,297.5,295.9,296.0,296.7,292.9,296.0,295.2,295.7,296.3,294.7,295.3,295.5,296.4,297.6,297.2,296.3,295.2,293.7,293.4,294.1,293.8,291.9,282.8,285.2,286.1,288.7,287.1,290.2,291.8,294.0,293.5,296.3,295.5,295.6,295.2,284.8,286.2,283.8,297.4,292.7,296.4,294.8,295.7,297.7,297.7,295.9,296.6,297.0,292.9,293.4,293.9,294.9,294.7,294.4,295.1,295.2,296.6,295.4,293.0,292.3,293.2,293.5,293.4,291.8,290.8,290.7,286.8,288.8,290.5,290.9,293.6,295.1,296.5,295.3,293.3,290.6,292.0,287.5,278.7,296.5,294.3,293.9,294.5,294.1,294.1,295.9,295.1,295.7,294.6,292.9,291.2,293.2,293.3,294.9,293.2,291.9,293.0,294.7,294.0,293.8,293.0,292.0,292.3,291.6,292.0,289.5,292.1,292.2,293.5,292.9,293.7,293.4,292.0,293.3,294.0,291.3,289.2,289.2,286.6,286.7,293.1,294.6,293.9,292.1,290.7,290.4,289.7,293.2,293.7,290.0,290.5,287.7,291.6,290.4,291.5,291.0,292.4,293.3,293.0,293.1,292.6,291.3,291.2,291.8,290.8,292.7,292.9,293.9,293.7,293.7,292.5,292.6,290.5,290.7,289.3,290.0,289.7,290.4,290.0,290.5,289.6,285.2,291.6,293.1,292.8,292.3,290.5,292.4,292.9,290.5,291.4,289.1,286.7,290.1,288.9,289.9,290.1,291.0,290.5,290.6,290.1,290.5,290.8,291.7,291.7,293.1,294.4,295.2,294.2,294.1,293.1,293.3,292.2,291.3,290.9,289.9,288.8,289.2,288.4,288.2,288.0,287.1,285.2,288.2,286.3,289.2,290.2,291.6,289.2,288.5,290.7,288.7,287.5,284.9,287.8,288.4,289.2,289.7,289.1,289.3,289.5,289.9,290.2,290.2,292.4,292.7,293.0,293.7,292.9,292.6,292.4,292.9,292.9,292.1,291.7,290.8,290.6,289.4,288.3,288.0,290.0,287.0,287.4,286.7,286.3,285.6,285.3,289.4,289.5,288.8,289.1,290.5,290.2,286.6,285.9,286.9,287.0,288.3,288.8,288.9,288.9,289.3,289.2,289.2,289.3,290.2,290.5,290.9,292.4,292.6,291.0,290.4,290.6,290.1,286.9,289.6,289.2,289.4,289.5,290.4,289.6,290.7,288.9,287.9]},{"header":{"discipline":0,"disciplineName":"Meteorological products","gribEdition":2,"gribLength":1025,"center":7,"centerName":"US National Weather Service - NCEP(WMC)","subcenter":0,"refTime":"2023-09-30T18:00:00.000Z","significanceOfRT":1,"significanceOfRTName":"Start of forecast","productStatus":0,"productStatusName":"Operational products","productType":1,"productTypeName":"Forecast products","productDefinitionTemplate":0,"productDefinitionTemplateName":"Analysis/forecast at horizontal level/layer at a point in time","parameterCategory":2,"parameterCategoryName":"UnknownDiscipline_0_Category_2","parameterNumber":2,"parameterNumberName":"UnknownParameter_D0_C2_2","parameterUnit":"Unknown","genProcessType":2,"genProcessTypeName":"Forecast","forecastTime":60,"surface1Type":103,"surface1TypeName":"Specified height level above ground","surface1Value":10.0,"surface2Type":255,"surface2TypeName":"Missing","surface2Value":0.0,"gridDefinitionTemplate":0,"gridDefinitionTemplateName":"Latitude_Longitude","numberPoints":615,"shape":6,"shapeName":"Earth spherical with radius of 6,371,229.0 m","gridUnits":"degrees","resolution":48,"winds":"true","scanMode":64,"nx":41,"ny":15,"basicAngle":0,"lo1":47.0,"la1":41.0,"lo2":87.0,"la2":55.0,"dx":1.0,"dy":1.0},"data":[2.4576561,1.2676562,0.9376562,7.637656,-3.4923437,-8.122344,-8.572344,-8.282344,-9.452344,-6.5423436,-6.282344,-5.2923436,-4.782344,-4.782344,-4.4223437,-4.072344,-6.1423435,-6.2923436,-6.8523436,-6.262344,-3.9023438,-2.1423438,-0.59234375,1.9976562,-1.5623437,-0.96234375,1.8476562,3.1876562,1.2376562,2.7776563,-1.3823438,2.1976562,0.5576562,-0.21234375,0.35765624,1.7276562,1.2276562,0.58765626,0.67765623,-0.07234375,-1.4023438,0.6276562,0.12765625,2.3276563,-3.9223437,-5.682344,-6.6223435,-6.112344,-7.662344,-6.6223435,-5.162344,-4.6223435,-4.242344,-5.0423436,-6.162344,-6.0623436,-5.452344,-4.972344,-5.0623436,-3.7723436,-2.9923437,-1.6323438,0.09765625,0.9976562,3.1776562,1.7576562,0.06765625,1.2376562,1.5476563,3.9576561,2.8576562,1.3276563,1.5376563,-0.91234374,1.2476562,0.90765625,-0.28234375,-0.30234376,-0.64234376,0.84765625,-2.1023438,-0.60234374,0.59765625,5.067656,3.6576562,-2.7023437,-4.862344,-6.1523438,-7.5223436,-5.0223436,-6.1923437,-5.0823436,-5.3523436,-5.882344,-5.822344,-5.972344,-4.842344,-3.9823437,-4.342344,-3.1123438,-2.4123437,-0.77234375,0.61765623,1.3076563,-1.9923438,3.1376562,0.46765625,-0.63234377,-1.7123437,0.04765625,3.1076562,-0.28234375,2.2576563,-0.8023437,-1.0423437,-0.39234376,-1.1323438,0.92765623,0.98765624,0.04765625,-1.0523437,-1.3523438,0.83765626,1.9576563,3.2476563,3.7676563,-2.5723438,-3.8323438,-5.592344,-5.2123437,-5.472344,-4.8923435,-4.842344,-4.5423436,-4.842344,-4.572344,-3.7223437,-3.2823439,-3.4823437,-3.6423438,-4.5023437,-3.9723437,-2.1123438,0.25765625,-1.2323438,1.8876562,0.5576562,0.37765625,0.61765623,0.8776562,1.7276562,-0.15234375,-1.0023438,1.0176562,2.5376563,0.52765626,3.3576562,1.6176562,3.9076562,1.1476562,1.1976563,-1.8623438,-0.12234375,-1.1023438,-0.54234374,-5.012344,-0.05234375,-0.6823437,-1.5723437,-3.9423437,-3.0223436,-4.112344,-4.3123436,-3.8323438,-3.9223437,-5.4223437,-5.2323437,-5.112344,-4.3723435,-4.742344,-5.6223435,-4.342344,-2.1123438,-1.8423438,-1.0823437,1.1276562,2.6276562,3.1276562,3.7176561,3.7776563,5.507656,5.2076564,6.1076565,4.5176563,-0.12234375,0.9976562,1.3276563,-1.0523437,-3.3423438,-1.7923437,-3.4323437,-5.492344,-3.1223438,-3.5523438,-2.9223437,-0.28234375,-0.96234375,-4.6423435,0.17765625,-0.06234375,-3.7023437,-3.4323437,-4.1523438,-3.8723438,-4.1923437,-4.5023437,-5.4823437,-4.7923436,-5.052344,-3.8423438,-4.5223436,-4.072344,-4.032344,-2.9623437,-1.6123438,-1.8823438,-1.0123438,0.89765626,1.6076562,3.0876563,4.3776565,4.547656,2.2076561,7.1276565,6.9176564,4.8576565,1.9576563,3.0376563,6.6676564,4.7676563,4.5376563,0.21765625,-2.1123438,-0.83234376,-3.0723438,-3.6823437,0.34765625,0.52765626,-0.67234373,0.09765625,-0.47234374,-1.5023438,-2.7723436,-3.9523437,-3.6123438,-3.8523438,-3.6023438,-3.6523438,-4.1523438,-4.1923437,-3.8923438,-3.4423437,-2.9423437,-3.0723438,-3.4923437,-3.3723438,-3.5223436,-2.5923438,-2.9323437,-2.1223438,-2.6223438,-0.82234377,-0.15234375,-0.7523438,-1.7823437,0.48765624,3.2276564,1.5876563,1.8176563,-0.35234374,-3.8623438,-6.112344,-1.6823437,-1.1223438,-1.0223438,0.24765626,-1.9823438,0.32765624,0.35765624,0.21765625,0.00765625,-0.6923438,-1.5923438,-2.7523437,-2.7923439,-2.2723436,-1.9723438,-1.5623437,-2.2423437,-2.8023438,-3.0923438,-2.6423438,-3.2823439,-3.4423437,-2.8523438,-3.5223436,-3.3023438,-4.4623437,-4.842344,-4.8523436,-4.0223436,-3.0423439,-3.0123436,-2.6923437,-5.452344,-6.912344,-4.9823437,-4.9823437,-3.3923438,-3.7123437,-3.9823437,2.4176562,-1.9923438,-1.2723438,-1.4923438,-4.4623437,-4.112344,-0.7423437,1.5976562,1.8276563,1.6576562,0.59765625,-0.03234375,-0.77234375,-1.6523438,-1.9723438,-1.0723437,0.13765626,-0.37234375,-1.5423437,-1.7323438,-1.3123437,-2.5323439,-2.5623438,-2.1223438,-1.8723438,-2.4423437,-3.2123437,-4.632344,-5.4423437,-5.382344,-4.9823437,-5.112344,-4.532344,-4.532344,-6.8323436,-5.242344,-5.242344,-7.1923437,-5.592344,-3.0023437,-3.5823438,-2.0423439,-1.4423437,-3.5523438,-0.37234375,0.71765625,-0.96234375,-0.04234375,1.8276563,1.9376563,1.8276563,1.1376562,0.35765624,0.22765625,-1.1123438,-1.1823437,-0.34234375,-0.24234375,0.27765626,0.13765626,0.39765626,-0.32234374,-0.60234374,-1.5723437,-1.7823437,-2.7523437,-3.8623438,-4.072344,-4.4823437,-4.762344,-5.3523436,-5.0223436,-5.6523438,-6.222344,-6.2523437,-5.9223437,-5.322344,-6.052344,-4.2923436,-2.3123438,-0.7523438,-0.72234374,-0.6923438,-2.2823439,-0.65234375,-0.79234374,1.1076562,0.38765624,-0.77234375,0.64765626,0.52765626,1.3976562,0.83765626,0.65765625,-0.15234375,0.28765625,0.36765626,1.0276562,1.0376563,1.3876562,2.6076562,0.79765624,1.3876562,0.91765624,0.57765627,-0.82234377,-1.6323438,-2.3523438,-3.4023438,-3.6023438,-4.112344,-4.4823437,-4.2923436,-4.0223436,-3.9523437,-4.7923436,-4.1223435,-4.182344,-3.3123438,-2.8123438,-2.4723437,-3.1223438,-2.7123437,-1.6923437,0.18765625,0.48765624,-0.09234375,-0.14234374,-0.97234374,0.37765625,1.8276563,2.1076562,0.9476563,1.1576562,-0.6923438,-0.12234375,-0.24234375,2.2476563,0.51765627,-0.73234373,0.51765627,1.3576562,1.4976562,2.1476562,2.0776563,1.1876563,0.98765624,0.6376563,0.57765627,-0.41234374,-1.4023438,-2.0023437,-2.2023437,-2.1723437,-2.4923437,-2.1923437,-2.3323438,-2.2623436,-2.6123438,-2.2323437,-2.4923437,-2.8223438,-2.6623437,-3.5623438,-3.2323437,-3.9523437,-3.9623437,-2.8123438,-1.4923438,-0.9423438,-0.9423438,0.01765625,0.25765625,1.3576562,1.1676563,1.0176562,0.01765625,0.98765624,0.91765624,-0.00234375,-0.43234375,0.84765625,1.4376563,1.5276562,2.7976563,2.1476562,1.8176563,1.6776563,1.5576563,1.3176563,1.5576563,1.8476562,1.8376563,1.2576562,0.83765626,0.08765625,0.13765626,-0.48234376,-0.84234375,-0.58234376,-1.1623437,-1.5823437,-1.9223437,-2.4523437,-2.4223437,-2.4523437,-2.8523438,-2.7723436,-1.9123437,-2.8823438,-2.2023437,-1.1823437,1.2776562,0.15765625,2.1476562,1.8276563,1.4276563,1.5376563,0.97765625,0.89765626,1.0576563,0.59765625,-0.04234375,0.9476563,1.3876562,3.3576562,2.8576562,2.6676562,2.5776563,2.6676562,1.8776562,2.3076563,2.5676563,3.1976562,3.2576563,2.8776562,2.5276563,1.9776562,1.5276562,1.4776562,1.2076563,0.7576563,0.07765625,-0.44234374,-0.66234374,-1.0923438,-1.1523438,-1.7423438,-1.6123438,-1.4723438,-1.1023438,-1.4223437,-1.3023437,0.9976562,1.7476562,2.0776563,1.0476563,2.4476562,3.2076561,2.4176562,1.6376562,2.0576563,0.84765625,-0.05234375,0.13765626,0.8176563,0.5576562,2.1276562,3.3876562,2.9476562,3.1676562,2.8876562,3.3976562,3.3876562,3.7176561,3.7176561,3.8076563,3.7976563,3.5076563,3.5376563,3.2676563,3.0776563,2.7876563,2.4976563,3.5276563,2.6176562,2.4176562,2.2276564,2.0376563,1.8576562,1.8576562,0.43765625,0.79765624,0.45765626]},{"header":{"discipline":0,"disciplineName":"Meteorological products","gribEdition":2,"gribLength":1025,"center":7,"centerName":"US National Weather Service - NCEP(WMC)","subcenter":0,"refTime":"2023-09-30T18:00:00.000Z","significanceOfRT":1,"significanceOfRTName":"Start of forecast","productStatus":0,"productStatusName":"Operational products","productType":1,"productTypeName":"Forecast products","productDefinitionTemplate":0,"productDefinitionTemplateName":"Analysis/forecast at horizontal level/layer at a point in time","parameterCategory":2,"parameterCategoryName":"UnknownDiscipline_0_Category_2","parameterNumber":3,"parameterNumberName":"UnknownParameter_D0_C2_3","parameterUnit":"Unknown","genProcessType":2,"genProcessTypeName":"Forecast","forecastTime":60,"surface1Type":103,"surface1TypeName":"Specified height level above ground","surface1Value":10.0,"surface2Type":255,"surface2TypeName":"Missing","surface2Value":0.0,"gridDefinitionTemplate":0,"gridDefinitionTemplateName":"Latitude_Longitude","numberPoints":615,"shape":6,"shapeName":"Earth spherical with radius of 6,371,229.0 m","gridUnits":"degrees","resolution":48,"winds":"true","scanMode":64,"nx":41,"ny":15,"basicAngle":0,"lo1":47.0,"la1":41.0,"lo2":87.0,"la2":55.0,"dx":1.0,"dy":1.0},"data":[-1.9033862,2.5766137,-3.5433862,-5.823386,-0.05338623,2.9066138,4.2766137,2.9266138,1.7266138,1.6766138,-0.02338623,-0.07338623,0.02661377,-0.26338622,-0.33338624,0.33661377,-0.05338623,-1.6533862,-2.8233862,-1.8233862,-1.3133862,-3.3333862,-2.5833862,1.1566138,2.7266138,3.3266137,0.05661377,1.1966138,-0.23338623,2.2066138,2.0266137,3.0366137,0.22661377,1.0766138,0.54661375,-0.5433862,1.5066137,2.8366137,2.3066137,2.5366137,-0.8133862,0.91661376,-1.9333862,-6.343386,2.096614,3.0766137,3.0566137,1.4666138,2.2966137,0.74661374,0.30661377,0.6966138,-0.0033862304,0.45661378,0.48661378,-0.29338622,-0.53338623,-0.25338623,-0.9833862,-1.6133863,-3.1233861,-3.5633862,-4.523386,-3.2833862,1.5566138,3.1166139,3.5166137,3.3066137,3.7766137,-0.40338624,3.8066137,0.65661377,4.8166137,2.0766137,2.9466138,3.1066139,3.2666137,2.4366138,2.2166138,1.5766138,0.6966138,0.16661377,-1.4033862,-4.573386,-3.8933861,2.8066137,2.5366137,2.8266137,3.7366138,2.2466137,1.9366138,1.1766138,0.5866138,1.1866138,1.2266138,0.8266138,-0.88338625,-1.5233862,-1.3133862,-1.8733863,-2.8433862,-3.8933861,-4.023386,-1.5533862,-1.9833863,1.1266137,-1.8333862,-1.7533863,-1.6033863,-2.7833862,-0.6133862,-2.7333863,-0.31338623,2.0866137,-2.9633863,0.43661377,0.5066138,-3.0633862,0.6466138,2.3866138,-0.29338622,3.6466138,3.5266137,0.5066138,-0.32338622,-0.8133862,5.3166137,3.3166137,5.4366136,4.3766136,3.3866138,2.1366138,1.6366137,1.2666137,1.1966138,-0.47338623,-0.9233862,-0.34338623,-0.8733862,-1.3733863,-1.1533862,-3.5433862,-4.903386,-4.323386,-0.7333862,-2.7633862,-1.8533863,-1.5433862,-1.1633862,-1.1333863,-1.0733862,-1.2733862,-1.0533862,-2.9533863,0.20661376,1.5066137,2.6466138,-5.303386,0.71661377,3.0566137,2.2366138,-3.1433861,-2.7833862,-2.0933862,-0.84338623,-0.6033862,0.55661374,4.3966136,5.1866136,6.246614,5.536614,5.6466136,4.1066136,1.8466138,1.4266138,1.1466137,0.06661377,-0.9733862,-0.35338622,0.54661375,0.09661377,-2.1333861,-3.8433862,-3.6633863,-3.0033863,-2.2333863,-1.3433862,-1.1433862,-0.71338624,-0.13338622,0.17661376,-0.9333862,-0.9133862,0.8866138,2.0466137,-1.2833862,0.8366138,2.8966138,0.41661376,1.0766138,4.3366137,-1.1033863,-2.7333863,-2.8933861,-1.8333862,-0.6233862,-0.65338624,-2.6333861,-0.06338623,5.516614,6.1066136,5.9866138,5.6466136,4.9866138,2.4666138,2.3866138,2.0466137,0.16661377,-0.8033862,-0.34338623,2.3366137,0.5066138,-2.4933863,-3.4333863,-2.8833861,-2.7433863,-3.2133863,-2.5133862,-2.2133863,0.66661376,0.40661377,-1.3133862,-0.6633862,0.06661377,3.9766138,4.1666136,5.716614,5.016614,2.2166138,-1.5433862,0.48661378,-1.5833862,3.1966138,-1.0933862,-1.6133863,-2.2333863,0.13661377,-0.37338623,0.7066138,0.91661376,5.136614,7.346614,7.7366138,7.246614,5.4366136,4.8166137,3.4366138,2.2366138,0.6466138,-0.9333862,-0.96338624,0.55661374,1.1666138,-1.4833863,-4.033386,-3.0633862,-4.2033863,-4.3733864,-4.443386,-2.6233861,-2.3033862,-1.0433862,-2.9333863,-2.5833862,-3.5433862,4.1866136,6.0266137,5.4166136,3.5566137,4.576614,1.2666137,2.7366138,3.3566139,1.3066138,2.4466138,2.8566139,0.10661377,0.8366138,0.05661377,1.0366138,0.6966138,2.7766137,5.8566136,8.436614,8.336614,6.8366137,5.846614,4.786614,3.4066138,1.2566137,0.34661376,-1.1533862,-0.9933862,1.7366138,-0.43338624,-3.5433862,-3.4533863,-3.9333863,-4.1833863,-4.673386,-4.6633863,-3.7033863,-2.8033862,-2.6733863,-1.1533862,-2.6333861,-1.6433862,1.6866138,3.3066137,4.5266137,-2.2533863,-0.40338624,-0.7933862,0.05661377,0.80661374,0.14661378,0.6966138,0.0066137696,1.1066138,1.9466138,1.5366138,1.8166138,2.9766138,6.176614,8.756614,7.1666136,6.786614,5.886614,5.226614,3.2066138,2.8866138,1.4166138,0.48661378,-0.94338626,1.2266138,-0.17338623,-1.3433862,-2.8633862,-2.1333861,-3.7533863,-4.883386,-4.403386,-3.9933863,-3.3933861,-1.8933862,-2.9333863,-2.7433863,-2.4233863,-3.1633863,-3.153386,-2.3233862,-1.7433863,-0.6733862,3.0166137,1.0566138,-1.2733862,1.5766138,0.61661375,0.5766138,2.3166137,1.0766138,0.92661375,2.7666137,4.136614,6.4166136,7.4866138,7.0466137,6.726614,6.3366137,6.1266136,4.6266136,3.4366138,3.0666137,1.8766137,0.46661377,1.4166138,0.24661377,0.07661377,-1.0933862,-1.6533862,-2.2633862,-2.3533862,-2.5033863,-2.4633863,-2.3433862,-2.7533863,-2.1233861,-1.9733863,-3.3133862,-3.8633862,-4.443386,-4.093386,-2.7333863,-1.8533863,-0.82338625,0.98661375,2.0166137,1.0766138,0.61661375,2.1666138,-0.9333862,1.2066138,1.1366137,1.4266138,3.7666137,6.076614,8.226614,6.946614,6.976614,5.7066135,5.9866138,4.8366137,4.676614,4.076614,3.0666137,2.1466138,1.8166138,2.4366138,2.1266139,0.85661376,-0.24338622,-0.8633862,-1.1533862,-1.5633862,-1.6033863,-1.8833863,-1.8833863,-2.7733862,-2.6133862,-2.4933863,-3.0233862,-3.5333862,-3.9633863,-2.8733861,-2.8733861,-1.8533863,0.7766138,0.11661377,1.3866137,0.99661374,0.86661375,-2.1833863,0.59661376,1.4366138,1.8866137,2.7666137,4.1066136,5.0066137,6.3166137,5.1266136,4.076614,3.8566139,3.1466138,3.9766138,4.326614,3.7366138,4.136614,3.6366138,3.9566138,3.5266137,3.2466137,2.5466137,1.5266137,0.59661376,-0.29338622,-0.71338624,-1.0233862,-1.3133862,-1.4133862,-1.2133862,-1.6133863,-2.2033863,-3.0233862,-3.0733862,-3.1633863,-2.5133862,-3.2833862,-2.8333862,-2.0233862,-1.7933862,-1.1733862,-0.6833862,-2.1633863,-0.96338624,0.61661375,1.6866138,1.5766138,2.4466138,3.6166139,6.4866138,7.306614,5.156614,2.3566139,2.6466138,3.7366138,3.9966137,4.1266136,3.8866138,4.636614,3.7766137,3.8366137,3.6866138,3.7466137,2.9166138,1.5766138,1.5866138,1.5666138,0.8266138,0.42661378,0.22661377,-0.52338624,-1.3833863,-1.5233862,-1.6733862,-1.3833863,-1.8133862,-2.0333862,-1.8833863,-2.0533862,-1.3733863,-1.7533863,-1.4533862,-1.2233863,-3.1033862,-1.6833862,-3.2633862,0.47661376,1.5366138,2.7466137,3.7266138,4.576614,4.346614,5.5866137,3.2166138,2.4166138,3.2266138,3.9066138,3.7666137,4.5666137,4.7766137,4.7566137,4.5266137,3.9366138,4.036614,3.3566139,2.3966138,1.8466138,2.0266137,2.596614,2.5366137,1.9466138,1.4966137,1.2166138,0.84661376,0.44661376,-0.10338623,-0.57338625,-0.6833862,-1.2933862,-1.0633862,-1.1533862,-0.77338624,-0.8533862,-1.1633862,-1.9833863,-2.7933862,-0.52338624,-2.2833862,0.35661376,3.1066139,3.7866137,3.6866138,4.4566135,4.656614,2.8066137,2.3166137,2.6166139,2.0466137,3.3966138,3.8866138,5.1666136,5.156614,5.386614,4.866614,4.176614,3.7966137,3.3766139,2.9566138,2.6866138,2.6566138,3.0566137,3.2866137,2.9666138,2.8366137,2.9266138,2.5366137,1.4666138,1.1466137,1.0266137,0.74661374,1.2466137,0.39661378,0.67661375,1.0466138,0.17661376]}]