wind.json
{"header": {"discipline":0,"disciplineName":"Meteorological products","gribEdition":2,"gribLength":953,"center":7,"centerName":"US National Weather Service - NCEP(WMC)","subcenter":0,"refTime":"2023-06-28T00:00:00.000Z","significanceOfRT":1,"significanceOfRTName":"Start of forecast","productStatus":0,"productStatusName":"Operational products","productType":1,"productTypeName":"Forecast products","productDefinitionTemplate":0,"productDefinitionTemplateName":"Analysis/forecast at horizontal level/layer at a point in time","parameterCategory":0,"parameterCategoryName":"UnknownDiscipline_0_Category_0","parameterNumber":0,"parameterNumberName":"UnknownParameter_D0_C0_0","parameterUnit":"Unknown","genProcessType":2,"genProcessTypeName":"Forecast","forecastTime":240,"surface1Type":1,"surface1TypeName":"Ground or water surface","surface1Value":0.0,"surface2Type":255,"surface2TypeName":"Missing","surface2Value":0.0,"gridDefinitionTemplate":0,"gridDefinitionTemplateName":"Latitude_Longitude","numberPoints":688,"shape":6,"shapeName":"Earth spherical with radius of 6,371,229.0 m","gridUnits":"degrees","resolution":48,"winds":"true","scanMode":64,"nx":43,"ny":16,"basicAngle":0,"lo1":45.0,"la1":40.0,"lo2":87.0,"la2":55.0,"dx":1.0,"dy":1.0}, "data":
[rows 0 to 15 of 16, columns 0 to 42 of 43]
286.4908,280.59082,295.29083,296.59082,296.4908,297.8908,297.19083,295.3908,300.3908,298.9908,299.19083,299.19083,300.19083,300.9908,299.29083,300.29083,300.29083,300.09082,297.59082,296.69083,295.4908,294.3908,291.79083,292.79083,291.8908,286.79083,287.79083,281.3908,277.29083,279.69083,280.9908,293.9908,294.8908,296.3908,298.4908,297.8908,298.09082,297.09082,298.29083,299.59082,298.19083,299.09082,299.59082
289.09082,296.19083,295.69083,289.59082,295.69083,296.8908,296.79083,295.19083,299.19083,301.19083,299.09082,297.9908,297.9908,300.8908,299.8908,300.09082,299.8908,297.19083,296.9908,296.79083,296.19083,295.69083,297.8908,291.79083,291.09082,289.19083,292.19083,293.4908,290.69083,277.69083,278.8908,279.8908,280.09082,282.4908,289.8908,296.69083,297.69083,297.4908,297.19083,297.69083,299.29083,300.09082,301.69083
289.3908,286.59082,278.69083,295.09082,296.8908,296.9908,296.69083,294.69083,300.69083,300.3908,298.19083,297.4908,298.4908,298.19083,297.4908,297.69083,296.8908,296.79083,297.3908,296.59082,295.4908,294.4908,295.09082,294.9908,291.3908,287.59082,273.29083,273.29083,282.69083,275.8908,277.9908,274.8908,279.9908,273.3908,282.8908,262.19083,277.8908,292.19083,291.69083,293.8908,298.8908,290.69083,283.59082
292.09082,294.8908,295.8908,297.09082,296.9908,296.9908,296.09082,299.3908,300.29083,299.19083,297.4908,297.29083,296.69083,296.29083,295.8908,297.8908,298.3908,296.9908,295.69083,294.59082,294.4908,295.19083,296.69083,295.9908,296.79083,288.8908,286.8908,288.19083,288.69083,289.4908,289.09082,280.29083,274.09082,276.3908,281.3908,280.9908,282.29083,283.19083,277.69083,280.4908,281.4908,278.19083,277.8908
297.19083,299.29083,298.29083,297.69083,297.79083,296.9908,297.19083,299.8908,300.4908,298.79083,299.4908,297.09082,297.19083,296.8908,294.9908,294.3908,298.4908,297.29083,297.8908,296.4908,297.4908,296.59082,296.79083,290.19083,297.4908,296.4908,294.9908,294.69083,295.79083,294.3908,291.3908,292.09082,292.69083,290.79083,294.8908,291.9908,292.09082,288.4908,278.59082,276.9908,283.29083,293.3908,297.9908
298.3908,299.4908,298.09082,298.09082,297.8908,298.3908,299.29083,300.3908,300.8908,300.9908,299.69083,298.29083,297.09082,296.8908,295.4908,294.8908,291.9908,298.4908,297.9908,296.8908,296.59082,298.09082,297.59082,297.59082,296.59082,295.69083,295.4908,294.9908,292.69083,292.69083,293.59082,294.3908,295.69083,291.3908,281.09082,274.69083,283.9908,294.29083,295.29083,299.9908,300.79083,300.3908,299.79083
297.19083,298.69083,297.3908,296.3908,298.79083,297.4908,297.59082,297.19083,300.69083,301.29083,299.4908,298.69083,297.3908,298.69083,294.59082,294.29083,297.69083,298.19083,298.79083,297.69083,297.69083,298.3908,296.9908,296.29083,294.9908,294.8908,294.3908,293.9908,294.3908,290.69083,295.3908,296.4908,295.69083,295.29083,294.3908,292.19083,291.59082,292.3908,287.9908,289.79083,297.59082,300.19083,298.79083
298.29083,298.8908,297.79083,297.79083,300.29083,300.29083,299.09082,299.8908,301.09082,300.3908,300.59082,300.09082,299.09082,298.79083,298.09082,297.9908,300.79083,300.29083,298.3908,298.69083,297.3908,296.59082,295.19083,295.69083,294.79083,293.69083,292.59082,292.69083,292.79083,295.9908,294.8908,294.29083,293.69083,293.9908,293.8908,293.69083,293.8908,292.79083,289.9908,287.09082,285.29083,284.59082,295.59082
298.29083,297.09082,300.09082,300.19083,301.29083,301.09082,300.4908,300.09082,300.09082,299.8908,298.3908,298.69083,297.29083,296.9908,299.9908,297.19083,299.29083,298.69083,298.29083,299.19083,295.9908,293.4908,292.8908,293.79083,293.69083,292.9908,291.59082,288.69083,289.4908,290.79083,289.8908,291.3908,291.3908,290.8908,291.19083,289.29083,288.4908,291.19083,293.4908,288.29083,293.79083,293.79083,292.3908
291.8908,299.3908,299.29083,299.09082,300.69083,299.3908,300.4908,299.3908,298.3908,298.3908,297.4908,295.4908,294.59082,294.69083,293.59082,297.19083,295.79083,297.29083,295.8908,295.09082,295.09082,293.8908,291.3908,291.4908,292.4908,292.29083,291.19083,291.69083,288.59082,287.4908,286.69083,286.59082,287.9908,288.9908,289.4908,290.59082,290.3908,288.3908,292.29083,289.8908,282.29083,281.69083,283.19083
297.19083,297.4908,297.29083,298.69083,299.09082,298.79083,298.69083,298.19083,297.79083,297.09082,296.19083,294.19083,293.09082,291.79083,292.79083,293.69083,294.8908,294.8908,294.9908,294.09082,294.4908,293.4908,291.3908,291.29083,292.29083,292.9908,291.9908,291.09082,290.19083,290.19083,290.29083,290.19083,290.09082,292.3908,292.3908,292.4908,292.19083,290.79083,287.9908,285.9908,282.8908,281.59082,280.79083
293.8908,292.69083,296.3908,295.3908,296.59082,296.4908,296.79083,297.09082,296.3908,296.3908,294.79083,293.09082,292.79083,290.8908,290.69083,291.59082,291.69083,292.29083,292.69083,292.69083,293.19083,291.9908,291.3908,291.79083,291.29083,291.29083,290.59082,290.59082,289.69083,291.3908,292.79083,293.9908,293.79083,294.59082,293.9908,292.29083,290.9908,291.59082,285.69083,282.79083,283.4908,283.8908,281.19083
292.09082,290.4908,291.59082,291.69083,294.4908,294.3908,292.79083,292.69083,292.9908,292.3908,292.19083,291.9908,290.4908,290.3908,291.69083,290.8908,290.4908,290.79083,290.69083,291.29083,290.9908,291.19083,290.69083,289.79083,290.8908,290.79083,290.79083,291.8908,292.29083,293.59082,294.79083,295.09082,293.19083,294.4908,295.09082,293.09082,291.79083,291.59082,290.69083,289.69083,288.79083,288.4908,286.8908
290.59082,289.9908,289.8908,289.69083,291.8908,292.09082,291.9908,291.69083,291.29083,291.29083,292.3908,291.09082,289.79083,288.79083,291.59082,294.4908,293.8908,295.09082,292.8908,292.09082,292.09082,290.4908,289.09082,288.59082,289.29083,289.19083,292.09082,295.29083,296.69083,294.79083,295.29083,294.09082,296.09082,294.79083,294.79083,293.59082,293.29083,290.79083,291.19083,291.09082,290.79083,290.79083,287.69083
290.9908,289.69083,288.4908,289.8908,290.9908,291.3908,291.19083,290.9908,291.79083,291.9908,292.09082,291.69083,290.69083,288.3908,288.9908,291.59082,291.59082,292.09082,292.09082,292.69083,295.19083,292.09082,291.3908,290.4908,292.4908,292.79083,295.19083,294.4908,294.3908,293.8908,293.79083,294.09082,294.3908,294.3908,293.8908,293.09082,292.4908,292.3908,292.09082,289.4908,290.69083,289.3908,290.19083
291.09082,290.19083,289.59082,290.29083,291.29083,289.4908,289.29083,288.69083,291.3908,289.59082,291.59082,289.4908,290.19083,289.8908,290.19083,290.8908,291.3908,292.19083,292.8908,292.29083,292.59082,291.9908,294.3908,292.9908,292.09082,292.69083,292.59082,292.4908,292.79083,293.29083,292.59082,292.69083,293.59082,288.8908,292.79083,292.09082,291.09082,290.8908,289.79083,288.79083,289.8908,290.69083,289.59082
