wind_kz.json
{"header": {"discipline":0,"disciplineName":"Meteorological products","gribEdition":2,"gribLength":948,"center":7,"centerName":"US National Weather Service - NCEP(WMC)","subcenter":0,"refTime":"2023-08-20T18:00:00.000Z","significanceOfRT":1,"significanceOfRTName":"Start of forecast","productStatus":0,"productStatusName":"Operational products","productType":1,"productTypeName":"Forecast products","productDefinitionTemplate":0,"productDefinitionTemplateName":"Analysis/forecast at horizontal level/layer at a point in time","parameterCategory":0,"parameterCategoryName":"UnknownDiscipline_0_Category_0","parameterNumber":0,"parameterNumberName":"UnknownParameter_D0_C0_0","parameterUnit":"Unknown","genProcessType":2,"genProcessTypeName":"Forecast","forecastTime":180,"surface1Type":1,"surface1TypeName":"Ground or water surface","surface1Value":0.0,"surface2Type":255,"surface2TypeName":"Missing","surface2Value":0.0,"gridDefinitionTemplate":0,"gridDefinitionTemplateName":"Latitude_Longitude","numberPoints":615,"shape":6,"shapeName":"Earth spherical with radius of 6,371,229.0 m","gridUnits":"degrees","resolution":48,"winds":"true","scanMode":64,"nx":41,"ny":15,"basicAngle":0,"lo1":47.0,"la1":41.0,"lo2":87.0,"la2":55.0,"dx":1.0,"dy":1.0}, "data":
[rows 0 to 14 of 15, columns 0 to 40 of 41]
309.38358,298.48358,306.68356,299.48358,298.88358,297.78357,309.08356,314.58356,310.28357,311.98358,311.68356,312.68356,311.78357,312.48358,313.38358,316.68356,319.68356,317.38358,326.18356,322.98358,325.58356,316.08356,311.58356,310.38358,310.88358,310.18356,305.98358,293.98358,282.28357,273.68356,287.18356,288.18356,297.98358,308.18356,320.88358,324.08356,327.98358,324.68356,325.38358,326.18356,326.08356
290.88358,305.78357,299.38358,299.18356,298.88358,297.48358,314.18356,308.38358,305.18356,307.48358,309.78357,309.68356,310.78357,310.48358,315.08356,317.78357,313.88358,319.38358,318.58356,319.78357,319.68356,316.18356,312.38358,298.88358,296.08356,281.78357,294.08356,295.68356,283.78357,275.08356,282.58356,283.68356,293.18356,273.78357,290.98358,311.28357,316.98358,320.08356,325.08356,314.48358,284.78357
306.88358,299.18356,299.68356,299.58356,297.78357,306.78357,305.58356,306.78357,303.28357,302.38358,303.78357,306.88358,307.38358,309.48358,308.68356,312.38358,315.38358,316.78357,316.48358,315.48358,315.88358,311.68356,311.88358,305.08356,307.78357,305.78357,296.68356,290.98358,288.48358,281.88358,273.88358,280.68356,294.38358,295.08356,303.58356,302.78357,298.58356,299.98358,305.48358,300.18356,297.98358
300.08356,299.98358,299.58356,298.48358,299.08356,306.08356,305.58356,307.88358,309.48358,303.08356,303.68356,307.68356,295.38358,294.88358,310.78357,308.08356,306.38358,307.58356,312.78357,316.18356,311.08356,308.08356,310.58356,312.48358,314.48358,313.08356,310.98358,304.48358,301.28357,292.38358,290.78357,288.28357,297.48358,306.98358,308.68356,310.38358,299.28357,299.58356,303.68356,317.68356,319.78357
302.48358,299.38358,299.48358,298.88358,304.18356,306.88358,307.38358,310.58356,308.68356,306.98358,309.28357,308.58356,295.88358,294.48358,292.28357,305.68356,307.78357,305.78357,306.28357,308.18356,310.58356,299.28357,312.18356,310.68356,310.88358,312.78357,308.48358,300.08356,297.48358,296.98358,293.88358,290.28357,283.68356,281.28357,305.38358,317.98358,308.48358,327.98358,329.38358,323.08356,326.18356
307.58356,306.48358,297.78357,298.28357,298.88358,298.38358,310.88358,308.08356,309.08356,308.28357,306.18356,308.88358,296.98358,294.98358,300.38358,307.68356,305.48358,309.18356,305.78357,308.88358,308.78357,308.48358,309.78357,309.18356,308.78357,306.18356,303.08356,293.58356,302.08356,303.48358,296.98358,296.58356,294.78357,297.88358,290.68356,304.68356,304.08356,305.98358,314.38358,324.88358,324.58356
308.08356,309.18356,308.58356,309.78357,302.38358,307.38358,312.18356,305.48358,298.98358,304.78357,307.98358,308.38358,309.78357,311.48358,311.88358,306.28357,307.18356,306.38358,308.48358,306.08356,305.58356,305.78357,306.08356,306.88358,302.88358,302.08356,302.18356,300.18356,303.38358,305.58356,301.88358,294.78357,296.68356,295.78357,295.58356,305.58356,305.08356,299.88358,308.88358,301.18356,316.98358
301.98358,300.68356,300.68356,297.78357,304.18356,305.68356,307.18356,306.68356,306.08356,305.78357,305.08356,303.88358,306.08356,306.58356,309.18356,308.38358,307.68356,303.38358,306.38358,303.98358,303.18356,304.38358,303.58356,300.18356,293.78357,294.98358,296.98358,301.58356,296.58356,302.08356,294.98358,294.38358,294.28357,293.28357,299.88358,301.08356,311.08356,289.58356,312.68356,316.28357,319.78357
298.78357,296.38358,301.28357,298.38358,302.48358,304.08356,306.88358,305.28357,303.18356,301.18356,301.18356,301.18356,301.58356,302.78357,305.48358,308.08356,304.88358,304.18356,302.78357,303.78357,300.68356,298.98358,288.58356,289.18356,286.68356,290.88358,289.98358,293.58356,293.38358,300.48358,300.38358,301.18356,296.18356,296.18356,307.28357,305.08356,300.68356,305.18356,303.18356,299.88358,299.68356
295.78357,294.18356,295.28357,293.78357,298.68356,303.58356,303.88358,301.98358,301.48358,300.88358,300.28357,299.98358,300.28357,301.68356,301.88358,302.08356,302.48358,299.78357,300.38358,302.28357,299.28357,290.78357,288.68356,288.28357,287.38358,287.28357,287.18356,291.58356,297.78357,298.78357,298.98358,306.68356,300.28357,296.68356,298.78357,305.18356,299.28357,300.38358,303.18356,302.38358,300.88358
292.38358,294.78357,292.68356,290.58356,292.58356,297.68356,297.88358,300.08356,300.38358,298.78357,298.28357,299.08356,294.18356,295.28357,298.98358,299.48358,292.18356,296.88358,302.78357,289.28357,287.18356,287.48358,288.78357,289.78357,291.88358,287.38358,290.38358,294.58356,297.38358,299.28357,302.68356,304.38358,300.88358,298.08356,297.88358,303.88358,299.08356,301.68356,306.48358,301.28357,301.68356
288.58356,289.68356,291.28357,291.38358,290.08356,288.68356,288.38358,293.68356,297.58356,295.78357,286.98358,293.88358,295.68356,290.38358,287.88358,296.48358,296.48358,292.28357,298.98358,297.68356,291.18356,289.68356,299.38358,298.98358,288.78357,285.48358,286.98358,295.08356,298.68356,302.38358,299.18356,301.18356,296.38358,295.88358,296.68356,302.28357,301.98358,304.98358,305.18356,305.88358,304.68356
289.48358,294.38358,287.38358,285.08356,286.58356,287.88358,286.08356,285.58356,289.58356,293.38358,287.78357,286.98358,290.38358,284.98358,290.88358,288.58356,293.28357,293.48358,295.98358,295.38358,293.68356,293.78357,295.58356,295.88358,297.98358,289.08356,293.28357,290.28357,293.78357,298.78357,304.38358,302.38358,298.98358,296.88358,296.18356,297.48358,301.18356,302.28357,304.08356,304.38358,302.28357
290.48358,292.78357,291.88358,288.38358,284.88358,284.68356,292.08356,286.78357,293.48358,293.58356,286.28357,283.38358,288.48358,287.68356,289.78357,284.18356,291.18356,293.08356,288.98358,294.18356,296.18356,294.68356,296.38358,297.38358,296.18356,289.78357,287.48358,287.18356,291.08356,290.38358,299.88358,299.68356,296.58356,295.68356,291.28357,294.38358,301.18356,301.18356,303.88358,302.38358,302.48358
284.98358,284.88358,290.88358,287.48358,284.88358,285.68356,289.38358,285.48358,290.88358,291.48358,284.68356,286.08356,282.18356,284.38358,286.38358,290.58356,290.48358,292.68356,289.88358,291.18356,291.98358,295.08356,297.88358,298.88358,294.68356,294.58356,288.28357,289.48358,289.58356,287.18356,291.38358,288.58356,296.28357,293.98358,288.08356,288.38358,290.08356,298.78357,302.38358,302.68356,304.18356
