wind_kz.json
{"header": {"discipline":0,"disciplineName":"Meteorological products","gribEdition":2,"gribLength":794,"center":7,"centerName":"US National Weather Service - NCEP(WMC)","subcenter":0,"refTime":"2023-09-27T00:00:00.000Z","significanceOfRT":1,"significanceOfRTName":"Start of forecast","productStatus":0,"productStatusName":"Operational products","productType":1,"productTypeName":"Forecast products","productDefinitionTemplate":0,"productDefinitionTemplateName":"Analysis/forecast at horizontal level/layer at a point in time","parameterCategory":2,"parameterCategoryName":"UnknownDiscipline_0_Category_2","parameterNumber":2,"parameterNumberName":"UnknownParameter_D0_C2_2","parameterUnit":"Unknown","genProcessType":2,"genProcessTypeName":"Forecast","forecastTime":300,"surface1Type":103,"surface1TypeName":"Specified height level above ground","surface1Value":10.0,"surface2Type":255,"surface2TypeName":"Missing","surface2Value":0.0,"gridDefinitionTemplate":0,"gridDefinitionTemplateName":"Latitude_Longitude","numberPoints":615,"shape":6,"shapeName":"Earth spherical with radius of 6,371,229.0 m","gridUnits":"degrees","resolution":48,"winds":"true","scanMode":64,"nx":41,"ny":15,"basicAngle":0,"lo1":47.0,"la1":41.0,"lo2":87.0,"la2":55.0,"dx":1.0,"dy":1.0}, "data":
[rows 0 to 14 of 15, columns 0 to 40 of 41]
3.3657074,1.3657074,-0.8342926,-0.4342926,-1.5342926,-0.5342926,-0.1342926,-6.5342927,-8.234293,-7.1342926,-6.6342926,-6.3342924,-6.7342925,-6.434293,-5.8342924,-5.434293,-4.1342926,-6.0342927,-6.0342927,-5.934293,-4.3342924,-1.3342927,1.3657074,2.5657074,0.7657074,0.5657074,1.3657074,2.5657074,0.7657074,-0.0342926,1.8657074,2.5657074,0.1657074,0.0657074,-1.2342926,0.2657074,1.8657074,-3.6342926,-2.9342926,-1.4342926,-0.6342926
2.6657073,-1.6342926,2.4657073,-5.0342927,-5.1342926,0.6657074,-4.6342926,-5.5342927,-5.7342925,-6.3342924,-6.5342927,-5.5342927,-4.6342926,-5.434293,-5.0342927,-4.6342926,-3.7342925,-4.5342927,-4.5342927,-4.3342924,-3.3342927,-1.9342926,-1.2342926,0.2657074,0.3657074,0.1657074,-0.5342926,2.4657073,1.2657074,0.8657074,-0.4342926,-0.5342926,0.2657074,-1.5342926,-0.5342926,-0.6342926,-0.2342926,-2.1342926,0.7657074,-1.3342927,-4.8342924
1.9657074,0.2657074,-3.1342926,-7.7342925,-5.1342926,-1.7342926,-4.8342924,-4.6342926,-5.7342925,-5.3342924,-4.8342924,-4.3342924,-4.7342925,-4.7342925,-4.1342926,-4.0342927,-4.2342925,-3.8342927,-3.6342926,-3.2342925,-2.2342925,-1.3342927,-2.2342925,-6.434293,-3.8342927,-4.934293,-4.8342924,-3.2342925,-0.4342926,-1.3342927,-0.3342926,-1.0342926,-1.0342926,2.3657074,2.6657073,-3.9342926,1.8657074,-0.8342926,5.8657074,-0.3342926,-1.8342927
3.4657073,-5.1342926,-8.134293,-7.7342925,-3.5342927,-2.7342925,-3.5342927,-2.9342926,-3.2342925,-3.6342926,-3.6342926,-4.0342927,-8.134293,-4.434293,-2.2342925,-1.6342926,-2.0342927,-0.8342926,-1.4342926,-1.3342927,-0.8342926,-3.5342927,-2.4342926,-3.0342927,-3.0342927,-2.1342926,-0.8342926,1.2657074,2.3657074,1.0657074,0.4657074,1.1657073,6.7657075,6.6657076,5.2657075,3.6657073,0.6657074,-0.2342926,0.9657074,1.7657074,1.3657074
-5.8342924,-7.6342926,-6.8342924,-3.9342926,-2.3342927,-2.1342926,-1.8342927,-1.7342926,-2.4342926,-2.0342927,-1.5342926,-4.1342926,-3.6342926,-1.8342927,0.0657074,0.3657074,-0.0342926,0.4657074,0.8657074,-0.1342926,0.4657074,0.5657074,0.0657074,0.2657074,0.2657074,0.9657074,1.6657073,-2.8342927,1.8657074,2.4657073,3.7657075,1.5657074,1.4657074,2.0657074,-0.1342926,4.7657075,10.465708,2.5657074,3.7657075,6.4657073,2.3657074
-4.3342924,-3.7342925,-3.9342926,-3.9342926,-4.0342927,-4.0342927,-0.1342926,-0.0342926,-0.7342926,-0.5342926,0.3657074,0.7657074,-0.2342926,0.2657074,2.7657075,2.9657073,2.4657073,2.2657075,2.1657073,2.1657073,2.8657074,3.0657074,2.6657073,2.7657075,2.6657073,2.8657074,3.3657074,-0.2342926,2.7657075,4.065707,3.9657073,5.6657076,6.4657073,5.2657075,2.5657074,-0.9342926,3.0657074,7.9657073,15.565707,-2.6342926,2.1657073
-0.7342926,-1.4342926,-1.2342926,-1.5342926,-0.6342926,0.3657074,2.4657073,0.8657074,1.0657074,1.1657073,1.6657073,2.0657074,2.7657075,3.2657075,3.7657075,4.6657076,5.2657075,4.1657076,3.9657073,4.065707,4.4657073,4.1657076,4.6657076,4.6657076,4.6657076,4.8657074,5.1657076,4.9657073,4.2657075,4.7657075,5.1657076,5.1657076,6.6657076,7.2657075,4.6657076,3.0657074,2.1657073,-1.0342926,3.6657073,-1.3342927,0.6657074
1.6657073,2.3657074,1.4657074,1.4657074,1.6657073,2.5657074,2.5657074,1.9657074,2.5657074,2.6657073,3.4657073,4.1657076,4.7657075,4.8657074,4.4657073,4.6657076,4.7657075,4.9657073,5.4657073,5.6657076,6.3657074,5.7657075,5.1657076,5.1657076,5.3657074,5.565707,5.6657076,5.565707,5.6657076,5.2657075,4.6657076,5.1657076,5.4657073,6.3657074,6.4657073,8.365707,4.2657075,7.9657073,6.6657076,3.7657075,2.7657075
4.565707,4.1657076,3.7657075,3.9657073,4.065707,3.9657073,3.8657074,4.065707,4.4657073,4.7657075,4.565707,4.9657073,5.8657074,5.4657073,5.2657075,5.4657073,5.3657074,5.7657075,5.7657075,6.065707,6.9657073,6.8657074,6.565707,6.2657075,5.8657074,5.7657075,6.3657074,6.4657073,5.7657075,6.6657076,5.7657075,5.2657075,4.065707,7.2657075,8.265707,5.565707,6.4657073,2.3657074,1.7657074,1.2657074,0.8657074
6.3657074,5.8657074,5.3657074,4.9657073,4.9657073,5.1657076,5.3657074,5.7657075,5.9657073,6.065707,6.565707,6.9657073,6.6657076,6.2657075,6.1657076,5.7657075,5.6657076,5.6657076,5.9657073,6.3657074,7.9657073,7.565707,7.3657074,7.065707,7.1657076,6.8657074,7.065707,7.2657075,7.565707,8.065707,7.1657076,5.1657076,3.5657074,7.2657075,8.965708,8.265707,1.9657074,-1.3342927,2.5657074,0.9657074,0.6657074
4.1657076,5.4657073,5.3657074,5.565707,5.3657074,4.9657073,5.7657075,5.7657075,5.9657073,6.065707,6.4657073,6.565707,6.3657074,6.4657073,6.065707,5.8657074,6.1657076,6.2657075,6.565707,7.2657075,7.6657076,7.9657073,7.9657073,7.8657074,7.2657075,7.4657073,8.065707,7.6657076,8.365707,7.9657073,6.9657073,4.6657076,1.7657074,3.8657074,5.7657075,0.7657074,-0.3342926,0.6657074,-0.8342926,0.8657074,0.9657074
-1.3342927,-2.8342927,-1.5342926,0.4657074,4.6657076,5.4657073,5.2657075,5.565707,5.4657073,5.3657074,5.8657074,6.1657076,6.1657076,5.9657073,5.565707,5.7657075,6.2657075,6.2657075,6.565707,7.065707,7.4657073,7.2657075,6.8657074,7.2657075,7.8657074,8.165708,8.265707,8.365707,8.365707,7.7657075,6.1657076,5.2657075,2.9657073,2.7657075,3.3657074,3.3657074,3.3657074,4.565707,3.4657073,-0.1342926,-0.3342926
-1.0342926,-1.2342926,-0.7342926,-1.5342926,-1.0342926,-0.5342926,-0.4342926,0.8657074,1.8657074,1.1657073,2.2657075,3.8657074,4.8657074,4.1657076,4.065707,5.7657075,6.4657073,7.1657076,7.3657074,7.3657074,6.8657074,7.565707,7.7657075,7.9657073,7.7657075,8.265707,8.465708,8.265707,7.9657073,7.2657075,6.3657074,5.9657073,5.1657076,1.3657074,4.4657073,3.7657075,4.2657075,3.0657074,6.565707,1.3657074,-0.6342926
0.4657074,0.6657074,1.3657074,1.5657074,1.5657074,2.0657074,2.4657073,3.0657074,2.5657074,1.0657074,0.3657074,1.6657073,5.3657074,5.8657074,5.4657073,5.565707,6.065707,6.3657074,6.4657073,6.8657074,6.6657076,7.2657075,7.1657076,8.365707,7.8657074,7.2657075,7.9657073,7.065707,7.1657076,7.4657073,7.1657076,6.1657076,5.2657075,3.7657075,3.3657074,3.5657074,3.7657075,3.8657074,3.3657074,1.8657074,0.3657074
1.8657074,3.4657073,3.3657074,2.1657073,3.1657073,3.1657073,2.9657073,3.5657074,3.7657075,3.4657073,2.6657073,4.3657074,4.1657076,3.6657073,4.8657074,5.1657076,5.9657073,6.8657074,6.8657074,7.3657074,7.3657074,7.7657075,7.3657074,7.8657074,7.4657073,6.4657073,7.9657073,7.4657073,7.565707,7.6657076,7.565707,7.9657073,5.565707,5.1657076,3.8657074,4.065707,3.7657075,5.065707,4.7657075,4.1657076,2.4657073
