wind_kz.json
{"header": {"discipline":0,"disciplineName":"Meteorological products","gribEdition":2,"gribLength":871,"center":7,"centerName":"US National Weather Service - NCEP(WMC)","subcenter":0,"refTime":"2023-10-05T06:00:00.000Z","significanceOfRT":1,"significanceOfRTName":"Start of forecast","productStatus":0,"productStatusName":"Operational products","productType":1,"productTypeName":"Forecast products","productDefinitionTemplate":0,"productDefinitionTemplateName":"Analysis/forecast at horizontal level/layer at a point in time","parameterCategory":0,"parameterCategoryName":"UnknownDiscipline_0_Category_0","parameterNumber":0,"parameterNumberName":"UnknownParameter_D0_C0_0","parameterUnit":"Unknown","genProcessType":2,"genProcessTypeName":"Forecast","forecastTime":180,"surface1Type":1,"surface1TypeName":"Ground or water surface","surface1Value":0.0,"surface2Type":255,"surface2TypeName":"Missing","surface2Value":0.0,"gridDefinitionTemplate":0,"gridDefinitionTemplateName":"Latitude_Longitude","numberPoints":615,"shape":6,"shapeName":"Earth spherical with radius of 6,371,229.0 m","gridUnits":"degrees","resolution":48,"winds":"true","scanMode":64,"nx":41,"ny":15,"basicAngle":0,"lo1":47.0,"la1":41.0,"lo2":87.0,"la2":55.0,"dx":1.0,"dy":1.0}, "data":
[rows 0 to 14 of 15, columns 0 to 40 of 41]
287.3029,278.3029,282.20288,292.8029,292.9029,291.60287,289.60287,288.8029,288.70288,291.00287,289.70288,290.3029,289.8029,289.10287,289.00287,287.00287,287.20288,287.9029,286.9029,288.00287,290.70288,291.4029,290.9029,286.50287,290.8029,291.4029,288.00287,276.10287,274.4029,273.60287,273.00287,268.4029,282.00287,287.60287,289.10287,289.50287,290.50287,289.10287,289.4029,288.60287,287.60287
266.3029,284.50287,292.60287,292.50287,292.70288,290.8029,288.4029,287.10287,285.60287,287.50287,289.3029,287.3029,287.20288,285.9029,283.3029,284.50287,283.60287,283.50287,283.9029,284.50287,285.9029,288.70288,290.4029,285.00287,277.20288,277.8029,282.4029,277.70288,276.60287,272.00287,277.60287,265.8029,275.10287,251.40288,271.60287,285.8029,285.10287,287.00287,289.9029,283.20288,283.4029
285.9029,292.3029,292.20288,292.00287,290.3029,287.9029,287.8029,285.70288,283.4029,282.70288,283.3029,283.20288,283.4029,284.9029,285.00287,281.4029,280.9029,281.9029,281.20288,282.4029,286.60287,286.4029,287.9029,286.3029,289.60287,288.3029,289.20288,288.70288,285.60287,279.20288,271.3029,273.9029,278.60287,278.10287,280.00287,281.9029,275.4029,277.50287,274.70288,270.10287,271.60287
287.9029,291.20288,292.00287,291.4029,289.60287,286.9029,287.70288,286.00287,286.9029,285.9029,285.00287,284.70288,289.00287,288.4029,282.10287,279.60287,281.70288,278.9029,280.4029,282.70288,283.60287,279.60287,286.00287,289.4029,290.4029,290.9029,290.00287,289.3029,288.4029,287.60287,287.9029,284.4029,289.4029,286.4029,285.4029,283.9029,273.50287,267.20288,277.20288,283.3029,287.00287
291.3029,290.4029,291.00287,290.60287,288.8029,286.9029,287.00287,286.8029,286.3029,285.60287,284.9029,283.8029,288.00287,286.70288,285.3029,281.60287,281.3029,281.8029,279.10287,283.10287,284.4029,284.20288,283.8029,284.70288,286.00287,287.8029,286.9029,286.60287,287.70288,290.50287,290.8029,288.10287,279.8029,270.10287,277.60287,285.10287,288.4029,290.4029,291.00287,290.70288,289.70288
289.60287,289.60287,288.60287,289.3029,289.60287,288.8029,286.50287,287.20288,286.00287,285.50287,285.10287,284.3029,287.00287,287.60287,284.4029,280.00287,282.70288,280.00287,280.60287,282.10287,281.4029,283.4029,283.60287,283.8029,283.9029,282.9029,284.10287,286.4029,286.70288,287.8029,287.00287,289.00287,288.20288,286.9029,284.8029,286.50287,280.8029,282.60287,287.10287,289.20288,288.70288
288.60287,288.9029,289.8029,289.4029,287.00287,285.8029,286.3029,286.60287,286.9029,287.60287,287.10287,286.60287,285.9029,284.3029,282.8029,282.00287,280.50287,281.20288,279.10287,279.3029,278.8029,281.50287,283.8029,284.60287,283.3029,283.00287,283.50287,284.8029,283.9029,284.50287,285.10287,286.10287,286.3029,286.50287,286.60287,285.70288,281.8029,279.70288,277.4029,275.3029,285.20288
285.9029,285.8029,285.00287,285.4029,285.8029,284.70288,283.70288,284.20288,283.8029,284.4029,284.70288,284.60287,284.3029,285.60287,285.00287,284.8029,282.10287,281.60287,280.3029,277.70288,278.70288,278.70288,280.00287,280.9029,282.50287,280.8029,280.70288,281.60287,280.50287,282.70288,282.10287,282.70288,282.3029,281.10287,280.8029,283.3029,285.50287,284.60287,287.4029,286.00287,283.3029
283.50287,282.10287,281.4029,279.9029,281.60287,281.50287,280.4029,280.20288,279.8029,280.4029,281.8029,281.9029,281.9029,283.3029,283.3029,284.9029,284.10287,283.20288,281.20288,278.60287,276.50287,276.9029,278.8029,279.20288,279.8029,280.3029,279.10287,278.8029,278.3029,277.50287,278.50287,279.70288,280.3029,281.60287,282.3029,280.10287,281.50287,284.8029,275.4029,273.50287,270.3029
281.00287,280.70288,280.10287,279.8029,280.10287,281.3029,282.20288,278.60287,278.60287,281.00287,280.3029,280.10287,280.8029,281.20288,281.4029,282.20288,282.8029,283.10287,283.10287,281.70288,279.10287,277.4029,278.60287,278.4029,278.4029,277.60287,279.00287,279.4029,279.00287,278.70288,279.3029,280.70288,281.3029,281.00287,282.8029,284.50287,282.50287,280.50287,279.10287,276.10287,272.20288
279.8029,279.3029,279.20288,278.60287,278.70288,278.8029,278.50287,278.10287,277.60287,279.60287,278.00287,277.9029,280.70288,279.70288,280.20288,280.8029,280.3029,281.50287,282.50287,280.3029,280.9029,279.70288,278.3029,278.20288,278.00287,277.8029,276.60287,278.60287,279.20288,280.3029,280.4029,280.8029,280.70288,281.20288,280.70288,279.50287,277.70288,278.4029,279.60287,279.8029,277.70288
279.4029,279.60287,278.8029,277.70288,277.20288,277.4029,277.60287,278.8029,276.4029,276.20288,275.8029,277.60287,278.4029,278.70288,280.00287,280.20288,279.9029,279.8029,280.60287,281.10287,279.8029,279.20288,278.8029,279.00287,278.3029,278.4029,277.4029,278.70288,279.10287,279.00287,277.9029,277.4029,278.8029,278.10287,279.3029,281.70288,282.10287,282.70288,281.70288,282.20288,282.00287
279.3029,276.9029,278.00287,277.10287,277.50287,278.00287,279.3029,275.4029,274.9029,274.50287,273.00287,274.20288,277.00287,277.20288,278.8029,279.20288,279.3029,279.10287,281.00287,280.60287,279.70288,279.60287,279.10287,278.50287,279.00287,278.70288,279.20288,277.9029,278.10287,277.60287,277.8029,277.70288,277.3029,277.10287,279.00287,280.10287,279.3029,282.00287,281.70288,281.4029,280.8029
277.9029,278.00287,280.70288,276.4029,275.50287,275.50287,276.60287,278.20288,279.00287,278.10287,273.00287,269.9029,273.70288,276.3029,278.00287,278.8029,278.8029,279.3029,279.9029,279.9029,280.70288,281.00287,281.00287,280.3029,279.60287,279.9029,277.9029,277.4029,276.8029,277.3029,276.3029,275.60287,275.50287,275.00287,276.20288,277.3029,279.70288,279.60287,280.00287,278.9029,281.00287
276.9029,278.00287,283.60287,276.10287,274.9029,273.8029,273.9029,273.00287,274.8029,277.4029,277.60287,274.00287,272.9029,273.20288,275.00287,278.4029,278.60287,278.3029,279.50287,279.20288,279.9029,279.3029,279.60287,278.10287,279.50287,279.20288,277.8029,276.4029,275.9029,275.9029,276.10287,278.8029,274.9029,274.70288,275.60287,279.00287,279.3029,278.3029,279.20288,279.50287,279.50287
