wind_kz.json
{"header": {"discipline":0,"disciplineName":"Meteorological products","gribEdition":2,"gribLength":871,"center":7,"centerName":"US National Weather Service - NCEP(WMC)","subcenter":0,"refTime":"2023-09-08T06:00:00.000Z","significanceOfRT":1,"significanceOfRTName":"Start of forecast","productStatus":0,"productStatusName":"Operational products","productType":1,"productTypeName":"Forecast products","productDefinitionTemplate":0,"productDefinitionTemplateName":"Analysis/forecast at horizontal level/layer at a point in time","parameterCategory":0,"parameterCategoryName":"UnknownDiscipline_0_Category_0","parameterNumber":0,"parameterNumberName":"UnknownParameter_D0_C0_0","parameterUnit":"Unknown","genProcessType":2,"genProcessTypeName":"Forecast","forecastTime":180,"surface1Type":1,"surface1TypeName":"Ground or water surface","surface1Value":0.0,"surface2Type":255,"surface2TypeName":"Missing","surface2Value":0.0,"gridDefinitionTemplate":0,"gridDefinitionTemplateName":"Latitude_Longitude","numberPoints":615,"shape":6,"shapeName":"Earth spherical with radius of 6,371,229.0 m","gridUnits":"degrees","resolution":48,"winds":"true","scanMode":64,"nx":41,"ny":15,"basicAngle":0,"lo1":47.0,"la1":41.0,"lo2":87.0,"la2":55.0,"dx":1.0,"dy":1.0}, "data":
[rows 0 to 14 of 15, columns 0 to 40 of 41]
292.24155,284.74155,285.54156,297.74155,297.54156,296.44156,296.24155,298.34155,298.44156,297.34155,294.94156,295.84155,295.74155,297.44156,297.24155,292.54156,293.34155,292.84155,292.24155,292.44156,294.04156,290.44156,289.74155,287.24155,291.04156,291.64154,288.54156,277.64154,276.84155,277.04156,277.24155,281.54156,289.84155,294.34155,294.84155,294.84155,294.94156,295.24155,295.44156,295.84155,295.64154
270.64154,286.64154,297.14154,297.44156,297.14154,295.54156,293.84155,293.54156,294.54156,292.84155,294.54156,292.44156,293.84155,294.74155,291.04156,290.74155,290.84155,290.64154,289.44156,288.84155,288.94156,291.14154,289.64154,285.04156,277.04156,276.74155,285.04156,277.64154,276.54156,274.04156,278.94156,272.84155,282.24155,256.24155,277.74155,294.04156,293.24155,293.94156,296.74155,288.44156,284.14154
287.54156,296.74155,297.74155,297.24155,294.94156,291.84155,289.34155,291.84155,289.24155,289.74155,289.54156,291.64154,292.84155,291.14154,292.44156,289.24155,287.84155,287.04156,287.24155,287.54156,288.34155,291.54156,291.64154,285.54156,286.14154,286.64154,287.14154,286.24155,285.24155,278.04156,277.04156,278.54156,281.74155,279.74155,281.44156,280.94156,274.34155,277.04156,276.84155,272.24155,273.44156
288.34155,296.14154,297.04156,296.14154,293.14154,289.24155,290.04156,286.54156,288.14154,290.74155,290.54156,291.64154,293.44156,292.74155,294.04156,292.74155,290.24155,287.44156,288.74155,287.14154,289.54156,284.34155,288.74155,289.54156,289.74155,290.14154,289.74155,288.24155,286.74155,286.94156,288.64154,285.84155,291.64154,287.64154,288.94156,286.44156,273.74155,272.44156,277.74155,287.64154,289.04156
292.24155,294.14154,295.14154,293.94156,292.04156,288.84155,289.24155,288.84155,288.84155,288.54156,290.04156,290.34155,292.64154,291.44156,289.74155,291.94156,291.04156,288.74155,286.44156,289.54156,289.64154,289.84155,288.14154,288.34155,287.84155,287.54156,286.94156,288.64154,286.34155,287.14154,290.34155,285.24155,276.04156,269.04156,279.14154,288.54156,291.54156,291.44156,290.04156,289.54156,289.24155
290.14154,287.14154,293.24155,292.64154,293.04156,292.74155,290.44156,290.94156,289.94156,289.64154,291.24155,291.84155,292.34155,292.64154,291.84155,291.74155,291.94156,289.84155,290.24155,290.14154,288.94156,288.24155,287.14154,287.04156,285.84155,284.84155,286.74155,291.24155,289.04156,289.54156,286.74155,289.34155,286.24155,284.94156,283.04156,289.44156,279.04156,282.14154,287.84155,288.14154,288.44156
290.94156,286.24155,292.04156,293.54156,292.24155,290.44156,291.54156,290.64154,291.04156,291.54156,290.34155,291.14154,292.54156,291.24155,290.64154,291.34155,290.64154,291.14154,289.64154,289.24155,290.54156,289.14154,290.64154,290.54156,286.84155,288.64154,288.04156,289.44156,288.14154,290.34155,288.94156,289.34155,287.14154,287.44156,286.84155,288.84155,284.24155,279.94156,274.94156,274.44156,285.14154
287.14154,286.74155,290.64154,293.34155,290.94156,290.94156,292.14154,290.34155,288.94156,289.64154,289.64154,290.44156,290.84155,290.34155,290.54156,289.94156,289.24155,291.04156,291.24155,289.14154,288.34155,287.74155,288.54156,285.34155,283.94156,285.44156,285.94156,283.44156,281.74155,283.24155,282.34155,286.64154,285.64154,283.34155,284.44156,283.14154,288.34155,289.24155,283.34155,285.44156,279.64154
286.14154,286.44156,288.84155,289.04156,290.74155,288.04156,288.24155,288.64154,289.24155,288.54156,289.94156,290.54156,288.04156,289.34155,289.94156,290.04156,290.14154,289.04156,287.14154,285.94156,283.24155,283.64154,284.34155,283.94156,282.44156,282.84155,280.04156,279.44156,279.74155,278.24155,279.54156,280.34155,280.44156,285.14154,285.54156,278.74155,279.44156,280.94156,271.94156,270.84155,267.34155
284.94156,287.54156,288.24155,286.24155,286.44156,288.94156,285.64154,285.34155,288.94156,288.14154,287.94156,288.94156,288.04156,287.44156,288.74155,287.94156,289.14154,285.44156,288.54156,288.34155,286.64154,283.74155,284.24155,283.94156,282.74155,281.54156,280.54156,280.54156,279.64154,279.94156,280.14154,281.84155,286.54156,285.34155,285.74155,284.34155,278.24155,275.04156,270.34155,270.64154,272.04156
284.24155,283.54156,283.54156,285.24155,284.04156,284.14154,286.34155,287.74155,287.24155,287.64154,286.24155,286.44156,289.14154,284.54156,286.04156,284.24155,284.64154,288.14154,288.54156,287.04156,284.14154,284.34155,283.54156,283.54156,282.14154,282.14154,280.34155,282.24155,281.94156,282.84155,285.84155,286.04156,283.74155,283.14154,282.04156,278.74155,275.84155,277.24155,274.34155,277.54156,272.64154
283.24155,286.64154,283.94156,284.14154,285.14154,285.84155,283.44156,286.64154,287.84155,286.34155,284.64154,282.44156,283.24155,283.24155,282.74155,283.94156,288.04156,288.14154,287.24155,283.64154,283.24155,282.94156,282.84155,282.74155,281.84155,283.04156,283.04156,285.84155,283.64154,285.84155,282.84155,283.24155,284.34155,281.74155,281.84155,280.94156,280.44156,278.74155,279.44156,282.74155,282.84155
285.44156,282.34155,283.54156,286.34155,287.34155,287.24155,285.94156,287.44156,286.04156,285.74155,281.74155,279.04156,283.04156,281.94156,282.54156,283.54156,283.84155,286.04156,286.04156,285.24155,282.84155,284.74155,284.74155,281.44156,285.74155,286.64154,287.54156,287.04156,283.84155,282.84155,283.84155,283.14154,283.34155,282.24155,281.74155,280.74155,280.14154,284.24155,280.84155,280.74155,280.44156
281.64154,287.44156,285.84155,286.64154,286.64154,286.24155,286.34155,285.74155,285.94156,285.64154,280.84155,278.64154,279.94156,281.44156,282.84155,283.44156,285.74155,285.64154,284.44156,286.44156,286.64154,283.84155,283.44156,286.44156,287.44156,287.74155,287.74155,286.94156,286.64154,283.14154,283.44156,284.94156,285.94156,283.74155,282.24155,280.74155,281.04156,280.84155,282.84155,280.74155,280.64154
287.04156,285.84155,288.44156,287.44156,287.44156,287.34155,285.04156,282.04156,286.44156,285.34155,285.64154,284.34155,283.74155,280.24155,281.94156,283.14154,286.54156,285.94156,286.54156,286.34155,286.34155,283.14154,283.04156,283.44156,283.54156,286.94156,287.14154,286.84155,286.94156,285.94156,286.04156,285.04156,283.94156,284.44156,284.14154,283.94156,282.34155,282.34155,282.44156,282.54156,282.24155
