wind_kz.json
{"header": {"discipline":0,"disciplineName":"Meteorological products","gribEdition":2,"gribLength":1025,"center":7,"centerName":"US National Weather Service - NCEP(WMC)","subcenter":0,"refTime":"2023-09-10T06:00:00.000Z","significanceOfRT":1,"significanceOfRTName":"Start of forecast","productStatus":0,"productStatusName":"Operational products","productType":1,"productTypeName":"Forecast products","productDefinitionTemplate":0,"productDefinitionTemplateName":"Analysis/forecast at horizontal level/layer at a point in time","parameterCategory":2,"parameterCategoryName":"UnknownDiscipline_0_Category_2","parameterNumber":2,"parameterNumberName":"UnknownParameter_D0_C2_2","parameterUnit":"Unknown","genProcessType":2,"genProcessTypeName":"Forecast","forecastTime":240,"surface1Type":103,"surface1TypeName":"Specified height level above ground","surface1Value":10.0,"surface2Type":255,"surface2TypeName":"Missing","surface2Value":0.0,"gridDefinitionTemplate":0,"gridDefinitionTemplateName":"Latitude_Longitude","numberPoints":615,"shape":6,"shapeName":"Earth spherical with radius of 6,371,229.0 m","gridUnits":"degrees","resolution":48,"winds":"true","scanMode":64,"nx":41,"ny":15,"basicAngle":0,"lo1":47.0,"la1":41.0,"lo2":87.0,"la2":55.0,"dx":1.0,"dy":1.0}, "data":
[rows 0 to 14 of 15, columns 0 to 40 of 41]
0.83673215,1.4367322,-1.1832678,1.9067322,-4.213268,-6.763268,-10.293268,-10.5532675,-10.883267,-8.473268,-9.193268,-8.993268,-8.453268,-7.5632677,-6.5632677,-5.633268,-5.5432677,-7.303268,-6.8932676,-5.193268,-2.2432678,-0.17326783,1.0067322,2.1167321,-2.4332678,0.6867322,2.9367323,4.1867323,1.5167322,2.1967323,5.6667323,1.2867322,0.6567322,-0.18326782,0.47673216,1.2967322,3.5367322,1.0567322,-3.843268,-1.0532678,3.7267323
0.63673216,-0.23326783,5.0667324,-5.423268,-7.923268,-7.943268,-8.043268,-11.163268,-9.153268,-9.443268,-9.253268,-8.503268,-7.323268,-7.3732677,-6.533268,-7.0232677,-6.223268,-6.223268,-5.8932676,-5.1632676,-3.093268,-1.4832678,1.3367321,3.3167322,0.8067322,-0.29326782,0.8067322,0.89673215,3.386732,1.9767321,0.8067322,1.6267322,0.15673217,1.3367321,0.7367322,0.12673217,1.3867322,-1.5932678,-0.5232678,2.146732,3.376732
-1.0932678,-5.3132677,-8.643268,-11.103268,-10.643268,-10.323268,-9.3032675,-7.713268,-9.163268,-8.783268,-8.2632675,-7.6032677,-7.193268,-5.923268,-5.803268,-6.513268,-6.9332676,-5.743268,-4.153268,-1.6032678,-3.8932679,-8.243268,-4.673268,-6.863268,-2.583268,-4.803268,-3.9532678,-2.5132678,2.8167322,-1.2332678,1.1067321,-2.1532679,-0.67326784,2.906732,0.64673215,1.3567321,2.7067323,1.2767322,4.026732,8.966732,8.876732
-5.903268,-10.273268,-11.3032675,-10.633267,-8.733268,-9.2632675,-6.6432676,-7.993268,-6.653268,-7.1832676,-7.3532677,-7.0432677,-5.9132676,-4.9132676,-4.443268,-5.513268,-5.3732677,-4.503268,-3.5332677,-4.173268,-2.573268,-7.343268,-5.593268,-6.703268,-7.3332677,-8.183268,-8.633267,-10.383267,-7.6432676,-4.213268,0.6767322,0.6167322,4.886732,3.906732,5.2067323,4.616732,3.656732,3.396732,-1.9932678,-3.7532678,-1.3432678
-6.473268,-8.5532675,-8.463268,-9.963268,-8.963268,-7.513268,-7.403268,-7.973268,-7.0832677,-6.0832677,-5.903268,-6.003268,-5.013268,-4.053268,-3.5532677,-5.1832676,-5.323268,-4.2732677,-4.113268,-5.173268,-7.493268,-7.3932676,-8.143268,-7.983268,-8.823268,-9.593267,-11.423267,-8.883267,-7.973268,-7.0632677,-6.403268,-4.3132677,0.5367322,1.9167322,-2.9132679,-2.4532678,-4.243268,-2.833268,-4.803268,1.3667321,0.69673216
-6.473268,-6.733268,-8.143268,-9.583268,-9.343267,-7.693268,-7.593268,-6.4332676,-5.733268,-5.1432676,-4.953268,-4.363268,-4.553268,-5.723268,-4.003268,-4.763268,-4.863268,-4.633268,-4.653268,-3.7732677,-5.513268,-6.423268,-7.343268,-7.733268,-8.073268,-9.5132675,-9.403268,-8.923267,-7.053268,-6.6432676,-6.6832676,-6.173268,-4.223268,-1.6732678,3.3667321,2.896732,4.736732,5.636732,4.1867323,-5.533268,-2.5232677
-6.1832676,-6.383268,-6.303268,-7.1832676,-7.033268,-5.823268,-5.363268,-5.9332676,-5.473268,-4.8532677,-4.1232677,-5.2932677,-4.2932677,-4.713268,-4.713268,-3.5332677,-4.3532677,-4.2932677,-4.5832677,-5.503268,-5.153268,-5.233268,-5.633268,-5.753268,-6.573268,-7.133268,-6.503268,-6.093268,-6.173268,-5.883268,-5.763268,-4.763268,-3.4132679,-1.4932678,-1.4532678,0.42673218,-0.74326783,-2.9332678,4.4367323,-0.86326784,4.056732
-7.003268,-4.8532677,-3.363268,-4.203268,-3.4332678,-2.5332677,-1.8632678,-2.5632677,-2.8832679,-2.9332678,-4.133268,-4.0632677,-4.3732677,-4.113268,-3.1532679,-3.333268,-3.5332677,-4.3532677,-3.9432678,-5.5232677,-5.3332677,-4.723268,-3.6532679,-2.8132677,-3.0332677,-2.9932678,-3.9332678,-3.7732677,-5.213268,-4.5832677,-5.003268,-3.7932677,-2.623268,-3.0132678,-2.573268,0.25673217,2.626732,5.386732,7.056732,7.806732,6.8967323
-3.3132677,-2.1932678,-0.6532678,-4.503268,-0.55326784,0.026732178,-0.35326782,-0.6932678,-0.0032678223,-0.5032678,-0.8832678,-2.1632679,-3.2932677,-2.5532677,-3.1532679,-3.103268,-3.1832678,-3.323268,-3.3832679,-2.5232677,-4.3532677,-3.8832679,-2.8932679,-2.3932679,-2.323268,-2.2332678,-1.0132679,-0.60326785,-1.6032678,-1.3232678,-2.3032677,-1.8832679,-0.9532678,0.82673216,0.006732178,1.8967322,-0.85326785,-1.5632678,-0.61326784,0.7867322,0.5967322
-0.9732678,2.4967322,-3.4232678,-2.6432679,-2.833268,-1.2532678,0.5367322,0.8467322,1.0067322,-0.20326783,0.88673216,1.0967321,0.47673216,-1.1432679,-2.123268,-2.4332678,-2.8132677,-2.3932679,-2.4332678,-1.9632678,-2.6332679,-2.2932677,-2.0632677,-1.9132679,-1.9432678,-1.5032678,-0.80326784,-1.0332679,-0.6432678,-0.5332678,-0.0032678223,0.4167322,-1.1432679,-0.31326783,0.3567322,1.6067321,0.56673217,0.44673216,0.50673217,0.16673218,1.3467321
-2.9132679,-2.613268,0.2967322,0.82673216,-1.3832679,-1.8632678,-1.1232678,-0.17326783,-1.3832679,1.2467322,1.9867321,2.0367322,0.76673216,0.5267322,0.3567322,0.016732179,-0.8232678,-1.1932678,-0.86326784,-0.7732678,-0.85326785,-0.5332678,-0.23326783,0.22673218,0.48673218,0.7767322,1.5467322,1.5067322,1.3967322,0.70673215,1.3067322,1.6867322,1.3867322,1.1167321,0.8067322,1.3567321,-0.06326782,-0.13326782,0.6667322,-0.37326783,0.7367322
-1.3932679,-0.8232678,-1.6232678,-2.5432677,-1.9832678,-0.47326782,-1.1232678,-0.85326785,-0.6332678,0.08673218,1.6967322,1.9867321,1.8967322,2.0267322,2.0167322,2.2167323,2.0967321,1.6667322,1.8067322,1.4667321,1.5767322,1.6967322,1.9567322,2.3267322,3.0367322,3.156732,3.3667321,2.926732,2.5067322,2.5767322,2.4567323,2.636732,2.2167323,2.156732,1.7867322,1.2767322,1.8967322,1.9067322,1.5967321,0.46673217,0.34673217
-1.8532678,-0.28326783,-0.8732678,-1.7032678,-0.86326784,-0.7032678,0.9167322,1.5567322,1.5467322,0.22673218,0.5367322,1.3367321,1.8067322,2.646732,2.4767323,2.8667321,3.2867322,3.4667323,2.8067322,3.3167322,3.2967322,3.5767322,3.906732,4.046732,4.6667323,4.656732,4.3967323,3.6967323,3.636732,3.4567323,3.146732,3.2167323,3.0367322,3.4867322,3.0767322,2.876732,3.0867321,2.136732,2.4367323,2.3267322,1.4167322
-0.80326784,-1.9632678,0.76673216,0.16673218,0.066732176,0.15673217,-0.9432678,-0.0032678223,-0.08326782,0.22673218,0.50673217,1.5867321,1.3067322,1.2067322,0.19673218,0.3867322,1.2367321,2.7267323,3.0267322,4.4167323,4.946732,5.196732,5.6267323,5.366732,4.986732,4.346732,4.076732,4.3567324,4.196732,4.096732,3.876732,3.4867322,3.396732,3.2567322,2.7767322,3.0767322,2.6967323,2.6967323,2.626732,1.6667322,1.9567322
-0.9732678,-0.6932678,-1.2932678,-0.5832678,-0.6532678,-1.1132678,-1.1332679,-0.5332678,0.24673218,0.49673218,0.94673216,1.9167322,1.8767322,0.5367322,-0.5032678,0.13673218,0.5967322,0.94673216,1.0267322,2.2667322,3.2267323,3.4567323,3.9467323,5.1267323,5.016732,4.5667324,4.8567324,4.746732,4.446732,4.3167324,4.196732,5.046732,4.286732,3.8667321,3.4767323,3.396732,2.9567323,3.2167323,2.5967321,2.7167323,1.9467322
