wind_kz.json
{"header": {"discipline":0,"disciplineName":"Meteorological products","gribEdition":2,"gribLength":871,"center":7,"centerName":"US National Weather Service - NCEP(WMC)","subcenter":0,"refTime":"2023-09-22T18:00:00.000Z","significanceOfRT":1,"significanceOfRTName":"Start of forecast","productStatus":0,"productStatusName":"Operational products","productType":1,"productTypeName":"Forecast products","productDefinitionTemplate":0,"productDefinitionTemplateName":"Analysis/forecast at horizontal level/layer at a point in time","parameterCategory":0,"parameterCategoryName":"UnknownDiscipline_0_Category_0","parameterNumber":0,"parameterNumberName":"UnknownParameter_D0_C0_0","parameterUnit":"Unknown","genProcessType":2,"genProcessTypeName":"Forecast","forecastTime":120,"surface1Type":1,"surface1TypeName":"Ground or water surface","surface1Value":0.0,"surface2Type":255,"surface2TypeName":"Missing","surface2Value":0.0,"gridDefinitionTemplate":0,"gridDefinitionTemplateName":"Latitude_Longitude","numberPoints":615,"shape":6,"shapeName":"Earth spherical with radius of 6,371,229.0 m","gridUnits":"degrees","resolution":48,"winds":"true","scanMode":64,"nx":41,"ny":15,"basicAngle":0,"lo1":47.0,"la1":41.0,"lo2":87.0,"la2":55.0,"dx":1.0,"dy":1.0}, "data":
[rows 0 to 14 of 15, columns 0 to 40 of 41]
290.7149,281.3149,286.01492,293.8149,293.91492,293.41492,293.91492,296.01492,293.51492,293.41492,292.7149,293.51492,292.8149,292.8149,292.51492,290.41492,289.51492,292.2149,292.3149,293.7149,294.8149,293.51492,290.01492,286.61493,289.01492,289.2149,287.11493,274.51492,273.41492,273.91492,275.3149,275.41492,283.51492,289.51492,290.41492,290.51492,290.51492,289.3149,287.41492,287.51492,287.61493
272.3149,285.7149,293.2149,293.7149,293.2149,292.2149,293.91492,292.91492,291.61493,292.01492,292.7149,291.51492,290.41492,289.51492,291.11493,291.2149,291.2149,290.01492,290.01492,291.51492,294.2149,293.41492,291.2149,283.61493,274.51492,273.51492,282.11493,274.3149,276.7149,270.61493,276.41492,266.61493,277.61493,251.81491,272.8149,286.7149,285.41492,287.41492,290.41492,283.41492,283.61493
287.91492,292.91492,293.61493,293.3149,291.41492,292.7149,292.7149,291.7149,291.2149,291.01492,289.51492,289.8149,287.91492,288.91492,291.11493,288.41492,288.8149,288.01492,289.01492,288.51492,291.8149,290.7149,291.7149,286.11493,289.01492,288.61493,288.91492,287.01492,286.11493,279.01492,271.01492,272.8149,278.41492,278.3149,279.91492,280.01492,271.61493,273.8149,275.2149,270.7149,265.91492
288.3149,292.61493,293.8149,292.7149,292.11493,291.8149,293.11493,291.61493,291.7149,291.7149,290.2149,288.7149,291.2149,290.8149,290.2149,290.91492,290.8149,289.01492,288.91492,289.11493,289.01492,287.51492,290.51492,291.61493,292.2149,291.2149,291.7149,288.41492,286.2149,286.3149,287.11493,285.3149,289.61493,286.51492,286.2149,283.7149,267.51492,263.3149,275.8149,281.41492,284.8149
290.91492,292.3149,292.8149,291.8149,291.8149,291.8149,293.01492,293.41492,293.61493,292.41492,291.51492,290.11493,290.3149,289.2149,287.7149,291.41492,291.3149,290.7149,288.91492,290.8149,290.91492,290.8149,290.01492,290.01492,290.3149,289.51492,287.7149,288.2149,288.01492,287.61493,289.41492,285.51492,276.41492,266.3149,277.3149,283.61493,288.2149,287.8149,288.41492,288.2149,287.91492
291.01492,289.11493,291.3149,291.61493,291.61493,291.61493,292.3149,295.01492,292.11493,293.61493,291.61493,292.91492,290.7149,290.2149,290.2149,290.7149,292.41492,290.91492,291.41492,291.2149,290.3149,289.91492,290.01492,289.7149,289.3149,287.11493,287.11493,288.41492,288.8149,289.11493,287.2149,288.41492,287.11493,284.61493,283.3149,287.11493,278.91492,280.2149,285.2149,286.2149,286.51492
291.41492,291.01492,294.61493,294.41492,291.91492,291.41492,291.51492,290.8149,292.2149,292.91492,290.01492,290.61493,289.91492,293.01492,291.2149,291.3149,291.8149,292.11493,290.8149,290.41492,289.2149,289.91492,290.41492,290.7149,288.7149,288.51492,286.8149,288.8149,287.41492,286.8149,286.7149,287.11493,286.8149,287.3149,286.41492,284.61493,280.11493,276.91492,272.41492,271.8149,282.7149
291.8149,290.7149,292.51492,292.51492,292.3149,292.01492,290.8149,290.01492,288.7149,289.7149,288.7149,288.7149,287.61493,290.3149,291.7149,291.41492,291.7149,293.7149,294.11493,291.8149,289.3149,289.2149,288.51492,288.2149,287.3149,289.51492,285.11493,285.11493,283.91492,285.61493,284.2149,284.61493,283.7149,281.2149,280.61493,280.91492,282.3149,286.91492,281.8149,281.3149,278.91492
289.61493,289.2149,289.51492,288.51492,290.2149,289.61493,288.8149,289.3149,288.8149,289.41492,290.8149,287.2149,287.91492,287.11493,291.2149,289.2149,292.2149,288.8149,290.61493,289.8149,288.8149,285.2149,287.91492,286.61493,288.7149,289.2149,287.11493,283.3149,281.61493,280.41492,281.61493,281.51492,281.91492,282.7149,281.3149,280.01492,280.41492,279.2149,263.91492,268.01492,264.41492
287.91492,288.7149,288.2149,288.11493,287.8149,288.01492,287.61493,288.01492,287.91492,290.11493,286.3149,286.41492,289.2149,288.51492,287.51492,289.91492,288.51492,288.8149,290.2149,288.7149,289.3149,289.01492,284.2149,288.41492,289.11493,287.51492,287.91492,288.41492,287.3149,287.51492,282.91492,284.51492,285.51492,284.91492,283.51492,282.01492,280.01492,275.8149,271.11493,271.3149,271.51492
286.41492,286.2149,286.7149,286.61493,286.3149,286.11493,286.51492,286.41492,286.41492,289.8149,288.61493,285.01492,286.41492,288.01492,287.7149,289.51492,288.01492,287.91492,288.2149,286.91492,286.41492,287.3149,288.11493,286.01492,288.2149,288.2149,286.41492,288.91492,289.41492,287.8149,286.61493,287.11493,286.11493,286.61493,285.51492,282.2149,277.7149,274.3149,273.8149,273.8149,270.11493
283.51492,284.91492,284.8149,284.7149,284.41492,284.61493,283.51492,283.51492,284.01492,284.2149,283.01492,283.41492,284.91492,283.91492,284.2149,285.41492,285.61493,285.8149,286.51492,286.11493,285.01492,284.2149,285.11493,284.7149,284.91492,286.2149,285.01492,286.91492,288.61493,289.51492,287.8149,290.11493,288.11493,284.91492,284.7149,284.01492,283.7149,282.61493,281.51492,280.61493,278.11493
283.3149,282.51492,283.7149,283.91492,284.2149,283.8149,282.51492,282.3149,281.8149,281.11493,280.2149,279.11493,282.7149,281.51492,282.8149,283.41492,283.91492,283.8149,284.91492,284.41492,284.11493,286.41492,281.91492,283.41492,283.8149,285.11493,287.11493,283.91492,284.11493,284.01492,287.2149,285.11493,287.2149,286.61493,285.61493,284.61493,284.01492,284.2149,282.51492,281.61493,280.41492
280.61493,283.01492,284.91492,283.8149,283.2149,282.41492,282.8149,282.3149,281.91492,281.51492,280.61493,278.51492,280.01492,281.3149,282.51492,283.2149,282.8149,282.11493,282.8149,283.11493,283.51492,283.11493,284.3149,284.91492,283.7149,283.3149,282.7149,282.51492,281.8149,282.11493,282.51492,282.2149,281.7149,281.2149,281.8149,281.41492,282.8149,283.3149,284.01492,281.11493,279.61493
281.8149,283.61493,286.2149,282.7149,283.11493,281.91492,282.91492,281.01492,281.91492,281.11493,282.2149,279.8149,279.91492,279.91492,281.11493,283.3149,284.11493,283.3149,283.01492,282.91492,282.51492,282.41492,282.11493,281.7149,282.51492,284.61493,280.01492,279.51492,280.01492,279.8149,280.41492,281.51492,279.61493,279.41492,279.3149,279.91492,280.61493,280.91492,282.41492,282.2149,282.01492
