wind_kz.json
{"header": {"discipline":0,"disciplineName":"Meteorological products","gribEdition":2,"gribLength":1025,"center":7,"centerName":"US National Weather Service - NCEP(WMC)","subcenter":0,"refTime":"2023-08-19T00:00:00.000Z","significanceOfRT":1,"significanceOfRTName":"Start of forecast","productStatus":0,"productStatusName":"Operational products","productType":1,"productTypeName":"Forecast products","productDefinitionTemplate":0,"productDefinitionTemplateName":"Analysis/forecast at horizontal level/layer at a point in time","parameterCategory":2,"parameterCategoryName":"UnknownDiscipline_0_Category_2","parameterNumber":2,"parameterNumberName":"UnknownParameter_D0_C2_2","parameterUnit":"Unknown","genProcessType":2,"genProcessTypeName":"Forecast","forecastTime":180,"surface1Type":103,"surface1TypeName":"Specified height level above ground","surface1Value":10.0,"surface2Type":255,"surface2TypeName":"Missing","surface2Value":0.0,"gridDefinitionTemplate":0,"gridDefinitionTemplateName":"Latitude_Longitude","numberPoints":615,"shape":6,"shapeName":"Earth spherical with radius of 6,371,229.0 m","gridUnits":"degrees","resolution":48,"winds":"true","scanMode":64,"nx":41,"ny":15,"basicAngle":0,"lo1":47.0,"la1":41.0,"lo2":87.0,"la2":55.0,"dx":1.0,"dy":1.0}, "data":
[rows 0 to 14 of 15, columns 0 to 40 of 41]
-1.9462769,2.043723,-2.626277,-6.226277,-3.656277,0.68372315,7.173723,2.9637232,0.95372313,0.82372314,1.3637232,0.24372314,2.7537231,3.4837232,1.4937232,2.043723,3.043723,2.783723,5.473723,5.083723,4.933723,4.773723,-2.916277,6.273723,9.913723,9.953723,8.833723,7.673723,3.5037231,2.7537231,-0.08627686,-1.8262769,-3.2262769,-1.0962769,2.073723,0.32372314,-0.046276856,1.8837231,4.853723,1.2237232,3.533723
0.87372315,-5.6962767,-4.916277,-3.7262769,-2.906277,2.543723,-1.4162768,-0.39627686,1.9237231,1.4837232,2.1737232,0.67372316,0.7137231,-1.1862769,-0.056276854,1.4937232,2.113723,3.073723,3.9837232,4.773723,5.483723,4.2837234,6.333723,-2.706277,4.433723,2.843723,4.753723,3.9937232,6.913723,1.1137232,-0.20627685,-0.13627686,-2.9962769,0.92372316,-0.36627686,1.2337232,-2.7362769,5.003723,1.3137231,2.613723,5.0537233
-6.706277,-6.2362766,-4.166277,-2.466277,1.2337232,5.683723,0.68372315,1.0737232,1.8337232,1.4837232,1.2437232,0.50372314,-0.61627686,0.86372316,0.12372314,1.4637232,1.9237231,2.7037232,4.503723,5.693723,6.943723,7.373723,7.103723,9.703723,9.733723,0.94372314,2.5237231,6.663723,7.1537232,1.5937232,-0.12627685,-0.40627685,1.2937231,3.363723,-2.8462768,-1.5262768,-1.2262769,0.17372315,-1.2362769,0.043723144,-0.44627684
-7.746277,-5.1362767,-2.936277,-0.35627687,5.8837233,0.89372313,1.3937231,1.9737232,1.7337232,2.1637232,2.343723,1.6337231,-3.406277,0.82372314,3.593723,3.9437232,3.2237232,4.3437233,5.433723,6.0337234,6.5337234,8.403723,9.253723,8.933723,6.7837234,7.643723,2.4237232,8.593723,8.003723,9.1437235,4.8637233,-1.6162769,1.2337232,0.0037231445,1.9537232,2.6837232,1.1837231,-0.87627685,-3.396277,-5.166277,-3.7862768
-5.6362767,-3.5362768,-3.2262769,-1.4862769,-0.64627683,-1.3962768,3.033723,1.7537231,2.4537232,3.783723,2.6337233,3.4037232,2.3937232,4.193723,4.373723,7.233723,4.173723,4.293723,4.623723,6.103723,7.4037232,8.183723,9.783723,10.583723,10.003723,9.533723,5.0137234,5.933723,8.503723,10.243723,9.513723,3.0237231,-2.0562768,-2.6162767,-2.0962768,-2.636277,-0.8462769,-7.436277,-7.506277,-5.1962767,-4.276277
-3.0962768,0.35372314,-2.0062768,-0.61627686,2.053723,3.843723,5.1137233,3.6337233,4.163723,4.523723,5.003723,4.503723,4.6337233,0.38372314,4.103723,4.913723,3.9337232,4.233723,5.1137233,4.193723,5.983723,8.133723,9.003723,10.083723,9.923723,10.973723,10.993723,9.293723,6.963723,9.323723,9.063724,5.673723,5.483723,6.993723,5.003723,4.663723,-0.98627687,-2.7362769,-2.896277,-3.0862768,-2.1162767
-0.6662769,-0.55627686,1.5837232,2.2537231,2.4937232,5.1137233,3.2637231,4.563723,5.563723,6.543723,6.3637233,5.293723,3.783723,2.6337233,7.1137233,3.7437232,4.753723,4.353723,0.95372313,4.8037233,6.5337234,6.293723,7.713723,9.043723,10.303723,10.333723,10.653723,5.743723,4.0537233,8.1437235,4.223723,4.923723,3.9737232,5.873723,8.783723,4.313723,-1.8262769,1.1737231,0.5237231,0.33372316,-0.67627686
1.3337232,2.2537231,1.7037232,2.5037231,2.8937232,2.813723,2.9137232,3.073723,4.143723,4.6337233,5.853723,6.5337234,5.213723,2.6937232,4.523723,4.8837233,7.173723,4.913723,2.343723,4.833723,6.3237233,7.333723,8.223723,8.063724,9.823723,11.413723,7.5937233,9.373723,0.49372315,12.133723,3.8937232,4.0137234,7.8037233,4.8037233,3.0237231,-0.88627684,-5.376277,-4.266277,-4.9062767,-2.0562768,-1.6262769
3.2737231,3.4637232,3.7437232,3.4737232,2.9237232,3.6837232,3.7737231,3.9537232,3.583723,4.333723,4.493723,4.413723,4.893723,4.8237233,4.9037232,3.843723,6.353723,5.273723,5.273723,0.0037231445,5.423723,7.5937233,9.113723,9.183723,9.3937235,10.6437235,7.583723,6.0137234,9.313724,3.573723,2.2237232,2.8837233,5.6137233,2.0137231,1.8537232,-0.056276854,0.13372314,-0.93627685,0.073723145,0.54372317,0.46372315
4.0537233,3.813723,3.4437232,4.673723,5.413723,5.163723,4.603723,3.0237231,3.6437232,4.183723,2.853723,4.443723,4.853723,4.3837233,4.8237233,4.943723,4.8237233,6.8637233,0.31372315,2.9037232,6.583723,7.0337234,9.583723,11.333723,11.293723,10.713723,12.563724,7.483723,5.393723,8.383723,2.7537231,0.9037231,5.0337234,3.093723,5.443723,2.4037232,2.9237232,-1.1262769,-0.82627684,0.85372317,0.6537231
5.043723,5.713723,5.743723,5.413723,4.953723,4.643723,5.733723,3.593723,4.483723,4.193723,3.9337232,6.2837234,5.983723,5.713723,6.673723,3.8837233,4.793723,4.5537233,1.1237231,4.043723,3.9637232,4.983723,6.413723,9.693723,4.733723,5.193723,7.703723,6.583723,6.183723,8.733723,0.34372315,-1.4662769,7.943723,3.6937232,1.6337231,1.7537231,1.5537231,-0.09627686,0.40372315,0.15372315,0.38372314
6.223723,6.713723,7.213723,4.4037232,5.423723,4.623723,4.143723,4.443723,5.1137233,3.8837233,5.003723,5.413723,3.5237231,3.6537232,3.9537232,4.623723,2.583723,5.723723,3.593723,1.6137232,0.95372313,2.2037232,1.7837231,0.033723146,1.1537231,4.083723,6.5737233,8.263723,6.963723,-4.6362767,-1.9662769,-3.3462768,-4.036277,2.2637231,0.51372313,1.5637231,1.1337231,2.4137232,1.0937232,-1.4062768,-0.79627687
5.933723,7.0937233,6.523723,6.0137234,4.5737233,3.073723,4.2837234,6.973723,7.0137234,5.8637233,3.0037231,4.443723,3.8937232,4.943723,3.803723,4.973723,4.3037233,4.183723,4.8237233,-0.15627685,1.5937232,-0.24627686,1.4837232,0.9737232,1.9837232,-1.9062768,3.373723,7.6537232,-3.7862768,-6.3662767,-6.166277,-4.8462768,1.5237231,-1.4562769,-0.5362769,-0.38627684,-0.69627684,1.2137232,0.9637231,-0.79627687,-0.55627686
6.493723,7.193723,6.503723,6.673723,3.6937232,5.123723,5.0537233,4.193723,4.433723,3.6537232,3.3937232,2.833723,4.5737233,4.8237233,4.8837233,4.3637233,4.793723,4.243723,3.123723,0.09372315,0.41372314,-0.43627685,-0.86627686,-0.21627685,-0.20627685,-3.4762769,-2.686277,-0.19627686,-2.906277,-6.506277,-5.316277,3.1937232,-2.9962769,-3.446277,-1.9362769,0.12372314,-0.60627687,-1.4062768,4.243723,1.0937232,-0.40627685
5.243723,7.3837233,6.733723,4.873723,6.043723,5.853723,4.913723,4.413723,4.5737233,2.863723,0.38372314,2.9037232,2.833723,3.1937232,6.223723,4.8237233,2.6637232,2.1837232,3.823723,-2.646277,-1.3862768,0.113723144,-1.9562769,-2.376277,-1.6162769,-2.216277,-2.936277,-3.2762768,-3.9862769,-4.916277,-3.896277,-4.536277,-3.5662768,-3.676277,-2.7462769,-1.6462768,0.113723144,-0.12627685,1.2237232,0.34372315,-1.2162769
