wind.json
{"header": {"discipline":0,"disciplineName":"Meteorological products","gribEdition":2,"gribLength":953,"center":7,"centerName":"US National Weather Service - NCEP(WMC)","subcenter":0,"refTime":"2023-06-28T12:00:00.000Z","significanceOfRT":1,"significanceOfRTName":"Start of forecast","productStatus":0,"productStatusName":"Operational products","productType":1,"productTypeName":"Forecast products","productDefinitionTemplate":0,"productDefinitionTemplateName":"Analysis/forecast at horizontal level/layer at a point in time","parameterCategory":0,"parameterCategoryName":"UnknownDiscipline_0_Category_0","parameterNumber":0,"parameterNumberName":"UnknownParameter_D0_C0_0","parameterUnit":"Unknown","genProcessType":2,"genProcessTypeName":"Forecast","forecastTime":60,"surface1Type":1,"surface1TypeName":"Ground or water surface","surface1Value":0.0,"surface2Type":255,"surface2TypeName":"Missing","surface2Value":0.0,"gridDefinitionTemplate":0,"gridDefinitionTemplateName":"Latitude_Longitude","numberPoints":688,"shape":6,"shapeName":"Earth spherical with radius of 6,371,229.0 m","gridUnits":"degrees","resolution":48,"winds":"true","scanMode":64,"nx":43,"ny":16,"basicAngle":0,"lo1":45.0,"la1":40.0,"lo2":87.0,"la2":55.0,"dx":1.0,"dy":1.0}, "data":
[rows 0 to 15 of 16, columns 0 to 42 of 43]
280.0747,278.9747,293.27472,293.1747,295.0747,296.9747,296.27472,294.4747,295.4747,295.9747,301.3747,299.8747,301.6747,301.27472,300.9747,300.4747,299.0747,298.1747,296.8747,295.5747,295.9747,294.27472,291.77472,291.3747,288.4747,287.77472,287.8747,283.3747,279.6747,276.1747,279.3747,293.1747,293.1747,293.6747,295.1747,295.5747,298.4747,297.27472,297.27472,297.4747,297.6747,297.5747,297.4747
284.5747,291.9747,292.77472,285.9747,286.6747,295.8747,296.0747,294.5747,294.8747,299.1747,299.77472,304.1747,301.0747,302.8747,301.4747,300.8747,299.3747,295.9747,295.5747,295.27472,294.4747,294.1747,293.0747,290.4747,289.9747,288.4747,291.4747,292.77472,289.8747,275.3747,275.6747,276.4747,277.3747,280.3747,287.77472,294.77472,297.4747,298.5747,297.0747,296.8747,297.77472,298.77472,298.4747
284.27472,281.77472,274.8747,286.9747,296.0747,296.0747,295.9747,294.0747,297.1747,300.3747,301.4747,301.9747,301.3747,300.4747,300.1747,299.1747,295.9747,294.9747,294.3747,293.5747,294.77472,293.0747,293.0747,293.9747,290.77472,284.8747,271.3747,272.9747,280.9747,274.27472,276.77472,271.8747,278.5747,272.9747,282.4747,259.1747,276.4747,294.4747,293.8747,295.77472,298.4747,290.3747,283.3747
284.3747,285.0747,288.77472,295.9747,296.0747,296.0747,295.4747,296.0747,296.9747,298.27472,300.4747,300.6747,300.0747,300.5747,299.6747,300.5747,297.6747,294.3747,293.3747,292.1747,292.1747,292.8747,293.8747,294.4747,295.3747,286.1747,285.6747,287.9747,286.5747,287.8747,287.9747,278.9747,273.6747,275.77472,281.5747,281.9747,281.3747,283.0747,277.8747,280.5747,281.9747,277.1747,274.9747
287.9747,290.5747,287.9747,296.5747,296.77472,296.0747,295.4747,294.5747,295.77472,296.6747,299.3747,301.3747,301.0747,299.0747,294.3747,293.8747,296.5747,294.5747,295.1747,293.27472,293.6747,292.8747,293.1747,288.9747,291.8747,292.1747,290.6747,291.8747,291.9747,291.1747,289.1747,288.27472,288.8747,289.1747,293.77472,291.6747,291.77472,287.3747,278.0747,275.9747,282.3747,291.8747,294.5747
288.27472,289.6747,290.4747,297.0747,296.9747,297.5747,297.0747,296.3747,296.77472,299.9747,301.3747,300.8747,301.4747,298.27472,294.9747,294.3747,291.4747,296.5747,295.8747,294.27472,292.27472,294.9747,294.3747,293.77472,292.9747,292.3747,292.27472,292.6747,290.5747,290.27472,290.5747,290.6747,292.6747,287.8747,279.27472,273.4747,282.77472,291.8747,293.9747,298.1747,297.5747,297.6747,297.6747
290.4747,293.0747,290.5747,289.6747,297.9747,296.6747,296.4747,296.27472,296.8747,298.3747,300.8747,299.6747,300.4747,299.1747,294.1747,293.77472,294.77472,295.9747,295.3747,294.9747,295.1747,294.9747,293.9747,293.3747,292.8747,292.27472,291.77472,290.9747,291.4747,290.4747,290.8747,293.77472,292.6747,292.8747,291.27472,288.8747,290.27472,290.6747,284.8747,286.1747,295.27472,296.1747,295.27472
291.3747,293.0747,293.1747,290.77472,294.1747,293.4747,296.3747,297.3747,298.77472,299.5747,301.6747,300.77472,299.6747,299.1747,298.27472,297.77472,296.3747,295.0747,294.4747,294.4747,294.8747,293.3747,291.77472,292.0747,292.4747,291.9747,290.77472,291.0747,290.9747,292.27472,291.4747,291.3747,292.0747,292.5747,292.3747,292.5747,291.1747,290.8747,287.77472,283.77472,282.4747,281.6747,292.6747
290.77472,290.9747,293.5747,293.4747,293.77472,293.27472,296.9747,298.3747,299.0747,299.1747,299.9747,298.8747,299.0747,297.27472,296.0747,298.1747,297.8747,296.0747,295.0747,294.4747,293.8747,291.4747,290.1747,291.6747,291.5747,291.4747,289.6747,285.6747,286.4747,287.8747,286.6747,289.0747,288.1747,289.1747,288.5747,286.9747,287.0747,290.1747,291.77472,287.9747,290.6747,290.9747,288.27472
289.6747,291.1747,292.5747,293.3747,293.8747,294.4747,295.5747,296.5747,294.6747,296.6747,298.1747,297.4747,295.4747,296.5747,296.77472,294.8747,294.6747,293.5747,293.5747,292.6747,292.3747,291.3747,289.4747,288.8747,290.0747,289.5747,287.6747,287.3747,283.4747,283.1747,282.27472,281.9747,284.1747,285.3747,286.77472,288.3747,288.4747,285.77472,288.4747,288.27472,279.77472,279.0747,279.1747
286.9747,288.6747,290.27472,292.0747,293.0747,294.0747,293.8747,293.6747,293.27472,293.6747,295.27472,295.9747,295.5747,296.8747,293.1747,293.1747,292.3747,292.3747,292.77472,292.4747,291.4747,291.27472,289.4747,289.77472,289.9747,289.1747,287.77472,286.0747,284.6747,283.3747,283.8747,283.9747,285.9747,287.0747,289.27472,289.27472,288.5747,287.27472,283.5747,282.8747,282.0747,279.4747,278.5747
285.6747,288.5747,288.27472,289.0747,290.1747,291.27472,292.4747,292.77472,292.27472,290.9747,292.5747,294.0747,294.77472,295.3747,294.3747,291.6747,292.8747,293.9747,292.8747,290.0747,290.8747,289.1747,288.8747,288.3747,287.1747,286.27472,284.6747,283.9747,282.1747,284.3747,285.1747,286.8747,286.8747,287.1747,287.27472,287.27472,286.8747,286.0747,282.9747,280.9747,281.0747,282.4747,281.77472
284.77472,285.27472,285.9747,288.1747,289.5747,289.77472,291.1747,291.3747,291.5747,290.0747,289.5747,293.4747,288.0747,291.1747,292.4747,292.4747,291.5747,292.3747,289.27472,289.3747,289.27472,287.1747,285.9747,284.9747,284.5747,283.8747,282.8747,284.1747,283.77472,285.0747,285.6747,286.27472,284.9747,285.77472,286.3747,284.9747,285.27472,285.5747,285.6747,285.77472,284.77472,285.3747,284.27472
284.1747,285.4747,284.9747,286.4747,288.3747,288.4747,288.9747,288.77472,290.4747,289.0747,289.77472,293.8747,285.77472,284.8747,290.1747,290.1747,289.9747,288.3747,288.6747,287.6747,287.1747,285.5747,284.77472,282.9747,282.77472,282.8747,284.1747,284.3747,286.0747,285.1747,285.27472,284.6747,285.3747,285.4747,285.3747,285.27472,285.27472,284.1747,285.6747,284.6747,285.5747,286.0747,284.27472
283.9747,284.27472,284.4747,285.6747,288.0747,287.1747,287.3747,288.6747,288.8747,289.6747,290.3747,292.8747,292.77472,286.0747,283.27472,286.4747,286.77472,287.9747,289.3747,285.9747,285.6747,285.1747,284.0747,283.5747,284.4747,284.27472,284.4747,284.8747,284.5747,284.3747,284.0747,284.3747,284.77472,284.77472,284.5747,283.9747,284.1747,283.8747,284.27472,284.27472,284.6747,283.9747,284.77472
283.6747,284.1747,284.77472,285.27472,289.8747,286.5747,287.0747,287.77472,288.77472,289.27472,293.4747,292.77472,291.5747,288.8747,285.8747,284.5747,286.4747,286.27472,286.1747,285.4747,285.3747,284.0747,283.5747,283.0747,283.27472,283.0747,283.3747,283.1747,283.0747,283.27472,283.27472,283.5747,283.6747,283.6747,284.3747,284.4747,284.9747,285.4747,286.5747,284.77472,285.1747,286.0747,284.6747
