wind_kz.json
{"header": {"discipline":0,"disciplineName":"Meteorological products","gribEdition":2,"gribLength":948,"center":7,"centerName":"US National Weather Service - NCEP(WMC)","subcenter":0,"refTime":"2023-08-07T06:00:00.000Z","significanceOfRT":1,"significanceOfRTName":"Start of forecast","productStatus":0,"productStatusName":"Operational products","productType":1,"productTypeName":"Forecast products","productDefinitionTemplate":0,"productDefinitionTemplateName":"Analysis/forecast at horizontal level/layer at a point in time","parameterCategory":0,"parameterCategoryName":"UnknownDiscipline_0_Category_0","parameterNumber":0,"parameterNumberName":"UnknownParameter_D0_C0_0","parameterUnit":"Unknown","genProcessType":2,"genProcessTypeName":"Forecast","forecastTime":120,"surface1Type":1,"surface1TypeName":"Ground or water surface","surface1Value":0.0,"surface2Type":255,"surface2TypeName":"Missing","surface2Value":0.0,"gridDefinitionTemplate":0,"gridDefinitionTemplateName":"Latitude_Longitude","numberPoints":615,"shape":6,"shapeName":"Earth spherical with radius of 6,371,229.0 m","gridUnits":"degrees","resolution":48,"winds":"true","scanMode":64,"nx":41,"ny":15,"basicAngle":0,"lo1":47.0,"la1":41.0,"lo2":87.0,"la2":55.0,"dx":1.0,"dy":1.0}, "data":
[rows 0 to 14 of 15, columns 0 to 40 of 41]
317.13736,303.53735,316.53735,298.43735,297.73737,297.13736,313.23737,321.63736,317.93735,318.73737,319.23737,320.13736,318.93735,318.83734,317.53735,318.33734,318.23737,317.03735,321.53735,320.33734,325.53735,317.13736,315.83734,316.33734,317.63736,316.73737,313.73737,300.93735,299.33734,300.93735,298.43735,301.13736,311.13736,319.03735,315.73737,313.93735,316.53735,317.83734,328.83734,330.43735,333.23737
293.23737,311.83734,298.43735,298.83734,298.53735,296.83734,323.03735,318.83734,317.03735,316.83734,317.83734,318.13736,317.83734,316.83734,318.73737,318.93735,318.53735,319.23737,319.33734,321.33734,324.03735,319.93735,317.73737,309.33734,301.23737,297.83734,306.73737,300.63736,302.23737,290.53735,300.23737,296.33734,305.53735,273.23737,289.93735,308.63736,315.93735,322.13736,325.43735,317.83734,285.93735
314.23737,298.33734,298.93735,298.83734,296.53735,317.33734,316.83734,317.73737,315.03735,315.83734,316.23737,317.33734,317.83734,318.53735,318.23737,319.13736,317.63736,316.53735,318.33734,319.23737,320.43735,320.73737,318.43735,314.33734,316.83734,315.03735,314.53735,312.13736,311.43735,294.73737,288.23737,294.13736,293.13736,304.83734,307.33734,304.63736,291.03735,292.23737,298.13736,297.13736,298.73737
315.13736,298.93735,299.13736,298.63736,303.23737,317.53735,317.63736,319.03735,318.93735,318.43735,318.33734,316.93735,297.23737,296.33734,318.03735,318.93735,314.73737,315.43735,316.13736,318.83734,315.63736,313.73737,316.13736,317.03735,319.43735,317.93735,318.83734,315.73737,316.53735,314.03735,312.23737,307.03735,318.33734,319.73737,318.13736,310.13736,296.33734,298.43735,301.33734,317.53735,319.73737
314.23737,299.43735,299.83734,299.73737,308.13736,318.03735,319.53735,323.53735,320.83734,320.03735,322.73737,321.43735,298.23737,296.53735,293.63736,315.83734,315.03735,310.93735,310.63736,311.63736,316.23737,316.53735,316.93735,316.23737,320.13736,321.53735,310.43735,303.53735,311.13736,315.73737,317.33734,312.53735,288.13736,291.93735,300.03735,317.43735,311.93735,326.53735,330.03735,324.43735,325.23737
314.73737,314.93735,299.43735,299.53735,299.73737,299.23737,323.23737,324.83734,321.83734,322.53735,321.73737,317.23737,299.53735,296.33734,304.33734,312.13736,313.33734,312.63736,311.53735,309.43735,310.73737,310.13736,309.93735,312.83734,313.23737,313.63736,314.43735,293.73737,315.83734,314.03735,310.03735,305.13736,308.03735,309.03735,302.93735,303.73737,302.73737,306.13736,316.93735,325.33734,321.33734
316.03735,316.53735,316.73737,319.13736,313.93735,322.03735,326.93735,324.83734,324.93735,319.93735,316.03735,315.03735,314.03735,313.63736,314.13736,310.83734,311.73737,311.23737,310.93735,308.93735,310.13736,308.83734,306.33734,308.93735,309.13736,311.13736,309.83734,310.23737,312.33734,312.23737,311.93735,305.73737,304.43735,307.93735,310.13736,302.63736,299.53735,296.43735,287.23737,292.03735,307.83734
316.03735,317.43735,316.73737,317.53735,318.53735,320.13736,322.33734,320.03735,316.83734,315.63736,314.53735,313.33734,313.13736,311.83734,312.33734,311.03735,312.53735,310.53735,310.23737,308.93735,308.03735,309.13736,308.63736,306.53735,305.63736,301.83734,303.73737,304.93735,303.33734,304.33734,304.93735,303.73737,303.63736,299.23737,300.03735,304.83734,297.43735,289.23737,296.23737,293.83734,295.43735
316.53735,315.13736,315.83734,317.23737,316.93735,318.13736,318.93735,317.23737,314.43735,312.23737,311.53735,311.23737,309.93735,311.33734,309.53735,310.63736,309.03735,310.63736,308.53735,308.33734,299.63736,300.63736,299.93735,296.83734,300.33734,298.53735,296.43735,292.63736,288.73737,292.83734,299.23737,300.63736,301.23737,299.23737,300.23737,296.13736,288.93735,285.73737,282.23737,283.23737,284.43735
313.33734,310.43735,312.83734,314.13736,314.63736,315.43735,314.03735,312.53735,310.33734,309.43735,308.73737,308.13736,309.13736,308.33734,306.33734,306.53735,306.23737,307.43735,308.23737,307.03735,305.73737,304.63736,305.63736,301.33734,297.53735,297.73737,296.73737,291.03735,292.23737,291.93735,296.13736,301.03735,303.73737,304.23737,303.43735,299.43735,292.43735,295.53735,289.03735,281.93735,281.53735
310.03735,309.03735,309.13736,308.33734,307.93735,309.53735,309.83734,308.83734,308.13736,308.13736,307.63736,306.53735,306.83734,303.43735,302.63736,302.33734,301.73737,303.73737,305.93735,304.33734,301.63736,296.93735,292.13736,291.33734,293.03735,289.83734,292.93735,295.53735,291.83734,290.13736,293.43735,293.53735,296.63736,299.83734,301.83734,297.63736,291.03735,284.73737,288.23737,282.03735,283.03735
308.63736,311.23737,310.63736,308.93735,307.73737,308.23737,308.03735,307.33734,307.53735,307.63736,308.93735,301.53735,302.03735,298.13736,297.43735,298.03735,299.43735,300.83734,302.13736,301.03735,298.93735,298.43735,299.73737,299.53735,297.03735,291.83734,287.53735,289.63736,288.53735,288.53735,286.83734,286.43735,287.93735,292.53735,295.83734,297.73737,295.53735,294.63736,290.43735,291.63736,289.83734
304.53735,308.13736,310.23737,309.83734,305.53735,305.03735,308.23737,308.03735,308.13736,306.33734,298.63736,298.13736,298.83734,296.13736,295.53735,295.63736,296.03735,296.83734,299.33734,298.23737,296.73737,291.93735,291.73737,288.63736,292.93735,288.33734,287.03735,288.53735,287.73737,286.43735,285.53735,286.13736,285.73737,289.23737,291.93735,295.63736,297.13736,294.63736,296.53735,295.33734,292.33734
306.13736,307.13736,299.43735,308.73737,307.53735,307.43735,306.63736,303.43735,305.13736,308.13736,298.83734,297.43735,296.63736,294.33734,293.33734,293.43735,294.43735,296.23737,298.23737,296.83734,297.73737,295.83734,291.73737,289.53735,295.13736,288.53735,286.93735,286.73737,287.93735,288.33734,286.33734,284.83734,283.53735,283.13736,283.73737,290.33734,289.83734,292.23737,294.43735,291.43735,295.53735
301.43735,306.13736,293.43735,306.93735,307.13736,306.43735,305.43735,304.13736,304.83734,304.33734,297.93735,295.73737,292.73737,292.63736,294.23737,293.73737,294.93735,297.13736,298.23737,296.23737,295.93735,296.73737,297.03735,289.83734,295.73737,291.13736,290.43735,284.43735,284.03735,283.43735,284.63736,285.23737,284.03735,283.03735,282.43735,282.83734,284.23737,292.13736,293.13736,289.93735,291.23737
