wind_kz.json
{"header": {"discipline":0,"disciplineName":"Meteorological products","gribEdition":2,"gribLength":1025,"center":7,"centerName":"US National Weather Service - NCEP(WMC)","subcenter":0,"refTime":"2024-03-19T06:00:00.000Z","significanceOfRT":1,"significanceOfRTName":"Start of forecast","productStatus":0,"productStatusName":"Operational products","productType":1,"productTypeName":"Forecast products","productDefinitionTemplate":0,"productDefinitionTemplateName":"Analysis/forecast at horizontal level/layer at a point in time","parameterCategory":2,"parameterCategoryName":"UnknownDiscipline_0_Category_2","parameterNumber":2,"parameterNumberName":"UnknownParameter_D0_C2_2","parameterUnit":"Unknown","genProcessType":2,"genProcessTypeName":"Forecast","forecastTime":240,"surface1Type":103,"surface1TypeName":"Specified height level above ground","surface1Value":10.0,"surface2Type":255,"surface2TypeName":"Missing","surface2Value":0.0,"gridDefinitionTemplate":0,"gridDefinitionTemplateName":"Latitude_Longitude","numberPoints":615,"shape":6,"shapeName":"Earth spherical with radius of 6,371,229.0 m","gridUnits":"degrees","resolution":48,"winds":"true","scanMode":64,"nx":41,"ny":15,"basicAngle":0,"lo1":47.0,"la1":41.0,"lo2":87.0,"la2":55.0,"dx":1.0,"dy":1.0}, "data":
[rows 0 to 14 of 15, columns 0 to 40 of 41]
-1.0179712,0.44202882,0.32202882,4.0520287,3.312029,1.0520288,-0.7679712,0.1920288,1.2520288,1.2220289,1.6620288,1.9520288,3.9920287,3.6020288,5.6320286,3.4020288,5.982029,5.022029,-0.007971192,5.7620287,6.212029,3.032029,2.5920289,1.3220288,-0.7679712,0.20202881,-0.4679712,-2.2879713,0.06202881,0.17202881,-1.1979712,2.022029,0.44202882,-0.7979712,-1.0579712,-0.6079712,-0.027971191,-0.1379712,0.3620288,0.4020288,0.05202881
-0.8779712,-1.3379712,3.2520287,3.042029,1.5320288,-0.5279712,-2.7779713,-2.8079712,-2.8879712,-1.7479712,-1.1379712,-6.1579714,-6.397971,-4.107971,-3.7479713,-0.09797119,5.3220286,5.772029,4.672029,4.832029,3.1420288,2.2520287,1.4720289,1.3020288,-0.12797119,0.5320288,-0.1979712,-0.6579712,-0.39797118,-0.7779712,0.8320288,0.18202882,1.2720288,1.0620288,0.93202883,3.302029,3.0820289,2.532029,2.772029,0.8420288,0.3120288
-2.1779711,0.4520288,0.8320288,0.2120288,-0.33797118,-2.9079711,-3.1779711,-2.0979712,-3.8679712,-3.8379712,-4.287971,-4.417971,-3.8479712,-4.307971,-2.3979712,0.4520288,3.8520288,5.642029,6.3220286,4.5720286,3.1620288,3.9920287,1.7220289,3.1720288,0.6920288,1.3120288,-0.05797119,0.5420288,2.3220289,0.7820288,0.6420288,1.4320288,-0.6579712,0.6320288,0.5920288,1.4620289,-0.4779712,1.0620288,-0.9379712,-0.1979712,2.4020288
-2.6079712,-1.8779712,-1.2679712,-0.2279712,-2.937971,-2.707971,-0.6079712,-3.5979712,-2.0379713,-2.977971,-4.707971,-5.207971,-4.2979712,-3.2679713,-2.5779712,-1.4379712,0.4820288,1.0220288,1.6920288,2.8620288,2.042029,1.1020288,-2.2479713,-1.4079711,-0.9879712,-0.56797117,1.0720288,-1.2679712,-0.9979712,-5.377971,-3.5279713,-3.3979712,-4.187971,-4.587971,-3.9279711,-1.6679711,-1.7279712,1.9020288,-1.5679712,-1.0379711,-5.337971
-2.2579713,-2.5079713,-2.5779712,-2.6379712,-2.7779713,-3.2979712,-2.5879712,-2.2479713,-3.0379713,-2.2479713,-2.977971,-4.9479713,-4.397971,-3.217971,-3.0079713,-3.207971,-3.467971,-3.2979712,-3.5879712,-4.457971,-5.6179714,-4.747971,-4.587971,-4.5079713,-4.6779714,-5.247971,-6.417971,-2.3479712,-3.0679712,-2.2379713,-0.3179712,0.80202883,0.6020288,1.8120288,-2.8279712,-2.217971,-2.0379713,-3.4179711,-2.5579712,-2.7779713,-1.5379711
-0.05797119,0.10202881,-2.1479712,-2.6579711,-1.9879712,-2.2479713,-2.197971,-1.7779711,-1.7379712,-1.7379712,-3.2479713,-2.9179711,-3.187971,-4.037971,-1.9379712,-3.437971,-3.5279713,-3.957971,-5.207971,-4.457971,-6.057971,-4.7979712,-4.207971,-4.9279714,-5.287971,-6.937971,-5.857971,-2.5379713,-5.017971,-4.057971,-3.2479713,-1.4379712,-2.0479712,-1.5179712,0.1620288,-5.557971,0.17202881,-3.4879713,-1.7579712,-0.9579712,0.05202881
-2.5079713,-2.3179712,-2.2379713,-2.697971,-2.5379713,-1.9779712,-1.5979712,-0.4179712,-0.2979712,-1.5679712,-1.2279712,-1.7279712,-2.4979713,-2.707971,-2.6079712,-2.1279712,-1.7979712,-2.4979713,-3.2779713,-4.877971,-4.7179713,-3.8879712,-3.4079711,-2.697971,-3.0079713,-2.8379712,-1.6779712,-2.5879712,-3.447971,-2.6379712,-4.517971,-6.647971,-5.997971,-6.9079714,-5.7579713,-2.4879713,-0.4079712,0.5820288,-2.1079712,1.4020288,-1.3379712
-3.0179713,-3.1179712,-3.0379713,-2.2979712,-1.7579712,-1.4279712,-1.0779712,-1.1479712,-0.6079712,-0.39797118,-0.5779712,0.4520288,-0.10797119,-0.33797118,-0.9579712,-0.7779712,-1.3179712,-1.3379712,-0.6479712,-1.4479712,-2.8779712,-2.5879712,-2.6679711,-1.6579711,0.10202881,-0.5479712,-0.50797117,-0.9379712,-1.1979712,-1.3979712,-2.3179712,-0.8579712,-1.1779712,-1.6979712,-1.5679712,-1.0379711,1.5620288,-2.1379712,-10.007971,-10.067971,-3.687971
-1.3579712,-1.4979712,-1.1379712,-0.9179712,-1.1979712,-1.2279712,-1.0279711,-1.3279712,-1.5579712,-1.1879712,-1.1079712,0.3420288,1.2520288,0.3920288,1.5720288,0.3120288,0.74202883,0.7620288,1.0020288,0.5820288,0.15202881,-0.17797118,-1.7179712,-1.8579712,-1.7579712,-1.6279712,-0.7779712,-0.1679712,-0.2579712,-0.5979712,-0.49797118,0.6520288,-0.06797119,0.11202881,-2.5879712,-3.9879713,-0.5579712,0.02202881,-1.7179712,-0.8779712,0.17202881
0.8520288,1.3720288,1.5320288,1.6720288,1.4420288,0.7620288,-0.08797119,-0.5479712,-0.6279712,-0.33797118,0.3620288,0.9020288,1.2120289,1.8120288,1.3920288,1.7120289,1.4620289,1.3120288,0.93202883,0.2820288,-0.8479712,-0.06797119,-0.7379712,-0.4779712,-1.1579711,-0.6279712,-0.2279712,-0.21797119,1.1320288,2.062029,1.3920288,1.5820289,1.5120288,1.5020288,-0.1979712,-1.1879712,-1.5279711,-0.5979712,1.4020288,1.6820288,-0.4179712
2.2020288,2.2120287,2.6320288,2.9220288,2.302029,2.782029,2.062029,2.4520288,2.0020287,0.9120288,1.5520288,2.302029,2.0720289,3.052029,3.312029,2.8620288,2.8920288,2.3620288,1.6820288,1.7920288,0.68202883,0.9620288,1.7320288,0.15202881,1.4220288,1.3320289,1.5020288,2.7120287,2.9420288,3.3420289,3.552029,2.9620287,3.1620288,3.0820289,1.1920288,0.68202883,0.10202881,1.5720288,1.3420289,1.8920288,1.4620289
2.1420288,2.7420287,3.8320289,3.7320287,3.8420289,2.282029,1.5920289,2.062029,2.0820289,0.8220288,2.772029,5.752029,3.2620287,4.232029,5.5320287,4.422029,4.252029,4.522029,2.5720289,3.2220287,2.6020288,2.802029,2.7220287,2.8720288,3.5720289,2.9920287,4.042029,4.922029,4.292029,3.7020288,3.7020288,2.542029,4.3020287,2.9420288,3.9120288,3.9320288,7.102029,9.352029,6.3220286,2.0920289,1.3620288
2.8720288,2.2020288,2.282029,2.7420287,2.2120287,2.522029,2.2220287,2.062029,4.9920287,3.812029,3.8720288,6.7020288,4.872029,6.8020287,5.8620286,5.062029,4.942029,4.9720287,4.0720286,4.432029,3.772029,3.8220289,3.8520288,2.9620287,3.4820287,3.302029,2.4920287,3.2020288,3.6820288,3.7120287,4.0120287,4.7020288,4.372029,4.2420287,4.9720287,5.8020287,6.002029,4.502029,6.602029,6.7420287,4.182029
1.8820288,0.7720288,1.2820288,2.0920289,1.7420288,2.5720289,2.9520288,3.272029,4.182029,4.5320287,2.1820288,4.942029,4.9520288,6.602029,7.182029,6.162029,5.442029,4.522029,4.002029,4.3820286,3.7620287,4.3220286,4.372029,3.7220287,3.4020288,2.7520287,2.552029,4.042029,4.2220287,4.8620286,4.912029,4.8620286,5.1320286,5.2820287,5.152029,5.9720287,5.8220286,6.7020288,6.2420287,4.872029,6.002029
-0.5279712,0.20202881,0.93202883,0.9220288,2.0720289,2.7120287,3.6720288,4.462029,4.562029,4.832029,3.7420287,5.7820287,6.482029,5.522029,6.5920286,8.4620285,7.892029,6.7420287,5.892029,4.2620287,3.2220287,2.3320289,1.6920288,2.6420288,3.062029,3.312029,3.6020288,4.3820286,4.3820286,5.1320286,5.7620287,7.062029,6.002029,6.1120286,6.5320287,7.102029,7.3620286,8.472029,7.462029,6.752029,4.5920286
