wind.json
{"header": {"discipline":0,"disciplineName":"Meteorological products","gribEdition":2,"gribLength":1125,"center":7,"centerName":"US National Weather Service - NCEP(WMC)","subcenter":0,"refTime":"2023-06-28T06:00:00.000Z","significanceOfRT":1,"significanceOfRTName":"Start of forecast","productStatus":0,"productStatusName":"Operational products","productType":1,"productTypeName":"Forecast products","productDefinitionTemplate":0,"productDefinitionTemplateName":"Analysis/forecast at horizontal level/layer at a point in time","parameterCategory":2,"parameterCategoryName":"UnknownDiscipline_0_Category_2","parameterNumber":3,"parameterNumberName":"UnknownParameter_D0_C2_3","parameterUnit":"Unknown","genProcessType":2,"genProcessTypeName":"Forecast","forecastTime":60,"surface1Type":103,"surface1TypeName":"Specified height level above ground","surface1Value":10.0,"surface2Type":255,"surface2TypeName":"Missing","surface2Value":0.0,"gridDefinitionTemplate":0,"gridDefinitionTemplateName":"Latitude_Longitude","numberPoints":688,"shape":6,"shapeName":"Earth spherical with radius of 6,371,229.0 m","gridUnits":"degrees","resolution":48,"winds":"true","scanMode":64,"nx":43,"ny":16,"basicAngle":0,"lo1":45.0,"la1":40.0,"lo2":87.0,"la2":55.0,"dx":1.0,"dy":1.0}, "data":
[rows 0 to 15 of 16, columns 0 to 42 of 43]
-3.2132154,0.9267847,-1.3832153,4.856785,-1.4132153,-9.523215,-7.603215,-5.8232155,-7.2832155,-3.2532153,-3.8132153,1.9667847,4.276785,1.0467846,-0.6332153,-1.8732153,-3.0432153,-3.6732154,-3.3132153,-4.6732154,-5.683215,-1.5432153,-4.1132154,1.7067847,2.5067847,1.8767847,1.0467846,1.9667847,-2.1032152,-1.3332154,-1.7332153,1.0467846,-1.6432153,-1.6232153,-1.4132153,-8.233215,-9.083216,2.1467848,-0.17321533,-1.4832153,-2.6032152,3.4667847,2.1667848
-1.1832154,0.40678465,1.8467847,0.51678467,-1.3832153,-8.933215,-7.2332153,-5.9232154,-4.933215,-3.2832153,-2.3132153,1.9767847,3.9267848,2.8367846,-0.33321533,-3.1432154,-2.2132154,-3.2032154,-2.2932153,-4.8032155,-5.4232154,-2.5932152,-5.453215,-5.663215,-2.1432154,-0.9332153,-2.6332154,-0.45321533,-1.4532154,1.7867846,-0.9932153,-2.2932153,-2.9932153,-1.9732153,-2.1632154,-4.933215,-9.213215,1.9967847,0.23678467,-2.9032154,0.39678466,4.4067845,2.6267846
1.3267846,-3.6932154,3.8967848,-1.1332153,-8.163216,-7.7932153,-6.2832155,-5.933215,-4.5332155,0.79678464,-1.8032154,6.4067845,3.8867846,1.4067847,-0.45321533,-2.3232152,-3.3932154,-2.5532153,-1.0832154,-4.4632154,-6.4232154,-6.163215,-4.2132154,-7.2332153,-5.1132154,1.9167846,-1.5032153,-3.0932152,-4.5732155,-1.1532153,-0.9232153,1.3767847,4.1767845,-1.3632153,-2.9432154,-2.2432153,-4.0032153,-3.7932153,-3.6132154,-4.3132153,-4.6532154,-2.7132154,0.5667847
0.30678466,-0.43321532,-5.5732155,-9.893215,-7.2132154,-8.773215,-6.4932156,-6.433215,-8.613215,-6.833215,-0.5132153,2.8767846,4.356785,3.2167847,1.9767847,-0.85321534,-3.6632154,-2.4532154,-2.1732154,-2.5132153,-2.7132154,-4.143215,-5.353215,-4.913215,-5.8632154,-4.2832155,-2.3532152,-0.12321533,0.24678467,0.47678468,-0.31321535,0.096784666,0.7467847,2.5167847,3.0967846,-0.95321536,-0.6232153,2.0967846,2.1367846,-0.9432153,1.0867847,1.3067846,1.1567847
4.546785,-0.7632153,-1.6432153,-8.893215,-6.223215,-8.143215,-6.953215,-7.2832155,-5.4932156,-6.2532153,3.8767846,4.2467847,2.3167846,1.7167847,0.33678466,-1.9632154,-0.033215333,-1.4232154,-2.4732153,-2.0832152,-2.9732153,-2.7832153,-2.5132153,-2.5032153,-0.5132153,-1.3832153,-2.0032153,-2.9032154,-3.5432153,-3.5532153,-1.8732153,-1.7132154,-2.9032154,-4.7132154,-1.4432154,3.1567848,-2.0932152,-0.9932153,1.2267847,2.6267846,0.36678466,1.6167847,1.6867846
5.0767846,3.0767846,1.2367847,-5.0232153,-4.453215,-6.7732153,-7.683215,-6.893215,-5.3032155,-5.353215,1.8467847,6.7167845,5.9867845,4.146785,1.2967846,-2.8132153,-3.7032154,0.51678467,-0.033215333,-0.6732153,-1.6332153,-2.1532154,-2.6832154,-3.4032154,-2.4532154,0.8167847,-0.073215336,-0.46321532,-1.6132153,-1.6632153,-0.113215335,-1.1932154,-2.7532153,-0.85321534,0.39678466,-0.49321532,-0.9332153,-0.9932153,-2.8832154,1.9967847,2.1367846,0.35678467,0.32678467
3.4367847,2.8267846,2.0667846,-2.6932154,-0.35321534,-3.4032154,-6.5632153,-9.083216,-0.7632153,-1.8632153,0.43678465,7.1367846,6.3867846,5.5167847,1.3767847,-0.5032153,0.8067847,2.0767846,0.85678464,-2.0732152,-1.3432153,-0.17321533,-1.1432153,-2.0832152,-3.3732154,-2.0732152,1.7867846,3.0667846,1.4567847,0.36678466,-1.3532153,-3.0032153,-0.24321534,0.58678466,-1.7832153,-0.6932153,3.4667847,3.4567847,2.7467847,-0.38321534,1.3367847,-2.2232153,-3.7632153
1.9267846,1.8467847,-1.7632153,-3.6732154,-0.41321534,-4.0032153,-6.853215,-8.3232155,3.7667847,8.976785,5.7067847,9.506784,8.536785,5.816785,3.1867847,2.2967846,1.9167846,4.1367846,2.9167848,1.1667846,-3.8432152,-1.5532154,0.7367847,2.2567847,2.0267847,-4.0432153,-2.5932152,-1.8932153,-2.0232153,-1.4532154,-4.833215,-5.8632154,-7.7632155,-5.8132153,-4.2432156,-3.7732153,-4.3232155,-1.9132153,-4.333215,-2.9632154,-0.9932153,-0.5132153,-1.9432154
0.8267847,0.96678466,-1.1132153,-2.0132153,1.2267847,-2.7632153,-2.3832154,-7.2532153,-3.7932153,-4.9932156,6.646785,8.646785,7.7067847,7.4567847,5.896785,3.4667847,3.3267846,0.83678466,2.0067847,2.8067846,1.5867847,-1.8732153,-3.4932153,-2.6332154,-2.6832154,-1.3732153,-0.8832153,0.29678467,-1.1532153,-2.2832153,-2.8332152,-4.0232153,-3.2732153,-4.103215,-6.2632155,-7.9432154,-2.3332152,-0.36321533,1.4067847,-0.54321533,0.18678467,-0.15321533,-2.1832154
3.0567846,2.1367846,0.5067847,-1.9632154,2.2667847,1.6167847,-1.1732154,-5.453215,-2.7532153,-1.2432153,-2.7032154,8.076785,9.196785,7.8467846,5.026785,1.0667846,0.70678467,0.58678466,-0.72321534,-2.4632154,-1.0932153,-1.2932153,-1.1832154,-3.1932154,-2.2132154,-3.2032154,-3.2432153,-0.7632153,0.36678466,-1.2032154,-0.90321535,-1.0032153,-1.6732154,-0.37321532,-1.0332153,-2.6532154,-3.4532154,-0.9432153,-2.3732154,0.7567847,-1.2532153,-0.8232153,-1.0732154
3.9967847,2.5867846,1.7867846,-0.20321533,1.5467846,1.7567847,-0.7632153,-3.2032154,-6.643215,4.9667845,2.4167848,1.6167847,3.4367847,2.9867847,3.3067846,0.90678465,0.25678468,-0.33321533,-0.38321534,-0.12321533,-0.8032153,-1.4732153,-0.8232153,-1.7632153,-0.97321534,-2.1932154,-2.3332152,-2.1932154,-2.2732153,-2.1032152,-1.2532153,-1.2832153,0.12678467,-0.08321533,1.0067847,-1.1032153,-1.9632154,-1.8732153,0.95678467,-2.7532153,0.7367847,3.4967847,2.0467846
3.7767847,2.4367847,2.3167846,-0.5032153,2.5567846,-0.8232153,-1.3532153,-4.6332154,-3.7432153,2.5267847,1.7967846,2.9667847,1.9467846,4.4367847,3.6767848,3.9267848,1.5067847,0.7367847,-0.59321535,-1.6532153,-0.17321533,-1.5232153,-1.6332153,-1.4432154,-2.3532152,-2.8432152,-1.6332153,-1.1632153,-1.6132153,-3.1932154,-3.2432153,-1.7032154,-3.7632153,-0.04321533,0.51678467,-0.023215331,-0.42321533,0.096784666,0.04678467,1.3267846,1.6667846,0.78678465,-0.27321532
3.6467848,1.9267846,1.2867846,1.2667847,3.6067846,1.7267847,0.5667847,-2.2632153,-5.663215,1.2267847,1.9067847,2.9767847,1.6467847,2.1967847,2.1867847,2.0667846,1.8467847,0.90678465,1.2667847,0.39678466,0.39678466,-0.49321532,-1.0432153,-1.9432154,-2.6132154,-1.7432153,-2.7232153,-3.1832154,-2.1232154,-2.5032153,-3.7832153,-4.7332153,-2.6432154,-2.1032152,-1.9732153,-1.2232153,-0.7432153,1.5667846,0.17678466,1.6267847,1.8867847,0.59678465,1.5067847
3.1667848,3.3467846,2.5667846,3.0767846,3.3667846,1.4167846,1.4967847,-1.3232154,-6.5532155,2.6267846,2.5067847,3.8367846,0.8867847,1.1867846,4.0767846,2.8367846,3.0667846,2.4267848,1.3567847,0.46678466,0.6167847,-0.6932153,0.42678466,0.006784668,-0.29321533,-1.2732153,-3.1732154,-3.1832154,-2.1732154,-3.4232154,-2.9332154,-2.6132154,-2.4132154,-2.5932152,-2.1132154,-2.9332154,-2.3532152,0.08678467,1.5267847,0.7367847,2.1867847,0.47678468,1.9767847
2.8567846,2.2467847,3.3667846,2.5867846,2.9667847,2.8967848,0.47678468,-2.3132153,-4.3232155,3.5467846,2.7167847,2.9767847,1.0767846,-0.17321533,1.2567847,2.5267847,3.0067847,3.2367847,2.1767848,1.2867846,0.21678467,1.0067847,0.30678466,-0.053215332,-1.5732154,-1.3332154,-3.0832152,-2.5932152,-3.1832154,-2.7432153,-2.7032154,-2.7132154,-2.7732153,-1.8232154,-2.2332153,-1.6832154,-1.2532153,-0.54321533,0.96678466,1.7967846,0.27678466,1.2367847,1.2567847
2.6167846,2.6467848,1.9367846,2.6267846,3.5567846,1.9667847,4.166785,3.2567847,-1.6032153,5.0367846,4.896785,2.1267846,1.1267847,2.8467846,2.5867846,1.1567847,3.5667846,4.1967845,2.7067847,2.6167846,2.9267848,2.5967846,1.6567847,0.96678466,-1.1332153,-2.2132154,-2.5132153,-2.8632154,-2.9732153,-2.7132154,-2.8632154,-2.8232152,-2.8332152,-2.8432152,-2.1132154,-1.8632153,-2.3432152,-2.9032154,-1.8332154,1.4267846,1.2167847,2.3167846,2.5767846
