wind_kz.json
{"header": {"discipline":0,"disciplineName":"Meteorological products","gribEdition":2,"gribLength":1025,"center":7,"centerName":"US National Weather Service - NCEP(WMC)","subcenter":0,"refTime":"2023-09-27T18:00:00.000Z","significanceOfRT":1,"significanceOfRTName":"Start of forecast","productStatus":0,"productStatusName":"Operational products","productType":1,"productTypeName":"Forecast products","productDefinitionTemplate":0,"productDefinitionTemplateName":"Analysis/forecast at horizontal level/layer at a point in time","parameterCategory":2,"parameterCategoryName":"UnknownDiscipline_0_Category_2","parameterNumber":3,"parameterNumberName":"UnknownParameter_D0_C2_3","parameterUnit":"Unknown","genProcessType":2,"genProcessTypeName":"Forecast","forecastTime":60,"surface1Type":103,"surface1TypeName":"Specified height level above ground","surface1Value":10.0,"surface2Type":255,"surface2TypeName":"Missing","surface2Value":0.0,"gridDefinitionTemplate":0,"gridDefinitionTemplateName":"Latitude_Longitude","numberPoints":615,"shape":6,"shapeName":"Earth spherical with radius of 6,371,229.0 m","gridUnits":"degrees","resolution":48,"winds":"true","scanMode":64,"nx":41,"ny":15,"basicAngle":0,"lo1":47.0,"la1":41.0,"lo2":87.0,"la2":55.0,"dx":1.0,"dy":1.0}, "data":
[rows 0 to 14 of 15, columns 0 to 40 of 41]
1.451709,1.921709,-0.39829102,-1.288291,-0.18829101,-0.048291016,0.671709,1.011709,1.271709,-0.26829103,-0.838291,-0.468291,-0.808291,-0.928291,-1.9482911,-1.9482911,0.22170898,1.0617089,2.201709,0.931709,3.191709,-0.518291,-1.138291,0.77170897,3.031709,2.311709,1.6817089,1.241709,-0.14829102,-0.018291015,2.261709,3.3717089,0.431709,1.141709,1.981709,1.671709,1.8117089,1.401709,0.021708984,2.101709,-1.348291
-1.768291,-0.068291016,1.851709,-0.23829101,1.201709,0.24170898,-0.558291,0.32170898,0.18170899,-1.768291,-2.328291,-0.518291,-0.14829102,-1.678291,-2.978291,-1.9482911,-0.36829102,0.41170898,3.341709,5.061709,3.261709,-0.038291015,-2.088291,2.881709,3.911709,2.031709,2.461709,2.781709,-0.288291,2.701709,-0.49829102,-0.448291,1.871709,3.031709,2.681709,3.6117089,2.201709,1.851709,1.641709,2.011709,-0.698291
0.991709,3.131709,1.121709,0.601709,0.47170898,-0.15829101,0.501709,0.0017089844,-0.888291,-2.1382911,-3.238291,-3.528291,-0.90829104,-1.918291,-3.508291,-0.928291,1.601709,1.501709,1.271709,3.921709,2.841709,0.701709,-0.068291016,-0.22829102,-2.058291,-3.028291,-2.478291,-0.478291,-0.72829103,-2.078291,-1.158291,-0.388291,-2.238291,1.491709,-0.018291015,-3.928291,-1.408291,1.171709,-1.158291,2.721709,2.791709
0.811709,0.401709,0.15170899,-0.16829102,-0.09829102,-0.33829102,-1.038291,-0.468291,-0.888291,-2.738291,-2.3782911,-3.498291,-4.478291,-1.8182911,-4.128291,-0.24829102,-1.048291,4.321709,3.821709,2.081709,1.3017089,2.991709,-3.108291,-0.618291,0.031708986,0.111708984,0.53170896,1.091709,3.021709,-1.358291,-5.598291,1.651709,1.361709,0.111708984,-1.3182911,1.9317089,2.831709,0.671709,-3.808291,-2.238291,-1.678291
0.401709,0.21170898,0.681709,0.461709,0.361709,0.18170899,-0.778291,-0.678291,-1.5682911,-1.748291,-2.178291,-3.408291,-4.328291,-4.398291,-0.528291,1.411709,2.021709,2.771709,2.241709,2.591709,1.171709,-0.808291,-0.548291,1.6817089,0.681709,1.721709,1.651709,0.371709,0.22170898,0.551709,2.841709,0.401709,-1.498291,-2.828291,1.271709,1.391709,-3.408291,0.061708983,-0.868291,-1.0682911,-1.108291
-0.938291,-0.32829103,-0.13829102,-0.798291,0.19170898,-0.318291,-1.778291,-1.578291,-0.22829102,-1.378291,-2.218291,-2.158291,-3.058291,-4.048291,-0.628291,1.911709,2.211709,1.361709,2.6217089,2.031709,0.48170897,-1.788291,-2.318291,1.531709,1.701709,-0.008291015,-0.628291,0.26170897,-0.738291,1.071709,2.641709,2.021709,2.711709,1.781709,-0.058291014,1.401709,-2.528291,1.021709,2.021709,0.021708984,-1.018291
-2.298291,-1.9382911,-1.848291,-2.308291,-1.278291,-1.118291,-2.248291,-0.85829103,-0.508291,-0.548291,-0.888291,-0.928291,-1.768291,-3.508291,-3.148291,-1.888291,-1.958291,0.44170898,4.411709,-2.058291,-0.32829103,-1.488291,-1.168291,1.0617089,0.881709,-0.688291,-2.418291,-1.9382911,-0.108291015,2.791709,4.801709,5.671709,4.221709,3.461709,1.421709,2.561709,2.401709,2.331709,-0.20829101,1.3117089,-0.258291
-1.998291,-2.6382911,-3.008291,-2.868291,-2.518291,-1.978291,-1.808291,-1.058291,-0.708291,-0.49829102,0.0017089844,-0.288291,-0.39829102,-1.268291,-2.008291,-2.208291,-2.208291,-0.518291,2.641709,3.201709,-0.748291,-1.608291,-0.518291,1.331709,1.8117089,-1.368291,-4.068291,-3.688291,-1.288291,0.20170899,3.8717089,6.311709,5.111709,6.411709,7.231709,3.981709,5.171709,3.291709,-2.568291,1.521709,1.701709
-4.098291,-4.488291,-4.268291,-4.388291,-4.588291,-4.108291,-3.278291,-3.038291,-2.348291,-2.088291,-0.948291,-0.17829102,0.071708985,-0.068291016,-1.9482911,-1.348291,0.16170898,-0.20829101,-0.078291014,-0.12829101,1.221709,-3.348291,-3.408291,1.1817089,1.331709,-1.0682911,-1.358291,-3.038291,-4.348291,-1.638291,-0.72829103,-2.148291,-1.008291,-0.11829101,4.551709,6.611709,3.291709,3.071709,5.071709,2.941709,1.351709
-3.308291,-3.518291,-3.908291,-4.408291,-4.828291,-4.348291,-4.548291,-3.838291,-2.258291,-1.358291,-2.368291,-3.348291,-0.898291,-1.138291,-1.5682911,-1.308291,0.41170898,1.281709,1.911709,2.571709,1.611709,2.821709,-2.938291,-1.488291,-1.4482911,-1.808291,-2.348291,-0.288291,-2.038291,-3.858291,-4.518291,-3.978291,-2.798291,-2.618291,-0.038291015,-0.828291,0.871709,-0.90829104,2.951709,2.251709,3.701709
-2.038291,-3.318291,-4.118291,-4.778291,-4.868291,-4.968291,-4.618291,-4.188291,-2.658291,-2.6282911,-1.6882911,-1.678291,-1.848291,-1.628291,-2.228291,-1.328291,1.541709,1.901709,2.541709,1.571709,0.801709,1.611709,2.721709,2.281709,-1.178291,-0.49829102,1.5517089,-0.71829104,-0.958291,-1.018291,-2.558291,-2.838291,-3.808291,-3.748291,-1.548291,0.491709,1.581709,2.921709,4.511709,2.8717089,1.271709
-1.888291,-1.878291,-3.608291,-4.038291,-4.198291,-4.968291,-5.098291,-4.298291,-2.008291,-2.208291,-0.60829103,-0.378291,-2.208291,-2.748291,-2.268291,-1.5682911,-0.688291,2.391709,1.541709,1.611709,0.15170899,0.48170897,0.011708984,-0.068291016,-1.708291,-0.558291,-0.78829104,-0.36829102,-0.928291,-1.038291,-1.928291,-2.908291,-2.598291,-2.668291,-1.208291,0.29170898,-0.898291,0.59170896,0.52170897,0.931709,1.0517089
-1.138291,-1.538291,-2.398291,-3.238291,-3.998291,-3.748291,-4.038291,-3.058291,-1.648291,-1.288291,-0.468291,-0.438291,-1.508291,-3.218291,-2.028291,-1.828291,0.24170898,-0.20829101,1.021709,2.751709,3.1117089,1.151709,0.311709,-1.928291,0.371709,0.17170899,0.281709,0.48170897,0.031708986,-2.108291,-1.718291,-1.878291,-1.908291,-1.838291,-1.888291,-1.768291,-1.508291,0.691709,2.201709,2.211709,1.3117089
0.23170899,0.21170898,-2.038291,-2.328291,-3.488291,-3.828291,-3.988291,-3.458291,-2.328291,-0.958291,0.25170898,0.341709,-0.33829102,-1.248291,-1.758291,-1.988291,-0.828291,-0.39829102,-0.558291,-0.028291015,0.561709,-0.48829103,-0.97829103,0.281709,-1.788291,-1.418291,-0.32829103,-0.558291,-0.60829103,-0.768291,-0.828291,-0.91829103,-1.028291,-1.298291,-1.518291,-1.8182911,0.20170899,-0.058291014,1.041709,1.781709,3.161709
0.931709,0.791709,-0.48829103,-2.148291,-2.898291,-2.798291,-3.328291,-3.088291,-2.988291,-0.018291015,0.13170898,-1.038291,-0.698291,-0.108291015,-1.838291,-1.398291,0.331709,0.35170898,-1.6882911,0.0017089844,-0.768291,0.20170899,-1.858291,-2.708291,-1.798291,-2.398291,-2.458291,-2.078291,-1.998291,-1.9482911,-3.268291,-2.448291,-1.898291,-1.598291,-1.008291,-1.648291,-0.258291,2.211709,1.581709,0.801709,1.571709
