wind_kz.json
{"header": {"discipline":0,"disciplineName":"Meteorological products","gribEdition":2,"gribLength":871,"center":7,"centerName":"US National Weather Service - NCEP(WMC)","subcenter":0,"refTime":"2023-08-28T00:00:00.000Z","significanceOfRT":1,"significanceOfRTName":"Start of forecast","productStatus":0,"productStatusName":"Operational products","productType":1,"productTypeName":"Forecast products","productDefinitionTemplate":0,"productDefinitionTemplateName":"Analysis/forecast at horizontal level/layer at a point in time","parameterCategory":0,"parameterCategoryName":"UnknownDiscipline_0_Category_0","parameterNumber":0,"parameterNumberName":"UnknownParameter_D0_C0_0","parameterUnit":"Unknown","genProcessType":2,"genProcessTypeName":"Forecast","forecastTime":0,"surface1Type":1,"surface1TypeName":"Ground or water surface","surface1Value":0.0,"surface2Type":255,"surface2TypeName":"Missing","surface2Value":0.0,"gridDefinitionTemplate":0,"gridDefinitionTemplateName":"Latitude_Longitude","numberPoints":615,"shape":6,"shapeName":"Earth spherical with radius of 6,371,229.0 m","gridUnits":"degrees","resolution":48,"winds":"true","scanMode":64,"nx":41,"ny":15,"basicAngle":0,"lo1":47.0,"la1":41.0,"lo2":87.0,"la2":55.0,"dx":1.0,"dy":1.0}, "data":
[rows 0 to 14 of 15, columns 0 to 40 of 41]
294.64984,282.34985,288.54987,299.54987,299.24985,297.54987,295.64984,295.14984,292.74985,293.74985,291.74985,292.54987,291.34985,290.64984,290.64984,286.84985,286.64984,288.44986,286.44986,289.44986,292.44986,290.34985,289.54987,284.64984,288.94986,289.04987,286.84985,276.04987,277.54987,275.14984,274.54987,275.84985,285.74985,292.84985,295.34985,296.64984,298.64984,298.34985,296.04987,297.54987,297.34985
273.04987,287.84985,299.04987,299.74985,299.54987,297.64984,292.54987,291.04987,290.54987,290.84985,291.64984,289.64984,288.14984,287.24985,286.24985,287.34985,287.64984,285.54987,284.44986,285.64984,286.94986,289.04987,290.34985,281.74985,270.84985,272.94986,281.94986,277.44986,278.94986,274.94986,280.44986,271.64984,278.74985,263.94986,277.34985,292.24985,292.54987,295.74985,297.74985,289.44986,283.94986
288.74985,298.54987,299.34985,299.64984,297.84985,291.04987,290.04987,289.34985,288.54987,288.54987,288.34985,288.54987,284.64984,287.34985,287.34985,285.64984,284.44986,284.24985,284.34985,286.24985,286.84985,289.14984,287.94986,283.74985,286.04987,288.74985,289.44986,287.54987,287.84985,281.04987,273.74985,278.54987,282.84985,283.34985,282.34985,281.34985,275.54987,278.94986,282.14984,276.04987,275.94986
289.14984,298.84985,299.34985,298.74985,294.94986,288.74985,288.54987,287.84985,288.34985,288.04987,287.34985,286.64984,295.24985,294.44986,288.04987,285.84985,287.04987,286.14984,287.44986,285.64984,286.54987,283.14984,289.24985,289.94986,289.54987,289.24985,290.04987,290.04987,289.64984,292.14984,292.44986,288.94986,292.54987,292.04987,291.24985,284.94986,278.04987,278.14984,283.14984,291.34985,295.44986
292.44986,298.04987,298.84985,298.34985,295.54987,290.64984,289.74985,288.64984,288.14984,288.34985,287.34985,286.54987,295.24985,293.84985,291.44986,288.24985,287.74985,287.24985,285.04987,288.24985,288.74985,289.54987,288.04987,288.54987,289.34985,288.34985,287.44986,290.74985,290.64984,291.24985,294.04987,291.24985,281.54987,277.64984,284.74985,295.54987,295.04987,299.54987,297.84985,296.64984,296.34985
291.34985,290.44986,296.74985,296.74985,297.54987,297.04987,294.24985,290.04987,289.94986,288.74985,288.64984,287.44986,293.44986,294.54987,291.34985,286.84985,288.44986,286.94986,289.14984,290.94986,289.14984,288.64984,287.94986,287.14984,287.14984,286.54987,289.44986,293.24985,289.84985,293.24985,293.64984,293.74985,290.94986,291.24985,290.04987,292.44986,284.44986,287.14984,294.24985,297.04987,297.84985
295.34985,291.84985,292.24985,294.54987,294.94986,294.64984,292.84985,292.84985,290.94986,289.64984,288.04987,288.04987,287.84985,288.04987,286.74985,287.74985,287.84985,287.84985,288.24985,286.94986,289.14984,287.34985,287.94986,288.74985,288.04987,286.84985,287.54987,289.54987,290.14984,291.54987,291.94986,292.14984,293.44986,293.14984,292.94986,292.24985,289.24985,286.84985,284.24985,283.34985,293.34985
292.34985,292.24985,294.84985,293.34985,293.84985,292.74985,294.14984,293.04987,290.84985,287.84985,287.64984,287.74985,287.24985,287.84985,286.64984,286.54987,286.24985,287.84985,289.24985,284.44986,285.04987,285.34985,286.04987,286.74985,286.04987,283.34985,284.74985,287.14984,287.34985,289.54987,289.74985,291.44986,291.24985,289.74985,289.94986,291.64984,295.04987,289.54987,294.74985,292.84985,292.04987
288.74985,288.84985,291.94986,292.84985,291.94986,293.24985,288.94986,289.44986,289.84985,289.54987,288.24985,287.54987,285.04987,287.54987,287.24985,284.84985,287.64984,286.84985,287.24985,286.14984,282.94986,285.64984,286.74985,287.24985,283.84985,284.84985,283.74985,284.34985,284.84985,284.74985,287.14984,289.04987,290.84985,292.24985,289.74985,289.64984,292.84985,293.44986,281.74985,281.34985,281.34985
286.34985,287.64984,287.44986,287.04987,286.74985,286.44986,285.74985,286.44986,287.04987,288.34985,287.54987,286.74985,286.54987,285.74985,284.34985,286.44986,284.64984,284.44986,285.34985,283.64984,284.14984,286.64984,287.04987,287.14984,284.84985,284.14984,284.84985,285.94986,285.24985,286.74985,287.74985,289.64984,291.84985,293.54987,292.54987,291.44986,290.54987,288.44986,283.24985,282.54987,281.94986
285.14984,284.64984,285.14984,288.74985,288.84985,288.04987,288.14984,288.14984,285.94986,287.04987,284.74985,284.74985,285.44986,284.24985,282.14984,282.94986,285.64984,284.44986,283.64984,282.44986,283.34985,285.84985,285.34985,286.04987,285.24985,284.44986,283.54987,286.44986,287.34985,289.24985,290.64984,290.44986,289.74985,290.94986,292.84985,290.24985,286.84985,285.04987,285.74985,285.94986,284.94986
286.04987,284.74985,283.74985,282.84985,282.54987,283.64984,284.94986,284.04987,285.74985,284.44986,282.44986,282.44986,283.74985,283.34985,281.74985,281.44986,281.94986,282.84985,282.34985,282.84985,283.44986,283.64984,283.74985,285.34985,283.44986,284.64984,286.64984,287.74985,289.24985,289.64984,288.54987,290.14984,289.54987,287.24985,288.24985,288.94986,290.04987,289.14984,291.74985,289.24985,289.44986
284.84985,283.34985,283.44986,283.34985,283.04987,281.34985,280.74985,280.64984,280.84985,283.84985,282.44986,281.04987,282.54987,280.84985,281.04987,280.74985,280.84985,280.94986,280.74985,281.24985,284.74985,280.44986,283.04987,284.14984,285.64984,284.14984,287.44986,287.74985,288.74985,288.84985,289.64984,289.64984,290.14984,289.94986,287.94986,287.64984,288.74985,289.74985,289.54987,288.44986,291.84985
280.84985,281.74985,286.54987,281.54987,281.14984,281.44986,281.84985,281.34985,279.94986,281.84985,281.34985,278.84985,279.74985,281.44986,281.24985,280.34985,283.34985,280.94986,284.44986,284.14984,285.54987,283.74985,284.84985,285.34985,285.54987,283.64984,284.74985,286.34985,286.54987,288.44986,288.44986,287.54987,288.34985,288.24985,287.74985,288.34985,287.34985,288.14984,288.84985,288.04987,287.74985
281.14984,280.74985,290.64984,279.64984,280.74985,279.94986,280.04987,279.64984,281.54987,281.74985,281.74985,280.34985,279.44986,279.54987,280.24985,284.04987,281.94986,284.54987,279.04987,282.64984,282.64984,285.44986,284.84985,284.94986,285.34985,285.74985,285.84985,284.64984,286.94986,286.74985,286.74985,286.34985,287.34985,287.64984,287.74985,287.94986,288.54987,287.54987,289.34985,287.84985,288.14984
