wind_kz.json
{"header": {"discipline":0,"disciplineName":"Meteorological products","gribEdition":2,"gribLength":1025,"center":7,"centerName":"US National Weather Service - NCEP(WMC)","subcenter":0,"refTime":"2023-08-26T06:00:00.000Z","significanceOfRT":1,"significanceOfRTName":"Start of forecast","productStatus":0,"productStatusName":"Operational products","productType":1,"productTypeName":"Forecast products","productDefinitionTemplate":0,"productDefinitionTemplateName":"Analysis/forecast at horizontal level/layer at a point in time","parameterCategory":2,"parameterCategoryName":"UnknownDiscipline_0_Category_2","parameterNumber":3,"parameterNumberName":"UnknownParameter_D0_C2_3","parameterUnit":"Unknown","genProcessType":2,"genProcessTypeName":"Forecast","forecastTime":300,"surface1Type":103,"surface1TypeName":"Specified height level above ground","surface1Value":10.0,"surface2Type":255,"surface2TypeName":"Missing","surface2Value":0.0,"gridDefinitionTemplate":0,"gridDefinitionTemplateName":"Latitude_Longitude","numberPoints":615,"shape":6,"shapeName":"Earth spherical with radius of 6,371,229.0 m","gridUnits":"degrees","resolution":48,"winds":"true","scanMode":64,"nx":41,"ny":15,"basicAngle":0,"lo1":47.0,"la1":41.0,"lo2":87.0,"la2":55.0,"dx":1.0,"dy":1.0}, "data":
[rows 0 to 14 of 15, columns 0 to 40 of 41]
2.6776295,-2.0323706,3.0576293,-0.9723706,0.3876294,-0.2423706,-0.3423706,-0.5223706,-0.7423706,-3.1323707,-5.0823708,-5.6923704,-6.8423705,-4.792371,-4.0923705,-4.6623707,-4.542371,-4.8723707,-4.2323704,-4.6623707,-2.8423705,-4.272371,-3.4623706,0.5876294,-2.0023706,2.5676293,-0.17237061,3.3976295,2.0776293,1.7676294,2.0176294,1.5076294,-0.48237062,-4.1423707,-6.2023706,-7.4123707,-1.8823706,-1.1123706,-0.3123706,-1.9623706,1.9176294
4.5676293,2.0176294,3.5176294,0.3876294,-1.7323706,1.6276294,0.6176294,0.4976294,-1.1123706,-2.9823706,-4.7423706,-6.3223705,-6.272371,-5.8823705,-7.0123706,-5.2623706,-4.9423704,-6.5823708,-6.9523706,-4.4223704,-3.7323706,-4.4723706,-3.3523705,1.5176294,-0.09237061,0.45762938,-0.6923706,1.0176294,-2.7623706,2.5576293,1.9976294,3.7776294,0.2376294,0.6776294,-1.6823707,-4.4523706,-4.4423704,0.48762938,-0.14237061,-1.6723706,-0.2023706
2.8776293,7.0876293,3.1876295,2.5676293,1.8076293,0.3376294,0.45762938,0.7376294,-0.2323706,-2.1523707,-3.7923706,-4.0323706,-4.312371,-4.8823705,-4.3923707,-4.0723705,-4.0323706,-4.4123707,-4.9723706,-5.022371,-5.9423704,-4.542371,-4.8723707,-3.5123706,-2.6823707,-1.1623706,-1.1323706,-1.3223706,-1.3723706,-0.8023706,1.5476294,-1.4223706,-0.6623706,-1.2623706,-1.5023706,-0.7023706,2.2076294,-0.96237063,0.5876294,1.0376294,0.8776294
5.2576294,2.7076294,0.16762939,-2.3623705,1.1076294,0.4376294,-0.4323706,-0.6023706,1.7676294,-0.7523706,-2.2123706,-6.0323706,-6.7423706,-4.7423706,-3.1123705,-3.4823706,-4.6423707,-5.062371,-5.4123707,-5.9723706,-5.4323707,-3.9623706,-1.6723706,-2.5723705,-6.542371,-5.4623704,-4.8023705,-4.1223707,-0.9223706,-1.8723706,-3.7223706,-2.1823707,0.2876294,-2.4923706,-0.1323706,-1.7723706,0.13762939,1.2276294,0.2776294,1.1676294,1.0276294
0.0676294,0.0076293945,0.53762937,-1.3923706,-1.3623706,-0.9923706,-1.6623706,-1.4823706,0.8276294,0.9576294,-1.3523706,-3.7423706,-6.2223706,-5.1923704,-3.6723707,-3.7923706,-4.1723704,-4.4123707,-4.6723704,-6.1623707,-6.4523706,-5.1823707,-4.2423706,-4.3723707,-3.6223707,-3.8523705,-4.6923704,-4.6723704,-3.7623706,-2.2623706,-3.3623705,-0.9223706,0.59762937,3.6876295,-1.0623707,-0.7623706,0.2976294,-1.1723706,-0.2823706,-0.8223706,-2.1823707
0.5276294,-0.6923706,-1.2223706,-1.1523706,-0.4023706,-0.3723706,-0.08237061,-0.1523706,-1.0423706,1.1076294,1.2076294,-2.1723707,-4.9323707,-6.0323706,-5.1223707,-3.5223706,-3.4323707,-4.7823706,-4.8323708,-5.3423705,-3.4923706,-3.9923706,-5.312371,-5.752371,-3.9323707,-5.3723707,-6.3723707,-8.702371,-6.1623707,-1.8023705,-3.0723705,-2.8523705,-2.3923707,3.1076293,2.2276294,-1.6723706,3.1176293,2.8576293,0.5676294,-1.7823706,-0.09237061
0.8976294,0.3676294,0.4076294,-0.1523706,-1.1423706,0.3176294,-0.8623706,-1.2023706,-1.0823706,-0.3723706,-1.2423706,-1.7423706,-1.9823706,-3.6823707,-4.5823708,-4.6423707,-3.0923705,-4.062371,-4.0823708,-4.2223706,-4.1723704,-2.5623705,-3.3123705,-4.7823706,-5.2323704,-5.8423705,-5.6623707,-6.022371,-6.3923707,-7.9523706,-8.072371,-8.792371,-6.3523707,-8.56237,-2.4223707,-2.2823706,-4.1723704,-2.7323706,-0.5923706,-0.8923706,-0.5823706
3.0676293,2.8476293,2.0676293,0.7076294,-0.4523706,-1.3723706,-0.9923706,-0.5423706,0.9976294,-0.17237061,-0.7823706,-1.7723706,-3.0023706,-2.6723707,-2.8323705,-3.9623706,-4.4823704,-3.9423707,-4.022371,-3.9123707,-4.4723706,-3.2523706,-2.2423706,-3.0423706,-3.3123705,-3.2623706,-4.3423705,-5.7023706,-5.9223704,-6.522371,-6.2223706,-6.9123707,-7.502371,-6.1123705,-3.6623707,-1.5823706,-1.0223706,-1.0723706,0.5176294,0.7076294,-0.6223706
-0.1323706,0.9876294,1.0076294,0.4776294,0.0676294,-0.17237061,-0.5723706,0.3676294,-0.35237062,0.5776294,-0.6923706,-0.8423706,-1.9223706,-2.0823705,-2.3523705,-3.3523705,-3.2023706,-3.3723707,-3.2023706,-3.3323705,-3.4723706,-4.5123706,-5.7023706,-1.2223706,-1.5823706,-2.6023705,-2.7723706,-3.0023706,-3.7123706,-3.5823705,-6.7323704,-6.562371,-3.8123705,-4.5823708,-3.3723707,-2.1623707,-3.6323707,-0.65237063,-1.7923706,-1.9623706,-2.8023705
0.2876294,0.9276294,0.3276294,1.6576294,0.6576294,-0.7323706,-0.5423706,-0.96237063,-0.8023706,-0.4223706,-0.6023706,-0.8123706,-0.8523706,-1.8523706,-2.5523705,-2.8823707,-3.1723707,-2.9223707,-2.9523706,-3.2123706,-3.2523706,-3.3123705,-3.3723707,-2.8123705,-2.7223706,-2.9923706,-2.5923705,-2.3223705,-3.0323706,-3.5723705,-3.4923706,-4.6023707,-3.3823707,-4.042371,-2.8723707,-1.8823706,0.4076294,-3.1223707,-1.7123706,0.2876294,0.5476294
-0.3123706,-0.35237062,1.0676293,1.3676294,0.8876294,0.5676294,0.8076294,-0.6223706,-0.17237061,-0.8923706,-1.2023706,-1.1023706,-1.3723706,-0.9423706,-1.5723706,-2.3023705,-2.9423707,-2.9623706,-2.9323707,-3.2723706,-3.5523705,-3.8223705,-3.2123706,-2.8223705,-2.6123705,-2.5723705,-2.9023707,-3.6623707,-2.2923706,-2.7323706,-3.5123706,-3.5023706,-3.9023707,-3.0723705,-3.2423706,-3.4023707,-1.8823706,1.1176294,-0.09237061,-0.1323706,-0.4423706
0.4976294,1.6776294,1.3176293,2.2676294,1.9776294,1.6876293,1.0176294,1.4776294,0.9276294,0.8176294,-0.35237062,-1.3623706,-1.5123706,-1.8123707,-0.022370605,-1.5423706,-2.0423706,-2.8323705,-2.1023705,-2.3023705,-2.3423705,-3.3123705,-3.0923705,-2.5823705,-2.5323706,-2.6523707,-2.5823705,-3.6123705,-2.7023706,-3.1123705,-3.0923705,-3.4623706,-2.5523705,-3.0623705,-1.8223706,-2.5023706,-0.7723706,0.9176294,1.6476294,1.8776294,1.4176294
2.0876293,1.0076294,1.5376294,1.4776294,1.7176294,1.4076294,0.8376294,1.8576294,3.0476294,0.8576294,-0.0723706,-0.1523706,-0.9223706,0.057629395,-0.6623706,-0.9823706,-1.9523706,-2.0623705,-2.6223707,-2.9523706,-0.7523706,-1.6523706,-1.6423706,-1.8723706,-2.9523706,-2.6523707,-3.1023705,-2.9323707,-3.3123705,-2.5323706,-2.6023705,-3.0923705,-3.2423706,-2.9823706,-1.5823706,-1.4123706,-2.0723705,-1.2823706,-1.6323706,-1.5523705,0.047629394
2.0176294,0.9576294,1.8776294,2.2776294,0.9376294,1.4276294,0.3476294,1.5376294,0.5076294,-0.7623706,0.8876294,-0.1623706,-1.2423706,-0.102370605,-0.9723706,-1.0323706,-1.7423706,-1.3623706,-1.8123707,-2.2323706,-2.2323706,-0.8423706,-1.5623707,-2.4123707,-2.2423706,-1.7823706,-2.6823707,-2.0623705,-2.5023706,-2.2223706,-2.3423705,-2.9823706,-2.8123705,-1.8323706,-1.5123706,-1.6523706,-1.9623706,-1.5423706,-1.4023706,-0.4323706,-0.3123706
0.7476294,0.53762937,0.5576294,1.8476294,1.1176294,0.6576294,1.0976294,2.4676294,1.7276294,-0.09237061,-0.2523706,0.8176294,1.2276294,-0.1523706,0.3276294,0.13762939,-0.3423706,-0.8423706,-0.7223706,-1.6623706,-1.0523705,-1.3923706,-1.5223706,-1.8923706,-2.0423706,-2.6023705,-2.1923707,-1.4023706,-1.1523706,-1.4223706,-1.5423706,-2.1223707,-1.9423707,-1.7423706,-1.2923706,-0.8923706,-0.7723706,-0.2823706,-0.12237061,-1.0823706,-0.042370606
