wind_kz.json
{"header": {"discipline":0,"disciplineName":"Meteorological products","gribEdition":2,"gribLength":948,"center":7,"centerName":"US National Weather Service - NCEP(WMC)","subcenter":0,"refTime":"2023-10-04T12:00:00.000Z","significanceOfRT":1,"significanceOfRTName":"Start of forecast","productStatus":0,"productStatusName":"Operational products","productType":1,"productTypeName":"Forecast products","productDefinitionTemplate":0,"productDefinitionTemplateName":"Analysis/forecast at horizontal level/layer at a point in time","parameterCategory":0,"parameterCategoryName":"UnknownDiscipline_0_Category_0","parameterNumber":0,"parameterNumberName":"UnknownParameter_D0_C0_0","parameterUnit":"Unknown","genProcessType":2,"genProcessTypeName":"Forecast","forecastTime":120,"surface1Type":1,"surface1TypeName":"Ground or water surface","surface1Value":0.0,"surface2Type":255,"surface2TypeName":"Missing","surface2Value":0.0,"gridDefinitionTemplate":0,"gridDefinitionTemplateName":"Latitude_Longitude","numberPoints":615,"shape":6,"shapeName":"Earth spherical with radius of 6,371,229.0 m","gridUnits":"degrees","resolution":48,"winds":"true","scanMode":64,"nx":41,"ny":15,"basicAngle":0,"lo1":47.0,"la1":41.0,"lo2":87.0,"la2":55.0,"dx":1.0,"dy":1.0}, "data":
[rows 0 to 14 of 15, columns 0 to 40 of 41]
301.91974,289.31973,293.31973,293.61972,293.61972,292.41974,298.5197,306.61972,305.11972,304.5197,304.11972,303.5197,302.21973,301.61972,300.91974,301.11972,300.71973,300.11972,301.21973,300.71973,301.61972,299.0197,299.0197,293.71973,295.81973,297.5197,292.5197,280.81973,276.81973,277.31973,276.31973,271.61972,286.11972,292.41974,293.5197,294.5197,293.31973,293.0197,294.5197,294.11972,291.11972
273.5197,289.5197,293.31973,293.21973,293.31973,291.71973,302.31973,302.71973,303.31973,302.91974,301.81973,300.31973,301.5197,301.11972,301.0197,300.81973,300.31973,300.31973,298.91974,299.21973,298.91974,298.31973,296.21973,287.81973,274.21973,278.5197,285.71973,280.5197,280.21973,274.71973,279.5197,270.31973,279.81973,253.61972,272.5197,290.31973,288.41974,291.21973,293.91974,286.11972,284.31973
285.5197,292.71973,292.71973,292.41974,291.11972,299.71973,297.21973,300.71973,302.0197,300.31973,299.41974,300.31973,301.21973,301.0197,299.91974,299.71973,299.31973,298.5197,298.11972,297.91974,297.5197,297.31973,297.0197,291.11972,295.11972,292.81973,294.21973,292.41974,291.11972,282.11972,269.71973,277.71973,282.0197,280.91974,282.0197,280.91974,274.5197,279.0197,280.71973,275.11972,273.71973
285.5197,291.31973,292.31973,291.5197,291.41974,297.0197,299.11972,299.81973,301.41974,301.31973,299.71973,299.0197,289.91974,289.5197,299.41974,299.71973,299.11972,298.61972,298.31973,297.21973,296.61972,292.5197,295.91974,296.41974,296.41974,296.81973,296.81973,294.5197,292.21973,292.81973,293.31973,290.11972,294.61972,291.91974,290.71973,285.41974,274.5197,266.81973,278.31973,287.31973,290.61972
285.41974,290.91974,291.31973,290.71973,291.11972,293.61972,297.31973,299.91974,299.61972,300.0197,299.61972,299.11972,288.81973,287.61972,286.31973,298.91974,298.5197,297.61972,296.91974,296.61972,297.21973,296.5197,295.0197,295.31973,295.31973,295.0197,294.21973,291.0197,294.21973,293.71973,295.81973,292.11972,278.71973,271.11972,282.21973,290.5197,290.91974,294.31973,294.41974,294.21973,293.61972
285.31973,285.11972,289.11972,289.61972,289.91974,289.5197,297.0197,300.31973,299.61972,299.61972,298.11972,298.31973,289.41974,288.21973,292.41974,297.31973,297.81973,296.91974,296.31973,296.61972,295.71973,294.81973,294.21973,293.31973,293.21973,291.11972,292.91974,287.21973,293.61972,294.41974,293.41974,293.61972,290.91974,289.61972,287.31973,287.71973,283.31973,286.21973,292.31973,292.0197,292.31973
287.61972,287.61972,287.61972,288.91974,290.71973,293.11972,295.61972,293.81973,296.91974,298.5197,297.41974,296.91974,295.81973,295.41974,294.41974,295.21973,296.61972,296.41974,295.21973,294.21973,292.71973,293.5197,293.11972,292.91974,291.5197,291.21973,290.71973,292.0197,291.31973,291.41974,290.91974,290.81973,290.31973,290.5197,288.5197,289.11972,282.61972,280.21973,279.31973,279.31973,287.41974
287.5197,288.61972,288.11972,286.81973,287.31973,290.0197,288.81973,290.31973,292.21973,291.0197,295.41974,295.31973,295.11972,294.71973,295.81973,295.41974,294.61972,294.41974,294.0197,290.91974,290.31973,290.31973,291.11972,291.0197,289.41974,287.11972,287.31973,288.31973,287.11972,288.21973,286.91974,288.0197,286.21973,283.41974,283.81973,287.11972,287.61972,285.41974,288.41974,287.0197,283.61972
287.21973,286.21973,287.0197,286.21973,285.5197,285.31973,286.5197,286.41974,285.0197,286.5197,290.21973,293.31973,293.71973,294.5197,294.31973,295.81973,294.5197,293.11972,291.61972,290.31973,288.31973,288.0197,288.71973,288.71973,287.81973,287.41974,285.81973,285.21973,284.81973,283.31973,284.11972,285.0197,285.41974,284.11972,284.71973,284.41974,285.61972,283.5197,274.5197,274.61972,272.61972
285.91974,285.81973,285.31973,285.0197,285.0197,284.61972,283.91974,283.41974,281.31973,281.21973,282.21973,286.5197,289.91974,292.71973,293.11972,293.5197,294.0197,293.5197,292.0197,290.91974,288.71973,288.5197,289.0197,288.71973,288.31973,287.31973,287.11972,286.91974,285.71973,285.31973,285.11972,286.61972,287.81973,288.91974,287.21973,288.0197,284.41974,278.0197,276.81973,277.41974,273.41974
283.21973,283.41974,283.61972,283.5197,283.5197,283.31973,283.11972,283.11972,282.41974,281.21973,279.31973,280.0197,282.81973,286.41974,289.41974,292.21973,291.91974,292.11972,291.71973,289.71973,289.61972,289.0197,288.41974,288.11972,287.91974,287.5197,286.21973,287.81973,288.0197,288.11972,287.81973,288.5197,288.41974,288.71973,288.31973,288.61972,280.31973,278.0197,277.31973,281.5197,277.31973
280.5197,282.41974,282.21973,281.91974,281.81973,282.0197,281.91974,281.41974,282.0197,281.5197,279.21973,279.5197,280.0197,280.41974,282.5197,286.11972,290.11972,290.5197,290.71973,290.0197,289.0197,288.11972,287.61972,287.71973,286.91974,287.5197,288.21973,289.0197,288.91974,288.5197,287.41974,287.71973,288.31973,285.91974,287.21973,286.61972,286.81973,287.91974,286.5197,284.61972,283.91974
279.11972,280.71973,281.21973,281.11972,281.0197,280.71973,280.21973,280.31973,280.71973,280.61972,277.61972,277.21973,280.81973,281.31973,282.81973,283.31973,284.81973,286.71973,289.61972,289.31973,289.31973,288.61972,287.91974,287.11972,287.61972,288.5197,289.5197,289.0197,288.91974,288.11972,288.31973,288.0197,288.11972,287.31973,287.0197,286.41974,285.71973,286.91974,285.11972,283.11972,282.91974
279.71973,280.5197,282.61972,279.41974,279.31973,278.81973,278.5197,278.11972,279.71973,279.91974,277.61972,275.31973,278.0197,280.0197,282.0197,283.5197,284.11972,284.81973,286.0197,288.21973,289.41974,289.21973,289.0197,289.41974,289.71973,289.0197,289.21973,288.5197,288.41974,288.31973,288.0197,287.61972,287.31973,286.31973,286.11972,285.0197,285.21973,284.91974,284.61972,282.61972,282.5197
276.11972,278.61972,284.11972,279.21973,277.91974,277.5197,278.11972,278.11972,278.91974,278.91974,278.11972,277.71973,276.31973,278.61972,280.21973,282.21973,282.91974,283.61972,283.91974,285.21973,286.61972,288.41974,288.91974,288.31973,288.71973,288.41974,288.81973,288.61972,288.61972,287.91974,287.31973,286.0197,287.11972,286.11972,285.11972,285.11972,284.91974,283.71973,284.61972,284.0197,283.0197
