wind_kz.json
{"header": {"discipline":0,"disciplineName":"Meteorological products","gribEdition":2,"gribLength":1025,"center":7,"centerName":"US National Weather Service - NCEP(WMC)","subcenter":0,"refTime":"2023-09-23T18:00:00.000Z","significanceOfRT":1,"significanceOfRTName":"Start of forecast","productStatus":0,"productStatusName":"Operational products","productType":1,"productTypeName":"Forecast products","productDefinitionTemplate":0,"productDefinitionTemplateName":"Analysis/forecast at horizontal level/layer at a point in time","parameterCategory":2,"parameterCategoryName":"UnknownDiscipline_0_Category_2","parameterNumber":3,"parameterNumberName":"UnknownParameter_D0_C2_3","parameterUnit":"Unknown","genProcessType":2,"genProcessTypeName":"Forecast","forecastTime":0,"surface1Type":103,"surface1TypeName":"Specified height level above ground","surface1Value":10.0,"surface2Type":255,"surface2TypeName":"Missing","surface2Value":0.0,"gridDefinitionTemplate":0,"gridDefinitionTemplateName":"Latitude_Longitude","numberPoints":615,"shape":6,"shapeName":"Earth spherical with radius of 6,371,229.0 m","gridUnits":"degrees","resolution":48,"winds":"true","scanMode":64,"nx":41,"ny":15,"basicAngle":0,"lo1":47.0,"la1":41.0,"lo2":87.0,"la2":55.0,"dx":1.0,"dy":1.0}, "data":
[rows 0 to 14 of 15, columns 0 to 40 of 41]
0.8793555,-2.2706444,3.2393556,1.6393554,-2.5106444,-2.8406446,0.38935548,-0.65064454,-1.9006445,-2.4306445,-3.3606446,-2.8206446,-3.6006446,-3.6406446,-4.5906444,-4.0006447,-3.8106446,-5.9406447,-5.5906444,-4.6906447,-5.1606445,-3.9506445,-1.2406446,-1.3206445,-1.6806445,-0.53064454,-1.1006446,0.5693555,0.09935547,-0.29064453,-2.8906446,-2.6006446,-1.0406445,1.9893554,1.6393554,-1.2606446,-2.8906446,-1.3506446,-0.89064455,-4.0306444,-4.0806446
4.2393556,1.3093555,3.3993554,0.15935546,-0.5406445,0.31935546,-0.48064452,-0.08064453,-0.78064454,-2.8706446,-3.4306445,-4.2006445,-5.1306443,-5.3806443,-4.5106444,-5.3606443,-4.3406444,-6.1906447,-7.1606445,-5.1506443,-4.0606446,-5.0206447,-3.1806445,1.1393554,0.30935547,-1.0306445,-3.4106445,-0.32064453,-0.10064453,-0.45064452,3.9993556,2.5593555,-0.66064453,-3.7306445,-4.3906446,0.5793555,-0.83064455,-1.5606445,-0.31064454,-0.6006445,1.6893555
2.7893555,5.7693553,3.3993554,1.1993555,-0.31064454,-0.43064454,-0.6206445,0.86935544,-0.76064456,-1.2006445,-2.1806445,-3.0406446,-3.8906446,-4.8806443,-5.8406444,-3.9206445,-4.2506447,-4.3906446,-4.5406446,-5.3406444,-3.7006445,-2.5006444,-4.2606444,-2.5106444,-0.51064456,1.3093555,0.7093555,0.52935547,0.019355468,2.1793554,1.6693555,1.3693554,1.4093555,-1.0106446,-0.23064452,2.2493556,1.0893555,1.2893555,1.1993555,0.42935547,1.0093554
1.6393554,0.98935544,-0.10064453,0.019355468,-0.28064454,-0.45064452,-0.10064453,0.66935545,0.67935544,1.2393554,-0.45064452,-1.9906446,-4.0606446,-5.2006445,-4.9606447,-4.2806444,-3.2706444,-3.6906445,-3.6406446,-4.7506447,-3.9406445,-2.8906446,-2.6706445,-0.5006445,0.9393555,1.5693555,1.2293555,-0.38064453,3.1693554,2.4693556,1.3693554,-0.8006445,0.16935547,0.17935547,0.8893555,-0.40064454,2.7893555,5.1293554,4.3893557,1.2593554,2.1093554
-0.37064454,-1.1106446,-0.65064454,0.65935546,-0.12064453,-0.19064453,-0.70064455,-0.78064454,-1.5306445,-1.0406445,1.1593555,0.37935546,-1.3606446,-3.8606446,-4.4806447,-3.1906445,-3.2906446,-2.9906445,-3.4206445,-3.7506444,-2.8206446,-2.8106446,-3.4806445,-3.1306446,-3.3506446,-3.6406446,-0.8106445,-0.51064456,-1.9506445,-2.2306445,-4.2106447,-2.6006446,3.4393554,1.9993554,0.46935546,-0.48064452,-3.4206445,1.4993554,2.0293555,-3.0506446,-1.6206446
-0.02064453,-0.83064455,-0.45064452,0.79935545,1.0993555,0.42935547,-0.42064452,-0.9206445,-0.24064453,-0.38064453,-2.6906445,-2.3306446,-0.9406445,-0.7506445,-1.3406445,-3.0906446,-2.6006446,-2.5106444,-3.5306444,-4.2806444,-2.2206445,-2.5206444,-3.3706446,-4.2906446,-4.4806447,-4.2906446,-5.6206446,-5.7706447,-5.7306447,-6.5606446,-5.7206445,-4.8006444,-2.9306445,-1.2006445,-1.5006446,-4.2406445,-0.6906445,-1.4606445,-4.2106447,-2.2306445,-5.6606445
1.9593555,1.1293554,0.8293555,0.58935547,1.4393555,1.8293555,1.8893554,0.44935548,-0.7906445,-1.8606446,-2.0006444,0.52935547,-2.3306446,-2.9706445,-2.4006445,-2.9906445,-3.2206445,-2.9106445,-2.9806445,-3.5506446,-3.0806446,-2.9506445,-3.9406445,-4.2506447,-4.0406446,-4.4806447,-4.2006445,-5.4006443,-5.4206448,-6.2706447,-5.8206444,-5.4706445,-5.2106447,-5.9006443,-6.4406447,-2.8606446,-0.72064453,0.41935548,-0.53064454,1.4093555,-4.0306444
2.6593554,2.5193555,2.6793554,2.4393554,1.3493555,-0.37064454,-0.26064453,-2.7806444,-2.4706445,-1.8306445,-1.8506446,-0.45064452,-2.2606444,-2.9006445,-3.6506445,-3.7206445,-2.9606445,-3.3106446,-3.7206445,-2.9906445,-2.7506444,-3.8206446,-3.5706446,-3.2606444,-2.7206445,-2.3306446,-2.2006445,-2.3306446,-2.2706444,-3.6306446,-3.7906446,-4.6106443,-4.7406445,-4.0706444,-1.2606446,-2.6406446,-3.4706445,-4.9206448,0.71935546,1.8893554,0.92935544
0.8893555,1.2993555,0.97935545,0.79935545,0.12935548,0.11935547,-2.2206445,-2.9206445,-2.3206446,-1.4606445,-1.1706445,-1.1606445,-0.58064455,-1.2706445,-2.7306445,-3.1906445,-4.1206446,-3.4406445,-3.3406446,-3.9206445,-2.1606445,-3.1306446,-3.6906445,-3.5506446,-3.1706445,-2.4706445,-2.2406445,-1.9306445,-1.4806446,-2.1306446,-3.8206446,-3.2806444,-3.6306446,-3.5406446,-3.5406446,-2.3006446,-2.0206444,-1.2406446,-2.3906446,-1.7406446,3.5593555
1.7093555,1.8793554,1.8193555,1.6093554,0.73935544,-0.9906445,-2.4306445,-2.1106446,-1.6006446,0.54935545,-0.36064452,0.45935547,-0.07064453,-1.2806445,-2.2206445,-2.2706444,-2.2406445,-3.9306445,-2.9606445,-3.5306444,-3.0806446,-2.8206446,-3.3106446,-3.8006446,-3.6906445,-3.0306444,-2.6906445,-2.2606444,-1.8806446,-2.7206445,-3.0206444,-3.0306444,-3.3906446,-3.0206444,-2.0306444,-2.4906445,-1.2506446,-2.9206445,-0.42064452,0.44935548,-1.7506446
1.9493555,1.9993554,1.5393555,0.7093555,-0.09064453,-1.4206445,-1.9106445,-1.4206445,-0.78064454,1.0993555,0.24935547,2.2393556,1.5993555,0.54935545,-2.0106444,-2.3706446,-1.4806446,-2.4706445,-2.9806445,-2.8406446,-3.0606446,-3.1506445,-3.3106446,-3.0206444,-2.9606445,-2.6106446,-2.0906446,-2.0206444,-1.4806446,-1.6906445,-3.8106446,-4.7106447,-2.5406446,-1.6906445,-1.9106445,-1.0406445,-1.1906445,1.0793555,0.17935547,0.38935548,-0.34064454
0.79935545,0.60935545,0.39935547,-0.59064454,-1.2906445,-1.0906445,-1.2106445,-0.84064454,-1.2606446,0.65935546,-0.6106445,0.009355469,1.9493555,0.65935546,-1.1306446,-1.4406445,-0.51064456,-1.8906446,-2.3806446,-2.8406446,-2.7706444,-2.9206445,-2.5806446,-1.8206445,-1.7606446,-1.8106445,-1.4206445,-1.3906446,-1.5106446,-1.0106446,-1.4006445,-1.4906446,-2.1206446,-2.2506444,-1.1106446,-0.96064454,-6.445313E-4,1.4493555,2.2993555,1.5793555,1.2193555
1.2593554,1.0093554,0.85935545,-0.07064453,-0.84064454,0.5093555,-1.0206445,-1.3006445,-0.44064453,-0.44064453,-1.3406445,-1.2606446,1.4493555,2.3693554,0.6393555,-0.02064453,-0.5406445,-1.0406445,-1.3506446,-2.1406446,-1.9206445,-1.2406446,-0.65064454,-1.2106445,-2.1506445,-1.5006446,-1.7106445,-1.8106445,-2.2606444,-0.43064454,-2.8306446,-3.5006444,-2.1706445,-2.3706446,-0.9806445,-2.1406446,-0.59064454,0.08935547,0.31935546,0.97935545,1.8193555
1.9093555,1.3793554,2.2893555,1.4893554,0.78935546,0.14935547,-0.12064453,0.6493555,-0.26064453,0.9993555,0.60935545,-0.59064454,-0.8106445,0.34935546,-0.09064453,0.42935547,-0.32064453,-0.44064453,-0.64064455,-0.7506445,-1.4106445,-0.82064456,-0.8706445,-0.95064455,-1.5706445,-1.7406446,-2.1706445,-0.40064454,-0.8706445,-2.0306444,-1.7006445,-1.7006445,-0.6106445,0.07935547,-2.1806445,-1.2306446,-0.5606445,0.009355469,0.23935547,0.7493555,1.0993555
1.4093555,1.9093555,1.4093555,1.9193555,2.7093554,2.4693556,1.4593555,0.13935547,-0.64064455,1.2193555,0.54935545,1.2193555,1.5493555,0.059355468,-0.47064453,-0.84064454,0.019355468,-0.29064453,-0.64064455,-0.31064454,-0.38064453,-0.48064452,-0.96064454,-0.72064453,-0.9906445,-1.1206446,-1.6006446,-2.0406446,-1.8206445,-2.1106446,-3.1506445,-3.5706446,-1.6506445,-1.2806445,-0.09064453,-0.8506445,0.17935547,-0.72064453,0.37935546,1.0593555,2.1693554
