wind_kz.json
{"header": {"discipline":0,"disciplineName":"Meteorological products","gribEdition":2,"gribLength":1025,"center":7,"centerName":"US National Weather Service - NCEP(WMC)","subcenter":0,"refTime":"2023-08-21T18:00:00.000Z","significanceOfRT":1,"significanceOfRTName":"Start of forecast","productStatus":0,"productStatusName":"Operational products","productType":1,"productTypeName":"Forecast products","productDefinitionTemplate":0,"productDefinitionTemplateName":"Analysis/forecast at horizontal level/layer at a point in time","parameterCategory":2,"parameterCategoryName":"UnknownDiscipline_0_Category_2","parameterNumber":3,"parameterNumberName":"UnknownParameter_D0_C2_3","parameterUnit":"Unknown","genProcessType":2,"genProcessTypeName":"Forecast","forecastTime":300,"surface1Type":103,"surface1TypeName":"Specified height level above ground","surface1Value":10.0,"surface2Type":255,"surface2TypeName":"Missing","surface2Value":0.0,"gridDefinitionTemplate":0,"gridDefinitionTemplateName":"Latitude_Longitude","numberPoints":615,"shape":6,"shapeName":"Earth spherical with radius of 6,371,229.0 m","gridUnits":"degrees","resolution":48,"winds":"true","scanMode":64,"nx":41,"ny":15,"basicAngle":0,"lo1":47.0,"la1":41.0,"lo2":87.0,"la2":55.0,"dx":1.0,"dy":1.0}, "data":
[rows 0 to 14 of 15, columns 0 to 40 of 41]
2.1435816,2.2235816,1.0335815,3.5035815,4.0035815,3.2035816,3.2635815,2.9335816,1.1735816,-0.8064185,-3.7464185,-4.0864186,-4.0964184,-4.3464184,-5.1864185,-6.2664185,-5.4164186,-1.5064185,-3.0864184,-2.4264185,-2.3064184,-2.9664185,-1.2164185,2.1835816,3.6435816,-1.1064185,1.2035816,0.5135815,-1.6464185,-0.63641846,2.3835816,1.9135815,1.3535815,-1.6064185,-3.4164186,-1.2364185,0.91358155,0.8235815,0.003581543,1.3735815,1.5335815
-0.14641845,0.013581543,3.4535816,4.1335816,5.1835814,5.4635816,4.1435814,2.7935815,0.90358156,-1.4964185,-2.8364184,-4.5964184,-5.4764185,-5.8264184,-6.2464185,-5.9464183,-5.6064186,-2.9364185,-3.6164184,-3.7464185,-3.4264185,-3.0164185,-1.1364185,-0.37641847,2.8335814,3.1835816,2.7235816,-0.096418455,-0.33641845,1.1835816,-2.8664184,-0.59641844,2.2335815,2.5235815,3.2935815,4.8935814,4.7635818,3.6235816,2.7535815,1.9435816,-0.12641846
2.4835815,5.0935817,2.5635815,2.4935815,6.2035813,5.6135817,3.7035816,2.3935816,1.5035815,-1.9264184,-4.8764186,-5.9764185,-6.7064185,-6.7464185,-5.9964185,-5.4064183,-4.756418,-4.6964183,-4.6364183,-3.8664184,-2.1764185,-1.0864185,1.3135816,2.0235815,-2.1364183,-2.2764184,-2.2264185,-2.2764184,-1.6064185,-3.9264185,-2.0264184,-0.49641845,-3.8164184,2.5235815,0.5035815,-2.0264184,-0.34641847,2.5735815,-1.2164185,3.6035814,1.2635815
2.6135817,2.3535814,1.3735815,1.8635815,3.7735815,4.2235813,5.4735813,3.1835816,1.5935816,-1.1064185,-4.1064186,-6.5464187,-8.336418,-7.9364185,-6.5264187,-5.7964187,-5.3464184,-5.4664183,-5.9564185,-6.5764184,1.0135815,-0.97641844,0.48358154,-1.3264184,-2.0064185,-2.3464184,-2.4164186,-2.9964185,-1.8264184,-4.4364185,-2.9564185,0.25358155,1.6535815,2.6235816,-1.2764184,2.8035815,3.7035816,2.4735816,-3.3864183,-3.8864183,-2.6664186
0.40358153,-0.41641846,-0.31641847,-0.036418457,-0.23641846,2.9535816,5.1335816,2.2135816,1.0335815,-2.3764184,-4.4364185,-5.3164186,-7.8264184,-8.346418,-6.9464183,-7.1064186,-6.7864184,-5.8664184,-5.5864186,-4.4064183,-1.7564185,0.10358154,-0.12641846,-0.96641845,-1.8664185,-2.7364185,-4.5964184,-3.7364185,-4.2464185,-5.6164184,-5.8664184,-4.4064183,0.5035815,0.8235815,0.6335815,0.47358155,3.6435816,-1.1164185,-0.7964184,-3.4664185,-4.6464186
-0.18641846,-0.18641846,-3.2164185,-0.12641846,4.8735814,5.2635818,3.8035815,1.6335815,-0.28641847,-1.9564185,-3.5864184,-4.9864182,-4.9464183,-7.0964184,-8.296418,-7.7864184,-7.2064185,-6.0164185,-3.9264185,-3.5864184,-1.8764185,-2.0164185,-1.3164184,-1.3764185,-1.4464184,-2.2564185,-2.8964186,-4.7664185,-3.6364183,-4.5664186,-5.3064184,-6.6964183,-5.1964183,-1.8964185,-2.9664185,-1.6764184,-3.8464184,5.0335817,5.0235815,-1.1264185,-4.4864182
-1.0964185,-1.6164185,0.93358153,3.8035815,5.243582,4.7535815,2.8935816,1.6835816,0.15358154,-1.3564185,-3.5664184,-3.8364184,-4.9264183,-5.8864183,-6.8364186,-7.506418,-6.7664185,-5.4164186,-3.3764184,-2.7364185,-3.0764184,-2.2464185,-1.8864185,-1.2964184,-0.7464185,-0.60641843,-2.2664185,-2.8564184,-4.0164185,-4.6564183,-5.7264185,-6.756418,-8.406419,-6.9864182,2.5935814,2.0335815,3.2435815,3.5135815,2.2235816,4.6235814,-4.3064184
-1.1564184,-0.63641846,2.1135817,4.0835814,4.4435816,3.4835815,2.7735815,1.3535815,0.7535815,-0.33641845,-2.0664184,-2.9864185,-4.2264185,-4.2064185,-5.4064183,-6.2464185,-6.6364183,-5.7864184,-4.4764185,-2.0864184,-3.0664184,-2.6364183,-2.7864184,-2.4764185,-3.2664185,-2.0264184,-0.94641846,-1.2764184,-3.2364185,-5.1264186,-6.256418,-6.5964184,-7.2064185,-10.086418,-5.4764185,-3.1564186,-2.1964185,-1.8964185,0.33358154,-0.42641845,-0.17641845
-0.66641843,-0.21641846,1.1635815,2.2135816,2.1335816,2.6535816,2.6435816,2.1135817,1.4535816,-0.056418456,-1.2164185,-2.2364185,-3.2164185,-3.4164186,-3.9064186,-5.0564184,-5.1264186,-4.7764187,-4.2364182,-2.9464185,-1.7864184,-2.9964185,-3.5564184,-2.9364185,-2.6764185,-2.0964184,-2.1564186,-2.7564185,-3.5764184,-3.9564185,-5.7264185,-7.1764183,-6.8664184,-7.7264185,-5.9964185,-4.1264186,0.71358156,-2.6864185,1.0335815,1.6335815,1.8335816
-0.58641845,0.12358154,0.7035816,0.5735815,1.4635816,1.7535815,1.7135816,1.3235816,0.99358153,0.31358156,-0.47641847,-1.6664184,-2.7664185,-3.0364184,-3.0564184,-3.2564185,-3.4864185,-2.8364184,-3.8464184,-3.0364184,-2.6664186,-2.5364184,-2.3264184,-2.0264184,-1.9964185,-1.6764184,-2.6064184,-2.6264184,-3.0464184,-3.5264184,-4.4364185,-5.4664183,-6.0564184,-7.2364182,-6.7764187,-2.7364185,-1.2764184,1.8835815,-1.1864184,-1.8864185,-0.56641847
1.3735815,0.79358155,1.6735816,1.5135815,1.8235816,2.5135815,2.1235816,1.5335815,1.2635815,1.1435815,-0.08641846,-1.1464185,-1.2964184,-1.5164185,-2.3964186,-2.9564185,-2.6964185,-2.4864185,-2.0764184,-2.3564184,-1.7464185,-1.6164185,-2.0264184,-2.3164184,-2.7364185,-3.3364184,-2.1864185,-2.9664185,-2.3664184,-2.8564184,-3.8764184,-4.8064184,-5.3964186,-5.4564185,-6.7364182,-6.256418,-2.5364184,-1.5264184,-0.85641843,-0.9964185,-0.44641846
2.1735816,2.0835814,1.7135816,2.0935814,3.3835816,3.4135816,3.5135815,3.1235816,2.6335816,1.9235816,0.96358156,0.07358155,-0.6164185,-1.2964184,-1.2864184,-2.2264185,-2.2064185,-2.2064185,-0.57641846,-1.2164185,-0.51641846,-0.76641846,-1.3464185,-1.4464184,-2.5064185,-3.1764185,-2.4864185,-2.5464184,-2.0164185,-2.0364184,-3.2664185,-4.2364182,-3.8364184,-4.3564186,-4.0564184,-5.0664186,-4.3964186,-3.4464185,-2.2564185,-2.2064185,-1.2564185
3.1835816,3.5435815,2.7335815,1.9635816,1.2235816,1.5335815,3.0235815,2.8735816,3.4635816,2.0435815,0.37358153,-0.23641846,1.3635815,0.83358157,-0.17641845,-0.63641846,-0.58641845,0.053581543,0.09358154,-0.71641845,-0.04641846,0.21358155,-0.30641845,-2.1564186,-1.7564185,-1.1064185,-1.3864185,-2.1264184,-2.1264184,-1.8664185,-1.9664185,-2.9664185,-2.8764184,-3.0664184,-3.2664185,-3.3664184,-3.6264184,-2.4164186,-2.6564186,-2.2264185,-1.8564185
4.243582,4.4335814,4.9735813,4.0935817,3.2535815,2.9635816,2.5735815,1.9335816,1.0535816,2.1335816,0.21358155,0.15358154,0.66358155,1.8935815,1.9735816,1.3135816,0.59358156,0.99358153,2.0235815,2.0535815,1.8735815,0.64358157,-0.056418456,-0.9864185,-1.6464185,-0.026418457,-0.04641846,-2.0464184,-1.6464185,0.5035815,-1.1164185,-1.5464184,-2.5064185,-2.6464186,-2.6764185,-2.5864184,-2.4964185,-2.0664184,-1.6164185,-1.5564184,-2.3764184
2.7135816,4.4835815,3.8735816,4.243582,3.3035815,2.2335815,1.8335816,2.3435814,2.2935815,1.7135816,1.1135815,-0.39641845,-0.5564185,-0.6264185,2.2035816,2.2735815,1.9335816,1.4635816,1.8135816,1.8235816,1.8235816,0.97358155,-0.13641846,-0.88641846,0.27358153,1.1735816,0.59358156,0.64358157,0.38358155,0.58358157,1.2335815,-0.21641846,-1.4064184,-1.8164184,-2.0964184,-1.4764185,-1.7864184,-1.9464184,-0.9864185,-0.6164185,-0.44641846
