wind_kz.json
{"header": {"discipline":0,"disciplineName":"Meteorological products","gribEdition":2,"gribLength":1025,"center":7,"centerName":"US National Weather Service - NCEP(WMC)","subcenter":0,"refTime":"2024-04-07T12:00:00.000Z","significanceOfRT":1,"significanceOfRTName":"Start of forecast","productStatus":0,"productStatusName":"Operational products","productType":1,"productTypeName":"Forecast products","productDefinitionTemplate":0,"productDefinitionTemplateName":"Analysis/forecast at horizontal level/layer at a point in time","parameterCategory":2,"parameterCategoryName":"UnknownDiscipline_0_Category_2","parameterNumber":2,"parameterNumberName":"UnknownParameter_D0_C2_2","parameterUnit":"Unknown","genProcessType":2,"genProcessTypeName":"Forecast","forecastTime":0,"surface1Type":103,"surface1TypeName":"Specified height level above ground","surface1Value":10.0,"surface2Type":255,"surface2TypeName":"Missing","surface2Value":0.0,"gridDefinitionTemplate":0,"gridDefinitionTemplateName":"Latitude_Longitude","numberPoints":615,"shape":6,"shapeName":"Earth spherical with radius of 6,371,229.0 m","gridUnits":"degrees","resolution":48,"winds":"true","scanMode":64,"nx":41,"ny":15,"basicAngle":0,"lo1":47.0,"la1":41.0,"lo2":87.0,"la2":55.0,"dx":1.0,"dy":1.0}, "data":
[rows 0 to 14 of 15, columns 0 to 40 of 41]
-0.98177737,1.2782227,-2.4317772,-1.9517773,-0.36177734,-0.021777343,-1.8917774,-1.3517773,-4.2817774,-2.4817774,-2.5117774,-1.4117774,-1.7117773,-1.8217773,-1.4617773,-2.1817772,-1.5617774,-2.7717774,-3.8017774,-5.521777,-5.9217772,-2.4817774,-0.44177735,0.99822265,-1.9517773,-0.9017773,0.28822267,1.2682227,3.6482227,4.4282227,1.4282227,-0.18177734,0.20822266,2.2682226,-4.0317774,-1.9817773,-1.2817774,-0.80177736,0.63822263,-0.76177734,-0.74177736
-0.25177735,-3.2617774,-3.2717774,-0.81177735,0.47822267,1.4682226,-3.9017773,-5.0117774,-2.5117774,-1.5117774,-0.16177735,0.008222656,0.91822267,0.34822264,-1.7917774,1.5082227,-1.4917773,-3.4417772,-4.501777,-5.271777,-4.5317774,-4.4117775,-1.3217773,-2.8317773,-0.20177734,-0.18177734,0.5282227,0.63822263,-0.27177733,0.14822266,-0.18177734,1.3282226,0.18822266,2.7082226,1.8882227,-1.2217773,-0.50177735,0.048222657,1.3782227,-1.1017773,0.45822266
-5.561777,-3.6917772,-2.2617774,-0.5417774,2.5382226,0.7082226,-0.56177735,-1.0817773,-0.47177735,0.97822267,0.46822265,1.4882226,1.7482227,2.5782228,0.97822267,4.018223,2.7082226,1.3682227,-1.7917774,-3.3617773,-2.7617774,-3.0517774,-1.6917773,-2.9217772,-0.44177735,-0.23177734,-1.8317773,0.13822265,0.57822263,0.93822265,0.85822266,-0.8517773,0.73822266,3.7682226,2.5082226,0.63822263,0.18822266,-0.75177735,-2.3117774,1.2482227,-1.0817773
-5.8817773,-3.5117774,-2.5317774,0.36822265,4.5682225,2.5382226,0.16822265,4.1082225,1.9682226,0.12822266,2.1582227,3.1882226,0.35822266,2.6882226,2.7982225,7.038223,3.0082226,1.7582227,1.0082227,-0.58177733,-0.16177735,1.0382227,-1.8417773,-1.4517773,-0.99177736,0.36822265,0.17822266,-0.33177733,2.5582228,1.4982227,1.4482226,3.2382226,5.9882226,0.93822265,5.518223,3.0682228,0.38822266,-1.7517773,-0.031777345,0.85822266,0.92822266
-3.7017775,-1.5617774,0.18822266,1.3882227,2.5782228,5.3582225,4.2982225,5.1782227,5.8882227,6.228223,6.228223,6.2582226,1.0582227,2.3582227,4.0782228,5.9482226,2.8982227,2.9682226,2.8782227,3.0082226,0.41822267,-1.0017773,-0.061777342,-2.0717773,-1.6617774,-1.7417773,-0.74177736,-1.8417773,1.8382226,1.5082227,2.7282226,-1.4617773,0.81822264,0.7082226,0.47822267,1.4882226,9.278223,0.67822266,2.0282226,5.6282225,1.8782227
1.8982227,3.9482226,2.4282227,3.0582228,2.8282228,3.7282226,5.6282225,6.9082227,7.288223,7.248223,7.4682226,7.0882225,1.5182227,1.9282227,3.8082228,4.6282225,8.748222,4.5982227,4.3882227,1.6382227,1.9982227,2.9082227,0.73822266,2.2882226,-0.20177734,5.8382225,-1.7017773,-1.4217774,2.7482226,4.1982226,4.3382225,1.7382226,3.6982226,3.6882226,1.1882226,1.0082227,6.2382226,7.4082227,7.248223,-1.3617773,2.2882226
2.7782226,4.4482226,5.5982227,7.058223,6.8682227,6.1482224,7.1382227,7.208223,7.2182226,7.8682227,7.9282227,7.808223,7.6982226,4.9682226,5.1482224,5.268223,4.8382225,4.9182224,5.558223,4.458223,1.5682226,2.9382226,0.56822264,1.0582227,1.3782227,2.2182226,2.5682228,2.4082227,3.9082227,6.228223,6.1582227,5.808223,6.018223,4.4082227,3.5482225,3.1482227,-0.041777343,1.3482226,2.7482226,-0.7217773,5.2182226
3.9482226,3.0982227,3.1782227,4.3282228,5.9682226,5.8882227,7.7782226,7.3482227,6.5882225,8.018223,8.018223,7.8582225,7.2782226,6.6482224,3.3882227,4.6982226,6.558223,7.2982225,4.958223,2.1282227,1.6382227,3.1582227,1.2882227,1.5882226,1.7582227,0.41822267,1.8982227,0.27822265,3.1482227,1.3482226,2.4682226,2.1882226,2.2382226,-3.0417774,0.5882227,2.3382227,0.79822266,2.8782227,6.038223,5.0782228,5.0482225
3.0282226,2.8482227,4.3482227,3.8782227,5.0682225,6.9882226,5.288223,6.8882227,4.2382226,7.308223,7.9682226,7.7382226,7.8182225,5.9182224,0.20822266,2.3282228,2.0782228,-3.1417773,-1.4917773,2.6682227,1.1682227,6.6682224,1.8482226,1.6082226,-0.37177736,0.27822265,0.67822266,0.06822266,1.7582227,0.45822266,-3.2317774,-3.5417774,-0.5317773,-0.88177735,0.22822265,0.86822265,1.1982226,-1.6617774,0.13822265,1.2882227,0.35822266
2.9382226,3.6382227,2.8182228,4.3382225,3.3182228,5.058223,4.7982225,5.8482227,5.2782226,6.5882225,8.078222,6.748223,4.1382227,3.8982227,1.4882226,-1.3717773,2.4882226,-0.81177735,2.6682227,1.7682227,1.9882226,1.6482227,-4.9917774,-3.1117773,-1.5417774,-5.001777,-4.021777,-3.0117774,-2.4417772,-2.8517773,0.058222655,2.2982225,3.4482226,3.4482226,4.3482227,-0.28177735,1.3382226,0.46822265,0.68822265,1.2382226,-0.061777342
3.4282227,4.0982227,2.2282226,3.3282228,1.3982227,2.7682226,4.2382226,5.3282228,5.538223,6.768223,4.248223,4.0482225,2.1582227,-0.0017773438,-3.8717773,-4.0517774,-0.16177735,-1.4017774,-4.041777,-4.3917775,-5.981777,-5.751777,-5.3317776,-4.9917774,-4.3917775,-3.6417773,-3.4717774,-2.4017773,-2.0517774,-0.021777343,0.7782227,2.7182226,3.6982226,4.1582227,4.3982224,-0.87177736,0.26822266,1.4282227,-0.031777345,0.7082226,0.49822265
3.2182226,2.3082228,2.7282226,2.5182226,4.6782227,3.9482226,1.0882226,2.1582227,4.1682224,1.7982227,-2.5017774,-3.4117773,-2.6717772,-1.9917773,-2.1517773,-2.6517773,-3.4017773,-2.9617774,-4.8317776,-5.1717772,-5.5917773,-5.251777,-4.9717774,-3.7017775,-4.6017776,-4.3017774,-3.4317772,-2.8317773,-2.2017775,-1.2617774,-1.9317774,-0.45177734,-0.11177734,1.2882227,-0.12177734,0.7182227,1.4382226,3.3282228,2.6582227,1.0682226,0.68822265
3.2982225,3.6282227,2.8882227,3.1182227,2.9182227,3.2582226,3.3082228,0.39822266,-1.3017774,-2.0817773,-1.4717773,-2.4517775,-1.2117773,-3.9717774,-3.6417773,-4.7617774,-4.9117775,-4.5917773,-4.961777,-4.961777,-4.3317776,-3.5817773,-3.0717773,-3.7217774,-3.8817773,-3.8317773,-2.9017773,-2.8917773,-2.8117774,-2.1817772,-2.7617774,-2.6317773,-3.1517773,-3.1817772,-2.6817772,-2.2517774,-1.3817773,-0.08177734,0.17822266,1.6482227,-0.67177737
4.3882227,3.9182227,3.0182226,4.2582226,2.8982227,3.2082226,2.5782228,1.7582227,2.3582227,-0.44177735,-1.4117774,-1.3717773,-0.83177733,-1.0417774,-1.4817773,-3.7617774,-3.4917774,-4.2417774,-4.8417773,-4.6417775,-4.5717773,-3.8617773,-4.4717774,-4.8217773,-4.4017773,-4.3917775,-4.1817775,-4.1617775,-3.8117774,-4.2417774,-3.4317772,-3.6217773,-3.6517773,-3.1317773,-3.2917774,-3.2517774,-2.4817774,-2.0217774,-1.7917774,-0.52177733,3.4782226
4.058223,5.3982224,4.0782228,4.538223,3.4882226,2.3782227,3.1082227,2.5782228,2.2582226,0.26822266,-1.0117774,-0.80177736,-1.1117773,0.028222656,-1.7217773,-2.2517774,-3.6017773,-3.4317772,-3.9817774,-4.2017775,-4.251777,-4.2017775,-4.001777,-4.231777,-4.0117774,-4.3417773,-4.5817776,-4.2017775,-4.3017774,-4.4917774,-4.6017776,-4.5317774,-3.9917774,-3.6417773,-3.0317774,-3.1617773,-2.8517773,-2.7817774,-0.70177734,-1.2917774,-0.28177735
