wind_kz.json
{"header": {"discipline":0,"disciplineName":"Meteorological products","gribEdition":2,"gribLength":948,"center":7,"centerName":"US National Weather Service - NCEP(WMC)","subcenter":0,"refTime":"2023-09-25T00:00:00.000Z","significanceOfRT":1,"significanceOfRTName":"Start of forecast","productStatus":0,"productStatusName":"Operational products","productType":1,"productTypeName":"Forecast products","productDefinitionTemplate":0,"productDefinitionTemplateName":"Analysis/forecast at horizontal level/layer at a point in time","parameterCategory":2,"parameterCategoryName":"UnknownDiscipline_0_Category_2","parameterNumber":3,"parameterNumberName":"UnknownParameter_D0_C2_3","parameterUnit":"Unknown","genProcessType":2,"genProcessTypeName":"Forecast","forecastTime":120,"surface1Type":103,"surface1TypeName":"Specified height level above ground","surface1Value":10.0,"surface2Type":255,"surface2TypeName":"Missing","surface2Value":0.0,"gridDefinitionTemplate":0,"gridDefinitionTemplateName":"Latitude_Longitude","numberPoints":615,"shape":6,"shapeName":"Earth spherical with radius of 6,371,229.0 m","gridUnits":"degrees","resolution":48,"winds":"true","scanMode":64,"nx":41,"ny":15,"basicAngle":0,"lo1":47.0,"la1":41.0,"lo2":87.0,"la2":55.0,"dx":1.0,"dy":1.0}, "data":
[rows 0 to 14 of 15, columns 0 to 40 of 41]
1.069441,-1.7805591,0.9794409,1.6394409,0.019440917,0.71944094,0.4094409,0.7294409,-0.14055908,-0.21055909,-0.9505591,0.019440917,-0.53055906,-0.5005591,-0.8805591,-0.8305591,-0.11055908,-1.0105591,-2.260559,-1.5205591,-0.36055908,0.3394409,-0.5805591,-1.2405591,-3.850559,-0.15055908,-2.4005592,1.679441,-0.6305591,-1.190559,0.44944093,1.449441,0.9494409,1.2594409,1.1094409,0.8294409,1.1394409,-0.2505591,1.329441,3.729441,2.249441
2.019441,0.4694409,1.7394409,0.8094409,1.4694409,1.2194409,-0.4705591,0.20944092,-0.65055907,0.89944094,-0.23055908,-0.84055907,-0.6905591,-0.60055906,-2.040559,-0.2805591,0.47944093,-1.0005591,-1.3505591,-1.8505591,-1.3405591,-2.300559,0.5794409,1.7494409,1.3694409,2.5994408,0.45944092,2.439441,0.0094409175,2.2994409,0.41944093,0.6694409,1.0494409,-0.09055908,-0.9205591,-0.2805591,-0.4405591,-0.85055906,-0.4705591,-1.8405591,0.34944093
0.9994409,2.1094408,1.0294409,1.209441,0.069440916,-0.60055906,-0.23055908,-1.570559,-0.5505591,0.78944093,0.21944092,0.6394409,-0.27055907,-0.5705591,-0.9805591,-1.170559,0.09944092,2.269441,2.639441,0.64944094,-1.5005591,-1.2105591,0.84944093,1.2194409,1.0494409,-0.08055908,-5.59082E-4,3.3594408,-1.410559,-0.7305591,-0.91055906,-0.7605591,-1.300559,-1.2605591,-0.53055906,-0.30055907,-1.9805591,-2.1905591,-0.100559086,0.3094409,0.9194409
0.26944092,0.6794409,1.2394409,0.26944092,-0.8105591,-0.5205591,-0.030559082,0.069440916,0.18944092,-0.24055909,1.059441,0.5494409,-0.4105591,-0.8005591,-1.3705591,-2.560559,-1.8405591,0.14944091,2.8194408,0.6294409,-0.32055908,0.28944093,-0.5705591,-5.59082E-4,0.9394409,1.1294409,0.52944094,0.5794409,1.829441,3.1094408,2.679441,-1.7005591,0.9294409,5.019441,-0.11055908,0.20944092,0.9994409,2.2794409,-0.5605591,0.22944091,1.3594409
-0.29055908,-0.19055909,-0.20055908,-0.13055909,0.3394409,-0.030559082,-0.030559082,0.47944093,0.6394409,-0.32055908,0.6094409,0.31944093,0.29944092,-2.060559,-2.310559,-1.6205591,-1.320559,-0.45055908,3.489441,1.329441,-1.160559,-0.5105591,0.42944092,0.5494409,-0.24055909,-1.0305591,0.25944093,1.709441,2.1094408,1.7594409,3.379441,3.3494408,2.709441,0.08944092,-0.19055909,-1.8905591,-2.100559,0.15944092,-1.820559,-1.0105591,-0.8805591
0.29944092,-0.09055908,0.8794409,0.7594409,0.8894409,-0.3105591,-0.8605591,-0.4105591,-1.0205591,-0.7505591,-0.97055906,-0.5205591,-1.7705591,-0.59055907,-2.270559,-2.840559,-2.760559,3.229441,2.8094409,1.8794409,-0.79055905,-0.96055907,-0.59055907,-1.4505591,-1.2205591,-1.790559,-2.480559,-0.39055908,-2.730559,-0.9505591,0.77944094,4.049441,1.9994409,1.0094409,2.679441,0.8194409,-0.100559086,-0.7705591,0.41944093,-0.5005591,-0.8205591
1.959441,1.589441,0.59944093,0.41944093,-0.8105591,-0.7505591,-0.84055907,-0.8305591,-1.0005591,-1.190559,-0.9305591,-0.27055907,-1.920559,-1.8805591,-1.2505591,-1.3905591,-2.350559,1.4194409,2.259441,1.5194409,0.7394409,0.9194409,0.09944092,0.3694409,-0.13055909,-0.7705591,0.26944092,-0.070559084,-1.810559,-2.2005591,-2.510559,-1.9705591,5.4394407,5.6694407,1.329441,1.0494409,-2.350559,0.8194409,1.679441,0.8894409,1.8594409
2.889441,2.2994409,0.8294409,0.84944093,0.8094409,0.15944092,0.09944092,-0.3805591,-0.29055908,-0.8105591,-0.26055908,-0.19055909,-0.7505591,-1.2105591,-2.050559,-1.0105591,-0.17055908,-0.020559082,0.48944092,0.8094409,-5.59082E-4,0.34944093,0.31944093,1.3894409,-0.21055909,-5.59082E-4,-0.11055908,0.38944092,0.47944093,-2.360559,-2.780559,-2.6705592,-1.5005591,1.939441,2.739441,1.6394409,6.249441,3.679441,-0.6805591,1.4994409,-2.000559
2.139441,3.0394409,1.4694409,0.23944092,0.90944093,0.6294409,0.44944093,0.31944093,0.35944092,0.65944093,0.13944092,0.09944092,-0.18055908,0.109440915,-0.60055906,-0.79055905,0.42944092,1.7694409,2.0294409,1.2894409,2.159441,0.8794409,0.53944093,0.44944093,0.5094409,-1.170559,-0.2505591,0.9294409,1.699441,0.77944094,-1.320559,-3.570559,-2.4305592,-1.410559,-2.070559,-1.4905591,0.0094409175,4.069441,3.409441,1.4894409,1.2794409
0.84944093,0.70944095,1.339441,0.89944094,0.5494409,0.3394409,0.07944092,0.70944095,0.78944093,1.179441,1.2494409,0.8894409,1.4094409,0.59944093,0.9994409,0.6294409,0.3694409,-0.09055908,2.749441,2.879441,2.199441,1.9194409,0.6794409,0.29944092,-0.4105591,-0.5705591,0.0094409175,0.9394409,1.429441,1.4094409,1.4994409,1.559441,-1.0205591,-2.070559,-1.4505591,-0.24055909,2.5594409,-0.7505591,2.0294409,4.9794407,4.519441
0.59944093,0.049440917,-0.05055908,-0.11055908,0.109440915,0.5194409,0.9394409,0.89944094,0.8294409,0.6994409,1.309441,1.6294409,-0.27055907,0.8894409,-0.49055907,-5.59082E-4,0.35944092,1.4894409,0.6294409,2.939441,3.8594408,2.0494409,1.2594409,1.699441,0.5194409,-0.78055906,0.019440917,0.4694409,1.589441,1.7394409,1.5194409,1.059441,-0.16055909,-1.0805591,-1.8405591,-0.3705591,2.369441,2.499441,2.899441,2.269441,-0.84055907
0.20944092,1.059441,0.8094409,0.24944092,0.32944092,0.7294409,0.70944095,0.77944094,0.3394409,0.26944092,0.96944094,0.8094409,1.079441,1.059441,0.5194409,0.42944092,-0.040559083,0.25944093,0.9494409,1.8494409,4.879441,4.049441,2.0994408,2.119441,2.0294409,0.8594409,1.2194409,-0.2505591,-0.21055909,1.3594409,1.689441,1.459441,0.6794409,-0.09055908,-1.2305591,-0.08055908,2.7894409,3.3394408,-0.010559082,2.509441,0.83944094
0.59944093,0.6094409,0.21944092,0.52944094,0.3694409,0.3094409,0.7494409,1.2294409,0.3994409,1.2694409,1.3994409,0.7494409,1.7994409,1.0994409,1.0294409,0.6794409,0.03944092,0.38944092,1.2894409,1.2694409,2.949441,3.919441,1.699441,2.8194408,1.459441,0.7994409,0.78944093,0.9894409,0.24944092,1.4794409,1.8494409,1.4194409,1.1194409,-0.23055908,-1.420559,-1.9705591,-0.040559083,3.5994408,3.939441,1.4194409,1.9194409
1.0094409,0.65944093,0.019440917,0.0094409175,0.05944092,0.20944092,0.6794409,1.2494409,1.2394409,2.209441,0.9994409,0.9294409,0.65944093,1.3794409,0.6294409,0.7294409,1.2494409,1.3494409,1.199441,1.5194409,2.149441,3.369441,2.939441,2.369441,1.5994409,0.8094409,0.29944092,0.9994409,0.8694409,1.3994409,0.8294409,0.7294409,-0.36055908,-0.54055905,-2.6405592,-2.770559,1.4894409,2.7794409,1.8994409,2.0994408,2.5694408
1.2594409,0.35944092,-0.070559084,0.09944092,-0.19055909,0.6294409,0.52944094,0.5094409,0.9394409,0.5694409,1.679441,1.1394409,1.3594409,0.13944092,-0.24055909,-0.2805591,0.35944092,0.8694409,1.7994409,1.699441,1.6594409,2.3094409,2.639441,2.729441,2.159441,0.77944094,0.4994409,-0.11055908,0.8294409,0.8294409,0.53944093,0.83944094,0.3094409,0.07944092,-1.320559,-3.520559,-1.6405591,-0.3805591,0.21944092,0.3694409,0.48944092
