wind_kz.json
{"header": {"discipline":0,"disciplineName":"Meteorological products","gribEdition":2,"gribLength":871,"center":7,"centerName":"US National Weather Service - NCEP(WMC)","subcenter":0,"refTime":"2023-09-29T18:00:00.000Z","significanceOfRT":1,"significanceOfRTName":"Start of forecast","productStatus":0,"productStatusName":"Operational products","productType":1,"productTypeName":"Forecast products","productDefinitionTemplate":0,"productDefinitionTemplateName":"Analysis/forecast at horizontal level/layer at a point in time","parameterCategory":0,"parameterCategoryName":"UnknownDiscipline_0_Category_0","parameterNumber":0,"parameterNumberName":"UnknownParameter_D0_C0_0","parameterUnit":"Unknown","genProcessType":2,"genProcessTypeName":"Forecast","forecastTime":240,"surface1Type":1,"surface1TypeName":"Ground or water surface","surface1Value":0.0,"surface2Type":255,"surface2TypeName":"Missing","surface2Value":0.0,"gridDefinitionTemplate":0,"gridDefinitionTemplateName":"Latitude_Longitude","numberPoints":615,"shape":6,"shapeName":"Earth spherical with radius of 6,371,229.0 m","gridUnits":"degrees","resolution":48,"winds":"true","scanMode":64,"nx":41,"ny":15,"basicAngle":0,"lo1":47.0,"la1":41.0,"lo2":87.0,"la2":55.0,"dx":1.0,"dy":1.0}, "data":
[rows 0 to 14 of 15, columns 0 to 40 of 41]
287.23993,277.93994,284.43994,293.53995,293.23993,292.13995,290.43994,291.93994,289.03995,289.93994,289.73993,292.03995,291.93994,291.43994,291.33994,288.93994,288.83994,289.83994,288.93994,289.03995,289.63995,288.03995,287.33994,280.83994,286.43994,288.13995,285.43994,273.83994,272.83994,271.23993,272.53995,270.83994,281.83994,289.73993,290.13995,290.23993,289.03995,289.63995,290.53995,290.93994,288.23993
266.33994,284.23993,293.13995,293.23993,293.13995,291.53995,288.53995,288.43994,287.73993,288.13995,288.73993,287.83994,288.83994,288.03995,287.53995,287.53995,286.93994,287.33994,286.73993,286.13995,285.93994,288.23993,284.63995,277.63995,270.63995,274.93994,280.13995,272.53995,273.43994,271.43994,276.63995,269.63995,276.13995,252.03995,271.73993,285.83994,283.53995,286.93994,291.03995,284.23993,283.53995
285.43994,292.63995,293.03995,292.43994,290.83994,287.33994,286.83994,287.43994,285.73993,285.93994,285.53995,285.73993,284.93994,286.03995,287.63995,286.13995,284.23993,283.03995,284.03995,284.03995,284.93994,285.93994,283.73993,281.03995,284.33994,284.83994,286.33994,285.73993,283.93994,276.43994,267.53995,271.33994,278.73993,277.33994,279.63995,278.43994,273.63995,274.63995,275.73993,271.43994,271.53995
289.93994,291.83994,292.53995,291.53995,289.63995,287.13995,288.13995,285.83994,286.53995,286.43994,285.73993,285.43994,289.43994,288.73993,286.33994,284.03995,285.23993,284.23993,283.53995,283.23993,283.93994,280.03995,286.43994,287.43994,286.53995,287.63995,288.33994,285.03995,285.43994,287.63995,286.73993,282.63995,286.23993,285.33994,285.63995,280.63995,274.13995,269.53995,275.43994,283.83994,288.23993
289.63995,291.13995,291.53995,290.53995,289.03995,287.13995,288.13995,287.23993,286.93994,286.53995,286.13995,285.73993,288.23993,287.13995,285.83994,285.03995,284.93994,285.33994,283.73993,286.23993,286.83994,287.53995,286.63995,287.23993,287.23993,287.53995,285.93994,286.83994,286.73993,286.83994,289.13995,286.83994,274.93994,266.53995,278.53995,286.53995,288.53995,291.13995,291.33994,292.93994,291.93994
287.23993,285.43994,289.73993,290.63995,290.43994,289.93994,285.73993,288.13995,286.73993,286.83994,287.13995,287.03995,287.73993,287.93994,286.73993,285.33994,286.93994,285.43994,285.63995,286.23993,285.63995,284.93994,286.03995,286.43994,286.73993,286.23993,286.93994,286.23993,287.73993,288.73993,287.93994,289.33994,286.83994,285.33994,284.33994,287.03995,279.83994,281.53995,288.93994,292.93994,291.53995
285.43994,284.33994,287.53995,287.63995,287.23993,285.23993,286.83994,286.23993,287.03995,287.63995,286.23993,285.83994,285.33994,285.13995,284.63995,284.73993,283.53995,283.73993,282.13995,282.13995,281.63995,282.63995,284.23993,283.63995,280.33994,284.53995,284.93994,287.03995,287.43994,286.73993,286.13995,287.13995,286.33994,287.53995,285.83994,284.53995,280.43994,278.13995,278.93994,278.33994,287.33994
285.43994,284.33994,283.03995,287.03995,288.23993,287.63995,286.73993,285.83994,284.53995,284.43994,283.23993,282.53995,281.03995,281.73993,281.93994,282.03995,281.53995,281.63995,280.73993,278.33994,278.73993,278.83994,279.73993,280.23993,280.73993,276.43994,277.63995,283.73993,283.43994,285.53995,283.73993,287.23993,287.23993,283.53995,283.83994,285.93994,286.43994,284.73993,284.73993,285.93994,286.03995
284.73993,284.83994,285.63995,284.93994,286.13995,285.53995,283.83994,283.53995,281.63995,279.73993,278.53995,277.73993,277.13995,278.43994,278.43994,279.23993,279.23993,278.93994,278.73993,277.83994,276.03995,275.83994,277.03995,277.33994,277.23993,277.53995,275.53995,275.93994,279.23993,281.13995,282.33994,284.13995,285.93994,286.43994,285.43994,284.43994,280.63995,281.83994,276.43994,275.23993,273.73993
284.83994,285.93994,285.83994,284.83994,284.53995,283.53995,281.43994,279.43994,278.63995,277.33994,276.13995,276.03995,276.73993,276.93994,276.83994,277.63995,277.93994,278.03995,277.63995,277.43994,275.93994,275.73993,276.63995,276.63995,276.43994,275.73993,277.33994,277.13995,277.63995,281.23993,283.03995,285.23993,287.73993,287.63995,287.63995,285.53995,282.13995,279.13995,276.93994,275.83994,272.43994
285.03995,284.53995,283.63995,282.93994,282.03995,280.73993,279.63995,277.53995,275.83994,274.43994,274.93994,275.23993,276.23993,275.53995,276.13995,276.33994,276.53995,277.73993,277.93994,276.93994,276.83994,276.33994,275.63995,275.93994,275.93994,277.63995,273.53995,276.23993,276.23993,277.83994,285.03995,285.53995,284.23993,285.03995,286.13995,286.23993,281.83994,279.23993,279.73993,278.53995,274.43994
281.83994,282.13995,281.03995,281.83994,281.53995,277.93994,276.03995,275.13995,275.33994,274.43994,272.33994,273.73993,275.03995,274.33994,274.83994,275.63995,277.83994,278.03995,277.53995,275.33994,275.63995,275.03995,275.03995,275.03995,274.43994,275.63995,277.83994,279.23993,279.83994,279.43994,278.73993,283.73993,284.13995,283.03995,283.13995,284.43994,285.73993,287.43994,283.43994,283.73993,281.33994
282.63995,278.23993,282.13995,280.23993,280.23993,277.13995,275.33994,274.53995,273.23993,272.73993,271.13995,270.93994,273.63995,273.43994,274.93994,277.53995,278.43994,278.23993,278.83994,277.43994,276.43994,274.23993,274.03995,273.43994,274.63995,275.63995,276.73993,277.83994,278.73993,279.33994,280.23993,279.83994,282.13995,283.23993,282.83994,282.63995,284.03995,285.43994,284.73993,283.43994,282.73993
279.13995,280.03995,283.73993,282.13995,278.13995,275.83994,274.53995,274.43994,273.93994,273.33994,269.73993,267.93994,270.53995,273.23993,275.53995,278.13995,278.43994,278.33994,278.13995,277.73993,278.23993,276.33994,274.53995,275.83994,275.63995,275.23993,275.13995,275.33994,275.83994,277.23993,277.43994,278.93994,279.13995,280.53995,281.93994,281.33994,282.03995,282.43994,284.53995,283.43994,283.13995
281.93994,281.53995,284.23993,280.73993,279.33994,277.23993,276.43994,274.83994,274.03995,273.53995,273.03995,270.63995,272.23993,275.33994,276.43994,276.93994,277.33994,277.33994,278.03995,277.33994,277.53995,276.93994,275.33994,274.73993,274.73993,274.13995,274.23993,274.23993,274.53995,274.43994,275.83994,280.03995,275.63995,277.23993,278.83994,280.73993,282.13995,281.93994,282.83994,284.93994,284.23993
