wind_kz.json
{"header": {"discipline":0,"disciplineName":"Meteorological products","gribEdition":2,"gribLength":1025,"center":7,"centerName":"US National Weather Service - NCEP(WMC)","subcenter":0,"refTime":"2023-08-24T00:00:00.000Z","significanceOfRT":1,"significanceOfRTName":"Start of forecast","productStatus":0,"productStatusName":"Operational products","productType":1,"productTypeName":"Forecast products","productDefinitionTemplate":0,"productDefinitionTemplateName":"Analysis/forecast at horizontal level/layer at a point in time","parameterCategory":2,"parameterCategoryName":"UnknownDiscipline_0_Category_2","parameterNumber":3,"parameterNumberName":"UnknownParameter_D0_C2_3","parameterUnit":"Unknown","genProcessType":2,"genProcessTypeName":"Forecast","forecastTime":300,"surface1Type":103,"surface1TypeName":"Specified height level above ground","surface1Value":10.0,"surface2Type":255,"surface2TypeName":"Missing","surface2Value":0.0,"gridDefinitionTemplate":0,"gridDefinitionTemplateName":"Latitude_Longitude","numberPoints":615,"shape":6,"shapeName":"Earth spherical with radius of 6,371,229.0 m","gridUnits":"degrees","resolution":48,"winds":"true","scanMode":64,"nx":41,"ny":15,"basicAngle":0,"lo1":47.0,"la1":41.0,"lo2":87.0,"la2":55.0,"dx":1.0,"dy":1.0}, "data":
[rows 0 to 14 of 15, columns 0 to 40 of 41]
-0.28427735,1.2657226,-2.8542774,-5.254277,-4.9142776,-5.5342774,-6.294277,-4.1842775,-4.5342774,-4.6742773,-0.50427735,3.1557226,3.6657226,1.6357226,-0.094277345,-1.3142773,-3.0542774,-3.4642773,-2.3342774,-1.8542774,-4.334277,-1.5342773,-3.8742774,-0.15427734,1.8557227,0.35572267,1.0857227,1.6457226,-1.2942773,-3.3142774,-2.2042773,-3.4042773,-0.28427735,-6.7342772,-4.9042773,0.91572267,3.3757226,1.4157226,-2.0842774,-0.15427734,-2.9842772
-1.5242773,0.22572266,-2.8942773,-4.8042774,-5.504277,-6.084277,-6.7442775,-5.6942773,-3.9542773,-4.754277,-2.2242773,2.2457228,4.8857226,4.0757227,0.24572265,-0.51427734,-2.6542773,-0.98427737,-2.1242774,-3.2242773,-2.5342774,0.31572264,-0.5242773,2.8157227,2.1157227,0.7857227,1.7057227,1.3957226,-4.3942776,-2.7642775,-1.6442773,-1.3542774,-0.83427733,-2.1042774,-0.31427735,2.5857227,2.3057227,3.7857227,2.1957226,1.3357227,0.15572266
2.3457227,2.7257226,-3.6042774,-4.6942773,-4.084277,-4.9742775,-4.8242774,-5.3042774,-2.5642774,-2.6842773,-1.5842774,2.6757226,2.2257226,5.1057224,0.13572265,-1.5442773,-2.4642773,-4.0542774,-4.0942774,-3.9542773,-4.0342774,0.37572265,3.0957227,1.7757226,-1.8742774,-4.6142774,-3.7342772,-4.7442775,-3.3442774,-1.5842774,-3.1442773,1.1957227,-1.4542774,1.9357227,0.21572265,2.7357225,-2.2842774,-5.104277,-1.8242774,-0.40427735,-0.7142773
-2.9442773,-2.1842773,-3.1442773,-4.1342773,-1.9742774,-4.504277,-5.584277,-5.604277,-3.5942774,-3.2042773,-0.9042773,1.6157227,-2.7042773,-3.3542774,-4.4842772,-3.3242774,-1.5142773,-3.3042774,-4.4742775,-4.1642776,-5.004277,2.5157228,3.9957228,-0.014277344,1.5457226,-0.87427735,-1.7342774,-2.6542773,-3.4842772,-3.3042774,-2.7642775,-0.17427735,1.8357227,1.0357226,2.1157227,0.93572265,-1.4342773,-0.55427736,1.5057226,-1.8842773,-2.4742773
-3.2742774,3.9957228,0.73572266,-1.9342773,-4.3242774,-5.834277,-6.2842774,-3.8042774,-3.1042774,-1.6542773,-2.6642773,-2.2942774,3.2457228,1.8957226,1.0957227,0.47572267,-0.62427735,-0.98427737,-3.7942774,-3.6642773,-2.9642773,-1.0742774,-0.124277346,2.6957226,4.1357226,0.27572265,-0.7742773,-5.2042775,-3.6542773,-3.9342773,-4.6542773,-5.7242775,-0.92427737,-0.64427733,0.98572266,1.4657227,1.5957227,1.4457227,-0.86427736,-0.63427734,-2.5242774
-3.4042773,-2.3242774,7.2657228,4.1157227,1.0857227,-3.1842773,-4.4242773,-4.1142774,-3.5842774,-3.0542774,-2.9642773,-2.9242773,-1.8342774,5.7357225,5.3457227,1.9857227,3.4957228,1.0557227,0.37572265,-1.2642773,-2.6842773,0.47572267,2.5057228,3.1357226,3.2657228,1.8857226,0.025722656,-3.4142773,-1.7142774,-2.6142774,-3.0142775,-2.5642774,-2.8342774,-3.0642774,-1.2942773,0.19572265,-2.1142774,-5.294277,5.9657226,1.4957227,0.035722658
-2.8842773,-1.8542774,-3.3042774,-3.1742773,-2.4842772,-4.9042773,-4.9142776,-3.3442774,-3.6942773,-3.3142774,-1.6842773,-2.7042773,-4.4542775,-4.834277,-0.64427733,6.4257226,5.6357226,3.7257226,3.8957226,1.5857227,1.2557226,-0.14427735,0.19572265,0.6457226,1.2457227,1.5357226,3.6657226,1.9957227,0.40572265,-1.8942773,-2.7942774,-2.2442772,-2.3342774,-0.81427735,-0.014277344,2.2457228,1.8457227,-0.81427735,-0.64427733,1.6657226,-3.1342773
-3.4842772,-2.3442774,-3.3342774,-2.8942773,-3.1642773,-3.8442774,-4.4742775,-4.3042774,-3.8242774,-3.1942773,-3.4142773,-2.3242774,-4.7142773,-4.854277,-0.67427737,6.8457227,4.0257225,4.8557224,3.1057227,2.3757226,3.0257227,3.2157226,1.8657227,2.2057226,3.2057226,2.9857225,3.7457228,2.2057226,0.7257227,-1.8742774,-1.9842774,-2.7242773,-3.5442774,-4.0942774,-4.3442774,-1.0842774,0.43572265,1.0457226,2.0957227,1.0657227,-0.21427734
-3.3742774,-3.6542773,-2.7442772,-2.4942772,-2.1242774,-2.3942773,-3.2942774,-3.8342774,-4.544277,-4.1442776,-2.6642773,-2.7442772,-2.0242774,-5.794277,1.5957227,3.9057226,-4.0542774,-0.75427735,0.7757227,2.4657226,3.5257227,4.1357226,4.0757227,1.6857227,0.40572265,0.37572265,2.4257226,2.7957227,1.4857227,-1.1542773,-1.2242774,-2.3642774,-1.3242774,-2.5542774,-2.8342774,-2.8642774,2.1457226,-3.1442773,-2.1842773,-0.45427734,0.92572266
-5.7442775,-7.624277,-5.024277,-2.9942772,-2.5242774,-1.9542774,-1.1742773,-2.4942772,-3.3442774,-3.8642774,-2.6942773,-0.6542773,1.2657226,0.66572267,-2.8842773,-4.9242773,0.37572265,6.6157227,4.625723,1.5757227,-1.6242774,-2.7142773,-0.83427733,0.23572266,-1.1642773,-0.41427734,0.87572265,-0.26427734,-2.0442774,-1.7942773,-1.2942773,0.16572265,1.3657227,-0.5342773,-1.4742774,-1.3742774,-1.1842773,0.73572266,0.24572265,-0.25427735,-1.8142773
-4.754277,-3.8442774,-4.6542773,-7.6442776,-3.8842773,-5.9242773,-6.854277,-3.9642773,-1.0042773,-1.6842773,-1.9842774,-1.4942774,0.42572266,4.0857224,4.1057224,1.9557227,-3.1842773,-5.564277,-4.4642773,1.0957227,-2.5342774,-2.0842774,0.28572264,0.085722655,0.99572265,-1.3042773,-0.75427735,-4.6942773,-1.6642773,-2.9242773,-2.8442774,0.34572265,0.93572265,0.7757227,-0.79427737,-0.34427735,-1.5242773,-1.4042773,-2.1742773,-1.5142773,-0.18427734
-4.4442773,-5.3042774,-4.6442776,-4.564277,-3.8142774,-2.0042772,-4.7042775,-0.5242773,1.9157226,-0.7742773,0.44572267,-0.74427736,3.5257227,3.9357226,5.245723,5.0757227,4.9657226,3.1357226,0.95572263,-1.1742773,-1.4342773,0.29572266,1.3457227,0.30572265,1.8257227,2.4857225,1.2657226,-1.5242773,-2.6042774,-3.7042773,-4.064277,-0.39427733,1.2857226,1.7257227,1.9257226,1.2657226,-0.68427736,-0.7242773,-0.22427735,-0.26427734,-0.54427737
-4.1542773,-5.2342772,-6.7042775,-6.7042775,-5.544277,-3.9242773,-3.0242774,-0.46427736,-4.1842775,-1.1142774,-0.9042773,-0.7742773,0.5857227,1.3257227,3.3757226,3.9157226,4.395723,3.1357226,5.205723,3.4557226,2.3557227,1.3057227,1.5657227,1.3557227,-0.07427734,-1.5942774,-1.0442773,-0.7842773,-0.9742773,-1.5442773,0.7757227,-0.5942773,-1.4942774,-0.70427734,2.2057226,3.5357227,3.2657228,1.8357227,2.9657226,2.1857226,0.29572266
-4.254277,-3.9542773,-5.354277,-4.3942776,-3.0042772,-3.0542774,-2.3342774,-2.4842772,0.94572264,0.5857227,2.0957227,0.8357227,0.25572264,3.2257226,2.6557226,1.6457226,1.5257226,0.27572265,-0.28427735,-0.40427735,-1.6642773,0.37572265,2.0957227,1.8357227,2.6557226,2.7557228,1.4557227,0.63572264,-0.61427736,-1.5042773,-1.1142774,-1.0642773,-0.42427734,2.5557227,0.51572263,1.9257226,2.8257227,3.0357227,3.2857227,2.7257226,3.0557227
-2.8842773,-4.9942775,-6.4342775,-3.5742774,-2.9542773,-2.2542772,-2.3742774,-0.45427734,0.21572265,1.7757226,2.9757226,3.2557228,1.4857227,-0.55427736,1.3757226,0.42572266,0.92572266,1.2757226,0.87572265,0.87572265,-0.49427736,-1.9342773,-1.7342774,-0.99427736,-1.0842774,-1.0642773,-0.34427735,-0.6642773,-1.1142774,-1.7742773,-2.1242774,-0.06427734,0.115722656,-1.4142773,-2.3842773,3.8757226,4.5457225,4.4857225,4.8857226,5.0157228,2.3257227
