wind_kz.json
{"header": {"discipline":0,"disciplineName":"Meteorological products","gribEdition":2,"gribLength":1025,"center":7,"centerName":"US National Weather Service - NCEP(WMC)","subcenter":0,"refTime":"2023-09-26T18:00:00.000Z","significanceOfRT":1,"significanceOfRTName":"Start of forecast","productStatus":0,"productStatusName":"Operational products","productType":1,"productTypeName":"Forecast products","productDefinitionTemplate":0,"productDefinitionTemplateName":"Analysis/forecast at horizontal level/layer at a point in time","parameterCategory":2,"parameterCategoryName":"UnknownDiscipline_0_Category_2","parameterNumber":2,"parameterNumberName":"UnknownParameter_D0_C2_2","parameterUnit":"Unknown","genProcessType":2,"genProcessTypeName":"Forecast","forecastTime":0,"surface1Type":103,"surface1TypeName":"Specified height level above ground","surface1Value":10.0,"surface2Type":255,"surface2TypeName":"Missing","surface2Value":0.0,"gridDefinitionTemplate":0,"gridDefinitionTemplateName":"Latitude_Longitude","numberPoints":615,"shape":6,"shapeName":"Earth spherical with radius of 6,371,229.0 m","gridUnits":"degrees","resolution":48,"winds":"true","scanMode":64,"nx":41,"ny":15,"basicAngle":0,"lo1":47.0,"la1":41.0,"lo2":87.0,"la2":55.0,"dx":1.0,"dy":1.0}, "data":
[rows 0 to 14 of 15, columns 0 to 40 of 41]
-1.9565942,-0.61659425,1.6834058,-0.5265942,0.21340576,2.4434059,0.7834058,-3.6765943,-3.1565943,-1.5765942,-4.6365943,-2.2665942,-0.91659427,-1.3265942,0.04340576,0.113405764,-0.29659423,-1.2965943,-2.4265943,-1.5965942,-2.3465943,-1.3565942,-1.2265942,-1.2965943,-0.45659423,-1.8465942,-2.5865943,0.44340575,1.1234058,0.7934058,1.3534057,0.51340574,0.44340575,2.0234058,1.0134058,1.4734057,0.9634058,0.67340577,0.99340576,2.6334057,1.4034058
0.45340577,0.64340574,-2.6665943,-0.87659425,0.23340577,-1.0065942,-2.5865943,-4.2265944,-4.776594,-4.046594,-3.1565943,-2.6165943,-1.0965942,0.81340575,-0.7065942,-1.0265943,2.6134057,0.69340575,-0.40659425,-0.20659424,0.75340575,0.98340577,0.30340576,-1.8265942,0.013405762,1.0834057,-0.5965942,1.4734057,-3.0365942,0.08340576,0.06340576,0.17340577,1.2434058,-2.1265943,0.15340576,0.94340575,0.37340575,0.7934058,-1.4265943,1.2034057,2.8734057
-0.92659426,-4.186594,-2.7065942,-0.56659424,1.1334058,-2.7665942,-3.2765942,-2.9065943,-4.716594,-4.0565944,-2.4265943,-0.9565942,-0.44659424,-1.4165943,-1.9165943,-2.5865943,-4.236594,-4.126594,-2.6165943,-4.1765943,-6.396594,-6.2665944,-4.0965943,-4.2065945,-1.6765943,-2.8065941,-1.3765942,-1.2865943,-2.5965943,-0.61659425,0.42340577,1.5034058,0.13340576,0.45340577,-0.7865942,-1.1465943,0.48340577,-0.04659424,4.1334057,3.8034058,2.6634057
-3.8565943,-4.756594,-4.0565944,-3.7365942,-4.4565945,-3.2865942,-3.0265942,-3.5465941,-3.7765942,-3.2365942,-2.9765942,-2.0465941,-1.8465942,-2.1565943,-1.8865943,-3.0665941,-3.2565942,-3.2765942,-3.7365942,-4.106594,-3.2565942,-2.8465943,-2.5265942,-4.4765944,-4.1765943,-5.0965943,-3.6665943,-5.6765943,-3.5965943,-2.0665941,-1.0765942,-0.35659423,2.0734057,1.7334057,-2.2565942,-1.5265943,-2.0365942,2.8234057,1.8434057,1.4834057,1.6534058
-4.4765944,-6.046594,-5.586594,-5.796594,-4.646594,-3.7465942,-3.4565942,-3.0665941,-2.6365943,-1.9065943,-1.6065942,-1.8565942,-1.6365943,-2.6465943,-2.3465943,-2.2865942,-2.6565943,-2.8565943,-3.6265943,-3.6865942,-3.8965943,-4.0165944,-4.106594,-3.7065942,-3.8265944,-3.8465943,-4.236594,-2.7965941,-2.5065942,-2.2165942,-1.9965942,-0.94659424,-3.3465943,1.1134057,0.93340576,-1.5165943,7.303406,1.3134058,-2.6565943,2.9834058,-4.856594
-3.6465943,-3.0165942,-3.5365942,-3.7765942,-3.2865942,-3.5065942,-2.5765944,-1.8465942,-0.92659426,-1.0565943,-1.7165942,-2.3165941,0.5234058,-1.2265942,-1.9465942,-1.4865942,-1.4165943,-2.0465941,-3.0565941,-2.6965942,-2.4965942,-2.5265942,-3.6265943,-4.486594,-1.6965942,-2.6165943,-0.7165942,-1.0865942,0.83340573,1.4234058,0.81340575,-1.6765943,-2.4165943,-2.5965943,2.3134058,2.6034057,7.553406,7.473406,2.2634058,-3.8065941,-7.7065945
-1.9465942,-1.1965942,-1.1865942,0.25340575,1.6834058,2.5234058,0.47340575,-1.7365942,-2.3965943,-2.1165943,-1.6365943,-0.9065942,1.1134057,-0.47659424,-1.1065942,-1.9265943,-0.92659426,-0.12659425,-0.7065942,-2.7065942,-2.2665942,-3.3765943,-3.3665943,-3.3365943,-1.9065943,-1.2665943,-0.32659423,-1.2765943,-0.79659426,-3.6565943,-3.9865942,-5.026594,-3.8265944,-2.2365942,1.8534057,-1.5065942,-1.3265942,0.92340577,2.0634058,2.9734058,6.933406
-3.1565943,-2.8965943,-3.2465942,-2.4665942,-1.8965943,-1.8565942,-0.6465942,-0.49659425,1.6534058,2.3834057,1.1034057,2.4134057,2.1534057,-0.45659423,0.04340576,-0.28659424,-0.24659424,-0.20659424,-1.2665943,1.4434057,-2.3865943,-1.4165943,-0.91659427,0.023405762,1.4734057,0.57340574,-0.036594238,-1.0565943,-0.63659424,-1.9665942,-3.0465941,-2.6865942,-1.9965942,-1.1065942,-2.0665941,2.5634058,3.7534058,5.553406,4.763406,4.5434055,0.36340576
-2.4665942,-2.6465943,-2.9665942,-2.3965943,-0.99659425,-1.9465942,-1.1165942,0.013405762,-0.026594238,-0.7865942,0.74340576,0.70340574,-1.6365943,2.0734057,2.7334058,2.1534057,0.17340577,0.19340576,-0.38659424,-1.1165942,-0.69659424,-0.56659424,0.10340576,-0.67659426,-0.6565942,0.09340576,-0.0065942383,0.51340574,0.34340575,0.50340575,0.023405762,-0.18659423,-0.98659426,-0.30659425,0.81340575,0.94340575,0.67340577,-2.5365942,-2.0565941,1.9834057,-0.5365942
-2.0365942,-2.4665942,-1.2765943,-1.9865942,-2.2365942,-1.0765942,-0.7765942,-0.23659424,0.40340576,-1.1765943,-1.3665942,-1.7365942,0.92340577,-0.55659425,-0.22659424,1.5634058,2.8334057,1.7934058,2.1134057,2.6634057,2.6834059,2.5034058,2.4134057,2.3834057,2.6634057,0.38340577,-0.5265942,-0.29659423,-0.61659425,-0.27659425,0.013405762,-0.6565942,-2.4365942,-1.1065942,0.45340577,0.24340576,-1.0365943,-0.04659424,-3.2965941,-0.21659423,0.023405762
-2.9365942,-2.1165943,-0.8465942,-0.93659425,-1.5665942,-1.2465942,-0.79659426,-0.5265942,-1.8665942,-1.4565942,-1.2065942,1.0234058,-1.2065942,-3.2065942,-2.1465943,-1.4665942,-2.5565941,-1.0265943,2.3434057,2.9734058,3.7534058,3.3434057,3.2934058,2.5834057,0.93340576,1.6834058,1.1434058,-0.11659424,0.61340576,-1.7065942,-2.1265943,-3.0165942,-3.1065943,-2.4265943,-0.56659424,-1.2765943,-1.3765942,0.14340577,-0.75659424,1.4234058,-0.87659425
-1.7765943,-2.3965943,-0.9565942,-1.6065942,-0.82659423,-0.76659423,-1.7365942,-1.9965942,-0.75659424,-0.61659425,-1.6165942,-0.50659424,-3.1365943,-1.9565942,-0.37659425,-0.50659424,-1.5765942,-1.9165943,-0.98659426,1.1134057,2.0134058,1.1734058,1.8834058,1.5634058,3.2434058,3.0834057,2.7734058,-0.15659423,-1.0965942,-1.9165943,-2.3365943,-1.9165943,-1.6665943,-2.5765944,-1.9565942,-2.1865942,-2.8465943,-1.4065943,-0.75659424,0.13340576,0.34340575
-1.8765942,-0.86659425,-0.27659425,-1.0265943,-0.9665942,-1.3065943,-1.5565943,-1.2365942,-0.8965942,-0.12659425,-0.5265942,-0.7865942,-0.42659423,-1.1265942,0.41340578,-1.2565942,-0.27659425,1.0134058,0.5234058,0.49340576,-0.43659425,-0.7265942,1.1734058,2.4234056,3.0534058,1.4134058,-0.42659423,-1.8165942,-0.9565942,-1.3665942,-1.9465942,-1.8265942,-1.6865942,-1.4065943,-1.1365943,-0.81659424,-0.50659424,-0.63659424,0.12340576,0.23340577,-0.22659424
-1.0465943,-0.49659425,-0.12659425,-1.1865942,-0.7265942,-0.91659427,-0.94659424,-0.94659424,0.37340575,0.29340577,-0.5265942,0.14340577,0.5334058,0.16340576,0.08340576,0.6634058,0.63340575,0.68340576,0.8534058,1.1234058,0.75340575,-0.28659424,0.7234058,0.80340576,-0.56659424,0.47340575,2.6734056,0.45340577,-0.8465942,-0.7065942,-1.5865942,-1.1865942,-0.74659425,-0.56659424,-0.30659425,-0.14659424,0.5934058,0.9734058,0.37340575,0.7834058,0.32340577
0.36340576,0.36340576,1.2534058,0.37340575,0.26340577,-0.016594239,0.7934058,0.5334058,0.9634058,-1.2365942,-1.6665943,-0.50659424,0.8434058,1.3934058,1.5834057,1.6834058,1.7334057,1.8234057,1.6934057,2.0134058,0.08340576,1.2134057,0.8534058,0.9134058,0.38340577,0.8534058,0.87340575,1.1234058,0.94340575,-0.32659423,-0.25659424,-0.54659426,-0.066594236,0.16340576,0.55340576,1.2834058,0.48340577,1.4834057,1.5534058,0.7134058,-0.67659426
