wind_kz.json
{"header": {"discipline":0,"disciplineName":"Meteorological products","gribEdition":2,"gribLength":1025,"center":7,"centerName":"US National Weather Service - NCEP(WMC)","subcenter":0,"refTime":"2023-08-22T00:00:00.000Z","significanceOfRT":1,"significanceOfRTName":"Start of forecast","productStatus":0,"productStatusName":"Operational products","productType":1,"productTypeName":"Forecast products","productDefinitionTemplate":0,"productDefinitionTemplateName":"Analysis/forecast at horizontal level/layer at a point in time","parameterCategory":2,"parameterCategoryName":"UnknownDiscipline_0_Category_2","parameterNumber":2,"parameterNumberName":"UnknownParameter_D0_C2_2","parameterUnit":"Unknown","genProcessType":2,"genProcessTypeName":"Forecast","forecastTime":180,"surface1Type":103,"surface1TypeName":"Specified height level above ground","surface1Value":10.0,"surface2Type":255,"surface2TypeName":"Missing","surface2Value":0.0,"gridDefinitionTemplate":0,"gridDefinitionTemplateName":"Latitude_Longitude","numberPoints":615,"shape":6,"shapeName":"Earth spherical with radius of 6,371,229.0 m","gridUnits":"degrees","resolution":48,"winds":"true","scanMode":64,"nx":41,"ny":15,"basicAngle":0,"lo1":47.0,"la1":41.0,"lo2":87.0,"la2":55.0,"dx":1.0,"dy":1.0}, "data":
[rows 0 to 14 of 15, columns 0 to 40 of 41]
2.1288183,-0.90118164,-0.89118165,2.7988183,1.7388184,1.4888184,-7.0911818,-7.4311814,-6.5911818,-5.7311816,-5.5911818,-4.8311815,-4.4011817,-3.8911817,-2.6411817,-2.0411816,-2.3011816,-2.1911817,-1.6111816,0.31881836,-3.2711816,0.08881836,2.0688183,4.0788183,1.0588183,1.9888184,3.3088183,3.1188183,0.60881835,-0.25118163,-0.53118163,0.85881835,3.5488183,6.1388183,1.5788183,1.1488184,-5.6811814,-7.241182,-5.8311815,-2.7711816,-8.831182
-1.6211816,2.3588183,1.6488184,2.2688184,1.0488183,1.4688183,-6.6311817,-4.5011816,-4.5611815,-3.8711817,-4.5411816,-3.6211817,-2.7311816,-3.6511817,-3.0411816,-2.8111815,-1.9311817,-1.7211816,-1.9211817,-1.5511817,-1.5011816,1.1388184,0.90881836,1.9988184,1.5588183,-0.78118163,0.62881833,2.1088183,2.2488184,0.71881837,-0.32118165,-0.03118164,-0.57118165,2.0788183,0.29881835,3.7888184,-0.70118165,-6.7011814,-2.0311816,4.2688184,-0.51118165
-5.011182,-2.8911817,0.07881836,0.9488184,-0.47118163,2.4588184,-3.1711817,-2.9911816,-2.2911816,-1.8511816,-1.7511816,-1.2311816,-1.6011816,-2.0011816,-0.88118166,-0.53118163,-0.52118164,-0.87118167,-0.26118165,0.34881836,-0.97118163,2.8088183,2.6088183,3.3688183,0.09881836,-0.48118165,-1.1111816,-0.94118166,2.4388185,-0.64118165,-0.46118164,-0.10118164,0.26881835,-1.3111817,-1.3711816,0.008818359,-0.7911816,-0.8011816,-4.071182,-1.6511817,0.20881836
-5.1911817,-2.5611815,-2.5811815,0.56881833,4.0588183,3.2388184,1.7388184,2.7788184,1.2288184,1.3988184,1.0988183,0.59881836,-4.5811815,-2.3211815,2.2288184,1.0288184,0.5788184,1.9688183,2.1688185,2.8888183,2.6888185,1.7388184,0.18881837,1.7788184,3.6988184,2.2588184,3.0888183,2.7388184,-0.22118165,-4.551182,-3.6111817,-3.2511816,-1.7611816,-0.12118164,0.36881837,1.7588184,0.7088184,0.5188184,-1.5211816,-1.3711816,-1.9611816
-3.7411816,-0.5411816,-0.70118165,-1.7011817,-0.65118164,0.16881835,1.2188183,2.7288184,3.2088184,3.6688185,4.5588183,1.9288183,-1.9811816,-0.42118165,1.6988183,5.2988186,4.3088183,2.5088184,2.1488183,2.9788184,3.7688184,4.1088185,3.9488184,3.1488183,3.7988183,2.3788183,3.3188183,-0.021181641,-1.5811816,-2.5111816,0.73881835,-0.01118164,0.15881836,-0.20118164,-3.2811816,-2.6411817,1.8188183,0.7588184,-0.45118165,-1.2911817,0.5888184
0.99881834,3.5088184,2.7288184,0.73881835,0.92881835,1.6388184,3.5888183,3.4388185,4.4188185,4.4988184,4.2088184,3.1688185,0.80881834,0.65881836,4.1388183,5.428818,6.7288184,4.7088184,5.3088183,3.6888185,4.0988183,5.028818,5.3488183,4.7488184,4.6588182,4.2088184,2.4688184,-4.6411815,0.52881837,-0.56118166,1.1388184,-0.64118165,0.9488184,-1.4511817,-2.4211817,3.2588184,-2.1811817,-0.65118164,-3.3711817,-7.6411815,-4.6411815
-1.3411816,-1.4411817,-0.89118165,-1.4011817,0.81881833,3.0088184,4.3888183,4.7688184,4.218818,4.0888186,2.9288185,0.62881833,3.3788183,4.5688186,7.1588182,7.5188184,6.7688184,6.5888186,6.6288185,5.9088182,5.7988186,5.0188184,6.1688185,6.4188185,5.988818,5.3488183,5.0988183,3.1688185,0.8288184,2.2288184,2.2888184,2.0388184,2.6188183,-0.70118165,2.4088182,1.2188183,0.80881834,0.90881836,-0.47118163,1.0888183,1.7888184
-2.2111816,-1.8611816,-1.3811816,-0.94118166,-0.53118163,0.40881836,0.56881833,1.0588183,2.2888184,3.0588183,5.178818,7.8488183,9.548819,7.198818,6.0888186,7.258818,7.0688186,6.2088184,7.678818,7.6288185,9.708818,7.3988185,5.678818,5.3488183,3.8088183,4.2888184,5.448818,5.758818,5.8888183,5.0988183,5.988818,5.6588182,2.7488184,2.8188183,3.4688184,3.0188184,-5.1311817,-1.2311816,3.5288184,4.3588185,4.8388186
-0.57118165,-0.25118163,-0.32118165,-0.12118164,-0.01118164,0.28881836,1.2888184,1.9588183,2.4588184,3.4988184,4.7688184,5.7288184,6.4088182,6.218818,5.9988184,5.928818,6.3588185,7.2288184,7.7488184,9.118818,8.718819,7.8988185,6.6588182,4.8788185,4.9588184,3.0788183,1.7988183,2.2988183,7.3988185,6.2688184,6.278818,5.8788185,5.448818,5.5188184,4.6188183,3.2788184,2.8288183,0.36881837,0.87881833,-0.37118164,1.1388184
0.27881837,0.87881833,0.8388184,1.0088184,1.5888183,1.8088183,2.1688185,2.8788183,3.4588184,3.8488183,4.3088183,4.8988185,5.6288185,5.4088182,5.6388183,6.3188186,6.5788183,6.2888184,6.8788185,7.8988185,6.1688185,4.968818,7.0888186,4.1388183,4.258818,2.8388183,2.5088184,4.5888186,5.4988184,6.0588183,6.1688185,4.198818,4.7488184,5.258818,4.8488183,1.1388184,0.78881836,-1.5211816,1.9688183,1.1488184,0.17881836
1.0188184,1.3188183,1.7788184,1.3088183,2.4888184,3.0388184,3.8088183,4.2288184,3.9588184,4.3588185,4.9388185,6.0888186,6.428818,6.278818,6.9088182,7.2488184,7.7488184,7.5688186,7.4388185,7.8488183,8.228818,8.088819,5.7688184,6.3788185,5.778818,5.758818,5.7988186,7.488818,7.0488186,8.398818,7.5488186,5.278818,6.4788184,3.9888184,6.0788183,3.2488184,0.30881837,0.56881833,2.3688183,-0.021181641,-0.58118165
1.9688183,2.0988183,3.2188184,3.4588184,4.4788184,4.2988186,4.4088182,4.988818,5.6388183,5.6088185,6.508818,7.3988185,6.5488186,6.6188183,7.1588182,7.2288184,7.1888185,7.258818,7.2988186,7.758818,8.168818,8.228818,8.108818,7.9088182,7.278818,7.8488183,7.7488184,7.8888183,8.108818,8.208818,4.1488185,5.7888184,6.1588182,6.6588182,4.008818,4.6588182,2.5388184,4.428818,-1.3511816,-0.96118164,-1.9711816
2.3588183,2.8388183,2.9388185,3.1788185,4.7288184,3.8288183,5.8988185,6.448818,8.228818,6.528818,5.238818,6.4088182,7.3088183,6.1588182,7.5688186,6.5488186,4.7488184,4.8988185,6.0988183,6.948818,8.088819,8.078818,8.498818,8.438818,8.208818,8.278818,7.3188186,5.6888185,5.738818,7.1888185,5.1388183,7.2088184,6.238818,5.6288185,4.008818,4.5788183,3.3888183,0.7688184,-1.7711816,-2.4411817,-2.1811817
2.8488183,3.4188185,3.9388185,5.4088182,6.0988183,6.0388184,6.3388186,7.3388186,6.7488184,6.9088182,5.2688184,6.1188183,7.8288183,7.2488184,7.3288183,7.218818,6.1888185,7.0688186,6.758818,7.2488184,6.698818,7.7888184,8.648818,7.8188186,7.3288183,6.6288185,6.698818,4.4788184,5.508818,5.778818,5.948818,4.5388184,5.8788185,4.2688184,4.528818,3.7088184,3.4088182,2.0088184,3.0988183,0.16881835,-1.2111816
3.5088184,3.9888184,6.2288184,5.508818,6.3588185,6.9588184,6.988818,7.1088185,7.488818,6.2688184,4.7288184,7.258818,5.8088183,6.028818,8.448818,7.5588183,8.238818,9.018818,7.738818,6.6888185,6.9588184,6.8788185,7.258818,7.6288185,6.778818,6.5988183,6.4988184,6.6088185,3.2688184,4.6488185,6.6388183,3.7588184,2.7888184,4.718818,3.7888184,4.6088185,3.4488184,4.1088185,2.5688183,2.3588183,-1.3311816
