wind_kz.json
{"header": {"discipline":0,"disciplineName":"Meteorological products","gribEdition":2,"gribLength":1025,"center":7,"centerName":"US National Weather Service - NCEP(WMC)","subcenter":0,"refTime":"2024-04-08T12:00:00.000Z","significanceOfRT":1,"significanceOfRTName":"Start of forecast","productStatus":0,"productStatusName":"Operational products","productType":1,"productTypeName":"Forecast products","productDefinitionTemplate":0,"productDefinitionTemplateName":"Analysis/forecast at horizontal level/layer at a point in time","parameterCategory":2,"parameterCategoryName":"UnknownDiscipline_0_Category_2","parameterNumber":2,"parameterNumberName":"UnknownParameter_D0_C2_2","parameterUnit":"Unknown","genProcessType":2,"genProcessTypeName":"Forecast","forecastTime":300,"surface1Type":103,"surface1TypeName":"Specified height level above ground","surface1Value":10.0,"surface2Type":255,"surface2TypeName":"Missing","surface2Value":0.0,"gridDefinitionTemplate":0,"gridDefinitionTemplateName":"Latitude_Longitude","numberPoints":615,"shape":6,"shapeName":"Earth spherical with radius of 6,371,229.0 m","gridUnits":"degrees","resolution":48,"winds":"true","scanMode":64,"nx":41,"ny":15,"basicAngle":0,"lo1":47.0,"la1":41.0,"lo2":87.0,"la2":55.0,"dx":1.0,"dy":1.0}, "data":
[rows 0 to 14 of 15, columns 0 to 40 of 41]
5.8177905,0.47779053,-0.03220947,6.9777904,7.0677905,4.9877906,2.2377906,2.5977905,-2.5422094,-3.9122095,-3.2322094,-4.6722093,-4.8922095,-5.8022094,-5.4522095,-4.3822093,-3.2622094,-3.3922095,-4.0822096,-3.1822095,-3.1522095,-1.6922095,-1.8722094,-2.9322095,0.10779053,-1.2722095,-3.0322094,0.15779053,0.33779052,0.52779055,-1.1222094,1.8377905,0.59779054,-0.3122095,-2.0622094,-0.6322095,-1.5522095,-1.2622094,-1.8222095,-0.6922095,-1.0822095
-0.49220946,-0.66220945,6.2377906,5.6777906,5.6777906,3.4077904,1.4477905,-1.3122095,-1.4322095,-4.4822097,-2.9822094,-5.4222093,-5.2322097,-4.7622094,-4.4722095,-5.3722095,-5.3822093,-4.1922092,-3.7922094,-4.0522094,-3.5622094,-2.9822094,-0.7022095,-2.8822095,-0.10220947,1.1277906,-0.37220946,0.42779052,1.8777906,0.78779054,0.18779053,-0.5022095,2.7877905,-2.7922094,-0.0022094727,-0.012209472,-0.21220948,0.7377905,0.29779053,0.84779054,-0.54220945
3.4477906,9.94779,7.9477906,5.8477907,3.8677905,0.90779054,-0.9422095,0.7377905,-4.0722094,-3.9222095,-3.4022095,-3.9722095,-5.0422096,-4.5922093,-5.0422096,-4.1822095,-4.8122096,-2.9222095,-3.3222094,-3.6222095,-3.5022094,-4.0022097,-3.3222094,-4.4422092,-0.44220948,-0.97220945,0.0077905273,-0.97220945,-2.4422095,-0.47220948,-0.42220947,0.66779053,0.5477905,0.33779052,-1.2122095,-1.6822095,0.17779052,-0.30220947,1.8777906,1.1777905,0.96779054
5.3277907,6.7277904,8.24779,3.1877906,0.32779053,-0.29220948,2.4077904,1.0777905,-2.3722095,-3.4222095,-3.4122095,-4.8122096,-5.2722096,-4.8222094,-4.5522094,-4.4122095,-4.4422092,-3.4722095,-2.9222095,-3.0922096,-2.5322094,-2.6222095,-1.1822095,-3.0322094,-2.9322095,-2.5822096,-1.7322094,-0.5722095,-0.082209475,0.31779054,1.5677905,3.0577905,3.5577905,5.2077904,-0.29220948,-0.5622095,-0.8822095,1.7377906,0.28779054,1.3177905,1.4677905
4.5477905,4.8777905,4.2777905,1.9277905,2.2677906,2.4177904,1.8777906,1.0577905,1.4677905,-1.9122095,-4.6922092,-4.5322094,-6.2722096,-5.8122096,-5.6922092,-4.4222093,-3.9022095,-3.3322096,-2.8822095,-3.8822095,-3.2822094,-3.8622096,-3.8622096,-3.5622094,-2.8822095,-2.6222095,-2.0822096,0.26779053,-0.22220947,-0.83220947,2.6377904,1.9577905,0.72779053,-1.4322095,3.4177904,0.14779052,4.0977907,3.4177904,4.2277904,1.4477905,-0.52220947
5.0977907,3.9477906,4.9877906,3.7677906,2.4577906,3.3177905,2.1277905,1.8677906,0.34779054,-4.3822093,-5.0822096,-4.9522095,-4.0022097,-5.1722093,-4.0722094,-3.4122095,-2.9322095,-2.9322095,-3.5822096,-2.9222095,-3.7922094,-3.0822096,-3.2922094,-3.0822096,-2.0122094,-3.7922094,-2.8822095,-3.6722095,-3.6822095,-4.0422096,-3.1922095,-1.4122095,-0.66220945,1.5777905,0.76779056,0.4677905,0.8077905,2.7577906,4.3277907,-1.5822095,-2.9122095
4.5377903,5.2177906,5.0677905,4.6077905,4.1177907,3.6677904,2.2077906,2.7677906,-1.3122095,-3.2422094,-5.2022095,-4.9522095,-3.6922095,-3.2722094,-2.7322094,-2.7122095,-2.8122094,-3.1022096,-3.5722094,-4.3822093,-3.3922095,-3.2222095,-3.5122094,-3.4622095,-4.3722095,-4.2922096,-2.4022095,-3.1122096,-3.2322094,-4.1922092,-4.5622096,-3.7422094,-0.85220945,-3.6322095,-1.3222095,-1.8322095,-0.8822095,2.0677905,1.3277905,0.52779055,3.4777906
5.2577906,5.0377903,5.8677907,5.9977903,4.8277907,4.2777905,3.3777905,3.3377905,-1.1222094,-6.3522096,-1.5122094,-3.2522094,-2.6222095,-3.2422094,-1.5922095,-2.7822094,-2.6822095,-3.1722095,-2.9122095,-4.2822094,-2.0822096,-3.2322094,-2.8622096,-3.7222095,-2.6922095,-1.4522095,-2.1822095,-2.6422095,-1.8322095,-2.1322095,-2.8422096,-1.4522095,-2.6622095,-1.0222095,-1.9722095,2.7577906,4.7677903,4.5777907,3.8877904,3.7077906,0.14779052
4.5177903,4.6377907,5.1377907,5.2277904,5.3177905,5.1777906,3.7377906,3.7277906,-1.2322094,-1.8022095,-2.8022094,-2.4522095,-1.3622094,-2.4722095,-2.6722095,-1.8122095,-2.9422095,-2.3922095,-2.6322095,-2.2722094,-3.0422094,-1.8622094,-2.5422094,-3.1122096,-2.7622094,-1.9022095,-1.4822094,-1.4422095,-0.5722095,-1.1122094,-0.9222095,-0.38220948,1.8577905,0.4677905,1.3677906,2.0077906,0.66779053,-2.6422095,-2.2422094,1.1977905,-1.6122094
5.0377903,6.3977904,5.3977904,4.2277904,5.6077905,4.6977906,3.0077906,4.1777906,-0.79220945,-1.0622095,-1.9522095,-1.7422094,-2.5022094,-2.0822096,-2.9422095,-1.7722095,-2.7522094,-2.0722094,-1.9722095,-1.3622094,-1.8322095,-0.8722095,-1.2422094,-2.4422095,-2.7522094,-2.7722094,-2.0922096,-1.2222095,-0.48220947,-0.54220945,0.64779055,1.3977906,1.4377905,0.5477905,0.9277905,1.4177905,-0.23220947,0.06779053,-2.9622095,-0.082209475,0.58779055
5.6077905,5.8677907,6.6077905,6.8777905,5.5977907,3.9577906,3.8577905,3.4177904,0.6177905,-1.5922095,-1.9822094,-0.9322095,-1.9122095,-2.1022096,-2.2422094,-1.3122095,-1.9622095,-0.8222095,-2.2522094,-2.0822096,-1.5222095,-0.6722095,-1.4322095,-1.4622095,-1.0622095,-0.39220947,-0.07220947,1.1377906,1.2077905,1.1477906,0.5577905,0.26779053,-0.41220948,-0.43220946,-0.122209474,-0.0022094727,-1.1722095,-0.022209473,0.06779053,1.0777905,0.33779052
5.9177904,6.4977903,6.4477906,5.0877905,3.9877906,3.0877905,2.7977905,0.49779052,-0.8922095,-2.5122094,-3.0122094,-1.6522095,-2.4422095,-1.6522095,-1.4122095,-0.60220945,-0.53220946,-0.73220944,-1.5322095,-1.1822095,-1.4622095,-0.46220946,-0.98220944,0.20779052,0.48779052,1.3377905,1.2977905,1.6477906,-0.11220947,-2.2122095,-2.7922094,-3.4522095,-2.7522094,-3.7722094,-2.8122094,-3.6522095,-3.5522094,-2.0922096,-0.5622095,0.47779053,0.9277905
5.1777906,5.7377906,4.1977906,2.6477904,2.2377906,1.7077905,2.4777906,-1.6322094,-4.8622093,-2.0922096,-1.3322095,-2.1522095,-1.3122095,-0.66220945,-0.9322095,-0.5122095,-1.2222095,-0.23220947,-0.062209472,-0.98220944,-0.6822095,0.36779052,0.6077905,0.07779053,-0.082209475,-2.3622096,-2.4922094,-3.7722094,-3.8922095,-4.1122093,-3.9922094,-4.0222096,-4.4022093,-4.7022095,-3.8222094,-3.8022094,-3.3122094,-2.0522094,-3.1622095,-2.0022094,-0.38220948
5.5977907,5.9177904,3.0377905,2.3277905,1.8977906,2.0377905,1.9677905,-1.4022095,-3.0422094,-0.9922095,-2.1122096,-1.9822094,-0.6922095,0.08779053,-0.44220948,-0.53220946,-0.7622095,0.13779053,-0.44220948,0.08779053,-0.012209472,0.5477905,1.2677906,-1.3122095,-3.1022096,-3.5722094,-4.2622094,-4.3522096,-4.2222095,-4.0322094,-4.3222094,-4.2222095,-4.2222095,-4.0722094,-3.4122095,-3.4622095,-2.3722095,-1.9822094,-1.6422095,-0.8722095,1.2477906
4.4777904,3.4977906,0.8777905,1.1277906,2.3077905,1.8377905,0.30779052,-1.0422095,-2.7522094,-3.7222095,-1.8022095,-0.9222095,-1.4222095,0.6977905,-0.6122095,-0.52220947,-0.5522095,-0.24220948,0.25779054,0.26779053,-0.7522095,-1.3422095,-2.4022095,-3.2122095,-3.2722094,-3.4922094,-3.5922096,-3.8722095,-3.9922094,-4.0222096,-4.4622097,-4.2122097,-3.8322096,-3.3022094,-2.5122094,-2.1022096,-1.8322095,-0.8222095,0.24779053,0.66779053,0.6177905
