wind.json
{"header": {"discipline":0,"disciplineName":"Meteorological products","gribEdition":2,"gribLength":1125,"center":7,"centerName":"US National Weather Service - NCEP(WMC)","subcenter":0,"refTime":"2023-06-27T00:00:00.000Z","significanceOfRT":1,"significanceOfRTName":"Start of forecast","productStatus":0,"productStatusName":"Operational products","productType":1,"productTypeName":"Forecast products","productDefinitionTemplate":0,"productDefinitionTemplateName":"Analysis/forecast at horizontal level/layer at a point in time","parameterCategory":2,"parameterCategoryName":"UnknownDiscipline_0_Category_2","parameterNumber":2,"parameterNumberName":"UnknownParameter_D0_C2_2","parameterUnit":"Unknown","genProcessType":2,"genProcessTypeName":"Forecast","forecastTime":180,"surface1Type":103,"surface1TypeName":"Specified height level above ground","surface1Value":10.0,"surface2Type":255,"surface2TypeName":"Missing","surface2Value":0.0,"gridDefinitionTemplate":0,"gridDefinitionTemplateName":"Latitude_Longitude","numberPoints":688,"shape":6,"shapeName":"Earth spherical with radius of 6,371,229.0 m","gridUnits":"degrees","resolution":48,"winds":"true","scanMode":64,"nx":43,"ny":16,"basicAngle":0,"lo1":45.0,"la1":40.0,"lo2":87.0,"la2":55.0,"dx":1.0,"dy":1.0}, "data":
[rows 0 to 15 of 16, columns 0 to 42 of 43]
0.52691895,-3.143081,-2.573081,-4.093081,-6.343081,-3.1930811,-0.89308107,2.516919,5.616919,-6.3330812,-5.053081,-5.123081,-4.513081,-4.003081,-3.9130812,-3.533081,-2.823081,-1.9930811,-1.673081,-2.063081,-1.453081,-0.42308104,-4.033081,-1.6030811,2.636919,4.576919,3.5369189,0.7969189,1.4869189,10.6969185,5.886919,6.336919,3.986919,5.716919,8.296919,4.126919,-0.68308103,3.756919,4.356919,2.8169188,-2.473081,3.276919,2.966919
-2.283081,-3.9230812,1.336919,1.806919,-1.2430811,0.57691896,1.306919,3.216919,-5.153081,-3.273081,-4.943081,-4.353081,-4.853081,-4.0630813,-4.433081,-2.903081,-2.743081,-2.9230812,-2.343081,-1.443081,-1.693081,-1.043081,-0.073081054,1.3869189,2.5669188,6.506919,1.806919,4.786919,5.7069187,6.106919,5.736919,9.1969185,10.666919,4.546919,8.656919,1.4869189,1.786919,0.15691894,4.176919,6.006919,-3.473081,2.3169188,4.236919
-1.8830811,1.0069189,-0.043081056,-1.573081,-1.313081,-2.143081,2.5869188,1.086919,-5.0430813,-3.753081,-4.373081,-2.7130811,-2.363081,-1.8830811,-4.5430813,-3.083081,-2.083081,-0.15308106,-0.60308105,-1.1430811,-0.7530811,-0.19308105,-1.1430811,1.076919,1.9969189,2.0669188,2.8269188,-1.793081,-0.28308105,2.5369189,-0.83308107,0.16691895,4.176919,1.3769189,1.416919,-0.32308105,1.086919,-3.723081,1.306919,2.166919,0.63691896,2.206919,-0.72308105
-0.96308106,-0.8830811,-2.273081,-3.813081,-2.233081,-1.2630811,0.28691894,2.676919,-2.833081,-2.473081,-2.133081,-1.2330811,-0.9430811,1.156919,-3.9630811,-1.2330811,1.206919,-0.33308107,-1.033081,0.76691896,0.876919,1.4869189,1.196919,3.256919,3.126919,0.08691894,0.9969189,3.5369189,5.336919,6.276919,7.216919,3.906919,-0.033081055,-0.813081,0.77691895,5.726919,-1.933081,-1.043081,2.746919,-0.92308104,3.366919,3.636919,-1.7630811
-2.863081,-1.6330811,-7.133081,-4.663081,-1.713081,-1.593081,2.756919,-0.9430811,-1.1230811,-2.6630812,-0.19308105,0.21691895,0.51691896,-4.963081,-4.933081,-3.153081,2.226919,2.7869189,-0.14308105,0.81691897,0.76691896,1.6169189,2.096919,0.06691895,4.226919,4.976919,5.376919,4.566919,4.896919,6.026919,8.466919,8.366919,8.976919,10.016919,9.9469185,10.766919,11.906919,10.666919,4.096919,2.866919,0.75691897,-1.5230811,6.146919
-4.113081,-6.523081,-6.5430813,-5.303081,-5.373081,-4.683081,-4.013081,-2.043081,-1.2530811,-1.073081,0.47691894,2.116919,0.8669189,-5.363081,-3.653081,-0.19308105,4.986919,2.8269188,2.426919,0.96691895,1.656919,1.6369189,3.396919,5.866919,5.516919,5.4569187,5.756919,6.9169188,8.846919,0.53691894,4.526919,8.146919,8.806919,9.436919,0.7969189,2.976919,1.076919,-0.073081054,6.576919,1.5069189,0.94691896,5.366919,1.046919
-3.133081,-2.1830812,-3.583081,-4.573081,-3.643081,-4.003081,-3.373081,-0.8830811,3.3069189,1.576919,0.18691894,-1.163081,0.7369189,-0.5130811,0.24691895,3.626919,5.226919,3.106919,1.406919,2.8169188,1.436919,3.026919,4.626919,3.636919,3.0569189,4.276919,5.866919,7.196919,7.306919,0.18691894,3.886919,6.9369187,8.966919,9.456919,11.286919,11.096919,0.65691894,-4.873081,0.626919,7.446919,12.246919,2.676919,6.616919
-1.173081,-0.54308105,-0.5730811,-0.65308106,1.176919,-0.30308107,1.596919,4.406919,5.9169188,1.7569189,3.276919,2.006919,2.0369189,0.626919,-1.823081,0.48691896,1.6469189,1.2769189,2.3369188,1.7669189,1.2369189,2.916919,4.236919,2.956919,2.246919,3.246919,1.656919,1.716919,-1.083081,2.3369188,0.78691894,0.32691896,3.916919,6.4369187,4.526919,3.7969189,-4.993081,-0.93308103,7.376919,5.376919,2.916919,0.83691895,5.826919
1.296919,1.1469189,2.256919,0.876919,-0.43308106,1.416919,2.8369188,2.196919,4.136919,3.026919,2.0669188,4.096919,0.15691894,3.7869189,5.656919,3.516919,1.6069189,3.506919,3.966919,2.166919,1.2269189,3.946919,3.726919,0.69691896,-1.2230811,-0.80308104,-0.31308106,-0.86308104,4.046919,1.0169189,2.746919,-0.073081054,0.936919,-1.3830811,0.22691895,4.226919,2.726919,9.786919,1.306919,10.566919,6.996919,7.766919,9.846919
0.58691895,2.696919,2.096919,4.386919,3.386919,2.936919,5.256919,3.216919,6.526919,1.676919,1.7369189,1.716919,1.576919,4.136919,0.75691897,2.496919,2.3369188,3.526919,2.896919,2.736919,3.3369188,4.346919,2.3369188,1.286919,-1.323081,-1.293081,0.57691896,-1.073081,1.066919,-0.31308106,-3.603081,-2.643081,-0.59308106,4.9369187,6.716919,-2.1730812,4.1669188,4.6669188,6.4369187,-0.13308105,1.6369189,0.57691896,1.206919
0.16691895,3.276919,3.8269188,4.396919,4.496919,4.386919,-2.4230812,-0.53308105,3.7969189,2.426919,6.026919,-4.0630813,2.736919,-0.73308104,0.53691894,2.106919,2.3069189,2.3369188,3.626919,1.596919,1.536919,5.126919,3.216919,0.30691895,-1.283081,-1.173081,-0.80308104,-1.1330811,-2.253081,-3.093081,-3.073081,-2.4430811,-2.253081,-1.1330811,-1.343081,1.826919,5.216919,3.706919,-0.78308105,0.66691893,1.3869189,1.1169189,1.6369189
4.076919,-0.5130811,3.7969189,5.506919,5.486919,5.596919,4.336919,4.716919,4.616919,5.9369187,7.406919,6.726919,4.2069187,3.106919,4.526919,3.206919,4.716919,2.896919,3.3369188,-1.5030811,4.376919,0.026918946,3.986919,-0.96308106,-0.40308106,-2.013081,-1.3530811,-1.683081,-3.353081,-2.7030811,-3.573081,-3.243081,-2.983081,-2.863081,-3.983081,-2.313081,-1.963081,-0.13308105,-0.22308105,1.2569189,1.1269189,-0.7630811,0.936919
4.1869187,4.606919,4.426919,4.476919,4.476919,4.9369187,5.016919,4.576919,4.776919,5.6669188,1.706919,3.946919,3.216919,2.8269188,5.696919,2.0869188,2.3169188,2.366919,2.406919,2.396919,0.116918944,1.336919,2.956919,-0.563081,-2.4230812,-1.713081,-2.233081,-2.223081,-2.523081,-2.9630811,-3.6730812,-4.763081,-4.393081,-4.453081,-5.423081,-5.5630813,-5.013081,-5.493081,-5.0630813,-5.0430813,-2.863081,0.626919,-0.5130811
4.546919,5.336919,5.076919,5.1669188,3.866919,3.976919,3.746919,3.3269188,4.9369187,3.176919,5.146919,4.986919,3.426919,3.5469189,5.266919,4.296919,1.8869189,2.0369189,4.2069187,2.5569189,2.446919,1.446919,-0.053081054,3.396919,-1.6430811,-2.033081,-2.6730812,-2.063081,-3.1630812,-3.223081,-2.873081,-3.053081,-3.883081,-5.023081,-5.0630813,-4.723081,-5.413081,-4.5830812,-3.773081,-2.793081,-3.2130811,-2.893081,-2.873081
5.726919,4.926919,5.646919,4.696919,3.276919,4.746919,4.716919,4.566919,4.526919,5.016919,4.356919,4.966919,1.796919,3.396919,6.826919,5.626919,3.146919,2.636919,2.696919,2.8369188,3.006919,1.696919,2.896919,2.5369189,-2.033081,-3.2030811,-1.7730811,-2.273081,-1.9930811,-4.173081,-3.353081,-2.9230812,-1.2330811,-4.603081,-5.8130813,-6.463081,-5.153081,-4.0630813,-2.553081,-2.743081,-3.4630811,-2.123081,-1.323081
6.116919,3.646919,2.936919,5.716919,4.726919,4.506919,4.396919,6.676919,5.4169188,5.296919,5.146919,4.966919,1.8569189,5.096919,5.556919,2.206919,0.7969189,3.236919,1.6269189,2.8169188,3.0369189,2.2969189,0.64691895,0.33691895,-0.24308105,-2.603081,-1.7230811,-2.4130812,-2.893081,-3.4530811,-2.503081,-3.4530811,-3.303081,-4.523081,-5.103081,-5.993081,-6.223081,-5.403081,-4.363081,-2.763081,-3.483081,-2.9430811,-3.613081
