wind_kz.json
{"header": {"discipline":0,"disciplineName":"Meteorological products","gribEdition":2,"gribLength":1025,"center":7,"centerName":"US National Weather Service - NCEP(WMC)","subcenter":0,"refTime":"2023-08-22T12:00:00.000Z","significanceOfRT":1,"significanceOfRTName":"Start of forecast","productStatus":0,"productStatusName":"Operational products","productType":1,"productTypeName":"Forecast products","productDefinitionTemplate":0,"productDefinitionTemplateName":"Analysis/forecast at horizontal level/layer at a point in time","parameterCategory":2,"parameterCategoryName":"UnknownDiscipline_0_Category_2","parameterNumber":3,"parameterNumberName":"UnknownParameter_D0_C2_3","parameterUnit":"Unknown","genProcessType":2,"genProcessTypeName":"Forecast","forecastTime":60,"surface1Type":103,"surface1TypeName":"Specified height level above ground","surface1Value":10.0,"surface2Type":255,"surface2TypeName":"Missing","surface2Value":0.0,"gridDefinitionTemplate":0,"gridDefinitionTemplateName":"Latitude_Longitude","numberPoints":615,"shape":6,"shapeName":"Earth spherical with radius of 6,371,229.0 m","gridUnits":"degrees","resolution":48,"winds":"true","scanMode":64,"nx":41,"ny":15,"basicAngle":0,"lo1":47.0,"la1":41.0,"lo2":87.0,"la2":55.0,"dx":1.0,"dy":1.0}, "data":
[rows 0 to 14 of 15, columns 0 to 40 of 41]
0.20186035,-2.9981396,0.83186036,-5.49814,-6.76814,-8.72814,-7.7581396,-7.3181396,-6.5081396,-4.2781396,3.8018603,4.21186,3.9918604,2.8818603,1.0118604,-1.5281396,-2.3581398,-2.2081397,-3.5581396,-2.4981396,-2.0681396,-3.5281396,-1.9681396,-0.18813965,-1.1381396,-1.6481396,-0.96813965,0.84186035,0.22186035,1.8718604,0.6318604,0.5718604,0.44186035,-1.4881396,0.78186035,0.73186034,0.7618604,0.36186036,-0.82813966,-0.60813963,1.8118603
1.8118603,1.6018604,-1.2281396,-4.76814,-6.7781396,-8.22814,-6.4281397,-5.55814,-4.3581395,-5.51814,-5.7781396,0.52186036,4.25186,3.4818604,1.5518603,0.71186036,0.041860353,-1.2481396,-3.2081397,-4.1381397,-4.1781397,-4.2981396,-2.4581397,1.2318604,1.0318604,0.6818603,-1.9981396,0.5718604,-0.51813966,1.1118604,2.7518604,3.6418602,0.28186035,0.5718604,-0.03813965,-1.1781397,-2.0681396,-3.5581396,-0.9281396,-1.9781396,-0.37813964
1.0718603,2.2718604,-2.2381396,-4.7781396,-5.2781396,-3.8181396,-3.1781397,-2.8381395,-2.7881396,-2.6581397,-5.57814,-2.5981398,2.6018603,2.1318603,3.0018604,1.8618604,0.42186034,-0.95813966,-2.4581397,-3.7181396,-4.9581394,-2.7681396,-3.3581398,-0.84813964,0.13186035,0.97186035,0.65186036,0.33186036,0.17186035,3.0618603,4.1418605,1.3618604,2.8818603,-1.3881396,-0.15813965,3.2318604,4.0818605,0.23186035,0.80186033,-0.01813965,-0.17813964
-1.5781397,-2.3081396,-3.0381396,-2.8981397,-2.5781395,-2.9281397,-3.4681396,-2.2781396,-0.33813965,-1.1081396,-1.6581397,-1.3781396,0.71186036,5.0118604,3.0718603,2.6618605,2.2118604,0.26186034,-2.7181396,-4.0281396,-4.0681396,-2.0081396,-1.6081396,-2.0981398,-2.1281397,-1.9881396,-2.1281397,2.1518602,2.2918603,-0.23813964,2.1218603,-0.46813965,-2.1981397,-1.7181396,-0.72813964,-3.0181396,-1.5281396,1.5318604,4.8418603,3.4318604,2.9318604
-0.9381397,-1.4481397,-3.5281396,-3.4881396,-2.3081396,-1.1481396,-1.4081397,-0.97813964,-2.0181396,-1.8881396,-2.2781396,-1.0381397,0.39186037,6.3418603,3.5118604,2.1818604,1.5118604,-0.32813966,-2.0281396,-3.6381397,-4.0281396,-4.8981395,-5.74814,-5.7781396,-3.1781397,-2.3981397,-1.9981396,-0.46813965,0.07186035,2.1018603,-0.10813965,1.8818604,2.9818604,2.8118603,-1.1781397,-1.6981397,0.42186034,-0.46813965,-1.9781396,2.0318604,0.49186036
-1.0881397,-0.14813966,-3.7281396,-4.53814,-3.2381396,-6.3981395,-0.17813964,-0.21813965,-0.05813965,-1.5881397,-3.5781395,-3.7181396,-4.0281396,-3.4681396,-2.7381396,-1.9681396,2.9118605,1.9618603,-0.10813965,-1.2481396,-1.9881396,-3.2881396,-4.6181397,-6.47814,-5.9081397,-5.47814,-1.5181396,0.091860354,1.4918604,2.6118603,1.2018603,1.2618604,3.3118603,3.6118603,2.9318604,2.3418603,4.5618606,4.1118603,0.29186034,-4.03814,-2.5281396
-0.27813965,-1.1081396,-1.7381396,-2.4881396,-2.6081398,-2.2881396,-0.048139647,2.2118604,-0.36813965,-2.1181397,0.26186034,0.30186036,-1.3381397,-2.0681396,-0.088139646,-3.9081397,3.8018603,3.0818603,0.10186035,-1.1181396,-2.1781397,-2.7481396,-3.4281397,-5.4481397,-5.8981395,-6.1581397,-4.57814,-2.4481397,0.96186036,2.7518604,3.5418603,1.6218604,2.3618603,3.2618604,0.20186035,-1.6481396,-3.5381396,-0.10813965,0.38186035,0.07186035,0.78186035
-1.4781396,-1.4681396,-2.4581397,-2.9481397,-3.4181397,-2.1481397,2.8518603,1.3518604,0.67186034,-0.8781397,-1.9581397,-0.97813964,0.98186034,2.5218604,0.98186034,1.6918603,2.6418602,1.3018603,0.16186035,0.041860353,-2.1881397,-3.0481396,-2.9181397,-4.32814,-5.09814,-4.6581397,-5.4681396,-5.05814,1.0418603,3.3818603,3.3818603,5.6618605,2.8818603,2.7018604,3.0018604,-0.31813964,1.8618604,1.7618604,-0.85813963,0.74186033,-1.8781396
-0.59813964,-1.2481396,-0.7481396,-0.36813965,-2.7381396,-2.9681396,-2.5681396,-2.1381397,-2.7281396,-2.3681397,-0.28813964,-1.1781397,-1.8381397,1.3018603,2.7718604,2.5318604,2.6418602,1.9518603,1.7918603,0.91186035,-0.8181397,-2.4881396,-2.5981398,-2.7681396,-3.9181397,-4.6481395,-4.6281395,-4.5681396,-2.1381397,-1.6881397,-0.44813964,4.3918605,4.8018603,5.25186,3.8118603,3.5718603,-1.4281397,1.9918604,1.4118603,0.8718603,-0.60813963
-1.1881397,-0.54813963,1.9018604,-0.85813963,-2.7381396,-2.9181397,-2.9581397,-1.9081397,-1.9481397,-1.3381397,-0.40813965,-0.17813964,-1.1381396,3.1018603,3.4018602,1.7518604,1.9918604,1.8918604,0.26186034,-0.11813965,-1.4381397,-2.0681396,-2.4481397,-2.1981397,-3.4581397,-3.4281397,-3.0881395,-4.9481397,-2.6481397,-0.17813964,-0.49813965,-1.6381396,-2.8481398,0.7518604,3.2318604,1.7418604,1.2618604,-2.2581396,0.47186035,4.5718603,3.1718605
-1.5881397,-2.0581396,0.38186035,-2.4981396,-2.2781396,-3.0981398,-2.3381395,-0.40813965,-3.2781396,-3.8981397,-0.95813966,-1.3681396,-2.4581397,1.0018604,2.6418602,3.0418603,2.9218605,1.5218604,-0.05813965,-1.2081397,-0.88813967,-1.9681396,-3.1481397,-3.7881396,-2.5981398,-2.8181396,-4.4281397,-4.6581397,-4.6281395,-3.9581397,-2.8781397,-0.64813966,-1.8081397,1.1218604,3.0318604,1.3418603,1.6418604,3.3518603,2.4418604,2.1018603,0.7618604
-1.5081396,-0.40813965,0.38186035,-0.088139646,-1.6281396,-2.1681397,-2.1781397,-2.4181397,-2.5381396,-1.7881397,-0.83813965,-0.30813965,-2.3881397,-1.3381397,-3.0581396,-3.1681397,2.6418602,3.0018604,1.2818604,-0.53813964,-1.8281397,-2.0681396,-2.6281397,-2.5181396,-2.2681396,-2.9481397,-3.4881396,-4.3581395,-3.6981397,-2.4081397,-1.2581396,-2.4781396,-0.8781397,1.4118603,2.4318604,1.8918604,1.9818604,3.6818604,3.3718603,2.7518604,1.0718603
1.1618603,-0.36813965,-0.79813963,0.45186034,-0.18813965,-0.048139647,-1.0181396,-1.8481396,-1.9681396,-0.7381396,-0.91813964,-1.2481396,-2.2181396,-2.4381397,2.0518603,-1.1581397,-3.7681396,0.26186034,-0.64813966,-0.6881397,-0.8181397,-0.23813964,0.60186034,-1.5881397,-2.2281396,-0.64813966,-2.7781396,-5.6881394,-5.2981396,-2.3681397,-0.37813964,-1.4481397,-1.9481397,-1.4381397,1.2418604,2.8518603,1.5618603,1.9518603,2.2018604,1.6818603,1.2918603
-0.7481396,-1.3681396,-1.3181397,0.32186034,-0.9981396,-0.65813965,-0.32813966,-0.46813965,0.64186037,0.5718604,1.4918604,0.21186036,-0.37813964,0.33186036,1.0818603,1.4218603,1.5218604,0.9418604,0.31186035,-0.16813965,-1.5781397,-1.2681396,0.39186037,-0.78813964,-2.3881397,-2.5681396,-2.4081397,-3.1081398,-4.5681396,-5.1481395,-3.0081396,-2.6581397,-1.3181397,-0.31813964,-1.6781397,-0.89813966,1.8318603,1.7218604,1.9818604,2.1918604,2.1218603
-1.1581397,-1.7881397,-2.4681396,-0.32813966,-0.82813966,-0.75813967,0.46186036,0.13186035,-1.1981397,-0.14813966,1.1318604,0.9318603,2.1018603,-0.06813965,1.1018604,1.0318604,0.58186036,0.48186034,0.97186035,1.5218604,0.33186036,-1.5581397,-0.26813966,-0.25813964,-1.6081396,-1.6381396,-2.1181397,-1.5181396,-2.3381395,-3.8581398,-4.2981396,-3.2981396,-2.1581397,-1.9281397,-1.8181397,0.011860352,2.4618604,2.3218603,1.6318604,2.9618604,0.79186034
