wind_kz.json
{"header": {"discipline":0,"disciplineName":"Meteorological products","gribEdition":2,"gribLength":1025,"center":7,"centerName":"US National Weather Service - NCEP(WMC)","subcenter":0,"refTime":"2024-01-31T06:00:00.000Z","significanceOfRT":1,"significanceOfRTName":"Start of forecast","productStatus":0,"productStatusName":"Operational products","productType":1,"productTypeName":"Forecast products","productDefinitionTemplate":0,"productDefinitionTemplateName":"Analysis/forecast at horizontal level/layer at a point in time","parameterCategory":2,"parameterCategoryName":"UnknownDiscipline_0_Category_2","parameterNumber":2,"parameterNumberName":"UnknownParameter_D0_C2_2","parameterUnit":"Unknown","genProcessType":2,"genProcessTypeName":"Forecast","forecastTime":0,"surface1Type":103,"surface1TypeName":"Specified height level above ground","surface1Value":10.0,"surface2Type":255,"surface2TypeName":"Missing","surface2Value":0.0,"gridDefinitionTemplate":0,"gridDefinitionTemplateName":"Latitude_Longitude","numberPoints":615,"shape":6,"shapeName":"Earth spherical with radius of 6,371,229.0 m","gridUnits":"degrees","resolution":48,"winds":"true","scanMode":64,"nx":41,"ny":15,"basicAngle":0,"lo1":47.0,"la1":41.0,"lo2":87.0,"la2":55.0,"dx":1.0,"dy":1.0}, "data":
[rows 0 to 14 of 15, columns 0 to 40 of 41]
0.81412387,-0.46587616,-0.60587615,-1.6558762,3.6841238,5.7241235,4.914124,3.244124,4.1941237,5.9041233,5.9441237,5.4841237,5.6341233,5.6441236,5.2441235,4.5641236,4.034124,4.5041237,4.724124,6.6541233,1.9541239,0.72412384,-0.26587617,1.4441239,-1.7858762,-0.27587616,0.60412383,1.9941238,-1.0258762,0.05412384,2.2041237,0.01412384,-0.12587616,-1.7658762,0.9241238,0.16412383,0.23412384,-1.5458761,-1.8758762,1.6041238,2.3041239
0.24412385,-1.0958762,2.044124,5.4941235,6.9541235,7.5041237,5.4941235,3.4441237,6.9141235,7.424124,7.4041233,6.4741235,5.8841233,5.1541233,5.424124,4.844124,4.904124,5.1541233,4.884124,4.2141237,4.144124,2.1541238,1.9141239,0.56412387,0.53412384,-0.30587617,0.82412386,-0.0058761598,0.58412385,-0.065876156,0.29412383,2.1441238,3.0541239,1.8741238,0.40412384,-0.37587616,-0.37587616,-0.86587614,0.7341238,-0.5058762,0.01412384
0.50412387,6.8241234,8.364123,9.224124,9.374124,6.5841236,5.3241234,7.7641234,7.8341236,7.9941235,7.9341235,7.2641234,6.7141237,6.7141237,5.5141234,4.784124,5.3641233,4.2941236,4.904124,4.454124,3.504124,3.004124,4.394124,6.1641235,4.014124,2.8241239,1.6241238,1.3241239,0.48412383,1.0741239,1.5241238,0.12412384,-0.04587616,0.17412384,1.1041238,1.3541238,0.32412383,0.02412384,-0.7558762,-1.1858761,0.26412383
5.2241235,9.134124,9.154123,8.714124,8.154123,7.3541236,7.3241234,8.304124,8.874124,9.294124,8.854123,8.9541235,10.714124,10.624124,6.3941236,6.2741237,5.4641237,5.1241236,4.784124,3.8441238,1.6641239,1.3841238,-1.0458761,8.514124,9.094124,7.4841237,7.1341233,3.764124,5.3841233,0.94412386,-0.47587615,0.72412384,1.6641239,0.89412385,-0.28587615,1.6141238,0.18412384,0.9841238,-2.0958762,0.6841238,-1.6058762
5.3341236,5.5341234,5.3041234,5.2241235,5.8841233,7.0741234,7.5341234,8.484123,9.264124,9.184124,9.694123,11.014124,13.004124,12.9541235,12.474124,6.1641235,4.804124,4.454124,3.5741239,2.774124,4.174124,6.1241236,5.9941235,5.7041235,6.2541237,6.5441236,7.4541235,7.1241236,7.6041236,4.104124,4.6941237,-0.86587614,-0.93587613,1.9441239,-2.005876,-0.5158762,-1.1558762,-1.4258761,-1.0358762,0.01412384,-0.41587615
2.994124,3.0541239,3.774124,4.4841237,4.9441237,5.4841237,6.5141234,7.4841237,7.7941236,9.064123,9.334124,9.684124,11.574123,12.734123,9.284123,5.6341233,3.5741239,2.0641239,1.4541239,2.6041238,3.784124,5.9041233,6.5141234,7.2441235,7.6141233,6.6341233,7.8641233,6.2441235,6.8741236,2.784124,2.8141239,2.5741239,-0.97587615,-2.1158762,0.13412385,-2.3058763,0.17412384,1.7741238,-0.77587616,-2.215876,-2.3058763
1.9741238,2.494124,2.6941237,3.3141239,3.734124,3.984124,4.704124,5.1241236,5.9841237,6.9441237,8.094124,8.824123,8.264124,8.274123,7.0141234,5.7941236,3.6341238,3.1841238,0.77412385,0.90412384,3.1341238,4.2741237,5.4041233,6.5841236,5.6441236,5.5841236,6.5241237,6.7841234,8.484123,-1.8558762,-2.455876,0.23412384,-0.5758762,-2.5558763,-2.8758762,0.47412384,0.46412385,0.58412385,1.3341238,-1.2158761,-1.6658762
1.7441238,2.294124,2.9341238,3.534124,3.8341238,4.7941236,4.684124,4.634124,5.6841235,6.3841233,6.6941237,7.5341234,7.5041237,7.0441236,5.9541235,4.884124,3.4641237,1.4541239,-0.22587615,0.38412383,3.4041238,3.724124,4.5241237,4.974124,4.954124,4.134124,2.284124,-0.92587614,-2.515876,-2.1358762,-1.6158762,-0.32587615,-2.0858762,2.0741239,2.1741238,-1.3858762,-1.0558761,-1.9558761,-3.985876,-5.0558763,-0.86587614
2.1341238,2.9641237,3.5641239,3.3641238,3.4041238,4.184124,4.224124,5.074124,6.0541234,6.0841236,7.0541234,6.7141237,7.7541237,5.3741236,3.974124,2.024124,1.1841239,-0.22587615,0.17412384,0.5441238,2.4341238,3.3741238,3.6641238,3.1741238,3.9141238,2.5841238,-1.1758761,-0.48587617,-0.49587616,-1.1358762,1.4241239,1.5741239,4.534124,2.224124,-0.5658762,-2.955876,-0.44587615,-1.1258762,-0.52587616,-0.7658762,0.65412384
1.7841239,2.3241239,2.234124,3.034124,4.0241237,3.3341238,3.254124,3.774124,5.7141237,6.5641236,7.5541234,6.7341237,5.5841236,4.7941236,2.004124,0.35412383,-0.31587616,-0.9458762,-0.61587614,-0.8258762,2.514124,4.454124,4.2141237,2.3941238,1.6041238,0.6741238,0.7441238,1.0541239,0.63412386,1.2541238,1.1341238,2.994124,3.8241239,1.8341238,-1.7358762,-2.005876,-2.5558763,-1.1058762,1.3441238,1.1341238,-0.84587616
1.4141239,2.1841238,2.544124,2.774124,2.1341238,2.9041238,4.204124,6.0541234,5.8341236,5.4141235,5.1441236,5.5841236,4.344124,3.234124,0.89412385,-0.0058761598,-0.78587615,-0.80587614,-0.85587615,0.70412385,2.5841238,3.0941238,3.6641238,1.5841238,1.0841238,0.7441238,0.50412387,1.0541239,0.57412386,0.90412384,1.0341239,-0.15587616,-1.1958761,-0.0058761598,-0.98587614,-0.5758762,-0.34587616,0.45412385,-0.52587616,-0.19587617,0.56412387
1.5541239,2.3541238,3.1941237,2.9041238,3.4141238,4.4641237,4.514124,5.3641233,5.5241237,5.4341235,2.5541239,3.474124,2.024124,1.9641238,0.76412386,-0.08587616,-0.34587616,-0.71587616,0.15412384,0.43412384,0.6741238,1.2741238,0.9241238,1.2041239,1.0341239,0.5441238,0.57412386,0.44412383,0.78412384,-0.5658762,-0.66587615,-0.01587616,-0.19587617,-1.3058761,-0.42587617,1.4441239,-0.17587616,-0.80587614,-0.35587615,-0.59587616,-0.68587613
1.9941238,2.1741238,3.024124,3.3241239,3.8241239,3.6341238,5.1941237,5.054124,5.1841235,4.2141237,0.8641238,2.2041237,0.48412383,0.17412384,-0.43587616,0.14412384,0.04412384,-0.61587614,-0.07587616,-0.37587616,-0.37587616,0.42412385,0.47412384,-0.23587616,0.51412386,-0.37587616,-1.8758762,-1.5658761,-1.4758762,-1.9258761,-1.6658762,-1.6758761,-2.015876,-1.4158762,-1.4858762,-1.2058761,-0.85587615,-0.11587616,-0.8258762,-1.0158762,-0.80587614
2.3741238,2.044124,4.034124,3.6941237,3.764124,3.3041239,3.014124,3.6841238,3.784124,3.534124,0.85412383,1.1541238,0.9841238,0.76412386,-1.1258762,0.30412385,0.25412384,-0.15587616,-0.89587617,-0.37587616,-0.28587615,-0.0058761598,-0.32587615,-1.6158762,-1.8158761,-2.2858763,-2.1358762,-2.0358763,-2.0458763,-2.235876,-2.4058762,-2.1458762,-1.7958761,-2.1058762,-2.3458762,-1.8258761,-1.2458762,-1.7658762,-0.9558762,0.0041238405,-0.86587614
1.9641238,3.9041238,4.864124,3.6741238,3.9641237,3.6941237,4.0641236,3.8441238,4.0441236,2.764124,0.33412385,1.2141238,1.1041238,1.1741239,0.60412383,-0.5658762,-0.23587616,-0.0058761598,-0.29587615,-0.68587613,-0.53587615,-0.5658762,-0.65587616,-1.1558762,-1.4758762,-1.3958762,-1.5558761,-1.6758761,-1.6658762,-1.7858762,-2.3458762,-2.3258762,-2.1658762,-2.1458762,-1.9158762,-2.215876,-0.97587615,-1.1458762,-2.7858763,-1.7658762,-0.38587615
