wind.json
{"header": {"discipline":0,"disciplineName":"Meteorological products","gribEdition":2,"gribLength":1039,"center":7,"centerName":"US National Weather Service - NCEP(WMC)","subcenter":0,"refTime":"2023-06-28T18:00:00.000Z","significanceOfRT":1,"significanceOfRTName":"Start of forecast","productStatus":0,"productStatusName":"Operational products","productType":1,"productTypeName":"Forecast products","productDefinitionTemplate":0,"productDefinitionTemplateName":"Analysis/forecast at horizontal level/layer at a point in time","parameterCategory":0,"parameterCategoryName":"UnknownDiscipline_0_Category_0","parameterNumber":0,"parameterNumberName":"UnknownParameter_D0_C0_0","parameterUnit":"Unknown","genProcessType":2,"genProcessTypeName":"Forecast","forecastTime":180,"surface1Type":1,"surface1TypeName":"Ground or water surface","surface1Value":0.0,"surface2Type":255,"surface2TypeName":"Missing","surface2Value":0.0,"gridDefinitionTemplate":0,"gridDefinitionTemplateName":"Latitude_Longitude","numberPoints":688,"shape":6,"shapeName":"Earth spherical with radius of 6,371,229.0 m","gridUnits":"degrees","resolution":48,"winds":"true","scanMode":64,"nx":43,"ny":16,"basicAngle":0,"lo1":45.0,"la1":40.0,"lo2":87.0,"la2":55.0,"dx":1.0,"dy":1.0}, "data":
[rows 0 to 15 of 16, columns 0 to 42 of 43]
296.8097,289.8097,311.9097,318.8097,325.3097,297.8097,297.2097,297.10968,323.2097,325.9097,312.9097,323.60968,323.5097,323.60968,323.0097,322.60968,323.0097,323.8097,326.60968,325.8097,323.10968,320.7097,317.0097,320.4097,318.4097,317.3097,315.0097,304.8097,300.5097,304.7097,305.0097,321.5097,323.0097,314.5097,318.7097,313.7097,314.8097,313.5097,320.0097,328.3097,322.3097,321.8097,324.5097
296.7097,311.0097,312.5097,299.4097,310.7097,296.9097,297.0097,295.60968,317.3097,328.2097,327.2097,326.8097,322.0097,321.9097,321.5097,322.60968,323.7097,326.60968,326.4097,325.10968,329.0097,325.2097,328.5097,321.5097,320.5097,316.2097,319.8097,319.2097,313.60968,295.2097,299.0097,299.7097,303.2097,303.10968,306.7097,313.60968,313.0097,315.8097,326.8097,329.10968,324.3097,321.8097,327.9097
300.5097,294.8097,293.2097,305.0097,297.5097,297.3097,297.60968,295.0097,330.3097,327.10968,326.3097,323.3097,322.9097,320.9097,322.8097,321.4097,325.5097,326.7097,327.60968,330.0097,327.60968,327.9097,327.3097,323.8097,318.10968,305.60968,298.9097,293.8097,301.8097,297.9097,298.4097,290.7097,294.60968,292.7097,306.7097,273.2097,292.7097,315.60968,316.60968,321.3097,323.0097,310.2097,285.60968
298.5097,301.5097,309.7097,297.8097,297.9097,297.60968,296.5097,323.2097,323.60968,324.10968,324.3097,323.0097,320.3097,320.5097,319.8097,320.2097,322.60968,327.0097,327.4097,328.2097,327.7097,326.7097,327.0097,324.10968,322.4097,312.8097,319.4097,322.2097,317.10968,318.2097,314.3097,295.3097,291.7097,286.10968,296.3097,298.8097,303.8097,300.8097,295.0097,298.0097,299.10968,296.7097,295.2097
307.4097,311.60968,314.3097,297.60968,297.8097,297.5097,303.60968,323.2097,326.2097,325.10968,323.7097,323.10968,322.3097,320.3097,295.4097,294.5097,322.9097,326.5097,317.3097,326.2097,326.2097,325.9097,319.4097,319.10968,323.7097,324.60968,324.2097,327.2097,323.3097,317.9097,317.7097,320.0097,322.0097,309.10968,317.5097,319.5097,316.5097,309.5097,291.7097,292.9097,300.10968,315.5097,319.8097
313.2097,314.3097,314.5097,298.2097,298.10968,299.0097,308.2097,321.7097,324.0097,327.0097,323.3097,322.4097,324.10968,320.10968,295.7097,295.0097,292.10968,322.60968,323.60968,320.2097,317.3097,320.0097,322.5097,324.4097,324.2097,324.4097,326.0097,324.9097,322.60968,313.9097,320.3097,318.7097,320.60968,317.2097,298.2097,289.4097,301.8097,316.7097,310.0097,324.4097,326.3097,321.3097,323.0097
312.4097,316.10968,316.2097,317.5097,298.9097,298.0097,298.0097,297.60968,326.7097,325.3097,323.10968,322.10968,309.4097,321.2097,298.7097,294.4097,307.5097,319.0097,324.4097,322.9097,320.3097,320.5097,319.60968,319.60968,321.60968,322.10968,322.0097,321.3097,319.0097,291.0097,324.60968,324.4097,321.8097,318.3097,317.9097,317.60968,310.10968,308.2097,301.10968,295.0097,319.7097,320.5097,321.2097
314.60968,316.7097,318.3097,319.10968,318.10968,319.4097,313.4097,319.3097,322.9097,321.7097,322.3097,319.7097,322.8097,321.10968,320.10968,320.5097,320.7097,321.5097,324.5097,322.7097,321.60968,318.10968,313.7097,316.4097,316.60968,318.3097,315.8097,314.7097,317.2097,315.2097,324.5097,325.2097,322.3097,321.7097,318.7097,318.10968,312.8097,308.9097,292.4097,286.5097,295.60968,294.2097,311.9097
314.4097,305.2097,307.9097,317.5097,317.2097,316.0097,317.3097,317.3097,319.4097,317.5097,317.5097,318.8097,319.60968,317.0097,320.3097,315.5097,320.7097,319.0097,322.2097,320.5097,321.5097,318.0097,310.9097,316.3097,314.60968,314.5097,314.3097,312.3097,312.5097,314.4097,314.60968,314.9097,303.2097,316.10968,314.10968,309.3097,309.4097,315.2097,318.3097,288.9097,311.60968,311.9097,308.7097
294.7097,312.2097,312.9097,315.0097,315.5097,314.9097,314.9097,315.4097,315.10968,315.0097,314.9097,316.3097,317.10968,311.60968,316.3097,316.60968,317.3097,319.5097,319.7097,318.9097,319.60968,320.10968,314.60968,313.8097,313.10968,312.10968,310.10968,312.60968,308.60968,307.9097,307.4097,304.9097,307.3097,308.9097,309.0097,308.60968,307.9097,307.10968,310.4097,310.60968,294.4097,293.5097,295.4097
304.9097,309.0097,310.8097,312.7097,312.7097,311.8097,311.2097,312.60968,312.60968,310.7097,310.60968,312.4097,312.2097,313.0097,305.7097,314.2097,313.8097,316.10968,315.3097,314.10968,317.4097,319.5097,315.60968,315.3097,315.7097,312.9097,310.60968,308.8097,309.3097,308.4097,305.7097,307.8097,309.0097,312.3097,312.8097,313.0097,311.9097,309.4097,301.4097,297.5097,299.10968,297.60968,295.8097
301.3097,297.7097,306.8097,306.4097,307.60968,308.3097,308.2097,308.60968,307.7097,306.2097,306.3097,307.4097,308.10968,309.60968,311.60968,311.4097,310.8097,309.9097,310.60968,309.9097,313.9097,312.2097,313.3097,314.5097,311.8097,311.0097,308.3097,307.2097,305.5097,311.10968,312.10968,315.3097,314.60968,313.0097,314.4097,309.60968,309.9097,305.9097,298.3097,297.60968,298.10968,296.8097,297.5097
298.3097,300.60968,302.60968,303.2097,305.7097,305.3097,304.7097,304.5097,303.8097,303.8097,303.60968,304.3097,304.2097,297.2097,305.3097,302.0097,303.7097,310.10968,309.4097,304.9097,308.3097,309.2097,307.8097,308.60968,309.9097,310.0097,305.0097,309.7097,310.0097,312.60968,315.0097,314.5097,310.2097,311.4097,309.2097,308.10968,305.0097,307.60968,305.5097,305.7097,300.0097,298.9097,300.4097
297.9097,298.5097,299.0097,300.3097,302.9097,302.2097,301.10968,301.4097,302.10968,304.4097,304.5097,303.10968,298.8097,298.2097,301.4097,294.4097,296.4097,304.0097,306.9097,306.0097,307.4097,305.0097,304.8097,302.60968,304.0097,299.7097,309.9097,312.4097,315.2097,312.0097,311.5097,310.10968,311.3097,310.0097,307.60968,307.60968,306.5097,305.5097,305.10968,303.7097,301.10968,302.9097,301.9097
297.4097,297.7097,298.2097,299.7097,295.3097,300.3097,299.5097,298.9097,298.60968,298.0097,300.2097,301.4097,298.4097,297.2097,299.5097,299.7097,294.3097,301.9097,301.9097,298.4097,303.5097,304.2097,307.7097,304.5097,306.10968,306.9097,307.60968,310.2097,308.8097,307.7097,309.0097,309.4097,310.5097,310.4097,308.9097,307.7097,305.5097,305.0097,303.7097,303.10968,303.9097,300.60968,301.4097
295.7097,295.9097,296.60968,298.2097,291.3097,299.4097,299.9097,298.8097,298.9097,298.0097,299.8097,299.7097,299.2097,298.3097,297.4097,299.5097,299.5097,298.60968,295.10968,301.7097,305.10968,301.5097,303.5097,300.60968,303.4097,304.4097,304.5097,304.8097,305.0097,306.5097,305.4097,310.0097,305.8097,298.0097,307.4097,306.9097,306.10968,305.2097,303.0097,301.3097,303.7097,303.2097,303.3097
