wind.json
{"header": {"discipline":0,"disciplineName":"Meteorological products","gribEdition":2,"gribLength":1125,"center":7,"centerName":"US National Weather Service - NCEP(WMC)","subcenter":0,"refTime":"2023-07-02T06:00:00.000Z","significanceOfRT":1,"significanceOfRTName":"Start of forecast","productStatus":0,"productStatusName":"Operational products","productType":1,"productTypeName":"Forecast products","productDefinitionTemplate":0,"productDefinitionTemplateName":"Analysis/forecast at horizontal level/layer at a point in time","parameterCategory":2,"parameterCategoryName":"UnknownDiscipline_0_Category_2","parameterNumber":3,"parameterNumberName":"UnknownParameter_D0_C2_3","parameterUnit":"Unknown","genProcessType":2,"genProcessTypeName":"Forecast","forecastTime":0,"surface1Type":103,"surface1TypeName":"Specified height level above ground","surface1Value":10.0,"surface2Type":255,"surface2TypeName":"Missing","surface2Value":0.0,"gridDefinitionTemplate":0,"gridDefinitionTemplateName":"Latitude_Longitude","numberPoints":688,"shape":6,"shapeName":"Earth spherical with radius of 6,371,229.0 m","gridUnits":"degrees","resolution":48,"winds":"true","scanMode":64,"nx":43,"ny":16,"basicAngle":0,"lo1":45.0,"la1":40.0,"lo2":87.0,"la2":55.0,"dx":1.0,"dy":1.0}, "data":
[rows 0 to 15 of 16, columns 0 to 42 of 43]
2.362151,-0.8578491,-1.6878492,1.0221509,0.59215087,2.4221509,0.6321509,-1.3678491,-3.3578491,-4.827849,-3.5778491,-2.927849,-4.457849,-5.357849,-6.437849,-8.147849,-7.547849,-6.127849,-0.10784912,-1.9578491,-5.127849,-1.3478491,0.17215088,-4.567849,-4.1778493,-2.907849,-3.127849,-4.6778493,-3.147849,2.372151,4.522151,3.572151,3.802151,3.282151,-0.40784913,1.3921509,2.6521509,3.272151,2.352151,2.282151,0.9421509,-0.8078491,-0.9178491
-1.1478491,-1.1178491,2.5121508,2.612151,-2.3578491,-2.197849,2.622151,-0.48784912,-2.7578492,-3.8378491,-3.2878492,-4.127849,-5.337849,-5.917849,-6.1578493,-5.1778493,-6.037849,-8.087849,-3.897849,-2.377849,-1.2478491,-1.5378491,-1.5978491,-0.03784912,0.42215088,1.1321509,2.792151,1.1121509,1.2721509,-0.35784912,-1.7678491,-2.207849,0.66215086,3.1421509,-0.5478491,1.8321509,1.4721509,1.4521508,3.352151,2.5121508,0.23215088,0.73215085,-0.7378491
-0.5478491,2.842151,0.48215088,4.832151,-3.627849,-4.017849,-0.89784914,1.2821509,-1.2278491,-2.927849,-3.0678492,-3.7978492,-3.8278491,-4.857849,-5.607849,-5.877849,-6.337849,-6.4278493,-5.547849,-0.8178491,-2.447849,-1.2478491,-1.3978491,1.2821509,0.8721509,-0.12784912,2.9621508,3.352151,3.372151,0.11215088,-0.89784914,1.2521509,-2.137849,-1.8578491,0.7621509,-2.8578491,3.1921508,3.1921508,2.112151,5.742151,0.23215088,1.9721509,-0.20784912
-2.2378492,-2.2578492,-2.0278492,-4.417849,-4.017849,-2.3578491,-1.9478492,-0.9278491,-0.64784914,-0.21784912,-1.7278491,-2.2578492,-3.3578491,-3.687849,-4.6378493,-6.237849,-5.527849,-6.597849,-4.747849,0.36215088,-1.5878491,-0.32784912,-1.4878491,-0.5678491,2.292151,2.5121508,-3.207849,-1.8078492,-0.7478491,-1.9178491,-0.18784912,-1.7378491,-3.187849,1.1821508,-0.83784914,0.6921509,1.2021508,-1.7778491,-4.3878493,-0.29784912,-3.0378492,0.5021509,1.0121509
-0.83784914,-0.71784914,-1.0278491,-2.5378492,-3.137849,-2.647849,-1.1178491,-0.76784915,-1.0178491,-0.34784913,-0.57784915,-1.2178491,-1.7878491,-2.2578492,-3.5278492,-4.647849,-5.587849,-4.2178493,-4.937849,-1.8178492,-0.05784912,0.5621509,-1.4978491,-2.0678492,2.6621509,2.4521508,1.6221509,0.79215086,-0.51784915,-0.7878491,-1.6978492,-2.3478491,2.102151,0.98215085,0.60215086,0.5621509,1.4221509,1.6521509,2.2021508,0.7121509,-5.4078493,-4.857849,-4.9278493
-2.677849,-2.6078491,-2.5778491,-2.197849,-2.397849,-2.717849,-3.477849,-2.7678492,-1.7478491,-1.2578491,-1.7178491,-0.3378491,-0.51784915,-2.147849,-1.3878491,-4.6978493,-3.477849,-0.9178491,-2.7678492,-3.117849,1.4621509,1.7121509,4.3821507,3.092151,2.622151,2.9821508,3.1821508,2.572151,1.1621509,0.122150876,-1.9178491,-3.957849,-5.147849,-7.077849,-2.437849,-3.427849,1.0021509,1.1421509,1.6121509,2.4921508,-0.9778491,-3.117849,-2.467849
-1.5878491,-2.3478491,-1.9078491,-1.6578491,-1.1678491,-1.8778491,-2.147849,-3.217849,-2.157849,-0.6278491,-0.28784913,0.4721509,0.6221509,0.21215087,-2.1078491,-2.8278491,-1.8978491,-1.8378491,-2.897849,3.1921508,5.252151,4.192151,4.3821507,4.3221507,4.3221507,3.7221508,3.542151,4.222151,2.342151,-5.097849,-0.31784913,-2.0478492,-4.397849,-6.567849,-5.667849,-5.627849,-3.8278491,-0.16784912,-4.1378493,-3.8078492,-1.7278491,-3.187849,1.2821509
-1.5078491,-2.187849,-2.5378492,-2.367849,-1.8178492,-1.6578491,-1.4378492,-2.5578492,-1.9278492,-0.46784914,0.5021509,1.8421509,1.9721509,0.8621509,-2.0978491,-4.267849,-3.647849,-1.6378491,-1.5178491,7.262151,8.172151,5.672151,5.422151,5.162151,5.202151,5.142151,4.962151,4.512151,3.4021509,4.732151,3.782151,-0.21784912,-1.8778491,-3.2778492,-5.1578493,-5.847849,1.7521509,-0.8078491,-2.117849,-4.237849,-3.917849,-0.027849121,-5.087849
-1.8178492,-2.5378492,-2.7778492,-2.0778491,-1.5878491,-1.2078491,-0.6878491,-1.7378491,-0.82784915,-0.90784913,0.8821509,2.302151,2.8921509,1.6521509,-1.1378491,-1.3978491,0.78215086,-0.9878491,-1.0478492,7.972151,9.08215,8.062151,6.932151,6.5721507,6.442151,5.522151,4.452151,4.712151,5.102151,4.222151,2.622151,0.7421509,-0.6178491,-2.4978492,-3.937849,-5.1578493,-4.6378493,-3.0678492,-2.8578491,-0.9478491,1.5221509,-0.5678491,0.33215088
-2.0378492,-1.7778491,-2.8378491,-3.907849,-2.427849,-1.1778492,-0.20784912,-1.0678492,0.29215088,1.2821509,1.7621509,2.552151,2.2121508,1.3721509,-0.82784915,0.16215087,6.8421507,6.142151,1.2121509,5.902151,9.062151,8.772151,6.732151,6.672151,4.972151,4.1321507,3.852151,3.072151,4.892151,4.102151,2.102151,2.362151,0.9921509,-1.7278491,-2.617849,-4.007849,-5.097849,-5.027849,-2.947849,-4.2178493,-5.1978493,-2.947849,-0.83784914
-1.2678491,-1.7278491,-2.427849,-2.5878491,-2.4978492,-0.9178491,-0.59784913,-0.65784913,0.19215088,2.532151,3.342151,2.9521508,2.2321508,1.4021509,0.03215088,0.7421509,9.862151,8.612151,-0.47784913,7.042151,9.87215,7.892151,7.472151,5.6321507,3.7521508,3.042151,3.302151,3.1821508,3.882151,2.7321508,1.9421508,2.302151,2.7021508,0.5821509,-1.5578492,-1.8878491,-3.7478492,-3.8378491,-1.1478491,3.0121508,-3.2378492,-2.8578491,-1.7078491
-0.52784914,-1.6878492,-1.8678491,-2.2478492,-1.6578491,-0.70784914,0.06215088,0.08215088,0.78215086,3.2321508,3.072151,2.842151,2.572151,-0.71784914,0.8021509,7.492151,6.8821507,7.8621507,0.22215088,8.83215,10.252151,6.452151,6.172151,4.722151,3.322151,3.5021508,3.9721508,4.242151,3.9421508,3.7621508,2.832151,3.042151,2.1821508,2.352151,0.92215085,-1.0678492,-2.2778492,-4.537849,-3.5178492,-1.3878491,-0.52784914,-0.9778491,-1.0678492
-1.2078491,-1.4478492,-1.7678491,-1.7678491,-1.0078491,-1.0878491,-0.21784912,1.3221508,2.9121509,4.0321507,3.7521508,2.532151,1.8021508,1.7921509,2.7221508,7.0721507,4.7821507,5.902151,6.662151,9.152151,8.882151,7.8821507,6.682151,5.0721507,4.562151,4.0521507,4.932151,4.082151,4.3421507,4.122151,2.9221509,2.7321508,1.9421508,0.8721509,1.7221509,-0.41784912,-1.7478491,-2.167849,-2.2578492,-1.8678491,-2.727849,-2.5578492,-0.047849122
-0.24784912,-0.96784914,-1.7478491,-1.9578491,-0.6178491,-1.4278492,-1.0078491,0.72215086,2.822151,4.3021507,4.3021507,3.622151,0.8121509,2.4321508,5.5721507,6.562151,2.372151,-1.7478491,5.812151,7.272151,7.512151,8.142151,7.3821507,6.8621507,6.202151,5.812151,5.212151,5.712151,4.692151,4.402151,3.522151,2.7521508,1.3621509,-0.95784914,0.49215087,0.14215088,-0.08784912,-2.0978491,0.34215087,0.7121509,0.31215087,-0.10784912,-0.38784912
0.3521509,-0.6278491,-1.0378491,-0.70784914,-1.1978492,-1.1478491,-0.20784912,2.7521508,3.032151,2.322151,3.292151,3.132151,2.122151,1.4521508,7.0721507,5.5521507,4.002151,0.5521509,5.0921507,6.422151,7.352151,8.232151,7.7821507,6.662151,5.492151,4.512151,4.922151,4.722151,4.582151,4.142151,3.9021509,3.292151,2.092151,-0.29784912,-0.29784912,0.2521509,0.3221509,-0.31784913,-0.8078491,0.6221509,-1.4978491,1.1221509,-0.6978491
0.002150879,-0.89784914,0.09215088,-0.28784913,-0.46784914,-0.9378491,0.5821509,2.6921508,2.6921508,2.0021508,1.9721509,2.052151,2.872151,2.782151,6.6321507,8.192151,6.502151,3.7021508,6.722151,6.422151,7.1121507,6.972151,6.652151,5.712151,4.3021507,4.372151,3.772151,4.202151,4.762151,4.812151,4.6321507,3.852151,3.132151,-0.12784912,-0.18784912,-0.3978491,-0.13784912,-0.16784912,2.7321508,-0.84784913,-0.3078491,-0.15784912,0.09215088
