wind_kz.json
{"header": {"discipline":0,"disciplineName":"Meteorological products","gribEdition":2,"gribLength":1025,"center":7,"centerName":"US National Weather Service - NCEP(WMC)","subcenter":0,"refTime":"2023-08-26T12:00:00.000Z","significanceOfRT":1,"significanceOfRTName":"Start of forecast","productStatus":0,"productStatusName":"Operational products","productType":1,"productTypeName":"Forecast products","productDefinitionTemplate":0,"productDefinitionTemplateName":"Analysis/forecast at horizontal level/layer at a point in time","parameterCategory":2,"parameterCategoryName":"UnknownDiscipline_0_Category_2","parameterNumber":2,"parameterNumberName":"UnknownParameter_D0_C2_2","parameterUnit":"Unknown","genProcessType":2,"genProcessTypeName":"Forecast","forecastTime":180,"surface1Type":103,"surface1TypeName":"Specified height level above ground","surface1Value":10.0,"surface2Type":255,"surface2TypeName":"Missing","surface2Value":0.0,"gridDefinitionTemplate":0,"gridDefinitionTemplateName":"Latitude_Longitude","numberPoints":615,"shape":6,"shapeName":"Earth spherical with radius of 6,371,229.0 m","gridUnits":"degrees","resolution":48,"winds":"true","scanMode":64,"nx":41,"ny":15,"basicAngle":0,"lo1":47.0,"la1":41.0,"lo2":87.0,"la2":55.0,"dx":1.0,"dy":1.0}, "data":
[rows 0 to 14 of 15, columns 0 to 40 of 41]
-3.1647193,0.21528076,-0.14471924,-1.0047193,-2.4147193,-4.5547194,-3.4947193,-4.044719,-4.104719,-1.9847193,-2.8647192,-2.8447192,-2.3047192,-0.52471924,0.35528076,0.8952808,2.2752807,-1.9447192,-3.6247191,-1.8147192,0.6452808,0.9552808,-0.29471925,0.46528077,1.8752807,-2.4447193,-2.2947192,1.2952808,0.6952808,-0.7247192,-1.6347193,0.65528077,1.0152807,1.1752808,-4.184719,-4.704719,-2.5347192,-4.474719,-5.354719,-2.7147193,-3.4247193
1.2452807,-0.15471923,-1.1047193,-0.34471923,-5.294719,-5.664719,-3.4647193,-4.744719,-2.4947193,-1.6147193,-2.6847193,-2.9947193,-1.6047193,-0.62471926,0.5152808,0.93528074,2.6352808,-1.2547193,-0.10471924,-2.0247192,-0.28471923,-0.074719235,0.93528074,-0.9747192,1.4052807,1.2752807,-0.13471924,1.5052807,0.27528077,-3.2747192,-0.50471926,-0.7947192,1.4452808,0.72528076,0.5152808,0.74528074,-1.9447192,0.7052808,0.22528076,1.3552808,-2.1647193
-1.9547192,-4.814719,-6.084719,-7.2547193,-6.8047194,-4.7147193,-3.5847192,-1.6947192,-3.4747193,-2.3947191,-1.0147192,0.80528075,-0.10471924,-0.77471924,0.55528075,0.31528077,-1.1747192,-0.9747192,-0.90471923,-1.0247192,-0.13471924,1.9352808,1.6252807,1.7452807,1.8552808,1.8652807,2.4352808,2.2952807,0.81528074,0.85528076,-1.2547193,2.1452808,-0.6047192,-0.41471922,1.1952808,0.15528077,-2.7347193,0.5752808,-0.7347192,0.28528076,-0.09471924
-3.8047192,-7.1747193,-6.764719,-6.3447194,-4.624719,-2.7147193,0.30528077,-1.3147192,-0.18471923,0.45528075,0.8852808,2.6152809,2.8852808,2.9652808,1.1252807,0.91528076,0.62528074,0.23528077,1.3652807,1.5352807,2.0452807,0.56528074,3.8252807,3.6452808,2.9352808,2.9052808,1.6252807,-0.68471926,1.2252808,1.0052807,0.8852808,-2.7447193,-2.1447191,-1.0447192,-0.23471923,-1.2047192,-1.1847192,0.9452808,-0.49471924,-1.4347192,1.5152807
-4.0347195,-6.4647193,-5.894719,-4.9247193,-3.8447192,-1.0047193,-0.43471923,1.4152808,1.9652808,2.4952807,1.8652807,0.14528076,-0.024719238,0.6452808,3.2452807,1.2852807,3.0352807,2.6752808,2.9652808,2.5352807,2.2152808,3.0352807,3.4952807,3.0152807,3.4852808,0.14528076,-1.1047193,2.3752809,1.1152807,-1.1447192,-2.2947192,-2.1647193,-1.5547192,-0.50471926,-1.7847192,-0.22471924,2.2252808,-1.2147193,0.48528075,-1.5947193,-3.2747192
-2.1947193,-1.1247193,0.40528077,0.54528075,-0.21471924,-0.65471923,-1.0347192,0.7652808,0.13528076,0.18528076,1.9052807,2.3452806,3.4152808,4.6952806,4.0952806,2.0152807,2.2252808,2.7452807,2.4252808,2.4352808,1.4752808,1.3452808,0.9552808,1.4452808,2.4252808,2.1552808,4.705281,1.6152807,1.6952808,-2.5147192,-2.5347192,-3.0747192,-4.2147193,-3.4947193,-1.7847192,0.36528075,-1.2347193,-1.0347192,1.7452807,-2.9747193,-4.524719
-2.9547193,-3.0547192,-3.1647193,-3.3947191,-2.6347191,-1.7347193,-0.93471926,-1.2247193,-1.0247192,-1.0547192,-1.2647192,0.54528075,0.6352808,-2.6247191,-1.3847193,-0.95471925,0.53528076,1.5052807,1.9452808,1.1252807,1.9352808,0.16528076,-0.7847192,0.97528076,-0.30471924,1.7452807,-0.41471922,-1.2247193,-0.26471925,-0.89471924,-2.4347193,-2.6047192,-1.5947193,-2.2047193,-2.1647193,-1.1447192,-1.2547193,1.2352808,-2.0047193,2.1352808,2.9652808
-3.5247192,-3.7047193,-3.5947192,-3.2947192,-2.3947191,-2.0847192,-1.6447192,-1.9847193,-1.1947192,-1.5447192,-2.3747191,-1.8247192,-2.7447193,-2.4447193,-0.7247192,0.42528075,0.9652808,1.6252807,2.2752807,1.6652808,2.6052809,3.0952806,1.1652808,0.87528074,0.9452808,-0.7347192,-0.95471925,-1.0147192,-1.1347193,0.0052807615,-0.93471926,-1.0847192,-2.1447191,-0.42471924,-0.9247192,0.40528077,1.7452807,0.54528075,1.9152808,1.4552808,0.48528075
-3.0347192,-2.8647192,-2.2447193,-2.3647192,-2.1147192,-2.2847192,-2.0547192,-1.6547192,-2.5547192,-2.9647193,-2.9347193,-1.3947192,-0.05471924,0.32528076,0.9552808,1.7352808,1.5052807,2.0152807,1.2252808,1.2252808,1.7352808,2.9752808,0.22528076,-0.89471924,0.22528076,-1.1947192,-1.3347192,-1.0447192,-0.6047192,-1.4147192,-1.6747192,-0.7947192,-0.03471924,-0.81471926,-1.2847192,-1.0447192,-0.69471925,-1.4647193,-1.3647193,-0.34471923,-1.3847193
-2.1547194,-1.3947192,-1.1947192,-2.4347193,-2.7047193,-2.6847193,-2.7247193,-2.3947191,-2.4147193,-3.0747192,-1.9447192,-1.7947192,-0.7947192,0.43528077,0.9452808,1.1652808,1.1352807,1.1552807,1.5652808,1.2552807,0.74528074,-0.0147192385,0.105280764,0.24528076,1.0352807,0.6352808,0.56528074,-0.35471925,0.03528076,-0.5547192,-1.4047192,-2.1147192,-3.5447192,-3.1047192,-0.52471924,-1.6447192,-2.0547192,-0.69471925,-2.1147192,-0.82471925,-1.0547192
-1.7147193,-1.9047192,-2.6747193,-2.7547193,-2.5147192,-2.8847191,-2.4347193,-2.4647193,-2.8147192,-3.0947192,-1.7547193,-0.83471924,1.0452808,0.53528076,0.29528075,0.20528077,-0.15471923,1.1652808,0.9552808,0.32528076,1.4752808,1.1252807,1.0152807,1.1852808,-0.47471923,0.32528076,1.3752807,1.8952807,-0.19471924,-0.69471925,1.6852808,-1.7947192,-2.6047192,-2.9547193,-2.6647193,-1.4647193,-1.3547193,0.015280762,-1.3847193,0.46528077,-1.4047192
-0.9147192,-1.2947192,-2.3347192,-2.2747192,-2.0747192,-1.5547192,-1.1847192,-1.0747192,-0.7247192,-2.1647193,-2.0447192,0.27528077,1.7552807,0.37528077,-0.65471923,0.45528075,-0.39471924,-0.45471925,0.40528077,0.6352808,0.8252808,1.1052808,-0.5347192,0.015280762,1.4952807,1.8752807,2.0952806,1.8252808,1.4452808,-1.0847192,-1.0047193,-1.5347192,-1.3747193,-1.5947193,-0.89471924,-1.2647192,0.85528076,0.09528076,0.91528076,-0.6047192,-1.0347192
-0.6647192,-0.56471926,-1.5947193,-1.6947192,-1.2647192,-0.89471924,-1.1647192,-1.7047192,-1.8747193,-0.47471923,-0.65471923,0.35528076,0.9452808,0.015280762,0.07528076,0.86528075,0.61528075,1.4552808,1.3652807,1.7052808,1.2852807,1.2252808,1.1252807,0.045280762,0.75528073,1.5952808,-0.20471925,-1.5447192,-1.4247192,-1.4047192,0.44528076,0.24528076,-0.08471924,0.8252808,1.4552808,2.2152808,1.2152808,-0.16471924,-0.12471924,-1.1447192,-1.4647193
0.32528076,0.24528076,-0.9747192,-1.0047193,-1.0647192,-0.65471923,-0.9247192,-1.5147192,0.28528076,-0.6047192,-0.9747192,0.42528075,1.6452807,1.3252808,1.2252808,1.2752807,1.0552808,1.0052807,0.93528074,0.7752808,-0.50471926,-0.29471925,-0.27471924,-0.88471925,0.025280762,-1.5047193,-2.3047192,-1.8847193,-0.9847192,0.03528076,0.90528077,0.62528074,0.75528073,1.3752807,2.2252808,2.7952807,1.0552808,-0.22471924,-1.2647192,-0.64471924,-1.3147192
-0.45471925,-0.89471924,-0.8547192,-0.56471926,-0.75471926,-0.43471923,0.25528076,-0.5447192,0.61528075,-0.40471923,-1.0247192,0.34528077,0.7752808,1.6552807,1.7952808,2.0252807,1.7452807,1.3252808,1.1952808,0.09528076,0.12528077,0.33528078,0.05528076,-1.0447192,-1.9047192,-2.0047193,-1.2147193,-0.57471925,1.0652808,1.4152808,1.5652808,1.7752807,1.3352808,1.7852807,1.0752808,0.46528077,0.47528076,-0.08471924,-2.0547192,-1.0647192,-1.2347193
