wind_kz.json
{"header": {"discipline":0,"disciplineName":"Meteorological products","gribEdition":2,"gribLength":1025,"center":7,"centerName":"US National Weather Service - NCEP(WMC)","subcenter":0,"refTime":"2023-08-27T06:00:00.000Z","significanceOfRT":1,"significanceOfRTName":"Start of forecast","productStatus":0,"productStatusName":"Operational products","productType":1,"productTypeName":"Forecast products","productDefinitionTemplate":0,"productDefinitionTemplateName":"Analysis/forecast at horizontal level/layer at a point in time","parameterCategory":2,"parameterCategoryName":"UnknownDiscipline_0_Category_2","parameterNumber":2,"parameterNumberName":"UnknownParameter_D0_C2_2","parameterUnit":"Unknown","genProcessType":2,"genProcessTypeName":"Forecast","forecastTime":60,"surface1Type":103,"surface1TypeName":"Specified height level above ground","surface1Value":10.0,"surface2Type":255,"surface2TypeName":"Missing","surface2Value":0.0,"gridDefinitionTemplate":0,"gridDefinitionTemplateName":"Latitude_Longitude","numberPoints":615,"shape":6,"shapeName":"Earth spherical with radius of 6,371,229.0 m","gridUnits":"degrees","resolution":48,"winds":"true","scanMode":64,"nx":41,"ny":15,"basicAngle":0,"lo1":47.0,"la1":41.0,"lo2":87.0,"la2":55.0,"dx":1.0,"dy":1.0}, "data":
[rows 0 to 14 of 15, columns 0 to 40 of 41]
-3.4524708,0.5375293,-0.022470703,-1.0324707,0.5375293,2.4775293,4.0975294,4.897529,-1.4524707,0.5575293,-0.3824707,-4.352471,-4.582471,1.3075293,2.1975293,-0.6824707,-1.5024707,-0.042470705,-1.4624707,1.0675293,0.2275293,1.3475293,-1.8424706,-1.4524707,0.4775293,-1.9024707,-2.6424706,-2.3924706,-0.1624707,-0.7924707,-2.2124708,1.9475293,0.5075293,1.6275293,-1.8324707,-0.39247072,-2.6724708,-3.1024706,-5.0324707,-2.1524706,-0.6724707
1.5475293,1.1675293,0.057529297,-0.15247071,-0.1024707,0.9075293,-2.2124708,-3.1724708,-2.0124707,-1.4724708,-1.3124707,-2.1324706,-1.3324707,-0.9724707,-2.2524707,-0.3124707,4.547529,1.3975292,0.6875293,1.9375293,1.9375293,1.3875293,-0.4724707,-3.0624707,0.7275293,1.1975293,-0.6024707,-1.0024707,-3.8424706,-3.5024707,-0.1924707,-1.0924706,0.74752927,-3.1524706,0.20752929,0.4375293,-1.9724708,0.6475293,0.3175293,1.1075293,1.0375293
-1.0624707,-0.75247073,-1.2724707,-0.3424707,0.057529297,-0.1724707,-1.5624707,-0.1324707,0.007529297,0.9575293,0.4875293,0.7575293,-0.12247071,-0.8524707,0.41752928,0.5575293,-0.032470703,2.3975294,3.1475294,0.8075293,3.0775292,2.6075294,-1.3324707,-1.2824707,-1.5724707,-0.3424707,-0.3724707,1.3175293,-2.8124707,-0.5724707,-2.5924706,3.2375293,-0.7824707,-1.1424707,0.41752928,-1.0924706,-0.9524707,0.1875293,-0.6824707,0.7975293,0.38752928
-1.3824707,-0.6024707,-0.1724707,0.8075293,0.7075293,1.0175292,1.9675293,2.7775292,4.4675293,3.8575294,3.9875293,2.4875293,4.6775293,3.5675292,1.8175293,3.1875293,1.4875293,3.0575292,3.2575293,3.4675293,1.4575293,0.5775293,-0.1924707,-0.7824707,-1.8024707,-1.6724707,-2.9424708,-3.9024706,-2.8724706,-1.8324707,-2.2824707,-7.6324706,-3.3024707,-3.2624707,-2.1824708,-2.5324707,-2.3024707,0.7075293,1.0975293,-1.3324707,0.5675293
-2.0224707,0.3675293,1.0775293,2.7175293,3.5775292,2.3175292,2.2575293,4.8475294,1.7975293,1.5775293,2.9375293,3.1475294,6.457529,8.297529,5.897529,4.6175294,4.4975295,3.0675292,4.4075294,2.2175293,2.2775292,0.9375293,-0.5224707,-0.6424707,-2.0124707,-4.2524705,-5.082471,-3.6724708,-4.312471,-4.7324705,-5.2224708,-3.1424706,-3.0824707,-0.18247071,1.0875293,1.6575294,0.6975293,-2.9324708,-3.3724706,-1.8124707,-2.2624707
-1.4824708,0.6275293,2.2875292,-0.9724707,2.2975292,3.6875293,4.607529,4.4275293,3.7875292,5.7475295,5.5275292,6.3275294,6.457529,8.927529,7.7775292,4.2675295,5.047529,5.2175293,7.9975295,2.5875292,0.4675293,1.2575293,-2.1024706,-1.5024707,-3.3424706,-5.2724705,-3.2024708,-6.0924706,-6.0524707,-5.8624706,-5.3024707,-4.2324705,-4.062471,-3.5424707,-1.2324708,-4.0524707,-0.6524707,-4.2724705,-1.4524707,-0.4324707,-1.5424707
0.6975293,1.3075293,-1.3824707,0.4975293,2.5475292,3.1375294,4.457529,5.187529,4.837529,5.3675294,3.9675293,5.6575294,6.567529,6.457529,6.2775292,5.5975294,4.4975295,5.647529,2.2475293,2.8975294,3.1275294,-1.1024708,-1.9924707,-2.1424706,-2.7224708,-5.812471,-4.582471,-5.892471,-5.4924707,-4.9724708,-4.542471,-3.7024708,-2.9124708,-3.5024707,-4.0224705,-3.6824708,-1.6424707,1.6275293,-2.9624708,1.6875293,1.2675292
2.2275293,-0.3024707,-1.3424706,1.7975293,3.9775293,5.5975294,4.667529,4.147529,5.3875294,6.1175294,6.207529,5.687529,5.317529,6.047529,5.5375295,7.417529,0.9775293,-1.4624707,0.6975293,3.1375294,8.787529,1.4475293,0.8075293,-2.8924706,-3.0624707,-3.9424708,-4.7524705,-4.562471,-2.9624708,-2.2324708,-2.9224708,-3.3924706,-2.9024706,-1.0524707,-4.182471,-2.4024706,-1.3324707,-0.9824707,0.5675293,1.1175293,-0.4624707
2.6075294,-1.6024708,1.4875293,2.5875292,3.9575293,4.7275295,5.2875295,5.147529,8.35753,8.72753,6.317529,5.2275295,4.7475295,4.9875293,4.957529,3.5375292,0.38752928,1.0975293,1.7875293,2.9075294,3.9075294,7.6375294,2.3875294,1.3875293,-1.5724707,-2.4924707,-4.622471,-3.7624707,-1.8224707,-1.9124707,-2.2924707,-1.9024707,0.037529297,-3.0524707,-2.3124707,-1.8824707,-1.0624707,-2.5324707,-1.2524707,-0.36247072,-0.6524707
2.5375292,0.2775293,3.0275292,3.2575293,4.5575294,6.397529,7.877529,7.7575293,8.707529,6.8475294,3.5875292,5.6175294,3.7075293,1.8975292,3.9475293,3.7075293,1.4475293,1.7175293,2.5375292,2.3075292,4.2175293,4.5575294,2.3675294,1.5475293,-3.0624707,-2.8324707,-3.2424707,-3.3124707,-2.2624707,-2.1524706,-1.6724707,-1.8524708,-2.8224707,-3.6324706,-3.1824708,-2.4524708,-2.2724707,-0.1424707,-2.4124708,-0.4824707,-0.39247072
1.7175293,2.0675292,2.1075294,2.9875293,3.8275292,3.9075294,2.0675292,4.2275295,1.4875293,1.5075293,-0.9824707,3.6675293,4.3475294,5.2375293,2.7075293,3.1975293,1.3075293,0.1675293,0.4075293,-3.2724707,0.1975293,-0.0724707,-1.0024707,2.9775293,-2.6724708,-3.7524707,-3.9124708,-3.2424707,-2.8724706,-2.9824708,-3.7224708,-4.0924706,-4.3024707,-2.8524706,-3.1524706,-2.6724708,-1.5724707,-0.6324707,-0.9324707,0.7675293,-1.4724708
1.1975293,1.9275293,2.2075293,1.4875293,1.8775293,0.4275293,0.007529297,-1.0324707,-1.1524707,-1.3424706,1.1075293,3.1875293,2.9575293,5.107529,4.1175294,3.1075294,0.4875293,-0.2624707,-1.4924707,-1.6124707,-0.7824707,-1.2824707,-0.3824707,3.8175292,-4.2724705,-4.4224706,-6.2324705,-5.852471,-6.0224705,-6.1724706,-4.9924707,-4.812471,-3.8924706,-3.8924706,-4.5224705,-3.8424706,-2.3024707,-0.8324707,-0.7224707,-1.2024707,-0.8824707
1.6875293,2.2375293,2.0875292,0.1075293,0.3675293,0.5675293,-0.1624707,0.7575293,0.8375293,2.4275293,1.8875293,4.5175295,5.7475295,5.5075293,4.5175295,-1.5324707,-2.7624707,-2.6124706,-0.5824707,-0.9424707,2.1575294,-0.2524707,-1.3024707,-1.0824707,-3.1024706,-6.1724706,-7.062471,-7.2624707,-6.412471,-4.6924706,-4.292471,-3.8524706,-3.6024706,-3.7324708,-3.4124708,-3.9224708,-3.3524706,-2.3824706,-3.6724708,-2.9224708,-1.4124707
2.3375292,1.9475293,2.0875292,1.0175292,0.1675293,0.1375293,0.087529294,-0.2224707,0.8475293,1.7075293,2.0475292,1.4275293,-1.1424707,-1.3324707,-4.5724707,0.8175293,1.3675293,-0.4124707,-1.5124707,0.2675293,-1.2624707,-2.6224706,-0.8324707,-7.0324707,-6.5724707,-7.182471,-7.4024706,-5.7324705,-5.162471,-4.5324707,-3.9724708,-3.9424708,-3.9624708,-3.6224706,-2.7024708,-3.2524707,-3.0724707,-1.2524707,-2.3024707,-1.5024707,-1.7324708
0.6375293,1.2675292,1.9275293,0.4975293,1.3675293,0.2975293,0.1675293,-1.2324708,-0.8124707,-0.8424707,-1.2724707,-1.8524708,-0.6524707,-4.4224706,-5.5024705,-6.0124707,-7.8624706,-6.392471,-5.4024706,-5.9224706,-6.0724707,-3.9424708,-5.4624705,-8.35247,-6.912471,-4.0224705,-4.2524705,-3.8624706,-3.7624707,-3.5724707,-3.6924708,-3.0724707,-3.4624708,-3.6224706,-3.3124707,-3.0224707,-3.5424707,-3.2824707,-2.3424706,-1.3424706,-1.2624707
