wind_kz.json
[{"header":{"discipline":0,"disciplineName":"Meteorological products","gribEdition":2,"gribLength":871,"center":7,"centerName":"US National Weather Service - NCEP(WMC)","subcenter":0,"refTime":"2023-09-07T00:00:00.000Z","significanceOfRT":1,"significanceOfRTName":"Start of forecast","productStatus":0,"productStatusName":"Operational products","productType":1,"productTypeName":"Forecast products","productDefinitionTemplate":0,"productDefinitionTemplateName":"Analysis/forecast at horizontal level/layer at a point in time","parameterCategory":0,"parameterCategoryName":"UnknownDiscipline_0_Category_0","parameterNumber":0,"parameterNumberName":"UnknownParameter_D0_C0_0","parameterUnit":"Unknown","genProcessType":2,"genProcessTypeName":"Forecast","forecastTime":120,"surface1Type":1,"surface1TypeName":"Ground or water surface","surface1Value":0.0,"surface2Type":255,"surface2TypeName":"Missing","surface2Value":0.0,"gridDefinitionTemplate":0,"gridDefinitionTemplateName":"Latitude_Longitude","numberPoints":615,"shape":6,"shapeName":"Earth spherical with radius of 6,371,229.0 m","gridUnits":"degrees","resolution":48,"winds":"true","scanMode":64,"nx":41,"ny":15,"basicAngle":0,"lo1":47.0,"la1":41.0,"lo2":87.0,"la2":55.0,"dx":1.0,"dy":1.0},"data":[287.8,282.2,284.7,297.8,298.1,296.6,293.7,293.3,292.7,290.2,289.0,290.3,289.9,289.7,288.8,287.0,286.2,286.6,285.6,286.8,288.7,287.1,286.5,284.9,287.7,289.6,286.7,275.9,276.1,276.1,276.4,277.8,287.2,291.7,293.3,293.0,293.0,293.4,293.9,293.9,293.2,274.3,285.9,297.1,297.3,297.3,295.7,290.5,291.6,289.3,287.0,288.0,286.8,285.6,283.8,286.3,286.9,284.9,282.2,280.9,282.7,287.3,286.2,286.1,281.7,274.7,273.9,282.7,277.2,276.6,273.5,281.6,272.6,279.9,258.4,276.0,289.9,288.7,291.5,294.1,286.9,284.0,287.2,296.6,297.4,297.2,294.8,289.2,289.0,287.6,285.5,285.2,285.0,286.8,284.5,284.6,285.1,283.5,282.4,280.7,281.0,282.5,286.3,284.7,283.7,280.9,285.4,284.2,286.1,285.1,283.8,277.4,273.5,275.3,278.4,279.7,282.0,281.2,274.6,278.8,279.7,274.6,274.4,286.6,296.1,297.4,296.6,292.3,287.6,288.8,286.4,286.7,286.9,286.8,286.0,293.7,293.0,288.0,288.1,285.1,282.8,283.4,282.7,281.8,280.2,286.1,286.4,286.7,287.8,288.7,288.3,288.6,287.7,290.9,286.4,291.5,294.1,293.4,288.6,275.4,276.9,280.8,289.4,294.1,288.5,294.9,295.8,294.5,291.6,287.7,287.4,286.8,286.8,286.9,287.2,289.4,293.1,291.8,290.1,287.5,285.6,286.7,285.2,284.4,284.8,285.7,284.4,285.3,285.9,286.8,285.5,288.3,287.6,289.1,292.6,288.6,277.1,273.1,282.3,290.8,293.3,293.8,293.7,295.7,295.3,283.7,283.5,293.8,293.6,293.6,293.2,287.6,288.5,287.1,286.9,288.1,288.0,291.8,293.1,290.9,287.9,288.7,288.2,287.5,287.5,286.5,284.1,283.4,283.6,284.6,283.1,284.9,291.7,288.2,288.8,288.7,291.5,291.8,292.8,290.1,290.2,285.0,284.6,292.8,296.1,293.7,290.0,287.5,291.2,287.6,291.2,286.5,288.0,287.2,287.4,288.4,285.6,285.4,285.8,286.0,288.0,286.8,287.5,287.8,287.0,283.8,282.9,283.5,283.7,284.0,283.7,285.1,284.1,286.3,288.8,287.3,286.5,287.2,288.5,291.9,289.8,289.3,286.7,285.9,281.3,281.4,290.7,287.2,288.3,287.5,286.6,288.0,287.4,286.2,285.0,284.5,284.6,284.2,283.9,283.3,283.8,283.9,284.2,284.1,284.2,283.6,281.3,281.5,282.1,282.5,285.2,284.3,282.2,283.9,285.0,284.7,286.9,285.9,284.9,285.0,285.1,286.1,288.6,290.8,289.5,290.5,292.6,287.3,285.4,284.6,285.6,284.8,285.9,285.1,284.7,284.3,283.3,284.6,282.5,282.1,281.9,282.5,282.5,283.1,282.4,282.5,282.2,281.4,281.9,282.0,283.5,283.9,282.7,283.6,282.1,282.2,282.1,280.8,283.4,283.1,284.3,286.6,287.5,285.7,285.5,285.8,279.9,279.8,278.9,284.0,286.2,286.9,287.0,284.5,285.2,283.7,283.9,285.0,284.8,281.6,280.7,282.1,281.7,281.1,282.1,281.6,283.8,283.5,283.0,282.4,282.8,283.3,283.5,283.8,283.1,282.7,283.0,282.7,283.0,282.3,285.0,287.0,287.2,288.5,288.6,284.3,281.3,281.3,280.7,279.5,286.9,283.6,283.9,286.9,287.5,284.9,284.2,284.5,284.9,284.4,281.4,280.9,281.2,282.5,281.7,280.2,280.9,282.2,283.8,281.8,282.8,282.7,283.0,282.9,282.7,283.9,282.2,284.2,284.9,286.0,286.2,285.6,286.5,287.9,289.2,288.9,283.3,279.7,283.1,283.1,281.2,282.8,284.5,284.0,284.9,284.4,283.9,283.7,283.7,285.4,284.2,281.0,279.0,281.0,282.6,281.9,282.4,282.7,281.8,283.5,283.2,282.2,281.8,282.3,282.6,282.5,283.7,283.9,285.0,285.9,286.4,285.9,284.6,285.8,285.4,289.2,289.1,289.8,291.4,287.8,290.4,286.8,281.7,281.7,284.0,284.1,284.3,283.6,283.4,284.7,283.7,282.7,279.5,278.1,281.4,279.4,279.8,279.2,281.0,282.3,282.7,282.0,282.2,282.0,282.3,282.4,283.0,283.9,283.6,281.9,283.6,284.1,285.2,285.4,285.5,283.4,284.1,285.5,285.9,290.1,289.8,291.6,288.7,285.2,285.2,286.8,286.2,283.5,284.3,283.7,283.9,284.1,283.2,280.8,277.4,277.6,280.3,279.2,280.1,281.5,282.1,282.0,281.8,282.2,282.4,282.8,282.6,283.8,283.9,284.3,281.6,280.9,281.7,282.8,282.3,281.8,282.5,283.4,282.8,284.7,287.3,290.4,288.8,287.6,283.4,284.4,288.8,286.6,284.3,285.6,284.5,284.1,283.7,282.9,282.3,280.1,278.8,277.6,280.5,280.1,281.2,281.8,281.8,281.5,281.9,282.2,281.7,279.3,281.5,282.3,283.8,284.5,285.2,284.9,283.9,284.0,284.5,285.4,287.2,286.8,288.5,288.4,288.6,288.3,285.6]},{"header":{"discipline":0,"disciplineName":"Meteorological products","gribEdition":2,"gribLength":1025,"center":7,"centerName":"US National Weather Service - NCEP(WMC)","subcenter":0,"refTime":"2023-09-07T00:00:00.000Z","significanceOfRT":1,"significanceOfRTName":"Start of forecast","productStatus":0,"productStatusName":"Operational products","productType":1,"productTypeName":"Forecast products","productDefinitionTemplate":0,"productDefinitionTemplateName":"Analysis/forecast at horizontal level/layer at a point in time","parameterCategory":2,"parameterCategoryName":"UnknownDiscipline_0_Category_2","parameterNumber":2,"parameterNumberName":"UnknownParameter_D0_C2_2","parameterUnit":"Unknown","genProcessType":2,"genProcessTypeName":"Forecast","forecastTime":120,"surface1Type":103,"surface1TypeName":"Specified height level above ground","surface1Value":10.0,"surface2Type":255,"surface2TypeName":"Missing","surface2Value":0.0,"gridDefinitionTemplate":0,"gridDefinitionTemplateName":"Latitude_Longitude","numberPoints":615,"shape":6,"shapeName":"Earth spherical with radius of 6,371,229.0 m","gridUnits":"degrees","resolution":48,"winds":"true","scanMode":64,"nx":41,"ny":15,"basicAngle":0,"lo1":47.0,"la1":41.0,"lo2":87.0,"la2":55.0,"dx":1.0,"dy":1.0},"data":[-0.6765259,0.7534741,0.8034741,-3.856526,-3.7065258,-2.9065259,-2.7065258,-2.816526,-5.276526,-2.766526,-2.866526,-3.1565259,-3.4265258,-3.006526,-3.556526,-3.606526,-2.7465258,-1.1365259,-3.4565258,-2.2065258,-0.3065259,-0.5665259,0.4134741,-0.20652588,-0.21652588,-2.526526,-2.046526,1.3534741,1.1334741,-0.11652588,0.6834741,1.4234741,0.78347415,0.21347412,-4.226526,-3.366526,-3.096526,-3.006526,-3.046526,-3.806526,-3.326526,0.5234741,0.19347411,-0.9365259,-1.1265259,-0.89652586,-1.5265259,-0.44652587,-2.4565258,-2.9965258,-2.7165258,-2.306526,-2.2065258,-1.7465259,-1.9865259,-0.23652588,-1.7965258,-1.4365258,-1.5465258,0.21347412,1.4434742,1.1334741,0.10347412,-0.71652585,-0.83652586,1.7334741,1.1734741,-0.3665259,1.6534741,0.22347412,-0.63652587,0.18347412,-0.3065259,1.5834742,-0.88652587,0.48347414,-0.5565259,-1.2965258,-0.08652588,-0.6865259,0.72347414,-1.4765259,-0.3965259,-3.006526,0.013474121,1.0634742,-0.6265259,-0.16652589,-0.03652588,-0.19652587,-1.4265258,-0.57652587,0.39347413,1.0634742,1.4734741,2.1234741,2.973474,2.913474,0.6434741,1.7334741,2.2634742,2.953474,2.703474,2.3034742,1.6834741,2.693474,-1.1965259,2.2934742,3.183474,2.3234742,0.37347412,-1.3065258,-0.13652588,-0.51652586,0.5034741,1.0534741,-1.8465259,-1.8365259,0.9034741,-0.31652588,3.5734742,-0.6965259,1.2634741,-2.4565258,-2.1365259,-0.9165259,-0.4265259,-0.13652588,-0.19652587,-0.19652587,0.25347412,1.6034741,2.433474,3.0334742,3.413474,7.353474,7.323474,4.1534743,5.9634743,2.663474,3.0134742,3.3534741,3.0134742,2.0534742,0.9634741,3.163474,3.993474,3.993474,3.733474,3.173474,3.3134742,4.9634743,2.173474,1.9634742,0.34347412,5.303474,6.773474,0.31347412,-0.63652587,0.03347412,2.6034741,-1.5165259,3.173474,9.9734745,1.8834741,-0.14652587,2.713474,3.5134742,2.8734741,2.243474,3.0434742,3.693474,4.263474,5.103474,5.163474,6.433474,8.053474,7.453474,6.473474,4.453474,4.4434743,5.683474,3.7934742,3.8634741,3.5634742,3.493474,3.5734742,4.323474,6.9834743,6.183474,5.9834743,5.573474,6.083474,4.813474,4.9234743,2.683474,2.3334742,0.8034741,-0.3965259,-2.316526,7.563474,0.24347413,3.7934742,4.8834743,3.8634741,-0.29652587,1.1834741,1.0134741,1.5034741,4.753474,3.8734741,1.4734741,2.5734742,2.8234742,4.113474,4.143474,4.023474,5.623474,9.063474,8.153474,3.673474,4.4034743,5.533474,5.9234743,6.833474,5.1734743,5.6534743,4.533474,6.143474,7.933474,8.583474,9.393475,11.263474,7.1934743,7.303474,6.2334743,5.6534743,7.6534743,4.803474,0.22347412,-0.24652588,1.8234742,4.6734743,13.863474,4.9634743,-6.3465257,0.60347414,1.2434741,0.5734741,1.6534741,2.673474,1.6934742,1.6934742,2.0534742,3.403474,2.213474,2.663474,3.3634741,4.093474,3.493474,2.983474,3.143474,3.443474,3.723474,3.703474,3.243474,4.393474,5.643474,5.613474,6.6534743,8.003474,8.713474,8.923474,9.303474,10.023474,8.703474,8.093474,7.873474,4.853474,6.123474,-3.366526,1.3434741,1.3334742,1.3434741,0.86347413,1.2234741,10.073474,0.24347413,-0.12652588,-1.2765259,1.8534741,2.473474,2.8534741,2.473474,2.743474,3.143474,3.5634742,3.173474,3.5034742,3.903474,3.5234742,3.2934742,3.633474,3.5434742,3.5034742,3.3734741,3.663474,6.103474,5.563474,6.3834743,7.863474,7.413474,8.633474,9.013474,8.203474,9.033474,8.493474,9.323474,7.823474,6.743474,7.393474,5.773474,9.2234745,-3.1365259,-1.2165259,6.023474,9.393475,5.343474,0.36347413,0.8734741,2.0834742,2.933474,2.5734742,3.473474,2.693474,2.723474,2.8734741,3.5734742,4.113474,4.523474,5.4834743,3.6234741,3.8234742,3.6134741,3.7734742,3.6234741,3.6234741,4.1734743,6.4234743,7.303474,7.603474,8.203474,7.333474,7.4434743,8.073474,8.693474,8.653474,9.653474,10.643475,8.303474,8.393475,7.123474,5.113474,1.4334741,-2.326526,-0.51652586,2.173474,0.023474121,3.0034742,1.5034741,1.7634741,2.3334742,2.403474,1.6634741,1.1034741,2.1134741,2.8234742,2.5734742,3.2734742,3.7934742,5.013474,4.1734743,4.6334743,3.723474,3.3734741,3.703474,4.283474,4.573474,5.263474,7.113474,7.163474,8.073474,8.003474,9.043474,9.433475,9.523474,10.4734745,10.893475,12.813474,12.003474,9.913474,6.1534743,7.273474,7.293474,1.0634742,-2.606526,-1.5565258,4.263474,0.4434741,0.6334741,1.2934741,1.1034741,0.9634741,2.153474,1.4434742,1.2034742,3.0334742,2.973474,2.2734742,3.6134741,3.653474,5.163474,4.123474,3.483474,3.173474,2.723474,3.5434742,4.8834743,4.493474,5.373474,6.183474,6.703474,6.853474,8.543474,8.363474,9.663474,11.653474,13.593474,14.093474,12.463474,10.523474,7.3834743,5.773474,5.4234743,6.6334743,0.023474121,-0.106525876,0.11347412,1.4234741,-0.51652586,-0.76652586,0.48347414,1.4834741,1.7434741,1.3634741,1.9534742,2.173474,2.703474,2.2634742,1.2834741,2.713474,2.943474,4.033474,2.8734741,0.9334741,1.7034742,3.993474,4.8834743,5.6534743,4.7334743,5.603474,5.6534743,5.853474,6.513474,6.493474,7.593474,11.103474,11.153474,10.453474,13.603474,9.953474,6.113474,3.953474,4.583474,4.973474,4.053474,1.9334741,2.5634742,5.123474,1.0434741,0.42347413,-0.34652588,1.5034741,1.9334741,2.2534742,1.9334741,2.5334742,2.173474,3.3734741,3.183474,2.5134742,1.6634741,1.3134742,2.393474,2.3334742,2.1034741,1.3134742,2.903474,3.7734742,4.523474,4.703474,4.703474,4.973474,4.873474,5.033474,5.473474,8.083474,7.873474,6.183474,3.7634742,1.3134742,-1.0065259,2.6034741,1.1934742,0.66347414,0.013474121,1.4434742,0.7434741,0.2934741,1.8334742,5.563474,3.5634742,-0.22652587,2.2934742,2.0434742,3.483474,2.2634742,2.0734742,2.693474,2.2634742,1.7034742,1.5034741,-0.71652585,1.1734741,1.4034741,2.443474,2.183474,2.493474,3.0034742,4.123474,3.653474,3.203474,3.8334742,4.113474,3.983474,4.263474,4.473474,4.053474,4.353474,1.3034741,2.8734741,1.7934741,0.34347412,-0.03652588,-0.20652588,0.23347412,0.79347414,1.7634741,2.3334742,2.3134742,4.4834743,5.293474,1.9634742,-1.5265259,1.4034741,1.7834741,3.3634741,2.5634742,2.433474,2.0634742,2.8034742,1.6234741,-1.4965259,1.4734741,1.4234741,1.7934741,1.5434741,2.203474,3.3034742,3.5034742,3.903474,3.913474,3.2634742,4.013474,3.653474,3.3034742,2.703474,1.8734741,2.8134742,2.8634741,2.3134742,-1.3865259,-1.4865259,0.97347414,2.1234741,2.5234742,2.7834742,3.163474,2.8634741,3.163474,0.013474121,0.8034741,-0.44652587,-1.7965258,-1.4765259]},{"header":{"discipline":0,"disciplineName":"Meteorological products","gribEdition":2,"gribLength":1102,"center":7,"centerName":"US National Weather Service - NCEP(WMC)","subcenter":0,"refTime":"2023-09-07T00:00:00.000Z","significanceOfRT":1,"significanceOfRTName":"Start of forecast","productStatus":0,"productStatusName":"Operational products","productType":1,"productTypeName":"Forecast products","productDefinitionTemplate":0,"productDefinitionTemplateName":"Analysis/forecast at horizontal level/layer at a point in time","parameterCategory":2,"parameterCategoryName":"UnknownDiscipline_0_Category_2","parameterNumber":3,"parameterNumberName":"UnknownParameter_D0_C2_3","parameterUnit":"Unknown","genProcessType":2,"genProcessTypeName":"Forecast","forecastTime":120,"surface1Type":103,"surface1TypeName":"Specified height level above ground","surface1Value":10.0,"surface2Type":255,"surface2TypeName":"Missing","surface2Value":0.0,"gridDefinitionTemplate":0,"gridDefinitionTemplateName":"Latitude_Longitude","numberPoints":615,"shape":6,"shapeName":"Earth spherical with radius of 6,371,229.0 m","gridUnits":"degrees","resolution":48,"winds":"true","scanMode":64,"nx":41,"ny":15,"basicAngle":0,"lo1":47.0,"la1":41.0,"lo2":87.0,"la2":55.0,"dx":1.0,"dy":1.0},"data":[0.39783448,0.2978345,-1.1921655,-4.3021655,-6.3421655,-6.0521655,-4.9221654,-2.6721656,-1.1121656,-0.9321655,-1.1721655,-0.49216554,-0.5621655,-1.4621655,0.21783447,-0.8121655,-2.6121655,-3.0221655,-1.8921655,-1.8821656,-3.0421655,-4.2921658,-3.2221656,0.55783445,-0.22216552,1.4378345,-0.5521655,1.6778345,0.78783447,-0.6221655,-1.5621655,-1.1021656,0.49783447,-1.7521656,-1.7821655,-1.9521655,0.14783448,0.6378345,0.24783447,1.1678345,0.8978345,1.5578345,1.2978345,3.4578345,-2.3921654,-3.1321654,-4.2121654,-4.3021655,-0.7821655,-0.76216555,-1.8521656,-1.6621655,-1.3721656,-1.2221656,0.5178345,1.7378345,1.3978344,0.18783447,-1.0221655,-1.9321655,-2.4921656,-1.6021656,-2.0321655,-2.0921655,2.4978344,1.3978344,1.6178344,-1.1421655,3.7078345,0.92783445,3.2378345,5.1678343,4.8578343,1.2778344,1.2378345,0.9678345,-1.3021655,-1.3521656,-2.1221654,-0.49216554,0.14783448,1.5078344,2.0078344,2.3278344,-0.8621655,-2.9621656,-2.4721656,-2.3021655,-1.8121655,-0.41216552,0.5278345,-1.6521655,-2.0921655,-2.0921655,-1.8721656,-1.0621655,2.0778344,2.5678344,2.7978344,0.80783445,-0.44216552,-1.5021656,-0.8621655,-0.39216554,0.5178345,1.8678344,-0.13216552,-0.34216553,-0.28216553,-0.39216554,-0.88216555,0.38783446,2.8378344,1.0178344,-0.38216552,-0.94216555,0.24783447,-0.75216556,-1.0921655,-3.8821654,-0.40216553,0.73783445,0.13783447,1.0178344,1.3278345,-0.5321655,-1.6121656,-1.7721655,-1.1721655,-2.0021656,-1.4521655,-1.2721655,-1.2521656,-1.1921655,-1.1421655,-2.0821655,-2.0921655,-0.14216553,3.5578344,3.7178345,2.9578345,1.2978345,0.3278345,-0.5321655,1.1478344,-2.4221656,-1.2921655,-0.09216553,1.6378344,-0.112165526,-2.5921655,0.61783445,-0.50216556,-2.0921655,-3.8721654,-0.022165528,1.9678345,-1.5221655,0.8378345,0.16783448,2.9978344,-0.9121655,1.1078345,-2.0321655,-1.0921655,-1.7821655,-1.6421655,-1.5121655,-1.5921655,-0.25216553,0.3278345,0.9478345,-0.64216554,-0.75216556,0.46783447,-0.6821655,-2.8121655,-2.3421655,-1.5321655,1.1978345,3.4178345,3.5378344,2.9578345,3.0378344,3.4278345,1.7178345,1.1278344,-0.29216552,-2.7821655,-0.8021655,4.0178347,3.1478345,0.79783446,-2.2221656,2.8678346,-1.4621655,3.1778345,2.0578344,-0.38216552,-2.5821655,-7.3621655,0.027834473,-0.37216553,-7.2921658,-6.8021655,-1.1221656,-0.36216554,-1.6321656,-1.1721655,-1.6921655,-2.1321654,-1.9421655,-1.2421656,-0.9121655,-0.8721655,-0.49216554,-1.3221655,-3.1621656,-2.7221656,-0.5421655,1.0278344,1.9678345,3.4478345,4.0778346,3.6378345,3.3578346,3.3878345,2.5478344,0.6578345,1.0978345,0.19783448,0.49783447,1.9878345,2.4278345,4.4778347,2.7978344,5.9978347,4.4478345,3.4678345,0.067834474,-3.4121656,-0.112165526,-2.3021655,-4.6821656,-5.1721654,-5.9821653,-1.6421655,-0.9321655,-0.9321655,-1.4521655,-1.3221655,-1.9121655,-3.1721656,-2.2921655,-1.1421655,-1.4021655,-2.2121656,-0.63216555,-1.5921655,-1.4421655,-0.8121655,-0.6121655,-0.83216554,0.12783447,0.91783446,1.4978344,2.7378345,4.0778346,3.9278345,1.3278345,-0.58216554,0.9678345,1.8978344,2.7978344,4.0878344,4.6878343,3.6678345,5.2778344,4.1578345,4.0578346,-0.15216553,-3.4221656,1.2578344,2.0178344,-1.2821655,-2.6621656,-11.172166,-2.7821655,-2.2421656,-2.4521656,-2.0921655,-1.7121655,-1.9221655,-2.3721654,-1.9221655,-1.7221656,-1.2921655,-0.33216554,-0.52216554,-0.9821655,-1.0521655,-0.7321655,-0.50216556,-0.32216552,-0.032165527,0.8778345,1.6778345,0.5678345,1.6878345,2.3778346,2.2778344,1.2278345,-0.43216553,0.8378345,3.0978346,3.8078344,5.1478343,6.0378346,4.6578345,4.8478346,7.9778347,10.487835,7.3678346,0.9078345,-4.9421654,-5.5521655,-7.2421656,-0.112165526,-3.1921656,-2.9721656,-2.8221655,-2.1321654,-2.0121655,-1.1121656,-2.2021656,-2.1521654,-2.4721656,-1.1321656,-0.89216554,-1.2021655,0.33783448,0.10783447,-0.90216553,-0.5421655,-0.15216553,0.007834473,1.2578344,1.0078344,1.0978345,1.4878345,0.26783448,1.3678344,2.0678344,1.0678345,1.0278344,2.9378345,4.3178344,4.2778344,5.3478346,8.617834,6.7778344,7.0878344,6.2378345,5.7578344,1.8178345,2.1778345,2.7778344,0.15783447,0.12783447,-2.8421655,-2.6121655,-2.5021656,-1.5021656,-2.3321655,-2.6321654,-2.3221655,-2.0621655,-2.3621655,-2.4921656,-2.2821655,-1.2221656,-0.082165524,0.6578345,-0.07216553,-0.6221655,-0.58216554,-0.37216553,0.78783447,0.5178345,1.2278345,0.6378345,0.74783444,0.66783446,1.4978344,1.9778345,3.3078344,3.1078346,4.1578345,6.9578342,6.9578342,6.6278343,8.087834,6.8578343,6.6578345,6.9178343,2.8778346,2.9078345,2.3078344,5.0178347,2.0578344,-2.4421656,-2.8721654,-3.4321656,-3.1021655,-2.1221654,-2.8821654,-2.2521656,-1.6321656,-2.3921654,-4.3121657,-1.9421655,-1.7121655,-1.3021655,1.2178345,0.42783448,-0.9821655,-1.5021656,-1.9321655,-3.4121656,-0.9221655,-0.5321655,-0.12216553,0.007834473,-0.15216553,0.22783448,1.4478345,0.5278345,2.0678344,4.2378345,6.5778346,9.037834,7.2578344,6.7378345,6.7378345,7.5878344,8.097835,5.4478345,3.3878345,6.4878345,3.6478345,0.98783445,-2.3421655,-2.7621655,-2.7321656,-3.2121656,-2.5621655,-2.5021656,-2.3721654,-1.7321656,-2.7221656,-3.0621655,-2.9021654,-3.0721655,-2.7221656,-1.2821655,-1.4921656,-0.5621655,-1.6521655,-2.2521656,-2.7621655,-1.8821656,-1.8721656,-1.5021656,-1.6921655,-0.7321655,-0.5321655,-2.2321656,-1.3921655,-1.3921655,1.7778344,10.657834,10.247834,9.067835,6.7778344,7.7678347,7.8778343,7.7178345,8.937835,5.2778344,1.4278345,2.9278345,1.6178344,-1.7121655,-1.0421655,-2.1921656,-1.7521656,-1.7921655,-1.1521655,-1.8721656,-1.9621655,-2.0121655,-1.2021655,-0.63216555,-1.8921655,-1.5221655,-2.4021654,-2.4821656,-2.0321655,-2.8321655,-2.9521656,-2.1321654,-2.0421655,-2.3421655,-2.5721655,-2.3821654,-3.1121655,-2.9721656,-6.8821654,-1.9521655,0.40783447,1.0978345,5.1178346,7.6978345,5.6978345,7.2278347,6.9378343,6.5078344,5.9278345,4.7778344,3.7378345,2.8478346,3.7478344,2.3378344,-1.4621655,-1.3521656,-3.1821656,-2.2721655,-1.8821656,-1.7321656,-1.8621656,-2.6321654,-0.32216552,-2.5721655,-0.6621655,-0.5621655,-1.3221655,-1.7821655,-2.1821656,-2.7921655,-2.9021654,-3.7721655,-3.3721654,-2.3821654,-2.3521655,-2.5921655,-3.4221656,-3.0421655,-3.1721656,-6.2121654,-6.3521657,1.5778345,2.3778346,3.3278344,4.5478344,4.3578343,4.2178345,4.6378345,4.2378345,4.0478344,3.8578346,4.8078346,4.4878345,4.6078343,3.1678345,-1.3921655,-2.5321655,-4.8621655,-3.2121656,-2.7121656,-3.0821655,-3.4221656,-2.9921656,0.08783447,-0.9321655,-1.4121655,-1.0721655,-0.13216552,-1.3521656,-3.0721655,-3.2821655,-4.2321653,-3.6621656,-2.8721654,-2.0921655,-2.5821655,-3.0721655,-3.1721656,-2.5921655,-2.8321655,-4.7721653,-6.6121655,-5.2921658,-1.8821656,3.3078344,5.3678346,7.0278344,5.6078343,5.8178344,5.7478347,6.2078342,7.0678344,6.4278345,5.1678343,5.6578345,1.9578345]}]