wind_kz.json
{"header": {"discipline":0,"disciplineName":"Meteorological products","gribEdition":2,"gribLength":871,"center":7,"centerName":"US National Weather Service - NCEP(WMC)","subcenter":0,"refTime":"2023-09-24T18:00:00.000Z","significanceOfRT":1,"significanceOfRTName":"Start of forecast","productStatus":0,"productStatusName":"Operational products","productType":1,"productTypeName":"Forecast products","productDefinitionTemplate":0,"productDefinitionTemplateName":"Analysis/forecast at horizontal level/layer at a point in time","parameterCategory":0,"parameterCategoryName":"UnknownDiscipline_0_Category_0","parameterNumber":0,"parameterNumberName":"UnknownParameter_D0_C0_0","parameterUnit":"Unknown","genProcessType":2,"genProcessTypeName":"Forecast","forecastTime":60,"surface1Type":1,"surface1TypeName":"Ground or water surface","surface1Value":0.0,"surface2Type":255,"surface2TypeName":"Missing","surface2Value":0.0,"gridDefinitionTemplate":0,"gridDefinitionTemplateName":"Latitude_Longitude","numberPoints":615,"shape":6,"shapeName":"Earth spherical with radius of 6,371,229.0 m","gridUnits":"degrees","resolution":48,"winds":"true","scanMode":64,"nx":41,"ny":15,"basicAngle":0,"lo1":47.0,"la1":41.0,"lo2":87.0,"la2":55.0,"dx":1.0,"dy":1.0}, "data":
[rows 0 to 14 of 15, columns 0 to 40 of 41]
301.99252,290.69254,297.99252,294.19254,294.19254,293.29254,303.09253,308.39252,305.69254,306.89252,305.49252,307.09253,306.89252,306.99252,306.39252,308.29254,308.99252,310.09253,314.79254,311.49252,314.29254,314.09253,311.79254,308.89252,309.89252,309.39252,304.39252,296.99252,298.79254,296.39252,291.69254,287.79254,300.79254,305.99252,306.69254,306.09253,309.69254,311.09253,311.19254,312.89252,315.19254
274.29254,297.59253,293.79254,294.09253,293.99252,292.69254,307.09253,304.09253,303.49252,303.69254,305.59253,304.79254,306.59253,305.99252,308.19254,308.29254,310.99252,311.79254,312.39252,313.69254,314.99252,310.89252,309.49252,300.49252,290.99252,294.09253,299.99252,299.29254,298.69254,289.49252,293.89252,277.69254,294.89252,265.29254,290.99252,300.99252,303.49252,302.39252,307.69254,300.09253,284.69254
299.39252,293.29254,293.89252,293.29254,291.59253,303.69254,302.99252,302.49252,302.49252,302.49252,302.99252,304.89252,306.19254,306.79254,305.49252,309.29254,309.29254,309.39252,309.69254,311.39252,315.09253,311.59253,314.49252,304.99252,308.49252,307.79254,306.29254,304.69254,304.39252,296.89252,291.09253,292.39252,295.59253,297.39252,296.09253,293.69254,290.89252,292.29254,290.69254,285.79254,278.09253
302.09253,292.79254,293.49252,292.49252,294.69254,303.19254,302.99252,303.39252,303.69254,304.29254,304.09253,302.99252,291.79254,291.09253,304.99252,308.09253,306.29254,309.19254,308.49252,310.09253,310.49252,309.69254,307.19254,307.19254,307.49252,304.89252,306.59253,304.39252,302.19254,303.19254,306.19254,301.89252,304.59253,306.79254,307.49252,301.79254,276.99252,273.69254,290.59253,299.29254,299.29254
299.99252,292.39252,292.69254,291.89252,296.29254,302.09253,302.89252,303.59253,301.79254,302.39252,303.29254,303.89252,290.79254,289.59253,288.09253,306.79254,307.69254,305.09253,306.29254,304.89252,306.69254,308.19254,307.99252,307.49252,307.59253,306.89252,305.09253,301.49252,307.09253,305.69254,303.09253,300.79254,293.49252,277.49252,295.39252,302.49252,301.29254,304.39252,303.29254,301.29254,298.29254
299.69254,300.89252,291.39252,292.09253,292.19254,292.09253,305.19254,303.09253,301.89252,302.19254,301.39252,301.69254,292.39252,290.79254,298.49252,304.99252,304.39252,306.89252,305.29254,306.59253,307.29254,306.19254,306.49252,305.79254,305.69254,306.09253,305.99252,288.99252,302.79254,303.19254,304.19254,301.59253,301.69254,301.39252,297.89252,297.19254,294.69254,294.49252,304.99252,301.99252,298.39252
302.39252,303.79254,301.79254,303.19254,301.09253,304.89252,305.19254,303.49252,302.89252,301.69254,302.49252,301.99252,301.39252,302.59253,304.09253,303.19254,305.09253,302.79254,296.59253,303.89252,304.99252,306.89252,304.89252,302.69254,297.59253,301.59253,301.09253,306.59253,304.59253,306.29254,305.29254,302.99252,299.89252,298.29254,296.49252,296.09253,293.79254,289.79254,273.49252,283.09253,293.59253
303.89252,305.39252,303.99252,302.69254,302.99252,303.29254,304.29254,304.79254,303.59253,302.19254,302.09253,301.49252,299.39252,299.49252,301.69254,301.29254,302.29254,303.19254,299.99252,303.49252,293.69254,291.89252,294.39252,293.09253,292.19254,291.09253,289.99252,290.89252,291.39252,301.59253,301.69254,300.19254,301.19254,295.09253,294.19254,296.59253,294.29254,287.19254,293.19254,292.59253,284.39252
303.79254,302.59253,302.69254,302.29254,300.69254,301.39252,302.59253,302.29254,301.89252,300.59253,299.59253,300.09253,298.69254,299.59253,299.09253,300.29254,299.79254,300.69254,300.49252,300.29254,290.09253,294.79254,290.59253,290.59253,291.79254,290.99252,289.39252,289.79254,289.19254,291.19254,297.89252,298.09253,299.39252,293.79254,295.69254,294.39252,293.59253,289.09253,273.19254,273.19254,273.19254
301.39252,299.29254,299.59253,299.59253,299.99252,300.69254,300.39252,299.89252,299.59253,299.89252,299.09253,297.89252,298.39252,297.59253,297.29254,297.19254,297.69254,298.69254,298.59253,299.09253,297.49252,288.49252,295.29254,294.59253,298.99252,300.49252,294.59253,291.99252,289.79254,298.99252,298.59253,297.49252,295.59253,293.69254,293.69254,292.09253,287.59253,274.89252,273.99252,275.09253,273.59253
298.39252,298.09253,297.39252,298.19254,297.09253,297.19254,298.59253,298.99252,298.49252,298.39252,296.29254,295.99252,296.69254,295.69254,296.09253,296.59253,296.19254,296.69254,296.79254,296.19254,299.39252,291.29254,286.79254,296.49252,290.69254,300.39252,294.29254,299.69254,289.89252,301.99252,290.79254,297.49252,294.59253,292.39252,291.89252,289.29254,277.79254,278.49252,283.79254,276.29254,277.89252
297.49252,292.49252,296.59253,297.39252,297.69254,297.49252,297.09253,297.09253,296.99252,297.49252,294.99252,295.19254,294.69254,293.39252,293.29254,294.39252,294.89252,295.79254,295.59253,287.89252,293.79254,293.49252,286.49252,286.99252,291.19254,288.09253,289.99252,290.09253,301.09253,292.79254,297.49252,294.99252,292.19254,291.59253,289.59253,290.89252,291.69254,291.89252,288.39252,288.99252,285.49252
289.49252,295.49252,295.09253,295.39252,293.69254,294.59253,295.49252,296.39252,296.69254,292.69254,289.19254,289.09253,291.09253,292.09253,291.39252,292.19254,292.99252,292.79254,294.39252,293.79254,290.59253,286.39252,290.79254,284.39252,291.99252,293.09253,295.29254,296.29254,296.49252,298.29254,296.69254,292.59253,287.79254,289.99252,290.09253,288.79254,288.59253,287.79254,287.49252,285.29254,280.89252
293.69254,293.69254,290.39252,292.59253,291.89252,291.89252,291.39252,290.19254,290.99252,291.49252,288.19254,285.39252,288.19254,289.29254,289.19254,290.09253,290.69254,291.39252,292.59253,293.69254,294.89252,292.29254,294.09253,293.79254,293.69254,292.99252,291.79254,293.09253,290.69254,291.49252,291.09253,290.09253,290.09253,283.69254,287.59253,287.29254,286.99252,286.69254,287.99252,285.29254,287.19254
289.49252,291.09253,286.69254,290.59253,290.49252,289.99252,288.99252,288.79254,290.29254,290.19254,288.39252,287.79254,284.69254,286.19254,286.89252,288.29254,288.59253,289.49252,291.59253,292.39252,293.59253,293.79254,294.29254,293.99252,286.89252,291.09253,292.59253,291.19254,291.19254,291.09253,290.89252,286.89252,282.99252,282.39252,281.59253,282.89252,287.09253,286.29254,286.69254,287.79254,286.09253
