wind_kz.json
{"header": {"discipline":0,"disciplineName":"Meteorological products","gribEdition":2,"gribLength":1025,"center":7,"centerName":"US National Weather Service - NCEP(WMC)","subcenter":0,"refTime":"2023-08-19T12:00:00.000Z","significanceOfRT":1,"significanceOfRTName":"Start of forecast","productStatus":0,"productStatusName":"Operational products","productType":1,"productTypeName":"Forecast products","productDefinitionTemplate":0,"productDefinitionTemplateName":"Analysis/forecast at horizontal level/layer at a point in time","parameterCategory":2,"parameterCategoryName":"UnknownDiscipline_0_Category_2","parameterNumber":3,"parameterNumberName":"UnknownParameter_D0_C2_3","parameterUnit":"Unknown","genProcessType":2,"genProcessTypeName":"Forecast","forecastTime":0,"surface1Type":103,"surface1TypeName":"Specified height level above ground","surface1Value":10.0,"surface2Type":255,"surface2TypeName":"Missing","surface2Value":0.0,"gridDefinitionTemplate":0,"gridDefinitionTemplateName":"Latitude_Longitude","numberPoints":615,"shape":6,"shapeName":"Earth spherical with radius of 6,371,229.0 m","gridUnits":"degrees","resolution":48,"winds":"true","scanMode":64,"nx":41,"ny":15,"basicAngle":0,"lo1":47.0,"la1":41.0,"lo2":87.0,"la2":55.0,"dx":1.0,"dy":1.0}, "data":
[rows 0 to 14 of 15, columns 0 to 40 of 41]
2.8868244,-0.9331757,-1.7431756,-0.21317565,-3.8931756,-6.4731755,-6.9931755,-5.1231756,-3.3431756,-5.3331757,-2.5731757,-4.423176,1.4068244,2.2868242,0.17682435,-1.9531757,-6.2231755,-5.9531755,-5.5031757,-0.17317566,-5.2231755,-5.383176,-3.0831757,0.9468243,4.156824,2.3468244,1.8768244,0.85682434,-3.3531756,-4.133176,2.6768243,2.9068244,-0.023175659,2.3268244,-0.5631757,-3.8631756,-0.60317564,0.21682434,-2.4831758,-5.6831756,-6.2731757
-3.0731757,-0.25317565,0.65682435,1.1868243,-1.9331757,-4.593176,-6.213176,-4.5831757,-2.7531757,-2.8831756,-1.8931756,0.67682433,-0.45317566,2.4668243,0.31682435,-3.1931756,-6.1031756,-5.5431757,-0.71317565,-1.4331757,-4.4831758,-7.8331757,-6.2031755,-2.5831757,2.5368242,1.8968244,2.5568244,0.09682434,-0.22317566,-2.8831756,-1.7231756,-4.2531757,-1.1931757,-1.7831757,2.6168244,0.8168243,1.1268244,2.7468243,0.9368243,1.9168243,-0.95317566
-4.153176,2.5268242,0.12682433,0.38682434,-2.0131757,-2.1531756,-0.96317565,-3.9031756,-2.3031757,-0.40317565,-2.2431757,-3.2331758,1.5468243,3.7668242,-0.60317564,-4.2331758,-5.6631756,-3.1631756,-2.3131757,-1.3631756,-4.0531754,-1.5331757,-6.213176,-3.6131756,-4.4331756,-4.0731754,-3.6831756,-3.4831758,-5.6631756,-3.7331758,-2.8931756,-2.4031756,-3.5131757,-4.5331755,-2.8031757,-2.8631756,-3.6331756,-4.343176,-2.1131756,0.92682433,-1.4931756
-2.4031756,-1.0331757,0.66682434,-1.3331757,-0.47317564,1.2968243,-3.7831757,-1.5331757,-0.13317566,1.0168244,-0.70317566,-3.8031757,-3.3731756,-5.7631755,-1.6131756,-4.193176,-4.693176,-6.9531755,-5.153176,-3.6231756,-5.2031755,-3.9131756,-3.7331758,-3.0931756,-3.7031755,-3.9431756,-5.3131757,-4.403176,-3.6631756,-4.2531757,-5.9131756,-5.343176,-1.5531757,2.2468243,0.63682437,-0.16317566,0.71682435,0.19682434,-1.6931757,-3.2931757,-4.863176
-1.6331756,1.0068244,-0.07317566,-2.9831758,-4.213176,-5.713176,-2.4631758,-0.85317564,0.43682435,-0.35317567,0.06682434,2.1768243,-0.95317566,-2.4531755,-4.4331756,-1.7531756,-4.5131755,-3.7431757,-3.4931757,-1.3231757,-2.0131757,-1.3231757,-2.7331758,-3.7331758,-3.2531757,-4.1631756,-4.9831758,-7.8131757,-4.6231756,-4.2831755,-5.4931755,-5.6631756,-1.8731756,-1.2731757,-0.6931757,4.1668243,-6.0031757,2.3168244,2.5068243,-3.1931756,-4.5531754
-3.6531756,4.7768245,0.85682434,-1.4531757,-2.7831757,-4.713176,-1.8431756,1.9268243,-0.053175658,1.7268243,0.8768243,4.116824,-0.95317566,0.49682435,-4.5531754,-2.3331757,-3.3031757,-0.09317566,0.43682435,0.036824342,-2.7331758,-2.4431756,-1.7231756,-2.7931757,-2.3231757,-2.5631757,-1.5631757,-4.2431755,-5.843176,-3.6331756,-3.1731756,-3.7731757,-5.7931757,-4.0131755,-2.3831756,1.1468244,0.18682434,-4.943176,-2.5631757,1.1368244,-2.4131756
-3.5331757,-4.093176,-2.9831758,-1.0631757,1.0168244,-2.3231757,-2.1831756,0.91682434,-1.9431757,-2.2831757,5.5168242,5.2568245,2.9268243,4.4668245,-4.9331756,-3.5131757,-1.4131757,0.06682434,-0.84317565,-3.0531757,-2.4331756,-0.72317564,-2.5531757,-1.8431756,-0.36317566,-1.7031757,-2.9331756,-3.2131758,1.4068244,-1.1931757,-3.5531757,-3.4831758,-4.7231755,-4.5831757,-3.7931757,0.9368243,0.85682434,-2.6731756,-3.6631756,-1.1231756,-7.2531757
-5.8531756,-3.5331757,-3.6831756,-4.6231756,-4.7431755,-4.2931757,-5.193176,-3.2731757,-2.3531756,-1.3031757,-0.58317566,1.2568244,2.0068243,1.6568244,-0.49317566,-1.9631757,-2.4331756,1.0168244,-0.9431757,-0.26317567,0.77682436,0.42682433,-0.49317566,-2.5631757,-3.3631756,-3.0531757,-1.6931757,-3.5131757,-3.7531757,0.23682433,-1.4531757,-2.6731756,-2.0931756,-3.9331756,-4.0631757,-5.5031757,-4.4331756,-0.65317565,-0.19317566,-0.32317567,-0.52317566
-4.7231755,-4.3031754,-3.8931756,-3.8431756,-2.4331756,-5.5031757,-5.1231756,-4.2531757,-3.3331757,-2.1131756,-2.4631758,-1.7431756,-4.3331757,-2.0131757,-2.6631756,-0.20317566,0.20682435,-0.03317566,-1.0931756,-2.0331757,-2.1731756,-0.013175659,0.0068243407,-2.5131757,-0.67317563,-2.1431756,-2.9731758,-3.8131757,-4.693176,-4.5231757,-4.593176,-4.5731754,-4.2331758,-2.3331757,-2.3431756,-3.4031756,-4.363176,-4.0331755,-3.5031757,-2.9231756,1.1268244
-1.7431756,-3.6031756,-3.1631756,-2.8131757,-6.2331758,-4.5531754,-5.153176,-4.7331758,-3.5531757,-3.1731756,-3.6331756,-3.6031756,-5.6431756,-3.0331757,-1.7331756,-3.9731758,-3.4531755,-4.1031756,-1.5731757,-2.4731758,-4.4731755,-2.1831756,-4.0031757,-3.0131757,-2.9331756,-1.6231756,-2.4031756,-2.6031756,-3.0131757,-2.7931757,-2.6031756,-1.8931756,-1.3331757,-0.13317566,-1.0631757,-1.8531756,-1.2731757,0.26682433,0.8668243,1.4468243,-1.6831757
-5.0331755,-1.5131756,-3.7631757,-3.8831756,-3.9831758,-4.0531754,-2.8531756,-2.1131756,-3.1531756,-2.0731757,-6.8031754,-1.3131757,-1.2631756,-2.5431757,-2.3231757,-2.8831756,-4.0631757,-2.4731758,-2.4631758,-3.4931757,-3.4331756,-3.2531757,-2.8231757,-2.7131758,-2.8931756,-0.45317566,-1.7331756,-1.3431756,-1.8731756,-0.98317564,-0.013175659,-0.14317566,0.49682435,-1.0531757,-0.21317565,-0.23317567,-0.52317566,0.12682433,-1.7131757,-1.1831757,-0.25317565
1.9168243,-4.3331757,-2.8331757,-5.3231754,-3.7331758,-4.6831756,-5.193176,-4.8331757,-2.2331758,-4.923176,-3.5531757,-3.3531756,-0.29317567,0.6868243,-0.89317566,-2.5431757,-2.3631756,-2.3431756,-2.4131756,-2.5131757,-2.7431757,-1.9431757,-1.8831756,-0.77317566,-1.0931756,-1.6531757,-1.2031757,-1.5231757,-0.89317566,0.8168243,1.0368243,-0.38317567,-0.76317567,-1.0631757,1.8268243,3.0568244,2.4168243,0.31682435,1.1368244,1.0368243,0.91682434
-4.1631756,0.08682434,-5.633176,-4.5331755,-5.4531755,-4.2331758,-6.403176,-6.0831757,1.8468243,-1.7231756,-2.2231758,-4.1631756,2.3668244,-8.343176,-3.4931757,-2.8831756,-3.0331757,-3.1331756,-2.2531757,-1.9931756,0.6868243,-2.8331757,-0.9931757,-2.0531757,-3.2631757,0.01682434,-1.0831757,-1.2231756,0.02682434,-0.16317566,-0.22317566,2.3968244,-0.85317564,2.3468244,1.8268243,3.9868243,3.3468244,2.6068244,3.7068243,3.1068244,1.5868243
-2.9831758,-5.443176,-7.193176,-6.5731754,-7.673176,-7.863176,-8.203176,-6.7531757,-6.3931756,-4.443176,-3.2931757,-1.7831757,-6.343176,3.0268242,-0.37317565,-3.1631756,-3.7431757,-1.7931757,-2.5731757,-7.3531756,2.6068244,-2.9231756,-3.0731757,-4.5431757,-2.2631757,0.10682434,-0.053175658,0.29682434,-0.13317566,0.49682435,-1.2731757,-0.79317564,-1.6331756,-0.41317567,0.49682435,3.1168244,2.8268244,3.3768244,3.3568244,3.3268244,4.2368245
-3.7131758,-5.1031756,-3.5631757,-4.9531755,-4.4831758,-5.923176,-5.923176,-4.8931756,-6.2331758,-6.883176,-4.5431757,-4.8331757,-3.3431756,-4.0231757,-6.2031755,-7.5731754,-3.5531757,-5.3931756,-5.1831756,-4.2431755,-6.1031756,-3.5531757,-6.7731757,-2.1631756,-2.8831756,-1.1631757,-1.3931756,-3.5431757,-0.20317566,-0.10317566,1.1968243,2.0668244,1.1368244,0.41682434,-0.21317565,0.64682436,2.3368244,4.1968246,4.1768246,4.5168242,2.6868243
