wind_kz.json
{"header": {"discipline":0,"disciplineName":"Meteorological products","gribEdition":2,"gribLength":1025,"center":7,"centerName":"US National Weather Service - NCEP(WMC)","subcenter":0,"refTime":"2023-08-20T18:00:00.000Z","significanceOfRT":1,"significanceOfRTName":"Start of forecast","productStatus":0,"productStatusName":"Operational products","productType":1,"productTypeName":"Forecast products","productDefinitionTemplate":0,"productDefinitionTemplateName":"Analysis/forecast at horizontal level/layer at a point in time","parameterCategory":2,"parameterCategoryName":"UnknownDiscipline_0_Category_2","parameterNumber":2,"parameterNumberName":"UnknownParameter_D0_C2_2","parameterUnit":"Unknown","genProcessType":2,"genProcessTypeName":"Forecast","forecastTime":240,"surface1Type":103,"surface1TypeName":"Specified height level above ground","surface1Value":10.0,"surface2Type":255,"surface2TypeName":"Missing","surface2Value":0.0,"gridDefinitionTemplate":0,"gridDefinitionTemplateName":"Latitude_Longitude","numberPoints":615,"shape":6,"shapeName":"Earth spherical with radius of 6,371,229.0 m","gridUnits":"degrees","resolution":48,"winds":"true","scanMode":64,"nx":41,"ny":15,"basicAngle":0,"lo1":47.0,"la1":41.0,"lo2":87.0,"la2":55.0,"dx":1.0,"dy":1.0}, "data":
[rows 0 to 14 of 15, columns 0 to 40 of 41]
-7.059699,-1.2696991,1.420301,-0.8396991,0.120300904,-0.1296991,1.9603009,3.190301,-7.269699,-5.959699,-5.229699,-4.959699,-4.809699,-4.209699,-3.559699,-2.299699,-1.2896991,-0.6596991,-2.109699,-0.0896991,2.230301,-0.9596991,-2.549699,-1.1796991,-0.2196991,-3.389699,-2.109699,-0.8096991,2.920301,1.2003009,-1.3796991,1.440301,-0.1396991,-1.0396991,-2.849699,-3.609699,-2.3996992,-3.299699,-2.6896992,-2.039699,0.3003009
2.440301,0.8303009,-5.179699,-3.549699,-2.549699,1.0303009,-6.349699,-10.059699,-7.459699,-5.729699,-5.189699,-4.669699,-4.3396993,-3.529699,-2.859699,-2.589699,-1.0496991,-1.9096991,-0.049699098,1.0703009,0.9803009,-0.6596991,-0.8796991,-2.4496992,-1.199699,-0.3896991,-1.7296991,0.8103009,-2.2196991,-2.1696992,-0.049699098,-0.8296991,-0.7696991,-2.799699,0.31030092,0.6103009,-0.46969908,0.5703009,-0.9596991,-0.1696991,-1.8996991
-1.4296991,-6.559699,-4.659699,-4.0296993,-3.6596992,-6.389699,-7.399699,-5.149699,-6.759699,-5.2996993,-6.059699,-5.719699,-4.219699,-2.769699,-0.7896991,-1.8396991,-0.9896991,0.9403009,1.4503009,3.410301,2.120301,-2.569699,-3.879699,-3.039699,2.680301,-2.1696992,-0.5396991,-0.43969908,-3.4496992,-0.40969908,-1.4596992,1.9703009,1.2803009,0.4503009,0.110300906,-1.4696991,0.2003009,0.080300905,0.2303009,0.1003009,1.6203009
-6.629699,-6.889699,-5.149699,-4.209699,-4.229699,-4.499699,-2.9596992,-3.549699,-4.559699,-5.259699,-4.899699,-4.909699,-4.309699,-3.559699,-1.7996991,0.6303009,-0.029699096,-0.9896991,0.07030091,-0.7596991,-3.559699,-2.809699,-1.3496991,-5.099699,-5.309699,-4.469699,-4.8196993,-7.239699,-3.559699,-0.8996991,-0.009699097,-0.46969908,3.0103009,3.2903008,1.0803009,-0.9996991,-1.4996991,2.3403008,0.020300902,-0.4796991,1.7403009
-6.009699,-6.739699,-6.039699,-5.179699,-3.329699,-3.789699,-4.159699,-4.989699,-3.609699,-0.7296991,-3.369699,-3.799699,-2.339699,-1.7796991,0.6003009,-0.8296991,-0.9296991,-1.069699,-0.4796991,-2.499699,-4.259699,-4.229699,-4.329699,-3.6596992,-4.479699,-4.0496993,-4.969699,-2.1796992,-2.249699,-0.5396991,-0.4996991,-0.7096991,-1.3696991,1.300301,1.3303009,1.5803009,-0.14969909,-0.43969908,-1.9596992,-1.079699,-0.2996991
-3.9396992,-3.339699,-5.169699,-4.5696993,-5.8196993,-4.939699,-3.9396992,-3.389699,-2.319699,-3.059699,-2.879699,-2.039699,-0.009699097,1.0303009,0.3603009,1.4803009,-0.9896991,-0.8296991,-1.1196991,-1.7496991,-3.829699,-3.069699,-3.529699,-4.309699,-3.889699,-3.249699,-1.2196991,-0.029699096,0.13030091,1.5803009,2.0703008,3.7803009,1.9903009,1.8603009,0.1503009,-3.9196992,0.5103009,0.010300904,2.890301,1.8703009,0.8203009
-2.2096992,-2.379699,-1.4596992,-1.1196991,-1.8696991,-1.4596992,-0.2896991,1.0003009,0.010300904,-1.069699,-2.019699,-1.7396991,0.5603009,0.7303009,2.3203008,-1.559699,-0.9896991,-1.6296991,-2.119699,-3.549699,-3.059699,-2.9196992,-3.6696992,-3.389699,-3.599699,-2.799699,-1.5896991,-1.309699,-0.059699096,-0.9696991,-1.5896991,-1.3496991,-0.2396991,-1.7396991,-4.019699,-1.6296991,-0.9996991,2.0703008,-0.8596991,0.2703009,2.920301
1.5903009,-1.0096991,-0.9996991,-1.3396991,1.1003009,2.110301,2.390301,3.150301,0.7803009,-0.8596991,-0.6896991,0.6803009,1.2803009,0.4103009,1.5403008,1.4903009,-4.009699,-4.309699,-4.1096992,-4.009699,-5.169699,-4.669699,-2.9796991,-2.4796991,-2.4796991,-1.1396991,-1.4896991,-0.9996991,-0.2796991,-1.809699,-2.799699,-2.549699,-5.389699,-0.3496991,-3.639699,-1.819699,1.2103009,0.080300905,-2.1496992,-2.329699,-1.9896991
-7.259699,-5.729699,-4.939699,-2.3996992,-1.059699,-2.349699,-2.789699,-0.6296991,0.4403009,2.210301,0.5003009,0.7903009,2.430301,2.3103008,-6.459699,-6.189699,-6.009699,-6.629699,-4.659699,-3.039699,-3.569699,-3.019699,-2.6496992,-2.529699,-1.9696991,-1.6196991,-1.9796991,-1.939699,0.3203009,-0.4796991,-1.5096991,-1.439699,0.1403009,-1.8896991,-0.2796991,-0.4896991,0.2603009,-3.059699,-0.1896991,0.4803009,-1.059699
-4.349699,-2.759699,-1.309699,-5.829699,-5.749699,-5.719699,-4.679699,-4.059699,-2.079699,-2.529699,-3.7196991,-6.579699,-8.629699,-6.3396993,-7.7796993,-6.0696993,-5.659699,-3.639699,-3.129699,-2.9596992,-2.879699,-2.119699,-2.1896992,-0.8796991,-1.569699,-0.6996991,-1.569699,-0.9096991,-0.9596991,-1.329699,-0.039699096,0.4303009,1.050301,-0.43969908,-0.9096991,-0.099699095,-2.1496992,0.3003009,-1.4796991,0.5403009,-0.019699097
-5.849699,-6.829699,-6.6096992,-5.679699,-5.309699,-5.2996993,-4.539699,-3.6896992,-3.889699,-5.199699,-7.059699,-6.129699,-4.2796993,-5.959699,-5.979699,-4.709699,-4.7996993,-2.269699,-1.6096991,-2.099699,-1.4696991,-1.2096992,-0.2596991,0.8203009,0.2203009,0.3203009,0.3503009,-0.059699096,-0.46969908,-0.049699098,-0.8096991,0.4803009,0.1503009,-0.1696991,0.040300902,-0.8996991,-1.3496991,0.5003009,-0.6796991,1.6203009,-0.9796991
-6.219699,-5.699699,-5.249699,-4.789699,-4.3596992,-4.249699,-4.009699,-3.609699,-3.249699,-3.849699,-4.919699,-3.509699,-3.249699,-2.999699,-3.079699,-0.9396991,-2.4096992,-2.139699,-2.339699,-1.0896991,-0.4896991,0.70030093,0.3903009,0.8403009,0.7403009,1.3703009,3.5103009,3.0803008,2.940301,1.1503009,1.0303009,0.6703009,0.8103009,0.7403009,0.9903009,-0.5396991,1.8703009,0.8503009,0.34030092,-0.5096991,-0.3096991
-3.829699,-4.709699,-3.9896991,-4.0696993,-3.1496992,-2.2396991,-2.6496992,-2.3996992,-3.099699,-1.4096991,-1.2496991,-1.6496991,-0.9496991,-1.0096991,-0.2396991,-3.2196991,-2.2196991,-1.6796991,-0.9296991,-0.2196991,-0.5196991,-0.3196991,0.9003009,0.4503009,1.8403009,1.1403009,3.410301,2.610301,2.5103009,3.0403008,2.970301,2.930301,2.8203008,2.3403008,1.6003009,1.8703009,1.9603009,-0.0796991,1.9103009,-0.54969907,-1.2496991
-3.129699,-3.4396992,-4.119699,-2.599699,-1.8396991,-1.6596991,-2.869699,-4.679699,-1.7596991,-1.7996991,-1.1096991,-1.5496991,-0.54969907,-1.4896991,-0.8596991,0.5703009,1.670301,2.230301,2.210301,2.720301,2.390301,2.0303009,2.900301,3.5203009,2.880301,3.440301,3.470301,2.630301,2.3103008,3.8203008,3.190301,3.380301,2.920301,2.8303008,2.8003008,2.380301,1.7803009,1.0103009,0.2603009,0.7103009,0.050300904
-1.8896991,-1.8896991,0.28030092,-2.9696991,-3.039699,-2.9396992,-2.859699,-2.769699,-1.3496991,-0.6596991,-1.2196991,-1.189699,-1.329699,-0.1696991,-0.79969907,0.9003009,1.1603009,1.6103009,2.740301,3.140301,3.460301,3.660301,3.3403008,3.610301,3.470301,3.730301,4.4303007,3.7903008,3.670301,3.3303008,3.0103009,4.7203007,3.230301,3.0703008,3.0703008,3.0403008,1.9703009,1.8603009,2.900301,1.5303009,0.2303009
