wind_kz.json
{"header": {"discipline":0,"disciplineName":"Meteorological products","gribEdition":2,"gribLength":948,"center":7,"centerName":"US National Weather Service - NCEP(WMC)","subcenter":0,"refTime":"2023-08-18T18:00:00.000Z","significanceOfRT":1,"significanceOfRTName":"Start of forecast","productStatus":0,"productStatusName":"Operational products","productType":1,"productTypeName":"Forecast products","productDefinitionTemplate":0,"productDefinitionTemplateName":"Analysis/forecast at horizontal level/layer at a point in time","parameterCategory":0,"parameterCategoryName":"UnknownDiscipline_0_Category_0","parameterNumber":0,"parameterNumberName":"UnknownParameter_D0_C0_0","parameterUnit":"Unknown","genProcessType":2,"genProcessTypeName":"Forecast","forecastTime":180,"surface1Type":1,"surface1TypeName":"Ground or water surface","surface1Value":0.0,"surface2Type":255,"surface2TypeName":"Missing","surface2Value":0.0,"gridDefinitionTemplate":0,"gridDefinitionTemplateName":"Latitude_Longitude","numberPoints":615,"shape":6,"shapeName":"Earth spherical with radius of 6,371,229.0 m","gridUnits":"degrees","resolution":48,"winds":"true","scanMode":64,"nx":41,"ny":15,"basicAngle":0,"lo1":47.0,"la1":41.0,"lo2":87.0,"la2":55.0,"dx":1.0,"dy":1.0}, "data":
[rows 0 to 14 of 15, columns 0 to 40 of 41]
308.2923,295.5923,301.89227,298.99228,298.39227,297.0923,306.89227,300.89227,297.89227,310.6923,313.89227,316.89227,315.6923,313.5923,314.49228,316.1923,314.6923,313.2923,319.39227,317.7923,320.39227,313.2923,311.2923,313.89227,316.89227,315.39227,313.0923,304.1923,303.5923,300.1923,301.1923,296.5923,308.49228,317.89227,324.39227,325.2923,326.7923,324.7923,324.6923,324.89227,326.2923
287.1923,301.6923,298.99228,298.99228,298.6923,296.99228,310.99228,308.7923,308.49228,308.49228,309.6923,310.0923,311.6923,313.89227,314.2923,315.6923,315.6923,314.39227,315.6923,316.89227,317.49228,313.99228,312.7923,297.0923,281.7923,289.2923,304.89227,301.7923,305.2923,292.7923,298.7923,294.49228,303.1923,273.0923,296.89227,314.7923,317.5923,319.39227,322.1923,311.89227,285.6923
307.0923,299.0923,299.5923,299.0923,296.89227,307.5923,306.99228,307.6923,306.6923,306.49228,308.1923,309.39227,308.6923,310.89227,308.7923,310.49228,311.2923,313.49228,314.1923,311.1923,310.1923,311.0923,312.89227,309.39227,301.39227,313.2923,309.49228,311.1923,311.6923,297.99228,295.49228,296.7923,304.2923,307.99228,307.2923,306.2923,300.7923,297.99228,305.0923,301.49228,298.2923
310.0923,299.6923,299.0923,298.2923,299.49228,306.39227,307.0923,306.99228,307.7923,307.0923,305.89227,305.1923,295.49228,294.7923,308.89227,308.49228,307.39227,311.0923,313.49228,313.1923,310.2923,311.89227,312.0923,315.5923,319.39227,315.6923,311.7923,306.89227,302.49228,315.7923,311.39227,309.89227,319.2923,320.0923,319.7923,315.5923,302.99228,298.99228,301.99228,316.99228,321.39227
309.49228,299.39227,299.2923,298.7923,302.7923,306.6923,309.39227,309.5923,306.5923,305.2923,305.99228,305.2923,295.6923,294.39227,291.89227,308.5923,308.5923,304.99228,306.89227,308.7923,309.99228,310.1923,310.89227,313.39227,316.99228,319.49228,316.89227,307.39227,303.1923,304.99228,311.1923,310.39227,303.49228,291.2923,307.6923,318.6923,313.2923,327.2923,328.49228,325.99228,325.89227
306.6923,304.89227,297.7923,297.99228,298.6923,298.49228,308.6923,306.99228,304.7923,304.2923,303.7923,304.7923,296.1923,294.7923,299.0923,302.1923,305.1923,305.0923,306.0923,306.6923,307.0923,307.49228,308.89227,309.5923,310.99228,313.2923,316.1923,293.7923,309.49228,297.49228,302.7923,310.5923,309.2923,313.0923,310.5923,309.1923,311.89227,315.39227,328.5923,328.39227,324.89227
304.0923,303.7923,305.39227,306.2923,303.99228,305.7923,308.49228,305.89227,304.1923,302.39227,303.39227,302.0923,301.5923,303.2923,304.49228,302.49228,302.7923,303.1923,304.39227,304.0923,304.0923,304.6923,306.5923,308.0923,308.0923,307.39227,310.0923,313.49228,308.2923,304.7923,300.0923,303.7923,311.5923,311.99228,311.2923,315.1923,312.39227,310.2923,309.39227,303.49228,317.1923
302.39227,301.89227,303.1923,304.39227,304.99228,306.2923,305.39227,302.2923,301.1923,300.6923,301.2923,299.5923,300.1923,299.6923,301.0923,292.1923,291.39227,291.5923,293.2923,291.5923,290.0923,302.1923,303.49228,304.0923,304.89227,303.49228,303.49228,306.49228,305.6923,306.7923,298.1923,294.7923,301.99228,302.7923,302.39227,319.89227,319.2923,290.1923,320.49228,321.7923,317.39227
301.89227,300.1923,301.6923,302.49228,304.0923,302.89227,302.89227,302.2923,301.6923,300.1923,297.89227,298.1923,289.6923,287.89227,287.2923,288.5923,290.39227,289.0923,288.2923,289.49228,286.0923,287.5923,295.39227,301.39227,300.89227,302.1923,300.5923,301.5923,300.89227,300.99228,298.7923,297.5923,297.6923,305.7923,312.39227,311.49228,309.89227,311.1923,305.1923,296.7923,300.49228
300.99228,299.1923,300.1923,300.1923,300.49228,300.7923,300.49228,299.5923,299.49228,298.1923,296.49228,294.49228,285.7923,285.39227,285.5923,287.0923,287.39227,288.89227,288.2923,288.1923,287.0923,289.7923,290.0923,294.5923,301.0923,300.89227,301.7923,302.1923,302.5923,303.49228,301.0923,293.1923,295.0923,305.39227,311.0923,313.39227,304.99228,301.89227,302.2923,299.5923,300.5923
298.0923,298.2923,297.89227,296.1923,296.39227,297.39227,298.1923,298.49228,296.99228,294.7923,291.99228,290.7923,284.89227,283.39227,283.89227,284.39227,284.7923,291.89227,287.5923,284.1923,284.1923,285.99228,287.0923,288.7923,294.6923,298.39227,297.89227,301.1923,303.7923,306.7923,305.0923,299.2923,293.0923,303.49228,309.1923,309.1923,300.1923,300.39227,302.5923,299.7923,298.49228
296.99228,297.89227,297.5923,296.39227,294.99228,295.0923,294.89227,295.5923,294.99228,293.89227,289.99228,291.1923,288.5923,282.2923,282.0923,282.6923,282.1923,284.2923,284.89227,285.39227,284.99228,282.89227,287.39227,286.89227,288.1923,294.5923,300.49228,301.99228,304.6923,304.5923,301.0923,297.7923,295.6923,303.2923,301.89227,306.7923,305.39227,306.39227,301.39227,306.1923,305.39227
291.7923,294.0923,294.89227,294.39227,292.49228,291.99228,293.49228,295.6923,295.1923,291.89227,286.89227,287.89227,286.7923,281.0923,281.5923,281.49228,282.0923,284.39227,292.6923,289.7923,284.2923,283.99228,285.7923,284.99228,290.89227,290.99228,301.1923,301.6923,301.39227,300.39227,303.2923,303.39227,303.49228,304.2923,306.2923,304.5923,305.0923,304.89227,305.0923,304.6923,303.0923
292.89227,294.0923,292.39227,294.5923,293.6923,292.49228,293.1923,290.0923,291.6923,291.49228,284.49228,284.1923,285.5923,280.6923,281.0923,281.49228,282.49228,284.6923,293.39227,289.2923,286.6923,283.7923,285.5923,290.6923,289.0923,295.99228,299.39227,299.39227,299.2923,301.39227,300.89227,302.89227,302.49228,303.39227,303.5923,305.2923,304.5923,303.0923,304.89227,302.89227,302.0923
289.1923,293.7923,291.0923,292.99228,292.7923,289.1923,290.6923,290.5923,289.0923,291.2923,287.7923,283.6923,280.2923,279.6923,280.6923,281.7923,282.7923,287.49228,287.1923,285.0923,285.0923,284.0923,284.99228,287.89227,293.1923,295.89227,296.6923,298.0923,298.0923,298.7923,298.39227,291.49228,300.6923,303.89227,305.7923,306.1923,303.49228,303.7923,305.1923,304.49228,302.7923
