wind_kz.json
{"header": {"discipline":0,"disciplineName":"Meteorological products","gribEdition":2,"gribLength":1025,"center":7,"centerName":"US National Weather Service - NCEP(WMC)","subcenter":0,"refTime":"2024-04-06T12:00:00.000Z","significanceOfRT":1,"significanceOfRTName":"Start of forecast","productStatus":0,"productStatusName":"Operational products","productType":1,"productTypeName":"Forecast products","productDefinitionTemplate":0,"productDefinitionTemplateName":"Analysis/forecast at horizontal level/layer at a point in time","parameterCategory":2,"parameterCategoryName":"UnknownDiscipline_0_Category_2","parameterNumber":2,"parameterNumberName":"UnknownParameter_D0_C2_2","parameterUnit":"Unknown","genProcessType":2,"genProcessTypeName":"Forecast","forecastTime":300,"surface1Type":103,"surface1TypeName":"Specified height level above ground","surface1Value":10.0,"surface2Type":255,"surface2TypeName":"Missing","surface2Value":0.0,"gridDefinitionTemplate":0,"gridDefinitionTemplateName":"Latitude_Longitude","numberPoints":615,"shape":6,"shapeName":"Earth spherical with radius of 6,371,229.0 m","gridUnits":"degrees","resolution":48,"winds":"true","scanMode":64,"nx":41,"ny":15,"basicAngle":0,"lo1":47.0,"la1":41.0,"lo2":87.0,"la2":55.0,"dx":1.0,"dy":1.0}, "data":
[rows 0 to 14 of 15, columns 0 to 40 of 41]
-1.0576293,-0.7776294,0.3023706,-3.9676294,-1.3476294,0.2423706,0.022370605,1.3623706,0.9923706,0.7723706,-2.4676294,-2.1976295,-2.5276294,0.6823706,2.4723706,1.5423706,1.0323706,-0.16762939,0.012370605,1.9823706,0.35237062,4.8023705,0.5723706,0.5623706,-0.08762939,-1.2676294,-2.4176295,-3.3476293,-1.6376294,-1.0376294,-2.3376293,1.7523706,0.29237062,-1.5476294,-3.4576294,-2.8576293,-3.2176294,-4.477629,-3.9876294,-1.4176294,0.8023706
2.1023705,-0.24762939,-3.2476294,-3.3876295,-0.4476294,-0.9276294,-1.4576294,-1.9476295,-3.5176294,-3.8476293,-3.2576294,-3.0876293,-1.4276294,-0.2276294,-1.8476294,-2.8276293,-2.1176293,-4.1976295,-3.1376295,-4.2776294,-4.0676293,-1.7676294,-0.5676294,-2.5176294,-1.1176294,0.7823706,-1.8476294,-0.9076294,-4.1376295,-2.0376294,-0.3076294,-1.3976294,2.5023706,-3.2676294,0.08237061,-0.3176294,-0.5276294,-0.9976294,-1.3776294,0.4723706,-2.5576293
-0.84762937,-6.1176295,-3.4976294,-2.8476293,-3.9776294,-3.2276294,-2.6676295,-3.1076293,-4.477629,-3.3276293,-2.7876294,-2.0376294,-3.1876295,-3.6976295,-3.7076294,-3.9576294,-5.8176293,-3.4976294,-3.9876294,-5.7676296,-5.687629,-7.7976294,-5.6576295,-4.1076293,1.3523706,-0.4376294,0.1623706,-0.21762939,-1.2176294,-1.0476294,-2.4976294,2.0223706,-1.4176294,-1.3676294,-0.16762939,-0.9776294,-0.3776294,-0.5276294,-1.0276294,2.3523705,3.5823705
-3.6876295,-4.1176295,-3.8676293,-1.7876294,-4.5576296,-2.5676293,-2.5276294,-4.2376294,-3.6276293,-3.3476293,-3.4676294,-4.8476295,-5.1576295,-5.8876295,-4.8776293,-5.187629,-5.5676293,-5.3676295,-4.5776296,-4.2676296,-7.1276293,-3.8576293,-2.5676293,-5.1676292,-5.5576296,-4.6376295,-6.0376296,-10.867629,-4.9176292,-1.3076293,-1.0476294,-9.507629,-5.2176294,-4.8876295,-4.3176293,-3.1676295,-2.5376294,1.4423707,2.1523707,0.1623706,0.5023706
-2.9676294,-3.0076294,-1.6176294,-0.027629394,0.8423706,-4.5376296,-4.0076294,-3.4676294,-3.7776294,-4.457629,-4.8776293,-4.437629,-6.0876293,-6.7176294,-6.5576296,-5.5876293,-5.457629,-6.457629,-8.1376295,-8.487629,-13.3876295,-8.117629,-8.247629,-7.0576296,-7.7976294,-7.6776295,-10.427629,-6.9076295,-6.727629,-6.1776295,-5.207629,-2.3276293,-2.6876295,0.08237061,-0.24762939,-1.6876293,-3.9376295,-2.2776294,0.022370605,-0.8876294,-3.4176295
-3.0776293,-2.8676293,-2.8976295,-4.1376295,-6.5876293,-6.5276294,-4.4076295,-3.9376295,-3.6576295,-3.5276294,-4.6476293,-5.1676292,-5.5676293,-5.9476295,-4.7376294,-5.2776294,-4.7576294,-5.0076294,-7.8076296,-7.2776294,-9.497629,-6.3976293,-6.187629,-7.0776296,-7.3976293,-9.26763,-7.5876293,-5.707629,-7.3376293,-7.1276293,-7.247629,-4.7776294,-4.227629,-3.8876295,-3.7376294,0.7223706,-0.057629395,-0.4176294,-0.027629394,-4.8676295,-3.5776293
-3.2476294,-3.5676293,-4.6476293,-3.3276293,-5.2676296,-4.1676292,-4.2576294,-4.0176296,-4.6676292,-4.3276296,-4.2376294,-4.4876294,-4.5576296,-3.9276295,-4.2776294,-4.8076296,-4.4676294,-4.8776293,-3.6576295,-6.5776296,-5.457629,-4.9676294,-4.8976293,-4.6076293,-5.6676292,-6.457629,-6.1476293,-5.1976295,-5.957629,-5.6176295,-6.8276296,-7.2176294,-3.9176295,-2.2176294,-3.0876293,-1.4476295,-1.1776294,0.8823706,0.5423706,-0.2976294,0.22237061
-3.5776293,-3.8676293,-3.5876293,-3.4576294,-3.5476294,-3.5276294,-2.9476295,-3.4276295,-3.6576295,-4.1776295,-3.7176294,-4.3376293,-3.3676293,-3.8576293,-2.7676294,-3.5576293,-3.5376294,-4.2976294,-4.1576295,-3.9176295,-4.207629,-4.1376295,-3.4076295,-4.0776296,-3.9176295,-2.9976294,-3.8876295,-3.6976295,-3.8976295,-3.3176293,-4.3876295,-3.2376294,-3.0576293,-2.5776293,-3.2376294,1.4023706,2.4923706,2.9323707,3.2923706,3.5323706,1.0123706
-4.247629,-4.0876293,-3.2476294,-3.1076293,-3.0076294,-2.8076293,-2.3776293,-2.7676294,-3.2276294,-2.7676294,-2.9976294,-2.9776294,-2.1376295,-2.8476293,-2.7176294,-2.1176293,-2.4876294,-2.6176293,-3.0076294,-2.7376294,-3.6576295,-2.7976294,-3.2676294,-3.3476293,-2.9476295,-3.2676294,-1.9576294,-2.1076293,-1.2576294,-1.5076294,-1.6176294,-1.2776294,-1.0876294,-0.5176294,-0.027629394,0.19237061,0.29237062,-3.1576295,-2.1676295,0.7523706,-2.2876294
-4.0976295,-3.6376295,-3.0076294,-3.4076295,-3.7576294,-2.6476295,-2.3976295,-1.9076294,-0.9976294,-1.5576293,-1.0576293,-1.8276294,-1.4376293,-1.6176294,-2.3476293,-1.9976294,-0.7576294,-0.5276294,-1.1576294,-1.5276294,-1.7076294,-1.3976294,-1.5676293,-2.3276293,-2.0776293,-1.8176293,-1.0276294,-0.9476294,-0.5176294,-0.4476294,0.29237062,0.7623706,1.6123706,1.4323707,0.3823706,-0.5776294,-1.1876293,-0.1276294,-2.6776295,-0.8676294,-1.1876293
-2.8076293,-2.9476295,-3.0776293,-2.7776294,-2.7476294,-3.1976295,-2.4376295,-0.5276294,-0.7376294,-1.4276294,-0.2776294,0.4423706,-0.21762939,0.6023706,0.4523706,-0.2876294,-0.5776294,0.12237061,0.1823706,0.3623706,0.2023706,-0.2576294,-0.1476294,-0.3676294,-0.26762938,-0.6276294,0.65237063,0.8023706,1.4123706,1.1123706,1.9623706,1.7823706,1.5223706,1.0423706,1.1523706,-1.1376294,-1.2476294,0.09237061,-0.4776294,0.5223706,-0.9776294
-1.6876293,-0.9576294,-1.0876294,-2.3076293,-2.5376294,-1.5476294,-1.1176294,-0.7676294,-1.0476294,-0.9776294,-0.8676294,-0.1776294,0.17237061,0.7523706,1.8423706,1.6623706,1.6923707,1.8323706,0.4023706,1.0523705,0.32237062,1.4323707,0.9923706,1.4323707,1.6623706,2.7723706,1.8423706,2.8323705,2.9923706,2.5223706,2.2123706,2.9223707,2.1223707,2.1123705,1.9823706,1.9723706,0.9823706,-0.08762939,0.2723706,0.12237061,-0.4076294
-0.6276294,-0.5876294,-0.2976294,-1.0476294,-0.4176294,-0.9776294,-0.9276294,-0.4976294,-0.5476294,-0.2576294,-0.7976294,-0.42762938,-0.2976294,0.5223706,-0.4676294,1.7723706,2.6823707,2.3423705,1.5223706,1.4823706,0.96237063,1.3923706,1.5423706,1.5223706,3.4823706,3.1823707,3.5423706,2.9223707,2.9423707,2.8423705,3.1723707,3.1023705,3.1623707,2.4523706,2.6623707,2.8423705,2.5423706,0.8223706,1.5423706,0.7823706,-0.107629396
0.7723706,0.8223706,0.4523706,-0.1476294,-0.19762939,0.26237062,0.48237062,0.6623706,0.9223706,0.6023706,-0.3576294,-0.6976294,0.9523706,1.9623706,3.4323707,3.3723707,2.9823706,2.3723707,1.7523706,2.5023706,2.2523706,2.3323705,3.0123706,2.7423706,3.1123705,2.9623706,2.9523706,3.2523706,3.1823707,3.1823707,3.3023705,3.2423706,3.0223706,2.8523705,2.8623705,2.7823706,2.0423706,1.7523706,0.1323706,0.5923706,0.1323706
0.96237063,2.0623705,2.0123706,1.8823706,1.9323707,1.3723706,2.3123705,1.7923706,2.3123705,0.5423706,-0.7476294,0.5823706,1.0023706,1.5223706,3.1623707,2.3823707,2.9123707,2.8323705,2.1423707,2.6023705,2.3423705,2.9123707,2.6623707,2.8723707,2.8223705,2.8723707,3.1923707,3.2423706,3.2123706,3.3823707,3.4423707,3.7123706,3.2523706,2.9223707,3.0423706,3.1323707,0.9523706,2.3523705,1.6323706,1.2723706,-1.1576294
