wind_kz.json
{"header": {"discipline":0,"disciplineName":"Meteorological products","gribEdition":2,"gribLength":1025,"center":7,"centerName":"US National Weather Service - NCEP(WMC)","subcenter":0,"refTime":"2023-09-25T12:00:00.000Z","significanceOfRT":1,"significanceOfRTName":"Start of forecast","productStatus":0,"productStatusName":"Operational products","productType":1,"productTypeName":"Forecast products","productDefinitionTemplate":0,"productDefinitionTemplateName":"Analysis/forecast at horizontal level/layer at a point in time","parameterCategory":2,"parameterCategoryName":"UnknownDiscipline_0_Category_2","parameterNumber":3,"parameterNumberName":"UnknownParameter_D0_C2_3","parameterUnit":"Unknown","genProcessType":2,"genProcessTypeName":"Forecast","forecastTime":240,"surface1Type":103,"surface1TypeName":"Specified height level above ground","surface1Value":10.0,"surface2Type":255,"surface2TypeName":"Missing","surface2Value":0.0,"gridDefinitionTemplate":0,"gridDefinitionTemplateName":"Latitude_Longitude","numberPoints":615,"shape":6,"shapeName":"Earth spherical with radius of 6,371,229.0 m","gridUnits":"degrees","resolution":48,"winds":"true","scanMode":64,"nx":41,"ny":15,"basicAngle":0,"lo1":47.0,"la1":41.0,"lo2":87.0,"la2":55.0,"dx":1.0,"dy":1.0}, "data":
[rows 0 to 14 of 15, columns 0 to 40 of 41]
2.774563,1.034563,-1.565437,3.314563,-0.06543701,-2.615437,-2.645437,-4.705437,-1.545437,-3.085437,-2.895437,-2.535437,-1.5754371,-1.625437,-1.725437,-1.655437,-1.445437,-1.5754371,-1.655437,0.05456299,-2.335437,-2.005437,-1.105437,2.414563,5.234563,0.0045629884,1.404563,1.2945629,0.024562988,-1.645437,-1.065437,-1.355437,-0.525437,0.544563,-1.435437,-2.925437,0.354563,-0.21543701,1.614563,0.234563,-0.365437
-0.305437,0.154563,-2.295437,-3.475437,-3.465437,-3.505437,-4.725437,-3.995437,-3.565437,-3.555437,-3.825437,-2.945437,-2.245437,-1.085437,-0.335437,-0.21543701,-0.665437,0.424563,-0.235437,-1.245437,-0.645437,-0.665437,-0.19543701,1.344563,3.014563,1.244563,-0.305437,2.344563,1.524563,2.024563,3.194563,1.214563,-1.735437,-1.725437,0.27456298,1.274563,1.014563,1.734563,1.304563,-0.34543702,0.794563
-1.335437,1.274563,-3.205437,-3.925437,-3.985437,-3.135437,-3.365437,-3.145437,-3.565437,-2.735437,-3.475437,-4.755437,-1.2054371,-2.085437,-0.655437,1.014563,1.5445629,1.104563,1.864563,1.654563,0.654563,3.174563,1.584563,2.594563,-1.535437,-1.845437,-0.455437,-2.555437,0.22456299,-0.625437,0.394563,-1.4554371,-2.225437,-3.575437,-0.875437,-0.28543702,-0.575437,-4.355437,-0.275437,0.304563,-1.895437
-1.7054371,-3.215437,-3.165437,-4.135437,-3.175437,-5.785437,-5.715437,-4.005437,-4.045437,-2.835437,-4.235437,-3.305437,-3.365437,-0.785437,1.394563,0.154563,0.13456298,2.534563,2.964563,2.444563,2.934563,5.074563,2.254563,3.804563,3.224563,1.374563,-0.835437,1.114563,1.264563,-0.335437,-1.125437,-5.285437,-1.395437,0.294563,-0.635437,0.734563,1.564563,1.724563,0.16456299,-0.86543703,-1.795437
-2.845437,2.104563,-1.875437,-3.045437,-4.295437,-4.415437,-5.035437,-4.615437,-5.075437,-4.135437,-3.325437,-3.805437,-1.695437,1.454563,1.134563,3.944563,3.284563,3.494563,2.654563,5.004563,3.534563,2.9845629,2.594563,3.214563,0.17456299,-1.555437,-0.18543701,1.074563,3.504563,1.384563,-1.855437,-0.86543703,1.394563,0.16456299,-0.025437012,1.254563,0.06456299,-0.13543701,2.264563,2.344563,-0.24543701
-1.865437,-2.895437,-4.065437,-2.685437,-5.035437,-5.215437,-4.225437,-4.305437,-3.555437,-3.285437,-3.0154371,-1.655437,-1.105437,0.324563,2.854563,3.504563,5.864563,6.634563,7.814563,4.484563,6.284563,4.434563,3.704563,3.044563,2.364563,0.19456299,4.834563,0.13456298,1.224563,1.314563,0.324563,-2.685437,-2.815437,-0.725437,2.644563,1.134563,-3.315437,-0.725437,0.21456298,2.584563,0.094562985
-2.545437,-2.975437,-4.155437,-5.765437,-6.025437,-6.745437,-4.975437,-3.355437,-2.875437,-3.865437,-5.795437,-4.515437,-1.225437,-0.31543702,2.404563,4.094563,5.674563,7.564563,7.024563,5.584563,6.474563,5.644563,4.924563,5.094563,3.304563,3.244563,3.574563,4.174563,1.104563,1.104563,0.21456298,3.374563,0.754563,0.51456296,1.124563,-0.73543704,1.864563,0.734563,-0.625437,-0.775437,-1.2054371
-3.675437,-3.7654371,-4.875437,-6.075437,-6.185437,-5.505437,-3.605437,-3.635437,-4.675437,-4.125437,-5.935437,-6.505437,-5.205437,-4.315437,4.024563,0.524563,6.1045628,7.254563,6.344563,3.764563,6.454563,5.024563,4.444563,3.474563,6.554563,5.524563,5.264563,3.754563,2.974563,3.914563,2.464563,1.134563,0.924563,-2.755437,-2.805437,-2.965437,1.114563,-0.335437,0.19456299,0.07456299,1.594563
-3.155437,-4.485437,-4.825437,-5.075437,-5.485437,-4.095437,-4.365437,-2.715437,-4.265437,-4.585437,-5.535437,-6.705437,-6.545437,-3.845437,-0.67543703,4.914563,6.484563,3.404563,3.204563,3.184563,5.334563,-0.18543701,-1.5754371,1.994563,1.284563,5.834563,5.474563,4.244563,2.184563,1.944563,2.004563,-2.215437,-0.31543702,-2.155437,-2.335437,-1.755437,0.784563,1.474563,2.064563,0.534563,-2.145437
-3.165437,-4.055437,-4.165437,-4.605437,-4.095437,-3.785437,-3.625437,-3.655437,-3.935437,-4.725437,-5.905437,-7.595437,-9.895437,-1.865437,-4.615437,-2.105437,5.114563,7.384563,3.534563,1.904563,2.774563,2.754563,-0.715437,0.794563,4.544563,3.4845629,1.594563,-1.145437,-1.745437,-3.175437,-0.67543703,-2.315437,-3.185437,-3.375437,-1.395437,-2.085437,-0.895437,-0.945437,0.694563,3.684563,2.774563
-3.375437,-3.715437,-3.425437,-4.205437,-2.335437,-2.525437,-3.225437,-2.005437,-3.085437,-3.755437,-4.095437,-6.055437,-7.325437,-6.305437,-5.825437,-0.86543703,-0.645437,-0.25543702,1.834563,-0.67543703,0.03456299,-2.465437,1.624563,-0.17543702,-1.485437,-0.665437,-0.585437,-1.225437,-1.185437,-1.715437,-1.655437,-3.345437,-5.045437,-3.285437,-3.755437,-2.885437,-1.795437,-0.885437,-2.635437,-0.755437,-0.25543702
-3.335437,-2.125437,-3.085437,-2.945437,-2.125437,-2.185437,-1.905437,-1.875437,-3.145437,-2.135437,-2.665437,-5.995437,-6.915437,-6.765437,-6.595437,-4.915437,-3.455437,-3.035437,-2.915437,-1.675437,0.08456299,-1.155437,-1.665437,-1.285437,-0.695437,-0.335437,0.05456299,-0.205437,-0.575437,-0.775437,-1.2054371,-2.405437,-2.2654371,-2.0154371,-2.085437,-3.365437,-3.955437,-2.965437,-2.2654371,-1.085437,0.024562988
-2.245437,-1.885437,-1.445437,-1.355437,-0.895437,-1.165437,-0.915437,1.694563,0.364563,-1.615437,-1.445437,-2.685437,-5.205437,-5.165437,-4.845437,-4.565437,-4.625437,-4.015437,-2.575437,-2.575437,-1.615437,-0.16543701,0.21456298,0.794563,1.334563,0.394563,-0.815437,-0.85543704,-1.495437,-1.835437,-2.395437,-2.555437,-2.185437,-2.615437,-2.845437,-2.555437,-2.825437,-3.215437,-3.775437,-3.005437,-2.985437
-1.535437,-1.545437,0.384563,0.16456299,-0.835437,-0.595437,-0.655437,-0.335437,-0.595437,0.974563,0.754563,-1.415437,-2.885437,-2.565437,-2.545437,-2.575437,-2.075437,-1.375437,-1.355437,-0.98543704,-0.595437,-0.575437,-0.205437,0.154563,0.08456299,-0.425437,-1.2054371,-1.175437,-1.435437,-1.995437,-2.995437,-2.455437,-2.355437,-2.465437,-2.465437,-2.175437,-2.755437,-1.935437,-1.465437,-1.305437,-2.305437
0.05456299,-0.60543704,-1.565437,-0.67543703,-0.40543702,0.34456298,-1.295437,-1.025437,-0.125437,-0.31543702,-0.755437,-0.635437,0.604563,-1.095437,-1.485437,-1.595437,-1.365437,-1.415437,-1.625437,-1.305437,-0.86543703,-0.535437,-0.665437,-0.685437,-1.125437,-0.975437,-1.415437,-1.365437,-1.545437,-1.805437,-2.405437,-2.855437,-2.465437,-2.385437,-2.395437,-2.385437,-1.935437,-1.475437,-1.7054371,-1.835437,0.934563
