wind_kz.json
{"header": {"discipline":0,"disciplineName":"Meteorological products","gribEdition":2,"gribLength":871,"center":7,"centerName":"US National Weather Service - NCEP(WMC)","subcenter":0,"refTime":"2024-02-01T00:00:00.000Z","significanceOfRT":1,"significanceOfRTName":"Start of forecast","productStatus":0,"productStatusName":"Operational products","productType":1,"productTypeName":"Forecast products","productDefinitionTemplate":0,"productDefinitionTemplateName":"Analysis/forecast at horizontal level/layer at a point in time","parameterCategory":0,"parameterCategoryName":"UnknownDiscipline_0_Category_0","parameterNumber":0,"parameterNumberName":"UnknownParameter_D0_C0_0","parameterUnit":"Unknown","genProcessType":2,"genProcessTypeName":"Forecast","forecastTime":240,"surface1Type":1,"surface1TypeName":"Ground or water surface","surface1Value":0.0,"surface2Type":255,"surface2TypeName":"Missing","surface2Value":0.0,"gridDefinitionTemplate":0,"gridDefinitionTemplateName":"Latitude_Longitude","numberPoints":615,"shape":6,"shapeName":"Earth spherical with radius of 6,371,229.0 m","gridUnits":"degrees","resolution":48,"winds":"true","scanMode":64,"nx":41,"ny":15,"basicAngle":0,"lo1":47.0,"la1":41.0,"lo2":87.0,"la2":55.0,"dx":1.0,"dy":1.0}, "data":
[rows 0 to 14 of 15, columns 0 to 40 of 41]
275.74384,269.24384,274.24384,280.14386,280.34384,281.74384,278.64386,277.74384,275.54385,275.64386,274.24384,274.24384,274.24384,274.64386,274.24384,273.84384,274.64386,273.04385,274.94385,274.04385,274.94385,275.44385,275.74384,274.44385,272.34384,276.64386,272.04385,254.14384,253.04385,251.04385,253.34384,255.04385,260.24384,265.64386,270.24384,269.34384,269.54385,269.84384,270.04385,270.34384,270.54385
258.34384,273.24384,280.14386,279.84384,280.24384,280.84384,275.74384,274.64386,273.84384,273.74384,274.04385,273.44385,273.14386,273.14386,273.54385,273.44385,273.94385,273.64386,272.34384,271.64386,272.44385,272.64386,272.64386,269.64386,248.24385,252.34384,263.14386,257.74384,255.74385,251.14384,260.84384,245.24385,256.64386,242.24385,251.54385,260.94385,258.64386,266.84384,268.84384,263.94385,267.34384
276.24384,278.24384,279.94385,280.14386,280.14386,274.34384,273.84384,273.34384,272.24384,271.84384,271.54385,271.84384,272.34384,271.94385,271.74384,272.04385,272.14386,272.14386,272.14386,272.34384,272.44385,270.54385,271.34384,261.84384,270.14386,269.74384,271.34384,272.34384,270.84384,263.14386,255.84384,256.74384,256.84384,258.54385,257.04385,261.44385,253.54385,250.44385,250.34384,254.64384,253.24385
278.04385,275.84384,277.84384,278.94385,277.84384,272.74384,273.14386,272.14386,272.24384,272.24384,272.34384,272.54385,281.14386,281.74384,271.64386,271.94385,271.24384,271.54385,271.54385,271.74384,269.24384,260.54385,269.84384,270.64386,271.74384,272.04385,272.04385,268.64386,271.24384,271.34384,269.84384,269.64386,271.74384,267.94385,265.84384,267.84384,255.24385,254.34384,264.04385,261.44385,260.64386
274.94385,272.44385,271.74384,271.84384,272.44385,273.34384,272.34384,272.24384,271.64386,271.34384,270.84384,271.04385,278.84384,278.84384,278.04385,270.24384,270.04385,269.74384,269.04385,269.74384,269.64386,268.44385,267.44385,269.24384,268.94385,268.54385,262.34384,268.24384,268.24384,268.54385,270.84384,270.04385,263.84384,250.44385,262.04385,262.34384,266.94385,257.94385,259.54385,258.04385,258.54385
274.24384,273.74384,271.64386,270.64386,269.74384,268.94385,271.24384,271.94385,270.64386,270.24384,270.64386,270.24384,277.24384,278.84384,267.44385,269.04385,269.04385,268.84384,267.04385,268.74384,262.44385,266.54385,265.34384,262.64386,263.14386,258.44385,263.94385,265.64386,265.54385,265.74384,265.84384,268.44385,266.04385,264.74384,268.04385,267.64386,262.24384,262.34384,266.64386,260.74384,259.54385
272.14386,272.84384,272.34384,271.04385,270.44385,270.74384,270.84384,270.74384,270.84384,270.94385,269.64386,266.94385,267.44385,266.04385,266.04385,267.14386,266.14386,265.94385,262.44385,258.24384,255.34384,257.54385,257.64386,260.14386,254.84384,254.34384,251.04385,258.14386,256.34384,257.64386,252.84384,252.84384,257.14386,251.64384,252.94385,254.34384,253.64384,254.04385,256.34384,257.44385,265.54385
272.84384,272.34384,272.04385,272.04385,272.14386,271.94385,271.54385,270.64386,269.44385,266.94385,262.94385,263.44385,261.24384,259.24384,262.24384,261.24384,260.84384,257.94385,255.74385,250.14384,252.64384,251.64384,252.94385,252.14384,254.24385,248.94385,252.44385,247.74385,246.74385,245.64384,244.14384,253.54385,245.64384,248.84384,255.74385,258.94385,251.84384,254.24385,256.44385,260.44385,265.24384
272.44385,271.04385,271.54385,271.34384,271.64386,271.44385,270.64386,267.44385,264.04385,261.04385,258.74384,254.54385,256.64386,257.44385,256.34384,258.54385,256.54385,256.24384,253.24385,250.74385,250.24385,253.04385,251.94385,250.24385,247.24385,250.84384,248.64384,247.64384,246.64384,245.54385,243.34384,250.24385,257.24384,261.44385,259.24384,253.14384,250.74385,254.74385,245.04385,242.54385,239.44385
269.94385,270.84384,269.14386,269.74384,268.74384,268.14386,266.44385,264.54385,261.84384,260.24384,254.94385,253.74385,256.94385,255.94385,253.94385,255.44385,254.44385,255.24385,253.74385,251.94385,251.84384,254.64384,256.64386,253.24385,253.74385,252.84384,253.34384,256.14386,256.14386,255.84384,258.54385,262.14386,263.94385,263.94385,259.34384,259.24384,260.44385,258.94385,254.54385,251.64384,249.34384
269.64386,269.04385,267.74384,266.84384,267.44385,266.44385,266.24384,262.84384,259.74384,255.54385,256.84384,256.74384,254.24385,253.64384,253.34384,251.94385,251.04385,254.04385,249.64384,250.54385,252.34384,252.24385,252.44385,252.04385,253.54385,253.84384,254.34384,257.94385,259.14386,261.24384,261.84384,262.54385,262.94385,263.84384,263.04385,261.34384,259.14386,254.24385,253.54385,259.04385,252.54385
268.64386,267.94385,268.44385,267.14386,267.34384,266.44385,263.44385,258.44385,258.74384,257.14386,255.94385,258.44385,253.64384,253.54385,254.54385,252.44385,253.14384,253.54385,250.14384,252.94385,251.64384,251.94385,251.24385,251.34384,253.84384,256.24384,257.64386,259.64386,260.44385,261.74384,262.14386,261.74384,262.54385,261.84384,262.34384,263.14386,264.24384,264.24384,262.04385,264.34384,264.84384
269.44385,268.94385,268.54385,266.04385,266.94385,264.84384,265.54385,263.64386,263.54385,262.64386,259.24384,260.34384,253.74385,254.24385,253.84384,253.74385,253.14384,253.74385,250.64384,252.94385,252.44385,253.44385,255.64384,255.14384,258.04385,258.64386,259.64386,259.84384,259.94385,260.24384,260.74384,261.54385,261.84384,262.74384,262.34384,261.84384,262.04385,263.64386,262.94385,262.24384,263.04385
269.34384,265.94385,265.64386,266.14386,264.84384,266.44385,265.84384,265.84384,265.64386,262.94385,262.54385,257.84384,256.74384,252.74385,252.84384,253.74385,254.74385,254.84384,252.64384,255.04385,254.34384,255.14384,256.44385,257.24384,257.94385,258.84384,259.84384,260.34384,260.94385,261.34384,262.14386,262.44385,262.34384,261.64386,261.04385,260.24384,261.34384,261.54385,261.94385,260.94385,262.34384
268.84384,270.84384,269.74384,269.74384,268.84384,268.04385,267.54385,266.94385,266.84384,261.74384,259.84384,255.24385,256.34384,253.94385,254.74385,252.54385,255.04385,256.84384,256.74384,256.54385,254.74385,255.24385,254.84384,256.74384,257.84384,259.04385,260.44385,261.64386,262.14386,262.34384,262.84384,263.54385,263.74384,262.94385,261.64386,261.54385,261.34384,260.94385,260.94385,261.54385,262.04385
