wind_kz.json
{"header": {"discipline":0,"disciplineName":"Meteorological products","gribEdition":2,"gribLength":1102,"center":7,"centerName":"US National Weather Service - NCEP(WMC)","subcenter":0,"refTime":"2023-08-17T18:00:00.000Z","significanceOfRT":1,"significanceOfRTName":"Start of forecast","productStatus":0,"productStatusName":"Operational products","productType":1,"productTypeName":"Forecast products","productDefinitionTemplate":0,"productDefinitionTemplateName":"Analysis/forecast at horizontal level/layer at a point in time","parameterCategory":2,"parameterCategoryName":"UnknownDiscipline_0_Category_2","parameterNumber":3,"parameterNumberName":"UnknownParameter_D0_C2_3","parameterUnit":"Unknown","genProcessType":2,"genProcessTypeName":"Forecast","forecastTime":240,"surface1Type":103,"surface1TypeName":"Specified height level above ground","surface1Value":10.0,"surface2Type":255,"surface2TypeName":"Missing","surface2Value":0.0,"gridDefinitionTemplate":0,"gridDefinitionTemplateName":"Latitude_Longitude","numberPoints":615,"shape":6,"shapeName":"Earth spherical with radius of 6,371,229.0 m","gridUnits":"degrees","resolution":48,"winds":"true","scanMode":64,"nx":41,"ny":15,"basicAngle":0,"lo1":47.0,"la1":41.0,"lo2":87.0,"la2":55.0,"dx":1.0,"dy":1.0}, "data":
[rows 0 to 14 of 15, columns 0 to 40 of 41]
4.5458765,-3.3041236,0.23587647,-4.6841235,-2.4841235,-0.30412352,-1.1641235,-2.4341235,1.4458765,1.7558764,0.83587646,1.0958765,1.3358765,1.5158764,1.5358765,1.1358764,-1.6641235,-1.1041236,-2.7641234,-2.1741235,-0.11412354,-3.0441236,-2.9641235,-1.9341235,-2.5641236,-0.9241235,-1.1841235,0.97587645,2.2158766,4.0458765,1.3358765,-0.38412353,1.2058765,-1.8041235,-2.0141234,0.6858765,-1.0341235,0.34587646,3.6158764,4.3458767,-1.1241236
3.5658765,2.5658765,0.98587644,-2.9241235,-4.0141234,-1.9041235,-1.9941236,-3.8441236,3.5758765,2.9058764,1.3358765,1.5358765,1.7958765,1.9058765,0.8858765,1.7158765,-0.13412353,-3.4841235,-1.9041235,-3.0141234,-2.0441236,-2.6341236,-0.96412355,1.3258765,0.98587644,1.1858765,-2.3641236,2.9158764,-0.26412353,1.7658764,3.0858765,5.2758765,2.1358764,0.25587645,-0.044123534,-2.1741235,-2.0641236,-4.5141234,-2.2141235,-2.0241234,-2.1441236
0.98587644,-6.8841233,-1.6241236,1.9758765,-1.5541235,-2.2741234,0.29587647,-0.88412356,3.9658766,3.9558764,3.6558764,3.6658764,2.7958765,3.3058765,1.2458764,-0.47412354,0.52587646,-1.5041236,-2.8341236,-2.5941236,-0.88412356,-3.2141235,-2.5341234,-0.70412356,-0.90412354,1.3258765,1.1658765,1.3858764,-0.044123534,2.1458764,5.325876,2.1658764,2.2258766,-1.1341236,-1.0541235,2.6558764,5.3458767,-0.27412355,0.52587646,-1.2441236,1.6758765
-1.8941236,3.4658766,7.6358767,4.5258765,2.9858766,1.1858765,2.3058765,1.2558764,7.5658765,5.9658766,5.1558766,1.7858765,3.1258764,4.3758764,1.4558765,1.9958764,0.49587646,-1.0841235,-1.6341236,-1.6841235,-0.96412355,-0.82412356,-0.33412352,-2.0441236,0.65587646,-0.24412353,-1.1941235,-2.7041235,0.6258765,2.3458765,-0.49412355,-0.5541235,-2.4241235,-2.5841236,-1.7141235,-3.9941235,-1.1241236,3.3458765,2.8258765,1.5458765,0.89587647
-11.544124,-15.664124,2.3658764,6.6658764,5.6358767,3.4258764,1.9958764,0.6958765,2.3558764,8.395877,7.8858767,6.9958763,6.1658764,4.325876,3.1558764,1.6158764,3.2958765,2.2558765,-1.6841235,-1.0741235,-0.96412355,-2.3641236,-1.9241235,-1.2941235,-1.3841236,-0.54412353,0.055876464,-1.4141235,-1.4541235,-1.6841235,-1.0641235,0.64587647,3.2158766,4.7958765,-2.2541234,-0.054123536,0.30587646,-1.1341236,1.9658765,-1.2141235,-2.9841235
-13.084124,-10.854123,-9.384124,-1.9841236,-4.6941237,-7.424124,-0.8741235,0.5658765,0.54587644,7.9258766,9.415876,9.075876,6.9658766,8.665876,6.4058766,4.4058766,2.3058765,3.8458765,2.2558765,0.60587645,0.39587647,-1.0541235,-0.9441235,0.53587645,-0.15412353,0.10587647,0.52587646,1.0558765,0.35587648,-2.0141234,-0.29412353,0.18587646,0.22587647,-1.0141236,2.1858764,1.4458765,4.3858767,3.1958764,0.21587646,-2.2641234,-3.0141234
-11.4541235,-11.404123,-12.764124,1.6258764,6.6058764,0.26587647,-4.1441236,1.3758764,-0.38412353,9.385877,7.6658764,8.935877,9.715877,8.075876,7.5358763,6.1858764,4.9758763,4.1958766,4.3558764,3.4358764,2.7558765,2.2258766,1.6658765,0.97587645,0.5658765,-0.33412352,0.77587646,1.8758764,1.4758765,2.0758765,1.8758764,1.6858765,1.6358764,1.0158764,-1.0041236,-0.7541235,-2.6441236,0.71587646,1.5358765,1.2658764,1.1158764
-11.154123,-11.564123,-13.834124,-14.2041235,4.3858767,-1.0941235,-5.8641233,-7.7841234,-1.6641235,-2.4541235,-2.9041235,0.5058765,-2.0941236,-0.28412354,-0.32412353,1.6158764,2.8358765,1.7558764,2.6658764,4.7958765,3.9058764,3.3658764,2.4958766,4.0358763,3.3158765,2.1258764,1.9258765,0.6958765,2.3358765,3.1258764,2.7658765,3.4758766,2.6458764,2.3758764,2.0458765,3.0858765,2.8158765,1.4358765,-1.9641235,-0.29412353,-2.3541236
-9.124124,-10.724124,-10.164124,-9.674124,-10.434124,-3.8341236,-3.2141235,-1.2641236,-7.2241235,-3.8741236,-3.3141236,-2.6641235,-0.8141235,-0.6241235,-1.5641235,-1.1641235,-0.90412354,-1.4141235,-0.5641235,-1.5241235,-0.34412354,5.8358765,5.2558765,4.8058763,5.0258765,3.9958766,2.7258766,2.1258764,2.1058764,2.4158764,3.3558764,4.0058765,3.5458765,4.2258763,3.2158766,3.0358765,-0.51412356,2.0558765,1.7158765,1.1058764,1.1858765
-6.4441237,-5.8941236,-5.0941234,-5.2241235,-5.9141235,-6.6641235,-4.2541237,-4.3941236,-3.7441235,-3.2941236,-4.8441234,-4.1841235,-5.0541234,-4.7941236,-4.3241234,-0.47412354,2.1258764,2.1358764,1.5658765,1.6358764,1.1458764,1.9258765,-2.5141234,5.2558765,7.9558764,7.0158763,5.5558763,3.4058764,2.7858765,2.2658765,1.3358765,1.1458764,1.9258765,3.5058765,2.9158764,1.6558765,0.91587645,-2.2741234,1.4158765,5.0658765,3.5058765
-4.924124,-5.8641233,-4.3541236,-3.9441235,-2.2741234,-2.9441235,-2.8841236,-3.9141235,-0.8041235,-0.47412354,-2.6541235,-0.23412353,0.47587645,-1.1241236,-2.2141235,-2.9241235,-2.4141235,-3.6541235,-1.4341235,3.6658764,3.3958764,3.4858766,2.3358765,2.0458765,6.1758766,7.7858763,3.5158765,1.8358765,1.4958764,2.7658765,3.5858765,3.3658764,2.6558764,2.4158764,2.7458766,1.2358764,1.6758765,3.2758765,2.9358764,2.0258765,0.7558765
-5.0541234,-6.0841236,-6.6641235,-7.8841233,-1.7041235,-2.5041234,-2.9441235,-4.0041237,-4.6341233,-2.5341234,-2.1141236,-2.3641236,-2.5341234,-2.3241236,-3.5141234,-1.6541235,-2.9141235,-3.2641234,-2.4841235,0.5158765,-0.54412353,4.2558765,4.325876,5.2958765,5.8458767,7.5558763,8.355877,5.0058765,0.6258765,3.3958764,3.9758766,4.2158766,2.8858764,3.4158764,2.7058764,2.8658764,2.4058764,2.8458765,2.7258766,2.3358765,1.4358765
-5.3441234,-6.7441235,-6.6541233,-6.0141234,-5.0041237,-1.7441236,-1.8841236,-2.0641236,-2.9941235,-1.5441235,-0.9841235,-1.1041236,-1.8441235,-1.7641236,-1.5241235,-1.2541236,-1.1341236,-0.25412354,0.24587646,0.66587645,1.1258764,2.3958764,5.0258765,6.7558765,7.1658764,9.405876,7.8658767,6.5558763,3.1658764,6.3158765,4.5158763,4.2858763,3.9658766,3.9458764,4.1358767,4.3158765,3.5358765,2.0358765,3.2158766,3.1058764,2.6158764
-2.8741236,-4.6941237,-6.6941237,-5.0841236,-4.8241234,-4.2541237,-1.9641235,-2.2041235,0.10587647,-0.6741235,-0.15412353,-0.64412355,0.27587646,0.28587645,-0.11412354,-1.8941236,-1.1641235,-1.0941235,1.3458765,4.8158765,4.3858767,3.8258765,5.4958763,5.325876,6.1158767,8.095877,8.225877,6.9758763,3.7358766,2.8258765,4.0158763,4.4558764,4.2558765,4.2858763,3.5858765,3.6458764,3.3458765,3.3658764,2.9758766,2.8258765,4.0558763
-1.9641235,-5.2341237,-6.9741235,-4.4841237,-4.3541236,-3.5141234,-1.9241235,-2.4341235,-1.9241235,-0.16412354,0.045876466,0.96587646,1.1658765,-3.0241234,-4.0541234,-4.5041237,-5.3441234,-5.5341234,-2.6041236,5.0958767,6.575876,4.5958767,4.7158766,6.8458767,7.7158766,7.0858765,6.7158766,4.6958766,4.0358763,4.2758765,4.1258764,3.8758764,3.3158765,3.4158764,3.6058764,4.7158766,5.2658763,4.7658763,4.8058763,4.2258763,3.6358764
