wind_kz.json
{"header": {"discipline":0,"disciplineName":"Meteorological products","gribEdition":2,"gribLength":1025,"center":7,"centerName":"US National Weather Service - NCEP(WMC)","subcenter":0,"refTime":"2023-10-03T06:00:00.000Z","significanceOfRT":1,"significanceOfRTName":"Start of forecast","productStatus":0,"productStatusName":"Operational products","productType":1,"productTypeName":"Forecast products","productDefinitionTemplate":0,"productDefinitionTemplateName":"Analysis/forecast at horizontal level/layer at a point in time","parameterCategory":2,"parameterCategoryName":"UnknownDiscipline_0_Category_2","parameterNumber":2,"parameterNumberName":"UnknownParameter_D0_C2_2","parameterUnit":"Unknown","genProcessType":2,"genProcessTypeName":"Forecast","forecastTime":60,"surface1Type":103,"surface1TypeName":"Specified height level above ground","surface1Value":10.0,"surface2Type":255,"surface2TypeName":"Missing","surface2Value":0.0,"gridDefinitionTemplate":0,"gridDefinitionTemplateName":"Latitude_Longitude","numberPoints":615,"shape":6,"shapeName":"Earth spherical with radius of 6,371,229.0 m","gridUnits":"degrees","resolution":48,"winds":"true","scanMode":64,"nx":41,"ny":15,"basicAngle":0,"lo1":47.0,"la1":41.0,"lo2":87.0,"la2":55.0,"dx":1.0,"dy":1.0}, "data":
[rows 0 to 14 of 15, columns 0 to 40 of 41]
-3.216499,-1.186499,1.743501,2.963501,2.703501,3.053501,5.2035007,4.313501,1.743501,3.703501,-4.896499,-5.056499,-4.616499,-3.546499,-0.986499,0.773501,0.55350095,0.38350096,1.163501,-0.70649904,1.553501,0.73350096,0.10350098,-1.456499,1.203501,-2.386499,-2.846499,-0.83649904,0.12350097,0.23350097,-1.416499,0.713501,0.943501,0.33350098,0.113500975,-1.926499,-2.6764991,-2.466499,-2.086499,-1.966499,-2.836499
2.283501,1.593501,2.053501,2.923501,2.363501,2.5835009,2.993501,-1.656499,0.30350098,2.753501,-1.596499,-3.996499,-1.396499,-0.666499,0.593501,-0.13649902,-0.666499,-1.7364991,-0.596499,1.913501,1.683501,0.573501,0.17350097,-2.016499,-0.28649902,0.60350096,-0.606499,-0.46649903,-2.546499,-1.816499,-0.026499024,-0.32649902,-0.51649904,-2.656499,0.35350096,-0.556499,-1.176499,0.513501,-0.14649902,0.773501,-4.686499
0.903501,0.563501,2.523501,2.263501,2.623501,-0.11649902,0.60350096,-2.996499,2.883501,3.663501,-2.316499,-4.856499,-3.306499,-2.156499,-1.096499,-0.846499,-1.206499,-0.28649902,0.573501,1.1435009,1.7535009,1.153501,-0.89649904,-2.156499,2.063501,-0.606499,-1.156499,0.14350098,-1.546499,-0.96649903,-1.216499,1.803501,-0.296499,-0.20649903,0.033500977,-1.286499,-0.556499,0.72350097,1.373501,1.793501,1.543501
0.083500974,2.163501,1.063501,1.563501,0.513501,0.083500974,1.443501,-2.106499,0.903501,-5.986499,-5.096499,-3.876499,-3.576499,-2.886499,-1.036499,-0.816499,-1.166499,-1.256499,-0.40649903,-1.216499,-0.606499,-1.6064991,1.203501,-3.526499,-4.266499,-4.466499,-4.476499,-7.576499,-3.236499,-1.406499,-0.31649902,-3.536499,-2.096499,-2.536499,-2.016499,-2.336499,-1.816499,2.143501,0.963501,-0.616499,-2.466499
1.743501,4.923501,2.853501,2.483501,1.1435009,1.1435009,2.563501,0.09350098,1.903501,-0.816499,-4.316499,-3.596499,-2.836499,-1.6164991,-1.336499,-0.69649905,-1.416499,-0.51649904,-1.3664991,-2.526499,-2.316499,-4.466499,-6.526499,-6.376499,-6.426499,-6.466499,-8.086499,-4.726499,-4.716499,-4.376499,-3.766499,-1.836499,-2.056499,1.603501,0.083500974,0.873501,-0.906499,-3.156499,-3.586499,-3.786499,-3.616499
3.5735009,2.273501,3.853501,1.843501,2.493501,2.803501,2.363501,1.863501,0.36350098,-1.786499,-3.546499,-3.006499,-0.606499,-1.966499,-2.466499,-1.516499,-1.206499,-0.606499,-1.336499,-2.6664991,-3.366499,-3.4164991,-4.986499,-6.376499,-5.076499,-6.0464993,-4.496499,-5.846499,-4.276499,-4.026499,-3.556499,-3.206499,-2.966499,-2.636499,-0.426499,-2.146499,0.54350096,-1.586499,-1.2464991,-3.266499,-3.066499
2.913501,3.363501,3.623501,2.803501,2.893501,3.283501,3.113501,-0.64649904,-1.016499,-1.676499,-2.076499,-0.16649902,-1.9864991,-2.376499,-1.756499,-1.386499,-0.926499,0.043500975,-1.196499,-3.686499,-3.576499,-3.626499,-4.176499,-4.266499,-4.126499,-3.576499,-3.9264991,-3.936499,-3.9264991,-4.056499,-3.776499,-3.236499,-1.1064991,-2.526499,-3.036499,-2.316499,-1.096499,1.483501,-1.956499,1.853501,0.61350095
2.723501,3.543501,1.423501,2.433501,0.35350096,3.0735009,2.033501,0.17350097,0.073500976,0.49350098,0.97350097,1.463501,-1.706499,-1.3664991,-0.88649905,-0.546499,-0.856499,-1.716499,-2.066499,-3.726499,-3.106499,-3.966499,-3.576499,-4.076499,-2.716499,-1.906499,-2.556499,-2.846499,-2.786499,-3.086499,-3.526499,-3.286499,-4.686499,-1.436499,-3.786499,-1.306499,0.41350096,0.773501,-1.426499,-1.846499,-1.3564991
2.3235009,1.053501,4.053501,1.793501,-0.19649902,3.753501,2.033501,1.983501,0.73350096,2.353501,3.233501,2.253501,0.35350096,0.17350097,1.593501,-0.17649902,-1.126499,-1.326499,-1.836499,-2.566499,-3.846499,-3.626499,-2.726499,-2.286499,-2.496499,-2.776499,-1.786499,-2.136499,-1.346499,-1.9964991,-3.006499,-2.356499,-1.656499,-2.246499,-1.156499,-0.296499,0.10350098,-2.396499,-1.026499,0.21350098,-1.956499
3.493501,2.853501,0.47350097,3.173501,3.003501,1.353501,2.023501,1.573501,1.343501,1.073501,2.053501,1.223501,0.583501,0.46350098,1.723501,1.2635009,-0.33649904,-0.686499,-1.966499,-2.606499,-3.526499,-3.376499,-3.376499,-3.376499,-3.636499,-3.446499,-2.686499,-2.356499,-2.206499,-2.306499,-1.506499,-1.346499,-1.936499,-1.716499,-1.376499,-0.456499,-1.2264991,-0.11649902,-1.306499,0.023500977,-1.286499
3.163501,3.253501,2.893501,2.303501,1.993501,3.133501,2.403501,1.033501,0.883501,0.323501,1.0135009,0.953501,-0.25649902,1.333501,2.303501,1.973501,0.323501,0.66350096,-1.446499,-2.396499,-2.476499,-2.106499,-2.266499,-2.736499,-2.236499,-1.926499,-1.176499,-1.7264991,-1.406499,-1.376499,-1.576499,-0.926499,-1.416499,-0.806499,-1.096499,-0.88649905,-1.166499,-0.44649902,-0.32649902,0.54350096,-0.926499
1.743501,2.603501,2.953501,3.423501,4.523501,2.843501,3.293501,2.053501,0.453501,1.0135009,-0.866499,3.453501,2.223501,2.543501,2.713501,2.0735009,1.2635009,1.793501,0.583501,1.053501,0.19350098,0.573501,-0.20649903,-0.22649902,0.25350097,1.233501,-0.32649902,-0.12649903,-0.63649905,-0.726499,-1.516499,-0.016499024,-0.816499,-1.046499,-0.13649902,-0.0064990236,-0.13649902,-0.22649902,-0.07649902,-0.426499,-0.23649903
2.763501,2.5735009,2.523501,2.763501,3.0735009,3.093501,2.643501,1.983501,3.393501,1.233501,-0.14649902,1.183501,2.613501,2.893501,2.993501,3.093501,1.7535009,2.303501,1.653501,1.453501,0.963501,1.283501,1.423501,1.183501,2.843501,2.543501,2.613501,1.933501,1.0235009,0.933501,1.2735009,1.2635009,1.213501,0.49350098,1.223501,0.953501,1.6435009,0.263501,0.643501,0.083500974,-0.51649904
3.683501,3.513501,2.8335009,3.063501,1.483501,2.803501,3.243501,3.873501,0.78350097,2.733501,2.253501,1.103501,1.963501,2.5735009,2.513501,2.723501,3.383501,2.543501,1.063501,2.303501,2.163501,2.133501,2.563501,2.453501,2.423501,2.313501,1.823501,2.203501,1.473501,1.7635009,2.213501,2.193501,1.913501,1.923501,2.103501,2.123501,1.603501,1.2635009,0.06350098,0.703501,0.013500976
2.483501,3.463501,4.503501,1.813501,1.923501,2.463501,3.383501,2.273501,6.723501,1.0035009,0.843501,-0.15649903,0.293501,1.363501,2.623501,2.683501,2.763501,2.543501,1.843501,2.743501,2.653501,2.363501,2.113501,2.3235009,2.423501,1.973501,2.0735009,2.093501,2.143501,2.253501,2.893501,3.443501,2.423501,2.443501,2.633501,2.913501,1.0035009,2.163501,2.023501,1.853501,-1.276499
