wind_kz.json
{"header": {"discipline":0,"disciplineName":"Meteorological products","gribEdition":2,"gribLength":1025,"center":7,"centerName":"US National Weather Service - NCEP(WMC)","subcenter":0,"refTime":"2023-08-06T18:00:00.000Z","significanceOfRT":1,"significanceOfRTName":"Start of forecast","productStatus":0,"productStatusName":"Operational products","productType":1,"productTypeName":"Forecast products","productDefinitionTemplate":0,"productDefinitionTemplateName":"Analysis/forecast at horizontal level/layer at a point in time","parameterCategory":2,"parameterCategoryName":"UnknownDiscipline_0_Category_2","parameterNumber":2,"parameterNumberName":"UnknownParameter_D0_C2_2","parameterUnit":"Unknown","genProcessType":2,"genProcessTypeName":"Forecast","forecastTime":0,"surface1Type":103,"surface1TypeName":"Specified height level above ground","surface1Value":10.0,"surface2Type":255,"surface2TypeName":"Missing","surface2Value":0.0,"gridDefinitionTemplate":0,"gridDefinitionTemplateName":"Latitude_Longitude","numberPoints":615,"shape":6,"shapeName":"Earth spherical with radius of 6,371,229.0 m","gridUnits":"degrees","resolution":48,"winds":"true","scanMode":64,"nx":41,"ny":15,"basicAngle":0,"lo1":47.0,"la1":41.0,"lo2":87.0,"la2":55.0,"dx":1.0,"dy":1.0}, "data":
[rows 0 to 14 of 15, columns 0 to 40 of 41]
-3.6930737,-0.93307376,0.49692628,-0.94307375,-0.83307374,0.9569263,2.1869264,-5.033074,-3.4630737,-1.0430738,0.35692626,-3.0530736,-3.9530737,-2.2630737,-1.6630738,-0.6530737,1.5869262,2.7569263,3.6069262,-3.8030736,-0.63307375,-0.8630737,-0.15307373,-0.20307373,1.4069263,-2.1230738,-1.3530737,2.0469263,-0.43307373,0.32692626,2.0969262,-0.9130737,1.0269263,1.7269263,6.0469265,2.7669263,-2.9230738,-3.0530736,-4.0430737,-2.9530737,-2.7630737
2.3069263,0.8469263,-2.3530738,0.62692624,-0.8030737,2.8869262,-2.9030738,-0.5330737,-2.9430737,-2.8030736,-3.4230738,-4.2730737,-2.1930737,0.74692625,0.15692627,0.45692626,4.636926,-1.5430738,-2.3630738,-3.3230736,1.7069262,-1.1230737,-4.1930737,-1.1030737,0.17692627,-0.6530737,-1.4930737,4.636926,-4.2530737,-0.24307373,-0.8030737,-0.11307373,-0.11307373,-1.1230737,-0.29307374,0.31692627,-0.87307376,-0.51307374,-0.35307372,1.1269263,-1.8930737
-1.3730737,-5.403074,-4.1030736,-2.2930737,-0.6630737,1.6069263,-0.5430737,-4.173074,-4.073074,-2.1530738,-3.4330738,-2.9630737,-0.5430737,0.7569263,1.3969263,2.7769263,3.6869264,3.5669262,0.67692626,0.29692626,3.7569263,1.0469263,1.6669263,0.5769263,0.32692626,2.5869262,3.6969264,-1.3130738,-3.9930737,0.05692627,-1.8730737,1.7869263,0.98692626,-0.35307372,0.19692627,-1.1830738,-0.21307373,0.09692627,2.6669264,0.0069262697,-0.11307373
-5.6930737,-7.1830735,-5.3930736,-3.7530737,-2.4830737,-2.9430737,-1.9030738,-4.803074,-2.2830737,-1.7630737,-2.8930738,0.01692627,3.1169262,3.5069263,3.1369262,4.2969265,4.076926,0.9669263,2.4969263,3.7069263,0.7769263,-0.96307373,-2.2230737,-1.1430737,5.1069264,2.8369262,1.7269263,-0.8030737,4.596926,2.3769262,3.0169263,0.9569263,0.62692624,6.946926,3.6369262,0.54692626,0.17692627,1.1169263,-0.22307374,2.6169262,0.9669263
-4.593074,-4.6630735,-4.673074,-2.0930738,-2.1730738,-1.6230737,0.7169263,-3.0030737,-1.4630737,-0.7230737,1.4469262,3.1769264,3.2769263,5.5569263,4.1669264,2.8669262,1.5269263,1.8769263,-1.4630737,-3.1030738,-4.093074,-2.2730737,-1.9430737,-2.7030737,-1.0230737,-2.2330737,-1.0630738,3.3169262,4.406926,2.8369262,3.7969263,-1.0730737,-0.9830737,0.7569263,1.7669263,3.4269264,3.6369262,2.7769263,0.61692625,-1.3230737,-1.2930738
-2.7630737,-1.1730738,-0.27307373,-1.1130737,0.04692627,0.85692626,1.8269262,-0.45307374,-0.93307376,0.33692628,0.81692624,1.1769263,0.30692628,5.0669265,4.9369264,3.8769262,2.3669262,1.3169262,-1.7930738,0.60692626,-1.7130737,1.2569263,0.47692627,-1.6130737,1.5869262,0.7069263,0.28692627,0.33692628,2.5669262,-2.6130738,-3.2030737,2.3169262,2.1669264,5.4369264,1.9569262,0.9069263,2.0869262,2.4869263,3.7269263,-0.70307374,-1.2430737
-1.6030737,-0.07307373,0.15692627,1.3569263,3.2269263,3.6669264,-2.5230737,-0.76307374,-0.7930737,-0.31307372,0.26692626,2.1069262,0.6369263,-0.08307373,-1.5930737,-3.5230737,-0.13307373,1.9469262,-2.6330738,-2.7430737,-1.8230737,-2.8830738,-0.64307374,2.8469262,5.966926,2.9869263,0.18692628,-3.5430737,-3.1630738,-2.6730738,-5.6430736,2.3569262,0.45692626,2.3569262,2.7169263,0.41692626,-0.5930737,1.9369262,-0.38307372,0.45692626,2.3869262
-4.0030737,-3.2530737,-1.4630737,-0.6530737,-1.6330737,1.4169263,1.0569263,-0.51307374,1.7069262,1.9969263,0.80692625,0.7669263,2.3169262,-0.31307372,-2.1630738,-1.2030737,-3.9830737,-2.3930738,-1.0530738,-1.7630737,0.38692626,-0.12307373,-0.89307374,-0.03307373,0.29692626,0.14692627,-3.6530738,-3.4230738,-2.6630738,-4.3330736,-5.6930737,2.8669262,0.97692627,1.0069263,-0.5430737,0.6969263,2.0469263,2.8669262,4.3369265,2.9669263,-1.8630737
-4.1830735,-3.7430737,-2.3030736,-2.2430737,-5.4830737,-4.363074,-2.8330736,-1.1930737,-2.6230738,-0.8430737,-1.1730738,-0.63307375,-3.1230738,-5.843074,2.3069263,0.05692627,-1.5530738,-0.62307376,-1.5030737,-0.6130737,-1.9630737,-0.63307375,-0.8530737,-0.16307373,-1.2730737,-2.2030737,-2.0430737,-2.4130738,-1.1530738,-1.8030738,-1.0230737,-1.0630738,1.0969262,-1.6930737,-1.1230737,-0.38307372,0.20692627,-1.6030737,-0.7830737,-0.07307373,-1.4030738
-2.1130738,-2.2030737,-4.2530737,-5.013074,-3.9130738,-2.0830736,-3.5530736,-3.6130738,-1.3530737,0.02692627,-0.19307373,-1.3230737,-3.1930737,-1.9130738,0.93692625,-0.27307373,3.3069263,-3.6230738,0.03692627,-0.51307374,-1.6030737,-1.5430738,-2.8030736,-1.9230738,-1.8530737,-1.9230738,-2.4930737,-1.5830737,-1.3730737,-0.19307373,0.97692627,0.79692626,0.79692626,-1.8830737,-0.9030737,0.66692626,-1.1930737,0.17692627,-1.4330738,0.42692626,-0.49307373
-2.7930737,-2.6130738,-3.9630737,-3.6230738,-1.7930738,-1.8930737,-2.1330738,-0.6130737,-1.1730738,-0.57307374,-0.8430737,0.80692625,-0.8630737,-1.2730737,1.4169263,-1.4930737,-1.9830737,1.6669263,-0.34307373,-1.7830738,-1.1330737,-0.96307373,-0.5930737,1.0769262,-2.2530737,-1.7030737,-1.8730737,-1.4430737,-2.9330738,-1.3930737,-1.7730737,-0.8530737,-1.7830738,-1.1030737,-1.1730738,0.20692627,-1.3430737,-0.05307373,-0.39307374,0.6969263,-1.2830738
-2.8530738,-2.6430738,-1.5230737,-2.3430738,-1.0430738,-0.5330737,-1.5630738,-0.77307373,0.39692628,-0.7330737,0.48692626,-0.08307373,0.12692627,-0.46307373,0.11692627,-0.68307376,2.9569263,-1.3630737,0.99692625,-1.3330737,-2.0930738,-1.8430737,-2.1030738,-1.9630737,-2.0830736,-0.93307376,-1.6730738,-1.4930737,-2.7130737,-2.4430737,-1.6930737,-1.1230737,-0.7830737,-2.1130738,-2.1230738,-0.63307375,-0.14307374,0.93692625,0.15692627,-0.45307374,-0.32307374
-1.7630737,-1.5830737,-1.1530738,-1.1830738,-0.42307374,-0.28307372,0.08692627,0.66692626,-0.34307373,1.2069262,0.34692627,1.0469263,0.72692627,0.7169263,1.7669263,2.6369262,1.9069263,1.3869263,1.1369263,1.0069263,-1.0630738,-0.7930737,0.09692627,-1.3630737,-2.5430737,-3.6730738,-3.3030736,-4.9430737,-4.113074,-3.6530738,-3.7330737,-2.7330737,-3.1530738,-3.4430737,-2.1730738,-1.8430737,-0.76307374,-1.8730737,-3.3630738,-1.7430737,-0.9730737
-0.89307374,-1.5530738,-1.0930737,-0.9030737,0.18692628,-0.45307374,0.0069262697,-0.52307373,1.0069263,1.0869262,-0.34307373,0.61692625,1.5769262,1.5569263,2.1269262,2.7169263,1.4869263,1.9669262,0.29692626,-2.2430737,-2.7930737,-1.8130738,-1.8330737,-2.5230737,-3.9030738,-4.1230736,-3.9530737,-3.1030738,-2.8830738,-2.5530736,-2.7130737,-2.1430738,-2.5430737,-2.5830736,-1.4430737,-2.0330737,-1.7330737,-1.7930738,-1.8430737,-0.15307373,1.1469263
-0.9830737,-1.1930737,-1.3330737,-1.0630738,0.6369263,0.11692627,0.5969263,0.9569263,1.6969262,0.68692625,-0.9030737,0.8269263,1.1869262,1.3669263,1.7669263,1.2669263,-0.25307372,-0.89307374,-0.9130737,-2.8930738,-2.4330738,-2.9730737,-1.9530737,-3.2930737,-5.223074,-3.7630737,-3.4530737,-2.9630737,-2.6230738,-2.5330737,-1.8130738,-2.2130737,-1.6830738,-2.3130736,-2.0830736,-1.7130737,-1.7930738,-1.4230738,-1.6330737,-1.5530738,-0.12307373
