wind_kz.json
{"header": {"discipline":0,"disciplineName":"Meteorological products","gribEdition":2,"gribLength":1025,"center":7,"centerName":"US National Weather Service - NCEP(WMC)","subcenter":0,"refTime":"2023-08-28T12:00:00.000Z","significanceOfRT":1,"significanceOfRTName":"Start of forecast","productStatus":0,"productStatusName":"Operational products","productType":1,"productTypeName":"Forecast products","productDefinitionTemplate":0,"productDefinitionTemplateName":"Analysis/forecast at horizontal level/layer at a point in time","parameterCategory":2,"parameterCategoryName":"UnknownDiscipline_0_Category_2","parameterNumber":2,"parameterNumberName":"UnknownParameter_D0_C2_2","parameterUnit":"Unknown","genProcessType":2,"genProcessTypeName":"Forecast","forecastTime":120,"surface1Type":103,"surface1TypeName":"Specified height level above ground","surface1Value":10.0,"surface2Type":255,"surface2TypeName":"Missing","surface2Value":0.0,"gridDefinitionTemplate":0,"gridDefinitionTemplateName":"Latitude_Longitude","numberPoints":615,"shape":6,"shapeName":"Earth spherical with radius of 6,371,229.0 m","gridUnits":"degrees","resolution":48,"winds":"true","scanMode":64,"nx":41,"ny":15,"basicAngle":0,"lo1":47.0,"la1":41.0,"lo2":87.0,"la2":55.0,"dx":1.0,"dy":1.0}, "data":
[rows 0 to 14 of 15, columns 0 to 40 of 41]
-0.5472412,1.5227588,-3.1372411,-2.907241,-0.7572412,1.1827588,5.272759,3.2427588,2.0427587,1.1027588,1.9827588,2.1127589,2.3827589,2.7327588,4.332759,5.252759,4.602759,5.912759,5.772759,5.2627587,3.4727588,2.6327589,4.9227586,4.082759,4.6527586,4.3227587,3.842759,4.202759,2.4527588,-0.15724121,1.5027587,0.79275876,-1.6172413,3.7427588,2.4027588,-0.22724122,-2.8872411,-3.0272412,-2.1072412,-1.1272413,-6.627241
0.12275879,-3.5272412,-4.7572412,-4.667241,-3.167241,-0.3072412,1.8727587,0.33275878,2.8627589,2.0327587,3.2127588,4.642759,3.5527587,5.082759,4.312759,4.772759,5.5527587,4.972759,6.1727586,6.1327586,5.932759,5.022759,4.312759,4.252759,2.592759,0.7027588,1.8627588,3.2627587,4.3027587,3.6527588,-0.8172412,-3.3772411,0.23275879,0.12275879,0.06275879,4.582759,-2.3472412,0.15275879,-0.4272412,-2.5772412,-6.047241
-6.027241,-6.377241,-5.6372414,-3.1272411,1.5227588,-0.9672412,-0.21724121,1.3427588,1.9727588,2.602759,3.6927588,4.432759,4.6127586,0.3527588,3.6227589,5.3227587,5.6927586,6.182759,6.962759,6.4427586,6.332759,7.232759,7.3627586,8.932758,7.982759,6.7627587,2.9827588,2.4527588,5.352759,-0.5572412,0.5027588,-3.5172412,0.49275878,-3.167241,-3.2572412,-0.8472412,-1.6672412,-0.07724121,-5.037241,0.3127588,1.6427588
-7.977241,-6.4072413,-3.6272411,0.4727588,4.142759,0.1827588,1.3227588,2.2227588,2.4927588,3.2227588,3.6927588,4.832759,-2.7072413,1.5827588,4.912759,6.122759,7.082759,7.8227587,7.5727587,7.8627586,7.082759,7.522759,8.2727585,8.542759,10.782759,9.572759,8.422759,4.792759,5.932759,-1.0772412,2.6827588,3.332759,0.4527588,0.79275876,2.2227588,1.9427588,0.7627588,0.40275878,-2.6172411,-2.657241,-0.37724122
-5.247241,-3.9672413,-2.8172412,-2.5172412,-0.5372412,0.14275879,2.5627587,1.2727588,2.9027588,3.3727589,3.8727589,4.4427586,0.7427588,3.102759,5.2827587,7.872759,8.572759,5.5927587,5.582759,6.582759,8.712759,9.7327585,9.402759,9.072759,9.412759,11.352758,8.9827585,7.212759,7.1927586,3.102759,2.4827588,0.8227588,0.60275877,1.4027588,-3.4472413,-2.417241,1.1627588,-5.3872414,-3.897241,-1.5672412,-6.357241
-3.5072412,-2.5372412,-1.2772412,1.8227588,1.5227588,3.7427588,4.312759,2.352759,3.0627587,3.602759,3.0427587,3.9227588,4.212759,2.2127588,3.852759,5.832759,7.3227587,7.102759,7.912759,9.932758,8.602758,6.832759,7.772759,10.222759,8.662759,9.832759,11.322759,2.4827588,6.6527586,5.482759,3.2127588,3.2027588,1.6527588,-2.4572413,-4.437241,3.342759,-2.407241,0.30275878,-0.21724121,1.6227587,-4.747241
-2.3072412,-1.5072412,0.10275879,-0.04724121,0.5827588,0.5727588,0.30275878,0.98275876,0.98275876,1.5627588,2.9927588,-0.1772412,0.8627588,3.4927588,3.9127588,3.7327588,4.702759,5.4927588,6.4427586,6.212759,8.062758,8.372759,7.202759,6.232759,8.092759,8.762759,9.212759,2.0727587,0.8827588,4.1327586,3.4427588,2.4327588,1.2527587,-2.4472413,0.79275876,-0.37724122,1.6827588,0.66275877,2.2927587,0.4727588,-1.7572412
-0.4572412,-0.4272412,-0.017241212,-0.44724122,-0.16724122,0.05275879,-0.19724122,0.5727588,0.34275877,1.1327587,-0.10724121,0.7727588,1.5527588,2.5627587,3.1527588,3.4227588,1.8927588,5.0727587,6.4227586,6.4027586,7.142759,6.1527586,7.2827587,4.5727587,4.2427588,6.832759,6.682759,4.022759,5.2427588,3.1627588,5.5727587,5.3227587,4.412759,1.8027588,1.2827588,3.4427588,-4.537241,0.08275879,1.1727588,2.9827588,2.8927588
-0.07724121,-0.22724122,-0.41724122,-0.5072412,-0.76724124,-0.6372412,-1.0072412,-0.4672412,-0.7472412,-0.5572412,-0.3672412,1.5627588,0.7827588,1.4927588,3.0727587,3.8627589,4.2427588,5.212759,6.662759,7.272759,8.622759,7.5527587,5.2627587,3.8727589,5.002759,3.6227589,2.1927588,5.542759,5.022759,4.722759,5.542759,5.7427588,5.1927586,5.7427588,2.5027587,1.6927588,-3.5272412,1.7827588,-0.11724121,-0.89724123,0.9527588
-0.3572412,-0.3272412,-1.2172412,-0.70724124,-1.4572412,-1.2272412,-1.0272412,-1.1672412,-0.4272412,-0.23724121,1.5027587,-1.6272413,1.1227587,2.332759,3.3827589,2.3227587,4.022759,3.4527588,6.732759,7.642759,8.472759,8.282759,7.2827587,4.9027586,1.2827588,2.3127587,4.732759,5.0927587,5.3627586,6.3627586,3.4427588,6.062759,6.412759,6.6727586,4.222759,-1.1572412,0.2427588,-1.0872412,1.1327587,0.72275877,0.30275878
-0.34724122,-0.8672412,-0.9272412,-0.5672412,-0.8472412,-1.1472412,-1.0372412,-1.4972413,-0.8772412,0.4727588,-4.027241,-0.6072412,0.33275878,1.9427588,2.6127589,2.8627589,3.3027587,3.602759,3.0727587,3.9327588,7.2827587,2.3027587,3.3227587,-0.8072412,-0.7372412,1.4927588,0.4827588,5.292759,6.202759,1.4327588,0.8827588,-2.167241,-2.5472412,-1.2972412,-2.5472412,-2.2172413,-1.0372412,-0.15724121,1.6827588,-0.47724122,0.3627588
-0.7572412,0.19275878,-1.3072412,-0.8272412,-1.2872412,-1.4872413,-1.0272412,-0.6872412,-1.0272412,1.8227588,-4.287241,0.3927588,-0.89724123,-0.52724123,0.3127588,-0.8772412,-3.1872413,-1.9572412,1.0127587,-3.3272412,-4.4072413,-7.6572413,-6.897241,-5.6572413,-4.0072412,-4.587241,4.6127586,0.5227588,-1.7272412,0.3627588,0.5327588,1.6727588,0.6427588,1.5127587,0.5627588,1.0927588,0.7427588,2.2527587,1.5727588,-0.09724121,0.02275879
-1.3672413,-2.3272412,-0.76724124,-1.5272412,-2.1772413,-0.9672412,-1.0072412,-1.0772412,-2.5172412,-2.9372413,-1.0672412,0.22275878,-0.8272412,-1.0172412,-1.7972412,-3.6372411,-4.297241,-1.8172412,-0.4272412,-2.8272412,-4.267241,-6.767241,-6.477241,-5.6772413,-3.3272412,-3.8372412,-3.4772413,-1.7672412,-0.58724123,-0.5772412,-0.1472412,-0.7872412,1.6927588,1.8227588,3.3627589,3.7727587,3.6327589,2.352759,3.1927588,2.8127587,-0.2772412
-2.0772412,-2.407241,0.5727588,-2.5572412,-1.8972412,-2.0072412,-2.0572412,-2.5172412,-3.147241,-2.6172411,-0.4372412,-0.5572412,-1.5272412,-1.6872412,-2.0472412,-2.8472412,-3.0072412,-0.9172412,-2.6072412,-4.437241,-5.3672414,-5.0572414,-4.287241,-4.7572412,-4.047241,-3.5472412,-1.6572412,-0.25724122,-4.167241,-2.8072412,-3.2072413,-1.4572412,1.8227588,0.17275879,2.6827588,-0.12724121,3.0627587,0.8227588,-0.9472412,1.3827587,-3.0772412
-1.5572412,-1.6972412,-2.3572412,-2.8072412,-2.8172412,-2.0072412,-2.0372412,-1.3672413,-1.9372412,-2.6172411,-1.4072412,-1.8772413,-0.067241214,-1.7172412,-1.8372412,-3.0172412,-3.9872413,-3.6372411,-3.8172412,-4.6372414,-4.1972413,-2.7372413,-4.317241,-3.5872412,-1.7872412,-1.9772412,-1.9572412,-7.7372413,-2.7772412,-4.287241,-2.907241,1.3727587,-2.667241,-2.3172412,-1.3172412,-0.3372412,0.46275878,-3.6272411,0.37275878,9.002759,-1.0672412
