wind_kz.json
{"header": {"discipline":0,"disciplineName":"Meteorological products","gribEdition":2,"gribLength":1102,"center":7,"centerName":"US National Weather Service - NCEP(WMC)","subcenter":0,"refTime":"2024-04-06T12:00:00.000Z","significanceOfRT":1,"significanceOfRTName":"Start of forecast","productStatus":0,"productStatusName":"Operational products","productType":1,"productTypeName":"Forecast products","productDefinitionTemplate":0,"productDefinitionTemplateName":"Analysis/forecast at horizontal level/layer at a point in time","parameterCategory":2,"parameterCategoryName":"UnknownDiscipline_0_Category_2","parameterNumber":3,"parameterNumberName":"UnknownParameter_D0_C2_3","parameterUnit":"Unknown","genProcessType":2,"genProcessTypeName":"Forecast","forecastTime":240,"surface1Type":103,"surface1TypeName":"Specified height level above ground","surface1Value":10.0,"surface2Type":255,"surface2TypeName":"Missing","surface2Value":0.0,"gridDefinitionTemplate":0,"gridDefinitionTemplateName":"Latitude_Longitude","numberPoints":615,"shape":6,"shapeName":"Earth spherical with radius of 6,371,229.0 m","gridUnits":"degrees","resolution":48,"winds":"true","scanMode":64,"nx":41,"ny":15,"basicAngle":0,"lo1":47.0,"la1":41.0,"lo2":87.0,"la2":55.0,"dx":1.0,"dy":1.0}, "data":
[rows 0 to 14 of 15, columns 0 to 40 of 41]
-0.6940112,0.025988769,-0.37401122,-1.6240113,-1.5240113,-6.194011,4.435989,4.375989,2.3359888,2.9359887,3.1959887,2.8559887,1.3459888,-0.54401124,-0.64401126,-1.5140113,-1.1140113,-0.7440112,-1.2140112,-4.064011,-2.794011,-1.8140112,-3.2040112,0.7559888,-0.91401124,-2.0240111,-2.2440112,2.1259887,-2.0040112,-2.2840111,-2.1440113,0.91598874,-1.8040112,-2.9040112,0.7459888,0.03598877,-3.1840112,-1.3640113,-0.9440112,-3.4640112,1.8559887
-1.5740112,0.15598877,-2.3040113,0.8759888,1.8459888,1.5759888,4.745989,3.6659887,3.6759887,2.8559887,1.2759888,1.1859888,1.0759888,-1.2840112,-2.4440112,-3.1340113,-1.9540112,-0.90401125,-0.72401124,-1.5840112,-2.1340113,-1.2440113,-1.6840112,-1.6040112,-0.06401123,-1.1340113,0.51598877,-0.7440112,0.44598877,-0.98401123,-2.5640113,-2.7340112,-2.1840112,-1.7440113,-2.8340113,3.4859889,-0.21401124,1.7359887,0.84598875,2.1159887,-1.3740113
-4.644011,-3.1340113,4.605989,3.2659888,1.7959888,7.3159885,3.6059887,3.4659889,4.4859886,1.8759887,-0.30401123,-0.5740112,-1.7940112,-2.2840111,-3.0940113,-3.1840112,-3.6140113,-2.7740111,-2.1040113,-1.6940112,-1.3140112,-1.9140112,-0.37401122,0.29598877,1.9259888,-0.04401123,0.9859888,-0.03401123,-0.07401123,-0.6940112,-1.9840112,-2.3740113,-3.4440112,-1.5640112,-3.9240112,-2.6140113,-3.3040113,-6.4340115,-2.3640113,-1.2640113,-2.2840111
0.24598877,-0.18401124,1.5459888,0.89598876,-0.77401125,-0.05401123,1.3559887,4.7159886,3.705989,2.0059888,-0.21401124,-2.8840113,-4.424011,-6.144011,-2.5140111,-4.3440113,-3.6540112,-5.4540114,-3.7240112,-5.2440114,-3.3240113,-0.5140112,-4.854011,-5.194011,2.455989,4.165989,3.9459887,3.3559887,2.2259889,2.8059888,-1.2840112,-6.854011,-3.5740113,7.2759886,0.76598877,-0.09401123,1.8759887,0.21598877,-3.3340113,-2.0540113,-2.9840112
-1.5040113,-3.294011,-2.9240112,-3.6440113,-5.274011,-0.6940112,4.415989,4.0059886,2.955989,2.9459887,1.6559888,-1.8340112,-5.0140114,-6.914011,-4.374011,-5.984011,-6.174011,-4.644011,-6.6140113,-5.024011,-4.394011,-8.384011,-2.4640112,-4.8240113,-3.6840112,3.8659887,1.5359888,0.7559888,-0.39401123,1.3259888,2.5459888,-1.4740112,-1.4140112,-2.3540113,-0.26401123,-0.91401124,-8.8940115,-0.6240112,-7.8440113,-6.8840113,-1.6740112
1.4859887,-1.0640112,5.835989,8.055988,-0.92401123,1.0659888,4.3859887,5.4059887,3.4059887,4.0059886,3.4759889,1.7259887,-1.8240112,-5.624011,-7.3640113,-6.664011,-7.0540113,-5.714011,-3.6840112,-4.774011,-5.0340114,-6.5140114,-6.8040113,0.6759888,-7.2840114,-8.744011,-5.8040113,-3.0540113,-3.7640111,-3.4140112,-1.2940112,-3.1840112,-3.4140112,3.4859889,1.3359888,-1.9040112,-1.5540112,-6.124011,-5.564011,-0.01401123,-0.52401125
4.415989,5.8859887,5.7359886,3.2159889,5.2559886,4.895989,5.0059886,4.165989,2.8759887,2.3859887,1.7059888,-1.1240113,-2.8740113,-4.4040112,-5.7440114,-6.714011,-7.174011,-7.3840113,-5.274011,-4.894011,-6.214011,-6.644011,-8.094011,-8.334011,-7.964011,-7.084011,-7.394011,-9.6440115,-8.374011,-10.094011,-11.204011,-12.204011,-12.624011,-1.0640112,1.2259887,-0.28401124,0.5459888,-1.7740113,-2.7840111,0.25598878,-7.374011
4.125989,6.765989,6.055989,2.1559887,3.0059888,2.4159887,1.9959887,1.9959887,2.2359889,2.1459887,1.4059888,0.11598877,-2.044011,-3.3940113,-4.374011,-5.1540112,-6.564011,-6.6840115,-6.694011,-4.774011,-5.6340113,-7.0340114,-7.7040114,-7.924011,-7.174011,-7.0940113,-6.5540113,-7.734011,-8.794011,-8.404011,-9.524012,-9.554011,-10.254011,-12.714011,-8.704011,-9.254011,-8.874011,-3.7740111,-0.35401124,-3.3340113,-2.4040112
0.78598875,0.71598876,1.6859888,1.1259887,0.025988769,0.40598878,1.8359888,2.1359887,2.1659887,2.5859888,1.5659888,0.04598877,-0.8840112,-1.9640112,-3.5840113,-4.5340114,-5.4940114,-5.9940114,-6.2640114,-6.1840115,-5.4740114,-6.484011,-7.444011,-7.4940114,-7.414011,-7.4940114,-7.424011,-6.8440113,-6.8640113,-7.6540112,-7.714011,-7.4040112,-4.794011,-4.444011,-5.5340114,-7.0740113,-7.7040114,-5.1140113,0.41598877,1.3959888,1.7659888
0.43598878,-0.78401124,-1.2540113,0.35598877,0.43598878,1.5859888,2.0459888,2.8359888,2.1959887,1.7159888,1.2059888,0.58598876,-0.72401124,-1.3940113,-2.3840113,-3.8040113,-4.9740114,-5.4540114,-5.414011,-5.424011,-5.5940113,-6.314011,-6.394011,-7.0340114,-6.944011,-7.234011,-7.004011,-6.9540114,-6.914011,-6.8440113,-7.8840113,-7.774011,-8.244011,-7.104011,-4.0140114,-2.2240112,-1.5340112,-0.73401123,2.7259889,5.7159886,4.185989
-1.5640112,-0.5540112,2.9059887,0.7459888,-2.5640113,2.8259888,3.1759887,2.4059887,1.9659888,2.5159888,1.1459888,0.06598877,-0.52401125,-1.2040112,-1.7540113,-3.2740111,-4.194011,-5.1540112,-4.964011,-5.794011,-6.004011,-6.2240114,-6.5140114,-6.7640114,-6.4940114,-6.5140114,-6.754011,-7.3640113,-7.1340113,-7.2240114,-7.004011,-6.564011,-6.274011,-4.1140113,-3.6640112,-2.4340112,-0.67401123,-2.0140111,-3.3340113,-0.30401123,1.1759888
-0.7640112,-0.24401122,0.5559888,2.8659887,3.5159888,3.5059888,3.7359889,3.2259889,1.9059888,2.1959887,1.5559888,0.76598877,0.015988769,-1.0140113,-1.4240112,-2.7340112,-3.6140113,-4.0140114,-4.9940114,-5.3440113,-5.584011,-6.0140114,-5.8840113,-6.0940113,-6.064011,-6.524011,-6.894011,-7.5540113,-7.624011,-7.024011,-6.714011,-6.714011,-5.544011,-6.5940113,-4.3840113,-3.3740113,-0.8840112,2.0659888,0.16598877,0.025988769,0.34598878
0.43598878,0.22598878,0.6959888,1.6459888,2.9259887,3.0059888,3.4759889,2.8459888,1.8759887,1.7059888,1.1959888,1.1759888,0.18598877,0.08598877,-0.96401125,-1.6340113,-2.5740113,-3.2640111,-3.7340112,-4.124011,-4.794011,-5.3040113,-5.5140114,-6.3240113,-6.7440114,-6.9540114,-7.174011,-7.414011,-7.2640114,-6.5540113,-6.6540112,-6.544011,-5.144011,-3.6140113,-4.164011,-3.6340113,-2.9840112,-1.7340112,-0.48401123,-2.0540113,-0.58401126
1.3159888,0.66598874,0.26598877,2.0459888,2.5659888,2.7859888,2.1059887,1.9059888,0.9359888,0.12598877,0.13598877,0.38598877,2.1659887,0.60598874,0.06598877,-0.43401122,-1.4940113,-2.5540113,-3.4840112,-4.144011,-4.564011,-4.874011,-5.464011,-5.8040113,-6.2640114,-6.834011,-7.1540112,-7.024011,-6.814011,-6.484011,-5.464011,-4.814011,-4.194011,-3.5640113,-2.794011,-2.0940113,-1.9840112,-2.7340112,-2.8740113,-1.1040112,-2.5740113
1.8759887,1.2759888,-1.4440112,2.1059887,2.0659888,2.0659888,1.7559887,1.1459888,0.015988769,0.10598877,0.14598876,-1.5140113,-1.0440112,-0.44401124,0.52598876,-0.96401125,-1.6140113,-2.3040113,-3.2540112,-3.8440113,-4.334011,-5.234011,-5.4540114,-5.0140114,-5.334011,-5.1140113,-5.564011,-5.374011,-5.794011,-5.374011,-4.914011,-4.464011,-3.2340112,-2.8840113,-2.4540112,-2.3540113,-1.6740112,-1.9940113,-2.5040112,-2.8640113,-1.3640113
