wind_kz.json
{"header": {"discipline":0,"disciplineName":"Meteorological products","gribEdition":2,"gribLength":1025,"center":7,"centerName":"US National Weather Service - NCEP(WMC)","subcenter":0,"refTime":"2024-04-09T12:00:00.000Z","significanceOfRT":1,"significanceOfRTName":"Start of forecast","productStatus":0,"productStatusName":"Operational products","productType":1,"productTypeName":"Forecast products","productDefinitionTemplate":0,"productDefinitionTemplateName":"Analysis/forecast at horizontal level/layer at a point in time","parameterCategory":2,"parameterCategoryName":"UnknownDiscipline_0_Category_2","parameterNumber":2,"parameterNumberName":"UnknownParameter_D0_C2_2","parameterUnit":"Unknown","genProcessType":2,"genProcessTypeName":"Forecast","forecastTime":240,"surface1Type":103,"surface1TypeName":"Specified height level above ground","surface1Value":10.0,"surface2Type":255,"surface2TypeName":"Missing","surface2Value":0.0,"gridDefinitionTemplate":0,"gridDefinitionTemplateName":"Latitude_Longitude","numberPoints":615,"shape":6,"shapeName":"Earth spherical with radius of 6,371,229.0 m","gridUnits":"degrees","resolution":48,"winds":"true","scanMode":64,"nx":41,"ny":15,"basicAngle":0,"lo1":47.0,"la1":41.0,"lo2":87.0,"la2":55.0,"dx":1.0,"dy":1.0}, "data":
[rows 0 to 14 of 15, columns 0 to 40 of 41]
-1.6386371,1.5113629,-2.418637,-1.898637,2.341363,-3.2886372,-4.448637,-6.8986373,-5.858637,-4.788637,-3.358637,-2.128637,-0.46863708,0.20136291,0.11136291,2.321363,-0.9886371,3.391363,1.6613629,3.761363,1.7613629,-0.9386371,4.131363,2.641363,3.381363,3.111363,2.271363,0.07136291,-5.798637,-3.118637,-1.6086371,0.6513629,-0.9086371,-1.918637,-4.208637,-2.2786372,-2.9986372,-2.638637,0.5813629,-0.008637085,1.571363
2.4513628,-3.3286371,-1.898637,-3.3186371,2.031363,-2.398637,-5.6286373,-5.468637,-5.448637,-4.998637,-3.488637,-4.178637,-2.5386372,-1.8486371,-2.148637,-0.3986371,-0.4586371,1.7813629,-0.3886371,0.2913629,0.6513629,1.5613629,-0.70863706,0.5213629,-2.158637,0.4513629,0.5813629,1.1113629,-1.9386371,1.5413629,0.07136291,-0.5086371,0.9313629,-0.3986371,0.6813629,0.12136292,0.7613629,1.961363,2.801363,0.20136291,-0.27863708
-2.968637,-1.678637,-0.7586371,-2.108637,0.40136293,-1.9786371,-4.828637,-4.608637,-4.3986373,-4.928637,-5.998637,-4.358637,-5.338637,-0.89863706,-2.588637,-10.118637,-4.478637,-5.348637,-4.568637,-3.618637,-1.9786371,-6.798637,-4.318637,-4.718637,-0.8086371,-0.028637085,1.5513629,2.7313628,3.4413629,-0.16863708,-0.49863708,-2.0586371,0.6913629,-1.2686371,-2.088637,-0.5486371,0.8413629,-1.548637,-0.43863708,-0.058637086,-1.5886371
-4.858637,-3.4986372,-2.5186372,-2.128637,1.4213629,-2.5386372,-4.308637,-2.9986372,-4.328637,-4.348637,-5.558637,-5.6486373,0.7713629,2.521363,1.961363,-3.658637,-8.188637,-5.778637,-5.848637,-1.0086371,-6.478637,-7.558637,-4.248637,-5.288637,-5.988637,-5.198637,-5.758637,-5.788637,-5.228637,-1.5586371,2.271363,-0.30863708,-3.978637,-3.148637,-4.368637,-2.4986372,-1.528637,-0.89863706,-2.0086372,-4.068637,-3.418637
-5.998637,-5.018637,-6.348637,-4.9386373,-0.2686371,-1.408637,-0.63863707,-2.898637,-3.458637,-3.988637,-5.1486373,-5.248637,-0.7286371,1.471363,1.8713629,-6.578637,-7.678637,-8.938637,-8.628637,-9.548637,-9.388638,-8.398637,-8.6786375,-8.628637,-8.188637,-7.928637,-5.1886373,-5.588637,-6.598637,-6.078637,-7.138637,-3.988637,-0.31863707,-2.0186372,-3.908637,-2.688637,-3.848637,-3.7886372,-3.098637,-3.188637,-2.408637
-3.7686372,-4.4386373,-3.478637,-3.358637,-1.778637,-0.14863709,2.331363,-3.388637,-2.2986372,-3.2486372,-3.368637,-3.658637,-2.218637,-1.528637,-1.8786371,-6.1286373,-8.328637,-9.4286375,-8.898637,-9.488637,-9.608637,-8.908637,-8.358637,-8.168637,-9.158637,-9.098637,-9.018637,-4.088637,-8.668637,-9.788637,-9.078637,-6.098637,-6.808637,-6.598637,-4.228637,-2.868637,-2.228637,-1.428637,-0.82863706,-1.3786371,1.1913629
-2.7586372,-4.048637,-3.8186371,-2.898637,-2.968637,-0.06863709,2.7013628,-1.1386371,-2.0386372,-1.7086371,-2.208637,-3.5086372,-3.8286371,-4.6286373,-4.538637,-4.748637,-5.008637,-6.718637,-7.1486373,-8.018637,-8.508637,-8.098637,-7.098637,-6.678637,-7.758637,-7.808637,-8.908637,-8.548637,-8.968637,-8.398637,-9.388638,-8.818637,-7.558637,-6.428637,-4.658637,-0.15863709,-0.7186371,-0.7786371,1.721363,-0.4486371,1.6813629
-5.6286373,-3.648637,-3.878637,-3.878637,-4.368637,-3.408637,0.8113629,-0.76863706,-1.3786371,-1.0886371,-1.7186371,-1.9986371,-3.168637,-4.1886373,-3.5686371,-4.498637,-5.078637,-4.058637,-4.858637,-6.328637,-6.578637,-6.948637,-6.558637,-6.3986373,-6.368637,-6.208637,-7.488637,-8.128637,-8.528637,-8.388638,-7.9186373,-8.048637,-6.428637,-6.428637,-4.718637,-0.5086371,-1.3886371,4.171363,5.591363,4.0613627,3.151363
-3.3086371,-4.028637,-4.238637,-4.308637,-3.888637,-3.448637,-1.788637,-0.9886371,-1.0786371,-0.6186371,0.11136291,-0.088637084,-1.408637,-1.9486371,-3.348637,-3.2486372,-3.858637,-3.838637,-4.048637,-4.3786373,-5.698637,-6.348637,-6.088637,-5.948637,-6.328637,-6.428637,-6.6886373,-7.118637,-7.218637,-6.9186373,-7.118637,-5.808637,-4.808637,-3.398637,-1.9386371,0.23136291,-0.57863706,-0.6286371,-1.6286371,1.2613629,-1.168637
-2.7486372,-2.868637,-2.948637,-3.608637,-3.728637,-3.7486372,-4.338637,-2.098637,0.061362915,0.61136293,1.0113629,1.8713629,2.271363,0.6313629,-0.2686371,-1.298637,-2.148637,-3.118637,-3.468637,-3.988637,-4.368637,-4.478637,-5.058637,-5.408637,-5.708637,-5.888637,-6.348637,-6.4386373,-6.298637,-6.498637,-5.208637,-4.108637,-2.968637,-3.088637,-2.0586371,0.98136294,1.8813629,0.3913629,-0.94863707,0.24136291,0.86136293
-2.088637,-1.4986371,-2.3186371,-2.5386372,-3.108637,-3.138637,-3.628637,-2.358637,-2.408637,1.0613629,2.321363,2.651363,3.371363,3.611363,2.571363,1.9113629,0.47136292,-0.6886371,-0.8386371,-1.3886371,-2.2686372,-2.448637,-2.708637,-3.0186372,-2.918637,-3.588637,-4.078637,-4.578637,-4.578637,-4.368637,-3.608637,-2.638637,-2.458637,-2.908637,-3.2486372,-2.458637,-1.288637,1.2613629,-0.06863709,-0.5686371,0.13136292
-0.21863708,-1.408637,-0.8386371,-1.1086371,-1.3686371,-1.3286371,-2.118637,-2.158637,-1.4686371,-1.0086371,1.7913629,3.351363,3.1913629,4.6213627,4.631363,4.321363,3.401363,2.7313628,1.6413629,1.6413629,1.601363,0.061362915,-0.19863708,-0.118637085,0.80136293,1.211363,-0.008637085,-1.3886371,-3.2986372,-2.138637,-2.428637,-2.918637,-2.8186371,-2.438637,-2.2986372,-3.398637,-2.408637,-1.8186371,-0.5286371,-0.078637086,0.7513629
1.9913629,1.3013629,0.5913629,1.4913629,0.55136293,0.9613629,0.18136291,-0.09863708,-0.008637085,0.49136293,0.9313629,2.271363,3.281363,4.461363,5.011363,5.941363,5.411363,5.181363,2.7113628,3.331363,2.831363,3.621363,2.7513628,2.651363,2.7513628,1.9313629,1.1513629,1.7813629,1.7613629,0.3613629,-1.6986371,-1.8186371,-2.188637,-2.0686371,-2.5086372,-1.4886371,-0.7886371,-0.8086371,-0.43863708,1.0513629,1.4013629
2.9713628,2.771363,-0.058637086,2.611363,2.531363,2.2513628,2.261363,2.0013628,1.4013629,1.0113629,1.3113629,2.561363,3.381363,4.011363,5.111363,5.3113627,5.8513627,5.691363,5.3113627,4.8113627,4.501363,4.301363,4.181363,3.9313629,2.811363,2.401363,2.361363,2.161363,-0.058637086,0.85136294,0.25136292,-0.9186371,-0.89863706,-1.2486371,-0.9786371,-1.048637,-0.7386371,0.4813629,0.7713629,-0.8086371,0.061362915
3.621363,4.031363,2.851363,3.871363,3.9713628,3.9513628,4.1213627,3.9513628,3.651363,3.121363,2.661363,4.391363,3.901363,4.401363,6.171363,5.071363,5.661363,5.5813627,5.0613627,4.8513627,4.1013627,4.611363,3.4913628,2.771363,3.561363,3.101363,3.101363,2.291363,1.5113629,-0.70863706,-0.64863706,0.5613629,0.4513629,-0.6086371,-0.51863706,-0.37863708,-0.5486371,-0.37863708,0.091362916,-0.4486371,0.07136291
