wind_kz.json
{"header": {"discipline":0,"disciplineName":"Meteorological products","gribEdition":2,"gribLength":948,"center":7,"centerName":"US National Weather Service - NCEP(WMC)","subcenter":0,"refTime":"2023-09-09T06:00:00.000Z","significanceOfRT":1,"significanceOfRTName":"Start of forecast","productStatus":0,"productStatusName":"Operational products","productType":1,"productTypeName":"Forecast products","productDefinitionTemplate":0,"productDefinitionTemplateName":"Analysis/forecast at horizontal level/layer at a point in time","parameterCategory":0,"parameterCategoryName":"UnknownDiscipline_0_Category_0","parameterNumber":0,"parameterNumberName":"UnknownParameter_D0_C0_0","parameterUnit":"Unknown","genProcessType":2,"genProcessTypeName":"Forecast","forecastTime":240,"surface1Type":1,"surface1TypeName":"Ground or water surface","surface1Value":0.0,"surface2Type":255,"surface2TypeName":"Missing","surface2Value":0.0,"gridDefinitionTemplate":0,"gridDefinitionTemplateName":"Latitude_Longitude","numberPoints":615,"shape":6,"shapeName":"Earth spherical with radius of 6,371,229.0 m","gridUnits":"degrees","resolution":48,"winds":"true","scanMode":64,"nx":41,"ny":15,"basicAngle":0,"lo1":47.0,"la1":41.0,"lo2":87.0,"la2":55.0,"dx":1.0,"dy":1.0}, "data":
[rows 0 to 14 of 15, columns 0 to 40 of 41]
305.3747,293.77472,297.8747,296.9747,297.1747,295.77472,305.77472,310.8747,307.8747,309.27472,308.4747,309.1747,308.77472,308.1747,309.0747,310.77472,311.77472,309.8747,313.9747,312.8747,316.9747,312.3747,311.6747,310.3747,313.5747,312.3747,309.6747,298.1747,296.5747,294.0747,290.4747,292.8747,307.6747,313.27472,316.3747,315.8747,320.1747,319.8747,313.5747,315.4747,317.3747
286.0747,296.9747,296.4747,296.6747,296.4747,294.77472,311.1747,304.0747,304.5747,304.6747,307.1747,306.9747,308.77472,308.27472,308.5747,309.5747,312.6747,312.77472,312.4747,314.8747,315.0747,312.0747,309.3747,303.5747,294.5747,295.8747,303.5747,299.6747,299.27472,284.77472,294.27472,281.0747,295.1747,268.27472,290.5747,307.3747,307.1747,305.3747,312.8747,301.1747,284.4747
297.1747,296.0747,296.9747,296.5747,294.27472,304.77472,304.5747,304.5747,303.3747,303.27472,303.4747,304.8747,307.0747,307.77472,305.1747,308.77472,310.1747,310.8747,311.9747,313.1747,319.8747,311.8747,309.27472,302.77472,308.27472,307.4747,310.6747,309.5747,308.4747,299.3747,290.4747,292.27472,298.3747,296.5747,289.1747,295.77472,277.8747,285.27472,289.27472,282.0747,284.0747
295.1747,295.4747,296.4747,295.5747,295.4747,295.3747,293.5747,297.0747,299.77472,300.4747,303.0747,302.1747,292.8747,292.1747,306.3747,307.9747,306.9747,308.3747,309.9747,311.8747,310.77472,307.0747,310.4747,309.27472,308.77472,307.77472,310.3747,307.4747,307.6747,309.0747,309.9747,308.5747,310.77472,311.4747,310.0747,300.9747,277.77472,279.6747,279.5747,287.4747,290.27472
293.9747,293.27472,294.4747,292.9747,294.5747,294.8747,298.0747,298.6747,296.77472,298.77472,300.6747,299.77472,291.8747,290.5747,289.1747,306.6747,306.9747,305.6747,306.1747,305.77472,308.3747,310.5747,311.77472,310.77472,311.5747,310.4747,307.0747,303.3747,309.27472,307.4747,308.4747,306.0747,293.77472,288.6747,295.8747,304.6747,305.1747,306.1747,296.6747,292.5747,304.8747
292.5747,293.6747,292.4747,291.8747,292.3747,291.3747,300.8747,300.8747,299.5747,298.9747,298.1747,298.77472,292.8747,291.8747,297.6747,303.27472,303.27472,305.1747,303.5747,305.8747,305.8747,306.0747,309.4747,310.0747,310.3747,308.1747,306.9747,289.8747,303.3747,304.27472,306.77472,305.1747,305.9747,304.77472,298.3747,301.1747,287.77472,289.1747,305.27472,306.4747,302.77472
293.3747,293.0747,293.8747,293.8747,296.77472,301.5747,299.5747,301.6747,301.5747,300.0747,300.5747,298.9747,299.3747,299.9747,299.8747,299.77472,302.1747,302.3747,304.4747,303.0747,301.9747,302.0747,303.3747,305.0747,303.8747,304.27472,305.6747,307.8747,308.0747,308.3747,306.8747,307.6747,306.8747,305.1747,306.3747,303.9747,298.27472,286.8747,290.6747,281.4747,294.27472
294.77472,291.5747,297.0747,295.8747,294.27472,301.6747,301.9747,299.77472,299.4747,298.77472,299.0747,297.5747,299.0747,297.6747,300.0747,300.6747,300.1747,299.0747,300.27472,300.0747,298.5747,299.8747,300.3747,301.3747,301.4747,301.77472,302.77472,304.3747,302.5747,304.77472,301.9747,303.1747,301.9747,298.8747,299.27472,299.6747,302.4747,288.6747,301.77472,300.8747,299.27472
293.77472,293.8747,293.3747,290.8747,297.4747,296.4747,295.4747,298.3747,298.9747,298.9747,298.5747,299.1747,298.77472,300.27472,299.1747,301.3747,300.4747,301.77472,298.77472,299.0747,298.3747,298.77472,299.3747,300.0747,299.1747,299.6747,296.8747,294.1747,297.9747,296.8747,297.8747,298.77472,300.5747,300.27472,295.3747,293.9747,293.5747,296.4747,281.77472,287.77472,285.3747
292.0747,292.0747,290.4747,290.0747,296.27472,296.1747,299.77472,298.8747,298.1747,299.1747,298.6747,298.1747,299.4747,299.1747,298.5747,298.77472,299.6747,301.77472,302.0747,300.4747,298.5747,297.5747,298.0747,299.5747,299.8747,298.27472,298.77472,297.9747,296.77472,297.27472,297.5747,298.77472,294.6747,300.0747,298.77472,297.5747,287.6747,284.27472,289.8747,283.0747,282.77472
290.4747,290.5747,291.5747,291.77472,296.9747,298.8747,299.0747,299.5747,299.9747,298.8747,297.3747,298.3747,298.9747,298.77472,298.8747,289.9747,297.3747,299.27472,299.4747,298.9747,299.0747,298.6747,298.5747,297.5747,296.27472,296.9747,294.77472,297.1747,297.9747,296.27472,298.4747,294.9747,293.8747,290.77472,289.3747,290.77472,282.27472,278.8747,286.1747,284.8747,281.1747
294.8747,295.4747,295.3747,295.8747,295.8747,293.4747,293.5747,291.1747,290.1747,290.6747,289.27472,288.0747,290.4747,292.4747,287.77472,288.9747,297.4747,297.5747,297.27472,295.6747,293.3747,292.9747,292.8747,293.9747,288.4747,288.4747,291.5747,289.27472,292.9747,291.9747,292.5747,296.0747,292.6747,291.77472,289.8747,291.8747,290.9747,284.27472,281.77472,282.9747,282.5747
291.77472,294.3747,296.5747,296.6747,296.27472,295.0747,290.9747,296.5747,292.5747,292.5747,292.1747,291.4747,291.1747,290.3747,289.8747,289.1747,294.8747,294.5747,295.3747,293.5747,291.8747,290.5747,287.27472,288.3747,287.9747,292.3747,295.27472,290.27472,287.5747,291.27472,292.77472,290.8747,285.6747,286.77472,286.9747,285.1747,285.3747,287.5747,284.5747,287.3747,283.77472
294.1747,296.4747,291.77472,298.1747,295.1747,292.4747,296.77472,292.4747,291.77472,291.8747,290.27472,285.77472,291.0747,292.27472,287.6747,287.3747,289.77472,293.27472,293.4747,293.9747,293.5747,292.8747,290.8747,293.0747,293.1747,293.1747,292.5747,292.77472,289.9747,286.4747,288.8747,287.0747,284.3747,282.77472,283.4747,285.3747,285.1747,286.77472,286.4747,284.9747,286.8747
292.6747,293.5747,288.0747,297.27472,296.4747,294.77472,293.9747,293.6747,290.77472,294.6747,287.1747,285.8747,285.77472,289.9747,290.6747,292.4747,292.27472,291.9747,293.6747,293.27472,293.27472,293.5747,292.6747,292.9747,291.4747,291.6747,291.27472,287.6747,286.4747,284.8747,286.27472,283.4747,282.1747,281.4747,281.3747,283.0747,283.27472,281.27472,281.1747,284.4747,283.27472
