wind_kz.json
{"header": {"discipline":0,"disciplineName":"Meteorological products","gribEdition":2,"gribLength":1025,"center":7,"centerName":"US National Weather Service - NCEP(WMC)","subcenter":0,"refTime":"2024-04-08T06:00:00.000Z","significanceOfRT":1,"significanceOfRTName":"Start of forecast","productStatus":0,"productStatusName":"Operational products","productType":1,"productTypeName":"Forecast products","productDefinitionTemplate":0,"productDefinitionTemplateName":"Analysis/forecast at horizontal level/layer at a point in time","parameterCategory":2,"parameterCategoryName":"UnknownDiscipline_0_Category_2","parameterNumber":2,"parameterNumberName":"UnknownParameter_D0_C2_2","parameterUnit":"Unknown","genProcessType":2,"genProcessTypeName":"Forecast","forecastTime":300,"surface1Type":103,"surface1TypeName":"Specified height level above ground","surface1Value":10.0,"surface2Type":255,"surface2TypeName":"Missing","surface2Value":0.0,"gridDefinitionTemplate":0,"gridDefinitionTemplateName":"Latitude_Longitude","numberPoints":615,"shape":6,"shapeName":"Earth spherical with radius of 6,371,229.0 m","gridUnits":"degrees","resolution":48,"winds":"true","scanMode":64,"nx":41,"ny":15,"basicAngle":0,"lo1":47.0,"la1":41.0,"lo2":87.0,"la2":55.0,"dx":1.0,"dy":1.0}, "data":
[rows 0 to 14 of 15, columns 0 to 40 of 41]
-3.1443799,0.43562013,1.1956201,-1.6043799,2.0956202,1.9456201,1.3356202,-7.80438,-8.77438,-6.73438,-5.16438,-4.66438,-6.98438,-4.95438,-3.8743799,-5.90438,-3.86438,-2.9743798,-2.75438,-1.5843799,-0.4843799,0.17562012,0.24562012,-0.5943799,-0.024379883,-0.57437986,-2.6843798,0.85562015,0.0056201173,0.8256201,0.09562012,1.4956201,-0.15437989,-0.27437988,-3.01438,-3.2043798,-3.9843798,-3.9543798,-4.2943797,-8.71438,-9.12438
1.5156201,1.2956201,-3.35438,-2.58438,-1.9643799,1.2156202,-5.91438,-7.13438,-8.13438,-7.80438,-7.61438,-7.09438,-5.5443797,-4.65438,-4.6043797,-5.51438,-3.53438,-2.3843799,-1.5243798,-0.8643799,-0.25437987,-1.7643799,-1.0643799,-1.9343799,0.4856201,0.5356201,-0.8143799,2.1056201,-3.33438,-1.4743799,0.37562013,-0.19437988,1.5356201,-2.28438,0.38562012,-0.4843799,-0.8743799,0.7056201,-6.03438,0.4256201,-3.2343798
0.8756201,-2.99438,-2.6343799,-2.2043798,-2.1743798,-7.09438,-6.86438,-7.37438,-5.53438,-10.594379,-7.64438,-6.5643797,-4.57438,-4.82438,-3.9143798,-2.74438,-2.30438,-1.5343798,-0.024379883,-1.2043799,-2.1843798,-6.2743797,-5.37438,-4.92438,-1.3343799,-2.4543798,-1.7343799,-1.2143799,-2.08438,0.2756201,-0.6143799,0.5856201,0.5856201,-0.49437988,-1.2543799,-0.95437986,0.18562011,0.13562012,2.47562,2.71562,2.21562
-3.1543798,-2.24438,-1.4243798,-2.77438,-7.65438,-6.6043797,-0.8643799,-3.06438,-9.27438,-8.62438,-6.5843797,-5.71438,-4.95438,-4.23438,-2.1343799,-3.7243798,-3.75438,-2.1243799,-2.28438,-5.67438,-8.7643795,-6.3343797,-6.92438,-7.41438,-6.2743797,-6.40438,-5.2543797,-8.60438,-4.47438,-0.8043799,1.8656201,-0.4543799,1.2056202,1.9756202,-1.4143798,-1.8043799,-1.3543799,2.71562,0.5956201,1.1556201,-0.4543799
-3.52438,-2.2043798,-0.63437986,-0.15437989,-3.55438,0.06562012,-4.44438,-7.96438,-7.55438,-6.57438,-5.42438,-4.46438,-2.81438,-2.80438,-4.67438,-4.23438,-2.81438,-2.28438,-2.6643798,-5.39438,-8.53438,-8.67438,-7.71438,-6.23438,-5.5843797,-6.0043797,-7.3343797,-5.84438,-6.12438,-5.89438,-4.78438,-2.61438,-1.7243799,0.37562013,-0.22437988,-1.7643799,1.4756202,-1.8343799,-1.9343799,2.0756202,-5.51438
-3.8743799,-2.25438,-0.64437985,-1.6043799,0.8756201,-0.51437986,-5.01438,-6.69438,-6.74438,-5.38438,-3.3943799,-3.35438,-2.9443798,-4.12438,-3.02438,-3.36438,-3.1543798,-3.00438,-3.01438,-4.70438,-5.84438,-6.7943797,-6.6043797,-4.71438,-3.8743799,-5.0843797,-4.90438,-5.49438,-7.0043797,-7.32438,-6.92438,-6.76438,-4.5443797,-2.7343798,-2.77438,-0.2643799,-0.07437988,3.39562,2.1056201,-4.37438,-4.09438
-3.31438,-3.24438,-2.4543798,0.06562012,1.2156202,-1.9543799,-5.14438,-5.41438,-4.6043797,-3.3743799,-1.9643799,-0.88437986,-0.75437987,-0.31437987,-3.1743798,-3.07438,-3.2043798,-3.24438,-4.13438,-6.49438,-5.42438,-4.15438,-4.8143797,-3.4243798,-2.7143798,-3.27438,-6.7543797,-6.8543797,-7.03438,-6.0043797,-6.82438,-8.68438,-5.69438,-5.34438,-1.2543799,-1.3943799,-1.0743799,1.1956201,0.49562013,0.3956201,1.7856201
-4.21438,-3.56438,-1.9743799,-2.34438,-6.93438,-4.64438,-5.63438,-4.73438,-2.55438,-0.7443799,0.20562011,2.5356202,0.60562015,-0.8343799,-2.52438,-3.33438,-2.36438,-3.04438,-3.1843798,-4.07438,-3.2243798,-3.02438,-3.00438,-3.36438,-2.6743798,-2.7043798,-5.46438,-6.17438,-6.43438,-5.20438,-7.98438,-6.0643797,-6.47438,-4.71438,-4.09438,2.13562,4.4756203,3.93562,6.77562,6.15562,0.045620117
-6.89438,-7.1043797,-7.5443797,-7.05438,-6.68438,-4.7943797,-4.2943797,-4.47438,-3.61438,-1.6443799,-0.8543799,-0.39437988,-1.1443799,-0.50437987,-1.4143798,-1.8243799,-1.2143799,-2.2143798,-2.6843798,-2.6343799,-2.78438,-0.9343799,-3.4243798,-3.1943798,-2.51438,-2.7343798,-2.80438,-4.19438,-2.1843798,-3.74438,-7.0443797,-5.74438,-4.0643797,-2.7343798,-0.4543799,1.2056202,-0.4143799,-2.9243798,-3.05438,0.3656201,-1.6843799
-4.67438,-5.16438,-5.6043797,-5.17438,-4.49438,-4.18438,-4.63438,-4.2743797,-3.9743798,-2.81438,-2.76438,-3.53438,-2.6543798,-0.4843799,-0.4843799,-1.0743799,-0.9343799,-0.9643799,-1.4743799,-2.30438,-1.9143798,-2.7043798,-2.61438,-2.28438,-3.78438,-5.99438,-6.12438,-5.86438,-4.0843797,-3.83438,-3.3943799,-3.29438,-3.02438,-2.03438,-1.3043799,0.7156201,-0.64437985,-0.70437986,-2.8943799,-0.70437986,0.7856201
-3.4143798,-3.79438,-4.0043797,-3.58438,-3.52438,-3.76438,-3.7043798,-3.1543798,-2.57438,-2.03438,-1.1643798,-2.6843798,-2.34438,-1.7843798,-2.01438,-0.07437988,-0.33437988,0.41562012,-1.3343799,-3.26438,-3.7243798,-3.4243798,-3.74438,-3.6943798,-3.84438,-5.38438,-5.61438,-4.46438,-3.49438,-4.26438,-4.65438,-4.0043797,-3.52438,-3.4143798,-2.8943799,-2.9643798,-1.4743799,-1.5643799,-1.1743798,1.4156201,-1.5943799
-2.61438,-2.28438,-2.7043798,-2.9643798,-3.49438,-3.11438,-2.4743798,-2.7043798,-1.8543799,-1.4443799,-1.3543799,-3.1643798,-3.9743798,-3.9843798,-2.32438,-1.6343799,0.19562012,1.9456201,-1.1543798,-4.21438,-3.9543798,-3.59438,-4.0643797,-3.60438,-4.5843797,-5.0243797,-4.93438,-4.43438,-4.94438,-4.40438,-3.59438,-3.4843798,-3.1443799,-3.6543798,-3.9743798,-4.78438,-4.6043797,-3.3843799,-1.6943799,-0.4243799,-0.024379883
-0.95437986,-0.94437987,-2.61438,-3.4143798,-2.7243798,-1.8143799,-1.6743798,-2.33438,-3.00438,-1.0243798,-0.8343799,-2.4143798,-2.6743798,-1.1243799,0.0056201173,0.3956201,0.5056201,-0.5443799,-6.53438,-4.23438,-3.31438,-2.80438,-2.1543798,-3.04438,-4.1043797,-4.82438,-4.61438,-4.23438,-3.85438,-3.1843798,-3.33438,-3.78438,-4.32438,-3.82438,-3.9443798,-3.74438,-3.59438,-1.6943799,-2.24438,-1.7743798,-1.4943799
-0.5943799,-1.8843799,-1.4143798,-1.5943799,-1.5643799,-0.5943799,-1.7143799,-2.6543798,-1.7543799,-1.6143799,-1.0243798,-1.3943799,-0.8143799,-0.50437987,0.9056201,0.9056201,-2.4243798,-3.31438,-4.87438,-3.7143798,-2.6743798,-2.77438,-3.6243799,-4.42438,-4.73438,-4.42438,-4.1043797,-3.31438,-3.07438,-3.1443799,-3.29438,-3.33438,-3.29438,-2.84438,-2.7343798,-2.8943799,-2.58438,-2.2143798,-2.02438,-1.3543799,-1.5143799
-0.20437989,-0.8043799,0.23562011,-0.8343799,-0.7843799,-1.3943799,-1.2743798,-1.2443799,-1.6643798,-1.2743798,-1.1943799,-1.0143799,-0.8343799,-0.3543799,-0.6243799,-1.6943799,-2.76438,-2.4343798,-1.2943798,-3.81438,-3.81438,-4.18438,-3.80438,-4.0443797,-3.7243798,-3.11438,-2.9643798,-2.9143798,-2.6643798,-2.02438,-2.59438,-2.1543798,-2.3743799,-2.57438,-2.76438,-2.1943798,-2.4543798,-2.4343798,-2.03438,-2.08438,-1.0943799
