wind_kz.json
{"header": {"discipline":0,"disciplineName":"Meteorological products","gribEdition":2,"gribLength":1025,"center":7,"centerName":"US National Weather Service - NCEP(WMC)","subcenter":0,"refTime":"2024-04-06T18:00:00.000Z","significanceOfRT":1,"significanceOfRTName":"Start of forecast","productStatus":0,"productStatusName":"Operational products","productType":1,"productTypeName":"Forecast products","productDefinitionTemplate":0,"productDefinitionTemplateName":"Analysis/forecast at horizontal level/layer at a point in time","parameterCategory":2,"parameterCategoryName":"UnknownDiscipline_0_Category_2","parameterNumber":3,"parameterNumberName":"UnknownParameter_D0_C2_3","parameterUnit":"Unknown","genProcessType":2,"genProcessTypeName":"Forecast","forecastTime":240,"surface1Type":103,"surface1TypeName":"Specified height level above ground","surface1Value":10.0,"surface2Type":255,"surface2TypeName":"Missing","surface2Value":0.0,"gridDefinitionTemplate":0,"gridDefinitionTemplateName":"Latitude_Longitude","numberPoints":615,"shape":6,"shapeName":"Earth spherical with radius of 6,371,229.0 m","gridUnits":"degrees","resolution":48,"winds":"true","scanMode":64,"nx":41,"ny":15,"basicAngle":0,"lo1":47.0,"la1":41.0,"lo2":87.0,"la2":55.0,"dx":1.0,"dy":1.0}, "data":
[rows 0 to 14 of 15, columns 0 to 40 of 41]
2.5825562,-2.9274437,5.362556,10.002556,6.742556,3.4325562,-0.8374438,-2.717444,-1.2474438,-2.4374437,-3.8774438,-3.267444,-5.4774437,-5.577444,-7.257444,-6.947444,-6.827444,-5.4974437,-5.197444,-2.5374439,-4.097444,-4.837444,-2.6874437,0.93255615,0.16255616,4.3125563,2.032556,1.9525561,-0.67744386,2.802556,0.39255616,-1.0274439,1.0325562,1.1025561,1.8425561,0.38255614,1.3225561,0.14255615,2.1625562,2.8925562,3.6325562
7.0025563,1.2925562,11.132556,10.092556,6.122556,3.542556,-1.3374438,-0.8374438,-0.017443847,-1.1274438,-2.4174438,-2.457444,-3.1274438,-4.587444,-5.7474437,-6.357444,-5.7474437,-5.947444,-6.317444,-4.527444,-4.4974437,-4.627444,-1.4974438,0.61255616,-0.68744385,1.8525561,2.1725562,1.6325562,-0.44744384,0.5825561,1.2825562,4.5825562,0.29255617,2.1125562,-3.027444,-0.6674439,0.99255615,-1.4874438,-1.3974439,-2.007444,1.5725561
1.5525562,6.7125564,7.152556,6.722556,5.102556,2.732556,1.9125562,1.7025561,1.2225561,-0.10744385,-2.3574438,0.63255614,-0.55744386,-2.477444,-3.267444,-4.577444,-4.967444,-4.567444,-3.457444,-3.6574438,-2.8074439,-4.397444,-3.947444,0.39255616,0.82255614,1.6225562,-0.94744384,2.1525562,-0.29744384,-0.057443846,2.3325562,0.6625562,0.26255617,0.68255615,-0.9774439,0.21255615,2.482556,-1.3774438,0.27255616,-1.7874439,-1.9574438
4.7725563,6.2325563,6.432556,5.632556,2.6225562,2.6425562,1.1425562,-0.54744387,-0.5374439,-1.3974439,-2.5374439,1.8125561,1.4125562,-0.48744383,-1.8774438,-3.8074439,-3.6574438,-3.2974439,-6.127444,-3.8874438,-1.3874439,2.4425561,-4.9374437,-5.237444,-0.8374438,-0.06744385,-1.9374439,-1.9974438,-0.57744384,-1.5574439,-2.6474438,-2.0674438,-0.79744387,0.74255615,-0.9174439,-3.1174438,-1.5774438,0.64255613,0.8325561,0.87255615,1.8825562
3.8825562,3.6825562,2.9125562,0.45255616,1.9925561,-0.10744385,-1.8574438,-0.32744384,-0.7874439,-1.5474439,-2.6674438,-1.9874438,1.6825562,-0.13744384,-1.4374439,-1.1774439,-2.3474438,-2.5774438,-3.217444,-3.9174438,-5.4574437,-1.1774439,-3.997444,-3.8874438,1.0425562,-3.9374437,2.0625563,-2.227444,-2.5374439,-2.6274438,-3.0674438,-2.5974438,0.93255615,2.972556,-0.24744385,-1.3874439,-2.6374438,0.032556154,1.9225562,2.292556,2.022556
2.742556,1.9625561,1.6625562,1.3725562,0.70255613,0.12255615,-2.2874439,-0.037443846,0.102556154,-1.0474439,-1.3674438,-1.9674438,-3.2874439,-1.4874438,-2.197444,-1.1674439,-1.5074439,-3.1574438,-2.5574439,-2.8074439,-1.2674439,-2.9074438,-3.1174438,-6.4374437,-2.0774438,-1.8474438,-2.957444,-0.76744384,-2.0774438,-2.5474439,-3.3074439,-3.717444,-2.4174438,-0.9774439,1.2025561,-0.56744385,0.79255617,0.64255613,-1.0774438,0.98255616,0.29255617
3.4325562,4.012556,3.4025562,2.8425562,2.5825562,1.6725562,0.32255614,0.46255615,-1.6874439,-3.277444,-2.747444,-1.6274438,-2.8974438,-3.507444,-3.267444,-3.5974438,-3.1174438,-4.857444,-3.8774438,-2.497444,-2.027444,-0.50744385,-2.467444,-3.5774438,1.4925561,-2.277444,-0.29744384,0.24255615,-1.3974439,-1.2074438,-0.9074438,-0.30744386,-2.6574438,-3.757444,0.28255615,-2.3874438,-3.3274438,-2.5974438,-1.4074439,-0.74744385,-1.5774438
4.592556,5.512556,6.362556,4.802556,4.852556,3.222556,3.8625562,1.5925561,1.4325562,-1.9974438,-2.6674438,-3.197444,-3.1274438,-1.1874439,-1.9274439,-1.4274439,-3.0674438,-4.137444,-3.697444,-3.4074438,-3.967444,-1.3674438,-2.017444,-3.967444,-1.8274438,-2.7974439,-1.1174438,-0.5374439,0.82255614,-0.38744384,-1.7774439,-2.6074438,-1.8274438,-2.6674438,0.0025561524,-0.95744383,-2.727444,-1.1074438,-0.22744384,0.16255616,-0.44744384
3.5725563,3.1825562,3.292556,3.5825562,3.4525561,3.292556,3.9025562,3.782556,3.302556,1.0725561,-1.4474438,-1.8674438,-2.3574438,-3.6174438,-1.1374439,-1.8974439,-0.20744385,-3.0974438,-3.267444,-4.817444,-2.1874437,-2.6374438,-0.82744384,-2.3274438,-3.1574438,-3.487444,-1.8074439,-2.027444,-0.9074438,0.7725561,0.33255616,1.2325561,1.9225562,-0.017443847,0.31255615,-1.0074439,-3.237444,-1.3274438,-2.6174438,-2.497444,-3.6374438
2.9525561,2.1525562,0.25255615,-0.047443848,0.40255615,0.44255614,2.1725562,4.182556,4.0825562,3.1925561,1.4725561,-0.20744385,-0.60744387,-2.1374438,-2.277444,-1.4374439,0.31255615,-2.1874437,-2.267444,-3.6574438,-4.607444,-2.0574439,-0.0074438476,0.69255614,0.42255616,-0.9074438,-2.1174438,-3.017444,1.0325562,0.57255614,1.0825561,2.3625562,2.1625562,1.3625561,0.88255614,1.3325561,-0.30744386,-3.1874437,-0.45744383,1.3425561,1.8225561
2.802556,2.4625561,2.6025562,1.7125561,1.3225561,1.1325562,0.89255613,3.732556,3.6425562,3.292556,3.492556,1.7825562,0.88255614,-0.38744384,0.24255615,-1.4374439,1.7525562,1.0425562,-1.9474438,-1.9474438,-2.8874438,-3.5774438,-1.3674438,-0.17744385,0.29255617,0.35255614,-0.20744385,-1.0074439,-4.527444,2.1025562,3.9125562,3.762556,2.5825562,2.1625562,1.7025561,0.25255615,0.13255616,1.6325562,0.85255617,-0.43744385,-0.5974438
2.242556,2.6325562,2.3625562,2.492556,1.8325561,1.3925562,1.1125561,2.5725563,2.552556,2.732556,1.8425561,1.5425562,1.8125561,0.61255616,0.56255615,2.482556,3.252556,2.8625562,0.39255616,-0.9674438,-1.1274438,-2.1374438,-2.6574438,-1.5574439,0.44255614,0.81255615,1.2025561,0.22255616,-1.8974439,-1.7774439,-0.027443849,3.482556,2.802556,2.8125563,1.6125561,1.4125562,0.46255615,1.8725562,1.8125561,1.3525561,1.6725562
-0.027443849,-0.87744385,-2.197444,-1.3574438,-2.4074438,-1.3174438,-1.8774438,0.32255614,0.22255616,1.7225561,1.9025562,1.7725562,2.8325562,3.0625563,2.7125561,3.992556,3.4625561,3.3325562,2.032556,0.41255614,-0.27744386,1.3325561,0.12255615,-0.51744384,0.15255615,0.73255616,0.63255614,1.3525561,2.282556,0.41255614,1.6525562,2.4625561,3.9225562,1.7125561,1.6725562,1.5325562,1.4125562,0.86255616,0.35255614,0.062556155,0.16255616
0.15255615,-0.61744386,-1.6674439,-2.3574438,-2.1174438,-2.6474438,-3.2974439,-3.3674438,-4.2674437,-2.757444,-0.42744386,0.54255617,1.4125562,3.762556,3.6125562,5.402556,4.4825563,3.3425562,2.4125562,0.15255615,-0.7174438,-1.8174438,-1.4574438,-0.25744385,0.7725561,1.1425562,0.40255615,0.81255615,-0.82744384,1.3525561,3.4325562,3.052556,3.2025561,2.4125562,1.3325561,1.7725562,1.2725562,1.0625561,0.40255615,0.76255614,-0.117443845
0.15255615,0.24255615,0.24255615,-0.62744385,-1.4874438,-1.6074438,-1.8674438,-2.2874439,-3.3574438,-4.2274437,-1.9074439,-1.1274438,0.36255616,0.73255616,3.3825562,5.422556,4.302556,3.0725563,1.8125561,1.1025561,0.68255615,-0.7274439,-1.9874438,-2.1674438,-1.4274439,-2.477444,-1.4774438,-0.50744385,-0.14744385,-0.60744387,-0.95744383,-0.50744385,0.022556152,-0.077443846,-0.33744386,-1.1274438,-0.76744384,-0.28744385,-1.0574439,-2.1574438,0.052556153
