wind_kz.json
{"header": {"discipline":0,"disciplineName":"Meteorological products","gribEdition":2,"gribLength":1025,"center":7,"centerName":"US National Weather Service - NCEP(WMC)","subcenter":0,"refTime":"2023-09-19T00:00:00.000Z","significanceOfRT":1,"significanceOfRTName":"Start of forecast","productStatus":0,"productStatusName":"Operational products","productType":1,"productTypeName":"Forecast products","productDefinitionTemplate":0,"productDefinitionTemplateName":"Analysis/forecast at horizontal level/layer at a point in time","parameterCategory":2,"parameterCategoryName":"UnknownDiscipline_0_Category_2","parameterNumber":3,"parameterNumberName":"UnknownParameter_D0_C2_3","parameterUnit":"Unknown","genProcessType":2,"genProcessTypeName":"Forecast","forecastTime":60,"surface1Type":103,"surface1TypeName":"Specified height level above ground","surface1Value":10.0,"surface2Type":255,"surface2TypeName":"Missing","surface2Value":0.0,"gridDefinitionTemplate":0,"gridDefinitionTemplateName":"Latitude_Longitude","numberPoints":615,"shape":6,"shapeName":"Earth spherical with radius of 6,371,229.0 m","gridUnits":"degrees","resolution":48,"winds":"true","scanMode":64,"nx":41,"ny":15,"basicAngle":0,"lo1":47.0,"la1":41.0,"lo2":87.0,"la2":55.0,"dx":1.0,"dy":1.0}, "data":
[rows 0 to 14 of 15, columns 0 to 40 of 41]
1.6675366,1.7775366,2.4075365,5.0575366,1.4475366,-3.2624633,-0.7624634,0.16753662,-0.35246336,-1.2124634,-2.7924633,-3.0324633,-3.2524633,-4.9924636,-5.0624633,-4.8824635,-6.0924635,-5.872463,-6.182463,-4.932463,-4.1924634,-5.2424636,-3.1324635,-1.7824634,5.4675364,2.9675367,1.9075366,1.7275367,-4.2824636,-3.7224634,-2.7324634,1.1175367,-0.66246337,3.1175365,-2.9924634,-3.4124634,-2.5224633,-3.7424634,-5.2524633,-4.3624635,-4.5324636
-1.5524634,-0.25246337,4.297537,4.877537,3.2275367,-3.6424634,0.21753663,-0.20246337,0.017536622,-1.8424634,-2.1924634,-3.5424633,-2.0524633,-4.872463,-5.0724635,-7.392463,-3.2924633,-5.3524632,-6.2624636,-7.6024632,-6.0424633,-6.4924636,-4.0724635,-2.0824633,1.7075366,3.5475366,1.7875366,2.5075366,0.30753663,-0.8724634,-1.9424634,-1.4224634,-1.2524633,-0.86246336,-1.1324633,0.5475366,1.4875367,2.0075366,0.44753662,-1.7824634,-2.8824635
1.9175366,4.8475366,3.8275366,2.9875367,1.7575366,2.2075367,1.4075366,-1.8424634,0.017536622,-0.98246336,-3.2924633,-2.4924634,-6.4024634,-6.622463,-7.8124633,-6.932463,-6.6524634,-4.912463,-5.7824636,-5.412463,-3.3524635,-3.7124634,-3.5924635,-0.66246337,-2.4724634,-1.2424634,-3.3724635,-3.5324633,-4.7324634,-1.7924634,-2.1724634,-1.7924634,-2.9424634,1.0875366,-3.9624634,-1.9724634,-1.9824634,-4.0724635,-1.6624634,0.18753663,-2.3524635
4.8975368,3.5175366,3.0275366,3.1675367,2.5275366,0.95753664,-0.012463379,-2.7224634,-2.0824633,-1.7324634,-2.3124633,-0.6524634,-2.8524635,-3.3524635,-6.0524635,-6.6324635,-7.3024635,-5.432463,-4.9024634,-6.142463,-4.5224633,-3.2724633,-4.2424636,-6.4224634,-5.912463,-2.8024633,-6.0324636,-3.4624634,-4.932463,-3.7624633,-3.1224635,-2.2824633,1.4075366,0.27753663,-1.6724634,1.3175366,2.0575366,2.1975367,-0.09246338,-0.37246338,-1.4724634
3.9675367,2.1075366,0.8075366,-2.1224635,-5.2824636,-2.8024633,-1.1724634,-2.7424634,-3.0724633,-1.8924633,-1.5624634,0.17753662,-1.7824634,-3.9824634,-6.1724634,-6.8624635,-7.0724635,-5.6724634,-2.2624633,-3.1724634,-3.9124634,-3.0124633,-6.202463,-0.3924634,-1.9824634,1.1575366,-0.24246338,-3.8724635,-3.2724633,-3.7424634,-4.202463,-2.9324634,0.8175366,0.34753662,-1.6824634,2.6675367,1.3675367,3.0575366,1.6975366,2.0475366,-2.6124635
5.357537,3.2375367,1.3075366,-0.10246338,-0.67246336,-1.6624634,-4.2224636,-2.5124633,-2.5824633,-0.73246336,0.5575366,-1.7724633,2.9075365,-1.4424634,-3.6324635,-6.5524635,-6.1024632,-5.7624636,-3.9624634,-4.0124636,-2.9324634,-2.9224634,-3.1424634,-2.9924634,-1.2624633,1.2575366,0.7175366,1.7275367,-3.4324634,-3.4224634,-2.0624633,-1.8624634,-2.3924634,-3.3524635,2.5175366,-2.6324635,-0.23246337,-2.9524634,-0.8924634,4.107537,0.20753662
2.8475366,1.5475366,0.8675366,1.8575367,0.9175366,-2.7924633,-2.7724633,-1.4524634,-0.72246337,-0.37246338,1.1675366,-1.0824634,-2.8924634,-3.8724635,-5.7524633,-6.7424636,-6.5124636,-4.3624635,-3.8124633,-1.3024634,-1.9424634,-1.8524634,-2.4624634,-2.8224633,0.3575366,-0.22246338,-2.9324634,-1.7324634,-3.2624633,-5.0324636,-1.1124634,-0.7724634,-2.3824635,-5.3124633,0.8475366,-0.4824634,1.3575367,2.3975365,-0.85246336,-0.8224634,0.13753662
0.6175366,0.6275366,0.57753664,-0.40246338,-1.4324634,-2.6724634,-2.6224635,-1.1324633,0.4875366,1.7275367,1.0875366,-0.13246338,-1.7524633,-2.5024633,-5.1024632,-5.7324634,-6.162463,-5.702463,-2.1924634,-3.8024633,-3.2424634,1.0675366,-0.85246336,-0.9524634,-0.5624634,-2.6324635,-2.5924635,-0.8224634,-2.2924633,-0.99246335,-2.2224634,-0.3224634,-3.1524634,-5.9024634,-0.19246338,0.4575366,-3.6924634,-3.6224635,-0.5724634,-1.4424634,3.2275367
2.0875366,-0.24246338,1.0775366,0.12753662,-1.0024633,-1.8024634,-2.2424634,-1.6324633,0.17753662,0.4875366,0.24753661,-0.8224634,-1.3224634,-2.4224634,-3.7324634,-5.3124633,-5.5024633,-5.0324636,-4.662463,-5.5324636,-3.2924633,0.33753663,-2.3524635,-1.0624634,-3.1224635,-1.1524634,-2.0324633,-2.1124635,-3.0524633,-2.1124635,-1.7324634,-3.5124633,-4.182463,-1.1024634,1.6275367,-0.74246335,0.44753662,1.3475366,3.3875365,2.1175365,1.1675366
1.4775367,0.63753664,-0.73246336,0.46753663,-0.5224634,-1.1024634,-0.6524634,-0.9624634,-0.7024634,-0.5924634,-0.28246337,-0.11246338,-1.4124634,-2.0224633,-2.8024633,-2.9324634,-3.6424634,-4.2124634,-3.5124633,-2.5324633,-1.6124634,-2.5824633,-3.2124634,-2.9724634,-3.3424635,-2.3624635,-3.1124635,-2.3924634,-2.1124635,-1.6824634,-2.5124633,-3.8224633,-4.8324633,-5.0324636,-3.3224633,-0.33246338,-1.3024634,-0.5624634,0.7475366,-0.7824634,0.22753662
1.9875367,1.5575366,1.8975366,1.0275366,1.0875366,0.6675366,-0.082463376,0.07753662,0.69753665,0.63753664,0.21753663,-0.54246336,-0.33246338,-1.8824633,-1.9824634,-1.7324634,-1.9424634,-2.8124633,-3.1724634,-2.8324633,-1.4924634,-3.6124635,-2.4524634,-2.0224633,-3.4224634,-4.0024633,-3.9724634,-2.1424634,-2.9224634,-2.4624634,-0.8324634,-2.2224634,-3.5524633,-2.0824633,-2.7124634,1.3975366,0.41753662,0.6675366,-0.07246338,-0.27246338,-0.6424634
1.6175367,1.3775367,0.4575366,1.8475366,1.4175366,1.0675366,0.75753665,0.19753662,0.8175366,-0.10246338,-0.4224634,-0.72246337,0.69753665,0.63753664,-0.02246338,-0.46246338,-0.44246337,-0.8324634,-1.0124633,-1.5724634,-2.3424635,-2.3324633,-2.5924635,-2.6224635,-2.0124633,-3.3424635,-3.3924634,-3.8424635,-3.5524633,-2.6424634,-3.1924634,-3.2524633,-2.5724633,-3.1524634,-0.6924634,-1.0524634,3.9075365,2.9275367,1.7375367,1.4375366,-0.042463377
2.0575366,2.1075366,2.5575366,1.1175367,1.6075367,1.4075366,2.1375365,1.5075366,1.4175366,0.94753665,0.047536623,-0.6524634,-0.73246336,1.2375367,1.2275367,1.4575366,0.8675366,0.40753663,0.5375366,0.3275366,0.22753662,-0.21246338,-0.55246335,-0.9324634,-2.2224634,-2.2424634,-2.5824633,-2.7224634,-2.1224635,-3.5024633,-3.0524633,-3.0124633,-3.3124633,-1.7824634,-1.5124633,-0.3224634,-0.18246338,-0.66246337,-1.5924634,-0.37246338,-0.2924634
-0.17246337,-1.6424633,-0.37246338,1.9375366,1.9175366,2.8575366,2.5575366,2.3775365,1.9275366,1.8875366,1.4775367,-0.5224634,0.58753663,1.4375366,0.9975366,1.6875366,1.7275367,1.8675367,1.2475367,0.95753664,0.9175366,1.1775366,0.9675366,0.6675366,0.17753662,-0.15246338,-0.35246336,-0.8324634,-1.1824634,-1.4224634,-1.5524634,-1.9724634,-3.3824635,-2.0424633,-0.5224634,-1.8524634,-2.0624633,0.20753662,-1.0524634,-1.0724634,-1.0624634
1.7275367,0.9375366,-0.6424634,-3.6924634,-0.03246338,2.0275366,3.2375367,2.7575366,2.9875367,3.0175366,2.8475366,2.3775365,1.1975366,-0.28246337,1.3675367,2.2275367,1.7875366,1.6675366,1.9375366,1.9675366,1.5475366,1.6375366,2.3075366,1.5575366,1.5275366,1.9675366,1.5375366,0.21753663,-0.002463379,-0.34246337,-0.35246336,1.6675366,0.6175366,-0.79246336,-2.1824634,-1.1224633,0.7275366,0.0075366213,0.36753663,0.5975366,-0.9424634
