wind_kz.json
{"header": {"discipline":0,"disciplineName":"Meteorological products","gribEdition":2,"gribLength":1102,"center":7,"centerName":"US National Weather Service - NCEP(WMC)","subcenter":0,"refTime":"2023-09-29T12:00:00.000Z","significanceOfRT":1,"significanceOfRTName":"Start of forecast","productStatus":0,"productStatusName":"Operational products","productType":1,"productTypeName":"Forecast products","productDefinitionTemplate":0,"productDefinitionTemplateName":"Analysis/forecast at horizontal level/layer at a point in time","parameterCategory":2,"parameterCategoryName":"UnknownDiscipline_0_Category_2","parameterNumber":3,"parameterNumberName":"UnknownParameter_D0_C2_3","parameterUnit":"Unknown","genProcessType":2,"genProcessTypeName":"Forecast","forecastTime":300,"surface1Type":103,"surface1TypeName":"Specified height level above ground","surface1Value":10.0,"surface2Type":255,"surface2TypeName":"Missing","surface2Value":0.0,"gridDefinitionTemplate":0,"gridDefinitionTemplateName":"Latitude_Longitude","numberPoints":615,"shape":6,"shapeName":"Earth spherical with radius of 6,371,229.0 m","gridUnits":"degrees","resolution":48,"winds":"true","scanMode":64,"nx":41,"ny":15,"basicAngle":0,"lo1":47.0,"la1":41.0,"lo2":87.0,"la2":55.0,"dx":1.0,"dy":1.0}, "data":
[rows 0 to 14 of 15, columns 0 to 40 of 41]
0.5458203,-2.8841796,1.9558203,8.395821,3.9858203,3.7158203,1.7158203,0.9658203,0.13582031,0.9058203,0.6058203,0.7458203,0.18582031,-1.1241797,-1.7741797,-2.6241796,-3.7741797,-2.3141797,-2.8841796,-1.4841797,-2.0841796,-2.2641797,0.8258203,0.3458203,-1.4041797,-0.19417968,-0.3141797,1.0858203,0.3458203,1.1658204,-1.8641797,-1.7041796,-0.3341797,-1.2041796,-2.1941798,-4.5141797,-3.7041798,-0.23417969,1.9858203,1.0858203,1.1658204
3.4758203,1.6658204,4.8858204,9.05582,6.2158203,4.89582,1.0058203,1.8458203,1.9658203,1.6458203,0.9758203,0.29582033,0.45582032,-0.2141797,-2.1141796,-2.5641797,-1.8941797,-2.0941796,-3.3741796,-3.5041797,-3.4341798,-1.9341797,0.4058203,1.3558203,0.04582031,0.07582031,-1.3941797,1.3758203,0.32582033,2.1058204,2.4158204,3.3658204,1.2858204,-1.0641797,-3.3741796,-1.0741796,0.1758203,-1.4041797,-0.3141797,-3.5241797,1.2258203
-0.55417967,1.0958203,8.59582,6.7358203,3.9558203,2.5258203,2.0158203,2.3458204,2.3458204,1.9058204,2.0758202,1.8658203,0.8558203,-0.054179687,-0.93417966,-1.5341797,-1.7241797,-1.9341797,-2.2141798,-3.1141796,-3.8041797,-1.4141797,-2.5641797,-0.2541797,0.26582032,-0.20417969,0.2758203,-0.29417968,-0.4941797,1.1558204,2.0158203,0.9158203,1.6858203,-1.0041797,0.095820315,0.7758203,1.6458203,0.6558203,-0.014179688,-0.24417968,1.5758203
0.48582032,3.3458204,4.85582,4.12582,2.1858203,2.2858202,2.3558204,3.4458203,3.0158203,2.4958203,1.7058203,0.93582034,1.5258203,0.5858203,0.5758203,-0.12417969,-0.6741797,-0.9541797,-0.9441797,-1.5041797,-2.1941798,-1.6741797,1.1558204,0.87582034,0.68582034,0.8258203,-0.2541797,-0.68417966,2.2558203,1.9458203,0.6058203,-0.80417967,-1.5941796,0.4058203,-0.07417969,-2.3141797,-1.2541797,3.7258203,0.7158203,0.30582032,0.2558203
0.18582031,2.2558203,3.1958203,1.7658203,2.4658203,2.7858202,2.7658203,1.7558203,2.7158203,2.5858202,1.6158203,0.4458203,-1.3741797,-0.7941797,0.2558203,0.3758203,0.4158203,0.5158203,0.68582034,0.50582033,1.3858203,1.4358203,2.0158203,1.8058203,1.1358203,0.5558203,1.1958203,0.8958203,1.0758203,0.4658203,-0.04417969,0.5858203,3.4158204,3.7358203,-0.41417968,-1.3141797,0.7058203,-0.9841797,0.6658203,0.9058203,0.055820312
-0.1841797,-0.19417968,0.5258203,0.025820313,2.1258204,1.8258203,0.7958203,1.1958203,1.2858204,0.3458203,-0.14417969,-0.2741797,-1.4941797,-1.1441797,-1.0441797,0.3158203,0.7458203,0.7358203,0.7658203,1.6058203,2.0458202,3.2058203,3.7658203,3.3158202,3.3958204,2.7058203,2.2758203,2.5958204,3.1958203,2.9558203,2.8158202,2.0758202,2.5958204,3.2058203,2.5258203,3.7758203,3.3558204,1.9258204,1.5858203,1.8458203,2.3058202
0.94582033,1.4558203,0.7758203,-0.10417969,-0.8441797,-0.6041797,-0.35417968,-0.084179685,-0.04417969,0.15582031,-0.2841797,0.095820315,-0.15417969,-0.81417966,0.13582031,0.07582031,0.75582033,0.9658203,1.3658203,1.2858204,1.8758203,2.8358202,4.0558205,4.89582,3.9358203,3.8958204,2.2458203,3.6258204,3.6958203,3.2958202,4.2558203,2.4858203,2.7958202,2.7958202,0.6558203,-0.87417966,-3.0341797,2.1558204,-0.7241797,0.7158203,3.4358203
2.0658202,1.4458203,0.3758203,-0.054179687,0.065820314,0.24582031,0.39582032,0.6658203,0.87582034,0.04582031,0.7758203,0.7758203,-0.55417967,0.32582033,-0.4641797,0.48582032,0.9658203,1.0958203,1.5158203,2.3658204,1.0858203,1.7658203,2.9058204,4.43582,4.8658204,4.6358204,5.08582,3.4058204,4.9758205,5.43582,6.0558205,6.1358204,5.7558203,7.7158203,7.5358205,1.8058203,1.2358203,3.3058202,-1.3641797,0.7258203,-1.5341797
-1.4341797,-0.80417967,-1.0041797,-0.9541797,-0.7041797,-0.2541797,0.055820312,0.29582033,0.4158203,0.8458203,-0.13417968,0.0058203125,-0.06417969,-0.5441797,-0.13417968,-0.2741797,0.7958203,0.7858203,1.5958203,1.9058204,2.5758202,1.1658204,1.5858203,3.2858202,5.0758204,5.08582,4.8858204,4.7658205,6.2858205,4.83582,7.62582,8.59582,10.70582,9.78582,9.5158205,6.45582,3.9958203,3.8858204,4.8658204,2.9958203,-0.3741797
-1.9141797,-1.7341797,-1.8941797,-2.1241796,-2.2041798,-2.1441796,-1.8841797,-1.5841796,-0.80417967,-0.084179685,-0.24417968,-0.35417968,0.3158203,-0.99417967,-0.9641797,-0.6341797,-0.7741797,0.21582031,0.93582034,0.9258203,1.9758203,1.7958204,1.8958203,1.8958203,3.8458204,4.7558203,5.2358203,5.2158203,4.93582,5.85582,5.95582,7.6758204,8.57582,10.05582,11.355821,8.90582,4.3058205,1.2558203,4.0558205,6.4258204,5.1158204
-2.6541796,-2.1741798,-1.9441797,-2.8141797,-3.2541797,-2.9741797,-2.8041797,-2.5041797,-2.1741798,-2.0741796,-1.3341796,-0.9741797,-2.2141798,-2.5141797,-2.7641797,-2.5441797,-2.2241797,-2.0341797,-3.4541798,-0.7841797,-0.42417967,-1.3741797,-0.3741797,-0.4341797,0.5458203,1.8258203,3.3358202,4.0758204,4.8658204,4.9258204,5.5058203,6.6758204,6.7858205,6.8458204,11.45582,12.16582,6.0058203,4.3658204,8.185821,3.4158204,2.5658202
-1.7141796,-1.1641797,-1.4541796,-1.9141797,-2.4541798,-2.6741798,-3.5441797,-3.8041797,-3.9941797,-2.5041797,-3.2941797,-3.1741798,-4.3441796,-1.6541797,-3.6841798,-3.5841796,-4.95418,-4.5741796,-4.70418,-4.70418,-4.04418,-2.6241796,-2.8141797,-2.2041798,-2.1741798,-2.3141797,-3.4141798,-3.8041797,0.4458203,3.4158204,2.9858203,4.8658204,5.83582,7.6958203,8.565821,14.82582,13.7658205,9.20582,1.3358203,3.8858204,0.26582032
-1.3841797,-1.2041796,-1.9741797,-1.2141796,-0.9741797,-1.4841797,-2.3441796,-1.2641797,-4.5141797,-3.3041797,-2.3141797,-3.8241796,-2.7041798,-3.4941797,-2.6141796,-3.8041797,-3.3841796,-2.8341796,-2.8541796,-2.4641798,-2.3541796,-1.9241797,-1.4341797,-0.6941797,-1.9041797,-1.6241797,-3.1141796,-3.9141798,-2.3541796,-0.114179686,1.4258204,4.43582,6.9658203,7.12582,8.69582,10.185821,10.86582,6.0958204,6.1558204,2.6758204,3.7358203
-1.0441797,-1.2041796,-1.5141797,-1.9141797,-3.3041797,-2.5541797,-2.4041796,-3.3941796,-2.6041796,-2.7941797,-0.5441797,-0.5441797,-3.5341797,-2.2841797,-4.66418,-5.9941797,-5.8641796,-4.5141797,-4.18418,-1.0641797,-3.3441796,-1.2941797,-2.4241798,-1.6141797,-1.7741797,-2.3541796,-2.8141797,-2.7641797,-5.18418,-1.3041797,3.3158202,5.10582,6.3258204,5.87582,5.60582,6.2458205,5.8858204,6.6158204,6.7858205,4.6558204,5.0758204
-1.3141797,-2.7341797,-4.2341795,-3.0441797,-2.7241797,-2.3841796,-1.6841797,-2.2441797,-2.2041798,-1.6341797,-0.44417968,-0.9141797,-1.4841797,-4.0241795,-5.2141795,-5.3241796,-4.4741797,-3.8641796,-2.7641797,-2.7441797,-1.9441797,-0.7941797,-0.80417967,-1.8941797,-1.6041797,-1.0741796,-0.9041797,-1.9341797,-2.0241797,-1.4341797,1.0658203,5.54582,3.9758203,4.6958203,5.1758204,4.9858203,5.2758203,5.8658204,5.33582,6.3058205,4.31582
