wind_kz.json
{"header": {"discipline":0,"disciplineName":"Meteorological products","gribEdition":2,"gribLength":1025,"center":7,"centerName":"US National Weather Service - NCEP(WMC)","subcenter":0,"refTime":"2023-08-26T12:00:00.000Z","significanceOfRT":1,"significanceOfRTName":"Start of forecast","productStatus":0,"productStatusName":"Operational products","productType":1,"productTypeName":"Forecast products","productDefinitionTemplate":0,"productDefinitionTemplateName":"Analysis/forecast at horizontal level/layer at a point in time","parameterCategory":2,"parameterCategoryName":"UnknownDiscipline_0_Category_2","parameterNumber":3,"parameterNumberName":"UnknownParameter_D0_C2_3","parameterUnit":"Unknown","genProcessType":2,"genProcessTypeName":"Forecast","forecastTime":240,"surface1Type":103,"surface1TypeName":"Specified height level above ground","surface1Value":10.0,"surface2Type":255,"surface2TypeName":"Missing","surface2Value":0.0,"gridDefinitionTemplate":0,"gridDefinitionTemplateName":"Latitude_Longitude","numberPoints":615,"shape":6,"shapeName":"Earth spherical with radius of 6,371,229.0 m","gridUnits":"degrees","resolution":48,"winds":"true","scanMode":64,"nx":41,"ny":15,"basicAngle":0,"lo1":47.0,"la1":41.0,"lo2":87.0,"la2":55.0,"dx":1.0,"dy":1.0}, "data":
[rows 0 to 14 of 15, columns 0 to 40 of 41]
3.5916893,2.2116895,5.3216896,4.5416894,1.3416895,-1.3883106,3.4516895,2.4316895,2.2116895,0.85168946,-0.64831054,-1.1683105,-2.0083106,-3.3583105,-4.3183107,-5.4483104,-6.1383104,-5.9683104,-6.5983105,-5.0083103,-5.2383103,-5.028311,-4.4683104,2.6116896,4.9316893,1.4416895,1.3016895,3.2616894,-1.3983105,-4.1983104,-3.5383105,-1.6083106,-0.87831056,-7.7383103,3.4316895,0.49168944,-1.7983105,2.0716894,-3.5383105,3.3416893,-2.5183105
2.0016894,1.2216895,6.1316895,5.0016894,3.6716895,1.6116894,3.6316895,3.2016895,3.1016893,1.3516895,1.7316895,-1.0083106,-2.2783105,-2.6783106,-4.4883103,-4.9383106,-4.9383106,-5.0383105,-5.6083107,-5.9083104,-6.6683106,-7.4683104,-5.2083106,-2.6483107,1.0716895,1.6516894,1.8216895,0.0016894531,-2.6683106,-3.5183105,-2.3983107,-0.16831055,3.2216895,-1.2783105,0.42168945,5.0816894,-0.098310545,-1.1383106,2.3116894,-1.3283105,1.1016895
2.2016895,7.4016895,6.9816895,4.1916895,2.4616895,4.9316893,3.9016895,3.5516894,3.8416893,1.9316895,-0.27831054,-1.3183105,-2.1283104,-2.3783104,-4.2183104,-5.2083106,-5.6183105,-5.528311,-4.9983106,-6.0183105,-5.7283106,-3.1783106,-7.4983106,-4.2583103,-5.6283107,-4.7283106,-4.6483107,-5.1283107,-1.8183105,-1.7083106,-2.1183105,-1.7783105,-1.8583106,1.1716895,-2.0483105,-2.4383106,-1.9083105,-6.6483107,-3.0483105,1.2516894,-0.44831055
6.6116896,6.8816895,6.5816894,7.1116896,4.8516893,4.9216895,5.1116896,3.9916894,3.2116895,2.5116894,-0.15831055,-1.7883105,-4.8883104,-7.0683107,-3.9883106,-4.1883106,-5.2183104,-4.8883104,-5.2583103,-6.1883106,-5.0683107,-5.5983105,-4.9483104,-4.3783107,-3.5783105,-4.1683106,-4.3883104,-2.3283105,-3.3883104,-4.2383103,-4.278311,-2.3083105,2.0016894,1.1616894,0.06168945,1.3216895,2.5616894,-0.25831056,-2.1083105,2.6716895,1.6416894
5.6616893,5.7016892,6.5916896,1.2416894,2.8516893,4.4116893,3.6816895,4.1016893,3.7216895,2.5216894,1.5016894,0.59168947,-0.49831054,-4.6283107,-5.4783106,-4.1483107,-4.778311,-5.1883106,-4.2083106,-4.8883104,-4.4183106,-4.1583104,-3.9383106,-3.2883105,-4.6683106,-5.3883104,-3.8983107,-1.4183105,-4.2383103,-5.0683107,-2.1183105,-2.7483106,-0.41831055,-1.5783105,0.081689455,5.8816895,-5.8083105,2.8916895,-4.7983108,-6.3883104,-1.2383106
5.7316895,5.1516895,1.0316894,0.13168946,-0.7383106,-1.1383106,4.0216894,3.8116894,3.0416894,1.9316895,2.7116895,2.7616894,4.0116897,-1.3483106,-5.3483105,-3.3583105,-3.6183105,-4.2283106,-5.9083104,-5.7683105,-4.3583107,-2.8183105,-4.8783107,-4.9883103,-3.8883104,-3.2583106,-3.1883106,3.3416893,-0.25831056,-0.35831055,-0.77831054,-4.1083107,-2.8683105,-1.6983105,-1.4583106,-0.8583105,-1.0383105,-3.5083106,-2.7783105,4.3516893,-2.7483106
5.9616895,5.5516896,5.5716896,5.1016893,3.8616896,5.3116894,4.3116894,3.7216895,3.5416894,2.5516894,2.1916895,1.0116894,-0.5483105,-1.3883106,-2.2183106,-3.0283105,-3.6583107,-4.4283104,-5.1283107,-5.2683105,-5.0483108,-3.6883106,-1.6783105,-4.1583104,-5.1783104,-4.6983104,-1.9683106,-3.4683106,-3.0483105,-4.7583103,-1.5983106,0.7616894,0.5816895,1.8816894,0.16168946,2.1216896,1.0916895,0.78168947,-0.21831055,1.9416895,-3.2683105
5.9916897,5.471689,5.2516894,5.3216896,5.3116894,5.1216893,4.7316895,3.5916893,2.2416894,1.8816894,1.6616894,0.7016895,-0.058310546,-1.0583105,-1.4183105,-2.3983107,-2.8483105,-3.0183105,-3.5083106,-4.0083103,-5.7183104,-8.438311,-5.1783104,-4.1183105,-4.0983105,-5.1683106,-4.5683107,-6.2883105,-5.3483105,-4.0983105,-2.8583105,-0.62831056,-1.1383106,3.2116895,3.9616895,1.0416894,-3.1083105,0.15168945,-2.2483106,-1.6883105,0.24168946
0.67168945,0.54168946,3.8716896,3.2816894,4.3116894,4.6116896,4.2516894,1.9916894,0.17168945,1.1316894,0.44168946,0.10168945,-1.4283105,-0.68831056,-1.7883105,-2.0083106,-2.3283105,-2.1983106,-2.7883105,-3.7183106,-4.7383103,-6.3883104,-5.8983107,-6.2983108,-3.9283106,-0.5383105,-0.098310545,-2.2983105,-0.65831053,-2.4783106,-0.14831054,2.2016895,1.6716895,2.3516893,6.4916897,4.5216894,1.4116894,0.53168947,-1.4883106,-0.80831057,2.0816894
5.2816896,3.5416894,4.8416896,4.7816896,4.8316894,4.2916894,3.0616894,2.1716895,1.3616894,0.41168946,0.12168945,0.62168944,-1.1683105,-1.1683105,-1.4283105,-1.9583106,-1.8783106,-2.1883106,-3.0783105,-3.9583106,-3.1783106,-3.5183105,-5.0783105,-4.9883103,-5.1483107,0.73168945,-2.0783105,-4.2183104,-3.7283106,-1.9883106,-1.1283106,1.0916895,-1.2683105,3.0916893,2.6716895,4.1216893,2.3616896,1.0416894,1.9716895,0.7616894,1.8116895
6.0116897,4.6316895,3.4416895,3.3416893,4.2316895,3.5616894,3.3716896,2.1816895,0.9516895,0.94168943,0.5716894,-0.038310546,-0.6683105,-2.1783106,-2.4883106,-3.1683106,-3.5283105,-3.4383106,0.29168946,-2.3083105,-4.2283106,-3.3483105,-4.5683107,-5.6583104,-4.5383105,-3.1883106,-4.1483107,-3.6983106,-1.7683105,-5.2583103,-5.8883104,5.9116893,5.2416897,5.2416897,4.8216896,4.4016895,3.0116894,1.0916895,-0.28831056,-1.2383106,-1.0283105
2.9916894,4.2816896,3.8716896,3.6316895,3.1516895,3.2916894,2.5116894,1.7216895,2.0616894,1.3416895,0.23168945,-0.11831055,0.19168945,-0.80831057,-1.5183105,-2.2883105,-3.6183105,-4.3083105,-3.7183106,-4.1483107,-1.7183106,-2.8183105,-3.8483105,-4.6883106,-4.9283104,-5.7083106,-5.3483105,-6.5083103,-6.3583107,2.6416895,-4.8883104,2.7816894,2.1116896,2.2316895,0.98168945,5.0916896,0.79168946,1.1216894,0.91168946,2.0816894,-0.24831055
1.4616895,3.5216894,3.0416894,4.7416897,4.0116897,3.0116894,3.3616896,1.9316895,2.2716894,1.1216894,0.66168946,-0.36831054,-0.9183105,-1.4383105,-0.83831054,-0.9183105,-2.9583106,-3.5083106,-3.4583106,-1.6883105,0.62168944,-2.0183105,-3.2583106,-4.4083104,-5.1183105,-5.9583106,-7.0983105,-8.04831,-3.0883105,4.4916897,-0.47831056,0.30168945,2.4616895,2.0416894,2.7516894,1.9216895,0.38168946,2.2216895,2.2916894,0.97168946,1.0716895
0.97168946,0.06168945,-1.2883105,0.16168946,2.7716894,2.4516895,2.4116895,2.2516894,3.0016894,2.0616894,1.3816894,-0.64831054,-0.14831054,-0.068310544,-1.2383106,-1.7183106,-2.2683105,-2.8983107,-2.7583106,-3.2083106,-0.6683105,-0.42831054,-2.1183105,-3.5283105,-4.1483107,-5.2383103,-6.5083103,-7.0783105,-4.0983105,-3.4283106,4.1416893,2.1016893,1.8616894,2.3016894,-0.31831056,0.31168947,2.8116894,2.7716894,0.021689452,-0.28831056,-0.7883105
0.18168946,-0.10831055,4.2116895,0.97168946,2.4716895,1.3716894,1.3316895,1.8316895,2.0616894,3.0016894,2.4416895,1.1616894,0.0016894531,-0.99831057,-1.3083105,-1.9583106,-2.0083106,-2.7583106,-3.4183106,-2.1183105,0.37168944,0.24168946,-1.0883106,-2.2683105,-3.3683105,-3.4783106,-4.1383104,-5.4283104,-5.6283107,-5.8583107,-1.0483105,-0.57831055,1.9616895,2.2316895,2.8516893,2.7216895,3.1716895,0.53168947,-2.2883105,-3.1183105,-1.3083105
