wind_kz.json
{"header": {"discipline":0,"disciplineName":"Meteorological products","gribEdition":2,"gribLength":1025,"center":7,"centerName":"US National Weather Service - NCEP(WMC)","subcenter":0,"refTime":"2023-10-05T18:00:00.000Z","significanceOfRT":1,"significanceOfRTName":"Start of forecast","productStatus":0,"productStatusName":"Operational products","productType":1,"productTypeName":"Forecast products","productDefinitionTemplate":0,"productDefinitionTemplateName":"Analysis/forecast at horizontal level/layer at a point in time","parameterCategory":2,"parameterCategoryName":"UnknownDiscipline_0_Category_2","parameterNumber":2,"parameterNumberName":"UnknownParameter_D0_C2_2","parameterUnit":"Unknown","genProcessType":2,"genProcessTypeName":"Forecast","forecastTime":120,"surface1Type":103,"surface1TypeName":"Specified height level above ground","surface1Value":10.0,"surface2Type":255,"surface2TypeName":"Missing","surface2Value":0.0,"gridDefinitionTemplate":0,"gridDefinitionTemplateName":"Latitude_Longitude","numberPoints":615,"shape":6,"shapeName":"Earth spherical with radius of 6,371,229.0 m","gridUnits":"degrees","resolution":48,"winds":"true","scanMode":64,"nx":41,"ny":15,"basicAngle":0,"lo1":47.0,"la1":41.0,"lo2":87.0,"la2":55.0,"dx":1.0,"dy":1.0}, "data":
[rows 0 to 14 of 15, columns 0 to 40 of 41]
4.9803076,0.86030763,3.7703075,-0.5996924,-2.1796923,-3.3696923,-2.4996924,-3.9396925,-4.759692,-1.4996924,-1.3196924,-0.5696924,0.23030762,1.8503076,0.7503076,-1.5496924,-1.0996923,-0.5596924,-1.0696924,0.49030763,-2.4396925,-2.8096924,-2.2496924,-2.4696925,-0.06969238,-2.0396924,-2.4696925,-0.15969238,1.2503076,0.7503076,0.91030765,2.2903075,0.46030763,-0.21969238,-3.4496925,-4.049692,-5.1996922,-3.9796925,-2.5996923,-0.6096924,-2.2896924
-0.09969238,0.91030765,3.3703077,-3.3496923,-4.5196924,-4.1996922,-3.1296923,-4.469692,-2.9396925,-1.4596924,-0.6196924,-3.6796923,-2.2596924,-1.3696923,0.5303076,0.8303076,0.47030762,0.030307617,-0.4596924,-2.4196923,-3.0696924,-2.4796925,-1.1496924,-2.9296923,-0.46969238,1.4103076,-0.27969238,0.7003076,-1.1896924,0.0103076175,0.12030762,0.8203076,1.3203076,-2.3796923,0.25030762,-0.04969238,-0.7796924,-0.17969239,0.22030762,0.7703076,1.1903076
-0.039692383,6.3903074,2.6303077,-0.27969238,-2.4696925,-1.3496923,-2.4196923,-1.4496924,-1.7496924,-0.7296924,-0.13969238,0.6803076,-0.27969238,0.73030764,2.3603077,2.1603076,0.54030764,0.24030761,1.7603077,-1.5596924,-1.9796923,-0.9096924,-0.7896924,-1.0596924,0.2903076,-1.2596924,-2.1796923,-1.2896924,-2.6096923,-0.19969238,0.23030762,1.8003076,-0.3996924,-0.8696924,-0.25969237,-1.2596924,0.86030763,0.12030762,1.9403076,-1.3896924,2.7603076
1.9903076,4.470308,4.280308,3.4303076,0.020307617,0.21030761,1.2903076,0.98030764,1.9403076,1.2103076,1.9603076,1.3103076,2.8703077,4.280308,4.6203074,3.6903076,2.9203076,0.2603076,2.0703077,-1.3096924,-1.7896924,-0.12969238,-2.5396924,-3.6596923,-3.1896925,-3.2096925,-1.8196924,-2.5296924,-1.5996923,-3.0696924,-3.0596924,-5.3496923,-2.9696925,-3.2096925,-2.6296923,-2.6796923,-1.8796924,2.1303077,1.6103076,0.6403076,-1.2296923
3.6503077,3.7003076,3.8403077,4.1103077,2.3103075,3.0203075,1.5203077,3.5403075,4.4003077,3.3303077,3.4603076,3.2903075,5.2703075,6.6703076,6.3303075,3.8403077,3.9903076,0.80030763,-0.8596924,-2.0796924,-2.7696924,-3.0296924,-4.2896924,-4.4396925,-4.8396926,-4.719692,-5.3796926,-3.9096923,-4.8196926,-3.6396923,-2.8596923,-2.4296923,-2.6196923,0.9603076,2.0103076,0.090307616,1.7603077,2.0103076,1.9603076,2.8903077,3.2603076
2.1803076,2.3503077,3.1703076,4.220308,4.2303076,2.7003076,1.9003077,3.7703075,2.6803076,3.3603077,2.4503076,3.2003076,5.4203076,6.200308,3.8703077,3.7603076,3.5403075,-0.7996924,-3.0896924,-2.5196924,-2.9096923,-2.6396923,-3.1596923,-4.6596923,-5.2896924,-5.6396923,-3.6896925,-5.7496924,-4.5896926,-3.7796924,-3.2896924,-3.2596924,-3.4796925,-2.4896924,-1.7596924,-4.2296925,-0.7596924,-1.7396923,1.9903076,3.1003077,4.030308
1.7603077,2.4403076,3.9403076,2.8103075,2.8203077,3.2903075,2.5903077,2.6003077,3.3803077,2.5903077,2.4103076,3.3803077,4.240308,4.1503077,1.9303076,2.0903077,3.0803077,-1.8596923,-3.2496924,-3.0596924,-1.9796923,-2.5396924,-3.1196923,-3.6296923,-3.9696925,-4.0396924,-3.2596924,-3.1696923,-3.2696924,-2.8896923,-3.0296924,-2.9996924,-2.3896923,-2.8196924,-3.1796923,-1.9196924,-0.8696924,1.5303077,-2.7796924,0.9903076,0.37030762
2.4503076,2.6403077,2.5903077,2.8903077,3.4703076,3.1103077,2.8503077,2.3303077,3.1603076,3.1703076,3.6003077,3.6503077,2.9303076,2.3403077,2.4503076,1.8903077,2.1803076,-0.15969238,-2.5896924,-3.5496924,-1.3796924,-2.3896923,-1.3596923,-2.2496924,-2.4496925,-1.4296924,-1.4196924,-1.3296924,-1.0096924,-1.7796924,-1.3096924,-0.15969238,-1.9096924,-0.69969237,-0.9296924,-0.28969237,3.0761719E-4,-0.3596924,1.6903076,2.0003076,-0.43969238
3.2103076,3.6103077,3.6103077,3.2103076,3.1003077,3.2403076,2.8603077,3.4903076,3.3703077,3.1503077,3.8603077,3.6203077,3.2203076,2.4203076,2.4903076,2.0803077,2.6003077,1.6703076,-1.2496924,-1.9196924,-2.1596923,-1.2896924,-1.2796924,-1.1096923,-0.70969236,-1.1796924,-1.1196923,-0.88969237,-0.19969238,-0.40969238,0.07030762,1.1303077,1.1703076,-1.6596924,-1.1796924,-1.5296924,-0.119692385,-1.4296924,-1.0996923,0.10030761,-1.6696924
2.9903076,3.0403075,3.3803077,3.7003076,3.8303077,3.4803076,3.1603076,3.3603077,4.3103075,4.470308,4.4403076,3.0303075,3.3103075,3.3703077,2.8703077,2.4903076,2.8303077,2.2603076,0.9603076,-1.0796924,-0.25969237,0.47030762,-0.6096924,-0.4596924,-0.7196924,-0.64969236,0.04030762,0.5203076,0.60030764,1.3803077,1.1203076,1.0703076,-0.079692386,-1.5196924,-1.3896924,-1.3296924,-1.6896924,-0.33969238,-1.8096924,-0.04969238,-1.2796924
3.3503077,4.1203074,3.9003077,3.8103075,3.3503077,3.2503076,4.240308,3.5003076,4.1003075,2.4003077,2.1503077,3.5703077,3.8503077,4.740308,3.3203077,2.6603076,3.1003077,2.2903075,1.5803076,-0.21969238,-0.43969238,-1.0296924,-0.28969237,-0.19969238,0.6503076,0.30030763,0.8403076,1.0903076,0.98030764,1.2103076,1.7803077,-0.30969238,-0.3596924,-0.5396924,-0.04969238,-1.4896923,-1.4596924,-0.04969238,-0.9796924,0.9703076,-0.9896924
1.9303076,3.0003076,3.3303077,3.3903077,3.6503077,2.9603076,3.4303076,4.0803075,3.3903077,2.3303077,3.3203077,4.4203076,4.6703076,4.470308,4.2103076,3.8603077,3.3303077,2.3003075,0.18030761,1.6803076,-0.33969238,0.22030762,-0.4296924,0.5303076,1.6203076,0.20030762,0.5603076,1.8103076,1.5603076,1.1703076,1.3803077,0.5303076,-0.19969238,-0.2996924,0.10030761,0.3503076,-0.7196924,-0.40969238,0.25030762,-0.5096924,-0.44969237
2.6403077,3.2503076,2.8703077,4.030308,3.3003075,3.6403077,2.6003077,2.4403076,3.0803077,1.8803077,2.4603076,4.6403074,4.6103077,3.8903077,3.7803075,3.7403076,3.0103076,2.1703076,1.5803076,-0.21969238,1.3903077,0.06030762,1.1203076,0.07030762,0.7403076,0.8903076,0.8203076,1.3603076,1.3903077,1.2603077,0.8203076,0.79030764,0.7503076,0.18030761,0.6303076,0.8203076,1.1003076,-0.019692384,0.17030762,0.050307617,-0.8196924
3.5503075,4.6403074,6.1203074,5.5603075,5.6903076,5.7703075,5.5603075,5.6503077,4.240308,3.5603075,2.4203076,2.8003075,3.9303076,4.5503078,3.9903076,3.4403076,4.3003078,2.3703077,2.0003076,0.60030764,0.15030761,0.050307617,-0.089692384,-0.5696924,0.14030762,-0.6196924,-0.20969239,0.9003076,1.1703076,1.0803076,1.0303077,0.80030763,0.5703076,0.61030763,0.7503076,1.1303077,0.8403076,0.67030764,-0.10969238,0.17030762,0.0103076175
3.1703076,4.720308,7.240308,4.970308,5.7303076,6.2703075,6.6203074,5.3903074,4.280308,3.9803076,2.3403077,4.220308,1.9203076,1.4603076,2.1703076,-1.4996924,-0.5496924,-0.3896924,1.6203076,1.8803077,0.34030762,1.1403077,-0.4896924,-1.0996923,0.21030761,-0.009692383,0.24030761,0.8103076,0.43030763,1.4003077,1.3203076,0.9703076,0.9003076,1.0303077,1.1303077,1.4103076,0.5603076,1.2303076,1.0803076,1.2303076,-1.2496924
