wind_kz.json
{"header": {"discipline":0,"disciplineName":"Meteorological products","gribEdition":2,"gribLength":1025,"center":7,"centerName":"US National Weather Service - NCEP(WMC)","subcenter":0,"refTime":"2023-09-07T12:00:00.000Z","significanceOfRT":1,"significanceOfRTName":"Start of forecast","productStatus":0,"productStatusName":"Operational products","productType":1,"productTypeName":"Forecast products","productDefinitionTemplate":0,"productDefinitionTemplateName":"Analysis/forecast at horizontal level/layer at a point in time","parameterCategory":2,"parameterCategoryName":"UnknownDiscipline_0_Category_2","parameterNumber":3,"parameterNumberName":"UnknownParameter_D0_C2_3","parameterUnit":"Unknown","genProcessType":2,"genProcessTypeName":"Forecast","forecastTime":180,"surface1Type":103,"surface1TypeName":"Specified height level above ground","surface1Value":10.0,"surface2Type":255,"surface2TypeName":"Missing","surface2Value":0.0,"gridDefinitionTemplate":0,"gridDefinitionTemplateName":"Latitude_Longitude","numberPoints":615,"shape":6,"shapeName":"Earth spherical with radius of 6,371,229.0 m","gridUnits":"degrees","resolution":48,"winds":"true","scanMode":64,"nx":41,"ny":15,"basicAngle":0,"lo1":47.0,"la1":41.0,"lo2":87.0,"la2":55.0,"dx":1.0,"dy":1.0}, "data":
[rows 0 to 14 of 15, columns 0 to 40 of 41]
-0.25405517,-1.5240551,0.44594482,-8.924055,-9.764055,-9.144055,-8.434055,0.45594484,-0.7540552,1.1759448,-0.19405517,-0.41405517,-2.424055,-2.924055,-3.914055,-4.174055,-4.7440553,-2.7540553,-3.9740553,-1.8340552,-2.3840551,-2.6140552,1.7259449,-0.62405515,-1.5040551,-1.2440552,-1.1240551,1.3959448,1.0959449,0.34594482,-1.4040551,-0.55405515,-0.74405515,-1.2940552,-0.8840552,-0.68405515,-0.79405516,1.6659448,2.6559448,1.4659448,2.6259449
2.2159448,1.5459448,-3.944055,-6.384055,-7.2640553,-6.1840553,-5.344055,-3.2840552,-4.1440554,-4.6440554,-4.774055,-1.8940551,-2.8440552,-2.2540553,-4.4140553,-4.1640553,-3.0340552,-4.0140553,-4.4940553,-4.1640553,-3.434055,-4.344055,-1.0140551,1.4559448,0.36594483,0.37594482,-1.8140552,1.8259448,0.045944825,1.3059448,2.6659448,1.9959449,-0.13405518,-2.0540552,0.51594484,0.17594482,-1.1840552,-0.86405516,0.7959448,-2.5140553,1.4359448
2.335945,1.3059448,-3.0240552,-5.314055,-5.1640553,-3.0440552,-1.7440552,-1.3040552,-3.0540552,-5.5140553,-6.334055,-5.6440554,-1.0540552,-1.8540552,-2.8340552,-3.0540552,-3.444055,-3.6040552,-3.3940551,-3.4740553,-0.86405516,-2.9940553,-7.034055,-1.5440552,-0.9740552,-0.28405517,-0.9640552,0.45594484,-0.3340552,1.0759448,1.0159448,1.1859448,1.4559448,-0.014055176,-0.73405516,1.2659448,0.8459448,-0.08405518,-0.4540552,0.085944824,-0.31405517
1.5259448,1.7859448,-1.6540551,-4.194055,-3.5340552,-1.4240552,-3.5040553,-0.5240552,2.315945,0.19594483,-4.364055,-5.924055,-3.7440553,-2.8040552,-3.444055,-3.6040552,-3.5540552,-3.414055,-4.284055,-5.694055,-3.934055,-2.8040552,1.4159448,-1.5840552,-2.5540552,-3.4940553,-3.6340551,-3.0640552,-0.55405515,-2.2540553,-2.0540552,-0.8940552,-0.034055177,-0.67405516,0.06594482,-2.3240552,-0.3940552,3.1159449,0.30594483,0.5959448,-0.20405518
2.4259448,3.8859448,2.6359448,-0.60405517,-1.7140552,-2.1140552,-0.25405517,-1.3540552,1.9459448,2.075945,0.45594484,-1.9940552,-1.6140552,-3.174055,-4.524055,-3.664055,-2.3040552,-2.1340551,-2.204055,-2.3640552,-1.6840552,-1.3240552,-2.204055,-2.6440551,-2.7740552,-2.464055,-3.8940551,-2.3140552,-2.4740553,-3.0840552,-3.9940553,-0.99405515,2.1259449,3.2059448,-0.8140552,-0.37405518,1.3659449,-2.454055,-3.2740552,1.4859449,0.89594483
-1.4040551,3.035945,6.345945,4.265945,0.4159448,-0.4540552,0.33594483,-0.29405516,0.9059448,0.21594483,5.285945,2.6359448,0.70594484,-2.8540552,-3.6240551,-4.004055,-2.454055,-2.674055,-2.0640552,-1.0940552,-1.6440551,-1.3340552,-0.49405518,-1.4540552,-1.7840552,-2.9840553,-2.964055,-3.1340551,-3.3140552,-3.664055,-3.7640553,-4.294055,-2.424055,0.75594485,1.0259448,0.42594483,2.6059449,3.4959447,-0.8140552,-0.34405518,-0.55405515
-0.5240552,1.9259448,4.415945,3.085945,3.4859447,1.1359448,1.3059448,2.6359448,1.3459449,-0.9640552,3.9959447,-1.1440551,-0.5240552,-2.2640553,-2.5440552,-3.5040553,-3.0140553,-1.0040551,-1.8440552,-1.6340551,-1.8640552,-0.79405516,-0.22405517,0.6159448,0.40594482,-0.38405517,-2.3040552,-2.924055,-3.964055,-3.934055,-5.294055,-6.9340553,-6.814055,-3.1040552,-1.9240552,-1.2740551,-2.934055,-2.5740552,0.76594484,0.26594484,-0.73405516
1.9659448,-0.7040552,2.6759448,5.205945,3.4959447,2.555945,1.7959448,1.4159448,3.305945,1.7159448,-1.7240552,-0.26405516,-1.9240552,-1.3240552,-2.3940551,-3.2640553,-2.3940551,-1.3140552,-0.9640552,0.3259448,-2.424055,-2.1340551,-2.5840552,-0.9040552,0.19594483,1.0359448,0.6859448,-1.8440552,-2.674055,-4.714055,-4.194055,-3.9940553,-5.1640553,-5.094055,-1.6240551,-0.34405518,-0.40405518,1.1259449,0.085944824,0.40594482,-0.92405516
1.2259449,2.6159449,1.5359448,1.3159448,5.3359447,2.9059448,2.1359448,1.4759449,4.665945,2.075945,0.3559448,2.075945,1.3059448,-0.7140552,-2.0140553,-2.704055,-1.3540552,-0.79405516,-0.5640552,0.19594483,0.8559448,-1.6740552,-1.9140552,-1.5040551,-0.41405517,0.15594482,-0.18405518,-0.91405517,-1.7740551,-2.5540552,-3.9940553,-5.1840553,-2.714055,-2.5940552,-1.0440552,-1.3940551,-2.6240551,-1.4040551,0.81594485,-0.8240552,-3.664055
1.4659448,2.835945,2.805945,1.9659448,3.4959447,3.8759449,3.9159448,2.1359448,-1.1440551,4.305945,6.115945,3.835945,2.1259449,0.5359448,-0.8340552,-2.0940552,-0.48405516,-0.8840552,-0.8140552,-0.15405518,-0.28405517,0.22594482,0.19594483,-0.24405518,-1.0040551,-0.91405517,-1.3440552,-1.1540551,-1.9840552,-2.0740552,-2.1440551,-3.674055,-3.0140553,-3.5340552,-2.1440551,0.5459448,0.115944825,-2.1040552,-1.7040552,2.055945,2.1259449
-0.73405516,-0.8140552,3.2259448,2.5059447,2.2559447,2.3559449,4.015945,3.2159448,-1.6540551,-0.14405517,0.8059448,1.0959449,1.9259448,1.7159448,-0.35405517,-1.0640552,-1.1740552,-0.9740552,-0.22405517,-0.41405517,-0.32405517,-0.73405516,-0.4540552,-0.9440552,-1.4540552,-1.1540551,-1.3340552,-2.214055,-1.6540551,-0.8940552,-2.3740551,-3.454055,-3.0040553,-2.914055,-4.054055,-0.54405516,-0.25405517,1.6459448,0.9659448,1.0959449,0.09594482
0.23594482,-0.014055176,2.4159448,3.035945,3.0159447,4.3559446,3.6959448,1.7059448,-1.8540552,2.565945,1.3359448,0.015944824,1.0859448,0.7959448,-0.26405516,-1.1440551,-0.3640552,0.06594482,0.39594483,1.1359448,0.58594483,-0.7640552,-0.5140552,-0.9440552,-0.66405517,-1.0640552,-1.3640552,-1.3540552,-0.99405515,-1.0240551,-2.414055,-2.684055,-2.214055,-2.704055,-2.6440551,-3.204055,-2.2440553,-0.3640552,1.1059449,1.4059448,0.56594485
1.7159448,1.8759449,2.295945,2.065945,1.4959449,1.7359449,1.6959448,1.6859448,1.1759448,1.1259449,-0.32405517,-0.21405518,0.4159448,0.8559448,0.2959448,0.46594483,-0.41405517,1.1059449,0.7259448,1.0659448,1.3459449,1.1459448,0.34594482,-0.08405518,-0.9640552,-2.414055,-2.0740552,-1.1740552,0.70594484,-0.24405518,-1.4940552,-2.2940552,-2.4740553,-1.8140552,-1.6140552,-2.1040552,-2.0240552,-1.4140552,-1.9840552,-1.2940552,-0.73405516
1.5559448,1.6159449,3.7459447,2.805945,2.4659448,3.5259447,1.8759449,2.0259447,2.0159447,1.2259449,0.8059448,-0.14405517,-1.2240552,0.18594483,0.23594482,0.025944823,1.4159448,1.0859448,1.1159449,0.95594484,2.2059448,1.8259448,0.7459448,-1.0240551,-1.3640552,-1.1540551,-2.3840551,-2.1440551,-2.154055,0.39594483,0.015944824,-1.0340552,-1.3540552,-1.1540551,-0.8340552,-1.2540551,-1.1140552,-1.1740552,-1.1440551,-0.7840552,-0.54405516
0.28594482,1.0059448,3.0159447,2.4459448,3.4559448,4.785945,1.8659449,2.4759448,2.2659447,1.0059448,0.06594482,1.1759448,1.3159448,0.13594483,1.3759449,1.5759448,1.5159448,-0.47405517,0.18594483,0.3859448,0.6659448,2.2359447,1.0559448,0.06594482,-0.18405518,-0.99405515,-1.4840552,-1.4040551,-1.6040552,-1.8940551,-2.434055,-2.6340551,-2.0940552,-1.7140552,-1.5240551,-0.7140552,0.47594482,0.8559448,0.5959448,0.5559448,0.21594483
