wind_kz.json
{"header": {"discipline":0,"disciplineName":"Meteorological products","gribEdition":2,"gribLength":1025,"center":7,"centerName":"US National Weather Service - NCEP(WMC)","subcenter":0,"refTime":"2023-08-18T00:00:00.000Z","significanceOfRT":1,"significanceOfRTName":"Start of forecast","productStatus":0,"productStatusName":"Operational products","productType":1,"productTypeName":"Forecast products","productDefinitionTemplate":0,"productDefinitionTemplateName":"Analysis/forecast at horizontal level/layer at a point in time","parameterCategory":2,"parameterCategoryName":"UnknownDiscipline_0_Category_2","parameterNumber":3,"parameterNumberName":"UnknownParameter_D0_C2_3","parameterUnit":"Unknown","genProcessType":2,"genProcessTypeName":"Forecast","forecastTime":60,"surface1Type":103,"surface1TypeName":"Specified height level above ground","surface1Value":10.0,"surface2Type":255,"surface2TypeName":"Missing","surface2Value":0.0,"gridDefinitionTemplate":0,"gridDefinitionTemplateName":"Latitude_Longitude","numberPoints":615,"shape":6,"shapeName":"Earth spherical with radius of 6,371,229.0 m","gridUnits":"degrees","resolution":48,"winds":"true","scanMode":64,"nx":41,"ny":15,"basicAngle":0,"lo1":47.0,"la1":41.0,"lo2":87.0,"la2":55.0,"dx":1.0,"dy":1.0}, "data":
[rows 0 to 14 of 15, columns 0 to 40 of 41]
4.1644783,0.47447816,-3.135522,-3.7455218,-3.815522,-4.155522,-3.7555218,0.26447815,2.0744781,2.644478,-2.055522,-0.62552184,-1.3655219,0.20447814,-0.78552186,-1.1155219,-4.115522,-0.5155218,-4.1655216,-5.255522,-5.655522,-5.465522,-4.495522,-0.33552185,4.924478,1.6944782,0.9744781,1.1944782,-2.865522,0.68447816,1.1744782,3.2644782,3.394478,5.4744782,1.5944781,1.4644781,1.3244781,-0.30552185,-0.23552185,-0.7155219,-1.9655218
-2.1855218,-3.4455218,-3.365522,-4.345522,-3.865522,-2.9455218,-5.905522,-5.055522,-3.0455217,0.08447815,3.2444782,1.0244782,2.4644783,0.22447816,0.9244782,3.8444781,-0.20552185,-3.1455219,-0.92552185,-4.3755217,-5.245522,-6.615522,-2.855522,-1.6855218,1.2744782,2.5144782,2.2044783,-0.16552185,-0.40552184,-3.105522,-2.4455218,-0.10552185,1.3144782,0.14447814,2.0244782,-0.33552185,0.47447816,2.7644782,0.81447816,1.2744782,-0.81552184
-0.08552185,-0.6355218,-3.0355217,-3.6855218,-3.605522,-3.6855218,-7.285522,-6.265522,-6.5255218,-1.6155219,-0.81552184,-5.135522,-2.6855218,0.29447815,-3.6555219,2.3144782,-0.65552187,-0.56552184,-1.9055219,-3.6855218,-3.625522,-2.325522,-7.5455217,-4.6255217,-3.1755219,-2.7055218,-2.825522,-3.6555219,-5.465522,-3.4755218,-3.2755218,-2.2355218,-4.885522,1.7944782,0.23447815,5.284478,3.5544782,1.0244782,5.964478,0.82447815,0.49447814
-4.1455216,-1.8255218,-2.355522,-4.8555217,-7.0655217,-6.535522,-6.885522,-6.015522,-7.725522,-6.115522,-2.1555219,2.4744782,-4.745522,-4.3355217,-3.1555219,-5.175522,5.514478,1.0844781,-4.255522,-6.1455216,-3.4355218,-3.5155218,-3.065522,-2.5255218,-3.7455218,-5.225522,-6.255522,-4.465522,-4.1655216,-5.245522,-6.865522,-5.5655217,0.55447817,2.4744782,1.6444782,0.0044781496,0.22447816,0.70447814,-1.1455219,-2.0155218,-4.225522
1.8644781,1.3144782,-0.94552183,-3.1855218,-5.8355217,-7.075522,-7.005522,-6.095522,-7.265522,-8.005522,-6.945522,-1.5855218,-3.565522,-2.9655218,-4.675522,2.4744782,-0.43552184,-1.9555218,-5.1655216,-2.605522,-1.2455219,-0.55552185,-1.3855219,-0.86552185,-1.0455219,-3.125522,-4.675522,-8.765522,-4.505522,-4.9155216,-6.015522,-6.655522,-2.9855218,-2.4155219,1.0844781,3.0544782,-0.21552186,-0.36552185,-0.40552184,-0.49552184,-2.1455219
-0.62552184,6.1844783,4.614478,1.2244781,-2.2655218,-4.255522,-7.225522,-6.095522,-5.1255217,-5.455522,1.0644782,1.9344782,0.7344782,1.5844781,-6.015522,-1.3555218,0.52447814,2.2244782,0.70447814,1.6444782,2.7344782,-1.9155219,-2.345522,-2.4355218,-1.4755218,-1.0755218,2.7144783,-0.21552186,-4.175522,-5.155522,-4.655522,-3.9755218,-4.785522,-4.075522,-2.2855217,-1.2055218,-2.6655219,-3.805522,5.364478,1.5644782,-0.11552185
-2.6455219,-2.885522,-2.6955218,-3.375522,-3.4055219,-3.825522,-6.285522,-4.735522,-6.2755218,-5.5455217,-2.9155219,-2.5455217,6.074478,5.574478,4.8544784,2.9944782,-1.3755219,-2.4355218,1.3044782,0.43447816,0.31447816,2.124478,0.96447814,0.44447815,-0.25552186,-0.09552185,-0.7055218,-1.2455219,4.984478,3.9844782,-2.845522,-4.1255217,-4.8955216,-3.855522,-1.9355218,-0.68552184,1.4844781,-1.5355219,0.34447816,1.3244781,-2.4255219
-2.605522,-5.005522,-2.335522,-3.2255218,-2.9055219,-6.575522,-7.575522,-6.885522,-3.7155218,-4.735522,-4.825522,-2.805522,-0.45552185,1.6844782,0.14447814,2.5944781,0.01447815,-2.865522,-2.1855218,-2.135522,-1.6255219,-0.72552186,-0.74552184,-1.3755219,0.14447814,-2.845522,-4.6655216,-4.465522,-1.6555219,-2.5355217,-2.865522,-2.7855217,-3.1955218,-3.635522,-4.075522,-3.385522,-2.2855217,-0.49552184,1.3744781,0.22447816,-0.23552185
-5.405522,-5.365522,-5.865522,-6.1655216,-5.705522,-2.555522,-5.765522,-6.115522,-5.885522,-6.975522,-6.7755218,-2.2555218,-1.2455219,-0.06552185,0.63447815,1.0844781,-1.4255219,-1.4355218,-1.6855218,-3.4655218,-5.115522,-4.675522,-3.0455217,-3.2955217,1.9944781,5.1844783,-0.34552184,-0.45552185,-2.865522,-1.0155219,-2.3955219,-3.7055218,-3.4955218,-1.7055218,-1.7155218,-3.0055218,-2.5355217,-2.9455218,-2.9355218,-1.2955219,1.1744782
-4.885522,-5.1055217,-5.345522,-5.695522,-4.825522,-5.8155217,-5.9155216,-5.3355217,-5.325522,-5.0255218,-5.365522,-4.3355217,0.27447814,0.08447815,1.0444782,0.6144782,-1.2155218,-1.5955218,-4.055522,-3.595522,-7.0455217,-5.945522,-2.555522,-3.6755219,-5.575522,-3.9055219,-0.09552185,-0.11552185,-2.7455218,-2.5455217,-5.615522,-4.495522,-2.7755218,-2.0455217,-1.3155218,-1.3055218,-1.0955218,1.0144782,0.58447814,-0.50552183,-0.94552183
-3.6455219,-4.075522,-4.1655216,-4.975522,-5.005522,-5.3955216,-5.805522,-5.785522,-5.455522,-5.215522,-2.9755218,-1.8055218,-3.2255218,-3.2755218,-3.1655219,-0.38552186,-2.4055219,-4.715522,-4.6655216,-5.5655217,-4.985522,-4.265522,-4.785522,-7.285522,-4.3755217,-1.5355219,5.1644783,-0.5255219,-4.3755217,-4.745522,-4.015522,-4.205522,-2.2455218,-2.0055218,0.58447814,2.444478,0.0044781496,-0.66552186,-1.4955219,-0.87552184,-0.22552185
-3.4555218,-3.365522,-4.0455217,-3.7355218,-4.505522,-4.365522,-5.255522,-5.5455217,-5.655522,-4.955522,-2.6455219,-4.905522,-5.1255217,-5.3355217,-5.755522,-4.005522,-3.7455218,-2.7155218,-3.4255219,-3.4255219,-3.065522,-2.4055219,-4.345522,-5.0855217,-3.365522,-6.1055217,-6.035522,-6.555522,-8.045522,-3.575522,-2.335522,-3.4455218,-4.005522,-4.175522,-3.2255218,-1.9555218,3.2144783,3.0144782,-0.42552185,2.0744781,2.414478
-2.7155218,-3.7355218,-4.3555217,-3.7155218,-3.6755219,-3.1455219,-4.715522,-5.1455216,-6.455522,-5.5255218,-2.115522,-1.0955218,-2.7855217,-2.815522,-4.5455217,-4.205522,-4.495522,-3.0355217,-3.7155218,-2.4255219,-4.075522,-2.855522,-1.6055218,-2.085522,-2.6955218,-3.0255218,-3.7055218,-5.705522,-5.655522,-5.805522,-5.3355217,-5.6655216,-5.205522,-5.765522,-3.0255218,-1.3855219,-1.5655218,1.1644782,1.4044782,-2.575522,-0.05552185
-2.615522,-2.805522,-1.9255219,-2.6955218,-2.9155219,-3.6855218,-4.0655217,-5.215522,-5.505522,-5.225522,-1.6655219,-0.43552184,1.4944781,-0.38552186,-1.2855219,-2.365522,-2.9955218,-2.4555218,-1.0055219,-2.0455217,-1.7855219,-2.305522,-1.8655219,-2.9655218,-3.0355217,-3.315522,-3.4455218,-4.445522,-4.0255218,-4.8955216,-5.635522,-6.255522,-4.555522,-3.4155219,-3.2755218,-3.7455218,-3.7655218,-3.325522,-2.4755218,-1.4755218,-0.65552187
-2.115522,-2.3955219,0.74447817,-3.2255218,-2.9955218,-1.8055218,-3.4555218,-3.6655219,-4.725522,-4.6455216,-2.565522,-2.075522,-1.3155218,1.4944781,-1.2955219,-1.4755218,-2.4055219,-2.4355218,-2.7255218,-1.7555219,-2.7755218,-2.7655218,-2.7455218,-3.1855218,-3.375522,-3.9655218,-3.9455218,-3.4355218,-2.7855217,-3.4155219,-3.7855217,-3.5355217,-4.0255218,-3.7055218,-1.9555218,-0.73552185,0.39447814,-0.5855219,-1.0855218,0.22447816,1.0744781
