wind_kz.json
{"header": {"discipline":0,"disciplineName":"Meteorological products","gribEdition":2,"gribLength":1025,"center":7,"centerName":"US National Weather Service - NCEP(WMC)","subcenter":0,"refTime":"2023-09-11T00:00:00.000Z","significanceOfRT":1,"significanceOfRTName":"Start of forecast","productStatus":0,"productStatusName":"Operational products","productType":1,"productTypeName":"Forecast products","productDefinitionTemplate":0,"productDefinitionTemplateName":"Analysis/forecast at horizontal level/layer at a point in time","parameterCategory":2,"parameterCategoryName":"UnknownDiscipline_0_Category_2","parameterNumber":2,"parameterNumberName":"UnknownParameter_D0_C2_2","parameterUnit":"Unknown","genProcessType":2,"genProcessTypeName":"Forecast","forecastTime":240,"surface1Type":103,"surface1TypeName":"Specified height level above ground","surface1Value":10.0,"surface2Type":255,"surface2TypeName":"Missing","surface2Value":0.0,"gridDefinitionTemplate":0,"gridDefinitionTemplateName":"Latitude_Longitude","numberPoints":615,"shape":6,"shapeName":"Earth spherical with radius of 6,371,229.0 m","gridUnits":"degrees","resolution":48,"winds":"true","scanMode":64,"nx":41,"ny":15,"basicAngle":0,"lo1":47.0,"la1":41.0,"lo2":87.0,"la2":55.0,"dx":1.0,"dy":1.0}, "data":
[rows 0 to 14 of 15, columns 0 to 40 of 41]
-0.25267518,0.34732482,2.6173248,5.187325,4.417325,-0.43267518,-4.422675,-4.922675,-6.362675,-1.5126752,-3.0326753,-3.3326752,-3.8926752,-4.592675,-4.4926753,-4.312675,-2.732675,-2.0226753,-3.452675,-2.8826752,-3.1126752,-0.51267517,-1.4526752,-2.1026752,0.21732482,-2.0526752,-3.1426752,-3.692675,0.07732483,-0.19267517,-1.4226751,1.5073248,0.52732486,-0.38267517,-2.8326752,-3.5526752,-2.6726751,-1.4526752,0.7473248,-0.5026752,-1.9026752
1.8873248,2.1173248,1.1573248,-0.15267517,-2.3726752,-3.8926752,-3.1826751,-4.822675,-4.132675,-4.132675,-3.5726752,-4.062675,-3.982675,-3.452675,-3.0226753,-4.2626753,-2.1326752,-3.8526752,-1.7926751,-3.2826753,-3.5326753,-2.6526752,-0.70267516,-3.4326751,-0.8526752,1.2573248,-1.3526752,-1.0926752,-1.8426752,-2.1526752,-0.04267517,-0.8526752,1.4473249,-3.1226752,-0.28267518,-0.18267517,-1.1626751,0.5173248,1.0773249,1.0673249,-0.5526752
1.1973249,-0.12267517,1.4873248,-0.64267516,-3.0526752,-4.9726753,-4.0126753,-3.962675,-4.3926754,-4.332675,-4.272675,-4.652675,-4.6426754,-4.2626753,-4.002675,-4.672675,-4.1626754,-3.2926753,-3.3426752,-3.252675,-3.972675,-3.732675,-3.8626752,-3.6226752,0.59732485,-1.9126751,-1.7126752,-1.9226751,-0.90267515,-0.9826752,-2.2726753,3.1973248,-0.7526752,-0.97267514,0.71732485,-0.6826752,-1.0626751,0.40732482,-1.3326752,0.98732483,2.027325
0.72732484,1.7573248,2.057325,-1.8026751,-2.502675,-4.2226753,-2.0326753,-4.1826754,-3.8426752,-4.292675,-3.742675,-5.252675,-5.862675,-5.232675,-3.8226752,-3.6626751,-3.942675,-3.8726752,-3.6026752,-2.212675,-2.8126752,-2.492675,-1.8826752,-3.8826752,-4.382675,-4.402675,-4.152675,-8.092675,-5.562675,-5.602675,-1.6426752,-6.542675,-2.6126752,-2.732675,-2.462675,-2.502675,-2.7926753,2.3373249,1.6973249,-0.5026752,-2.462675
1.9173248,1.9473249,1.3173249,-1.2126752,-1.6526752,-2.8126752,-3.5426753,-2.482675,-3.6626751,-3.6026752,-3.712675,-4.062675,-5.0326753,-4.5326753,-2.5926752,-3.3326752,-3.0126753,-3.1726751,-3.6526752,-4.072675,-4.382675,-5.092675,-5.0526752,-4.9326754,-6.002675,-6.9126754,-7.372675,-4.9526753,-4.402675,-4.2026753,-3.3326752,-2.6526752,-2.5426753,0.40732482,-0.8526752,-0.5026752,-3.3326752,-3.6326752,-3.752675,-3.442675,-2.9126751
-0.14267518,-0.04267517,2.1473248,0.5573248,0.14732483,0.41732484,-0.7426752,0.6173248,-0.39267516,0.007324829,-0.64267516,-0.77267516,-0.9826752,-2.6426752,-2.6626751,-1.6526752,-3.0326753,-3.3726752,-3.4126751,-2.8926752,-3.6526752,-3.702675,-4.442675,-4.582675,-4.502675,-5.122675,-3.6726751,-6.122675,-4.2226753,-3.952675,-3.8226752,-3.3226752,-4.042675,-3.192675,-0.9326752,-4.2026753,-0.8526752,-3.952675,-0.52267516,-1.0926752,-0.31267518
0.28732482,0.43732482,-1.4326751,0.2573248,0.5173248,0.29732484,0.9973248,0.5673248,1.8873248,1.5673249,0.5173248,1.0973248,2.557325,1.1073248,1.4473249,0.37732482,-0.95267516,-2.3326752,-3.1826751,-3.982675,-3.462675,-2.9226751,-3.8926752,-2.8326752,-3.3426752,-3.6626751,-3.452675,-3.3026752,-2.7626753,-3.982675,-4.002675,-4.0126753,-2.4026752,-2.972675,-2.972675,-3.3626752,-1.5326751,1.4973248,-2.5826752,0.5673248,0.28732482
1.0973248,1.3773248,1.7173249,1.0373248,1.6573248,2.2173247,2.1373248,1.5873249,1.0773249,0.5173248,0.66732484,1.3273249,1.9773248,2.0873249,1.7573248,2.4473248,2.277325,0.14732483,-1.1526752,-3.3226752,-2.2826753,-3.1826751,-2.8726752,-1.8826752,-2.5426753,-1.1026752,-0.83267516,-2.2626753,-2.5426753,-2.3526752,-3.0526752,-2.1626751,-2.732675,-1.6326752,-3.3226752,-1.0026752,0.60732484,-2.9126751,-2.7826753,-2.692675,-1.4526752
1.2473248,2.257325,3.037325,3.047325,2.8973248,2.6273248,2.807325,2.257325,1.6773248,1.2573248,0.7673248,0.54732484,2.547325,1.9973248,3.1073248,1.8573248,2.4173248,1.3573248,1.5273248,0.23732483,-0.95267516,0.6973248,0.19732483,0.01732483,-0.18267517,-1.4926752,-1.7326752,-2.1026752,-0.5426752,-0.9426752,-0.5426752,-1.2126752,-0.66267514,-1.2426752,-1.1826751,-1.4226751,-0.57267517,-2.3626752,-0.77267516,-0.082675174,-1.5726752
-4.6826754,-4.312675,-4.112675,-3.5426753,-2.502675,0.8973248,2.4173248,2.6373248,3.1873248,3.057325,3.0673249,2.6273248,2.1273248,1.8373249,1.7073249,1.2973248,1.9973248,1.8273249,1.8173249,1.8873248,2.767325,1.7073249,1.4173248,1.5273248,0.6373248,-0.40267518,-0.38267517,-0.07267517,-0.22267517,0.12732483,0.097324826,0.43732482,-0.8526752,-1.4026752,-1.1226752,-1.4026752,-2.1726751,-0.18267517,-1.7126752,0.007324829,-0.8126752
-6.2026753,-5.6426754,-5.232675,-5.252675,-2.7926753,-1.9126751,-1.8826752,0.85732484,-0.5026752,2.1473248,5.017325,4.687325,3.9373248,3.3873248,3.0873249,2.307325,1.9273248,2.3173249,1.1173248,1.4773248,1.9573249,0.26732484,0.5773248,-0.12267517,0.007324829,-1.0326751,-0.32267517,0.8173248,1.2473248,2.007325,1.2273248,0.41732484,-0.26267517,0.15732484,0.08732483,-1.6626751,-1.6326752,-0.15267517,-0.8526752,0.96732485,-1.0226752
-5.402675,-3.5426753,-2.462675,-2.722675,-1.3326752,-1.1826751,-0.65267515,0.54732484,-1.8326752,0.7473248,4.2773247,3.8173249,2.507325,3.4373248,5.0673246,4.117325,3.0773249,2.4073248,1.0073248,2.2173247,1.5573249,1.0473248,0.03732483,0.26732484,0.35732484,1.1973249,0.52732486,1.9573249,2.507325,2.547325,0.53732485,0.11732483,-0.7526752,-1.6326752,-0.76267517,-1.4826752,-1.4426751,-0.71267515,-0.40267518,-0.38267517,-0.38267517
-1.3826752,-1.0826752,-1.3226752,-1.2026752,-0.25267518,-0.21267517,0.08732483,-0.31267518,-2.2626753,0.48732483,0.9373248,1.2673248,1.3373249,3.5773249,-0.09267517,-0.052675173,-0.16267517,0.47732484,0.35732484,1.3973248,0.7673248,1.0173248,0.7473248,-0.6926752,1.0673249,0.8773248,1.6073248,2.4573247,2.4373248,1.6573248,0.33732483,-0.58267516,-1.2726752,-2.242675,-1.4426751,-1.6826751,-2.212675,-0.96267515,-0.51267517,-0.24267517,-0.6326752
-0.20267516,-0.46267518,-0.64267516,0.08732483,0.8073248,1.0873249,0.9573248,0.6173248,1.1273248,1.0873249,-0.28267518,1.3573248,-1.7226752,-0.82267517,-0.36267516,0.36732483,-1.1826751,-0.8826752,1.4273248,2.8773248,0.77732486,0.43732482,0.53732485,0.32732484,-0.5026752,-0.23267516,0.59732485,1.6773248,1.6573248,1.1673248,-0.6026752,-2.1026752,-2.5826752,-2.1326752,-1.9526752,-1.8726752,-1.5526751,-1.2626752,-0.9826752,0.06732483,-0.14267518
-0.24267517,0.7473248,0.9473248,0.72732484,1.4373249,1.4473249,1.8773248,1.3273249,2.1773248,1.2073249,0.02732483,0.96732485,0.19732483,0.11732483,-0.64267516,-1.4226751,-2.0426753,-1.9426751,-0.97267514,-1.0826752,0.40732482,-0.22267517,-0.24267517,-0.47267517,-0.12267517,-0.39267516,0.5573248,0.6173248,0.19732483,-1.0226752,-2.452675,-3.242675,-2.3926752,-2.3126752,-1.2326752,-0.12267517,-0.9826752,-0.04267517,0.58732486,1.1173248,-0.45267516
