wind_kz.json
{"header": {"discipline":0,"disciplineName":"Meteorological products","gribEdition":2,"gribLength":1025,"center":7,"centerName":"US National Weather Service - NCEP(WMC)","subcenter":0,"refTime":"2023-09-27T12:00:00.000Z","significanceOfRT":1,"significanceOfRTName":"Start of forecast","productStatus":0,"productStatusName":"Operational products","productType":1,"productTypeName":"Forecast products","productDefinitionTemplate":0,"productDefinitionTemplateName":"Analysis/forecast at horizontal level/layer at a point in time","parameterCategory":2,"parameterCategoryName":"UnknownDiscipline_0_Category_2","parameterNumber":3,"parameterNumberName":"UnknownParameter_D0_C2_3","parameterUnit":"Unknown","genProcessType":2,"genProcessTypeName":"Forecast","forecastTime":300,"surface1Type":103,"surface1TypeName":"Specified height level above ground","surface1Value":10.0,"surface2Type":255,"surface2TypeName":"Missing","surface2Value":0.0,"gridDefinitionTemplate":0,"gridDefinitionTemplateName":"Latitude_Longitude","numberPoints":615,"shape":6,"shapeName":"Earth spherical with radius of 6,371,229.0 m","gridUnits":"degrees","resolution":48,"winds":"true","scanMode":64,"nx":41,"ny":15,"basicAngle":0,"lo1":47.0,"la1":41.0,"lo2":87.0,"la2":55.0,"dx":1.0,"dy":1.0}, "data":
[rows 0 to 14 of 15, columns 0 to 40 of 41]
1.5037451,0.2537451,-1.4162549,-4.136255,-4.206255,-6.336255,-7.1762547,-3.686255,-3.986255,-3.8862548,-5.746255,-6.4262547,-6.746255,-6.7362547,-7.366255,-6.936255,-5.7362547,-2.526255,-0.5262549,-0.9162549,0.7037451,0.12374511,-0.19625488,-1.4862549,-1.2262549,-1.8162549,-1.7362549,0.94374514,1.5337452,2.793745,0.29374513,-0.3362549,1.4237452,-0.5962549,0.8637451,2.3937452,2.323745,2.1137452,1.1637452,0.93374515,0.6137451
3.6537452,-0.29625487,-1.8462548,-5.766255,-6.4462547,-7.4862547,-6.896255,-2.6262548,-4.606255,-4.836255,-5.7162547,-6.106255,-6.356255,-7.0262547,-8.336255,-7.536255,-7.576255,-5.156255,-4.286255,-1.2362549,1.4837451,-1.0762548,0.20374511,1.4937451,-1.4062549,-2.0562549,-2.5862548,0.5537451,-0.3762549,1.5237451,2.783745,4.043745,-0.24625488,-1.7462549,-3.6462548,-0.4062549,-0.87625486,-1.0162549,-0.45625487,-0.8462549,0.8037451
-0.6462549,-3.916255,-7.246255,-8.496255,-7.4862547,-5.566255,-6.296255,-5.796255,-5.606255,-5.726255,-5.2162547,-6.186255,-6.516255,-7.566255,-7.2362547,-6.436255,-5.916255,-6.2562547,-4.396255,-0.81625485,2.243745,1.4637451,0.3137451,0.07374512,0.81374514,0.93374515,0.7437451,0.23374511,-0.096254885,1.3937451,2.233745,0.27374512,1.6137451,-1.0262549,-0.21625489,2.053745,2.563745,-0.3762549,0.043745115,-1.1562549,-1.0662549
0.9637451,-0.096254885,-1.7362549,-4.7362547,-2.5862548,-3.1162548,-4.096255,-4.726255,-5.376255,-5.896255,-5.366255,-4.886255,-8.726254,-10.066255,-7.546255,-6.886255,-6.106255,-6.856255,-6.306255,-1.0462549,3.233745,1.8837451,2.1637452,1.6237451,1.4137452,0.7237451,0.9537451,0.033745117,1.8137451,0.14374512,-0.38625488,-1.7262549,-0.7262549,0.033745117,-0.046254884,-1.9462548,-0.16625488,2.4237452,3.063745,0.82374513,0.6537451
-3.3962548,-3.8762548,-3.3062549,-4.286255,-4.706255,1.1537452,-0.7862549,-0.6462549,-2.8762548,-3.696255,-4.246255,-3.506255,-7.646255,-8.656255,-8.906255,-6.0062547,-6.606255,-6.9862547,-6.806255,-6.326255,0.7337451,2.973745,2.3637452,1.9937451,1.2737451,0.18374512,-0.5162549,-0.7262549,-1.5662549,0.19374512,2.4537451,1.7537451,2.1537452,2.1337452,-0.23625489,-0.9762549,0.5137451,-0.14625488,-1.0662549,0.75374514,-0.3062549
-2.756255,-1.1262549,-1.8162549,-1.9362549,-3.3762548,-3.8662548,-0.9562549,-2.1562548,-3.286255,-3.5862548,-3.036255,-3.0862548,-5.086255,-7.406255,-7.346255,-6.456255,-5.4462547,-6.0262547,-7.766255,-6.066255,0.16374512,3.773745,3.763745,2.4037452,1.3337451,0.3137451,-1.0062549,-2.036255,-1.1462549,-0.056254882,2.1637452,1.5037451,1.5737451,2.4137452,2.1037452,4.683745,2.1137452,1.8537451,0.7237451,-1.0762548,-0.5062549
-1.5762548,-2.0562549,-0.62625486,-0.7162549,-0.11625488,-1.7062548,-1.6462549,-1.5362549,-0.8362549,-1.5862548,-1.4862549,-2.0762548,-2.506255,-3.426255,-3.966255,-5.2562547,-5.746255,-5.0062547,-7.4862547,-6.136255,-3.8362548,-1.6262549,3.053745,3.243745,2.1437452,0.6437451,-0.6062549,-1.6962548,-0.5062549,1.4537451,1.0837451,0.3737451,-0.3062549,1.2437451,-0.5862549,-1.3462548,-2.936255,-0.036254883,-0.026254883,-0.4962549,2.1437452
-1.8262548,-1.2162548,-1.1362549,-0.5362549,0.19374512,0.56374514,0.6737451,1.1137451,0.8537451,-0.29625487,0.27374512,-0.18625489,-0.11625488,-1.6462549,-3.0862548,-4.536255,-4.156255,-4.0062547,-4.0262547,-4.806255,-4.206255,-4.1762547,-2.8762548,2.073745,2.803745,2.6337452,2.1837451,0.4037451,0.8937451,0.9737451,0.9537451,1.2537451,0.8537451,1.7237451,1.1837451,-0.6562549,-0.036254883,1.8237451,-1.3162549,0.4737451,-2.1062548
-1.3362548,-1.0562549,-0.99625486,-1.4262549,-0.8862549,0.42374513,1.1137451,0.8437451,0.75374514,1.4237452,1.2237451,1.1837451,0.9737451,1.1437451,-0.3462549,-1.6862549,-3.006255,-2.8562548,-2.726255,-2.536255,-2.766255,-3.416255,-4.016255,-3.8962548,-2.186255,2.243745,2.9537451,2.4537451,2.9537451,2.3537452,2.6937451,3.063745,2.3537452,4.103745,3.233745,3.243745,-1.9962549,0.56374514,1.6537452,1.4037452,-0.61625487
0.20374511,0.2537451,0.56374514,0.87374514,0.7337451,0.7037451,0.8437451,0.88374513,1.2337451,1.9037452,2.063745,2.3537452,2.043745,2.1937451,2.243745,1.0837451,0.013745117,-1.2262549,-0.7262549,-1.7262549,-1.8562549,-1.5362549,-1.6462549,-2.726255,-2.936255,-2.6262548,1.6137451,2.293745,2.3837452,2.9437451,3.0937452,3.6737452,4.043745,4.413745,3.313745,1.0537452,0.8637451,-2.226255,0.5937451,3.4337451,3.273745
-1.6362549,-0.9162549,-0.20625488,0.10374512,0.9037451,1.5037451,1.7737451,2.013745,1.9437451,2.013745,2.1537452,2.523745,2.6437452,2.213745,3.083745,3.223745,2.1637452,1.5137451,0.88374513,0.18374512,-0.3362549,-1.5562549,-1.6162549,-0.8962549,-1.4262549,-1.7562549,-2.166255,-0.096254885,2.483745,2.4337451,4.443745,3.533745,3.8537452,3.9037452,4.7837453,1.9937451,1.3037452,2.733745,1.7237451,1.8437451,0.5237451
-2.9062548,-1.9662548,-1.3162549,-0.74625486,0.09374512,0.9837451,1.2837452,2.4037452,2.4237452,2.543745,2.6537452,2.3537452,2.6537452,2.7037451,2.9237452,4.183745,3.8737452,2.6737452,2.8637452,2.053745,1.4337451,0.7137451,0.18374512,-0.61625487,0.48374513,-1.0662549,-1.1162549,-3.3362548,-0.3462549,2.3437452,4.0137453,4.733745,3.233745,3.533745,3.083745,2.6537452,1.9737451,3.283745,2.9337451,2.523745,0.93374515
-3.476255,-2.8962548,-2.1362548,-1.2062548,-1.6462549,-0.74625486,0.29374513,2.4037452,3.3837452,3.243745,2.4137452,1.8437451,3.4337451,3.463745,3.263745,3.4037452,3.6737452,4.103745,3.743745,3.4137452,3.473745,2.8437452,2.583745,1.9437451,0.013745117,-1.4962549,-2.5662549,-3.8862548,-3.8462548,1.8737451,4.353745,4.5337453,3.6737452,3.3437452,3.4237452,3.553745,3.033745,1.7137451,2.993745,1.4037452,0.81374514
-3.676255,-3.8862548,-5.4262547,-3.1462548,-2.166255,-1.7262549,-0.7562549,-0.3362549,1.1137451,2.8637452,2.293745,1.6837451,3.6837451,4.7637453,4.313745,4.2837453,4.123745,4.3237453,4.5137453,4.363745,3.983745,3.763745,3.1437452,2.763745,2.263745,0.36374512,-0.10625488,-1.2362549,-2.726255,1.7937452,3.723745,4.4937453,4.203745,4.0737453,2.783745,3.083745,2.3537452,1.5437452,1.7937452,2.0937452,1.4837451
-2.456255,-4.566255,-7.116255,-4.876255,-3.7962549,-2.436255,-2.276255,-1.6962548,-1.0862548,0.9037451,2.1537452,3.7037451,2.533745,1.2437451,4.5337453,4.5537453,4.193745,4.063745,4.653745,4.713745,4.5337453,4.3237453,3.8637452,3.573745,2.963745,2.1537452,1.0037451,0.7037451,-0.5062549,1.2937452,5.183745,6.2237453,4.483745,3.8937452,3.713745,3.553745,3.043745,2.6837451,1.9137452,2.6437452,0.75374514
