wind_kz.json
{"header": {"discipline":0,"disciplineName":"Meteorological products","gribEdition":2,"gribLength":871,"center":7,"centerName":"US National Weather Service - NCEP(WMC)","subcenter":0,"refTime":"2024-04-07T12:00:00.000Z","significanceOfRT":1,"significanceOfRTName":"Start of forecast","productStatus":0,"productStatusName":"Operational products","productType":1,"productTypeName":"Forecast products","productDefinitionTemplate":0,"productDefinitionTemplateName":"Analysis/forecast at horizontal level/layer at a point in time","parameterCategory":0,"parameterCategoryName":"UnknownDiscipline_0_Category_0","parameterNumber":0,"parameterNumberName":"UnknownParameter_D0_C0_0","parameterUnit":"Unknown","genProcessType":2,"genProcessTypeName":"Forecast","forecastTime":300,"surface1Type":1,"surface1TypeName":"Ground or water surface","surface1Value":0.0,"surface2Type":255,"surface2TypeName":"Missing","surface2Value":0.0,"gridDefinitionTemplate":0,"gridDefinitionTemplateName":"Latitude_Longitude","numberPoints":615,"shape":6,"shapeName":"Earth spherical with radius of 6,371,229.0 m","gridUnits":"degrees","resolution":48,"winds":"true","scanMode":64,"nx":41,"ny":15,"basicAngle":0,"lo1":47.0,"la1":41.0,"lo2":87.0,"la2":55.0,"dx":1.0,"dy":1.0}, "data":
[rows 0 to 14 of 15, columns 0 to 40 of 41]
288.6592,283.0592,287.3592,282.6592,283.5592,284.6592,289.75922,292.4592,291.9592,292.6592,290.5592,292.0592,291.4592,292.4592,292.0592,290.75922,290.4592,289.75922,290.6592,287.3592,287.8592,286.1592,284.9592,280.75922,286.75922,287.25922,285.9592,272.3592,271.4592,272.3592,267.1592,268.0592,281.4592,287.5592,287.5592,286.8592,287.6592,287.3592,287.1592,287.5592,287.0592
272.3592,287.25922,282.9592,283.0592,283.3592,283.8592,292.4592,291.3592,290.5592,290.25922,291.0592,290.6592,291.25922,291.25922,291.5592,293.1592,291.25922,289.9592,288.3592,288.0592,287.8592,285.3592,281.0592,277.25922,266.1592,272.8592,280.9592,273.25922,274.75922,269.25922,272.9592,255.65921,271.25922,251.15921,260.0592,283.4592,282.0592,284.4592,287.1592,279.9592,279.3592
287.1592,282.75922,282.6592,283.0592,283.25922,292.0592,291.5592,290.5592,289.6592,289.3592,288.4592,289.5592,290.0592,290.1592,289.5592,290.1592,289.1592,287.6592,286.4592,286.5592,286.8592,286.5592,284.75922,277.3592,279.8592,280.25922,284.0592,284.9592,283.75922,275.6592,268.25922,269.4592,278.4592,277.3592,278.6592,277.0592,267.1592,274.1592,273.0592,269.1592,266.6592
285.75922,284.0592,282.75922,282.75922,285.4592,291.1592,291.25922,289.75922,289.6592,289.0592,288.4592,287.25922,286.4592,286.9592,288.75922,289.1592,287.6592,287.6592,286.3592,285.6592,285.25922,279.25922,283.1592,283.1592,283.4592,282.75922,282.75922,281.1592,280.75922,281.8592,282.1592,281.9592,284.75922,286.6592,284.9592,281.5592,272.1592,267.8592,273.75922,279.4592,281.1592
285.9592,284.9592,283.75922,284.25922,287.6592,292.0592,292.4592,291.25922,289.8592,289.0592,288.6592,286.8592,285.9592,285.75922,283.9592,287.1592,286.3592,285.25922,284.1592,283.5592,283.6592,284.0592,283.1592,283.3592,282.1592,281.25922,279.5592,280.0592,281.6592,281.25922,281.4592,279.0592,270.3592,260.4592,277.3592,281.3592,280.6592,283.9592,282.5592,282.6592,280.75922
288.5592,291.3592,285.1592,283.75922,282.3592,282.9592,291.3592,291.9592,290.3592,289.3592,289.8592,288.9592,285.25922,284.9592,280.5592,286.8592,286.4592,284.4592,283.6592,282.6592,281.6592,280.75922,280.4592,280.3592,280.75922,279.3592,279.6592,271.6592,280.1592,279.8592,278.25922,278.3592,275.75922,274.75922,273.1592,274.25922,270.9592,272.0592,278.0592,279.6592,278.5592
290.25922,290.3592,290.9592,290.4592,286.9592,290.8592,291.5592,291.0592,290.3592,290.25922,289.1592,288.0592,289.1592,286.1592,285.5592,285.5592,284.8592,283.5592,281.8592,280.8592,279.6592,279.75922,279.3592,278.3592,277.0592,277.3592,276.6592,277.1592,276.4592,276.1592,275.4592,275.8592,275.75922,275.3592,275.4592,274.5592,270.4592,266.8592,260.0592,265.25922,273.5592
290.1592,289.8592,292.0592,291.75922,290.8592,291.0592,290.9592,289.5592,288.4592,291.6592,288.75922,289.25922,288.9592,286.8592,284.25922,283.4592,282.8592,281.4592,280.4592,278.8592,277.9592,277.25922,276.6592,276.0592,274.6592,272.3592,272.3592,273.25922,271.5592,273.1592,272.3592,272.5592,272.25922,271.0592,271.75922,272.1592,274.0592,271.8592,274.0592,273.8592,272.1592
289.4592,289.1592,290.0592,289.8592,289.75922,289.75922,289.0592,288.6592,288.4592,288.4592,287.1592,286.8592,286.75922,284.1592,282.1592,281.3592,279.8592,281.0592,281.3592,280.6592,276.25922,275.1592,275.1592,274.3592,272.5592,272.4592,271.25922,271.1592,271.0592,270.3592,270.5592,270.5592,270.4592,271.4592,271.4592,270.6592,271.1592,271.4592,253.5592,256.8592,261.25922
287.5592,288.25922,287.8592,287.9592,288.1592,288.4592,287.75922,287.5592,287.5592,286.8592,285.3592,284.75922,284.4592,282.5592,281.4592,280.3592,279.6592,282.6592,282.1592,277.8592,276.3592,275.0592,274.5592,273.9592,273.5592,271.8592,271.6592,271.4592,271.4592,271.25922,271.25922,272.0592,272.0592,271.9592,272.25922,272.3592,271.25922,268.75922,262.0592,265.25922,264.0592
287.0592,287.1592,286.8592,287.5592,287.3592,287.4592,287.1592,287.0592,287.9592,286.0592,284.3592,283.8592,283.3592,284.75922,283.3592,280.0592,282.1592,282.0592,281.6592,277.6592,276.0592,274.6592,274.0592,273.75922,273.0592,272.3592,271.8592,271.3592,271.0592,272.3592,272.4592,271.6592,271.8592,271.5592,271.9592,272.4592,268.9592,267.9592,270.4592,268.3592,265.8592
285.75922,287.1592,287.25922,287.25922,286.5592,286.6592,286.3592,286.1592,286.75922,285.3592,283.5592,282.1592,282.4592,280.9592,280.8592,281.6592,280.8592,280.25922,279.4592,276.6592,274.0592,272.9592,272.9592,272.5592,272.1592,271.8592,272.0592,273.1592,272.6592,272.75922,271.5592,271.8592,271.1592,271.9592,272.5592,273.75922,273.3592,273.1592,272.5592,273.6592,273.25922
285.6592,285.8592,287.3592,287.1592,287.25922,286.8592,286.0592,287.8592,285.0592,284.25922,282.25922,279.75922,281.9592,280.1592,279.75922,279.3592,279.1592,279.3592,276.9592,274.5592,273.4592,272.25922,272.1592,272.0592,272.1592,272.1592,271.75922,271.6592,271.75922,272.25922,271.9592,271.8592,272.1592,273.1592,273.5592,273.25922,274.0592,273.9592,273.1592,273.0592,273.3592
285.0592,286.25922,278.3592,286.6592,285.8592,285.9592,285.1592,285.1592,284.8592,283.6592,282.1592,279.9592,279.25922,278.9592,278.6592,278.75922,278.9592,276.1592,274.75922,273.6592,273.25922,272.5592,272.0592,271.9592,272.0592,272.0592,272.0592,271.9592,271.9592,272.3592,272.3592,272.3592,272.3592,272.25922,272.4592,272.6592,272.6592,273.0592,273.8592,273.0592,273.75922
287.6592,285.75922,273.25922,285.8592,285.75922,285.6592,285.1592,284.4592,283.9592,283.1592,282.25922,278.75922,277.1592,277.3592,277.6592,278.5592,275.1592,273.4592,273.4592,272.5592,271.9592,271.8592,271.8592,272.0592,271.75922,271.75922,270.9592,271.25922,271.1592,271.4592,272.1592,272.0592,272.5592,272.3592,271.5592,271.75922,271.5592,271.5592,272.3592,272.3592,271.8592
