wind_kz.json
{"header": {"discipline":0,"disciplineName":"Meteorological products","gribEdition":2,"gribLength":1025,"center":7,"centerName":"US National Weather Service - NCEP(WMC)","subcenter":0,"refTime":"2023-08-20T12:00:00.000Z","significanceOfRT":1,"significanceOfRTName":"Start of forecast","productStatus":0,"productStatusName":"Operational products","productType":1,"productTypeName":"Forecast products","productDefinitionTemplate":0,"productDefinitionTemplateName":"Analysis/forecast at horizontal level/layer at a point in time","parameterCategory":2,"parameterCategoryName":"UnknownDiscipline_0_Category_2","parameterNumber":3,"parameterNumberName":"UnknownParameter_D0_C2_3","parameterUnit":"Unknown","genProcessType":2,"genProcessTypeName":"Forecast","forecastTime":120,"surface1Type":103,"surface1TypeName":"Specified height level above ground","surface1Value":10.0,"surface2Type":255,"surface2TypeName":"Missing","surface2Value":0.0,"gridDefinitionTemplate":0,"gridDefinitionTemplateName":"Latitude_Longitude","numberPoints":615,"shape":6,"shapeName":"Earth spherical with radius of 6,371,229.0 m","gridUnits":"degrees","resolution":48,"winds":"true","scanMode":64,"nx":41,"ny":15,"basicAngle":0,"lo1":47.0,"la1":41.0,"lo2":87.0,"la2":55.0,"dx":1.0,"dy":1.0}, "data":
[rows 0 to 14 of 15, columns 0 to 40 of 41]
2.6016674,2.0316675,-2.0983324,-4.6083326,-7.0883327,-8.808332,-3.6483326,-0.7383325,-1.9483325,-4.1183324,-4.7583327,-4.1283326,-6.2383327,-5.7883325,-6.3983326,-7.2083325,-7.1983323,-6.7183323,-5.8383327,-6.1283326,-5.8383327,-4.2383327,-5.0183325,-3.4383326,2.4016676,2.9816675,1.4116675,2.0516675,-0.5683325,0.04166748,-2.5183325,2.3516674,1.7816675,2.5916674,0.49166748,6.1416674,0.30166748,-1.1083325,-2.3983326,1.2316675,0.3516675
-2.6683326,-2.9483325,-0.95833254,-2.4983325,-3.5083325,-6.3383327,-4.7083325,-6.2083325,-2.0683324,-0.5683325,-2.6383326,-3.0083325,-3.6583326,-5.2483325,-6.5683327,-7.5983324,-6.2383327,-4.7183323,-4.7683325,-6.3483324,-4.6583323,-3.7183325,-1.8783325,-1.5583326,3.6916676,-2.0383325,-2.4583325,-0.12833253,-2.8883326,-1.7483325,3.6216674,-2.2483325,-2.8983326,2.4916675,1.3216674,3.0016675,2.9816675,3.9416676,2.7216675,2.9216676,-0.7283325
2.6416674,-1.0483326,-2.2483325,-1.0183325,0.73166746,0.02166748,0.8216675,0.80166745,0.5116675,0.7816675,-2.0283325,-3.9483325,-4.0683327,-6.6183324,-7.3383327,-7.9483323,-6.4983325,-5.3783326,-4.3183327,-3.9783325,-3.1183326,-2.1083326,-0.23833252,1.0516675,-0.9083325,-4.3583326,-4.2683325,-3.3083324,-2.8883326,2.9916675,1.9416674,-0.57833254,1.4216675,-3.9083326,9.261667,0.5616675,1.2116675,0.8416675,-0.40833253,2.3616674,-0.46833253
-5.0983324,-1.5283325,-4.3683324,-3.5183325,0.98166746,0.8316675,0.8816675,0.5216675,2.7816675,-1.1083325,-1.8683325,-2.4083326,0.98166746,0.24166748,-4.5783324,-6.2483325,-4.0183325,-3.6183326,-3.1783326,-3.9883325,-3.9983325,-1.4383326,-3.7783325,-4.6683326,-4.5183325,-2.1883326,-3.1683326,-2.9783325,-2.3483324,-1.5883325,2.4816675,2.2316675,3.0216675,0.09166748,-0.70833254,-2.6583326,-3.5583324,-1.8583325,-1.6883326,-1.6083325,-2.8783326
-3.9783325,2.7316675,0.8416675,-2.1783326,-5.4083323,-3.4083326,-2.9683325,-2.3683326,-5.9283323,-2.4683325,-0.43833253,-1.9783325,3.2516675,3.5316675,0.4516675,-2.7283325,-0.69833255,0.04166748,-1.9083325,-3.6183326,-3.6283326,-2.4583325,-2.1083326,-2.0483325,-1.9683325,-1.7883325,-1.0983325,-1.2583325,0.08166748,0.8716675,-2.0283325,-5.4083323,-3.0583324,-2.1583326,0.80166745,2.5016675,1.0716674,-2.0183325,-2.9283326,-1.0583326,-2.3783326
-2.6883326,-2.5583324,5.6416674,0.111667484,0.47166747,-1.7483325,-2.7483325,-2.3183324,-1.5783325,1.6316675,2.5416675,-0.4583325,-1.8583325,-1.7683325,4.1316676,-2.5583324,-3.0183325,-3.6883326,-2.5983324,-2.2783325,-2.1983325,-1.7483325,-1.3383325,-0.5983325,0.09166748,0.33166748,1.9616675,2.6816676,2.5416675,-5.2283325,3.2116675,-1.0583326,-3.4883325,-3.2083325,-1.6583325,-0.6183325,-2.5783324,4.5516677,3.8616674,-0.00833252,-2.0983324
-5.1083326,-4.5183325,-4.8283324,-5.6783323,-7.6683326,-6.0383325,-5.3783326,-1.7583325,-1.0383325,1.7416675,4.7416673,1.4216675,-2.1483326,-2.8083324,-2.4083326,-1.0683326,-2.8883326,-2.3683326,-3.5983324,-3.2283325,-2.8283324,-2.1183326,-0.8683325,0.08166748,1.2316675,3.0416675,2.7116675,4.5116673,7.1416674,6.4516673,2.4416676,4.5516677,2.7916675,0.40166748,0.61166745,1.3316674,0.37166747,1.9016675,0.7716675,2.4416676,-0.6783325
-5.0283327,-4.9783325,-3.6283326,-3.2983325,-4.3183327,-5.7883325,-5.6483326,-5.0683327,-4.1583323,5.6916676,0.8916675,-3.5883324,-3.1483326,-4.4483323,-1.1383325,-1.2383325,-1.5283325,-1.7883325,-4.1283326,-4.9883327,-4.8983326,-4.0583324,1.9716675,2.5816674,3.4116676,4.5316677,4.3416677,5.2616673,9.561667,8.531668,7.6416674,5.5916677,5.0416675,4.5316677,0.8716675,4.3416677,-1.0083325,0.011667481,0.08166748,-0.18833251,1.2916675
-4.6283326,-4.6083326,-5.1183324,-6.0383325,-6.2583327,-5.6583323,-4.3183327,-5.8983326,-6.7783327,1.1016675,3.8816674,-1.5483326,1.0616674,0.46166748,0.34166747,0.5016675,3.3716674,-0.15833253,-3.1683326,-5.3383327,-5.5583324,-7.5183325,-9.048332,-9.758332,-6.0883327,1.8216674,4.0316677,3.1316674,8.661668,-0.7983325,3.4916675,2.1116674,-3.1883326,-0.4283325,-4.0683327,3.0016675,1.1816674,1.3316674,1.0016675,0.15166748,-0.21833251
-4.6783323,-5.5283327,-5.7983327,-5.9183326,-5.1783323,-6.4783325,-5.2383327,-6.1283326,-4.5283327,-1.7383325,3.3516674,0.5316675,2.8616674,-0.9883325,-0.51833254,0.44166747,3.6716676,3.3016675,2.2116675,-2.1083326,-3.8283324,-5.9283323,-7.6683326,-8.698333,-6.7183323,-6.7583327,-8.628332,0.91166747,-3.4183326,-3.2083325,-3.4683325,-2.0583324,-3.7883325,-5.0483327,-2.9383326,-2.6683326,0.3216675,-1.3883325,-1.1083325,0.4816675,1.0216675
-5.5883327,-6.1183324,-6.4583325,-6.3283324,-6.1383324,-6.9183326,-7.1483326,-5.1983323,-3.8883326,-4.2983327,-0.7983325,1.0916675,0.25166747,-1.4783325,-2.5483325,-2.5383325,2.4816675,3.4616675,3.1116674,2.5016675,1.0616674,-1.2883325,-3.1883326,-4.7783327,-6.0483327,-6.7383327,-3.6083326,-3.4883325,-5.2883325,-1.5283325,-2.1983325,-1.4183326,-3.4783325,-3.5183325,-4.2283325,-2.4683325,-0.09833252,1.7816675,2.7516675,1.4516674,0.9616675
-4.1783323,-5.2283325,-4.8583326,-4.8583326,-5.9883327,-4.6283326,-6.5583324,-5.7283325,-5.5283327,-5.4583325,-0.18833251,2.5916674,1.9716675,2.2516675,-2.4883325,2.1316674,-0.06833252,4.6216674,0.08166748,2.1916676,0.5016675,-1.9483325,2.5916674,1.0716674,-1.0583326,-2.3083324,-4.4483323,-4.6483326,-2.1383326,-1.5983325,-1.0583326,-2.4583325,-1.7283325,-3.1783326,-2.6983325,-3.8283324,-4.1283326,-2.5783324,-0.76833254,1.3016675,0.16166748
-3.7083325,-4.3683324,-4.1383324,-4.5383325,-3.9583325,-3.9283326,-4.2383327,-2.6383326,-2.7183325,-2.9883325,-2.1183326,-2.3183324,1.2916675,-2.0183325,-3.0683324,-0.9883325,3.0516675,4.5316677,2.2016675,3.1616676,2.0516675,0.4816675,-2.2583325,-2.0283325,-0.5483325,-0.88833255,-0.57833254,-0.5083325,-2.6983325,-2.4383326,-2.2183325,-2.2883325,-2.5383325,-1.1783326,-0.95833254,0.011667481,-0.6883325,0.08166748,0.3916675,0.6216675,0.9416675
-3.3683326,-4.0583324,-5.7883325,-3.7783325,-4.2183323,-3.9283326,-4.7783327,-3.0583324,-3.5483325,-0.49833253,-0.27833253,-0.40833253,0.5316675,-2.6383326,-1.6683326,0.09166748,-2.3783326,4.3516674,3.8616674,1.0216675,2.5116675,3.6616676,0.19166748,-0.5383325,-1.7983326,-1.6883326,0.43166748,-1.6783326,-2.1583326,-2.5383325,-3.4283326,-4.5483327,-3.8383324,-1.2283325,-1.3483325,-1.1283325,-0.70833254,1.6116675,2.6016674,2.1216674,2.3616674
-3.6983325,-5.0183325,-5.2483325,-3.8683326,-3.3183324,-4.0983324,-3.6483326,-4.3483324,-2.1283326,-1.4883325,1.3716675,2.4616675,-0.3283325,-1.3283325,-2.8983326,-0.77833253,1.2116675,4.3416677,5.0216675,3.7916675,1.9416674,1.4316674,0.5316675,1.2316675,1.6016675,-0.6683325,-1.3583325,-1.1583325,-1.4083325,-3.7383325,-3.2383325,-3.1683326,-2.3183324,-0.37833253,-0.23833252,-0.30833253,-2.6883326,2.1716676,0.7616675,3.1716676,1.5016675
