wind.json
{"header": {"discipline":0,"disciplineName":"Meteorological products","gribEdition":2,"gribLength":1125,"center":7,"centerName":"US National Weather Service - NCEP(WMC)","subcenter":0,"refTime":"2023-06-28T06:00:00.000Z","significanceOfRT":1,"significanceOfRTName":"Start of forecast","productStatus":0,"productStatusName":"Operational products","productType":1,"productTypeName":"Forecast products","productDefinitionTemplate":0,"productDefinitionTemplateName":"Analysis/forecast at horizontal level/layer at a point in time","parameterCategory":2,"parameterCategoryName":"UnknownDiscipline_0_Category_2","parameterNumber":3,"parameterNumberName":"UnknownParameter_D0_C2_3","parameterUnit":"Unknown","genProcessType":2,"genProcessTypeName":"Forecast","forecastTime":240,"surface1Type":103,"surface1TypeName":"Specified height level above ground","surface1Value":10.0,"surface2Type":255,"surface2TypeName":"Missing","surface2Value":0.0,"gridDefinitionTemplate":0,"gridDefinitionTemplateName":"Latitude_Longitude","numberPoints":688,"shape":6,"shapeName":"Earth spherical with radius of 6,371,229.0 m","gridUnits":"degrees","resolution":48,"winds":"true","scanMode":64,"nx":43,"ny":16,"basicAngle":0,"lo1":45.0,"la1":40.0,"lo2":87.0,"la2":55.0,"dx":1.0,"dy":1.0}, "data":
[rows 0 to 15 of 16, columns 0 to 42 of 43]
0.43204102,-0.517959,-3.187959,0.81204104,1.192041,-1.257959,2.332041,1.892041,2.542041,0.442041,1.632041,0.63204104,0.18204102,-1.267959,-2.947959,-3.5279589,-3.937959,-5.707959,-6.657959,-7.447959,-9.327959,-3.197959,-3.657959,-3.647959,-3.107959,-2.337959,-2.597959,-3.447959,-2.647959,-0.827959,2.392041,3.202041,4.502041,1.992041,0.552041,-1.0879589,-1.537959,-3.787959,-0.37795898,-0.24795899,-1.097959,-0.457959,-1.107959
-1.577959,-1.7079589,-0.397959,2.312041,5.192041,3.302041,2.812041,1.112041,2.822041,1.802041,0.17204101,-0.307959,-1.877959,-1.197959,-2.2679589,-2.7679589,-4.377959,-5.187959,-6.3979588,-5.577959,-5.187959,-3.117959,-2.057959,0.45204103,0.352041,1.5320411,2.152041,0.742041,1.2920411,-1.367959,-2.577959,-2.2679589,-0.25795898,1.232041,-1.097959,-0.17795898,-0.637959,-1.767959,-3.7779589,-3.707959,-2.427959,-3.707959,0.39204103
-0.18795899,1.7920411,0.45204103,-3.437959,4.822041,6.112041,4.642041,1.902041,-0.647959,0.662041,0.24204102,-1.8379589,-1.437959,-1.297959,-0.777959,-3.697959,-4.177959,-5.377959,-5.077959,-6.717959,-4.917959,-4.787959,-5.067959,-4.967959,-3.487959,-1.9579589,2.382041,2.332041,3.812041,-2.057959,-1.437959,-2.467959,-3.567959,-4.227959,-0.887959,-1.297959,3.122041,3.582041,-3.587959,-5.547959,-6.097959,1.212041,0.872041
-2.217959,-1.897959,-2.407959,-0.077958986,6.252041,5.862041,4.372041,3.632041,0.852041,0.76204103,0.522041,-0.61795896,-2.437959,-1.887959,-2.407959,-2.467959,-3.797959,-4.887959,-4.797959,-6.257959,-5.557959,-4.567959,-3.247959,-2.977959,-6.427959,-3.907959,-3.0179589,-1.847959,-1.2179589,-1.007959,-2.107959,-4.017959,-3.747959,-0.957959,-2.587959,-0.757959,1.022041,-1.697959,-3.847959,0.14204101,-0.10795899,0.472041,-1.137959
-4.317959,-0.28795898,3.022041,5.372041,6.792041,4.712041,5.872041,3.862041,3.202041,2.252041,0.50204104,-0.14795898,-1.2179589,-3.177959,-3.757959,-5.127959,-5.677959,-4.877959,-4.437959,-4.267959,-5.527959,-5.927959,-5.027959,-5.307959,-1.797959,-1.077959,-1.057959,-0.99795896,-0.74795896,-0.67795897,-4.317959,-5.127959,-4.157959,-1.557959,2.012041,1.342041,0.51204103,2.652041,1.822041,0.282041,-3.147959,-4.007959,-4.957959
-3.427959,5.322041,7.002041,6.922041,7.422041,2.062041,3.992041,5.842041,3.702041,3.832041,2.552041,-0.25795898,-0.787959,-1.157959,-3.127959,-4.6479588,-5.207959,-5.227959,-4.767959,-3.227959,-3.367959,-3.917959,-4.197959,-5.817959,-4.357959,-2.617959,0.43204102,-0.14795898,-2.237959,-4.227959,-2.147959,-2.997959,-3.467959,-5.577959,-3.787959,-3.577959,0.312041,1.832041,-3.157959,2.662041,1.672041,-1.047959,-1.017959
2.212041,4.482041,7.472041,9.242041,3.832041,3.352041,3.322041,3.292041,5.762041,5.322041,3.492041,0.63204104,0.13204102,-1.947959,0.46204102,-1.107959,-6.307959,-5.457959,-4.727959,-4.327959,-4.267959,-4.3979588,-5.1479588,-5.417959,-6.207959,-5.797959,-4.007959,-2.2779589,-2.227959,-2.957959,-0.54795897,-0.307959,-1.867959,-2.987959,-4.787959,-4.827959,-4.447959,-1.557959,-3.167959,-5.977959,-2.597959,1.942041,6.402041
3.712041,5.962041,7.162041,6.902041,7.442041,6.272041,3.962041,4.482041,2.772041,5.232041,2.192041,-0.427959,-1.727959,-2.297959,-2.657959,-2.307959,-2.067959,-3.7679589,-4.017959,-3.737959,-3.637959,-3.507959,-4.927959,-5.507959,-6.117959,-5.857959,-4.847959,-3.917959,-3.917959,-4.707959,-1.677959,-3.637959,-3.587959,1.212041,0.022041015,-2.5179589,-1.9679589,0.46204102,1.302041,-0.647959,-4.987959,1.0420411,-0.12795898
5.502041,5.252041,6.062041,5.162041,5.262041,5.662041,4.6020412,3.2220411,1.262041,3.602041,1.272041,0.622041,-1.947959,-2.887959,-4.077959,-3.627959,-0.92795897,-0.44795898,-2.067959,-3.097959,-3.897959,-4.887959,-3.577959,-4.757959,-5.307959,-5.807959,-5.907959,-5.977959,-5.887959,-5.607959,-5.167959,-4.857959,-3.997959,-4.377959,-4.637959,-5.477959,-5.157959,-3.567959,-4.007959,-1.557959,0.36204103,1.312041,-0.06795898
4.272041,3.912041,4.262041,4.902041,4.762041,6.082041,4.452041,3.632041,3.772041,2.512041,0.40204102,-1.737959,-2.797959,-3.347959,-2.977959,-4.377959,-3.007959,-1.407959,-1.487959,-2.497959,-3.387959,-4.417959,-5.187959,-5.547959,-5.737959,-6.107959,-6.377959,-6.337959,-7.227959,-6.657959,-6.317959,-6.827959,-6.277959,-7.317959,-7.487959,-5.977959,-5.917959,-3.107959,-0.877959,-2.407959,-1.607959,-1.897959,3.892041
3.9720411,4.462041,5.372041,6.192041,4.222041,4.682041,4.902041,3.292041,2.182041,1.0320411,-1.147959,-3.077959,-2.537959,-0.19795899,-1.127959,-3.107959,-3.887959,-3.617959,-3.787959,-4.417959,-3.897959,-4.607959,-5.447959,-6.327959,-7.137959,-5.967959,-5.747959,-5.807959,-6.887959,-6.347959,-5.307959,-5.317959,-5.187959,-4.207959,-3.407959,-3.897959,-4.127959,-6.367959,-0.10795899,-1.667959,2.512041,1.882041,0.23204102
4.592041,3.522041,3.512041,2.372041,3.852041,4.232041,4.742041,4.662041,3.402041,1.102041,-1.937959,-2.867959,0.42204103,0.10204101,-0.537959,-1.377959,-3.0279589,-4.077959,-4.837959,-5.567959,-5.577959,-5.827959,-6.077959,-6.707959,-5.817959,-6.207959,-5.697959,-6.557959,-6.577959,-7.157959,-6.587959,-7.1479588,-6.987959,-6.937959,-5.8979588,-3.437959,-3.217959,-2.097959,0.682041,0.33204103,3.012041,1.402041,1.0320411
2.7220411,2.432041,3.092041,3.772041,5.272041,4.252041,3.962041,2.632041,2.702041,1.5420411,-1.2079589,-0.817959,1.602041,-0.17795898,-0.047958985,-1.747959,-3.147959,-3.187959,-4.187959,-4.657959,-4.737959,-5.707959,-5.807959,-5.817959,-5.827959,-6.547959,-6.567959,-6.827959,-7.247959,-7.257959,-6.497959,-6.407959,-5.637959,-5.547959,-4.817959,-5.447959,-3.467959,-3.5179589,0.19204101,-0.09795898,1.382041,0.792041,-1.447959
0.992041,3.312041,3.632041,5.502041,5.472041,1.892041,1.842041,2.242041,2.522041,1.572041,0.532041,-0.637959,0.34204102,0.51204103,-0.007958984,-1.867959,-2.787959,-2.687959,-2.287959,-2.997959,-4.267959,-4.287959,-4.557959,-5.477959,-6.167959,-6.237959,-6.207959,-5.937959,-6.187959,-5.987959,-6.017959,-5.787959,-5.887959,-5.787959,-5.567959,-4.227959,-3.827959,-2.427959,-1.907959,-0.23795898,1.602041,1.6620411,0.742041
3.862041,2.4720411,4.552041,5.252041,4.392041,5.012041,5.082041,3.552041,3.2320411,2.832041,2.072041,1.612041,-0.307959,0.732041,0.34204102,-1.517959,-1.9579589,-1.277959,-1.677959,-3.097959,-3.097959,-3.717959,-4.727959,-5.137959,-5.227959,-4.827959,-4.857959,-5.127959,-5.3979588,-5.447959,-5.877959,-6.497959,-6.947959,-5.287959,-4.627959,-4.367959,-4.297959,-3.827959,-1.647959,-1.787959,1.452041,0.062041014,1.432041
0.792041,1.252041,1.342041,3.242041,2.432041,5.592041,5.362041,4.162041,3.842041,3.112041,2.642041,1.472041,1.342041,-0.367959,-1.077959,-1.137959,-2.327959,-1.2079589,-2.057959,-2.477959,-3.367959,-4.107959,-4.837959,-5.047959,-5.067959,-4.827959,-4.987959,-4.977959,-5.827959,-5.667959,-5.8979588,-6.137959,-6.717959,-4.227959,-4.407959,-3.677959,-3.257959,-3.337959,-3.127959,-1.167959,-0.92795897,0.092041016,1.092041
