wind_kz.json
{"header": {"discipline":0,"disciplineName":"Meteorological products","gribEdition":2,"gribLength":1025,"center":7,"centerName":"US National Weather Service - NCEP(WMC)","subcenter":0,"refTime":"2023-09-29T12:00:00.000Z","significanceOfRT":1,"significanceOfRTName":"Start of forecast","productStatus":0,"productStatusName":"Operational products","productType":1,"productTypeName":"Forecast products","productDefinitionTemplate":0,"productDefinitionTemplateName":"Analysis/forecast at horizontal level/layer at a point in time","parameterCategory":2,"parameterCategoryName":"UnknownDiscipline_0_Category_2","parameterNumber":2,"parameterNumberName":"UnknownParameter_D0_C2_2","parameterUnit":"Unknown","genProcessType":2,"genProcessTypeName":"Forecast","forecastTime":60,"surface1Type":103,"surface1TypeName":"Specified height level above ground","surface1Value":10.0,"surface2Type":255,"surface2TypeName":"Missing","surface2Value":0.0,"gridDefinitionTemplate":0,"gridDefinitionTemplateName":"Latitude_Longitude","numberPoints":615,"shape":6,"shapeName":"Earth spherical with radius of 6,371,229.0 m","gridUnits":"degrees","resolution":48,"winds":"true","scanMode":64,"nx":41,"ny":15,"basicAngle":0,"lo1":47.0,"la1":41.0,"lo2":87.0,"la2":55.0,"dx":1.0,"dy":1.0}, "data":
[rows 0 to 14 of 15, columns 0 to 40 of 41]
-0.7381494,-0.3981494,0.5918506,-3.5281494,-2.0281494,-3.6381495,-4.2281494,-4.5381494,-4.8381495,-1.9281495,-3.2081494,-3.6981494,-3.9781494,-3.7381494,-2.7781494,-0.5681494,-0.24814941,1.0718505,-1.8081495,-0.008149414,0.43185058,0.6918506,-0.25814942,-0.21814941,-0.89814943,-2.0081494,-2.3181493,0.07185058,0.8818506,-0.23814942,-1.7281494,1.4618506,0.86185056,0.12185059,-1.8581494,-0.16814941,-0.2981494,-0.9281494,-0.94814944,-3.2181494,-2.3881495
2.1018505,0.7418506,-3.7581494,-4.4181495,-4.2081494,-5.4181495,-3.3881495,-3.9581494,-3.5181494,-2.8781495,-3.0281494,-4.0781493,-3.7081494,-2.3281493,-0.4181494,-0.09814941,1.4418505,-0.10814942,0.3318506,1.4418505,0.49185058,0.12185059,-1.0981494,-0.9681494,0.4818506,1.5418506,0.15185058,0.6818506,-0.34814942,-1.7181494,0.21185058,-1.0481495,0.0018505859,-2.1881495,0.3618506,-0.63814944,-1.0581495,-1.4281495,0.55185056,0.7418506,-3.3781495
-1.4281495,-5.0581493,-6.0581493,-4.2381496,-5.2381496,-4.6581492,-3.8481493,-1.5181494,-2.3881495,-3.1481495,-2.7581494,-2.7181494,-3.3381493,-2.1981494,-0.14814942,0.5618506,-0.3981494,1.8518506,1.5318506,-0.028149415,2.1718507,1.1318506,0.2718506,0.28185058,-0.5581494,1.1118506,2.3818505,2.5918505,0.61185056,0.7218506,-0.7181494,2.8518505,-0.6781494,-0.7281494,0.3518506,-0.94814944,-0.8481494,0.37185058,-0.63814944,0.7018506,1.7918506
-3.8581495,-6.2781496,-6.4381495,-6.6281495,-4.9881496,-2.9581494,-0.7481494,-3.2281494,-1.6881495,1.6318506,-3.2181494,-4.1381493,-4.1181493,-1.9381495,1.4518505,0.7518506,-1.7681494,0.21185058,-1.5381494,-1.0081494,-1.6881495,-0.69814944,4.4518504,3.5718505,2.8818505,2.4318507,4.031851,1.9618506,1.5818505,-0.23814942,-0.9881494,-4.8881493,-2.5781493,-2.5681493,-1.9681494,-2.1081495,-1.7881494,1.7718506,-0.37814942,-1.1681495,-1.6281494
-4.3281493,-6.7381496,-6.7581496,-6.0581493,-4.218149,-2.1781495,-2.8681495,-2.1681495,-3.1981494,-3.5981493,-3.5981493,-4.7581496,-2.7881494,-1.8181494,-2.9981494,-2.2481494,-3.9581494,-1.3781494,0.6618506,-1.8681494,-1.8181494,0.23185058,1.7318506,2.4718506,3.7818506,3.3718505,2.9718506,3.0518506,-0.27814943,-2.9581494,-3.0181494,-1.8481494,-2.8781495,0.0018505859,0.041850585,0.07185058,-2.9481494,-3.9481494,-2.9781494,-3.9681494,-4.198149
-3.4581494,-3.4481494,-4.698149,-3.8681495,-3.1481495,-2.7081494,-1.7881494,-1.7781494,-1.6281494,-3.8781495,-3.2581494,-3.9181495,-2.7081494,-3.2081494,-3.5181494,-1.8381494,-1.2981495,-0.058149412,0.08185059,-2.8881495,-2.4981494,-0.048149414,0.9318506,1.5618505,1.5918506,2.4918506,3.0818505,-6.6381493,-4.2481494,-5.9781494,-6.7581496,-5.8081493,-3.8081493,-3.0581493,-0.5981494,-3.3581495,0.2018506,-4.3781495,-0.6681494,-3.5281494,-4.0481496
-2.5681493,-2.4381495,-1.4181495,-2.4881494,-2.5281494,-3.2981493,-3.8381493,-4.198149,-4.2581496,-4.7281494,-4.1081495,-4.2881494,-3.3881495,-2.1181495,-1.9481494,-1.1981494,-1.0281494,-0.3281494,-0.8781494,-4.2381496,-2.8781495,-0.8781494,-1.2381494,-0.7881494,-2.4781494,-4.9381495,-4.6381493,-4.3881493,-7.7481494,-8.088149,-7.2781496,-3.8781495,-2.5981493,-2.1681495,-2.4381495,-2.6381495,-1.2781494,0.92185056,-2.6681495,1.7818506,-0.43814942
-0.8381494,-0.3681494,-2.8081493,-2.9981494,-3.3581495,-3.5881493,-3.9381495,-4.4881496,-3.4081495,-3.5781493,-3.6781495,-3.6681495,-2.8981495,-2.3881495,-1.2581494,-1.0881494,-2.2981493,-1.1981494,-0.6881494,-3.0781493,-2.3281493,-2.2881494,-2.8781495,-3.6281495,-6.3181496,-5.4081492,-6.0981493,-7.8481493,-8.188149,-6.8081493,-5.8581495,-3.6581495,-6.7981496,-2.5181494,-4.9781494,-1.4081494,1.4518505,-2.2381494,-2.2781494,-1.9281495,-2.0681493
-2.1481495,-1.8681494,-2.7681494,-3.0181494,-3.2881494,-3.1381495,-3.5581493,-3.3481493,-3.4681494,-2.5681493,-3.0081494,-2.5781493,-1.7781494,-2.3081493,-2.2281494,-1.0881494,-1.1381494,-1.5581495,-2.2781494,-2.8381493,-3.7381494,-3.0981493,-3.2481494,-4.4781494,-4.8581495,-7.5681496,-6.198149,-5.4881496,-5.7281494,-7.448149,-6.3081493,-3.4281495,-2.2881494,-3.0881493,-1.8681494,-0.6781494,-0.43814942,-2.1881495,-1.1181494,-0.5281494,-2.0081494
-1.4181495,-1.6981494,-1.7481494,-2.4281495,-2.4081495,-2.7581494,-3.2981493,-3.4181495,-3.3581495,-2.9181495,-2.4781494,-2.6881495,-2.1181495,-2.5681493,-2.6581495,-1.3581494,-0.8081494,-0.9381494,-1.3881494,-1.8181494,-2.4981494,-2.2781494,-3.7181494,-3.6881495,-4.6581492,-4.3981495,-7.1081495,-4.6881495,-5.1281495,-1.9481494,-3.4281495,-2.8481493,-2.7981493,-2.1281495,-0.9981494,-1.1181494,-1.4381495,-0.37814942,-2.2481494,-0.6281494,-1.0381494
-0.3681494,-0.8681494,-1.5681494,-1.7581494,-1.8281494,-2.3581495,-2.6481495,-2.9681494,-2.4981494,-2.3581495,-1.9781494,-2.9281495,-2.8881495,-2.8381493,-2.3981495,-1.8381494,-1.5781494,-1.4881494,-3.1781495,-3.3781495,-3.1881495,-3.2281494,-3.8381493,-4.2081494,-3.7881494,-4.5381494,-4.3681493,-3.7381494,-3.1981494,-2.5281494,-4.5681496,-4.1581492,-3.2981493,-2.6981494,-1.2081494,-0.7881494,-1.2381494,-0.7781494,-0.5481494,0.051850587,-0.57814944
-0.118149415,0.37185058,-0.028149415,-0.6781494,-1.2481494,-1.4381495,-1.3581494,-1.7181494,-1.1581494,-1.8381494,-1.6481494,-1.2281494,-1.8581494,-1.8581494,-0.89814943,-1.2681494,-1.3481494,-1.5781494,-2.4581494,-2.6381495,-3.5381494,-3.0781493,-3.8481493,-3.5481493,-4.0181494,-3.6781495,-3.9081495,-3.4481494,-3.0681493,-4.5881495,-3.2681494,-3.3581495,-2.2981493,-3.0081494,-2.0081494,-2.3581495,-2.9081495,-1.6481494,-0.76814944,-0.8381494,-0.51814944
1.3718506,1.1118506,1.1618506,0.28185058,0.5318506,-0.5881494,-0.82814944,-0.69814944,-0.8581494,-1.2881494,-1.0581495,-0.30814943,0.31185058,0.44185057,-0.038149413,0.7018506,0.7218506,-0.8481494,-1.2081494,-1.5381494,-1.7481494,-1.7881494,-1.3681494,-2.1681495,-2.5181494,-3.0581493,-2.7081494,-3.2481494,-3.2881494,-2.9481494,-2.6981494,-2.5881493,-2.5381494,-2.5581493,-2.1781495,-2.5181494,-2.1081495,-1.5081494,-2.8381493,-1.8181494,-1.0781494
2.0218506,0.8218506,1.0418506,2.1118505,0.25185058,0.6518506,0.6418506,0.4818506,0.6218506,-0.078149416,-1.1581494,-0.4281494,1.7018505,1.5118506,1.4318506,1.5418506,0.60185057,-0.23814942,-0.3881494,-0.9381494,-1.6581494,-1.7181494,-1.6581494,-1.6481494,-1.7281494,-1.7681494,-1.7381494,-1.4981494,-1.5281494,-1.9181495,-1.9581494,-1.8281494,-1.7281494,-1.8081495,-1.4281495,-1.6281494,-1.6681495,-1.5481495,-1.2381494,-0.8481494,-0.6281494
1.4218506,1.3618506,1.6318506,1.7918506,2.3618505,3.0918505,3.3218505,1.7418506,0.6518506,-0.13814941,-0.7381494,-0.6081494,0.091850586,0.9418506,1.8618506,1.5718505,1.2918506,1.3818506,0.2618506,-0.078149416,-0.14814942,-0.6181494,-0.51814944,-0.51814944,-0.22814941,0.0018505859,0.2618506,0.31185058,0.3318506,0.13185059,-0.3581494,-1.1881495,-0.6781494,-0.4781494,-0.2681494,0.101850584,-0.46814942,0.23185058,-0.14814942,-0.46814942,-0.7281494
