wind_kz.json
{"header": {"discipline":0,"disciplineName":"Meteorological products","gribEdition":2,"gribLength":1025,"center":7,"centerName":"US National Weather Service - NCEP(WMC)","subcenter":0,"refTime":"2024-04-07T00:00:00.000Z","significanceOfRT":1,"significanceOfRTName":"Start of forecast","productStatus":0,"productStatusName":"Operational products","productType":1,"productTypeName":"Forecast products","productDefinitionTemplate":0,"productDefinitionTemplateName":"Analysis/forecast at horizontal level/layer at a point in time","parameterCategory":2,"parameterCategoryName":"UnknownDiscipline_0_Category_2","parameterNumber":3,"parameterNumberName":"UnknownParameter_D0_C2_3","parameterUnit":"Unknown","genProcessType":2,"genProcessTypeName":"Forecast","forecastTime":0,"surface1Type":103,"surface1TypeName":"Specified height level above ground","surface1Value":10.0,"surface2Type":255,"surface2TypeName":"Missing","surface2Value":0.0,"gridDefinitionTemplate":0,"gridDefinitionTemplateName":"Latitude_Longitude","numberPoints":615,"shape":6,"shapeName":"Earth spherical with radius of 6,371,229.0 m","gridUnits":"degrees","resolution":48,"winds":"true","scanMode":64,"nx":41,"ny":15,"basicAngle":0,"lo1":47.0,"la1":41.0,"lo2":87.0,"la2":55.0,"dx":1.0,"dy":1.0}, "data":
[rows 0 to 14 of 15, columns 0 to 40 of 41]
0.63338137,-0.45661867,0.35338134,-1.2066187,-2.8666186,-2.3966186,-3.9466186,-5.4966187,-1.4066186,-0.97661865,-0.84661865,0.053381346,0.78338134,1.1633813,1.5233814,1.4633813,-0.26661864,-0.73661864,-0.06661865,-0.086618654,-0.24661866,0.7533814,-1.0766187,-2.8066187,-2.1266186,-1.6266186,-2.4666185,2.0733814,1.9233813,-0.17661865,-2.2866187,-2.0166187,-0.89661866,-0.39661866,-0.12661865,0.14338134,1.1833813,1.4233813,0.13338135,-1.4566187,-0.79661864
2.5633814,1.1133814,2.3233814,-1.9766186,-3.1966186,-3.6466186,-2.0266187,-1.1366186,-2.5766187,-2.6066186,-2.1266186,-0.40661865,-0.78661865,0.73338133,1.3933814,0.9333813,-1.0566187,1.5433813,1.1533813,1.6533813,1.4833814,1.7533814,0.77338135,1.5833813,-3.4966187,-2.4766188,-1.6666187,1.4133813,0.8133814,1.0533813,4.1533813,2.7733812,-1.5066186,0.023381347,-4.6166186,-1.5266186,-1.2566186,-2.3766186,-0.61661863,-2.3966186,-0.27661866
1.8333813,3.3133814,1.5033814,-1.6766187,-3.1466186,-3.0366187,-1.7866187,-2.0966187,-2.0066187,-2.5466187,-2.3266187,-0.59661865,1.3933814,1.9133813,2.1333814,-0.9966186,1.3633814,3.6833813,2.6133814,2.0933814,1.6033814,0.41338134,0.90338135,0.9233813,2.8333814,2.3233814,1.7233814,1.7833813,1.2533814,-0.95661867,-2.4866188,-0.07661865,-0.73661864,-0.58661866,-0.84661865,0.84338135,1.7133813,1.1433814,0.76338136,-2.5866187,-2.6966186
0.71338135,-0.086618654,-1.5166186,-1.1266186,-2.1266186,-1.2566186,-2.0166187,-1.9166187,-0.49661866,-1.8666186,-2.8366187,-2.2966187,2.5633814,4.7333813,3.3733814,0.5533813,-1.7366186,3.0833814,2.1833813,2.8333814,3.0333815,1.3733814,-0.67661864,1.6033814,2.4233813,3.0133812,3.4233813,2.5633814,4.143381,4.2633815,3.7033813,-0.71661866,2.1733813,2.3733814,-0.5766187,-0.28661865,-1.8966186,0.63338137,3.5133812,1.2733814,2.1033814
-1.6466186,-2.4666185,-1.6066186,-1.1666187,0.59338135,-0.48661864,0.33338135,0.18338135,-1.5466187,-0.116618656,-1.2366186,-2.7166185,-0.43661866,3.2733812,2.2133813,1.9233813,0.71338135,1.8533814,2.6333814,4.333381,2.9933813,-1.7166187,-1.8066187,2.2033813,1.4533813,2.6233814,3.1433814,2.9533813,2.9133813,2.0133812,-0.21661866,1.3433814,1.3533814,-2.0266187,-1.3966186,-0.38661864,0.21338135,0.6233814,2.2133813,2.8633814,1.8233813
-0.8766186,-1.4966186,-2.0666187,-2.1166186,-2.1666186,-1.8466187,0.58338135,1.5133814,1.0633813,0.54338133,-0.26661864,3.9533813,1.5733813,1.4033813,0.5033814,3.4633813,3.0033813,3.8833814,2.2933815,2.6033814,1.9533813,2.8533814,0.40338135,1.0833813,-0.86661863,-0.23661865,1.2133813,0.27338135,2.9533813,2.2833815,0.70338136,-0.35661864,2.8233814,3.3833814,3.6433814,2.2933815,2.3833814,1.1733813,1.3133813,1.2133813,1.6033814
0.57338136,0.18338135,-0.116618656,-0.76661867,-1.6466186,-1.8466187,-0.73661864,1.0833813,1.8433814,1.5233814,1.3433814,1.6033814,0.28338134,2.7333813,2.4733813,2.7933815,1.8833814,1.6233814,2.3033814,1.1733813,-0.04661865,1.5233814,1.1633813,-0.22661865,-1.6766187,-1.6466186,-1.4066186,-3.9766188,-2.4366186,-1.8266187,-1.5266186,-0.33661866,-1.1466186,0.30338135,0.60338134,-0.9466187,-3.4666185,-1.2166187,-1.4366187,-1.8766186,-1.4966186
1.0833813,0.34338135,0.023381347,0.52338135,0.52338135,-0.17661865,-2.0266187,1.8833814,1.9433813,2.1033814,3.4933813,4.1333814,3.2333813,3.7433813,3.0233812,3.1133814,2.4433813,1.4833814,0.53338134,2.5633814,-0.0066186525,0.91338134,-1.5366187,-0.91661865,-1.9666187,-2.0666187,-1.6666187,-2.4466186,-2.1766186,-2.7466187,-1.8966186,-1.8366187,1.7333814,1.3833814,2.0633814,1.0033814,-0.32661864,0.33338135,1.0633813,1.5133814,-1.6066186
-0.5766187,-0.89661866,-0.21661866,-0.43661866,0.053381346,-0.22661865,-0.80661863,1.6533813,2.0933814,3.3433814,3.2733812,2.5833814,3.5333815,3.0233812,2.6533813,3.2133813,2.4933813,1.1933813,0.37338135,0.21338135,1.9033813,0.23338135,-1.0366187,-1.9666187,-2.0766187,-2.0766187,-0.9966186,-0.29661864,0.38338134,-1.2566186,-2.7366188,-1.7166187,0.48338136,0.71338135,1.7133813,1.4533813,-3.3266187,1.2333814,-0.77661866,-1.4466187,-3.8666186
-1.7366186,-0.96661866,-0.5066187,0.6233814,1.0833813,-0.89661866,-1.3366187,2.7833815,3.2633812,3.4133813,3.4433813,1.3033813,2.2233813,3.1533813,1.7233814,0.19338135,0.23338135,-0.18661866,-0.49661866,-0.6266186,-0.37661865,-0.55661863,-1.7866187,-2.2866187,-2.0066187,-1.4766186,-1.8466187,-2.0566187,-2.3466187,-2.6866186,-1.7766186,-1.6566186,-2.0066187,-1.6466186,2.2233813,1.6133814,1.0033814,-3.3766186,0.22338134,3.3233814,3.3333814
-3.3766186,-0.71661866,-0.10661865,0.8733814,1.2933813,0.7533814,-1.1366186,3.1233814,2.5733814,3.7833815,0.47338134,0.69338137,-0.55661863,0.98338133,-0.66661865,-0.28661865,-1.1566186,-1.3366187,-0.8266187,-1.0566187,-0.28661865,-0.23661865,-1.4866186,-2.2166185,-3.2166185,-3.8666186,-2.4566185,-4.916619,-3.8766186,-3.4966187,-3.0566187,-2.9666185,-2.7266188,-0.45661867,1.9533813,1.4633813,0.32338133,2.2933815,1.4333813,1.3733814,-0.29661864
-2.9666185,-2.8666186,-3.4366186,-1.1166186,0.85338134,1.7133813,0.37338135,1.0833813,1.5233814,1.0033814,1.8533814,-0.22661865,2.2733812,-0.04661865,-1.1266186,-2.1466186,-1.0866187,-1.8066187,-0.28661865,-1.0066186,-0.6366187,-1.7566186,-2.1566186,-2.9166186,-4.2566185,-4.976619,-6.3066187,-7.5966187,-7.2866187,-7.0666184,-5.5066185,-3.1866186,-1.1866187,1.2033813,1.5633813,1.2833813,1.5633813,2.1833813,2.2233813,2.2333813,1.3233813
-2.5766187,-2.6066186,-3.3966186,-0.6866186,1.0433813,0.51338136,3.0033813,1.6833813,2.4033813,2.7733812,1.2233814,-0.6866186,-1.7466186,0.04338135,-0.38661864,-0.18661866,-1.0166186,-1.3766186,-1.7666186,-1.9466187,-2.2766187,-2.1666186,-2.7966187,-3.3166187,-4.7966185,-5.6366186,-7.0966187,-7.7166185,-7.5866184,-7.5866184,-7.856619,-6.8366184,-3.4466186,-1.0166186,0.73338133,1.6533813,0.73338133,0.82338136,1.8033813,1.1033814,1.2333814
-1.8566186,-2.6766186,-3.8566186,-2.7766187,-1.1566186,0.53338134,0.43338135,3.0533814,4.103381,4.1633816,1.3233813,0.34338135,-1.0566187,-0.33661866,-0.09661865,-1.1566186,-1.0066186,-1.0666187,-1.1466186,-1.8266187,-2.0466187,-2.2966187,-3.0266187,-4.0366187,-5.2366185,-6.2766185,-6.7666187,-6.7566185,-6.9866185,-7.9666185,-8.426619,-8.176619,-7.3066187,-6.2366185,-3.1666186,-1.4766186,0.18338135,-0.16661865,-0.14661865,0.9333813,1.7233814
-1.0066186,-2.1266186,-2.5666187,-2.3966186,-2.1466186,-0.54661864,-0.46661866,1.7333814,4.2533813,3.6933813,0.22338134,4.353381,2.3133814,1.9633813,2.0533814,1.9933814,0.48338136,0.21338135,-0.95661867,-1.3766186,-1.4266187,-2.1466186,-2.3666186,-3.3266187,-4.456619,-5.436619,-6.146619,-6.5666184,-7.0066185,-7.476619,-7.9666185,-8.416618,-7.936619,-7.7866187,-6.7766185,-6.3666186,-2.6366186,-0.8266187,-0.06661865,0.8033813,0.72338134
