wind_kz.json
{"header": {"discipline":0,"disciplineName":"Meteorological products","gribEdition":2,"gribLength":1102,"center":7,"centerName":"US National Weather Service - NCEP(WMC)","subcenter":0,"refTime":"2023-09-30T18:00:00.000Z","significanceOfRT":1,"significanceOfRTName":"Start of forecast","productStatus":0,"productStatusName":"Operational products","productType":1,"productTypeName":"Forecast products","productDefinitionTemplate":0,"productDefinitionTemplateName":"Analysis/forecast at horizontal level/layer at a point in time","parameterCategory":2,"parameterCategoryName":"UnknownDiscipline_0_Category_2","parameterNumber":3,"parameterNumberName":"UnknownParameter_D0_C2_3","parameterUnit":"Unknown","genProcessType":2,"genProcessTypeName":"Forecast","forecastTime":180,"surface1Type":103,"surface1TypeName":"Specified height level above ground","surface1Value":10.0,"surface2Type":255,"surface2TypeName":"Missing","surface2Value":0.0,"gridDefinitionTemplate":0,"gridDefinitionTemplateName":"Latitude_Longitude","numberPoints":615,"shape":6,"shapeName":"Earth spherical with radius of 6,371,229.0 m","gridUnits":"degrees","resolution":48,"winds":"true","scanMode":64,"nx":41,"ny":15,"basicAngle":0,"lo1":47.0,"la1":41.0,"lo2":87.0,"la2":55.0,"dx":1.0,"dy":1.0}, "data":
[rows 0 to 14 of 15, columns 0 to 40 of 41]
-2.235244,1.6547558,-0.80524415,13.704756,9.264756,5.5347557,4.2647557,4.7847557,4.174756,3.9447558,3.9847558,4.5747557,3.754756,1.9547559,0.74475586,-0.5252441,-0.56524414,-1.6352441,-2.8752441,-1.8052441,-1.6452441,-1.5552441,0.50475585,1.1147559,1.5647559,1.3347559,0.62475586,-0.99524415,0.77475584,2.074756,1.7947558,2.274756,0.38475585,-0.45524415,0.34475586,0.42475587,0.44475585,1.9147558,1.1047559,1.0447558,0.93475586
4.754756,0.8547559,-2.0952442,8.794756,8.354755,6.714756,7.184756,8.564755,6.974756,6.0147557,5.0747557,3.844756,4.0547557,2.9547558,1.3447559,1.1647558,0.28475586,-0.21524414,-1.7252442,-3.725244,-4.4852443,-3.5652442,-0.7752441,-1.4252441,1.5747559,2.2247558,3.034756,0.21475586,0.49475586,0.45475587,-1.0752442,1.0747559,1.2747558,1.4447559,1.8947558,2.324756,-0.97524416,1.2347559,1.4947559,1.8347559,0.34475586
-1.3952441,2.324756,2.6147559,4.944756,7.104756,7.1147556,7.904756,7.964756,7.634756,6.7647557,6.634756,5.5547557,3.9547558,3.6647558,2.2447557,0.96475583,0.18475586,-0.7752441,-2.205244,-3.405244,0.32475585,-4.265244,-3.465244,-1.5452441,-1.8052441,-1.6552441,-1.0852442,-1.1852441,-0.13524415,-2.7652442,-1.6452441,-0.80524415,-2.0552442,-0.5752441,-3.0652442,-2.435244,-2.965244,-1.7752441,-2.1052442,1.1847558,1.7647558
1.5347558,2.6447558,1.4747559,3.7147558,9.964756,8.874756,8.624756,10.054756,9.014756,7.654756,6.964756,6.024756,4.064756,3.7447557,3.324756,2.084756,0.41475585,-0.81524414,-2.735244,-3.925244,-0.26524413,-1.9552442,0.9847559,-0.54524416,-1.3052441,-1.9752442,-2.715244,-2.3752441,-1.8752441,-2.195244,-3.6352441,-2.945244,1.2947558,2.9447558,0.99475586,0.05475586,1.0647559,1.8347559,-3.0352442,-3.5552442,-4.4252443
1.4447559,3.6447558,4.3247557,4.204756,5.654756,6.834756,8.954756,9.624756,8.614756,7.884756,7.8047557,6.8647556,4.454756,3.8547559,2.8847558,3.1947558,1.7747558,0.23475586,-1.0552441,-1.3952441,-0.66524416,-0.20524414,-0.32524413,-0.45524415,-0.38524413,-0.7152441,-0.97524416,-2.2652442,-2.5152442,-3.225244,-3.2652442,-2.6452441,-0.88524413,-0.19524413,0.90475583,1.3047558,-2.735244,0.19475585,-2.6352441,-5.795244,-5.1552444
-0.99524415,4.234756,4.464756,5.164756,5.0947556,6.8647556,9.244756,7.974756,8.154756,7.694756,7.794756,7.674756,4.4947557,4.674756,4.8247557,3.4547558,2.3547559,1.4847559,0.45475587,0.29475585,-0.17524414,-0.74524415,0.0047558593,0.04475586,-0.01524414,-0.15524414,-0.69524413,-1.4652442,-2.5352442,-2.445244,-2.0152442,-1.6452441,-1.6252441,-0.8252441,-1.2652441,-2.3152442,-1.8952441,-3.905244,-3.1152442,-3.495244,-6.975244
-5.315244,2.1247559,5.954756,5.914756,5.414756,5.704756,9.044756,8.804756,8.364756,7.934756,8.924756,8.354755,7.3247557,5.7847557,4.654756,4.2447557,3.1847558,2.504756,2.054756,1.3447559,0.37475586,0.33475587,-0.40524414,-0.16524415,0.08475586,-1.1452441,-1.6452441,-1.5152441,-2.1452441,-1.9852442,-1.4652442,-1.6152442,-0.36524415,0.07475586,0.83475584,0.18475586,2.4047558,3.4447558,-0.97524416,2.344756,-6.815244
-2.215244,-2.3152442,2.9747558,6.774756,6.914756,5.294756,7.314756,8.934756,9.624756,8.924756,9.204756,9.0247555,8.214756,6.934756,5.924756,4.814756,3.7347558,3.4347558,2.4247558,1.0847559,1.5647559,0.49475586,-0.6452441,-0.30524415,-0.26524413,-0.84524417,-2.7652442,-2.655244,-3.0052443,-2.745244,-1.8152442,-1.6752441,-1.1152442,1.2047559,3.074756,1.9747559,1.4247558,-0.41524413,-2.6252441,-2.165244,-0.39524415
2.014756,0.12475586,2.6847558,3.8847558,8.364756,8.114756,7.634756,8.114756,8.924756,9.644756,9.034756,8.974756,8.564755,7.334756,7.174756,6.184756,4.9947557,3.834756,3.084756,2.3547559,1.1647558,-0.29524413,0.07475586,1.1047559,0.31475586,-1.8452442,-1.1552441,-2.195244,-3.5752442,-3.3752441,-3.445244,-2.3552442,-2.0752442,-0.80524415,0.27475587,1.7047559,2.2347558,1.6947559,1.8347559,0.9247559,1.7047559
-1.0852442,2.834756,1.6647558,5.474756,7.724756,8.7347555,9.034756,8.894756,8.614756,9.294756,9.474756,9.404756,8.084756,8.164756,7.6147556,6.814756,5.7647557,4.424756,3.4047558,3.4847558,1.9947559,-0.20524414,-0.17524414,0.47475585,1.1547558,-0.69524413,-0.53524417,-1.2052442,-2.435244,-2.5952442,-2.2852442,-2.2552443,-2.5552442,-0.66524416,0.7347559,1.5947559,1.8147559,3.054756,5.194756,3.564756,3.264756
-1.7052442,0.68475586,3.4347558,5.464756,7.294756,9.654756,10.374756,9.854755,8.834756,8.444756,8.364756,7.104756,7.474756,8.114756,8.054756,7.564756,6.5947556,5.434756,3.9647558,3.814756,3.014756,0.9247559,-0.33524415,0.88475585,1.1047559,0.83475584,-0.34524414,-2.0452442,-1.2752441,-2.3152442,-3.415244,-1.2552441,0.05475586,0.46475586,1.5247558,5.004756,5.224756,2.9747558,6.584756,3.8647559,0.21475586
-0.28524414,4.0947556,5.7847557,6.964756,8.974756,8.354755,9.0247555,8.594756,8.134756,7.694756,6.684756,6.434756,7.474756,7.624756,7.3647556,7.274756,6.774756,5.8647556,4.564756,3.8747559,2.2447557,1.6447558,0.64475584,-0.16524415,-0.15524414,-1.8152442,0.6747559,-0.5152441,-1.8152442,-2.6152442,-2.2552443,-1.2552441,-1.0452441,1.0447558,0.15475586,6.564756,7.254756,6.0747557,3.1447558,-0.5852441,1.7147559
3.544756,6.674756,5.3447556,8.4847555,8.824756,6.904756,8.124756,9.2747555,10.464756,7.224756,4.2647557,5.3647556,6.954756,7.144756,7.0347557,6.814756,6.384756,5.684756,4.964756,4.084756,3.1647558,2.324756,0.62475586,-0.7652441,-1.9852442,-0.32524413,-2.1352441,-3.425244,-2.1452441,-2.205244,-2.1152442,-1.1852441,-1.1852441,-0.24524415,0.50475585,4.4947557,7.174756,4.934756,4.974756,3.584756,1.0747559
6.254756,7.484756,7.2647557,8.954756,8.294756,6.924756,7.604756,8.464756,8.934756,9.104755,6.314756,3.6147559,5.204756,6.204756,6.8247557,6.654756,6.544756,5.7447557,5.124756,4.5147557,3.564756,1.7847558,0.104755856,-0.31524414,-0.44524413,-1.0652442,-1.9952441,-2.6152442,-3.1452441,-3.5352442,-3.0852442,-2.8152442,-1.4952441,-2.0552442,-0.84524417,4.5747557,5.274756,4.954756,6.164756,4.524756,2.2347558
4.954756,6.4947557,6.924756,7.154756,7.3647556,6.964756,7.124756,7.704756,8.404756,7.5747557,4.104756,4.7447557,2.1347558,4.004756,7.374756,7.154756,6.6147556,6.0947556,5.484756,4.814756,3.264756,1.5547558,0.20475586,0.21475586,-0.53524417,-1.6652441,-2.475244,-3.3952441,-3.5352442,-4.335244,-4.645244,-4.875244,-3.5252442,-5.185244,2.1847558,4.374756,5.0347557,6.834756,5.0947556,6.414756,2.774756
