wind_kz.json
{"header": {"discipline":0,"disciplineName":"Meteorological products","gribEdition":2,"gribLength":948,"center":7,"centerName":"US National Weather Service - NCEP(WMC)","subcenter":0,"refTime":"2023-08-23T06:00:00.000Z","significanceOfRT":1,"significanceOfRTName":"Start of forecast","productStatus":0,"productStatusName":"Operational products","productType":1,"productTypeName":"Forecast products","productDefinitionTemplate":0,"productDefinitionTemplateName":"Analysis/forecast at horizontal level/layer at a point in time","parameterCategory":0,"parameterCategoryName":"UnknownDiscipline_0_Category_0","parameterNumber":0,"parameterNumberName":"UnknownParameter_D0_C0_0","parameterUnit":"Unknown","genProcessType":2,"genProcessTypeName":"Forecast","forecastTime":0,"surface1Type":1,"surface1TypeName":"Ground or water surface","surface1Value":0.0,"surface2Type":255,"surface2TypeName":"Missing","surface2Value":0.0,"gridDefinitionTemplate":0,"gridDefinitionTemplateName":"Latitude_Longitude","numberPoints":615,"shape":6,"shapeName":"Earth spherical with radius of 6,371,229.0 m","gridUnits":"degrees","resolution":48,"winds":"true","scanMode":64,"nx":41,"ny":15,"basicAngle":0,"lo1":47.0,"la1":41.0,"lo2":87.0,"la2":55.0,"dx":1.0,"dy":1.0}, "data":
[rows 0 to 14 of 15, columns 0 to 40 of 41]
316.24008,301.0401,310.5401,300.3401,300.3401,299.4401,311.8401,320.14008,317.8401,318.74008,319.74008,322.14008,320.9401,322.0401,319.9401,321.8401,324.74008,322.64008,328.74008,323.8401,328.24008,320.4401,323.5401,318.74008,318.9401,317.4401,315.74008,305.8401,304.64008,301.74008,300.64008,298.14008,310.3401,312.74008,323.5401,310.5401,322.5401,317.5401,315.9401,310.74008,321.5401
287.9401,309.14008,300.0401,300.24008,300.3401,299.0401,320.3401,318.74008,317.3401,318.14008,317.3401,318.5401,318.74008,319.4401,325.0401,327.24008,325.5401,328.24008,326.4401,327.9401,328.9401,323.24008,320.4401,311.5401,303.3401,300.14008,310.24008,301.4401,304.8401,294.14008,298.3401,292.9401,303.5401,274.4401,289.9401,302.9401,310.24008,304.74008,319.14008,301.3401,284.64008
309.64008,299.4401,300.24008,300.4401,299.14008,315.0401,313.74008,316.74008,315.4401,316.5401,315.24008,320.0401,320.4401,317.3401,321.14008,325.64008,325.64008,324.8401,324.8401,324.9401,328.64008,323.24008,323.4401,316.64008,320.74008,320.64008,318.74008,317.8401,315.8401,305.0401,293.24008,297.4401,305.74008,310.9401,308.74008,306.64008,297.74008,297.3401,299.74008,295.64008,281.5401
312.8401,300.8401,300.64008,299.8401,301.9401,314.0401,315.9401,316.5401,317.64008,313.74008,318.24008,317.64008,296.74008,295.9401,320.3401,324.74008,319.8401,323.14008,323.5401,329.8401,323.74008,319.5401,321.9401,322.14008,325.8401,320.14008,324.9401,322.0401,322.0401,322.14008,323.5401,325.4401,322.5401,325.24008,319.8401,313.0401,288.8401,293.24008,296.9401,315.24008,320.5401
312.64008,300.8401,301.0401,300.8401,305.9401,313.4401,315.0401,316.74008,317.3401,315.8401,319.9401,320.24008,297.14008,295.64008,292.74008,318.9401,320.3401,317.4401,322.0401,320.24008,322.24008,322.3401,323.9401,324.0401,325.3401,327.74008,324.74008,314.8401,326.64008,325.4401,324.64008,320.5401,303.14008,294.4401,305.24008,317.74008,309.64008,322.64008,325.64008,320.4401,322.0401
311.74008,310.14008,298.9401,300.0401,300.3401,299.9401,313.24008,316.24008,313.9401,315.24008,314.9401,314.24008,299.24008,295.8401,306.14008,316.8401,319.0401,320.64008,322.3401,321.24008,325.14008,322.8401,324.24008,322.0401,323.3401,324.24008,322.9401,295.24008,322.9401,322.0401,323.9401,319.8401,321.64008,320.64008,312.9401,310.3401,307.64008,310.8401,325.3401,324.4401,319.24008
310.3401,312.3401,311.9401,312.64008,307.74008,310.3401,315.9401,314.8401,301.9401,310.3401,312.9401,314.3401,315.64008,317.14008,318.9401,316.24008,319.14008,319.24008,320.74008,321.24008,320.5401,321.4401,322.4401,322.3401,318.64008,318.8401,321.3401,323.5401,322.3401,324.24008,325.64008,323.74008,322.9401,320.5401,322.4401,315.74008,301.9401,294.64008,302.24008,294.0401,311.8401
310.24008,311.9401,310.4401,307.9401,303.8401,305.24008,307.9401,305.5401,306.24008,307.14008,303.8401,307.3401,314.9401,315.0401,317.14008,318.14008,318.8401,318.24008,319.14008,318.14008,318.14008,319.64008,319.5401,317.8401,316.64008,315.3401,314.9401,316.24008,315.14008,319.5401,318.3401,318.24008,317.64008,313.14008,313.8401,317.3401,318.8401,289.74008,311.9401,313.3401,309.24008
296.74008,297.0401,307.8401,306.4401,305.9401,304.5401,303.14008,302.5401,299.8401,303.3401,298.8401,303.64008,311.3401,315.64008,314.8401,317.3401,316.9401,318.14008,316.3401,316.9401,315.5401,315.9401,317.0401,315.3401,313.4401,313.24008,313.14008,312.0401,309.3401,308.3401,311.4401,313.64008,314.74008,314.64008,315.5401,309.14008,308.4401,305.3401,297.4401,296.5401,300.74008
309.0401,303.8401,308.64008,304.9401,304.14008,304.4401,303.5401,302.0401,300.8401,302.4401,302.14008,302.9401,307.3401,310.9401,311.64008,311.8401,313.64008,315.64008,315.14008,313.8401,313.8401,314.5401,316.5401,315.4401,307.3401,307.24008,313.3401,312.64008,309.5401,310.3401,311.74008,314.0401,314.9401,315.3401,317.24008,312.0401,302.64008,298.74008,299.8401,296.74008,297.3401
303.5401,292.4401,294.74008,301.0401,300.5401,300.8401,301.24008,296.24008,289.4401,293.0401,300.5401,304.4401,306.64008,306.64008,308.74008,308.8401,308.9401,311.24008,313.5401,309.9401,309.8401,311.8401,310.4401,312.4401,312.9401,311.8401,310.14008,312.74008,313.14008,315.5401,316.64008,315.9401,313.64008,310.24008,312.24008,306.0401,301.3401,299.24008,304.4401,297.5401,296.3401
297.24008,298.3401,297.74008,300.14008,298.74008,298.4401,296.3401,295.4401,288.74008,288.9401,292.0401,294.24008,301.64008,294.64008,293.9401,300.24008,305.5401,306.4401,307.14008,307.74008,304.8401,306.4401,307.24008,310.8401,309.9401,309.74008,311.8401,312.3401,312.5401,310.9401,309.9401,311.64008,310.9401,310.3401,307.64008,306.74008,304.74008,307.64008,303.9401,304.5401,303.0401
293.24008,297.0401,298.64008,298.8401,296.4401,294.9401,297.14008,298.3401,297.0401,294.4401,290.0401,289.0401,289.64008,289.74008,291.9401,294.14008,300.24008,302.0401,304.3401,303.8401,303.74008,305.14008,306.14008,306.0401,309.14008,310.0401,306.14008,307.74008,308.74008,308.14008,308.9401,307.3401,306.3401,310.0401,307.4401,302.8401,302.8401,302.4401,302.3401,301.4401,300.8401
293.74008,291.5401,294.24008,294.14008,292.24008,294.4401,294.4401,293.8401,296.74008,297.14008,290.5401,289.5401,285.5401,285.9401,288.5401,288.5401,286.9401,293.64008,301.3401,300.24008,301.64008,301.9401,304.8401,301.14008,300.3401,308.74008,306.64008,305.0401,304.5401,305.3401,304.64008,306.3401,305.74008,301.4401,300.9401,300.9401,301.4401,300.4401,301.5401,299.3401,300.64008
291.0401,292.8401,291.64008,289.74008,290.0401,293.74008,291.4401,291.24008,296.74008,296.8401,292.4401,293.3401,288.9401,287.14008,289.9401,285.4401,285.9401,284.5401,290.64008,298.9401,299.9401,300.64008,301.24008,297.64008,294.14008,304.0401,302.4401,299.64008,302.0401,301.5401,297.5401,294.5401,302.14008,299.24008,298.8401,299.24008,300.0401,300.14008,300.3401,300.9401,299.3401
