wind_kz.json
{"header": {"discipline":0,"disciplineName":"Meteorological products","gribEdition":2,"gribLength":1025,"center":7,"centerName":"US National Weather Service - NCEP(WMC)","subcenter":0,"refTime":"2023-08-20T12:00:00.000Z","significanceOfRT":1,"significanceOfRTName":"Start of forecast","productStatus":0,"productStatusName":"Operational products","productType":1,"productTypeName":"Forecast products","productDefinitionTemplate":0,"productDefinitionTemplateName":"Analysis/forecast at horizontal level/layer at a point in time","parameterCategory":2,"parameterCategoryName":"UnknownDiscipline_0_Category_2","parameterNumber":3,"parameterNumberName":"UnknownParameter_D0_C2_3","parameterUnit":"Unknown","genProcessType":2,"genProcessTypeName":"Forecast","forecastTime":60,"surface1Type":103,"surface1TypeName":"Specified height level above ground","surface1Value":10.0,"surface2Type":255,"surface2TypeName":"Missing","surface2Value":0.0,"gridDefinitionTemplate":0,"gridDefinitionTemplateName":"Latitude_Longitude","numberPoints":615,"shape":6,"shapeName":"Earth spherical with radius of 6,371,229.0 m","gridUnits":"degrees","resolution":48,"winds":"true","scanMode":64,"nx":41,"ny":15,"basicAngle":0,"lo1":47.0,"la1":41.0,"lo2":87.0,"la2":55.0,"dx":1.0,"dy":1.0}, "data":
[rows 0 to 14 of 15, columns 0 to 40 of 41]
0.16460937,-3.5853906,1.0546094,-2.2953906,1.7746093,-2.5053906,-3.1053905,-3.3253906,2.6846094,1.2646093,2.5646093,2.8846095,-0.76539063,0.8846094,0.13460937,-2.2653906,-3.8353906,-2.5653906,-2.2653906,-1.0653906,-0.7753906,-0.69539064,-0.35539064,-2.0853906,-1.6653906,-0.93539065,-1.5453906,1.2846093,0.45460936,-0.62539065,-2.0553906,-1.4253906,0.3046094,-1.2453907,-2.8353906,-2.3553905,-1.7253907,-5.2453904,-3.2453907,-3.7153907,1.4846094
1.5146093,2.1346095,1.5346093,-0.29539064,0.014609375,-1.7353907,-2.0353906,-2.1853907,-0.8353906,3.0246093,2.5346093,2.9446094,-0.51539063,-0.7353906,-0.43539062,-2.0653906,0.23460938,-2.1853907,-3.6853907,-3.2953906,-3.2353907,-1.6253906,-0.2553906,1.5046093,-0.29539064,-0.30539063,-2.3853905,0.45460936,-0.6753906,0.5746094,1.7446094,1.3946093,-1.9853907,-3.8753905,-4.0853906,-3.2353907,-2.3153906,-3.9553907,-2.9053907,-2.6653907,0.8346094
2.4646094,2.1046095,0.9546094,2.2646093,0.73460937,-2.5853906,-2.2253907,-2.4553907,0.73460937,3.3146093,4.7046094,4.3646092,3.1846094,-0.9853906,-2.5353906,-1.1253906,-0.5953906,-0.49539062,-1.4053906,-3.5853906,-4.1753907,-1.1753906,-0.31539062,-0.75539064,0.7146094,3.0046093,1.5246093,1.3146094,0.67460936,3.2746093,1.1646094,1.2646093,2.2946093,-1.6753906,-0.24539062,2.3546095,0.8346094,-1.4153906,0.35460937,0.4946094,-1.0653906
1.2646093,2.9246094,3.9546094,4.0746093,1.8446094,0.24460937,-1.8153906,-2.0053906,0.79460937,2.4546094,3.8946095,2.5346093,2.2646093,2.3946095,-0.4453906,-1.7553906,-2.5053906,-0.7753906,-2.6053905,-3.2053907,-3.1453905,-1.8653907,-0.26539063,-2.9653907,-1.2453907,-0.22539063,0.32460937,-0.88539064,2.0346093,1.2246094,-0.7953906,-2.1453905,-2.1153905,-1.4953907,-0.32539064,-2.9653907,-0.10539062,2.1346095,2.1846094,-0.08539063,0.98460937
-3.2353907,-2.3453906,1.7946094,3.6046095,3.7446094,2.2246094,0.28460938,-0.68539065,0.31460938,0.73460937,4.8546095,3.4846094,1.8546094,0.6646094,-1.2953906,-1.7953906,-1.2553906,-2.1453905,-2.5153906,-2.0853906,-2.9053907,-2.6653907,-2.1253905,3.2646093,0.114609376,0.10460938,-2.2653906,-1.4153906,-0.5253906,-0.12539062,-1.0953907,0.26460937,1.9946094,1.6346093,-1.3153906,-2.4153907,-0.9153906,-0.70539063,-0.7953906,1.8946093,1.2546093
-2.3153906,-2.8253906,-2.9253907,1.3346094,3.2446094,2.4546094,2.8646095,1.5846094,2.4846094,3.3646095,2.0746093,2.7446094,2.6946094,3.0746093,2.0246093,-1.5253906,0.9546094,-1.1753906,-3.0553906,-2.3353906,-2.2753906,-2.8453906,0.44460937,1.7346094,3.7446094,1.8746094,2.3346093,-2.2953906,0.8946094,1.2546093,-0.015390625,0.39460936,0.014609375,1.9946094,3.3846095,-2.0553906,3.2546093,1.3546094,-2.7553906,-2.1053905,-0.13539062
-1.4053906,-2.1053905,-2.6553907,-0.27539062,1.1646094,4.404609,5.2346096,3.9846094,3.0846093,2.9146094,3.1246095,0.19460937,2.0446093,0.8946094,0.39460936,-0.94539064,2.7246094,1.8046094,-1.3153906,-0.9653906,-2.0353906,-2.5853906,-2.1853907,0.24460937,2.6746094,2.1046095,-0.025390625,-0.48539063,-1.2853906,-1.0453906,1.6746094,0.13460937,-3.2653906,-2.5753906,-1.5353906,-0.9253906,-4.595391,-2.6353905,-1.0853906,-1.9853907,-0.8653906
-0.6053906,-1.2553906,-2.2953906,-2.4053907,-2.2253907,-1.2153907,3.8146093,6.2646093,6.1646094,5.2846093,4.154609,3.6246095,1.9446094,2.4546094,0.8246094,-0.8653906,1.1346093,1.9646094,1.9346094,0.19460937,-0.045390625,1.1846094,-2.3653905,1.4446094,2.8746095,2.1046095,3.0846093,1.3846093,0.024609376,0.8246094,-0.28539062,-0.38539064,-1.1053907,-1.8453907,0.44460937,1.7846093,0.7846094,0.5146094,0.10460938,0.14460938,-1.0553906
-1.0253906,-1.9353906,-2.0053906,-2.7053907,-2.6553907,-0.63539064,1.3446094,4.944609,5.9146094,6.3346095,5.0446095,3.8646095,3.0946093,1.5546094,0.39460936,0.40460938,-2.0053906,4.0546093,3.7046094,1.8946093,1.9846094,0.7846094,1.5046093,-0.6553906,0.54460937,2.5946093,2.3846095,2.0046093,1.7546093,0.62460935,0.8446094,-0.055390626,0.40460938,0.5746094,1.0946094,-0.8553906,-2.8353906,0.35460937,-0.4753906,-1.3253906,-1.0653906
-1.3953906,-1.8353906,-2.6353905,-3.4553907,-4.535391,-3.8153906,2.4246094,5.1446095,6.3646092,5.634609,4.7446094,4.5446095,3.6946094,1.9646094,1.3746094,0.7246094,-0.17539063,3.5646093,4.8346095,3.5046093,3.3846095,2.9846094,1.0346093,-0.2553906,0.28460938,1.3546094,1.0846094,1.8346094,1.7446094,2.0046093,1.7146094,2.3246093,0.9646094,-0.8653906,-0.7853906,0.22460938,0.14460938,-2.1253905,-0.68539065,1.0646094,1.4846094
-2.0953906,-2.2453907,-2.8253906,-4.6453905,-3.9653907,-5.0053906,-2.8053906,3.0946093,2.3446093,2.0546093,2.3846095,2.2546093,2.0646093,2.4946094,1.9946094,0.7646094,0.5146094,6.6046095,6.1446095,5.154609,3.9246094,3.2246094,1.6246094,0.68460935,-0.4153906,0.28460938,-0.4453906,-2.1453905,0.14460938,0.5146094,2.9246094,3.1746094,3.1346095,0.5346094,-1.2953906,0.39460936,-0.065390624,1.4646094,1.0246093,1.2746093,0.084609374
-1.2953906,-1.6953906,-2.7053907,-3.3753905,-3.5253906,-3.0753906,-2.7853906,-1.4053906,1.3346094,0.2746094,-0.7153906,-0.81539065,0.16460937,1.8946093,1.6846094,0.23460938,1.1046094,4.904609,6.4546094,5.0146093,5.5346093,3.8546095,2.3246093,1.3846093,1.3546094,0.5146094,-0.6453906,-2.1253905,-2.9853907,-2.4653907,0.19460937,2.8246093,2.6546094,2.6846094,1.0646094,-0.9053906,-0.46539062,1.5946094,1.6146094,1.5646094,0.62460935
-0.33539063,-0.11539063,-1.2653906,-0.76539063,-2.4953907,-2.3753905,-2.8053906,-2.1653907,-1.9253906,-1.3253906,1.6446093,1.4746094,2.1646094,0.55460936,1.3146094,0.46460938,1.3046094,2.3246093,3.4746094,4.6046095,6.2646093,4.1146092,3.2746093,2.7346094,2.2246094,1.6046094,-0.015390625,-1.6153907,-2.9153907,-3.2053907,-1.0653906,2.7046094,3.3446093,2.6346095,2.6446095,1.6246094,0.87460935,-0.30539063,-1.0153906,-0.62539065,-0.24539062
-1.7553906,-0.8953906,-1.6853906,-1.7253907,-0.7353906,-1.7153907,-2.4053907,-2.3753905,-2.6253905,-2.0053906,-0.4453906,-0.76539063,-2.2353907,-4.305391,-4.555391,-1.5653906,0.8846094,3.1246095,3.0846093,3.0946093,2.8146093,3.0046093,3.3646095,3.1046095,2.6446095,2.8046093,1.6946094,0.6346094,-1.6253906,-3.0553906,-3.3753905,0.92460936,2.2046094,3.2046094,2.1546094,2.1046095,1.0746094,-0.13539062,-0.20539063,0.13460937,-0.30539063
-0.94539064,-1.7253907,-4.1353908,-2.8553905,-0.8653906,-0.46539062,-1.1553906,-1.4553906,-1.8153906,-2.5053906,-1.3553907,0.47460938,0.6646094,-1.2053906,-4.1053905,-6.035391,-1.8453907,-3.2453907,0.9646094,2.2446094,2.4546094,2.8946095,1.7946094,1.9646094,1.3846093,2.4746094,2.2846093,1.1346093,1.1046094,-1.5353906,-2.2553906,0.034609374,2.2446094,2.4546094,1.9146094,1.6646094,1.2646093,0.6646094,0.9146094,0.73460937,0.044609375
