wind_kz.json
{"header": {"discipline":0,"disciplineName":"Meteorological products","gribEdition":2,"gribLength":871,"center":7,"centerName":"US National Weather Service - NCEP(WMC)","subcenter":0,"refTime":"2023-08-07T06:00:00.000Z","significanceOfRT":1,"significanceOfRTName":"Start of forecast","productStatus":0,"productStatusName":"Operational products","productType":1,"productTypeName":"Forecast products","productDefinitionTemplate":0,"productDefinitionTemplateName":"Analysis/forecast at horizontal level/layer at a point in time","parameterCategory":0,"parameterCategoryName":"UnknownDiscipline_0_Category_0","parameterNumber":0,"parameterNumberName":"UnknownParameter_D0_C0_0","parameterUnit":"Unknown","genProcessType":2,"genProcessTypeName":"Forecast","forecastTime":300,"surface1Type":1,"surface1TypeName":"Ground or water surface","surface1Value":0.0,"surface2Type":255,"surface2TypeName":"Missing","surface2Value":0.0,"gridDefinitionTemplate":0,"gridDefinitionTemplateName":"Latitude_Longitude","numberPoints":615,"shape":6,"shapeName":"Earth spherical with radius of 6,371,229.0 m","gridUnits":"degrees","resolution":48,"winds":"true","scanMode":64,"nx":41,"ny":15,"basicAngle":0,"lo1":47.0,"la1":41.0,"lo2":87.0,"la2":55.0,"dx":1.0,"dy":1.0}, "data":
[rows 0 to 14 of 15, columns 0 to 40 of 41]
300.61932,288.4193,293.01932,298.01932,297.51932,296.8193,300.2193,305.4193,305.11932,304.3193,301.9193,303.11932,302.11932,301.8193,301.61932,299.61932,299.11932,300.01932,300.2193,300.3193,301.01932,298.61932,297.8193,289.9193,296.2193,296.61932,293.9193,281.01932,284.7193,282.3193,281.7193,285.2193,295.9193,302.61932,302.3193,302.51932,301.2193,301.51932,301.4193,301.2193,301.2193
279.8193,293.61932,297.8193,298.51932,298.2193,296.4193,303.2193,302.61932,301.2193,300.9193,302.2193,300.2193,298.11932,296.9193,297.9193,297.8193,299.01932,299.01932,299.3193,299.3193,299.4193,299.8193,296.11932,288.9193,280.4193,280.51932,290.11932,278.2193,282.3193,276.3193,282.9193,275.51932,285.3193,262.01932,282.7193,297.51932,296.8193,298.8193,301.01932,292.8193,284.11932
294.8193,297.8193,298.4193,298.4193,296.2193,301.8193,302.51932,301.51932,301.3193,299.61932,299.11932,299.01932,294.9193,295.7193,297.61932,296.9193,297.3193,297.3193,297.9193,299.2193,301.3193,299.11932,298.3193,294.61932,294.2193,294.8193,295.11932,293.8193,294.3193,284.3193,276.9193,279.01932,284.9193,284.11932,286.4193,288.61932,278.61932,279.61932,281.8193,277.61932,276.9193
293.9193,298.2193,298.51932,297.9193,298.3193,301.51932,301.01932,302.8193,301.4193,300.2193,299.9193,297.7193,296.51932,295.7193,297.01932,298.4193,299.61932,298.61932,299.51932,299.2193,298.3193,296.11932,301.01932,301.4193,299.3193,301.3193,301.61932,299.51932,296.51932,296.3193,296.3193,294.8193,299.9193,296.51932,291.8193,291.2193,278.4193,279.01932,283.7193,292.7193,295.9193
300.01932,298.7193,299.11932,299.01932,299.9193,303.01932,304.51932,303.2193,301.8193,301.11932,300.9193,298.3193,297.11932,295.8193,292.9193,299.4193,300.7193,298.61932,298.51932,301.61932,302.8193,303.4193,301.7193,300.7193,300.4193,300.2193,297.51932,296.11932,295.7193,295.9193,297.7193,292.51932,282.3193,273.3193,286.01932,295.3193,297.01932,301.2193,301.2193,299.7193,299.3193
299.4193,298.11932,298.61932,298.61932,298.8193,298.11932,302.61932,301.01932,302.51932,302.8193,300.3193,299.51932,296.3193,296.01932,295.7193,297.61932,301.2193,301.2193,302.3193,303.7193,303.2193,302.3193,301.51932,300.11932,298.61932,297.11932,296.9193,294.01932,294.8193,297.9193,296.2193,296.3193,294.3193,291.2193,289.8193,291.01932,286.7193,288.8193,296.2193,298.3193,297.11932
301.7193,299.7193,303.01932,302.7193,301.01932,301.2193,301.7193,304.3193,303.9193,303.01932,305.01932,300.3193,299.61932,299.3193,297.9193,300.7193,300.2193,301.61932,301.11932,300.7193,300.7193,301.8193,301.51932,301.11932,298.3193,297.7193,296.9193,298.51932,297.4193,296.8193,295.11932,294.2193,294.01932,294.4193,290.9193,290.4193,285.4193,281.51932,278.3193,279.8193,291.9193
300.2193,303.01932,303.9193,303.8193,304.9193,306.3193,302.51932,302.8193,301.51932,301.11932,300.8193,301.3193,300.2193,301.01932,300.4193,300.4193,299.61932,300.2193,300.51932,297.9193,297.9193,298.61932,299.01932,299.01932,300.4193,294.7193,298.01932,296.2193,294.01932,295.4193,291.8193,291.7193,289.3193,287.11932,285.9193,289.11932,291.2193,289.3193,289.61932,291.11932,284.4193
302.2193,302.2193,299.8193,300.2193,303.9193,303.3193,299.51932,300.3193,299.9193,299.9193,299.9193,297.9193,301.2193,301.61932,299.3193,299.11932,298.4193,298.2193,297.8193,297.3193,294.01932,294.51932,294.51932,295.3193,293.01932,294.9193,290.51932,292.01932,293.2193,288.01932,288.11932,287.01932,287.7193,289.01932,287.11932,284.9193,285.2193,285.61932,272.8193,276.01932,273.11932
297.61932,298.2193,299.4193,298.8193,297.9193,299.01932,297.7193,298.01932,299.2193,297.8193,296.2193,295.8193,296.7193,295.8193,299.61932,297.3193,297.51932,296.11932,295.2193,296.11932,293.8193,294.4193,294.9193,293.51932,293.01932,291.4193,290.11932,290.7193,288.7193,288.01932,286.9193,289.9193,291.3193,290.7193,288.4193,286.51932,283.01932,282.3193,276.7193,273.4193,274.3193
296.2193,295.7193,295.7193,296.3193,296.7193,295.7193,296.01932,296.01932,295.61932,296.11932,296.11932,296.11932,298.9193,297.2193,294.61932,295.4193,294.8193,294.3193,295.11932,293.3193,293.3193,292.4193,291.61932,292.51932,290.8193,289.51932,287.8193,290.8193,289.7193,291.51932,292.4193,292.01932,290.61932,289.2193,286.8193,285.4193,281.7193,277.9193,277.11932,278.7193,276.9193
294.4193,296.4193,296.01932,296.4193,296.4193,294.7193,293.2193,295.8193,296.01932,295.11932,289.9193,291.51932,293.4193,292.8193,292.8193,292.8193,292.8193,293.7193,291.8193,296.11932,292.01932,290.3193,290.7193,290.01932,289.9193,292.7193,291.2193,292.01932,294.11932,291.51932,290.01932,290.8193,290.9193,287.7193,290.3193,290.8193,286.4193,284.8193,284.7193,283.9193,282.4193
290.7193,290.9193,292.2193,291.8193,292.7193,292.4193,291.61932,290.9193,291.2193,291.51932,288.11932,287.11932,292.4193,290.7193,292.61932,289.7193,289.61932,290.61932,292.01932,290.9193,291.2193,290.4193,288.51932,287.61932,286.51932,288.51932,292.51932,291.7193,293.2193,293.61932,293.51932,291.51932,291.8193,289.2193,287.2193,286.8193,290.8193,291.11932,289.4193,288.7193,287.8193
288.9193,291.01932,291.8193,291.4193,289.8193,289.61932,289.51932,290.11932,290.7193,290.8193,288.11932,289.11932,287.11932,289.11932,289.7193,289.9193,289.3193,290.61932,291.2193,291.61932,292.7193,294.4193,292.4193,290.01932,289.01932,289.9193,288.01932,290.4193,292.4193,289.01932,289.2193,290.4193,291.3193,287.2193,288.01932,290.01932,289.2193,288.8193,283.8193,287.61932,287.7193
288.7193,291.01932,292.11932,290.61932,290.7193,289.11932,289.51932,289.2193,292.3193,290.11932,288.8193,286.9193,286.4193,287.11932,288.4193,288.3193,289.01932,290.51932,290.2193,288.9193,294.51932,294.61932,290.9193,289.7193,289.11932,288.9193,288.11932,288.11932,287.8193,286.9193,286.4193,285.11932,285.51932,285.7193,284.9193,285.4193,285.11932,284.4193,285.11932,288.8193,286.4193
