wind_kz.json
{"header": {"discipline":0,"disciplineName":"Meteorological products","gribEdition":2,"gribLength":1025,"center":7,"centerName":"US National Weather Service - NCEP(WMC)","subcenter":0,"refTime":"2024-04-08T06:00:00.000Z","significanceOfRT":1,"significanceOfRTName":"Start of forecast","productStatus":0,"productStatusName":"Operational products","productType":1,"productTypeName":"Forecast products","productDefinitionTemplate":0,"productDefinitionTemplateName":"Analysis/forecast at horizontal level/layer at a point in time","parameterCategory":2,"parameterCategoryName":"UnknownDiscipline_0_Category_2","parameterNumber":3,"parameterNumberName":"UnknownParameter_D0_C2_3","parameterUnit":"Unknown","genProcessType":2,"genProcessTypeName":"Forecast","forecastTime":300,"surface1Type":103,"surface1TypeName":"Specified height level above ground","surface1Value":10.0,"surface2Type":255,"surface2TypeName":"Missing","surface2Value":0.0,"gridDefinitionTemplate":0,"gridDefinitionTemplateName":"Latitude_Longitude","numberPoints":615,"shape":6,"shapeName":"Earth spherical with radius of 6,371,229.0 m","gridUnits":"degrees","resolution":48,"winds":"true","scanMode":64,"nx":41,"ny":15,"basicAngle":0,"lo1":47.0,"la1":41.0,"lo2":87.0,"la2":55.0,"dx":1.0,"dy":1.0}, "data":
[rows 0 to 14 of 15, columns 0 to 40 of 41]
0.2414093,-0.4385907,0.2014093,5.651409,3.3714094,-0.3285907,1.1514093,1.6314093,0.3214093,-0.3485907,-0.6085907,-0.3785907,-2.4385908,-3.5885906,-3.8385906,-4.178591,-3.6285906,-3.1485908,-3.6785908,-2.9385908,-4.2785907,-0.048590697,-0.3785907,-0.2285907,-0.3185907,0.1514093,-0.7685907,1.4114093,0.6814093,-0.4985907,-1.9085907,-2.0885906,1.2114093,0.5814093,-1.7785907,-1.6885906,-0.4885907,-1.5085907,2.7614093,4.9314094,4.1814094
3.4914093,-0.8185907,-1.2085907,0.9214093,-1.8885907,-0.6485907,0.9714093,0.3214093,1.2414093,-1.1685907,-0.5685907,-2.1785908,-2.7185907,-3.0885906,-3.5685906,-3.2785907,-3.4985907,-3.9885907,-3.9285908,-3.5285907,-4.5685906,-2.4285908,-0.0585907,1.3014092,0.9814093,1.4814093,-1.6085907,1.1914093,-0.6085907,0.4014093,1.9714093,2.6614094,-1.3485907,-0.3185907,-5.1485906,-2.0485907,-2.3385906,-4.9485908,-1.2385907,0.96140933,-0.1985907
-0.53859067,2.4114094,1.0314093,-1.2585907,-1.2685907,0.3314093,0.8014093,1.4014093,0.3014093,0.3114093,-1.8185906,-2.7585907,-3.1885908,-0.9985907,-1.7585907,-2.3385906,-2.6385908,-3.4285908,-4.4585905,0.3214093,-2.2685907,-4.408591,-4.1985908,-2.0985906,-1.1585907,-0.048590697,-0.2985907,-0.78859067,-1.0285907,1.1114093,3.0314093,1.1614093,0.5014093,0.2514093,-1.4185907,2.0414093,3.2014093,-0.6985907,0.3714093,-1.1585907,-0.8985907
2.7114093,2.9514093,1.7314093,-0.4985907,5.3514094,5.421409,8.691409,2.5914092,2.4914093,1.5814093,-0.4385907,-1.6685907,-3.7185907,-4.868591,-4.0685906,-2.4385908,-4.158591,-4.2785907,-4.428591,-4.3985906,-3.8085907,-3.1885908,-0.9585907,-4.118591,-4.1685905,-3.8185906,-3.1185906,-3.7585907,-1.4985907,-3.1385908,-3.7185907,0.4414093,-1.2685907,0.9314093,-0.3085907,-2.3385906,-1.2685907,0.4014093,1.4614093,-0.39859068,1.5714093
4.0114093,4.841409,2.6514094,0.7714093,-4.3385906,1.1114093,3.1814094,4.5814095,3.6114092,2.7414093,1.4414093,-0.3585907,-2.9885907,-5.5685906,-1.7885907,-2.7185907,-3.3885908,-3.6585908,-3.5685906,-1.2085907,-0.2285907,-0.8985907,-1.8385907,-2.3585906,-2.9785907,-2.7785907,-3.2485907,-2.8885908,-3.3985908,-5.1485906,-6.4385905,-2.3085907,1.9014093,2.3814094,-0.1285907,0.3214093,-1.4685907,0.2914093,-1.5085907,-1.9185907,1.4114093
3.8714094,3.5114093,3.2014093,0.6214093,-1.6185907,-3.7785907,5.461409,7.2514095,5.5114093,3.8914094,2.4114094,0.5014093,-2.0285907,-3.7585907,-2.6485908,-1.7685907,-2.6485908,-3.8585906,-3.4585907,-1.8885907,1.2314093,1.6314093,0.6514093,-1.2585907,-2.0585907,-1.7285907,-2.4885907,-3.7185907,-2.9985907,-5.0685906,-6.2085905,-7.1085906,-5.9485908,-3.2385907,0.7914093,-2.2085907,0.8114093,-0.3185907,-5.598591,1.3114094,4.6614094
3.6714094,4.3114095,5.0014095,3.3314092,1.2014093,1.9014093,0.5214093,6.1414094,5.7614093,5.2414093,4.5214095,3.8814094,3.4714093,1.4114093,-0.008590698,-0.8185907,-1.1085907,-2.0285907,-1.2785907,-0.6685907,-1.6085907,-0.9585907,1.6714092,1.7014093,-0.0985907,-0.9485907,-1.7885907,-2.4685907,-3.7885907,-4.678591,-5.2285905,-8.308591,-9.138591,-8.94859,-2.2785907,-2.3885908,-5.328591,-3.9985907,-2.5585907,-0.4485907,-2.1885908
-1.6085907,2.9314094,3.5214093,1.8614093,-1.7785907,-0.9985907,-0.7485907,1.6214093,3.4614093,3.6614094,4.381409,3.9014094,4.2514095,3.7714093,3.1214094,1.3114094,-0.4785907,-0.2485907,-1.4085907,2.1814094,0.6314093,-0.9785907,1.5914093,1.8614093,1.3714093,0.7914093,1.2614093,-1.0785908,-2.2185907,-4.098591,-5.038591,-4.8985906,-6.6985908,-8.088591,-3.7785907,-2.5285907,-1.6485907,-0.5785907,-0.6985907,0.35140932,-1.7085907
-4.8185906,-4.4185905,-3.7885907,-3.3285906,-3.3685906,-3.1985908,-2.4785907,-1.2485907,-2.5785906,-2.7385907,-2.8985908,-2.5985906,0.5914093,4.3714094,3.9814093,3.4214094,1.9414093,1.9614093,1.0514092,1.9914093,3.4414093,2.0814092,1.1914093,1.2414093,1.1314093,2.2514093,1.9714093,1.4614093,-0.6285907,-0.7385907,-2.6385908,-3.9485908,-2.8585906,-5.1985908,-5.288591,-2.8285906,-3.6085906,-4.5285907,-6.1085906,-4.3985906,-4.9985905
-3.0785906,-2.7585907,-2.7585907,-3.0485907,-2.8985908,-2.8185906,-3.2085907,-3.0285907,-2.5985906,-2.6285906,-1.8685907,-2.5885906,-3.4085908,-1.1585907,4.321409,3.9414093,3.3414092,2.2414093,2.9914093,0.7214093,3.2514093,3.4214094,2.4114094,2.2714093,0.9514093,1.8114094,2.1514094,1.9014093,0.4514093,-0.2385907,0.14140931,0.1014093,-1.6585907,-3.4585907,-5.578591,-2.9785907,0.2914093,-2.9885907,-2.9685907,0.1314093,-1.1285907
-0.53859067,-1.0285907,-1.2285907,-1.8185906,-1.7985907,-1.8185906,-1.6685907,-2.0085907,-2.4285908,-3.1985908,-2.7385907,-0.6285907,-3.2185907,-4.0285907,-5.908591,3.7814093,3.9514093,3.5814092,3.6514094,2.3214092,1.5214093,2.4914093,1.9214092,1.6914093,0.96140933,2.5114093,2.5314093,2.3014092,0.5714093,0.9914093,-0.5485907,-1.3685907,-1.4285907,-2.3985908,-3.9985907,-3.9485908,-1.9385906,0.7014093,-0.9585907,-0.7085907,-1.1485907
-0.3585907,-0.2585907,0.6014093,0.8014093,-0.2685907,-1.1685907,-1.8485907,-1.4385906,-2.3785906,-2.3885908,-1.9085907,-1.0885907,-2.7385907,-3.2385907,-3.6285906,-4.1485906,-4.7985907,0.35140932,3.0614092,4.361409,2.3914094,1.4214092,1.2614093,1.3414093,1.6714092,2.4814093,2.9914093,2.0814092,1.6814094,0.6814093,0.1114093,-0.4285907,-0.9385907,-1.6385907,-1.9485908,-2.4085908,-2.0785906,-0.9685907,0.3614093,0.35140932,0.2414093
1.6214093,0.1014093,0.7714093,-0.0985907,-0.3285907,-0.5485907,-0.9785907,-0.8485907,-1.4385906,-2.1285906,-0.9885907,-0.2485907,-1.8085907,-3.2485907,-3.5285907,-3.2385907,-2.8885908,-1.2285907,2.6914093,2.4414093,3.2914093,2.7214093,1.6314093,1.6514093,2.6714094,2.7414093,2.4414093,1.5014093,1.2414093,0.5814093,0.6514093,0.3814093,0.2214093,-1.2785907,-1.0085907,-1.1485907,-1.5385907,-1.3485907,-2.3185906,-2.2285907,-0.2885907
1.7814093,2.4014094,1.8014092,1.5714093,0.2914093,0.5914093,-0.0685907,-0.2985907,-0.7785907,-1.9685907,-0.3885907,-0.3185907,-0.8085907,-1.9985907,-2.9485908,-2.1685908,-1.0885907,2.7914093,3.9614093,3.4614093,2.5014093,2.4914093,2.0914092,2.3414092,2.7314093,2.2914093,1.7514093,1.6714092,1.2914093,0.71140933,0.4814093,0.7214093,1.3414093,0.8614093,-0.1785907,-0.2985907,-0.7085907,-1.5285907,-1.7385907,-1.4785907,-1.3685907
1.2814093,3.0814092,2.5214093,2.3614092,1.0014093,1.7414093,1.4414093,0.9514093,0.9014093,0.2014093,-0.4785907,-0.3285907,-0.3085907,-1.4185907,-2.7485907,-1.9085907,1.0114093,0.17140931,-0.5185907,1.9414093,2.6914093,2.5314093,2.0914092,2.5214093,2.7214093,2.1014092,2.1614094,1.8514093,1.7114093,1.7914093,1.1314093,1.7414093,1.8614093,1.6514093,1.3214093,1.4014093,0.3714093,0.1614093,0.2614093,-0.3585907,-0.6885907
