wind_kz.json
{"header": {"discipline":0,"disciplineName":"Meteorological products","gribEdition":2,"gribLength":871,"center":7,"centerName":"US National Weather Service - NCEP(WMC)","subcenter":0,"refTime":"2023-08-21T06:00:00.000Z","significanceOfRT":1,"significanceOfRTName":"Start of forecast","productStatus":0,"productStatusName":"Operational products","productType":1,"productTypeName":"Forecast products","productDefinitionTemplate":0,"productDefinitionTemplateName":"Analysis/forecast at horizontal level/layer at a point in time","parameterCategory":0,"parameterCategoryName":"UnknownDiscipline_0_Category_0","parameterNumber":0,"parameterNumberName":"UnknownParameter_D0_C0_0","parameterUnit":"Unknown","genProcessType":2,"genProcessTypeName":"Forecast","forecastTime":60,"surface1Type":1,"surface1TypeName":"Ground or water surface","surface1Value":0.0,"surface2Type":255,"surface2TypeName":"Missing","surface2Value":0.0,"gridDefinitionTemplate":0,"gridDefinitionTemplateName":"Latitude_Longitude","numberPoints":615,"shape":6,"shapeName":"Earth spherical with radius of 6,371,229.0 m","gridUnits":"degrees","resolution":48,"winds":"true","scanMode":64,"nx":41,"ny":15,"basicAngle":0,"lo1":47.0,"la1":41.0,"lo2":87.0,"la2":55.0,"dx":1.0,"dy":1.0}, "data":
[rows 0 to 14 of 15, columns 0 to 40 of 41]
301.59344,289.79343,294.49344,299.79343,299.29343,298.19342,300.29343,304.49344,304.09344,305.69342,304.69342,305.49344,305.19342,304.59344,304.59344,300.89343,300.09344,300.89343,299.99344,301.49344,301.29343,297.99344,296.79343,291.89343,295.89343,296.09344,292.69342,278.59344,277.69342,280.59344,281.49344,282.89343,291.59344,298.69342,299.79343,298.39343,298.39343,297.99344,298.69342,297.29343,296.69342
277.69342,294.99344,299.69342,299.69342,299.49344,298.29343,301.59344,301.89343,302.49344,303.49344,304.69342,303.49344,302.89343,300.59344,299.29343,300.49344,299.09344,299.69342,298.99344,297.49344,298.99344,299.89343,296.29343,287.69342,279.39343,283.39343,287.89343,278.59344,279.09344,278.89343,281.79343,275.29343,283.79343,266.29343,279.99344,296.19342,292.99344,294.99344,298.19342,289.79343,283.89343
298.69342,299.49344,299.99344,299.89343,298.29343,300.69342,301.49344,302.69342,301.69342,301.59344,301.89343,303.09344,300.49344,302.69342,304.29343,300.29343,296.19342,295.29343,295.89343,297.49344,298.29343,299.09344,298.59344,293.09344,295.99344,294.09344,296.49344,294.29343,293.89343,283.59344,278.19342,279.29343,284.39343,283.19342,284.79343,288.09344,276.79343,277.79343,279.79343,275.69342,274.19342
296.79343,300.59344,299.99344,299.09344,297.39343,299.79343,301.09344,300.59344,301.39343,301.89343,302.59344,301.29343,296.09344,295.29343,303.49344,300.09344,300.59344,295.69342,297.49344,298.19342,297.49344,295.19342,300.19342,300.59344,297.09344,298.19342,299.69342,295.89343,297.89343,296.99344,297.69342,294.79343,299.09344,290.89343,292.39343,289.99344,278.49344,277.19342,281.79343,291.69342,295.69342
301.29343,300.19342,300.49344,300.09344,300.09344,300.49344,299.39343,300.69342,300.79343,301.59344,301.79343,301.89343,296.39343,294.99344,292.29343,301.69342,301.49344,299.89343,296.69342,300.89343,301.49344,301.59344,300.29343,300.19342,300.19342,299.99344,298.29343,296.39343,297.49344,297.69342,300.89343,295.49344,282.19342,273.29343,284.79343,293.29343,296.19342,299.89343,299.09344,299.49344,298.29343
299.09344,298.69342,298.69342,299.59344,300.19342,299.69342,300.09344,299.89343,300.69342,301.19342,301.39343,302.19342,296.09344,295.39343,295.99344,299.79343,300.29343,300.89343,299.89343,301.89343,301.29343,300.79343,299.89343,300.29343,298.89343,297.39343,298.29343,294.19342,303.49344,302.49344,298.59344,299.99344,296.69342,293.59344,292.49344,293.59344,286.59344,289.59344,297.09344,298.59344,299.39343
297.99344,295.99344,298.59344,301.89343,300.89343,301.19342,302.59344,299.99344,299.19342,299.89343,299.09344,298.99344,299.99344,300.09344,300.49344,301.89343,302.09344,301.29343,300.59344,300.59344,300.99344,299.79343,302.59344,302.39343,300.59344,299.69342,298.29343,299.39343,298.29343,297.89343,298.79343,298.49344,297.59344,299.09344,295.69342,293.09344,288.19342,284.19342,278.79343,279.89343,294.39343
296.99344,296.59344,297.69342,299.39343,299.99344,299.29343,297.49344,296.99344,296.49344,297.09344,295.69342,295.59344,295.99344,298.09344,299.39343,300.39343,300.79343,300.39343,301.69342,300.79343,298.99344,299.19342,298.09344,300.69342,297.39343,295.39343,295.69342,296.49344,294.99344,297.79343,296.19342,296.79343,294.19342,291.19342,290.99344,293.09344,293.89343,289.29343,291.69342,290.69342,288.89343
294.29343,295.69342,297.29343,293.79343,295.59344,296.89343,296.19342,295.39343,294.29343,294.39343,293.29343,292.29343,292.19342,294.49344,295.09344,295.99344,297.29343,298.79343,298.69342,295.89343,293.69342,294.49344,296.89343,296.39343,295.49344,295.39343,293.69342,291.79343,290.29343,289.59344,292.59344,292.59344,292.49344,294.39343,292.59344,288.79343,289.19342,289.39343,275.89343,278.89343,277.19342
290.89343,293.09344,296.39343,296.09344,296.09344,294.89343,293.19342,292.69342,292.49344,291.39343,289.89343,289.09344,289.79343,290.09344,291.29343,292.29343,294.19342,295.19342,296.09344,296.39343,293.99344,293.49344,295.49344,294.79343,293.99344,293.59344,292.09344,292.09344,292.29343,291.09344,292.49344,295.49344,296.69342,295.99344,293.49344,290.59344,288.59344,285.29343,278.89343,277.79343,277.89343
288.39343,289.49344,289.79343,293.29343,293.09344,291.99344,292.39343,289.99344,290.59344,288.69342,287.69342,286.19342,288.39343,287.89343,289.69342,290.19342,289.99344,291.99344,292.59344,295.19342,294.29343,292.19342,291.39343,292.09344,293.19342,293.99344,291.69342,293.89343,295.79343,294.69342,297.19342,296.29343,296.09344,295.49344,293.89343,289.59344,286.19342,282.09344,280.49344,283.09344,280.69342
288.39343,290.09344,290.69342,291.29343,290.39343,288.09344,286.79343,286.89343,288.39343,286.89343,282.49344,284.29343,286.59344,287.49344,288.39343,288.19342,288.89343,289.69342,291.59344,291.79343,291.09344,290.19342,290.59344,290.69342,290.39343,292.19342,294.49344,295.79343,295.79343,296.29343,292.39343,296.29343,294.69342,292.29343,292.49344,291.69342,290.39343,288.79343,288.29343,287.79343,286.69342
285.79343,285.99344,288.19342,288.49344,286.29343,285.89343,285.59344,285.79343,287.69342,286.39343,281.29343,282.49344,285.39343,282.29343,286.59344,286.89343,287.69342,288.19342,289.19342,288.49344,288.59344,287.69342,288.39343,288.99344,289.69342,292.89343,295.99344,294.99344,293.69342,294.29343,294.09344,293.29343,291.99344,292.19342,291.49344,291.09344,289.49344,290.89343,289.69342,287.29343,286.69342
284.49344,287.09344,288.79343,286.89343,285.49344,284.99344,285.09344,283.59344,283.39343,283.09344,280.99344,279.59344,284.59344,284.99344,283.29343,285.99344,286.39343,284.19342,286.59344,286.39343,287.49344,288.79343,290.39343,290.59344,290.59344,292.69342,290.39343,291.79343,291.09344,292.59344,291.89343,290.79343,289.79343,289.09344,288.19342,287.59344,288.39343,288.79343,287.99344,287.39343,285.79343
285.39343,285.79343,291.49344,287.89343,286.29343,284.79343,283.59344,281.39343,282.59344,281.79343,283.49344,282.39343,282.79343,283.99344,284.59344,286.49344,286.69342,282.99344,284.59344,285.79343,285.79343,286.19342,286.89343,287.89343,288.99344,288.89343,287.69342,288.59344,290.39343,289.79343,288.19342,287.69342,289.29343,287.79343,287.19342,287.09344,287.09344,285.69342,286.89343,287.69342,287.49344
