wind_kz.json
{"header": {"discipline":0,"disciplineName":"Meteorological products","gribEdition":2,"gribLength":1025,"center":7,"centerName":"US National Weather Service - NCEP(WMC)","subcenter":0,"refTime":"2023-09-08T00:00:00.000Z","significanceOfRT":1,"significanceOfRTName":"Start of forecast","productStatus":0,"productStatusName":"Operational products","productType":1,"productTypeName":"Forecast products","productDefinitionTemplate":0,"productDefinitionTemplateName":"Analysis/forecast at horizontal level/layer at a point in time","parameterCategory":2,"parameterCategoryName":"UnknownDiscipline_0_Category_2","parameterNumber":2,"parameterNumberName":"UnknownParameter_D0_C2_2","parameterUnit":"Unknown","genProcessType":2,"genProcessTypeName":"Forecast","forecastTime":300,"surface1Type":103,"surface1TypeName":"Specified height level above ground","surface1Value":10.0,"surface2Type":255,"surface2TypeName":"Missing","surface2Value":0.0,"gridDefinitionTemplate":0,"gridDefinitionTemplateName":"Latitude_Longitude","numberPoints":615,"shape":6,"shapeName":"Earth spherical with radius of 6,371,229.0 m","gridUnits":"degrees","resolution":48,"winds":"true","scanMode":64,"nx":41,"ny":15,"basicAngle":0,"lo1":47.0,"la1":41.0,"lo2":87.0,"la2":55.0,"dx":1.0,"dy":1.0}, "data":
[rows 0 to 14 of 15, columns 0 to 40 of 41]
2.1324902,1.5724902,-2.7775097,-5.34751,-1.2875098,3.1224902,1.1624902,-6.3775096,-7.09751,-6.36751,-6.34751,-5.24751,-4.5475097,-3.8075097,-3.1975098,-3.3475099,-2.8975098,-4.4375095,-4.51751,-2.4175098,0.26249024,0.5824902,1.4424902,3.5424902,1.5724902,3.3924901,4.2624903,0.7624902,-0.43750978,0.6824902,-1.6475098,-0.07750977,-2.7875097,-2.3175097,-2.4175098,-0.83750975,-1.3175098,-2.8675098,-0.88750976,-3.5775099,-3.3975098
1.3824903,-1.7475097,-4.6475096,-4.7975097,-3.3375099,0.062490236,-6.74751,-5.9375095,-6.26751,-6.07751,-5.40751,-4.4875097,-4.94751,-4.40751,-3.9375098,-3.7075098,-1.8775097,-1.5175098,-0.57750976,-0.89750975,-0.48750976,1.4924903,0.86249024,1.2624903,0.72249025,-1.3075098,0.96249026,-0.88750976,-5.01751,-0.5575098,-0.38750976,-1.0675098,1.2424903,-2.4175098,-0.26750976,0.47249022,0.43249023,-0.84750974,-0.95750976,0.19249023,-2.1575098
-0.7475098,-3.1775098,-5.2975097,-4.8775096,-3.2075098,-5.51751,-6.2375097,-5.65751,-4.9675097,-4.2775097,-4.6875095,-3.5375097,-3.9875097,-4.1275096,-3.4475098,-3.5875099,-3.2075098,-2.9075098,-1.7975098,-2.5775099,-3.2475097,-6.30751,-5.42751,-5.80751,-2.6375098,-3.8975098,-1.4875097,-1.5275098,1.7124902,-1.6075097,-0.27750978,-1.6775098,0.6824902,-0.25750977,-2.3775098,-0.64750975,-0.26750976,-0.33750975,2.4824903,1.8924903,0.77249026
-5.84751,-5.03751,-5.7775097,-3.2975097,-0.22750977,-3.6875098,-3.8775098,-4.28751,-3.9475098,-3.1975098,-3.5075097,-5.44751,-4.3175097,-2.5675097,-0.6175098,-3.4175098,-3.8375099,-4.8975096,-5.01751,-6.0075097,-5.5275097,-7.1675096,-5.1275096,-5.90751,-5.63751,-5.8375096,-6.17751,-6.63751,-6.82751,-3.5175097,-1.7575097,-3.1675098,-3.8875098,-3.0575097,-2.3375099,-0.94750977,-0.44750977,0.29249024,-1.4475098,-2.3275099,-0.7375098
-4.6875095,-5.3775096,-4.26751,-3.7375097,-3.0675097,-3.3575099,-3.7175097,-4.0075097,-2.7975097,-1.9175098,-3.8575099,-4.6475096,-3.7975097,-2.2575097,1.4824902,-1.4675097,-2.3075097,-3.6375098,-4.6675096,-6.0275097,-6.5275097,-6.01751,-5.28751,-4.70751,-5.4875097,-5.8975096,-5.94751,0.8924902,-4.34751,-3.1075099,-2.2375097,-2.6675098,-0.70750976,-0.42750975,-1.7875098,-1.5075097,1.2624903,1.3924903,-0.22750977,0.74249023,1.3824903
-5.2175097,-4.72751,-5.3975096,-5.53751,-5.84751,-4.8975096,-3.9575098,-3.4575098,-2.4475098,-2.8075097,-2.5275097,-2.1675098,-0.8775098,-0.22750977,-0.17750977,-0.11750977,1.3624902,-1.0575098,-2.2975097,-2.6075099,-4.36751,-3.7975097,-3.9575098,-3.8775098,-3.8875098,-4.3175097,-5.1875095,-3.3975098,-2.8275099,-3.1875098,-3.6275098,-2.3975098,-1.5675098,-2.5575097,-2.6575098,2.0624902,-0.41750976,1.7924902,4.00249,-2.4975097,0.54249024
-4.03751,-5.5275097,-5.2975097,-4.70751,-3.7475097,-2.0575097,-3.0175097,-2.4675097,-1.5975097,-1.5475098,-0.57750976,-0.63750976,-0.6775098,-1.2475097,-1.0675098,-0.58750975,-0.12750977,1.2724903,1.1824902,-0.30750978,-1.7275097,-2.0175097,-1.5475098,-1.1175097,-1.7075098,-0.83750975,-2.2875097,-1.2575097,-0.43750978,0.21249023,-0.34750977,-0.36750975,-0.96750975,-0.65750974,-0.12750977,1.5524902,1.1324903,-1.0375098,1.6324903,0.15249023,2.4524903
-3.6275098,-2.1475098,-1.7675098,-2.2975097,0.24249023,-0.18750976,0.46249023,0.29249024,-0.07750977,0.46249023,0.52249026,0.84249026,0.39249024,0.49249023,0.18249023,0.052490234,-0.25750977,0.47249022,1.5124903,1.5724902,0.55249023,1.0324903,-0.17750977,0.27249023,-0.07750977,0.5624902,0.29249024,0.8924902,1.7624903,1.4024903,1.8224902,1.1624902,2.3024902,1.7024902,1.7224902,-2.4375098,-4.1475096,1.2224902,4.0824904,5.69249,5.23249
-1.5975097,-1.3475097,-0.69750977,0.23249024,0.47249022,0.8224902,1.3124902,2.1224902,2.0324903,2.2724903,2.5324903,2.9024901,3.4624903,2.6124902,2.6624901,1.8024902,2.1324902,1.8724903,1.4724902,2.5624902,3.1824903,2.4424903,2.7324903,2.4424903,2.6324902,2.1524901,2.6624901,2.8624902,3.1524901,2.8324902,3.3024902,2.7324903,2.8924901,-1.3575097,0.99249023,-0.39750975,1.0124903,-1.6575098,-1.4475098,0.16249023,1.2324902
2.6224902,2.4224901,2.7624903,2.1324902,2.4224901,2.9924903,2.9424903,3.1924903,4.1024904,4.4124904,4.46249,5.02249,5.17249,5.15249,5.00249,4.32249,4.29249,4.3324904,4.07249,4.1224904,4.7624903,4.8124905,4.25249,4.3524904,4.4924903,4.3924904,4.7424903,4.7624903,4.84249,5.09249,4.79249,3.6924903,1.3424902,1.9924903,1.8624902,1.2024902,-1.3675097,-0.8175098,0.85249025,1.4524902,0.9324902
3.4324903,3.4424903,3.6524901,4.5124903,4.6224904,4.1024904,5.04249,4.77249,5.1824903,5.1624904,5.69249,6.36249,6.36249,6.8724904,7.17249,6.63249,6.9524903,6.3924904,5.71249,6.04249,6.2224903,6.19249,6.23249,6.13249,5.40249,5.9524903,6.6824903,6.55249,6.82249,6.2224903,5.6224904,3.9824903,3.3124902,2.9024901,3.0524902,1.4424902,-0.65750974,1.2024902,1.1024902,1.6724902,0.49249023
4.77249,6.1824903,6.29249,6.55249,6.30249,6.09249,5.80249,6.13249,5.8324904,5.77249,6.5124903,6.59249,5.9524903,6.1224904,6.1824903,6.42249,6.84249,6.92249,6.3524904,6.75249,6.04249,6.34249,6.21249,6.67249,7.05249,7.6224904,7.88249,7.96249,7.9524903,6.59249,4.8324904,5.11249,4.42249,5.3324904,4.4524903,5.2624903,5.77249,6.98249,4.1424904,2.0324903,-0.28750977
5.29249,7.23249,6.52249,7.07249,7.0324903,5.1224904,6.9324903,7.3724904,9.072491,6.30249,4.8524904,5.9724903,6.6424904,6.82249,6.98249,7.04249,7.4524903,7.5624905,7.23249,7.55249,7.2824903,6.96249,7.23249,7.4124904,8.66249,8.862491,8.982491,8.54249,7.8724904,7.40249,7.5824904,7.48249,7.29249,6.6024904,7.4324903,7.3324904,7.27249,5.23249,7.7624903,7.1424904,4.2624903
6.7424903,8.43249,7.34249,7.7824903,7.9524903,7.8924904,7.6824903,8.37249,7.4924903,7.7224903,5.3324904,6.4524903,7.75249,8.17249,8.192491,8.112491,8.29249,8.25249,8.06249,8.49249,8.34249,8.112491,8.55249,8.572491,8.62249,8.58249,8.35249,8.35249,7.9524903,8.01249,7.96249,7.36249,7.25249,7.5324903,7.17249,7.57249,7.00249,7.6424904,7.7024903,5.84249,7.1424904
0.6224902,1.9224902,4.1624904,4.55249,6.7224903,7.3924904,7.79249,7.92249,8.13249,7.88249,5.96249,8.192491,7.13249,6.3324904,6.9124904,7.9524903,8.612491,8.87249,8.21249,8.37249,8.60249,8.81249,8.34249,8.28249,8.192491,7.88249,7.1024904,7.0124903,6.86249,7.1024904,8.39249,8.442491,7.54249,7.23249,7.90249,7.96249,7.4924903,9.31249,8.59249,8.30249,4.8524904
