wind_kz.json
{"header": {"discipline":0,"disciplineName":"Meteorological products","gribEdition":2,"gribLength":1025,"center":7,"centerName":"US National Weather Service - NCEP(WMC)","subcenter":0,"refTime":"2023-09-29T00:00:00.000Z","significanceOfRT":1,"significanceOfRTName":"Start of forecast","productStatus":0,"productStatusName":"Operational products","productType":1,"productTypeName":"Forecast products","productDefinitionTemplate":0,"productDefinitionTemplateName":"Analysis/forecast at horizontal level/layer at a point in time","parameterCategory":2,"parameterCategoryName":"UnknownDiscipline_0_Category_2","parameterNumber":3,"parameterNumberName":"UnknownParameter_D0_C2_3","parameterUnit":"Unknown","genProcessType":2,"genProcessTypeName":"Forecast","forecastTime":0,"surface1Type":103,"surface1TypeName":"Specified height level above ground","surface1Value":10.0,"surface2Type":255,"surface2TypeName":"Missing","surface2Value":0.0,"gridDefinitionTemplate":0,"gridDefinitionTemplateName":"Latitude_Longitude","numberPoints":615,"shape":6,"shapeName":"Earth spherical with radius of 6,371,229.0 m","gridUnits":"degrees","resolution":48,"winds":"true","scanMode":64,"nx":41,"ny":15,"basicAngle":0,"lo1":47.0,"la1":41.0,"lo2":87.0,"la2":55.0,"dx":1.0,"dy":1.0}, "data":
[rows 0 to 14 of 15, columns 0 to 40 of 41]
-0.14740235,-1.6774024,1.0825976,-1.0874023,-1.9174024,-3.5874023,-2.8474023,-1.7874024,-1.9974023,-3.3574023,-4.1374025,-1.0974023,-2.5274024,-1.8074024,-0.32740235,-1.1774024,-1.7374023,-0.95740235,-3.0074024,-2.6374023,-2.7874024,-2.2374024,-0.99740237,-1.3274024,-2.3474023,-0.59740233,-1.0274024,0.73259765,-0.21740234,2.4625976,1.4325976,1.0325977,1.4625976,0.42259765,0.21259765,0.79259765,0.5825977,0.29259765,-0.58740234,-0.6774023,-0.63740236
2.4525976,1.0725976,0.012597656,-0.31740233,-1.2674023,-2.1174023,-2.6274023,-1.2274023,-1.5474024,-2.8274024,-3.7074022,-3.7374024,-3.2374024,-2.2274024,1.4125977,2.3925977,0.91259766,-0.44740236,-2.1874022,-3.7274024,-3.6074023,-3.3574023,-0.7374023,1.5325977,0.8825977,1.0225977,-2.3574023,2.1625977,0.0025976563,1.7725977,0.73259765,2.8925977,1.0425977,1.1025977,-2.3774023,-1.3074024,-1.1774024,-1.2274023,0.61259764,-2.2274024,0.5825977
3.3225977,2.5125976,0.23259765,-1.6374023,-2.2574024,-2.2574024,-2.8274024,-2.6474023,-3.3474023,-3.6774023,-3.8474023,-3.2274024,-2.8274024,-2.7874024,-1.7874024,2.8525977,1.3925977,0.84259766,-1.6674024,-2.9074023,-3.3374023,-3.1374023,0.48259765,1.7025976,0.20259766,0.37259766,0.47259766,-0.83740234,-0.40740234,0.46259767,0.9525977,0.38259766,1.5325977,-0.70740235,-0.44740236,2.2125976,2.8525977,0.62259763,0.33259764,-0.9874023,-0.12740235
0.5725977,1.3225976,-0.74740237,-1.8774023,-2.5474024,-1.8174024,-2.7974024,-3.4674025,-3.3574023,-3.3674023,-3.1874022,-3.0574024,-3.6374023,-3.5874023,-0.9874023,3.8025978,2.0725977,-1.4274024,-2.5674024,-3.0874023,-2.5574024,-1.2174023,-1.2074023,-0.31740233,-0.23740235,-0.65740234,0.99259764,3.5525978,3.1325977,1.3825977,1.5825976,-0.42740235,-0.7274023,-0.34740233,-0.41740236,-2.6074023,-1.0974023,1.4925977,0.96259767,0.28259766,1.3725977
0.34259766,0.50259763,-0.50740236,-2.9874024,-3.5474024,-2.7674024,-3.1374023,-2.1974022,-3.4974024,-3.4274023,-3.2374024,-3.0374024,-3.9374022,-0.9174023,2.2925978,-0.69740236,-0.64740235,-1.5274024,-3.1674023,-3.0974023,-2.0774024,-0.56740236,0.27259767,0.7725977,-0.28740233,-1.8574023,1.5325977,2.5925977,0.092597656,3.0425978,2.2825975,2.1925976,2.6225977,2.2425976,-1.2774024,-0.6774023,0.16259766,-0.90740234,-0.30740234,-0.27740234,-0.94740236
0.87259763,-0.21740234,-1.1274023,-1.6674024,-3.0374024,-4.0674024,-3.1974022,-3.5474024,-3.6574023,-3.6474023,-4.747402,-2.9474022,-4.3474026,-2.5674024,1.2125976,0.90259767,-0.30740234,-3.1574023,-4.1874022,-4.0674024,-4.2174025,0.36259764,1.9225976,2.3625977,1.4725976,-0.36740234,1.4125977,-0.37740234,2.7025976,2.5825977,2.1325977,1.1525977,1.1425977,-0.82740235,1.7925977,4.042598,2.9425976,3.1825976,1.3525977,-1.6174023,-1.7174023
1.5825976,1.8225976,0.73259765,-0.037402343,-2.3174024,-3.0974023,-3.5274024,-3.4274023,-3.9774024,-4.767402,-5.8374023,2.1725976,0.37259766,-0.77740234,0.12259766,0.5225977,-1.9074024,-2.9274023,-4.017402,-4.3174024,-5.827402,-6.5274024,-5.977402,0.6425977,2.8625977,0.46259767,1.2725977,1.7125976,2.2625976,3.7225976,3.0025976,1.4325976,0.30259764,1.1525977,-1.6074023,-1.5274024,-2.8874023,0.012597656,-0.45740235,-0.017402343,-0.46740234
2.1425977,1.6425977,0.44259766,0.022597656,-2.0074024,-2.8574023,-3.3574023,-3.2974024,-3.1474023,-3.8674023,-3.6374023,-1.8474023,-1.9874023,-2.4474022,-3.3174024,0.34259766,-1.8174024,-1.7574023,-3.1974022,-3.6374023,-3.3874023,-5.287402,-6.2574024,-5.4874024,-2.9374022,-1.0874023,0.042597655,-3.0674024,0.13259766,4.1125975,1.1725976,0.86259764,1.8725977,1.6725976,1.6325977,-0.50740236,-0.18740234,2.6725976,-1.3074024,0.14259766,-2.0774024
-0.15740234,0.13259766,-0.62740237,-1.9374024,-2.0974023,-2.4274023,-2.6974022,-3.0774024,-3.5874023,-2.0474024,-2.5274024,-2.5074024,-1.5674024,-0.36740234,-1.0674024,-1.5674024,-2.7674024,-3.0074024,-2.4074023,-2.9374022,-2.4774024,-3.1974022,-3.5774024,-3.7374024,-3.4874024,-2.6374023,-2.0974023,-0.43740234,-1.2174023,1.2525977,1.6125977,1.1625977,1.8225976,2.1725976,2.7025976,3.2225976,-0.52740234,1.0225977,1.2825977,0.80259764,-2.8374023
-0.7374023,-0.9774023,-1.5574024,-2.0874023,-2.2274024,-2.2674024,-2.1474023,-2.0774024,-2.2974024,-1.9474024,0.46259767,-1.2874024,-1.7274023,-1.1974024,-1.2274023,-2.5474024,-2.7874024,-2.6074023,-2.6974022,-2.8374023,-2.1274023,-2.3974023,-1.7274023,-2.6974022,-2.5974023,-2.5974023,-2.0474024,-0.62740237,-0.70740235,-0.78740233,0.75259763,0.022597656,-0.51740235,0.27259767,1.0725976,0.38259766,1.3125976,-1.1974024,0.85259765,4.4025974,3.9125977
-0.77740234,-0.8074024,-1.0874023,-1.4574023,-1.1674024,-1.1974024,-1.6074023,-1.5774024,-1.2074023,-1.6574024,1.9525976,0.62259763,-0.8674023,-0.8074024,-2.2574024,-2.5074024,-2.8274024,-2.8574023,-1.6374023,-1.9874023,-2.4174023,-2.6474023,-2.1874022,-1.9074024,-1.0474024,-0.84740233,-0.95740235,-2.0774024,0.5225977,0.80259764,1.0925976,0.81259763,-0.41740236,-0.087402344,0.9525977,1.6025977,1.9825977,2.5325975,2.5725977,2.0225976,0.5125977
-0.17740235,0.44259766,0.8325977,0.19259766,-0.5474023,-0.53740233,-0.50740236,-0.33740234,-0.29740235,-0.42740235,0.8825977,0.102597654,-0.057402343,-0.44740236,-0.117402345,-1.5074023,-1.7874024,-2.3774023,-1.2674023,-1.5874023,-0.33740234,-1.5974023,-2.2874024,-2.1874022,-2.2274024,-1.8274024,0.18259765,-0.22740234,-1.4674023,1.9325976,2.4825976,2.2125976,2.0025976,1.6525977,0.68259764,0.62259763,0.5225977,0.93259764,2.1525977,1.3925977,0.062597655
0.042597655,0.33259764,0.34259766,0.79259765,0.87259763,0.43259767,0.13259766,0.46259767,-0.077402346,0.41259766,0.20259766,-0.33740234,0.17259766,-1.3974023,-0.59740233,-0.9174023,-1.0474024,-0.48740235,-0.63740236,-0.82740235,0.48259765,0.022597656,0.38259766,-0.25740233,-0.78740233,-0.51740235,-0.8074024,-1.2774024,0.92259765,-0.48740235,2.1225977,2.5125976,1.6725976,1.8525977,1.1625977,1.4625976,0.99259764,0.5125977,1.8725977,3.9825976,2.4025977
0.5825977,1.0425977,1.0725976,1.7625977,1.7625977,1.4525976,1.4325976,1.7125976,2.0025976,2.0925977,2.2025976,1.5325977,1.5725976,1.1825976,0.29259765,0.24259765,0.42259765,0.092597656,-0.84740233,-0.89740235,0.08259766,0.40259767,0.17259766,-0.12740235,-0.45740235,-0.19740234,0.37259766,0.42259765,-0.25740233,1.2025976,1.6025977,1.3025976,1.5425977,1.4225976,1.2425977,1.7325977,1.7825977,1.0225977,0.59259766,1.2925977,4.4725976
1.1125977,0.50259763,0.14259766,0.46259767,1.8225976,2.5225976,1.7525977,2.2625976,2.2525976,1.8525977,1.9625976,2.1525977,1.0625976,0.68259764,1.0125977,0.85259765,0.27259767,0.5225977,0.23259765,-0.16740234,-0.087402344,-0.31740233,0.61259764,-0.59740233,-0.31740233,-0.19740234,0.81259763,0.86259764,0.18259765,2.7225976,2.7325976,1.2025976,1.3225976,0.98259765,1.6525977,1.1425977,1.4325976,1.9825977,1.7525977,2.1825976,3.1525977
