wind_kz.json
{"header": {"discipline":0,"disciplineName":"Meteorological products","gribEdition":2,"gribLength":1025,"center":7,"centerName":"US National Weather Service - NCEP(WMC)","subcenter":0,"refTime":"2023-09-27T18:00:00.000Z","significanceOfRT":1,"significanceOfRTName":"Start of forecast","productStatus":0,"productStatusName":"Operational products","productType":1,"productTypeName":"Forecast products","productDefinitionTemplate":0,"productDefinitionTemplateName":"Analysis/forecast at horizontal level/layer at a point in time","parameterCategory":2,"parameterCategoryName":"UnknownDiscipline_0_Category_2","parameterNumber":2,"parameterNumberName":"UnknownParameter_D0_C2_2","parameterUnit":"Unknown","genProcessType":2,"genProcessTypeName":"Forecast","forecastTime":60,"surface1Type":103,"surface1TypeName":"Specified height level above ground","surface1Value":10.0,"surface2Type":255,"surface2TypeName":"Missing","surface2Value":0.0,"gridDefinitionTemplate":0,"gridDefinitionTemplateName":"Latitude_Longitude","numberPoints":615,"shape":6,"shapeName":"Earth spherical with radius of 6,371,229.0 m","gridUnits":"degrees","resolution":48,"winds":"true","scanMode":64,"nx":41,"ny":15,"basicAngle":0,"lo1":47.0,"la1":41.0,"lo2":87.0,"la2":55.0,"dx":1.0,"dy":1.0}, "data":
[rows 0 to 14 of 15, columns 0 to 40 of 41]
-1.2286694,1.1213306,-2.1286695,-1.7486694,-5.0486693,-5.1186695,-3.5286694,-2.7386694,-1.8586694,-0.74866945,-0.12866944,0.80133057,1.2013305,0.89133054,2.6613305,3.2313306,3.1813307,5.1213307,3.4613307,2.5713305,-3.2386694,-1.8286694,-0.018669434,1.9913306,-1.6386695,0.87133056,2.2813306,2.9213305,0.61133057,1.5913305,-0.28866944,2.1613305,0.74133056,0.32133058,2.0213306,2.3913305,2.1113305,1.3913306,-1.0186695,0.76133054,0.8413306
-0.7086694,-2.2886693,-2.3686695,-3.5486693,-3.6886694,-3.1886694,-1.9886694,-1.4786694,-2.0386693,-0.61866945,1.2013305,0.9813306,0.94133055,1.2313305,2.2413306,4.0213304,3.3113306,4.2713304,2.1313305,0.6613306,-0.99866945,-0.8286694,0.48133057,3.0213306,2.8713305,1.2613306,0.36133057,2.2813306,3.4513307,1.0613306,0.9813306,1.4713305,-1.3186694,1.0613306,0.74133056,1.5513306,0.7113306,-0.7086694,1.2213305,-1.4186695,-0.43866944
-2.8486695,-3.9386694,-3.2286694,-2.4786694,-4.0086694,-2.6686695,-1.6986694,-2.0786695,-0.60866946,-0.19866943,0.42133057,1.6313306,2.9113305,2.5513306,3.1213305,2.5013306,4.2713304,5.0513306,3.7313306,1.8313305,-0.18866943,-0.118669435,0.33133057,4.0913305,1.9313306,2.5913305,1.3313305,0.56133056,3.2613306,0.49133056,1.9513305,0.30133057,0.36133057,0.7913306,-2.5186694,-0.75866944,-0.94866943,-0.55866945,-1.2786695,-0.19866943,0.45133057
-4.5386696,-4.938669,-4.5986695,-3.6786695,-1.6386695,-0.61866945,-0.16866943,0.56133056,0.8513306,1.2713306,1.6013305,1.8013306,2.0313306,3.5213306,3.0413306,0.95133054,-0.75866944,-0.81866944,-2.1586695,-2.9686694,-0.85866946,3.2913306,1.1313306,3.9213305,3.9013305,4.6113305,4.1513305,3.7613306,4.311331,1.1113305,3.6313305,-0.80866945,-2.1186695,-0.09866943,3.4113305,2.7213306,0.9013306,0.22133057,-1.2986695,-0.93866944,-1.6386695
-3.6186695,-2.9886694,-2.5686693,-2.0486693,-1.0486695,0.35133058,1.1013305,2.5413306,2.4813306,2.6013305,2.3313305,2.6613305,1.6713306,2.9513307,2.3913305,0.9713306,-0.5886694,-2.1686695,-1.7086694,-1.3786694,0.70133054,3.5213306,5.3513308,6.2213306,5.331331,3.8613305,5.2013307,5.7513304,6.8013306,6.0713305,6.1213307,4.6013308,2.6513305,0.56133056,-1.9686694,0.82133055,4.7713304,2.7513306,0.64133054,-0.24866943,-0.07866944
1.5813305,2.3813305,2.4813306,4.4513307,4.3513308,3.2713306,3.3113306,2.3013306,1.8713306,2.2313306,1.9213306,1.7613306,1.6413306,1.1213306,1.9613305,1.8813306,2.1013305,3.2013307,3.2013307,1.7213305,3.1513305,3.4813306,3.7313306,2.5313306,3.3613305,5.1013308,6.0113306,5.3813305,8.151331,8.601331,8.41133,7.4813304,6.0913305,4.6313305,3.4613307,-0.38866943,2.0513306,0.9613306,0.26133057,0.33133057,-0.5186694
-0.23866944,0.37133056,1.1513306,1.0813305,0.58133054,2.3513305,2.6613305,2.5113306,2.4313307,2.5113306,2.6313305,2.6713305,1.2813306,1.2513306,0.42133057,-0.09866943,1.7113305,4.2313304,1.6713306,2.2813306,3.4113305,3.8913305,3.7913306,2.7713306,2.7913306,3.4713306,6.1413307,6.8613305,8.12133,8.111331,8.321331,8.341331,6.8813305,5.9513307,3.0313306,2.8013306,1.5613306,0.9113306,3.1813307,-0.86866945,-1.2186694
0.50133055,0.5913306,0.9613306,1.3013306,1.5313306,1.9313306,2.6413305,2.9013305,3.6513305,3.3113306,2.9913306,2.7013307,2.5713305,2.0513306,1.8013306,2.3613305,1.1113305,1.0913305,0.29133058,0.6013306,2.8313305,2.7113307,2.6613305,2.8713305,2.2713306,2.7613306,3.5613306,3.9213305,4.4513307,4.3013306,6.0013304,7.061331,6.9813304,6.2213306,6.6013308,6.8413305,0.24133056,-6.7186694,-2.8886695,-4.0086694,-0.37866944
-2.1086695,-1.7086694,-1.4186695,-1.5386695,-1.0286695,0.22133057,0.86133057,0.83133054,1.2913306,1.6113305,2.1213305,2.7013307,4.6513305,1.6213306,2.9313307,0.95133054,2.8513305,0.56133056,1.1613306,0.9013306,-1.0986694,-2.0586693,2.7213306,4.1913304,1.8013306,2.5113306,1.7813306,-1.3386694,0.6513306,-0.56866944,-3.3386695,-1.8786694,-1.3186694,1.8713306,6.8213305,-3.0786695,-2.8186693,-0.73866946,1.9913306,-0.018669434,1.0813305
-2.1186695,-1.9786694,-1.7286694,-1.9586694,-0.75866944,-0.66866946,0.19133057,1.2113305,0.15133056,0.041330565,0.70133054,0.7213306,1.3013306,0.80133057,1.0213306,1.3813306,0.24133056,1.0613306,-0.74866945,-1.5986694,-2.1486695,0.20133057,-0.34866944,-0.118669435,2.7313306,0.83133054,-1.0886694,-1.6986694,-3.8086693,-4.8386693,-2.7686694,-1.9386694,-1.7886695,-3.1986694,-1.3686694,-1.5186695,-2.7886693,-1.6786695,0.9613306,1.3513305,-1.1386695
-1.1186694,-1.5186695,-0.87866944,0.51133054,-0.18866943,-0.23866944,0.74133056,0.88133055,-0.74866945,0.35133058,0.24133056,-1.6086694,-0.21866943,0.21133056,-0.5986694,-2.0486693,-2.3286695,-2.0686693,0.041330565,0.37133056,-0.91866946,-0.56866944,0.7113306,3.1613305,3.2313306,0.70133054,-0.61866945,-1.0286695,-2.9786694,-0.5786694,-1.8486694,-1.0786694,-2.0486693,-0.60866946,-1.5386695,-1.2886695,-0.8386694,-0.45866942,1.5713305,-0.28866944,1.9213306
0.36133057,0.87133056,-0.028669434,-0.06866943,0.35133058,0.24133056,0.55133057,0.57133055,-0.088669434,-0.5786694,-0.74866945,-1.8986695,-1.9086695,-2.1486695,-1.8586694,-1.5686694,-0.68866944,-0.9586694,2.2513306,-1.9086695,1.7813306,1.3113306,0.29133058,0.23133057,1.2913306,0.70133054,0.82133055,0.41133058,-1.2286694,-1.6186694,-1.0086694,-1.2486694,-1.1386695,0.24133056,0.58133054,1.5713305,2.0613306,0.46133056,-0.41866943,-0.7186694,-0.25866944
1.1813306,1.4613305,1.0813305,0.41133058,0.7813306,0.86133057,0.83133054,0.76133054,-1.3786694,-0.07866944,-0.6586694,-0.8386694,-1.5686694,-1.9586694,-1.6286694,-1.6486695,-1.5686694,-0.7086694,0.8513306,0.42133057,0.32133058,0.49133056,-0.07866944,1.0613306,0.61133057,0.36133057,-0.87866944,1.2113305,0.46133056,1.6413306,1.2713306,0.6713306,-0.20866944,0.45133057,0.7113306,0.9713306,1.6313306,0.94133055,1.2913306,-0.12866944,0.061330568
1.6113305,1.3113306,1.0713305,0.46133056,0.86133057,0.83133054,-0.38866943,-0.008669433,0.11133057,-0.13866943,-0.088669434,-0.37866944,-0.67866945,-1.7686695,-1.3086694,-2.0586693,-2.0886695,-1.6686695,-3.3086693,-2.3986695,-1.9086695,-1.4986694,0.81133056,-0.018669434,0.87133056,1.2513306,1.1513306,1.0913305,1.8113306,2.3413305,1.7013305,1.6213306,1.2513306,1.7313305,2.1513305,3.7013307,3.0313306,3.2713306,3.4113305,3.2513306,3.4613307
0.7113306,1.2013305,-0.6586694,0.47133055,0.42133057,1.0013306,1.2213305,0.82133055,0.07133057,-1.1386695,-0.5786694,-0.81866944,-0.74866945,-1.1786695,-0.9586694,-1.0686694,-0.48866943,-2.2986693,-0.7186694,-2.2186694,-1.1186694,-0.50866944,-0.44866943,-1.2886695,-2.3886695,-3.2986693,-1.4786694,-1.1986694,-0.17866944,0.22133057,1.1613306,0.99133056,2.0713305,3.1113305,3.7613306,5.5913305,5.5513306,5.3913307,6.0213304,4.9113307,2.6413305
