wind.json
{"header": {"discipline":0,"disciplineName":"Meteorological products","gribEdition":2,"gribLength":1039,"center":7,"centerName":"US National Weather Service - NCEP(WMC)","subcenter":0,"refTime":"2023-06-27T18:00:00.000Z","significanceOfRT":1,"significanceOfRTName":"Start of forecast","productStatus":0,"productStatusName":"Operational products","productType":1,"productTypeName":"Forecast products","productDefinitionTemplate":0,"productDefinitionTemplateName":"Analysis/forecast at horizontal level/layer at a point in time","parameterCategory":0,"parameterCategoryName":"UnknownDiscipline_0_Category_0","parameterNumber":0,"parameterNumberName":"UnknownParameter_D0_C0_0","parameterUnit":"Unknown","genProcessType":2,"genProcessTypeName":"Forecast","forecastTime":180,"surface1Type":1,"surface1TypeName":"Ground or water surface","surface1Value":0.0,"surface2Type":255,"surface2TypeName":"Missing","surface2Value":0.0,"gridDefinitionTemplate":0,"gridDefinitionTemplateName":"Latitude_Longitude","numberPoints":688,"shape":6,"shapeName":"Earth spherical with radius of 6,371,229.0 m","gridUnits":"degrees","resolution":48,"winds":"true","scanMode":64,"nx":43,"ny":16,"basicAngle":0,"lo1":45.0,"la1":40.0,"lo2":87.0,"la2":55.0,"dx":1.0,"dy":1.0}, "data":
[rows 0 to 15 of 16, columns 0 to 42 of 43]
293.8611,288.8611,310.7611,319.1611,316.1611,297.8611,296.96112,295.0611,301.7611,315.6611,319.3611,324.3611,324.5611,323.96112,325.46112,324.3611,324.6611,324.7611,325.7611,324.0611,320.96112,318.1611,316.8611,320.8611,318.7611,314.5611,316.1611,306.3611,303.8611,308.3611,308.2611,320.46112,322.46112,312.46112,316.96112,324.0611,327.46112,329.1611,326.96112,331.46112,332.8611,329.7611,333.8611
295.96112,311.1611,311.5611,298.96112,305.6611,296.7611,296.7611,295.0611,313.5611,328.2611,326.0611,327.46112,323.7611,321.96112,322.46112,323.2611,324.6611,327.0611,325.8611,323.3611,327.3611,324.1611,328.6611,321.3611,319.6611,315.96112,320.0611,319.46112,314.2611,295.3611,300.6611,297.2611,294.6611,294.0611,310.96112,320.5611,322.2611,326.5611,331.7611,329.2611,329.5611,331.5611,332.3611
298.5611,293.8611,289.1611,304.1611,296.46112,296.6611,296.5611,294.5611,311.1611,320.6611,325.5611,324.96112,325.46112,323.0611,322.2611,321.1611,325.2611,325.7611,325.46112,326.2611,325.2611,327.8611,328.96112,322.5611,320.8611,310.1611,300.46112,297.6611,304.5611,299.5611,300.0611,292.1611,299.2611,297.7611,305.96112,273.1611,298.5611,317.0611,319.6611,323.5611,329.2611,318.5611,286.3611
291.46112,294.0611,306.0611,296.5611,296.5611,296.7611,295.96112,314.6611,318.1611,319.3611,320.96112,318.2611,321.3611,324.96112,323.46112,325.2611,323.6611,325.2611,325.5611,324.3611,323.6611,326.0611,329.6611,322.2611,323.7611,316.96112,320.0611,320.7611,318.5611,320.96112,312.7611,299.3611,293.3611,294.5611,301.2611,305.3611,310.1611,306.1611,299.96112,299.1611,305.1611,300.3611,300.8611
302.6611,310.7611,307.2611,297.5611,297.5611,296.8611,302.6611,321.46112,319.0611,321.96112,319.1611,322.1611,322.1611,320.7611,296.1611,295.6611,323.5611,326.3611,322.96112,324.8611,324.5611,325.2611,319.96112,320.46112,323.6611,322.8611,325.1611,323.6611,325.7611,322.7611,323.7611,324.96112,322.5611,309.6611,327.1611,328.96112,323.3611,318.8611,299.3611,300.1611,302.6611,318.96112,324.0611
309.0611,309.2611,312.96112,297.96112,297.7611,298.2611,306.6611,318.1611,320.0611,323.8611,321.46112,322.2611,324.7611,322.1611,295.7611,295.6611,292.96112,322.2611,324.6611,319.5611,316.46112,319.96112,323.0611,325.8611,324.1611,322.46112,325.46112,327.3611,328.7611,317.0611,326.8611,326.5611,327.46112,321.1611,304.0611,298.0611,305.46112,319.2611,316.7611,331.6611,332.3611,325.6611,325.46112
309.1611,310.96112,310.3611,311.2611,298.7611,297.3611,297.46112,297.1611,320.96112,321.6611,322.5611,324.7611,326.8611,324.1611,299.1611,295.7611,308.0611,321.0611,322.8611,320.8611,320.1611,320.8611,321.46112,319.1611,320.96112,320.3611,322.0611,323.96112,327.2611,291.0611,311.5611,324.46112,322.46112,320.6611,323.2611,321.7611,314.8611,311.8611,310.1611,314.5611,327.3611,335.8611,326.2611
308.8611,309.7611,308.5611,309.1611,312.7611,314.7611,311.7611,321.0611,322.2611,322.96112,321.2611,320.3611,322.96112,325.3611,323.0611,323.46112,324.3611,321.96112,320.3611,319.46112,320.2611,320.3611,320.0611,316.5611,317.0611,317.7611,317.2611,319.46112,319.5611,323.2611,328.6611,326.96112,316.1611,318.0611,325.6611,324.96112,320.3611,318.3611,310.1611,306.6611,302.6611,295.8611,320.5611
306.5611,305.3611,308.5611,310.1611,310.5611,312.2611,314.6611,315.7611,315.8611,312.5611,317.6611,315.6611,322.1611,319.96112,321.0611,317.2611,321.5611,319.6611,320.7611,318.46112,320.5611,316.3611,315.0611,316.46112,316.1611,313.8611,314.46112,312.8611,313.3611,313.7611,314.3611,316.8611,316.1611,318.46112,315.7611,314.5611,314.6611,319.96112,323.2611,289.1611,319.46112,319.8611,314.0611
293.1611,305.6611,306.3611,307.46112,309.2611,310.8611,311.3611,309.8611,309.5611,312.1611,315.0611,315.2611,315.46112,316.46112,316.96112,319.7611,317.96112,316.96112,316.5611,317.2611,314.96112,313.46112,309.96112,308.96112,309.7611,310.8611,311.5611,312.2611,307.7611,306.6611,297.2611,302.8611,313.1611,311.8611,314.7611,314.7611,313.96112,309.96112,311.7611,310.6611,290.8611,291.5611,300.46112
301.96112,303.46112,303.7611,305.46112,307.7611,308.5611,308.96112,310.6611,310.96112,313.46112,312.8611,312.7611,311.0611,312.1611,312.8611,313.8611,312.96112,312.6611,312.2611,312.2611,312.96112,312.2611,293.6611,308.0611,311.46112,310.3611,306.1611,296.96112,307.46112,306.8611,307.0611,306.7611,310.46112,299.7611,305.7611,313.2611,312.3611,310.96112,305.6611,299.1611,300.5611,300.8611,290.6611
297.6611,295.0611,300.3611,301.2611,302.8611,303.7611,304.6611,307.3611,308.1611,308.96112,308.6611,309.6611,306.96112,300.96112,310.1611,308.1611,309.0611,308.5611,307.8611,308.46112,310.0611,301.3611,315.1611,311.6611,308.3611,302.1611,298.46112,302.2611,303.3611,306.96112,295.3611,311.6611,310.2611,303.5611,305.8611,313.6611,310.0611,311.3611,303.2611,301.3611,300.5611,302.2611,299.2611
295.7611,296.5611,297.8611,299.46112,298.1611,300.2611,302.0611,303.6611,303.8611,304.1611,302.8611,305.5611,304.96112,294.7611,305.1611,305.7611,305.2611,305.96112,306.46112,308.1611,305.1611,305.5611,304.8611,302.8611,304.0611,307.0611,305.0611,307.96112,309.96112,308.5611,298.1611,303.5611,305.6611,309.3611,309.0611,309.96112,307.1611,308.96112,307.0611,307.5611,303.46112,302.6611,302.2611
293.7611,294.5611,295.7611,296.5611,297.0611,294.0611,297.0611,299.7611,301.7611,301.0611,299.3611,301.3611,294.3611,293.0611,301.3611,302.1611,302.0611,302.3611,303.6611,302.3611,301.5611,297.8611,300.96112,299.96112,302.1611,301.7611,307.46112,309.8611,313.1611,311.0611,310.3611,308.1611,309.2611,308.7611,306.1611,305.7611,304.8611,304.1611,304.2611,303.46112,301.2611,303.3611,302.2611
293.2611,292.3611,294.96112,296.6611,293.7611,291.3611,295.1611,298.96112,300.46112,296.46112,295.2611,295.7611,291.0611,297.8611,301.1611,303.0611,301.2611,301.2611,301.0611,301.3611,303.6611,303.46112,301.8611,301.3611,303.8611,304.46112,304.8611,307.5611,306.46112,305.5611,303.96112,304.6611,305.96112,305.8611,304.6611,304.1611,303.8611,304.1611,302.8611,302.6611,302.5611,300.0611,300.5611
292.6611,293.6611,294.7611,296.6611,290.8611,293.5611,289.7611,295.5611,299.1611,297.5611,299.3611,298.3611,298.46112,294.6611,301.2611,301.2611,301.3611,301.46112,301.96112,299.5611,301.8611,300.46112,300.6611,301.1611,302.46112,302.6611,302.46112,302.46112,302.8611,304.0611,302.96112,304.7611,302.96112,295.3611,304.46112,304.8611,303.1611,302.5611,300.8611,299.1611,301.96112,302.8611,302.6611
