wind_kz.json
{"header": {"discipline":0,"disciplineName":"Meteorological products","gribEdition":2,"gribLength":1025,"center":7,"centerName":"US National Weather Service - NCEP(WMC)","subcenter":0,"refTime":"2023-08-26T06:00:00.000Z","significanceOfRT":1,"significanceOfRTName":"Start of forecast","productStatus":0,"productStatusName":"Operational products","productType":1,"productTypeName":"Forecast products","productDefinitionTemplate":0,"productDefinitionTemplateName":"Analysis/forecast at horizontal level/layer at a point in time","parameterCategory":2,"parameterCategoryName":"UnknownDiscipline_0_Category_2","parameterNumber":3,"parameterNumberName":"UnknownParameter_D0_C2_3","parameterUnit":"Unknown","genProcessType":2,"genProcessTypeName":"Forecast","forecastTime":0,"surface1Type":103,"surface1TypeName":"Specified height level above ground","surface1Value":10.0,"surface2Type":255,"surface2TypeName":"Missing","surface2Value":0.0,"gridDefinitionTemplate":0,"gridDefinitionTemplateName":"Latitude_Longitude","numberPoints":615,"shape":6,"shapeName":"Earth spherical with radius of 6,371,229.0 m","gridUnits":"degrees","resolution":48,"winds":"true","scanMode":64,"nx":41,"ny":15,"basicAngle":0,"lo1":47.0,"la1":41.0,"lo2":87.0,"la2":55.0,"dx":1.0,"dy":1.0}, "data":
[rows 0 to 14 of 15, columns 0 to 40 of 41]
3.4517407,1.2217407,-1.1682593,-3.8482592,-3.7982593,-3.4882593,-4.628259,-5.7782593,-4.478259,-1.6782593,-0.7682593,-0.9082593,-5.1982594,-5.7382593,-5.1182594,-2.0682592,-1.3382592,-4.228259,-2.5582592,-2.3182592,-3.2982593,-4.1182594,-1.8082592,2.2717407,3.0017407,3.1717408,1.7117407,0.29174072,-2.2082593,2.4017408,2.5317407,0.6117407,-1.3782593,-4.5582595,0.6117407,-0.16825928,0.11174072,2.4217408,2.1717408,1.6117407,1.0717407
-1.4282593,-0.018259278,-7.438259,-6.0982594,-5.1382594,-3.4682593,-4.3282595,-4.6982594,-5.6582594,-5.3482594,-5.088259,2.2117407,3.2217407,4.1317406,4.731741,-1.8382592,0.2617407,-1.7182593,-1.9282593,-2.8282592,-3.3082592,-4.608259,0.15174073,0.88174075,3.4317408,3.5117407,3.8217406,1.1617408,-0.46825927,1.1717408,3.3817408,3.2617407,2.1117408,3.6117408,2.7917407,-0.3282593,4.081741,2.1817408,1.9017407,1.8917407,0.041740723
-5.6782594,-6.6782594,-8.74826,-9.078259,-5.338259,-1.5882592,-3.6182592,-3.9682593,-3.7382593,-5.108259,-3.6382592,-4.268259,-3.4282594,-0.3882593,4.161741,3.1617408,1.6117407,-1.7882593,-0.8382593,-3.5182593,-4.9282594,-3.6082592,3.0517406,4.3817406,0.021740723,-3.5982592,-2.8582592,-2.3982592,-0.21825927,-2.3582592,-0.44825926,3.2317407,6.331741,1.5017407,0.77174073,-1.1882592,3.1517408,3.2217407,-0.72825927,3.4417408,2.1117408
-4.478259,-5.8482594,-6.438259,-8.20826,-6.228259,-6.148259,-5.1182594,-2.4282594,-2.3382592,-2.7582593,-2.8582592,-2.7082593,-3.2882593,-2.9082594,-1.0482593,1.9517407,1.3917407,0.7517407,0.03174072,-3.3682592,-4.608259,-1.7082592,-3.2282593,0.25174072,3.2417407,1.5217407,0.24174072,1.8117408,-0.7782593,-2.7482593,-3.6182592,1.3917407,1.6017407,-0.9082593,1.3817407,2.4817407,3.1617408,0.52174073,-4.2182593,-2.8582592,0.6717407
-6.6782594,-7.378259,-6.9282594,-7.018259,-7.518259,-6.2382593,-5.9682593,-1.7682593,-1.4282593,-1.1282593,-0.61825925,-1.8482593,-2.7082593,-3.3382592,-1.9182593,0.77174073,2.8517408,4.5517406,3.1717408,0.05174072,-1.2782593,-2.7082593,-1.2482593,1.5017407,3.2917407,4.2817407,3.0817406,-1.0382593,0.4217407,-1.4682593,-4.2382593,-5.588259,-2.0982592,1.6217407,0.6117407,2.5917406,1.1417407,-1.1182593,-2.1582594,0.5917407,0.83174074
-6.998259,-5.6782594,-5.8182592,-7.6182594,-8.578259,-8.618259,-5.9482594,-2.2082593,-2.2982593,0.021740723,3.0517406,1.7517407,0.8017407,-2.1982594,-1.0682592,-0.73825926,2.7817407,5.911741,5.2217407,1.6717408,-0.078259274,-1.8482593,-1.6382593,-0.028259277,0.9217407,2.1117408,0.6117407,-3.8482592,-0.59825927,-1.4482592,-0.4882593,-2.0082593,-3.5382593,-3.0582592,-3.6882594,-2.3582592,-3.5782592,1.0917407,1.8117408,1.6217407,2.0717406
-6.3082595,-5.268259,-5.398259,-6.8682594,-7.0482593,-7.518259,-9.108259,-6.5582595,-4.5382595,-4.148259,1.2417407,3.3217406,-1.4582592,-0.9982593,-1.2382593,-0.8882593,4.4317408,5.3217406,4.2817407,5.2117405,1.4417408,0.18174072,0.46174073,1.1017407,0.71174073,0.7217407,1.1417407,0.13174072,-0.39825928,1.3017408,1.6817408,1.5317407,-1.9382592,-1.7382593,0.3617407,-2.1382592,3.3617408,3.7517407,3.2217407,3.6817408,1.8317407
-5.0582595,-7.7982593,-5.6382594,-6.6782594,-7.3882594,-7.3482594,-5.838259,-4.2782593,-4.088259,-4.7582593,-5.398259,-5.188259,-2.7382593,-1.2882593,-1.5682592,0.18174072,-0.8182593,4.2017407,7.371741,7.1117406,5.0117407,3.4717407,2.2317407,1.1217407,-0.018259278,1.4217408,2.3017406,2.1917408,2.4317408,1.4917407,1.7617407,1.4017407,2.6717408,-1.8582593,-0.5082593,-1.8582593,1.0317407,-0.8382593,-1.0382593,0.7217407,4.371741
-4.7782593,-5.838259,-6.5582595,-7.018259,-7.6982594,-8.33826,-8.698259,-6.3282595,-6.018259,-3.9282594,-2.8482592,-4.8182592,-2.9082594,-4.768259,-2.5582592,-0.3282593,1.2117407,4.791741,5.9717407,4.1817408,6.041741,5.9717407,4.9717407,3.7717407,2.3117406,1.5217407,1.8917407,2.3517408,3.5217407,2.3417406,1.1617408,-0.6882593,-0.8782593,-2.2882593,-2.8482592,-2.0382593,1.3717407,2.7117407,3.8117406,2.7417407,2.4417408
-5.128259,-5.3882594,-6.898259,-7.3082595,-6.9482594,-6.898259,-7.418259,-6.8282595,-6.958259,-6.7582593,-5.3482594,-3.7382593,-3.6182592,-3.8282592,-3.2882593,-2.0982592,-1.0882592,0.05174072,0.7817407,4.8617406,7.1917405,8.471741,5.771741,5.2617407,4.0517406,3.2117407,2.8217406,2.2417407,1.7717407,1.6517407,1.6717408,0.0017407227,-1.1682593,-2.9182594,-2.7482593,-2.6082592,0.11174072,3.1317408,3.7617407,5.8217406,2.9517407
-4.2382593,-6.0482593,-7.0082593,-6.3282595,-7.1182594,-7.0082593,-5.0782595,-6.0682592,-5.9282594,-6.3082595,-5.768259,-4.3882594,-4.838259,-4.0982594,-4.1782594,-2.2782593,-0.9382593,-1.1882592,-1.0582592,2.2917407,4.7617407,3.7017407,3.7917407,3.1217408,5.501741,5.521741,4.731741,4.3217406,3.4217408,2.2517407,0.33174074,0.22174072,-0.6482593,-2.6182592,-3.3782592,-2.8882592,-0.7682593,-1.0882592,0.33174074,0.25174072,2.4017408
-3.3082592,-4.3482594,-4.2782593,-6.2382593,-5.6182594,-6.2882595,-4.2982593,-4.7382593,-4.708259,-5.3282595,-4.4482594,-3.1682594,-4.898259,-4.6782594,-4.6582594,-3.5082593,-1.2982593,-3.1782594,-1.2382593,0.5917407,2.1517408,2.7617407,8.511741,3.8517408,5.7617407,6.481741,5.2817407,5.6917405,5.2417407,4.3617406,2.4217408,-0.028259277,-0.67825925,-1.2982593,-1.6782593,-2.8882592,-3.0182593,0.061740723,-0.9582593,-1.6682593,-1.6482593
-3.5382593,-3.6882594,-5.188259,-5.358259,-4.168259,-3.6982594,-4.918259,-3.5382593,-4.9882593,-4.588259,-2.8582592,-2.2082593,-3.2082593,-3.4082594,-3.5182593,-5.0782595,-3.9782593,-2.7082593,-3.7482593,-2.8982592,3.4517407,4.231741,1.2517407,-2.2382593,2.0517406,3.8517408,5.8817406,5.6917405,6.001741,5.411741,3.7117407,2.1017408,0.101740725,0.3617407,-0.46825927,-2.3082592,-3.1482592,-2.1382592,-1.8082592,-0.6382593,-0.43825927
-2.2782593,-4.1582594,-4.8082595,-4.1582594,-4.608259,-5.0082593,-3.9682593,-3.5882592,-3.3882592,-3.7982593,-2.0582592,-2.1782594,-2.4082594,-2.9082594,-3.7182593,-3.4482594,-3.7082593,-3.5582592,-3.1682594,-3.0582592,-3.7582593,-1.3182592,3.7217407,3.0117407,-1.7482593,-1.5182593,1.6017407,4.5517406,4.561741,5.0117407,3.5017407,2.6517408,1.6617408,2.2517407,0.7517407,-0.86825925,-2.0282593,-2.4082594,-1.2782593,-0.55825925,-0.6282593
-1.3482593,-3.0882592,-3.9082594,-3.6482592,-3.6382592,-4.108259,-3.6282592,-2.8382592,-2.0782592,-2.6682594,-0.05825928,-0.24825928,-0.27825928,-2.9382594,-3.8182592,-3.4982593,-2.6782594,-2.3982592,-2.0282593,-2.3582592,2.1217408,-1.4482592,-1.1382593,0.5317407,2.4817407,6.2217407,1.8017408,2.7417407,3.1517408,2.7817407,3.3317406,1.4417408,2.0117407,2.3317406,1.4217408,-0.30825928,0.89174074,-1.5582592,-2.4082594,-2.0782592,0.18174072
