wind_kz.json
{"header": {"discipline":0,"disciplineName":"Meteorological products","gribEdition":2,"gribLength":1025,"center":7,"centerName":"US National Weather Service - NCEP(WMC)","subcenter":0,"refTime":"2023-09-22T06:00:00.000Z","significanceOfRT":1,"significanceOfRTName":"Start of forecast","productStatus":0,"productStatusName":"Operational products","productType":1,"productTypeName":"Forecast products","productDefinitionTemplate":0,"productDefinitionTemplateName":"Analysis/forecast at horizontal level/layer at a point in time","parameterCategory":2,"parameterCategoryName":"UnknownDiscipline_0_Category_2","parameterNumber":3,"parameterNumberName":"UnknownParameter_D0_C2_3","parameterUnit":"Unknown","genProcessType":2,"genProcessTypeName":"Forecast","forecastTime":0,"surface1Type":103,"surface1TypeName":"Specified height level above ground","surface1Value":10.0,"surface2Type":255,"surface2TypeName":"Missing","surface2Value":0.0,"gridDefinitionTemplate":0,"gridDefinitionTemplateName":"Latitude_Longitude","numberPoints":615,"shape":6,"shapeName":"Earth spherical with radius of 6,371,229.0 m","gridUnits":"degrees","resolution":48,"winds":"true","scanMode":64,"nx":41,"ny":15,"basicAngle":0,"lo1":47.0,"la1":41.0,"lo2":87.0,"la2":55.0,"dx":1.0,"dy":1.0}, "data":
[rows 0 to 14 of 15, columns 0 to 40 of 41]
1.8665503,1.8165503,0.4265503,3.1665504,3.4465504,1.5265503,2.7265503,2.4865503,0.7165503,0.28655028,-0.8034497,-1.0834497,-1.8634497,-1.2934498,-0.7534497,-2.7234497,-4.52345,-4.6334496,-4.7434497,-2.8134496,-2.0334496,-3.6534498,-3.4034498,1.9165503,2.0065503,3.0365503,3.7865503,2.9465504,-1.5634497,-5.3034496,-1.5034497,3.1665504,-0.8434497,-0.5134497,3.6665504,1.0165503,2.1265502,1.0465503,-1.4134498,4.3065505,1.0465503
-0.9634497,1.4165503,3.6465502,4.68655,3.4365504,1.9665504,3.8365502,1.3765503,-0.033449706,0.67655027,-0.3834497,-2.1434498,-1.7834496,-0.9634497,-1.1734498,-2.9234498,-2.3734498,-4.2834496,-4.4034495,-3.0834496,-3.3834498,-2.8734498,-3.1634498,-0.9534497,1.5565503,2.5265503,2.8465502,2.5465503,2.2165504,2.5665503,-0.33344972,-3.1734498,-0.4434497,0.86655027,2.3265502,1.4765503,2.8165503,1.5465503,2.5865502,0.13655029,-0.2634497
1.1565503,4.45655,4.7865505,4.6765504,2.7565503,2.8965502,2.2065504,0.55655026,1.2965503,0.1665503,-1.4334497,-1.5534497,-1.6734498,-0.8734497,-1.1834497,-2.5934496,-2.7634497,-3.6434498,-3.6034498,-3.3734498,-3.5234497,-0.9034497,-2.2034497,-1.7834496,-2.7834496,-2.0534496,0.9665503,4.6965504,1.6765503,0.7665503,-2.3034496,0.2765503,-3.2034497,0.6565503,1.1065503,-2.5634496,-3.9434497,-0.7934497,-2.1034498,0.6265503,1.1265503
2.3865502,1.9465503,5.0465503,3.6865504,3.1165502,3.2565503,2.8665502,2.2665503,0.8465503,0.9865503,0.12655029,-1.4434497,-2.9234498,-1.8834497,-1.6434497,-2.7234497,-3.5534496,-4.29345,-2.9234498,-2.2234497,-2.9634497,-3.1034498,-3.1334498,-2.0234497,-0.7334497,-1.6334497,-0.023449708,0.9865503,1.4465503,0.7565503,-3.0134497,-3.4134498,1.6265503,0.056550294,2.5365503,1.7765503,3.4465504,1.9765503,-3.7834496,-2.3934498,-3.3334496
-0.003449707,-0.6734497,0.5265503,0.5165503,0.25655028,1.0165503,0.9365503,0.67655027,1.3065503,2.0965502,0.7565503,-1.2834496,-1.9134498,-2.2234497,-2.5634496,-3.0234497,-3.9334497,-3.4834497,-3.1734498,-2.4334497,-2.6034498,-1.8334497,-3.4534497,-2.5134497,-0.2534497,-0.23344971,-1.1734498,0.6065503,1.9365503,0.15655029,-0.8534497,-0.5034497,-1.1534497,-0.7234497,0.4065503,0.86655027,0.9765503,1.6865503,1.5565503,-0.9034497,-3.1934497
-0.043449707,0.1465503,0.41655028,0.5665503,-0.043449707,1.1765503,1.0265503,0.44655028,2.2665503,1.3765503,-0.06344971,-1.4934497,-1.7234497,-2.5334496,-3.7034497,-2.9034498,-3.4934497,-3.1534498,-3.0134497,-2.1734498,-3.4834497,-3.7934496,-3.2734497,-1.0534497,-0.7534497,-1.6034497,-1.8634497,-0.9734497,-1.5434498,-2.0234497,-1.8534497,-2.8234496,-2.6134498,-2.6034498,-1.4934497,-1.4334497,-2.1234498,-3.9534497,-2.0734496,0.4865503,0.44655028
-0.3134497,-0.2134497,-0.3534497,-0.7134497,0.86655027,1.6065503,0.8365503,1.2665503,0.5765503,0.3365503,-0.2134497,-0.9934497,-1.8734497,-2.5934496,-3.5934496,-3.5234497,-3.2534497,-3.5534496,-3.3634498,-2.1434498,-2.6134498,-3.1034498,-3.1334498,-2.0334496,-0.013449707,-1.7534497,-2.4134498,-3.7234497,-2.6334498,-2.9834497,-3.1834497,-1.9234498,-2.7534497,-2.7234497,-3.4634497,-0.1834497,1.7665503,0.6365503,-0.5334497,1.8565503,-3.9334497
0.056550294,-0.57344973,-0.9134497,-0.88344973,-0.2934497,0.4065503,0.67655027,0.3665503,0.28655028,-0.1834497,-0.63344973,-1.6134497,-2.0634496,-2.1734498,-2.4934497,-3.2634497,-3.4734497,-3.6334498,-3.0634496,-2.6634498,-1.6034497,-2.5334496,-1.5134497,-1.8034497,-2.0434496,-2.5634496,-2.6534498,-2.7434497,-1.6334497,-2.1934497,-3.4134498,-4.2134495,-2.8734498,-2.7834496,-4.27345,-3.6534498,-1.7234497,-1.8034497,-1.4734497,0.1665503,-0.1834497
0.5665503,-0.033449706,-0.08344971,-0.6034497,-0.5534497,0.18655029,0.6265503,0.6665503,0.6865503,-0.3934497,-1.1734498,-1.9134498,-2.7134497,-1.6634498,-1.9634497,-1.8234497,-2.1434498,-2.3034496,-2.7834496,-3.1634498,-1.9634497,-2.0134497,-2.0434496,-2.1034498,-3.0334496,-2.1834497,-0.7034497,-1.5634497,-3.0734496,-3.9834497,-4.1534495,-3.5334496,-4.7834496,-2.4434497,-1.3434497,-3.2134497,1.6365503,1.5665503,1.5065503,0.5765503,2.4065504
1.0365503,0.5465503,0.056550294,-0.123449706,-0.6434497,-0.63344973,-0.6034497,-0.7734497,-1.0034497,-1.7234497,-2.2834496,-2.7534497,-2.6734498,-2.9234498,-2.4134498,-1.8734497,-0.8634497,-0.4134497,-0.3534497,-0.9334497,-1.3234497,-1.4534497,-2.2734497,-2.1734498,-1.6334497,-1.6234497,-0.8034497,-1.0034497,-0.7234497,-0.8534497,-2.2034497,-3.8634498,-4.04345,-3.8934498,-1.8134497,-2.7434497,-0.7134497,1.2065502,0.92655027,-0.023449708,-1.7634497
1.3165503,0.9565503,0.1965503,0.1165503,-0.093449704,-0.3234497,-0.5634497,-0.5034497,-0.5934497,-0.9834497,-1.2934498,-1.5034497,-2.2134497,-2.0834496,-2.7134497,-2.2534497,-1.3834497,-0.4734497,1.1765503,0.9465503,0.3065503,-0.4734497,-0.7234497,-0.7534497,-0.9134497,-0.9534497,-1.0234497,-0.093449704,0.4065503,0.4665503,-1.0234497,-2.6334498,-2.4834497,-0.7134497,-1.2634497,0.3865503,0.8765503,-0.23344971,0.55655026,-0.15344971,0.5465503
1.1165503,1.2065502,0.5165503,-0.23344971,-0.9034497,-0.3434497,-0.1834497,-0.23344971,0.18655029,0.7465503,0.1165503,-1.4134498,-1.2334497,-0.6234497,-1.5434498,-1.2934498,-1.1534497,-0.23344971,1.9965503,2.0565503,1.7765503,1.2065502,0.9865503,0.9065503,0.7665503,0.5665503,0.8265503,0.61655027,0.5965503,0.9665503,0.1765503,-0.9134497,-1.0734497,-0.8134497,-0.11344971,1.3365502,2.2965503,0.3765503,-0.2934497,0.5965503,-0.9234497
0.9465503,0.5065503,0.3865503,-0.20344971,-0.5234497,-0.69344974,-0.7734497,-0.123449706,-0.8934497,0.7565503,0.06655029,-0.8034497,-1.0534497,-0.8034497,-1.1634498,-0.6634497,0.4865503,0.9065503,1.7965503,1.8165503,2.7665503,2.7265503,2.3765502,1.9865503,2.0165503,2.2965503,2.3165503,2.3265502,2.1965504,1.6865503,1.4365503,0.9765503,0.67655027,0.55655026,0.4265503,-0.053449705,0.086550295,1.4765503,0.7165503,3.4765503,1.9165503
0.8865503,1.0265503,-0.013449707,0.4965503,-0.4234497,-0.6434497,0.12655029,-0.7534497,-1.1434497,0.24655029,0.18655029,-0.6534497,-0.9334497,-0.14344971,-1.0234497,-1.5534497,-1.3234497,-0.2534497,0.9365503,2.2065504,1.5265503,2.1865504,2.2265503,2.3465502,2.3265502,2.0965502,2.3865502,3.4365504,3.7865503,3.9965503,3.5965502,3.0865502,2.5965502,2.4065504,2.0665503,2.3365502,2.3965502,0.6265503,1.6565503,2.3465502,1.5265503
1.0665503,1.0465503,0.4565503,-0.023449708,-0.2934497,0.3265503,-0.7334497,-0.6534497,-1.6834497,-0.8034497,2.1165502,0.92655027,0.2265503,-1.6734498,-2.8334496,-1.8434497,-1.8434497,-2.3634498,-1.2234497,0.6665503,0.1165503,0.3365503,-0.1834497,0.9765503,2.1865504,2.6565504,2.6765504,3.1165502,3.7165504,4.20655,4.9265504,5.0565505,4.45655,4.24655,3.9365504,3.3565502,3.9765503,3.3965502,2.2665503,2.2465503,2.7865503
