wind_kz.json
{"header": {"discipline":0,"disciplineName":"Meteorological products","gribEdition":2,"gribLength":1025,"center":7,"centerName":"US National Weather Service - NCEP(WMC)","subcenter":0,"refTime":"2023-08-06T18:00:00.000Z","significanceOfRT":1,"significanceOfRTName":"Start of forecast","productStatus":0,"productStatusName":"Operational products","productType":1,"productTypeName":"Forecast products","productDefinitionTemplate":0,"productDefinitionTemplateName":"Analysis/forecast at horizontal level/layer at a point in time","parameterCategory":2,"parameterCategoryName":"UnknownDiscipline_0_Category_2","parameterNumber":2,"parameterNumberName":"UnknownParameter_D0_C2_2","parameterUnit":"Unknown","genProcessType":2,"genProcessTypeName":"Forecast","forecastTime":60,"surface1Type":103,"surface1TypeName":"Specified height level above ground","surface1Value":10.0,"surface2Type":255,"surface2TypeName":"Missing","surface2Value":0.0,"gridDefinitionTemplate":0,"gridDefinitionTemplateName":"Latitude_Longitude","numberPoints":615,"shape":6,"shapeName":"Earth spherical with radius of 6,371,229.0 m","gridUnits":"degrees","resolution":48,"winds":"true","scanMode":64,"nx":41,"ny":15,"basicAngle":0,"lo1":47.0,"la1":41.0,"lo2":87.0,"la2":55.0,"dx":1.0,"dy":1.0}, "data":
[rows 0 to 14 of 15, columns 0 to 40 of 41]
0.90277404,2.202774,-3.357226,-2.107226,-0.6972259,-1.137226,0.76277405,1.8127741,1.0627741,0.662774,1.7827741,1.852774,0.57277405,1.362774,0.58277404,1.9127741,1.742774,0.57277405,1.822774,0.59277403,0.732774,-0.20722595,1.752774,3.272774,-0.79722595,-0.90722597,2.532774,3.062774,0.26277405,1.9127741,2.6127741,0.95277405,1.6727741,-0.08722595,-1.8272259,0.6727741,2.3727741,2.382774,2.382774,2.3427742,2.052774
0.14277405,-3.4172258,-2.487226,-2.987226,-1.997226,-1.8272259,-0.707226,-1.297226,0.12277405,0.89277405,2.282774,3.312774,3.052774,0.99277407,2.012774,2.212774,1.6727741,1.852774,2.772774,2.132774,1.852774,2.982774,3.772774,4.322774,1.482774,-0.647226,0.74277407,2.6227741,3.6227741,2.5927742,2.002774,4.052774,0.39277405,1.322774,-0.007225952,0.23277405,1.252774,0.982774,-0.28722596,-2.237226,-0.30722594
-3.207226,-4.567226,-2.8972259,-2.527226,-2.347226,-2.097226,-2.1672258,-0.75722593,0.982774,0.99277407,2.452774,3.292774,3.492774,2.692774,2.1227741,2.182774,3.522774,4.182774,2.6227741,1.582774,1.572774,1.952774,0.90277404,5.402774,2.192774,2.232774,-1.887226,-2.117226,1.7927741,-0.13722596,1.6427741,0.27277404,0.022774048,0.71277404,-1.8372259,1.4327741,1.322774,-0.6372259,3.732774,5.572774,2.812774
-4.927226,-4.2472258,-1.8172259,-1.627226,0.29277405,-0.027225953,0.77277404,0.24277405,-0.31722596,1.4227741,3.652774,4.842774,2.562774,4.552774,4.422774,3.962774,2.322774,2.022774,3.252774,1.7927741,2.8327742,3.882774,-1.0772259,0.15277405,-0.09722595,-3.4172258,-2.007226,1.9027741,0.70277405,-0.27722594,-2.527226,-0.79722595,-2.827226,-1.7172259,0.76277405,2.322774,1.882774,2.1127741,-3.007226,-1.9372259,-1.047226
-1.6072259,-0.957226,-0.5772259,0.63277406,1.0627741,2.022774,1.442774,1.702774,1.5527741,0.972774,2.382774,2.5827742,2.522774,4.872774,4.852774,4.932774,3.762774,3.192774,2.682774,1.6627741,3.162774,2.562774,2.1027741,1.592774,0.52277404,1.3127741,2.922774,-0.897226,3.0827742,1.192774,2.262774,4.352774,4.522774,3.912774,-3.1472259,-0.79722595,1.5527741,2.192774,1.082774,0.57277405,1.842774
2.412774,1.1727741,2.402774,1.222774,-0.047225952,0.8027741,3.652774,2.902774,2.802774,3.052774,2.432774,2.282774,2.642774,2.3527741,4.472774,5.242774,4.782774,4.792774,3.482774,2.452774,3.3327742,4.032774,3.632774,3.222774,3.052774,2.192774,2.432774,-0.65722597,3.322774,2.652774,3.942774,5.182774,6.072774,3.8727741,2.172774,3.6227741,4.162774,4.632774,7.282774,2.6227741,3.422774
2.022774,2.262774,-0.067225955,-0.43722594,-0.08722595,1.0627741,1.4127741,1.9227741,2.492774,3.292774,3.142774,3.252774,2.702774,0.52277404,-2.3872259,-3.1472259,-0.9472259,0.78277403,4.722774,3.3627741,3.882774,2.0927742,2.662774,2.672774,1.7727741,2.8527741,2.972774,1.722774,0.8627741,1.952774,1.3127741,2.572774,2.3727741,0.40277404,1.0227741,3.192774,4.2527742,0.15277405,4.592774,-0.11722595,-1.5872259
0.68277407,-0.49722594,-1.987226,-1.2272259,0.08277405,0.19277404,0.12277405,0.47277406,2.312774,3.0927742,2.142774,2.412774,2.162774,1.222774,-0.96722597,-1.027226,0.58277404,0.21277405,0.82277405,5.562774,4.432774,2.0927742,-0.107225955,2.642774,1.3927741,3.642774,3.382774,0.49277404,-0.85722595,-1.057226,-1.287226,-0.767226,-0.74722594,2.0927742,4.9627743,5.852774,1.9027741,1.252774,3.002774,2.882774,4.602774
-0.5772259,-3.227226,-2.747226,-2.237226,-1.7072259,-1.4372259,0.27277404,1.5427741,1.592774,2.722774,3.972774,4.032774,4.142774,1.2827741,1.4027741,1.692774,2.772774,3.252774,4.652774,4.302774,4.362774,0.05277405,-2.697226,-0.98722595,-2.977226,-1.4672259,-1.6072259,-0.16722596,0.14277405,0.38277406,-0.767226,0.542774,-0.32722595,-0.13722596,1.862774,3.5827742,4.7327743,4.302774,2.262774,-0.28722596,-0.017225953
-6.437226,-5.137226,-4.027226,-4.0372257,-2.567226,-1.4572259,0.10277405,1.512774,2.422774,3.252774,3.452774,3.182774,1.722774,1.252774,1.472774,2.532774,4.072774,4.412774,4.562774,4.392774,-1.037226,-0.62722594,-2.447226,-4.687226,-4.577226,-3.777226,-3.497226,-3.337226,-3.567226,-3.737226,-1.007226,-0.22722596,-0.71722597,1.732774,0.12277405,-2.6372259,-0.38722596,-0.45722595,0.96277404,1.2727741,1.0227741
-6.417226,-5.407226,-4.587226,-4.337226,-2.927226,-0.25722596,1.0327741,0.90277404,0.43277404,0.69277406,-1.887226,-2.567226,-1.057226,-0.78722596,0.88277406,0.45277405,-1.677226,-4.677226,-5.777226,-5.4972258,-6.397226,-1.4572259,-5.657226,-5.5172257,-4.177226,-3.6372259,-4.417226,-2.857226,-2.787226,-1.5972259,-0.5772259,-1.927226,-1.3472259,-2.597226,-2.007226,0.15277405,-0.54722595,1.1427741,-0.047225952,0.53277403,1.1527741
-6.2472258,-5.437226,-5.367226,-3.997226,-2.187226,-1.6072259,-2.757226,-3.3972259,-3.4172258,-3.487226,-5.077226,-3.3872259,-3.067226,-4.0372257,-3.927226,-4.057226,-5.487226,-7.577226,1.112774,-5.847226,-4.957226,-6.297226,-6.397226,-4.307226,-3.977226,-2.427226,-1.677226,-0.35722595,-0.56722593,-1.667226,-0.68722594,0.022774048,1.3027741,2.572774,-0.60722595,-2.547226,-0.017225953,0.21277405,0.8027741,-0.09722595,2.032774
-4.777226,-5.207226,-3.947226,-3.967226,-3.257226,-2.697226,-3.617226,-5.0172257,-5.877226,-4.907226,-4.307226,-4.477226,-4.917226,-6.357226,-2.967226,-1.767226,-3.207226,-4.777226,-6.147226,-7.0172257,-5.807226,-5.5372257,-4.617226,-3.317226,-2.977226,-2.6572258,-0.71722597,-0.517226,1.612774,2.882774,2.152774,0.19277404,0.39277405,2.942774,1.8927741,2.1127741,1.0627741,0.21277405,0.982774,1.1827741,0.56277406
-4.397226,-4.277226,-3.847226,-4.057226,-4.557226,-4.097226,-4.757226,-6.4972258,-6.5372257,-5.437226,-4.407226,-5.007226,-2.987226,-0.37722597,-2.027226,-3.1672258,-3.507226,-5.007226,-7.067226,-6.257226,-6.107226,-5.987226,-5.307226,-4.397226,-3.1472259,-2.567226,-1.527226,-0.98722595,-0.29722595,0.59277403,-0.39722595,1.882774,2.822774,-0.56722593,-0.897226,-0.14722595,1.222774,2.3427742,1.8127741,1.992774,1.132774
-3.9072258,-4.577226,-3.4072258,-3.9172258,-4.487226,-4.217226,-3.807226,-4.417226,-4.457226,-4.067226,-3.057226,-2.537226,-1.7172259,-2.767226,-3.067226,-3.997226,-5.597226,-6.2872257,-6.487226,-6.187226,-5.557226,-5.047226,-4.197226,-2.6372259,-1.557226,-1.027226,-0.37722597,-0.66722596,0.05277405,-0.80722594,-2.107226,0.65277404,-0.027225953,0.33277404,1.742774,1.852774,2.432774,2.422774,2.722774,3.002774,1.382774
