wind_kz.json
{"header": {"discipline":0,"disciplineName":"Meteorological products","gribEdition":2,"gribLength":1025,"center":7,"centerName":"US National Weather Service - NCEP(WMC)","subcenter":0,"refTime":"2023-09-22T00:00:00.000Z","significanceOfRT":1,"significanceOfRTName":"Start of forecast","productStatus":0,"productStatusName":"Operational products","productType":1,"productTypeName":"Forecast products","productDefinitionTemplate":0,"productDefinitionTemplateName":"Analysis/forecast at horizontal level/layer at a point in time","parameterCategory":2,"parameterCategoryName":"UnknownDiscipline_0_Category_2","parameterNumber":3,"parameterNumberName":"UnknownParameter_D0_C2_3","parameterUnit":"Unknown","genProcessType":2,"genProcessTypeName":"Forecast","forecastTime":60,"surface1Type":103,"surface1TypeName":"Specified height level above ground","surface1Value":10.0,"surface2Type":255,"surface2TypeName":"Missing","surface2Value":0.0,"gridDefinitionTemplate":0,"gridDefinitionTemplateName":"Latitude_Longitude","numberPoints":615,"shape":6,"shapeName":"Earth spherical with radius of 6,371,229.0 m","gridUnits":"degrees","resolution":48,"winds":"true","scanMode":64,"nx":41,"ny":15,"basicAngle":0,"lo1":47.0,"la1":41.0,"lo2":87.0,"la2":55.0,"dx":1.0,"dy":1.0}, "data":
[rows 0 to 14 of 15, columns 0 to 40 of 41]
3.072466,2.1124659,4.962466,3.0224657,0.08246582,-4.567534,-0.6975342,0.09246582,-0.7275342,-1.7375342,-3.0475342,-3.0975342,-3.8375342,-3.927534,-5.867534,-6.927534,-7.0175343,-6.317534,-8.417534,-7.1475344,-3.1375341,-1.5375342,-3.3775342,0.57246584,3.1624658,1.5624658,0.7724658,-1.3575342,-2.2575343,-2.5375342,-2.1275342,-0.7775342,-1.8575342,1.2924658,1.0724658,0.15246582,-0.24753419,-0.5775342,-0.11753418,-0.14753418,-1.2475342
1.0724658,1.4824659,3.7424657,4.052466,1.8924658,-3.8675342,-0.03753418,0.10246582,-0.6475342,-2.5475342,-2.207534,-2.8075342,-4.2475343,-4.2275343,-4.9975343,-5.717534,-6.347534,-7.307534,-8.087534,-6.547534,-7.717534,-4.7475343,-5.7075343,-0.87753415,2.6224658,-0.9175342,0.22246581,-1.2775341,-3.0275342,-2.2775342,-1.1475341,-1.1375341,-2.917534,-4.6275344,-3.2375343,3.2724657,1.0724658,1.7924658,1.9224658,0.87246585,3.2724657
2.4624658,4.932466,3.5124657,2.312466,0.70246583,1.6324658,0.6124658,0.09246582,0.012465821,-1.4575342,-2.9075341,-4.557534,-5.717534,-4.087534,-4.4175344,-5.557534,-6.677534,-7.3775344,-8.117535,-8.807534,-1.7675341,-5.697534,-5.567534,-4.4975343,-4.4175344,-2.0975342,-2.2775342,-2.8875341,-1.0375342,-2.717534,-0.38753417,-1.1975342,-2.5875342,-2.5375342,-1.5275341,-1.4675342,-2.5675342,-4.007534,-0.06753418,0.40246582,0.5224658
4.212466,2.6824658,3.1924658,2.6824658,2.5224657,1.4324658,1.6124659,0.9924658,0.36246583,-0.61753416,-1.9875342,-4.6075344,-5.487534,-7.6275344,-6.4375343,-3.717534,-5.2075343,-6.447534,-7.007534,-7.387534,-6.007534,-5.3775344,-2.5575342,-4.1475344,-3.6475341,-4.4575343,-3.8975341,-3.7575343,-3.677534,-4.367534,-5.7275343,-5.6475344,-1.6675342,4.8324656,0.012465821,-0.8875342,2.3424659,3.572466,-1.0675342,1.7924658,4.0224657
1.8424659,1.0524658,0.6024658,-0.29753417,2.082466,1.5924659,0.5324658,0.50246584,0.19246583,-1.1275342,-1.0675342,-2.7275343,-5.1475344,-7.087534,-4.7075343,-4.447534,-5.097534,-5.3575344,-5.407534,-5.367534,-4.4575343,-3.8475342,-3.5175343,-3.177534,-2.6575341,-3.957534,-5.9175344,-4.2475343,-4.1875343,-4.617534,-5.807534,-5.4775343,-2.5175343,-0.68753415,-0.19753417,3.8424659,-9.047534,3.1024659,1.9324658,-0.38753417,-1.6275342
4.3324656,2.8824658,-0.07753418,-0.5675342,-1.3375342,-2.707534,1.7924658,0.30246583,-0.5375342,-0.85753417,-1.4475342,-2.197534,-1.3175342,-3.6175342,-7.4775343,-4.4775343,-4.487534,-4.4575343,-4.237534,-3.6575341,-3.177534,-3.2275343,-2.967534,-2.7875342,-2.457534,-2.3475342,0.11246582,-2.5075343,-4.197534,-4.6075344,-3.8175342,-3.0075343,-4.297534,-3.0075343,-1.2175342,-6.307534,0.6624658,-4.327534,-5.027534,-3.467534,2.3824658
3.6124659,4.1224656,3.9424658,3.9824657,4.1424656,3.4024658,1.1524658,1.4024658,0.7424658,-1.0075341,-2.1075342,-2.9875343,-3.1175342,-3.927534,-4.257534,-4.447534,-4.1275344,-3.6175342,-2.9975343,-2.5775342,-2.8375342,-3.0775342,-2.8975341,-2.9775343,-2.4975343,-3.177534,-4.1275344,-4.657534,-4.5175343,-5.037534,-5.307534,-4.927534,-5.197534,-3.667534,-4.9375343,-4.947534,-4.777534,-3.7375343,-4.8975344,-1.9775342,-0.35753417
3.3624659,3.7124658,3.1224658,2.292466,1.6724658,1.4824659,1.6724658,0.7324658,-0.22753417,-0.9575342,-0.8875342,-1.0175341,-1.7475342,-2.4775343,-3.4075341,-3.4075341,-3.8875341,-3.7775342,-3.3175342,-1.6175342,-2.0475342,-2.6075342,-3.207534,-3.687534,-3.937534,-4.487534,-4.987534,-6.007534,-6.487534,-7.097534,-6.2075343,-6.3575344,-5.447534,-5.507534,-4.077534,-5.237534,-5.157534,-5.8975344,-2.187534,-0.06753418,-0.3975342
3.4224658,2.5924659,2.332466,1.3924658,0.95246583,0.5324658,1.1024659,0.36246583,0.69246584,-0.18753418,-0.23753418,-0.5175342,-1.0875342,-1.6175342,-2.217534,-2.6575341,-3.0275342,-3.0375342,-2.9875343,-2.7575343,-1.6575341,-2.677534,-3.8775342,-4.047534,-3.8375342,-3.7375343,-3.5275342,-4.337534,-4.3975344,-3.917534,-5.3975344,-4.9975343,-5.8775344,-4.887534,-4.297534,-3.927534,-4.797534,-3.947534,-3.427534,-3.6575341,-3.3775342
2.3724658,1.6424658,0.9224658,0.9624658,0.45246583,0.76246583,0.94246584,1.2624658,0.6024658,0.5924658,0.48246583,-0.3375342,-0.7575342,-1.0375342,-1.0575342,-1.3675342,-1.9375342,-2.2575343,-2.1175342,-2.197534,-2.187534,-2.5775342,-2.8075342,-3.0775342,-2.6575341,-3.197534,-3.3775342,-1.5175341,-2.2775342,-1.1575341,-1.7075342,-3.2475343,-4.1075344,-3.0275342,-2.8675342,-1.8775342,-1.8775342,-1.4075341,0.95246583,0.24246582,-1.6675342
2.3724658,1.9624658,1.5024658,0.64246583,0.40246582,0.51246583,0.7924658,0.8324658,1.2824658,1.1724658,-0.4275342,-1.4275342,-1.1875342,-1.4275342,-1.8275342,-1.7075342,-1.9175342,-1.5175341,-1.4475342,-2.0475342,-2.3975341,-2.0475342,-2.6375341,-2.5075343,-2.0775342,-0.15753418,-0.9075342,-0.10753418,-1.6775342,-1.4075341,-1.2975342,-1.9475342,-2.427534,-1.1875342,-1.6575341,-0.05753418,-1.4675342,-1.7375342,-2.2375343,-1.9275342,-2.1575341
2.9424658,1.9824659,2.1324658,2.052466,0.81246585,0.62246585,0.26246583,-0.06753418,-0.31753418,-0.4575342,-1.2075342,1.2324659,1.9424658,0.7824658,-0.7775342,-2.0275342,-2.1375341,-1.7975342,-1.4775342,-2.0375342,-2.3275342,-2.3275342,-1.9875342,-1.4475342,-2.0675342,-3.0175343,-0.7175342,0.39246583,0.57246584,-1.0175341,1.1924658,-0.9775342,-1.3075342,0.31246582,-0.01753418,0.18246582,1.0124658,0.9924658,1.3324658,1.4924659,0.7424658
2.9624658,3.7424657,1.8424659,1.5224658,1.2724658,1.1924658,0.7224658,-0.20753418,-0.62753415,-1.4275342,-0.37753418,-2.3075342,-1.7675341,-1.9975342,-1.8975341,-1.6075342,-2.8075342,-2.7975342,-2.5875342,-1.3975341,-1.4175342,-1.7275342,-1.5475342,-2.1575341,-2.5275342,-2.667534,-1.3175342,1.8224658,-0.07753418,-0.09753418,1.9124658,-1.6775342,-0.92753416,-0.20753418,0.82246584,1.3724658,0.17246582,-0.4275342,-0.9675342,0.9124658,0.4124658
2.8624659,3.6224658,3.1124659,2.4324658,1.6524658,1.7324659,0.88246584,0.0024658204,0.17246582,-0.7275342,-1.0175341,-0.4975342,-0.5975342,-0.73753417,-0.7775342,-0.8875342,-1.3075342,-0.7675342,-0.3075342,0.21246582,-0.17753418,-1.0175341,-1.4575342,-1.6775342,-1.4775342,-1.1275342,0.5424658,1.5024658,-0.18753418,0.7424658,0.9124658,-0.5375342,-0.93753415,-0.6675342,-0.37753418,0.05246582,-1.4375342,-1.0375342,-1.3875341,-0.46753418,-0.6475342
2.4024658,3.0924659,4.802466,1.8324658,2.282466,1.7124658,0.7224658,0.9024658,0.51246583,2.332466,0.5924658,-0.8975342,-1.1975342,-1.6875342,-2.3675342,-1.3575342,-2.2575343,-2.4975343,-2.2675343,-1.5975342,-1.2875342,-1.3975341,-1.3475342,-1.1775342,-2.0475342,-2.1575341,1.1624658,0.6124658,0.012465821,1.5324658,-0.47753417,0.20246582,-0.5275342,-0.06753418,-0.29753417,-1.3775342,-1.8775342,-2.1075342,-1.1675342,-1.5975342,-0.7575342
