wind_kz.json
{"header": {"discipline":0,"disciplineName":"Meteorological products","gribEdition":2,"gribLength":948,"center":7,"centerName":"US National Weather Service - NCEP(WMC)","subcenter":0,"refTime":"2023-08-19T18:00:00.000Z","significanceOfRT":1,"significanceOfRTName":"Start of forecast","productStatus":0,"productStatusName":"Operational products","productType":1,"productTypeName":"Forecast products","productDefinitionTemplate":0,"productDefinitionTemplateName":"Analysis/forecast at horizontal level/layer at a point in time","parameterCategory":0,"parameterCategoryName":"UnknownDiscipline_0_Category_0","parameterNumber":0,"parameterNumberName":"UnknownParameter_D0_C0_0","parameterUnit":"Unknown","genProcessType":2,"genProcessTypeName":"Forecast","forecastTime":300,"surface1Type":1,"surface1TypeName":"Ground or water surface","surface1Value":0.0,"surface2Type":255,"surface2TypeName":"Missing","surface2Value":0.0,"gridDefinitionTemplate":0,"gridDefinitionTemplateName":"Latitude_Longitude","numberPoints":615,"shape":6,"shapeName":"Earth spherical with radius of 6,371,229.0 m","gridUnits":"degrees","resolution":48,"winds":"true","scanMode":64,"nx":41,"ny":15,"basicAngle":0,"lo1":47.0,"la1":41.0,"lo2":87.0,"la2":55.0,"dx":1.0,"dy":1.0}, "data":
[rows 0 to 14 of 15, columns 0 to 40 of 41]
314.59296,302.99298,309.79297,298.79297,298.29297,297.19296,312.49298,319.89297,316.19296,317.79297,316.39297,316.79297,316.49298,316.49298,315.89297,318.09296,319.49298,319.19296,322.29297,321.09296,324.19296,317.09296,315.29297,316.29297,317.29297,315.69296,315.99298,306.49298,304.09296,298.79297,294.79297,288.69296,302.29297,321.39297,325.59296,324.19296,329.59296,326.29297,326.89297,329.59296,329.59296
290.99298,307.39297,298.79297,298.79297,298.49298,296.99298,320.59296,316.59296,315.59296,315.39297,317.69296,315.99298,316.49298,315.49298,316.79297,318.19296,319.29297,319.09296,320.09296,322.79297,320.89297,319.29297,320.79297,311.99298,303.39297,300.79297,310.89297,304.79297,305.59296,297.39297,300.79297,284.09296,302.49298,273.19296,298.49298,315.39297,318.39297,320.99298,326.09296,315.79297,284.89297
312.59296,298.59296,299.19296,299.09296,297.19296,315.39297,314.49298,315.19296,314.89297,314.29297,314.49298,315.89297,315.29297,315.79297,316.39297,317.49298,317.69296,317.49298,317.89297,318.39297,324.49298,317.49298,315.29297,309.49298,315.49298,315.69296,315.59296,313.49298,310.69296,302.59296,296.69296,297.39297,304.79297,310.19296,310.99298,306.99298,300.29297,299.29297,301.99298,296.79297,297.59296
308.09296,299.19296,298.69296,297.79297,300.69296,314.39297,314.89297,315.29297,316.89297,315.99298,315.29297,314.39297,295.39297,294.69296,316.19296,319.49298,316.29297,317.09296,316.09296,317.99298,314.99298,309.39297,316.29297,315.99298,316.79297,312.39297,316.49298,315.19296,313.69296,311.89297,311.59296,309.99298,313.39297,317.19296,315.29297,312.59296,301.19296,298.59296,302.69296,314.79297,317.49298
311.19296,298.79297,298.69296,297.89297,305.99298,315.19296,317.09296,319.29297,315.09296,314.99298,316.19296,315.89297,295.39297,294.09296,291.79297,318.39297,318.89297,315.99298,316.39297,315.69296,317.09296,318.99298,318.59296,319.19296,320.29297,320.59296,318.59296,309.49298,318.19296,313.79297,312.49298,309.39297,301.69296,296.19296,304.29297,312.69296,311.39297,321.39297,322.99298,318.39297,320.09296
313.39297,312.29297,297.19296,297.49298,297.79297,297.69296,319.39297,315.59296,318.39297,318.59296,317.99298,319.99298,298.79297,295.09296,306.79297,316.99298,316.99298,317.39297,315.69296,316.49298,316.49298,315.59296,317.39297,318.79297,320.49298,317.09296,320.79297,293.79297,315.89297,317.19296,313.79297,311.39297,310.89297,311.89297,309.89297,305.59296,305.09296,308.29297,320.59296,319.79297,318.09296
313.59296,313.99298,313.69296,312.79297,308.69296,316.59296,320.99298,322.99298,317.69296,314.89297,319.69296,318.79297,316.69296,319.19296,321.99298,317.09296,320.89297,317.29297,317.59296,316.59296,314.59296,312.69296,313.29297,314.09296,313.79297,314.59296,315.99298,314.19296,317.99298,318.19296,316.79297,314.59296,312.79297,312.09296,312.49298,309.49298,305.39297,306.79297,302.39297,300.09296,312.49298
307.49298,309.99298,314.19296,315.29297,313.59296,316.69296,317.59296,316.89297,316.79297,317.49298,315.99298,318.59296,319.39297,318.39297,319.99298,320.99298,321.99298,320.39297,316.79297,313.29297,312.09296,311.49298,309.99298,308.89297,308.89297,308.49298,308.79297,309.79297,307.59296,309.89297,308.99298,312.59296,310.29297,308.19296,307.79297,315.49298,313.79297,290.09296,315.49298,313.79297,307.19296
306.69296,309.69296,310.39297,313.29297,311.19296,313.79297,315.49298,315.69296,316.09296,316.89297,315.99298,315.09296,315.59296,317.79297,316.69296,317.59296,316.09296,315.59296,312.79297,310.99298,308.59296,307.29297,306.49298,305.49298,305.99298,306.59296,305.89297,304.59296,303.49298,301.09296,302.69296,299.79297,300.59296,305.39297,307.69296,304.59296,303.89297,304.19296,295.19296,293.09296,296.09296
305.09296,302.79297,308.19296,311.89297,310.69296,312.29297,314.09296,313.09296,312.79297,312.99298,311.79297,311.59296,313.79297,314.39297,315.39297,312.39297,310.79297,299.79297,310.49298,308.29297,306.19296,304.49298,302.59296,303.79297,303.29297,298.29297,300.49298,300.59296,294.39297,296.19296,296.59296,301.49298,302.69296,293.89297,293.79297,302.29297,296.59296,294.29297,295.59296,291.49298,293.09296
303.79297,304.39297,305.39297,307.39297,307.69296,308.09296,310.09296,310.59296,310.19296,310.79297,309.49298,308.89297,309.69296,305.09296,308.19296,306.79297,304.69296,306.49298,306.99298,304.89297,304.29297,303.19296,301.49298,299.49298,300.49298,300.09296,295.79297,294.39297,295.19296,299.29297,300.49298,301.69296,301.79297,296.99298,294.19296,295.29297,288.19296,291.99298,297.29297,291.69296,291.69296
303.69296,304.19296,305.89297,306.69296,307.49298,306.99298,307.49298,309.89297,310.49298,308.59296,307.39297,308.29297,304.99298,301.99298,301.09296,296.69296,303.59296,303.19296,301.39297,299.79297,298.79297,297.99298,293.99298,298.59296,296.79297,297.89297,297.29297,297.29297,294.29297,294.89297,295.89297,299.59296,296.39297,297.89297,295.39297,297.79297,295.39297,293.19296,289.49298,291.29297,297.89297
297.99298,302.29297,304.59296,302.39297,301.79297,299.49298,303.59296,305.49298,304.99298,304.39297,299.39297,298.09296,299.89297,297.59296,298.49298,299.79297,293.89297,298.79297,299.19296,297.29297,293.99298,290.09296,288.39297,286.79297,295.79297,295.79297,297.29297,293.89297,288.49298,286.89297,289.29297,293.29297,294.69296,291.89297,296.29297,291.29297,287.29297,284.39297,286.39297,286.79297,286.09296
299.79297,298.99298,294.79297,299.49298,295.19296,289.89297,296.09296,297.49298,298.99298,299.19296,297.09296,293.69296,294.89297,294.19296,293.99298,294.59296,294.39297,294.29297,295.09296,292.99298,291.79297,288.79297,287.99298,286.39297,287.99298,295.09296,295.49298,294.39297,287.29297,286.09296,285.79297,285.49298,285.89297,290.09296,289.49298,289.19296,284.89297,283.59296,282.99298,281.69296,283.19296
297.49298,298.49298,290.79297,291.69296,292.69296,295.79297,298.49298,298.19296,298.49298,298.79297,294.49298,294.19296,292.39297,290.69296,292.59296,292.09296,292.79297,289.79297,288.09296,288.19296,288.59296,286.49298,285.69296,283.89297,290.39297,293.99298,289.89297,289.09296,283.79297,283.59296,283.69296,283.39297,283.69296,286.49298,285.89297,284.79297,284.49298,283.09296,283.19296,283.09296,282.89297
