wind_kz.json
{"header": {"discipline":0,"disciplineName":"Meteorological products","gribEdition":2,"gribLength":1025,"center":7,"centerName":"US National Weather Service - NCEP(WMC)","subcenter":0,"refTime":"2024-01-30T18:00:00.000Z","significanceOfRT":1,"significanceOfRTName":"Start of forecast","productStatus":0,"productStatusName":"Operational products","productType":1,"productTypeName":"Forecast products","productDefinitionTemplate":0,"productDefinitionTemplateName":"Analysis/forecast at horizontal level/layer at a point in time","parameterCategory":2,"parameterCategoryName":"UnknownDiscipline_0_Category_2","parameterNumber":3,"parameterNumberName":"UnknownParameter_D0_C2_3","parameterUnit":"Unknown","genProcessType":2,"genProcessTypeName":"Forecast","forecastTime":120,"surface1Type":103,"surface1TypeName":"Specified height level above ground","surface1Value":10.0,"surface2Type":255,"surface2TypeName":"Missing","surface2Value":0.0,"gridDefinitionTemplate":0,"gridDefinitionTemplateName":"Latitude_Longitude","numberPoints":615,"shape":6,"shapeName":"Earth spherical with radius of 6,371,229.0 m","gridUnits":"degrees","resolution":48,"winds":"true","scanMode":64,"nx":41,"ny":15,"basicAngle":0,"lo1":47.0,"la1":41.0,"lo2":87.0,"la2":55.0,"dx":1.0,"dy":1.0}, "data":
[rows 0 to 14 of 15, columns 0 to 40 of 41]
-2.0152025,-3.4952025,1.4147973,-0.76520264,0.68479735,7.1447973,3.5447974,2.6147974,3.0547974,1.9547974,3.9647973,3.4647973,2.9447973,2.6147974,2.5147974,2.7347975,2.1447973,1.0847974,1.7547973,0.7047974,-0.46520263,1.8147974,-0.86520267,-1.7652026,-1.0852027,-1.9652027,-2.5252028,1.3447974,2.2947974,1.3447974,-3.8052027,-4.7652025,1.0247973,-1.5052027,0.48479736,2.3347974,1.6447973,0.9547974,0.26479736,-1.3052026,-0.21520263
5.6747975,1.5547974,-0.06520264,-0.69520265,2.9047973,3.4447973,1.9347974,3.6047974,3.5047975,2.0647974,2.6047974,-0.80520266,3.0647974,2.4547973,1.7847973,2.5347974,2.5847974,1.5147973,1.3247974,2.0647974,2.3447974,1.6947974,-0.06520264,1.3747973,-0.045202635,-0.83520263,-2.3252027,2.8047974,0.69479734,1.0647974,4.594797,2.6547973,-1.9152026,-0.015202637,-4.7252026,-0.25520265,-1.2352027,-0.52520263,-0.5352026,-1.8852026,-0.50520265
1.1247973,4.7747974,5.4547973,4.344797,4.1247973,1.6647973,1.3147974,1.5447974,2.3547974,2.1947973,2.1447973,2.2447975,2.3747973,2.8947973,2.8147974,2.6147974,2.2447975,2.4447973,2.1947973,2.2147973,1.7247974,-0.09520264,0.72479737,0.98479736,0.91479737,0.25479737,0.87479734,1.1047974,0.044797365,1.5847974,2.9947975,1.0347973,2.0447974,-1.8352027,-0.56520265,0.15479736,0.88479733,-1.0852027,0.50479734,-1.4752027,-1.7852026
3.7147973,5.3947973,6.0647974,6.6447973,3.8347974,3.0447974,3.5047975,3.9247973,3.9147973,3.4847975,3.6547973,2.9147973,4.244797,4.9747972,3.0947974,3.4447973,2.9447973,2.9547973,3.1047974,2.3147974,3.3147974,1.7547973,1.9047973,0.8347974,-0.76520264,0.94479734,0.31479737,1.1147974,3.0947974,2.7447975,1.1647973,-1.5152026,-0.07520264,-0.15520264,-0.94520265,-2.1952026,0.42479736,2.2147973,2.1047974,0.7847974,0.93479735
4.284797,5.1847973,4.9047976,4.8647976,3.9047973,4.324797,4.6547976,4.3847976,4.3947973,5.054797,5.0847974,4.4847975,4.994797,5.2347975,5.8147974,3.2247972,3.6447973,2.9047973,2.1847973,2.2547975,2.0347974,-1.7652026,-2.1752026,-1.6952026,-0.81520265,-0.9252026,1.8847973,1.1847974,0.85479736,2.1647973,4.3547974,3.5347974,3.4547973,1.9047973,-1.2552027,-0.74520266,-0.46520263,-0.20520264,1.9747974,2.1447973,-0.39520264
6.6747975,6.0447974,5.804797,5.4547973,4.7147975,3.6047974,4.8747973,4.594797,4.1247973,3.6447973,3.3747973,4.2347975,5.3847976,6.8547974,3.7847974,3.4047973,3.5447974,2.9947975,2.0447974,0.7647974,1.3547974,2.0647974,0.72479737,-1.1052027,-0.09520264,-0.77520263,-0.82520264,-0.0052026366,0.40479738,1.9447974,4.7547975,5.764797,4.324797,3.0747974,2.8447974,4.824797,2.1847973,0.91479737,-0.025202638,-0.94520265,0.13479736
7.1547976,7.3647976,7.744797,7.034797,7.2147975,6.6447973,5.7547975,5.2147975,5.2047973,4.7147975,4.744797,4.344797,4.2747974,3.4447973,3.7447975,3.8947973,4.1447973,3.1647973,2.8947973,1.8447974,1.0547974,0.33479735,1.0447974,0.49479735,-1.8252026,-1.7952026,-1.3652027,-2.3852026,-2.0952027,-0.6652026,2.0747974,2.0147974,1.2147974,2.6047974,0.16479737,-2.6752026,-2.8252027,1.6347973,-0.70520264,-1.3752027,2.0147974
5.6247973,7.4247975,8.1947975,8.894797,8.704798,8.744798,7.9747972,7.4147973,7.304797,6.4647975,6.9547973,6.3947973,4.344797,4.2747974,3.5947974,4.3147974,4.6247973,3.7647974,3.9247973,3.8447974,0.44479737,-0.07520264,-0.025202638,1.7247974,0.7147974,-0.5352026,0.67479736,-1.8052026,-1.0952027,-1.0852027,-0.47520265,1.7747973,2.5547974,4.5647974,1.4747974,0.49479735,-0.10520264,-0.32520264,0.16479737,0.26479736,-1.8352027
4.514797,5.7047973,6.8647976,7.744797,8.434797,9.034798,9.034798,8.904798,8.4847975,8.634797,7.244797,6.6347976,6.0047975,5.4647975,5.1747975,4.4447975,4.8347974,4.4647975,4.6647973,4.514797,3.6047974,0.68479735,1.5847974,0.9047974,1.7347974,1.2447973,0.98479736,2.5747974,1.9447974,1.3647974,3.1047974,6.0847974,7.7247972,7.0447974,3.0047975,3.6047974,-2.1852026,2.1547973,1.8447974,1.5147973,-2.5052025
4.764797,4.9147973,5.3947973,6.1447973,7.1847973,8.384797,9.114798,9.894797,9.7347975,9.914798,9.314797,8.464797,7.1747975,6.2147975,6.3747973,5.3847976,5.4747972,5.054797,4.6747975,4.1647973,4.2547975,3.2747974,2.8147974,2.4247973,2.1647973,2.3947973,1.3547974,2.0947974,2.2047973,3.1447973,2.3747973,5.4347973,5.094797,3.8147974,5.4447975,2.0847974,1.2847973,-2.4952025,1.0047973,5.0647974,4.4447975
3.7647974,4.1447973,4.4247975,4.9047976,5.554797,7.1247973,9.2347975,10.434797,10.104797,10.124798,10.014797,8.804797,8.434797,8.154798,6.7047973,6.9547973,6.7947974,6.054797,5.0247974,5.2547975,5.2147975,4.1047974,2.8347974,3.3747973,2.9147973,2.6847973,2.5447974,2.4447973,2.8847973,2.9247973,2.5247974,2.3747973,3.4147973,5.764797,7.994797,4.304797,2.0447974,2.8347974,2.4747972,1.7647973,0.19479737
2.6347973,2.9447973,2.9447973,3.6647973,4.4847975,6.034797,7.4347973,8.554797,8.6947975,8.924797,7.7947974,8.244798,8.254797,9.174797,8.574798,8.274797,8.134797,7.4647975,6.9247975,6.3647976,5.7947974,4.6847973,4.0047975,3.8647974,3.6747973,3.3547974,4.5047975,3.5147974,2.3747973,1.7547973,2.9647973,3.6847973,3.3447974,4.8347974,5.744797,6.1447973,7.6747975,2.9047973,2.7447975,2.2847974,0.81479734
0.38479736,1.5747974,2.7047973,2.0647974,2.3547974,3.2147973,6.0647974,8.394797,9.274797,9.4447975,6.5847974,6.4347973,8.774797,8.844797,8.4447975,8.114798,7.804797,7.2947974,7.5447974,6.494797,7.1447973,6.3347974,5.1747975,4.4347973,4.5047975,3.8147974,3.0447974,2.8347974,2.2747974,1.7347974,3.4047973,4.6247973,4.7747974,5.304797,6.0647974,6.574797,6.1047974,3.5247974,3.5347974,1.9347974,1.1547973
1.7147974,1.6047974,0.9647974,1.8647974,2.3447974,3.0247974,4.7347975,6.7547975,8.374798,9.514797,6.5447974,4.9047976,7.4447975,9.384797,8.884797,8.594797,8.184797,7.8347974,7.0247974,6.844797,6.8947973,6.4547973,5.4347973,4.5047975,3.9047973,2.9547973,2.3647974,2.4047973,2.1447973,2.0547974,3.5047975,4.844797,5.4647975,5.8147974,5.2347975,6.2247972,5.1347976,5.4047976,4.7747974,4.534797,4.264797
1.5147973,1.8247974,1.2047974,1.6247973,1.2347974,2.2447975,4.2047973,5.4247975,6.6147976,7.4647975,6.7147975,7.8347974,5.1947975,5.3147974,9.034798,9.364798,8.994798,8.2347975,8.134797,7.1447973,6.7347975,6.4547973,5.5847974,4.7547975,4.1947975,3.5447974,3.1847973,2.7847974,2.1447973,2.2747974,3.3347974,5.6947975,5.6447973,5.9147973,6.094797,6.0247974,6.6547976,5.7147975,4.9147973,5.2047973,3.9347973
