wind_kz.json
{"header": {"discipline":0,"disciplineName":"Meteorological products","gribEdition":2,"gribLength":1102,"center":7,"centerName":"US National Weather Service - NCEP(WMC)","subcenter":0,"refTime":"2024-01-31T12:00:00.000Z","significanceOfRT":1,"significanceOfRTName":"Start of forecast","productStatus":0,"productStatusName":"Operational products","productType":1,"productTypeName":"Forecast products","productDefinitionTemplate":0,"productDefinitionTemplateName":"Analysis/forecast at horizontal level/layer at a point in time","parameterCategory":2,"parameterCategoryName":"UnknownDiscipline_0_Category_2","parameterNumber":3,"parameterNumberName":"UnknownParameter_D0_C2_3","parameterUnit":"Unknown","genProcessType":2,"genProcessTypeName":"Forecast","forecastTime":0,"surface1Type":103,"surface1TypeName":"Specified height level above ground","surface1Value":10.0,"surface2Type":255,"surface2TypeName":"Missing","surface2Value":0.0,"gridDefinitionTemplate":0,"gridDefinitionTemplateName":"Latitude_Longitude","numberPoints":615,"shape":6,"shapeName":"Earth spherical with radius of 6,371,229.0 m","gridUnits":"degrees","resolution":48,"winds":"true","scanMode":64,"nx":41,"ny":15,"basicAngle":0,"lo1":47.0,"la1":41.0,"lo2":87.0,"la2":55.0,"dx":1.0,"dy":1.0}, "data":
[rows 0 to 14 of 15, columns 0 to 40 of 41]
-1.0808082,0.7291919,-1.2608081,-1.320808,-1.8608081,-3.5908082,-2.6108081,-2.5808082,-1.5308081,-0.86080813,-0.5408081,0.4491919,0.49919188,-0.1908081,0.88919187,2.079192,2.829192,3.599192,5.239192,5.219192,-0.15080811,2.3791919,2.769192,0.69919187,1.799192,1.6991919,0.7991919,1.6491919,0.9691919,-0.3408081,-2.720808,-2.8108082,-1.3108081,0.6091919,-0.9208081,-1.9008081,-1.2908081,0.2491919,-1.4308081,-1.440808,-1.6108081
-2.3308082,-1.0108081,-2.970808,-4.140808,-3.7708082,-3.940808,-2.7908082,-1.2208081,-1.5308081,-1.5408081,-2.2908082,-2.500808,-0.4208081,1.5991919,2.6591918,3.369192,2.9291918,3.549192,3.6291919,6.009192,3.4391918,4.629192,3.6391919,2.9091918,0.009191895,3.3791919,-2.5408082,3.6491919,0.2591919,2.339192,5.209192,0.6591919,-1.6608081,-2.0408082,-0.3308081,-0.6608081,-0.15080811,-0.5408081,1.4691919,-0.5308081,0.019191895
-1.7608081,-4.910808,-5.370808,-5.790808,-5.770808,-4.200808,-3.0608082,-2.490808,-2.5908082,-2.0508082,-0.80080813,0.4491919,2.1291919,3.8991919,3.619192,5.009192,5.909192,5.119192,4.939192,4.169192,4.189192,4.419192,5.629192,3.819192,-0.4008081,-0.23080811,0.6791919,-1.2108082,-1.2308081,-1.3408082,-0.4608081,-1.3908081,-0.3908081,-1.1108081,-0.18080811,0.3491919,1.7391919,-1.3708081,0.17919189,1.0791919,1.7691919
-1.570808,-5.1708083,-5.7308083,-5.640808,-4.610808,-4.370808,-4.990808,-3.970808,-3.230808,-3.180808,-3.190808,-2.1108081,-2.400808,-0.8508081,5.439192,6.739192,7.3291917,7.069192,6.699192,6.429192,6.739192,11.729192,3.249192,5.479192,2.1491919,2.489192,2.329192,2.009192,1.8291919,-0.6708081,-4.2508082,-3.440808,-1.4608082,-0.0808081,-0.9308081,-2.010808,-1.1108081,1.3291919,0.49919188,1.809192,0.7991919
-2.960808,-2.630808,-3.260808,-3.960808,-3.650808,-3.650808,-3.8008082,-3.950808,-4.830808,-4.820808,-4.530808,-3.930808,-5.9008083,-3.500808,-1.6808081,1.0291919,9.669192,9.489192,8.209192,8.869192,8.619192,7.259192,3.1691918,2.4791918,-0.5008081,-0.020808106,1.1191919,2.499192,1.9791919,1.6591918,1.4591919,-0.1308081,-0.5108081,1.5191919,-0.9308081,-0.5608081,0.2991919,-0.0808081,-1.1808081,-1.190808,-2.0308082
-2.3308082,-2.220808,-2.6208081,-0.9108081,-2.250808,-3.940808,-3.250808,-4.030808,-4.140808,-3.2708082,-3.740808,-3.910808,-4.340808,-3.930808,-2.130808,-0.10080811,2.249192,10.069192,11.249192,10.429192,9.299191,8.949192,8.5091915,5.669192,4.0191917,3.059192,2.4491918,3.049192,2.9491918,1.7691919,1.5891919,2.6491919,2.569192,-0.8508081,1.6191919,3.7191918,1.7291919,0.4891919,-0.3408081,-1.0808082,-1.4208081
-1.0308081,-1.9608082,-3.5808082,-4.310808,-4.110808,-4.180808,-4.060808,-4.300808,-4.840808,-5.100808,-5.1508083,-3.3108082,-2.5208082,-1.1708081,-0.3208081,2.249192,4.589192,4.369192,11.619192,9.999192,9.469192,8.129192,7.639192,6.459192,5.109192,3.519192,2.329192,2.989192,2.6691918,3.1491919,4.189192,1.4791919,3.7291918,2.289192,-0.1608081,-1.7608081,-1.8308082,-0.3908081,-0.3508081,-1.3808081,0.4791919
-0.9808081,-2.220808,-2.5408082,-3.8608081,-4.270808,-4.410808,-5.910808,-5.060808,-4.2308083,-4.560808,-4.2108083,-3.7908082,-2.5908082,0.5591919,0.3491919,1.1691918,4.929192,5.449192,7.109192,9.489192,7.5991917,6.909192,6.149192,6.459192,5.949192,5.339192,4.459192,3.9391918,4.399192,5.149192,6.119192,5.5991917,6.2691917,4.979192,2.2191918,0.4691919,-0.5608081,0.5591919,-0.5408081,0.9991919,-1.0808082
-1.5108081,-1.8608081,-2.260808,-3.0308082,-4.270808,-3.760808,-3.690808,-4.860808,-6.4408083,-7.450808,-7.510808,-5.9808083,-6.580808,-3.960808,-1.1708081,0.9791919,4.109192,5.8291917,7.139192,8.109192,5.409192,6.7891917,6.729192,5.669192,6.279192,6.339192,5.959192,5.939192,4.139192,3.089192,7.3091917,8.469192,8.129192,6.3291917,2.799192,3.369192,-1.7508081,0.2991919,1.8591919,0.3491919,-1.8808081
-0.9508081,-1.4808081,-1.7208081,-2.7708082,-3.5308082,-3.5208082,-4.680808,-5.6908083,-7.010808,-8.050808,-9.710808,-8.180808,-7.430808,-5.700808,-2.630808,1.3691919,3.099192,4.459192,5.379192,5.619192,5.659192,3.529192,3.779192,5.479192,6.509192,6.189192,5.899192,4.379192,4.3091917,4.4991918,6.369192,7.3491917,5.2891917,6.2491918,4.7491918,1.9091918,1.2891918,-0.47080812,1.0191919,4.529192,3.839192
-0.3508081,-1.3008081,-1.690808,-3.190808,-2.900808,-4.7308083,-5.870808,-6.660808,-7.510808,-9.230808,-8.320808,-4.120808,-6.770808,-5.270808,-2.690808,0.019191895,2.239192,2.819192,3.819192,3.7191918,2.7291918,3.059192,2.7191918,2.6591918,3.6391919,5.669192,3.9591918,4.0191917,3.609192,3.369192,3.1691918,3.559192,4.0191917,5.2891917,6.199192,5.509192,3.4591918,2.4591918,2.259192,1.1691918,-0.10080811
-0.1708081,0.4791919,-0.5708081,-2.3208082,-3.3108082,-4.4208083,-5.4608083,-6.180808,-7.080808,-7.4008083,-7.390808,-6.040808,-7.030808,-4.2108083,-2.490808,-1.2408081,0.9191919,1.7691919,2.489192,2.4291918,2.859192,2.4191918,1.7291919,1.9791919,2.9791918,2.7291918,2.9391918,3.6791918,3.8791919,3.1391919,2.269192,3.1991918,2.559192,3.839192,4.4991918,5.609192,0.8591919,1.0991919,0.6691919,0.5991919,-0.2808081
-0.55080813,0.4491919,0.4291919,-1.2208081,-1.7808081,-2.0308082,-4.040808,-6.020808,-7.6508083,-6.990808,-4.510808,-5.080808,-3.5408082,-3.5308082,-1.7508081,-0.1908081,-0.030808106,1.3391919,0.8791919,1.5091919,2.2191918,1.7391919,0.9791919,1.7291919,2.4091918,2.869192,2.4691918,2.009192,1.6691918,2.519192,2.579192,2.4491918,1.9591919,2.349192,3.059192,4.219192,2.8791919,1.0291919,0.059191894,-0.6008081,-1.1308081
-0.040808104,0.8291919,-1.6108081,-0.6008081,-1.4708081,-2.430808,-2.950808,-4.4408083,-5.290808,-5.9808083,-4.390808,-1.0308081,-3.190808,-1.5608081,-0.5108081,0.49919188,1.4591919,1.4391919,1.9091918,1.8691919,1.9791919,0.8591919,-0.3108081,0.8691919,0.4191919,1.4191918,0.7391919,1.2891918,1.5391918,1.8191919,1.6591918,1.6291919,1.9891919,2.489192,1.2691919,2.579192,2.1791918,0.8991919,0.7591919,1.049192,0.3191919
0.1991919,-0.3008081,-0.8508081,-0.1308081,-0.6908081,-0.10080811,-1.7208081,-2.5508082,-3.5408082,-4.6508083,-3.190808,-3.140808,-1.8008081,-1.3808081,-2.160808,0.7291919,1.6591918,1.6991919,1.6391919,1.8691919,2.009192,1.9091918,0.4791919,0.2591919,0.8291919,0.8291919,1.4991919,1.059192,1.4491919,1.4791919,1.8591919,1.3791919,1.0791919,1.3891919,1.2091919,1.6091919,1.7791919,1.5291919,1.2691919,0.9591919,0.12919189
