wind_kz.json
{"header": {"discipline":0,"disciplineName":"Meteorological products","gribEdition":2,"gribLength":1025,"center":7,"centerName":"US National Weather Service - NCEP(WMC)","subcenter":0,"refTime":"2023-10-02T18:00:00.000Z","significanceOfRT":1,"significanceOfRTName":"Start of forecast","productStatus":0,"productStatusName":"Operational products","productType":1,"productTypeName":"Forecast products","productDefinitionTemplate":0,"productDefinitionTemplateName":"Analysis/forecast at horizontal level/layer at a point in time","parameterCategory":2,"parameterCategoryName":"UnknownDiscipline_0_Category_2","parameterNumber":3,"parameterNumberName":"UnknownParameter_D0_C2_3","parameterUnit":"Unknown","genProcessType":2,"genProcessTypeName":"Forecast","forecastTime":120,"surface1Type":103,"surface1TypeName":"Specified height level above ground","surface1Value":10.0,"surface2Type":255,"surface2TypeName":"Missing","surface2Value":0.0,"gridDefinitionTemplate":0,"gridDefinitionTemplateName":"Latitude_Longitude","numberPoints":615,"shape":6,"shapeName":"Earth spherical with radius of 6,371,229.0 m","gridUnits":"degrees","resolution":48,"winds":"true","scanMode":64,"nx":41,"ny":15,"basicAngle":0,"lo1":47.0,"la1":41.0,"lo2":87.0,"la2":55.0,"dx":1.0,"dy":1.0}, "data":
[rows 0 to 14 of 15, columns 0 to 40 of 41]
-0.67470706,-0.14470702,-2.444707,-7.914707,-2.804707,1.625293,-1.984707,-4.034707,0.26529297,-0.08470703,-1.444707,1.445293,1.155293,0.28529298,-1.4147071,-1.094707,-0.55470705,-1.2847071,-1.7947071,-1.224707,0.28529298,-3.504707,-2.074707,-1.854707,-2.664707,-1.494707,-1.924707,1.005293,1.695293,1.9552929,1.505293,0.63529295,0.49529296,0.92529297,1.385293,1.255293,-0.62470704,-1.704707,1.035293,-1.824707,1.7152929
3.645293,-0.57470703,-7.3347073,-8.494707,0.07529297,-0.17470703,-3.004707,-1.054707,2.125293,0.07529297,-0.43470705,0.005292969,-0.49470702,0.545293,-1.924707,-1.244707,-0.39470702,-1.604707,-0.92470706,-0.39470702,-0.524707,-2.374707,-1.424707,1.295293,0.95529294,0.46529296,-2.144707,1.155293,-1.174707,1.785293,2.425293,2.2852929,1.2352929,-0.664707,-2.244707,-1.694707,0.595293,-2.184707,-1.354707,-1.8947071,0.17529297
0.82529294,-4.654707,-8.454707,-5.464707,-2.644707,-2.794707,-2.684707,-3.174707,-1.074707,3.455293,1.935293,0.19529296,0.20529297,0.11529297,-1.254707,-1.824707,-0.82470703,-1.204707,-1.324707,-1.094707,0.47529298,-2.4647071,-2.044707,-0.514707,0.25529298,1.115293,0.55529296,0.10529297,0.22529297,2.135293,2.615293,0.795293,1.765293,-1.254707,-1.254707,0.43529296,-0.13470703,-3.414707,-0.44470704,1.175293,1.365293
1.265293,-0.94470704,-3.114707,-5.314707,-2.374707,-0.99470705,-3.324707,-2.774707,-1.504707,1.1052929,4.035293,2.205293,1.665293,-0.57470703,-2.024707,-0.014707032,-0.604707,-1.254707,-1.174707,-0.604707,-0.74470705,-0.724707,1.315293,0.31529295,-1.704707,-2.164707,-1.194707,-0.21470703,1.525293,2.0352929,0.18529297,-1.984707,-0.75470704,0.51529294,-0.99470705,-1.364707,-0.094707035,2.745293,-0.034707032,0.15529297,0.30529296
1.2252929,2.175293,-0.844707,-3.634707,-4.414707,-0.20470703,-0.18470703,-1.4147071,-1.424707,-2.144707,6.585293,4.545293,4.025293,1.535293,-1.494707,-1.694707,0.905293,-1.094707,-0.54470706,-0.35470703,-0.534707,-0.904707,-1.364707,-1.174707,-2.534707,-2.864707,-1.114707,0.17529297,-0.08470703,2.915293,2.015293,1.495293,1.5952929,2.365293,-1.074707,-0.914707,-1.7847071,1.145293,0.48529297,-0.514707,-1.8947071
-0.14470702,3.385293,4.885293,0.25529298,-4.034707,-6.214707,1.125293,0.33529297,-1.074707,0.985293,4.325293,4.785293,4.625293,3.315293,0.68529296,-0.92470706,-1.714707,-0.854707,-2.304707,-1.634707,0.595293,2.2852929,0.57529294,-1.324707,-0.774707,-0.594707,-0.69470704,2.425293,2.165293,2.2952929,1.825293,1.305293,-0.37470704,-1.624707,1.635293,0.63529295,1.4652929,0.45529297,-3.024707,0.32529297,0.49529296
1.635293,0.29529297,4.515293,4.205293,1.055293,-2.754707,-3.504707,0.69529295,1.155293,-0.07470703,3.745293,7.1652927,5.945293,4.235293,2.345293,1.805293,1.275293,-0.25470704,-2.304707,-2.634707,2.0452929,1.195293,-0.88470703,-1.9147071,0.04529297,2.495293,1.745293,3.005293,1.685293,1.825293,1.435293,0.56529295,0.535293,0.24529296,-0.87470704,-1.2947071,-1.7647071,-1.634707,-0.73470706,-0.93470705,-0.0047070314
2.375293,1.295293,-0.23470703,5.435293,4.485293,1.625293,-1.314707,-0.93470705,-1.9147071,-0.68470705,3.435293,6.515293,7.095293,5.235293,4.335293,2.605293,3.135293,2.305293,-0.974707,-1.204707,2.395293,1.535293,-1.744707,-2.134707,-1.304707,2.265293,3.345293,2.265293,2.015293,1.8452929,2.015293,1.245293,1.265293,1.315293,1.145293,1.005293,-0.844707,-0.80470705,-1.184707,-0.39470702,-1.834707
-3.604707,2.175293,0.69529295,0.025292968,4.6652927,4.335293,2.5252929,-0.0047070314,0.43529296,-1.6547071,-3.814707,4.365293,4.685293,6.955293,5.485293,3.7852929,4.095293,3.485293,2.265293,0.33529297,2.265293,1.795293,-0.69470704,-1.454707,-1.5147071,1.115293,0.915293,1.575293,1.185293,0.61529297,0.46529296,-0.38470703,0.905293,-0.98470706,-0.594707,0.50529295,-1.694707,1.4752929,1.405293,0.595293,-0.55470705
-2.074707,-4.844707,-0.31470704,0.44529298,1.675293,4.155293,4.3952928,2.425293,-0.20470703,1.615293,0.645293,-1.7947071,6.155293,7.635293,6.745293,4.525293,4.585293,4.1652927,3.395293,1.115293,2.7752929,3.125293,1.675293,0.61529297,-1.1547071,0.56529295,0.48529297,1.115293,0.36529297,-0.08470703,0.61529297,-0.23470703,-0.584707,0.735293,0.51529294,0.655293,0.67529297,-2.2247071,1.065293,3.135293,2.845293
-3.024707,-2.874707,-2.484707,-5.214707,0.15529297,1.265293,4.255293,4.085293,1.4852929,-0.06470703,1.6052929,0.44529298,-2.814707,7.985293,7.385293,7.325293,5.455293,5.4152927,4.205293,3.675293,3.765293,3.205293,2.215293,1.575293,0.19529296,0.845293,-0.04470703,1.295293,0.715293,0.40529296,-1.704707,-1.584707,-1.464707,-0.584707,-0.094707035,0.99529296,0.87529296,2.2952929,1.685293,1.425293,0.49529296
-2.754707,0.015292969,-2.984707,-0.57470703,-1.2947071,3.5352929,1.935293,1.7152929,2.0352929,0.965293,-1.694707,2.0252929,2.875293,1.5952929,7.675293,7.885293,7.455293,6.065293,5.425293,4.305293,4.945293,3.675293,3.325293,2.875293,2.145293,1.765293,2.505293,2.685293,1.015293,-0.98470706,-1.124707,1.2252929,0.23529297,-0.05470703,-0.854707,0.29529297,0.975293,2.155293,1.8552929,1.895293,1.065293
0.785293,-1.374707,-2.364707,1.655293,-1.1647071,0.585293,2.565293,2.575293,1.0852929,0.41529298,0.11529297,-0.92470706,6.075293,4.715293,2.335293,8.1552925,7.6452928,7.235293,6.585293,4.525293,4.655293,4.885293,3.685293,3.105293,3.0452929,2.655293,2.445293,3.265293,1.665293,-0.534707,-0.73470706,1.3452929,1.405293,0.15529297,-0.33470702,-0.21470703,-0.13470703,0.47529298,1.3552929,1.0852929,0.92529297
0.10529297,-0.56470704,0.28529298,-1.354707,-0.904707,-0.42470703,0.93529296,2.415293,2.465293,1.9852929,0.68529296,0.14529297,0.33529297,4.185293,8.395293,7.765293,8.445293,8.105293,6.815293,5.945293,5.505293,4.995293,4.365293,3.915293,4.035293,3.635293,2.5252929,2.0352929,1.5852929,0.87529296,-0.28470704,0.725293,2.005293,1.695293,0.55529296,0.25529298,-0.02470703,-0.45470703,-0.094707035,0.795293,1.035293
0.015292969,-1.5347071,-2.434707,-1.5347071,0.525293,1.8352929,0.48529297,1.8552929,2.085293,1.325293,0.49529296,0.67529297,0.835293,-1.004707,8.9052925,7.835293,9.025293,8.755293,7.625293,7.075293,6.795293,5.045293,4.115293,4.025293,3.7952929,3.445293,2.835293,2.095293,1.425293,1.385293,1.775293,1.905293,1.165293,1.885293,2.075293,1.535293,1.2352929,1.5852929,0.655293,0.915293,0.44529298
