wind_kz.json
{"header": {"discipline":0,"disciplineName":"Meteorological products","gribEdition":2,"gribLength":1102,"center":7,"centerName":"US National Weather Service - NCEP(WMC)","subcenter":0,"refTime":"2024-04-08T18:00:00.000Z","significanceOfRT":1,"significanceOfRTName":"Start of forecast","productStatus":0,"productStatusName":"Operational products","productType":1,"productTypeName":"Forecast products","productDefinitionTemplate":0,"productDefinitionTemplateName":"Analysis/forecast at horizontal level/layer at a point in time","parameterCategory":2,"parameterCategoryName":"UnknownDiscipline_0_Category_2","parameterNumber":2,"parameterNumberName":"UnknownParameter_D0_C2_2","parameterUnit":"Unknown","genProcessType":2,"genProcessTypeName":"Forecast","forecastTime":180,"surface1Type":103,"surface1TypeName":"Specified height level above ground","surface1Value":10.0,"surface2Type":255,"surface2TypeName":"Missing","surface2Value":0.0,"gridDefinitionTemplate":0,"gridDefinitionTemplateName":"Latitude_Longitude","numberPoints":615,"shape":6,"shapeName":"Earth spherical with radius of 6,371,229.0 m","gridUnits":"degrees","resolution":48,"winds":"true","scanMode":64,"nx":41,"ny":15,"basicAngle":0,"lo1":47.0,"la1":41.0,"lo2":87.0,"la2":55.0,"dx":1.0,"dy":1.0}, "data":
[rows 0 to 14 of 15, columns 0 to 40 of 41]
-0.4367798,1.6832203,-2.1767797,-2.4167798,-2.1467798,-1.7667798,-4.0267797,-3.5767798,-3.7167797,-2.1767797,-3.0967798,-3.1267798,-3.8367798,-3.8067799,-3.5067797,-3.1467798,-2.3867798,-2.6167798,-1.8467798,-2.5367799,-1.4067798,-0.16677979,0.9232202,2.5932202,-1.7367798,-2.2567797,1.9032202,1.9132202,-0.4167798,0.12322021,1.3032203,0.48322022,-0.5867798,0.15322022,-0.4967798,0.21322021,0.5132202,0.3432202,-1.3967798,-1.7167798,-6.0067797
0.7032202,-2.7067797,-2.4267797,-2.0867798,-2.9667797,-2.0467799,-2.1267798,-2.3967798,-2.6167798,-2.1867797,-1.7567798,-2.3867798,-2.7967799,-2.52678,-2.9067798,-1.6667798,0.043220215,-1.5567797,-1.1767797,-1.0367798,0.3332202,0.2532202,-1.2367798,1.7932202,0.073220216,0.5732202,0.47322023,0.4932202,1.8032203,0.45322022,0.29322022,-0.5167798,0.6332202,1.3532202,0.45322022,-0.2867798,-0.5667798,-2.3467798,-2.8967798,-2.6167798,-1.7667798
-4.61678,-2.8967798,-1.1067798,-0.6467798,-1.0667797,-1.3567798,-0.6167798,-2.0667799,-2.5067797,-0.106779784,0.4332202,1.7532202,-1.3767798,-3.0067797,-2.9667797,-2.3867798,-1.8867798,-0.4467798,0.45322022,0.6932202,1.2132202,0.18322021,0.18322021,-2.8167799,-0.4767798,-1.9467797,-2.0767798,-1.4067798,2.9132202,-1.0467798,1.7432202,-1.3467798,-1.7767798,0.4632202,-1.1167798,1.3332202,-0.3767798,-0.6967798,2.1432202,3.1632202,-1.4167798
-3.9667797,-2.02678,0.9732202,1.6032202,1.8032203,1.5632203,-0.7967798,0.16322021,0.96322024,2.3232203,1.3632202,-0.6467798,-1.7467798,-1.7167798,-2.2067797,-2.3167799,-2.1867797,-2.2067797,-1.6767797,-0.7567798,1.7132202,2.0532203,0.8732202,0.8732202,1.1832203,0.96322024,1.1732202,2.1932201,1.7332202,-0.15677978,0.17322022,0.47322023,-0.15677978,-1.0367798,1.0032202,2.3332202,0.023220215,1.2832202,-3.1767797,-1.0967798,0.9832202
-1.7767798,-2.3967798,-1.0967798,1.5432202,4.8032203,4.23322,2.4132202,2.0232203,2.1032202,1.3932202,1.5432202,4.06322,-0.036779784,-1.2867798,-1.9767798,-1.3767798,-1.1767797,-0.91677976,-1.4667798,-1.3767798,-1.1667798,-1.2567798,-1.3067797,-0.84677976,0.0032202147,0.6732202,3.7432203,-0.24677978,4.10322,3.9532201,3.4032202,3.47322,3.8332202,1.7832202,-2.51678,-2.51678,-1.0767798,-0.33677977,1.3532202,1.1532202,2.6532202
-0.6467798,-0.45677978,-1.4767798,0.78322023,1.5532203,2.2732203,5.7632203,4.4132204,3.8132203,2.9332201,3.4532201,3.5332203,0.26322022,-1.4767798,0.5032202,-0.35677978,-0.026779786,-0.32677978,-0.5667798,-0.5667798,-0.6267798,-0.14677979,0.5732202,1.2132202,2.2632203,3.0932202,3.0732203,-0.66677976,2.3232203,4.98322,6.65322,6.42322,6.34322,5.83322,5.15322,1.4232202,3.7532203,4.63322,7.96322,0.32322022,-0.9567798
1.0132202,1.8232203,2.5232203,2.7432203,2.4532201,3.6832201,4.27322,5.36322,5.4732203,3.4432201,4.25322,5.06322,0.7632202,-0.4767798,-0.21677978,0.16322021,0.15322022,-0.6367798,0.053220216,0.90322024,0.52322024,0.47322023,0.7032202,1.0532203,2.1832201,3.2732203,4.2832203,4.11322,4.75322,5.50322,6.50322,8.0432205,7.2632203,8.20322,1.8432202,2.5032203,2.9432201,2.6332202,3.0932202,0.47322023,1.5732203
-1.6867797,-1.2267798,-0.27677977,0.39322022,1.7032202,2.97322,4.27322,4.9132204,5.0732203,4.10322,3.2032201,2.1732202,1.1732202,-0.13677979,-1.5467798,-1.5767798,-0.3167798,1.3132203,1.6232202,1.6032202,2.0032203,1.8832202,1.6432202,1.7132202,2.2632203,2.98322,4.1632204,5.19322,6.38322,6.11322,7.11322,8.49322,8.69322,9.423221,9.34322,9.61322,7.3032203,-2.6967797,3.8732202,0.7232202,1.7532202
-0.4967798,0.84322023,-0.3167798,0.7932202,1.3232203,2.3232203,3.5332203,4.34322,5.1232204,5.44322,1.8832202,1.7132202,0.5132202,-1.9767798,-1.2167798,-0.48677978,0.41322023,0.3032202,0.8632202,1.7032202,3.0932202,3.8632202,3.5332203,3.8032203,4.63322,4.65322,5.33322,6.0732203,6.94322,8.24322,8.883221,8.41322,9.78322,9.22322,11.24322,8.65322,8.22322,0.58322024,0.6032202,0.3732202,1.3432202
0.48322022,0.6432202,1.8132203,3.0932202,3.4932203,4.17322,5.02322,6.2632203,6.8032203,5.19322,4.29322,1.5832202,0.0032202147,-0.24677978,0.2832202,-0.5567798,-0.4467798,0.5732202,1.4632202,2.0432203,2.6732202,3.6632202,4.0532203,4.3232203,4.86322,5.11322,5.79322,7.96322,8.36322,9.84322,11.07322,11.70322,11.43322,12.78322,9.23322,11.3332205,7.75322,-0.6467798,1.8632202,1.6132202,0.21322021
0.22322021,1.4332203,2.73322,3.4432201,4.38322,5.2032204,5.86322,7.02322,6.27322,5.2632203,2.1132202,-2.3767798,-2.02678,-1.1867797,-1.3667798,-1.1567798,-0.4367798,-0.016779786,0.41322023,0.6632202,1.5132202,2.4632201,3.3432202,2.6532202,3.5132203,5.08322,5.9932203,7.2632203,8.59322,9.86322,11.03322,13.30322,13.95322,11.7932205,10.40322,9.12322,5.4732203,0.9332202,1.5732203,0.6732202,1.5732203
1.6132202,1.6632202,2.23322,3.1032202,4.61322,4.44322,6.5132203,5.04322,2.5332203,-5.39678,-5.4467797,-4.7767797,-2.02678,-2.9067798,-2.7967799,-2.0767798,-1.5067798,-1.6267798,-0.9567798,-0.8867798,-0.65677977,-1.3567798,-1.1167798,-1.0867798,-0.39677978,1.5932202,2.9532201,4.83322,6.2632203,7.38322,8.90322,12.35322,10.3332205,11.23322,9.01322,10.26322,11.11322,8.91322,5.56322,4.02322,3.98322
1.0532203,1.5032202,1.2732202,1.7232202,0.21322021,1.1032202,-0.8167798,-6.30678,-8.37678,-6.2167797,-4.64678,-4.9867797,-3.4567797,-3.4967797,-2.8267798,-2.4667797,-2.1967797,-1.8767798,-1.4367797,-1.8867798,-1.3767798,-1.2867798,-0.6067798,-0.016779786,1.1432202,1.6032202,1.9432203,2.4532201,2.4932203,2.8632202,3.4532201,4.3732204,5.08322,9.02322,12.37322,7.65322,8.91322,6.27322,7.94322,6.2832203,4.29322
0.83322024,0.6832202,0.013220215,-1.7667798,-1.7067798,-3.5367799,-4.0467796,-5.6067796,-5.45678,-4.0067797,-3.4867797,-4.4867797,-2.7067797,-2.8867798,-2.8567798,-2.8067799,-2.6267798,-2.3067799,-2.4567797,-1.2767798,-1.5767798,-1.2767798,-0.22677979,-0.036779784,0.47322023,1.0332202,0.8632202,1.1332202,1.1732202,1.8132203,1.8432202,1.8832202,1.8832202,1.5632203,2.1332202,2.6732202,6.88322,6.5332203,5.5732203,4.61322,6.42322
0.14322022,0.023220215,-0.066779785,-1.0367798,-0.3767798,-2.0867798,-2.1967797,-3.02678,-2.5967798,-1.9767798,-1.4667798,-2.4367797,-1.7767798,-1.7067798,-2.9267797,-2.9467797,-2.2967799,-1.9867798,-1.2667798,-1.4667798,-1.0467798,-0.5867798,-0.12677978,0.2532202,0.6432202,1.0532203,1.4832202,1.5132202,1.5432202,1.6532202,1.6732202,1.2332202,1.0232202,0.71322024,0.32322022,0.3032202,0.35322022,4.11322,9.69322,7.50322,3.2932203
