wind.json
{"header": {"discipline":0,"disciplineName":"Meteorological products","gribEdition":2,"gribLength":1039,"center":7,"centerName":"US National Weather Service - NCEP(WMC)","subcenter":0,"refTime":"2023-06-27T06:00:00.000Z","significanceOfRT":1,"significanceOfRTName":"Start of forecast","productStatus":0,"productStatusName":"Operational products","productType":1,"productTypeName":"Forecast products","productDefinitionTemplate":0,"productDefinitionTemplateName":"Analysis/forecast at horizontal level/layer at a point in time","parameterCategory":0,"parameterCategoryName":"UnknownDiscipline_0_Category_0","parameterNumber":0,"parameterNumberName":"UnknownParameter_D0_C0_0","parameterUnit":"Unknown","genProcessType":2,"genProcessTypeName":"Forecast","forecastTime":0,"surface1Type":1,"surface1TypeName":"Ground or water surface","surface1Value":0.0,"surface2Type":255,"surface2TypeName":"Missing","surface2Value":0.0,"gridDefinitionTemplate":0,"gridDefinitionTemplateName":"Latitude_Longitude","numberPoints":688,"shape":6,"shapeName":"Earth spherical with radius of 6,371,229.0 m","gridUnits":"degrees","resolution":48,"winds":"true","scanMode":64,"nx":43,"ny":16,"basicAngle":0,"lo1":45.0,"la1":40.0,"lo2":87.0,"la2":55.0,"dx":1.0,"dy":1.0}, "data":
[rows 0 to 15 of 16, columns 0 to 42 of 43]
294.46445,291.66446,305.86444,314.86444,318.46445,297.36444,296.66446,294.86444,320.66446,324.36444,320.66446,322.16446,322.46445,322.86444,326.06445,326.06445,326.26447,325.06445,325.56445,328.36444,322.86444,324.26447,319.66446,320.86444,317.76447,316.76447,315.76447,304.06445,303.26447,301.56445,309.46445,318.06445,318.86444,317.86444,326.56445,326.86444,324.96445,327.76447,323.86444,325.96445,329.56445,328.66446,327.36444
294.86444,307.86444,308.26447,297.36444,306.66446,296.06445,296.06445,294.76447,313.46445,323.16446,322.36444,325.26447,322.76447,324.06445,324.36444,324.46445,325.26447,327.26447,327.96445,324.46445,331.36444,325.76447,329.26447,324.96445,318.36444,315.16446,317.86444,317.26447,313.06445,296.86444,301.96445,299.66446,297.76447,296.46445,311.16446,320.96445,328.26447,327.56445,328.86444,326.86444,329.26447,326.76447,327.96445
295.26447,292.66446,288.36444,303.16446,295.56445,295.66446,295.76447,294.26447,324.46445,321.96445,318.96445,319.26447,320.76447,319.76447,320.46445,319.86444,326.16446,326.76447,326.26447,330.06445,329.26447,329.86444,329.56445,322.06445,319.76447,306.66446,296.56445,295.76447,300.86444,298.96445,298.96445,291.96445,299.86444,282.26447,308.66446,273.16446,293.36444,316.06445,318.16446,320.36444,325.96445,314.66446,285.26447
292.86444,293.76447,303.46445,295.86444,295.56445,295.86444,295.36444,316.06445,314.96445,317.16446,317.16446,315.96445,315.56445,317.76447,314.86444,317.46445,318.26447,322.16446,313.86444,323.96445,312.86444,326.66446,325.66446,320.66446,319.46445,311.76447,318.46445,317.86444,316.56445,317.06445,314.46445,299.36444,296.16446,295.86444,300.16446,300.46445,303.76447,300.56445,297.76447,296.26447,299.86444,295.86444,285.86444
302.16446,300.26447,301.36444,296.66446,296.66446,295.66446,300.76447,313.86444,315.86444,315.76447,312.46445,317.06445,316.06445,315.16446,294.46445,293.96445,315.26447,320.06445,317.36444,321.26447,321.46445,323.06445,316.26447,315.26447,318.26447,319.56445,319.76447,321.16446,322.56445,318.56445,318.76447,324.26447,316.56445,314.26447,318.96445,318.16446,320.26447,309.46445,295.56445,291.76447,298.96445,310.66446,315.26447
306.26447,301.46445,306.16446,297.16446,296.86444,297.16446,304.56445,313.26447,315.56445,318.86444,316.06445,315.46445,316.26447,314.86444,294.86444,294.26447,291.86444,315.46445,316.26447,313.56445,313.16446,316.46445,318.36444,320.26447,319.66446,319.26447,320.46445,321.96445,320.96445,313.36444,321.06445,321.26447,320.06445,317.26447,299.66446,289.26447,300.76447,310.86444,309.36444,318.96445,319.56445,316.46445,317.06445
296.16446,307.76447,305.66446,307.36444,297.76447,296.36444,296.46445,295.96445,316.66446,312.46445,312.76447,312.46445,313.46445,312.96445,296.06445,293.46445,302.56445,310.46445,314.36444,313.46445,314.26447,314.06445,313.26447,313.26447,315.26447,315.76447,317.06445,317.16446,316.36444,290.66446,321.56445,321.96445,319.46445,316.76447,318.46445,318.26447,311.96445,305.36444,305.76447,309.46445,325.96445,322.06445,317.46445
298.06445,297.96445,306.26447,309.96445,310.16446,309.66446,306.96445,311.16446,312.66446,309.16446,308.26447,308.66446,309.56445,308.76447,308.96445,310.56445,310.76447,310.96445,310.56445,311.26447,310.46445,308.46445,308.76447,310.26447,311.06445,311.76447,309.26447,310.56445,312.96445,317.66446,320.06445,320.76447,319.76447,320.66446,319.56445,315.96445,312.56445,312.76447,305.16446,302.86444,298.46445,299.56445,312.26447
291.26447,294.86444,299.06445,300.66446,306.46445,306.76447,308.46445,307.66446,310.76447,308.16446,306.26447,305.66446,305.06445,304.66446,307.36444,305.16446,308.16446,307.66446,310.36444,307.46445,306.46445,305.36444,304.76447,302.66446,306.06445,306.86444,305.96445,303.36444,305.16446,308.46445,304.76447,312.86444,310.96445,315.46445,311.76447,308.66446,311.36444,315.46445,312.06445,288.06445,308.76447,308.86444,305.46445
289.16446,294.36444,293.86444,294.06445,294.26447,302.26447,304.16446,305.56445,304.96445,303.36444,302.66446,301.66446,301.86444,302.26447,300.46445,302.86444,300.86444,294.86444,291.56445,291.86444,295.06445,301.76447,298.66446,301.16446,292.96445,297.46445,301.06445,303.66446,300.66446,301.16446,301.36444,301.76447,305.26447,305.06445,307.26447,308.36444,310.46445,302.56445,301.66446,305.16446,297.76447,288.36444,295.96445
289.36444,289.26447,293.26447,298.86444,299.26447,300.16446,300.86444,302.26447,301.66446,300.66446,300.06445,299.66446,299.06445,298.06445,293.26447,295.66446,287.76447,286.76447,287.86444,287.76447,287.76447,288.16446,290.56445,295.66446,292.46445,291.66446,298.16446,300.66446,301.16446,299.96445,300.86444,303.06445,301.16446,307.36444,308.86444,310.86444,307.56445,305.16446,296.56445,293.16446,298.06445,292.96445,293.86444
288.76447,292.06445,295.06445,294.36444,295.96445,297.06445,298.86444,299.56445,298.26447,298.26447,296.96445,296.76447,295.46445,294.46445,294.56445,288.46445,285.66446,285.26447,284.96445,285.56445,285.16446,285.56445,285.66446,285.46445,288.96445,292.16446,289.06445,290.76447,295.26447,297.26447,298.56445,303.86444,302.86444,303.36444,305.76447,306.46445,303.36444,301.66446,297.06445,294.06445,293.56445,294.26447,293.16446
290.86444,291.96445,293.46445,296.06445,296.86444,297.76447,297.76447,297.46445,296.16446,295.36444,295.06445,294.56445,292.86444,292.16446,291.76447,291.26447,285.96445,284.86444,283.86444,285.16446,284.76447,285.26447,284.86444,284.66446,285.26447,285.46445,286.46445,290.86444,293.86444,302.36444,306.76447,298.16446,299.26447,297.66446,303.66446,305.26447,303.76447,303.56445,302.76447,302.26447,299.06445,299.06445,299.46445
291.06445,292.46445,293.06445,294.56445,298.16446,296.76447,295.56445,295.76447,295.66446,298.36444,297.16446,292.66446,291.26447,288.96445,290.36444,289.76447,285.16446,283.66446,283.96445,283.86444,285.06445,285.16446,284.96445,286.56445,284.96445,284.66446,285.96445,288.06445,296.36444,297.16446,302.86444,303.56445,304.76447,301.66446,299.76447,299.26447,302.56445,302.06445,299.96445,299.36444,294.56445,296.16446,297.66446
291.96445,293.46445,295.06445,296.76447,292.46445,295.86444,295.36444,294.86444,294.56445,292.86444,293.76447,293.46445,290.76447,289.06445,290.46445,287.56445,289.76447,284.46445,284.26447,283.66446,283.96445,284.36444,284.86444,285.36444,286.86444,289.26447,289.76447,290.86444,294.96445,296.76447,300.96445,303.16446,303.96445,301.76447,296.36444,291.46445,297.36444,299.96445,298.26447,292.46445,295.26447,296.76447,295.26447
293.96445,294.56445,296.66446,296.06445,289.76447,295.76447,296.16446,295.76447,295.96445,295.16446,294.46445,294.16446,293.86444,291.26447,289.06445,290.06445,290.06445,287.16446,285.36444,283.96445,284.76447,284.06445,284.26447,284.66446,285.46445,288.76447,289.76447,293.76447,293.76447,292.76447,297.46445,298.16446,292.96445,291.06445,296.56445,298.66446,297.96445,296.96445,291.06445,291.06445,293.56445,295.96445,296.76447
