wind_kz.json
{"header": {"discipline":0,"disciplineName":"Meteorological products","gribEdition":2,"gribLength":871,"center":7,"centerName":"US National Weather Service - NCEP(WMC)","subcenter":0,"refTime":"2023-09-30T00:00:00.000Z","significanceOfRT":1,"significanceOfRTName":"Start of forecast","productStatus":0,"productStatusName":"Operational products","productType":1,"productTypeName":"Forecast products","productDefinitionTemplate":0,"productDefinitionTemplateName":"Analysis/forecast at horizontal level/layer at a point in time","parameterCategory":0,"parameterCategoryName":"UnknownDiscipline_0_Category_0","parameterNumber":0,"parameterNumberName":"UnknownParameter_D0_C0_0","parameterUnit":"Unknown","genProcessType":2,"genProcessTypeName":"Forecast","forecastTime":0,"surface1Type":1,"surface1TypeName":"Ground or water surface","surface1Value":0.0,"surface2Type":255,"surface2TypeName":"Missing","surface2Value":0.0,"gridDefinitionTemplate":0,"gridDefinitionTemplateName":"Latitude_Longitude","numberPoints":615,"shape":6,"shapeName":"Earth spherical with radius of 6,371,229.0 m","gridUnits":"degrees","resolution":48,"winds":"true","scanMode":64,"nx":41,"ny":15,"basicAngle":0,"lo1":47.0,"la1":41.0,"lo2":87.0,"la2":55.0,"dx":1.0,"dy":1.0}, "data":
[rows 0 to 14 of 15, columns 0 to 40 of 41]
288.2717,280.2717,283.9717,294.8717,294.2717,293.07172,291.1717,290.57172,286.9717,284.07172,286.1717,287.2717,287.3717,287.57172,287.4717,285.57172,285.57172,287.3717,284.9717,287.6717,288.9717,283.7717,286.3717,284.57172,287.2717,286.3717,283.4717,271.57172,272.2717,273.1717,273.07172,272.7717,282.6717,287.3717,288.8717,288.57172,286.7717,287.2717,288.4717,288.6717,287.3717
272.3717,284.57172,294.4717,294.3717,294.3717,292.57172,287.6717,286.3717,284.7717,285.07172,287.1717,286.8717,287.2717,285.8717,285.3717,286.2717,282.57172,284.9717,282.9717,282.7717,284.6717,286.57172,284.4717,278.07172,271.07172,272.8717,277.2717,269.07172,271.3717,271.2717,274.1717,268.6717,273.57172,255.0717,272.07172,285.57172,283.1717,286.2717,288.8717,281.4717,283.6717
286.2717,293.9717,294.1717,293.4717,291.6717,286.7717,286.2717,286.2717,284.2717,284.3717,285.07172,285.7717,285.1717,285.9717,287.6717,287.1717,284.8717,283.8717,285.4717,285.8717,283.6717,285.57172,285.4717,279.57172,281.7717,280.9717,284.57172,284.07172,282.07172,277.9717,271.3717,272.7717,279.8717,279.7717,281.9717,280.3717,271.2717,274.2717,274.6717,270.7717,269.57172
286.57172,293.2717,293.8717,292.6717,289.9717,284.6717,286.1717,284.7717,284.8717,284.9717,285.1717,285.1717,291.1717,290.3717,286.6717,285.6717,285.6717,286.1717,290.2717,283.9717,288.57172,282.7717,284.57172,285.07172,284.9717,285.57172,286.07172,282.6717,284.8717,286.9717,287.4717,285.6717,289.1717,287.9717,288.57172,282.8717,272.9717,263.8717,274.3717,281.4717,284.2717
286.7717,292.8717,293.3717,292.4717,289.7717,285.4717,286.2717,285.9717,285.57172,285.57172,285.2717,284.7717,290.1717,288.8717,287.3717,287.1717,287.3717,287.7717,286.57172,288.4717,286.3717,285.6717,284.1717,284.4717,284.07172,284.4717,283.57172,285.7717,284.6717,284.6717,289.1717,287.4717,273.9717,267.57172,276.2717,284.2717,287.2717,285.9717,286.57172,286.6717,287.57172
287.9717,286.8717,291.7717,292.9717,292.8717,292.4717,287.4717,287.6717,285.8717,285.6717,286.3717,286.8717,289.57172,289.8717,287.4717,284.9717,288.4717,284.8717,286.07172,286.4717,284.57172,284.9717,285.3717,285.07172,283.9717,281.7717,283.3717,289.07172,286.6717,286.7717,285.2717,286.7717,285.3717,284.8717,284.6717,287.1717,279.07172,280.7717,284.07172,287.07172,286.57172
285.3717,284.4717,288.6717,288.9717,288.9717,286.3717,287.1717,286.2717,286.3717,286.3717,285.07172,285.7717,286.6717,289.57172,288.9717,289.9717,288.07172,284.57172,283.3717,283.1717,283.57172,284.1717,284.1717,285.1717,285.7717,284.8717,282.07172,283.57172,284.4717,285.2717,285.3717,284.6717,285.57172,285.1717,284.2717,284.3717,279.3717,276.6717,272.8717,271.9717,282.7717
287.4717,286.3717,286.2717,288.1717,289.1717,290.1717,286.6717,288.6717,287.57172,284.6717,283.6717,284.1717,284.2717,286.6717,289.1717,287.57172,286.3717,284.8717,283.1717,280.9717,281.57172,283.2717,285.6717,283.6717,282.4717,282.2717,280.1717,280.8717,280.6717,282.7717,282.3717,283.4717,282.9717,281.07172,283.07172,281.07172,283.07172,286.57172,281.7717,281.1717,280.1717
286.6717,286.3717,286.9717,286.4717,288.6717,289.9717,289.1717,286.07172,286.8717,286.2717,285.7717,281.8717,281.57172,283.07172,284.3717,285.1717,284.9717,283.8717,282.6717,281.3717,280.8717,280.6717,284.4717,284.2717,283.1717,282.3717,282.07172,280.4717,281.3717,276.7717,278.4717,279.1717,280.7717,282.2717,282.1717,279.07172,278.7717,278.9717,269.8717,267.3717,268.4717
285.6717,286.7717,286.57172,287.2717,289.07172,286.2717,285.57172,283.8717,284.1717,285.9717,284.6717,283.07172,284.8717,282.9717,284.6717,285.8717,286.4717,285.7717,285.6717,284.8717,283.7717,284.07172,283.6717,284.57172,284.2717,283.2717,283.07172,283.2717,282.07172,281.57172,282.9717,281.6717,281.3717,280.8717,281.07172,280.4717,280.4717,276.1717,275.1717,271.7717,266.4717
284.4717,284.8717,285.2717,286.1717,285.3717,283.7717,286.7717,282.3717,281.8717,281.3717,281.8717,282.7717,283.9717,284.57172,283.3717,283.2717,283.07172,283.57172,285.4717,284.3717,284.1717,284.07172,284.2717,283.57172,282.6717,281.8717,282.4717,282.9717,283.8717,284.57172,284.8717,285.4717,284.2717,283.2717,281.9717,280.9717,279.2717,276.4717,276.2717,275.57172,271.3717
282.7717,284.1717,283.8717,286.4717,285.9717,285.8717,285.1717,284.4717,284.8717,284.1717,282.4717,282.2717,281.6717,283.9717,284.1717,283.4717,283.8717,282.4717,284.2717,284.1717,282.8717,282.4717,282.4717,282.57172,282.2717,281.9717,282.4717,283.7717,284.8717,284.9717,284.07172,282.07172,282.57172,281.2717,281.6717,282.3717,283.07172,282.2717,281.2717,281.1717,280.2717
281.1717,281.1717,282.3717,282.4717,285.3717,285.8717,284.2717,283.1717,280.4717,283.4717,281.1717,280.4717,282.8717,282.4717,283.4717,282.57172,283.57172,283.2717,284.07172,282.9717,282.6717,282.1717,280.1717,279.3717,280.8717,282.8717,283.6717,284.07172,283.7717,280.8717,281.3717,283.9717,281.3717,282.07172,279.6717,282.1717,278.57172,281.8717,281.07172,280.07172,280.6717
279.7717,281.3717,283.4717,281.1717,282.4717,283.8717,283.9717,281.3717,280.3717,281.3717,281.7717,280.4717,280.9717,281.9717,281.8717,283.2717,283.1717,282.6717,283.1717,283.57172,283.3717,282.9717,282.07172,283.3717,282.8717,279.1717,278.3717,279.3717,278.7717,280.07172,279.7717,281.8717,282.07172,279.8717,280.4717,276.6717,276.9717,277.07172,277.2717,277.7717,280.07172
280.57172,281.4717,285.8717,280.2717,280.1717,279.57172,280.4717,279.4717,280.07172,279.57172,281.57172,281.2717,280.8717,281.4717,281.9717,282.3717,282.1717,281.7717,283.2717,282.8717,283.4717,283.2717,283.3717,281.57172,279.9717,280.7717,281.57172,279.6717,278.07172,277.9717,277.6717,280.6717,278.07172,277.07172,276.6717,276.8717,278.07172,276.6717,276.8717,277.9717,276.6717
