wind_kz.json
{"header": {"discipline":0,"disciplineName":"Meteorological products","gribEdition":2,"gribLength":794,"center":7,"centerName":"US National Weather Service - NCEP(WMC)","subcenter":0,"refTime":"2023-10-03T18:00:00.000Z","significanceOfRT":1,"significanceOfRTName":"Start of forecast","productStatus":0,"productStatusName":"Operational products","productType":1,"productTypeName":"Forecast products","productDefinitionTemplate":0,"productDefinitionTemplateName":"Analysis/forecast at horizontal level/layer at a point in time","parameterCategory":2,"parameterCategoryName":"UnknownDiscipline_0_Category_2","parameterNumber":2,"parameterNumberName":"UnknownParameter_D0_C2_2","parameterUnit":"Unknown","genProcessType":2,"genProcessTypeName":"Forecast","forecastTime":180,"surface1Type":103,"surface1TypeName":"Specified height level above ground","surface1Value":10.0,"surface2Type":255,"surface2TypeName":"Missing","surface2Value":0.0,"gridDefinitionTemplate":0,"gridDefinitionTemplateName":"Latitude_Longitude","numberPoints":615,"shape":6,"shapeName":"Earth spherical with radius of 6,371,229.0 m","gridUnits":"degrees","resolution":48,"winds":"true","scanMode":64,"nx":41,"ny":15,"basicAngle":0,"lo1":47.0,"la1":41.0,"lo2":87.0,"la2":55.0,"dx":1.0,"dy":1.0}, "data":
[rows 0 to 14 of 15, columns 0 to 40 of 41]
-1.6870239,2.0129762,0.7129761,-5.787024,-5.187024,-4.687024,-4.0870237,-4.887024,-5.387024,-2.9870238,-3.4870238,-2.287024,-0.7870239,-0.5870239,0.51297605,1.012976,0.31297606,2.612976,2.612976,2.8129761,-0.5870239,-0.7870239,0.81297606,1.3129761,-0.8870239,0.21297607,2.112976,-1.6870239,-0.68702394,0.4129761,-0.7870239,1.6129761,0.6129761,-1.2870239,0.112976074,1.6129761,1.1129761,1.512976,0.9129761,0.112976074,1.012976
2.912976,0.4129761,-1.6870239,-6.787024,-5.0870237,-5.687024,-5.0870237,-4.687024,-3.787024,-2.887024,-2.387024,-3.287024,-2.4870238,-1.487024,1.1129761,1.512976,1.012976,-1.1870239,3.912976,3.212976,2.412976,1.6129761,2.0129762,2.712976,-0.08702393,0.21297607,0.6129761,-0.8870239,1.412976,0.21297607,0.81297606,0.31297606,-0.98702395,0.4129761,0.7129761,-0.68702394,0.4129761,1.6129761,1.1129761,0.7129761,0.9129761
-2.4870238,-2.387024,-2.4870238,-3.787024,-4.987024,-4.187024,-4.787024,-3.887024,-3.787024,-3.1870239,-2.6870239,-1.3870239,-1.3870239,-0.08702393,2.0129762,0.7129761,0.21297607,0.112976074,3.5129762,5.612976,3.212976,0.6129761,0.4129761,3.0129762,-0.38702393,-0.08702393,-0.38702393,-0.08702393,1.512976,-0.18702392,0.51297605,0.51297605,0.7129761,2.212976,0.6129761,1.8129761,1.7129761,0.4129761,0.112976074,-0.18702392,1.512976
-0.48702392,0.81297606,-1.8870239,-3.087024,-1.3870239,-1.987024,-2.1870239,-3.787024,-2.287024,-1.487024,-1.3870239,-1.3870239,-1.2870239,0.31297606,1.012976,1.412976,1.2129761,-0.28702393,2.8129761,5.312976,1.1129761,0.7129761,-1.087024,1.3129761,1.912976,3.712976,2.5129762,2.112976,2.612976,1.012976,-5.0870237,-3.9870238,-5.0870237,-4.987024,-4.287024,-2.4870238,-0.28702393,1.8129761,-1.2870239,0.012976075,0.31297606
0.6129761,0.9129761,2.712976,0.6129761,0.9129761,-0.5870239,-1.587024,-2.287024,-0.8870239,0.112976074,-0.38702393,0.112976074,-1.487024,-0.38702393,0.112976074,0.51297605,0.31297606,1.2129761,2.3129761,2.712976,5.612976,3.212976,2.112976,1.2129761,2.5129762,3.412976,3.712976,3.5129762,4.4129763,2.612976,2.3129761,1.6129761,2.3129761,1.012976,-1.7870239,-1.487024,-1.487024,-2.4870238,-0.5870239,-0.5870239,-1.3870239
3.212976,2.3129761,1.7129761,1.7129761,2.0129762,2.3129761,0.9129761,-0.18702392,0.21297607,0.7129761,0.51297605,0.31297606,-0.5870239,-0.7870239,-0.8870239,0.012976075,1.412976,0.81297606,1.912976,3.8129761,4.312976,5.012976,3.412976,2.5129762,2.712976,3.412976,2.412976,0.51297605,-0.68702394,-0.08702393,2.0129762,2.712976,1.912976,1.012976,0.21297607,-5.187024,0.012976075,-6.0870237,-3.9870238,-3.787024,-2.287024
3.5129762,3.212976,2.112976,1.912976,1.012976,1.8129761,3.112976,1.512976,1.2129761,0.9129761,1.012976,0.9129761,0.4129761,-0.18702392,-0.08702393,-0.8870239,0.4129761,1.512976,2.0129762,2.5129762,1.912976,2.912976,3.612976,1.912976,2.0129762,1.912976,0.31297606,-0.7870239,-1.8870239,-0.5870239,0.21297607,-0.8870239,-1.087024,-5.987024,-6.987024,-8.287024,-1.8870239,-0.18702392,-3.587024,2.0129762,-1.6870239
3.612976,4.012976,3.912976,3.612976,3.3129761,2.0129762,2.212976,2.612976,1.912976,2.712976,2.112976,2.212976,1.512976,0.7129761,0.21297607,-0.08702393,-0.08702393,0.112976074,0.21297607,0.4129761,2.0129762,1.7129761,2.612976,3.112976,2.612976,2.612976,1.8129761,0.21297607,-0.7870239,-0.5870239,-0.8870239,-2.387024,-4.287024,-2.1870239,0.012976075,-2.4870238,-2.087024,-6.787024,-9.187024,-9.887024,-3.287024
5.512976,5.4129763,5.812976,5.4129763,4.612976,4.612976,3.112976,3.3129761,2.8129761,3.412976,3.0129762,2.3129761,2.212976,1.412976,1.3129761,0.4129761,0.012976075,-0.18702392,-0.28702393,1.012976,1.6129761,1.7129761,2.112976,4.312976,4.512976,4.212976,3.8129761,1.7129761,0.81297606,0.012976075,0.31297606,0.4129761,0.012976075,0.4129761,-2.287024,-5.787024,-3.887024,-3.787024,-1.987024,-1.487024,0.6129761
4.812976,4.812976,4.612976,3.712976,3.5129762,3.612976,2.712976,2.912976,3.712976,3.712976,3.912976,3.612976,3.212976,2.412976,2.112976,1.412976,1.1129761,0.51297605,0.7129761,1.6129761,3.212976,3.3129761,3.912976,5.9129763,6.512976,5.9129763,5.9129763,5.012976,4.312976,3.112976,2.912976,3.0129762,1.6129761,-0.48702392,-1.2870239,-3.1870239,-2.887024,-1.2870239,1.412976,0.6129761,-1.087024
3.5129762,4.012976,3.8129761,3.112976,3.212976,2.612976,3.0129762,3.112976,3.412976,4.012976,4.312976,4.812976,4.4129763,4.212976,3.3129761,2.912976,2.412976,2.212976,1.912976,2.412976,2.912976,4.212976,4.9129763,4.612976,5.9129763,6.112976,6.612976,6.312976,5.812976,5.512976,3.3129761,1.6129761,1.012976,0.112976074,0.51297605,-1.2870239,-0.28702393,0.4129761,-0.38702393,-0.48702392,0.31297606
2.712976,3.112976,3.212976,2.8129761,2.712976,1.8129761,2.0129762,2.912976,4.512976,4.9129763,3.8129761,5.012976,4.512976,4.812976,5.312976,4.712976,4.112976,4.012976,3.8129761,3.3129761,3.3129761,4.4129763,4.712976,4.312976,2.8129761,1.1129761,5.612976,7.212976,7.112976,5.612976,3.612976,1.6129761,1.2129761,1.1129761,1.3129761,2.712976,1.412976,-0.48702392,-0.28702393,-0.28702393,-0.7870239
2.112976,2.5129762,2.412976,2.612976,2.8129761,2.212976,3.0129762,3.712976,4.9129763,3.8129761,3.412976,5.212976,5.312976,6.112976,5.612976,5.812976,5.612976,4.712976,4.4129763,4.712976,4.512976,4.612976,4.612976,5.812976,6.512976,4.512976,4.512976,6.312976,6.812976,5.112976,3.912976,2.5129762,1.7129761,1.6129761,2.5129762,2.212976,1.2129761,-0.08702393,-0.48702392,-0.8870239,-0.48702392
1.3129761,1.412976,3.112976,3.112976,3.112976,3.412976,4.112976,4.712976,5.312976,4.512976,3.712976,4.512976,6.9129763,6.712976,5.712976,5.612976,5.612976,5.012976,4.712976,6.012976,6.312976,6.012976,6.012976,5.4129763,5.712976,6.012976,4.512976,6.012976,6.712976,5.012976,4.312976,3.0129762,1.912976,1.6129761,1.412976,1.8129761,0.4129761,0.81297606,-0.48702392,0.51297605,-0.5870239
0.9129761,2.0129762,3.8129761,2.112976,2.8129761,3.112976,4.012976,5.012976,4.9129763,4.512976,3.212976,6.312976,5.712976,5.4129763,6.612976,6.512976,6.512976,7.012976,6.512976,6.812976,7.112976,7.212976,6.512976,5.9129763,5.712976,5.812976,6.512976,5.4129763,7.4129763,6.112976,4.512976,2.5129762,2.412976,1.912976,2.212976,1.912976,1.3129761,0.81297606,1.7129761,0.112976074,-0.7870239
