wind_kz.json
{"header": {"discipline":0,"disciplineName":"Meteorological products","gribEdition":2,"gribLength":1025,"center":7,"centerName":"US National Weather Service - NCEP(WMC)","subcenter":0,"refTime":"2024-04-09T12:00:00.000Z","significanceOfRT":1,"significanceOfRTName":"Start of forecast","productStatus":0,"productStatusName":"Operational products","productType":1,"productTypeName":"Forecast products","productDefinitionTemplate":0,"productDefinitionTemplateName":"Analysis/forecast at horizontal level/layer at a point in time","parameterCategory":2,"parameterCategoryName":"UnknownDiscipline_0_Category_2","parameterNumber":2,"parameterNumberName":"UnknownParameter_D0_C2_2","parameterUnit":"Unknown","genProcessType":2,"genProcessTypeName":"Forecast","forecastTime":120,"surface1Type":103,"surface1TypeName":"Specified height level above ground","surface1Value":10.0,"surface2Type":255,"surface2TypeName":"Missing","surface2Value":0.0,"gridDefinitionTemplate":0,"gridDefinitionTemplateName":"Latitude_Longitude","numberPoints":615,"shape":6,"shapeName":"Earth spherical with radius of 6,371,229.0 m","gridUnits":"degrees","resolution":48,"winds":"true","scanMode":64,"nx":41,"ny":15,"basicAngle":0,"lo1":47.0,"la1":41.0,"lo2":87.0,"la2":55.0,"dx":1.0,"dy":1.0}, "data":
[rows 0 to 14 of 15, columns 0 to 40 of 41]
4.005718,1.4757184,-2.0542817,-2.1042817,0.7957184,3.2257185,5.7057185,6.2157183,4.4857183,6.6457186,6.1057186,5.525718,2.9957185,1.0257183,0.025718383,2.0857184,8.185719,3.3757184,3.4257183,1.3057184,2.3957183,-1.3342816,2.4457183,2.0857184,0.29571837,0.015718384,-0.10428162,2.0857184,0.5457184,-0.8642816,-0.5442816,1.1857184,-2.0542817,-2.9842815,-4.0442815,-2.0542817,-3.0342817,-3.1242816,-2.8842816,-3.2642815,-4.3842816
-0.69428164,-3.7942817,0.4957184,1.7457184,2.5657184,2.5057185,5.005718,6.4057183,4.9157186,5.4357185,4.7457185,5.025718,3.0157185,2.9457183,0.9057184,6.7257185,6.005718,5.2457185,4.1657186,2.5957184,2.3557184,1.3657184,1.1757184,1.5557184,1.4257184,-0.06428161,-0.11428162,2.9757185,2.4257183,-1.4642816,-0.16428162,-0.2542816,-1.4442816,-1.9442816,0.28571838,0.41571838,1.2257184,-1.3642817,-0.6842816,-2.0542817,-6.6242814
2.5457184,-0.3542816,-0.23428161,3.1457183,2.9057183,3.9057183,5.0757184,4.7157183,4.2057185,3.4457183,2.9957185,3.0957184,3.0357184,1.6857184,3.3157184,3.2557185,3.6557183,4.1657186,3.0357184,4.1757183,4.6157184,4.565718,4.3457184,4.9557185,4.1557183,-1.0942817,3.3357184,0.5257184,4.4257183,-1.5942817,-0.10428162,-2.6842816,0.4657184,1.0157183,-5.1142817,-1.0942817,-0.33428162,-0.8442816,-0.9042816,-0.6742816,-1.8342816
1.6557183,-1.1842816,-0.014281617,1.5857184,1.7957184,3.5157185,0.095718384,1.8557184,3.7757185,4.085718,4.295718,2.8657184,-1.5842816,0.93571836,3.5557184,3.7257185,4.6757183,4.545718,4.6557183,5.2257185,4.505718,5.8057184,5.6457186,5.2257185,6.7357183,6.835718,4.585718,-0.76428163,4.1557183,2.3857183,1.0557184,1.4257184,5.1557183,2.8057184,3.7357185,2.5857184,0.12571838,0.5657184,-0.8942816,-1.9742817,-0.7942816
-4.2842817,-3.6842816,-3.9842815,-3.0442817,-1.7742816,-1.6542816,3.2757185,4.5357184,3.2357185,6.5357184,5.9657183,5.085718,0.74571836,2.9057183,3.9357183,5.3057184,4.8057184,4.2057185,4.6857185,4.2457185,3.7657185,6.0357184,6.9557185,7.585718,6.9857183,3.5757184,5.7657185,6.7157183,6.6857185,5.255718,3.6857183,1.1157184,0.9557184,1.0257183,-2.2242815,-1.0542816,0.8357184,-2.2942817,-0.87428164,-0.27428162,0.9557184
1.8857183,0.12571838,-2.5142815,-2.7742815,-0.88428164,1.8157184,2.8057184,1.9257184,4.6457186,6.3557186,5.335718,5.9557185,4.4557185,3.2457185,3.5857184,7.005718,5.1557183,4.275718,3.9557183,3.1557183,3.8657184,1.5657184,3.5557184,6.7857184,6.795718,6.5757184,6.6357183,2.0957184,6.8557186,4.835718,4.775718,3.1057184,4.1057186,2.5257185,0.28571838,-1.6842816,-0.36428162,-0.3242816,-1.6142817,0.22571838,0.3657184
-0.9142816,0.7657184,1.0757184,-0.2942816,-0.42428163,0.3957184,1.4357184,2.7957184,4.295718,5.8857183,5.0357184,5.4857183,5.025718,4.3457184,6.6657186,5.4257183,6.085718,4.6257186,3.8357184,4.1057186,4.045718,3.2957184,1.7957184,3.5457184,5.3857183,3.2557185,4.835718,0.4957184,1.6657184,2.6857183,4.8457184,3.0657184,2.3757184,1.6157184,-3.1242816,-1.6642816,-0.10428162,1.4357184,-1.0042816,2.5057185,-2.4442816
-0.10428162,-0.7042816,-2.7642815,-1.3142816,2.0057185,1.5257183,1.9257184,3.4257183,4.295718,5.2657185,4.1957183,3.4257183,4.4057183,3.0157185,2.3857183,5.3957186,4.525718,5.4157186,4.7457185,4.8757186,5.0757184,3.8357184,2.2157183,1.8257184,1.5557184,2.2357185,4.0757184,1.8657184,3.3157184,3.7357185,3.9057183,4.3457184,2.0157185,0.28571838,-1.5842816,-1.6142817,-1.2542816,-5.6542816,-5.7942815,-5.5842814,-2.4942815
-2.4342816,-2.2142816,-0.69428164,-0.8442816,1.3157184,1.9857184,1.5357184,2.3057184,1.7257184,1.6157184,3.7357185,1.1157184,0.73571837,2.9157183,4.4157186,3.2757185,3.4157183,5.275718,5.1957183,4.315718,6.255718,5.775718,4.2457185,2.3857183,3.9557183,3.4757185,2.9057183,2.7757185,3.2957184,3.6557183,4.5157185,4.275718,3.2657185,0.47571838,-4.3142815,-3.0642817,-1.5642816,-0.94428164,-0.9842816,0.28571838,-1.3442817
-1.5742816,-1.0142816,-0.37428162,-0.3242816,0.22571838,1.3457184,1.4357184,1.3457184,-2.5042815,1.2157184,1.8357184,1.6557183,-1.0242816,1.3757184,0.06571838,0.29571837,1.4557184,-0.21428162,0.7857184,3.7657185,5.585718,7.025718,6.9757185,4.525718,4.9957185,4.9457183,4.4457183,5.0957184,4.8857183,6.025718,4.9657183,5.4057183,1.9257184,-0.3142816,-1.6342816,-0.56428164,-2.4542816,-0.6142816,-0.4142816,0.32571837,-1.3542817
-1.9042816,-1.4042816,-1.6442816,-1.1742816,-0.9642816,-0.8442816,-0.87428164,-0.63428164,0.7057184,1.4357184,2.2557185,-2.1042817,-0.07428162,0.7857184,-3.1342816,-2.6342816,-1.3642817,-0.16428162,0.48571837,2.6457183,4.3957186,3.9157183,4.0357184,6.6357183,5.1657186,4.7657185,5.6457186,7.1357183,6.8557186,6.2657185,5.275718,4.9357185,2.5457184,0.41571838,0.035718385,-0.7942816,-1.4642816,0.7757184,-0.13428162,0.8557184,-0.9242816
-1.9542816,-1.1742816,-1.1242816,-1.1242816,-0.94428164,-1.3642817,-1.3742816,-0.6642816,-1.0942817,-0.06428161,1.2957184,-1.0042816,-3.7142816,-3.5442817,-2.2942817,-1.5842816,-0.45428163,0.095718384,0.86571836,2.6857183,3.1957183,5.0557184,5.7057185,4.7357183,5.3757186,6.4157186,6.6257186,6.565718,6.8557186,5.7157183,4.2357183,3.5157185,1.9257184,0.37571838,1.0557184,1.7057184,3.5957184,1.3957183,0.8257184,-0.69428164,-1.4142816
-1.5342816,-2.2042816,-0.8542816,-1.9642816,-1.3042816,-0.9742816,-1.4542816,-1.7442816,-2.2642815,-1.2642816,-0.42428163,-2.2542815,-2.0742817,-1.5542816,-2.3542817,-0.6642816,-0.2842816,-0.084281616,0.44571838,0.8957184,1.1957184,3.1757183,3.3857183,6.795718,6.9957185,7.1457186,7.1657186,6.5557184,5.775718,5.1357183,4.4057183,4.005718,2.4557183,1.3357184,1.3257184,2.2357185,1.7957184,0.6557184,0.41571838,-1.0542816,-1.4042816
-1.7042816,-2.2442815,-0.4142816,-1.4142816,-1.0042816,-1.0042816,-1.6542816,-1.5442816,-1.4042816,-1.4142816,0.045718383,0.4957184,-0.6842816,-0.7242816,-1.7342817,-1.1942816,-0.45428163,0.86571836,1.6957184,0.5757184,1.5957184,2.3057184,2.8157184,3.9357183,3.2557185,4.315718,3.8757184,4.6857185,6.275718,4.4757185,4.7257185,4.1157184,3.5257185,2.6357183,2.1157184,2.6257184,1.4857184,1.1757184,0.3657184,-0.17428161,-0.7242816
-1.0742816,-0.56428164,-1.6142817,-0.7942816,-1.1542816,-0.6842816,-0.7742816,-0.8342816,-0.9142816,-0.5542816,0.32571837,-1.7142816,1.5057184,1.1657184,-1.3242816,-0.5342816,-0.49428162,0.025718383,0.5057184,1.3457184,1.7657183,3.3257184,2.1957183,2.6757183,2.1057184,3.3657184,4.9257183,4.5357184,4.3857183,5.2857184,5.6357183,4.8957186,5.4057183,4.1357183,3.1257184,3.3857183,2.6257184,1.6357183,1.8557184,0.48571837,-1.7142816
