wind.json
{"header": {"discipline":0,"disciplineName":"Meteorological products","gribEdition":2,"gribLength":1125,"center":7,"centerName":"US National Weather Service - NCEP(WMC)","subcenter":0,"refTime":"2023-07-01T00:00:00.000Z","significanceOfRT":1,"significanceOfRTName":"Start of forecast","productStatus":0,"productStatusName":"Operational products","productType":1,"productTypeName":"Forecast products","productDefinitionTemplate":0,"productDefinitionTemplateName":"Analysis/forecast at horizontal level/layer at a point in time","parameterCategory":2,"parameterCategoryName":"UnknownDiscipline_0_Category_2","parameterNumber":2,"parameterNumberName":"UnknownParameter_D0_C2_2","parameterUnit":"Unknown","genProcessType":2,"genProcessTypeName":"Forecast","forecastTime":240,"surface1Type":103,"surface1TypeName":"Specified height level above ground","surface1Value":10.0,"surface2Type":255,"surface2TypeName":"Missing","surface2Value":0.0,"gridDefinitionTemplate":0,"gridDefinitionTemplateName":"Latitude_Longitude","numberPoints":688,"shape":6,"shapeName":"Earth spherical with radius of 6,371,229.0 m","gridUnits":"degrees","resolution":48,"winds":"true","scanMode":64,"nx":43,"ny":16,"basicAngle":0,"lo1":45.0,"la1":40.0,"lo2":87.0,"la2":55.0,"dx":1.0,"dy":1.0}, "data":
[rows 0 to 15 of 16, columns 0 to 42 of 43]
-2.9783971,-0.018397218,2.1016028,2.4116027,3.2816029,-0.7083972,2.1916027,1.4616028,-0.25839722,-5.0183973,-1.9083972,-4.138397,-3.748397,-4.338397,-4.428397,-3.4183972,-3.7783973,-1.6183972,-2.7083972,-3.4383972,-2.6583972,-1.3983972,-1.0383972,1.0916028,0.28160277,-1.3683972,-0.3283972,-0.038397215,-0.4583972,1.0816028,0.7716028,0.22160278,1.4616028,2.5716028,1.1816028,0.2916028,2.7616029,0.8016028,-1.6383972,-3.9183972,-2.8883972,-6.218397,-6.948397
2.4316027,7.721603,3.0416028,-1.4183972,2.9316027,5.9616027,5.111603,3.5116029,0.22160278,-4.408397,-6.1483974,-3.258397,-2.9383972,-4.1683974,-4.2683973,-3.8083973,-3.1183972,-1.9483972,-2.5683973,-1.6883972,-2.5383973,-0.6683972,0.37160277,-2.2883973,-2.3983972,-2.4283972,0.50160277,-1.9383972,-3.1183972,-0.9083972,0.28160277,0.6716028,0.57160276,-0.41839722,2.8416028,0.22160278,-2.6783972,-2.9583972,-5.008397,-5.4183974,-6.408397,-6.108397,-6.5183973
2.3516028,-1.9383972,1.4316028,2.0216029,4.161603,5.551603,5.241603,4.641603,-2.7383971,-6.868397,-4.7083974,-5.178397,-3.6583972,-3.9183972,-3.4383972,-3.2283971,-3.008397,-2.8383973,-2.4183972,-3.748397,-3.0883973,-3.2183971,-3.2383971,-1.7883972,-0.3083972,-3.4683971,-0.86839724,0.25160277,-0.6583972,0.76160276,-1.2283973,-0.6383972,0.3516028,-0.5883972,-0.54839724,-2.7083972,0.57160276,0.15160279,-0.8383972,0.09160278,0.6516028,1.0716028,-0.5883972
1.4316028,3.2116027,3.241603,11.361603,6.321603,6.011603,5.011603,1.8116028,-4.1683974,-3.0883973,-4.738397,-3.6083972,-4.4183974,-4.618397,-2.0683973,-4.5783973,-3.8083973,-3.6883972,-4.608397,-4.2483974,-2.8783972,-2.3383973,-2.6183972,-3.2783973,-2.9183972,-6.8283973,-0.038397215,-3.7183971,-0.9583972,-0.7783972,-2.2083972,-0.9083972,-0.6583972,1.8016028,-0.028397217,0.21160278,-0.3383972,-0.80839723,1.3416028,0.19160278,3.0816028,2.4316027,2.0716028
4.091603,6.621603,5.7316027,5.631603,3.7116027,2.2116027,1.3816028,-0.9483972,0.2916028,-1.4283972,-2.4783971,-2.5483973,-2.6083972,-4.318397,-1.4183972,-4.3983974,-4.238397,-3.2383971,-3.0983973,-3.6483972,-2.5383973,-2.3883972,-3.8483973,-1.4783973,-1.3983972,-4.318397,-4.928397,-4.0783973,-4.0183973,-7.428397,-4.448397,-1.7183973,1.8016028,0.011602784,2.1816027,2.8316028,-2.8083973,-1.1683972,-1.5483972,2.5716028,0.6116028,2.3116028,1.5016028
3.9316027,7.431603,4.071603,5.7316027,3.2616029,1.8116028,2.5416028,2.9716027,0.8416028,-0.49839723,-1.5783973,-1.2783972,-2.0683973,-2.008397,-2.758397,-4.1483974,-4.678397,-3.0783973,-2.8983972,-2.9783971,-3.7183971,-4.358397,-5.088397,-4.488397,-4.368397,-3.6683972,-4.908397,-6.0583973,-4.258397,-3.7983973,-4.5383973,-4.888397,-5.1883974,-2.2783973,-5.358397,0.6116028,0.82160276,-3.1583972,5.261603,-3.9183972,-3.1283972,0.24160278,-2.248397
6.0416026,5.6016026,4.931603,2.6016028,4.9816027,4.661603,2.5116029,4.5616026,3.8516028,-0.23839721,-1.8183972,-1.1383972,-1.0383972,-1.6883972,-1.0383972,-4.138397,-3.7183971,-3.2083972,-4.178397,-4.3483973,-6.568397,-5.618397,-6.108397,-4.9383974,-3.3883972,-4.4583974,-3.6383972,-6.198397,-5.128397,-7.5783973,-5.888397,-5.638397,-5.318397,-4.0183973,-3.3483973,-0.18839721,1.8516028,-2.1783972,1.4816028,3.5616028,7.301603,4.8316026,-3.2983973
5.0016026,5.8316026,5.641603,3.2016027,3.2916028,3.4516027,1.5416027,1.0916028,0.75160277,-1.2183973,-1.4683973,-0.5883972,-0.7783972,-1.6483972,-1.0183972,-3.248397,-3.2283971,-3.2683973,-4.0783973,-4.3083973,-5.238397,-5.7483974,-4.588397,-4.8283973,-5.278397,-5.088397,-5.888397,-5.628397,-4.7083974,-4.638397,-4.0983973,-3.9883971,-3.6683972,-4.0383973,-2.0483973,-0.8883972,-0.14839722,-1.6783972,-1.0283972,3.4416027,1.8616028,1.6616027,7.3316026
4.741603,5.2316027,6.9616027,5.1716027,4.241603,2.7816029,3.0916028,0.6216028,-1.2183973,-2.7883973,-1.1083972,-1.1483972,-0.7083972,-0.43839723,-0.8283972,-2.4083972,-2.5983973,-3.8983972,-3.4783971,-3.3083973,-3.5583973,-5.118397,-3.5783973,-4.3283973,-3.2283971,-3.9483972,-3.3583972,-2.4083972,-2.9683971,-3.0783973,-2.6583972,-2.1283972,-2.1983972,-1.4083972,-3.1683972,0.24160278,-1.4683973,2.001603,4.3316026,8.501603,8.011602,8.551602,2.2916028
5.841603,5.6016026,5.951603,4.141603,3.5416028,3.6116028,3.3216028,2.2916028,-0.5283972,-4.638397,-5.4983974,-0.31839722,-1.0683972,-1.0683972,-1.3583972,-2.6583972,-1.8883972,-2.4883971,-3.508397,-1.7083973,-2.3683972,-2.6583972,-3.6283972,-2.0983973,-2.4083972,-2.748397,-2.6783972,-3.1183972,-1.7983972,-1.6083972,-0.79839724,-0.8883972,-0.2983972,0.15160279,2.0616028,-0.5183972,0.9016028,1.7516028,1.2116028,-2.1683972,-2.008397,0.7316028,-0.7583972
4.451603,2.5916028,3.6416028,3.6816027,3.5316029,3.5316029,1.9616028,2.0316029,0.5816028,0.4516028,-5.1883974,-1.3983972,2.2616029,0.51160276,-1.5883973,-1.2883972,-1.5283972,-1.0483972,-2.1783972,-1.4783973,-2.0883973,-2.4883971,-2.7083972,-1.4483972,-1.3983972,-0.5183972,-0.6383972,-0.8783972,-1.3083972,-0.7883972,0.5816028,1.1216028,0.9116028,0.14160278,-0.3683972,-0.31839722,0.5616028,1.3916028,0.041602783,0.021602783,-2.7083972,-0.41839722,0.4716028
2.3616028,3.0916028,2.5716028,3.6016028,3.1916027,2.6016028,1.4616028,0.8416028,1.5116028,-1.4283972,-1.8583972,2.3516028,1.8316028,2.0816028,0.5616028,-1.0283972,-0.4583972,-0.9183972,-1.7783972,0.18160278,-1.5483972,-1.0583972,-0.80839723,-0.6883972,-0.5183972,-0.40839723,0.51160276,-0.108397216,0.76160276,1.6016028,0.22160278,-0.85839725,-2.1083972,-1.6483972,-1.1583972,-0.3083972,1.1216028,0.76160276,-1.0183972,-1.0183972,-0.15839721,0.70160276,0.18160278
1.9616028,2.4116027,1.8116028,0.8316028,1.6016028,-0.55839723,-1.6383972,0.25160277,1.0516028,0.5416028,-2.7083972,2.2916028,-2.4583972,4.741603,-0.3283972,-0.7583972,0.3516028,0.34160277,0.23160279,0.7416028,-0.06839722,0.64160275,-0.55839723,1.1316028,0.9116028,-0.05839722,1.9516028,1.0516028,0.101602785,-0.28839722,-0.14839722,-0.54839724,-0.6983972,0.3216028,0.43160278,0.6216028,0.31160277,-0.078397214,0.7816028,0.20160279,0.041602783,0.08160278,0.15160279
1.8016028,1.6816028,1.5316027,1.9116027,1.8016028,2.6716027,1.3716028,0.5816028,0.64160275,0.4416028,-1.4483972,2.6416028,4.531603,5.2516026,0.46160278,2.6916027,0.5816028,0.5616028,0.7116028,1.5116028,0.34160277,0.8116028,0.25160277,0.5616028,1.0416027,0.6516028,2.1716027,0.8616028,0.9716028,0.57160276,1.0316027,0.8616028,1.4916028,1.5816028,0.5216028,1.3216028,1.4616028,1.8516028,1.8516028,0.7116028,-0.35839722,0.16160278,-0.2683972
2.3516028,1.6916028,2.4416027,1.9316028,3.2616029,2.4516027,2.7016027,2.2316027,1.5716028,1.1516027,2.491603,1.7816027,3.7216027,0.011602784,0.6716028,1.8716028,1.4316028,0.88160276,1.2616028,0.6616028,-0.21839722,0.9216028,1.6816028,1.8216028,2.1716027,1.9316028,0.63160276,0.5516028,-0.17839722,1.7016028,1.8516028,1.3216028,1.1316028,1.0516028,1.7516028,1.6716027,1.9216027,1.7416028,1.3516028,0.5316028,-0.9783972,0.031602785,-0.6583972
3.1016028,2.7116027,1.8216028,2.8416028,3.7716029,2.0116029,1.7016028,3.4216027,2.9616027,1.9716028,1.4316028,0.95160276,0.89160275,3.1116028,-0.3283972,0.64160275,1.4916028,1.0116028,0.3216028,0.64160275,1.1916028,2.0316029,2.2716029,2.0616028,1.5216027,1.2316028,0.7416028,1.1616027,0.76160276,1.0116028,0.4516028,0.4816028,1.8716028,2.2116027,2.3216028,2.4216027,2.1416028,2.741603,0.49160278,1.6516027,0.82160276,0.12160278,-0.6683972
