wind_kz.json
{"header": {"discipline":0,"disciplineName":"Meteorological products","gribEdition":2,"gribLength":1025,"center":7,"centerName":"US National Weather Service - NCEP(WMC)","subcenter":0,"refTime":"2023-08-19T12:00:00.000Z","significanceOfRT":1,"significanceOfRTName":"Start of forecast","productStatus":0,"productStatusName":"Operational products","productType":1,"productTypeName":"Forecast products","productDefinitionTemplate":0,"productDefinitionTemplateName":"Analysis/forecast at horizontal level/layer at a point in time","parameterCategory":2,"parameterCategoryName":"UnknownDiscipline_0_Category_2","parameterNumber":2,"parameterNumberName":"UnknownParameter_D0_C2_2","parameterUnit":"Unknown","genProcessType":2,"genProcessTypeName":"Forecast","forecastTime":0,"surface1Type":103,"surface1TypeName":"Specified height level above ground","surface1Value":10.0,"surface2Type":255,"surface2TypeName":"Missing","surface2Value":0.0,"gridDefinitionTemplate":0,"gridDefinitionTemplateName":"Latitude_Longitude","numberPoints":615,"shape":6,"shapeName":"Earth spherical with radius of 6,371,229.0 m","gridUnits":"degrees","resolution":48,"winds":"true","scanMode":64,"nx":41,"ny":15,"basicAngle":0,"lo1":47.0,"la1":41.0,"lo2":87.0,"la2":55.0,"dx":1.0,"dy":1.0}, "data":
[rows 0 to 14 of 15, columns 0 to 40 of 41]
0.8122681,0.092268065,-1.3577319,-2.757732,0.26226807,0.85226804,4.892268,1.8422681,4.452268,8.532269,6.162268,4.752268,4.782268,2.972268,0.28226808,2.7022681,-0.26773193,1.6222681,2.862268,-3.747732,-4.047732,-0.98773193,0.28226808,3.382268,2.262268,2.772268,4.382268,3.6922681,0.76226807,1.2022681,-0.49773192,0.44226807,-2.437732,-1.6577319,3.112268,-1.2877319,2.482268,1.312268,2.812268,3.042268,1.4622681
-0.66773194,0.13226807,-0.7477319,1.812268,2.4522681,3.282268,5.2922683,4.482268,5.732268,3.9522681,4.932268,4.582268,4.012268,3.9022682,0.51226807,0.21226807,0.27226806,2.242268,0.022268066,-5.827732,-4.257732,-1.6377319,0.83226806,2.352268,2.042268,-0.85773194,0.31226808,3.012268,1.812268,-0.17773193,-0.37773192,0.47226807,-0.19773193,-1.5277319,-0.087731935,1.812268,2.522268,1.272268,4.722268,0.9422681,-2.197732
2.9022682,-1.6477319,0.91226804,2.472268,4.722268,7.952268,5.672268,1.4822681,4.032268,4.252268,4.2722683,3.1922681,5.182268,-1.0277319,-6.637732,-1.8777319,-0.53773195,-0.26773193,-3.907732,-2.667732,-1.2577319,1.192268,-2.657732,-4.087732,-0.8877319,-1.957732,-1.0477319,1.3522681,0.89226806,-1.6477319,-0.19773193,-1.477732,-0.85773194,-0.67773193,-2.517732,-2.737732,0.6922681,-1.557732,4.222268,6.472268,3.562268
-2.987732,-0.16773194,-0.24773194,3.582268,7.002268,6.242268,1.3722681,3.9522681,3.532268,3.572268,3.762268,-6.217732,-6.327732,-5.887732,-7.587732,-3.017732,-1.087732,-2.767732,-2.957732,-4.027732,-3.727732,-4.237732,-3.907732,-2.647732,-3.177732,-2.5977318,-2.017732,-5.237732,-4.487732,-2.397732,0.13226807,-0.84773195,5.612268,4.132268,4.242268,3.812268,1.822268,2.292268,-1.7877319,0.122268066,0.89226806
-5.017732,-4.007732,-1.057732,0.79226804,3.2022681,4.632268,4.252268,3.112268,3.4422681,3.112268,4.402268,-7.297732,-6.667732,-4.557732,-3.037732,-0.28773195,-1.447732,1.6322681,-3.917732,-3.127732,-2.907732,-3.037732,-4.567732,-3.6077318,-3.767732,-4.337732,-6.827732,2.552268,-4.9777317,-3.407732,-4.277732,-3.287732,0.13226807,2.4022682,-2.6077318,-1.2877319,7.852268,0.062268067,0.062268067,1.2322681,3.872268
-7.217732,-2.497732,-1.1577319,0.31226808,3.732268,4.832268,-5.777732,-6.4577317,-2.887732,-5.507732,-7.067732,-6.867732,-6.237732,0.9922681,-0.40773192,0.19226807,2.012268,-0.17773193,-1.7977319,-1.6177319,-1.097732,-0.85773194,-2.427732,-1.9877319,-2.5877318,-3.627732,-4.537732,-3.617732,-3.367732,-4.117732,-4.217732,-4.407732,-1.347732,-1.2377319,2.732268,1.5122681,5.802268,6.0222683,9.282269,7.8122683,-2.3277318
-6.407732,-6.7277317,-7.217732,-5.527732,-3.5677319,-5.237732,-6.817732,-7.147732,-7.867732,-6.497732,-7.897732,-2.007732,-1.9177319,2.6922681,1.912268,0.64226806,1.402268,-3.0777318,-0.16773194,-0.60773194,-2.417732,-1.977732,-1.097732,0.5022681,0.17226806,-0.31773195,-1.6677319,-1.1677319,0.11226807,-0.53773195,-0.95773196,-0.29773194,-0.40773192,-0.26773193,5.492268,4.452268,3.292268,0.18226807,3.6822681,0.15226807,2.9522681
-3.8477318,-4.507732,-6.337732,-5.637732,-4.717732,-4.357732,-4.087732,-5.237732,-4.827732,-5.137732,-4.007732,-4.237732,-3.1077318,-3.377732,-0.38773194,-3.1077318,-3.227732,-1.817732,-1.7477319,-2.747732,-1.847732,-1.4177319,-2.147732,-1.7777319,-0.5177319,-0.29773194,-0.5177319,1.302268,1.2122681,1.2022681,1.272268,2.102268,1.5022681,-2.387732,1.532268,-0.037731934,2.4022682,4.142268,6.692268,8.192268,7.252268
-6.387732,-5.487732,-4.867732,-5.597732,-5.427732,-5.877732,-6.047732,-3.477732,-3.507732,-3.5677319,-3.927732,-6.217732,-2.517732,-2.517732,-3.377732,-3.177732,-1.427732,-0.59773195,-0.65773195,0.8122681,1.562268,1.3322681,-0.42773193,0.53226805,1.812268,0.36226806,1.7522681,1.8722681,1.652268,2.262268,1.3722681,0.22226806,-0.22773193,-0.33773193,0.16226807,1.652268,2.242268,-0.6877319,0.8722681,0.7322681,1.062268
-4.827732,-4.027732,-4.167732,-4.427732,-3.427732,-3.707732,-3.5877318,-3.3377318,-3.657732,-2.877732,-1.227732,-2.427732,1.152268,-2.277732,-1.9077319,-1.727732,-1.2977319,0.122268066,-0.35773194,0.58226806,1.032268,1.3622681,1.5122681,2.262268,4.532268,1.8922681,1.6222681,1.692268,1.272268,2.102268,0.17226806,-0.5777319,0.85226804,1.7222681,0.8022681,-0.0077319336,1.282268,0.6322681,1.8422681,1.412268,1.562268
-3.467732,-2.717732,-2.0477319,-1.3877319,-1.207732,0.13226807,-1.5077319,-0.5677319,-0.30773193,-1.0477319,-1.827732,0.032268066,0.092268065,-1.557732,-0.44773194,-1.827732,-0.9377319,0.64226806,-0.5077319,-1.187732,0.53226805,0.28226808,1.3422681,2.1822681,3.8922682,2.022268,2.832268,1.5022681,2.1922681,2.222268,2.502268,2.232268,2.492268,3.1422682,2.482268,-1.8677319,-0.35773194,1.2622681,0.52226806,-0.70773196,0.6722681
-2.5777318,-0.047731932,-2.687732,-1.6377319,-1.577732,1.312268,2.732268,1.0922681,-3.757732,0.51226807,1.6122681,-0.07773194,-0.90773195,0.33226806,0.60226804,1.4922681,2.1722682,2.002268,0.77226806,2.542268,1.672268,2.9522681,3.6422682,2.482268,4.052268,3.832268,4.2722683,4.582268,4.422268,2.802268,3.962268,2.612268,3.882268,1.912268,0.14226806,-0.36773193,0.96226805,0.77226806,-0.11773194,-0.45773193,1.2422681
-0.90773195,-4.877732,1.1022681,0.37226808,-0.13773194,-0.10773193,0.9422681,0.9822681,-3.3377318,4.392268,0.20226806,2.582268,-2.8277318,3.062268,0.5522681,0.7422681,0.10226807,2.332268,2.342268,4.612268,2.992268,3.822268,2.8922682,3.4522681,7.962268,3.962268,4.582268,4.282268,5.2922683,6.002268,6.222268,3.812268,6.072268,1.652268,3.542268,2.372268,3.1922681,0.65226805,2.802268,2.322268,0.71226805
-4.897732,-4.037732,-2.657732,-0.14773193,-0.6177319,-0.34773195,0.10226807,1.4622681,2.7022681,-0.53773195,-0.06773193,2.062268,2.712268,-0.12773193,0.53226805,0.32226807,1.162268,2.512268,5.212268,5.142268,3.6522682,4.162268,2.562268,0.032268066,6.332268,5.142268,5.712268,5.472268,3.3922682,2.742268,2.292268,1.3422681,1.0022681,4.0222683,3.302268,1.6422681,2.482268,3.6422682,3.082268,1.802268,3.782268
-2.967732,-1.2377319,0.012268066,-0.027731933,0.39226806,-0.14773193,0.052268066,1.0822681,0.6122681,2.352268,0.18226807,-0.77773196,1.1422681,2.312268,0.8022681,-0.96773195,1.8722681,3.972268,4.192268,2.792268,3.332268,3.962268,4.162268,4.682268,5.422268,3.222268,3.002268,2.862268,3.602268,-2.237732,-0.6277319,0.54226804,5.382268,3.612268,2.4322681,3.4422681,2.6522682,2.482268,3.1722682,3.342268,1.672268
