wind_kz.json
{"header": {"discipline":0,"disciplineName":"Meteorological products","gribEdition":2,"gribLength":871,"center":7,"centerName":"US National Weather Service - NCEP(WMC)","subcenter":0,"refTime":"2023-09-27T06:00:00.000Z","significanceOfRT":1,"significanceOfRTName":"Start of forecast","productStatus":0,"productStatusName":"Operational products","productType":1,"productTypeName":"Forecast products","productDefinitionTemplate":0,"productDefinitionTemplateName":"Analysis/forecast at horizontal level/layer at a point in time","parameterCategory":0,"parameterCategoryName":"UnknownDiscipline_0_Category_0","parameterNumber":0,"parameterNumberName":"UnknownParameter_D0_C0_0","parameterUnit":"Unknown","genProcessType":2,"genProcessTypeName":"Forecast","forecastTime":240,"surface1Type":1,"surface1TypeName":"Ground or water surface","surface1Value":0.0,"surface2Type":255,"surface2TypeName":"Missing","surface2Value":0.0,"gridDefinitionTemplate":0,"gridDefinitionTemplateName":"Latitude_Longitude","numberPoints":615,"shape":6,"shapeName":"Earth spherical with radius of 6,371,229.0 m","gridUnits":"degrees","resolution":48,"winds":"true","scanMode":64,"nx":41,"ny":15,"basicAngle":0,"lo1":47.0,"la1":41.0,"lo2":87.0,"la2":55.0,"dx":1.0,"dy":1.0}, "data":
[rows 0 to 14 of 15, columns 0 to 40 of 41]
293.2283,284.8283,296.0283,293.0283,293.1283,292.2283,301.1283,306.1283,302.6283,305.5283,303.92828,304.0283,303.8283,302.1283,304.2283,305.42828,305.1283,303.6283,307.0283,305.1283,309.3283,306.3283,308.0283,305.6283,308.3283,309.5283,304.7283,298.7283,284.1283,290.3283,286.92828,285.0283,299.42828,306.5283,307.5283,306.1283,310.42828,311.5283,312.0283,314.5283,313.92828
281.42828,294.3283,292.7283,292.92828,292.7283,291.3283,305.6283,304.2283,302.3283,302.92828,304.1283,303.3283,304.92828,304.42828,306.42828,306.1283,307.7283,308.0283,307.1283,308.0283,308.92828,305.0283,303.6283,298.2283,288.6283,291.5283,298.7283,297.6283,297.1283,288.42828,292.7283,273.5283,291.0283,266.0283,287.6283,303.5283,304.6283,303.8283,308.42828,300.3283,284.7283
297.0283,292.5283,292.92828,292.6283,290.8283,301.1283,301.42828,301.92828,301.3283,300.5283,301.3283,302.92828,304.6283,304.7283,302.0283,304.8283,305.7283,306.42828,306.5283,308.42828,304.92828,306.8283,305.7283,303.1283,303.5283,301.5283,302.92828,304.0283,302.5283,295.92828,283.2283,289.92828,295.1283,295.7283,296.2283,296.3283,294.0283,292.6283,295.6283,289.0283,288.5283
299.42828,291.7283,292.6283,291.8283,293.1283,300.3283,298.8283,301.1283,302.8283,303.7283,303.2283,301.3283,290.1283,289.5283,302.3283,304.42828,301.0283,301.7283,304.42828,307.42828,304.42828,303.42828,304.2283,304.5283,302.8283,300.6283,301.8283,303.7283,301.1283,302.2283,302.5283,304.6283,303.42828,306.5283,309.2283,303.42828,292.5283,283.6283,293.92828,303.3283,303.6283
298.92828,290.7283,291.5283,290.5283,294.1283,298.8283,299.1283,301.7283,300.6283,299.7283,301.42828,303.6283,288.92828,287.8283,286.5283,301.7283,302.3283,301.3283,301.0283,301.7283,304.1283,304.8283,305.2283,305.6283,303.0283,302.3283,301.5283,297.6283,305.1283,303.5283,304.8283,302.0283,292.3283,282.3283,295.0283,304.1283,302.42828,311.6283,310.3283,306.5283,302.92828
297.0283,298.1283,289.7283,290.42828,290.42828,290.1283,299.5283,297.3283,297.7283,299.3283,300.1283,300.0283,290.42828,288.7283,295.5283,300.6283,294.3283,301.92828,300.5283,301.42828,300.1283,291.92828,301.2283,299.42828,300.5283,300.6283,302.2283,286.8283,298.8283,300.1283,301.5283,302.42828,302.8283,303.42828,300.0283,299.0283,296.42828,297.5283,306.92828,307.5283,304.1283
296.2283,297.92828,296.3283,297.0283,295.3283,298.5283,298.3283,295.6283,295.6283,295.92828,298.1283,296.92828,298.3283,298.8283,299.2283,298.7283,300.1283,297.7283,290.42828,294.5283,300.0283,297.7283,292.3283,295.92828,294.1283,294.7283,294.92828,299.3283,300.6283,300.5283,299.3283,300.8283,302.42828,301.92828,301.6283,300.2283,296.0283,295.6283,296.0283,288.92828,300.2283
294.7283,294.92828,294.6283,294.42828,295.0283,294.0283,294.1283,294.1283,293.42828,294.42828,295.6283,294.92828,296.6283,296.5283,298.92828,299.5283,299.2283,299.3283,299.92828,298.6283,294.5283,297.3283,296.0283,292.92828,292.5283,291.7283,291.7283,295.0283,292.92828,296.1283,294.6283,297.1283,297.92828,296.0283,295.7283,299.0283,298.3283,285.8283,300.92828,299.92828,299.5283
292.8283,294.42828,294.2283,294.6283,293.1283,294.92828,293.92828,294.0283,292.92828,293.3283,293.1283,294.0283,294.6283,295.92828,296.2283,298.2283,297.7283,298.5283,297.3283,296.6283,292.8283,286.2283,294.8283,288.7283,290.92828,291.6283,290.0283,289.5283,290.92828,290.0283,292.7283,294.0283,295.6283,296.1283,297.42828,295.1283,292.7283,293.6283,286.5283,286.8283,280.0283
291.0283,291.2283,292.3283,293.42828,294.0283,295.1283,295.0283,293.8283,292.8283,292.8283,292.8283,291.3283,292.7283,292.8283,294.3283,295.0283,295.92828,296.92828,296.7283,296.3283,294.1283,291.2283,289.92828,292.7283,292.7283,290.1283,292.5283,291.1283,289.8283,291.92828,293.42828,294.6283,296.2283,296.2283,296.2283,295.6283,284.0283,289.7283,287.7283,289.1283,280.6283
290.2283,290.42828,289.5283,289.8283,291.7283,292.1283,292.7283,293.2283,293.1283,291.8283,291.1283,290.1283,292.1283,290.8283,292.8283,293.1283,293.5283,294.6283,295.42828,293.8283,294.0283,290.8283,287.2283,287.92828,291.0283,292.3283,290.92828,293.42828,295.42828,296.3283,295.3283,292.7283,288.92828,294.92828,294.7283,292.5283,281.92828,280.0283,290.2283,288.5283,286.3283
288.8283,289.7283,289.7283,289.2283,289.6283,290.0283,290.0283,290.0283,290.3283,291.5283,288.8283,287.7283,289.3283,289.42828,290.8283,291.42828,292.0283,291.2283,293.0283,292.6283,291.3283,284.42828,283.5283,284.6283,289.42828,289.6283,293.42828,295.8283,295.8283,293.8283,286.92828,286.5283,289.5283,294.2283,293.5283,293.42828,290.42828,287.2283,289.42828,291.6283,291.5283
286.92828,287.5283,288.3283,288.8283,288.0283,288.7283,288.5283,288.0283,287.7283,287.6283,285.3283,285.2283,287.42828,287.5283,289.42828,289.5283,290.6283,290.7283,292.6283,290.42828,290.3283,282.7283,283.0283,284.6283,290.5283,292.1283,294.8283,294.5283,286.3283,290.6283,287.7283,287.7283,294.7283,294.2283,294.1283,291.0283,288.2283,287.92828,289.2283,291.8283,289.5283
286.42828,287.42828,286.2283,285.8283,284.6283,286.8283,286.8283,285.92828,286.8283,284.5283,284.6283,282.0283,284.2283,286.2283,288.0283,287.8283,289.5283,290.42828,291.42828,292.1283,291.92828,290.1283,287.1283,288.0283,289.6283,294.0283,294.42828,287.1283,284.42828,285.1283,285.5283,286.42828,291.92828,290.2283,286.2283,284.42828,284.7283,285.6283,287.8283,289.1283,291.42828
282.5283,284.42828,284.8283,283.6283,284.92828,282.42828,282.8283,283.1283,284.7283,283.6283,284.42828,285.2283,283.1283,283.8283,285.1283,287.7283,287.2283,288.3283,290.3283,290.42828,291.5283,287.5283,289.8283,289.3283,289.7283,290.92828,291.2283,289.8283,284.1283,287.2283,289.8283,287.8283,290.7283,290.7283,289.8283,290.42828,291.5283,291.3283,292.1283,291.2283,289.1283
