wind_kz.json
{"header": {"discipline":0,"disciplineName":"Meteorological products","gribEdition":2,"gribLength":871,"center":7,"centerName":"US National Weather Service - NCEP(WMC)","subcenter":0,"refTime":"2024-04-07T00:00:00.000Z","significanceOfRT":1,"significanceOfRTName":"Start of forecast","productStatus":0,"productStatusName":"Operational products","productType":1,"productTypeName":"Forecast products","productDefinitionTemplate":0,"productDefinitionTemplateName":"Analysis/forecast at horizontal level/layer at a point in time","parameterCategory":0,"parameterCategoryName":"UnknownDiscipline_0_Category_0","parameterNumber":0,"parameterNumberName":"UnknownParameter_D0_C0_0","parameterUnit":"Unknown","genProcessType":2,"genProcessTypeName":"Forecast","forecastTime":120,"surface1Type":1,"surface1TypeName":"Ground or water surface","surface1Value":0.0,"surface2Type":255,"surface2TypeName":"Missing","surface2Value":0.0,"gridDefinitionTemplate":0,"gridDefinitionTemplateName":"Latitude_Longitude","numberPoints":615,"shape":6,"shapeName":"Earth spherical with radius of 6,371,229.0 m","gridUnits":"degrees","resolution":48,"winds":"true","scanMode":64,"nx":41,"ny":15,"basicAngle":0,"lo1":47.0,"la1":41.0,"lo2":87.0,"la2":55.0,"dx":1.0,"dy":1.0}, "data":
[rows 0 to 14 of 15, columns 0 to 40 of 41]
285.26578,274.96576,279.76578,281.66577,282.66577,283.66577,285.46576,288.66577,287.96576,289.46576,288.36578,289.86578,290.36578,291.36578,291.36578,291.06577,291.66577,289.26578,290.96576,288.16577,288.96576,287.06577,287.36578,283.76578,285.66577,287.76578,283.56577,268.46576,269.66577,267.56577,262.96576,263.26578,277.66577,283.16577,283.96576,285.06577,284.36578,284.96576,285.26578,285.76578,285.56577
264.26578,280.66577,281.86578,282.06577,282.36578,282.76578,287.56577,287.16577,286.66577,286.16577,287.06577,287.06577,288.26578,289.36578,289.56577,289.36578,290.46576,290.26578,289.06577,288.66577,288.76578,286.66577,282.66577,276.66577,258.86578,262.96576,278.16577,269.36578,271.86578,260.96576,272.26578,251.76578,268.56577,248.66577,257.06577,280.46576,279.56577,282.46576,284.66577,278.96576,278.86578
281.76578,281.36578,281.56577,281.96576,282.26578,286.36578,285.76578,285.96576,284.06577,284.66577,284.16577,285.36578,286.36578,287.26578,287.56577,288.26578,288.86578,288.46576,287.86578,288.86578,289.26578,288.56577,286.86578,280.36578,281.56577,281.66577,281.26578,282.36578,281.46576,274.56577,266.06577,269.86578,275.96576,276.66577,276.56577,276.66577,266.96576,272.16577,271.46576,267.56577,261.86578
282.66577,282.46576,281.26578,281.46576,282.86578,285.36578,285.56577,284.26578,286.26578,283.56577,283.06577,283.36578,285.46576,286.06577,286.16577,287.46576,286.26578,287.16577,287.46576,287.76578,287.96576,282.46576,286.16577,286.06577,286.16577,285.16577,285.06577,283.46576,280.96576,281.46576,283.56577,282.56577,286.26578,286.76578,284.56577,279.56577,270.96576,264.16577,273.26578,279.26578,282.06577
283.86578,283.16577,281.86578,282.46576,282.66577,284.66577,285.96576,285.96576,284.56577,283.56577,282.36578,281.26578,284.56577,284.36578,282.76578,284.76578,285.16577,285.46576,285.56577,285.56577,286.26578,286.86578,286.26578,286.06577,285.06577,284.26578,282.06577,281.26578,284.06577,283.56577,284.16577,282.46576,274.16577,267.06577,277.26578,283.66577,281.46576,285.26578,285.26578,284.16577,284.36578
285.36578,284.86578,282.86578,281.56577,280.16577,280.96576,283.16577,283.36578,281.36578,280.96576,281.06577,280.56577,282.96576,283.56577,277.46576,282.96576,283.46576,282.96576,282.66577,283.06577,282.26578,282.36578,283.86578,283.46576,283.16577,281.26578,282.46576,271.96576,282.96576,281.36578,281.66577,281.26578,279.76578,279.76578,277.26578,277.76578,274.26578,276.66577,282.16577,283.06577,280.86578
283.96576,284.46576,285.26578,284.46576,282.46576,283.06577,282.76578,281.56577,280.06577,279.66577,278.16577,277.96576,277.76578,277.76578,278.36578,279.46576,279.96576,280.56577,280.26578,278.96576,277.56577,278.36578,278.56577,278.96576,278.46576,278.86578,278.46576,279.26578,280.36578,279.26578,277.46576,275.96576,276.26578,276.46576,278.56577,276.46576,273.16577,269.06577,268.66577,270.16577,276.66577
282.96576,282.16577,284.46576,284.76578,283.96576,282.66577,282.16577,280.06577,277.96576,278.16577,276.96576,276.56577,276.46576,276.46576,276.96576,277.16577,277.16577,276.76578,275.36578,274.46576,273.36578,273.96576,274.06577,274.56577,274.16577,272.66577,273.86578,274.66577,274.56577,274.16577,273.06577,273.16577,272.16577,271.96576,272.76578,271.76578,274.36578,273.06577,276.66577,277.66577,276.56577
283.26578,281.66577,281.76578,282.06577,283.16577,281.86578,280.56577,279.56577,278.26578,276.76578,276.36578,275.56577,274.86578,275.66577,275.16577,275.46576,274.96576,274.76578,274.36578,273.66577,272.36578,271.96576,272.26578,272.46576,271.96576,272.36578,271.76578,271.86578,271.36578,270.76578,272.26578,272.56577,273.36578,271.86578,271.36578,270.16577,271.66577,272.76578,264.26578,262.36578,265.76578
283.46576,282.56577,283.76578,280.56577,281.06577,280.26578,279.76578,279.66577,278.46576,277.46576,275.66577,274.56577,274.66577,274.06577,274.06577,274.06577,274.36578,274.36578,274.06577,273.36578,272.16577,271.76578,271.76578,271.96576,271.96576,271.86578,271.76578,271.66577,271.46576,270.96576,271.06577,270.76578,271.76578,271.16577,271.66577,271.56577,271.86578,263.96576,266.36578,266.36578,266.36578
286.46576,285.16577,283.86578,282.06577,280.56577,279.26578,279.06577,279.26578,278.66577,277.26578,275.86578,275.16577,275.16577,274.16577,274.36578,273.96576,273.66577,273.76578,273.56577,272.26578,272.76578,271.96576,271.96576,271.96576,272.06577,271.66577,271.06577,271.06577,270.96576,270.96576,270.96576,271.56577,271.76578,271.16577,271.76578,271.96576,264.46576,265.26578,267.66577,267.16577,261.26578
285.96576,285.76578,284.96576,283.66577,282.26578,279.66577,277.26578,277.06577,277.66577,277.36578,275.96576,274.76578,275.16577,273.76578,273.76578,273.96576,273.86578,273.26578,273.16577,272.46576,272.46576,272.36578,272.36578,272.16577,271.96576,271.46576,271.46576,271.66577,271.46576,271.56577,271.76578,271.86578,270.76578,271.26578,271.16577,272.16577,272.16577,270.16577,266.36578,269.96576,270.16577
282.36578,282.46576,285.16577,283.86578,283.06577,282.26578,279.36578,277.56577,276.16577,277.26578,276.26578,275.06577,275.46576,274.86578,274.76578,274.36578,273.76578,273.06577,272.86578,272.76578,272.56577,272.46576,272.26578,272.26578,272.06577,272.26578,272.26578,272.16577,272.06577,271.86578,271.86578,271.66577,271.66577,271.46576,271.46576,271.96576,271.36578,272.36578,271.36578,271.26578,269.06577
279.66577,280.46576,276.66577,282.86578,282.36578,282.36578,280.86578,278.96576,279.16577,277.46576,277.36578,274.96576,275.76578,276.36578,276.26578,275.56577,275.36578,274.46576,273.96576,273.56577,272.86578,272.66577,272.66577,272.66577,272.56577,272.46576,272.36578,272.46576,272.26578,272.16577,271.76578,271.56577,271.66577,271.26578,271.06577,270.96576,270.66577,270.76578,270.76578,268.56577,270.16577
278.86578,280.06577,272.96576,279.26578,279.76578,280.76578,281.06577,281.36578,281.56577,279.26578,279.06577,277.46576,275.96576,274.16577,276.06577,276.26578,275.76578,275.06577,275.26578,274.26578,273.76578,273.36578,272.96576,272.76578,272.76578,272.56577,272.46576,272.36578,272.26578,272.36578,272.26578,271.06577,271.66577,271.16577,270.76578,270.86578,270.26578,269.76578,269.96576,269.86578,268.66577
