wind_kz.json
{"header": {"discipline":0,"disciplineName":"Meteorological products","gribEdition":2,"gribLength":1102,"center":7,"centerName":"US National Weather Service - NCEP(WMC)","subcenter":0,"refTime":"2023-08-18T00:00:00.000Z","significanceOfRT":1,"significanceOfRTName":"Start of forecast","productStatus":0,"productStatusName":"Operational products","productType":1,"productTypeName":"Forecast products","productDefinitionTemplate":0,"productDefinitionTemplateName":"Analysis/forecast at horizontal level/layer at a point in time","parameterCategory":2,"parameterCategoryName":"UnknownDiscipline_0_Category_2","parameterNumber":2,"parameterNumberName":"UnknownParameter_D0_C2_2","parameterUnit":"Unknown","genProcessType":2,"genProcessTypeName":"Forecast","forecastTime":180,"surface1Type":103,"surface1TypeName":"Specified height level above ground","surface1Value":10.0,"surface2Type":255,"surface2TypeName":"Missing","surface2Value":0.0,"gridDefinitionTemplate":0,"gridDefinitionTemplateName":"Latitude_Longitude","numberPoints":615,"shape":6,"shapeName":"Earth spherical with radius of 6,371,229.0 m","gridUnits":"degrees","resolution":48,"winds":"true","scanMode":64,"nx":41,"ny":15,"basicAngle":0,"lo1":47.0,"la1":41.0,"lo2":87.0,"la2":55.0,"dx":1.0,"dy":1.0}, "data":
[rows 0 to 14 of 15, columns 0 to 40 of 41]
-0.030273438,2.3997266,3.4597266,-7.4102736,-2.7802734,1.0997266,-0.35027343,-2.8002734,-4.3202734,-2.4802735,-1.0302734,1.4197266,2.1297266,3.1097267,1.6197265,2.5297265,3.9597266,4.3697267,5.1397266,5.5897264,6.4497266,6.0697265,6.1797266,8.509727,9.559727,9.119726,7.1797266,7.6597266,4.6497264,3.0597265,4.2697268,-1.6302735,-2.6602736,-2.6702735,-1.7002734,0.59972656,2.3897266,4.0797267,2.3497267,4.5897264,3.0697265
1.4597266,-5.1802735,-9.820273,-6.9202733,-1.6802734,0.6297266,-4.0102735,-3.4402735,-2.8102734,-2.2602735,-1.0502734,-0.47027344,2.1397266,0.38972655,1.4697266,4.1397266,5.1897264,6.5797267,5.5297265,5.5597267,6.1797266,4.2597265,5.0997267,3.3897266,7.979727,2.7697265,3.9997265,3.2497265,-0.22027344,3.8897266,0.53972656,-1.0802734,-0.35027343,-0.27027345,-1.3102734,1.0797266,-0.14027344,3.3697267,3.0097265,0.6897266,3.6197267
-5.2902737,-7.9202733,-6.6002736,-4.5102735,-1.7402735,-0.59027344,-1.0802734,-1.7502735,1.2697265,-0.6702734,-0.46027344,0.59972656,-0.8602734,0.36972657,2.2497265,5.2197266,5.2397265,5.4297266,6.6497264,7.1297264,4.6097264,4.8797264,7.0097265,6.1397266,3.7397265,-0.66027343,8.159726,4.7697268,9.5497265,-0.82027346,-3.5302734,-1.1402735,-1.0102735,-0.95027345,-2.8402734,-0.36027345,0.33972657,0.7097266,-2.9002733,-1.2602735,0.11972656
-5.9402733,-5.1202736,-3.4002733,-1.5402734,2.0897264,2.5597265,2.5897264,4.2997265,3.3097265,1.8497266,1.6197265,0.35972655,-2.7302735,1.2197266,3.8897266,4.5297265,6.0997267,5.8797264,5.3597264,6.2897267,4.5497265,4.4197264,5.4097266,6.1697264,8.389727,7.2097263,8.659726,9.699726,0.5097266,3.9597266,7.8297267,2.5397265,2.1097267,3.3197265,4.3997264,4.6097264,1.8097266,1.6197265,-0.94027346,0.36972657,4.2897267
-4.6702733,-1.7402735,0.41972655,1.8497266,5.229727,5.4197264,5.5697265,5.6297264,5.1797266,2.5297265,1.5297265,2.2197266,-0.57027346,2.0197265,5.5897264,3.8697267,2.1597266,3.7897265,2.8997266,4.1997266,5.0897264,5.3897266,7.1797266,7.8797264,8.869726,-2.4802735,5.1597266,11.459726,5.2597265,4.1797266,3.1897266,1.4697266,3.1997266,1.7097266,2.0097265,7.4097266,0.04972656,-1.5302734,1.1897266,0.54972655,0.25972655
2.1697266,1.0697266,3.8897266,4.229727,5.5097265,5.7797265,6.8597264,7.9197264,8.129726,1.6297265,3.6897266,2.8197265,2.6197267,3.3597267,3.4797266,3.8197265,2.1497266,2.3797266,2.5497265,4.7397265,6.0697265,7.0497265,7.5497265,8.309727,7.7597265,10.559727,6.8897266,7.979727,9.349727,5.0997267,8.109727,6.3297267,4.2597265,-4.2402735,1.7397265,1.7497265,4.8797264,1.4397266,7.0897264,1.3897265,2.9297266
3.7697265,3.9897265,3.9497266,5.0097265,3.8097265,5.6297264,8.449726,6.8497267,3.4097266,3.4697266,4.1997266,3.5397265,2.9197266,2.2197266,1.4897265,2.2297266,2.0397265,2.6797266,3.3397264,4.5597267,5.5697265,7.0297265,7.0397267,6.9597263,6.6897264,8.589726,9.779727,8.209726,8.699726,8.169726,10.849727,11.5497265,3.9097266,5.2397265,4.3697267,2.0797265,2.1597266,-1.6402735,-1.6302735,1.5597266,11.269727
5.979727,5.7097263,5.5597267,5.5597267,6.0197268,6.2797265,4.9397264,4.6997266,5.1697264,6.1497264,5.7897267,5.7097263,4.6197267,2.5397265,1.3597265,1.9397266,2.3097265,3.5097265,3.1497266,3.6097267,3.7297266,4.4397264,5.229727,3.5797265,6.8697267,7.5097265,5.5497265,6.1697264,5.7797265,6.6497264,9.5497265,9.609727,5.229727,1.5197265,-4.0602736,-0.66027343,3.9697266,-1.6402735,3.9697266,6.5097265,5.8297267
7.499727,7.2897267,7.3597264,6.2797265,6.2897267,4.9497266,4.7597265,5.6597266,7.0297265,6.249727,6.8697267,7.3197265,6.3397264,6.3197265,3.5797265,2.8397264,3.2297266,2.7497265,2.5597265,3.3197265,4.6297264,4.749727,5.1397266,5.2397265,5.9097266,8.5497265,1.2197266,6.2897267,0.72972655,4.749727,8.699726,4.9397264,3.8097265,2.6097267,2.3297265,-1.2302735,-3.5102735,0.96972656,-0.72027344,0.27972656,0.90972656
10.099727,8.509727,8.189727,1.7697265,7.6997266,6.3197265,6.6697264,7.0797267,7.0997267,6.5797267,7.5597267,6.249727,8.629726,6.3697267,1.9397266,4.1797266,3.2697265,3.5997267,3.7397265,4.249727,4.4397264,3.7497265,5.9097266,5.8897266,4.9497266,8.189727,1.2097266,2.8897266,6.9097266,9.489727,6.0797267,2.0497265,13.159726,2.3997266,-5.7102733,8.589726,-2.8602734,-1.3102734,0.9397266,1.3997265,0.96972656
8.109727,7.8997264,7.0797267,5.9197264,7.5597267,8.849727,6.8097267,7.5297265,7.0397267,7.3897266,6.5997267,6.6197267,6.6697264,4.4097266,3.3497267,4.499727,4.749727,4.1097264,4.2197266,4.5497265,2.4597266,4.2997265,5.6497264,6.0397267,4.4597263,8.099727,7.6597266,4.0797267,4.0597267,5.7797265,8.239727,3.0197265,3.5497265,0.16972657,-3.2902734,-3.5702734,-0.85027343,0.12972656,1.8097266,1.0997266,1.1997266
9.339726,8.499726,8.859727,7.5997267,8.189727,7.4597263,7.479727,7.5297265,6.9497266,6.5397267,6.7697268,7.2397265,7.1097264,3.0097265,1.8697265,4.6097264,4.229727,4.6297264,3.8197265,4.5297265,3.5297265,3.5997267,5.7597265,3.6397266,5.229727,7.729727,6.2397265,1.4397266,-0.78027344,12.959726,-7.8702736,11.639727,6.2697268,-0.43027344,-3.5502734,-2.1402733,-1.2502735,0.17972656,-2.1802735,-1.0902734,-1.8802735
5.3297267,8.909726,10.579726,8.939727,8.019727,6.5397267,4.8197265,10.019727,6.5197268,3.2397265,3.8497267,5.229727,5.3797264,-1.6402735,0.5197266,2.5797265,2.8997266,4.0297265,3.8397264,3.8397264,2.3097265,3.2597265,5.5697265,5.729727,7.4097266,7.9097266,6.1397266,5.3497267,6.1897264,6.8197265,6.5697265,2.0397265,0.019726563,-1.5302734,-4.0302734,-3.2402735,-1.0102735,1.0997266,-2.4802735,-1.4502734,-1.5002735
8.019727,8.269727,8.669726,6.8397264,5.1197267,6.0697265,2.5297265,3.6297266,0.55972654,0.25972655,1.5097265,3.4397266,2.6497266,-0.18027344,-0.65027344,0.46972656,3.8897266,4.3397264,3.6697266,3.7697265,1.0897266,3.0397265,6.1797266,3.5297265,5.0897264,7.5997267,7.9397264,5.7697268,3.8897266,3.9297266,3.4997265,-2.3902733,-3.9302735,-4.0402737,-3.4402735,-2.3802733,-2.0802734,-2.1202734,-2.2702734,-2.5502734,-0.21027344
5.9197264,10.019727,11.819727,7.979727,7.4497266,5.2397265,5.479727,3.3897266,0.40972656,0.20972656,-2.4002733,-0.89027345,2.7497265,0.16972657,0.54972655,1.9097266,2.8097265,3.4397266,2.5297265,-1.1302735,2.0197265,3.0797265,4.3797264,2.7597265,4.1497264,5.1097264,3.6497266,2.8397264,0.58972657,-2.6202734,-6.8202734,-5.6902733,-5.0902734,-4.4102736,-4.1202736,-3.2302735,-2.1702735,-4.6802735,-2.9202735,-1.5402734,-0.83027345
