wind_kz.json
{"header": {"discipline":0,"disciplineName":"Meteorological products","gribEdition":2,"gribLength":1025,"center":7,"centerName":"US National Weather Service - NCEP(WMC)","subcenter":0,"refTime":"2023-10-05T12:00:00.000Z","significanceOfRT":1,"significanceOfRTName":"Start of forecast","productStatus":0,"productStatusName":"Operational products","productType":1,"productTypeName":"Forecast products","productDefinitionTemplate":0,"productDefinitionTemplateName":"Analysis/forecast at horizontal level/layer at a point in time","parameterCategory":2,"parameterCategoryName":"UnknownDiscipline_0_Category_2","parameterNumber":3,"parameterNumberName":"UnknownParameter_D0_C2_3","parameterUnit":"Unknown","genProcessType":2,"genProcessTypeName":"Forecast","forecastTime":60,"surface1Type":103,"surface1TypeName":"Specified height level above ground","surface1Value":10.0,"surface2Type":255,"surface2TypeName":"Missing","surface2Value":0.0,"gridDefinitionTemplate":0,"gridDefinitionTemplateName":"Latitude_Longitude","numberPoints":615,"shape":6,"shapeName":"Earth spherical with radius of 6,371,229.0 m","gridUnits":"degrees","resolution":48,"winds":"true","scanMode":64,"nx":41,"ny":15,"basicAngle":0,"lo1":47.0,"la1":41.0,"lo2":87.0,"la2":55.0,"dx":1.0,"dy":1.0}, "data":
[rows 0 to 14 of 15, columns 0 to 40 of 41]
0.7345532,-0.28544676,0.9145532,5.6345534,-0.07544678,-3.1354468,-3.8154469,-5.7654467,-1.5954468,-3.025447,2.7845533,2.8545532,2.4845533,1.4045532,0.2745532,-1.2154468,-0.5854468,0.42455322,2.5745533,2.3345532,-1.1854467,2.6545532,0.57455325,0.14455323,-0.13544677,-0.28544676,0.124553226,0.83455324,0.8645532,3.0745533,0.37455323,0.16455323,0.25455323,-1.0754467,-0.49544677,-0.59544677,0.96455324,0.7245532,-0.37544677,-0.29544678,2.6145532
6.0445533,2.1845531,5.994553,4.9045534,2.3745532,-0.09544678,-0.6154468,-1.8354468,-1.9554467,-2.0754468,-2.6654468,2.6445532,2.3645532,1.6145532,0.8645532,1.1545532,-0.48544678,1.7145532,0.44455323,2.5245533,2.5945532,2.0145533,1.3045533,1.3145533,1.0245532,0.96455324,0.024553223,1.3445532,0.31455323,2.224553,3.1445532,5.394553,1.3245533,-0.4454468,0.35455322,-0.5854468,-0.8954468,-0.92544675,0.48455322,-1.3454468,0.76455325
1.6545532,6.2945533,5.554553,5.164553,3.1145532,2.4945533,0.6345532,-0.96544677,-1.6354468,-1.7154468,-3.4054468,-2.6354468,-1.2754468,1.0845532,2.3545532,2.5745533,1.6545532,-0.5554468,1.0045532,2.6345532,3.1845531,2.474553,1.2245532,1.5945532,2.0745533,0.5045532,0.44455323,0.31455323,-0.5854468,0.6845532,3.2745533,0.9145532,0.8845532,-0.07544678,0.19455323,0.19455323,2.5445533,0.24455322,0.4945532,0.14455323,0.59455323
2.6045532,3.1145532,3.2845533,3.3045533,0.6645532,2.1745532,2.2045531,1.5845532,0.83455324,-0.24544677,-0.5654468,-1.5554467,-3.9254467,-3.9054468,1.7645532,3.4545531,2.724553,0.5045532,2.4545531,1.9145532,3.2945533,1.7245532,1.8445532,2.5545533,2.6845531,2.4345531,2.1645532,-1.4154468,0.38455322,0.40455323,-2.5654469,0.0045532226,-0.6154468,0.9445532,0.83455324,-1.2454468,-0.5154468,1.8745532,0.7545532,0.96455324,1.1745533
3.3545532,4.5645533,2.4045532,1.4845532,1.1745533,1.5045532,1.5945532,2.6245532,1.3345532,1.4145532,1.6645532,0.26455322,-2.3254468,-1.5254468,-1.2654468,2.3445532,3.7445533,2.3845532,1.9845532,3.6745532,2.9845533,1.8145533,1.8545532,3.0045533,2.3445532,2.8245533,1.9145532,1.1945533,-0.12544678,-0.90544677,1.4345533,0.46455324,1.4045532,0.96455324,-0.3854468,-0.48544678,0.31455323,-1.1554468,0.17455322,1.3045533,-1.4154468
5.2145534,4.2345533,4.6345534,3.1245532,1.4445533,0.95455325,0.7445532,1.2645532,1.0745533,1.9245533,1.7645532,1.2945533,-0.8954468,-0.5554468,0.6645532,3.4345531,1.9345533,3.9045532,2.2845533,3.5245533,3.5645533,2.3045533,3.8245533,2.8845532,3.5645533,3.1445532,1.1345532,0.28455323,0.6045532,0.24455322,1.0345532,0.41455323,1.0445533,-0.37544677,1.2145532,0.28455323,2.2045531,1.6945533,-2.3554468,-0.17544678,-2.0054467
6.344553,6.244553,5.8645535,5.034553,3.0745533,1.6245532,2.0845532,1.7745532,1.0145532,0.59455323,2.1545532,1.6745533,0.094553225,-0.20544678,1.1945533,1.8345532,4.164553,4.054553,4.9645534,4.5045533,3.7045531,3.5545533,3.5445533,3.1545532,1.7645532,1.4345533,0.25455323,1.6645532,-0.21544677,1.4145532,3.6245532,0.9745532,-0.7554468,1.9745532,0.014553223,-1.0954468,-2.9154468,-0.21544677,0.22455323,0.45455322,-0.4754468
5.5845532,6.804553,7.2145534,6.6545534,5.5845532,4.7945533,4.014553,3.1445532,1.9245533,0.5645532,1.6645532,2.1745532,0.6645532,-1.2254468,-0.27544677,2.0445533,6.744553,5.144553,6.514553,5.824553,3.6145532,3.0545533,2.5145533,2.9845533,2.8245533,3.2845533,3.2545533,1.2645532,1.8545532,3.1745532,2.1145532,0.08455322,2.4545531,2.0545533,1.2745532,0.9745532,0.46455324,1.4345533,-0.54544675,-0.06544678,-1.8754468
5.604553,6.094553,6.5245533,7.094553,6.324553,5.5845532,5.0445533,3.7045531,2.5345533,1.6445532,2.7045531,2.9845533,1.0345532,-0.42544678,1.3345532,1.6945533,5.574553,5.6945534,6.014553,5.5245533,3.2845533,3.4845533,2.9145532,1.5545533,1.7745532,2.8645532,2.224553,2.0345533,1.8645532,0.32455322,4.204553,3.3045533,4.2545533,4.4645534,3.3745532,2.6845531,-0.6354468,0.9445532,2.0145533,1.2745532,-1.8354468
7.5245533,7.2345533,6.414553,6.664553,6.4845533,5.394553,5.604553,4.6945534,3.464553,2.0445533,3.3345532,3.1945531,2.464553,1.6245532,1.6645532,2.714553,4.9245534,5.474553,5.764553,5.344553,4.624553,4.3645535,3.6345532,2.6445532,2.5345533,1.4345533,1.2645532,0.65455323,1.0845532,2.6445532,1.7445532,2.6145532,1.5245532,4.304553,3.8145533,2.0245533,1.0945532,-0.43544677,0.6745532,2.9545531,2.724553
7.804553,9.164554,7.854553,7.244553,6.644553,4.934553,6.574553,5.7545533,4.164553,3.1245532,2.1445532,2.5645533,0.38455322,3.4545531,5.624553,4.9245534,6.344553,6.5245533,6.284553,6.304553,5.224553,4.5845532,3.9045532,3.5345533,2.5945532,2.474553,1.7845532,0.4945532,1.8045533,2.1345532,1.1945533,0.9245532,2.6945531,3.5645533,4.3645535,2.4545531,1.4745532,2.6945531,1.7745532,1.7245532,0.5545532
7.454553,8.874554,8.724553,9.044553,7.304553,6.5445533,6.4645534,5.724553,4.7345533,2.9945533,1.7445532,-0.16544677,3.1845531,4.9245534,5.9645534,4.4445534,7.124553,5.594553,6.2145534,5.0445533,4.704553,3.8545532,3.3545532,2.7545533,2.6045532,2.0445533,3.1445532,1.1845533,2.1345532,0.7445532,1.8445532,3.2845533,2.7345533,3.0245533,2.6345532,2.8245533,2.2545533,3.0045533,2.6445532,2.4245532,1.0145532
6.6545534,9.644553,10.084553,9.084553,8.194553,5.704553,6.4445534,7.074553,6.144553,3.6345532,1.9245533,2.9545531,3.3045533,5.3845534,5.0645533,7.074553,4.6545534,4.954553,5.894553,4.9645534,4.494553,3.9845533,3.3145533,3.5245533,2.8945532,1.5445533,2.2345533,0.5445532,-0.5854468,-1.0054468,1.2845532,3.1345532,2.9445531,2.964553,3.1045532,3.3145533,2.9245532,1.7245532,2.7645533,1.1145532,0.51455325
8.284554,9.674553,12.284554,10.464553,9.244554,8.454554,7.8645535,7.434553,5.7145534,4.8145533,2.724553,1.4945532,2.5445533,3.2745533,4.9445534,6.4445534,7.414553,5.244553,5.534553,4.854553,4.824553,4.0445533,4.014553,3.6445532,3.0145533,2.0145533,2.1145532,1.4545532,-0.37544677,-0.9354468,2.0245533,3.1945531,3.214553,3.3845532,2.3745532,2.5245533,2.214553,1.3045533,1.2345532,1.7845532,1.4145532
6.3845534,9.884553,13.834553,10.594553,10.024553,8.484553,8.344553,7.5245533,6.304553,4.7745533,2.974553,2.9945533,2.0345533,2.2445533,5.4045534,5.9645534,7.054553,5.224553,3.7745533,3.8845532,3.8145533,3.8545532,3.5045533,3.2945533,3.0045533,2.5745533,3.0345533,2.3745532,1.2345532,0.34455323,2.5445533,3.8045533,3.1345532,3.1445532,3.0945532,3.0545533,2.4145532,2.3145533,1.5445533,2.4445531,0.8045532
