wind.json
{"header": {"discipline":0,"disciplineName":"Meteorological products","gribEdition":2,"gribLength":1211,"center":7,"centerName":"US National Weather Service - NCEP(WMC)","subcenter":0,"refTime":"2023-05-30T06:00:00.000Z","significanceOfRT":1,"significanceOfRTName":"Start of forecast","productStatus":0,"productStatusName":"Operational products","productType":1,"productTypeName":"Forecast products","productDefinitionTemplate":0,"productDefinitionTemplateName":"Analysis/forecast at horizontal level/layer at a point in time","parameterCategory":2,"parameterCategoryName":"UnknownDiscipline_0_Category_2","parameterNumber":3,"parameterNumberName":"UnknownParameter_D0_C2_3","parameterUnit":"Unknown","genProcessType":2,"genProcessTypeName":"Forecast","forecastTime":300,"surface1Type":103,"surface1TypeName":"Specified height level above ground","surface1Value":10.0,"surface2Type":255,"surface2TypeName":"Missing","surface2Value":0.0,"gridDefinitionTemplate":0,"gridDefinitionTemplateName":"Latitude_Longitude","numberPoints":688,"shape":6,"shapeName":"Earth spherical with radius of 6,371,229.0 m","gridUnits":"degrees","resolution":48,"winds":"true","scanMode":64,"nx":43,"ny":16,"basicAngle":0,"lo1":45.0,"la1":40.0,"lo2":87.0,"la2":55.0,"dx":1.0,"dy":1.0}, "data":
[rows 0 to 15 of 16, columns 0 to 42 of 43]
-1.8470361,4.372964,0.5129639,0.37296388,-1.4370362,-1.6270361,-2.2770362,-5.497036,-4.047036,-3.2770362,0.6529639,-1.2370361,1.6229639,3.4929638,1.7729639,-1.3470361,-2.637036,-3.5070362,-4.6570363,-5.317036,-4.377036,-4.2170362,-3.877036,1.6529639,2.4529638,2.132964,2.042964,3.4329638,1.1629639,-1.7070361,-2.207036,-3.147036,-1.1670362,-1.5870361,-1.4570361,-3.5270362,-2.4870362,-0.89703614,-1.2270361,-3.0770361,-4.0970364,-1.4570361,0.07296386
-0.76703614,-2.5570362,-0.42703614,-3.187036,-0.49703613,-1.4270362,-3.947036,-4.747036,-4.1570363,-4.1570363,-3.5070362,-2.167036,0.66296387,4.0329638,3.842964,1.9029639,0.17296387,-3.437036,-2.7270362,-5.207036,-5.837036,-4.997036,-4.767036,-3.647036,-2.5670362,-2.407036,-2.127036,-2.5570362,-1.7870362,0.8829639,1.6629639,1.1729639,-1.3770361,-2.377036,2.2429638,-2.0570362,-0.42703614,-0.077036135,1.0329639,-2.667036,-2.8470361,-2.5070362,2.9929638
-1.5570362,-1.7070361,3.4629638,1.0229639,2.5229638,-1.9570361,-3.4670362,-3.3170362,-4.747036,-5.547036,-3.9770362,-4.007036,-2.877036,0.18296386,5.442964,4.192964,2.1629639,0.042963866,-0.93703616,-3.7270362,-6.687036,-5.917036,-4.8670363,-4.4070363,-2.947036,1.4029639,-1.8270361,-2.377036,-4.277036,-0.107036136,0.5929639,0.9029639,1.1529639,1.6229639,-0.117036134,-0.48703614,-3.0970361,-3.0770361,-2.407036,-4.477036,-3.197036,-3.0470362,2.822964
2.592964,0.9029639,1.3529639,4.732964,3.5229638,-0.14703614,-0.45703614,-1.2370361,-0.9870361,-1.0070361,-2.2470362,-2.7570362,-4.087036,-3.687036,0.48296386,3.1729639,4.982964,4.352964,1.9429638,-0.58703613,-3.367036,-4.737036,-5.247036,-3.937036,-3.677036,-2.5770361,-0.69703615,0.60296386,0.29296386,-0.36703613,-1.1370361,2.142964,4.792964,1.9329638,2.342964,-1.3670361,-0.51703614,3.4929638,2.612964,-1.0870361,0.46296388,0.68296385,0.5729639
-0.35703614,1.7029638,2.6629639,2.6629639,2.9329638,2.0029638,0.27296388,0.73296386,-2.8370361,-1.5270362,-0.81703615,-1.2570361,-0.14703614,-2.2270362,-1.5470362,1.5329639,4.1329637,4.352964,4.4029636,2.542964,-1.2070361,-2.2670362,-3.7170362,-4.2170362,-0.0070361327,-0.17703614,-2.897036,-3.0070362,-2.197036,-3.377036,-0.68703616,-2.147036,-2.5170362,-2.687036,-2.687036,1.4629638,-0.18703613,-3.5570362,-0.5970361,3.1529639,0.6429639,1.7829639,0.73296386
-3.3270361,-3.937036,2.562964,1.0029639,-0.13703613,-0.25703612,-0.29703614,-0.7370361,-3.197036,-2.947036,-3.677036,-2.707036,-2.637036,-0.24703613,-1.8770361,0.47296387,4.022964,7.162964,5.412964,3.2429638,2.2429638,-1.4570361,-2.957036,-4.577036,-5.8470364,2.7729638,1.7329639,0.91296387,-1.2070361,-0.64703614,-2.3070362,-3.3370361,-4.5970364,-2.8470361,2.6529639,3.832964,-1.0970361,-1.6970361,-5.797036,2.7429638,-6.6770363,-4.257036,-3.2170362
-8.317036,-9.207036,-7.957036,-6.807036,-4.807036,-3.9870362,-2.9870362,1.9529638,0.9529639,0.38296387,-0.27703613,-0.81703615,-0.68703616,0.37296388,1.3629639,1.1929638,-0.50703615,4.3229637,2.2429638,2.9429638,1.4629638,0.50296384,-0.9270361,-2.0770361,-4.377036,5.9029636,4.8429637,2.112964,1.4329638,2.1929638,1.3429638,-0.45703614,-2.5470362,-4.147036,-4.6370363,-2.647036,2.362964,-1.0470362,1.6429639,-0.58703613,-3.917036,-1.5170361,-4.767036
-8.037036,-8.827036,-8.847036,-10.027036,-10.417036,-10.607037,-12.337036,-9.317036,-10.657036,-2.167036,0.19296387,0.16296387,0.16296387,-2.3070362,1.0029639,-1.1670362,-1.8170362,0.5729639,0.48296386,0.03296387,-0.8670361,-1.0970361,0.73296386,-0.94703615,-3.0870361,5.472964,5.542964,4.232964,2.822964,1.4329638,1.2329639,1.3829639,-0.9870361,-3.2270362,-4.8670363,-8.227036,-2.0570362,-3.407036,-4.857036,-3.397036,-1.4970361,-0.037036132,-7.267036
-5.497036,-5.957036,-6.6970363,-6.877036,-8.157036,-9.047036,-9.737036,-9.587036,-9.317036,-9.467036,-6.517036,-6.6570363,-6.4070363,-4.807036,-6.207036,-5.227036,-6.007036,-5.127036,-5.357036,-5.397036,-3.0370362,-3.167036,-2.8370361,-2.9870362,-2.8070362,6.932964,9.212964,7.522964,5.892964,3.572964,3.4029639,2.622964,0.26296386,-0.52703613,-2.387036,-3.3170362,-0.77703613,-0.87703615,-1.1770362,-1.5270362,1.0529639,0.98296386,-1.8770361
-7.207036,-6.377036,-6.287036,-5.607036,-4.9070363,-6.287036,-6.587036,-7.247036,-7.377036,-6.8470364,-6.487036,-6.1770363,-5.8870363,-6.037036,-6.1970363,-6.737036,-7.147036,-7.057036,-6.647036,-6.737036,-3.7870362,0.9629639,2.7429638,-0.6770361,2.392964,0.67296386,0.33296385,2.632964,1.2929639,-0.20703614,0.16296387,0.5829639,0.99296385,1.7329639,1.5629638,0.92296386,0.99296385,-0.22703613,-4.1570363,0.08296387,-1.3270361,-1.1270361,-0.47703612
-7.257036,-6.977036,-7.7170362,-7.017036,-6.7170362,-3.187036,-3.707036,-3.5470362,-4.3470364,-3.2370362,-3.7570362,-3.8370361,-4.397036,-4.457036,-4.4070363,-5.057036,-5.527036,-4.1370363,-5.057036,-7.057036,-7.077036,-6.027036,-3.5170362,-2.0970361,-2.927036,-0.27703613,2.2229638,2.372964,1.9829639,3.2529638,2.562964,1.5029639,0.28296387,-1.0470362,-1.2670361,1.1529639,-0.57703614,-0.63703614,-0.33703613,-2.7770362,-1.7870362,-0.50703615,-0.76703614
-3.7370362,-5.897036,-5.797036,-6.1970363,-7.267036,-6.777036,-6.237036,-5.557036,-6.897036,-4.1770363,-4.757036,-3.447036,-1.7470361,-0.63703614,-1.4770361,-3.2870362,-3.447036,-2.5370362,-2.927036,-3.4670362,-0.8470361,-5.9470363,2.9429638,-1.1470361,-0.06703613,4.062964,0.36296386,1.0729638,1.6329639,3.0229638,3.2229638,3.6529639,1.4129639,1.5529639,2.122964,0.9529639,0.5329639,-1.3670361,-1.3570361,0.61296386,-0.42703614,-0.9870361,-0.93703616
-4.537036,-4.317036,-5.4070363,-6.1370363,-5.577036,-6.837036,-6.6770363,-7.6770363,-7.167036,-7.327036,-7.567036,-3.167036,-1.1770362,-1.7970362,-2.387036,-3.7170362,-5.807036,-8.087036,-4.3670363,-5.607036,-4.337036,-3.157036,-3.2170362,-2.167036,-3.157036,-2.7470362,-2.457036,-1.2870362,0.052963868,-0.51703614,4.002964,4.272964,2.812964,2.7429638,1.9729638,2.0029638,1.0829638,0.33296385,0.56296384,2.352964,2.322964,2.1829638,1.6029639
-4.357036,-4.257036,-3.457036,-3.5070362,-4.277036,-4.317036,-4.037036,-3.667036,-5.3670363,-6.897036,-8.067036,-6.667036,-2.127036,-1.4970361,-1.6870362,-1.4570361,-0.80703616,-1.0170361,-2.5270362,-5.477036,-4.297036,-2.427036,-0.43703613,-0.8570361,-1.1970361,-0.68703616,-0.33703613,-1.7770362,-2.0770361,-0.88703614,-0.27703613,1.3929639,3.2029638,3.072964,1.7229638,1.1329639,2.112964,0.66296387,1.8829639,0.75296384,-0.55703616,-1.1470361,0.44296387
-3.9670362,-2.4670362,-4.067036,-4.537036,-6.687036,-6.087036,-2.5370362,-2.5670362,-3.0970361,-4.757036,-5.577036,-6.267036,-2.5170362,-1.9870361,-4.027036,-3.187036,-4.6170363,-5.2170362,-4.327036,-4.027036,-4.5970364,-5.937036,-4.7170362,-0.35703614,-1.6270361,-2.0970361,-1.5170361,-0.40703613,-0.80703616,-2.5870361,-0.19703613,1.9029639,3.2329638,2.2229638,2.2629638,2.122964,-0.12703614,1.6729639,0.9529639,0.102963865,-0.17703614,0.49296388,-1.1970361
-2.7770362,-3.3470361,-3.5770361,-3.947036,-7.267036,-6.107036,-4.9070363,-4.8470364,-2.8170362,-3.2670362,-5.017036,-4.507036,-3.187036,-2.3170362,0.102963865,-2.117036,-2.4970362,-3.4870362,-4.497036,-3.687036,-3.5070362,-3.157036,-3.2370362,-2.4770362,-3.2170362,-3.147036,-1.5170361,-1.7770362,0.27296388,3.0229638,1.4429638,1.7729639,3.1829638,3.2629638,1.1129639,1.1829638,2.6829638,2.7629638,0.98296386,1.3529639,1.0329639,1.0129639,0.5229639
