wind_kz.json
{"header": {"discipline":0,"disciplineName":"Meteorological products","gribEdition":2,"gribLength":1025,"center":7,"centerName":"US National Weather Service - NCEP(WMC)","subcenter":0,"refTime":"2023-08-22T18:00:00.000Z","significanceOfRT":1,"significanceOfRTName":"Start of forecast","productStatus":0,"productStatusName":"Operational products","productType":1,"productTypeName":"Forecast products","productDefinitionTemplate":0,"productDefinitionTemplateName":"Analysis/forecast at horizontal level/layer at a point in time","parameterCategory":2,"parameterCategoryName":"UnknownDiscipline_0_Category_2","parameterNumber":2,"parameterNumberName":"UnknownParameter_D0_C2_2","parameterUnit":"Unknown","genProcessType":2,"genProcessTypeName":"Forecast","forecastTime":120,"surface1Type":103,"surface1TypeName":"Specified height level above ground","surface1Value":10.0,"surface2Type":255,"surface2TypeName":"Missing","surface2Value":0.0,"gridDefinitionTemplate":0,"gridDefinitionTemplateName":"Latitude_Longitude","numberPoints":615,"shape":6,"shapeName":"Earth spherical with radius of 6,371,229.0 m","gridUnits":"degrees","resolution":48,"winds":"true","scanMode":64,"nx":41,"ny":15,"basicAngle":0,"lo1":47.0,"la1":41.0,"lo2":87.0,"la2":55.0,"dx":1.0,"dy":1.0}, "data":
[rows 0 to 14 of 15, columns 0 to 40 of 41]
-5.7852955,-0.4352954,1.6847045,3.4147046,-0.44529542,-1.7152954,1.2047046,2.9247046,-1.8852954,0.9647046,3.4447045,4.8747044,1.6447046,3.5247047,6.1147046,1.9047046,2.6647046,-1.2952954,-3.3152955,-3.9852953,-3.6752954,-1.2952954,0.2247046,0.4347046,-0.07529541,-1.7452954,-0.8152954,3.0747046,-0.02529541,-0.9452954,0.15470459,-0.9552954,-0.90529543,0.4747046,-4.2052956,-4.1652956,-5.355295,-4.1952953,-4.0752954,-2.3552954,-2.4652953
2.7947047,0.7447046,-2.8852954,-3.8452954,0.2247046,-0.52529544,3.0147047,2.7547045,2.5247047,3.5647047,4.0847044,4.8347044,-0.3752954,-1.0752954,-0.06529541,-3.0152955,-2.7352953,-2.7252953,-0.48529541,-2.8852954,-2.8452954,0.5447046,-2.3952954,-1.3152955,1.6347046,-0.7352954,-1.1852955,1.3747046,-2.7552955,-1.9452955,-0.44529542,-0.0052954103,1.9547046,-3.3052955,0.03470459,-1.4852954,-1.7952954,-0.96529543,-1.4452955,-0.9452954,-4.7952952
-1.5552955,-4.3752956,-3.2852955,-1.9152954,0.8947046,2.9747045,3.4847045,-0.38529542,-1.7352954,-1.3052955,0.13470459,-2.0052955,-2.6952953,-3.1752954,-3.7952955,6.6047044,-0.3952954,1.5647045,2.3647046,0.2947046,-1.6552954,-0.4352954,1.7347046,0.4047046,3.8247046,-0.52529544,-4.4252954,-0.5752954,2.8347046,0.9447046,-0.77529544,-0.7552954,0.3247046,1.6047046,1.7647046,-2.2252953,-1.2352954,-0.7852954,-1.3252954,-1.3452954,-1.1552954
-2.3152955,-2.3952954,-0.7552954,0.26470459,-1.3552954,-0.6352954,-1.0852954,-0.41529542,1.5047046,1.1347046,-2.3652954,-0.035295412,0.00470459,1.6747046,3.5947046,5.6747046,1.9947046,2.3147047,4.394705,2.5647047,-2.3052955,-0.3152954,1.4347045,0.4347046,2.3947046,0.05470459,-2.3252954,-3.0452955,3.5447047,8.874704,6.1547046,1.6147046,4.0247045,1.1547046,1.9347045,0.7447046,-1.6252954,-0.4252954,-0.10529541,0.8847046,1.7547046
-0.7452954,0.8947046,1.5847046,1.8447046,1.7547046,1.5247046,2.6647046,3.6147046,4.9247046,3.8947046,0.07470459,3.4447045,5.1547046,5.0747046,3.5947046,4.6547046,3.3347046,1.1347046,-0.3352954,-0.6052954,1.6847045,2.0547047,0.7747046,2.9047046,2.7547045,6.414705,2.2247045,4.5847044,-0.77529544,5.6347046,6.0847044,5.3247046,-0.90529543,-1.4652954,1.0347046,3.2147045,4.5047045,3.5347047,-1.6952955,-3.3852954,-3.0852954
-2.9452953,-2.0452955,-0.7452954,4.434705,5.8247046,5.1047044,5.1547046,3.6747046,4.684705,4.9747047,1.1047046,2.1747046,2.6347046,3.8647046,3.2947047,3.8447046,3.0247047,2.9347045,2.2147045,0.7747046,0.07470459,-0.20529541,2.4147046,4.7347045,3.5047045,6.2247047,6.2047048,6.5947046,3.4447045,-1.2352954,9.364704,7.3447046,2.5647047,-2.4452953,0.02470459,-1.2952954,-1.0652955,1.2747046,8.664704,0.4447046,-2.3252954
-0.71529543,2.0247047,-0.4352954,-0.3052954,-0.44529542,2.8047047,3.6847045,2.8347046,2.7447045,1.4047046,-1.1952955,-0.83529544,0.59470457,2.2247045,2.4647045,2.8247046,4.1547046,2.1047046,-1.4452955,-0.1652954,-1.7352954,0.9547046,1.2347046,2.8847046,-0.7452954,4.1747046,0.5147046,1.2847046,0.33470458,6.5247045,3.1147046,1.7247046,2.3647046,2.8047047,1.5747046,-0.1852954,0.3847046,0.6847046,0.1747046,0.19470459,3.7347045
-1.0052954,3.0447047,2.5247047,-0.5452954,-0.4952954,3.5847046,5.9047046,4.1147046,0.6047046,-2.5052955,-2.0052955,-1.9352955,-0.22529541,3.0247047,2.6047046,-1.4852954,0.4647046,-0.5552954,-0.58529544,-0.5552954,0.2947046,-1.2052954,-0.58529544,-1.9552954,0.6547046,0.01470459,0.9347046,-0.35529542,0.4947046,0.3147046,-0.02529541,4.8147044,2.9747045,2.6847045,1.5047046,2.3847046,0.5147046,3.4047046,3.3547046,4.684705,1.3247046
1.7647046,0.5147046,1.5647045,1.5547045,1.1847045,2.7747047,-0.5752954,-1.1052954,-1.9052954,-0.06529541,1.3447046,-0.12529542,2.2447045,2.8347046,0.20470458,-1.1152954,1.1747046,0.7647046,1.2847046,-0.2852954,-1.5752954,1.3147045,1.7347046,0.2947046,-1.0752954,0.3147046,-0.17529541,0.72470456,0.9847046,1.1247046,0.8647046,0.33470458,2.2647047,4.3747044,1.5347046,1.3147045,-0.08529541,-1.2152954,0.39470458,0.13470459,-1.6952955
-0.11529541,1.6047046,3.8447046,1.9847046,3.5747046,2.7247045,2.4247046,1.6447046,1.4947046,2.0447047,2.5747046,2.5447047,2.8647046,2.7247045,2.9247046,2.2247045,1.9747046,1.0847046,2.3747046,1.1247046,-2.5452955,-1.9852954,-2.1452954,-1.9852954,-1.8252954,-0.6052954,-0.15529542,2.1647046,2.2347045,1.5547045,1.8947046,2.7747047,4.684705,3.8047047,-0.8552954,-1.4352955,-2.3852954,-0.35529542,-0.9752954,-0.0052954103,-1.2652954
1.7347046,2.0247047,2.9047046,2.8647046,-0.9752954,0.10470459,2.6147046,1.3747046,2.4547045,2.1747046,1.7647046,1.9147046,3.2047045,3.0047045,2.3647046,-0.1652954,2.0447047,4.1547046,-1.3952954,-3.0752954,-2.9052954,-1.8952954,-1.9452955,-1.5252954,-0.7452954,0.8147046,1.1047046,1.8947046,4.5347047,4.0647044,3.9547045,5.3647046,5.6247044,5.7147045,3.6747046,-1.4752954,-1.7952954,0.4947046,-1.6152954,0.6147046,-1.7352954
0.6047046,2.3047047,1.8247046,1.3747046,1.3547046,0.6747046,1.3147045,3.7047045,2.9947045,2.1047046,1.8247046,2.3647046,2.0247047,3.1547046,2.8147047,0.5647046,-2.3252954,-1.7452954,-3.2652955,-1.8052955,-1.5652955,-0.32529542,-0.6852954,0.11470459,1.4547046,2.9147046,3.6647046,6.0547047,6.0947046,6.6047044,3.2447045,5.4247046,3.3347046,5.5647044,1.7747046,2.7247045,-1.0552955,-1.0452954,0.97470456,-0.6252954,-2.0152955
3.0047045,4.2147045,3.8147047,1.8947046,1.2147046,2.6247046,3.6347046,2.7247045,4.3147044,1.3447046,-0.90529543,1.4747046,1.0347046,2.6247046,1.6747046,0.4947046,-1.8152955,-0.5152954,-0.4952954,5.0347047,-0.4052954,0.04470459,2.2847047,0.9947046,3.7547045,3.4147046,5.914705,6.4047046,7.4247046,5.9747047,5.7047048,5.5747046,6.2747045,6.664705,0.06470459,-0.05529541,-1.1652954,-1.4852954,-1.6352954,-2.3452954,0.12470459
3.1147046,3.0647047,3.8547046,4.7747045,4.0547047,4.7147045,4.2047048,2.6047046,4.164705,2.6047046,-0.19529541,0.10470459,1.2747046,1.6547046,-0.9752954,-1.9352955,-1.4252954,-0.4352954,0.8847046,-0.06529541,-0.8052954,-0.15529542,0.36470458,0.36470458,1.6347046,3.3047047,4.7147045,4.5847044,5.4947047,8.2147045,7.6547046,5.2247047,5.3147044,1.6047046,-1.5552955,-1.3552954,-0.0052954103,-0.10529541,-0.9952954,-0.7052954,0.01470459
2.2847047,2.8347046,3.6847045,2.8247046,4.5347047,4.394705,4.2247047,2.0747046,2.1347046,1.7847046,-0.52529544,0.3547046,-0.52529544,-0.6652954,-1.7652954,-1.5352954,-0.8152954,-0.3152954,-0.17529541,-0.7452954,-1.8152955,-2.0852954,-1.3052955,0.6747046,2.4547045,2.5047045,4.3147044,3.0547047,4.5347047,6.144705,1.1747046,0.02470459,0.04470459,-0.1652954,-1.5452954,-0.6052954,-1.3752954,-0.10529541,0.2847046,-1.5552955,-1.0652955
