wind_kz.json
{"header": {"discipline":0,"disciplineName":"Meteorological products","gribEdition":2,"gribLength":1025,"center":7,"centerName":"US National Weather Service - NCEP(WMC)","subcenter":0,"refTime":"2023-08-27T18:00:00.000Z","significanceOfRT":1,"significanceOfRTName":"Start of forecast","productStatus":0,"productStatusName":"Operational products","productType":1,"productTypeName":"Forecast products","productDefinitionTemplate":0,"productDefinitionTemplateName":"Analysis/forecast at horizontal level/layer at a point in time","parameterCategory":2,"parameterCategoryName":"UnknownDiscipline_0_Category_2","parameterNumber":3,"parameterNumberName":"UnknownParameter_D0_C2_3","parameterUnit":"Unknown","genProcessType":2,"genProcessTypeName":"Forecast","forecastTime":240,"surface1Type":103,"surface1TypeName":"Specified height level above ground","surface1Value":10.0,"surface2Type":255,"surface2TypeName":"Missing","surface2Value":0.0,"gridDefinitionTemplate":0,"gridDefinitionTemplateName":"Latitude_Longitude","numberPoints":615,"shape":6,"shapeName":"Earth spherical with radius of 6,371,229.0 m","gridUnits":"degrees","resolution":48,"winds":"true","scanMode":64,"nx":41,"ny":15,"basicAngle":0,"lo1":47.0,"la1":41.0,"lo2":87.0,"la2":55.0,"dx":1.0,"dy":1.0}, "data":
[rows 0 to 14 of 15, columns 0 to 40 of 41]
2.5415332,-2.838467,-0.3984668,-5.788467,-5.6484666,-2.558467,-1.9984668,-1.7384667,-0.1584668,-1.9284668,-1.8684669,-1.3184668,-1.9284668,-3.318467,-3.5184667,-4.368467,-4.328467,-4.6084666,-5.368467,-2.828467,-2.9084668,-3.0284667,-2.1184669,-1.6784668,-2.6584668,-0.2384668,-1.4384668,1.7815332,1.5015332,1.6015332,-0.5984668,-3.328467,0.6115332,-0.9484668,-2.2684667,-4.768467,-7.4684668,-2.6984668,0.6815332,-3.4984667,0.041533202
0.8415332,0.2115332,-1.7784668,-4.728467,-3.2384667,-1.9084668,-1.3084668,0.1715332,0.011533204,0.0615332,-0.118466794,-1.8284668,-1.8884668,-2.2284667,-3.9784667,-4.098467,-4.188467,-5.808467,-7.618467,-5.698467,-4.178467,-2.4284668,0.4615332,2.1315331,2.0915332,2.1015332,-0.6984668,2.8815331,0.09153321,2.8715332,3.0315332,3.191533,0.4215332,0.37153322,-2.2384667,-3.4484668,-5.118467,-6.308467,-0.8384668,-3.3984668,-0.2384668
1.7515332,2.181533,-0.9484668,-5.748467,-2.8884668,0.0815332,0.3515332,0.19153321,0.7015332,0.0715332,0.5215332,-0.6284668,-2.338467,-4.658467,-4.0884666,-4.058467,-3.8684669,-3.5184667,-4.888467,-6.788467,-6.908467,-2.5384667,-4.808467,-1.2884668,0.5115332,0.4615332,1.0215333,0.5515332,0.3315332,2.0215333,3.691533,1.5515332,1.7715333,-0.8284668,-0.4484668,2.5715332,1.9315332,-1.7484668,-0.3684668,-1.4284668,-2.588467
0.1115332,0.1815332,-3.1584668,-5.4684668,-4.5684667,2.6215332,3.7215333,4.401533,3.9615333,3.2615333,1.6715332,0.2715332,-1.4884667,-4.4184666,-4.3984666,-3.2184668,-4.558467,-4.658467,-4.2384667,-5.078467,-5.728467,-3.2384667,-1.5884668,-4.388467,-4.2184668,-4.3384666,-3.8884668,-3.4584668,-2.3884668,-2.6084669,-1.4184668,-2.2984667,-1.5684668,1.0115333,0.8715332,-2.4584668,-0.1484668,3.0215333,0.8215332,-0.6484668,0.5215332
1.0515332,1.7315332,0.0015332032,-1.8384668,-2.2484667,-2.4884667,-3.308467,-0.6084668,7.071533,7.0315332,6.8515334,5.481533,4.171533,-0.95846677,-3.2084668,-2.2984667,-2.838467,-3.6284668,-3.7184668,-4.018467,-2.6984668,-3.9884667,-4.938467,-4.288467,-3.7484667,-3.588467,-1.6384668,-1.7584668,-3.8984668,-2.558467,-1.2084668,-0.2584668,2.4915333,4.291533,-0.3684668,-0.7384668,1.1515332,0.7015332,-1.7184668,0.37153322,-0.5584668
1.5515332,1.1615332,0.1515332,0.1315332,-1.6584668,-2.9284668,-1.9884667,-2.828467,-0.8184668,7.271533,9.161533,7.6215334,6.2415333,3.3015332,-0.118466794,-0.3884668,-1.6884668,-2.7184668,-3.8684669,-4.7984667,-2.4684668,-1.1384668,-3.318467,-3.0184667,-4.498467,-3.9984667,-1.6184669,-1.5984668,-2.5084667,-2.9284668,-3.0284667,-0.5084668,-1.0884668,-1.3184668,2.4615333,0.101533204,3.2315333,2.171533,0.8515332,-3.2084668,-2.6584668
-3.4184668,-4.078467,-3.8484669,-4.0084667,-2.558467,-1.8484668,-4.5484667,-0.37846678,-2.0084667,-2.6984668,7.901533,8.271533,6.821533,6.231533,3.0615332,1.5315332,-1.7084668,-2.5084667,-2.7684667,-3.2084668,-2.6484668,-2.8484669,0.2015332,-1.4084668,-2.9084668,-2.4484668,-3.4484668,-3.9384668,-4.958467,-5.458467,-2.1984668,-4.1484666,-3.578467,-2.1484668,-0.1884668,-0.4184668,-3.1684668,0.1215332,-0.3084668,-0.6184668,-0.6984668
-2.9884667,-4.0684667,-3.838467,-3.9884667,-4.638467,-4.5284667,-5.3384666,-5.3984666,-4.638467,-0.2984668,0.4915332,8.391533,8.141533,7.5815334,4.5315332,2.7115333,0.4115332,-1.7584668,-2.6684668,-2.6184669,-2.8984668,-2.4284668,-2.058467,-1.8984668,-1.2884668,-0.13846679,-1.2584668,-2.5484667,-3.2484667,-3.6184669,-3.2284667,-2.7284667,-3.7984667,-4.368467,0.6215332,0.7515332,1.8415332,1.8315332,0.09153321,-0.7284668,-2.1484668
0.3815332,-2.5084667,-2.7484667,-2.4984667,-3.338467,-3.578467,-3.7084668,-4.5684667,-4.928467,-3.7384667,2.8915331,2.7715333,3.0015333,4.291533,-1.4884667,2.4915333,1.2915332,-0.028466797,-1.2484668,-2.338467,-1.0884668,-2.6984668,-1.5884668,-0.7184668,-0.8284668,-1.0484668,-0.5684668,-0.9184668,-0.1484668,-1.0384668,-1.7484668,-2.3984668,-2.2384667,-3.0184667,-2.058467,-0.7384668,-2.8984668,0.1715332,1.4815332,0.2015332,0.2515332
3.191533,1.1415333,-0.058466796,-2.058467,-2.4484668,-3.0284667,-2.6184669,-3.6784668,-4.248467,-3.7784667,-2.1784668,0.6615332,1.4915332,-0.3684668,1.6415333,1.5215333,1.7015332,0.7715332,-0.4084668,-1.3684669,-0.5484668,-1.3384668,-0.8484668,-0.9884668,-1.9884667,-0.6784668,-1.1184669,-1.2484668,0.2315332,-0.1984668,1.5415332,0.0815332,-2.558467,-3.4884667,-2.3884668,-1.4484668,0.0615332,-2.5184667,0.37153322,3.181533,1.5015332
0.7615332,0.0715332,3.2115333,1.5315332,-0.0684668,-1.1884668,-2.0384667,-0.1084668,-1.7984668,-1.2084668,-1.4784667,-0.6384668,-0.8084668,-0.2784668,-1.8984668,-2.328467,-0.9884668,-1.3484668,-1.1084667,-1.1784668,-0.9284668,-2.1584668,-2.8884668,0.79153323,0.7415332,0.2015332,0.1215332,-0.34846678,0.9115332,2.0715332,2.7315333,2.1515331,1.7815332,0.7115332,-1.0484668,0.2415332,0.8015332,2.2615333,1.2715333,1.0315332,-0.6884668
-1.2484668,-2.4384668,-1.4784667,0.3315332,1.6215332,1.3115332,-0.4884668,-0.95846677,0.37153322,0.8215332,0.9815332,0.8415332,0.9015332,1.3015332,0.9415332,-0.3384668,-2.0084667,-2.2784667,-0.3284668,-1.8984668,-1.9384668,-1.8584667,-1.2184668,-0.5284668,-0.13846679,-0.5784668,-0.4084668,0.2715332,0.4515332,1.5715332,2.1515331,3.2115333,3.4715333,2.7415333,1.8915333,-0.5084668,2.6515331,3.0015333,2.3515332,2.2115333,1.0415332
-1.6384668,-0.3384668,-2.3884668,-1.5684668,-0.078466795,-0.6084668,-0.8384668,-1.3884668,-1.9784667,-0.3684668,0.19153321,0.2015332,-0.2384668,0.2315332,-0.0684668,-1.3284668,-1.6284668,-2.2684667,-0.3384668,-1.4984668,-1.8084668,-0.8284668,-0.7384668,-0.3584668,0.5815332,1.3515332,0.9315332,-0.078466795,0.22153321,0.4815332,2.3315332,3.5615332,5.0115333,5.3315334,4.7015333,3.7415333,3.2315333,1.9415332,2.5015333,0.3415332,0.4515332
-1.2184668,-1.7584668,-2.7884667,-2.818467,1.9015332,1.7715333,-0.3084668,-0.5784668,-1.2084668,-2.6784668,-0.34846678,-0.4484668,-1.3684669,-0.2084668,-1.7184668,-1.5884668,-0.2584668,-1.3284668,-1.8484668,-1.7384667,-1.5484668,-0.31846678,-0.2084668,-0.16846679,-0.048466798,-0.2884668,-0.1084668,0.9415332,0.6415332,-1.2084668,-0.2884668,2.8115332,4.9315333,5.0115333,2.7515333,2.681533,2.2215333,1.4515332,1.6715332,1.1615332,0.2315332
-1.8084668,-2.6184669,-2.058467,-2.7984667,-1.4184668,-0.6284668,-0.4884668,-0.4384668,-0.6784668,-1.6084667,-0.6184668,0.2515332,1.2515332,-0.9084668,-2.0984669,-1.6184669,-1.6784668,-1.9284668,-2.318467,-1.8984668,-2.0284667,-2.4484668,-2.4384668,-2.588467,-2.068467,-1.6484668,-1.9984668,0.1215332,0.1415332,-0.2784668,0.4515332,2.9815333,2.5715332,3.0615332,2.9915333,3.2015333,2.6115332,2.191533,1.6615332,1.6815332,0.1315332
