wind.json
{"header": {"discipline":0,"disciplineName":"Meteorological products","gribEdition":2,"gribLength":1039,"center":7,"centerName":"US National Weather Service - NCEP(WMC)","subcenter":0,"refTime":"2023-06-29T00:00:00.000Z","significanceOfRT":1,"significanceOfRTName":"Start of forecast","productStatus":0,"productStatusName":"Operational products","productType":1,"productTypeName":"Forecast products","productDefinitionTemplate":0,"productDefinitionTemplateName":"Analysis/forecast at horizontal level/layer at a point in time","parameterCategory":0,"parameterCategoryName":"UnknownDiscipline_0_Category_0","parameterNumber":0,"parameterNumberName":"UnknownParameter_D0_C0_0","parameterUnit":"Unknown","genProcessType":2,"genProcessTypeName":"Forecast","forecastTime":180,"surface1Type":1,"surface1TypeName":"Ground or water surface","surface1Value":0.0,"surface2Type":255,"surface2TypeName":"Missing","surface2Value":0.0,"gridDefinitionTemplate":0,"gridDefinitionTemplateName":"Latitude_Longitude","numberPoints":688,"shape":6,"shapeName":"Earth spherical with radius of 6,371,229.0 m","gridUnits":"degrees","resolution":48,"winds":"true","scanMode":64,"nx":43,"ny":16,"basicAngle":0,"lo1":45.0,"la1":40.0,"lo2":87.0,"la2":55.0,"dx":1.0,"dy":1.0}, "data":
[rows 0 to 15 of 16, columns 0 to 42 of 43]
296.06635,290.66635,313.06635,323.06635,320.66635,297.76636,297.26636,296.16635,320.46637,322.06635,330.36636,328.86636,325.26636,308.16635,319.96637,321.56635,320.86636,320.96637,321.66635,320.16635,317.36636,315.06635,313.16635,310.86636,303.26636,301.06635,291.96637,286.96637,290.56635,287.96637,296.16635,306.06635,313.26636,311.96637,313.56635,313.06635,310.06635,309.96637,310.16635,309.26636,310.96637,312.36636,311.36636
298.66635,313.86636,314.86636,298.26636,304.86636,297.06635,297.16635,295.96637,315.46637,328.16635,326.56635,328.76636,322.76636,322.46637,321.96637,316.56635,317.76636,321.26636,319.16635,318.66635,322.76636,320.06635,321.26636,313.86636,313.56635,307.86636,311.76636,315.36636,308.96637,289.26636,290.26636,289.56635,290.16635,296.56635,302.36636,312.16635,311.76636,309.96637,310.86636,308.56635,308.86636,309.76636,310.36636
302.56635,295.46637,281.66635,303.76636,297.76636,297.66635,297.16635,295.06635,325.96637,324.96637,324.96637,323.06635,323.86636,322.06635,315.76636,308.66635,307.56635,320.16635,320.56635,322.86636,320.36636,320.06635,319.46637,317.06635,313.06635,302.36636,292.06635,288.46637,298.86636,291.26636,293.16635,285.16635,290.16635,281.06635,293.86636,265.96637,283.66635,305.56635,303.46637,309.16635,311.36636,302.66635,287.16635
298.86636,304.56635,310.16635,299.66635,298.86636,298.26636,296.86636,324.96637,322.76636,323.36636,322.16635,321.26636,319.86636,318.96637,316.56635,316.16635,314.76636,307.76636,320.66635,315.46637,319.26636,319.46637,318.36636,314.66635,314.46637,306.96637,308.66635,306.16635,309.76636,308.46637,305.06635,289.46637,280.96637,284.86636,291.96637,293.36636,292.36636,288.86636,277.96637,283.26636,284.46637,283.16635,286.06635
313.76636,316.86636,315.96637,299.16635,298.76636,297.86636,303.86636,324.06635,322.66635,324.66635,325.66635,323.86636,311.76636,318.46637,296.36636,295.46637,315.96637,310.26636,319.06635,320.36636,319.56635,319.56635,314.66635,311.36636,314.96637,315.06635,315.86636,315.26636,315.56635,311.46637,309.46637,308.86636,303.56635,304.06635,309.66635,308.46637,307.56635,301.16635,285.36636,287.06635,287.46637,298.96637,308.16635
316.46637,321.86636,321.66635,299.96637,299.06635,299.36636,306.66635,319.36636,320.36636,324.66635,323.86636,324.76636,322.66635,320.36636,296.56635,295.96637,292.76636,316.96637,320.56635,316.36636,313.56635,317.06635,317.86636,317.26636,315.66635,314.86636,315.76636,315.46637,314.86636,306.76636,311.16635,309.46637,311.56635,302.66635,283.86636,279.06635,293.36636,304.66635,300.96637,311.16635,315.46637,313.16635,314.36636
316.16635,320.26636,319.96637,316.66635,299.06635,298.46637,298.56635,298.66635,322.46637,322.76636,324.56635,325.96637,320.16635,321.46637,298.06635,296.06635,306.26636,310.06635,313.86636,319.06635,317.66635,317.66635,316.06635,314.46637,313.96637,313.36636,312.66635,312.56635,314.16635,293.26636,311.66635,311.96637,309.56635,308.06635,306.56635,300.86636,298.86636,297.96637,291.16635,290.46637,306.56635,313.76636,313.56635
316.56635,318.36636,319.26636,320.46637,321.56635,321.06635,312.46637,317.56635,321.06635,321.96637,322.76636,323.06635,322.56635,318.96637,318.26636,319.76636,317.56635,317.56635,312.86636,318.76636,318.86636,317.36636,314.86636,313.86636,312.06635,312.06635,309.56635,308.46637,310.76636,311.36636,312.06635,308.96637,306.66635,307.06635,298.96637,306.16635,295.96637,298.06635,292.06635,292.06635,288.56635,290.56635,303.56635
315.06635,314.46637,318.06635,319.56635,319.16635,317.26636,318.96637,316.06635,316.26636,317.06635,316.86636,317.66635,317.36636,316.36636,317.76636,308.26636,316.76636,304.46637,317.76636,317.96637,315.66635,313.26636,314.16635,312.16635,311.56635,309.76636,306.26636,300.96637,300.46637,299.96637,301.36636,305.26636,301.46637,303.26636,299.06635,295.16635,289.86636,295.26636,299.26636,289.86636,303.46637,299.86636,296.26636
295.46637,314.66635,315.46637,317.46637,317.76636,316.46637,316.46637,315.26636,313.16635,313.66635,314.36636,314.46637,314.06635,312.86636,312.86636,307.56635,306.46637,307.16635,314.66635,304.76636,302.46637,311.86636,308.76636,307.56635,309.66635,306.96637,302.46637,298.96637,290.66635,288.06635,293.06635,295.16635,293.16635,292.06635,297.16635,292.46637,292.36636,293.56635,294.96637,299.16635,287.46637,288.16635,287.86636
307.76636,311.06635,312.06635,313.86636,314.56635,314.46637,312.66635,310.26636,309.86636,304.26636,310.26636,310.26636,306.66635,309.16635,309.56635,309.46637,301.06635,302.56635,307.16635,304.26636,301.96637,306.96637,308.56635,306.36636,309.96637,305.66635,301.06635,292.66635,297.06635,295.96637,294.66635,297.56635,299.96637,303.06635,295.46637,295.56635,302.06635,291.66635,292.56635,286.56635,288.96637,289.96637,286.26636
303.86636,299.46637,307.86636,307.86636,309.26636,309.56635,309.66635,308.26636,306.96637,305.36636,304.36636,302.96637,305.26636,304.56635,308.26636,306.66635,303.06635,300.56635,301.16635,305.86636,298.76636,293.76636,307.66635,307.46637,304.96637,303.76636,297.16635,289.76636,288.36636,294.96637,298.86636,302.16635,299.56635,300.66635,301.76636,299.06635,302.36636,299.06635,294.36636,290.06635,293.36636,292.06635,292.36636
298.06635,297.96637,298.96637,298.96637,302.66635,305.76636,304.96637,304.36636,304.26636,303.66635,302.56635,300.86636,301.06635,293.96637,302.06635,302.86636,304.36636,303.36636,302.76636,305.26636,303.96637,294.16635,290.96637,297.06635,303.56635,303.86636,292.66635,292.06635,296.86636,300.06635,302.56635,301.46637,295.46637,304.06635,304.66635,298.76636,297.76636,303.46637,293.06635,300.26636,297.16635,297.66635,297.76636
299.66635,300.86636,301.36636,302.66635,305.06635,303.06635,303.56635,302.36636,294.76636,299.56635,298.96637,301.16635,298.36636,296.46637,300.16635,296.66635,301.06635,300.26636,302.06635,301.96637,302.56635,296.06635,298.86636,300.56635,297.46637,302.86636,298.96637,295.76636,293.46637,303.96637,298.66635,301.96637,304.66635,304.26636,303.06635,302.46637,301.96637,293.36636,300.86636,299.76636,296.96637,298.76636,298.66635
298.86636,299.06635,299.16635,301.66635,295.96637,302.16635,300.86636,299.66635,298.66635,297.86636,297.16635,295.36636,296.96637,294.76636,293.86636,298.06635,300.16635,300.56635,300.06635,301.16635,300.96637,296.36636,298.96637,298.26636,295.16635,303.76636,303.56635,304.86636,298.36636,295.46637,300.26636,302.96637,293.56635,295.06635,300.76636,301.06635,298.26636,300.46637,299.16635,298.76636,300.06635,298.16635,298.86636
297.66635,296.96637,297.56635,298.86636,291.76636,299.56635,300.46637,300.36636,300.06635,299.26636,298.96637,298.86636,296.66635,293.46637,291.76636,296.36636,294.86636,296.36636,300.96637,297.76636,301.26636,300.06635,297.56635,297.16635,292.76636,297.56635,302.96637,302.36636,302.36636,296.96637,296.36636,301.46637,301.06635,292.36636,299.76636,300.46637,300.56635,298.16635,298.76636,296.86636,298.56635,298.76636,299.06635
