wind_kz.json
{"header": {"discipline":0,"disciplineName":"Meteorological products","gribEdition":2,"gribLength":1025,"center":7,"centerName":"US National Weather Service - NCEP(WMC)","subcenter":0,"refTime":"2023-09-21T00:00:00.000Z","significanceOfRT":1,"significanceOfRTName":"Start of forecast","productStatus":0,"productStatusName":"Operational products","productType":1,"productTypeName":"Forecast products","productDefinitionTemplate":0,"productDefinitionTemplateName":"Analysis/forecast at horizontal level/layer at a point in time","parameterCategory":2,"parameterCategoryName":"UnknownDiscipline_0_Category_2","parameterNumber":2,"parameterNumberName":"UnknownParameter_D0_C2_2","parameterUnit":"Unknown","genProcessType":2,"genProcessTypeName":"Forecast","forecastTime":120,"surface1Type":103,"surface1TypeName":"Specified height level above ground","surface1Value":10.0,"surface2Type":255,"surface2TypeName":"Missing","surface2Value":0.0,"gridDefinitionTemplate":0,"gridDefinitionTemplateName":"Latitude_Longitude","numberPoints":615,"shape":6,"shapeName":"Earth spherical with radius of 6,371,229.0 m","gridUnits":"degrees","resolution":48,"winds":"true","scanMode":64,"nx":41,"ny":15,"basicAngle":0,"lo1":47.0,"la1":41.0,"lo2":87.0,"la2":55.0,"dx":1.0,"dy":1.0}, "data":
[rows 0 to 14 of 15, columns 0 to 40 of 41]
-0.04303711,-0.9130371,1.7869629,-0.06303711,-7.403037,-7.763037,-5.293037,-5.793037,-5.853037,-0.90303713,-1.3630371,-1.7730371,-0.9430371,0.6169629,0.66696286,0.4169629,-0.2130371,0.1769629,-1.0830371,1.3869629,0.9069629,0.27696288,-0.8230371,-1.2130371,-1.1230371,-2.0230372,-2.373037,-1.7630371,-0.06303711,-0.07303711,-1.0130371,0.7369629,0.21696289,-0.5930371,-1.4430372,-1.8930371,-3.433037,-2.893037,-4.003037,-4.6830373,-4.693037
1.3069628,2.016963,1.6969628,-3.653037,-7.4730372,-7.573037,-4.583037,-5.6430373,-4.1230373,-1.5930371,-0.8930371,-1.7430371,-0.4930371,-0.4630371,-0.6630371,-2.8130372,-3.4930372,-2.683037,-3.163037,-3.213037,-3.5630372,-2.5830371,0.12696289,-2.173037,-0.5430371,1.3369629,0.056962892,-0.093037106,-2.5830371,-2.0430372,-0.19303711,-0.5130371,0.6069629,-3.153037,-0.17303711,-0.8830371,-1.5330371,-1.9630371,-2.5130372,-0.2530371,-3.113037
-0.7030371,-0.08303711,-6.7230372,-7.6830373,-8.633038,-5.423037,-4.6830373,-2.973037,-4.333037,-2.693037,-1.0530372,-2.0230372,-2.203037,-2.653037,-3.7530372,-5.243037,-5.243037,-2.7630372,-1.5330371,-0.8630371,-5.003037,-9.063037,-6.6430373,-5.093037,0.13696289,-2.653037,-1.1930372,0.10696289,-0.44303712,-0.8930371,-1.3830371,1.2169629,-0.8730371,-1.0630372,0.3269629,-0.35303712,-0.093037106,0.2269629,-1.3730371,2.316963,2.346963
-2.8430371,-4.743037,-7.103037,-7.213037,-5.613037,-4.173037,-1.923037,-4.113037,-3.0130372,-2.923037,-3.0930371,-3.0130372,-6.483037,-7.4330373,-5.8930373,-5.983037,-5.463037,-4.313037,-4.7230372,-5.903037,-7.673037,-5.003037,-2.113037,-6.6630373,-7.193037,-7.283037,-6.863037,-10.373037,-4.193037,0.8869629,-0.83303714,-3.643037,-2.703037,-3.113037,-2.7530372,-2.213037,-2.2730372,2.2569628,-0.7830371,-0.9230371,-2.0530372
-5.963037,-8.323037,-8.253037,-7.273037,-5.423037,-4.263037,-3.923037,-2.7830372,-3.433037,-3.153037,-3.7530372,-4.193037,-5.983037,-6.803037,-5.9730372,-5.9130373,-5.613037,-5.1630373,-5.6630373,-6.903037,-9.223037,-7.7030373,-7.233037,-6.043037,-6.563037,-6.773037,-8.553037,-6.593037,-4.713037,-6.033037,-5.533037,-1.4130371,-1.8030372,-0.2530371,-0.8530371,-1.1030371,-6.293037,-5.6830373,-5.2230372,-5.593037,-5.463037
-4.833037,-3.7430372,-5.003037,-4.9330373,-5.093037,-5.133037,-3.5730371,-3.643037,-3.2830372,-2.423037,-3.703037,-4.4730372,-4.803037,-5.2230372,-4.6630373,-4.1230373,-4.853037,-4.6430373,-5.103037,-4.263037,-6.063037,-4.573037,-5.193037,-5.763037,-6.173037,-6.763037,-5.8730373,-7.693037,-5.6230373,-6.033037,-6.1430373,-5.3930373,-3.233037,-2.9930372,-2.9930372,-2.863037,0.016962891,-3.0930371,-2.183037,-3.103037,-3.2630372
-3.3230371,-3.473037,-3.2830372,-3.2930372,-4.023037,-3.693037,-3.8330371,-3.673037,-3.883037,-3.8430371,-3.8430371,-4.513037,-4.053037,-3.3230371,-2.8330371,-3.5630372,-3.873037,-4.103037,-4.573037,-5.543037,-4.133037,-4.033037,-3.863037,-3.963037,-5.013037,-4.653037,-4.093037,-4.1830373,-4.9530373,-5.273037,-5.743037,-6.263037,-4.093037,-2.7930372,-2.733037,-2.353037,-1.1330371,0.8969629,-2.473037,0.6169629,1.1469629
1.2869629,2.026963,0.13696289,-2.613037,-2.8030372,-3.0530372,-3.183037,-3.5630372,-3.3130372,-3.733037,-3.603037,-3.7730372,-2.893037,-3.613037,-2.4930372,-3.2730372,-3.223037,-3.623037,-3.463037,-4.443037,-3.3230371,-4.083037,-3.3230371,-3.903037,-3.0930371,-2.0230372,-3.103037,-2.433037,-2.703037,-3.133037,-4.633037,-2.7430372,-3.973037,-3.103037,-2.5730371,-0.6730371,1.0569628,3.4469628,-0.8830371,-0.8230371,-1.7630371
-3.3030372,-3.373037,-3.123037,-3.0530372,-2.623037,-2.7830372,-2.9930372,-3.163037,-3.0330372,-2.663037,-2.7830372,-2.643037,-1.8330371,-2.413037,-2.633037,-2.3230371,-2.913037,-3.193037,-3.153037,-3.383037,-3.873037,-2.733037,-2.973037,-2.853037,-2.8130372,-2.473037,-1.5930371,-2.183037,-1.4030371,-1.6830372,-1.9830371,-1.4930371,-0.5530371,-1.1530371,-0.6930371,0.06696289,-0.44303712,-2.473037,-1.5230371,0.5269629,-3.0530372
-1.8630371,-1.8830371,-1.9130371,-1.8030372,-1.8130372,-1.9730371,-2.0630372,-2.183037,-1.6330371,-1.543037,-1.3430371,-1.5330371,-0.8130371,-1.043037,-1.673037,-1.6830372,-2.143037,-2.223037,-2.473037,-2.633037,-2.473037,-2.5830371,-2.433037,-2.443037,-2.603037,-1.9830371,-1.3130372,-0.4630371,-1.8430371,-1.7530371,-1.2230371,-1.5930371,-2.143037,-1.5830371,-0.52303714,-0.6630371,-1.2430371,-0.4930371,-3.463037,-0.83303714,-1.3730371
0.3869629,-1.4430372,-0.3730371,0.3469629,-0.3130371,-0.07303711,0.6769629,0.9469629,-0.10303711,0.24696289,0.33696288,0.8269629,0.78696287,1.2569629,0.8969629,0.9469629,0.3569629,0.11696289,-0.8830371,-1.0730371,-0.4630371,-0.1330371,0.6869629,1.3669629,1.2669629,0.66696286,-0.23303711,-0.1830371,-1.043037,-1.4430372,-2.3430371,-2.193037,-2.423037,-2.233037,-1.7730371,-0.65303713,-1.4330372,-0.6130371,-1.1230371,0.7769629,-1.5730371
0.4969629,-0.3430371,1.7469629,0.45696288,0.9469629,1.3069628,0.2569629,-0.0030371093,0.4169629,-0.4030371,-0.2130371,1.4769629,0.6069629,1.4269629,1.826963,1.826963,1.6969628,1.8769629,0.4069629,-0.8730371,-0.22303711,1.4869629,-0.2530371,-0.8630371,0.09696289,0.84696287,0.7669629,0.9469629,0.026962891,-2.233037,-1.6630371,-1.2430371,-1.2730371,-1.7630371,-1.8430371,-2.473037,-2.4930372,-1.293037,-0.6630371,-0.90303713,-0.7330371
1.0069629,1.5169629,2.4669628,2.066963,1.6069629,0.9369629,-0.2130371,0.09696289,0.16696289,-0.9330371,-0.8430371,0.4369629,0.8969629,2.346963,2.286963,2.276963,2.016963,2.016963,1.0369629,1.2669629,0.78696287,0.5869629,1.1969628,0.97696286,1.6669629,1.9169629,1.6469629,1.3469629,0.8269629,0.11696289,-0.26303712,0.1469629,-0.5430371,-0.41303712,-0.32303712,-0.6930371,-1.2830371,-1.2130371,-1.9430372,-1.2330371,-1.1030371
1.8469629,1.7169629,3.026963,2.6969628,2.106963,0.5669629,0.06696289,0.2869629,1.1269629,0.1469629,-0.9930371,-0.5430371,1.1669629,0.9869629,1.4769629,1.6669629,1.7269629,1.8869629,1.4669629,2.376963,2.4769628,2.4869628,2.9569628,2.856963,2.7469628,2.4069629,1.8069628,2.136963,1.5569628,0.9469629,0.66696286,0.66696286,0.33696288,1.0369629,0.5469629,0.48696288,0.07696289,-0.1330371,-0.7030371,0.21696289,-1.1530371
2.106963,3.6969628,4.256963,2.6869628,3.116963,2.266963,1.8469629,1.076963,1.1169629,-0.8730371,-1.0530372,-0.52303714,0.30696288,1.1169629,2.1869628,1.6269629,2.106963,2.396963,1.6369629,2.856963,2.896963,3.086963,2.826963,2.896963,2.886963,2.7369628,2.7069628,2.856963,2.6669629,2.306963,1.8569629,1.6469629,1.7269629,1.7569629,2.356963,2.126963,1.5069629,1.8169628,1.1169629,0.6869629,-0.9830371
