wind_kz.json
{"header": {"discipline":0,"disciplineName":"Meteorological products","gribEdition":2,"gribLength":1025,"center":7,"centerName":"US National Weather Service - NCEP(WMC)","subcenter":0,"refTime":"2023-09-08T18:00:00.000Z","significanceOfRT":1,"significanceOfRTName":"Start of forecast","productStatus":0,"productStatusName":"Operational products","productType":1,"productTypeName":"Forecast products","productDefinitionTemplate":0,"productDefinitionTemplateName":"Analysis/forecast at horizontal level/layer at a point in time","parameterCategory":2,"parameterCategoryName":"UnknownDiscipline_0_Category_2","parameterNumber":3,"parameterNumberName":"UnknownParameter_D0_C2_3","parameterUnit":"Unknown","genProcessType":2,"genProcessTypeName":"Forecast","forecastTime":180,"surface1Type":103,"surface1TypeName":"Specified height level above ground","surface1Value":10.0,"surface2Type":255,"surface2TypeName":"Missing","surface2Value":0.0,"gridDefinitionTemplate":0,"gridDefinitionTemplateName":"Latitude_Longitude","numberPoints":615,"shape":6,"shapeName":"Earth spherical with radius of 6,371,229.0 m","gridUnits":"degrees","resolution":48,"winds":"true","scanMode":64,"nx":41,"ny":15,"basicAngle":0,"lo1":47.0,"la1":41.0,"lo2":87.0,"la2":55.0,"dx":1.0,"dy":1.0}, "data":
[rows 0 to 14 of 15, columns 0 to 40 of 41]
-0.39068785,1.7093121,-0.5906879,-1.6406878,-2.180688,-2.390688,1.2493122,2.119312,3.2693121,6.5393124,6.969312,5.999312,4.1593122,2.389312,0.76931214,-1.3806878,-2.660688,-3.0006878,-4.810688,-3.7506878,-2.8306878,-3.5306878,0.52931213,1.9593121,3.119312,4.339312,-0.35068786,1.3193121,-1.4406879,-0.50068784,2.7593122,1.9893122,-4.200688,-2.190688,-1.8706878,1.7993121,1.7893121,1.0393121,1.7793121,0.39931214,0.68931216
1.8293121,-0.23068787,0.15931213,-1.1106879,-1.0806879,-1.2006879,1.2793121,2.149312,3.849312,5.669312,5.3293123,4.429312,4.009312,3.069312,1.7393122,0.57931215,0.25931212,-1.4706879,-3.200688,-5.560688,-3.940688,-4.820688,-1.6606879,-0.26068786,4.149312,3.9393122,3.6793122,3.619312,-0.7106879,3.2693121,-1.0206878,1.9593121,1.9993122,2.099312,2.9893122,2.329312,0.9893121,5.459312,1.0793121,0.51931214,-0.60068786
1.7293122,2.2493122,-0.8406879,-1.8606879,-1.4306879,3.0293121,2.869312,3.2293122,5.4093122,5.1593122,4.189312,3.7293122,3.4193122,3.109312,2.0193121,1.5493121,0.5393121,-0.23068787,-2.0806878,-5.160688,-6.6706877,-0.86068785,-5.8606877,-1.4606879,-2.180688,-1.8406879,-2.620688,-3.0106878,-1.3106879,-2.8406878,-1.7306879,-0.39068785,-3.900688,0.9093121,0.33931214,-2.5206878,-1.6106879,2.9393122,-0.35068786,1.9493121,0.8593121
1.5493121,1.2193122,-1.8706878,-3.0506878,0.94931215,3.639312,4.6193123,4.8293123,4.959312,4.4093122,3.309312,2.9793122,2.2893121,2.7393122,3.2793121,2.5093122,0.45931214,-0.080687866,-1.4106879,-3.7106879,-5.320688,-4.100688,-2.950688,-2.3106878,-3.2506878,-3.5206878,-2.5606878,-1.6006879,-0.22068787,-2.680688,-4.770688,-2.180688,1.6093122,0.6193121,-0.020687867,1.7893121,3.139312,2.1693122,-3.940688,-1.9606879,-1.7306879
2.0293121,1.0993122,-1.3106879,-3.8006878,-3.890688,3.1893122,5.179312,7.049312,5.279312,3.4493122,4.2893124,4.3493123,2.809312,2.7693121,2.0193121,1.9193121,1.3093121,0.16931213,-1.0606879,-1.1306878,-0.61068785,-1.1706879,-3.170688,-2.880688,-0.8806879,-0.5106879,0.6593121,-0.6306879,0.49931213,-2.2906878,-4.200688,-4.530688,-1.7206879,-0.10068787,0.95931214,2.4693122,2.7193122,-0.53068787,-1.9006878,-2.2306879,-1.6806879
0.32931215,1.1493121,-0.40068787,-2.180688,-3.4806879,3.0393121,1.6493121,0.56931216,-0.11068787,1.6293122,3.9093122,4.459312,3.2293122,0.95931214,0.39931214,0.059312135,-0.22068787,-0.97068787,-0.33068788,0.31931213,0.24931213,-0.46068788,-1.7206879,-2.2306879,1.4293121,1.6993121,2.129312,-0.68068784,-0.39068785,-1.3706878,-2.2306879,-2.7106879,-3.670688,-2.360688,-2.640688,-4.080688,-3.2306879,-2.5006878,-0.55068785,-0.66068786,0.7293121
0.019312134,2.2593122,1.4193121,-0.29068786,1.8793122,2.4693122,1.3193121,2.859312,2.9493122,2.859312,3.599312,2.339312,0.93931216,-1.1206878,-0.56068784,-1.6006879,-1.4906878,-1.3506879,-0.080687866,0.27931213,0.19931214,-0.73068786,-0.73068786,0.29931214,0.58931214,2.1593122,0.30931213,0.34931213,1.0093122,-0.74068785,-1.2006879,-1.1106879,-1.3906878,-1.5606879,-0.8206879,0.19931214,1.8693122,3.9593122,-0.030687867,3.609312,0.9093121
-0.6406879,1.5493121,-1.2806878,-1.1906879,2.809312,3.2193122,3.149312,4.759312,2.6893122,4.0393124,2.6793122,1.1193122,0.8493121,-0.60068786,-0.78068787,-2.2106879,-2.0406878,-1.3806878,1.0093122,1.1393121,0.14931214,1.4693122,1.3293121,1.0693121,1.4893122,3.1893122,1.4893122,1.1193122,-0.14068787,0.07931213,1.0193121,0.17931214,-1.3106879,0.34931213,-0.14068787,-0.80068785,-2.930688,-2.9606879,-0.8206879,1.5893121,3.0193121
0.88931215,0.039312135,0.35931215,-1.3506879,0.64931214,1.3093121,3.2893121,3.0393121,1.4593121,1.5593121,-0.32068786,-1.2806878,-1.7206879,-2.0506878,-2.880688,-4.270688,-2.650688,-0.8406879,0.9793121,0.29931214,1.4493121,1.5093122,1.7993121,1.1493121,2.0293121,1.7493122,2.5193121,2.2893121,0.76931214,-0.60068786,0.13931213,-0.080687866,-0.42068785,-1.4906878,-2.670688,-3.8106878,3.359312,3.4893122,6.219312,3.1993122,2.6793122
0.34931213,-0.15068787,1.1093122,-1.4706879,0.30931213,1.8193121,2.2893121,1.9393121,0.9193121,0.059312135,-1.0806879,-1.7206879,-2.5806878,-1.8506879,-2.430688,-3.9806879,-3.890688,-2.950688,-0.33068788,1.3993121,-0.6306879,2.099312,-0.85068786,1.2693121,2.589312,3.0193121,2.849312,2.1993122,2.649312,2.0093122,-0.07068787,-0.45068786,-0.54068786,-1.1906879,-2.2606878,-1.8306879,-2.2306879,2.2193122,1.5793121,1.3893121,0.9893121
-1.4906878,-1.0506879,0.8593121,0.44931212,0.16931213,-0.80068785,0.18931213,0.46931213,-0.7706879,-0.47068787,-0.45068786,-0.86068785,-2.150688,-2.170688,-3.0006878,-4.000688,-3.4706879,-4.390688,-3.4606879,-3.0706878,-0.73068786,-0.50068784,-0.27068788,0.099312134,0.26931214,0.7993121,3.0393121,2.799312,2.2893121,1.0393121,0.87931216,0.20931214,-0.54068786,-1.1706879,-0.9606879,0.14931214,1.4793122,0.34931213,3.1693122,1.3793122,0.6793121
-0.99068785,-1.7006879,-0.8406879,-0.8206879,-0.27068788,-0.39068785,-1.1606879,-0.54068786,-0.22068787,1.3893121,-6.8786624E-4,-0.17068787,-1.3006879,-2.8306878,-2.2806878,-3.110688,-2.7406878,-2.420688,-2.190688,-2.600688,-0.8906879,-0.92068785,-0.17068787,1.4593121,2.5393121,1.6893121,2.5393121,2.139312,1.3993121,1.5993122,1.2793121,0.44931212,-1.0406879,-1.8806878,-2.2806878,1.2593122,-0.49068788,-2.0806878,-2.430688,-1.6106879,-1.0906879
-0.98068786,-1.3106879,-0.8306879,-0.6406879,-0.98068786,0.57931215,-0.85068786,-1.5106878,-0.020687867,2.7893121,0.7993121,0.7993121,-1.7306879,-0.54068786,-2.150688,-2.440688,-2.7506878,-3.3006878,-4.160688,-3.3206878,-2.7106879,-1.0206878,-0.78068787,0.39931214,1.1393121,1.8293121,1.8693122,1.7693121,1.4893122,1.3793122,1.9993122,1.0693121,-0.98068786,0.35931215,-1.3906878,-1.5906879,-0.98068786,-0.8906879,-0.19068787,-0.40068787,-0.18068786
-0.9406879,-1.0006878,0.15931213,-0.5806879,-0.61068785,-1.1106879,-1.6906879,-0.8806879,-0.60068786,1.3493122,0.7893121,0.6593121,-0.9406879,-0.6906879,-1.2206879,-1.4506879,-2.700688,-3.0206878,-3.410688,-3.420688,-3.0706878,-1.5006878,0.10931213,0.32931215,-0.48068786,0.009312134,0.38931215,0.74931216,0.26931214,-0.80068785,-1.8906878,-2.880688,-0.8806879,0.18931213,0.81931216,0.25931212,-0.7006879,0.029312134,1.2893121,1.1593121,1.1993121
-0.9006879,-0.060687866,-1.1106879,-0.74068785,-1.8006879,-1.5906879,-1.8606879,-1.2106879,-0.5106879,0.32931215,-0.18068786,0.049312133,1.1393121,-0.09068786,-0.30068788,-1.1606879,-2.5806878,-2.200688,-2.390688,-2.650688,-1.8406879,-1.1706879,-1.1406878,-1.0906879,-0.9006879,-1.1306878,-0.120687865,-2.0506878,-1.9006878,-1.2906879,-2.2606878,-2.5406878,-1.2106879,-0.72068787,-0.5206879,-1.1606879,-1.5706879,-1.6606879,-0.18068786,0.34931213,0.22931214
