wind_kz.json
{"header": {"discipline":0,"disciplineName":"Meteorological products","gribEdition":2,"gribLength":948,"center":7,"centerName":"US National Weather Service - NCEP(WMC)","subcenter":0,"refTime":"2023-08-26T18:00:00.000Z","significanceOfRT":1,"significanceOfRTName":"Start of forecast","productStatus":0,"productStatusName":"Operational products","productType":1,"productTypeName":"Forecast products","productDefinitionTemplate":0,"productDefinitionTemplateName":"Analysis/forecast at horizontal level/layer at a point in time","parameterCategory":0,"parameterCategoryName":"UnknownDiscipline_0_Category_0","parameterNumber":0,"parameterNumberName":"UnknownParameter_D0_C0_0","parameterUnit":"Unknown","genProcessType":2,"genProcessTypeName":"Forecast","forecastTime":180,"surface1Type":1,"surface1TypeName":"Ground or water surface","surface1Value":0.0,"surface2Type":255,"surface2TypeName":"Missing","surface2Value":0.0,"gridDefinitionTemplate":0,"gridDefinitionTemplateName":"Latitude_Longitude","numberPoints":615,"shape":6,"shapeName":"Earth spherical with radius of 6,371,229.0 m","gridUnits":"degrees","resolution":48,"winds":"true","scanMode":64,"nx":41,"ny":15,"basicAngle":0,"lo1":47.0,"la1":41.0,"lo2":87.0,"la2":55.0,"dx":1.0,"dy":1.0}, "data":
[rows 0 to 14 of 15, columns 0 to 40 of 41]
308.92218,296.32217,303.52216,298.72217,298.52216,297.52216,307.72217,312.92218,309.02216,309.92218,308.82217,309.72217,309.72217,310.32217,311.02216,311.42218,310.62216,309.32217,313.12216,311.72217,313.32217,310.72217,310.42218,310.12216,311.72217,309.52216,307.82217,300.52216,298.52216,296.12216,292.82217,292.12216,310.02216,318.82217,320.42218,320.12216,319.02216,316.62216,320.92218,325.32217,320.32217
292.92218,304.22217,298.82217,299.02216,298.72217,297.32217,313.82217,309.72217,308.52216,308.62216,309.72217,309.12216,309.42218,307.92218,309.62216,310.52216,311.52216,312.52216,312.12216,314.62216,314.52216,309.22217,306.92218,301.12216,295.02216,294.92218,303.32217,302.92218,300.32217,292.42218,295.02216,291.72217,298.82217,271.82217,297.22217,316.92218,315.52216,313.72217,320.72217,313.52216,284.82217
307.32217,298.22217,299.22217,299.12216,297.52216,308.12216,307.32217,308.32217,307.12216,306.92218,307.72217,309.12216,308.72217,309.42218,309.62216,311.22217,309.82217,310.72217,311.92218,312.02216,316.72217,310.42218,306.42218,300.02216,307.82217,306.42218,308.12216,307.42218,306.32217,297.32217,292.92218,288.62216,295.52216,291.62216,291.02216,290.72217,280.52216,283.52216,284.32217,293.52216,287.42218
307.72217,298.42218,298.82217,298.22217,298.62216,307.02216,306.82217,308.22217,307.82217,307.82217,308.42218,307.42218,294.82217,294.12216,309.62216,309.92218,308.52216,311.12216,311.32217,312.32217,307.82217,303.82217,310.52216,309.02216,307.82217,309.32217,310.82217,310.82217,312.22217,310.92218,310.12216,309.32217,310.52216,313.02216,310.42218,302.12216,284.12216,280.52216,281.22217,287.82217,289.32217
309.02216,297.82217,298.22217,297.92218,302.72217,306.82217,308.12216,310.42218,308.52216,308.32217,309.62216,309.12216,294.82217,293.42218,291.32217,308.92218,309.32217,306.92218,307.42218,307.22217,308.62216,311.22217,313.12216,310.92218,313.62216,314.12216,312.02216,305.82217,310.12216,311.02216,311.02216,308.92218,294.22217,288.72217,297.92218,307.52216,305.42218,311.42218,311.52216,300.82217,292.02216
308.82217,308.02216,295.82217,296.22217,297.32217,296.62216,310.42218,306.82217,307.32217,307.12216,306.92218,307.22217,296.02216,294.22217,301.92218,307.42218,307.72217,309.52216,309.32217,309.22217,309.32217,307.62216,308.42218,310.52216,310.92218,310.62216,314.02216,293.02216,307.42218,308.32217,311.32217,308.02216,305.92218,306.82217,302.62216,303.72217,294.02216,297.62216,311.22217,311.32217,297.32217
307.12216,308.52216,309.32217,308.72217,304.72217,309.52216,310.82217,306.82217,306.42218,306.12216,308.02216,305.72217,306.42218,307.32217,309.82217,307.02216,308.32217,308.72217,310.62216,308.92218,309.12216,307.52216,300.02216,306.82217,303.42218,304.82217,308.02216,309.12216,310.02216,311.32217,309.02216,308.42218,308.82217,305.82217,304.12216,300.22217,293.32217,297.22217,292.72217,282.12216,298.82217
306.52216,307.92218,307.12216,307.02216,307.02216,307.02216,309.12216,307.52216,306.82217,307.32217,308.32217,306.52216,309.72217,306.62216,307.32217,305.72217,306.32217,304.12216,304.52216,294.62216,301.42218,306.42218,296.92218,291.52216,296.62216,301.22217,299.72217,302.62216,302.82217,304.72217,303.62216,305.12216,302.82217,300.92218,300.12216,303.42218,295.72217,289.52216,303.92218,305.32217,304.32217
306.12216,307.22217,306.72217,307.82217,306.12216,307.92218,308.52216,308.42218,307.62216,307.02216,306.32217,306.72217,307.02216,308.02216,306.72217,307.12216,305.22217,306.02216,303.12216,302.32217,301.42218,292.72217,293.72217,293.92218,300.12216,301.52216,298.12216,297.72217,297.12216,294.22217,294.72217,291.32217,293.42218,292.62216,297.32217,293.72217,296.02216,296.82217,281.62216,285.82217,280.02216
307.82217,306.82217,307.62216,307.72217,308.02216,307.92218,307.72217,306.92218,305.82217,306.22217,304.82217,304.72217,306.32217,305.22217,304.42218,304.82217,304.72217,305.82217,305.12216,301.62216,293.82217,300.32217,293.92218,293.52216,301.32217,299.52216,300.02216,297.82217,296.42218,294.22217,288.22217,290.02216,292.82217,293.82217,288.22217,290.72217,285.82217,282.92218,280.72217,280.82217,284.62216
305.12216,305.42218,305.42218,304.52216,305.82217,305.62216,306.02216,305.22217,303.22217,302.42218,300.62216,302.12216,304.72217,303.12216,302.92218,304.12216,304.22217,304.52216,304.72217,302.32217,301.82217,296.32217,294.32217,297.92218,297.42218,297.22217,293.92218,297.02216,295.82217,289.72217,287.82217,288.92218,286.02216,284.42218,285.32217,287.82217,280.42218,284.22217,288.02216,281.92218,280.72217
304.62216,305.22217,305.82217,304.92218,304.32217,303.22217,302.12216,302.82217,301.62216,299.92218,298.82217,299.42218,300.12216,297.22217,297.82217,301.32217,301.02216,300.92218,301.92218,295.02216,296.42218,295.52216,287.72217,295.72217,294.32217,296.02216,295.82217,296.72217,290.72217,289.62216,288.62216,292.02216,291.92218,286.62216,283.82217,284.92218,290.92218,289.12216,288.02216,290.72217,283.12216
300.52216,303.72217,304.62216,304.82217,302.92218,301.72217,302.62216,302.72217,300.62216,298.42218,294.52216,294.82217,298.02216,297.62216,297.22217,298.12216,300.72217,299.32217,298.82217,296.12216,293.12216,291.82217,287.72217,293.42218,294.32217,295.32217,297.12216,295.62216,292.92218,287.22217,293.62216,289.32217,290.92218,292.72217,290.42218,284.42218,287.02216,287.82217,289.32217,289.52216,285.72217
302.52216,303.42218,296.52216,303.22217,303.02216,302.22217,300.32217,299.12216,300.32217,299.42218,294.42218,291.82217,294.12216,297.52216,296.82217,298.82217,299.12216,297.42218,297.22217,297.12216,296.62216,292.32217,294.32217,294.82217,294.12216,295.12216,294.42218,294.62216,294.42218,290.22217,290.22217,287.32217,287.42218,287.12216,290.12216,288.22217,285.02216,288.82217,286.82217,284.42218,284.72217
297.52216,303.12216,290.62216,302.42218,302.92218,300.82217,300.32217,299.82217,301.22217,301.02216,295.22217,294.12216,293.12216,294.22217,294.22217,296.42218,297.52216,296.92218,299.22217,296.22217,296.62216,293.52216,295.82217,293.22217,291.62216,291.42218,292.62216,292.42218,294.02216,293.72217,291.22217,286.32217,287.92218,290.62216,293.92218,290.42218,292.02216,287.42218,287.92218,285.52216,283.82217
