wind_kz.json
{"header": {"discipline":0,"disciplineName":"Meteorological products","gribEdition":2,"gribLength":871,"center":7,"centerName":"US National Weather Service - NCEP(WMC)","subcenter":0,"refTime":"2023-08-20T12:00:00.000Z","significanceOfRT":1,"significanceOfRTName":"Start of forecast","productStatus":0,"productStatusName":"Operational products","productType":1,"productTypeName":"Forecast products","productDefinitionTemplate":0,"productDefinitionTemplateName":"Analysis/forecast at horizontal level/layer at a point in time","parameterCategory":0,"parameterCategoryName":"UnknownDiscipline_0_Category_0","parameterNumber":0,"parameterNumberName":"UnknownParameter_D0_C0_0","parameterUnit":"Unknown","genProcessType":2,"genProcessTypeName":"Forecast","forecastTime":300,"surface1Type":1,"surface1TypeName":"Ground or water surface","surface1Value":0.0,"surface2Type":255,"surface2TypeName":"Missing","surface2Value":0.0,"gridDefinitionTemplate":0,"gridDefinitionTemplateName":"Latitude_Longitude","numberPoints":615,"shape":6,"shapeName":"Earth spherical with radius of 6,371,229.0 m","gridUnits":"degrees","resolution":48,"winds":"true","scanMode":64,"nx":41,"ny":15,"basicAngle":0,"lo1":47.0,"la1":41.0,"lo2":87.0,"la2":55.0,"dx":1.0,"dy":1.0}, "data":
[rows 0 to 14 of 15, columns 0 to 40 of 41]
294.16907,286.86908,291.16907,298.76907,298.56906,297.36908,298.16907,299.36908,298.26907,296.86908,296.16907,298.26907,297.96906,298.16907,297.46906,294.86908,294.86908,293.26907,292.26907,293.06906,293.86908,291.76907,289.36908,287.56906,290.16907,292.46906,291.36908,277.06906,279.06906,278.56906,279.76907,280.36908,288.76907,296.76907,296.86908,296.86908,295.36908,296.66907,296.46906,296.66907,296.36908
277.06906,291.96906,298.56906,298.66907,298.46906,297.16907,298.76907,297.66907,295.76907,295.76907,296.46906,296.16907,295.86908,294.86908,294.66907,293.76907,293.16907,293.86908,292.96906,292.66907,292.86908,293.56906,291.16907,287.36908,276.16907,276.86908,285.76907,277.06906,279.36908,276.66907,282.56906,273.66907,280.96906,265.06906,278.86908,294.06906,292.26907,294.16907,298.66907,290.36908,283.96906
294.46906,298.46906,298.96906,298.76907,296.96906,296.26907,296.86908,295.46906,295.16907,294.26907,293.86908,295.06906,293.86908,294.26907,294.06906,292.96906,291.76907,291.76907,291.86908,292.86908,294.36908,295.86908,295.96906,287.56906,288.56906,288.76907,289.86908,289.66907,289.36908,282.86908,275.76907,278.06906,283.46906,282.86908,284.26907,285.36908,275.56906,278.26907,278.96906,275.66907,275.66907
294.66907,299.06906,298.66907,297.56906,296.36908,299.66907,296.86908,296.16907,295.26907,294.26907,293.76907,293.66907,294.96906,294.26907,293.26907,292.66907,292.96906,292.16907,292.46906,293.76907,293.86908,288.46906,292.16907,293.26907,292.36908,292.06906,291.96906,289.96906,285.96906,286.86908,287.86908,288.86908,291.86908,288.56906,286.96906,284.86908,276.86908,276.16907,281.46906,289.06906,291.46906
295.16907,298.36908,298.36908,297.86908,297.66907,299.06906,300.06906,297.46906,296.16907,295.66907,294.66907,293.16907,294.86908,293.46906,291.26907,293.06906,292.46906,291.56906,291.76907,293.56906,293.86908,293.66907,293.16907,293.16907,292.26907,291.46906,288.66907,290.56906,286.46906,287.36908,288.56906,283.56906,280.56906,272.16907,282.66907,290.96906,292.26907,293.76907,293.86908,294.26907,293.36908
293.86908,292.76907,296.86908,297.16907,297.76907,297.26907,298.06906,297.56906,296.96906,296.16907,295.46906,294.96906,294.26907,294.36908,293.36908,292.36908,292.36908,291.06906,291.66907,292.56906,292.66907,292.86908,291.16907,291.96906,290.36908,288.66907,288.16907,292.86908,288.66907,288.66907,286.46906,287.86908,285.66907,282.46906,284.76907,287.86908,282.96906,284.46906,290.56906,291.06906,290.76907
292.86908,292.56906,298.76907,299.76907,297.36908,297.86908,297.76907,296.76907,296.56906,296.96906,295.26907,294.36908,293.86908,293.46906,292.96906,293.56906,292.86908,291.66907,290.76907,290.36908,289.86908,291.06906,291.76907,291.76907,289.76907,288.56906,286.96906,287.26907,286.66907,286.06906,285.56906,285.16907,285.46906,287.46906,286.06906,285.26907,282.96906,279.36908,275.66907,277.26907,286.66907
294.76907,294.36908,297.96906,298.56906,299.36908,297.46906,300.46906,298.46906,298.26907,295.96906,295.56906,295.36908,293.96906,294.36908,293.96906,293.96906,293.06906,292.26907,290.46906,287.96906,287.46906,288.06906,288.46906,288.86908,287.96906,284.86908,284.36908,283.96906,282.36908,283.56906,282.56906,283.06906,282.46906,280.16907,278.26907,281.06906,283.36908,289.26907,284.26907,284.86908,278.36908
291.66907,293.86908,294.76907,297.36908,297.76907,297.56906,296.86908,296.86908,295.56906,296.16907,296.16907,295.96906,293.16907,294.16907,293.76907,293.96906,292.86908,291.76907,290.16907,288.26907,285.86908,285.06906,285.56906,285.76907,284.66907,284.46906,280.36908,279.96906,277.56906,277.16907,279.26907,279.96906,280.16907,281.56906,280.16907,276.96906,280.36908,279.56906,272.26907,272.86908,272.46906
288.56906,290.16907,292.76907,295.06906,295.26907,295.36908,294.96906,294.16907,294.76907,293.26907,294.06906,294.16907,294.76907,293.86908,293.66907,292.66907,292.16907,290.66907,290.06906,288.96906,286.66907,286.26907,285.96906,285.46906,284.76907,283.06906,281.86908,281.16907,280.26907,279.26907,278.66907,281.46906,282.46906,281.96906,280.66907,278.46906,277.16907,276.86908,272.76907,272.16907,274.96906
287.76907,287.76907,287.66907,288.86908,290.06906,292.06906,293.06906,291.36908,292.06906,292.56906,292.76907,293.26907,292.56906,292.96906,293.46906,294.56906,293.56906,291.76907,290.66907,289.06906,288.36908,286.86908,285.36908,284.76907,283.96906,283.66907,281.16907,282.56906,282.26907,282.96906,283.96906,283.46906,282.26907,281.96906,280.56906,278.96906,275.76907,272.46906,270.66907,273.66907,272.46906
285.86908,287.26907,287.16907,287.16907,286.96906,286.96906,287.16907,288.56906,290.06906,290.16907,291.26907,291.56906,293.36908,293.36908,293.06906,292.86908,294.66907,295.06906,293.26907,291.76907,288.26907,286.96906,286.16907,285.76907,285.16907,285.06906,284.86908,285.86908,285.66907,284.96906,283.36908,283.66907,283.26907,280.36908,281.36908,281.16907,279.86908,278.26907,278.76907,279.56906,279.06906
284.96906,284.56906,286.46906,285.56906,286.36908,286.06906,285.16907,285.16907,285.36908,285.76907,285.26907,285.06906,290.66907,290.06906,290.86908,291.26907,293.06906,292.96906,292.36908,292.66907,290.66907,288.46906,286.66907,285.86908,286.96906,286.66907,287.06906,285.76907,285.26907,284.06906,283.86908,283.56906,282.56906,281.56906,281.16907,280.66907,280.66907,282.06906,280.46906,279.26907,278.96906
284.26907,285.66907,288.16907,285.76907,285.36908,284.76907,284.46906,284.66907,283.76907,283.76907,283.96906,282.56906,282.56906,288.86908,289.36908,289.56906,289.56906,287.26907,289.36908,291.46906,291.56906,293.16907,290.76907,288.96906,288.16907,287.46906,285.66907,285.66907,284.46906,284.06906,283.56906,282.66907,282.16907,281.66907,281.56906,280.16907,280.06906,279.96906,283.46906,282.16907,282.76907
284.56906,286.26907,290.26907,285.96906,285.86908,284.26907,284.66907,283.36908,283.86908,282.56906,283.26907,282.96906,283.36908,283.26907,284.86908,285.86908,285.86908,286.76907,289.16907,286.86908,286.96906,289.66907,291.26907,289.36908,287.86908,286.86908,286.96906,285.56906,284.76907,283.66907,283.36908,283.16907,284.46906,281.06906,281.46906,283.66907,282.06906,280.06906,280.66907,282.56906,282.46906
