wind_kz.json
{"header": {"discipline":0,"disciplineName":"Meteorological products","gribEdition":2,"gribLength":1025,"center":7,"centerName":"US National Weather Service - NCEP(WMC)","subcenter":0,"refTime":"2024-02-02T12:00:00.000Z","significanceOfRT":1,"significanceOfRTName":"Start of forecast","productStatus":0,"productStatusName":"Operational products","productType":1,"productTypeName":"Forecast products","productDefinitionTemplate":0,"productDefinitionTemplateName":"Analysis/forecast at horizontal level/layer at a point in time","parameterCategory":2,"parameterCategoryName":"UnknownDiscipline_0_Category_2","parameterNumber":2,"parameterNumberName":"UnknownParameter_D0_C2_2","parameterUnit":"Unknown","genProcessType":2,"genProcessTypeName":"Forecast","forecastTime":0,"surface1Type":103,"surface1TypeName":"Specified height level above ground","surface1Value":10.0,"surface2Type":255,"surface2TypeName":"Missing","surface2Value":0.0,"gridDefinitionTemplate":0,"gridDefinitionTemplateName":"Latitude_Longitude","numberPoints":615,"shape":6,"shapeName":"Earth spherical with radius of 6,371,229.0 m","gridUnits":"degrees","resolution":48,"winds":"true","scanMode":64,"nx":41,"ny":15,"basicAngle":0,"lo1":47.0,"la1":41.0,"lo2":87.0,"la2":55.0,"dx":1.0,"dy":1.0}, "data":
[rows 0 to 14 of 15, columns 0 to 40 of 41]
3.1002522,1.110252,-1.9597479,-0.7597479,1.200252,-0.23974793,0.28025207,-3.6697478,-5.709748,-5.579748,-6.199748,-5.7697477,-4.839748,-5.049748,-5.659748,-5.689748,-5.3097477,-7.139748,-7.979748,-8.779748,-6.199748,-3.219748,-1.419748,-2.289748,-2.6797478,-0.2697479,-1.789748,-1.279748,1.2602521,0.7802521,-1.5697479,2.730252,-0.60974795,-0.18974793,0.8402521,-0.37974793,1.590252,1.1802521,-0.27974793,-2.079748,-0.059747923
-0.4897479,-1.8597479,0.13025208,2.000252,2.910252,1.4002521,-0.8797479,-0.6397479,-2.6697478,-3.719748,-4.699748,-4.209748,-3.339748,-4.459748,-4.149748,-4.859748,-4.859748,-6.209748,-5.469748,-5.159748,-5.429748,-5.079748,-2.599748,-3.559748,0.24025208,-0.069747925,-1.7197479,0.050252076,-2.739748,-0.7697479,0.19025208,-0.2997479,2.750252,-2.479748,0.9802521,1.340252,-0.069747925,-0.5697479,-1.4597479,0.94025207,-1.159748
-0.5997479,1.710252,3.3802521,3.040252,2.220252,-1.1097479,-0.66974795,-0.6897479,-1.139748,-1.889748,-0.99974793,-1.5597479,-1.9497479,-3.359748,-3.359748,-3.299748,-3.449748,-3.729748,-3.9397478,-3.979748,-3.9097478,-3.979748,-2.809748,-2.599748,-3.259748,-3.1897478,-3.319748,-1.5697479,-0.23974793,-0.9397479,0.08025207,1.080252,0.52025205,-0.66974795,-0.36974794,-0.039747924,1.1702521,-0.07974792,1.6602521,-0.60974795,-1.5697479
2.730252,4.310252,4.880252,4.740252,3.1202521,1.600252,2.250252,1.7502521,1.360252,1.4302521,0.76025206,0.58025205,0.57025206,-0.74974793,-2.009748,-2.099748,-2.9197478,-3.069748,-3.209748,-3.359748,-3.1197479,-1.9297479,-2.9097478,-4.179748,-3.459748,-2.509748,-2.329748,-2.209748,-1.019748,-0.61974794,-1.1897479,-1.0697479,1.220252,-2.839748,-1.5697479,-0.7097479,-0.099747926,2.030252,0.6002521,1.8802521,-0.5897479
4.510252,3.8102522,3.660252,3.710252,4.420252,3.790252,2.010252,3.720252,2.8802521,1.4402521,1.840252,2.970252,4.4602523,3.910252,1.5202521,-0.72974795,-1.049748,-1.5797479,-1.509748,-1.4697479,-2.239748,-3.959748,-4.049748,-3.719748,-3.049748,-2.6397479,-0.8897479,0.30025208,0.9802521,1.4202521,0.77025205,1.090252,-1.539748,1.3002521,-0.46974793,-1.3097479,-1.509748,-1.7297479,-1.0697479,-0.5297479,-0.46974793
5.910252,5.170252,3.750252,4.070252,3.710252,4.0002522,5.120252,4.290252,3.240252,3.150252,2.550252,2.490252,5.450252,6.160252,2.770252,0.75025207,0.14025207,-0.19974792,-0.30974793,-0.92974794,-0.9497479,-1.269748,-1.149748,-1.289748,-0.66974795,-0.049747925,1.5302521,1.2502521,1.360252,1.480252,2.1302521,2.6002522,2.050252,0.33025208,0.70025206,-0.66974795,0.21025208,3.1302521,-1.039748,0.14025207,1.2502521
5.970252,5.7302523,5.570252,5.430252,4.110252,4.9802523,5.180252,5.110252,5.360252,4.470252,3.800252,3.390252,2.8702521,4.290252,3.930252,2.3402522,1.5302521,1.5502521,0.5302521,-0.21974793,0.9102521,-0.4897479,-0.78974795,-0.25974792,-0.33974794,-0.14974792,2.230252,1.980252,1.610252,1.7802521,0.5502521,2.1102521,2.1102521,0.8102521,-0.08974793,-2.4297478,-1.6297479,2.6002522,1.490252,-0.28974792,0.23025207
6.080252,5.9802523,5.2502522,5.630252,5.650252,5.570252,5.510252,4.820252,5.530252,5.780252,5.410252,4.890252,3.400252,4.4402523,4.490252,4.430252,2.960252,1.470252,0.24025208,-0.17974792,0.9002521,0.12025207,0.38025206,0.27025208,0.71025205,0.9202521,2.800252,0.38025206,1.4202521,1.220252,2.200252,2.8202522,0.6202521,3.040252,4.340252,1.360252,-0.5797479,-3.699748,-3.329748,-1.8597479,-0.34974793
5.140252,7.700252,5.990252,5.420252,6.640252,5.2302523,5.400252,5.590252,4.720252,5.140252,5.290252,5.700252,5.370252,3.140252,3.910252,3.990252,2.520252,0.44025207,0.37025207,0.88025206,2.930252,2.470252,2.040252,1.5002521,3.1202521,2.510252,3.300252,2.660252,2.430252,0.47025207,3.6302521,3.480252,8.420252,3.550252,2.740252,0.57025206,-0.059747923,-0.31974792,0.40025207,0.88025206,1.4002521
6.070252,5.640252,5.060252,5.160252,4.800252,4.330252,4.810252,4.820252,3.6102521,4.090252,4.7102523,4.880252,3.3102522,1.5602521,2.3602521,1.9202521,1.240252,0.5402521,-0.38974792,0.14025207,3.8202522,3.210252,1.7502521,2.0802522,3.000252,3.530252,4.280252,5.170252,4.950252,6.610252,4.490252,6.200252,4.9402523,5.2302523,2.8702521,3.150252,-2.029748,-1.0897479,-0.07974792,1.5002521,0.6102521
4.950252,5.110252,4.7302523,4.150252,3.8102522,3.950252,3.280252,2.720252,2.170252,2.690252,2.900252,2.6302521,-0.4897479,1.1902521,1.200252,-0.35974792,-0.18974793,-0.23974793,-0.8197479,0.9202521,2.1202521,1.960252,0.8102521,2.1102521,3.280252,3.8802521,5.550252,5.700252,6.420252,7.020252,7.270252,5.860252,5.060252,3.540252,3.6102521,3.6302521,1.840252,0.31025207,-1.4697479,1.340252,-0.7797479
4.590252,4.2302523,4.090252,3.450252,2.230252,1.8002521,1.5402521,0.7902521,0.33025208,0.09025207,-0.79974794,-1.399748,-0.85974795,-0.4897479,-0.6597479,-0.5697479,-0.47974792,-1.2497479,-1.0997479,0.10025208,0.75025207,0.6102521,1.2802521,2.8102522,3.8802521,4.4602523,5.350252,6.170252,6.160252,6.450252,5.920252,3.740252,2.6302521,3.0602522,1.8802521,4.680252,5.260252,1.950252,-1.6897479,-1.169748,-0.6297479
3.780252,3.540252,2.8802521,1.830252,0.8702521,0.70025206,0.16025208,-0.5697479,-2.219748,-2.209748,-1.009748,-0.99974793,-0.8497479,-0.60974795,-1.139748,-1.6897479,-1.6797479,-1.4497479,-0.5097479,-0.8797479,-0.19974792,0.83025205,1.7902521,2.300252,2.700252,1.200252,1.7602521,3.1202521,4.300252,3.660252,2.920252,1.5002521,1.5102521,1.1802521,3.740252,4.860252,1.340252,-0.049747925,-1.4297479,-0.8797479,0.18025208
4.550252,3.050252,1.7802521,1.2502521,-0.28974792,0.10025208,-0.5797479,-0.8397479,-1.299748,-1.509748,-1.1297479,-0.9597479,-0.5697479,-0.5097479,-1.2097479,-1.539748,-1.4997479,-1.3697479,-1.8097479,-1.6297479,-0.5897479,0.35025206,0.2602521,-0.029747926,0.4502521,1.450252,2.3502522,2.450252,2.700252,2.170252,2.680252,0.5302521,0.5402521,0.9202521,1.360252,-1.2197479,-1.9997479,-1.7297479,-1.5797479,0.70025206,-0.069747925
2.910252,3.3202522,1.580252,0.25025207,0.23025207,-0.32974792,-0.99974793,-1.419748,-1.8697479,-1.9297479,-0.6897479,-1.2397479,-0.6297479,-0.66974795,-1.3197479,-1.3497479,-2.329748,-2.699748,-1.9997479,-1.7297479,-0.92974794,-0.7097479,-0.97974795,-0.39974794,0.70025206,1.0402521,1.230252,1.1802521,1.0702521,0.88025206,0.5902521,-1.2397479,-2.039748,-2.779748,-2.199748,-1.7297479,-1.649748,-2.039748,-2.099748,0.32025206,1.0702521
