wind_kz.json
{"header": {"discipline":0,"disciplineName":"Meteorological products","gribEdition":2,"gribLength":871,"center":7,"centerName":"US National Weather Service - NCEP(WMC)","subcenter":0,"refTime":"2023-08-18T06:00:00.000Z","significanceOfRT":1,"significanceOfRTName":"Start of forecast","productStatus":0,"productStatusName":"Operational products","productType":1,"productTypeName":"Forecast products","productDefinitionTemplate":0,"productDefinitionTemplateName":"Analysis/forecast at horizontal level/layer at a point in time","parameterCategory":0,"parameterCategoryName":"UnknownDiscipline_0_Category_0","parameterNumber":0,"parameterNumberName":"UnknownParameter_D0_C0_0","parameterUnit":"Unknown","genProcessType":2,"genProcessTypeName":"Forecast","forecastTime":60,"surface1Type":1,"surface1TypeName":"Ground or water surface","surface1Value":0.0,"surface2Type":255,"surface2TypeName":"Missing","surface2Value":0.0,"gridDefinitionTemplate":0,"gridDefinitionTemplateName":"Latitude_Longitude","numberPoints":615,"shape":6,"shapeName":"Earth spherical with radius of 6,371,229.0 m","gridUnits":"degrees","resolution":48,"winds":"true","scanMode":64,"nx":41,"ny":15,"basicAngle":0,"lo1":47.0,"la1":41.0,"lo2":87.0,"la2":55.0,"dx":1.0,"dy":1.0}, "data":
[rows 0 to 14 of 15, columns 0 to 40 of 41]
298.63925,289.53925,293.03925,299.53925,299.13925,298.13925,299.53925,301.43927,300.43927,302.43927,301.83926,303.23926,304.53925,305.73926,303.83926,301.63925,300.93927,301.93927,300.53925,301.03925,300.93927,297.33926,296.53925,290.63925,295.73926,295.73926,292.63925,278.13925,280.03925,281.03925,282.83926,283.93927,293.03925,300.03925,301.83926,301.63925,301.03925,300.73926,299.73926,299.53925,299.33926
275.53925,293.23926,299.43927,299.73926,299.53925,298.03925,300.33926,300.83926,301.83926,301.93927,302.63925,301.33926,301.93927,303.33926,302.83926,303.13925,302.73926,300.33926,299.23926,298.93927,298.23926,298.63925,296.33926,288.53925,279.13925,278.43927,288.83926,277.13925,281.83926,275.63925,281.23926,275.73926,283.63925,264.13925,282.83926,297.03925,295.83926,297.73926,301.43927,292.83926,284.33926
294.73926,299.43927,299.93927,299.53925,297.53925,302.03925,301.23926,302.13925,301.03925,301.53925,299.33926,302.93927,299.23926,299.23926,303.63925,301.43927,304.03925,298.23926,298.43927,299.23926,301.23926,297.43927,298.23926,294.33926,293.33926,293.13925,293.73926,291.83926,292.63925,283.03925,276.43927,278.03925,283.23926,282.73926,284.93927,287.13925,278.33926,281.93927,282.73926,278.63925,279.43927
295.33926,300.33926,299.93927,299.03925,298.03925,301.03925,301.83926,300.03925,302.13925,297.43927,299.73926,300.73926,296.43927,295.43927,300.23926,302.13925,303.03925,301.03925,298.93927,298.23926,296.93927,293.13925,298.43927,299.73926,295.83926,297.83926,297.63925,297.13925,294.33926,294.53925,295.83926,293.33926,298.83926,294.83926,293.23926,290.33926,277.53925,279.13925,282.73926,290.63925,295.33926
301.23926,300.63925,300.33926,299.73926,299.73926,301.13925,301.23926,302.13925,300.93927,300.53925,301.13925,299.53925,296.93927,295.33926,292.43927,302.73926,302.83926,300.73926,294.83926,300.73926,300.83926,299.23926,298.43927,297.93927,297.23926,296.63925,295.53925,295.43927,295.03925,295.23926,297.73926,291.93927,282.43927,274.23926,283.93927,293.03925,296.03925,298.83926,298.63925,299.03925,298.63925
303.83926,297.43927,299.03925,299.33926,299.93927,299.83926,302.73926,303.23926,304.73926,302.03925,302.53925,300.73926,296.23926,295.83926,296.63925,299.73926,301.73926,301.53925,298.63925,300.83926,300.03925,299.13925,297.03925,297.73926,296.83926,295.83926,296.03925,294.23926,296.83926,298.43927,296.43927,297.43927,294.73926,290.83926,290.93927,291.63925,286.03925,288.93927,296.73926,297.83926,296.33926
301.03925,299.83926,302.43927,304.23926,301.73926,303.53925,304.23926,302.83926,302.93927,305.13925,300.73926,300.73926,299.73926,300.23926,298.23926,301.73926,301.53925,302.43927,300.63925,300.33926,301.83926,301.03925,300.03925,300.13925,298.23926,298.33926,298.93927,298.33926,296.93927,297.03925,297.03925,296.23926,296.83926,297.43927,294.33926,291.13925,286.53925,282.63925,278.63925,279.73926,292.83926
304.03925,302.83926,303.83926,302.23926,306.63925,302.83926,303.03925,303.63925,303.23926,302.23926,300.53925,299.83926,301.43927,300.23926,300.93927,302.13925,300.53925,302.73926,301.23926,297.33926,296.93927,297.43927,297.23926,298.43927,297.93927,292.23926,293.53925,295.13925,294.23926,296.03925,294.13925,294.83926,292.43927,289.33926,288.93927,291.73926,292.83926,289.23926,290.43927,290.73926,284.83926
301.43927,304.33926,301.93927,300.53925,303.83926,301.93927,297.93927,300.43927,298.93927,299.63925,299.03925,297.13925,296.63925,299.63925,300.53925,299.23926,301.73926,302.73926,300.33926,297.83926,295.13925,295.13925,296.03925,296.63925,292.63925,294.03925,293.23926,289.23926,289.73926,291.13925,289.53925,292.63925,291.63925,292.23926,290.73926,287.63925,288.13925,287.43927,274.33926,277.13925,274.23926
298.13925,299.63925,299.93927,300.33926,300.13925,300.63925,299.83926,299.03925,298.23926,296.93927,295.93927,296.03925,296.33926,295.53925,298.63925,298.03925,297.23926,296.23926,296.33926,297.13925,295.03925,295.33926,296.03925,295.63925,293.43927,291.63925,290.63925,290.23926,289.43927,290.23926,290.93927,293.53925,295.23926,294.13925,291.93927,289.53925,286.93927,283.43927,276.13925,275.83926,277.13925
296.13925,297.13925,296.73926,297.53925,296.43927,296.73926,295.93927,294.73926,293.13925,293.33926,292.93927,292.23926,295.03925,294.83926,294.63925,294.43927,296.83926,295.63925,297.73926,294.83926,293.83926,294.13925,291.43927,290.43927,289.53925,289.63925,289.33926,290.93927,291.33926,293.93927,294.33926,293.23926,294.53925,292.73926,291.43927,288.03925,285.43927,280.93927,279.73926,282.33926,280.03925
293.23926,293.53925,294.03925,293.73926,292.33926,292.33926,290.43927,289.63925,290.03925,289.53925,286.63925,289.23926,290.73926,289.63925,289.73926,291.93927,292.03925,291.33926,292.13925,291.03925,289.63925,289.03925,288.63925,287.83926,287.23926,288.13925,289.03925,290.13925,293.13925,293.33926,291.93927,292.63925,291.63925,290.83926,289.93927,288.83926,287.93927,287.73926,287.83926,287.43927,285.03925
290.83926,289.63925,291.13925,292.43927,291.43927,290.53925,290.23926,288.93927,287.43927,285.63925,284.53925,283.73926,285.83926,285.03925,285.33926,286.53925,288.53925,289.23926,289.63925,290.23926,290.23926,285.03925,284.43927,284.13925,285.03925,285.73926,289.13925,288.03925,291.03925,289.63925,289.33926,287.43927,287.83926,288.43927,287.33926,287.53925,288.03925,288.53925,288.23926,286.93927,286.83926
287.23926,292.83926,292.53925,293.23926,292.33926,288.83926,287.03925,287.13925,286.13925,285.53925,284.23926,282.23926,283.93927,283.53925,283.93927,285.53925,286.53925,286.73926,287.53925,286.53925,286.13925,285.23926,284.93927,284.23926,283.93927,285.03925,284.63925,285.13925,286.33926,284.23926,286.43927,284.13925,284.93927,284.63925,284.53925,284.63925,285.33926,284.73926,284.83926,285.23926,285.03925
289.53925,291.43927,292.03925,290.13925,289.93927,289.43927,287.83926,287.73926,289.33926,289.23926,286.33926,284.13925,285.43927,284.53925,285.03925,287.13925,286.53925,286.23926,284.43927,284.63925,284.43927,284.03925,283.73926,283.33926,283.43927,283.43927,283.03925,282.83926,281.93927,281.23926,281.83926,282.43927,282.33926,285.03925,286.23926,286.83926,287.23926,284.13925,284.93927,284.93927,286.13925
