wind_kz.json
{"header": {"discipline":0,"disciplineName":"Meteorological products","gribEdition":2,"gribLength":1025,"center":7,"centerName":"US National Weather Service - NCEP(WMC)","subcenter":0,"refTime":"2023-09-30T06:00:00.000Z","significanceOfRT":1,"significanceOfRTName":"Start of forecast","productStatus":0,"productStatusName":"Operational products","productType":1,"productTypeName":"Forecast products","productDefinitionTemplate":0,"productDefinitionTemplateName":"Analysis/forecast at horizontal level/layer at a point in time","parameterCategory":2,"parameterCategoryName":"UnknownDiscipline_0_Category_2","parameterNumber":2,"parameterNumberName":"UnknownParameter_D0_C2_2","parameterUnit":"Unknown","genProcessType":2,"genProcessTypeName":"Forecast","forecastTime":180,"surface1Type":103,"surface1TypeName":"Specified height level above ground","surface1Value":10.0,"surface2Type":255,"surface2TypeName":"Missing","surface2Value":0.0,"gridDefinitionTemplate":0,"gridDefinitionTemplateName":"Latitude_Longitude","numberPoints":615,"shape":6,"shapeName":"Earth spherical with radius of 6,371,229.0 m","gridUnits":"degrees","resolution":48,"winds":"true","scanMode":64,"nx":41,"ny":15,"basicAngle":0,"lo1":47.0,"la1":41.0,"lo2":87.0,"la2":55.0,"dx":1.0,"dy":1.0}, "data":
[rows 0 to 14 of 15, columns 0 to 40 of 41]
-2.012268,0.5677319,0.6977319,-1.072268,-0.47226807,-0.33226806,1.0477319,1.9977319,-2.102268,-0.79226804,-0.40226805,-1.172268,-0.052268066,-1.1122681,-2.972268,-3.322268,-1.8922681,0.8777319,-1.4722681,-0.78226805,-1.4722681,-2.1422682,-1.302268,-1.802268,0.41773194,-1.562268,-2.242268,1.0277319,-0.14226806,0.20773193,-1.052268,2.0577319,0.96773195,-1.182268,-2.462268,-0.6822681,-0.11226807,2.517732,1.7677319,0.98773193,1.437732
1.197732,1.207732,1.0077319,0.9477319,0.7477319,0.7677319,2.3277318,0.49773192,1.1177319,1.6077319,2.667732,2.017732,1.927732,1.3577319,-1.302268,-1.7422681,0.18773194,1.557732,1.0477319,0.17773193,-1.572268,-3.272268,-2.032268,-2.1422682,0.6977319,1.217732,-0.7422681,2.0877318,-0.33226806,-0.53226805,0.18773194,-0.122268066,-1.2522681,-2.072268,0.38773194,0.6177319,0.11773194,-0.34226808,-0.30226806,1.9177319,-1.052268
0.85773194,0.017731933,2.5877318,3.5777318,4.027732,2.507732,3.747732,3.3377318,3.287732,1.467732,0.73773193,3.5477319,2.5677319,1.7977319,-1.3322681,-1.282268,1.477732,3.497732,4.237732,1.977732,-2.6922681,-2.252268,-0.72226804,-0.21226807,0.9477319,-1.2422681,-1.812268,1.7677319,-2.482268,-0.59226805,-0.8822681,1.427732,0.027731933,-0.70226806,-0.6822681,-1.162268,-0.062268067,-0.15226807,2.0877318,1.0077319,1.587732
0.15773194,1.1377319,5.397732,5.327732,3.967732,3.447732,3.267732,4.297732,4.777732,3.5877318,4.317732,3.957732,2.257732,2.207732,1.6377319,2.227732,3.017732,4.4377317,-0.25226808,-2.792268,-1.7622681,-0.59226805,-1.8922681,-3.222268,-3.532268,-3.6622682,-2.802268,-0.91226804,-1.782268,-0.7422681,-1.272268,-2.572268,1.0477319,1.7777319,0.18773194,-1.022268,-0.72226804,2.2977319,-0.0022680664,-0.8022681,1.0077319
3.177732,5.777732,7.347732,8.007732,7.497732,4.737732,5.067732,4.4777317,4.597732,5.527732,6.127732,6.407732,6.067732,2.8477318,3.8477318,2.937732,3.627732,4.307732,1.2977319,1.7577319,0.5577319,-2.472268,-3.322268,-2.832268,-1.9522681,-1.772268,-1.0122681,-0.23226807,0.36773193,-0.58226806,0.34773195,1.0477319,-1.0122681,1.4877319,0.23773193,1.947732,3.537732,3.727732,1.2777319,1.3777319,0.35773194
4.197732,4.047732,6.447732,8.757732,10.377732,10.367732,8.217731,7.167732,6.087732,6.787732,6.817732,7.297732,8.747732,6.117732,2.987732,4.417732,4.467732,3.917732,1.6677319,0.8777319,1.5277319,-0.41226807,-0.64226806,-0.83226806,-1.812268,-1.902268,-0.49226806,0.40773192,1.957732,3.017732,3.277732,2.737732,3.177732,-0.47226807,-0.17226806,-0.6122681,0.6977319,2.457732,2.427732,1.447732,1.3677319
5.487732,6.367732,7.547732,7.837732,7.9577317,7.117732,7.427732,8.407732,8.447732,8.037732,8.137732,7.617732,7.047732,6.497732,4.417732,9.267732,4.767732,3.877732,1.207732,0.73773193,0.7577319,-1.062268,-0.23226807,1.1077319,0.34773195,0.66773194,0.59773195,-0.092268065,2.027732,2.777732,2.657732,3.447732,2.8477318,1.0277319,-2.102268,1.057732,-0.95226806,1.4977319,0.42773193,0.98773193,2.437732
3.237732,4.607732,5.217732,6.4377317,6.857732,8.227732,8.467731,7.057732,6.087732,6.917732,7.317732,5.867732,5.4377317,7.387732,5.067732,10.147732,5.677732,4.797732,1.817732,-0.122268066,1.6577319,1.567732,2.0677319,0.8677319,0.6977319,0.38773194,2.127732,0.95773196,1.6077319,1.437732,2.3177319,4.577732,1.5377319,1.057732,0.21773194,1.187732,-0.40226805,2.697732,3.2977319,2.5877318,-1.292268
2.3477318,2.417732,2.5677319,2.3577318,4.327732,6.017732,7.447732,8.347732,8.077732,9.107732,7.067732,6.607732,7.547732,7.1877317,6.117732,6.497732,6.887732,4.237732,1.9877319,0.96773195,0.6877319,0.49773192,2.117732,1.327732,1.4177319,1.217732,1.557732,1.1577319,2.157732,1.2877319,2.207732,1.2977319,1.5377319,0.017731933,0.49773192,-1.1422681,-1.0822681,0.46773192,-1.2022681,0.39773193,-0.70226806
3.167732,3.617732,4.157732,3.407732,3.367732,4.347732,5.997732,7.877732,5.9377317,6.037732,8.027732,6.517732,5.967732,5.867732,3.197732,5.497732,3.8077319,0.97773194,2.887732,1.2977319,1.977732,2.207732,2.167732,2.5777318,3.397732,0.42773193,2.487732,2.5577319,3.0577319,3.927732,2.507732,3.177732,2.3277318,1.8877319,-0.57226807,0.52773196,-2.312268,-1.272268,1.0377319,0.9377319,-1.172268
4.317732,4.577732,5.2077317,6.1877317,5.947732,5.667732,5.9577317,5.9577317,6.487732,7.177732,7.537732,7.9577317,4.137732,4.147732,4.647732,5.717732,5.927732,2.697732,2.527732,1.8877319,1.567732,3.927732,3.267732,3.667732,2.1077318,1.9177319,1.717732,2.667732,3.287732,3.757732,4.237732,2.017732,2.277732,1.9177319,3.3477318,-1.072268,-1.312268,-0.96226805,0.10773193,1.5277319,-1.052268
4.297732,5.677732,6.2077317,6.787732,6.917732,6.387732,5.9777317,5.787732,4.847732,5.2077317,4.2277317,6.397732,4.857732,2.5577319,3.8477318,4.467732,3.387732,3.637732,0.9977319,2.417732,1.5477319,1.4077319,2.3077319,1.8677319,2.487732,2.767732,2.417732,3.417732,3.397732,3.137732,1.317732,1.2577319,1.977732,2.277732,2.0577319,1.4177319,-0.45226806,0.6977319,1.3877319,0.21773194,-0.012268066
4.397732,6.397732,6.697732,6.627732,5.4777317,4.697732,5.597732,6.297732,5.7077317,5.017732,2.0777318,3.537732,0.8677319,1.6477319,1.5477319,2.527732,3.117732,3.177732,2.027732,1.317732,1.2377319,0.8177319,1.187732,0.98773193,3.187732,2.1077318,3.747732,2.947732,2.137732,-0.43226805,-0.64226806,0.44773194,0.7577319,0.58773196,0.5177319,-0.0022680664,0.33773193,-0.33226806,0.71773195,-1.812268,0.24773194
4.767732,5.347732,6.417732,5.167732,4.377732,4.297732,4.427732,4.047732,3.517732,6.507732,3.287732,1.0377319,0.97773194,0.057731934,0.89773196,1.1277319,1.6477319,3.177732,2.477732,3.257732,2.657732,1.6677319,1.837732,1.677732,2.1077318,2.3477318,0.30773193,1.557732,0.047731932,0.07773194,0.26773193,0.66773194,-0.022268066,0.35773194,0.5577319,0.54773194,-0.49226806,-0.43226805,-1.3922681,-0.54226804,-1.062268
2.697732,4.317732,5.877732,3.887732,3.777732,4.537732,5.427732,5.297732,5.067732,4.887732,-0.062268067,-0.9822681,0.8177319,-0.39226806,-1.302268,0.31773195,2.467732,3.397732,3.517732,3.527732,4.287732,2.8377318,1.4077319,1.327732,1.1277319,0.7577319,0.70773196,1.217732,0.83773196,0.6177319,0.91773194,0.8777319,1.3777319,0.7677319,0.90773195,1.2377319,0.49773192,0.9477319,0.79773194,-0.10226807,-1.302268
