wind.json
{"header": {"discipline":0,"disciplineName":"Meteorological products","gribEdition":2,"gribLength":1211,"center":7,"centerName":"US National Weather Service - NCEP(WMC)","subcenter":0,"refTime":"2023-06-29T18:00:00.000Z","significanceOfRT":1,"significanceOfRTName":"Start of forecast","productStatus":0,"productStatusName":"Operational products","productType":1,"productTypeName":"Forecast products","productDefinitionTemplate":0,"productDefinitionTemplateName":"Analysis/forecast at horizontal level/layer at a point in time","parameterCategory":2,"parameterCategoryName":"UnknownDiscipline_0_Category_2","parameterNumber":3,"parameterNumberName":"UnknownParameter_D0_C2_3","parameterUnit":"Unknown","genProcessType":2,"genProcessTypeName":"Forecast","forecastTime":300,"surface1Type":103,"surface1TypeName":"Specified height level above ground","surface1Value":10.0,"surface2Type":255,"surface2TypeName":"Missing","surface2Value":0.0,"gridDefinitionTemplate":0,"gridDefinitionTemplateName":"Latitude_Longitude","numberPoints":688,"shape":6,"shapeName":"Earth spherical with radius of 6,371,229.0 m","gridUnits":"degrees","resolution":48,"winds":"true","scanMode":64,"nx":43,"ny":16,"basicAngle":0,"lo1":45.0,"la1":40.0,"lo2":87.0,"la2":55.0,"dx":1.0,"dy":1.0}, "data":
[rows 0 to 15 of 16, columns 0 to 42 of 43]
-1.9281446,-0.31814453,3.0918555,2.6218555,0.55185544,-4.2381444,-5.2681446,-7.9981446,-7.1681447,-3.1181445,-0.34814453,-0.7381445,-5.1781445,-9.3881445,-12.338144,-12.498144,-10.058145,-2.6381445,-0.83814454,-2.3881445,-0.7281445,-0.19814453,0.68185544,-3.2881446,-3.7681446,-2.5381446,-2.2981446,-4.3981447,-3.0581446,-0.13814454,-0.6181445,-0.46814454,-1.0581446,-2.6781445,-1.8981445,-0.32814452,-1.6181445,-3.3681445,-2.9381444,-3.1981444,-3.1481445,-2.8181446,-0.23814453
-1.9681445,-0.6781445,5.4418554,0.6418555,-3.8281446,-4.5481443,-4.0081444,-5.3981447,-5.2481446,-5.4281445,-1.8381445,-0.41814452,-0.5481445,-0.27814454,-0.08814453,-5.1481447,-4.7981443,-6.4481444,-5.5881443,-5.6681447,-4.2781444,-2.5581446,-3.9781446,0.8118555,1.1918554,0.21185547,3.1018555,-2.5981445,-0.40814453,0.21185547,-2.3781445,-3.8581445,-1.9281446,1.9418554,1.5918555,1.1618555,0.27185547,-2.5881445,-3.4081445,-1.9681445,-1.4281446,0.42185548,1.0818554
-0.12814453,2.2418554,-2.4381444,-1.8881445,-2.2581446,-4.6581445,-3.3381445,-1.8581445,-5.4281445,-5.5281444,-4.3481445,-3.3181446,-3.4881446,-5.2381444,-6.1281447,-7.0181446,-8.358145,-7.1681447,-5.9481444,-4.1381445,-2.8781445,-4.1381445,-5.1181445,-4.6281447,0.8218555,2.2818556,1.4318554,3.6918554,3.6018555,2.6018555,-0.038144533,0.7618555,-2.0081446,-1.8481445,1.7418555,-0.07814453,3.5918555,3.9718554,2.1418555,2.0118554,2.6618555,-2.1481445,-0.018144531
-1.1181445,-1.9981445,-3.4381444,-6.5081444,-4.7181444,-2.8081446,-4.3381443,-2.5581446,-1.1481445,-1.4581445,-3.2881446,-5.5781446,-6.9681444,-7.0981445,-8.108145,-8.748144,-8.3881445,-7.7981443,-7.2181444,-4.2381444,-1.6381445,-1.4081445,-2.2881446,-3.2581446,-0.038144533,5.4118557,3.1918554,0.72185546,-3.8281446,-2.2881446,-0.9281445,2.5418556,-1.3081446,1.3018554,-1.5381446,1.3118554,1.5118555,-0.69814456,-3.7181444,1.6518555,-2.0681446,-0.018144531,-0.6181445
-2.6481445,-3.5881445,-4.4881444,-5.8781447,-5.1881447,-6.2281446,-6.5081444,-5.7581444,-4.4081445,-1.5781446,-4.2181444,-4.8481445,-6.6881447,-6.9081445,-5.8181443,-6.7081447,-8.578144,-7.3381443,-5.8481445,-4.8381443,-0.9181445,1.5018555,0.45185548,0.5818555,0.8118555,0.48185548,1.0818554,2.3918555,4.2318554,3.2318554,1.9218554,2.8818555,2.1018555,-1.1281445,1.6418555,2.0718555,1.2918555,2.0718555,2.1018555,1.2818555,-3.8781445,-0.83814454,-1.6281445
-4.5881443,-4.6681447,-4.5881443,-5.9081445,-5.1581445,-5.9881444,-7.7681446,-7.4181447,-5.4881444,-4.9581447,-3.0681446,-3.3881445,-5.5881443,-5.2681446,-5.2781444,-6.4581447,-7.7081447,-7.5881443,-7.6181445,-5.9881444,-2.8481445,-0.10814453,-0.96814454,-1.3481445,2.6418555,1.6818554,3.5318556,3.6418555,6.0918555,5.2418556,4.1418552,4.5718555,3.8118556,1.2118554,3.0618556,-1.4381446,-0.31814453,1.0018555,2.8718555,2.1218555,0.60185546,0.40185547,0.66185546
-4.5681443,-4.6581445,-4.4481444,-4.8181443,-3.6981444,-5.0281444,-7.3581448,-5.6081448,-6.1181445,-5.8281446,-6.2081447,-6.8981447,-7.1781445,-6.2881446,-4.4981446,-4.2481446,-7.1581445,-7.0181446,-7.4481444,-8.218144,-6.6781445,-3.7681446,-0.77814454,-0.83814454,0.66185546,2.0718555,3.8918555,5.9818554,6.7618556,6.1118555,1.0018555,1.4218554,5.3018556,4.0418553,4.3118553,-2.4881446,-0.70814455,-3.0481446,-4.4981446,-5.8481445,-2.8281446,1.1018555,4.3218555
-4.5281444,-5.2381444,-5.4581447,-5.3181443,-4.8781447,-5.6281447,-5.8781447,-6.3581448,-6.4381447,-5.7181444,-5.7481446,-6.6081448,-7.1281447,-5.7581444,-5.1281447,-6.4981446,-7.5781446,-8.588144,-8.258144,-6.9381447,-8.048144,-6.0781446,-0.6281445,-0.43814453,-0.058144532,0.021855468,-0.41814452,1.6718554,3.6918554,0.5018555,2.5418556,5.6118555,6.1218553,7.3018556,6.7718554,2.5718555,1.4018555,0.46185547,3.8218555,1.3718555,1.0818554,3.9918554,-0.7481445
-4.3981447,-4.4581447,-5.0481443,-4.8781447,-4.9081445,-4.5981445,-5.1381445,-5.7281446,-5.9681444,-5.7381444,-5.5881443,-5.8081446,-6.7681446,-6.7681446,-4.9381447,-6.0181446,-7.2681446,-8.278145,-7.5981445,-7.1481447,-5.5981445,-5.6581445,-3.6981444,-1.4581445,-1.5481446,-1.4481446,0.54185545,0.79185545,5.8618555,11.661856,4.0518556,5.0018554,4.9418554,4.3118553,6.3818555,5.8618555,7.1718554,4.2018557,0.6318555,-1.7281445,0.43185547,-0.82814455,0.5118555
-3.7181444,-4.1081448,-3.4881446,-3.8981445,-5.0881443,-4.7381444,-4.3181443,-4.6881447,-6.8181443,-5.6981444,-5.2081447,-5.1781445,-6.8381443,-6.7981443,-6.4281445,-6.3181443,-7.7881446,-7.8481445,-6.8281446,-6.3781447,-4.6981444,-4.4981446,-4.0381446,-1.2781445,-1.1981446,-0.6781445,0.99185544,0.97185546,2.8818555,2.7218554,2.1018555,4.6518555,4.8418555,5.0418553,4.7018557,6.1518555,4.4918556,3.5418556,3.7418554,-2.5681446,1.6018555,2.4618554,3.1018555
-5.5381446,-5.6281447,-5.4081445,-3.5481446,-3.0081446,-3.3781445,-3.7481446,-3.3181446,-5.0781446,-5.8981447,-5.1481447,-4.9581447,-5.2981443,-6.8681445,-6.6781445,-6.6481447,-8.428144,-7.4381447,-7.6381445,-5.3181443,-4.9381447,-2.9581444,-3.3481445,-2.8481445,-1.9981445,-3.1281445,0.32185546,0.86185545,1.0018555,0.40185547,3.1218555,1.3318554,1.7518555,0.39185548,5.7818556,9.561855,5.8718553,3.4718554,0.85185546,1.3718555,1.4318554,1.9318554,1.0718554
-4.4981446,-5.1781445,-5.6581445,-6.6681447,-4.1381445,-1.2281445,-1.9981445,-2.6581445,-5.6581445,-3.5481446,-4.4381447,-6.0381446,-4.7181444,-6.5981445,-5.2681446,-7.3981447,-8.068145,-6.6981444,-5.9181447,-5.6881447,-3.9381444,-2.7781446,-2.4581444,-2.1781445,-2.9081445,-2.8081446,-1.8581445,1.4318554,1.9418554,-0.008144531,1.1218555,1.2818555,1.2218555,-0.89814454,1.0618554,7.8918552,8.431855,6.8718553,3.2418554,1.2118554,1.8718555,1.6218555,0.6318555
-5.0881443,-5.2481446,-6.8681445,-6.1381445,-5.5681443,-2.5981445,1.0418555,-1.1381445,-4.9081445,-3.7781446,-5.4981446,-5.1681447,-6.1981444,-6.2181444,-6.7881446,-9.1381445,-6.9581447,-6.3481445,-5.6381445,-4.4881444,-3.5981445,-2.4181445,-2.1881444,-1.3381445,-1.5981445,-1.9081445,0.25185546,-0.04814453,-0.71814454,-1.1781446,0.23185547,2.2818556,1.9718555,0.41185546,3.2118554,7.0218554,5.5818553,3.4118555,0.91185546,-1.0181445,-0.9881445,-1.4681445,-0.7881445
-5.7481446,-5.5781446,-4.2781444,-5.9081445,-4.5081444,-2.5581446,1.2618555,-0.5381445,-3.4981446,-3.4581444,-4.4181447,-4.9181447,-4.2981443,-5.4981446,-7.0681443,-8.788144,-5.3881445,-5.4881444,-5.1781445,-4.7781444,-3.3981445,-1.8381445,-0.7481445,-0.41814452,0.49185547,-1.3881445,-2.9181445,-0.13814454,-0.70814455,-0.6681445,-0.35814452,2.2018554,2.9718554,4.6218553,2.4018555,4.3718553,4.2318554,3.5018554,2.4418554,1.1318555,2.3018556,2.0618556,0.8818555
-4.7181444,-3.9381444,-4.2481446,-5.5281444,-2.4181445,-2.3581445,-1.8581445,-3.0881445,-3.0181446,-2.8081446,-3.6481445,-4.3981447,-3.2181444,-4.6081448,-7.5981445,-7.3081446,-6.6681447,-5.8281446,-5.6781445,-4.8581448,-3.5881445,-1.9481446,-0.7481445,-0.41814452,0.011855469,-0.56814456,-0.7281445,-0.58814454,1.2718555,0.22185546,0.16185547,1.9318554,3.8718555,6.0718555,7.0918555,6.5218554,4.2518554,2.9818554,3.0418556,2.1318555,2.3018556,1.5518554,1.3718555
-2.6881444,-3.5781446,-2.6781445,-2.8181446,-1.4681445,-2.2981446,-3.2881446,-2.8881445,-3.4281445,-3.0381446,-2.7681446,-3.5581446,-2.4081445,-5.4281445,-5.8381443,-6.3781447,-6.9781446,-6.5681443,-6.6881447,-6.6481447,-5.4181447,-5.0181446,-3.0781446,-1.8681445,-2.2181444,-0.6881445,-1.1081445,-0.84814453,-0.06814453,-1.1281445,1.0118555,2.7318554,2.8018556,5.7218556,6.2218556,6.0818553,4.4018555,3.2818556,0.8318555,2.0318556,1.9418554,2.2018554,0.54185545
