wind.json
{"header": {"discipline":0,"disciplineName":"Meteorological products","gribEdition":2,"gribLength":1125,"center":7,"centerName":"US National Weather Service - NCEP(WMC)","subcenter":0,"refTime":"2023-06-30T00:00:00.000Z","significanceOfRT":1,"significanceOfRTName":"Start of forecast","productStatus":0,"productStatusName":"Operational products","productType":1,"productTypeName":"Forecast products","productDefinitionTemplate":0,"productDefinitionTemplateName":"Analysis/forecast at horizontal level/layer at a point in time","parameterCategory":2,"parameterCategoryName":"UnknownDiscipline_0_Category_2","parameterNumber":3,"parameterNumberName":"UnknownParameter_D0_C2_3","parameterUnit":"Unknown","genProcessType":2,"genProcessTypeName":"Forecast","forecastTime":0,"surface1Type":103,"surface1TypeName":"Specified height level above ground","surface1Value":10.0,"surface2Type":255,"surface2TypeName":"Missing","surface2Value":0.0,"gridDefinitionTemplate":0,"gridDefinitionTemplateName":"Latitude_Longitude","numberPoints":688,"shape":6,"shapeName":"Earth spherical with radius of 6,371,229.0 m","gridUnits":"degrees","resolution":48,"winds":"true","scanMode":64,"nx":43,"ny":16,"basicAngle":0,"lo1":45.0,"la1":40.0,"lo2":87.0,"la2":55.0,"dx":1.0,"dy":1.0}, "data":
[rows 0 to 15 of 16, columns 0 to 42 of 43]
-2.5694115,1.1205884,-0.38941163,-0.32941163,-0.7294116,-0.45941162,-3.0294116,-4.259412,-4.8094115,-2.9094117,-1.7694116,-3.7094116,3.1505883,2.3305883,1.2005883,0.49058837,-1.0494117,-1.3094116,-3.2594116,-4.6394114,-4.509412,-1.0894116,-1.5194116,0.8605884,2.6005883,2.2005885,1.2605884,1.0105884,2.1605883,-1.6394116,-1.4194117,-0.81941164,0.5805884,-1.4994116,-2.2694116,-3.3194115,-3.5594115,-1.4394116,-0.29941162,-2.6594117,-2.7394116,1.4205884,0.7605884
1.8505883,-0.9094116,0.27058837,-1.1494117,1.0005884,-1.1794116,-3.5594115,-4.3594117,-4.3394117,-1.8294116,0.68058836,-1.6294116,1.5405884,2.9005883,3.1605883,1.7105883,1.0605884,0.19058838,-1.2594116,-1.7894117,-3.9594116,-1.6394116,-2.2494116,-3.1194117,1.7805884,-0.12941162,-0.5494116,-0.42941162,-1.2994117,1.3805884,2.3205884,1.1005883,-2.1094117,-2.0194116,-0.24941163,-0.9894116,-0.92941165,-2.2194116,-2.9494116,-4.6894116,1.3805884,-0.15941162,2.5705884
0.7005884,-2.0594115,2.9305885,1.0805883,-0.12941162,-2.4794116,-3.5294116,-4.0794115,-3.3594117,-3.1794116,-2.7594116,-0.22941162,2.8905883,3.6005883,2.0605884,2.7305884,1.0005884,0.44058838,-0.33941162,-2.5594115,-5.3594117,-4.3694115,-3.3494117,-3.8294115,-1.1594117,1.7605884,-0.4694116,-0.31941164,-2.5194116,1.3305883,0.5305884,2.0905883,2.9405885,2.8705883,-1.2794117,-3.4294116,-3.8294115,-1.9494116,-2.3294115,-3.4294116,-1.6994116,-1.6894116,0.55058837
2.7805884,2.1805885,-0.3794116,2.4105883,0.090588376,-3.2694116,-4.4194117,-3.2494116,-3.6794116,-5.1294117,-3.2994115,4.6005883,4.3505883,2.7805884,0.9105884,1.4005884,1.4105884,-0.29941162,-0.24941163,-2.4894116,-3.0494115,-3.7494116,-3.1994116,-3.0394115,-4.1494117,-1.5494117,-0.81941164,0.74058837,-0.18941163,1.9905884,0.3105884,-0.35941163,1.8505883,5.883789E-4,1.5305884,-0.14941162,-0.31941164,1.5405884,0.3405884,-1.6994116,0.17058837,-0.44941163,-2.6994116
-3.5294116,0.94058836,1.0705884,1.2105883,-1.5894116,-3.4794116,-3.1194117,-2.5394115,-4.1594114,-4.4194117,-2.9494116,5.780588,5.3605886,5.5505886,4.4105883,3.4405885,3.3205884,2.1705885,0.18058838,-1.0394117,-2.5994117,-4.0194116,-3.1894116,-2.3394117,1.0305884,-0.69941163,-1.4394116,-2.1994116,-2.0294116,-0.8294116,2.5305884,1.9205884,-2.3594117,-1.3094116,-0.11941162,0.9005884,-0.5494116,-2.9194117,-1.4094117,2.1605883,-0.3494116,-0.9094116,-3.6094117
-4.239412,1.3005884,1.7105883,0.46058837,-1.4294116,-2.0494115,-2.4994116,-2.3594117,-2.8494117,-1.7894117,3.0505884,7.280588,6.6205883,6.9805884,4.9305882,2.8005884,2.6405883,1.8405883,1.2305884,-0.6394116,-1.6194116,-2.9294116,-2.0794115,-2.3594117,-0.029411621,-1.1094116,-0.55941164,-1.8794116,-3.6594117,-3.2194116,-2.0894117,-1.3994117,-0.92941165,0.06058838,0.10058838,1.8105884,0.23058838,-1.2094116,-1.4094117,1.8205884,1.9205884,3.6805885,-2.7894115
-4.469412,4.4405885,2.4305885,0.29058838,-2.3094115,-2.3794117,-1.5194116,-1.2094116,-1.4494116,-1.6794116,3.0205884,2.8505883,6.7905884,5.5705886,2.7905884,3.5905883,2.0505884,2.8205884,2.5005884,0.7105884,-1.8694116,-1.0994116,-3.1394117,-1.3794116,-0.94941163,0.22058839,-1.7994117,-1.9994116,-2.0594115,-3.7694116,-1.4794116,-2.5594115,-2.4494116,1.2505884,-0.62941164,1.4805884,2.0705884,0.02058838,2.1805885,0.2505884,-1.5994116,4.760588,3.4805884
1.6605884,-1.7594116,3.4105883,1.3205884,-0.12941162,-1.0194116,-2.8594117,-3.0394115,0.24058838,1.9505883,3.2005885,3.1405883,4.1405883,4.2705884,3.1005883,1.9905884,-0.48941162,0.4705884,2.0605884,2.0905883,-0.30941162,-0.9594116,-2.2994115,0.23058838,0.9605884,0.8505884,0.17058837,-1.0694116,-1.0294117,1.7105883,-0.24941163,-0.38941163,-2.1294117,-2.6894116,-2.9794116,0.07058838,0.5105884,-1.0694116,-2.2894115,-1.7294116,-1.9994116,-1.4194117,-2.2394116
1.0905883,0.80058837,4.3805885,1.7805884,-0.26941162,-2.5794115,-2.8894117,-1.2194116,2.2105885,4.6205883,5.780588,5.8705883,5.1105886,4.2105885,2.4505885,2.4205885,2.0505884,3.0705884,2.2105885,1.0505884,1.2505884,-1.5994116,-2.5694115,1.0605884,-0.68941164,-0.35941163,1.3305883,1.5105884,3.2105885,1.4705883,0.8605884,1.0405884,0.9205884,0.14058837,-1.6294116,-0.8294116,1.5705884,1.0005884,-0.8494116,-0.8494116,-0.32941163,-1.1294116,-0.089411624
2.0705884,2.7105885,3.7705884,2.6505883,0.15058838,-2.0894117,-1.0294117,-1.6294116,-1.2594116,2.1405883,2.9605885,3.7905884,2.7605884,2.4705884,2.4605885,1.6905884,3.8605883,3.7605884,3.3405883,2.7605884,1.4005884,1.4405884,-0.009411621,0.05058838,-0.36941162,-1.4394116,1.2205883,2.6405883,2.1605883,2.5605884,2.4705884,1.0905883,2.3205884,2.2505884,1.9105884,1.5505884,1.8405883,1.7405884,-1.4494116,-0.7894116,-2.4294116,-2.7194116,-1.5194116
2.1205883,-0.48941162,3.4205885,2.9205885,1.5605884,0.49058837,-0.11941162,-0.7694116,-1.3594116,-0.6594116,0.2505884,0.62058836,2.2105885,0.87058836,1.7805884,0.5205884,3.0205884,1.7805884,2.8905883,1.6205884,-0.4694116,1.1905884,0.9205884,2.1605883,1.6905884,1.6405884,0.46058837,2.4705884,2.7805884,2.2205884,2.4505885,2.0105884,2.4205885,4.4305882,3.1005883,2.5805883,2.4205885,1.4405884,0.93058836,-1.1994116,0.5205884,2.1305883,1.2005883
1.0505884,-2.1594117,2.7805884,2.7605884,2.6305883,0.63058835,0.23058838,-0.03941162,-0.03941162,0.22058839,-0.10941162,0.8405884,-0.14941162,0.33058837,1.8605884,1.4305884,0.68058836,-0.4094116,0.7705884,-1.1294116,-1.1794116,-2.6794116,-0.4994116,2.4005883,-0.11941162,0.44058838,1.2605884,0.7705884,1.9805884,1.7805884,3.7905884,1.7105883,2.6405883,2.7205884,2.8205884,3.8105884,4.740588,2.6805885,1.9305884,2.1905885,1.9405884,1.5405884,0.80058837
0.7105884,-0.06941162,1.3005884,1.7705884,3.3405883,3.0005884,2.3005884,1.2505884,0.05058838,0.6405884,-0.42941162,0.4705884,-0.03941162,-1.3194116,-0.15941162,0.010588379,-0.32941163,-1.1794116,-2.2194116,-1.9794116,-0.80941164,-0.38941163,-1.2994117,-1.6094116,-1.2894117,-2.0594115,-0.68941164,-2.0894117,0.010588379,0.63058835,-0.15941162,-0.75941163,1.0405884,2.1305883,0.49058837,1.6405884,2.1505883,5.3705883,6.5405884,3.8805883,3.6305883,2.8505883,1.4005884
2.8705883,2.6405883,2.0305884,1.4405884,2.7005885,3.5605884,2.2105885,1.4405884,1.2505884,0.6505884,0.23058838,0.5905884,0.08058838,0.08058838,0.38058838,1.5205884,-1.2594116,-0.75941163,-1.7994117,-0.4694116,-1.2694116,-1.6094116,-0.9194116,-0.32941163,-1.0294117,-2.2894115,-3.7994115,-1.8894116,-0.7794116,-0.5994116,-0.19941162,-0.39941162,0.3105884,1.1905884,1.8405883,1.6705884,2.4605885,4.0505886,5.4805884,4.0205884,2.3905883,2.5405884,1.1605884
3.4005883,1.9305884,1.1305884,2.4005883,2.7405884,4.6905885,2.0705884,1.4805884,0.6405884,1.3105884,0.9605884,1.5605884,0.6705884,-0.23941162,-0.7894116,0.5305884,-0.5294116,-1.4594116,-2.4594116,-2.1394117,-2.6794116,-2.5594115,-2.0194116,-0.9894116,-0.6494116,-1.0594116,-1.5894116,-2.1894116,-1.9894116,-1.0694116,-0.5494116,-0.48941162,-0.019411622,1.4805884,2.5105884,2.2705884,1.9705883,2.9505885,3.4605885,2.8105884,2.0505884,1.7305884,3.1605883
2.0605884,1.2805884,1.4205884,2.2405884,2.3805883,3.1005883,4.6005883,3.0405884,2.5705884,1.8405883,1.9305884,1.0105884,0.46058837,2.0305884,2.3905883,-0.07941162,-0.009411621,0.07058838,-0.4694116,-1.3894116,-2.6094117,-3.0894117,-2.9694116,-2.9494116,-2.5894117,-2.5194116,-2.5794115,-2.5494115,-2.0894117,-1.5794116,-1.1894116,-0.80941164,-0.09941162,0.8405884,2.1505883,2.7905884,2.7705884,3.0005884,4.5205884,5.1205883,4.9305882,5.470588,2.6705885
