wind.json
{"header": {"discipline":0,"disciplineName":"Meteorological products","gribEdition":2,"gribLength":1211,"center":7,"centerName":"US National Weather Service - NCEP(WMC)","subcenter":0,"refTime":"2023-06-27T00:00:00.000Z","significanceOfRT":1,"significanceOfRTName":"Start of forecast","productStatus":0,"productStatusName":"Operational products","productType":1,"productTypeName":"Forecast products","productDefinitionTemplate":0,"productDefinitionTemplateName":"Analysis/forecast at horizontal level/layer at a point in time","parameterCategory":2,"parameterCategoryName":"UnknownDiscipline_0_Category_2","parameterNumber":2,"parameterNumberName":"UnknownParameter_D0_C2_2","parameterUnit":"Unknown","genProcessType":2,"genProcessTypeName":"Forecast","forecastTime":300,"surface1Type":103,"surface1TypeName":"Specified height level above ground","surface1Value":10.0,"surface2Type":255,"surface2TypeName":"Missing","surface2Value":0.0,"gridDefinitionTemplate":0,"gridDefinitionTemplateName":"Latitude_Longitude","numberPoints":688,"shape":6,"shapeName":"Earth spherical with radius of 6,371,229.0 m","gridUnits":"degrees","resolution":48,"winds":"true","scanMode":64,"nx":43,"ny":16,"basicAngle":0,"lo1":45.0,"la1":40.0,"lo2":87.0,"la2":55.0,"dx":1.0,"dy":1.0}, "data":
[rows 0 to 15 of 16, columns 0 to 42 of 43]
0.7175024,-3.4424975,-2.5624976,-8.222498,-9.432498,-0.49249756,1.5775025,3.6875024,2.4975023,-7.0724974,-5.7524977,-5.3124976,-4.882498,-4.3924975,-4.4824977,-4.9824977,-3.3124976,-2.3524976,-3.3824975,-1.8924975,-0.6624976,-2.0824976,-3.8224976,-0.26249754,2.5175025,2.1475024,1.5875025,0.50750244,1.3275025,2.5275025,1.9275024,-5.0624976,-0.36249757,-4.6224976,-3.1024976,-1.6024976,6.2175026,3.1975024,-2.5224977,-1.7024976,0.24750245,-2.3324976,-2.4224975
-1.9124975,1.1175025,0.49750245,0.32750243,-2.1524975,4.0075026,0.7775024,-0.6724976,-7.9224977,-6.5124974,-5.1624975,-3.0224977,-2.2424974,-1.6724975,-2.3724976,-2.3624976,-2.6224976,-2.3324976,-3.0224977,-3.2924976,-3.3324976,-3.7924976,-1.6624975,0.67750245,4.0075026,4.9775023,3.0375025,5.3175025,6.2975025,6.4775023,5.5475025,4.0875025,3.5175025,0.84750247,0.6475024,4.6675024,8.457502,7.2475023,-0.58249754,-0.18249756,4.6575027,2.9075024,2.6775024
-3.7124975,-0.12249756,0.11750244,-1.5024976,2.1575024,-3.4524975,-2.1524975,-1.6624975,-4.0924973,-6.1924977,-5.5124974,-3.6424975,-4.1924977,0.46750244,-1.6224976,-1.7424976,0.73750246,-2.7524977,-2.7024975,-3.2224975,-2.3824975,-0.50249755,-2.6624975,-1.6824975,1.4575025,0.017502442,1.4675025,-2.1324975,1.0975025,2.0575025,6.9575024,1.5275024,-0.24249756,0.50750244,-0.76249754,0.66750246,-1.2424976,-1.8324976,-0.33249757,6.2675023,9.157502,3.5775025,-1.9324975
-2.1024976,-0.0024975585,-2.9824975,-4.5324974,-3.9124975,-6.0024977,-3.2724977,2.9775023,-2.0624976,-3.0024977,-4.7224975,-5.0824976,-6.4124975,-6.132498,-4.8524976,-3.6224976,-1.6324975,2.3875024,-0.26249754,-0.5924976,-1.1124976,-1.4424976,1.6475024,-2.8624976,-1.9224975,-1.9524976,-2.0124977,9.157502,3.1475024,4.117502,-1.0024976,0.03750244,0.60750246,3.0775025,-1.3124976,-0.09249756,4.347502,2.1875024,0.60750246,-0.20249756,-2.5224977,5.0375023,-1.3224976
-8.292498,-9.052498,-7.8924975,-10.102497,-11.852497,-10.722498,-8.102497,-5.7024975,0.23750244,-2.6324975,4.8175025,-3.3524976,-7.3624973,-6.6824975,-2.7824976,-1.8124976,1.3875024,0.17750244,-1.3424976,1.0875025,-0.24249756,-0.8424976,1.5975025,-1.5024976,2.2975025,0.38750243,-3.0624976,1.3575025,1.0675025,1.4875025,0.84750247,13.3375025,4.5375023,3.5375025,0.31750244,4.1975026,4.3075023,4.4075027,1.6275024,1.3675025,-1.7124976,2.9475024,-0.8424976
-5.8224974,-6.7924976,-7.7524977,-8.062497,-9.562497,-9.222498,-5.6424975,-0.82249755,-0.5924976,-1.2924975,3.1675024,1.0275024,-2.6224976,-6.0224977,-3.1124976,-2.4624975,2.3175025,0.55750245,1.8875024,0.97750247,-0.33249757,0.7675024,0.68750244,4.2075024,-0.64249754,0.43750244,-5.402498,7.347502,-4.6224976,-0.24249756,-0.69249755,-1.5124975,1.8675025,4.0675025,0.43750244,0.49750245,-0.58249754,0.84750247,5.4875026,5.1075025,6.9175024,-0.04249756,0.37750244
-7.7824974,-8.002498,-7.7324977,-5.4924974,-9.062497,-4.6924977,2.3875024,3.8875024,0.92750245,4.6275024,1.5675025,7.9775023,-2.6924975,-4.6424975,2.5475025,-0.34249756,-0.71249753,1.5875025,3.5275025,2.6775024,2.6375024,3.3575025,0.56750244,1.3575025,3.7475023,4.2175026,-0.0024975585,-1.1224976,4.5775023,-1.0924976,1.9275024,2.7975025,1.5075024,1.8975024,-0.74249756,2.4675024,-3.2424974,-1.7624975,1.0675025,2.8275025,4.7175026,4.2175026,2.4275024
-6.6424975,-7.2824974,-6.0924973,-5.9724975,-4.0524974,0.06750244,1.9075024,0.66750246,1.9075024,-0.27249756,-2.0224977,-3.3224976,-1.7624975,-2.3224976,-3.3524976,0.99750245,-3.2124975,-1.2924975,0.31750244,0.99750245,2.4375024,5.5575023,6.8575025,6.7075024,3.7275023,6.3275023,2.5575025,-5.0124974,2.9675024,1.3375025,1.7675024,-0.32249755,0.68750244,-0.83249754,0.80750245,-3.4724975,-1.5224975,-2.7524977,-2.0724976,1.1475024,0.7775024,-0.65249753,5.5075026
-6.8424973,-6.8424973,-7.0924973,-6.7524977,-6.0024977,-5.4724975,-5.2024975,-5.1724977,-5.1224976,-6.4724975,-4.8924975,-5.882498,-5.6024976,-6.0924973,-6.632498,-4.4924974,-2.1124976,-1.1024976,-0.80249757,0.40750244,3.3675025,4.1475024,6.117502,4.4075027,5.1075025,5.9575024,5.3875027,-5.652498,1.2375025,1.8375025,-1.9824976,-4.0524974,-4.3024974,-2.9724975,-3.5424976,0.09750244,-6.8624973,9.817502,2.6175025,4.0175023,7.3875027,9.757503,7.7575026
-7.3524976,-7.5024977,-7.4324975,-7.4424977,-6.882498,-6.5724974,-6.0624976,-5.5824976,-5.0024977,-5.6224976,-6.6724977,-7.0524974,-6.7324977,-6.1124973,-5.6224976,-3.9224975,-3.7924976,-4.5324974,-4.402498,-3.1624975,0.45750245,1.9075024,-0.42249757,-1.6824975,4.4175024,2.1075025,-4.6424975,-2.7824976,-4.7424974,1.0975025,-4.3524976,-4.902498,-4.4424977,-4.2624974,-1.6624975,-0.45249757,1.6475024,3.5375025,-1.3724976,2.0175025,-1.0424975,0.10750244,-0.08249756
-8.262498,-7.7024975,-7.4424977,-7.3024974,-6.9424977,-8.402497,-7.9924974,-7.3224974,-7.7424974,-7.3524976,-6.7524977,-6.3124976,-6.1724977,-6.4724975,-5.1224976,-3.4324975,-2.9624975,-5.0724974,-4.0524974,-4.7324977,-2.2024975,-3.0324976,-2.5524976,-2.5824976,-0.9724976,-3.3424976,-10.502498,-9.322497,-5.9824977,3.6475024,-2.1324975,-3.7224975,-3.4624975,-3.1624975,-1.7024976,-2.4924974,0.06750244,-1.4424976,-2.2724977,-0.6624976,1.9175024,1.1975025,0.98750246
-7.652498,-7.3624973,-7.5724974,-6.9924974,-6.6724977,-6.6624975,-5.7724977,-4.902498,-5.2824974,-5.0624976,-5.7724977,-5.4724975,-6.4724975,-3.9724975,-6.4924974,-4.9224977,-3.8724976,-4.4224977,-4.3024974,-6.0224977,-3.5924976,-4.7624974,-4.5424976,-3.8024976,-2.7124975,-6.0924973,-6.2824974,-4.4624977,-6.0724974,-1.3524976,-0.17249756,3.4775023,-4.7024975,-4.2224975,-3.0524976,-4.9424977,-3.4124975,-3.8424976,-0.96249753,1.0675025,0.81750244,-0.22249755,-0.18249756
-6.7224975,-6.6824975,-6.882498,-6.5624976,-6.7224975,-6.4624977,-5.7224975,-4.8324976,-3.3624976,-2.2824976,-2.1424975,-5.5424976,-5.9624977,-3.4824975,-2.8224976,-5.5324974,-4.382498,-3.5224977,-5.7724977,-4.4824977,-2.6624975,-3.5824976,-4.2324977,-3.4224975,-3.9624975,-3.4424975,-5.3424973,-2.4524975,-0.74249756,-4.4724975,-2.1924975,-3.2424974,2.9175024,-2.9924974,-3.8024976,-3.9524975,-3.4424975,-4.9724975,-4.2924976,-4.7624974,-3.0324976,-0.30249757,0.5275024
-5.3924975,-5.882498,-5.0824976,-5.2124977,-5.0724974,-5.3324976,-4.4224977,-3.3724976,-3.0024977,-3.1124976,-5.6924977,-1.7224976,-2.1224976,-2.4524975,-4.1224976,-5.5724974,-1.5124975,-0.19249755,-2.3724976,-2.5424976,-2.1724975,-2.5924976,-2.3724976,-2.8024976,-3.4724975,-3.8424976,-1.5124975,-4.5624976,-2.5124977,-3.2324975,-5.3224974,-0.42249757,-0.012497558,2.5775025,-4.9824977,-4.5824976,-5.0624976,-3.6024976,-3.0224977,-2.4524975,0.69750243,-2.2224975,0.27750245
-3.2224975,-2.7124975,-5.9824977,-4.5824976,-3.1724975,-2.1624975,-1.8924975,-3.5324976,-3.9824975,-3.4024975,-2.1924975,-1.1224976,-0.88249755,-0.05249756,-3.5724976,-5.8924975,-3.1124976,-0.9824976,0.09750244,-3.1824975,-4.7924976,-2.3524976,-2.8024976,-1.5024976,-2.4124975,-3.3224976,-2.6924975,-3.4324975,-4.2724977,-2.6624975,-1.6824975,-1.7524976,-0.25249755,2.3175025,1.8475025,-4.7624974,-5.1224976,-4.7324977,-2.2824976,-2.3624976,-1.5424975,-1.3624976,2.5975025
-1.6624975,-0.70249754,-1.2524976,-2.3924975,-1.4224975,-0.86249757,-1.6924976,-3.4524975,-0.63249755,-3.7724977,-2.9324975,-2.7524977,-1.8224976,-1.4324975,-0.7224976,-3.6224976,-3.7124975,-2.9124975,-1.8924975,-1.9424976,-4.3524976,-1.4724976,-3.4224975,-2.7724977,-2.0224977,-1.9524976,-1.7324976,-3.3124976,-3.0724976,-2.2924976,-1.2524976,-0.44249755,0.047502443,1.9775025,1.9275024,-3.6424975,-3.9724975,-5.2824974,-4.0424976,-0.9724976,-1.6824975,-2.5224977,-2.6624975
