wind_kz.json
{"header": {"discipline":0,"disciplineName":"Meteorological products","gribEdition":2,"gribLength":948,"center":7,"centerName":"US National Weather Service - NCEP(WMC)","subcenter":0,"refTime":"2023-09-22T00:00:00.000Z","significanceOfRT":1,"significanceOfRTName":"Start of forecast","productStatus":0,"productStatusName":"Operational products","productType":1,"productTypeName":"Forecast products","productDefinitionTemplate":0,"productDefinitionTemplateName":"Analysis/forecast at horizontal level/layer at a point in time","parameterCategory":2,"parameterCategoryName":"UnknownDiscipline_0_Category_2","parameterNumber":2,"parameterNumberName":"UnknownParameter_D0_C2_2","parameterUnit":"Unknown","genProcessType":2,"genProcessTypeName":"Forecast","forecastTime":120,"surface1Type":103,"surface1TypeName":"Specified height level above ground","surface1Value":10.0,"surface2Type":255,"surface2TypeName":"Missing","surface2Value":0.0,"gridDefinitionTemplate":0,"gridDefinitionTemplateName":"Latitude_Longitude","numberPoints":615,"shape":6,"shapeName":"Earth spherical with radius of 6,371,229.0 m","gridUnits":"degrees","resolution":48,"winds":"true","scanMode":64,"nx":41,"ny":15,"basicAngle":0,"lo1":47.0,"la1":41.0,"lo2":87.0,"la2":55.0,"dx":1.0,"dy":1.0}, "data":
[rows 0 to 14 of 15, columns 0 to 40 of 41]
-2.5710938,-1.0510937,1.2389063,0.00890625,-0.28109375,-3.3810937,-3.3010938,-4.291094,-3.1910937,0.85890627,0.69890624,0.82890624,0.85890627,1.3189063,0.94890624,0.41890624,0.46890625,-0.8410938,-0.85109377,2.6989062,2.7489061,0.63890624,1.4989063,-0.75109375,-0.57109374,-2.0910938,-2.2210937,-0.81109375,0.34890625,-0.24109375,-1.1110938,0.74890625,0.61890626,-0.5210937,-3.0310938,-3.3310938,-2.0310938,-0.40109375,-3.0510938,-3.2210937,-3.0810938
0.48890626,0.8489063,-1.4910938,-0.76109374,-3.3210938,-4.401094,-3.3610938,-4.481094,-2.1410937,-0.11109375,0.81890625,-1.0710938,-0.10109375,0.49890625,1.4489063,0.40890625,-1.2210938,-1.7710937,-0.56109375,-0.43109375,-0.04109375,-0.28109375,-0.5310938,-1.9010937,-0.22109374,1.0689063,-0.34109375,0.07890625,-0.9110938,-2.1410937,0.01890625,-0.82109374,-0.12109375,-2.7010937,0.94890624,-1.2410938,-0.85109377,-2.2910938,-2.5910938,0.61890626,-3.3810937
-1.2710937,-3.9010937,-2.1910937,-3.5110939,-4.2210937,-4.691094,-3.8410938,-1.7810937,-3.0710938,-1.6810937,-0.7810938,-2.2010937,-1.6310937,-2.1310937,-2.2410936,-3.3210938,-3.4110937,-1.3210938,1.4789063,-1.5010937,-2.5710938,-3.2610939,-3.3810937,-2.6710937,1.3089062,0.51890624,0.67890626,-0.5910938,-0.86109376,-0.5210937,-1.3310938,2.1389062,-0.36109376,-0.9710938,0.21890625,-1.1210938,-0.49109375,-0.14109375,-0.51109374,0.15890625,2.6489062
-3.7610939,-5.061094,-5.3610935,-5.381094,-4.561094,-2.8510938,-0.63109374,-3.0610938,-2.0910938,-2.3010938,-2.4810936,-2.6810937,-4.1810937,-4.021094,-2.9010937,-3.1510937,-3.3610938,-3.4110937,-3.1810937,-2.5210938,-1.0910938,-2.2810938,-2.1210938,-3.1410937,-2.9910936,-2.7210937,-3.3010938,-4.2410936,-1.5810938,0.19890624,0.87890625,-2.3110938,-2.3410938,-2.9610937,-2.8610938,-2.2510939,-2.1210938,1.9689063,-0.70109373,0.17890625,-0.07109375
-4.0910935,-5.7410936,-5.521094,-5.021094,-3.8310938,-3.5710938,-3.1510937,-1.6310937,-1.0210937,-2.0610938,-2.3010938,-2.5810938,-3.6310937,-3.3910937,-3.4810936,-2.6410937,-3.0810938,-3.1310937,-3.2610939,-4.381094,-4.8910937,-4.231094,-4.231094,-3.7510939,-3.7210937,-3.4610937,-4.751094,-2.4810936,-3.1110938,-2.5910938,-1.8710938,-0.67109376,-2.0510938,1.1189063,-0.29109374,-0.36109376,-4.1810937,-3.1510937,-2.5710938,-2.3710938,-2.5710938
-3.4810936,-3.1610937,-4.481094,-4.381094,-3.7010937,-3.0810938,-2.8610938,-2.8610938,-2.8110938,-1.6610937,-2.3010938,-2.3510938,-1.3910937,-2.4510937,-2.3110938,-1.7710937,-2.5310938,-2.7510939,-3.4410937,-3.1910937,-3.5910938,-3.1510937,-3.7610939,-3.8610938,-3.6410937,-4.0510936,-2.7910938,-5.101094,-3.5010939,-3.2110937,-2.9610937,-2.9810936,-3.1910937,-1.4610938,0.42890626,-6.9310937,0.56890625,-3.6110938,-0.56109375,-2.7210937,-3.1410937
-2.7610939,-2.1610937,-1.8010937,-1.8010937,-1.9710938,-2.1510937,-2.3610938,-2.3210938,-2.3810937,-1.3210938,-1.1410937,-1.7310938,-1.3510938,-1.3010937,-0.98109376,-1.5210937,-1.7010938,-2.6610937,-3.5810938,-3.8310938,-2.2710938,-2.4810936,-2.5510938,-3.0810938,-3.0710938,-3.2310936,-2.7810938,-3.1810937,-3.3110938,-3.4110937,-3.9510937,-3.5310938,-2.5310938,-4.6410937,-3.1110938,-0.85109377,-0.62109375,1.0089062,-3.2510939,1.6989063,-0.38109374
0.28890625,-0.7110937,-0.7210938,-2.1910937,-2.1310937,-1.1610937,-1.2610937,-0.20109375,-0.9710938,-0.9110938,-0.5210937,0.18890625,-0.16109376,-0.5310938,-0.8310937,-1.6110938,-2.1610937,-3.0210938,-2.8710938,-3.6810937,-2.3810937,-2.9410937,-2.4110937,-3.2410936,-2.1110938,-1.6010938,-2.5210938,-3.1810937,-2.6710937,-2.3310938,-3.7410936,-2.4110937,-1.9110937,-0.13109376,-3.7910938,-1.8110938,-2.6810937,-6.7410936,-4.651094,-4.8910937,-2.5110939
-2.6110938,-2.3810937,-2.2210937,-2.4410937,-2.1310937,-1.5710938,-1.8410938,0.81890625,-1.1510937,-0.23109375,-0.06109375,0.00890625,1.0189062,0.05890625,-0.76109374,-0.95109373,-1.8610938,-2.3910937,-2.6010938,-2.4410937,-2.5610938,-2.0610938,-2.6410937,-2.5910938,-2.6110938,-2.6110938,-1.5910938,-1.3310938,-0.86109376,-1.4910938,-2.5310938,-1.3510938,-1.2210938,-1.5510937,-1.9010937,-1.7010938,-0.30109376,-1.9010937,-0.9610937,0.56890625,-2.4210937
-3.4010937,-3.4310937,-3.2210937,-2.9010937,-3.0310938,-1.6510937,-1.2410938,-1.0110937,-2.1510937,1.5989063,1.1689062,2.6189063,1.4189062,1.6089063,1.0089062,0.07890625,-1.6210938,-0.17109375,-0.6610938,-1.1110938,-1.8210938,-1.3410938,-0.86109376,-0.79109377,-1.7110938,-1.8210938,-2.1110938,-2.0410938,-1.4010937,-0.75109375,-0.88109374,-1.3110938,-1.6410937,-1.7610937,-0.63109374,-1.1510937,-1.6310937,-0.30109376,-2.1310937,-0.51109374,-1.3710938
-3.3810937,-3.2910938,-2.5710938,-2.3410938,-1.5510937,-1.7110938,-1.5810938,-1.5410937,-0.67109376,-0.63109374,-0.02109375,-0.69109374,-0.7710937,-1.4510938,-0.95109373,1.3289063,0.61890626,2.4189062,1.3189063,1.5389062,-0.9010937,1.4589063,1.7589062,1.2289063,0.28890625,-0.18109375,-0.54109377,-1.3810937,-0.6610938,-1.2510937,-0.98109376,-1.2610937,-2.2610939,-1.8110938,-1.5610938,-1.1710937,-1.2210938,-0.10109375,-1.0110937,1.1089063,-1.5910938
-2.8610938,-2.2110937,-1.5810938,-2.6610937,-1.0010937,-1.8210938,-1.4010937,-1.3210938,-0.6610938,-0.40109375,-1.0510937,-0.28109375,-1.9410938,-1.8110938,-1.0610938,-0.48109376,0.31890625,1.7789062,1.7389063,1.9989063,0.5889062,1.0189062,0.40890625,0.6689063,0.6689063,0.09890625,-0.29109374,0.85890627,0.27890626,-0.80109376,-0.6610938,0.07890625,-0.35109374,-1.1510937,-1.2210938,-1.7010938,-1.0310937,-0.50109375,0.05890625,-0.68109375,-0.80109376
-1.3110938,-0.9010937,-1.0710938,-1.6110938,-1.1510937,-0.94109374,-1.0710938,-1.1510937,-1.6810937,0.9089062,-0.50109375,-1.1010938,-0.85109377,-1.1410937,-0.28109375,0.16890626,-0.28109375,-0.48109376,-0.40109375,-0.98109376,-0.16109376,-0.00109375,0.75890625,0.49890625,0.7889063,0.48890626,0.7889063,0.39890626,0.74890625,1.0089062,1.3689063,1.9589063,1.4889063,0.57890624,0.5389063,0.25890625,-0.5210937,-0.9010937,-1.8710938,-1.3010937,-1.2110938
-0.09109375,-0.48109376,-0.05109375,-0.55109376,-0.26109374,-0.27109376,-0.7110937,-0.37109375,0.85890627,0.8389062,-0.03109375,-0.54109377,0.33890626,-0.49109375,0.43890625,0.5889062,0.48890626,-0.40109375,-1.0410937,-1.6510937,-2.2410936,-2.5010939,-1.9910938,-2.6610937,-2.3510938,-2.0010939,-1.9510938,-1.0710938,-0.04109375,1.4389062,2.3389063,2.5289063,2.0489063,1.7689062,1.5589062,1.2589062,0.39890626,-0.29109374,-0.85109377,-0.25109375,-1.3210938
0.18890625,1.0889063,0.50890625,0.44890624,0.55890626,0.73890626,0.7789062,0.49890625,1.1889062,0.42890626,-0.51109374,-0.08109375,0.44890624,1.1689062,1.2989062,1.5289062,-0.00109375,0.5289062,0.25890625,0.5989063,0.38890624,-0.37109375,-1.1010938,-2.1310937,-1.5010937,-1.4810938,-1.5610938,-1.3510938,-1.0410937,-0.63109374,0.01890625,0.07890625,2.2089062,2.4789062,2.3089063,2.6089063,0.15890625,1.6289062,1.6889062,-0.60109377,-1.2710937
