wind.json
{"header": {"discipline":0,"disciplineName":"Meteorological products","gribEdition":2,"gribLength":1211,"center":7,"centerName":"US National Weather Service - NCEP(WMC)","subcenter":0,"refTime":"2023-05-30T12:00:00.000Z","significanceOfRT":1,"significanceOfRTName":"Start of forecast","productStatus":0,"productStatusName":"Operational products","productType":1,"productTypeName":"Forecast products","productDefinitionTemplate":0,"productDefinitionTemplateName":"Analysis/forecast at horizontal level/layer at a point in time","parameterCategory":2,"parameterCategoryName":"UnknownDiscipline_0_Category_2","parameterNumber":3,"parameterNumberName":"UnknownParameter_D0_C2_3","parameterUnit":"Unknown","genProcessType":2,"genProcessTypeName":"Forecast","forecastTime":240,"surface1Type":103,"surface1TypeName":"Specified height level above ground","surface1Value":10.0,"surface2Type":255,"surface2TypeName":"Missing","surface2Value":0.0,"gridDefinitionTemplate":0,"gridDefinitionTemplateName":"Latitude_Longitude","numberPoints":688,"shape":6,"shapeName":"Earth spherical with radius of 6,371,229.0 m","gridUnits":"degrees","resolution":48,"winds":"true","scanMode":64,"nx":43,"ny":16,"basicAngle":0,"lo1":45.0,"la1":40.0,"lo2":87.0,"la2":55.0,"dx":1.0,"dy":1.0}, "data":
[rows 0 to 15 of 16, columns 0 to 42 of 43]
0.80284303,0.332843,-0.94715697,0.35284302,6.582843,5.222843,2.442843,-0.597157,-0.457157,1.922843,1.352843,-0.967157,-1.7971569,-2.2271569,-3.567157,-3.997157,-5.3571568,-6.517157,-7.667157,-7.907157,-7.707157,-7.897157,-6.977157,-4.557157,-4.157157,-1.777157,-4.797157,-2.157157,2.782843,-5.207157,-4.197157,-0.63715696,0.18284301,2.7728431,-0.527157,2.162843,-2.877157,-3.327157,-0.37715697,-0.867157,-4.047157,-4.727157,-3.937157
-0.877157,0.682843,1.402843,1.662843,-2.407157,7.222843,4.122843,0.12284302,-1.997157,1.792843,0.55284303,-0.037156984,-1.467157,-2.457157,-3.707157,-4.577157,-6.577157,-8.377157,-8.497157,-8.557157,-7.027157,-5.987157,-5.8571568,-5.317157,-4.367157,-2.017157,7.342843,-6.217157,-0.807157,-2.817157,0.872843,-3.437157,-3.057157,-2.797157,2.072843,2.732843,0.40284303,2.562843,0.49284303,-0.12715699,-1.727157,-4.177157,-7.317157
0.0128430175,2.132843,2.822843,-2.317157,-1.367157,2.182843,2.432843,-0.687157,-0.39715698,1.032843,1.242843,0.502843,1.942843,-2.807157,-4.217157,-7.177157,-7.827157,-8.127157,-8.307157,-6.967157,-6.387157,-6.597157,-6.257157,-7.007157,-5.337157,-3.937157,-2.097157,-3.627157,-0.917157,-1.887157,0.60284305,-1.747157,-2.807157,-4.177157,-2.057157,-3.377157,-3.367157,-2.217157,-10.867157,-1.647157,-2.407157,-3.537157,-3.357157
-2.277157,-2.677157,0.772843,2.552843,1.602843,2.342843,2.492843,2.5228431,0.722843,-0.11715698,1.632843,0.40284303,-1.247157,-2.547157,-7.207157,-8.117157,-8.927157,-9.337157,-8.327157,-7.837157,-7.727157,-7.667157,-7.787157,-7.387157,-2.7371569,-1.647157,-7.137157,4.262843,11.962843,9.112843,-4.067157,2.542843,-1.097157,0.40284303,1.282843,-1.767157,-0.537157,0.702843,-3.337157,2.452843,-0.837157,0.40284303,-3.927157
1.4528431,3.112843,2.382843,2.242843,1.472843,0.772843,0.18284301,1.732843,0.942843,-0.15715699,-0.387157,0.08284302,0.0128430175,1.652843,-0.267157,-2.377157,-6.807157,-7.337157,-6.057157,-6.917157,-7.007157,-7.377157,-6.957157,-6.627157,-7.527157,-6.527157,-6.937157,-5.467157,-3.9771569,-1.607157,-3.457157,1.222843,-0.487157,0.842843,0.05284302,0.892843,-1.617157,0.44284302,0.482843,-1.737157,1.182843,7.542843,6.322843
3.052843,4.322843,2.7628431,0.842843,-0.357157,-3.467157,-8.177157,0.782843,-0.037156984,-0.36715698,-0.43715698,-1.887157,-1.967157,2.0228431,1.342843,-0.667157,-1.527157,-4.997157,-6.247157,-5.657157,-6.187157,-6.647157,-7.437157,-6.377157,-6.037157,-5.757157,-4.467157,-5.307157,-1.1771569,-1.1771569,-2.037157,-2.437157,-0.527157,-0.027156983,-1.137157,-3.957157,1.442843,-0.18715698,-6.377157,1.632843,-7.1071568,-3.187157,-4.557157
4.462843,4.552843,5.122843,3.922843,-0.20715699,-1.507157,-2.967157,-5.337157,-1.977157,-2.757157,-3.147157,-2.777157,-3.457157,-3.277157,2.072843,2.352843,-2.127157,-4.807157,-6.147157,-6.157157,-6.307157,-6.677157,-6.897157,-6.577157,-5.767157,-5.227157,-4.027157,-3.807157,-1.577157,-4.987157,-2.677157,2.042843,0.67284304,-5.187157,-5.577157,-1.207157,-1.117157,2.162843,-1.267157,-3.437157,-4.237157,3.712843,0.74284303
4.752843,4.3928432,2.832843,3.802843,5.212843,4.942843,4.242843,5.012843,-2.297157,-2.527157,-2.897157,-3.087157,-4.227157,-4.387157,-4.977157,-5.927157,-5.877157,-5.907157,-6.317157,-5.967157,-6.287157,-6.277157,-5.827157,-5.617157,-6.387157,-4.787157,-3.367157,-2.857157,3.692843,2.202843,0.24284302,5.1428432,4.1428432,6.012843,3.432843,-0.917157,-3.587157,-2.287157,-3.847157,-3.627157,-3.257157,-1.937157,-6.907157
4.652843,3.302843,3.482843,3.642843,1.692843,1.5728431,0.512843,-0.22715698,-2.327157,-3.067157,-4.117157,-4.147157,-4.567157,-5.037157,-4.527157,-5.267157,-5.657157,-6.247157,-6.247157,-6.167157,-6.3571568,-5.317157,-5.377157,-5.547157,-5.1071568,-4.477157,-4.617157,-2.7271569,-0.63715696,5.6428432,6.332843,3.122843,7.262843,0.47284302,0.292843,-1.9171569,-3.767157,-4.507157,-2.717157,-0.12715699,1.672843,0.972843,-1.837157
4.612843,4.022843,3.902843,3.432843,2.572843,2.892843,2.2628431,1.162843,-0.997157,-2.567157,-6.527157,-6.397157,-5.347157,-5.967157,-5.737157,-5.457157,-5.937157,-6.717157,-5.907157,-4.877157,-4.557157,-4.3571568,-3.817157,-4.887157,-4.877157,-4.577157,-3.537157,-3.7271569,-4.257157,8.822843,1.732843,-1.127157,-1.217157,3.562843,0.942843,0.74284303,-2.757157,-2.177157,-2.507157,-2.417157,-3.4871569,-2.517157,0.392843
6.872843,5.682843,4.222843,2.402843,1.232843,-0.777157,-0.797157,-3.457157,-1.507157,-1.977157,-4.997157,-4.517157,-6.367157,-5.387157,-6.987157,-7.157157,-7.217157,-6.167157,-5.837157,-6.927157,-6.497157,-7.917157,-4.067157,-3.317157,-2.257157,-2.517157,-3.287157,-3.327157,-1.777157,5.632843,4.812843,5.712843,2.462843,-0.14715698,3.962843,1.732843,-0.31715697,-1.377157,-0.357157,0.692843,0.042843018,-2.117157,-1.1771569
4.412843,5.042843,2.682843,1.352843,-1.2871569,-2.897157,-0.737157,-3.7271569,-1.827157,-2.647157,-2.367157,-4.937157,-6.247157,-4.177157,-3.2371569,-3.787157,-4.997157,-4.317157,-6.597157,-4.707157,-2.627157,-3.867157,-2.967157,-3.547157,-1.607157,-0.987157,-1.377157,-1.337157,0.13284302,2.502843,10.372843,8.212843,4.502843,3.792843,3.282843,-1.647157,0.54284304,0.032843016,-1.607157,-1.5471569,-2.367157,-2.2371569,-1.557157
2.302843,2.542843,0.54284304,-0.927157,-0.537157,-0.267157,-2.367157,-0.447157,1.442843,-0.70715696,-1.687157,-2.747157,-3.577157,-4.077157,-5.067157,-4.627157,-1.157157,-6.887157,-7.017157,-5.337157,-4.407157,-3.257157,-2.397157,-1.407157,-0.617157,-0.16715698,-0.717157,-1.477157,-5.497157,2.5128431,-1.487157,-6.007157,3.872843,3.162843,0.652843,-0.23715699,-0.42715698,0.502843,-1.237157,-1.237157,-0.75715697,-1.327157,-1.387157
0.622843,1.512843,1.502843,1.142843,0.19284302,0.262843,-0.587157,0.08284302,1.772843,-1.7871569,-2.507157,-3.127157,-4.087157,-4.937157,-6.017157,-4.247157,-5.657157,-9.217157,-7.027157,-4.267157,-1.717157,0.14284302,2.172843,3.042843,1.002843,-0.777157,-2.917157,1.932843,-6.447157,-8.377157,4.502843,3.792843,2.202843,2.282843,0.642843,-1.747157,1.742843,0.08284302,-1.907157,-1.7871569,-3.047157,-2.067157,-1.957157
5.582843,4.072843,4.962843,3.152843,3.232843,2.202843,2.092843,-0.08715698,0.262843,-1.557157,-1.857157,-2.867157,-1.477157,-2.117157,-5.737157,-7.377157,-8.957157,-8.477157,-6.487157,-2.4871569,3.292843,3.992843,4.192843,4.842843,4.3928432,1.742843,-0.787157,2.352843,0.692843,3.162843,0.55284303,1.722843,0.482843,0.25284302,0.20284301,-2.697157,-1.717157,-2.937157,-2.2271569,-2.547157,-3.297157,-3.747157,-3.257157
3.072843,2.572843,-1.847157,1.772843,-0.917157,1.242843,0.22284302,0.042843018,-2.207157,-0.747157,-2.197157,-2.177157,-3.807157,-2.9871569,-0.717157,-3.157157,-10.287157,-11.317157,-12.267157,-7.117157,3.722843,7.262843,4.042843,5.632843,5.962843,2.342843,3.992843,3.842843,3.252843,-1.757157,0.44284302,-0.417157,-0.567157,0.09284302,-0.037156984,-0.857157,-0.987157,-1.127157,-2.397157,-2.927157,-3.997157,-3.847157,-3.677157
