wind.json
{"header": {"discipline":0,"disciplineName":"Meteorological products","gribEdition":2,"gribLength":1211,"center":7,"centerName":"US National Weather Service - NCEP(WMC)","subcenter":0,"refTime":"2023-06-27T06:00:00.000Z","significanceOfRT":1,"significanceOfRTName":"Start of forecast","productStatus":0,"productStatusName":"Operational products","productType":1,"productTypeName":"Forecast products","productDefinitionTemplate":0,"productDefinitionTemplateName":"Analysis/forecast at horizontal level/layer at a point in time","parameterCategory":2,"parameterCategoryName":"UnknownDiscipline_0_Category_2","parameterNumber":2,"parameterNumberName":"UnknownParameter_D0_C2_2","parameterUnit":"Unknown","genProcessType":2,"genProcessTypeName":"Forecast","forecastTime":120,"surface1Type":103,"surface1TypeName":"Specified height level above ground","surface1Value":10.0,"surface2Type":255,"surface2TypeName":"Missing","surface2Value":0.0,"gridDefinitionTemplate":0,"gridDefinitionTemplateName":"Latitude_Longitude","numberPoints":688,"shape":6,"shapeName":"Earth spherical with radius of 6,371,229.0 m","gridUnits":"degrees","resolution":48,"winds":"true","scanMode":64,"nx":43,"ny":16,"basicAngle":0,"lo1":45.0,"la1":40.0,"lo2":87.0,"la2":55.0,"dx":1.0,"dy":1.0}, "data":
[rows 0 to 15 of 16, columns 0 to 42 of 43]
0.86221194,-2.7877882,-2.577788,-1.3177881,1.232212,2.0022118,1.222212,-0.3877881,0.5322119,0.16221191,3.0022118,3.2622118,3.7122118,5.002212,6.942212,7.582212,8.312212,7.8222117,6.032212,3.7322118,4.122212,4.282212,3.552212,2.9822118,3.172212,1.9422119,1.602212,0.9022119,0.3922119,-0.4777881,-0.6577881,-0.20778808,0.32221192,0.0022119142,-0.08778808,-1.4977881,-1.527788,-1.287788,-1.2177881,-1.6877881,-0.88778806,-0.4077881,2.5022118
-1.907788,1.7022119,-0.8277881,1.9222119,-2.857788,1.9922119,3.372212,2.2322118,3.652212,3.4322119,3.4922118,4.152212,5.162212,5.0922117,6.662212,6.852212,8.502212,9.202212,7.152212,5.272212,4.372212,5.3622117,7.312212,5.242212,3.532212,4.412212,0.052211914,1.602212,4.8022118,2.612212,0.8522119,2.0122118,-0.18778808,1.3822119,0.9422119,0.2122119,1.2822119,1.7422119,3.042212,2.642212,3.2622118,2.9422119,3.312212
-2.097788,1.092212,-0.32778808,-3.377788,0.7022119,3.172212,2.632212,4.3422117,5.522212,3.862212,4.712212,5.032212,6.212212,6.462212,6.272212,5.782212,7.542212,8.072212,4.562212,6.5722117,6.952212,5.732212,6.722212,5.8222117,4.432212,5.772212,2.612212,0.062211916,0.9122119,1.5422119,3.052212,2.2322118,1.2722119,0.99221194,0.09221192,0.68221194,0.38221192,4.872212,4.742212,4.142212,2.562212,-0.18778808,-1.0777881
-1.1877881,-0.50778806,-0.8677881,2.7022119,4.0522118,4.472212,4.282212,6.852212,6.8422117,6.712212,7.3822117,6.482212,6.352212,6.482212,6.482212,5.952212,7.422212,7.732212,5.0722117,8.852212,4.8422117,2.7522118,-0.39778808,0.74221194,2.892212,5.942212,-0.9277881,-1.4477881,-3.477788,-2.127788,3.6822119,0.19221191,2.612212,-0.4377881,0.6322119,0.47221193,0.5822119,1.7922119,1.8722119,0.9122119,4.602212,5.922212,2.562212
2.4722118,3.292212,4.0922117,5.6122117,7.222212,5.962212,7.122212,7.772212,7.462212,8.152212,7.8622117,8.112212,7.372212,7.062212,4.032212,7.172212,8.222212,4.162212,5.792212,3.352212,4.492212,1.2522119,0.102211915,0.2822119,-5.457788,-6.517788,-7.6777883,-8.827788,-8.197788,-9.437788,-5.897788,-2.157788,-2.877788,-2.437788,-4.017788,-1.277788,0.7022119,0.26221192,1.3922119,1.9522119,-2.687788,-2.0077882,-1.6077881
3.832212,4.662212,5.372212,6.762212,6.692212,6.422212,7.412212,7.942212,7.8622117,8.182212,7.442212,7.872212,7.472212,7.3822117,5.892212,7.3422117,5.532212,3.172212,-0.48778808,-1.5577881,-1.777788,-4.017788,-8.457788,-7.937788,-8.687788,-9.837788,-11.197788,-11.107788,-11.897788,-9.317788,-8.987788,-8.367788,-6.8877883,-2.717788,2.7522118,2.352212,-2.417788,-1.5477881,-1.767788,-2.0377882,-1.8577881,-1.1177881,-1.657788
5.8822117,5.142212,5.692212,5.772212,5.512212,7.452212,8.752212,8.662212,9.092212,9.172212,8.852212,8.042212,7.152212,5.832212,5.472212,3.9622118,2.4422119,2.112212,-4.577788,-6.267788,-8.187788,-7.877788,-8.4177885,-8.237788,-8.987788,-10.257788,-11.257788,-12.137788,-11.427788,-5.1377883,-9.757788,-9.457788,-9.367788,-6.627788,-5.997788,-4.817788,-3.697788,3.042212,1.9122119,3.342212,-0.7077881,1.3022119,1.3122119
5.682212,5.452212,5.682212,6.202212,7.482212,7.872212,8.072212,8.252212,7.972212,7.002212,7.082212,6.282212,5.8422117,5.292212,4.122212,6.1122117,-1.777788,0.9122119,-3.157788,-6.237788,-5.777788,-6.737788,-7.147788,-7.047788,-7.6977882,-7.9077883,-8.727788,-9.097788,-8.327788,-7.527788,-7.777788,-7.327788,-7.757788,-7.497788,-5.987788,-2.597788,-0.5977881,0.3622119,0.22221191,-2.0377882,4.252212,-0.87778807,2.362212
6.012212,5.472212,5.422212,5.492212,6.042212,6.682212,6.972212,7.252212,6.232212,5.3022118,6.192212,4.442212,4.5922117,3.772212,4.422212,3.522212,-2.347788,9.342212,-3.477788,-2.577788,-5.067788,-5.547788,-5.4477882,-5.1977882,-4.8677883,-5.077788,-4.967788,-4.897788,-4.847788,-5.077788,-5.6977882,-5.457788,-6.067788,-5.847788,-5.257788,-4.647788,-4.037788,-1.3777881,-0.107788086,4.872212,7.282212,6.0922117,4.6322117
4.312212,4.812212,4.392212,4.892212,4.422212,4.662212,4.782212,4.5922117,4.992212,4.972212,4.442212,3.882212,3.142212,3.122212,2.7122118,2.062212,10.092212,-1.4677881,-7.007788,1.6622119,-0.4477881,-2.577788,-3.157788,-1.407788,-2.0077882,-1.667788,-0.7177881,-2.2577882,-1.6277881,-1.9877881,-2.867788,-3.617788,-5.067788,-4.917788,-3.347788,-2.0577881,-0.5577881,0.9422119,0.62221193,-0.9677881,0.2722119,-0.047788087,1.592212
5.032212,4.492212,4.3022118,4.432212,3.842212,3.382212,3.562212,3.772212,3.2122118,3.1822119,2.9722118,2.4622118,2.2622118,2.902212,1.342212,1.1522119,-1.517788,-3.5677881,0.2822119,1.082212,3.142212,0.6922119,-2.7977881,-3.2577882,-3.0577881,-3.717788,-3.7677882,-3.087788,-2.877788,-3.387788,-4.287788,-4.4077883,-5.107788,-5.217788,-4.437788,-3.617788,-1.6177881,0.22221191,1.362212,0.5322119,-0.9177881,-0.8077881,1.5122119
4.292212,3.852212,4.442212,4.3222117,4.482212,3.832212,3.402212,3.822212,3.072212,2.172212,1.2522119,1.0722119,2.2422118,1.712212,1.1422119,-0.9177881,-1.1177881,-3.117788,-1.5877881,-3.127788,2.302212,0.2822119,-0.20778808,-2.647788,-3.887788,-4.327788,-3.5077882,-3.9877882,-3.957788,-3.417788,-4.1177883,-5.1577883,-5.247788,-4.147788,-3.847788,-3.587788,-4.107788,-2.2577882,-0.7077881,-0.14778809,-0.26778808,-1.3777881,1.0222119
4.652212,4.0722117,4.352212,3.382212,3.7522118,3.4322119,3.792212,3.4722118,2.782212,0.9822119,1.222212,0.44221193,1.1522119,1.352212,-0.017788086,-0.117788084,-3.477788,-3.637788,-3.0377882,-1.6777881,2.4722118,2.882212,-2.847788,-4.207788,-4.417788,-4.6577883,-4.847788,-3.827788,-3.587788,-3.837788,-4.577788,-4.567788,-3.4977882,-1.7277881,-2.847788,-2.937788,-3.177788,-3.727788,-2.647788,-0.9177881,-1.2577881,1.7722119,1.3222119
5.012212,3.332212,4.232212,3.772212,3.022212,3.4322119,2.842212,2.132212,3.572212,1.732212,0.9522119,1.2522119,0.7022119,0.3422119,1.4022119,0.68221194,0.6922119,-0.9777881,-3.947788,-0.7077881,0.5222119,-1.8077881,-4.527788,-3.477788,-3.2877882,-3.227788,-3.427788,-4.277788,-3.837788,-3.177788,-3.087788,-2.677788,-3.117788,-3.3077881,-3.7477882,-0.7677881,-2.2477882,-0.3777881,0.26221192,-0.26778808,-1.767788,-1.767788,0.7722119
2.5122118,2.9422119,5.152212,4.182212,2.402212,2.922212,1.6222119,1.6722119,1.9022119,2.282212,1.582212,1.082212,1.0022119,0.45221192,0.13221191,0.7622119,-1.417788,-2.5077882,-3.957788,-0.5277881,0.14221191,-2.937788,-3.827788,-4.187788,-3.597788,-3.597788,-3.387788,-3.617788,-2.957788,-1.787788,-1.657788,-1.0677881,-1.6977881,-1.4577881,-0.7377881,-0.21778809,-0.8377881,-1.277788,0.24221191,-1.017788,1.8822119,0.5222119,0.12221191
6.232212,5.502212,3.882212,4.712212,4.082212,3.4422119,2.7422118,2.4922118,3.0022118,2.342212,1.3022119,0.9422119,0.9122119,1.5122119,1.102212,-0.8277881,0.4322119,1.3222119,-2.407788,-0.6477881,-2.0677881,-2.677788,-2.927788,-4.227788,-3.417788,-3.4877882,-3.177788,-3.0577881,-2.617788,-2.587788,-1.517788,-0.6477881,-1.3077881,-0.5877881,-1.5077881,0.35221192,-1.3177881,1.0622119,-1.8677881,-0.6577881,-0.4677881,-0.62778807,-0.62778807
