wind_kz.json
{"header": {"discipline":0,"disciplineName":"Meteorological products","gribEdition":2,"gribLength":1025,"center":7,"centerName":"US National Weather Service - NCEP(WMC)","subcenter":0,"refTime":"2023-08-20T06:00:00.000Z","significanceOfRT":1,"significanceOfRTName":"Start of forecast","productStatus":0,"productStatusName":"Operational products","productType":1,"productTypeName":"Forecast products","productDefinitionTemplate":0,"productDefinitionTemplateName":"Analysis/forecast at horizontal level/layer at a point in time","parameterCategory":2,"parameterCategoryName":"UnknownDiscipline_0_Category_2","parameterNumber":2,"parameterNumberName":"UnknownParameter_D0_C2_2","parameterUnit":"Unknown","genProcessType":2,"genProcessTypeName":"Forecast","forecastTime":180,"surface1Type":103,"surface1TypeName":"Specified height level above ground","surface1Value":10.0,"surface2Type":255,"surface2TypeName":"Missing","surface2Value":0.0,"gridDefinitionTemplate":0,"gridDefinitionTemplateName":"Latitude_Longitude","numberPoints":615,"shape":6,"shapeName":"Earth spherical with radius of 6,371,229.0 m","gridUnits":"degrees","resolution":48,"winds":"true","scanMode":64,"nx":41,"ny":15,"basicAngle":0,"lo1":47.0,"la1":41.0,"lo2":87.0,"la2":55.0,"dx":1.0,"dy":1.0}, "data":
[rows 0 to 14 of 15, columns 0 to 40 of 41]
-5.6589355,0.09106445,0.92106444,-3.4389355,-3.9089355,-2.4989355,-1.6189356,-7.4389358,-9.098935,-7.5589356,-6.4589357,-5.8889356,-3.5589356,-1.5989356,-0.35893553,2.0310645,1.4610645,-2.1589355,-3.8789356,-4.9689355,-3.4589355,-1.0989356,-1.7489356,-2.2789354,2.8510644,4.1610646,-2.9089355,2.7610645,-0.08893555,-0.89893556,-0.52893555,-1.0489355,3.2110643,6.8610644,6.1510644,0.23106445,0.42106447,-2.5489357,-2.3689356,-2.3689356,-3.6589355
2.3210645,-1.6289356,-6.2489357,-5.0489354,-4.9289355,-4.2589355,-6.1089354,-7.2889357,-7.2889357,-7.4389358,-5.8289356,-4.6989355,-2.0389357,-0.60893553,1.2810645,-0.46893555,-2.6989355,-2.1289356,-0.40893555,-0.018935546,-1.0989356,-3.0889356,1.9610645,-2.1089356,-1.3089355,2.6210644,-1.8189355,1.1310644,-3.9389355,-1.2289356,-1.2089355,0.53106445,-2.6289356,-1.8489356,-0.85893553,-0.38893554,-0.71893555,0.031064453,-1.0089356,-0.31893554,-5.4789357
-3.5889356,-7.7889357,-6.0789356,-5.8889356,-3.8989356,-5.2889357,-6.4389358,-5.3489356,-5.2889357,-6.2789354,-3.9489355,-2.4289355,-0.58893555,0.17106445,1.3310645,-0.6889355,-0.6789355,0.97106445,-1.5289356,0.6910645,1.3510644,-2.1589355,-1.3489356,1.6510644,-1.1989355,2.2710645,0.14106445,0.8210645,1.2710644,0.6210644,0.28106445,1.6510644,-0.48893556,-0.33893555,-0.18893555,-1.3489356,-1.4089355,0.021064453,-1.2389356,-0.19893555,-0.23893555
-7.0289354,-9.298936,-6.918936,-3.1589355,-2.6789355,-5.7289357,-3.9289355,-4.5289354,-4.0489354,-4.2389355,-2.9389355,-1.9589355,0.15106446,0.83106446,1.5810645,-0.70893556,-0.91893554,-2.1489356,-1.9889356,-0.30893555,2.2810645,0.0010644532,4.4810643,6.0110645,3.1110644,4.2210646,7.8610644,8.271065,7.2610645,-1.0989356,1.4210645,0.16106445,0.21106446,-4.3089356,-2.5789356,-2.3589356,-2.2689354,-0.44893554,1.0810645,0.52106446,1.8910644
-7.7289357,-9.538936,-9.358935,-10.428936,-7.8789353,-5.9389358,-4.9789357,-3.3389356,-3.7189355,-3.2489355,-2.9289355,-0.72893554,1.1710645,-1.9389355,0.41106445,-0.51893556,-0.34893554,0.07106445,0.5710645,1.3810644,2.4910645,5.9410644,2.8910644,3.2910645,4.6010647,4.081064,6.8110642,5.2310643,-0.69893557,-2.9589355,-0.37893555,1.6310644,-2.6189356,-0.36893556,2.2510645,-0.89893556,-4.0289354,4.0110645,-0.29893553,-2.7489355,-3.2989357
-5.8289356,-4.0889354,-9.218936,-8.798936,-8.678936,-7.9789357,-3.3289356,-3.4589355,-3.1489356,-2.8289356,-2.1089356,-3.1289356,-2.0289354,-2.6889355,-0.9289355,-0.37893555,2.2110643,-0.14893554,0.27106446,1.3910644,-1.7389356,-2.6489356,-0.40893555,-2.0589356,0.66106445,3.1910644,5.081064,3.8310645,-0.97893554,-0.7589356,-1.9689355,-4.2389355,-2.8289356,1.1610645,-0.5689356,-1.9589355,-0.18893555,-2.3889356,1.7810645,-2.9489355,-2.9989355
-4.7089357,-3.2589355,-4.918936,-4.4489355,-3.8889356,-1.7589356,-3.0289354,-3.2189355,-2.9489355,-1.6089356,-1.5889355,-2.8089356,-2.4389355,-1.9189355,0.32106444,0.10106445,-0.94893557,-1.1389356,-0.028935546,0.10106445,-1.3889356,-1.8189355,-2.4789355,-2.8589356,-4.6789355,5.2710643,2.4010644,1.4410645,0.6810644,-4.2589355,-6.6189356,-5.418936,-1.7189355,-5.2489357,-3.7089355,-2.9389355,-1.5689355,2.2410645,-2.0889356,0.48106444,1.8910644
-2.0489357,-1.9589355,-1.9589355,-1.9389355,0.22106445,-2.5789356,-1.6789355,-1.1289356,0.7510645,1.8310645,-1.3289355,-3.0289354,-2.7789354,-2.1789355,-0.95893556,-0.24893555,-0.6189355,-2.0489357,-0.38893554,-0.69893557,0.26106444,-0.88893557,-1.1789355,-4.0889354,-2.1889355,1.0710645,-7.4389358,-7.5889354,-7.6489353,-6.1989355,-7.3289356,-4.0489354,-5.8289356,-1.7989355,-1.8889356,2.0310645,3.8110645,2.4610643,-1.3489356,1.0410645,-1.8789356
-2.2389355,-1.2389356,-2.1089356,-1.4389355,-0.77893555,-0.51893556,0.70106447,1.4010644,0.28106445,-1.6589355,0.16106445,-2.6989355,-2.4589355,-2.2189355,-1.8889356,-0.58893555,-0.78893554,-1.1589355,-1.3389355,-2.1089356,-0.7489355,-1.2389356,-0.07893555,-3.6689355,-1.0789355,-1.8089355,-7.4789357,-7.4689355,-3.3089356,-5.4389358,-6.3389354,-3.8689356,-0.45893556,-0.90893555,1.0310645,1.5410645,0.14106445,-3.0989356,-1.1989355,0.27106446,-1.1589355
-0.8089355,-0.18893555,-0.13893555,-0.34893554,-0.84893554,1.7310644,0.051064454,1.6710645,-0.19893555,0.8810645,-1.2189355,-2.1389356,-2.6189356,-0.97893554,-2.4489355,-1.8089355,-0.9289355,-0.5589355,-1.0289356,-0.9289355,-0.048935547,0.9310644,-2.6489356,-5.5089355,-2.2789354,-3.7489355,-7.4489355,-7.1589355,-4.7589355,-4.8989353,-2.8989356,-3.0189354,-0.97893554,-0.48893556,0.96106446,1.5210644,-0.5089356,-0.12893555,-2.6589355,-0.9289355,-1.0189356
1.1610645,0.6810644,0.51106447,-0.13893555,-0.08893555,0.7410644,1.4110645,0.89106447,0.95106447,0.8110645,1.0810645,1.2810645,-1.9389355,-1.4189355,-1.4589355,-2.4489355,-1.4189355,-0.57893556,-0.95893556,-1.5989356,-3.1189356,-4.6889358,-5.3989353,-6.5489354,-3.7489355,-2.8189356,-6.8689356,-6.2889357,-5.1189356,-4.6889358,-3.2289355,-2.3189356,-2.2389355,-1.2289356,-1.9489355,-1.7189355,-1.1989355,-1.0589355,-0.79893553,-0.32893553,-1.9789356
1.9710644,2.1110644,1.7510644,1.4710644,0.77106446,-0.73893553,0.18106446,-0.42893556,0.121064454,1.3310645,0.47106445,2.2110643,1.6510644,1.4010644,-0.19893555,-1.4389355,-1.4089355,-0.40893555,-0.72893554,-1.1889355,-2.6989355,-2.7089355,-3.7389355,-4.9689355,-3.7589355,-1.5289356,-1.4889356,-4.4089355,-5.0689354,-4.9689355,-4.8689356,-4.3189354,-2.8689356,-3.0489357,-2.5489357,-3.0989356,-3.6489356,-1.7989355,-0.64893556,0.49106446,-0.5089356
1.8810644,2.0310645,3.1310644,3.4010644,1.5310645,-0.048935547,-0.9389355,-2.2089355,-1.6589355,-0.7589356,1.0810645,0.7510645,2.2510645,2.1010644,-0.25893554,0.15106446,0.79106444,-1.2789356,-2.0689356,-1.8089355,-2.1589355,-2.1889355,-1.6889355,-1.9989356,-3.4789355,-0.82893556,-0.14893554,-1.8089355,-3.1589355,-3.2389355,-3.4089355,-4.1089354,-3.3589356,-3.4289355,-2.6689355,-2.4789355,-1.9189355,-1.2589356,-2.2189355,-0.72893554,-0.70893556
1.5110644,1.8810644,2.0610645,1.1210644,-0.22893554,-1.0789355,-0.19893555,-0.48893556,1.8810644,0.041064452,1.8610644,1.0710645,1.5610645,0.25106445,1.7510644,0.5610645,0.011064453,-0.53893554,-2.3589356,-0.40893555,-0.85893553,-1.9689355,-1.2889355,-1.8589356,-1.4489355,-0.9389355,-2.2689354,0.7410644,-1.3189355,-3.8889356,-3.8689356,-3.0589356,-2.7589355,-3.3689356,-2.0689356,-2.2589355,-1.9089355,-1.6589355,-1.9889356,-0.8189356,1.2610644
-0.64893556,2.1110644,1.8710644,-0.79893553,-0.15893555,1.4810644,1.3410645,1.5110644,2.8210645,2.7710645,3.3210645,3.8210645,0.83106446,1.2210644,1.0010644,0.86106443,0.31106445,-0.36893556,-0.35893553,-0.69893557,-2.0889356,-1.2089355,-1.3289355,-0.32893553,-3.2389355,-2.7989357,-1.8989356,-1.9989356,-2.3889356,-3.0389357,-2.6289356,-3.2289355,-3.0189354,-3.3189356,-2.8589356,-2.9989355,-1.8689356,-1.6089356,-0.41893554,-1.6089356,-1.0789355
