wind_kz.json
{"header": {"discipline":0,"disciplineName":"Meteorological products","gribEdition":2,"gribLength":1025,"center":7,"centerName":"US National Weather Service - NCEP(WMC)","subcenter":0,"refTime":"2023-09-07T06:00:00.000Z","significanceOfRT":1,"significanceOfRTName":"Start of forecast","productStatus":0,"productStatusName":"Operational products","productType":1,"productTypeName":"Forecast products","productDefinitionTemplate":0,"productDefinitionTemplateName":"Analysis/forecast at horizontal level/layer at a point in time","parameterCategory":2,"parameterCategoryName":"UnknownDiscipline_0_Category_2","parameterNumber":3,"parameterNumberName":"UnknownParameter_D0_C2_3","parameterUnit":"Unknown","genProcessType":2,"genProcessTypeName":"Forecast","forecastTime":180,"surface1Type":103,"surface1TypeName":"Specified height level above ground","surface1Value":10.0,"surface2Type":255,"surface2TypeName":"Missing","surface2Value":0.0,"gridDefinitionTemplate":0,"gridDefinitionTemplateName":"Latitude_Longitude","numberPoints":615,"shape":6,"shapeName":"Earth spherical with radius of 6,371,229.0 m","gridUnits":"degrees","resolution":48,"winds":"true","scanMode":64,"nx":41,"ny":15,"basicAngle":0,"lo1":47.0,"la1":41.0,"lo2":87.0,"la2":55.0,"dx":1.0,"dy":1.0}, "data":
[rows 0 to 14 of 15, columns 0 to 40 of 41]
0.34762207,-0.47237793,-0.80237794,-8.072378,-4.232378,-1.4923779,0.5376221,-1.2223779,-2.602378,-2.572378,-2.552378,-1.8723779,-3.512378,-4.572378,-4.862378,-4.682378,-5.852378,-5.772378,-5.942378,-4.022378,-6.112378,-5.202378,-2.302378,-0.25237793,-3.222378,0.77762204,-0.92237794,1.6776221,-0.8223779,-1.5723779,-3.312378,-3.692378,-1.412378,0.12762207,0.69762206,-2.972378,-2.722378,-4.792378,-1.762378,-9.012378,-3.9123778
1.9376221,-0.22237793,-3.442378,-6.2823777,1.4276221,2.177622,-0.86237794,-1.2123779,-2.072378,-2.9123778,-3.482378,-4.872378,-3.6523778,-4.252378,-5.112378,-4.672378,-4.7423778,-6.882378,-7.572378,-3.792378,-4.452378,-6.732378,-3.792378,1.5176221,0.8676221,0.89762205,-1.8623779,0.50762206,-1.272378,-0.54237795,0.26762208,-0.18237793,-2.582378,-5.312378,-5.372378,-6.192378,-9.802378,-9.602378,-4.072378,-5.862378,-0.01237793
0.44762206,0.94762206,-0.5023779,-1.522378,-5.452378,-2.822378,-0.34237793,-1.532378,-2.502378,-3.772378,-3.862378,-4.082378,-4.892378,-5.342378,-3.952378,-4.202378,-3.862378,-4.5523777,-4.7623777,-5.152378,-1.7423779,-5.132378,-6.942378,-2.322378,-1.912378,-0.5923779,-1.3023779,-1.162378,-0.8323779,1.327622,2.547622,1.9376221,1.717622,-1.8123779,-0.91237795,1.7576221,-0.68237793,-2.732378,-0.41237792,-1.4423779,-3.762378
-1.8423779,2.707622,0.62762207,1.6976221,-1.4923779,-2.972378,-1.3423779,2.3476222,1.1576221,-1.0823779,-2.352378,-3.022378,-6.0323777,-7.442378,-4.062378,-3.8823779,-4.292378,-4.402378,-4.8023777,-5.662378,-4.652378,-4.182378,-2.1723778,-3.522378,-1.2423779,-2.232378,-3.292378,-4.352378,-3.1323779,-2.4323778,-3.052378,-2.582378,-1.042378,-0.29237792,-0.6523779,0.29762208,1.997622,3.457622,0.35762206,2.5876222,2.747622
0.6176221,0.49762207,1.4376221,0.8676221,-0.04237793,-0.16237792,-1.4823779,-2.1523778,3.447622,1.8076221,-0.16237792,-1.5523779,-4.5523777,-6.852378,-5.862378,-3.8723779,-3.692378,-3.3823779,-3.242378,-4.112378,-4.712378,-4.132378,-3.702378,-4.172378,-1.032378,-1.1823779,-2.4323778,-4.0323777,-3.542378,-3.492378,-3.4023778,-0.35237792,1.997622,2.667622,-0.9623779,0.63762206,1.7576221,-0.55237794,-1.9523779,-0.92237794,0.13762207
2.027622,1.5176221,3.3676221,3.5776222,3.497622,4.807622,0.07762207,-3.692378,1.9476221,4.427622,3.5876222,0.58762205,-1.7123779,-3.962378,-4.2623777,-3.482378,-3.772378,-3.802378,-3.002378,-2.742378,-3.742378,-3.202378,-3.722378,-4.2623777,-2.352378,-2.772378,-2.242378,-5.2423778,-5.002378,-4.582378,-6.332378,-2.762378,-2.792378,-2.8723779,1.837622,1.327622,0.8076221,-0.47237793,-1.902378,-0.33237794,2.227622
0.95762205,2.507622,2.257622,2.707622,7.267622,2.937622,2.517622,2.487622,0.5376221,-0.15237793,-1.002378,-0.33237794,-0.7523779,-1.522378,-3.262378,-3.832378,-3.6423779,-3.9323778,-2.1223779,-2.292378,-2.242378,-2.832378,-2.202378,-2.612378,-2.6523778,-3.1323779,-4.402378,-3.472378,-4.152378,-4.7823777,-4.442378,-5.662378,-3.792378,-4.412378,-3.062378,-0.20237793,-1.9923779,-0.67237794,-1.5923779,-1.4523779,-0.61237794
-0.27237794,-1.652378,-0.19237792,3.457622,3.637622,3.747622,1.1876221,1.097622,1.2676221,0.5576221,0.51762205,0.46762207,-1.5723779,-1.3323779,-2.322378,-2.852378,-3.232378,-4.0123777,-3.9223778,-1.2423779,-2.282378,-3.4323778,-2.602378,-2.762378,-1.512378,-0.60237795,-2.6723778,-2.862378,-2.9123778,-3.082378,-3.582378,-4.752378,-3.802378,-4.592378,0.08762207,0.8576221,0.19762208,-2.452378,-0.38237792,1.597622,-1.3723779
-0.5723779,1.5076221,1.237622,1.2976221,-1.392378,1.8076221,1.997622,1.5076221,0.58762205,1.4076221,-0.43237793,0.9276221,-0.21237794,0.09762207,-1.4623779,-1.3523779,-1.9823779,-1.402378,-2.342378,-1.7423779,-1.252378,-1.922378,-2.332378,-2.692378,-2.1723778,-1.2323779,-1.512378,-1.3623779,-2.342378,-1.9723779,-4.122378,-4.942378,-3.772378,-2.702378,-1.4923779,-1.3123779,-0.08237793,-0.17237793,-1.012378,0.20762207,0.75762206
-1.7123779,-0.04237793,1.337622,1.0076221,1.2776221,1.337622,0.5576221,1.497622,1.617622,0.9776221,0.6676221,1.3876221,0.64762205,1.2976221,0.77762204,-1.1223779,-0.6523779,-0.23237793,-1.5823779,-1.4823779,-2.022378,-1.5823779,0.6176221,0.15762207,-0.8323779,-1.1823779,-1.262378,-1.2423779,-1.162378,-1.762378,-1.7123779,-4.822378,-2.722378,-2.4223778,-2.292378,-0.8123779,0.5476221,0.14762206,0.25762206,1.2776221,0.27762207
0.58762205,0.9076221,-0.35237792,0.34762207,1.6676221,1.3776221,1.9076221,1.847622,1.1276221,0.6776221,1.4076221,1.717622,-0.44237792,0.07762207,-1.3023779,-0.8223779,-0.17237793,-0.6523779,-1.542378,-2.322378,-2.1523778,-2.442378,-3.332378,-2.302378,-1.4323779,-1.5523779,-1.7323779,-2.572378,-3.1423779,-1.252378,-2.502378,-3.112378,-2.6323779,-3.212378,-2.362378,-0.5123779,0.7276221,0.8676221,-0.67237794,-0.97237796,-0.7623779
0.17762206,1.077622,2.387622,2.8276222,1.9076221,1.8976221,1.0376221,1.0276221,1.247622,1.977622,0.37762207,1.0476221,1.2876221,1.077622,0.31762207,-1.0723779,-1.0523779,0.8576221,-0.24237794,-1.6023779,-1.5823779,-2.262378,-1.662378,-1.892378,-1.7323779,-2.522378,-2.1623778,-2.6423779,-2.8823779,-3.542378,-2.8923779,-2.9023778,-2.322378,-3.342378,-2.572378,-3.002378,1.477622,0.40762207,0.52762204,-0.8223779,-1.022378
-0.24237794,0.9776221,0.82762206,1.1876221,0.9976221,1.247622,1.347622,2.3176222,2.407622,0.76762205,0.58762205,1.0476221,1.4376221,1.8776221,1.5676221,0.88762206,-0.25237793,-0.5123779,0.52762204,-1.9523779,-0.7623779,0.47762206,0.12762207,-0.03237793,-1.8523779,-2.4023778,-2.9023778,-2.732378,-2.9323778,-2.362378,-3.1823778,-3.062378,-3.322378,-3.262378,-3.292378,-2.782378,-1.8523779,1.207622,1.217622,-0.55237794,-0.97237796
1.357622,0.07762207,1.977622,-0.24237794,0.44762206,1.477622,1.727622,2.1076221,2.057622,0.63762206,0.46762207,0.6776221,1.117622,0.9276221,2.247622,0.9176221,0.48762208,-0.45237792,-1.8023779,0.49762207,-1.3423779,-0.47237793,-0.11237793,-1.022378,-1.752378,-2.692378,-2.1823778,-2.4323778,-2.212378,-2.592378,-3.022378,-2.9323778,-2.772378,-2.962378,-2.842378,-2.972378,-1.922378,-0.9023779,0.14762206,0.25762206,-0.37237793
1.207622,2.3176222,1.957622,1.7976221,2.737622,1.5176221,0.29762208,-0.91237795,2.217622,1.7676221,0.08762207,0.28762206,0.9976221,-0.17237793,1.747622,1.3176221,0.69762206,0.52762204,0.43762207,1.737622,0.04762207,-0.02237793,-0.06237793,-0.92237794,-1.382378,-1.922378,-1.8723779,-2.1723778,-1.6123779,-2.1523778,-2.842378,-3.1423779,-3.002378,-2.302378,-2.692378,-2.962378,-2.022378,-1.662378,-0.80237794,-0.23237793,-0.42237794
