wind_kz.json
{"header": {"discipline":0,"disciplineName":"Meteorological products","gribEdition":2,"gribLength":871,"center":7,"centerName":"US National Weather Service - NCEP(WMC)","subcenter":0,"refTime":"2023-09-30T18:00:00.000Z","significanceOfRT":1,"significanceOfRTName":"Start of forecast","productStatus":0,"productStatusName":"Operational products","productType":1,"productTypeName":"Forecast products","productDefinitionTemplate":0,"productDefinitionTemplateName":"Analysis/forecast at horizontal level/layer at a point in time","parameterCategory":0,"parameterCategoryName":"UnknownDiscipline_0_Category_0","parameterNumber":0,"parameterNumberName":"UnknownParameter_D0_C0_0","parameterUnit":"Unknown","genProcessType":2,"genProcessTypeName":"Forecast","forecastTime":300,"surface1Type":1,"surface1TypeName":"Ground or water surface","surface1Value":0.0,"surface2Type":255,"surface2TypeName":"Missing","surface2Value":0.0,"gridDefinitionTemplate":0,"gridDefinitionTemplateName":"Latitude_Longitude","numberPoints":615,"shape":6,"shapeName":"Earth spherical with radius of 6,371,229.0 m","gridUnits":"degrees","resolution":48,"winds":"true","scanMode":64,"nx":41,"ny":15,"basicAngle":0,"lo1":47.0,"la1":41.0,"lo2":87.0,"la2":55.0,"dx":1.0,"dy":1.0}, "data":
[rows 0 to 14 of 15, columns 0 to 40 of 41]
296.06305,287.66302,291.96304,292.76303,292.66302,291.66302,299.66302,305.16302,302.26303,302.66302,301.66302,301.46304,300.76303,300.26303,300.76303,300.46304,299.86304,300.26303,300.06305,302.46304,303.06305,302.36304,301.66302,297.76303,301.36304,304.66302,295.96304,273.56305,285.46304,279.96304,278.86304,274.96304,293.96304,301.16302,300.86304,300.36304,305.56305,303.46304,301.76303,302.96304,306.56305
273.26303,292.96304,292.46304,292.46304,292.66302,290.96304,303.66302,303.26303,300.76303,301.36304,301.16302,299.56305,300.56305,299.86304,300.46304,300.06305,298.16302,298.96304,297.86304,300.96304,300.66302,300.26303,296.46304,288.26303,274.36304,273.16302,289.06305,286.96304,289.96304,277.66302,287.46304,273.76303,283.46304,265.76303,270.46304,291.46304,297.36304,299.06305,301.26303,293.66302,284.06305
296.36304,292.26303,292.56305,292.06305,290.46304,299.46304,299.46304,299.06305,298.06305,297.56305,297.86304,298.06305,299.46304,299.46304,296.16302,299.16302,297.86304,296.16302,297.06305,296.36304,297.46304,297.86304,295.26303,289.36304,291.76303,295.06305,297.16302,294.76303,293.66302,278.06305,273.16302,273.96304,281.66302,285.96304,284.16302,284.56305,279.56305,283.26303,284.86304,279.16302,271.06305
298.46304,291.26303,292.06305,291.16302,292.16302,297.86304,296.96304,297.76303,298.36304,297.56305,295.86304,293.66302,289.06305,288.46304,294.46304,298.16302,296.46304,296.76303,293.06305,290.76303,287.66302,282.96304,285.36304,285.86304,286.26303,286.16302,289.76303,290.06305,286.86304,287.76303,287.26303,284.66302,282.46304,286.26303,288.06305,286.76303,272.66302,268.96304,274.46304,286.86304,288.96304
295.06305,290.46304,291.06305,290.26303,292.36304,296.36304,296.56305,298.36304,296.36304,295.96304,295.36304,295.46304,287.86304,286.76303,285.46304,293.06305,286.56305,285.96304,285.26303,284.36304,284.26303,283.66302,281.66302,282.06305,287.56305,285.76303,285.06305,286.96304,285.66302,285.56305,287.36304,286.36304,273.16302,270.66302,278.76303,285.46304,289.76303,293.16302,291.56305,292.46304,289.86304
292.56305,292.76303,288.76303,289.76303,289.86304,289.26303,294.96304,292.96304,293.36304,293.96304,292.66302,291.16302,288.06305,287.46304,290.66302,293.56305,288.86304,292.46304,285.06305,284.56305,282.16302,281.36304,280.06305,279.26303,282.26303,284.76303,286.56305,285.16302,286.16302,286.96304,289.66302,283.76303,281.96304,285.96304,281.16302,289.06305,274.06305,275.26303,292.46304,293.76303,290.16302
290.56305,291.26303,290.06305,290.66302,290.26303,291.06305,290.36304,289.06305,289.16302,288.46304,287.86304,285.76303,287.26303,288.46304,289.86304,290.36304,290.76303,289.96304,287.96304,281.86304,280.66302,280.26303,279.26303,278.36304,278.96304,280.66302,286.56305,287.76303,289.66302,287.66302,284.96304,287.66302,288.76303,286.96304,284.86304,283.36304,276.46304,272.76303,271.46304,271.06305,284.06305
289.16302,290.46304,289.66302,288.16302,288.56305,285.36304,284.06305,282.06305,281.56305,281.46304,281.86304,280.26303,281.06305,280.66302,282.46304,283.76303,287.96304,285.26303,284.06305,280.86304,280.46304,279.16302,278.36304,277.06305,277.26303,280.66302,282.96304,284.26303,283.86304,286.36304,285.66302,287.16302,286.46304,284.26303,284.46304,291.06305,290.06305,284.16302,288.26303,288.96304,285.36304
288.16302,287.56305,287.76303,285.96304,282.36304,282.46304,282.56305,285.56305,281.56305,279.86304,279.06305,278.66302,277.86304,278.56305,278.36304,278.96304,279.16302,279.46304,284.46304,280.66302,279.66302,279.16302,276.96304,275.16302,275.06305,278.96304,278.76303,278.66302,279.56305,277.36304,282.86304,284.86304,289.56305,281.96304,283.66302,281.26303,283.86304,279.86304,270.46304,273.66302,271.86304
283.86304,282.76303,281.96304,282.76303,281.76303,282.06305,283.26303,283.76303,283.96304,283.76303,280.76303,278.96304,277.26303,277.86304,277.16302,277.96304,277.56305,277.66302,277.86304,278.96304,279.26303,279.06305,277.86304,275.86304,276.46304,278.96304,279.36304,280.76303,274.56305,280.46304,283.96304,286.36304,287.66302,289.56305,288.36304,287.16302,278.26303,273.36304,273.16302,276.56305,275.36304
282.86304,281.66302,281.06305,281.96304,282.06305,283.36304,283.46304,283.26303,280.86304,281.46304,280.26303,280.26303,279.16302,277.96304,276.96304,278.06305,277.56305,278.66302,276.76303,275.86304,276.06305,275.86304,274.66302,275.26303,277.46304,278.56305,277.36304,282.86304,284.26303,285.76303,287.16302,287.56305,286.56305,285.66302,285.26303,284.96304,275.66302,276.46304,274.36304,276.06305,275.46304
281.16302,281.96304,280.26303,281.06305,282.06305,281.86304,280.96304,280.16302,279.96304,278.86304,278.26303,277.76303,279.06305,277.86304,277.66302,278.66302,280.36304,279.76303,280.26303,276.16302,275.76303,274.86304,275.06305,275.96304,276.66302,278.96304,281.36304,283.36304,284.26303,285.56305,286.16302,284.76303,284.56305,284.86304,283.96304,287.16302,287.06305,286.16302,284.16302,283.96304,279.06305
278.86304,279.06305,280.16302,280.86304,280.66302,279.96304,279.76303,278.76303,278.56305,278.16302,276.16302,275.76303,277.46304,277.26303,278.56305,280.46304,279.86304,279.76303,279.76303,280.56305,279.66302,277.86304,277.96304,278.86304,280.26303,281.26303,282.86304,283.46304,284.56305,285.56305,285.16302,284.46304,286.46304,286.56305,286.16302,284.56305,284.26303,283.36304,283.06305,282.16302,278.86304
280.36304,278.16302,281.26303,278.36304,279.86304,278.96304,278.16302,277.56305,278.56305,278.56305,275.26303,275.16302,275.36304,276.46304,277.76303,279.86304,279.56305,279.26303,280.86304,281.46304,281.56305,281.06305,281.46304,282.06305,282.76303,284.26303,284.26303,284.36304,284.36304,284.56305,284.56305,284.46304,285.06305,283.76303,283.46304,281.56305,281.66302,281.26303,281.06305,279.26303,280.66302
277.16302,278.06305,283.56305,279.36304,278.86304,278.66302,278.16302,278.06305,278.16302,278.56305,276.66302,275.66302,273.86304,275.66302,278.36304,279.16302,279.16302,278.86304,280.66302,280.76303,281.16302,280.86304,280.86304,281.06305,280.56305,282.46304,282.36304,281.96304,282.86304,283.86304,284.46304,283.66302,282.86304,281.96304,280.96304,281.26303,282.06305,277.46304,276.16302,276.06305,275.76303
