wind_kz.json
{"header": {"discipline":0,"disciplineName":"Meteorological products","gribEdition":2,"gribLength":871,"center":7,"centerName":"US National Weather Service - NCEP(WMC)","subcenter":0,"refTime":"2023-08-28T12:00:00.000Z","significanceOfRT":1,"significanceOfRTName":"Start of forecast","productStatus":0,"productStatusName":"Operational products","productType":1,"productTypeName":"Forecast products","productDefinitionTemplate":0,"productDefinitionTemplateName":"Analysis/forecast at horizontal level/layer at a point in time","parameterCategory":0,"parameterCategoryName":"UnknownDiscipline_0_Category_0","parameterNumber":0,"parameterNumberName":"UnknownParameter_D0_C0_0","parameterUnit":"Unknown","genProcessType":2,"genProcessTypeName":"Forecast","forecastTime":120,"surface1Type":1,"surface1TypeName":"Ground or water surface","surface1Value":0.0,"surface2Type":255,"surface2TypeName":"Missing","surface2Value":0.0,"gridDefinitionTemplate":0,"gridDefinitionTemplateName":"Latitude_Longitude","numberPoints":615,"shape":6,"shapeName":"Earth spherical with radius of 6,371,229.0 m","gridUnits":"degrees","resolution":48,"winds":"true","scanMode":64,"nx":41,"ny":15,"basicAngle":0,"lo1":47.0,"la1":41.0,"lo2":87.0,"la2":55.0,"dx":1.0,"dy":1.0}, "data":
[rows 0 to 14 of 15, columns 0 to 40 of 41]
314.58704,298.08704,303.78705,299.58704,299.68704,297.98703,309.08704,318.18704,316.48703,316.88702,314.88702,314.78705,313.18704,312.38702,311.78705,310.98703,310.18704,309.08704,310.58704,310.38702,311.68704,306.88702,306.28705,302.78705,304.58704,307.98703,301.98703,289.78705,289.58704,283.68704,285.98703,283.68704,299.88702,307.08704,308.78705,309.08704,308.78705,308.58704,307.88702,307.58704,307.88702
294.08704,304.18704,298.58704,299.08704,298.88702,297.28705,317.78705,313.78705,311.88702,312.38702,312.78705,311.58704,310.78705,309.38702,309.98703,310.38702,309.48703,308.68704,307.78705,308.78705,308.88702,307.28705,304.18704,294.08704,287.38702,286.38702,297.08704,290.98703,292.98703,285.68704,290.48703,273.38702,288.08704,270.48703,285.58704,303.88702,302.88702,306.58704,309.78705,300.28705,285.98703
307.18704,298.18704,298.58704,298.68704,297.58704,312.78705,310.98703,310.38702,310.08704,308.78705,308.68704,309.18704,307.48703,306.08704,307.38702,308.18704,307.28705,306.18704,305.98703,306.58704,306.38702,304.88702,304.08704,296.28705,302.28705,301.18704,303.28705,302.58704,300.48703,291.28705,283.88702,285.68704,290.68704,291.18704,294.58704,293.38702,284.38702,283.68704,289.58704,284.28705,282.98703
307.28705,298.18704,298.98703,297.88702,300.38702,310.78705,309.88702,310.08704,309.38702,308.78705,308.18704,306.88702,295.68704,294.58704,304.88702,305.48703,305.18704,305.88702,306.08704,305.68704,303.58704,299.78705,303.48703,303.58704,303.78705,304.08704,305.68704,302.58704,304.38702,305.08704,303.98703,301.48703,306.88702,305.28705,303.28705,297.88702,286.78705,286.98703,288.08704,297.88702,301.28705
307.38702,297.48703,298.28705,297.48703,302.28705,306.98703,308.68704,310.48703,308.58704,307.38702,307.78705,306.38702,295.48703,293.88702,291.38702,303.48703,304.28705,301.98703,300.38702,298.28705,300.68704,302.78705,302.98703,302.38702,302.48703,303.38702,302.88702,300.98703,304.78705,304.68704,308.08704,302.98703,289.88702,284.08704,291.68704,301.58704,301.38702,306.78705,306.08704,304.88702,301.88702
310.48703,310.98703,295.88702,296.18704,296.98703,295.98703,308.28705,308.38702,305.98703,305.08704,304.78705,303.68704,295.68704,294.98703,297.98703,299.98703,301.78705,301.58704,300.38702,300.88702,299.58704,295.18704,295.58704,299.88702,300.78705,300.38702,301.78705,292.78705,304.08704,305.38702,304.48703,306.08704,304.38702,301.98703,296.98703,297.18704,292.08704,295.58704,305.68704,305.48703,301.18704
308.18704,309.78705,309.18704,308.68704,305.28705,309.08704,310.68704,308.18704,307.78705,306.88702,306.48703,301.48703,298.08704,296.18704,297.58704,298.18704,298.48703,299.08704,295.28705,293.68704,291.48703,295.48703,293.98703,292.88702,294.38702,297.68704,299.18704,301.08704,300.98703,301.88702,301.68704,301.58704,301.58704,302.38702,300.18704,297.88702,292.58704,291.08704,288.58704,286.78705,296.78705
310.38702,309.58704,305.98703,308.28705,309.98703,309.88702,308.98703,305.88702,304.18704,304.38702,302.78705,302.18704,302.68704,301.78705,301.68704,295.98703,294.08704,293.08704,294.58704,291.88702,291.08704,287.08704,291.68704,287.18704,287.58704,290.08704,292.88702,296.38702,295.48703,296.38702,295.58704,297.48703,296.98703,295.08704,295.88702,299.18704,299.58704,290.68704,299.38702,298.88702,294.88702
309.78705,309.08704,308.58704,307.28705,306.48703,307.48703,306.18704,305.38702,303.68704,302.48703,301.38702,300.58704,298.58704,295.88702,292.58704,295.18704,292.28705,291.98703,291.78705,292.58704,288.28705,289.68704,287.08704,286.18704,285.48703,286.88702,286.28705,287.78705,290.08704,289.28705,291.78705,293.88702,295.28705,296.98703,297.48703,295.18704,294.28705,294.08704,284.48703,283.38702,282.48703
307.38702,305.58704,305.78705,305.68704,305.78705,305.88702,304.68704,302.58704,301.68704,300.58704,298.68704,297.08704,292.78705,290.28705,290.48703,289.78705,290.58704,291.88702,290.08704,289.08704,289.18704,286.48703,290.28705,289.78705,286.58704,285.88702,288.38702,288.78705,289.38702,292.28705,291.58704,295.88702,298.88702,299.38702,299.48703,295.88702,291.78705,287.58704,286.18704,284.08704,281.78705
302.58704,303.08704,304.08704,303.18704,303.08704,303.18704,302.38702,301.68704,300.18704,299.08704,295.48703,289.78705,294.38702,292.68704,292.38702,291.88702,289.38702,287.28705,287.68704,286.68704,285.48703,290.38702,286.68704,288.38702,285.58704,286.28705,285.48703,292.08704,291.28705,294.68704,295.98703,297.48703,295.88702,296.98703,297.68704,294.88702,288.48703,286.28705,288.08704,286.38702,284.18704
303.18704,302.98703,304.88702,303.18704,301.28705,300.08704,298.08704,297.88702,297.88702,297.28705,293.48703,289.38702,291.08704,290.08704,289.68704,289.28705,289.18704,285.88702,284.58704,283.68704,284.48703,283.88702,284.58704,284.58704,284.18704,286.88702,288.88702,294.78705,296.08704,296.48703,294.78705,295.28705,294.88702,293.98703,293.98703,294.08704,294.68704,294.28705,291.98703,292.08704,291.48703
299.18704,301.68704,301.58704,300.88702,298.98703,297.38702,298.08704,298.18704,296.68704,294.68704,290.38702,287.28705,289.58704,288.28705,287.98703,288.48703,285.38702,284.28705,284.18704,283.28705,283.28705,282.78705,282.78705,283.28705,288.18704,290.58704,292.68704,292.78705,293.68704,293.28705,294.08704,292.38702,293.28705,293.68704,294.28705,292.48703,293.28705,294.08704,292.68704,291.68704,290.48703
300.78705,300.08704,296.18704,297.08704,294.88702,297.68704,296.48703,295.08704,292.98703,293.88702,288.58704,287.28705,287.68704,288.38702,288.28705,288.48703,288.68704,290.08704,288.68704,288.38702,288.48703,289.18704,288.88702,289.88702,291.38702,291.58704,293.28705,291.78705,289.38702,291.48703,290.08704,289.48703,290.28705,289.98703,290.58704,290.78705,292.48703,291.48703,288.28705,289.18704,292.08704
297.58704,301.28705,290.88702,298.58704,292.98703,293.98703,293.68704,290.68704,290.48703,293.68704,291.08704,288.68704,287.28705,288.48703,288.48703,289.68704,289.68704,289.28705,290.18704,289.98703,287.78705,288.98703,291.88702,292.48703,290.48703,294.88702,294.58704,289.08704,290.48703,290.08704,289.08704,286.78705,291.18704,290.48703,288.08704,289.98703,291.38702,286.98703,286.88702,286.18704,291.88702
