wind_kz.json
{"header": {"discipline":0,"disciplineName":"Meteorological products","gribEdition":2,"gribLength":1025,"center":7,"centerName":"US National Weather Service - NCEP(WMC)","subcenter":0,"refTime":"2023-08-23T12:00:00.000Z","significanceOfRT":1,"significanceOfRTName":"Start of forecast","productStatus":0,"productStatusName":"Operational products","productType":1,"productTypeName":"Forecast products","productDefinitionTemplate":0,"productDefinitionTemplateName":"Analysis/forecast at horizontal level/layer at a point in time","parameterCategory":2,"parameterCategoryName":"UnknownDiscipline_0_Category_2","parameterNumber":3,"parameterNumberName":"UnknownParameter_D0_C2_3","parameterUnit":"Unknown","genProcessType":2,"genProcessTypeName":"Forecast","forecastTime":300,"surface1Type":103,"surface1TypeName":"Specified height level above ground","surface1Value":10.0,"surface2Type":255,"surface2TypeName":"Missing","surface2Value":0.0,"gridDefinitionTemplate":0,"gridDefinitionTemplateName":"Latitude_Longitude","numberPoints":615,"shape":6,"shapeName":"Earth spherical with radius of 6,371,229.0 m","gridUnits":"degrees","resolution":48,"winds":"true","scanMode":64,"nx":41,"ny":15,"basicAngle":0,"lo1":47.0,"la1":41.0,"lo2":87.0,"la2":55.0,"dx":1.0,"dy":1.0}, "data":
[rows 0 to 14 of 15, columns 0 to 40 of 41]
-0.6106714,-2.7006714,-0.6106714,-10.080671,-4.5906715,1.2793286,-1.4706714,-0.2806714,-2.9806714,-1.5506713,-4.5706716,-2.2806714,-1.7206714,-1.7006714,-1.2706714,-1.8906714,-1.7406714,-2.0406713,-4.4206715,-3.1106713,-2.6206713,-2.8006713,1.2593286,-0.6106714,-1.2206714,-1.1506714,-1.0706714,0.6793286,0.6293286,0.7093286,-1.3106713,-2.3106713,0.5493286,-1.2406714,-1.3706714,-2.0906713,-0.41067138,-1.3106713,-0.48067138,0.29932863,-0.59067136
5.2093287,0.9293286,-6.430671,-8.920671,-1.5306714,2.9993286,-2.9206715,1.9893286,-1.2106714,-2.6506715,-2.6406715,-4.3706713,-3.6306715,-1.9206713,-3.1606715,-0.6806714,0.23932861,-2.0506713,-3.0806713,-3.2606714,-3.9506714,-4.0106716,-1.6506714,0.6793286,0.39932862,0.42932862,-2.4506714,0.16932862,-0.44067138,1.1093286,2.1093285,3.4893286,-0.14067139,-0.8806714,-2.1906714,-2.4906714,-2.7506714,-4.7906713,-0.7306714,-2.0606713,-0.4706714
1.5593286,-0.38067138,-2.3106713,-5.220671,-6.1106715,-1.9606714,-0.23067139,-0.4606714,0.5193286,-0.8706714,-2.7906713,-1.8206714,-2.8506713,-2.7606714,-1.4006714,-1.3506714,-1.2406714,-1.8206714,-3.1206713,-4.0506716,-4.6106715,-2.2506714,-3.7706714,-0.2506714,0.019328613,-0.13067138,-0.5606714,1.8893286,0.18932861,2.7793286,3.6493287,1.1093286,2.6493287,-0.90067136,-0.3706714,2.8893287,3.7093287,-0.3706714,0.019328613,-1.1006714,-2.5106714
0.5093286,0.5093286,-2.3106713,-3.6506715,-5.450671,-3.0806713,-2.3706713,-0.21067138,1.6493286,0.6093286,0.06932861,-1.4106714,-2.4406714,-0.4006714,-1.2006714,-1.4306713,-1.4806714,-2.1706715,-3.3006713,-4.2506714,-4.3906713,-1.1706713,-0.45067137,-1.3506714,-1.8806714,-1.5906714,-1.8506714,0.6993286,-0.4706714,-1.1906714,1.9893286,-0.9406714,-1.5806714,-1.0306714,-0.6106714,-2.4106715,-0.8206714,-0.080671385,1.8893286,2.2093287,2.2093287
-0.9906714,-0.5006714,-0.7606714,-0.7906714,-2.5706713,-2.8706713,-3.1106713,0.3793286,1.2893286,0.039328612,0.48932862,0.029328613,-1.8806714,-1.9206713,-0.32067138,-0.3106714,-1.0906714,-2.2706714,-3.2606714,-4.0506716,-3.3806715,-2.2806714,-1.7206714,-0.16067138,-0.5006714,-0.71067137,-1.5906714,-2.3606713,-2.9006715,1.8193287,1.8293287,1.0893286,1.8393286,1.5893286,-1.1206714,-1.3706714,0.2893286,0.16932862,1.0393286,0.6793286,1.6793286
-1.7206714,-2.1206713,-0.5006714,-1.0906714,-2.0106714,-2.7806714,-2.9706714,-1.7806714,-0.6106714,-0.39067137,-0.9506714,-0.6406714,-1.1606714,-1.5306714,-0.17067139,0.8093286,-0.060671385,-2.1406715,-3.6606715,-3.6606715,-3.8906715,-3.3306713,-3.8006713,-3.4006715,-2.8806715,-2.4606714,-2.7806714,-4.6406713,-0.71067137,-1.2906713,1.7993286,2.6993287,1.8093286,3.1993287,3.1693287,2.5393286,1.5693287,1.4493287,-2.1006713,-0.7306714,-1.1606714
0.4493286,-0.4906714,-0.53067136,-1.3806714,-2.2306714,-2.2306714,-2.3806715,-2.0606713,-2.2006714,-1.9206713,-1.9206713,-1.5506713,-2.1606715,-0.7506714,-0.8106714,2.4393287,1.5593286,-0.5006714,-2.2406714,-2.7306714,-3.6506715,-3.8506713,-4.4206715,-3.9806714,-3.9406714,-3.3306713,-3.3006713,-4.0406713,-2.1606715,1.1993287,1.0893286,1.5493286,-0.120671384,0.8793286,1.1993287,-0.3106714,-3.1706715,-1.3206714,-1.9606714,-2.6206713,-1.9206713
1.1693286,0.59932864,0.4093286,-0.3706714,-1.1806713,-1.4406714,-1.6406714,-1.3906714,-1.0106714,-1.5206714,-1.8106713,-1.0806714,-2.5306714,-1.2006714,-2.2206714,1.7693286,2.4693286,1.4593287,0.45932862,-0.22067139,-2.3006713,-3.0406713,-3.8206713,-3.6506715,-3.4506714,-2.3506713,-2.9206715,-3.4306715,-2.6206713,-5.4606714,-1.6106714,-1.4906714,0.26932862,-2.8706713,-0.8806714,-0.9206714,-0.8806714,0.5893286,-1.2806714,-0.2806714,-2.0506713
0.8593286,0.7493286,0.35932863,0.3493286,-0.5606714,-1.4906714,-2.0406713,-1.9706714,-0.8206714,-1.0506713,-1.7806714,-2.1206713,-1.9606714,-2.6806715,-1.3706714,-1.7406714,-2.1206713,0.6093286,1.7893286,2.4093287,1.5093286,-1.2206714,-2.1406715,-2.5306714,-3.1006713,-3.7106714,-2.7506714,-2.2406714,-3.0606713,-1.5906714,-4.5806713,-5.4606714,-3.4106715,-3.7306714,-1.2306714,2.4493287,-2.0706713,0.42932862,0.5793286,-1.1506714,-1.0606713
1.0493286,0.4393286,-0.110671386,-0.2506714,-0.2506714,-0.9206714,-2.1306715,0.7093286,0.4993286,1.0193286,-0.060671385,-0.5606714,-0.41067138,-0.3106714,-0.3006714,-1.3806714,-2.3006713,-2.7906713,-0.19067138,2.6393287,3.0993285,2.6893287,1.2093287,-1.1306714,-2.0006714,-2.7106714,-2.0906713,-2.4006715,-2.4306715,-2.8506713,-3.5906713,-6.0206714,-5.3706713,-3.9106715,-2.7506714,2.8193285,1.2093287,-1.9006714,-0.1806714,3.0293286,2.2693286
0.90932864,-0.040671386,1.0893286,1.2493286,0.9393286,0.4993286,1.1793286,1.7893286,0.23932861,-0.3106714,0.6793286,1.0993286,-0.23067139,-0.38067138,-0.59067136,-0.2806714,-0.71067137,-0.32067138,-0.32067138,1.0893286,2.6993287,3.6793287,2.6993287,1.0493286,-1.0806714,-0.39067137,0.33932862,-1.7006714,-2.4606714,-2.6406715,-5.3606715,-4.3206716,-6.0906715,-5.2906713,-5.240671,1.0693287,1.5793287,3.3893287,2.3993287,2.0693285,1.0193286
-6.713867E-4,0.8993286,1.8393286,0.6093286,-0.3706714,-0.9206714,0.35932863,0.7993286,-0.080671385,-1.1806713,-0.26067138,-0.3106714,0.059328612,0.06932861,0.7693286,0.24932861,-1.3206714,1.1993287,1.4693286,1.3793286,0.91932863,3.7493286,4.2193284,3.0693285,2.2093287,1.0393286,1.5493286,0.39932862,-1.4206713,-2.0606713,-2.5806713,-5.6706715,-3.9306715,-5.660671,-5.0806713,-4.1906714,1.5893286,2.5293286,3.3793287,3.0993285,1.7493286
-0.44067138,0.10932861,-0.8606714,-0.2706714,-0.13067138,-0.6306714,-0.4006714,0.059328612,0.48932862,1.0493286,0.6493286,0.23932861,-0.09067139,-0.58067137,0.6093286,1.1393286,0.049328614,-0.41067138,3.0993285,2.8993287,2.5993285,2.4793286,2.5693285,2.7993286,2.6393287,2.6993287,1.3593286,1.3093286,0.18932861,-1.0706714,-2.1906714,-2.9406714,-4.0106716,-4.0906715,-4.240671,-4.4806714,-1.7806714,-0.3606714,2.2893286,2.3893287,0.019328613
-0.48067138,-0.7206714,-1.9206713,-0.9406714,-6.713867E-4,-0.020671386,0.7493286,1.3893286,1.5593286,1.6893287,1.6493286,0.7693286,1.1193286,1.4593287,0.5793286,1.2993286,1.1793286,0.59932864,1.1293286,2.5393286,2.1793287,2.4893286,2.7793286,2.7593286,2.1693287,2.2393286,0.9893286,1.7593286,1.6893287,0.4093286,-1.2506714,-1.6006714,-1.6706713,-3.7806714,-4.1506715,-4.7306714,-2.3506713,-1.5306714,0.30932862,2.0793285,1.6093286
0.53932863,-0.20067139,-2.0806713,-0.8506714,-0.8906714,0.35932863,-0.10067139,0.8793286,0.6393286,0.7093286,1.4593287,2.4593287,1.4693286,1.5493286,2.2393286,2.2793286,2.5093286,2.6593287,3.1393287,2.9193287,3.1293287,3.3193285,2.9593287,2.9993286,2.9893286,2.7393286,2.1893287,1.7493286,2.1793287,1.7793286,-0.3006714,-2.1406715,-1.1606714,-2.3506713,-2.2106714,-1.7206714,-1.8306714,0.8393286,0.59932864,0.6093286,0.66932863
