wind_kz.json
{"header": {"discipline":0,"disciplineName":"Meteorological products","gribEdition":2,"gribLength":1025,"center":7,"centerName":"US National Weather Service - NCEP(WMC)","subcenter":0,"refTime":"2023-08-24T18:00:00.000Z","significanceOfRT":1,"significanceOfRTName":"Start of forecast","productStatus":0,"productStatusName":"Operational products","productType":1,"productTypeName":"Forecast products","productDefinitionTemplate":0,"productDefinitionTemplateName":"Analysis/forecast at horizontal level/layer at a point in time","parameterCategory":2,"parameterCategoryName":"UnknownDiscipline_0_Category_2","parameterNumber":2,"parameterNumberName":"UnknownParameter_D0_C2_2","parameterUnit":"Unknown","genProcessType":2,"genProcessTypeName":"Forecast","forecastTime":0,"surface1Type":103,"surface1TypeName":"Specified height level above ground","surface1Value":10.0,"surface2Type":255,"surface2TypeName":"Missing","surface2Value":0.0,"gridDefinitionTemplate":0,"gridDefinitionTemplateName":"Latitude_Longitude","numberPoints":615,"shape":6,"shapeName":"Earth spherical with radius of 6,371,229.0 m","gridUnits":"degrees","resolution":48,"winds":"true","scanMode":64,"nx":41,"ny":15,"basicAngle":0,"lo1":47.0,"la1":41.0,"lo2":87.0,"la2":55.0,"dx":1.0,"dy":1.0}, "data":
[rows 0 to 14 of 15, columns 0 to 40 of 41]
-3.0570114,-0.46701142,2.1929886,0.12298859,-0.8770114,0.15298858,1.7829885,1.7729886,2.7029886,-0.9970114,-2.3470113,-1.2970114,1.4029886,-0.20701142,-2.1570115,-1.8770114,-0.22701141,2.7829885,-1.4070114,-0.4170114,-1.9070114,0.8629886,-3.3670113,-1.1170114,0.13298859,-2.4770114,-3.0170114,-0.37701142,-0.30701143,1.3029885,-0.0070114136,0.2729886,1.6629885,1.7129886,-1.0070114,-0.7770114,0.6129886,0.4829886,-2.3470113,-2.1170113,-3.4170115
1.4929886,1.8729886,1.2429886,-0.107011415,0.57298857,2.4829886,3.9929886,3.1329887,2.7329886,-0.67701143,0.072988585,-0.33701143,0.21298859,3.1229887,-2.9270115,-3.2970114,0.112988584,-0.8370114,-0.6170114,-0.33701143,0.08298859,-0.3270114,-0.30701143,-2.7270114,-0.9470114,-0.5170114,-1.1570114,-0.7170114,-3.1770115,-1.1170114,-0.12701142,-0.36701143,-0.2970114,-1.9070114,0.7429886,-0.15701142,1.2429886,1.2629886,-0.2170114,0.8129886,-0.22701141
1.2329886,-2.5870113,0.1729886,2.1629887,2.8029885,3.6229887,1.2729886,2.1829886,-0.5070114,-0.43701142,1.8929886,3.4429886,2.9229887,3.3629885,-0.8070114,-2.5670114,-2.7270114,0.57298857,1.3429886,1.2129886,0.7129886,2.8429885,-1.0770115,-1.2770114,0.06298859,1.2529886,2.5429885,0.032988586,-3.4670115,-0.5370114,-1.4570115,2.2629886,-0.067011416,-0.5670114,0.14298859,-1.0070114,1.3029885,0.6929886,1.0129886,0.34298858,-0.67701143
-0.7170114,3.2529886,4.6229887,5.7129884,4.6029887,2.4129887,4.5129886,-0.7870114,1.0629886,4.0729885,7.6329885,8.912989,8.352988,4.9229884,-2.7170115,-2.3070114,-0.08701141,-0.23701142,0.4229886,1.9229885,1.5329885,-0.3270114,5.8829885,3.5929885,3.0829885,5.0929885,3.1929886,-1.4570115,0.28298858,1.4529886,-0.5870114,-1.4170114,-2.7870114,-3.0370114,-1.9870114,-2.3470113,-1.4170114,1.5229886,1.3929886,0.4629886,1.8529886
-0.047011413,0.8029886,3.6729887,5.782988,8.112988,5.6329885,2.6229887,2.0729885,3.8829887,1.7129886,-1.3770114,-0.98701143,-4.9370112,-5.0070114,-2.1370115,-0.08701141,-0.2870114,1.1529886,2.7029886,3.3229885,3.2429886,4.3429885,4.7429886,3.9929886,4.4029884,4.4529886,3.0629885,2.4729886,2.7929885,2.4929886,2.9929886,-1.0170114,-2.1570115,1.0129886,2.9129887,2.8729887,0.4929886,-0.5370114,0.4529886,0.58298856,0.012988586
3.4129887,3.0329885,4.4829884,7.5029883,6.8529882,8.452989,5.492988,5.0729885,1.5129886,0.43298858,-1.0870115,-1.4470115,1.3629886,0.5529886,2.1829886,2.6729887,3.7429886,2.3929887,2.2329886,3.5929885,3.5329885,4.9329886,5.9829884,7.1029882,5.432988,5.452988,4.8629885,5.1129885,2.3729887,2.5629885,-1.8570114,-1.9370114,-0.73701143,-1.7470114,-0.9470114,-3.3570113,0.022988586,1.1329886,1.2429886,-1.3970114,0.40298858
2.4429886,3.2329886,2.5929885,3.5429885,1.9529886,-2.1370115,1.4029886,2.0029886,-0.12701142,1.4129885,0.5029886,2.2329886,2.1229887,3.3629885,2.1629887,2.1129885,-2.6070113,-1.6570114,0.7229886,3.6229887,1.5529885,2.8129885,2.8129885,6.432988,7.1329885,6.5229883,5.9429884,6.052988,1.7629886,-1.3170114,-1.9470115,-2.1070113,-1.2870114,-3.0870113,-3.4570115,-2.8270113,-1.4170114,2.5629885,-1.9270114,1.8429886,1.3529886
-0.2570114,1.1729885,2.0629885,1.6329886,1.6529886,2.1829886,2.3429885,3.0029886,1.9829886,3.1629887,3.4229887,2.2629886,1.5229886,-2.3170114,-1.5370114,-1.4470115,-2.4970114,-1.3770114,-0.92701143,0.70298856,2.8929887,1.7929885,2.9229887,2.5629885,3.0529885,4.0729885,5.4629884,5.1729884,2.1429887,-3.5470114,-4.3170114,-3.4170115,-0.22701141,-0.0070114136,-1.6870114,0.44298857,-1.1170114,-1.2070115,0.09298859,-1.7970114,-2.7170115
3.1229887,2.8329885,3.4329886,3.3929887,3.3329885,2.4529886,0.9729886,1.2029886,0.8829886,2.2929885,-1.6470114,-1.1970115,-2.4470115,-1.4070114,-0.2970114,-0.3870114,-2.6770115,-2.5270114,-1.3870114,0.7829886,1.2829885,0.5929886,3.1629887,3.7229886,2.3229885,3.2229886,4.1829886,-0.7770114,-0.79701144,-1.8370115,-2.0570114,-2.4770114,-1.0370114,2.3929887,-0.08701141,-2.4670115,0.2629886,-1.5770115,-0.8870114,0.28298858,-1.2770114
2.6429887,3.2329886,1.0029886,0.37298858,-0.54701144,2.9529886,0.6529886,-1.3870114,-1.7770114,-1.9970114,-2.6570115,-2.3270113,1.1629885,0.22298859,0.47298858,0.5529886,0.5529886,-0.36701143,0.22298859,0.8629886,1.8829886,2.4129887,4.4229884,3.9529886,2.6529887,2.7429886,-0.6970114,-2.5070114,-3.6470115,-2.3470113,-0.40701142,-0.8070114,-3.9770114,-0.2570114,1.6329886,-1.8770114,-2.9770114,-0.4170114,-2.5570114,0.43298858,-1.0870115
3.9529886,0.5629886,0.82298857,0.8729886,-2.1670115,-3.8670113,-1.8370115,-2.2570114,-1.3570114,-1.6770114,-0.6570114,-0.72701144,2.2629886,1.7329886,-1.1170114,-0.3970114,-0.8170114,-0.9470114,-0.49701142,-0.7670114,0.8429886,0.16298859,0.4929886,-2.1970115,-1.6970115,-1.2570114,1.2629886,0.14298859,1.4229885,2.0129886,-1.3870114,0.23298858,-2.9670115,1.3229886,-1.3770114,-2.8870115,-1.4270114,0.25298858,-1.6870114,0.21298859,-0.6470114
-0.6370114,-4.2370114,-2.8070114,-2.7070115,-1.9870114,-2.1870115,-2.5470114,-2.1170113,-1.7270114,-2.9370115,-0.3970114,-0.09701142,-0.16701141,0.102988586,3.6229887,-1.0070114,-0.7870114,-0.4570114,-0.2170114,1.0829886,0.5029886,1.1729885,0.95298856,0.20298858,-0.4270114,-0.077011414,0.18298858,1.7529886,0.7929886,5.3229885,1.4329886,3.4629886,1.6029886,1.7229886,1.4129885,-1.0270114,-2.4870114,-0.2170114,-0.5970114,-0.20701142,-0.31701142
-1.4070114,-2.0870113,-1.6770114,-1.6470114,-0.22701141,-0.027011413,-1.4570115,-0.8770114,-2.6770115,-0.09701142,-0.5170114,1.0929886,2.2529886,4.022989,-0.91701144,-0.6470114,0.112988584,0.7829886,1.8329886,0.12298859,0.4929886,1.0729886,1.9429886,1.8629886,1.5329885,1.6929886,0.9229886,1.0629886,2.0129886,0.09298859,-0.85701144,1.4929886,-1.3970114,1.2229886,3.5829885,-0.23701142,-1.4870114,-1.7770114,-2.3970115,-1.1670114,-1.1070114
0.43298858,1.2729886,2.3129885,2.3429885,1.3529886,1.6529886,1.3229886,1.6329886,1.3029885,1.4829886,0.5329886,0.3929886,1.3329886,0.7529886,-0.9570114,-1.6570114,-0.12701142,0.5429886,0.9629886,1.3429886,1.3529886,1.6129886,2.0829885,1.5929886,2.0129886,0.34298858,0.6129886,-0.017011413,0.6629886,0.19298859,-1.1170114,2.5629885,0.8029886,-0.8270114,1.5829886,1.3329886,-0.7770114,-1.5670114,-2.7770114,-0.7770114,-0.6570114
1.3429886,0.9829886,1.6629885,1.7929885,1.7929885,1.6529886,2.0529885,1.4429886,1.8329886,1.4029886,-0.37701142,0.3629886,0.44298857,1.3429886,2.5729885,2.7929885,2.6329887,2.1229887,2.8329885,3.2729886,2.8229885,2.9929886,2.6129885,2.2529886,1.9029886,0.22298859,0.31298858,-1.3670114,0.5929886,0.43298858,1.3429886,0.8429886,1.1129886,1.1629885,0.7129886,-1.1270114,-0.98701143,1.0529885,-1.0870115,-1.6170114,-1.3870114
