wind_kz.json
{"header": {"discipline":0,"disciplineName":"Meteorological products","gribEdition":2,"gribLength":1025,"center":7,"centerName":"US National Weather Service - NCEP(WMC)","subcenter":0,"refTime":"2023-08-07T00:00:00.000Z","significanceOfRT":1,"significanceOfRTName":"Start of forecast","productStatus":0,"productStatusName":"Operational products","productType":1,"productTypeName":"Forecast products","productDefinitionTemplate":0,"productDefinitionTemplateName":"Analysis/forecast at horizontal level/layer at a point in time","parameterCategory":2,"parameterCategoryName":"UnknownDiscipline_0_Category_2","parameterNumber":2,"parameterNumberName":"UnknownParameter_D0_C2_2","parameterUnit":"Unknown","genProcessType":2,"genProcessTypeName":"Forecast","forecastTime":240,"surface1Type":103,"surface1TypeName":"Specified height level above ground","surface1Value":10.0,"surface2Type":255,"surface2TypeName":"Missing","surface2Value":0.0,"gridDefinitionTemplate":0,"gridDefinitionTemplateName":"Latitude_Longitude","numberPoints":615,"shape":6,"shapeName":"Earth spherical with radius of 6,371,229.0 m","gridUnits":"degrees","resolution":48,"winds":"true","scanMode":64,"nx":41,"ny":15,"basicAngle":0,"lo1":47.0,"la1":41.0,"lo2":87.0,"la2":55.0,"dx":1.0,"dy":1.0}, "data":
[rows 0 to 14 of 15, columns 0 to 40 of 41]
-0.26365966,0.04634033,2.8763404,0.65634036,2.2363403,2.9463403,1.8463403,1.2063403,-4.2436595,-1.4336597,-3.9736598,-5.6436596,-5.13366,-3.8836596,-3.1436596,-3.1136596,-2.5136597,-2.4736598,-2.6936598,-1.0036597,1.8763404,-0.35365966,0.17634033,-1.7736597,0.79634035,-2.0136597,-3.3136597,0.04634033,-0.50365967,0.5063403,1.2763404,-0.31365967,2.3063402,0.7663403,-2.2936597,-2.1736596,-2.3436596,-1.9736596,-2.7636597,-2.1836596,-1.2036597
0.21634033,3.3563404,13.39634,4.7163405,1.9863403,-3.6636596,1.0363404,-4.5236597,-4.8336596,-4.4836597,-4.34366,-5.6036596,-5.6236596,-2.9436598,-2.4336596,-3.1236596,-1.1836597,-2.9936597,-1.7536597,-0.64365965,1.1363404,0.74634033,0.5663403,-3.1036596,1.4563403,1.5763403,-0.26365966,0.59634036,-0.7236597,-0.96365964,0.11634033,0.7763403,-0.69365966,0.61634034,0.90634036,1.1063403,-0.14365967,0.24634033,0.006340332,0.5663403,-1.2836597
1.5163404,5.9363403,6.0263405,1.4363403,3.0063403,3.3063402,-3.0736597,-4.9136596,-6.82366,-4.65366,-4.9836597,-5.36366,-3.8136597,-3.2736597,-2.4936597,-2.9536598,-3.7036598,-2.4536598,-1.6236596,-0.89365965,0.9663403,1.7963403,-4.40366,-1.7736597,1.4363403,1.4363403,1.8663403,-0.06365967,-3.3036597,-0.41365966,0.32634032,2.5263402,-0.003659668,0.066340335,1.0463403,0.056340333,-0.56365967,0.43634033,-1.5436597,1.2263403,2.5363402
2.5263402,4.3963404,4.2063403,1.8363403,1.8963404,-0.21365967,-1.3936597,-5.3136597,-5.11366,-4.63366,-3.5136597,-5.38366,-5.90366,-4.69366,-3.4836597,-3.0036597,-2.7736597,-2.8236597,-2.6636596,-2.7636597,-1.5236597,-2.3036597,3.2363403,2.6163404,3.0863404,4.4663405,3.9063404,1.1863403,3.0163403,2.9963403,1.6163403,-0.30365968,-0.10365967,-3.6236596,-2.8836596,-1.8336596,-1.4436597,1.6863403,1.9063404,0.026340332,0.22634034
0.80634034,3.2463403,3.4963403,3.1363404,2.3363404,-1.6236596,-1.7436596,-4.0636597,-4.4836597,-3.5836596,-4.0636597,-4.0236597,-4.8036594,-5.36366,-4.21366,-3.2036598,-2.6536596,-3.2136598,-2.9636598,-3.1136596,-1.8436596,-0.14365967,0.7563403,2.5363402,3.1463404,3.8463404,3.2963402,4.17634,1.9663403,0.7663403,-2.5536597,-1.5636597,-0.9336597,1.9363403,1.6263404,-0.21365967,-3.4636598,-5.8036594,-2.5936596,-3.0736597,-3.5936596
2.2963402,1.9863403,1.7463403,-1.4336597,-0.5336597,-0.29365966,-2.1836596,-3.5536597,-2.1536596,-3.2936597,-1.2436596,-2.6236596,-3.6736596,-4.7036595,-4.4336596,-2.8236597,-1.8836597,-4.67366,-4.4136596,-3.2536597,-3.1136596,-1.7936597,0.106340334,0.23634033,2.7363403,3.0263402,-1.2636597,-1.7436596,0.74634033,-1.9936596,-4.0236597,-3.4036596,-5.61366,-4.40366,-0.04365967,-1.0236597,-0.013659668,-2.6736596,0.33634034,-2.7736597,-5.0536594
2.7563403,1.6563404,-3.0836596,-2.1536596,-2.6936598,-1.2036597,-2.1836596,-1.5636597,-3.2736597,-3.3836596,-3.7336597,-2.6636596,-3.1636596,-3.2736597,-2.8636596,-2.7936597,-2.9336596,-3.2336597,-2.6636596,-2.8836596,-2.5736597,-2.1836596,-2.4436598,-2.2236598,-2.3536596,-3.9636598,-4.4336596,-4.8936596,-5.6836596,-4.1836596,-4.9536595,-6.2736597,-3.4536598,0.28634033,-2.5336597,-1.8636596,1.3663403,-0.50365967,-2.1636596,0.74634033,1.8663403
0.33634034,-3.7336597,-4.7036595,-3.2936597,-1.5036597,-0.29365966,3.2563403,-1.6336597,-4.7536597,-5.1036596,1.0763403,0.24634033,-2.3736596,-2.7036598,-1.5436597,-2.4736598,-2.8836596,-2.9036596,-2.5136597,-2.7836597,-1.6836597,-1.4436597,-1.3836597,-2.1636596,-2.9536598,-1.6136596,-1.0336597,-3.5436597,-5.3036594,-4.92366,-5.2336597,-4.86366,-3.6536596,0.20634033,-5.2236595,-1.6736597,-2.3236597,-5.90366,-0.9136597,1.9363403,-0.06365967
-3.2136598,-3.9436598,-3.6936598,-2.7136598,-0.64365965,-2.2136598,-4.6836596,-6.8336596,-5.4336596,-2.8836596,1.0663403,1.3463403,0.5863403,-0.14365967,-0.81365967,-0.7436597,-0.053659666,0.8363403,-1.8236597,-2.2136598,-2.3836596,-1.1636597,-1.1036596,-0.96365964,-2.1036596,-1.9936596,-2.7536597,-2.6236596,-2.3436596,-3.9136596,-4.5436597,-3.0236597,-1.2836597,-0.38365966,-2.0836596,0.8163403,-0.24365968,-1.9736596,-0.81365967,-0.47365966,-0.71365964
-3.0236597,-2.8036597,-2.4836597,-2.2536597,-2.2736597,-0.18365967,-2.0036597,-1.7336596,-0.09365967,0.49634033,-0.8536597,0.85634035,0.99634033,1.0863403,-0.24365968,-0.9136597,1.6763403,2.1063404,1.2363403,-1.5536597,-1.4436597,-1.5836596,-1.4936596,-1.5836596,-2.0536597,-2.6436596,-1.7536597,-2.2836597,-1.5636597,-2.2036598,-1.2136596,-1.1036596,-1.8136597,-1.5136597,-0.77365965,0.14634033,-1.3036597,-0.45365965,-0.6636597,0.49634033,0.016340332
-3.0936596,-3.9036596,-2.2036598,-0.90365964,-1.1336597,-1.9236597,-1.2636597,1.0263404,0.5763403,2.2463403,0.24634033,-0.43365967,0.14634033,-0.28365967,1.1363404,1.9363403,0.84634036,1.1663404,-0.6636597,-1.8136597,-1.9036597,-1.9636596,-2.3136597,-2.4536598,-2.4836597,-2.0236597,-0.10365967,-0.29365966,-0.04365967,0.8763403,1.0463403,1.4263403,0.54634035,-0.65365964,-0.33365968,-0.49365968,-0.52365965,0.28634033,-0.32365966,0.37634033,-0.75365967
-1.8336596,-1.9136597,-2.5336597,-2.6736596,-1.1636597,-0.6236597,-1.1936597,-1.3136597,-1.1136596,-1.3836597,-1.8536596,-1.4136597,-0.75365967,0.98634034,2.8363404,2.3963404,2.0763404,-0.50365967,-1.9336597,-1.8636596,-2.1936598,-2.4436598,-2.4136596,-1.3536596,-0.8736597,0.9663403,1.4563403,2.0963404,1.9963403,2.4263403,0.7763403,-0.27365968,0.5663403,0.93634033,0.91634035,0.6963403,1.0663403,0.016340332,0.42634034,-0.23365967,-0.6136597
-0.52365965,-0.10365967,-0.6236597,-0.88365966,-0.6836597,0.31634033,-0.9836597,-1.1136596,-1.2536597,-1.0936596,-1.1036596,-0.47365966,1.3763404,2.7563403,2.7963402,1.8963404,-0.50365967,-1.9136597,-2.1236596,-2.2536597,-1.9336597,-1.6836597,-0.31365967,0.80634034,2.1263404,1.0163404,1.0663403,0.026340332,0.25634032,0.22634034,0.6463403,1.3863404,0.8363403,0.78634036,0.32634032,0.21634033,0.68634033,0.68634033,1.0363404,0.42634034,-0.7236597
1.0463403,0.026340332,0.36634034,-0.89365965,-0.12365967,-0.9336597,-1.3336596,-0.56365967,1.3263403,-0.51365966,-1.1736597,-0.47365966,0.9463403,2.3663404,2.6263404,0.97634035,-0.113659665,-0.90365964,-1.8036597,-1.8136597,-1.8136597,-1.3336596,0.39634034,1.5363404,0.106340334,-0.7836597,0.41634032,1.2863404,0.006340332,0.30634034,0.5763403,0.7063403,0.18634033,-0.40365967,-1.0336597,-1.2936597,-0.10365967,0.48634034,0.15634033,0.07634033,0.18634033
-0.25365967,-0.29365966,-1.0536597,-1.0236597,-0.053659666,-0.06365967,-0.10365967,-0.95365965,-0.35365966,-1.8236597,-0.9836597,0.22634034,0.8963403,1.3763404,1.1363404,1.1963403,-2.0236597,-1.7736597,-1.3536596,-1.3536596,-0.56365967,-0.24365968,0.18634033,1.1763403,0.8263403,0.036340334,0.47634032,0.99634033,1.0463403,0.9563403,0.7063403,-0.9936597,-0.32365966,0.5763403,1.0163404,1.7363403,0.55634034,0.44634032,1.0563403,0.5863403,-0.65365964
