wind_kz.json
{"header": {"discipline":0,"disciplineName":"Meteorological products","gribEdition":2,"gribLength":948,"center":7,"centerName":"US National Weather Service - NCEP(WMC)","subcenter":0,"refTime":"2025-04-06T00:00:00.000Z","significanceOfRT":1,"significanceOfRTName":"Start of forecast","productStatus":0,"productStatusName":"Operational products","productType":1,"productTypeName":"Forecast products","productDefinitionTemplate":0,"productDefinitionTemplateName":"Analysis/forecast at horizontal level/layer at a point in time","parameterCategory":0,"parameterCategoryName":"UnknownDiscipline_0_Category_0","parameterNumber":0,"parameterNumberName":"UnknownParameter_D0_C0_0","parameterUnit":"Unknown","genProcessType":2,"genProcessTypeName":"Forecast","forecastTime":180,"surface1Type":1,"surface1TypeName":"Ground or water surface","surface1Value":0.0,"surface2Type":255,"surface2TypeName":"Missing","surface2Value":0.0,"gridDefinitionTemplate":0,"gridDefinitionTemplateName":"Latitude_Longitude","numberPoints":615,"shape":6,"shapeName":"Earth spherical with radius of 6,371,229.0 m","gridUnits":"degrees","resolution":48,"winds":"true","scanMode":64,"nx":41,"ny":15,"basicAngle":0,"lo1":47.0,"la1":41.0,"lo2":87.0,"la2":55.0,"dx":1.0,"dy":1.0}, "data":
[rows 0 to 14 of 15, columns 0 to 40 of 41]
285.04697,279.347,287.54697,282.54697,283.24698,283.94696,294.64697,305.847,306.94696,309.64697,310.347,312.94696,311.347,311.54697,312.14697,313.347,311.64697,312.74698,314.04697,312.04697,313.44696,308.347,306.64697,300.44696,305.74698,306.74698,296.347,280.04697,281.24698,274.64697,272.44696,267.94696,288.24698,297.74698,298.04697,297.94696,297.74698,297.54697,296.94696,297.44696,298.14697
267.04697,288.14697,281.94696,282.24698,282.847,283.44696,302.64697,302.74698,304.44696,307.04697,309.847,309.24698,311.64697,312.54697,310.847,311.04697,310.74698,313.04697,311.24698,311.54697,310.94696,308.847,302.44696,293.04697,274.14697,286.44696,292.64697,286.44696,289.24698,282.847,287.44696,264.347,284.847,254.34697,262.847,293.74698,292.14697,294.54697,297.64697,290.14697,283.14697
287.94696,281.24698,281.74698,282.14697,282.347,297.24698,298.74698,303.24698,299.94696,303.44696,303.04697,306.24698,310.14697,311.54697,308.64697,308.44696,307.847,308.04697,307.94696,309.847,311.44696,310.14697,306.24698,298.94696,301.24698,299.44696,296.54697,298.94696,296.04697,288.54697,279.14697,282.347,289.94696,289.24698,287.94696,287.64697,277.347,274.94696,281.347,275.74698,270.14697
289.64697,281.74698,280.74698,281.74698,286.347,299.347,299.347,301.64697,300.44696,297.74698,301.64697,300.347,286.14697,286.94696,306.14697,306.54697,306.24698,306.54697,307.04697,306.64697,309.54697,302.347,306.94696,306.44696,304.94696,303.64697,302.74698,299.847,299.94696,298.64697,299.44696,297.64697,303.347,302.847,299.64697,293.64697,281.347,267.74698,282.54697,290.54697,294.04697
290.24698,282.44696,281.94696,282.44696,286.14697,298.74698,301.94696,299.14697,295.14697,296.64697,299.847,297.14697,285.04697,284.847,283.347,304.64697,303.14697,305.347,304.847,304.44696,303.347,309.04697,307.04697,303.24698,304.44696,304.04697,297.94696,289.54697,304.94696,303.847,305.14697,299.54697,285.94696,269.14697,288.44696,297.14697,292.14697,298.04697,297.44696,297.74698,296.94696
290.847,293.14697,282.74698,282.04697,281.347,281.64697,297.64697,299.44696,298.14697,297.74698,297.14697,296.14697,284.847,283.64697,292.847,301.347,302.74698,300.14697,299.64697,301.24698,303.847,305.64697,305.14697,303.347,301.64697,298.94696,298.44696,273.14697,302.64697,302.64697,301.347,301.74698,300.94696,299.14697,294.64697,290.347,288.04697,289.44696,297.94696,297.24698,297.54697
290.54697,289.847,288.54697,290.847,289.14697,296.847,297.64697,296.94696,296.347,296.74698,294.847,294.74698,295.64697,296.44696,296.847,299.14697,300.847,299.24698,297.04697,296.04697,301.64697,300.847,298.64697,299.94696,298.04697,297.847,296.14697,299.54697,300.04697,300.24698,299.94696,299.94696,301.44696,297.847,297.847,294.347,289.64697,288.347,285.44696,284.347,294.54697
283.74698,290.04697,287.74698,291.54697,292.94696,292.64697,295.04697,292.44696,292.347,293.44696,292.847,292.847,294.04697,294.74698,295.64697,297.74698,298.74698,296.94696,297.24698,297.847,296.04697,296.847,297.347,294.94696,294.847,294.54697,294.94696,295.847,295.847,297.74698,295.54697,298.54697,296.847,294.347,294.04697,294.54697,295.94696,273.14697,298.14697,296.04697,294.24698
283.04697,286.347,288.44696,285.847,287.94696,291.847,290.847,292.347,291.94696,291.44696,291.94696,291.54697,292.24698,294.44696,294.74698,295.04697,295.24698,295.04697,296.24698,297.04697,293.44696,291.64697,292.44696,293.04697,294.04697,291.94696,293.44696,294.347,293.24698,291.04697,292.54697,293.44696,296.04697,297.24698,296.44696,293.14697,291.94696,290.94696,272.94696,284.04697,273.94696
280.54697,282.94696,285.94696,284.14697,286.94696,290.64697,290.847,290.847,290.54697,291.24698,290.347,290.347,291.74698,292.64697,293.64697,294.04697,295.14697,295.74698,295.24698,293.74698,292.74698,291.14697,291.24698,288.44696,287.24698,289.347,292.24698,290.54697,290.14697,291.24698,292.54697,295.347,297.347,296.54697,294.54697,293.04697,291.64697,289.44696,288.44696,285.04697,280.74698
281.24698,282.54697,283.847,283.54697,283.74698,289.347,291.04697,290.64697,289.94696,289.54697,289.24698,290.24698,292.44696,291.64697,292.64697,293.04697,292.54697,293.54697,293.54697,292.14697,290.94696,289.14697,288.24698,286.24698,286.44696,285.74698,285.14697,287.54697,289.74698,290.94696,292.74698,294.44696,293.64697,296.54697,297.24698,293.14697,288.64697,287.44696,288.24698,287.24698,282.64697
281.04697,281.74698,283.54697,284.74698,282.14697,285.74698,289.347,289.74698,289.54697,289.24698,286.74698,286.54697,289.04697,288.847,290.14697,291.14697,291.347,291.347,291.54697,290.64697,288.347,287.847,285.64697,283.94696,283.347,285.44696,285.14697,286.04697,286.44696,288.24698,288.94696,291.44696,292.04697,290.24698,293.04697,293.74698,294.24698,293.847,291.54697,290.847,289.54697
275.94696,280.64697,283.54697,284.24698,282.847,285.347,286.64697,288.347,288.847,288.24698,285.74698,284.24698,286.847,286.24698,287.94696,288.54697,290.54697,290.44696,290.64697,289.74698,289.44696,287.44696,288.347,287.44696,287.44696,287.24698,288.44696,287.14697,286.54697,286.64697,287.64697,288.44696,289.347,290.347,290.04697,290.24698,290.44696,292.64697,289.44696,289.54697,289.24698
278.64697,282.44696,277.847,284.44696,282.847,284.44696,284.347,286.14697,287.64697,287.347,284.347,282.24698,285.347,285.74698,287.14697,287.94696,288.24698,288.347,289.347,288.64697,288.44696,288.24698,288.94696,288.74698,289.94696,289.94696,289.04697,288.04697,286.74698,285.94696,286.847,286.24698,286.04697,286.64697,287.04697,285.54697,285.74698,285.44696,287.347,288.04697,290.64697
280.74698,283.847,273.24698,285.44696,285.847,284.54697,283.94696,286.347,287.14697,287.14697,284.64697,285.04697,283.14697,284.54697,285.54697,287.14697,286.847,286.94696,288.24698,287.74698,287.74698,288.54697,288.54697,288.347,289.54697,289.14697,288.847,286.94696,287.54697,286.64697,285.44696,280.44696,285.847,285.24698,285.14697,284.64697,285.24698,284.74698,286.04697,286.04697,287.24698
