wind_kz.json
{"header": {"discipline":0,"disciplineName":"Meteorological products","gribEdition":2,"gribLength":1102,"center":7,"centerName":"US National Weather Service - NCEP(WMC)","subcenter":0,"refTime":"2023-09-10T18:00:00.000Z","significanceOfRT":1,"significanceOfRTName":"Start of forecast","productStatus":0,"productStatusName":"Operational products","productType":1,"productTypeName":"Forecast products","productDefinitionTemplate":0,"productDefinitionTemplateName":"Analysis/forecast at horizontal level/layer at a point in time","parameterCategory":2,"parameterCategoryName":"UnknownDiscipline_0_Category_2","parameterNumber":2,"parameterNumberName":"UnknownParameter_D0_C2_2","parameterUnit":"Unknown","genProcessType":2,"genProcessTypeName":"Forecast","forecastTime":0,"surface1Type":103,"surface1TypeName":"Specified height level above ground","surface1Value":10.0,"surface2Type":255,"surface2TypeName":"Missing","surface2Value":0.0,"gridDefinitionTemplate":0,"gridDefinitionTemplateName":"Latitude_Longitude","numberPoints":615,"shape":6,"shapeName":"Earth spherical with radius of 6,371,229.0 m","gridUnits":"degrees","resolution":48,"winds":"true","scanMode":64,"nx":41,"ny":15,"basicAngle":0,"lo1":47.0,"la1":41.0,"lo2":87.0,"la2":55.0,"dx":1.0,"dy":1.0}, "data":
[rows 0 to 14 of 15, columns 0 to 40 of 41]
-1.8960303,0.44396973,1.4539697,4.3139696,6.30397,6.9839697,6.6439695,8.173969,10.07397,9.31397,11.70397,11.39397,9.843969,5.9139695,3.8039696,0.81396973,-0.87603027,-1.3160303,-3.7760303,-3.4660304,-3.6160302,-1.2060302,-1.6860303,-3.0160303,1.2339697,-2.3160303,-3.4260302,-0.6560303,-0.63603026,0.92396975,-0.83603024,1.1139697,0.61396974,-1.0360303,-3.3760302,-3.8360302,-4.29603,-4.67603,-4.54603,-2.0860302,-4.2860303
2.4239697,-0.3860303,7.53397,8.85397,8.35397,9.77397,8.31397,9.27397,11.11397,12.883969,11.60397,12.70397,11.85397,6.78397,2.5739698,-2.4160302,-1.7660303,-3.7860303,-3.0260303,-3.5360303,-3.1960304,-2.5960302,-1.8660302,-3.2860303,0.3639697,0.43396974,-1.1060302,0.9039697,-0.7760303,0.20396973,-0.086030275,-0.57603025,-0.62603027,-1.5060303,0.81396973,0.16396973,-0.63603026,0.67396975,-0.68603027,1.0539697,-2.9160302
4.6639695,10.763969,10.27397,9.83397,9.79397,6.5839696,8.77397,13.423969,15.20397,11.36397,12.41397,13.343969,12.00397,1.9739697,1.0739697,-2.2360303,-2.3760302,-4.0160303,-3.2860303,-2.3860302,-1.9760302,-1.8560302,-1.8560302,-1.7560303,0.14396973,-0.5560303,-4.6460304,-1.0660303,-0.15603027,-0.20603028,-1.3660302,2.9239697,0.55396974,-0.3860303,0.20396973,-1.8160303,-0.14603028,0.07396973,0.013969727,2.0239697,1.7839698
5.5839696,11.82397,9.10397,11.23397,9.70397,11.35397,11.763969,8.86397,11.133969,13.23397,14.45397,13.64397,9.90397,-7.1460304,-5.21603,-5.96603,-2.7360303,-3.9860303,-3.8460302,-2.5960302,0.043969728,-0.7260303,-2.1360302,-3.5760303,-3.5360303,-3.9160302,-3.0960302,-5.69603,-2.5760303,-1.2960303,0.62396973,-0.36603028,-2.7760303,0.26396972,0.0039697266,-2.4760303,-1.8760303,2.1539698,0.7539697,0.11396973,-1.0560303
5.32397,8.19397,9.71397,10.03397,6.9139695,4.95397,6.0039697,8.66397,10.593969,12.79397,11.86397,9.39397,-3.2960303,-8.526031,-10.47603,-6.5760303,-1.9660302,-0.8060303,-3.5760303,-4.4360304,-4.13603,-4.54603,-4.13603,-3.9760303,-2.3060303,-2.5260303,-4.8160305,-2.8260303,-1.8860303,-2.3460302,-2.1360302,-1.5360303,-2.1760302,2.3839698,2.3539698,1.5839697,-0.88603026,-3.1760302,-2.8560302,-3.2260303,-3.7760303
4.0839696,4.1839695,9.15397,7.9139695,3.2439697,2.0439696,2.9739697,6.03397,0.41396973,-5.6060305,-10.33603,-8.92603,-11.12603,-11.026031,-9.59603,-5.2660303,-3.1460302,2.4239697,-2.6560302,-3.9760303,-4.79603,-4.15603,-3.8160303,-4.3060303,-3.9460304,-3.9460304,-2.4460304,-1.3060303,-1.3860303,-2.0760303,-3.5860302,-2.3560302,-1.6060302,-0.8060303,-0.04603027,-3.4660304,0.43396974,-2.6460302,-2.5760303,-4.0160303,-4.4760303
2.8839698,3.8439698,5.8339696,4.80397,2.7639697,0.9639697,1.3139697,1.5439698,-3.4760303,-6.36603,-8.276031,-9.16603,-8.72603,-8.156031,-6.3060303,-4.1260304,2.5439696,-2.6960304,-4.3360305,-6.2660303,-6.4960303,-6.3760304,-5.19603,-5.44603,-3.8060303,-3.6260302,-2.8160303,-1.8860303,-0.12603027,-0.28603026,-1.8560302,-1.6260303,-2.4760303,-0.016030274,1.4939697,-2.3360302,-0.9960303,0.28396973,-2.1060302,2.1739697,1.0639697
3.9839697,4.5239697,4.07397,3.0439696,3.5739698,2.1839697,0.8239697,-0.32603028,-3.9560304,-4.00603,-5.96603,-7.42603,-6.34603,-7.50603,-4.2660303,-7.8060303,-5.44603,-6.71603,-6.2260303,-7.3160305,-7.4960303,-7.2660303,-4.98603,-5.11603,-4.36603,-1.9360303,-2.8660302,-0.6760303,-0.15603027,0.30396974,0.27396974,-0.26603028,-2.2760303,-0.5260303,-1.4160303,-2.9060302,-0.9060303,-0.7960303,0.42396972,-3.1160302,-2.2960303
4.8139696,4.20397,2.3339698,2.6639698,2.4639697,0.013969727,2.6939697,-0.04603027,-0.6160303,-3.2860303,-2.6260302,-2.2860303,-2.3860302,-2.8260303,-5.2260303,-3.8460302,-5.2260303,-5.3560305,-6.11603,-7.71603,-8.59603,-6.1460304,-4.3960304,-4.3360305,-2.9760303,-2.0960302,-2.3660302,-2.1260302,-0.036030274,-0.026030274,-0.56603026,0.91396976,2.5339696,-1.9160303,-0.16603027,-1.9060303,-1.5660303,0.5739697,0.42396972,-0.17603028,-1.5260303
1.7439697,0.41396973,1.3139697,0.92396975,1.0339698,0.46396974,-0.7760303,-1.6460303,-0.56603026,-1.6460303,-3.0960302,-4.50603,1.2239697,-3.2660303,-4.2860303,-3.8860302,-4.6460304,-3.1260302,-4.40603,-5.67603,-5.44603,-4.2260303,-4.2860303,-2.8760302,-2.4360304,-1.6460303,-1.4360303,-0.69603026,1.0439698,1.9439697,2.1439698,3.4939697,3.7239697,-0.40603027,-0.30603027,1.1139697,-1.9660302,-0.6660303,-1.7260302,0.16396973,-0.58603024
1.2939698,1.2939698,-0.116030276,-0.27603027,0.013969727,-0.14603028,-1.0760303,-0.39603028,-2.3860302,-3.2060304,-2.6460302,-1.6460303,1.9139698,-3.5760303,-3.0060303,-3.0560303,-3.7060304,-4.02603,-4.0160303,-4.1660304,-4.6460304,-3.9260302,-4.3560305,-2.1860304,-1.5360303,-1.4060303,0.5939697,1.2339697,3.3839698,3.9639697,3.6539698,3.9539697,1.5239698,-2.1960304,-0.18603027,-2.1560302,-1.3960303,-0.22603028,-1.4360303,1.1539698,-1.1860303
1.1639698,-0.07603028,-0.7760303,-0.116030276,0.45396972,-0.62603027,-0.70603025,-2.2260303,-2.2960303,-1.1160302,-1.2060302,-2.1160302,-2.3960302,-2.5560303,-1.4960303,-2.6660302,-2.7060304,-2.8760302,-2.8960302,-2.2560303,-3.2560303,-2.7260303,-3.1860304,-2.6760302,-1.2160302,-0.18603027,1.9539697,4.20397,3.1839697,-0.88603026,-2.5960302,-7.0160303,-4.21603,-4.7260303,-4.52603,-3.9660304,-3.4960303,-1.5960302,-0.25603026,-0.68603027,-0.42603028
1.0239698,-0.16603027,0.7639697,-1.4960303,-2.2760303,-0.33603027,0.023969727,-0.48603028,0.15396972,-1.0760303,-0.6660303,-0.8660303,0.32396972,-0.42603028,-1.3960303,-1.2160302,-1.2460303,-2.6060302,-3.3860302,-3.7660303,-1.5860302,-1.8860303,-1.5360303,-0.9160303,-0.026030274,0.61396974,4.1639695,3.5339696,-3.3460302,-2.9660304,-3.8660302,-5.0560303,-5.96603,-4.48603,-3.8960302,-4.50603,-3.1660302,-2.1960304,-3.8060303,-2.5960302,-1.0460303
1.6439698,0.91396976,0.45396972,-0.94603026,-0.8660303,-1.3060303,-1.9560302,-1.4460303,-0.016030274,-1.2260302,-1.1160302,-1.4260303,-1.2160302,-1.6860303,-0.8660303,-1.0560303,-2.5960302,-2.0560303,-3.2860303,-2.8860302,-3.5160303,-3.0660303,-2.8460302,-1.2360302,0.013969727,0.92396975,2.5639696,-1.9960303,-4.5860305,-4.3360305,-3.8060303,-3.7660303,-3.6760302,-3.7060304,-2.4960303,-3.1960304,-2.7560303,-2.5960302,-2.4260302,-1.3460302,-0.44603026
0.5839697,-0.69603026,-2.9060302,-2.2260303,-1.1760303,-1.4260303,-2.6560302,-1.5460303,-1.3660302,-3.4060302,-2.6260302,-2.8160303,-1.5160303,-1.6560303,-3.1860304,-2.9160302,-3.1160302,-2.7760303,-3.0660303,-3.0460303,-2.7460303,-3.0160303,-0.56603026,-0.47603026,1.4239697,1.0739697,-2.8360302,-2.2960303,-4.1260304,-3.3960302,-3.8760302,-3.8560302,-3.9160302,-4.1460304,-3.9360304,-3.2760303,-2.8560302,-2.8060303,-2.0260303,-0.9660303,-0.7260303
