wind_kz.json
{"header": {"discipline":0,"disciplineName":"Meteorological products","gribEdition":2,"gribLength":1025,"center":7,"centerName":"US National Weather Service - NCEP(WMC)","subcenter":0,"refTime":"2023-09-25T06:00:00.000Z","significanceOfRT":1,"significanceOfRTName":"Start of forecast","productStatus":0,"productStatusName":"Operational products","productType":1,"productTypeName":"Forecast products","productDefinitionTemplate":0,"productDefinitionTemplateName":"Analysis/forecast at horizontal level/layer at a point in time","parameterCategory":2,"parameterCategoryName":"UnknownDiscipline_0_Category_2","parameterNumber":3,"parameterNumberName":"UnknownParameter_D0_C2_3","parameterUnit":"Unknown","genProcessType":2,"genProcessTypeName":"Forecast","forecastTime":0,"surface1Type":103,"surface1TypeName":"Specified height level above ground","surface1Value":10.0,"surface2Type":255,"surface2TypeName":"Missing","surface2Value":0.0,"gridDefinitionTemplate":0,"gridDefinitionTemplateName":"Latitude_Longitude","numberPoints":615,"shape":6,"shapeName":"Earth spherical with radius of 6,371,229.0 m","gridUnits":"degrees","resolution":48,"winds":"true","scanMode":64,"nx":41,"ny":15,"basicAngle":0,"lo1":47.0,"la1":41.0,"lo2":87.0,"la2":55.0,"dx":1.0,"dy":1.0}, "data":
[rows 0 to 14 of 15, columns 0 to 40 of 41]
0.8744897,0.9344897,1.3144897,3.6944897,1.3744898,-0.17551026,1.0544897,0.60448974,-0.34551024,-0.17551026,-2.3155103,-2.5455103,-3.8055103,-4.4255104,-5.10551,-4.62551,-2.8155103,-1.7355102,-4.9055104,-3.4755104,-1.9155103,-0.9355103,1.3744898,1.4744897,2.0344896,1.9044898,1.1344898,-1.7355102,-2.5155103,-2.1255102,-0.10551026,1.5944897,-1.8555102,0.014489746,2.0144897,1.5644897,0.7544897,0.54448974,-0.005510254,1.6944897,3.0444899
0.46448976,-0.31551024,4.33449,3.2844896,1.6244898,1.6144898,-0.18551025,-0.10551026,-1.0455103,-1.2355102,-1.0555103,-3.5255103,-3.8755102,-4.4455104,-5.3855104,-5.2555103,-1.5555103,-0.5555103,-2.6455102,-6.8855104,-5.43551,0.55448973,3.6744897,-1.9155103,1.6844897,2.0844898,2.9944897,-1.8555102,-1.5755103,-1.7255102,-2.4555101,-2.2955103,0.30448973,-0.8655102,1.4544897,1.9444897,3.0044897,2.1244898,3.5844898,0.14448975,0.08448975
0.6244897,4.5344896,3.5944898,2.1644897,1.1444898,0.67448974,0.47448975,-0.65551025,-0.20551026,-0.5055103,-2.6155102,-3.2355103,-3.9255102,-3.6755102,-4.37551,-5.1155105,-4.70551,-3.9155102,-3.1955101,-2.3455102,-1.9355103,-4.1755104,-4.0855103,-2.3155103,-2.3055103,-1.7355102,-1.4755102,-1.9455103,-0.24551025,-3.2255104,-1.9955102,-0.70551026,-3.1155102,1.4544897,0.13448974,-2.8255103,-3.1555102,-1.0855103,-1.8155103,-1.2155102,0.16448975
3.4144897,2.7444897,2.4244897,2.1044898,1.1744897,0.98448974,0.96448976,-0.19551025,0.38448974,0.17448975,-1.6455102,-2.8255103,-3.4155102,-4.20551,-3.8155103,-4.78551,-4.7955103,-4.6955104,-4.2955103,-3.8255103,-2.8155103,-3.4855103,0.84448975,-1.5855103,-2.3955102,-3.2355103,-2.9855103,-2.3155103,-2.2155104,-4.1555104,-3.7255104,1.4544897,1.8044897,2.0644898,-1.1555103,1.9644897,2.4244897,2.5144897,-3.0055103,-1.6955103,-2.1055102
1.2444898,0.7544897,0.8144897,0.95448977,1.4344897,1.0944897,0.08448975,-0.045510255,0.76448977,-0.45551026,-1.0755103,-1.8255103,-2.6755102,-3.6955101,-3.1955101,-3.2355103,-3.8855102,-3.5955102,-3.1855102,-2.4955103,-1.2855103,0.60448974,-0.18551025,-0.82551026,-0.79551023,-1.7155102,-2.8755102,-2.2055101,-2.1655102,-3.5255103,-4.3455105,-5.32551,-2.9655104,-2.9355102,0.96448976,1.0844897,-0.27551025,-1.9055103,1.8944898,-3.7355103,-1.6855103
0.59448975,0.6844897,-0.71551025,2.3244898,2.3844898,1.4644897,0.83448976,0.27448976,-0.48551026,-0.18551025,-0.84551024,-1.4655102,-2.4655104,-3.1255102,-3.1755102,-2.3755102,-1.5555103,-1.4555103,-1.2855103,-0.43551025,-0.83551025,-1.0455103,-0.7455103,-1.1555103,-1.8355103,-1.8855102,-2.2655103,-2.8455102,-2.9255102,-2.7655103,-2.2155104,-1.5655103,-2.0255103,-2.1755102,-1.9755102,-0.77551025,-2.7455103,-2.9555101,-3.0455103,-4.35551,2.6744897
0.55448973,0.41448975,0.53448975,2.5744898,1.9644897,1.1544898,0.5644897,0.22448975,-0.29551026,-0.52551025,-0.91551024,-1.3855102,-2.1955101,-3.1155102,-2.7155104,-2.3355103,-1.2455102,-0.34551024,-0.18551025,-0.19551025,-0.7455103,-1.0355103,-1.4755102,-1.9155103,-1.6255102,-2.0855103,-2.7955103,-3.9555101,-2.2255104,-1.1955103,-1.9555103,-2.4455101,-0.51551026,1.4944898,-0.09551025,0.45448974,2.2844896,2.1144898,-2.1255102,1.4344897,4.39449
0.80448973,-0.38551027,2.6144898,1.9444897,2.6344898,1.8844898,1.2844898,0.59448975,0.18448974,-0.035510253,-0.9955103,-0.73551023,-1.8155103,-1.8055103,-2.3055103,-1.7155102,-1.6055102,-0.79551023,-1.0455103,-0.6155102,-0.6155102,-1.2355102,-1.4055103,-1.8955102,-2.3855102,-3.1655102,-3.7155104,-4.12551,-4.1355104,-1.2255102,-1.6055102,-2.0255103,-0.39551026,2.3244898,3.8444898,2.2744896,-0.89551026,-0.40551025,0.12448975,-0.91551024,-0.34551024
-0.20551026,2.5344896,1.4644897,2.4644897,2.0944898,1.8544898,2.8044899,1.5244898,1.0644897,0.30448973,-0.13551025,-0.96551025,-0.84551024,-1.1455102,-1.2355102,-1.3555102,-1.1355102,-1.1655103,-1.0955102,-1.2055103,-1.4855102,-1.8555102,-2.0755103,-2.4955103,-1.9955102,-1.7755103,-1.4155103,-2.7055101,-4.47551,-4.3455105,-4.95551,-4.85551,-2.1355102,-0.51551026,1.9244897,2.6144898,2.3644898,3.0344896,0.46448976,0.014489746,2.2844896
-0.24551025,1.2844898,1.8444897,1.7644898,1.4444897,1.6044898,1.0544897,2.0044897,2.3744898,1.2744898,0.19448975,-0.7555103,-0.12551026,-0.25551024,-0.6155102,-0.27551025,-0.44551027,-0.33551025,-0.23551026,-1.1355102,-0.9955103,-0.91551024,-1.3755102,-1.2855103,-1.1555103,-1.2055103,-1.2355102,-0.54551023,-1.0155102,-2.2855103,-3.3955102,-4.78551,-2.7755103,-1.7855103,0.53448975,2.5644898,1.3144897,2.1444898,2.9844897,2.1444898,1.6044898
-0.32551026,-0.33551025,0.004489746,-0.40551025,0.08448975,0.51448977,1.3744898,0.98448974,-0.12551026,-0.42551026,-1.3355103,-1.0955102,0.11448975,-0.29551026,0.13448974,0.51448977,0.19448975,-0.58551025,-0.7455103,-1.5555103,-1.6155102,-2.2255104,-2.3255103,-2.7855103,-3.1955101,-1.1955103,-1.0355103,-0.98551023,-1.3155103,-1.9255103,-2.3355103,-2.9755104,-0.89551026,-0.83551025,2.4444897,5.3044896,2.6144898,2.4744897,5.14449,2.3844898,1.0444897
1.2244897,0.64448977,-0.24551025,-1.4155103,-2.1355102,-0.075510256,1.4544897,1.8044897,1.2544898,-0.26551026,-0.97551024,-1.7855103,-0.53551024,0.98448974,-0.7555103,-1.4455103,-0.44551027,-0.6755102,-0.82551026,-1.8755102,-1.5355103,-2.6955101,-1.6255102,-1.3655102,-1.5055102,-2.1555102,-3.6555102,-3.6355102,-2.6655102,-2.4755104,-2.9755104,-2.5555103,-2.8755102,-1.8955102,0.8244898,3.6744897,5.8444896,4.94449,2.5344896,1.7344898,2.3944898
1.6544898,0.78448975,0.5744898,0.24448974,-0.28551024,-0.29551026,1.2144897,1.7944897,1.0944897,1.3044897,0.22448975,-0.94551027,-0.89551026,-0.17551026,0.35448974,0.024489745,-0.29551026,-1.4855102,-1.9255103,-1.8655102,-1.0655103,-1.7055103,-1.2555102,-0.38551027,-0.98551023,-2.5155103,-1.5855103,-1.3055103,-2.1655102,-2.5155103,-2.1455102,-3.2755103,-3.2955103,-1.0955102,-1.3955102,-1.3755102,1.4244897,1.5344898,3.2744896,3.4744897,1.3244897
2.6444898,1.8244897,1.0244898,1.3844898,0.77448976,0.70448977,1.8244897,1.8444897,1.2244897,1.8844898,0.76448977,0.38448974,0.21448974,0.42448974,0.40448976,0.35448974,-0.20551026,-0.9255102,-1.6055102,-1.5755103,-1.5655103,-1.2555102,-1.4355103,-1.7655102,-1.7355102,-1.5555103,-1.0555103,-0.8655102,-1.4355103,-1.9955102,-2.0455103,-2.7255104,-2.0755103,-2.0755103,-2.4255102,-3.5155103,-1.9955102,-2.5155103,0.23448974,2.0144897,2.2644897
2.7144897,2.6344898,2.4344897,2.4544897,2.5544899,2.3144898,2.1444898,1.8244897,1.4344897,1.7744898,2.1044898,1.4644897,0.76448977,-0.075510256,0.64448977,0.54448974,-0.43551025,-1.3555102,-1.4355103,-1.3355103,-1.4955102,-2.0555103,-2.3355103,-2.3155103,-2.5655103,-2.6855102,-2.5055103,-2.2455103,-1.8355103,-1.0655103,-1.3155103,-1.8755102,-1.6455102,-1.9455103,-2.7155104,-3.7255104,-3.5855103,-2.3455102,-0.89551026,0.49448976,0.66448975
