wind_kz.json
{"header": {"discipline":0,"disciplineName":"Meteorological products","gribEdition":2,"gribLength":1025,"center":7,"centerName":"US National Weather Service - NCEP(WMC)","subcenter":0,"refTime":"2023-09-30T12:00:00.000Z","significanceOfRT":1,"significanceOfRTName":"Start of forecast","productStatus":0,"productStatusName":"Operational products","productType":1,"productTypeName":"Forecast products","productDefinitionTemplate":0,"productDefinitionTemplateName":"Analysis/forecast at horizontal level/layer at a point in time","parameterCategory":2,"parameterCategoryName":"UnknownDiscipline_0_Category_2","parameterNumber":2,"parameterNumberName":"UnknownParameter_D0_C2_2","parameterUnit":"Unknown","genProcessType":2,"genProcessTypeName":"Forecast","forecastTime":60,"surface1Type":103,"surface1TypeName":"Specified height level above ground","surface1Value":10.0,"surface2Type":255,"surface2TypeName":"Missing","surface2Value":0.0,"gridDefinitionTemplate":0,"gridDefinitionTemplateName":"Latitude_Longitude","numberPoints":615,"shape":6,"shapeName":"Earth spherical with radius of 6,371,229.0 m","gridUnits":"degrees","resolution":48,"winds":"true","scanMode":64,"nx":41,"ny":15,"basicAngle":0,"lo1":47.0,"la1":41.0,"lo2":87.0,"la2":55.0,"dx":1.0,"dy":1.0}, "data":
[rows 0 to 14 of 15, columns 0 to 40 of 41]
0.082924806,-0.6170752,2.032925,2.9429247,-4.2170753,-8.827075,-7.3870754,-6.107075,-8.797075,-5.1970754,-4.8170753,-4.587075,-4.037075,-3.6870751,-3.217075,-3.737075,-3.4470751,-2.7770753,-3.6070752,-2.707075,-2.2770753,-0.6670752,-0.8870752,-1.5370752,0.6229248,-2.5470753,-2.5170753,0.5629248,1.0729249,0.7929248,-1.6170752,2.0829248,0.1029248,0.7629248,-1.0870752,-1.9470752,-2.3670752,-0.8670752,-3.5170753,-1.0570751,-1.2870752
1.3829248,2.3729248,0.5629248,-1.4170752,-6.107075,-6.9470754,-5.147075,-8.627075,-6.117075,-3.977075,-3.8370752,-4.2170753,-3.4370751,-2.8270752,-3.0470753,-4.667075,-4.107075,-3.4470751,-2.4070752,-2.5870752,-1.8570752,-0.3070752,-1.2770752,-2.0170753,1.0429248,0.9829248,0.6029248,1.7929248,0.5529248,-0.5470752,-0.017075196,-0.1270752,-0.6170752,-0.2370752,0.042924806,-1.2070752,-1.6470752,-1.0070752,0.8329248,0.4029248,-2.1470752
1.9329247,4.3429246,-0.7070752,-1.1670752,-5.357075,-6.517075,-7.117075,-4.0470753,-5.767075,-4.807075,-3.8770752,-4.5470753,-4.147075,-4.5270753,-4.267075,-4.187075,-5.057075,-2.977075,-3.3070753,-1.9870752,-1.2370752,-1.6870751,-3.237075,-2.5670753,0.3029248,-0.1170752,0.7529248,1.8029248,0.9829248,-0.5170752,0.4729248,0.7929248,0.8629248,0.4929248,-1.0870752,-0.5970752,-0.7270752,0.042924806,-1.2070752,0.1429248,1.2629248
2.3529248,2.0529249,0.2529248,-1.9470752,-4.857075,-5.687075,-3.487075,-5.107075,-4.017075,-3.987075,-4.287075,-4.457075,-4.1370754,-5.017075,-4.1370754,-3.8870752,-3.3270752,-2.207075,-2.0370753,-0.0770752,-0.8370752,-1.8870752,-0.1270752,-1.9170752,-0.9470752,0.6029248,1.7929248,1.1229248,1.5629249,2.282925,1.7729248,-1.3270752,1.8329248,-0.027075196,-2.227075,-0.4970752,-0.6770752,1.2429248,-0.7470752,-1.0570751,0.0029248046
0.8329248,-0.7970752,-1.7470752,-1.2870752,-1.6670752,-3.227075,-2.497075,-3.1070752,-3.6670752,-3.2570753,-3.957075,-3.6670752,-5.2970753,-5.5670753,-3.957075,-3.4370751,-3.5470753,-3.6970751,-3.717075,-3.1470752,-3.0570753,-2.227075,-1.2870752,0.9829248,1.8429248,0.6329248,-1.8570752,3.022925,3.6329248,3.2429247,1.8429248,0.4729248,-0.35707518,0.3829248,-2.1570752,-0.2770752,-0.10707519,-2.6870751,-3.0070753,-3.237075,-3.9070752
-0.65707517,-0.8970752,-2.6070752,-2.9270751,-4.1970754,-3.5670753,-4.127075,-4.627075,-3.2570753,-3.6670752,-3.5870752,-4.367075,-4.2570753,-6.117075,-4.307075,-2.8370752,-3.8270752,-3.987075,-4.287075,-2.5270753,-2.5570753,-1.4070752,0.4329248,0.4729248,-3.0970752,-4.1370754,-2.747075,-5.9070754,-3.1570752,-3.217075,-2.7970753,-1.6770751,-1.0170752,4.3029246,1.6729248,-4.367075,0.6129248,-3.1770751,-0.4770752,-4.127075,-4.227075
-0.2770752,-0.1570752,-1.0170752,-2.2970753,-3.3570752,-4.247075,-5.057075,-4.4270754,-3.3370752,-2.717075,-3.497075,-3.6370752,-3.6370752,-2.8570752,-2.5170753,-3.207075,-3.5070753,-3.3770752,-4.347075,-3.8770752,-2.7670753,-2.4470751,-2.3170753,-2.2870753,-3.6470752,-3.4370751,-3.5670753,-2.8970752,-3.0470753,-4.577075,-5.107075,-4.287075,-0.5370752,-0.6470752,-3.987075,-2.2670753,-1.2970752,2.5529249,-1.5770752,-0.007075195,-0.4070752
0.1529248,0.3629248,0.1429248,-1.3070751,-2.747075,-3.8970752,-4.057075,-3.5170753,-2.3370752,-3.477075,-3.457075,-2.707075,-2.5370753,-3.5070753,-2.5770752,-2.717075,-3.2570753,-3.5070753,-2.8870752,-3.8970752,-2.2770753,-2.467075,-3.1870751,-3.0570753,-2.8970752,-3.5870752,-2.2670753,-4.1570754,-2.4470751,-4.807075,-5.8870754,-3.5670753,-4.337075,-1.2570752,-2.467075,-0.5370752,0.6829248,-2.6270752,-3.7770753,-3.2570753,-2.5970752
1.2829248,0.39292482,0.042924806,-0.6070752,-1.8670752,-2.0670753,-2.3370752,-2.0570753,-2.8270752,-2.737075,-1.9870752,-2.4170752,-1.2670752,-1.8970752,-2.707075,-1.9670752,-3.0070753,-3.3970752,-3.4170752,-3.487075,-3.8270752,-2.5470753,-2.5870752,-2.8470752,-3.3770752,-3.1470752,-3.1570752,-3.1370752,-1.9370751,-1.9870752,-2.8570752,-2.6370752,1.2629248,-1.5870752,0.1029248,-0.3770752,-1.0970752,-2.8370752,-1.5670753,-0.7370752,-2.3070753
1.3329248,1.2629248,1.5929248,-0.027075196,-1.1770751,-1.0770752,-1.5570751,-1.9970752,-2.0370753,-1.3070751,-0.6270752,-0.4570752,-0.5470752,-0.1570752,-1.3270752,-2.1370752,-2.0470753,-2.1170752,-2.8370752,-2.8970752,-3.217075,-2.7670753,-2.707075,-3.0070753,-3.1470752,-3.3870752,-2.7570753,-2.457075,-2.1570752,-2.3170753,-0.7370752,0.9229248,0.8929248,-0.5370752,-0.32707518,-1.2870752,-2.0370753,-0.3870752,-2.3470752,-0.5770752,-1.4570752
2.032925,1.4729248,0.9329248,-1.1570752,-1.9170752,-2.0270753,-1.3070751,-0.2070752,-1.2170752,-0.7470752,-0.3370752,0.4129248,0.3029248,0.4729248,0.24292481,-0.5970752,-1.3770752,-0.047075197,-1.2770752,-1.6870751,-1.7370752,-2.0670753,-1.9570752,-2.2770753,-2.0170753,-2.0770752,-1.5370752,-1.4470752,-1.7870752,-1.0270752,-1.3870752,-1.2070752,-1.2070752,-1.6170752,-0.6470752,-0.4670752,-1.4070752,-0.6270752,-1.1070752,0.7929248,-1.4670752
1.0029248,1.2929248,-0.5170752,-1.5070752,-1.7570752,-1.2070752,-1.9170752,-1.7570752,-0.71707517,-2.0470753,-1.2270752,0.53292483,0.5529248,1.0029248,1.4729248,1.1629248,0.5229248,0.2029248,-0.4270752,0.2829248,0.0629248,0.5729248,-0.5870752,-0.1870752,0.3829248,0.7229248,-0.1170752,-1.0570751,-1.6970752,-1.9570752,-1.6870751,-2.217075,-1.7470752,-2.6870751,-2.0770752,-2.5470753,-2.987075,-1.5070752,-0.6470752,-0.6970752,-0.6470752
1.7129248,0.59292483,0.4029248,-0.4770752,-0.26707518,-1.5970752,-1.2170752,-1.0470752,-1.3670752,-1.3270752,-1.0970752,0.5829248,0.8329248,1.7329248,1.6529248,1.6229248,1.6229248,1.4529248,1.1529248,1.1529248,0.5429248,1.0129248,1.3929248,0.9729248,2.5729249,2.1329248,1.7329248,0.8929248,-0.7570752,-1.2270752,-1.5770752,-1.8670752,-2.0070753,-2.6470752,-2.237075,-2.717075,-2.3970752,-1.5470752,-2.9370751,-1.6470752,-0.9870752
1.0229248,0.3029248,1.1129248,0.4929248,-0.6870752,-0.17707519,-0.1870752,-0.5170752,0.5129248,-0.3670752,-0.71707517,-0.5570752,1.2829248,2.4729247,2.2429247,1.7729248,1.5929248,1.3929248,0.6229248,2.0629249,1.9929248,2.032925,2.5829248,2.8629248,2.9029248,1.4029248,0.78292483,1.2229248,0.8329248,0.5429248,0.0929248,-0.3370752,-0.9770752,-1.3070751,-1.0570751,-1.5970752,-1.5470752,-1.3470752,-1.3870752,-1.0070752,-0.6270752
0.6229248,1.1129248,0.4729248,1.7329248,0.7129248,0.1729248,0.8029248,-0.1370752,0.7129248,-0.4670752,-1.0570751,-0.6070752,0.1929248,1.0529248,1.9029248,1.4929248,1.7229248,1.9729248,1.4729248,2.4929247,2.282925,2.532925,2.3929248,2.532925,2.5729249,2.2029247,1.8729248,1.7829248,1.8329248,2.002925,2.6129248,2.4129248,1.6029248,1.6229248,1.5129248,1.8029248,0.3629248,0.9929248,0.4429248,0.2929248,-0.8070752
