wind_kz.json
{"header": {"discipline":0,"disciplineName":"Meteorological products","gribEdition":2,"gribLength":871,"center":7,"centerName":"US National Weather Service - NCEP(WMC)","subcenter":0,"refTime":"2024-03-19T12:00:00.000Z","significanceOfRT":1,"significanceOfRTName":"Start of forecast","productStatus":0,"productStatusName":"Operational products","productType":1,"productTypeName":"Forecast products","productDefinitionTemplate":0,"productDefinitionTemplateName":"Analysis/forecast at horizontal level/layer at a point in time","parameterCategory":0,"parameterCategoryName":"UnknownDiscipline_0_Category_0","parameterNumber":0,"parameterNumberName":"UnknownParameter_D0_C0_0","parameterUnit":"Unknown","genProcessType":2,"genProcessTypeName":"Forecast","forecastTime":120,"surface1Type":1,"surface1TypeName":"Ground or water surface","surface1Value":0.0,"surface2Type":255,"surface2TypeName":"Missing","surface2Value":0.0,"gridDefinitionTemplate":0,"gridDefinitionTemplateName":"Latitude_Longitude","numberPoints":615,"shape":6,"shapeName":"Earth spherical with radius of 6,371,229.0 m","gridUnits":"degrees","resolution":48,"winds":"true","scanMode":64,"nx":41,"ny":15,"basicAngle":0,"lo1":47.0,"la1":41.0,"lo2":87.0,"la2":55.0,"dx":1.0,"dy":1.0}, "data":
[rows 0 to 14 of 15, columns 0 to 40 of 41]
292.3951,279.2951,286.69513,280.7951,281.99512,283.69513,293.7951,301.09512,298.59512,301.2951,297.19513,298.8951,297.59512,297.8951,298.2951,297.59512,299.2951,297.59512,299.99512,296.19513,297.2951,292.7951,292.19513,285.99512,289.19513,290.7951,283.7951,271.69513,270.8951,268.49512,269.99512,269.7951,283.2951,288.7951,290.99512,291.7951,292.59512,291.2951,291.19513,290.69513,289.99512
270.99512,288.99512,281.09512,281.09512,281.49512,282.19513,297.49512,296.99512,297.19513,294.99512,294.49512,293.99512,295.59512,295.19513,296.99512,296.7951,297.3951,298.09512,297.3951,296.99512,295.59512,292.09512,287.59512,279.49512,269.8951,271.09512,273.69513,271.2951,268.3951,269.2951,273.8951,265.09512,274.49512,250.39511,258.99512,286.8951,286.09512,288.49512,290.19513,283.99512,273.19513
290.59512,279.99512,280.99512,281.49512,281.69513,292.3951,294.2951,295.99512,294.8951,293.8951,294.3951,294.8951,295.3951,294.49512,293.2951,295.2951,294.99512,293.99512,294.8951,294.69513,294.7951,292.7951,290.2951,282.8951,288.8951,285.69513,286.09512,286.49512,285.09512,275.99512,265.59512,272.09512,274.49512,275.3951,273.19513,277.09512,269.3951,268.69513,274.7951,268.3951,261.19513
292.19513,279.19513,279.59512,280.59512,284.8951,294.7951,295.69513,295.59512,296.7951,296.2951,295.69513,292.59512,283.59512,284.8951,293.7951,295.2951,291.99512,293.8951,293.59512,292.99512,289.99512,287.69513,290.8951,290.59512,291.69513,290.7951,288.09512,285.19513,286.2951,284.99512,285.49512,283.8951,287.59512,287.49512,286.09512,280.7951,268.3951,261.49512,273.49512,281.2951,285.69513
292.99512,278.69513,278.3951,278.49512,284.69513,296.59512,295.7951,298.09512,295.99512,294.09512,293.2951,292.49512,282.49512,282.3951,282.09512,292.8951,292.19513,291.2951,291.2951,287.69513,287.8951,290.2951,290.2951,290.19513,289.2951,288.69513,286.8951,280.99512,286.49512,286.8951,288.19513,285.2951,270.09512,258.59512,278.59512,282.49512,280.09512,285.19513,284.7951,285.49512,284.3951
293.49512,294.19513,277.8951,275.7951,271.49512,272.7951,292.2951,295.2951,294.19513,291.2951,293.2951,293.59512,283.09512,282.19513,281.7951,294.49512,293.19513,291.7951,290.99512,288.2951,286.69513,286.59512,288.3951,287.49512,287.59512,283.49512,280.49512,273.09512,282.99512,284.69513,284.69513,287.09512,283.69513,280.7951,277.7951,276.99512,272.8951,272.49512,279.7951,283.8951,283.49512
294.69513,294.3951,294.99512,292.99512,286.8951,293.49512,296.09512,295.69513,295.3951,294.2951,292.3951,289.7951,290.59512,289.7951,288.8951,290.09512,289.69513,290.09512,287.8951,285.99512,284.3951,283.59512,282.09512,282.49512,273.19513,273.09512,273.19513,273.69513,273.99512,276.49512,278.2951,280.69513,280.69513,282.59512,275.8951,274.3951,271.59512,270.3951,268.49512,268.99512,276.69513
292.8951,294.69513,294.7951,295.09512,295.7951,296.2951,295.2951,293.8951,290.09512,289.99512,287.3951,286.49512,287.49512,286.59512,287.09512,286.59512,287.2951,285.2951,284.49512,282.99512,278.09512,280.2951,277.19513,279.2951,276.3951,273.7951,270.7951,267.99512,267.2951,267.2951,264.8951,266.69513,263.99512,267.2951,272.09512,273.19513,272.09512,272.3951,273.8951,275.3951,273.49512
290.7951,291.69513,293.09512,293.19513,293.2951,291.59512,289.99512,287.09512,285.09512,274.99512,273.69513,273.19513,273.69513,278.69513,275.59512,282.19513,282.8951,282.59512,273.8951,273.99512,272.49512,272.2951,273.09512,272.3951,272.99512,271.8951,269.69513,272.09512,269.09512,268.2951,265.09512,265.3951,273.49512,274.49512,274.49512,272.2951,271.59512,271.69513,259.09512,267.19513,265.2951
287.69513,285.99512,285.8951,285.8951,285.69513,275.59512,276.59512,273.09512,273.19513,273.3951,273.09512,272.7951,273.09512,272.69513,272.7951,272.99512,272.49512,274.3951,272.99512,272.69513,272.19513,271.59512,271.99512,272.3951,272.09512,271.2951,273.8951,272.3951,270.7951,270.49512,271.09512,274.99512,276.69513,275.09512,271.49512,272.8951,272.2951,269.59512,267.59512,267.99512,266.7951
283.99512,282.7951,282.19513,277.8951,276.8951,274.19513,273.19513,273.19513,273.19513,272.59512,272.09512,271.99512,272.09512,271.69513,271.49512,271.99512,271.8951,272.09512,271.7951,270.7951,271.19513,271.59512,271.2951,271.49512,271.59512,271.09512,269.8951,276.2951,279.09512,279.69513,277.59512,274.59512,276.69513,278.19513,271.99512,270.19513,270.2951,270.2951,271.99512,270.49512,266.09512
277.3951,273.19513,273.3951,273.19513,273.19513,273.19513,273.19513,273.19513,273.19513,273.19513,273.59512,272.09512,272.09512,271.99512,271.8951,272.09512,271.99512,272.19513,272.19513,271.59512,270.7951,270.19513,270.59512,270.99512,271.19513,271.3951,271.69513,274.69513,275.49512,276.7951,273.09512,271.69513,276.2951,270.8951,274.7951,271.7951,274.19513,274.49512,272.99512,271.49512,272.59512
274.49512,273.09512,273.09512,273.19513,274.49512,274.3951,273.19513,273.19513,273.19513,273.19513,271.8951,272.2951,273.19513,273.19513,273.19513,273.19513,273.19513,273.19513,273.09512,272.7951,272.19513,271.3951,271.49512,271.2951,271.3951,272.09512,272.59512,272.3951,271.8951,272.59512,272.7951,272.2951,271.8951,271.19513,271.2951,270.8951,271.3951,272.09512,271.3951,270.49512,271.09512
273.59512,273.19513,273.7951,273.19513,273.49512,273.3951,273.19513,273.19513,273.19513,273.3951,272.59512,272.8951,274.7951,272.7951,273.19513,273.19513,273.19513,273.19513,273.19513,273.19513,273.19513,273.09512,272.69513,272.69513,272.99512,273.19513,272.8951,272.3951,272.19513,272.19513,271.8951,271.99512,271.7951,271.2951,271.19513,270.69513,271.49512,271.3951,271.19513,270.69513,271.49512
276.59512,273.99512,273.09512,273.09512,274.3951,274.19513,273.3951,273.7951,273.19513,273.99512,273.69513,273.09512,272.49512,275.69513,275.09512,273.49512,273.19513,273.3951,273.19513,273.19513,273.19513,273.19513,273.19513,272.8951,272.2951,272.2951,272.3951,272.59512,272.2951,271.7951,271.19513,270.99512,270.69513,270.59512,270.49512,270.59512,270.99512,270.49512,270.8951,271.49512,272.19513
