wind_kz.json
{"header": {"discipline":0,"disciplineName":"Meteorological products","gribEdition":2,"gribLength":948,"center":7,"centerName":"US National Weather Service - NCEP(WMC)","subcenter":0,"refTime":"2023-08-27T06:00:00.000Z","significanceOfRT":1,"significanceOfRTName":"Start of forecast","productStatus":0,"productStatusName":"Operational products","productType":1,"productTypeName":"Forecast products","productDefinitionTemplate":0,"productDefinitionTemplateName":"Analysis/forecast at horizontal level/layer at a point in time","parameterCategory":0,"parameterCategoryName":"UnknownDiscipline_0_Category_0","parameterNumber":0,"parameterNumberName":"UnknownParameter_D0_C0_0","parameterUnit":"Unknown","genProcessType":2,"genProcessTypeName":"Forecast","forecastTime":0,"surface1Type":1,"surface1TypeName":"Ground or water surface","surface1Value":0.0,"surface2Type":255,"surface2TypeName":"Missing","surface2Value":0.0,"gridDefinitionTemplate":0,"gridDefinitionTemplateName":"Latitude_Longitude","numberPoints":615,"shape":6,"shapeName":"Earth spherical with radius of 6,371,229.0 m","gridUnits":"degrees","resolution":48,"winds":"true","scanMode":64,"nx":41,"ny":15,"basicAngle":0,"lo1":47.0,"la1":41.0,"lo2":87.0,"la2":55.0,"dx":1.0,"dy":1.0}, "data":
[rows 0 to 14 of 15, columns 0 to 40 of 41]
298.6222,286.5222,302.5222,299.42218,299.2222,298.0222,307.7222,312.42218,308.3222,308.2222,307.7222,308.7222,308.5222,308.6222,308.1222,310.1222,311.0222,311.0222,316.2222,313.6222,306.3222,294.42218,303.5222,296.6222,299.1222,310.7222,309.42218,303.2222,301.7222,287.1222,274.5222,281.42218,298.8222,311.1222,324.8222,321.2222,320.3222,324.1222,324.6222,327.2222,326.2222
280.6222,302.2222,299.6222,299.7222,299.42218,297.8222,313.42218,309.42218,307.3222,307.0222,307.5222,307.3222,306.6222,305.5222,307.0222,308.42218,309.2222,312.2222,313.0222,315.6222,315.0222,308.5222,293.0222,285.42218,279.7222,280.8222,304.5222,300.6222,305.3222,293.5222,296.5222,276.0222,283.6222,273.5222,292.6222,313.0222,311.1222,316.6222,322.92218,312.1222,285.6222
305.0222,298.8222,299.8222,300.0222,298.0222,308.1222,306.2222,306.8222,305.6222,304.5222,304.5222,305.2222,303.5222,305.7222,308.0222,300.92218,309.1222,309.42218,311.2222,314.0222,315.6222,306.92218,297.7222,290.5222,296.3222,303.3222,302.92218,309.5222,310.8222,295.2222,290.92218,292.7222,305.0222,298.8222,305.6222,302.42218,294.0222,299.3222,304.3222,297.5222,297.8222
310.92218,298.8222,299.3222,298.92218,299.6222,306.8222,306.2222,305.6222,305.92218,305.0222,303.8222,302.42218,295.42218,294.6222,306.3222,302.1222,305.8222,308.5222,309.8222,313.2222,309.0222,308.2222,299.8222,301.2222,296.1222,295.8222,301.92218,301.3222,300.5222,318.5222,315.92218,311.0222,305.0222,309.92218,313.0222,313.2222,298.3222,298.3222,303.6222,317.1222,322.5222
309.92218,298.3222,298.7222,298.5222,302.2222,304.8222,304.2222,308.2222,305.0222,303.3222,302.1222,301.5222,295.42218,294.1222,291.5222,300.1222,301.92218,305.92218,305.7222,307.6222,310.1222,296.92218,301.8222,302.0222,300.7222,306.2222,299.6222,302.0222,307.8222,317.0222,319.92218,307.5222,292.8222,282.8222,289.3222,308.92218,307.3222,324.5222,321.92218,322.2222,325.2222
307.1222,305.5222,296.7222,296.8222,297.92218,297.42218,306.8222,306.1222,303.5222,302.8222,301.42218,301.7222,295.6222,294.7222,299.0222,300.6222,304.3222,303.7222,308.7222,308.8222,309.6222,305.3222,309.42218,293.5222,293.7222,299.92218,305.7222,293.6222,311.1222,313.0222,318.0222,314.6222,308.7222,313.6222,307.42218,307.5222,307.42218,310.0222,322.0222,325.2222,323.5222
305.3222,305.3222,305.1222,304.6222,302.3222,304.3222,308.8222,305.92218,302.92218,298.0222,301.5222,298.1222,300.3222,303.42218,304.6222,303.42218,304.6222,295.3222,296.3222,305.5222,307.6222,306.7222,303.3222,292.5222,291.7222,293.0222,303.5222,314.2222,310.0222,312.0222,316.7222,320.1222,315.3222,309.3222,316.42218,316.42218,308.3222,306.6222,301.0222,301.92218,314.0222
303.7222,303.5222,301.0222,301.5222,303.5222,303.0222,303.92218,297.5222,297.92218,294.92218,296.0222,300.42218,303.42218,302.8222,300.3222,291.5222,297.3222,301.7222,305.1222,299.6222,305.8222,306.3222,300.1222,294.8222,290.1222,291.2222,302.1222,308.1222,308.2222,311.7222,311.8222,315.0222,313.2222,308.3222,311.1222,313.0222,314.2222,290.3222,317.42218,314.42218,310.6222
293.6222,301.1222,301.5222,302.5222,301.5222,303.1222,302.92218,301.1222,300.0222,299.8222,291.8222,291.3222,297.42218,297.92218,289.92218,290.0222,297.42218,293.42218,290.6222,298.0222,303.2222,305.0222,302.5222,297.6222,299.92218,303.7222,303.8222,304.3222,303.2222,299.42218,305.3222,307.92218,310.92218,311.0222,310.7222,306.0222,307.6222,311.7222,298.5222,298.0222,300.3222
298.42218,298.6222,300.8222,301.0222,300.1222,302.1222,301.42218,300.2222,298.92218,298.3222,292.92218,291.1222,291.5222,287.0222,290.6222,297.8222,292.6222,289.1222,289.6222,298.2222,303.1222,300.5222,307.5222,299.92218,304.8222,303.92218,305.6222,308.1222,303.6222,296.7222,291.1222,290.6222,299.8222,298.5222,306.1222,306.1222,302.2222,299.5222,300.8222,298.92218,297.42218
288.6222,290.2222,298.6222,296.2222,295.0222,297.42218,292.7222,292.8222,295.6222,294.8222,295.8222,291.92218,296.6222,297.42218,291.7222,296.3222,296.7222,298.0222,296.7222,288.6222,287.42218,297.42218,301.1222,303.0222,303.6222,304.6222,304.1222,308.2222,307.1222,302.6222,291.8222,291.8222,291.8222,295.3222,296.2222,301.6222,300.3222,298.5222,302.1222,300.0222,298.2222
292.42218,291.0222,295.3222,289.92218,285.92218,287.8222,290.0222,293.7222,291.42218,292.6222,291.5222,288.6222,295.6222,296.3222,295.3222,297.6222,297.42218,296.8222,298.1222,296.42218,288.0222,289.1222,286.1222,295.92218,296.92218,298.2222,303.7222,306.42218,307.92218,305.7222,301.92218,299.2222,299.8222,295.92218,292.0222,294.42218,300.5222,304.1222,299.92218,301.42218,300.2222
290.42218,292.42218,285.3222,290.92218,286.42218,288.0222,290.1222,287.92218,291.5222,287.0222,286.42218,288.2222,294.5222,293.2222,290.5222,295.92218,292.1222,294.6222,296.42218,295.92218,295.2222,294.6222,292.1222,290.42218,291.3222,294.92218,303.1222,305.2222,303.92218,302.0222,301.7222,299.6222,298.42218,298.0222,300.5222,295.42218,295.6222,300.2222,301.2222,299.5222,299.7222
288.1222,288.3222,290.3222,292.7222,289.0222,291.92218,287.6222,284.42218,287.2222,291.3222,280.6222,282.8222,289.3222,291.42218,288.3222,295.0222,293.5222,292.6222,294.7222,294.92218,296.5222,293.7222,290.6222,296.2222,288.7222,289.42218,288.5222,296.6222,301.7222,300.2222,299.0222,297.3222,298.0222,296.6222,294.1222,294.2222,295.92218,297.0222,299.6222,297.7222,299.6222
286.2222,290.8222,291.0222,289.42218,292.1222,289.92218,290.42218,289.1222,283.3222,284.8222,282.3222,282.3222,283.5222,287.6222,291.6222,291.2222,293.5222,294.8222,288.7222,298.2222,290.92218,295.8222,296.8222,297.7222,297.3222,293.5222,293.3222,286.42218,299.0222,298.8222,295.7222,291.6222,295.5222,294.7222,295.1222,295.42218,296.42218,297.42218,297.2222,298.5222,298.3222
