wind_kz.json
{"header": {"discipline":0,"disciplineName":"Meteorological products","gribEdition":2,"gribLength":1102,"center":7,"centerName":"US National Weather Service - NCEP(WMC)","subcenter":0,"refTime":"2024-04-08T18:00:00.000Z","significanceOfRT":1,"significanceOfRTName":"Start of forecast","productStatus":0,"productStatusName":"Operational products","productType":1,"productTypeName":"Forecast products","productDefinitionTemplate":0,"productDefinitionTemplateName":"Analysis/forecast at horizontal level/layer at a point in time","parameterCategory":2,"parameterCategoryName":"UnknownDiscipline_0_Category_2","parameterNumber":2,"parameterNumberName":"UnknownParameter_D0_C2_2","parameterUnit":"Unknown","genProcessType":2,"genProcessTypeName":"Forecast","forecastTime":240,"surface1Type":103,"surface1TypeName":"Specified height level above ground","surface1Value":10.0,"surface2Type":255,"surface2TypeName":"Missing","surface2Value":0.0,"gridDefinitionTemplate":0,"gridDefinitionTemplateName":"Latitude_Longitude","numberPoints":615,"shape":6,"shapeName":"Earth spherical with radius of 6,371,229.0 m","gridUnits":"degrees","resolution":48,"winds":"true","scanMode":64,"nx":41,"ny":15,"basicAngle":0,"lo1":47.0,"la1":41.0,"lo2":87.0,"la2":55.0,"dx":1.0,"dy":1.0}, "data":
[rows 0 to 14 of 15, columns 0 to 40 of 41]
-2.9421754,-0.6121753,1.1178247,3.7478247,-0.7721753,-8.962175,-9.772175,-10.202175,-11.722176,-9.702175,-9.872175,-10.782175,-9.702175,-9.122175,-8.032175,-8.242175,-7.9821754,-7.5421753,-7.2721753,-7.872175,-5.4021754,-1.3321753,2.0178246,0.7178247,0.12782471,1.2278247,-2.3121753,3.4778247,0.1678247,1.1578248,0.6378247,2.9278247,1.5878247,2.4078248,-1.1621753,1.0878247,-0.5521753,-1.2821753,-0.042175293,0.5878247,-0.7921753
2.1278248,-0.5921753,4.4378247,1.8378247,-1.8621753,-7.762175,-9.522175,-10.202175,-10.212175,-10.912175,-11.392176,-10.352176,-8.252175,-7.8121753,-8.172175,-8.652175,-7.512175,-9.382175,-8.452175,-7.912175,-7.492175,-6.0721755,-3.8821752,-0.7721753,1.0378247,-0.062175293,0.5678247,0.6978247,-1.6721753,0.13782471,2.8578248,0.5178247,0.15782471,-0.82217526,1.0478247,0.6478247,-0.8421753,0.3578247,-0.3221753,0.7278247,-5.9621754
1.9678247,6.0178246,4.7478247,-2.7321754,-5.3021755,-11.412175,-11.252175,-9.942175,-10.5921755,-10.792175,-10.762176,-10.202175,-8.042175,-8.902175,-8.382175,-8.492175,-8.522175,-9.382175,-8.532175,-7.682175,-6.1321754,-9.082175,-8.902175,-10.072175,-3.5321753,-4.5821753,-1.9021753,-1.1321753,2.0078247,-1.1121753,0.3278247,-0.11217529,-2.0621753,2.2578247,-0.20217529,-2.5021753,1.5978247,-0.4121753,4.7678246,3.6478248,1.5178246
6.0978246,1.8678247,-3.6621752,-4.1921754,-9.352176,-10.472176,-9.522175,-11.612175,-12.062176,-11.352176,-11.102176,-10.402175,-10.652175,-10.462175,-9.762176,-9.142176,-7.7921753,-8.292175,-7.5421753,-6.5821753,-5.662175,-11.922175,-6.6721754,-6.512175,-5.8121753,-4.972175,-3.9521754,-4.4021754,-2.8521752,-2.3021753,-0.88217527,0.9178247,8.647824,12.107824,8.537825,1.2278247,0.3678247,1.7378247,-1.2021753,-1.0221753,3.9378247
-0.9021753,-4.0021753,-6.3121753,-6.0021753,-9.402175,-11.432176,-12.062176,-11.062176,-11.192175,-10.462175,-9.5921755,-9.0521755,-9.902175,-10.112175,-8.812176,-7.9021754,-7.872175,-7.3221755,-7.1521754,-7.282175,-7.492175,-5.2121754,-4.412175,-3.4921753,-4.452175,-4.872175,-5.8421755,-6.1921754,-5.8621755,-5.282175,-5.0421753,-3.8121753,-4.0221753,2.3878248,-2.1721754,-3.6721754,8.987824,3.0778246,2.9578247,4.857825,-1.9721752
-1.9421753,-3.4821754,-5.0721755,-8.122175,-12.8421755,-13.292175,-12.172175,-11.562176,-10.322175,-9.402175,-9.562176,-9.762176,-9.122175,-8.522175,-6.3021755,-7.0221753,-6.8321753,-6.8121753,-7.852175,-7.122175,-7.662175,-6.8221755,-6.122175,-5.0521755,-6.9421754,-6.432175,-6.5021753,-5.3021755,-6.102175,-5.5621753,-4.8021755,-3.8021753,-3.3221753,-0.82217526,5.0178246,10.057825,3.3578248,5.357825,10.417825,1.4678247,-2.7321754
-0.8321753,-4.4021754,-7.2321754,-10.962175,-12.5921755,-11.432176,-11.292175,-10.392176,-8.602176,-8.622175,-7.8321753,-7.512175,-6.662175,-6.722175,-6.2521753,-6.0921755,-5.8821754,-6.282175,-6.5421753,-7.0521755,-6.8821754,-6.3621755,-6.262175,-5.762175,-6.1521754,-6.0421753,-5.8421755,-4.5821753,-5.142175,-4.1121755,-3.9821754,-2.8821752,-1.6021752,-1.0021753,-0.5321753,-1.5121753,-0.8321753,-0.4121753,3.6878247,-0.072175294,3.2578247
-2.7421753,-5.202175,-7.4421754,-9.982175,-10.232175,-10.322175,-9.352176,-7.8321753,-7.0821753,-5.9421754,-7.4421754,-7.1521754,-6.2721753,-6.0621753,-5.9821754,-6.412175,-5.7921753,-5.202175,-4.9421754,-6.0821753,-5.9621754,-5.3321753,-4.4421754,-5.012175,-4.852175,-4.6321754,-3.6221752,-3.1021752,-3.1921754,-3.5621753,-3.4621754,-2.2321754,-1.4421753,-2.0321753,-0.2221753,4.1778245,7.817825,10.297825,9.237824,12.377825,7.8678246
-3.8421752,-7.3321753,-6.8621755,-8.622175,-8.872175,-8.112175,-8.082175,-6.642175,-7.492175,-7.372175,-6.8121753,-5.8621755,-6.662175,-5.3421755,-5.5221753,-4.532175,-5.3321753,-4.4021754,-4.9221754,-4.5921755,-5.142175,-4.162175,-4.012175,-3.4121752,-3.9321754,-2.8221753,-3.5621753,-3.2521753,-2.5621753,-1.9421753,-2.3521752,-1.9821754,0.007824707,0.3578247,2.9778247,4.9578247,1.7278247,-0.4121753,-0.63217527,0.86782473,0.6378247
-5.222175,-6.7921753,-7.1921754,-7.5221753,-7.9221754,-7.5921755,-6.9621754,-7.4021754,-7.372175,-6.0521755,-6.0821753,-6.032175,-4.7921753,-4.682175,-4.5621753,-3.9921753,-4.2121754,-4.142175,-3.5721753,-3.4721754,-4.0621753,-3.3921752,-3.1121752,-2.6721754,-2.9321754,-2.6721754,-2.6621752,-2.7021754,-2.5921752,-2.4021752,-1.1421753,-0.4421753,-0.022175293,0.3578247,1.8578247,2.7678246,0.6578247,-0.5521753,-2.1821754,-0.7521753,0.24782471
-6.102175,-6.9421754,-7.222175,-6.9621754,-6.262175,-6.392175,-6.432175,-5.952175,-5.7521753,-5.2321754,-4.2121754,-4.3621755,-3.7921753,-4.1321754,-3.4421754,-3.2021754,-3.2821753,-3.4821754,-3.6021752,-3.5021753,-3.3821752,-3.4121752,-3.0021753,-2.7621753,-2.1721754,-2.4321754,-2.9521754,-2.0621753,-1.9321753,-1.5821753,-1.1721753,-0.7621753,-0.7621753,-0.7221753,-1.2821753,-1.8721753,-2.0921752,-0.7321753,0.80782473,-0.042175293,-0.3721753
-5.892175,-5.0221753,-6.122175,-5.622175,-6.202175,-5.8421755,-5.4821754,-5.3421755,-4.5921755,-5.2721753,-4.892175,-2.8421752,-2.9321754,-2.8021753,-2.3621752,-2.4121752,-2.8021753,-3.3421752,-3.1821754,-2.7921753,-3.3021753,-3.1021752,-2.8621752,-2.1121752,-1.8121753,-2.1921754,-2.6921754,-1.7321754,-1.9721752,-1.5821753,-1.1121753,-2.1421752,-1.4021753,-2.0121753,-1.7221752,-2.7921753,-3.1821754,-2.3721752,-0.5021753,-0.052175295,-0.2121753
-4.5021753,-4.852175,-4.1321754,-4.722175,-3.9721754,-3.7521753,-4.3821754,-4.512175,-5.0721755,-4.1121755,-2.1921754,-2.3521752,-1.9921753,-1.5321753,-1.9321753,-2.0721753,-2.2821753,-2.4121752,-2.3521752,-2.7721753,-2.8721752,-2.5321753,-1.7121753,-1.3321753,-1.6321753,-2.2721753,-1.8221753,-1.1221753,-0.9821753,-1.0421753,-1.6121753,-2.2421753,-2.0521753,-2.7121754,-2.8821752,-2.6221752,-2.6321752,-2.1721754,-3.8221753,-3.9121752,-0.94217527
-2.7621753,-3.7721753,-3.4421754,-4.4221754,-4.1321754,-3.6421752,-2.7321754,-3.6021752,-2.2421753,-3.0921752,-2.0821753,-2.3621752,-0.3721753,-0.5521753,-0.8321753,-1.1921753,-1.3921753,-1.1021752,-2.3821752,-2.5421753,-2.3021753,-1.5921752,-1.7921753,-2.1021752,-2.2721753,-2.0121753,-1.2821753,-0.8621753,-0.5921753,-0.7821753,-0.8721753,-1.0021753,-1.4521753,-1.9821754,-2.2921753,-2.9821754,-2.8821752,-3.2121754,-3.9321754,-2.7721753,-2.9221754
-0.022175293,-2.8921752,-2.4621754,-3.6721754,-2.9721754,-1.9521753,-2.0421753,-2.2521753,-1.9121753,-2.3621752,-1.1221753,-0.7821753,-0.9921753,-0.30217528,-0.49217528,-0.6821753,-1.0321753,-1.0521753,-0.69217527,-0.4521753,-1.1921753,-1.1321753,-1.3021753,-2.3121753,-2.0521753,-1.2121753,-0.5521753,-0.9221753,-0.9521753,-0.9021753,-1.3021753,-0.8521753,-0.4721753,-1.4821754,-1.9821754,-2.1421752,-2.4021752,-3.3421752,-3.3521752,-3.7421753,-2.7521753
