wind_kz.json
{"header": {"discipline":0,"disciplineName":"Meteorological products","gribEdition":2,"gribLength":871,"center":7,"centerName":"US National Weather Service - NCEP(WMC)","subcenter":0,"refTime":"2023-10-05T12:00:00.000Z","significanceOfRT":1,"significanceOfRTName":"Start of forecast","productStatus":0,"productStatusName":"Operational products","productType":1,"productTypeName":"Forecast products","productDefinitionTemplate":0,"productDefinitionTemplateName":"Analysis/forecast at horizontal level/layer at a point in time","parameterCategory":0,"parameterCategoryName":"UnknownDiscipline_0_Category_0","parameterNumber":0,"parameterNumberName":"UnknownParameter_D0_C0_0","parameterUnit":"Unknown","genProcessType":2,"genProcessTypeName":"Forecast","forecastTime":300,"surface1Type":1,"surface1TypeName":"Ground or water surface","surface1Value":0.0,"surface2Type":255,"surface2TypeName":"Missing","surface2Value":0.0,"gridDefinitionTemplate":0,"gridDefinitionTemplateName":"Latitude_Longitude","numberPoints":615,"shape":6,"shapeName":"Earth spherical with radius of 6,371,229.0 m","gridUnits":"degrees","resolution":48,"winds":"true","scanMode":64,"nx":41,"ny":15,"basicAngle":0,"lo1":47.0,"la1":41.0,"lo2":87.0,"la2":55.0,"dx":1.0,"dy":1.0}, "data":
[rows 0 to 14 of 15, columns 0 to 40 of 41]
285.33026,278.63028,281.93027,292.13028,292.03027,291.03027,288.33026,287.7303,285.93027,285.7303,283.83026,285.03027,285.13028,284.93027,284.2303,281.43027,281.43027,281.43027,278.33026,280.33026,282.33026,281.33026,282.63028,280.43027,285.43027,287.53027,286.2303,273.83026,269.43027,270.03027,269.33026,259.93027,276.33026,283.2303,283.7303,284.7303,284.2303,283.53027,283.53027,284.7303,284.2303
267.33026,283.13028,292.03027,291.83026,291.83026,290.2303,285.83026,285.43027,284.53027,283.93027,284.53027,284.13028,283.7303,282.43027,280.03027,280.2303,280.33026,277.83026,279.03027,279.33026,279.7303,280.63028,281.53027,278.93027,269.43027,270.53027,277.93027,271.13028,273.63028,271.2303,272.63028,267.83026,271.63028,254.23027,270.63028,283.43027,281.7303,282.63028,284.83026,278.7303,283.2303
283.03027,291.43027,291.53027,291.33026,289.83026,285.53027,284.83026,283.53027,283.83026,283.13028,282.43027,283.2303,281.63028,281.13028,281.03027,277.43027,277.43027,278.7303,279.13028,278.43027,281.83026,281.03027,283.43027,278.83026,283.03027,282.93027,284.53027,284.63028,283.13028,276.03027,270.93027,270.83026,274.43027,273.63028,274.53027,274.63028,269.63028,269.43027,270.43027,268.43027,269.53027
286.63028,290.33026,291.2303,290.63028,287.93027,283.53027,283.53027,282.7303,282.93027,282.13028,281.03027,280.7303,288.2303,287.63028,279.03027,277.63028,279.2303,279.83026,280.13028,284.13028,284.13028,277.7303,282.2303,282.33026,284.63028,284.13028,285.33026,284.43027,284.13028,285.53027,285.93027,281.63028,284.43027,282.13028,281.2303,279.2303,268.7303,263.33026,271.2303,277.33026,280.93027
285.2303,289.13028,289.83026,289.43027,285.93027,281.7303,282.03027,281.7303,281.63028,280.83026,280.03027,278.13028,286.83026,285.7303,284.53027,277.83026,277.7303,278.13028,276.7303,279.7303,281.03027,285.2303,284.03027,283.93027,282.83026,283.63028,283.03027,284.53027,284.2303,285.03027,286.7303,285.93027,274.63028,268.7303,273.53027,279.83026,283.7303,282.63028,282.63028,283.2303,283.43027
281.93027,280.63028,287.33026,287.83026,288.2303,287.33026,279.83026,280.83026,279.03027,278.7303,279.13028,279.53027,285.33026,286.43027,281.33026,276.2303,277.63028,275.63028,276.2303,276.53027,276.43027,277.13028,278.53027,282.2303,282.43027,281.53027,283.03027,285.2303,284.03027,283.93027,283.7303,286.03027,284.03027,283.03027,281.7303,284.03027,276.63028,276.7303,280.2303,282.13028,283.2303
279.93027,279.83026,280.93027,280.13028,280.93027,278.03027,278.2303,277.63028,277.43027,277.53027,275.93027,276.43027,276.13028,276.13028,275.63028,276.7303,275.63028,275.93027,273.63028,273.93027,273.33026,274.7303,276.03027,276.93027,277.83026,281.93027,281.63028,282.93027,282.53027,282.53027,282.03027,282.13028,283.83026,283.33026,283.43027,281.43027,278.33026,276.2303,272.43027,271.2303,279.7303
279.43027,278.63028,279.13028,278.83026,278.63028,277.7303,276.63028,275.43027,274.2303,274.13028,273.13028,273.2303,273.03027,274.2303,274.7303,275.03027,275.13028,275.43027,273.33026,271.13028,271.83026,272.43027,273.03027,273.7303,273.7303,274.2303,275.53027,279.43027,279.03027,280.03027,279.53027,280.7303,279.83026,277.63028,278.43027,280.13028,282.03027,283.7303,281.7303,280.43027,277.63028
278.43027,277.93027,280.2303,278.93027,276.13028,275.43027,274.03027,274.13028,272.83026,271.53027,271.2303,271.03027,270.83026,272.03027,272.33026,273.53027,273.13028,273.13028,272.83026,271.03027,269.33026,270.33026,270.83026,271.33026,270.63028,272.63028,275.63028,273.03027,276.63028,275.93027,276.7303,278.43027,278.7303,279.83026,280.2303,280.43027,279.03027,279.33026,272.7303,273.53027,267.43027
280.93027,279.93027,279.93027,278.53027,274.63028,273.63028,272.7303,272.13028,271.63028,270.63028,270.03027,269.53027,269.7303,270.33026,271.03027,272.93027,273.63028,272.93027,273.2303,271.7303,270.2303,271.13028,271.2303,271.13028,270.53027,269.63028,271.83026,274.33026,275.13028,275.53027,275.53027,279.33026,280.13028,280.43027,280.2303,280.7303,279.53027,276.63028,273.13028,272.2303,269.7303
280.53027,280.03027,278.7303,274.2303,273.33026,272.13028,271.43027,270.43027,270.33026,269.33026,269.43027,268.33026,270.33026,269.63028,270.53027,271.93027,272.43027,272.83026,272.53027,272.63028,271.93027,271.13028,270.83026,271.03027,269.43027,270.03027,268.63028,270.43027,275.93027,275.93027,276.43027,275.83026,277.03027,278.63028,279.13028,278.93027,277.2303,273.7303,274.53027,273.63028,272.63028
279.13028,278.7303,277.2303,273.2303,271.93027,270.33026,269.33026,268.83026,269.33026,268.83026,268.2303,268.93027,269.93027,269.13028,270.7303,272.03027,270.43027,270.33026,271.2303,271.83026,270.7303,270.2303,269.93027,270.13028,268.93027,269.43027,269.33026,271.13028,271.63028,274.53027,277.2303,276.93027,276.83026,277.83026,276.93027,277.63028,277.13028,277.13028,279.13028,278.2303,278.33026
276.53027,276.63028,274.7303,272.2303,270.7303,269.83026,268.43027,268.7303,269.53027,269.03027,268.53027,266.53027,269.83026,270.03027,270.13028,269.63028,270.43027,270.7303,271.93027,270.33026,271.33026,271.03027,270.13028,269.53027,269.43027,269.93027,271.03027,271.03027,271.63028,271.63028,272.43027,276.2303,276.83026,276.83026,275.03027,274.63028,276.13028,277.93027,277.33026,278.93027,279.53027
274.93027,274.93027,278.63028,270.7303,269.53027,268.13028,268.7303,269.7303,268.33026,269.33026,269.33026,267.2303,268.13028,270.03027,271.03027,270.83026,271.33026,270.63028,271.13028,272.03027,272.2303,272.53027,272.03027,271.2303,271.13028,270.53027,270.33026,270.83026,270.53027,271.03027,271.33026,270.93027,270.2303,272.93027,273.03027,271.7303,272.93027,273.53027,274.43027,277.03027,278.2303
273.2303,273.03027,282.33026,270.33026,269.7303,269.13028,269.33026,267.83026,268.43027,269.13028,270.2303,270.03027,268.53027,269.33026,270.53027,271.13028,270.43027,270.7303,270.33026,270.83026,271.83026,272.7303,271.33026,270.83026,271.03027,270.7303,270.33026,270.53027,270.13028,270.7303,270.63028,276.53027,272.7303,270.13028,270.93027,271.83026,271.93027,275.33026,274.7303,274.83026,277.33026
