wind_kz.json
{"header": {"discipline":0,"disciplineName":"Meteorological products","gribEdition":2,"gribLength":1025,"center":7,"centerName":"US National Weather Service - NCEP(WMC)","subcenter":0,"refTime":"2023-09-24T12:00:00.000Z","significanceOfRT":1,"significanceOfRTName":"Start of forecast","productStatus":0,"productStatusName":"Operational products","productType":1,"productTypeName":"Forecast products","productDefinitionTemplate":0,"productDefinitionTemplateName":"Analysis/forecast at horizontal level/layer at a point in time","parameterCategory":2,"parameterCategoryName":"UnknownDiscipline_0_Category_2","parameterNumber":3,"parameterNumberName":"UnknownParameter_D0_C2_3","parameterUnit":"Unknown","genProcessType":2,"genProcessTypeName":"Forecast","forecastTime":120,"surface1Type":103,"surface1TypeName":"Specified height level above ground","surface1Value":10.0,"surface2Type":255,"surface2TypeName":"Missing","surface2Value":0.0,"gridDefinitionTemplate":0,"gridDefinitionTemplateName":"Latitude_Longitude","numberPoints":615,"shape":6,"shapeName":"Earth spherical with radius of 6,371,229.0 m","gridUnits":"degrees","resolution":48,"winds":"true","scanMode":64,"nx":41,"ny":15,"basicAngle":0,"lo1":47.0,"la1":41.0,"lo2":87.0,"la2":55.0,"dx":1.0,"dy":1.0}, "data":
[rows 0 to 14 of 15, columns 0 to 40 of 41]
3.2070532,2.1070533,0.47705323,1.4970533,-1.1229467,-0.84294677,-1.4629468,-2.712947,-1.9329468,-3.2529469,-4.172947,-4.442947,-4.3529468,-3.9329467,-0.31294677,-1.3929467,-0.5829468,-2.6229467,-4.652947,-6.002947,-2.712947,-4.1229467,-5.152947,-1.0129467,3.3670533,2.6970532,-0.5129468,1.3070532,-1.0529468,4.577053,1.6770532,2.7170532,-0.40294677,0.77705324,1.2670532,-0.19294678,0.24705322,0.9370532,-0.25294676,-1.0529468,-1.5229468
-2.3029468,1.2870532,1.0570532,1.4670532,-1.7029468,-4.342947,-3.4829469,-4.6629467,-3.5929468,-4.962947,-5.2629466,-5.442947,-3.3229468,-6.5129466,-8.032947,-7.632947,-4.6029468,-2.1129467,-1.6129467,-0.3529468,-3.8029468,0.09705322,-2.4829469,-1.0929468,2.287053,0.83705324,3.3370533,2.3870533,0.027053222,0.037053224,-0.53294677,2.3970532,1.8870533,0.8070532,1.3570533,3.7670531,1.5770532,1.4070532,-0.43294677,-0.10294678,-0.8129468
3.3570533,3.1270533,0.7370532,0.027053222,-1.2529467,-1.2529467,-3.2429469,-3.3129468,-3.8729467,-4.5329466,-5.2429466,-5.312947,-7.462947,-7.0729465,-4.832947,-5.732947,-6.712947,-7.2029467,-7.652947,-4.7829466,1.9370532,-1.4229468,1.0370532,0.40705323,-2.1529467,3.5770533,6.537053,-2.1629467,-2.2029467,1.1870532,-1.3929467,-1.5929468,-2.2029467,0.17705323,-0.33294678,-0.90294677,-1.5529468,-4.732947,-0.7729468,1.9170532,2.2170532
1.0670532,0.25705323,-1.2929468,-1.9129468,-2.1929467,-2.8729467,-4.982947,-4.192947,-4.7029467,-5.0129466,-4.692947,-3.9429467,-4.2429466,-6.0129466,-7.7029467,-7.4529467,-4.9929466,-7.272947,-7.252947,-1.9029468,-3.9929469,2.7670531,-4.4329467,-3.1529467,-3.4029467,-1.0429468,-1.3429468,2.4770532,0.48705322,-5.402947,-5.362947,-3.2829468,2.7070532,0.7470532,-0.6429468,-0.33294678,-1.0929468,0.35705322,-0.33294678,-1.2229468,-2.4829469
0.3370532,-0.84294677,-2.4129467,-3.9429467,-6.8229465,-5.7629466,-3.5329468,-3.7429469,-3.8329468,-3.4329467,-4.8929467,-3.3529468,-3.6229467,-4.252947,-5.812947,-1.8729467,-5.422947,-4.542947,-5.7229466,-5.2629466,-4.382947,-0.20294678,-0.5129468,-0.61294675,-0.30294678,1.3370532,1.1670532,1.2270532,0.9470532,3.2670531,0.64705324,-4.3729467,-1.9629468,-0.72294676,0.17705323,-0.032946777,1.0270532,-0.8929468,-1.1229467,-0.23294678,-1.0729468
2.4370532,1.6470532,-0.40294677,-1.0129467,-1.2929468,-2.6329467,-5.2029467,-3.9929469,-3.4529467,-3.1829467,-4.6229467,-4.8929467,-5.2629466,-2.712947,-4.812947,-5.652947,-5.6629467,-2.3429468,-3.462947,-5.8029466,-4.382947,-2.462947,-3.5629468,-3.1229467,-2.8329468,-5.962947,-2.6129467,-0.27294677,-2.6029468,-2.7529469,5.3370533,1.5970532,2.0070531,-2.3129468,0.27705324,8.447053,-1.4229468,3.5870533,2.5970533,-0.092946775,-3.1129467
-0.5229468,0.087053224,-0.2929468,-1.6529468,-1.1229467,-3.722947,-5.082947,-4.172947,-2.9429467,-2.0729468,-3.472947,-3.9129467,-4.672947,-5.402947,-5.792947,-5.3929467,-6.092947,-5.292947,-4.6029468,-5.442947,-4.022947,-4.5529466,-3.1829467,-4.692947,-4.272947,-1.0729468,-1.4729468,0.9870532,-2.8929467,0.84705323,3.1970532,3.2270532,2.1370533,1.7370533,3.1370533,1.7270532,1.1070533,1.5870532,0.5370532,2.1170533,0.14705323
0.28705323,-0.08294678,-0.9629468,-1.8529468,-2.9029467,-4.192947,-4.7029467,-4.902947,-3.1429467,-1.2529467,-3.1029468,-4.342947,-3.6629467,-5.192947,-5.422947,-5.672947,-4.0329466,-5.2029467,-4.3229465,-4.832947,-4.422947,-5.2429466,-5.632947,-5.8529468,-5.092947,-3.1529467,-2.2929468,-3.3929467,-1.0629468,-0.36294678,0.23705322,4.597053,4.137053,3.6770532,2.027053,-0.18294677,0.04705322,0.51705325,-1.3129468,0.28705323,-2.5729468
0.017053222,-0.8329468,-1.3929467,-2.2629468,-2.962947,-3.6529467,-4.6629467,-4.8029466,-4.0129466,-2.6829467,-3.3929467,-3.0729468,-4.192947,-4.562947,-5.172947,-5.4329467,-5.3029466,-6.422947,-5.9329467,-4.8029466,-3.722947,-4.2429466,-3.5829468,-4.402947,-4.542947,-3.9929469,-4.982947,-2.3029468,-2.9829469,-1.9629468,1.3570533,-1.1329467,0.3970532,3.3870533,5.5670533,3.4670532,0.35705322,0.037053224,0.7370532,0.5470532,-2.4829469
-0.5029468,-1.0429468,-1.6229467,-2.3129468,-2.6229467,-3.8729467,-4.082947,-4.382947,-3.962947,-2.7429469,-3.2829468,-3.1229467,-4.112947,-4.382947,-4.9329467,-5.582947,-6.3529468,-5.092947,-5.2229466,-3.3329468,-4.7429466,-4.4929466,-4.0129466,-4.592947,-4.482947,-3.5729468,-2.9129467,-0.9529468,0.64705324,-2.9929469,-1.1229467,-2.4429467,-1.0929468,-3.2829468,-2.472947,1.9670532,1.0970532,-1.6329467,0.7870532,3.8970532,3.0470533
-0.85294676,-0.8329468,-1.5329468,-2.3229468,-2.6329467,-2.9229467,-2.6129467,-3.3029468,-3.722947,-3.3529468,-3.1729467,-3.2729468,-3.5229468,-3.8029468,-4.6029468,-5.8729467,-5.772947,-4.6829467,-5.922947,-5.712947,-6.272947,-3.962947,-3.4329467,-5.112947,-4.812947,-5.272947,-1.9029468,-3.7929468,-0.48294678,-1.5229468,-3.7829468,3.4570532,2.2270532,0.3670532,-1.0929468,-2.2429469,0.4570532,2.5070531,2.3870533,0.7370532,0.44705322
0.117053226,-0.3829468,-1.4829468,-1.5929468,-2.2329469,-2.8129468,-2.7729468,-2.8829467,-3.1529467,-2.7729468,-2.8429468,-2.9229467,-5.3229465,-1.4529468,-2.8829467,-4.9329467,-5.0729465,-3.5029469,-4.442947,-4.962947,-5.2229466,-4.4529467,-3.8629467,-3.5129468,-3.6029468,-4.252947,-3.5629468,-3.8729467,-3.962947,3.1170533,2.3370533,-1.2929468,-1.3329468,-2.3229468,0.65705323,2.1170533,0.58705324,-0.53294677,-0.6929468,-0.31294677,-0.7129468
-0.24294677,-0.78294677,-0.6429468,-1.1329467,-1.1129467,-1.4029468,-2.3329468,-3.0129468,-2.9529467,-0.07294678,-0.3829468,-0.40294677,-1.2429467,-2.7529469,-0.4429468,-3.212947,-3.7429469,-2.712947,-2.7429469,-3.8129468,-3.0729468,-4.002947,-3.2629468,-3.0829468,-4.4129467,-4.2429466,-3.4029467,-2.8529468,-2.722947,-1.0629468,-4.692947,1.9370532,-0.8929468,-0.49294677,-1.4829468,-0.7629468,-0.9329468,-1.6029468,-0.59294677,0.43705323,0.95705324
-0.48294678,-1.0429468,-1.0629468,-0.4429468,-1.5129467,-2.0329468,-2.1529467,-2.2329469,-2.3329468,0.7370532,-0.5629468,-0.0029467773,0.35705322,0.5370532,-1.2929468,-0.9329468,-2.3329468,-3.0329468,-2.1129467,-3.4529467,-2.9029467,-2.8829467,-3.472947,-2.7729468,-1.8129468,-2.962947,-3.6029468,-3.4129467,-0.9529468,-0.8229468,0.40705323,-0.59294677,0.5070532,0.6970532,-0.08294678,-1.4029468,-0.59294677,-0.8829468,-0.92294675,0.44705322,1.2070532
0.14705323,-0.8229468,-0.6229468,-0.5629468,-1.5929468,-2.3629467,-2.6829467,-1.9629468,-2.0129468,-0.85294676,0.117053226,1.0270532,0.9970532,0.6670532,-0.032946777,0.77705324,-1.8329468,-2.472947,-1.7129468,-2.1829467,-1.9329468,-2.8229468,-0.90294677,-1.8729467,-1.5529468,-1.7229468,-2.8229468,-2.212947,-2.6829467,-2.1729467,-0.07294678,1.1070533,-0.2929468,-0.8229468,0.40705323,-0.60294676,-0.7729468,-1.2129468,-1.6529468,0.09705322,-0.012946777
