wind_kz.json
{"header": {"discipline":0,"disciplineName":"Meteorological products","gribEdition":2,"gribLength":1025,"center":7,"centerName":"US National Weather Service - NCEP(WMC)","subcenter":0,"refTime":"2023-08-18T00:00:00.000Z","significanceOfRT":1,"significanceOfRTName":"Start of forecast","productStatus":0,"productStatusName":"Operational products","productType":1,"productTypeName":"Forecast products","productDefinitionTemplate":0,"productDefinitionTemplateName":"Analysis/forecast at horizontal level/layer at a point in time","parameterCategory":2,"parameterCategoryName":"UnknownDiscipline_0_Category_2","parameterNumber":2,"parameterNumberName":"UnknownParameter_D0_C2_2","parameterUnit":"Unknown","genProcessType":2,"genProcessTypeName":"Forecast","forecastTime":120,"surface1Type":103,"surface1TypeName":"Specified height level above ground","surface1Value":10.0,"surface2Type":255,"surface2TypeName":"Missing","surface2Value":0.0,"gridDefinitionTemplate":0,"gridDefinitionTemplateName":"Latitude_Longitude","numberPoints":615,"shape":6,"shapeName":"Earth spherical with radius of 6,371,229.0 m","gridUnits":"degrees","resolution":48,"winds":"true","scanMode":64,"nx":41,"ny":15,"basicAngle":0,"lo1":47.0,"la1":41.0,"lo2":87.0,"la2":55.0,"dx":1.0,"dy":1.0}, "data":
[rows 0 to 14 of 15, columns 0 to 40 of 41]
0.44666564,-1.8633343,2.5466657,-1.1933343,-2.0733345,0.7766656,-0.09333435,0.20666565,-3.2933342,-1.5033344,-1.7533344,-2.2533343,-2.2833343,-1.7633344,-2.2933342,-2.1033344,-1.2333343,-0.23333435,-2.4333344,0.22666565,2.9766657,0.86666566,-0.10333435,-0.50333434,1.1066656,-2.7633343,-2.9833343,-0.39333436,0.79666567,0.49666566,0.15666565,1.6666657,1.1566657,1.0066657,-5.383334,-6.3533344,-6.6933346,-4.5633345,-4.7033343,-4.303334,-0.42333436
1.1466657,3.2866657,2.7266657,3.2566657,0.54666567,0.11666565,-0.10333435,-2.2833343,0.56666565,0.7766656,-0.70333433,-1.5133344,-0.49333435,-2.3333344,-1.6933343,-0.68333435,0.15666565,-0.30333436,-0.43333435,0.35666564,1.9366657,-1.3433343,-0.36333436,-3.3733344,-0.39333436,0.50666565,-1.0133344,-0.13333435,-2.4433343,-1.5433344,-0.12333435,-0.12333435,1.2066656,-1.9733343,0.35666564,0.15666565,-0.95333433,-0.67333436,-3.3333344,3.1666656,8.936666
2.2466657,1.5466657,-1.1333344,-1.1933343,-0.14333434,0.36666566,0.15666565,-0.22333436,0.92666566,-1.7933344,-1.7933344,-4.1233344,-3.4033344,-1.7533344,-0.22333436,0.26666564,1.8166656,2.2166657,2.4466658,-0.24333435,-0.24333435,-1.9533343,-3.1333344,-3.6633344,0.87666565,-0.61333436,-0.13333435,-0.99333435,-2.8333344,-0.55333436,0.61666566,2.0666656,0.45666564,0.33666566,1.0966656,-0.79333436,0.92666566,-0.15333435,-1.8033344,2.1266656,0.02666565
1.9666656,0.67666566,0.79666567,2.0666656,2.0966656,0.9766657,0.9666656,-2.0733345,-4.073334,-4.7333345,-3.5533342,-3.2533343,1.0066657,0.45666564,0.9166657,2.3066657,2.7366657,2.5266657,2.4066656,-0.93333435,-0.45333436,-1.4533343,-1.2133343,-1.8633343,-2.3533344,-1.5633343,-2.8133345,-2.9633343,-0.06333435,0.46666566,-0.27333435,-0.02333435,2.7766657,-0.98333436,-2.9533343,-1.7133343,-0.14333434,2.1166656,0.07666565,1.9466656,2.1566656
1.5466657,1.5766656,2.3566656,3.3266656,1.9666656,0.02666565,0.34666565,-2.0433342,-3.2133343,-1.5033344,-0.09333435,-1.5933343,-1.1733344,-0.09333435,-0.44333434,-1.1633344,-2.5833344,-1.9333344,-1.2833344,0.30666566,1.2466656,-2.3233345,-0.79333436,-2.0333343,-2.8033342,-1.8933344,-1.8833344,-0.5233343,0.35666564,3.1066656,2.5266657,-2.5033343,-1.9333344,-0.11333435,3.5166657,2.4766657,3.1066656,3.2266657,3.2866657,1.3366656,-4.5633345
3.0466657,1.8466656,3.9566658,3.6366656,4.1666656,2.5066657,-2.0133343,-1.9333344,-1.5033344,-0.79333436,0.33666566,0.7166656,0.9766657,1.1466657,0.06666565,-0.033334352,-1.8533343,-1.3633343,-0.09333435,1.7366656,1.7366656,2.2466657,0.76666564,0.09666565,0.29666564,2.2666657,1.5866656,0.67666566,0.0066656494,-1.2933344,-3.2433343,-1.7833344,-2.8433344,-0.43333435,0.81666565,1.1766657,1.7466656,2.7066658,6.6666656,1.7266656,-0.61333436
3.3966656,2.5066657,3.4766657,3.7166657,3.7966657,3.7566657,2.8666656,2.1566656,2.3766656,1.8766656,3.0366657,2.5466657,1.4466656,2.4066656,2.2366657,0.5966656,-1.5133344,-0.73333436,-0.16333435,0.15666565,3.0266657,2.2066658,1.9966656,1.7166656,2.7366657,1.7666657,0.5966656,-0.12333435,1.1766657,0.06666565,0.50666565,2.0166657,0.24666566,0.04666565,0.29666564,-0.7733343,-0.61333436,2.9266655,-0.61333436,2.5966656,1.3766656
2.3766656,3.3366656,4.2966657,4.7966657,6.2066655,4.4866657,3.2866657,2.6166656,2.2866657,1.1666657,0.14666565,2.6266656,2.4366655,1.9266657,1.3666656,0.19666564,-0.76333433,-2.1033344,-2.0933344,-1.3833344,-2.0133343,-3.0033343,-2.3733344,-2.4633343,-2.2233343,-0.6433343,0.57666564,0.37666565,0.87666565,0.47666565,0.94666564,2.3866656,1.1666657,0.48666564,0.09666565,2.0766656,3.2066658,3.3566656,4.5866656,4.596666,0.31666565
3.1266656,2.5466657,3.1366656,4.2266655,4.9166656,4.9966655,4.4966655,1.6466657,1.8166656,0.95666564,1.5466657,1.9866656,3.1266656,1.7366656,0.12666565,0.9166657,-0.70333433,-1.7633344,-2.4833343,-2.6733344,-3.0433342,-2.7733343,-2.5433342,-2.0233343,-1.1933343,-0.99333435,0.056665648,0.92666566,1.3066657,0.64666563,1.1766657,2.0566657,2.0266657,1.6466657,1.6066656,0.69666564,0.16666564,-2.3033342,-0.87333435,1.0766656,-1.2033343
2.9666657,4.4866657,4.3166656,3.6766655,4.0866656,3.5666656,3.7366657,1.4966656,0.33666566,3.3766656,3.1666656,2.9566658,4.2066655,5.446666,3.3866656,2.1866655,-0.0033343507,-0.46333435,-1.3833344,-1.6733344,-2.7333343,-2.4533343,-1.5333344,-1.3333343,-1.9533343,-1.8633343,-1.8933344,-1.0133344,-1.6733344,-2.4033344,0.06666565,1.1166656,2.3466656,-0.08333435,-1.9433343,-0.48333436,-1.6433344,-0.0033343507,-2.1533344,0.34666565,-0.31333435
4.1066656,3.5666656,3.3766656,4.346666,3.8266656,2.4066656,2.5466657,2.7566657,0.93666565,2.3266656,4.0366654,3.6866655,3.9966657,4.5666656,2.7966657,1.7566657,0.76666564,0.88666564,-0.9033344,-0.68333435,-1.4633343,-1.5133344,-1.5633343,0.75666565,-0.22333436,-0.80333436,-1.0933343,-1.5033344,-1.9233344,-1.8733344,-0.44333434,-0.8433344,-1.9533343,-2.3433344,-1.3933344,0.5366657,-1.4333344,-0.24333435,-0.82333434,1.0166657,-0.08333435
3.2866657,4.4566655,4.9766655,4.0566654,3.9766657,3.8666656,2.8466656,2.5966656,3.8166656,3.3666656,1.4166657,3.4366655,1.6566657,2.1766655,1.1366657,-1.7433343,2.2866657,1.8366656,0.44666564,-0.40333435,-0.9633343,-0.18333435,-2.1933343,-1.2533344,-0.26333436,-0.61333436,-0.38333434,-1.5933343,-3.0033343,-2.6233344,-3.5233343,-3.4033344,-2.9033344,-3.9233344,-3.2733343,-2.7933342,-4.1233344,-1.7133343,-0.31333435,0.09666565,-0.5833343
4.2666655,4.906666,4.8166656,3.7066658,2.7766657,0.73666567,1.2066656,1.7866657,3.4766657,0.79666567,0.30666566,2.0166657,0.5966656,1.4266657,1.0766656,1.1766657,0.11666565,1.2266656,1.8466656,2.4366655,-0.09333435,-0.013334351,0.25666565,-0.68333435,1.3566656,0.31666565,-1.4233344,-2.6233344,-2.7433343,-2.3533344,-4.363334,-3.8033342,-3.7833343,-3.5133343,-3.1033344,-3.8433344,-2.6633344,-1.4733343,-2.8633344,-1.2533344,-0.8333343
4.5366654,6.446666,6.5466657,6.196666,4.2266655,3.1966658,2.5766656,1.7066656,1.3066657,0.93666565,0.61666566,0.24666566,1.4066657,1.9266657,0.7266657,0.04666565,0.30666566,1.3166656,0.30666566,2.9466658,1.8566656,0.12666565,1.9966656,0.29666564,0.7766656,-0.46333435,-1.4333344,-0.56333435,-1.4133344,-1.0133344,-2.3833344,-2.4933343,-2.6533344,-2.9433343,-2.1033344,-2.7633343,-2.3133345,-2.1533344,-1.9033344,-0.95333433,0.31666565
3.9666657,6.2466655,8.606666,2.8366656,2.4566658,1.7866657,3.7166657,1.3766656,0.5266656,0.80666566,-0.70333433,-0.47333434,0.8466656,0.87666565,-0.14333434,-1.3833344,0.19666564,-1.3733344,-0.62333435,-1.4533343,-0.9033344,-4.3933344,-0.8933343,-0.5233343,2.0366657,1.6366657,-0.12333435,0.29666564,-0.66333437,-1.0833343,0.5366657,-2.0533342,-1.9133344,-0.8433344,-1.2633344,-0.8333343,-0.74333435,0.08666565,0.88666564,0.30666566,-0.17333435
