wind_kz.json
{"header": {"discipline":0,"disciplineName":"Meteorological products","gribEdition":2,"gribLength":1025,"center":7,"centerName":"US National Weather Service - NCEP(WMC)","subcenter":0,"refTime":"2023-09-08T12:00:00.000Z","significanceOfRT":1,"significanceOfRTName":"Start of forecast","productStatus":0,"productStatusName":"Operational products","productType":1,"productTypeName":"Forecast products","productDefinitionTemplate":0,"productDefinitionTemplateName":"Analysis/forecast at horizontal level/layer at a point in time","parameterCategory":2,"parameterCategoryName":"UnknownDiscipline_0_Category_2","parameterNumber":2,"parameterNumberName":"UnknownParameter_D0_C2_2","parameterUnit":"Unknown","genProcessType":2,"genProcessTypeName":"Forecast","forecastTime":240,"surface1Type":103,"surface1TypeName":"Specified height level above ground","surface1Value":10.0,"surface2Type":255,"surface2TypeName":"Missing","surface2Value":0.0,"gridDefinitionTemplate":0,"gridDefinitionTemplateName":"Latitude_Longitude","numberPoints":615,"shape":6,"shapeName":"Earth spherical with radius of 6,371,229.0 m","gridUnits":"degrees","resolution":48,"winds":"true","scanMode":64,"nx":41,"ny":15,"basicAngle":0,"lo1":47.0,"la1":41.0,"lo2":87.0,"la2":55.0,"dx":1.0,"dy":1.0}, "data":
[rows 0 to 14 of 15, columns 0 to 40 of 41]
-0.31454346,1.0254565,-0.9445435,-0.46454346,-1.8645434,-0.45454347,-0.7045435,-0.44454345,-3.6345434,-2.6345434,-2.3945434,-0.6345435,-0.054543458,0.16545655,-0.54454345,-1.2345434,-2.6845434,-3.8145435,-3.2245436,-2.3145435,-0.34454346,0.105456546,3.1454566,4.5554566,2.4054565,5.3654566,4.4354568,5.1354566,6.0554566,5.7054567,7.9554567,2.5154564,2.9854565,-0.5745435,-2.3345435,1.1254566,1.3554566,-0.15454346,-0.5745435,-1.6345434,-1.1745435
0.57545656,0.72545654,-0.024543457,-2.4645433,-1.6945435,1.3054565,1.4454565,0.88545656,-2.2445436,-2.2645435,-0.25454345,-1.3945434,-1.9245435,-3.3445435,-3.1745434,-2.7945435,-1.5745435,-2.0845435,-1.7745434,-0.67454344,0.91545653,2.1854565,1.9754566,2.6654565,2.9954565,0.75545657,1.6154566,4.1454563,6.3454566,0.27545655,1.0054566,1.6954565,-2.2745435,1.3354565,2.3354566,-0.71454346,-0.5745435,0.035456542,-0.48454344,2.9854565,5.9554567
-0.59454346,-3.5645435,-3.3645434,-3.3445435,-0.59454346,1.5154566,0.89545655,-0.96454346,0.075456545,-0.74454343,-2.2445436,-1.7045435,-3.6145434,-3.5345435,-2.3945434,-2.0945435,-2.1145434,-1.5045434,-0.84454346,-0.58454347,1.0854565,5.1254563,-2.6445434,1.7554566,1.2754565,3.3854566,4.3854566,5.915457,5.3054566,-0.08454346,0.7354565,-1.4545435,-0.99454343,-0.09454346,-3.5145435,-1.0845435,0.46545655,-0.71454346,5.5754566,5.0454564,1.0554565
-3.1245434,-4.5445433,-3.2045434,-1.6045434,0.30545655,-0.85454345,3.1654565,2.5754566,0.72545654,-1.7445434,-1.7345434,-5.2345433,-4.7345433,-2.9045434,0.29545653,-1.5245434,-1.3845434,-0.024543457,-0.104543455,-0.044543456,1.8954566,-1.1845435,2.4754565,2.3354566,3.5054564,3.4854565,5.0054564,5.7554564,9.165457,7.5454564,3.3054566,3.0554566,3.7554564,3.2754564,3.6354566,2.6554565,1.7854565,2.8554566,-1.5545435,-2.8045435,-3.1345434
-3.9245434,-2.2745435,-2.7645435,-0.8745434,-0.5745435,1.5054566,3.4354565,2.3554566,-0.89454347,-0.37454346,-1.1745435,-4.6845436,-1.6645435,-1.2345434,2.2954566,-0.68454343,0.59545654,0.85545653,0.53545654,0.59545654,2.0754566,2.0254564,2.3854566,2.9054565,3.7054565,4.915457,5.5854564,-1.9145435,3.0854566,4.2954564,1.8454566,1.8454566,2.5854566,1.7154565,-2.4145434,-0.9445435,1.3654566,-0.90454346,-1.6045434,-1.5045434,-3.0345435
-1.5845435,-1.5945435,-2.4545434,-3.6845434,-0.43454346,0.05545654,3.9854565,1.6754565,0.22545654,-0.8145435,0.36545655,1.4954566,0.8754566,1.4754566,2.8154566,1.1254566,1.1354566,0.6854565,0.96545655,2.5254564,2.4054565,1.4354565,2.4754565,4.1054564,3.5654566,2.9154565,3.0754566,-0.004543457,2.0654566,5.3154564,4.415457,4.1454563,3.4854565,2.8254566,-1.5445435,0.52545655,2.7054565,2.9654565,5.9254565,5.8654566,2.9154565
-0.064543456,1.0854565,0.52545655,0.6154565,-3.0945435,-0.86454344,-2.0445435,-3.0045435,1.5654565,-0.37454346,0.43545654,1.7254566,-0.42454347,1.2754565,2.2954566,2.3954566,3.2754564,1.2554566,2.2754564,2.7554564,1.8454566,1.9254565,1.8854566,1.8154565,3.4554565,3.4054565,4.3754563,2.4454565,3.8154566,6.7254567,6.8754563,5.0054564,3.9454565,1.0554565,2.1254566,4.2854567,5.3854566,2.4254565,3.1854565,-2.2245436,-3.3545434
0.105456546,0.7954565,-0.14454345,-0.15454346,-3.0345435,0.60545653,-0.68454343,6.5954566,0.94545656,4.5254564,1.6054566,0.84545654,0.37545654,2.8754566,1.9054565,2.9054565,2.1854565,4.3254566,2.6154566,3.6054566,2.8054566,1.9954566,-0.35454345,1.9254565,3.2854567,3.9954565,3.4054565,3.7854567,3.9554565,1.2554566,3.1054566,1.6854565,2.3954566,4.8954563,2.3954566,3.7054565,-1.4945434,-0.40454346,3.7254565,3.5954566,2.7654564
-0.11454346,-0.03454346,-0.54454345,-0.9445435,-1.5145434,1.6654565,4.7154565,-1.1645435,-0.20454346,-0.6945435,1.3254565,2.1054566,3.6154566,3.2454565,3.1054566,3.9154565,2.9754565,2.9254565,2.4054565,2.8154566,3.4654565,2.3354566,2.8054566,3.4654565,2.9754565,4.0054564,4.3354564,4.665457,4.3854566,3.0654566,3.6254566,3.5754566,3.0654566,2.6954565,3.0354567,2.9354565,-0.98454344,0.12545654,0.31545654,0.24545655,0.035456542
0.7454565,0.27545655,-1.0745435,-2.2245436,-2.5545435,0.45545655,0.31545654,1.5954566,1.9854566,2.6154566,1.9754566,2.2354565,1.2854565,3.9954565,4.6154566,3.2254565,2.5054564,2.4654565,3.4354565,3.3554566,4.4054565,3.8854566,4.2654567,2.6854565,4.4054565,2.4754565,3.1854565,2.7854567,2.3654566,3.2654564,4.8054566,3.2154565,2.4554565,2.4854565,3.3354566,1.0254565,-1.4645435,-0.9545435,-0.104543455,0.47545654,0.53545654
0.58545655,0.83545655,0.9254565,-0.21454346,-0.054543458,0.29545653,-0.29454345,1.4854566,1.3954566,2.4154565,1.6954565,1.9154565,3.8054566,1.3354565,0.69545656,2.1454566,3.0254564,3.3754566,2.1754565,3.5754566,4.1254563,2.2254565,4.0354567,3.4354565,2.6054566,1.9854566,2.6554565,1.9754566,1.2854565,2.8354566,1.6854565,1.3854566,1.8554566,1.5354565,1.0954566,0.72545654,-0.5145435,1.1954565,-0.40454346,-0.14454345,0.005456543
1.7454566,0.57545656,0.18545654,1.4754566,0.45545655,0.43545654,-0.054543458,-0.09454346,-1.0945435,1.1254566,2.0154564,2.0254564,3.9154565,2.3854566,1.7154565,1.7754565,1.9254565,2.2354565,2.2854567,2.6154566,3.3254566,3.2454565,1.9354565,-0.054543458,-1.2645434,-0.044543456,3.3554566,5.6854568,5.1154566,3.8954566,2.1754565,3.8654566,1.2854565,2.2054565,1.6654565,0.94545656,-0.84454346,3.7654564,0.95545655,0.22545654,0.17545654
0.94545656,1.6154566,0.52545655,1.5954566,1.0754565,0.96545655,1.2654566,0.45545655,-0.49454346,-0.39454347,1.4954566,3.4054565,3.4854565,2.9154565,0.6754565,1.8754566,2.1554565,2.5654566,2.9554565,1.5154566,2.3354566,2.0654566,2.2654564,2.0854566,1.3954566,4.8954563,5.3854566,6.4554567,7.1354566,4.2954564,5.1254563,4.2954564,4.0454564,0.5454565,3.0954566,4.0654564,4.1154566,1.7754565,1.6654565,1.6954565,-0.16454345
2.0954566,2.7854567,2.4854565,2.5254564,2.5054564,2.4254565,2.3554566,2.7554564,1.9854566,1.2454566,1.3354565,3.3254566,0.31545654,0.19545655,2.0954566,1.8054565,2.9454565,3.0054564,1.1154566,1.3554566,3.1254566,3.6954565,2.0354567,-1.1645435,4.9554567,5.5254564,5.2054567,5.0354567,3.5254564,3.0254564,4.7454567,4.9754567,5.1854568,3.9154565,2.8954566,1.7754565,2.1754565,1.5554565,1.3954566,0.76545656,1.9654565
2.6254566,2.9954565,3.9054565,3.8354566,4.5054564,4.0954566,3.5054564,3.6454566,3.8754566,4.1054564,1.6054566,4.3154564,0.75545657,2.5954566,2.5954566,0.71545655,2.8554566,2.4154565,3.9854565,2.3154566,2.1054566,2.6054566,1.4354565,2.4454565,3.8454566,3.4954565,3.9754565,3.0454566,3.5754566,3.1754565,4.0654564,4.4454565,3.3854566,3.6054566,4.3454566,2.9454565,1.6254566,2.7954566,2.5054564,1.9054565,-1.1745435
