wind_kz.json
{"header": {"discipline":0,"disciplineName":"Meteorological products","gribEdition":2,"gribLength":1025,"center":7,"centerName":"US National Weather Service - NCEP(WMC)","subcenter":0,"refTime":"2023-10-01T12:00:00.000Z","significanceOfRT":1,"significanceOfRTName":"Start of forecast","productStatus":0,"productStatusName":"Operational products","productType":1,"productTypeName":"Forecast products","productDefinitionTemplate":0,"productDefinitionTemplateName":"Analysis/forecast at horizontal level/layer at a point in time","parameterCategory":2,"parameterCategoryName":"UnknownDiscipline_0_Category_2","parameterNumber":3,"parameterNumberName":"UnknownParameter_D0_C2_3","parameterUnit":"Unknown","genProcessType":2,"genProcessTypeName":"Forecast","forecastTime":0,"surface1Type":103,"surface1TypeName":"Specified height level above ground","surface1Value":10.0,"surface2Type":255,"surface2TypeName":"Missing","surface2Value":0.0,"gridDefinitionTemplate":0,"gridDefinitionTemplateName":"Latitude_Longitude","numberPoints":615,"shape":6,"shapeName":"Earth spherical with radius of 6,371,229.0 m","gridUnits":"degrees","resolution":48,"winds":"true","scanMode":64,"nx":41,"ny":15,"basicAngle":0,"lo1":47.0,"la1":41.0,"lo2":87.0,"la2":55.0,"dx":1.0,"dy":1.0}, "data":
[rows 0 to 14 of 15, columns 0 to 40 of 41]
1.1224219,0.75242186,-0.6075781,1.9824219,0.56242186,-2.2075782,-2.2575781,-2.1575782,-0.25757813,-0.50757813,-2.1975782,-2.337578,-3.027578,-3.0075781,-3.0175781,-4.227578,-3.9675782,-3.1775782,-2.027578,-1.9675782,-3.7075782,-2.7075782,-3.377578,-0.50757813,3.372422,1.4324219,0.93242186,0.24242188,-2.317578,0.012421875,1.6824219,1.8124219,-0.037578125,0.022421874,-1.0375781,1.2124219,1.1824219,0.2824219,-2.4475782,-1.9375781,-1.5175781
-0.56757814,1.4524219,1.9224219,1.5324218,0.08242188,-2.7675781,-2.5075781,-1.6275781,0.38242188,-0.017578125,-2.027578,-1.9575782,-1.8375782,-3.827578,-3.287578,-4.437578,-4.247578,-1.9475781,-1.1775781,-1.1675781,-2.587578,-1.9775782,-2.6475782,1.7824218,2.1024218,2.0824218,1.0524219,2.0124218,-1.1075782,0.7024219,-1.1475781,-0.86757815,1.7224219,-1.5875782,-1.1975781,0.82242185,2.472422,2.692422,0.8524219,-0.36757812,-1.7375782
2.0424218,3.162422,2.152422,1.2324219,0.76242185,1.6024219,-0.26757812,-0.48757812,1.1224219,1.2924218,-0.68757814,-3.027578,-3.867578,-5.447578,-3.5075781,-3.4775782,-3.9275782,-3.1875782,-2.4675782,-3.0075781,-0.36757812,-0.7275781,-0.41757813,0.8924219,-2.4275782,-0.93757814,-3.127578,-3.047578,-4.1275783,-2.057578,0.51242185,0.032421876,-2.1475782,1.7224219,-0.50757813,-0.8275781,-0.7675781,-2.577578,-1.4675782,-0.48757812,1.3824219
1.5224218,1.9824219,0.7824219,0.042421874,0.8624219,-0.37757814,-0.38757813,0.07242188,-0.24757813,-2.4475782,-1.1375781,-0.44757813,-2.307578,-3.577578,-5.787578,-4.347578,-2.587578,-2.567578,-3.5175781,-1.7375782,-1.1975781,-1.4675782,-2.9275782,2.2924218,0.07242188,-0.7875781,-0.6675781,-2.137578,-0.15757813,2.5324218,3.682422,0.9524219,0.7124219,-0.93757814,-1.4175781,-0.10757813,0.9224219,2.7524219,-0.8575781,-1.1075782,-1.3175781
0.5224219,0.27242187,-0.62757814,-2.037578,-4.617578,-4.417578,0.8624219,-0.9075781,-2.387578,-0.12757812,-0.28757814,1.0824219,0.14242187,-3.7175782,-6.0675783,-4.537578,-3.5175781,-3.9275782,-4.407578,-5.167578,-6.2975783,1.5924219,1.3124219,-2.127578,-2.277578,0.50242186,-0.11757813,-2.827578,-1.2275782,-3.1575782,-1.1275781,-2.9575782,-1.4575782,0.17242187,1.1024219,2.862422,0.6524219,0.7024219,1.0724219,-0.15757813,0.56242186
-1.1075782,1.3824219,-0.45757812,-2.047578,-2.317578,-2.6775782,-2.877578,-1.1875781,-2.4975781,2.3324218,2.2424219,1.1524218,3.0524218,-1.2275782,-4.997578,-3.817578,-4.167578,-3.887578,-5.3375783,-3.847578,-4.787578,-6.0875783,-7.847578,-3.797578,4.132422,1.0524219,-0.057578124,-3.327578,-2.4275782,-2.4475782,-2.337578,-3.327578,-1.6175781,-2.377578,-0.81757814,-1.4775782,-1.2675781,-1.6275781,1.1524218,1.5124218,-3.1775782
-1.2475781,-0.9575781,-1.5775781,-3.057578,-3.127578,-3.567578,-2.367578,-1.7475781,2.392422,2.612422,5.382422,1.7224219,-0.75757813,-2.8975782,-2.1675782,-5.2775784,-5.667578,-4.887578,-4.447578,-3.057578,-3.0075781,-1.0775781,1.5124218,-1.6175781,-3.827578,-1.8875781,-2.547578,4.822422,3.2324219,0.9624219,-1.9375781,-2.1775782,-2.4675782,-2.1775782,-1.2475781,1.0724219,1.1224219,-1.1875781,-0.35757813,1.6224219,-1.4975781
0.07242188,-0.6475781,-2.387578,-3.0075781,-3.7375782,-2.7175782,-2.6775782,2.0624218,1.9024218,1.7624218,-2.2475781,-0.4375781,-0.25757813,-1.6775781,-2.9075782,-4.307578,-3.777578,-4.467578,-4.707578,-3.617578,-2.827578,-4.747578,-5.3775783,5.382422,4.752422,3.1024218,1.1524218,-3.1875782,1.0724219,2.1024218,0.88242185,-0.8575781,-3.4275782,-3.827578,-3.877578,-3.1575782,-2.297578,-1.5775781,1.4024218,1.1724219,-0.4375781
0.7724219,-0.5175781,-1.6975781,-2.6475782,-3.047578,-2.4975781,-1.8275781,-1.3675781,1.8024219,0.7224219,1.0424218,0.24242188,-0.92757815,-2.037578,-3.4175782,-2.837578,-3.7175782,-4.977578,-3.1975782,-1.9575782,-0.68757814,-1.2275782,-6.187578,-0.41757813,2.5324218,2.132422,1.4724219,1.4724219,0.62242186,0.8524219,-1.6175781,-1.3175781,-1.4175781,-2.587578,-2.817578,-2.8975782,-2.7475781,-2.2575781,0.3124219,-0.18757813,2.202422
0.6724219,-0.10757813,-0.62757814,-1.3175781,-1.5275781,-2.1875782,-1.5275781,-0.67757815,-0.81757814,0.62242186,0.32242188,-0.86757815,-1.3375782,-2.4475782,-0.6575781,-1.4875782,-2.9175782,-2.327578,-2.627578,-1.9675782,-1.9075781,-1.1375781,2.172422,-2.6675782,1.1724219,1.5124218,0.81242186,1.1324219,-0.07757813,-1.7375782,-0.7775781,-2.587578,-3.277578,-2.057578,-0.99757814,-2.317578,-1.2075782,-0.8975781,-1.4975781,0.032421876,-0.92757815
2.0624218,0.87242186,0.9024219,0.2824219,-0.037578125,0.062421873,-0.25757813,-0.50757813,0.052421875,1.1424218,0.9224219,-0.24757813,-0.7875781,-0.8875781,-2.1475782,0.32242188,-1.3275781,-2.327578,-1.7075782,-1.0475781,-2.787578,-1.2175782,-1.2175782,-2.097578,-2.2575781,-1.6375781,-1.4575782,-0.86757815,-2.057578,-2.137578,-1.9875782,-2.9975781,-3.9475782,-1.6975781,-1.9575782,-2.7175782,-1.8075781,-0.14757812,0.062421873,-0.11757813,-0.5475781
3.422422,2.922422,2.372422,2.2924218,2.182422,2.182422,1.8124219,1.4024218,1.0724219,0.74242187,1.4024218,0.6124219,0.27242187,-0.7875781,-1.7875781,-0.93757814,-1.1775781,-1.8675781,-1.1175781,-1.1675781,-0.61757815,-0.6075781,-1.0175781,-2.097578,-1.0575781,-0.16757813,0.38242188,-0.5775781,-1.5075781,-1.9575782,-2.4775782,-2.2175782,-1.5375781,-2.867578,-1.4475781,-2.1475782,-1.3775781,-0.9075781,-0.6475781,-0.31757814,0.9724219
3.892422,4.612422,4.042422,3.442422,2.912422,2.632422,3.0324218,2.952422,2.652422,2.2824218,0.5424219,0.7324219,-1.7075782,0.21242188,0.6124219,1.7824218,-0.24757813,-0.31757814,0.22242187,-0.50757813,-1.8175781,0.15242188,0.2524219,0.40242186,-0.19757813,-1.0175781,-0.24757813,-0.5875781,-1.6575781,-2.1575782,-2.337578,-2.2575781,0.46242186,-2.0075781,-2.9075782,-2.327578,-2.557578,-2.067578,-1.1675781,0.14242187,0.14242187
3.5824218,4.942422,6.1824217,5.332422,4.802422,4.322422,4.1424217,4.1024218,3.682422,3.2324219,2.3424218,1.7924218,2.142422,1.6224219,0.80242187,0.9824219,0.75242186,1.0024219,0.80242187,1.0224218,-0.4375781,1.5024219,0.45242187,1.5524219,1.3524219,0.6424219,0.8624219,-0.087578125,-0.8975781,-0.99757814,-1.2675781,-1.6075782,-1.6775781,-1.4075781,-1.8075781,-2.1975782,-2.067578,-1.4275781,-1.3475782,-1.5675781,-1.6975781
2.3124218,3.652422,7.492422,6.742422,6.4524217,5.382422,5.072422,4.8924217,4.862422,4.4524217,2.202422,1.3924218,1.0824219,2.892422,3.642422,2.7324219,2.162422,2.1024218,1.5324218,1.3024219,1.1024219,1.0524219,2.0524218,1.1824219,2.222422,1.7124219,1.3124219,0.55242187,0.35242188,1.9524219,1.5824219,-0.4675781,0.07242188,-0.37757814,0.21242188,-0.06757812,-1.5475781,-1.2075782,-1.1275781,-1.1975781,-0.73757815
