wind_kz.json
{"header": {"discipline":0,"disciplineName":"Meteorological products","gribEdition":2,"gribLength":1025,"center":7,"centerName":"US National Weather Service - NCEP(WMC)","subcenter":0,"refTime":"2023-09-09T00:00:00.000Z","significanceOfRT":1,"significanceOfRTName":"Start of forecast","productStatus":0,"productStatusName":"Operational products","productType":1,"productTypeName":"Forecast products","productDefinitionTemplate":0,"productDefinitionTemplateName":"Analysis/forecast at horizontal level/layer at a point in time","parameterCategory":2,"parameterCategoryName":"UnknownDiscipline_0_Category_2","parameterNumber":2,"parameterNumberName":"UnknownParameter_D0_C2_2","parameterUnit":"Unknown","genProcessType":2,"genProcessTypeName":"Forecast","forecastTime":240,"surface1Type":103,"surface1TypeName":"Specified height level above ground","surface1Value":10.0,"surface2Type":255,"surface2TypeName":"Missing","surface2Value":0.0,"gridDefinitionTemplate":0,"gridDefinitionTemplateName":"Latitude_Longitude","numberPoints":615,"shape":6,"shapeName":"Earth spherical with radius of 6,371,229.0 m","gridUnits":"degrees","resolution":48,"winds":"true","scanMode":64,"nx":41,"ny":15,"basicAngle":0,"lo1":47.0,"la1":41.0,"lo2":87.0,"la2":55.0,"dx":1.0,"dy":1.0}, "data":
[rows 0 to 14 of 15, columns 0 to 40 of 41]
-3.9221191,2.8078809,2.9078808,4.307881,2.1278808,4.607881,0.12788086,1.8578808,0.31788087,3.277881,3.017881,5.4878807,6.0678806,2.6678808,2.1378808,0.81788087,-0.43211913,-1.6321192,-3.5721192,-3.032119,-1.4421191,-0.18211915,-0.0021191407,0.46788085,-1.2121191,-1.9221191,-2.6421192,-0.30211914,1.4278809,0.65788084,-0.97211915,1.2778809,-0.74211913,-0.14211914,-4.712119,-4.372119,-3.992119,-2.5821192,-2.8221192,-2.4121192,-2.222119
0.39788085,-0.44211915,4.407881,4.647881,5.037881,2.297881,2.1778808,2.8278809,3.017881,4.517881,4.157881,3.287881,4.8178806,4.287881,4.347881,3.6878808,0.71788085,2.027881,-1.1921191,-3.8221192,-3.1821191,-2.3821192,0.69788086,-0.9521191,0.72788084,0.60788083,-0.29211915,0.7478809,-0.39211914,-0.64211917,0.30788085,-0.43211913,0.33788085,-1.8221191,0.97788084,0.25788087,-1.0521191,0.12788086,-0.52211916,0.13788086,-1.2821192
1.7978809,6.847881,5.2778807,5.177881,3.4078808,1.3078809,3.4278808,3.8878808,6.107881,4.877881,6.097881,6.887881,4.3178806,5.4678807,5.4678807,4.117881,3.027881,2.967881,1.4478809,0.8678809,-1.1021191,-2.962119,-5.422119,-3.6621192,0.85788083,1.4378809,1.1178808,2.297881,1.8378808,-0.35211915,-1.4221191,1.7878809,-0.98211914,-0.8121191,0.42788085,-1.3721192,-1.4221191,0.88788086,1.3778808,2.1978807,2.3578808
2.1578808,2.8578808,3.247881,3.487881,4.0078807,4.477881,5.787881,5.9878807,6.827881,7.077881,6.357881,6.707881,8.287881,9.007881,4.727881,3.6578808,2.247881,1.6378808,1.1078808,1.7878809,3.297881,-1.3021191,-1.8321191,-1.5221192,2.047881,1.6478809,-0.29211915,-1.7421192,-0.24211913,-0.68211913,0.34788087,-2.6121192,-4.572119,-3.762119,-5.652119,-2.722119,-1.8221191,2.1578808,1.2478808,-1.4321191,1.4378809
1.0678809,2.1278808,3.477881,4.537881,6.497881,5.957881,5.767881,4.617881,6.5278807,6.857881,6.377881,6.087881,8.567881,8.667881,9.697881,8.097881,1.9778808,0.83788085,-0.79211915,0.46788085,-1.3221191,-1.7721192,-0.43211913,0.18788086,-0.96211916,0.50788087,-1.7721192,1.3378808,-0.74211913,-2.5921192,-3.262119,-1.5521191,-1.8021191,1.3578808,-2.002119,-0.60211915,-1.2321191,-3.232119,-3.202119,-0.61211914,1.6178808
1.9678808,2.3678808,4.587881,4.9678807,5.7978806,6.1978807,5.5278807,4.5678806,5.997881,7.7378807,6.867881,6.5678806,7.767881,8.9378805,6.937881,2.4378808,2.487881,0.5478809,0.63788086,0.21788086,-1.6221192,-0.5621191,-2.502119,-3.452119,-2.512119,-4.172119,-2.542119,-5.092119,-1.7621192,-0.7521191,-0.80211914,-3.3721192,-3.522119,-2.3821192,-1.8421191,-0.77211916,0.46788085,1.9578809,4.9478807,-0.55211914,-0.53211915
1.6878809,3.3678808,2.237881,4.207881,4.727881,4.877881,5.057881,6.077881,6.4478807,6.637881,6.877881,6.877881,6.767881,6.597881,4.2578807,-2.8121192,1.9778808,0.007880859,1.6378808,-0.20211914,-1.3721192,-2.6021192,-2.3521192,-2.4221191,-3.0821192,-2.542119,-2.042119,-2.1721191,-2.8021193,-2.9021192,-3.3721192,-2.9321191,-0.67211914,-2.8121192,-3.5821192,-1.9821191,-1.2621192,2.497881,0.09788086,0.22788087,1.6678809
2.0778809,2.9178808,4.0078807,3.777881,3.5678809,3.9178808,4.137881,3.487881,5.267881,5.0478806,5.937881,5.727881,4.587881,3.1278808,1.4878808,0.03788086,-1.4021192,3.997881,2.9278808,0.14788085,-1.9321191,-2.272119,-1.3321191,-1.1621192,-0.92211914,-0.59211916,-0.73211914,-1.1021191,-1.5421191,-2.1521192,-2.1821191,-0.32211915,-0.02211914,0.84788084,-0.7621191,1.6778809,2.0778809,6.597881,2.6578808,1.4978808,-1.3721192
1.6578809,2.1578808,2.767881,2.8778808,2.787881,2.547881,2.1978807,1.3578808,0.56788087,0.83788085,2.507881,0.05788086,0.43788087,-0.55211914,-0.79211915,-0.96211916,-2.1721191,-0.24211913,2.997881,0.95788085,-2.752119,-1.5221192,-0.99211913,-0.92211914,-0.38211915,0.28788087,0.69788086,-0.38211915,0.6878809,-0.21211915,0.23788086,-0.27211913,1.4678808,1.1478809,0.9878809,0.52788085,0.007880859,-1.8821192,-0.39211914,0.44788086,-0.11211914
1.5978808,1.8978809,2.0578809,2.6578808,2.3778808,1.3278809,0.8678809,1.0578809,0.37788087,-0.32211915,-1.8121191,-2.522119,-1.2521192,-2.6121192,-2.462119,-2.282119,-2.5921192,-2.5521193,0.40788087,-1.5921191,-0.7021191,-0.38211915,0.027880859,0.007880859,-0.17211914,-0.07211914,0.94788086,0.22788087,0.21788086,1.5278809,0.6178809,1.8478808,3.1678808,2.6778808,1.4178809,0.8778809,-1.5921191,-0.24211913,-0.6921191,0.49788085,-0.37211913
1.4578809,1.5278809,1.6678809,1.1478809,1.7478808,0.82788086,0.8678809,0.75788087,-0.34211913,-0.7621191,-0.71211916,-0.7021191,-1.9021192,-3.4021192,-2.4021192,-2.712119,-2.8421192,-2.3421192,-2.1921191,-2.782119,-1.8721192,-0.6321191,-0.53211915,0.59788084,-0.19211914,0.22788087,1.2978809,2.1878808,2.6278808,2.8778808,3.3778808,2.9078808,2.727881,2.3978808,1.9778808,-0.84211916,-1.1921191,-0.0021191407,0.13788086,0.07788086,0.44788086
1.1978809,1.1278808,0.9878809,0.60788083,1.2978809,0.51788086,0.35788086,-0.33211914,-0.23211914,-0.05211914,-0.98211914,-0.7521191,-0.79211915,-2.3421192,-2.4021192,-2.1321192,-2.3621192,-2.3221192,-2.3921192,-2.242119,-2.202119,-2.8321192,-2.5721192,-1.6421192,0.50788087,1.2278808,1.8778808,2.3078809,3.1678808,3.3278809,3.497881,3.6078808,2.797881,2.6778808,2.297881,1.9278809,1.5078808,0.6878809,0.51788086,-1.0721191,0.17788085
0.8678809,1.7278808,1.9078809,1.1478809,0.96788085,0.53788084,0.8678809,0.17788085,-1.0721191,-0.03211914,-0.41211915,-0.64211917,-0.59211916,-1.1521192,-0.35211915,-1.3721192,-1.5821191,-2.1721191,-2.1121192,-2.6221192,-2.6321192,-1.6321192,-0.9421191,-0.27211913,1.2378808,2.297881,2.977881,3.717881,4.087881,4.5278807,5.087881,3.3178809,2.967881,3.0978808,1.4178809,1.4878808,1.7878809,0.40788087,0.35788086,0.8678809,-0.72211915
1.4578809,1.3578808,1.6278808,1.1378808,0.64788085,1.3278809,-0.47211915,-0.07211914,0.44788086,0.09788086,0.22788087,-0.10211914,0.84788084,0.6278809,0.49788085,-0.35211915,-0.41211915,-0.83211917,-1.8421191,-1.7721192,-0.8721191,0.11788086,1.4478809,2.1778808,2.547881,2.5678809,1.6878809,1.1678809,-0.07211914,-1.3521191,-1.9021192,-2.9121192,-2.3521192,-1.7621192,-0.60211915,-1.3221191,-1.0021192,-1.1321192,-1.3421191,-0.07211914,-0.99211913
0.6878809,1.3678808,0.69788086,0.64788085,0.65788084,0.71788085,1.2378808,0.56788087,0.76788086,0.48788086,0.95788085,0.82788086,0.66788083,0.88788086,0.36788085,0.15788086,-0.5621191,-1.3721192,-0.73211914,-0.09211914,0.39788085,0.75788087,0.04788086,-0.49211913,-1.7221191,-2.1521192,-2.202119,-2.4221191,-2.3021193,-2.6321192,-2.8821192,-2.9421191,-2.6221192,-1.2021191,-2.1121192,-2.1621192,-1.1721191,-1.1621192,-1.7721192,-1.9321191,-1.1721191
