wind_kz.json
{"header": {"discipline":0,"disciplineName":"Meteorological products","gribEdition":2,"gribLength":871,"center":7,"centerName":"US National Weather Service - NCEP(WMC)","subcenter":0,"refTime":"2023-09-09T12:00:00.000Z","significanceOfRT":1,"significanceOfRTName":"Start of forecast","productStatus":0,"productStatusName":"Operational products","productType":1,"productTypeName":"Forecast products","productDefinitionTemplate":0,"productDefinitionTemplateName":"Analysis/forecast at horizontal level/layer at a point in time","parameterCategory":0,"parameterCategoryName":"UnknownDiscipline_0_Category_0","parameterNumber":0,"parameterNumberName":"UnknownParameter_D0_C0_0","parameterUnit":"Unknown","genProcessType":2,"genProcessTypeName":"Forecast","forecastTime":0,"surface1Type":1,"surface1TypeName":"Ground or water surface","surface1Value":0.0,"surface2Type":255,"surface2TypeName":"Missing","surface2Value":0.0,"gridDefinitionTemplate":0,"gridDefinitionTemplateName":"Latitude_Longitude","numberPoints":615,"shape":6,"shapeName":"Earth spherical with radius of 6,371,229.0 m","gridUnits":"degrees","resolution":48,"winds":"true","scanMode":64,"nx":41,"ny":15,"basicAngle":0,"lo1":47.0,"la1":41.0,"lo2":87.0,"la2":55.0,"dx":1.0,"dy":1.0}, "data":
[rows 0 to 14 of 15, columns 0 to 40 of 41]
299.91898,285.41898,289.71896,298.21896,298.01898,296.91898,304.61896,300.11896,297.31897,306.61896,305.41898,308.91898,310.11896,310.01898,309.71896,309.21896,309.11896,309.31897,310.11896,309.31897,311.81897,306.51898,307.61896,301.71896,305.41898,306.81897,302.51898,288.91898,286.91898,285.11896,283.41898,284.31897,298.81897,305.31897,306.31897,305.21896,305.21896,304.81897,303.91898,304.81897,303.91898
283.61896,288.11896,297.61896,297.81897,297.51898,295.71896,295.91898,297.21896,295.61896,294.01898,292.41898,291.61896,296.41898,299.21896,302.41898,304.91898,306.31897,308.11896,307.11896,307.51898,307.71896,305.71896,303.51898,295.31897,283.61896,286.01898,293.61896,287.81897,288.81897,281.31897,286.71896,276.11896,287.61896,264.71896,283.11896,302.01898,300.51898,302.61896,304.91898,298.01898,286.31897
289.41898,297.31897,298.11896,297.71896,295.31897,294.81897,291.71896,291.91898,294.01898,292.41898,292.51898,295.21896,293.21896,291.71896,292.61896,296.61896,299.11896,301.41898,302.71896,302.81897,304.01898,302.51898,303.21896,297.21896,302.91898,302.11896,304.51898,304.71896,300.31897,289.71896,280.31897,281.61896,287.41898,286.41898,292.81897,290.51898,282.51898,283.51898,284.51898,279.51898,278.31897
297.51898,296.71896,297.71896,296.91898,296.31897,301.11896,298.31897,293.11896,296.41898,296.61896,300.61896,300.01898,294.01898,293.31897,296.31897,299.71896,298.51898,298.71896,299.01898,301.71896,299.31897,296.91898,301.11896,303.21896,303.91898,304.91898,305.91898,304.21896,302.41898,301.41898,301.81897,297.31897,303.31897,302.31897,300.61896,295.11896,282.91898,280.51898,285.41898,295.01898,298.41898
300.91898,295.61896,296.61896,295.21896,299.31897,305.51898,304.81897,302.81897,302.61896,301.61896,300.81897,300.31897,293.31897,292.31897,290.31897,298.21896,298.81897,297.51898,296.81897,299.01898,300.61896,301.21896,301.61896,302.41898,303.21896,304.41898,304.11896,301.01898,304.81897,302.11896,302.21896,296.41898,283.81897,278.21896,290.51898,299.01898,299.31897,303.21896,303.01898,301.91898,301.41898
299.81897,297.71896,294.01898,293.31897,294.01898,293.01898,305.51898,305.41898,304.81897,303.01898,302.01898,300.11896,293.61896,293.01898,294.71896,296.41898,299.51898,298.81897,298.91898,300.01898,299.71896,300.51898,302.01898,302.71896,302.71896,302.41898,303.71896,291.81897,303.11896,303.31897,301.01898,302.11896,301.51898,300.01898,295.81897,297.01898,289.31897,291.81897,299.21896,300.31897,297.41898
290.61896,293.81897,299.01898,301.01898,297.21896,300.41898,301.91898,300.61896,300.01898,301.81897,300.91898,298.81897,297.71896,298.01898,297.81897,298.41898,298.91898,299.11896,299.11896,298.81897,299.51898,301.61896,302.91898,304.01898,301.61896,302.41898,302.91898,303.91898,301.91898,300.71896,299.31897,298.61896,300.51898,301.61896,299.11896,295.81897,289.81897,286.71896,284.01898,281.01898,292.01898
297.81897,300.31897,295.31897,301.91898,300.11896,301.41898,302.51898,299.91898,298.31897,298.41898,297.61896,296.31897,295.91898,295.21896,297.71896,297.91898,297.21896,297.31897,297.91898,296.21896,296.61896,298.71896,302.31897,302.01898,300.01898,298.21896,297.31897,298.01898,296.21896,297.11896,295.21896,298.31897,297.01898,295.11896,294.51898,294.61896,294.91898,289.71896,294.21896,293.71896,289.61896
291.71896,292.81897,302.01898,293.81897,294.91898,295.71896,298.41898,298.71896,297.41898,295.71896,294.51898,294.11896,294.61896,295.41898,295.21896,297.51898,296.41898,296.51898,294.31897,293.91898,293.01898,293.91898,299.51898,300.41898,298.71896,298.21896,296.11896,294.21896,292.81897,290.61896,293.31897,293.41898,295.61896,296.31897,295.21896,292.21896,290.11896,289.01898,278.21896,279.21896,277.41898
298.31897,296.51898,296.91898,293.81897,296.11896,292.81897,295.11896,294.21896,293.71896,293.41898,292.71896,291.41898,292.71896,292.61896,290.31897,291.11896,294.01898,295.41898,294.51898,293.81897,293.51898,290.61896,293.41898,296.01898,294.81897,296.21896,291.41898,290.21896,293.41898,290.71896,291.91898,294.71896,296.71896,296.51898,295.51898,292.01898,288.31897,283.81897,280.41898,279.31897,277.01898
290.11896,289.71896,291.41898,289.11896,290.11896,292.61896,294.01898,295.01898,294.61896,292.31897,290.11896,289.51898,289.91898,288.71896,289.71896,290.11896,288.61896,291.81897,294.61896,292.31897,293.21896,291.21896,291.01898,294.21896,295.61896,294.51898,291.61896,293.61896,293.81897,295.51898,295.61896,296.41898,295.91898,295.11896,293.31897,290.91898,285.31897,280.81897,283.91898,281.11896,278.71896
292.31897,292.81897,292.31897,291.11896,289.61896,289.91898,288.81897,286.41898,287.01898,287.11896,285.11896,282.81897,281.51898,281.61896,285.31897,286.71896,290.01898,290.11896,290.91898,292.31897,290.01898,287.01898,291.31897,288.71896,293.31897,293.91898,294.21896,294.91898,295.91898,295.61896,295.31897,295.01898,294.21896,292.01898,291.81897,291.01898,289.81897,289.31897,286.61896,286.31897,285.61896
285.61896,283.31897,283.51898,282.31897,281.71896,280.81897,280.81897,280.91898,280.01898,279.91898,278.41898,278.31897,283.71896,285.21896,286.51898,287.01898,289.31897,291.91898,291.11896,286.91898,288.01898,287.61896,285.51898,291.41898,292.11896,292.91898,294.91898,294.51898,294.21896,293.91898,294.11896,292.81897,291.91898,292.81897,292.21896,289.81897,288.91898,289.11896,287.71896,285.71896,285.31897
281.41898,282.71896,287.21896,288.31897,289.11896,288.91898,285.71896,283.61896,285.71896,285.51898,281.71896,282.61896,283.11896,284.41898,285.61896,285.91898,285.71896,285.91898,285.71896,285.51898,286.01898,292.41898,293.01898,292.61896,292.51898,292.71896,291.81897,291.61896,291.41898,291.41898,291.21896,291.11896,290.81897,289.41898,290.21896,288.61896,287.51898,286.61896,286.31897,284.51898,285.11896
289.11896,293.01898,289.41898,294.51898,293.51898,291.41898,290.91898,288.01898,286.71896,286.41898,287.31897,284.61896,282.81897,283.11896,283.71896,284.51898,284.81897,285.01898,285.71896,287.11896,289.61896,290.61896,290.91898,291.41898,291.61896,292.41898,293.21896,292.31897,291.41898,290.01898,289.51898,287.91898,289.51898,288.31897,289.31897,288.21896,288.21896,287.61896,286.61896,287.31897,284.81897
