wind_kz.json
{"header": {"discipline":0,"disciplineName":"Meteorological products","gribEdition":2,"gribLength":1025,"center":7,"centerName":"US National Weather Service - NCEP(WMC)","subcenter":0,"refTime":"2023-08-22T18:00:00.000Z","significanceOfRT":1,"significanceOfRTName":"Start of forecast","productStatus":0,"productStatusName":"Operational products","productType":1,"productTypeName":"Forecast products","productDefinitionTemplate":0,"productDefinitionTemplateName":"Analysis/forecast at horizontal level/layer at a point in time","parameterCategory":2,"parameterCategoryName":"UnknownDiscipline_0_Category_2","parameterNumber":3,"parameterNumberName":"UnknownParameter_D0_C2_3","parameterUnit":"Unknown","genProcessType":2,"genProcessTypeName":"Forecast","forecastTime":120,"surface1Type":103,"surface1TypeName":"Specified height level above ground","surface1Value":10.0,"surface2Type":255,"surface2TypeName":"Missing","surface2Value":0.0,"gridDefinitionTemplate":0,"gridDefinitionTemplateName":"Latitude_Longitude","numberPoints":615,"shape":6,"shapeName":"Earth spherical with radius of 6,371,229.0 m","gridUnits":"degrees","resolution":48,"winds":"true","scanMode":64,"nx":41,"ny":15,"basicAngle":0,"lo1":47.0,"la1":41.0,"lo2":87.0,"la2":55.0,"dx":1.0,"dy":1.0}, "data":
[rows 0 to 14 of 15, columns 0 to 40 of 41]
4.570708,-2.279292,0.980708,3.580708,2.630708,-0.909292,-3.119292,-4.139292,-0.28929198,0.31070802,-1.909292,-1.889292,0.270708,0.40070802,-0.999292,-3.929292,1.160708,-0.329292,-1.269292,1.210708,-1.229292,-3.879292,-3.319292,0.170708,-1.029292,-0.959292,-0.639292,2.050708,-0.10929199,2.920708,-0.11929199,2.410708,-0.069291994,-1.019292,1.570708,0.030708008,0.750708,-1.649292,-2.439292,-3.069292,-1.769292
5.630708,0.910708,-0.299292,2.180708,1.580708,-0.919292,-2.309292,-2.439292,-0.479292,-0.619292,-1.639292,-4.439292,-3.459292,-4.039292,-2.239292,-0.479292,-4.119292,0.450708,-0.04929199,2.050708,0.19070801,-0.279292,-1.369292,2.440708,1.070708,2.910708,-0.459292,3.840708,0.960708,2.600708,3.320708,3.400708,2.040708,1.850708,1.850708,-1.009292,-0.0092919925,-1.879292,-0.699292,-1.679292,3.720708
2.500708,1.620708,-0.819292,-0.92929196,-1.989292,-2.069292,-0.92929196,-2.249292,-3.609292,-2.689292,-3.949292,-3.469292,-1.849292,-1.419292,-2.259292,-6.969292,2.790708,4.250708,1.4207081,2.780708,1.300708,-1.039292,2.990708,0.470708,-2.039292,1.010708,2.870708,2.740708,-0.749292,0.22070801,1.480708,1.410708,1.050708,-1.039292,0.990708,1.250708,2.840708,-2.859292,-1.399292,0.210708,0.580708
3.050708,4.610708,2.570708,-0.069291994,-3.099292,-3.909292,-4.669292,-4.629292,-4.609292,-3.299292,-2.199292,-0.809292,3.300708,2.880708,1.770708,-1.849292,-2.109292,2.490708,2.110708,4.770708,2.930708,-0.07929199,-1.779292,2.210708,-2.459292,3.200708,7.930708,5.930708,2.900708,-0.179292,-3.009292,-5.169292,2.710708,2.010708,0.330708,0.230708,-0.829292,0.840708,1.530708,1.970708,1.950708
2.830708,3.210708,2.200708,1.520708,-0.31929198,-1.199292,-0.699292,-1.419292,-1.479292,-0.719292,-0.14929199,-0.959292,1.120708,-0.069291994,-0.589292,-1.189292,-1.189292,2.060708,-1.139292,4.650708,4.250708,1.840708,-1.269292,-0.979292,2.780708,-3.949292,9.020708,9.980708,8.790708,3.680708,-3.609292,-2.919292,-1.479292,1.890708,-0.949292,-0.489292,-3.829292,0.640708,-4.999292,0.230708,-1.249292
0.620708,-2.059292,2.970708,-0.509292,-0.0092919925,-3.749292,-0.719292,-0.159292,-1.629292,-2.479292,1.760708,-1.619292,-2.759292,-3.449292,2.150708,-0.189292,0.900708,1.300708,0.980708,3.500708,4.340708,4.980708,3.170708,3.960708,1.560708,-0.709292,0.34070802,4.960708,5.690708,7.560708,2.510708,-2.479292,-3.149292,0.730708,2.090708,0.900708,0.080708005,-1.519292,-3.729292,0.440708,-3.389292
-1.389292,0.630708,-0.559292,-1.479292,-3.409292,-3.429292,-3.379292,2.360708,-0.649292,-2.249292,-2.399292,-3.179292,-3.439292,-1.679292,-2.479292,0.080708005,0.890708,-1.3292919,1.750708,-1.309292,-0.919292,-2.2692919,-2.429292,2.040708,2.220708,1.550708,-2.219292,0.620708,-1.949292,1.9207081,2.940708,3.280708,0.720708,-2.069292,-2.829292,1.210708,-1.539292,-0.099291995,-1.219292,-1.769292,-3.229292
2.050708,-0.589292,-0.359292,2.790708,-0.309292,-3.0192919,-3.099292,-0.339292,1.370708,-1.019292,-1.969292,-2.299292,-4.679292,-5.109292,-3.139292,-1.789292,-3.659292,0.16070801,2.570708,0.450708,-0.04929199,-1.349292,-2.909292,-4.389292,0.680708,2.160708,1.2907081,-1.419292,-2.229292,-1.179292,-4.349292,2.400708,0.970708,0.07070801,1.840708,0.750708,2.060708,-0.28929198,0.930708,-0.489292,-0.429292
2.380708,0.95070803,-2.589292,3.250708,2.690708,1.0407081,0.470708,-1.0792919,-1.039292,-1.819292,-1.349292,-1.269292,-1.879292,-2.729292,-0.22929199,-2.139292,-2.939292,-1.4592919,2.360708,-0.599292,1.640708,0.07070801,0.12070801,-2.829292,-1.0792919,0.740708,0.670708,1.260708,1.000708,-0.299292,-2.689292,-2.169292,-2.109292,1.460708,3.210708,1.5407081,-2.169292,0.440708,1.580708,-0.269292,-2.169292
-1.949292,-1.429292,-1.299292,-0.909292,0.870708,2.860708,3.260708,2.960708,3.020708,1.740708,0.34070802,0.840708,0.150708,-1.979292,-3.469292,0.650708,-1.009292,-1.039292,2.330708,-0.539292,2.080708,-0.179292,1.880708,-0.73929197,-1.939292,-2.839292,-1.409292,-0.14929199,0.660708,1.410708,-0.039291993,-1.659292,-4.339292,-5.129292,2.990708,1.950708,1.120708,-1.559292,1.2907081,4.440708,2.780708
-3.149292,-1.789292,-0.31929198,-0.689292,-5.859292,-2.449292,0.980708,2.890708,2.200708,2.650708,2.260708,1.520708,0.840708,-1.109292,-1.749292,0.470708,-1.699292,1.580708,2.990708,1.710708,2.800708,2.150708,0.930708,0.780708,-0.569292,-1.359292,-2.089292,-0.07929199,-1.149292,0.14070801,-0.859292,-1.369292,-0.039291993,-1.319292,1.490708,3.010708,1.510708,2.610708,1.780708,1.820708,0.740708
-5.419292,-7.739292,-4.179292,-4.219292,-2.129292,0.690708,-2.169292,-1.119292,0.960708,2.370708,1.9207081,2.110708,1.910708,1.710708,0.51070803,2.300708,-0.239292,-2.979292,-0.579292,3.180708,2.180708,1.770708,3.140708,2.610708,1.100708,-0.11929199,0.43070802,-0.969292,-0.829292,-0.609292,-0.24929199,-0.389292,0.660708,-0.0092919925,2.7307081,4.700708,4.710708,3.720708,2.520708,1.810708,0.640708
-4.529292,-5.329292,-4.749292,-1.649292,-1.099292,-0.92929196,0.850708,1.000708,4.180708,1.820708,1.2907081,1.950708,2.030708,1.690708,1.400708,-0.069291994,2.500708,-1.849292,-2.699292,-0.519292,2.000708,1.590708,1.570708,2.600708,1.610708,0.550708,-0.67929196,-0.369292,1.090708,1.900708,2.290708,1.610708,0.390708,0.440708,4.260708,4.590708,3.700708,2.210708,2.840708,1.430708,2.2307081
-5.609292,-5.889292,-7.339292,-3.329292,-1.669292,-1.409292,1.450708,1.590708,1.910708,3.690708,2.460708,1.260708,1.190708,0.920708,3.010708,2.180708,1.710708,1.140708,-1.249292,0.810708,-0.889292,-0.659292,-2.2692919,2.040708,0.440708,-1.349292,-1.879292,-0.779292,-0.43929198,1.580708,3.640708,3.2307081,2.770708,4.180708,3.440708,4.260708,2.990708,2.410708,2.630708,1.460708,1.710708
-3.649292,-5.469292,-8.189292,-6.269292,-3.529292,-2.0192919,-1.649292,2.960708,2.340708,0.590708,2.410708,3.590708,1.620708,0.57070804,2.560708,2.130708,1.660708,-0.299292,-1.039292,-2.999292,-1.279292,-0.579292,-1.529292,-0.919292,-0.939292,-1.769292,-3.219292,-1.729292,-3.169292,-1.269292,5.480708,7.180708,3.580708,3.610708,3.420708,3.4807081,3.320708,3.320708,3.360708,3.650708,1.320708
