wind_kz.json
[{"header":{"discipline":0,"disciplineName":"Meteorological products","gribEdition":2,"gribLength":871,"center":7,"centerName":"US National Weather Service - NCEP(WMC)","subcenter":0,"refTime":"2024-01-31T06:00:00.000Z","significanceOfRT":1,"significanceOfRTName":"Start of forecast","productStatus":0,"productStatusName":"Operational products","productType":1,"productTypeName":"Forecast products","productDefinitionTemplate":0,"productDefinitionTemplateName":"Analysis/forecast at horizontal level/layer at a point in time","parameterCategory":0,"parameterCategoryName":"UnknownDiscipline_0_Category_0","parameterNumber":0,"parameterNumberName":"UnknownParameter_D0_C0_0","parameterUnit":"Unknown","genProcessType":2,"genProcessTypeName":"Forecast","forecastTime":180,"surface1Type":1,"surface1TypeName":"Ground or water surface","surface1Value":0.0,"surface2Type":255,"surface2TypeName":"Missing","surface2Value":0.0,"gridDefinitionTemplate":0,"gridDefinitionTemplateName":"Latitude_Longitude","numberPoints":615,"shape":6,"shapeName":"Earth spherical with radius of 6,371,229.0 m","gridUnits":"degrees","resolution":48,"winds":"true","scanMode":64,"nx":41,"ny":15,"basicAngle":0,"lo1":47.0,"la1":41.0,"lo2":87.0,"la2":55.0,"dx":1.0,"dy":1.0},"data":[281.6,270.0,277.7,280.2,280.5,282.2,281.1,280.7,279.5,279.5,278.9,278.9,278.8,278.6,278.5,278.4,278.7,277.8,279.2,279.3,280.6,279.3,278.5,275.3,274.0,276.8,269.4,258.7,252.2,253.5,250.9,250.0,256.7,266.5,269.8,269.0,269.2,269.4,269.7,270.0,270.6,260.3,276.9,280.2,279.7,280.2,281.0,279.6,278.5,278.4,278.2,278.5,278.3,278.4,277.7,277.9,277.4,277.9,277.5,277.2,278.2,278.9,278.9,277.2,269.9,259.9,252.2,265.8,257.8,253.4,251.6,260.3,242.8,255.3,236.3,247.1,258.4,259.6,260.9,268.7,261.5,267.7,276.6,278.5,280.2,280.3,280.3,277.9,277.3,279.3,278.6,276.4,276.5,277.4,277.1,277.5,273.5,273.1,273.4,273.0,273.1,273.1,274.3,275.9,277.6,273.2,277.4,273.1,270.1,271.1,271.0,262.3,254.2,255.3,256.2,254.6,252.2,260.4,252.3,248.4,249.0,251.6,248.8,277.5,276.0,278.1,279.2,279.3,277.6,277.3,277.5,278.6,277.7,277.2,276.6,281.3,282.0,275.2,273.2,273.0,272.8,271.9,272.0,271.9,268.2,272.4,273.6,273.5,273.6,273.2,270.9,268.9,270.1,268.6,267.1,270.2,262.4,259.3,263.9,252.6,251.3,260.8,255.2,254.7,275.6,272.9,272.8,272.9,275.0,278.3,276.7,277.3,276.5,275.6,274.5,274.9,279.2,279.2,278.3,272.8,272.5,272.3,272.0,269.5,269.3,271.2,269.4,271.0,272.1,272.8,273.0,271.3,272.0,271.9,271.3,271.5,262.7,249.1,260.4,254.0,256.6,251.9,252.5,254.2,257.1,278.6,277.6,273.1,272.9,272.9,272.9,275.9,276.0,275.5,275.6,273.8,273.8,278.4,279.3,273.7,272.3,270.2,270.5,269.0,268.8,267.7,271.3,271.5,270.5,270.8,270.8,272.7,270.8,270.5,269.2,266.9,268.1,264.2,261.0,265.2,263.3,263.3,259.8,256.6,253.8,257.7,276.5,276.9,278.1,277.9,273.9,275.0,275.1,274.2,273.6,273.4,273.2,272.9,272.4,271.5,270.4,269.8,268.6,267.4,264.5,264.2,266.2,266.5,265.8,266.3,269.3,270.2,272.1,272.9,270.5,265.5,263.9,265.1,262.9,264.6,262.9,261.0,261.9,262.1,256.9,256.0,260.4,276.6,276.3,274.9,275.3,274.7,273.8,273.4,273.2,272.8,272.2,271.3,270.5,270.3,268.9,268.7,266.2,264.5,263.2,263.6,266.1,267.1,268.5,263.3,267.0,269.1,269.4,270.7,272.7,270.4,269.9,261.7,263.9,262.1,262.6,257.5,250.0,250.0,253.0,262.5,261.6,257.7,274.8,274.6,274.0,273.4,273.2,273.2,272.5,271.6,271.4,270.5,269.7,268.9,263.4,264.0,262.2,262.0,262.7,264.4,268.7,268.6,268.0,266.9,264.5,267.2,270.1,271.5,271.2,270.5,268.6,265.1,266.5,264.0,267.8,267.7,261.4,261.4,257.4,257.3,253.2,250.9,248.9,273.2,273.2,273.2,273.1,272.8,272.6,271.8,270.9,269.0,267.7,265.2,266.3,260.9,259.2,259.2,259.2,261.9,266.9,268.6,269.5,268.0,266.7,265.7,267.2,270.7,272.1,272.2,269.3,269.0,268.3,267.0,269.4,271.5,265.9,264.1,257.9,260.4,257.0,254.0,257.1,250.5,273.2,271.8,271.2,271.1,271.0,270.1,270.0,268.6,267.4,268.4,265.5,263.8,259.9,259.9,257.7,258.1,260.1,266.4,268.9,267.6,266.0,264.6,264.8,266.9,271.1,272.7,270.2,269.5,269.1,270.6,270.6,270.3,267.1,266.3,266.3,258.8,260.9,258.2,254.0,256.7,253.3,270.0,269.8,269.3,268.0,266.7,266.1,266.0,266.8,266.9,265.9,265.8,261.9,259.7,259.1,258.1,258.3,260.8,265.9,267.4,266.0,264.7,263.1,264.8,267.2,271.5,271.8,270.8,271.5,272.1,271.8,266.7,268.1,267.8,264.9,265.5,256.7,258.7,261.7,262.5,260.3,256.8,266.1,266.3,266.3,264.6,264.9,264.5,263.2,261.6,262.6,264.9,264.4,259.0,258.6,259.4,258.4,259.8,262.4,262.9,264.8,265.3,264.4,265.2,266.2,270.8,271.3,271.7,271.8,272.4,271.9,267.7,268.2,266.2,264.9,264.8,264.7,261.0,257.1,258.3,260.1,255.3,253.1,264.0,263.8,263.7,262.2,261.1,262.5,263.1,262.8,263.9,265.6,265.1,256.1,250.2,259.5,258.3,260.7,263.0,261.0,261.4,263.6,265.6,267.3,270.6,271.6,272.2,270.8,270.8,271.0,267.8,266.9,265.7,264.6,264.1,263.4,260.8,259.7,258.0,255.0,254.4,258.1,251.2,260.2,259.7,257.7,260.4,261.8,262.8,262.9,264.5,265.6,265.7,265.8,254.3,255.1,251.1,260.3,260.8,260.7,260.0,261.4,263.9,265.8,270.3,271.6,270.9,270.3,269.3,267.2,266.6,266.0,265.6,263.6,263.2,262.4,262.2,262.4,261.9,259.6,255.8,255.0,251.8,252.6]},{"header":{"discipline":0,"disciplineName":"Meteorological products","gribEdition":2,"gribLength":1025,"center":7,"centerName":"US National Weather Service - NCEP(WMC)","subcenter":0,"refTime":"2024-01-31T06:00:00.000Z","significanceOfRT":1,"significanceOfRTName":"Start of forecast","productStatus":0,"productStatusName":"Operational products","productType":1,"productTypeName":"Forecast products","productDefinitionTemplate":0,"productDefinitionTemplateName":"Analysis/forecast at horizontal level/layer at a point in time","parameterCategory":2,"parameterCategoryName":"UnknownDiscipline_0_Category_2","parameterNumber":2,"parameterNumberName":"UnknownParameter_D0_C2_2","parameterUnit":"Unknown","genProcessType":2,"genProcessTypeName":"Forecast","forecastTime":180,"surface1Type":103,"surface1TypeName":"Specified height level above ground","surface1Value":10.0,"surface2Type":255,"surface2TypeName":"Missing","surface2Value":0.0,"gridDefinitionTemplate":0,"gridDefinitionTemplateName":"Latitude_Longitude","numberPoints":615,"shape":6,"shapeName":"Earth spherical with radius of 6,371,229.0 m","gridUnits":"degrees","resolution":48,"winds":"true","scanMode":64,"nx":41,"ny":15,"basicAngle":0,"lo1":47.0,"la1":41.0,"lo2":87.0,"la2":55.0,"dx":1.0,"dy":1.0},"data":[5.456815,-0.9831854,1.9968146,0.5868146,1.5368146,9.336815,4.6068144,2.2868147,4.2768145,2.0668147,1.7768146,1.2668146,0.55681455,0.6968146,-0.10318542,-1.2131854,-0.52318543,-0.4831854,0.6468146,1.5968146,-0.52318543,-1.1731855,-2.7031853,-3.0031855,-1.1031854,-1.1931854,-2.9631853,0.30681458,2.5668147,1.3268145,-1.6131854,3.0568147,0.036814574,0.6968146,0.47681457,1.9768146,2.5568147,3.1168146,2.9168146,3.0468147,2.4568145,3.4868145,2.5368147,-2.8831854,-2.6431854,-2.5831854,-1.9931854,-0.07318542,1.7868146,4.436815,3.3468146,3.4268146,2.1968145,-0.40318543,-1.5931854,-0.5931854,-1.1431854,-0.8031854,0.34681457,0.046814576,0.99681455,0.14681457,-1.3031855,-0.9131854,-1.7331854,0.6468146,-0.63318545,-0.49318543,1.0468146,-1.9931854,-2.1131854,0.39681458,-0.8631854,2.5568147,-2.7231855,0.06681457,0.2668146,-0.13318543,1.4868146,-0.38318542,3.4468145,0.6968146,1.8568146,-2.7631855,-1.0431855,-1.5331855,-2.4431853,-1.8431854,1.3868146,5.1168146,4.5068145,5.5268145,4.0768147,2.3068147,-0.40318543,-0.75318545,0.27681458,0.54681456,0.9468146,1.3968146,1.5268146,1.5368146,1.2168145,1.5568146,2.3168147,5.6268144,9.286815,5.2268147,-0.4831854,-0.7331854,-3.9131854,0.10681458,-1.5631855,3.4868145,-0.18318543,-0.27318543,1.0168146,-1.1931854,-0.033185426,0.5168146,0.4268146,1.6168146,1.2268146,-0.58318543,0.5168146,2.1968145,2.3768146,1.8168145,1.9968146,5.6368146,6.6768146,5.1268144,7.6068144,3.8768146,2.9768145,1.1968145,2.1968145,1.2368146,1.6768146,1.2368146,0.49681458,0.7568146,1.2168145,1.7568146,3.5568147,-1.6631855,5.6468143,6.8968143,8.876815,4.3468146,-1.3931854,0.18681458,-0.39318544,-3.7231855,-4.8031855,-3.9631853,-1.6731855,-1.8031855,-2.7731855,-2.2031853,2.7768145,1.4768146,0.44681457,1.6668146,2.9068146,3.2568145,3.5868146,4.7568145,6.8568144,8.636814,9.716815,8.146814,6.0368147,6.8668146,6.0068145,7.0368147,6.1168146,4.9468145,6.2268147,1.5568146,1.4068146,1.6368146,1.5368146,1.2268146,3.0668147,5.1268144,4.2768145,5.7468147,6.6468143,6.1968145,6.7768145,2.5168145,1.2068145,0.27681458,-0.7231854,-0.7831854,-3.2131853,0.41681457,2.9468145,-0.13318543,-1.3831854,-0.7431854,0.0068145753,0.16681458,-0.9931854,6.166815,4.2868147,4.3868146,5.186815,6.5168147,8.606814,9.316814,9.046815,5.9068146,8.376815,5.936815,4.5368147,5.5168147,5.0768147,3.5268145,0.7868146,1.0868145,1.9768146,2.3668146,2.5268145,3.7268145,5.0568147,6.7468147,3.9968145,4.7268147,5.7368145,6.8268147,2.5468147,0.15681458,-1.1331854,-3.3431854,-1.7131854,-2.1331854,-2.5431855,-0.5931854,-8.153186,0.23681457,-4.1231856,1.5768145,-0.7331854,-2.2931855,6.956815,6.5968146,9.2368145,8.016814,5.4668145,6.7768145,7.2368145,7.416815,6.2568145,5.8268147,3.1168146,1.6068146,-0.24318543,0.23681457,1.6168146,0.8168146,1.0868145,1.5968146,0.25681457,1.1568146,4.0768147,3.8768146,2.5468147,4.2568145,6.2468147,5.9268146,8.046815,3.4768145,-1.3531854,-4.813185,-3.3831854,-3.8731854,-1.6331854,-6.833185,-4.5131855,-1.8931854,-0.9031854,3.6568146,-3.4131854,1.9268146,0.12681457,10.096814,8.166815,7.2368145,6.4868145,4.6968145,2.6368146,1.9468145,1.2968146,0.8268146,-1.4531854,-1.6631855,-0.8731854,-0.7131854,0.73681456,2.1868145,1.4168146,1.4768146,1.0168146,1.4668145,3.2068145,4.186815,2.6268146,3.3968146,5.5068145,7.5168147,7.4768147,7.1368146,2.0068145,-1.5931854,-0.94318545,-1.6931854,-3.3331854,-4.083185,3.5368147,-2.1931853,1.1868145,2.0868146,1.4368145,-8.623185,-9.473186,-3.4731855,7.206815,6.0168147,5.2268147,3.9668145,1.5768145,-0.20318542,-0.38318542,-0.7331854,-1.1531854,-1.1631855,-0.94318545,0.25681457,0.32681456,1.2468146,1.2868146,1.8368145,2.2168145,2.6168146,5.0768147,4.936815,5.686815,4.956815,5.206815,6.166815,7.7468147,6.8868146,7.9068146,2.3268147,0.25681457,-1.1031854,1.1268146,0.06681457,2.0068145,-1.1931854,-2.8531854,-6.1331854,1.2068145,-2.0631855,-2.1731853,0.35681456,-2.2431855,6.7768145,4.2868147,1.3468146,-0.9631854,-1.5331855,-1.1831855,-1.3431854,-1.4331855,-1.3731854,-1.6631855,-0.64318544,1.3368145,0.8168146,1.3368145,1.9968146,2.1268146,2.3968146,4.2168145,4.6068144,3.4268146,4.5968146,5.2168145,5.436815,5.4968147,7.956815,7.5468144,5.8968143,4.916815,3.2568145,3.6868145,2.0868146,2.0768147,0.34681457,-4.0331855,-1.5931854,-2.1531854,-3.5231855,-0.3231854,-2.1631854,-0.21318543,-2.0131855,0.5268146,-2.1931853,-3.6831853,-3.3431854,-2.4731855,-1.8531854,-1.0831854,-0.9631854,-0.56318545,0.23681457,1.2268146,1.6668146,0.5668146,2.3568146,2.0468147,2.5768147,2.9168146,4.7568145,3.7268145,3.2168145,3.4968145,3.7568145,5.456815,6.1568146,7.5268145,6.2468147,3.4768145,2.5968146,3.1368146,2.8368146,0.4568146,-0.70318544,-3.2431855,-2.2031853,-1.7131854,-1.7231854,-2.0231855,0.4268146,-1.7531854,1.3368145,-2.0631855,-4.1931853,-4.4131856,-4.1531854,-3.6431854,-3.2131853,-2.2231855,-1.6431854,-0.45318544,-0.24318543,-0.22318542,0.68681455,1.3368145,0.60681456,1.3168145,2.4668145,2.8368146,3.0568147,4.456815,2.9568145,3.4768145,3.4268146,4.6268144,4.7568145,6.6968145,6.9268146,3.2568145,2.5968146,2.0468147,1.0868145,-0.7831854,-1.2331854,-1.6631855,-2.3431854,-3.4931855,-0.8631854,-1.0531855,-0.9831854,-0.9731854,-0.06318542,-0.70318544,-0.9231854,-4.1831856,-4.1931853,-2.7531855,-2.3431854,-1.3031855,-1.5231854,-1.4631854,-0.19318542,-0.06318542,0.4868146,1.3768146,0.86681455,0.5068146,2.3868146,2.0668147,3.5568147,3.3568146,2.8668146,2.4968145,3.2468145,3.0168145,4.0968146,4.3668146,5.0668144,2.3368146,1.3168145,0.32681456,-1.3031855,-0.8431854,-1.5131854,-2.6331854,-3.2531855,-4.0531855,-2.8731854,-2.3831854,-2.9831855,-2.5231855,-1.3731854,-2.7231855,-1.5331855,-1.5131854,-3.3231854,-2.0231855,-2.1731853,-1.9631854,-1.7731854,-0.39318544,0.92681456,2.1468146,2.5868146,1.8168145,1.2368146,-0.9231854,1.4568145,2.0268145,1.7468146,3.7068145,2.6568146,1.8568146,0.7768146,3.0468147,3.7568145,4.2668147,5.5568147,1.8668146,-0.013185425,-2.5031855,-2.7031853,-2.7631855,-2.9931855,-4.0031853,-4.4931855,-4.2331853,-4.1931853,-3.9631853,-3.4031854,-3.2031853,-2.7231855,-2.2231855,-1.7531854,-1.1431854,-0.56318545,-1.2431854,-1.3431854,-1.0831854,-0.45318544,0.46681458,1.4168146,1.6168146,2.1168146,1.5568146,0.19681458,0.4568146,-0.76318544,-0.39318544,1.3868146,3.4568145,2.6368146,1.6168146,1.0168146,1.4768146,1.9368145,3.0868146,4.6568146,1.2568146,-1.5531855,-2.6431854,-3.3431854,-4.0531855,-3.7431855,-4.3831854,-4.8731856,-5.4431853,-4.8731856,-4.7531853,-4.1531854,-3.6231854,-2.8031855,-1.9331855,-1.6631855,-2.6231854,-1.8431854,-1.3431854]},{"header":{"discipline":0,"disciplineName":"Meteorological products","gribEdition":2,"gribLength":1102,"center":7,"centerName":"US National Weather Service - NCEP(WMC)","subcenter":0,"refTime":"2024-01-31T06:00:00.000Z","significanceOfRT":1,"significanceOfRTName":"Start of forecast","productStatus":0,"productStatusName":"Operational products","productType":1,"productTypeName":"Forecast products","productDefinitionTemplate":0,"productDefinitionTemplateName":"Analysis/forecast at horizontal level/layer at a point in time","parameterCategory":2,"parameterCategoryName":"UnknownDiscipline_0_Category_2","parameterNumber":3,"parameterNumberName":"UnknownParameter_D0_C2_3","parameterUnit":"Unknown","genProcessType":2,"genProcessTypeName":"Forecast","forecastTime":180,"surface1Type":103,"surface1TypeName":"Specified height level above ground","surface1Value":10.0,"surface2Type":255,"surface2TypeName":"Missing","surface2Value":0.0,"gridDefinitionTemplate":0,"gridDefinitionTemplateName":"Latitude_Longitude","numberPoints":615,"shape":6,"shapeName":"Earth spherical with radius of 6,371,229.0 m","gridUnits":"degrees","resolution":48,"winds":"true","scanMode":64,"nx":41,"ny":15,"basicAngle":0,"lo1":47.0,"la1":41.0,"lo2":87.0,"la2":55.0,"dx":1.0,"dy":1.0},"data":[-7.9925704,-3.4825702,2.41743,-1.5225701,4.6974297,10.907429,7.70743,4.2374296,3.2874298,2.7174299,4.9274297,5.64743,5.95743,5.0274296,4.97743,4.76743,3.7574298,2.5774298,1.3974298,1.1174299,-1.4425702,2.2474298,1.7774298,-1.2525702,-0.7125702,-1.2525702,-1.5325702,1.9474298,2.0774298,3.2574298,-2.5325701,-4.0525703,2.2774298,-1.5625702,0.9074298,1.6174299,0.5374298,0.57742983,0.57742983,0.2574298,-0.7925702,7.07743,1.5674298,2.3574297,0.4074298,2.0474298,7.45743,5.05743,6.35743,4.28743,4.05743,3.2674298,4.18743,5.7774296,4.31743,4.3474298,4.9474297,4.1974297,2.45743,1.0074298,2.5874298,1.4374298,2.19743,2.6474297,3.9674299,3.2674298,1.1474298,-1.9825702,1.8774298,1.2074298,1.5774298,6.20743,6.24743,-0.8125702,-1.8425702,-5.23257,-2.5025702,-2.3725703,-3.07257,-1.6725702,-0.20257019,0.82742983,4.04743,7.0074296,6.39743,4.41743,4.0074296,4.24743,3.3874297,5.99743,4.1574297,3.20743,5.3874297,7.70743,7.3874297,7.1374297,5.9474297,5.5074296,5.74743,4.6574297,3.8674297,2.8574297,1.6474298,2.2974298,1.6774298,4.62743,2.67743,-2.6825702,1.4574298,1.6774298,1.0374298,4.1374297,6.4274297,3.8874297,4.2374296,-2.4225702,-0.2225702,3.18743,5.82743,-0.03257019,0.8374298,-1.5525702,-0.9525702,5.01743,10.257429,9.44743,8.61743,7.4674296,6.0074296,6.68743,5.81743,5.97743,4.1574297,4.87743,7.3674297,11.627429,11.717429,6.82743,6.55743,5.97743,5.22743,4.60743,3.9874299,3.0774298,4.9474297,-0.9025702,3.7774298,1.7974298,1.2974298,2.5374298,-1.6125702,1.9974298,5.76743,4.32743,-0.3025702,-1.3625702,0.14742981,-1.4925702,-4.3425703,-2.6625702,2.4874299,4.68743,0.9674298,0.88742983,5.7374296,7.2774296,7.43743,6.43743,6.6974297,8.34743,4.91743,7.07743,7.72743,5.8674297,6.78743,7.4874296,10.677429,9.94743,9.1074295,7.28743,6.93743,6.47743,5.79743,5.1774297,4.89743,3.5474298,2.8574297,2.2474298,1.5074298,0.8074298,1.9974298,4.31743,3.5174298,5.76743,-0.6425702,1.3374298,2.7774298,3.5774298,-1.5425702,-1.4525702,-0.3025702,-0.2725702,0.9874298,1.1374298,-0.55257016,5.30743,6.0074296,6.80743,6.6974297,7.4874296,6.37743,5.64743,7.08743,6.24743,5.9474297,8.71743,9.34743,10.427429,10.797429,7.57743,5.28743,5.7774296,5.87743,5.58743,4.9074297,5.0074296,5.9474297,4.9274297,2.7374299,1.4274298,0.5274298,2.6374297,4.07743,5.70743,4.6174297,1.6974298,-0.61257017,-2.1725702,-1.0525702,2.9674299,13.007429,4.5274296,5.5074296,0.8774298,-0.7225702,-0.5625702,5.6174297,4.93743,5.39743,5.4074297,7.66743,6.6974297,6.49743,5.45743,5.0074296,5.97743,7.81743,8.53743,7.6574297,6.22743,4.9674296,4.5974298,5.24743,5.24743,5.3474298,4.9474297,5.55743,6.0074296,4.87743,3.8174298,3.8874297,2.70743,2.6474297,4.0974298,3.68743,5.43743,2.5374298,-0.80257016,-3.31257,3.92743,-0.5725702,-1.9625702,-4.10257,-0.15257019,0.8374298,-0.7125702,2.9774299,6.99743,7.7774296,7.47743,6.89743,6.4074297,6.3874297,6.26743,6.68743,7.32743,7.2174296,6.9874296,6.8874297,6.2574296,5.43743,5.08743,4.2774296,4.29743,4.5074296,4.99743,6.16743,5.4274297,5.26743,3.4874299,4.6974297,4.55743,4.5074296,4.2174296,7.37743,5.9474297,5.1174297,1.5474298,3.7674298,1.8274298,0.9974298,0.3774298,0.20742981,-0.23257019,-0.08257019,-1.7425702,1.4274298,-1.4825702,7.43743,7.93743,8.31743,7.9674296,7.68743,7.7574296,7.7374296,6.91743,6.22743,6.7574296,6.2174296,6.6374297,4.6974297,4.2774296,4.54743,4.12743,4.47743,4.81743,5.64743,6.76743,6.28743,5.82743,5.26743,4.22743,5.60743,6.07743,5.07743,8.44743,6.6774297,5.28743,8.397429,8.977429,10.367429,7.04743,6.87743,6.4674296,-3.07257,1.8174298,2.0174298,1.5874298,-2.54257,7.5974298,7.6174297,8.41743,8.36743,7.91743,7.14743,6.74743,6.79743,7.01743,6.6774297,6.0274296,6.3674297,4.58743,4.32743,4.14743,3.3474298,4.01743,4.81743,5.3874297,5.76743,7.14743,6.54743,4.82743,4.14743,3.1374297,6.53743,7.4474297,9.13743,9.80743,9.227429,9.55743,9.977429,7.6374297,7.81743,6.39743,3.70743,1.4974298,-3.1725702,0.3774298,4.80743,4.4474297,8.34743,8.74743,7.6974297,6.29743,5.51743,5.83743,6.1574297,6.08743,6.5074296,6.20743,6.30743,5.18743,5.33743,5.51743,3.9074297,3.5374298,3.7174299,4.70743,5.4074297,6.22743,5.95743,5.6774297,4.5274296,3.7374299,3.1374297,4.80743,8.02743,8.86743,8.27743,7.45743,7.26743,8.687429,7.30743,8.477429,9.92743,1.9074298,1.3174298,3.3974297,2.0374298,1.7674298,-0.21257019,6.68743,6.30743,5.68743,5.54743,5.2174296,5.1174297,4.2174296,4.49743,4.3474298,4.8874297,4.64743,4.5974298,4.72743,4.64743,3.8574297,3.69743,3.5874298,3.8974297,5.47743,5.1774297,5.4474297,4.68743,3.94743,3.3674297,3.6074297,6.31743,7.7574296,7.5274296,6.7174296,5.43743,5.81743,8.8574295,6.66743,7.54743,6.6774297,1.7174298,1.8574299,3.3774297,3.0674298,2.4974298,0.9874298,3.8874297,4.57743,3.92743,3.9974298,4.57743,3.4974298,3.2474298,4.29743,4.43743,4.68743,3.6574297,3.45743,4.24743,3.9974298,3.94743,3.68743,3.68743,4.4474297,4.9274297,4.60743,5.54743,4.9874296,3.69743,3.5674298,4.1974297,6.0274296,6.31743,7.10743,7.60743,5.99743,6.2574296,6.1574297,5.85743,5.30743,6.22743,3.67743,2.0674298,0.7374298,1.6874298,0.75742984,0.5174298,1.9874299,3.8974297,4.66743,4.1574297,3.19743,4.6774297,5.4274297,5.60743,5.70743,6.51743,4.24743,0.4074298,1.5174298,3.94743,3.5774298,4.06743,4.14743,4.68743,4.4474297,4.45743,4.51743,3.9074297,3.0074298,4.35743,5.1174297,5.62743,5.85743,5.1374297,5.6174297,5.57743,5.32743,5.7374296,5.7374296,5.9274297,3.3374298,3.3874297,1.6274298,-0.28257018,-0.15257019,0.7474298,0.5874298,0.9974298,2.1574297,2.3074298,3.5974298,4.8874297,4.72743,4.9874296,5.1774297,5.07743,5.6774297,4.04743,2.66743,2.5174298,0.6274298,3.7974298,3.9674299,4.6774297,4.30743,4.16743,4.32743,3.8574297,3.5074298,4.43743,4.81743,4.99743,4.41743,4.14743,4.41743,4.64743,4.56743,4.30743,4.5074296,3.7174299,3.7974298,4.49743,3.7874298,2.6474297,1.3974298,0.8174298,0.8374298,0.11742981]}]