wind_kz.json
{"header": {"discipline":0,"disciplineName":"Meteorological products","gribEdition":2,"gribLength":1102,"center":7,"centerName":"US National Weather Service - NCEP(WMC)","subcenter":0,"refTime":"2023-10-01T00:00:00.000Z","significanceOfRT":1,"significanceOfRTName":"Start of forecast","productStatus":0,"productStatusName":"Operational products","productType":1,"productTypeName":"Forecast products","productDefinitionTemplate":0,"productDefinitionTemplateName":"Analysis/forecast at horizontal level/layer at a point in time","parameterCategory":2,"parameterCategoryName":"UnknownDiscipline_0_Category_2","parameterNumber":3,"parameterNumberName":"UnknownParameter_D0_C2_3","parameterUnit":"Unknown","genProcessType":2,"genProcessTypeName":"Forecast","forecastTime":180,"surface1Type":103,"surface1TypeName":"Specified height level above ground","surface1Value":10.0,"surface2Type":255,"surface2TypeName":"Missing","surface2Value":0.0,"gridDefinitionTemplate":0,"gridDefinitionTemplateName":"Latitude_Longitude","numberPoints":615,"shape":6,"shapeName":"Earth spherical with radius of 6,371,229.0 m","gridUnits":"degrees","resolution":48,"winds":"true","scanMode":64,"nx":41,"ny":15,"basicAngle":0,"lo1":47.0,"la1":41.0,"lo2":87.0,"la2":55.0,"dx":1.0,"dy":1.0}, "data":
[rows 0 to 14 of 15, columns 0 to 40 of 41]
0.6154126,1.8854126,-4.0645876,-0.6145874,7.1354127,3.2954125,0.1554126,4.9154124,5.2054124,3.7954125,2.4354126,0.9654126,0.4254126,0.2354126,-1.2445874,-3.3345873,-1.9545875,-1.0945874,-1.4045874,-2.5945873,-2.9145875,-2.3945875,-3.4545875,2.2254126,2.2554126,1.0054126,1.1654125,-0.37458742,1.4454126,5.1054125,1.0754126,1.7554126,0.9254126,0.015412598,-1.2545874,-0.0845874,-0.074587405,2.3454125,1.0654126,-0.4445874,-0.98458743
4.5754128,-4.8345876,-8.3945875,4.6554127,6.805413,4.4754124,6.0054126,7.035413,6.6354127,3.9254127,1.8254126,1.7354126,2.7154126,0.3954126,-1.7345874,-2.6945875,-1.4745874,-1.0745873,-1.3445874,-1.6145874,-1.8945874,-2.2045875,-3.0145874,-1.9645875,-1.3445874,0.0954126,0.7754126,2.0654125,-0.4345874,-0.9445874,-0.2745874,0.9054126,0.8954126,-0.024587402,1.3454126,1.8554126,2.4654126,1.5354125,1.5554127,1.0954126,-0.4645874
-5.7445874,-11.494587,-5.1445875,1.2154126,4.1254125,4.8654127,3.3854127,7.8454127,6.6954126,5.3654127,3.9454126,2.3854127,0.8354126,0.37541258,-1.8245873,-3.0845873,-2.7245874,-2.0145874,-0.8545874,-1.6645874,-2.7445874,-2.3045874,-0.1845874,-1.8245873,-1.8545874,-1.0045874,-1.3145874,-0.8745874,-0.074587405,-1.1145874,-0.1345874,-0.6045874,-1.1445874,1.3154126,-0.3045874,0.6654126,0.6154126,-0.5445874,0.015412598,1.8854126,0.6554126
-8.264587,-12.564588,-5.694587,-1.1445874,4.995413,5.6754127,7.3254128,8.755413,8.015412,6.4354124,5.515413,0.2454126,-0.4845874,-2.6045873,0.055412598,-1.6045874,-2.8745873,-3.0745873,1.0654126,0.4454126,-1.3045874,-1.2145875,1.2754126,0.6754126,-0.7745874,-1.3545874,-2.4145875,-1.9545875,-2.1245873,-3.5945873,-3.7545874,-1.4745874,1.7754126,0.5454126,0.6354126,-2.6345873,-3.1445875,1.7254126,-0.7745874,-1.1745874,-2.5745873
-9.204587,-12.584587,-8.324588,-3.4245875,-1.6045874,7.9754124,8.535413,8.585413,7.555413,6.1654124,6.4554124,5.3654127,3.2554126,0.9754126,-1.4145874,-0.7145874,-2.0645874,-2.6145873,-1.7245874,-0.3245874,0.0054125977,0.5454126,0.9354126,0.6854126,-0.0845874,-1.5945874,-3.2745874,-2.5245874,-2.8045874,-3.6345873,-4.6845875,-4.9545875,-0.9345874,1.6854126,-0.4445874,2.1354127,-0.6745874,0.3054126,-1.2045875,-1.4445873,-2.2245874
-6.714587,-8.774588,-10.604588,-4.6345873,-3.3045874,0.9254126,8.405413,7.495413,6.785413,6.1154127,5.8254128,6.6054125,4.015413,3.4554126,0.6754126,1.5354125,0.3954126,-0.2945874,-0.4945874,-1.0745873,-0.1245874,0.3054126,0.9154126,1.6954126,1.4954126,0.3654126,-1.4845874,-5.6145873,-2.3545873,-2.7645874,-3.1245873,-5.2645874,-3.3045874,-3.5645874,-0.9145874,0.22541259,-0.6245874,-1.7745874,3.8054125,0.2854126,-1.9945874
-2.5745873,-6.3445873,-9.594587,-7.8545876,0.76541257,3.5154126,6.9054127,7.3454127,7.3754125,7.2554126,5.9454126,5.4554124,6.805413,5.7754126,4.4154124,3.3454125,1.8754126,1.6654125,1.0654126,1.1954126,1.0654126,0.8554126,0.3454126,-0.1345874,0.3154126,0.1454126,-0.5745874,-2.1045873,-2.5945873,-2.5045874,-2.5545874,-3.0945873,-3.4345875,-4.8045874,1.2654126,-1.0345874,-1.2345874,-2.2345874,-1.4645875,1.1054126,-2.5545874
-1.7345874,-1.4245874,-5.7845874,-5.984587,-5.1245875,-2.1845875,6.535413,8.015412,6.9554124,6.785413,6.3554125,5.515413,6.0854125,6.785413,6.5654125,4.9354124,3.8454125,2.5054126,1.5254126,1.9454126,0.9854126,0.40541258,-1.0445874,-1.3545874,0.3954126,1.3554126,0.37541258,-0.9045874,-0.8045874,-3.0945873,-2.7145875,-3.5745873,-2.5145874,-5.7845874,-4.234587,-4.1545873,-2.3445873,-1.8145874,-0.16458741,0.4554126,-0.9045874
1.2854125,0.19541259,0.40541258,-4.9145875,-3.3345873,-4.3545876,-0.7945874,1.4654126,7.0454125,7.1554127,6.6454124,5.765413,5.9254127,6.6054125,6.5954127,6.265413,5.1154127,3.7354126,2.5254126,1.7254126,2.2954125,1.7854125,1.2254126,0.6254126,0.2454126,0.4954126,0.2654126,-1.2845874,-1.4745874,-1.7245874,-2.1845875,-2.5045874,-2.1845875,-2.5945873,-2.9945874,-2.5345874,-3.3445873,-3.0945873,-1.2445874,-0.2145874,1.0854126
3.0854125,2.2954125,1.6754127,2.4654126,-3.3545873,-1.0545874,-1.7345874,-0.2145874,4.0054126,5.2254124,7.1354127,7.4254127,7.1654124,6.4254127,6.0654125,5.995413,5.6854124,4.4354124,3.0754125,1.7754126,2.0854125,2.8154125,1.7754126,1.4854126,1.5254126,1.2154126,0.5354126,-0.3245874,-0.4445874,-0.9045874,-1.4545875,-1.9945874,-2.2145875,-1.9445873,-1.8045874,-1.8045874,-1.3145874,-0.6945874,1.6654125,2.3054125,2.2954125
5.3554125,3.7354126,4.055413,3.2654126,3.5254126,2.3254125,1.5554127,-0.7045874,0.0354126,3.9454126,4.7054124,7.0454125,7.0654125,7.8654127,7.2154126,6.7554126,6.0854125,5.1954126,4.1654124,3.5254126,2.8054125,2.6254127,2.7154126,2.4754126,1.7754126,1.1654125,0.37541258,0.5854126,-0.0645874,-0.7045874,-1.2945874,-1.6345874,-1.6145874,-1.0245874,-0.8645874,1.6654125,1.3054127,1.6254126,0.3054126,0.5554126,-0.074587405
3.9554126,5.6554127,4.3354125,5.3954124,3.5454125,5.2154126,4.785413,2.3654127,-0.1545874,-1.1545874,3.8854127,5.6654124,7.3954124,7.1454124,7.8754125,6.9354124,6.7754126,5.9454126,5.4554124,4.4654126,4.1254125,3.5654125,2.8154125,2.2654126,2.0054126,0.9654126,0.1854126,-0.6345874,-1.3345875,-1.7945874,-1.5645874,-1.4645875,-0.7745874,-0.9745874,-0.2145874,1.4354126,2.2654126,2.3754127,0.5454126,-0.6445874,-0.8445874
2.9954126,4.7954125,6.7954125,6.1154127,4.7954125,3.7054126,4.5754128,6.7554126,5.3354125,0.7954126,-0.6945874,3.5454125,6.1454124,5.6554127,7.2754126,6.9054127,7.0254126,6.3454127,5.9554124,4.9054127,4.7954125,4.495413,3.3854127,2.9254127,2.7254126,1.9554126,0.9054126,-0.8645874,-0.1545874,-0.9145874,-1.5245874,-1.7545874,-1.1645874,-0.5645874,0.37541258,0.8354126,0.0854126,1.3054127,3.0854125,1.0554127,2.9854126
3.9854126,4.6954126,5.9854126,7.3354125,8.005413,5.8854127,5.3554125,5.8954124,6.015413,7.0954127,1.9654126,-1.9745874,4.1754127,5.7354126,7.6054125,7.5954127,6.9654126,6.7354126,6.805413,6.0954127,5.0654125,4.2554126,3.5154126,2.9554126,2.4554126,2.3854127,1.2054126,0.3054126,-0.8445874,-1.0645874,-0.9545874,-1.0945874,-0.6945874,-1.5145874,-0.2845874,-0.9445874,0.4454126,0.8454126,1.5054126,3.8054125,2.0054126
4.0454125,6.555413,6.285413,5.535413,7.6954126,7.7554126,6.6254125,5.0454125,4.4354124,4.2554126,4.2554126,4.6754127,-0.8145874,3.7754126,6.5854125,7.6254125,7.805413,7.9654126,7.6954126,6.805413,5.9154124,4.7954125,4.035413,3.5254126,3.0054126,2.5454125,2.1754127,0.8954126,-0.1845874,-0.5445874,-2.0445874,-2.3045874,-0.5845874,-0.8745874,-1.4445873,0.2654126,0.8654126,3.6554127,3.1554127,3.2454126,2.3154125
