wind.json
{"header": {"discipline":0,"disciplineName":"Meteorological products","gribEdition":2,"gribLength":953,"center":7,"centerName":"US National Weather Service - NCEP(WMC)","subcenter":0,"refTime":"2023-05-30T06:00:00.000Z","significanceOfRT":1,"significanceOfRTName":"Start of forecast","productStatus":0,"productStatusName":"Operational products","productType":1,"productTypeName":"Forecast products","productDefinitionTemplate":0,"productDefinitionTemplateName":"Analysis/forecast at horizontal level/layer at a point in time","parameterCategory":0,"parameterCategoryName":"UnknownDiscipline_0_Category_0","parameterNumber":0,"parameterNumberName":"UnknownParameter_D0_C0_0","parameterUnit":"Unknown","genProcessType":2,"genProcessTypeName":"Forecast","forecastTime":60,"surface1Type":1,"surface1TypeName":"Ground or water surface","surface1Value":0.0,"surface2Type":255,"surface2TypeName":"Missing","surface2Value":0.0,"gridDefinitionTemplate":0,"gridDefinitionTemplateName":"Latitude_Longitude","numberPoints":688,"shape":6,"shapeName":"Earth spherical with radius of 6,371,229.0 m","gridUnits":"degrees","resolution":48,"winds":"true","scanMode":64,"nx":43,"ny":16,"basicAngle":0,"lo1":45.0,"la1":40.0,"lo2":87.0,"la2":55.0,"dx":1.0,"dy":1.0}, "data":
[rows 0 to 15 of 16, columns 0 to 42 of 43]
280.73172,276.5317,293.0317,296.4317,296.5317,293.1317,292.0317,291.5317,297.9317,298.1317,303.83173,302.6317,305.83173,305.73172,304.1317,301.9317,301.5317,301.73172,301.4317,300.0317,299.0317,298.0317,296.0317,294.9317,294.33173,289.0317,289.9317,282.1317,275.5317,274.23172,277.83173,290.4317,293.23172,296.0317,297.9317,296.5317,297.83173,296.33173,296.4317,296.23172,296.23172,296.33173,292.4317
286.33173,293.5317,293.0317,284.0317,288.83173,290.4317,290.6317,290.5317,293.5317,300.1317,302.33173,304.5317,302.23172,304.1317,303.1317,301.9317,302.0317,300.33173,301.1317,299.33173,299.23172,298.9317,300.6317,297.4317,291.83173,288.33173,293.5317,292.4317,285.5317,275.0317,273.6317,275.23172,273.33173,276.23172,288.0317,294.83173,296.1317,294.6317,293.4317,294.1317,294.6317,295.73172,293.33173
284.23172,282.4317,273.83173,288.83173,290.0317,290.4317,290.0317,289.83173,296.33173,300.0317,300.5317,302.0317,305.33173,301.83173,302.33173,301.83173,302.4317,301.73172,299.83173,299.33173,296.1317,296.1317,299.0317,296.73172,292.1317,284.1317,269.4317,275.1317,281.73172,277.9317,276.6317,274.0317,281.73172,270.33173,278.83173,265.83173,271.0317,293.0317,290.4317,292.73172,296.1317,287.4317,282.83173
284.1317,286.0317,288.9317,290.83173,289.83173,289.83173,289.6317,294.73172,298.0317,300.23172,300.73172,303.6317,301.23172,301.9317,299.73172,302.5317,302.9317,300.23172,298.33173,296.23172,294.5317,295.73172,298.33173,296.1317,295.5317,288.4317,290.73172,286.23172,285.5317,284.83173,286.1317,276.23172,272.83173,272.9317,279.73172,280.9317,280.9317,281.0317,270.73172,276.6317,278.6317,275.33173,273.6317
289.5317,292.4317,290.4317,292.6317,290.83173,290.5317,291.23172,296.83173,299.5317,299.83173,301.5317,300.6317,299.6317,297.83173,291.33173,291.6317,302.1317,301.23172,300.33173,297.1317,296.83173,296.5317,295.0317,289.9317,294.33173,294.1317,293.73172,292.83173,292.73172,291.4317,287.5317,286.23172,287.5317,285.83173,293.5317,290.6317,284.83173,283.83173,272.4317,265.5317,274.5317,283.33173,288.5317
289.33173,291.73172,291.5317,294.4317,293.83173,294.23172,295.1317,296.83173,299.4317,298.5317,302.4317,302.1317,299.83173,297.0317,292.4317,292.1317,289.6317,302.1317,300.1317,298.1317,295.1317,297.5317,296.6317,296.33173,295.0317,293.9317,292.9317,293.1317,290.33173,291.33173,290.33173,290.1317,292.23172,286.0317,277.9317,269.73172,279.5317,289.23172,290.33173,292.33173,291.73172,292.73172,293.4317
289.23172,290.6317,291.4317,292.23172,294.9317,294.33173,294.1317,294.23172,295.4317,300.6317,302.0317,302.0317,300.4317,299.4317,293.4317,292.0317,296.33173,300.9317,301.6317,299.33173,298.23172,298.6317,296.0317,295.23172,294.9317,293.33173,292.5317,291.1317,292.1317,289.73172,294.33173,294.1317,291.73172,291.4317,288.83173,286.33173,283.9317,284.9317,277.9317,280.1317,286.9317,289.23172,291.4317
288.6317,290.1317,290.1317,293.33173,297.73172,297.5317,295.6317,294.83173,298.73172,298.1317,302.9317,302.1317,299.5317,298.33173,299.5317,301.1317,300.5317,302.1317,300.9317,300.73172,298.9317,296.4317,295.1317,295.33173,295.33173,294.73172,291.9317,291.73172,291.4317,293.73172,293.1317,292.4317,290.83173,290.33173,289.9317,288.83173,285.9317,283.73172,279.9317,277.23172,274.1317,273.6317,286.4317
288.83173,288.73172,291.4317,294.5317,298.6317,299.6317,299.1317,296.9317,298.73172,300.0317,301.83173,300.5317,298.5317,297.0317,297.9317,301.0317,300.5317,301.23172,300.9317,299.23172,296.0317,295.1317,293.33173,293.4317,293.4317,293.6317,291.0317,286.83173,288.4317,288.83173,287.1317,288.0317,285.73172,285.83173,283.6317,282.5317,279.23172,283.9317,287.0317,284.83173,286.0317,286.73172,282.4317
287.5317,288.83173,291.0317,292.83173,296.33173,297.6317,300.5317,298.33173,300.83173,302.33173,300.23172,297.23172,296.0317,295.4317,298.4317,299.9317,298.23172,298.1317,297.6317,297.4317,295.73172,294.9317,292.6317,292.23172,292.73172,291.1317,289.4317,288.6317,284.6317,284.83173,281.83173,280.9317,282.9317,283.0317,282.6317,282.33173,280.9317,280.4317,282.6317,282.1317,270.4317,273.4317,271.1317
289.23172,290.6317,291.0317,293.23172,293.5317,296.4317,298.0317,297.9317,298.4317,300.23172,297.9317,295.6317,293.83173,297.0317,299.1317,296.83173,296.6317,296.9317,296.83173,296.23172,294.9317,294.9317,293.83173,292.73172,293.4317,292.4317,291.6317,289.33173,288.0317,286.83173,285.0317,284.5317,284.83173,286.4317,286.1317,285.6317,282.33173,282.0317,281.4317,278.4317,274.33173,272.33173,272.4317
286.73172,288.0317,290.83173,292.1317,292.6317,292.4317,296.23172,296.33173,297.4317,296.1317,296.73172,295.73172,294.9317,295.4317,297.1317,297.83173,295.9317,296.1317,296.5317,296.0317,296.0317,295.1317,294.9317,294.0317,293.83173,293.4317,291.1317,290.33173,286.33173,288.33173,287.33173,289.73172,289.4317,288.6317,287.1317,286.9317,286.1317,285.0317,279.0317,276.0317,276.0317,276.0317,273.1317
285.83173,288.4317,289.6317,291.73172,292.1317,292.33173,292.9317,293.9317,293.6317,293.73172,294.23172,294.5317,294.4317,293.23172,296.4317,296.9317,296.4317,295.23172,296.1317,297.73172,296.23172,296.5317,294.73172,293.33173,292.83173,292.6317,291.23172,291.83173,290.1317,291.4317,291.1317,291.6317,289.33173,288.4317,288.5317,286.23172,286.5317,285.5317,283.9317,282.1317,281.83173,280.73172,279.33173
284.23172,285.73172,286.4317,287.6317,289.0317,291.0317,290.5317,289.9317,292.4317,293.9317,289.73172,290.9317,291.5317,290.1317,293.5317,294.0317,294.73172,294.9317,296.6317,297.9317,298.1317,298.1317,294.9317,292.33173,291.23172,291.73172,292.4317,293.4317,293.83173,291.9317,291.6317,290.6317,290.73172,290.83173,288.73172,287.33173,285.4317,286.4317,285.73172,286.0317,284.1317,282.73172,281.23172
283.6317,283.6317,284.0317,285.4317,285.33173,287.83173,288.33173,289.33173,290.23172,290.5317,291.5317,292.33173,292.6317,290.83173,290.83173,292.5317,294.9317,295.5317,298.33173,298.0317,297.33173,295.5317,296.6317,294.0317,295.0317,294.0317,294.5317,294.0317,293.9317,293.0317,291.4317,291.33173,290.73172,289.4317,287.9317,286.6317,286.0317,285.23172,285.0317,283.9317,285.33173,284.5317,281.9317
282.83173,283.83173,283.9317,284.83173,284.6317,285.5317,285.6317,285.23172,287.23172,287.4317,290.33173,290.23172,291.33173,291.33173,292.4317,293.5317,293.23172,294.73172,294.4317,294.83173,293.83173,293.73172,295.1317,297.4317,293.0317,292.9317,293.33173,291.9317,291.73172,291.6317,291.1317,289.9317,288.5317,286.4317,287.83173,287.33173,286.33173,285.9317,285.33173,283.83173,284.6317,284.73172,284.1317
