wind_kz.json
{"header": {"discipline":0,"disciplineName":"Meteorological products","gribEdition":2,"gribLength":1025,"center":7,"centerName":"US National Weather Service - NCEP(WMC)","subcenter":0,"refTime":"2023-08-10T18:00:00.000Z","significanceOfRT":1,"significanceOfRTName":"Start of forecast","productStatus":0,"productStatusName":"Operational products","productType":1,"productTypeName":"Forecast products","productDefinitionTemplate":0,"productDefinitionTemplateName":"Analysis/forecast at horizontal level/layer at a point in time","parameterCategory":2,"parameterCategoryName":"UnknownDiscipline_0_Category_2","parameterNumber":2,"parameterNumberName":"UnknownParameter_D0_C2_2","parameterUnit":"Unknown","genProcessType":2,"genProcessTypeName":"Forecast","forecastTime":240,"surface1Type":103,"surface1TypeName":"Specified height level above ground","surface1Value":10.0,"surface2Type":255,"surface2TypeName":"Missing","surface2Value":0.0,"gridDefinitionTemplate":0,"gridDefinitionTemplateName":"Latitude_Longitude","numberPoints":615,"shape":6,"shapeName":"Earth spherical with radius of 6,371,229.0 m","gridUnits":"degrees","resolution":48,"winds":"true","scanMode":64,"nx":41,"ny":15,"basicAngle":0,"lo1":47.0,"la1":41.0,"lo2":87.0,"la2":55.0,"dx":1.0,"dy":1.0}, "data":
[rows 0 to 14 of 15, columns 0 to 40 of 41]
-5.0140796,-0.2240796,1.9159204,1.5359204,1.7659204,2.1759205,3.0559204,4.99592,3.2459204,4.7959204,3.7059205,0.37592041,0.5259204,-1.8640796,1.7259204,-1.8840796,-2.6940796,-2.5340796,-2.1440797,1.0159204,2.2659204,3.1259203,0.43592042,-1.2040796,1.4159204,-3.2640796,-2.9540796,0.08592041,1.5659204,1.5859205,0.8859204,0.12592041,1.6259204,-2.2640796,-5.4840794,-1.3840796,-3.4340796,-2.3240795,-4.04408,-0.8240796,-3.9740796
2.2459204,1.5859205,2.4259205,1.4059204,3.7259204,3.4559205,3.7659204,0.6559204,-0.12407959,2.2859204,-7.1540794,-5.8640795,-2.9540796,-2.1340797,4.2959204,-0.4640796,-2.9340796,-4.3440795,-1.7740796,2.4659204,4.1559205,2.7959204,-0.3540796,-2.5140796,-0.52407956,0.22592041,-1.6040796,0.7559204,-3.9840796,-1.5040796,0.2659204,-0.64407957,0.17592041,-0.83407956,0.54592043,-0.05407959,0.7459204,0.7059204,-0.6940796,0.4559204,-6.3240795
-0.04407959,-0.10407959,-0.21407959,0.91592044,-0.20407958,-0.1440796,-1.7340796,1.1559204,-4.1140795,-3.9840796,-4.7240796,-5.3340797,-2.4240797,-1.5140796,-2.7640796,-3.9940796,-5.5140796,-4.6140795,-1.7840796,1.5959204,-2.0340796,-7.8440795,-6.54408,-8.70408,-2.2640796,-3.8540795,-1.4140795,2.1259203,-2.3140795,-0.7540796,-0.3040796,2.2959204,0.01592041,0.1659204,1.3059204,-0.6140796,0.43592042,0.3459204,2.5359204,3.9059205,0.8359204
-1.0940796,-0.6040796,-0.37407959,-1.3640796,-2.6240797,-2.1440797,0.8459204,-1.4340796,-2.8340795,-3.2840796,-4.9140797,-3.6240797,-1.6540796,-1.2040796,-1.9040796,-3.1840796,-3.2540796,-3.8140795,-0.5740796,0.4859204,0.10592041,-4.2340794,-6.02408,-8.444079,-6.3140798,-4.8240795,-3.9940796,-6.7240796,-4.0340796,-2.0340796,-0.8740796,-0.9340796,2.2159204,5.4159203,-2.1640797,-2.3440795,-1.4140795,1.8459204,1.3559204,1.3859204,1.7359204
0.79592043,2.4759204,2.4259205,0.5559204,0.9359204,1.4259204,1.0159204,1.1759204,-0.6040796,-1.9840796,-3.7640796,-3.4440796,-1.6640795,-1.0940796,-4.4440794,-3.0140796,-3.1040795,-1.2440796,1.7959204,-1.0340796,-4.3640795,-6.4140797,-5.4540796,-6.4840794,-5.4840794,-4.7240796,-4.3640795,-3.0940795,-3.6040795,-2.7740796,-3.0840795,-1.4640796,-2.6940796,0.6859204,2.2559204,0.8859204,3.9459205,2.4959204,1.2259204,2.1859205,4.0359206
2.3859205,1.1559204,3.8959205,3.7059205,4.5259204,3.3459203,2.2459204,3.6459205,0.79592043,-4.75408,-3.2540796,-2.1940796,-1.3040795,-1.4340796,-2.8640795,-1.1740795,-0.08407959,1.1659204,-3.7040796,-4.00408,-1.6240796,-1.9040796,-4.3940797,-2.7840796,-4.25408,-3.2240796,-2.1540797,-2.4840796,-2.3740797,-4.8940797,-4.5140796,-4.6740794,-2.8640795,-1.5240796,1.8559204,0.20592041,1.6159204,2.6359205,5.5459204,-1.8140796,-6.3940797
-2.4740796,-1.0240796,2.2659204,4.3859205,3.5659204,4.4859204,4.0259204,0.8859204,0.72592044,-3.1340797,-2.8440795,-2.0240796,-1.0440795,0.49592042,2.8859205,-2.2240796,-8.154079,-5.8340797,-3.8740797,-5.6040797,-3.1040795,5.7959204,-3.1540797,-5.3340797,3.8659203,1.3559204,-0.3940796,-3.3440795,-5.1240797,-6.0940795,-4.8640795,-3.3040795,-0.9140796,0.03592041,-1.9540796,-1.8940796,-1.3140796,2.0959203,1.0159204,1.6559204,5.4459205
-2.1740797,-2.8240795,-1.0440795,0.46592042,-2.4540796,-3.5540795,-3.0340796,-2.9640796,-3.4340796,-5.3840795,-4.6240797,-4.1540794,-2.7440796,-3.1840796,-3.9140797,-5.4240794,-2.2740796,0.3859204,-1.0640796,-4.6040797,2.0859203,-3.7440796,-3.6140795,-1.4840796,0.9659204,-2.4540796,-5.9540796,-5.0340796,-5.3740797,-4.3640795,-2.3340795,-0.4240796,-0.4640796,-1.6640795,-0.38407958,3.5259204,5.8559203,7.4359202,6.4059205,8.435921,-0.13407959
0.85592043,1.6559204,1.1059204,-1.5340796,-3.5740795,-3.8640795,-2.5340796,-2.5640795,-4.7040796,-4.3740797,-4.3340797,-3.8840797,-2.9240797,-3.1340797,-3.1140795,-4.0540795,-4.8140798,-4.5940795,-4.3040795,-4.1040797,-4.3740797,-3.0240796,-3.3140795,-3.6740797,-4.1440797,-4.2440796,-3.2840796,-3.5340796,-1.9440796,-1.8740796,-1.4640796,-0.77407956,0.17592041,0.15592042,2.0159204,1.9659204,0.72592044,-2.2540796,-1.8740796,1.0559204,-1.2640796
-0.6740796,-1.5040796,-1.4240795,-0.1440796,-3.2840796,-3.3240795,-3.5740795,-3.7240796,-4.5540795,-4.0940795,-3.6940796,-3.3940797,-3.6140795,-4.0940795,-4.0940795,-3.1940796,-2.8140795,-2.8140795,-3.4740796,-3.1740797,-6.25408,-4.4840794,-3.8240795,-1.9340796,-4.2240796,-3.8940797,-3.1340797,-3.0740795,-2.4540796,-1.6940796,0.12592041,-0.0040795896,-1.8340796,-0.2940796,0.6759204,1.8859204,-0.15407959,-0.16407959,-3.0540795,-0.5540796,0.3159204
0.66592044,0.54592043,-0.05407959,-2.4640796,-3.4440796,-3.3340795,-1.9440796,-1.8540796,-1.6640795,-3.4040797,-2.7840796,-2.0140796,-3.8040795,-3.5140796,-2.8840797,-1.6240796,-1.4640796,-2.0040796,-2.3740797,-2.6040795,-1.8340796,-1.9640796,0.3859204,-1.9540796,-3.0040796,-0.2640796,-0.6840796,-0.5340796,0.6959204,0.8659204,2.4459205,0.05592041,-1.7140796,-1.4940796,-1.7340796,-1.2440796,-1.6640795,-1.1540796,-0.4840796,0.6559204,-1.2540796
-1.1240796,0.27592042,0.91592044,-1.1240796,-1.0940796,-0.6940796,-0.9040796,-1.4140795,-2.6540797,-2.5840795,-2.8740797,-1.7940795,-4.0340796,-3.1340797,-0.3240796,-1.5840796,-1.7940795,-0.77407956,-1.7540796,0.5959204,-3.1640797,3.2459204,2.6659205,0.7659204,-1.2940795,0.8259204,1.2859204,2.6559205,2.7159204,2.5059204,3.1359205,2.9559205,0.49592042,-0.7540796,-1.1640795,-1.9440796,-2.3640795,-0.9440796,-0.2740796,0.18592042,-0.05407959
-0.8240796,0.79592043,-1.7340796,-1.9540796,-0.3240796,-2.3340795,-4.4540796,-4.6440797,-4.6540794,-3.2440796,-1.8940796,0.72592044,-2.8540795,-3.0240796,-3.0340796,0.33592042,-2.2640796,-0.9940796,0.08592041,0.54592043,-1.6640795,0.7659204,-1.4140795,-0.4240796,-2.2840796,-1.6840796,-1.4640796,-0.7840796,2.4059205,0.3859204,3.1459205,3.6659205,3.0559204,1.3659204,0.40592042,0.79592043,0.27592042,-0.10407959,-1.6840796,-0.38407958,-0.6040796
-2.2440796,0.37592041,-2.1040795,-3.5940795,-5.4040794,-5.8040795,-4.0340796,-4.9840794,-0.89407957,-1.1640795,-1.4640796,-1.0240796,-0.8640796,-0.6640796,-1.7140796,-2.3240795,-0.8640796,-1.1340796,-2.0540795,-1.9040796,-1.8840796,-2.7540796,-3.7540796,-3.3740797,-2.2140796,-1.4240795,-1.8240796,0.07592041,-0.8740796,-0.9340796,-1.4540796,-0.8540796,-1.9340796,0.5859204,0.3859204,1.8159204,1.0659204,0.7459204,-0.4040796,-0.1940796,-0.28407958
-1.4540796,-4.4540796,-6.1740794,-6.7640796,-6.3340797,-6.2340794,-4.3940797,-5.5540795,-3.6040795,-3.4040797,-3.0440795,-0.83407956,-1.0840796,-0.03407959,-3.1740797,-2.3740797,-2.5540795,-2.4340796,-2.8540795,-3.8740797,-3.4740796,-3.3040795,-1.5140796,-3.0640795,-2.0440795,-0.3540796,0.20592041,-0.95407957,-0.5940796,0.1359204,0.7659204,-2.5540795,-1.8340796,-0.5040796,-1.6840796,0.6159204,0.33592042,1.5559204,-0.014079589,0.6959204,-1.0340796
