wind_kz.json
{"header": {"discipline":0,"disciplineName":"Meteorological products","gribEdition":2,"gribLength":1025,"center":7,"centerName":"US National Weather Service - NCEP(WMC)","subcenter":0,"refTime":"2023-09-27T12:00:00.000Z","significanceOfRT":1,"significanceOfRTName":"Start of forecast","productStatus":0,"productStatusName":"Operational products","productType":1,"productTypeName":"Forecast products","productDefinitionTemplate":0,"productDefinitionTemplateName":"Analysis/forecast at horizontal level/layer at a point in time","parameterCategory":2,"parameterCategoryName":"UnknownDiscipline_0_Category_2","parameterNumber":3,"parameterNumberName":"UnknownParameter_D0_C2_3","parameterUnit":"Unknown","genProcessType":2,"genProcessTypeName":"Forecast","forecastTime":0,"surface1Type":103,"surface1TypeName":"Specified height level above ground","surface1Value":10.0,"surface2Type":255,"surface2TypeName":"Missing","surface2Value":0.0,"gridDefinitionTemplate":0,"gridDefinitionTemplateName":"Latitude_Longitude","numberPoints":615,"shape":6,"shapeName":"Earth spherical with radius of 6,371,229.0 m","gridUnits":"degrees","resolution":48,"winds":"true","scanMode":64,"nx":41,"ny":15,"basicAngle":0,"lo1":47.0,"la1":41.0,"lo2":87.0,"la2":55.0,"dx":1.0,"dy":1.0}, "data":
[rows 0 to 14 of 15, columns 0 to 40 of 41]
2.5437548,1.8937548,-0.11624512,0.3437549,-2.056245,-4.266245,-2.7362452,-0.9762451,-1.5862451,-3.636245,-4.8662453,-4.746245,-5.406245,-5.506245,-6.006245,-4.586245,-2.806245,-4.6362453,0.3037549,-1.3262451,-2.876245,-3.346245,-3.896245,-1.6762451,3.7737548,2.133755,0.8237549,0.86375487,-3.306245,-3.276245,-2.326245,2.133755,-1.9262451,0.7937549,0.6637549,0.7737549,0.5937549,-1.0762451,-2.1662452,-2.566245,-0.5762451
-0.2562451,2.0237548,1.2937549,1.8637549,-1.4662452,-4.986245,-3.066245,-1.8162451,-1.8662452,-3.316245,-5.406245,-5.216245,-5.176245,-5.646245,-7.016245,-6.356245,-3.306245,-5.3462453,-1.1962451,-0.20624512,-1.1962451,-2.796245,-3.2562451,-2.2262452,1.0437549,1.2937549,1.0937549,1.4437549,-0.4462451,-2.1762452,-1.6962451,-1.9062451,-2.6662452,-3.576245,0.3737549,3.713755,1.5737549,1.1437548,-0.23624511,0.7837549,-0.93624514
2.5837548,2.603755,1.2737548,1.9037548,1.7537549,-0.69624513,-2.7162452,-2.076245,-2.316245,-3.2362452,-4.436245,-5.6162453,-6.236245,-8.356245,-5.3262453,-6.006245,-6.336245,-5.526245,-5.926245,-3.276245,-0.30624512,-2.9662452,-2.1862452,0.20375489,-2.576245,-1.0662451,-1.0362451,-0.68624514,-2.606245,-1.3562452,-1.2062451,-1.5762451,-2.046245,-3.4162452,-0.5862451,-1.0862451,-1.9062451,-3.876245,-1.1262451,0.9837549,0.22375488
1.7037549,1.0837549,0.7237549,0.5337549,-1.5062451,-2.6762452,-2.2162452,-3.2462451,-3.316245,-2.7062452,-3.336245,-3.386245,-4.266245,-5.476245,-7.186245,-4.996245,-4.766245,-5.0762453,-5.226245,-6.5962453,-8.196245,-1.0062451,-0.22624512,-1.7762451,-2.4262452,-1.8662452,0.13375488,0.45375487,-0.6762451,-2.2362452,2.7937548,-0.5962451,2.643755,0.36375487,-0.93624514,0.68375486,0.8437549,2.0037549,-1.3962451,-1.9662452,-2.616245
1.3037549,-0.22624512,-1.7962451,-2.356245,-6.0962453,-4.876245,-2.0062451,-3.846245,-4.516245,-2.556245,-4.1362453,-0.2862451,-2.2562451,-3.9462452,-5.166245,-4.3862453,-4.456245,-4.3462453,-4.626245,-3.9262452,-3.0162451,-1.5762451,-0.4362451,-1.0562451,0.5237549,1.1337548,0.4337549,-5.626245,1.4637549,-2.2362452,-3.086245,-3.586245,-0.6562451,-0.4162451,0.3337549,2.603755,0.5137549,-2.4462452,0.103754885,-0.076245114,-0.06624512
2.713755,1.5237548,-0.05624512,-1.2862451,-1.6962451,-1.1462451,-4.916245,-3.6662452,-3.5162451,-0.9862451,-3.2362452,-4.376245,0.13375488,1.8537549,-3.046245,-4.926245,-4.796245,-5.0562453,-4.226245,-3.2662451,-5.186245,-1.7162452,-3.116245,-0.7762451,-1.1062452,-1.9662452,0.9237549,-2.6962452,-2.606245,-0.68624514,-1.7362452,-3.4762452,-3.336245,-2.576245,-1.4762452,-1.0262451,-1.4562451,-1.5162451,2.2637548,0.2737549,0.47375488
-0.5562451,-1.0262451,-1.1062452,-2.4462452,-3.376245,-5.656245,-5.696245,-4.746245,-3.9062452,-3.9962451,-2.396245,-2.9562452,-3.6962452,-4.406245,-5.246245,-5.976245,-4.0362453,-4.836245,-4.926245,-3.7062452,-1.8062451,-4.226245,0.47375488,-1.3162451,-2.076245,-1.0562451,-0.3162451,0.4637549,4.1737547,4.243755,1.8037549,0.45375487,-0.6762451,-1.6462451,0.13375488,0.48375487,0.9637549,1.3137549,-1.2662451,0.8337549,-2.066245
-2.026245,-2.2062452,-3.126245,-3.826245,-4.726245,-6.926245,-6.946245,-5.946245,-4.1162453,-2.9162452,-2.2162452,-1.7862451,-3.4562452,-3.9162452,-5.2862453,-5.926245,-5.196245,-5.3462453,-4.3662453,-5.666245,-1.9862452,-1.8662452,-0.5262451,-3.9762452,-1.8662452,0.48375487,1.0737549,0.7337549,-0.30624512,0.25375488,-1.6162452,0.4037549,0.26375487,2.4837549,-1.3862451,-0.11624512,-0.8662451,0.4037549,0.6037549,-1.0162451,0.5137549
-2.4662452,-2.606245,-4.8062453,-6.5562453,-5.226245,-6.796245,-5.356245,-4.966245,-4.1362453,-1.9562451,-1.7162452,-2.096245,-2.1562452,-4.3062453,-4.256245,-5.0362453,-5.3462453,-5.266245,-5.156245,-5.2862453,-4.996245,-4.086245,-6.0762453,1.9537549,4.1937547,-5.8862453,-0.8362451,1.5537549,0.81375486,0.50375485,0.50375485,-1.6962451,-1.9162451,0.4037549,-0.4062451,0.38375488,2.0137548,-0.8662451,-0.50624514,-1.0362451,-3.4162452
-2.366245,-3.9862452,-3.566245,-4.946245,-5.296245,-5.406245,-4.8862453,-4.396245,-3.316245,-1.9362451,-1.7962451,-1.5762451,-2.5062451,-2.5162451,-3.7062452,-4.0962453,-4.816245,-5.396245,-5.586245,-4.836245,-6.126245,-5.966245,-5.196245,-4.506245,-3.376245,6.063755,-0.23624511,1.7837548,-0.2562451,2.0837548,0.25375488,0.93375486,0.87375486,2.3437548,1.5137548,0.42375487,1.2137549,-0.016245117,0.17375489,1.5637549,1.9637549
-1.1462451,-3.866245,-4.186245,-3.896245,-3.5062451,-4.1362453,-4.1362453,-4.206245,-4.3062453,-2.636245,-1.9162451,-1.7462451,-1.8162451,-2.646245,-4.5562453,-4.026245,-4.456245,-5.146245,-4.896245,-5.016245,-4.436245,-4.466245,-4.916245,-5.546245,-5.146245,-3.296245,0.2737549,0.48375487,-3.4762452,1.8637549,3.3437548,3.0337548,3.0137548,2.703755,2.903755,1.9437549,0.81375486,1.6737549,0.7837549,1.3537549,0.3337549
-1.6262451,-2.556245,-3.396245,-3.626245,-3.786245,-4.0562453,-3.9062452,-3.626245,-3.7262452,-3.1862452,-2.9162452,0.8437549,-0.88624513,-1.6462451,-2.9162452,-3.346245,-3.546245,-3.9062452,-4.776245,-4.156245,-4.796245,-3.4862452,-2.346245,-3.366245,-5.006245,-6.756245,-6.166245,-4.0962453,-0.5462451,1.0137548,3.0637548,4.283755,2.5537548,2.8337548,2.133755,0.9737549,0.5237549,-0.7762451,-0.2562451,-0.48624513,-0.7762451
-1.7662451,-2.6562452,-3.026245,-3.276245,-2.7662451,-2.556245,-3.4262452,-3.556245,-3.5062451,-2.7662451,-2.0162451,-1.6062452,-1.5762451,-0.22624512,-1.7162452,-1.7862451,-2.526245,-2.6662452,-3.036245,-3.056245,-3.2362452,-3.626245,-3.2562451,-3.6762452,-2.366245,-1.1862451,-4.086245,-6.086245,-7.146245,-0.8062451,0.3137549,2.653755,2.8237548,2.853755,2.693755,2.963755,2.373755,1.1537548,1.5337548,0.75375485,-0.5562451
-3.326245,-3.4362452,-3.106245,-3.4062452,-2.856245,-2.9162452,-3.056245,-2.7262452,-2.6562452,-1.8662452,-1.4362451,-1.7262452,-1.0962452,-0.9062451,-1.0762451,-0.87624514,-1.8762451,-1.8562452,-2.2062452,-2.536245,-2.576245,-2.056245,-2.386245,-2.4362452,-2.7062452,-3.366245,-3.816245,-2.786245,-3.4962451,-4.8062453,-2.126245,1.9737549,2.933755,2.923755,2.7737548,3.0737548,2.5837548,2.103755,2.2337549,1.3037549,1.3537549
-1.8162451,-3.0162451,-2.4462452,-2.4662452,-2.2562451,-2.6862452,-2.886245,-2.9862452,-2.4762452,-1.6562451,-0.3162451,-0.4462451,-0.7262451,-1.3762451,-0.9162451,-0.63624513,-0.8962451,-1.3262451,-1.6662451,-1.6562451,-2.7362452,-2.2062452,-2.066245,-2.136245,-1.7462451,-2.4862452,-2.7162452,-2.646245,-2.7262452,-0.81624514,-2.4362452,-3.2362452,3.183755,2.423755,2.953755,3.203755,2.8037548,2.623755,2.2737548,2.0437548,1.5537549
