wind_kz.json
{"header": {"discipline":0,"disciplineName":"Meteorological products","gribEdition":2,"gribLength":948,"center":7,"centerName":"US National Weather Service - NCEP(WMC)","subcenter":0,"refTime":"2023-08-22T18:00:00.000Z","significanceOfRT":1,"significanceOfRTName":"Start of forecast","productStatus":0,"productStatusName":"Operational products","productType":1,"productTypeName":"Forecast products","productDefinitionTemplate":0,"productDefinitionTemplateName":"Analysis/forecast at horizontal level/layer at a point in time","parameterCategory":0,"parameterCategoryName":"UnknownDiscipline_0_Category_0","parameterNumber":0,"parameterNumberName":"UnknownParameter_D0_C0_0","parameterUnit":"Unknown","genProcessType":2,"genProcessTypeName":"Forecast","forecastTime":300,"surface1Type":1,"surface1TypeName":"Ground or water surface","surface1Value":0.0,"surface2Type":255,"surface2TypeName":"Missing","surface2Value":0.0,"gridDefinitionTemplate":0,"gridDefinitionTemplateName":"Latitude_Longitude","numberPoints":615,"shape":6,"shapeName":"Earth spherical with radius of 6,371,229.0 m","gridUnits":"degrees","resolution":48,"winds":"true","scanMode":64,"nx":41,"ny":15,"basicAngle":0,"lo1":47.0,"la1":41.0,"lo2":87.0,"la2":55.0,"dx":1.0,"dy":1.0}, "data":
[rows 0 to 14 of 15, columns 0 to 40 of 41]
305.7,294.30002,299.7,298.60004,298.40002,297.50003,307.40002,311.80002,307.80002,309.10004,308.00003,307.7,306.60004,307.00003,308.2,310.10004,311.7,309.40002,313.00003,312.00003,317.10004,309.90002,308.40002,307.40002,310.40002,305.7,290.40002,279.40002,295.30002,293.00003,289.10004,283.00003,298.60004,319.00003,317.40002,326.7,327.7,325.7,325.10004,325.60004,325.2
289.30002,299.2,298.40002,298.40002,298.30002,297.00003,312.30002,308.60004,306.30002,306.80002,308.10004,307.40002,308.10004,306.50003,309.00003,311.30002,310.10004,312.80002,310.7,313.90002,314.50003,310.50003,308.30002,300.40002,293.40002,288.80002,297.90002,294.90002,295.90002,284.30002,296.7,285.00003,284.60004,272.80002,293.80002,313.10004,310.40002,320.60004,323.80002,314.90002,285.50003
302.50003,298.10004,298.60004,298.50003,297.00003,306.60004,305.30002,307.00003,306.2,306.30002,307.60004,309.30002,308.60004,310.7,309.7,307.30002,311.10004,312.60004,314.7,315.10004,312.60004,309.90002,309.00003,302.10004,308.00003,305.80002,299.40002,291.50003,293.40002,279.90002,282.60004,285.7,283.10004,286.7,287.40002,287.90002,283.60004,292.90002,305.80002,298.50003,297.7
304.80002,299.2,298.80002,297.50003,298.30002,306.00003,306.30002,307.00003,307.30002,307.7,308.30002,306.7,294.7,294.10004,311.00003,311.80002,308.80002,312.00003,313.80002,307.50003,309.2,307.2,308.50003,308.2,308.2,305.90002,307.40002,292.90002,291.00003,291.30002,290.80002,288.2,292.2,293.7,292.60004,288.80002,283.30002,289.00003,286.30002,300.2,313.2
304.50003,298.50003,298.90002,298.30002,301.7,304.7,306.00003,308.10004,307.2,306.2,307.60004,307.30002,294.50003,293.2,291.30002,308.90002,308.80002,305.90002,306.40002,307.10004,308.90002,310.00003,309.50003,308.00003,306.90002,308.10004,305.80002,302.90002,301.50003,296.50003,295.80002,297.40002,279.40002,275.60004,286.80002,290.60004,292.50003,303.50003,309.00003,316.30002,317.10004
305.2,303.90002,296.60004,297.50003,297.80002,297.00003,309.7,306.60004,306.40002,307.2,305.80002,309.60004,296.2,294.10004,300.60004,304.80002,307.80002,306.10004,305.30002,307.10004,307.10004,305.7,306.7,305.60004,306.2,304.7,307.00003,292.50003,304.30002,297.80002,300.2,300.50003,296.80002,292.60004,287.30002,290.80002,284.80002,285.00003,297.7,312.00003,310.60004
305.00003,305.40002,307.2,305.7,303.80002,307.60004,311.40002,306.50003,306.10004,304.60004,306.60004,303.2,303.60004,304.60004,304.60004,303.2,304.60004,304.2,304.90002,303.30002,303.7,304.60004,304.40002,303.30002,299.00003,301.00003,302.30002,305.10004,306.40002,306.7,303.2,301.2,302.7,299.90002,294.60004,295.40002,287.7,284.2,284.2,287.30002,301.7
305.7,305.30002,304.10004,307.2,305.80002,306.80002,309.00003,307.80002,306.50003,305.2,304.2,301.10004,301.90002,300.60004,302.2,302.10004,301.7,303.2,302.10004,300.40002,300.00003,302.30002,302.60004,296.00003,293.30002,285.80002,287.00003,298.10004,296.7,302.30002,302.60004,304.60004,304.00003,300.50003,299.40002,295.90002,297.90002,289.50003,297.30002,304.00003,303.30002
305.40002,304.50003,304.80002,305.60004,304.30002,306.60004,306.90002,305.10004,303.7,302.60004,301.50003,300.50003,299.80002,301.90002,301.10004,302.80002,300.50003,299.60004,299.30002,299.10004,295.60004,298.10004,298.60004,294.2,293.80002,286.50003,283.2,282.2,285.60004,293.40002,297.80002,298.7,301.7,302.30002,301.30002,299.10004,295.30002,291.10004,283.60004,292.60004,293.7
305.00003,303.60004,304.00003,306.2,307.50003,305.80002,304.00003,302.40002,300.80002,300.40002,298.80002,297.50003,298.90002,299.10004,298.80002,298.50003,295.00003,295.7,296.2,293.80002,293.90002,294.50003,295.30002,294.7,294.90002,291.2,285.60004,284.2,282.50003,282.40002,293.60004,299.50003,302.60004,303.40002,302.90002,301.60004,293.2,285.7,285.40002,292.30002,293.10004
305.10004,305.2,303.90002,303.10004,302.80002,302.2,301.90002,300.80002,299.40002,298.50003,296.40002,296.00003,297.00003,289.50003,290.40002,287.40002,286.00003,287.40002,287.30002,285.7,291.60004,290.50003,293.60004,292.60004,290.7,291.80002,290.50003,292.50003,287.50003,286.40002,287.2,291.10004,299.50003,299.10004,299.7,298.60004,288.7,289.80002,287.10004,293.40002,294.90002
304.30002,302.90002,302.80002,302.00003,301.10004,300.10004,298.30002,297.90002,298.00003,295.90002,289.2,289.7,287.80002,285.10004,284.7,284.40002,287.2,289.90002,285.40002,283.80002,284.10004,284.40002,284.80002,291.00003,289.50003,292.7,294.10004,293.50003,292.40002,292.10004,287.7,287.10004,290.7,297.2,296.40002,298.2,297.7,295.7,291.60004,292.30002,297.90002
297.90002,300.2,301.40002,300.90002,298.80002,296.7,297.90002,297.90002,292.40002,294.00003,286.2,286.90002,288.60004,291.7,291.7,289.90002,289.60004,287.2,287.60004,284.10004,283.60004,282.60004,282.80002,288.30002,289.40002,291.50003,293.50003,294.00003,292.60004,292.90002,287.00003,288.10004,288.7,295.80002,297.7,296.50003,296.90002,297.10004,292.40002,292.40002,294.90002
299.00003,299.80002,294.40002,299.30002,298.10004,297.30002,292.7,291.60004,292.80002,291.80002,285.30002,283.10004,286.90002,286.00003,289.40002,287.7,288.50003,286.00003,289.00003,286.2,285.7,284.30002,283.90002,286.50003,290.90002,291.60004,285.80002,287.60004,291.50003,294.00003,290.00003,286.00003,287.80002,291.80002,295.00003,295.7,296.40002,297.50003,296.90002,293.00003,293.00003
294.90002,298.60004,290.30002,296.40002,292.40002,290.60004,289.10004,292.60004,289.90002,290.2,286.2,284.90002,280.7,284.10004,286.60004,287.00003,286.50003,287.60004,285.60004,285.90002,284.40002,283.90002,283.80002,283.80002,285.90002,289.30002,287.90002,285.50003,287.7,284.10004,284.10004,284.80002,288.10004,289.10004,294.50003,294.60004,296.10004,297.60004,299.10004,297.50003,294.90002
