wind.json
{"header": {"discipline":0,"disciplineName":"Meteorological products","gribEdition":2,"gribLength":1125,"center":7,"centerName":"US National Weather Service - NCEP(WMC)","subcenter":0,"refTime":"2023-06-27T18:00:00.000Z","significanceOfRT":1,"significanceOfRTName":"Start of forecast","productStatus":0,"productStatusName":"Operational products","productType":1,"productTypeName":"Forecast products","productDefinitionTemplate":0,"productDefinitionTemplateName":"Analysis/forecast at horizontal level/layer at a point in time","parameterCategory":2,"parameterCategoryName":"UnknownDiscipline_0_Category_2","parameterNumber":3,"parameterNumberName":"UnknownParameter_D0_C2_3","parameterUnit":"Unknown","genProcessType":2,"genProcessTypeName":"Forecast","forecastTime":60,"surface1Type":103,"surface1TypeName":"Specified height level above ground","surface1Value":10.0,"surface2Type":255,"surface2TypeName":"Missing","surface2Value":0.0,"gridDefinitionTemplate":0,"gridDefinitionTemplateName":"Latitude_Longitude","numberPoints":688,"shape":6,"shapeName":"Earth spherical with radius of 6,371,229.0 m","gridUnits":"degrees","resolution":48,"winds":"true","scanMode":64,"nx":43,"ny":16,"basicAngle":0,"lo1":45.0,"la1":40.0,"lo2":87.0,"la2":55.0,"dx":1.0,"dy":1.0}, "data":
[rows 0 to 15 of 16, columns 0 to 42 of 43]
1.9867651,-0.11323486,1.1267651,-1.7932348,-0.90323484,-3.5432348,-5.673235,-3.403235,-0.8532349,2.306765,-0.7932349,3.4167652,8.196765,5.446765,3.2267652,0.99676514,-1.1332349,-2.883235,-4.533235,-6.483235,-8.503235,-2.233235,-2.7432349,-3.883235,-2.7732348,-2.443235,-2.893235,-4.1632347,-3.9932349,0.7567651,1.1667651,4.576765,2.4467652,3.566765,-0.8532349,0.17676514,0.026765136,0.24676514,-0.87323487,-1.3132348,-0.31323487,1.7367651,0.91676515
-1.4932349,-4.003235,-0.21323486,2.826765,-3.653235,-7.093235,-6.503235,-2.943235,1.7767651,3.326765,2.026765,6.536765,7.5267653,5.416765,3.7167652,1.8167652,-0.7232349,-2.483235,-5.563235,-4.343235,-4.253235,-4.153235,-5.213235,-5.213235,0.54676515,1.9067651,3.106765,2.016765,0.53676516,0.8867651,-2.0432348,-3.2432349,-0.32323486,3.1767652,-1.2632349,0.8267651,-0.22323486,-0.023234863,0.16676514,0.22676514,0.5867651,0.7667651,0.8267651
0.17676514,2.1367652,0.0067651365,-2.203235,-7.903235,-7.293235,-7.1432347,-5.863235,5.926765,6.806765,6.3767653,9.486765,7.0867653,5.206765,4.416765,2.596765,-0.23323487,-2.2432349,-3.3732347,-3.943235,-4.073235,-5.233235,-6.8732347,-7.323235,-3.723235,0.36676514,3.7167652,3.816765,3.4667652,2.776765,-0.9132349,2.1967652,-1.9232348,-0.033234864,0.62676513,-1.9732349,3.6267653,4.116765,1.4267651,0.6367651,2.296765,0.91676515,-0.013234863
-0.42323485,0.19676514,-3.963235,-7.4132347,-6.753235,-7.653235,-8.223235,-2.633235,3.4167652,5.226765,8.626765,11.536765,8.736765,7.406765,5.2767653,3.2367651,0.85676515,-2.3432348,-4.103235,-3.5932348,-4.103235,-5.673235,-6.7432346,-4.7432346,-7.733235,-2.633235,-3.5232348,-2.6032348,-2.733235,-3.423235,-0.6832349,-3.3532348,-2.413235,0.96676517,-2.7832348,1.7767651,1.4667652,-2.3032348,-3.8632348,0.08676514,-3.223235,1.7867651,0.61676514
-4.423235,-6.303235,-4.803235,-1.9332348,-4.443235,-6.813235,-6.003235,-2.5332348,-0.57323486,8.236765,10.766766,8.766766,7.916765,6.966765,0.97676516,1.7567651,1.9667652,-1.2832348,-3.5532348,-2.973235,-4.023235,-4.383235,-6.2432346,-5.653235,-1.6132349,-4.083235,-4.253235,-4.043235,-3.3732347,-3.193235,-3.1032348,-4.693235,-3.203235,1.7767651,0.23676513,1.2867651,0.25676513,0.7567651,3.0067651,2.106765,-2.643235,-1.4032348,-3.143235
-2.973235,-6.283235,-3.5332348,-4.653235,-5.263235,-6.673235,-7.4332347,-1.7532349,1.4167651,7.2767653,6.636765,6.736765,5.386765,5.926765,4.676765,2.9067652,1.6067652,-0.34323487,-1.0332348,-1.1332349,-2.3732347,-1.1532348,-1.6232349,-1.8532349,-1.2932348,-2.163235,-1.5232348,-1.2832348,-2.893235,-3.3332348,-2.2632349,-3.2732348,-5.043235,-6.213235,-1.0532348,-1.7432349,1.1667651,1.2367651,1.9667652,1.9067651,-0.20323487,-1.2532349,0.5067651
-2.5432348,0.06676514,-4.593235,-7.383235,-2.5932348,-3.643235,-5.173235,-5.923235,1.7467651,2.2467651,3.356765,2.8967652,3.356765,5.696765,5.2767653,2.576765,2.2267652,1.1367651,0.0067651365,2.026765,-0.9832349,-0.50323486,0.93676513,-0.43323487,-2.233235,-0.7232349,1.6367651,-0.9932349,-1.7032349,-4.103235,-3.3032348,-3.3332348,-3.0732348,-4.4132347,-4.263235,-4.9332347,-3.903235,-1.9932349,-3.713235,-3.453235,-1.2332349,1.2267652,2.7567651
-1.6832348,-1.5232348,-0.08323486,-3.653235,-1.5132349,0.97676516,-0.47323486,-1.8632349,-1.8632349,-0.84323484,3.1367652,3.1367652,4.386765,5.886765,6.5867653,6.246765,4.806765,2.2567651,1.2767651,0.20676513,1.5367651,0.40676513,-0.29323485,-1.1832348,-1.2132349,-1.7732348,0.31676513,-0.63323486,-0.6732349,-2.413235,-2.413235,-3.0032349,-3.183235,-3.0432348,-3.5832348,-2.923235,-0.37323487,0.12676513,2.8767653,-0.90323484,-1.8832349,0.9567651,3.836765
-1.2932348,-2.0632348,1.2667651,-3.3532348,2.086765,2.5067651,0.28676513,0.99676514,1.6467651,2.9167652,3.266765,4.346765,5.996765,5.8567653,5.576765,4.396765,3.576765,2.866765,0.5267651,-0.52323484,1.8367652,2.2567651,1.1567651,-1.4132348,-2.223235,-0.12323486,-2.5032349,-2.4932349,-0.35323486,-0.20323487,-1.5832349,-1.2432349,-4.213235,-2.3432348,-2.0532348,-2.963235,-2.3432348,-2.0132349,-1.9532349,-1.3332349,-1.0132349,-0.9732349,0.18676513
0.046765137,-1.6632348,1.2467651,-0.15323487,0.19676514,2.4367652,1.0967652,1.2967651,1.2967651,1.7867651,3.856765,5.3767653,6.0467653,5.8567653,5.396765,3.9467652,3.616765,2.2067652,1.6667651,-0.53323483,0.7567651,1.7367651,-0.12323486,-0.22323486,-1.7932348,-3.733235,-2.703235,-3.1132348,-1.2132349,-2.7732348,-3.643235,-4.9932346,-3.2532349,-2.7432349,-1.9632349,0.5167651,-1.1032349,-2.2732348,-1.8532349,-3.383235,-1.9132348,-0.18323487,2.856765
0.38676512,-1.1732348,1.5467651,1.6167651,2.4967651,3.536765,2.6367652,1.2767651,2.316765,2.806765,4.036765,5.486765,5.8567653,5.0867653,4.406765,3.4567652,3.026765,1.8867651,0.34676513,-0.24323486,-0.08323486,1.2267652,-0.14323486,-1.2432349,-1.9332348,-4.543235,-2.3232348,-1.9832349,-3.7732348,-4.4532347,-3.4932349,-1.3532349,-1.0132349,-1.5032349,0.28676513,1.8267652,1.4967651,-0.42323485,-0.6032349,2.9367652,1.3067651,-2.463235,-1.9832349
1.4767652,-0.57323486,3.1267653,3.276765,1.5367651,3.7367651,3.6567652,4.3367653,4.016765,3.9067652,4.866765,4.956765,4.176765,3.836765,3.076765,3.116765,2.9867651,1.4167651,1.3867651,0.20676513,-0.89323485,-1.8532349,-2.3432348,-2.1032348,-2.7632349,-3.453235,-4.173235,-3.433235,-3.693235,-3.0832348,-1.1632348,-2.983235,-2.5832348,-1.2232349,0.046765137,1.0167651,1.7967651,3.546765,1.6267651,-0.50323486,-0.41323486,0.42676514,-0.75323486
3.0067651,1.4267651,4.176765,6.7767653,2.7067652,3.056765,5.386765,5.936765,5.7567654,5.5267653,4.6267653,4.406765,3.566765,2.8867652,2.4467652,1.8767651,1.9867651,1.2567651,0.026765136,-0.71323484,-1.2932348,-1.7932348,-1.7732348,-2.443235,-2.5932348,-2.7432349,-3.213235,-2.223235,-3.1132348,-4.573235,-6.4932346,-4.613235,-2.883235,-0.07323486,0.8167651,1.4967651,0.87676513,2.3767653,3.9567652,2.4367652,0.9567651,-0.9332349,0.026765136
2.8767653,2.606765,3.4367652,1.9067651,3.796765,4.866765,5.846765,4.916765,6.3367653,5.636765,6.636765,4.0067654,3.2167652,3.276765,1.8967651,2.1267653,1.0167651,0.25676513,-1.4532349,-2.1232347,-2.383235,-1.8432349,-2.0432348,-2.233235,-2.7532349,-3.143235,-4.423235,-4.213235,-4.333235,-3.0732348,-0.053234864,0.8967651,-0.6832349,-1.7432349,-3.2432349,-2.1032348,-0.64323485,-2.3032348,3.066765,4.266765,5.186765,3.4967651,1.5867652
2.1767652,1.7667651,3.796765,4.396765,6.206765,6.646765,5.936765,5.596765,5.416765,5.556765,4.396765,4.666765,2.6967652,2.1667652,1.9067651,2.6867652,0.80676514,-0.47323486,-1.5332348,-2.163235,-1.6932349,-2.193235,-1.9532349,-2.2432349,-2.7432349,-3.6132348,-4.3732347,-4.4932346,-4.713235,-4.693235,-4.153235,-3.0632348,-1.5632348,0.54676515,0.8867651,1.4167651,0.49676514,2.1667652,3.1667652,3.5067651,3.266765,4.076765,3.4067652
1.0067651,1.1967652,1.0867652,4.536765,4.5667653,6.5667653,6.926765,5.906765,5.866765,4.886765,3.9967651,3.4467652,2.296765,2.326765,1.5167651,2.606765,1.4667652,0.48676515,-0.13323486,-1.1132349,-1.3532349,-1.3132348,-2.143235,-2.5932348,-3.0132349,-3.433235,-4.113235,-4.093235,-4.443235,-4.193235,-3.5132349,-3.693235,-2.9932349,0.09676514,-1.2832348,1.5567651,2.7367651,0.7667651,4.5467653,5.3767653,4.426765,6.576765,3.9267652
