wind_kz.json
{"header": {"discipline":0,"disciplineName":"Meteorological products","gribEdition":2,"gribLength":1025,"center":7,"centerName":"US National Weather Service - NCEP(WMC)","subcenter":0,"refTime":"2023-08-28T00:00:00.000Z","significanceOfRT":1,"significanceOfRTName":"Start of forecast","productStatus":0,"productStatusName":"Operational products","productType":1,"productTypeName":"Forecast products","productDefinitionTemplate":0,"productDefinitionTemplateName":"Analysis/forecast at horizontal level/layer at a point in time","parameterCategory":2,"parameterCategoryName":"UnknownDiscipline_0_Category_2","parameterNumber":2,"parameterNumberName":"UnknownParameter_D0_C2_2","parameterUnit":"Unknown","genProcessType":2,"genProcessTypeName":"Forecast","forecastTime":0,"surface1Type":103,"surface1TypeName":"Specified height level above ground","surface1Value":10.0,"surface2Type":255,"surface2TypeName":"Missing","surface2Value":0.0,"gridDefinitionTemplate":0,"gridDefinitionTemplateName":"Latitude_Longitude","numberPoints":615,"shape":6,"shapeName":"Earth spherical with radius of 6,371,229.0 m","gridUnits":"degrees","resolution":48,"winds":"true","scanMode":64,"nx":41,"ny":15,"basicAngle":0,"lo1":47.0,"la1":41.0,"lo2":87.0,"la2":55.0,"dx":1.0,"dy":1.0}, "data":
[rows 0 to 14 of 15, columns 0 to 40 of 41]
-2.513164,-0.75316405,1.3968359,1.3868359,-1.003164,-1.803164,-0.76316404,2.6268358,-0.9131641,-0.6631641,-1.133164,-0.93316406,-1.8631641,-2.213164,-2.4131641,-1.623164,-0.45316407,1.096836,-1.1931641,1.206836,1.7668359,1.2968359,-2.333164,-0.5431641,-2.333164,-2.033164,1.6568359,2.306836,-0.39316407,-0.49316406,2.176836,1.1768359,1.5468359,1.476836,-2.023164,-2.6531641,-2.493164,-2.943164,-0.74316406,-2.953164,-3.853164
1.456836,0.91683596,-2.8931642,-0.87316406,-2.833164,-2.353164,0.37683594,-0.82316405,0.92683595,0.62683594,-0.61316407,0.07683594,-1.1931641,-1.403164,0.99683595,2.526836,2.806836,2.736836,1.826836,2.956836,2.8268359,1.076836,0.8468359,-0.62316406,0.9668359,0.31683594,-0.5431641,0.62683594,2.396836,-0.63316405,-1.763164,-0.39316407,1.456836,-2.033164,0.28683594,-0.33316407,-2.283164,1.2868359,-0.89316404,1.1868359,-1.5931641
0.0068359375,-3.343164,-2.1831641,-2.323164,-1.4931641,-0.7931641,-0.6531641,-0.42316407,-1.2231641,0.47683594,2.3468359,1.0568359,0.7068359,2.976836,3.6268358,4.236836,4.056836,4.446836,4.296836,4.076836,4.036836,2.666836,3.036836,2.656836,2.166836,1.1468359,3.146836,2.796836,-0.46316406,-1.643164,-0.043164063,-0.043164063,-0.9131641,2.046836,-0.043164063,-1.5731641,-0.92316407,-1.4931641,2.396836,-0.93316406,-0.9131641
-2.023164,-0.80316406,-0.03316406,-0.6531641,-1.1831641,0.7068359,0.8368359,1.986836,2.256836,2.3768358,2.186836,1.496836,4.086836,4.276836,3.236836,4.126836,4.616836,4.426836,4.376836,4.526836,3.746836,1.7768359,3.746836,4.4768357,3.686836,2.236836,4.046836,0.57683593,6.176836,2.3168359,1.956836,0.7768359,6.166836,7.4768357,4.946836,2.286836,0.18683594,0.73683596,0.07683594,-0.29316407,1.856836
1.976836,1.9268359,2.8568358,3.946836,4.406836,1.876836,1.5368359,2.016836,3.486836,2.6268358,2.946836,2.686836,3.706836,4.886836,4.776836,3.526836,4.146836,3.3668358,2.976836,3.636836,4.2468357,7.066836,6.816836,3.8768358,4.586836,3.776836,2.8468359,3.996836,3.3768358,3.286836,3.046836,-1.1031641,1.5268359,0.9568359,0.67683595,4.566836,11.006836,2.3368359,4.636836,4.036836,1.586836
3.526836,3.456836,7.136836,8.156836,9.186836,8.376836,5.676836,2.746836,3.156836,3.706836,3.8368359,3.036836,4.446836,6.116836,4.936836,3.166836,4.356836,3.8568358,4.426836,5.646836,4.316836,6.356836,5.786836,3.246836,5.596836,4.946836,5.896836,8.226836,3.3268359,4.756836,3.906836,3.456836,7.636836,6.866836,3.726836,5.416836,3.8268359,4.266836,14.686836,0.7168359,-4.013164
5.506836,5.666836,6.776836,7.676836,8.546836,8.426836,6.816836,7.716836,5.086836,5.486836,4.566836,3.186836,3.236836,4.066836,3.516836,3.886836,4.336836,4.646836,4.666836,6.346836,4.926836,3.3368359,5.236836,7.166836,5.096836,5.306836,5.626836,3.386836,3.386836,3.6068358,4.686836,5.066836,5.906836,5.256836,6.626836,5.886836,-0.75316405,-0.5931641,1.9368359,-1.033164,0.29683593
5.9768357,5.316836,6.696836,6.4568357,7.156836,3.946836,6.4768357,7.046836,5.926836,4.9568357,5.286836,4.796836,3.756836,3.296836,4.416836,3.8268359,4.626836,3.646836,3.506836,5.156836,5.436836,4.096836,3.786836,3.936836,4.196836,1.2868359,0.8468359,1.116836,3.666836,3.786836,4.946836,6.446836,3.3368359,4.7068357,1.6768359,8.456836,10.406836,7.4968357,4.386836,1.2668359,-2.1431642
1.1568359,2.6068358,3.406836,3.556836,3.056836,4.856836,2.986836,4.806836,6.696836,6.296836,5.286836,1.736836,2.6168358,5.276836,5.4568357,3.946836,4.346836,3.1168358,3.886836,3.516836,3.1168358,5.526836,5.626836,4.946836,2.6168358,1.346836,1.626836,0.98683596,3.146836,3.0668359,4.556836,5.486836,6.596836,3.416836,4.276836,4.7468357,4.376836,-1.4931641,-0.083164066,-0.45316407,-2.943164
2.246836,2.716836,3.526836,3.496836,3.686836,3.6268358,3.406836,3.716836,3.506836,2.8268359,2.1168358,3.656836,1.376836,7.086836,2.8568358,4.426836,3.3468359,3.0968359,3.216836,3.5768359,3.956836,4.2068357,6.526836,6.106836,3.206836,1.346836,2.466836,2.3468359,2.486836,2.206836,2.516836,3.726836,3.706836,3.706836,4.086836,0.79683596,1.076836,0.10683594,-1.263164,-0.44316405,-1.403164
1.6568359,2.176836,2.546836,2.716836,3.216836,4.716836,5.536836,6.576836,5.586836,4.776836,3.3568358,2.8668358,2.756836,4.116836,2.926836,3.456836,2.746836,3.056836,2.676836,2.3168359,4.276836,2.266836,5.266836,5.056836,5.166836,2.5668359,1.5068359,2.3768358,2.706836,2.496836,2.546836,3.0668359,2.3468359,1.326836,2.1168358,-1.7131641,-0.9831641,0.60683596,-1.1931641,0.5368359,-1.413164
1.326836,2.6168358,2.476836,2.6068358,2.476836,2.456836,3.226836,3.0868359,3.716836,2.6168358,1.1668359,2.526836,3.026836,3.746836,2.6268358,3.186836,2.186836,2.396836,1.2868359,1.946836,2.886836,1.966836,3.526836,0.9668359,-0.013164062,1.866836,2.8768358,1.1868359,3.476836,1.716836,1.196836,2.806836,1.206836,0.8968359,0.92683595,-0.28316405,0.8468359,0.25683594,0.8468359,-0.7231641,-1.283164
2.0668359,3.036836,2.886836,3.146836,2.716836,2.0968359,2.196836,2.426836,4.486836,6.386836,2.8368359,1.876836,1.586836,1.626836,1.956836,1.966836,0.48683593,1.8068359,-0.15316406,2.0868359,1.8868359,1.246836,2.276836,1.5268359,2.0968359,1.946836,1.1768359,0.05683594,-1.553164,-1.263164,1.3968359,-2.493164,1.0368359,-0.10316406,-2.313164,-2.203164,-2.713164,-1.7031641,-3.453164,-1.4431641,-2.253164
1.9068359,2.6168358,2.3468359,2.666836,3.046836,3.6168358,4.156836,4.766836,4.286836,5.776836,1.696836,-1.263164,-0.16316406,0.87683594,1.4368359,1.236836,0.16683593,1.096836,0.26683593,-0.42316407,1.3168359,0.30683595,2.0968359,0.23683594,0.79683596,-0.41316405,-2.083164,-3.3731642,-2.223164,-1.3631641,-1.8531641,-2.283164,-0.36316407,-1.7231641,-2.1531641,-2.313164,-1.8531641,-2.733164,-3.1231642,-2.353164,-1.4331641
1.596836,2.716836,4.856836,3.216836,3.886836,4.2068357,4.716836,4.886836,4.056836,1.8968359,1.6868359,-1.3531641,-1.4431641,0.32683593,0.15683594,-1.2131641,-0.77316403,-0.35316408,-0.31316406,0.8968359,-1.053164,-1.373164,-0.9031641,-0.88316405,-0.8431641,-1.913164,-2.343164,-1.2431641,-2.533164,-2.8831642,-3.553164,-3.3931642,-2.843164,-3.073164,-2.303164,-2.743164,-1.9831641,-2.503164,-2.703164,-2.063164,-0.7931641
