wind_kz.json
{"header": {"discipline":0,"disciplineName":"Meteorological products","gribEdition":2,"gribLength":1025,"center":7,"centerName":"US National Weather Service - NCEP(WMC)","subcenter":0,"refTime":"2023-08-27T00:00:00.000Z","significanceOfRT":1,"significanceOfRTName":"Start of forecast","productStatus":0,"productStatusName":"Operational products","productType":1,"productTypeName":"Forecast products","productDefinitionTemplate":0,"productDefinitionTemplateName":"Analysis/forecast at horizontal level/layer at a point in time","parameterCategory":2,"parameterCategoryName":"UnknownDiscipline_0_Category_2","parameterNumber":3,"parameterNumberName":"UnknownParameter_D0_C2_3","parameterUnit":"Unknown","genProcessType":2,"genProcessTypeName":"Forecast","forecastTime":120,"surface1Type":103,"surface1TypeName":"Specified height level above ground","surface1Value":10.0,"surface2Type":255,"surface2TypeName":"Missing","surface2Value":0.0,"gridDefinitionTemplate":0,"gridDefinitionTemplateName":"Latitude_Longitude","numberPoints":615,"shape":6,"shapeName":"Earth spherical with radius of 6,371,229.0 m","gridUnits":"degrees","resolution":48,"winds":"true","scanMode":64,"nx":41,"ny":15,"basicAngle":0,"lo1":47.0,"la1":41.0,"lo2":87.0,"la2":55.0,"dx":1.0,"dy":1.0}, "data":
[rows 0 to 14 of 15, columns 0 to 40 of 41]
1.0624951,-1.1875049,0.22249512,-3.037505,-3.787505,-5.297505,-3.047505,-0.10750488,0.23249511,0.11249512,-0.3975049,-0.7875049,-0.5475049,-0.5675049,-1.4575049,-2.1775048,-3.457505,-2.477505,-3.8675048,-1.3375049,-2.6875048,0.042495117,-1.8775048,0.3724951,-0.6075049,-0.84750485,-0.03750488,0.9924951,0.90249515,3.1724951,-1.7275048,0.122495115,0.60249513,-1.7775049,-1.1475049,-0.17750488,-0.0075048828,0.6424951,-0.71750486,-0.047504883,1.8424951
2.1324952,1.5424951,-0.26750487,-1.8175049,-3.6775048,-1.8575048,-2.297505,-1.5675049,-0.3075049,1.1124951,1.1024951,1.2424951,2.252495,2.4024951,-1.2275048,-1.5275049,-1.6075048,0.3424951,-2.517505,-4.187505,-3.8575048,-1.4375049,0.39249513,2.262495,1.8824952,2.052495,-0.59750485,3.1724951,-0.15750489,2.6624951,5.892495,6.782495,1.0324951,1.8224951,0.49249512,-1.2975049,0.07249512,-2.6175048,-1.2875049,-2.8275049,1.6924951
2.4224951,2.742495,0.05249512,-1.8975049,-3.217505,-2.9375048,-3.757505,-3.8475049,-2.777505,-2.1875048,-1.9675049,-1.2875049,2.3824952,2.1324952,1.1924951,-0.34750488,-1.3475049,-1.9875048,-2.217505,-2.237505,-2.457505,-3.287505,2.1324952,1.4224951,0.9424951,0.46249512,0.4124951,1.5024952,0.7724951,0.23249511,4.722495,2.442495,0.5024951,-0.8075049,-0.89750487,1.9124951,3.792495,0.23249511,0.90249515,0.3724951,2.292495
0.79249513,0.72249514,-1.3275049,-2.3475049,-2.5775049,-1.9775048,-2.3775048,-3.317505,-2.987505,-2.067505,-0.5575049,0.46249512,2.272495,1.0524951,0.85249513,-0.4675049,-1.0575049,-1.3575048,-1.4675049,-1.6175048,-0.96750486,0.24249512,0.2824951,0.15249512,-0.84750485,-1.6875049,0.9524951,-1.5175049,-0.8075049,-1.8475049,-3.007505,-3.0975049,1.0724951,-0.17750488,0.90249515,-2.6675048,-0.06750488,2.682495,1.7524952,-0.84750485,-0.017504882
0.39249513,0.11249512,-1.2575049,-2.5875049,-2.3575048,-2.707505,-3.047505,-0.7375049,-1.2075049,-2.6475048,-1.1975049,-1.1975049,-1.6175048,-0.7475049,-0.45750487,-0.4075049,-0.34750488,-0.8675049,-0.047504883,0.19249512,1.8724952,1.4324951,0.59249514,1.4424951,1.0524951,-0.16750488,0.07249512,0.23249511,1.0824951,-1.6375049,-1.2075049,0.8024951,0.9924951,3.982495,-1.8575048,-1.8675048,-5.777505,1.7024951,1.0824951,0.40249512,-1.0975049
0.3424951,-1.1275048,-3.8875048,-4.617505,-3.4375048,-4.067505,-3.0875049,-3.1775048,-2.297505,-2.007505,-2.8575048,-2.4375048,-4.067505,-3.717505,-3.3675048,-1.4975048,-0.65750486,-2.247505,-3.707505,-2.467505,-2.237505,-0.20750488,3.3824952,2.532495,2.192495,2.732495,2.6624951,1.3824952,2.502495,1.3424951,-1.5275049,2.3624952,2.6324952,0.10249512,1.3224951,-1.4675049,-0.4975049,-0.77750486,0.43249512,-1.7475048,-3.797505
-0.32750487,-1.0875049,-1.9975048,-2.8775048,-3.467505,-3.3675048,-2.8875048,-3.057505,-1.4675049,-2.447505,-3.017505,-1.9075049,-2.4175048,-1.6075048,-1.2575049,0.9824951,-0.25750488,-1.3175049,-2.8675048,-2.817505,-2.0975049,-1.6375049,-0.027504884,0.6924951,1.6524951,2.9124951,4.352495,2.9224951,3.252495,3.4024951,2.282495,2.452495,2.3124952,0.9824951,-1.4875048,-1.4975048,-1.4375049,-2.3975048,1.2524952,0.5124951,-2.4275048
-0.047504883,-1.3875049,-2.6075048,-3.4075048,-3.1475048,-3.447505,-3.217505,-2.447505,-2.8875048,-3.227505,-3.197505,-2.8875048,-2.557505,-3.1275048,-1.5375049,0.9424951,0.6724951,0.6224951,0.3824951,-1.4475049,-2.567505,-1.7175049,0.7624951,1.8524951,0.3424951,2.722495,3.8324952,4.242495,3.292495,3.232495,4.5024953,3.8624952,3.222495,2.3324952,2.292495,1.8924952,-3.1175048,-2.767505,1.6324952,1.5024952,-1.5575049
-0.17750488,-2.197505,-2.997505,-3.3575048,-3.777505,-3.707505,-3.007505,-3.4075048,-3.067505,-2.777505,-3.477505,-3.0975049,-3.5975049,-3.227505,-3.197505,-1.5075049,0.29249513,1.1624951,0.7124951,0.7524951,0.7424951,-0.8675049,-2.037505,0.39249513,2.302495,3.8324952,2.6424952,4.092495,3.962495,3.252495,3.182495,4.742495,5.2724953,4.102495,3.4124951,2.3824952,-1.8275049,-0.34750488,0.122495115,0.7724951,-0.26750487
-1.0475049,-2.807505,-3.0975049,-2.717505,-3.4075048,-3.5975049,-3.3675048,-3.3375049,-2.807505,-2.0775049,-3.1175048,-2.317505,-1.5975049,-3.557505,-3.447505,-2.3775048,-0.89750487,0.09249511,1.4324951,1.2924951,1.5724951,0.7024951,0.6824951,-0.32750487,1.5824951,3.1024952,4.622495,4.132495,4.9824953,3.3324952,3.962495,3.182495,4.0224953,3.742495,3.8724952,2.992495,1.3524951,-1.2375048,0.8924951,4.822495,3.482495
-0.35750487,-2.6775048,-3.307505,-3.457505,-3.3975048,-3.297505,-3.517505,-3.0975049,-2.707505,-3.1675048,-1.7875049,-2.457505,-3.5875049,-3.007505,-3.497505,-3.067505,-2.1775048,-1.8575048,-0.25750488,0.9624951,1.5124952,0.84249514,0.23249511,1.1624951,1.3524951,3.242495,3.9224951,4.552495,3.1524951,2.8524952,4.592495,3.532495,3.512495,2.8624952,2.012495,1.2624952,1.7124951,2.702495,2.3924952,1.6524951,0.59249514
-0.89750487,-1.7775049,-3.287505,-3.567505,-3.237505,-3.197505,-2.967505,-2.3375049,-3.0775049,-2.1875048,-0.77750486,-3.527505,-4.107505,-5.327505,-6.0175047,-3.947505,-3.037505,-2.977505,-0.89750487,-0.5075049,1.2624952,1.2524952,1.6824951,2.482495,2.3124952,2.8924952,4.2724953,3.792495,6.392495,5.912495,3.942495,5.1924953,3.1224952,3.182495,2.1124952,1.2924951,0.85249513,0.8924951,0.40249512,0.8224951,0.26249513
-0.64750487,-0.95750487,-2.3675048,-2.197505,-2.8375049,-2.1875048,-3.1375048,-2.537505,-3.517505,-2.317505,-0.6975049,-2.8675048,-2.8975048,-5.487505,-6.187505,-4.927505,-4.087505,-2.3875048,-1.2375048,-0.7575049,0.59249514,2.0824952,3.3124952,3.8824952,4.082495,4.432495,4.862495,3.8224952,4.972495,4.1924953,4.682495,4.972495,4.2324953,4.182495,3.6224952,2.962495,1.1824951,-0.9475049,-1.9975048,0.6224951,-0.32750487
-0.07750488,-0.48750487,-1.9875048,-2.0975049,-1.9975048,-2.017505,-2.4375048,-2.707505,-2.8575048,-3.9275048,-0.4075049,-0.31750488,-6.077505,-6.167505,-6.147505,-5.9775047,-5.317505,-3.5975049,-2.037505,-0.41750488,0.65249515,1.8524951,4.142495,5.4624953,6.472495,6.0224953,6.102495,5.822495,5.382495,5.202495,4.362495,4.532495,5.4824953,5.312495,3.4124951,2.932495,1.5324951,-0.14750488,-0.84750485,1.2624952,2.472495
0.40249512,-0.5775049,-0.7975049,-0.5775049,-1.7475048,-1.6175048,-1.1975049,-1.4475049,-3.047505,-2.487505,-1.1575049,0.22249512,-2.027505,-3.8675048,-6.917505,-7.467505,-8.017505,-6.7275047,-5.527505,-4.197505,-2.987505,-1.6975049,3.232495,7.622495,8.252495,8.502495,8.572495,7.702495,7.052495,7.0424953,7.7524953,7.202495,4.432495,4.662495,3.712495,3.552495,2.3924952,2.3724952,1.1124951,1.3024951,0.19249512
