wind.json
{"header": {"discipline":0,"disciplineName":"Meteorological products","gribEdition":2,"gribLength":1125,"center":7,"centerName":"US National Weather Service - NCEP(WMC)","subcenter":0,"refTime":"2023-06-30T12:00:00.000Z","significanceOfRT":1,"significanceOfRTName":"Start of forecast","productStatus":0,"productStatusName":"Operational products","productType":1,"productTypeName":"Forecast products","productDefinitionTemplate":0,"productDefinitionTemplateName":"Analysis/forecast at horizontal level/layer at a point in time","parameterCategory":2,"parameterCategoryName":"UnknownDiscipline_0_Category_2","parameterNumber":2,"parameterNumberName":"UnknownParameter_D0_C2_2","parameterUnit":"Unknown","genProcessType":2,"genProcessTypeName":"Forecast","forecastTime":180,"surface1Type":103,"surface1TypeName":"Specified height level above ground","surface1Value":10.0,"surface2Type":255,"surface2TypeName":"Missing","surface2Value":0.0,"gridDefinitionTemplate":0,"gridDefinitionTemplateName":"Latitude_Longitude","numberPoints":688,"shape":6,"shapeName":"Earth spherical with radius of 6,371,229.0 m","gridUnits":"degrees","resolution":48,"winds":"true","scanMode":64,"nx":43,"ny":16,"basicAngle":0,"lo1":45.0,"la1":40.0,"lo2":87.0,"la2":55.0,"dx":1.0,"dy":1.0}, "data":
[rows 0 to 15 of 16, columns 0 to 42 of 43]
-4.0430493,0.5069507,1.6469507,0.47695068,-0.13304931,-0.98304933,1.4869506,3.5169506,1.0669507,-3.1330492,-3.4930494,-0.013049317,-3.6830492,-3.6830492,-3.4830494,-3.1930494,0.25695068,-0.8330493,-0.20304932,-1.7930493,-1.1230493,-0.72304934,-1.3930494,1.3969507,0.7469507,0.13695069,-0.46304932,-0.12304932,0.17695068,0.8169507,1.3769507,0.82695067,-0.6830493,-3.1330492,-0.06304932,-3.9930494,-4.1430492,-3.5430493,-3.9830494,-0.5630493,-3.7530494,-1.9130493,-1.1430494
1.9469507,-0.46304932,-3.5630493,-1.0430493,2.4069507,5.5769506,2.8369508,3.5669508,1.1269507,-1.4630493,-5.8330493,-4.1230493,-2.4530494,-2.7230494,-1.8530493,0.3969507,0.18695068,1.3069507,-0.42304933,-1.7130493,-2.3030493,-0.53304935,-0.31304932,0.3669507,-0.8030493,-1.6530493,-1.1930493,-2.0030494,-2.8330493,-0.4830493,0.95695066,0.016950684,0.3969507,0.9869507,-0.19304931,1.4869506,-2.0030494,-1.6330494,-1.5330493,-2.6730492,-6.243049,-5.6530495,1.2969507
-0.6230493,-2.1830492,0.8869507,2.7869506,5.2269506,5.006951,4.716951,0.24695069,-4.2130494,-6.5930495,-4.783049,-5.2130494,-2.8430493,-3.3230493,-0.5130493,1.2469506,0.57695067,-0.5830493,-2.6730492,-2.2130494,-3.0730493,-2.2930493,-2.4530494,-1.4530493,-0.8930493,-2.0430493,-0.3830493,0.71695065,-0.5730493,1.1669507,-0.91304934,-0.9530493,0.106950685,-0.0030493164,-0.043049317,-2.8130493,0.57695067,0.5969507,-1.0030494,0.9269507,-0.15304932,-0.4830493,-0.4130493
-0.2630493,-0.24304932,1.0369507,2.7469506,2.7169507,2.1669507,-2.7230494,-8.723049,-7.1930494,-4.473049,-4.803049,-5.7730494,-1.4930493,-1.8930494,-0.85304934,0.70695066,-1.6930493,-4.0630493,-3.8430493,-1.3630493,-1.3430493,-3.0630493,-2.3330493,-1.2430493,-1.5730493,-4.033049,1.1869507,-2.7730494,-0.49304932,-0.85304934,-1.9330493,-0.9630493,-0.20304932,1.6369507,-0.73304933,-0.8830493,0.4969507,-0.5230493,-0.8030493,0.4269507,0.4969507,1.9169507,0.9969507
-2.4230492,-1.9430493,-0.7730493,-1.3130493,-1.6730493,-3.6130493,-4.723049,-7.1030493,-3.1630492,-4.2530494,-4.1730494,-2.3630493,-2.1530492,-1.5230494,0.8569507,-1.5530493,-3.8330493,-4.913049,-3.3530493,-2.8030493,-2.7730494,-1.9930493,-1.2930493,-0.7430493,-0.85304934,-0.7130493,-2.4030492,-3.7130494,-3.8230493,-5.7530494,-2.9030492,-1.3030493,-0.7430493,-2.8330493,-2.7630494,-2.9530494,-3.8230493,-2.3230493,-1.5330493,1.5869507,1.2669507,0.076950684,0.7969507
-1.5930493,-2.1730492,-2.2930493,-2.3330493,-1.8230493,-3.5630493,-3.4830494,-4.723049,-4.0930495,-3.7630494,-2.5930493,-3.1930494,-2.4830494,-0.4430493,-2.1730492,-3.2430494,-3.5730493,-2.4030492,-4.6130495,-0.37304932,-1.6030493,-1.2830493,-1.5630493,-1.5830493,0.83695066,-0.33304933,-2.8430493,-3.5330493,-4.1130495,-3.1230493,-3.5630493,-3.3330493,-3.2930493,-2.9330492,-2.6330492,0.8769507,2.5269506,1.2169507,4.026951,2.6569507,1.0369507,1.8369507,0.9169507
-1.6830493,-1.7230493,-1.5430493,-0.5030493,-2.1530492,-2.4630494,-4.163049,-3.7230494,-2.8230493,-3.0230494,-3.0830493,-0.12304932,-1.3630493,-5.2330494,-5.5930495,-4.3830495,-3.5830493,-1.9330493,-2.4730494,-2.3230493,-1.7530494,-1.4630493,-2.6230493,-3.1130493,-5.2930493,-2.3130493,-3.4230492,-2.7430494,-2.3630493,-1.5730493,-1.2930493,-2.3230493,-3.0630493,-3.0930493,-3.5130494,-3.0930493,-0.9530493,-0.3530493,1.2769507,2.5069506,8.366951,3.8669508,-3.3630493
0.4569507,0.6569507,2.2869506,-0.043049317,-1.4130493,-3.8130493,-2.6130493,-1.6030493,-2.6930494,-3.2030494,-5.033049,-6.3930492,-5.9430494,-6.3730493,-4.2330494,-3.1330492,-1.8830494,-3.4830494,-2.8830492,-3.1930494,-2.3130493,-3.2030494,-1.8230493,-2.5930493,-3.1930494,-4.2530494,-3.5530493,0.96695065,-1.0830493,1.5469507,-1.7030493,0.11695068,0.9269507,-0.36304933,-0.5230493,-1.9130493,-1.0930493,-1.3930494,-0.5830493,0.4269507,2.0769508,-2.1230493,1.5069507
-1.5830493,-2.4430494,-1.0330493,-1.9830493,-3.8130493,-3.5830493,-4.263049,-5.9030495,-6.0630493,-6.553049,-4.3230495,-5.3230495,-4.2130494,-5.743049,-3.6730492,-3.6630492,-2.1830492,-2.0930493,-2.3030493,-1.8630493,-1.8330493,-0.7030493,0.14695068,-3.6230493,-1.4930493,-2.6730492,-2.2730494,-1.3930494,-1.3930494,-2.1830492,-1.6230493,-1.9030493,0.2669507,2.5669508,-1.0330493,1.6569507,0.35695067,2.1969507,2.3869507,3.6969507,4.446951,4.5569506,1.3569506
-2.0930493,-3.1430492,-3.7130494,-3.8830492,-3.7030494,-4.243049,-4.953049,-3.8530493,-3.8230493,-4.3830495,-5.053049,-4.6730494,-4.433049,-4.1930494,-2.1230493,-1.1930493,-3.1330492,-2.9430494,-1.9330493,-1.4230493,-1.3130493,-2.2030494,-2.0630493,-1.2130493,-0.8230493,-2.3330493,-3.1730492,-2.8730493,-1.9930493,-2.0430493,-0.60304934,0.106950685,-0.24304932,0.16695069,2.5269506,1.0769507,1.2869507,1.1369507,0.2769507,-1.2530494,0.076950684,0.9369507,-0.0030493164
-3.9130492,-1.7430493,-4.243049,-3.5430493,-4.0230494,-4.3230495,-3.9730494,-3.5830493,-3.1030493,-3.7230494,-3.5030494,-4.053049,-3.8730493,-4.0230494,-2.1930494,-1.8530493,-1.9430493,-1.4330493,-1.4030493,0.18695068,-1.3430493,-2.2730494,-1.7130493,-1.8230493,0.3669507,-3.0230494,-3.3530493,-2.1230493,-1.2830493,-0.6130493,0.57695067,2.0969508,2.4469507,2.8969507,3.0869508,2.8269508,1.0269507,0.6169507,-1.0530493,-0.6130493,0.106950685,0.82695067,0.3369507
-2.4230492,0.6269507,-3.7530494,-4.2930493,-4.3430495,-3.6530492,-2.9530494,-3.4130492,-2.9130492,-2.7030494,-3.0630493,-3.2430494,-2.8430493,-2.2630494,-2.8830492,-2.0530493,-1.4630493,-1.0330493,-0.54304934,-1.3030493,-2.0130494,-2.2130494,-0.6530493,-2.5430493,-2.0230494,-1.1430494,-1.6030493,-0.60304934,0.6369507,0.7969507,1.1769507,4.7069507,2.8369508,3.5369506,2.0169506,2.0869508,2.3869507,-0.37304932,-0.9330493,0.4869507,0.016950684,0.82695067,-0.0030493164
-2.0430493,-1.2230493,-2.3930492,-2.3830492,-3.0630493,-3.5630493,-3.2930493,-2.6030493,-2.2030494,-2.8330493,-0.7030493,-1.6130493,-1.8630493,-0.78304935,-1.8530493,-1.3030493,-0.6330493,-0.6230493,-0.6530493,-1.1130493,-1.8330493,-0.31304932,-1.5030494,-1.4030493,-1.2030493,-0.7630493,-0.67304933,0.2969507,0.6969507,1.8669506,2.5769508,3.1269507,2.4769506,1.9769506,2.0869508,2.5769508,1.7869507,2.3769507,2.0669508,0.8569507,0.7369507,0.31695068,0.076950684
-1.8330493,-2.4930494,-2.0230494,-0.9430493,-1.6230493,-2.7930493,-1.8630493,-1.4130493,-1.6130493,-1.2230493,-2.0330493,-1.1130493,-1.1230493,-0.46304932,-0.16304931,-0.08304932,0.46695068,0.3369507,-0.43304932,-0.73304933,0.23695068,-0.4130493,-1.0430493,-0.2530493,-0.06304932,0.4869507,1.9869506,1.1969507,1.9269507,1.8369507,2.5369506,2.3969507,2.0269506,2.2969506,2.1869507,1.7569507,2.3469508,2.9169507,3.5469506,1.7369506,2.2169507,1.0869507,0.7569507
-1.3630493,-0.5630493,-0.103049316,-0.33304933,-0.3230493,-1.8230493,-1.0530493,-1.0030494,-0.49304932,-1.0330493,0.71695065,-0.5030493,-1.3330493,-0.8930493,1.3669506,1.5369507,2.0369506,0.37695068,0.7869507,0.35695067,-0.60304934,-0.14304931,-0.073049314,0.056950685,0.58695066,1.4169507,0.5569507,0.76695067,0.5369507,0.9169507,1.2769507,1.8669506,1.3469507,1.8369507,2.2169507,1.9069507,2.3069506,2.4569507,1.8269507,2.9969506,-0.18304932,1.8769507,0.2669507
-0.5130493,-0.08304932,-0.7130493,-1.0430493,-0.8130493,-0.31304932,0.6169507,-0.11304931,0.8069507,0.70695066,0.35695067,-0.73304933,-1.0430493,-0.53304935,0.24695069,1.4869506,2.1169508,2.0669508,1.3769507,1.4569507,0.96695065,0.6069507,0.38695067,0.106950685,-0.17304932,0.3369507,0.31695068,0.34695068,1.2469506,0.8569507,0.8769507,0.77695066,1.1369507,1.4369507,1.2769507,1.5869507,1.5669507,1.7869507,1.1269507,2.1169508,2.2369506,1.4569507,-0.92304933
