wind_kz.json
{"header": {"discipline":0,"disciplineName":"Meteorological products","gribEdition":2,"gribLength":871,"center":7,"centerName":"US National Weather Service - NCEP(WMC)","subcenter":0,"refTime":"2023-08-27T18:00:00.000Z","significanceOfRT":1,"significanceOfRTName":"Start of forecast","productStatus":0,"productStatusName":"Operational products","productType":1,"productTypeName":"Forecast products","productDefinitionTemplate":0,"productDefinitionTemplateName":"Analysis/forecast at horizontal level/layer at a point in time","parameterCategory":0,"parameterCategoryName":"UnknownDiscipline_0_Category_0","parameterNumber":0,"parameterNumberName":"UnknownParameter_D0_C0_0","parameterUnit":"Unknown","genProcessType":2,"genProcessTypeName":"Forecast","forecastTime":240,"surface1Type":1,"surface1TypeName":"Ground or water surface","surface1Value":0.0,"surface2Type":255,"surface2TypeName":"Missing","surface2Value":0.0,"gridDefinitionTemplate":0,"gridDefinitionTemplateName":"Latitude_Longitude","numberPoints":615,"shape":6,"shapeName":"Earth spherical with radius of 6,371,229.0 m","gridUnits":"degrees","resolution":48,"winds":"true","scanMode":64,"nx":41,"ny":15,"basicAngle":0,"lo1":47.0,"la1":41.0,"lo2":87.0,"la2":55.0,"dx":1.0,"dy":1.0}, "data":
[rows 0 to 14 of 15, columns 0 to 40 of 41]
296.06744,286.76746,291.16745,298.36746,298.16745,296.76746,297.96747,298.46747,296.36746,297.06744,294.76746,295.56744,294.36746,293.86746,293.66745,290.16745,290.76746,291.96747,291.06744,292.16745,294.86746,289.66745,289.06744,287.26746,290.16745,290.06744,287.86746,274.46747,274.06744,274.46747,274.16745,275.06744,288.66745,293.26746,294.96747,294.46747,293.46747,293.76746,293.86746,295.86746,298.56744
278.56744,290.16745,298.06744,298.36746,298.26746,296.66745,296.66745,295.96747,294.46747,293.66745,293.46747,291.86746,290.46747,289.36746,289.16745,289.56744,290.56744,290.86746,289.66745,289.06744,289.66745,290.06744,289.86746,282.46747,273.86746,273.96747,282.36746,274.46747,274.96747,270.46747,277.46747,270.76746,280.36746,251.46745,276.96747,291.26746,289.76746,291.86746,294.66745,286.86746,284.06744
291.36746,297.46747,298.16745,298.26746,296.56744,297.36746,296.06744,294.36746,292.76746,292.26746,291.46747,290.86746,288.06744,288.76746,289.96747,287.96747,287.36746,287.06744,287.36746,288.76746,290.56744,289.56744,292.96747,287.26746,285.26746,287.66745,287.86746,287.06744,286.16745,278.56744,271.46747,273.26746,278.26746,278.56744,281.16745,281.46747,273.46747,279.16745,279.46747,273.16745,269.86746
292.76746,297.66745,298.06744,297.46747,296.16745,296.36746,295.66745,294.26746,293.86746,293.16745,291.66745,290.26746,294.26746,293.56744,290.16745,289.46747,290.16745,287.76746,289.96747,287.46747,289.56744,285.86746,290.96747,292.36746,292.86746,292.66745,291.66745,290.26746,289.16745,289.56744,290.96747,287.86746,292.46747,287.66745,287.96747,284.96747,273.46747,275.56744,278.96747,288.76746,291.66745
294.06744,296.46747,297.26746,296.66745,295.56744,295.36746,296.16745,295.86746,295.56744,294.66745,293.06744,291.16745,293.76746,292.46747,290.46747,290.46747,290.46747,288.76746,287.06744,291.06744,291.16745,290.86746,289.86746,290.36746,289.86746,289.76746,288.96747,290.36746,290.06744,290.76746,293.16745,288.06744,277.06744,269.66745,279.86746,288.96747,292.56744,293.26746,295.06744,296.06744,295.06744
290.96747,289.16745,294.96747,294.96747,295.66745,295.16745,294.96747,296.66745,298.16745,296.36746,295.06744,293.66745,293.06744,293.56744,291.56744,289.36746,291.86746,290.36746,290.06744,291.46747,291.26746,290.76746,289.26746,289.86746,290.16745,288.56744,289.66745,292.06744,291.16745,292.36746,289.76746,291.76746,288.86746,286.96747,285.26746,289.66745,280.46747,282.56744,291.26746,293.96747,293.96747
293.66745,292.46747,295.26746,295.36746,294.56744,292.36746,293.96747,291.96747,293.86746,297.26746,296.96747,294.16745,292.26746,292.16745,290.96747,291.36746,290.96747,291.06744,291.06744,290.56744,289.56744,289.86746,289.26746,289.36746,287.16745,287.46747,287.16745,288.36746,288.66745,289.26746,289.96747,289.06744,289.66745,290.66745,290.66745,289.26746,281.86746,278.36746,275.36746,276.06744,290.16745
292.56744,291.36746,293.26746,293.26746,294.76746,294.66745,293.86746,293.16745,292.96747,292.26746,291.76746,293.36746,292.16745,291.26746,290.96747,291.66745,291.06744,290.66745,289.86746,286.46747,287.06744,286.36746,286.66745,285.96747,284.56744,282.16745,282.76746,284.16745,283.36746,285.96747,285.46747,287.76746,285.66745,284.26746,281.66745,286.66745,287.46747,289.26746,285.56744,287.46747,282.96747
292.16745,290.56744,291.56744,289.46747,292.56744,290.96747,289.36746,290.66745,290.86746,290.46747,290.76746,290.86746,289.56744,290.66745,290.76746,290.46747,289.06744,288.46747,287.46747,286.06744,283.76746,284.46747,285.06744,283.96747,281.46747,281.76746,283.66745,283.66745,278.36746,277.96747,282.16745,283.76746,285.26746,286.56744,284.86746,283.46747,283.36746,282.96747,271.56744,270.86746,269.16745
290.96747,290.76746,289.06744,289.66745,288.66745,288.36746,287.56744,288.96747,288.96747,288.56744,288.96747,288.26746,289.16745,289.86746,288.76746,288.96747,288.36746,286.86746,285.26746,285.26746,284.26746,284.56744,287.86746,287.16745,286.66745,285.06744,284.86746,284.36746,281.56744,284.16745,280.56744,284.76746,285.76746,285.36746,284.56744,283.76746,282.16745,279.26746,271.56744,274.46747,273.26746
290.76746,290.26746,289.46747,290.66745,287.76746,289.36746,288.66745,288.06744,286.06744,285.96747,285.26746,285.96747,287.46747,286.46747,287.06744,286.66745,286.36746,286.06744,285.06744,284.46747,284.56744,283.26746,286.16745,286.36746,285.26746,285.16745,283.36746,284.76746,285.26746,284.26746,284.16745,284.16745,283.26746,283.96747,283.56744,280.96747,278.06744,275.76746,275.46747,276.86746,275.16745
288.56744,288.36746,290.66745,289.66745,289.46747,287.46747,286.66745,287.26746,288.06744,286.16745,286.16745,285.76746,284.46747,286.26746,284.46747,282.76746,283.46747,284.06744,284.76746,283.76746,282.86746,285.16745,285.06744,284.66745,284.16745,285.06744,284.16745,284.06744,284.26746,284.06744,281.76746,282.76746,285.26746,284.56744,284.26746,285.96747,282.76746,281.86746,282.16745,281.96747,281.66745
287.36746,288.26746,287.96747,287.06744,286.56744,286.46747,286.86746,287.76746,287.56744,286.66745,282.86746,282.36746,284.86746,282.36746,282.16745,282.56744,282.46747,283.16745,285.96747,284.86746,284.06744,279.56744,282.56744,282.36746,283.56744,283.86746,285.46747,284.16745,283.86746,283.76746,284.26746,284.16745,284.36746,284.46747,284.16745,283.66745,282.66745,283.76746,282.96747,282.26746,281.96747
288.76746,289.46747,288.16745,286.86746,286.46747,285.76746,285.96747,284.06744,284.56744,284.56744,283.26746,279.66745,278.06744,279.36746,280.36746,281.46747,284.76746,284.46747,284.26746,283.86746,283.86746,283.56744,283.76746,283.36746,284.06744,284.56744,283.96747,283.46747,283.46747,283.66745,284.26746,284.06744,283.86746,282.26746,281.86746,281.26746,281.86746,281.36746,283.26746,282.86746,281.36746
288.76746,286.76746,289.66745,286.66745,286.26746,284.56744,284.56744,284.26746,281.46747,282.36746,281.56744,278.26746,278.36746,278.46747,279.56744,284.16745,284.16745,283.66745,283.16745,282.26746,281.96747,281.96747,284.06744,283.86746,284.06744,283.86746,283.36746,283.26746,283.16745,283.16745,281.36746,282.56744,282.26746,282.16745,282.06744,282.46747,283.66745,285.06744,282.86746,282.56744,281.86746
