wind_kz.json
{"header": {"discipline":0,"disciplineName":"Meteorological products","gribEdition":2,"gribLength":1025,"center":7,"centerName":"US National Weather Service - NCEP(WMC)","subcenter":0,"refTime":"2023-08-19T06:00:00.000Z","significanceOfRT":1,"significanceOfRTName":"Start of forecast","productStatus":0,"productStatusName":"Operational products","productType":1,"productTypeName":"Forecast products","productDefinitionTemplate":0,"productDefinitionTemplateName":"Analysis/forecast at horizontal level/layer at a point in time","parameterCategory":2,"parameterCategoryName":"UnknownDiscipline_0_Category_2","parameterNumber":3,"parameterNumberName":"UnknownParameter_D0_C2_3","parameterUnit":"Unknown","genProcessType":2,"genProcessTypeName":"Forecast","forecastTime":120,"surface1Type":103,"surface1TypeName":"Specified height level above ground","surface1Value":10.0,"surface2Type":255,"surface2TypeName":"Missing","surface2Value":0.0,"gridDefinitionTemplate":0,"gridDefinitionTemplateName":"Latitude_Longitude","numberPoints":615,"shape":6,"shapeName":"Earth spherical with radius of 6,371,229.0 m","gridUnits":"degrees","resolution":48,"winds":"true","scanMode":64,"nx":41,"ny":15,"basicAngle":0,"lo1":47.0,"la1":41.0,"lo2":87.0,"la2":55.0,"dx":1.0,"dy":1.0}, "data":
[rows 0 to 14 of 15, columns 0 to 40 of 41]
0.50775146,2.3177514,-3.1922486,-6.0722485,-3.9322486,-3.4622486,-3.7422485,-5.7422485,-6.3522487,-6.3222485,-7.1022487,-3.4922485,2.4277515,2.4377515,3.2177515,1.4177514,0.027751464,-0.47224852,-1.7322485,-1.9122485,-2.1422486,-3.8822486,-0.6922485,1.3177514,2.7877514,3.2177515,0.47775146,0.21775146,-3.2522485,-3.5522485,-1.6422485,2.5877514,-1.2422485,0.29775146,-1.5122485,-0.97224855,-0.5622485,0.077751465,0.06775147,-0.93224853,-1.1922486
0.70775145,-3.5322485,-8.112248,-7.2222486,-3.0322485,-3.4522486,-4.0222487,-3.8722486,-6.2122483,-6.0122485,-5.3222485,-4.3522487,-2.3222485,4.1677513,4.5777516,3.3677514,2.5177515,0.32775146,-1.6622485,-2.1422486,-3.8122485,-3.3122485,0.30775148,1.8477515,2.7477515,3.1277514,3.6777515,-1.0322485,0.14775147,-2.2522485,-3.2122486,-2.9322486,-1.3022485,-0.28224853,1.7577515,3.7577515,3.3077514,3.3477514,1.9677515,0.52775145,-0.022248534
-5.2422485,-6.3222485,-7.2922487,-7.6022487,-6.3422484,-4.1822486,-2.5922484,-3.7322485,-3.5722485,-5.0722485,-5.6322484,-4.5722485,-4.0122485,-2.3822486,5.7677517,5.5977516,4.747751,1.6277515,1.0177515,-2.7522485,-4.5422487,-3.1222486,-0.5022485,-0.67224854,-2.3822486,-2.7422485,-3.0422485,-2.6922486,-1.8222486,-4.1422486,-2.5922484,-2.1122484,-5.8622484,-0.31224853,0.46775147,-2.0522485,-2.5922484,0.89775145,-2.5522485,0.19775146,-0.34224853
-4.0822487,-5.9222484,-5.6222486,-5.0222487,-5.1422486,-6.6922483,-6.4622483,-4.0522485,-3.3222485,-2.8222485,-3.9322486,-3.9322486,-1.1122485,-1.7222486,-0.92224854,4.9177513,4.1977515,4.4377513,3.3977516,0.57775146,-0.91224855,-2.2722485,-2.0422485,-1.4922485,0.28775147,-2.2522485,-2.8622484,0.017751465,-4.1822486,-3.5022485,1.5077515,2.3777514,1.4077514,0.78775144,1.1077515,2.4477515,3.0877514,0.57775146,-3.7422485,-2.6122484,-1.6622485
-4.2422485,-2.6622486,-3.9022486,-4.2022486,-4.8922486,-5.9922485,-6.3622484,-6.4122486,-6.0622487,-2.5522485,-2.3622484,-4.2922487,-0.86224854,-0.40224853,0.6877515,0.9277515,5.6277514,6.0977516,5.7877517,3.2077515,2.2177515,0.69775146,0.50775146,0.88775146,0.37775147,0.69775146,-0.87224853,-0.87224853,-2.3722486,-2.5722485,0.5477515,0.29775146,-0.7722485,-0.9422485,0.63775146,1.3577515,1.7377515,-0.98224854,-1.8522485,0.50775146,0.037751466
-3.9122486,-2.8122485,-1.3722485,-4.2722487,-5.8422484,-6.1522484,-6.2422485,-6.3222485,-5.3122487,-4.9222484,-2.5222485,-2.5622485,-2.8522484,0.47775146,0.70775145,0.57775146,3.9277515,8.857752,7.8577514,6.0777516,3.9477515,2.4477515,2.6177514,1.9777515,1.0277514,0.08775146,-0.5622485,-1.0022485,-0.5722485,-0.0022485352,0.077751465,-1.0722486,-1.9622486,-3.3522484,-3.4522486,-0.7522485,-4.7322483,-2.9922485,2.3577514,1.0377514,1.0277514
-3.6122484,-2.0522485,-2.5722485,-3.2222486,-4.5422487,-4.9522486,-5.5222487,-5.6122484,-3.9522486,-3.9322486,-3.4222486,-1.4022485,-2.8422484,-3.4922485,-0.59224856,0.96775144,3.5977514,8.067752,8.637752,7.8177514,6.0777516,4.4877515,3.6577516,3.3777514,2.9577515,1.1577514,0.22775146,-1.2522485,1.8677515,3.9477515,2.8877516,2.1177514,0.9777515,2.2077515,2.0077515,2.9677515,0.9777515,-0.45224854,-0.5122485,1.4477515,-0.73224854
-2.6022484,-1.7122486,-3.9922485,-3.7222486,-3.7122486,-4.5522485,-4.3122487,-4.7922487,-4.6922483,-3.1522486,-2.3222485,-2.4222486,-0.45224854,0.6777515,-1.1522485,-3.2722485,-0.032248534,3.5777514,6.997751,8.577751,7.5377517,6.4577513,5.5277514,4.1677513,1.9877515,2.8577514,0.9777515,-0.062248535,-0.5222485,1.1177515,3.0277514,2.6477516,3.7077515,3.5577514,0.9277515,-1.9522486,-1.9022485,0.6077515,-0.25224853,-0.0022485352,2.0777514
-4.0922484,-3.8422484,-3.3722486,-3.3822486,-3.3622484,-4.1022487,-3.6022484,-3.4122486,-3.0722485,-3.5622485,-2.3422484,-2.0322485,-0.47224852,2.2977514,0.83775145,0.47775146,-1.7122486,-3.3422484,-1.2622485,-3.0422485,3.6677516,5.7677517,3.3077514,5.2277513,4.3677516,3.2877514,1.8177514,1.6877514,1.8677515,-0.33224854,3.2277515,3.4677515,3.4677515,0.19775146,2.1377516,4.0277514,2.9177516,-0.55224854,0.06775147,1.4777515,1.8677515
-4.5822487,-4.0422487,-3.7522485,-3.2622485,-3.2022486,-2.2722485,-3.7322485,-3.8522484,-1.6222485,-1.6422485,-1.4622486,-3.0422485,0.9977515,3.1977515,2.1877515,1.8877515,1.4777515,1.5077515,-2.2322485,-2.5622485,-1.7622485,-2.4622486,-2.6022484,0.49775147,1.5977515,1.6777514,1.6677514,2.5977514,1.4877515,1.8977515,1.1177515,1.1677514,-0.86224854,1.8877515,3.9077516,4.6277514,2.6277514,1.8077514,1.6777514,0.41775146,2.2077515
-5.4622483,-5.3422484,-5.0322485,-4.0822487,-2.3322484,-2.2322485,-2.5222485,-2.6622486,-1.5722486,-2.5122485,-1.0122485,0.8577515,-3.0122485,1.7777514,-2.2122486,1.1177515,-0.17224854,-0.49224854,0.017751465,2.1777515,4.9077516,4.8677516,2.6777515,0.047751464,0.33775148,2.1977515,1.7677515,2.8277514,2.5777514,2.5377514,2.0377514,0.95775145,0.76775146,3.9277515,6.0577517,6.3877516,3.1177514,1.5477514,2.0077515,1.3877515,1.5177515
-5.8122487,-6.4722486,-4.8122487,-3.7822485,-2.0322485,-1.2822485,-1.4822485,-2.7822485,-1.5622486,-0.67224854,0.46775147,-1.8922485,-0.8922485,0.28775147,0.19775146,-1.0622486,-1.3622485,-1.8522485,-2.1322486,-2.7422485,-2.0322485,-0.0022485352,-0.5722485,1.9177514,2.0277514,1.2877514,1.4377514,1.6977515,1.7577515,3.5277514,4.1177516,4.0177517,2.6777515,5.0477514,5.4377513,5.6477513,3.3877516,0.8577515,-0.07224853,1.3277515,0.19775146
-4.6922483,-6.4422483,-5.2222486,-1.4122485,-1.3922485,-0.8922485,-1.2822485,-0.5122485,-0.7522485,-1.6022485,0.12775147,0.70775145,-0.5122485,-0.102248535,-0.5222485,-1.5622486,-2.2522485,-2.7922485,-3.4522486,-2.9922485,-1.9222485,-0.78224856,0.08775146,-0.09224854,0.017751465,0.90775144,1.4177514,1.8077514,2.5177515,4.1877513,3.5977514,4.1677513,4.5877514,5.3977513,6.5977516,5.8777514,4.3477516,2.2777514,3.1177514,3.2277515,1.6577514
-5.1022487,-5.6922483,-6.3522487,-3.0522485,-3.1422486,-1.2622485,-0.16224854,-0.40224853,-1.0022485,-2.3322484,-0.032248534,0.52775145,0.64775145,-0.16224854,0.08775146,-1.0722486,-2.8722486,-1.4522486,-2.6122484,-3.6122484,-4.0622487,-3.4722486,-2.3322484,-0.7722485,-0.40224853,1.6277515,3.0177515,3.5877514,4.3477516,4.6577516,5.0377517,5.2377515,5.3077517,5.1577516,5.7877517,6.1677513,4.3777514,3.8977516,3.2477515,3.0177515,2.6277514
-4.1522484,-5.4422483,-7.4822483,-3.7422485,-4.9522486,-4.2722487,-2.3722486,-2.2422485,-1.7822485,-0.73224854,-0.7722485,-0.23224853,0.19775146,-0.15224853,-0.67224854,-2.2622485,-2.7322485,-3.3422484,-3.2122486,-1.5122485,-2.5022485,-4.4522486,-5.2022486,-4.9822483,-4.5622487,3.3077514,5.2077513,5.5277514,6.1577516,3.9977515,3.4077516,4.5377517,6.5277514,7.3677516,7.6177516,7.3977513,6.5777516,5.6477513,3.1877515,3.5977514,2.3677514
