wind_kz.json
{"header": {"discipline":0,"disciplineName":"Meteorological products","gribEdition":2,"gribLength":1102,"center":7,"centerName":"US National Weather Service - NCEP(WMC)","subcenter":0,"refTime":"2025-04-05T00:00:00.000Z","significanceOfRT":1,"significanceOfRTName":"Start of forecast","productStatus":0,"productStatusName":"Operational products","productType":1,"productTypeName":"Forecast products","productDefinitionTemplate":0,"productDefinitionTemplateName":"Analysis/forecast at horizontal level/layer at a point in time","parameterCategory":2,"parameterCategoryName":"UnknownDiscipline_0_Category_2","parameterNumber":3,"parameterNumberName":"UnknownParameter_D0_C2_3","parameterUnit":"Unknown","genProcessType":2,"genProcessTypeName":"Forecast","forecastTime":180,"surface1Type":103,"surface1TypeName":"Specified height level above ground","surface1Value":10.0,"surface2Type":255,"surface2TypeName":"Missing","surface2Value":0.0,"gridDefinitionTemplate":0,"gridDefinitionTemplateName":"Latitude_Longitude","numberPoints":615,"shape":6,"shapeName":"Earth spherical with radius of 6,371,229.0 m","gridUnits":"degrees","resolution":48,"winds":"true","scanMode":64,"nx":41,"ny":15,"basicAngle":0,"lo1":47.0,"la1":41.0,"lo2":87.0,"la2":55.0,"dx":1.0,"dy":1.0}, "data":
[rows 0 to 14 of 15, columns 0 to 40 of 41]
0.33637208,1.9863721,6.126372,14.426373,7.806372,4.396372,2.406372,3.996372,2.706372,0.36637208,-0.44362792,-0.5936279,-2.263628,-2.9636278,-4.873628,-5.983628,-5.573628,-3.1536279,-4.303628,-3.9136279,-2.613628,-2.533628,-2.583628,1.1363721,1.8763721,0.8363721,0.85637206,0.97637206,-0.20362793,-0.45362794,0.8863721,1.696372,-0.28362793,2.156372,1.7263721,-2.063628,-4.863628,0.78637207,0.09637207,-0.37362793,-0.8036279
5.326372,-2.313628,5.9563723,12.626372,9.686372,5.336372,8.266372,5.856372,3.2863722,2.616372,1.1263721,-1.703628,-2.6736279,-3.733628,-5.343628,-5.473628,-4.743628,-4.223628,-4.713628,-3.813628,-3.593628,-1.663628,-1.6136279,-1.663628,-0.37362793,1.8563721,1.3563721,2.466372,0.61637205,0.48637208,0.99637204,-1.533628,0.66637206,-0.17362793,1.1463721,1.936372,0.44637206,2.236372,1.6063721,1.206372,-0.27362794
-7.763628,1.186372,7.736372,6.9163723,5.096372,6.246372,6.296372,5.926372,4.7063723,2.5963721,-0.35362792,-2.743628,-4.783628,-5.573628,-4.883628,-4.783628,-4.5836277,-5.173628,-4.863628,-4.913628,-2.893628,-1.4936279,-1.2236279,-1.1236279,-3.793628,-2.563628,-2.733628,-2.4136279,-1.563628,-1.453628,-1.453628,-2.373628,-0.90362793,0.5263721,-1.2436279,3.916372,4.326372,2.926372,1.316372,3.146372,1.0363721
3.166372,4.606372,5.526372,6.596372,9.086372,8.036372,6.806372,5.066372,3.986372,2.256372,0.5063721,-2.113628,-4.413628,-5.983628,-6.463628,-5.163628,-5.5236278,-5.5836277,-6.153628,-6.553628,-5.403628,0.03637207,-4.3136277,-2.233628,-2.1736279,-2.803628,-2.833628,-0.35362792,-3.863628,-2.503628,0.5663721,1.1663721,1.046372,0.26637208,0.19637208,-1.1036279,1.466372,1.836372,-1.413628,-1.563628,-1.9836279
3.426372,3.736372,4.496372,2.686372,4.7063723,6.606372,4.566372,2.866372,3.156372,2.0963721,1.306372,-0.5536279,-3.353628,-6.133628,-6.823628,-5.423628,-5.973628,-6.233628,-6.393628,-6.703628,-5.973628,-3.613628,-0.13362794,-0.03362793,0.17637207,-1.0036279,-1.323628,-5.423628,0.40637207,0.12637207,-2.9536278,-4.173628,-2.103628,1.5163721,0.36637208,0.04637207,1.086372,-0.38362792,-0.12362793,-1.0036279,-1.783628
6.596372,4.286372,-1.3936279,-0.57362795,-0.27362794,1.1663721,4.296372,2.906372,2.136372,1.546372,0.29637206,-1.3936279,1.0163721,-2.133628,-5.353628,-5.5236278,-6.8336277,-6.973628,-7.7736278,-7.483628,-6.393628,-4.453628,-0.45362794,1.2663721,1.296372,1.1363721,0.18637207,-3.643628,-0.89362794,-2.4036279,-4.203628,-4.843628,-2.733628,-2.4436278,0.01637207,11.866372,0.6263721,4.906372,2.406372,0.25637206,-2.253628
7.486372,6.406372,6.816372,6.576372,5.036372,6.076372,4.146372,3.5563722,1.6063721,0.32637206,-0.56362796,-1.3636279,-2.9236279,-3.9336278,-4.733628,-5.7936277,-6.373628,-7.343628,-7.763628,-7.393628,-6.463628,-6.3336277,-3.4636278,-0.65362793,1.6163721,3.0863721,1.1663721,1.4063721,1.6263721,-1.5936279,-1.2136279,0.92637205,0.32637206,4.926372,3.5463722,1.0063721,2.226372,2.456372,1.9763721,2.476372,1.5163721
8.386372,8.096372,8.006372,7.9563723,5.636372,5.146372,3.8363721,2.3263721,1.7563721,0.21637207,-1.0236279,-0.9336279,-2.793628,-4.253628,-5.2936277,-6.053628,-6.7936277,-6.823628,-7.473628,-7.713628,-7.143628,-6.693628,-6.383628,-2.4436278,1.696372,2.976372,2.026372,1.2463721,1.0363721,1.1163721,2.3463721,4.316372,2.8363721,4.326372,0.18637207,-0.94362795,-0.48362792,-0.24362794,-0.9836279,1.2763721,3.016372
8.206372,8.026372,7.196372,6.2263722,5.466372,4.236372,2.606372,1.7663721,1.0963721,0.23637207,-0.69362795,-2.293628,-3.233628,-4.473628,-5.5436277,-6.243628,-6.153628,-6.473628,-6.613628,-6.613628,-6.353628,-6.183628,-6.953628,-6.203628,-1.8836279,1.466372,1.566372,1.0963721,2.2963722,2.676372,4.116372,3.5563722,4.276372,2.666372,4.6663723,3.5663722,-0.96362793,-1.783628,-0.58362794,0.14637206,-2.623628
8.166372,7.806372,7.2263722,6.406372,5.306372,4.026372,3.416372,2.396372,1.0363721,-0.33362794,-1.1236279,-2.223628,-3.363628,-4.623628,-5.503628,-5.973628,-6.363628,-5.843628,-5.373628,-5.7736278,-5.193628,-5.3136277,-5.223628,-5.0636277,-4.983628,-0.7236279,1.0963721,1.926372,0.54637206,1.2763721,1.7863721,2.7963722,1.9863721,3.506372,4.076372,0.6363721,1.6463721,0.6363721,0.5863721,0.40637207,2.0663722
7.986372,7.786372,7.1863723,6.4563723,5.2263722,4.406372,3.3463721,2.446372,1.6463721,0.29637206,-0.64362794,-2.003628,-2.113628,-3.323628,-4.183628,-5.033628,-5.5236278,-5.703628,-5.653628,-4.653628,-5.103628,-4.943628,-4.463628,-3.853628,-3.473628,-3.593628,-0.13362794,0.60637206,1.7563721,1.6063721,1.1363721,1.9163721,4.996372,4.966372,5.036372,2.5863721,1.5263721,1.966372,1.686372,1.3563721,0.7063721
6.756372,6.216372,6.4363723,6.056372,5.4363723,5.246372,4.046372,2.266372,1.4963721,0.9563721,-0.43362793,-1.3836279,-2.283628,-2.9236279,-3.573628,-3.573628,-3.563628,-4.103628,-4.033628,-4.193628,-3.833628,-3.773628,-3.9636278,-2.6736279,-2.003628,-2.763628,-2.123628,-0.9836279,0.48637208,2.746372,2.966372,3.386372,3.896372,4.316372,4.406372,4.276372,1.066372,-0.7436279,-0.9936279,-0.33362794,-1.0836279
5.906372,6.7063723,4.926372,5.2063723,4.216372,3.2863722,3.3263721,3.156372,2.236372,1.076372,0.38637206,0.17637207,-0.90362793,-1.6136279,-2.143628,-2.6836278,-3.113628,-2.7136278,-2.993628,-2.393628,-2.483628,-1.913628,-1.803628,-2.1736279,-1.953628,-2.283628,-4.0236278,-1.2236279,0.30637208,1.206372,3.416372,3.706372,5.086372,3.686372,4.376372,5.286372,3.506372,1.926372,2.676372,2.166372,0.98637205
5.246372,5.576372,4.536372,3.736372,2.916372,2.416372,2.206372,1.6163721,1.206372,2.416372,1.0363721,0.41637206,0.5163721,-0.36362794,-1.1036279,-1.793628,-2.103628,-2.313628,-2.2136278,-1.943628,-1.2736279,-0.7436279,-0.42362794,-0.41362792,-0.89362794,-1.053628,-0.76362795,-2.323628,-0.41362792,2.376372,3.136372,4.276372,4.6663723,5.056372,4.786372,4.446372,4.216372,3.136372,3.416372,2.606372,2.406372
3.146372,3.996372,4.7063723,4.776372,4.486372,2.886372,3.0663722,3.2863722,1.966372,2.2963722,2.0663722,2.526372,0.8363721,0.23637207,-0.21362793,-0.39362794,-0.76362795,-0.42362794,-0.37362793,-0.5936279,0.15637207,0.8763721,1.0263721,0.8363721,1.216372,1.4063721,1.466372,1.056372,1.8463721,2.7963722,3.7863722,2.716372,5.236372,5.046372,5.846372,5.766372,4.366372,6.256372,4.806372,3.896372,2.106372
