wind_kz.json
{"header": {"discipline":0,"disciplineName":"Meteorological products","gribEdition":2,"gribLength":1025,"center":7,"centerName":"US National Weather Service - NCEP(WMC)","subcenter":0,"refTime":"2023-09-30T06:00:00.000Z","significanceOfRT":1,"significanceOfRTName":"Start of forecast","productStatus":0,"productStatusName":"Operational products","productType":1,"productTypeName":"Forecast products","productDefinitionTemplate":0,"productDefinitionTemplateName":"Analysis/forecast at horizontal level/layer at a point in time","parameterCategory":2,"parameterCategoryName":"UnknownDiscipline_0_Category_2","parameterNumber":3,"parameterNumberName":"UnknownParameter_D0_C2_3","parameterUnit":"Unknown","genProcessType":2,"genProcessTypeName":"Forecast","forecastTime":300,"surface1Type":103,"surface1TypeName":"Specified height level above ground","surface1Value":10.0,"surface2Type":255,"surface2TypeName":"Missing","surface2Value":0.0,"gridDefinitionTemplate":0,"gridDefinitionTemplateName":"Latitude_Longitude","numberPoints":615,"shape":6,"shapeName":"Earth spherical with radius of 6,371,229.0 m","gridUnits":"degrees","resolution":48,"winds":"true","scanMode":64,"nx":41,"ny":15,"basicAngle":0,"lo1":47.0,"la1":41.0,"lo2":87.0,"la2":55.0,"dx":1.0,"dy":1.0}, "data":
[rows 0 to 14 of 15, columns 0 to 40 of 41]
-0.9423047,-1.3023047,-0.5623047,-5.7923045,-4.742305,-5.2323046,-3.7923048,1.0676953,0.31769532,-0.05230469,-0.16230468,0.027695313,-0.9823047,-1.7323047,-1.6023047,-1.6623046,-1.8623047,1.1276953,-0.4123047,-0.3023047,0.8876953,-1.4123046,-1.4423047,-2.0523047,-1.1723046,-0.5523047,-1.5823047,1.4576954,0.7276953,2.4376953,-0.64230466,-0.49230468,0.2976953,1.8976953,1.3776953,3.9176953,3.6476953,3.7076952,3.7176952,3.3376954,1.9376953
2.2176952,0.40769532,-3.3123047,-4.5523047,-1.8823047,-4.0923047,-3.5923047,-0.2623047,-0.03230469,0.67769533,-1.0123047,-0.28230467,-0.8723047,-2.5423048,-2.8123047,-3.1323047,-0.3923047,-0.03230469,-0.8523047,-0.49230468,0.16769531,-0.5023047,-0.05230469,1.6676953,-1.5223047,-2.1923046,-4.2923045,1.2476953,0.03769531,2.0376954,3.7676954,3.2176952,0.0076953126,-1.9023046,-3.1723046,0.13769531,-1.0123047,-1.0323046,-1.7923046,0.047695313,1.5976954
0.5776953,-1.0223047,-2.7923048,-2.4523046,-3.9523046,-1.8823047,-2.5723047,-3.4123046,-0.4423047,-1.1923047,-1.0123047,-1.2623047,-2.1823046,-3.3323047,-3.2223046,-3.5223048,-1.8623047,0.16769531,1.1276953,0.2076953,0.8876953,-1.3723047,-1.4023046,-0.51230466,0.9376953,0.5976953,1.0876954,0.4576953,-0.092304684,1.1176953,3.7076952,1.4276953,1.5876954,-1.0523047,-1.1223047,1.3876953,2.1676953,-1.8823047,-0.4723047,-0.82230467,-1.3123047
0.11769531,-1.2923046,-2.7723048,-2.3823047,-2.3523047,-2.7023046,-1.9023046,-1.2023047,0.17769532,0.13769531,-0.64230466,-1.4523047,-2.0723047,-2.0123048,-2.7623048,-2.2723048,-1.4023046,-0.07230469,-1.7323047,1.8576953,0.4876953,-0.9623047,2.3376954,-0.5623047,-1.6323047,-1.8323047,-0.8723047,-1.4123046,0.6276953,-1.0523047,-0.7723047,0.2976953,-0.63230467,-0.6223047,0.22769532,-2.2423048,-2.1123047,2.0076952,2.4976952,0.19769531,0.7176953
0.10769531,-1.1723046,-1.7223047,-1.7923046,-0.49230468,-0.7823047,-1.6823047,-1.3123047,-1.5623047,0.9076953,1.1176953,-0.2923047,-0.1523047,-3.2323046,-0.14230469,-0.8123047,-1.4423047,-1.6223047,-1.7023047,-1.4723047,-1.2123047,-0.5423047,-0.14230469,0.03769531,-0.8623047,-1.9323047,-2.0923047,-1.6223047,-1.0623047,-1.6923047,-2.2123046,0.06769531,1.5376953,1.8576953,-0.11230469,-0.16230468,-0.23230469,0.07769531,1.7676953,0.5376953,1.3076953
1.9476953,0.10769531,-0.6023047,-0.5823047,-0.10230469,-0.63230467,-2.2223046,-3.1823046,-0.7423047,0.8076953,-0.2923047,-1.5923047,-1.7123047,-1.5023047,-1.1823047,-1.0123047,-1.3323047,-1.3023047,-1.3523047,-1.2923046,-1.5423046,-1.1323047,-0.8423047,0.6476953,1.4776953,-0.08230469,-0.6123047,-1.1423047,-1.1023047,-1.1723046,-2.1223047,-1.8023047,-0.16230468,-0.8323047,1.1876953,0.4476953,1.2976953,0.14769532,1.3776953,0.4476953,1.5776954
3.4176953,2.8176954,1.4176953,0.2076953,-0.3623047,-1.1423047,-0.49230468,-2.0523047,-0.4123047,-0.7123047,-0.3923047,-1.4323047,-1.4323047,-1.5723047,-1.7923046,-2.0323048,-1.9723047,-2.2923048,-1.2723047,-0.27230468,-0.6123047,-0.6123047,-0.76230466,0.11769531,0.0076953126,0.9376953,0.3876953,0.5276953,-1.1423047,-0.8623047,-0.7123047,-1.9623047,-2.8623047,-3.3523047,-0.8023047,-1.1023047,-2.1323047,-1.4823047,-1.3023047,-1.0923047,1.0576953
-0.20230469,0.24769531,-0.5923047,0.54769534,-1.5923047,-2.2223046,0.8776953,-0.25230467,-1.5123047,-1.3923047,-1.1923047,-0.89230466,-1.4423047,-1.4623047,-1.2123047,-1.6523046,-2.3223047,-2.2123046,-2.1823046,-1.1323047,-1.7223047,-0.6523047,-0.062304687,-0.07230469,-0.23230469,0.10769531,0.47769532,-0.6923047,0.2776953,-0.22230469,0.18769531,0.28769532,-1.2623047,-2.3123047,-0.88230467,-0.88230467,-1.6123047,0.13769531,-0.2923047,0.7476953,-0.5623047
-0.27230468,0.6276953,1.1676953,0.2376953,-0.122304685,-0.8123047,-1.8223047,-0.08230469,0.14769532,-0.4123047,-0.3623047,1.1776953,0.9776953,-0.3223047,-1.2423047,-0.8723047,-1.0323046,-1.0623047,-1.5723047,-1.6823047,-1.0923047,-1.3923047,-1.9423047,-0.6823047,-0.88230467,-1.1423047,0.4276953,-0.3823047,-0.27230468,-0.23230469,0.21769531,1.7176954,1.8376954,1.8376954,1.0176953,-0.5923047,-2.1323047,-0.7323047,-0.11230469,-0.9423047,-2.8423047
-0.9323047,-0.1523047,1.0276953,0.47769532,0.6976953,0.7476953,0.06769531,0.22769532,0.6676953,-0.21230468,-1.1123047,-0.8623047,-0.4823047,-1.3223047,-1.4623047,-1.8723047,-1.7623047,-1.0423046,-0.6023047,-0.49230468,-0.3323047,-0.11230469,-0.7923047,-0.70230466,-0.18230468,0.2676953,0.60769534,0.5776953,0.6376953,1.2176954,1.3476954,3.0676954,3.9276953,3.8976953,2.5776954,1.5776954,0.6576953,-1.2123047,0.5676953,3.7476952,2.1276953
-0.49230468,-1.4323047,-0.46230468,-0.40230468,0.31769532,0.11769531,1.4576954,0.19769531,0.5876953,0.0076953126,0.43769532,0.8376953,-0.4223047,0.0076953126,-0.7523047,-0.8323047,-1.0623047,-0.9223047,-0.49230468,0.5576953,0.6676953,0.14769532,-0.042304687,0.31769532,0.5876953,0.9076953,0.8376953,0.92769533,1.1776953,1.2976953,1.2676953,2.1676953,4.337695,3.8576953,4.047695,2.1276953,1.2176954,2.2376952,1.8276954,1.3376954,-0.092304684
0.5876953,0.8776953,0.19769531,0.3076953,0.3376953,1.6976953,0.5676953,0.6876953,0.4876953,0.9676953,0.6476953,-0.19230469,-0.8623047,0.4476953,0.8076953,0.7076953,0.4576953,0.06769531,0.4176953,-0.11230469,-0.10230469,-0.5423047,-0.6723047,-0.21230468,-0.012304688,0.19769531,1.5676953,1.6376953,1.5076953,1.3376954,1.7076954,2.7576952,3.6676953,4.1676955,4.047695,3.5476954,3.5976954,2.2376952,2.4776952,1.9176953,0.9176953
0.86769533,1.3576953,2.4276953,1.7376953,1.4576954,0.7676953,1.2376953,1.8076953,1.8776953,1.7376953,1.0276953,0.2776953,1.0876954,-0.14230469,0.4276953,0.9476953,0.5676953,0.7776953,0.6276953,0.6576953,1.0376953,0.79769534,0.5976953,-0.062304687,-0.46230468,-0.08230469,-0.062304687,-0.28230467,0.09769531,0.79769534,1.6676953,2.6076953,3.4476953,5.6176953,6.007695,5.777695,5.127695,2.1776953,1.5876954,1.5576953,0.24769531
1.4676954,1.4376953,1.1476953,2.2576952,1.8976953,1.8576953,1.9676954,2.2076952,2.5176954,2.4776952,2.1276953,0.3276953,0.8176953,1.6376953,0.8776953,1.2976953,1.4376953,1.8476954,1.5476953,1.0876954,0.2776953,0.4576953,0.49769533,-0.0023046874,-0.20230469,-0.8423047,-1.2523047,-0.6823047,-0.4123047,-0.21230468,0.47769532,1.4076953,2.3076954,4.237695,4.1376953,4.817695,4.257695,3.4576952,3.5976954,2.8076954,2.5876954
1.2576953,1.1676953,1.7076954,2.0676954,2.8776953,3.0676954,2.9576952,3.3476954,2.6976953,2.9776952,2.8376954,3.8476954,2.4476953,1.6176953,1.9776953,1.3176953,0.9776953,0.85769534,1.0076953,1.2376953,0.7876953,-0.05230469,-0.3923047,-0.70230466,-1.1223047,-1.9123046,-2.1623046,-1.5823047,-2.1623046,-1.2323047,-1.2323047,-1.4023046,-0.70230466,0.7676953,1.6676953,1.6376953,2.1176953,1.9576954,2.1076953,1.4676954,0.4476953
