wind.json
{"header": {"discipline":0,"disciplineName":"Meteorological products","gribEdition":2,"gribLength":953,"center":7,"centerName":"US National Weather Service - NCEP(WMC)","subcenter":0,"refTime":"2023-07-01T12:00:00.000Z","significanceOfRT":1,"significanceOfRTName":"Start of forecast","productStatus":0,"productStatusName":"Operational products","productType":1,"productTypeName":"Forecast products","productDefinitionTemplate":0,"productDefinitionTemplateName":"Analysis/forecast at horizontal level/layer at a point in time","parameterCategory":0,"parameterCategoryName":"UnknownDiscipline_0_Category_0","parameterNumber":0,"parameterNumberName":"UnknownParameter_D0_C0_0","parameterUnit":"Unknown","genProcessType":2,"genProcessTypeName":"Forecast","forecastTime":180,"surface1Type":1,"surface1TypeName":"Ground or water surface","surface1Value":0.0,"surface2Type":255,"surface2TypeName":"Missing","surface2Value":0.0,"gridDefinitionTemplate":0,"gridDefinitionTemplateName":"Latitude_Longitude","numberPoints":688,"shape":6,"shapeName":"Earth spherical with radius of 6,371,229.0 m","gridUnits":"degrees","resolution":48,"winds":"true","scanMode":64,"nx":43,"ny":16,"basicAngle":0,"lo1":45.0,"la1":40.0,"lo2":87.0,"la2":55.0,"dx":1.0,"dy":1.0}, "data":
[rows 0 to 15 of 16, columns 0 to 42 of 43]
284.564,280.26398,296.26398,296.964,298.464,298.36398,297.26398,295.76398,303.76398,301.76398,302.26398,301.464,302.664,301.86398,300.564,302.26398,302.36398,301.26398,299.664,298.86398,296.86398,295.564,292.76398,292.26398,289.36398,289.164,289.464,281.964,276.164,275.86398,277.76398,291.36398,293.964,293.86398,297.164,300.064,299.26398,300.76398,301.664,301.964,301.36398,302.064,302.964
289.664,297.86398,296.064,290.86398,295.664,296.964,296.86398,295.26398,300.664,303.064,300.964,300.86398,299.464,301.564,300.964,300.76398,301.164,298.564,298.36398,297.964,297.564,297.064,296.164,293.064,290.36398,286.86398,291.26398,296.664,288.664,278.664,276.86398,275.964,277.964,278.564,287.664,296.164,299.664,301.36398,300.36398,300.36398,302.664,302.86398,303.664
290.164,287.26398,278.86398,293.86398,296.76398,296.76398,296.664,294.164,303.26398,300.86398,299.464,298.76398,298.86398,297.76398,297.664,297.36398,296.564,296.76398,296.564,296.664,294.86398,294.164,295.464,292.76398,291.36398,283.664,273.964,275.36398,284.464,277.36398,277.964,274.464,279.76398,273.36398,280.564,263.86398,278.564,294.064,292.76398,297.76398,303.064,294.664,283.564
292.26398,294.464,295.164,296.86398,296.76398,296.964,295.964,301.76398,302.464,300.464,298.164,296.86398,295.26398,294.564,293.76398,296.164,297.164,295.464,294.664,293.76398,291.964,293.86398,294.464,291.76398,291.76398,288.564,290.26398,290.464,291.36398,290.86398,288.86398,281.164,273.564,275.76398,282.964,283.164,284.164,285.86398,278.964,280.964,282.26398,280.86398,281.164
297.164,297.664,294.76398,297.86398,297.964,297.464,298.064,300.664,301.064,299.064,298.564,297.86398,295.76398,294.664,295.164,294.664,295.76398,295.26398,296.564,295.164,295.964,295.064,292.464,287.564,294.86398,295.464,295.664,295.664,296.564,291.76398,292.664,294.76398,294.86398,290.76398,295.86398,294.76398,294.26398,291.464,281.26398,279.664,284.36398,294.464,298.26398
296.164,298.964,298.564,298.664,298.464,299.26398,300.36398,301.76398,301.964,300.564,299.76398,297.86398,296.064,294.76398,295.664,294.964,292.064,296.26398,296.26398,295.664,293.36398,296.76398,296.36398,294.86398,294.464,294.664,293.76398,295.064,295.964,295.064,294.664,296.164,298.26398,294.664,283.564,274.664,285.26398,294.36398,296.164,302.164,302.064,301.164,301.164
300.464,302.464,302.564,302.664,299.464,298.964,298.564,298.26398,299.464,300.76398,298.86398,297.86398,295.964,294.964,293.86398,294.064,293.86398,294.86398,296.164,295.964,295.464,296.26398,294.964,294.064,292.964,292.564,292.76398,292.36398,294.964,290.564,295.464,298.464,297.26398,297.464,295.664,293.164,292.464,292.664,289.36398,290.564,298.664,301.464,300.064
301.664,301.86398,301.664,301.86398,303.564,301.964,299.064,298.26398,299.064,298.664,298.86398,298.26398,296.26398,294.964,294.26398,293.464,294.464,295.664,294.86398,295.164,294.964,293.164,291.86398,292.164,291.664,291.76398,290.164,291.26398,293.064,294.86398,295.664,296.26398,294.76398,295.664,295.86398,296.464,294.36398,293.26398,290.164,286.964,285.464,284.964,296.164
299.464,297.164,299.964,300.76398,302.76398,301.964,301.76398,300.564,298.664,297.76398,295.464,295.164,294.36398,293.76398,292.564,293.86398,293.664,294.064,293.76398,294.26398,293.464,289.664,290.964,290.464,290.464,290.76398,289.564,287.26398,287.964,290.164,291.464,294.26398,293.564,292.86398,292.36398,291.464,291.464,294.964,295.964,288.164,294.86398,294.464,292.064
291.564,300.564,300.964,299.664,302.664,299.564,300.464,297.86398,296.464,295.86398,294.464,292.86398,291.86398,291.664,289.464,291.36398,291.564,292.76398,292.464,292.664,292.164,293.664,291.76398,291.564,289.36398,288.86398,287.564,288.36398,286.464,286.76398,287.064,287.664,288.664,289.064,290.76398,291.86398,292.36398,290.86398,291.064,292.064,283.664,282.164,282.464
294.464,295.564,294.464,298.26398,300.464,297.564,296.76398,295.26398,294.064,293.36398,292.36398,290.76398,289.36398,288.964,289.064,289.464,289.86398,290.664,290.664,290.164,289.86398,290.564,287.86398,288.36398,289.664,288.664,287.86398,287.564,289.064,289.664,288.964,288.36398,289.26398,291.164,292.664,292.664,291.964,290.664,288.26398,287.164,287.36398,283.464,281.76398
292.86398,291.86398,295.564,294.76398,295.464,294.664,294.36398,293.164,291.964,290.664,289.164,288.164,287.164,286.26398,287.464,286.26398,286.164,286.664,286.664,287.664,287.86398,286.76398,287.464,287.164,287.164,287.164,286.564,287.164,286.964,290.164,290.964,292.064,292.26398,291.964,293.36398,292.964,291.164,289.564,285.86398,284.36398,284.064,283.564,284.26398
290.464,290.064,291.36398,291.664,292.164,291.564,290.26398,289.36398,287.664,286.964,285.164,285.064,282.564,283.064,284.36398,284.464,284.76398,284.564,284.76398,284.564,284.564,284.26398,284.164,285.36398,287.464,287.86398,285.76398,288.86398,288.964,291.36398,291.664,291.36398,290.064,290.564,291.664,291.26398,289.664,290.76398,290.964,289.064,289.464,288.36398,288.964
289.564,289.86398,290.76398,289.36398,289.26398,288.26398,289.064,288.36398,286.464,284.464,282.464,282.36398,281.564,279.564,281.86398,282.36398,283.164,283.464,283.564,283.164,286.26398,285.464,285.26398,284.564,284.26398,283.86398,287.164,288.76398,290.564,289.76398,291.36398,290.164,291.26398,291.26398,292.064,292.26398,290.964,290.26398,290.36398,289.86398,289.76398,290.064,288.76398
290.76398,289.464,288.86398,289.964,290.76398,289.664,287.464,286.664,285.76398,285.464,284.164,282.564,281.86398,279.064,279.964,281.664,282.564,282.964,283.164,286.164,286.564,286.064,284.36398,284.564,283.964,284.26398,285.664,287.564,288.564,289.164,288.36398,289.164,291.964,291.164,291.564,291.86398,291.064,291.064,290.564,289.664,289.26398,288.464,289.964
290.464,290.464,290.76398,292.464,291.464,289.164,288.76398,287.564,287.26398,285.26398,284.76398,281.664,282.26398,279.36398,280.464,281.26398,282.464,282.36398,282.76398,285.664,285.76398,286.164,285.86398,285.36398,285.964,285.76398,285.564,285.76398,286.36398,287.76398,287.464,289.164,289.36398,286.76398,290.464,289.86398,290.164,290.664,290.164,289.564,290.064,289.464,289.86398
