wind.json
{"header": {"discipline":0,"disciplineName":"Meteorological products","gribEdition":2,"gribLength":1125,"center":7,"centerName":"US National Weather Service - NCEP(WMC)","subcenter":0,"refTime":"2023-05-30T18:00:00.000Z","significanceOfRT":1,"significanceOfRTName":"Start of forecast","productStatus":0,"productStatusName":"Operational products","productType":1,"productTypeName":"Forecast products","productDefinitionTemplate":0,"productDefinitionTemplateName":"Analysis/forecast at horizontal level/layer at a point in time","parameterCategory":2,"parameterCategoryName":"UnknownDiscipline_0_Category_2","parameterNumber":3,"parameterNumberName":"UnknownParameter_D0_C2_3","parameterUnit":"Unknown","genProcessType":2,"genProcessTypeName":"Forecast","forecastTime":180,"surface1Type":103,"surface1TypeName":"Specified height level above ground","surface1Value":10.0,"surface2Type":255,"surface2TypeName":"Missing","surface2Value":0.0,"gridDefinitionTemplate":0,"gridDefinitionTemplateName":"Latitude_Longitude","numberPoints":688,"shape":6,"shapeName":"Earth spherical with radius of 6,371,229.0 m","gridUnits":"degrees","resolution":48,"winds":"true","scanMode":64,"nx":43,"ny":16,"basicAngle":0,"lo1":45.0,"la1":40.0,"lo2":87.0,"la2":55.0,"dx":1.0,"dy":1.0}, "data":
[rows 0 to 15 of 16, columns 0 to 42 of 43]
1.7109082,-1.7890918,-0.3890918,3.3109083,-0.5590918,-6.049092,-7.5590916,-6.469092,-1.9990917,-0.7690918,0.0809082,-1.7190918,-1.5390918,-2.9390917,-4.369092,-4.839092,-2.4890919,-3.4890919,-6.799092,-3.209092,0.6409082,0.1809082,-1.8290918,-4.659092,-2.7590919,-2.9990919,-2.6890917,-3.729092,-1.6290917,-0.48909178,-1.2190918,2.4309082,0.9509082,1.0209082,0.7609082,2.550908,1.3809083,0.6709082,0.5309082,-1.4490918,-0.019091796,-1.2990918,-0.6190918
-1.5290918,0.26090822,1.8909082,1.6409082,-2.8190918,-5.389092,-6.0390916,-5.369092,-2.7890918,-2.1290917,-0.2990918,-1.5690918,-2.5690918,-4.739092,-5.799092,-5.3990917,-2.8090918,-4.2890916,-5.0390916,-0.13909179,-0.1790918,-2.229092,-2.209092,0.4509082,-2.3090918,0.5909082,1.9909081,1.2509083,-1.0390918,-0.7190918,-1.6690918,-1.4290918,1.4309082,0.6709082,-0.6390918,0.3309082,0.3609082,0.8809082,2.6609082,1.2209082,2.270908,1.0109082,-0.2890918
0.1709082,2.300908,-2.469092,-2.6590917,-2.3490918,-2.7390919,-3.699092,-3.8690917,-2.449092,-3.4190917,-3.9390917,-4.1090918,-4.009092,-3.3690917,-5.579092,-4.9390917,-3.9890919,-4.5390916,-4.139092,0.8309082,1.8309082,-0.2090918,-3.209092,-3.459092,0.020908203,1.3409082,1.9709082,3.540908,2.9309082,-0.48909178,0.4209082,-0.5790918,-2.1590917,-0.2990918,0.90090823,2.0109081,1.3609082,4.1909084,5.380908,2.4709082,1.7209082,1.4509082,-0.3290918
-1.6290917,-1.9190918,-0.8890918,-2.7890918,-2.8290918,-3.2790918,-3.6890917,-3.2990918,-1.9690918,-2.8490918,-2.9190917,-3.4190917,-3.9190917,-4.639092,-4.2490916,-5.569092,-3.6490917,-3.4090917,-3.1190917,-1.0690918,4.660908,1.5209082,-1.4390918,-0.6990918,-0.029091798,-2.0090919,-2.4390917,-1.3890918,-0.4990918,0.5009082,2.4509082,-2.199092,-2.6190917,0.4409082,-1.9790918,1.5909082,1.0309082,-2.6390917,-4.009092,-1.1490918,-2.6690917,0.010908203,0.7309082
0.8709082,-0.6790918,-1.3190918,-2.7990918,-3.7790918,-4.429092,-5.3090916,-6.239092,-5.829092,-3.6690917,-1.7890918,-1.3690917,-2.6590917,-3.209092,-5.219092,-5.079092,-4.9390917,-2.959092,-3.2390919,-3.1790917,5.8509083,2.1709082,-0.4990918,-1.2890918,-1.2690918,1.0609082,-1.1090918,-0.4490918,-0.4990918,-0.6490918,-1.6590918,-0.5890918,3.6809082,1.5909082,1.4009082,0.4909082,1.9209082,1.8709083,3.8609083,1.9209082,-4.619092,-2.479092,-2.2790918
-0.6190918,-1.3490918,-1.8490918,-2.9090917,-4.119092,-5.5590916,-7.0390916,-6.2090917,-5.3090916,-3.8990917,-3.7890918,-0.9890918,-2.8390918,-3.7490919,-1.4090918,-4.679092,-5.1290917,-2.6890917,-1.7290918,-1.6890918,-0.3090918,0.90090823,1.0309082,2.2109082,1.2409081,0.7509082,0.5709082,0.4209082,-0.3390918,-0.9590918,-0.0890918,0.8509082,-1.4290918,-3.5790918,-2.4190917,-3.0190918,1.5709082,1.4109082,2.0109081,2.1609082,0.5209082,-0.2490918,-1.3590918
-1.7190918,-2.6390917,-2.7590919,-2.969092,-3.0990918,-6.779092,-8.179091,-7.7890916,-6.5190916,-4.719092,-2.5790918,-0.7590918,-3.9290917,-6.029092,-0.5390918,-3.5190918,-5.389092,-3.8790917,-3.0390918,-1.4390918,-2.3190918,-0.4090918,3.4309082,2.8909082,3.0109081,-0.48909178,-1.1690918,1.6209083,1.6009082,0.1609082,-1.1390918,1.9109082,0.4209082,-0.6890918,-3.0290918,-2.4990919,-2.7590919,-1.8190918,-3.1490917,-4.6890917,-4.489092,4.090908,0.9509082
-2.699092,-3.699092,-3.4990919,-3.8490918,-5.529092,-6.6090918,-7.009092,-6.3990917,-6.3590918,-4.5190916,-2.1690917,-2.0490918,-1.1190917,-3.0790918,-6.2090917,-7.009092,-6.4790916,-4.8990917,-4.529092,-4.5190916,-1.2390918,-0.119091794,3.9809082,3.5109081,5.300908,1.6309083,-2.4990919,-1.9190918,-0.3390918,1.2109082,3.030908,4.420908,2.040908,-0.2590918,-1.1290917,-0.45909178,-0.2190918,0.2409082,3.050908,0.7709082,-2.209092,3.1309083,-0.3090918
-2.7790918,-4.1290917,-3.5990918,-3.9990919,-5.7490916,-7.0390916,-7.119092,-5.6890917,-6.319092,-4.2290916,-3.0890918,-3.3990917,-2.949092,-1.6090918,-3.5090919,-5.9990916,-7.8590918,-7.909092,-6.1890917,-2.719092,-0.079091795,3.290908,4.510908,4.1009083,4.130908,0.2809082,-2.979092,-2.0990918,0.3509082,2.520908,1.8709083,0.19090821,0.040908203,-0.4290918,1.6309083,-0.3390918,-1.2090918,-2.4890919,-0.16909179,-2.7690918,-0.2090918,-0.8090918,0.9309082
-4.2090917,-4.319092,-5.119092,-4.409092,-4.6490917,-7.2490916,-6.6890917,-5.779092,-5.3790917,-4.4790916,-3.7490919,-3.1690917,-3.6290917,-3.6690917,-4.389092,-6.4190917,-7.759092,-6.6090918,-6.8990917,-4.619092,-2.8790917,1.9709082,4.1009083,5.3509083,6.590908,2.6809082,0.7209082,-0.5790918,-0.9990918,-0.109091796,0.8509082,-1.0990918,-1.7690918,-2.6890917,-3.2790918,-3.1290917,-3.4390917,-1.7890918,1.6409082,-1.7090918,-2.469092,1.6009082,2.9109082
-1.7190918,-4.1090918,-4.579092,-4.259092,-3.5390918,-5.909092,-7.329092,-6.159092,-3.9990919,-4.3590918,-3.729092,-3.4290917,-3.969092,-4.4190917,-5.1290917,-5.719092,-7.0190916,-8.669092,-7.409092,-7.759092,-5.2290916,-5.7090917,-1.4690918,2.4409082,2.6809082,1.9609082,0.040908203,-0.6290918,-1.5090919,-1.3390918,-2.7690918,-2.7590919,-5.179092,-3.6090918,-0.45909178,-4.869092,-2.8190918,-0.7690918,-0.5490918,2.7009082,0.4909082,-2.4090917,-1.1690918
-1.4490918,-3.3590918,-4.279092,-4.6090918,-3.4890919,-4.7690916,-6.339092,-6.279092,-4.2690916,-1.7390918,-2.3190918,-3.199092,-3.6690917,-4.759092,-5.2490916,-4.969092,-4.259092,-5.989092,-7.429092,-8.1390915,-5.829092,-5.9390917,-5.7890916,-4.369092,-1.9490918,-0.9390918,-2.5290918,-3.0990918,-1.4190918,-3.0190918,-3.2690918,-3.7590919,-5.9990916,-3.5590918,-0.1790918,-3.6390917,-2.0690918,-1.8290918,-1.1390918,-2.0590918,-0.5290918,0.3709082,-0.0990918
9.0820313E-4,-0.8090918,-2.8190918,-3.5690918,-2.6690917,-3.8690917,-4.8590918,-5.9990916,-5.6290917,-1.2190918,-1.9890918,-2.209092,-2.3690917,-4.619092,-5.409092,-6.779092,-7.159092,-8.589092,-9.319092,-9.309092,-8.429091,-8.159092,-5.819092,-4.799092,-4.329092,-4.029092,-3.9290917,-4.4790916,-5.139092,-5.3790917,-4.569092,-4.069092,-4.719092,-4.569092,-3.4190917,-2.4090917,-2.3290918,-1.5590918,-2.0290918,-1.8290918,-2.8890917,-2.2890918,-1.4590918
0.050908204,0.050908204,-0.119091794,-1.8490918,-3.1390917,-2.5990918,-3.9190917,-3.6290917,-4.6090918,-4.0390916,-4.029092,-2.5090919,-2.1590917,-2.5890918,-3.9390917,-4.699092,-5.569092,-5.719092,-7.099092,-7.1290917,-7.369092,-7.2090917,-6.3790917,-5.3790917,-4.6290917,-4.9590917,-5.569092,-5.699092,-5.7490916,-5.639092,-5.319092,-4.739092,-3.1790917,-3.7590919,-3.7690918,-2.0290918,-2.719092,-1.1690918,-0.5790918,-1.0890918,-1.3790917,-0.13909179,-0.2990918
1.3709083,0.2809082,0.2409082,-1.0490918,-1.5690918,-1.3790917,-2.3190918,-2.6390917,-3.4290917,-3.979092,-3.0190918,-3.5490918,-2.0490918,-1.3390918,-2.2490919,-2.4290917,-3.7490919,-4.139092,-4.5390916,-5.0590916,-5.4390917,-5.179092,-4.739092,-4.9390917,-5.139092,-5.139092,-5.3090916,-5.509092,-5.7290916,-5.9390917,-5.0590916,-5.3590918,-4.7490916,-3.0290918,-3.0790918,-3.7490919,-2.0890918,-2.0490918,-1.8990918,0.4309082,1.1709082,-0.0990918,0.040908203
1.0509082,0.4909082,0.22090821,0.2109082,-0.4690918,0.2109082,-0.7190918,-0.84909177,-1.2190918,-2.4990919,-3.0490918,-2.5190918,-1.7090918,-2.0090919,-2.3390918,-1.3490918,-2.9190917,-2.6090918,-2.709092,-3.979092,-4.469092,-5.6290917,-5.7890916,-5.179092,-5.219092,-5.1290917,-5.409092,-5.579092,-5.589092,-5.2890916,-5.2090917,-5.599092,-6.2690916,-3.0090919,-2.3390918,-3.6590917,-2.6590917,-1.8790917,-0.7490918,-1.0790918,-0.8790918,-1.0590918,0.2109082
