wind_kz.json
{"header": {"discipline":0,"disciplineName":"Meteorological products","gribEdition":2,"gribLength":1025,"center":7,"centerName":"US National Weather Service - NCEP(WMC)","subcenter":0,"refTime":"2023-09-23T00:00:00.000Z","significanceOfRT":1,"significanceOfRTName":"Start of forecast","productStatus":0,"productStatusName":"Operational products","productType":1,"productTypeName":"Forecast products","productDefinitionTemplate":0,"productDefinitionTemplateName":"Analysis/forecast at horizontal level/layer at a point in time","parameterCategory":2,"parameterCategoryName":"UnknownDiscipline_0_Category_2","parameterNumber":2,"parameterNumberName":"UnknownParameter_D0_C2_2","parameterUnit":"Unknown","genProcessType":2,"genProcessTypeName":"Forecast","forecastTime":60,"surface1Type":103,"surface1TypeName":"Specified height level above ground","surface1Value":10.0,"surface2Type":255,"surface2TypeName":"Missing","surface2Value":0.0,"gridDefinitionTemplate":0,"gridDefinitionTemplateName":"Latitude_Longitude","numberPoints":615,"shape":6,"shapeName":"Earth spherical with radius of 6,371,229.0 m","gridUnits":"degrees","resolution":48,"winds":"true","scanMode":64,"nx":41,"ny":15,"basicAngle":0,"lo1":47.0,"la1":41.0,"lo2":87.0,"la2":55.0,"dx":1.0,"dy":1.0}, "data":
[rows 0 to 14 of 15, columns 0 to 40 of 41]
0.52144533,0.8514453,-4.4785547,-4.378555,-3.3485546,-0.4785547,-7.028555,-6.5985546,-6.818555,-5.9585547,-4.7485547,-3.8885546,-3.8285546,-3.2285547,-2.8785546,-2.1285546,-1.2685547,-1.9185547,-2.7985547,-1.0485547,1.9614453,1.0114453,3.1314454,2.7614453,1.5714453,2.1814454,1.2314453,2.2314453,0.06144531,-0.5185547,-0.07855469,-1.2785547,-1.2285547,-1.7185547,-0.7085547,-0.27855468,-0.60855466,-1.0085547,-0.6985547,-2.8185546,-2.5785546
0.4514453,-3.0585546,-6.858555,-5.6985545,-3.1785548,0.9314453,-6.0785546,-6.2185545,-5.918555,-5.548555,-4.9685545,-4.8685546,-4.938555,-4.4085546,-4.2185545,-3.6985548,-1.8885547,-1.6185547,-2.0685546,-5.1785545,-3.5385547,-2.4385548,0.21144532,1.8014454,0.9914453,-0.53855467,0.41144532,0.2214453,-3.7985547,-0.6385547,0.2214453,-0.7585547,0.081445314,-2.3385546,0.20144531,1.2614453,0.15144531,-0.4585547,-0.9985547,-1.0785546,0.7214453
-4.9585547,-6.2685547,-7.4885545,-4.8285546,-2.5385547,-4.5785546,-4.1985545,-4.2485547,-6.278555,-6.0085545,-6.418555,-6.0985546,-5.188555,-5.818555,-5.668555,-5.188555,-4.8685546,-4.8085546,-3.6285546,-3.3285546,-9.528555,-9.908555,-8.768555,-9.258554,-4.5185547,-5.4085546,-3.4885547,-1.3385547,2.6614454,-1.2385547,-0.14855468,-2.1885548,0.3614453,-1.3185546,-3.2785547,-0.4885547,0.9214453,-1.0285547,4.931445,3.4614453,1.8914453
-7.1585546,-7.648555,-6.2185545,-2.9485548,-2.6885548,-4.7685547,-3.5185547,-5.858555,-5.9085546,-6.548555,-7.4285545,-6.8485546,-4.628555,-2.8885546,-6.5085545,-7.168555,-8.058555,-8.988555,-9.618555,-10.618555,-9.658555,-11.558555,-8.798554,-9.438555,-9.758554,-9.398555,-9.078555,-8.208554,-7.9085546,-4.568555,-1.3985547,1.7614453,1.8114454,0.8214453,2.0014453,1.9514453,-1.9885547,3.0014453,-0.058554687,-0.7685547,1.3514453
-7.878555,-6.8885546,-6.9885545,-6.3485546,-5.0585546,-5.5785546,-5.7485547,-5.9085546,-5.5785546,-6.1385546,-7.0185547,-6.6385546,-4.128555,-0.9285547,-3.1485548,-8.088554,-8.868555,-9.008554,-9.498554,-10.118555,-10.738555,-9.898555,-9.518555,-9.408555,-9.608555,-8.998554,-8.548554,-7.8885546,-7.1585546,-6.5585546,-6.6785545,-4.4585547,-2.2785547,0.9214453,-2.2785547,-1.1085547,4.681445,-2.4585547,-1.9985547,-1.9485546,-0.4785547
-5.9985547,-6.0785546,-6.3485546,-6.338555,-4.7485547,-3.8385546,-5.6785545,-5.798555,-5.1785545,-4.918555,-5.2685547,-6.1585546,-5.668555,-3.9285548,-5.5585546,-7.068555,-8.078555,-8.588554,-9.258554,-8.978555,-9.048554,-8.438555,-7.858555,-7.7185545,-7.7285547,-7.9885545,-7.2385545,-5.5785546,-5.4585547,-4.9885545,-5.338555,-5.2885547,-4.9285545,-4.1985545,-1.4885547,1.4614453,0.58144534,3.2114453,3.2314453,-2.9085548,-1.4985547
-5.898555,-5.5385547,-5.0385547,-4.2185545,-2.1685548,-5.2685547,-5.3085546,-5.0185547,-5.0585546,-4.7485547,-4.628555,-5.418555,-5.5185547,-6.088555,-6.0185547,-6.128555,-6.1385546,-6.338555,-6.378555,-6.5985546,-6.6385546,-6.0385547,-5.4285545,-4.8485546,-4.4585547,-4.778555,-4.2085547,-2.5585546,-3.5185547,-2.8385546,-2.0185547,-3.5185547,-2.2685547,-2.0785546,1.6814454,2.0814452,0.7514453,-0.4885547,1.4614453,1.0014453,4.2914453
-5.378555,-5.4585547,-5.3285546,-5.108555,-5.0385547,-4.6385546,-4.528555,-4.6185546,-4.548555,-4.4885545,-4.5185547,-4.568555,-4.5585546,-4.608555,-4.668555,-4.8685546,-4.278555,-4.3285546,-3.9685547,-4.4685545,-4.528555,-4.2185545,-3.6085546,-3.1185546,-3.9485548,-2.4485548,-0.85855466,-0.2985547,-0.85855466,-1.5185547,-1.1185547,-1.1785547,-0.36855468,-1.5885547,-0.6385547,1.3114454,2.2314453,6.4014454,6.3414454,8.571445,6.1714454
-2.5185547,-3.6385546,-2.9785547,-4.3685546,-4.4085546,-4.278555,-4.3485546,-3.8685546,-3.5585546,-3.6985548,-3.7385547,-3.6385546,-3.7285547,-3.0185547,-2.8185546,-2.6285546,-2.7485547,-2.9585547,-2.4785547,-1.9385546,-1.8785547,-1.8685547,-1.9285547,-2.1285546,-1.2185547,0.5514453,0.8114453,1.1814454,1.5014453,2.0214453,1.5714453,0.8814453,0.4514453,1.8714453,0.8114453,0.5114453,-0.7585547,-0.7085547,-1.2985547,1.3114454,-0.6285547
-3.9985547,-1.5285547,-1.0385547,-3.0085547,-3.6285546,-3.2285547,-2.9185548,-2.7185547,-2.8285546,-2.4585547,-2.1585548,-2.3085546,-1.9485546,-1.3685547,-1.4685547,-0.7085547,-0.2985547,-0.2585547,-0.20855469,-0.2985547,-0.42855468,-0.8085547,-0.5985547,1.3614453,2.0514452,1.8814453,2.2214453,2.7314453,2.2614453,3.5914452,2.7314453,0.15144531,1.8114454,-0.3185547,0.5714453,-1.1885546,0.5114453,0.14144531,0.111445315,0.8514453,0.5414453
-0.6985547,-1.9185547,-1.4385546,-0.20855469,-0.3285547,0.7214453,0.18144532,1.4614453,1.9114453,2.4314454,1.5214453,1.5114453,0.96144533,1.1614453,2.0814452,2.1214454,2.2214453,2.2614453,1.7314453,1.6514453,1.0614454,1.8314453,2.8014452,2.7814453,2.3814454,2.3014452,2.8014452,1.9114453,2.4814453,3.0514452,1.9214454,3.1114454,2.5314453,1.2314453,2.1114454,-0.9285547,-0.6385547,0.8114453,0.24144532,-0.2885547,1.0714453
1.5014453,0.20144531,1.9714453,2.6414454,1.9914453,1.8114454,1.1614453,1.6014453,1.6614453,1.8914453,2.8214452,4.4014454,1.9614453,2.9914453,3.7014453,2.4114454,1.3914453,1.8314453,2.1014452,3.0414453,2.7714453,2.9914453,3.3514452,3.5014453,3.3914454,3.9614453,3.6014452,4.1514454,4.1514454,3.6614454,3.0214453,2.7614453,3.0314453,2.2714453,2.3214452,3.0314453,3.2614453,1.0414453,0.8214453,0.051445313,-0.8385547
3.0014453,3.1014452,2.2314453,2.6414454,3.3614454,3.1114454,3.5614452,2.9614453,2.4314454,2.2614453,2.2214453,2.6514454,1.9814453,1.9614453,3.0714452,2.0414453,2.6014452,2.6814454,2.6214454,2.9314454,3.3014452,3.4814453,3.3314452,3.4014454,4.0114455,4.061445,3.7514453,3.7414453,3.5414453,4.2314453,5.121445,2.0114453,3.7014453,2.3314452,3.7714453,4.681445,2.3214452,0.9814453,3.2614453,-0.2885547,0.3314453
3.9314454,4.561445,1.8814453,4.0214453,4.2914453,4.0414453,4.0714455,4.3014455,3.7314453,2.8414452,2.1914454,2.8814454,3.8414452,2.7414453,3.2014453,3.1514454,3.4314454,3.3114452,3.4114454,3.8214452,4.1514454,3.5214453,4.1314454,3.8814454,4.2514453,4.3814454,4.2714453,3.7514453,3.7714453,3.9014454,3.7514453,4.101445,2.3214452,3.7214453,3.4014454,3.9014454,0.4614453,1.3414453,1.1614453,0.5014453,0.031445313
1.7714453,4.721445,4.951445,4.5014453,5.3814454,4.7314453,4.7114453,4.2314453,4.851445,4.561445,1.6814454,4.0114455,3.1914454,2.8214452,2.5214453,3.8914454,4.331445,4.3214455,4.2814455,4.5714455,4.7714453,4.2714453,4.391445,3.9914453,4.2314453,4.2914453,4.0914454,3.1814454,3.1414454,3.5414453,4.5514455,3.7814453,2.7214453,3.5614452,4.1514454,2.6014452,1.1414453,2.8614454,0.8614453,0.0014453125,-0.72855467
