wind_kz.json
{"header": {"discipline":0,"disciplineName":"Meteorological products","gribEdition":2,"gribLength":948,"center":7,"centerName":"US National Weather Service - NCEP(WMC)","subcenter":0,"refTime":"2023-09-21T12:00:00.000Z","significanceOfRT":1,"significanceOfRTName":"Start of forecast","productStatus":0,"productStatusName":"Operational products","productType":1,"productTypeName":"Forecast products","productDefinitionTemplate":0,"productDefinitionTemplateName":"Analysis/forecast at horizontal level/layer at a point in time","parameterCategory":0,"parameterCategoryName":"UnknownDiscipline_0_Category_0","parameterNumber":0,"parameterNumberName":"UnknownParameter_D0_C0_0","parameterUnit":"Unknown","genProcessType":2,"genProcessTypeName":"Forecast","forecastTime":0,"surface1Type":1,"surface1TypeName":"Ground or water surface","surface1Value":0.0,"surface2Type":255,"surface2TypeName":"Missing","surface2Value":0.0,"gridDefinitionTemplate":0,"gridDefinitionTemplateName":"Latitude_Longitude","numberPoints":615,"shape":6,"shapeName":"Earth spherical with radius of 6,371,229.0 m","gridUnits":"degrees","resolution":48,"winds":"true","scanMode":64,"nx":41,"ny":15,"basicAngle":0,"lo1":47.0,"la1":41.0,"lo2":87.0,"la2":55.0,"dx":1.0,"dy":1.0}, "data":
[rows 0 to 14 of 15, columns 0 to 40 of 41]
301.7772,288.8772,298.3772,295.0772,295.1772,295.1772,303.9772,308.1772,305.2772,306.1772,304.3772,304.8772,304.0772,304.1772,303.3772,302.8772,303.0772,302.8772,303.2772,302.4772,303.4772,299.7772,299.0772,294.7772,296.9772,299.8772,295.1772,281.6772,280.8772,279.9772,277.3772,278.4772,290.6772,296.7772,296.0772,295.4772,295.2772,292.6772,291.1772,292.1772,294.3772
285.3772,295.9772,294.3772,294.6772,294.8772,294.0772,309.8772,305.7772,304.2772,304.0772,305.3772,304.2772,304.8772,302.2772,303.3772,302.7772,302.7772,302.8772,301.2772,301.1772,300.4772,300.5772,296.8772,287.6772,279.3772,276.7772,287.4772,280.6772,283.6772,276.6772,280.2772,271.1772,282.5772,252.9772,279.5772,291.2772,288.2772,292.0772,292.4772,284.6772,284.0772
298.8772,293.5772,294.3772,294.1772,292.4772,305.7772,304.8772,305.0772,305.0772,304.7772,303.7772,304.2772,303.0772,302.2772,302.8772,297.0772,298.1772,298.3772,298.9772,298.8772,298.2772,295.5772,296.8772,291.8772,294.7772,293.4772,293.1772,293.2772,292.7772,281.3772,274.4772,275.4772,282.1772,281.7772,282.3772,281.3772,273.8772,275.3772,277.2772,271.7772,269.6772
300.3772,293.3772,294.7772,293.8772,296.1772,305.1772,304.4772,306.3772,305.1772,303.9772,303.2772,301.9772,292.7772,292.3772,301.1772,301.0772,299.8772,299.9772,298.1772,295.2772,295.4772,292.7772,295.7772,293.9772,296.5772,297.5772,296.3772,294.6772,294.3772,294.3772,294.3772,290.5772,295.8772,292.9772,291.4772,286.3772,275.1772,265.6772,278.6772,286.8772,290.8772
301.8772,293.2772,294.2772,293.6772,297.7772,303.7772,304.6772,303.2772,301.4772,302.1772,302.8772,301.8772,292.1772,291.2772,290.0772,297.0772,299.9772,297.6772,294.6772,295.1772,297.8772,297.9772,294.5772,296.0772,295.7772,291.7772,292.0772,292.9772,295.6772,294.7772,297.0772,292.3772,279.1772,272.3772,283.8772,292.9772,294.6772,296.4772,297.0772,296.0772,294.8772
302.8772,301.8772,292.6772,293.2772,293.2772,292.9772,302.9772,303.9772,300.8772,302.3772,302.6772,300.1772,292.4772,291.4772,294.7772,297.7772,299.3772,298.5772,296.0772,295.2772,295.8772,295.6772,296.0772,292.8772,294.9772,291.1772,294.8772,289.6772,295.5772,295.6772,293.5772,295.1772,292.4772,291.4772,286.5772,291.9772,282.0772,284.1772,291.8772,295.2772,295.0772
305.4772,304.8772,305.5772,304.7772,300.1772,303.0772,303.6772,302.4772,303.0772,302.2772,300.2772,298.7772,297.8772,297.3772,297.4772,297.9772,297.8772,298.5772,295.9772,293.6772,293.9772,297.8772,296.3772,294.5772,292.8772,293.3772,293.4772,294.0772,292.8772,293.7772,293.0772,291.1772,291.7772,291.1772,289.9772,287.3772,282.0772,280.4772,278.8772,277.6772,288.3772
305.3772,305.6772,304.9772,303.4772,302.8772,302.0772,302.7772,301.1772,300.7772,299.9772,298.6772,297.0772,296.1772,295.3772,296.5772,296.7772,296.4772,294.7772,294.2772,292.1772,293.1772,291.9772,292.3772,294.1772,291.2772,289.3772,288.4772,290.0772,289.2772,288.8772,288.1772,289.2772,287.6772,285.3772,284.3772,285.3772,287.7772,288.3772,290.4772,288.9772,285.5772
304.9772,303.1772,302.6772,301.9772,301.6772,300.7772,301.1772,300.1772,298.9772,297.6772,296.2772,295.9772,294.7772,295.5772,294.9772,296.0772,295.2772,296.4772,293.4772,291.2772,289.8772,290.1772,290.6772,291.6772,290.6772,290.8772,287.6772,287.0772,287.0772,285.3772,286.0772,286.7772,287.7772,287.8772,286.3772,284.2772,284.4772,283.9772,275.2772,274.5772,274.9772
302.4772,301.5772,301.9772,301.4772,300.9772,300.6772,300.4772,300.0772,298.9772,297.8772,296.0772,294.3772,294.7772,293.8772,294.1772,293.8772,294.5772,294.6772,294.3772,292.7772,290.8772,290.4772,291.4772,292.8772,291.9772,288.7772,288.6772,288.5772,288.5772,286.7772,287.5772,289.4772,290.6772,289.0772,285.7772,284.7772,283.0772,279.8772,278.4772,277.8772,275.9772
301.1772,300.7772,299.9772,298.7772,298.5772,298.6772,298.5772,298.8772,297.9772,297.1772,295.3772,294.2772,293.3772,292.5772,292.8772,293.3772,293.3772,293.4772,293.3772,292.4772,292.6772,291.7772,292.2772,292.6772,292.0772,290.0772,287.6772,289.6772,291.1772,291.8772,292.4772,291.9772,290.5772,289.0772,288.1772,285.2772,280.7772,278.8772,278.4772,279.9772,278.8772
300.3772,300.9772,300.5772,299.6772,297.8772,296.6772,295.1772,295.4772,296.3772,295.0772,291.6772,291.3772,292.0772,290.3772,290.6772,291.5772,291.9772,291.7772,291.7772,290.6772,289.6772,289.8772,290.2772,289.5772,289.7772,291.9772,291.4772,292.2772,291.3772,291.9772,290.7772,291.1772,290.7772,288.7772,288.1772,287.8772,287.8772,286.5772,283.0772,284.9772,284.0772
297.3772,299.0772,298.9772,298.2772,297.2772,295.7772,295.1772,295.1772,294.0772,292.8772,289.6772,288.5772,290.9772,289.6772,290.4772,290.6772,290.7772,289.9772,290.7772,288.6772,288.6772,287.5772,287.5772,287.5772,289.1772,290.5772,292.0772,291.6772,292.0772,291.1772,291.3772,291.1772,290.7772,290.3772,288.8772,288.3772,287.7772,288.1772,286.3772,285.4772,284.8772
298.0772,298.2772,293.3772,297.8772,297.0772,296.1772,294.3772,292.5772,293.0772,292.1772,288.8772,287.3772,289.3772,289.7772,289.8772,290.3772,290.1772,289.2772,289.4772,289.1772,289.4772,288.7772,288.7772,288.3772,288.9772,290.1772,290.5772,291.1772,290.7772,290.6772,290.8772,290.0772,289.8772,288.6772,289.6772,288.7772,288.2772,288.2772,287.8772,284.3772,284.5772
294.2772,297.7772,288.0772,297.9772,296.8772,295.9772,294.8772,294.3772,294.7772,293.3772,291.6772,288.8772,288.3772,289.8772,290.0772,290.3772,289.9772,289.1772,290.1772,289.2772,290.0772,289.5772,289.8772,289.1772,288.3772,288.4772,288.6772,288.6772,289.6772,289.7772,289.7772,286.0772,289.1772,289.2772,290.3772,288.6772,288.0772,287.7772,287.3772,286.8772,285.8772
