wind_kz.json
{"header": {"discipline":0,"disciplineName":"Meteorological products","gribEdition":2,"gribLength":1025,"center":7,"centerName":"US National Weather Service - NCEP(WMC)","subcenter":0,"refTime":"2023-09-27T00:00:00.000Z","significanceOfRT":1,"significanceOfRTName":"Start of forecast","productStatus":0,"productStatusName":"Operational products","productType":1,"productTypeName":"Forecast products","productDefinitionTemplate":0,"productDefinitionTemplateName":"Analysis/forecast at horizontal level/layer at a point in time","parameterCategory":2,"parameterCategoryName":"UnknownDiscipline_0_Category_2","parameterNumber":2,"parameterNumberName":"UnknownParameter_D0_C2_2","parameterUnit":"Unknown","genProcessType":2,"genProcessTypeName":"Forecast","forecastTime":0,"surface1Type":103,"surface1TypeName":"Specified height level above ground","surface1Value":10.0,"surface2Type":255,"surface2TypeName":"Missing","surface2Value":0.0,"gridDefinitionTemplate":0,"gridDefinitionTemplateName":"Latitude_Longitude","numberPoints":615,"shape":6,"shapeName":"Earth spherical with radius of 6,371,229.0 m","gridUnits":"degrees","resolution":48,"winds":"true","scanMode":64,"nx":41,"ny":15,"basicAngle":0,"lo1":47.0,"la1":41.0,"lo2":87.0,"la2":55.0,"dx":1.0,"dy":1.0}, "data":
[rows 0 to 14 of 15, columns 0 to 40 of 41]
-1.7656372,-0.7356372,2.1543627,1.6243628,-0.9156372,-3.9656372,-4.375637,-4.145637,-4.3856373,0.6643628,-0.2156372,0.1743628,-0.2156372,-0.7656372,-0.5256372,0.7043628,1.1343628,0.7543628,-0.6656372,-1.2956372,-1.4456372,-0.3556372,0.13436279,-1.0556372,-1.1356372,-2.0256371,-2.4756372,0.19436279,0.4343628,-0.1556372,1.0743628,1.0243628,-0.5056372,0.8843628,-0.2356372,1.0443628,1.4343628,2.0043628,2.3943627,2.6543627,-3.3656373
1.2943628,1.1843628,-0.6556372,-0.4756372,-3.2956371,-4.275637,-3.5356371,-4.6756372,-2.835637,-1.5556372,0.5943628,-2.065637,-1.5356373,-1.5456372,-0.7456372,-1.2556372,-1.8856372,-1.9356372,-0.48563722,-0.025637208,-0.7556372,-1.0356373,-0.29563722,-2.0156372,0.42436278,1.1143628,-0.48563722,2.5443628,-1.0756372,-0.2756372,0.4743628,0.1243628,1.2243629,-2.7056372,-0.2556372,-0.3956372,-0.2056372,-0.3956372,-2.4256372,-0.62563723,-0.6756372
-0.56563723,-3.3056371,-1.6456372,-4.685637,-5.8456373,-5.185637,-3.1856372,-1.7456372,-3.4556372,-2.335637,-1.3856372,-0.8056372,-1.5156372,-2.1756372,-2.1356373,-2.4556372,-3.6656373,-2.335637,-2.6356373,-2.2856371,-3.7956371,-4.005637,-3.2356372,-3.0456371,1.2943628,-0.7656372,-0.81563723,-1.8156372,-1.2256372,-0.5756372,-0.42563722,1.5943627,-0.3356372,-1.1056372,-0.8856372,-1.1556373,0.4343628,0.10436279,2.7543628,3.0743628,2.6543627
-3.5956373,-6.395637,-6.4756374,-6.4056373,-4.715637,-3.315637,-0.5856372,-3.1456373,-0.9656372,-1.4656372,-1.8356372,-2.4156373,-2.6556373,-3.4656372,-2.6956372,-2.2756371,-2.7656372,-3.1156373,-2.7756371,-1.6556373,-2.4456372,-2.5156372,-2.0156372,-3.1856372,-3.4356372,-3.4256372,-3.4156373,-5.375637,-2.5156372,-1.5056372,0.26436278,-2.825637,-2.8856373,-3.1556373,-3.0156372,-2.2556372,-1.9056373,2.4443629,1.0543628,1.0743628,1.2543628
-4.1556373,-5.735637,-5.235637,-5.025637,-3.9756372,-3.0956373,-2.3956373,-1.2856373,-1.6356372,-1.3256372,-0.6156372,-0.005637207,-1.4356372,-2.0456371,-2.7856371,-2.1456373,-1.9756372,-2.2556372,-2.4856372,-3.2556372,-3.5956373,-3.9356372,-4.1756372,-3.4456372,-3.4656372,-3.565637,-3.8656373,-2.8756373,-3.065637,-2.7356372,-3.075637,-1.8956372,-2.8556373,1.2043628,0.4443628,-1.6756372,4.3643627,-4.665637,-2.8956373,-5.2256374,-7.445637
-3.7956371,-3.3856373,-4.485637,-3.8656373,-2.3956373,-0.4756372,0.064362794,1.0443628,0.6443628,0.81436276,0.10436279,-0.5456372,0.2043628,-0.8356372,-1.6556373,-0.8856372,-1.8156372,-2.2556372,-2.1056373,-2.0156372,-3.1756372,-2.8756373,-2.6856372,-2.6956372,-2.2256372,-1.8556372,-0.5956372,-0.5856372,-1.6656373,-3.0156372,-5.445637,-4.3256373,-2.815637,-2.1956372,1.6943628,1.3843628,3.6243627,3.3443627,-2.6756372,-3.315637,-6.2856374
-3.4456372,-1.8156372,-0.9656372,-0.6956372,-1.8556372,-1.7356372,-2.075637,0.93436277,1.4743629,0.9043628,1.2243629,2.3543627,0.2543628,0.22436279,1.2743628,0.1243628,-0.8956372,-1.2856373,-1.3756372,1.0243628,-1.7556372,-2.1156373,-2.4756372,-2.0456371,-1.4656372,-1.5056372,-1.4756372,-2.7556372,-3.4656372,-3.575637,-3.0556371,-2.5456371,-1.9056373,0.7643628,-1.8156372,-2.0456371,-1.0056372,2.0243628,0.8343628,1.8643628,2.6943629
-3.2056372,-3.0256371,-3.1556373,-2.9856372,-2.5156372,-2.4056373,-1.1256372,-1.5056372,0.5143628,-0.9956372,-0.5356372,0.1543628,-1.6856372,1.0843627,0.6143628,1.0243628,1.9343628,-0.3356372,-1.2756371,0.81436276,0.24436279,-1.0556372,-0.8256372,0.1843628,-0.8856372,0.024362793,-0.5456372,1.1643628,0.2343628,-0.7356372,-1.1756372,-0.9256372,0.7243628,-0.7056372,-1.2356372,1.5643628,2.6943629,5.494363,2.6143627,2.0143628,-0.8256372
-2.7756371,-2.2556372,-2.4556372,-2.2956371,-1.8056372,-1.2856373,-0.6156372,-0.5056372,-0.29563722,-1.1756372,-1.5356373,-2.0956373,-0.8856372,-1.0956372,-1.2356372,-0.5956372,2.2543628,2.2043629,0.9643628,-0.5056372,0.024362793,-0.8356372,-0.8456372,0.7743628,0.004362793,1.5343628,0.7943628,1.3043628,1.5143628,0.5243628,1.7243629,1.9243628,0.6143628,-0.4756372,0.5143628,0.054362793,-0.2156372,-2.6756372,-2.4256372,1.1843628,-2.2056372
-3.3656373,-2.315637,-2.0956373,-1.6556373,-1.2056372,-0.8656372,-0.6456372,-1.0156372,-1.0656372,-0.93563724,-1.4856372,-3.7456372,-2.0356371,-1.8456372,-2.0156372,-1.1456372,-1.7856373,-1.0356373,-0.7356372,3.164363,3.434363,3.3143628,3.1343627,2.2243629,2.3243628,1.4043628,2.0243628,1.2943628,1.2943628,1.7543628,1.4143628,-0.3156372,-1.8756372,-1.2256372,-0.32563722,-0.9456372,-1.5956372,-0.3656372,-3.1756372,-0.4356372,-1.4756372
-2.065637,-1.9456372,-1.2456372,-0.7856372,-1.1856372,-2.6656373,-1.9356372,-0.9056372,-1.1056372,-1.2356372,-2.0956373,-2.6256373,-1.7656372,-2.1056373,-1.8656372,-0.93563724,-0.87563723,-0.3856372,-0.16563721,-0.045637205,0.6443628,0.9843628,1.8343627,3.6043627,1.9943628,2.5643628,1.9243628,2.6143627,2.2643628,-0.8856372,-2.1556373,-3.0456371,-2.8556373,-1.9956372,-1.2456372,-1.1856372,-1.2756371,0.034362793,-1.1156372,0.81436276,-1.1956372
-0.7456372,-0.8956372,-0.29563722,-1.3056372,-1.6356372,-1.4456372,-1.2056372,-1.2756371,-0.7956372,-2.0556371,-2.4656372,-1.6656373,-1.6856372,-2.2056372,-0.5956372,-0.29563722,0.4943628,0.81436276,0.14436279,0.1843628,0.4643628,-0.6356372,-0.87563723,0.3843628,3.0443628,2.924363,2.414363,3.3443627,1.0743628,-2.7356372,-2.3056371,-2.2856371,-1.6056372,-2.4556372,-2.1456373,-2.4256372,-2.6156373,-0.9556372,-0.9056372,-0.32563722,-0.2556372
-0.005637207,0.7343628,0.5543628,-0.8256372,-0.48563722,-0.2056372,-0.3356372,-0.62563723,-1.1356372,0.3443628,-0.5056372,-0.1856372,-0.93563724,-0.8056372,0.42436278,0.93436277,0.6443628,0.93436277,0.7043628,0.5043628,-0.035637207,0.054362793,1.0343628,0.7543628,0.7443628,1.7543628,2.5543628,0.4943628,-0.5156372,-2.1556373,-1.4856372,-1.2456372,-1.5456372,-1.3156372,-1.3356372,-2.1456373,-2.0056372,-1.1156372,-1.3356372,-0.8256372,-0.56563723
1.0443628,0.9043628,1.2443628,0.3943628,0.6043628,0.6743628,0.5043628,0.3143628,0.5743628,0.26436278,-0.4956372,0.3643628,0.7443628,0.7143628,1.3443627,1.2043628,0.7543628,1.0743628,-0.2056372,0.9243628,-0.015637208,0.5443628,0.4643628,-0.6156372,-0.7156372,-0.085637204,0.8443628,-0.4156372,1.2143627,-0.2056372,-0.5856372,-0.81563723,-0.9156372,-0.6456372,-0.6756372,-0.5156372,-0.3456372,-0.2756372,-0.085637204,0.7043628,-0.26563722
1.0343628,1.9643627,2.5743628,1.5743628,1.7943628,1.4143628,1.3943628,0.8543628,0.6743628,-0.4356372,-1.1356372,0.22436279,0.8043628,1.5743628,2.3343627,1.8743628,1.5143628,1.5043628,0.8443628,1.0543628,1.4143628,-1.0556372,0.5243628,0.2143628,0.56436276,0.56436276,0.6543628,0.9543628,-0.5056372,0.5343628,0.014362793,-0.10563721,-0.22563721,-0.26563722,-0.035637207,0.56436276,-0.045637205,1.0043628,0.8643628,0.62436277,-0.9456372
