wind_kz.json
{"header": {"discipline":0,"disciplineName":"Meteorological products","gribEdition":2,"gribLength":871,"center":7,"centerName":"US National Weather Service - NCEP(WMC)","subcenter":0,"refTime":"2024-02-01T18:00:00.000Z","significanceOfRT":1,"significanceOfRTName":"Start of forecast","productStatus":0,"productStatusName":"Operational products","productType":1,"productTypeName":"Forecast products","productDefinitionTemplate":0,"productDefinitionTemplateName":"Analysis/forecast at horizontal level/layer at a point in time","parameterCategory":0,"parameterCategoryName":"UnknownDiscipline_0_Category_0","parameterNumber":0,"parameterNumberName":"UnknownParameter_D0_C0_0","parameterUnit":"Unknown","genProcessType":2,"genProcessTypeName":"Forecast","forecastTime":180,"surface1Type":1,"surface1TypeName":"Ground or water surface","surface1Value":0.0,"surface2Type":255,"surface2TypeName":"Missing","surface2Value":0.0,"gridDefinitionTemplate":0,"gridDefinitionTemplateName":"Latitude_Longitude","numberPoints":615,"shape":6,"shapeName":"Earth spherical with radius of 6,371,229.0 m","gridUnits":"degrees","resolution":48,"winds":"true","scanMode":64,"nx":41,"ny":15,"basicAngle":0,"lo1":47.0,"la1":41.0,"lo2":87.0,"la2":55.0,"dx":1.0,"dy":1.0}, "data":
[rows 0 to 14 of 15, columns 0 to 40 of 41]
283.83502,277.63504,283.73505,280.43503,280.93503,282.13504,285.13504,288.33502,285.63504,286.03503,286.13504,286.03503,286.23505,286.03503,286.03503,286.03503,285.23505,285.93503,286.93503,288.43503,287.43503,287.03503,289.03503,283.23505,287.13504,287.43503,279.33502,269.33502,266.33502,264.23505,267.83502,261.03503,271.83502,282.43503,283.53503,281.13504,282.93503,280.73505,279.43503,278.93503,280.13504
263.93503,284.93503,280.43503,280.13504,280.73505,281.23505,285.93503,285.13504,286.23505,287.33502,287.03503,285.93503,286.63504,286.83502,284.83502,284.43503,285.63504,285.83502,284.83502,286.33502,285.83502,285.93503,285.93503,273.73505,266.23505,268.53503,269.93503,266.13504,265.73505,261.63504,270.43503,259.93503,274.33502,253.63504,261.23505,270.43503,269.33502,279.33502,280.43503,274.83502,273.13504
282.13504,278.63504,280.13504,280.43503,280.53503,283.93503,283.93503,283.83502,283.73505,283.43503,283.23505,283.73505,284.33502,284.93503,280.83502,278.83502,281.53503,281.23505,281.93503,281.83502,282.73505,285.53503,284.83502,273.13504,287.13504,277.43503,276.33502,276.93503,280.03503,272.13504,268.03503,269.23505,269.13504,269.73505,266.13504,270.83502,267.13504,263.83502,263.93503,267.23505,264.63504
283.03503,275.93503,277.93503,279.03503,280.03503,281.63504,281.53503,281.33502,282.83502,281.13504,281.53503,280.83502,281.23505,281.93503,282.23505,277.73505,280.23505,278.83502,276.33502,279.53503,281.73505,273.23505,282.33502,280.63504,278.33502,278.13504,278.13504,274.53503,274.73505,275.23505,273.83502,273.83502,277.03503,274.83502,272.03503,271.43503,265.13504,261.23505,270.93503,270.43503,269.03503
279.33502,273.03503,272.23505,273.33502,276.43503,281.83502,278.83502,280.83502,279.93503,277.83502,277.23505,278.33502,279.13504,279.13504,278.33502,278.03503,278.43503,279.93503,280.23505,275.83502,278.93503,278.93503,274.03503,274.33502,276.23505,274.93503,273.13504,273.73505,276.83502,277.33502,274.03503,276.03503,268.83502,263.23505,271.63504,269.13504,267.43503,269.13504,271.23505,268.03503,267.73505
279.43503,279.33502,273.13504,272.83502,272.43503,272.83502,278.63504,278.43503,277.53503,277.93503,275.23505,275.73505,278.93503,279.23505,275.93503,274.43503,273.53503,276.13504,273.33502,274.93503,273.23505,273.63504,273.33502,273.23505,273.33502,273.23505,273.33502,273.03503,273.23505,273.23505,273.33502,273.43503,273.13504,273.23505,273.23505,270.53503,271.73505,272.13504,269.23505,265.73505,265.23505
280.43503,279.33502,280.63504,281.53503,276.03503,277.53503,278.83502,275.93503,274.23505,274.13504,274.53503,273.63504,274.13504,273.93503,273.73505,274.33502,273.23505,273.23505,273.23505,273.23505,273.23505,273.23505,273.23505,273.23505,273.13504,273.23505,273.23505,273.33502,273.23505,273.23505,273.23505,273.13504,273.23505,273.13504,271.23505,271.13504,270.53503,270.73505,268.03503,267.63504,265.53503
279.03503,278.53503,276.13504,276.23505,276.23505,275.33502,275.13504,274.13504,273.63504,273.23505,273.13504,273.23505,273.23505,273.23505,273.63504,273.23505,273.23505,273.23505,273.23505,273.23505,273.23505,273.23505,273.13504,273.23505,273.13504,272.43503,272.13504,271.63504,271.03503,271.83502,271.23505,270.43503,269.93503,269.13504,271.53503,272.93503,269.13504,267.63504,267.13504,267.03503,267.43503
276.93503,275.63504,275.53503,275.63504,273.73505,275.33502,275.03503,273.43503,273.33502,273.13504,273.23505,273.13504,273.23505,273.13504,273.23505,273.23505,273.13504,273.13504,273.23505,273.23505,273.13504,273.13504,273.13504,273.23505,273.03503,272.63504,271.33502,269.83502,268.33502,266.93503,266.73505,266.03503,271.53503,272.73505,270.63504,265.93503,267.13504,269.23505,263.73505,264.03503,264.73505
273.83502,273.33502,273.13504,273.43503,273.23505,273.23505,273.13504,273.13504,273.13504,273.23505,273.23505,273.23505,273.23505,273.23505,273.23505,273.23505,273.23505,273.23505,273.13504,273.23505,273.13504,273.23505,273.13504,273.23505,273.13504,272.03503,271.53503,270.53503,269.33502,267.03503,269.73505,273.13504,274.63504,271.73505,269.23505,269.13504,269.93503,267.83502,266.63504,268.83502,262.83502
270.83502,270.93503,270.53503,270.63504,271.13504,271.13504,271.23505,271.63504,272.43503,272.63504,272.43503,273.23505,273.13504,273.13504,273.13504,273.23505,273.23505,273.23505,273.23505,273.13504,273.13504,273.23505,273.23505,273.23505,272.03503,271.03503,268.83502,269.13504,270.33502,269.73505,269.73505,271.63504,272.23505,273.03503,270.43503,269.03503,269.03503,270.03503,268.03503,269.53503,270.23505
266.33502,267.33502,267.83502,267.33502,267.63504,268.13504,268.53503,269.53503,271.33502,271.93503,271.53503,270.73505,272.63504,272.83502,273.13504,273.13504,273.23505,273.13504,273.13504,273.13504,273.23505,273.23505,273.23505,271.93503,270.33502,268.93503,268.83502,268.53503,268.03503,267.73505,267.43503,266.13504,271.53503,268.03503,271.43503,269.33502,270.93503,272.13504,271.13504,271.13504,273.13504
264.33502,264.33502,265.23505,265.53503,265.93503,267.33502,265.83502,265.83502,266.23505,268.43503,269.93503,269.93503,270.03503,270.43503,272.23505,272.63504,273.23505,273.23505,273.23505,273.23505,273.13504,273.13504,273.23505,271.23505,269.53503,268.23505,267.73505,266.13504,265.83502,265.43503,265.13504,264.83502,265.53503,265.73505,266.23505,267.53503,269.13504,272.23505,270.83502,272.13504,273.23505
263.33502,263.43503,263.83502,264.03503,264.43503,264.63504,264.53503,263.83502,264.93503,266.73505,267.83502,268.33502,269.73505,269.63504,270.73505,271.43503,272.83502,273.13504,273.13504,273.23505,273.23505,273.23505,273.03503,271.13504,269.43503,267.63504,265.73505,265.03503,264.63504,264.23505,263.63504,263.63504,264.03503,264.13504,266.03503,266.33502,269.23505,270.13504,271.53503,270.73505,270.13504
263.73505,263.53503,263.83502,263.93503,264.03503,264.43503,264.03503,264.23505,263.83502,264.13504,265.43503,266.53503,270.13504,271.23505,270.43503,271.23505,272.33502,273.23505,273.23505,273.23505,273.23505,272.33502,270.73505,268.63504,266.63504,265.83502,264.63504,263.53503,263.13504,263.63504,262.83502,262.83502,263.43503,264.73505,265.73505,266.63504,267.73505,269.13504,269.53503,270.23505,270.83502
