wind.json
{"header": {"discipline":0,"disciplineName":"Meteorological products","gribEdition":2,"gribLength":1039,"center":7,"centerName":"US National Weather Service - NCEP(WMC)","subcenter":0,"refTime":"2023-06-30T06:00:00.000Z","significanceOfRT":1,"significanceOfRTName":"Start of forecast","productStatus":0,"productStatusName":"Operational products","productType":1,"productTypeName":"Forecast products","productDefinitionTemplate":0,"productDefinitionTemplateName":"Analysis/forecast at horizontal level/layer at a point in time","parameterCategory":0,"parameterCategoryName":"UnknownDiscipline_0_Category_0","parameterNumber":0,"parameterNumberName":"UnknownParameter_D0_C0_0","parameterUnit":"Unknown","genProcessType":2,"genProcessTypeName":"Forecast","forecastTime":300,"surface1Type":1,"surface1TypeName":"Ground or water surface","surface1Value":0.0,"surface2Type":255,"surface2TypeName":"Missing","surface2Value":0.0,"gridDefinitionTemplate":0,"gridDefinitionTemplateName":"Latitude_Longitude","numberPoints":688,"shape":6,"shapeName":"Earth spherical with radius of 6,371,229.0 m","gridUnits":"degrees","resolution":48,"winds":"true","scanMode":64,"nx":43,"ny":16,"basicAngle":0,"lo1":45.0,"la1":40.0,"lo2":87.0,"la2":55.0,"dx":1.0,"dy":1.0}, "data":
[rows 0 to 15 of 16, columns 0 to 42 of 43]
283.15228,282.4523,301.3523,301.7523,301.9523,298.2523,297.4523,296.2523,298.7523,299.15228,307.15228,305.7523,308.15228,308.0523,307.2523,309.2523,309.0523,308.65228,306.5523,304.5523,303.4523,301.7523,302.2523,301.5523,299.4523,296.7523,295.3523,287.4523,279.65228,279.65228,282.9523,295.65228,297.4523,297.8523,299.0523,298.4523,299.15228,298.0523,297.7523,295.2523,296.4523,298.3523,297.9523
287.0523,297.3523,298.15228,290.4523,292.9523,297.3523,297.0523,295.8523,297.9523,305.65228,307.8523,308.65228,308.9523,312.15228,310.7523,310.4523,309.5523,305.15228,305.5523,304.4523,305.2523,303.5523,305.0523,302.0523,301.7523,294.2523,300.2523,300.3523,295.0523,278.9523,280.65228,278.5523,278.7523,280.9523,289.8523,298.4523,300.5523,297.9523,294.65228,294.15228,297.15228,298.5523,299.4523
287.4523,286.65228,278.65228,294.3523,297.3523,297.3523,297.15228,294.8523,301.9523,307.0523,309.2523,308.8523,309.8523,309.15228,308.4523,307.2523,305.8523,305.7523,306.3523,304.0523,303.3523,303.15228,303.15228,302.9523,300.4523,291.3523,279.7523,279.9523,289.9523,277.15228,279.9523,273.5523,280.8523,271.9523,282.4523,260.2523,277.9523,294.0523,290.3523,291.2523,298.15228,289.7523,283.7523
285.2523,287.8523,291.4523,298.0523,298.0523,297.7523,296.65228,301.3523,306.15228,306.15228,306.4523,307.5523,307.8523,308.0523,306.2523,306.7523,306.5523,304.8523,304.65228,304.0523,303.5523,303.5523,304.3523,301.5523,302.15228,296.3523,296.3523,296.2523,295.7523,296.3523,294.3523,285.15228,275.8523,277.0523,283.3523,281.7523,282.3523,285.2523,274.8523,276.7523,277.7523,275.9523,274.7523
291.9523,294.8523,294.2523,298.7523,298.8523,298.0523,298.2523,301.3523,303.4523,304.3523,306.5523,308.4523,307.2523,305.7523,295.5523,294.9523,304.8523,304.2523,307.5523,305.7523,306.7523,306.3523,305.5523,299.65228,304.8523,304.0523,301.0523,301.2523,302.2523,300.5523,299.0523,297.9523,296.65228,294.0523,300.2523,294.9523,293.0523,288.3523,276.8523,280.65228,285.0523,295.5523,299.15228
293.8523,297.3523,296.3523,299.2523,299.0523,299.5523,300.5523,303.0523,304.3523,304.8523,305.9523,307.0523,304.3523,301.7523,296.0523,295.4523,292.4523,306.2523,306.0523,304.8523,303.4523,305.3523,305.4523,304.15228,303.3523,305.2523,302.4523,303.3523,300.8523,297.5523,301.15228,304.15228,303.2523,297.2523,282.9523,280.0523,288.8523,298.9523,299.2523,302.8523,302.7523,303.4523,301.0523
297.8523,300.3523,299.15228,302.4523,299.65228,299.0523,298.7523,298.3523,302.7523,307.2523,308.65228,306.4523,303.15228,302.5523,295.65228,294.5523,299.9523,303.2523,303.15228,303.65228,303.15228,304.0523,301.7523,301.4523,300.5523,300.0523,298.7523,298.65228,301.4523,290.7523,304.3523,302.2523,299.2523,297.7523,296.4523,298.15228,296.4523,292.4523,288.65228,291.0523,298.8523,300.15228,299.0523
298.15228,300.15228,299.15228,299.5523,303.9523,305.3523,302.9523,304.9523,305.65228,307.0523,308.0523,306.7523,305.2523,305.2523,305.0523,303.7523,302.0523,301.65228,300.4523,300.3523,300.7523,299.5523,298.15228,298.7523,298.65228,298.65228,298.2523,299.65228,298.5523,298.7523,297.0523,297.8523,296.8523,296.8523,296.9523,297.3523,293.4523,291.8523,289.5523,284.8523,283.5523,284.15228,296.7523
293.8523,294.65228,298.5523,299.5523,301.2523,306.5523,307.4523,308.2523,308.5523,307.2523,305.2523,305.5523,303.8523,301.9523,301.3523,301.5523,300.8523,298.7523,298.4523,298.3523,297.5523,294.65228,294.8523,293.8523,293.9523,294.15228,294.2523,291.8523,292.9523,294.4523,294.4523,295.15228,291.9523,293.0523,291.65228,289.2523,288.8523,293.15228,294.0523,288.5523,293.8523,293.7523,288.15228
290.5523,293.65228,294.65228,297.7523,297.9523,298.65228,302.9523,303.7523,304.0523,303.7523,302.4523,301.7523,300.3523,299.7523,296.9523,297.65228,296.65228,296.4523,295.7523,294.65228,295.3523,293.9523,291.3523,291.8523,292.7523,292.15228,290.4523,290.65228,286.5523,285.5523,285.65228,284.2523,286.7523,286.0523,291.15228,291.15228,289.4523,289.8523,287.7523,287.5523,276.9523,282.4523,280.4523
291.15228,292.3523,293.2523,294.4523,295.7523,296.5523,297.65228,300.65228,301.15228,300.7523,299.5523,299.7523,297.15228,296.2523,295.15228,294.15228,294.15228,294.5523,294.65228,293.15228,293.0523,293.3523,290.8523,291.3523,292.0523,291.5523,289.65228,288.5523,287.4523,286.7523,286.15228,286.0523,284.8523,288.15228,289.4523,289.0523,286.8523,284.3523,285.65228,283.2523,276.8523,281.4523,282.0523
289.5523,290.9523,291.8523,294.7523,295.15228,297.65228,299.4523,299.2523,299.2523,298.5523,297.65228,296.3523,293.0523,290.9523,292.15228,290.8523,290.7523,290.9523,291.7523,293.0523,292.8523,290.7523,291.2523,290.8523,289.2523,288.3523,286.3523,286.7523,284.7523,288.0523,288.65228,290.2523,290.8523,290.0523,288.5523,287.9523,285.7523,282.8523,284.5523,283.5523,283.9523,284.2523,282.15228
291.2523,290.4523,292.7523,295.65228,297.15228,296.65228,296.3523,295.9523,294.8523,293.5523,292.8523,292.4523,290.15228,288.2523,290.15228,290.0523,290.15228,288.9523,290.5523,291.2523,288.4523,289.4523,288.9523,288.3523,288.65228,287.5523,286.65228,287.2523,286.7523,289.2523,289.7523,291.15228,288.8523,288.65228,289.0523,285.5523,285.7523,286.15228,284.15228,286.8523,284.9523,286.7523,286.65228
291.9523,292.15228,291.5523,291.7523,293.8523,292.5523,293.7523,293.15228,292.3523,291.5523,291.4523,290.9523,287.9523,285.3523,288.3523,292.15228,292.5523,292.9523,290.8523,290.3523,293.4523,292.15228,287.4523,286.65228,286.8523,290.7523,290.0523,293.15228,294.3523,289.9523,288.3523,287.5523,287.8523,287.65228,286.4523,286.0523,285.3523,283.9523,288.4523,287.0523,286.3523,286.2523,286.5523
292.15228,291.5523,290.65228,292.3523,291.7523,292.9523,291.4523,291.4523,290.65228,290.8523,291.5523,291.0523,288.3523,285.9523,286.15228,288.8523,289.4523,292.5523,290.5523,288.5523,288.3523,287.7523,287.65228,287.2523,287.9523,287.8523,288.15228,288.65228,289.65228,288.9523,290.3523,287.65228,286.8523,285.4523,284.4523,284.8523,284.9523,282.9523,283.7523,283.3523,286.65228,285.15228,283.15228
291.65228,292.15228,294.9523,293.5523,292.9523,296.4523,293.4523,291.65228,291.3523,290.65228,289.9523,289.4523,290.4523,284.5523,283.9523,285.7523,286.7523,286.65228,286.4523,285.9523,286.65228,285.7523,285.15228,285.4523,286.2523,285.7523,285.9523,286.5523,285.15228,287.0523,288.3523,290.0523,288.15228,284.65228,282.4523,282.65228,281.8523,283.5523,287.2523,281.0523,286.5523,282.4523,285.7523
