wind_kz.json
[{"header":{"discipline":0,"disciplineName":"Meteorological products","gribEdition":2,"gribLength":871,"center":7,"centerName":"US National Weather Service - NCEP(WMC)","subcenter":0,"refTime":"2024-01-31T06:00:00.000Z","significanceOfRT":1,"significanceOfRTName":"Start of forecast","productStatus":0,"productStatusName":"Operational products","productType":1,"productTypeName":"Forecast products","productDefinitionTemplate":0,"productDefinitionTemplateName":"Analysis/forecast at horizontal level/layer at a point in time","parameterCategory":0,"parameterCategoryName":"UnknownDiscipline_0_Category_0","parameterNumber":0,"parameterNumberName":"UnknownParameter_D0_C0_0","parameterUnit":"Unknown","genProcessType":2,"genProcessTypeName":"Forecast","forecastTime":240,"surface1Type":1,"surface1TypeName":"Ground or water surface","surface1Value":0.0,"surface2Type":255,"surface2TypeName":"Missing","surface2Value":0.0,"gridDefinitionTemplate":0,"gridDefinitionTemplateName":"Latitude_Longitude","numberPoints":615,"shape":6,"shapeName":"Earth spherical with radius of 6,371,229.0 m","gridUnits":"degrees","resolution":48,"winds":"true","scanMode":64,"nx":41,"ny":15,"basicAngle":0,"lo1":47.0,"la1":41.0,"lo2":87.0,"la2":55.0,"dx":1.0,"dy":1.0},"data":[281.2,273.4,276.5,280.2,280.4,282.0,282.7,284.6,282.4,282.9,283.1,283.5,284.1,284.2,284.3,285.1,285.5,285.9,287.6,289.3,289.9,289.4,290.1,286.8,287.4,288.8,279.3,270.0,268.6,266.1,268.4,262.2,271.8,284.6,281.8,283.4,284.3,283.2,282.5,280.6,280.7,263.7,276.6,280.2,279.8,280.2,280.9,280.7,280.4,281.4,282.5,283.9,283.9,284.1,285.0,283.2,282.9,284.0,284.7,283.7,285.5,284.9,287.3,285.2,274.1,266.5,269.0,270.7,267.2,267.0,263.8,273.5,262.9,279.9,257.9,262.5,271.6,274.4,272.9,281.2,275.9,273.1,276.6,278.3,280.0,280.2,280.2,280.8,281.0,280.7,279.1,276.1,276.3,279.8,281.4,282.1,278.3,278.8,279.2,279.2,279.6,279.7,279.8,283.9,283.8,273.2,285.4,282.7,277.8,280.4,284.3,273.6,270.7,272.8,269.8,270.2,266.5,272.3,271.3,263.1,265.7,270.9,268.0,276.8,275.6,277.7,278.8,278.7,277.0,276.3,274.5,274.3,274.7,275.7,276.3,281.3,281.9,276.5,274.6,275.0,275.0,275.2,276.7,280.0,273.3,279.0,278.5,279.0,278.8,279.5,275.1,278.1,278.4,276.6,275.8,280.7,276.5,271.9,272.2,269.9,266.3,277.2,270.4,268.7,276.5,272.0,270.7,270.6,273.4,276.5,276.0,277.4,277.1,275.6,274.6,274.7,279.1,279.1,278.2,274.0,273.7,274.2,275.4,274.2,276.8,276.7,275.5,276.5,276.5,275.7,273.3,274.1,281.2,280.9,277.4,277.5,272.8,266.9,272.8,270.1,267.5,270.5,271.0,269.3,267.4,275.1,275.0,270.5,270.3,269.9,269.8,275.9,275.5,275.9,275.9,274.9,275.6,278.5,279.0,274.2,274.2,273.3,273.9,273.0,273.5,273.2,274.7,273.8,272.9,272.9,272.0,273.4,272.9,273.0,273.1,273.8,274.2,273.2,273.2,274.3,273.9,273.5,273.3,270.9,265.2,267.6,273.4,273.6,274.5,274.6,273.0,274.7,275.8,274.1,273.1,272.7,272.5,271.4,272.2,271.8,273.8,273.4,272.2,272.2,272.5,272.0,271.5,271.8,271.7,271.5,270.7,270.3,269.7,270.4,270.6,270.6,269.9,270.3,272.0,273.0,271.1,272.5,272.3,273.5,272.9,272.0,272.7,272.1,272.1,272.4,272.7,272.8,272.3,272.6,272.0,270.6,269.4,268.6,268.6,268.6,268.9,270.1,269.3,270.2,270.2,269.6,269.1,269.7,269.2,268.9,269.2,269.3,268.6,267.1,267.3,265.7,266.4,265.8,267.6,268.2,268.1,270.5,271.7,270.7,272.1,271.5,272.0,273.2,269.4,269.5,269.8,269.2,268.5,270.1,269.4,267.6,267.6,266.1,265.1,263.9,263.3,264.2,263.5,265.4,266.3,267.7,267.5,268.5,267.9,266.6,267.0,266.9,267.1,267.2,267.2,265.4,264.8,264.1,261.1,263.3,270.5,272.2,270.9,270.1,269.8,272.4,267.8,268.2,269.2,264.2,264.7,264.9,265.6,265.1,264.1,263.1,262.4,262.4,263.4,262.0,261.1,261.2,261.5,260.3,261.4,262.4,264.2,264.9,265.1,266.2,266.5,266.7,266.3,266.1,265.9,267.3,267.0,266.3,265.1,269.3,273.1,274.9,272.7,270.0,271.0,272.7,271.2,270.6,270.2,269.7,261.7,261.3,261.0,260.6,261.4,260.4,260.9,262.3,262.0,262.4,260.8,260.5,260.0,258.5,257.9,259.2,259.3,260.9,261.7,262.0,263.8,264.2,264.7,265.4,266.2,265.7,264.5,267.0,269.0,272.3,271.9,272.1,271.9,272.0,268.8,270.1,269.3,270.6,271.0,274.4,271.8,259.2,259.7,260.3,258.5,257.7,257.6,258.9,259.6,259.7,261.4,261.0,259.1,258.6,257.4,258.5,259.0,259.6,260.4,260.9,261.5,261.6,262.1,263.4,264.4,265.0,265.4,266.1,267.3,269.0,268.2,268.9,268.1,271.5,267.4,270.0,268.1,271.4,272.7,273.7,273.4,273.4,259.5,259.4,259.3,259.8,259.8,261.5,259.4,260.6,261.6,262.1,261.3,260.5,261.3,260.7,261.3,261.5,261.5,261.4,262.6,261.6,261.4,261.5,262.5,262.6,263.3,264.3,266.2,266.4,266.4,267.0,267.8,266.9,267.1,267.2,267.3,267.4,267.7,269.8,269.1,269.3,272.9,261.3,261.6,260.5,258.9,258.3,260.3,260.1,261.3,262.8,263.8,262.8,261.0,261.0,261.0,261.9,261.7,261.7,261.4,261.1,261.0,261.8,262.6,262.8,263.3,263.0,263.6,263.9,264.7,265.9,266.6,266.6,266.7,266.8,266.4,267.2,266.9,268.3,268.2,267.8,268.4,268.7,263.2,263.0,262.9,261.7,261.0,260.7,261.1,262.5,262.4,263.0,263.0,261.8,260.3,262.9,260.4,260.2,260.1,260.7,261.2,261.2,261.3,262.5,263.6,264.1,264.0,264.1,264.2,264.0,264.4,265.9,267.1,266.7,266.8,267.2,266.9,267.0,267.6,267.1,266.8,267.0,269.5]},{"header":{"discipline":0,"disciplineName":"Meteorological products","gribEdition":2,"gribLength":1025,"center":7,"centerName":"US National Weather Service - NCEP(WMC)","subcenter":0,"refTime":"2024-01-31T06:00:00.000Z","significanceOfRT":1,"significanceOfRTName":"Start of forecast","productStatus":0,"productStatusName":"Operational products","productType":1,"productTypeName":"Forecast products","productDefinitionTemplate":0,"productDefinitionTemplateName":"Analysis/forecast at horizontal level/layer at a point in time","parameterCategory":2,"parameterCategoryName":"UnknownDiscipline_0_Category_2","parameterNumber":2,"parameterNumberName":"UnknownParameter_D0_C2_2","parameterUnit":"Unknown","genProcessType":2,"genProcessTypeName":"Forecast","forecastTime":240,"surface1Type":103,"surface1TypeName":"Specified height level above ground","surface1Value":10.0,"surface2Type":255,"surface2TypeName":"Missing","surface2Value":0.0,"gridDefinitionTemplate":0,"gridDefinitionTemplateName":"Latitude_Longitude","numberPoints":615,"shape":6,"shapeName":"Earth spherical with radius of 6,371,229.0 m","gridUnits":"degrees","resolution":48,"winds":"true","scanMode":64,"nx":41,"ny":15,"basicAngle":0,"lo1":47.0,"la1":41.0,"lo2":87.0,"la2":55.0,"dx":1.0,"dy":1.0},"data":[-4.146484,0.6135162,-0.81648374,-1.2764838,-1.0964837,-1.7264838,-0.97648376,1.0435163,0.42351624,2.1435163,2.2535162,2.1535163,1.8635162,1.6735163,0.9935162,1.2235162,1.3835162,-0.56648374,-0.076483764,-1.6264838,-3.4764838,-2.6564837,-0.48648375,-2.1464837,-1.7864838,-2.2464838,-2.6064837,-0.62648374,-0.14648376,0.46351624,-0.8864838,0.47351623,0.5535162,0.28351623,2.5835161,3.7435162,4.463516,4.1335163,3.7835162,3.2535162,3.5635161,2.3535163,-1.8864838,-0.5864838,0.29351625,1.2735162,0.9935162,2.2135162,0.88351625,2.3435163,1.1835163,4.0735164,2.1535163,2.0335162,1.6935163,1.4035163,1.3535162,0.21351624,-0.27648377,-1.7164837,-2.2464838,-2.4064837,-1.3164837,0.90351623,-2.8464837,0.113516234,0.21351624,-0.37648377,-0.19648376,0.17351623,-1.1164838,0.44351622,-0.68648374,1.3035163,0.043516234,0.82351625,-0.44648376,1.4035163,1.1035162,0.84351623,0.94351625,0.68351626,-1.4464837,0.39351624,2.5835161,2.7935162,3.5535161,2.5035162,2.0935163,2.6535163,1.8035163,0.20351623,0.70351624,3.8435163,0.32351625,0.35351622,2.4235163,1.0335163,2.1535163,-0.7664838,-1.7864838,-2.3764837,-2.5964837,-1.9864838,-1.6164838,-0.61648375,-0.41648376,-0.14648376,-4.0764837,-2.7164838,0.90351623,-0.47648376,0.15351623,0.71351624,-0.43648377,0.24351624,0.28351623,0.88351625,-1.0764837,0.5335162,-0.34648377,-0.44648376,2.3535163,1.3635162,3.4535162,4.0735164,4.273516,3.9935162,4.393516,4.623516,5.8035164,4.8035164,4.9035163,4.5535164,4.0335164,3.5835161,6.8835163,1.0935162,-0.056483764,-2.2064838,-2.5964837,-1.9864838,-1.4064838,-1.0364838,-0.86648375,-3.8464837,-3.7964838,-4.476484,-4.4664836,-2.4164839,-1.2964838,-2.1464837,-0.86648375,-0.9564838,-3.1964839,-4.316484,-3.0364838,-1.7164837,-0.46648377,-0.6964838,1.6635163,-0.16648376,1.2835163,0.8635162,1.9935162,2.6135163,2.8535163,3.2235162,4.123516,5.583516,6.163516,7.103516,7.1735163,6.713516,6.643516,7.3235164,7.1935163,6.523516,3.8835163,2.8635163,2.2135162,2.7735162,1.4935162,0.93351626,-0.15648377,-2.1464837,-3.0664837,-3.2264838,-3.6164837,-3.2364838,-3.9564838,-2.5164838,-0.91648376,-0.12648377,-0.41648376,0.053516235,0.09351624,1.7635162,-0.6364838,0.39351624,0.24351624,0.81351626,1.6235162,0.64351624,2.9935162,3.1735163,3.8635163,3.6635163,4.333516,4.7235165,4.933516,6.0935163,6.8435163,6.6735163,6.753516,7.023516,7.1735163,7.583516,7.9435163,4.1935163,2.8535163,3.0735161,1.2435162,1.3935162,1.4535162,2.0935163,2.4835162,0.9135162,-0.13648376,-0.67648375,-1.5764837,-0.5264838,-0.08648376,-0.5764838,0.22351624,-0.37648377,0.51351625,-0.27648377,0.39351624,-1.2264838,-2.5864837,-0.41648376,0.5535162,-1.0664837,1.0835162,0.16351624,4.2635164,5.0535164,5.9935164,6.4435163,6.953516,7.2835164,7.0535164,6.6135163,6.603516,6.0535164,6.8235164,6.023516,5.1335163,5.5735164,5.0335164,3.7735162,2.5735161,3.8935163,2.4835162,2.0635161,2.7035162,1.6535163,1.0235162,1.2835163,1.0835162,1.1235162,0.8535162,0.8635162,1.3235162,1.5535163,1.4335163,0.21351624,1.5235162,-1.1364838,-2.4564838,-0.9464838,-0.59648377,1.2235162,0.37351623,-0.5864838,-1.3064837,5.0135164,5.753516,6.293516,6.733516,7.0535164,6.8435163,6.5535164,6.623516,6.1735163,5.0135164,4.873516,4.873516,3.6035163,3.6535163,3.2235162,2.8535163,2.7735162,2.5535161,2.0535161,2.9935162,2.5635161,2.2835162,1.5835162,1.4235163,2.2135162,3.4035163,2.8235161,2.2035162,3.3035161,2.0535161,2.5735161,3.1835163,1.1035162,1.3335162,4.123516,-0.90648377,1.1735163,-4.126484,-7.476484,-7.566484,-2.2464838,5.5535164,6.003516,6.2835164,6.3835163,6.433516,6.683516,6.3635163,4.9935164,4.773516,4.1135163,4.1135163,2.9435163,4.9735165,2.7135162,3.6035163,3.7735162,3.3135161,2.9835162,2.8035161,3.2135162,4.043516,3.0335162,2.9735162,2.8735163,3.8735163,3.4135163,4.9935164,4.1335163,4.983516,5.2435164,3.7135162,3.9535162,6.9935164,5.043516,3.3735163,-0.27648377,0.77351624,0.49351624,-1.5164838,-0.7064838,0.95351624,5.1135163,5.413516,5.273516,5.563516,5.333516,4.913516,4.393516,4.0335164,4.0935163,4.313516,4.7635164,4.793516,4.293516,4.5135164,4.003516,4.1135163,3.8935163,4.293516,4.023516,3.2335162,6.063516,5.563516,4.563516,4.503516,4.8635163,5.2235165,6.623516,7.3435163,7.1935163,8.883516,6.503516,7.663516,5.4735165,6.583516,4.293516,2.4735162,-0.49648377,-0.67648375,3.4935162,0.47351623,-0.46648377,5.0935163,5.003516,4.8635163,4.583516,4.1535163,3.7435162,4.023516,4.2635164,3.9235163,4.413516,4.453516,4.853516,3.6835163,5.103516,4.483516,4.753516,4.5535164,5.233516,3.9135163,5.8035164,6.4935164,6.0935163,6.4235163,7.103516,6.353516,6.8035164,7.9035163,7.7435164,8.563517,8.543516,8.393517,6.4935164,6.5535164,4.8235164,3.9735162,3.2435162,1.5235162,2.3235161,5.2635164,3.1935163,1.2535162,3.7935162,4.333516,5.0535164,3.7035162,3.7435162,3.4235163,2.8535163,3.4535162,3.4035163,3.7435162,3.7535162,5.833516,4.2235165,5.3235164,6.563516,5.6935163,5.6535163,5.9235163,4.433516,5.203516,5.733516,6.643516,6.853516,7.213516,7.7835164,8.723516,9.603517,9.623516,8.953516,7.8035164,6.933516,6.3035164,5.603516,5.413516,4.983516,5.1135163,6.983516,8.093516,1.1335162,-0.56648374,-1.0764837,4.433516,4.963516,3.7735162,3.5335162,3.3535163,3.1235163,2.2335162,3.3835163,4.103516,2.7135162,2.0035162,5.203516,4.0935163,5.5135164,5.393516,5.3435163,5.1135163,5.4935164,4.2435164,5.203516,5.0735164,5.583516,6.5335164,6.9035163,8.513516,8.673516,8.9335165,7.953516,8.333516,8.213516,7.3435163,7.2835164,6.793516,6.713516,6.063516,5.9435163,5.6135163,4.203516,6.183516,3.1335163,2.6335163,5.9735165,5.643516,3.7035162,3.9835162,2.9935162,3.5535161,3.7235162,3.9735162,3.4935162,3.8235161,2.6135163,3.6735163,5.6535163,5.7435164,4.853516,4.3035164,4.313516,4.4235163,4.183516,5.5335164,5.7635164,6.713516,7.753516,7.6935163,7.713516,7.4235163,7.2835164,7.4935164,8.013516,7.6735163,7.6935163,6.9035163,6.103516,6.5535164,5.893516,6.0135164,5.293516,5.353516,3.7835162,4.1735163,3.8735163,4.833516,6.103516,6.1735163,4.893516,4.463516,4.083516,4.603516,4.1535163,3.7235162,3.2535162,2.2535162,4.6135163,3.7735162,2.6335163,4.8635163,3.9435163,4.663516,5.793516,4.9735165,6.643516,6.2835164,6.8435163,7.0135164,7.3035164,7.0735164,7.003516,7.103516,6.8435163,6.7635164,7.1735163,7.003516,8.353517,7.0535164,6.063516,6.0735164,6.293516,5.603516,6.2635164,5.953516,3.6735163,2.2335162]},{"header":{"discipline":0,"disciplineName":"Meteorological products","gribEdition":2,"gribLength":1025,"center":7,"centerName":"US National Weather Service - NCEP(WMC)","subcenter":0,"refTime":"2024-01-31T06:00:00.000Z","significanceOfRT":1,"significanceOfRTName":"Start of forecast","productStatus":0,"productStatusName":"Operational products","productType":1,"productTypeName":"Forecast products","productDefinitionTemplate":0,"productDefinitionTemplateName":"Analysis/forecast at horizontal level/layer at a point in time","parameterCategory":2,"parameterCategoryName":"UnknownDiscipline_0_Category_2","parameterNumber":3,"parameterNumberName":"UnknownParameter_D0_C2_3","parameterUnit":"Unknown","genProcessType":2,"genProcessTypeName":"Forecast","forecastTime":240,"surface1Type":103,"surface1TypeName":"Specified height level above ground","surface1Value":10.0,"surface2Type":255,"surface2TypeName":"Missing","surface2Value":0.0,"gridDefinitionTemplate":0,"gridDefinitionTemplateName":"Latitude_Longitude","numberPoints":615,"shape":6,"shapeName":"Earth spherical with radius of 6,371,229.0 m","gridUnits":"degrees","resolution":48,"winds":"true","scanMode":64,"nx":41,"ny":15,"basicAngle":0,"lo1":47.0,"la1":41.0,"lo2":87.0,"la2":55.0,"dx":1.0,"dy":1.0},"data":[4.300618,0.5306183,-0.27938172,-4.259382,-5.849382,-6.389382,-5.739382,-5.5293818,-3.2893817,-3.1793816,-2.5593817,-2.4293816,-0.78938174,0.18061829,1.2406182,1.5806183,1.5906183,0.13061829,0.4206183,0.9306183,2.5806184,3.5106182,0.89061826,-0.4593817,0.4806183,-1.7493817,-1.4893817,0.71061826,0.6606183,1.8306183,1.4406183,-0.039381713,0.030618286,0.37061828,0.3906183,0.21061829,0.13061829,-0.23938172,-0.6493817,-0.8693817,-1.9093817,4.400618,1.7806183,-2.3693817,-3.9893818,-4.369382,-6.7893815,-5.509382,-4.969382,-5.0193815,-5.9593816,-3.9193816,-0.9093817,-0.5993817,-0.039381713,0.3606183,0.5506183,0.5606183,0.9806183,2.5806184,1.5306183,1.1206183,0.13061829,2.0706184,2.2806182,3.3806183,2.5006182,0.5506183,1.0506183,-0.42938173,3.0706184,3.3706183,5.2306185,1.2906183,1.5206183,-0.79938173,0.4506183,0.19061829,0.3906183,0.71061826,0.51061827,0.07061829,-0.2593817,-1.4293817,-2.8793817,-3.1093817,-3.4793818,-1.8493817,-2.9293816,-2.8793817,-2.2093818,-3.8393817,-5.9793816,-4.5293818,-2.8493817,-3.3793817,-0.6893817,-0.42938173,0.10061829,2.5706184,2.8306184,1.9906182,1.0706183,0.35061827,-0.11938171,1.2006183,-0.97938174,-0.9693817,-1.0793817,-1.4693817,-0.10938171,0.28061828,2.8206184,2.3206184,2.0006182,-0.5593817,0.76061827,-0.6993817,1.6206183,1.7706183,-0.21938172,1.5006183,1.4406183,-1.0293818,-1.7093817,-2.0293818,-3.1093817,-3.3393817,-1.5693817,-1.6393818,-2.1193817,-1.8893818,-1.7193817,-2.1393816,-1.7293817,-6.489382,2.6106184,2.8906183,2.3806183,3.1106184,0.6906183,-1.2393817,-0.059381712,-0.019381713,2.0106182,1.1306183,1.0306183,-0.07938171,-1.0393817,-2.5493817,-2.1693816,0.8006183,0.77061826,-0.5993817,0.19061829,0.8206183,0.6306183,0.6806183,-0.2693817,0.7806183,2.6906183,-1.5193818,0.64061826,-2.1193817,-2.2993817,-1.6893817,-1.2293817,-1.0693817,-1.3893818,-2.1793816,-1.5993817,-0.85938174,-0.9093817,-0.18938172,-0.12938172,-1.1693817,-2.0693817,-1.6593817,-3.0893817,6.530618,5.8706183,4.4606185,4.170618,3.2506182,1.9106183,1.5106183,0.4906183,0.3006183,0.35061827,-0.9393817,-0.39938173,-1.8893818,-1.8493817,-1.9393817,-1.4393817,-1.7393817,1.3806183,2.3106184,-0.4893817,0.25061828,0.21061829,0.95061827,0.8706183,0.4806183,-1.0993817,-2.3493817,-2.5893817,-0.9093817,-0.39938173,-0.54938173,-0.3593817,-1.2493817,-1.6193817,-0.39938173,0.010618286,0.3306183,0.5406183,-0.7093817,-1.7193817,-0.029381715,-0.66938174,2.7206182,4.8706183,5.0406184,4.510618,3.6606183,3.3306184,3.8906183,3.7106183,2.6206183,1.3406183,-1.1893817,-0.9993817,-0.049381714,-1.5993817,-1.8193817,-2.3993816,-1.3593817,-0.8693817,-0.79938173,4.6006184,-0.1393817,-0.98938173,0.6806183,1.1506183,0.6906183,-2.5293818,-2.1693816,-2.8393817,-2.8193817,-2.4793818,-1.9893817,-2.0193818,-1.7993817,-0.60938174,0.050618287,0.70061827,2.2006183,1.1706183,0.3306183,0.8006183,0.4606183,1.8306183,1.8106183,4.510618,4.570618,5.740618,4.610618,4.5406184,4.8706183,4.380618,4.1606183,3.2606182,2.6606183,1.1406183,-0.42938173,-1.1493818,-1.1293817,-0.9693817,1.6506183,1.2706183,0.6106183,-0.6193817,2.0006182,0.7906183,0.77061826,2.2306182,-1.9793817,-2.4193816,-2.4093816,-2.6893816,-2.6593816,-2.4093816,-2.1193817,-1.9093817,-0.9293817,-0.40938172,1.1906183,1.4306183,1.7606183,1.6406183,0.58061826,0.89061826,0.95061827,1.5606183,2.3906183,4.170618,4.4706182,4.920618,4.510618,4.8906183,4.9306183,5.1006184,4.7706184,3.8606184,2.4606183,1.9106183,1.6706183,1.4306183,0.96061826,3.1106184,4.0206184,-0.60938174,-0.3593817,2.8206184,-2.5493817,1.3306183,1.8106183,-1.9193817,-1.8893818,-1.9993817,-1.9093817,-1.6693817,-1.6593817,-1.1193817,-0.2693817,-0.18938172,0.37061828,0.3906183,1.0206183,0.9706183,1.3006183,1.3206183,0.8006183,1.3806183,1.8506182,2.5006182,3.5706184,4.150618,5.090618,5.5806184,5.6406183,6.110618,5.7906184,5.9406185,5.8106184,5.7306185,3.9406183,4.3706183,5.7306185,4.7906184,5.1606183,3.9106183,3.4606183,0.9106183,2.1706183,4.990618,3.3106184,2.6606183,-0.46938172,-0.6893817,-0.2893817,-0.4893817,-0.08938172,0.2606183,0.32061827,0.6106183,1.3006183,1.4006183,1.5406183,1.4006183,2.0806184,0.77061826,1.6306183,1.3106183,2.1006184,2.2906182,2.3806183,3.3406184,4.050618,4.170618,4.990618,6.6906185,6.2306185,6.1006184,6.5006185,5.7006183,5.9806185,5.590618,4.2206182,4.610618,5.110618,3.8806183,4.4406185,5.4706182,2.8506184,2.7106183,4.570618,5.9706182,4.670618,-0.8393817,-0.049381714,0.040618286,0.10061829,0.6106183,0.9206183,1.0706183,1.2506183,1.5706183,1.6906183,2.2406182,2.4206183,1.6006182,2.2206182,1.8806183,2.5606184,3.1306183,3.2406182,4.340618,4.7506185,4.5806184,4.8106184,4.9706182,5.240618,5.490618,6.590618,6.3706183,6.650618,6.820618,5.030618,5.510618,5.8306184,4.880618,4.9506183,5.130618,6.0406184,6.4706182,5.3906183,8.820619,4.9706182,2.0406182,0.34061828,0.7506183,0.9906183,0.8206183,0.77061826,0.9806183,1.1806183,1.3606182,1.6406183,1.3606182,1.3106183,0.9406183,1.8906183,2.5906184,2.5906184,3.2806182,3.5706184,3.9106183,5.2906184,5.0406184,5.1006184,4.8706183,4.6406183,5.360618,6.0606184,6.090618,6.400618,6.2706184,5.6606183,5.2706184,5.1006184,6.300618,5.8306184,5.9606185,4.8306184,5.7106185,5.780618,3.4506183,-0.66938174,-0.8193817,-1.4193817,-0.18938172,0.040618286,1.0206183,1.0006183,1.0806183,0.8006183,1.3506182,2.4206183,2.2606182,2.7406182,1.1006182,0.3906183,1.7306182,2.3606184,2.4706182,2.7206182,3.3806183,3.5806184,4.3906183,4.7506185,5.4306183,5.3506184,5.110618,5.4306183,5.110618,5.0406184,4.9706182,5.2106185,5.3706183,5.2906184,5.7906184,7.4106183,6.9606185,6.590618,5.9506183,5.990618,5.420618,3.3006182,3.1506183,3.0206182,1.9106183,-0.6493817,0.21061829,0.2606183,1.5606183,0.8506183,1.1906183,1.7006183,1.7306182,2.2306182,2.1606183,1.0506183,-0.23938172,-0.08938172,1.7706183,1.1406183,1.6706183,2.0206182,2.8106184,3.6106184,4.1906185,4.9106183,5.2706184,4.9306183,4.630618,4.740618,4.610618,4.900618,5.110618,5.1406183,6.110618,6.9706182,7.090618,7.4306183,7.4506183,6.4706182,6.490618,5.2706184,4.990618,4.2906184,5.090618,5.150618,-0.8393817,-0.6593817,0.28061828,1.0906183,1.1606183,1.7906183,1.9406183,2.1806183,1.8206183,1.9706182,2.1006184,2.1806183,1.3406183,-0.66938174,1.3206183,2.0806184,1.7906183,1.5806183,2.9906182,2.6506183,3.2506182,4.0406184,4.2506185,4.2106185,4.650618,5.170618,5.3506184,5.3306184,5.420618,5.0406184,5.510618,8.390618,7.5406184,7.7206182,7.8506184,7.3106184,7.1806183,7.2206182,5.6406183,5.6006184,4.6006184]}]