wind_kz.json
{"header": {"discipline":0,"disciplineName":"Meteorological products","gribEdition":2,"gribLength":871,"center":7,"centerName":"US National Weather Service - NCEP(WMC)","subcenter":0,"refTime":"2023-08-25T18:00:00.000Z","significanceOfRT":1,"significanceOfRTName":"Start of forecast","productStatus":0,"productStatusName":"Operational products","productType":1,"productTypeName":"Forecast products","productDefinitionTemplate":0,"productDefinitionTemplateName":"Analysis/forecast at horizontal level/layer at a point in time","parameterCategory":0,"parameterCategoryName":"UnknownDiscipline_0_Category_0","parameterNumber":0,"parameterNumberName":"UnknownParameter_D0_C0_0","parameterUnit":"Unknown","genProcessType":2,"genProcessTypeName":"Forecast","forecastTime":240,"surface1Type":1,"surface1TypeName":"Ground or water surface","surface1Value":0.0,"surface2Type":255,"surface2TypeName":"Missing","surface2Value":0.0,"gridDefinitionTemplate":0,"gridDefinitionTemplateName":"Latitude_Longitude","numberPoints":615,"shape":6,"shapeName":"Earth spherical with radius of 6,371,229.0 m","gridUnits":"degrees","resolution":48,"winds":"true","scanMode":64,"nx":41,"ny":15,"basicAngle":0,"lo1":47.0,"la1":41.0,"lo2":87.0,"la2":55.0,"dx":1.0,"dy":1.0}, "data":
[rows 0 to 14 of 15, columns 0 to 40 of 41]
297.88312,288.0831,293.7831,298.4831,298.4831,297.7831,300.1831,300.9831,298.9831,300.0831,298.4831,300.2831,299.0831,298.5831,297.4831,293.4831,293.6831,294.5831,294.5831,294.88312,297.38312,292.9831,291.1831,288.6831,291.1831,291.9831,289.38312,278.38312,277.9831,277.6831,275.9831,275.9831,289.6831,295.2831,296.38312,295.38312,294.5831,295.2831,296.9831,298.88312,299.38312
277.2831,292.5831,298.38312,298.5831,298.6831,297.4831,300.6831,298.88312,297.5831,296.9831,298.4831,297.0831,295.5831,295.2831,296.1831,296.7831,295.0831,293.5831,291.6831,292.38312,296.1831,294.88312,292.7831,285.38312,277.2831,276.6831,285.5831,276.9831,279.9831,272.9831,279.5831,270.9831,281.6831,254.78311,272.2831,293.2831,290.6831,292.1831,296.1831,291.7831,284.4831
295.5831,298.0831,298.7831,298.88312,297.4831,300.38312,298.7831,298.6831,297.0831,296.2831,295.1831,295.6831,292.88312,293.88312,294.9831,293.7831,292.9831,291.2831,291.38312,291.0831,294.9831,294.6831,296.1831,289.7831,290.2831,290.0831,292.5831,291.2831,289.7831,282.6831,275.5831,276.9831,281.9831,281.7831,283.38312,284.6831,275.7831,274.7831,276.0831,275.6831,277.5831
294.38312,298.4831,298.7831,297.9831,296.5831,299.88312,298.4831,298.4831,298.2831,297.6831,296.38312,295.0831,294.5831,293.7831,294.0831,295.9831,294.6831,292.38312,292.0831,292.1831,292.5831,289.6831,292.4831,294.9831,296.1831,296.6831,295.7831,294.6831,292.9831,294.1831,294.5831,291.2831,296.38312,293.0831,292.1831,288.1831,276.1831,275.6831,280.4831,287.38312,291.9831
296.9831,297.7831,298.2831,297.9831,297.7831,299.2831,299.5831,299.4831,298.7831,298.9831,298.38312,297.0831,294.1831,292.88312,290.7831,295.7831,297.2831,295.88312,291.6831,294.1831,293.7831,294.7831,293.2831,293.7831,293.6831,293.7831,294.38312,292.88312,294.2831,293.9831,296.4831,291.5831,281.1831,273.2831,283.2831,291.6831,294.7831,295.6831,295.2831,295.2831,296.1831
295.5831,293.7831,295.88312,296.5831,297.6831,296.7831,297.9831,300.1831,299.0831,298.88312,298.7831,298.38312,294.2831,293.9831,293.7831,294.1831,295.7831,296.5831,296.1831,296.6831,295.1831,294.5831,292.5831,291.38312,290.5831,291.2831,291.6831,292.38312,293.4831,295.1831,293.0831,294.0831,292.38312,290.5831,287.5831,289.9831,284.4831,287.5831,293.5831,294.38312,292.38312
297.2831,295.5831,296.9831,297.6831,297.38312,296.38312,298.38312,298.7831,299.2831,299.9831,298.1831,297.5831,297.1831,297.4831,296.88312,297.1831,297.5831,299.0831,296.7831,295.38312,294.6831,294.4831,294.2831,294.0831,292.88312,292.2831,290.4831,291.6831,290.7831,291.1831,292.0831,291.7831,291.9831,292.38312,290.88312,289.88312,285.4831,282.7831,280.88312,279.2831,290.38312
297.7831,295.9831,300.6831,299.1831,299.7831,300.2831,299.5831,298.0831,297.1831,297.0831,294.6831,294.5831,293.88312,294.9831,295.38312,295.6831,294.7831,295.6831,294.6831,292.5831,293.6831,293.4831,291.5831,292.4831,292.2831,291.88312,289.1831,289.4831,288.0831,289.5831,288.2831,289.4831,287.1831,284.4831,283.9831,286.88312,287.9831,289.2831,285.9831,288.88312,285.88312
298.7831,297.7831,298.6831,297.1831,299.6831,298.0831,295.38312,295.88312,294.9831,293.38312,291.88312,291.2831,290.7831,292.2831,292.1831,293.2831,293.38312,293.2831,292.38312,290.5831,287.5831,290.2831,289.38312,289.4831,290.6831,291.7831,289.9831,289.0831,286.5831,283.0831,284.38312,285.88312,287.6831,287.9831,286.2831,284.1831,284.1831,283.1831,274.4831,272.9831,271.1831
296.6831,298.6831,296.9831,294.9831,295.2831,295.2831,293.2831,293.1831,292.88312,294.2831,292.4831,292.1831,293.38312,293.1831,289.9831,290.38312,290.38312,290.4831,290.88312,290.0831,288.0831,288.4831,287.88312,287.1831,287.7831,287.5831,287.9831,289.0831,288.1831,289.9831,286.5831,288.6831,289.7831,289.1831,286.88312,285.1831,283.5831,279.4831,271.6831,277.7831,276.4831
294.4831,294.38312,294.1831,294.5831,295.0831,296.1831,295.1831,294.5831,292.7831,287.9831,287.9831,287.9831,289.0831,287.1831,287.5831,287.0831,287.0831,288.38312,291.0831,289.38312,289.2831,289.38312,288.38312,285.4831,284.7831,285.7831,287.2831,287.9831,291.5831,290.6831,291.7831,289.4831,288.5831,288.88312,287.7831,285.38312,281.5831,278.38312,275.1831,278.2831,277.0831
290.38312,292.38312,292.38312,290.9831,291.4831,291.7831,290.0831,289.38312,287.7831,288.7831,283.2831,284.2831,285.7831,285.38312,288.0831,286.88312,285.1831,284.5831,286.2831,285.7831,285.1831,283.9831,283.88312,283.38312,282.2831,283.88312,284.38312,286.1831,287.1831,290.88312,289.4831,289.2831,288.7831,285.2831,285.5831,284.38312,284.5831,284.5831,284.38312,282.6831,281.2831
288.4831,289.38312,290.5831,292.2831,292.2831,291.1831,289.6831,286.2831,286.0831,285.4831,281.38312,280.38312,284.0831,282.7831,282.88312,283.5831,283.38312,283.0831,283.5831,282.7831,284.4831,284.2831,280.7831,279.88312,283.4831,284.5831,286.2831,286.6831,287.38312,287.38312,288.4831,288.88312,288.88312,285.9831,285.2831,284.7831,283.88312,284.4831,284.2831,283.1831,283.4831
289.38312,291.4831,290.6831,291.4831,290.0831,285.6831,286.2831,284.38312,284.9831,284.0831,281.88312,279.4831,279.7831,282.9831,284.4831,284.4831,284.2831,283.2831,282.38312,283.1831,282.7831,284.38312,285.4831,284.9831,282.9831,282.4831,282.4831,285.88312,285.1831,285.88312,286.2831,286.0831,287.2831,286.5831,284.38312,282.38312,285.4831,283.5831,284.9831,281.7831,282.5831
287.0831,288.7831,289.88312,288.38312,286.5831,283.7831,283.4831,281.4831,281.5831,280.7831,282.9831,281.9831,281.1831,282.4831,283.0831,283.88312,283.7831,284.1831,284.5831,283.4831,284.88312,285.38312,282.88312,282.38312,284.2831,282.0831,281.5831,284.0831,285.0831,284.7831,285.2831,285.1831,284.5831,285.1831,283.5831,283.9831,282.38312,282.4831,283.4831,283.7831,285.6831
