wind_kz.json
{"header": {"discipline":0,"disciplineName":"Meteorological products","gribEdition":2,"gribLength":871,"center":7,"centerName":"US National Weather Service - NCEP(WMC)","subcenter":0,"refTime":"2023-09-23T06:00:00.000Z","significanceOfRT":1,"significanceOfRTName":"Start of forecast","productStatus":0,"productStatusName":"Operational products","productType":1,"productTypeName":"Forecast products","productDefinitionTemplate":0,"productDefinitionTemplateName":"Analysis/forecast at horizontal level/layer at a point in time","parameterCategory":0,"parameterCategoryName":"UnknownDiscipline_0_Category_0","parameterNumber":0,"parameterNumberName":"UnknownParameter_D0_C0_0","parameterUnit":"Unknown","genProcessType":2,"genProcessTypeName":"Forecast","forecastTime":60,"surface1Type":1,"surface1TypeName":"Ground or water surface","surface1Value":0.0,"surface2Type":255,"surface2TypeName":"Missing","surface2Value":0.0,"gridDefinitionTemplate":0,"gridDefinitionTemplateName":"Latitude_Longitude","numberPoints":615,"shape":6,"shapeName":"Earth spherical with radius of 6,371,229.0 m","gridUnits":"degrees","resolution":48,"winds":"true","scanMode":64,"nx":41,"ny":15,"basicAngle":0,"lo1":47.0,"la1":41.0,"lo2":87.0,"la2":55.0,"dx":1.0,"dy":1.0}, "data":
[rows 0 to 14 of 15, columns 0 to 40 of 41]
291.2523,284.0523,286.4523,294.2523,294.4523,293.7523,295.5523,296.4523,293.2523,293.15228,292.0523,292.9523,291.9523,291.5523,291.0523,289.2523,289.15228,290.8523,289.4523,289.8523,291.9523,287.0523,286.0523,284.5523,286.3523,287.7523,286.2523,274.15228,271.8523,273.3523,273.9523,274.65228,283.4523,288.7523,290.0523,290.15228,290.5523,290.0523,290.0523,288.9523,287.3523
273.8523,287.2523,293.65228,294.3523,293.9523,292.7523,295.65228,293.7523,291.8523,291.2523,292.15228,290.5523,289.8523,289.5523,288.3523,287.9523,287.3523,289.15228,289.15228,288.4523,289.8523,290.2523,287.7523,282.3523,275.2523,275.0523,281.65228,275.3523,276.5523,268.65228,274.65228,262.2523,276.4523,248.6523,271.65228,286.4523,284.9523,286.15228,288.7523,281.65228,283.65228
288.9523,293.5523,294.15228,293.9523,292.0523,294.4523,293.8523,293.15228,290.4523,289.15228,288.15228,289.15228,288.15228,289.3523,291.0523,288.7523,287.65228,286.4523,287.3523,288.9523,291.9523,290.65228,289.7523,283.4523,285.15228,284.65228,284.65228,283.15228,283.3523,275.5523,269.5523,271.9523,274.9523,275.8523,277.9523,277.3523,268.2523,271.0523,271.7523,268.4523,265.5523
291.8523,293.0523,294.0523,293.0523,292.65228,292.65228,293.9523,292.0523,291.0523,289.5523,288.2523,288.3523,291.7523,291.15228,291.2523,290.7523,290.4523,287.5523,288.5523,288.8523,290.8523,284.5523,287.9523,288.5523,288.7523,288.65228,288.65228,286.5523,283.2523,284.15228,284.8523,282.4523,287.3523,283.5523,282.4523,280.9523,264.15228,261.4523,270.4523,278.7523,282.0523
293.0523,293.0523,293.2523,292.3523,292.3523,293.0523,293.7523,292.5523,291.0523,290.15228,289.4523,288.2523,290.7523,289.65228,288.0523,290.65228,290.8523,290.4523,290.15228,290.7523,290.65228,290.4523,289.15228,288.65228,288.15228,287.9523,286.2523,287.7523,285.9523,285.8523,287.3523,283.7523,274.15228,260.0523,275.3523,282.4523,287.15228,285.9523,285.7523,285.4523,285.0523
291.7523,289.4523,291.7523,292.2523,292.4523,292.15228,292.2523,292.9523,290.2523,290.4523,290.8523,290.4523,290.4523,290.65228,290.2523,290.0523,291.4523,290.3523,290.9523,290.8523,290.2523,289.65228,288.8523,287.9523,287.2523,285.3523,285.65228,289.0523,287.9523,288.0523,286.4523,286.9523,284.9523,282.8523,280.4523,284.4523,274.65228,276.3523,282.2523,284.15228,283.4523
291.8523,290.2523,293.5523,292.9523,291.65228,290.9523,291.9523,290.65228,291.2523,291.65228,289.65228,289.8523,289.4523,289.5523,289.4523,290.7523,290.5523,290.9523,290.15228,289.0523,288.4523,289.15228,288.9523,288.65228,287.15228,286.9523,286.15228,287.7523,286.7523,289.7523,290.0523,288.5523,287.0523,285.2523,283.4523,280.4523,275.9523,272.3523,272.5523,266.8523,280.3523
294.65228,295.8523,293.8523,294.0523,293.0523,292.8523,291.7523,290.4523,289.4523,289.8523,289.15228,288.8523,288.15228,289.0523,289.65228,290.0523,289.4523,290.3523,289.8523,287.2523,287.15228,287.15228,286.9523,286.4523,285.15228,282.15228,281.65228,283.0523,285.0523,287.0523,286.0523,286.0523,284.65228,282.7523,280.9523,280.9523,283.65228,287.5523,283.0523,283.0523,279.0523
294.8523,292.2523,292.15228,290.3523,292.5523,292.0523,290.9523,290.8523,289.4523,288.3523,288.0523,287.8523,287.15228,288.3523,288.4523,289.2523,289.0523,288.7523,288.2523,287.3523,285.5523,285.15228,285.5523,285.2523,282.8523,283.4523,280.4523,280.5523,279.65228,278.5523,280.3523,280.2523,280.7523,283.4523,282.2523,279.7523,279.3523,279.9523,272.4523,269.7523,267.2523
291.8523,295.0523,294.5523,291.8523,295.15228,294.65228,290.8523,289.5523,290.15228,288.7523,288.4523,291.2523,290.0523,287.65228,286.65228,287.15228,287.65228,288.0523,287.3523,287.0523,285.5523,284.3523,284.65228,284.3523,283.5523,281.9523,283.8523,285.0523,282.9523,281.0523,280.15228,281.7523,282.4523,282.0523,280.0523,281.15228,277.65228,274.65228,271.7523,269.9523,267.5523
289.8523,289.65228,294.4523,293.3523,295.0523,294.2523,293.7523,293.5523,291.5523,291.9523,290.8523,289.8523,287.4523,285.3523,287.4523,291.0523,287.4523,288.0523,287.15228,286.7523,286.65228,289.15228,288.15228,285.3523,287.7523,283.8523,282.0523,283.4523,283.7523,284.8523,284.5523,286.0523,285.65228,284.0523,282.4523,280.3523,274.9523,273.4523,273.8523,272.7523,270.4523
288.2523,289.2523,290.3523,291.3523,294.15228,293.7523,288.3523,288.3523,288.15228,287.65228,284.9523,286.65228,290.0523,288.0523,287.4523,287.8523,287.2523,287.15228,286.7523,287.4523,286.3523,285.8523,285.4523,285.3523,284.3523,284.7523,284.0523,284.9523,285.0523,285.4523,284.5523,284.2523,284.2523,284.0523,283.5523,282.65228,281.5523,280.8523,280.0523,277.65228,274.8523
288.0523,287.3523,289.7523,288.3523,287.8523,288.8523,288.7523,291.7523,286.5523,286.7523,284.8523,282.8523,286.65228,285.8523,286.8523,287.15228,287.0523,286.7523,287.65228,286.9523,286.3523,285.15228,284.4523,283.8523,285.4523,285.65228,286.4523,285.65228,285.4523,284.65228,284.5523,284.4523,285.65228,285.9523,284.8523,283.3523,283.15228,281.5523,279.2523,277.65228,274.65228
286.8523,288.8523,287.5523,289.0523,287.9523,287.4523,285.65228,286.15228,286.5523,286.9523,285.2523,282.2523,283.15228,285.2523,285.7523,286.7523,286.8523,286.2523,286.3523,286.9523,286.9523,286.65228,286.7523,285.9523,286.2523,286.3523,285.65228,285.5523,284.65228,284.4523,283.9523,283.5523,284.0523,284.65228,283.4523,281.3523,279.9523,277.8523,276.15228,274.3523,275.7523
287.9523,290.0523,286.9523,287.8523,288.3523,288.15228,287.9523,287.65228,287.4523,285.15228,284.8523,283.65228,284.3523,284.15228,285.65228,286.65228,286.3523,285.8523,286.2523,286.5523,286.8523,286.8523,286.15228,284.9523,284.8523,284.9523,284.7523,284.2523,283.7523,283.2523,283.15228,283.3523,282.7523,283.3523,280.7523,279.3523,278.8523,276.2523,276.65228,276.5523,276.3523
