wind.json
{"header": {"discipline":0,"disciplineName":"Meteorological products","gribEdition":2,"gribLength":1125,"center":7,"centerName":"US National Weather Service - NCEP(WMC)","subcenter":0,"refTime":"2023-06-30T12:00:00.000Z","significanceOfRT":1,"significanceOfRTName":"Start of forecast","productStatus":0,"productStatusName":"Operational products","productType":1,"productTypeName":"Forecast products","productDefinitionTemplate":0,"productDefinitionTemplateName":"Analysis/forecast at horizontal level/layer at a point in time","parameterCategory":2,"parameterCategoryName":"UnknownDiscipline_0_Category_2","parameterNumber":2,"parameterNumberName":"UnknownParameter_D0_C2_2","parameterUnit":"Unknown","genProcessType":2,"genProcessTypeName":"Forecast","forecastTime":0,"surface1Type":103,"surface1TypeName":"Specified height level above ground","surface1Value":10.0,"surface2Type":255,"surface2TypeName":"Missing","surface2Value":0.0,"gridDefinitionTemplate":0,"gridDefinitionTemplateName":"Latitude_Longitude","numberPoints":688,"shape":6,"shapeName":"Earth spherical with radius of 6,371,229.0 m","gridUnits":"degrees","resolution":48,"winds":"true","scanMode":64,"nx":43,"ny":16,"basicAngle":0,"lo1":45.0,"la1":40.0,"lo2":87.0,"la2":55.0,"dx":1.0,"dy":1.0}, "data":
[rows 0 to 15 of 16, columns 0 to 42 of 43]
3.169328,-0.340672,0.419328,-0.320672,-8.790672,-3.870672,0.379328,2.769328,5.169328,1.869328,1.469328,0.409328,-0.550672,-7.610672,-7.910672,-6.190672,-6.100672,-4.400672,-3.970672,-2.100672,-0.930672,-0.220672,-4.260672,-1.560672,3.009328,3.909328,1.149328,1.179328,-0.750672,8.509328,3.359328,3.799328,-3.080672,6.289328,-0.620672,-2.000672,-0.680672,0.759328,-0.060671996,-0.320672,0.819328,-1.1706719,-6.610672
-2.170672,3.989328,4.299328,0.189328,-2.180672,0.739328,1.629328,3.479328,7.479328,4.509328,1.619328,0.369328,-1.610672,-5.360672,-7.040672,-4.950672,-5.010672,-5.250672,-2.480672,-2.020672,-2.730672,-3.260672,-0.510672,1.779328,3.389328,5.829328,2.139328,3.789328,6.319328,8.519328,7.759328,7.719328,2.309328,1.419328,-2.990672,-2.840672,-0.790672,-1.270672,0.489328,-2.980672,1.639328,-2.290672,-3.510672
6.869328,1.799328,1.119328,-0.25067198,0.929328,1.439328,2.569328,4.179328,3.269328,-1.290672,-0.170672,-0.700672,-1.010672,-6.350672,-3.990672,-4.750672,-4.930672,-4.490672,-3.620672,-3.400672,-2.450672,-3.930672,-4.380672,-0.970672,0.239328,2.339328,2.799328,-0.220672,-2.810672,1.979328,6.529328,0.429328,0.749328,2.509328,1.699328,0.419328,-1.320672,2.409328,0.329328,1.399328,-0.170672,0.109328,-9.690672
0.189328,1.069328,1.269328,-3.680672,-0.430672,2.509328,3.759328,4.559328,6.099328,1.519328,-3.420672,0.079328,-3.700672,-1.820672,-7.660672,-4.410672,-2.520672,-5.120672,-3.890672,-3.210672,-4.320672,-4.390672,-4.690672,-4.900672,-5.950672,-5.480672,-3.290672,-4.430672,-0.990672,-0.290672,-6.440672,-0.800672,1.339328,0.189328,0.359328,2.889328,3.669328,-1.440672,0.319328,3.549328,5.359328,6.449328,3.169328
3.599328,5.179328,1.279328,-1.120672,1.549328,3.129328,5.399328,1.979328,3.309328,0.339328,2.349328,-2.600672,-3.900672,-9.360672,-6.100672,-5.210672,-5.650672,-5.720672,-5.520672,-4.200672,-6.630672,-5.330672,-6.280672,-6.480672,-6.760672,-6.260672,-5.460672,-4.940672,-6.100672,-6.160672,-4.420672,-2.180672,1.339328,3.289328,4.989328,4.739328,3.969328,4.429328,1.209328,0.519328,-2.920672,-1.910672,-1.350672
3.309328,8.559328,4.909328,1.979328,4.279328,4.369328,3.059328,4.439328,3.579328,2.779328,-2.660672,-4.960672,-8.040672,-6.350672,-3.880672,-4.630672,-1.680672,-5.800672,-5.660672,-5.430672,-4.760672,-3.400672,-3.500672,-4.520672,-5.580672,-4.490672,-5.480672,-5.800672,-6.140672,1.529328,-2.690672,-1.210672,-1.680672,-0.820672,-1.210672,-0.040671997,3.669328,-0.940672,0.889328,-0.270672,0.399328,1.889328,1.869328
7.019328,6.139328,5.819328,5.359328,2.339328,5.489328,3.969328,4.739328,5.489328,4.589328,0.879328,-9.310672,-4.130672,-6.090672,0.979328,-1.220672,1.819328,-3.330672,-4.160672,-4.050672,-3.080672,-2.010672,-2.400672,-2.130672,-1.130672,-0.750672,-2.210672,-1.560672,-4.590672,-1.020672,-1.080672,-1.6706719,-1.360672,-2.230672,0.809328,-2.850672,-1.860672,3.269328,0.629328,2.919328,2.889328,1.019328,-0.370672
5.309328,5.549328,6.469328,5.229328,6.079328,5.379328,4.009328,6.539328,3.229328,-0.590672,-3.430672,-2.390672,1.229328,-2.420672,-2.230672,-1.850672,-2.510672,-1.350672,-3.360672,-2.480672,-0.650672,-1.550672,-0.930672,-1.660672,-2.280672,0.029328004,1.129328,1.919328,2.479328,0.559328,2.499328,0.279328,0.539328,-0.350672,1.0793281,1.169328,4.319328,3.589328,2.639328,-0.270672,3.329328,-0.090671994,2.329328
8.169328,6.549328,6.259328,6.749328,7.309328,5.779328,3.099328,3.819328,1.299328,0.629328,-1.530672,2.079328,0.279328,-1.190672,-3.220672,-3.380672,-3.320672,-0.550672,-0.480672,-0.900672,-1.560672,2.029328,0.429328,0.129328,1.859328,2.059328,3.269328,3.929328,2.999328,3.199328,-0.030671997,3.799328,4.169328,5.899328,5.349328,0.589328,1.349328,-0.28067198,-4.750672,1.8293281,6.079328,7.249328,6.269328
7.479328,6.529328,5.839328,7.029328,6.809328,5.239328,5.489328,3.809328,2.629328,1.019328,2.359328,2.339328,-1.740672,-0.350672,-3.540672,-2.100672,-0.500672,-0.28067198,2.969328,0.409328,-2.060672,0.659328,1.239328,0.49932802,1.279328,4.289328,0.799328,6.039328,0.189328,3.169328,-0.850672,-0.300672,3.209328,1.469328,4.079328,1.519328,3.399328,2.289328,-3.520672,1.3293281,-0.070672,0.369328,2.489328
6.309328,4.919328,5.329328,5.969328,6.809328,5.269328,5.339328,3.479328,2.249328,1.619328,1.849328,2.849328,-0.360672,1.649328,0.089328006,2.249328,0.359328,2.419328,-0.660672,6.289328,2.869328,0.189328,1.249328,4.179328,2.769328,5.249328,1.359328,-2.490672,4.769328,1.479328,2.659328,5.659328,6.689328,7.939328,3.429328,5.519328,7.339328,1.869328,2.409328,-0.110672,2.179328,1.5793281,1.939328
6.759328,2.209328,3.399328,4.699328,4.179328,5.169328,4.639328,2.999328,0.799328,1.469328,0.879328,2.509328,2.059328,-0.030671997,-1.890672,1.169328,0.549328,2.759328,1.5793281,1.729328,-0.230672,-2.200672,-0.450672,-1.290672,2.249328,0.399328,3.509328,3.499328,4.169328,4.889328,5.979328,3.839328,5.169328,6.269328,3.259328,3.019328,5.079328,-2.070672,1.469328,0.779328,2.219328,3.569328,4.229328
1.809328,4.869328,3.189328,3.419328,4.229328,7.329328,1.619328,-0.390672,0.559328,2.319328,1.949328,0.779328,-0.090671994,-0.850672,-1.330672,0.799328,0.399328,1.699328,-0.600672,0.409328,0.009328003,-2.680672,-0.940672,1.539328,1.019328,3.429328,3.829328,3.309328,2.919328,3.089328,4.699328,6.689328,6.249328,5.729328,4.169328,4.059328,0.509328,3.249328,6.329328,0.769328,0.099328004,0.799328,-0.650672
4.129328,4.459328,1.889328,1.269328,4.509328,5.089328,-1.030672,-1.020672,-1.690672,-2.710672,-2.900672,-0.340672,-2.440672,-1.970672,0.199328,0.60932803,-0.530672,0.249328,0.019328004,0.559328,-1.380672,-2.290672,-1.560672,0.829328,2.689328,3.209328,4.689328,3.699328,3.919328,0.999328,1.649328,2.439328,2.529328,4.069328,2.819328,5.189328,2.719328,5.739328,1.989328,3.639328,0.299328,0.349328,0.399328
2.729328,2.729328,1.0793281,2.499328,4.059328,1.159328,-2.030672,-2.890672,-2.120672,-4.450672,-3.450672,-0.430672,-0.880672,0.129328,-0.350672,1.569328,-0.690672,0.349328,-0.090671994,0.919328,-0.830672,-0.760672,-0.150672,1.039328,2.569328,-0.020671997,2.009328,3.539328,3.779328,2.649328,4.179328,4.639328,3.859328,4.819328,4.129328,6.139328,4.609328,3.339328,1.979328,2.349328,2.729328,1.509328,2.219328
4.749328,1.549328,-0.550672,2.669328,4.529328,-3.200672,-1.810672,-2.170672,-1.890672,-2.780672,-1.820672,-1.780672,1.049328,-0.810672,0.249328,-0.390672,2.439328,-1.000672,-0.120671995,-0.480672,1.689328,0.289328,1.289328,1.479328,2.479328,2.359328,2.779328,0.14932801,2.819328,4.049328,4.359328,4.789328,5.169328,5.669328,3.739328,4.779328,5.999328,6.039328,0.459328,1.249328,3.649328,2.159328,-0.110672
