wind_kz.json
{"header": {"discipline":0,"disciplineName":"Meteorological products","gribEdition":2,"gribLength":1025,"center":7,"centerName":"US National Weather Service - NCEP(WMC)","subcenter":0,"refTime":"2024-04-08T12:00:00.000Z","significanceOfRT":1,"significanceOfRTName":"Start of forecast","productStatus":0,"productStatusName":"Operational products","productType":1,"productTypeName":"Forecast products","productDefinitionTemplate":0,"productDefinitionTemplateName":"Analysis/forecast at horizontal level/layer at a point in time","parameterCategory":2,"parameterCategoryName":"UnknownDiscipline_0_Category_2","parameterNumber":3,"parameterNumberName":"UnknownParameter_D0_C2_3","parameterUnit":"Unknown","genProcessType":2,"genProcessTypeName":"Forecast","forecastTime":240,"surface1Type":103,"surface1TypeName":"Specified height level above ground","surface1Value":10.0,"surface2Type":255,"surface2TypeName":"Missing","surface2Value":0.0,"gridDefinitionTemplate":0,"gridDefinitionTemplateName":"Latitude_Longitude","numberPoints":615,"shape":6,"shapeName":"Earth spherical with radius of 6,371,229.0 m","gridUnits":"degrees","resolution":48,"winds":"true","scanMode":64,"nx":41,"ny":15,"basicAngle":0,"lo1":47.0,"la1":41.0,"lo2":87.0,"la2":55.0,"dx":1.0,"dy":1.0}, "data":
[rows 0 to 14 of 15, columns 0 to 40 of 41]
-1.8761694,1.9138305,0.81383055,10.9438305,7.9238305,6.0538306,4.1838307,7.5138307,5.5038304,5.4138308,4.1838307,2.9938307,1.2438306,0.21383056,-1.4261694,-3.4361694,-4.2561693,-5.5961695,-6.4161696,-5.9761696,-6.3161693,-5.6861696,-4.5261693,1.4338306,3.2038305,0.20383057,1.1038306,0.62383056,0.51383054,5.0838304,2.0238307,2.0638306,0.86383057,0.8338306,-0.63616943,2.8538306,-0.7761694,-2.4661694,-1.8761694,-0.8461694,-4.8061695
3.6138306,-1.5861695,-2.4561694,6.3838305,7.5338306,6.893831,8.793831,8.10383,7.4338307,5.5738306,3.5038307,3.9338305,2.1138306,1.1038306,-1.0261694,-1.6061695,-3.2061694,-4.7161694,-4.876169,-6.4761696,-6.5361695,-6.7961693,-8.176169,-2.1361694,-0.87616944,-2.7961695,-1.7661694,-1.3761694,-3.9561694,-1.4461694,-2.4261694,1.8038306,1.3638306,2.2038305,-1.8961694,4.4738307,3.2338305,3.5238307,3.9938307,-0.5261694,0.8538306
-0.86616945,-0.0061694337,3.3138306,6.5438304,8.073831,7.3138304,9.203831,9.09383,8.493831,7.4738307,5.9538307,3.5138307,3.2738307,2.1038306,0.14383057,-1.3561695,-2.8561695,-3.8561695,-4.7561693,-5.1361694,-2.2661695,-6.5461693,-6.0761695,-4.4361696,-3.2361693,-0.79616946,-0.6461694,-2.0461695,0.44383058,-1.7561694,-2.8461695,-2.3761694,-0.98616946,-2.4461694,-0.9661694,-2.0861695,-2.4061694,-7.1761694,-1.5561694,-1.5161694,-3.1861694
-1.2561694,1.7638305,4.5038304,6.0438304,10.203831,11.68383,10.923831,10.293831,9.173831,7.4638305,6.3838305,0.083830565,-2.5861695,-2.1761694,1.3638306,-0.45616943,-1.7961694,-2.8261695,-3.5361695,-3.8061695,-4.6461697,-5.0161695,-3.3961694,-0.87616944,-1.5661694,-0.45616943,1.6038306,-0.31616944,-1.3961694,-2.6761694,-1.2161695,-2.0961695,0.9738306,1.6738305,0.67383057,0.26383057,-3.9861693,-1.9061694,-0.87616944,1.8838305,-5.376169
1.3638306,3.6138306,6.3238306,6.1138306,8.543831,10.30383,10.073831,9.503831,9.133831,8.09383,6.2338305,4.1638308,1.8138306,-0.14616944,-0.40616944,0.51383054,-1.6561694,-2.6461694,-2.1861694,-2.3161695,-2.0261695,-1.3161694,-2.2261693,1.4838306,-0.0061694337,-0.9761694,2.0338306,-1.2761694,1.6238306,-1.9761695,-3.3461695,-4.2161694,-2.8361695,-0.7661694,0.46383056,2.8238306,-2.2961695,2.5538306,1.4938306,-1.3561695,-3.7261693
0.9838306,4.643831,6.0338306,3.5038307,3.7738307,6.6638308,9.783831,9.47383,8.93383,7.9038305,7.5338306,6.7938304,4.6338305,1.1138306,-1.2061695,0.67383057,-0.31616944,-1.3261695,-1.2761694,-0.9561694,-0.81616944,-1.5561694,-0.75616944,-1.4061694,-1.9061694,-1.9961694,0.70383054,-1.8361695,-4.6961694,-4.4561696,-4.5561695,-4.4661694,-2.7961695,-1.4061694,-0.82616943,0.5438306,-0.9661694,-3.6061695,2.8138306,2.5138307,-1.2661694
0.62383056,5.7038307,11.14383,8.60383,7.8238306,7.9638305,10.6938305,9.59383,8.113831,7.4838305,7.6738305,7.8538303,7.123831,5.5338306,3.4238305,1.8538306,0.5338306,-0.18616943,-0.28616944,0.41383058,-0.12616943,-0.46616945,-0.26616943,-0.5261694,-1.1561694,-1.8561695,-2.5961695,-2.8061695,-3.4361694,-4.6761694,-4.0661693,-3.8161695,-5.7161694,-6.856169,1.4938306,1.1538305,-2.9161694,-4.8361692,-2.4961693,-1.4661695,-7.1661696
2.2438307,8.22383,11.423831,11.993831,11.81383,10.383831,10.203831,7.873831,7.8838305,7.623831,7.5238304,7.5638304,6.9438305,5.9238305,4.5138307,3.4438305,1.5938306,0.11383057,0.30383056,0.82383054,0.75383055,0.013830567,-1.0261694,-2.3361695,-2.2061694,-2.3161695,-2.7261693,-2.5961695,-1.8461695,-3.5261695,-3.1661694,-3.1161695,-4.5161695,-5.4761696,-5.6961694,-6.1361694,-3.6361694,-1.3161694,1.7038306,-1.5561694,-1.2461694
5.7838306,8.953831,10.243831,9.97383,9.293831,9.133831,9.133831,8.173831,7.6538305,7.5038304,7.6038303,7.6138306,7.7138305,6.5638304,6.1638308,4.873831,3.6938305,2.3838305,1.1938306,1.3538306,1.7738305,1.0838306,0.023830567,-0.6461694,-1.2261695,-1.6861694,-1.8761694,-1.9961694,-2.1061695,-2.2461693,-0.28616944,-2.4261694,-2.2261693,-3.7961695,-5.1461697,-6.0461693,-5.5661693,-4.2261696,-3.9561694,-3.1061695,-2.8961694
6.0638304,8.48383,8.35383,8.783831,8.923831,8.423831,8.43383,8.793831,9.073831,8.26383,7.8538303,7.9638305,7.6938305,7.5838304,7.2638307,6.5538306,5.2938304,4.3038306,3.0438306,1.9938306,1.6838306,1.6138306,1.6138306,1.1138306,-0.23616943,-1.3261695,-1.0961695,-1.4861695,-1.0361694,-1.4861695,-2.0161695,-0.85616946,-2.7861695,-3.5361695,-2.8661695,-3.6661694,-2.3261695,-3.5561695,0.20383057,1.2038306,1.0438305
3.8338306,6.8038306,7.9238305,7.9338307,7.5838304,8.033831,8.673831,9.133831,8.89383,8.4438305,8.243831,7.2938304,7.0838304,7.7638307,7.4838305,7.5338306,7.123831,6.1038303,4.9538307,4.3538303,2.9138305,2.2738307,1.9238305,2.1538305,1.7038306,0.80383056,0.07383057,-0.32616943,-0.62616944,-1.8961694,0.51383054,-0.5161694,-1.6461694,-2.2561693,-2.2161694,-1.6261694,-0.096169434,0.16383056,-2.8861694,-1.1361694,1.0938306
-3.1361694,0.69383055,5.873831,6.1338305,5.6738305,6.6038303,6.9938307,7.2038307,7.2838306,7.623831,7.0338306,6.9038305,6.2838306,6.7838306,6.7038307,6.5738306,6.9338307,6.5538306,6.1738305,5.0638304,3.7638307,3.2838306,2.4838305,1.9138305,2.1838305,3.0838306,3.1938305,2.8738306,3.3538306,2.7938306,0.9838306,1.0138305,-0.6561694,-1.4861695,-1.6061695,-2.1161695,-1.7261695,-2.4461694,-2.8661695,-2.2161694,1.1738305
-1.5261694,-3.4661694,1.1938306,1.1038306,3.4438305,2.4338305,4.9638305,6.7438307,8.663831,7.8838305,5.6138306,5.5538306,7.3038306,6.893831,6.2938304,5.7138305,5.9738307,5.6638308,5.7538304,5.4738307,4.9938307,4.373831,3.6338305,3.2538307,2.9738305,2.7738307,2.7738307,4.4338307,2.1838305,3.0938306,3.0838306,1.9038305,0.40383056,0.10383057,-0.24616943,-0.5361694,-1.3161694,-0.86616945,-1.2161695,-2.4661694,-1.8961694
0.92383057,-1.1861694,-3.3361695,-1.3161694,3.7338305,4.4638305,5.1738305,5.1338305,5.2738304,8.293831,6.0938306,4.2038307,7.6738305,7.5938306,6.7138305,6.0338306,5.9038305,6.0138307,5.6738305,4.9338307,5.7238307,5.2138305,4.2338305,3.9838305,3.2438307,2.1938305,4.0438304,4.8838305,3.8138306,2.7438307,2.8638306,2.0338306,1.4538306,0.41383058,-0.56616944,-1.1861694,-1.1861694,-1.7661694,-1.4161694,-0.39616942,-1.0761695
-0.63616943,2.0338306,1.5538306,-1.4661695,-2.3461695,4.2338305,5.3638306,5.123831,4.8638306,4.8638306,4.623831,6.7138305,3.5738306,2.4738305,5.3338304,5.7538304,5.9038305,6.0838304,6.0438304,5.4338307,4.9238305,4.8038306,4.1038303,3.1038306,4.0238304,4.0338306,4.7938304,5.4038305,4.3038306,3.9138305,3.5438306,1.7138306,1.1038306,-0.11616943,0.123830564,0.70383054,0.0038305663,0.14383057,-0.5361694,-0.5361694,-0.48616943
