wind_kz.json
{"header": {"discipline":0,"disciplineName":"Meteorological products","gribEdition":2,"gribLength":1025,"center":7,"centerName":"US National Weather Service - NCEP(WMC)","subcenter":0,"refTime":"2023-09-10T18:00:00.000Z","significanceOfRT":1,"significanceOfRTName":"Start of forecast","productStatus":0,"productStatusName":"Operational products","productType":1,"productTypeName":"Forecast products","productDefinitionTemplate":0,"productDefinitionTemplateName":"Analysis/forecast at horizontal level/layer at a point in time","parameterCategory":2,"parameterCategoryName":"UnknownDiscipline_0_Category_2","parameterNumber":3,"parameterNumberName":"UnknownParameter_D0_C2_3","parameterUnit":"Unknown","genProcessType":2,"genProcessTypeName":"Forecast","forecastTime":300,"surface1Type":103,"surface1TypeName":"Specified height level above ground","surface1Value":10.0,"surface2Type":255,"surface2TypeName":"Missing","surface2Value":0.0,"gridDefinitionTemplate":0,"gridDefinitionTemplateName":"Latitude_Longitude","numberPoints":615,"shape":6,"shapeName":"Earth spherical with radius of 6,371,229.0 m","gridUnits":"degrees","resolution":48,"winds":"true","scanMode":64,"nx":41,"ny":15,"basicAngle":0,"lo1":47.0,"la1":41.0,"lo2":87.0,"la2":55.0,"dx":1.0,"dy":1.0}, "data":
[rows 0 to 14 of 15, columns 0 to 40 of 41]
0.70984435,0.97984433,4.189844,6.2198443,3.8798444,1.9298444,1.9798443,2.5798445,2.0598443,1.8798443,0.10984436,-0.23015565,-1.2301556,-2.9301558,-4.5501556,-5.9401555,-6.060156,-6.330156,-6.8401556,-3.9401557,-2.3201556,-1.6601557,0.44984436,0.7398444,0.27984437,-1.3801557,-1.4801556,1.6698444,-2.7901556,-4.7901554,-4.5101557,-3.7901556,-2.5801556,-4.4301558,-3.9201555,-5.5301557,0.96984434,0.45984435,-3.8201556,1.9298444,3.7098444
1.8998444,-0.23015565,8.559844,8.099844,5.7898445,4.649844,2.7698443,3.8198442,3.0398443,2.0798445,1.4098444,0.04984436,-1.2401557,-2.1001556,-3.4501557,-4.0401554,-3.8901556,-3.5201557,-4.890156,-6.7401557,-5.7201557,-5.2801557,-3.2101557,-0.77015567,1.7198443,1.9698443,1.1398444,-1.5301557,-0.39015564,-0.7001556,-3.1301556,-5.0201554,-1.7401557,-3.7101557,-3.0201557,-4.640156,-5.100156,-8.550156,-8.400156,-0.85015565,-1.5601556
3.8598444,9.339845,8.049845,7.7198443,6.5398445,4.939844,4.399844,4.2798443,4.7398443,3.3198442,1.6198443,1.0298444,-0.10015564,-0.93015563,-2.2601557,-3.3601556,-4.7301555,-5.2801557,-5.7301555,-3.8801556,-1.2601557,-4.8601556,-6.7001557,-2.9401557,-3.0101557,-1.9101557,-0.47015563,-1.6501557,0.95984435,0.51984435,-1.2301556,-1.0301557,-0.49015564,-1.8201556,-2.6201556,-1.8001556,-3.2701557,-6.2001557,-2.1101556,-0.26015565,2.4098444
6.9598446,7.919844,7.649844,7.6198444,6.0398445,6.5198445,6.4598446,5.089844,4.589844,4.169844,3.0098443,1.9898443,1.0698444,-0.28015563,-0.99015564,-2.1401556,-3.3201556,-4.5201554,-5.890156,-6.7101555,-6.7501554,-3.8301556,0.03984436,-1.1401557,-1.2501557,-1.3701557,-1.3501556,-0.41015565,-1.3001556,-1.8801557,-2.2901556,-2.3601556,-1.7701557,3.2998443,4.0298443,0.8598444,3.9598444,5.3198442,-3.1701555,-0.5101556,-4.3801556
6.3198442,6.2698445,6.879844,5.7798443,5.2198443,5.689844,5.5698442,5.359844,5.0198445,3.8198442,3.0998445,2.5198443,1.5898443,0.50984436,-0.5101556,-1.3001556,-1.3901557,-2.2301557,-2.7801557,-2.9701557,-1.8301556,0.16984436,0.17984436,-0.09015564,-0.30015564,-1.0001557,-1.4501556,-1.5901556,-0.54015565,-1.7301556,-0.92015564,-0.24015564,3.6598444,0.30984437,1.3098444,-3.3001556,-8.760156,-3.1401556,-7.5701556,-4.0901556,-4.6501555
5.3098445,4.3498445,5.2998443,6.3198442,6.5198445,6.4598446,5.8298445,5.4098444,4.7798443,3.5798445,3.0098443,2.4398444,2.0898445,0.9198444,-0.24015564,-0.59015566,-0.68015563,-1.0301557,-1.1701556,-0.5001556,-0.48015565,-0.21015564,0.23984437,0.31984437,0.17984436,-0.15015563,-0.17015564,0.27984437,-2.0701556,-1.6601557,-0.53015566,-0.01015564,1.2198443,1.0398444,2.6898444,-3.1301556,-2.0901556,-8.720156,-7.6701555,-2.7601557,2.8598444
3.7798443,4.3198442,5.3698444,5.879844,6.169844,5.8898444,5.7098446,5.2198443,4.2898445,3.6598444,2.8198442,2.3198442,1.1598444,0.38984436,0.00984436,0.04984436,-0.29015565,-0.32015565,-0.19015564,-0.40015563,-0.01015564,0.8598444,1.1598444,1.5498444,1.0098443,0.39984435,-0.07015564,-0.21015564,-1.0301557,-1.5401556,-1.3001556,-1.5701556,-1.6601557,-1.3101556,1.9598444,0.50984436,2.9898443,3.3098443,-1.5901556,-2.4201555,-9.590156
3.0898445,4.0798445,4.919844,5.189844,5.2298446,5.189844,5.4098444,5.1798444,4.5998445,3.5398443,2.3598444,1.4298444,0.75984436,0.52984434,0.30984437,0.47984436,0.7398444,1.0498444,1.3598443,0.7398444,-0.44015563,0.89984435,2.1298444,3.0298443,3.0198443,2.6598444,1.3198444,0.8598444,0.31984437,-1.4801556,-1.3501556,-1.4201556,-1.8801557,-2.8401556,-2.6801558,-3.8201556,-3.7901556,-1.5001557,-0.040155638,0.31984437,-1.3001556
2.9198444,3.4898443,3.8898444,4.669844,4.6598444,4.859844,5.109844,4.2498446,3.1498444,2.7798443,1.8198444,1.3998444,-0.33015564,0.03984436,-0.25015563,0.07984436,0.88984436,1.1798444,2.0898445,2.3198442,1.4098444,-0.22015564,1.2098444,1.9498444,3.4798443,4.9498444,4.689844,4.3898444,4.439844,1.2498443,2.6198444,-0.02015564,-1.1701556,-1.5601556,-2.1901557,-4.5001554,-2.6001556,-2.4201555,-1.4101557,-1.8301556,1.2498443
3.0398443,3.1398444,3.3298445,3.7098444,3.7398443,3.8398445,4.0098443,3.7798443,3.2598443,2.4298444,1.5098443,0.76984435,0.46984437,-0.7501556,-0.97015566,-0.79015565,-0.11015564,0.68984437,1.6298443,1.8998444,3.1798444,1.7498443,-0.37015563,0.03984436,1.3698443,2.0898445,3.9898443,4.9998446,5.109844,5.8198442,2.9498444,4.879844,1.9898443,0.26984435,-2.1101556,-2.7801557,-0.53015566,1.0198444,1.0398444,-0.24015564,-1.4401556
3.1598444,3.5198443,3.9098444,3.9398444,3.7798443,3.8698444,3.9798443,3.4698443,2.5398443,2.2098444,1.5698444,0.17984436,-0.05015564,0.57984436,-0.55015564,-0.16015564,-0.43015563,0.15984435,0.8098444,2.0898445,2.0898445,1.2998444,0.42984435,0.75984436,1.3898444,2.1398444,3.1298444,4.8298445,5.7898445,5.2198443,5.4598446,4.5098443,4.0198445,3.3798444,0.95984435,-0.07015564,0.07984436,-1.1801556,-1.6701556,-2.0801556,0.6798444
2.0298443,2.3098443,2.0598443,2.5898445,2.4098444,2.8798444,2.8998444,2.9998443,2.6098444,1.8098444,1.7298443,1.0098443,-0.24015564,0.76984435,0.9998444,-0.6901556,-1.1401557,-1.1601557,-0.14015564,0.56984437,1.0498444,0.87984437,0.7498444,1.6498444,2.4398444,1.7998444,5.339844,3.0398443,3.6198444,6.1398444,6.5198445,5.3298445,4.7698445,5.2398443,3.4798443,2.9898443,3.5098443,1.1398444,-0.19015564,-0.09015564,-0.55015564
0.08984436,0.34984437,0.40984437,0.25984436,0.57984436,0.09984436,0.37984437,0.39984435,0.05984436,0.59984434,1.4098444,0.26984435,-0.33015564,0.30984437,0.48984435,-0.01015564,-0.61015564,-1.4701556,-1.2201556,0.95984435,1.3498443,3.0398443,1.5498444,0.8598444,1.0898443,1.5798444,2.2998443,3.3598444,3.1898444,5.439844,7.2098446,7.0598445,6.4498444,6.0298443,5.8098445,4.669844,3.6798444,2.4398444,2.7198443,2.3398445,0.6698444
-0.6901556,-0.52015567,-1.5001557,-0.8801556,-1.0401556,-0.8901556,-0.44015563,0.15984435,-0.11015564,0.00984436,1.3998444,0.11984436,-0.13015564,-0.74015564,-0.23015565,0.40984437,0.90984434,0.89984435,-0.19015564,1.5598444,1.7198443,2.4298444,2.1698444,1.2798444,1.2398443,1.7398443,2.1798444,3.7798443,4.3298445,5.3198442,6.4698443,6.9698443,6.5298443,6.649844,6.149844,6.5598445,5.0398445,4.3698444,3.4598444,2.8498445,3.4698443
0.41984436,-0.43015563,-0.74015564,-1.0001557,-0.15015563,0.11984436,-1.4501556,-1.6601557,-2.2501557,-2.1801558,0.01984436,1.5198444,0.32984436,-0.44015563,-3.0701556,-3.0701556,-2.8601556,-1.8301556,-1.0701556,1.2898444,0.22984436,-0.38015565,0.08984436,1.2798444,1.4498444,2.3498445,3.1798444,2.6098444,4.5998445,5.2298446,5.9898443,8.419845,6.399844,6.5198445,6.9798446,6.3498445,7.4298444,6.339844,5.6998444,5.3898444,3.6298444
