wind_kz.json
{"header": {"discipline":0,"disciplineName":"Meteorological products","gribEdition":2,"gribLength":948,"center":7,"centerName":"US National Weather Service - NCEP(WMC)","subcenter":0,"refTime":"2023-09-29T00:00:00.000Z","significanceOfRT":1,"significanceOfRTName":"Start of forecast","productStatus":0,"productStatusName":"Operational products","productType":1,"productTypeName":"Forecast products","productDefinitionTemplate":0,"productDefinitionTemplateName":"Analysis/forecast at horizontal level/layer at a point in time","parameterCategory":0,"parameterCategoryName":"UnknownDiscipline_0_Category_0","parameterNumber":0,"parameterNumberName":"UnknownParameter_D0_C0_0","parameterUnit":"Unknown","genProcessType":2,"genProcessTypeName":"Forecast","forecastTime":180,"surface1Type":1,"surface1TypeName":"Ground or water surface","surface1Value":0.0,"surface2Type":255,"surface2TypeName":"Missing","surface2Value":0.0,"gridDefinitionTemplate":0,"gridDefinitionTemplateName":"Latitude_Longitude","numberPoints":615,"shape":6,"shapeName":"Earth spherical with radius of 6,371,229.0 m","gridUnits":"degrees","resolution":48,"winds":"true","scanMode":64,"nx":41,"ny":15,"basicAngle":0,"lo1":47.0,"la1":41.0,"lo2":87.0,"la2":55.0,"dx":1.0,"dy":1.0}, "data":
[rows 0 to 14 of 15, columns 0 to 40 of 41]
300.07233,289.47235,298.47235,293.97235,293.67233,292.87234,300.57233,305.27234,301.77234,302.27234,300.37234,300.57233,299.57233,299.57233,299.27234,298.17233,297.47235,297.17233,297.37234,297.47235,295.77234,291.47235,287.57233,288.47235,293.97235,295.17233,291.57233,281.07233,279.77234,277.17233,276.27234,274.47235,286.67233,292.87234,293.87234,294.27234,295.27234,293.67233,293.97235,292.47235,291.87234
278.67233,295.67233,293.67233,293.77234,293.57233,292.37234,305.67233,302.67233,300.77234,300.27234,300.77234,300.17233,300.47235,299.07233,298.77234,297.97235,297.77234,295.57233,295.97235,295.17233,293.57233,292.57233,288.27234,282.07233,277.57233,279.57233,287.77234,281.97235,282.57233,276.27234,282.47235,270.97235,280.37234,252.77234,276.27234,291.27234,289.27234,291.47235,294.17233,287.07233,284.17233
298.97235,293.17233,293.47235,292.87234,291.37234,302.17233,301.57233,301.07233,300.07233,299.67233,300.07233,300.77234,300.17233,299.17233,298.47235,297.87234,296.87234,294.37234,295.17233,295.17233,296.47235,292.27234,289.17233,286.07233,292.47235,290.77234,294.07233,294.57233,292.87234,282.27234,274.07233,276.47235,282.37234,282.57233,283.57233,283.37234,275.77234,278.07233,278.97235,274.07233,274.47235
299.47235,292.47235,292.97235,292.27234,293.77234,301.57233,301.27234,301.17233,302.27234,301.87234,300.67233,299.27234,290.77234,290.17233,296.97235,298.27234,297.37234,296.87234,295.57233,295.27234,290.27234,288.77234,292.17233,292.67233,293.07233,296.17233,297.37234,294.37234,291.97235,292.67233,294.07233,291.67233,296.17233,292.77234,291.17233,286.67233,276.07233,266.67233,278.27234,286.67233,290.27234
299.37234,291.87234,292.17233,291.77234,295.67233,302.37234,302.87234,303.77234,301.67233,300.87234,301.27234,298.87234,289.87234,288.57233,287.47235,297.77234,297.97235,296.97235,296.17233,296.97235,296.07233,294.87234,293.47235,293.37234,294.57233,296.57233,294.17233,291.87234,293.87234,292.67233,294.77234,292.67233,280.57233,269.07233,281.87234,289.27234,291.07233,293.17233,293.27234,293.77234,293.57233
300.27234,299.27234,290.77234,291.57233,291.57233,291.57233,301.37234,301.47235,300.07233,300.47235,300.07233,299.47235,290.37234,289.27234,292.27234,297.47235,297.87234,297.07233,296.97235,297.27234,296.67233,295.17233,294.67233,296.57233,294.57233,294.67233,292.67233,287.27234,294.17233,294.47235,291.87234,293.27234,292.37234,289.57233,286.27234,289.37234,282.77234,286.77234,291.47235,292.37234,292.27234
301.67233,302.37234,300.47235,299.37234,296.17233,299.47235,300.77234,300.07233,300.17233,300.07233,298.87234,298.17233,297.37234,297.67233,296.97235,297.47235,297.27234,297.37234,296.27234,296.07233,295.07233,295.37234,295.37234,292.87234,291.07233,293.37234,293.47235,293.87234,292.77234,293.07233,291.87234,291.27234,291.57233,291.17233,289.37234,288.27234,282.97235,279.67233,278.07233,279.07233,287.47235
299.77234,295.07233,300.17233,299.07233,298.97235,299.37234,299.37234,298.87234,298.27234,297.87234,297.17233,296.27234,295.87234,296.17233,297.27234,297.37234,296.77234,296.37234,296.07233,293.37234,293.37234,293.27234,293.37234,292.87234,290.37234,287.87234,288.97235,289.27234,288.87234,290.27234,288.97235,289.37234,287.97235,285.57233,285.37234,286.27234,286.77234,285.57233,286.87234,286.47235,282.77234
294.57233,294.97235,296.27234,294.07233,297.27234,296.77234,295.47235,296.07233,295.57233,294.77234,294.47235,294.97235,294.77234,295.87234,294.87234,296.07233,295.27234,295.17233,294.37234,292.77234,291.07233,290.67233,291.27234,291.37234,290.37234,290.07233,287.57233,286.77234,286.17233,285.07233,285.87234,286.37234,286.57233,286.37234,285.47235,283.77234,283.47235,282.57233,271.17233,272.37234,269.47235
290.27234,291.87234,294.67233,293.67233,293.17233,295.77234,295.57233,295.27234,294.77234,294.07233,293.27234,292.67233,293.27234,293.27234,293.07233,293.77234,294.07233,294.17233,293.87234,293.27234,291.47235,290.77234,291.67233,291.17233,290.57233,289.17233,289.17233,288.57233,287.07233,286.67233,286.37234,287.57233,288.47235,287.77234,286.07233,284.17233,281.77234,277.17233,273.17233,273.47235,270.07233
293.17233,292.17233,291.77234,291.97235,293.27234,293.37234,289.67233,293.77234,293.07233,292.67233,292.37234,292.07233,293.17233,292.17233,292.37234,292.67233,292.27234,292.97235,292.87234,291.67233,291.77234,290.67233,290.47235,290.27234,289.47235,288.87234,286.57233,287.97235,288.07233,288.97235,288.57233,288.37234,286.37234,287.67233,286.67233,283.27234,278.97235,276.77234,276.77234,276.67233,273.77234
291.37234,292.87234,292.17233,291.87234,290.27234,290.07233,290.17233,289.67233,291.47235,288.87234,288.27234,289.57233,290.87234,290.47235,290.97235,291.47235,291.37234,291.07233,291.37234,290.37234,289.47235,288.57233,287.97235,288.57233,287.77234,288.87234,288.57233,289.07233,288.87234,288.27234,286.87234,286.37234,286.57233,283.37234,284.87234,283.77234,283.47235,283.07233,281.37234,281.67233,281.27234
287.27234,290.07233,289.77234,290.77234,289.67233,289.27234,289.37234,288.97235,288.57233,287.57233,286.47235,284.77234,288.57233,288.57233,289.37234,289.77234,288.97235,289.27234,289.17233,288.17233,288.07233,286.87234,286.57233,286.57233,287.67233,288.47235,289.67233,288.87234,288.67233,287.57233,287.37234,286.47235,285.97235,283.97235,284.17233,283.67233,283.47235,284.57233,282.07233,280.97235,281.17233
286.87234,288.27234,286.57233,288.57233,287.67233,287.37234,286.57233,285.77234,286.07233,285.67233,283.07233,282.27234,285.57233,284.17233,285.37234,286.47235,286.37234,285.87234,285.87234,285.77234,285.77234,285.77234,287.17233,287.67233,287.87234,288.57233,287.87234,288.07233,287.17233,287.37234,286.97235,286.07233,285.07233,283.67233,283.57233,281.57233,281.57233,281.57233,281.37234,279.97235,280.37234
286.87234,288.07233,284.97235,286.57233,287.07233,286.07233,285.37234,284.17233,284.07233,283.47235,282.67233,283.07233,281.17233,283.17233,284.17233,284.27234,283.87234,284.37234,285.07233,284.87234,284.97235,284.87234,284.57233,284.37234,284.87234,285.37234,286.37234,287.57233,287.87234,286.27234,286.37234,284.47235,284.77234,284.27234,283.47235,282.87234,282.07233,280.67233,281.47235,280.97235,280.47235
