wind.json
{"header": {"discipline":0,"disciplineName":"Meteorological products","gribEdition":2,"gribLength":1039,"center":7,"centerName":"US National Weather Service - NCEP(WMC)","subcenter":0,"refTime":"2023-05-30T06:00:00.000Z","significanceOfRT":1,"significanceOfRTName":"Start of forecast","productStatus":0,"productStatusName":"Operational products","productType":1,"productTypeName":"Forecast products","productDefinitionTemplate":0,"productDefinitionTemplateName":"Analysis/forecast at horizontal level/layer at a point in time","parameterCategory":0,"parameterCategoryName":"UnknownDiscipline_0_Category_0","parameterNumber":0,"parameterNumberName":"UnknownParameter_D0_C0_0","parameterUnit":"Unknown","genProcessType":2,"genProcessTypeName":"Forecast","forecastTime":240,"surface1Type":1,"surface1TypeName":"Ground or water surface","surface1Value":0.0,"surface2Type":255,"surface2TypeName":"Missing","surface2Value":0.0,"gridDefinitionTemplate":0,"gridDefinitionTemplateName":"Latitude_Longitude","numberPoints":688,"shape":6,"shapeName":"Earth spherical with radius of 6,371,229.0 m","gridUnits":"degrees","resolution":48,"winds":"true","scanMode":64,"nx":43,"ny":16,"basicAngle":0,"lo1":45.0,"la1":40.0,"lo2":87.0,"la2":55.0,"dx":1.0,"dy":1.0}, "data":
[rows 0 to 15 of 16, columns 0 to 42 of 43]
292.51547,290.91547,303.61548,317.91547,317.11548,294.8155,293.8155,294.21548,319.51547,323.11548,320.8155,322.71548,323.01547,323.01547,325.41547,326.11548,325.11548,325.61548,331.11548,332.41547,329.51547,325.01547,323.41547,324.01547,320.61548,319.01547,315.61548,306.01547,303.01547,306.11548,306.3155,325.8155,326.61548,327.61548,327.01547,328.51547,328.3155,331.51547,326.71548,328.41547,330.3155,330.11548,331.71548
294.61548,306.91547,311.21548,297.3155,301.61548,292.11548,292.41547,292.8155,314.41547,325.8155,323.21548,322.01547,322.91547,325.11548,324.11548,325.01547,325.91547,331.51547,330.61548,329.3155,335.21548,330.11548,330.11548,326.11548,320.91547,316.71548,324.8155,324.3155,315.71548,296.61548,295.21548,300.8155,302.11548,289.8155,316.91547,325.21548,329.3155,332.11548,337.71548,325.61548,327.71548,326.01547,327.51547
298.11548,292.61548,288.8155,300.8155,292.3155,292.3155,292.21548,293.41547,326.01547,322.61548,321.3155,322.11548,324.21548,324.61548,324.91547,324.3155,329.01547,330.61548,332.61548,331.8155,332.41547,330.91547,327.01547,325.21548,327.51547,306.21548,297.01547,298.41547,301.61548,298.01547,301.3155,295.21548,298.3155,296.8155,307.41547,273.21548,301.3155,318.8155,322.91547,323.71548,327.51547,312.91547,285.41547
293.61548,294.41547,295.41547,292.71548,292.01547,292.01547,291.8155,318.01547,318.91547,318.8155,319.41547,319.21548,319.8155,322.61548,320.11548,325.61548,325.21548,329.21548,328.41547,328.3155,326.8155,326.51547,330.51547,327.41547,321.71548,314.61548,322.21548,319.11548,313.21548,324.11548,317.11548,298.51547,293.11548,295.61548,300.51547,303.01547,302.8155,302.71548,294.41547,295.41547,302.11548,298.8155,283.71548
302.11548,304.21548,307.3155,294.51547,292.71548,292.51547,297.51547,317.41547,316.11548,319.21548,320.21548,320.41547,319.51547,318.61548,292.91547,292.61548,322.51547,324.51547,323.51547,326.91547,324.21548,324.71548,322.71548,318.11548,326.21548,324.41547,324.3155,326.51547,326.01547,321.3155,325.61548,323.01547,324.61548,318.91547,325.3155,328.41547,331.11548,311.21548,295.8155,295.3155,296.91547,305.71548,317.51547
302.61548,305.91547,307.11548,295.8155,295.3155,295.8155,303.61548,315.71548,317.21548,321.71548,320.91547,320.61548,322.01547,321.41547,295.11548,293.21548,290.8155,322.51547,324.41547,321.21548,318.3155,319.3155,323.91547,326.51547,324.11548,326.01547,328.51547,329.3155,323.01547,313.8155,327.8155,327.91547,330.71548,324.51547,301.8155,295.61548,308.71548,318.91547,314.61548,330.11548,329.71548,324.21548,321.61548
292.91547,303.01547,305.11548,306.61548,296.41547,295.8155,295.71548,295.71548,314.91547,318.51547,320.11548,320.41547,321.01547,323.61548,296.41547,292.61548,307.8155,318.01547,319.11548,320.71548,320.21548,320.41547,319.8155,320.21548,322.11548,322.71548,321.3155,321.01547,325.11548,291.01547,321.71548,323.8155,328.41547,325.8155,328.21548,324.51547,311.51547,308.3155,304.8155,310.01547,330.41547,335.3155,325.21548
295.01547,292.41547,294.01547,297.01547,300.61548,300.91547,299.8155,304.51547,313.11548,318.11548,318.41547,317.11548,322.3155,318.71548,317.71548,319.11548,318.41547,317.61548,318.8155,318.21548,321.61548,319.71548,317.51547,316.61548,314.11548,317.91547,317.3155,318.91547,320.8155,320.61548,325.21548,326.3155,326.41547,331.11548,328.51547,329.71548,320.41547,313.61548,308.41547,302.71548,301.8155,299.01547,321.61548
302.61548,299.3155,303.41547,297.11548,302.11548,302.41547,307.41547,307.41547,311.01547,312.51547,313.41547,314.91547,315.21548,314.01547,315.41547,315.21548,318.11548,316.41547,320.01547,317.21548,315.91547,315.01547,315.21548,313.91547,312.71548,313.41547,313.21548,312.21548,315.3155,319.41547,318.61548,315.91547,314.41547,316.71548,315.51547,309.8155,311.41547,315.21548,319.71548,287.21548,316.8155,317.51547,312.8155
290.21548,300.3155,302.41547,303.91547,306.21548,308.3155,308.91547,310.41547,310.51547,311.71548,312.3155,310.61548,309.91547,310.11548,307.01547,311.51547,311.21548,311.91547,313.01547,313.01547,311.11548,312.21548,310.61548,309.8155,310.71548,309.61548,308.21548,308.71548,304.61548,303.61548,303.11548,306.41547,301.91547,299.21548,296.21548,308.71548,309.71548,303.91547,304.61548,305.41547,300.41547,297.91547,302.3155
298.8155,298.61548,300.21548,301.8155,303.21548,303.3155,305.21548,307.11548,306.61548,306.51547,307.21548,307.41547,306.41547,303.01547,307.3155,308.51547,308.61548,308.91547,309.01547,308.01547,306.91547,309.21548,307.91547,308.61548,309.3155,308.21548,308.3155,302.8155,301.61548,303.3155,296.8155,303.11548,299.3155,302.51547,308.61548,310.51547,308.8155,305.61548,301.41547,300.71548,302.51547,302.41547,301.01547
296.11548,292.51547,298.21548,299.91547,301.8155,302.71548,301.61548,303.41547,304.91547,304.61548,304.11548,304.01547,302.61548,302.8155,306.3155,305.41547,306.61548,306.41547,307.3155,307.3155,306.51547,307.3155,307.51547,305.91547,306.71548,306.91547,303.51547,305.61548,301.21548,307.01547,308.11548,310.61548,308.21548,308.61548,307.01547,295.71548,296.41547,302.8155,301.11548,300.3155,302.71548,298.21548,301.41547
295.3155,295.71548,295.71548,296.41547,298.11548,292.8155,300.3155,299.91547,300.8155,300.71548,300.71548,299.3155,295.91547,298.8155,303.61548,303.3155,305.21548,304.21548,305.01547,305.01547,305.71548,306.21548,305.8155,305.41547,303.3155,302.71548,300.51547,303.8155,304.01547,307.91547,310.11548,309.51547,304.91547,302.51547,296.3155,290.51547,289.71548,289.3155,291.51547,295.3155,295.91547,298.01547,302.01547
294.3155,294.41547,294.21548,294.71548,296.91547,296.11548,296.61548,298.41547,298.11548,302.11548,302.51547,298.11548,296.8155,294.51547,300.91547,299.51547,303.11548,304.01547,305.3155,303.71548,305.01547,303.11548,301.01547,298.21548,298.91547,299.8155,303.41547,304.3155,305.61548,305.3155,305.3155,303.3155,304.8155,304.01547,301.3155,295.41547,288.71548,286.91547,286.21548,289.11548,291.51547,294.41547,296.21548
293.71548,293.01547,294.71548,294.71548,290.71548,295.61548,291.41547,295.51547,296.3155,295.71548,297.41547,298.01547,296.8155,295.21548,299.51547,300.11548,303.61548,304.41547,302.51547,300.71548,298.8155,308.3155,301.41547,300.11548,302.11548,302.21548,303.91547,302.51547,302.8155,303.11548,300.61548,300.11548,302.41547,301.3155,299.21548,296.61548,294.61548,288.11548,287.71548,288.11548,285.01547,284.51547,287.61548
293.3155,293.41547,294.41547,294.61548,286.11548,294.11548,293.61548,293.41547,288.21548,289.41547,294.61548,296.61548,298.11548,298.3155,292.41547,295.61548,298.71548,303.01547,298.3155,297.21548,298.71548,298.3155,296.71548,303.61548,298.91547,295.8155,296.71548,297.8155,299.11548,299.51547,298.71548,298.21548,298.11548,291.3155,297.41547,297.51547,296.71548,296.3155,294.21548,288.11548,289.21548,287.61548,286.8155
