wind_kz.json
{"header": {"discipline":0,"disciplineName":"Meteorological products","gribEdition":2,"gribLength":1025,"center":7,"centerName":"US National Weather Service - NCEP(WMC)","subcenter":0,"refTime":"2023-09-28T12:00:00.000Z","significanceOfRT":1,"significanceOfRTName":"Start of forecast","productStatus":0,"productStatusName":"Operational products","productType":1,"productTypeName":"Forecast products","productDefinitionTemplate":0,"productDefinitionTemplateName":"Analysis/forecast at horizontal level/layer at a point in time","parameterCategory":2,"parameterCategoryName":"UnknownDiscipline_0_Category_2","parameterNumber":3,"parameterNumberName":"UnknownParameter_D0_C2_3","parameterUnit":"Unknown","genProcessType":2,"genProcessTypeName":"Forecast","forecastTime":120,"surface1Type":103,"surface1TypeName":"Specified height level above ground","surface1Value":10.0,"surface2Type":255,"surface2TypeName":"Missing","surface2Value":0.0,"gridDefinitionTemplate":0,"gridDefinitionTemplateName":"Latitude_Longitude","numberPoints":615,"shape":6,"shapeName":"Earth spherical with radius of 6,371,229.0 m","gridUnits":"degrees","resolution":48,"winds":"true","scanMode":64,"nx":41,"ny":15,"basicAngle":0,"lo1":47.0,"la1":41.0,"lo2":87.0,"la2":55.0,"dx":1.0,"dy":1.0}, "data":
[rows 0 to 14 of 15, columns 0 to 40 of 41]
-5.639697,0.7103027,-4.789697,-10.049697,-3.2496972,-0.19969727,-1.9796972,-0.51969725,0.97030276,-1.1496973,-2.9396973,-3.0596972,-2.6596973,-2.1796973,-2.4396973,-2.4296973,-1.4696972,-1.2396972,-1.9196973,-1.7596973,-2.4796972,-2.9596972,-2.5996974,1.3403027,4.7603025,1.7603028,1.1603028,1.4603027,-1.8596972,-1.0996972,-1.1996973,2.1403027,1.8303027,2.4403028,1.9803027,1.7703028,1.8203027,-0.6796973,-0.57969725,-2.7296972,-1.6196972
0.47030273,-1.9296973,-10.869698,-8.789698,1.2603028,1.8403027,1.7603028,0.50030273,-0.14969726,-1.6696973,-1.1696973,-2.7096972,-2.3396974,-2.3996973,-3.1496973,-1.7696973,-2.1896973,-1.0596973,-1.3796973,-3.1996973,-3.8896973,-4.4196973,-4.039697,1.1803027,2.3803027,2.6003027,2.3403027,2.5003028,3.6703026,3.0203028,0.7103027,3.0273438E-4,-1.6996973,0.13030273,1.4703027,3.6103027,1.5203028,1.5103028,-0.47969726,1.2003027,-1.1096972
-1.9096973,-7.329697,-11.029697,0.92030275,1.5003028,3.6603026,1.2403027,0.56030273,-0.37969726,-1.5796973,-2.1096973,-1.7296972,-0.64969724,-1.5896972,-3.7396972,-2.6596973,-1.6196972,-2.4196973,-3.1596973,-2.8996973,-2.8196974,-2.2796972,-2.6696973,-1.1896973,-2.5496972,-2.5396972,-3.2496972,-3.4296973,-2.9096973,-0.9196973,1.1903027,-0.37969726,-1.5596973,-1.9796972,0.040302735,-0.7396973,-2.0196972,-4.4596972,-2.4596972,2.5403028,1.3803028
-1.2096972,-4.5096974,-10.589697,2.2303028,2.9903028,4.2803025,2.9103026,0.55030274,-1.1896973,-0.6596973,-0.059697267,-2.1896973,-3.6796973,-5.3796973,-5.999697,-1.7096972,-2.9096973,-4.269697,-3.9596972,-3.3796973,-3.3796973,-2.4996972,-4.059697,-3.3296974,-2.3496974,-2.7796972,-1.6296973,-2.3996973,-1.0896972,0.030302735,2.7203028,0.68030274,1.2403027,1.7703028,-0.42969728,-0.42969728,-1.0096973,2.3103027,-1.5196973,-1.3696972,-3.3996973
-0.9796973,-2.0996974,-8.479697,-4.1496973,-0.39969727,1.0403028,3.2603028,1.9303027,0.34030274,0.20030273,1.9103028,0.9003027,-1.2596973,-3.7096972,-4.929697,-1.7696973,-2.4096973,-2.8496974,-3.8196974,-3.0196972,-3.2896972,-2.2696972,-2.1096973,-3.5196972,1.5403028,2.7603028,2.5803027,-3.8896973,0.74030274,-2.2496972,-3.2696972,-3.7096972,-1.1996973,2.3103027,0.8803027,-0.71969724,0.28030273,-2.3596973,-1.9696972,-2.3096972,-3.4596972
2.3203027,-0.13969727,-2.7596972,-9.279697,2.4503028,2.4603028,3.7703028,4.230303,2.1403027,1.2703028,1.6803027,1.5903027,2.8703027,0.5903027,-0.64969724,-1.3196973,0.060302734,-2.6596973,-3.5996974,-2.7796972,-2.1696973,-1.9996972,-2.5896974,0.99030274,-0.26969728,-4.599697,0.13030273,-4.7396975,-3.0096972,-2.7696972,-2.3196974,-2.0796974,-1.6196972,-2.2696972,0.87030274,8.780303,-1.0596973,4.3303027,2.2803028,-0.029697265,-3.9796972
-1.3996973,-0.009697266,6.9703026,3.6103027,-3.0396972,4.630303,5.750303,5.7903028,3.8403027,2.2903028,1.3703027,-0.21969727,-1.8496972,-3.1696973,0.21030274,0.61030275,-1.8896973,-3.5196972,-3.3996973,-2.2496972,-0.8596973,-2.0696974,-2.5196972,-3.0096972,-0.49969727,-0.26969728,0.6903027,1.4703027,0.54030275,-1.8196973,-2.6396973,-2.6896973,-2.7496972,1.0503027,2.3303027,0.7003027,0.85030276,-1.7896973,0.42030275,2.4103026,-0.71969724
-4.119697,-1.0196973,-1.4396973,-0.36969727,1.0203028,2.1003027,7.130303,7.590303,5.5303025,3.6703026,1.9103028,0.5203027,-0.6796973,-1.0096973,-0.44969726,-0.10969727,-2.8296974,-3.9296973,-3.4296973,-1.7896973,0.7003027,0.33030275,-0.6196973,-1.9296973,-0.31969726,0.85030276,0.53030276,0.050302733,-0.7996973,-1.5396973,-2.1096973,-5.0496974,-4.3396974,-3.6396973,-1.0696973,-0.22969727,-1.4896972,-1.8996973,0.11030273,-0.38969725,3.0273438E-4
-3.6196973,-2.2796972,-2.2396972,-2.4496973,-0.21969727,1.5003028,5.6603026,7.880303,6.2203026,4.440303,2.2903028,0.79030275,-0.19969727,0.030302735,-0.77969724,-0.6696973,-1.3596972,-3.4296973,-2.7596972,-1.0596973,2.1303027,0.39030275,-0.71969724,-0.77969724,-0.88969725,-0.38969725,1.0903027,-0.12969726,-0.29969728,0.16030273,-1.5996972,-3.1996973,-2.8796973,-3.9196973,-3.1396973,-1.2896973,-1.5896972,-1.8096973,-0.51969725,0.050302733,-2.6496973
0.44030273,-1.0396973,0.92030275,-1.8196973,-2.2796972,2.0303028,3.8903027,7.2403026,6.610303,5.360303,3.6703026,1.9703027,1.1303028,0.87030274,0.81030273,0.5803027,-1.5696973,-2.1696973,-2.2496972,-1.5496973,-1.0296973,0.19030273,-1.0296973,-2.1096973,-1.1296973,-0.40969726,-0.37969726,0.040302735,-0.40969726,-0.95969725,-0.8096973,-1.9196973,-2.6896973,-3.1496973,-2.3496974,-1.4796972,-0.74969727,-0.9196973,-1.3096973,0.5903027,0.9603027
-5.1096973,-1.4896972,-3.6796973,-0.10969727,0.38030273,1.1503028,3.6303027,5.900303,5.4903026,4.880303,3.6403027,2.7403028,2.9103026,1.5603027,1.2503028,-0.39969727,0.17030273,-1.1496973,-0.7896973,-0.8096973,-0.10969727,-0.039697267,-0.6196973,-0.20969726,0.020302735,0.35030273,0.5803027,-0.18969727,-0.48969728,-0.88969725,-1.9996972,-2.5696974,-2.0596972,-2.4496973,-3.7796972,-4.2596974,-1.7396972,0.14030273,-0.42969728,-0.77969724,-0.17969726
-0.9896973,-2.5696974,2.5403028,1.9903027,3.1103027,2.3903027,1.6103027,3.6003027,6.0603027,4.5603027,3.1803026,1.7403027,3.6103027,3.1003027,2.5303028,1.2003027,0.8803027,0.92030275,0.5203027,0.49030274,0.6503027,0.61030275,0.55030274,0.56030273,0.9503027,0.9503027,1.0303028,0.97030276,0.7003027,-0.12969726,-1.1396973,-2.0796974,-1.9396973,-2.3896973,-1.6996973,-3.2496972,-2.4196973,-2.0796974,-0.15969726,-1.1896973,-0.57969725
-2.2696972,-1.1296973,-3.7596972,-1.8796973,-1.6496973,1.5003028,2.7303028,2.5003028,7.1603026,4.3003025,2.7503028,1.7303027,4.0603027,3.3003027,3.2303028,3.0903027,2.0003028,1.6903027,1.6603028,1.6503028,1.2703028,1.8903028,1.9603027,1.9503027,1.9003028,1.9403027,1.8903028,0.78030276,1.4403027,0.7103027,0.36030275,-0.24969727,0.11030273,-1.3996973,-2.2396972,-1.8596972,-1.8896973,-1.1796973,-1.7996973,-1.0596973,-1.6096972
-3.7396972,-2.5096972,-1.2496972,-2.5196972,-3.6296973,-2.4996972,2.4903028,2.8403027,3.8903027,3.3103027,2.0703027,2.1603026,2.1303027,3.8603027,3.1903028,3.7003028,3.4903028,2.8803027,2.7803028,2.0203028,2.4303026,1.3603027,2.6303027,2.2703028,2.7703028,2.6403027,2.7403028,2.5503027,2.1003027,2.1903028,1.3803028,1.3303027,0.29030272,-0.35969725,-0.9096973,-1.1696973,-0.079697266,-0.25969726,-1.2996973,-0.30969727,-0.7296973
-0.57969725,-3.2596972,-3.6996973,-3.9296973,-0.5396973,-0.49969727,-0.5396973,1.6503028,0.6503027,1.9803027,2.6903028,2.4703028,1.8303027,1.7603028,3.5203028,4.270303,4.380303,4.2403026,4.3003025,3.6403027,3.3803027,2.9603028,2.7503028,2.9603028,3.0503027,2.9003026,2.8803027,2.7403028,2.4203026,2.4403028,2.6603026,1.6803027,-0.089697264,0.6903027,0.85030276,1.1803027,1.6903027,1.2803028,0.98030275,1.5703027,1.0203028
