wind_kz.json
{"header": {"discipline":0,"disciplineName":"Meteorological products","gribEdition":2,"gribLength":871,"center":7,"centerName":"US National Weather Service - NCEP(WMC)","subcenter":0,"refTime":"2023-10-05T00:00:00.000Z","significanceOfRT":1,"significanceOfRTName":"Start of forecast","productStatus":0,"productStatusName":"Operational products","productType":1,"productTypeName":"Forecast products","productDefinitionTemplate":0,"productDefinitionTemplateName":"Analysis/forecast at horizontal level/layer at a point in time","parameterCategory":0,"parameterCategoryName":"UnknownDiscipline_0_Category_0","parameterNumber":0,"parameterNumberName":"UnknownParameter_D0_C0_0","parameterUnit":"Unknown","genProcessType":2,"genProcessTypeName":"Forecast","forecastTime":240,"surface1Type":1,"surface1TypeName":"Ground or water surface","surface1Value":0.0,"surface2Type":255,"surface2TypeName":"Missing","surface2Value":0.0,"gridDefinitionTemplate":0,"gridDefinitionTemplateName":"Latitude_Longitude","numberPoints":615,"shape":6,"shapeName":"Earth spherical with radius of 6,371,229.0 m","gridUnits":"degrees","resolution":48,"winds":"true","scanMode":64,"nx":41,"ny":15,"basicAngle":0,"lo1":47.0,"la1":41.0,"lo2":87.0,"la2":55.0,"dx":1.0,"dy":1.0}, "data":
[rows 0 to 14 of 15, columns 0 to 40 of 41]
286.11694,279.21695,284.21695,292.51694,292.51694,291.31696,289.01694,288.71695,286.61694,285.81696,283.71695,284.41693,283.51694,283.41693,283.11694,282.01694,281.71695,282.11694,281.21695,281.21695,281.41693,280.41693,279.31696,279.11694,281.01694,282.21695,280.21695,266.41693,265.41693,260.61694,265.11694,261.51694,272.71695,280.11694,283.11694,284.01694,282.51694,283.41693,285.91693,285.11694,287.61694
264.81696,283.01694,292.21695,292.11694,292.41693,290.51694,287.31696,286.21695,284.01694,283.61694,283.21695,282.11694,282.11694,281.71695,281.61694,281.91693,279.01694,280.01694,279.51694,279.01694,280.01694,280.51694,279.11694,276.41693,270.11694,269.41693,273.51694,262.21695,262.91693,256.41693,266.11694,257.01694,266.81696,246.51694,255.01694,275.91693,273.71695,279.21695,282.31696,273.51694,283.51694
284.21695,291.71695,291.81696,291.51694,290.01694,286.21695,285.01694,283.61694,282.71695,281.81696,280.51694,280.81696,280.21695,281.11694,281.71695,279.91693,279.51694,277.61694,277.11694,277.71695,278.51694,279.31696,280.91693,275.11694,275.01694,275.61694,276.51694,276.01694,274.21695,268.61694,257.01694,258.11694,261.71695,263.41693,264.71695,262.91693,252.91695,261.91693,264.91693,258.31696,260.41693
286.41693,290.81696,291.61694,290.71695,288.51694,284.21695,284.21695,282.91693,282.31696,281.01694,279.91693,280.01694,288.51694,287.91693,280.91693,280.11694,280.41693,280.21695,279.11694,277.71695,278.71695,275.41693,278.61694,278.81696,278.11694,278.71695,278.61694,278.31696,275.71695,277.11694,276.61694,273.91693,277.11694,276.41693,274.31696,270.01694,252.91695,253.21695,259.91693,273.11694,278.41693
286.61694,289.91693,290.41693,289.71695,287.31696,284.81696,284.91693,284.51694,282.81696,281.51694,280.11694,278.61694,287.31696,286.11694,284.81696,280.61694,280.91693,280.41693,278.81696,280.21695,279.41693,278.91693,277.81696,278.31696,278.31696,278.71695,276.91693,279.91693,277.11694,276.01694,278.91693,275.51694,262.41693,252.81694,268.01694,274.81696,281.61694,278.81696,278.71695,280.11694,280.41693
285.81696,284.91693,287.81696,288.21695,288.51694,287.91693,284.51694,284.81696,283.21695,282.31696,281.51694,280.21695,285.51694,286.71695,282.01694,277.71695,281.31696,280.11694,280.01694,279.91693,279.51694,278.91693,278.11694,277.91693,277.61694,276.01694,275.61694,285.31696,278.01694,278.51694,276.41693,278.81696,276.81696,275.31696,274.21695,279.51694,265.91693,269.21695,276.01694,279.51694,279.71695
284.91693,284.61694,285.91693,285.31696,284.91693,283.21695,283.81696,283.41693,283.51694,283.41693,281.61694,280.81696,279.91693,279.51694,278.91693,279.71695,279.01694,279.71695,278.11694,277.01694,276.41693,278.91693,279.01694,279.01694,278.01694,278.01694,277.71695,278.71695,277.81696,279.21695,276.61694,276.31696,277.41693,278.81696,277.81696,275.21695,271.11694,268.41693,260.31696,266.71695,276.31696
284.71695,283.81696,285.01694,285.11694,284.81696,284.21695,283.31696,282.61694,281.81696,281.21695,280.91693,280.81696,280.31696,280.71695,281.11694,281.31696,280.91693,280.71695,279.31696,276.31696,276.51694,276.11694,277.01694,277.31696,277.11694,276.11694,279.01694,280.11694,279.01694,279.21695,278.71695,279.11694,277.81696,275.71695,275.41693,276.11694,277.11694,283.71695,275.31696,276.01694,274.31696
284.11694,283.81696,283.91693,283.21695,283.61694,283.41693,282.81696,282.41693,281.41693,281.11694,280.61694,280.61694,280.31696,281.81696,281.51694,282.31696,281.91693,281.41693,280.21695,279.01694,278.21695,278.31696,277.81696,277.81696,277.41693,278.21695,277.31696,276.81696,276.91693,274.91693,273.91693,277.41693,278.51694,277.01694,276.91693,274.11694,274.41693,273.81696,263.51694,264.01694,262.31696
283.61694,283.91693,283.21695,282.91693,283.31696,283.31696,282.71695,281.91693,281.61694,281.71695,280.81696,280.81696,281.71695,284.21695,284.61694,285.11694,285.11694,285.31696,284.11694,282.31696,281.31696,281.71695,282.51694,281.11694,279.71695,279.01694,278.51694,278.21695,277.51694,277.11694,274.71695,278.31696,279.61694,279.11694,278.11694,276.91693,273.81696,271.61694,267.31696,266.41693,263.31696
284.11694,283.41693,283.81696,283.41693,283.41693,284.11694,284.21695,282.71695,282.41693,283.71695,284.01694,283.71695,284.51694,283.51694,283.71695,284.61694,284.31696,284.71695,284.41693,282.01694,282.91693,282.21695,282.51694,282.41693,282.01694,279.81696,278.11694,279.71695,279.91693,280.31696,280.51694,281.21695,280.21695,279.91693,278.91693,277.01694,272.41693,271.31696,271.51694,269.81696,266.31696
285.31696,285.71695,285.71695,284.81696,285.01694,284.91693,284.31696,283.81696,284.31696,284.01694,282.51694,282.01694,282.71695,281.71695,281.91693,282.21695,281.71695,281.21695,280.61694,280.41693,280.31696,280.91693,280.51694,282.21695,281.11694,282.41693,281.11694,281.61694,281.41693,281.51694,281.71695,280.41693,279.71695,279.51694,279.01694,278.11694,277.91693,276.61694,274.31696,274.01694,272.61694
284.21695,284.51694,285.31696,284.91693,284.81696,284.41693,283.71695,282.81696,280.31696,280.51694,278.41693,277.11694,280.01694,279.81696,280.41693,278.91693,278.81696,279.41693,279.61694,279.01694,279.11694,278.61694,279.41693,281.11694,282.31696,279.31696,279.51694,279.91693,281.91693,281.41693,280.71695,280.41693,280.71695,280.31696,279.61694,278.31696,276.91693,278.31696,275.01694,274.51694,274.01694
282.41693,282.31696,282.91693,281.61694,279.11694,279.11694,279.71695,278.91693,278.11694,278.51694,276.21695,273.31696,275.11694,277.01694,277.81696,278.71695,278.81696,278.11694,278.11694,277.71695,277.91693,278.01694,278.41693,278.51694,278.61694,278.61694,278.11694,278.31696,277.71695,277.41693,277.21695,277.61694,279.61694,278.71695,279.01694,277.71695,277.11694,276.51694,276.01694,273.91693,274.81696
280.71695,281.01694,283.11694,278.91693,278.21695,277.61694,276.81696,275.41693,275.81696,275.31696,275.71695,274.31696,274.11694,275.31696,275.71695,276.71695,276.71695,276.61694,276.71695,276.91693,277.21695,277.21695,276.91693,277.01694,277.31696,277.51694,277.31696,276.81696,276.41693,276.01694,276.41693,280.41693,276.61694,277.41693,278.71695,278.51694,278.31696,276.21695,276.81696,276.31696,275.41693
