wind_kz.json
{"header": {"discipline":0,"disciplineName":"Meteorological products","gribEdition":2,"gribLength":871,"center":7,"centerName":"US National Weather Service - NCEP(WMC)","subcenter":0,"refTime":"2025-04-05T06:00:00.000Z","significanceOfRT":1,"significanceOfRTName":"Start of forecast","productStatus":0,"productStatusName":"Operational products","productType":1,"productTypeName":"Forecast products","productDefinitionTemplate":0,"productDefinitionTemplateName":"Analysis/forecast at horizontal level/layer at a point in time","parameterCategory":0,"parameterCategoryName":"UnknownDiscipline_0_Category_0","parameterNumber":0,"parameterNumberName":"UnknownParameter_D0_C0_0","parameterUnit":"Unknown","genProcessType":2,"genProcessTypeName":"Forecast","forecastTime":0,"surface1Type":1,"surface1TypeName":"Ground or water surface","surface1Value":0.0,"surface2Type":255,"surface2TypeName":"Missing","surface2Value":0.0,"gridDefinitionTemplate":0,"gridDefinitionTemplateName":"Latitude_Longitude","numberPoints":615,"shape":6,"shapeName":"Earth spherical with radius of 6,371,229.0 m","gridUnits":"degrees","resolution":48,"winds":"true","scanMode":64,"nx":41,"ny":15,"basicAngle":0,"lo1":47.0,"la1":41.0,"lo2":87.0,"la2":55.0,"dx":1.0,"dy":1.0}, "data":
[rows 0 to 14 of 15, columns 0 to 40 of 41]
293.28442,285.5844,291.0844,282.28442,282.98444,283.5844,297.18442,303.5844,301.78442,303.88443,303.5844,305.0844,304.0844,305.0844,305.0844,306.68442,305.18442,307.68442,306.38443,304.68442,305.28442,304.38443,297.28442,291.88443,289.5844,291.38443,286.68442,273.98444,275.18442,273.38443,280.38443,282.5844,298.28442,307.48444,307.38443,306.98444,307.5844,306.38443,304.48444,306.18442,306.98444
271.78442,290.88443,281.68442,281.88443,282.48444,282.78442,299.98444,298.88443,299.28442,300.68442,304.28442,302.48444,306.68442,307.78442,304.88443,304.28442,303.88443,304.78442,304.88443,305.38443,306.28442,308.98444,297.5844,289.28442,273.18442,273.38443,277.78442,273.88443,283.68442,275.5844,275.28442,273.28442,294.78442,267.5844,271.5844,300.78442,302.38443,303.5844,306.0844,305.18442,281.0844
294.68442,280.18442,281.38443,281.78442,281.78442,294.98444,295.68442,297.0844,299.0844,299.48444,299.68442,300.88443,304.88443,306.88443,303.48444,301.88443,302.28442,303.78442,303.98444,304.28442,304.98444,308.48444,304.48444,292.48444,295.48444,297.48444,303.78442,300.5844,297.38443,286.98444,274.48444,278.0844,294.18442,289.98444,291.98444,292.38443,278.88443,272.78442,273.28442,281.48444,281.78442
293.48444,280.38443,279.88443,281.28442,285.48444,295.5844,294.98444,297.98444,299.88443,299.88443,299.88443,298.98444,285.28442,286.0844,301.48444,302.68442,302.88443,302.48444,302.98444,303.38443,304.28442,299.5844,305.48444,306.38443,296.88443,298.38443,293.88443,285.28442,294.48444,296.88443,298.28442,287.88443,304.38443,305.5844,296.0844,295.78442,278.88443,274.48444,293.88443,299.98444,302.18442
293.78442,280.5844,280.28442,280.98444,286.68442,295.88443,296.68442,298.0844,296.5844,297.18442,298.98444,299.68442,283.88443,283.38443,281.0844,300.78442,301.18442,302.88443,303.5844,302.78442,303.48444,303.48444,302.88443,299.0844,303.28442,303.0844,299.98444,287.0844,299.5844,292.0844,289.48444,290.88443,274.98444,273.18442,288.38443,298.88443,291.0844,306.5844,305.48444,304.48444,304.48444
295.48444,296.78442,280.68442,280.38443,279.68442,279.18442,295.48444,295.98444,295.98444,297.5844,297.5844,296.18442,283.68442,282.28442,286.0844,299.88443,299.5844,300.18442,298.38443,301.38443,301.0844,299.48444,302.38443,299.98444,298.78442,298.28442,299.68442,273.0844,298.18442,294.78442,298.78442,291.98444,292.5844,288.98444,286.5844,285.28442,284.28442,286.5844,299.48444,299.48444,297.98444
296.18442,297.0844,296.68442,297.5844,292.38443,297.78442,296.88443,295.0844,294.38443,294.28442,296.98444,295.38443,296.18442,295.28442,295.38443,296.18442,297.5844,297.78442,295.38443,295.88443,295.68442,295.18442,296.28442,295.68442,291.88443,294.38443,295.98444,295.48444,297.5844,298.5844,298.98444,297.28442,299.48444,293.5844,293.38443,292.68442,280.5844,287.68442,273.48444,282.48444,290.28442
294.78442,296.88443,296.48444,296.98444,297.68442,297.98444,298.18442,295.18442,294.78442,294.0844,292.18442,291.68442,293.88443,293.48444,294.98444,294.28442,294.88443,293.38443,292.48444,290.78442,286.48444,290.78442,292.0844,291.48444,290.5844,290.0844,291.18442,290.48444,290.28442,292.88443,287.48444,296.68442,288.98444,281.38443,283.88443,290.88443,294.88443,273.0844,283.88443,284.88443,283.78442
293.78442,294.48444,294.88443,295.88443,294.28442,296.18442,295.0844,294.5844,293.48444,292.78442,292.28442,291.38443,291.48444,293.0844,292.5844,292.88443,292.48444,292.48444,290.68442,289.5844,284.68442,284.38443,289.38443,288.78442,287.48444,286.38443,281.38443,281.68442,284.0844,282.98444,282.38443,285.98444,291.38443,294.98444,293.5844,281.78442,273.88443,279.28442,273.18442,273.38443,273.28442
293.18442,292.48444,292.5844,292.68442,291.88443,292.88443,293.0844,292.18442,292.38443,291.98444,290.5844,289.98444,291.48444,291.98444,291.5844,291.0844,290.98444,290.98444,290.28442,289.38443,287.38443,288.98444,290.0844,288.88443,285.0844,287.5844,287.98444,286.88443,283.38443,287.0844,289.18442,292.18442,292.28442,290.28442,285.18442,283.68442,276.28442,275.5844,273.18442,276.0844,279.18442
292.18442,292.48444,291.38443,290.98444,291.88443,291.18442,291.0844,291.0844,290.38443,289.5844,288.38443,289.0844,291.0844,289.48444,289.68442,289.78442,288.5844,289.5844,288.68442,286.5844,286.78442,286.18442,281.0844,280.18442,281.78442,285.78442,280.68442,288.38443,289.0844,290.18442,290.28442,290.38443,289.5844,287.5844,289.68442,283.48444,275.78442,278.5844,285.5844,282.68442,277.38443
290.5844,291.5844,286.88443,284.48444,290.0844,289.28442,288.5844,288.38443,287.78442,287.98444,284.5844,284.0844,286.28442,286.38443,287.0844,287.78442,288.38443,288.28442,287.38443,286.48444,283.48444,278.5844,275.18442,277.98444,279.38443,283.88443,284.0844,286.0844,287.78442,288.28442,287.98444,287.48444,286.18442,285.0844,285.38443,286.78442,286.18442,285.78442,283.0844,283.68442,283.68442
286.5844,289.18442,287.78442,289.18442,284.98444,283.0844,282.88443,281.28442,282.68442,284.88443,283.0844,284.18442,286.18442,286.28442,287.5844,287.18442,286.68442,285.38443,285.88443,284.18442,284.18442,278.0844,282.48444,282.18442,282.18442,283.18442,284.78442,284.78442,284.5844,285.0844,285.38443,284.78442,285.48444,283.5844,282.88443,283.48444,282.98444,280.78442,280.0844,279.98444,276.38443
281.0844,281.98444,276.88443,281.78442,281.48444,280.98444,283.0844,278.18442,280.0844,279.78442,278.18442,279.28442,283.38443,285.28442,285.88443,286.5844,286.38443,285.5844,285.18442,284.0844,283.18442,282.68442,282.68442,282.78442,284.68442,283.5844,282.28442,282.18442,281.68442,281.5844,279.18442,279.88443,279.5844,279.0844,278.88443,277.88443,277.68442,275.0844,275.0844,276.28442,282.0844
282.48444,283.68442,273.28442,281.5844,279.18442,279.48444,277.98444,277.68442,279.18442,277.18442,276.88443,278.38443,279.0844,285.48444,285.18442,284.68442,284.98444,284.5844,284.48444,283.5844,281.88443,281.38443,281.88443,281.48444,282.0844,281.38443,281.38443,280.48444,280.0844,279.28442,279.5844,276.48444,278.0844,276.38443,276.5844,277.48444,277.88443,276.68442,279.28442,280.38443,280.88443
