wind.json
{"header": {"discipline":0,"disciplineName":"Meteorological products","gribEdition":2,"gribLength":106064,"center":7,"centerName":"US National Weather Service - NCEP(WMC)","subcenter":0,"refTime":"2023-02-24T12:00:00.000Z","significanceOfRT":1,"significanceOfRTName":"Start of forecast","productStatus":0,"productStatusName":"Operational products","productType":1,"productTypeName":"Forecast products","productDefinitionTemplate":0,"productDefinitionTemplateName":"Analysis/forecast at horizontal level/layer at a point in time","parameterCategory":2,"parameterCategoryName":"Momentum","parameterNumber":2,"parameterNumberName":"U-component_of_wind","parameterUnit":"m.s-1","genProcessType":2,"genProcessTypeName":"Forecast","forecastTime":0,"surface1Type":103,"surface1TypeName":"Specified height level above ground","surface1Value":10.0,"surface2Type":255,"surface2TypeName":"Missing","surface2Value":0.0,"gridDefinitionTemplate":0,"gridDefinitionTemplateName":"Latitude_Longitude","numberPoints":65160,"shape":6,"shapeName":"Earth spherical with radius of 6,371,229.0 m","gridUnits":"degrees","resolution":48,"winds":"true","scanMode":64,"nx":360,"ny":181,"basicAngle":0,"lo1":0.0,"la1":-90.0,"lo2":359.0,"la2":90.0,"dx":1.0,"dy":1.0}, "data":
[rows 75 to 99 of 181, columns 0 to 57 of 360]
-5.416533,-5.7265334,-5.2465334,-4.7265334,-4.196533,-3.6765332,-2.4465332,-2.286533,-2.1365333,-0.8365332,-0.3565332,1.8634667,3.8434668,2.3834667,-3.1965332,-2.3665333,-1.8965333,-1.3865333,-2.1665332,-0.4265332,0.3234668,0.5734668,1.5534668,0.1234668,0.5734668,0.5734668,0.7134668,0.6234668,0.2434668,-0.3365332,-1.0065331,-0.116533205,-0.5865332,0.58346677,2.1734667,-0.2665332,0.6034668,1.6134667,0.033466797,-1.5565332,-1.8765332,-2.9465332,-2.786533,-3.5865333,-4.2865334,-2.3465333,-1.7265332,1.2734668,0.8734668,-3.1065333,-2.066533,-2.9565332,-2.536533,-2.6365333,-2.6165333,-4.216533,-2.536533,-4.606533
-5.1165333,-5.566533,-5.3265333,-4.506533,-3.5765333,-3.1665332,-2.3965333,-2.1665332,-2.4665332,-0.4565332,-0.20653321,1.2834668,3.2634668,3.3834667,2.6134667,-2.6265333,-1.2965332,-0.3765332,-0.5165332,-0.5065332,-1.2265332,1.5334668,1.9734668,1.6134667,1.3434668,-1.2365332,1.2134668,0.9134668,0.6934668,0.7734668,-1.8265332,0.6234668,0.9434668,1.8434668,-1.4165332,0.6334668,-0.23653321,0.2334668,-1.1365333,-1.0765332,-3.1865332,-3.0765333,-1.9565332,-3.8265333,-4.026533,-2.7465332,-0.7765332,1.3934668,3.3434668,-0.2565332,-2.9665332,-2.6565332,-3.5165331,-2.4665332,-2.2165332,-2.7365332,-2.4565332,-1.0165333
-4.986533,-4.9765334,-4.856533,-3.8865333,-3.4265332,-2.8265333,-2.2265332,-1.8865333,-2.1665332,-0.8665332,-1.0865332,0.3734668,1.7234668,5.4434667,-1.7565331,1.1934668,0.4334668,-1.8465332,-0.2665332,-0.1765332,0.83346677,0.4334668,1.7934668,-0.4465332,0.4234668,0.4034668,0.6834668,0.2034668,1.5234668,2.3534667,0.9834668,-0.1565332,0.8634668,0.2434668,-1.4865332,0.4834668,-1.3065332,-0.1965332,-0.91653323,-1.1865332,-0.8765332,-1.9065332,-1.8565332,-3.3865333,-2.7465332,-3.3865333,-3.6765332,-2.1465333,0.0034667968,-1.0465332,-5.8865333,-3.3465333,-2.056533,-3.4065332,-1.0865332,-1.6865332,-1.7565331,-0.4465332
-4.276533,-3.9065332,-4.146533,-4.006533,-3.7665331,-2.4965332,-1.6365333,-1.0865332,-2.0765333,-1.6065332,-0.5865332,1.4934669,0.9234668,0.063466795,-0.9365332,0.5234668,1.4034668,-1.1065332,0.47346678,-0.27653322,0.6434668,-0.1565332,-0.5965332,1.2434669,2.0234668,1.5034668,0.6034668,0.9934668,0.6634668,0.7734668,1.5234668,0.5434668,0.5434668,1.6734668,-1.5665332,0.0734668,-1.0265332,-1.1965332,0.1134668,-0.1765332,0.5534668,-0.8165332,-0.7965332,-0.2865332,-4.6365333,-4.916533,-5.936533,-6.296533,-7.466533,-8.536533,-4.7465334,-2.6765332,-0.5565332,0.7134668,0.6434668,-0.6165332,-1.0065331,0.6234668
-3.796533,-2.9465332,-3.6865332,-3.9765332,-3.4265332,-2.1465333,-1.5165333,-0.9565332,-1.7065332,-1.1465333,0.0834668,0.0834668,-0.6365332,-0.12653321,-0.0865332,0.3634668,-0.2565332,-0.1865332,-0.036533203,-0.006533203,1.0334668,-0.3665332,-0.3265332,-0.5965332,-0.2265332,0.6934668,1.1134667,0.8034668,2.7934668,1.1634668,3.3934667,0.8534668,-0.3665332,1.4434668,-1.3765332,-1.6265332,-2.3865333,-0.3665332,-0.9065332,0.4034668,1.1034667,0.18346679,-0.2165332,-1.3065332,-2.5865333,-4.566533,-5.4565334,-6.0165334,-8.066533,-7.586533,-5.376533,-3.9965332,-1.6565332,-0.6965332,0.6334668,2.1134667,3.953467,3.2634668
-3.4465332,-3.1465333,-3.4865332,-3.536533,-2.1165333,-1.2365332,-0.9265332,-0.8465332,-0.5965332,-1.1865332,-1.3065332,-0.5765332,-0.7165332,-0.1965332,-1.2565331,-0.5765332,-0.20653321,-0.116533205,-0.5265332,2.0434668,-1.4165332,-0.8065332,-0.3765332,0.2434668,-0.0865332,1.8234668,0.5234668,1.6034667,1.0234668,2.0434668,2.1634667,1.7734668,0.9234668,0.5134668,-2.8965333,-2.566533,-1.0865332,-1.4465332,-1.8365332,-0.4865332,-0.6365332,2.4134667,1.1234668,-0.5365332,-0.3765332,-1.1565332,-3.556533,-3.8665333,-5.9765334,-6.4765334,-4.8665333,-3.306533,-2.2365332,-1.4765332,0.4634668,1.7534668,2.9934669,3.4134667
-4.166533,-3.5165331,-3.2065332,-2.8465333,-2.296533,-0.6165332,-1.1365333,-0.6365332,-0.5365332,-1.4465332,-0.8065332,-0.9565332,-1.9665332,4.123467,-1.9565332,-1.6065332,0.6134668,-0.056533203,1.5134668,1.4234668,1.0434668,-0.6865332,-0.5965332,0.47346678,0.6734668,0.6334668,0.7434668,0.4834668,2.0634668,0.9234668,2.9134667,1.4634668,1.3934668,0.9134668,-0.27653322,-2.4365332,-1.9065332,-1.1665332,1.3334668,-0.5365332,0.043466795,1.6934668,1.3934668,1.2234668,0.3034668,-0.5265332,-0.6965332,0.3834668,0.6434668,-0.4065332,0.3934668,-0.116533205,-0.7165332,0.4334668,0.2234668,1.5834668,3.0234668,3.443467
-3.8265333,-3.4665332,-2.4965332,-1.3865333,-0.91653323,-1.0965332,-0.6565332,-0.9865332,-0.5965332,-0.2165332,-0.27653322,0.8134668,-1.7165332,0.8034668,0.1234668,-0.27653322,0.18346679,1.3934668,1.7834668,1.0134668,-0.7565332,0.5634668,0.8134668,0.7034668,0.4834668,1.1434668,0.25346678,2.183467,-0.4565332,0.9934668,1.2034668,1.5034668,0.7634668,0.5534668,-0.23653321,0.7434668,-1.2565331,-0.9565332,-2.3965333,-1.7865332,-2.0165331,1.3834668,1.2034668,0.4634668,-0.0665332,-0.5565332,1.9234668,2.6634667,2.0334668,1.4034668,1.1634668,1.3334668,-0.016533203,0.3034668,1.5734668,2.953467,2.3534667,2.953467
-3.3565333,-3.4065332,-1.6465333,-0.3465332,0.0734668,-0.12653321,-0.6765332,-1.0665332,-0.20653321,-1.0265332,0.7934668,1.4634668,2.2734668,2.2834668,0.5134668,1.3334668,-0.3865332,-0.12653321,1.0534668,-0.056533203,-0.49653322,0.9934668,0.1134668,-0.016533203,-0.2165332,1.3534667,0.2934668,0.9434668,0.093466796,0.6734668,-2.296533,0.6434668,-0.1865332,1.2334667,-0.3365332,-1.5065331,-0.9565332,1.2434669,-1.3865333,-3.796533,-0.4765332,0.1334668,0.4234668,-0.20653321,0.4634668,-0.2665332,1.3834668,1.1034667,0.4934668,-0.8065332,0.2434668,0.6534668,-0.20653321,1.0034668,0.8834668,2.2734668,1.3934668,1.6134667
-2.7065332,-4.0765333,-2.8365333,0.0034667968,1.2334667,-0.036533203,0.3634668,-0.8965332,-1.3365332,1.3634667,-0.6365332,2.193467,4.1734667,2.463467,1.0634668,0.8934668,-0.4865332,0.9534668,-0.7965332,0.3834668,-0.1665332,0.1734668,-0.9365332,-1.3665332,0.9334668,-0.2665332,-0.9765332,0.1434668,1.0734668,0.7334668,0.7634668,-1.0765332,-1.0865332,-1.4665332,-0.9265332,-1.0965332,-2.3365333,-3.4565332,-2.316533,-2.3365333,-2.4665332,-0.7965332,-0.3265332,-0.8265332,-0.006533203,-0.7565332,-0.1465332,-0.4265332,-0.3265332,0.2134668,0.7434668,0.2934668,-0.3465332,-0.2165332,0.033466797,0.6234668,1.4234668,1.3534667
-2.4865332,-4.3865333,-6.936533,-1.8865333,1.4134668,6.663467,1.9834667,1.3934668,2.3234668,0.6034668,-0.9965332,2.1034667,2.5134668,0.9034668,1.1234668,0.1934668,-1.0665332,-0.4765332,-0.8165332,-0.2565332,1.0934668,-0.30653322,-0.6165332,-1.4165332,0.0834668,-0.8665332,-0.7665332,-1.3165332,-0.23653321,0.25346678,1.4534668,-0.6065332,0.063466795,-1.2665333,-0.026533203,3.2234669,-3.0865333,-2.6465333,-1.2765332,-7.0365334,-4.356533,-1.9465332,-0.5765332,-0.49653322,-1.8765332,-2.1365333,-1.2665333,-1.5065331,-1.1765332,-0.3665332,0.2234668,0.103466794,-0.3665332,0.15346679,-0.4865332,0.1234668,0.6834668,0.7134668
-2.8365333,-4.9965334,-4.046533,-1.5765332,2.7534668,1.9134668,2.0534668,2.1534667,2.0234668,1.7334667,3.8534667,5.4034667,1.4234668,0.2934668,1.4034668,0.1234668,-0.9665332,0.5734668,-0.2865332,-0.6165332,-0.49653322,-0.0665332,-0.6165332,-0.1565332,-0.9765332,0.3234668,-1.2165332,-0.3465332,-0.6265332,-1.2465332,-1.1665332,-0.5665332,-1.1665332,0.6934668,-0.7965332,-1.1165332,0.6834668,-4.646533,-3.7565331,-2.6065333,-4.5565333,-3.1765332,-1.9765332,-1.7565331,-2.8965333,-2.5065331,-3.4065332,-3.4965332,-1.7065332,-0.7265332,-0.6265332,-0.5565332,0.023466798,-0.6365332,-0.5765332,-0.1765332,-0.006533203,-0.2665332
-2.6565332,-2.1765332,-1.9565332,-2.1665332,0.2634668,0.0734668,0.1234668,0.9034668,1.4634668,0.6634668,4.553467,1.8534667,1.0434668,0.9934668,-0.7165332,-1.3265332,-1.6865332,1.3434668,-0.8365332,-0.5265332,-0.3965332,-0.1465332,-0.3265332,0.3834668,0.2434668,1.1934668,1.3834668,-0.4865332,1.3934668,-4.5165334,-2.2465332,-1.4365332,-1.3665332,1.3434668,3.2334669,-1.3465332,-1.0865332,1.7734668,-5.4565334,-2.796533,-6.736533,-3.6365333,-3.0865333,-2.7565331,-2.6865332,-2.9165332,-3.7765331,-3.4865332,-2.4665332,-1.8965333,-1.2365332,-0.9965332,0.47346678,-0.6065332,-1.6665332,-1.1665332,-0.7065332,-0.9865332
-1.6965332,-1.0365332,-1.0865332,-1.0965332,-0.8765332,-0.2565332,0.15346679,1.8734668,1.9634668,4.723467,0.1134668,0.033466797,1.6534668,0.5734668,1.3234668,-0.3365332,0.7634668,-1.3165332,-1.8965333,-1.5065331,0.3634668,-0.4465332,0.3634668,0.2634668,0.47346678,-0.5665332,2.2834668,1.7834668,2.1734667,0.7834668,-0.3365332,1.1934668,1.6034667,2.0934668,5.2334666,2.2934668,-2.7465332,-5.686533,-4.8665333,-3.4065332,-0.6865332,-4.926533,-3.3265333,-3.4265332,-2.806533,-3.6065333,-4.2865334,-3.7265332,-3.2465332,-2.6765332,-1.9265332,-0.2465332,0.0034667968,-1.4965332,-1.9465332,-1.9765332,-2.2565331,-1.8665332
-1.0765332,0.58346677,1.8134668,1.1334668,-0.2965332,-0.4765332,1.1034667,2.5634668,2.4934669,3.0234668,1.9534668,1.3334668,1.1034667,-0.2165332,0.6534668,-0.5665332,1.4534668,1.0034668,-0.23653321,-1.3465332,0.9334668,-1.2865332,-0.5465332,0.6834668,2.3534667,-0.4465332,0.9734668,2.0534668,2.5534668,1.8734668,-1.3865333,-0.7165332,-3.6265333,2.4834669,7.0234666,4.573467,-0.23653321,-4.8465333,-4.3865333,-3.8265333,-1.5365332,-1.6565332,-4.986533,-3.4965332,-3.6465333,-4.256533,-4.3265333,-4.166533,-3.9565332,-2.9265332,-1.5065331,-1.5065331,-1.1265332,-1.4865332,-1.5465332,-2.796533,-2.7565331,-2.0065331
0.3434668,1.3434668,2.4034667,1.0834668,0.013466797,-0.7765332,0.5934668,3.4034667,2.8534667,3.213467,1.5934668,1.9834667,1.7334667,1.1734668,-0.4165332,1.0534668,-0.1965332,0.9334668,-0.1765332,-1.5365332,1.5034668,0.58346677,-0.2265332,1.1534668,-0.036533203,1.1834668,0.8534668,2.9934669,1.5334668,1.5534668,0.6934668,-0.49653322,-4.606533,0.9134668,7.4234667,4.813467,0.093466796,-0.2565332,-3.7365332,-3.9565332,-2.7165332,-2.8265333,-4.716533,-4.8265333,-4.1565332,-4.606533,-3.9965332,-4.2465334,-3.6865332,-2.9665332,-1.8265332,-2.7265332,-1.5365332,-2.2765331,-1.9365332,-3.0165331,-3.2365332,-2.6165333
0.9834668,1.2534668,2.3734667,1.8234668,0.7834668,0.8434668,1.0934668,1.0834668,2.6134667,2.8334668,1.9534668,0.47346678,0.8834668,1.0734668,0.9434668,-0.9565332,-0.036533203,-0.5965332,-0.1865332,-1.3565332,0.0834668,-1.1065332,0.83346677,-0.6065332,-0.016533203,0.25346678,0.033466797,2.4034667,1.5734668,1.6634668,1.8634667,0.4934668,-0.3865332,1.1834668,-4.196533,1.7134668,-4.8465333,-5.666533,-6.176533,-4.676533,-3.8365333,-2.9065332,-2.8365333,-4.6365333,-4.086533,-4.816533,-5.086533,-4.026533,-3.5765333,-2.8265333,-2.3765333,-3.1765332,-1.4065332,-1.5365332,-1.8365332,-2.8365333,-3.8565333,-3.5165331
2.0534668,1.3034668,2.0234668,1.9434668,0.7834668,0.9134668,1.9334668,2.203467,3.443467,3.683467,3.3234668,0.8834668,0.023466798,0.4634668,2.2234669,-0.12653321,0.1234668,-0.3565332,0.033466797,1.4734668,-0.3665332,-0.2565332,-0.7765332,-0.9465332,-0.1665332,-0.4865332,0.8534668,1.5634668,1.0434668,1.1334668,2.7634668,-0.8565332,1.5434668,-0.66653323,3.2334669,-5.0765333,-1.4065332,-5.816533,-5.2465334,-4.2265334,-4.5365334,-3.1765332,-3.0865333,-3.3865333,-4.426533,-5.8665333,-5.626533,-4.9765334,-5.276533,-3.7565331,-3.4165332,-3.4965332,-1.4265332,-1.5765332,-3.0065331,-3.1565332,-3.3965333,-4.2065334
2.953467,2.3534667,1.8634667,2.3134668,2.9834669,2.5834668,2.1634667,2.3834667,3.3134668,4.163467,4.373467,2.183467,-0.6165332,-0.006533203,0.7834668,-1.6665332,-0.91653323,-0.6765332,0.4034668,0.4634668,-0.27653322,-0.30653322,-0.5765332,0.023466798,-0.7565332,0.9034668,0.5434668,1.6034667,0.9334668,-1.7765332,1.6634668,-3.056533,-1.3865333,-0.1865332,-1.7265332,-4.2465334,-4.7865334,-5.876533,-5.4765334,-2.9365332,-4.436533,-0.8265332,-3.7465332,-5.216533,-3.2365332,-2.8865333,-6.626533,-5.626533,-5.3465333,-4.5765333,-4.0565333,-3.9365332,-3.0965333,-2.6965332,-3.1765332,-3.6265333,-3.9465332,-4.4065332
3.6434667,3.3434668,2.7934668,2.953467,3.2734668,3.7234669,2.963467,2.6234667,3.5934668,5.583467,2.3334668,1.8034668,0.3234668,-0.2165332,-0.4265332,-0.6365332,-0.7565332,0.1134668,-0.9665332,0.8734668,0.3334668,1.1834668,-0.7765332,-0.1565332,-0.2565332,0.053466797,-0.1865332,1.0134668,1.3134668,0.8034668,1.5534668,-0.6165332,-0.1965332,2.2734668,-7.506533,-7.626533,0.053466797,-4.586533,-1.9165332,-4.196533,-4.736533,-2.8965333,-2.4965332,-3.4465332,-4.396533,-3.6465333,-3.6365333,-7.0365334,-5.586533,-5.2665334,-4.816533,-4.276533,-3.6765332,-3.7265332,-3.1065333,-4.1565332,-4.216533,-4.9565334
4.033467,3.963467,3.5834668,4.493467,3.9934669,4.0434666,0.5034668,-0.1565332,0.4534668,2.2734668,-1.1165332,-0.026533203,-0.0965332,-0.5265332,-1.3465332,0.9134668,-0.0665332,0.1634668,-0.1765332,-0.7465332,0.013466797,-1.3465332,-1.7265332,-0.3465332,-1.1765332,-0.6565332,0.25346678,0.9034668,-1.7765332,0.47346678,0.6834668,0.033466797,-1.9565332,-4.426533,-6.736533,-4.586533,-0.5665332,1.6434668,-2.8465333,-3.036533,-2.9165332,-4.566533,-2.0065331,-3.4165332,-4.3065333,-2.0265331,-3.1965332,-2.566533,-6.7865334,-5.486533,-4.856533,-4.526533,-4.176533,-4.3665333,-4.166533,-4.166533,-4.856533,-5.0965333
1.4734668,1.2634668,3.9234667,3.7434669,4.1134667,4.873467,0.6534668,0.7034668,0.9434668,0.1434668,-0.0965332,-2.6965332,-0.5965332,-0.8165332,-0.7665332,-0.2865332,-2.6065333,-0.4365332,0.7834668,-0.2965332,-0.8565332,-0.7265332,-1.2565331,-2.6965332,-1.9765332,-1.5765332,-1.7565331,-1.9465332,-2.806533,-2.3665333,-0.49653322,-0.9065332,-2.2165332,-3.036533,-2.9565332,-1.9065332,1.9434668,-0.7065332,-1.8865333,-0.2165332,-5.3665333,-2.1065333,-1.7365332,-2.8265333,-3.6565332,-4.2465334,-3.4065332,-3.7765331,-5.566533,-5.626533,-5.0765333,-4.186533,-3.9765332,-4.606533,-4.926533,-4.836533,-4.836533,-5.666533
-3.2765331,-0.2565332,0.9334668,0.4134668,1.1734668,-0.0665332,-0.4765332,1.0434668,-1.7265332,1.1334668,0.7134668,4.103467,-1.3165332,-0.7265332,-1.4565332,-1.8665332,-1.0665332,0.3434668,-0.7165332,-0.12653321,-0.3365332,-1.1765332,-0.9365332,-1.6165332,-1.3465332,0.063466795,-2.2565331,-2.3865333,-2.3565333,-2.8365333,-2.0265331,-0.4565332,-2.2265332,0.6434668,1.5434668,-0.5765332,0.7734668,0.2334668,1.1834668,0.7634668,-3.2265332,-2.1165333,-0.6865332,0.093466796,-2.7465332,-3.806533,-3.5165331,-3.1865332,-4.2665334,-7.1565332,-5.426533,-4.1565332,-3.546533,-4.1565332,-5.3265333,-4.6165333,-5.316533,-5.4065332
1.0034668,-2.296533,-0.66653323,0.1634668,1.1734668,0.3234668,-0.4365332,-0.1765332,-0.30653322,-1.2765332,-0.2165332,1.9834667,-1.9365332,-0.036533203,-0.6365332,0.2634668,0.5434668,0.1734668,-1.5665332,-0.4465332,-0.12653321,-1.1265332,-1.0265332,-1.6865332,-2.0965333,-2.5765333,-1.5365332,-1.2465332,-0.9765332,-1.7565331,-1.0165333,-2.046533,-1.1865332,-2.4465332,1.2134668,1.6134667,-0.5065332,-0.7765332,-0.5865332,3.703467,-1.7865332,-0.4565332,-1.7865332,-0.7165332,0.1434668,-2.316533,-1.7865332,-1.2065332,-2.1865332,-3.9565332,-6.126533,-4.396533,-3.4265332,-3.2265332,-4.816533,-5.0965333,-5.336533,-5.0165334
0.053466797,-0.8565332,-1.7065332,-0.6265332,-0.076533206,-0.12653321,0.1234668,0.6834668,0.4534668,0.4234668,-1.0665332,-0.2565332,-1.1565332,0.5334668,0.6634668,-0.6565332,-0.1665332,-0.116533205,-2.4665332,-0.4265332,-0.5665332,0.6734668,-1.0265332,-2.0265331,-1.7965332,-2.4965332,-1.4565332,-0.7865332,-0.9765332,-0.1965332,-1.0665332,-1.9265332,-1.3265332,-0.4765332,1.0434668,0.8534668,-2.5165331,1.4434668,0.4934668,-2.6165333,-0.7265332,1.8034668,-1.6065332,1.2834668,-1.5365332,-1.8665332,-1.1565332,-1.3465332,-1.4365332,-3.3765333,-7.626533,-4.106533,-3.7265332,-3.6365333,-4.216533,-4.436533,-5.0365334,-5.6365333
