wind_kz.json
{"header": {"discipline":0,"disciplineName":"Meteorological products","gribEdition":2,"gribLength":1025,"center":7,"centerName":"US National Weather Service - NCEP(WMC)","subcenter":0,"refTime":"2023-08-07T18:00:00.000Z","significanceOfRT":1,"significanceOfRTName":"Start of forecast","productStatus":0,"productStatusName":"Operational products","productType":1,"productTypeName":"Forecast products","productDefinitionTemplate":0,"productDefinitionTemplateName":"Analysis/forecast at horizontal level/layer at a point in time","parameterCategory":2,"parameterCategoryName":"UnknownDiscipline_0_Category_2","parameterNumber":2,"parameterNumberName":"UnknownParameter_D0_C2_2","parameterUnit":"Unknown","genProcessType":2,"genProcessTypeName":"Forecast","forecastTime":300,"surface1Type":103,"surface1TypeName":"Specified height level above ground","surface1Value":10.0,"surface2Type":255,"surface2TypeName":"Missing","surface2Value":0.0,"gridDefinitionTemplate":0,"gridDefinitionTemplateName":"Latitude_Longitude","numberPoints":615,"shape":6,"shapeName":"Earth spherical with radius of 6,371,229.0 m","gridUnits":"degrees","resolution":48,"winds":"true","scanMode":64,"nx":41,"ny":15,"basicAngle":0,"lo1":47.0,"la1":41.0,"lo2":87.0,"la2":55.0,"dx":1.0,"dy":1.0}, "data":
[rows 0 to 14 of 15, columns 0 to 40 of 41]
0.61252016,1.6525202,-2.98748,2.28252,-1.2074798,-0.63747984,-4.90748,-4.99748,-6.90748,-4.09748,-5.51748,-4.2974796,-3.3074799,-2.19748,-1.7574799,-1.0674798,-0.7774799,0.042520143,-1.1074798,0.19252014,2.1025202,1.7525201,2.74252,4.11252,1.2025201,0.5825201,4.08252,3.52252,0.69252014,0.85252017,2.02252,0.88252014,2.49252,-0.14747986,-0.8374798,-2.45748,-0.82747984,-2.1674798,-2.3774798,-2.8774798,-1.8374798
-1.1874799,-0.37747985,3.1625202,1.0825201,-0.21747985,-1.1974798,-1.3174798,-1.2974799,-4.15748,-4.36748,-4.57748,-4.30748,-3.75748,-3.20748,-2.98748,-1.5674798,0.38252014,-0.05747986,1.0725201,3.01252,4.34252,1.6425202,2.3325202,4.34252,0.81252015,0.08252014,1.3025202,1.5725201,3.1625202,1.9625201,0.43252015,0.8925201,-1.1974798,0.8925201,0.8325201,0.38252014,1.1825202,-1.8374798,-1.9874798,0.47252014,0.46252015
-0.56747985,4.7625203,0.57252014,0.9725201,0.10252014,-0.17747986,-1.0474799,-1.3774799,-4.07748,-3.7874799,-2.6174798,-3.73748,-4.70748,-3.8974798,-3.24748,-1.9674798,-0.17747986,0.5225201,0.32252014,0.18252014,3.3425202,4.50252,1.2525201,-2.48748,1.0825201,0.15252014,-0.29747987,-1.0074799,3.8525202,-1.2974799,1.3625201,-1.8574798,-0.73747987,-0.35747987,0.16252014,2.1625202,0.22252014,1.0525202,-0.11747986,3.2025201,1.3425201
1.8225201,-0.7274799,0.61252016,1.1025201,-1.0774798,0.13252014,1.0625201,1.4425201,-0.09747986,-1.2274798,-0.19747986,-1.3374798,-2.70748,-2.7874799,-2.8474798,-3.1174798,-2.2974799,-1.9274799,-2.0974798,-2.5974798,-4.80748,-2.47748,4.5525203,1.6925201,-0.30747986,-2.4174798,-3.6274798,-4.47748,-4.51748,-2.43748,-0.20747986,0.92252016,-0.25747985,1.1925201,1.6225201,2.9425201,1.8925202,0.82252014,-2.4074798,-2.23748,-1.0774798
-3.6174798,-4.26748,-5.72748,-6.2974796,-5.16748,-5.49748,-2.20748,0.5225201,2.3325202,2.9125202,1.9125202,0.28252015,0.32252014,-1.1774799,0.32252014,-1.7974799,-2.22748,-1.3874799,-0.6574799,-1.5474799,-1.5374799,-0.26747987,-1.7674799,-0.81747985,0.5225201,-0.19747986,-1.4774798,-3.49748,-2.26748,-1.6674799,0.41252014,2.4425201,2.4025202,2.0925202,-2.5674798,-0.43747985,-0.32747987,1.2925202,-0.51747984,-0.37747985,-0.19747986
-8.01748,-6.91748,-6.7974796,-6.10748,-5.53748,-5.12748,-5.0074797,-4.09748,-1.4274799,1.8925202,5.73252,3.72252,0.86252016,1.1625202,0.74252015,1.1825202,-0.27747986,-0.16747986,-0.27747986,0.50252014,-2.1274798,-2.76748,-3.00748,-2.6274798,-2.00748,-2.48748,-2.8874798,-2.01748,-1.3174798,-1.6674799,-0.28747985,1.8025202,4.04252,2.4225202,-0.29747987,2.6825202,1.1625202,1.4425201,-1.2374798,-0.51747984,-0.67747986
-4.05748,-4.9274797,-4.7574797,-4.51748,-5.2174797,-5.5474796,-4.36748,-2.95748,-1.4074799,-0.82747984,-0.76747984,1.9025202,-0.5974799,-0.09747986,0.17252015,-0.73747987,0.81252015,0.43252015,-0.24747986,-0.35747987,-2.6374798,-3.1474798,-3.2974799,-2.8374798,-2.9074798,-1.7174798,-2.4174798,-2.01748,-2.49748,-2.24748,-3.22748,-4.83748,-3.8374798,-1.0574799,1.1925201,2.7125201,2.8425202,-1.6474799,4.33252,0.17252015,-0.7174799
-4.16748,-4.5274796,-4.22748,-4.34748,-3.5374799,-2.3474798,-0.87747985,-0.55747986,0.7725201,0.05252014,-1.5374799,-1.8974799,-0.68747985,1.1725202,-0.17747986,0.74252015,-0.26747987,-0.5974799,-0.67747986,0.05252014,-0.9674799,-1.6874799,-3.01748,-2.9174798,-2.00748,0.56252015,-0.13747986,-1.2574799,-3.8874798,-3.3974798,-4.51748,-2.9274797,-2.50748,-2.7874799,-1.9674798,-0.74747986,1.1925201,5.43252,4.63252,3.54252,3.8425202
-6.62748,-6.28748,-5.5474796,-3.73748,-2.5574799,-2.6674798,-1.3674798,-0.80747986,-0.64747983,-0.31747985,-2.4074798,-3.6774797,-5.13748,-4.1974797,-3.6574798,-3.1774797,-3.3774798,-2.8774798,-1.6474799,0.17252015,0.13252014,-1.8274798,-1.7474799,-1.2974799,-1.4674798,-0.5974799,-0.55747986,0.17252015,-0.7274799,-0.7774799,-2.2874799,-2.1574798,-0.94747984,-0.23747987,0.69252014,2.27252,3.72252,1.0625201,3.75252,2.47252,3.6525202
-5.07748,-4.06748,-3.5474799,-3.9074798,-2.97748,-1.2974799,-1.6874799,-1.3674798,-1.8974799,-3.8074799,-5.62748,-5.63748,-3.23748,-4.55748,-3.8274798,-3.2974799,-4.07748,-2.96748,-2.6274798,-1.1974798,-1.1674799,-0.68747985,-0.16747986,-0.09747986,-0.15747985,-0.01747986,-2.76748,-4.53748,-2.3974798,-1.4474798,-0.93747985,-0.09747986,1.2325201,0.20252015,0.81252015,1.1525202,1.8625201,-0.37747985,3.0725203,3.51252,1.2025201
-4.18748,-3.3374798,-3.44748,-4.4474797,-3.97748,-3.5874798,-4.06748,-3.97748,-3.99748,-5.34748,-6.08748,-2.52748,3.4025202,-3.2974799,-3.1274798,-3.46748,-3.8474798,-3.24748,-2.2874799,-1.4774798,1.6225201,1.1025201,0.33252013,0.56252015,1.9225202,2.1125202,-1.3774799,-0.03747986,-0.6674799,0.8925201,0.9625201,2.4625201,3.3425202,4.4525204,2.1025202,2.1225202,0.87252015,1.0925201,0.18252014,-0.047479857,2.9525201
-4.2574797,-3.76748,-3.98748,-4.10748,-3.45748,-2.99748,-3.68748,-3.5874798,-2.1774797,-1.7174798,-2.6674798,-2.50748,-3.0874798,-4.08748,-3.3374798,-2.7974799,-2.1274798,-2.44748,-1.2474799,-1.2574799,-1.3174798,-0.92747986,0.08252014,0.80252016,-0.70747983,0.36252013,2.3925202,3.1025202,3.73252,2.6225202,3.1325202,2.5825202,3.3625202,3.8925202,2.9325202,2.25252,2.2125201,2.6925201,3.03252,2.74252,2.1425202
-3.45748,-3.5474799,-2.7874799,-2.49748,-2.46748,-1.7674799,-2.24748,-2.74748,-4.0274796,-1.5474799,-0.89747983,-2.6774797,-2.74748,-3.27748,-2.3174798,-2.48748,-1.7374798,-0.48747987,0.15252014,-0.047479857,0.12252014,-0.6674799,-0.49747986,0.67252016,0.18252014,0.31252015,1.7525201,2.1125202,2.4125202,3.3625202,3.6625202,4.42252,3.4125202,3.76252,1.9425201,2.4525201,2.9325202,2.1625202,3.9125202,5.04252,3.53252
-0.37747985,-1.4374799,-0.55747986,-0.99747986,-1.9974799,-2.7974799,-2.74748,-1.9074799,-1.2974799,-1.2074798,-0.03747986,0.21252014,-2.46748,-2.3274798,-1.9774798,-0.64747983,-0.09747986,-0.12747985,0.7125201,0.7825201,1.6725202,1.7125201,2.3325202,2.3325202,2.1125202,1.7825202,2.50252,2.6125202,2.26252,3.27252,4.08252,4.39252,4.04252,3.8625202,2.06252,2.55252,2.4325202,2.6325202,2.8325202,1.4325202,2.4325202
1.0825201,1.8225201,1.4425201,1.8925202,1.3225201,1.3125201,0.15252014,-0.8474799,-0.9174799,-1.2274798,-1.1774799,-2.00748,-0.12747985,-1.5174799,-1.2574799,-0.28747985,-0.23747987,-0.07747986,-2.02748,-0.51747984,-0.03747986,0.31252015,0.21252014,0.17252015,-0.17747986,0.88252014,1.9525201,2.9525201,3.4025202,4.5125203,3.8525202,4.58252,4.83252,4.15252,3.6525202,3.1325202,2.5825202,3.54252,2.8825202,2.4225202,0.33252013
