wind.json
{"header": {"discipline":0,"disciplineName":"Meteorological products","gribEdition":2,"gribLength":1039,"center":7,"centerName":"US National Weather Service - NCEP(WMC)","subcenter":0,"refTime":"2023-06-30T18:00:00.000Z","significanceOfRT":1,"significanceOfRTName":"Start of forecast","productStatus":0,"productStatusName":"Operational products","productType":1,"productTypeName":"Forecast products","productDefinitionTemplate":0,"productDefinitionTemplateName":"Analysis/forecast at horizontal level/layer at a point in time","parameterCategory":0,"parameterCategoryName":"UnknownDiscipline_0_Category_0","parameterNumber":0,"parameterNumberName":"UnknownParameter_D0_C0_0","parameterUnit":"Unknown","genProcessType":2,"genProcessTypeName":"Forecast","forecastTime":60,"surface1Type":1,"surface1TypeName":"Ground or water surface","surface1Value":0.0,"surface2Type":255,"surface2TypeName":"Missing","surface2Value":0.0,"gridDefinitionTemplate":0,"gridDefinitionTemplateName":"Latitude_Longitude","numberPoints":688,"shape":6,"shapeName":"Earth spherical with radius of 6,371,229.0 m","gridUnits":"degrees","resolution":48,"winds":"true","scanMode":64,"nx":43,"ny":16,"basicAngle":0,"lo1":45.0,"la1":40.0,"lo2":87.0,"la2":55.0,"dx":1.0,"dy":1.0}, "data":
[rows 0 to 15 of 16, columns 0 to 42 of 43]
295.57346,290.87347,306.47345,314.97345,318.07346,298.47345,297.17346,295.37347,319.27347,321.57346,320.87347,321.97345,323.07346,323.57346,326.67346,325.17346,323.37347,322.47345,321.87347,321.47345,318.87347,321.17346,317.67346,320.27347,318.37347,316.97345,314.17346,305.07346,298.57346,303.57346,292.07346,318.27347,318.97345,320.87347,329.37347,328.67346,327.47345,329.47345,325.87347,329.87347,334.47345,335.37347,335.17346
294.57346,308.77347,311.97345,296.57346,305.07346,296.67346,296.67346,294.87347,311.67346,322.67346,321.57346,323.57346,319.97345,321.27347,321.27347,322.97345,324.77347,325.77347,324.57346,320.77347,325.47345,323.57346,327.57346,320.87347,318.17346,315.97345,320.87347,323.57346,327.07346,297.47345,298.97345,297.27347,302.27347,297.87347,310.27347,323.67346,324.97345,326.87347,333.47345,334.07346,331.57346,332.47345,332.07346
299.17346,292.27347,292.47345,303.07346,296.37347,296.57346,296.47345,294.07346,322.07346,319.87347,319.07346,317.87347,319.97345,319.47345,319.67346,318.57346,321.87347,326.27347,327.77347,328.47345,324.97345,326.07346,328.97345,321.27347,319.87347,309.27347,299.07346,295.57346,302.57346,299.47345,296.67346,289.77347,295.97345,296.97345,306.37347,273.17346,273.57346,316.67346,318.97345,319.67346,324.87347,314.47345,284.97345
296.07346,299.07346,307.47345,296.97345,296.67346,296.77347,295.87347,317.37347,317.67346,319.57346,319.47345,317.27347,316.67346,317.17346,316.87347,317.77347,318.97345,324.17346,324.27347,323.77347,324.57346,325.17346,326.67346,319.87347,321.07346,315.17346,328.97345,323.07346,319.97345,319.97345,306.27347,291.37347,281.87347,296.57346,301.57346,303.97345,308.37347,304.07346,300.27347,299.27347,303.47345,298.87347,297.07346
307.47345,309.97345,309.77347,297.87347,297.97345,297.37347,302.37347,318.17346,318.17346,320.57346,320.37347,318.47345,316.37347,314.77347,294.97345,294.57346,316.97345,321.57346,319.57346,323.07346,324.97345,323.07346,318.97345,320.17346,320.17346,321.97345,324.87347,325.57346,324.37347,322.87347,316.57346,314.47345,316.27347,322.77347,326.07346,323.07346,323.07346,316.07346,297.97345,298.87347,303.97345,316.67346,321.27347
311.57346,311.47345,312.77347,298.77347,298.67346,299.27347,306.97345,313.37347,317.97345,319.87347,316.87347,315.77347,316.87347,315.27347,295.57346,294.87347,292.17346,316.87347,318.87347,315.77347,314.87347,318.37347,320.67346,321.77347,322.17346,322.07346,324.47345,325.37347,326.57346,316.27347,324.27347,322.47345,324.77347,315.57346,303.07346,296.77347,305.77347,315.67346,313.27347,324.67346,325.07346,322.17346,320.87347
312.77347,313.37347,314.97345,314.67346,299.17346,298.47345,298.17346,297.77347,317.67346,316.97345,315.27347,315.37347,317.67346,316.57346,296.77347,294.57346,304.77347,312.57346,318.07346,318.17346,318.97345,319.07346,318.47345,318.17346,321.77347,322.47345,322.77347,322.27347,321.07346,292.27347,324.77347,321.97345,315.37347,326.07346,325.57346,320.57346,315.47345,311.57346,310.47345,313.87347,329.37347,328.37347,323.77347
311.47345,312.97345,313.47345,315.97345,314.47345,315.27347,311.37347,317.07346,317.77347,314.37347,310.97345,313.87347,314.67346,313.47345,312.67346,314.77347,315.57346,316.17346,317.07346,317.87347,316.97345,315.37347,315.07346,316.87347,319.57346,320.77347,319.77347,320.17346,316.27347,321.37347,326.27347,325.17346,326.77347,325.07346,318.87347,318.97345,321.27347,320.17346,310.47345,307.57346,302.57346,302.17346,320.17346
310.27347,308.17346,310.27347,313.67346,313.07346,312.97345,312.47345,312.47345,314.87347,310.87347,311.97345,312.07346,311.37347,310.37347,312.47345,311.67346,314.67346,313.77347,317.17346,313.27347,314.47345,313.87347,313.17346,316.47345,317.67346,317.97345,317.47345,312.87347,310.67346,306.97345,315.47345,319.37347,316.67346,320.67346,318.47345,312.47345,315.77347,322.07346,317.87347,289.07346,317.37347,316.17346,309.37347
294.47345,308.97345,310.67346,312.07346,311.27347,311.47345,309.97345,310.07346,310.67346,308.87347,309.07346,309.17346,307.57346,307.47345,308.77347,308.77347,310.47345,312.47345,313.37347,312.47345,311.77347,311.77347,309.37347,311.97345,315.27347,315.17346,311.37347,310.47345,308.77347,308.87347,309.67346,308.37347,311.37347,309.37347,310.27347,313.47345,311.07346,310.47345,311.57346,307.97345,302.27347,294.47345,298.67346
303.97345,307.07346,307.97345,309.37347,308.97345,308.27347,306.47345,308.27347,306.87347,307.27347,307.97345,304.47345,300.57346,304.07346,304.47345,303.87347,304.77347,308.47345,309.17346,309.17346,309.47345,310.67346,308.97345,312.47345,314.67346,307.37347,308.47345,309.97345,306.27347,309.97345,302.67346,306.77347,307.97345,311.07346,311.77347,310.87347,310.97345,307.27347,303.17346,296.27347,300.57346,296.97345,295.07346
300.97345,297.37347,303.77347,304.37347,305.37347,304.17346,304.37347,304.87347,304.27347,304.67346,304.17346,303.37347,301.87347,301.37347,302.97345,301.37347,304.07346,304.87347,304.87347,298.97345,304.07346,308.97345,310.77347,308.17346,304.47345,307.07346,307.27347,307.67346,306.17346,308.77347,311.07346,311.17346,312.17346,312.67346,311.07346,305.67346,303.27347,301.77347,296.87347,298.27347,297.37347,293.67346,294.37347
298.17346,299.57346,300.67346,302.37347,302.97345,302.77347,301.27347,300.87347,300.77347,301.17346,302.17346,301.27347,299.47345,298.77347,301.07346,301.27347,298.37347,303.17346,294.37347,306.77347,305.77347,306.87347,302.37347,303.57346,303.57346,307.37347,306.77347,309.47345,312.97345,309.97345,307.17346,310.17346,306.87347,309.87347,306.97345,306.27347,302.27347,301.67346,300.57346,301.57346,297.97345,297.27347,295.97345
296.97345,297.27347,297.47345,298.37347,299.87347,298.87347,298.47345,298.67346,299.77347,302.67346,301.67346,299.67346,296.47345,295.07346,299.27347,298.77347,299.57346,296.27347,301.97345,302.07346,305.17346,299.67346,301.57346,301.37347,302.47345,303.97345,307.27347,308.07346,309.67346,307.57346,308.17346,306.77347,309.87347,309.17346,306.17346,305.87347,304.07346,301.47345,298.87347,294.87347,296.77347,298.27347,296.77347
295.57346,295.37347,296.97345,298.07346,294.17346,298.27347,297.07346,297.07346,297.17346,296.37347,296.77347,299.37347,296.37347,294.27347,298.17346,299.87347,300.57346,296.37347,300.77347,301.57346,302.67346,302.67346,301.17346,300.57346,303.67346,304.37347,305.57346,306.87347,305.77347,303.77347,304.47345,306.87347,307.87347,308.77347,309.77347,312.47345,304.77347,295.97345,298.07346,295.47345,296.77347,295.07346,295.67346
288.87347,293.17346,295.57346,297.77347,290.77347,298.57346,299.07346,297.67346,297.47345,296.77347,297.17346,298.37347,296.87347,295.97345,295.47345,298.17346,300.17346,300.57346,301.27347,299.87347,300.87347,300.77347,301.97345,301.27347,301.47345,301.87347,302.27347,302.47345,301.77347,302.37347,302.67346,304.47345,302.07346,295.97345,307.87347,309.57346,301.97345,292.07346,289.57346,298.07346,298.27347,297.27347,298.37347
