wind_kz.json
{"header": {"discipline":0,"disciplineName":"Meteorological products","gribEdition":2,"gribLength":871,"center":7,"centerName":"US National Weather Service - NCEP(WMC)","subcenter":0,"refTime":"2023-09-22T00:00:00.000Z","significanceOfRT":1,"significanceOfRTName":"Start of forecast","productStatus":0,"productStatusName":"Operational products","productType":1,"productTypeName":"Forecast products","productDefinitionTemplate":0,"productDefinitionTemplateName":"Analysis/forecast at horizontal level/layer at a point in time","parameterCategory":0,"parameterCategoryName":"UnknownDiscipline_0_Category_0","parameterNumber":0,"parameterNumberName":"UnknownParameter_D0_C0_0","parameterUnit":"Unknown","genProcessType":2,"genProcessTypeName":"Forecast","forecastTime":120,"surface1Type":1,"surface1TypeName":"Ground or water surface","surface1Value":0.0,"surface2Type":255,"surface2TypeName":"Missing","surface2Value":0.0,"gridDefinitionTemplate":0,"gridDefinitionTemplateName":"Latitude_Longitude","numberPoints":615,"shape":6,"shapeName":"Earth spherical with radius of 6,371,229.0 m","gridUnits":"degrees","resolution":48,"winds":"true","scanMode":64,"nx":41,"ny":15,"basicAngle":0,"lo1":47.0,"la1":41.0,"lo2":87.0,"la2":55.0,"dx":1.0,"dy":1.0}, "data":
[rows 0 to 14 of 15, columns 0 to 40 of 41]
288.18533,279.98532,284.68533,293.98532,294.18533,293.68533,292.08533,291.8853,289.28534,288.28534,288.78534,289.58533,289.98532,289.68533,288.98532,285.58533,286.08533,286.78534,284.28534,288.28534,291.08533,286.08533,287.18533,284.28534,286.48532,288.58533,286.3853,273.58533,272.3853,272.08533,271.18533,272.98532,280.58533,286.48532,287.8853,287.8853,287.78534,286.18533,285.58533,284.8853,284.3853
270.78534,284.98532,293.28534,293.48532,293.58533,292.3853,290.18533,289.28534,287.98532,288.08533,288.78534,287.98532,287.68533,286.98532,286.3853,287.18533,283.98532,285.78534,284.08533,284.68533,283.68533,286.98532,287.28534,281.8853,272.78534,272.18533,279.98532,272.3853,273.08533,270.28534,275.78534,260.98532,273.98532,250.18533,274.58533,284.3853,282.28534,285.3853,287.18533,280.28534,283.58533
286.68533,292.8853,293.48532,293.18533,291.3853,289.8853,289.48532,288.48532,287.78534,287.58533,286.8853,288.08533,287.68533,288.08533,288.78534,287.3853,285.78534,283.28534,285.18533,283.8853,285.48532,286.58533,286.18533,281.8853,282.58533,281.3853,283.78534,282.98532,282.48532,277.58533,270.3853,272.68533,276.78534,275.78534,277.48532,278.68533,271.58533,270.78534,271.28534,269.3853,265.3853
288.08533,292.28534,293.68533,292.58533,291.08533,289.28534,289.58533,288.28534,288.58533,288.58533,288.28534,288.28534,291.58533,290.98532,289.3853,287.98532,288.18533,287.3853,286.68533,285.08533,283.48532,281.08533,285.3853,285.68533,285.58533,285.58533,286.08533,285.18533,282.48532,282.3853,283.48532,282.58533,286.8853,285.08533,284.18533,282.3853,270.58533,263.18533,271.8853,277.58533,280.3853
290.48532,291.98532,292.8853,291.98532,291.08533,289.3853,289.98532,289.3853,289.18533,289.08533,288.58533,287.8853,290.3853,289.3853,287.78534,288.78534,288.68533,287.98532,286.48532,287.68533,287.08533,286.48532,285.18533,285.08533,285.08533,285.28534,283.68533,284.98532,283.08533,283.58533,285.18533,282.3853,275.78534,266.58533,273.08533,280.98532,285.8853,283.68533,284.18533,284.08533,283.8853
287.8853,286.48532,291.28534,291.78534,291.78534,291.58533,289.78534,290.78534,289.28534,288.98532,289.48532,289.18533,289.98532,290.18533,289.18533,288.48532,289.48532,288.28534,288.3853,288.18533,287.08533,286.18533,285.98532,285.58533,284.68533,283.18533,282.8853,288.08533,284.98532,285.08533,283.28534,284.48532,282.68533,280.98532,281.58533,286.28534,276.8853,275.98532,279.98532,283.18533,282.8853
287.18533,286.28534,289.08533,289.58533,289.8853,288.58533,289.8853,289.18533,289.58533,289.78534,288.3853,288.18533,287.8853,287.98532,287.98532,288.98532,288.58533,288.78534,287.98532,287.28534,286.08533,286.48532,286.78534,286.68533,284.98532,284.78534,283.3853,283.8853,284.08533,283.8853,282.98532,283.18533,283.18533,284.28534,282.8853,280.58533,277.8853,274.3853,270.18533,270.58533,278.98532
286.48532,285.48532,286.28534,289.8853,290.98532,290.68533,289.8853,290.18533,288.8853,287.8853,290.58533,287.68533,286.78534,287.58533,288.08533,288.58533,288.28534,288.48532,287.58533,285.48532,284.78534,284.98532,285.28534,285.58533,284.08533,280.98532,281.58533,281.8853,280.48532,281.78534,280.78534,280.78534,280.18533,277.8853,278.48532,277.3853,279.48532,287.18533,280.3853,279.68533,276.68533
287.68533,287.68533,288.68533,288.48532,289.68533,289.58533,289.28534,291.28534,292.28534,291.3853,289.98532,290.58533,289.68533,286.3853,286.3853,287.3853,286.8853,286.78534,286.08533,285.08533,285.78534,283.28534,284.68533,284.18533,282.58533,282.98532,280.3853,279.28534,277.78534,276.68533,278.28534,278.58533,277.98532,279.08533,277.78534,276.8853,276.98532,276.68533,265.48532,267.3853,265.08533
288.28534,289.28534,289.78534,288.8853,289.48532,288.8853,288.48532,288.68533,290.08533,287.68533,288.08533,286.3853,289.78534,288.98532,285.3853,285.48532,290.58533,290.48532,290.18533,288.8853,284.8853,282.58533,288.08533,288.78534,284.98532,287.18533,287.08533,285.98532,280.58533,278.98532,278.8853,280.98532,281.98532,281.28534,279.3853,277.78534,277.78534,273.8853,269.8853,269.18533,267.98532
286.8853,286.78534,286.78534,286.98532,286.58533,286.08533,285.28534,285.68533,286.48532,287.78534,285.58533,285.58533,287.68533,285.8853,286.08533,285.08533,285.68533,286.78534,284.48532,289.48532,289.3853,288.58533,287.48532,287.78534,288.28534,288.68533,286.78534,282.28534,283.28534,283.78534,283.3853,283.08533,282.08533,282.68533,280.78534,278.98532,276.98532,273.08533,271.98532,270.98532,268.58533
286.3853,286.28534,284.78534,285.08533,284.58533,284.8853,284.08533,284.08533,286.28534,284.28534,283.58533,285.08533,287.78534,284.8853,286.18533,286.08533,288.18533,288.3853,284.98532,285.68533,284.08533,288.18533,287.68533,283.58533,283.08533,282.68533,282.18533,283.58533,284.18533,284.48532,283.48532,282.68533,283.08533,280.58533,281.28534,280.18533,279.58533,278.58533,278.48532,277.08533,274.8853
282.28534,281.78534,282.8853,282.28534,283.18533,283.3853,282.3853,282.48532,282.08533,280.98532,280.28534,279.78534,283.28534,282.8853,284.48532,285.08533,285.58533,285.8853,287.58533,284.3853,283.48532,282.3853,282.48532,282.48532,283.8853,284.48532,285.58533,283.98532,283.78534,283.98532,283.98532,283.78534,283.28534,282.48532,281.78534,280.98532,279.3853,279.3853,278.18533,276.28534,275.68533
279.18533,281.3853,283.8853,281.8853,281.18533,280.3853,281.08533,281.08533,280.78534,280.8853,280.08533,278.28534,279.08533,280.78534,281.48532,285.08533,283.58533,284.08533,284.98532,285.28534,286.68533,286.48532,287.58533,286.98532,284.58533,284.78534,284.58533,284.78534,287.28534,284.08533,284.08533,283.8853,283.3853,282.58533,282.08533,280.78534,280.08533,278.58533,277.48532,276.8853,274.98532
280.08533,281.28534,286.3853,280.48532,280.68533,279.3853,280.3853,279.28534,279.78534,279.78534,280.18533,277.8853,278.58533,279.18533,279.8853,281.08533,284.58533,282.28534,282.48532,283.48532,283.68533,286.28534,285.98532,285.48532,285.68533,284.48532,282.3853,282.3853,282.3853,282.3853,282.78534,283.18533,285.68533,285.68533,284.48532,282.58533,282.08533,281.18533,281.3853,281.68533,279.08533
