wind_kz.json
{"header": {"discipline":0,"disciplineName":"Meteorological products","gribEdition":2,"gribLength":1025,"center":7,"centerName":"US National Weather Service - NCEP(WMC)","subcenter":0,"refTime":"2023-08-07T12:00:00.000Z","significanceOfRT":1,"significanceOfRTName":"Start of forecast","productStatus":0,"productStatusName":"Operational products","productType":1,"productTypeName":"Forecast products","productDefinitionTemplate":0,"productDefinitionTemplateName":"Analysis/forecast at horizontal level/layer at a point in time","parameterCategory":2,"parameterCategoryName":"UnknownDiscipline_0_Category_2","parameterNumber":2,"parameterNumberName":"UnknownParameter_D0_C2_2","parameterUnit":"Unknown","genProcessType":2,"genProcessTypeName":"Forecast","forecastTime":180,"surface1Type":103,"surface1TypeName":"Specified height level above ground","surface1Value":10.0,"surface2Type":255,"surface2TypeName":"Missing","surface2Value":0.0,"gridDefinitionTemplate":0,"gridDefinitionTemplateName":"Latitude_Longitude","numberPoints":615,"shape":6,"shapeName":"Earth spherical with radius of 6,371,229.0 m","gridUnits":"degrees","resolution":48,"winds":"true","scanMode":64,"nx":41,"ny":15,"basicAngle":0,"lo1":47.0,"la1":41.0,"lo2":87.0,"la2":55.0,"dx":1.0,"dy":1.0}, "data":
[rows 0 to 14 of 15, columns 0 to 40 of 41]
-1.8148608,-0.85486084,2.515139,-3.1148608,-5.5148606,-5.9148607,-4.694861,-5.8948607,-6.9748607,-4.564861,-3.444861,-4.324861,-3.6348608,-3.194861,-3.3448608,-3.974861,-2.4048607,-5.2848606,-5.654861,-2.6248608,2.265139,2.535139,-1.2648609,-2.2848608,-1.4648608,-2.0048609,-3.0548608,-2.5848608,-0.15486084,0.11513916,1.3851391,1.4751391,-1.4848609,1.3751391,-3.484861,-5.0348606,-7.8948607,-7.7648606,-8.664861,-7.314861,0.19513915
0.63513917,0.25513917,-6.6448607,-7.2048607,-6.564861,-6.654861,-4.464861,-7.084861,-5.154861,-4.2448606,-3.1348608,-3.944861,-3.6148608,-3.2848608,-3.1548607,-3.5248609,-1.4048609,-5.044861,-3.714861,-3.8348608,-5.054861,-5.944861,-2.1648607,-2.6448607,-0.97486085,0.53513914,-0.5648608,-0.25486085,-2.684861,-1.1048608,-1.1748608,0.6251392,-0.02486084,-1.5948608,1.0951391,0.40513915,-1.1648608,0.66513914,0.37513915,1.0751392,2.6451392
0.08513916,-6.554861,-7.384861,-6.804861,-6.234861,-6.2248607,-5.214861,-2.734861,-5.0348606,-4.354861,-4.2248607,-3.934861,-3.8948607,-3.744861,-3.8348608,-3.924861,-4.104861,-3.484861,-2.924861,-3.8048608,-6.874861,-9.514861,-8.094861,-11.4048605,-2.7548609,-3.6248608,-1.7448609,-1.5648608,-2.0548608,-0.9348608,-1.8848609,2.005139,-0.47486085,-1.0648608,-1.9048609,-0.20486084,0.22513916,0.18513916,4.175139,3.8551393,2.815139
-5.794861,-7.344861,-6.2248607,-6.6448607,-5.714861,-4.604861,-2.8048608,-4.2248607,-3.964861,-3.6148608,-3.2948608,-3.8248608,-4.4948606,-4.344861,-3.7848608,-3.954861,-3.0848608,-3.2948608,-3.434861,-3.2648609,-4.154861,-11.054861,-2.974861,-4.6648607,-4.754861,-4.124861,-3.5648608,-5.064861,-2.5548608,-1.0248609,-1.3648609,-1.6248609,-1.9948609,-4.374861,-3.964861,-3.1048608,-1.6448609,2.255139,0.59513915,0.98513913,1.8251392
-5.2048607,-6.774861,-6.384861,-4.964861,-3.2548609,-3.694861,-2.0348608,-2.4048607,-2.964861,-2.464861,-2.8948607,-3.2848608,-4.5348606,-3.6348608,-3.3848608,-3.2948608,-2.674861,-2.3348608,-2.484861,-3.6548607,-3.5948608,-4.314861,-3.9048607,-3.244861,-3.184861,-2.714861,-3.3848608,-1.5548608,-2.5148609,-2.2648609,-2.214861,-3.244861,-2.3548608,1.6151391,0.97513914,-0.35486084,3.8351393,1.1051391,3.545139,4.475139,6.0451393
-3.994861,-3.194861,-3.8548608,-1.9848609,-3.1548607,-3.224861,-2.6248608,-2.1648607,-1.8548608,-2.0448608,-1.4148608,-1.3348608,-2.184861,-3.1048608,-2.1648607,-0.8248608,-2.3748608,-2.0448608,-1.1248609,-0.45486084,-2.174861,-1.9248608,-2.1248608,-2.3148608,-2.1148608,1.8651391,2.6351392,1.8151392,0.77513915,-0.05486084,0.01513916,0.34513915,-0.26486084,-0.04486084,-0.08486084,-2.454861,1.9751391,3.4051392,8.355139,5.0851393,-6.194861
-2.474861,-1.9948609,-1.7148608,-1.6448609,-1.6548609,-2.5048609,-1.7248608,-1.2848608,-0.42486084,-0.26486084,0.65513915,0.54513913,1.7251391,2.1951392,2.075139,1.7351391,1.3951392,1.4251392,-0.51486087,-1.8448608,-0.96486086,-0.25486085,0.47513917,0.02513916,0.32513916,0.15513916,-0.66486084,-0.41486084,3.505139,3.8951392,1.0451392,1.9451392,2.275139,0.9951392,-0.8848608,-0.85486084,-0.95486087,0.38513917,2.2251391,-0.85486084,7.7351394
0.37513915,0.23513916,0.04513916,-0.52486086,-1.6748608,-1.4148608,-0.70486087,-1.1848608,1.6051391,1.0551392,2.275139,2.8651392,3.055139,3.3351393,3.6851392,3.6451392,3.575139,3.045139,2.775139,2.3351393,3.015139,2.3351393,3.545139,3.1651392,2.9651392,1.5151391,1.8551391,0.7551392,1.9651392,0.84513915,2.3851392,4.445139,0.16513915,2.2451391,0.18513916,3.1951392,3.035139,4.125139,3.4051392,5.2551394,1.3051392
1.4451392,1.8351392,2.4851391,1.8351392,1.4451392,0.70513916,0.5051392,0.83513916,1.2951392,2.4251392,2.9251392,2.045139,4.885139,3.1451392,4.5451393,3.9851391,3.9451392,3.825139,4.195139,3.815139,3.305139,4.435139,4.1051393,3.9851391,3.015139,2.9551392,2.7151392,1.1351391,2.1651392,2.075139,2.4851391,1.5351392,3.795139,0.40513915,0.72513914,0.6751392,1.1251391,-1.0248609,-0.12486084,0.90513915,-0.06486084
-0.70486087,4.0051394,3.2151392,2.1051393,2.1751392,1.8751391,0.8151392,1.3051392,1.4151392,1.8751391,2.755139,3.035139,2.9751391,3.7351391,3.6651392,4.225139,3.575139,3.555139,3.6151392,3.1651392,4.285139,4.695139,4.655139,4.385139,3.9851391,3.065139,3.4551392,3.6651392,3.5951393,4.345139,2.065139,2.075139,1.8951392,0.60513914,-0.21486084,0.25513917,-1.6748608,-0.17486084,0.60513914,0.95513916,0.49513915
0.31513917,0.15513916,-0.73486084,3.3751392,1.8751391,1.5351392,2.8551393,2.4051392,1.9551392,2.1251392,2.7251391,2.525139,2.5951393,3.255139,3.8851392,3.9451392,3.9851391,4.365139,2.8651392,3.4251392,3.285139,3.2051392,3.775139,3.3451393,3.2251391,3.555139,3.8551393,2.8851392,4.165139,1.4751391,3.4551392,0.90513915,1.9451392,0.20513916,-0.07486084,-1.1348609,-1.0648608,0.77513915,0.63513917,0.60513914,0.6151392
0.8751392,1.3751391,1.0951391,1.3951392,3.785139,4.265139,2.575139,3.2051392,2.5951393,0.53513914,-0.37486085,3.9851391,2.285139,3.285139,4.475139,4.285139,3.9251392,4.685139,2.4651392,3.6451392,3.1751392,3.6551392,3.515139,3.255139,4.125139,4.6051393,3.1751392,3.6851392,1.9151392,-0.38486084,0.64513916,1.1851392,1.4351392,-0.49486083,0.54513913,1.7451391,0.35513917,-0.16486084,-0.00486084,-0.02486084,-0.14486083
1.8851391,1.9551392,2.565139,2.3951392,2.3651392,1.6351391,1.6351391,1.2551391,1.5351392,-1.0848608,0.03513916,2.4951391,2.3751392,3.1651392,4.2951393,3.295139,2.9051392,4.0251393,1.9051392,3.7151392,2.6751392,2.525139,3.545139,3.1551392,4.865139,3.765139,3.8751392,2.525139,0.08513916,-0.78486085,0.42513916,0.98513913,1.6651392,1.8551391,1.3351392,1.8551391,1.9351392,0.05513916,0.46513915,-0.19486085,-0.65486085
2.8651392,2.7351391,3.2151392,2.8951392,2.295139,2.015139,1.1251391,-0.30486083,1.7751392,-0.17486084,0.05513916,-0.6248608,2.3551393,3.3451393,3.7451391,3.505139,3.4251392,2.755139,2.1751392,3.825139,3.4351392,3.6451392,4.415139,4.2151394,3.8951392,3.055139,2.045139,2.1051393,-0.26486084,-0.33486083,0.73513913,1.0551392,0.9251392,2.025139,1.0651392,0.97513914,1.2951392,0.57513916,-1.1448609,0.35513917,-0.72486085
2.1251392,3.1151392,5.175139,3.4251392,2.6251392,2.1651392,1.4451392,0.6851392,0.6151392,-0.9948608,-1.1648608,0.00513916,0.88513917,1.4851391,2.795139,3.2451391,3.7451391,3.8351393,1.6451392,3.3851392,3.575139,3.9251392,3.4051392,3.305139,3.315139,2.9451392,2.1651392,1.6851392,0.70513916,0.95513916,1.5351392,0.60513914,1.3851391,1.4951391,1.9351392,1.6751392,0.70513916,1.1551392,1.6051391,0.72513914,-1.0348608
