wind_kz.json
{"header": {"discipline":0,"disciplineName":"Meteorological products","gribEdition":2,"gribLength":1025,"center":7,"centerName":"US National Weather Service - NCEP(WMC)","subcenter":0,"refTime":"2023-09-30T12:00:00.000Z","significanceOfRT":1,"significanceOfRTName":"Start of forecast","productStatus":0,"productStatusName":"Operational products","productType":1,"productTypeName":"Forecast products","productDefinitionTemplate":0,"productDefinitionTemplateName":"Analysis/forecast at horizontal level/layer at a point in time","parameterCategory":2,"parameterCategoryName":"UnknownDiscipline_0_Category_2","parameterNumber":3,"parameterNumberName":"UnknownParameter_D0_C2_3","parameterUnit":"Unknown","genProcessType":2,"genProcessTypeName":"Forecast","forecastTime":60,"surface1Type":103,"surface1TypeName":"Specified height level above ground","surface1Value":10.0,"surface2Type":255,"surface2TypeName":"Missing","surface2Value":0.0,"gridDefinitionTemplate":0,"gridDefinitionTemplateName":"Latitude_Longitude","numberPoints":615,"shape":6,"shapeName":"Earth spherical with radius of 6,371,229.0 m","gridUnits":"degrees","resolution":48,"winds":"true","scanMode":64,"nx":41,"ny":15,"basicAngle":0,"lo1":47.0,"la1":41.0,"lo2":87.0,"la2":55.0,"dx":1.0,"dy":1.0}, "data":
[rows 0 to 14 of 15, columns 0 to 40 of 41]
-1.1886939,-1.4286939,0.33130616,-6.2386937,-0.15869385,-0.28869385,0.12130615,-0.43869385,-0.11869385,0.6913062,-0.95869386,-0.32869384,-1.1586938,-1.8886938,-2.0886939,-1.8886938,-0.95869386,-2.0886939,-2.1686938,-1.0586939,-1.3686938,-1.9186939,1.0613061,-1.5686939,-0.42869386,-0.5586938,-0.98869383,1.6613061,0.64130616,3.6713061,0.67130613,0.09130615,0.9413062,-0.8786938,1.2213062,1.1413062,-0.36869386,0.59130615,-0.078693844,2.731306,2.3013062
1.6613061,-0.71869385,-4.888694,0.54130614,1.7613062,1.0413061,-0.47869384,0.6813061,-0.97869384,-1.3186939,-1.6586938,-1.9086938,-1.9186939,-1.7686938,-2.6986938,-0.30869386,0.26130617,-1.7386938,-2.6386938,-3.298694,-3.518694,-2.6886938,-0.60869384,1.6213062,0.72130615,1.3213061,-0.71869385,1.7213062,1.0013062,2.751306,3.201306,5.481306,1.7313062,1.7813061,-0.30869386,-1.1386938,0.011306153,-1.3686938,-0.49869385,-1.5786939,1.2813061
-1.5286938,-4.0686936,-1.5186938,-1.2986939,3.0613062,1.6413062,1.9913062,0.6313062,0.6813061,-0.42869386,-1.5786939,-0.60869384,-0.90869385,-0.9986938,-1.6286938,-0.91869384,-0.5686939,-0.25869384,-1.6786939,-3.478694,-3.9286938,-1.7886939,-1.6686939,-0.6286938,-0.24869385,0.30130616,1.2113061,1.0413061,-0.35869384,-0.17869385,2.011306,0.31130615,0.9313061,0.30130616,-0.108693846,1.7313062,4.851306,0.44130614,1.1413062,0.11130615,1.1513062
-1.3186939,-0.5086939,1.6013062,0.84130615,2.3513062,3.8813062,3.5313063,3.2913063,2.8013062,1.6813061,0.12130615,-1.1986939,-1.6286938,0.35130614,-0.57869387,-0.72869384,-0.95869386,-1.9686939,-3.0786939,-3.488694,-3.5686939,-1.3386939,-1.0186938,-1.1486938,-2.3686938,-1.9786938,-1.3686938,0.33130616,1.2313062,0.6213062,-0.71869385,-4.458694,0.65130615,1.2113061,-0.16869384,-0.9386938,-0.96869385,1.9013062,1.7513062,0.51130617,0.26130617
-0.7586939,-0.21869385,2.4013062,3.1513062,3.251306,3.701306,4.851306,6.171306,3.2813063,2.1213062,0.9913061,-0.40869385,-0.03869385,-0.8786938,-1.8086939,-1.6486938,-1.9386939,-2.268694,-2.1286938,-3.278694,-2.508694,-2.518694,-3.228694,-2.768694,-2.5986938,-1.9686939,-2.4086938,-2.258694,-0.03869385,0.8813062,2.8213062,2.2913063,0.27130616,0.09130615,-0.8086938,-2.048694,0.9913061,-2.2086937,-0.96869385,-0.19869384,-0.9386938
-1.2786938,-1.8886938,-2.4386938,2.201306,4.5113063,5.481306,4.091306,4.0113063,3.021306,1.8413062,0.16130616,0.46130615,-0.97869384,-1.5386939,-2.0786939,-1.8986938,-1.3286939,-2.038694,-2.8386939,-3.288694,-4.5886936,-3.8986938,-3.8886938,-3.2186937,-0.27869385,-0.6186938,-3.6786938,-6.368694,-4.8186936,-3.238694,-2.1986938,0.14130615,3.6013062,-0.31869385,-0.26869383,5.251306,2.6213062,3.521306,0.89130616,-0.37869385,-1.4786938
-1.1586938,0.76130617,-0.048693847,-0.35869384,2.701306,3.6713061,3.5913062,3.8013062,2.721306,2.4113061,1.5913062,1.3613062,0.43130615,-1.7086939,-2.1086938,-1.8686938,-1.5486939,-1.0186938,-1.3486938,-2.6286938,-5.018694,-5.208694,-5.078694,-3.998694,-0.92869383,-1.2486938,-3.5886939,-3.9386938,-5.2986937,-5.288694,-6.4886937,-7.3386936,-5.788694,-1.4286939,-0.8686938,-1.8986938,-2.7086937,-0.25869384,1.2813061,-1.0286938,0.73130614
1.2913061,1.9913062,2.0413063,1.8813062,2.741306,3.1113062,3.221306,3.0713062,2.6813061,2.001306,2.3913062,2.5813062,1.0713061,-0.40869385,-1.5886939,-2.028694,0.101306155,-0.6986939,-0.48869383,-0.76869386,-3.7086937,-4.638694,-5.128694,-4.788694,-3.748694,-1.0286938,-2.1886938,-3.978694,-3.9086938,-5.428694,-5.788694,-5.828694,-5.2186937,-4.8186936,-0.44869384,-0.53869385,-1.3586938,-0.028693847,-1.3786938,0.15130615,-2.3186939
1.5913062,2.211306,1.9813062,2.8413062,3.9313061,4.1813064,3.691306,4.021306,3.1713061,3.3713062,2.8013062,2.1613061,1.5013062,0.34130615,0.13130616,-1.6886939,-0.108693846,0.36130616,0.061306152,-0.52869385,-0.77869385,-3.1286938,-3.8986938,-4.098694,-3.5686939,-3.1986938,-2.0786939,-2.4086938,-2.0786939,-2.3886938,-4.138694,-5.188694,-4.098694,-4.128694,-2.018694,-0.6186938,-2.998694,-1.0086938,0.46130615,-0.008693848,-2.258694
2.3713062,1.7613062,2.6113062,3.981306,3.8513062,3.5713062,4.041306,3.741306,3.8213062,5.101306,4.421306,3.5613062,3.521306,2.741306,1.6113062,0.21130615,1.3613062,1.0413061,1.1613061,0.8113062,0.09130615,0.05130615,-1.2786938,-2.008694,-2.498694,-2.028694,-2.3986938,-1.7286938,-2.4286938,-3.018694,-2.298694,-2.3786938,-4.288694,-4.498694,-2.1686938,-1.1186938,0.18130615,-2.3286939,-0.9386938,2.021306,3.1513062
0.9313061,1.5913062,2.6513062,2.471306,3.8113062,3.991306,4.861306,5.191306,4.311306,2.8613062,3.3613062,3.3613062,3.5413063,3.8313062,2.961306,2.201306,1.7713062,2.471306,2.3013062,2.2913063,1.7213062,1.5413061,0.58130616,-0.11869385,-0.91869384,-1.1886939,-1.3086939,-2.1386938,-1.7686938,-1.7186939,-2.8686938,-2.988694,-3.478694,-3.3286939,-3.288694,-1.0786939,-0.15869385,1.8813062,1.0013062,1.3513062,-0.31869385
1.1613061,1.4613061,1.6413062,3.1713061,3.1513062,2.961306,2.0413063,2.521306,2.221306,1.6513062,1.5113062,2.1413062,2.8313062,3.271306,3.221306,3.201306,3.0813062,2.1813061,2.5413063,2.971306,2.7813063,2.2813063,1.4913062,0.9313061,0.35130614,-0.008693848,-0.03869385,-0.20869385,-0.89869386,-1.6686939,-2.238694,-2.288694,-2.0986938,-2.538694,-2.3986938,-3.0686939,-2.058694,0.101306155,1.1513062,1.2513062,0.5613062
-0.97869384,1.2813061,2.5313063,2.1313062,2.3513062,1.3613062,1.5813061,3.0313063,2.6113062,1.8513062,0.9313061,2.0513062,2.8013062,2.8613062,3.191306,3.0813062,2.8213062,3.0613062,2.3613062,2.6313062,3.1613061,2.971306,2.1213062,2.1313062,1.5213062,1.9113061,1.5913062,0.83130616,0.27130616,-0.30869386,-0.85869384,-1.1086938,-1.6186938,-1.6486938,-1.6886939,-1.5786939,-2.1786938,-1.4486939,-1.6486938,-1.1886939,-0.59869385
-1.5586939,-2.048694,0.9913061,3.021306,2.211306,2.8113062,2.7813063,3.201306,2.8913062,3.201306,2.471306,0.7513062,0.59130615,2.6413062,3.1013062,3.521306,3.501306,3.451306,3.1713061,2.711306,2.5613062,2.5313063,2.241306,1.7613062,1.4513061,2.2813063,2.5313063,2.3313062,2.0513062,1.7413062,1.2213062,0.7513062,0.44130614,-0.06869385,-0.53869385,-0.82869387,-0.84869385,-1.0686939,-0.9386938,-0.47869384,-0.40869385
-0.54869384,-2.748694,-3.258694,2.0613062,3.3713062,3.1713061,3.3213062,2.6313062,3.1513062,2.961306,1.4613061,2.201306,2.511306,0.61130613,2.3713062,3.1513062,3.471306,3.3613062,3.451306,3.1513062,3.0413063,2.941306,2.6113062,2.201306,2.0513062,2.3513062,2.8813062,3.0713062,2.7813063,2.701306,2.1213062,2.3913062,1.7513062,1.3513062,1.3013061,0.77130616,1.0013062,1.3413062,1.1813061,0.96130615,0.34130615
