wind_kz.json
{"header": {"discipline":0,"disciplineName":"Meteorological products","gribEdition":2,"gribLength":1025,"center":7,"centerName":"US National Weather Service - NCEP(WMC)","subcenter":0,"refTime":"2024-01-31T12:00:00.000Z","significanceOfRT":1,"significanceOfRTName":"Start of forecast","productStatus":0,"productStatusName":"Operational products","productType":1,"productTypeName":"Forecast products","productDefinitionTemplate":0,"productDefinitionTemplateName":"Analysis/forecast at horizontal level/layer at a point in time","parameterCategory":2,"parameterCategoryName":"UnknownDiscipline_0_Category_2","parameterNumber":3,"parameterNumberName":"UnknownParameter_D0_C2_3","parameterUnit":"Unknown","genProcessType":2,"genProcessTypeName":"Forecast","forecastTime":60,"surface1Type":103,"surface1TypeName":"Specified height level above ground","surface1Value":10.0,"surface2Type":255,"surface2TypeName":"Missing","surface2Value":0.0,"gridDefinitionTemplate":0,"gridDefinitionTemplateName":"Latitude_Longitude","numberPoints":615,"shape":6,"shapeName":"Earth spherical with radius of 6,371,229.0 m","gridUnits":"degrees","resolution":48,"winds":"true","scanMode":64,"nx":41,"ny":15,"basicAngle":0,"lo1":47.0,"la1":41.0,"lo2":87.0,"la2":55.0,"dx":1.0,"dy":1.0}, "data":
[rows 0 to 14 of 15, columns 0 to 40 of 41]
-1.7073779,-3.167378,-0.03737793,-4.567378,-5.377378,-4.837378,-3.937378,-1.7273779,-1.3273779,-2.457378,-3.5073779,-2.3073778,-2.227378,-2.2773778,-2.347378,-1.897378,-2.2573779,-2.147378,-3.0373778,-0.60737795,1.6826221,-0.35737792,-0.79737794,-2.2573779,-0.49737793,-2.5173779,-2.387378,0.32262206,3.432622,4.402622,-2.0473778,-3.0273778,2.122622,-1.3673779,-0.0073779295,-0.03737793,-0.59737796,0.25262207,0.09262207,0.03262207,0.83262205
4.852622,-1.147378,-3.7873778,-4.517378,-4.8873777,-3.9973779,-2.607378,0.30262208,-0.36737794,-1.5773779,-1.4873779,-2.5173779,-2.197378,-2.877378,-3.457378,-1.657378,0.20262207,-2.077378,-1.147378,-0.38737792,-1.7473779,-3.087378,-0.36737794,1.872622,-2.477378,-2.5373778,-4.1573777,1.6726221,1.0026221,1.5026221,7.192622,6.682622,-0.33737794,-1.4873779,-4.667378,-2.697378,-1.9373779,-2.347378,-1.417378,-0.18737793,1.4226221
-0.16737793,-3.487378,-4.9273777,-5.337378,-4.487378,-2.927378,-0.72737795,0.7226221,1.6926221,0.50262207,-1.047378,-0.5173779,-0.55737793,-0.85737795,-1.4773779,-2.0373778,-1.3373779,0.0126220705,0.49262208,-1.007378,-2.627378,-3.3073778,-2.0573778,-0.7573779,0.8526221,2.542622,0.8026221,0.5626221,-0.01737793,3.822622,5.8826222,2.9826221,3.332622,-2.127378,-0.22737794,1.7926221,5.312622,-0.28737792,0.6626221,-1.017378,0.6726221
-1.7073779,-1.0873779,-3.187378,-4.327378,-3.0173779,-0.02737793,0.40262207,1.8026221,2.562622,2.882622,1.9226221,0.8026221,1.612622,1.2926221,-1.2073779,0.11262207,0.32262206,0.26262206,-0.11737793,-1.377378,-3.187378,-1.157378,3.1926222,0.7926221,-0.31737792,-0.61737794,0.77262205,-1.9973779,4.852622,5.252622,2.812622,-0.14737792,-0.67737794,-0.35737792,-1.4273779,-3.817378,-2.0273778,3.082622,3.012622,2.512622,1.6926221
0.46262208,0.69262207,1.2826221,0.0126220705,0.20262207,0.29262206,0.8626221,2.172622,4.172622,3.922622,3.4826221,2.902622,3.402622,3.7426221,2.852622,1.6926221,2.182622,1.5326221,0.57262206,-0.65737796,-0.097377926,0.40262207,0.37262207,-0.24737793,0.06262207,-0.8173779,0.20262207,-0.60737795,1.3826221,0.38262206,-1.507378,0.9926221,3.2426221,4.1126223,-1.4473779,-1.5573779,-0.03737793,-1.147378,-1.5873779,-0.47737792,0.76262206
0.50262207,0.83262205,1.4226221,2.022622,1.8026221,1.852622,1.8026221,2.342622,3.9426222,4.412622,3.302622,3.272622,2.422622,4.622622,3.582622,3.362622,3.2126222,2.682622,1.9426221,1.862622,1.212622,2.352622,3.342622,2.182622,1.582622,0.6626221,0.37262207,0.32262206,1.0126221,0.59262204,-0.10737793,0.6126221,0.33262208,-0.48737794,2.522622,3.2226222,4.022622,2.292622,0.14262207,-1.767378,-0.18737793
0.96262205,0.5326221,1.5626221,2.2426221,2.582622,2.7126222,3.062622,2.9926221,3.382622,3.892622,4.532622,3.6926222,3.892622,3.0026221,2.622622,4.292622,4.732622,3.312622,4.542622,3.672622,3.092622,3.322622,4.452622,4.3426223,3.102622,2.282622,0.17262207,1.0726221,-0.7573779,1.242622,0.7826221,-0.29737794,-1.877378,1.1526221,-1.1073779,-1.5673779,-2.977378,0.33262208,0.04262207,-0.6273779,-0.72737795
1.732622,1.982622,1.8926221,2.632622,2.612622,3.2226222,3.782622,4.372622,4.522622,3.842622,4.692622,4.922622,4.242622,4.502622,3.7026222,4.732622,5.662622,5.442622,6.192622,6.372622,5.0726223,5.302622,4.942622,6.372622,6.472622,4.872622,6.282622,3.782622,2.4426222,1.1426221,0.9926221,1.8126221,0.22262207,1.492622,2.092622,0.95262206,-0.44737792,0.88262206,-1.167378,1.0526221,0.8626221
1.8126221,2.392622,1.6526221,1.972622,2.822622,3.6926222,4.422622,4.8826222,4.1126223,3.9626222,3.382622,4.1326222,3.272622,3.682622,3.682622,5.242622,5.432622,5.8426223,7.202622,8.242622,7.672622,7.942622,8.652622,8.572622,8.652622,8.192622,5.722622,7.722622,6.6126223,3.642622,5.432622,6.722622,7.692622,6.172622,4.042622,3.052622,-1.797378,1.7726221,2.032622,1.7826221,-0.34737793
2.932622,2.612622,1.842622,2.022622,3.1926222,3.7026222,4.872622,6.012622,5.672622,5.732622,4.942622,3.882622,2.9626222,2.4626222,3.612622,3.7026222,4.8826222,5.262622,6.102622,6.622622,7.432622,6.742622,7.412622,7.8826222,8.132622,7.952622,7.442622,7.692622,7.212622,6.522622,6.3826222,6.3426223,7.392622,6.642622,5.212622,2.812622,1.492622,-0.08737793,2.572622,4.652622,3.802622
3.422622,2.802622,1.862622,1.5426221,2.332622,4.412622,4.952622,5.312622,5.812622,5.432622,5.602622,4.582622,3.9526222,3.4626222,2.4926221,2.642622,3.052622,4.3426223,4.782622,4.982622,5.562622,5.172622,5.212622,6.432622,6.032622,6.422622,6.202622,6.402622,6.3226223,3.9526222,5.5726223,3.922622,4.602622,5.412622,6.432622,5.492622,4.932622,3.042622,2.2226222,1.592622,-0.07737793
2.9526222,3.072622,2.322622,1.5226221,1.2626221,4.0726223,4.5726223,4.972622,4.972622,4.6326222,4.212622,3.5026221,3.2326221,2.672622,2.292622,2.4726222,2.532622,2.872622,3.592622,3.4626222,3.772622,2.4626222,2.012622,2.762622,3.872622,3.592622,4.152622,4.8626223,4.122622,4.262622,3.842622,4.312622,3.662622,4.552622,4.3826222,4.692622,4.142622,1.8126221,0.69262207,0.31262207,-0.03737793
1.622622,1.832622,1.6626221,1.352622,1.4226221,2.7226222,3.7526221,5.462622,5.182622,4.352622,2.682622,1.9326221,2.412622,2.432622,2.322622,1.8226221,1.872622,2.4926221,2.112622,2.522622,3.652622,3.322622,2.532622,2.412622,2.842622,2.812622,2.622622,2.7026222,3.062622,3.1926222,3.7526221,4.372622,4.542622,4.292622,4.202622,4.5726223,3.852622,2.142622,1.962622,1.7626221,1.0326221
0.8026221,1.242622,0.13262206,1.0626221,0.24262208,2.652622,4.562622,5.1126223,4.582622,4.762622,2.112622,0.23262207,0.8626221,1.0026221,2.022622,2.342622,2.102622,2.302622,1.6926221,1.7526221,1.492622,1.982622,2.162622,1.6426221,1.352622,1.582622,1.352622,1.9326221,2.122622,2.7126222,2.892622,3.4926221,4.602622,5.332622,4.392622,5.122622,3.842622,3.1926222,2.282622,3.122622,2.7426221
0.96262205,0.57262206,-0.08737793,0.84262204,0.71262205,1.092622,3.102622,4.252622,4.522622,4.532622,2.4926221,1.8126221,1.4326221,1.1726221,3.292622,2.532622,2.7326221,2.122622,1.2626221,2.052622,1.9026221,1.9026221,1.6426221,1.8126221,1.5426221,1.4126221,1.7726221,1.992622,2.2526221,2.4526222,3.2426221,4.482622,4.472622,5.042622,5.3426223,4.972622,4.852622,5.152622,2.522622,4.8226223,1.3226221
