wind_kz.json
{"header": {"discipline":0,"disciplineName":"Meteorological products","gribEdition":2,"gribLength":1025,"center":7,"centerName":"US National Weather Service - NCEP(WMC)","subcenter":0,"refTime":"2023-09-07T06:00:00.000Z","significanceOfRT":1,"significanceOfRTName":"Start of forecast","productStatus":0,"productStatusName":"Operational products","productType":1,"productTypeName":"Forecast products","productDefinitionTemplate":0,"productDefinitionTemplateName":"Analysis/forecast at horizontal level/layer at a point in time","parameterCategory":2,"parameterCategoryName":"UnknownDiscipline_0_Category_2","parameterNumber":2,"parameterNumberName":"UnknownParameter_D0_C2_2","parameterUnit":"Unknown","genProcessType":2,"genProcessTypeName":"Forecast","forecastTime":300,"surface1Type":103,"surface1TypeName":"Specified height level above ground","surface1Value":10.0,"surface2Type":255,"surface2TypeName":"Missing","surface2Value":0.0,"gridDefinitionTemplate":0,"gridDefinitionTemplateName":"Latitude_Longitude","numberPoints":615,"shape":6,"shapeName":"Earth spherical with radius of 6,371,229.0 m","gridUnits":"degrees","resolution":48,"winds":"true","scanMode":64,"nx":41,"ny":15,"basicAngle":0,"lo1":47.0,"la1":41.0,"lo2":87.0,"la2":55.0,"dx":1.0,"dy":1.0}, "data":
[rows 0 to 14 of 15, columns 0 to 40 of 41]
-1.5769141,-0.61691403,1.6830859,-0.36691406,-1.5769141,-1.386914,-8.696914,-10.756914,-9.906914,-6.786914,-5.8469143,-5.546914,-4.516914,-4.006914,-3.446914,-2.7369142,-1.6669141,-0.48691407,-2.366914,-2.7569141,-1.876914,-0.53691405,-0.12691407,-0.7469141,2.143086,-2.426914,-2.126914,1.5930859,-2.5069141,1.263086,0.70308596,1.5830859,2.043086,1.993086,4.6330857,1.273086,-3.9869142,-3.666914,-4.566914,-3.2569141,-4.296914
2.173086,1.0830859,-5.826914,-5.8869143,-2.796914,-2.4669142,-9.346914,-10.156914,-7.936914,-8.086914,-7.396914,-5.856914,-3.7169142,-2.596914,-1.4569141,-1.8069141,-0.53691405,-1.0269141,-1.396914,-3.2669141,-1.626914,1.7130859,1.143086,-1.6969141,1.1730859,0.43308595,-0.9969141,0.91308594,-0.8869141,0.8030859,0.9430859,-0.39691406,0.7530859,-0.9369141,0.14308594,-0.05691406,-0.52691406,-1.2069141,0.22308594,0.84308594,-5.746914
0.51308596,-4.166914,-5.536914,-4.256914,-2.386914,-9.6069145,-9.716914,-7.036914,-9.186914,-7.686914,-5.706914,-4.426914,-2.196914,-1.246914,0.063085936,0.9930859,-1.8069141,-2.2669141,-2.936914,-2.646914,-1.7969141,0.6830859,-4.126914,-3.356914,2.2730858,0.90308595,2.813086,2.5230858,-0.8769141,0.49308595,0.21308593,0.26308593,-0.026914062,-0.12691407,-0.5569141,-0.32691407,-0.8069141,0.18308593,-0.6969141,0.36308593,-0.32691407
-2.626914,-3.916914,-4.606914,-4.046914,-7.766914,-8.966914,-6.786914,-7.436914,-7.916914,-7.046914,-5.286914,-3.566914,-3.106914,-4.706914,-3.4669142,-4.756914,-3.876914,-2.856914,-1.9269141,-1.1769141,-0.22691406,-0.84691405,2.5030859,-0.6369141,0.08308594,0.88308597,0.12308594,-2.9769142,0.70308596,2.673086,-0.35691407,-1.1869141,1.643086,-0.71691406,-0.72691405,-2.2369142,-0.44691408,1.0630859,0.65308595,0.6830859,-1.9269141
-1.8069141,-2.5069141,-3.606914,-5.176914,-6.946914,-7.436914,-7.976914,-6.486914,-8.006914,-5.966914,-3.916914,-2.916914,-4.496914,-4.226914,-3.866914,-2.896914,-2.2269142,-0.38691407,0.9230859,2.313086,2.403086,0.40308595,-0.54691404,0.34308594,2.2530859,0.77308595,-1.996914,-0.61691403,-1.8069141,-1.396914,-2.906914,-2.426914,-1.9169141,1.4330859,1.503086,1.743086,0.36308593,-2.586914,-2.806914,-2.7169142,-2.566914
-3.376914,-3.146914,-4.986914,-8.286914,-10.876914,-10.296914,-8.126914,-6.896914,-5.186914,-3.836914,-2.696914,-1.4469141,-1.766914,-3.7569141,-3.4969141,-1.886914,-1.0669141,-1.376914,-1.486914,-3.7269142,-2.2169142,-1.5369141,-0.13691406,2.183086,2.913086,-3.796914,-1.746914,-1.7869141,-1.376914,-1.896914,1.233086,0.23308593,0.9330859,1.733086,0.95308596,2.7230859,0.103085935,-1.876914,-0.86691403,-1.246914,-1.9469141
-4.436914,-4.976914,-6.966914,-8.226914,-8.016914,-6.746914,-6.3669143,-5.216914,-5.256914,-4.176914,-3.7269142,-3.926914,-3.876914,-2.906914,-2.196914,-1.0269141,-1.8369141,-3.126914,-2.596914,-5.8469143,-5.656914,-5.086914,-5.276914,-5.576914,-3.2669141,-3.596914,-4.8869143,-5.3869143,-4.786914,-6.3869143,-6.296914,-5.1369143,-1.5569141,-2.156914,-0.19691406,-2.176914,-1.346914,3.413086,-1.6669141,1.3030859,0.73308593
-4.666914,-4.836914,-5.446914,-5.466914,-6.296914,-5.216914,-4.526914,-4.496914,-3.2469141,-3.186914,-3.606914,-3.606914,-3.5069141,-3.066914,-2.046914,-2.386914,-2.826914,-3.176914,-4.536914,-4.426914,-4.396914,-5.056914,-4.426914,-4.776914,-4.426914,-3.0169141,-3.806914,-5.406914,-3.646914,-2.9769142,-5.206914,-3.286914,-2.036914,-0.8769141,0.013085937,2.383086,1.5830859,-4.736914,-5.356914,-4.316914,-2.576914
-3.796914,-3.536914,-4.286914,-4.6169143,-4.166914,-3.816914,-3.926914,-3.2269142,-3.4969141,-3.356914,-3.7569141,-3.2369142,-3.2169142,-3.2369142,-3.036914,-2.896914,-3.166914,-2.9769142,-2.806914,-2.686914,-3.326914,-3.116914,-3.336914,-2.7469141,-4.416914,-3.786914,-4.526914,-3.536914,-2.196914,-1.4569141,-3.176914,-1.386914,1.3330859,2.2830858,1.253086,1.4630859,-1.236914,-2.606914,-1.8369141,-0.29691407,-1.3069141
-3.576914,-3.326914,-3.196914,-3.176914,-3.356914,-3.396914,-3.2469141,-3.796914,-3.676914,-3.346914,-3.4769142,-3.2769141,-3.136914,-3.0269141,-3.566914,-3.136914,-2.346914,-3.5269141,-2.9969141,-2.796914,-3.186914,-2.806914,-2.926914,-1.896914,-2.2369142,-2.086914,-2.7469141,-1.726914,-2.2769141,-0.64691406,1.023086,2.0330858,1.623086,1.0530859,0.96308595,1.5730859,-0.91691405,-0.26691407,-2.566914,-0.09691406,0.023085937
-2.2769141,-2.086914,-2.5069141,-2.566914,-2.796914,-3.656914,-3.4669142,-3.696914,-3.876914,-3.5269141,-2.386914,-2.2369142,-3.5069141,-3.2569141,-2.336914,-3.336914,-3.136914,-2.5069141,-2.916914,-1.9069141,-1.856914,-2.186914,-2.046914,-1.876914,-1.966914,-1.9369141,-1.266914,0.15308593,1.283086,2.213086,2.303086,2.053086,0.023085937,0.33308592,-0.39691406,0.88308597,-1.616914,-0.92691404,-0.70691407,0.95308596,-1.2869141
-2.106914,-2.356914,-1.966914,-2.586914,-3.106914,-3.446914,-2.816914,-2.5069141,-1.756914,-2.2769141,-2.316914,-1.346914,-2.206914,-2.806914,-1.886914,-2.416914,-2.656914,-2.4769142,-1.9469141,-1.876914,-3.0069141,-1.9269141,-1.3069141,-1.2769141,-0.26691407,-0.42691407,0.36308593,1.5930859,1.0730859,0.59308594,1.133086,0.18308593,-0.12691407,-0.72691405,-0.53691405,-1.506914,-2.406914,-1.3069141,-0.5669141,-0.39691406,-0.5669141
-1.4469141,-1.4569141,-1.616914,-1.736914,-1.7069141,-1.7969141,-1.8269141,-1.606914,-1.386914,-1.846914,-1.0569141,-0.64691406,-0.78691405,-0.53691405,-0.36691406,-0.83691406,-1.256914,0.13308594,-0.34691405,-2.136914,-2.386914,-1.846914,-0.37691405,-0.016914062,0.63308597,-0.65691406,1.3430859,1.0430859,0.103085935,0.53308594,-0.54691404,-1.6569141,-1.5469141,-1.886914,-1.4069141,-1.9569141,-1.8169141,-1.5569141,-3.0069141,-1.756914,-1.9069141
-1.496914,-1.2069141,-0.6869141,-1.616914,-1.5569141,-1.736914,-1.116914,-1.9069141,-0.76691407,-0.89691406,-1.386914,-1.1969141,1.483086,0.97308594,1.123086,0.28308594,0.09308594,0.16308594,-1.976914,-0.83691406,-0.5069141,-0.35691407,-0.45691407,0.24308594,0.52308595,-1.1869141,-0.59691405,-1.116914,-0.77691406,-0.9969141,-1.0269141,-1.516914,-1.396914,-1.8269141,-1.366914,-1.986914,-2.156914,-1.9369141,-1.886914,-1.106914,-0.6369141
-0.98691404,-0.8869141,-1.606914,-1.346914,-1.126914,-1.466914,-0.83691406,-1.0869141,-0.7469141,-1.256914,-1.646914,-0.8169141,-0.38691407,0.8730859,1.253086,0.98308593,0.97308594,0.73308593,-0.23691407,0.053085938,1.013086,0.043085936,-0.49691406,-0.41691408,-0.70691407,-0.77691406,-0.6869141,-1.8269141,-1.2769141,-1.0869141,-1.366914,-1.9569141,-1.746914,-2.0169141,-2.2169142,-2.286914,-2.386914,-2.346914,-1.356914,-2.446914,-1.1769141
