wind_kz.json
{"header": {"discipline":0,"disciplineName":"Meteorological products","gribEdition":2,"gribLength":871,"center":7,"centerName":"US National Weather Service - NCEP(WMC)","subcenter":0,"refTime":"2023-09-10T12:00:00.000Z","significanceOfRT":1,"significanceOfRTName":"Start of forecast","productStatus":0,"productStatusName":"Operational products","productType":1,"productTypeName":"Forecast products","productDefinitionTemplate":0,"productDefinitionTemplateName":"Analysis/forecast at horizontal level/layer at a point in time","parameterCategory":0,"parameterCategoryName":"UnknownDiscipline_0_Category_0","parameterNumber":0,"parameterNumberName":"UnknownParameter_D0_C0_0","parameterUnit":"Unknown","genProcessType":2,"genProcessTypeName":"Forecast","forecastTime":60,"surface1Type":1,"surface1TypeName":"Ground or water surface","surface1Value":0.0,"surface2Type":255,"surface2TypeName":"Missing","surface2Value":0.0,"gridDefinitionTemplate":0,"gridDefinitionTemplateName":"Latitude_Longitude","numberPoints":615,"shape":6,"shapeName":"Earth spherical with radius of 6,371,229.0 m","gridUnits":"degrees","resolution":48,"winds":"true","scanMode":64,"nx":41,"ny":15,"basicAngle":0,"lo1":47.0,"la1":41.0,"lo2":87.0,"la2":55.0,"dx":1.0,"dy":1.0}, "data":
[rows 0 to 14 of 15, columns 0 to 40 of 41]
289.5408,283.3408,286.5408,298.1408,297.8408,296.6408,294.1408,295.0408,292.6408,292.4408,291.1408,292.5408,291.9408,291.74078,290.9408,289.24078,288.9408,289.74078,289.1408,289.5408,290.4408,286.1408,286.74078,284.8408,287.0408,289.3408,287.3408,275.5408,274.24078,274.24078,275.0408,277.24078,287.5408,292.4408,293.0408,293.24078,293.8408,293.3408,293.74078,293.4408,293.9408
272.24078,285.3408,297.3408,297.5408,297.3408,295.5408,292.6408,291.8408,291.5408,291.0408,291.3408,289.8408,289.24078,288.1408,288.9408,289.0408,288.1408,286.5408,286.3408,286.6408,289.9408,287.74078,286.8408,281.4408,272.9408,273.24078,282.4408,275.6408,275.0408,272.4408,279.0408,271.6408,278.5408,257.8408,275.8408,291.0408,290.5408,293.8408,295.5408,287.3408,284.0408
288.3408,296.8408,297.6408,297.24078,295.1408,291.24078,292.4408,292.5408,291.4408,293.0408,292.6408,290.8408,289.8408,288.0408,288.8408,285.0408,283.9408,283.1408,283.5408,284.6408,288.0408,286.6408,285.9408,281.24078,284.74078,283.24078,284.74078,283.74078,282.8408,276.74078,273.3408,273.9408,281.9408,283.74078,281.6408,281.1408,278.1408,280.24078,281.1408,275.9408,276.5408
288.9408,296.24078,297.1408,296.1408,293.5408,292.4408,292.24078,289.4408,290.3408,289.6408,291.0408,288.1408,293.6408,292.9408,286.8408,286.3408,286.0408,283.8408,284.24078,283.8408,283.24078,280.0408,286.1408,286.1408,286.3408,287.0408,287.74078,284.6408,285.3408,286.6408,287.4408,285.4408,292.0408,291.74078,290.9408,287.24078,279.74078,276.1408,280.74078,289.0408,290.8408
290.9408,294.24078,295.5408,294.0408,292.3408,290.74078,291.1408,291.0408,290.24078,289.6408,288.8408,287.8408,292.8408,291.5408,289.8408,287.24078,286.74078,286.1408,283.8408,286.3408,286.4408,286.4408,284.5408,285.24078,285.4408,286.3408,285.1408,287.8408,285.0408,285.1408,289.8408,289.4408,280.0408,273.24078,281.3408,289.5408,291.74078,293.5408,292.9408,292.74078,293.6408
289.24078,288.5408,293.5408,292.8408,293.6408,292.5408,289.6408,290.6408,290.1408,288.24078,288.74078,288.3408,291.6408,292.74078,290.5408,286.74078,288.5408,287.4408,287.5408,288.24078,286.0408,285.3408,284.8408,283.8408,283.4408,282.74078,284.0408,291.0408,286.8408,287.6408,286.5408,288.3408,286.74078,287.1408,284.0408,287.74078,279.9408,280.74078,288.8408,292.0408,290.8408
288.24078,284.74078,288.1408,289.1408,290.0408,288.1408,288.4408,287.5408,288.0408,288.0408,286.24078,285.8408,285.8408,288.1408,285.5408,286.24078,285.74078,286.0408,285.24078,284.4408,284.3408,284.74078,283.9408,284.0408,282.9408,283.0408,282.24078,284.24078,284.4408,285.0408,285.0408,285.0408,285.8408,286.9408,284.9408,284.0408,279.5408,276.5408,274.3408,276.0408,286.5408
288.1408,284.9408,285.24078,287.3408,289.1408,288.24078,287.1408,286.74078,284.9408,285.6408,285.74078,285.3408,287.6408,285.4408,284.3408,284.74078,286.0408,287.24078,286.8408,285.74078,285.24078,285.24078,286.1408,285.8408,283.24078,281.4408,280.9408,281.6408,280.9408,283.5408,282.8408,284.1408,283.9408,283.4408,286.1408,282.74078,285.1408,289.24078,283.9408,285.1408,281.74078
286.3408,283.6408,288.1408,284.5408,287.4408,286.5408,285.4408,284.24078,283.3408,283.4408,283.4408,282.4408,281.0408,282.6408,285.0408,286.3408,285.0408,285.24078,284.74078,284.24078,282.74078,282.6408,283.0408,283.24078,282.1408,283.1408,282.0408,282.3408,282.1408,281.5408,282.6408,282.6408,283.8408,284.9408,285.9408,283.8408,279.74078,282.9408,275.3408,271.1408,268.74078
286.9408,287.4408,285.0408,287.3408,284.1408,283.74078,283.3408,281.9408,281.4408,284.6408,284.3408,283.4408,282.74078,284.24078,282.4408,281.4408,281.6408,281.24078,281.3408,280.9408,279.74078,279.24078,281.9408,282.1408,282.0408,281.3408,281.5408,281.8408,282.5408,282.8408,283.6408,286.1408,288.3408,287.8408,285.74078,284.24078,282.9408,279.5408,272.5408,276.6408,271.4408
284.1408,284.5408,282.0408,282.8408,283.74078,282.1408,285.24078,285.24078,284.3408,283.3408,282.74078,282.6408,283.3408,282.9408,281.6408,279.6408,279.74078,280.3408,280.4408,279.9408,282.4408,281.4408,281.4408,282.1408,281.9408,281.74078,280.74078,282.5408,283.3408,285.1408,286.24078,287.9408,288.9408,287.5408,286.9408,283.5408,278.74078,276.6408,275.24078,275.9408,274.24078
282.8408,284.74078,284.74078,284.74078,284.5408,284.74078,281.3408,282.8408,282.24078,282.1408,281.24078,281.74078,282.5408,282.24078,279.74078,279.24078,279.4408,282.0408,280.6408,281.8408,281.3408,280.3408,281.6408,282.0408,282.1408,282.9408,283.0408,284.3408,284.5408,285.3408,284.9408,285.4408,285.9408,283.1408,284.9408,287.4408,286.1408,281.8408,282.24078,280.1408,280.0408
283.3408,283.6408,283.8408,283.5408,283.8408,283.5408,283.0408,279.3408,277.0408,278.0408,278.9408,280.1408,282.24078,281.8408,281.6408,282.1408,282.0408,282.5408,281.4408,281.74078,281.6408,280.1408,281.3408,281.3408,282.1408,283.1408,284.0408,283.74078,284.5408,284.4408,284.1408,285.1408,284.1408,282.24078,282.24078,284.0408,284.5408,282.24078,281.3408,280.4408,282.0408
281.74078,284.0408,286.6408,285.5408,284.5408,284.8408,280.6408,283.4408,280.4408,278.74078,277.6408,276.5408,276.6408,278.24078,279.1408,280.3408,282.9408,283.1408,280.9408,282.9408,283.24078,282.8408,283.5408,283.3408,283.3408,283.24078,283.0408,283.3408,283.24078,283.1408,283.1408,283.3408,281.9408,281.1408,281.3408,279.8408,280.74078,280.1408,279.3408,279.4408,279.0408
282.24078,285.0408,288.9408,283.8408,282.3408,280.8408,281.4408,280.4408,280.1408,279.8408,279.5408,276.4408,276.9408,277.74078,281.74078,283.1408,279.74078,282.74078,280.4408,283.1408,283.4408,283.0408,282.9408,282.74078,283.0408,283.0408,282.5408,282.4408,282.6408,282.74078,283.24078,283.5408,282.5408,281.5408,281.5408,279.24078,279.5408,279.24078,278.8408,279.5408,280.24078
