wind.json
{"header": {"discipline":0,"disciplineName":"Meteorological products","gribEdition":2,"gribLength":1211,"center":7,"centerName":"US National Weather Service - NCEP(WMC)","subcenter":0,"refTime":"2023-05-30T12:00:00.000Z","significanceOfRT":1,"significanceOfRTName":"Start of forecast","productStatus":0,"productStatusName":"Operational products","productType":1,"productTypeName":"Forecast products","productDefinitionTemplate":0,"productDefinitionTemplateName":"Analysis/forecast at horizontal level/layer at a point in time","parameterCategory":2,"parameterCategoryName":"UnknownDiscipline_0_Category_2","parameterNumber":2,"parameterNumberName":"UnknownParameter_D0_C2_2","parameterUnit":"Unknown","genProcessType":2,"genProcessTypeName":"Forecast","forecastTime":300,"surface1Type":103,"surface1TypeName":"Specified height level above ground","surface1Value":10.0,"surface2Type":255,"surface2TypeName":"Missing","surface2Value":0.0,"gridDefinitionTemplate":0,"gridDefinitionTemplateName":"Latitude_Longitude","numberPoints":688,"shape":6,"shapeName":"Earth spherical with radius of 6,371,229.0 m","gridUnits":"degrees","resolution":48,"winds":"true","scanMode":64,"nx":43,"ny":16,"basicAngle":0,"lo1":45.0,"la1":40.0,"lo2":87.0,"la2":55.0,"dx":1.0,"dy":1.0}, "data":
[rows 0 to 15 of 16, columns 0 to 42 of 43]
-2.8735955,2.3064044,2.5964043,-1.2535956,0.59640443,-3.1935956,-1.2835956,-0.22359557,0.21640442,-3.5935955,-5.5035954,-7.7035956,-7.0335956,-7.2135954,-6.4535956,-4.1635957,-3.2135956,-2.4035957,-1.7735956,-2.9335957,-2.5035956,-2.4235957,-2.6935956,0.6764044,2.1364045,-1.8735956,-0.003595581,-0.20359558,-0.003595581,0.9364044,2.3364043,1.0664045,-2.1435957,-0.5235956,-7.0835958,-4.9935956,-2.6835957,-1.3835956,-1.8035955,-3.8035955,-4.3535957,-5.563596,-7.1335955
2.0864043,2.5664043,0.9464044,-0.8035956,0.34640443,-3.5235956,-2.1935956,1.2864044,0.78640443,-2.1735957,-8.903596,-7.6635957,-6.3035955,-6.9035954,-6.0735955,-5.2335954,-3.4235957,-3.4635956,-2.8735955,-3.3135955,-3.1235955,-1.7135956,0.17640442,1.0264044,-0.49359557,-2.3235955,0.05640442,-2.0935955,-4.1835957,-3.2135956,-0.40359557,-0.23359558,1.2864044,1.9664044,2.4564044,4.4064045,0.05640442,-2.7635956,-0.8635956,-1.3435956,-4.1235957,-3.0535955,-2.4435956
-0.43359557,-1.9035956,2.0564044,1.8464044,-2.1735957,-1.7935956,-1.2635956,0.7964044,0.7464044,-5.063596,-7.9535956,-8.433596,-6.9735956,-6.0035954,-4.7835956,-4.4935956,-2.8335955,-3.3035955,-3.0235956,-4.1235957,-4.1435957,-2.3435955,-5.6135955,-3.7535956,-1.5635955,-4.063596,-0.9435956,0.4364044,-1.0135956,-0.5635956,-2.0735955,-1.7335956,0.046404418,-0.21359558,2.7664044,-1.2835956,1.6764045,-0.03359558,0.9864044,-1.7335956,-0.21359558,0.7964044,-0.7635956
-0.48359558,-0.19359559,1.0664045,-3.1735957,-1.8835956,0.25640443,0.9364044,0.8864044,-0.103595585,-5.043596,-8.733596,-8.123595,-7.6835957,-5.313596,-5.1535954,-4.6835957,-5.1735954,-4.313596,-5.9235954,-4.6535954,-4.1735954,-2.1735957,-5.3035955,-9.523596,-8.533596,-9.193596,1.0764045,-3.5735955,0.15640442,0.34640443,-1.6435956,-0.8335956,-1.0135956,1.6664044,-0.29359558,-0.35359558,0.48640442,-0.21359558,0.48640442,1.2864044,2.6864045,3.0764043,0.9964044
2.8664045,-1.9135956,-2.6435957,-2.9235957,-1.3635956,-0.15359558,0.03640442,-0.8935956,-2.9635956,-6.3935957,-6.9535956,-6.813596,-9.943596,-4.6635957,-6.293596,-6.3935957,-5.2635956,-5.2235956,-6.3535957,-6.2435956,-6.7135954,-6.9035954,-7.8035955,-4.7535954,-3.2935956,-8.803596,-8.893596,-7.7235956,-6.3635955,-10.063596,-2.9035957,0.9864044,2.2464044,-1.7035956,-1.5935956,-2.3235955,-2.2435956,-2.0935955,-1.3435956,2.3264043,0.28640443,1.9164044,3.7864044
-0.59359556,-2.3535955,-2.1035955,-1.8435956,-2.2435956,0.8864044,0.8264044,0.2764044,-4.2135954,-6.6135955,-7.8835955,-7.3535957,-7.063596,-4.9735956,-6.6035957,-6.8835955,-6.3635955,-6.0935955,-6.8335958,-5.8735957,-5.9835954,-7.6335955,-7.9935956,-7.9635954,-8.363596,-8.253595,-8.203595,-8.253595,-8.853596,-4.3935957,-4.3935957,-4.6135955,-4.6135955,-2.2035956,-2.1035955,2.0964043,2.4464045,-0.08359558,6.4164042,0.21640442,-2.3335955,2.7064044,4.8964043
-3.0735955,-5.0735955,-2.7635956,-1.9135956,-0.5635956,0.8764044,1.9164044,-0.54359555,-5.4435954,-6.563596,-7.0135956,-6.7235956,-6.3435955,-6.2535954,-7.1135955,-7.4235954,-7.3535957,-6.6335955,-7.2835956,-5.9635954,-7.2435956,-6.9535956,-7.7335954,-7.2235956,-6.4335957,-7.0735955,-6.5835958,-7.2535954,-5.7135954,-6.3335958,-5.7635956,-4.5535955,-3.9435956,-4.273596,-2.5535955,-0.5035956,2.9564044,0.23640442,2.7864044,3.6964045,10.316403,2.0364044,-6.2235956
-2.5835955,-2.8235955,-2.9735956,-2.6635957,-2.0235956,1.3564044,2.3864045,-1.9335955,-5.6335955,-6.4735956,-6.2035956,-6.2835956,-5.6535954,-8.353596,-6.4135957,-6.4135957,-5.523596,-6.4135957,-6.0535955,-5.8535957,-6.3535957,-7.2635956,-6.3935957,-5.6635957,-5.8935957,-5.5935955,-5.9535956,-4.4935956,-4.313596,-3.8135955,-3.2735956,-2.9935956,-3.6735957,-3.0735955,-0.8135956,0.09640442,3.5464044,0.8664044,-1.4135956,0.38640442,2.0864043,-1.1835955,7.0864043
-1.6335956,-2.0135956,-2.1835957,-2.0435956,-1.4635956,-0.9435956,-0.26359558,-2.1735957,-4.2835956,-5.0335956,-5.3635955,-4.5935955,-4.7835956,-6.0035954,-5.3635955,-6.1935954,-4.7835956,-5.9935956,-4.9635954,-5.273596,-4.1235957,-6.8935957,-4.2235956,-3.9135957,-3.1335955,-3.1635957,-2.9635956,-1.8335956,-1.6535956,0.19640441,-0.60359555,-0.32359558,-0.5735956,0.78640443,-0.003595581,-1.2935956,-1.4535956,2.2364044,4.6964045,8.686404,9.146404,11.296404,4.0464044
0.31640443,-0.71359557,-1.3335956,-0.8735956,-0.4135956,0.006404419,0.5464044,-1.0235956,-1.9735956,-3.2135956,-2.3235955,-4.1035957,-5.6435957,-4.6035957,-4.543596,-5.273596,-4.6935954,-3.8735955,-4.3635955,-4.4735956,-4.1935954,-4.5835958,-4.6635957,-3.1535957,-2.6735957,-2.4235957,-1.8635956,-1.0135956,-0.11359558,0.3664044,1.2564044,2.3864045,3.8864045,3.1264045,3.2464044,3.7864044,4.3364043,3.1664045,2.9964044,0.5564044,1.3264045,0.96640444,1.0464044
2.2564044,2.1764045,1.3964044,0.12640442,0.78640443,1.3664044,1.3664044,1.3064045,-1.3535956,-2.5435956,-1.8235955,-3.8235955,-3.5935955,-4.8535957,-4.023596,-3.4235957,-4.1835957,-3.2535956,-3.5235956,-4.0335956,-3.9635956,-4.1635957,-3.7335956,-3.0735955,-2.2935956,-1.6435956,-0.7535956,0.70640445,1.5764045,2.5764043,3.4064045,4.5664043,5.8364043,7.186404,7.4164042,5.9964046,5.726404,4.4064045,1.4064044,0.8764044,2.0664043,1.5164044,1.2464044
1.5864044,2.7964044,2.5764043,2.3064044,1.7664044,1.8864044,2.7364044,1.3064045,0.5764044,-0.5035956,-0.72359556,-2.4935956,-0.5235956,-3.1135955,-2.7635956,-3.4135957,-3.2935956,-2.6235955,-3.8135955,-2.8135955,-3.9135957,-3.4135957,-2.8035955,-2.7135956,-1.3335956,-0.11359558,1.1564044,2.1964045,3.3864045,4.5564046,5.7364044,7.3564043,7.3564043,7.186404,7.1064043,5.0264044,5.7364044,3.7064044,0.58640444,0.8264044,-0.09359558,0.3764044,1.0664045
2.6264045,1.5764045,1.6164044,2.3464043,2.7064044,2.8264043,3.5364044,2.4964044,0.016404418,-0.07359558,0.08640442,-1.5535955,-2.8035955,-2.3035955,-2.0135956,-2.2635956,-2.3335955,-1.9735956,-2.7435956,-1.5135956,-2.9635956,-1.8235955,-2.2735956,-0.8035956,0.48640442,1.0764045,2.5464044,4.0064044,4.8964043,5.9064045,6.5064044,7.2164044,6.1664042,6.9464045,6.1364045,6.456404,5.1964045,5.476404,4.9864044,6.3764043,3.0764043,0.16640443,-0.6735956
2.9064045,2.3664045,1.8764044,1.7764044,2.8364043,3.3264043,3.1164045,2.0664043,0.13640442,0.64640445,-0.9235956,0.16640443,-1.4235955,-2.6735957,-0.43359557,-0.85359555,-1.8035955,-2.2435956,-1.9135956,-1.3135955,-2.1335955,-1.4235955,-1.3535956,-0.9835956,1.2964044,2.0164044,4.7464046,5.0764046,6.2164044,6.0264044,6.4464045,6.956404,6.9864044,7.4664044,7.3764043,6.4264045,6.3564043,6.1564045,5.4164042,2.7364044,4.4964046,2.3564043,1.3564044
3.5164044,1.2264044,1.8464044,1.8564044,2.5964043,2.4764044,1.9364045,-0.49359557,-1.5535955,-0.90359557,0.6964044,-0.8735956,-2.3335955,-2.7535956,-0.97359556,0.34640443,-2.3635955,-1.8935956,-1.9335955,-1.9635956,-1.8735956,-0.65359557,-1.0535955,-0.8035956,1.2664044,3.1364045,4.1464043,4.4864044,5.476404,6.0464044,5.8764043,6.3264046,6.6664042,6.6164045,6.6364045,6.3764043,5.456404,5.1364045,4.3364043,3.8964045,3.1264045,2.0664043,3.2564044
1.9664044,0.3764044,-0.19359559,1.1164044,-0.103595585,-1.9335955,-3.3535955,-6.1935954,-4.313596,-6.9335957,-3.7735956,-2.0235956,-2.6935956,-0.16359559,-1.7235956,-2.3035955,-5.1335955,-3.8735955,-2.2435956,-2.4635956,-0.5835956,-1.8035955,-1.4735956,-0.6335956,2.0864043,2.4464045,3.4264045,3.7864044,3.9964044,4.6564045,5.186404,5.726404,6.1964045,6.3264046,5.5464044,5.2364044,5.3964043,5.8064046,4.706404,3.7864044,1.6864045,1.6464044,1.1864045
