wind.json
{"header": {"discipline":0,"disciplineName":"Meteorological products","gribEdition":2,"gribLength":1125,"center":7,"centerName":"US National Weather Service - NCEP(WMC)","subcenter":0,"refTime":"2023-07-01T00:00:00.000Z","significanceOfRT":1,"significanceOfRTName":"Start of forecast","productStatus":0,"productStatusName":"Operational products","productType":1,"productTypeName":"Forecast products","productDefinitionTemplate":0,"productDefinitionTemplateName":"Analysis/forecast at horizontal level/layer at a point in time","parameterCategory":2,"parameterCategoryName":"UnknownDiscipline_0_Category_2","parameterNumber":3,"parameterNumberName":"UnknownParameter_D0_C2_3","parameterUnit":"Unknown","genProcessType":2,"genProcessTypeName":"Forecast","forecastTime":120,"surface1Type":103,"surface1TypeName":"Specified height level above ground","surface1Value":10.0,"surface2Type":255,"surface2TypeName":"Missing","surface2Value":0.0,"gridDefinitionTemplate":0,"gridDefinitionTemplateName":"Latitude_Longitude","numberPoints":688,"shape":6,"shapeName":"Earth spherical with radius of 6,371,229.0 m","gridUnits":"degrees","resolution":48,"winds":"true","scanMode":64,"nx":43,"ny":16,"basicAngle":0,"lo1":45.0,"la1":40.0,"lo2":87.0,"la2":55.0,"dx":1.0,"dy":1.0}, "data":
[rows 0 to 15 of 16, columns 0 to 42 of 43]
-4.361997,1.5680029,1.178003,-1.071997,-2.371997,-11.081997,-8.041997,-6.2219973,-6.261997,-3.391997,-0.56199706,-3.411997,-3.471997,-3.5519972,-4.401997,-4.4719973,-4.291997,-4.161997,-3.991997,-3.971997,-3.631997,-0.23199707,-0.5419971,1.7280029,2.348003,2.6380029,3.4080029,2.1680028,0.5780029,-1.701997,-5.381997,-2.241997,1.0680029,-0.5419971,-2.031997,-3.201997,-1.1619971,-2.8619971,-2.481997,-0.56199706,1.028003,-4.041997,-4.4519973
0.9180029,0.6480029,-0.30199707,-3.411997,0.67800295,-7.581997,-6.841997,-5.871997,-1.971997,-1.2519971,-1.091997,-1.4319971,-3.471997,-2.8019972,-3.021997,-3.501997,-3.721997,-4.371997,-4.051997,-3.8619971,-3.201997,-3.201997,-2.641997,-4.071997,0.48800293,-1.2719971,-2.501997,-1.561997,-1.1819971,2.6680028,0.50800294,-1.721997,-2.211997,-1.6419971,0.8580029,-1.1519971,-2.151997,-2.8419971,-4.531997,-2.231997,1.1380029,-3.5719972,-0.82199705
-0.9719971,-4.271997,1.3180029,1.9980029,-3.001997,-3.971997,-2.121997,-6.391997,-6.641997,-0.5319971,-0.35199708,-1.961997,-1.3019971,-2.8619971,-3.681997,-3.8019972,-5.061997,-4.511997,-3.8119972,-2.031997,-3.791997,-4.341997,-4.111997,-4.271997,-1.0119971,1.2480029,-1.5419971,-2.191997,-3.1119971,0.31800294,-0.20199707,2.558003,2.9080029,3.218003,-0.70199704,-0.5319971,-1.3819971,-2.791997,-2.471997,-5.121997,-2.911997,-3.5819972,0.33800292
3.048003,3.058003,2.718003,-0.27199706,-2.8319972,-7.191997,-7.481997,-5.351997,-4.6819973,-3.381997,-1.561997,-2.0519972,-2.721997,-2.721997,-4.071997,-4.801997,-4.791997,-4.331997,-2.3019972,-1.961997,-3.211997,-3.941997,-4.2419972,-3.3319972,-3.8419971,-1.3719971,1.3780029,0.5380029,3.338003,0.008002929,1.178003,1.928003,2.208003,0.81800294,1.1380029,-0.81199706,-0.09199707,1.658003,2.4180028,-0.16199706,0.5180029,-0.33199707,2.748003
1.3280029,1.0780029,1.268003,1.308003,-2.0719972,-4.301997,-4.9519973,-4.321997,-4.761997,-4.2219973,-3.721997,-3.271997,-2.421997,-2.5819972,-3.651997,-5.751997,-4.761997,-3.701997,-3.001997,-2.8019972,-3.691997,-3.501997,-2.921997,-3.1119971,-2.191997,-4.041997,-3.631997,0.23800293,2.238003,-0.30199707,1.798003,0.5880029,0.56800294,-0.9219971,0.7880029,-0.08199707,-0.02199707,-1.1419971,1.7180029,3.078003,1.1380029,0.55800295,0.80800295
1.438003,1.538003,0.7080029,1.0780029,1.8780029,1.168003,-0.5219971,-3.211997,-3.531997,-2.5719972,-3.481997,-4.841997,-1.5119971,-3.171997,-4.591997,-3.661997,-6.191997,-3.901997,-3.3019972,-3.711997,-4.1819973,-0.76199704,-1.711997,-2.521997,-3.041997,-3.421997,-3.541997,-3.521997,1.3280029,1.3680029,-0.8919971,0.81800294,2.378003,3.258003,2.788003,3.3880029,0.26800293,-1.2519971,-0.6419971,1.428003,1.1280029,1.298003,-3.751997
1.3480029,1.518003,-0.70199704,-0.9219971,-4.411997,-3.751997,-3.131997,-4.9919972,-3.631997,-4.591997,-3.501997,-4.271997,-4.051997,-2.8319972,-4.911997,-3.891997,-3.481997,-3.981997,-1.3819971,-2.381997,-3.981997,-2.6019971,-2.8319972,-2.721997,-3.1119971,-3.5619972,-3.0519972,-1.961997,-1.0519971,0.008002929,-0.94199705,-4.021997,-3.431997,2.9180028,4.378003,2.1980028,3.1680028,-3.481997,0.5280029,-0.5219971,-2.781997,2.458003,-4.821997
-2.441997,-2.511997,-3.201997,-3.0719972,-4.211997,-3.691997,-2.0719972,-2.001997,-3.8319972,-3.951997,-3.441997,-4.331997,-3.991997,-2.251997,-4.131997,-4.131997,-2.5719972,-3.441997,-2.8219972,-2.8319972,-4.131997,-3.241997,-4.911997,-4.791997,-4.211997,-3.791997,-4.011997,-3.451997,-4.791997,-4.411997,-4.411997,-1.1319971,-2.6019971,-2.6019971,-5.601997,0.07800293,2.1480029,-0.5819971,-1.571997,0.47800294,-0.19199707,0.37800294,-3.791997
-3.121997,-2.951997,-1.711997,-1.981997,-2.501997,-3.5519972,-3.691997,-4.7219973,-4.261997,-3.211997,-2.0719972,-3.681997,-2.701997,-1.0019971,-4.111997,-2.681997,-4.341997,-2.671997,-4.291997,-3.5519972,-2.881997,-1.821997,-3.261997,-4.041997,-4.041997,-3.241997,-3.0619972,-2.041997,-2.421997,-3.261997,-3.371997,-4.061997,-3.371997,-3.6019971,-4.511997,-3.8619971,-0.42199707,0.81800294,-0.08199707,0.79800296,-0.19199707,-0.23199707,-1.6519971
-3.791997,-3.181997,-1.721997,-2.001997,-2.701997,-4.091997,-3.161997,-4.141997,-3.041997,-3.0919971,-3.761997,-3.411997,-2.931997,-1.841997,-3.0819972,-3.701997,-2.631997,-2.441997,-3.0619972,-2.371997,-2.941997,-3.231997,-1.481997,-2.621997,-3.041997,-3.181997,-3.131997,-2.761997,-1.441997,-1.4219971,-1.3719971,-2.3019972,-3.5519972,-5.9919972,-3.3419971,-2.921997,-0.6019971,-1.0219971,-0.7919971,0.07800293,2.6780028,1.1380029,-0.33199707
-2.381997,-3.261997,-2.391997,-2.1019971,-1.701997,-3.161997,-3.291997,-3.3419971,-3.291997,-4.081997,-3.5819972,-3.161997,-2.711997,-1.321997,-2.641997,-2.6019971,-4.511997,-3.891997,-3.271997,-3.261997,-2.471997,-1.0119971,-1.6519971,-2.451997,-1.6819971,-2.3619971,-2.981997,-3.3619971,-2.981997,-1.8619971,-3.0619972,-2.121997,-0.16199706,-3.181997,-1.4919971,-0.81199706,-1.3719971,-0.23199707,0.61800295,-2.3019972,-0.9719971,1.778003,2.068003
-1.951997,-3.3119972,-1.7619971,-1.451997,-1.6219971,-1.5219971,-2.3419971,-2.791997,-2.971997,-3.401997,-3.5619972,-2.241997,-1.8619971,-1.4019971,-2.631997,-3.391997,-3.491997,-2.951997,-3.961997,-3.641997,-2.6119971,-3.671997,-2.0519972,-2.8619971,-3.221997,-1.691997,-2.381997,-2.941997,-2.461997,-2.671997,-5.061997,-5.191997,-3.131997,-2.3119972,-0.30199707,-0.87199706,-2.1019971,0.14800292,0.6580029,2.008003,1.058003,1.178003,0.18800293
-2.371997,-1.2519971,-1.2919971,-2.8319972,-1.561997,-1.601997,-2.041997,-2.451997,-2.721997,-3.151997,-4.071997,-2.691997,-0.6019971,-1.7719971,-2.671997,-1.221997,-2.931997,-3.451997,-2.791997,-3.471997,-2.491997,-3.6119971,-3.491997,-3.031997,-2.961997,-3.271997,-2.891997,-3.481997,-2.751997,-4.441997,-4.401997,-4.4519973,-4.081997,-4.041997,-1.561997,1.148003,0.19800293,0.92800295,0.98800296,1.8880029,1.4980029,1.7180029,1.0080029
-1.2619971,-1.311997,-1.1619971,-1.0019971,-2.021997,-1.2519971,-1.7519971,-1.1719971,-1.971997,-3.1119971,-3.711997,-2.411997,-0.9819971,-1.091997,-2.681997,-2.171997,-3.021997,-3.271997,-3.3619971,-3.691997,-2.921997,-3.1119971,-1.6619971,-2.191997,-1.7519971,-2.031997,-2.911997,-3.041997,-3.0719972,-4.4719973,-3.281997,-3.681997,-3.701997,-3.891997,-3.411997,-1.0219971,-1.3819971,-1.8719971,-1.2619971,-0.04199707,0.18800293,0.7280029,0.54800296
0.93800294,0.40800294,-0.25199708,-1.351997,-2.041997,-2.041997,-1.0219971,-0.8319971,-2.151997,-2.661997,-1.811997,-1.841997,0.06800293,-0.43199706,-1.831997,-1.7819971,-2.661997,-2.951997,-3.421997,-3.0819972,-3.431997,-3.3219972,-2.8419971,-2.711997,-3.041997,-1.821997,-0.94199705,-3.281997,-4.551997,-4.421997,-2.5719972,-1.8819971,-2.0519972,-3.621997,-2.391997,-1.3919971,-1.2919971,-1.8019971,-1.2919971,-1.2519971,-0.22199707,-0.28199708,0.50800294
1.7280029,1.168003,0.8280029,-0.19199707,-1.4319971,-0.40199706,-1.721997,0.028002929,-0.8919971,-1.591997,-1.9119971,-2.0919971,-0.9019971,-0.27199706,0.80800295,-0.57199705,-2.6019971,-3.171997,-3.201997,-3.8619971,-3.201997,-3.191997,-3.201997,-3.3319972,-3.221997,-3.6119971,-2.5519972,-2.8519971,-3.451997,-3.791997,-3.471997,-4.501997,-4.091997,-3.3519971,-2.231997,-2.031997,-1.851997,-2.521997,-1.5519971,-0.93199706,-0.74199706,-2.0619972,-1.0219971
