wind_kz.json
{"header": {"discipline":0,"disciplineName":"Meteorological products","gribEdition":2,"gribLength":1025,"center":7,"centerName":"US National Weather Service - NCEP(WMC)","subcenter":0,"refTime":"2023-08-22T18:00:00.000Z","significanceOfRT":1,"significanceOfRTName":"Start of forecast","productStatus":0,"productStatusName":"Operational products","productType":1,"productTypeName":"Forecast products","productDefinitionTemplate":0,"productDefinitionTemplateName":"Analysis/forecast at horizontal level/layer at a point in time","parameterCategory":2,"parameterCategoryName":"UnknownDiscipline_0_Category_2","parameterNumber":2,"parameterNumberName":"UnknownParameter_D0_C2_2","parameterUnit":"Unknown","genProcessType":2,"genProcessTypeName":"Forecast","forecastTime":0,"surface1Type":103,"surface1TypeName":"Specified height level above ground","surface1Value":10.0,"surface2Type":255,"surface2TypeName":"Missing","surface2Value":0.0,"gridDefinitionTemplate":0,"gridDefinitionTemplateName":"Latitude_Longitude","numberPoints":615,"shape":6,"shapeName":"Earth spherical with radius of 6,371,229.0 m","gridUnits":"degrees","resolution":48,"winds":"true","scanMode":64,"nx":41,"ny":15,"basicAngle":0,"lo1":47.0,"la1":41.0,"lo2":87.0,"la2":55.0,"dx":1.0,"dy":1.0}, "data":
[rows 0 to 14 of 15, columns 0 to 40 of 41]
-1.538064,-0.57806396,3.0719361,4.221936,3.521936,1.8719361,2.921936,4.311936,-1.398064,-0.028063964,1.281936,-2.358064,-3.108064,-0.90806395,-0.46806395,0.691936,1.161936,-0.52806395,-1.798064,-0.34806398,-1.3680639,-2.1780639,-1.678064,-1.038064,-0.84806395,-3.018064,-2.108064,-0.008063965,0.18193604,1.171936,0.931936,0.38193604,3.711936,-5.328064,-3.008064,0.32193604,-1.518064,0.66193604,-1.808064,-3.4380639,-5.108064
1.211936,3.5619361,2.601936,0.26193604,1.901936,1.811936,2.0619361,1.981936,4.441936,3.761936,4.111936,1.1419361,-1.048064,-1.798064,-2.118064,-3.4280639,-2.6680639,-3.328064,-0.78806394,0.041936036,0.19193603,-0.44806397,-2.498064,-3.148064,-1.228064,1.161936,-1.4980639,0.35193604,-3.858064,-0.64806396,-0.508064,0.22193603,0.15193604,-0.63806397,0.12193604,3.231936,-0.14806396,0.77193606,-1.218064,0.17193604,-5.498064
2.161936,5.661936,1.051936,1.671936,1.8919361,2.161936,2.881936,4.821936,5.031936,2.701936,2.001936,-0.15806396,-2.778064,-2.6680639,-3.898064,-1.2380639,0.11193603,3.471936,4.361936,3.111936,2.981936,3.171936,0.35193604,-0.53806394,-2.088064,1.801936,0.83193606,-1.548064,-3.758064,-0.36806396,-1.218064,2.041936,0.15193604,0.27193603,0.571936,-1.768064,1.4919361,-0.76806396,5.531936,3.711936,-0.27806395
-0.71806395,1.951936,2.451936,2.041936,1.161936,1.781936,5.091936,6.141936,7.141936,2.921936,0.571936,-1.1280639,-2.038064,-1.438064,-1.478064,-0.44806397,2.011936,1.1219361,0.61193603,2.291936,2.901936,0.85193604,2.401936,-1.218064,-0.28806397,-1.958064,-4.368064,-1.278064,1.3619361,0.31193602,1.081936,1.451936,2.701936,-0.52806395,-2.4480639,-1.568064,-1.3580639,0.741936,1.581936,1.791936,0.761936
1.051936,0.741936,2.381936,2.851936,3.941936,3.761936,2.691936,1.1419361,-1.1080639,-1.268064,-5.058064,0.30193603,2.271936,1.311936,2.271936,2.5719361,3.0719361,2.5519361,2.361936,0.26193604,2.0719361,2.121936,-3.528064,-1.8680639,0.46193603,-3.4380639,-3.218064,1.651936,-1.7480639,-1.588064,-3.318064,-1.768064,-2.068064,1.191936,3.291936,3.8219361,1.921936,4.721936,3.681936,1.701936,-1.438064
0.46193603,1.911936,3.8219361,4.9319363,7.911936,4.011936,3.751936,4.351936,2.721936,3.5819361,-0.41806397,-2.478064,-2.728064,3.101936,2.891936,3.611936,3.701936,0.31193602,0.751936,-0.69806397,-2.858064,-2.9380639,-2.408064,-0.868064,-4.288064,-3.708064,-0.118063964,-2.868064,-2.728064,-2.848064,-2.618064,-2.638064,-1.6280639,-0.88806397,-0.29806396,-1.898064,0.051936034,2.421936,1.351936,-3.018064,-3.968064
2.931936,2.911936,4.101936,6.131936,5.501936,5.721936,1.431936,2.031936,4.501936,0.051936034,-2.128064,2.881936,1.6119361,3.0519361,5.211936,5.411936,4.491936,2.931936,1.971936,1.161936,0.571936,1.971936,-0.22806397,-1.278064,-0.90806395,0.16193603,1.671936,2.631936,-2.968064,-2.778064,-3.908064,-3.998064,-3.008064,-0.46806395,-1.228064,-2.148064,-0.758064,1.451936,0.18193604,0.08193603,5.161936
2.841936,1.8819361,1.5019361,2.271936,2.981936,8.221936,2.951936,-1.468064,-1.968064,5.441936,-1.948064,3.8119361,2.881936,4.561936,4.031936,5.101936,-1.1380639,-1.578064,1.781936,1.541936,0.43193603,0.24193603,-1.948064,-2.538064,-1.278064,-0.17806396,-0.47806397,-1.808064,-1.018064,-1.4880639,1.1219361,-2.498064,-4.368064,-0.108063966,-5.378064,1.781936,0.45193604,1.0119361,4.021936,4.281936,-1.158064
-0.43806398,0.991936,0.14193603,1.3719361,3.701936,0.90193605,2.681936,1.441936,1.441936,1.591936,-0.36806396,-1.2380639,4.091936,4.281936,7.621936,8.481936,2.531936,1.471936,-2.758064,0.27193603,-1.3680639,-2.868064,-2.228064,-1.6380639,0.32193604,1.8919361,-0.628064,-1.018064,0.98193604,-0.34806398,-0.938064,-0.95806396,0.83193606,0.751936,-0.39806396,-0.688064,2.921936,-0.36806396,-1.448064,1.441936,-0.928064
0.29193604,2.231936,0.78193605,1.7519361,2.8119361,3.961936,2.041936,1.571936,3.041936,2.701936,2.771936,1.6219361,2.171936,4.861936,2.0519361,0.17193604,0.77193606,1.3619361,-2.808064,4.231936,2.211936,-0.88806397,-3.258064,-3.558064,-2.6980639,-1.148064,-0.09806397,2.771936,1.161936,1.1219361,0.13193603,0.931936,3.3019361,3.471936,-0.44806397,2.241936,-0.89806396,0.571936,-2.068064,0.92193604,0.40193602
-0.678064,-0.49806395,1.091936,2.891936,1.851936,4.041936,3.531936,3.631936,3.341936,2.421936,1.421936,3.271936,-0.72806394,4.651936,12.261936,3.961936,0.33193603,1.1319361,0.561936,-2.048064,2.0519361,-2.138064,-3.1980639,-3.808064,-2.1680639,-0.44806397,-1.278064,-2.358064,-2.298064,2.911936,3.661936,1.521936,1.211936,0.39193603,3.131936,-0.18806396,-1.418064,0.681936,-1.348064,1.331936,-0.928064
0.54193604,1.401936,1.921936,1.181936,1.951936,0.941936,1.2519361,-1.558064,0.701936,-1.3780639,-0.22806397,1.961936,-0.24806397,7.041936,0.26193604,-2.298064,-2.6880639,3.431936,-0.36806396,-2.118064,-2.048064,-2.208064,-2.9380639,-2.1680639,0.041936036,-1.4880639,-2.4380639,-2.088064,-0.31806397,-1.818064,1.681936,3.8319361,2.881936,0.34193602,0.511936,-1.728064,-1.708064,-0.868064,-0.018063964,-0.21806397,-0.49806395
2.521936,1.651936,2.531936,1.651936,0.761936,0.021936035,-1.838064,-2.738064,-2.978064,0.61193603,0.80193603,0.28193605,0.621936,-0.738064,-1.288064,-0.20806396,0.67193604,-1.1380639,-1.928064,-2.588064,-2.6880639,-1.6380639,-0.59806395,-0.82806396,-1.068064,-2.118064,-0.70806396,0.46193603,1.2519361,1.771936,0.91193604,2.211936,3.611936,1.401936,-0.27806395,-1.058064,-1.3880639,-1.1180639,-0.018063964,0.30193603,-0.88806397
0.53193605,0.53193605,-0.47806397,0.23193604,0.67193604,1.041936,0.0019360351,-1.658064,0.32193604,0.871936,-0.758064,-0.24806397,-1.4980639,-1.678064,-2.898064,-2.788064,-2.618064,-3.408064,-2.148064,-3.4380639,-2.4180639,-2.618064,-1.318064,0.021936035,0.79193604,0.66193604,1.091936,0.19193603,-1.058064,-0.36806396,0.61193603,0.77193606,2.5519361,0.47193605,-2.048064,-0.818064,-1.148064,-0.628064,-0.97806394,-0.47806397,0.35193604
1.451936,3.641936,3.651936,1.421936,1.301936,0.15193604,0.61193603,0.15193604,0.53193605,-0.41806397,-0.28806397,-1.058064,0.61193603,-0.36806396,0.011936035,-1.168064,-1.808064,-1.548064,-2.868064,-3.1780639,-3.1680639,-1.8680639,-1.778064,-0.35806397,1.671936,-1.298064,-1.8880639,-1.338064,0.11193603,0.681936,1.6419361,2.431936,3.241936,1.7519361,-1.1280639,-1.058064,-1.038064,-0.868064,-0.988064,-0.928064,-1.048064
