wind_kz.json
{"header": {"discipline":0,"disciplineName":"Meteorological products","gribEdition":2,"gribLength":871,"center":7,"centerName":"US National Weather Service - NCEP(WMC)","subcenter":0,"refTime":"2023-10-02T18:00:00.000Z","significanceOfRT":1,"significanceOfRTName":"Start of forecast","productStatus":0,"productStatusName":"Operational products","productType":1,"productTypeName":"Forecast products","productDefinitionTemplate":0,"productDefinitionTemplateName":"Analysis/forecast at horizontal level/layer at a point in time","parameterCategory":0,"parameterCategoryName":"UnknownDiscipline_0_Category_0","parameterNumber":0,"parameterNumberName":"UnknownParameter_D0_C0_0","parameterUnit":"Unknown","genProcessType":2,"genProcessTypeName":"Forecast","forecastTime":300,"surface1Type":1,"surface1TypeName":"Ground or water surface","surface1Value":0.0,"surface2Type":255,"surface2TypeName":"Missing","surface2Value":0.0,"gridDefinitionTemplate":0,"gridDefinitionTemplateName":"Latitude_Longitude","numberPoints":615,"shape":6,"shapeName":"Earth spherical with radius of 6,371,229.0 m","gridUnits":"degrees","resolution":48,"winds":"true","scanMode":64,"nx":41,"ny":15,"basicAngle":0,"lo1":47.0,"la1":41.0,"lo2":87.0,"la2":55.0,"dx":1.0,"dy":1.0}, "data":
[rows 0 to 14 of 15, columns 0 to 40 of 41]
291.24976,283.74976,287.84976,292.54974,292.34976,290.94977,291.64975,297.54974,293.94977,298.64975,296.34976,298.34976,298.04974,297.04974,297.84976,300.24976,298.94977,302.44977,306.84976,305.24976,309.44977,308.94977,307.24976,305.04974,301.24976,304.24976,300.14975,288.74976,291.04974,284.04974,277.64975,275.74976,294.64975,300.94977,299.14975,299.14975,302.74976,302.54974,302.24976,304.34976,305.44977
273.24976,288.44977,291.94977,291.94977,292.04974,290.34976,293.84976,292.84976,292.04974,292.14975,294.44977,296.74976,298.64975,298.64975,301.64975,301.44977,303.64975,304.24976,305.84976,308.94977,308.84976,304.04974,303.14975,293.44977,275.44977,284.64975,296.74976,290.24976,292.84976,285.54974,291.14975,278.74976,286.54974,262.54974,280.74976,297.04974,297.64975,299.54974,304.04974,295.14975,283.94977
290.24976,291.54974,291.84976,291.54974,289.84976,295.04974,293.54974,294.44977,294.24976,294.04974,294.94977,296.34976,298.44977,297.74976,297.44977,301.14975,302.14975,303.74976,303.14975,302.64975,304.94977,300.44977,294.24976,294.64975,292.64975,291.04974,293.24976,295.24976,295.94977,289.34976,282.24976,286.54974,285.04974,286.94977,284.94977,284.34976,278.44977,285.14975,277.54974,276.94977,273.14975
293.64975,290.54974,291.54974,290.84976,289.74976,292.14975,292.44977,296.34976,295.74976,296.04974,295.44977,294.54974,288.54974,287.94977,294.44977,297.74976,297.04974,300.54974,303.24976,304.34976,299.84976,293.64975,288.34976,287.84976,292.54974,291.54974,292.64975,289.34976,290.64975,291.04974,291.14975,287.84976,294.14975,297.04974,298.54974,286.74976,274.74976,268.34976,272.64975,281.94977,285.94977
292.24976,290.14975,290.54974,289.94977,290.14975,293.84976,293.94977,295.24976,293.64975,292.54974,293.94977,294.44977,287.34976,286.14975,284.84976,294.24976,294.14975,293.54974,293.64975,291.14975,291.44977,291.94977,292.04974,293.14975,292.24976,292.44977,289.44977,289.44977,289.44977,290.24976,289.74976,288.34976,274.44977,270.74976,283.24976,293.34976,295.24976,296.74976,297.44977,295.64975,293.04974
288.14975,291.74976,288.34976,288.84976,289.24976,288.44977,294.64975,291.54974,292.34976,292.54974,291.44977,291.84976,287.74976,286.94977,290.14975,291.94977,291.04974,292.34976,291.04974,291.44977,292.34976,291.54974,290.64975,290.34976,290.84976,289.54974,290.84976,284.24976,288.04974,288.54974,289.64975,288.94977,288.94977,289.54974,285.04974,290.04974,273.94977,279.64975,296.84976,289.24976,289.54974
285.74976,289.44977,292.24976,286.84976,288.74976,294.34976,292.64975,290.94977,290.44977,289.54974,291.64975,290.34976,290.54974,290.64975,289.94977,289.94977,291.84976,291.84976,293.04974,291.94977,291.44977,291.54974,289.94977,289.44977,286.64975,287.54974,289.44977,290.14975,290.14975,290.44977,289.44977,287.74976,287.14975,289.24976,288.94977,287.74976,276.94977,279.74976,272.84976,273.54974,285.24976
289.14975,283.64975,287.74976,286.04974,285.54974,290.44977,290.74976,290.84976,290.34976,289.84976,290.04974,289.14975,289.74976,289.44977,291.04974,291.24976,290.74976,291.44977,291.04974,290.54974,289.64975,290.94977,290.44977,289.74976,288.04974,287.24976,288.44977,288.24976,288.04974,288.84976,285.94977,283.24976,278.94977,272.44977,274.94977,285.74976,288.64975,283.84976,288.64975,286.74976,285.44977
288.74976,283.14975,283.64975,285.34976,283.54974,288.84976,289.14975,287.94977,288.14975,288.74976,288.34976,289.14975,288.24976,290.14975,289.74976,291.44977,290.84976,291.64975,290.24976,290.64975,289.04974,288.94977,289.74976,288.54974,287.14975,287.94977,289.14975,287.14975,286.64975,286.04974,285.34976,273.94977,273.24976,273.54974,275.84976,273.64975,285.74976,283.74976,273.44977,273.24976,273.24976
286.34976,284.74976,282.54974,283.74976,282.94977,286.84976,287.44977,286.94977,286.84976,287.84976,286.74976,286.84976,288.64975,288.64975,288.24976,289.24976,289.74976,291.04974,291.34976,290.44977,289.14975,288.84976,288.74976,288.64975,288.84976,287.84976,285.64975,287.34976,285.64975,280.04974,283.74976,286.34976,286.64975,284.84976,277.34976,274.64975,274.34976,274.14975,275.04974,274.84976,272.94977
284.04974,283.54974,282.04974,281.44977,281.64975,283.74976,285.34976,286.54974,286.54974,285.94977,285.34976,285.64975,287.44977,286.74976,287.44977,288.64975,287.74976,289.24976,290.14975,288.54974,289.04974,289.34976,287.84976,287.94977,286.94977,287.34976,288.64975,290.14975,289.24976,291.14975,288.74976,287.34976,285.94977,285.34976,283.54974,280.04974,274.24976,274.94977,273.44977,274.24976,274.94977
280.14975,282.04974,282.64975,280.54974,279.74976,283.44977,282.74976,283.64975,284.34976,284.24976,283.74976,282.34976,284.94977,285.44977,286.14975,287.04974,287.74976,288.04974,288.14975,288.24976,288.24976,288.14975,286.74976,286.34976,285.74976,286.24976,287.94977,290.84976,290.04974,290.74976,285.24976,287.74976,284.24976,286.84976,284.54974,283.04974,282.44977,281.64975,278.84976,275.94977,275.84976
279.04974,280.54974,281.04974,281.34976,280.14975,283.34976,280.54974,282.84976,282.14975,283.74976,280.74976,280.94977,282.14975,282.64975,285.24976,286.94977,286.94977,286.94977,287.54974,287.14975,286.54974,286.74976,286.24976,285.34976,286.74976,285.94977,287.84976,289.64975,289.14975,289.14975,288.84976,286.74976,282.84976,285.34976,285.64975,285.34976,286.04974,284.94977,284.34976,283.24976,281.94977
278.54974,280.44977,282.04974,280.14975,278.44977,279.14975,281.74976,280.54974,282.54974,282.14975,280.14975,278.84976,280.94977,282.74976,283.84976,284.54974,285.34976,285.14975,285.44977,286.34976,286.44977,286.24976,286.84976,285.64975,286.04974,285.94977,285.84976,285.94977,287.34976,287.54974,287.24976,286.94977,287.14975,283.84976,279.74976,282.34976,283.24976,283.74976,284.24976,283.54974,284.14975
278.74976,279.24976,283.34976,280.04974,279.34976,277.84976,280.04974,282.44977,281.64975,281.94977,280.94977,281.34976,281.44977,280.34976,282.64975,283.24976,283.34976,283.74976,285.04974,284.84976,285.24976,285.84976,286.14975,285.64975,285.04974,284.84976,285.34976,285.24976,285.04974,286.94977,285.84976,284.54974,285.34976,285.94977,286.54974,283.94977,281.44977,280.84976,282.44977,283.14975,283.14975
