wind_kz.json
{"header": {"discipline":0,"disciplineName":"Meteorological products","gribEdition":2,"gribLength":1025,"center":7,"centerName":"US National Weather Service - NCEP(WMC)","subcenter":0,"refTime":"2023-09-28T06:00:00.000Z","significanceOfRT":1,"significanceOfRTName":"Start of forecast","productStatus":0,"productStatusName":"Operational products","productType":1,"productTypeName":"Forecast products","productDefinitionTemplate":0,"productDefinitionTemplateName":"Analysis/forecast at horizontal level/layer at a point in time","parameterCategory":2,"parameterCategoryName":"UnknownDiscipline_0_Category_2","parameterNumber":3,"parameterNumberName":"UnknownParameter_D0_C2_3","parameterUnit":"Unknown","genProcessType":2,"genProcessTypeName":"Forecast","forecastTime":120,"surface1Type":103,"surface1TypeName":"Specified height level above ground","surface1Value":10.0,"surface2Type":255,"surface2TypeName":"Missing","surface2Value":0.0,"gridDefinitionTemplate":0,"gridDefinitionTemplateName":"Latitude_Longitude","numberPoints":615,"shape":6,"shapeName":"Earth spherical with radius of 6,371,229.0 m","gridUnits":"degrees","resolution":48,"winds":"true","scanMode":64,"nx":41,"ny":15,"basicAngle":0,"lo1":47.0,"la1":41.0,"lo2":87.0,"la2":55.0,"dx":1.0,"dy":1.0}, "data":
[rows 0 to 14 of 15, columns 0 to 40 of 41]
-2.9833124,1.8266876,-2.7333124,-4.8633122,2.8666875,0.32668763,0.82668763,0.87668765,-0.19331238,-0.38331237,-1.8833123,-1.8533124,-1.8433124,-2.2033124,-2.0033123,-1.8333124,0.23668762,-0.56331235,-1.8533124,-0.6933124,-0.3033124,-0.04331238,0.6466876,1.6866876,2.9566877,3.6966877,0.37668762,1.2366877,1.6566876,6.7066875,2.9066877,3.1866877,0.07668762,0.15668762,0.7366876,-0.81331235,1.5466876,1.9966877,1.0666876,2.1366875,1.0866876
0.62668765,-2.7933123,-6.963312,3.9166877,3.0566876,0.57668763,0.5366876,1.4866877,0.22668763,-0.5833124,-0.47331238,-1.2333124,-0.7233124,-0.5833124,-2.2833123,-1.5333123,-0.32331237,-0.86331236,-1.6733124,-2.5133123,-2.3933125,-1.9833124,-1.4233124,2.4966877,4.7666874,4.4666877,3.8166876,3.3466876,0.34668761,4.6266875,-0.013312378,4.8166876,3.1166875,3.1966877,2.9966877,3.0466876,2.9966877,2.5766876,1.4866877,2.2366877,-0.5233124
-2.9333124,-6.403312,2.0166876,3.7166877,2.9166877,2.4066877,1.9566876,0.69668764,0.94668764,-0.48331237,-1.3033124,-0.12331238,-0.093312375,-0.39331236,-1.6433123,-2.1733124,-2.0733123,-2.2133124,-2.7133124,-3.2333124,-3.4833124,-2.8833125,-1.1633124,0.30668762,-1.3533124,-2.9733124,-2.4333124,-2.4933124,-0.42331237,-2.3833125,2.1166875,-0.3033124,-3.0733123,0.5366876,0.35668764,-1.1933124,3.5366876,3.2366877,0.026687622,3.2866876,3.0966876
-2.0133123,-1.5533124,5.1866875,5.2666874,3.7566876,3.8666875,3.4266877,1.2866876,0.8466876,0.4166876,-0.033312377,-0.29331237,-0.5233124,-1.2433124,-1.2433124,-2.1433125,-2.3533125,-2.0833123,-1.8633124,-1.5733124,-1.5433124,0.21668762,-3.2633123,-1.2733123,0.37668762,-0.6433124,0.4166876,-2.7633123,-0.3333124,-2.0533123,-4.2333126,1.0966877,-0.81331235,1.0266876,0.116687626,-0.19331238,3.3766875,1.8166876,-3.2733123,-2.3333123,-1.4633124
-3.1833124,-3.3433123,5.2466874,4.6866875,4.536688,5.096688,3.8066876,2.7066877,2.0966876,0.75668764,1.0666876,0.56668764,-1.0533124,-1.9933124,-2.4833124,-2.7333124,-2.8433123,-2.3433123,-2.7633123,-1.3433124,0.2566876,-0.07331238,-0.5933124,0.5866876,0.75668764,0.88668764,1.4066876,4.4866877,-0.12331238,-3.1733124,-3.6533124,-0.8833124,-1.4133124,2.0966876,-0.9133124,-1.1633124,4.4066877,-0.6333124,-2.8333123,-2.5533123,-1.3133124
-1.5333123,-2.9933124,-1.8633124,4.9266877,6.6866875,7.0866876,6.0866876,4.6766877,3.0166876,1.8866876,0.9266876,-0.9133124,-1.2733123,-2.2833123,-2.2233124,-3.9533124,-2.9633124,-3.3533125,-4.0233126,-2.5233123,1.2866876,1.4566876,0.42668763,1.5966877,0.76668763,0.4766876,-0.8433124,-3.2233124,0.82668763,-1.0033123,0.21668762,-2.6833124,-2.7533123,-0.61331236,-1.2533123,11.566687,-2.0433123,5.6266875,-0.5433124,-1.7233124,-2.4233124
-0.9133124,-1.4033123,-1.2733123,-1.0333123,7.846688,8.656688,7.9566875,6.1766877,4.096688,2.9766877,1.5866876,-0.38331237,-1.9433124,-2.7233124,-3.0233123,-4.653312,-2.7833123,-4.0533123,-4.2733126,-2.5433123,-1.0133123,1.0866876,1.3166876,1.2066876,1.2666876,-0.21331237,-1.0133123,-0.67331237,-0.08331238,-1.3033124,-0.36331236,0.13668762,-1.7033124,1.5166876,2.8066876,3.2366877,3.3766875,0.32668763,2.8366876,2.8066876,1.0466876
-0.45331237,-1.2933124,-0.47331238,-0.48331237,3.5266876,7.5666876,9.046688,7.3166876,5.5266876,4.536688,2.2766876,0.9266876,-1.3833123,-2.5133123,-3.4133124,-4.1833124,-2.9633124,-3.1633124,-2.5933123,-1.9133124,-2.0933123,-0.6033124,1.1966876,1.7666876,1.7766876,1.3566877,1.1966876,0.3166876,-0.48331237,-2.1133125,-2.6933124,-2.5333123,1.4666877,-4.9333124,0.19668762,0.19668762,-1.0733124,0.82668763,-0.7233124,0.99668765,0.87668765
0.7766876,0.39668763,-0.5233124,-1.8933123,1.5366876,5.8766875,8.596687,7.2166877,5.8566875,4.9466877,3.1966877,1.6766876,-0.42331237,-1.5333123,-2.6633124,-3.5333123,-3.3933125,-2.3533125,-2.5133123,-1.9933124,-1.2033124,-2.0733123,-0.8233124,0.2866876,-0.8333124,0.22668763,0.6066876,0.27668762,-0.17331238,-0.81331235,-2.2233124,-3.9733124,-2.8733125,-2.6533124,-1.6333123,2.2666876,1.0366876,-1.8233124,1.8266876,1.1066877,-0.4333124
0.36668763,1.0566876,0.15668762,-1.3233124,-0.67331237,3.9366877,6.4966874,6.7766876,5.556688,5.0166874,4.6666875,2.8866875,1.2766876,0.06668762,-0.31331238,-0.81331235,-1.9633124,-2.5433123,-1.7033124,-0.86331236,-0.7133124,-1.0433124,-0.7233124,-0.6633124,-0.48331237,0.26668763,0.22668763,0.74668765,0.17668763,-0.8533124,-1.3433124,-2.8933125,-2.9633124,-2.2833123,-1.8233124,-0.48331237,0.8566876,2.0666876,-0.23331238,0.036687624,1.8266876
-0.23331238,-0.37331238,0.45668763,-1.2533123,-0.31331238,3.2666876,6.2766876,6.7966876,4.4966874,5.306688,6.0066876,3.8066876,3.5066876,1.8966876,1.4666877,0.46668762,-0.10331238,-1.5033123,-0.6433124,-0.37331238,0.086687624,0.42668763,0.36668763,0.39668763,0.4166876,0.7066876,0.7066876,0.20668763,-0.62331235,-0.75331235,-1.6833124,-2.3133123,-3.3033123,-2.7633123,-2.4033124,-1.4533124,0.3166876,0.04668762,1.2466877,1.0166876,1.2266877
-3.4733124,-1.2933124,-1.6933124,-0.08331238,0.8466876,1.7766876,3.8366876,5.7466874,3.3166876,4.6366878,3.9266877,4.036688,4.2466874,3.7566876,2.8366876,1.8866876,2.0066876,1.5766876,0.8466876,0.99668765,1.4066876,1.3666877,1.4866877,1.0666876,0.9866876,0.8066876,1.0866876,0.88668764,0.57668763,0.04668762,-0.8333124,-1.6433123,-2.0833123,-2.3633125,-2.0933123,-2.5633123,-2.4533124,-1.7033124,-1.4133124,-0.87331235,-0.5433124
-3.3533125,-2.2933123,-1.9333124,-2.3233123,-0.13331237,0.9666876,2.4066877,4.3766875,5.9766874,4.0066876,2.2666876,3.0466876,4.5266876,4.556688,4.1266875,3.5066876,3.1166875,2.7866876,2.8466876,2.6166875,2.6566877,2.4766877,2.1766877,2.4466877,2.5566876,2.3866875,2.1866877,1.9566876,1.2266877,0.8666876,0.23668762,-0.45331237,-0.99331236,-1.5133123,-1.7333124,-1.4533124,-1.6533123,-1.1533123,-1.2133124,-1.1033124,-0.9633124
-2.3433123,-2.9533124,-3.4233124,-2.0633123,-0.07331238,1.2166877,0.2866876,2.5266876,3.8366876,5.3366876,3.3766875,2.1266875,2.6266875,4.2066875,4.3866878,4.5666876,4.326688,4.1466875,3.8266876,3.4166877,3.4266877,2.8666875,2.6066875,2.6966877,2.7966876,3.0866876,3.0766876,2.7866876,2.3766875,2.1666877,1.8066876,1.5966877,1.4166876,1.0466876,0.6466876,0.6566876,0.30668762,0.14668763,0.15668762,0.23668762,0.43668762
-1.3733124,-2.3833125,-2.7433124,-1.8433124,-1.8433124,-1.0133123,1.5566876,3.2166877,1.5166876,3.2166877,3.3066876,4.1266875,2.6966877,2.3066876,4.1766877,4.8166876,5.4166875,5.0166874,5.076688,4.6666875,4.306688,4.1266875,3.8266876,3.6266875,3.5366876,3.6966877,3.4366877,3.3166876,3.1466875,2.9166877,2.8466876,2.8366876,1.9766877,1.9866877,1.9966877,1.5766876,2.5966876,2.2066877,1.1866876,2.1666877,1.6966876
