wind_kz.json
{"header": {"discipline":0,"disciplineName":"Meteorological products","gribEdition":2,"gribLength":1025,"center":7,"centerName":"US National Weather Service - NCEP(WMC)","subcenter":0,"refTime":"2023-09-25T12:00:00.000Z","significanceOfRT":1,"significanceOfRTName":"Start of forecast","productStatus":0,"productStatusName":"Operational products","productType":1,"productTypeName":"Forecast products","productDefinitionTemplate":0,"productDefinitionTemplateName":"Analysis/forecast at horizontal level/layer at a point in time","parameterCategory":2,"parameterCategoryName":"UnknownDiscipline_0_Category_2","parameterNumber":2,"parameterNumberName":"UnknownParameter_D0_C2_2","parameterUnit":"Unknown","genProcessType":2,"genProcessTypeName":"Forecast","forecastTime":300,"surface1Type":103,"surface1TypeName":"Specified height level above ground","surface1Value":10.0,"surface2Type":255,"surface2TypeName":"Missing","surface2Value":0.0,"gridDefinitionTemplate":0,"gridDefinitionTemplateName":"Latitude_Longitude","numberPoints":615,"shape":6,"shapeName":"Earth spherical with radius of 6,371,229.0 m","gridUnits":"degrees","resolution":48,"winds":"true","scanMode":64,"nx":41,"ny":15,"basicAngle":0,"lo1":47.0,"la1":41.0,"lo2":87.0,"la2":55.0,"dx":1.0,"dy":1.0}, "data":
[rows 0 to 14 of 15, columns 0 to 40 of 41]
1.1350878,0.5350879,1.5250878,-3.7349122,-0.09491211,-0.5249121,-4.6049123,-6.134912,-8.114912,-4.3149123,-4.634912,-4.574912,-3.574912,-4.0849123,-3.524912,-3.7149122,-3.2249122,-1.6349121,-3.554912,-3.374912,-2.9549122,-0.75491214,0.2750879,-0.14491211,-1.0749121,-1.7449121,-1.6549121,0.61508787,0.7250879,0.3350879,-0.8949121,0.9350879,1.5750879,1.1650879,-0.8149121,-1.1949121,-0.8349121,-0.9649121,-1.344912,-1.3349121,-1.1849121
2.605088,0.03508789,-4.934912,-5.3749123,-4.704912,-6.984912,-5.404912,-7.164912,-4.764912,-3.624912,-4.464912,-4.3349123,-3.854912,-3.1649122,-2.9649122,-3.054912,-2.2449121,-2.7449121,-1.2549121,-1.0049121,-1.7849121,-2.324912,-1.8149121,-1.9249121,0.9750879,1.1450878,-0.08491211,1.535088,-0.3449121,0.4550879,0.5750879,-0.9349121,0.35508788,-0.6749121,0.3050879,-0.27491212,-0.8449121,0.1450879,-1.5249121,0.28508788,-3.294912
-1.7049121,-6.534912,-6.884912,-6.0449123,-5.454912,-5.6449122,-5.074912,-2.9549122,-4.5449123,-3.644912,-3.154912,-2.7449121,-2.614912,-2.9649122,-3.124912,-3.644912,-3.634912,-1.214912,-0.3249121,1.3650879,1.0150878,-0.4749121,-1.5849121,-0.57491213,1.3750879,1.7450879,2.885088,2.595088,0.6550879,0.01508789,-0.04491211,1.9750879,-0.9849121,-0.1949121,0.8250879,1.1350878,-1.8549122,0.55508786,-1.2549121,1.7650878,1.2050879
-5.5449123,-7.194912,-7.5649123,-7.304912,-5.924912,-3.7349122,-1.5749121,-4.574912,-3.544912,-2.9449122,-2.1949122,-0.7649121,0.61508787,1.0150878,-0.6149121,-2.1849122,-1.4449121,0.3450879,1.9950879,2.475088,1.8150879,0.35508788,-0.88491213,-0.7049121,-0.7649121,-0.3449121,0.9150879,0.4350879,-0.4549121,-0.43491212,-1.6949121,-2.4549122,-2.134912,1.4550879,1.5150878,-0.5549121,-1.1349121,1.9450879,-1.0249121,-0.6249121,-2.064912
-4.194912,-6.154912,-6.474912,-7.094912,-5.404912,-4.034912,-3.2449121,-1.2649121,-0.2649121,-0.7249121,-0.8649121,0.3250879,0.11508789,3.7850878,0.6650879,-0.3849121,-0.5249121,1.3650879,2.2550879,3.425088,3.5150878,3.145088,2.0250878,1.535088,2.0650878,1.8850878,1.9650879,1.5050879,1.1350878,1.0650879,2.5750878,-0.9849121,-0.1349121,1.1050879,1.4650879,-0.6249121,-0.6149121,-0.07491211,0.4250879,0.3250879,1.0450879
-2.564912,-2.9449122,-4.164912,-4.364912,-3.364912,-2.354912,-2.7449121,-1.5449121,-1.7749121,-0.2449121,0.5650879,0.8850879,2.405088,3.395088,1.655088,2.0050879,2.0750878,0.80508786,0.9350879,2.2850878,2.945088,3.7650878,3.405088,2.425088,1.7950879,2.415088,2.9850879,3.2350879,2.645088,2.7650878,2.7550879,3.375088,0.10508789,-0.7649121,0.13508789,-1.6849121,-0.1349121,-0.8049121,-0.9249121,-4.704912,-3.4949121
-1.844912,-2.544912,-2.544912,-2.2449121,-0.5649121,0.20508789,-0.7849121,-1.7349122,0.23508789,1.9450879,2.5350878,2.725088,2.645088,2.9950879,3.975088,2.8050878,3.0750878,1.155088,0.3050879,1.405088,2.915088,4.265088,5.385088,3.5650878,1.5950879,2.465088,1.9650879,1.5650879,1.6150879,1.9350879,2.3050878,0.9350879,1.1150879,-3.804912,-3.6949122,-2.364912,-1.1649121,1.6750879,-0.82491213,0.9050879,0.7350879
-2.644912,-2.534912,-1.594912,-0.8549121,-0.3849121,-1.214912,0.9050879,1.0850879,0.8350879,0.4350879,2.2350879,2.145088,2.355088,2.665088,2.2650878,2.955088,-1.4549121,-0.02491211,0.3350879,0.6350879,1.3350879,3.0650878,5.9350877,-0.2549121,0.08508789,1.2950879,2.0350878,1.4150879,1.9550879,2.655088,1.7350879,3.455088,-2.284912,0.2650879,-1.4349121,0.0050878907,0.86508787,-1.8349121,-2.364912,-1.2249122,-0.5949121
-3.294912,-1.344912,-0.7049121,-0.7949121,0.4550879,1.3750879,2.165088,1.8050879,1.1850879,2.2550879,3.2750878,2.2950878,2.4850879,1.1650879,1.8050879,2.5050879,2.7650878,0.8450879,1.3750879,2.435088,2.105088,1.2450879,2.7550879,-0.07491211,-0.3249121,1.4650879,0.9150879,0.44508788,1.655088,1.4650879,1.9950879,1.7050879,0.9750879,0.8150879,0.025087891,-0.5649121,-1.6349121,-0.5249121,0.3650879,0.8350879,-0.20491211
-1.4449121,-0.5649121,-0.2949121,1.0750879,1.8550879,-1.3549122,1.3650879,1.5250878,1.6950879,1.8950878,2.445088,2.345088,1.8550879,2.465088,4.045088,3.4850879,2.595088,1.6950879,2.0550878,2.395088,2.895088,2.175088,0.35508788,0.4650879,1.9250879,0.5450879,-0.5449121,0.8350879,0.11508789,-0.11491211,1.0050879,1.6350878,0.80508786,-0.18491212,-1.1249121,1.535088,-1.1349121,-0.9149121,-0.5149121,0.5650879,0.6550879
-1.4949121,-0.4849121,-0.39491212,-1.0749121,-0.7349121,0.7150879,1.035088,1.6350878,1.9950879,2.3250878,2.475088,2.145088,2.095088,3.2350879,0.28508788,-1.0849121,-1.4249121,2.915088,-1.3249121,-1.5449121,0.6550879,2.395088,2.125088,3.365088,0.8450879,-1.8949121,-0.8149121,1.3150879,2.0750878,2.095088,1.9950879,1.4850879,2.0650878,0.8250879,0.4050879,3.3350878,0.10508789,-0.6549121,0.3950879,0.47508788,0.8850879
-1.5649121,-0.7849121,-0.17491211,-0.4449121,-0.2249121,-0.02491211,0.4850879,1.3950878,2.225088,1.3250879,0.10508789,2.695088,1.5950879,2.7450879,2.445088,0.5150879,1.3750879,0.03508789,0.31508788,-0.11491211,0.5250879,2.725088,0.8250879,-1.2649121,-0.43491212,-0.9749121,1.0950879,0.5250879,0.4550879,0.67508787,1.3850878,1.2350879,1.5850879,1.6950879,1.7250879,1.7350879,1.4150879,1.0150878,1.4950879,0.92508787,-0.6549121
-1.6749121,-0.7949121,-1.0549121,-1.3649122,-0.9749121,0.31508788,1.6450878,0.8150879,-1.1749121,-0.6849121,0.6850879,1.5050879,2.135088,1.5150878,0.8950879,1.155088,1.155088,1.7550879,1.3450879,0.3950879,0.92508787,1.535088,0.2950879,-0.39491212,1.1650879,0.61508787,0.12508789,-0.3749121,-1.3649122,-1.0049121,-0.3249121,0.38508788,0.2750879,-0.5149121,-0.8349121,0.3250879,1.2250879,1.0050879,3.365088,4.255088,2.9850879
-1.1949121,0.05508789,-0.14491211,-1.0849121,-0.05491211,0.7650879,0.12508789,0.4850879,0.7150879,1.2250879,0.67508787,0.7050879,0.6250879,1.3650879,2.605088,2.205088,1.0950879,-0.3549121,-0.0049121096,1.3550879,0.8950879,-0.08491211,0.24508789,-1.7549121,-2.2549121,-2.554912,-3.054912,-3.154912,-2.9949121,-2.364912,-2.4149122,-2.644912,-2.7449121,-2.4549122,-2.0149121,-1.594912,-0.5249121,0.3950879,1.6450878,1.5550879,1.8250879
-1.0549121,-0.3749121,-0.09491211,0.2650879,-0.27491212,0.8450879,0.3750879,-0.3249121,0.01508789,-0.4749121,-0.2249121,-0.27491212,0.4350879,1.0750879,-0.10491211,-1.1649121,-0.9649121,-0.17491211,-0.1649121,0.15508789,-2.4149122,-2.6849122,-3.554912,-3.124912,-3.144912,-3.4349122,-2.9549122,-3.1649122,-3.274912,-3.074912,-2.844912,-3.654912,-2.564912,-2.4849122,-2.1949122,-1.8249121,-1.2549121,-0.2849121,0.11508789,-0.3849121,0.3050879
