wind_kz.json
{"header": {"discipline":0,"disciplineName":"Meteorological products","gribEdition":2,"gribLength":871,"center":7,"centerName":"US National Weather Service - NCEP(WMC)","subcenter":0,"refTime":"2024-04-06T18:00:00.000Z","significanceOfRT":1,"significanceOfRTName":"Start of forecast","productStatus":0,"productStatusName":"Operational products","productType":1,"productTypeName":"Forecast products","productDefinitionTemplate":0,"productDefinitionTemplateName":"Analysis/forecast at horizontal level/layer at a point in time","parameterCategory":0,"parameterCategoryName":"UnknownDiscipline_0_Category_0","parameterNumber":0,"parameterNumberName":"UnknownParameter_D0_C0_0","parameterUnit":"Unknown","genProcessType":2,"genProcessTypeName":"Forecast","forecastTime":60,"surface1Type":1,"surface1TypeName":"Ground or water surface","surface1Value":0.0,"surface2Type":255,"surface2TypeName":"Missing","surface2Value":0.0,"gridDefinitionTemplate":0,"gridDefinitionTemplateName":"Latitude_Longitude","numberPoints":615,"shape":6,"shapeName":"Earth spherical with radius of 6,371,229.0 m","gridUnits":"degrees","resolution":48,"winds":"true","scanMode":64,"nx":41,"ny":15,"basicAngle":0,"lo1":47.0,"la1":41.0,"lo2":87.0,"la2":55.0,"dx":1.0,"dy":1.0}, "data":
[rows 0 to 14 of 15, columns 0 to 40 of 41]
285.65332,282.4533,290.9533,281.9533,282.5533,283.85333,294.9533,302.4533,298.15332,300.75333,300.35333,300.5533,300.65332,299.9533,299.4533,299.65332,299.25333,301.4533,302.35333,303.0533,302.25333,287.9533,293.15332,290.75333,296.4533,297.5533,292.35333,283.75333,282.65332,285.15332,281.0533,279.35333,299.65332,308.0533,310.9533,308.35333,312.85333,310.75333,309.25333,310.5533,312.25333
272.85333,291.35333,281.75333,281.9533,282.25333,282.65332,300.65332,297.0533,297.85333,297.85333,301.9533,300.75333,302.25333,301.65332,299.15332,297.35333,298.25333,299.85333,299.5533,301.35333,301.4533,300.85333,285.0533,275.85333,272.4533,273.15332,289.65332,283.4533,287.5533,277.15332,287.15332,271.9533,292.0533,265.5533,272.0533,300.0533,302.35333,304.35333,307.65332,302.0533,280.85333
293.4533,281.0533,281.25333,281.75333,282.0533,295.75333,296.4533,297.35333,296.75333,296.85333,297.15332,298.9533,300.35333,300.65332,297.9533,297.65332,297.85333,297.65332,298.4533,299.35333,300.75333,302.0533,297.25333,284.4533,283.5533,281.9533,287.0533,291.65332,293.65332,287.65332,275.0533,278.65332,295.0533,297.85333,292.5533,295.0533,278.35333,290.25333,290.65332,284.0533,280.35333
290.65332,282.0533,281.0533,281.25333,284.75333,294.0533,294.9533,297.35333,298.75333,299.5533,297.9533,297.15332,285.25333,285.65332,295.25333,297.15332,297.75333,297.85333,298.35333,298.9533,298.4533,296.35333,297.9533,299.15332,291.15332,288.15332,284.85333,284.65332,295.85333,291.5533,295.15332,297.0533,304.9533,307.25333,305.4533,301.0533,281.4533,273.4533,296.35333,303.65332,301.9533
294.0533,282.65332,281.35333,281.85333,288.15332,297.35333,297.5533,301.25333,301.4533,300.5533,299.25333,296.0533,284.0533,283.9533,282.4533,295.75333,295.35333,296.9533,297.65332,296.25333,298.15332,298.4533,298.75333,300.75333,299.25333,292.9533,290.4533,285.25333,285.75333,290.5533,296.85333,295.5533,287.5533,273.25333,296.75333,304.65332,296.35333,306.4533,308.35333,303.35333,303.75333
293.75333,295.65332,282.25333,280.9533,279.75333,281.0533,299.85333,297.85333,298.85333,296.9533,296.5533,295.85333,284.85333,283.25333,284.4533,296.15332,295.85333,296.85333,296.65332,297.65332,297.35333,295.25333,298.15332,297.65332,298.5533,296.85333,295.75333,272.0533,292.85333,287.35333,287.85333,290.25333,296.4533,297.5533,297.0533,291.5533,294.25333,291.15332,303.4533,303.0533,302.4533
294.4533,295.35333,294.4533,294.85333,290.85333,296.4533,298.15332,297.65332,296.15332,295.0533,294.65332,292.75333,293.15332,291.75333,294.25333,293.15332,294.4533,294.5533,294.5533,294.25333,294.35333,294.9533,294.35333,294.35333,293.25333,294.0533,295.75333,297.35333,294.0533,292.0533,288.0533,289.4533,289.4533,285.85333,287.75333,291.5533,293.75333,290.15332,284.5533,282.65332,292.4533
295.85333,296.85333,295.5533,295.85333,295.5533,293.5533,297.25333,295.9533,294.65332,293.35333,292.4533,291.5533,292.25333,290.0533,288.15332,284.85333,288.0533,286.25333,290.85333,290.75333,290.75333,292.75333,292.35333,292.5533,291.9533,290.9533,291.35333,295.75333,291.9533,296.4533,291.75333,294.85333,289.5533,282.0533,281.85333,283.9533,289.35333,273.0533,293.0533,298.5533,293.35333
293.9533,294.25333,295.15332,295.4533,294.35333,295.0533,294.75333,293.25333,292.15332,291.4533,291.65332,290.5533,289.35333,291.75333,284.0533,282.0533,285.35333,290.9533,289.65332,287.25333,283.0533,289.4533,292.25333,291.25333,290.15332,290.0533,289.25333,289.4533,291.25333,289.75333,291.4533,292.35333,290.25333,285.15332,285.35333,281.9533,282.75333,286.25333,273.4533,276.85333,274.85333
293.0533,292.4533,292.15332,292.85333,293.0533,292.15332,291.5533,290.15332,290.0533,291.0533,289.5533,286.75333,290.4533,289.85333,289.75333,282.85333,281.5533,288.25333,288.85333,287.5533,281.75333,281.35333,286.75333,290.9533,290.75333,285.75333,287.35333,291.9533,290.0533,290.65332,290.65332,296.5533,297.35333,291.4533,290.35333,284.35333,281.0533,277.75333,278.65332,282.75333,279.9533
292.0533,292.85333,291.9533,292.75333,290.75333,288.5533,288.35333,289.25333,289.4533,289.5533,285.5533,283.9533,286.9533,287.15332,287.4533,281.0533,279.4533,281.15332,285.0533,287.9533,285.25333,282.5533,285.0533,283.25333,287.0533,288.75333,286.9533,291.75333,293.85333,294.75333,290.35333,291.9533,293.5533,291.85333,294.25333,288.35333,277.0533,282.25333,282.25333,282.35333,281.25333
289.4533,290.75333,290.35333,289.75333,289.9533,287.9533,287.85333,288.0533,288.35333,280.9533,280.4533,282.5533,282.15332,284.65332,285.5533,279.4533,279.85333,279.15332,278.85333,283.35333,284.9533,281.4533,282.75333,282.85333,280.5533,280.4533,288.5533,288.75333,289.65332,292.35333,293.35333,294.15332,291.4533,289.75333,290.35333,290.4533,284.35333,285.65332,286.5533,288.5533,292.0533
286.4533,286.9533,288.65332,287.35333,287.85333,286.85333,287.4533,281.75333,280.15332,281.5533,278.4533,277.85333,279.5533,280.75333,282.9533,285.5533,284.9533,277.9533,279.9533,280.35333,278.35333,280.15332,282.75333,283.4533,284.4533,278.9533,279.9533,282.75333,283.85333,288.5533,288.0533,286.5533,288.0533,288.65332,288.75333,284.5533,281.9533,282.35333,280.9533,285.35333,288.15332
287.35333,285.35333,279.9533,285.85333,281.9533,281.25333,283.35333,279.9533,284.25333,286.35333,279.65332,277.85333,280.15332,283.4533,283.65332,284.15332,280.85333,279.15332,277.85333,276.75333,277.75333,277.75333,280.0533,281.0533,282.35333,284.4533,283.9533,277.9533,281.9533,284.25333,283.25333,288.9533,288.25333,282.85333,284.35333,280.0533,280.4533,279.65332,279.5533,280.9533,283.15332
281.4533,280.85333,273.25333,281.15332,285.4533,283.85333,282.85333,283.0533,284.25333,284.4533,282.25333,280.5533,278.65332,281.0533,280.9533,281.0533,281.75333,279.75333,277.65332,275.9533,276.25333,276.4533,278.25333,280.65332,279.9533,280.15332,281.85333,278.35333,277.4533,283.5533,278.15332,280.5533,288.5533,282.25333,279.15332,277.75333,278.35333,279.35333,280.15332,279.35333,279.25333
