wind.json
{"header": {"discipline":0,"disciplineName":"Meteorological products","gribEdition":2,"gribLength":1125,"center":7,"centerName":"US National Weather Service - NCEP(WMC)","subcenter":0,"refTime":"2023-05-30T12:00:00.000Z","significanceOfRT":1,"significanceOfRTName":"Start of forecast","productStatus":0,"productStatusName":"Operational products","productType":1,"productTypeName":"Forecast products","productDefinitionTemplate":0,"productDefinitionTemplateName":"Analysis/forecast at horizontal level/layer at a point in time","parameterCategory":2,"parameterCategoryName":"UnknownDiscipline_0_Category_2","parameterNumber":2,"parameterNumberName":"UnknownParameter_D0_C2_2","parameterUnit":"Unknown","genProcessType":2,"genProcessTypeName":"Forecast","forecastTime":60,"surface1Type":103,"surface1TypeName":"Specified height level above ground","surface1Value":10.0,"surface2Type":255,"surface2TypeName":"Missing","surface2Value":0.0,"gridDefinitionTemplate":0,"gridDefinitionTemplateName":"Latitude_Longitude","numberPoints":688,"shape":6,"shapeName":"Earth spherical with radius of 6,371,229.0 m","gridUnits":"degrees","resolution":48,"winds":"true","scanMode":64,"nx":43,"ny":16,"basicAngle":0,"lo1":45.0,"la1":40.0,"lo2":87.0,"la2":55.0,"dx":1.0,"dy":1.0}, "data":
[rows 0 to 15 of 16, columns 0 to 42 of 43]
-0.967298,1.992702,-0.06729797,-2.407298,-2.057298,-2.027298,1.012702,1.632702,2.272702,0.682702,5.012702,3.712702,2.812702,4.782702,-2.6272979,-3.507298,-4.057298,-2.817298,-2.747298,-3.077298,-2.087298,-1.557298,-2.727298,1.462702,0.41270202,-0.86729795,-0.037297975,0.26270202,0.37270203,1.502702,1.352702,-0.11729798,-2.497298,-1.287298,0.19270203,-3.187298,1.012702,-3.807298,-4.167298,-4.437298,-5.317298,-6.457298,-5.5172977
1.4127021,3.312702,-1.537298,-0.40729797,1.2927021,1.9227021,2.552702,2.8727021,3.992702,4.372702,3.812702,4.152702,-0.957298,-3.537298,-4.757298,-4.567298,-4.7672977,-3.797298,-2.017298,-4.977298,-3.6372979,-2.307298,1.4227021,2.332702,0.33270204,-3.157298,0.552702,-1.677298,-4.217298,-2.327298,1.262702,-0.47729796,-0.527298,1.002702,2.892702,5.272702,-2.687298,-3.267298,-4.887298,-3.287298,-2.677298,-2.487298,-3.527298
0.562702,-0.54729795,2.382702,1.0627021,2.022702,3.242702,3.322702,3.632702,4.722702,2.012702,4.132702,3.452702,-2.457298,-5.287298,-4.627298,-4.447298,-4.117298,-4.327298,-2.777298,-5.607298,-4.557298,-2.487298,-4.007298,-2.437298,-2.057298,-3.8872979,-0.29729798,-0.0072979736,-0.66729796,-0.12729797,-0.567298,-1.677298,0.43270203,-0.49729797,0.362702,0.69270205,0.37270203,-0.827298,-0.877298,-0.90729797,1.532702,-0.10729797,-4.047298
-0.777298,-0.42729798,0.96270204,3.812702,3.302702,3.202702,3.892702,3.8727021,4.262702,3.422702,1.1727021,-3.507298,-5.007298,-5.287298,-4.427298,-4.987298,-4.727298,-4.527298,-5.207298,-3.757298,-3.907298,-2.927298,-7.357298,-10.037298,-7.237298,-9.517298,0.38270202,-3.267298,-0.67729795,0.35270202,-2.117298,-0.387298,0.28270203,0.49270204,-0.23729797,-0.837298,0.20270203,-0.65729797,0.29270202,-0.24729797,2.262702,2.3527021,1.632702
0.17270203,1.872702,2.662702,4.242702,4.952702,5.662702,4.412702,4.202702,4.312702,3.772702,3.192702,-2.1272979,-3.237298,-4.987298,-4.837298,-4.5172977,-4.737298,-4.227298,-4.587298,-4.287298,-3.817298,-3.307298,-3.217298,-10.027298,-4.447298,-5.537298,-5.567298,-5.857298,-4.477298,-8.0072975,-3.3772979,0.26270202,2.942702,-1.767298,0.38270202,-0.66729796,-2.527298,-1.757298,-1.257298,1.582702,0.40270203,0.542702,-0.27729797
1.772702,2.722702,3.472702,6.392702,7.392702,7.572702,7.652702,6.712702,6.382702,5.592702,-1.047298,2.782702,-4.357298,-3.917298,-4.377298,-3.857298,-4.2672977,-2.997298,-2.747298,-3.607298,-3.657298,-3.8872979,-4.927298,-4.987298,-4.947298,-4.957298,-4.777298,-4.847298,-5.917298,-5.127298,-3.197298,-3.657298,-3.077298,-1.9372979,-2.847298,0.40270203,0.23270203,0.29270202,-3.097298,-2.6472979,-2.337298,-0.517298,-1.4572979
2.772702,3.892702,3.532702,5.312702,9.172702,10.182702,9.662702,9.362702,5.112702,4.162702,2.132702,0.46270204,-3.817298,-4.127298,0.012702026,-1.6872979,-2.037298,-0.36729798,-0.947298,-0.967298,-2.547298,-2.737298,-3.027298,-3.917298,-3.997298,-4.617298,-4.467298,-5.367298,-4.367298,-5.407298,-3.827298,-3.907298,-3.797298,-4.217298,-2.287298,-2.8972979,-1.647298,-3.087298,-0.357298,-0.17729798,1.4127021,0.31270203,2.572702
1.892702,2.632702,3.932702,5.972702,9.592702,9.832702,8.172702,3.8627021,3.512702,2.8527021,3.242702,-2.107298,-2.587298,-2.6372979,-2.8872979,-1.157298,-0.45729798,0.982702,0.23270203,0.852702,-1.617298,-0.42729798,0.34270203,1.4327021,0.88270205,-1.807298,-4.557298,-4.507298,-2.737298,-2.567298,-3.777298,-3.677298,-3.867298,-4.217298,-0.517298,-2.057298,-2.457298,-1.607298,-1.2072979,0.922702,-1.017298,1.6627021,1.732702
2.162702,2.802702,2.482702,10.072702,8.282702,2.952702,-1.3272979,0.21270202,0.532702,1.622702,-0.777298,-2.6272979,-2.017298,-0.567298,-2.607298,-2.847298,-1.127298,1.972702,2.552702,0.71270204,-0.40729797,-1.4372979,0.29270202,-1.637298,-2.987298,-4.067298,-3.287298,-2.107298,-2.497298,-2.337298,-1.417298,-1.617298,-2.177298,-0.827298,-2.3872979,-0.747298,-1.1872979,1.282702,2.542702,4.652702,2.3627021,2.8527021,-0.48729798
2.6227021,2.792702,4.052702,5.182702,2.912702,-1.417298,-1.537298,-1.867298,0.612702,-3.237298,-4.047298,-3.037298,-1.407298,-1.9372979,-1.157298,-2.077298,-2.687298,-2.967298,-2.747298,-2.8972979,-3.787298,-3.787298,-4.697298,-3.327298,-4.027298,-3.857298,-3.297298,-3.107298,-1.897298,-2.187298,-1.0872979,-0.817298,-1.137298,-0.747298,1.832702,1.252702,1.612702,0.70270205,-0.14729798,-3.437298,-2.017298,0.58270204,-1.807298
1.822702,2.302702,3.272702,2.542702,2.632702,-0.65729797,-3.847298,-3.287298,-4.407298,-2.767298,-3.657298,-2.117298,-1.8372979,-1.887298,-2.677298,-2.327298,-3.707298,-3.217298,-3.477298,-3.557298,-4.227298,-3.817298,-3.617298,-2.557298,-2.977298,-2.817298,-3.1372979,-2.697298,-1.997298,-1.8172979,-2.097298,-2.237298,-1.227298,0.16270202,0.49270204,-0.577298,-0.29729798,-0.36729798,-1.157298,-0.39729798,-2.967298,-1.167298,-0.19729798
0.96270204,2.832702,2.402702,0.542702,-0.55729795,-0.957298,-5.927298,-5.317298,-3.287298,-5.127298,-3.737298,-2.107298,-2.407298,-2.257298,-4.287298,-2.1372979,-2.987298,-3.257298,-3.247298,-2.867298,-3.987298,-2.767298,-2.167298,-2.047298,-1.427298,-2.077298,-0.637298,-1.047298,-0.757298,-0.46729797,-0.46729797,-0.327298,-1.347298,-2.027298,-1.487298,-2.467298,-2.497298,-1.897298,-1.297298,-1.517298,-0.637298,0.052702025,-0.73729795
0.26270202,1.0427021,0.15270203,-1.667298,-1.467298,-2.607298,-3.287298,-4.327298,-5.707298,-3.197298,-0.817298,-2.727298,-2.237298,-2.117298,0.45270202,-1.097298,-1.387298,-1.897298,-1.147298,-0.777298,-2.787298,-1.6972979,-1.647298,0.65270203,-0.707298,-0.327298,1.032702,1.522702,0.76270205,0.52270204,0.532702,-0.587298,-0.25729796,-1.727298,-1.4472979,-2.617298,-1.737298,-2.717298,-2.987298,-1.227298,-0.527298,-0.47729796,-0.47729796
0.65270203,-0.80729795,-0.80729795,-0.637298,-0.44729796,-2.347298,-2.017298,-2.327298,-5.307298,-3.077298,-4.947298,-0.80729795,-0.47729796,-0.67729795,-1.267298,1.092702,-0.567298,0.23270203,-0.65729797,0.26270202,0.41270202,0.982702,-0.49729797,0.18270202,0.94270205,0.19270203,2.942702,2.652702,1.6627021,0.32270202,0.28270203,1.1727021,1.1627021,1.4227021,-0.087297976,-1.917298,-1.147298,-1.6872979,-1.607298,-1.107298,-2.1272979,-0.66729796,-1.027298
0.25270203,0.052702025,0.012702026,-1.527298,-1.1872979,-1.9372979,-1.557298,-1.797298,-1.537298,-2.607298,-0.86729795,1.452702,-1.427298,-1.177298,-0.67729795,-0.84729797,-1.267298,-0.757298,0.63270205,-0.11729798,1.0427021,0.602702,1.572702,1.152702,2.562702,2.002702,1.8127021,0.612702,0.11270203,1.022702,0.502702,1.142702,1.862702,1.212702,1.112702,-0.10729797,-0.91729796,-0.47729796,-0.72729796,-0.777298,-0.97729796,-0.78729796,-1.0772979
0.932702,0.912702,-0.37729797,-0.327298,-0.90729797,-1.667298,-1.847298,-0.85729796,0.912702,-3.087298,-0.13729797,1.502702,-2.107298,-0.47729796,-0.24729797,-1.0772979,-0.98729795,-1.9572979,-0.46729797,5.572702,2.912702,1.6727021,1.4327021,0.48270202,1.962702,1.002702,0.22270203,1.5527021,-0.14729798,1.482702,1.1827021,1.622702,1.742702,1.3027021,0.812702,0.872702,1.1727021,1.362702,0.552702,1.082702,1.022702,-1.0772979,-0.91729796
