wind.json
{"header": {"discipline":0,"disciplineName":"Meteorological products","gribEdition":2,"gribLength":1125,"center":7,"centerName":"US National Weather Service - NCEP(WMC)","subcenter":0,"refTime":"2023-06-29T12:00:00.000Z","significanceOfRT":1,"significanceOfRTName":"Start of forecast","productStatus":0,"productStatusName":"Operational products","productType":1,"productTypeName":"Forecast products","productDefinitionTemplate":0,"productDefinitionTemplateName":"Analysis/forecast at horizontal level/layer at a point in time","parameterCategory":2,"parameterCategoryName":"UnknownDiscipline_0_Category_2","parameterNumber":2,"parameterNumberName":"UnknownParameter_D0_C2_2","parameterUnit":"Unknown","genProcessType":2,"genProcessTypeName":"Forecast","forecastTime":300,"surface1Type":103,"surface1TypeName":"Specified height level above ground","surface1Value":10.0,"surface2Type":255,"surface2TypeName":"Missing","surface2Value":0.0,"gridDefinitionTemplate":0,"gridDefinitionTemplateName":"Latitude_Longitude","numberPoints":688,"shape":6,"shapeName":"Earth spherical with radius of 6,371,229.0 m","gridUnits":"degrees","resolution":48,"winds":"true","scanMode":64,"nx":43,"ny":16,"basicAngle":0,"lo1":45.0,"la1":40.0,"lo2":87.0,"la2":55.0,"dx":1.0,"dy":1.0}, "data":
[rows 0 to 15 of 16, columns 0 to 42 of 43]
-1.6424506,0.66754943,1.2075495,-0.34245056,3.2475495,1.1775495,3.0075495,2.8275495,-0.84245056,0.047549438,-0.12245056,6.4575496,8.787549,7.837549,-1.1724505,-3.0424507,-2.1524506,-2.7924507,-2.1024506,-2.7424505,-3.2524505,-0.9424506,-3.2624505,0.9875494,1.9175495,-1.0224506,-0.28245056,-0.25245056,0.69754946,1.6575494,2.2875495,3.6575494,0.51754946,-0.59245056,-1.0024506,-3.2924507,-5.7124505,-1.0424505,-2.5424507,-0.31245056,-6.1924505,-8.212451,-8.702451
0.6075494,4.8975496,-0.79245055,-1.1224506,2.7475495,3.9075494,3.5275495,2.8875494,1.2075495,-3.6024506,0.9975494,4.4175496,0.8075494,-2.7624505,-4.3424506,-3.4424505,-2.7624505,-2.2624505,-1.5024506,-1.3124505,-3.2524505,-0.59245056,0.35754943,-0.07245056,-1.1124506,-1.0524505,0.25754943,-1.9124506,-3.9824505,0.017549438,1.1475494,1.5375495,1.6475494,1.1175494,-0.03245056,0.50754946,-2.2524505,-3.2624505,-1.5224506,-4.6224504,-4.3224506,0.9275494,-5.1524506
1.7275494,-1.4624505,0.56754947,3.0175495,3.2875495,3.2375495,4.0975494,1.2875495,-0.79245055,-2.8724506,-3.8924506,-4.1124506,-2.4624505,-3.9224505,-2.7124505,-2.3724506,-0.8724506,-0.18245056,0.22754943,-1.3024505,-1.7624506,-1.9824506,0.36754945,0.53754944,0.69754946,-2.2624505,0.97754943,1.2075495,-1.2124505,0.10754944,-1.1324506,-1.7724506,0.47754943,0.31754944,0.30754945,-2.9924505,0.41754943,0.09754944,-0.6924506,0.30754945,0.15754944,-0.5124506,-2.5124505
0.30754945,0.10754944,2.8875494,6.8075495,3.7775495,3.1975493,3.6775494,1.0675495,-1.1824505,1.4875494,2.2075493,-1.7924505,-1.7124505,-3.0824506,-2.7224505,-0.65245056,1.4475495,0.22754943,0.26754943,-1.1324506,-0.5624506,0.6275494,0.64754945,-0.73245054,-3.1424506,-0.20245056,-0.21245056,0.0075494386,-0.73245054,-2.4424505,-2.1424506,-0.86245054,-0.102450565,2.3575494,0.10754944,0.23754944,0.7475494,-0.26245058,0.6775494,0.40754944,2.1675494,2.2775495,2.0575495
2.9175494,3.7675495,4.2075496,7.1875496,5.8675494,4.317549,3.7375495,1.0275494,2.3875494,3.4375494,3.5075495,3.0875494,3.1775494,-0.102450565,-0.0024505616,-0.7624506,3.1575494,0.90754944,0.15754944,-2.2024505,1.5275494,0.76754946,2.6475494,0.6175494,1.2875495,-0.9424506,-2.3424506,0.39754945,0.45754945,0.47754943,2.3175495,2.7375495,0.46754944,-0.6324506,-1.8824506,-2.5324507,-2.7924507,-2.2724504,-1.6924505,1.9775494,1.4575495,0.41754943,1.9475495
2.8275495,4.0375495,3.0675495,3.1175494,5.1875496,5.6375494,5.6575494,3.1375494,4.1475496,5.2175493,3.6175494,2.0875494,2.3575494,3.0575495,-0.15245056,3.7275496,6.3975496,1.9675494,0.58754945,-3.4424505,-1.4624505,1.4475495,-0.72245055,-0.71245056,3.5275495,-2.6724505,-3.4724505,-3.2524505,-3.9624505,0.58754945,-2.7324505,-3.9124506,-1.0924506,-2.0224504,-2.2524505,1.9675494,4.3775496,2.0175495,2.9475493,2.7375495,2.6675494,4.7575493,6.1975493
5.2975492,4.3275495,3.8975494,3.1975493,3.5775495,5.1975493,3.7075493,3.3275495,3.4875495,2.6275494,-0.07245056,2.8775494,4.087549,4.087549,4.587549,4.7475495,-1.0324506,2.7975495,-1.4524505,-3.2524505,-1.7224506,1.6275494,-2.2124505,-3.2424505,-3.3924506,-2.9924505,-4.4724507,-3.6424506,-3.4224505,-2.8524506,-3.6324506,-2.8524506,-4.1424503,-2.8724506,-2.7924507,-0.31245056,0.5475494,-0.6324506,1.2275494,2.3175495,6.5775495,-2.8124506,-6.6924505
3.7075493,3.4275494,4.7075496,3.6875494,3.7575495,3.7875495,3.4975495,2.5075495,0.9975494,-0.29245055,-1.4124506,0.19754943,8.707549,5.0075493,5.9175496,-1.0524505,-1.7124505,-0.66245055,-2.0124505,-1.1024506,-1.9024506,-4.1024504,-2.2124505,-0.18245056,-2.8224506,-3.4624505,-1.8424506,-2.1624506,-0.99245054,-4.3724504,-4.2224507,-3.9924505,-3.2824507,-2.2224505,-0.07245056,-1.3024505,-0.6324506,-1.3324505,-0.6224506,2.0675495,0.23754944,0.6175494,3.1475494
3.8475494,3.1975493,3.8275495,4.5775495,5.0975494,4.0575495,3.2975495,-1.0624505,-0.99245054,0.10754944,1.2175494,5.587549,3.0875494,-1.2324506,-0.7624506,-4.8924503,-2.7124505,-0.97245055,-3.6524506,-3.3124506,-2.0424507,-2.6624506,-2.3624506,-3.2624505,-2.6124506,-3.4424505,-2.5524507,-1.2224506,-1.5824505,-2.0924506,-3.0724506,-2.3124506,-1.9924506,-0.49245057,-2.5324507,0.37754944,0.88754946,3.0775495,3.6575494,3.6675494,2.7375495,3.8775494,0.44754943
4.7475495,5.0475492,4.2175493,4.4675493,4.3775496,4.7275496,2.1975493,1.7475494,-0.47245055,2.4475493,2.0575495,2.4475493,0.23754944,-1.3624506,-1.1424506,-1.8024505,0.05754944,-1.7924505,-3.3224506,-3.0124505,-3.2724504,-1.0624505,-2.4524505,-1.7424506,-2.8824506,-3.0324507,-0.96245056,-1.9524505,-2.7924507,-1.9224505,-1.6024506,-1.6624506,-1.4624505,-0.6924506,2.1975493,0.94754946,2.9775496,1.4075494,-0.9524506,-0.26245058,-0.6924506,-0.22245055,-1.6924505
2.9175494,3.7575495,3.4775496,3.7275496,3.5875494,1.9075494,0.46754944,1.3475494,2.6175494,3.1075494,3.5575495,0.08754944,-2.8824506,-1.2024505,-1.0424505,-0.61245054,-1.6324506,0.03754944,-2.0724506,-3.3924506,-2.8824506,-3.3824506,-3.1224506,-1.4824506,-0.36245057,-0.09245056,-3.5024505,-4.0724506,-2.7724504,-3.3924506,-2.3424506,-2.0724506,-0.60245055,-0.54245055,0.33754945,0.6875494,1.7475494,0.59754944,-0.59245056,-0.44245055,-2.2324505,-0.6924506,-1.0624505
1.6775495,2.6675494,3.0875494,1.8675494,0.23754944,0.30754945,0.6775494,0.66754943,2.8275495,2.9475493,0.33754945,-1.3024505,-0.9524506,-1.4024506,-0.38245055,-1.6724505,-2.5124505,-1.6324506,-1.4824506,-1.9124506,0.29754943,0.30754945,-2.2524505,-1.1924505,-1.4224505,-2.7824507,-2.7124505,-2.0624506,-1.3524506,-0.8124506,0.44754943,-1.0524505,-0.8724506,-1.4624505,-1.9424505,-0.73245054,-0.05245056,-0.6224506,-1.2624506,-1.0924506,-0.58245057,0.14754944,-0.59245056
1.8375494,0.6075494,-1.1124506,-0.07245056,0.90754944,1.1875495,2.1075494,2.2475495,2.6275494,1.2675494,-0.46245056,-2.1424506,-2.2024505,-0.99245054,-2.2124505,-4.162451,-2.3724506,-1.9924506,-0.41245055,-0.0024505616,1.0675495,2.9675493,-0.24245057,-2.3924506,-1.9124506,-2.2524505,-1.7424506,-0.47245055,0.32754943,0.13754945,-0.07245056,-2.0424507,-0.9524506,-1.8424506,-1.5424505,-1.6924505,-1.2424506,-1.3624506,-2.1224506,-0.28245056,0.8575494,0.5575494,-0.24245057
0.58754945,0.49754944,0.5575494,0.16754943,1.5075494,0.13754945,1.6875495,1.2775494,-1.2024505,-2.2624505,-2.3224506,-0.86245054,-1.2624506,-0.38245055,-0.26245058,-0.59245056,1.2475494,1.8475494,0.6175494,2.2675495,0.8575494,0.65754944,0.70754945,0.43754944,1.8775494,-0.67245054,2.0275495,-0.45245057,-1.5824505,-2.7124505,-0.79245055,0.22754943,1.2675494,0.91754943,-0.79245055,-1.1424506,-0.71245056,-1.5124506,-0.59245056,-0.61245054,-1.3024505,-0.79245055,-1.2624506
-1.0824505,-0.6224506,-1.0724505,-1.6924505,-0.77245057,-1.8424506,-1.5924506,-2.2224505,-2.9024506,-3.9724505,-0.6424506,-1.7124505,-1.7124505,-1.2924505,0.46754944,1.0675495,-0.43245056,1.1175494,1.5675495,-0.71245056,-0.5624506,0.48754942,1.8375494,1.9175495,1.2475494,2.2375495,-0.37245056,0.05754944,1.3975494,-1.4624505,-0.67245054,-0.26245058,-0.60245055,-1.2724506,0.59754944,0.81754947,0.65754944,-0.102450565,-0.49245057,-0.58245057,-1.1724505,-0.22245055,-0.45245057
-2.6324506,-2.2124505,-1.7124505,-1.1124506,-3.6324506,-2.6124506,-1.5424505,-3.6524506,-2.0024505,-2.4824505,-2.5024505,-0.8824506,-1.6024506,-1.2724506,-0.14245056,0.027549438,-0.042450562,0.18754944,0.7375494,1.1675495,0.21754944,1.2075495,1.8075495,1.9575495,2.5775495,0.51754946,1.0975494,-0.23245056,1.0575495,0.39754945,1.5475495,-0.66245055,-0.06245056,1.3075495,2.6175494,1.2275494,1.8575494,1.0375495,0.19754943,0.06754944,0.29754943,-0.60245055,-0.97245055
