wind_kz.json
{"header": {"discipline":0,"disciplineName":"Meteorological products","gribEdition":2,"gribLength":1025,"center":7,"centerName":"US National Weather Service - NCEP(WMC)","subcenter":0,"refTime":"2023-09-26T06:00:00.000Z","significanceOfRT":1,"significanceOfRTName":"Start of forecast","productStatus":0,"productStatusName":"Operational products","productType":1,"productTypeName":"Forecast products","productDefinitionTemplate":0,"productDefinitionTemplateName":"Analysis/forecast at horizontal level/layer at a point in time","parameterCategory":2,"parameterCategoryName":"UnknownDiscipline_0_Category_2","parameterNumber":3,"parameterNumberName":"UnknownParameter_D0_C2_3","parameterUnit":"Unknown","genProcessType":2,"genProcessTypeName":"Forecast","forecastTime":60,"surface1Type":103,"surface1TypeName":"Specified height level above ground","surface1Value":10.0,"surface2Type":255,"surface2TypeName":"Missing","surface2Value":0.0,"gridDefinitionTemplate":0,"gridDefinitionTemplateName":"Latitude_Longitude","numberPoints":615,"shape":6,"shapeName":"Earth spherical with radius of 6,371,229.0 m","gridUnits":"degrees","resolution":48,"winds":"true","scanMode":64,"nx":41,"ny":15,"basicAngle":0,"lo1":47.0,"la1":41.0,"lo2":87.0,"la2":55.0,"dx":1.0,"dy":1.0}, "data":
[rows 0 to 14 of 15, columns 0 to 40 of 41]
-1.4057128,-1.7657129,0.8442871,1.7342871,-1.6157129,-3.6257129,-4.2457128,-3.4057128,-1.1257129,-1.8657129,-1.795713,-1.045713,-2.9757128,-1.8657129,-3.505713,-4.115713,-3.765713,-3.755713,-4.295713,-2.4157128,-3.505713,-3.805713,-2.7257128,0.47428712,-3.295713,-0.1457129,-0.7857129,1.2542871,1.2642871,3.014287,2.644287,2.444287,0.8842871,-0.3557129,-0.2957129,-1.4957129,-0.13571289,0.11428711,0.044287108,-0.6457129,0.7342871
2.134287,0.99428713,1.8442872,0.7542871,-2.525713,-4.215713,-2.6657128,-2.495713,-4.205713,-3.9157128,-5.235713,-6.525713,-1.8457129,-0.18571289,-2.3757129,-3.6357129,-1.8057129,-4.7857127,-8.115713,-5.7457128,-4.175713,-3.805713,-2.035713,0.4042871,1.824287,0.6742871,-0.20571288,1.1942871,0.3442871,1.5442871,0.18428712,0.6342871,1.574287,1.2142872,-1.0557129,-1.295713,0.14428711,-1.0857129,-1.2557129,-1.9457129,0.0042871092
2.8242872,2.694287,0.2842871,-2.7257128,-3.785713,-3.305713,-4.2657127,-1.2757128,-2.6857128,-3.4157128,-4.405713,-4.065713,-5.0157127,-5.635713,-1.2857128,-4.0557127,-1.0157129,-3.775713,-4.625713,-4.475713,-4.445713,-4.275713,-2.4557128,1.0842872,0.5042871,0.3142871,1.4442871,-0.1457129,0.7042871,2.0442872,1.6542871,0.4842871,1.3142871,-1.4057128,-0.7257129,0.9542871,0.23428711,-3.115713,-0.4057129,0.8142871,0.6342871
0.2442871,-0.12571289,-2.795713,-3.1657128,-4.885713,-2.835713,-4.135713,-3.6857128,-3.525713,-3.3957129,-3.605713,-3.4757128,-4.375713,-3.8857129,-1.9157128,-2.3757129,-1.925713,-3.355713,-3.325713,-4.175713,-4.115713,-2.1457129,-0.8057129,-3.115713,-2.1957128,-0.9757129,-1.7057129,0.9642871,0.8942871,-0.63571286,2.914287,-0.88571286,-1.7157129,1.2642871,0.17428711,-1.545713,-0.2557129,2.514287,0.03428711,0.08428711,-0.2957129
0.8142871,0.5242871,-0.8757129,-2.585713,-3.555713,-3.4457128,-3.7157128,-3.4557128,-2.085713,-3.4557128,-3.3957129,-2.9657128,-3.3957129,0.4342871,0.6442871,-1.6157129,-1.8157129,-3.335713,-3.1757128,-4.025713,-4.135713,-3.8957129,-3.6557128,-4.0357127,-2.485713,-0.1957129,0.2442871,1.5842872,0.4042871,1.7642871,0.15428711,0.6642871,2.494287,2.8542871,-0.30571288,-0.5257129,0.6742871,-0.7457129,-0.94571286,-2.245713,-2.9757128
2.494287,0.2442871,-0.24571289,-1.3257129,-4.3057127,-4.205713,-3.065713,-2.9757128,-3.615713,-3.825713,-4.335713,-5.945713,-1.9757129,-0.45571288,-1.0857129,-1.795713,-2.365713,-2.985713,-3.9757128,-4.445713,-2.565713,-2.9457128,-3.4257128,-3.755713,-4.195713,-2.9557128,-0.2957129,3.8642871,2.1142871,1.704287,0.7842871,0.06428711,0.86428714,-0.2557129,1.5942872,4.134287,1.5942872,0.3942871,0.9442871,-2.055713,-2.6257129
0.03428711,-1.0157129,-2.1557128,-2.6757128,-4.205713,-3.755713,-3.325713,-3.9657128,-3.775713,-4.0957127,-5.425713,-6.175713,-1.2857128,-0.7257129,-1.7557129,-2.765713,-2.595713,-3.4057128,-3.9057128,-4.5357127,-4.445713,-3.6957128,-3.995713,-3.1957128,-2.345713,-2.785713,-4.365713,1.4242871,2.6242871,4.524287,2.014287,0.6642871,2.0642872,1.2342871,-1.2857128,-0.6657129,-2.505713,0.124287106,-1.295713,-0.8657129,-0.8457129
1.2642871,0.7142871,-0.9757129,-2.4457128,-3.4657128,-3.315713,-3.315713,-3.505713,-3.4357128,-3.6657128,-4.125713,-2.9557128,-2.6457129,-1.2157129,-1.7857128,-2.7157128,-2.8957129,-2.825713,-2.7257128,-3.495713,-3.815713,-3.1557128,-3.855713,-3.6857128,-2.555713,-1.7357129,-1.925713,-3.4457128,1.9242871,1.8442872,-0.11571289,1.6842871,2.5842872,2.1042871,1.5142871,-0.2257129,0.8442871,2.514287,-1.5757129,0.03428711,-2.275713
-1.6657128,-1.0357128,-1.5557129,-2.8757129,-2.3857129,-3.1957128,-3.2057128,-3.1957128,-3.4457128,-3.015713,-3.1257129,-2.515713,-3.4457128,-3.4657128,-2.1557128,-0.2857129,0.2142871,-0.8057129,-2.1357129,-3.1857128,-2.4457128,-2.025713,-2.1457129,-2.9257128,-2.595713,-2.515713,-1.4057128,-0.7457129,-0.3457129,0.4842871,0.7342871,-0.49571288,-0.5257129,-0.21571289,3.134287,3.464287,-0.6857129,0.7542871,0.3142871,0.5342871,-2.6957128
-1.9557129,-1.4357129,-2.1357129,-2.825713,-1.8857129,-2.805713,-3.015713,-2.9157128,-2.785713,-3.345713,-3.735713,-1.675713,-3.055713,-2.7157128,-3.8857129,-4.585713,-2.335713,-3.2157128,-3.065713,-2.235713,-2.265713,-2.275713,-2.515713,-1.2357129,-1.8657129,-1.4357129,-0.81571287,-1.6657128,0.44428712,-0.07571289,0.5242871,-0.9657129,-2.6957128,-1.2457129,2.2942872,1.5042871,0.41428712,-2.355713,0.7542871,4.1942873,3.8642871
-0.11571289,-1.9957129,-2.4157128,-1.8257129,-1.9957129,-1.8757129,-2.345713,-2.775713,-2.1457129,-3.105713,-2.025713,0.4842871,0.15428711,-2.305713,-3.335713,-3.3957129,-3.305713,-2.815713,-2.1657128,-2.6957128,-2.1357129,-2.025713,-0.5157129,0.1642871,-1.0657129,-1.3157129,-1.0357128,-0.30571288,1.9842871,0.80428714,2.004287,0.0042871092,-0.06571289,0.35428712,2.454287,2.7842872,1.9242871,2.664287,2.664287,1.6942871,0.8542871
0.4342871,0.7642871,-0.3257129,-1.6557128,-1.2357129,-1.2557129,-0.9557129,-1.1057129,-1.5357128,-2.4557128,-1.8657129,-1.8157129,0.61428714,-1.5157129,-2.9757128,-3.2057128,-3.6757128,-3.2157128,-1.6857129,-1.8057129,-0.9257129,-1.3657129,-1.3957129,-1.3257129,1.0642871,1.6942871,-0.5557129,-0.2657129,-1.8657129,2.174287,1.7142872,-0.02571289,-0.3157129,0.29428712,1.1842871,5.024287,4.4042873,2.914287,2.764287,2.484287,1.204287
-0.30571288,0.5342871,1.2342871,-0.4357129,-0.7957129,-0.45571288,-0.3457129,-0.02571289,-0.13571289,0.3042871,-0.9857129,-0.6657129,-2.045713,-1.7557129,-2.115713,-2.005713,-1.5057129,-1.6357129,-2.035713,-2.4257128,-1.795713,-0.2257129,0.4842871,0.4042871,1.2342871,1.0842872,0.32428712,0.18428712,-0.24571289,1.6542871,1.6742871,-0.23571289,-0.6757129,-0.69571286,0.93428713,3.674287,5.2542872,3.0842872,3.424287,2.2942872,0.8842871
0.22428711,0.07428711,1.5142871,0.6742871,-0.09571289,0.44428712,-0.03571289,0.93428713,0.4942871,0.3642871,1.2742871,0.4342871,0.14428711,-0.6457129,-3.345713,-1.6557128,-2.9357128,-2.735713,-2.2157128,-0.1957129,-1.0957129,-1.3057129,-1.4957129,-0.03571289,1.7442871,1.0442871,1.0442871,1.3842871,-2.4257128,1.6742871,-0.49571288,-0.7857129,-0.8057129,-2.095713,-1.8557129,1.9442871,3.5242872,3.0242872,2.424287,2.3442872,2.2742872
1.1042871,1.4342871,0.99428713,1.8942871,1.8542871,1.2442871,0.9242871,1.7542871,1.4942871,0.5342871,0.5742871,1.074287,0.8242871,0.2842871,-0.9857129,-0.3257129,-1.3457129,-0.9057129,-1.6557128,-2.075713,-0.56571287,-1.045713,-1.675713,-1.675713,0.32428712,0.22428711,-0.5257129,1.454287,1.204287,0.38428712,1.4742872,-0.56571287,-0.4657129,-0.03571289,-1.7157129,-1.9957129,1.5542871,3.694287,3.014287,3.1142871,1.204287
