wind_kz.json
{"header": {"discipline":0,"disciplineName":"Meteorological products","gribEdition":2,"gribLength":871,"center":7,"centerName":"US National Weather Service - NCEP(WMC)","subcenter":0,"refTime":"2023-10-01T06:00:00.000Z","significanceOfRT":1,"significanceOfRTName":"Start of forecast","productStatus":0,"productStatusName":"Operational products","productType":1,"productTypeName":"Forecast products","productDefinitionTemplate":0,"productDefinitionTemplateName":"Analysis/forecast at horizontal level/layer at a point in time","parameterCategory":0,"parameterCategoryName":"UnknownDiscipline_0_Category_0","parameterNumber":0,"parameterNumberName":"UnknownParameter_D0_C0_0","parameterUnit":"Unknown","genProcessType":2,"genProcessTypeName":"Forecast","forecastTime":0,"surface1Type":1,"surface1TypeName":"Ground or water surface","surface1Value":0.0,"surface2Type":255,"surface2TypeName":"Missing","surface2Value":0.0,"gridDefinitionTemplate":0,"gridDefinitionTemplateName":"Latitude_Longitude","numberPoints":615,"shape":6,"shapeName":"Earth spherical with radius of 6,371,229.0 m","gridUnits":"degrees","resolution":48,"winds":"true","scanMode":64,"nx":41,"ny":15,"basicAngle":0,"lo1":47.0,"la1":41.0,"lo2":87.0,"la2":55.0,"dx":1.0,"dy":1.0}, "data":
[rows 0 to 14 of 15, columns 0 to 40 of 41]
299.03726,291.33725,294.83725,294.53726,294.13727,292.83725,302.03726,307.23724,304.73724,306.73724,304.63727,306.43726,305.83725,306.03726,305.83725,308.23724,308.03726,306.23724,311.13727,307.53726,308.83725,310.53726,307.73724,308.03726,306.93726,310.93726,305.03726,297.83725,293.63727,290.83725,283.33725,281.93726,299.03726,305.23724,305.73724,304.83725,310.93726,311.43726,311.93726,313.73724,314.63727
286.93726,295.93726,294.23724,294.33725,294.13727,292.23724,306.73724,304.43726,303.13727,303.93726,304.63727,304.33725,304.63727,304.63727,306.93726,307.53726,307.23724,306.03726,306.93726,307.83725,308.03726,307.43726,306.83725,296.03726,285.83725,283.93726,297.73724,290.63727,295.63727,287.13727,290.33725,275.53726,292.43726,265.13727,273.63727,302.53726,303.73724,302.93726,307.43726,300.53726,284.93726
298.93726,294.03726,294.13727,293.53726,291.83725,302.93726,302.33725,303.43726,303.83725,302.93726,303.33725,304.03726,306.03726,305.63727,302.03726,302.53726,304.83725,306.03726,305.73724,306.63727,305.63727,305.33725,306.43726,299.23724,308.63727,304.83725,304.83725,304.53726,308.13727,294.93726,279.93726,288.93726,293.63727,294.23724,295.63727,292.03726,286.13727,290.23724,291.43726,284.13727,283.23724
300.43726,293.13727,293.83725,292.83725,294.33725,301.83725,300.03726,302.03726,304.23724,298.23724,293.83725,297.93726,291.23724,290.53726,302.83725,304.63727,302.73724,303.23724,304.03726,305.83725,304.83725,301.43726,305.23724,303.73724,306.93726,306.33725,308.03726,306.53726,303.53726,304.33725,303.03726,300.63727,302.13727,305.03726,303.83725,302.03726,287.43726,272.83725,291.13727,300.33725,301.33725
300.73724,292.83725,293.43726,292.83725,296.83725,301.03726,300.83725,303.33725,301.53726,297.83725,294.83725,297.53726,290.23724,288.83725,287.33725,303.03726,304.23724,303.23724,304.33725,302.43726,303.53726,301.33725,301.43726,303.13727,302.63727,303.93726,303.23724,299.43726,303.53726,305.23724,306.73724,305.63727,291.83725,277.33725,294.23724,303.43726,300.63727,308.93726,309.83725,306.53726,302.73724
298.93726,298.83725,291.33725,292.33725,292.63727,291.93726,301.73724,300.03726,300.53726,293.63727,298.43726,299.23724,290.83725,289.83725,295.53726,301.63727,300.63727,300.73724,303.13727,300.53726,299.63727,301.03726,300.03726,300.83725,301.23724,298.93726,302.13727,288.53726,299.03726,294.93726,302.03726,298.93726,301.03726,303.63727,296.33725,298.33725,293.13727,295.53726,305.03726,306.13727,303.03726
297.93726,299.23724,297.83725,298.73724,297.03726,299.73724,300.03726,298.63727,300.03726,298.53726,295.33725,292.33725,299.63727,297.13727,298.83725,298.43726,300.13727,300.73724,301.73724,300.03726,295.43726,297.53726,296.73724,289.03726,289.63727,292.83725,291.63727,298.23724,299.33725,298.73724,295.73724,300.13727,299.23724,300.93726,301.23724,299.53726,290.93726,288.13727,285.83725,279.03726,291.43726
297.03726,298.03726,297.83725,297.13727,297.53726,297.53726,298.23724,298.33725,299.53726,298.43726,295.93726,297.43726,298.43726,297.33725,298.43726,293.73724,294.33725,298.43726,298.83725,296.83725,297.43726,293.73724,298.13727,300.03726,293.53726,293.03726,291.43726,293.43726,292.83725,295.43726,293.63727,295.23724,297.73724,295.13727,296.33725,298.93726,297.83725,286.53726,296.83725,297.33725,294.03726
296.43726,296.73724,297.23724,297.13727,295.83725,296.23724,296.93726,297.13727,297.43726,295.63727,295.23724,292.63727,295.13727,298.23724,295.63727,296.73724,297.33725,297.23724,296.23724,289.93726,294.13727,294.93726,290.63727,294.03726,290.83725,291.93726,289.03726,289.03726,288.43726,288.33725,290.13727,291.93726,292.73724,285.33725,288.73724,288.43726,286.93726,291.93726,277.33725,278.63727,276.13727
296.03726,295.73724,296.03726,296.13727,295.93726,296.03726,295.63727,295.23724,294.93726,295.73724,294.03726,291.43726,288.13727,288.43726,293.03726,294.73724,292.73724,296.03726,293.23724,288.23724,293.63727,293.03726,291.03726,294.43726,295.03726,293.13727,293.63727,293.33725,291.43726,292.03726,293.43726,288.43726,294.53726,294.93726,295.83725,292.43726,283.43726,283.73724,282.13727,276.23724,277.83725
295.23724,295.13727,294.53726,294.63727,294.63727,295.03726,295.03726,294.63727,293.93726,293.53726,291.83725,288.33725,288.73724,290.83725,292.93726,293.73724,293.53726,286.13727,287.73724,293.23724,286.73724,291.53726,292.83725,290.33725,287.03726,290.73724,292.13727,294.43726,295.83725,296.63727,295.03726,293.93726,295.03726,292.43726,294.63727,292.23724,283.63727,276.03726,277.13727,275.83725,274.63727
293.33725,293.93726,294.03726,294.03726,293.93726,293.53726,293.23724,292.93726,292.83725,291.93726,288.83725,288.23724,290.83725,289.93726,287.73724,289.83725,293.13727,292.73724,291.13727,289.83725,285.13727,284.73724,286.93726,287.33725,290.83725,293.43726,293.03726,295.23724,294.23724,290.13727,289.63727,294.53726,288.23724,287.73724,288.43726,286.63727,287.03726,286.93726,284.53726,284.23724,280.43726
290.63727,291.53726,292.13727,292.13727,291.03726,291.13727,292.13727,293.13727,292.43726,290.23724,286.73724,283.43726,288.73724,288.23724,290.73724,291.53726,289.73724,285.13727,288.13727,290.13727,287.33725,285.73724,285.63727,290.73724,292.03726,292.63727,293.93726,286.43726,288.23724,290.73724,291.63727,290.73724,289.03726,288.73724,289.13727,287.93726,287.63727,285.73724,282.03726,281.63727,280.23724
292.63727,291.53726,288.03726,290.93726,290.23724,290.33725,290.23724,289.33725,289.83725,289.83725,286.43726,282.23724,284.43726,287.63727,288.83725,291.23724,290.53726,290.13727,291.03726,292.03726,292.93726,292.63727,289.03726,287.23724,290.93726,288.83725,284.93726,287.13727,288.73724,289.23724,288.03726,287.33725,286.43726,285.33725,285.33725,284.33725,283.83725,283.83725,284.73724,281.83725,284.23724
290.43726,292.23724,285.83725,289.93726,289.63727,289.73724,290.23724,290.83725,290.73724,290.53726,288.03726,288.43726,286.53726,286.03726,285.43726,290.63727,291.13727,290.43726,292.23724,291.73724,285.43726,284.33725,285.13727,287.03726,285.73724,288.93726,289.23724,284.43726,287.33725,286.43726,285.73724,284.73724,284.93726,284.33725,284.03726,283.43726,284.63727,282.93726,283.63727,283.13727,282.33725
