wind_kz.json
{"header": {"discipline":0,"disciplineName":"Meteorological products","gribEdition":2,"gribLength":1025,"center":7,"centerName":"US National Weather Service - NCEP(WMC)","subcenter":0,"refTime":"2023-09-07T12:00:00.000Z","significanceOfRT":1,"significanceOfRTName":"Start of forecast","productStatus":0,"productStatusName":"Operational products","productType":1,"productTypeName":"Forecast products","productDefinitionTemplate":0,"productDefinitionTemplateName":"Analysis/forecast at horizontal level/layer at a point in time","parameterCategory":2,"parameterCategoryName":"UnknownDiscipline_0_Category_2","parameterNumber":3,"parameterNumberName":"UnknownParameter_D0_C2_3","parameterUnit":"Unknown","genProcessType":2,"genProcessTypeName":"Forecast","forecastTime":60,"surface1Type":103,"surface1TypeName":"Specified height level above ground","surface1Value":10.0,"surface2Type":255,"surface2TypeName":"Missing","surface2Value":0.0,"gridDefinitionTemplate":0,"gridDefinitionTemplateName":"Latitude_Longitude","numberPoints":615,"shape":6,"shapeName":"Earth spherical with radius of 6,371,229.0 m","gridUnits":"degrees","resolution":48,"winds":"true","scanMode":64,"nx":41,"ny":15,"basicAngle":0,"lo1":47.0,"la1":41.0,"lo2":87.0,"la2":55.0,"dx":1.0,"dy":1.0}, "data":
[rows 0 to 14 of 15, columns 0 to 40 of 41]
-1.0394995,2.1705005,-2.3194995,-4.1894994,-1.9394995,-3.5094995,-1.9594995,-2.1494994,-1.4794995,-2.5294995,-5.4894996,-4.1694994,-4.7294993,-3.5894995,-2.8394995,-2.9694996,-1.9894996,-2.3794994,-4.3194995,-2.3494995,-1.6494995,-3.0194995,2.3305006,-1.2694995,-1.4994996,-1.4094995,-1.4294995,1.3205005,1.6305004,2.4105005,-1.1994995,-2.8894994,-0.7594995,-1.4994996,-0.89949954,-1.2394996,-1.7494996,-0.5694995,-0.70949954,0.17050049,2.6805005
5.7405005,-2.0594995,-9.999499,0.020500489,-4.0094995,-3.4394996,-3.9294996,-0.1794995,-1.6394995,-2.3894994,-2.7094996,-4.9794993,-5.3094997,-4.6894994,-5.7594995,-3.5694995,-0.8194995,-2.3494995,-3.7794995,-3.8994994,-4.3194995,-4.8794994,-2.3094995,1.8105005,0.23050049,0.7705005,-1.9994996,2.5505004,0.37050048,2.5505004,4.0605006,4.7505007,0.6505005,0.33050048,-0.6794995,-1.1694995,-2.6794996,-4.1894994,0.110500485,-1.6294996,-0.029499512
-3.0094995,-10.7695,-5.3194995,-6.2994995,-4.3594995,-4.7094994,-1.4094995,-4.0594997,-0.6394995,0.09050049,-0.5494995,-1.2794995,-2.7094996,-4.3994994,-4.5594997,-3.3494995,-1.0994995,-0.9794995,-2.3894994,-2.7894995,-3.1194994,-2.4794996,-6.6894994,-1.8094995,0.5005005,-0.31949952,-0.5494995,0.8105005,-0.16949952,2.1405005,5.0405006,2.2705004,2.3505006,-1.1194996,-0.2794995,2.1405005,3.5205004,0.18050049,-0.04949951,-1.0794995,-0.3994995
-3.6594994,-7.8594995,-12.6095,-6.5094995,-4.2994995,-2.6194994,-5.0194993,1.5505005,-0.2794995,1.3205005,1.1905005,2.7105005,2.2605004,1.0905005,0.12050049,-3.8694994,0.43050048,-0.52949953,-0.9394995,-2.2794995,-1.9794995,-1.2794995,0.010500488,-2.8294995,-2.7094996,-2.4694996,-3.3794994,-2.4794996,-0.83949953,-1.8594995,-0.4294995,-1.5794995,-1.8394995,-1.6994995,-0.51949954,-2.4394996,-0.7994995,2.3405006,1.0605005,1.5805005,1.8005005
-1.3394995,-2.4094994,-5.5894995,-4.8594995,-4.8394995,-3.9694996,-2.2694995,0.7505005,3.2005005,3.3805006,2.9905005,1.9605005,1.4705005,-0.9394995,-2.1294994,-2.3594995,-2.6494994,-0.12949951,0.49050048,-0.40949953,-1.6594995,-1.2594995,-2.9094994,-2.4894996,-3.2594995,-3.3994994,-1.9394995,-3.4794996,-2.8494995,-3.0494995,-2.9894996,-0.38949952,2.2205005,3.1505005,-0.4394995,-0.9394995,0.46050048,-1.2394996,-1.1294996,0.6505005,2.4105005
-2.2094996,0.27050048,-0.89949954,-5.7994995,-3.7894995,0.46050048,-1.4294995,-1.2494996,1.9405005,1.9805005,3.1005006,2.2805004,1.4805005,0.40050048,-0.20949951,-1.4994996,-2.2794995,-3.0594995,-1.3394995,-0.5094995,-0.4294995,-1.1094995,-1.3594995,-2.7194996,-3.6794996,-3.3994994,-2.4294996,-4.2894993,-3.0794995,-1.6694995,-1.4694995,-1.1694995,0.2605005,2.4805005,2.8405006,1.6305004,3.8105004,2.4205005,-1.7394996,-2.4494996,-0.069499515
-3.0394995,-3.0194995,-3.7694995,-5.0794997,-3.5994995,5.6705003,2.6605005,-0.069499515,-0.7394995,-2.1394994,2.8605006,3.5105004,3.0605004,2.6505005,2.1805005,1.5905005,0.6905005,-0.04949951,-1.0994995,-0.8794995,-1.0794995,-0.7894995,-1.6494995,-2.2594995,-2.7294996,-2.9394996,-2.9994996,-4.0794997,-3.0494995,-3.5194995,0.36050048,0.72050047,1.3005005,3.8205004,-0.24949951,-1.6094995,-3.5394995,-0.069499515,-0.7894995,-0.9394995,-0.2694995
-3.4494996,-2.5194995,-3.1794996,-3.2294996,-2.9894996,-2.3594995,-0.51949954,1.2205005,1.8205005,1.9205005,1.9405005,1.4005005,1.0405005,2.2105005,1.9305005,1.9105005,1.7005005,0.9605005,1.2805005,0.7505005,-0.2694995,-0.6294995,0.20050049,-1.1694995,-1.8294995,-1.8694996,-2.8594995,-3.0394995,-3.1194994,-4.0094995,1.3005005,2.4205005,1.8705004,1.2505004,0.7705005,0.2805005,-0.6994995,1.3305005,-1.5694995,0.2105005,-1.7794995
-3.8594995,-4.9494996,-2.4294996,-3.0394995,0.040500488,0.14050049,1.5305005,-3.8694994,2.4505005,2.2705004,2.3705006,1.8905005,1.2105005,0.2605005,0.6105005,1.0205005,1.4105005,1.9305005,2.6705005,2.5805006,2.0205004,-0.11949951,1.0805005,0.5205005,-0.5994995,-1.8694996,-1.1494995,-1.3994995,-1.2594995,-1.3494995,-3.3394995,3.6105006,6.9005003,3.9505005,4.9805007,3.0405004,-1.2894995,0.73050046,1.4005005,0.9205005,-0.03949951
0.7805005,-2.5594995,-4.1294994,-3.6594994,-3.1694994,-0.7994995,-0.5694995,-1.3594995,-2.2094996,-0.6094995,-0.04949951,1.0405005,1.3505005,1.4605005,1.9805005,1.7505004,1.9105005,2.3905005,2.0405004,2.3705006,2.7905004,3.2505004,1.9505005,0.9205005,-0.07949951,0.3905005,0.5605005,0.3505005,-0.019499512,0.8105005,0.6405005,1.7005005,4.3005004,4.3305006,2.8705006,1.2705005,0.9205005,-1.9894996,0.34050047,3.1505005,2.9505005
2.0805006,2.9005005,1.0405005,-1.7794995,-2.5694995,-2.7294996,-2.4194994,-2.3594995,-1.7694995,-2.1794996,0.110500485,1.3805004,0.91050047,3.0205004,3.0605004,3.8705006,4.4805007,3.5605004,3.4205005,3.8605006,4.4005003,2.9105005,1.2405005,0.9405005,0.9405005,1.3905005,1.0305005,1.5605005,2.0305004,1.0905005,0.3805005,3.5005004,4.0305004,5.2705007,3.7905004,1.6605005,0.8805005,2.5205004,1.7105005,1.6305004,0.6305005
-4.9794993,-1.8794996,0.72050047,1.6005005,0.22050048,-1.3594995,-1.2594995,-1.3094995,-1.1394995,-1.1594995,-1.5394995,-2.4494996,-1.5594995,1.0905005,2.5205004,4.7905006,5.4105005,5.0505004,4.6305003,4.0805006,3.7205005,2.9205005,1.6905005,0.9205005,0.8805005,0.2505005,1.3905005,2.1905005,2.2405005,2.0205004,3.3905005,2.4505005,0.6305005,1.8405005,1.1805005,0.5805005,0.98050046,2.7005005,2.5305004,1.9505005,0.66050047
-4.1194997,-3.8494995,-2.3594995,-1.5494995,-0.3394995,0.17050049,-0.7194995,-0.4694995,-0.3994995,0.46050048,-0.08949951,-0.9294995,-3.1194994,-0.6794995,0.7705005,4.9005003,5.0005007,5.2405005,4.2405005,4.6205006,4.7305007,3.7205005,2.9105005,1.9405005,-0.019499512,-0.15949951,0.5305005,2.5805006,0.7805005,-0.22949952,0.34050047,-0.21949951,-0.70949954,0.22050048,0.72050047,1.1005005,1.2705005,0.2105005,0.7505005,0.4505005,0.14050049
-3.7794995,-4.3394995,-4.2394996,-2.6694994,-1.3294995,-1.3094995,-1.5594995,-3.1694994,-2.5594995,-1.8094995,-0.8494995,-1.7794995,-7.5694995,-6.8394995,-5.4694996,1.0805005,1.6505005,2.4205005,3.5705004,4.3805003,3.8705006,3.4505005,3.1805005,2.8605006,2.3205004,0.49050048,-0.8294995,-1.6994995,-1.2494996,-0.5094995,-1.2094995,-0.3594995,0.4105005,1.1905005,0.20050049,0.79050046,0.17050049,-0.13949952,-0.1794995,0.85050046,0.070500486
-2.7994995,-4.1394997,-6.9894996,-4.1594996,-4.5594997,-3.9894996,-4.5994997,-4.2594995,-4.3794994,-4.3694997,-3.3794994,-4.5094995,-3.8694994,-5.8894997,-5.5094995,-4.6994996,-3.5594995,-1.8594995,0.4505005,1.4505005,2.2305005,1.2105005,1.7305005,-0.1794995,-0.029499512,-0.8694995,-0.1494995,-1.1894995,0.23050049,-0.4394995,0.040500488,-0.4394995,-0.31949952,-0.109499514,0.16050048,0.010500488,0.23050049,0.17050049,0.7405005,0.9405005,0.33050048
