wind_kz.json
{"header": {"discipline":0,"disciplineName":"Meteorological products","gribEdition":2,"gribLength":1025,"center":7,"centerName":"US National Weather Service - NCEP(WMC)","subcenter":0,"refTime":"2023-09-24T06:00:00.000Z","significanceOfRT":1,"significanceOfRTName":"Start of forecast","productStatus":0,"productStatusName":"Operational products","productType":1,"productTypeName":"Forecast products","productDefinitionTemplate":0,"productDefinitionTemplateName":"Analysis/forecast at horizontal level/layer at a point in time","parameterCategory":2,"parameterCategoryName":"UnknownDiscipline_0_Category_2","parameterNumber":3,"parameterNumberName":"UnknownParameter_D0_C2_3","parameterUnit":"Unknown","genProcessType":2,"genProcessTypeName":"Forecast","forecastTime":120,"surface1Type":103,"surface1TypeName":"Specified height level above ground","surface1Value":10.0,"surface2Type":255,"surface2TypeName":"Missing","surface2Value":0.0,"gridDefinitionTemplate":0,"gridDefinitionTemplateName":"Latitude_Longitude","numberPoints":615,"shape":6,"shapeName":"Earth spherical with radius of 6,371,229.0 m","gridUnits":"degrees","resolution":48,"winds":"true","scanMode":64,"nx":41,"ny":15,"basicAngle":0,"lo1":47.0,"la1":41.0,"lo2":87.0,"la2":55.0,"dx":1.0,"dy":1.0}, "data":
[rows 0 to 14 of 15, columns 0 to 40 of 41]
1.2944367,1.9944366,0.97443664,4.184437,1.5044366,3.8044367,1.7744366,-0.29556334,-1.0155634,-2.5755634,-4.4455633,-3.7955635,-4.895563,-4.105563,-2.0055633,-1.5355633,-2.5555634,-2.2055633,-1.4555633,-2.5555634,-2.1055634,-2.8755634,2.2644367,1.2944367,3.1744366,2.9344366,0.044436645,0.07443664,-0.26556337,5.2744365,2.3744366,3.0044367,0.0044366457,0.96443665,0.82443666,1.0544367,0.6844366,1.5144366,1.0244366,1.0444367,0.27443665
-0.6355634,0.10443664,3.7944367,2.6644366,2.0844367,2.0444367,-0.28556335,0.45443666,-1.6655633,-3.0455635,-3.6155634,-3.9555633,-4.7055635,-5.7455635,-5.8255634,-3.7255633,-2.9755633,0.37443665,-1.1155634,-2.5355635,-3.0855634,-3.3755634,-1.7255634,2.9244366,2.8344367,3.3944366,1.6844367,1.0744367,1.3544366,2.2944367,-1.4655633,3.4144366,2.6244366,2.9044366,2.9644365,2.8344367,2.6144366,1.8244367,1.4944366,1.2244366,-0.28556335
2.3744366,4.9644365,3.0244367,1.3344367,0.76443666,1.1844367,0.64443666,-1.2355634,-3.1955633,-4.1855636,-4.625563,-4.625563,-3.9455633,-5.4755635,-6.1155634,-5.7655635,-4.6855636,-2.8355634,-2.7855635,-1.9255633,-1.8955634,-2.8455634,-1.1255634,2.4044366,2.0944366,-0.10556336,1.4444367,-0.77556336,-0.20556335,-1.0955634,0.094436646,0.26443663,-3.2755632,0.65443665,0.46443665,-3.3055634,0.8144367,2.7744367,-0.46556336,2.6444366,2.4844368
3.0444367,1.8744366,0.85443664,0.54443663,0.24443665,-1.3955634,-2.1355634,-2.1255634,-3.2755632,-3.6255634,-3.9855633,-4.3655634,-4.2155633,-5.6355634,-6.5955634,-6.3455634,-6.1155634,-3.5255632,-2.4055634,-1.4555633,-0.78556335,-0.045563355,-3.6355634,-0.85556334,-0.38556334,2.9044366,1.9844366,4.3044367,0.9244366,2.2744367,3.3244367,-2.8055634,1.1844367,0.0044366457,0.58443666,1.7044367,2.6744366,2.0944366,-2.5855634,-2.4255633,-1.9155633
2.0444367,0.9344366,0.10443664,-0.18556336,-1.4455633,-1.5955634,-2.0655634,-1.8855634,-2.2255633,-2.5655634,-3.6255634,-4.6155634,-5.835563,-5.7155633,-5.045563,-6.4455633,-7.0055633,-6.875563,-5.2055635,-1.5655633,1.3244367,-0.58556336,-2.3755634,-1.8655634,-1.5655633,3.1544366,5.3144364,3.1144366,3.2544367,3.9144366,2.5644367,1.7844367,-0.20556335,1.8144367,0.69443667,0.36443666,2.6644366,0.044436645,-2.5855634,-2.0055633,-1.6055634
1.2344366,0.8644366,0.5044367,-0.6955634,-2.1855633,-3.4755633,-3.7755632,-2.8755634,-3.0255632,-3.0855634,-3.3955634,-4.5155635,-5.0755634,-5.8055634,-7.2555633,-7.1855636,-7.4455633,-6.7655635,-5.9955635,-4.835563,-2.3155634,-0.35556334,-2.5155632,-1.4255633,-0.61556333,2.9644365,4.5944366,1.6944367,3.8444366,2.5344367,1.8744366,1.6344366,0.18443665,-1.6355634,-0.23556335,4.7144365,-3.0655634,3.8444366,0.31443664,-1.4055634,-1.9355633
-0.31556335,-0.49556336,0.64443666,-0.9455634,-2.4555633,-3.5855634,-3.8555634,-2.9955633,-3.1655633,-2.8155634,-3.0355635,-3.8955634,-5.625563,-6.5155635,-6.9955635,-6.4555635,-8.415564,-6.9255633,-4.605563,-5.335563,-3.2255633,-3.5855634,-2.4155633,1.8244367,0.91443664,3.0944366,3.9444366,6.2644367,5.0944366,4.7344365,2.8544366,1.6744367,1.6344366,1.8544366,3.1044366,2.2844367,2.4544365,2.2144365,0.9944366,3.0044367,1.3644366
-1.2055633,-0.6955634,-0.61556333,-1.8955634,-2.7555633,-2.9855633,-2.7755632,-3.1655633,-2.8555634,-1.0055634,-2.8955634,-4.0355635,-5.2155633,-5.835563,-6.2655635,-7.3655634,-7.125563,-5.145563,-5.565563,-3.1355634,-3.4955633,-4.355563,-6.0055633,-5.3255634,6.5144367,4.7944365,6.7544365,5.4744368,5.5944366,3.5444367,2.6844366,2.1344366,1.7944367,2.7744367,0.85443664,-0.79556334,0.024436645,1.7844367,-0.8255634,0.8744366,-0.48556337
-0.24556336,-0.95556337,-1.6355634,-2.0455635,-2.2155633,-2.7255633,-2.6255634,-3.1355634,-2.3355634,-0.43556336,-1.4355633,-3.3755634,-5.1555634,-5.4455633,-6.2355633,-6.045563,-6.2155633,-6.6655636,-6.5355635,-5.835563,-5.0755634,-5.2255635,-4.6555634,-5.2555633,-5.9655633,2.1644366,6.104437,4.5144367,3.6544366,1.9144367,2.8344367,3.7444367,1.4344367,2.4344366,4.0044365,4.8844366,2.1444366,-0.39556336,1.9144367,1.0144366,0.52443665
-0.29556334,-0.92556334,-1.1255634,-1.6355634,-1.6055634,-2.0055633,-2.1955633,-3.1755633,-3.3555634,-1.8755634,-1.4255633,-3.0255632,-4.605563,-4.9155636,-5.6855636,-5.605563,-6.2655635,-6.1655636,-4.7155633,-3.6355634,-5.0755634,-4.7155633,-4.2755632,-1.3055633,-1.3655634,-1.5455633,0.17443664,3.2944367,3.4744368,3.8244367,0.034436647,0.6744366,2.7244368,2.8844366,3.7144365,2.5544367,2.0544367,1.2744366,1.2444366,0.54443663,2.6044366
-0.23556335,-0.37556335,-1.2855633,-1.4055634,-1.7555634,-2.1755633,-2.0355635,-2.1755633,-3.1155634,-3.4055634,-2.1055634,-2.0855634,-2.8655634,-3.7155633,-4.605563,-5.2055635,-5.045563,-5.815563,-3.9455633,-4.045563,-4.3855634,-4.5355635,-4.4055634,-4.315563,-2.3955634,-2.1055634,-1.0255634,-0.48556337,-0.8155634,-1.4755634,-0.9355633,0.73443663,2.4744368,2.0544367,2.2144365,2.3444366,1.5644367,1.9544367,3.7244368,1.2544366,0.78443664
0.0044366457,0.79443663,0.27443665,-0.70556337,-1.4655633,-1.4755634,-1.5155634,-1.4555633,-1.3055633,-1.8855634,-2.6155634,-3.1955633,-1.3455634,-2.4155633,-2.9955633,-3.7755632,-4.1955633,-4.875563,-3.6655633,-4.335563,-3.0755634,-2.7955635,-3.1155634,-3.0955634,-3.7455633,-1.5455633,-1.0955634,-2.0955634,-2.1055634,-1.2955633,1.4044366,1.5644367,1.6844367,1.5944366,1.0144366,0.59443665,0.7444366,0.034436647,0.7544367,1.1044366,-0.16556336
0.044436645,0.17443664,0.6744366,0.6144366,0.22443664,0.08443665,0.08443665,-0.115563355,-0.97556335,-0.7555634,-1.0555633,-2.7555633,-1.4055634,-2.1555634,-2.4755633,-1.8755634,-3.0955634,-3.7255633,-3.8755634,-3.2355633,-3.6255634,-2.5355635,-2.9955633,-3.4555633,-3.4855633,-3.5255632,-0.39556336,-1.1755633,-1.8355633,-1.4455633,0.89443666,3.6344366,3.2944367,1.5744367,0.37443665,0.0044366457,1.7544366,1.0244366,2.0544367,1.5744367,0.78443664
0.9944366,0.97443664,0.31443664,0.6744366,0.95443666,0.65443665,0.10443664,0.89443666,0.38443664,0.6244366,0.32443663,-0.31556335,-2.6555634,-1.7355634,-1.7855633,-1.8455634,-1.5255634,-1.9655633,-2.3855634,-3.2055633,-3.0855634,-3.1355634,-2.5355635,-3.1455634,-3.0755634,-4.1555634,-2.3855634,-2.8055634,-2.1555634,-1.7955633,-1.0655633,3.6044366,2.6544366,2.0944366,1.5644367,0.14443664,0.65443665,1.0344367,1.3244367,1.1444366,2.1644366
1.5444367,1.0244366,1.4344367,1.8344367,1.7844367,1.9044366,1.4244367,2.6044366,1.1744367,-0.14556335,1.2044367,0.9344366,0.89443666,-1.4155633,-0.60556334,-1.1055634,-0.60556334,0.044436645,0.064436644,-0.54556334,-2.5955634,-3.5155632,-3.3555634,-3.0655634,-2.4555633,-2.4655633,-2.4555633,-2.1755633,-1.4455633,-1.0055634,-1.9655633,0.15443665,2.1944366,2.2844367,1.5244366,1.1244366,1.1944367,0.9244366,0.8044366,0.6744366,0.5044367
