wind.json
{"header": {"discipline":0,"disciplineName":"Meteorological products","gribEdition":2,"gribLength":89774,"center":7,"centerName":"US National Weather Service - NCEP(WMC)","subcenter":0,"refTime":"2023-02-21T18:00:00.000Z","significanceOfRT":1,"significanceOfRTName":"Start of forecast","productStatus":0,"productStatusName":"Operational products","productType":1,"productTypeName":"Forecast products","productDefinitionTemplate":0,"productDefinitionTemplateName":"Analysis/forecast at horizontal level/layer at a point in time","parameterCategory":0,"parameterCategoryName":"Temperature","parameterNumber":0,"parameterNumberName":"Temperature","parameterUnit":"K","genProcessType":2,"genProcessTypeName":"Forecast","forecastTime":0,"surface1Type":1,"surface1TypeName":"Ground or water surface","surface1Value":0.0,"surface2Type":255,"surface2TypeName":"Missing","surface2Value":0.0,"gridDefinitionTemplate":0,"gridDefinitionTemplateName":"Latitude_Longitude","numberPoints":65160,"shape":6,"shapeName":"Earth spherical with radius of 6,371,229.0 m","gridUnits":"degrees","resolution":48,"winds":"true","scanMode":64,"nx":360,"ny":181,"basicAngle":0,"lo1":0.0,"la1":-90.0,"lo2":359.0,"la2":90.0,"dx":1.0,"dy":1.0}, "data":
[rows 0 to 33 of 181, columns 154 to 230 of 360]
232.1,232.1,232.1,232.1,232.1,232.1,232.1,232.1,232.1,232.1,232.1,232.1,232.1,232.1,232.1,232.1,232.1,232.1,232.1,232.1,232.1,232.1,232.1,232.1,232.1,232.1,232.1,232.1,232.1,232.1,232.1,232.1,232.1,232.1,232.1,232.1,232.1,232.1,232.1,232.1,232.1,232.1,232.1,232.1,232.1,232.1,232.1,232.1,232.1,232.1,232.1,232.1,232.1,232.1,232.1,232.1,232.1,232.1,232.1,232.1,232.1,232.1,232.1,232.1,232.1,232.1,232.1,232.1,232.1,232.1,232.1,232.1,232.1,232.1,232.1,232.1,232.1
226.1,226.1,226.7,226.7,226.7,226.7,226.7,226.7,227.0,227.8,227.8,227.8,227.8,227.8,227.8,227.8,228.4,228.7,228.7,228.7,228.7,228.7,228.7,228.7,229.0,229.1,229.1,229.1,229.1,229.1,229.1,229.6,229.6,229.5,229.5,229.5,229.5,229.5,229.5,229.8,229.8,229.8,229.6,229.6,228.9,228.9,228.9,228.8,228.8,228.8,228.8,228.7,228.7,228.7,228.7,228.7,228.7,228.7,228.7,228.7,228.7,228.7,228.8,228.8,228.8,228.8,229.0,229.6,229.6,229.6,229.6,229.6,229.7,229.7,229.7,229.7,230.0
229.0,229.8,230.2,230.2,230.2,231.0,231.8,231.8,231.8,235.9,236.0,236.0,236.0,237.2,237.7,237.7,239.1,239.8,239.8,239.5,240.6,240.6,240.6,240.4,240.7,240.7,240.7,240.6,240.5,240.5,240.5,240.2,239.4,239.4,239.4,239.2,238.7,238.4,238.4,238.1,237.7,237.7,237.6,237.6,238.0,238.0,238.2,237.3,237.9,238.1,238.1,238.4,238.4,239.9,239.2,239.6,239.6,239.6,240.8,240.8,240.9,240.9,240.9,241.4,241.4,240.9,240.9,240.9,240.4,241.6,241.5,241.9,241.7,241.7,240.9,240.4,241.4
233.6,233.8,235.3,235.3,235.7,235.7,235.8,236.0,236.5,237.0,237.0,237.1,237.4,237.4,237.7,237.7,237.7,237.7,237.7,237.8,237.8,237.7,237.7,237.7,238.3,238.6,239.3,239.3,239.3,239.1,239.2,239.7,240.1,240.1,241.5,241.6,241.6,243.3,243.4,243.4,243.5,243.5,244.6,244.5,244.5,244.0,243.9,243.3,242.8,242.9,242.0,241.7,242.4,243.3,244.1,244.0,244.4,244.4,244.4,245.2,245.6,245.6,245.6,244.9,244.6,244.6,244.3,244.2,244.2,244.2,244.2,244.0,244.0,243.9,243.9,243.6,244.3
234.8,235.1,235.3,235.7,236.0,236.4,236.8,236.9,237.1,237.4,237.4,237.5,237.5,237.3,237.3,237.8,237.8,237.8,237.2,237.2,234.6,234.6,233.6,233.6,237.3,237.4,238.0,238.4,238.5,238.7,238.5,238.7,238.2,237.1,237.4,236.8,236.2,235.6,235.9,237.3,239.2,240.9,242.1,244.3,244.5,245.9,249.6,249.4,252.4,252.1,248.8,250.4,251.5,252.6,252.2,250.3,249.9,249.2,248.8,248.0,244.3,245.2,243.6,241.8,242.7,243.4,245.4,243.2,242.5,244.9,245.0,245.0,249.8,251.5,251.7,251.2,251.4
237.1,237.3,237.4,237.9,238.0,238.3,238.0,238.2,238.9,240.6,240.9,241.2,240.3,240.8,245.2,244.0,244.7,245.0,242.9,244.0,243.7,238.2,239.8,240.2,245.7,244.1,244.2,244.4,244.6,244.8,243.1,245.0,246.2,241.2,240.8,247.3,253.6,254.3,257.6,259.9,259.9,259.7,258.4,259.3,257.3,256.8,257.8,257.9,258.2,258.7,258.8,257.8,257.8,257.9,257.9,257.2,256.5,257.2,256.3,260.0,259.3,260.7,260.8,260.1,260.1,260.1,260.3,259.8,260.1,260.1,258.5,258.5,258.1,257.6,257.4,256.5,256.5
239.6,239.8,239.8,239.7,238.0,237.3,237.6,239.7,242.7,239.8,240.0,240.0,244.6,241.1,243.2,249.8,249.6,249.5,249.2,253.3,254.7,256.5,257.0,254.4,250.6,249.8,251.0,251.9,255.6,256.7,255.9,255.7,255.3,258.1,259.0,258.8,258.7,258.8,258.3,258.6,258.9,258.8,258.4,258.3,257.8,257.5,257.4,256.8,256.7,256.2,255.8,255.6,255.3,254.9,254.7,254.7,254.5,254.4,254.3,254.1,254.6,255.6,255.9,255.9,255.7,255.5,255.3,255.3,255.3,255.5,255.6,255.9,256.0,256.0,255.9,255.5,255.1
242.5,242.9,243.2,244.3,244.5,244.2,246.7,240.0,247.3,252.1,251.7,251.3,247.0,254.8,254.9,252.1,251.7,251.2,250.6,250.6,252.2,253.9,255.0,255.0,254.9,255.3,256.5,257.5,257.8,256.5,256.5,256.2,256.5,257.5,257.0,257.5,257.3,257.3,256.6,256.5,256.3,256.5,255.3,255.0,254.1,253.4,253.4,253.1,253.1,253.3,253.6,253.7,253.8,253.7,253.9,253.9,254.1,254.2,253.8,254.0,253.4,254.0,253.8,254.0,254.5,253.8,252.4,252.1,251.8,252.0,252.3,252.4,252.8,253.2,253.6,254.1,254.1
243.7,241.2,239.6,241.0,242.2,247.9,248.8,251.2,252.2,254.4,255.6,252.5,254.2,255.9,256.5,256.9,255.7,254.8,255.3,255.8,256.2,256.5,256.2,255.9,256.3,255.7,257.3,255.8,257.1,256.2,256.0,256.0,255.7,255.7,254.9,255.2,254.1,253.5,253.1,252.3,252.2,252.1,252.0,251.9,251.7,251.6,251.5,251.5,251.5,251.3,251.4,249.4,247.8,249.5,252.0,252.3,251.6,251.4,251.2,251.6,251.4,250.3,250.4,251.0,251.9,252.6,252.7,252.6,252.6,252.7,252.9,252.9,252.9,253.0,252.9,252.9,253.1
249.1,245.9,246.4,243.0,247.7,252.7,251.7,255.0,253.5,253.6,253.5,253.0,252.5,253.4,254.5,255.3,255.6,255.1,255.0,255.4,255.6,255.4,256.4,256.0,256.3,255.0,254.4,254.2,253.9,253.9,253.4,252.8,252.6,252.3,252.0,251.8,251.6,251.3,250.7,250.5,250.2,249.6,248.8,247.6,246.0,244.8,245.1,246.0,246.4,247.1,250.5,251.0,251.2,250.7,250.9,250.4,250.7,251.0,250.4,250.0,250.2,249.9,250.2,250.9,251.0,251.3,251.7,252.4,253.0,253.9,254.5,254.2,254.1,253.9,254.0,253.8,253.9
241.4,239.9,247.9,250.6,249.0,253.8,256.6,259.3,257.7,256.5,254.9,254.6,255.0,255.3,254.6,254.2,253.7,253.5,253.6,253.6,253.5,253.5,253.8,253.8,253.5,253.1,252.8,252.4,251.8,251.8,251.6,251.2,251.0,250.6,250.0,249.5,249.2,248.6,248.2,247.1,247.4,247.7,248.7,248.8,248.8,248.3,248.2,249.1,249.7,250.2,250.4,250.4,250.0,249.5,249.2,248.7,249.2,249.6,251.0,251.4,251.0,251.7,252.4,251.7,250.9,250.3,249.6,249.2,249.3,250.4,251.7,252.4,252.6,253.0,253.2,253.3,253.0
247.8,248.6,251.0,249.7,247.5,248.6,253.7,255.4,253.7,254.8,255.8,256.0,254.5,253.7,253.3,253.3,253.2,253.2,252.9,252.9,252.7,252.7,252.5,252.3,252.0,251.7,251.1,250.6,250.2,250.4,250.0,249.0,249.8,249.0,249.3,249.3,249.0,248.7,248.6,249.0,249.0,248.9,250.9,252.5,250.7,249.0,248.5,248.7,248.8,249.1,248.9,248.4,250.8,252.5,252.2,252.0,252.6,252.0,252.0,251.1,250.0,248.9,247.7,247.6,247.7,248.7,249.7,250.3,250.0,251.4,252.2,251.9,251.4,251.6,250.9,250.3,250.8
244.9,244.8,244.8,240.5,241.9,244.6,244.0,247.4,248.6,250.0,257.5,252.6,252.2,249.0,248.4,252.1,254.0,253.8,253.3,252.9,252.5,252.0,251.6,251.3,251.3,251.2,251.2,250.4,254.4,258.6,260.5,265.0,261.8,270.0,263.0,268.3,263.8,271.2,270.0,268.9,269.9,271.2,271.2,270.2,261.0,252.2,252.6,253.6,252.7,253.3,254.2,253.4,252.7,251.7,250.9,251.4,252.9,253.3,252.3,251.2,251.5,249.9,250.1,249.0,250.5,249.2,250.2,249.7,249.4,249.4,249.5,250.0,250.3,250.4,249.7,249.5,249.7
241.1,241.2,242.9,243.0,242.4,242.3,243.6,248.2,251.2,258.5,262.2,268.4,262.9,254.7,255.8,260.2,266.5,271.4,271.2,271.2,271.2,271.2,271.2,271.2,271.2,271.2,271.2,271.2,271.2,271.2,271.2,271.2,271.2,271.2,271.2,271.2,271.2,271.2,271.3,271.3,271.5,271.5,271.5,271.4,271.5,271.4,271.3,271.2,260.2,260.4,260.0,260.9,260.8,259.3,257.6,254.9,251.9,251.8,253.6,251.7,253.9,257.0,254.5,252.3,250.5,249.9,248.1,247.9,247.1,246.3,246.7,247.3,247.8,247.6,247.9,248.2,248.9
238.2,240.0,240.5,241.4,243.0,244.5,245.2,248.1,253.9,249.0,260.1,261.4,261.7,263.0,261.1,266.9,271.5,271.6,271.5,271.3,271.4,271.4,271.4,271.4,271.4,271.4,271.5,271.4,271.3,271.3,271.2,271.2,271.2,271.2,271.2,271.2,271.2,271.2,271.3,271.3,271.4,271.4,271.5,269.8,271.4,269.1,269.5,270.5,271.0,269.5,271.1,270.8,272.0,271.7,271.8,271.6,270.2,264.4,256.2,254.8,258.3,256.3,256.0,254.2,253.8,253.2,253.4,251.8,250.1,250.2,250.6,249.6,248.3,249.4,252.2,254.0,253.3
235.6,236.2,236.4,237.3,239.9,242.2,245.8,245.9,247.3,250.1,259.7,267.4,266.4,265.1,263.5,263.0,266.9,271.6,271.6,271.5,271.4,271.4,271.5,271.5,271.4,271.4,271.3,271.3,271.3,271.2,271.2,271.3,271.3,271.4,271.4,271.4,271.5,271.6,271.6,271.1,271.5,271.1,271.5,271.8,271.5,270.9,270.1,269.7,271.9,271.9,269.7,271.7,270.4,271.6,271.9,271.3,272.1,271.9,271.0,271.8,271.7,271.6,260.0,259.6,264.9,259.5,260.1,257.6,260.1,260.0,256.6,254.8,258.4,257.9,256.8,258.4,259.3
233.0,234.8,234.2,233.5,234.4,235.7,233.0,227.2,232.3,239.2,243.1,253.2,256.8,258.7,259.7,262.0,263.5,270.2,271.7,271.7,271.7,271.7,271.6,271.6,271.6,271.7,271.6,271.5,271.3,271.3,271.3,271.3,271.4,271.5,271.5,271.5,270.7,271.3,271.3,271.6,271.4,271.4,271.5,270.1,271.4,271.5,270.8,271.0,271.5,271.5,271.4,271.3,271.3,271.7,270.0,271.8,270.9,272.3,272.5,271.6,272.3,272.2,272.1,270.8,272.3,272.4,271.8,272.1,271.8,271.6,271.5,271.4,271.4,271.2,270.9,271.0,270.9
231.3,231.3,230.5,230.8,230.9,232.5,234.3,237.7,237.5,237.1,234.6,242.2,241.4,246.0,252.7,250.8,264.9,267.4,271.6,271.7,271.9,271.9,271.7,271.5,271.4,271.4,271.4,271.5,271.5,271.4,271.4,271.4,271.3,271.3,271.3,271.3,270.2,271.0,270.7,271.0,271.4,270.3,271.3,271.2,270.6,271.3,271.3,271.0,271.1,271.1,271.3,270.7,271.2,271.3,271.6,271.7,272.0,271.2,272.2,272.3,272.2,271.9,270.5,271.1,271.1,271.5,270.2,271.7,271.2,272.1,271.8,271.5,270.7,271.2,271.2,270.7,271.1
232.8,233.0,233.1,233.9,235.4,236.8,236.5,242.3,245.0,241.3,241.4,244.0,243.0,244.2,247.6,241.0,256.3,271.5,271.6,271.6,271.6,271.6,271.6,271.6,271.6,271.6,271.5,271.6,271.6,271.7,271.6,271.7,271.5,271.4,271.3,271.3,271.3,271.3,271.3,271.3,271.3,271.3,271.3,271.3,271.3,271.4,271.4,271.3,271.1,271.0,271.0,271.2,271.2,271.3,271.3,271.3,271.4,271.5,271.4,271.6,271.5,271.6,271.5,271.5,271.5,271.7,271.9,272.0,270.7,271.9,271.9,271.8,271.3,271.2,271.2,270.2,270.6
237.0,236.9,237.2,237.4,239.5,240.8,243.4,244.9,247.1,241.9,251.8,252.7,250.0,256.1,263.6,267.1,269.8,271.5,271.6,271.6,271.7,271.7,271.8,271.8,271.8,271.7,271.7,271.7,271.7,271.7,271.8,271.7,271.7,271.6,271.5,271.4,271.4,271.5,271.5,271.7,271.7,271.6,271.5,271.0,271.2,271.3,271.3,271.5,271.6,271.7,271.4,271.5,271.5,271.6,271.4,271.4,271.4,271.4,271.4,271.6,271.6,271.6,271.4,271.4,271.5,271.7,271.7,271.8,271.8,271.8,271.9,271.9,271.6,271.5,271.2,271.0,270.9
245.2,245.2,245.8,246.3,246.6,246.6,250.5,247.4,259.2,264.1,270.2,270.8,271.6,271.7,271.5,271.2,271.3,271.3,271.2,271.4,271.6,271.8,272.0,272.0,272.0,272.0,272.0,272.1,272.0,271.9,271.9,271.9,271.9,271.8,271.7,271.7,271.8,271.8,271.8,271.9,271.8,271.9,271.9,271.9,271.9,271.7,271.5,271.6,271.7,272.1,271.9,272.1,272.3,272.2,272.1,272.1,272.0,271.8,271.7,271.8,272.0,272.0,272.0,272.1,272.0,272.0,272.1,272.1,272.1,272.0,272.0,271.9,271.8,271.5,271.4,271.4,271.4
253.2,252.9,252.2,252.0,254.8,263.4,258.4,257.2,263.5,267.5,270.4,270.5,271.5,271.5,271.0,270.7,271.4,271.4,271.4,271.5,271.7,271.8,271.9,271.9,271.9,272.0,272.1,272.2,272.1,272.1,272.0,272.0,272.0,272.1,272.1,272.1,272.1,272.2,272.2,272.3,272.3,272.2,272.1,272.2,272.2,272.1,271.9,271.8,271.8,272.1,272.3,272.3,272.3,272.4,272.4,272.4,272.4,272.4,272.3,272.2,272.2,272.2,272.2,272.2,272.2,272.2,272.2,272.2,272.2,272.2,272.2,272.2,272.2,272.2,272.2,272.1,272.0
253.4,255.3,260.0,268.6,270.1,271.1,271.6,271.5,270.9,271.0,271.6,271.5,271.5,271.5,271.6,271.8,272.1,272.0,272.0,272.1,272.0,271.9,271.9,272.0,272.0,272.1,272.2,272.2,272.2,272.2,272.1,272.2,272.3,272.3,272.2,272.2,272.2,272.3,272.3,272.3,272.3,272.3,272.3,272.4,272.3,272.2,272.2,272.2,272.3,272.5,272.5,272.4,272.3,272.3,272.4,272.5,272.5,272.4,272.3,272.4,272.4,272.4,272.4,272.4,272.4,272.4,272.3,272.2,272.2,272.2,272.2,272.3,272.4,272.4,272.5,272.5,272.3
271.7,270.9,271.7,271.0,269.8,270.9,271.2,272.1,272.1,272.1,271.9,272.0,272.1,272.3,272.5,272.7,272.8,272.9,272.8,272.5,272.4,272.2,272.0,271.7,272.4,272.6,272.6,272.6,272.5,272.5,272.6,272.5,272.6,272.6,272.5,272.5,272.5,272.5,272.5,272.4,272.4,272.5,272.4,272.5,272.4,272.4,272.4,272.5,272.6,272.6,272.6,272.6,272.5,272.4,272.4,272.5,272.6,272.6,272.5,272.5,272.4,272.3,272.3,272.4,272.5,272.5,272.4,272.4,272.4,272.5,272.5,272.5,272.4,272.5,272.5,272.6,272.6
270.6,270.6,272.6,270.1,272.8,272.9,272.9,272.8,272.7,272.5,272.7,272.7,272.9,273.0,273.0,272.9,272.9,272.9,272.9,272.8,272.7,272.6,272.7,272.8,273.0,273.1,273.4,273.4,273.4,273.2,273.1,273.1,272.8,272.7,272.6,272.6,272.5,272.6,272.7,272.6,272.6,272.7,272.7,272.7,272.7,272.7,272.6,272.7,272.6,272.6,272.6,272.8,272.7,272.6,272.6,272.7,272.7,272.7,272.8,272.7,272.6,272.5,272.5,272.6,272.6,272.6,272.6,272.6,272.6,272.6,272.6,272.6,272.6,272.5,272.5,272.5,272.6
273.6,273.7,273.8,273.9,273.6,273.5,273.4,273.4,273.3,273.2,273.2,273.3,273.3,273.3,273.3,273.3,273.3,273.3,273.2,273.2,273.3,273.4,273.5,273.7,274.0,274.0,274.0,273.9,273.8,274.0,274.1,273.8,273.5,273.3,273.3,273.2,273.2,273.2,273.1,273.0,273.0,273.0,272.9,272.9,273.0,273.0,272.9,272.9,272.8,272.8,272.8,272.8,272.8,272.8,272.8,272.7,272.8,272.8,272.9,272.9,272.9,272.9,272.8,272.7,272.7,272.7,272.8,272.7,272.7,272.6,272.5,272.6,272.5,272.6,272.5,272.5,272.4
274.1,273.9,273.9,274.1,274.1,273.9,273.6,273.4,273.5,273.5,273.5,273.4,273.5,273.6,273.6,273.7,273.9,273.8,273.8,273.7,273.6,273.8,274.0,274.2,274.5,274.5,274.7,274.6,274.6,274.6,274.5,274.4,274.3,274.0,273.9,273.8,273.7,273.5,273.3,273.1,273.2,273.1,273.2,273.2,273.3,273.2,273.1,273.0,272.9,272.9,272.9,272.8,272.8,272.9,272.9,273.0,273.0,273.0,272.9,272.9,272.9,273.0,273.0,273.0,272.9,272.8,272.8,272.7,272.6,272.7,272.7,272.7,272.6,272.6,272.6,272.6,272.6
274.3,274.2,274.2,274.3,274.3,274.2,274.0,274.0,274.0,274.1,274.0,274.0,274.1,274.3,274.4,274.3,274.4,274.4,274.6,274.8,275.3,275.6,275.4,275.3,275.3,275.4,275.4,275.5,275.5,275.2,275.1,275.1,274.8,274.6,274.6,274.4,274.0,273.9,273.7,273.7,273.8,273.9,273.7,273.7,273.5,273.4,273.3,273.3,273.2,273.1,273.1,273.2,273.1,273.0,273.1,273.2,273.3,273.3,273.2,273.1,273.1,273.1,273.2,273.1,273.1,273.0,273.0,273.1,273.1,273.1,273.1,273.0,273.0,273.1,273.0,272.9,273.0
274.6,274.5,274.6,274.6,274.5,274.3,274.3,274.3,274.4,274.6,274.8,274.6,274.9,275.2,275.4,275.6,275.8,276.5,277.1,277.4,277.1,276.7,276.3,275.9,275.8,276.2,275.9,275.7,275.6,275.5,275.3,275.1,275.1,275.2,275.1,274.9,274.6,274.4,274.4,274.3,274.3,274.1,274.0,273.9,273.8,273.9,273.8,273.7,273.6,273.4,273.4,273.5,273.4,273.3,273.3,273.3,273.4,273.4,273.4,273.4,273.3,273.3,273.3,273.3,273.2,273.2,273.2,273.3,273.3,273.3,273.4,273.5,273.5,273.5,273.3,273.3,273.4
274.9,275.3,275.5,274.9,274.8,275.0,275.3,275.5,275.4,275.5,276.0,275.9,275.9,276.4,277.2,277.5,277.6,277.8,278.1,277.9,277.2,276.8,276.7,276.8,276.9,276.8,276.5,276.2,275.9,275.8,275.7,275.7,275.6,275.6,275.8,275.7,275.6,275.4,275.1,275.0,274.9,275.0,274.5,274.2,274.4,274.4,274.1,273.9,273.8,273.8,273.8,273.6,273.5,273.6,273.5,273.5,273.5,273.5,273.4,273.3,273.2,273.3,273.5,273.6,273.4,273.5,273.6,273.6,273.7,273.6,273.6,273.9,274.0,274.3,274.1,273.8,273.7
275.5,275.9,275.8,275.5,275.6,275.7,275.7,275.6,276.5,277.2,277.5,277.6,277.6,277.7,278.1,278.1,278.0,278.4,278.9,279.1,278.7,277.9,277.4,277.3,277.5,277.4,277.1,276.5,276.1,276.2,276.4,276.2,276.1,276.7,277.2,277.0,276.5,276.4,276.5,276.5,276.6,276.2,275.3,275.2,275.2,274.8,274.2,274.2,274.0,274.2,274.4,273.8,273.5,273.7,273.6,273.7,273.7,273.8,273.8,273.7,273.7,273.7,273.7,273.8,273.9,273.9,274.1,274.1,274.0,274.0,274.1,274.2,274.2,274.4,274.5,274.4,274.4
275.9,276.4,276.2,276.9,277.3,277.7,277.1,276.7,277.7,278.1,278.3,278.3,278.6,278.9,279.3,279.7,279.8,279.9,280.0,279.2,278.4,277.9,278.0,278.4,278.3,278.7,278.4,277.2,277.4,278.3,278.7,278.4,278.0,277.7,277.6,277.0,277.2,277.9,277.6,276.8,276.9,276.5,275.7,276.0,276.7,276.1,275.4,274.9,274.6,274.6,274.4,274.2,274.0,274.1,274.1,274.2,274.3,274.1,274.1,274.0,274.2,274.2,274.2,274.2,274.2,274.2,274.3,274.3,274.3,274.6,274.6,274.4,274.3,274.5,275.1,275.5,275.9
277.4,277.5,277.6,277.6,277.6,277.8,277.4,277.1,277.3,277.8,279.0,279.2,279.3,279.3,279.6,279.6,279.6,280.2,280.7,280.6,280.0,279.6,279.1,278.8,278.7,278.9,278.5,278.9,279.6,279.4,279.2,279.3,279.0,278.6,278.3,278.4,278.0,278.2,278.1,277.6,277.7,277.9,277.5,277.0,277.0,277.0,276.2,275.7,275.5,275.3,275.3,274.9,275.0,274.9,274.3,274.4,274.2,274.3,274.2,274.2,274.5,274.5,274.5,274.5,274.5,274.4,274.3,274.3,274.6,275.1,275.5,275.8,275.8,276.1,276.4,276.6,276.7
277.4,277.3,278.0,279.0,278.7,277.9,277.4,277.3,277.5,278.2,278.8,279.3,280.2,280.7,280.4,280.3,280.8,281.0,280.6,280.6,281.1,280.6,280.4,279.3,278.7,278.9,279.6,279.9,280.1,279.8,279.2,279.5,279.8,279.5,279.6,279.5,279.4,279.8,280.5,280.0,279.5,279.4,278.6,277.9,277.8,277.9,277.9,277.8,277.6,277.2,276.3,276.2,275.8,275.8,275.0,275.7,275.4,274.9,275.2,275.1,274.9,274.7,274.6,274.7,275.2,276.7,277.8,276.9,276.5,276.8,276.8,276.9,276.9,276.8,276.8,276.9,277.1
