wind_kz.json
{"header": {"discipline":0,"disciplineName":"Meteorological products","gribEdition":2,"gribLength":1025,"center":7,"centerName":"US National Weather Service - NCEP(WMC)","subcenter":0,"refTime":"2023-09-22T06:00:00.000Z","significanceOfRT":1,"significanceOfRTName":"Start of forecast","productStatus":0,"productStatusName":"Operational products","productType":1,"productTypeName":"Forecast products","productDefinitionTemplate":0,"productDefinitionTemplateName":"Analysis/forecast at horizontal level/layer at a point in time","parameterCategory":2,"parameterCategoryName":"UnknownDiscipline_0_Category_2","parameterNumber":2,"parameterNumberName":"UnknownParameter_D0_C2_2","parameterUnit":"Unknown","genProcessType":2,"genProcessTypeName":"Forecast","forecastTime":0,"surface1Type":103,"surface1TypeName":"Specified height level above ground","surface1Value":10.0,"surface2Type":255,"surface2TypeName":"Missing","surface2Value":0.0,"gridDefinitionTemplate":0,"gridDefinitionTemplateName":"Latitude_Longitude","numberPoints":615,"shape":6,"shapeName":"Earth spherical with radius of 6,371,229.0 m","gridUnits":"degrees","resolution":48,"winds":"true","scanMode":64,"nx":41,"ny":15,"basicAngle":0,"lo1":47.0,"la1":41.0,"lo2":87.0,"la2":55.0,"dx":1.0,"dy":1.0}, "data":
[rows 0 to 14 of 15, columns 0 to 40 of 41]
-0.82713807,1.1928619,-2.247138,-3.807138,-7.477138,-7.247138,-7.867138,-7.977138,-8.467138,-6.357138,-4.307138,-4.457138,-3.467138,-2.677138,-3.0971382,-2.897138,-2.937138,-2.897138,-3.8371382,-2.647138,-0.73713803,-0.24713807,1.732862,3.572862,-1.467138,-2.057138,-3.6171381,2.072862,2.4028618,2.582862,6.0128617,1.4228619,0.26286194,-2.757138,-1.2971381,0.66286194,-0.70713806,-1.117138,-0.7571381,-1.6571381,-1.5671381
-0.60713804,-2.977138,-3.567138,-6.307138,-7.0071383,-5.587138,-6.707138,-6.907138,-5.227138,-3.8671381,-3.3671381,-3.8471382,-2.207138,-2.327138,-3.827138,-3.3371382,-1.9471381,-2.517138,-1.757138,-0.73713803,-0.35713807,1.032862,1.512862,3.282862,2.032862,0.96286196,1.1828619,3.032862,2.802862,0.39286193,0.70286196,1.892862,-0.76713806,1.1028619,-0.60713804,0.90286195,0.24286194,-2.707138,-1.9171381,-2.6171381,-0.37713805
-3.177138,-5.687138,-5.867138,-6.197138,-5.877138,-5.407138,-4.547138,-3.547138,-4.207138,-3.407138,-3.527138,-2.8771381,-2.397138,-2.437138,-3.187138,-2.3771381,-1.8171381,-1.0371381,-0.36713806,-0.71713805,-1.257138,-1.2071381,-2.027138,-0.70713806,1.982862,2.542862,2.212862,3.022862,0.9428619,1.8228619,1.5428619,-1.367138,0.16286194,0.31286195,-0.057138063,1.162862,0.7428619,-0.63713807,1.412862,4.882862,3.1328619
-6.4871383,-6.137138,-4.577138,-5.807138,-3.657138,-2.157138,-2.077138,-2.707138,-2.397138,-2.897138,-3.537138,-4.517138,-4.047138,-3.577138,-2.267138,-1.5771381,-1.507138,-0.9271381,-1.6971381,-1.257138,-0.79713804,-2.3771381,2.232862,2.312862,0.5528619,2.172862,2.8728619,0.84286195,1.1028619,5.082862,3.502862,3.702862,4.472862,2.272862,0.7428619,2.022862,1.7028619,1.1828619,-1.4271381,-1.107138,2.722862
-7.907138,-8.277138,-7.917138,-5.957138,-3.937138,-2.707138,-2.457138,-1.5371381,-2.007138,-2.8571382,-3.717138,-4.337138,-2.777138,-2.807138,-1.337138,-0.7471381,-1.1871381,-0.59713805,-1.867138,-2.1071382,-1.1671381,-1.477138,-1.257138,-2.3571382,-1.357138,-1.4471381,-1.097138,0.51286197,1.3528619,1.9628619,1.3428619,2.212862,2.942862,2.572862,-1.9271381,-1.127138,3.002862,2.752862,3.012862,3.242862,3.552862
-6.697138,-5.127138,-5.167138,-4.307138,-3.767138,-4.427138,-3.437138,-2.177138,-3.817138,-3.647138,-2.997138,-2.527138,-1.737138,-1.597138,-0.29713807,-0.70713806,-0.95713806,-1.6871381,-2.307138,-1.837138,-2.427138,-1.247138,-1.017138,-2.417138,-3.6271381,-3.077138,-2.257138,-2.527138,-2.297138,-1.1571381,-1.5771381,-1.117138,0.49286193,0.8828619,3.1528618,2.8628619,4.942862,5.062862,4.502862,1.492862,-1.867138
-5.4871383,-5.387138,-4.977138,-4.637138,-4.337138,-4.2171383,-4.797138,-4.997138,-3.947138,-3.3771381,-2.687138,-1.8271381,-1.4171381,-1.257138,-2.057138,-1.387138,-1.4271381,-1.5471381,-1.1871381,-0.76713806,-1.857138,-2.447138,-2.3771381,-1.5271381,-1.2971381,-1.1971381,-1.997138,-1.837138,-1.757138,-1.387138,-0.76713806,-0.90713805,-0.57713807,1.3028619,3.4128618,2.712862,2.092862,-0.51713806,2.792862,0.61286193,1.4328619
-4.397138,-4.727138,-4.597138,-4.637138,-4.377138,-4.407138,-3.407138,-2.547138,-2.407138,-1.127138,-0.72713804,-0.21713807,0.28286195,0.72286195,0.59286195,0.36286193,-0.79713804,-0.13713807,-0.017138062,-0.65713805,-0.35713807,-0.37713805,-0.98713803,-1.2771381,-1.127138,-0.34713805,0.30286193,0.84286195,0.66286194,-0.6171381,-0.34713805,0.25286195,1.3228619,-0.10713806,-0.18713807,5.052862,4.5328617,1.5628619,4.232862,3.922862,4.322862
-3.3571382,-3.397138,-3.397138,-3.6071382,-3.237138,-2.297138,-1.9371381,-1.4471381,-0.72713804,-0.027138062,1.0928619,1.612862,2.462862,2.052862,2.4028618,2.312862,2.312862,1.5928619,1.252862,0.5528619,1.752862,0.92286193,1.3128619,1.892862,1.372862,2.052862,1.662862,1.4528619,1.372862,1.5528619,1.8028619,1.132862,1.4728619,1.7128619,1.282862,1.9328619,-0.23713806,0.0028619384,0.78286195,0.32286194,1.662862
-2.057138,-2.057138,-2.247138,-1.8971381,-1.377138,-0.97713804,-0.52713805,0.54286194,1.8528619,2.3828619,3.282862,3.4128618,2.732862,3.222862,3.682862,3.922862,4.182862,4.222862,3.952862,3.602862,4.122862,3.6228619,3.212862,2.852862,2.822862,3.022862,3.582862,3.992862,3.472862,3.712862,2.552862,1.8128619,2.582862,1.9428619,-0.21713807,2.302862,-0.17713806,-0.24713807,1.002862,0.96286196,1.3028619
-0.42713806,0.20286193,0.96286196,1.532862,2.082862,2.482862,2.452862,2.772862,3.262862,3.3628619,3.782862,4.682862,4.002862,4.962862,5.292862,4.672862,5.022862,5.162862,4.632862,5.732862,6.152862,6.082862,6.202862,6.042862,5.332862,5.2828617,6.002862,5.292862,5.292862,4.002862,4.232862,3.922862,3.262862,3.3928618,1.9428619,0.70286196,0.64286196,1.402862,1.162862,-0.06713806,1.402862
1.742862,2.672862,3.232862,3.222862,3.232862,3.172862,3.172862,3.232862,2.972862,2.6328619,2.992862,5.322862,4.292862,4.932862,5.522862,5.342862,5.442862,5.712862,5.092862,6.442862,6.362862,6.592862,6.612862,6.832862,7.132862,7.5328617,7.842862,7.792862,6.822862,6.2828617,6.412862,5.832862,4.422862,3.792862,2.6428618,4.092862,3.302862,4.332862,3.1128619,0.48286194,1.362862
2.452862,2.332862,2.222862,3.1328619,2.4128618,2.3828619,2.9028618,3.562862,5.122862,3.092862,2.3728619,4.972862,5.822862,6.202862,6.552862,6.2828617,6.272862,6.352862,5.272862,6.362862,6.142862,6.912862,7.332862,7.422862,8.242862,7.932862,7.962862,7.692862,7.882862,7.892862,8.0228615,7.4928617,6.7628617,5.452862,5.682862,3.792862,4.222862,1.5428619,3.3728619,1.3028619,2.352862
3.322862,2.842862,2.202862,2.8728619,4.042862,3.582862,3.932862,3.852862,3.672862,2.922862,2.052862,3.962862,5.912862,6.152862,6.112862,6.442862,6.612862,6.412862,6.312862,7.342862,8.302862,8.532862,9.282862,8.882862,8.862862,8.672862,8.642862,8.362862,7.852862,7.872862,7.842862,7.392862,6.662862,6.702862,5.612862,5.712862,3.322862,3.492862,3.1528618,2.682862,3.062862
2.592862,2.3728619,3.6128619,3.602862,4.212862,4.432862,4.872862,4.362862,4.792862,3.472862,0.77286196,4.212862,3.432862,4.462862,6.502862,6.732862,6.7628617,7.482862,5.9928617,6.422862,6.472862,7.4928617,9.2328615,9.332862,8.182862,7.612862,9.202862,8.742862,8.472862,8.042862,7.572862,7.4928617,6.912862,6.9928617,6.752862,7.102862,6.062862,6.122862,5.312862,3.302862,-0.13713807
