wind_kz.json
{"header": {"discipline":0,"disciplineName":"Meteorological products","gribEdition":2,"gribLength":871,"center":7,"centerName":"US National Weather Service - NCEP(WMC)","subcenter":0,"refTime":"2024-01-31T12:00:00.000Z","significanceOfRT":1,"significanceOfRTName":"Start of forecast","productStatus":0,"productStatusName":"Operational products","productType":1,"productTypeName":"Forecast products","productDefinitionTemplate":0,"productDefinitionTemplateName":"Analysis/forecast at horizontal level/layer at a point in time","parameterCategory":0,"parameterCategoryName":"UnknownDiscipline_0_Category_0","parameterNumber":0,"parameterNumberName":"UnknownParameter_D0_C0_0","parameterUnit":"Unknown","genProcessType":2,"genProcessTypeName":"Forecast","forecastTime":180,"surface1Type":1,"surface1TypeName":"Ground or water surface","surface1Value":0.0,"surface2Type":255,"surface2TypeName":"Missing","surface2Value":0.0,"gridDefinitionTemplate":0,"gridDefinitionTemplateName":"Latitude_Longitude","numberPoints":615,"shape":6,"shapeName":"Earth spherical with radius of 6,371,229.0 m","gridUnits":"degrees","resolution":48,"winds":"true","scanMode":64,"nx":41,"ny":15,"basicAngle":0,"lo1":47.0,"la1":41.0,"lo2":87.0,"la2":55.0,"dx":1.0,"dy":1.0}, "data":
[rows 0 to 14 of 15, columns 0 to 40 of 41]
278.4877,270.2877,275.8877,280.3877,280.4877,281.9877,281.18768,278.9877,277.0877,277.18768,277.18768,277.18768,276.9877,276.68768,276.5877,275.68768,275.4877,274.4877,275.4877,274.5877,275.4877,276.8877,277.0877,269.7877,272.7877,275.68768,269.68768,258.18768,251.9877,248.8877,248.28769,250.28769,256.18768,263.4877,269.0877,267.7877,268.2877,268.5877,268.8877,268.5877,269.5877
260.5877,276.3877,280.18768,279.8877,280.3877,280.9877,276.8877,279.3877,277.7877,277.5877,276.8877,276.2877,276.3877,275.9877,276.0877,275.0877,276.18768,275.5877,274.4877,274.8877,274.5877,276.0877,275.7877,265.5877,248.6877,256.0877,261.18768,249.4877,251.6877,247.8877,257.68768,248.08769,253.3877,236.1877,247.9877,257.5877,256.7877,263.7877,267.0877,260.9877,266.0877
275.4877,278.2877,280.18768,280.3877,280.2877,276.5877,276.5877,277.9877,275.8877,275.68768,276.3877,277.18768,277.18768,277.0877,274.2877,273.5877,274.68768,274.0877,274.5877,274.2877,273.8877,274.7877,275.18768,270.4877,273.0877,270.3877,272.18768,271.7877,269.8877,262.18768,252.78769,253.08769,258.2877,253.58769,251.08769,258.4877,251.78769,246.78769,247.78769,250.4877,248.6877
278.0877,275.8877,278.0877,278.9877,278.3877,275.0877,276.8877,275.68768,277.68768,277.68768,277.4877,276.18768,281.3877,282.0877,277.3877,274.5877,274.5877,274.18768,273.18768,273.7877,273.9877,268.9877,273.7877,273.18768,272.68768,272.68768,272.5877,272.18768,268.4877,270.68768,267.8877,266.4877,269.9877,263.2877,256.18768,258.8877,252.1877,250.3877,260.0877,255.4877,255.08769
278.8877,272.8877,272.18768,272.5877,274.68768,276.5877,275.2877,275.8877,276.0877,275.7877,275.3877,276.68768,279.2877,279.18768,278.3877,274.3877,274.3877,274.5877,274.2877,272.5877,272.3877,273.7877,270.18768,271.2877,271.3877,270.18768,269.2877,266.4877,270.2877,270.8877,271.68768,272.3877,260.4877,247.8877,261.18768,254.08769,255.4877,251.78769,251.9877,253.08769,256.0877
276.4877,275.4877,271.8877,271.9877,272.0877,272.3877,275.3877,275.5877,275.4877,275.8877,274.18768,274.18768,278.68768,279.3877,274.8877,275.9877,273.5877,273.9877,273.18768,273.2877,271.9877,271.68768,271.3877,269.68768,268.7877,267.4877,268.2877,266.7877,266.3877,267.18768,267.9877,269.18768,271.9877,270.4877,267.3877,262.68768,261.0877,260.4877,254.28769,252.08769,253.8877
273.18768,272.5877,273.68768,274.0877,271.4877,271.8877,271.4877,271.8877,272.2877,272.4877,272.2877,272.4877,273.4877,273.3877,274.0877,274.0877,273.68768,273.2877,273.18768,272.8877,271.3877,270.68768,270.8877,269.7877,268.18768,266.7877,265.5877,264.5877,259.5877,263.5877,263.68768,269.5877,266.18768,266.68768,264.68768,259.5877,263.2877,264.9877,256.8877,256.18768,254.6877
272.5877,271.68768,272.18768,271.9877,271.8877,271.8877,271.3877,270.0877,269.3877,269.18768,268.5877,269.0877,269.9877,271.8877,272.8877,273.18768,273.18768,273.18768,273.18768,272.4877,270.8877,270.4877,270.18768,269.9877,268.3877,266.0877,265.9877,263.18768,259.7877,259.7877,263.9877,269.3877,265.4877,261.8877,264.5877,261.4877,255.78769,259.7877,260.8877,259.5877,256.0877
271.3877,271.0877,271.2877,270.5877,270.5877,270.68768,270.8877,270.4877,269.4877,268.8877,268.68768,268.2877,267.4877,268.4877,268.4877,269.9877,272.68768,273.18768,273.18768,272.7877,271.3877,269.8877,269.3877,269.2877,267.8877,268.4877,267.7877,263.18768,261.3877,255.28769,262.2877,268.8877,267.5877,268.0877,266.68768,263.0877,263.2877,264.18768,257.18768,251.8877,249.1877
267.5877,267.68768,268.0877,269.18768,269.2877,268.2877,269.0877,268.3877,268.2877,268.4877,267.9877,267.9877,267.2877,267.0877,267.4877,268.8877,271.0877,273.18768,273.18768,273.18768,272.0877,271.68768,270.5877,270.0877,269.3877,268.68768,268.8877,266.5877,263.0877,263.2877,265.18768,267.9877,271.0877,269.3877,267.2877,266.4877,266.2877,263.0877,258.9877,260.0877,251.28769
265.8877,266.0877,266.3877,266.3877,267.2877,266.8877,267.0877,267.18768,267.3877,267.2877,267.4877,267.0877,266.9877,267.0877,266.18768,267.0877,267.8877,272.5877,273.18768,272.8877,272.2877,272.2877,270.9877,270.3877,269.8877,269.68768,268.0877,265.8877,265.5877,265.2877,266.5877,270.0877,269.3877,267.68768,268.18768,267.7877,266.3877,262.9877,260.9877,259.4877,254.8877
264.4877,265.2877,266.0877,266.4877,265.8877,265.8877,266.4877,266.5877,266.9877,267.4877,266.8877,266.3877,267.4877,266.9877,266.5877,266.68768,267.18768,267.8877,272.9877,273.18768,272.2877,271.5877,271.18768,270.7877,269.68768,267.7877,266.5877,265.7877,265.7877,266.0877,267.8877,270.18768,270.8877,270.0877,269.18768,269.18768,267.7877,265.9877,266.7877,262.8877,262.7877
263.7877,264.5877,266.0877,266.68768,266.7877,266.68768,267.0877,266.9877,266.68768,267.0877,266.68768,264.8877,265.8877,266.4877,266.8877,267.18768,268.3877,270.7877,273.18768,273.18768,272.4877,271.18768,270.3877,269.0877,268.18768,267.7877,265.3877,264.9877,265.2877,267.8877,271.4877,270.7877,269.9877,270.3877,269.68768,268.8877,266.4877,263.7877,263.2877,262.0877,259.5877
264.3877,264.9877,266.7877,266.9877,266.7877,266.7877,266.9877,267.0877,267.68768,267.68768,266.68768,264.9877,264.7877,265.7877,266.4877,266.5877,267.18768,268.8877,272.9877,272.68768,271.8877,271.5877,271.2877,270.18768,268.2877,265.9877,265.18768,266.18768,268.8877,271.18768,269.9877,267.8877,269.5877,268.9877,268.5877,266.5877,265.18768,258.3877,261.5877,263.2877,253.4877
265.68768,266.18768,265.68768,265.5877,265.2877,267.2877,266.0877,268.2877,267.68768,268.68768,268.5877,265.9877,263.9877,262.2877,264.8877,266.7877,266.9877,271.2877,271.0877,271.2877,270.9877,270.4877,269.3877,268.0877,266.5877,266.4877,267.18768,269.18768,270.18768,269.4877,269.2877,267.4877,267.3877,266.8877,267.2877,265.0877,264.0877,266.68768,261.0877,256.4877,257.9877
