wind_kz.json
{"header": {"discipline":0,"disciplineName":"Meteorological products","gribEdition":2,"gribLength":1025,"center":7,"centerName":"US National Weather Service - NCEP(WMC)","subcenter":0,"refTime":"2023-10-05T00:00:00.000Z","significanceOfRT":1,"significanceOfRTName":"Start of forecast","productStatus":0,"productStatusName":"Operational products","productType":1,"productTypeName":"Forecast products","productDefinitionTemplate":0,"productDefinitionTemplateName":"Analysis/forecast at horizontal level/layer at a point in time","parameterCategory":2,"parameterCategoryName":"UnknownDiscipline_0_Category_2","parameterNumber":3,"parameterNumberName":"UnknownParameter_D0_C2_3","parameterUnit":"Unknown","genProcessType":2,"genProcessTypeName":"Forecast","forecastTime":240,"surface1Type":103,"surface1TypeName":"Specified height level above ground","surface1Value":10.0,"surface2Type":255,"surface2TypeName":"Missing","surface2Value":0.0,"gridDefinitionTemplate":0,"gridDefinitionTemplateName":"Latitude_Longitude","numberPoints":615,"shape":6,"shapeName":"Earth spherical with radius of 6,371,229.0 m","gridUnits":"degrees","resolution":48,"winds":"true","scanMode":64,"nx":41,"ny":15,"basicAngle":0,"lo1":47.0,"la1":41.0,"lo2":87.0,"la2":55.0,"dx":1.0,"dy":1.0}, "data":
[rows 0 to 14 of 15, columns 0 to 40 of 41]
-0.97082275,-3.1708229,0.57917726,2.7591772,-1.3508228,0.09917725,0.14917725,0.18917724,-0.36082277,-0.010822754,-1.2208228,-0.65082276,-0.96082276,-1.6108228,-2.4408228,-3.4008226,-2.9908228,-3.0408227,-3.9808228,-2.2308228,-2.0908227,-2.7508228,0.10917725,-0.53082275,-0.92082274,-0.7508228,-1.8308227,-0.32082275,1.2691772,2.8291771,-3.8808227,-7.200823,2.3591774,-2.3908226,-1.7808228,-4.5008225,-4.5508227,-7.5708227,-1.6108228,-6.870823,2.2491772
3.5091772,0.69917727,-0.86082274,1.8591772,4.5791774,2.5291772,-1.8308227,1.7791772,0.18917724,0.48917726,-0.7608228,-1.4008228,-0.93082273,-1.0108228,-3.1108227,-2.1808228,-1.1508228,-2.2008228,-3.9008226,-3.3508227,-3.0708227,-3.4608228,0.53917724,0.91917723,-0.29082274,-0.73082274,-3.0408227,0.63917726,-0.07082275,0.83917725,4.299177,3.4091773,-1.8108227,-5.830823,-7.290823,-5.040823,-4.680823,-9.360823,-9.410823,-5.290823,-2.8208227
1.7791772,2.3491774,2.5491772,2.8491774,2.3391771,0.6891773,0.42917725,-0.22082275,0.96917725,0.48917726,-0.49082276,-0.020822754,-0.26082274,-0.46082276,-1.2108227,-1.7708228,-2.0708227,-2.8408227,-3.1708229,-3.4608228,-3.0408227,-2.7808228,-3.9208229,-1.5608227,-0.52082276,-0.15082276,-0.040822756,-0.83082277,-0.28082275,3.5591772,4.4291773,3.5191772,3.7391772,-1.6408228,-0.020822754,4.0791774,5.009177,-0.29082274,0.33917725,-2.8508227,-4.4208226
0.89917725,2.6291773,3.8691773,3.3191772,1.2391772,1.6791773,2.4091773,2.2091773,2.1391773,1.6991773,0.65917724,-0.20082276,1.8291773,0.96917725,-0.37082276,-0.9508228,-1.6408228,-3.0508227,-4.180823,-4.100823,-2.5308228,-2.1208227,1.8291773,-0.65082276,-1.2608228,-1.0208228,-1.0108228,-1.2508228,3.4891772,4.5391774,1.5491773,-0.23082276,-1.4808228,-2.5008228,-1.7908227,-2.1108227,-1.6308228,1.1191772,6.4291773,1.8491772,1.0491773
1.6591773,1.7091773,2.6391773,2.3291771,2.2291772,2.6291773,3.0091772,3.1891773,3.4991772,2.5191772,2.3491774,1.5491773,0.049177244,0.8091772,0.64917725,-0.5108228,-1.2008227,-2.1108227,-2.7608228,-2.6808228,-2.2008228,-1.2808228,-1.4508227,-1.2308228,-1.6108228,-1.7008227,-0.6208227,0.64917725,0.85917723,0.77917725,-0.7608228,0.45917726,3.0191772,1.8391773,-1.1608227,-2.2308228,-1.0708227,-0.54082274,2.0091772,2.9191773,3.9191773
0.95917726,0.42917725,2.5991774,2.7391772,1.9491773,3.4391773,3.3091772,3.2191772,2.8391771,2.5491772,2.0491772,1.8591772,0.71917725,0.83917725,1.0491773,1.3391773,1.1491772,0.66917723,-0.18082276,0.08917724,-0.11082275,0.7491772,0.65917724,0.049177244,0.13917725,-0.010822754,0.57917726,1.6191772,1.6591773,1.4691772,1.2291772,1.1491772,1.8191773,1.9891772,1.9591773,0.64917725,3.1991773,-0.16082275,-3.0508227,-2.5708227,3.2491772
2.1491773,1.7991773,2.1891773,2.0491772,1.7191772,2.0991774,2.9791772,3.2391772,3.2891772,3.1791773,3.0691772,2.0691772,2.1191773,0.83917725,0.97917724,1.2791772,1.5791773,2.0391772,2.6291773,1.7291772,1.3091773,1.2791772,1.3791772,1.2191772,0.65917724,0.48917726,0.6291773,1.1391772,0.41917723,1.8891772,1.1591773,0.43917724,0.91917723,1.6991773,0.58917725,-0.80082273,-0.6208227,1.3591772,-1.7208228,-0.41082275,0.69917727
3.5091772,3.3091772,3.2191772,3.1991773,3.1591773,2.6891773,2.4791772,2.9391773,2.8291771,2.1791773,2.3691773,1.9191773,1.1491772,1.4491773,1.0291772,1.6891773,2.1791773,2.0691772,2.9391773,3.1791773,1.2191772,1.4491773,1.6691773,2.5591772,2.5091772,1.9091773,1.0991772,0.63917726,0.81917727,2.4691772,3.4991772,3.9391773,3.1091774,2.8491774,4.9791775,2.8691773,2.3991773,1.9291773,-0.80082273,0.50917727,-0.60082275
3.1591773,3.6791773,3.4291773,2.9191773,2.5491772,2.4691772,2.4791772,2.9191773,2.4591773,2.3291771,1.3191773,0.95917726,0.56917727,0.9391773,0.82917726,1.7391772,2.3291771,2.9391773,3.7591772,4.3291774,3.8791773,1.7091773,3.3191772,3.0691772,4.189177,4.2291775,3.4191773,3.2491772,1.4491773,1.5191772,2.9891772,4.7191772,5.1391773,4.9691772,4.819177,3.2991772,0.83917725,1.9691772,-0.86082274,-2.4308228,-2.5008228
2.5591772,2.4491773,2.3791773,2.2891772,2.4691772,2.2491772,2.1391773,2.5491772,2.7791772,2.8191772,2.1491773,1.8491772,1.7891773,0.52917725,0.63917726,0.37917724,1.7091773,2.5691772,3.2791772,3.5091772,3.5291772,3.2891772,2.5491772,4.549177,5.009177,4.2691774,4.609177,3.8791773,3.2691772,3.3591774,3.2891772,3.6791773,4.029177,4.339177,5.5191774,4.069177,1.5691773,0.50917727,2.6891773,3.2691772,2.8291771
2.6991773,2.5691772,2.0591772,1.8591772,1.9591773,2.2891772,2.3491774,2.6291773,2.2691772,2.0491772,2.6891773,1.8591772,1.3891772,1.4391773,-0.030822754,0.59917724,1.1591773,1.2691772,2.0791771,3.1791773,3.5591772,2.2891772,1.7391772,2.6391773,4.069177,4.7491775,5.069177,4.5591774,4.419177,3.1291773,1.8491772,2.7691772,3.5891771,4.8691773,6.029177,6.379177,4.629177,3.3091772,3.8091772,2.0791771,0.9991772
2.1991773,2.2191772,1.6991773,0.89917725,1.1291772,1.9791772,1.2591772,1.8091773,1.8291773,1.9891772,2.0791771,1.3691772,1.3791772,1.1491772,0.5491772,0.9391773,0.81917727,0.58917725,1.2791772,1.0691773,0.46917725,0.27917725,0.6191772,0.77917725,1.1691773,2.4091773,4.609177,4.589177,3.4491773,2.8991773,2.7791772,4.2891774,4.4491773,5.589177,5.759177,7.839177,6.989177,4.2191772,2.5091772,1.7791772,1.1191772
1.7291772,1.6491772,0.50917727,0.21917725,0.60917723,0.19917725,0.42917725,0.96917725,0.119177245,0.33917725,0.82917726,0.28917724,0.7391772,0.70917726,0.43917724,0.25917724,0.44917724,0.7391772,0.32917726,0.81917727,1.2891773,1.2791772,1.0091772,0.5591772,0.08917724,0.44917724,1.1291772,1.9591773,2.5791771,2.8191772,3.5991774,5.0991774,5.5791774,6.5591774,6.819177,6.6391773,7.4491773,5.0191774,5.1391773,3.7291772,1.6691773
2.2991772,1.9391773,2.4691772,1.3991772,0.41917723,0.52917725,0.43917724,0.10917725,0.119177245,-0.25082275,0.91917723,-0.100822754,0.83917725,0.75917727,-0.64082277,-0.41082275,0.08917724,0.37917724,0.44917724,0.5591772,0.7491772,1.3291773,1.5791773,1.2591772,1.1191772,0.8691772,1.4891772,2.2391772,2.6091774,2.9291773,3.6091774,4.1391773,5.259177,6.339177,5.839177,6.399177,5.799177,6.879177,6.0591774,5.129177,5.4691772
1.7391772,1.9091773,1.8491772,1.6291772,1.1691773,1.1191772,0.53917724,0.49917725,-0.060822755,0.25917724,1.1891773,1.0091772,0.91917723,-0.35082275,-0.32082275,-0.12082276,0.19917725,0.33917725,0.9391773,0.35917723,0.29917726,0.19917725,0.48917726,0.75917727,0.90917724,1.4291773,1.9091773,2.2491772,2.7691772,3.1191773,3.0891771,5.109177,4.759177,5.8291774,6.2891774,6.379177,7.5791774,7.5791774,6.5391774,7.339177,5.3091774
