wind_kz.json
{"header": {"discipline":0,"disciplineName":"Meteorological products","gribEdition":2,"gribLength":1025,"center":7,"centerName":"US National Weather Service - NCEP(WMC)","subcenter":0,"refTime":"2023-08-23T00:00:00.000Z","significanceOfRT":1,"significanceOfRTName":"Start of forecast","productStatus":0,"productStatusName":"Operational products","productType":1,"productTypeName":"Forecast products","productDefinitionTemplate":0,"productDefinitionTemplateName":"Analysis/forecast at horizontal level/layer at a point in time","parameterCategory":2,"parameterCategoryName":"UnknownDiscipline_0_Category_2","parameterNumber":3,"parameterNumberName":"UnknownParameter_D0_C2_3","parameterUnit":"Unknown","genProcessType":2,"genProcessTypeName":"Forecast","forecastTime":180,"surface1Type":103,"surface1TypeName":"Specified height level above ground","surface1Value":10.0,"surface2Type":255,"surface2TypeName":"Missing","surface2Value":0.0,"gridDefinitionTemplate":0,"gridDefinitionTemplateName":"Latitude_Longitude","numberPoints":615,"shape":6,"shapeName":"Earth spherical with radius of 6,371,229.0 m","gridUnits":"degrees","resolution":48,"winds":"true","scanMode":64,"nx":41,"ny":15,"basicAngle":0,"lo1":47.0,"la1":41.0,"lo2":87.0,"la2":55.0,"dx":1.0,"dy":1.0}, "data":
[rows 0 to 14 of 15, columns 0 to 40 of 41]
2.2939308,0.96393067,0.17393066,-1.5060693,-4.1860695,-6.1160693,-5.5160694,-4.006069,-4.276069,-4.5360694,-5.1760693,-4.716069,-4.006069,-3.8960693,-2.5260694,-4.4060693,-4.6560693,-3.6360693,-2.0860693,-1.5860693,4.683931,5.0939307,-4.6760693,1.3639307,1.4239306,5.493931,3.3639307,1.8539307,-2.1160693,4.913931,8.003931,3.5639307,1.2739307,1.7439307,0.22393066,1.0439306,-1.1760694,0.92393064,-2.9560692,-2.6460693,-0.6160693
-2.1460693,2.1639307,2.4739306,-1.1060693,-2.1260693,-4.3560696,-4.836069,-4.066069,-4.796069,-4.3960695,-4.8760695,-4.6160693,-4.276069,-7.3260694,-7.026069,-8.086069,-9.10607,0.36393067,-0.8660693,-1.3460693,-2.4360693,-1.0260693,3.2439306,3.9939306,3.9139307,3.9539306,3.5139306,2.0439308,-0.77606934,2.8539307,0.16393067,3.4339306,2.8539307,0.5139307,2.7439306,3.0139306,1.2639307,4.5039306,3.5739307,-0.33606935,-0.11606934
2.0339308,4.8039308,1.5939307,-1.7460693,-2.9860694,-4.986069,-4.6260695,-5.716069,-4.5160694,-4.8560696,-4.2460694,-3.7160692,-6.2460694,-6.3860693,-4.6560693,-1.7660693,-2.6660693,-3.7760694,-4.466069,-6.546069,-0.42606935,0.6439307,1.3839307,4.5739307,3.5039306,0.5639307,-2.2160692,-5.486069,-4.486069,-2.1560693,-0.48606932,-2.4360693,-4.0160694,0.6439307,1.6839306,-2.0060694,0.24393067,0.79393065,-0.30606934,2.1639307,-0.16606933
0.7539307,1.5639306,-0.13606934,-1.5860693,-5.6160693,-7.046069,-6.4460692,-5.6460695,-5.6860695,-4.756069,-4.0360694,-3.5260694,-4.1960692,-5.6360693,-5.9460692,-5.8260694,-5.1660695,-4.0160694,-3.6560693,-2.5960693,-1.3960693,0.47393066,0.8939307,1.6839306,1.3839307,2.5339308,2.9039307,-4.7460694,-6.986069,-4.486069,-5.716069,-6.3060694,3.2839308,2.3039308,2.7539306,-2.2260695,-5.1960692,-1.1060693,-1.3660693,-1.8360693,-2.5760694
0.91393065,-0.21606934,-1.2760693,-4.0560694,-6.0560694,-6.336069,-6.566069,-4.8760695,-4.6260695,-3.1760693,-4.216069,-4.736069,-3.9760695,-4.3860693,-5.1260695,-5.296069,-5.6560693,-4.3460693,-3.8460693,-3.4360693,-3.5260694,-2.6260693,-1.3960693,-0.8760693,1.7639307,0.86393064,2.7839308,4.6439304,-2.4460692,-5.3960695,-5.0960693,-6.4460692,-3.4560692,0.29393065,0.053930663,0.7039307,0.5839307,-0.65606934,-1.6460693,-1.6060693,0.67393064
-1.8560693,5.0839305,3.5939307,-0.44606933,-4.1760693,-5.006069,-5.9360695,-4.8960695,-4.4060693,-3.3460693,-3.3260694,-2.7360694,-5.6860695,-4.756069,-5.2860694,-4.9960694,-5.466069,-5.3560696,-4.336069,-3.6560693,-3.6060693,-2.7460694,-0.58606935,1.2939306,-0.25606933,1.9539306,3.8739307,3.2839308,3.1539307,-0.066069335,-3.9760695,-6.4260693,-5.7660694,-5.9160695,-4.066069,-0.52606934,-2.8360693,2.9439306,1.3439307,-0.47606933,-0.016069336
-1.5060693,-2.0760694,-3.4860694,-4.1660695,-5.6760693,-5.6460695,-5.9960694,-5.7660694,-4.9160695,-4.836069,-4.1160693,-3.1660693,-4.006069,-5.1860695,-5.4060693,-5.6960692,-5.7460694,-6.586069,-7.1960692,-4.8060694,-3.8160694,-3.5260694,-0.59606934,1.2339307,3.4939306,3.7139306,3.7139306,5.9839306,6.993931,5.493931,3.8939307,0.14393066,-1.5760694,-4.2460694,-5.5160694,0.38393065,-0.056069337,2.1539307,0.31393066,-1.0460694,2.9239306
-0.97606933,-1.3560693,-2.9960694,-4.046069,-5.546069,-6.1760693,-5.7660694,-5.9360695,-6.0760694,-5.776069,-5.7060695,-4.8260694,-5.0960693,-5.6660695,-6.4560695,-7.0560694,-7.7860694,-5.6160693,-4.9060693,-4.6160693,-3.6660693,-0.8060693,-0.7460693,1.7139306,4.013931,6.2739305,6.6239305,2.6539307,7.1539307,5.5739307,6.0639305,5.5039306,2.8039308,-1.0760694,-2.8260694,-2.5360694,-1.6560693,-2.0060694,-0.11606934,1.6039307,2.2339306
-1.0660694,-1.1760694,-2.3660693,-3.6660693,-4.1360693,-4.9160695,-5.4960694,-5.5160694,-6.236069,-6.316069,-6.276069,-5.506069,-5.836069,-6.5560694,-6.486069,-7.2260695,-7.466069,-6.9260693,-4.5760694,-4.9160695,-3.9260693,0.73393065,0.59393066,0.053930663,5.7339306,6.763931,6.9039307,6.6339307,4.8139305,5.9639306,6.8839307,7.8239307,6.1039305,2.1439307,-1.3460693,-3.3160694,-0.07606933,-3.0660694,-0.24606934,0.97393066,2.0439308
-3.1060693,-2.5860693,-1.7960694,-3.1960692,-3.1860693,-4.2660694,-4.4260693,-5.4360695,-6.0760694,-6.716069,-6.8860693,-5.086069,-6.1160693,-7.1460695,-7.216069,-8.286069,-6.6460695,-6.2260695,-5.9960694,-4.9160695,-1.8260694,-0.8760693,2.2039306,2.5139306,2.5039306,6.4239306,5.493931,7.6439304,6.3039308,4.163931,5.8539305,5.4839306,5.243931,7.6339307,2.0839307,-1.2260693,-1.2760693,-1.3260694,-1.6660694,0.60393065,-0.30606934
-1.0560694,-1.8860693,-2.7460694,-3.6060693,-2.8660693,-3.0360694,-4.1560693,-5.276069,-5.6960692,-5.6960692,-6.1560693,-4.8660693,-4.9260693,-7.0560694,-7.4160695,-4.9260693,-6.066069,-6.776069,-6.2860694,-5.526069,-4.7060695,-2.1360693,1.9639306,2.7239306,5.1239305,4.0739307,6.1139307,5.8039308,4.4839306,7.703931,2.9539306,3.1439307,4.493931,4.513931,5.493931,0.98393065,-0.08606934,1.0339307,2.1039307,0.28393066,-1.0060693
-0.6160693,-0.38606933,-1.0860693,-2.7860694,-5.1360693,-3.1460693,-4.256069,-4.7460694,-5.4260693,-5.3660693,-5.966069,-5.586069,-5.6060696,-6.9160695,-7.1360693,-6.8660693,-4.736069,-8.216069,-5.6960692,-5.046069,-4.4760695,-1.4460694,-1.8060694,2.8339307,3.5439308,6.6539307,7.8539305,8.443931,5.3539305,6.783931,5.4839306,-0.41606933,3.6539307,-0.17606933,3.1139307,2.0939307,1.6039307,-1.7160693,-0.41606933,-0.9860693,-0.65606934
0.77393067,-1.0360694,-0.58606935,-1.0960693,-3.3160694,-2.6460693,-3.7660694,-5.1660695,-6.8660693,-6.1560693,-3.8660693,-4.5960693,-5.7460694,-7.066069,-6.6760693,-6.4260693,-5.566069,-6.566069,-5.796069,-5.1260695,-4.546069,0.35393065,0.30393067,0.5739307,1.1339307,8.01393,8.833931,8.203931,7.433931,5.5839305,5.7939305,2.8039308,3.1039307,-0.6260693,-2.2160692,3.7739305,2.5639307,0.38393065,1.4739307,0.98393065,0.35393065
1.6439307,0.6939307,-0.56606936,-1.2260693,-2.1360693,-2.7860694,-3.2760694,-4.4160695,-5.1560693,-5.8760695,-3.8460693,-3.7960694,-6.836069,-6.526069,-6.1960692,-6.736069,-7.6860695,-6.8060694,-5.7460694,-4.4060693,-3.8660693,-1.4460694,2.6439307,0.10393067,4.1939306,6.013931,8.233931,7.7539306,5.723931,5.6739306,4.8939304,4.3039308,4.5439305,2.9139307,1.4039307,3.1139307,2.5639307,2.2039306,2.4739306,0.8839307,-1.0360694
1.3639307,1.2339307,1.0139307,-0.8560693,-2.8660693,-3.5460694,-3.3960693,-3.4760695,-4.7260695,-5.1460695,-2.9260693,-5.2060695,-4.7060695,-4.836069,-8.40607,-6.6560693,-8.136069,-7.5160694,-5.966069,-4.8960695,-4.8260694,0.113930665,0.17393066,3.7939308,2.8339307,5.183931,5.5539308,6.3939304,5.3339305,5.2339306,4.6539307,3.6939306,2.2439306,-2.0660694,0.77393067,0.9539307,2.1039307,2.2339306,2.2839308,2.0739307,0.6339307
