wind_kz.json
{"header": {"discipline":0,"disciplineName":"Meteorological products","gribEdition":2,"gribLength":871,"center":7,"centerName":"US National Weather Service - NCEP(WMC)","subcenter":0,"refTime":"2023-09-22T18:00:00.000Z","significanceOfRT":1,"significanceOfRTName":"Start of forecast","productStatus":0,"productStatusName":"Operational products","productType":1,"productTypeName":"Forecast products","productDefinitionTemplate":0,"productDefinitionTemplateName":"Analysis/forecast at horizontal level/layer at a point in time","parameterCategory":0,"parameterCategoryName":"UnknownDiscipline_0_Category_0","parameterNumber":0,"parameterNumberName":"UnknownParameter_D0_C0_0","parameterUnit":"Unknown","genProcessType":2,"genProcessTypeName":"Forecast","forecastTime":60,"surface1Type":1,"surface1TypeName":"Ground or water surface","surface1Value":0.0,"surface2Type":255,"surface2TypeName":"Missing","surface2Value":0.0,"gridDefinitionTemplate":0,"gridDefinitionTemplateName":"Latitude_Longitude","numberPoints":615,"shape":6,"shapeName":"Earth spherical with radius of 6,371,229.0 m","gridUnits":"degrees","resolution":48,"winds":"true","scanMode":64,"nx":41,"ny":15,"basicAngle":0,"lo1":47.0,"la1":41.0,"lo2":87.0,"la2":55.0,"dx":1.0,"dy":1.0}, "data":
[rows 0 to 14 of 15, columns 0 to 40 of 41]
299.10876,289.90875,296.60876,294.50876,294.50876,293.70877,302.80878,306.50876,303.80878,307.50876,305.90875,307.40875,306.80878,306.70877,307.20877,308.50876,309.60876,307.80878,310.60876,308.40875,310.90875,308.20877,306.50876,306.80878,306.70877,307.10876,301.90875,288.90875,293.30878,292.60876,292.00876,286.60876,298.50876,306.40875,306.50876,305.50876,310.10876,312.30878,313.80878,311.00876,309.60876
276.80878,297.00876,293.90875,294.30878,293.80878,292.60876,306.30878,302.00876,302.20877,303.70877,306.30878,305.40875,306.00876,305.20877,305.00876,305.80878,309.50876,311.50876,311.20877,310.90875,307.20877,309.50876,306.30878,300.50876,297.20877,293.00876,298.70877,298.20877,297.70877,283.80878,293.10876,274.00876,294.70877,267.10876,286.10876,300.20877,303.70877,299.10876,304.20877,298.70877,284.30878
295.00876,293.50876,294.20877,293.90875,291.90875,302.40875,302.10876,302.50876,303.10876,303.00876,303.40875,304.60876,305.00876,305.20877,302.90875,306.40875,305.90875,305.90875,307.80878,313.30878,310.90875,304.70877,305.30878,298.20877,302.70877,300.30878,301.00876,301.10876,302.40875,293.30878,278.90875,289.50876,293.20877,295.00876,293.60876,291.90875,277.50876,289.60876,287.60876,282.90875,273.10876
299.60876,293.20877,294.30878,293.20877,294.40875,299.90875,300.30878,301.70877,302.90875,303.20877,303.40875,302.40875,291.70877,291.20877,303.40875,304.40875,302.40875,304.40875,304.50876,306.20877,304.90875,301.70877,301.70877,301.20877,300.00876,299.50876,300.20877,297.00876,295.20877,298.70877,304.10876,300.00876,302.50876,302.20877,306.80878,299.20877,273.20877,272.40875,281.80878,293.80878,295.40875
299.50876,293.10876,293.50876,292.60876,295.50876,300.30878,301.10876,302.70877,299.80878,300.00876,301.40875,301.80878,290.70877,289.70877,288.20877,303.20877,302.90875,300.70877,301.00876,299.80878,300.70877,301.70877,302.00876,301.60876,301.30878,300.60876,299.50876,297.40875,301.50876,300.40875,299.20877,296.80878,289.90875,273.60876,291.80878,298.20877,296.30878,299.30878,297.30878,297.50876,295.50876
299.60876,300.20877,292.20877,292.50876,292.40875,292.30878,302.90875,301.10876,298.10876,299.40875,298.40875,298.50876,292.00876,290.70877,296.40875,301.20877,300.80878,302.20877,300.40875,301.40875,301.40875,300.40875,301.20877,300.90875,301.40875,300.50876,302.20877,289.20877,300.00876,299.60876,299.00876,298.20877,297.60876,295.40875,293.60876,294.60876,288.60876,288.90875,300.20877,297.90875,294.90875
300.00876,302.00876,301.30878,302.30878,300.00876,302.50876,301.80878,299.20877,298.80878,298.40875,297.70877,297.10876,297.90875,298.40875,299.30878,299.30878,300.90875,300.90875,302.60876,300.60876,301.00876,301.00876,300.20877,300.80878,299.50876,299.90875,301.10876,301.50876,302.20877,300.80878,295.40875,299.70877,296.70877,294.50876,292.80878,293.90875,289.40875,285.20877,274.40875,275.70877,286.90875
302.60876,303.90875,303.20877,302.40875,302.10876,301.80878,302.40875,301.30878,300.10876,298.20877,297.70877,296.60876,297.40875,296.10876,299.00876,299.00876,299.30878,300.00876,300.40875,300.20877,299.00876,300.70877,300.20877,299.70877,298.30878,296.80878,296.30878,288.80878,288.40875,292.00876,295.60876,288.10876,290.70877,287.40875,287.00876,287.20877,287.90875,287.50876,290.50876,291.60876,290.50876
304.00876,298.70877,300.20877,299.00876,302.50876,302.00876,302.30878,301.40875,300.50876,300.10876,298.80878,298.80878,297.60876,298.50876,298.10876,299.60876,299.50876,300.80878,298.30878,298.80878,298.30878,299.10876,300.00876,299.60876,298.00876,293.00876,288.70877,288.80878,288.40875,286.30878,283.80878,285.90875,285.00876,284.70877,281.70877,281.10876,284.80878,286.70877,272.00876,272.60876,271.90875
295.20877,296.50876,296.00876,302.50876,302.30878,302.30878,300.50876,295.80878,296.90875,295.10876,300.50876,299.60876,300.00876,299.30878,299.50876,299.00876,300.60876,302.10876,301.30878,300.30878,298.00876,297.80878,297.80878,294.70877,291.40875,288.10876,292.80878,286.40875,286.30878,286.30878,286.50876,284.70877,287.00876,286.10876,288.70877,280.00876,282.80878,281.80878,277.20877,274.10876,272.80878
300.10876,300.70877,301.00876,300.90875,301.80878,302.00876,295.50876,298.60876,296.20877,295.30878,292.50876,292.40875,291.80878,290.40875,290.50876,291.20877,291.20877,292.90875,299.60876,298.20877,293.00876,289.70877,289.30878,288.60876,288.30878,288.00876,286.20877,287.70877,288.20877,288.40875,288.50876,289.10876,286.60876,284.50876,287.60876,280.30878,277.20877,279.40875,284.50876,276.40875,275.90875
299.10876,300.50876,301.50876,302.40875,301.30878,300.50876,300.20877,300.90875,301.10876,300.60876,298.60876,298.30878,292.40875,291.30878,296.10876,300.40875,299.80878,299.60876,299.00876,298.20877,292.90875,289.30878,290.40875,290.40875,290.90875,292.40875,290.30878,289.00876,292.10876,289.00876,287.50876,290.40875,288.00876,289.70877,285.40875,282.80878,282.20877,279.90875,280.50876,282.00876,281.60876
294.90875,296.90875,297.70877,298.40875,298.30878,298.30878,299.10876,300.30878,300.20877,298.90875,294.40875,293.40875,296.30878,295.30878,296.90875,297.30878,297.60876,297.30878,297.90875,296.10876,296.60876,295.50876,294.70877,293.30878,290.60876,290.60876,292.50876,291.90875,289.70877,288.90875,288.20877,290.80878,287.50876,288.70877,284.10876,282.80878,282.70877,283.00876,281.30878,280.70877,278.70877
294.70877,295.70877,291.80878,296.70877,296.60876,297.30878,296.60876,296.10876,297.10876,295.80878,293.50876,291.00876,293.30878,294.00876,295.20877,295.80878,295.90875,295.40875,296.10876,296.00876,296.90875,296.00876,296.20877,296.20877,296.80878,294.40875,289.00876,287.90875,291.20877,289.90875,286.70877,289.70877,286.50876,287.00876,282.70877,279.50876,279.10876,281.10876,280.40875,276.80878,278.30878
290.90875,294.10876,287.10876,295.10876,295.20877,295.30878,295.70877,295.60876,297.30878,296.70877,293.20877,294.40875,292.00876,293.30878,294.50876,295.80878,295.60876,295.70877,297.00876,296.10876,297.00876,296.70877,296.90875,295.90875,296.10876,296.40875,295.90875,294.80878,292.30878,287.70877,291.50876,286.20877,288.10876,286.00876,280.00876,278.90875,279.50876,277.90875,278.10876,279.30878,279.10876
