wind_kz.json
{"header": {"discipline":0,"disciplineName":"Meteorological products","gribEdition":2,"gribLength":794,"center":7,"centerName":"US National Weather Service - NCEP(WMC)","subcenter":0,"refTime":"2023-10-02T18:00:00.000Z","significanceOfRT":1,"significanceOfRTName":"Start of forecast","productStatus":0,"productStatusName":"Operational products","productType":1,"productTypeName":"Forecast products","productDefinitionTemplate":0,"productDefinitionTemplateName":"Analysis/forecast at horizontal level/layer at a point in time","parameterCategory":2,"parameterCategoryName":"UnknownDiscipline_0_Category_2","parameterNumber":3,"parameterNumberName":"UnknownParameter_D0_C2_3","parameterUnit":"Unknown","genProcessType":2,"genProcessTypeName":"Forecast","forecastTime":240,"surface1Type":103,"surface1TypeName":"Specified height level above ground","surface1Value":10.0,"surface2Type":255,"surface2TypeName":"Missing","surface2Value":0.0,"gridDefinitionTemplate":0,"gridDefinitionTemplateName":"Latitude_Longitude","numberPoints":615,"shape":6,"shapeName":"Earth spherical with radius of 6,371,229.0 m","gridUnits":"degrees","resolution":48,"winds":"true","scanMode":64,"nx":41,"ny":15,"basicAngle":0,"lo1":47.0,"la1":41.0,"lo2":87.0,"la2":55.0,"dx":1.0,"dy":1.0}, "data":
[rows 0 to 14 of 15, columns 0 to 40 of 41]
2.44497,0.8449699,0.44496995,-1.5550301,-3.05503,-1.75503,-1.65503,-1.4550301,-2.45503,-2.85503,-3.95503,-4.35503,-5.95503,-6.75503,-7.25503,-7.95503,-8.45503,-7.35503,-8.45503,-5.95503,-7.05503,-7.6550303,-4.95503,1.34497,0.14496994,2.04497,0.5449699,1.5449699,1.4449699,3.44497,-1.5550301,-2.15503,0.5449699,-0.05503006,0.64496994,1.74497,0.64496994,-0.05503006,-0.25503007,1.5449699,-0.9550301
2.44497,2.14497,2.14497,0.14496994,-1.15503,-2.2550302,-1.75503,-2.35503,-2.15503,-2.7550302,-3.2550302,-4.95503,-5.6550303,-6.25503,-6.75503,-6.55503,-6.85503,-7.85503,-8.85503,-8.05503,-7.75503,-6.85503,-3.95503,1.24497,2.14497,2.44497,-0.9550301,3.44497,0.5449699,2.2449698,4.24497,4.74497,1.34497,-0.45503005,-3.85503,-0.75503004,-0.9550301,-1.0550301,-0.15503006,-0.85503006,0.94496995
2.84497,5.3449697,3.44497,2.04497,-0.45503005,-1.9550301,-3.05503,-2.55503,-1.8550301,-1.3550301,-3.2550302,-3.35503,-4.55503,-5.45503,-7.05503,-6.45503,-6.75503,-7.25503,-7.55503,-8.35503,-9.55503,-7.55503,0.04496994,-1.25503,-3.45503,-1.9550301,0.04496994,0.14496994,0.74496996,3.04497,3.64497,2.34497,2.14497,-0.45503005,-0.85503006,2.64497,2.84497,-0.45503005,-0.25503007,0.5449699,1.24497
1.84497,4.94497,3.2449698,1.9449699,-2.35503,-1.3550301,-0.9550301,-1.75503,-2.05503,-0.15503006,-1.5550301,-2.2550302,-6.35503,-7.75503,-5.55503,-6.45503,-6.95503,-6.75503,-6.75503,-7.6550303,-8.25503,-4.35503,-4.6550303,-6.25503,-5.05503,-3.65503,-5.1550303,0.04496994,0.04496994,-1.65503,2.14497,-0.85503006,-2.05503,-1.0550301,-0.6550301,-2.85503,-0.35503006,2.7449698,2.64497,0.8449699,1.4449699
3.44497,3.94497,3.2449698,2.34497,0.8449699,-0.85503006,-1.15503,-0.85503006,-1.5550301,-1.8550301,-1.65503,-3.35503,-5.55503,-6.95503,-7.75503,-5.25503,-6.6550303,-6.95503,-7.05503,-8.35503,-7.95503,-7.05503,-4.35503,-5.1550303,-6.1550303,-6.25503,-3.55503,-1.75503,-5.6550303,-0.45503005,-1.3550301,0.44496995,2.84497,3.7449698,-0.85503006,-0.45503005,0.24496993,-0.85503006,0.74496996,1.4449699,0.24496993
1.0449699,0.34496993,4.24497,3.44497,2.44497,1.9449699,-0.85503006,-0.9550301,-0.9550301,-1.25503,-2.15503,-2.15503,-3.65503,-6.25503,-5.95503,-3.95503,-5.05503,-6.05503,-8.05503,-7.95503,-8.05503,-8.15503,-8.05503,-6.85503,-6.1550303,-6.05503,-5.75503,-4.45503,-0.45503005,-2.85503,-1.5550301,2.54497,3.14497,3.64497,2.64497,2.04497,3.2449698,2.34497,-1.8550301,0.8449699,1.1449699
4.04497,3.44497,3.2449698,2.04497,1.84497,0.94496995,0.04496994,-0.25503007,-0.35503006,-1.8550301,-2.45503,-2.55503,-2.95503,-2.35503,-2.2550302,-2.95503,-3.2550302,-4.35503,-6.45503,-7.75503,-7.6550303,-8.25503,-8.05503,-6.85503,-7.25503,-7.75503,-7.1550303,-6.05503,-3.7550302,-0.25503007,1.6449699,4.14497,4.14497,2.64497,0.14496994,-0.6550301,-2.65503,1.0449699,-0.05503006,-0.45503005,2.34497
3.94497,3.54497,3.44497,3.14497,2.44497,2.04497,1.84497,-0.05503006,-0.55503005,-1.65503,-1.75503,-2.05503,-3.05503,-3.05503,-2.95503,-2.85503,-2.85503,-2.7550302,-4.05503,-6.25503,-6.85503,-7.95503,-7.35503,-5.1550303,-5.85503,-7.1550303,-8.65503,-7.85503,-6.85503,2.94497,6.74497,7.74497,3.2449698,3.84497,3.54497,1.74497,2.2449698,1.1449699,-1.0550301,0.8449699,-1.5550301
4.44497,4.14497,4.04497,3.54497,3.04497,2.34497,2.44497,1.84497,0.94496995,-0.25503007,-0.85503006,-1.5550301,-1.15503,-2.15503,-2.65503,-2.65503,-2.55503,-2.55503,-2.7550302,-4.45503,-5.25503,-7.25503,-7.25503,-5.1550303,-3.2550302,-3.45503,-6.55503,-7.75503,-6.55503,-3.85503,-1.5550301,2.34497,2.34497,5.54497,5.74497,2.94497,-0.9550301,2.64497,2.04497,1.84497,1.0449699
4.14497,4.14497,3.7449698,3.54497,3.2449698,3.04497,2.64497,2.2449698,2.04497,1.4449699,0.74496996,0.04496994,-0.35503006,-0.9550301,-1.75503,-1.8550301,-1.8550301,-2.05503,-2.2550302,-3.35503,-3.65503,-6.45503,-4.6550303,-7.05503,-6.1550303,-4.6550303,-2.2550302,-6.45503,-5.6550303,-6.25503,-6.35503,-7.55503,-6.05503,-5.35503,3.7449698,2.44497,1.24497,-1.5550301,2.04497,4.14497,3.14497
4.44497,4.74497,3.94497,3.7449698,3.2449698,3.04497,3.14497,2.94497,2.34497,1.84497,1.6449699,1.84497,0.94496995,0.04496994,-0.75503004,-1.25503,-1.3550301,-1.65503,-1.9550301,-2.45503,-3.2550302,-4.25503,-5.25503,-3.7550302,-5.05503,-5.95503,-3.95503,-6.95503,-3.65503,-5.25503,-5.05503,-7.55503,-5.85503,-5.85503,-4.85503,1.6449699,1.74497,3.04497,3.14497,1.6449699,0.5449699
4.3449697,5.14497,4.74497,4.64497,3.94497,4.04497,3.34497,3.2449698,2.7449698,2.34497,1.84497,1.1449699,1.84497,1.1449699,0.44496995,-0.25503007,1.1449699,-0.45503005,-0.85503006,-1.65503,-2.15503,-2.85503,-3.05503,-3.2550302,-3.7550302,-4.55503,-4.75503,-5.6550303,-5.85503,-4.45503,-4.6550303,-6.75503,-6.55503,-5.6550303,-3.2550302,-3.65503,-1.65503,-1.0550301,2.04497,2.14497,1.1449699
5.04497,6.04497,5.64497,5.24497,4.74497,3.44497,3.84497,3.94497,4.04497,3.34497,1.5449699,1.24497,2.94497,2.34497,1.9449699,0.74496996,2.2449698,1.0449699,-0.25503007,-0.6550301,-1.0550301,-1.25503,-0.75503004,-1.65503,-2.2550302,-2.95503,-3.45503,-4.45503,-5.35503,-4.55503,-4.45503,-4.75503,-6.25503,-7.55503,-5.6550303,-3.45503,-3.65503,-1.5550301,-0.55503005,1.6449699,0.64496994
6.14497,6.14497,7.04497,6.3449697,5.64497,5.3449697,5.54497,5.04497,4.94497,4.8449697,2.94497,0.94496995,1.9449699,3.64497,2.14497,2.04497,3.14497,2.64497,1.4449699,0.8449699,-0.35503006,-0.6550301,-0.85503006,-1.4550301,-2.05503,-2.45503,-2.95503,-2.85503,-3.05503,-3.65503,-3.95503,-2.7550302,-3.35503,-4.45503,-4.95503,-4.95503,-4.55503,-3.65503,-1.4550301,1.6449699,2.14497
5.14497,6.24497,8.34497,6.8449697,6.8449697,6.24497,6.3449697,5.8449697,5.24497,4.94497,4.14497,4.44497,3.14497,2.54497,4.14497,3.64497,2.84497,2.64497,2.7449698,1.84497,1.0449699,0.14496994,-0.55503005,-0.75503004,-1.3550301,-1.65503,-1.75503,-1.9550301,-2.2550302,-2.55503,-2.95503,-4.05503,-2.85503,-3.2550302,-3.35503,-5.1550303,-4.25503,-4.45503,-3.05503,-3.85503,1.34497
