wind_kz.json
{"header": {"discipline":0,"disciplineName":"Meteorological products","gribEdition":2,"gribLength":1025,"center":7,"centerName":"US National Weather Service - NCEP(WMC)","subcenter":0,"refTime":"2024-04-09T06:00:00.000Z","significanceOfRT":1,"significanceOfRTName":"Start of forecast","productStatus":0,"productStatusName":"Operational products","productType":1,"productTypeName":"Forecast products","productDefinitionTemplate":0,"productDefinitionTemplateName":"Analysis/forecast at horizontal level/layer at a point in time","parameterCategory":2,"parameterCategoryName":"UnknownDiscipline_0_Category_2","parameterNumber":3,"parameterNumberName":"UnknownParameter_D0_C2_3","parameterUnit":"Unknown","genProcessType":2,"genProcessTypeName":"Forecast","forecastTime":180,"surface1Type":103,"surface1TypeName":"Specified height level above ground","surface1Value":10.0,"surface2Type":255,"surface2TypeName":"Missing","surface2Value":0.0,"gridDefinitionTemplate":0,"gridDefinitionTemplateName":"Latitude_Longitude","numberPoints":615,"shape":6,"shapeName":"Earth spherical with radius of 6,371,229.0 m","gridUnits":"degrees","resolution":48,"winds":"true","scanMode":64,"nx":41,"ny":15,"basicAngle":0,"lo1":47.0,"la1":41.0,"lo2":87.0,"la2":55.0,"dx":1.0,"dy":1.0}, "data":
[rows 0 to 14 of 15, columns 0 to 40 of 41]
-0.7315521,-0.20155212,3.708448,8.378448,4.768448,2.3184478,-0.8215521,-2.7215521,1.6184479,0.60844785,-0.9815521,-2.4615521,-3.551552,-3.4015522,-1.9015521,3.3384478,2.5484478,0.8284479,2.3084478,1.6084479,4.938448,2.5684478,0.3184479,-0.5715521,-2.3715522,-1.4315522,-2.2015522,1.9084479,-0.77155215,-2.321552,-2.841552,0.9984479,1.4484478,2.438448,0.058447875,1.7184479,0.9584479,-0.14155212,-1.3815521,0.9584479,2.0784478
5.438448,1.7284479,8.388448,7.9084477,5.328448,2.8584478,-0.44155213,0.6284479,-1.0015521,0.8084479,-1.1115521,-2.3715522,-2.251552,-3.991552,-6.331552,-7.221552,3.8284478,2.738448,0.018447876,3.6184478,7.318448,4.598448,2.8584478,1.1584479,0.59844786,1.9284478,2.008448,1.8684479,0.7084479,2.248448,1.3484479,-1.7315521,-1.4615521,-0.22155212,-4.001552,-0.5115521,-0.42155212,-1.8415521,-2.1115522,-1.7015522,0.098447874
2.3884478,6.278448,6.6584477,6.298448,5.588448,3.0584478,0.2584479,1.0084479,-1.2715521,-1.2215521,-0.20155212,-0.061552122,-1.4415522,-2.4415522,-3.7315521,-4.7815523,-5.2815523,2.8584478,2.3284478,-0.6815521,4.9884477,4.898448,2.398448,2.0784478,2.208448,2.498448,2.448448,2.3284478,-0.53155214,-0.45155212,-0.011552124,-2.041552,-3.281552,-1.4915521,-0.6715521,-1.9515522,-2.281552,-4.311552,-0.22155212,1.4984479,0.8284479
3.5984478,4.668448,4.878448,5.1984477,2.738448,1.2984478,1.1084479,1.3384479,-0.18155213,0.3784479,2.248448,1.6784478,0.5584479,-0.7615521,-2.581552,-2.761552,-2.801552,-1.1115521,0.24844788,2.5384479,7.1584477,4.8884478,2.3184478,2.738448,2.2684479,3.0284479,4.918448,5.828448,4.7184477,0.77844787,-2.3715522,-3.801552,-1.0215521,8.898448,0.42844787,1.0884479,1.2384479,1.9084479,-0.30155212,0.048447877,0.19844788
4.368448,4.618448,2.0484478,2.928448,-1.8815521,-1.5515522,-1.0015521,-0.20155212,-1.0815521,-0.33155212,-0.83155215,4.2584476,3.708448,0.8184479,-1.5115521,-2.3815522,-3.2215521,-3.531552,-0.77155215,2.0184479,6.058448,4.058448,3.008448,-0.65155214,-1.4515522,5.3884478,4.9684477,7.668448,4.7384477,3.8784478,1.3284478,-0.9815521,-1.4115521,-1.4015521,0.028447876,-0.7515521,0.42844787,-1.6015521,0.83844787,0.018447876,-1.8115522
4.998448,3.698448,3.7884479,3.698448,1.5984479,1.4184479,-0.36155212,-2.1915522,-2.581552,-1.0815521,-1.0815521,-1.6315521,3.6184478,2.6284478,0.27844787,-1.4015521,-2.581552,-2.071552,-2.3615522,3.8584478,5.6784477,5.818448,2.998448,-1.2815521,-4.3415523,1.2484479,2.968448,5.788448,4.148448,4.9284477,2.748448,4.608448,-0.6015521,-1.2915521,1.7984478,0.47844788,0.3484479,-0.011552124,2.2784479,-1.8015522,-1.3615521
6.708448,6.148448,6.308448,4.798448,3.668448,2.988448,2.748448,2.168448,0.9884479,0.41844788,0.7584479,1.3884479,1.4884479,1.1384479,0.49844787,-0.7315521,-2.511552,-3.1115522,-2.001552,2.5884478,4.828448,5.768448,3.2984478,0.39844787,-2.031552,-2.9615521,2.8184478,4.7184477,4.708448,5.798448,2.8784478,1.8584479,0.9984479,-4.2815523,-0.84155214,-2.541552,-3.801552,-2.1615522,-1.2815521,-1.9315522,-2.1515522
5.4484477,4.858448,6.118448,6.848448,5.868448,4.958448,4.628448,4.078448,4.7384477,2.3384478,1.0684478,0.78844786,1.0284479,2.208448,2.448448,2.188448,-0.8215521,-1.6615521,-1.3515521,-0.5415521,3.1284478,4.4684477,3.908448,5.148448,2.3284478,1.4484478,0.2884479,1.4184479,3.008448,3.5684478,2.5484478,2.648448,1.9684479,-1.0815521,-0.7315521,-0.91155213,-1.3715521,-0.33155212,-0.33155212,0.77844787,-1.7215521
4.0084476,3.8284478,4.2384477,3.758448,2.708448,2.0484478,2.508448,2.8484478,2.0684478,0.9584479,-0.18155213,-1.0315521,-1.0815521,-0.24155213,1.0284479,3.3584478,1.1484479,-1.0715522,-1.3815521,-1.3515521,3.158448,2.8384478,0.90844786,2.0984478,4.838448,4.868448,3.168448,0.22844787,-2.6615522,2.468448,2.3484478,2.6384478,2.948448,0.84844786,0.06844787,-1.2215521,-2.791552,-1.2915521,-2.071552,-1.7615521,-3.2215521
4.078448,3.5684478,3.728448,2.968448,3.3284478,2.438448,1.0784478,1.2184479,0.16844788,0.8884479,0.9584479,0.6984479,-0.051552124,-1.3515521,-0.5415521,-0.39155212,3.0184479,-0.5415521,-0.031552125,-0.5715521,-1.5115521,1.8984479,2.448448,0.52844787,3.5184479,3.0684478,1.4584479,0.17844787,-0.10155212,-1.5715522,0.2884479,-0.121552125,-0.66155213,-0.9915521,-1.1615521,-1.0015521,0.06844787,-3.591552,0.5684479,3.2884479,3.248448
5.168448,5.2384477,4.398448,3.8584478,3.1184478,3.248448,3.0284479,2.248448,2.898448,1.2284479,0.77844787,0.3184479,-1.1615521,-0.72155213,-1.3615521,0.7684479,4.9084477,2.7984478,1.0384479,1.1084479,0.6484479,-0.6715521,3.928448,3.918448,1.7784479,3.218448,1.9984479,2.218448,0.45844787,0.8084479,0.038447876,-1.3715521,-1.1015521,-0.72155213,-1.7715521,-2.021552,0.10844788,1.8484479,-1.1515521,-1.6715522,-1.7415521
3.758448,5.558448,4.4484477,3.8484478,2.988448,2.8384478,2.898448,2.7784479,2.158448,1.7784479,1.6984478,1.4584479,1.4684479,0.49844787,-0.8715521,-1.6115521,3.8684478,4.1984477,1.5384479,1.8284478,2.208448,0.9984479,3.208448,2.8384478,3.148448,1.6184479,5.288448,4.098448,2.418448,1.1184479,0.42844787,-0.4015521,-0.9815521,-0.5015521,-1.4015521,-2.531552,-2.081552,-0.6815521,0.45844787,-0.23155212,-0.47155213
5.728448,5.6784477,5.058448,3.708448,3.198448,1.9884479,2.0784478,2.698448,2.978448,2.188448,1.4984479,0.27844787,2.0284479,0.58844787,1.1184479,1.0784478,1.3884479,2.228448,3.928448,1.5884479,3.5184479,3.658448,3.3884478,3.3584478,3.3884478,4.7184477,4.1584477,2.978448,2.248448,1.4284478,0.59844786,0.22844787,0.10844788,0.13844788,0.2884479,-0.7515521,-1.6715522,-1.4415522,-1.1515521,-1.9315522,-1.5715522
5.998448,5.078448,3.8484478,4.078448,2.148448,2.408448,1.9684479,2.8184478,1.5484478,0.9884479,1.8284478,0.7484479,0.8884479,1.7484479,0.45844787,0.7384479,1.5584478,2.718448,3.748448,2.458448,3.458448,3.458448,3.468448,3.238448,4.918448,4.4084477,3.2684479,2.7684479,2.7984478,2.3184478,1.6284479,1.2484479,0.85844785,0.79844785,-0.021552123,-0.48155212,-1.3615521,-1.0515522,-1.1115521,-1.0515522,-2.031552
4.1584477,4.378448,3.0284479,4.4484477,3.5384479,2.8484478,2.0584478,1.9384478,1.7984478,1.0884479,1.5684478,1.6284479,1.7684479,1.3184478,0.8184479,0.8984479,1.9184479,2.208448,3.8184478,1.4984479,1.5284479,3.5584478,3.5984478,4.9684477,5.148448,4.368448,4.308448,3.0984478,2.458448,2.228448,2.5984478,2.3484478,2.238448,2.0184479,2.0884478,1.2884479,0.19844788,0.098447874,-0.28155214,-1.2115521,-1.0115521
