wind_kz.json
{"header": {"discipline":0,"disciplineName":"Meteorological products","gribEdition":2,"gribLength":1102,"center":7,"centerName":"US National Weather Service - NCEP(WMC)","subcenter":0,"refTime":"2023-08-28T12:00:00.000Z","significanceOfRT":1,"significanceOfRTName":"Start of forecast","productStatus":0,"productStatusName":"Operational products","productType":1,"productTypeName":"Forecast products","productDefinitionTemplate":0,"productDefinitionTemplateName":"Analysis/forecast at horizontal level/layer at a point in time","parameterCategory":2,"parameterCategoryName":"UnknownDiscipline_0_Category_2","parameterNumber":2,"parameterNumberName":"UnknownParameter_D0_C2_2","parameterUnit":"Unknown","genProcessType":2,"genProcessTypeName":"Forecast","forecastTime":0,"surface1Type":103,"surface1TypeName":"Specified height level above ground","surface1Value":10.0,"surface2Type":255,"surface2TypeName":"Missing","surface2Value":0.0,"gridDefinitionTemplate":0,"gridDefinitionTemplateName":"Latitude_Longitude","numberPoints":615,"shape":6,"shapeName":"Earth spherical with radius of 6,371,229.0 m","gridUnits":"degrees","resolution":48,"winds":"true","scanMode":64,"nx":41,"ny":15,"basicAngle":0,"lo1":47.0,"la1":41.0,"lo2":87.0,"la2":55.0,"dx":1.0,"dy":1.0}, "data":
[rows 0 to 14 of 15, columns 0 to 40 of 41]
2.6869166,1.7469165,-1.8230835,-1.1730835,-0.56308347,0.8169165,5.5169163,0.6669165,0.5969165,-1.3230835,0.08691651,0.3169165,0.6069165,0.6569165,1.9169165,1.3869165,0.3369165,1.2469165,0.4869165,1.1169165,1.4769166,-0.3230835,2.9569166,1.6469165,-5.6830835,-4.0430837,-2.0630834,0.8469165,-0.1630835,0.5769165,5.2469163,-0.4130835,1.7869165,4.2369165,2.5069165,5.1469164,-3.6030836,-3.3230834,3.0169165,-8.293083,-8.533084
0.5269165,-2.8630836,-0.7730835,-2.9530835,-0.6330835,1.1369165,5.9869165,2.0469165,3.4669166,3.3769164,3.7969165,3.2169166,3.2369165,3.3969164,3.0169165,2.0269165,2.4669166,2.1369164,2.8969164,2.4969165,1.5069165,2.7269166,2.3569164,3.0069165,2.3969164,-1.2230835,1.0469165,2.7369165,2.1269164,2.0169165,0.9069165,1.0569165,0.1269165,0.5269165,0.2669165,-2.9730835,-3.5730834,0.8369165,-5.8230834,-5.6330833,-8.883083
-5.5030837,-2.2230835,-0.9730835,2.1969166,-0.4530835,1.9669166,5.3169165,4.6769166,4.8669167,4.4169164,5.0769167,5.4269166,4.2269163,4.7269163,3.8869164,3.4969165,4.6069164,4.9869165,4.3469167,3.4269166,3.6069164,2.0769165,3.7269166,7.0269165,7.6269164,2.6769166,1.0769165,-0.7830835,-0.6130835,0.3769165,-2.2030835,0.11691651,0.6969165,3.6269164,2.0669165,-0.75308347,-0.123083495,-1.4530835,2.5769165,0.8769165,-3.2530835
-6.5830836,-2.9730835,-2.1930835,-0.9530835,1.9569165,5.8969164,5.9469166,6.1369166,5.8569164,5.2569165,5.4869165,5.9569163,1.1069165,-1.4030834,5.6169167,4.8569164,5.4069166,4.8169165,5.4769163,4.9869165,3.8169165,5.3369164,4.8069167,4.3069167,6.6169167,6.8469167,6.0769167,1.9869165,3.4769166,7.1569166,2.6369164,7.6869164,8.756916,8.506916,5.6669164,5.0569167,0.8169165,0.1269165,-0.5330835,4.7069163,7.2269163
-0.2530835,1.0969166,3.0669165,4.4969163,6.8969164,7.6969166,7.9469166,8.076917,8.316916,6.2769165,6.1169167,6.5569167,0.2869165,3.0669165,3.0769165,7.6269164,6.7469163,5.5469165,4.0969167,5.3669167,4.9869165,4.1069164,5.4269166,6.2569165,6.1469164,7.6269164,7.4069166,8.716916,7.4369164,7.7369165,9.836917,7.4569163,3.4569166,-0.083083495,2.9769166,5.6669164,13.466916,3.6069164,6.9069166,7.2469163,7.6469164
4.7769165,5.0569167,4.7669163,7.5169163,9.286917,10.056916,10.496917,8.486917,10.826917,10.116917,5.7069163,2.6169164,7.5969167,5.4269166,7.4769163,8.196917,8.236917,3.7169166,5.4969163,5.4769163,6.7869167,5.4869165,6.7669163,5.4169164,6.6769166,5.2469163,7.5369167,12.706917,7.8369164,10.576917,6.6069164,4.5569167,5.4269166,2.1169164,1.3669165,-0.81308347,3.4069166,8.486917,18.086916,9.846916,-2.7930834
3.8969164,4.9569163,5.8669167,6.5869164,6.6569166,7.7469163,9.116917,8.736917,10.926916,11.896916,8.306916,5.8569164,5.5769167,12.236917,6.8369164,8.456917,9.866917,4.9569163,5.3969164,5.1569166,6.1169167,6.9869165,5.7769165,5.8569164,8.306916,2.2069166,7.1069164,9.226916,6.0269165,7.8969164,8.636916,6.3269167,4.5069165,6.3169165,0.7769165,3.6469164,1.8169165,-1.8930835,3.6769166,-0.7330835,8.626917
1.8969165,2.9469166,5.5969167,4.6069164,6.3469167,6.8869166,7.6869164,8.506916,9.766916,8.576917,6.9669166,7.7369165,8.846916,8.486917,8.466916,13.576917,7.3869166,7.4769163,5.7669163,6.2969165,6.9869165,6.2969165,6.7569165,7.3169165,8.726916,5.6769166,7.3369164,7.4869165,9.366917,5.6269164,7.0569167,7.8569164,3.6369164,2.8469164,3.9769166,5.7169166,-0.18308349,6.6669164,10.456917,11.606916,9.756916
3.4869165,5.9169164,6.1669164,7.6769166,5.6669164,4.9269166,4.3969164,5.6869164,4.3369164,6.8269167,7.1069164,6.7469163,7.0669165,8.936916,5.9169164,12.046917,7.1569166,6.1869164,6.8069167,4.5469165,6.6469164,6.6369166,6.7769165,5.2769165,7.6669164,5.0769167,5.0569167,5.5869164,9.126917,9.596916,6.5069165,7.1869164,4.6169167,6.6169167,4.3269167,2.8969164,2.0069165,3.4969165,1.1969165,0.8869165,1.3169165
2.8669164,1.7369165,1.6569165,1.3169165,3.0269165,3.0569165,6.0369167,5.7769165,3.7069166,3.8169165,5.1269164,5.4169164,5.5069165,1.3669165,1.1469165,5.2669163,2.8369164,2.2169166,8.556916,0.4269165,8.736917,6.5869164,7.7969165,6.4169164,10.416917,4.8769164,4.8769164,5.7669163,10.566916,9.576917,5.6769166,6.0469165,4.4069166,4.2069163,1.6469165,-2.3530836,-2.0030835,2.0669165,2.7769165,1.9469165,-1.1130835
3.4369166,4.7369165,3.7769165,2.0269165,2.3569164,3.7969165,3.1069164,3.6169164,4.1369166,3.2469165,4.5369167,6.4669166,5.0369167,4.6769166,4.5969167,2.7869165,5.8869166,-1.8930835,-1.0330834,4.5569167,8.226916,5.7969165,7.1969166,6.3669167,3.4169166,6.0469165,6.1469164,7.0769167,7.9069166,7.7369165,7.4569163,-0.1130835,4.2169166,0.5569165,2.8469164,-2.4430835,-1.7730834,2.0269165,1.1169165,-0.3230835,-0.7830835
1.4569165,1.3969165,1.9469165,1.1469165,4.0669165,3.9969165,3.9169166,5.3269167,4.4969163,4.9769163,5.1569166,4.3969164,5.0869164,4.3769164,2.5669165,0.3369165,-1.5330834,1.1669165,3.5969164,6.1269164,3.8669164,2.6969166,4.9969163,5.1069164,4.3369164,5.2769165,6.5269165,9.206917,8.616917,6.5569167,7.3769164,2.2469165,0.056916505,1.1369165,0.2369165,1.5369165,1.2969165,4.3869166,-0.1630835,1.4369165,1.4469165
1.0169165,-0.3730835,2.4569166,3.9969165,4.1169167,2.8069165,4.8869166,5.3669167,6.4169164,3.6969166,3.6169164,4.0269165,5.3169165,3.2869165,2.2869165,0.6169165,1.8269165,3.8169165,4.8269167,2.1169164,1.7669165,2.6669166,5.6669164,2.5169165,3.4369166,5.0769167,8.366917,7.2169166,6.5469165,3.2769165,5.5369167,-0.1030835,0.3069165,3.0869164,3.7569165,0.5469165,2.3169165,2.2569165,2.9469166,2.4469166,2.7469165
0.4569165,2.3969164,3.4469166,2.9869165,2.1369164,4.2869167,4.3869166,5.6969166,2.9769166,4.3669167,1.8269165,2.5969164,3.9769166,4.1769166,0.4869165,-1.1030835,1.0969166,0.1269165,0.0669165,0.1969165,3.2269166,1.2269166,1.7969165,2.7669165,5.0269165,6.2769165,6.8569164,4.5669165,5.5369167,4.0569167,1.2369165,0.6369165,2.0169165,2.4169166,1.5269165,0.6669165,0.4469165,2.4569166,2.8269165,2.5169165,4.6169167
0.9469165,1.6269165,1.1369165,1.7969165,3.1869166,3.4869165,3.9569166,4.6169167,3.7069166,3.2169166,0.7769165,2.2169166,0.7969165,0.6269165,-3.6930835,-1.8230835,-0.09308349,3.2469165,-0.7030835,-0.6730835,-3.5730834,0.2769165,2.2469165,3.1669166,4.7569165,4.9569163,5.0369167,5.3169165,4.6669164,-0.2830835,-0.6630835,-0.9230835,0.5069165,1.0569165,-1.4830835,0.006916504,0.9269165,0.9669165,3.1269164,4.6769166,3.5669165
