wind_kz.json
{"header": {"discipline":0,"disciplineName":"Meteorological products","gribEdition":2,"gribLength":1102,"center":7,"centerName":"US National Weather Service - NCEP(WMC)","subcenter":0,"refTime":"2023-08-20T12:00:00.000Z","significanceOfRT":1,"significanceOfRTName":"Start of forecast","productStatus":0,"productStatusName":"Operational products","productType":1,"productTypeName":"Forecast products","productDefinitionTemplate":0,"productDefinitionTemplateName":"Analysis/forecast at horizontal level/layer at a point in time","parameterCategory":2,"parameterCategoryName":"UnknownDiscipline_0_Category_2","parameterNumber":2,"parameterNumberName":"UnknownParameter_D0_C2_2","parameterUnit":"Unknown","genProcessType":2,"genProcessTypeName":"Forecast","forecastTime":180,"surface1Type":103,"surface1TypeName":"Specified height level above ground","surface1Value":10.0,"surface2Type":255,"surface2TypeName":"Missing","surface2Value":0.0,"gridDefinitionTemplate":0,"gridDefinitionTemplateName":"Latitude_Longitude","numberPoints":615,"shape":6,"shapeName":"Earth spherical with radius of 6,371,229.0 m","gridUnits":"degrees","resolution":48,"winds":"true","scanMode":64,"nx":41,"ny":15,"basicAngle":0,"lo1":47.0,"la1":41.0,"lo2":87.0,"la2":55.0,"dx":1.0,"dy":1.0}, "data":
[rows 0 to 14 of 15, columns 0 to 40 of 41]
-2.4291112,-0.57911134,-0.27911133,-3.0491114,-3.1891112,-4.3991113,-5.6991115,-6.7391114,-7.7991114,-4.6191115,-5.1091113,-5.9091115,-5.809111,-4.7591114,-4.0491114,-2.9991114,-1.9891113,-0.76911134,-3.0991113,-1.0691113,1.3508887,1.4808887,1.8008887,-0.5491113,0.48088866,-1.8191113,-2.1991112,0.9708887,0.18088867,1.4808887,-0.18911132,1.6808887,0.26088867,1.5508887,2.2808886,-1.8191113,-0.45911133,-0.25911132,-2.3291113,-0.8691113,-1.0691113
1.6108887,0.0108886715,-3.2091112,-4.0291114,-3.8991113,-6.4291115,-4.7191114,-6.9191113,-5.4291115,-5.1291113,-4.0891113,-4.579111,-3.7191114,-2.9591112,-2.3691113,-1.9891113,-0.04911133,-2.8491113,-0.45911133,0.2708887,-1.3291113,-0.099111326,1.1408887,-0.87911135,1.1308887,0.28088868,-0.9191113,0.07088867,0.80088866,-0.39911133,0.48088866,0.25088868,0.6308887,-2.6091113,0.22088867,0.0108886715,-0.82911134,1.2708887,-2.0491114,-0.37911132,-0.81911135
-1.9591113,-5.829111,-5.7791114,-8.319111,-8.369111,-6.0991116,-4.0291114,-2.4791114,-3.9091113,-3.3991113,-1.7191113,-2.3191113,-1.9991113,-2.9391112,-2.9791114,-1.7491113,-1.3891113,-0.48911133,-0.059111327,-0.39911133,0.110888675,0.04088867,-2.1091113,-1.0291114,-0.7791113,-1.4491113,-1.4791113,-3.7691114,-4.3191113,-2.2691114,0.16088867,1.6808887,1.1908886,1.2408887,0.030888671,-1.8291113,-0.6091113,0.23088866,-1.5591114,0.6408887,0.54088867
-4.0291114,-8.089111,-7.8191113,-7.8891115,-5.5091114,-3.3791113,-0.99911135,-3.8691113,-0.039111327,-1.2491113,-0.32911134,0.24088867,1.5508887,-0.7891113,-2.1891112,-0.7291113,-0.8591113,-1.3491113,-0.69911134,0.30088866,0.5208887,0.21088867,2.9308887,2.3008888,0.86088866,2.2608886,0.18088867,-0.28911132,-0.099111326,2.3508887,-3.3191113,2.9908886,6.710889,6.980889,4.8808885,3.0808887,-0.48911133,0.99088866,-0.20911133,1.7808887,2.9408886
-3.6091113,-5.2991114,-5.0691113,-5.2391114,-3.8391113,-2.9891114,-2.6291113,-1.3491113,0.23088866,1.3808887,2.1308887,2.3308887,3.6508887,2.5308886,1.4908887,0.5708887,0.99088866,1.2508887,0.8908887,1.7408887,2.1208887,2.5608888,3.3108888,3.2808886,3.7108886,2.7008886,0.73088866,3.7608886,1.8708887,1.2908887,2.2208886,-1.5791113,1.7408887,2.1008887,1.6608887,1.0208887,11.950889,2.7908888,4.5508885,4.3508887,-1.3891113
-1.7591113,-1.0591114,0.18088867,0.5208887,1.3108886,2.1908886,0.74088866,2.0708888,2.1308887,1.1708887,3.3108888,1.7808887,1.9408886,1.8608887,3.4408886,3.1408887,3.6808887,3.2808886,2.4108887,2.7108886,2.8008888,2.7008886,3.1108887,2.5608888,2.8408887,2.1508887,2.3808887,4.8908887,2.5008886,4.7208886,2.8908887,4.9108887,4.6608887,4.790889,1.4508886,5.1408887,3.4408886,3.1008887,15.0708885,6.0308886,-1.6191113
2.1408887,2.6208887,2.9708886,3.3308887,4.5808887,4.290889,4.020889,3.7608886,3.9308887,2.1808887,1.8108886,3.3408887,1.8008887,1.8908887,3.1108887,2.7208886,3.4308887,3.1608887,2.0308886,2.5608888,3.3108888,2.6908886,-2.3591113,-0.55911136,2.0008886,2.2508886,2.2708886,2.0508888,3.0908887,1.2608887,3.6808887,3.7408886,7.4308887,7.4708886,2.9408886,6.310889,0.35088867,-1.8891113,3.7108886,0.44088867,12.710889
-1.0091113,1.3508887,2.7408886,3.5408888,4.040889,4.6208887,3.9408886,3.4508886,3.9208887,2.5308886,2.9908886,1.5508887,0.8408887,0.110888675,0.47088867,1.7508887,2.5308886,2.7208886,2.2908888,2.5208886,3.2808886,0.6308887,-1.6291113,-2.6991112,-2.7391114,-0.4791113,1.0208887,1.2808887,1.7508887,2.6108887,2.5908887,2.9808886,3.6308887,5.230889,2.8108888,7.7008886,7.1808887,10.780889,8.6108885,2.0008886,-4.6791115
0.6408887,0.7208887,1.7708887,2.7408886,3.2108886,3.6708887,4.170889,4.8708887,5.0308886,3.5208886,2.9808886,2.8108888,3.6108887,2.8608887,2.8508887,2.8308887,3.2708886,1.8008887,1.7008886,3.1608887,1.5008887,-0.49911132,0.9108887,0.62088865,0.0108886715,-0.6591113,0.24088867,1.7708887,1.0208887,0.9508887,1.2808887,1.1108887,1.3708887,3.8808887,1.2308887,2.4308887,2.6708887,-0.8691113,-0.6791113,-0.039111327,-1.2291113
0.48088866,2.0308886,2.1708887,1.5108887,2.1108887,2.6108887,2.7508886,3.5908887,3.6908886,3.7808886,4.3208885,4.1308885,3.0408888,3.3108888,2.9408886,3.2608886,2.1308887,2.2608886,2.2808886,1.7308887,1.4008887,-2.2491114,-1.2991114,0.20088868,1.3908887,1.4008887,2.0708888,1.7708887,1.1408887,2.4708886,2.7208886,5.8608885,5.4508886,4.920889,-0.04911133,0.14088868,0.29088867,3.0008886,0.69088864,-1.0491114,-1.2391113
0.8808887,0.36088866,0.87088865,1.9108887,1.9008887,2.0608888,3.0108886,3.4608886,3.6308887,3.5008886,4.6408887,6.4908886,4.7408886,4.9508886,4.3508887,3.3408887,2.2208886,2.7008886,1.9808887,2.2108886,1.2608887,1.8708887,2.0908887,0.9008887,2.3808887,1.2008886,2.1808887,0.020888671,1.4808887,3.6308887,5.270889,6.9908886,5.810889,4.7008886,1.9608886,-0.45911133,0.2708887,2.1908886,-1.5491114,0.60088867,-1.5991113
0.9508887,1.3408886,0.68088865,0.86088866,1.8308886,2.6408887,2.8708887,3.0008886,3.3508887,3.1808887,4.5808887,6.5808887,6.3508887,7.5708885,4.770889,4.0808887,3.1008887,2.7808886,0.7008887,1.8808887,1.6308887,2.4008887,1.9008887,2.0808887,1.8108886,3.1208887,3.0508888,2.0608888,2.5608888,3.8008888,4.270889,5.4708886,3.7508886,2.5208886,-0.50911134,1.1508887,4.310889,6.940889,2.8708887,0.7208887,-1.0791113
0.9708887,1.2108886,1.9108887,2.6908886,2.5208886,2.0208886,2.2608886,2.9108887,3.8808887,3.7208886,3.2408886,5.710889,3.9908886,4.6808887,3.9008887,5.1108885,2.0708888,2.2908888,1.7908887,1.3308886,0.67088866,0.80088866,1.8408886,1.4308887,3.6408887,3.0208886,3.4908886,3.7108886,4.250889,4.3708887,5.0708885,4.920889,2.7908888,0.47088867,-0.87911135,0.18088867,3.6908886,1.9408886,-1.4791113,-1.0291114,-1.6391113
2.1308887,2.2108886,3.8908887,2.9008887,2.3308887,2.4108887,2.5308886,3.3808887,4.6108885,4.8308887,3.1108887,3.6608887,4.6308885,5.460889,4.1408887,3.6208887,1.1008887,0.55088866,-0.63911134,-0.069111325,0.6608887,1.6208887,2.6208887,2.6308887,3.0208886,3.1208887,3.2708886,3.9008887,3.2308886,4.790889,6.1408887,4.0908885,1.2808887,-0.87911135,-0.99911135,1.7308887,3.1308887,1.6808887,-3.1391113,-1.3691113,-1.0891113
1.4708886,2.6508887,4.4508886,0.7108887,2.8508887,3.5808887,5.0708885,4.3508887,5.5308886,4.6608887,3.0008886,4.0908885,3.8808887,1.6008887,3.6308887,-0.29911134,-2.0091114,-0.95911133,-0.36911133,0.85088867,1.0308887,1.6508887,1.3608887,1.0408887,2.5108886,2.7208886,2.6008887,2.7808886,3.3908887,3.7008886,4.2608886,1.8008887,8.886719E-4,-2.7791114,2.2708886,3.0808887,4.8508887,-1.4991113,-2.4991114,-2.0191114,-0.8491113
