wind_kz.json
{"header": {"discipline":0,"disciplineName":"Meteorological products","gribEdition":2,"gribLength":1025,"center":7,"centerName":"US National Weather Service - NCEP(WMC)","subcenter":0,"refTime":"2023-10-04T00:00:00.000Z","significanceOfRT":1,"significanceOfRTName":"Start of forecast","productStatus":0,"productStatusName":"Operational products","productType":1,"productTypeName":"Forecast products","productDefinitionTemplate":0,"productDefinitionTemplateName":"Analysis/forecast at horizontal level/layer at a point in time","parameterCategory":2,"parameterCategoryName":"UnknownDiscipline_0_Category_2","parameterNumber":3,"parameterNumberName":"UnknownParameter_D0_C2_3","parameterUnit":"Unknown","genProcessType":2,"genProcessTypeName":"Forecast","forecastTime":0,"surface1Type":103,"surface1TypeName":"Specified height level above ground","surface1Value":10.0,"surface2Type":255,"surface2TypeName":"Missing","surface2Value":0.0,"gridDefinitionTemplate":0,"gridDefinitionTemplateName":"Latitude_Longitude","numberPoints":615,"shape":6,"shapeName":"Earth spherical with radius of 6,371,229.0 m","gridUnits":"degrees","resolution":48,"winds":"true","scanMode":64,"nx":41,"ny":15,"basicAngle":0,"lo1":47.0,"la1":41.0,"lo2":87.0,"la2":55.0,"dx":1.0,"dy":1.0}, "data":
[rows 0 to 14 of 15, columns 0 to 40 of 41]
-0.29664308,-0.45664307,-1.886643,-9.506643,-7.996643,-5.486643,-2.566643,2.3233569,-0.49664307,0.073356934,-1.3466431,-1.1866431,-1.146643,-2.066643,-2.236643,-1.426643,-1.6166431,-1.9466431,-3.9366431,-1.8666431,-2.116643,-2.976643,-0.5366431,-1.256643,-1.396643,-1.926643,-1.8266431,1.5633569,2.393357,1.723357,-1.896643,-2.4266431,0.97335696,-1.3666431,-1.6066431,0.21335693,-0.41664305,-0.14664307,1.0033569,1.233357,0.5833569
-0.6066431,0.48335692,-10.116643,-9.256643,-6.736643,-3.4266431,-0.9066431,2.483357,0.73335695,-0.6066431,-1.3366431,-2.456643,-2.056643,-1.7466431,-1.2366431,-0.08664307,0.15335694,-1.886643,-2.726643,-2.866643,-3.026643,-3.456643,-0.82664305,1.603357,0.37335694,0.42335692,-3.506643,2.403357,0.6433569,2.483357,5.343357,4.673357,0.25335693,-0.89664304,-2.1866431,-3.316643,-2.3966432,-2.956643,0.063356936,-0.83664304,0.99335694
-1.776643,-7.7766433,-7.966643,-9.766644,-0.87664306,2.883357,1.1833569,0.43335694,0.47335693,-0.75664306,-2.086643,-1.6966431,-0.55664307,0.38335693,-0.06664307,-0.63664305,-0.88664305,-1.1866431,-2.616643,-0.13664307,-0.57664305,-2.4366431,-3.8866432,-1.4466431,0.23335694,0.033356935,0.053356934,0.14335693,-0.12664306,1.1533569,2.963357,0.44335693,1.0433569,-0.80664307,-0.7966431,1.613357,2.8533568,-0.08664307,0.41335693,-0.35664308,0.8433569
-2.706643,-5.686643,-7.286643,-9.416643,-1.4966431,-0.37664306,-0.29664308,0.11335693,0.38335693,0.22335693,-0.9666431,-1.3466431,0.7733569,1.6633569,0.8933569,0.063356936,-0.21664307,-1.396643,-2.786643,-3.756643,-2.1266432,-1.886643,0.92335695,-0.7166431,-1.136643,-1.1866431,-1.8666431,-1.8766431,1.343357,-0.27664307,-2.466643,-0.7966431,0.09335694,-1.5766431,-0.93664306,-2.4366431,-0.056643065,3.283357,1.363357,0.033356935,0.74335694
-2.546643,-2.696643,-3.776643,-6.906643,-1.0866431,0.35335693,1.5133569,2.763357,2.023357,0.42335692,0.16335693,-0.6066431,2.8433568,2.283357,0.98335695,0.5733569,-0.6166431,-1.006643,-1.146643,-2.296643,-1.9866431,-1.296643,-1.386643,-1.2466431,-1.4366431,-1.6266431,-1.276643,-2.536643,-1.256643,-0.70664304,-1.766643,-0.5466431,2.983357,3.6133568,-1.3666431,-1.2166431,0.18335694,-0.62664306,1.583357,0.47335693,-0.056643065
-0.56664306,0.23335694,-0.44664305,-0.14664307,-4.126643,-4.466643,-0.14664307,0.62335694,0.5133569,0.8333569,-0.8466431,-1.5866431,-0.8566431,0.44335693,1.223357,0.41335693,-0.016643066,-0.38664305,-1.1066431,-1.006643,-1.8466431,-1.7266431,-1.806643,-1.786643,-1.256643,-2.726643,-3.196643,-2.856643,-2.546643,-2.4266431,-1.026643,-1.4366431,-1.036643,0.7733569,2.163357,1.323357,1.843357,-0.46664307,0.38335693,-0.77664304,1.0233569
0.103356935,-0.44664305,0.69335693,2.0833569,-0.31664306,-3.086643,-6.366643,-0.81664306,0.39335692,1.943357,0.74335694,0.103356935,0.94335693,0.27335694,-0.63664305,-0.28664306,-0.046643067,1.0133569,0.49335694,-1.0766431,-2.016643,-2.4066432,-2.336643,-1.8166431,-1.676643,-2.3966432,-3.726643,-2.446643,-3.836643,-3.4266431,-2.536643,-3.116643,-2.4366431,2.3233569,-0.28664306,-0.7166431,-2.4066432,-1.286643,-0.82664305,-1.2266431,-1.166643
1.853357,0.72335696,1.603357,2.983357,2.273357,-0.21664307,-1.2166431,-2.116643,-3.046643,1.2633569,1.963357,2.053357,1.7533569,0.93335694,0.073356934,0.023356933,-0.8566431,-0.076643065,1.5233569,1.5233569,-1.396643,-1.6066431,-2.806643,-2.086643,-1.756643,-0.74664307,-2.056643,-1.7366431,-1.9866431,-3.796643,-3.616643,-4.686643,-2.4266431,-1.136643,0.86335695,1.723357,0.063356936,-0.9266431,0.12335693,0.9033569,-2.316643
-0.11664306,1.993357,2.943357,2.8633568,3.483357,4.343357,2.5633569,-0.17664307,-0.6766431,-2.6766431,2.6233568,2.793357,2.283357,1.9333569,2.043357,0.91335696,0.6433569,-0.40664306,0.41335693,1.9333569,1.483357,-0.8566431,-1.3666431,-1.1966431,-1.166643,-1.5966431,-0.88664305,-1.8166431,-1.6266431,-2.026643,-3.556643,-4.406643,-3.556643,-2.236643,1.0033569,1.103357,-1.166643,0.053356934,-1.016643,0.39335692,-0.19664307
-3.526643,-2.506643,2.1033568,2.683357,3.193357,3.793357,4.923357,2.433357,4.083357,0.46335694,3.3133569,3.733357,3.5633569,3.303357,3.1033568,2.0833569,1.953357,1.2533569,0.7133569,0.97335696,1.6533569,0.8933569,0.023356933,0.94335693,0.08335693,0.033356935,-1.4366431,-1.416643,-1.536643,-2.1666431,-2.016643,-1.806643,-2.226643,-2.756643,-1.3566431,-0.6566431,0.50335693,-0.94664305,1.093357,2.223357,2.683357
-3.446643,-3.986643,-3.216643,-2.576643,0.44335693,3.223357,3.483357,3.153357,2.753357,0.87335694,2.6033568,2.8333569,3.803357,4.123357,3.193357,3.153357,3.233357,2.723357,2.3633568,1.953357,1.573357,1.2933569,0.87335694,0.79335696,0.7133569,0.66335696,0.103356935,-1.5766431,-1.426643,-1.5966431,-2.756643,-3.056643,-3.1666431,-2.826643,-2.786643,0.35335693,-0.37664306,1.0233569,0.79335696,0.8933569,-0.11664306
-1.9866431,-2.4066432,-2.6566432,-2.826643,-2.6366432,-0.006643066,2.1233568,3.6033568,4.113357,2.653357,2.483357,1.8933569,3.013357,3.683357,3.433357,3.6233568,3.643357,3.223357,3.1233568,2.993357,2.5833569,1.5533569,1.073357,1.083357,1.3833569,1.3033569,1.443357,0.22335693,-0.31664306,-1.266643,-2.046643,-2.226643,-2.076643,-1.5966431,-1.7466431,-2.6366432,-1.786643,-0.33664307,0.45335692,1.3033569,0.42335692
-0.47664306,-0.5366431,-2.066643,-1.4866431,-1.6866431,-0.9766431,-1.1866431,1.0433569,2.393357,2.3333569,2.0733569,2.0833569,3.043357,2.913357,3.283357,2.963357,2.993357,3.453357,3.743357,3.433357,3.683357,3.163357,2.453357,2.293357,2.213357,2.883357,1.823357,1.0033569,0.7633569,-0.026643066,-0.7966431,-0.7866431,-1.0766431,-1.1966431,-1.7066431,-2.1866431,-2.746643,-1.6866431,-2.546643,-1.666643,-0.7866431
0.93335694,1.1233569,-0.50664306,-0.8666431,-1.1066431,-1.516643,-1.556643,-1.676643,-0.88664305,2.3533568,2.383357,1.113357,2.163357,3.003357,3.733357,3.903357,3.763357,3.783357,3.8733568,3.923357,4.343357,4.403357,3.443357,2.733357,2.673357,2.913357,2.553357,2.493357,1.983357,1.5333569,0.9633569,0.5233569,0.16335693,-0.57664305,-1.046643,-1.416643,-1.526643,-1.4466431,-1.546643,-1.506643,-1.3566431
1.603357,1.1633569,0.6433569,0.73335695,0.31335694,0.87335694,-0.39664307,-1.4966431,-1.2366431,-0.39664307,1.3033569,2.773357,2.5633569,1.6333569,2.133357,3.523357,3.3433568,3.033357,4.383357,4.463357,4.733357,4.9733567,4.413357,3.993357,3.3733568,3.1233568,3.053357,2.703357,2.253357,1.823357,1.093357,1.103357,1.1833569,1.0233569,0.87335694,0.23335694,0.20335694,0.21335693,-0.016643066,0.103356935,-0.29664308
