wind_kz.json
{"header": {"discipline":0,"disciplineName":"Meteorological products","gribEdition":2,"gribLength":794,"center":7,"centerName":"US National Weather Service - NCEP(WMC)","subcenter":0,"refTime":"2023-09-30T00:00:00.000Z","significanceOfRT":1,"significanceOfRTName":"Start of forecast","productStatus":0,"productStatusName":"Operational products","productType":1,"productTypeName":"Forecast products","productDefinitionTemplate":0,"productDefinitionTemplateName":"Analysis/forecast at horizontal level/layer at a point in time","parameterCategory":2,"parameterCategoryName":"UnknownDiscipline_0_Category_2","parameterNumber":3,"parameterNumberName":"UnknownParameter_D0_C2_3","parameterUnit":"Unknown","genProcessType":2,"genProcessTypeName":"Forecast","forecastTime":180,"surface1Type":103,"surface1TypeName":"Specified height level above ground","surface1Value":10.0,"surface2Type":255,"surface2TypeName":"Missing","surface2Value":0.0,"gridDefinitionTemplate":0,"gridDefinitionTemplateName":"Latitude_Longitude","numberPoints":615,"shape":6,"shapeName":"Earth spherical with radius of 6,371,229.0 m","gridUnits":"degrees","resolution":48,"winds":"true","scanMode":64,"nx":41,"ny":15,"basicAngle":0,"lo1":47.0,"la1":41.0,"lo2":87.0,"la2":55.0,"dx":1.0,"dy":1.0}, "data":
[rows 0 to 14 of 15, columns 0 to 40 of 41]
4.0803347,0.98033446,0.38033447,-3.0196655,-4.3196654,-6.0196657,-5.4196653,-5.4196653,-4.9196653,-5.9196653,-5.5196657,-0.019665528,0.18033448,0.5803345,-0.21966553,1.2803345,-0.019665528,-1.4196656,-1.2196655,-1.2196655,-3.2196655,-1.1196655,-2.5196655,1.3803345,5.1803346,0.38033447,1.3803345,1.4803345,-1.8196656,-2.4196656,-1.4196656,0.68033445,-0.31966552,0.68033445,1.2803345,-0.21966553,-0.41966552,-1.2196655,0.18033448,1.3803345,-0.21966553
1.9803345,2.5803344,-0.21966553,-2.7196655,-4.0196657,-4.7196655,-5.4196653,-4.2196655,-3.8196654,-5.0196657,-4.5196657,-2.4196656,-3.2196655,-1.3196656,-1.2196655,2.2803345,0.38033447,-1.2196655,-1.5196655,-0.21966553,-0.7196655,-1.3196656,0.28033447,1.2803345,1.3803345,-0.019665528,0.48033446,1.8803345,-0.6196655,0.08033447,0.28033447,1.3803345,-0.81966555,-0.7196655,0.68033445,0.98033446,0.28033447,2.0803344,1.8803345,-0.019665528,-0.019665528
-0.51966554,5.3803344,0.7803345,-2.2196655,-3.1196656,-3.0196655,-2.5196655,-4.7196655,-4.1196656,-3.8196654,-3.7196655,-2.9196656,-0.6196655,-2.7196655,-0.9196655,-0.119665526,-0.81966555,-0.31966552,-1.8196656,-1.0196655,-0.41966552,0.7803345,0.68033445,1.4803345,-0.9196655,-0.21966553,0.5803345,-1.4196656,-2.2196655,-1.5196655,-0.31966552,-1.2196655,-2.0196655,-1.1196655,-1.0196655,0.28033447,0.8803345,0.18033448,0.38033447,1.2803345,0.28033447
-1.1196655,0.68033445,-0.7196655,-1.5196655,-1.2196655,-3.2196655,-3.9196656,-3.1196656,-4.4196653,-5.1196656,-2.5196655,-1.2196655,1.5803344,-0.51966554,-1.6196655,3.0803344,2.1803346,-0.41966552,-1.3196656,0.08033447,-0.119665526,2.3803344,1.3803345,2.9803345,1.1803344,0.38033447,2.9803345,-0.9196655,0.7803345,-3.1196656,-4.1196656,-2.0196655,0.7803345,1.3803345,-0.21966553,0.08033447,0.38033447,2.1803346,-0.31966552,-1.1196655,-2.3196654
-1.8196656,2.6803346,1.2803345,-0.7196655,-1.3196656,-1.7196655,-2.9196656,-3.7196655,-4.0196657,-4.1196656,-3.2196655,0.08033447,3.5803344,4.0803347,2.5803344,0.28033447,-0.21966553,0.48033446,-0.41966552,1.2803345,-0.41966552,-0.51966554,1.8803345,0.8803345,0.48033446,-0.6196655,5.2803345,4.1803346,2.8803344,-1.3196656,-2.3196654,-1.9196656,-0.019665528,1.0803344,-1.8196656,-0.019665528,0.7803345,0.5803345,-1.1196655,-2.0196655,-0.41966552
-0.7196655,-0.6196655,0.5803345,4.6803346,1.1803344,0.08033447,-0.9196655,-1.3196656,-2.4196656,-3.1196656,-2.1196656,0.5803345,3.3803344,5.5803347,4.3803344,3.4803345,2.9803345,1.4803345,1.3803345,1.4803345,1.2803345,0.7803345,2.3803344,-0.019665528,-2.3196654,-3.3196654,-0.9196655,6.8803344,4.1803346,1.1803344,0.28033447,-0.81966555,-0.6196655,0.18033448,0.5803345,-0.6196655,-1.0196655,3.0803344,-0.119665526,-2.1196656,-2.9196656
-0.119665526,-0.21966553,-0.31966552,-1.0196655,-0.21966553,0.7803345,-1.9196656,-2.1196656,-1.6196655,-2.5196655,-2.1196656,2.0803344,1.7803345,4.9803343,5.5803347,5.4803343,2.7803345,3.2803345,1.5803344,1.3803345,1.2803345,1.7803345,1.8803345,-0.019665528,-2.2196655,-2.7196655,-2.2196655,4.5803347,4.2803345,2.8803344,2.7803345,2.6803346,3.6803346,0.98033446,1.8803345,1.6803344,1.2803345,0.18033448,1.8803345,1.6803344,-1.0196655
-0.21966553,0.18033448,0.48033446,0.48033446,0.8803345,1.2803345,0.38033447,-1.2196655,-0.81966555,-1.1196655,0.38033447,2.4803345,0.68033445,3.2803345,7.9803343,4.3803344,2.2803345,4.1803346,2.0803344,2.6803346,1.6803344,2.3803344,1.0803344,-0.9196655,-3.0196655,-0.019665528,2.4803345,2.1803346,0.98033446,2.0803344,1.6803344,2.1803346,2.5803344,1.1803344,0.5803345,-0.9196655,-0.119665526,1.2803345,-0.41966552,-2.7196655,-2.5196655
-0.41966552,-0.31966552,-0.51966554,0.48033446,1.3803345,2.3803344,0.98033446,0.8803345,0.28033447,-0.21966553,0.08033447,3.4803345,2.7803345,2.0803344,3.4803345,3.8803344,1.0803344,3.5803344,4.4803343,3.7803345,2.1803346,1.2803345,3.3803344,2.4803345,1.8803345,1.4803345,0.7803345,1.3803345,0.8803345,0.08033447,1.2803345,0.7803345,-0.21966553,0.5803345,3.3803344,3.4803345,2.3803344,0.5803345,1.0803344,0.8803345,1.1803344
-0.81966555,-1.0196655,0.68033445,1.6803344,-0.41966552,2.6803346,2.3803344,0.8803345,1.2803345,1.6803344,1.8803345,2.7803345,3.8803344,4.5803347,3.6803346,5.6803346,5.0803347,5.4803343,3.3803344,2.7803345,3.2803345,2.1803346,5.3803344,4.4803343,4.2803345,2.0803344,1.0803344,1.0803344,1.7803345,0.98033446,1.9803345,1.8803345,0.7803345,0.68033445,-0.21966553,-0.81966555,1.2803345,-0.81966555,0.7803345,4.2803345,2.6803346
-1.6196655,-0.21966553,0.48033446,0.7803345,3.1803346,3.0803344,4.8803344,4.4803343,1.6803344,3.1803346,2.3803344,2.9803345,2.5803344,4.8803344,6.8803344,5.3803344,4.1803346,4.9803343,3.9803345,2.8803344,3.3803344,3.1803346,6.6803346,4.8803344,3.1803346,5.5803347,2.2803345,1.6803344,1.7803345,1.9803345,2.0803344,3.2803345,2.7803345,2.2803345,2.2803345,1.1803344,0.48033446,0.5803345,0.28033447,0.68033445,0.38033447
-2.7196655,-0.41966552,-2.3196654,2.2803345,2.7803345,4.3803344,4.5803347,5.1803346,4.3803344,3.9803345,3.9803345,2.5803344,2.9803345,4.4803343,7.1803346,6.1803346,3.6803346,4.3803344,4.6803346,3.8803344,3.5803344,3.1803346,4.3803344,3.4803345,4.1803346,2.4803345,1.9803345,0.8803345,2.6803346,3.0803344,3.1803346,3.3803344,1.9803345,1.8803345,0.7803345,-0.019665528,-0.6196655,-0.51966554,0.5803345,-0.019665528,-0.119665526
-1.4196656,-1.9196656,-0.6196655,0.7803345,2.0803344,3.8803344,4.3803344,6.3803344,6.0803347,4.8803344,3.5803344,1.4803345,0.38033447,6.6803346,7.6803346,7.4803343,7.4803343,1.9803345,4.2803345,3.7803345,3.3803344,3.8803344,4.6803346,4.3803344,4.0803347,3.7803345,2.7803345,2.8803344,2.8803344,3.0803344,2.8803344,2.9803345,2.0803344,2.1803346,2.2803345,1.9803345,0.48033446,0.18033448,0.18033448,-0.6196655,-1.0196655
-1.4196656,-1.1196655,-2.1196656,-0.41966552,-1.6196655,4.8803344,4.9803343,6.4803343,5.1803346,4.9803343,3.2803345,0.48033446,1.4803345,7.5803347,7.9803343,8.180334,8.880335,5.9803343,5.0803347,4.4803343,4.2803345,3.5803344,2.8803344,3.0803344,3.3803344,3.7803345,3.3803344,2.9803345,2.5803344,2.8803344,3.0803344,2.5803344,3.0803344,2.4803345,2.2803345,2.1803346,1.3803345,0.28033447,-0.41966552,0.18033448,-1.1196655
-0.6196655,-2.5196655,-0.6196655,-0.019665528,-2.1196656,4.6803346,5.3803344,6.9803343,5.1803346,5.7803345,2.7803345,3.0803344,2.3803344,6.5803347,7.0803347,5.7803345,4.9803343,5.6803346,5.7803345,4.6803346,4.9803343,3.7803345,3.2803345,3.2803345,3.0803344,2.9803345,3.3803344,3.2803345,3.2803345,3.1803346,3.1803346,3.0803344,2.5803344,2.9803345,2.4803345,2.4803345,1.2803345,1.8803345,0.98033446,1.0803344,-0.51966554
