wind_kz.json
{"header": {"discipline":0,"disciplineName":"Meteorological products","gribEdition":2,"gribLength":1025,"center":7,"centerName":"US National Weather Service - NCEP(WMC)","subcenter":0,"refTime":"2024-01-31T06:00:00.000Z","significanceOfRT":1,"significanceOfRTName":"Start of forecast","productStatus":0,"productStatusName":"Operational products","productType":1,"productTypeName":"Forecast products","productDefinitionTemplate":0,"productDefinitionTemplateName":"Analysis/forecast at horizontal level/layer at a point in time","parameterCategory":2,"parameterCategoryName":"UnknownDiscipline_0_Category_2","parameterNumber":3,"parameterNumberName":"UnknownParameter_D0_C2_3","parameterUnit":"Unknown","genProcessType":2,"genProcessTypeName":"Forecast","forecastTime":0,"surface1Type":103,"surface1TypeName":"Specified height level above ground","surface1Value":10.0,"surface2Type":255,"surface2TypeName":"Missing","surface2Value":0.0,"gridDefinitionTemplate":0,"gridDefinitionTemplateName":"Latitude_Longitude","numberPoints":615,"shape":6,"shapeName":"Earth spherical with radius of 6,371,229.0 m","gridUnits":"degrees","resolution":48,"winds":"true","scanMode":64,"nx":41,"ny":15,"basicAngle":0,"lo1":47.0,"la1":41.0,"lo2":87.0,"la2":55.0,"dx":1.0,"dy":1.0}, "data":
[rows 0 to 14 of 15, columns 0 to 40 of 41]
-2.092102,-0.52210206,-0.13210206,0.39789796,-0.23210205,-1.472102,-1.482102,1.9278979,1.017898,-0.622102,0.58789796,0.70789796,0.79789793,0.9378979,1.3178979,1.9478979,2.2678978,2.7478979,3.907898,3.457898,0.97789794,0.39789796,-1.0521021,1.0778979,0.78789794,1.977898,-0.49210206,1.6878979,-1.1721021,-1.5321021,-1.252102,0.6878979,-1.352102,0.63789797,-0.47210205,-1.132102,-0.36210206,-0.52210206,-0.59210205,-1.2021021,-1.2821021
0.28789794,-0.66210204,1.0778979,-2.382102,-3.072102,-1.622102,-0.12210205,3.387898,0.65789795,-0.23210205,0.03789795,0.98789793,1.9578979,2.157898,2.337898,3.127898,2.7578979,3.117898,3.2778978,3.887898,3.067898,3.367898,5.187898,4.497898,2.937898,4.297898,2.047898,2.667898,0.72789794,2.9978979,2.947898,1.0478979,0.52789795,-1.902102,1.777898,1.517898,0.14789794,0.23789795,0.85789794,0.64789796,-0.58210206
-0.72210205,-2.942102,-2.922102,-3.2521021,-3.092102,-1.7921021,0.25789794,0.91789794,0.34789795,0.18789795,1.857898,2.967898,3.297898,3.837898,4.007898,4.307898,5.267898,5.217898,5.297898,4.437898,4.277898,2.957898,3.677898,4.657898,1.0478979,-0.66210204,-1.482102,-3.882102,0.43789795,1.367898,0.96789795,1.4378979,-1.1621021,-0.35210204,0.44789794,-0.38210204,-0.65210205,1.7078979,-0.28210205,2.2678978,2.377898
-0.76210207,-3.522102,-4.902102,-5.6421022,-4.6221023,-1.602102,-1.992102,0.017897949,0.44789794,0.25789794,1.117898,2.107898,2.947898,4.227898,6.1278977,6.007898,6.657898,6.507898,5.917898,6.427898,5.957898,5.997898,1.2078979,5.937898,2.917898,1.7978979,0.6878979,-1.3021021,-2.652102,0.8678979,0.85789794,0.20789795,0.007897949,0.17789795,0.97789794,1.2978979,1.607898,2.0178978,-0.0021020507,-1.722102,-0.802102
-2.2521021,-2.322102,-2.202102,-2.2421021,-1.852102,-2.052102,-1.5721021,-0.48210204,-1.122102,-0.0021020507,1.027898,1.527898,0.89789796,4.117898,4.777898,5.587898,6.997898,7.1478977,7.1278977,6.8978977,7.137898,5.847898,2.457898,0.95789796,0.6878979,1.017898,5.087898,2.587898,3.827898,3.2378979,0.84789795,1.867898,-1.002102,1.017898,-0.6321021,0.66789794,-0.23210205,-0.66210204,-0.96210206,-0.31210205,-1.0621021
-2.622102,-2.7321022,-2.312102,-2.7521021,-2.772102,-3.202102,-4.002102,-3.7521021,-2.282102,-0.90210205,0.34789795,1.397898,0.67789793,0.79789793,1.5478979,6.027898,6.737898,6.967898,6.707898,6.1078978,5.757898,5.497898,4.267898,3.697898,4.577898,4.787898,3.5278978,3.587898,2.457898,7.727898,4.277898,0.59789795,1.777898,1.9278979,-0.78210205,3.187898,-1.6621021,-1.892102,-1.002102,-1.1821021,-1.4421021
-2.062102,-2.132102,-3.642102,-3.902102,-3.792102,-4.472102,-5.522102,-5.472102,-4.782102,-2.892102,-2.102102,-0.07210205,1.147898,2.677898,4.037898,4.497898,6.347898,6.8778977,7.217898,6.467898,5.1478977,4.547898,4.3978977,4.547898,5.017898,4.287898,3.567898,4.777898,5.227898,6.1278977,4.547898,2.307898,0.31789795,2.0278978,1.257898,0.42789796,0.8078979,1.987898,-0.64210206,0.04789795,0.60789794
-2.322102,-2.5121021,-2.592102,-2.332102,-4.512102,-4.262102,-2.382102,-3.2321022,-3.2421021,-3.902102,-2.9921021,-1.7821021,-0.26210204,2.417898,3.577898,4.787898,5.6478977,6.737898,6.987898,6.457898,3.927898,2.947898,3.977898,6.027898,5.8778977,5.847898,5.517898,4.227898,1.857898,3.207898,1.857898,2.537898,1.9378979,4.277898,4.1478977,-0.552102,0.20789795,0.09789795,0.057897948,1.237898,1.5578979
-2.7521021,-2.942102,-3.022102,-3.712102,-4.282102,-4.6021023,-4.062102,-3.7421021,-4.362102,-4.072102,-3.352102,-2.422102,-1.9521021,1.8178979,3.337898,4.767898,5.577898,6.467898,6.677898,5.957898,3.827898,1.0878979,4.297898,5.807898,5.947898,6.467898,2.927898,6.137898,4.687898,3.4878979,4.097898,5.717898,5.667898,6.287898,3.667898,3.7678978,1.097898,0.24789795,2.207898,1.1878979,0.89789796
-2.7521021,-2.922102,-3.292102,-4.012102,-4.072102,-4.312102,-6.922102,-7.542102,-6.982102,-5.682102,-3.852102,-4.052102,-1.892102,0.09789795,3.347898,3.797898,4.987898,5.267898,5.277898,4.697898,3.967898,2.887898,1.3078979,5.1078978,4.847898,5.167898,6.337898,5.6478977,4.907898,3.867898,4.597898,5.057898,5.697898,6.167898,5.3778977,2.367898,1.8178979,1.387898,1.6878979,1.9178979,3.287898
-3.052102,-3.392102,-3.802102,-5.082102,-4.922102,-7.742102,-6.702102,-7.002102,-6.312102,-6.732102,-5.572102,-2.832102,-2.172102,0.32789794,2.577898,3.7578979,4.717898,4.6278977,4.1478977,4.087898,2.817898,1.8278979,1.997898,4.1078978,4.287898,4.737898,3.797898,4.887898,4.207898,3.157898,4.087898,3.407898,3.377898,5.167898,6.257898,5.037898,2.7478979,2.4878979,2.727898,1.9378979,1.1878979
-1.5821021,-1.502102,-1.6921021,-2.522102,-5.312102,-6.342102,-6.982102,-6.8521023,-7.472102,-6.572102,-3.0121021,-4.8721023,-3.0021021,-0.6321021,2.077898,3.347898,4.207898,4.717898,4.007898,3.227898,2.717898,1.777898,2.2678978,2.4878979,4.007898,3.937898,3.817898,3.327898,3.7378979,4.197898,2.927898,3.4978979,3.127898,4.577898,4.977898,4.837898,0.59789795,-0.22210205,-0.37210205,-0.21210206,-0.47210205
-1.092102,-0.742102,-1.652102,-1.122102,-2.962102,-4.262102,-7.1221023,-8.272102,-10.3621025,-7.952102,-1.352102,-3.112102,-2.942102,-3.862102,1.1878979,2.597898,2.797898,3.7678978,3.877898,3.117898,3.037898,2.5278978,1.7078979,2.167898,2.957898,3.317898,2.947898,2.2478979,2.177898,2.787898,2.787898,2.797898,2.077898,2.147898,3.207898,4.287898,2.977898,1.2078979,1.527898,0.42789796,0.35789794
-1.102102,-0.96210206,-3.312102,-2.092102,-4.592102,-5.002102,-6.832102,-7.6221023,-7.462102,-8.072102,-0.932102,-0.66210204,-1.252102,-2.132102,-1.5721021,1.537898,2.447898,3.047898,3.917898,3.117898,3.127898,2.347898,1.487898,1.387898,1.2178979,2.0278978,2.427898,1.9178979,2.597898,2.957898,2.977898,2.817898,2.7578979,2.9978979,2.377898,3.4878979,2.617898,1.5578979,1.9178979,2.037898,1.157898
-0.06210205,-1.472102,-2.182102,-2.382102,-2.872102,-3.372102,-5.502102,-6.582102,-7.412102,-8.032102,-0.5021021,-0.10210205,-0.33210206,-0.73210204,-2.132102,0.67789793,2.297898,2.907898,2.937898,3.477898,3.0178978,3.157898,2.4978979,2.607898,2.147898,2.447898,2.597898,2.577898,2.677898,2.947898,2.787898,2.367898,2.187898,2.707898,2.807898,2.2578979,2.587898,1.4178979,1.117898,0.95789796,0.66789794
