wind_kz.json
{"header": {"discipline":0,"disciplineName":"Meteorological products","gribEdition":2,"gribLength":1025,"center":7,"centerName":"US National Weather Service - NCEP(WMC)","subcenter":0,"refTime":"2023-09-08T06:00:00.000Z","significanceOfRT":1,"significanceOfRTName":"Start of forecast","productStatus":0,"productStatusName":"Operational products","productType":1,"productTypeName":"Forecast products","productDefinitionTemplate":0,"productDefinitionTemplateName":"Analysis/forecast at horizontal level/layer at a point in time","parameterCategory":2,"parameterCategoryName":"UnknownDiscipline_0_Category_2","parameterNumber":3,"parameterNumberName":"UnknownParameter_D0_C2_3","parameterUnit":"Unknown","genProcessType":2,"genProcessTypeName":"Forecast","forecastTime":120,"surface1Type":103,"surface1TypeName":"Specified height level above ground","surface1Value":10.0,"surface2Type":255,"surface2TypeName":"Missing","surface2Value":0.0,"gridDefinitionTemplate":0,"gridDefinitionTemplateName":"Latitude_Longitude","numberPoints":615,"shape":6,"shapeName":"Earth spherical with radius of 6,371,229.0 m","gridUnits":"degrees","resolution":48,"winds":"true","scanMode":64,"nx":41,"ny":15,"basicAngle":0,"lo1":47.0,"la1":41.0,"lo2":87.0,"la2":55.0,"dx":1.0,"dy":1.0}, "data":
[rows 0 to 14 of 15, columns 0 to 40 of 41]
-1.2662964,1.4337037,-1.0562963,-5.1062965,-6.696296,-6.0362964,-4.7962966,-2.6162963,-1.4062964,-0.4162964,-2.0962963,-1.2262964,-1.9162964,-1.7862964,-3.0862963,-3.6862965,-4.1062965,-4.1662965,-5.3662963,-3.7162964,-3.3562963,-4.1062965,-1.9062964,1.6637036,1.8537036,1.7437036,0.6937036,2.6437037,-2.1362963,-3.2362964,-2.9462965,-0.14629638,-0.6962964,-2.1262963,-2.5862963,-1.4862964,3.4437037,3.1937037,2.0837035,2.5437036,2.8237035
0.8237036,0.4037036,0.6337036,-2.4762964,-3.8862963,-4.7762966,-3.7662964,-0.7762964,-1.7962964,-2.1062963,-1.3962964,-3.0062964,-2.2162964,-2.4562964,-2.3462963,-1.8362964,-1.7562964,-2.6662965,-3.9562964,-4.6362963,-5.0162964,-6.176296,-3.8362963,-0.4462964,3.1237037,3.7237036,3.4237037,3.3737037,-0.3862964,2.7337036,-0.016296387,0.65370363,1.1837037,-1.7062964,2.1037035,1.8237036,2.3837037,1.0437036,2.5437036,0.083703615,-0.23629639
0.023703612,4.6737037,0.34370363,0.7537036,-1.5862964,-2.3662963,-2.3562963,-2.8162963,-0.7062964,-0.9662964,-1.5562963,-1.4362963,-1.7162964,-2.9762964,-2.7962964,-3.6162963,-1.7962964,-1.2362964,-2.1862965,-4.6562963,-6.3462963,-0.91629636,-6.256296,-1.4162964,-1.4662964,-1.1862963,-1.4662964,-2.3462963,-0.6262964,-2.6262963,-2.3162963,-0.54629636,-3.5462964,1.5637037,1.0137036,-2.6062963,-4.5862966,-2.9962964,-3.3062963,2.2337036,4.4637036
2.5737035,1.9437037,-2.0962963,2.2037036,-1.4562964,-2.5162964,-3.4262965,-2.1362963,-0.22629638,-1.5362964,1.7037036,-1.9162964,-0.72629637,-1.3162963,-2.4562964,-3.7462964,-2.9262965,0.3337036,-1.6262964,-3.4962964,-5.236296,-1.8762964,0.10370361,-1.0562963,-1.6862963,-2.4262965,-2.7362964,-1.9762964,-1.7162964,-2.2562964,-2.8462963,0.29370362,1.8537036,-0.79629636,0.8037036,1.9737036,3.8237035,2.8837037,-3.4162965,0.21370362,-1.6162964
0.8037036,0.5937036,0.4837036,0.25370362,0.28370363,-0.12629639,-0.53629637,-1.4262964,-1.5762963,-0.10629639,-0.23629639,-0.9262964,-0.60629636,0.07370362,0.7637036,-2.0362964,-2.9762964,-1.4362963,-0.9562964,-1.2562964,-1.3562964,-1.4562964,-1.1962963,-1.2562964,-1.5262964,-1.7162964,-1.4962964,-2.4562964,-0.6562964,-1.1662964,-1.5462964,-1.1862963,1.8737036,1.7637036,0.31370363,1.9937036,1.7337036,-0.20629638,1.0537037,0.5337036,-1.0562963
1.4237037,2.0437036,1.2037036,-0.6862964,-0.7362964,0.5337036,0.4537036,-1.3262963,-0.046296388,-1.5162964,-0.9262964,0.043703612,-0.60629636,0.16370362,-1.2362964,-0.3462964,0.07370362,-0.43629637,-0.79629636,-1.8862964,-2.7962964,-2.1262963,-2.6562965,-2.0762963,-1.8362964,-1.6362964,-0.8362964,-0.1662964,-2.9562964,-1.5062964,-1.1762964,-0.096296385,-0.2962964,-0.036296386,-0.6962964,-2.9262965,-3.2862964,-3.1262963,-0.10629639,2.0037036,-0.60629636
1.1737037,1.7237036,1.1637036,-0.096296385,-1.0062964,-2.5562963,-2.8662963,0.7237036,1.9737036,-0.6762964,-1.0962964,-2.5162964,-1.8362964,-1.0362964,0.3337036,-0.3162964,0.7337036,0.6937036,1.2837036,-0.59629637,-2.7562964,-2.6062963,-2.3262963,-1.5262964,-1.2462964,-0.8162964,-1.2262964,-1.1362964,-0.7062964,0.033703614,0.123703614,0.6037036,1.4037036,1.9137036,1.1437036,1.8137037,2.0337036,3.2037036,-0.08629639,3.6637037,-3.0162964
-0.4162964,-0.8362964,-1.5162964,-2.5362964,-3.6162963,-3.7262964,-3.8962965,-1.7362964,-0.3262964,-0.5562964,-1.7662964,-0.49629638,-0.8662964,-1.8762964,-0.8662964,-1.0862964,-0.9062964,0.5537036,0.6737036,0.083703615,-2.8462963,-2.9462965,-1.8362964,-0.36629638,-1.7362964,-2.1862965,-2.3262963,-2.4362965,-1.3162963,-0.5662964,-0.9262964,0.90370363,1.7537036,3.7537036,4.0637035,3.1737037,1.7637036,0.44370362,-0.79629636,-1.1262964,0.5037036
-0.10629639,-0.91629636,-1.0062964,-1.9862964,-2.9462965,-4.0162964,-3.7062964,-3.0262964,-1.5062964,-1.8262963,0.34370363,-0.85629636,-0.3262964,-0.7162964,-0.9562964,-0.72629637,-0.026296386,0.6637036,0.6937036,-1.2262964,-1.7262964,-2.1262963,-1.0662963,-0.21629639,0.023703612,-0.1962964,-0.3762964,-0.84629637,-0.9462964,-0.016296387,-0.1662964,1.5137036,2.1737037,2.1337037,1.3237036,3.4137037,4.1637034,3.5737035,3.8037035,3.2537036,3.0337036
-0.9862964,-1.6662964,-2.6462965,-3.5962963,-3.4562964,-4.006296,-2.7662964,-3.0162964,-1.1962963,-0.3562964,0.123703614,-0.2862964,-1.1662964,-1.9362963,-1.8262963,-1.7362964,-1.8662964,-1.3062963,-0.21629639,0.4037036,0.96370363,-0.15629639,-1.7462964,-1.6162964,-1.2662964,-1.5962964,-1.2562964,-0.5162964,0.5337036,0.8237036,-1.0362964,-2.0862963,0.8437036,2.6437037,2.3037035,1.8737036,4.1737037,4.4737034,5.6137037,5.513704,2.9437037
-1.0262964,0.16370362,-1.6562964,-2.4862964,-2.4462965,-1.8562964,-1.4762964,-1.0162964,-1.6062964,-1.3262963,-0.40629637,-0.6762964,-0.27629638,-0.9362964,-1.1462964,-0.78629637,-1.3462964,-1.3662964,-1.7062964,-1.3562964,-1.8662964,-1.7262964,-2.0362964,-2.4862964,-1.2162964,0.5537036,1.0337036,0.8837036,1.8337036,1.6337036,1.5237036,3.0037036,3.6637037,1.0237036,6.1437035,5.4237037,2.8937037,5.4137034,8.663704,4.5637035,2.3637037
-0.97629637,-0.9362964,-2.5362964,-0.9962964,-2.0362964,-1.8262963,-1.2062964,-1.5862964,-0.5562964,-0.3562964,0.15370362,-1.2362964,-1.7962964,-1.0962964,-1.4762964,-2.1262963,-0.85629636,-2.1262963,-3.0762963,-3.5662963,-2.8062963,-1.9162964,-1.4962964,-0.5762964,-0.46629637,-0.8262964,-1.1962963,-1.4362963,-2.2662964,-0.8662964,0.6637036,2.6737037,4.2137036,5.3337035,3.5537035,6.6337037,7.1337037,2.7837036,-1.0662963,0.0037036133,1.8437036
-2.5962963,-3.6862965,-2.5662963,-2.0162964,-1.5462964,-1.3662964,-1.2962964,0.023703612,-0.9362964,-0.9662964,0.25370362,-0.7462964,-2.1962965,-1.2962964,-2.8962965,-2.2062964,-1.9462963,-2.5162964,-1.7962964,-1.8962964,-1.8562964,-2.0562963,-1.7162964,-2.0762963,-1.7362964,-1.6662964,-2.3062963,-2.0862963,-2.6462965,-2.1062963,1.4537036,3.0337036,3.7237036,6.013704,5.8137035,5.303704,5.5037036,3.9937036,4.4737034,0.21370362,1.0537037
-3.4162965,-4.1462965,-2.2162964,-2.9962964,-1.8462964,-0.9562964,0.44370362,-1.3062963,-1.8262963,-0.46629637,0.24370362,0.1937036,-2.6262963,-1.2062964,-1.2262964,-0.9562964,-2.8862963,-3.3362963,-2.9362965,-2.4362965,-2.5462964,-2.8762963,-3.6562965,-3.5162964,-3.2262964,-3.1762965,-3.6662965,-2.9662964,-3.8062963,-4.676296,-2.5162964,3.3537035,4.1137037,5.1237035,4.493704,3.9437037,4.5437036,3.4037037,6.4837036,2.9637036,1.5137036
-2.4162965,-4.1662965,-5.0162964,-3.8662963,-2.8062963,-1.8662964,-0.7562964,-0.2562964,-0.9362964,0.16370362,-0.23629639,-0.8662964,-1.1362964,-1.4362963,-4.0662966,-3.9962964,-3.2962964,-3.3662963,-4.3162966,-4.9362965,-5.1162963,-4.7462964,-3.7462964,-3.8662963,-4.8562965,-4.0862966,-4.196296,-4.196296,-4.5762963,-4.7962966,-3.4662964,0.9937036,2.3437035,3.5837035,7.0037036,5.4637036,4.573704,4.3537035,4.9637036,5.1537037,1.8237036
