wind_kz.json
{"header": {"discipline":0,"disciplineName":"Meteorological products","gribEdition":2,"gribLength":1025,"center":7,"centerName":"US National Weather Service - NCEP(WMC)","subcenter":0,"refTime":"2023-09-21T06:00:00.000Z","significanceOfRT":1,"significanceOfRTName":"Start of forecast","productStatus":0,"productStatusName":"Operational products","productType":1,"productTypeName":"Forecast products","productDefinitionTemplate":0,"productDefinitionTemplateName":"Analysis/forecast at horizontal level/layer at a point in time","parameterCategory":2,"parameterCategoryName":"UnknownDiscipline_0_Category_2","parameterNumber":2,"parameterNumberName":"UnknownParameter_D0_C2_2","parameterUnit":"Unknown","genProcessType":2,"genProcessTypeName":"Forecast","forecastTime":180,"surface1Type":103,"surface1TypeName":"Specified height level above ground","surface1Value":10.0,"surface2Type":255,"surface2TypeName":"Missing","surface2Value":0.0,"gridDefinitionTemplate":0,"gridDefinitionTemplateName":"Latitude_Longitude","numberPoints":615,"shape":6,"shapeName":"Earth spherical with radius of 6,371,229.0 m","gridUnits":"degrees","resolution":48,"winds":"true","scanMode":64,"nx":41,"ny":15,"basicAngle":0,"lo1":47.0,"la1":41.0,"lo2":87.0,"la2":55.0,"dx":1.0,"dy":1.0}, "data":
[rows 0 to 14 of 15, columns 0 to 40 of 41]
-3.478628,-0.76862794,0.7113721,-4.428628,-4.738628,-1.4886279,-2.358628,-3.5286279,-3.388628,-0.83862793,-3.448628,-3.378628,-1.6386279,-0.95862794,0.86137205,0.97137207,1.0113721,1.3913721,-0.9786279,1.191372,1.1613721,3.021372,1.1413721,-1.0886279,0.49137208,-2.928628,-2.218628,1.671372,0.41137207,0.34137207,-0.41862792,0.62137204,-0.36862794,1.691372,0.7813721,-1.0986279,0.67137206,1.961372,2.621372,2.2013721,0.26137206
1.571372,0.34137207,-4.258628,-5.138628,-3.178628,-2.188628,-2.2786279,-2.368628,-2.8386278,-3.968628,-2.848628,-1.808628,-0.37862793,0.55137205,2.281372,1.3713721,0.6913721,-0.10862793,0.55137205,0.7813721,-0.33862793,-1.928628,-0.32862794,-2.098628,0.33137208,2.121372,-1.538628,1.2213721,-2.508628,0.45137206,-0.46862793,0.17137207,-0.27862793,-1.938628,0.91137207,1.8713721,1.301372,-0.17862792,-0.18862793,1.341372,0.27137208
-2.008628,-6.088628,-4.588628,-3.118628,-1.808628,-1.298628,-3.648628,-1.8986279,-2.678628,-3.598628,-2.438628,-1.2686279,0.7113721,0.9413721,0.7513721,0.35137206,-1.3486279,-0.43862793,0.79137206,1.8813721,1.2513721,-0.33862793,-0.31862792,-0.34862792,-0.44862792,-0.83862793,-0.9986279,-0.8486279,-2.738628,-1.1486279,1.671372,1.7613721,0.62137204,0.5313721,0.23137207,-0.22862794,-0.12862793,-0.28862792,3.141372,1.8713721,1.051372
-5.738628,-7.258628,-5.078628,-2.5686278,-4.2086277,-3.0486279,-2.0486279,-2.598628,-1.558628,-2.508628,-1.9986279,-1.408628,0.09137207,-0.7886279,-1.038628,-0.52862793,-0.56862795,-0.47862792,-0.8586279,-1.4886279,-2.0386279,-1.158628,4.381372,-0.76862794,-1.9686279,-0.31862792,-1.048628,0.121372074,1.591372,1.9013721,1.811372,1.451372,4.021372,4.261372,-1.938628,-0.03862793,-1.7386279,2.481372,-0.35862792,0.5313721,-0.24862793
-6.718628,-6.728628,-6.288628,-4.218628,-3.758628,-1.9786279,0.32137206,-0.89862794,-2.198628,-1.7386279,-2.698628,-0.26862794,0.8313721,-1.0186279,-1.5886279,-1.198628,-1.178628,-1.408628,0.07137207,-1.8686279,-2.448628,-2.708628,-2.598628,-2.728628,-2.438628,-2.7786279,-2.938628,-0.7286279,0.49137208,-3.018628,-0.82862794,-0.048627928,-0.22862794,1.681372,0.27137208,0.66137207,1.7413721,0.30137208,-0.9686279,-0.75862795,-0.9886279
-3.878628,-3.208628,-3.158628,-1.908628,-0.75862795,0.67137206,1.711372,-0.20862792,-0.44862792,-1.4586279,-1.0286279,-2.398628,-1.548628,-1.438628,-1.788628,-0.9086279,-1.038628,-1.9786279,-1.188628,0.02137207,-2.408628,-2.418628,-2.228628,-1.4786279,0.121372074,-0.9686279,0.62137204,1.8713721,1.051372,0.91137207,0.99137205,3.011372,2.761372,1.6313721,1.6113721,0.92137206,1.4013721,2.361372,3.551372,0.24137206,0.73137206
-0.75862795,-0.29862794,1.841372,1.071372,0.73137206,0.22137207,-1.5886279,-1.158628,-1.1086279,-0.50862795,-0.9186279,-0.5986279,-1.0886279,-0.6086279,-0.5586279,-0.62862796,-0.8686279,-0.89862794,-1.9586279,-2.2886279,-2.5386279,-2.3186278,-3.3386278,-1.2186279,-0.88862795,-1.5086279,-1.4786279,1.6313721,3.1813722,2.551372,0.40137208,-0.6186279,1.081372,-0.02862793,1.5113721,-2.0886278,-1.3486279,3.2213721,-0.17862792,-0.07862793,2.351372
-3.698628,-3.478628,-3.248628,-2.198628,-1.5086279,-0.62862796,-0.81862795,-0.29862794,0.85137206,-0.7986279,0.5013721,-1.918628,-1.6286279,-0.87862796,-0.08862793,-0.6786279,-0.57862794,-0.40862793,-1.1086279,-1.7386279,-0.23862793,-1.1086279,-0.88862795,-1.3686279,-0.63862795,0.23137207,0.73137206,-0.5986279,-0.7386279,-1.7186279,-2.3086278,-2.438628,-2.458628,-0.63862795,-0.6786279,2.4513721,2.891372,0.8913721,-2.0586278,-2.768628,-2.3186278
-3.0486279,-3.3386278,-3.358628,-2.868628,-1.788628,-1.4886279,-0.77862793,-0.50862795,-0.09862793,0.27137208,-0.40862793,-0.23862793,-1.3386279,-2.508628,-2.408628,-1.6386279,-1.5886279,-1.9686279,-1.2286279,-0.49862793,0.26137206,0.27137208,0.80137205,0.7113721,0.33137208,-0.12862793,0.21137208,0.16137207,2.001372,-1.0186279,-1.3586279,-0.5986279,0.48137206,0.68137205,1.5213721,1.2513721,0.5813721,-1.0986279,-1.4686279,0.99137205,-1.8886279
-2.858628,-2.2986279,-2.368628,-2.518628,-1.9586279,-0.81862795,0.09137207,0.18137208,-0.9986279,-0.42862794,0.5213721,-3.208628,-2.988628,-2.5886278,-2.358628,-1.2686279,-1.428628,-1.788628,-2.2986279,-0.7386279,-0.89862794,0.25137207,0.46137208,-0.94862795,0.54137206,1.931372,1.0413721,0.32137206,-0.37862793,-1.7086279,-0.9886279,0.42137206,0.87137204,2.641372,1.4713721,1.421372,-0.9686279,0.11137207,-1.158628,0.62137204,-0.62862796
-2.098628,-2.2786279,-2.608628,-2.148628,-1.058628,-0.47862792,0.18137208,-0.16862793,-1.1186279,0.09137207,-0.11862793,-2.5486279,-2.868628,-2.988628,-1.7086279,-0.9986279,-1.7186279,-1.188628,-0.05862793,-0.23862793,-0.37862793,0.11137207,-1.0186279,-1.158628,-0.9186279,-1.4786279,1.6113721,-0.83862793,1.1413721,-0.50862795,-1.1086279,-2.358628,0.31137207,1.561372,2.521372,-0.48862794,-1.1386279,0.7513721,-0.36862794,1.2613721,-0.87862796
-0.89862794,-0.56862795,-1.3686279,-1.2486279,0.21137208,1.2513721,0.7813721,0.35137206,0.13137206,-0.02862793,-0.7186279,1.071372,-2.108628,-3.0686278,-1.428628,-1.2686279,-0.89862794,-0.82862794,-0.81862795,-1.2786279,-0.69862795,-0.49862793,-0.77862793,-0.9186279,-0.31862792,0.85137206,1.1613721,0.7513721,0.9413721,-2.228628,1.0413721,0.5313721,1.3713721,-0.15862793,0.09137207,0.22137207,1.3713721,0.87137204,0.7613721,0.44137207,0.11137207
0.27137208,0.48137206,0.45137206,1.0313721,1.5313721,0.7613721,0.56137204,0.5213721,0.43137208,0.19137207,0.14137207,1.0313721,-1.6486279,-1.1086279,0.37137207,0.7113721,1.551372,1.3513721,0.8913721,1.1013721,0.35137206,0.36137208,0.9613721,0.49137208,1.4013721,0.60137206,0.47137207,0.23137207,-2.218628,-1.068628,-0.75862795,-0.40862793,-2.438628,-2.5686278,-1.908628,-0.35862792,-0.32862794,0.49137208,1.4013721,1.8813721,1.1413721
1.5213721,1.2813721,2.501372,2.371372,1.461372,1.461372,1.1113721,0.54137206,1.191372,1.181372,0.45137206,1.1513721,1.3913721,1.801372,2.591372,2.4713721,2.091372,-0.31862792,0.6413721,-0.6586279,1.1513721,0.74137205,-1.188628,-0.7986279,-0.29862794,-0.35862792,-0.93862796,-2.248628,-1.2286279,-1.568628,-2.158628,-1.658628,-1.3386279,-0.25862792,-0.06862793,-0.81862795,0.29137206,0.67137206,0.18137208,0.8813721,2.631372
1.441372,2.4513721,2.9613721,2.081372,2.9613721,2.831372,3.041372,2.231372,2.051372,0.44137207,-0.048627928,1.2613721,1.311372,1.4013721,2.4413722,2.6713722,1.0213721,1.0313721,0.74137205,0.34137207,-1.2286279,-0.13862793,-1.418628,-0.7286279,-1.8486279,-1.908628,-1.538628,-1.828628,-1.7286279,-1.918628,-2.958628,-2.608628,-2.3186278,-2.918628,-2.3386278,-1.7086279,-1.8486279,-1.318628,-0.76862794,0.13137206,0.38137206
