wind_kz.json
{"header": {"discipline":0,"disciplineName":"Meteorological products","gribEdition":2,"gribLength":1025,"center":7,"centerName":"US National Weather Service - NCEP(WMC)","subcenter":0,"refTime":"2024-04-08T18:00:00.000Z","significanceOfRT":1,"significanceOfRTName":"Start of forecast","productStatus":0,"productStatusName":"Operational products","productType":1,"productTypeName":"Forecast products","productDefinitionTemplate":0,"productDefinitionTemplateName":"Analysis/forecast at horizontal level/layer at a point in time","parameterCategory":2,"parameterCategoryName":"UnknownDiscipline_0_Category_2","parameterNumber":2,"parameterNumberName":"UnknownParameter_D0_C2_2","parameterUnit":"Unknown","genProcessType":2,"genProcessTypeName":"Forecast","forecastTime":60,"surface1Type":103,"surface1TypeName":"Specified height level above ground","surface1Value":10.0,"surface2Type":255,"surface2TypeName":"Missing","surface2Value":0.0,"gridDefinitionTemplate":0,"gridDefinitionTemplateName":"Latitude_Longitude","numberPoints":615,"shape":6,"shapeName":"Earth spherical with radius of 6,371,229.0 m","gridUnits":"degrees","resolution":48,"winds":"true","scanMode":64,"nx":41,"ny":15,"basicAngle":0,"lo1":47.0,"la1":41.0,"lo2":87.0,"la2":55.0,"dx":1.0,"dy":1.0}, "data":
[rows 0 to 14 of 15, columns 0 to 40 of 41]
2.537854,-0.662146,0.717854,3.177854,-1.852146,-5.572146,-9.282146,-8.902146,-9.172146,-6.762146,-6.382146,-6.282146,-6.402146,-6.532146,-5.762146,-5.592146,-4.862146,-6.172146,-5.622146,-4.852146,-2.432146,-0.382146,1.247854,-0.22214599,-2.202146,-2.272146,0.757854,1.107854,1.497854,1.137854,1.757854,1.317854,-0.362146,-1.932146,-2.782146,-3.742146,-4.952146,-5.252146,-5.652146,-4.892146,-4.802146
-2.702146,-0.112146,2.537854,0.07785401,-4.412146,-4.402146,-8.372146,-8.742146,-7.562146,-6.612146,-6.392146,-6.072146,-5.312146,-4.802146,-4.312146,-3.952146,-4.162146,-5.112146,-3.912146,-2.452146,-1.112146,0.437854,2.297854,1.017854,-0.552146,0.70785403,0.447854,1.267854,1.467854,0.747854,0.857854,0.857854,0.987854,1.847854,0.517854,1.127854,-0.202146,-2.412146,-1.602146,-2.052146,-2.522146
-1.242146,1.037854,-1.252146,-3.252146,-3.652146,-6.312146,-6.742146,-5.132146,-6.232146,-4.942146,-3.962146,-3.392146,-3.132146,-3.122146,-2.832146,-2.692146,-3.072146,-2.322146,-2.192146,-1.282146,1.357854,1.357854,1.387854,4.117854,0.807854,0.417854,-2.352146,-1.722146,1.387854,0.937854,1.697854,1.097854,-0.262146,1.247854,0.16785401,1.157854,-0.312146,0.497854,0.64785403,5.517854,6.977854
-3.562146,-5.522146,-2.902146,-2.282146,-4.372146,-3.822146,-2.322146,-3.192146,-1.782146,-0.702146,-0.362146,-0.702146,-0.622146,-0.482146,-0.282146,0.16785401,0.947854,0.877854,1.9278541,1.347854,0.787854,2.407854,0.407854,-0.022145996,-0.422146,-0.312146,-0.152146,1.597854,3.767854,1.847854,-4.352146,-2.632146,-3.782146,-2.072146,-1.5721459,-0.672146,-0.062145997,2.387854,-2.142146,-3.682146,-4.182146
-2.362146,-1.772146,-3.212146,-3.482146,-2.562146,-2.992146,-2.462146,-1.232146,0.537854,0.817854,0.987854,1.757854,2.197854,3.187854,3.517854,4.107854,3.857854,4.257854,4.347854,4.257854,4.157854,3.657854,3.767854,3.337854,2.957854,2.567854,3.697854,1.547854,2.677854,3.007854,3.447854,3.757854,0.777854,3.437854,-1.992146,-1.392146,-0.582146,-2.782146,-3.652146,-2.792146,-2.172146
-2.742146,-2.382146,-1.922146,-0.872146,-0.532146,0.017854003,0.757854,0.797854,1.047854,1.027854,1.847854,2.597854,1.827854,0.037854005,0.147854,1.647854,3.627854,5.657854,7.167854,7.227854,7.207854,7.797854,8.127854,7.457854,7.537854,7.167854,6.987854,1.747854,6.377854,6.007854,5.697854,5.447854,4.047854,1.827854,1.317854,0.557854,0.797854,2.297854,5.347854,2.267854,5.737854
-1.862146,-1.742146,-1.562146,-2.342146,-2.762146,-2.572146,-2.232146,-1.612146,-2.532146,-3.232146,-3.772146,-4.852146,-4.132146,-4.002146,-2.812146,-2.272146,-0.992146,1.417854,5.627854,6.887854,7.627854,7.487854,5.717854,5.637854,9.077854,8.717854,8.257854,6.447854,3.577854,5.357854,5.307854,7.857854,3.977854,0.997854,-2.372146,-1.462146,0.927854,2.287854,3.107854,1.507854,-2.122146
-1.312146,-4.522146,-4.442146,-3.602146,-4.322146,-5.152146,-5.632146,-5.222146,-4.642146,-4.982146,-4.642146,-5.462146,-6.092146,-5.412146,-5.142146,-5.412146,-4.352146,-4.202146,-5.902146,-9.762146,-6.842146,-7.312146,-6.652146,-7.012146,-5.012146,-3.152146,-2.672146,-2.212146,-0.382146,0.207854,-0.732146,3.187854,-0.622146,0.727854,5.797854,5.467854,-0.862146,-3.592146,-2.842146,-1.382146,-0.632146
-4.322146,-4.462146,-5.162146,-5.252146,-5.992146,-5.622146,-4.582146,-4.252146,-4.442146,-4.212146,-4.222146,-3.702146,-2.882146,-3.082146,-4.462146,-4.782146,-5.182146,-5.162146,-5.652146,-6.182146,-6.472146,-5.492146,-4.522146,-3.362146,-2.812146,-1.932146,-0.972146,-0.492146,-0.242146,-0.242146,0.827854,2.137854,2.087854,1.737854,4.597854,2.567854,0.727854,-0.752146,1.537854,0.467854,1.477854
-3.552146,-4.082146,-4.712146,-4.792146,-4.752146,-4.022146,-4.032146,-3.012146,-3.702146,-4.582146,-4.252146,-4.092146,-0.562146,-1.252146,-5.422146,-5.162146,-5.302146,-4.652146,-4.122146,-3.982146,-4.192146,-3.022146,-2.232146,-2.232146,-2.182146,-1.062146,0.007854003,0.987854,1.717854,3.147854,3.517854,3.067854,3.487854,3.497854,4.097854,3.957854,-1.312146,0.477854,1.887854,1.547854,-0.122145995
-2.382146,-3.372146,-3.162146,-3.152146,-3.702146,-4.332146,-4.562146,-3.942146,-3.882146,-4.342146,-5.092146,-5.652146,-4.822146,-5.112146,-5.062146,-4.222146,-4.032146,-3.622146,-3.112146,-3.512146,-3.082146,-2.682146,-2.752146,-3.302146,-1.872146,-1.032146,0.607854,1.337854,1.577854,4.067854,4.147854,3.497854,4.527854,4.507854,5.507854,4.017854,0.917854,1.027854,2.767854,1.057854,0.987854
-2.762146,-2.192146,-2.172146,-1.992146,-2.382146,-2.602146,-2.472146,-2.772146,-3.372146,-2.802146,-3.082146,-3.232146,-3.562146,-3.582146,-2.972146,-2.512146,-2.472146,-2.642146,-2.152146,-2.112146,-1.692146,-2.432146,-1.892146,-1.282146,-0.85214597,-0.312146,0.967854,2.797854,4.207854,4.827854,4.357854,5.537854,4.497854,6.057854,3.177854,5.217854,4.757854,3.387854,1.9278541,-0.232146,-0.372146
-0.242146,-1.212146,-0.702146,-0.992146,-1.482146,-1.102146,-2.102146,-1.902146,-2.142146,-0.282146,-0.40214598,-1.652146,-2.612146,-1.672146,-1.282146,-1.332146,-0.412146,-0.902146,-0.54214597,-1.112146,-1.162146,-0.712146,-0.242146,0.07785401,1.077854,0.477854,1.217854,0.267854,0.147854,-0.40214598,0.31785402,2.927854,3.117854,3.117854,1.357854,1.347854,1.517854,1.007854,1.077854,2.267854,0.687854
-0.372146,-0.512146,-0.512146,-0.352146,-1.292146,-1.422146,-1.842146,-1.402146,-1.522146,-1.102146,0.177854,0.967854,-0.422146,-0.732146,-0.532146,-0.22214599,0.517854,-0.412146,0.297854,-0.492146,0.007854003,-0.102146,1.4278541,1.987854,1.027854,0.887854,0.887854,0.867854,1.287854,1.187854,-0.042145997,-1.612146,-2.032146,-2.032146,-1.792146,-2.022146,-0.592146,0.797854,-0.002145996,0.457854,-1.222146
0.207854,-0.822146,0.257854,-0.392146,-0.832146,-0.812146,-0.952146,-1.352146,-1.522146,-1.522146,-1.202146,-1.162146,0.857854,0.977854,0.417854,0.607854,0.387854,0.797854,0.237854,1.017854,0.637854,1.247854,0.917854,0.487854,0.517854,0.927854,1.327854,1.267854,1.157854,-0.40214598,-1.512146,-1.8221459,-1.622146,-1.812146,-1.902146,-2.672146,-2.542146,-2.052146,-2.902146,-2.232146,-0.902146
