wind_kz.json
{"header": {"discipline":0,"disciplineName":"Meteorological products","gribEdition":2,"gribLength":1025,"center":7,"centerName":"US National Weather Service - NCEP(WMC)","subcenter":0,"refTime":"2025-04-05T06:00:00.000Z","significanceOfRT":1,"significanceOfRTName":"Start of forecast","productStatus":0,"productStatusName":"Operational products","productType":1,"productTypeName":"Forecast products","productDefinitionTemplate":0,"productDefinitionTemplateName":"Analysis/forecast at horizontal level/layer at a point in time","parameterCategory":2,"parameterCategoryName":"UnknownDiscipline_0_Category_2","parameterNumber":3,"parameterNumberName":"UnknownParameter_D0_C2_3","parameterUnit":"Unknown","genProcessType":2,"genProcessTypeName":"Forecast","forecastTime":60,"surface1Type":103,"surface1TypeName":"Specified height level above ground","surface1Value":10.0,"surface2Type":255,"surface2TypeName":"Missing","surface2Value":0.0,"gridDefinitionTemplate":0,"gridDefinitionTemplateName":"Latitude_Longitude","numberPoints":615,"shape":6,"shapeName":"Earth spherical with radius of 6,371,229.0 m","gridUnits":"degrees","resolution":48,"winds":"true","scanMode":64,"nx":41,"ny":15,"basicAngle":0,"lo1":47.0,"la1":41.0,"lo2":87.0,"la2":55.0,"dx":1.0,"dy":1.0}, "data":
[rows 0 to 14 of 15, columns 0 to 40 of 41]
-3.2478936,-2.2578936,4.1921062,1.6221063,7.8221064,4.3221064,-0.23789367,1.3321064,0.9521063,0.48210633,-1.1478937,-1.3678937,-1.4878937,-3.1178937,-3.7978938,-4.3678937,-4.9678936,-4.767894,-4.437894,-1.4378936,-3.2478936,-1.9178936,-2.5578938,-2.2678938,-1.3778937,-2.1578937,-2.2378936,2.3521063,3.0521064,1.1621063,-3.2078936,-2.8778937,-0.28789368,-2.3278937,-0.65789366,1.4221063,0.7521063,-1.3878937,1.1521063,-0.077893674,-0.21789367
5.062106,1.7021064,0.17210633,6.1721063,6.9221063,4.8721066,2.2421064,2.6121063,2.8721063,1.0821064,-0.77789366,-2.5178938,-3.4278936,-3.5878937,-5.6378937,-6.3378935,-5.5578938,-4.167894,-4.8478937,-3.5678937,-2.7378936,-2.1978936,0.9421063,2.6421063,-1.0578936,2.0621064,-1.3078936,1.9921063,1.4021063,1.9921063,6.232106,4.9121065,-0.8178937,-1.6578937,-4.8678937,-2.8078938,-1.5978937,-4.2578936,-2.9978936,-1.8678937,-0.037893675
1.3821063,1.7921063,0.66210634,2.4721062,2.6621063,3.1121063,2.4121063,2.4521062,3.1421063,0.9421063,-0.33789366,-1.9178936,-1.8078936,-3.6578937,-4.417894,-4.207894,-3.7678938,-3.7278936,-3.6378937,-3.3878937,-2.1678936,-1.3378937,1.2121063,3.7321062,1.5221063,1.3021064,2.8921063,0.58210635,1.1221063,2.3721063,3.2221062,-0.5778937,-3.2078936,-1.8978937,-1.9678937,2.3121064,3.4621062,-0.9878937,0.5721063,-0.05789368,1.0821064
0.3421063,2.2221062,0.83210635,-0.59789366,1.5721064,1.6921064,1.8021064,1.3221064,1.5621064,0.7621063,0.35210633,1.0021063,0.3721063,-0.18789367,-2.8078938,-2.7578936,-2.5578938,-2.5078936,-1.7278937,-1.0178937,-0.6878937,2.1221063,-0.7578937,1.0221063,2.3821063,2.0621064,4.8021064,3.2921064,5.2021065,8.392106,6.9921064,2.8921063,1.8821063,-0.41789368,-0.83789366,-1.2178937,0.5721063,3.8621063,0.59210634,1.3021064,0.97210634
1.6021063,-0.15789367,-1.7078937,-2.0978937,-2.8478937,-2.1378937,-1.5178937,0.5621063,1.0421063,-0.14789368,-0.27789366,-0.05789368,-1.3978937,-0.59789366,-1.5478936,-0.4978937,-2.5778937,-2.6478937,-1.3978937,0.5721063,1.8821063,1.1221063,0.9321063,-0.077893674,0.85210633,2.7621064,2.8421063,2.3121064,4.4121065,6.482106,8.862106,4.0321064,3.9621062,3.6621063,-1.1578937,0.042106323,-0.65789366,-1.2278937,4.7421064,0.59210634,-2.0878937
2.6821063,1.1921064,0.7421063,0.062106322,-0.83789366,-1.0078937,-1.1878936,0.20210633,1.9921063,1.4921063,0.09210632,0.6421063,-0.017893678,-0.8578937,-2.3178937,-1.8478937,-3.5578938,-4.9478936,-1.9778937,0.6321063,3.6821063,3.8621063,2.3321064,1.7821063,2.6821063,2.8221064,3.7421064,3.9321063,4.1521063,3.1021063,2.0521064,2.1821063,2.5621064,0.09210632,1.8821063,2.2221062,1.5921063,0.072106324,-3.3878937,2.5221064,-0.4978937
1.5421063,3.5321064,3.0221064,2.5721064,1.1421063,1.7921063,1.9321064,1.6121063,-0.77789366,0.23210633,-1.7878937,0.32210633,0.2821063,-0.29789367,-1.6578937,-2.9778936,-5.2978935,-5.417894,-1.8278937,2.0121064,3.7521064,5.4321065,5.6821065,4.2221065,1.0721064,4.752106,2.7321062,2.3921063,1.1221063,2.9921064,2.3921063,1.6721063,1.8921063,2.0921063,-0.45789367,-0.97789365,-2.4178936,0.59210634,-0.8678937,0.6421063,0.7621063
3.0321064,2.4421062,2.3021064,3.3521063,2.8321064,-0.52789366,-1.9278936,-2.2278936,-1.6978936,-2.5778937,-1.7478937,-0.97789365,-0.6878937,-0.9378937,-1.1878936,-3.2378936,-5.437894,-5.4478936,-3.4478936,3.2821064,1.6621063,4.1921062,5.962106,5.1421065,4.602106,5.6921062,8.352106,3.5621064,3.8521063,3.8421063,3.4821062,3.8421063,1.5221063,1.3521063,1.0121063,0.5521063,-1.5078937,-0.7978937,0.32210633,0.71210635,-1.2978936
3.7021062,3.8721063,2.8721063,2.4221063,1.3621063,1.7521063,-0.8078937,1.4021063,0.85210633,-1.0578936,-2.5278938,-2.3478937,-2.2778938,-0.48789367,-1.0978937,-2.2578936,-5.6778936,-5.6078935,-4.2578936,1.3021064,2.0721064,2.6421063,4.1721063,5.772106,8.622107,8.222106,8.022106,8.562106,7.712106,4.3621063,4.1921062,4.332106,3.7121062,3.2221062,2.8021064,2.0921063,-2.0578938,-0.4678937,-0.4978937,-1.5078937,-3.4278936
3.9621062,2.8721063,1.2321063,2.4521062,0.8921063,-0.28789368,1.7221063,-0.25789368,0.6121063,0.43210632,-0.9278937,-1.2678937,-1.1878936,-1.5778937,0.36210632,-0.5178937,-2.9878936,-4.8578935,-3.7778938,-0.9378937,1.2521063,2.0721064,2.5721064,3.3321064,5.1921062,6.3421063,5.482106,4.062106,3.0321064,2.4021063,3.3321064,3.5121064,2.9521062,3.5821064,2.6621063,1.3721063,1.0221063,-1.6978936,-0.47789368,1.5921063,2.3321064
2.5421064,3.3521063,2.3421063,1.8721063,1.2021064,1.5321063,1.0221063,0.5621063,0.77210635,0.79210633,-0.09789368,-0.53789365,-0.78789365,-2.2678938,1.3821063,0.6221063,-2.7678938,-4.9478936,-2.9478936,-1.1478937,1.4121063,1.6621063,1.8321064,2.2221062,0.9821063,2.6721063,2.9621062,4.042106,3.5821064,3.3421063,3.7821064,4.3721066,3.6921062,3.7721064,4.9121065,2.0221064,0.46210632,2.0821064,1.5221063,0.5521063,0.13210632
1.6521063,0.52210635,1.8821063,2.5521064,2.4221063,0.6321063,0.48210633,1.3221064,0.36210632,-0.17789368,-0.38789368,-0.9878937,-1.1378937,-1.6578937,-1.7478937,1.9221063,2.9321063,-1.8978937,-0.6978937,1.6321063,2.6921062,2.6221063,1.7221063,2.0921063,3.1021063,3.3421063,3.1821063,3.6921062,3.4121063,3.4221063,3.3821063,3.3621063,2.7621064,2.8721063,2.8421063,3.3121064,3.4521062,3.2821064,3.0121064,3.1021063,1.9221063
2.6221063,2.5021064,2.5721064,2.9921064,2.6621063,0.7421063,0.66210634,1.2221063,-0.44789368,-0.59789366,0.102106325,-2.1778936,-1.0278937,-1.7378937,-0.72789365,-2.9378936,2.1721063,4.462106,1.1221063,1.1121063,2.0221064,2.2521064,2.5521064,1.8821063,2.7821064,3.4421062,3.5021064,3.1321063,3.2121062,2.9521062,3.3321064,3.5821064,2.3221064,1.6321063,1.2921063,0.46210632,0.84210634,0.8821063,1.7021064,2.5821064,2.1721063
0.3121063,2.2421064,2.5221064,3.4321063,1.5021063,0.6821063,-0.6078937,0.23210633,-1.5678936,-1.9978937,-0.39789367,-1.2778937,0.16210632,-0.027893677,-1.4778937,0.0021063231,-0.97789365,2.8021064,3.1421063,2.9121063,2.7321062,2.9721062,3.1421063,3.1021063,3.1521063,2.8721063,2.5121064,3.2321062,2.8021064,2.5821064,2.0421064,1.5921063,1.4021063,1.1421063,0.35210633,0.012106324,-1.0178937,-1.5878937,-1.9878937,-1.2278937,-2.1978936
0.91210634,2.6421063,0.9821063,2.4621062,1.2121063,0.7621063,-0.7478937,-1.6878936,-2.0278938,-2.4578936,-1.4078937,0.08210632,-0.19789368,0.43210632,-1.5978937,-2.2878938,-2.0778937,-0.27789366,3.5521064,3.7121062,3.7521064,3.6721063,3.1821063,3.4921064,3.5021064,3.1721063,3.4121063,2.7221062,2.5921063,2.2921064,2.0021064,1.7721063,1.8321064,1.7321063,1.4021063,0.41210634,0.19210632,0.21210632,-0.48789367,-1.0178937,-0.017893678
