wind_kz.json
{"header": {"discipline":0,"disciplineName":"Meteorological products","gribEdition":2,"gribLength":794,"center":7,"centerName":"US National Weather Service - NCEP(WMC)","subcenter":0,"refTime":"2023-08-25T06:00:00.000Z","significanceOfRT":1,"significanceOfRTName":"Start of forecast","productStatus":0,"productStatusName":"Operational products","productType":1,"productTypeName":"Forecast products","productDefinitionTemplate":0,"productDefinitionTemplateName":"Analysis/forecast at horizontal level/layer at a point in time","parameterCategory":2,"parameterCategoryName":"UnknownDiscipline_0_Category_2","parameterNumber":3,"parameterNumberName":"UnknownParameter_D0_C2_3","parameterUnit":"Unknown","genProcessType":2,"genProcessTypeName":"Forecast","forecastTime":120,"surface1Type":103,"surface1TypeName":"Specified height level above ground","surface1Value":10.0,"surface2Type":255,"surface2TypeName":"Missing","surface2Value":0.0,"gridDefinitionTemplate":0,"gridDefinitionTemplateName":"Latitude_Longitude","numberPoints":615,"shape":6,"shapeName":"Earth spherical with radius of 6,371,229.0 m","gridUnits":"degrees","resolution":48,"winds":"true","scanMode":64,"nx":41,"ny":15,"basicAngle":0,"lo1":47.0,"la1":41.0,"lo2":87.0,"la2":55.0,"dx":1.0,"dy":1.0}, "data":
[rows 0 to 14 of 15, columns 0 to 40 of 41]
2.3931396,1.2931397,-3.7068603,-10.40686,-11.40686,-11.30686,-8.706861,-7.0068603,-6.0068603,-8.80686,-9.90686,-9.80686,-7.2068605,-1.5068604,1.5931396,7.2931395,7.1931396,5.4931397,3.0931396,0.89313966,-1.2068603,1.6931397,3.0931396,0.79313964,2.3931396,-0.8068603,0.79313964,-0.0068603517,-0.106860355,1.5931396,0.89313966,1.3931396,-0.106860355,1.7931397,1.4931396,-0.70686036,-2.0068603,2.9931397,-0.90686035,-1.2068603,-0.60686034
-1.5068604,-3.2068603,-9.10686,-10.60686,-11.60686,-8.10686,-8.506861,-8.30686,-6.5068603,-8.40686,-9.10686,-9.90686,-10.30686,-6.9068604,-5.8068604,0.79313964,1.4931396,1.7931397,2.3931396,1.8931396,0.9931396,5.6931396,1.9931396,1.7931397,3.2931397,3.4931397,3.0931396,2.0931396,1.9931396,2.3931396,-0.20686035,4.1931396,1.6931397,1.7931397,2.6931396,3.1931396,-2.9068604,4.1931396,1.6931397,2.7931397,-0.90686035
1.1931397,-4.2068605,-3.3068604,-7.7068605,-9.206861,-8.10686,-8.30686,-7.7068605,-7.4068604,-7.9068604,-7.8068604,-7.9068604,-9.40686,-9.10686,-7.7068605,-7.5068603,-0.90686035,-1.5068604,2.0931396,2.0931396,1.6931397,2.0931396,3.1931396,1.2931397,-0.5068604,-2.1068604,-2.4068604,-0.5068604,2.0931396,1.6931397,1.8931396,3.3931396,4.2931395,2.0931396,0.59313965,-2.0068603,4.39314,1.9931396,0.19313964,4.89314,3.9931397
-0.70686036,-6.3068604,-7.4068604,-7.8068604,-6.7068605,-7.10686,-7.5068603,-7.7068605,-7.7068605,-7.4068604,-6.5068603,-5.5068603,-8.706861,-8.80686,-8.206861,-8.10686,-6.7068605,-6.5068603,-0.70686036,2.3931396,3.3931396,7.0931396,2.8931396,3.0931396,2.6931396,1.9931396,2.5931396,0.6931397,2.7931397,3.8931396,7.39314,2.4931397,0.89313966,-0.60686034,2.2931397,2.9931397,3.8931396,3.7931397,-3.6068604,-2.2068603,-1.7068603
-4.5068603,-7.2068605,-7.60686,-7.8068604,-8.80686,-7.10686,-7.2068605,-6.9068604,-6.9068604,-6.7068605,-6.8068604,-7.0068603,-9.506861,-5.4068604,-7.7068605,-6.7068605,-5.5068603,-6.10686,-6.10686,-1.0068604,3.2931397,3.9931397,3.1931396,2.3931396,3.4931397,4.89314,4.1931396,2.8931396,5.6931396,2.9931397,-0.106860355,-0.8068603,-0.8068603,1.4931396,0.29313964,0.89313966,2.7931397,-0.70686036,-0.30686036,-1.6068604,-1.7068603
-4.7068605,-6.3068604,-6.60686,-8.30686,-9.30686,-8.10686,-7.0068603,-6.8068604,-6.4068604,-6.2068605,-6.2068605,-6.7068605,-6.60686,-6.3068604,-5.0068603,-3.0068603,-5.5068603,-6.3068604,-6.5068603,-5.0068603,0.6931397,3.3931396,4.7931395,4.4931397,6.2931395,6.5931396,4.5931396,0.6931397,3.3931396,2.7931397,1.4931396,-0.106860355,-0.30686036,-2.3068604,-2.4068604,11.493139,1.9931396,5.4931397,1.6931397,0.39313966,-2.2068603
-4.4068604,-6.10686,-5.60686,-6.0068603,-6.8068604,-6.3068604,-6.60686,-6.3068604,-5.3068604,-6.0068603,-6.4068604,-5.9068604,-5.60686,-5.2068605,-5.9068604,-5.10686,-0.30686036,-2.3068604,-4.0068603,-4.60686,-0.20686035,5.89314,5.9931397,6.6931396,7.9931397,8.09314,7.4931397,5.39314,4.6931396,4.39314,2.5931396,1.0931396,2.9931397,2.2931397,1.1931397,2.0931396,3.0931396,2.8931396,3.4931397,4.39314,0.9931396
-6.0068603,-6.10686,-5.5068603,-6.60686,-6.5068603,-6.8068604,-6.3068604,-5.10686,-4.5068603,-5.0068603,-6.0068603,-5.5068603,-4.5068603,-4.8068604,-4.60686,-6.10686,-3.9068604,-4.3068604,1.9931396,-0.40686035,-2.4068604,5.6931396,8.493139,8.793139,8.993139,10.69314,9.493139,8.19314,5.1931396,4.0931396,3.1931396,2.5931396,5.6931396,3.5931396,-0.70686036,0.59313965,-1.7068603,-1.1068604,0.29313964,1.0931396,2.0931396
-5.4068604,-5.9068604,-5.2068605,-5.60686,-6.8068604,-6.10686,-5.60686,-5.8068604,-5.10686,-3.4068604,-4.8068604,-4.4068604,-4.60686,-3.8068604,-4.3068604,-4.3068604,-2.6068604,-2.4068604,-2.0068603,-5.3068604,0.49313965,-1.0068604,6.2931395,9.69314,9.493139,9.293139,10.993139,10.59314,9.493139,7.2931395,5.1931396,3.4931397,2.7931397,4.7931395,5.7931395,4.0931396,1.9931396,-1.5068604,2.2931397,1.6931397,1.5931396
-6.3068604,-6.2068605,-4.9068604,-4.7068605,-5.2068605,-6.3068604,-5.0068603,-5.5068603,-5.60686,-4.8068604,-4.10686,-3.4068604,-3.2068603,-3.7068603,-3.8068604,-2.9068604,-2.7068603,-0.8068603,-1.1068604,-1.3068603,-2.4068604,-5.3068604,-1.5068604,5.5931396,10.493139,9.19314,9.39314,10.89314,9.89314,8.293139,6.39314,4.39314,3.1931396,4.4931397,3.3931396,0.6931397,1.5931396,1.7931397,0.49313965,-0.40686035,1.5931396
-6.2068605,-6.7068605,-6.7068605,-6.4068604,-5.10686,-5.3068604,-5.4068604,-5.4068604,-4.4068604,-3.3068604,-1.5068604,-2.4068604,-1.9068604,-2.2068603,-2.8068604,-1.6068604,0.9931396,0.09313965,-0.20686035,-0.20686035,0.49313965,-3.3068604,-6.9068604,1.7931397,7.7931395,9.89314,9.293139,10.293139,9.793139,8.293139,6.6931396,6.7931395,5.89314,3.9931397,3.0931396,2.8931396,1.9931396,0.6931397,2.7931397,1.2931397,1.4931396
-6.3068604,-6.3068604,-6.0068603,-6.7068605,-5.7068605,-5.0068603,-5.2068605,-5.5068603,-6.0068603,-4.3068604,-0.0068603517,-1.5068604,-1.9068604,-0.8068603,-0.60686034,0.89313966,1.0931396,1.9931396,2.7931397,2.1931396,1.1931397,2.6931396,-1.6068604,-3.8068604,1.2931397,7.4931397,8.69314,8.89314,9.493139,8.293139,7.1931396,8.293139,6.4931397,5.0931396,2.7931397,2.0931396,-0.40686035,-0.40686035,-1.6068604,-1.3068603,-1.0068604
-5.2068605,-6.5068603,-6.4068604,-5.0068603,-4.5068603,-2.9068604,-4.2068605,-3.9068604,-6.0068603,-3.0068603,-0.20686035,-1.4068604,-2.0068603,-0.30686036,0.09313965,1.9931396,2.0931396,2.8931396,4.1931396,3.4931397,3.2931397,3.2931397,3.6931396,1.3931396,-1.5068604,-0.30686036,1.4931396,7.1931396,7.5931396,7.4931397,8.19314,8.59314,8.09314,6.2931395,4.4931397,2.8931396,2.2931397,0.6931397,0.89313966,0.89313966,-0.106860355
-6.2068605,-6.60686,-7.2068605,-5.60686,-5.7068605,-5.4068604,-4.7068605,-4.7068605,-4.9068604,-5.3068604,-1.5068604,-1.2068603,-1.3068603,-2.0068603,0.39313966,2.3931396,3.4931397,4.0931396,2.1931396,4.2931395,3.9931397,4.0931396,5.0931396,5.2931395,3.5931396,1.2931397,1.7931397,2.5931396,7.39314,7.5931396,8.19314,8.19314,7.4931397,6.7931395,5.39314,4.2931395,2.8931396,2.1931396,1.1931397,-0.0068603517,-0.5068604
-4.2068605,-6.10686,-7.7068605,-6.9068604,-6.60686,-5.9068604,-6.10686,-6.0068603,-6.2068605,-5.9068604,-2.4068604,-4.2068605,-2.9068604,-2.8068604,-2.4068604,0.79313964,3.2931397,4.4931397,4.9931397,5.5931396,5.7931395,6.0931396,5.9931397,6.5931396,5.5931396,4.7931395,3.5931396,3.5931396,3.9931397,5.4931397,5.7931395,7.7931395,7.5931396,7.2931395,6.5931396,5.4931397,4.6931396,3.3931396,2.0931396,0.49313965,-0.5068604
