wind_kz.json
{"header": {"discipline":0,"disciplineName":"Meteorological products","gribEdition":2,"gribLength":1102,"center":7,"centerName":"US National Weather Service - NCEP(WMC)","subcenter":0,"refTime":"2024-04-06T18:00:00.000Z","significanceOfRT":1,"significanceOfRTName":"Start of forecast","productStatus":0,"productStatusName":"Operational products","productType":1,"productTypeName":"Forecast products","productDefinitionTemplate":0,"productDefinitionTemplateName":"Analysis/forecast at horizontal level/layer at a point in time","parameterCategory":2,"parameterCategoryName":"UnknownDiscipline_0_Category_2","parameterNumber":2,"parameterNumberName":"UnknownParameter_D0_C2_2","parameterUnit":"Unknown","genProcessType":2,"genProcessTypeName":"Forecast","forecastTime":300,"surface1Type":103,"surface1TypeName":"Specified height level above ground","surface1Value":10.0,"surface2Type":255,"surface2TypeName":"Missing","surface2Value":0.0,"gridDefinitionTemplate":0,"gridDefinitionTemplateName":"Latitude_Longitude","numberPoints":615,"shape":6,"shapeName":"Earth spherical with radius of 6,371,229.0 m","gridUnits":"degrees","resolution":48,"winds":"true","scanMode":64,"nx":41,"ny":15,"basicAngle":0,"lo1":47.0,"la1":41.0,"lo2":87.0,"la2":55.0,"dx":1.0,"dy":1.0}, "data":
[rows 0 to 14 of 15, columns 0 to 40 of 41]
2.4638746,1.1538745,-0.1461255,-6.4861255,-3.1561255,-7.3561254,-11.086125,-11.196125,-11.596126,-9.066126,-8.886126,-8.176126,-7.6661253,-7.2961254,-7.4361253,-6.8461256,-6.4461255,-8.656125,-8.916125,-7.4761257,-5.2261257,-1.2561255,0.5338745,2.2838745,-1.4961255,-1.3161255,0.5538745,-2.1761255,-1.6661255,-2.0961256,-1.6161255,1.5138745,0.75387454,0.27387452,-3.2061255,-5.6461253,-3.1761255,-3.3961256,-2.6461256,-2.2161255,-2.0861254
1.6038746,1.4938745,-3.9961255,-9.136126,-7.4861255,-7.4161253,-10.036125,-10.936126,-10.256125,-8.856126,-9.646126,-7.7561255,-6.1261253,-6.3861256,-6.8461256,-7.3861256,-7.0961256,-7.9661255,-7.7161255,-8.626125,-7.5361257,-5.7761254,-0.8161255,2.0538745,-1.0161254,-0.8461255,0.27387452,-0.7161255,-3.2661254,-0.6861255,0.20387451,-0.06612549,0.2838745,1.5838745,0.7938745,-1.4961255,-1.0761255,-2.9561255,0.2838745,-0.7261255,-3.1861255
-2.7561255,-4.7961254,-5.3661256,-6.4361253,-9.786125,-11.156125,-10.366125,-9.336125,-10.226126,-8.916125,-7.9061255,-7.0861254,-6.9061255,-7.1361256,-7.3561254,-7.2761254,-7.5361257,-6.3561254,-6.1461253,-4.4061255,-5.8961253,-9.836125,-8.606126,-11.516126,-7.5461254,-7.3561254,-4.8961253,-2.7861254,1.9538745,-1.2761254,0.093874514,-1.8661255,0.06387451,1.9338745,1.1938745,1.5238745,1.0038745,-0.9061255,7.0038743,7.6438746,3.6938746
3.2938745,-7.0361257,-7.9861255,-5.7261257,-8.766126,-9.546125,-8.176126,-8.776126,-8.4661255,-7.9261255,-8.236126,-8.256125,-6.6461253,-6.1461253,-8.316126,-7.8561254,-7.7861257,-7.5861254,-7.1861253,-7.3761253,-7.0061255,-7.9761257,-6.4361253,-8.926126,-8.946125,-8.746125,-7.3761253,-9.746125,-6.5461254,-3.0561254,0.8138745,4.2438745,7.2638745,3.1338744,5.6438746,2.3438745,1.6438745,2.5738745,-0.80612546,-1.4661255,3.6738746
-7.5461254,-10.096126,-8.456125,-7.3261256,-7.4561253,-7.5361257,-7.5361257,-8.006125,-7.8461256,-8.106126,-8.686126,-7.6161256,-7.5861254,-7.1561255,-5.7061253,-8.236126,-8.026126,-7.5361257,-7.4861255,-7.9161253,-8.506125,-8.806126,-8.876125,-9.046125,-9.526126,-9.586125,-10.606126,-7.2161255,-6.9761257,-6.3061256,-5.7561255,-4.4161253,1.8238745,2.3638744,-3.9261255,-3.7261255,8.363874,-1.0461255,0.8738745,3.9038744,-2.2861254
-7.1461253,-8.286125,-9.016126,-8.196125,-8.166125,-7.1661253,-7.5761256,-7.3961253,-7.4861255,-7.9561253,-7.9761257,-7.9961257,-6.3861256,-5.4061255,-5.6061254,-7.1861253,-7.3561254,-7.3361254,-7.9861255,-7.4961257,-8.146126,-7.5461254,-7.5061255,-8.146126,-8.526126,-9.396126,-9.436126,-4.0461254,-7.1661253,-6.9061255,-7.0661254,-6.0061255,-4.0261254,-0.9561255,4.2638745,2.1738746,3.8638744,6.6038747,5.0438747,-7.6361256,-1.4361255
-6.2761254,-6.3961253,-6.1761255,-6.4361253,-7.8161254,-6.8861256,-6.2461257,-6.1361256,-6.5761256,-6.2861257,-5.7161255,-5.7661257,-5.0961256,-5.0361257,-4.4961257,-4.7561255,-5.5361257,-5.8261256,-6.3061256,-7.1261253,-6.9361253,-6.0861254,-5.5661254,-5.6061254,-6.1361256,-5.9161253,-6.1761255,-5.6361256,-5.5661254,-4.9961257,-4.5361257,-4.0461254,-3.3161254,-1.4561255,-1.1661255,-0.0061254883,1.0738745,-2.3961256,2.9238746,1.3438745,4.0338745
-5.5361257,-5.1861253,-4.9261255,-4.6061254,-4.6161256,-4.6861253,-4.9061255,-4.4261255,-4.6561255,-4.6961255,-3.5761254,-3.5561254,-2.6961255,-2.3861256,-2.1961255,-2.4261255,-2.5161254,-2.9361255,-3.1161256,-4.8561254,-4.3261256,-4.2561255,-3.6961255,-3.1361256,-2.7261255,-2.3861256,-3.1061256,-2.4161255,-3.1461256,-2.8961256,-4.0561256,-3.3661256,-2.9061255,-3.3161254,-2.0861254,1.9438745,5.2138743,5.2838745,9.653874,11.323874,10.053875
-5.0161257,-4.4761257,-3.1761255,-3.2861254,-3.8761256,-3.2161255,-3.0761254,-2.7261255,-2.4061255,-1.5961255,-0.8961255,-0.1461255,1.6838745,0.9038745,0.8538745,1.1138746,0.7138745,0.8638745,0.05387451,0.013874512,-0.98612547,-1.2661254,-1.0961255,-1.2561255,-1.4261255,-0.9761255,-0.5361255,-0.9761255,-1.4761255,-1.0361255,-2.4061255,-2.1961255,-0.7961255,0.08387451,0.22387451,1.8638746,0.043874513,-1.7061255,-1.2661254,0.4438745,1.1738745
-3.7661254,-3.4861255,-2.0761254,-1.6461254,-1.8861254,-1.9361255,-2.3161254,-0.7761255,0.05387451,1.2538745,2.4738746,3.7738745,2.9538746,2.2338746,2.9938745,4.1238747,2.7938745,2.9738746,2.5938745,2.3638744,2.2638745,2.5038745,1.5338745,0.8938745,1.0538745,0.6038745,0.8138745,0.3138745,0.27387452,-0.2961255,-0.21612549,-0.09612549,0.50387454,0.6738745,1.1638745,1.6938745,1.0838745,0.4738745,0.69387454,0.37387452,1.5238745
-2.7061255,-2.1861255,-2.0261254,-0.6061255,-0.12612548,-0.6861255,0.2438745,1.6238745,1.6138746,1.7338746,1.7738745,2.5838745,3.1538744,3.1738746,3.7638745,3.1838746,3.1738746,5.0738745,4.7438745,5.7038746,5.4738746,3.7638745,2.6638746,3.4438746,3.0438745,2.9038744,3.1238744,2.4738746,1.9538745,0.7438745,0.6538745,1.0338745,1.1638745,0.2538745,0.40387452,0.9738745,0.4438745,0.5638745,0.8438745,-0.7661255,1.4238745
-1.4461255,-1.2361255,-0.9061255,-0.5761255,-0.11612549,0.4538745,0.6638745,0.9038745,1.7438745,1.1438745,1.9938745,3.7338746,3.2838745,4.3038745,4.8638744,4.7838745,4.8538747,5.3338747,4.3938746,6.0938745,6.2738743,6.3438745,4.7038746,4.8338747,4.6938744,4.5838747,3.6038744,3.2538745,2.5738745,1.4738746,1.4838746,1.5538745,1.5938745,1.2538745,-0.12612548,-0.1461255,0.5938745,1.3838745,2.2538745,2.8538744,2.5738745
-0.6061255,-0.7561255,-0.21612549,-0.24612549,0.75387454,0.20387451,1.4938745,2.6438744,3.1138744,1.7238746,2.2038746,4.6238747,5.2538743,5.5238743,5.9238744,5.7038746,5.7338743,5.7838745,4.4238744,6.1438746,5.1538744,6.1238747,6.2238746,5.9238744,6.5338745,4.7738743,2.2838745,2.3838744,2.4538746,1.8338745,1.8538746,1.7238746,1.5638745,2.1238744,1.0438745,0.75387454,0.7038745,1.1838745,1.3238745,2.4738746,2.6638746
-0.026125489,0.043874513,-0.41612548,-0.5761255,0.36387452,1.2138745,2.3338745,2.8638744,4.0138745,2.9838746,3.2038746,4.7338743,5.3438745,6.2538743,5.5438747,5.6738744,5.6938744,5.7638745,5.4038744,6.2138743,6.4938745,7.1038747,8.013874,7.3138747,3.5838745,-0.10612549,0.5638745,0.8638745,2.3738744,2.0238745,1.9338745,1.8038745,1.8138745,1.6138746,0.8438745,0.7438745,0.21387452,0.76387453,0.4138745,0.20387451,2.4338746
0.9938745,1.5838745,1.4038745,1.1638745,1.9738746,2.4438746,3.4638746,3.2738745,4.0838747,3.1038744,2.2338746,5.0838747,4.9738746,4.5338745,5.7738743,5.4238744,5.8538747,5.8738747,5.6438746,6.2738743,6.2138743,6.4938745,5.8938746,3.3238745,-0.0061254883,0.40387452,0.43387452,1.3338745,2.2238746,1.7438745,0.8938745,1.5138745,1.6838745,1.4838746,1.0238745,0.75387454,0.7938745,0.20387451,0.3538745,0.4138745,0.18387452
