wind_kz.json
{"header": {"discipline":0,"disciplineName":"Meteorological products","gribEdition":2,"gribLength":1025,"center":7,"centerName":"US National Weather Service - NCEP(WMC)","subcenter":0,"refTime":"2023-09-08T12:00:00.000Z","significanceOfRT":1,"significanceOfRTName":"Start of forecast","productStatus":0,"productStatusName":"Operational products","productType":1,"productTypeName":"Forecast products","productDefinitionTemplate":0,"productDefinitionTemplateName":"Analysis/forecast at horizontal level/layer at a point in time","parameterCategory":2,"parameterCategoryName":"UnknownDiscipline_0_Category_2","parameterNumber":2,"parameterNumberName":"UnknownParameter_D0_C2_2","parameterUnit":"Unknown","genProcessType":2,"genProcessTypeName":"Forecast","forecastTime":0,"surface1Type":103,"surface1TypeName":"Specified height level above ground","surface1Value":10.0,"surface2Type":255,"surface2TypeName":"Missing","surface2Value":0.0,"gridDefinitionTemplate":0,"gridDefinitionTemplateName":"Latitude_Longitude","numberPoints":615,"shape":6,"shapeName":"Earth spherical with radius of 6,371,229.0 m","gridUnits":"degrees","resolution":48,"winds":"true","scanMode":64,"nx":41,"ny":15,"basicAngle":0,"lo1":47.0,"la1":41.0,"lo2":87.0,"la2":55.0,"dx":1.0,"dy":1.0}, "data":
[rows 0 to 14 of 15, columns 0 to 40 of 41]
-2.4621606,1.1378393,-0.45216066,-1.5321606,-1.2621607,-0.17216064,5.797839,3.1978393,2.7178392,2.6978393,4.4378395,5.9378395,7.4478393,8.637839,9.347839,9.477839,8.997839,8.94784,7.5178394,9.1878395,1.2678393,-0.07216065,-2.6721606,1.8178394,3.1678393,0.8278394,3.4078393,4.2078395,3.0978394,2.6578393,1.0378394,2.1778393,1.5178393,-0.89216065,2.0678394,0.40783936,1.1378393,0.65783936,2.9378393,2.5878394,0.9478394
1.7278394,-2.5721607,0.79783934,2.8378394,3.2478395,2.3678393,4.3678393,3.6178393,4.9678392,4.4078393,5.507839,6.777839,7.9578395,9.347839,10.10784,10.287839,9.94784,9.52784,9.827839,10.337839,9.247839,1.6478393,-0.88216066,-2.9821606,-0.09216064,0.24783936,-0.76216066,3.9678392,4.007839,4.1878395,4.7078395,5.297839,-0.94216067,-0.48216066,2.9378393,3.2578394,1.9978393,4.4978395,3.5778394,2.2678394,4.3478394
-3.2621605,-3.1821606,-2.1821606,-1.3521607,0.53783935,7.7278395,7.987839,6.1278396,7.3278394,6.8678393,5.4178395,6.527839,5.797839,9.19784,10.627839,9.087839,8.497839,8.637839,8.39784,10.087839,3.2778394,-0.062160645,2.7778394,3.6778393,7.9978395,-1.0421606,6.3278394,3.5878394,2.2878394,-0.19216065,2.4978395,-1.7321607,-0.21216065,-1.7821606,0.24783936,-2.2021606,-2.0121605,-0.18216065,6.3478394,-0.6821606,0.037839357
-2.6221607,-1.7821606,-0.8721607,0.16783935,3.4678392,5.817839,4.777839,7.0578394,6.4078393,5.6678395,8.787839,7.277839,2.1878393,6.277839,9.497839,3.1078393,6.027839,6.3778396,5.737839,-1.3521607,-3.2121606,4.0778394,0.78783935,2.9278393,3.9178393,3.9378393,5.6178393,6.1178393,8.6878395,7.237839,-0.77216065,0.9378393,4.1778393,4.7678394,3.0278394,1.4178394,-0.70216066,2.1078393,-0.8021606,2.3278394,4.5778394
2.4678392,-0.052160643,3.5978394,1.3578393,2.9478393,4.777839,6.1378393,8.017839,8.847839,9.6878395,7.797839,9.64784,0.35783935,4.4478393,4.4978395,-1.4621606,-4.8221607,-6.182161,-4.5421605,-4.1121607,-0.22216064,-0.07216065,1.5878394,1.8478394,4.6678395,4.3578396,5.9678392,1.6778394,4.0978394,1.1478393,3.5678394,2.3578393,-2.0621607,4.1278396,-2.8621607,0.14783935,1.9778394,-2.3421607,-0.69216067,1.6078393,1.7978394
2.9978395,3.9178393,3.2878394,4.9978395,4.9978395,6.027839,7.1978393,7.837839,6.7678394,8.6878395,8.747839,7.737839,0.097839355,5.047839,1.3078394,-3.1621606,-4.0621605,-3.9921606,-2.2821608,-1.7121606,0.35783935,1.3578393,0.60783935,1.0278393,0.71783936,-0.062160645,-1.0521606,-3.1521606,-0.09216064,-0.32216063,-1.9921607,-2.9421606,-1.0721606,-0.13216065,1.9178394,3.9378393,1.5178393,3.3278394,10.98784,3.4078393,-2.8821607
4.4178395,3.4478393,4.3978395,4.6178393,4.5578394,5.5978394,5.9678392,6.3878393,5.527839,8.217839,9.827839,9.467839,11.177839,1.8078394,1.7578393,0.017839355,0.20783935,0.15783936,0.74783933,2.2578394,1.9678394,1.3578393,-0.0021606446,-0.63216066,-2.3521607,-0.82216066,0.83783937,1.0878394,-0.022160644,0.037839357,-0.42216066,0.24783936,1.7978394,-2.5821607,-2.1521606,0.097839355,-0.6721606,0.31783935,5.0578394,2.0078394,-2.0821607
4.5378394,4.1978393,4.737839,4.9078393,5.9778395,5.237839,6.2078395,6.2278395,6.547839,7.067839,8.377839,7.3978395,3.2478395,6.047839,2.8878393,2.3478394,1.8878393,1.5678394,1.5778394,2.1078393,-1.0021607,-3.3321607,-3.9121606,-1.1421607,0.8778393,-0.66216063,1.0478394,2.2778394,0.70783937,-0.54216063,0.77783936,-0.9821606,0.17783935,-0.26216066,2.3678393,3.6978393,-0.6821606,-1.6021607,1.2078394,2.5278394,0.33783937
4.3778396,6.1178393,4.277839,5.547839,6.007839,3.1678393,6.4178395,6.3678393,6.817839,7.3078394,6.487839,4.2278395,1.9378394,7.3778396,6.3978395,0.007839356,-0.47216064,-1.0821606,-0.47216064,-0.31216064,-1.2921606,-1.4721607,1.7978394,-0.8721607,-0.72216064,2.1478393,0.23783936,0.13783936,0.27783936,1.6878394,2.6078393,-0.8721607,1.4978393,-0.94216067,-2.0121605,-0.5621607,-0.19216065,-1.5221606,0.44783935,-0.24216065,-0.60216063
5.6378393,3.9178393,5.5178394,5.987839,4.6078396,5.507839,4.9378395,4.9578395,7.257839,6.027839,3.8978393,4.2078395,0.34783936,7.1678395,6.7878394,-2.2121606,-1.7021606,-1.5921607,-1.9921607,-0.9921606,-2.2421606,-3.6021607,-1.3021606,0.61783934,0.017839355,0.73783934,0.46783936,2.0878394,3.3178394,3.4478393,2.1678393,1.5178393,-0.19216065,-0.57216066,-0.5521606,-0.35216063,0.5178394,-0.52216065,0.38783935,0.007839356,0.14783935
5.087839,5.6378393,3.3178394,4.087839,2.1478393,4.9178395,2.6578393,3.1978393,5.9378395,2.3878393,3.3178394,0.79783934,2.1878393,7.8978395,-4.6321607,-4.222161,-4.6521606,-2.6821606,-3.8321607,-2.9821606,-0.94216067,0.36783937,1.0878394,2.1978393,0.08783936,1.5978394,1.3678393,4.007839,0.057839356,0.07783935,-1.6721606,2.3978393,2.8978393,-1.8521607,-0.10216065,-2.7021606,-0.23216064,1.2978394,0.89783937,-0.14216064,1.0878394
3.9478393,2.8278394,2.7778394,2.4678392,2.0978394,1.8178394,2.5978394,1.8178394,1.7378393,1.7278394,2.9978395,1.2878394,2.2278395,-0.48216066,-5.932161,-5.1721606,-4.7721605,-4.7121606,-2.3521607,-2.1721606,-3.7821608,-4.6521606,-3.1321607,-2.2321606,-2.4921606,-0.9821606,-1.5221606,-0.84216064,-1.3621607,-1.3521607,-0.71216065,-0.25216064,-1.8921607,0.89783937,-1.5421606,1.0978394,0.007839356,-1.1621606,-0.91216063,-0.062160645,-0.71216065
2.4878395,2.8078394,1.7478393,0.61783934,3.4478393,1.7678393,-1.4121606,0.40783936,-0.16216065,1.4578394,1.3078394,0.047839355,0.27783936,-1.5521606,-4.5321608,-1.3021606,-3.5521607,-3.7621605,-4.3721604,-3.0021605,-2.4821606,-2.0421607,-2.4721606,-2.5321608,-2.7321606,-2.1321607,-0.71216065,-0.91216063,-0.42216066,1.2978394,0.55783933,1.5678394,1.1578393,1.2278394,2.1678393,-0.45216066,0.7578394,1.7578393,0.7578394,1.1978394,-0.46216065
0.74783933,0.6878393,3.3878393,0.86783934,2.2678394,0.70783937,0.45783937,0.91783935,1.6678394,2.0278394,-0.042160645,0.5778394,-4.1421604,-1.5521606,-2.4021606,-0.89216065,-5.0521607,-4.8321605,0.39783937,-3.1321607,-3.5021605,-3.4921606,-3.4321606,-3.1721606,-1.9621606,-1.3421607,-2.4621606,-1.0321606,-0.82216066,-0.66216063,0.38783935,0.31783935,1.2878394,0.5178394,1.5578394,2.4878395,1.0678394,1.5078393,2.2178392,-0.17216064,0.25783935
0.047839355,-0.89216065,0.17783935,0.97783935,0.90783936,0.97783935,2.4178393,0.83783937,1.1978394,-1.0621606,0.73783934,0.55783933,-2.6721606,-1.6321607,-4.8321605,-5.412161,-3.3421607,-2.5021605,-3.4521606,-3.5021605,-3.2921607,-3.1421607,-3.1221607,-2.2421606,-2.0921607,-1.3821607,-0.75216067,-0.12216064,-0.94216067,-0.24216065,-0.062160645,1.5478394,2.0678394,-0.112160645,0.8778393,1.2978394,0.95783937,2.0578394,1.9178394,1.7678393,-0.7321606
