wind_kz.json
{"header": {"discipline":0,"disciplineName":"Meteorological products","gribEdition":2,"gribLength":1102,"center":7,"centerName":"US National Weather Service - NCEP(WMC)","subcenter":0,"refTime":"2023-08-07T12:00:00.000Z","significanceOfRT":1,"significanceOfRTName":"Start of forecast","productStatus":0,"productStatusName":"Operational products","productType":1,"productTypeName":"Forecast products","productDefinitionTemplate":0,"productDefinitionTemplateName":"Analysis/forecast at horizontal level/layer at a point in time","parameterCategory":2,"parameterCategoryName":"UnknownDiscipline_0_Category_2","parameterNumber":2,"parameterNumberName":"UnknownParameter_D0_C2_2","parameterUnit":"Unknown","genProcessType":2,"genProcessTypeName":"Forecast","forecastTime":120,"surface1Type":103,"surface1TypeName":"Specified height level above ground","surface1Value":10.0,"surface2Type":255,"surface2TypeName":"Missing","surface2Value":0.0,"gridDefinitionTemplate":0,"gridDefinitionTemplateName":"Latitude_Longitude","numberPoints":615,"shape":6,"shapeName":"Earth spherical with radius of 6,371,229.0 m","gridUnits":"degrees","resolution":48,"winds":"true","scanMode":64,"nx":41,"ny":15,"basicAngle":0,"lo1":47.0,"la1":41.0,"lo2":87.0,"la2":55.0,"dx":1.0,"dy":1.0}, "data":
[rows 0 to 14 of 15, columns 0 to 40 of 41]
0.15665284,1.6266528,-5.473347,-7.0433474,-3.2633471,-3.4333472,-7.0833473,-7.593347,-8.003347,-7.213347,-6.0833473,-5.2533474,-3.1433473,-2.813347,-2.063347,-1.4633472,-0.6033472,-0.68334717,-0.9233472,0.22665283,2.896653,4.2266526,6.026653,7.536653,10.226653,8.256653,6.786653,9.476653,5.5866528,8.056653,9.696652,3.0866528,-0.053347167,3.146653,2.7966528,-2.4733472,5.8566527,4.766653,7.676653,3.936653,5.866653
-0.76334715,-5.6433473,-11.973347,-7.0633473,-3.1633472,0.98665285,-7.203347,-7.8733473,-7.323347,-7.0833473,-6.113347,-5.633347,-4.0633473,-2.0433471,-2.3733473,-1.3533472,-0.95334715,-2.803347,-2.0433471,-0.6533472,0.72665286,5.4566526,3.7666528,3.2566528,6.276653,0.5266528,5.8566527,5.506653,10.1166525,1.4266528,3.156653,2.196653,1.0366528,2.1266527,0.33665285,0.81665283,2.906653,2.2266529,4.926653,1.0266528,4.486653
-5.8733473,-7.303347,-8.673347,-6.783347,-3.4533472,-4.6433473,-6.843347,-5.7733474,-6.403347,-7.0833473,-7.423347,-5.5433474,-4.743347,-2.2433472,-3.1833472,-3.2633471,-3.2633471,-2.4133472,-2.1433473,-1.5933472,-0.5333472,3.0966527,-3.9733472,1.0766529,2.7566528,0.62665284,1.7366529,2.4566529,2.7666528,-1.2433472,0.32665282,0.17665283,0.8866528,-2.9633472,6.6266527,-1.9433472,-0.75334716,0.07665283,0.7866528,6.676653,0.22665283
-8.353347,-8.523347,-7.0633473,-1.8733472,2.906653,-5.1633472,-3.8733473,-5.533347,-5.5433474,-6.033347,-7.6433473,-6.5033474,-3.6933472,-0.7233472,0.066652834,-4.1033473,-3.7933471,-2.1933472,-2.1933472,-1.1233472,-0.113347165,-2.843347,0.45665282,-0.45334718,-0.30334717,-1.9433472,-0.50334716,2.4766529,2.176653,2.416653,1.6766528,0.8366528,7.446653,8.376653,7.346653,5.2066526,2.2666528,2.2466528,-3.843347,-4.733347,-1.8233472
-8.783347,-7.343347,-4.613347,-1.4833472,-3.303347,-2.863347,-4.013347,-4.803347,-6.203347,-6.033347,-5.5033474,-6.6033473,-4.173347,-1.7833471,-0.29334718,-4.6633472,-4.463347,-3.343347,-2.083347,-1.7133472,-1.2833471,-1.0633472,-0.40334716,-4.303347,-1.6733471,-3.6433473,-4.453347,0.33665285,-2.083347,-0.6733472,0.62665284,-1.8733472,-2.5333471,2.7766528,-2.2133472,-1.6733471,10.136653,-7.513347,-3.4433472,-2.823347,1.3166528
-8.363347,-6.443347,-6.233347,-6.013347,-4.223347,-0.6133472,1.9566529,-6.6433473,-6.053347,-4.843347,-5.303347,-4.8333473,-1.8133472,-0.70334715,-2.7833471,-2.7233472,-2.613347,-3.083347,-1.9533472,-1.4533472,-0.51334715,-2.1233473,-3.3933473,-0.56334716,-1.8333472,-3.0433471,-1.0633472,0.30665284,-1.3533472,-0.19334717,-0.04334717,-2.7933471,1.1166528,-0.6633472,2.8766527,-3.8833473,5.846653,9.546653,5.346653,6.2066526,0.46665284
-3.7433472,-6.8533473,-5.2733474,-2.7133472,-0.33334717,-1.8033471,-8.013348,-6.2533474,-5.6433473,-5.223347,-5.1033473,-4.2933474,-3.2433472,-4.553347,-3.6233473,-3.1533473,-1.6933472,-1.1033472,-0.45334718,-2.2633471,-0.75334716,-4.193347,-0.57334715,-0.9233472,-3.7533472,-2.0033472,-1.7033472,-1.7833471,-0.023347167,-0.69334716,-0.45334718,0.30665284,0.56665283,0.24665283,4.3766527,4.276653,5.5866528,1.8866528,4.6666527,1.7766528,0.066652834
-6.6033473,-4.5833473,-5.2733474,-5.0233474,-6.6033473,-6.783347,-6.4133472,-5.513347,-4.903347,-5.243347,-4.3533473,-4.343347,-4.283347,-4.213347,-3.4633472,-2.8833473,-2.323347,-1.8333472,-1.0133471,-2.7033472,-2.4433472,-3.7333472,-1.7533472,-1.9433472,-1.0933472,-0.31334716,-1.0733472,-0.83334714,1.3566529,1.2866528,-1.2833471,-2.803347,-3.093347,-1.9333472,0.41665283,1.5366528,2.8066528,4.866653,5.1266527,6.756653,7.616653
-4.3533473,-4.6233473,-4.8133473,-5.633347,-5.683347,-6.3533473,-6.633347,-5.203347,-5.303347,-4.953347,-4.593347,-4.0833473,-3.813347,-3.323347,-3.2933471,-2.803347,-2.0433471,-2.0333471,-1.6633471,-1.7333472,-3.303347,-1.6233472,-0.89334714,-1.3533472,-1.4333472,-2.2033472,-0.38334715,-1.5633472,-1.8333472,-1.2033472,-0.9233472,-0.88334715,2.0366528,2.0766528,2.0166528,2.5366528,2.6266527,1.3566529,1.1266528,0.8366528,2.436653
-5.383347,-4.763347,-5.013347,-4.6033473,-4.8533473,-5.513347,-5.7533474,-5.493347,-5.363347,-5.283347,-4.633347,-3.9733472,-3.2233472,-2.8833473,-3.093347,-2.573347,-2.2233472,-1.4333472,-1.2533472,-0.45334718,0.04665283,-2.583347,-0.83334714,0.32665282,-1.2933471,0.31665283,-2.1433473,-0.87334716,-0.76334715,1.1966529,2.4766529,2.436653,2.416653,2.4766529,2.2166529,3.436653,1.8766528,1.8666528,2.1166527,1.7266529,1.1166528
-5.3333473,-4.683347,-3.9933472,-3.7633471,-3.6633472,-4.863347,-4.863347,-4.703347,-4.573347,-4.2533474,-4.193347,-3.573347,-3.083347,-2.7033472,-1.9933472,-1.9733472,-1.1533471,-1.8233472,-1.0933472,-0.51334715,0.096652836,0.9566528,1.0966529,0.80665284,-0.28334716,-0.003347168,2.0166528,2.2566528,2.0766528,2.906653,3.9666529,2.446653,2.9966528,2.2866528,2.1066527,-0.073347166,0.096652836,0.98665285,0.85665286,-1.1033472,0.8966528
-5.0233474,-4.1233473,-3.9133472,-3.1933472,-3.9233472,-3.2033472,-3.363347,-3.0033472,-3.2033472,-2.2633471,-3.593347,-2.9133472,-1.9333472,-2.7933471,-1.5533471,-0.8633472,-0.5933472,-0.23334716,1.3266529,-0.37334716,0.7866528,0.8266528,-0.18334717,0.6966528,0.04665283,1.2666528,0.11665283,-0.28334716,1.6966529,0.48665282,-0.17334718,0.07665283,1.7666528,1.8966528,1.3466529,0.7766528,0.61665285,-0.14334717,0.7866528,0.25665283,-0.22334717
-3.833347,-5.4133472,-5.453347,-4.433347,-3.343347,-1.8433472,-2.9733472,-2.8933473,-1.2633471,-2.363347,-1.0633472,-2.2133472,-2.5133471,-1.4433472,-0.7333472,0.016652832,0.7066528,0.8266528,1.7966528,-0.5533472,1.0166528,-0.0133471675,0.45665282,1.4866529,1.2966528,0.7166528,0.22665283,-2.4133472,-2.583347,-0.6133472,-0.37334716,-0.17334718,2.146653,1.2066529,1.7366529,1.8766528,1.7666528,1.2466528,1.4666529,0.34665284,1.7266529
-2.7733471,-5.113347,-4.0033474,-4.8333473,-4.653347,-3.2933471,-1.9833472,-2.9733472,-2.553347,-2.4533472,-0.5333472,1.8766528,-2.6933472,-1.4433472,-0.88334715,0.27665284,1.4266528,0.60665286,0.26665282,-0.42334718,0.24665283,-0.24334717,0.30665284,-0.51334715,0.46665284,-0.74334717,-0.69334716,-2.5233471,-2.2933471,-2.9533472,-1.6533471,1.0066528,0.9466528,0.41665283,0.97665286,0.55665284,0.7766528,2.3766527,1.4466529,0.8466528,0.30665284
-3.573347,-3.863347,-2.853347,-2.8833473,-3.6933472,-3.7133472,-3.4233472,-2.3933473,-3.1233473,-3.1733472,-2.1633472,-2.4133472,0.10665283,0.036652833,-0.5333472,0.096652836,0.81665283,-0.003347168,-0.44334716,-0.25334716,-0.62334716,-0.25334716,-0.42334718,-1.3733472,-1.1833472,-0.82334715,-0.6733472,-2.5333471,-1.0033472,-2.6533473,-1.9233471,-0.89334714,0.18665284,0.60665286,1.6966529,1.6266528,1.2266529,1.5066528,3.7566528,2.2466528,2.0766528
