wind_kz.json
{"header": {"discipline":0,"disciplineName":"Meteorological products","gribEdition":2,"gribLength":871,"center":7,"centerName":"US National Weather Service - NCEP(WMC)","subcenter":0,"refTime":"2023-09-23T18:00:00.000Z","significanceOfRT":1,"significanceOfRTName":"Start of forecast","productStatus":0,"productStatusName":"Operational products","productType":1,"productTypeName":"Forecast products","productDefinitionTemplate":0,"productDefinitionTemplateName":"Analysis/forecast at horizontal level/layer at a point in time","parameterCategory":0,"parameterCategoryName":"UnknownDiscipline_0_Category_0","parameterNumber":0,"parameterNumberName":"UnknownParameter_D0_C0_0","parameterUnit":"Unknown","genProcessType":2,"genProcessTypeName":"Forecast","forecastTime":0,"surface1Type":1,"surface1TypeName":"Ground or water surface","surface1Value":0.0,"surface2Type":255,"surface2TypeName":"Missing","surface2Value":0.0,"gridDefinitionTemplate":0,"gridDefinitionTemplateName":"Latitude_Longitude","numberPoints":615,"shape":6,"shapeName":"Earth spherical with radius of 6,371,229.0 m","gridUnits":"degrees","resolution":48,"winds":"true","scanMode":64,"nx":41,"ny":15,"basicAngle":0,"lo1":47.0,"la1":41.0,"lo2":87.0,"la2":55.0,"dx":1.0,"dy":1.0}, "data":
[rows 0 to 14 of 15, columns 0 to 40 of 41]
292.01227,282.61227,287.8123,294.61227,294.51227,293.8123,295.01227,295.4123,292.71228,292.4123,292.01227,292.9123,292.21228,291.71228,291.71228,289.9123,290.3123,291.51227,289.61227,290.51227,291.4123,287.11227,284.4123,282.51227,285.61227,286.71228,284.4123,268.9123,267.11227,268.11227,269.61227,272.3123,281.4123,285.3123,285.4123,284.8123,284.3123,285.21228,286.51227,287.51227,289.8123
274.3123,287.11227,294.21228,294.71228,294.3123,293.11227,294.21228,292.4123,290.9123,291.4123,292.9123,291.11227,290.21228,290.01227,288.71228,289.8123,290.11227,290.51227,289.21228,288.11227,288.3123,290.11227,286.61227,280.11227,271.9123,271.8123,279.21228,270.21228,271.61227,262.21228,272.4123,252.51228,273.3123,248.91228,266.21228,281.3123,280.4123,282.51227,285.8123,279.8123,283.9123
290.61227,294.01227,294.51227,294.01227,292.21228,293.3123,292.01227,291.61227,290.11227,289.8123,289.3123,289.61227,287.71228,289.11227,291.61227,288.9123,288.01227,286.9123,288.01227,288.01227,291.9123,288.71228,289.01227,284.61227,285.11227,284.8123,285.51227,283.8123,283.01227,275.71228,265.21228,269.8123,274.71228,274.3123,276.4123,275.71228,269.71228,270.4123,270.3123,267.61227,267.51227
292.61227,293.51227,294.51227,293.3123,292.51227,291.4123,291.9123,290.4123,290.9123,290.3123,289.11227,288.01227,291.9123,291.4123,289.61227,289.9123,290.21228,287.21228,288.01227,288.01227,289.51227,284.8123,289.9123,289.8123,290.4123,290.71228,290.71228,287.11227,286.21228,287.21228,287.3123,283.71228,288.3123,287.8123,284.8123,280.01227,271.3123,262.61227,271.61227,282.01227,286.01227
292.4123,293.4123,293.8123,292.9123,292.4123,291.71228,292.3123,291.71228,290.8123,290.61227,290.21228,287.9123,290.9123,289.8123,288.3123,290.01227,290.21228,289.71228,288.01227,290.61227,291.11227,291.01227,290.4123,290.3123,290.11227,290.01227,287.8123,288.71228,287.01227,288.61227,291.61227,289.21228,276.11227,267.8123,279.61227,288.8123,290.4123,292.51227,291.61227,290.21228,289.71228
290.8123,288.01227,292.3123,293.21228,293.3123,292.71228,291.21228,292.4123,290.21228,290.8123,292.01227,292.01227,291.01227,290.9123,290.01227,289.8123,291.8123,290.4123,291.3123,291.61227,290.9123,290.4123,289.9123,289.8123,289.11227,287.9123,289.61227,289.51227,290.01227,289.71228,288.8123,289.11227,287.4123,286.01227,283.51227,286.8123,279.21228,281.01227,286.71228,290.21228,288.51227
290.61227,288.61227,291.51227,291.21228,291.3123,290.4123,291.71228,291.4123,292.9123,293.51227,291.61227,292.01227,291.51227,291.71228,291.61227,292.61227,292.11227,292.4123,291.21228,290.4123,289.71228,290.01227,289.01227,289.21228,286.21228,285.71228,284.61227,285.4123,284.8123,284.4123,284.01227,285.3123,285.21228,285.61227,284.21228,282.3123,279.01227,276.01227,274.8123,274.8123,284.4123
290.9123,289.4123,291.61227,292.01227,292.61227,292.8123,292.4123,292.3123,294.71228,294.71228,293.9123,293.51227,290.71228,291.11227,293.9123,293.4123,292.51227,292.8123,291.3123,288.21228,288.51227,287.01227,285.4123,284.01227,282.51227,279.61227,279.8123,280.11227,278.21228,280.01227,279.01227,279.51227,279.01227,277.4123,277.61227,281.4123,282.9123,287.8123,283.3123,284.4123,282.21228
290.3123,289.71228,290.3123,289.51227,291.61227,291.01227,290.9123,292.11227,291.4123,293.9123,293.21228,292.51227,290.4123,292.51227,292.3123,290.51227,289.61227,288.8123,287.61227,286.01227,283.21228,282.01227,281.8123,281.61227,280.11227,280.01227,277.61227,276.11227,275.61227,274.9123,275.9123,276.9123,278.01227,279.21228,279.4123,276.21228,275.3123,275.61227,263.3123,273.01227,271.61227
289.11227,289.71228,289.61227,288.9123,289.21228,291.11227,291.4123,290.9123,293.8123,293.51227,292.3123,288.51227,291.61227,288.71228,287.61227,287.3123,286.21228,285.61227,285.11227,284.9123,282.71228,281.71228,282.11227,281.8123,281.61227,279.71228,279.11227,278.21228,277.4123,277.01227,278.3123,279.21228,280.8123,279.61227,279.8123,279.8123,274.51227,270.8123,273.3123,272.01227,271.01227
288.11227,287.8123,288.61227,288.8123,290.4123,290.01227,290.51227,289.61227,289.3123,289.11227,287.9123,288.01227,288.21228,286.71228,286.3123,285.71228,284.71228,284.3123,283.8123,282.8123,282.8123,281.9123,281.3123,281.61227,280.8123,280.01227,277.4123,279.11227,278.9123,280.01227,281.3123,283.21228,279.61227,279.9123,279.11227,276.3123,274.8123,266.8123,272.4123,269.71228,270.51227
286.3123,287.71228,288.21228,288.9123,289.01227,288.8123,288.01227,287.8123,288.71228,291.8123,285.61227,289.3123,289.9123,285.4123,284.21228,283.9123,283.61227,283.01227,282.8123,282.21228,281.01227,280.21228,279.8123,280.3123,279.8123,279.71228,279.3123,280.11227,280.51227,280.21228,279.8123,279.3123,279.8123,278.21228,278.21228,278.11227,277.9123,278.8123,277.71228,277.4123,276.8123
286.01227,286.3123,288.4123,288.21228,288.4123,288.51227,287.51227,290.9123,291.21228,285.9123,284.8123,283.51227,288.4123,283.9123,283.61227,283.01227,282.71228,281.9123,282.21228,280.9123,280.21228,278.51227,278.3123,277.71228,279.3123,279.61227,280.71228,280.11227,280.21228,281.51227,281.61227,281.21228,281.11227,281.11227,277.9123,279.71228,276.9123,277.21228,276.4123,276.3123,277.01227
286.11227,288.3123,287.71228,288.4123,286.71228,286.71228,286.71228,290.01227,289.4123,288.9123,284.01227,282.11227,282.71228,283.61227,283.61227,283.21228,282.51227,281.61227,281.3123,281.3123,280.61227,280.11227,282.4123,280.8123,279.9123,279.71228,279.71228,279.4123,278.4123,280.71228,278.8123,278.51227,277.71228,277.4123,278.3123,276.9123,276.01227,275.61227,275.01227,273.71228,274.71228
287.61227,288.8123,287.11227,287.71228,288.4123,290.61227,287.01227,285.4123,291.11227,289.3123,286.71228,282.4123,282.51227,282.21228,282.21228,283.01227,282.21228,281.4123,284.01227,283.3123,281.11227,282.71228,282.51227,281.8123,280.9123,278.71228,278.9123,278.61227,279.9123,279.3123,279.3123,280.21228,276.8123,278.11227,277.01227,277.71228,277.8123,277.8123,277.3123,277.11227,277.21228
