wind_kz.json
{"header": {"discipline":0,"disciplineName":"Meteorological products","gribEdition":2,"gribLength":1102,"center":7,"centerName":"US National Weather Service - NCEP(WMC)","subcenter":0,"refTime":"2023-10-04T00:00:00.000Z","significanceOfRT":1,"significanceOfRTName":"Start of forecast","productStatus":0,"productStatusName":"Operational products","productType":1,"productTypeName":"Forecast products","productDefinitionTemplate":0,"productDefinitionTemplateName":"Analysis/forecast at horizontal level/layer at a point in time","parameterCategory":2,"parameterCategoryName":"UnknownDiscipline_0_Category_2","parameterNumber":3,"parameterNumberName":"UnknownParameter_D0_C2_3","parameterUnit":"Unknown","genProcessType":2,"genProcessTypeName":"Forecast","forecastTime":120,"surface1Type":103,"surface1TypeName":"Specified height level above ground","surface1Value":10.0,"surface2Type":255,"surface2TypeName":"Missing","surface2Value":0.0,"gridDefinitionTemplate":0,"gridDefinitionTemplateName":"Latitude_Longitude","numberPoints":615,"shape":6,"shapeName":"Earth spherical with radius of 6,371,229.0 m","gridUnits":"degrees","resolution":48,"winds":"true","scanMode":64,"nx":41,"ny":15,"basicAngle":0,"lo1":47.0,"la1":41.0,"lo2":87.0,"la2":55.0,"dx":1.0,"dy":1.0}, "data":
[rows 0 to 14 of 15, columns 0 to 40 of 41]
-2.6622334,-3.0322332,2.9477668,16.077766,12.517766,8.447766,4.217767,3.7577667,1.2477667,2.3077667,2.5277667,3.3977668,3.5477667,3.3577666,2.5377667,1.3677667,-0.38223326,-0.89223325,-1.6922333,-1.5222332,-2.2222333,-0.44223326,0.79776675,0.38776672,-0.16223328,-0.18223327,-0.81223327,1.2877667,-1.0722333,2.5977666,0.8977667,-1.3422333,0.85776675,-1.3622333,-0.94223326,-1.3122333,-1.7322333,-1.6522332,1.8577667,1.0977668,1.1477667
6.637767,1.2977667,0.7777667,13.157766,12.297766,8.867766,2.9077668,4.2277665,3.7677667,3.5377667,2.8777666,2.7177668,1.9977667,2.9177668,1.8377668,2.0677667,2.5777667,0.4577667,-1.5122333,-2.8122332,-3.7122333,-0.13223328,1.0477667,0.99776673,0.85776675,1.1077667,-1.4822333,1.5877668,-0.25223327,2.3377666,1.4677668,3.5177667,0.85776675,-1.1022333,-2.9622333,-1.2922332,-1.1322333,-1.3122333,0.66776675,-1.2422333,0.5777667
0.9477667,-2.1422334,5.327767,10.617766,9.187767,5.287767,3.6277666,4.097767,4.4877667,3.9577668,3.6877668,3.1377668,2.4777668,2.5077667,1.1377667,2.6377668,2.4077668,3.0177667,0.74776673,-2.2822332,-2.9322333,-3.0922332,0.037766725,0.92776674,0.8777667,3.4877667,1.5677667,1.5277667,-0.14223328,-0.63223326,1.0477667,-0.25223327,0.80776674,-0.6022333,-0.50223327,2.0177667,2.4577668,-0.23223327,0.23776673,-1.2022333,-1.4022332
-0.75223327,1.9277667,6.0477667,6.367767,4.8777666,5.617767,5.427767,5.4877667,4.9377666,4.4177666,3.5877666,3.3877668,4.717767,4.8977666,2.8777666,1.6177667,0.7677667,-0.52223325,2.7977667,-1.1322333,-2.7522333,0.67776674,2.6577668,-3.2922332,-2.1522334,1.1777667,3.0677667,-0.23223327,3.9477668,0.5277667,0.43776673,-1.3122333,-0.76223326,-0.22223328,-0.33223328,-2.8122332,-1.8422333,1.1277667,1.0777668,1.1177667,0.8977667
2.9877667,4.8777666,6.4577665,6.847767,4.4777665,4.2477665,4.6877666,6.1477666,5.517767,4.6477666,4.2977667,4.057767,4.597767,4.2077665,4.5677667,2.8577666,2.0977666,1.3177667,0.4877667,1.6077667,-0.16223328,-2.2522333,0.027766723,-0.9222333,-2.6122332,1.5377667,2.5177667,2.1977668,1.0977668,-0.75223327,-1.5622333,-1.1422333,0.60776675,0.6277667,0.057766724,-1.1222333,0.6377667,-0.032233275,-0.8522333,-1.0122333,-0.22223328
4.427767,3.5477667,8.577766,8.047767,7.8777666,8.227767,5.617767,4.887767,4.6477666,4.4877667,3.7277668,3.5077667,2.7677667,4.6477666,4.867767,3.6177666,2.5177667,1.8777667,1.4877667,1.3577667,1.5177667,0.24776672,-1.5122333,0.93776673,-0.6622333,-2.1422334,-0.9722333,1.6477667,0.80776674,1.4977667,0.5377667,-0.3522333,-1.8622333,0.92776674,1.7277668,2.5977666,2.3277667,3.7977667,-0.14223328,-0.9322333,-1.6722332
7.0677667,7.7777667,8.227767,8.207767,8.647767,7.9977665,8.257767,7.2977667,6.387767,5.347767,4.467767,3.7577667,4.6477666,4.077767,3.7877667,4.0677667,3.5977666,2.6077666,2.5077667,2.7277668,2.7477667,1.8977667,1.5677667,-1.1522332,1.8477668,0.8777667,-0.94223326,1.4177667,0.5077667,0.16776672,-0.3522333,-1.2222333,-1.8522333,1.0977668,-0.49223328,-1.2122333,-2.4622333,-1.0422332,0.8177667,-0.6622333,0.66776675
8.287766,8.437767,8.577766,9.267767,9.387767,9.227767,8.657766,8.437767,8.127767,6.887767,6.307767,6.217767,5.2377667,5.2777667,5.117767,4.947767,4.767767,3.9477668,3.4977667,3.5177667,2.4077668,2.6377668,1.9877667,3.1477668,2.8577666,2.0077667,1.5977668,-0.23223327,0.46776673,0.25776672,0.79776675,0.6377667,0.4877667,1.3677667,0.46776673,-0.9622333,0.5677667,1.3777667,-1.1822333,0.13776672,-1.9922333
9.047767,8.047767,6.6277666,8.537766,8.9977665,8.787766,8.347767,8.617766,8.657766,8.097767,7.057767,7.077767,6.0277667,6.217767,6.037767,5.7277665,5.8377666,5.0277667,4.9977665,4.3777666,3.7377667,3.2577667,3.4177668,3.1277666,3.6677668,3.3177667,3.0177667,2.0577667,1.8577667,1.3077667,1.3177667,1.8277668,2.4277668,2.5977666,3.0677667,2.9677668,-0.9122333,-0.09223328,-0.37223327,-0.3522333,-2.0322332
8.287766,9.597767,8.567767,7.867767,8.177767,7.217767,7.2777667,8.917767,7.8977666,7.6077666,8.067767,7.8777666,7.2577667,6.6277666,7.017767,6.8977666,6.637767,6.197767,5.597767,4.7977667,5.197767,4.9177666,4.3577666,4.0477667,3.9977667,3.8877668,3.0277667,2.9477668,2.0177667,1.8577667,1.4177667,3.5077667,2.5677667,2.0877666,3.6777668,1.9877667,1.0277667,-1.4922333,0.3977667,2.7477667,2.5877666
-4.7722335,-4.862233,7.077767,7.157767,7.6877666,8.387767,7.9377666,8.2477665,7.2477665,10.287766,9.477767,8.937767,7.7777667,6.8977666,5.7777667,7.217767,8.177767,7.6477666,7.0477667,6.517767,5.7777667,5.6277666,4.2477665,4.8177667,4.197767,3.8477666,3.1677668,3.1777668,2.7777667,1.8277668,3.1277666,0.8377667,2.3377666,1.8777667,3.5577667,1.5777668,1.3977667,2.6277666,1.8977667,1.4977667,0.5177667
-5.0122333,-5.462233,-4.072233,-3.5022333,-3.3622332,0.6977667,6.217767,7.177767,8.107767,8.337767,8.267767,8.707767,8.507767,8.667767,8.257767,7.907767,8.187767,7.927767,8.217767,7.3977666,6.9777665,6.1077666,5.7777667,4.9977665,4.8377666,4.6477666,4.657767,4.2777667,3.2277668,3.0277667,2.6577668,2.1077666,1.3177667,2.4777668,2.5677667,0.14776672,2.8077667,3.5477667,2.4177668,2.4277668,0.74776673
-0.94223326,-1.4822333,-4.0422335,-2.0422332,-3.2322333,-2.8722334,-4.2922335,-4.572233,9.657766,9.767767,6.617767,6.5077667,8.177767,7.947767,8.307767,7.617767,8.757767,8.517767,8.157766,7.407767,7.8777666,7.287767,6.657767,5.6877666,5.717767,5.867767,5.8977666,4.4177666,3.7577667,3.5977666,3.5077667,3.7177668,2.2677667,1.9577668,2.8877668,3.2877667,3.2277668,2.2277668,3.5077667,1.7277668,0.8177667
-0.9922333,-0.6722333,-0.8022333,-0.49223328,-0.64223325,-0.052233275,0.08776672,-1.4722333,-2.6322334,-3.1222334,1.7677667,3.0777667,6.0477667,7.1077666,7.2377667,7.4177666,6.7977667,6.7077665,8.277767,6.4377666,6.947767,7.157767,7.177767,6.9177666,6.537767,6.3377666,5.5677667,5.4877667,4.327767,4.0277667,3.8777666,3.7577667,3.3177667,2.8077667,2.4377668,2.7577667,2.3577666,2.0677667,2.2577667,1.4877667,1.5177667
-0.012233276,-0.11223327,-0.5922333,0.54776675,1.4077667,1.2877667,1.2977667,0.20776673,2.4277668,3.0077667,1.0277667,-0.032233275,0.4277667,3.9777668,6.7577667,6.7977667,7.097767,7.3177667,7.3577666,5.9577665,5.9577665,6.5677667,6.7077665,7.017767,6.927767,6.327767,6.2977667,5.887767,5.4777665,4.787767,4.617767,4.7377667,3.4877667,3.0877666,2.9477668,2.9477668,3.4877667,3.5577667,2.2877667,2.4577668,0.98776674
