wind_kz.json
{"header": {"discipline":0,"disciplineName":"Meteorological products","gribEdition":2,"gribLength":1025,"center":7,"centerName":"US National Weather Service - NCEP(WMC)","subcenter":0,"refTime":"2023-09-21T00:00:00.000Z","significanceOfRT":1,"significanceOfRTName":"Start of forecast","productStatus":0,"productStatusName":"Operational products","productType":1,"productTypeName":"Forecast products","productDefinitionTemplate":0,"productDefinitionTemplateName":"Analysis/forecast at horizontal level/layer at a point in time","parameterCategory":2,"parameterCategoryName":"UnknownDiscipline_0_Category_2","parameterNumber":3,"parameterNumberName":"UnknownParameter_D0_C2_3","parameterUnit":"Unknown","genProcessType":2,"genProcessTypeName":"Forecast","forecastTime":60,"surface1Type":103,"surface1TypeName":"Specified height level above ground","surface1Value":10.0,"surface2Type":255,"surface2TypeName":"Missing","surface2Value":0.0,"gridDefinitionTemplate":0,"gridDefinitionTemplateName":"Latitude_Longitude","numberPoints":615,"shape":6,"shapeName":"Earth spherical with radius of 6,371,229.0 m","gridUnits":"degrees","resolution":48,"winds":"true","scanMode":64,"nx":41,"ny":15,"basicAngle":0,"lo1":47.0,"la1":41.0,"lo2":87.0,"la2":55.0,"dx":1.0,"dy":1.0}, "data":
[rows 0 to 14 of 15, columns 0 to 40 of 41]
2.9929914,2.0329914,4.8729916,2.7329912,-0.63700867,-4.0270085,0.16299133,0.42299134,-0.82700866,-2.2770088,-2.5470088,-2.9370086,-3.1470087,-3.2370086,-5.247009,-6.1170087,-7.0770087,-6.1170087,-6.7970085,-6.8770084,-4.0570087,-2.3870087,-4.0470085,0.46299133,2.7329912,2.0629914,1.0029913,-1.4070086,-2.6370087,-1.7970086,-1.9570087,-1.6070087,-1.3870087,3.3629913,0.22299133,-0.29700866,-0.29700866,-1.1870086,-1.5370086,-5.5270085,-3.6970086
-1.4770087,2.1729913,4.4429913,3.4229913,-0.007008667,-4.3870087,0.59299135,-0.13700867,-1.2970086,-3.1270087,-1.2470087,-2.4870086,-3.9870086,-3.1870086,-5.1370087,-4.9470086,-5.917009,-6.457009,-7.0470085,-5.477009,-6.9470086,-6.4670086,-3.2870088,-1.9470086,1.9329914,-1.0870087,1.0729914,-0.28700867,-1.3970087,-0.6870087,-1.0270087,-1.3470087,-2.9370086,-5.227009,-3.1270087,3.5129914,1.0229913,1.3129914,0.54299134,-0.37700868,0.09299133
2.6429913,5.852991,4.582991,2.9129913,2.5929914,2.1429913,1.2429913,-0.7970087,-1.6470087,-1.1670086,-1.4770087,-3.4570086,-6.477009,-3.9770086,-5.227009,-5.8770084,-7.0770087,-6.8770084,-6.8470087,-6.897009,-3.2270086,-4.2770085,-5.8170085,-4.1770086,-3.7370086,-2.1170087,-2.2970088,-2.5170088,-0.7370087,-1.1970086,-0.77700865,1.5929914,-0.83700866,-2.6270087,-3.3170087,-0.6270087,-1.2370087,-3.9970086,-1.6870086,1.1429913,-2.0870087
4.4329915,3.8929913,4.062991,3.7929914,1.9629914,1.5029913,0.31299132,-1.6370087,0.28299132,0.29299134,-1.1870086,-3.8470087,-5.3670087,-6.937009,-8.477009,-5.6270084,-5.7170086,-6.3870087,-6.4070086,-6.977009,-5.6270084,-5.517009,-5.8770084,-3.9470086,-3.8170087,-3.7870088,-3.5970087,-3.2870088,-3.1070087,-2.7770088,-3.0070086,-1.3270087,1.9129913,2.1129913,-1.7770087,0.31299132,1.6229913,2.8129914,-0.18700866,0.032991335,-2.6870086
2.7129912,1.5529914,0.96299136,-1.0570086,0.7529913,0.53299135,-0.9970087,-0.34700868,-0.14700867,-1.4070086,-2.4470086,-1.2670087,-3.7970088,-4.8070087,-5.6270084,-5.0970087,-5.4870086,-5.497009,-5.6970086,-5.8070087,-5.6070085,-5.997009,-5.4670086,-5.5070086,-4.8670087,-4.1070085,-3.4670086,-1.8870087,-2.2770088,-1.8270087,0.96299136,0.6929913,0.85299134,-1.0870087,1.0329913,0.34299132,-4.8170085,2.3029914,-5.6770086,-4.5970087,-3.4570086
4.0529914,2.9929914,-0.22700867,-0.21700867,-0.047008667,-0.35700867,1.3829913,-0.027008668,-0.6770087,-0.027008668,-1.4370086,-2.9270086,1.2529913,-0.15700866,-3.4170086,-4.5670085,-5.037009,-5.0870085,-5.747009,-5.7770085,-4.687009,-4.497009,-4.8770084,-5.3270087,-5.5470085,-5.4470086,-5.9470086,-0.19700867,-1.0570086,-1.0870087,-2.5170088,-3.1570086,-3.0370088,0.41299134,0.52299136,-0.17700867,0.96299136,0.42299134,-3.8970087,-1.4870087,2.1229913
1.9429914,2.1729913,3.7329912,3.7829914,4.1129913,3.5429914,1.3629913,1.1229913,-0.007008667,-1.4970087,-1.4270086,-2.2070086,-3.7370086,-4.667009,-4.417009,-4.4270086,-4.437009,-5.2170086,-5.1170087,-4.8070087,-4.267009,-4.3670087,-4.8870087,-5.3370085,-5.9670086,-6.437009,-7.3870087,-8.687009,-9.967009,-9.617008,-9.327008,-9.937009,-6.8570085,-7.2770085,-8.517009,-6.0070086,-0.35700867,-1.0170087,-0.19700867,-0.8170087,2.5629914
3.3129914,3.1929913,2.5829914,2.5029914,1.8529913,1.3229914,0.80299133,0.31299132,-0.16700867,-1.5070087,-2.8970087,-3.2270086,-3.9170086,-4.1970086,-4.2570086,-4.5870085,-3.8270087,-4.4870086,-5.0970087,-4.9870086,-5.187009,-5.3870087,-7.2570086,-7.6370087,-6.6570086,-5.5270085,-7.1770086,-6.397009,-5.647009,-6.9670086,-6.5070086,-5.3270087,-5.5070086,-3.5370088,-3.7270086,-4.3470087,-5.3770084,-5.747009,-2.8770087,1.1529913,-5.1170087
2.9629912,2.5929914,2.2229912,1.8629913,1.1829914,0.66299134,0.91299134,-0.44700867,-1.7070087,-2.4970086,-2.9170086,-3.1270087,-4.3070087,-5.227009,-4.707009,-4.2770085,-4.187009,-4.3370085,-4.6570086,-4.917009,-4.767009,-5.1770086,-4.767009,-5.2370086,-4.747009,-5.167009,-4.2770085,-5.187009,-5.0470085,-5.9070086,-5.6370087,-6.017009,-6.247009,-5.1070085,-4.5670085,-4.6570086,-4.0670085,-0.5470087,2.9229913,3.1329913,4.5329914
2.7129912,2.4529912,1.9129913,1.7729913,1.6529913,0.8729913,-0.53700864,-1.3570087,-2.8870087,-3.2570086,-2.5370088,-2.8970087,-3.3170087,-3.6670086,-4.6970086,-6.0670085,-5.187009,-5.0670085,-4.3170085,-2.9870086,-3.0770087,-4.0270085,-5.267009,-5.3070087,-5.3870087,-4.767009,-4.6970086,-4.3770084,-4.687009,-5.167009,-5.397009,-4.957009,-4.5670085,-5.3070087,-4.997009,-3.2570086,-2.2570086,-1.4170086,3.4929914,1.6829914,3.3429914
3.3629913,3.4329913,3.3829913,1.8929913,0.9429913,-0.31700867,-0.8670087,-1.6370087,-3.5470088,-2.4770086,-2.1170087,-2.2170086,-3.7670088,-4.6570086,-5.1970086,-4.6070085,-5.5770087,-3.7670088,-3.5570087,-3.8270087,-4.7370086,-4.7570086,-4.437009,-4.5470085,-4.147009,-5.037009,-4.8870087,-5.4870086,-5.3270087,-4.537009,-5.0970087,-5.1170087,-5.1770086,-5.2970085,-3.9570086,-3.0070086,-1.5570086,-2.4670086,-3.2170086,-1.1570086,0.44299135
3.7929914,3.5729914,2.7229912,1.7429913,-0.25700867,-0.6270087,-1.9870087,-1.5770087,-3.3470087,-3.1970086,-1.9770087,0.43299133,-3.5870087,-3.1570086,-3.6470087,-4.937009,-4.5970087,-4.5070086,-4.3270087,-4.477009,-4.8870087,-4.7370086,-4.2570086,-4.2170086,-4.5570087,-5.3770084,-5.747009,-6.287009,-6.647009,-6.0570087,-5.9270086,-5.7770085,-3.8470087,-4.0570087,-2.8570087,-4.207009,-1.8570087,-1.2670087,1.2729913,-0.90700865,-0.78700864
3.1829913,3.0729914,2.2029912,0.6829913,0.60299134,0.19299133,0.13299133,-0.66700864,-1.4270086,-3.1670086,-1.5070087,-1.6070087,-0.107008666,-1.6770086,-3.0770087,-3.5170088,-3.0970087,-3.0870087,-3.9270086,-3.8470087,-4.0970087,-3.4170086,-3.3170087,-3.8170087,-4.3470087,-4.747009,-5.2170086,-5.247009,-5.3870087,-5.287009,-5.2370086,-5.0670085,-4.6570086,-4.767009,-4.1270084,-3.1870086,-2.3470087,-2.0070086,-1.0570086,-1.1570086,-0.47700867
2.0129914,2.1429913,1.7129914,0.66299134,1.2329913,1.2129914,0.37299132,0.46299133,1.3929913,-0.047008667,-1.2370087,-1.9370086,-3.2970088,-1.5670086,-2.0770087,-2.8970087,-2.5970087,-2.1370087,-2.8070087,-3.3470087,-3.5370088,-3.0970087,-3.0470088,-3.2670088,-3.4970086,-4.1170087,-4.1070085,-4.3870087,-4.5070086,-4.937009,-5.247009,-5.6070085,-4.2370086,-3.6570086,-3.2470086,-3.2370086,-2.2870088,-2.4470086,-2.0270088,-0.007008667,-0.7370087
1.7429913,1.3729913,2.9129913,0.14299133,1.1829914,0.38299134,0.37299132,1.9529914,2.2729914,1.5029913,0.44299135,-0.26700866,-0.70700866,-1.9770087,-1.9470086,-1.6070087,-1.6270087,-1.4070086,-1.6170087,-2.0770087,-2.7770088,-3.2370086,-3.0370088,-3.4370086,-3.7670088,-3.7670088,-4.017009,-3.8270087,-4.2170086,-4.6070085,-3.7470086,-4.6170087,-3.6570086,-3.6270087,-3.8770087,-3.9970086,-3.8070087,-2.2270086,-2.9370086,-2.2670088,1.0629914
