wind_kz.json
{"header": {"discipline":0,"disciplineName":"Meteorological products","gribEdition":2,"gribLength":871,"center":7,"centerName":"US National Weather Service - NCEP(WMC)","subcenter":0,"refTime":"2023-08-25T00:00:00.000Z","significanceOfRT":1,"significanceOfRTName":"Start of forecast","productStatus":0,"productStatusName":"Operational products","productType":1,"productTypeName":"Forecast products","productDefinitionTemplate":0,"productDefinitionTemplateName":"Analysis/forecast at horizontal level/layer at a point in time","parameterCategory":0,"parameterCategoryName":"UnknownDiscipline_0_Category_0","parameterNumber":0,"parameterNumberName":"UnknownParameter_D0_C0_0","parameterUnit":"Unknown","genProcessType":2,"genProcessTypeName":"Forecast","forecastTime":180,"surface1Type":1,"surface1TypeName":"Ground or water surface","surface1Value":0.0,"surface2Type":255,"surface2TypeName":"Missing","surface2Value":0.0,"gridDefinitionTemplate":0,"gridDefinitionTemplateName":"Latitude_Longitude","numberPoints":615,"shape":6,"shapeName":"Earth spherical with radius of 6,371,229.0 m","gridUnits":"degrees","resolution":48,"winds":"true","scanMode":64,"nx":41,"ny":15,"basicAngle":0,"lo1":47.0,"la1":41.0,"lo2":87.0,"la2":55.0,"dx":1.0,"dy":1.0}, "data":
[rows 0 to 14 of 15, columns 0 to 40 of 41]
310.2,298.2,305.80002,299.2,298.90002,298.7,310.80002,316.2,311.60004,312.40002,310.7,310.50003,309.10004,309.00003,308.00003,307.30002,307.2,307.40002,308.7,308.50003,309.40002,303.90002,302.00003,296.40002,296.7,294.7,288.7,275.50003,274.40002,273.7,281.30002,281.90002,298.80002,307.50003,309.2,309.2,309.2,309.00003,309.10004,309.40002,308.60004
295.10004,306.00003,299.00003,299.10004,299.30002,298.10004,316.80002,313.2,311.00003,310.50003,310.30002,309.60004,309.2,305.30002,306.90002,307.00003,306.30002,308.60004,307.2,307.7,307.10004,304.80002,301.60004,289.00003,278.7,274.40002,281.2,274.60004,277.7,272.00003,277.30002,278.60004,287.90002,267.30002,287.90002,304.80002,303.7,306.7,309.90002,299.60004,284.60004
306.80002,298.60004,299.40002,299.30002,298.00003,312.00003,311.50003,311.50003,310.30002,309.7,309.00003,310.00003,307.90002,307.7,307.40002,306.80002,306.7,305.00003,305.60004,305.90002,306.50003,304.00003,302.10004,295.50003,298.60004,295.00003,293.30002,290.10004,283.90002,276.10004,271.10004,273.00003,280.40002,283.60004,290.00003,288.50003,281.30002,283.60004,288.50003,286.00003,285.50003
307.10004,299.30002,299.40002,298.40002,300.30002,310.7,310.7,311.50003,312.40002,310.7,310.80002,308.80002,295.50003,294.40002,304.30002,305.00003,305.60004,306.60004,305.80002,305.50003,302.90002,295.60004,301.30002,303.2,302.7,301.90002,299.60004,292.50003,290.00003,290.60004,289.50003,284.90002,290.80002,288.80002,290.80002,287.80002,284.50003,286.7,288.50003,299.90002,304.00003
309.7,298.90002,299.2,299.00003,305.30002,310.90002,312.90002,313.60004,310.90002,311.10004,310.7,308.30002,295.40002,293.80002,291.60004,304.30002,305.40002,304.30002,303.30002,303.40002,304.00003,302.40002,300.80002,302.00003,301.80002,301.00003,298.80002,297.30002,297.60004,295.7,294.60004,290.10004,277.7,274.2,290.50003,298.30002,294.60004,304.80002,305.80002,307.30002,306.50003
309.60004,307.30002,296.80002,297.80002,298.50003,298.00003,313.2,312.40002,311.80002,311.2,309.30002,308.10004,296.40002,294.7,298.60004,301.00003,303.60004,302.10004,303.80002,304.40002,302.00003,301.10004,298.7,300.40002,300.00003,299.90002,300.50003,292.80002,299.00003,299.00003,296.90002,294.7,290.80002,288.40002,287.7,292.10004,286.30002,289.7,298.10004,304.30002,303.00003
311.80002,311.10004,310.60004,309.80002,305.60004,309.00003,312.90002,312.50003,311.2,310.40002,309.10004,306.40002,305.50003,303.90002,301.90002,302.2,301.2,302.00003,300.2,301.10004,301.30002,300.80002,298.40002,297.2,298.90002,299.10004,299.80002,300.7,299.40002,297.2,295.90002,294.40002,294.00003,292.90002,289.80002,289.2,291.80002,289.50003,287.90002,290.2,297.00003
311.7,312.60004,312.90002,312.40002,312.7,312.90002,312.2,309.80002,308.2,307.90002,306.90002,305.10004,303.50003,300.80002,302.10004,301.7,302.80002,300.7,299.80002,297.10004,297.40002,298.30002,295.90002,294.80002,293.60004,293.90002,294.50003,297.7,295.30002,297.10004,295.2,295.7,293.30002,290.40002,291.80002,291.40002,295.40002,289.50003,296.40002,296.7,296.00003
312.00003,310.90002,311.2,310.7,310.2,309.80002,309.00003,308.80002,307.10004,305.60004,304.60004,299.7,293.90002,296.30002,297.7,298.00003,298.90002,300.10004,298.7,297.2,293.60004,295.30002,296.90002,293.00003,290.80002,290.30002,293.00003,292.50003,292.7,290.7,291.7,290.40002,292.80002,294.10004,294.00003,291.7,292.10004,291.50003,284.80002,285.00003,286.60004
309.30002,308.7,308.80002,309.00003,308.40002,308.10004,307.10004,306.30002,304.30002,302.60004,299.40002,297.60004,292.90002,297.60004,290.80002,296.30002,296.00003,298.50003,297.7,296.60004,294.90002,294.40002,292.00003,292.60004,292.60004,290.10004,290.2,292.30002,292.50003,290.50003,292.10004,294.90002,293.60004,291.90002,292.80002,291.00003,290.30002,287.40002,286.60004,286.30002,285.90002
305.60004,305.40002,305.7,305.2,304.7,304.80002,304.10004,303.7,302.60004,301.00003,297.50003,296.2,297.00003,294.00003,289.40002,294.50003,296.40002,296.10004,295.90002,294.10004,294.40002,294.50003,293.2,292.40002,289.60004,288.7,287.80002,292.00003,294.90002,293.50003,296.80002,294.50003,295.00003,291.90002,288.60004,288.40002,283.50003,284.40002,287.60004,287.7,286.30002
307.2,308.30002,307.7,306.2,304.60004,303.50003,302.50003,302.2,301.30002,300.00003,294.7,287.80002,290.7,291.40002,290.80002,291.50003,291.60004,294.30002,292.30002,292.60004,290.90002,290.10004,290.7,290.30002,289.10004,290.2,289.00003,289.90002,292.10004,295.30002,294.60004,294.80002,293.80002,292.50003,289.90002,287.60004,287.60004,285.90002,284.7,289.10004,289.80002
302.30002,305.80002,307.2,305.50003,303.2,301.7,301.7,299.80002,298.30002,296.80002,289.90002,286.00003,287.90002,285.60004,289.30002,289.10004,290.00003,291.60004,290.50003,291.00003,290.30002,289.30002,289.10004,288.40002,289.30002,290.60004,292.40002,290.7,289.50003,292.50003,293.2,292.2,292.00003,293.30002,292.80002,288.2,286.00003,286.7,285.00003,285.90002,288.7
302.60004,302.2,293.50003,293.50003,295.90002,299.50003,299.60004,297.40002,294.50003,292.40002,286.7,282.50003,282.80002,283.30002,289.80002,288.40002,289.50003,289.2,290.90002,290.30002,290.10004,290.60004,290.2,289.90002,289.90002,290.2,289.90002,290.40002,289.50003,291.2,290.60004,291.50003,288.90002,290.10004,290.30002,291.7,285.50003,284.50003,284.2,284.7,288.2
298.00003,301.7,291.00003,300.60004,300.90002,299.7,297.80002,296.00003,292.40002,285.30002,283.00003,281.7,281.00003,283.40002,288.50003,289.30002,288.10004,286.40002,290.2,287.7,289.7,289.40002,289.2,287.90002,288.50003,288.40002,288.80002,288.40002,286.30002,288.2,288.90002,286.7,289.30002,287.60004,289.7,289.7,288.80002,285.90002,284.80002,285.40002,287.40002
