wind_kz.json
{"header": {"discipline":0,"disciplineName":"Meteorological products","gribEdition":2,"gribLength":1025,"center":7,"centerName":"US National Weather Service - NCEP(WMC)","subcenter":0,"refTime":"2023-09-07T18:00:00.000Z","significanceOfRT":1,"significanceOfRTName":"Start of forecast","productStatus":0,"productStatusName":"Operational products","productType":1,"productTypeName":"Forecast products","productDefinitionTemplate":0,"productDefinitionTemplateName":"Analysis/forecast at horizontal level/layer at a point in time","parameterCategory":2,"parameterCategoryName":"UnknownDiscipline_0_Category_2","parameterNumber":3,"parameterNumberName":"UnknownParameter_D0_C2_3","parameterUnit":"Unknown","genProcessType":2,"genProcessTypeName":"Forecast","forecastTime":180,"surface1Type":103,"surface1TypeName":"Specified height level above ground","surface1Value":10.0,"surface2Type":255,"surface2TypeName":"Missing","surface2Value":0.0,"gridDefinitionTemplate":0,"gridDefinitionTemplateName":"Latitude_Longitude","numberPoints":615,"shape":6,"shapeName":"Earth spherical with radius of 6,371,229.0 m","gridUnits":"degrees","resolution":48,"winds":"true","scanMode":64,"nx":41,"ny":15,"basicAngle":0,"lo1":47.0,"la1":41.0,"lo2":87.0,"la2":55.0,"dx":1.0,"dy":1.0}, "data":
[rows 0 to 14 of 15, columns 0 to 40 of 41]
2.0642114,1.7342114,-2.3557885,-7.4557886,-7.7357883,-7.4657884,0.8242114,4.3742113,4.204211,1.8742114,-0.6057886,-1.2057886,-1.7557886,-2.6857886,-3.5957885,-5.0957885,-5.3057885,-7.4357886,-6.4357886,-2.9057887,-2.5457885,-2.9157887,-0.18578857,1.6942115,2.4142115,1.4542115,0.41421142,2.2342114,-0.9257886,-2.9557886,-0.95578855,1.8542114,-1.6557885,-1.5457885,-0.43578857,-0.11578857,0.12421142,0.26421142,0.24421142,0.084211424,0.62421143
0.5742114,-0.42578858,-3.8457885,-4.4057884,-5.4157887,-3.3957887,-0.17578858,1.3742114,0.36421144,-0.56578857,-0.36578858,-1.8457886,-2.3457885,-3.3757887,-3.1757886,-4.8657885,-5.4157887,-4.3257885,-5.525789,-4.3057885,-3.1157885,-4.3757887,0.13421142,0.5942114,3.7342114,4.0042114,3.5242114,2.8742113,-0.77578855,2.3542113,-0.30578858,-0.40578857,2.3042114,-2.3457885,2.8542113,3.4542115,2.1142113,1.7042115,0.47421142,0.68421143,0.3942114
-0.9357886,-2.3757887,-0.31578857,-2.0257885,-1.7157886,-1.0057886,-0.22578858,-0.095788576,0.5042114,-0.3557886,-1.7057886,-2.4657886,-2.6457887,-2.3957887,-2.0857885,-4.3157887,-4.3757887,-4.9957886,-5.7057886,-4.255789,-0.16578858,-2.0257885,-2.0757885,-1.0457885,-1.9457886,-1.9957886,-1.6957886,-2.1857886,-1.2857885,-2.7257886,-2.1857886,0.18421143,-2.5557885,2.6842115,0.17421143,-2.2057886,1.7742114,-2.9257886,-2.6657887,0.5042114,0.7042114
-1.1957886,-2.2257886,-0.2957886,-0.7457886,-0.57578856,0.084211424,-0.005788574,-0.49578857,0.034211427,-0.9057886,-2.1157885,-1.8057885,-3.2357886,-0.62578857,-2.3057885,-3.9357886,-4.5757885,-5.1757884,-5.4857883,-4.8957887,1.4642115,-1.1457886,1.1842114,-0.6157886,-1.7157886,-2.8857887,-2.7957885,-2.6857886,-2.3357885,-4.4757886,-2.2257886,1.6742114,1.6942115,0.86421144,0.18421143,1.8542114,3.4542115,3.3042114,-2.6957886,-2.8957887,-1.6057886
-0.40578857,-2.0057886,-0.58578855,1.1942115,0.5842114,0.32421142,0.18421143,-1.5357885,-1.5857886,-1.9957886,-3.1557887,-3.6357887,-0.43578857,-1.6557885,-3.1857886,-4.2257886,-4.4157887,-3.6557887,-3.3457885,-2.8157885,-0.89578855,0.9542114,0.5342114,-0.045788575,-0.39578858,-1.1857886,-3.2457886,-3.0157886,-3.1457887,-4.4757886,-5.0557885,-3.8857887,0.62421143,-0.56578857,0.8942114,1.0542114,2.1242113,1.0742115,-2.6557887,-1.6957886,0.5042114
1.8142114,-0.30578858,-1.8557886,2.5942113,2.9942114,1.5842115,1.6342114,-0.18578857,-3.2257886,-2.9757886,-1.3957886,-3.6657887,-3.4557886,-3.3757887,-4.1757884,-3.9557886,-3.7257886,-2.7257886,-1.2057886,-0.14578858,-0.5357886,-0.14578858,0.62421143,0.48421142,0.15421143,-0.43578857,-1.3757886,-3.5457885,-3.2557886,-4.1857886,-4.795789,-4.0357885,-3.1357887,-2.5357885,-2.2957885,-1.8657886,-3.5057886,-1.9157885,-0.6057886,0.6942114,2.3242114
4.3842115,3.2042115,1.9042114,2.7642114,3.7842114,0.4542114,1.5042114,-1.1657885,-2.4557886,-3.6857886,-0.065788575,-2.3057885,-2.6257887,-2.4957886,-1.8457886,-3.5157886,-3.2557886,-2.0857885,0.16421142,0.30421144,0.32421142,0.20421143,0.7742114,1.2642114,0.86421144,-0.16578858,-0.6657886,-1.3457886,-2.2957885,-2.7157886,-3.6557887,-4.4057884,-4.7657886,-1.5757886,0.4242114,2.3142114,3.3242114,0.5742114,-1.2857885,2.1542115,-2.4557886
0.9642114,4.9842114,4.8442116,4.6842113,4.1742115,2.7742114,0.19421142,0.8242114,-0.42578858,1.8042114,-1.3757886,-0.81578857,-2.4357886,-1.7757885,-2.5557885,-0.6057886,-1.0757886,-2.2157886,-1.3957886,1.3142114,0.80421144,0.8442114,0.35421142,0.37421143,-0.055788573,0.73421144,1.4342114,0.66421145,-2.1257887,-2.8657885,-4.3657885,-4.8557887,-5.8657885,-6.2457886,-3.2657886,-1.9557886,-2.0057886,-1.5157886,0.15421143,-0.58578855,-0.2957886
2.6142113,3.4442115,4.6542115,4.494211,3.5642114,1.0642114,0.30421144,1.3742114,1.4242114,3.1342115,1.9042114,0.31421143,-0.44578856,-0.87578857,-1.7057886,-1.3657886,-0.8657886,-0.7857886,-1.0557885,0.98421144,1.4042114,0.38421142,0.86421144,0.80421144,1.1442114,1.4842114,-0.005788574,-1.4157885,-2.5957885,-3.5357885,-4.795789,-6.3757887,-7.3057885,-6.8257885,-6.0557885,-3.6957886,1.5642114,-3.6857886,-1.0857886,-1.9157885,-1.3757886
6.1542115,-0.17578858,3.1742115,3.4842114,2.5142114,1.9442115,1.6942115,2.2942114,2.6442115,2.6242113,2.3142114,1.3042114,0.5342114,-0.33578858,-0.63578856,-1.7857885,-1.2257886,-0.3257886,0.5242114,0.9442114,-0.11578857,0.5642114,1.1742114,1.0942115,0.80421144,0.9542114,-1.6657885,-2.1557887,-3.1357887,-3.9557886,-4.5657887,-5.3957887,-4.9757886,-5.9757886,-5.6957884,-2.8257885,-0.52578855,2.2542114,-2.6257887,-1.4957886,-1.0557885
1.1742114,4.2842116,4.5042114,2.1142113,1.3142114,1.0342114,0.74421144,1.4542115,3.5542114,3.2042115,3.3742113,2.0142114,1.6542114,0.6342114,0.20421143,0.5842114,0.5242114,0.68421143,1.0442114,1.0442114,0.6442114,1.4142114,-0.08578858,-0.23578857,-0.47578856,-0.36578858,-0.51578856,-1.1757885,-2.7057886,-3.0957885,-4.1457887,-4.045789,-5.0957885,-4.1757884,-5.1357884,-6.3157887,-3.3957887,-1.6157886,-2.0357885,0.4242114,0.16421142
-0.63578856,3.5242114,3.3542113,3.4842114,2.5042114,2.2542114,2.5342114,2.8342113,2.6042113,3.1242113,2.6442115,1.2342114,1.3642114,0.35421142,0.28421143,0.5642114,1.7342114,0.7142114,0.8342114,0.114211425,0.48421142,0.014211426,-0.19578858,-0.70578855,-0.42578858,-0.42578858,-0.14578858,-0.89578855,-2.6857886,-3.1157885,-3.5157886,-3.4757886,-3.5957885,-4.2357883,-3.4257886,-3.6757886,-3.7557886,-1.8757886,-1.4657886,-0.8657886,-1.6357886
3.9942114,4.224211,3.5642114,2.1642115,1.5542114,1.5942115,2.1742115,3.1642115,2.2842114,2.8342113,1.2342114,1.3842114,0.74421144,0.4242114,2.3142114,1.8842114,0.5242114,2.3242114,1.8942114,0.8242114,0.24421142,-0.33578858,-0.23578857,-0.7257886,-0.5557886,-0.41578856,-1.1257886,-1.3457886,-0.6857886,-2.2557886,-2.8557885,-2.8757887,-2.8957887,-2.8757887,-3.1857886,-3.6457887,-4.7357883,-2.2557886,-2.2757885,-0.21578857,-0.5557886
3.7042115,4.204211,3.6742115,3.0942113,2.5142114,3.1042113,2.6142113,-0.5357886,2.3642113,2.7642114,1.9442115,2.1242113,1.4542115,0.25421143,0.27421144,1.4042114,0.61421144,0.47421142,0.3942114,0.074211426,0.24421142,-0.005788574,-0.20578857,-0.6057886,-0.51578856,-1.1757885,-0.63578856,-1.0957886,-1.1057886,-1.4457886,-2.4157887,-2.6357887,-2.8457885,-3.0557885,-3.0257885,-4.0757885,-3.1357887,-3.1657887,-3.2157886,-2.9757886,-2.3357885
2.3842115,3.3242114,3.8742113,3.6542115,3.6442115,3.2242115,2.2842114,2.7242115,2.8142114,2.4642115,0.6442114,1.2942114,2.6342115,1.9442115,2.0142114,1.3542114,-1.2157886,-0.9357886,0.09421143,-0.065788575,-0.50578856,0.21421142,0.38421142,-0.34578857,-0.2957886,-0.57578856,-1.1257886,0.114211425,-0.22578858,-0.69578856,-1.9157885,-3.0557885,-3.0357885,-3.0157886,-2.9457886,-2.7557886,-2.9557886,-2.9657886,-3.0957885,-3.4457886,-2.2557886
