wind_kz.json
{"header": {"discipline":0,"disciplineName":"Meteorological products","gribEdition":2,"gribLength":948,"center":7,"centerName":"US National Weather Service - NCEP(WMC)","subcenter":0,"refTime":"2023-08-22T06:00:00.000Z","significanceOfRT":1,"significanceOfRTName":"Start of forecast","productStatus":0,"productStatusName":"Operational products","productType":1,"productTypeName":"Forecast products","productDefinitionTemplate":0,"productDefinitionTemplateName":"Analysis/forecast at horizontal level/layer at a point in time","parameterCategory":0,"parameterCategoryName":"UnknownDiscipline_0_Category_0","parameterNumber":0,"parameterNumberName":"UnknownParameter_D0_C0_0","parameterUnit":"Unknown","genProcessType":2,"genProcessTypeName":"Forecast","forecastTime":120,"surface1Type":1,"surface1TypeName":"Ground or water surface","surface1Value":0.0,"surface2Type":255,"surface2TypeName":"Missing","surface2Value":0.0,"gridDefinitionTemplate":0,"gridDefinitionTemplateName":"Latitude_Longitude","numberPoints":615,"shape":6,"shapeName":"Earth spherical with radius of 6,371,229.0 m","gridUnits":"degrees","resolution":48,"winds":"true","scanMode":64,"nx":41,"ny":15,"basicAngle":0,"lo1":47.0,"la1":41.0,"lo2":87.0,"la2":55.0,"dx":1.0,"dy":1.0}, "data":
[rows 0 to 14 of 15, columns 0 to 40 of 41]
311.33734,298.33734,304.93735,299.33734,299.03735,298.53735,310.63736,315.73737,313.83734,314.83734,313.03735,313.23737,313.03735,312.63736,312.43735,314.33734,309.03735,309.73737,319.83734,318.43735,322.93735,317.83734,317.13736,315.53735,315.33734,315.43735,314.33734,305.13736,304.43735,299.33734,298.23737,286.53735,306.03735,316.63736,323.03735,321.53735,330.13736,328.93735,329.23737,328.33734,331.33734
290.83734,303.33734,299.13736,299.13736,299.13736,298.13736,313.83734,311.73737,309.53735,310.23737,311.53735,310.83734,310.33734,309.23737,312.13736,313.03735,314.83734,313.53735,310.53735,314.73737,321.43735,317.93735,315.33734,306.13736,294.83734,294.13736,309.93735,303.73737,305.23737,293.03735,299.03735,289.63736,300.33734,273.23737,291.63736,316.13736,315.33734,318.13736,323.33734,310.63736,285.43735
307.13736,298.73737,299.13736,299.03735,297.83734,306.83734,306.53735,306.43735,305.73737,305.53735,308.23737,309.23737,307.93735,309.13736,309.73737,311.43735,306.33734,313.23737,313.73737,315.93735,309.83734,316.43735,315.23737,309.53735,315.13736,318.03735,315.43735,316.53735,309.33734,301.33734,293.33734,296.53735,303.13736,305.83734,304.43735,300.33734,298.03735,299.03735,293.73737,297.93735,296.83734
306.93735,299.93735,299.33734,298.23737,298.93735,305.53735,303.73737,304.53735,305.93735,305.33734,305.83734,305.63736,295.63736,294.93735,307.93735,310.53735,309.53735,312.73737,315.93735,314.43735,309.03735,312.13736,316.83734,315.53735,317.93735,315.33734,319.33734,316.93735,318.03735,307.13736,313.03735,320.53735,319.03735,321.13736,319.23737,315.53735,301.93735,289.63736,300.33734,310.03735,322.03735
307.73737,299.43735,299.63736,299.13736,299.43735,296.93735,297.73737,298.53735,302.23737,304.33734,304.53735,306.03735,295.73737,294.33734,291.93735,307.43735,308.73737,308.03735,308.23737,302.23737,305.23737,308.93735,314.13736,316.43735,318.73737,319.73737,317.53735,308.73737,312.43735,315.33734,314.03735,310.03735,304.43735,299.33734,308.53735,320.13736,312.13736,323.53735,323.23737,318.93735,321.73737
305.63736,303.43735,297.63736,298.53735,298.93735,298.43735,303.53735,301.23737,302.03735,300.13736,301.73737,303.33734,296.03735,294.83734,298.83734,304.33734,308.83734,309.53735,309.23737,302.23737,299.13736,300.53735,312.73737,315.63736,316.63736,314.73737,316.13736,293.73737,310.43735,312.53735,317.03735,310.23737,311.53735,315.53735,314.33734,313.43735,320.63736,312.93735,322.23737,321.23737,316.83734
303.33734,304.33734,304.43735,304.63736,302.13736,302.93735,304.53735,301.43735,299.43735,300.23737,301.63736,296.53735,300.63736,302.53735,304.63736,306.63736,305.53735,304.23737,308.23737,303.33734,310.83734,298.73737,303.03735,309.93735,312.73737,311.83734,311.53735,312.83734,314.83734,314.23737,309.93735,314.13736,313.43735,319.63736,318.83734,318.13736,311.83734,309.13736,303.63736,297.73737,305.63736
302.43735,302.83734,302.23737,302.73737,301.13736,302.13736,302.73737,298.63736,297.73737,297.53735,297.83734,299.03735,301.03735,296.63736,295.13736,305.33734,306.93735,306.23737,304.33734,306.13736,297.33734,306.23737,296.23737,309.33734,305.93735,307.23737,305.63736,309.83734,309.23737,310.83734,307.93735,306.33734,310.33734,311.93735,312.33734,315.63736,318.13736,290.03735,321.13736,317.73737,312.73737
300.93735,300.13736,300.13736,300.73737,294.43735,296.83734,299.53735,299.43735,297.63736,298.13736,297.43735,297.33734,297.43735,292.13736,290.83734,305.83734,305.23737,301.63736,301.83734,303.83734,295.73737,290.73737,298.03735,309.13736,307.53735,306.23737,303.93735,303.93735,304.53735,302.93735,303.23737,300.33734,303.83734,294.53735,308.63736,303.43735,310.43735,309.33734,296.93735,295.73737,298.23737
298.73737,297.13736,291.03735,290.73737,290.33734,291.23737,290.43735,294.73737,295.33734,296.03735,294.43735,294.83734,290.23737,288.23737,293.13736,297.83734,302.03735,301.03735,290.43735,291.73737,295.63736,298.13736,307.63736,309.53735,309.23737,306.43735,306.33734,303.23737,302.63736,299.83734,302.33734,301.53735,296.83734,294.43735,306.23737,308.33734,303.33734,302.33734,300.83734,296.83734,291.93735
295.63736,295.73737,295.63736,295.63736,295.43735,293.73737,295.83734,295.73737,295.13736,295.13736,294.03735,285.43735,286.13736,286.63736,288.33734,295.83734,292.33734,295.63736,296.23737,300.23737,301.83734,305.63736,305.33734,305.93735,305.93735,303.53735,299.53735,302.73737,291.53735,298.13736,301.33734,304.03735,296.23737,299.63736,301.13736,303.23737,297.23737,297.63736,300.43735,299.53735,297.73737
292.93735,293.53735,294.13736,294.33734,293.93735,287.33734,292.63736,293.83734,294.33734,293.63736,288.83734,286.13736,284.53735,284.63736,288.33734,289.33734,295.33734,299.23737,297.63736,300.33734,301.33734,301.13736,303.93735,304.23737,302.43735,303.13736,301.93735,302.83734,303.73737,302.33734,289.83734,291.23737,291.73737,299.63736,294.93735,294.73737,296.83734,296.33734,295.33734,294.93735,299.23737
285.13736,291.03735,292.53735,291.83734,285.03735,287.03735,292.93735,290.93735,295.43735,292.93735,282.73737,282.73737,282.73737,283.23737,288.43735,295.13736,296.63736,299.63736,301.43735,299.93735,300.13736,302.23737,300.23737,300.43735,302.93735,303.13736,302.53735,299.73737,301.93735,299.73737,299.93735,293.93735,298.53735,295.23737,298.23737,292.33734,293.33734,295.43735,293.63736,298.13736,298.03735
289.53735,290.53735,289.43735,290.43735,289.43735,291.33734,288.43735,291.13736,292.23737,287.43735,283.13736,281.03735,282.03735,282.13736,286.03735,290.83734,290.73737,299.03735,300.23737,299.33734,300.33734,300.93735,301.93735,302.53735,302.83734,301.43735,301.53735,300.73737,299.53735,296.63736,296.33734,297.63736,294.93735,293.33734,293.03735,294.13736,293.43735,293.63736,294.93735,292.73737,295.13736
286.53735,288.93735,290.73737,289.93735,290.53735,284.03735,285.03735,291.13736,292.73737,290.53735,284.13736,281.93735,280.63736,281.83734,282.83734,287.43735,284.73737,289.73737,300.13736,299.13736,299.43735,300.13736,301.33734,301.73737,301.63736,301.03735,299.43735,300.33734,299.23737,299.73737,294.93735,292.13736,298.03735,296.23737,295.73737,295.03735,295.63736,294.33734,294.43735,294.73737,295.13736
