wind_kz.json
{"header": {"discipline":0,"disciplineName":"Meteorological products","gribEdition":2,"gribLength":1025,"center":7,"centerName":"US National Weather Service - NCEP(WMC)","subcenter":0,"refTime":"2023-09-28T18:00:00.000Z","significanceOfRT":1,"significanceOfRTName":"Start of forecast","productStatus":0,"productStatusName":"Operational products","productType":1,"productTypeName":"Forecast products","productDefinitionTemplate":0,"productDefinitionTemplateName":"Analysis/forecast at horizontal level/layer at a point in time","parameterCategory":2,"parameterCategoryName":"UnknownDiscipline_0_Category_2","parameterNumber":3,"parameterNumberName":"UnknownParameter_D0_C2_3","parameterUnit":"Unknown","genProcessType":2,"genProcessTypeName":"Forecast","forecastTime":180,"surface1Type":103,"surface1TypeName":"Specified height level above ground","surface1Value":10.0,"surface2Type":255,"surface2TypeName":"Missing","surface2Value":0.0,"gridDefinitionTemplate":0,"gridDefinitionTemplateName":"Latitude_Longitude","numberPoints":615,"shape":6,"shapeName":"Earth spherical with radius of 6,371,229.0 m","gridUnits":"degrees","resolution":48,"winds":"true","scanMode":64,"nx":41,"ny":15,"basicAngle":0,"lo1":47.0,"la1":41.0,"lo2":87.0,"la2":55.0,"dx":1.0,"dy":1.0}, "data":
[rows 0 to 14 of 15, columns 0 to 40 of 41]
-0.688689,0.83131105,-0.71868896,1.091311,1.2413111,-0.13868897,-0.08868896,-0.32868898,-2.668689,-5.058689,-5.348689,-6.068689,-4.498689,1.3713111,1.261311,1.451311,-0.24868897,-0.38868895,0.57131106,0.83131105,-0.19868897,-2.948689,-4.148689,0.27131104,1.151311,0.51131105,0.76131105,-0.59868896,-0.17868896,2.041311,1.7413111,1.931311,-1.588689,-1.488689,-1.558689,-1.698689,-1.988689,-1.368689,0.19131103,2.531311,3.251311
2.151311,1.311311,0.601311,0.39131105,1.091311,2.121311,0.731311,-1.7586889,-3.748689,-3.618689,-5.218689,-5.528689,-3.5586889,-2.398689,-0.37868896,0.101311035,-0.97868896,2.371311,0.94131106,1.891311,-1.8786889,-3.358689,-2.0886889,1.161311,3.051311,0.39131105,2.521311,1.171311,0.871311,1.911311,-0.44868895,2.871311,1.6213111,2.081311,2.6613111,1.761311,1.9913111,0.65131104,1.6213111,1.8613111,0.44131103
1.2413111,4.0613112,2.481311,2.9213111,1.841311,0.21131104,-0.73868895,-2.278689,-2.398689,-3.968689,-6.468689,-4.6886888,-2.848689,-1.738689,-0.60868895,-1.7686889,-2.998689,-0.33868897,-0.21868896,1.791311,-2.0786889,-0.948689,0.981311,2.861311,-0.508689,-2.048689,-0.91868895,-2.0686889,-1.228689,-0.828689,0.64131105,1.7313111,1.201311,1.941311,0.071311034,-2.168689,-0.60868895,2.4413111,-0.948689,1.771311,0.14131103
2.051311,3.551311,3.081311,2.131311,1.041311,0.541311,-0.41868895,-1.308689,-3.038689,-4.518689,-6.088689,-6.4386888,-3.848689,-1.658689,-2.258689,-3.598689,-2.248689,-3.988689,1.211311,2.721311,2.401311,3.771311,0.42131102,0.041311037,-0.12868896,0.101311035,-1.4986889,-1.8986889,-0.44868895,-2.3386889,2.811311,2.371311,0.851311,0.021311035,0.871311,2.871311,3.891311,2.771311,-3.258689,-2.3286889,-1.288689
2.531311,2.641311,2.6813111,1.8713111,0.26131102,-0.36868897,-2.0686889,-1.068689,-3.028689,-2.988689,-5.498689,-6.978689,-6.178689,-3.778689,-3.388689,-3.798689,-2.3386889,-0.29868898,1.441311,1.321311,2.331311,1.301311,1.291311,1.3613111,1.271311,0.09131104,-2.0886889,-2.128689,-1.7586889,-2.988689,-3.3186889,-1.458689,1.921311,2.201311,0.31131104,0.82131106,3.591311,-0.648689,-1.238689,0.13131103,0.14131103
2.651311,2.4113111,2.021311,2.001311,-0.18868896,-1.698689,-2.048689,-1.868689,-2.458689,-2.968689,-4.608689,-5.738689,-4.588689,-4.518689,-3.728689,-1.828689,-1.308689,-1.298689,-0.53868896,0.96131104,1.041311,0.95131105,1.891311,1.711311,1.281311,0.101311035,-0.948689,-4.128689,-2.898689,-2.748689,-2.5786889,-3.098689,-2.748689,-3.398689,-2.488689,12.401311,-0.828689,5.931311,0.63131106,0.52131104,-0.058688965
3.121311,2.721311,2.261311,1.701311,0.78131104,-0.36868897,-0.518689,-1.928689,-0.898689,-1.208689,-2.738689,-3.538689,-4.368689,-3.0886889,-2.0786889,-1.438689,-0.32868898,0.25131103,0.58131105,0.741311,0.991311,1.171311,1.421311,1.671311,1.201311,0.90131104,-0.96868896,-1.588689,-3.118689,-3.038689,-2.688689,-3.148689,-2.198689,1.6013111,2.641311,3.701311,3.4213111,2.511311,2.361311,1.811311,0.72131103
3.711311,3.231311,2.301311,1.071311,0.84131104,1.0013111,-0.948689,0.681311,0.39131105,0.24131103,-2.018689,-2.3286889,-3.788689,-2.5686889,-1.2586889,0.40131104,-0.16868897,0.39131105,0.851311,1.8713111,0.48131102,0.94131106,0.671311,1.681311,1.581311,0.83131105,0.51131105,-0.27868897,-1.228689,-2.638689,-3.508689,-3.208689,-2.208689,-4.878689,-0.92868894,-1.068689,-0.53868896,0.69131106,-0.37868896,0.611311,2.001311
2.381311,3.231311,2.831311,1.6213111,0.871311,1.201311,0.51131105,0.611311,1.6013111,1.291311,-0.13868897,-1.558689,-2.288689,-2.898689,-2.198689,-0.26868898,1.631311,0.601311,0.66131103,1.161311,1.561311,0.21131104,0.23131104,1.421311,1.141311,0.57131106,0.15131104,-0.32868898,-1.108689,-1.6386889,-2.118689,-3.768689,-3.158689,-3.418689,-2.488689,-0.818689,1.151311,-1.078689,1.461311,1.081311,0.38131103
2.601311,2.051311,2.4313111,2.511311,2.4213111,2.091311,1.901311,0.42131102,2.781311,2.4313111,1.771311,0.33131105,-0.30868897,-1.6386889,-1.908689,-1.428689,0.23131104,1.6013111,2.081311,1.821311,1.641311,1.2413111,0.601311,0.83131105,0.88131106,1.071311,0.26131102,0.49131104,-0.13868897,-1.0286889,-0.768689,-0.898689,-1.308689,-2.658689,-1.438689,-1.418689,-0.47868896,2.1913111,-0.86868894,-0.698689,0.35131103
-0.92868894,1.951311,2.471311,2.121311,2.581311,3.041311,2.1813111,2.111311,1.181311,2.761311,3.741311,2.221311,2.211311,0.72131103,-0.638689,-0.958689,-0.44868895,-0.49868897,2.101311,3.211311,3.531311,3.131311,2.1613111,2.091311,1.671311,1.681311,1.131311,0.78131104,0.15131104,0.18131104,0.70131105,0.32131103,-1.0186889,-2.368689,-3.218689,-1.6486889,-0.49868897,-0.13868897,0.36131105,0.57131106,0.72131103
-2.118689,-1.158689,-0.78868896,1.951311,2.221311,2.4113111,2.811311,3.451311,2.601311,2.901311,2.4213111,1.691311,2.9213111,2.731311,1.891311,1.541311,0.851311,0.64131105,0.741311,0.42131102,2.871311,4.121311,3.501311,2.851311,2.861311,2.401311,2.211311,1.961311,1.291311,1.1113111,1.091311,0.871311,0.48131102,-0.758689,-1.1286889,-1.978689,-2.388689,-2.0686889,-1.718689,-1.468689,-1.2786889
-2.438689,-2.698689,-2.998689,-1.6486889,0.27131104,1.4913111,2.571311,3.651311,4.611311,2.491311,1.931311,2.011311,3.211311,3.531311,2.9413111,3.841311,2.131311,2.011311,2.4113111,2.401311,2.401311,2.9413111,3.611311,3.791311,3.271311,2.981311,2.381311,2.321311,2.261311,2.571311,2.111311,1.931311,1.6213111,1.031311,0.871311,0.621311,0.88131106,0.16131103,0.17131104,-0.22868897,-0.46868896
-2.5786889,-2.288689,-3.168689,-2.018689,-1.408689,0.27131104,1.921311,3.291311,3.9213111,5.021311,3.261311,2.401311,2.4213111,4.281311,3.841311,3.4113111,2.711311,2.521311,3.101311,3.401311,3.621311,3.501311,3.361311,3.331311,2.9313111,3.091311,3.021311,2.6913111,2.4413111,2.731311,2.721311,2.461311,2.321311,2.211311,1.911311,2.311311,2.001311,1.8713111,1.951311,1.3513111,2.041311
-1.068689,-2.408689,-2.348689,-1.598689,-1.348689,-0.21868896,-0.008688965,1.921311,2.761311,3.221311,3.721311,5.011311,2.821311,2.221311,4.681311,5.221311,4.021311,3.791311,4.001311,4.131311,4.051311,4.0413113,3.791311,4.0413113,3.711311,3.631311,3.401311,3.1613111,3.031311,3.111311,3.351311,2.771311,2.501311,2.541311,2.4113111,2.051311,3.251311,2.861311,1.801311,2.401311,2.4213111
