wind_kz.json
{"header": {"discipline":0,"disciplineName":"Meteorological products","gribEdition":2,"gribLength":1102,"center":7,"centerName":"US National Weather Service - NCEP(WMC)","subcenter":0,"refTime":"2023-09-07T18:00:00.000Z","significanceOfRT":1,"significanceOfRTName":"Start of forecast","productStatus":0,"productStatusName":"Operational products","productType":1,"productTypeName":"Forecast products","productDefinitionTemplate":0,"productDefinitionTemplateName":"Analysis/forecast at horizontal level/layer at a point in time","parameterCategory":2,"parameterCategoryName":"UnknownDiscipline_0_Category_2","parameterNumber":3,"parameterNumberName":"UnknownParameter_D0_C2_3","parameterUnit":"Unknown","genProcessType":2,"genProcessTypeName":"Forecast","forecastTime":60,"surface1Type":103,"surface1TypeName":"Specified height level above ground","surface1Value":10.0,"surface2Type":255,"surface2TypeName":"Missing","surface2Value":0.0,"gridDefinitionTemplate":0,"gridDefinitionTemplateName":"Latitude_Longitude","numberPoints":615,"shape":6,"shapeName":"Earth spherical with radius of 6,371,229.0 m","gridUnits":"degrees","resolution":48,"winds":"true","scanMode":64,"nx":41,"ny":15,"basicAngle":0,"lo1":47.0,"la1":41.0,"lo2":87.0,"la2":55.0,"dx":1.0,"dy":1.0}, "data":
[rows 0 to 14 of 15, columns 0 to 40 of 41]
-9.180655,3.0493457,-6.3806543,-18.630653,-6.370654,-0.1406543,-0.030654296,1.4893457,3.2393458,1.8693457,2.6293457,4.189346,3.6793456,2.0793457,1.1593457,0.6193457,0.009345703,-1.5606543,-3.1806543,-1.4506543,-1.5306543,-1.3006543,1.6293457,0.4593457,1.7893457,-0.3906543,0.2793457,1.1593457,0.0793457,2.1493456,2.6293457,2.5893457,-2.5706544,-1.7406543,-2.5606544,-0.3806543,0.2793457,1.1293457,2.3893456,2.7693458,3.1293457
1.0293458,-2.9006543,-17.790655,-19.000654,-10.850655,-2.7406542,0.6793457,4.959346,3.7293458,1.0993457,2.2793458,1.8493457,2.5193458,1.7293457,1.4593457,0.6793457,0.6093457,0.2993457,-0.8606543,-2.3506544,-3.4106543,-3.3006544,-1.6006542,1.3193457,3.7793458,3.5593457,3.0093458,2.1693456,-0.5406543,3.4993458,-0.3006543,3.3793457,1.2193457,2.1393456,2.6693456,4.4893456,4.109346,2.4993458,3.5393457,0.5693457,0.5893457
-4.4406543,-8.820654,-8.090654,-13.150654,-6.4006543,-7.910654,-1.3306543,1.4293457,2.0293458,0.8493457,-1.3006543,-0.9206543,-0.8106543,-0.020654297,-0.3606543,-1.0006543,-1.0506543,-2.6106544,-2.9106543,-1.7606543,-0.95065427,-3.6106544,-3.6106544,-0.5106543,-0.6306543,-1.1206543,-0.8706543,-2.5606544,-0.6806543,-1.0906543,1.3993458,3.4293456,1.2093457,2.1393456,0.9593457,-2.0606544,-0.5106543,2.7593458,-1.2606543,1.6693457,1.2793458
-2.1806543,-2.3206544,-5.140654,-6.1806545,-8.540654,-1.2406543,-6.8806543,-4.9706545,-0.08065429,0.2493457,0.3393457,0.5193457,0.3093457,-0.7306543,-0.3006543,0.6693457,-0.020654297,-2.2506542,-4.100654,-3.3506544,-2.8406544,-1.1306543,1.4793457,0.9293457,0.5093457,-0.7406543,-0.8206543,-2.4406543,0.009345703,-1.3206543,-0.7506543,1.1493458,0.7793457,0.4693457,2.1793456,2.3193457,3.1493456,2.2193458,-3.2206542,-1.8506542,-0.7306543
-6.2006545,-7.6706543,-9.240654,-7.020654,-6.520654,-4.330654,1.7393457,-2.3006544,-6.4406543,1.5193458,1.1193457,1.2293457,1.5793457,1.3893456,0.6993457,3.1993456,2.5093458,1.4393457,-0.6106543,-2.8106544,-0.3806543,0.1393457,-0.2906543,-0.4506543,-0.070654295,0.8893457,-0.95065427,-2.6006544,-2.9606543,-4.0106544,-4.2206545,-2.1806543,-0.010654297,1.3193457,0.4993457,1.7893457,2.8593457,-0.2506543,-2.4706542,-1.4506543,-0.5406543
-4.6906543,-3.3606544,-4.8606544,-6.5906544,-4.2206545,0.2093457,-1.6806543,-3.3506544,5.649346,2.6493456,2.5293458,4.6393456,5.939346,2.2593458,1.5593457,1.2693458,1.8693457,1.2493457,0.8893457,0.4193457,-0.34065428,-0.8406543,-1.1406543,-0.5206543,-0.3506543,0.4193457,-0.3206543,-2.9506543,-4.850654,-4.2606544,-4.390654,-2.3306544,-1.6206543,-3.2706542,-3.4006543,9.769345,-2.7006543,1.1293457,-0.5106543,-1.5206543,0.059345704
-2.8206544,-2.9506543,-5.2606544,-4.410654,-4.020654,-2.4606543,-0.5506543,2.4793458,0.5793457,1.1993457,8.439345,8.039346,3.5493457,2.9693458,1.9893457,1.5193458,0.5993457,0.9093457,0.4693457,0.5593457,0.7593457,0.19934571,-0.8306543,-1.1106544,-0.5206543,-0.2906543,-0.8106543,-2.9306543,-1.9606543,-1.1206543,-0.2106543,-0.3506543,1.4393457,3.6093457,4.1393456,3.4793458,2.9793458,2.4093456,-2.3806543,1.9593457,1.6293457
-4.040654,-3.0506544,-0.4706543,-2.9806542,-4.3006544,-3.9606543,4.0393457,5.749346,4.0793457,6.729346,5.7593455,5.0093455,5.2193456,3.9393456,2.6593456,2.3893456,2.1293457,1.6293457,0.8693457,1.7393457,1.7193457,1.2093457,-0.08065429,-1.3806543,-1.6506543,-1.1206543,-1.6106544,-2.1306543,-2.2606542,-2.4106543,0.3593457,1.5893457,3.9993458,6.4693456,2.6193457,0.3693457,-0.9306543,1.3193457,-0.34065428,0.6893457,1.3393457
0.7493457,-2.0906544,-5.540654,-2.9006543,-0.8906543,-2.3906543,1.6493458,-0.5106543,5.2593455,2.0893457,4.479346,4.999346,5.089346,4.3693457,3.0093458,1.9593457,2.0793457,2.1193457,2.2993457,2.2693458,2.0093458,1.2793458,0.1693457,-1.0006543,-1.7306542,-2.7506542,-2.5906544,-1.9806542,-2.0706544,-1.3706543,-0.8106543,1.7993457,5.109346,5.1793456,6.5793457,6.3893456,2.3693457,-0.6106543,1.0493457,1.5593457,1.8193457
-0.95065427,2.0393457,-0.9306543,-3.9206543,-3.2406542,-1.9306543,-0.34065428,-0.4606543,2.8893456,-2.1406543,1.7193457,3.6893456,3.9693458,5.0493455,4.8093457,3.6193457,2.6393456,1.7093457,1.3193457,2.3193457,2.3293457,1.8493457,-0.8706543,-2.1506543,-2.0806544,-2.3606544,-1.9006543,-1.4706542,-0.2006543,-0.31065428,-0.9406543,-2.2606542,-0.0906543,5.0493455,5.4093456,2.0193458,2.9393456,1.6293457,1.4693457,0.1393457,1.3093457
-6.9206543,-4.620654,2.5593457,1.3993458,-2.7706542,-3.3906543,-3.2106543,-0.4406543,0.3693457,0.2093457,1.5293458,1.8193457,2.5693457,3.5893457,3.8793457,4.5993457,4.709346,4.4093456,3.2493458,2.4893458,1.9293457,0.5693457,-0.37065428,-1.7206542,-2.5706544,-2.2506542,-1.3306543,-0.9006543,-0.4906543,-0.6106543,-0.9106543,-0.9406543,4.169346,5.5193458,4.3193455,3.7393458,1.9193457,0.6993457,1.4693457,1.5293458,0.4193457
-6.2306542,-6.580654,-3.5506544,1.4993457,0.3293457,-0.9106543,-2.6006544,-2.2406542,-0.9106543,-1.7606543,-0.7906543,0.3293457,1.0593457,2.2193458,3.1493456,3.4593458,4.0393457,4.9693456,5.4293456,4.919346,3.0693457,0.6193457,0.7793457,-0.31065428,-1.7506543,-2.7506542,-2.0406542,0.4893457,1.6593457,1.7193457,2.1593456,4.6993456,2.8693457,2.9293456,1.4293457,0.5393457,-0.5006543,-0.24065429,-1.0206543,0.039345704,-0.31065428
-5.7106543,-5.4706545,-4.750654,-1.3806543,-0.8906543,-0.3806543,-0.5106543,-0.9106543,-1.2506543,-0.2006543,0.009345703,-0.040654298,0.3493457,2.2393458,4.109346,2.8093457,3.8793457,5.8893456,7.8093457,6.1993456,4.0393457,1.6293457,1.4793457,0.019345703,-2.1606543,-3.8006544,-2.7606542,3.6193457,4.5693455,3.6793456,4.209346,2.3893456,1.2393457,1.5493457,1.4093457,1.5293458,0.7893457,0.6593457,0.9793457,0.7493457,0.4993457
-6.060654,-5.6106544,-6.1906543,-4.1306543,-3.6406543,-3.4206543,-3.4406543,-3.3806543,-2.9606543,-2.0006542,0.2893457,0.069345705,-4.1306543,-2.3106544,-1.6706543,-0.9806543,-0.1806543,6.2393456,7.589346,6.7693458,4.5493455,2.7793458,1.6193457,-0.1206543,0.2093457,0.9493457,0.9893457,1.1493458,1.8293457,1.4793457,1.6693457,2.2793458,2.0693457,1.7493457,1.5793457,1.0893457,0.9193457,1.3293457,1.3893456,0.19934571,0.7693457
-4.2006545,-5.9906545,-7.2606544,-5.600654,-4.6506543,-4.350654,-4.2406545,-4.160654,-4.9906545,-4.080654,-3.1806543,-4.1106544,-2.3806543,-3.2506542,-1.4506543,-1.0706543,0.059345704,3.6493456,5.1393456,5.2593455,4.1393456,2.3293457,1.8993458,0.7893457,-1.0106543,-0.1906543,-0.5006543,-0.1806543,0.9793457,1.8293457,0.9493457,0.9593457,1.1793457,0.8193457,0.4893457,0.09934571,0.43934572,-0.4406543,0.19934571,0.8293457,0.059345704
