wind_kz.json
{"header": {"discipline":0,"disciplineName":"Meteorological products","gribEdition":2,"gribLength":1025,"center":7,"centerName":"US National Weather Service - NCEP(WMC)","subcenter":0,"refTime":"2023-10-02T00:00:00.000Z","significanceOfRT":1,"significanceOfRTName":"Start of forecast","productStatus":0,"productStatusName":"Operational products","productType":1,"productTypeName":"Forecast products","productDefinitionTemplate":0,"productDefinitionTemplateName":"Analysis/forecast at horizontal level/layer at a point in time","parameterCategory":2,"parameterCategoryName":"UnknownDiscipline_0_Category_2","parameterNumber":2,"parameterNumberName":"UnknownParameter_D0_C2_2","parameterUnit":"Unknown","genProcessType":2,"genProcessTypeName":"Forecast","forecastTime":60,"surface1Type":103,"surface1TypeName":"Specified height level above ground","surface1Value":10.0,"surface2Type":255,"surface2TypeName":"Missing","surface2Value":0.0,"gridDefinitionTemplate":0,"gridDefinitionTemplateName":"Latitude_Longitude","numberPoints":615,"shape":6,"shapeName":"Earth spherical with radius of 6,371,229.0 m","gridUnits":"degrees","resolution":48,"winds":"true","scanMode":64,"nx":41,"ny":15,"basicAngle":0,"lo1":47.0,"la1":41.0,"lo2":87.0,"la2":55.0,"dx":1.0,"dy":1.0}, "data":
[rows 0 to 14 of 15, columns 0 to 40 of 41]
-2.7535205,-0.5935205,1.3164794,5.6264796,7.4064794,7.0364795,5.2364793,3.7564795,-1.0535206,-2.6035204,-4.7635207,-4.2235203,-3.2235205,-2.3935206,-2.0735204,-2.7535205,-3.4135206,-1.7735205,-1.7335205,-0.1735205,1.4364794,-0.3835205,1.9264795,2.6364794,1.1264795,2.2364795,2.3464794,3.1864796,0.3964795,1.3164794,1.6164795,1.2964795,-1.8335205,0.016479492,0.5964795,0.4164795,2.3264794,2.5264795,2.5064795,1.0864795,1.5564795
-0.3035205,0.3164795,1.9564795,1.6164795,1.3564795,-3.6735206,-6.0935206,-7.2135205,-6.3035207,-4.8735204,-4.2435207,-3.7335205,-2.8235204,-2.8135204,-2.9335206,-2.3635206,-1.4335206,-0.9435205,-0.12352051,0.8464795,-0.4235205,1.6364795,2.1664796,2.0064795,2.2464795,0.09647949,0.106479496,2.1464796,0.7864795,1.4464794,0.046479493,-0.15352051,-0.58352053,-1.9235206,0.33647949,1.3364795,2.1564796,0.8464795,1.0964795,-0.03352051,0.5364795
-0.6135205,-2.6835206,0.7264795,2.0264795,-1.1235205,-5.3935204,-6.0335207,-3.8935206,-5.0335207,-1.8635205,-2.6535206,-2.2935205,-3.1835206,-3.7935205,-3.7435205,-2.6135206,-1.1835206,-0.12352051,0.46647948,1.7664795,1.2464795,2.0864794,2.2664795,3.0764794,-0.9935205,-3.4635205,-3.0235205,-0.08352051,1.5764794,-1.0435205,-0.6235205,-1.7535205,0.4164795,1.0064795,-2.5035205,-0.8835205,0.0064794924,0.0064794924,4.6064796,3.3764794,-0.89352053
-3.6135206,-0.83352053,1.6764795,-0.2935205,-4.3835206,-5.6635203,-4.3435206,-4.8335204,-2.9935205,-2.0735204,-1.3535205,-4.5035205,-5.1435204,-4.7335205,-2.5535204,-1.7235205,-1.5835205,-1.2035205,-1.2435205,-1.6735206,0.5864795,-3.4535205,-2.5635204,-4.2235203,-4.0535207,-3.6835206,-2.9735205,-5.2735205,-4.2835207,-2.1435206,0.7564795,2.9964795,2.8864794,2.5464795,2.0464795,2.2364795,1.2064795,2.2064795,-1.5235205,-1.7135205,-0.6535205
-2.7435205,-0.9635205,-0.11352051,-2.3335204,-2.9435205,-3.2335205,-3.4135206,-0.5135205,-1.2435205,-1.3835205,1.0564795,-3.7235205,-3.9835205,-3.5935204,1.2564795,-1.7435205,-2.0035205,-1.7335205,-1.6535205,-2.0135205,-2.6635206,-2.6035204,-2.4835205,-1.6935205,-1.8435205,-3.3035204,-5.4535203,1.2464795,-3.9335206,-2.0535204,-1.1535205,0.85647947,0.43647948,0.8764795,-2.0535204,-0.9835205,-0.023520507,1.2464795,-0.41352051,1.2764795,0.9864795
2.2764795,-1.5935205,-3.6835206,-3.0735204,-2.1635206,-0.8535205,-2.0835204,2.7564795,-0.03352051,-0.8535205,-0.7835205,-4.7635207,-2.2635205,-2.7335205,-1.3735205,-1.2235205,-0.9835205,-1.7635205,-1.8435205,-1.5035205,-2.1535206,-1.9035205,-1.4135205,-1.5935205,-2.0335205,-3.9235206,-5.0135207,-4.1735206,-3.4735205,-3.3935206,-3.2335205,-1.2135205,-0.4335205,-1.5535206,-2.5735204,1.1164795,0.8664795,2.3264794,7.3764796,-1.6835206,-1.8835205
2.6164794,1.2464795,-0.3935205,-2.2135205,-1.5835205,-1.5035205,-0.7135205,0.7664795,0.8464795,1.2864795,-1.4135205,-2.0935204,-2.2935205,-2.5835204,-2.3635206,-1.8935205,-0.4935205,-0.21352051,-1.0635206,-0.6835205,-1.3335205,-1.7135205,-1.6535205,-2.0735204,-1.7635205,-2.6035204,-2.6035204,-2.0835204,0.08647949,-0.8735205,-2.1335206,-3.7135205,-2.8535204,-1.6435205,2.1164794,1.6464795,0.5264795,-0.7735205,2.0764794,0.5364795,0.7464795
1.3864795,0.30647948,-1.6235205,-1.3035206,-0.9435205,-1.4235206,-2.4435205,-0.7235205,-2.2635205,-2.2735205,-2.2035205,-2.5035205,-1.6635205,-2.4535205,-2.0435205,-2.0535204,-0.9135205,0.7664795,-0.23352051,-0.25352052,-0.6535205,-0.70352054,-1.0935205,0.17647949,-0.1435205,1.1064795,0.27647948,0.1664795,-1.1135205,-0.6535205,-1.2435205,-1.4735205,-0.8035205,-0.8235205,-0.7735205,-3.6135206,-3.0735204,3.5764794,3.6464796,1.3164794,2.8564794
0.2664795,-0.58352053,0.7664795,1.5664794,-0.3735205,0.8964795,0.30647948,0.66647947,1.9664795,-1.2835205,-1.0535206,-0.08352051,0.7664795,0.33647949,0.11647949,-0.6735205,-1.3135206,0.3264795,0.3164795,0.05647949,-0.07352051,0.016479492,-0.47352052,0.5364795,0.3464795,0.60647947,1.0764794,1.5564795,0.5164795,0.7564795,-0.4335205,-1.9635205,-1.9835205,-2.0635204,-2.6235206,-2.4035206,-0.6335205,-1.9035205,-1.0035205,-0.5635205,-0.9335205
0.6364795,0.11647949,-0.9435205,-1.0035205,1.9064795,0.3964795,1.9964795,0.5364795,3.2564795,2.6364794,1.6364795,0.4764795,1.3164794,1.1764795,2.4564795,2.1164794,1.3964795,0.05647949,0.3564795,1.1764795,0.7064795,0.46647948,0.05647949,0.3664795,0.1864795,-0.8535205,-0.03352051,-0.2035205,-1.5735205,-1.9535205,-1.9735205,-1.0835205,1.1664795,-0.1735205,1.1564795,0.7664795,0.27647948,-0.2735205,1.0364795,0.1664795,0.20647949
3.9364796,2.8564794,3.3864794,2.2464795,2.2364795,0.54647946,3.3264794,2.0564795,3.2964795,3.6164794,3.3064795,5.0364795,3.5464795,3.7364795,4.0164795,3.6064794,3.3364794,2.9864795,1.5064795,1.9564795,2.1864796,2.0164795,2.1064794,1.7464795,1.5364795,1.6664795,1.4864795,0.6164795,-0.03352051,-2.3135204,-0.47352052,1.1664795,1.3364795,-1.1735206,-0.4335205,1.0264795,0.8864795,1.0564795,0.49647948,0.43647948,0.016479492
3.8764794,4.7364793,5.1164794,4.5564795,4.6064796,4.6764793,3.7064795,4.6564794,2.7664795,1.8264794,3.6364794,3.8964796,5.0664797,5.6064796,4.6264796,4.7264795,4.5664797,3.5764794,3.5064795,2.9564795,2.3164794,2.0964794,2.1264794,2.3864794,2.3964796,2.4564795,2.0964794,1.0064795,0.4564795,-0.013520508,0.7064795,1.0764794,-0.1735205,0.05647949,-1.5935205,-0.5535205,-0.6935205,-0.5935205,0.1364795,0.23647949,0.5664795
4.2264795,5.5064793,4.2864795,5.2164793,4.6064796,3.9564795,5.7364793,6.1164794,7.4964795,4.2264795,2.8864794,3.8764794,4.9464793,3.6264794,3.9164796,4.6364794,4.6664796,4.0164795,3.9664795,3.7064795,2.8064795,3.1064794,2.6264794,2.4364796,2.7864795,2.4364796,2.2164795,1.3064795,1.0164795,1.5664794,1.2364795,0.7764795,-0.83352053,1.9264795,-0.47352052,-0.8435205,-0.13352051,-0.5435205,-0.8735205,0.79647946,0.09647949
5.3064795,5.6864796,4.7264795,5.0764794,5.5464797,5.0964794,4.9864793,5.2064795,4.8464794,4.5864797,2.4364796,3.6064794,4.3564796,5.2764797,3.7864795,4.4064794,3.5664794,2.8564794,3.1364794,4.1964793,4.7764797,3.6664796,4.1264796,3.3864794,2.5964794,2.1764796,1.5364795,1.1564795,1.3564795,1.6564795,1.9864795,1.2764795,1.2364795,1.2864795,0.17647949,1.5264795,0.0064794924,0.4264795,0.66647947,-0.6935205,0.7364795
4.2264795,5.3064795,4.8764796,5.2364793,4.9764795,5.2764797,5.4664793,5.0664797,4.8564796,4.5464797,2.7764795,4.4264793,3.9664795,3.4064796,4.1864796,3.1864796,2.5864794,4.2064795,3.3664794,4.2964797,5.8164797,3.6464796,4.0664797,3.8764794,3.4164796,2.9164796,2.2964795,1.9564795,1.7264795,1.3364795,2.1964796,2.2864795,1.4964795,1.9864795,1.6064795,1.5564795,-0.08352051,2.2664795,-0.0035205078,0.5564795,0.7164795
