wind_kz.json
{"header": {"discipline":0,"disciplineName":"Meteorological products","gribEdition":2,"gribLength":1025,"center":7,"centerName":"US National Weather Service - NCEP(WMC)","subcenter":0,"refTime":"2023-10-04T00:00:00.000Z","significanceOfRT":1,"significanceOfRTName":"Start of forecast","productStatus":0,"productStatusName":"Operational products","productType":1,"productTypeName":"Forecast products","productDefinitionTemplate":0,"productDefinitionTemplateName":"Analysis/forecast at horizontal level/layer at a point in time","parameterCategory":2,"parameterCategoryName":"UnknownDiscipline_0_Category_2","parameterNumber":2,"parameterNumberName":"UnknownParameter_D0_C2_2","parameterUnit":"Unknown","genProcessType":2,"genProcessTypeName":"Forecast","forecastTime":300,"surface1Type":103,"surface1TypeName":"Specified height level above ground","surface1Value":10.0,"surface2Type":255,"surface2TypeName":"Missing","surface2Value":0.0,"gridDefinitionTemplate":0,"gridDefinitionTemplateName":"Latitude_Longitude","numberPoints":615,"shape":6,"shapeName":"Earth spherical with radius of 6,371,229.0 m","gridUnits":"degrees","resolution":48,"winds":"true","scanMode":64,"nx":41,"ny":15,"basicAngle":0,"lo1":47.0,"la1":41.0,"lo2":87.0,"la2":55.0,"dx":1.0,"dy":1.0}, "data":
[rows 0 to 14 of 15, columns 0 to 40 of 41]
1.9141797,0.10417969,-1.9458203,-3.8758204,-3.1258204,0.81417966,-5.0258203,-5.39582,-7.3858204,-5.4958205,-4.39582,-3.3658204,-2.4258204,-0.68582034,-3.9958203,-4.12582,-3.0758202,-2.4458203,0.16417968,1.5941796,1.1341797,-0.22582032,1.7241797,1.7341797,1.0441797,1.1241797,2.4241798,1.3141797,-0.9758203,0.55417967,-1.9858203,0.9841797,-2.1258204,-0.87582034,-1.3258203,-0.19582032,0.32417968,-0.7158203,0.6041797,0.20417969,1.0741796
1.9241797,-1.5258203,-3.7558203,-2.8158202,-2.6058204,1.5941796,-4.1558204,-4.6358204,-5.7258205,-4.6758204,-3.9458203,-2.3958204,-1.5258203,-2.3458204,-2.1958203,-1.0858203,-2.1958203,-3.5858202,-3.3258202,-1.2258203,-0.095820315,0.62417966,0.6041797,1.3241796,0.87417966,0.3041797,0.3041797,-0.4958203,-1.2358203,1.3541797,-0.75582033,-1.0258203,-1.8258203,-2.7858202,0.6141797,0.6941797,1.2041796,1.1641797,0.35417968,-0.30582032,-1.0858203
-2.3658204,-3.3758204,-3.9058204,-3.8958204,-2.8058202,-1.8458203,-4.54582,-4.45582,-4.9858203,-4.3458204,-4.9658203,-4.1958203,-5.5058203,-4.7258205,-3.9558203,-4.6158204,-4.5258203,-3.8058202,-6.5758204,-6.0058203,-4.56582,-6.3658204,-5.1958203,-5.41582,-1.3558203,0.4641797,2.3941796,2.7141798,2.9141798,-0.19582032,-0.8458203,-1.2458203,0.74417967,-0.23582031,-0.16582032,-0.6758203,-0.7458203,0.5141797,-0.3758203,-0.055820312,-0.30582032
-4.8458204,-3.7258203,-4.1358204,-3.4258204,1.5341797,-2.4658203,-4.0758204,-2.5958204,-3.5158203,-4.4058204,-5.1558204,-5.6758204,-4.0558205,-1.9358203,-3.9558203,-5.0958204,-4.6358204,-5.7658205,-6.35582,-6.5058203,-7.43582,-4.2658205,-3.4458203,-3.1458204,-5.0158205,-5.81582,-5.87582,-5.2458205,-3.8258202,0.024179688,3.0941796,1.7341797,0.8541797,2.7441797,2.4141798,-1.1458203,-1.0758203,1.1541797,-0.3158203,-1.3958203,-1.8458203
-4.2258205,-3.5658202,-3.1758204,-2.1658204,-1.5858203,-2.9258204,-0.50582033,-3.1158204,-3.5658202,-3.2058203,-4.83582,-5.1958203,-4.10582,-1.9258204,-0.9958203,-4.37582,-4.9658203,-4.6158204,-5.5058203,-4.1558204,-6.5058203,-4.29582,-3.7058203,-3.3558204,-5.6558204,-5.7258205,-4.89582,-3.2258203,-4.45582,-4.60582,-4.35582,-3.3858204,-1.8858203,-1.6058203,-1.0758203,-2.2658203,-2.5558202,-3.3858204,-1.8658203,-2.0958204,-1.7158203
-2.3158202,-1.4058204,-2.5758202,-2.4458203,-3.2958202,-3.3358202,-3.4858203,-3.1658204,-2.6058204,-3.2458203,-4.45582,-4.5958204,-3.5258203,-2.9358203,-3.8158202,-2.9158204,-3.9858203,-4.0358205,-4.58582,-3.8058202,-5.10582,-3.5358202,-3.1858203,-3.0458202,-3.3558204,-3.9758203,-4.2758203,-3.3358202,-2.9058204,-3.0058203,-3.9358203,-3.6658204,-3.9058204,-4.58582,-3.3458204,-2.5058203,-1.0558203,-1.7258203,-3.1758204,-2.2658203,-1.6558204
-2.2558203,-2.3258202,-2.9058204,-3.3258202,-3.4058204,-2.3258202,-3.1458204,-2.4758203,-2.9758203,-2.7758203,-3.3158202,-3.3558204,-3.1258204,-3.9358203,-3.4858203,-3.5258203,-2.8058202,-2.2458203,-2.7258203,-3.5858202,-3.8058202,-3.6658204,-3.0358202,-2.2058203,-2.2958202,-2.6358204,-2.7758203,-1.3358203,-1.9958203,-1.8858203,-2.2358203,-2.2258203,-1.8258203,-0.8658203,0.2141797,0.23417969,-0.18582031,-0.015820313,0.3641797,0.7641797,-1.2658203
-1.7758203,-2.5858202,-2.7458203,-3.0458202,-2.1358204,-2.1358204,-1.8058203,-1.3158203,-1.9358203,-1.8958203,-1.6658204,-2.4858203,-2.8558204,-3.2658203,-2.6758204,-2.7558203,-1.7258203,-1.8858203,-0.8658203,-1.5358204,-2.3658204,-2.6758204,-2.5258203,-1.8058203,-2.1658204,-1.6058203,-1.3958203,-0.4158203,-0.9858203,-2.1258204,-1.9158204,-1.9558203,-3.6558204,-1.5358204,-1.8158203,-3.5158203,-0.8458203,3.1141796,3.3741796,-0.15582031,0.3141797
-0.8058203,-1.0258203,-0.8558203,-1.3058203,-1.3558203,-1.4558203,-1.0358204,-0.21582031,-0.26582032,0.16417968,-0.7658203,-0.2858203,-1.5158203,-1.8258203,-1.9258204,-1.3358203,-1.4958203,-1.1658204,-1.1558204,-1.2058203,-0.3558203,-1.6058203,-1.7958204,-0.48582032,-0.9958203,-0.68582034,-0.5158203,-0.3558203,-0.3758203,-0.22582032,-0.0058203125,-0.8858203,-0.4958203,-0.6658203,-0.025820313,0.2541797,-1.2658203,-2.9758203,-1.5858203,1.3041797,-0.5958203
-0.32582033,-0.15582031,-0.3558203,-0.7858203,-0.9058203,-0.8958203,-0.7958203,-0.16582032,0.06417969,0.5141797,0.68417966,0.6941797,-0.21582031,-0.4658203,-0.56582034,-0.7858203,-0.32582033,-0.18582031,-0.16582032,-0.22582032,0.084179685,0.2141797,0.034179688,0.6141797,0.5241797,0.62417966,0.7641797,0.4941797,0.56417966,1.0041797,1.2041796,1.0041797,1.2841797,1.8841797,1.5141797,-1.3458203,-2.4858203,-0.16582032,-1.2858204,1.0841796,-0.6058203
0.6141797,0.3141797,0.04417969,-0.6158203,-0.4458203,-0.3158203,-0.12582031,-0.3158203,0.04417969,0.3041797,0.5041797,1.3441796,0.3041797,0.7241797,0.6441797,0.8241797,1.1141797,1.2841797,1.1641797,1.6541797,1.6041797,1.4441797,1.6141797,1.0041797,0.9741797,1.3741797,1.1441797,0.9641797,1.6341797,1.7541797,1.9641796,2.5341797,2.2741797,1.9841797,2.2641797,-0.94582033,-1.3658203,1.1041797,0.5941797,1.8441796,0.3141797
1.6541797,0.7141797,0.68417966,0.7141797,0.14417969,0.23417969,0.06417969,0.20417969,0.1841797,-0.4958203,0.014179688,0.44417968,0.80417967,1.6441797,1.9441797,1.3841797,1.8341796,2.0041797,1.6841797,2.0341797,1.7141796,1.8841797,1.7241797,1.9041797,1.9841797,0.7541797,0.4041797,0.55417967,0.7841797,1.4841797,1.3441796,1.2441797,1.4641796,2.1141796,2.0141797,3.0541797,3.1641798,6.0741796,6.5041795,6.10418,4.8041797
1.5241797,0.7041797,0.8341797,1.0841796,0.6341797,0.2741797,0.4341797,0.6941797,0.4341797,0.17417969,0.80417967,1.4441797,1.2141796,2.2241797,1.9541796,2.1041796,2.2341797,1.8641797,0.6541797,2.1541796,1.7141796,2.1041796,1.5541797,1.4141797,0.084179685,0.6441797,0.7341797,0.8641797,0.6941797,0.7841797,1.1541797,1.3741797,1.5341797,0.74417967,2.4941797,3.0841796,3.1341796,2.9741797,4.3441796,5.1941795,4.7541795
1.6241797,1.3241796,0.3341797,1.0341797,0.8241797,0.8941797,1.3041797,1.4541796,1.3341796,0.2841797,0.7341797,0.87417966,1.7941797,2.1641798,1.8541797,1.5441797,1.7841797,1.5241797,1.6941797,2.1441796,2.4941797,2.4041796,2.5541797,1.9541796,1.5841796,1.2541797,0.68417966,0.07417969,-0.81582034,-0.07582031,0.12417969,0.10417969,0.9841797,1.1141797,1.4741797,2.1141796,1.6441797,2.1841798,2.8741796,2.7541797,5.6341796
2.0741796,2.3241796,1.6541797,1.4341797,1.8041797,2.1541796,2.3441796,2.0241797,2.4141798,0.9741797,0.5741797,1.8441796,1.2041796,0.5041797,1.1241797,1.3041797,1.5841796,2.2241797,2.2541797,2.8641796,3.0741796,2.6141796,2.2041798,1.3441796,-0.23582031,-1.2058203,-1.1258203,-0.08582031,0.56417966,0.38417968,0.7541797,0.68417966,1.0841796,1.7641797,2.1841798,3.0641797,2.9541798,4.0741796,4.5041795,4.5141797,3.9841797
