wind_kz.json
{"header": {"discipline":0,"disciplineName":"Meteorological products","gribEdition":2,"gribLength":871,"center":7,"centerName":"US National Weather Service - NCEP(WMC)","subcenter":0,"refTime":"2023-09-29T18:00:00.000Z","significanceOfRT":1,"significanceOfRTName":"Start of forecast","productStatus":0,"productStatusName":"Operational products","productType":1,"productTypeName":"Forecast products","productDefinitionTemplate":0,"productDefinitionTemplateName":"Analysis/forecast at horizontal level/layer at a point in time","parameterCategory":0,"parameterCategoryName":"UnknownDiscipline_0_Category_0","parameterNumber":0,"parameterNumberName":"UnknownParameter_D0_C0_0","parameterUnit":"Unknown","genProcessType":2,"genProcessTypeName":"Forecast","forecastTime":120,"surface1Type":1,"surface1TypeName":"Ground or water surface","surface1Value":0.0,"surface2Type":255,"surface2TypeName":"Missing","surface2Value":0.0,"gridDefinitionTemplate":0,"gridDefinitionTemplateName":"Latitude_Longitude","numberPoints":615,"shape":6,"shapeName":"Earth spherical with radius of 6,371,229.0 m","gridUnits":"degrees","resolution":48,"winds":"true","scanMode":64,"nx":41,"ny":15,"basicAngle":0,"lo1":47.0,"la1":41.0,"lo2":87.0,"la2":55.0,"dx":1.0,"dy":1.0}, "data":
[rows 0 to 14 of 15, columns 0 to 40 of 41]
288.14444,280.94443,284.94443,294.44443,294.04443,292.84442,295.24445,297.54443,295.44443,294.74445,294.44443,294.74445,292.84442,292.24445,291.44443,288.84442,288.34442,288.74445,287.04443,287.74445,289.04443,287.44443,287.04443,283.24445,287.04443,288.64444,286.54443,273.64444,272.84442,270.44443,271.84442,274.44443,283.14444,290.04443,292.44443,292.54443,288.74445,289.84442,290.74445,290.94443,289.74445
269.94443,286.34442,293.84442,293.94443,293.94443,292.34442,292.54443,292.04443,291.64444,292.14444,295.04443,295.04443,294.54443,290.94443,291.84442,288.64444,286.94443,286.34442,285.04443,284.74445,285.04443,287.24445,284.64444,280.94443,271.94443,271.74445,280.84442,274.24445,273.14444,269.84442,277.84442,269.34442,276.34442,256.34442,272.04443,287.44443,284.84442,287.74445,290.34442,283.54443,283.64444
288.54443,293.34442,293.64444,293.04443,291.44443,292.34442,291.74445,291.14444,289.54443,289.24445,288.64444,292.34442,292.14444,292.54443,292.44443,288.64444,286.64444,283.74445,284.34442,284.24445,285.14444,284.04443,286.14444,282.64444,284.64444,284.34442,285.64444,285.44443,285.24445,277.74445,270.44443,272.14444,277.34442,277.44443,280.34442,279.74445,271.74445,274.34442,275.94443,271.24445,271.34442
286.94443,292.54443,293.24445,292.14444,290.94443,290.24445,289.74445,287.24445,289.04443,288.54443,287.64444,291.14444,290.44443,289.74445,292.14444,290.14444,287.44443,285.84442,284.84442,284.04443,285.54443,280.84442,285.84442,287.64444,288.04443,288.74445,288.34442,287.94443,286.24445,286.44443,287.14444,285.44443,288.84442,287.14444,285.64444,282.74445,271.94443,265.94443,275.04443,282.94443,286.84442
289.44443,292.04443,292.54443,291.64444,290.74445,290.54443,294.34442,294.64444,289.94443,287.94443,286.74445,285.94443,289.24445,288.04443,286.64444,291.04443,290.04443,287.44443,283.94443,286.64444,286.74445,286.84442,286.14444,286.84442,287.04443,286.64444,285.34442,286.04443,286.24445,286.64444,288.74445,285.24445,275.24445,263.74445,277.04443,285.54443,288.94443,289.74445,290.54443,289.84442,289.74445
287.74445,286.84442,290.74445,291.84442,291.74445,291.24445,290.24445,294.84442,291.14444,287.54443,288.14444,292.14444,288.84442,288.84442,288.34442,288.24445,289.84442,289.84442,287.14444,287.04443,286.24445,285.24445,285.04443,286.14444,285.94443,284.64444,285.44443,287.44443,286.74445,287.54443,285.54443,287.14444,286.04443,284.64444,283.14444,285.24445,278.84442,280.84442,286.24445,288.44443,288.34442
285.14444,283.44443,289.24445,290.14444,289.54443,289.14444,291.54443,292.94443,292.94443,291.84442,287.04443,286.14444,287.54443,290.54443,289.44443,287.34442,287.14444,287.94443,288.34442,287.84442,284.74445,284.04443,285.44443,286.14444,284.84442,285.14444,285.14444,285.54443,285.24445,285.84442,284.54443,284.24445,285.24445,286.14444,284.94443,282.54443,278.04443,275.84442,272.74445,272.64444,283.74445
286.74445,284.54443,282.64444,287.84442,290.44443,290.14444,290.04443,288.94443,287.34442,290.64444,289.14444,286.84442,284.54443,288.84442,290.34442,286.84442,286.04443,287.34442,285.74445,285.14444,286.84442,286.24445,285.94443,285.14444,284.54443,282.54443,282.34442,283.24445,281.64444,283.64444,283.04443,283.24445,282.44443,280.24445,280.44443,282.04443,284.24445,285.54443,282.94443,283.44443,280.44443
285.34442,285.14444,286.24445,284.04443,286.74445,287.44443,286.84442,287.24445,286.84442,286.44443,288.84442,284.94443,284.74445,285.64444,288.84442,288.94443,285.14444,284.34442,283.54443,283.04443,283.64444,284.34442,285.24445,285.14444,283.34442,282.94443,279.94443,279.44443,278.84442,277.54443,279.34442,279.84442,280.74445,280.64444,279.74445,279.84442,280.34442,279.94443,268.74445,266.34442,266.04443
285.44443,286.04443,285.64444,285.44443,285.44443,284.24445,283.64444,284.44443,285.24445,284.64444,283.94443,285.44443,286.74445,284.94443,284.44443,288.24445,285.34442,285.34442,283.34442,282.64444,281.54443,283.74445,285.14444,284.64444,284.04443,281.44443,281.24445,279.74445,279.34442,279.34442,280.04443,281.14444,282.34442,281.04443,280.94443,283.74445,279.44443,279.44443,271.64444,271.74445,271.94443
284.34442,284.64444,284.54443,284.44443,284.44443,284.04443,283.84442,282.94443,282.04443,284.04443,284.74445,283.84442,285.64444,287.04443,286.54443,284.94443,285.14444,286.64444,284.34442,284.84442,283.04443,282.54443,283.54443,283.84442,283.14444,282.54443,280.54443,280.84442,279.34442,281.14444,281.74445,281.94443,280.74445,283.24445,282.84442,280.64444,276.74445,273.04443,273.24445,276.04443,272.54443
282.84442,284.24445,284.34442,283.54443,283.34442,283.04443,282.14444,281.84442,281.94443,281.64444,281.64444,281.94443,283.94443,283.84442,284.24445,284.24445,284.04443,286.34442,285.84442,285.64444,283.24445,281.54443,281.24445,282.34442,281.64444,281.94443,281.34442,281.74445,281.94443,281.64444,280.84442,280.64444,281.44443,280.14444,280.94443,279.54443,282.34442,280.24445,279.84442,282.64444,281.74445
285.14444,283.94443,285.24445,284.54443,284.34442,283.64444,282.44443,282.14444,281.84442,281.44443,279.54443,278.14444,281.94443,282.44443,282.84442,282.74445,282.74445,284.94443,283.84442,283.04443,285.34442,284.14444,281.14444,279.54443,281.34442,281.64444,282.24445,280.84442,280.74445,279.74445,279.94443,280.44443,280.84442,279.74445,278.84442,278.64444,277.94443,279.14444,277.44443,276.64444,277.34442
286.14444,286.54443,285.84442,286.24445,284.64444,284.14444,283.14444,285.04443,285.04443,282.24445,279.64444,277.34442,278.54443,280.94443,281.54443,282.64444,282.54443,282.34442,282.34442,282.74445,285.44443,282.34442,282.34442,281.84442,281.74445,281.54443,280.54443,281.24445,280.14444,279.84442,278.94443,279.64444,279.44443,278.54443,278.04443,276.74445,276.74445,276.54443,276.14444,275.54443,275.24445
287.44443,287.54443,285.24445,287.24445,286.14444,285.44443,285.24445,286.14444,287.04443,285.84442,284.34442,281.04443,279.74445,279.14444,280.04443,281.24445,281.24445,281.24445,281.24445,281.44443,282.44443,285.24445,281.94443,281.94443,281.54443,281.24445,281.14444,280.84442,280.34442,279.44443,279.54443,281.44443,278.54443,278.04443,277.64444,277.74445,277.44443,276.34442,276.34442,276.24445,276.04443
