wind_kz.json
{"header": {"discipline":0,"disciplineName":"Meteorological products","gribEdition":2,"gribLength":871,"center":7,"centerName":"US National Weather Service - NCEP(WMC)","subcenter":0,"refTime":"2023-09-06T18:00:00.000Z","significanceOfRT":1,"significanceOfRTName":"Start of forecast","productStatus":0,"productStatusName":"Operational products","productType":1,"productTypeName":"Forecast products","productDefinitionTemplate":0,"productDefinitionTemplateName":"Analysis/forecast at horizontal level/layer at a point in time","parameterCategory":0,"parameterCategoryName":"UnknownDiscipline_0_Category_0","parameterNumber":0,"parameterNumberName":"UnknownParameter_D0_C0_0","parameterUnit":"Unknown","genProcessType":2,"genProcessTypeName":"Forecast","forecastTime":300,"surface1Type":1,"surface1TypeName":"Ground or water surface","surface1Value":0.0,"surface2Type":255,"surface2TypeName":"Missing","surface2Value":0.0,"gridDefinitionTemplate":0,"gridDefinitionTemplateName":"Latitude_Longitude","numberPoints":615,"shape":6,"shapeName":"Earth spherical with radius of 6,371,229.0 m","gridUnits":"degrees","resolution":48,"winds":"true","scanMode":64,"nx":41,"ny":15,"basicAngle":0,"lo1":47.0,"la1":41.0,"lo2":87.0,"la2":55.0,"dx":1.0,"dy":1.0}, "data":
[rows 0 to 14 of 15, columns 0 to 40 of 41]
292.23737,287.03735,296.23737,296.93735,297.33734,295.83734,296.23737,303.63736,297.33734,309.33734,308.63736,309.33734,308.83734,308.63736,309.83734,311.23737,313.93735,310.93735,314.73737,313.83734,317.43735,312.93735,316.93735,311.33734,313.73737,311.73737,309.43735,297.73737,296.13736,294.93735,291.43735,292.03735,304.63736,316.83734,316.83734,312.83734,309.43735,310.43735,317.33734,317.73737,316.23737
287.53735,297.83734,296.13736,296.33734,296.43735,295.03735,305.93735,297.13736,301.03735,304.33734,308.53735,307.63736,309.83734,309.23737,308.03735,309.13736,312.03735,313.93735,312.23737,313.03735,310.73737,311.33734,311.13736,301.83734,296.13736,295.43735,304.63736,300.93735,300.03735,291.33734,297.93735,274.13736,286.23737,267.73737,282.93735,296.33734,290.53735,296.93735,300.83734,304.03735,285.03735
296.43735,295.63736,296.53735,296.23737,294.03735,300.63736,300.73737,301.13736,300.93735,303.13736,302.33734,305.43735,307.63736,308.43735,308.53735,311.03735,310.63736,311.83734,312.83734,314.73737,310.13736,306.53735,308.03735,299.03735,304.83734,303.63736,304.03735,303.53735,305.23737,296.13736,286.43735,283.23737,297.03735,286.33734,286.03735,284.13736,273.43735,277.33734,279.23737,279.13736,282.93735
296.93735,295.13736,296.43735,295.53735,295.03735,297.83734,298.83734,298.63736,299.23737,300.73737,300.43735,299.43735,292.83734,292.13736,303.93735,307.13736,307.13736,310.03735,310.13736,310.53735,307.83734,301.93735,304.83734,304.03735,302.53735,301.93735,303.93735,299.63736,301.43735,302.13736,302.63736,303.63736,305.13736,304.23737,300.13736,284.83734,275.23737,273.73737,282.93735,291.13736,298.63736
294.03735,293.83734,294.73737,293.33734,296.83734,300.53735,300.63736,299.93735,299.03735,298.83734,300.03735,301.03735,291.93735,290.73737,289.23737,305.03735,305.63736,305.73737,306.53735,304.73737,304.83734,304.83734,304.53735,303.73737,303.43735,302.03735,299.93735,298.23737,301.83734,300.83734,300.93735,297.43735,290.93735,273.23737,293.93735,296.63736,291.33734,291.33734,292.53735,299.73737,300.83734
296.43735,298.43735,292.73737,292.23737,292.33734,291.83734,302.23737,300.43735,298.73737,299.23737,297.83734,298.53735,292.73737,291.93735,296.83734,300.73737,301.73737,304.73737,303.03735,305.13736,304.23737,302.73737,302.53735,301.63736,301.23737,299.63736,299.53735,290.33734,297.23737,297.33734,298.43735,298.03735,298.43735,298.73737,292.93735,293.43735,281.23737,288.83734,295.43735,295.63736,292.73737
297.93735,301.63736,300.53735,301.23737,297.73737,300.43735,300.23737,298.63736,298.73737,297.93735,296.63736,296.93735,298.03735,297.93735,298.03735,298.53735,300.33734,300.43735,302.43735,301.83734,301.03735,301.33734,301.43735,300.43735,297.13736,296.73737,297.53735,298.03735,298.33734,297.63736,297.03735,297.33734,298.23737,296.03735,295.03735,295.93735,288.23737,280.23737,277.23737,287.73737,291.03735
296.63736,299.73737,300.53735,301.23737,299.13736,297.73737,298.43735,298.23737,296.93735,296.33734,296.03735,295.33734,296.43735,295.13736,297.03735,297.53735,297.63736,297.43735,298.43735,296.43735,295.33734,296.43735,298.03735,297.03735,296.43735,294.13736,293.43735,295.23737,293.63736,295.73737,292.53735,293.93735,293.03735,289.33734,279.23737,278.83734,280.13736,288.63736,283.33734,285.93735,281.33734
293.73737,299.23737,297.73737,299.43735,299.03735,300.23737,300.13736,298.63736,296.83734,296.23737,295.63736,295.43735,294.53735,295.73737,295.13736,296.83734,296.73737,297.63736,294.93735,295.33734,292.33734,292.93735,294.63736,294.33734,293.03735,292.73737,291.23737,291.03735,290.53735,289.73737,289.23737,288.93735,290.73737,289.63736,280.83734,277.23737,281.83734,278.83734,275.03735,278.83734,282.53735
300.23737,299.83734,301.93735,293.13736,300.43735,299.33734,298.43735,297.23737,295.83734,295.53735,294.13736,293.43735,294.73737,294.13736,294.33734,293.43735,294.93735,295.63736,294.83734,294.13736,292.23737,292.13736,292.83734,293.53735,294.13736,292.83734,292.03735,292.03735,290.73737,291.23737,291.63736,292.63736,293.63736,290.63736,288.93735,284.03735,278.13736,281.23737,277.23737,275.63736,276.53735
299.23737,299.13736,295.43735,298.03735,298.53735,298.03735,297.03735,296.53735,295.13736,294.63736,293.23737,292.93735,294.53735,292.93735,293.33734,293.43735,293.13736,293.93735,293.93735,292.23737,292.53735,292.43735,291.83734,292.43735,291.23737,293.33734,290.53735,294.13736,294.83734,295.03735,294.13736,294.53735,293.03735,289.23737,288.73737,287.03735,276.33734,274.53735,275.43735,274.23737,274.03735
299.93735,299.13736,298.93735,291.93735,296.33734,294.93735,294.33734,294.13736,294.13736,293.03735,291.13736,289.93735,291.43735,290.63736,290.73737,292.53735,292.93735,292.73737,292.43735,291.33734,289.63736,289.03735,289.63736,290.63736,290.43735,293.23737,294.93735,296.33734,295.53735,295.03735,293.73737,293.33734,290.13736,290.53735,287.23737,288.23737,287.93735,286.83734,281.73737,279.43735,277.43735
295.23737,297.83734,297.73737,297.03735,295.23737,291.93735,290.63736,294.23737,292.83734,291.63736,287.73737,287.13736,288.33734,287.33734,288.63736,289.73737,290.13736,290.63736,291.03735,289.53735,289.03735,288.33734,288.33734,288.83734,290.93735,291.53735,293.53735,293.33734,293.13736,292.63736,293.13736,292.93735,292.73737,292.53735,291.63736,288.53735,287.73737,286.33734,287.43735,287.93735,280.23737
295.53735,290.63736,291.13736,296.03735,294.73737,293.43735,292.13736,290.43735,290.53735,288.83734,285.93735,285.23737,288.33734,287.53735,288.13736,288.63736,288.93735,288.93735,289.83734,290.03735,289.63736,289.13736,290.33734,290.43735,291.03735,292.23737,291.93735,291.83734,291.73737,291.93735,291.73737,291.03735,290.53735,289.43735,289.53735,289.03735,287.43735,287.03735,287.63736,283.73737,281.53735
289.43735,289.83734,288.13736,294.23737,293.13736,292.63736,292.73737,290.93735,292.13736,290.23737,286.43735,288.23737,287.83734,288.23737,288.43735,288.83734,288.73737,288.73737,289.53735,289.73737,289.63736,289.73737,290.03735,290.13736,290.23737,290.73737,291.13736,291.03735,290.63736,289.83734,290.23737,286.43735,286.03735,289.03735,289.73737,289.73737,289.73737,287.83734,288.23737,287.43735,285.83734
