wind_kz.json
{"header": {"discipline":0,"disciplineName":"Meteorological products","gribEdition":2,"gribLength":871,"center":7,"centerName":"US National Weather Service - NCEP(WMC)","subcenter":0,"refTime":"2023-08-06T12:00:00.000Z","significanceOfRT":1,"significanceOfRTName":"Start of forecast","productStatus":0,"productStatusName":"Operational products","productType":1,"productTypeName":"Forecast products","productDefinitionTemplate":0,"productDefinitionTemplateName":"Analysis/forecast at horizontal level/layer at a point in time","parameterCategory":0,"parameterCategoryName":"UnknownDiscipline_0_Category_0","parameterNumber":0,"parameterNumberName":"UnknownParameter_D0_C0_0","parameterUnit":"Unknown","genProcessType":2,"genProcessTypeName":"Forecast","forecastTime":0,"surface1Type":1,"surface1TypeName":"Ground or water surface","surface1Value":0.0,"surface2Type":255,"surface2TypeName":"Missing","surface2Value":0.0,"gridDefinitionTemplate":0,"gridDefinitionTemplateName":"Latitude_Longitude","numberPoints":615,"shape":6,"shapeName":"Earth spherical with radius of 6,371,229.0 m","gridUnits":"degrees","resolution":48,"winds":"true","scanMode":64,"nx":41,"ny":15,"basicAngle":0,"lo1":47.0,"la1":41.0,"lo2":87.0,"la2":55.0,"dx":1.0,"dy":1.0}, "data":
[rows 0 to 14 of 15, columns 0 to 40 of 41]
320.1439,303.9439,313.2439,298.8439,299.2439,298.54388,312.54388,328.2439,325.8439,324.8439,322.54388,321.9439,321.04388,320.2439,320.2439,319.8439,319.3439,317.4439,321.04388,318.3439,308.9439,307.1439,310.7439,306.6439,311.2439,313.54388,308.9439,293.1439,293.1439,289.9439,291.54388,292.54388,297.9439,305.3439,310.8439,314.2439,314.04388,313.7439,312.3439,313.04388,313.9439
292.54388,311.04388,298.7439,299.8439,300.4439,297.7439,326.8439,323.6439,322.1439,320.3439,321.3439,319.3439,317.9439,316.3439,317.9439,318.4439,318.4439,318.3439,316.6439,318.4439,310.04388,312.1439,305.04388,292.1439,284.04388,289.2439,302.54388,292.1439,294.3439,286.1439,290.6439,285.6439,296.9439,279.04388,289.7439,308.7439,308.6439,310.9439,313.2439,301.9439,288.3439
312.54388,298.7439,299.2439,300.2439,298.6439,324.4439,322.8439,322.9439,319.7439,318.2439,317.4439,317.2439,314.1439,314.3439,316.7439,317.04388,317.6439,313.4439,315.2439,308.8439,309.9439,307.3439,315.1439,304.04388,301.7439,304.04388,300.54388,301.7439,298.2439,291.4439,280.3439,283.9439,298.04388,295.1439,296.54388,300.54388,290.1439,290.3439,292.8439,288.1439,287.6439
316.2439,299.04388,299.54388,299.6439,305.2439,323.6439,324.54388,322.6439,321.3439,319.4439,318.2439,316.6439,297.3439,297.2439,314.4439,316.7439,316.6439,317.6439,314.2439,315.2439,313.1439,302.7439,311.4439,309.9439,312.2439,314.3439,308.54388,309.9439,307.54388,304.3439,307.04388,306.1439,310.4439,312.6439,309.1439,305.6439,291.3439,289.9439,292.6439,307.04388,310.54388
318.7439,300.04388,300.8439,302.2439,308.7439,321.2439,322.7439,325.1439,321.1439,319.2439,319.04388,318.54388,298.7439,298.2439,294.1439,313.54388,315.54388,312.54388,312.2439,313.8439,316.4439,316.9439,315.9439,316.04388,312.4439,311.2439,313.9439,306.3439,311.2439,308.9439,311.3439,307.9439,289.54388,285.1439,296.6439,308.3439,305.1439,315.04388,315.6439,314.54388,314.2439
320.8439,319.1439,301.3439,301.9439,302.54388,301.2439,324.7439,323.04388,320.7439,319.54388,319.3439,318.9439,300.04388,300.6439,306.6439,312.9439,314.9439,314.3439,316.1439,317.8439,318.2439,304.2439,310.54388,304.4439,301.3439,302.4439,311.3439,293.8439,311.54388,306.2439,308.2439,311.3439,304.4439,310.8439,299.1439,305.04388,299.8439,303.3439,311.2439,313.6439,311.4439
322.3439,322.1439,322.4439,322.2439,316.7439,322.7439,325.54388,322.3439,321.2439,320.6439,318.4439,318.2439,316.54388,318.1439,317.04388,314.6439,316.2439,314.3439,308.8439,306.4439,314.1439,312.3439,310.7439,307.4439,309.2439,309.04388,303.6439,308.8439,305.7439,307.3439,307.7439,310.04388,308.6439,306.8439,307.3439,308.6439,303.3439,299.04388,295.3439,293.8439,303.7439
322.8439,322.9439,323.3439,322.7439,324.3439,323.4439,322.3439,319.7439,317.2439,317.6439,316.04388,316.4439,316.4439,315.9439,314.8439,315.4439,318.3439,316.2439,313.7439,304.6439,302.04388,310.3439,310.1439,303.04388,307.3439,300.6439,307.1439,309.2439,296.6439,296.7439,305.54388,304.4439,301.3439,297.8439,292.9439,297.54388,307.2439,290.8439,306.1439,308.8439,305.4439
322.7439,322.7439,324.1439,322.4439,322.7439,322.8439,319.8439,318.3439,317.1439,314.1439,313.1439,314.04388,313.2439,314.6439,312.2439,313.9439,311.7439,308.2439,304.4439,302.7439,297.3439,297.2439,300.3439,304.3439,301.8439,306.9439,302.7439,302.8439,294.4439,295.6439,297.1439,297.6439,295.7439,304.54388,303.9439,301.2439,302.9439,302.1439,292.4439,289.7439,287.8439
318.54388,318.2439,318.4439,318.54388,317.9439,319.04388,317.1439,316.04388,313.6439,313.54388,311.3439,310.7439,310.54388,311.7439,309.9439,309.2439,306.8439,306.3439,301.6439,308.54388,303.4439,307.54388,300.4439,304.54388,304.9439,295.9439,302.4439,298.8439,301.4439,302.4439,300.6439,303.4439,303.6439,305.9439,302.04388,303.54388,299.2439,294.8439,290.7439,287.2439,284.7439
312.7439,314.04388,313.7439,314.04388,311.8439,313.3439,313.2439,312.9439,305.6439,307.2439,302.1439,306.7439,309.7439,307.3439,306.3439,301.6439,301.4439,302.7439,306.4439,299.3439,299.04388,301.9439,302.2439,300.3439,295.2439,294.4439,297.9439,298.9439,302.54388,298.4439,300.3439,294.6439,298.1439,295.4439,295.1439,293.8439,294.1439,289.04388,290.04388,287.4439,283.1439
310.3439,311.1439,312.9439,311.6439,309.4439,308.04388,308.6439,308.04388,308.1439,304.54388,298.04388,303.9439,297.8439,296.04388,301.1439,299.3439,302.4439,299.8439,299.4439,297.9439,303.3439,302.6439,302.3439,300.9439,299.7439,300.4439,300.04388,303.04388,303.1439,300.4439,300.54388,298.8439,296.4439,294.7439,293.8439,292.7439,296.1439,298.6439,292.4439,296.2439,294.4439
304.8439,309.1439,309.9439,309.4439,306.04388,305.7439,306.9439,307.2439,306.3439,305.2439,296.6439,298.6439,301.3439,299.3439,290.04388,297.3439,299.8439,302.8439,298.2439,296.8439,295.7439,297.9439,301.04388,291.2439,299.6439,299.8439,301.7439,299.6439,298.54388,301.7439,302.1439,301.04388,300.7439,301.6439,299.8439,297.54388,298.1439,298.54388,295.7439,296.04388,293.54388
304.6439,307.54388,300.9439,307.9439,306.6439,305.6439,304.54388,301.7439,302.1439,302.4439,296.8439,296.54388,298.3439,293.3439,290.6439,290.2439,291.04388,296.8439,297.2439,297.6439,297.9439,301.3439,294.6439,297.9439,296.6439,301.54388,300.2439,302.2439,299.8439,300.2439,300.1439,299.3439,298.6439,299.2439,297.1439,295.9439,295.9439,296.54388,296.8439,293.1439,293.1439
302.2439,306.2439,294.7439,304.54388,305.04388,304.4439,303.7439,303.54388,302.8439,301.9439,299.9439,298.04388,291.8439,294.1439,296.4439,292.04388,294.54388,297.6439,303.7439,299.9439,298.9439,300.8439,293.9439,302.04388,295.3439,302.7439,302.54388,301.9439,299.54388,298.9439,297.7439,292.6439,298.04388,296.6439,297.2439,297.1439,296.1439,296.04388,296.54388,295.8439,294.3439
