wind_kz.json
{"header": {"discipline":0,"disciplineName":"Meteorological products","gribEdition":2,"gribLength":871,"center":7,"centerName":"US National Weather Service - NCEP(WMC)","subcenter":0,"refTime":"2023-08-07T18:00:00.000Z","significanceOfRT":1,"significanceOfRTName":"Start of forecast","productStatus":0,"productStatusName":"Operational products","productType":1,"productTypeName":"Forecast products","productDefinitionTemplate":0,"productDefinitionTemplateName":"Analysis/forecast at horizontal level/layer at a point in time","parameterCategory":0,"parameterCategoryName":"UnknownDiscipline_0_Category_0","parameterNumber":0,"parameterNumberName":"UnknownParameter_D0_C0_0","parameterUnit":"Unknown","genProcessType":2,"genProcessTypeName":"Forecast","forecastTime":120,"surface1Type":1,"surface1TypeName":"Ground or water surface","surface1Value":0.0,"surface2Type":255,"surface2TypeName":"Missing","surface2Value":0.0,"gridDefinitionTemplate":0,"gridDefinitionTemplateName":"Latitude_Longitude","numberPoints":615,"shape":6,"shapeName":"Earth spherical with radius of 6,371,229.0 m","gridUnits":"degrees","resolution":48,"winds":"true","scanMode":64,"nx":41,"ny":15,"basicAngle":0,"lo1":47.0,"la1":41.0,"lo2":87.0,"la2":55.0,"dx":1.0,"dy":1.0}, "data":
[rows 0 to 14 of 15, columns 0 to 40 of 41]
303.4778,291.7778,296.6778,298.57782,298.07782,297.1778,301.8778,305.8778,303.8778,304.7778,302.3778,302.6778,301.4778,300.4778,299.3778,295.6778,296.1778,297.3778,297.1778,297.57782,298.07782,295.57782,295.6778,289.1778,296.1778,299.2778,291.4778,281.1778,279.4778,282.1778,280.2778,285.6778,293.4778,300.57782,301.57782,301.2778,300.8778,302.57782,301.8778,305.07782,303.8778
280.3778,294.6778,298.3778,298.9778,298.7778,296.8778,304.57782,302.6778,302.1778,302.07782,301.2778,298.8778,297.3778,295.9778,294.3778,293.57782,294.7778,294.9778,294.57782,294.6778,295.1778,296.07782,294.2778,285.8778,277.7778,277.1778,285.57782,278.3778,280.57782,275.57782,282.1778,277.7778,286.3778,269.2778,281.9778,296.6778,294.9778,297.3778,302.4778,296.07782,284.4778
297.9778,298.3778,298.8778,298.7778,296.57782,303.3778,302.7778,302.2778,301.9778,299.4778,297.6778,297.3778,293.3778,292.9778,294.6778,293.07782,292.57782,292.57782,292.2778,292.9778,294.57782,295.57782,295.8778,289.1778,290.8778,291.7778,294.3778,291.4778,289.07782,283.07782,275.57782,278.2778,281.07782,281.1778,284.3778,284.3778,278.07782,279.9778,284.7778,281.4778,281.6778
299.1778,298.9778,298.9778,298.4778,298.3778,301.57782,303.1778,302.57782,301.8778,298.8778,297.3778,295.57782,296.7778,295.9778,293.6778,293.07782,295.9778,295.3778,296.07782,292.3778,292.57782,289.7778,294.1778,294.8778,293.57782,296.2778,297.3778,291.8778,292.7778,293.2778,294.6778,290.4778,298.2778,297.07782,293.9778,287.4778,277.6778,281.3778,286.1778,293.9778,300.2778
300.3778,299.6778,299.9778,299.8778,300.4778,302.4778,304.3778,304.3778,301.57782,300.2778,296.9778,294.8778,297.2778,296.07782,292.8778,295.2778,295.6778,293.7778,292.2778,295.4778,295.4778,295.4778,292.07782,292.57782,293.2778,293.07782,291.7778,294.2778,290.1778,295.07782,295.57782,290.3778,282.1778,276.6778,285.7778,294.8778,295.8778,299.9778,300.1778,300.1778,302.07782
299.7778,296.8778,299.3778,299.4778,299.57782,298.9778,303.4778,301.3778,302.3778,300.7778,297.57782,295.57782,295.6778,295.9778,294.07782,293.2778,295.9778,295.1778,294.8778,295.8778,294.2778,294.07782,291.9778,292.4778,292.4778,290.57782,291.7778,293.9778,292.6778,296.2778,295.8778,296.9778,292.57782,292.2778,290.07782,291.2778,286.1778,289.57782,296.07782,299.57782,299.7778
301.7778,298.9778,303.2778,302.9778,301.2778,301.6778,300.7778,299.1778,299.2778,297.6778,297.07782,295.2778,294.2778,294.07782,292.3778,295.8778,295.2778,295.7778,294.7778,293.3778,291.9778,293.2778,292.3778,292.2778,290.3778,290.2778,289.9778,291.8778,293.1778,295.07782,295.07782,292.9778,292.57782,293.3778,291.2778,292.1778,285.07782,282.57782,281.2778,281.3778,293.6778
303.1778,302.2778,304.07782,303.7778,304.4778,303.7778,301.7778,300.07782,297.57782,295.57782,293.6778,293.57782,292.57782,293.57782,294.3778,294.57782,294.3778,294.2778,293.7778,290.4778,289.57782,289.07782,289.6778,289.9778,288.3778,284.57782,286.2778,286.7778,286.4778,290.07782,290.7778,291.2778,288.6778,284.8778,285.6778,288.57782,289.9778,289.1778,288.7778,290.6778,288.07782
301.7778,302.2778,302.4778,300.57782,302.07782,300.57782,297.9778,297.7778,295.57782,293.4778,291.57782,291.2778,290.57782,291.8778,291.9778,292.2778,292.1778,291.8778,291.4778,288.9778,285.6778,286.6778,287.1778,287.7778,287.6778,285.2778,284.3778,283.7778,283.6778,283.9778,284.3778,284.9778,287.3778,287.07782,284.4778,282.6778,286.4778,282.8778,277.3778,275.9778,272.9778
300.2778,299.6778,299.9778,298.3778,298.07782,296.8778,294.6778,294.4778,293.8778,291.57782,289.7778,289.1778,289.07782,288.6778,289.2778,290.07782,290.1778,290.2778,288.7778,289.2778,286.57782,287.1778,287.3778,288.07782,285.57782,282.4778,281.57782,284.1778,284.07782,284.1778,284.3778,288.6778,290.9778,290.8778,285.8778,284.07782,285.7778,278.07782,279.7778,276.2778,275.8778
297.1778,296.57782,296.7778,295.9778,293.8778,293.8778,293.57782,292.07782,290.4778,289.4778,288.7778,287.2778,289.2778,287.2778,287.07782,287.57782,287.8778,289.1778,289.1778,287.2778,286.4778,286.6778,284.9778,284.7778,283.3778,283.4778,280.3778,284.4778,284.2778,287.57782,287.8778,289.8778,286.7778,285.6778,287.3778,286.3778,281.6778,280.07782,281.07782,280.07782,279.6778
293.8778,294.7778,294.1778,293.2778,291.7778,291.7778,289.57782,288.57782,289.57782,288.9778,284.7778,285.9778,287.3778,285.7778,285.57782,285.6778,286.4778,286.6778,285.8778,285.2778,283.8778,282.9778,282.9778,284.8778,282.8778,284.4778,285.2778,285.57782,285.3778,285.7778,287.57782,288.6778,288.8778,286.9778,287.07782,284.2778,286.07782,282.4778,281.6778,281.1778,280.4778
293.4778,292.1778,292.9778,292.4778,291.9778,291.07782,288.57782,287.6778,287.3778,285.8778,284.6778,282.7778,284.6778,284.2778,284.4778,284.7778,284.7778,284.4778,284.9778,283.57782,282.1778,280.9778,281.3778,283.9778,284.07782,286.7778,288.3778,286.9778,285.1778,285.6778,283.57782,283.3778,287.07782,287.3778,286.8778,284.3778,284.07782,283.4778,282.57782,282.07782,281.4778
292.7778,292.9778,292.4778,292.9778,290.57782,288.9778,288.07782,288.3778,286.2778,285.57782,284.4778,282.7778,282.57782,282.9778,283.8778,284.57782,284.2778,284.07782,283.8778,282.8778,282.7778,281.7778,282.57782,285.9778,282.6778,283.07782,282.3778,283.9778,283.57782,284.3778,286.57782,281.7778,286.1778,286.1778,286.07782,284.6778,282.1778,281.8778,280.8778,280.57782,280.9778
293.9778,293.8778,292.6778,291.9778,292.57782,290.1778,287.7778,287.4778,287.9778,287.2778,286.3778,280.4778,281.8778,282.7778,283.57782,284.57782,284.1778,283.9778,282.2778,282.3778,281.3778,281.3778,280.8778,281.2778,283.57782,280.8778,280.7778,278.9778,282.57782,281.57782,284.6778,282.2778,281.8778,281.8778,285.4778,285.1778,282.1778,279.57782,284.7778,281.7778,280.1778
