wind_kz.json
{"header": {"discipline":0,"disciplineName":"Meteorological products","gribEdition":2,"gribLength":871,"center":7,"centerName":"US National Weather Service - NCEP(WMC)","subcenter":0,"refTime":"2023-09-30T12:00:00.000Z","significanceOfRT":1,"significanceOfRTName":"Start of forecast","productStatus":0,"productStatusName":"Operational products","productType":1,"productTypeName":"Forecast products","productDefinitionTemplate":0,"productDefinitionTemplateName":"Analysis/forecast at horizontal level/layer at a point in time","parameterCategory":0,"parameterCategoryName":"UnknownDiscipline_0_Category_0","parameterNumber":0,"parameterNumberName":"UnknownParameter_D0_C0_0","parameterUnit":"Unknown","genProcessType":2,"genProcessTypeName":"Forecast","forecastTime":0,"surface1Type":1,"surface1TypeName":"Ground or water surface","surface1Value":0.0,"surface2Type":255,"surface2TypeName":"Missing","surface2Value":0.0,"gridDefinitionTemplate":0,"gridDefinitionTemplateName":"Latitude_Longitude","numberPoints":615,"shape":6,"shapeName":"Earth spherical with radius of 6,371,229.0 m","gridUnits":"degrees","resolution":48,"winds":"true","scanMode":64,"nx":41,"ny":15,"basicAngle":0,"lo1":47.0,"la1":41.0,"lo2":87.0,"la2":55.0,"dx":1.0,"dy":1.0}, "data":
[rows 0 to 14 of 15, columns 0 to 40 of 41]
304.19815,292.09814,297.39813,294.79816,294.59814,293.79816,302.39813,307.59814,305.09814,305.19815,303.09814,302.99814,301.89813,301.69815,300.89813,299.99814,299.79816,299.99814,301.09814,301.29816,302.09814,299.99814,299.69815,293.89813,296.89813,298.49814,293.19815,280.29816,276.69815,270.19815,269.79816,276.59814,288.19815,293.79816,295.59814,295.59814,294.69815,294.19815,294.19815,293.89813,292.79816
284.39813,293.49814,294.39813,294.29816,294.39813,293.69815,308.59814,304.39813,302.59814,301.19815,301.09814,300.79816,301.09814,300.39813,300.19815,299.89813,299.19815,299.29816,299.09814,300.39813,301.29816,300.19815,297.49814,287.19815,277.19815,276.49814,286.69815,278.79816,281.79816,275.59814,279.39813,270.59814,276.39813,260.69815,273.69815,290.39813,290.39813,292.99814,294.39813,286.39813,284.79816
296.49814,294.09814,294.29816,293.69815,292.49814,303.49814,302.59814,302.39813,301.09814,300.49814,299.59814,299.69815,299.29816,299.89813,299.69815,298.79816,297.89813,297.99814,299.49814,300.39813,300.89813,299.39813,298.89813,293.09814,294.69815,293.79816,294.79816,293.29816,291.19815,280.69815,271.59814,272.99814,278.29816,278.99814,282.09814,281.49814,272.99814,277.29816,279.89813,274.69815,273.49814
300.79816,293.39813,294.09814,293.79816,294.69815,303.29816,302.39813,302.39813,302.39813,301.29816,299.89813,298.39813,291.19815,290.49814,296.89813,298.79816,299.19815,299.39813,299.89813,300.29816,297.99814,293.39813,297.49814,297.19815,297.89813,297.69815,297.39813,293.49814,292.39813,293.69815,292.79816,288.99814,290.89813,288.69815,287.09814,283.89813,276.89813,270.39813,278.49814,287.59814,291.69815
303.49814,293.69815,294.39813,293.19815,296.29816,300.99814,301.39813,302.29816,300.29816,299.39813,299.49814,298.49814,290.69815,289.09814,287.69815,298.49814,300.09814,298.69815,297.79816,295.79816,298.39813,297.39813,295.99814,295.69815,295.19815,294.79816,293.49814,292.79816,293.89813,293.89813,296.09814,292.49814,278.09814,269.99814,281.09814,289.19815,291.29816,293.39813,295.59814,295.69815,294.89813
305.69815,303.99814,291.89813,293.09814,293.19815,292.69815,301.69815,301.59814,296.89813,297.59814,298.19815,297.49814,291.69815,290.39813,293.29816,297.29816,299.89813,298.29816,297.29816,295.79816,293.59814,295.79816,294.29816,293.69815,292.69815,291.19815,292.49814,288.99814,294.19815,293.79816,293.69815,293.89813,291.59814,290.69815,288.79816,289.79816,281.59814,284.29816,292.29816,293.79816,294.19815
304.79816,304.99814,304.19815,304.39813,299.79816,300.79816,300.59814,298.99814,299.09814,298.99814,294.79816,296.59814,296.49814,297.49814,297.39813,296.89813,298.09814,297.39813,296.89813,294.59814,293.79816,293.69815,293.49814,293.39813,291.99814,292.79816,291.19815,291.69815,290.89813,291.19815,290.19815,289.69815,290.79816,290.49814,289.99814,289.09814,283.99814,282.39813,278.79816,277.99814,287.79816
303.19815,302.69815,301.09814,301.09814,302.09814,301.89813,300.19815,299.29816,296.59814,296.09814,291.09814,294.59814,293.99814,295.19815,296.29816,294.59814,292.09814,291.69815,291.99814,291.49814,291.89813,291.89813,291.29816,291.39813,290.19815,287.49814,286.29816,287.59814,285.29816,286.99814,287.49814,288.19815,287.69815,286.99814,286.39813,287.69815,290.39813,286.79816,289.39813,288.39813,284.69815
300.79816,298.89813,299.49814,298.89813,298.69815,298.59814,297.59814,292.79816,293.39813,292.59814,292.59814,290.29816,291.49814,294.59814,293.89813,294.49814,292.69815,291.39813,290.09814,291.09814,289.39813,288.59814,289.59814,289.59814,286.79816,287.59814,284.09814,281.89813,281.49814,279.79816,281.99814,284.19815,284.19815,285.59814,287.29816,286.99814,287.09814,285.69815,272.69815,273.69815,271.49814
299.39813,298.29816,297.19815,297.59814,297.59814,296.79816,292.49814,291.29816,294.29816,290.79816,292.49814,289.99814,289.79816,289.99814,292.49814,293.29816,292.49814,289.89813,287.99814,290.29816,287.89813,287.39813,287.89813,287.89813,287.59814,286.79816,286.19815,285.99814,283.99814,283.99814,283.59814,282.59814,284.49814,286.09814,285.89813,283.99814,282.79816,278.09814,274.49814,274.29816,270.69815
297.69815,296.39813,295.69815,295.69815,296.29816,295.29816,295.39813,295.59814,291.29816,291.59814,291.29816,289.39813,290.99814,285.79816,288.69815,290.49814,288.19815,289.89813,288.29816,286.09814,285.29816,285.09814,284.79816,284.49814,284.69815,286.49814,285.09814,287.49814,286.69815,287.19815,286.79816,285.29816,284.59814,284.69815,284.79816,283.29816,280.39813,277.49814,278.19815,278.39813,275.89813
296.49814,295.49814,294.99814,294.79816,294.39813,293.49814,290.39813,291.19815,292.39813,290.79816,287.69815,286.39813,287.69815,284.19815,286.99814,286.39813,287.19815,286.09814,288.39813,287.09814,285.89813,283.99814,283.69815,283.99814,285.29816,285.89813,286.29816,288.29816,287.99814,287.09814,286.49814,286.59814,287.29816,282.59814,282.09814,282.59814,283.09814,283.09814,281.89813,282.29816,282.09814
293.79816,294.29816,293.29816,293.19815,292.89813,292.29816,291.99814,290.09814,291.09814,289.69815,286.39813,285.09814,287.29816,284.89813,286.79816,287.09814,285.89813,285.59814,288.29816,287.09814,285.59814,282.29816,283.99814,284.59814,286.19815,287.39813,288.29816,287.19815,287.09814,285.89813,286.99814,285.19815,284.09814,284.69815,285.39813,283.89813,282.99814,282.79816,281.99814,281.49814,281.39813
294.99814,293.39813,289.29816,292.29816,291.79816,291.09814,289.89813,288.19815,287.99814,289.39813,285.99814,283.79816,284.89813,285.79816,286.39813,285.89813,286.09814,285.19815,284.19815,286.19815,285.79816,286.59814,286.59814,286.49814,287.29816,286.49814,286.69815,284.99814,284.99814,284.79816,284.89813,284.19815,284.19815,283.29816,281.59814,281.99814,280.49814,280.69815,281.89813,280.09814,281.79816
291.49814,293.29816,286.19815,290.79816,291.59814,290.79816,289.99814,288.29816,290.09814,289.49814,287.99814,285.89813,283.69815,282.89813,285.59814,286.49814,284.89813,286.19815,286.59814,285.49814,286.19815,284.59814,285.89813,284.59814,284.69815,284.59814,283.19815,282.99814,281.29816,280.69815,280.29816,281.99814,281.29816,281.09814,281.09814,282.39813,282.69815,281.89813,282.29816,280.69815,281.49814
