wind_kz.json
{"header": {"discipline":0,"disciplineName":"Meteorological products","gribEdition":2,"gribLength":1025,"center":7,"centerName":"US National Weather Service - NCEP(WMC)","subcenter":0,"refTime":"2023-10-02T06:00:00.000Z","significanceOfRT":1,"significanceOfRTName":"Start of forecast","productStatus":0,"productStatusName":"Operational products","productType":1,"productTypeName":"Forecast products","productDefinitionTemplate":0,"productDefinitionTemplateName":"Analysis/forecast at horizontal level/layer at a point in time","parameterCategory":2,"parameterCategoryName":"UnknownDiscipline_0_Category_2","parameterNumber":3,"parameterNumberName":"UnknownParameter_D0_C2_3","parameterUnit":"Unknown","genProcessType":2,"genProcessTypeName":"Forecast","forecastTime":60,"surface1Type":103,"surface1TypeName":"Specified height level above ground","surface1Value":10.0,"surface2Type":255,"surface2TypeName":"Missing","surface2Value":0.0,"gridDefinitionTemplate":0,"gridDefinitionTemplateName":"Latitude_Longitude","numberPoints":615,"shape":6,"shapeName":"Earth spherical with radius of 6,371,229.0 m","gridUnits":"degrees","resolution":48,"winds":"true","scanMode":64,"nx":41,"ny":15,"basicAngle":0,"lo1":47.0,"la1":41.0,"lo2":87.0,"la2":55.0,"dx":1.0,"dy":1.0}, "data":
[rows 0 to 14 of 15, columns 0 to 40 of 41]
-1.0072241,0.41277587,-0.70722413,-9.547224,-8.957224,-8.407224,1.8027759,3.2927759,-0.29722413,-0.17722411,-0.69722414,0.11277588,-0.42722413,-1.1072241,-1.7672241,-3.1872241,-3.577224,-3.6272242,-4.5772243,-1.4672241,-2.787224,-3.8972242,-3.3772242,-1.5172241,-1.8172241,0.04277588,-1.1872241,1.6927758,2.0927758,0.09277588,-1.4772241,-0.8372241,0.54277587,1.6127759,1.3427758,0.87277585,1.1027759,-0.14722413,0.22277588,0.74277586,0.2727759
-1.0072241,1.1627759,-1.7172241,-7.457224,-9.127224,-7.897224,-4.417224,3.462776,0.18277588,-1.2972242,-2.737224,-1.1672242,-0.7972241,-1.1972241,-3.287224,-3.6172242,-2.587224,-4.237224,-6.087224,-3.6972241,-3.227224,-3.237224,-0.14722413,1.9527758,1.2527759,1.4327759,-1.7572241,2.702776,-0.08722412,1.5227759,1.7427759,1.5827758,-0.39722413,-1.0072241,-3.1972241,-0.7272241,-0.70722413,-2.1872241,-0.43722412,-1.7972242,-0.8572241
1.1427759,-2.727224,-4.207224,-5.797224,-5.697224,-3.267224,-2.6772242,-4.457224,-1.5572242,-1.8172241,-2.3572242,-0.76722413,-1.8572241,-1.5872241,-1.4872241,-2.3472242,-2.3972242,-3.4572241,-4.207224,-4.107224,-2.6772242,-2.8872242,-1.6072241,-0.48722413,-0.5472241,0.7227759,1.1027759,0.6027759,-0.48722413,0.9427759,0.7827759,0.41277587,1.5527759,-0.9972241,-0.9972241,1.5927758,0.6027759,-1.9172242,-0.4772241,1.1727759,1.1727759
1.4727759,-1.9572241,-3.037224,1.0827758,-3.797224,-3.587224,-1.6672242,-0.11722412,0.7027759,0.17277588,-0.62722415,-0.69722414,-1.6872241,-3.067224,-2.537224,-2.4372241,-2.567224,-2.7172241,-4.187224,-4.707224,-4.2272243,-1.8372241,0.56277585,-2.317224,-2.8472242,-2.8572242,-3.4172242,-3.4072242,-0.16722412,-1.3872241,-1.9172242,-1.1372241,-0.8672241,-0.4472241,0.3027759,-2.6672242,-0.48722413,3.0827758,0.9727759,1.2527759,0.9027759
1.4427758,0.02277588,-2.047224,-2.1772242,-3.237224,-1.6472241,-1.8172241,-1.3472241,-1.1272241,2.1527758,1.4327759,0.6527759,-1.5572242,-3.9072242,-2.6572242,-2.317224,-1.7472241,-3.0972242,-3.3572242,-3.267224,-3.267224,-3.077224,-3.327224,-2.8572242,-1.1772242,-2.047224,-2.047224,-1.2672241,-2.1572242,-2.017224,-2.237224,-0.42722413,2.492776,3.3127759,-0.81722414,-0.95722413,-0.8572241,-0.7272241,0.13277587,-1.2372241,-2.9572241
1.8527759,1.2927759,1.2927759,-0.2572241,-2.777224,-2.4272242,-0.18722412,0.10277588,0.17277588,0.61277586,3.1027758,1.5227759,-0.5272241,-1.8072242,-2.577224,-3.577224,-1.9572241,-3.317224,-3.9372241,-2.6472242,-2.077224,-2.767224,-2.777224,0.62277585,1.7227759,-0.2572241,-0.8972241,-1.3072242,-1.1172241,-1.4472241,-2.087224,-2.1072242,-0.48722413,-1.2172241,1.6727759,-0.36722413,2.8627758,1.4027759,-1.7972242,0.26277587,-1.8272241
3.922776,3.482776,2.662776,3.712776,-0.5572241,0.34277588,-1.8772241,0.6627759,0.8227759,-0.10722412,5.072776,3.5827758,1.3827759,0.07277588,-1.4072242,-2.9672241,-3.7072241,-3.767224,-4.237224,-2.297224,-3.037224,-2.6772242,-2.1472242,-1.3472241,0.9127759,1.5127759,0.4627759,-0.5272241,-1.8972241,-1.0872241,0.21277589,-0.9672241,-2.767224,-2.1372242,-1.1772242,-1.2172241,-2.4672241,-0.24722412,0.35277587,0.6627759,-1.8272241
3.7927759,3.972776,3.8727758,2.3727758,2.982776,0.22277588,-2.1672242,-0.7472241,-0.4172241,0.09277588,-0.3872241,2.8127759,2.0827758,1.2527759,0.74277586,-0.70722413,-2.4072242,-3.1372242,-3.057224,-2.9072242,-2.4172242,-2.4672241,-3.047224,-2.287224,0.24277587,1.7227759,2.262776,0.8827759,0.13277587,-2.1272242,-2.047224,0.3027759,-1.7572241,-2.977224,-0.9772241,-1.7872242,-2.4472241,-0.4172241,-0.5872241,0.21277589,-0.9772241
2.4027758,4.372776,3.5827758,3.1227758,3.432776,3.002776,1.7927759,-0.097224124,-1.2072241,1.1427759,-0.23722412,0.8927759,2.0927758,2.8027759,2.5527759,1.6927758,0.7827759,-1.2972242,-2.3772242,-2.3472242,-1.6172241,-2.017224,-2.337224,-3.1272242,-0.9072241,-0.06722412,1.3127759,1.3727759,1.4527758,0.98277587,1.0627759,1.1527759,0.9727759,-0.49722412,-0.26722413,1.0927758,-2.1972241,-1.0272241,0.16277587,-0.9872241,-2.547224
-1.8772241,5.362776,4.082776,4.242776,3.8127759,2.5927758,4.4427757,3.162776,0.8827759,1.1127759,2.0827758,2.3127759,1.9727759,1.6727759,1.7427759,1.6227759,1.9827759,2.5727758,0.6527759,-1.2772241,-1.6072241,-1.3772241,-1.2772241,-1.8772241,-1.0872241,-0.24722412,0.0027758789,1.0627759,1.0227759,-0.08722412,2.8427758,2.5527759,1.4027759,0.012775879,0.5227759,0.92277586,0.4927759,-1.4472241,-0.07722412,1.9827759,2.3727758
1.5127759,1.4427758,3.0427759,2.0727758,2.1127758,3.172776,3.682776,3.3927758,3.182776,1.3627759,1.4427758,0.79277587,2.192776,1.3427758,0.23277588,2.262776,2.6227758,2.7827759,2.982776,2.3127759,0.7527759,-0.56722414,-1.5472242,-1.5672241,-0.8072241,-0.16722412,0.082775876,0.67277586,1.4527758,2.0727758,2.252776,2.012776,2.202776,1.1827759,1.1927758,1.1927758,0.81277585,1.3827759,1.0627759,1.0927758,0.31277588
3.162776,3.0627759,2.422776,2.922776,3.442776,2.1027758,2.8727758,4.162776,3.3327758,2.202776,2.272776,1.8627759,1.7827759,1.3727759,1.2027758,1.6427759,2.182776,2.4027758,3.5927758,3.492776,3.212776,1.9827759,0.8427759,0.3927759,0.34277588,-0.027224122,0.6327759,0.99277586,2.3727758,2.932776,1.9027759,1.2227759,1.2627759,1.6727759,1.9527758,1.1927758,1.4027759,2.3327758,2.0427759,1.7927759,1.0327759
3.6027758,4.1727757,4.122776,3.5327759,2.992776,2.002776,2.0627759,2.422776,3.702776,4.182776,2.0927758,1.9427758,2.182776,2.442776,1.4927759,1.3927759,1.9927759,3.1327758,3.242776,3.472776,4.202776,3.9027758,3.0727758,2.512776,1.7127758,1.5127759,0.9727759,0.9127759,2.482776,2.742776,2.5527759,2.1427758,1.8527759,2.1027758,2.2827759,2.2927759,1.4027759,1.4727759,1.7527759,1.3427758,0.86277586
5.562776,5.222776,5.032776,5.412776,3.712776,3.6127758,3.3327758,3.3227758,3.022776,2.8627758,2.512776,1.4427758,2.1127758,2.692776,2.212776,2.0827758,1.8527759,1.7727759,2.912776,3.6227758,4.032776,4.372776,4.052776,3.6327758,3.262776,2.6127758,2.002776,2.2927759,2.252776,2.912776,2.6327758,2.6227758,2.682776,2.6327758,1.8327758,2.1227758,1.6727759,1.1727759,0.9127759,1.6927758,1.4327759
5.072776,6.402776,7.822776,6.582776,6.012776,5.972776,5.572776,4.822776,3.972776,3.912776,2.8927758,3.002776,1.9527758,1.4827759,2.482776,2.242776,1.2827759,1.0027759,2.5627759,2.522776,2.932776,3.972776,3.8627758,3.762776,3.5627759,3.262776,3.262776,3.3427758,2.952776,3.262776,3.012776,3.952776,2.8227758,2.692776,2.702776,2.5727758,2.672776,2.702776,1.8827759,1.9927759,0.9427759
