wind_kz.json
{"header": {"discipline":0,"disciplineName":"Meteorological products","gribEdition":2,"gribLength":1025,"center":7,"centerName":"US National Weather Service - NCEP(WMC)","subcenter":0,"refTime":"2023-09-19T12:00:00.000Z","significanceOfRT":1,"significanceOfRTName":"Start of forecast","productStatus":0,"productStatusName":"Operational products","productType":1,"productTypeName":"Forecast products","productDefinitionTemplate":0,"productDefinitionTemplateName":"Analysis/forecast at horizontal level/layer at a point in time","parameterCategory":2,"parameterCategoryName":"UnknownDiscipline_0_Category_2","parameterNumber":2,"parameterNumberName":"UnknownParameter_D0_C2_2","parameterUnit":"Unknown","genProcessType":2,"genProcessTypeName":"Forecast","forecastTime":240,"surface1Type":103,"surface1TypeName":"Specified height level above ground","surface1Value":10.0,"surface2Type":255,"surface2TypeName":"Missing","surface2Value":0.0,"gridDefinitionTemplate":0,"gridDefinitionTemplateName":"Latitude_Longitude","numberPoints":615,"shape":6,"shapeName":"Earth spherical with radius of 6,371,229.0 m","gridUnits":"degrees","resolution":48,"winds":"true","scanMode":64,"nx":41,"ny":15,"basicAngle":0,"lo1":47.0,"la1":41.0,"lo2":87.0,"la2":55.0,"dx":1.0,"dy":1.0}, "data":
[rows 0 to 14 of 15, columns 0 to 40 of 41]
0.92417234,1.9641724,1.4941723,-3.3858275,-0.015827637,0.91417235,6.0341725,-0.46582764,-1.1258277,-0.14582764,-0.88582766,-0.58582765,-1.0158277,-0.17582764,-0.005827637,0.26417238,-0.66582763,-1.1458277,-2.4258277,-1.9558276,-0.53582764,0.28417236,1.7141724,3.5041723,1.7841724,0.79417235,2.7741723,2.9041724,0.38417235,0.29417238,-0.57582766,0.6241724,-1.1458277,-0.77582765,0.49417236,1.0741724,1.8741723,1.2441723,1.9341724,1.2341723,1.3141724
-0.71582764,-1.8558277,-9.855827,-6.335828,-1.7058276,2.0041723,0.52417237,-0.10582764,-0.39582765,0.29417238,1.4841723,0.43417236,1.3541723,-0.5558276,-0.89582765,-0.32582763,0.16417237,-0.33582765,-1.0258276,-0.91582763,-0.9358276,1.2241724,0.5741724,1.3241724,1.0741724,-0.5458276,0.41417235,2.4041724,1.3341724,-0.58582765,0.094172366,-0.7958276,-0.085827634,-1.3058276,-0.29582763,2.0941725,1.1941724,1.9941723,2.6341724,0.43417236,-1.1758276
-2.3358276,-5.2858276,-6.5058274,-4.4758277,-2.7258277,0.73417234,2.2041724,0.13417237,2.1541724,1.0041723,0.79417235,1.4041724,3.1141725,-0.25582764,1.8341724,2.3241723,1.9141724,1.0441724,0.74417233,0.24417236,0.8841724,1.2241724,-0.9958276,-4.2258277,-1.5958276,-2.2258277,-2.0858276,-0.015827637,3.5741723,-0.7358276,-0.90582764,-2.2958276,-0.12582764,1.0641724,-3.3358276,-0.91582763,0.41417235,-0.20582764,3.3041723,2.1141725,1.5241723
-5.7158275,-5.7758274,-5.2858276,-3.6458275,1.4541724,1.5141723,0.34417236,2.7241724,1.5741724,2.1841724,2.5241723,4.0341725,-1.3458276,1.9041724,4.0841722,3.7441723,1.9641724,2.9041724,1.5941724,2.1641724,2.5141723,-3.3658276,-0.24582763,-0.115827635,-1.0658276,-0.6858276,-0.77582765,1.5741724,-1.6258277,-0.6258276,0.91417235,2.9341724,5.104172,3.1941724,2.5641723,1.6341723,0.07417236,2.4741724,-1.0258276,-0.88582766,-1.9658276
-5.1158276,-4.1758275,-2.9558277,0.71417236,1.5441724,2.2841723,2.1841724,2.4641724,2.2141724,3.5441723,3.7341723,4.2241726,0.58417237,2.2541723,3.2141724,5.604172,2.4741724,2.4441724,1.5941724,1.6241723,3.0241723,2.4941723,2.5941725,2.3541725,2.3441725,1.8441724,2.9641724,-3.4058275,2.6441724,-0.65582764,0.7541724,0.85417235,1.4741724,1.8641723,-0.65582764,-1.0658276,1.0841724,1.2341723,-0.09582764,-0.6158276,1.0741724
-1.8158276,0.18417236,-0.30582765,0.6941724,1.9641724,2.6441724,4.3241725,3.5841722,3.9541724,4.854172,5.4241724,4.5341725,2.4941723,3.0541723,4.164172,5.5041723,3.3041723,3.1741724,2.7241724,1.7041724,3.2341723,3.6741724,3.0341723,3.4141724,3.5741723,4.4241724,4.4941726,-0.29582763,1.5941724,3.5741723,3.0241723,2.6141725,2.1641724,2.2241724,2.5741723,0.36417237,2.4641724,3.8541725,7.644172,1.2041724,1.9441724
2.0341723,3.5141723,3.6541724,4.7241726,3.8541725,5.2241726,6.2441726,7.2341723,6.624172,6.854172,6.4941726,6.664172,5.8041725,6.3241725,6.1341724,5.624172,5.8041725,5.4241724,4.6741724,4.4941726,4.3341722,3.4641724,3.8041723,4.3241725,4.3141723,4.8441725,5.1541724,5.2941723,3.9941723,4.644172,4.9041724,5.184172,4.414172,3.8641725,1.4641724,1.6941724,2.3041723,2.3841724,2.0241723,0.38417235,-0.44582763
5.2341723,5.2841725,5.6341724,5.8441725,6.0741725,6.8641725,7.9841723,8.244172,8.8041725,8.8041725,8.384172,7.1741724,7.1141725,6.624172,6.7341723,6.8041725,5.934172,6.3641725,6.0541725,6.5041723,6.5141726,5.8241725,5.0741725,4.7441726,4.7941723,4.934172,4.9941726,5.0941725,4.954172,4.854172,4.7941723,4.414172,3.3741724,3.1441724,-0.75582767,5.3441725,-0.95582765,1.3841723,-0.77582765,-1.7158276,-1.4558276
6.434172,6.434172,7.1141725,7.4041724,8.004172,8.674172,9.244172,9.3441725,9.494172,9.504172,8.704172,7.374172,7.6541724,7.0541725,6.644172,6.2441726,6.354172,6.354172,6.184172,6.2141724,6.7841725,6.7941723,6.5841722,5.5541725,5.414172,5.164172,5.354172,5.1741724,4.184172,4.2241726,4.1141725,3.2241724,2.3941724,1.2041724,1.0441724,0.11417236,-0.18582764,-2.4058275,1.4841723,1.1141723,-0.25582764
8.514173,8.704172,8.944172,8.864172,9.104173,8.904172,9.024173,9.224173,9.034172,8.214172,8.3041725,8.764173,8.3041725,7.954172,7.394172,6.874172,6.5841722,6.8341722,7.0441723,6.5941725,7.6541724,7.7741723,6.8341722,6.2941723,6.2441726,5.8641725,5.124172,5.394172,3.7841723,5.664172,3.4641724,3.4241724,2.2041724,1.5841724,0.96417236,1.4741724,-2.0658276,-1.7758276,1.0641724,0.20417236,-0.45582762
8.944172,9.754172,8.744172,8.664172,8.684173,8.694172,8.714172,8.784172,8.314173,8.274173,8.254172,8.654172,7.2541723,8.684173,8.274173,7.7541723,7.854172,7.7841725,7.8341722,8.004172,8.184173,7.9241724,7.1341724,7.0741725,5.7941723,5.7441726,5.9041724,4.434172,3.6141725,4.2541723,3.4541724,3.9241724,2.8741724,1.6041723,2.7441723,-0.7358276,-0.84582764,0.45417237,0.8941724,0.42417237,1.1541724
9.3041725,9.014173,8.954172,9.284172,8.834172,8.154172,8.124172,7.8141723,7.5541725,7.7641726,8.484173,8.934173,7.7541723,8.044172,8.364172,8.174172,8.284172,8.464172,7.7541723,8.3041725,7.9441724,7.5241723,6.9241724,6.394172,5.5741725,5.8441725,5.4741726,5.394172,3.3541725,2.7441723,2.1941724,3.1541724,1.6041723,2.0641723,2.2141724,3.7041724,3.2341723,6.104172,3.0541723,0.42417237,-1.8058276
7.874172,9.294172,8.134172,8.194172,6.9741726,5.3141723,6.6541724,7.644172,9.294172,7.0741725,6.434172,7.8241725,7.8841724,8.464172,8.5941725,8.384172,8.264173,8.044172,7.0241723,7.1541724,7.5241723,7.0341725,6.624172,5.934172,5.8041725,4.4041724,5.3441725,5.3341722,2.7641723,2.7441723,2.8641725,3.2741723,3.0141723,4.2141724,3.7441723,3.5641723,5.3041725,3.3541725,5.9041724,2.0241723,0.0041723633
8.114172,8.394173,6.0041723,4.9241724,5.1741724,6.1341724,8.714172,9.0941725,7.414172,6.9841723,5.2141724,6.6141725,7.0741725,7.4441724,8.114172,7.8041725,7.2141724,8.084172,7.664172,7.374172,7.3341722,7.394172,7.2841725,5.6141725,3.9441724,3.5241723,3.7541723,2.9941723,4.0841722,4.5441723,3.7441723,2.8541725,2.5141723,4.0441723,3.8441725,3.9741724,3.0241723,4.894172,3.5541723,2.0341723,2.1741724
4.5741725,7.164172,9.204172,7.5141726,7.2941723,6.394172,7.4641724,7.104172,6.8841724,6.394172,3.8441725,5.954172,6.0441723,4.9441724,6.9241724,7.2341723,6.5141726,7.434172,7.0241723,6.2541723,6.664172,6.7841725,6.104172,4.4741726,2.5541723,2.4141724,2.7741723,3.8641725,2.6941724,2.0441723,3.1041725,2.5041723,2.2341723,4.184172,2.9241724,2.4141724,2.9141724,3.4641724,1.9041724,1.1441723,0.16417237
