wind_kz.json
{"header": {"discipline":0,"disciplineName":"Meteorological products","gribEdition":2,"gribLength":1025,"center":7,"centerName":"US National Weather Service - NCEP(WMC)","subcenter":0,"refTime":"2023-09-21T06:00:00.000Z","significanceOfRT":1,"significanceOfRTName":"Start of forecast","productStatus":0,"productStatusName":"Operational products","productType":1,"productTypeName":"Forecast products","productDefinitionTemplate":0,"productDefinitionTemplateName":"Analysis/forecast at horizontal level/layer at a point in time","parameterCategory":2,"parameterCategoryName":"UnknownDiscipline_0_Category_2","parameterNumber":3,"parameterNumberName":"UnknownParameter_D0_C2_3","parameterUnit":"Unknown","genProcessType":2,"genProcessTypeName":"Forecast","forecastTime":60,"surface1Type":103,"surface1TypeName":"Specified height level above ground","surface1Value":10.0,"surface2Type":255,"surface2TypeName":"Missing","surface2Value":0.0,"gridDefinitionTemplate":0,"gridDefinitionTemplateName":"Latitude_Longitude","numberPoints":615,"shape":6,"shapeName":"Earth spherical with radius of 6,371,229.0 m","gridUnits":"degrees","resolution":48,"winds":"true","scanMode":64,"nx":41,"ny":15,"basicAngle":0,"lo1":47.0,"la1":41.0,"lo2":87.0,"la2":55.0,"dx":1.0,"dy":1.0}, "data":
[rows 0 to 14 of 15, columns 0 to 40 of 41]
0.43792236,-1.3620776,2.8379223,1.0979223,-4.202078,-0.99207765,-0.20207764,-1.4720776,-2.2920775,-1.9820776,-2.7420776,-2.6320777,-3.3320777,-4.8620777,-5.742078,-5.1020775,-5.7520776,-5.7920775,-6.222078,-4.3620777,-5.8520775,-4.6220775,-1.9720776,-2.1620777,-2.5220776,-0.062077638,-0.8420776,-0.41207764,0.22792237,1.1879224,-1.8920777,0.26792237,-0.98207766,2.3779223,1.6379224,0.7279224,-0.13207763,-0.8420776,-2.3520777,-2.6220777,-4.1920776
3.3479223,1.5579224,2.7479224,-0.052077636,-3.3220778,0.6679224,-0.49207765,-0.5820776,-1.4320776,-3.7720776,-3.4020777,-5.3920774,-5.3920774,-5.2720776,-4.952078,-6.202078,-5.6120777,-6.7520776,-8.012077,-4.6420774,-4.0220776,-5.4120774,-3.4420776,1.6179223,0.64792234,-0.75207764,-2.6120777,0.7179224,-0.5120776,-1.0720776,4.197922,2.7879224,-1.3220776,-3.8320777,-3.1220777,1.2879224,-1.0320777,0.32792237,-0.50207764,-2.3320777,1.1379224
2.2179224,5.047922,2.5579224,0.5479224,-0.9020776,-0.10207763,0.15792236,-0.062077638,-1.8720776,-2.0920777,-3.4320776,-3.5820777,-4.1320777,-4.8820777,-5.5220776,-4.8120775,-5.1020775,-4.5720778,-6.0820775,-5.1120777,-4.4820776,-3.4120777,-4.702078,-3.2620776,-1.2420776,0.89792234,0.47792235,1.0279224,0.45792237,2.0079224,3.9979224,2.3379223,2.1079223,-0.80207765,-0.82207763,2.6479223,2.5979223,0.7879224,0.5379224,-0.46207765,0.04792236
2.3579223,2.2679224,0.47792235,-0.15207763,-1.6920776,-0.94207764,-0.23207764,0.017922364,0.21792236,1.0379224,-1.1720777,-3.0220776,-4.8320775,-6.302078,-4.2520776,-4.0420775,-3.8220778,-4.3820777,-4.6820774,-5.1920776,-4.5620775,-3.4420776,-0.6520776,-1.3320776,-1.2820777,-2.5820777,-0.35207763,-1.2220776,0.7779224,0.35792238,-1.0720776,-2.7720776,-1.7920777,1.4779223,-0.10207763,-1.0620776,1.6379224,4.5979223,3.8479223,0.99792236,0.36792237
0.087922364,-0.6520776,-0.49207765,0.28792235,-0.69207764,-0.9520776,-0.7620776,0.0079223635,-0.99207765,0.30792236,0.8579224,-0.33207762,-3.3120775,-4.262078,-5.2520776,-3.7620776,-2.9920776,-3.8420777,-4.0220776,-3.6120777,-3.5620775,-3.6120777,-3.7520776,-3.8820777,-3.5720778,-2.8820777,-3.1120777,0.62792236,-0.68207765,-0.82207763,0.75792235,1.8679223,2.0479224,1.0079224,-0.34207764,0.32792237,-1.7620777,1.3779224,3.0079224,0.17792237,0.57792234
0.36792237,-0.49207765,0.95792234,0.7179224,-0.35207763,0.75792235,0.45792237,-0.92207766,-0.44207764,-1.7720777,-2.1120777,-2.2620776,-0.18207763,-2.3020775,-2.9720776,-3.5020776,-3.4720776,-3.3720777,-4.0720778,-4.0420775,-2.4220777,-0.17207764,-0.66207767,-1.9620776,-3.1220777,-3.8520777,-3.6220777,-3.0020776,-4.302078,-4.262078,-3.8920777,-3.3620777,-1.7120776,-1.2120776,-0.8320776,-7.0020776,-0.75207764,-1.9820776,-1.8120776,-0.12207764,0.63792235
2.4579225,1.3379223,1.3279223,1.0079224,0.92792237,0.74792236,0.86792237,0.027922364,0.117922366,0.15792236,-1.5720776,-0.21207763,-2.1520777,-2.8020775,-3.0620775,-2.7020776,-3.3120775,-3.6420777,-3.5820777,-3.7020776,-4.0820775,-3.1820776,-3.0420775,-4.1220775,-2.6520777,-2.6720777,-3.0920777,-5.3520775,-4.3920774,-5.972078,-5.4320774,-5.6720777,-6.4020777,-4.032078,-4.4620776,-4.3820777,-2.8320777,0.09792236,-2.3220778,0.6579224,-3.6720777
2.8079224,2.1979225,2.1879225,2.4479225,1.8979224,0.61792237,-0.8420776,0.0079223635,-1.4720776,-1.7220776,-2.3920777,-1.0620776,-1.6920776,-2.1420777,-3.8420777,-4.6920776,-5.472078,-3.5220776,-3.5920777,-3.3020775,-2.7620776,-4.4020777,-5.2120776,-4.9320774,-4.5220776,-4.0220776,-4.4120774,-4.202078,-5.242078,-4.6220775,-4.6520777,-5.0020776,-5.8120775,-7.1920776,-4.8620777,-5.3720775,-3.5020776,-5.8420777,-1.4920776,2.3379223,0.56792235
1.2379223,1.5679224,1.4079224,0.68792236,0.30792236,0.55792236,-0.73207766,-1.2120776,-2.2520776,-2.4520776,-2.2820776,-1.4220777,-2.8720777,-2.2420776,-2.9220777,-2.0520775,-3.0220776,-4.4020777,-3.9320776,-3.2220776,-1.7020776,-3.3520777,-3.4220777,-2.5820777,-2.6020777,-2.1920776,-1.8620776,-1.6520777,-1.4420776,-1.6120776,-2.6920776,-2.0520775,-1.7020776,-2.5020776,-3.2220776,-3.5820777,-4.5420775,-2.6420777,-2.0020776,-0.35207763,3.0879223
1.7179223,1.6879224,1.7679224,1.3579223,1.1679224,-0.33207762,-1.4820776,-1.9120777,-1.9820776,-1.4020777,-0.17207764,-0.6420776,0.44792235,0.017922364,-2.2620776,-3.2820776,-1.8720776,-3.5020776,-4.1620774,-3.7420776,-3.6120777,-2.9320776,-3.2620776,-2.9320776,-2.9620776,-2.0520775,-2.1920776,-1.6820776,-0.9620776,-1.8320776,-0.98207766,-1.4620776,-1.3120776,-1.0420777,-1.1620777,-0.92207766,-1.2520776,-1.8320776,1.7979224,0.17792237,-1.8520776
1.8179224,1.4979224,1.5679224,0.9779224,0.81792235,-0.092077635,-1.2920777,-0.9020776,0.6679224,-0.66207767,-0.87207764,0.49792236,-0.04207764,-1.0120777,-2.5620775,-2.6020777,-2.2620776,-2.8920777,-2.3620777,-2.8520777,-3.2220776,-3.2120776,-2.8020775,-2.8120775,-2.8920777,-2.8620777,-2.3720777,-2.8620777,-2.2020776,-1.8820777,-2.4820776,-2.6520777,-2.9920776,-1.6720777,-1.2920777,0.28792235,-1.2120776,-1.7720777,-2.0020776,-2.1820776,-1.0320777
1.2479224,2.2479224,1.7879224,0.6579224,0.56792235,-1.1220776,-0.85207766,-1.3220776,0.057922363,-0.20207764,-1.0320777,0.57792234,0.117922366,-0.16207764,-1.6920776,-1.7220776,-1.8320776,-2.1020777,-1.5720776,-1.7620777,-2.4720776,-2.9320776,-2.8120775,-2.4620776,-2.2720776,-2.0420775,-1.7620777,-1.7420776,-1.4620776,-1.6920776,-2.1120777,-2.5620775,-2.0520775,-2.2220776,-1.7420776,-2.2320776,-0.022077637,3.1179223,2.3279223,1.6779224,1.7379223
1.7679224,1.8979224,1.8679223,1.0279224,0.9179224,0.15792236,0.23792237,0.037922364,1.2679224,0.44792235,-0.5120776,-0.91207767,0.06792236,0.30792236,-1.3620776,-0.022077637,-0.66207767,-0.9620776,-1.0420777,-1.2520776,-1.0720776,-0.94207764,-0.56207764,-0.82207763,-1.1520777,-1.1720777,-1.0520777,-1.7220776,-1.0820776,-1.3720776,-1.7620777,-2.1020777,-2.3420777,-3.0720778,-2.5620775,-2.1320777,-1.7220776,-0.98207766,0.50792235,-0.26207763,1.7979224
2.3879223,2.3879223,1.8979224,2.0679224,0.55792236,1.3079224,0.39792237,1.1179223,1.5679224,2.1579223,1.1179223,-0.29207763,-0.57207763,-0.37207764,-1.4420776,-0.54207766,-0.012077637,0.04792236,-0.29207763,-0.21207763,-0.68207765,0.04792236,0.19792236,-0.25207764,-0.5320776,-1.0020776,-1.2420776,-1.2520776,-0.92207766,-0.46207765,0.9679224,-0.7720776,-1.4420776,-1.8020777,-2.4520776,-2.1520777,-0.7820776,-0.44207764,-0.61207765,0.94792235,1.3179224
1.2679224,1.7979224,2.2879224,2.1179223,0.92792237,0.82792234,0.94792235,1.7479224,0.83792233,2.4079223,1.1179223,2.0279224,1.7079223,0.0079223635,-0.98207766,-1.2320776,-0.98207766,0.55792236,0.67792237,0.50792235,0.26792237,0.48792237,0.44792235,-0.41207764,-0.20207764,-0.56207764,-0.6420776,-0.87207764,-0.8920776,-0.48207763,-0.14207764,-2.0620775,-1.4420776,-1.6620777,-0.67207766,-1.3720776,-0.7720776,-0.42207763,0.23792237,0.17792237,0.81792235
