wind_kz.json
{"header": {"discipline":0,"disciplineName":"Meteorological products","gribEdition":2,"gribLength":948,"center":7,"centerName":"US National Weather Service - NCEP(WMC)","subcenter":0,"refTime":"2025-04-05T18:00:00.000Z","significanceOfRT":1,"significanceOfRTName":"Start of forecast","productStatus":0,"productStatusName":"Operational products","productType":1,"productTypeName":"Forecast products","productDefinitionTemplate":0,"productDefinitionTemplateName":"Analysis/forecast at horizontal level/layer at a point in time","parameterCategory":0,"parameterCategoryName":"UnknownDiscipline_0_Category_0","parameterNumber":0,"parameterNumberName":"UnknownParameter_D0_C0_0","parameterUnit":"Unknown","genProcessType":2,"genProcessTypeName":"Forecast","forecastTime":120,"surface1Type":1,"surface1TypeName":"Ground or water surface","surface1Value":0.0,"surface2Type":255,"surface2TypeName":"Missing","surface2Value":0.0,"gridDefinitionTemplate":0,"gridDefinitionTemplateName":"Latitude_Longitude","numberPoints":615,"shape":6,"shapeName":"Earth spherical with radius of 6,371,229.0 m","gridUnits":"degrees","resolution":48,"winds":"true","scanMode":64,"nx":41,"ny":15,"basicAngle":0,"lo1":47.0,"la1":41.0,"lo2":87.0,"la2":55.0,"dx":1.0,"dy":1.0}, "data":
[rows 0 to 14 of 15, columns 0 to 40 of 41]
283.46722,279.96722,278.26724,282.46722,283.16724,283.66724,285.26724,292.16724,296.76724,298.66724,299.46722,300.36725,297.86725,297.76724,296.66724,295.26724,295.86725,293.66724,295.86725,291.56723,293.36725,291.06723,290.36725,285.06723,288.76724,290.06723,284.56723,270.56723,271.66724,267.56723,269.96722,274.06723,283.16724,288.66724,290.36725,290.26724,289.06723,288.66724,287.76724,287.26724,287.06723
269.76724,278.26724,281.76724,281.96722,282.56723,282.96722,287.26724,293.56723,295.26724,296.46722,298.36725,297.36725,298.26724,296.46722,296.36725,295.56723,296.06723,295.66724,293.66724,293.26724,292.66724,289.06723,285.06723,278.96722,259.06723,269.06723,279.76724,270.66724,276.06723,266.86725,273.56723,259.66724,273.06723,243.86723,260.26724,285.56723,282.66724,283.16724,286.36725,277.46722,280.86725
278.86725,280.76724,281.56723,282.06723,281.96722,285.06723,286.56723,289.96722,291.36725,295.16724,294.86725,296.16724,297.16724,296.16724,295.16724,295.56723,294.96722,293.46722,292.86725,292.76724,292.36725,290.76724,288.06723,281.76724,283.56723,283.26724,283.96722,283.76724,283.26724,276.46722,264.06723,269.26724,277.46722,276.56723,278.36725,277.56723,266.86725,266.36725,270.06723,266.06723,257.96722
280.56723,281.16724,280.36725,281.66724,282.36725,284.26724,285.56723,288.26724,291.26724,292.66724,293.56723,295.16724,285.56723,286.36725,294.96722,295.66724,293.96722,293.66724,293.66724,293.96722,290.86725,284.06723,288.36725,288.56723,288.76724,288.16724,287.16724,284.96722,282.46722,282.26724,282.56723,283.36725,288.46722,287.76724,285.26724,280.76724,268.56723,256.36725,270.26724,279.26724,282.96722
280.26724,281.66724,281.36725,282.06723,281.76724,282.56723,284.36725,284.96722,288.56723,290.66724,293.26724,292.16724,284.36725,283.96722,281.76724,292.66724,291.46722,290.96722,292.66724,290.66724,290.36725,289.86725,288.96722,287.96722,286.96722,286.36725,284.16724,281.56723,287.16724,286.16724,286.76724,282.66724,272.96722,256.26724,276.16724,283.26724,283.26724,285.56723,285.76724,285.56723,284.66724
279.66724,280.26724,282.06723,281.56723,280.66724,280.26724,283.76724,287.76724,286.56723,287.56723,289.46722,290.16724,283.06723,282.76724,283.36725,292.46722,291.96722,291.16724,291.36725,290.26724,289.36725,288.06723,287.56723,286.16724,285.26724,283.66724,283.36725,272.86725,286.06723,285.46722,283.96722,284.96722,284.76724,283.96722,281.76724,281.06723,275.26724,275.96722,284.46722,285.66724,285.16724
278.86725,279.76724,281.36725,281.66724,279.76724,281.86725,284.26724,285.96722,287.66724,287.16724,287.76724,289.56723,288.46722,289.16724,289.16724,293.56723,292.76724,291.86725,289.86725,288.76724,287.06723,287.46722,286.46722,285.56723,283.36725,283.56723,282.66724,283.66724,283.96722,284.56723,284.06723,283.76724,284.26724,283.96722,283.56723,281.96722,277.16724,275.16724,271.66724,273.06723,281.36725
278.86725,278.96722,280.26724,280.56723,280.76724,279.76724,281.46722,282.06723,284.06723,286.26724,285.86725,288.16724,289.06723,289.46722,290.46722,292.06723,291.36725,290.26724,288.56723,286.36725,284.06723,284.56723,284.46722,284.36725,281.86725,280.36725,281.06723,281.66724,280.36725,281.56723,280.26724,281.56723,279.86725,277.46722,278.16724,279.96722,281.96722,273.06723,280.76724,281.66724,278.26724
278.06723,277.86725,278.36725,278.06723,278.26724,277.76724,279.76724,280.76724,282.76724,284.56723,285.56723,285.46722,287.16724,288.76724,289.56723,289.46722,290.06723,290.16724,288.36725,286.56723,284.06723,282.36725,283.26724,283.26724,281.86725,281.16724,279.56723,279.16724,278.46722,277.56723,278.26724,278.16724,279.46722,278.76724,278.76724,276.66724,278.56723,277.66724,263.26724,267.16724,263.56723
278.66724,278.46722,278.06723,277.36725,277.56723,277.06723,278.26724,280.76724,283.26724,285.16724,286.16724,285.16724,286.56723,286.56723,287.86725,288.86725,289.56723,289.66724,288.76724,287.46722,284.76724,284.46722,283.56723,283.36725,282.86725,282.06723,282.86725,281.26724,279.66724,280.16724,280.96722,282.26724,281.96722,280.26724,277.76724,277.46722,277.06723,275.76724,271.86725,270.86725,268.46722
279.06723,277.16724,275.56723,274.86725,275.86725,276.26724,276.66724,277.76724,280.76724,283.46722,286.16724,285.66724,286.86725,285.76724,287.46722,289.06723,287.66724,288.36725,287.76724,285.46722,285.36725,283.96722,283.56723,283.56723,282.46722,282.96722,280.76724,283.06723,282.96722,284.06723,284.06723,283.86725,282.56723,281.26724,280.06723,277.56723,275.26724,273.86725,274.56723,272.96722,267.26724
277.56723,277.36725,275.66724,275.66724,274.36725,274.86725,274.86725,275.76724,277.66724,280.96722,283.16724,285.96722,285.76724,285.56723,286.06723,286.56723,289.06723,288.46722,288.06723,286.86725,284.36725,283.26724,282.66724,282.36725,281.56723,283.16724,283.36725,284.26724,284.46722,285.06723,284.86725,283.56723,282.66724,279.56723,278.76724,277.76724,277.36725,276.66724,276.26724,275.86725,275.26724
274.86725,275.16724,275.86725,275.86725,275.56723,275.06723,273.76724,274.56723,275.06723,276.46722,281.36725,283.76724,286.56723,286.66724,287.86725,288.86725,289.26724,288.56723,287.36725,286.66724,285.76724,284.06723,284.76724,283.46722,283.16724,283.46722,283.96722,284.06723,283.76724,284.26724,284.26724,283.66724,282.06723,281.26724,278.66724,276.66724,275.86725,277.26724,274.66724,273.96722,273.76724
274.66724,275.86725,273.26724,275.56723,275.66724,275.46722,274.16724,273.16724,273.36725,275.16724,278.86725,278.06723,278.76724,285.56723,286.36725,287.66724,288.76724,287.96722,288.06723,286.96722,285.96722,285.16724,284.26724,283.96722,283.76724,284.26724,283.36725,283.56723,281.86725,281.76724,282.76724,282.36725,280.86725,278.96722,277.86725,275.56723,274.66724,274.26724,273.56723,271.96722,273.16724
274.16724,275.96722,272.16724,275.46722,275.56723,275.76724,275.86725,274.36725,273.36725,273.16724,275.76724,275.96722,275.66724,276.16724,280.26724,284.96722,285.06723,286.36725,286.46722,286.26724,285.76724,284.76724,284.86725,283.66724,283.26724,282.66724,283.56723,283.46722,283.76724,282.96722,280.56723,278.06723,280.56723,278.16724,276.76724,275.46722,275.36725,274.86725,273.46722,272.66724,271.86725
