wind_kz.json
{"header": {"discipline":0,"disciplineName":"Meteorological products","gribEdition":2,"gribLength":1025,"center":7,"centerName":"US National Weather Service - NCEP(WMC)","subcenter":0,"refTime":"2023-09-11T00:00:00.000Z","significanceOfRT":1,"significanceOfRTName":"Start of forecast","productStatus":0,"productStatusName":"Operational products","productType":1,"productTypeName":"Forecast products","productDefinitionTemplate":0,"productDefinitionTemplateName":"Analysis/forecast at horizontal level/layer at a point in time","parameterCategory":2,"parameterCategoryName":"UnknownDiscipline_0_Category_2","parameterNumber":3,"parameterNumberName":"UnknownParameter_D0_C2_3","parameterUnit":"Unknown","genProcessType":2,"genProcessTypeName":"Forecast","forecastTime":60,"surface1Type":103,"surface1TypeName":"Specified height level above ground","surface1Value":10.0,"surface2Type":255,"surface2TypeName":"Missing","surface2Value":0.0,"gridDefinitionTemplate":0,"gridDefinitionTemplateName":"Latitude_Longitude","numberPoints":615,"shape":6,"shapeName":"Earth spherical with radius of 6,371,229.0 m","gridUnits":"degrees","resolution":48,"winds":"true","scanMode":64,"nx":41,"ny":15,"basicAngle":0,"lo1":47.0,"la1":41.0,"lo2":87.0,"la2":55.0,"dx":1.0,"dy":1.0}, "data":
[rows 0 to 14 of 15, columns 0 to 40 of 41]
3.9909961,1.830996,-1.3190039,-6.049004,-8.539004,-11.429004,-9.599004,2.020996,0.9409961,0.4909961,-0.8690039,-1.559004,-2.469004,-3.699004,-5.279004,-5.6590037,-6.669004,-5.229004,-6.599004,-5.379004,-5.129004,-6.299004,-6.189004,2.6809962,6.470996,3.050996,1.1309961,4.060996,-0.7890039,-3.979004,-3.359004,-1.7790039,-1.939004,3.590996,0.7209961,-2.5090039,-4.009004,0.8809961,1.570996,-0.12900391,4.730996
0.10099609,-2.8390038,-1.4090039,-2.679004,-5.7190037,-6.079004,-8.299004,-7.6590037,-9.499004,-4.739004,0.020996094,-2.889004,-4.189004,-4.769004,-6.279004,-5.989004,-5.809004,-5.359004,-5.439004,-5.609004,-5.6390038,-6.269004,-5.259004,-2.249004,2.350996,3.9709961,3.360996,1.6009961,2.4809961,0.5109961,-1.1090039,-2.2690039,-2.179004,0.020996094,1.6809961,-10.889004,-8.379004,-9.299004,-1.4090039,-3.429004,-1.1990039
-1.3990039,2.100996,-0.63900393,0.5809961,-0.9390039,-2.179004,-1.4990039,-3.169004,-5.4690037,-7.119004,-7.919004,-5.059004,-5.099004,-7.729004,-5.519004,-5.709004,-5.779004,-5.3890038,-4.849004,-5.259004,-5.419004,-5.479004,-2.359004,-0.4890039,-3.7890038,-3.429004,-3.149004,-4.359004,-3.379004,-1.8590039,-2.689004,-1.9090039,-3.3090038,-2.879004,-1.6190039,-1.669004,-2.419004,-4.209004,-0.7490039,0.7109961,1.2809961
4.0309963,4.0309963,0.5609961,3.100996,1.9009961,2.340996,4.000996,2.380996,3.310996,2.2109962,5.540996,0.6309961,-3.5990038,-5.149004,-7.489004,-7.1990037,-5.6990037,-5.589004,-5.9490037,-4.839004,-3.729004,-4.239004,-5.279004,-4.4690037,-3.939004,-3.2690039,-2.939004,-2.179004,-0.7890039,-3.229004,-0.8090039,-3.2590039,-4.749004,-5.489004,-2.149004,1.2509961,2.850996,3.010996,-0.9990039,-1.7790039,-3.0990038
5.240996,5.390996,2.9409962,-0.8090039,-5.1390038,1.080996,4.150996,5.200996,5.5909963,3.2209961,-1.8290039,1.7109962,-0.3690039,-4.729004,-6.259004,-6.4290037,-6.6990037,-5.989004,-5.489004,-4.329004,-3.479004,-3.609004,-2.5990038,-2.0090039,-1.7390039,-1.6490039,-1.0690039,-0.7690039,-1.8690039,-2.229004,-0.6690039,0.6509961,3.280996,2.2209961,-0.15900391,-0.1890039,0.7709961,-2.0490038,-1.169004,-1.0890039,0.7709961
4.520996,-0.029003907,4.7809963,3.500996,2.110996,-0.3990039,-2.0790038,3.050996,0.120996095,-0.4590039,-1.4890039,-2.2990038,1.2809961,-2.399004,-5.2190037,-6.539004,-7.1790037,-6.499004,-5.809004,-5.309004,-3.379004,-4.1790037,-5.079004,-4.989004,-5.6590037,-3.709004,-3.5990038,-5.1590037,0.15099609,0.3509961,-2.0690038,1.9109961,0.9109961,-0.4790039,-0.3690039,0.9909961,-1.0990039,-3.5190039,5.140996,3.330996,0.3709961
0.030996094,0.4009961,9.960937E-4,-0.2490039,5.640996,3.810996,3.510996,2.4109962,1.7509961,2.260996,1.4109961,0.21099609,-2.5890038,-4.049004,-4.739004,-5.4290037,-4.4490037,-4.529004,-4.979004,-5.479004,-3.5890038,-2.619004,-1.4690039,-2.2690039,-2.629004,-2.969004,-2.999004,-3.5190039,-3.5190039,-0.6090039,0.6409961,1.9209961,2.840996,3.620996,-0.3290039,-1.6390039,2.090996,2.9709961,0.4009961,-1.6990039,-0.6290039
-0.17900391,-1.5290039,3.260996,5.2809963,1.9009961,1.9709961,3.640996,3.120996,1.6709961,0.41099608,-1.3390039,-3.3490038,-2.7690039,-3.739004,-4.529004,-4.589004,-5.079004,-5.369004,-6.1390038,-6.649004,-6.729004,-5.569004,-6.1990037,-3.659004,-3.419004,-4.149004,-4.2190037,-5.399004,-1.9090039,0.7409961,1.2909961,1.1509961,1.3509961,5.240996,4.950996,3.750996,0.3909961,2.7209961,-0.7590039,-1.939004,0.3509961
3.780996,3.390996,1.6209961,2.6609962,2.570996,2.7209961,3.9609962,0.6609961,-1.3790039,-1.9890039,-2.949004,-1.549004,-1.5290039,-3.419004,-3.679004,-5.829004,-6.789004,-6.049004,-6.349004,-4.619004,-4.299004,-5.129004,-5.819004,-6.329004,-6.399004,-4.609004,-3.369004,-2.139004,-3.0490038,-0.6090039,-1.0390038,4.080996,3.9909961,-0.23900391,-1.3290039,-0.88900393,-1.9490039,0.9009961,2.750996,1.700996,2.340996
-2.0290039,1.570996,1.830996,1.5509961,1.0009961,3.090996,3.120996,0.3709961,-2.129004,-2.239004,0.3809961,0.23099609,-3.249004,-3.5690038,-3.669004,-4.869004,-5.779004,-5.529004,-3.5390038,-4.489004,-6.509004,-5.599004,-4.629004,-6.419004,-5.959004,-4.739004,-5.249004,-2.899004,-1.0190039,-2.5090039,2.550996,2.080996,3.270996,-3.2690039,0.23099609,2.4909961,3.860996,-2.399004,0.6309961,1.7809961,1.4609962
-4.299004,-2.8190038,2.590996,2.6709962,1.6109961,1.830996,1.6409961,-0.6890039,1.1309961,2.030996,-0.7090039,-2.7790039,-1.929004,-4.3890038,-4.8890038,-5.019004,-5.629004,-4.109004,-5.129004,-6.619004,-7.029004,-6.3890038,-5.959004,-4.529004,-3.979004,-3.619004,-4.009004,-3.5990038,-0.15900391,-2.159004,0.6209961,4.130996,5.520996,1.7109962,3.9309962,2.800996,1.6509961,1.8509961,2.890996,0.18099609,-1.0990039
3.9209962,2.030996,2.870996,2.2409961,1.4109961,-0.8490039,-1.8990039,1.3909961,2.6609962,-0.3690039,-1.5790039,-2.149004,-2.8190038,-3.5090039,-4.509004,-4.369004,-4.959004,-6.4690037,-5.229004,-6.579004,-5.729004,-6.4290037,-5.6790037,-4.319004,-4.439004,-6.1590037,-6.1990037,-6.1790037,-4.3890038,-4.359004,-3.0990038,-1.2890038,4.080996,2.870996,1.450996,9.960937E-4,-1.809004,0.18099609,1.6809961,-0.06900391,-0.6290039
-0.049003907,-0.9290039,0.7009961,-1.7390039,-0.82900393,0.3009961,2.120996,-0.5990039,1.5909961,0.5209961,-0.4090039,-0.8790039,-1.9890039,-3.369004,-4.089004,-3.249004,-3.739004,-3.119004,-3.189004,-2.199004,-1.8190039,-2.3290038,-3.0490038,-4.6990037,-3.5790038,-2.3390038,-5.129004,-5.369004,-5.189004,-3.3090038,-2.5690038,-2.879004,0.1309961,3.570996,4.0909963,2.9009962,2.820996,1.3809961,-1.9690039,-0.4390039,1.0409961
0.41099608,1.6309961,0.9009961,1.2109962,2.840996,2.9009962,1.2109962,1.1809961,1.7809961,2.550996,0.1609961,0.080996096,-1.3490039,-3.0790038,-3.0490038,-3.399004,-2.959004,-3.0390038,-4.039004,-5.1590037,-4.299004,-3.2590039,-3.239004,-3.5090039,-5.069004,-5.299004,-4.2190037,-3.449004,-4.549004,-5.269004,-1.2890038,-0.9990039,-0.3190039,0.4509961,-0.5290039,0.3509961,2.760996,1.1709961,0.1109961,-1.2790039,-1.679004
-1.2490039,0.28099608,-0.4890039,1.1609961,1.080996,-0.3990039,1.940996,2.260996,0.15099609,-0.9790039,-0.7190039,-1.9690039,-0.94900393,-1.559004,-3.2790039,-3.669004,-3.7690039,-3.7990038,-3.879004,-3.499004,-5.709004,-4.989004,-3.7990038,-4.4290037,-3.0490038,-3.199004,-3.7990038,-3.3190038,-3.5790038,-3.879004,-3.869004,-3.159004,-2.3290038,-1.5090039,-2.889004,-2.3190038,-3.359004,-1.919004,-0.5490039,0.3509961,-0.9190039
