wind_kz.json
{"header": {"discipline":0,"disciplineName":"Meteorological products","gribEdition":2,"gribLength":1025,"center":7,"centerName":"US National Weather Service - NCEP(WMC)","subcenter":0,"refTime":"2024-01-31T12:00:00.000Z","significanceOfRT":1,"significanceOfRTName":"Start of forecast","productStatus":0,"productStatusName":"Operational products","productType":1,"productTypeName":"Forecast products","productDefinitionTemplate":0,"productDefinitionTemplateName":"Analysis/forecast at horizontal level/layer at a point in time","parameterCategory":2,"parameterCategoryName":"UnknownDiscipline_0_Category_2","parameterNumber":2,"parameterNumberName":"UnknownParameter_D0_C2_2","parameterUnit":"Unknown","genProcessType":2,"genProcessTypeName":"Forecast","forecastTime":180,"surface1Type":103,"surface1TypeName":"Specified height level above ground","surface1Value":10.0,"surface2Type":255,"surface2TypeName":"Missing","surface2Value":0.0,"gridDefinitionTemplate":0,"gridDefinitionTemplateName":"Latitude_Longitude","numberPoints":615,"shape":6,"shapeName":"Earth spherical with radius of 6,371,229.0 m","gridUnits":"degrees","resolution":48,"winds":"true","scanMode":64,"nx":41,"ny":15,"basicAngle":0,"lo1":47.0,"la1":41.0,"lo2":87.0,"la2":55.0,"dx":1.0,"dy":1.0}, "data":
[rows 0 to 14 of 15, columns 0 to 40 of 41]
4.4766626,-1.8433374,3.6266625,9.056663,10.026663,11.906663,1.8666626,-2.3233373,-1.0833374,-1.4633374,1.5066626,-0.31333742,-0.6233374,-0.6733374,-0.4233374,-0.8433374,-2.0433373,0.5966626,-0.0633374,-1.2333374,-3.6733375,-2.6533375,-2.6033373,-3.5733373,-1.0033374,-1.5133374,-3.4233375,-0.1033374,1.0266626,1.5666625,-1.3133374,2.8366625,-0.4633374,0.5066626,1.6566626,2.3066626,2.9466627,2.7366626,2.7466626,2.7766626,2.1566627
3.3066626,-0.5333374,4.8866625,-2.0833373,-2.8333373,-7.0733376,-2.5333374,-0.5933374,1.2866626,2.3866625,1.7166626,1.7366626,1.5466626,-0.7433374,1.5566626,0.3166626,0.79666257,0.2166626,-0.8333374,-0.053337403,-1.1733375,-1.5133374,-1.2833374,-4.0533376,0.1166626,1.1466626,-0.9833374,1.9866626,-2.7933373,-1.5633374,0.4966626,-1.1833375,2.7466626,-3.1933374,0.3366626,0.5066626,0.1466626,0.8066626,-1.1133374,2.1366625,0.1566626
0.3966626,2.6266625,-0.8033374,-0.6933374,-1.8533374,-3.2433374,-1.6333374,3.1366625,1.7466626,0.8866626,3.7666626,3.7566626,3.0566626,2.8966627,1.6566626,1.5466626,2.7366626,4.1766624,3.7666626,0.4966626,0.43666258,0.2566626,1.2466626,4.4666624,-1.8333374,-2.1933374,-2.6733375,-2.1733375,-1.8233374,-1.0633374,-1.6133374,2.4266627,0.5166626,0.4166626,0.5566626,-0.8433374,0.40666258,0.5066626,0.1066626,1.2966626,0.5866626
2.8966627,0.8466626,-1.5233374,-0.16333741,0.2566626,1.2266626,2.6466627,3.1066625,4.816663,4.7366624,3.7966626,3.2366626,6.2466626,7.276663,4.9766626,4.6866627,5.3866625,5.8666625,3.1466627,1.0066626,-0.9333374,2.6866627,-2.8533373,3.1866627,-0.8233374,-1.3833374,-1.7633374,0.0866626,-0.4333374,0.7266626,-1.2433374,-0.8833374,2.1766627,-2.9933374,-1.8433374,-0.8833374,-1.6733375,1.7466626,2.0166626,0.1466626,1.3666626
3.0266626,3.5666625,4.2866626,2.5366626,2.2066627,3.0866625,3.8366625,3.6166625,5.1166625,4.1866627,5.4066625,7.6766624,6.7866626,7.6366625,8.986663,5.2466626,4.4566627,6.1566625,4.7066627,3.2966626,4.9866624,4.1966624,0.5766626,0.7666626,1.4166626,-1.7033374,-0.3833374,0.1266626,1.1466626,2.4066627,2.2866626,-0.4833374,-1.4633374,1.2166626,3.3466625,-0.1733374,-0.053337403,-1.5833374,-0.4033374,-0.4233374,-0.8733374
3.2266626,3.4666626,2.2666626,3.1066625,2.6866627,3.8866625,6.3566628,8.6366625,8.496662,8.966662,8.356663,7.2666626,8.906663,10.696663,7.2866626,7.9766626,6.7866626,6.9766626,7.1866627,5.3066626,5.1666627,5.046663,2.6666627,0.4266626,-0.5433374,0.0466626,1.4166626,0.6866626,2.0966625,2.2166626,3.4066627,2.4866626,4.6966624,1.3466626,1.8466626,-2.8933375,2.3566625,-0.3633374,1.0566626,-0.7733374,-1.6633373
5.0766625,5.2666626,6.9766626,8.1366625,7.7066627,7.0966625,6.0566626,7.6466627,8.676662,8.286663,8.276663,10.366663,10.256662,10.566663,11.156663,8.566663,7.9866624,7.9966626,6.1566625,5.2666626,4.6566625,6.3966627,4.1766624,2.7366626,2.1466627,2.2066627,3.2866626,0.5266626,1.8066626,3.0066626,2.8566625,2.2166626,1.6966625,-2.5033374,-2.2533374,-0.1433374,-0.023337401,3.4466627,-1.1333374,1.9666626,1.1766626
7.0166626,7.7366624,8.536663,9.036663,9.716662,10.1366625,9.786663,8.506662,8.976663,9.526663,9.556663,10.8866625,11.926662,11.416662,10.496662,10.286663,8.826663,8.526663,6.7066627,6.3066626,6.2066627,5.046663,5.3666625,3.7666626,4.0966625,4.2566624,5.9766626,-0.9833374,3.1566627,2.6166625,4.1466627,7.7366624,-2.3033373,1.5566626,1.4566627,0.4566626,0.40666258,-0.6433374,-6.413337,-7.1533375,-3.0533373
8.696663,9.126662,10.216662,10.396663,10.466662,10.656663,10.576663,10.3866625,10.276663,10.316663,10.6366625,10.836662,12.546662,11.0966625,10.486663,10.826663,11.236663,9.116663,7.7066627,7.4266624,7.8766627,6.046663,4.4266624,4.086663,4.6666627,4.296663,4.8466625,2.3666625,3.0566626,0.3066626,4.1166625,6.5366626,9.106663,3.1266625,-2.2633374,-4.2933373,0.7566626,-1.1433374,-1.3433374,0.6766626,-1.9333375
8.166662,9.196663,10.046662,10.586662,10.966662,10.356663,10.856663,10.866663,11.016663,10.996662,11.586662,11.696663,12.006662,10.556663,10.766663,10.906663,10.476663,10.536663,8.456662,7.4366627,8.716662,7.316663,4.5066624,3.9866626,3.6166625,3.9766626,5.2466626,4.8566628,4.0366626,4.9466624,4.5166626,5.066663,4.7066627,3.2166626,-1.9133373,-1.2633374,-3.3133373,-0.8333374,-1.0533375,0.3966626,-1.9633374
8.456662,9.406663,9.816663,10.436663,10.146663,10.456662,10.856663,11.656663,11.306663,12.016663,12.166662,12.246662,10.466662,10.776663,10.296662,10.176662,9.666662,9.446663,8.516663,7.3966627,7.9966626,6.4166627,3.4566627,3.1266625,2.8066626,3.4966626,5.6366625,4.9366627,6.1866627,2.7066627,5.1566625,3.7466626,2.2366626,0.2466626,-1.1033374,-1.1533374,-1.5433373,0.8566626,-1.4633374,1.0866627,-1.7833374
9.106663,8.906663,9.786663,9.986663,10.516663,10.446663,10.496662,10.866663,10.106663,9.996662,10.3866625,12.366663,9.706662,9.936663,9.406663,8.466662,8.8466625,10.516663,8.906663,7.5966625,5.7866626,4.7166624,2.2566626,1.8866626,2.3166625,1.9166626,3.4166627,3.7966626,4.1566625,3.6566627,3.3866625,2.4266627,1.7766626,0.7766626,0.7266626,2.2566626,-0.3233374,0.1066626,0.2466626,-0.8933374,-0.8933374
7.6066628,8.936663,8.806663,9.046662,9.276663,8.476663,10.956662,11.186663,13.0966625,9.026663,6.1566625,8.266663,6.4666624,7.9966626,6.7866626,7.6766624,8.206662,8.726663,8.256662,7.7666626,3.4166627,2.4066627,1.7766626,0.5266626,1.1366626,0.9166626,1.4866626,1.6866626,2.2966626,3.3966627,3.0066626,2.1466627,0.4966626,0.4966626,0.3766626,0.3566626,0.6466626,0.3166626,-2.0133374,-1.8333374,-1.4033374
8.236663,8.766663,9.536663,9.356663,9.156663,10.336662,10.876662,10.026663,9.036663,7.9466624,4.566663,4.836663,5.276663,5.086663,5.316663,5.836663,6.6866627,6.8866625,4.6266627,3.5066626,1.3066626,1.5566626,0.4866626,-0.9733374,-1.3633374,-1.0533375,-0.3733374,1.3866626,2.4866626,1.5366626,0.5266626,-0.4933374,-0.7433374,-0.7333374,-0.8533374,-1.9433374,-1.9233375,-1.7433374,-1.9533374,-0.9733374,-0.7833374
6.0066624,7.2566624,9.246662,7.7466626,8.336662,7.2666626,6.9566627,5.526663,4.816663,3.5866625,2.2866626,5.5166626,2.8666625,1.0966626,4.2566624,5.3866625,5.336663,5.4666624,1.9266626,1.0866627,-0.6233374,-2.2733374,-3.7233374,-3.0033374,-2.5833373,-0.6833374,-0.2833374,0.1966626,-0.3333374,-0.6333374,-1.7733374,-1.9533374,-1.7433374,-1.6233374,-1.1733375,-1.7233374,-2.1533375,-1.0133374,-2.2433374,-2.0433373,-1.7233374
