wind_kz.json
{"header": {"discipline":0,"disciplineName":"Meteorological products","gribEdition":2,"gribLength":1025,"center":7,"centerName":"US National Weather Service - NCEP(WMC)","subcenter":0,"refTime":"2023-09-23T00:00:00.000Z","significanceOfRT":1,"significanceOfRTName":"Start of forecast","productStatus":0,"productStatusName":"Operational products","productType":1,"productTypeName":"Forecast products","productDefinitionTemplate":0,"productDefinitionTemplateName":"Analysis/forecast at horizontal level/layer at a point in time","parameterCategory":2,"parameterCategoryName":"UnknownDiscipline_0_Category_2","parameterNumber":2,"parameterNumberName":"UnknownParameter_D0_C2_2","parameterUnit":"Unknown","genProcessType":2,"genProcessTypeName":"Forecast","forecastTime":240,"surface1Type":103,"surface1TypeName":"Specified height level above ground","surface1Value":10.0,"surface2Type":255,"surface2TypeName":"Missing","surface2Value":0.0,"gridDefinitionTemplate":0,"gridDefinitionTemplateName":"Latitude_Longitude","numberPoints":615,"shape":6,"shapeName":"Earth spherical with radius of 6,371,229.0 m","gridUnits":"degrees","resolution":48,"winds":"true","scanMode":64,"nx":41,"ny":15,"basicAngle":0,"lo1":47.0,"la1":41.0,"lo2":87.0,"la2":55.0,"dx":1.0,"dy":1.0}, "data":
[rows 0 to 14 of 15, columns 0 to 40 of 41]
-0.70725524,-0.87725526,0.50274473,-0.6772553,-1.5272553,-4.7272553,-5.507255,-7.567255,-8.827255,-4.677255,-5.257255,-5.097255,-5.3372555,-4.867255,-4.2072554,-4.0772552,-2.8572552,-2.4872553,-4.067255,-3.8072553,-2.7872553,-0.09725525,-0.51725525,-2.2972553,-0.48725525,-1.8072553,-2.3072553,0.11274475,1.0427448,0.22274475,-0.10725525,1.2327447,1.5327448,1.3127447,-2.8772552,-3.7272553,-0.09725525,-1.0072552,-3.2672553,1.9327447,1.7727448
1.6227448,1.3027447,1.0627447,-0.10725525,-3.7372553,-7.487255,-5.027255,-8.957255,-5.7072554,-5.067255,-4.6672554,-5.2272553,-4.8572555,-3.6372552,-2.8472552,-3.5972552,-2.9272552,-3.3872552,-2.3572552,-2.8172553,-2.6972551,-1.6872553,-1.2072552,-3.0272553,-0.76725525,0.45274475,-0.7372553,2.3027449,-2.4072552,-1.6572553,0.31274474,-0.05725525,0.81274474,-1.6672553,-0.12725525,0.36274475,-0.7872552,0.66274476,-1.0872552,1.1027447,-2.2272553
1.3927448,0.75274473,1.1527448,-4.407255,-8.267255,-8.357255,-8.367255,-3.7772553,-6.467255,-5.387255,-4.8772554,-4.5372553,-4.3972554,-3.7072554,-3.0072553,-2.9272552,-3.0872552,-3.4572554,-3.2772553,-3.2872553,-3.3272552,-2.9972553,-2.8172553,-3.9272552,0.19274475,-3.0072553,-0.31725526,1.5927447,-1.2472552,-0.7872552,-1.7872553,2.6827447,0.22274475,0.002744751,0.8827447,0.27274475,-0.18725525,-0.22725525,1.5127448,0.7127448,1.0327448
-1.6272552,-5.617255,-8.447255,-9.2972555,-7.757255,-7.447255,-3.7872553,-6.257255,-6.1472554,-4.847255,-4.3272552,-4.9172554,-3.6972551,-4.2872553,-2.4972553,-3.0572553,-2.8272552,-2.6772552,-3.6172552,-3.2372553,-2.4472551,-2.0172553,-2.5672553,-2.5072553,-2.0672553,-1.7172552,-2.3372552,-3.9672554,-1.8772552,-0.71725523,0.93274474,-1.2472552,-1.0772552,-0.39725524,-2.2372553,-1.5072552,-0.35725525,1.6727448,-0.44725525,1.2527448,2.7427447
-3.1572552,-6.7872553,-7.8772554,-7.487255,-6.5872555,-5.7472553,-5.657255,-4.677255,-4.347255,-3.8472552,-3.8372552,-3.9672554,-2.8872552,-3.4372551,-3.9572554,-3.3072553,-4.0172553,-3.5472553,-2.8072553,-2.5072553,-3.7872553,-3.5672553,-2.5972552,-1.7672553,-3.2872553,-2.4272552,-3.3472552,-2.4172552,-2.8672552,-2.1772552,-1.8872552,-1.5672553,-1.9972552,1.6227448,0.5827448,-1.9272553,3.3627448,-2.6072552,0.5227448,2.2727447,1.6627448
-3.8672552,-4.007255,-6.867255,-7.257255,-7.7472553,-6.8572555,-4.6872554,-4.177255,-3.6272552,-3.6372552,-3.5572553,-4.0572553,-4.097255,-4.427255,-3.6972551,-2.2772553,-2.4872553,-2.5372553,-1.6272552,-1.8472552,-2.6172552,-1.9172553,-2.1072552,-2.0072553,-0.7372553,-1.9672552,-0.44725525,0.56274474,0.84274477,-0.84725523,-3.3272552,1.7027447,-1.1572553,-1.5272553,1.0727447,-0.42725524,1.7027447,3.1327448,9.732745,0.122744754,-5.6672554
-4.0572553,-4.387255,-4.5872555,-4.637255,-5.1072555,-4.3372555,-4.4572554,-3.8072553,-3.6572552,-3.1472552,-3.0272553,-3.9372551,-3.5872552,-3.0672553,-2.5372553,-2.3572552,-2.2572553,-2.3472552,-2.7472553,-4.047255,-2.8872552,-1.7472552,0.7127448,1.5527447,0.09274475,-1.5672553,0.93274474,1.5827447,1.3427447,1.0227448,0.27274475,-1.3872552,-1.3472552,-0.34725526,0.53274477,-1.0272553,-0.5472553,-1.1572553,1.8627448,-1.1072552,1.3627448
-3.4172552,-3.6672552,-3.8772552,-3.6372552,-3.7572553,-3.5872552,-3.2172554,-3.1672552,-2.8072553,-3.1672552,-2.5672553,-2.9772553,-2.3872552,-2.4572554,-1.8372552,-1.9072553,-1.8872552,-2.1072552,-0.90725523,-3.4672554,-2.6272552,-2.7672553,-2.1672552,-2.4472551,0.36274475,0.81274474,1.0827447,0.42274475,1.8327447,0.11274475,1.2427448,-1.9772552,-0.5472553,-0.40725526,-0.7872552,1.4827447,2.8127449,4.182745,3.8427448,5.2927446,1.9927448
-2.3272552,-2.4972553,-2.7472553,-2.6172552,-2.1572552,-2.1572552,-2.1272552,-2.3572552,-2.3072553,-1.5772552,-1.1672553,-1.4772552,-0.71725523,-1.1172552,-1.8972553,-1.9872552,-2.2372553,-2.2472553,-2.4472551,-1.6572553,-2.7072554,-1.3072553,-1.7072552,-1.5872552,-1.2772553,-0.58725524,0.002744751,-0.62725526,0.7727448,0.5227448,-0.09725525,0.72274476,1.0127448,0.34274474,1.3427447,1.3727448,0.042744752,-2.4072552,-1.0472553,-0.47725525,-0.63725525
-1.5272553,-1.6172552,-2.0572553,-1.6172552,-1.9472553,-1.1072552,-1.4572552,-1.1572553,-0.9272553,-1.0672553,-0.84725523,-0.37725526,-0.047255248,-0.43725526,-1.2272552,-1.7172552,-2.3472552,-1.9572552,-2.1772552,-2.5672553,-2.2672553,-1.0372553,-0.90725523,-1.0372553,-1.1972553,-0.59725523,-0.50725526,0.19274475,0.48274475,1.1727448,0.93274474,1.2127447,0.81274474,1.1027447,0.37274474,-0.88725525,-0.6072552,-0.5472553,0.66274476,0.5827448,0.46274474
-2.1272552,-1.1672553,-1.2272552,-0.99725527,-0.9872553,-1.1172552,-0.70725524,-1.2872553,-1.7972553,-2.2772553,-0.99725527,0.07274475,0.02274475,0.37274474,-0.37725526,-0.77725524,-1.2672553,-1.3472552,-2.2272553,-2.1772552,-1.4372553,-0.48725525,-0.37725526,0.02274475,0.11274475,0.40274474,0.98274475,1.3527447,1.9527447,2.7627447,2.8627448,2.1527448,1.9427447,1.3027447,1.7927448,-1.1272552,-1.0372553,0.5127447,-0.12725525,-0.33725524,-0.16725525
-1.4472553,-1.1072552,-0.8572552,-0.99725527,-0.58725524,-1.2072552,-0.93725526,-1.3672552,-1.0772552,-1.8872552,-1.2472552,0.47274476,0.06274475,0.43274474,1.4027448,0.97274476,0.92274475,-0.23725525,-1.5172553,-0.44725525,-0.6672552,0.14274475,-0.10725525,-0.09725525,0.91274476,1.4327447,1.6927447,2.7427447,3.0827448,2.4427447,2.1727448,2.2327447,1.3027447,0.59274477,0.87274474,0.92274475,0.33274475,-0.11725525,0.09274475,-0.19725525,0.26274475
0.08274475,0.11274475,0.53274477,-0.027255248,0.122744754,-0.6672552,-0.7372553,-0.41725525,-0.8672553,-1.2172552,-0.96725523,0.24274474,0.47274476,1.9527447,1.9227448,1.6927447,1.2327447,1.4327447,0.74274474,1.2527448,0.87274474,0.91274476,1.4227448,1.3027447,2.7127447,2.8627448,3.3127449,3.1527448,2.7527447,2.8027449,2.7327447,2.5027447,1.7027447,1.1727448,1.7627448,1.7227447,0.23274475,-0.42725524,-0.16725525,0.13274474,-0.14725524
0.7127448,0.37274474,0.122744754,0.20274475,-0.56725526,-0.16725525,0.03274475,-0.50725526,0.02274475,-0.17725524,-1.1572553,-0.48725525,0.84274477,1.1627448,0.86274475,0.90274477,1.2727448,1.5627447,1.0627447,2.2127447,2.4127448,2.6927447,3.2427447,3.3427448,3.3927448,3.1027448,2.8827448,3.1327448,2.8527448,2.9827447,2.8927448,2.7527447,2.1027448,1.8527447,1.4427447,0.74274474,-0.047255248,0.23274475,-0.27725524,0.67274475,0.75274473
-0.10725525,1.0727447,0.87274474,0.24274474,0.69274473,0.54274476,0.42274475,0.002744751,0.47274476,-1.1272552,-1.1672553,-0.77725524,0.13274474,0.7727448,0.92274475,0.91274476,0.93274474,1.3027447,1.0927447,2.3627448,2.5727448,2.9027448,2.9127448,3.1827447,3.2627447,3.0927448,3.2227447,3.2627447,3.2027447,3.1827447,3.2327447,3.0927448,2.4227448,2.0927448,1.9127448,2.2027447,0.6427448,1.4627447,1.3327447,1.0527447,-0.74725527
