wind_kz.json
{"header": {"discipline":0,"disciplineName":"Meteorological products","gribEdition":2,"gribLength":1102,"center":7,"centerName":"US National Weather Service - NCEP(WMC)","subcenter":0,"refTime":"2023-09-09T12:00:00.000Z","significanceOfRT":1,"significanceOfRTName":"Start of forecast","productStatus":0,"productStatusName":"Operational products","productType":1,"productTypeName":"Forecast products","productDefinitionTemplate":0,"productDefinitionTemplateName":"Analysis/forecast at horizontal level/layer at a point in time","parameterCategory":2,"parameterCategoryName":"UnknownDiscipline_0_Category_2","parameterNumber":2,"parameterNumberName":"UnknownParameter_D0_C2_2","parameterUnit":"Unknown","genProcessType":2,"genProcessTypeName":"Forecast","forecastTime":60,"surface1Type":103,"surface1TypeName":"Specified height level above ground","surface1Value":10.0,"surface2Type":255,"surface2TypeName":"Missing","surface2Value":0.0,"gridDefinitionTemplate":0,"gridDefinitionTemplateName":"Latitude_Longitude","numberPoints":615,"shape":6,"shapeName":"Earth spherical with radius of 6,371,229.0 m","gridUnits":"degrees","resolution":48,"winds":"true","scanMode":64,"nx":41,"ny":15,"basicAngle":0,"lo1":47.0,"la1":41.0,"lo2":87.0,"la2":55.0,"dx":1.0,"dy":1.0}, "data":
[rows 0 to 14 of 15, columns 0 to 40 of 41]
0.0681012,0.7081012,-0.87189883,-4.001899,-2.8918989,-2.3318987,-2.5618987,0.038101196,-1.7818989,-1.7318988,-1.9118989,-2.2718987,-2.0418987,-2.5518987,-2.3018987,-2.7518988,-2.361899,-2.4918988,-3.9318988,-2.9218988,-0.6718988,0.13810119,1.2081012,0.1581012,0.8881012,-2.0318987,-1.3318988,0.8981012,1.3381011,1.2981012,-1.3818988,-0.8818988,0.08810119,1.0881011,-4.3318987,-3.5518987,-2.7818987,-1.7718987,-1.4018989,-2.0418987,-3.111899
1.3281012,0.24810119,-3.8918989,-0.9618988,-0.4218988,-0.061898805,-0.1118988,-0.2118988,-0.2518988,-0.1118988,-1.7318988,-1.0218987,1.1681012,0.62810117,1.5881011,0.058101196,-1.2918988,-2.2418988,-1.0718988,-1.3418988,-0.3518988,0.3081012,-0.1618988,-0.8018988,1.7881012,0.9781012,0.42810118,1.8781012,0.5281012,-0.101898804,0.2381012,-0.5018988,0.2281012,-2.2818987,0.3781012,0.1481012,-0.8118988,0.7781012,-1.8818988,1.4981012,-0.5018988
-0.0718988,-1.3218988,1.1281012,1.7381012,0.4081012,-0.4918988,0.1981012,-0.9618988,-2.8318987,-0.3818988,0.08810119,-0.2718988,-0.5318988,0.4381012,1.3681012,2.648101,2.658101,0.5281012,1.8781012,1.7781012,1.8081012,1.8481011,1.5781012,2.1681013,-1.3118988,1.9181012,2.388101,2.0281012,3.6781013,-1.1218988,-0.22189881,1.6781012,-0.5118988,0.9581012,0.1481012,-0.4318988,-0.9818988,0.2081012,-1.1218988,0.9481012,1.8281012
0.008101196,0.87810117,1.5181012,2.408101,0.6381012,1.1081012,-0.041898802,0.9881012,2.0881011,0.9781012,1.4381012,2.9481013,4.678101,3.888101,3.2281013,2.7181013,3.128101,2.8081012,3.3281012,3.4381013,2.638101,0.8681012,3.3381011,4.388101,4.488101,5.018101,5.5881014,3.7081013,8.008101,4.448101,2.4981012,1.2881012,8.258101,4.268101,0.6781012,0.5081012,-1.8018988,0.3881012,2.1781013,1.0381012,0.3981012
2.878101,6.1481013,5.658101,4.618101,4.8381014,3.3581011,3.5281012,3.5781012,3.6081011,3.628101,4.2981014,4.658101,7.4381013,7.138101,6.118101,3.7781012,3.9481013,4.868101,3.5281012,4.248101,4.928101,4.5681014,3.6681013,4.498101,6.558101,7.038101,7.2981014,7.408101,7.868101,6.158101,7.078101,2.6181011,1.3281012,-0.62189883,2.5381012,0.45810118,1.0481012,-0.4218988,0.5581012,-1.8818988,-3.3018987
3.378101,3.128101,5.868101,5.0481014,6.578101,5.238101,4.5681014,4.058101,3.2281013,4.6881013,4.8181014,5.788101,7.4181013,9.138102,8.198101,3.9281013,5.058101,5.6481013,6.178101,7.1281013,7.308101,5.788101,5.698101,4.518101,5.6081014,8.2181015,8.648101,10.988101,8.358101,7.1081014,6.0881014,5.4581013,7.268101,4.8381014,4.0881014,4.258101,7.768101,3.1781013,2.5181012,-2.371899,-2.0418987
2.2781012,2.8081012,2.9981012,2.2181013,1.9381012,1.9581012,3.2381012,2.9381013,3.4481013,4.268101,4.2081013,4.098101,4.448101,4.7981014,5.1081014,6.058101,6.118101,5.928101,5.538101,6.7281013,7.558101,7.528101,6.928101,7.008101,7.518101,8.028101,9.238101,7.758101,5.8581014,6.788101,7.7981014,9.138102,9.868101,9.148101,3.6181011,5.758101,-0.7318988,-0.0718988,4.348101,2.7481012,0.3981012
2.2981012,1.0281012,0.9181012,2.7881012,3.2581012,2.9881012,3.128101,3.2781012,3.158101,2.7881012,3.908101,3.4681013,2.9181013,2.7181013,-0.9018988,0.08810119,2.4281013,3.5081012,4.2081013,5.7981014,8.428102,8.638102,9.2181015,9.278101,9.458101,9.098102,8.388102,6.928101,7.868101,7.908101,8.118101,8.388102,6.748101,6.278101,4.2281013,9.988101,9.248101,-3.6718988,0.2681012,-3.3318987,-3.1418989
1.0881011,2.5781012,3.0581012,3.2981012,2.9181013,2.8681011,4.098101,2.8581011,3.388101,3.5581012,4.158101,2.9981012,1.9681011,1.4281012,3.2881012,3.6081011,4.968101,5.3781013,6.468101,7.9581013,10.558101,12.968101,11.7481,10.988101,11.0781,10.198101,8.588101,9.668101,7.2981014,7.038101,7.888101,7.9781013,9.568101,9.608101,7.6281013,1.5881011,-1.7518988,-2.2918987,-0.4718988,-0.1518988,-1.4718988
0.2581012,-1.3118988,0.2781012,0.3381012,0.4781012,0.7381012,1.8281012,2.4681013,3.4381013,1.7281013,1.4881012,-0.5618988,1.8381011,3.378101,3.9681013,5.8581014,6.2281013,7.018101,8.098102,9.648101,12.738101,14.638101,14.608101,12.2081,9.478101,8.978101,8.198101,7.508101,7.4381013,9.068101,10.108101,9.088101,8.828101,11.7881,0.3981012,-0.3618988,-3.1918988,-0.6618988,1.9881012,-0.5918988,-1.5418988
1.4081012,-0.7918988,0.8481012,0.7481012,1.2881012,1.9481012,1.8081012,0.9781012,1.3481011,-2.4718988,-1.5118988,1.2281013,2.908101,3.7081013,4.598101,6.0481014,6.018101,7.8581014,7.638101,8.828101,9.508101,6.468101,5.3981013,4.4581013,6.5881014,6.058101,6.4381013,7.1281013,8.058102,7.7981014,8.668101,10.028101,10.948101,5.038101,-1.3718988,-2.851899,-1.8718988,-0.2018988,-0.9618988,0.2881012,-1.8818988
0.1481012,-0.101898804,-1.7718987,-1.3918988,0.4181012,-0.6918988,-1.4418988,-2.8318987,-2.1618989,-1.0818988,-0.2018988,1.4381012,1.0681012,3.3281012,4.758101,5.1081014,5.7281013,2.9681013,2.408101,2.8381011,1.7281013,0.4081012,0.028101197,-0.3118988,0.3881012,3.5681012,3.4681013,5.7981014,7.718101,7.8781013,7.808101,6.178101,1.7681012,-3.621899,-0.5118988,-1.5018988,-1.5718988,-1.2918988,-0.62189883,-0.7818988,-1.4818988
-0.87189883,-1.0418988,-0.6118988,-1.3618988,-1.0518988,-2.371899,-2.7518988,-3.0118988,-2.4918988,0.08810119,0.4781012,1.3681012,3.8281012,5.0681014,3.2381012,-0.22189881,-0.1218988,-0.5218988,-0.8818988,-1.0718988,-1.3618988,-2.341899,-2.7318988,-3.3818989,-4.6618986,-4.531899,-4.091899,-3.7718987,-1.2818989,-1.3418988,0.078101195,-1.2218988,-1.7518988,-3.6818988,-3.0218987,-4.361899,-3.7018988,-2.091899,-3.5218987,-2.8318987,-1.9918988
-0.9718988,-0.4318988,-1.9818988,-2.0818987,-2.4918988,-2.5818987,-2.0118988,-1.9718988,0.7781012,-0.1718988,1.1681012,0.81810117,0.3481012,-2.861899,-1.5918988,-1.3718988,-2.2018988,-2.1918988,-2.2018988,-3.3918989,-4.231899,-4.0818987,-5.071899,-5.8718987,-5.4118986,-5.251899,-4.1218987,-4.651899,-3.3118987,-7.091899,-7.2718987,-9.101899,-9.381899,-6.221899,-5.0418987,-6.6818986,-4.3118987,-3.4418988,-3.2718987,-2.4718988,-2.1918988
-1.0618988,-1.9118989,-4.6018987,-2.621899,-2.5018988,-1.7718987,-0.7418988,-0.8818988,-1.0118988,-0.2418988,-0.5818988,-1.3618988,-0.0818988,-1.4318988,-1.7118988,-2.3218987,-2.7518988,-2.1718988,-2.6318989,-3.5618987,-4.3918986,-5.0418987,-5.1018987,-5.4118986,-6.091899,-6.3318987,-6.421899,-5.2018986,-4.321899,-7.691899,-9.271899,-10.221899,-9.061899,-4.7718987,-5.7018986,-5.3918986,-3.851899,-4.471899,-3.351899,-2.9618988,-1.2518988
