wind_kz.json
{"header": {"discipline":0,"disciplineName":"Meteorological products","gribEdition":2,"gribLength":1025,"center":7,"centerName":"US National Weather Service - NCEP(WMC)","subcenter":0,"refTime":"2023-09-21T12:00:00.000Z","significanceOfRT":1,"significanceOfRTName":"Start of forecast","productStatus":0,"productStatusName":"Operational products","productType":1,"productTypeName":"Forecast products","productDefinitionTemplate":0,"productDefinitionTemplateName":"Analysis/forecast at horizontal level/layer at a point in time","parameterCategory":2,"parameterCategoryName":"UnknownDiscipline_0_Category_2","parameterNumber":3,"parameterNumberName":"UnknownParameter_D0_C2_3","parameterUnit":"Unknown","genProcessType":2,"genProcessTypeName":"Forecast","forecastTime":120,"surface1Type":103,"surface1TypeName":"Specified height level above ground","surface1Value":10.0,"surface2Type":255,"surface2TypeName":"Missing","surface2Value":0.0,"gridDefinitionTemplate":0,"gridDefinitionTemplateName":"Latitude_Longitude","numberPoints":615,"shape":6,"shapeName":"Earth spherical with radius of 6,371,229.0 m","gridUnits":"degrees","resolution":48,"winds":"true","scanMode":64,"nx":41,"ny":15,"basicAngle":0,"lo1":47.0,"la1":41.0,"lo2":87.0,"la2":55.0,"dx":1.0,"dy":1.0}, "data":
[rows 0 to 14 of 15, columns 0 to 40 of 41]
-3.3204224,0.85957766,-1.7204224,-3.4504223,-3.7704225,-5.050422,-3.7904224,-2.0904224,-1.8504224,-2.7604225,-4.860422,-4.8804226,-4.6204224,-3.8004224,-2.8204224,-2.5204225,-2.0004225,-0.99042237,-2.7704225,-2.0804224,-2.7104223,-2.9904222,-3.6104224,-0.12042236,2.8195777,1.2995776,0.97957766,-0.020422364,-0.95042235,-0.9804224,2.7195776,2.6495776,0.42957765,2.8195777,0.56957763,-1.6404223,-1.6304224,-1.8104224,-1.1404223,3.1095777,-0.46042237
-0.89042234,1.4595777,0.87957764,-1.8404224,-4.1204224,-6.320422,-4.030422,-2.4004223,-1.3704224,-2.7504225,-5.280422,-5.610422,-4.4004226,-4.0204225,-2.2204223,-2.3204224,-3.5104225,-3.1504223,-4.6504226,-3.4404223,-2.5104225,-2.6104224,-2.6804223,-2.4404223,2.7595778,1.3495777,1.1495776,2.0595777,-0.010422363,-2.0404224,-0.74042237,-1.3304224,0.66957766,-2.0504224,2.0895777,4.239578,1.1595776,2.9195776,1.6995777,1.4795777,1.5195776
0.6495776,0.85957766,1.3895776,0.21957764,-1.6704223,-1.8804224,-0.44042236,-1.5004224,-1.2704223,-2.7904224,-5.820422,-6.1804223,-7.4304223,-3.7204223,-3.9304223,-3.5104225,-3.5104225,-3.3004224,-3.0904224,-1.9004223,-3.9604223,-5.1904225,-2.3704224,-1.2604223,-2.2704225,-0.8404224,-1.2004224,0.18957764,-0.080422364,-1.3604224,-0.39042237,-1.3904223,-2.1504223,1.6095777,-1.3004223,-0.6604224,-1.2504224,-3.7904224,-1.9404224,1.1595776,-0.31042236
-0.38042235,-0.16042237,-0.38042235,0.87957764,-1.8204224,-0.96042234,-0.46042237,-1.8404224,-1.1504223,-1.6004224,-2.8604224,-5.7004223,-7.510422,-9.110422,-4.1704226,-4.090422,-4.6304226,-5.570422,-5.0604224,-5.1504226,-3.1904223,-3.1504223,-0.28042236,-1.1904224,-1.7304224,-2.7604225,-3.1104224,-2.7304223,-2.0604224,-2.1904223,-3.5304224,-1.6404223,1.9295776,0.08957764,-1.1404223,0.43957764,-0.28042236,1.0995777,-1.1404223,-1.6904224,-2.0504224
-0.8404224,-1.7104224,-2.1304224,-3.8904223,-5.340422,-0.8504224,-1.6804223,-1.4504224,-2.7104223,-2.1504223,-1.2804223,-2.9704223,-5.4604225,-7.2704225,-4.860422,-4.4204226,-4.8704224,-5.050422,-3.7704225,-2.7304223,-2.0404224,-1.4004223,-1.3204224,-0.90042233,-1.6104224,-2.8104224,-4.6704226,-3.6504223,-3.9904222,-3.2904224,-3.9704223,-3.5504224,-1.3604224,-1.4904224,0.50957763,1.4395776,0.21957764,-1.3004223,-1.6204224,-1.8504224,-1.5704224
1.4795777,1.5495776,-1.0504223,-1.1404223,-1.7104224,-3.9704223,-0.69042236,-1.1904224,-1.8604224,-1.9704224,-1.9704224,-1.5404223,-1.5004224,-4.2204223,-6.780422,-4.7104225,-4.1804223,-4.4904222,-3.4304223,-1.9804224,-2.0004225,-2.7104223,-2.7404222,-2.2504225,-1.4304223,1.0795777,-0.44042236,-3.3304224,-3.8904223,-3.0304224,-2.7504225,-3.8304224,-2.6404223,-3.3604224,-1.1604223,-0.99042237,-1.4504224,-1.6404223,3.2295775,-4.223633E-4,-0.44042236
0.20957763,0.73957765,1.9095776,2.6595776,3.1195776,-1.1804223,-0.74042237,-0.6704224,-0.75042236,-1.3504224,-1.8904223,-2.5604224,-3.0304224,-3.7604225,-3.6104224,-4.2904224,-3.9804223,-4.2404222,-3.4804223,-3.2604225,-2.9904222,-2.4604223,-1.7004224,-1.5404223,-0.040422365,-1.2804223,-2.7504225,-2.3404224,-3.6404223,-3.0704224,-3.7704225,-3.3804224,-4.320422,0.059577636,0.5795776,-0.5504224,-1.1004224,-1.9704224,-2.0304224,0.8295776,-4.6204224
-4.223633E-4,0.5295776,0.38957763,-0.30042237,-0.42042238,-0.18042237,-1.5204223,-1.5304223,-1.6804223,-0.42042238,-1.9504224,-1.9304223,-2.3204224,-2.6804223,-3.3104224,-3.4104223,-3.4704223,-3.5404224,-3.7604225,-1.5904224,-1.2504224,-1.5604224,-2.3704224,-2.7604225,-3.6504223,-1.8304224,-2.3304224,-2.1404223,-1.1904224,-3.2604225,-3.4404223,-3.2304223,-4.2204223,-4.7304225,-2.9104223,-0.82042235,-1.5304223,0.46957764,2.2995777,0.8895776,-0.70042235
-1.4104223,-1.4704224,-0.94042236,-2.1504223,-1.6904224,-2.5704224,-1.7204224,-1.9804224,-1.8804224,-1.0904224,-1.4004223,-1.9704224,-1.5804224,-1.9904224,-2.0604224,-2.4204223,-2.8204224,-2.5504224,-1.8704224,-2.4004223,-1.3104224,-2.3804224,-3.0404224,-3.9204223,-5.260422,-2.1404223,-2.5304224,-2.5404224,-2.9704223,-2.8404224,-2.7404222,-3.0404224,-2.9404223,-3.2204223,-3.3304224,-4.2904224,-3.2004223,-2.9804223,-4.6504226,-3.5404224,-3.9204223
-5.1304226,-4.4204226,-5.030422,-4.0604224,-4.8304224,-4.570422,-3.6004224,-3.3004224,-3.1904223,-2.6804223,-2.5004225,-2.2504225,-2.1404223,-0.94042236,-0.90042233,-0.76042235,0.12957764,-1.3804224,-1.5804224,-1.4604224,0.13957764,-0.93042237,-0.24042237,0.85957766,-0.63042235,1.4795777,0.6495776,-1.2004224,-1.4304223,-2.7904224,-2.6104224,-1.6404223,-1.6604223,-2.0804224,-1.6804223,-2.2904224,-1.4404224,-0.8004224,-1.5704224,-1.6704223,-1.5604224
-3.1904223,-3.7204223,-3.4804223,-4.2104225,-4.2004223,-4.6004224,-4.6604223,-3.1404223,-4.3804226,-2.8704224,-3.4304223,-2.4804223,-2.1504223,-2.9704223,-2.5104225,-1.7904223,-1.7704223,-1.2904223,-0.060422365,-0.23042236,-0.9104224,-1.5304223,-2.6104224,-2.4904222,-2.2704225,-2.2604225,-2.1004224,-1.9204223,-2.1404223,-2.4604223,-0.87042236,-0.36042237,0.009577637,-1.2104224,-0.8504224,-0.28042236,-1.6904224,1.0895777,-0.040422365,0.54957765,-0.080422364
-2.6104224,-4.9204226,-3.7804224,-3.9104223,-4.1204224,-4.1904225,-4.6404223,-4.7204223,-4.5804224,-5.1804223,-4.3904223,-2.9704223,-3.1704223,-2.7404222,-1.3204224,-2.7904224,-2.9104223,-2.1404223,-1.3904223,-0.32042235,-0.5904224,-0.9104224,-0.9204224,-0.69042236,-1.2704223,-1.7904223,-2.3904223,-1.5904224,-2.1904223,-1.3604224,0.009577637,-0.62042236,-0.42042238,1.2095777,-1.0504223,-0.74042237,1.7695776,1.4495777,2.4095776,2.0495777,0.5195776
-2.5404224,-3.4804223,-5.070422,-4.2004223,-3.9104223,-3.0504224,-3.8304224,-4.3904223,-4.5804224,-4.3904223,-2.6504223,-2.7804224,-3.3504224,-2.8104224,-2.7904224,-2.2604225,-2.8604224,-2.1404223,-2.6804223,0.14957763,0.059577636,-1.0704224,0.54957765,-1.4404224,-2.2104223,-2.0804224,-2.3504224,-1.3804224,-1.6004224,-1.5304223,-1.7904223,-1.4904224,-1.0604224,0.91957766,1.2095777,0.8295776,-1.0804224,0.40957764,1.2095777,0.99957764,0.43957764
-2.9904222,-2.8304224,-3.8904223,-4.3804226,-4.6004224,-4.4504223,-3.9704223,-2.7904224,-2.5604224,-4.070422,-3.0504224,-2.4204223,-5.030422,-5.6304226,-6.1004224,-5.6604223,-4.820422,-3.8504224,-2.5204225,-1.5604224,-1.0204223,-0.7904224,-0.93042237,-1.1404223,-1.2204224,-1.4704224,-1.1904224,-0.5404224,-0.41042235,-0.33042237,-0.8004224,-0.69042236,-1.3704224,-0.9104224,-1.0204223,-0.7904224,1.4295776,2.5495777,2.9095776,1.7495776,2.4095776
-2.5804224,-3.5704224,-1.1304224,-4.0404224,-3.7404222,-2.7704225,-3.2804224,-3.5604224,-3.9704223,-4.2104225,-1.5704224,-2.3804224,-1.1304224,-2.3104224,-5.3504224,-6.1504226,-5.2504225,-4.6004224,-3.6804223,-2.1104224,-1.7804223,-1.5004224,-1.0404223,-0.43042237,-0.58042234,-1.1604223,-1.5504223,-1.2304224,-0.77042234,-1.0104223,-0.060422365,1.7795776,1.2195777,0.99957764,-0.45042238,0.54957765,2.4695776,3.3295777,2.6295776,3.6095777,1.6495776
