wind_kz.json
{"header": {"discipline":0,"disciplineName":"Meteorological products","gribEdition":2,"gribLength":948,"center":7,"centerName":"US National Weather Service - NCEP(WMC)","subcenter":0,"refTime":"2023-09-08T18:00:00.000Z","significanceOfRT":1,"significanceOfRTName":"Start of forecast","productStatus":0,"productStatusName":"Operational products","productType":1,"productTypeName":"Forecast products","productDefinitionTemplate":0,"productDefinitionTemplateName":"Analysis/forecast at horizontal level/layer at a point in time","parameterCategory":0,"parameterCategoryName":"UnknownDiscipline_0_Category_0","parameterNumber":0,"parameterNumberName":"UnknownParameter_D0_C0_0","parameterUnit":"Unknown","genProcessType":2,"genProcessTypeName":"Forecast","forecastTime":60,"surface1Type":1,"surface1TypeName":"Ground or water surface","surface1Value":0.0,"surface2Type":255,"surface2TypeName":"Missing","surface2Value":0.0,"gridDefinitionTemplate":0,"gridDefinitionTemplateName":"Latitude_Longitude","numberPoints":615,"shape":6,"shapeName":"Earth spherical with radius of 6,371,229.0 m","gridUnits":"degrees","resolution":48,"winds":"true","scanMode":64,"nx":41,"ny":15,"basicAngle":0,"lo1":47.0,"la1":41.0,"lo2":87.0,"la2":55.0,"dx":1.0,"dy":1.0}, "data":
[rows 0 to 14 of 15, columns 0 to 40 of 41]
290.07782,284.2778,291.9778,297.9778,297.8778,296.57782,304.6778,307.57782,305.1778,303.4778,303.2778,304.1778,303.9778,303.9778,303.9778,305.07782,304.3778,306.2778,312.2778,311.07782,313.1778,311.57782,314.3778,314.3778,318.6778,321.6778,317.4778,304.2778,305.57782,300.1778,298.4778,295.57782,311.07782,319.07782,323.07782,324.2778,326.4778,323.8778,324.4778,324.7778,323.9778
277.8778,293.9778,297.3778,297.7778,297.4778,295.6778,304.6778,301.1778,300.8778,300.7778,302.1778,302.57782,301.7778,300.1778,302.2778,303.3778,304.07782,305.2778,306.57782,310.1778,314.07782,312.3778,310.7778,303.3778,293.57782,297.3778,309.2778,304.1778,305.7778,293.8778,303.8778,290.7778,301.8778,272.8778,295.9778,314.4778,314.6778,317.1778,321.9778,313.57782,285.57782
296.3778,297.07782,298.07782,297.7778,295.2778,302.9778,299.6778,301.4778,299.8778,299.2778,297.57782,297.57782,298.4778,299.07782,296.8778,302.3778,302.1778,302.1778,301.9778,304.6778,310.8778,311.3778,313.2778,306.07782,313.9778,318.1778,316.7778,320.6778,318.9778,305.57782,297.8778,296.9778,309.8778,306.2778,306.6778,302.9778,299.1778,299.4778,303.2778,296.6778,293.7778
295.3778,296.57782,297.4778,296.6778,295.57782,299.3778,298.2778,297.6778,298.57782,300.07782,300.1778,298.7778,293.8778,293.1778,292.3778,296.7778,295.1778,300.9778,298.1778,301.9778,297.8778,305.9778,312.8778,313.1778,316.2778,315.07782,319.2778,318.07782,318.1778,320.07782,315.2778,316.2778,317.3778,319.9778,316.57782,311.2778,298.07782,284.6778,301.3778,311.9778,316.07782
297.1778,294.4778,295.6778,294.4778,295.6778,296.6778,298.3778,299.1778,295.57782,295.2778,296.2778,297.4778,293.1778,291.8778,290.1778,299.8778,300.57782,298.57782,299.6778,298.3778,299.8778,300.9778,312.6778,312.9778,314.8778,317.8778,317.2778,309.7778,316.6778,317.8778,318.2778,318.6778,302.07782,291.4778,303.2778,307.2778,304.6778,317.07782,312.8778,317.6778,314.9778
297.9778,293.8778,293.8778,293.2778,293.6778,293.07782,297.3778,297.4778,294.1778,293.8778,294.8778,294.1778,292.7778,293.07782,293.6778,298.3778,298.6778,298.6778,300.9778,302.8778,299.57782,296.1778,303.57782,305.7778,311.6778,311.6778,309.4778,291.9778,308.8778,310.9778,314.1778,311.9778,313.8778,312.6778,307.6778,304.57782,296.3778,299.57782,320.07782,317.6778,317.6778
297.57782,299.07782,300.07782,300.1778,298.2778,300.1778,300.2778,297.7778,297.2778,297.07782,294.2778,293.9778,292.3778,284.8778,286.8778,297.8778,300.6778,297.1778,303.3778,304.6778,302.9778,296.3778,295.3778,299.3778,304.7778,305.57782,307.3778,310.3778,309.57782,311.07782,310.9778,313.6778,314.2778,312.6778,307.57782,303.4778,299.6778,300.4778,299.8778,297.9778,308.7778
293.57782,299.2778,299.2778,299.4778,298.7778,298.8778,300.3778,297.7778,296.6778,296.7778,299.07782,296.7778,295.2778,284.57782,285.4778,291.7778,293.3778,294.57782,301.6778,296.07782,300.9778,302.1778,294.57782,296.6778,302.6778,302.7778,300.9778,304.8778,304.6778,308.4778,307.2778,308.57782,303.7778,305.6778,306.2778,307.8778,311.8778,290.2778,310.6778,310.1778,309.6778
295.8778,292.57782,291.8778,297.3778,297.2778,297.8778,295.3778,294.6778,296.4778,294.9778,295.07782,297.6778,296.9778,287.07782,284.2778,286.4778,285.3778,287.57782,294.8778,297.7778,296.8778,298.4778,300.57782,298.2778,293.3778,293.07782,295.3778,302.9778,302.3778,299.1778,301.9778,303.8778,308.4778,309.6778,308.7778,301.4778,301.7778,302.07782,287.7778,291.4778,286.2778
292.1778,296.57782,289.1778,294.7778,296.9778,296.1778,297.07782,295.57782,293.7778,290.8778,292.8778,293.1778,298.8778,293.07782,283.7778,284.7778,286.8778,286.6778,288.57782,292.8778,293.8778,293.7778,291.07782,287.57782,287.3778,288.07782,293.57782,299.8778,296.9778,299.8778,296.6778,302.57782,304.7778,306.4778,306.9778,305.9778,298.2778,295.2778,295.7778,286.8778,279.7778
293.4778,295.9778,293.1778,290.4778,292.4778,294.2778,293.1778,293.2778,292.9778,284.7778,289.6778,292.57782,292.9778,290.7778,285.7778,283.57782,283.9778,285.4778,286.8778,289.1778,285.4778,286.3778,283.8778,284.6778,284.57782,286.4778,290.4778,297.6778,297.57782,298.2778,304.4778,306.3778,304.7778,302.7778,304.57782,302.2778,295.4778,296.4778,294.9778,292.3778,291.4778
293.7778,292.3778,295.7778,291.3778,290.07782,288.7778,283.8778,290.2778,288.4778,287.07782,285.07782,286.7778,290.6778,287.9778,285.2778,287.57782,287.8778,289.6778,288.57782,286.1778,287.4778,286.4778,285.8778,286.9778,288.4778,289.9778,294.8778,297.07782,296.6778,300.8778,299.8778,302.57782,302.9778,302.6778,301.2778,303.2778,301.4778,300.8778,299.9778,297.57782,296.07782
290.4778,289.07782,293.3778,291.07782,287.2778,286.4778,283.2778,285.9778,285.2778,282.8778,280.4778,282.8778,286.9778,287.1778,286.8778,285.8778,286.6778,288.1778,289.4778,289.6778,291.7778,290.2778,288.57782,287.7778,291.7778,292.6778,294.3778,293.9778,299.07782,298.3778,298.6778,298.57782,298.7778,299.3778,299.2778,296.3778,296.57782,295.7778,296.7778,294.8778,293.8778
287.07782,291.8778,289.57782,289.9778,288.7778,285.1778,282.6778,282.07782,282.8778,287.2778,282.2778,278.7778,283.57782,286.3778,286.2778,287.9778,285.6778,288.9778,289.6778,291.4778,291.1778,286.4778,288.6778,289.8778,292.4778,295.57782,295.9778,295.8778,294.1778,291.6778,292.2778,292.07782,293.1778,292.3778,294.6778,294.07782,292.8778,292.07782,293.57782,291.6778,292.4778
286.57782,292.2778,289.1778,290.4778,289.07782,283.9778,282.57782,284.07782,287.07782,288.1778,286.07782,286.7778,282.1778,281.6778,287.3778,288.7778,289.07782,290.6778,291.9778,290.6778,286.2778,284.1778,283.8778,284.4778,285.07782,286.9778,290.57782,290.3778,289.8778,292.57782,289.2778,287.7778,290.3778,290.2778,291.7778,292.6778,291.57782,292.07782,293.07782,293.7778,293.6778
