wind.json
{"header": {"discipline":0,"disciplineName":"Meteorological products","gribEdition":2,"gribLength":1039,"center":7,"centerName":"US National Weather Service - NCEP(WMC)","subcenter":0,"refTime":"2023-05-30T18:00:00.000Z","significanceOfRT":1,"significanceOfRTName":"Start of forecast","productStatus":0,"productStatusName":"Operational products","productType":1,"productTypeName":"Forecast products","productDefinitionTemplate":0,"productDefinitionTemplateName":"Analysis/forecast at horizontal level/layer at a point in time","parameterCategory":0,"parameterCategoryName":"UnknownDiscipline_0_Category_0","parameterNumber":0,"parameterNumberName":"UnknownParameter_D0_C0_0","parameterUnit":"Unknown","genProcessType":2,"genProcessTypeName":"Forecast","forecastTime":60,"surface1Type":1,"surface1TypeName":"Ground or water surface","surface1Value":0.0,"surface2Type":255,"surface2TypeName":"Missing","surface2Value":0.0,"gridDefinitionTemplate":0,"gridDefinitionTemplateName":"Latitude_Longitude","numberPoints":688,"shape":6,"shapeName":"Earth spherical with radius of 6,371,229.0 m","gridUnits":"degrees","resolution":48,"winds":"true","scanMode":64,"nx":43,"ny":16,"basicAngle":0,"lo1":45.0,"la1":40.0,"lo2":87.0,"la2":55.0,"dx":1.0,"dy":1.0}, "data":
[rows 0 to 15 of 16, columns 0 to 42 of 43]
290.9167,290.9167,302.9167,310.4167,314.9167,293.5167,292.3167,292.0167,311.6167,316.9167,314.0167,314.6167,318.5167,317.8167,324.4167,324.7167,323.2167,322.1167,322.1167,321.4167,322.7167,319.3167,315.9167,314.8167,313.5167,313.0167,313.3167,301.5167,300.4167,295.5167,302.8167,313.7167,313.9167,312.6167,313.2167,316.7167,316.8167,318.3167,313.7167,313.6167,317.1167,317.8167,323.0167
293.4167,307.0167,303.6167,291.4167,296.4167,290.8167,290.9167,290.9167,305.7167,316.6167,316.4167,319.0167,322.2167,324.2167,323.0167,322.2167,321.6167,322.8167,320.5167,318.7167,322.6167,320.3167,322.2167,322.1167,313.7167,312.0167,319.1167,320.4167,309.1167,292.9167,292.2167,290.2167,284.2167,278.3167,300.6167,310.6167,316.1167,318.5167,321.4167,320.7167,318.8167,320.4167,327.5167
297.7167,290.1167,287.4167,298.3167,290.3167,290.7167,290.3167,290.1167,314.3167,316.9167,316.6167,317.9167,322.9167,321.4167,321.6167,320.0167,323.5167,323.3167,323.3167,320.4167,319.1167,321.5167,318.3167,321.3167,317.3167,300.9167,296.8167,296.0167,297.6167,297.9167,296.3167,288.5167,284.9167,277.8167,295.8167,273.0167,275.7167,307.0167,315.0167,317.1167,320.2167,309.8167,284.1167
292.8167,295.3167,303.0167,291.2167,290.0167,290.0167,290.0167,311.1167,314.1167,314.7167,313.8167,307.9167,316.8167,319.4167,318.6167,320.1167,318.9167,321.3167,321.4167,321.0167,322.5167,321.9167,315.8167,314.5167,311.5167,301.9167,309.5167,307.3167,306.2167,309.0167,308.5167,293.2167,292.6167,286.2167,293.4167,296.3167,290.9167,294.7167,293.7167,299.6167,303.1167,300.1167,275.5167
303.7167,304.6167,304.8167,292.8167,291.0167,290.8167,296.1167,312.3167,311.9167,313.0167,304.3167,314.6167,315.7167,315.1167,291.6167,292.0167,316.0167,315.8167,315.1167,316.8167,319.6167,319.4167,313.9167,307.0167,313.7167,313.4167,311.6167,311.7167,313.5167,307.2167,310.6167,309.7167,312.3167,308.8167,314.5167,312.6167,313.6167,301.0167,292.4167,280.0167,298.0167,306.3167,310.4167
303.2167,305.0167,307.5167,294.5167,293.8167,294.3167,301.7167,312.6167,314.1167,315.0167,313.1167,315.8167,315.5167,315.1167,292.7167,292.2167,289.8167,315.9167,317.1167,314.7167,315.2167,315.3167,316.5167,316.8167,315.6167,316.0167,316.0167,315.1167,311.4167,306.8167,313.4167,315.4167,315.4167,311.0167,295.0167,290.3167,298.0167,308.1167,307.2167,320.4167,320.9167,316.5167,314.2167
302.9167,306.2167,305.7167,305.5167,295.1167,294.4167,294.1167,294.3167,315.3167,315.0167,315.7167,316.6167,315.2167,316.3167,295.0167,291.8167,305.4167,317.3167,314.9167,320.5167,319.1167,318.6167,316.9167,315.7167,316.0167,316.2167,315.3167,312.7167,313.0167,290.0167,312.7167,313.1167,316.1167,312.0167,313.9167,307.4167,301.6167,302.9167,299.3167,305.6167,323.4167,323.8167,316.2167
305.1167,304.3167,299.2167,303.6167,304.9167,308.5167,306.4167,311.7167,315.4167,315.4167,311.0167,314.1167,311.8167,314.3167,314.4167,315.4167,314.3167,312.4167,317.3167,320.3167,322.2167,321.8167,317.6167,316.9167,315.1167,314.4167,311.1167,311.6167,312.0167,312.6167,314.9167,314.9167,314.2167,313.9167,316.0167,314.6167,307.7167,306.2167,301.5167,297.9167,298.6167,300.3167,307.4167
303.1167,293.1167,295.5167,299.7167,303.5167,309.9167,313.4167,312.9167,313.4167,306.8167,311.6167,307.2167,311.9167,311.8167,312.9167,309.9167,316.9167,313.6167,319.5167,319.5167,318.4167,323.0167,316.7167,314.5167,312.3167,312.4167,310.5167,307.4167,308.5167,309.5167,306.0167,307.2167,307.1167,310.4167,307.9167,304.2167,304.7167,312.3167,311.5167,285.7167,309.9167,311.0167,305.3167
289.7167,296.0167,300.0167,300.9167,303.1167,315.2167,312.3167,312.0167,311.8167,311.6167,309.9167,307.6167,304.6167,305.5167,312.5167,311.6167,315.0167,319.8167,320.3167,320.5167,316.1167,316.2167,311.6167,312.1167,311.8167,309.1167,307.8167,307.5167,302.3167,300.9167,301.6167,301.3167,301.8167,302.2167,305.5167,306.5167,306.0167,300.0167,300.3167,299.1167,295.0167,292.9167,294.4167
296.8167,294.9167,296.6167,298.1167,303.2167,307.4167,302.6167,310.0167,308.0167,307.5167,307.2167,306.2167,305.3167,309.8167,310.8167,308.0167,311.8167,312.2167,313.2167,311.9167,310.6167,313.5167,312.1167,312.5167,312.2167,310.5167,310.4167,308.5167,307.8167,305.0167,303.8167,302.8167,304.7167,306.9167,306.2167,305.8167,305.7167,301.2167,297.1167,294.6167,297.7167,296.8167,292.3167
294.6167,290.5167,293.9167,295.9167,299.1167,302.9167,304.6167,306.5167,306.5167,304.1167,303.4167,306.3167,306.8167,307.6167,309.9167,306.1167,309.7167,310.4167,312.0167,311.2167,310.6167,312.5167,312.5167,311.4167,311.8167,312.0167,309.4167,310.4167,304.1167,308.9167,307.9167,311.3167,310.8167,310.1167,308.0167,305.5167,300.7167,297.3167,295.0167,295.5167,297.6167,293.0167,294.7167
294.0167,295.1167,290.0167,294.2167,296.2167,301.3167,302.3167,303.7167,302.0167,300.1167,302.9167,302.8167,300.6167,302.2167,309.1167,307.7167,308.5167,307.8167,310.4167,311.6167,313.2167,310.1167,311.4167,312.8167,310.9167,310.4167,307.7167,311.0167,313.3167,312.1167,314.0167,313.5167,310.1167,310.9167,306.7167,305.2167,302.8167,301.6167,299.3167,296.2167,294.4167,295.0167,295.2167
292.8167,292.7167,291.5167,291.3167,291.9167,297.1167,299.4167,301.9167,298.8167,299.5167,302.1167,300.4167,300.5167,295.9167,304.1167,303.4167,306.0167,308.4167,307.7167,307.9167,310.2167,310.1167,309.9167,307.6167,309.2167,308.9167,312.1167,311.1167,312.2167,310.8167,310.0167,309.2167,311.3167,316.6167,310.3167,306.2167,305.2167,301.8167,300.5167,299.5167,297.8167,298.3167,297.1167
294.3167,294.9167,292.9167,293.4167,288.9167,291.0167,296.4167,298.3167,298.0167,299.2167,300.9167,299.3167,301.3167,298.0167,299.3167,299.6167,303.4167,308.8167,308.1167,305.2167,307.0167,307.6167,307.8167,308.7167,312.1167,311.4167,315.4167,311.1167,312.1167,309.3167,307.7167,307.0167,307.0167,307.3167,308.5167,308.3167,304.9167,302.1167,301.8167,301.2167,300.1167,298.4167,300.7167
293.3167,294.0167,295.4167,294.6167,285.1167,294.2167,291.4167,295.0167,296.0167,296.9167,298.5167,299.9167,300.3167,296.4167,299.0167,299.0167,300.0167,302.4167,302.9167,305.1167,303.8167,304.4167,306.1167,305.9167,303.8167,296.2167,305.9167,297.4167,306.4167,306.2167,297.8167,303.8167,304.4167,292.7167,302.4167,302.2167,301.4167,302.4167,302.9167,299.2167,306.5167,303.1167,302.6167
