wind_kz.json
{"header": {"discipline":0,"disciplineName":"Meteorological products","gribEdition":2,"gribLength":871,"center":7,"centerName":"US National Weather Service - NCEP(WMC)","subcenter":0,"refTime":"2023-09-08T00:00:00.000Z","significanceOfRT":1,"significanceOfRTName":"Start of forecast","productStatus":0,"productStatusName":"Operational products","productType":1,"productTypeName":"Forecast products","productDefinitionTemplate":0,"productDefinitionTemplateName":"Analysis/forecast at horizontal level/layer at a point in time","parameterCategory":0,"parameterCategoryName":"UnknownDiscipline_0_Category_0","parameterNumber":0,"parameterNumberName":"UnknownParameter_D0_C0_0","parameterUnit":"Unknown","genProcessType":2,"genProcessTypeName":"Forecast","forecastTime":60,"surface1Type":1,"surface1TypeName":"Ground or water surface","surface1Value":0.0,"surface2Type":255,"surface2TypeName":"Missing","surface2Value":0.0,"gridDefinitionTemplate":0,"gridDefinitionTemplateName":"Latitude_Longitude","numberPoints":615,"shape":6,"shapeName":"Earth spherical with radius of 6,371,229.0 m","gridUnits":"degrees","resolution":48,"winds":"true","scanMode":64,"nx":41,"ny":15,"basicAngle":0,"lo1":47.0,"la1":41.0,"lo2":87.0,"la2":55.0,"dx":1.0,"dy":1.0}, "data":
[rows 0 to 14 of 15, columns 0 to 40 of 41]
302.73154,292.73154,292.23154,298.23154,298.13153,296.93155,298.33154,308.93155,308.03156,310.83154,311.23154,311.73154,312.43155,313.13153,314.23154,314.43155,313.03156,311.33154,313.83154,312.23154,313.23154,309.63153,311.63153,306.73154,308.93155,311.93155,306.73154,291.73154,290.13153,287.63153,280.23154,287.63153,297.73154,304.23154,304.53156,305.03156,305.13153,304.03156,303.33154,303.33154,303.03156
283.53156,293.43155,297.83154,298.03156,297.83154,296.13153,296.53156,303.23154,307.83154,308.43155,306.33154,309.83154,310.93155,310.83154,312.33154,312.13153,311.73154,311.63153,310.13153,310.13153,310.33154,307.63153,304.13153,296.63153,285.63153,287.63153,299.03156,291.43155,293.63153,284.93155,288.83154,277.33154,285.43155,263.53156,283.93155,300.03156,298.53156,301.03156,304.43155,295.63153,285.93155
292.53156,297.33154,298.53156,298.03156,295.63153,297.23154,292.63153,295.23154,300.23154,300.93155,301.53156,298.63153,302.63153,304.73154,305.73154,309.43155,308.63153,307.23154,308.03156,308.13153,309.23154,308.13153,306.53156,301.13153,303.83154,301.03156,300.73154,303.63153,303.23154,292.93155,283.73154,285.53156,291.23154,291.33154,293.33154,291.73154,281.73154,282.33154,287.13153,281.53156,280.73154
292.03156,297.13153,298.03156,296.93155,293.03156,289.43155,288.53156,287.63153,288.73154,297.83154,297.23154,293.13153,294.03156,293.33154,293.93155,297.23154,300.63153,304.23154,304.13153,306.03156,305.73154,302.73154,305.03156,304.63153,304.93155,304.03156,306.03156,303.43155,301.53156,303.03156,304.13153,300.63153,303.83154,303.43155,302.53156,295.93155,284.93155,283.43155,286.93155,296.73154,299.83154
291.33154,295.13153,296.13153,295.03156,292.43155,289.43155,289.13153,288.23154,287.93155,289.03156,292.53156,292.63153,293.43155,292.13153,290.33154,293.43155,294.33154,298.53156,301.13153,299.73154,302.73154,305.23154,304.13153,303.93155,305.03156,305.53156,301.33154,297.63153,302.83154,302.43155,303.83154,302.23154,289.83154,281.23154,291.03156,299.53156,300.03156,303.63153,303.93155,303.63153,303.43155
297.93155,292.23154,294.23154,293.63153,294.03156,293.73154,289.93155,290.83154,289.03156,288.43155,289.23154,289.93155,292.53156,293.23154,294.93155,294.93155,298.73154,298.63153,299.03156,300.93155,301.43155,300.73154,300.23154,298.73154,302.53156,302.63153,302.13153,292.13153,301.23154,302.33154,300.63153,300.93155,300.33154,302.13153,297.83154,298.73154,292.43155,294.53156,301.23154,302.03156,300.43155
298.93155,301.43155,301.13153,299.13153,298.03156,296.13153,289.63153,291.03156,291.63153,291.03156,289.53156,288.63153,289.93155,291.13153,292.43155,294.53156,297.23154,299.93155,302.93155,302.23154,300.93155,300.13153,300.03156,300.53156,300.03156,299.33154,300.93155,301.93155,299.43155,299.43155,296.93155,297.73154,299.13153,298.73154,301.53156,299.23154,292.53156,289.73154,287.23154,285.03156,296.23154
292.23154,294.43155,301.43155,301.73154,296.73154,295.23154,293.83154,290.33154,291.63153,290.03156,293.33154,292.73154,292.03156,293.13153,295.93155,296.73154,296.03156,297.33154,298.63153,297.33154,295.23154,297.83154,297.23154,295.83154,294.03156,292.43155,293.43155,297.33154,297.33154,299.33154,297.53156,298.03156,293.93155,290.93155,295.83154,296.33154,298.03156,289.53156,297.43155,296.93155,290.63153
290.53156,293.13153,293.63153,292.53156,295.53156,294.83154,292.43155,289.13153,290.73154,290.93155,292.43155,292.73154,292.13153,293.33154,295.13153,294.83154,294.13153,295.13153,294.53156,295.13153,292.93155,293.33154,294.93155,294.13153,292.33154,292.33154,290.73154,291.33154,291.33154,291.13153,293.73154,295.83154,296.13153,297.33154,297.53156,294.13153,292.23154,292.33154,280.93155,280.63153,278.03156
293.23154,295.33154,295.23154,297.93155,293.03156,291.83154,292.93155,293.83154,289.63153,294.13153,291.73154,291.23154,293.93155,294.43155,294.63153,295.33154,295.23154,293.53156,293.03156,293.43155,292.23154,291.63153,291.73154,292.73154,291.93155,289.73154,290.23154,290.03156,289.93155,291.13153,292.73154,295.53156,298.13153,298.03156,298.13153,296.23154,291.53156,285.33154,282.53156,282.53156,279.73154
287.73154,291.53156,290.23154,291.33154,295.63153,292.73154,293.93155,295.43155,294.73154,291.93155,288.83154,292.03156,289.53156,290.63153,291.53156,291.93155,293.33154,293.73154,293.33154,291.23154,291.83154,290.93155,290.13153,289.33154,288.73154,289.03156,287.43155,290.13153,291.43155,293.53156,295.13153,296.33154,296.93155,297.53156,297.03156,295.03156,288.73154,285.93155,287.23154,284.23154,281.83154
295.33154,291.93155,289.83154,287.13153,285.73154,285.93155,286.03156,288.13153,290.43155,291.63153,289.33154,289.53156,288.33154,285.73154,288.03156,288.43155,289.13153,291.43155,292.13153,290.63153,288.63153,287.93155,287.43155,287.73154,287.73154,289.43155,289.93155,291.33154,292.93155,294.23154,294.53156,295.43155,296.33154,296.23154,296.13153,294.83154,292.93155,291.53156,289.73154,289.43155,287.83154
291.13153,293.63153,292.73154,292.43155,291.43155,288.73154,286.43155,284.93155,282.63153,282.03156,280.13153,279.43155,282.33154,281.33154,281.63153,284.33154,284.63153,289.73154,289.53156,290.03156,287.33154,286.33154,284.93155,286.53156,288.03156,289.43155,290.83154,292.73154,294.03156,295.53156,295.73154,294.73154,293.53156,294.43155,293.43155,291.03156,290.83154,291.03156,289.23154,287.93155,287.53156
291.03156,294.73154,290.93155,292.73154,290.93155,291.03156,291.33154,286.43155,285.03156,285.43155,283.83154,283.03156,284.73154,285.53156,283.23154,282.13153,284.43155,286.53156,287.23154,287.43155,288.03156,287.23154,287.53156,287.03156,288.63153,288.53156,291.63153,292.53156,293.83154,293.43155,293.03156,292.23154,292.33154,290.53156,291.03156,290.33154,288.93155,288.73154,288.23154,286.13153,286.03156
293.23154,294.23154,289.43155,292.13153,290.93155,289.33154,288.03156,287.83154,288.13153,286.53156,287.83154,283.43155,281.93155,283.83154,285.93155,287.53156,286.33154,285.53156,286.93155,288.23154,289.23154,286.13153,287.83154,286.03156,284.63153,286.03156,287.83154,287.83154,289.53156,290.73154,290.83154,288.63153,291.13153,290.13153,289.93155,288.83154,289.33154,288.43155,287.63153,287.23154,286.03156
