wind_kz.json
{"header": {"discipline":0,"disciplineName":"Meteorological products","gribEdition":2,"gribLength":871,"center":7,"centerName":"US National Weather Service - NCEP(WMC)","subcenter":0,"refTime":"2023-09-18T18:00:00.000Z","significanceOfRT":1,"significanceOfRTName":"Start of forecast","productStatus":0,"productStatusName":"Operational products","productType":1,"productTypeName":"Forecast products","productDefinitionTemplate":0,"productDefinitionTemplateName":"Analysis/forecast at horizontal level/layer at a point in time","parameterCategory":0,"parameterCategoryName":"UnknownDiscipline_0_Category_0","parameterNumber":0,"parameterNumberName":"UnknownParameter_D0_C0_0","parameterUnit":"Unknown","genProcessType":2,"genProcessTypeName":"Forecast","forecastTime":180,"surface1Type":1,"surface1TypeName":"Ground or water surface","surface1Value":0.0,"surface2Type":255,"surface2TypeName":"Missing","surface2Value":0.0,"gridDefinitionTemplate":0,"gridDefinitionTemplateName":"Latitude_Longitude","numberPoints":615,"shape":6,"shapeName":"Earth spherical with radius of 6,371,229.0 m","gridUnits":"degrees","resolution":48,"winds":"true","scanMode":64,"nx":41,"ny":15,"basicAngle":0,"lo1":47.0,"la1":41.0,"lo2":87.0,"la2":55.0,"dx":1.0,"dy":1.0}, "data":
[rows 0 to 14 of 15, columns 0 to 40 of 41]
302.3075,292.2075,298.0075,294.10748,293.9075,293.7075,301.8075,305.0075,301.9075,302.4075,301.9075,303.0075,302.2075,302.2075,303.4075,304.9075,306.4075,303.2075,306.9075,306.9075,310.3075,307.10748,305.3075,307.2075,308.5075,307.60748,306.3075,294.0075,293.4075,291.3075,288.9075,288.10748,298.7075,304.2075,306.3075,306.8075,308.3075,306.2075,306.2075,311.7075,313.7075
287.3075,297.2075,293.9075,293.8075,293.4075,292.10748,304.60748,300.60748,299.2075,300.2075,302.3075,300.9075,301.7075,301.0075,301.3075,302.8075,306.4075,307.3075,307.8075,306.10748,305.3075,307.3075,309.3075,299.2075,293.10748,292.0075,298.7075,296.4075,294.10748,280.3075,292.5075,280.5075,292.8075,263.7075,271.4075,300.5075,300.4075,302.7075,305.7075,289.60748,284.3075
300.10748,293.10748,294.2075,293.60748,291.7075,298.0075,298.9075,298.3075,300.4075,299.5075,299.60748,300.9075,301.5075,301.7075,300.0075,303.4075,303.10748,303.4075,306.0075,311.4075,305.9075,301.5075,302.3075,294.10748,299.3075,298.0075,299.8075,302.2075,297.0075,291.3075,278.5075,280.7075,287.8075,287.60748,286.2075,285.5075,273.10748,279.7075,282.10748,274.3075,271.9075
301.0075,292.8075,294.0075,292.60748,293.8075,299.2075,297.4075,299.10748,300.0075,300.2075,300.3075,299.4075,291.60748,291.0075,301.3075,302.3075,301.0075,303.10748,303.0075,304.0075,301.7075,298.3075,300.7075,300.3075,299.0075,298.3075,299.60748,297.7075,298.10748,298.2075,298.8075,298.3075,302.0075,304.7075,299.4075,293.9075,272.8075,268.10748,274.2075,292.9075,293.7075
300.0075,291.4075,292.3075,291.5075,293.3075,297.7075,298.10748,300.4075,298.0075,297.9075,299.3075,300.2075,290.5075,289.5075,288.0075,302.0075,302.10748,300.60748,301.3075,300.10748,300.7075,302.0075,302.5075,302.3075,302.5075,301.10748,299.2075,295.8075,299.60748,299.0075,299.0075,296.60748,277.8075,270.0075,278.10748,282.7075,287.2075,294.2075,295.2075,295.3075,295.3075
298.9075,299.2075,290.9075,290.2075,291.0075,290.4075,299.60748,298.4075,296.60748,297.9075,297.10748,297.8075,291.7075,290.5075,296.4075,301.0075,300.3075,302.3075,300.7075,302.4075,301.60748,300.10748,300.3075,302.10748,299.8075,297.9075,298.9075,287.9075,295.4075,297.0075,297.60748,295.8075,296.9075,296.0075,286.0075,295.8075,274.9075,274.60748,283.5075,291.9075,292.60748
299.3075,299.4075,298.4075,299.5075,297.5075,300.3075,300.4075,298.3075,297.9075,297.7075,297.8075,297.3075,298.10748,298.60748,299.60748,299.10748,301.2075,300.60748,303.3075,302.7075,300.10748,300.9075,299.60748,299.10748,297.5075,297.10748,295.9075,296.5075,299.10748,299.2075,297.8075,296.2075,295.4075,295.60748,294.60748,290.0075,283.10748,275.3075,278.7075,273.9075,292.3075
299.60748,300.5075,299.8075,299.2075,299.10748,299.3075,300.8075,300.5075,299.60748,298.2075,298.3075,297.9075,299.10748,297.5075,300.10748,300.7075,300.0075,300.10748,297.0075,296.60748,290.7075,297.8075,300.3075,298.0075,296.9075,294.5075,292.60748,293.60748,291.0075,293.9075,292.2075,291.8075,291.9075,289.0075,287.10748,288.60748,295.7075,287.3075,293.3075,295.10748,291.0075
300.5075,299.8075,300.2075,300.4075,299.10748,299.9075,300.9075,300.3075,299.60748,300.7075,300.0075,299.60748,298.8075,299.60748,299.4075,295.10748,301.60748,301.4075,298.60748,292.3075,292.60748,297.7075,288.3075,288.9075,288.9075,290.2075,292.4075,291.8075,286.7075,286.60748,287.5075,289.7075,290.5075,289.9075,290.4075,289.10748,290.4075,288.60748,272.0075,273.10748,272.10748
301.3075,300.3075,300.3075,300.0075,299.7075,300.0075,300.5075,298.60748,298.60748,299.0075,298.9075,297.5075,298.5075,298.5075,299.4075,299.3075,301.3075,302.60748,300.2075,299.10748,297.5075,297.5075,294.9075,288.10748,290.60748,292.60748,287.5075,290.9075,286.5075,288.0075,291.2075,292.0075,294.0075,293.0075,289.5075,286.8075,282.60748,282.4075,277.10748,278.5075,273.9075
300.10748,299.2075,298.0075,297.7075,298.3075,299.60748,298.9075,300.10748,299.3075,299.10748,296.60748,295.60748,297.5075,297.2075,298.60748,299.5075,298.7075,299.5075,299.4075,297.5075,298.4075,298.3075,298.3075,296.10748,290.3075,291.5075,294.4075,291.8075,290.5075,291.5075,292.3075,293.4075,295.4075,292.5075,288.7075,290.2075,278.10748,276.0075,277.4075,276.2075,275.5075
299.2075,300.2075,298.9075,298.3075,297.9075,296.9075,296.3075,297.10748,298.60748,297.9075,294.4075,294.9075,295.7075,295.5075,296.60748,297.60748,298.0075,297.7075,297.8075,297.7075,295.4075,295.7075,295.9075,297.0075,295.7075,293.10748,296.4075,292.7075,291.10748,290.60748,290.9075,291.5075,288.7075,291.3075,289.0075,288.7075,287.5075,286.8075,284.7075,285.2075,283.2075
296.10748,298.2075,297.60748,297.10748,295.5075,295.0075,295.5075,296.7075,297.10748,296.2075,292.60748,291.60748,294.4075,293.8075,295.3075,296.4075,297.3075,296.8075,297.8075,296.4075,296.3075,295.2075,294.4075,294.5075,296.60748,296.7075,295.3075,290.10748,289.5075,289.3075,291.3075,290.3075,289.60748,289.10748,288.7075,288.2075,290.10748,288.60748,289.5075,285.10748,282.10748
295.8075,295.8075,291.9075,296.10748,295.10748,295.0075,293.7075,292.8075,294.2075,293.5075,291.4075,289.9075,292.5075,293.7075,295.0075,295.9075,295.5075,295.4075,295.5075,296.3075,296.9075,296.4075,296.2075,296.0075,296.7075,297.2075,294.2075,287.2075,284.2075,285.4075,289.8075,288.4075,287.60748,287.0075,287.10748,286.5075,286.0075,285.9075,287.3075,285.10748,289.3075
293.0075,295.4075,287.0075,294.9075,294.3075,293.7075,293.5075,292.9075,294.4075,293.9075,291.0075,292.0075,290.2075,291.60748,293.0075,294.9075,294.8075,294.9075,296.10748,295.7075,296.8075,296.7075,297.2075,296.4075,296.5075,295.60748,295.0075,293.5075,290.8075,287.9075,288.5075,286.60748,287.9075,287.3075,287.2075,286.9075,288.3075,286.7075,288.0075,287.9075,285.0075
