wind_kz.json
{"header": {"discipline":0,"disciplineName":"Meteorological products","gribEdition":2,"gribLength":1102,"center":7,"centerName":"US National Weather Service - NCEP(WMC)","subcenter":0,"refTime":"2023-09-08T06:00:00.000Z","significanceOfRT":1,"significanceOfRTName":"Start of forecast","productStatus":0,"productStatusName":"Operational products","productType":1,"productTypeName":"Forecast products","productDefinitionTemplate":0,"productDefinitionTemplateName":"Analysis/forecast at horizontal level/layer at a point in time","parameterCategory":2,"parameterCategoryName":"UnknownDiscipline_0_Category_2","parameterNumber":3,"parameterNumberName":"UnknownParameter_D0_C2_3","parameterUnit":"Unknown","genProcessType":2,"genProcessTypeName":"Forecast","forecastTime":60,"surface1Type":103,"surface1TypeName":"Specified height level above ground","surface1Value":10.0,"surface2Type":255,"surface2TypeName":"Missing","surface2Value":0.0,"gridDefinitionTemplate":0,"gridDefinitionTemplateName":"Latitude_Longitude","numberPoints":615,"shape":6,"shapeName":"Earth spherical with radius of 6,371,229.0 m","gridUnits":"degrees","resolution":48,"winds":"true","scanMode":64,"nx":41,"ny":15,"basicAngle":0,"lo1":47.0,"la1":41.0,"lo2":87.0,"la2":55.0,"dx":1.0,"dy":1.0}, "data":
[rows 0 to 14 of 15, columns 0 to 40 of 41]
3.7100878,0.3000879,-0.75991213,-11.429913,-13.019912,-12.599912,-8.679913,-4.6899123,-6.009912,-6.489912,-4.389912,-6.079912,-2.669912,-1.9999121,-2.409912,1.030088,0.8500879,-0.8699121,-3.0799122,-1.6299121,-1.8299121,-3.199912,-2.189912,-1.719912,-3.1199121,-1.3499122,-1.2599121,1.7600878,1.910088,2.850088,1.3100879,0.110087894,0.32008788,-2.219912,-2.149912,-3.449912,-1.2999121,0.5700879,1.9800879,2.6500878,0.6700879
1.280088,1.7400879,-12.679913,-12.569912,-13.799912,-14.289912,-6.7299123,-0.8499121,-3.7899122,-5.389912,-4.099912,-2.5999122,-0.8899121,-2.3399122,0.5200879,4.180088,2.790088,-0.8699121,-1.9799122,-2.159912,-2.719912,-3.1099122,-1.089912,2.1200879,1.2000879,0.8500879,-2.3899121,3.080088,0.12008789,2.1200879,5.090088,5.9800878,0.93008786,-0.9799121,-0.3499121,-1.9999121,-0.7499121,-2.6099122,-0.5499121,-1.4599121,4.010088
0.6300879,-6.5199122,-9.299912,-11.999912,-14.189912,-9.699912,-4.2299123,-4.9799123,-4.069912,-5.349912,-5.819912,-1.3799121,1.6900879,0.2500879,-2.399912,-0.48991212,-0.09991211,0.41008788,-1.1099122,-2.0699122,-2.8699121,-0.87991214,-2.659912,-0.09991211,-0.2899121,-0.19991212,2.740088,1.5600879,-0.75991213,2.800088,4.5800877,2.040088,2.9000878,-1.0499121,-0.26991212,3.720088,2.000088,1.1200879,8.789063E-5,0.05008789,1.280088
-1.5099121,-6.159912,-7.989912,-7.589912,-4.059912,-5.759912,-5.539912,-6.609912,-6.009912,-4.5199122,-5.909912,2.1800878,0.8900879,1.5900879,-1.339912,-0.9299121,-3.8799121,-3.5399122,-2.759912,-2.5699122,-1.6899121,-0.1499121,1.8700879,-0.8499121,-2.5599122,-1.6199121,-0.75991213,0.7100879,1.5200878,-0.4999121,-0.3199121,-0.5399121,-2.2999122,0.87008786,0.2800879,-1.4799122,0.55008787,3.330088,1.8500879,1.1400878,2.220088
-2.429912,-4.039912,-7.579912,-5.619912,-4.649912,0.3000879,2.970088,0.38008788,-5.7699122,-8.049912,2.1700878,4.9800878,4.030088,1.2200879,2.770088,1.3000879,-0.3499121,-3.8899121,-3.519912,-3.199912,-1.3199121,-2.1399121,-1.4999121,-1.1499121,-1.3799121,-1.4799122,0.03008789,-1.4199121,0.3000879,-1.4399121,-2.899912,-0.09991211,2.8900878,4.0000877,-0.8499121,-1.6499121,0.6700879,-2.5599122,-1.719912,-0.39991212,-1.3899121
-1.6299121,-2.5399122,-6.7299123,-8.579912,-4.569912,-6.589912,-6.969912,3.550088,1.3200879,-5.789912,-7.2499123,-6.069912,1.3800879,0.4200879,-0.4799121,1.6000879,0.99008787,-0.8699121,-3.0599122,-3.229912,-1.1199121,-1.5099121,-1.6999121,-1.5799121,-0.42991212,0.44008788,0.5300879,1.3000879,1.2900879,1.5800879,-0.5199121,-1.9899122,-0.8399121,-0.9099121,1.9200879,0.4200879,3.730088,3.6400878,-0.2999121,-2.3399122,-0.5799121
-3.1199121,-1.3099121,-3.8299122,-6.4799123,-4.359912,-2.959912,-3.8399122,-5.719912,3.9400878,-1.5099121,-3.229912,-6.089912,-7.219912,-5.1899123,-3.6299121,3.830088,3.9000878,6.200088,6.0400877,2.1700878,-0.3899121,-1.7699121,-2.749912,-2.3899121,-1.589912,-1.1599121,0.05008789,0.7300879,1.1300879,2.350088,2.020088,-0.45991212,-2.529912,-2.8199122,-2.759912,-0.7499121,-2.919912,-2.259912,-1.1399121,-0.4099121,1.8800879
-5.179912,-3.269912,-1.589912,-5.759912,-8.079912,-2.759912,-2.1299121,-2.919912,-1.6499121,4.260088,0.8600879,-0.75991213,-1.4099121,-8.539912,-7.889912,-8.379912,-2.3099122,-1.4199121,2.270088,0.9100879,-1.9899122,-3.419912,-5.199912,-4.9599123,-3.0499122,-0.9999121,-1.7299122,-1.9599121,-1.2699121,1.2700878,2.720088,3.1600878,0.8300879,-0.8599121,1.8600879,1.410088,1.910088,-1.6799121,-1.9299121,-1.8699121,-1.9499121
-3.7999122,-3.439912,-4.469912,-3.719912,-5.159912,-7.789912,-1.6099122,-2.779912,0.6900879,-0.029912109,-0.3799121,4.900088,3.530088,1.5400879,0.38008788,-3.3599122,-7.009912,-3.3699121,-1.5199121,0.2800879,-0.2599121,-2.669912,-3.5999122,-4.449912,-4.2499123,-3.6199121,-2.749912,-1.5499121,-0.8899121,-1.4299121,-2.729912,2.290088,4.370088,4.340088,4.050088,2.4000878,-1.4099121,1.8000879,3.060088,0.9000879,-1.1199121
-2.779912,-2.8799121,-3.919912,-3.769912,-3.8899121,-3.3599122,-5.629912,-1.6199121,-1.1199121,-0.08991211,1.1000879,2.050088,1.3000879,6.4800878,3.6700878,1.7900879,-1.4299121,-2.239912,-2.239912,-1.4399121,-1.2499121,-1.2099121,-1.6399121,-2.999912,-2.939912,-3.259912,-2.6199121,-1.5099121,-0.6099121,0.19008788,-0.069912106,-1.3799121,-2.529912,6.660088,6.2300878,0.8900879,1.0900879,-1.9599121,0.1300879,3.6700878,2.4600878
-3.029912,-3.3099122,-3.0699122,-3.8299122,-4.619912,-3.0599122,-1.8899121,-2.5899122,-6.569912,1.7900879,1.3800879,1.660088,-3.019912,-1.2399122,4.170088,6.2900877,4.920088,3.340088,0.3900879,0.3000879,-0.08991211,-1.4499121,-2.2899122,-3.149912,-2.749912,-2.7999122,-3.169912,-0.30991212,2.290088,2.020088,0.9200879,-1.5599121,-1.9499121,1.7500879,7.5600877,2.220088,1.1700879,2.490088,1.5000879,1.6200879,0.5600879
-3.509912,-2.269912,-3.449912,-3.739912,-4.609912,-4.389912,-2.779912,0.12008789,0.87008786,-2.7899122,0.20008789,0.6100879,1.8100879,-1.7099121,-2.479912,-1.2999121,-1.6599121,0.6900879,2.340088,1.9200879,-0.3599121,-2.5699122,-3.1399121,-3.729912,-4.4599123,-5.7099123,-5.889912,-2.729912,-1.1299121,0.3300879,0.16008788,-0.09991211,-1.3099121,-0.029912109,-0.8999121,-1.9799122,-0.8299121,0.6600879,1.9300879,1.530088,0.9400879
-2.5599122,-2.8299122,-3.669912,-3.2899122,-4.299912,-2.2899122,-2.699912,-2.239912,-0.5399121,1.2900879,-0.6199121,-0.07991211,-0.6099121,2.800088,0.1300879,-0.9799121,0.20008789,-0.15991211,-1.0199121,1.1900879,0.4500879,-1.5399121,-2.3099122,-3.269912,-5.6899123,-5.569912,-5.619912,-3.3499122,-3.2899122,-1.4399121,-1.0499121,-0.81991214,-1.2699121,-2.0499122,-1.4499121,-0.9199121,-1.0199121,-0.9099121,-2.269912,-1.9999121,-0.6899121
-2.0999122,-3.429912,-4.149912,-5.629912,-5.109912,-4.559912,-4.449912,-2.179912,-1.219912,-0.2099121,0.3600879,0.10008789,-0.3199121,1.2200879,1.6800879,2.4400878,2.1400878,2.2000878,0.9000879,-0.5499121,1.410088,-1.4499121,-2.8399122,-3.3399122,-3.419912,-5.889912,-3.5599122,-2.769912,-1.7399122,-0.3599121,0.05008789,-1.1699121,-1.089912,-1.3299121,-2.189912,-1.8199121,-0.6899121,-1.2299122,-1.8799121,-1.8199121,-1.7499121
-1.6199121,-3.759912,-5.829912,-4.399912,-5.429912,-4.799912,-4.619912,-4.129912,-2.2899122,0.04008789,0.5900879,0.9500879,1.3200879,-0.7999121,1.1700879,2.780088,3.270088,2.990088,2.9100878,2.4100878,0.8400879,-0.7799121,-2.429912,-2.3899121,-4.649912,-2.1299121,-2.529912,-2.179912,-2.0999122,-1.9299121,-1.6099122,-1.2799121,-0.8899121,-1.0999122,-1.6399121,-1.6399121,-0.4699121,-0.5499121,-0.3899121,-2.709912,-0.81991214
