wind_kz.json
{"header": {"discipline":0,"disciplineName":"Meteorological products","gribEdition":2,"gribLength":1025,"center":7,"centerName":"US National Weather Service - NCEP(WMC)","subcenter":0,"refTime":"2023-09-22T00:00:00.000Z","significanceOfRT":1,"significanceOfRTName":"Start of forecast","productStatus":0,"productStatusName":"Operational products","productType":1,"productTypeName":"Forecast products","productDefinitionTemplate":0,"productDefinitionTemplateName":"Analysis/forecast at horizontal level/layer at a point in time","parameterCategory":2,"parameterCategoryName":"UnknownDiscipline_0_Category_2","parameterNumber":3,"parameterNumberName":"UnknownParameter_D0_C2_3","parameterUnit":"Unknown","genProcessType":2,"genProcessTypeName":"Forecast","forecastTime":300,"surface1Type":103,"surface1TypeName":"Specified height level above ground","surface1Value":10.0,"surface2Type":255,"surface2TypeName":"Missing","surface2Value":0.0,"gridDefinitionTemplate":0,"gridDefinitionTemplateName":"Latitude_Longitude","numberPoints":615,"shape":6,"shapeName":"Earth spherical with radius of 6,371,229.0 m","gridUnits":"degrees","resolution":48,"winds":"true","scanMode":64,"nx":41,"ny":15,"basicAngle":0,"lo1":47.0,"la1":41.0,"lo2":87.0,"la2":55.0,"dx":1.0,"dy":1.0}, "data":
[rows 0 to 14 of 15, columns 0 to 40 of 41]
2.2082665,1.3782666,-2.7517333,-3.3717334,-3.1517334,-3.3217335,4.6782665,5.9782667,4.5782666,3.6682665,2.9382665,1.0082666,0.1782666,-0.1517334,-1.8117334,-2.3417335,-2.5717335,-3.8717334,-5.3017335,-4.9817333,-4.351733,-2.0917335,-0.68173337,0.5182666,3.4582665,1.2082666,1.2382666,1.2082666,0.6882666,4.1582665,2.0282667,-0.3217334,1.4882666,1.2182666,1.1582665,1.7382666,-0.7017334,0.7882666,0.7782666,-3.4817333,1.2482666
3.4182665,0.2982666,-2.0017333,-2.5817335,-0.8717334,-1.6217334,6.7282667,6.2682667,6.0182667,4.358267,2.7282667,2.6882665,0.4082666,-0.6017334,-1.4817334,-1.3517334,-2.1617334,-3.4117334,-3.8717334,-5.1817336,-6.6517334,-3.6917334,-2.7117333,-1.6317334,0.028266601,-0.5617334,-0.3617334,0.6282666,-0.7517334,1.2482666,-0.3617334,1.9182667,2.0382667,1.5082666,1.8082666,2.3782666,0.7882666,0.8782666,1.9682666,0.1982666,1.4782666
-4.4117336,-2.5217333,-3.0717335,1.2482666,2.5982666,2.4282665,6.5182667,6.7182665,6.3482666,5.168267,3.4182665,1.9682666,1.1982666,-0.7217334,-1.6417334,-2.7917335,-1.2817334,-3.4017334,-3.8717334,-4.7217336,-2.5517335,-4.7917333,-4.601733,-3.7517333,-3.9417334,-1.5017334,0.4282666,1.2182666,3.0982666,-0.9817334,-0.29173338,-1.0617334,-2.5817335,-2.8217335,-1.8117334,-0.9617334,-1.4517334,-2.8017335,1.3482666,3.2182665,2.2782667
-4.6117334,-4.6817336,-1.7517334,2.7682667,6.8382664,9.408267,7.9782667,8.018267,6.9482665,3.7182665,1.6482666,-1.9917334,-2.6117334,-4.4117336,-3.3317335,-0.2317334,-2.3217335,-3.1017334,-3.6117334,-3.4117334,-2.8917334,-3.1617334,-2.2917335,-3.1917334,-3.3817334,-3.7817335,-3.5017333,-2.6717334,0.1782666,-2.4817333,-3.7417333,-0.5717334,1.0682666,0.3982666,-0.1817334,-1.4517334,-3.5917335,-0.4017334,-0.5517334,-0.6617334,-1.8217334
-2.6717334,-4.081733,-1.9417334,2.3782666,9.998266,7.4882665,7.398267,6.1582665,5.2782664,4.2382665,2.7482667,0.8082666,-0.4417334,-0.9017334,-2.5717335,-1.4617333,-2.1817334,-2.8217335,-0.7117334,-0.4817334,-0.8417334,-2.1317334,-2.1417334,-3.2117333,-1.4117334,-3.6117334,-5.2617335,-3.7217333,-2.7117333,-1.2817334,-4.0017333,-3.1617334,-2.2917335,-0.6317334,0.3382666,0.7482666,-0.0717334,-0.5417334,0.4982666,0.3282666,-2.2317333
-1.8417335,-0.68173337,-3.7417333,-2.8417335,-0.4717334,-1.0517334,2.4382665,4.398267,4.4982667,3.5182667,3.1082666,2.0982666,1.0882666,-0.1017334,-3.5017333,-0.7917334,-1.3117334,-1.0917335,0.8982666,0.3682666,-0.031733397,-1.6817334,-1.9217334,-2.1317334,-1.9817334,1.9382666,0.4282666,-1.5617334,-3.0817335,-1.9817334,-1.3417335,-2.0317335,-2.4717333,-2.3117335,-0.3317334,0.0682666,-1.3817334,2.5882666,4.3482666,2.3282666,-0.8617334
1.7882667,5.1382666,3.4182665,4.4082665,3.2282667,2.2882667,2.4882667,2.2182665,3.9782667,2.9882667,2.6082666,2.3682666,3.0382667,1.5682666,0.2982666,-0.4117334,-1.3117334,-1.4017334,-0.7217334,-0.1417334,0.4782666,-0.1617334,-0.4417334,-1.5017334,-1.1417334,-1.1217334,-2.3717334,-2.7517333,-3.0517335,-3.4117334,-3.0717335,-3.6417334,-4.7217336,-3.2417333,0.7582666,-2.0417335,-0.6417334,-2.0417335,-0.7717334,1.4182667,-0.5617334
3.6782665,7.2882667,6.9882665,3.4182665,5.9582667,4.5882664,5.5082664,4.9882665,4.378267,3.9382665,2.8182666,1.8182666,1.6582665,1.2982666,0.4682666,-0.5417334,-1.8417335,-1.3117334,-1.3517334,-0.3617334,-0.4317334,-0.7717334,-1.0717334,-1.2117333,-2.3217335,-3.3217335,-1.9717335,-2.3917334,-1.3217334,-2.7717333,-3.7717333,-4.0217333,-4.5217333,-5.5917335,-4.4317336,-3.9817333,-0.4617334,-0.0017333984,1.6982666,0.2882666,-0.5417334
4.7682667,7.5882664,7.8082666,8.868267,8.118267,7.378267,6.0182667,5.5382667,4.9082665,3.8682666,3.5082667,2.3482666,2.1082666,1.6282666,0.2582666,-0.1317334,-0.6017334,-0.8717334,-1.3917334,-1.3817334,-0.9417334,-1.8317333,-2.5417335,-2.3217335,-2.4417334,-3.2417333,-1.9317334,-2.4117334,-2.3417335,-1.8917334,-3.0717335,-3.8117335,-4.1517334,-4.3217335,-3.7317333,-3.0417335,0.4082666,-2.1017334,-1.9117334,-0.5217334,0.1782666
7.0882664,7.7182665,7.0382667,6.2282667,4.6382666,4.6982665,5.5982666,5.918267,5.2282667,4.0682664,3.5682666,2.9882667,2.3382666,1.2882667,0.6082666,-0.1617334,-0.6417334,-0.8617334,-0.8117334,-0.9617334,-1.0517334,-1.4217334,-2.4717333,-1.9617333,-2.1917334,-1.9817334,-2.2817335,-2.1417334,-2.3817334,-1.4917334,-2.7517333,-2.8017335,-2.8117335,-3.6017334,-3.4117334,-2.0817335,-0.5417334,-0.2017334,-0.5117334,0.1582666,-0.6717334
6.9782667,6.878267,6.0082664,6.898267,7.0282664,6.168267,5.4482665,5.7682667,4.8882666,3.6882665,3.6682665,2.9482665,2.3682666,1.9582666,1.3982666,0.5782666,-0.2817334,-0.8417334,-0.6017334,-0.5717334,-1.1217334,-1.3017334,-1.3217334,-2.0917335,-2.0317335,-1.6317334,-0.8917334,-2.5917335,-1.5817333,-2.0617335,-2.5317335,-2.8517334,-2.6517334,-2.4217334,-2.4917333,-2.9417334,-2.2617333,-1.0617334,-2.8217335,-1.7217335,-1.4717335
4.418267,5.0682664,4.8682666,7.8882666,7.398267,7.648267,5.8282666,5.1982665,4.3282666,3.5482666,2.7782667,1.8282666,1.2582666,1.3582666,0.9782666,0.0882666,0.1282666,0.2282666,-0.1617334,-0.9017334,-0.5817334,-0.5217334,-1.3017334,-1.8617334,-1.8217334,-1.5017334,-2.2417333,-2.4417334,-2.2317333,-1.6017334,-1.5117334,-2.5817335,-2.2617333,-2.2617333,-2.1717334,-1.5217334,-1.8317333,-1.1817334,-0.3717334,-0.5317334,-0.9017334
3.1482666,4.4982667,5.128267,4.9582667,3.9382665,3.7682667,4.1382666,4.5782666,4.378267,2.8582666,0.9582666,2.3482666,2.4682665,2.0782666,2.5282667,1.2882667,0.5382666,0.1282666,0.8082666,0.2682666,-0.93173337,-1.4317334,-0.8517334,-2.0217333,-1.8117334,-2.1917334,-2.1517334,-2.2617333,-2.5017333,-2.3717334,-2.5417335,-2.1817334,-2.4317334,0.118266605,-1.6817334,-1.3617334,-0.8617334,-0.6317334,-1.5117334,-1.2517334,-0.29173338
5.858267,6.1782665,5.5782666,4.608267,5.1782665,5.4682665,5.108267,4.5282664,3.6582665,3.8582666,2.2582667,1.2382666,2.4582665,1.7682666,1.6982666,1.1782666,1.2782665,1.0182666,0.81826663,-0.2717334,-0.5417334,-0.6417334,-0.8517334,-1.1617334,-1.4217334,-1.9017334,-2.4217334,-2.3417335,-1.4017334,-1.8917334,-1.6317334,-1.0617334,-0.3317334,-1.0617334,-1.6217334,-2.3317335,-2.3717334,-0.6517334,0.2382666,-0.1417334,0.5882666
2.8382666,4.0882664,3.3882666,3.6182666,4.3082666,3.9882667,4.7782664,4.5182667,4.0382667,3.2582667,1.3082666,1.8782666,1.0482666,1.4482666,2.2082665,2.1982665,1.6682667,1.9282666,1.6782666,1.4282666,0.2582666,-0.1617334,-0.5217334,-1.5017334,-1.9917334,-1.9717335,-2.5017333,-2.2217333,-2.5317335,-2.3917334,-2.5717335,0.3282666,0.1082666,-0.051733397,-0.3917334,-0.2717334,-0.2717334,0.1882666,-0.3617334,-0.5817334,0.4782666
