wind_kz.json
{"header": {"discipline":0,"disciplineName":"Meteorological products","gribEdition":2,"gribLength":1025,"center":7,"centerName":"US National Weather Service - NCEP(WMC)","subcenter":0,"refTime":"2023-09-20T18:00:00.000Z","significanceOfRT":1,"significanceOfRTName":"Start of forecast","productStatus":0,"productStatusName":"Operational products","productType":1,"productTypeName":"Forecast products","productDefinitionTemplate":0,"productDefinitionTemplateName":"Analysis/forecast at horizontal level/layer at a point in time","parameterCategory":2,"parameterCategoryName":"UnknownDiscipline_0_Category_2","parameterNumber":2,"parameterNumberName":"UnknownParameter_D0_C2_2","parameterUnit":"Unknown","genProcessType":2,"genProcessTypeName":"Forecast","forecastTime":300,"surface1Type":103,"surface1TypeName":"Specified height level above ground","surface1Value":10.0,"surface2Type":255,"surface2TypeName":"Missing","surface2Value":0.0,"gridDefinitionTemplate":0,"gridDefinitionTemplateName":"Latitude_Longitude","numberPoints":615,"shape":6,"shapeName":"Earth spherical with radius of 6,371,229.0 m","gridUnits":"degrees","resolution":48,"winds":"true","scanMode":64,"nx":41,"ny":15,"basicAngle":0,"lo1":47.0,"la1":41.0,"lo2":87.0,"la2":55.0,"dx":1.0,"dy":1.0}, "data":
[rows 0 to 14 of 15, columns 0 to 40 of 41]
3.3290014,1.8990015,-1.8909985,1.6590015,1.3990015,0.25900146,-1.6809986,-3.2609985,-4.8209987,-4.8709984,-4.3309984,-5.5909986,-5.9209986,-4.9909987,-4.7309985,-3.1909986,-1.9709985,-1.2009985,0.39900148,3.6690016,4.2590013,2.7590015,1.7690015,1.9390014,-2.1309986,-0.44099852,1.9790015,3.1690016,0.54900146,1.6690015,0.16900146,2.0090015,0.9690015,-0.17099853,-0.45099854,-0.070998535,0.38900146,1.1190015,3.3390014,2.5190015,1.0990014
2.7990015,-2.0009985,2.0390015,2.5990014,2.9990015,-0.13099854,-1.8709985,-1.0009985,-4.6009984,-5.4909987,-5.8809986,-6.220999,-5.1209984,-4.6909986,-3.0109985,-1.5609986,-0.71099854,0.13900146,0.6990015,1.3190014,1.9390014,2.5390015,2.1490014,3.1990016,1.1990014,0.34900147,1.1390015,1.1690015,3.2390015,1.7590015,1.0990014,0.81900144,-0.47099853,0.99900144,0.31900147,2.1090014,2.0690014,0.41900146,-1.1109985,1.3390014,3.9890015
1.6190015,4.1790013,3.8290014,2.5490015,0.79900146,-0.90099853,-2.5509984,-3.7809985,-7.1809983,-6.6609983,-5.4809985,-5.5809984,-3.4809985,-3.8009984,-4.1309986,-3.6309986,-2.1409986,-0.100998536,1.1690015,1.3490014,0.27900147,-0.14099854,0.39900148,3.8290014,-0.20099853,1.6490015,2.0290015,0.23900147,2.6690016,0.049001466,1.1290015,-0.12099853,0.049001466,1.7890015,1.2390015,2.1590014,1.2590015,0.55900145,0.92900145,3.9190016,2.0390015
3.7890015,6.1290016,3.4990015,-2.8909986,-1.8609985,-3.3709986,-4.6609983,-6.0009985,-7.0509987,-6.8709984,-5.6209984,-4.6009984,-4.2909985,-3.4109986,-3.6609986,-3.1109986,-2.4509985,-2.1809986,-0.82099855,1.6190015,1.5690014,3.3590014,0.39900148,1.1590015,2.2590015,1.3990015,1.3590015,1.3790015,0.8890015,0.81900144,-0.040998533,0.5890015,-1.8309985,-0.95099854,-1.2009985,0.29900146,1.2390015,2.1390014,-1.5809985,0.8390015,0.79900146
-1.8909985,-3.9709985,-5.5009985,-6.1509986,-10.260999,-6.8609986,-7.7509985,-7.2809987,-6.6609983,-5.5109987,-4.7409987,-6.1209984,-5.4909987,-4.2609987,-3.0109985,-3.1409986,-2.7309985,-1.3709985,-0.7209985,-0.14099854,1.1390015,3.9890015,2.5690014,0.5290015,-1.6809986,-1.6009985,-3.6909986,-2.2409985,-1.8509985,-2.1709986,-1.5009985,1.2990015,3.8690014,4.5390015,-2.4609985,-0.9209985,-0.40099853,-0.9809985,-0.94099855,-1.4909985,-2.9509985
-5.1709986,-6.6909986,-8.320998,-9.050999,-9.100999,-8.790998,-7.970999,-6.3909984,-6.3109984,-5.9809985,-5.7809987,-5.4909987,-3.6709986,-3.4409986,-2.7409985,-2.8009984,-2.0109985,-1.6109985,-1.3409985,-0.34099853,-2.1909986,-2.7909985,-1.8409985,-1.8709985,-2.2209985,-0.9809985,-1.6809986,-1.0409986,-0.93099856,-1.3309985,-0.84099853,-0.37099853,0.12900147,0.019001465,0.6990015,2.7890015,1.1890014,0.90900147,-0.6709985,-1.2709985,-0.15099853
-7.0309987,-6.9309983,-7.4409986,-8.050999,-7.2009983,-6.9509983,-6.8909984,-6.1909986,-5.970999,-4.8809986,-3.7609985,-3.6609986,-2.6409986,-2.4809985,-1.1909986,-0.47099853,-0.64099854,-0.94099855,-1.2709985,-1.1309985,-1.6809986,-1.4509985,-1.5709985,-0.9909985,-0.16099854,1.1290015,2.7090015,2.6490014,2.0290015,1.3090014,1.5990014,0.97900146,-0.9109985,-0.030998535,-0.29099855,-1.1409985,2.5790014,2.1190014,6.1190014,1.1890014,-0.15099853
-6.1809983,-6.1209984,-6.1409984,-6.4909987,-5.4009986,-5.5009985,-4.5209985,-4.6909986,-4.6309986,-4.6109986,-4.1109986,-3.6909986,-3.1509986,-3.1109986,-2.4709985,-1.8809985,-1.5409986,-1.0309986,0.42900145,1.4090015,0.5290015,0.14900146,-0.52099854,1.1090015,1.9790015,2.1990016,2.3090014,2.3590014,4.029001,3.2990015,2.9790015,1.8290014,2.6390014,2.3890014,3.5890014,0.43900147,0.8290015,-1.6609986,-5.9409986,-6.6409984,-2.9709985
-5.0809984,-4.5309987,-4.2109985,-5.2009983,-4.8509984,-4.2509985,-3.9109986,-4.4509983,-4.3809986,-4.2009983,-3.9409986,-3.4109986,-2.1609986,-1.4709985,-2.0809984,-1.7409985,-1.4909985,-1.1109985,-0.7409985,0.22900146,3.3090014,2.8090014,1.8390014,1.5190015,1.6390015,2.9190016,3.1090014,2.7090015,2.8990014,3.2590015,2.9090014,3.6090014,3.4390016,2.0190015,2.5890014,-0.76099855,-1.0309986,1.6190015,0.37900147,-0.5309985,1.0390015
-4.5909986,-3.5309985,-3.9009986,-3.2809985,-3.1309986,-3.0909986,-3.0809984,-3.3809986,-1.9709985,-1.0609986,-0.94099855,-1.9409986,-0.9809985,0.31900147,-1.6609986,-3.0109985,-3.2409985,-2.6209986,-2.6509986,-3.1209986,-3.2409985,-1.7609985,0.079001464,1.7790015,2.3490014,2.7690015,2.5890014,2.4190016,2.9590015,3.4090014,3.7090015,2.0890014,1.8490014,2.3190014,1.7690015,2.2890015,-0.57099855,-0.59099853,2.8490014,1.2090014,0.8390015
-4.9009986,-5.2509985,-2.6309986,-3.3609986,-3.2809985,-3.2009985,-3.2609985,-1.7709985,-2.0409985,-2.3809986,-3.6409986,-2.8909986,-1.3709985,-3.7309985,-5.0109987,-5.4909987,-5.0909986,-3.5709984,-3.8609986,-4.7509985,-3.7709985,-4.6709986,-4.6009984,-4.6909986,-4.3909984,-4.4509983,-3.6309986,-2.6409986,-1.6509986,-0.44099852,-0.17099853,0.36900148,1.3990015,2.2790015,2.9290016,1.6690015,0.7590015,1.5190015,2.6890016,1.7990015,1.3890015
-2.7809985,-3.9509985,-0.37099853,-3.7509985,-2.1509986,-3.9509985,-3.4209986,-2.1609986,-1.8809985,-3.4309986,-4.5909986,-4.8409986,-5.1309986,-5.6909986,-4.9209986,-4.5609984,-3.3809986,-4.1309986,-4.1309986,-2.9709985,-2.8109984,-3.3209984,-4.0609984,-3.5609984,-3.2409985,-3.0709984,-2.0709984,-1.0409986,-0.28099853,-0.09099854,0.53900146,0.26900145,0.38900146,0.60900146,1.7690015,2.8690014,4.5590014,7.2990017,4.6890016,3.0190015,1.6090015
-1.5309986,-2.2109985,-1.3209985,-1.6609986,-3.0009985,-2.5209985,-4.4109983,-3.6509986,-5.0709987,-0.39099854,-1.8709985,-3.5509984,-3.8709986,-4.7409987,-4.8309984,-3.5709984,-4.4209986,-3.8609986,-3.3409986,-3.5909986,-3.3609986,-3.0509984,-2.8409986,-2.4209986,-2.1209986,-2.2709985,-1.1109985,-0.8509985,-0.52099854,0.23900147,0.44900146,1.3790015,1.7590015,2.6690016,2.8190014,3.2690015,3.2390015,3.3290014,3.5290015,4.0890017,2.7990015
-4.3009987,-3.8809986,-4.1709986,-5.220999,-5.3109984,-5.4609985,-4.720999,-3.8309984,-1.9709985,-0.6009985,-0.040998533,-2.6509986,-2.5409985,-3.4209986,-3.2509985,-3.5209985,-3.1809986,-3.6309986,-3.4709985,-3.3809986,-3.5409985,-3.0109985,-2.5709984,-1.9609985,-1.4709985,-0.7209985,-0.7309985,-0.34099853,0.54900146,0.85900146,1.7390015,2.2990015,2.0590014,3.0490015,3.1690016,3.2890015,3.1290014,3.8390014,4.4990015,3.0490015,3.6790016
-4.5809984,-6.1209984,-7.1909986,-5.8409986,-6.0709987,-5.7309985,-4.6409984,-4.0209985,-3.1209986,-3.3809986,-2.9809985,-1.9509985,-2.0509984,-2.5509984,-3.1709986,-3.3409986,-3.1009986,-3.0109985,-2.8509986,-2.8009984,-2.0909986,-1.6609986,-1.0009985,-0.56099856,-0.100998536,0.36900148,0.7690015,1.2790015,1.7990015,2.1290014,2.3790014,2.3590014,3.6890016,4.279001,4.1090016,4.6990013,3.2090015,4.0190015,3.9190016,4.0590014,3.0890014
