wind_kz.json
{"header": {"discipline":0,"disciplineName":"Meteorological products","gribEdition":2,"gribLength":1025,"center":7,"centerName":"US National Weather Service - NCEP(WMC)","subcenter":0,"refTime":"2024-04-07T06:00:00.000Z","significanceOfRT":1,"significanceOfRTName":"Start of forecast","productStatus":0,"productStatusName":"Operational products","productType":1,"productTypeName":"Forecast products","productDefinitionTemplate":0,"productDefinitionTemplateName":"Analysis/forecast at horizontal level/layer at a point in time","parameterCategory":2,"parameterCategoryName":"UnknownDiscipline_0_Category_2","parameterNumber":2,"parameterNumberName":"UnknownParameter_D0_C2_2","parameterUnit":"Unknown","genProcessType":2,"genProcessTypeName":"Forecast","forecastTime":0,"surface1Type":103,"surface1TypeName":"Specified height level above ground","surface1Value":10.0,"surface2Type":255,"surface2TypeName":"Missing","surface2Value":0.0,"gridDefinitionTemplate":0,"gridDefinitionTemplateName":"Latitude_Longitude","numberPoints":615,"shape":6,"shapeName":"Earth spherical with radius of 6,371,229.0 m","gridUnits":"degrees","resolution":48,"winds":"true","scanMode":64,"nx":41,"ny":15,"basicAngle":0,"lo1":47.0,"la1":41.0,"lo2":87.0,"la2":55.0,"dx":1.0,"dy":1.0}, "data":
[rows 0 to 14 of 15, columns 0 to 40 of 41]
-0.924259,0.045740966,-1.394259,-2.2342591,-1.9242591,-1.134259,0.99574095,0.14574097,-3.844259,-2.204259,-2.604259,-2.354259,-1.114259,-2.164259,-2.354259,-2.534259,-1.834259,-3.584259,-3.404259,-2.864259,-3.064259,-2.374259,-0.844259,0.11574097,-3.064259,-1.444259,1.065741,1.9757409,2.185741,1.865741,2.835741,0.015740966,0.23574096,1.935741,-1.0342591,-1.1542591,-1.384259,-2.394259,-3.704259,-2.404259,-2.494259
-0.45425904,-2.024259,-1.764259,-1.444259,-0.39425904,-1.014259,-1.454259,-1.974259,-1.6542591,-1.994259,-2.264259,-1.4042591,-0.114259034,-0.34425902,-1.504259,-1.9242591,-2.364259,-3.314259,-2.664259,-4.664259,-4.684259,-3.104259,-1.854259,-0.06425903,0.56574094,-1.0242591,0.26574096,0.905741,1.985741,1.245741,0.895741,2.475741,-0.58425903,0.055740967,-0.55425906,1.5957409,0.065740965,-1.2942591,-0.714259,-1.4142591,-1.194259
-2.804259,-2.084259,-0.68425906,-1.734259,-1.3042591,-1.984259,-1.454259,-1.4142591,-0.33425903,-1.364259,-1.844259,0.955741,2.165741,2.655741,0.40574098,-0.10425904,0.18574096,-0.914259,-2.004259,-2.7142591,-2.844259,-2.564259,-0.62425905,-0.83425903,0.785741,1.4657409,-1.4042591,-1.6542591,-0.21425903,-0.51425904,1.305741,-0.94425905,1.985741,0.16574097,-4.484259,-1.464259,-0.604259,-1.334259,-1.624259,1.515741,0.0057409666
-3.194259,-3.2342591,-3.104259,-1.564259,-0.49425903,-0.69425905,0.36574095,0.85574096,1.315741,0.775741,1.615741,2.7757409,2.435741,3.835741,1.675741,1.3457409,0.79574096,0.825741,0.655741,0.99574095,-1.104259,0.47574097,0.035740968,2.585741,1.2157409,2.7857409,0.72574097,2.0257409,4.765741,1.245741,2.075741,3.415741,5.325741,0.885741,3.975741,3.595741,-0.45425904,-1.4042591,0.525741,3.415741,1.855741
-1.9242591,-2.314259,-1.4042591,-0.42425904,0.61574095,2.295741,2.935741,4.445741,4.845741,3.805741,4.505741,3.915741,0.965741,1.405741,0.19574097,1.775741,1.235741,1.785741,1.605741,0.30574095,1.865741,0.585741,1.045741,-1.884259,-1.994259,-0.52425903,1.735741,2.815741,5.275741,5.165741,5.315741,1.805741,1.685741,-1.3042591,-1.004259,-0.82425904,2.835741,4.515741,2.665741,1.525741,2.065741
1.7057409,2.5157409,1.5757409,1.615741,1.175741,2.145741,4.145741,5.255741,4.825741,4.6357408,4.875741,4.785741,0.12574096,2.2657409,-1.764259,3.805741,3.985741,3.085741,1.4557409,0.645741,1.355741,1.8357409,-0.09425903,0.24574097,1.855741,1.815741,2.0157409,0.585741,4.095741,5.435741,6.165741,7.115741,6.825741,7.475741,5.775741,1.655741,5.835741,7.4057407,3.735741,3.995741,4.915741
4.705741,5.315741,5.975741,5.825741,4.755741,5.115741,5.685741,5.895741,5.965741,5.565741,5.015741,4.375741,2.125741,4.215741,3.745741,5.495741,4.425741,2.465741,-0.22425903,-0.33425903,0.62574095,0.69574094,1.1957409,-0.38425905,-0.28425902,1.2257409,1.0757409,1.375741,2.055741,3.225741,4.105741,4.875741,4.585741,4.645741,3.2757409,2.795741,2.135741,-0.714259,2.445741,-0.114259034,0.15574096
4.455741,5.165741,4.785741,6.915741,7.375741,6.835741,6.325741,5.715741,6.035741,5.335741,4.965741,4.945741,4.415741,2.625741,3.615741,-0.76425904,-2.134259,-1.824259,-0.80425906,1.125741,0.48574096,0.29574096,-0.16425903,-0.48425904,-1.2742591,0.35574096,0.86574095,1.9557409,2.215741,1.145741,1.055741,1.625741,1.3357409,1.915741,4.195741,2.885741,0.47574097,2.175741,4.765741,3.295741,2.145741
3.075741,3.5357409,4.815741,4.835741,5.205741,5.695741,5.215741,5.055741,5.665741,5.435741,5.055741,4.305741,0.31574097,2.555741,0.17574097,1.045741,-0.39425904,-2.504259,-1.7742591,0.28574097,0.785741,-0.964259,-2.174259,-2.104259,-0.864259,0.765741,-0.33425903,-0.074259035,0.37574098,-0.23425904,-0.844259,-0.664259,0.015740966,1.505741,3.385741,3.915741,0.47574097,-0.47425902,1.145741,0.25574097,1.135741
3.125741,3.685741,4.675741,4.645741,3.925741,4.275741,3.805741,4.875741,4.845741,4.415741,4.555741,1.2257409,-0.52425903,-0.50425905,-1.574259,-2.434259,-4.474259,-4.274259,-3.834259,-3.694259,-5.424259,-5.134259,-4.474259,-4.504259,-4.294259,-3.534259,-3.874259,-2.174259,-1.324259,0.45574096,2.215741,3.095741,3.385741,4.335741,1.4457409,2.065741,0.97574097,0.22574097,1.545741,1.145741,-0.56425905
2.7657409,2.605741,1.985741,0.705741,2.0157409,3.005741,2.745741,4.415741,2.725741,1.815741,0.93574095,-1.584259,-1.3042591,-2.004259,-3.7242591,-5.414259,-5.874259,-5.464259,-5.414259,-5.934259,-6.204259,-5.974259,-5.984259,-5.494259,-4.8642592,-3.804259,-2.194259,-0.734259,0.715741,2.755741,3.895741,4.995741,5.535741,2.375741,2.085741,0.845741,0.37574098,1.285741,0.19574097,0.18574096,1.185741
2.185741,1.7057409,2.345741,2.255741,1.815741,1.925741,1.285741,-0.654259,-0.49425903,-3.494259,-7.0942593,-5.124259,-5.014259,-6.484259,-4.894259,-5.534259,-6.264259,-5.424259,-6.174259,-5.254259,-5.434259,-4.494259,-5.264259,-4.124259,-4.514259,-3.394259,-2.2242591,-0.52425903,-0.25425902,0.12574096,1.365741,1.735741,2.145741,2.2757409,1.0857409,2.825741,3.595741,2.925741,1.905741,1.245741,1.005741
1.885741,2.325741,1.9557409,3.245741,2.7657409,2.115741,-0.06425903,-1.014259,-1.354259,-4.224259,-2.454259,-3.314259,-1.824259,-6.144259,-4.544259,-4.514259,-5.154259,-4.904259,-4.504259,-4.754259,-4.434259,-4.244259,-3.844259,-2.614259,-2.7142591,-2.384259,-1.444259,-1.694259,-1.704259,-1.2742591,-1.1742591,-0.914259,-0.82425904,-1.644259,-0.81425905,-0.534259,1.395741,1.7257409,2.2757409,2.175741,0.20574097
2.115741,1.8357409,3.565741,2.705741,1.9757409,0.905741,-0.26425904,-0.56425905,-0.844259,-1.9142591,-2.074259,-2.324259,-1.584259,-3.124259,-4.3442593,-4.464259,-4.874259,-5.3442593,-5.3442593,-5.734259,-5.634259,-5.3442593,-5.184259,-4.664259,-4.104259,-3.564259,-3.284259,-3.134259,-2.694259,-2.2242591,-2.074259,-2.264259,-2.904259,-2.704259,-1.5242591,-2.094259,-0.93425906,-0.34425902,0.965741,0.885741,0.015740966
2.415741,2.205741,2.145741,2.345741,1.305741,0.30574095,-0.544259,-1.124259,-1.2742591,-2.4842591,-2.004259,-2.644259,-1.974259,-1.114259,-2.414259,-3.514259,-5.024259,-4.754259,-4.764259,-5.3642592,-5.494259,-5.624259,-5.104259,-5.254259,-4.924259,-4.584259,-4.3442593,-4.274259,-3.694259,-3.374259,-3.294259,-3.344259,-2.784259,-2.944259,-2.914259,-2.364259,-1.834259,-0.70425904,1.0857409,0.80574095,0.34574097
