wind_kz.json
{"header": {"discipline":0,"disciplineName":"Meteorological products","gribEdition":2,"gribLength":1025,"center":7,"centerName":"US National Weather Service - NCEP(WMC)","subcenter":0,"refTime":"2023-09-19T00:00:00.000Z","significanceOfRT":1,"significanceOfRTName":"Start of forecast","productStatus":0,"productStatusName":"Operational products","productType":1,"productTypeName":"Forecast products","productDefinitionTemplate":0,"productDefinitionTemplateName":"Analysis/forecast at horizontal level/layer at a point in time","parameterCategory":2,"parameterCategoryName":"UnknownDiscipline_0_Category_2","parameterNumber":2,"parameterNumberName":"UnknownParameter_D0_C2_2","parameterUnit":"Unknown","genProcessType":2,"genProcessTypeName":"Forecast","forecastTime":0,"surface1Type":103,"surface1TypeName":"Specified height level above ground","surface1Value":10.0,"surface2Type":255,"surface2TypeName":"Missing","surface2Value":0.0,"gridDefinitionTemplate":0,"gridDefinitionTemplateName":"Latitude_Longitude","numberPoints":615,"shape":6,"shapeName":"Earth spherical with radius of 6,371,229.0 m","gridUnits":"degrees","resolution":48,"winds":"true","scanMode":64,"nx":41,"ny":15,"basicAngle":0,"lo1":47.0,"la1":41.0,"lo2":87.0,"la2":55.0,"dx":1.0,"dy":1.0}, "data":
[rows 0 to 14 of 15, columns 0 to 40 of 41]
-1.7983985,0.54160154,2.9016016,2.7516015,1.2416016,1.9416015,2.8116016,2.8816016,4.2616014,3.0316017,5.3716016,5.0516014,2.7116015,2.0316017,0.48160157,1.9416015,1.7716016,2.7416015,0.8616016,-0.118398435,-1.7283984,1.5916016,1.2516016,0.021601563,-0.76839846,-1.0583985,-2.0083985,-1.5183984,0.25160158,0.15160157,-1.4183984,1.4916016,-0.83839846,0.65160155,-3.2783985,-4.1683984,-3.6583984,-2.8183985,-1.8883984,-0.06839844,-1.7883984
1.1216016,2.4716015,3.4416015,2.4816015,2.2516015,2.2216015,2.4116015,1.4116015,3.3216016,5.3016014,4.171602,3.8116016,-1.0683985,-1.6283984,0.21160156,0.9316016,-0.37839845,-1.7483984,0.21160156,1.5016016,1.5616015,1.3716016,1.0216016,-1.8383985,0.42160156,0.91160154,-0.92839843,0.24160156,-1.1883985,-0.8783984,0.21160156,-0.6383984,0.20160156,-1.9783984,1.1016016,0.051601563,-0.7583984,-0.008398438,0.31160155,1.6616015,-1.5283984
1.3716016,4.4116015,4.2316017,3.2816017,3.8416016,2.6416016,2.9316015,3.1316016,3.1016016,1.2516016,2.2316015,3.3516016,1.8216015,-2.4283984,-0.82839847,0.9916016,-0.35839844,0.061601564,0.54160154,2.0416017,-2.6783984,-3.2783985,-2.9083984,-2.6883984,1.6316016,-1.3783984,-0.70839846,-2.2183983,-1.5583985,-0.91839844,-1.4883984,1.3816016,-1.0383984,-0.118398435,1.6316016,-0.27839842,-0.10839844,0.27160156,2.6816015,1.8416016,2.4216015
3.0816016,5.1316013,5.0016017,4.4316015,4.1416016,3.5516016,3.1916015,3.2516015,2.1416016,3.0816016,4.0916014,2.0116014,0.40160155,-5.0383983,-1.9483985,1.3116015,0.35160157,-1.0383984,0.92160153,-1.6683984,0.13160156,-1.4983984,-1.4083984,-3.7583985,-4.328398,-4.3083982,-3.4783983,-7.2083983,-2.6683984,-1.1583984,-1.6183984,-3.1183984,-3.3183985,-3.1083984,-3.2183983,-2.2683985,-1.8183985,2.5316017,0.41160157,0.49160156,-0.28839844
2.6216016,3.2316015,5.1416016,3.6216016,3.5316017,3.7816017,3.7916017,0.7516016,3.8816016,4.5016017,4.6316013,4.3916016,0.21160156,3.4516015,-4.9583983,1.9016016,0.8016016,-2.6383984,-1.9683985,-3.5483985,-6.7583985,-5.2683983,-5.098398,-4.9883986,-4.6883984,-4.3883986,-5.4983983,-3.1483984,-3.7083983,-3.5583985,-2.7583985,-2.7383986,-2.0183985,1.5316015,-0.118398435,-1.2483984,-1.4483985,-2.8083985,-2.6583984,-1.6283984,-2.9283984
1.0116016,0.76160157,2.6216016,2.7616014,2.4916015,2.2316015,-1.7283984,-0.07839844,2.8816016,4.8616014,2.6016016,0.98160154,0.10160156,-3.7483985,-2.2783985,-0.84839845,-2.9983985,-3.3883984,-4.348398,-3.7383986,-4.3083982,-4.0483985,-4.1983986,-4.328398,-4.1283984,-4.6083984,-3.1583984,-3.9183984,-3.5283985,-4.6383986,-3.5683985,-2.8183985,-2.6483984,-0.73839843,0.24160156,0.57160157,1.2316016,-1.7083985,0.39160156,-1.4883984,-2.6783984
0.79160154,1.5516015,1.2716016,1.8516016,1.5416015,1.3416016,-1.0083984,-0.10839844,-0.30839843,-3.1383984,-4.5683985,-4.7983985,-5.6783986,-6.2383986,-3.0083985,0.0016015625,1.8316016,-2.6283984,-3.8783984,-4.9383984,-3.9883986,-3.6883984,-4.078398,-4.0583982,-3.9183984,-3.5683985,-1.9283985,-2.2483985,-3.0983984,-3.9783983,-3.3783984,-3.3283985,-0.5083984,-1.5683985,-2.7783985,-2.1683984,-0.66839844,1.2716016,-1.4583985,0.57160157,1.5316015
1.1616015,0.77160156,0.9916016,1.3216015,1.9816016,0.5016016,1.2916015,-1.5683985,-0.58839846,-1.6183984,-3.0283985,-3.3883984,-1.1683984,-2.5983984,-2.0183985,-1.6183984,-1.7683984,-2.9983985,-2.8983984,0.6116016,-2.5883985,-3.6183984,-2.8783984,-3.2083983,-2.8583984,-0.95839846,-1.6583984,-2.6483984,-2.1983984,-2.4583983,-2.9383984,-1.7583984,-3.8983984,-0.46839845,-2.3483984,-1.0483985,-0.91839844,-0.42839843,-1.0883985,-2.1383984,-1.6783985
2.3316016,1.6916015,1.8216015,1.3416016,1.1116016,1.0416015,0.76160157,0.46160156,0.15160157,-0.42839843,-1.4083984,-0.9383984,-2.1383984,-2.1783984,-2.7483985,-0.54839844,0.19160156,-1.6883985,2.4616015,4.6316013,-3.9083984,-2.9183984,-2.3583984,-2.8283985,-2.2483985,-2.2883985,-1.0783985,-1.2883984,-0.058398437,-0.41839844,-0.5083984,-1.0183984,0.061601564,-0.70839846,0.9316016,0.34160155,-0.41839844,-1.3983984,-0.90839845,0.43160155,-1.9483985
3.2616014,3.0716016,2.9516015,2.1216016,0.70160156,1.2316016,0.45160156,-0.53839844,-1.1383984,1.0516015,1.6516016,1.7316016,0.12160156,1.7016015,2.8316016,0.8116016,0.84160155,2.2516015,2.0116014,-2.6383984,-3.5683985,-2.9883986,-2.0883985,-2.0483985,-1.6583984,-1.8383985,-0.8883984,-0.12839843,0.14160156,0.38160157,0.6916016,0.5616016,0.57160157,0.7516016,0.72160155,0.9916016,-1.3283985,-0.26839843,-1.0983984,0.17160156,-0.9483984
2.2516015,3.0016015,2.5516016,2.9016016,0.77160156,-0.20839843,1.7916015,0.47160158,-0.89839846,-0.9483984,-1.6883985,-0.24839844,0.051601563,0.6316016,-0.39839843,-3.1783984,-0.95839846,3.5216017,-0.64839846,-3.5683985,-2.5283985,-2.7183983,-2.5383985,-2.0383985,-1.5283984,-1.4183984,-0.65839845,-0.12839843,1.1116016,1.4816016,0.8816016,2.0516016,1.8916016,0.59160155,1.1516016,-0.7583984,-1.0783985,0.37160155,-0.83839846,0.85160154,-0.7583984
1.4016016,1.8516016,1.7116016,2.3516016,1.9516015,-0.07839844,0.43160155,0.53160155,0.47160158,-0.21839844,-0.8083984,0.54160154,-0.25839844,-0.22839844,-0.21839844,-2.4883986,0.47160158,-0.40839845,-2.2283983,-2.0983984,-2.1683984,-1.5283984,-1.1683984,-1.2483984,0.58160156,-1.4883984,-0.89839846,0.64160156,0.77160156,0.66160154,0.6116016,-2.0283985,-0.29839844,0.91160154,0.04160156,-1.5883985,-0.37839845,-0.44839844,0.031601563,-0.18839844,-0.45839843
1.7416016,1.9716016,2.2416015,1.8016015,1.3816016,0.92160153,1.3116015,1.2216016,1.0716015,-0.53839844,-0.09839844,0.42160156,0.36160156,0.38160157,1.4816016,-1.1983985,-1.3483984,-2.5083985,-1.1583984,-0.5583984,-0.20839843,0.24160156,1.1116016,0.24160156,0.9916016,0.12160156,-0.5083984,-1.4883984,-2.3283985,-1.0483985,-1.6283984,-1.7483984,-1.0583985,-1.6383984,-1.9383985,-2.0483985,-1.7483984,-1.5383984,-2.4783983,-1.4483985,-0.66839844
1.8516016,1.8016015,3.0016015,2.1816015,1.7316016,1.5616015,1.5716015,1.9216015,1.4716016,0.42160156,-0.15839843,0.77160156,0.9316016,0.98160154,1.2416016,1.6816015,0.6116016,1.6416016,-0.23839843,1.3816016,0.46160156,0.27160156,1.3316016,0.28160155,1.4716016,-1.0783985,-0.5083984,0.031601563,-0.92839843,-0.8883984,-1.2583984,-1.4583985,-1.1283984,-1.0283984,-1.2283984,-1.5683985,-1.8983984,-1.7683984,-1.9683985,-0.95839846,-0.12839843
0.5516016,1.9216015,2.5616016,1.6916015,2.2916017,1.7816015,2.8416016,2.1716015,2.9716015,1.1816015,-0.12839843,0.84160155,1.1916015,1.0516015,2.3316016,2.0216017,1.3916016,2.1016016,0.17160156,1.1116016,0.5016016,1.1216016,1.2316016,1.1516016,1.6116016,0.96160156,0.9916016,0.8616016,0.73160154,0.39160156,-0.07839844,-1.2183985,-1.6183984,-0.73839843,-0.96839845,-1.3783984,-1.2183985,-1.6083984,-1.3183985,-0.57839847,-0.49839842
