wind_kz.json
{"header": {"discipline":0,"disciplineName":"Meteorological products","gribEdition":2,"gribLength":871,"center":7,"centerName":"US National Weather Service - NCEP(WMC)","subcenter":0,"refTime":"2023-09-23T06:00:00.000Z","significanceOfRT":1,"significanceOfRTName":"Start of forecast","productStatus":0,"productStatusName":"Operational products","productType":1,"productTypeName":"Forecast products","productDefinitionTemplate":0,"productDefinitionTemplateName":"Analysis/forecast at horizontal level/layer at a point in time","parameterCategory":0,"parameterCategoryName":"UnknownDiscipline_0_Category_0","parameterNumber":0,"parameterNumberName":"UnknownParameter_D0_C0_0","parameterUnit":"Unknown","genProcessType":2,"genProcessTypeName":"Forecast","forecastTime":180,"surface1Type":1,"surface1TypeName":"Ground or water surface","surface1Value":0.0,"surface2Type":255,"surface2TypeName":"Missing","surface2Value":0.0,"gridDefinitionTemplate":0,"gridDefinitionTemplateName":"Latitude_Longitude","numberPoints":615,"shape":6,"shapeName":"Earth spherical with radius of 6,371,229.0 m","gridUnits":"degrees","resolution":48,"winds":"true","scanMode":64,"nx":41,"ny":15,"basicAngle":0,"lo1":47.0,"la1":41.0,"lo2":87.0,"la2":55.0,"dx":1.0,"dy":1.0}, "data":
[rows 0 to 14 of 15, columns 0 to 40 of 41]
291.51776,281.71774,287.71774,293.61774,293.71774,293.11774,292.91776,292.91776,290.21774,289.51776,289.11774,290.11774,289.31775,288.81775,288.51776,286.31775,286.71774,288.11774,287.21774,287.91776,290.31775,286.61774,284.51776,285.61774,289.51776,290.11774,288.31775,274.41776,275.81775,273.11774,273.11774,274.21774,283.11774,289.01776,290.11774,290.41776,290.71774,289.71774,290.11774,288.91776,288.91776
273.81775,286.41776,293.11774,293.61774,293.21774,292.11774,291.41776,289.81775,288.41776,288.61774,289.71774,287.81775,287.21774,286.61774,284.91776,285.01776,286.01776,286.21774,285.11774,284.91776,286.41776,287.11774,285.51776,279.51776,270.81775,269.71774,280.31775,274.71774,275.01776,270.91776,277.91776,268.71774,277.31775,254.71774,274.41776,286.51776,285.41776,288.01776,290.51776,283.31775,283.61774
288.91776,292.81775,293.51776,293.21774,291.41776,290.71774,289.61774,289.21774,287.91776,287.11774,286.11774,286.61774,284.61774,285.51776,287.41776,284.31775,284.31775,284.01776,284.71774,284.41776,288.01776,285.01776,284.91776,284.51776,285.51776,285.31775,286.21774,285.51776,285.31775,279.21774,271.41776,273.61774,277.61774,280.91776,282.11774,280.71774,275.81775,276.71774,276.71774,271.21774,272.41776
291.81775,292.21774,293.31775,292.31775,291.11774,288.71774,290.41776,288.91776,288.81775,287.41776,286.31775,285.31775,290.71774,290.31775,286.11774,286.11774,286.91776,284.21774,285.31775,289.61774,285.21774,280.51776,286.11774,287.31775,289.81775,291.41776,289.91776,287.21774,286.01776,287.61774,285.91776,284.81775,287.41776,286.81775,284.61774,285.61774,275.61774,271.61774,276.71774,284.51776,286.91776
291.51776,292.01776,292.21774,291.21774,290.61774,289.61774,290.81775,290.11774,288.81775,288.21774,287.31775,285.41776,289.51776,288.61774,287.21774,287.41776,287.81775,287.41776,284.91776,286.41776,286.51776,289.61774,285.51776,286.51776,286.41776,287.51776,288.01776,287.61774,288.41776,289.51776,289.81775,284.11774,274.81775,270.31775,281.31775,288.81775,290.51776,291.41776,291.61774,291.61774,291.21774
288.81775,287.31775,290.61774,291.11774,291.31775,290.91776,290.51776,290.91776,288.51776,288.41776,288.91776,288.21774,289.21774,289.51776,288.11774,286.91776,289.01776,288.21774,286.51776,286.31775,285.51776,285.81775,286.21774,285.51776,285.51776,283.81775,287.41776,287.61774,289.51776,289.71774,289.11774,288.71774,287.51776,285.11774,286.71774,288.81775,282.51776,283.81775,289.61774,289.11774,289.21774
287.31775,286.01776,289.61774,289.61774,289.71774,289.71774,290.21774,288.81775,288.91776,289.21774,287.31775,287.41776,286.81775,287.31775,287.21774,288.11774,287.71774,288.41776,288.01776,286.31775,285.41776,286.21774,285.51776,286.11774,284.91776,286.71774,285.71774,287.01776,285.21774,286.91776,287.11774,287.11774,288.31775,290.01776,290.11774,288.81775,283.71774,280.51776,276.41776,275.01776,284.81775
288.91776,287.31775,290.11774,290.91776,291.61774,291.21774,289.81775,288.41776,287.21774,287.01776,285.61774,286.01776,284.91776,286.61774,287.31775,287.51776,286.81775,287.71774,287.51776,284.81775,284.71774,284.81775,285.01776,286.01776,284.41776,281.51776,281.91776,284.91776,285.01776,284.11774,283.91776,285.21774,284.01776,284.41776,285.61774,286.11774,284.61774,286.71774,285.91776,285.51776,282.41776
289.81775,288.91776,289.31775,288.41776,289.81775,288.81775,287.21774,287.31775,285.31775,285.21774,284.71774,283.91776,284.01776,284.81775,285.41776,286.21774,285.51776,285.61774,285.51776,284.81775,283.11774,282.81775,284.21774,284.61774,282.31775,284.41776,281.61774,280.21774,279.91776,280.51776,280.51776,282.11774,283.51776,283.81775,286.21774,283.91776,282.91776,282.11774,269.91776,272.01776,267.21774
287.61774,288.41776,287.91776,287.41776,287.61774,287.01776,285.41776,285.21774,285.31775,283.81775,284.11774,283.41776,284.51776,284.31775,283.61774,284.11774,285.01776,284.31775,284.51776,284.01776,283.21774,283.01776,283.51776,284.21774,285.01776,284.01776,285.51776,283.81775,282.91776,282.51776,284.31775,284.21774,285.61774,285.31775,285.41776,284.61774,282.01776,278.11774,272.11774,273.01776,268.31775
285.71774,285.71774,286.71774,285.61774,285.81775,285.31775,285.71774,285.41776,284.11774,283.41776,283.61774,283.31775,284.61774,284.21774,284.11774,284.11774,284.01776,284.61774,284.31775,283.81775,283.81775,283.31775,283.21774,283.11774,282.91776,283.31775,282.41776,284.11774,283.91776,287.11774,285.31775,287.01776,285.61774,286.81775,286.31775,283.01776,279.51776,276.91776,278.61774,275.41776,270.71774
283.81775,285.41776,285.51776,285.41776,285.11774,284.31775,283.11774,282.91776,283.61774,282.71774,280.61774,282.21774,283.71774,283.01776,283.71774,283.81775,283.81775,283.91776,283.81775,284.01776,282.81775,282.41776,282.21774,282.41776,282.21774,282.81775,282.41776,284.21774,284.31775,286.81775,287.01776,288.31775,285.71774,283.71774,284.11774,283.01776,283.11774,283.01776,282.11774,281.11774,280.31775
284.31775,284.31775,285.21774,284.41776,285.11774,284.71774,282.91776,283.11774,282.01776,282.11774,279.91776,278.71774,282.41776,282.11774,283.21774,283.41776,283.51776,283.11774,283.71774,283.51776,282.71774,281.51776,280.81775,280.41776,282.31775,282.91776,284.61774,283.01776,283.11774,284.31775,285.41776,286.61774,287.31775,284.41776,282.91776,282.81775,282.01776,283.01776,281.51776,280.41776,282.01776
283.91776,285.51776,286.01776,287.11774,284.61774,284.11774,283.31775,283.81775,283.21774,282.71774,281.01776,277.91776,279.31775,281.91776,283.11774,283.81775,283.51776,283.11774,283.21774,283.31775,283.81775,283.21774,283.71774,283.61774,283.71774,283.81775,283.61774,283.31775,281.91776,282.11774,282.71774,283.11774,282.31775,281.61774,285.01776,284.31775,282.71774,280.51776,279.81775,279.61774,281.71774
286.71774,287.91776,286.01776,286.41776,286.31775,286.41776,286.51776,283.81775,284.11774,282.71774,282.01776,279.91776,280.71774,281.11774,282.11774,283.51776,283.51776,283.71774,283.61774,283.81775,285.31775,284.41776,283.51776,283.61774,283.21774,282.71774,283.11774,282.61774,282.21774,281.91776,281.21774,282.51776,280.61774,280.21774,280.61774,279.91776,280.71774,281.61774,283.41776,283.11774,282.81775
