wind_kz.json
{"header": {"discipline":0,"disciplineName":"Meteorological products","gribEdition":2,"gribLength":871,"center":7,"centerName":"US National Weather Service - NCEP(WMC)","subcenter":0,"refTime":"2023-08-19T06:00:00.000Z","significanceOfRT":1,"significanceOfRTName":"Start of forecast","productStatus":0,"productStatusName":"Operational products","productType":1,"productTypeName":"Forecast products","productDefinitionTemplate":0,"productDefinitionTemplateName":"Analysis/forecast at horizontal level/layer at a point in time","parameterCategory":0,"parameterCategoryName":"UnknownDiscipline_0_Category_0","parameterNumber":0,"parameterNumberName":"UnknownParameter_D0_C0_0","parameterUnit":"Unknown","genProcessType":2,"genProcessTypeName":"Forecast","forecastTime":300,"surface1Type":1,"surface1TypeName":"Ground or water surface","surface1Value":0.0,"surface2Type":255,"surface2TypeName":"Missing","surface2Value":0.0,"gridDefinitionTemplate":0,"gridDefinitionTemplateName":"Latitude_Longitude","numberPoints":615,"shape":6,"shapeName":"Earth spherical with radius of 6,371,229.0 m","gridUnits":"degrees","resolution":48,"winds":"true","scanMode":64,"nx":41,"ny":15,"basicAngle":0,"lo1":47.0,"la1":41.0,"lo2":87.0,"la2":55.0,"dx":1.0,"dy":1.0}, "data":
[rows 0 to 14 of 15, columns 0 to 40 of 41]
292.2701,284.57013,288.47012,298.57013,298.07013,296.6701,296.1701,298.2701,295.07013,294.87012,293.2701,295.1701,294.6701,294.97012,294.2701,292.47012,290.1701,290.47012,289.6701,289.97012,289.07013,286.57013,286.2701,287.6701,294.07013,293.87012,290.6701,280.2701,279.6701,281.2701,279.6701,282.07013,291.87012,298.6701,298.47012,300.07013,299.7701,299.6701,298.07013,297.97012,297.1701
273.87012,288.47012,298.47012,298.47012,298.1701,296.57013,296.1701,295.1701,293.47012,292.87012,293.57013,292.57013,290.57013,289.1701,288.87012,288.7701,290.7701,287.6701,286.2701,287.1701,285.7701,287.97012,288.2701,281.47012,278.7701,279.1701,286.57013,281.1701,282.57013,276.97012,283.2701,273.37012,284.6701,260.97012,281.87012,296.1701,294.97012,297.57013,300.47012,293.37012,284.2701
290.47012,298.47012,298.87012,298.57013,296.47012,291.2701,293.7701,293.97012,293.47012,292.6701,291.57013,292.2701,287.97012,287.07013,288.97012,287.2701,286.47012,286.87012,289.1701,288.57013,289.47012,287.07013,287.47012,284.7701,289.47012,288.6701,288.1701,288.47012,287.97012,283.7701,279.6701,280.87012,284.7701,283.97012,287.97012,290.7701,281.57013,279.57013,283.37012,278.87012,279.2701
295.7701,298.87012,298.37012,297.57013,294.2701,290.87012,294.07013,293.57013,293.97012,292.97012,292.2701,292.47012,294.97012,294.1701,289.07013,286.37012,288.6701,291.6701,291.57013,290.7701,287.2701,282.87012,289.57013,290.7701,291.37012,291.87012,292.7701,289.7701,291.2701,295.1701,297.47012,294.57013,299.2701,299.6701,298.2701,294.07013,280.97012,282.07013,287.6701,295.87012,298.1701
292.97012,298.2701,298.1701,297.7701,295.57013,292.6701,292.47012,293.47012,292.97012,291.87012,292.07013,291.1701,294.97012,293.6701,291.2701,290.97012,290.87012,289.7701,287.6701,290.6701,289.07013,287.57013,286.37012,290.47012,289.6701,290.2701,291.07013,291.87012,290.1701,295.6701,301.57013,297.07013,286.57013,277.6701,288.47012,296.57013,295.97012,301.57013,301.07013,301.57013,301.37012
290.1701,288.2701,296.7701,296.87012,297.47012,297.37012,291.07013,289.1701,292.7701,293.1701,293.57013,292.7701,293.87012,294.47012,292.2701,289.1701,292.47012,291.47012,290.87012,291.1701,290.47012,287.6701,288.37012,289.07013,289.07013,289.1701,290.97012,292.97012,292.37012,297.57013,300.2701,300.1701,299.37012,296.37012,292.7701,295.2701,295.57013,294.97012,298.6701,301.37012,301.37012
291.37012,288.87012,292.6701,291.6701,293.47012,290.37012,289.87012,288.57013,291.87012,294.07013,291.6701,291.1701,290.7701,290.2701,289.47012,291.6701,291.57013,291.7701,291.47012,292.2701,288.07013,289.57013,289.7701,288.7701,288.6701,289.87012,291.57013,291.87012,291.57013,295.1701,296.37012,300.47012,298.97012,298.6701,295.47012,295.47012,292.97012,289.57013,288.07013,285.7701,296.1701
290.1701,287.97012,289.47012,289.47012,293.1701,291.7701,291.87012,290.87012,290.6701,291.1701,290.57013,290.57013,289.47012,291.07013,290.97012,291.87012,291.2701,291.6701,290.1701,286.7701,287.07013,289.2701,289.2701,288.2701,288.07013,285.47012,287.87012,289.97012,287.87012,290.7701,292.1701,294.07013,294.57013,291.97012,292.37012,293.1701,295.1701,289.37012,299.2701,297.47012,294.07013
288.97012,290.2701,291.2701,290.47012,291.2701,291.57013,290.47012,290.97012,290.2701,289.87012,289.47012,288.87012,288.47012,289.97012,289.6701,290.57013,291.6701,289.7701,289.57013,286.97012,285.1701,287.37012,284.47012,285.47012,287.37012,285.97012,284.47012,286.2701,286.2701,284.97012,285.6701,287.57013,289.87012,292.57013,290.7701,290.1701,290.1701,290.2701,282.87012,283.37012,283.2701
287.2701,289.57013,290.57013,289.87012,290.37012,289.7701,289.2701,289.6701,289.47012,288.87012,287.7701,286.87012,287.6701,287.7701,288.57013,289.47012,289.2701,289.87012,287.6701,288.87012,286.87012,286.57013,288.87012,288.87012,285.87012,284.1701,285.57013,287.57013,285.37012,286.97012,286.57013,289.6701,290.7701,291.87012,291.2701,290.37012,290.6701,285.57013,281.87012,283.87012,284.37012
289.47012,289.97012,289.97012,290.2701,289.6701,289.7701,291.2701,292.47012,289.37012,286.7701,286.6701,287.07013,287.7701,286.1701,287.2701,288.2701,288.1701,288.1701,288.2701,287.07013,287.7701,287.7701,284.47012,284.1701,283.1701,283.87012,282.37012,288.47012,284.7701,287.1701,289.2701,289.57013,289.87012,289.2701,288.7701,289.37012,287.47012,283.7701,282.1701,283.57013,282.87012
287.37012,292.37012,290.2701,289.87012,289.47012,289.37012,288.1701,287.7701,287.47012,286.1701,283.37012,284.2701,284.7701,283.7701,284.1701,284.87012,286.37012,286.57013,286.87012,286.87012,285.37012,283.6701,285.37012,284.37012,282.2701,283.7701,284.2701,286.1701,286.6701,285.6701,286.87012,288.37012,288.07013,286.47012,287.6701,287.87012,287.97012,286.37012,287.07013,287.57013,287.6701
286.6701,288.07013,288.57013,285.1701,284.6701,286.1701,284.2701,281.6701,281.1701,283.7701,282.1701,281.2701,282.87012,282.47012,283.37012,284.57013,285.1701,285.07013,285.37012,284.37012,284.7701,284.2701,284.07013,284.97012,282.7701,284.6701,286.57013,285.87012,286.37012,284.87012,285.2701,283.07013,286.2701,285.6701,285.97012,285.7701,287.1701,287.2701,288.07013,288.6701,285.97012
283.37012,284.6701,287.2701,283.7701,282.97012,282.7701,282.57013,282.47012,283.37012,282.87012,282.2701,280.6701,280.57013,282.1701,282.97012,283.57013,284.1701,284.07013,284.2701,284.47012,284.87012,284.87012,284.7701,286.97012,287.47012,283.57013,283.2701,284.1701,283.47012,283.97012,283.87012,284.2701,284.47012,285.47012,285.1701,284.6701,284.6701,286.37012,286.37012,285.47012,286.1701
284.6701,286.7701,290.57013,283.97012,282.87012,282.07013,282.87012,282.07013,282.57013,283.7701,283.97012,282.07013,280.7701,281.57013,282.2701,283.1701,283.07013,283.2701,283.47012,283.57013,284.1701,284.2701,283.97012,284.1701,282.6701,282.47012,282.6701,282.47012,282.97012,282.87012,283.6701,282.7701,281.37012,285.37012,283.87012,287.57013,286.07013,284.1701,286.1701,284.87012,285.47012
