wind.json
{"header": {"discipline":0,"disciplineName":"Meteorological products","gribEdition":2,"gribLength":1125,"center":7,"centerName":"US National Weather Service - NCEP(WMC)","subcenter":0,"refTime":"2023-06-29T06:00:00.000Z","significanceOfRT":1,"significanceOfRTName":"Start of forecast","productStatus":0,"productStatusName":"Operational products","productType":1,"productTypeName":"Forecast products","productDefinitionTemplate":0,"productDefinitionTemplateName":"Analysis/forecast at horizontal level/layer at a point in time","parameterCategory":2,"parameterCategoryName":"UnknownDiscipline_0_Category_2","parameterNumber":3,"parameterNumberName":"UnknownParameter_D0_C2_3","parameterUnit":"Unknown","genProcessType":2,"genProcessTypeName":"Forecast","forecastTime":240,"surface1Type":103,"surface1TypeName":"Specified height level above ground","surface1Value":10.0,"surface2Type":255,"surface2TypeName":"Missing","surface2Value":0.0,"gridDefinitionTemplate":0,"gridDefinitionTemplateName":"Latitude_Longitude","numberPoints":688,"shape":6,"shapeName":"Earth spherical with radius of 6,371,229.0 m","gridUnits":"degrees","resolution":48,"winds":"true","scanMode":64,"nx":43,"ny":16,"basicAngle":0,"lo1":45.0,"la1":40.0,"lo2":87.0,"la2":55.0,"dx":1.0,"dy":1.0}, "data":
[rows 0 to 15 of 16, columns 0 to 42 of 43]
-0.123634644,-0.17363465,4.7563653,1.6663654,-2.5336347,-7.0336347,-7.4036345,-5.1536345,-1.2436347,-2.0036347,-0.5236347,-0.92363465,-2.5536346,-4.0036345,-4.6736345,-4.893635,-5.4736347,-5.563635,-4.9036345,-4.6536345,-6.143635,-7.3236346,-5.0236344,-2.8536346,-2.7536347,-3.1736345,-4.2236347,-4.3636346,-2.6636345,2.8663654,3.9963653,1.2663654,2.5963655,2.3963654,1.4763653,0.41636536,-1.7636347,-3.7636347,-4.2636347,-2.3236346,-4.0736346,-0.48363465,0.96636534
-1.6236347,-0.79363465,3.8763654,2.1863654,-1.5636346,-4.2536345,-5.3836346,-4.6936345,-2.4036345,-2.6936347,-2.1136346,-3.2736347,-3.9736347,-4.0136347,-4.6136346,-4.9936347,-4.8636346,-5.083635,-5.3236346,-5.4036345,-3.0836346,-3.6436346,-1.6536347,-1.9536346,-1.9736346,1.8763653,2.9663653,1.3463653,2.0163653,-0.44363463,-2.0936346,1.9463654,2.1963654,3.3163652,-0.22363465,2.7063653,-0.71363467,-0.62363464,-2.3136346,1.5463654,0.16636536,-0.033634644,1.4063654
-1.0736346,2.5063653,-1.1836346,0.7263653,-0.42363465,-1.4436346,-1.6736346,-3.7436347,-3.4036345,-3.8836346,-4.2436347,-3.8136346,-5.1536345,-4.6736345,-4.2436347,-5.0036345,-5.3436346,-5.4636345,-5.1136346,-2.3936346,-3.4736347,-4.103635,-4.1936345,-3.1936347,-3.4536347,-0.93363464,2.7263653,1.9863653,2.3963654,1.7863654,-0.26363465,1.5763654,-2.3836346,0.26636535,0.37636536,-0.083634645,2.9063654,2.7363653,1.3663653,2.0063653,3.1063654,3.0163653,-0.80363464
-2.0536346,-1.6636347,1.4363654,4.2263656,0.70636535,-1.1736346,-1.1036346,-4.7336345,-5.833635,-6.1736345,-5.5736346,-5.7736344,-3.5336347,-5.643635,-8.013635,-6.5936346,-5.1936345,-5.1936345,-4.7236347,-4.583635,-3.9836347,-4.3036346,-3.5436347,-1.8136346,-0.42363465,0.7363654,-1.8536346,-3.8736346,-3.0936346,-0.29363465,-1.7236346,-1.0436347,-3.4036345,0.8663654,1.0663654,1.7863654,1.4163654,-1.4836346,-2.5236347,2.1663654,-1.5936346,2.2263653,2.1163654
1.4963653,2.4563653,4.416365,3.5763655,0.81636536,-1.1336347,-2.1036346,-5.7536345,-6.7136345,-6.3036346,-6.7736344,-7.4536347,-5.1936345,-5.3836346,-5.1836348,-5.3436346,-5.873635,-6.0236344,-4.7236347,-5.0036345,-4.4236345,-5.3036346,-2.4536347,1.2663654,-1.7636347,2.8763654,2.1063654,0.0063653565,-1.9836346,-0.10363464,0.94636536,1.2863654,6.2363653,2.0163653,1.5163654,-0.15363464,0.82636535,2.2963653,3.2963653,1.9963653,-3.7236347,-1.9936347,-0.54363465
3.5863655,3.6063654,4.3663654,0.37636536,-1.0136347,-2.9236345,-3.9936347,-5.853635,-5.1936345,-6.333635,-6.6736345,-7.7236347,-5.4736347,-5.7536345,-4.8436346,-5.4436345,-4.2736344,-5.0536346,-6.143635,-5.9536347,-5.4336348,-6.0736346,-6.333635,-1.1436347,1.5763654,2.0463653,3.7663653,2.5763655,1.7163653,0.70636535,2.0963655,5.166365,0.056365356,0.56636536,1.6063653,0.82636535,0.0063653565,1.5063653,2.7263653,1.1263653,-0.39363465,-1.5736346,0.59636533
3.9063654,2.5563653,1.3663653,-0.72363466,-0.27363464,-2.5936346,-1.9236346,-3.1136346,-5.0336347,-6.833635,-6.6136346,-7.2236347,-5.9636345,-5.9736347,-4.7436347,-0.44363463,-5.583635,-6.893635,-6.2136345,-6.5236344,-7.4836345,-7.4836345,-6.0136347,-6.5436344,1.3363653,4.916365,5.8463655,5.7363653,3.9563653,1.0763654,2.1263654,-1.2336346,5.336365,0.77636534,-1.8436346,-1.4936347,-2.4336348,-1.3036346,-2.4536347,-1.2536347,-0.87363464,1.1263653,1.5363654
2.7163653,1.5563654,0.08636536,-0.66363466,-1.3036346,-1.5936346,0.7263653,-3.5636346,-4.143635,-6.0036345,-7.0136347,-6.1336346,-5.583635,-5.913635,-5.5136347,-6.9836345,-5.893635,-6.2936344,-6.9336348,-6.8036346,-6.0136347,-6.7936344,-6.103635,-6.833635,-5.5236344,-1.6436347,5.336365,6.9463654,6.856365,3.9563653,3.5063653,0.69636536,7.916365,5.4963655,3.0663652,3.1563654,2.1663654,3.5063653,3.3963654,-0.46363464,-0.41363466,3.7863653,-3.1736345
1.9563653,0.5563654,0.93636537,-1.5936346,-1.9736346,0.046365358,0.08636536,-2.0336347,-2.6336346,-4.353635,-6.313635,-5.353635,-6.143635,-6.8436346,-5.893635,-4.8436346,-5.913635,-6.7636347,-6.0236344,-6.603635,-5.1136346,-4.0536346,-4.2236347,-5.5036345,-5.563635,-5.8436346,-1.4936347,5.0663652,8.736365,6.0363655,3.2363653,-0.19363464,2.3063653,6.3163652,5.5063653,2.5963655,-2.1936347,-0.53363466,-1.4636346,-1.0836346,-0.41363466,-1.1436347,-0.24363464
0.59636533,-0.10363464,0.87636536,-1.1936346,-1.9336346,-0.9436346,0.046365358,-0.6336346,-1.2436347,-2.1936347,-4.0436344,-5.853635,-6.8436346,-7.7336345,-6.4236345,-6.1836348,-6.333635,-6.3636346,-7.5036345,-3.8036346,-2.2536347,-1.1936346,-2.3136346,-1.4936347,-4.7036347,-5.3836346,-4.873635,-0.6436346,4.8163652,10.306365,9.356365,5.7463655,1.4063654,6.0963655,5.0063653,2.4963653,-0.54363465,2.9563653,2.8663654,-3.5436347,-2.9136345,-0.75363463,1.9663653
0.7363654,0.34636536,0.71636534,-0.033634644,-1.7036346,-1.2936347,-1.6736346,-0.39363465,0.75636536,-0.06363464,-2.4836347,-3.7636347,-6.7036347,-7.0036345,-6.4336348,-7.1336346,-7.1336346,-3.6736345,-4.5036345,-5.5336347,-2.8136346,-0.23363465,-0.13363464,-1.1736346,-0.92363465,-3.6336346,-4.9236345,-3.5736346,1.8063654,6.4863653,7.7163653,6.376365,4.5463653,5.836365,3.6563654,3.2463653,2.8063653,1.0863653,0.78636533,1.1863654,0.78636533,-0.84363467,-1.7336346
1.6363654,0.96636534,0.63636535,-0.0136346435,-0.59363467,-1.1636347,-0.7636346,-0.8936346,-0.92363465,-0.50363463,-1.4836346,-3.5236347,-2.9436347,-2.8336346,-5.9536347,-6.913635,-6.5736346,-4.4336348,-5.0936346,-6.0936346,-2.9336348,0.066365354,2.7363653,0.36636534,2.3863654,0.016365357,-3.0036347,-3.9236345,1.0963653,1.2563653,2.1963654,7.7863655,-2.5636346,1.5763654,4.626365,3.8463655,3.3763654,3.0563653,1.3363653,-0.72363466,0.12636536,0.46636537,-0.5136346
1.1463654,0.24636535,-0.24363464,0.75636536,0.34636536,-0.35363466,-0.93363464,-1.7936347,-0.97363466,0.23636536,-1.3436346,-3.1536345,-3.2536347,-4.3436346,-5.1336346,-6.413635,-7.2636347,-5.1736345,-6.1136346,-5.2236347,-4.4936347,-2.8536346,1.7963654,4.5363655,4.0763655,2.6663654,0.036365356,-2.5736346,-3.0636346,-1.8936347,-1.4336346,2.3763654,2.9763653,4.5963655,4.1163654,3.7463653,3.2863653,2.5663652,-0.25363463,-1.7036346,-0.8236346,3.9563653,2.5263653
0.62636536,2.4763653,2.4963653,1.6463654,-1.9636346,-0.18363464,1.9063654,-0.45363465,-0.85363466,-1.0436347,-0.19363464,-0.66363466,-1.1836346,-3.3636346,-4.9436345,-5.7636347,-6.893635,-5.4736347,-6.4636345,-4.6936345,-5.3836346,-2.5536346,0.90636533,2.4663653,4.5163655,3.4363654,1.4163654,-1.6236347,-3.2136347,-2.7636347,-1.1936346,3.6263654,5.336365,5.4563656,3.8463655,3.0663652,2.4863653,1.9863653,1.1863654,0.93636537,1.4663653,2.9263654,2.2863653
-1.3836347,0.48636535,0.96636534,1.2263653,0.69636536,1.7163653,1.1063653,0.6663654,0.75636536,0.44636536,0.28636536,0.36636534,-0.42363465,-2.8236346,-5.4836345,-5.2736344,-6.333635,-4.663635,-5.163635,-6.2036347,-4.913635,-2.6236346,-0.32363465,1.4463654,2.3963654,2.2663653,1.5963653,-0.45363465,-1.2336346,-1.1536347,-0.083634645,3.0963655,4.8863654,3.5563653,2.7363653,1.2663654,1.8663653,1.1763654,1.0163654,1.9463654,1.8263654,2.2463653,2.7363653
-5.0136347,-4.5036345,-1.8036346,-2.7336347,-2.1336346,0.046365358,1.6463654,1.9863653,1.9463654,0.76636535,1.2863654,1.1063653,0.76636535,-1.1336347,-2.2736347,-4.1536345,-4.563635,-5.4336348,-4.1336346,-3.9536347,-5.0136347,-5.1936345,-3.6936347,-0.85363466,0.036365356,1.1263653,0.56636536,1.3563653,1.1463654,2.1363654,2.4763653,3.3463655,2.7363653,0.35636535,0.31636536,0.59636533,0.63636535,0.16636536,3.3463655,2.3463655,1.8563653,2.8263655,2.4563653
