wind.json
{"header": {"discipline":0,"disciplineName":"Meteorological products","gribEdition":2,"gribLength":1211,"center":7,"centerName":"US National Weather Service - NCEP(WMC)","subcenter":0,"refTime":"2023-06-28T06:00:00.000Z","significanceOfRT":1,"significanceOfRTName":"Start of forecast","productStatus":0,"productStatusName":"Operational products","productType":1,"productTypeName":"Forecast products","productDefinitionTemplate":0,"productDefinitionTemplateName":"Analysis/forecast at horizontal level/layer at a point in time","parameterCategory":2,"parameterCategoryName":"UnknownDiscipline_0_Category_2","parameterNumber":2,"parameterNumberName":"UnknownParameter_D0_C2_2","parameterUnit":"Unknown","genProcessType":2,"genProcessTypeName":"Forecast","forecastTime":60,"surface1Type":103,"surface1TypeName":"Specified height level above ground","surface1Value":10.0,"surface2Type":255,"surface2TypeName":"Missing","surface2Value":0.0,"gridDefinitionTemplate":0,"gridDefinitionTemplateName":"Latitude_Longitude","numberPoints":688,"shape":6,"shapeName":"Earth spherical with radius of 6,371,229.0 m","gridUnits":"degrees","resolution":48,"winds":"true","scanMode":64,"nx":43,"ny":16,"basicAngle":0,"lo1":45.0,"la1":40.0,"lo2":87.0,"la2":55.0,"dx":1.0,"dy":1.0}, "data":
[rows 0 to 15 of 16, columns 0 to 42 of 43]
0.23064452,6.445313E-4,0.6206445,-6.4793553,-7.1893554,-1.1893555,1.6706445,3.0006444,3.0006444,1.5906445,6.7406445,4.8306446,-6.3393555,-9.929356,-9.639356,-7.0193553,-3.2693555,-2.4493554,-3.6793554,-3.5493555,-5.4993553,-2.9993556,-3.9093554,-0.039355468,0.77064455,1.2506446,-0.009355469,-1.8493555,-1.0393555,2.1806445,1.8306445,0.35064453,1.3206445,1.8906446,-2.4693556,-3.0493555,-2.8693554,1.0406445,-3.6193554,-4.6593556,-4.1093554,-5.6493554,-7.0993557
0.7506445,9.270644,3.3406446,2.2506444,2.7006445,6.8006444,4.8806443,5.8006444,5.3106446,6.1306443,5.9306445,-2.0493555,-7.6093554,-10.719356,-9.229356,-6.3393555,-3.4693556,-3.3393555,-3.4693556,-6.2393556,-4.4793553,-4.3793554,-2.6993554,1.3506446,-0.5693555,-1.5993555,0.7406445,-3.1993554,-3.3593554,0.03064453,1.5006446,1.4506445,2.7206445,0.17064454,0.65064454,2.7906446,0.5406445,-0.41935548,-3.6393554,-2.0893555,-0.47935545,-2.2993555,-5.2093554
4.0706444,-0.12935548,-1.7093555,1.9306445,5.4206448,5.3206444,5.5006447,6.6006446,6.8306446,4.1206446,4.2606444,-9.739355,-8.979356,-10.909355,-9.019356,-4.1393557,-2.1093554,-2.9293554,-6.1093554,-7.4493556,-5.0293555,-3.5693555,-3.6493554,-2.4893556,-3.3293555,-3.3293555,-1.0793555,6.445313E-4,-1.0593555,0.40064454,-3.3993554,-3.0393555,-1.1593555,1.0306445,-0.97935545,-1.1093554,0.18064453,0.58064455,-0.58935547,-0.36935547,-0.8793555,0.28064454,-7.6293554
1.3806446,2.0906446,4.5106444,11.360644,8.690644,5.8206444,5.1706448,2.2806444,-1.9193555,3.3506446,-3.9193554,-8.979356,-9.589355,-10.229356,-7.1693554,-4.5393553,-5.2393556,-4.7093554,-7.1393557,-4.8193555,-4.3093553,-3.5793555,-4.4493556,-2.3693554,-8.339355,-10.069355,-4.7093554,-3.7393556,0.25064453,-2.9293554,-4.0293555,-0.6293555,0.95064455,2.5106444,0.30064452,-0.7693555,0.71064454,-0.24935547,0.35064453,1.1506445,0.9306445,2.7706444,0.45064452
5.5406446,6.5106444,5.8806443,10.470645,7.3706446,5.4706445,2.2106445,0.04064453,2.6506445,0.9806445,-4.8193555,-6.3693557,-10.289355,-9.629355,-9.509356,-6.4393554,-5.0793552,-5.0793552,-5.5193553,-4.8093553,-3.3993554,-3.0293555,-3.4593554,-6.1893554,-4.7593555,-6.7193556,-5.3393555,-5.5893555,-4.7793555,-8.229356,-4.1093554,-1.5393555,-0.46935546,-1.6093554,3.2306445,5.9106445,0.14064454,-1.6593555,0.46064454,1.4306445,0.21064453,-1.3893554,-1.9193555
4.0506444,7.6106443,3.9906445,13.980644,8.490644,5.6906447,4.2006445,3.6806445,3.8506446,3.2906446,-2.0393555,-8.789355,-9.069355,-7.8493557,-6.8293552,-6.0693555,-3.7493556,-5.0393553,-3.9093554,-2.9493554,-3.1593554,-4.0893555,-4.1693554,-3.7193556,-4.0493555,-3.8993554,-4.0193553,-4.0193553,-4.5793552,-2.5893555,-2.2793555,-1.2093555,-1.4393555,-1.5793555,-3.3993554,1.0506445,2.1406446,-0.14935547,2.6106446,-0.41935548,-2.3893554,-1.5193554,-3.1793554
3.8806446,6.6706448,7.2506447,6.9306445,7.1006446,6.0506444,5.4706445,6.4906445,1.1806445,7.4306445,0.9806445,-6.1493554,-7.9893556,-6.1093554,-5.1993556,-3.1393554,-2.9493554,-3.0393555,-4.0793552,-3.3793554,-2.9493554,-3.5193555,-3.6693554,-3.1493554,-3.0693555,-2.5793555,-3.9793556,-1.3193555,-0.52935547,1.5806445,0.72064453,0.6906445,2.2206445,1.2206445,1.0206445,0.5606445,0.39064452,-2.6293554,0.63064456,1.9506445,2.1606445,-4.3693557,-5.8193555
3.8106446,6.2106447,6.9406447,5.4106445,2.7906446,5.7406445,5.1206446,6.6506443,1.1206446,0.5506445,2.6106446,-2.3293555,-3.8393555,-5.8593554,-3.8193555,0.17064454,-0.9393555,-1.3893554,-1.5293555,-3.1693554,-1.4293555,-2.2393556,-1.6993555,-0.7093555,-0.71935546,-2.3493555,-3.0293555,-4.4593554,-5.8293552,-5.5893555,-5.5993557,-5.2093554,-5.6893554,-2.9093554,-2.1993554,-1.2593554,-1.2393554,-2.2293556,-1.3493555,2.0806446,-0.25935546,1.8506446,2.4906445
4.2006445,3.6806445,5.5106444,4.0306444,1.7506446,3.4406445,6.3906446,7.1706448,3.0906446,-1.7893555,0.72064453,-4.7893553,-5.2693553,-2.5693555,-0.26935548,1.3606446,-2.6793554,-2.8193555,-1.8193555,-1.6693555,-0.90935546,-1.3793554,-3.7593555,-4.3393555,-3.0493555,-4.7793555,-3.7093554,-2.8393555,-3.4393554,-2.1593554,-0.15935546,-1.3893554,-2.9793556,-1.7093555,-2.9693556,0.15064453,0.40064454,1.5706445,3.1806445,1.8306445,1.7406446,3.0806446,-0.60935545
4.1306443,6.3006444,3.9206445,5.4106445,2.2706444,1.9806446,7.6106443,7.0106444,3.0106444,0.46064454,3.3706446,-1.3093555,-0.77935547,0.02064453,0.09064453,-5.1893554,-3.8493555,-4.0893555,-3.6993554,-3.6493554,-6.1993556,-4.7693553,-4.2893553,-2.4593554,-3.9293554,-5.1393557,-2.7793555,-2.0193555,-0.66935545,-1.5893555,1.0506445,1.0506445,0.28064454,-1.1093554,2.1806445,2.1406446,0.8706445,0.32064453,0.24064453,-2.6593554,-0.5693555,0.89064455,-0.83935547
3.2706444,3.8206446,3.5206444,4.7906446,2.2206445,2.6606445,1.6806445,5.9706445,1.8806446,-4.0693555,3.9306445,-4.0893555,-5.1693554,-5.0693555,-6.0593553,-5.1393557,-6.6993556,-4.0693555,-4.8493557,-5.3993554,-4.1793556,-3.4393554,-4.2793555,-3.7493556,-3.7193556,-2.7993555,-2.8693554,-2.3293555,-1.3793554,-0.67935544,0.49064454,0.88064456,1.6406446,2.2006445,2.5506446,2.6006446,2.7606444,1.8906446,-0.9393555,-0.009355469,-1.3593554,0.84064454,0.43064454
1.2206445,2.4806445,2.7006445,3.4506445,0.21064453,1.4706445,1.6106446,2.3106446,3.7106445,-3.0593555,-2.9293554,-3.8993554,-3.4493554,-4.4993553,-4.2093554,-6.3693557,-4.7993555,-4.5993557,-4.2593555,-3.5593555,-5.9893556,-4.2293553,-3.7993555,-3.8493555,-3.2293556,-1.6193554,-2.2093554,-1.8393555,-0.60935545,-0.5593555,0.30064452,1.3806446,1.4106445,2.8606446,3.4806445,2.4506445,0.9806445,1.8306445,-0.8793555,-0.59935546,-0.8193555,1.4206445,-1.4193555
0.6106445,0.88064456,1.6206446,1.7806445,0.57064456,2.4106445,0.7906445,2.8806446,2.7606444,-2.8193555,-2.6293554,-5.5293555,-6.3193555,-4.7993555,-6.5593553,-5.7493553,-3.4193554,-4.9893556,-4.5993557,-3.7793555,-4.4893556,-3.6393554,-4.1293554,-2.8293555,-2.8393555,-3.9193554,-2.2493556,-1.8593554,-1.7393554,0.7506445,0.37064454,2.2306445,1.5706445,1.0206445,1.6606445,1.1606445,2.0406446,0.5506445,1.7006445,0.34064454,-0.11935547,0.47064453,-0.7493555
0.90064454,0.37064454,0.8606445,1.2706445,1.1306446,1.7006445,-0.7493555,-0.5693555,2.0206444,-2.7293556,-4.3693557,-5.2193556,-2.6593554,-3.1093554,-3.6393554,-2.8993554,-3.4293554,-3.5193555,-3.9793556,-3.8593554,-3.5893555,-3.2693555,-3.9393554,-3.8993554,-2.3193555,-1.4293555,-0.44935548,-0.39935547,-0.54935545,0.21064453,1.3206445,2.4206445,2.4206445,2.0906446,1.5306445,1.0806445,1.7806445,3.2706444,2.4306445,1.7406446,1.4706445,2.2706444,-1.1393554
0.76064456,-0.029355468,0.6706445,1.2506446,1.2806445,0.76064456,-0.96935546,0.33064452,2.4906445,-3.3893554,-2.6193554,-3.2593555,-2.1693554,-2.4493554,-0.8993555,-2.1793554,-2.1793554,-3.3993554,-3.6193554,-3.9793556,-4.0693555,-3.6993554,-3.2793555,-2.9593554,-1.6793555,-0.98935544,-0.22935547,1.4506445,1.3706446,1.8406445,2.1906445,2.5806446,2.1406446,2.3906446,2.1106446,2.9906445,3.1906445,3.2006445,2.2506444,1.6306446,1.9806446,2.3606446,0.8106445
0.13064453,0.9406445,0.13064453,1.4406445,-0.43935546,0.96064454,-0.21935546,0.66064453,7.9806447,-3.5393555,-2.8593554,-3.0793555,-2.1993554,-2.0993555,-1.5793555,-0.41935548,-1.4093555,-3.4993556,-3.2793555,-2.6293554,-2.7893555,-2.2193556,-1.8793554,-0.48935547,0.47064453,0.7406445,1.1206446,0.89064455,1.5306445,1.9906446,2.0506446,2.3106446,2.0906446,2.0206444,1.9006445,1.9306445,1.5906445,1.0306445,0.70064455,1.5506445,2.7506444,2.1106446,0.70064455
