wind_kz.json
{"header": {"discipline":0,"disciplineName":"Meteorological products","gribEdition":2,"gribLength":1025,"center":7,"centerName":"US National Weather Service - NCEP(WMC)","subcenter":0,"refTime":"2023-08-28T00:00:00.000Z","significanceOfRT":1,"significanceOfRTName":"Start of forecast","productStatus":0,"productStatusName":"Operational products","productType":1,"productTypeName":"Forecast products","productDefinitionTemplate":0,"productDefinitionTemplateName":"Analysis/forecast at horizontal level/layer at a point in time","parameterCategory":2,"parameterCategoryName":"UnknownDiscipline_0_Category_2","parameterNumber":3,"parameterNumberName":"UnknownParameter_D0_C2_3","parameterUnit":"Unknown","genProcessType":2,"genProcessTypeName":"Forecast","forecastTime":120,"surface1Type":103,"surface1TypeName":"Specified height level above ground","surface1Value":10.0,"surface2Type":255,"surface2TypeName":"Missing","surface2Value":0.0,"gridDefinitionTemplate":0,"gridDefinitionTemplateName":"Latitude_Longitude","numberPoints":615,"shape":6,"shapeName":"Earth spherical with radius of 6,371,229.0 m","gridUnits":"degrees","resolution":48,"winds":"true","scanMode":64,"nx":41,"ny":15,"basicAngle":0,"lo1":47.0,"la1":41.0,"lo2":87.0,"la2":55.0,"dx":1.0,"dy":1.0}, "data":
[rows 0 to 14 of 15, columns 0 to 40 of 41]
1.0145288,-1.1454712,0.114528805,-2.8354712,-4.6954713,-5.765471,-3.5154712,-2.9354713,-2.8354712,-1.6354712,-1.7954712,-0.8054712,0.6245288,0.6845288,0.4045288,-0.4454712,-0.5154712,0.38452882,-0.7354712,-1.2454712,-2.6954713,0.114528805,-1.5954711,-0.015471191,-0.7254712,-1.2154711,-1.9354712,1.3245288,1.4245288,1.7845289,-1.5754712,-1.5854712,0.61452883,-0.6754712,-3.1854713,-4.035471,1.4045289,2.1345289,-0.5654712,-2.0454712,0.7045288
1.6545289,0.6845288,-0.8054712,-2.9254713,-3.6054711,-1.5854712,-3.5754712,-2.0654712,-3.2354712,-2.665471,-2.2554712,-0.8954712,2.094529,2.114529,-0.5354712,-0.09547119,0.7945288,-2.385471,-1.7054712,-1.3854712,-2.9754713,-1.8254712,1.1145288,1.7845289,1.2045288,0.8245288,-1.5054712,3.1645288,0.7245288,3.0645287,4.5945287,4.524529,0.47452882,0.4545288,-2.8654711,-2.5554712,-0.7354712,-2.8454711,-1.7054712,-1.9554712,-0.3754712
1.8845288,2.1845288,-1.2354712,-2.0754712,-3.5854712,-3.3154712,-3.9954712,-3.6054711,-3.7554712,-3.155471,-2.8154712,-1.9254712,1.9845288,2.2245288,1.6745288,-0.3754712,-0.7254712,0.9745288,0.5445288,-0.9054712,-1.4954712,-2.3454711,1.9345288,1.8945289,2.3245287,2.0245287,1.6945288,0.7945288,-0.4854712,0.3445288,3.6645288,2.0245287,-0.15547119,-1.1954712,0.3345288,1.3245288,-1.6754712,-0.4854712,0.12452881,0.12452881,0.86452883
1.3345288,0.8845288,-1.0654712,-2.5554712,-2.385471,-1.8454711,-2.6054711,-3.6054711,-3.2554712,-3.165471,-2.395471,-1.8254712,1.5745288,3.1845288,1.5345289,0.6845288,0.5145288,0.3045288,-0.50547117,-0.49547118,1.9045289,2.5245287,0.80452883,-1.2254711,1.6045288,2.2145288,2.104529,2.124529,3.5045288,2.854529,0.9745288,-4.725471,-1.2154711,0.3945288,1.0045288,-0.3954712,1.0145288,2.604529,-1.0154712,0.074528806,-0.6254712
1.3745288,1.2245288,0.1445288,-1.9954712,-2.9454713,-2.7154713,-3.2454712,-1.1154712,-1.5654712,-2.665471,-1.5254712,-0.69547117,0.8145288,2.5545287,1.2645288,1.1545289,0.8145288,0.7545288,0.7745288,2.2545288,1.9645288,1.5245289,0.3745288,-1.3054712,-2.7854712,-2.0654712,2.1345289,2.6645288,4.084529,4.244529,3.7645288,2.844529,2.114529,1.9545288,-0.49547118,-1.5654712,-6.105471,0.1445288,2.5145288,-2.645471,0.6445288
1.6545289,-0.065471195,-2.165471,-2.9754713,-4.1554713,-5.375471,-3.3154712,-2.6154711,-1.8954712,-1.4454712,-2.0654712,-1.7854712,-3.0754712,-1.6954712,-2.5954711,-1.7854712,0.7845288,2.374529,3.104529,3.7245288,3.2145288,2.9745288,2.5145288,2.4345288,2.0245287,0.41452882,0.7945288,1.2345288,3.9645288,3.9645288,6.524529,4.8845286,4.974529,4.564529,1.3645288,-6.045471,0.4245288,-0.69547117,-3.4554713,-2.0554712,-1.8854712
1.0345289,-0.1354712,-1.7354712,-1.6254712,-1.8054712,-2.8054712,-2.7854712,-3.2454712,-3.125471,-1.6854712,-1.8254712,-1.1954712,0.4045288,-0.3954712,-0.4454712,-0.7454712,-0.9254712,-0.8554712,2.3045287,3.084529,4.5745287,4.5545287,3.1845288,4.0745287,2.6345289,1.9845288,1.2345288,3.344529,2.7945287,4.0945287,3.594529,7.8845286,7.374529,4.254529,1.6945288,0.8745288,-1.1154712,-0.5354712,-0.7454712,0.41452882,-4.705471
-0.7154712,0.7645288,-1.6954712,-2.5054712,-2.8054712,-2.4254713,-2.4554713,-2.9854712,-2.3454711,-2.135471,-1.4054712,-1.2054712,-0.8154712,-0.4854712,-0.7654712,0.38452882,1.2345288,1.5445288,1.6745288,3.1945288,4.0945287,3.9945288,3.4145288,5.644529,4.104529,2.0545287,2.5345287,2.854529,4.8645287,4.3645287,3.844529,2.594529,9.5245285,8.514529,7.334529,3.4645288,-1.5654712,-1.0054712,-0.43547118,1.5445288,1.6645288
0.2645288,-0.82547116,-2.1754713,-3.2454712,-2.9754713,-2.5554712,-2.5854712,-2.6054711,-2.8654711,-2.2454712,-1.7854712,-1.7854712,-2.5954711,-3.0554712,-3.5154712,-3.4654713,-0.6854712,0.8345288,2.594529,2.864529,4.974529,5.464529,5.934529,5.5545287,5.274529,4.184529,4.1945286,3.114529,2.7545288,2.0145288,3.9245288,2.874529,3.584529,2.624529,3.1345289,2.2745287,1.7445288,0.9145288,2.334529,-0.5854712,0.5445288
-2.375471,-2.645471,-2.665471,-2.7554712,-2.9854712,-3.0054712,-3.3254712,-3.405471,-2.635471,-2.0754712,-2.0654712,-3.4654713,-5.1354713,-5.5754714,-6.685471,-5.6754713,-4.1754713,-2.8654711,-0.8154712,0.1745288,5.244529,5.704529,4.4045286,6.024529,6.374529,4.104529,3.1945288,2.9345288,2.7545288,2.9845288,3.4445288,1.5945288,-2.2254713,-1.0754712,0.5345288,1.8045288,1.4845288,-2.405471,0.034528807,3.094529,2.344529
-2.8454711,-2.3054712,-2.1854713,-3.4654713,-2.5954711,-2.6854713,-3.145471,-3.0754712,-3.1854713,-4.4654713,-3.6154711,-1.7854712,-3.2754712,-4.9854712,-6.035471,-7.025471,-7.725471,-6.4654713,-1.4354712,-0.4054712,2.7445288,3.9145288,7.8245287,7.104529,4.604529,5.454529,3.364529,3.1345289,3.334529,3.3845289,2.4645288,1.3445288,-1.3954712,-1.6654712,-1.2754712,1.2945288,1.2945288,2.0245287,0.3745288,0.8245288,-0.7654712
-2.165471,-1.9854712,-2.7954712,-3.2954712,-3.145471,-3.2354712,-3.0354712,-2.645471,-3.6954713,-3.8254712,-1.6354712,-2.4554713,-3.1854713,-4.6954713,-6.2154713,-6.8454714,-6.245471,-6.4854712,-6.855471,-3.0554712,1.1745288,5.7845287,5.604529,5.5745287,5.454529,5.3045287,4.934529,4.334529,3.5145288,3.0145288,1.9545288,3.624529,0.4245288,0.41452882,-0.23547119,-0.12547119,0.99452883,2.9345288,2.5145288,2.1345289,0.7945288
-1.3654712,-1.1254712,-2.375471,-2.0854712,-2.7554712,-2.155471,-2.5854712,-2.7054713,-5.375471,-2.5454712,-1.5854712,-1.1454712,-2.1854713,-4.685471,-5.3054714,-5.725471,-5.6754713,-5.7354712,-5.035471,-3.9454713,-4.1354713,0.8945288,2.4845288,4.1745286,3.7145288,3.5445287,3.5045288,3.1945288,3.354529,2.7245288,1.3645288,1.0345289,0.67452884,-0.6054712,0.5645288,1.9245288,2.2845287,1.7345288,2.1645288,0.5345288,0.5445288
-1.5454712,-1.8854712,-2.5654712,-2.655471,-2.1954713,-1.7754712,-2.165471,-3.5954711,-2.8154712,-2.1954713,-0.69547117,-0.5854712,-1.4454712,-3.7554712,-5.4054713,-5.3654714,-5.605471,-5.665471,-5.145471,-4.0554714,-3.3454711,-1.7154711,0.4945288,1.6845288,2.6745288,0.8445288,2.1345289,2.6745288,2.8245287,2.7845287,1.8345288,2.5745287,-0.30547118,1.4545288,0.9145288,2.5345287,1.2045288,0.5945288,0.9045288,0.8145288,-0.015471191
-0.9954712,-1.6554712,-2.2554712,-2.8254712,-3.135471,-2.395471,-1.7454712,-2.9454713,-2.665471,-2.8354712,-1.0454712,-0.6254712,-0.5354712,-1.5254712,-5.705471,-5.5554714,-5.3454714,-4.685471,-3.5354712,-4.105471,-4.3454714,-2.7154713,-1.7454712,1.7545288,1.9345288,1.6545289,2.4245288,2.374529,2.2145288,2.5345287,0.4645288,1.6645288,2.3245287,1.6545289,0.74452883,2.8045287,1.8645288,1.3745288,-0.20547119,0.5445288,-0.18547119
