wind.json
{"header": {"discipline":0,"disciplineName":"Meteorological products","gribEdition":2,"gribLength":1211,"center":7,"centerName":"US National Weather Service - NCEP(WMC)","subcenter":0,"refTime":"2023-07-01T06:00:00.000Z","significanceOfRT":1,"significanceOfRTName":"Start of forecast","productStatus":0,"productStatusName":"Operational products","productType":1,"productTypeName":"Forecast products","productDefinitionTemplate":0,"productDefinitionTemplateName":"Analysis/forecast at horizontal level/layer at a point in time","parameterCategory":2,"parameterCategoryName":"UnknownDiscipline_0_Category_2","parameterNumber":3,"parameterNumberName":"UnknownParameter_D0_C2_3","parameterUnit":"Unknown","genProcessType":2,"genProcessTypeName":"Forecast","forecastTime":0,"surface1Type":103,"surface1TypeName":"Specified height level above ground","surface1Value":10.0,"surface2Type":255,"surface2TypeName":"Missing","surface2Value":0.0,"gridDefinitionTemplate":0,"gridDefinitionTemplateName":"Latitude_Longitude","numberPoints":688,"shape":6,"shapeName":"Earth spherical with radius of 6,371,229.0 m","gridUnits":"degrees","resolution":48,"winds":"true","scanMode":64,"nx":43,"ny":16,"basicAngle":0,"lo1":45.0,"la1":40.0,"lo2":87.0,"la2":55.0,"dx":1.0,"dy":1.0}, "data":
[rows 0 to 15 of 16, columns 0 to 42 of 43]
0.81879395,-1.4312061,2.068794,-7.651206,3.4987938,-10.821206,-10.991206,-10.6312065,-8.801206,-2.861206,-2.221206,1.588794,2.148794,3.388794,6.8387938,5.468794,3.058794,0.58879393,-2.051206,-5.731206,-5.281206,-1.141206,-0.87120605,-3.201206,-3.301206,-3.581206,-2.7612062,-4.221206,-3.471206,-2.391206,-2.2612062,0.9187939,-0.10120606,4.488794,-1.921206,-0.10120606,-0.62120605,-2.631206,-4.041206,-3.641206,-4.031206,-2.861206,-1.271206
-1.981206,-4.1212063,-4.001206,2.308794,-1.661206,-8.431206,-9.481206,-10.6312065,-8.341206,-2.371206,-0.50120604,-1.5612061,6.138794,8.758794,7.448794,5.158794,3.7387938,3.018794,-0.5912061,-3.331206,-4.431206,-2.7712061,-1.891206,-1.901206,2.698794,0.6587939,1.4487939,1.868794,0.14879395,-0.37120605,-3.2412062,-3.661206,-2.801206,0.8487939,-2.451206,0.62879395,-0.74120605,0.20879394,1.128794,-1.0612061,-4.951206,-9.831206,-2.611206
-0.0012060547,2.598794,-0.37120605,1.868794,-3.441206,-8.261206,-8.441206,-10.151206,-7.8912063,-0.9012061,-1.421206,0.108793944,11.068794,9.6187935,7.438794,4.738794,5.048794,2.9987938,-0.061206054,-2.921206,-3.311206,-3.811206,-3.301206,-3.131206,0.93879396,0.038793944,2.4887938,2.9987938,3.628794,-1.2112061,-0.19120605,-1.5912061,-3.461206,-3.651206,-1.5512061,-3.9912062,-1.021206,3.328794,-0.80120605,2.038794,1.738794,-2.421206,-8.101206
-0.9012061,-1.9512061,-2.471206,-0.97120607,-5.601206,-7.081206,-8.471206,-10.791206,-7.061206,-5.511206,-0.12120605,7.188794,11.508794,9.258794,6.768794,4.768794,5.148794,3.188794,0.70879394,-1.861206,-1.7112061,-2.621206,-4.801206,-3.231206,-2.0312061,-2.731206,-2.881206,-2.051206,-0.91120607,-2.7412062,0.098793946,-2.5212061,-4.241206,-0.5912061,-1.261206,0.24879394,0.55879396,-0.81120604,-2.5312061,-1.3212061,-3.051206,-0.5312061,-0.7112061
-3.151206,-1.401206,-2.211206,-3.881206,-1.8012061,-6.511206,-7.441206,-9.641206,-10.591206,-5.581206,0.41879395,8.508794,8.778794,5.528794,1.708794,0.77879393,6.428794,3.9687939,1.7887939,0.29879394,-2.641206,-4.631206,-2.391206,-2.581206,1.1487939,-1.151206,-1.741206,-1.891206,-2.361206,-1.541206,-1.4612061,-2.391206,-3.371206,-0.30120605,2.588794,0.67879397,0.75879395,1.888794,1.258794,-1.891206,-3.051206,2.168794,-0.75120604
-0.85120606,-0.56120604,-0.34120604,-1.0812061,3.9787939,-3.621206,-6.191206,-7.111206,-9.741206,-1.491206,2.9787939,8.428794,6.698794,5.3387938,4.278794,3.9787939,3.2587938,4.398794,3.318794,1.518794,-0.7112061,-0.13120605,0.24879394,1.6987939,1.228794,1.8187939,1.888794,0.93879396,-1.031206,-2.651206,-0.31120604,-2.5412061,-2.631206,-3.861206,-3.7412062,-4.031206,0.62879395,1.738794,2.328794,1.8187939,2.518794,3.788794,3.098794
0.21879394,-0.5312061,-0.071206056,-0.37120605,0.51879394,2.918794,-2.601206,-8.601206,-8.361206,1.9187939,4.278794,7.528794,5.668794,5.938794,5.488794,3.7587938,4.218794,4.058794,4.388794,3.318794,1.0687939,1.368794,1.9487939,1.208794,0.30879393,-0.50120604,-0.98120606,-0.35120606,-0.54120606,-3.901206,-3.081206,-3.321206,-4.011206,-4.521206,-5.941206,-4.4112062,-4.591206,-2.401206,-5.231206,-6.061206,3.838794,4.828794,4.298794
0.8487939,0.77879393,0.64879394,0.12879394,3.048794,1.5487939,1.3187939,-4.631206,-5.001206,6.308794,10.778794,6.488794,3.4687939,1.208794,5.598794,7.598794,6.718794,5.5887938,2.808794,3.918794,3.4787939,1.758794,1.618794,1.2787939,0.6587939,-1.011206,-1.9512061,-1.731206,-1.1012061,-3.2912061,-4.401206,-6.151206,-5.631206,-4.841206,-4.311206,-4.351206,0.038793944,1.1987939,4.278794,-2.311206,-2.5012062,-3.7812061,1.3087939
1.9287939,2.108794,2.378794,1.978794,6.168794,3.558794,-0.15120606,-3.7512062,-4.511206,6.578794,10.658794,9.458794,8.798794,9.578794,9.278794,7.018794,6.028794,5.028794,4.658794,3.448794,1.718794,3.608794,2.548794,0.6587939,0.6587939,-1.791206,-2.851206,-3.141206,-2.981206,-3.311206,-3.611206,-2.7812061,-4.461206,-4.291206,-4.511206,-6.751206,-5.601206,-5.531206,-5.9112062,-0.38120607,-0.9012061,-0.76120603,0.77879393
2.4687939,3.698794,2.7387938,2.838794,7.6087937,4.228794,1.388794,-3.5312061,-5.151206,5.458794,11.028794,9.468794,6.618794,9.008794,8.578794,7.248794,5.538794,5.038794,4.078794,3.548794,2.2287939,1.618794,2.408794,1.958794,0.67879397,0.24879394,-3.0112062,-3.631206,-4.811206,-3.961206,-4.631206,-5.1212063,-5.1412063,-5.721206,-6.711206,-6.051206,-4.981206,-4.191206,-4.551206,-3.561206,-1.621206,0.56879395,3.4587939
1.6587939,3.4787939,3.4687939,4.118794,6.908794,5.678794,1.858794,-1.8312061,-3.071206,2.9687939,8.008794,8.138794,7.178794,8.498794,8.888794,7.968794,5.1087937,5.368794,3.628794,2.028794,2.2287939,1.2987939,-0.46120605,-1.171206,1.348794,-0.071206056,-1.761206,-3.7512062,-3.821206,-3.551206,-3.5012062,-4.551206,-5.231206,-6.081206,-3.951206,-3.581206,-1.731206,-3.5012062,-2.351206,0.82879394,2.338794,0.73879397,-0.31120604
2.138794,3.448794,4.118794,3.2187939,5.448794,6.118794,1.858794,-1.021206,-0.12120605,0.62879395,5.068794,3.588794,5.728794,6.918794,7.618794,6.688794,5.3387938,4.498794,4.248794,2.7087939,0.83879393,-0.43120605,1.4487939,0.82879394,0.82879394,0.018793946,-2.081206,-2.581206,-2.341206,-3.061206,-3.071206,-3.7912061,-4.9112062,-4.8912063,-4.431206,-4.001206,-3.171206,-2.081206,0.18879394,-1.541206,-1.9412061,0.40879396,1.848794
2.288794,3.338794,4.238794,2.9687939,4.818794,6.8587937,3.9587939,1.9287939,3.028794,2.698794,3.918794,6.528794,7.058794,7.068794,6.618794,5.488794,4.448794,6.248794,7.228794,5.948794,6.908794,5.6287937,3.848794,2.818794,1.8987939,-0.0012060547,-0.50120604,-0.29120606,-1.651206,-2.321206,-2.731206,-3.221206,-4.311206,-4.041206,-3.621206,-3.5312061,-3.2612062,-2.121206,-0.12120605,-0.7812061,-1.161206,-0.69120604,-0.82120603
2.7087939,3.538794,3.898794,4.928794,5.8787937,5.528794,5.848794,2.398794,1.978794,2.528794,1.498794,7.868794,5.3587937,4.998794,5.0887938,5.008794,4.958794,4.658794,6.368794,7.538794,7.058794,5.138794,4.478794,3.148794,1.5687939,1.858794,1.018794,-0.32120606,-0.63120604,-1.771206,-2.431206,-2.981206,-3.5212061,-3.7512062,-4.021206,-1.791206,-4.221206,-3.7612062,-1.5512061,-0.45120606,0.108793944,0.608794,1.358794
3.198794,2.638794,4.558794,5.778794,6.578794,5.578794,5.848794,3.388794,1.958794,1.718794,1.1587939,6.508794,4.618794,4.258794,6.348794,4.748794,4.208794,4.658794,6.3787937,7.6287937,6.188794,7.3587937,4.618794,3.9587939,2.768794,2.428794,1.588794,-0.08120605,-0.69120604,-1.891206,-1.791206,-1.481206,-2.7912061,-3.821206,-3.461206,-3.711206,-4.1212063,-4.071206,-3.0012062,-2.0012062,0.15879394,1.078794,1.9387939
3.438794,3.038794,2.128794,4.678794,4.768794,4.888794,4.708794,3.578794,2.658794,2.328794,1.718794,4.668794,4.228794,3.768794,2.598794,3.4687939,5.278794,5.958794,7.438794,8.798794,7.6287937,7.1087937,6.618794,5.598794,3.518794,2.2287939,1.4487939,0.38879395,-0.5312061,-2.051206,-1.8012061,-2.441206,-1.3512061,0.50879395,-2.461206,-3.5012062,-3.871206,-3.831206,-3.5412061,-2.221206,-2.5012062,-0.701206,1.6787939
