wind_kz.json
{"header": {"discipline":0,"disciplineName":"Meteorological products","gribEdition":2,"gribLength":871,"center":7,"centerName":"US National Weather Service - NCEP(WMC)","subcenter":0,"refTime":"2023-09-25T06:00:00.000Z","significanceOfRT":1,"significanceOfRTName":"Start of forecast","productStatus":0,"productStatusName":"Operational products","productType":1,"productTypeName":"Forecast products","productDefinitionTemplate":0,"productDefinitionTemplateName":"Analysis/forecast at horizontal level/layer at a point in time","parameterCategory":0,"parameterCategoryName":"UnknownDiscipline_0_Category_0","parameterNumber":0,"parameterNumberName":"UnknownParameter_D0_C0_0","parameterUnit":"Unknown","genProcessType":2,"genProcessTypeName":"Forecast","forecastTime":60,"surface1Type":1,"surface1TypeName":"Ground or water surface","surface1Value":0.0,"surface2Type":255,"surface2TypeName":"Missing","surface2Value":0.0,"gridDefinitionTemplate":0,"gridDefinitionTemplateName":"Latitude_Longitude","numberPoints":615,"shape":6,"shapeName":"Earth spherical with radius of 6,371,229.0 m","gridUnits":"degrees","resolution":48,"winds":"true","scanMode":64,"nx":41,"ny":15,"basicAngle":0,"lo1":47.0,"la1":41.0,"lo2":87.0,"la2":55.0,"dx":1.0,"dy":1.0}, "data":
[rows 0 to 14 of 15, columns 0 to 40 of 41]
290.27808,281.17807,286.37808,293.87808,293.77808,292.9781,294.4781,296.17807,293.4781,292.37808,292.57806,293.57806,292.87808,293.17807,292.77808,291.07806,291.67807,292.4781,290.37808,292.17807,294.4781,292.4781,289.67807,285.67807,288.17807,289.07806,286.67807,274.77808,274.07806,275.9781,273.9781,274.4781,284.07806,289.27808,289.77808,289.87808,288.57806,290.07806,290.67807,290.67807,289.4781
271.57806,285.9781,293.37808,293.67807,293.57806,292.4781,293.9781,292.87808,291.77808,291.87808,293.07806,291.87808,291.17807,289.87808,290.27808,290.87808,290.17807,290.77808,289.67807,289.17807,288.77808,292.27808,289.27808,282.27808,273.9781,273.57806,281.67807,273.87808,274.87808,270.77808,275.9781,267.67807,276.87808,250.57808,272.77808,286.9781,284.87808,287.67807,290.17807,282.57806,283.77808
287.9781,293.37808,293.77808,293.07806,291.37808,292.9781,291.9781,291.87808,290.67807,290.57806,290.07806,290.4781,288.27808,289.57806,291.37808,290.77808,289.37808,288.07806,289.37808,288.9781,289.4781,287.4781,289.27808,284.27808,286.4781,286.9781,288.17807,286.57806,285.87808,277.87808,270.67807,272.57806,276.57806,276.87808,279.17807,278.9781,271.67807,271.57806,273.17807,268.87808,267.4781
289.67807,292.57806,293.17807,292.37808,292.17807,292.27808,293.4781,291.77808,292.37808,292.27808,291.07806,293.37808,291.37808,290.87808,290.67807,290.57806,291.4781,290.57806,290.17807,288.87808,289.67807,284.37808,289.37808,290.27808,290.27808,290.27808,290.9781,289.77808,285.87808,286.4781,286.77808,283.9781,288.67807,286.87808,284.77808,282.4781,269.9781,262.37808,274.67807,281.67807,284.4781
291.27808,292.17807,292.27808,291.87808,291.9781,292.27808,293.37808,293.27808,292.67807,292.67807,292.37808,290.9781,290.37808,289.27808,287.87808,293.27808,292.07806,291.17807,288.67807,291.17807,291.27808,290.77808,289.67807,289.77808,289.67807,290.07806,288.67807,288.4781,287.67807,286.67807,287.9781,283.87808,275.37808,265.9781,276.57806,284.17807,288.4781,287.37808,287.27808,286.4781,285.27808
291.17807,289.27808,291.07806,292.07806,292.17807,292.17807,292.9781,294.37808,292.27808,292.57806,292.77808,292.07806,290.37808,290.37808,291.07806,290.67807,292.67807,290.77808,293.27808,293.57806,291.57806,289.27808,289.9781,289.87808,289.67807,287.67807,287.57806,288.87808,289.17807,288.77808,285.57806,286.4781,284.4781,282.67807,281.9781,285.77808,277.37808,279.27808,282.67807,284.27808,283.77808
291.4781,290.4781,293.87808,293.67807,292.67807,292.27808,292.77808,291.67807,292.17807,292.87808,291.37808,291.37808,290.4781,290.57806,290.67807,291.17807,289.9781,290.67807,288.17807,287.37808,288.77808,289.07806,290.9781,291.37808,290.37808,289.9781,289.57806,286.77808,287.87808,288.07806,286.67807,285.67807,284.07806,284.27808,282.4781,281.37808,276.4781,273.77808,265.77808,270.87808,279.07806
292.77808,295.17807,293.77808,294.67807,294.37808,293.57806,292.17807,290.57806,290.57806,291.07806,290.4781,290.17807,288.87808,289.07806,290.17807,290.37808,289.67807,292.4781,286.37808,284.4781,288.4781,286.67807,285.9781,288.27808,288.37808,286.57806,286.17807,287.87808,287.57806,285.87808,288.27808,284.67807,281.57806,277.9781,276.67807,277.67807,278.4781,286.9781,278.37808,277.77808,271.37808
294.67807,291.27808,292.4781,293.87808,294.9781,291.57806,289.57806,289.87808,289.27808,289.17807,288.57806,287.87808,287.27808,288.17807,287.9781,291.27808,290.57806,288.37808,287.67807,284.67807,286.07806,286.77808,288.57806,287.57806,283.57806,284.67807,283.67807,285.57806,285.27808,284.27808,285.37808,285.17807,281.27808,279.87808,278.17807,276.37808,275.67807,274.77808,259.27808,260.07806,258.67807
289.4781,291.27808,290.57806,291.17807,290.4781,289.77808,289.4781,288.07806,287.9781,287.77808,286.67807,286.4781,286.87808,286.57806,286.37808,286.87808,287.27808,287.67807,286.67807,285.87808,284.37808,285.37808,286.37808,287.37808,288.57806,285.4781,286.37808,287.27808,285.77808,284.4781,286.67807,283.67807,282.57806,280.87808,278.67807,276.57806,273.87808,268.07806,264.37808,263.67807,261.57806
289.77808,287.17807,287.57806,287.57806,287.67807,287.17807,288.27808,287.4781,286.57806,286.57806,286.37808,285.67807,285.87808,285.27808,285.57806,286.27808,285.37808,285.07806,285.27808,287.07806,287.17807,286.67807,288.37808,285.57806,285.77808,286.07806,285.07806,286.9781,286.77808,288.17807,287.17807,284.37808,282.17807,281.67807,280.17807,276.07806,269.37808,264.57806,268.87808,268.37808,264.9781
285.87808,286.4781,285.87808,285.27808,284.57806,284.77808,284.17807,284.4781,285.57806,285.27808,283.17807,284.27808,284.87808,283.87808,284.37808,284.77808,285.4781,285.37808,284.77808,283.67807,281.9781,285.27808,285.27808,285.07806,285.4781,284.27808,284.77808,284.9781,287.27808,287.07806,285.37808,283.87808,283.07806,280.37808,279.87808,277.67807,277.07806,275.67807,275.67807,275.9781,274.4781
283.57806,283.57806,284.17807,283.9781,284.37808,283.87808,282.67807,282.87808,282.67807,281.87808,280.57806,278.9781,282.77808,281.37808,282.27808,282.87808,283.9781,283.77808,285.57806,283.9781,282.4781,280.07806,279.4781,281.57806,285.17807,285.67807,286.37808,284.4781,283.27808,282.57806,282.9781,281.77808,281.07806,281.07806,280.37808,279.27808,277.9781,278.67807,277.07806,276.07806,274.57806
281.07806,283.27808,284.77808,283.4781,282.27808,281.27808,281.77808,282.4781,283.07806,283.17807,280.77808,279.27808,278.9781,280.57806,281.57806,282.57806,282.57806,283.57806,284.17807,284.9781,285.27808,286.17807,286.17807,282.37808,282.4781,281.9781,281.07806,280.9781,280.17807,279.87808,279.67807,280.37808,282.37808,281.77808,281.87808,280.17807,280.17807,277.57806,277.07806,275.87808,275.57806
281.57806,283.27808,286.37808,282.77808,282.77808,281.37808,282.07806,280.77808,281.67807,281.4781,281.37808,281.9781,280.87808,281.9781,283.67807,284.87808,284.17807,283.27808,283.27808,284.37808,284.57806,284.27808,282.77808,281.9781,281.57806,281.37808,280.27808,279.27808,278.9781,278.67807,278.87808,280.07806,276.67807,276.57806,280.07806,280.27808,281.17807,279.4781,280.07806,278.17807,276.4781
