wind.json
{"header": {"discipline":0,"disciplineName":"Meteorological products","gribEdition":2,"gribLength":1125,"center":7,"centerName":"US National Weather Service - NCEP(WMC)","subcenter":0,"refTime":"2023-06-29T06:00:00.000Z","significanceOfRT":1,"significanceOfRTName":"Start of forecast","productStatus":0,"productStatusName":"Operational products","productType":1,"productTypeName":"Forecast products","productDefinitionTemplate":0,"productDefinitionTemplateName":"Analysis/forecast at horizontal level/layer at a point in time","parameterCategory":2,"parameterCategoryName":"UnknownDiscipline_0_Category_2","parameterNumber":2,"parameterNumberName":"UnknownParameter_D0_C2_2","parameterUnit":"Unknown","genProcessType":2,"genProcessTypeName":"Forecast","forecastTime":60,"surface1Type":103,"surface1TypeName":"Specified height level above ground","surface1Value":10.0,"surface2Type":255,"surface2TypeName":"Missing","surface2Value":0.0,"gridDefinitionTemplate":0,"gridDefinitionTemplateName":"Latitude_Longitude","numberPoints":688,"shape":6,"shapeName":"Earth spherical with radius of 6,371,229.0 m","gridUnits":"degrees","resolution":48,"winds":"true","scanMode":64,"nx":43,"ny":16,"basicAngle":0,"lo1":45.0,"la1":40.0,"lo2":87.0,"la2":55.0,"dx":1.0,"dy":1.0}, "data":
[rows 0 to 15 of 16, columns 0 to 42 of 43]
-3.9799414,-1.5299414,-1.1799414,-4.2299414,-2.2199414,-2.0799415,0.48005858,3.0100586,3.8000586,3.5200586,8.240059,5.4600587,4.8000584,8.190059,4.320059,-3.6799414,-4.6999416,-3.7199414,-0.3299414,0.3800586,0.7900586,0.4100586,-2.6599414,0.6000586,0.010058594,-1.1099414,0.020058595,-0.4399414,-0.6699414,0.5500586,-1.8399414,-2.5499413,-0.5599414,1.7500587,-0.8299414,-2.7599413,-5.159941,-4.2099414,-2.9199414,-2.6699414,-1.6299415,0.2000586,1.4300586
-0.16994141,4.130059,-5.0199413,-0.119941406,1.8000586,1.7800586,3.0900586,4.320059,5.4400587,6.2800584,1.6200585,3.4000585,4.7700586,5.6400585,1.6300586,-4.0299416,-5.4899416,-4.0999413,-1.1199414,1.5200586,0.6200586,1.0300586,5.859375E-5,-0.1599414,-1.0499414,-2.6799414,1.7200586,-2.5399413,-3.4299414,-1.0699414,0.040058594,0.5100586,0.96005857,0.10005859,0.3500586,0.040058594,-4.1999416,-2.3899415,-0.7799414,-2.6799414,-3.2199414,0.5300586,1.8100586
0.8900586,-2.0499413,1.5800586,1.9100586,-0.3099414,3.2300587,4.9000587,4.8700585,6.1400585,2.4200585,1.6100585,5.7400584,4.0400586,5.3500586,4.5800586,-1.0499414,-4.0199413,-3.4099414,2.0500586,0.19005859,1.0900586,1.4400586,-1.6599414,-0.6399414,0.1700586,-3.5999415,0.030058594,-0.22994141,-1.3599414,-0.6299414,-4.159941,-1.3299414,-0.48994142,0.050058592,-0.3999414,-2.7199414,2.1100585,-0.42994142,1.1700586,0.010058594,-0.7199414,1.7300586,2.1700585
0.060058594,0.16005859,2.4400587,-1.6499414,2.7800586,5.4700584,5.2500587,4.6500587,5.4700584,1.8300586,4.090059,4.2400584,5.2200584,7.0000587,6.860059,-5.0699415,-4.6699414,-3.2799413,-3.6499414,-0.009941407,1.9800586,-4.429941,-6.3999414,-8.3199415,-5.9199414,-7.7299414,-0.8799414,-3.9699414,-3.2799413,-3.3599415,-3.7999413,-0.4499414,-1.3399414,2.5800586,0.5100586,-0.3599414,0.020058595,-1.4099414,0.9200586,0.3300586,2.2000587,0.7700586,1.8200586
3.3300586,8.690059,4.590059,3.7900586,6.5300584,6.0600586,3.9400587,1.3000586,2.8100586,1.8000586,4.4500585,3.8300586,6.9000587,8.600059,-2.1399415,-6.869941,-5.7499413,-4.9199414,-2.7799413,-0.2599414,-3.5899415,-5.2599416,-4.7499413,-5.2399416,-6.9899416,-10.089941,-7.8099413,-6.4499416,-7.6499414,-10.269941,-7.8099413,-4.1299415,-4.619941,-1.9399414,1.8200586,1.2200586,-2.9799414,-2.1299415,-1.1999414,1.3800586,1.6600586,1.9100586,3.1000586
4.2600584,4.8700585,6.2900586,7.7600584,6.2600584,7.2100587,5.5600586,3.5000587,1.4800586,3.9700587,4.3900585,5.630059,6.9500585,8.250058,-1.4999413,-7.7599416,-6.8299413,-3.7699413,-3.7399414,-2.9499414,-5.0999413,-5.7999415,-6.1699414,-7.2599416,-10.3599415,-8.519941,-8.309941,-9.909942,-8.729941,-6.389941,-5.2499413,-4.8599415,-5.2699413,-3.5799415,-4.0699415,1.2600586,2.1100585,-0.4099414,5.7600584,2.8600585,0.8000586,0.8900586,2.5300586
4.5200586,5.2400584,6.0400586,3.9300585,7.1500587,5.3500586,7.4800587,6.7500587,4.4600587,4.7400584,2.5300586,6.2300587,5.4800587,2.2900586,-4.909941,-5.5999413,-6.3599415,-3.8899415,-2.5499413,-0.3099414,-3.2399414,-3.9099414,-4.4599414,-3.8799415,-5.4599414,-5.3999414,-5.9999413,-5.3999414,-4.1499414,-4.7699413,-4.5499415,-3.9799414,-4.2499413,-7.3099413,-6.139941,-3.6899414,-0.5699414,2.3500586,1.5600586,6.320059,1.6100585,0.2700586,-4.6699414
5.6600585,5.130059,2.5800586,5.1800585,6.8000584,7.7800584,6.0300584,3.8100586,2.0300586,2.5900586,3.5400586,5.4200587,5.4900584,4.7900586,1.0000587,-3.9299414,-2.2999413,-0.5599414,-0.7199414,-2.8099413,-3.1699414,-3.9499414,-4.1299415,-4.6099415,-4.4499416,-3.9799414,-1.6499414,-2.0199413,-0.3399414,-1.0299414,-1.2499413,-4.2899413,-8.409942,-7.0999413,-4.7699413,-4.4899416,-1.2999414,-1.9799414,-1.0299414,3.3400586,1.7400585,0.9900586,6.8300586
4.4900584,5.630059,5.3000584,3.3000586,7.4700584,6.340059,4.6700587,1.9200586,1.4900585,5.859375E-5,2.4800587,4.1200585,5.0100584,2.2300587,1.7700586,-0.6099414,1.3900586,-0.4099414,-1.8399414,-0.4999414,-0.4399414,-3.0699415,-3.3499415,-4.7399416,-4.889941,-4.9499416,-4.7099414,-2.8999414,-4.7499413,-6.369941,-6.159941,-6.2899413,-7.1899414,-4.3999414,-3.9699414,-0.5899414,-1.5099415,2.3000586,3.1400585,5.3100586,5.1800585,7.7800584,-1.8599414
3.7200587,3.6300585,5.4700584,5.0000587,5.9600587,2.6500585,4.320059,-0.24994141,-1.8999414,-1.2199414,4.6200585,4.2900586,4.7500587,-0.7199414,6.0000587,3.1100585,1.0200586,-0.3099414,-2.7299414,-3.1799414,-2.4699414,-1.3899415,-5.2699413,-5.5799413,-5.6999416,-4.7799416,-5.2299414,-4.889941,-4.0599413,-4.5999413,-2.5599413,-3.3399415,-4.4899416,-3.1099415,-0.3899414,-0.7099414,-0.9399414,1.7200586,2.1400585,-1.0599414,-1.7699414,1.3500586,-0.6899414
4.5600586,3.5900586,3.7800586,4.2000585,3.5800586,2.4300585,-1.9799414,-1.6499414,-1.1399415,0.5400586,4.8900585,5.7700586,1.2300586,-0.2599414,4.6600585,0.11005859,-2.4799414,-2.7699413,-2.1299415,-2.1299415,-4.2299414,-4.4599414,-4.7099414,-5.8799415,-6.2699413,-6.0299416,-5.2699413,-6.159941,-4.5799413,-4.7299414,-3.7599413,-3.6199415,-2.4199414,-2.7299414,-2.3199415,-2.2299414,-0.78994143,1.4300586,-0.8599414,0.32005858,-2.2499413,0.090058595,-0.3599414
3.8100586,3.5300586,3.4300585,3.9800587,2.6300585,2.6200585,-0.19994141,-1.1599414,5.859375E-5,1.2600586,4.7000585,3.1100585,-0.2099414,1.9300586,2.0500586,2.0500586,-3.0799415,-3.8099413,-5.369941,-4.4499416,-6.4499416,-6.5399413,-5.8999414,-6.5499415,-5.619941,-4.8799415,-3.9499414,-3.2199414,-3.2099414,-3.1499414,-3.3699415,-2.7799413,-3.3499415,-3.2199414,-2.9199414,-1.2499413,-0.1299414,-0.90994143,-1.1999414,-0.10994141,-0.6499414,1.2500587,-0.59994143
3.5200586,2.7000587,2.9500587,3.4600587,3.1800585,2.8900585,-0.7199414,-0.2199414,-0.6299414,2.6200585,3.5900586,0.29005858,-2.4499414,6.0100584,2.7100587,8.030059,-4.4899416,-6.1899414,-5.929941,-4.5799413,-5.9199414,-4.3299413,-4.6699414,-3.9699414,-3.9499414,-3.8899415,-3.4199414,-3.8999414,-3.9599414,-3.4899414,-2.8499415,-2.9299414,-2.1299415,-0.3599414,0.040058594,-0.24994141,0.7300586,-0.3799414,-0.2099414,0.5500586,0.4400586,0.3600586,0.29005858
3.2700586,2.9600587,2.3400586,2.7900586,3.2500587,1.6900586,-0.45994142,-0.59994143,0.11005859,2.2400587,3.0600586,-1.7899414,-1.1099414,2.7100587,9.040058,-5.3399415,-4.0799413,-3.9399414,-4.0899415,-3.9699414,-4.0599413,-2.8999414,-3.2299414,-2.4199414,-1.7799414,-2.6999414,-1.5899414,-3.3099413,-3.0599413,-3.5199413,-3.2599413,-2.2899413,-2.9199414,-3.1999414,-1.8299414,0.3500586,1.6600586,0.32005858,-0.19994141,-0.3599414,0.07005859,0.59005857,-0.59994143
3.2100587,1.5200586,2.7200587,2.9300585,3.3000586,1.1000586,-0.7999414,-1.5099415,0.3600586,1.6000586,0.5300586,-1.7399414,0.2700586,3.8700585,0.5100586,-4.0799413,-4.1699414,-2.3899415,-3.1599414,-2.4399414,-2.5599413,-2.6999414,-2.4299414,-2.0399413,-1.6699414,-2.6899414,-2.5299413,-2.7299414,-2.4399414,-1.4099414,-1.3899415,-1.7899414,-1.6699414,-2.1199415,-0.90994143,-0.5899414,0.9900586,0.4300586,1.6700586,0.22005859,-0.7499414,0.120058596,0.2400586
3.1700585,2.5200586,1.9400586,2.4200585,3.9800587,0.4200586,-0.8199414,0.3400586,-0.7599414,0.4900586,1.7900586,2.1100585,0.2000586,5.5100584,-0.45994142,-0.3599414,-3.3199415,-1.9999413,-1.9799414,-2.3099413,-1.5199414,-1.8499414,-1.8999414,-2.1899414,-1.9299414,-2.1699414,-1.6999414,-0.8099414,-0.59994143,-0.3599414,-0.4399414,-0.13994141,-0.2099414,-0.019941406,1.1000586,1.5300586,1.7800586,2.1300585,0.2700586,1.2900586,0.7000586,0.6600586,-0.53994143
