wind_kz.json
{"header": {"discipline":0,"disciplineName":"Meteorological products","gribEdition":2,"gribLength":871,"center":7,"centerName":"US National Weather Service - NCEP(WMC)","subcenter":0,"refTime":"2023-08-22T00:00:00.000Z","significanceOfRT":1,"significanceOfRTName":"Start of forecast","productStatus":0,"productStatusName":"Operational products","productType":1,"productTypeName":"Forecast products","productDefinitionTemplate":0,"productDefinitionTemplateName":"Analysis/forecast at horizontal level/layer at a point in time","parameterCategory":0,"parameterCategoryName":"UnknownDiscipline_0_Category_0","parameterNumber":0,"parameterNumberName":"UnknownParameter_D0_C0_0","parameterUnit":"Unknown","genProcessType":2,"genProcessTypeName":"Forecast","forecastTime":300,"surface1Type":1,"surface1TypeName":"Ground or water surface","surface1Value":0.0,"surface2Type":255,"surface2TypeName":"Missing","surface2Value":0.0,"gridDefinitionTemplate":0,"gridDefinitionTemplateName":"Latitude_Longitude","numberPoints":615,"shape":6,"shapeName":"Earth spherical with radius of 6,371,229.0 m","gridUnits":"degrees","resolution":48,"winds":"true","scanMode":64,"nx":41,"ny":15,"basicAngle":0,"lo1":47.0,"la1":41.0,"lo2":87.0,"la2":55.0,"dx":1.0,"dy":1.0}, "data":
[rows 0 to 14 of 15, columns 0 to 40 of 41]
312.17847,293.17847,304.17847,298.97845,299.87848,298.17847,307.37848,315.97845,313.07846,314.27847,312.57846,312.37848,311.87848,312.97845,314.27847,315.77847,315.47845,315.37848,317.87848,315.97845,317.37848,313.57846,313.07846,308.17847,311.37848,314.07846,309.27847,292.97845,290.27847,288.77847,276.27847,285.87848,298.47845,306.87848,309.47845,308.77847,308.37848,307.07846,305.87848,304.37848,304.67847
289.47845,303.37848,298.47845,298.87848,299.37848,298.17847,314.57846,314.77847,312.47845,311.97845,311.17847,311.87848,311.17847,310.97845,312.17847,312.87848,313.27847,314.37848,314.17847,316.07846,315.67847,313.27847,310.87848,302.27847,290.87848,286.87848,299.27847,292.37848,293.47845,283.57846,288.87848,279.27847,287.27847,267.77847,282.47845,302.17847,302.17847,304.77847,307.27847,298.57846,285.57846
309.87848,298.57846,299.87848,298.97845,297.67847,310.77847,311.77847,312.77847,311.57846,310.47845,309.77847,309.77847,308.47845,303.67847,306.37848,307.77847,309.57846,311.17847,312.37848,313.37848,313.67847,312.97845,312.07846,305.77847,309.57846,308.17847,309.27847,307.57846,305.97845,294.47845,284.77847,286.27847,295.57846,295.77847,294.37848,295.17847,285.57846,284.77847,288.77847,285.37848,285.57846
310.77847,299.87848,299.57846,298.57846,299.97845,312.37848,312.17847,310.97845,310.87848,311.07846,310.07846,308.17847,295.37848,294.47845,303.97845,305.67847,306.37848,308.17847,310.27847,311.47845,310.57846,306.57846,310.67847,311.07846,310.07846,310.27847,311.17847,309.87848,308.57846,309.97845,311.27847,307.27847,310.87848,310.57846,308.17847,300.77847,288.57846,285.17847,288.47845,298.77847,300.87848
315.47845,298.57846,298.77847,298.37848,304.07846,310.37848,310.57846,311.17847,309.67847,309.47845,310.27847,308.87848,295.47845,293.57846,291.57846,305.57846,307.27847,305.77847,307.07846,308.17847,309.07846,310.17847,310.07846,309.57846,309.47845,309.57846,309.07846,305.17847,311.17847,310.97845,312.27847,309.87848,294.37848,284.27847,295.07846,302.67847,300.77847,305.27847,304.87848,304.27847,303.87848
312.27847,305.07846,296.77847,297.67847,297.97845,297.37848,309.47845,309.17847,308.87848,308.47845,308.77847,308.17847,296.37848,294.47845,299.27847,302.77847,305.77847,305.27847,305.37848,306.77847,307.57846,307.27847,307.57846,308.27847,308.17847,307.87848,308.87848,294.27847,310.07846,310.47845,309.17847,309.67847,308.87848,308.07846,303.97845,301.57846,296.37848,297.27847,302.97845,303.57846,302.17847
309.27847,305.27847,306.47845,310.07846,305.67847,302.87848,305.07846,306.97845,307.47845,307.07846,306.47845,306.57846,305.47845,305.97845,304.97845,304.37848,305.27847,305.87848,306.07846,305.47845,305.17847,306.37848,306.97845,307.47845,306.47845,306.87848,307.87848,309.67847,307.17847,307.67847,307.27847,307.57846,307.97845,307.47845,306.97845,303.27847,297.47845,293.57846,290.47845,287.77847,299.37848
307.47845,307.47845,308.47845,307.57846,308.57846,308.37848,307.87848,305.77847,303.67847,304.47845,304.47845,304.47845,304.77847,303.77847,306.07846,305.97845,303.77847,303.87848,304.67847,302.77847,303.27847,304.27847,305.77847,305.77847,305.97845,303.17847,303.57846,304.97845,303.17847,305.97845,304.87848,305.97845,304.67847,302.47845,302.57846,301.97845,301.97845,291.97845,302.07846,300.17847,296.37848
304.17847,303.57846,304.97845,304.77847,304.47845,303.27847,303.57846,302.87848,301.87848,300.77847,301.77847,302.17847,302.67847,304.17847,304.07846,303.97845,303.37848,303.87848,302.97845,299.77847,298.87848,301.77847,304.37848,304.67847,303.47845,303.97845,301.67847,300.67847,300.47845,299.27847,300.77847,301.67847,303.07846,304.67847,302.87848,299.37848,298.57846,298.17847,285.97845,284.57846,284.57846
300.27847,300.37848,300.37848,299.97845,298.77847,299.37848,295.57846,295.27847,296.07846,294.87848,292.97845,297.77847,299.37848,299.17847,300.17847,300.57846,301.77847,302.17847,301.57846,300.07846,301.77847,302.17847,304.87848,305.87848,304.37848,303.47845,302.07846,301.07846,300.97845,301.87848,301.87848,303.57846,305.07846,305.17847,304.57846,300.77847,296.37848,291.27847,289.17847,288.07846,286.67847
295.57846,295.37848,294.97845,295.37848,294.97845,295.17847,295.07846,291.87848,289.57846,289.47845,290.37848,292.17847,297.57846,296.97845,298.07846,299.17847,299.67847,297.77847,299.47845,298.17847,302.47845,303.17847,302.57846,303.77847,303.27847,303.67847,301.47845,302.77847,304.47845,304.97845,304.27847,304.17847,302.87848,302.47845,301.27847,299.77847,292.67847,290.87848,292.37848,290.17847,288.67847
292.07846,292.77847,292.57846,291.97845,291.57846,292.27847,291.37848,291.57846,287.47845,288.27847,285.17847,288.47845,290.67847,293.87848,290.67847,296.87848,297.37848,296.97845,296.77847,296.07846,298.57846,299.47845,300.87848,302.77847,302.47845,303.27847,303.57846,304.57846,305.27847,303.67847,300.67847,300.57846,300.57846,299.47845,300.47845,298.17847,296.47845,296.47845,294.07846,293.37848,292.17847
284.07846,285.27847,284.97845,284.17847,284.67847,285.77847,285.47845,288.77847,288.67847,284.77847,282.27847,284.97845,291.47845,288.57846,289.67847,295.07846,293.67847,291.87848,292.27847,296.27847,300.27847,295.77847,302.57846,299.97845,303.27847,302.37848,303.87848,302.27847,302.97845,302.07846,301.57846,300.47845,300.17847,301.17847,298.97845,295.37848,295.17847,295.67847,294.67847,293.37848,292.37848
281.77847,279.77847,285.17847,279.67847,279.67847,280.97845,281.87848,283.67847,285.37848,282.17847,278.67847,279.47845,286.37848,292.37848,291.87848,291.97845,288.97845,291.67847,295.77847,295.27847,295.07846,298.57846,302.77847,303.27847,301.57846,302.37848,301.37848,300.47845,300.87848,301.17847,301.47845,301.37848,299.47845,298.77847,298.57846,298.17847,296.67847,296.27847,295.27847,294.07846,293.77847
278.27847,279.37848,289.77847,279.77847,281.07846,281.07846,282.07846,282.47845,286.17847,284.67847,280.87848,282.57846,283.97845,287.77847,291.47845,290.47845,287.27847,287.77847,291.67847,293.47845,297.67847,299.07846,303.27847,302.57846,302.17847,301.07846,299.97845,299.67847,298.97845,297.77847,296.47845,292.77847,299.47845,297.97845,298.47845,297.47845,297.47845,295.27847,295.67847,295.77847,294.27847
