wind_kz.json
{"header": {"discipline":0,"disciplineName":"Meteorological products","gribEdition":2,"gribLength":1025,"center":7,"centerName":"US National Weather Service - NCEP(WMC)","subcenter":0,"refTime":"2023-10-02T00:00:00.000Z","significanceOfRT":1,"significanceOfRTName":"Start of forecast","productStatus":0,"productStatusName":"Operational products","productType":1,"productTypeName":"Forecast products","productDefinitionTemplate":0,"productDefinitionTemplateName":"Analysis/forecast at horizontal level/layer at a point in time","parameterCategory":2,"parameterCategoryName":"UnknownDiscipline_0_Category_2","parameterNumber":3,"parameterNumberName":"UnknownParameter_D0_C2_3","parameterUnit":"Unknown","genProcessType":2,"genProcessTypeName":"Forecast","forecastTime":0,"surface1Type":103,"surface1TypeName":"Specified height level above ground","surface1Value":10.0,"surface2Type":255,"surface2TypeName":"Missing","surface2Value":0.0,"gridDefinitionTemplate":0,"gridDefinitionTemplateName":"Latitude_Longitude","numberPoints":615,"shape":6,"shapeName":"Earth spherical with radius of 6,371,229.0 m","gridUnits":"degrees","resolution":48,"winds":"true","scanMode":64,"nx":41,"ny":15,"basicAngle":0,"lo1":47.0,"la1":41.0,"lo2":87.0,"la2":55.0,"dx":1.0,"dy":1.0}, "data":
[rows 0 to 14 of 15, columns 0 to 40 of 41]
1.2666796,-1.1233203,1.6166797,3.3966796,2.2966797,1.4466797,2.2166796,1.5166796,0.8166797,0.6966797,-0.7433203,-0.69332033,-0.7333203,-0.5833203,-1.9633203,-2.5633204,-2.7333202,-2.3433204,-1.3433204,-1.8233203,-1.2333204,-1.9633203,0.9766797,0.3766797,-1.8533204,-0.8033203,-0.87332034,1.3366797,1.7466797,3.7866797,1.1866797,-0.27332032,0.7666797,-1.2733203,-0.18332031,1.3166797,0.9866797,1.4166797,0.1366797,-1.9733204,3.3866796
4.22668,1.1366796,3.1366796,2.6166797,1.0366797,3.1566796,0.20667969,2.2966797,2.2466798,1.5066797,0.016679687,-1.0533203,-1.2533203,-2.2733202,-3.3933203,-3.5333204,-2.5033202,-0.7033203,-2.6533203,-2.9933202,-1.6533203,-0.4733203,0.14667968,1.7766796,0.9266797,0.8366797,-2.1133204,2.5766797,0.4266797,2.2266798,4.3466797,5.4866796,0.87667966,0.03667969,-3.3133204,-1.1033204,-1.6433203,-3.0833204,0.21667969,-1.9633203,0.9066797
2.4166796,4.5966797,2.1366796,0.7566797,0.9666797,0.8866797,1.4066796,2.0266798,2.6666796,2.3966796,2.5966797,1.9666797,-0.56332034,-2.5933204,-3.0533204,-2.6933203,-1.5633203,-1.0433203,-0.9333203,-2.4133203,-1.5333203,-2.0733204,1.1466796,0.9666797,0.19667968,0.7566797,0.7366797,1.3466797,-0.7733203,1.4266797,3.2966797,1.9266797,1.7166797,-1.3133203,-0.23332031,2.7766798,5.6566796,1.1466796,0.1366797,-0.3733203,0.8266797
0.06667969,1.2466797,1.8266797,-0.0033203126,0.87667966,1.2166797,2.0366797,3.7266798,3.8066797,2.8766797,2.7966797,0.8966797,-3.1933203,-5.3633204,-3.3033204,-3.0933204,-3.7933204,-4.06332,-2.4433203,-1.6333203,-2.4133203,-0.6533203,-1.3733203,0.4566797,0.25667968,-0.9033203,0.046679687,-0.23332031,2.9366796,4.0066795,1.6166797,-1.2633203,-1.5033203,-0.2833203,-0.26332033,-3.9533203,-1.9833204,2.1966796,1.9966797,0.8166797,0.8366797
-0.17332031,0.8366797,0.12667969,-0.33332032,-0.9833203,-0.8033203,0.68667966,3.0666797,2.6566796,1.6666797,2.8866796,1.8266797,-1.4133203,-3.5433204,-5.1933203,-3.9233203,-3.7333202,-4.02332,-2.8033204,-1.9133203,-2.2333202,-2.8833203,-3.2933204,-3.1933203,-0.6133203,-0.3733203,1.8966796,2.2466798,3.9666796,2.2866797,-0.4333203,0.62667966,1.7166797,2.0966797,-1.2533203,-1.7833203,1.4866797,-1.5733203,-3.6633203,1.0566797,0.9666797
-0.4133203,-0.8333203,-0.7333203,-1.1433203,0.08667969,0.1366797,1.4666797,2.1566796,2.3066797,3.6866796,3.1366796,1.6966797,-0.013320313,-3.9733202,-4.3833203,-4.00332,-3.8033204,-3.5633204,-4.04332,-2.6333203,-0.1433203,-2.4033203,-3.5033202,-4.37332,-0.0033203126,1.2266797,-2.2133203,1.1666797,-0.2533203,-0.3733203,-1.4233203,-3.0733204,-1.6133204,-1.6633203,1.6166797,3.6666796,2.6666796,3.2166796,-1.3633204,-3.2333202,-1.9833204
0.4566797,-0.4633203,-1.4633203,-1.5933204,-2.4133203,0.4366797,2.5566797,1.7066797,0.4366797,2.5766797,1.9666797,1.4366797,-0.3133203,-2.1533203,-3.4833202,-4.27332,-3.9733202,-4.2433205,-3.6533203,-2.4633203,-2.7033203,-3.6633203,-3.3233204,-3.1633203,-2.5833204,0.20667969,-1.3133203,-0.06332031,-0.5933203,0.14667968,-2.0933204,-4.3633204,-4.25332,-2.4533203,-1.5533203,-0.8533203,-2.6033204,-1.8033203,1.6066797,0.61667967,-0.5233203
0.62667966,-0.3433203,-1.2933203,-2.4333203,-2.1133204,-1.6633203,1.0566797,2.5566797,2.5566797,2.2966797,2.1366796,1.0166796,-0.6133203,-1.6233203,-3.5333204,-3.8533204,-3.6933203,-4.3833203,-3.8833203,-2.6633203,-3.8533204,-1.6933203,-3.9833202,-3.4333203,-3.2333202,-0.7933203,1.6566796,1.1166797,-0.4733203,-2.1533203,-1.8633204,-1.6133204,-3.4233203,-4.6633205,-1.2533203,-0.26332033,-1.6933203,-0.16332032,-0.5133203,-0.03332031,-2.3833203
1.2466797,0.3766797,-0.63332033,-1.1533203,-1.8933203,-1.0833203,-0.24332032,0.5766797,2.2766798,2.1866796,1.7566797,1.1366796,0.61667967,-2.2433202,-3.0633204,-3.9833202,-3.4433203,-3.1733203,-3.8233204,-4.2633204,-2.4833202,-2.0133202,-3.0133202,-3.8333204,-3.6333203,-1.4733204,1.1266797,0.8266797,0.046679687,-1.3433204,-3.9633203,-1.7833203,0.6066797,-0.94332033,-0.9033203,-0.023320312,-2.8233204,-0.08332031,1.1066797,0.21667969,-2.5933204
2.3066797,1.5166796,0.55667967,-0.3233203,-1.0133203,-0.50332034,1.0466797,1.0766797,1.9666797,2.7566798,1.6966797,1.8566797,1.4466797,-0.16332032,-2.3633204,-3.0233202,-2.7733202,-3.0533204,-3.1533203,-4.0133204,-3.0133202,-1.8733203,-2.3233204,-2.5433204,-0.023320312,-1.9033203,-0.9933203,-0.11332031,0.6566797,-0.5533203,-1.2833203,-1.3733203,0.26667967,-1.4233203,-1.1633203,-0.11332031,-0.09332031,-2.4333203,-1.2033203,1.0866797,1.4366797
2.6166797,2.5266798,2.1366796,0.7666797,-0.09332031,0.14667968,1.1966797,0.8866797,0.16667968,1.8466797,1.8266797,1.1466796,0.8266797,1.6866797,-0.9233203,-1.5033203,-2.6633203,-3.0733204,-2.2133203,-3.7933204,-2.8933203,-2.0833204,-2.0433204,-1.9833204,-2.1233203,-0.7933203,-1.4133203,-1.7533203,-1.4933203,-0.7933203,-1.6233203,-1.7933203,-1.5633203,-1.5733203,-2.1833203,-0.7333203,-0.4133203,2.1466796,0.8566797,1.1166797,0.05667969
2.3066797,2.8066797,3.0766797,3.0866797,2.9066796,1.9866797,1.2166797,1.3466797,1.0366797,1.2066797,1.4566797,1.1666797,0.3666797,0.80667967,0.5666797,0.48667967,-0.7333203,-1.8733203,-1.8433204,-1.6233203,-0.6133203,-1.6133204,-1.3533204,-1.4033203,-0.3833203,-0.88332033,0.08667969,-0.15332031,-0.69332033,-1.1933203,-1.4833204,-1.1433203,-0.8633203,-0.8933203,-1.0033203,-1.8133203,-1.1233203,0.61667967,1.4466797,1.6466796,1.2166797
2.8566797,3.3966796,3.6966796,3.0566797,3.1766796,2.0566797,1.8266797,2.5966797,2.6066797,1.7966797,0.62667966,1.3666797,1.9266797,1.7266797,1.5566797,1.8866796,0.5266797,-0.5733203,-1.1833203,-0.21332031,1.1566796,1.2366797,1.2066797,0.8866797,1.3766797,1.1366796,0.7866797,-0.3533203,-0.7033203,-0.9133203,-1.4133203,-1.0533203,-0.8633203,-1.1033204,-1.2533203,-1.0933204,-1.7633203,-1.1633203,-0.6133203,-0.09332031,-0.05332031
3.5666797,3.2566798,4.5866795,4.70668,3.1266797,3.6566796,3.6166797,4.4466796,3.6566796,3.4166796,2.4166796,0.8866797,1.4466797,2.8166797,3.1866796,2.6666796,2.1566796,1.4466797,-0.20332031,0.4966797,2.0266798,2.2066796,2.3966796,2.2166796,2.0866797,2.0366797,1.4666797,0.87667966,0.4066797,0.29667968,-0.17332031,-0.3533203,-0.2533203,0.25667968,-0.7633203,-0.9033203,-1.0133203,-1.1033204,-1.0233203,-0.05332031,-0.06332031
1.5166796,2.3366797,3.3666797,4.85668,5.5866795,5.5366797,5.87668,5.7366796,5.1166797,4.7366796,1.7166797,2.6166797,2.7466798,1.9266797,3.5666797,3.3666797,3.2266798,2.7166796,2.3766797,2.1366796,1.6566796,2.5766797,2.6966796,2.2566798,2.1566796,2.3066797,1.8766797,1.8766797,1.4866797,1.1566796,-0.05332031,1.3066797,0.7066797,0.3966797,0.7566797,0.6766797,0.8866797,1.0366797,0.7066797,0.7866797,0.5266797
