wind_kz.json
{"header": {"discipline":0,"disciplineName":"Meteorological products","gribEdition":2,"gribLength":1025,"center":7,"centerName":"US National Weather Service - NCEP(WMC)","subcenter":0,"refTime":"2023-10-05T00:00:00.000Z","significanceOfRT":1,"significanceOfRTName":"Start of forecast","productStatus":0,"productStatusName":"Operational products","productType":1,"productTypeName":"Forecast products","productDefinitionTemplate":0,"productDefinitionTemplateName":"Analysis/forecast at horizontal level/layer at a point in time","parameterCategory":2,"parameterCategoryName":"UnknownDiscipline_0_Category_2","parameterNumber":2,"parameterNumberName":"UnknownParameter_D0_C2_2","parameterUnit":"Unknown","genProcessType":2,"genProcessTypeName":"Forecast","forecastTime":120,"surface1Type":103,"surface1TypeName":"Specified height level above ground","surface1Value":10.0,"surface2Type":255,"surface2TypeName":"Missing","surface2Value":0.0,"gridDefinitionTemplate":0,"gridDefinitionTemplateName":"Latitude_Longitude","numberPoints":615,"shape":6,"shapeName":"Earth spherical with radius of 6,371,229.0 m","gridUnits":"degrees","resolution":48,"winds":"true","scanMode":64,"nx":41,"ny":15,"basicAngle":0,"lo1":47.0,"la1":41.0,"lo2":87.0,"la2":55.0,"dx":1.0,"dy":1.0}, "data":
[rows 0 to 14 of 15, columns 0 to 40 of 41]
4.393989,0.55398923,3.9339893,6.873989,4.083989,3.8939893,4.9039893,5.1139894,4.8839893,-1.9560107,-0.9960107,-3.5160108,-3.3760107,-3.2160108,-3.1960108,-3.1860108,-3.0460107,-2.8360107,-3.5260108,-2.7560108,-2.9260108,-0.72601074,-1.8160107,-2.4160109,0.18398926,-1.4760108,-2.2660108,-2.4760108,0.30398926,-0.06601074,-1.0860107,2.0139892,0.29398927,0.24398926,-3.9660108,-2.7560108,-2.7960107,-1.8160107,-2.6660109,-2.2560108,-0.38601074
1.3839892,-0.37601075,7.3239894,5.6339893,4.393989,4.913989,4.143989,1.5739893,4.0739894,3.2039893,-1.3860108,-3.1960108,-2.6460106,-3.0160108,-2.0360107,-4.066011,-4.316011,-4.6960106,-1.7360108,-2.5060108,-3.0660107,-2.0460107,-0.85601074,-3.1160107,-0.39601076,1.1939893,-0.41601074,-0.11601074,-0.28601074,-0.35601074,0.26398927,-0.35601074,2.1539893,-1.7260108,1.0939893,0.60398924,-0.91601074,0.013989258,-0.7560108,0.73398924,-1.9860108
4.7339892,9.323989,8.123989,6.453989,4.8839893,4.2839894,2.2039893,4.623989,3.4439893,2.8339891,-0.0060107424,-2.6460106,-1.5460107,-2.5160108,-2.7560108,-3.2960107,-4.0760107,-2.6760108,-2.9760108,-4.126011,-3.9960108,-3.6260107,-3.7160108,-3.5460107,1.0239892,-2.1760108,-0.9360107,-1.6760107,-1.4160107,-0.71601075,-0.23601075,1.5339893,-0.026010742,-0.27601075,0.78398925,-0.40601075,-0.9360107,-0.45601073,-1.1060108,-0.85601074,1.5939893
5.4239893,7.8039894,7.603989,6.933989,4.0939894,3.5939894,3.6939893,4.603989,4.703989,4.7439895,-0.42601073,-1.4760108,-2.0660107,-2.5860107,-2.7360108,-2.8260107,-3.6960108,-2.8860106,-2.0760107,-0.83601075,-1.0660107,-1.5960107,-2.6560106,-3.7060108,-4.3460107,-4.5260105,-4.0960107,-7.4060106,-3.6760108,-1.0660107,0.61398923,-1.3060107,-0.53601074,-3.1460106,-2.6560106,-0.77601075,-0.96601075,0.6239893,-1.1360108,0.77398926,2.4739892
4.083989,8.81399,8.163989,7.663989,8.18399,6.333989,4.8039894,5.853989,4.4739895,6.273989,1.0539893,-0.6860107,-2.6560106,-2.8260107,-3.5460107,-2.9260108,-2.6260107,-3.0760107,-3.6260107,-4.666011,-5.6160107,-4.6760106,-4.5960107,-4.566011,-4.7360106,-4.896011,-6.816011,-3.9360108,-4.126011,-3.6760108,-3.3660107,-2.2060108,-1.8360107,0.35398924,0.44398925,1.8239893,2.9439893,0.5039893,1.1739893,-2.1360106,-2.1560106
5.2639894,5.543989,7.0739894,9.2239895,9.513989,7.913989,6.1739893,4.0339894,4.9739895,5.773989,1.8639892,-0.096010745,-1.4060107,-2.5560107,-2.9960108,-2.3060107,-2.2260108,-2.6960108,-3.6360106,-3.8360107,-4.296011,-3.8160107,-4.0360107,-3.9960108,-4.2760105,-4.8460107,-3.3260107,-4.856011,-3.2560108,-3.0760107,-2.0060108,-2.4160109,-3.3160107,-2.5260108,-3.5560107,1.8539892,-1.0560107,-1.4960108,2.5639892,-1.9960108,-2.8460107
5.7839894,6.1939893,7.203989,6.873989,6.7439895,4.873989,5.793989,4.793989,5.0339894,4.433989,2.6439893,-0.41601074,-1.8760108,-0.7460107,-2.0060108,-2.1360106,-1.7560108,-1.6960107,-2.7060108,-2.7260108,-2.8360107,-2.9060106,-2.9160109,-2.4560108,-2.7460108,-3.3460107,-1.7760108,-1.9860108,-2.1260107,-1.8460107,-2.9360108,-3.7860107,-2.3560107,-3.9060106,-2.9460108,-1.5060108,-1.3760108,1.2739892,-2.5060108,1.4039893,0.26398927
5.2339892,6.203989,6.623989,7.183989,7.453989,6.2839894,5.7439895,4.0139894,4.933989,4.3039894,4.623989,0.8239893,-0.59601074,-0.5560107,0.17398925,-1.3060107,-1.3760108,-1.5460107,-1.7460108,-2.3760107,-1.2260108,-1.3360107,-0.77601075,-1.3760108,-1.5160108,-0.83601075,0.20398925,-0.66601074,-0.58601075,-2.0960107,-2.3760107,-2.4760108,-2.5860107,-0.14601074,-0.98601073,2.2839892,4.163989,4.5139894,3.8439894,2.9039893,-2.2760108
5.1739893,5.6739893,6.2139893,6.313989,6.5539894,5.813989,5.1139894,3.7639892,2.1339893,3.8939893,3.3539894,2.1339893,0.46398926,-0.016010743,-1.0960107,-0.66601074,-0.36601076,-1.0660107,-0.33601075,-0.77601075,-1.4560107,-0.0060107424,0.36398926,-0.64601076,-0.73601073,-0.66601074,-0.95601076,-0.89601076,-0.06601074,-0.7460107,-1.2560108,-0.77601075,-0.58601075,-1.9060107,0.003989258,0.24398926,-0.43601075,-1.9660107,-0.82601076,-0.16601074,-2.2560108
5.1339893,4.9739895,4.6339893,4.393989,4.583989,3.8639894,4.293989,2.9439893,2.1839893,3.9439893,3.4239893,3.1139894,1.3939892,0.71398926,-0.026010742,0.013989258,-0.036010742,-0.40601075,-0.44601074,-1.2260108,0.26398927,0.33398926,0.6239893,0.33398926,-0.14601074,-0.57601076,0.37398925,-0.27601075,-0.26601073,-0.10601074,-0.20601074,0.97398925,0.09398926,-1.6860107,-1.4260107,-0.72601074,-1.3160107,-0.23601075,-2.6660109,-0.85601074,-1.2560108
4.8639894,4.953989,4.333989,3.9839892,3.2239892,2.4039893,3.0339892,3.1939893,2.7739892,2.4939892,3.8839893,4.433989,4.3039894,5.753989,1.6339892,0.6339893,0.5039893,1.3539892,-0.73601073,0.06398926,0.36398926,-0.78601074,0.26398927,0.71398926,0.58398926,0.10398926,0.6339893,1.4039893,0.79398924,0.58398926,1.1939893,-0.06601074,0.043989256,0.13398926,-0.20601074,-0.9960107,-1.1860107,-0.89601076,-0.85601074,0.60398924,-1.2760108
4.9239893,5.1139894,4.5539894,3.9539893,3.6139894,3.1739893,3.0839891,2.5039892,3.4839892,2.7039893,3.8539894,5.3839893,4.413989,4.433989,1.5339893,1.3439893,1.1639893,0.5739893,0.80398923,0.42398927,0.36398926,0.77398926,-0.07601074,0.73398924,1.1339892,1.4439893,0.8239893,1.8839892,2.2439892,1.1339892,0.19398926,0.58398926,0.003989258,-0.58601075,0.07398926,0.053989258,-0.6160107,-0.95601076,-0.32601073,-0.70601076,-0.69601077
4.273989,5.0339894,3.8739893,4.2639894,3.6739893,3.0039892,2.9039893,4.3639894,3.9139893,2.5339892,2.0139892,3.5239892,4.4439893,4.6739893,4.413989,2.9339893,2.5539892,1.3339893,1.7039893,1.0439893,0.73398924,1.2839893,1.7839893,0.47398925,2.3239892,1.9739892,1.7539892,1.9039893,1.4239893,1.3739892,0.8139893,0.77398926,0.37398925,0.15398926,0.5739893,0.10398926,0.15398926,-0.8660107,-1.3360107,-1.1760107,-1.1060108
4.3839893,5.063989,6.4839892,4.5139894,3.6839893,3.8239892,3.5039892,3.8839893,3.4239893,2.3439894,1.6539893,2.5539892,4.9239893,5.4939895,5.503989,4.3839893,3.1039894,2.4139893,1.1439892,1.9639893,1.8039893,2.4039893,2.0239892,1.6039892,1.3139893,0.59398925,0.21398926,1.5639893,1.3139893,1.0039892,1.0639893,0.84398925,0.5039893,0.27398926,0.85398924,0.39398926,0.09398926,-0.34601074,-1.0460107,0.013989258,-0.57601076
3.1139894,5.1539893,8.493989,4.623989,4.2339892,4.063989,4.623989,3.9739892,3.6339893,2.6739893,1.7339892,4.0739894,2.4339893,2.7639892,2.7339892,2.5739892,2.3939893,3.2039893,2.3439894,2.5339892,2.2639892,2.0439892,1.6439892,1.1639893,1.0639893,0.98398924,1.1739893,1.3239893,1.0639893,1.5139892,1.7339892,1.4839892,1.0839893,1.3539892,1.5339893,1.4339893,0.67398924,1.2339892,1.2339892,0.49398926,-1.3760108
