wind_kz.json
{"header": {"discipline":0,"disciplineName":"Meteorological products","gribEdition":2,"gribLength":1102,"center":7,"centerName":"US National Weather Service - NCEP(WMC)","subcenter":0,"refTime":"2024-01-31T18:00:00.000Z","significanceOfRT":1,"significanceOfRTName":"Start of forecast","productStatus":0,"productStatusName":"Operational products","productType":1,"productTypeName":"Forecast products","productDefinitionTemplate":0,"productDefinitionTemplateName":"Analysis/forecast at horizontal level/layer at a point in time","parameterCategory":2,"parameterCategoryName":"UnknownDiscipline_0_Category_2","parameterNumber":2,"parameterNumberName":"UnknownParameter_D0_C2_2","parameterUnit":"Unknown","genProcessType":2,"genProcessTypeName":"Forecast","forecastTime":60,"surface1Type":103,"surface1TypeName":"Specified height level above ground","surface1Value":10.0,"surface2Type":255,"surface2TypeName":"Missing","surface2Value":0.0,"gridDefinitionTemplate":0,"gridDefinitionTemplateName":"Latitude_Longitude","numberPoints":615,"shape":6,"shapeName":"Earth spherical with radius of 6,371,229.0 m","gridUnits":"degrees","resolution":48,"winds":"true","scanMode":64,"nx":41,"ny":15,"basicAngle":0,"lo1":47.0,"la1":41.0,"lo2":87.0,"la2":55.0,"dx":1.0,"dy":1.0}, "data":
[rows 0 to 14 of 15, columns 0 to 40 of 41]
0.64385986,-0.19614014,-0.48614013,1.2338599,0.95385987,2.08386,1.2538599,1.9138598,1.0438598,1.1938598,0.78385985,0.30385986,0.30385986,-0.20614013,-1.8361402,-4.20614,-2.7861402,-8.17614,-7.76614,-9.126141,-3.87614,0.27385986,1.5938599,-1.7261401,-0.8861401,-2.9961402,-5.27614,-4.83614,-0.72614014,-0.8061401,-1.4461402,1.4738599,0.41385987,-0.26614013,-0.43614015,-0.45614013,-0.58614016,-0.076140136,0.5638599,-0.39614013,-0.8161401
1.8038598,-0.036140136,1.4438598,2.02386,1.9338598,1.7338599,1.2338599,1.2238599,0.9438599,0.093859866,0.51385987,-1.1061401,-1.1661401,-1.4661402,-1.5461402,-1.5961401,-2.16614,-6.2361403,-5.50614,-5.34614,-3.38614,-1.5361401,0.9338599,-3.19614,-1.5961401,-1.1061401,-0.95614016,-1.2261401,-0.27614012,-2.71614,-0.39614013,-0.79614013,1.0738598,0.053859863,1.1138599,0.65385985,0.84385985,0.5038599,0.53385985,0.103859864,0.78385985
1.8438599,7.23386,6.66386,5.52386,5.42386,2.4738598,2.28386,2.2638597,2.56386,2.1538599,0.8038599,0.34385985,-0.49614012,-1.6261401,-2.0261402,-3.37614,-4.1161404,-3.2961402,-3.0361402,-1.3461401,0.21385986,-1.6361401,-3.8661401,-4.4861403,0.7438599,-3.2461402,-3.3661401,-3.5661402,-1.8461401,-0.52614015,-1.0561402,2.53386,-1.6161401,-0.016140137,1.3338599,1.4238598,-1.0261401,0.5538599,-1.1061401,2.1338599,3.4138598
5.08386,8.13386,9.21386,8.35386,5.8438597,2.58386,2.6738598,4.1138597,4.49386,3.6838598,2.7438598,2.02386,1.8938599,-0.43614015,-2.1161401,-2.63614,-2.8461401,-3.17614,-2.2761402,-0.036140136,0.49385986,-2.3361402,-4.09614,-4.7161403,-4.60614,-4.39614,-3.72614,-4.77614,-5.33614,-8.31614,-5.35614,-9.90614,-5.09614,-1.9361402,-1.3661401,-1.8061402,-1.6161401,2.33386,-1.5761402,-0.8061401,-0.8161401
6.8238597,6.96386,6.90386,6.58386,6.66386,5.44386,4.47386,5.97386,4.41386,3.6738598,3.4838598,4.47386,3.6538599,2.57386,-0.82614017,-1.0061401,-1.4861401,-1.8261402,-1.9361402,-2.8561401,-5.45614,-5.3861403,-4.9461403,-4.22614,-4.99614,-6.26614,-9.35614,-7.39614,-5.89614,-4.51614,-4.53614,-1.8061402,-1.1061401,0.32385987,-1.5161401,-0.30614012,-2.5761402,-2.92614,-2.13614,-1.0061401,-1.7461401
7.5738597,7.64386,7.92386,6.64386,7.06386,6.42386,6.5138597,5.20386,3.9038599,4.58386,3.58386,2.9038599,4.6338596,5.0138597,1.7638599,0.17385986,0.033859864,-0.52614015,-1.4261402,-2.12614,-3.2361403,-3.0061402,-3.67614,-4.78614,-6.14614,-7.95614,-6.39614,-5.1961403,-5.06614,-5.82614,-6.14614,-5.01614,-4.6961403,-3.44614,-2.5061402,-5.60614,-0.96614015,-2.45614,-0.90614015,-1.7861401,-2.39614
8.45386,8.76386,9.2938595,9.03386,7.52386,7.6138597,6.8038597,5.6138597,4.5938597,4.0338597,2.4938598,2.0038598,2.6738598,3.2138598,2.62386,1.6738598,0.9338599,0.90385985,-0.51614016,-1.0861402,-0.96614015,-1.5161401,-1.8861401,-3.19614,-5.02614,-5.26614,-3.95614,-4.4061403,-4.4061403,-4.58614,-4.77614,-4.72614,-3.15614,-5.70614,-4.1361403,-2.0861402,-0.73614013,0.53385985,-1.8161402,1.2238599,-1.3061402
9.28386,9.81386,9.68386,9.34386,8.45386,6.25386,6.60386,6.31386,5.04386,3.37386,2.2638597,3.4138598,1.7038598,2.54386,2.1438599,2.9938598,3.4438598,2.6538599,0.36385986,-0.27614012,0.70385987,0.12385986,-0.30614012,-0.82614017,-1.6661401,-0.59614015,-0.79614013,-1.7561401,-1.5561402,-1.5361401,-1.3461401,-2.46614,-1.8961401,0.48385987,-1.8061402,-1.4061401,-1.1561401,-5.58614,-7.9461403,-8.34614,-2.2361403
9.48386,10.623859,10.55386,8.42386,8.41386,7.20386,6.43386,6.10386,4.81386,3.4738598,2.7338598,2.2638597,3.34386,2.29386,2.82386,2.83386,4.20386,3.8938599,2.81386,3.05386,4.18386,2.5138597,1.6138599,1.2138599,1.8938599,0.92385983,-0.41614014,-0.12614013,1.4938599,0.16385986,2.2238598,2.0138597,4.20386,0.58385986,-1.9061401,-3.19614,-1.3261402,-0.076140136,-1.3961401,-0.9461401,0.85385984
8.92386,10.21386,8.06386,8.44386,6.94386,5.97386,5.46386,5.33386,4.0338597,3.4438598,5.0338597,3.81386,3.04386,2.12386,2.1638598,2.4638598,3.80386,3.4538598,3.52386,3.08386,4.75386,5.25386,4.14386,4.39386,4.35386,3.9938598,4.6138597,3.83386,5.00386,3.9838598,3.03386,3.53386,3.08386,0.5538599,-1.5361401,-1.4961401,-2.2961402,-1.3961401,1.2738599,0.67385983,-1.2861401
7.56386,7.94386,6.66386,4.46386,4.85386,4.68386,5.14386,5.20386,3.5038598,3.6538599,3.6638598,2.9338598,1.1938598,2.7038598,2.6638598,2.2338598,2.2538598,3.29386,3.30386,4.0138597,4.56386,3.8938599,4.2838597,4.18386,4.92386,5.3638597,6.58386,6.41386,6.3438597,4.95386,3.4238598,2.1938598,0.59385985,0.51385987,-0.77614015,-0.35614014,-0.5061401,0.48385987,-0.32614014,0.093859866,0.91385984
6.00386,5.98386,5.27386,3.54386,3.4938598,3.56386,4.48386,5.3038597,2.55386,1.6638598,1.9238598,1.6938598,0.35385987,2.1938598,2.9538598,2.2138598,2.5138597,3.28386,3.62386,3.34386,3.2038598,3.35386,3.9138598,4.25386,4.69386,5.2638597,5.74386,5.7638597,4.8238597,3.2038598,1.0838599,0.43385985,0.053859863,-1.0461402,0.08385986,2.1538599,1.9238598,-0.6861401,0.103859864,-0.7561401,-1.0761402
4.2638597,5.93386,4.19386,2.7138598,2.9638598,2.81386,4.42386,4.81386,2.4238598,0.7438599,1.0638598,0.08385986,0.64385986,2.05386,2.2438598,1.7438599,1.6838598,2.53386,1.8438599,2.3838599,2.2238598,1.6238599,1.2438599,0.31385985,-1.0161401,-1.9161401,-2.7861402,-2.7761402,-2.17614,-1.3861401,-1.0661402,-0.9361401,-1.3161402,-0.8061401,-0.71614015,0.36385986,-1.1961402,-1.1161401,-2.5361402,-2.47614,-2.6061401
4.29386,4.6338596,4.0138597,2.81386,3.09386,3.11386,4.29386,3.62386,1.8338599,0.48385987,-0.5561401,-0.64614016,0.6138599,0.7438599,0.58385986,-0.73614013,-1.2461401,-2.2561402,-2.8361402,-2.72614,-2.7861402,-2.9861403,-3.13614,-3.0061402,-3.14614,-2.97614,-2.8161402,-2.8261402,-2.5161402,-2.0861402,-2.12614,-2.2561402,-1.7761401,-1.5161401,-1.4861401,-0.78614014,-0.076140136,0.24385986,-0.85614014,1.4138598,-0.8861401
2.4638598,3.4838598,4.8438597,2.9738598,3.09386,2.8838599,3.59386,2.84386,0.85385984,-0.20614013,-0.89614016,-1.1161401,-0.5561401,-0.10614014,-1.5661402,-2.43614,-2.92614,-3.43614,-3.15614,-3.38614,-3.3561401,-3.44614,-2.91614,-3.2561402,-2.8661401,-2.4861403,-2.3661401,-2.3661401,-2.1061401,-1.8261402,-1.8661401,-1.7861401,-1.2961402,-0.8661401,-0.19614014,-0.38614014,-0.57614017,1.0338598,-0.95614016,-1.1061401,0.14385986
