wind_kz.json
{"header": {"discipline":0,"disciplineName":"Meteorological products","gribEdition":2,"gribLength":1102,"center":7,"centerName":"US National Weather Service - NCEP(WMC)","subcenter":0,"refTime":"2023-08-26T06:00:00.000Z","significanceOfRT":1,"significanceOfRTName":"Start of forecast","productStatus":0,"productStatusName":"Operational products","productType":1,"productTypeName":"Forecast products","productDefinitionTemplate":0,"productDefinitionTemplateName":"Analysis/forecast at horizontal level/layer at a point in time","parameterCategory":2,"parameterCategoryName":"UnknownDiscipline_0_Category_2","parameterNumber":3,"parameterNumberName":"UnknownParameter_D0_C2_3","parameterUnit":"Unknown","genProcessType":2,"genProcessTypeName":"Forecast","forecastTime":60,"surface1Type":103,"surface1TypeName":"Specified height level above ground","surface1Value":10.0,"surface2Type":255,"surface2TypeName":"Missing","surface2Value":0.0,"gridDefinitionTemplate":0,"gridDefinitionTemplateName":"Latitude_Longitude","numberPoints":615,"shape":6,"shapeName":"Earth spherical with radius of 6,371,229.0 m","gridUnits":"degrees","resolution":48,"winds":"true","scanMode":64,"nx":41,"ny":15,"basicAngle":0,"lo1":47.0,"la1":41.0,"lo2":87.0,"la2":55.0,"dx":1.0,"dy":1.0}, "data":
[rows 0 to 14 of 15, columns 0 to 40 of 41]
0.2037207,-1.6362793,0.5137207,7.4537206,4.593721,-0.2262793,-2.9062793,-1.1062793,-0.4162793,2.7237208,3.5937207,3.3537207,3.0937207,3.2337208,2.6837206,0.8137207,0.6137207,-0.3662793,-1.4462793,-1.4562793,-4.2262793,-3.7362792,-4.0262794,-1.2662793,-2.6462793,-2.9862792,-2.4462793,0.8337207,1.6237206,2.7337208,-2.5062792,-2.0962794,1.3037207,-2.0362792,-4.1262794,-6.4562793,-10.316279,0.4637207,-2.7962792,-4.176279,-2.7162793
0.9737207,0.023720704,1.9237207,7.8937206,4.7937207,0.3737207,-2.2362792,-4.6462793,1.4137207,-1.3062793,0.2837207,4.713721,3.7337208,3.0137208,3.3937206,3.7537208,3.6337206,1.2637208,-0.9962793,0.4837207,-2.7262793,-3.7262793,-2.0962794,1.7637208,-0.2062793,0.9737207,-1.9162793,2.3637207,0.18372071,2.3437207,2.1837206,4.2437205,-0.7562793,2.0637207,0.1637207,-7.116279,-3.0862794,-1.8962793,-2.5662794,-3.3962793,1.7137207
0.3037207,0.7037207,4.8137207,4.8037205,3.1637206,0.53372073,0.1437207,-0.5262793,-0.1962793,-1.5762793,1.6637207,4.923721,5.4737206,4.573721,5.2237206,5.7937207,4.713721,4.423721,2.6837206,2.2837207,2.3137207,-0.8262793,-2.1062794,0.39372072,0.0637207,1.1737207,1.3237207,-0.2362793,-0.086279295,1.5837207,5.2537208,1.9637207,1.1437207,0.6537207,-1.3462793,0.4537207,0.4937207,-1.9662793,-1.0362793,0.6537207,-0.4662793
1.8037207,2.6237206,4.2637205,4.463721,3.7637208,1.6737207,1.3337207,1.3037207,2.5437207,2.6137207,1.8337207,1.4637207,3.0037208,5.343721,3.9537208,5.383721,4.7437205,3.8337207,3.2537208,2.5437207,3.7337208,2.4737208,0.3137207,0.8437207,3.4537208,3.7837207,3.8737206,-0.1862793,3.7037208,3.9737208,1.1137207,0.7137207,-0.5462793,-1.2462792,-0.2762793,-0.96627927,2.2437208,2.8637207,-0.8462793,-1.8662792,-2.8762794
5.673721,7.1837206,7.9737206,7.5137205,6.0237207,3.1037207,0.7137207,0.08372071,1.1237206,0.1137207,-1.0462793,0.4437207,7.0037208,7.7637205,6.673721,5.8737206,4.4737206,3.5737207,4.7437205,3.9337206,2.2837207,0.7637207,2.5137208,-0.1362793,0.8337207,1.8337207,3.0837207,1.8237207,3.2237208,3.8737206,2.6237206,0.1037207,1.8037207,2.5137208,-0.086279295,-1.5962793,-6.326279,-2.1762793,3.3337207,0.8337207,-1.0862793
-2.8762794,1.2937207,1.2937207,1.9137207,0.2837207,-1.0162793,-2.0062792,-4.116279,-0.5962793,-0.056279298,-1.8362793,-2.4462793,-0.1662793,1.8237207,4.9737206,4.8737206,6.153721,4.7037206,4.8737206,4.3737206,4.2537208,4.2637205,3.0937207,0.8137207,2.7737207,1.7837207,1.6037207,0.7737207,0.8537207,0.6537207,2.7837207,3.6437206,2.8437207,2.5037208,2.6137207,-0.17627929,0.8037207,-3.9162793,-3.6362793,-0.1062793,7.5637207
-2.3762794,-2.7162793,-0.8662793,0.3737207,1.9637207,1.1437207,0.003720703,0.093720704,1.0437207,1.2937207,1.5037208,3.2337208,5.613721,6.193721,7.2737207,7.1237206,7.983721,6.093721,5.0637207,6.1037207,4.5837207,4.2637205,4.8037205,2.8437207,3.7737207,3.3937206,2.5637207,2.1037207,0.8637207,-2.3362794,-0.14627929,2.5637207,2.4037206,1.0437207,-1.7162793,-1.3962793,0.0537207,-1.2162793,-2.6162794,-2.3162794,-5.266279
-7.1962795,-7.2762794,-7.9162793,-6.866279,-6.2162795,-6.076279,-7.6862793,-4.636279,-2.2762792,-5.1462793,-4.5462794,-2.9762793,-2.6162794,3.0737207,6.463721,9.323721,9.533721,7.593721,5.9337206,7.943721,4.483721,4.5537205,6.0437207,4.593721,4.153721,2.4937208,3.2437208,1.9837207,0.033720702,-2.0762794,-1.1862793,3.5337207,3.7037208,1.5137208,3.4137206,1.9337207,0.5537207,3.4337206,0.7437207,2.3737206,-2.5262792
-8.24628,-6.9962792,-6.866279,-6.9562793,-7.7062793,-7.4862795,-6.556279,-5.1662793,-3.0862794,-1.7162793,-1.2562793,-1.6062793,-2.6962793,0.3237207,-4.7262793,11.13372,10.903721,9.943721,7.5437207,7.6037207,7.073721,5.213721,7.6637206,5.7837205,4.7637205,3.7937207,2.6837206,2.3437207,3.1137207,1.7237207,-0.4462793,-0.3362793,4.7737207,4.153721,3.7437208,3.1437206,-0.1262793,0.023720704,-2.5262792,-3.3462794,-0.4862793
-6.3162794,-7.176279,-7.0862794,-6.4762793,-5.9762793,-5.156279,-4.596279,-4.4362793,-4.7362795,-3.8562794,-1.4362793,-1.6062793,-0.8462793,-0.6362793,-0.2662793,-0.5562793,10.7637205,9.63372,6.613721,7.7837205,8.5137205,6.3937206,5.4737206,4.5037208,5.173721,4.443721,3.4537208,3.5137208,3.5637207,2.7437208,1.2337207,-1.3162793,-3.9662793,6.9337206,3.5237207,1.9937207,1.4237207,0.6337207,1.1237206,1.2037207,0.1337207
-5.6962795,-6.5462794,-5.786279,-6.5862794,-6.2162795,-5.4162793,-4.5662794,-5.2962794,-5.556279,-2.7962792,-0.8162793,-0.38627928,-1.6162792,-1.5162793,1.2837207,3.2737207,3.9237206,7.0137205,10.773721,6.213721,6.3537207,7.2637205,5.153721,4.4537206,3.9537208,3.9537208,2.9737208,3.4037206,3.2437208,2.8537207,-1.6162792,-1.5562793,-2.3862793,-1.7262793,4.693721,2.3637207,1.6037207,2.5537207,1.3837208,-1.2762793,-1.7162793
-2.5662794,-6.8962793,-6.2162795,-6.0062795,-5.9662795,-6.3762794,-5.8562794,-3.5062792,-3.3462794,-2.9462793,-0.4762793,-1.5762793,-0.2762793,1.5537207,2.6937208,0.1437207,2.5037208,7.403721,6.4137206,10.773721,9.453721,4.8537207,6.4337206,4.573721,3.9937208,3.7337208,4.0437207,3.8637207,4.3537207,3.1237206,0.7337207,-0.4162793,-1.0862793,-1.5562793,2.5937207,2.9937208,3.2637208,2.4337206,1.8537207,0.6437207,0.6237207
-4.536279,-6.2462792,-5.6862793,-6.406279,-7.366279,-5.1962795,-6.4862795,-5.9962792,-2.6462793,-2.7662792,-1.2962793,-1.1262794,-3.2562792,-3.0962794,0.7937207,-0.4762793,6.3537207,5.343721,7.5037208,9.13372,5.0037208,4.0537205,4.943721,4.8137207,4.483721,4.383721,3.5737207,4.4337206,3.7037208,3.5037208,2.3737206,1.0637207,-1.2762793,0.1137207,1.8337207,4.173721,3.1737206,2.1037207,2.4237206,2.2937207,1.7937207
-5.4362793,-5.406279,-7.7062793,-7.8362794,-7.8562794,-5.8362794,-6.156279,-3.9362793,-2.3462794,-3.0062792,-1.5662793,-1.5462793,-2.8262794,-2.4862792,-3.3162794,-2.8862793,0.4337207,3.8837206,5.423721,5.8937206,5.6437206,2.8637207,3.8337207,4.943721,4.1837206,3.9137206,3.4437208,4.0537205,4.093721,3.2437208,2.4437208,1.9137207,1.2237207,-0.4362793,1.7837207,2.8437207,2.7437208,2.0837207,1.7537208,1.3837208,0.7937207
-3.6962793,-5.9762793,-10.026279,-8.396279,-8.466279,-8.416279,-9.476279,-2.6062794,-5.076279,-2.5762794,-1.1162792,-2.0362792,-0.7762793,-1.2562793,-0.5662793,-0.35627928,0.8337207,1.0637207,1.4037207,4.133721,3.2537208,4.2637205,4.1437206,4.0037208,3.8637207,3.6637206,4.113721,4.483721,4.5437207,3.4137206,3.1737206,4.3537207,2.9837208,1.7437207,2.3737206,4.483721,3.8737206,3.3237207,2.3537207,1.7537208,1.1437207
