wind_kz.json
{"header": {"discipline":0,"disciplineName":"Meteorological products","gribEdition":2,"gribLength":1102,"center":7,"centerName":"US National Weather Service - NCEP(WMC)","subcenter":0,"refTime":"2024-02-03T12:00:00.000Z","significanceOfRT":1,"significanceOfRTName":"Start of forecast","productStatus":0,"productStatusName":"Operational products","productType":1,"productTypeName":"Forecast products","productDefinitionTemplate":0,"productDefinitionTemplateName":"Analysis/forecast at horizontal level/layer at a point in time","parameterCategory":2,"parameterCategoryName":"UnknownDiscipline_0_Category_2","parameterNumber":3,"parameterNumberName":"UnknownParameter_D0_C2_3","parameterUnit":"Unknown","genProcessType":2,"genProcessTypeName":"Forecast","forecastTime":120,"surface1Type":103,"surface1TypeName":"Specified height level above ground","surface1Value":10.0,"surface2Type":255,"surface2TypeName":"Missing","surface2Value":0.0,"gridDefinitionTemplate":0,"gridDefinitionTemplateName":"Latitude_Longitude","numberPoints":615,"shape":6,"shapeName":"Earth spherical with radius of 6,371,229.0 m","gridUnits":"degrees","resolution":48,"winds":"true","scanMode":64,"nx":41,"ny":15,"basicAngle":0,"lo1":47.0,"la1":41.0,"lo2":87.0,"la2":55.0,"dx":1.0,"dy":1.0}, "data":
[rows 0 to 14 of 15, columns 0 to 40 of 41]
-3.2539575,-0.8639575,1.2460425,7.1860423,15.576042,10.876042,7.5760427,5.4360423,3.9960425,3.7460425,4.5760427,4.4760423,4.6560426,3.7060425,2.8960426,2.8160424,2.8060424,2.0660424,0.8060425,0.6960425,0.6060425,4.9760423,0.78604245,-1.1339575,0.04604248,-2.8639574,-2.0539575,2.0560424,1.3460425,-1.1339575,-2.9739575,-6.0239577,2.0560424,-1.2939575,-2.1039574,0.25604248,1.5760425,2.5460424,1.2360425,1.6960425,0.7460425
6.2260423,3.8960426,0.32604247,2.5360425,11.776043,10.576042,9.436043,7.4260426,5.9960423,5.8460426,4.9760423,5.0460424,4.9160423,4.9660425,4.7560425,3.6060424,2.6160424,0.90604246,1.6760424,3.1560426,3.3360424,3.9860425,4.1960425,2.5560424,2.6360426,1.8660425,-1.7239575,2.5760424,-0.10395752,2.5560424,3.3060424,1.6560425,-0.10395752,-3.5739574,-4.9539576,-1.8339576,-0.6739575,-1.3839575,-0.20395751,-1.2839575,1.6060425
0.25604248,5.1860423,4.3360424,4.9360423,5.8560424,7.1960425,5.3660426,6.8960423,4.7460423,5.1460423,6.9160423,7.1060424,6.2460423,5.7360425,4.8560424,4.7560425,4.1760426,3.3160424,3.2160425,3.8060424,3.4460425,3.0060425,2.6860425,1.4260424,0.6960425,1.5960425,1.0260425,-0.4739575,-0.8739575,0.07604248,1.4160424,1.1860424,2.0060425,0.84604245,-0.59395754,0.15604249,1.7060425,-3.4739575,0.8560425,-1.7239575,-1.5239575
3.9760425,4.5960426,4.3860426,5.0260425,4.4360423,4.9760423,5.8260427,5.3260427,6.1960425,6.0460424,6.4660425,6.0660424,6.5960426,7.5260425,6.3960423,5.3660426,4.3160424,4.8260427,4.6160426,4.9160423,5.6260424,8.126042,4.4860425,3.8660424,3.2660425,5.9360423,4.6560426,1.5060425,3.6860425,2.9260426,1.4760425,0.35604247,-1.8439575,-0.65395755,-0.8739575,-1.3339576,0.6760425,4.4160423,0.5660425,2.7060425,0.12604249
4.9960423,5.3960423,6.3660426,4.5460424,4.7760425,3.2860425,2.8260424,3.9660425,3.7760425,4.2060423,5.3260427,6.7560425,7.2160425,7.8660426,8.036042,6.3860426,5.8560424,5.0260425,5.7360425,6.7260423,7.6760426,5.6760426,4.2860427,3.4860425,3.6460426,3.8760424,5.1860423,4.2260423,2.7260425,3.5260425,5.7760425,6.5860424,4.1360426,3.5260425,-0.33395752,-2.0739574,-1.1939576,-1.6239575,-2.6239576,0.39604247,0.9460425
4.9060426,5.3360424,4.9160423,4.5760427,4.1760426,3.9660425,3.9060426,2.7660425,3.7960424,4.0260425,4.6660423,4.5860424,5.3360424,8.366042,7.2660427,6.8560424,7.3960423,7.2360425,5.7760425,6.3760424,7.8460426,8.636043,8.176043,7.2860427,6.6960425,5.9760423,3.9960425,3.4860425,3.1460426,1.9560425,0.15604249,0.5060425,1.6460425,0.8160425,1.8460425,-0.9439575,1.9760425,-0.32395753,0.84604245,-0.7339575,0.26604247
9.156042,6.3360424,6.1760426,4.9860425,5.7460423,5.2260423,5.8160424,5.1360426,4.6660423,4.4960423,4.6060424,4.1360426,4.2960424,4.4260426,5.9960423,6.1660423,7.1960425,7.3660426,6.9260426,7.8560424,8.656042,8.916042,9.476043,8.7560425,7.4860425,6.2860427,4.0860424,3.7760425,1.4860425,2.7460425,1.4060425,-0.5139575,0.9960425,1.7660425,-0.49395752,-0.46395752,-0.8739575,0.89604247,-1.7739575,-1.0839576,-3.3839576
8.426043,8.636043,7.6960425,7.2260423,6.7660427,6.8160424,6.5960426,6.9560423,7.7360425,6.2660427,6.4360423,5.9560423,5.0560427,5.2960424,5.4360423,5.7660427,6.3060427,6.8260427,7.9460425,9.476043,8.406042,8.856043,9.146043,9.626042,8.886043,7.9260426,8.126042,5.6860423,4.3360424,3.5560424,3.0060425,3.1960425,1.7760425,2.4360425,3.5560424,1.5660424,2.2560425,0.9860425,-0.8839575,-0.35395753,0.04604248
8.266043,8.986042,9.076042,8.446042,8.406042,8.0060425,7.6060424,7.7560425,7.4160423,6.8460426,6.4460425,6.3560424,5.3960423,5.6060424,4.9860425,5.8260427,6.1060424,7.2060423,8.626042,9.616042,9.136043,10.266043,10.666042,9.776043,9.496042,8.7560425,6.4360423,7.7260423,7.0460424,4.6960425,6.3260427,6.3360424,7.6060424,4.9360423,4.3660426,2.8260424,-1.5439575,2.3460424,2.0260425,-0.18395752,1.4660425
8.746042,8.446042,8.236042,8.136043,8.346043,8.296042,8.246042,8.366042,8.596043,8.326042,7.6760426,6.9260426,6.8160424,5.3060427,4.7660427,4.9060426,5.8660426,6.4760423,7.8860426,9.446042,10.376042,11.156042,11.596043,10.066043,9.186043,8.746042,7.2360425,6.7760425,6.1660423,5.7760425,5.8760424,5.1660423,5.3260427,5.0160427,3.5960424,3.2960424,1.4960425,0.0060424805,3.2960424,3.3760424,2.4560425
8.156042,8.396043,8.066043,7.9460425,8.436043,9.406042,9.706042,9.2160425,8.456042,8.166042,7.7160425,6.5360427,6.3660426,6.2060423,5.7060423,4.9960423,5.9260426,6.3560424,7.0060425,8.416042,8.926043,9.236042,10.106043,10.176043,8.036042,8.026043,7.2560425,6.8460426,6.6460423,3.6160424,5.0460424,3.5160425,2.3660424,3.1660426,4.6860423,3.6960425,4.9660425,3.0460424,4.8460426,2.3660424,0.19604248
7.9560423,8.546042,8.676043,9.136043,9.0060425,8.916042,8.596043,8.496042,7.2260423,6.8560424,5.7360425,5.4360423,5.9160423,6.1560426,5.6160426,5.5460424,6.2360425,6.5460424,7.2060423,7.1860423,8.266043,8.016043,8.136043,8.066043,7.8860426,7.2560425,7.1760426,6.3860426,6.2060423,4.5260425,4.0960426,3.7760425,4.2360425,4.4660425,3.8760424,5.9860425,6.4160423,3.6560426,1.2460425,0.84604245,-0.10395752
6.1760426,8.496042,8.576042,8.4660425,8.306043,6.2860427,8.046042,8.316043,8.486042,5.4160423,4.0260425,3.5160425,4.1960425,5.0760427,4.0160427,4.8360424,5.2860427,5.4360423,6.8260427,6.7060423,7.7660427,7.6560426,7.1460423,7.0260425,7.2260423,6.7660427,6.2760425,5.0360427,4.2560425,4.3960423,4.9060426,5.1760426,5.4160423,5.3960423,4.4060426,4.3360424,5.9560423,3.7660425,3.1860425,2.4860425,2.2960424
2.5260425,1.9860425,1.1860424,3.0860424,3.1960425,2.7760425,1.6860424,2.4760425,0.4960425,3.0560424,0.90604246,0.7560425,0.9760425,0.90604246,2.4360425,3.1760426,4.1960425,4.8260427,5.0060425,4.8360424,5.4860425,5.6160426,6.0360427,5.6160426,5.0260425,4.2660427,4.8560424,5.2260423,5.6060424,5.6160426,5.6660423,5.3060427,5.2560425,6.5460424,5.3760424,5.5360427,4.7360425,4.2060423,3.5460424,2.9460425,3.5860424
-2.4139576,-2.4639575,-2.2639575,0.0060424805,-0.17395753,0.8560425,1.5260425,2.7260425,2.3960426,1.7160425,0.6360425,1.1160425,0.95604247,1.7760425,3.4260426,3.9560425,4.5460424,5.1360426,5.2860427,5.0060425,4.9560423,4.9460425,4.7660427,4.9360423,4.8860426,5.0260425,4.8760424,5.0360427,5.3160424,5.4960423,5.6560426,5.7560425,5.7660427,6.4560423,6.0260425,5.9460425,5.0560427,5.1260424,4.1860423,4.3860426,3.1260424
