wind_kz.json
{"header": {"discipline":0,"disciplineName":"Meteorological products","gribEdition":2,"gribLength":1025,"center":7,"centerName":"US National Weather Service - NCEP(WMC)","subcenter":0,"refTime":"2023-09-20T06:00:00.000Z","significanceOfRT":1,"significanceOfRTName":"Start of forecast","productStatus":0,"productStatusName":"Operational products","productType":1,"productTypeName":"Forecast products","productDefinitionTemplate":0,"productDefinitionTemplateName":"Analysis/forecast at horizontal level/layer at a point in time","parameterCategory":2,"parameterCategoryName":"UnknownDiscipline_0_Category_2","parameterNumber":2,"parameterNumberName":"UnknownParameter_D0_C2_2","parameterUnit":"Unknown","genProcessType":2,"genProcessTypeName":"Forecast","forecastTime":180,"surface1Type":103,"surface1TypeName":"Specified height level above ground","surface1Value":10.0,"surface2Type":255,"surface2TypeName":"Missing","surface2Value":0.0,"gridDefinitionTemplate":0,"gridDefinitionTemplateName":"Latitude_Longitude","numberPoints":615,"shape":6,"shapeName":"Earth spherical with radius of 6,371,229.0 m","gridUnits":"degrees","resolution":48,"winds":"true","scanMode":64,"nx":41,"ny":15,"basicAngle":0,"lo1":47.0,"la1":41.0,"lo2":87.0,"la2":55.0,"dx":1.0,"dy":1.0}, "data":
[rows 0 to 14 of 15, columns 0 to 40 of 41]
-2.7994702,-0.4994702,0.3105298,-3.4294703,-2.7394702,-0.14947021,-1.2394702,-3.8094702,-3.4094703,-1.2094703,-0.16947022,-1.1694702,-0.5794702,-0.28947023,1.3505298,0.7905298,1.2505298,1.6305298,1.8705298,1.5805298,0.9305298,-0.039470214,-1.4694703,-0.8894702,-1.5194702,-2.6094701,-2.63947,-0.37947023,0.030529786,0.3105298,-1.4294702,0.6405298,0.19052978,-1.4194702,-3.0894701,-1.6694702,-2.2194703,-2.6994703,-2.8694701,-2.6994703,-2.5594702
1.9805298,0.5305298,-2.1994703,-3.6994703,-2.38947,-4.4194703,-2.4694703,-3.6094701,-2.5194702,-3.8094702,-2.2694702,-2.5294702,-0.7194702,0.3805298,1.8705298,2.2805297,3.0005298,1.9205298,1.4605298,0.49052978,-0.31947023,1.3805298,0.30052978,-1.2994702,-1.3294702,0.040529784,-0.089470215,0.3505298,-1.9794703,-1.0594702,0.46052977,-0.8794702,-0.28947023,-2.1194701,0.2605298,0.5505298,-0.19947022,-0.5194702,-1.0794702,0.13052979,-2.1694703
-2.6794703,-4.69947,-5.11947,-3.8494701,-0.049470216,-3.9394703,-3.8394701,-2.3994703,-4.7094703,-3.8994703,-2.0594702,-0.5094702,1.6905298,1.9505298,0.5205298,-0.67947024,-3.1694703,-0.6294702,3.36053,3.1305299,2.1505299,1.2905297,-0.3694702,-1.9894702,-2.0294702,-1.1594702,0.9105298,1.2905297,-1.3094702,0.40052977,-0.8594702,1.7405298,0.2505298,-0.35947022,-0.19947022,-2.1094701,0.14052978,-0.47947022,0.030529786,0.2805298,2.2805297
-7.03947,-6.94947,-4.3794703,-3.0694702,-5.2794704,-3.7794702,-3.3394701,-3.3394701,-3.38947,-3.3594701,-1.0794702,-1.4494702,0.46052977,-1.0494702,-1.4394702,-2.0594702,-2.6694703,-1.3494703,-2.4194703,-1.7094703,-1.5494702,-1.1594702,-1.7294703,-2.2094703,-2.2994702,-3.0194702,-1.5194702,-2.87947,-0.3994702,1.4605298,1.7405298,-0.5694702,1.9905298,2.12053,-1.6594702,-1.9394702,-1.6394702,2.36053,-0.5894702,0.56052977,0.9605298
-7.1894703,-8.14947,-7.0294704,-6.71947,-4.74947,-4.21947,-3.7794702,-3.0094702,-2.0194702,-1.1994702,-1.5094702,-0.8794702,-2.5094702,-2.8994703,-2.2894702,-2.0594702,-2.3294702,-2.8294702,-3.2394702,-2.7194703,-2.5794702,-1.7594702,-1.0094702,-3.4394703,-4.2794704,-3.5994701,-3.1094701,-1.4094702,-2.0594702,-1.0794702,-0.5394702,-0.23947021,-1.7794702,1.0505298,0.11052979,-0.35947022,-2.2794702,-2.9294703,-1.6994702,-0.8394702,-2.0094702
-4.74947,-3.7794702,-5.19947,-4.0494704,-3.5994701,-3.9994702,-2.8294702,-2.6194701,-2.2294703,-2.7794702,-2.4694703,-2.9294703,-2.2994702,-3.0294702,-3.2694702,-2.4094703,-1.6194702,-2.6594703,-3.37947,-2.9294703,-3.4894702,-3.13947,-3.37947,-4.3794703,-4.0494704,-3.2594702,-1.7694702,-2.8094702,-1.2294703,-2.4494703,-1.8594702,0.45052978,1.0705298,-0.18947022,0.16052979,-6.7094703,-0.13947022,-3.0494702,-0.009470215,-1.6094702,-3.37947
-2.9194703,-2.1794703,-1.7894702,-1.0594702,-0.92947024,-2.5494702,-2.8294702,-2.7894702,-2.5894701,-2.63947,-2.9394703,-2.3994703,-2.2094703,-1.9894702,-2.5294702,-2.7394702,-3.2094703,-3.3294702,-2.9794703,-3.6794703,-3.2494702,-3.1494703,-3.1794703,-2.62947,-2.1694703,-0.8494702,0.090529785,-1.5794702,-2.0394702,-2.6594703,-3.2994702,-2.7994702,-3.1094701,-4.96947,-5.03947,-2.7394702,-0.9594702,2.4405298,-3.5494702,2.6505299,1.1005298
-4.3594704,-4.23947,-3.88947,-3.4494703,-2.8994703,-3.13947,-2.6994703,-2.6794703,-2.6594703,-2.6094701,-2.6194701,-3.4994702,-3.7294703,-4.42947,-4.44947,-4.28947,-4.51947,-2.7594702,-3.1894703,-3.7394702,-3.0494702,-2.7094703,-1.9594703,-2.5494702,-2.0994701,-0.92947024,-0.32947022,-0.21947022,-1.1994702,-2.3694701,-2.9494703,-1.8494703,-1.9294702,-0.019470215,-1.7894702,-1.1394702,-3.0794702,-6.92947,-7.57947,-6.1694703,-3.2294703
-3.9394703,-3.6994703,-3.3094702,-3.13947,-4.1894703,-3.7494702,-3.1494703,-2.6994703,-2.4094703,-2.3294702,-3.88947,-3.5694702,-3.2794702,-3.5294702,-3.4594703,-3.0194702,-3.3094702,-2.9894702,-1.7594702,-1.2494702,-2.8194702,-1.6894702,-1.2294703,-2.0094702,-1.8494703,-1.7694702,-1.5994703,-1.5594702,-0.3094702,-0.9194702,-1.4294702,-0.47947022,0.27052978,-0.8594702,-1.8794702,-1.9194702,-0.18947022,-1.7794702,-1.8894702,0.07052979,-2.2994702
-3.5794702,-3.3694701,-3.37947,-3.1194701,-2.62947,-2.3594701,-2.6994703,-2.5094702,-2.0394702,-1.8594702,-3.3594701,-3.7294703,-2.9994702,-2.5094702,-2.2494702,-1.4294702,-1.2194703,-1.3694702,-1.6394702,-2.6594703,-2.9294703,-0.9094702,0.15052979,-0.80947024,-1.6394702,-1.2794702,-1.7194703,-1.2594702,-1.7494702,-0.8294702,-0.6494702,-1.8194702,-2.4894702,-3.1494703,-2.6094701,-1.1294702,-1.6294702,-0.10947022,-1.4894702,0.11052979,-1.3594702
-2.6994703,-2.8494701,-2.6694703,-2.5394702,-2.2194703,-2.5994701,-2.4194703,-2.2394702,-1.4694703,-0.6994702,-1.3094702,-2.0994701,-2.5794702,-2.1194701,-1.5494702,-1.2394702,-0.5894702,-0.2694702,-0.4994702,-1.2094703,-0.5994702,-0.5894702,-0.41947022,-0.5194702,2.2605298,0.43052977,0.4405298,1.0005298,0.8305298,-0.28947023,0.090529785,-0.4294702,-2.6594703,-1.5594702,-1.9294702,-1.1994702,-1.1994702,0.7205298,-0.86947024,1.2105298,-1.0994703
-1.5794702,-2.2094703,-2.3094702,-2.3194702,-1.8994702,-1.4094702,-1.0294702,-1.7294703,-0.7994702,-0.5794702,-1.6594702,0.23052979,-1.0694702,-1.2894702,-0.5794702,0.010529785,0.45052978,0.7305298,-0.11947022,0.4805298,0.3405298,0.82052976,0.3805298,0.3505298,0.43052977,0.7405298,1.2005298,1.3705298,0.8705298,0.2905298,-0.089470215,0.5805298,-0.5294702,-1.2994702,-0.8994702,-0.86947024,-0.3994702,-0.07947022,0.21052979,-0.24947022,-0.34947023
-0.3394702,-0.23947021,-0.9594702,-0.2694702,-0.11947022,5.297852E-4,-0.039470214,-0.6694702,-0.7294702,-0.2694702,-0.07947022,0.8605298,-0.35947022,-0.3094702,0.19052978,1.1605297,1.1005298,1.5705298,1.4105297,1.6405298,0.94052976,0.5505298,2.0405297,1.4105297,2.8805299,2.62053,3.4105299,2.3905299,0.33052978,1.1105298,1.0005298,1.2005298,1.0205297,-0.5294702,0.5505298,0.2805298,-0.17947021,-0.32947022,-0.6094702,-0.5794702,-0.8194702
0.6605298,0.3405298,0.9105298,0.020529784,0.4105298,0.9105298,0.69052976,-0.019470215,0.9905298,0.9205298,-0.31947023,0.46052977,1.5905298,0.9005298,2.2105298,2.3505297,2.7605298,2.9105299,2.62053,2.8905299,2.62053,2.4705298,2.3405297,2.1305299,2.4605298,2.5005298,2.8305297,2.86053,2.3005297,2.5605297,1.7005298,1.4605298,1.2205298,1.2605298,1.1305298,1.0605298,0.8005298,0.5405298,-0.3094702,0.4405298,-0.34947023
0.57052976,1.8405298,2.5705297,2.36053,2.5105298,1.7905297,2.4005299,1.5705298,2.2905297,1.4405298,-0.13947022,1.0605298,1.8105298,2.9805298,3.3405297,3.3805299,3.5305297,3.5205297,3.3105297,3.5205297,3.1405299,3.1505299,2.5205297,2.2205298,2.7405298,2.36053,2.2205298,1.3605298,1.3705298,1.0405297,2.4405298,2.6405299,2.0905297,1.7705297,2.0205297,2.5205297,0.5505298,1.9105297,1.7805297,1.5105298,-1.0194702
