wind_kz.json
{"header": {"discipline":0,"disciplineName":"Meteorological products","gribEdition":2,"gribLength":1025,"center":7,"centerName":"US National Weather Service - NCEP(WMC)","subcenter":0,"refTime":"2023-09-23T18:00:00.000Z","significanceOfRT":1,"significanceOfRTName":"Start of forecast","productStatus":0,"productStatusName":"Operational products","productType":1,"productTypeName":"Forecast products","productDefinitionTemplate":0,"productDefinitionTemplateName":"Analysis/forecast at horizontal level/layer at a point in time","parameterCategory":2,"parameterCategoryName":"UnknownDiscipline_0_Category_2","parameterNumber":3,"parameterNumberName":"UnknownParameter_D0_C2_3","parameterUnit":"Unknown","genProcessType":2,"genProcessTypeName":"Forecast","forecastTime":300,"surface1Type":103,"surface1TypeName":"Specified height level above ground","surface1Value":10.0,"surface2Type":255,"surface2TypeName":"Missing","surface2Value":0.0,"gridDefinitionTemplate":0,"gridDefinitionTemplateName":"Latitude_Longitude","numberPoints":615,"shape":6,"shapeName":"Earth spherical with radius of 6,371,229.0 m","gridUnits":"degrees","resolution":48,"winds":"true","scanMode":64,"nx":41,"ny":15,"basicAngle":0,"lo1":47.0,"la1":41.0,"lo2":87.0,"la2":55.0,"dx":1.0,"dy":1.0}, "data":
[rows 0 to 14 of 15, columns 0 to 40 of 41]
2.7475147,1.8575146,1.5675147,4.147515,3.0675147,1.3075147,0.93751466,1.3975147,-0.86248535,-1.0724853,-3.3424854,-3.3124855,-3.5124853,-4.1324854,-5.4224854,-6.622485,-8.002485,-5.852485,-7.3224854,-5.1824856,-4.4024854,-4.7124853,-0.042485353,2.8875146,2.5375147,3.4175146,0.34751466,2.8975146,-2.5324852,-2.8524854,-1.1424854,2.6275146,-1.7024853,0.38751465,1.2475146,0.47751465,-2.0024853,-1.6024853,-1.7924854,1.9675146,-1.0224854
1.3875146,3.8275146,6.377515,6.4975147,5.187515,3.2875147,-0.62248534,1.5175147,0.81751466,-0.36248535,-1.5624853,-3.0824854,-3.3124855,-3.8824854,-5.312485,-5.792485,-5.5224853,-7.4224854,-10.172485,-10.082485,-4.872485,-7.2624855,-4.4324856,-0.20248535,-0.25248536,1.7975147,3.1375146,-1.0424854,-2.3224854,-2.5924854,-2.9024854,-3.1524854,-2.5924854,0.68751466,0.77751464,2.4475145,0.7275146,0.33751464,0.96751463,0.70751464,-0.36248535
4.0675144,8.337515,6.877515,7.207515,5.4075146,2.3275146,2.5075147,1.4075147,1.5875146,-0.0024853516,-1.3324853,-1.7024853,-3.0124853,-3.5724854,-3.9424853,-5.142485,-6.3024855,-7.372485,-8.492485,-10.312486,-6.1924853,-2.5424852,-8.932486,-3.0124853,-1.2724854,-1.9624853,-3.1524854,-1.8224853,0.11751465,0.48751464,-3.5724854,-1.9824853,-1.5524853,-0.9024854,1.0275147,-2.8824854,-3.4124854,-5.162485,-2.6624854,0.27751464,1.8275146
6.0675144,6.5575147,7.0075145,6.8675146,4.357515,3.1575146,4.0675144,2.9475145,2.3475146,1.5275147,-0.05248535,-1.8224853,-2.9924853,-3.6324854,-3.7024853,-4.4624853,-5.2624855,-6.2224855,-7.372485,-8.352486,-8.442486,-4.062485,-4.2824855,-4.9424853,-5.142485,-4.8624854,-4.792485,-3.7524853,-4.9724855,-5.9024854,-6.2624855,-4.2624855,-1.6524854,3.8775146,1.6475147,-0.34248534,4.1975145,3.6375146,-5.8024855,-5.4424853,-4.892485
5.4075146,5.417515,5.5975146,4.397515,3.8375146,4.0075145,4.1775146,4.2875147,3.1475146,1.5575147,0.32751465,-0.72248536,-2.0624855,-3.3224854,-4.0724854,-4.142485,-4.6124854,-5.0524855,-5.6124854,-5.8424854,-5.292485,-4.7424855,-4.9024854,-4.6924853,-4.642485,-4.6324854,-5.1924853,-7.0224853,-5.7824855,-5.4424853,-4.9724855,-5.3224854,2.3475146,1.5775146,1.5575147,-1.3124853,-9.872485,-2.8724854,-7.8224854,-7.5524855,-5.5524855
4.7575145,4.2575145,4.0175147,4.087515,4.4975147,4.957515,4.1375146,3.7175148,2.5775146,1.7875147,0.8475146,-0.08248535,-1.5124854,-2.6624854,-2.9424853,-3.3524854,-3.9324853,-4.162485,-4.5124855,-4.4324856,-4.7624855,-5.6824856,-5.792485,-5.5924854,-5.3224854,-4.622485,-5.6124854,-7.0124855,-6.4924855,-5.8824854,-5.852485,-5.102485,-4.2224855,-3.8324854,0.9775146,-8.392486,-1.9524853,-6.4524856,-4.2624855,-7.602485,-7.4324856
4.4875145,4.7375145,4.4475145,4.2175145,4.877515,3.8675146,3.4575148,3.1975145,2.4575148,1.9975146,1.3975147,0.5475147,-0.46248534,-1.4524853,-2.1824853,-2.8224854,-3.1324854,-3.8224854,-4.1724854,-3.7324853,-4.4624853,-4.8424854,-5.892485,-6.102485,-6.4324856,-5.9324856,-6.6524854,-6.7724853,-4.4424853,-6.622485,-6.0924854,-6.352485,-7.5524855,-9.332485,-3.7224853,-0.24248534,3.2175148,-0.45248535,-1.3024853,2.2475147,-9.872485
4.0375147,5.337515,4.8475146,4.437515,4.417515,4.1375146,3.6275146,3.0575147,2.4975147,2.3775146,1.7175146,0.64751464,0.03751465,-0.61248535,-0.61248535,-1.5324854,-1.8324853,-2.5024853,-3.0324852,-3.7824852,-3.5524855,-4.4424853,-4.892485,-5.4724855,-5.9924855,-6.9424853,-7.1524854,-7.5024853,-7.6324854,-6.332485,-6.9024854,-7.542485,-7.162485,-9.692486,-6.5324855,-4.812485,-3.8824854,-0.28248537,0.8575146,1.8275146,-0.46248534
3.4475145,3.4575148,3.1475146,3.5475147,3.5075147,4.357515,3.9875147,2.8575146,2.1975145,1.6675147,1.0375147,0.74751467,-1.1024853,-0.34248534,-0.34248534,0.29751465,-0.26248536,-0.72248536,-1.3324853,-2.1324854,-2.7824852,-3.8424854,-4.622485,-5.102485,-5.562485,-5.8424854,-5.6124854,-5.6124854,-6.4024854,-6.8224854,-7.542485,-7.372485,-7.122485,-6.5224853,-6.3824854,-8.892486,-4.392485,-3.8724854,2.0275147,1.7075146,2.2975147
3.6075146,3.0175147,2.7175148,2.7075148,1.9075147,1.8075147,3.7575147,3.5075147,2.5475147,1.5975146,1.1075146,0.6075146,0.23751464,-1.2324853,-0.33248535,0.36751464,1.9875146,1.8375146,0.96751463,-0.30248535,-1.7524854,-2.7124853,-3.3524854,-3.9924853,-4.582485,-5.062485,-4.642485,-4.4724855,-4.4024854,-4.7424855,-5.582485,-5.6924853,-5.582485,-5.0724854,-4.332485,-3.6624854,-3.1924853,0.8475146,1.3875146,1.6875147,1.4775146
4.0075145,3.5875146,3.1175146,2.7775147,2.4475145,2.5575147,2.7075148,3.4675148,2.3875146,1.8575146,1.0775146,-0.062485352,-1.0724853,-0.84248537,-1.6124854,-0.48248535,1.6475147,3.5375147,2.6775146,1.3375146,-0.41248536,-1.4024854,-2.4924853,-3.0424852,-3.3624854,-3.9324853,-4.6824856,-5.0124855,-4.7524853,-4.8824854,-4.9624853,-4.602485,-4.2624855,-2.9824853,-2.8224854,-1.5124854,-0.49248534,-1.9724853,-2.3824854,-2.2924852,-2.1724854
3.3275146,3.2475147,2.8375146,3.0575147,2.5775146,2.5475147,2.5175147,2.2275147,1.9775146,1.9175147,2.1275146,1.7775147,-1.6724854,-0.40248534,-0.97248536,-0.21248536,1.2075146,4.2775145,3.8875146,2.1475146,0.86751467,-0.78248537,-1.5924853,-2.1124854,-2.9124854,-4.292485,-4.7124853,-4.8624854,-4.852485,-4.8624854,-4.412485,-4.142485,-2.9424853,-2.6424854,-1.3024853,-0.46248534,1.1875147,1.6975147,0.45751464,-1.4324853,-1.2124853
3.0575147,3.7375147,3.8275146,3.2875147,3.3275146,2.3675146,2.9175146,3.5775146,4.087515,3.3875146,0.86751467,0.9875147,4.0475144,1.2875147,-0.53248537,1.2075146,2.4075146,4.647515,4.7775145,3.1275146,2.4475145,0.70751464,-0.73248535,-2.0124853,-3.3224854,-4.2324853,-5.562485,-5.4024854,-5.162485,-4.8024855,-4.3024855,-3.8324854,-3.2324853,-2.5624855,-2.3924854,-1.4424853,-0.5224854,0.5475147,0.83751464,0.9775146,1.3375146
4.2475147,4.167515,4.587515,4.4275146,3.7475147,4.0975146,3.8675146,3.8975146,4.6375146,5.4975147,2.6875145,0.58751464,2.6475146,4.877515,3.5475147,3.2475147,4.1575146,4.9475145,4.937515,3.9875147,3.2275147,1.9275147,0.62751466,-0.62248534,-2.3324854,-3.6524854,-4.7724853,-5.1924853,-5.2624855,-5.3224854,-4.8024855,-4.4024854,-4.352485,-3.0824854,-2.6924853,-1.1024853,0.12751465,1.1475147,2.1775146,1.6275146,2.4475145
3.5575147,4.0475144,4.8075147,4.6375146,4.587515,4.2775145,4.5175147,4.337515,4.3275146,4.8275146,4.357515,4.2375145,2.9075146,3.2775147,5.687515,5.3875146,4.837515,4.7975144,5.837515,5.167515,4.2475147,3.1475146,1.7175146,0.34751466,-1.0924853,-2.4824853,-3.9924853,-4.5524855,-4.9824853,-5.1124854,-5.412485,-5.1824856,-4.0124855,-3.9524853,-3.2724853,-2.5924854,-0.48248535,0.62751466,0.81751466,0.37751466,1.1275146
