wind_kz.json
{"header": {"discipline":0,"disciplineName":"Meteorological products","gribEdition":2,"gribLength":1102,"center":7,"centerName":"US National Weather Service - NCEP(WMC)","subcenter":0,"refTime":"2023-09-23T12:00:00.000Z","significanceOfRT":1,"significanceOfRTName":"Start of forecast","productStatus":0,"productStatusName":"Operational products","productType":1,"productTypeName":"Forecast products","productDefinitionTemplate":0,"productDefinitionTemplateName":"Analysis/forecast at horizontal level/layer at a point in time","parameterCategory":2,"parameterCategoryName":"UnknownDiscipline_0_Category_2","parameterNumber":2,"parameterNumberName":"UnknownParameter_D0_C2_2","parameterUnit":"Unknown","genProcessType":2,"genProcessTypeName":"Forecast","forecastTime":300,"surface1Type":103,"surface1TypeName":"Specified height level above ground","surface1Value":10.0,"surface2Type":255,"surface2TypeName":"Missing","surface2Value":0.0,"gridDefinitionTemplate":0,"gridDefinitionTemplateName":"Latitude_Longitude","numberPoints":615,"shape":6,"shapeName":"Earth spherical with radius of 6,371,229.0 m","gridUnits":"degrees","resolution":48,"winds":"true","scanMode":64,"nx":41,"ny":15,"basicAngle":0,"lo1":47.0,"la1":41.0,"lo2":87.0,"la2":55.0,"dx":1.0,"dy":1.0}, "data":
[rows 0 to 14 of 15, columns 0 to 40 of 41]
-3.8672364,0.8827637,0.72276366,-2.3972363,-5.2572365,-6.617236,-4.8572364,-6.1272364,-6.7972364,-4.0872364,-4.537236,-2.9772363,-4.3972363,-3.5472364,-3.4472363,-1.6872363,-1.4072363,-0.7572363,-2.4972363,-0.9172363,2.0227637,2.2527637,2.0527637,1.0627637,-1.0672363,2.2927637,-2.0172362,1.5127636,1.2727637,-0.007236328,0.12276367,2.5627637,-0.077236325,0.28276366,0.37276366,-0.28723633,-0.9472363,-1.5472363,-1.5372363,-1.2072363,-1.1372364
1.6827637,0.25276366,-2.1972363,-2.1072364,-4.7972364,-5.4472365,-3.3872364,-4.5272365,-4.1672363,-3.8872364,-2.9872363,-3.0372362,-0.90723634,-4.327236,-2.4872363,-0.5672363,0.84276366,-1.0172364,0.4427637,2.3727636,2.6127636,0.9927637,1.8827636,-0.007236328,2.3527637,0.16276367,-1.5972363,1.3527637,1.0827637,0.05276367,0.20276368,0.79276365,1.3427637,-1.7072363,-0.24723633,-0.65723634,-0.52723634,-0.41723633,-0.9872363,0.65276366,-3.2072363
-1.1072364,-4.7172365,-3.7972364,-5.3572364,-6.287236,-4.1972365,-3.5172362,-1.8972363,-3.4872363,-3.0272362,-2.9472363,-2.5872364,-1.8472363,-3.9672363,-3.6172364,0.31276366,-0.39723632,0.09276367,2.1227636,2.4427636,3.7227638,5.1227636,5.8327637,6.5727634,6.382764,6.882764,6.9927635,1.2127637,1.8827636,-1.0572363,-1.8772364,2.1727636,0.8027637,1.1027637,0.9327637,-0.29723632,-0.27723634,0.30276367,-1.3972363,0.53276366,2.3427637
-3.1472363,-4.1072364,-2.9472363,-2.5572364,-3.7072363,-3.1672363,-1.3672364,-4.0472364,-4.117236,-3.2872362,-2.5672364,-1.5372363,-2.4672363,-1.7172363,-1.4672363,1.0027636,1.1227636,1.5127636,2.1927636,2.8527637,3.8327637,3.9827638,7.422764,9.642764,10.312763,9.812763,8.892764,6.4127636,8.5327635,9.392764,1.7427636,5.5027637,4.482764,2.0327637,2.3427637,0.77276367,-0.12723632,1.8127637,1.7627636,-0.29723632,-0.84723634
-3.4172363,-4.6872363,-4.4372363,-3.2772362,-3.7372363,-4.017236,-3.4172363,-2.7672362,-2.7472363,-1.7172363,-3.2272363,-1.4372363,-1.6672363,-1.6672363,-2.8472364,0.05276367,1.1527637,2.0727637,1.8427637,3.4527636,4.7227635,5.6827636,8.832764,10.412764,10.662764,10.892764,10.872764,8.772763,6.612764,5.1027637,5.1227636,4.7027636,1.4427637,1.5327637,0.17276368,0.67276365,-1.1072364,-1.6772363,-1.7872363,-1.9972364,-2.7972364
-2.3472364,-1.5772363,-1.1272364,-4.657236,-3.3072364,-4.2372365,-3.3272364,-2.8372364,-3.1072364,-2.9672363,-3.3372364,-2.4072363,-1.1172364,-2.2772362,-1.5972363,0.79276365,0.8727637,2.1227636,2.5927637,3.2627637,3.3827636,4.2227635,6.1227636,9.102764,10.582764,10.812763,10.012764,11.612763,8.062763,6.982764,4.212764,8.082764,11.7427635,2.5527637,1.4127637,6.5427637,2.3427637,-0.7472363,0.17276368,-1.4772363,-2.7772362
-2.5172362,-2.7672362,-3.0072362,-3.4472363,-4.2572365,-3.4172363,-3.5572364,-3.6872363,-3.5972364,-2.9172363,-2.3372364,-1.8772364,-1.6172364,-1.1172364,-0.48723632,0.28276366,1.5327637,2.3027637,1.7027637,1.6927637,1.7827637,2.6427636,3.5427637,5.2627635,7.882764,9.432764,10.082764,9.5327635,9.342764,8.682764,7.8527637,7.3127637,6.7227635,0.29276368,-2.2872362,-1.3672364,1.9827636,2.1527636,-1.4772363,2.1727636,-0.5472363
-2.7172363,-2.7672362,-2.4572363,-2.3772364,-2.7172363,-2.7972364,-2.7972364,-2.9172363,-3.3272364,-2.8572364,-2.2472363,-2.0472364,-1.3772364,-0.89723635,0.09276367,0.79276365,2.5127637,-0.11723633,0.48276368,0.7427637,1.6627637,1.8427637,1.8227637,2.8227637,4.5227637,7.0427637,8.862763,8.072763,7.5427637,3.9827638,7.2427635,2.0127637,-1.3972363,-0.9172363,1.7527636,3.8127637,2.6627636,-5.1772366,-5.827236,-5.6872363,-2.6472363
-2.5172362,-1.8772364,-1.7372364,-1.4072363,-0.23723632,-1.3572364,-2.4372363,-2.8472364,-2.8372364,-2.6872363,-2.3872364,-1.9372363,-0.8172363,-0.46723634,-0.17723633,-0.05723633,-0.16723633,-0.27723634,-0.23723632,-0.20723633,0.29276368,0.96276367,1.1527637,1.7627636,1.7427636,4.2527637,7.7627635,6.152764,4.9927635,1.4627637,2.4527636,-1.3772364,1.1727637,-1.4372363,0.73276365,-0.9472363,-0.047236327,-1.4772363,-2.0172362,-0.72723633,-1.5672363
-0.9272363,-1.2972363,-0.8072363,-0.05723633,-0.25723633,0.11276367,-1.6172364,-2.0672364,-2.4772363,-2.7172363,-2.5472364,-2.3072364,-0.9872363,-0.06723633,-0.46723634,-0.23723632,-0.38723633,-0.78723633,-0.84723634,-0.78723633,-1.3172363,-0.06723633,0.072763674,-0.37723634,-1.2772363,-1.5772363,-6.5472364,-5.327236,-5.0072365,-8.067236,-8.837236,-8.067236,-6.5872364,-4.4672365,-1.8972363,-1.4272363,-2.0672364,-1.4172363,-1.0172364,0.6327637,-1.4272363
1.1527637,1.4927636,0.8827637,0.13276367,0.49276367,0.47276366,-1.3072363,-3.1172364,-2.7472363,-2.8772364,-2.3772364,-1.8372363,-0.8772363,-0.8672363,-0.47723633,-0.31723633,-0.43723634,-0.9872363,-1.4272363,-2.1172364,-1.2672364,-1.9972364,-2.6572363,-1.8572364,-2.8072364,-4.9772363,-7.867236,-7.9572363,-10.647236,-9.147236,-10.577236,-8.857236,-8.317236,-7.3172364,-5.537236,-2.3572364,-1.2572364,-1.2972363,-1.0572363,-0.18723632,-1.2872363
1.1327636,1.6727637,1.0927637,0.90276366,0.72276366,-0.31723633,-2.2572362,-3.1472363,-2.9772363,-2.5072362,-2.0072362,-1.8472363,-1.5172364,-1.1072364,-0.26723632,-0.29723632,-0.06723633,-0.42723632,-1.2672364,-1.4272363,-2.0172362,-2.3872364,-3.3072364,-3.8572364,-4.7372365,-5.387236,-6.347236,-6.7972364,-7.9172363,-9.107236,-9.397236,-9.867236,-7.4872365,-8.597237,-6.6772366,-7.3972363,-6.6972365,-4.3772364,-1.8772364,0.6827637,0.45276368
1.4827636,1.5827637,0.97276366,0.7527637,0.40276366,0.65276366,-0.5472363,-1.7972363,-2.3472364,-2.4572363,-0.96723634,-1.2872363,-0.9472363,-0.78723633,-0.20723633,-0.3072363,-0.39723632,-0.37723634,-0.43723634,-1.1972363,-1.9272363,-2.5372362,-2.5472364,-2.7372363,-3.4972363,-4.7772365,-5.637236,-7.907236,-8.067236,-8.237236,-8.707236,-8.437237,-8.157236,-7.7772365,-6.657236,-6.7472363,-5.2372365,-2.5572364,-3.3772364,-2.1772363,-0.9372363
1.1327636,0.79276365,-0.32723632,-0.48723632,-0.28723633,-0.5472363,-0.8572363,-1.5772363,-0.38723633,-1.0572363,-0.9872363,-0.83723634,0.32276368,0.17276368,-0.06723633,-0.5672363,-0.63723636,-0.76723635,-0.9872363,-1.0572363,-1.4472363,-1.9572363,-2.3572364,-2.8372364,-3.5272362,-4.2972364,-5.2972364,-5.847236,-5.9872365,-7.637236,-7.517236,-6.9772363,-6.5472364,-6.4572363,-4.9572363,-5.9272366,-4.3572364,-4.1972365,-3.9572363,-2.2672362,0.79276365
-0.017236328,-0.59723634,-1.6872363,-1.6072364,-0.8772363,-1.3172363,-0.6772363,-0.7372363,-0.31723633,-0.8072363,-1.1272364,-0.96723634,-0.7572363,0.24276367,0.36276367,-0.70723635,-0.9872363,-0.8072363,-0.6972363,-1.1672363,-1.3272363,-1.7072363,-1.6672363,-2.2472363,-2.8172364,-3.3272364,-3.5772364,-4.3572364,-4.6972365,-4.767236,-4.7072363,-5.9972363,-4.9272366,-4.7272363,-4.4772363,-4.3572364,-3.8472364,-4.2472363,-3.4572363,-3.8672364,-3.5172362
