wind_kz.json
{"header": {"discipline":0,"disciplineName":"Meteorological products","gribEdition":2,"gribLength":1025,"center":7,"centerName":"US National Weather Service - NCEP(WMC)","subcenter":0,"refTime":"2023-09-07T00:00:00.000Z","significanceOfRT":1,"significanceOfRTName":"Start of forecast","productStatus":0,"productStatusName":"Operational products","productType":1,"productTypeName":"Forecast products","productDefinitionTemplate":0,"productDefinitionTemplateName":"Analysis/forecast at horizontal level/layer at a point in time","parameterCategory":2,"parameterCategoryName":"UnknownDiscipline_0_Category_2","parameterNumber":3,"parameterNumberName":"UnknownParameter_D0_C2_3","parameterUnit":"Unknown","genProcessType":2,"genProcessTypeName":"Forecast","forecastTime":300,"surface1Type":103,"surface1TypeName":"Specified height level above ground","surface1Value":10.0,"surface2Type":255,"surface2TypeName":"Missing","surface2Value":0.0,"gridDefinitionTemplate":0,"gridDefinitionTemplateName":"Latitude_Longitude","numberPoints":615,"shape":6,"shapeName":"Earth spherical with radius of 6,371,229.0 m","gridUnits":"degrees","resolution":48,"winds":"true","scanMode":64,"nx":41,"ny":15,"basicAngle":0,"lo1":47.0,"la1":41.0,"lo2":87.0,"la2":55.0,"dx":1.0,"dy":1.0}, "data":
[rows 0 to 14 of 15, columns 0 to 40 of 41]
5.1101837,-0.33981627,-0.5698163,-3.8898163,-3.4898162,-5.379816,-2.1698163,-1.2898163,-2.2398162,-2.5998163,-5.0798163,-4.4298162,-4.7698164,-5.009816,-5.4198165,-5.7098165,-5.5798163,-5.379816,-4.8298163,-3.2398162,-3.8998163,-4.259816,-2.6398163,-0.29981628,7.200184,2.9201837,1.6201837,2.1801836,-3.7298162,-2.8298163,-2.1198163,1.3901837,0.39018372,-2.2698164,-1.7498163,-3.0098162,-3.2698164,-1.9398162,-2.7798164,-2.8298163,-5.2698164
-0.23981628,3.0401838,-0.12981628,0.8701837,-2.5498164,-6.569816,-3.8498163,-2.1498163,-2.6798162,-3.1498163,-4.949816,-5.069816,-5.129816,-5.379816,-6.529816,-6.489816,-5.6198163,-4.2898164,-4.819816,-2.9198163,-1.9098163,-2.6598163,-2.6598163,-0.12981628,2.6301837,3.8501837,1.7301837,1.5301837,1.7201837,-1.7198163,-1.6898162,-3.4598162,-3.2098162,-1.8298163,-3.2498162,-0.45981628,-3.6398163,-3.3498163,-0.9898163,0.8701837,1.4301838
2.2201836,2.6901836,1.8901837,1.0501838,-1.4798163,1.1001837,-1.7098163,-1.4398162,-3.3898163,-4.529816,-5.1498165,-4.529816,-6.2298164,-7.589816,-7.799816,-5.9998164,-6.2698164,-5.9398165,-4.739816,-3.6898162,-3.7498162,-3.3298163,-3.3798163,-0.6198163,-2.3298163,-2.5798163,-0.65981627,-3.3998163,-3.9598162,-0.4998163,-1.3598163,0.36018372,-0.6898163,0.32018372,2.1301837,1.8371582E-4,-1.1598163,-2.7598162,-1.5698162,0.35018373,-0.3498163
1.2201837,1.6701837,1.2601837,-0.10981628,-1.1798162,-1.8698163,-2.2598162,-1.7998163,-4.589816,-4.609816,-4.2898164,-3.4598162,-1.0998163,-1.9098163,-4.379816,-7.1498165,-4.4798164,-5.0798163,-4.7498164,-4.359816,-2.5998163,-2.5598164,-6.0398164,-3.5898163,-2.4798162,-2.0298164,-0.7498163,-0.2898163,0.17018372,-3.9398162,-2.9098163,-1.4598163,0.48018372,2.9401836,1.2401837,0.90018374,2.0501838,2.7201836,0.39018372,-0.39981627,0.4901837
1.8501837,1.8501837,1.5201837,-0.52981627,-4.339816,-2.8998163,-2.5698164,-2.4598162,-3.5198164,-4.089816,-4.589816,-5.449816,3.0201838,1.2601837,0.7001837,-2.8898163,-6.029816,-3.5798163,-3.9298162,-4.0198164,-2.2098162,-3.7098162,-2.0298164,-0.96981627,0.5701837,1.1201837,2.0001838,0.4901837,-0.8598163,-0.96981627,1.3701837,-0.2598163,1.7101837,-0.48981628,-0.059816286,1.7201837,0.9901837,-0.71981627,4.660184,5.760184,3.2801838
2.3101838,4.430184,4.530184,2.1301837,-0.029816285,-0.5198163,-0.9498163,-3.4698162,-3.1698163,-5.1598163,-6.779816,-7.629816,-7.5598164,-6.0798163,-8.229816,-7.6198163,-6.569816,-5.4298162,-2.7698164,-2.6298163,-2.7698164,-3.5898163,-0.9998163,-0.8998163,-1.4598163,-4.469816,3.5101838,-0.8698163,0.83018374,-1.1798162,-1.0898163,-1.8798163,-5.0798163,-3.5298164,1.2401837,-1.1798162,0.040183716,-3.9598162,-1.7998163,7.7701836,2.8301837
-1.4098163,-1.9998163,-3.2998164,-3.2598162,-3.4698162,-5.0398164,-5.5598164,-5.819816,-6.3298163,-6.7698164,-6.759816,-7.0998163,-7.8698163,-7.779816,-7.989816,-7.819816,-7.029816,-5.9098163,-3.3598163,-4.219816,-2.9198163,-4.949816,-4.6498165,-3.8398163,-0.6298163,-1.6198163,0.080183715,3.3601837,2.8801837,3.7501838,3.4801836,3.2401838,4.030184,-0.8198163,-2.0398164,0.120183714,0.7301837,-1.1498163,-1.9898163,-2.1398163,-1.9098163
-1.4898163,-2.3198164,-2.7998164,-3.7598162,-4.6898165,-5.3998165,-5.549816,-6.0198164,-6.3298163,-6.3898163,-6.089816,-6.4398165,-6.779816,-7.779816,-8.099816,-8.119816,-6.799816,-8.309816,-6.9798164,-4.3698163,-2.2198162,-4.1698165,-9.089816,-2.5998163,-1.1098163,3.3201838,2.9001837,3.3301837,1.8401837,1.5201837,0.8701837,-0.3798163,0.13018371,-1.0498163,-1.9398162,-3.8298163,-3.8898163,-1.0798163,1.0401837,1.2101837,0.9501837
-1.6298163,-1.8298163,-2.8698163,-3.6598163,-4.4298162,-5.049816,-5.799816,-6.2698164,-6.609816,-6.949816,-5.759816,-5.949816,-7.5598164,-7.8098164,-7.799816,-8.169816,-7.9398165,-7.8498163,-8.179816,-6.859816,-4.339816,-4.2898164,-1.3798163,-6.3498163,-5.3298163,0.23018372,1.8501837,1.3101838,2.6601837,1.4101837,1.9501837,-0.19981629,-4.339816,-2.4998162,-2.2698164,-3.7898164,-4.3998165,-2.5598164,0.3701837,-0.6198163,0.5601837
-1.4398162,-2.1198163,-3.0598164,-3.5998163,-3.8298163,-4.859816,-5.069816,-6.219816,-6.239816,-5.859816,-5.489816,-5.989816,-7.509816,-8.019816,-8.969816,-7.1698165,-7.719816,-8.769816,-7.9998164,-8.789816,-5.3298163,-6.029816,-6.839816,-3.9998162,-3.0998163,-5.3698163,2.2401838,0.78018373,1.9801837,1.9601837,1.6101837,-0.009816284,0.120183714,-3.5698164,-0.15981628,-1.9798163,-1.6798162,0.09018371,2.0801837,1.4901837,-0.5498163
-0.8598163,-1.1998162,-2.6798162,-3.1298163,-3.8698163,-4.529816,-5.199816,-5.2298164,-5.989816,-5.8098164,-4.359816,-4.3498163,-6.799816,-7.629816,-7.819816,-7.2898164,-7.7698164,-8.159817,-9.1498165,-7.839816,-8.859817,-5.8898163,-6.0198164,-8.019816,-4.069816,0.050183717,3.3701837,1.0101837,1.0301837,1.9701837,2.3301837,2.1401837,-1.7898163,0.7601837,0.24018371,-0.91981626,-0.8198163,-0.9398163,-2.2798164,-1.6198163,-1.1898162
0.4901837,-2.8798163,-2.4998162,-2.8498163,-2.8898163,-3.7798164,-4.5198164,-5.279816,-5.839816,-6.4398165,-4.8298163,-4.069816,-5.8698163,-6.779816,-7.609816,-7.8098164,-8.549816,-8.699817,-8.109817,-7.949816,-6.9798164,-6.449816,-6.219816,-4.629816,-5.7498164,-5.8998165,-1.2198163,4.660184,4.530184,3.1501837,1.1501837,-0.9498163,-1.3598163,0.44018373,-0.84981626,-2.3598163,-0.52981627,-0.13981628,-0.8898163,-1.1398163,-0.8798163
-0.18981628,-0.6798163,-1.2898163,-1.9098163,-2.1098163,-2.4998162,-3.9198163,-4.969816,-6.0598164,-5.739816,-3.3298163,-4.0998163,-5.6898165,-5.949816,-6.4198165,-7.0998163,-6.949816,-7.4998164,-7.9798164,-5.6198163,-5.5798163,-5.8498163,-5.7898164,-5.779816,-3.7298162,-0.3498163,-1.7498163,2.1501837,2.8801837,1.0101837,1.2401837,1.2501837,-0.21981628,-0.11981628,1.3301837,-1.9798163,-2.4598162,-1.8198162,-2.4598162,0.09018371,0.6901837
-0.17981629,-1.0698162,0.6201837,-1.5698162,-1.9598163,-2.7098162,-3.4698162,-4.4598165,-4.3298163,-4.6698165,-3.0898163,-3.6498163,-4.5998163,-6.1498165,-5.949816,-6.969816,-6.089816,-6.3898163,-5.6198163,-5.6398163,-6.3298163,-6.8698163,-6.7098165,-6.449816,-7.339816,1.0101837,-3.4998162,0.8801837,3.0001838,3.6101837,1.0201837,1.8301837,-0.3498163,-0.009816284,0.45018372,1.1301837,-2.1898162,-1.7298163,-1.6698163,-0.8698163,0.5001837
0.9201837,0.39018372,0.5501837,-1.7298163,-1.2398163,-1.8198162,-2.5898163,-3.3698163,-3.3098164,-3.2498162,-2.4098163,-3.6598163,-3.6298163,-3.8098164,-6.1798162,-6.7898164,-6.7898164,-6.9398165,-6.6798162,-6.949816,-6.589816,-6.109816,-6.5798163,-7.4998164,-7.0598164,2.4301836,0.32018372,-1.9698163,2.2801838,1.2901837,1.4601837,-0.23981628,0.9401837,0.35018373,-0.96981627,-1.7198163,-0.8998163,-2.5298164,-2.2598162,0.4601837,0.83018374
