wind_kz.json
{"header": {"discipline":0,"disciplineName":"Meteorological products","gribEdition":2,"gribLength":948,"center":7,"centerName":"US National Weather Service - NCEP(WMC)","subcenter":0,"refTime":"2024-01-31T12:00:00.000Z","significanceOfRT":1,"significanceOfRTName":"Start of forecast","productStatus":0,"productStatusName":"Operational products","productType":1,"productTypeName":"Forecast products","productDefinitionTemplate":0,"productDefinitionTemplateName":"Analysis/forecast at horizontal level/layer at a point in time","parameterCategory":0,"parameterCategoryName":"UnknownDiscipline_0_Category_0","parameterNumber":0,"parameterNumberName":"UnknownParameter_D0_C0_0","parameterUnit":"Unknown","genProcessType":2,"genProcessTypeName":"Forecast","forecastTime":240,"surface1Type":1,"surface1TypeName":"Ground or water surface","surface1Value":0.0,"surface2Type":255,"surface2TypeName":"Missing","surface2Value":0.0,"gridDefinitionTemplate":0,"gridDefinitionTemplateName":"Latitude_Longitude","numberPoints":615,"shape":6,"shapeName":"Earth spherical with radius of 6,371,229.0 m","gridUnits":"degrees","resolution":48,"winds":"true","scanMode":64,"nx":41,"ny":15,"basicAngle":0,"lo1":47.0,"la1":41.0,"lo2":87.0,"la2":55.0,"dx":1.0,"dy":1.0}, "data":
[rows 0 to 14 of 15, columns 0 to 40 of 41]
293.9314,282.0314,289.5314,281.8314,280.73138,282.1314,288.9314,294.5314,291.8314,291.8314,290.23138,291.0314,290.3314,289.8314,289.23138,288.6314,289.0314,288.4314,290.4314,288.9314,290.23138,287.9314,286.4314,282.6314,282.0314,284.3314,275.0314,258.1314,256.4314,254.2314,255.2314,255.7314,260.1314,272.73138,270.9314,273.3314,273.3314,272.5314,271.73138,271.4314,271.23138
267.23138,289.3314,280.5314,280.1314,280.3314,280.9314,293.4314,292.4314,292.0314,291.4314,291.8314,290.23138,290.8314,290.8314,289.73138,288.73138,289.6314,289.0314,288.1314,288.9314,288.3314,286.6314,283.23138,269.23138,254.0314,256.9314,263.5314,255.33139,257.5314,252.7314,262.8314,246.9314,263.9314,242.7314,252.2314,261.8314,260.0314,268.4314,270.3314,267.3314,269.73138
290.23138,278.5314,280.3314,280.4314,280.3314,290.4314,290.6314,290.5314,289.9314,289.5314,289.9314,289.0314,289.73138,289.8314,285.23138,284.1314,284.8314,284.1314,284.0314,283.6314,284.23138,285.1314,284.23138,270.3314,283.23138,278.23138,274.8314,275.3314,277.8314,266.1314,255.5314,257.3314,261.73138,259.5314,258.8314,264.73138,256.3314,254.0314,254.6314,257.8314,255.6314
290.3314,276.0314,278.3314,279.23138,282.5314,290.23138,288.0314,288.73138,289.73138,286.8314,287.3314,287.23138,281.6314,282.0314,285.23138,283.9314,282.9314,283.3314,282.5314,282.8314,283.8314,272.1314,281.4314,279.0314,282.4314,281.6314,280.5314,272.73138,273.23138,273.1314,272.5314,271.5314,272.8314,267.8314,262.9314,265.73138,259.4314,256.1314,268.1314,264.23138,260.5314
286.5314,273.0314,272.4314,272.8314,280.0314,288.0314,285.9314,287.6314,286.23138,283.73138,283.23138,284.73138,279.3314,279.3314,278.4314,280.6314,281.1314,281.1314,281.8314,275.3314,281.3314,282.23138,275.6314,275.8314,274.6314,273.4314,272.9314,273.6314,279.4314,278.73138,274.4314,273.4314,264.0314,252.9314,266.3314,257.73138,259.0314,257.9314,260.0314,260.0314,260.9314
287.5314,285.23138,273.1314,273.0314,272.8314,272.9314,286.8314,285.73138,282.0314,281.9314,279.8314,278.6314,279.8314,279.23138,276.5314,279.73138,275.0314,277.6314,274.0314,274.6314,273.23138,277.8314,274.23138,273.8314,273.8314,272.9314,274.1314,272.73138,272.9314,272.73138,272.23138,272.9314,268.5314,268.6314,270.9314,267.8314,268.6314,267.5314,259.3314,258.23138,261.0314
285.23138,285.6314,288.23138,286.9314,277.8314,281.73138,282.23138,277.9314,276.5314,274.9314,274.6314,273.8314,274.3314,274.4314,274.0314,273.9314,273.6314,273.6314,273.3314,273.23138,273.23138,273.23138,273.23138,273.1314,273.23138,273.23138,272.6314,273.23138,273.23138,272.5314,271.9314,269.5314,270.8314,270.73138,269.73138,266.73138,265.4314,266.8314,266.3314,260.1314,262.8314
284.1314,283.73138,282.4314,282.0314,279.8314,276.0314,275.23138,273.9314,273.6314,273.23138,273.1314,272.73138,271.3314,270.4314,272.8314,270.8314,270.4314,270.6314,272.23138,267.1314,271.6314,272.73138,273.23138,273.23138,273.0314,272.73138,272.6314,273.23138,272.4314,273.1314,272.73138,272.4314,272.8314,269.73138,270.1314,272.23138,270.6314,269.6314,269.1314,268.8314,268.5314
277.9314,276.4314,275.23138,274.3314,273.23138,273.23138,272.6314,272.4314,273.0314,272.23138,269.8314,267.1314,266.8314,266.3314,265.3314,266.4314,267.9314,267.3314,266.4314,265.4314,264.0314,263.5314,264.6314,265.6314,267.4314,268.73138,270.23138,271.8314,271.5314,271.4314,272.73138,272.9314,273.4314,273.5314,272.6314,270.73138,269.1314,271.5314,262.9314,263.8314,263.5314
273.1314,272.8314,272.4314,272.4314,271.6314,271.6314,271.4314,271.0314,269.23138,267.8314,264.3314,263.1314,264.5314,263.8314,263.1314,264.3314,264.1314,264.9314,264.9314,263.6314,263.0314,263.4314,262.9314,264.23138,267.23138,267.8314,266.23138,267.1314,267.3314,269.4314,271.73138,274.4314,274.5314,274.1314,273.23138,273.23138,272.73138,266.5314,267.9314,266.4314,261.1314
271.4314,271.1314,271.1314,271.0314,271.73138,270.8314,270.4314,270.9314,270.4314,266.5314,264.1314,267.9314,263.4314,262.9314,262.1314,262.0314,262.23138,263.23138,262.73138,262.23138,263.3314,262.4314,262.9314,261.3314,263.0314,266.9314,265.6314,265.23138,266.9314,268.6314,270.3314,273.4314,273.9314,274.5314,273.23138,273.23138,271.1314,268.8314,268.9314,269.8314,267.23138
270.23138,270.23138,269.73138,269.3314,268.6314,267.4314,266.6314,265.9314,263.73138,265.0314,265.9314,264.0314,262.9314,263.4314,263.3314,261.9314,262.1314,262.6314,262.3314,263.8314,264.1314,262.5314,261.0314,260.4314,262.6314,262.5314,263.1314,264.5314,265.3314,266.5314,268.23138,270.9314,273.73138,273.1314,273.23138,273.23138,273.23138,273.3314,269.73138,269.23138,268.5314
268.9314,268.1314,267.73138,267.4314,266.4314,266.5314,261.23138,257.73138,257.73138,260.0314,263.9314,262.9314,261.6314,263.3314,263.4314,262.9314,261.73138,261.1314,261.9314,264.4314,264.8314,264.73138,264.8314,264.1314,261.5314,261.73138,263.0314,262.8314,264.0314,266.23138,267.0314,267.4314,267.4314,267.5314,268.23138,270.6314,271.6314,269.4314,268.0314,267.8314,268.23138
266.73138,263.73138,261.8314,260.0314,260.9314,260.9314,259.8314,259.0314,261.4314,260.9314,262.8314,262.1314,262.3314,262.9314,262.9314,260.73138,260.0314,260.4314,259.23138,263.4314,265.3314,265.8314,263.4314,262.9314,260.1314,259.4314,259.3314,260.5314,262.0314,264.3314,266.9314,264.9314,265.73138,266.23138,267.1314,267.0314,267.3314,267.3314,266.5314,265.73138,267.1314
262.9314,259.1314,258.8314,256.9314,260.0314,260.6314,260.8314,260.8314,260.5314,261.6314,263.6314,261.9314,261.6314,263.1314,263.23138,263.3314,261.5314,261.73138,260.73138,259.1314,258.5314,260.0314,260.23138,261.23138,257.9314,257.6314,256.4314,259.9314,259.8314,263.1314,264.1314,263.23138,265.23138,265.6314,266.0314,266.0314,266.3314,265.5314,265.8314,266.4314,266.23138
