wind_kz.json
{"header": {"discipline":0,"disciplineName":"Meteorological products","gribEdition":2,"gribLength":871,"center":7,"centerName":"US National Weather Service - NCEP(WMC)","subcenter":0,"refTime":"2023-09-11T00:00:00.000Z","significanceOfRT":1,"significanceOfRTName":"Start of forecast","productStatus":0,"productStatusName":"Operational products","productType":1,"productTypeName":"Forecast products","productDefinitionTemplate":0,"productDefinitionTemplateName":"Analysis/forecast at horizontal level/layer at a point in time","parameterCategory":0,"parameterCategoryName":"UnknownDiscipline_0_Category_0","parameterNumber":0,"parameterNumberName":"UnknownParameter_D0_C0_0","parameterUnit":"Unknown","genProcessType":2,"genProcessTypeName":"Forecast","forecastTime":0,"surface1Type":1,"surface1TypeName":"Ground or water surface","surface1Value":0.0,"surface2Type":255,"surface2TypeName":"Missing","surface2Value":0.0,"gridDefinitionTemplate":0,"gridDefinitionTemplateName":"Latitude_Longitude","numberPoints":615,"shape":6,"shapeName":"Earth spherical with radius of 6,371,229.0 m","gridUnits":"degrees","resolution":48,"winds":"true","scanMode":64,"nx":41,"ny":15,"basicAngle":0,"lo1":47.0,"la1":41.0,"lo2":87.0,"la2":55.0,"dx":1.0,"dy":1.0}, "data":
[rows 0 to 14 of 15, columns 0 to 40 of 41]
286.94092,281.04092,281.94092,297.94092,297.7409,296.64093,292.94092,291.2409,288.14093,288.7409,288.44092,289.2409,289.94092,290.7409,291.3409,291.3409,292.2409,293.14093,291.44092,294.64093,295.2409,291.8409,290.3409,291.44092,292.14093,292.8409,292.3409,279.2409,276.7409,276.3409,272.8409,275.8409,286.3409,291.2409,292.54092,292.8409,292.54092,292.8409,293.3409,293.04092,292.7409
268.7409,280.44092,297.2409,297.54092,297.3409,295.44092,290.3409,287.2409,287.04092,287.2409,288.3409,287.04092,287.2409,286.64093,289.94092,290.7409,291.54092,292.14093,290.54092,291.64093,294.04092,292.04092,293.44092,287.3409,275.2409,275.3409,285.04092,277.04092,277.64093,276.2409,282.04092,270.14093,279.04092,259.54092,273.14093,288.8409,288.04092,291.3409,293.54092,286.7409,283.94092
284.14093,296.64093,297.54092,297.2409,295.14093,288.64093,285.54092,285.44092,284.3409,284.7409,285.04092,285.8409,285.2409,286.44092,288.3409,287.54092,289.2409,290.44092,292.14093,291.7409,293.14093,290.44092,290.7409,288.2409,290.14093,289.3409,289.44092,288.7409,289.94092,283.64093,275.8409,277.2409,282.04092,281.94092,285.3409,285.04092,277.2409,279.3409,278.3409,274.64093,272.64093
285.3409,295.8409,296.7409,296.14093,291.94092,285.2409,286.14093,285.2409,285.14093,286.54092,286.2409,286.8409,293.94092,293.2409,287.8409,286.8409,290.14093,291.2409,293.54092,292.04092,291.8409,288.64093,291.64093,292.04092,292.3409,292.3409,291.54092,290.7409,289.14093,288.54092,291.44092,290.8409,294.54092,292.44092,290.04092,288.44092,279.04092,277.3409,280.7409,286.94092,290.8409
285.94092,293.94092,295.04092,293.94092,290.8409,286.2409,286.3409,285.3409,286.2409,286.2409,286.2409,285.7409,293.2409,291.94092,290.14093,289.3409,290.2409,293.7409,290.8409,292.94092,292.94092,292.3409,291.54092,291.7409,291.44092,291.8409,290.3409,290.94092,290.8409,291.3409,293.14093,290.3409,281.64093,271.7409,280.7409,289.14093,291.54092,294.44092,295.04092,294.14093,294.8409
284.3409,283.3409,293.64093,292.94092,293.2409,292.44092,287.14093,286.64093,286.54092,286.3409,285.14093,285.3409,291.8409,293.04092,290.54092,287.54092,290.44092,291.44092,291.04092,292.94092,291.44092,291.2409,291.54092,291.2409,290.94092,288.7409,289.14093,291.2409,290.64093,292.04092,290.54092,291.04092,290.04092,287.04092,288.7409,289.7409,284.3409,285.94092,291.3409,294.04092,292.44092
284.7409,283.8409,285.2409,285.64093,287.54092,284.64093,285.3409,285.14093,287.64093,286.64093,284.64093,284.44092,286.2409,286.14093,288.04092,288.94092,289.64093,289.94092,290.14093,290.04092,290.3409,290.8409,290.54092,289.7409,288.44092,288.3409,287.7409,288.54092,287.7409,286.94092,287.54092,288.64093,289.04092,290.2409,289.8409,290.04092,284.7409,283.14093,282.44092,279.54092,289.64093
287.44092,284.44092,285.64093,285.7409,286.94092,285.44092,284.44092,284.54092,287.44092,286.54092,285.14093,283.8409,283.54092,284.3409,286.94092,288.44092,288.2409,288.7409,289.04092,286.94092,286.04092,287.14093,287.2409,286.14093,285.64093,283.64093,283.8409,284.2409,284.04092,286.04092,285.3409,286.14093,286.04092,284.7409,288.64093,288.94092,290.3409,289.3409,291.2409,290.44092,287.7409
284.2409,283.8409,284.64093,283.8409,285.64093,285.04092,282.8409,283.04092,283.44092,286.14093,284.44092,284.14093,283.54092,284.3409,284.2409,286.54092,287.7409,288.14093,287.2409,286.64093,284.44092,284.54092,285.04092,284.2409,283.14093,283.54092,281.94092,282.2409,281.14093,280.8409,282.44092,283.3409,284.54092,289.7409,286.8409,286.54092,287.04092,285.64093,278.54092,278.3409,277.04092
286.44092,287.44092,285.64093,286.7409,286.3409,285.8409,281.94092,281.54092,281.54092,280.8409,284.2409,283.44092,283.64093,283.3409,283.64093,283.7409,285.2409,286.2409,286.64093,285.8409,284.54092,283.54092,284.14093,284.3409,283.8409,283.14093,282.44092,282.3409,282.44092,281.7409,282.2409,285.54092,288.14093,288.7409,289.04092,288.54092,284.7409,282.44092,279.8409,280.14093,276.94092
286.04092,285.2409,282.7409,285.44092,285.3409,283.8409,280.64093,280.3409,280.2409,280.2409,283.14093,283.04092,284.3409,283.04092,283.04092,283.44092,283.64093,285.04092,286.04092,284.44092,284.3409,284.54092,283.04092,282.54092,281.64093,282.44092,281.7409,282.8409,283.64093,285.44092,287.3409,288.04092,286.8409,287.14093,289.3409,286.7409,284.2409,282.2409,281.2409,280.54092,277.04092
286.04092,287.3409,283.94092,282.7409,282.04092,281.64093,279.8409,279.7409,278.2409,282.04092,279.7409,281.2409,281.64093,281.8409,282.54092,283.3409,284.3409,285.44092,285.2409,284.44092,283.2409,282.64093,281.94092,281.44092,281.7409,282.3409,283.04092,284.7409,286.14093,286.44092,286.94092,287.44092,287.14093,286.3409,285.94092,284.14093,284.04092,285.64093,286.14093,282.64093,281.64093
284.14093,284.94092,284.54092,283.3409,282.2409,282.2409,282.2409,281.04092,280.8409,280.64093,278.7409,278.64093,280.94092,280.3409,281.94092,281.8409,282.7409,283.94092,284.04092,282.7409,282.94092,281.3409,280.3409,280.14093,280.94092,283.04092,285.04092,285.8409,285.44092,284.94092,286.2409,286.64093,286.64093,287.64093,285.7409,283.94092,282.64093,283.2409,281.7409,279.94092,280.14093
284.2409,286.14093,287.14093,282.64093,284.44092,283.54092,281.7409,280.2409,282.2409,281.8409,279.94092,278.94092,279.44092,280.3409,279.8409,281.7409,281.54092,281.7409,282.3409,282.14093,282.04092,281.44092,281.7409,281.44092,282.14093,283.3409,283.8409,284.54092,284.44092,284.3409,284.44092,283.94092,282.14093,281.54092,281.04092,280.64093,280.64093,280.3409,279.8409,279.04092,277.8409
281.04092,284.44092,289.04092,283.3409,282.7409,281.54092,283.3409,282.04092,282.3409,282.7409,282.54092,280.3409,277.44092,279.8409,278.54092,279.3409,279.54092,280.14093,283.14093,281.44092,281.54092,281.2409,280.94092,280.04092,281.04092,284.7409,282.64093,285.2409,282.94092,282.14093,281.7409,282.2409,280.94092,280.2409,279.64093,280.04092,280.04092,278.3409,278.04092,279.44092,278.2409
