wind_kz.json
{"header": {"discipline":0,"disciplineName":"Meteorological products","gribEdition":2,"gribLength":1025,"center":7,"centerName":"US National Weather Service - NCEP(WMC)","subcenter":0,"refTime":"2023-09-23T18:00:00.000Z","significanceOfRT":1,"significanceOfRTName":"Start of forecast","productStatus":0,"productStatusName":"Operational products","productType":1,"productTypeName":"Forecast products","productDefinitionTemplate":0,"productDefinitionTemplateName":"Analysis/forecast at horizontal level/layer at a point in time","parameterCategory":2,"parameterCategoryName":"UnknownDiscipline_0_Category_2","parameterNumber":2,"parameterNumberName":"UnknownParameter_D0_C2_2","parameterUnit":"Unknown","genProcessType":2,"genProcessTypeName":"Forecast","forecastTime":0,"surface1Type":103,"surface1TypeName":"Specified height level above ground","surface1Value":10.0,"surface2Type":255,"surface2TypeName":"Missing","surface2Value":0.0,"gridDefinitionTemplate":0,"gridDefinitionTemplateName":"Latitude_Longitude","numberPoints":615,"shape":6,"shapeName":"Earth spherical with radius of 6,371,229.0 m","gridUnits":"degrees","resolution":48,"winds":"true","scanMode":64,"nx":41,"ny":15,"basicAngle":0,"lo1":47.0,"la1":41.0,"lo2":87.0,"la2":55.0,"dx":1.0,"dy":1.0}, "data":
[rows 0 to 14 of 15, columns 0 to 40 of 41]
-3.7440553,-0.92405516,0.82594484,-4.1440554,-5.314055,-6.984055,-7.794055,-7.524055,-6.274055,-4.004055,-2.8740551,-4.1640553,-3.214055,-2.6140552,-1.1940552,-1.9640552,-2.8540552,-3.714055,-3.2540553,-3.464055,-3.0340552,-0.62405515,-0.41405517,-1.5040551,0.21594483,-1.3440552,-2.404055,-1.9740552,-0.08405518,0.36594483,1.2659448,1.0059448,-0.054055177,-0.6340552,-0.41405517,2.2359447,0.42594483,0.23594482,-1.2040552,0.12594482,-3.154055
2.075945,0.21594483,-7.784055,-6.344055,-7.234055,-8.244055,-7.1840553,-6.234055,-4.7440553,-5.524055,-6.9540553,-5.3740554,-3.5940552,-2.5740552,-2.4840553,-4.304055,-3.714055,-4.544055,-3.454055,-2.0840552,-2.454055,-3.0540552,-1.3840551,-2.2440553,-0.99405515,0.2959448,-1.0640552,0.3259448,-1.9840552,-1.1140552,0.13594483,0.26594484,1.9459448,-2.5840552,0.8059448,1.4759449,1.8259448,1.6059449,1.3159448,0.14594482,-3.0940552
-2.8140552,-7.694055,-6.834055,-6.214055,-7.084055,-6.344055,-4.7440553,-4.034055,-4.7240553,-5.334055,-4.364055,-4.1440554,-2.0040553,-2.204055,-3.0640552,-2.674055,-2.954055,-2.174055,-2.2640553,-1.3540552,-2.454055,-3.7640553,-3.3240552,-7.784055,-2.414055,-2.8540552,-1.9040551,-0.15405518,-2.6040552,-0.094055176,-1.0540552,1.8559449,0.63594484,1.4559448,0.48594484,-0.47405517,1.2959448,0.17594482,3.285945,4.345945,1.0259448
-7.404055,-7.734055,-6.9940553,-5.1240554,-5.594055,-4.814055,-3.194055,-4.524055,-3.664055,-4.214055,-3.704055,-2.8740551,-2.3940551,-2.674055,-0.8340552,-0.92405516,-2.414055,-2.2640553,-1.7940552,-1.2740551,-2.214055,-2.674055,-1.0740552,-2.0540552,-1.8340552,-0.8340552,0.28594482,0.6059448,1.5559448,2.9659448,2.835945,2.3659449,5.6459446,4.3159447,-4.8940554,-2.0140553,-1.3640552,2.7159448,2.1359448,-0.41405517,0.25594482
-7.964055,-9.304055,-8.714055,-9.044055,-7.714055,-5.714055,-5.1240554,-4.2240553,-4.3740554,-3.9740553,-1.4040551,-1.1040552,-0.30405518,-0.11405518,-0.5940552,-1.0140551,-1.9940552,-1.8240552,-0.8340552,-0.92405516,-2.5540552,-2.5940552,-2.5340552,-2.3440552,-1.5740552,-0.8840552,-2.924055,-0.9040552,-1.2340552,0.34594482,0.34594482,1.9559448,0.9259448,3.1459448,0.76594484,0.63594484,4.4859447,3.4159448,-1.9440552,-1.1940552,1.4159448
-6.344055,-4.294055,-8.504055,-9.254055,-7.754055,-6.1640553,-4.4540553,-3.194055,-2.154055,-1.4340552,-0.4240552,-0.40405518,1.1759448,2.4059448,1.6759448,0.7459448,-0.8240552,-1.5340552,-1.3940551,-0.18405518,-1.5240551,-2.0940552,-4.444055,-3.1440551,-1.9740552,-2.1040552,-3.0940552,-4.9140553,-2.1040552,-1.3640552,-0.48405516,-0.67405516,2.7059448,4.0459447,3.3959448,1.1659448,1.5959449,3.1859448,7.285945,4.495945,-2.5240552
-4.4340553,-4.214055,-4.3540554,-4.064055,-4.524055,-3.2740552,-1.5340552,1.4959449,2.2659447,-0.16405517,-0.26405516,-2.9840553,-2.6040552,-1.8840551,-2.1040552,-1.8740551,-1.4540552,-1.9540552,-1.6640552,-1.6940552,-4.384055,-4.9340553,-4.1040554,-4.334055,-3.3540552,-1.8640552,-3.5440552,-2.954055,-1.9740552,-1.4840552,-0.5840552,-1.7940552,-1.8140552,0.33594483,1.8459449,2.565945,1.2659448,-0.5840552,3.4859447,1.5759448,1.5459448
-3.444055,-2.9940553,-1.9840552,-1.1540551,-3.0040553,-2.4840553,-1.2340552,-1.3840551,-0.7740552,-2.8940551,-2.5940552,-4.404055,-2.904055,-2.904055,-3.684055,-4.9540553,-3.694055,-3.424055,-3.4740553,-2.5540552,-4.544055,-2.9940553,-2.3240552,-2.1040552,-2.0940552,-1.2540551,-0.85405517,0.63594484,0.6859448,-0.13405518,-0.61405516,-0.23405518,0.17594482,0.06594482,-1.0540552,2.035945,4.245945,6.745945,5.955945,5.1459446,3.4259448
-4.3540554,-3.9940553,-3.8940551,-3.0840552,-2.7840552,-1.2440552,0.48594484,0.33594483,-1.4440552,-2.5340552,-2.8240552,-3.154055,-3.5040553,-3.6240551,-3.2540553,-3.3540552,-3.1440551,-3.0140553,-3.414055,-3.2440553,-3.2940552,-2.194055,-1.6140552,-0.55405515,-1.1440551,-1.1840552,-0.61405516,-0.34405518,1.0759448,0.9759448,1.2059448,1.5459448,2.4059448,1.8259448,2.2459447,1.9659448,1.4659448,0.8459448,0.56594485,0.035944823,0.5959448
-3.3840551,-2.8940551,-2.714055,-1.8140552,-0.35405517,2.1559448,1.6859448,-0.7140552,-2.1440551,-2.5540552,-2.924055,-3.684055,-3.0140553,-3.414055,-2.704055,-2.5740552,-3.204055,-2.6040552,-2.6440551,-2.8340552,-2.5040553,-1.7140552,-0.99405515,-1.0840552,-1.0840552,-1.2640551,-0.55405515,0.16594483,1.3459449,1.8359448,2.6159449,2.8859448,1.9759449,2.3959448,1.3059448,1.3159448,0.13594483,1.2559448,1.2959448,1.4259448,1.9759449
-2.4740553,-1.8740551,-0.6440552,0.14594482,2.2059448,1.6659448,0.58594483,-1.7940552,-1.6040552,-1.9840552,-2.1240551,-1.6740552,-2.154055,-2.8340552,-2.0040553,-1.8140552,-2.664055,-2.0940552,-2.0140553,-1.8140552,-1.2140552,-0.61405516,-0.28405517,-0.37405518,0.13594483,0.42594483,1.3059448,2.3659449,2.9959447,2.9559448,2.4159448,1.3159448,1.9359448,1.8259448,1.9159448,0.9359448,-0.12405518,1.1359448,-0.14405517,0.48594484,0.025944823
-1.0440552,-0.80405515,-0.22405517,0.58594483,1.0459448,-0.7140552,-0.5640552,-0.46405518,-0.38405517,-1.1540551,-0.5940552,0.5959448,-1.6940552,-2.164055,-1.0640552,-1.5640552,-1.9440552,-1.5440552,-1.2740551,0.16594483,0.31594482,0.83594483,1.2059448,2.1259449,2.3659449,2.6959448,3.1559448,3.545945,3.4559448,2.335945,2.085945,2.7659447,2.6059449,2.9959447,1.9559448,2.8559449,2.335945,2.6059449,1.1159449,1.8459449,1.1959448
0.34594482,1.2159448,2.1259449,1.8559449,0.44594482,-0.86405516,-0.13405518,0.19594483,-3.2840552,-1.1640552,-0.4240552,0.055944823,-0.55405515,-0.18405518,0.8459448,-0.064055175,0.19594483,0.8059448,1.0859448,1.2159448,1.2159448,1.7659448,2.305945,2.4759448,3.7359447,3.4859447,4.035945,3.315945,3.335945,2.4359448,3.9759448,3.3659449,3.9959447,3.9159448,3.095945,2.8659449,3.0059447,1.9759449,2.9259448,2.815945,0.7359448
2.075945,2.2259448,0.75594485,-0.9540552,-0.74405515,-1.0440552,-0.49405518,-1.6240551,0.24594483,-0.8940552,-0.67405516,-0.014055176,0.5359448,0.63594484,1.3659449,1.6359448,1.8559449,2.335945,2.055945,2.6159449,2.8559449,3.0259447,3.4359448,3.6259449,3.2059448,3.335945,3.2259448,3.285945,2.9159448,4.365945,4.155945,4.575945,4.5459447,3.3859448,3.8759449,3.6459448,3.2659447,3.295945,2.805945,2.075945,2.295945
0.9359448,-0.5140552,1.4759449,-0.25405517,0.28594482,-0.4540552,0.48594484,0.5359448,0.82594484,-0.8240552,-1.1240551,0.2959448,1.2959448,1.2659448,2.035945,2.6059449,3.0159447,3.1659448,2.4059448,3.285945,3.4959447,3.7359447,3.7159448,3.3559449,3.035945,2.9159448,3.305945,3.1859448,3.845945,3.9759448,4.435945,4.6259446,3.9459448,4.1259446,4.595945,5.0259447,4.195945,4.175945,6.455945,4.785945,1.3959448
