wind_kz.json
{"header": {"discipline":0,"disciplineName":"Meteorological products","gribEdition":2,"gribLength":948,"center":7,"centerName":"US National Weather Service - NCEP(WMC)","subcenter":0,"refTime":"2023-09-28T00:00:00.000Z","significanceOfRT":1,"significanceOfRTName":"Start of forecast","productStatus":0,"productStatusName":"Operational products","productType":1,"productTypeName":"Forecast products","productDefinitionTemplate":0,"productDefinitionTemplateName":"Analysis/forecast at horizontal level/layer at a point in time","parameterCategory":2,"parameterCategoryName":"UnknownDiscipline_0_Category_2","parameterNumber":3,"parameterNumberName":"UnknownParameter_D0_C2_3","parameterUnit":"Unknown","genProcessType":2,"genProcessTypeName":"Forecast","forecastTime":0,"surface1Type":103,"surface1TypeName":"Specified height level above ground","surface1Value":10.0,"surface2Type":255,"surface2TypeName":"Missing","surface2Value":0.0,"gridDefinitionTemplate":0,"gridDefinitionTemplateName":"Latitude_Longitude","numberPoints":615,"shape":6,"shapeName":"Earth spherical with radius of 6,371,229.0 m","gridUnits":"degrees","resolution":48,"winds":"true","scanMode":64,"nx":41,"ny":15,"basicAngle":0,"lo1":47.0,"la1":41.0,"lo2":87.0,"la2":55.0,"dx":1.0,"dy":1.0}, "data":
[rows 0 to 14 of 15, columns 0 to 40 of 41]
-0.87162936,-1.8716294,2.1383708,0.6583707,-1.5316293,0.10837067,0.93837065,1.0783707,-0.57162935,-0.5416293,-2.2716293,-3.0116293,-2.9316294,-3.6916294,-4.0216293,-4.5216293,-3.9816294,-1.4816294,-3.2216294,-1.9316293,-2.2916293,-0.051629335,-0.41162932,-0.9216293,-0.46162933,-1.1416293,-0.93162936,0.21837066,-0.28162932,1.1183707,0.79837066,0.56837064,0.68837065,-1.0016294,1.0183706,1.3583707,1.4783707,1.9683707,1.4583707,-0.63162935,1.4483707
2.5283706,1.6683707,2.2983706,0.27837068,-2.4416294,-1.1216294,-2.1016293,0.5883707,0.44837067,-0.031629335,-2.4016294,-2.9216294,-3.4016294,-3.6516294,-4.5916295,-4.221629,-3.2016294,-2.0016294,-4.1116295,-4.7316294,-2.9416294,-0.7916293,-0.0016293335,1.3283707,-0.081629336,0.55837065,-2.2316294,1.2883706,0.16837066,1.6883707,2.5283706,3.9583707,0.7783707,-0.6716293,-2.5116293,-0.29162934,-1.0316293,-1.1716293,0.23837067,-0.88162935,0.38837066
2.6183708,3.6483707,1.6283706,0.7183707,-1.4216293,-1.9516293,-1.3516294,-2.1716294,-2.4516294,-2.9916294,-2.0316293,-2.4816294,-3.4516294,-4.1016293,-3.7116294,-3.9516294,-2.4916294,-3.0316293,-3.5816293,-4.391629,-3.6016293,0.81837064,0.5183707,1.1183707,0.97837067,0.12837067,0.54837066,0.10837067,-0.26162934,1.5383706,2.4883707,0.49837068,1.5683707,-1.1616293,-0.87162936,2.7683706,3.9983706,1.0383706,0.44837067,-0.6116293,-0.14162934
0.13837066,1.4483707,0.44837067,-0.081629336,-2.0716293,-2.1816294,-2.0016294,-2.6016293,-2.4816294,-2.6716294,-1.2416294,-1.5016294,-1.7216294,-3.3916292,-4.201629,-4.1116295,-3.7516294,-3.4716294,-3.7216294,-4.0916295,-3.8216293,-0.9216293,-0.45162934,0.18837066,-0.74162936,-0.8616293,-0.51162934,1.6483706,2.3083706,3.0783706,1.8983706,-0.83162934,-1.1816293,-0.121629335,-0.47162932,-2.7316294,-1.1116294,3.0383706,2.9583707,-0.051629335,-0.091629334
-0.11162934,-0.7916293,-1.6516293,-1.9216293,-1.2816293,-1.7516294,-3.0116293,-2.3216293,-3.2016294,-2.7416294,-1.1916293,-2.3116293,0.85837066,-2.9316294,-1.9216293,-2.7316294,-3.6616294,-3.5416293,-3.6116292,-3.8616292,-3.0416293,-2.0816293,-2.5216293,-1.2016293,0.6483707,0.5783707,0.93837065,-0.32162935,1.9483707,1.7083707,1.1583706,1.5583707,2.5783706,3.5783706,-1.0416293,-1.0016294,0.91837066,-2.0516293,-0.7816293,0.6983707,-0.011629334
-0.9716293,-0.7816293,-2.1516294,0.44837067,-2.3716292,-4.5516295,-4.141629,-3.9916294,-3.3716292,-2.9416294,-2.8916292,-0.5916293,1.5583707,-0.5916293,-1.2916293,-2.9816294,-3.1016293,-3.3516293,-3.7116294,-3.3216293,-3.7316294,-3.1516294,-1.3416294,-0.24162933,1.1283706,0.31837067,-1.2116294,1.6283706,2.6583707,2.1383708,2.3383706,1.1483706,0.22837067,-0.35162935,1.6583706,5.1583705,2.1583707,3.1083708,0.33837068,-0.57162935,0.99837065
-0.9716293,-1.8616294,-1.4716294,-1.5016294,-3.1816294,-3.2216294,-3.6416292,-3.2516294,-2.9116294,-2.4716294,-3.0516293,-0.29162934,3.6183708,1.2383707,-0.96162933,-2.4716294,-3.1016293,-3.3716292,-3.8616292,-2.7616293,-3.2816293,-2.9116294,-2.9316294,-0.8416293,0.21837066,-1.7816293,-1.7416294,-3.0016294,1.6683707,2.9683707,1.9283707,0.5883707,0.37837067,0.87837064,-0.88162935,-1.6116294,-2.9316294,-0.38162935,-0.6616293,-0.14162934,1.3583707
-0.6616293,-1.4416293,-2.9516294,-2.6816294,-3.1016293,-3.9016294,-3.7616293,-3.4416294,-2.2416294,-1.8416294,-1.7616293,3.2283707,3.1783707,1.6783707,0.22837067,-0.9016293,-2.1916294,-3.1316292,-2.8116293,-2.7216294,-3.0516293,-2.8916292,-3.5516293,-2.7616293,-2.0716293,0.5183707,0.47837067,-2.2116294,-0.29162934,0.5983707,2.2183707,-3.2216294,2.8483706,2.5083706,1.8183707,-0.021629333,1.2183707,1.9283707,-1.8316293,-0.22162934,-1.9316293
-0.99162936,-1.4316293,-2.6416292,-3.5916293,-3.4116294,-3.3516293,-3.6916294,-3.8116293,-4.201629,-2.6916294,-1.4716294,2.5183706,1.8383707,1.6783707,0.80837065,-0.82162935,-1.5516293,-2.4016294,-2.3316293,-2.3216293,-1.7716293,-2.6916294,-2.9116294,-2.9516294,-2.4016294,-1.2916293,-0.82162935,-0.31162933,0.098370664,-1.4416293,-0.22162934,-0.40162933,5.28837,5.1483703,3.4083707,3.3383706,-0.7916293,1.2783706,0.92837065,0.13837066,-3.1616294
0.55837065,0.43837067,-2.2216294,-3.1816294,-3.2616293,-3.4916294,-3.4716294,-3.7916293,-4.121629,-4.391629,-4.6916294,-0.8616293,2.1283708,1.8183707,0.12837067,-0.88162935,-0.7816293,-2.3116293,-1.5716293,-1.1416293,-1.7016293,-0.94162935,-2.1716294,-2.4716294,-2.4816294,-1.9916294,-1.3616294,-1.7916293,-1.4416293,1.7983707,1.3283707,-0.121629335,0.6483707,3.5183706,3.2283707,1.3483707,1.2183707,-1.7616293,0.37837067,4.5183706,4.4483705
-1.5716293,-0.21162933,-2.2916293,-3.2716293,-3.2216294,-3.2716293,-3.3116293,-3.1216292,-3.5016294,-3.3316293,-3.2216294,-2.1916294,-3.4816294,1.1383706,0.87837064,-0.47162932,-0.57162935,-1.5516293,-1.7516294,-1.1816293,-1.3316293,0.07837067,-0.88162935,-1.4916294,-1.8516294,-2.3616292,-2.1816294,-4.011629,-4.2916293,-1.9216293,-0.45162934,-0.47162932,3.2383707,4.3283706,5.1483703,2.0583706,1.3883706,2.6783707,2.0783706,1.8483707,0.038370665
-2.7116294,-2.8716292,-2.8816292,-3.1516294,-3.0916293,-3.2416294,-2.8116293,-2.2916293,-2.9116294,-2.5316293,-2.0316293,-2.5516293,-3.0516293,-2.5016294,0.36837065,0.5283707,-0.40162933,-0.75162935,-0.63162935,-0.77162933,-0.82162935,-0.9216293,-1.0316293,-0.6716293,-0.70162934,-2.3416293,-1.1916293,-2.0116293,-2.5816293,-3.6616294,-2.7616293,-0.17162934,2.5183706,3.2983706,3.3383706,2.2483706,1.8583707,2.7883706,2.3783708,2.2483706,0.9083707
-1.8416294,-1.6016294,-2.6616294,-2.0416293,-2.4016294,-1.9716294,-2.6616294,-2.4416294,-3.0316293,-1.5716293,-0.9816293,-1.1516293,-2.4116294,-2.9916294,-2.0416293,-1.1316293,-0.6016293,-0.38162935,-0.83162934,-0.35162935,0.43837067,0.38837066,0.62837064,-0.061629333,-0.10162933,0.5883707,1.6983707,-2.1616294,-2.8716292,-3.3216293,-4.2516294,-0.19162934,0.23837067,0.15837067,2.0683706,3.2883706,2.3083706,1.6683707,2.8083706,1.8683707,0.9083707
-1.6216294,-2.2716293,-3.2716293,-2.5016294,-1.9116293,-1.8916293,-2.2216294,-2.5916293,-1.3916293,-1.6816293,-0.021629333,-0.70162934,-1.8016293,-1.3816293,-1.6816293,-0.99162936,-0.77162933,0.62837064,0.37837067,0.44837067,0.33837068,0.60837066,0.6583707,0.06837067,-0.6016293,0.018370666,1.3583707,0.12837067,-1.4216293,-0.83162934,-2.8516293,-3.4716294,1.7383707,3.0283706,2.4583707,2.4983706,2.5583706,1.3983706,1.5083706,1.5683707,1.0283706
-1.1016294,-1.9516293,-3.1716294,-2.2616293,-2.8016293,-2.2016294,-1.2516294,-1.3516294,-2.5216293,-2.1316292,-0.46162933,0.21837066,-0.34162933,-0.81162935,-1.6916293,-1.6916293,-1.8716294,-0.77162933,-0.031629335,0.12837067,0.5183707,1.1683707,1.4183707,1.0383706,-0.57162935,-1.1016294,0.5783707,0.6983707,-1.0216293,1.0883707,-0.19162934,-2.2916293,-2.3016293,0.038370665,2.1583707,2.4583707,3.4283707,2.9383707,2.0383706,2.5983706,0.7083707
