wind.json
{"header": {"discipline":0,"disciplineName":"Meteorological products","gribEdition":2,"gribLength":1125,"center":7,"centerName":"US National Weather Service - NCEP(WMC)","subcenter":0,"refTime":"2023-06-29T06:00:00.000Z","significanceOfRT":1,"significanceOfRTName":"Start of forecast","productStatus":0,"productStatusName":"Operational products","productType":1,"productTypeName":"Forecast products","productDefinitionTemplate":0,"productDefinitionTemplateName":"Analysis/forecast at horizontal level/layer at a point in time","parameterCategory":2,"parameterCategoryName":"UnknownDiscipline_0_Category_2","parameterNumber":2,"parameterNumberName":"UnknownParameter_D0_C2_2","parameterUnit":"Unknown","genProcessType":2,"genProcessTypeName":"Forecast","forecastTime":240,"surface1Type":103,"surface1TypeName":"Specified height level above ground","surface1Value":10.0,"surface2Type":255,"surface2TypeName":"Missing","surface2Value":0.0,"gridDefinitionTemplate":0,"gridDefinitionTemplateName":"Latitude_Longitude","numberPoints":688,"shape":6,"shapeName":"Earth spherical with radius of 6,371,229.0 m","gridUnits":"degrees","resolution":48,"winds":"true","scanMode":64,"nx":43,"ny":16,"basicAngle":0,"lo1":45.0,"la1":40.0,"lo2":87.0,"la2":55.0,"dx":1.0,"dy":1.0}, "data":
[rows 0 to 15 of 16, columns 0 to 42 of 43]
-1.2607983,-2.6907983,-3.3207984,-3.5207984,-2.7307982,-0.98079836,-0.76079834,-0.7807983,-4.2807984,-4.5307984,-2.7407982,-0.73079836,-0.17079835,-0.23079833,0.06920166,0.24920166,0.6592017,1.5192016,2.0592017,3.0392017,3.1592016,5.479202,-0.09079834,2.7192016,7.399202,5.2392015,1.2892016,0.64920163,0.27920166,-2.2807984,-1.5007983,-0.79079837,-0.85079837,0.30920166,1.1292017,0.42920166,-0.44079834,-0.9007983,-0.98079836,-2.1207983,-1.3507984,-1.8607984,-3.0407984
-1.4807984,-1.1107984,-2.4207983,2.9892015,-2.8007984,1.0292016,-0.86079836,-1.9207983,-3.2907984,-0.31079835,-0.56079835,0.11920166,1.2492017,2.2492018,1.8592017,1.6092017,2.5392017,2.6692016,4.5292015,4.9692016,4.979202,5.1792016,8.119202,4.729202,6.8892016,3.8592017,0.6592017,0.46920165,3.2192016,2.2392015,0.5392017,2.1992016,-0.55079836,0.60920167,0.04920166,0.6592017,1.6192017,1.4892017,1.3292017,1.4292016,-1.0107983,-1.4207983,-1.9107983
-2.4707983,0.98920166,-0.18079834,-2.9407983,-2.5207984,-2.3707983,-2.8807983,-1.4907984,-0.33079833,0.54920167,1.7492017,1.7192017,0.85920167,-0.45079833,2.5792017,4.2892017,5.4092016,4.8692017,3.6892016,6.8892016,5.4092016,6.7892017,7.0192018,6.8192015,4.669202,3.6392016,0.76920164,-0.23079833,1.0092016,0.19920166,2.0092018,1.9392017,0.39920166,0.46920165,-0.5307983,0.37920165,0.73920166,-1.1307983,0.29920167,-1.3907983,-1.2107984,-0.64079833,-1.1207983
-0.9707983,-0.6607983,-5.1907983,-5.330798,-4.100798,-2.7207983,-0.51079834,-2.1707983,-1.1207983,0.7792017,2.1292017,2.7492018,0.9692017,1.8392017,3.1192017,3.5192018,4.2692018,5.879202,6.2792015,5.919202,5.5292015,6.8592014,8.369202,6.5992017,7.5892015,6.7792015,0.50920165,-0.42079833,0.01920166,1.5492016,4.629202,0.27920166,1.9092016,-1.4307983,-0.55079836,-1.1807983,0.85920167,1.9492017,-0.04079834,0.16920166,0.35920167,1.9592017,3.2892017
-7.3607984,-8.410798,-7.7007985,-4.270798,-3.3107984,-1.0907984,-0.22079834,0.69920164,1.0192016,-0.11079834,1.0092016,2.2192016,3.6892016,3.0392017,1.8292017,3.0292017,3.9192016,3.6092017,4.7592015,6.6392016,7.5692015,5.709202,6.0892015,8.879202,7.0692015,7.999202,5.439202,4.8292017,1.8692017,4.4292016,6.479202,1.5192016,-6.9707985,-5.3907986,-4.9107985,-1.8907983,-0.47079834,-0.38079834,0.81920165,0.5392017,-2.8207984,-2.0807984,-0.56079835
-6.1307983,-5.2207985,-4.3607984,-2.1807983,-0.14079835,-0.75079834,1.0092016,0.22920166,-0.45079833,0.86920166,0.7192017,1.1692016,2.3192017,2.6792016,2.5292017,2.2892017,3.7192016,2.9692016,3.1292017,3.6992016,4.0592017,5.6992016,6.3892016,8.349201,9.629202,9.709202,6.919202,7.9692016,7.6992016,-0.04079834,3.6092017,1.7992016,0.67920166,1.8092017,2.5392017,2.4592016,-2.8007984,-1.6707983,0.02920166,-0.36079833,0.27920166,-0.5907983,0.5892017
-2.4107983,-1.0507983,0.33920166,1.4392017,0.36920166,2.6292017,1.1592016,-0.6507983,2.3792017,0.21920165,1.0992017,1.1992017,1.6792016,1.8892016,2.2192016,2.3592017,1.5292016,1.9592017,3.0592017,3.7292016,3.8292017,4.1192017,2.6992016,5.479202,7.5892015,7.8492017,9.369202,7.709202,7.0992017,-1.1307983,-0.51079834,3.5992017,0.5892017,-2.8707983,-3.0707984,-1.7507983,-4.8607984,2.4292016,-0.32079834,1.4392017,0.31920165,-0.28079835,-0.62079835
0.87920165,1.6692016,2.2992017,3.0592017,3.2392015,3.1092017,1.9492017,0.7892017,0.26920167,0.80920166,0.27920166,-0.07079834,0.40920165,0.63920164,0.76920164,-0.27079833,0.7892017,1.7692016,3.5292017,5.879202,5.7892017,5.3692017,3.3992016,0.9192017,3.2492018,5.2692018,7.169202,6.8292017,2.1892016,-3.0807984,0.16920166,-0.45079833,-2.2707984,-3.4607983,-3.8307984,-3.2707984,-2.3007984,-0.35079834,0.47920167,-2.5907984,2.5192018,1.2492017,-1.7107984
0.7192017,2.2492018,3.0292017,2.2492018,2.8892016,2.4092016,2.4492016,1.7392017,1.0792017,1.3792017,0.08920166,0.5392017,0.80920166,2.1192017,2.1892016,2.4692016,2.6492016,3.8692017,4.0992017,3.1292017,4.399202,5.249202,5.5892015,2.8992016,1.4692017,1.4892017,4.379202,5.5092015,0.18920165,0.82920164,-2.7207983,-1.0007983,4.6092014,-2.9407983,-1.0207983,-0.32079834,-0.14079835,-1.9807984,-2.9907982,1.0192016,5.3592014,5.2892017,6.1592016
2.0992017,2.6392016,2.8292017,2.0692017,2.4792016,2.4192016,2.6992016,3.8092017,2.3992016,3.2092016,2.0192018,2.2892017,2.4292016,3.1092017,2.0092018,3.5792017,4.209202,2.1792016,4.249202,3.0592017,4.229202,4.6192017,5.7392015,4.5592017,1.8292017,0.61920166,-0.04079834,3.3192017,3.5792017,0.79920167,1.7592016,-4.1807985,6.3192015,2.8492017,1.5592017,0.13920166,0.76920164,-0.15079834,0.69920164,0.07920166,2.2092016,0.6592017,2.6992016
4.0192018,4.129202,4.5092015,4.4892015,4.129202,4.2992015,3.3492017,4.439202,3.6092017,5.5392017,3.7392015,3.9192016,3.5692017,3.7692018,2.7792017,2.8392017,2.9492016,4.7192016,3.7292016,2.7392015,3.4492016,4.3492017,5.5892015,5.459202,2.4692016,1.1392016,0.01920166,0.99920166,2.2492018,0.9192017,-1.0707984,0.01920166,8.439201,4.2692018,0.73920166,-0.60079837,-0.26079834,-1.9707984,-1.7307984,-0.35079834,2.0292017,0.95920163,1.6192017
4.939202,4.7892017,5.3392015,5.4692016,4.9292016,5.379202,5.459202,4.649202,4.7192016,5.7392015,5.999202,5.8592014,5.1092014,4.9092016,1.7092017,1.6992017,2.9892015,3.4892015,4.629202,2.1192017,4.1992016,4.7792015,4.5392017,4.5192018,2.1792016,1.1592016,0.37920165,-1.5507983,-3.6607983,-2.6707983,0.28920165,-2.0007982,-3.4007983,4.7592015,-0.08079834,-0.13079834,-2.3307984,0.41920167,0.82920164,-7.9833984E-4,-0.51079834,-0.88079834,1.8392017
5.4292016,5.499202,5.3392015,5.649202,6.169202,5.8892016,3.6392016,5.0092015,4.4492016,4.2892017,5.1792016,4.4292016,3.6292017,4.1592016,2.9692016,2.8392017,1.9692017,2.0492017,1.0192016,3.5192018,3.2392015,0.38920167,2.9592016,1.8692017,0.47920167,0.39920166,-0.05079834,-1.0107983,-1.5607983,-2.3407984,-1.9707984,-0.67079836,4.0692015,0.18920165,-0.69079834,-0.20079833,0.17920166,1.3892016,2.4292016,3.2992017,1.0392016,1.7892016,0.02920166
5.4692016,5.5392017,3.3692017,3.8092017,4.8692017,6.4092016,3.4792016,3.5992017,5.0292015,5.3292017,5.9492016,4.1792016,2.2292016,3.6292017,3.0392017,1.5292016,1.3892016,0.55920166,0.40920165,1.8392017,0.89920163,-1.5407983,-3.4207983,0.5892017,-1.6207983,-0.5307983,-0.16079834,0.94920164,0.82920164,0.37920165,0.45920166,1.3692017,-0.5307983,-1.0407983,-0.24079834,0.8492017,0.67920166,2.4392016,2.9992018,2.7592018,3.1092017,3.1092017,3.2492018
2.9692016,3.4492016,4.899202,4.4892015,4.3292017,6.3092017,6.0592017,4.5292015,4.4892015,4.3492017,4.5692015,3.7092016,2.3692017,3.4292016,2.4192016,0.68920165,0.26920167,0.57920164,-0.11079834,0.02920166,-0.27079833,-0.29079834,-2.2107983,-1.5307983,-0.60079837,0.02920166,1.1192017,2.6192017,2.8792017,1.7192017,0.8392017,-1.0007983,-2.3307984,-1.7407984,-1.6707983,2.4792016,0.95920163,3.2092016,2.6592016,0.60920167,0.57920164,1.6692016,2.3992016
0.92920166,2.7192016,2.9492016,4.8892016,6.0392017,6.0492015,5.6792016,3.2392015,4.7992015,4.8292017,3.7092016,1.3692017,2.0192018,3.0692017,2.2992017,2.1292017,0.69920164,0.48920166,-1.2107984,-0.69079834,-1.3707983,-1.5807984,-0.88079834,1.1092017,2.4992018,2.9692016,3.3192017,3.0692017,3.2692018,2.9192016,1.2692016,0.15920167,-1.8607984,0.9692017,2.5992017,1.9592017,3.0892017,2.4092016,1.5292016,3.2792017,1.8392017,2.0992017,2.6792016
