wind_kz.json
{"header": {"discipline":0,"disciplineName":"Meteorological products","gribEdition":2,"gribLength":1025,"center":7,"centerName":"US National Weather Service - NCEP(WMC)","subcenter":0,"refTime":"2023-10-02T12:00:00.000Z","significanceOfRT":1,"significanceOfRTName":"Start of forecast","productStatus":0,"productStatusName":"Operational products","productType":1,"productTypeName":"Forecast products","productDefinitionTemplate":0,"productDefinitionTemplateName":"Analysis/forecast at horizontal level/layer at a point in time","parameterCategory":2,"parameterCategoryName":"UnknownDiscipline_0_Category_2","parameterNumber":2,"parameterNumberName":"UnknownParameter_D0_C2_2","parameterUnit":"Unknown","genProcessType":2,"genProcessTypeName":"Forecast","forecastTime":60,"surface1Type":103,"surface1TypeName":"Specified height level above ground","surface1Value":10.0,"surface2Type":255,"surface2TypeName":"Missing","surface2Value":0.0,"gridDefinitionTemplate":0,"gridDefinitionTemplateName":"Latitude_Longitude","numberPoints":615,"shape":6,"shapeName":"Earth spherical with radius of 6,371,229.0 m","gridUnits":"degrees","resolution":48,"winds":"true","scanMode":64,"nx":41,"ny":15,"basicAngle":0,"lo1":47.0,"la1":41.0,"lo2":87.0,"la2":55.0,"dx":1.0,"dy":1.0}, "data":
[rows 0 to 14 of 15, columns 0 to 40 of 41]
0.0879956,-0.3720044,2.0579956,10.567996,7.2779956,4.8479958,1.4179956,0.017995605,-0.1320044,-1.8020043,-4.2220044,-3.1520045,-4.192004,-8.942004,-4.1220045,-4.2020044,-2.7820044,-2.5320044,-3.3220043,-2.5820043,-2.0420043,-0.0020043945,-0.41200438,-1.8020043,1.0079956,-2.0820043,-2.8920045,-0.4520044,1.1679956,0.4879956,-0.8420044,1.7479956,0.9679956,1.5879956,0.117995605,1.5179956,1.0879956,0.7779956,2.1779957,-1.0220044,-3.7820044
0.2679956,2.5379956,3.5879955,5.537996,-1.2220044,-4.0120044,-3.0020044,-4.5320044,-4.5120044,-2.5620043,-3.4620044,-4.8420043,-3.0120044,-3.3120043,-3.3220043,-3.7320044,-1.5820044,-3.1820045,-2.4120045,-1.1620044,0.5279956,-1.2020044,-0.9320044,-2.7820044,-0.5520044,0.7679956,-0.5620044,0.9279956,-0.8220044,-0.9820044,0.3179956,0.047995605,-0.2420044,-2.8120043,-0.102004394,-0.9920044,-0.7220044,0.4879956,-1.9820044,1.2079957,-3.0920043
1.4879956,4.7779956,2.8479955,1.5579956,-0.7520044,-5.0020046,-6.7020044,-4.7620044,-4.9920044,0.10799561,-3.9420044,-5.6820045,-4.1620045,-4.442004,-4.0220046,-3.7120044,-3.9720044,-2.5620043,-1.0320044,1.0279956,2.2579956,-0.2120044,-3.3520043,-1.0820044,1.3279957,0.7379956,-0.6520044,-1.3820044,-1.9620044,-0.7020044,-0.5720044,1.7679956,-0.3520044,-0.9920044,0.3279956,-0.1920044,0.017995605,0.3479956,0.66799563,2.2279956,1.7879956
1.3879956,0.9979956,-4.5120044,0.7879956,-2.3020043,-2.2620044,-1.7620044,-3.1120043,-3.2320044,-3.1920044,-4.8020043,-4.8520045,-5.0320044,-5.2720046,-3.7820044,-3.5820043,-2.9020045,-2.3620043,-1.5220044,-1.0820044,-1.5220044,-2.3720045,-0.38200438,-3.0620043,-3.4520044,-3.0720043,-3.1520045,-4.3320045,-2.2220044,-0.7020044,-0.9720044,-3.1020043,-2.6520045,-3.0620043,-2.7820044,-2.3320043,-1.8520044,2.6679957,1.0379956,-1.0020044,-1.5520043
0.5179956,-1.1320044,-3.4020045,0.117995605,-1.7520044,-2.5120044,-2.7620044,-1.7020044,-2.7720044,-3.4920044,-3.8720045,-4.5020046,-5.2820044,-4.3220043,-3.6420045,-3.3220043,-2.6920044,-2.0320044,-1.8820044,-1.9220043,-2.8620043,-3.2820044,-4.3820043,-3.7320044,-4.0920043,-4.1020045,-5.9320045,-3.5820043,-3.8520043,-3.3720045,-2.8120043,-2.2120044,-1.9520044,1.6679956,1.4679956,-0.1220044,-1.8420044,-3.6620045,-1.7920043,-2.3720045,-3.2420044
1.1879956,-0.6020044,-0.9020044,1.0079956,-1.3920044,-1.4520044,-1.3920044,-2.1520045,-2.2520044,-3.3220043,-3.1420045,-3.8520043,-3.7520044,-4.7720046,-3.9920044,-3.0020044,-2.9120045,-2.6220045,-1.6520044,-1.8420044,-3.1020043,-2.9320045,-4.0020046,-4.2820044,-4.5520043,-4.8620043,-3.3720045,-4.3320045,-3.5420043,-3.4820044,-3.4320045,-2.8120043,-2.9720044,-2.5120044,-0.6920044,-2.0520043,0.047995605,-1.9620044,0.30799562,-3.8220043,-4.0620046
1.4179956,1.3079956,0.3779956,-0.8520044,-2.3520043,-2.1620045,-2.0820043,-3.0620043,-3.0920043,-1.1420044,-1.3320044,-2.7920043,-2.9520044,-2.8520043,-2.5120044,-2.7620044,-2.6820045,-2.2120044,-2.6920044,-3.5920043,-2.9220045,-3.1220045,-3.3520043,-3.1120043,-3.6420045,-2.9920044,-2.2820044,-2.7320044,-2.1120043,-2.0220044,-3.5120044,-2.4920044,-1.0220044,-2.7120044,-2.3520043,-2.2920043,-1.2320044,2.1379957,-1.9520044,1.7779956,0.9679956
2.3079956,0.9279956,1.4579957,0.9279956,-1.2320044,-2.3920045,-2.3520043,-3.0720043,-2.9720044,-3.3420043,-1.4420044,-2.2220044,-2.0720043,-1.8020043,-1.9820044,-2.3620043,-2.4620044,-2.3720045,-2.2320044,-3.3320043,-2.6320045,-2.8620043,-2.1720045,-2.3320043,-1.0420043,-0.5620044,-0.4320044,-1.0720044,-0.9920044,-1.5620044,-1.8620044,-1.5320044,-1.7820044,-0.5620044,-2.2220044,-1.2820044,0.9579956,-3.1020043,-2.7320044,-1.8620044,-1.3120044
0.6979956,0.4879956,0.91799563,1.4679956,1.2379956,0.9379956,-0.4820044,-1.7120044,-1.9120044,-2.7420044,-2.3720045,-2.1620045,-0.1220044,-0.2820044,-0.3320044,-0.4320044,-1.6020044,-2.3120043,-2.3720045,-2.5120044,-2.6420045,-1.9520044,-2.0820043,-1.5920044,-1.6920044,-0.2820044,-0.102004394,-0.052004393,0.8479956,0.3279956,0.8979956,0.9279956,0.10799561,-0.7820044,-1.2720044,-0.3920044,-0.3020044,-2.1420045,-1.2320044,0.6179956,-2.0020044
1.4079956,0.18799561,0.7079956,0.8779956,1.3679956,1.5379956,1.4279956,0.5379956,-0.47200438,-0.2720044,0.15799561,1.1879956,1.9679956,2.2679956,2.4279957,2.3179955,2.0179956,1.3979956,-0.47200438,-1.6020044,-1.6620044,-1.1420044,-0.8520044,-0.6720044,-0.52200437,-0.4620044,-0.2420044,-0.23200439,0.4379956,1.7179956,1.2379956,0.6579956,0.5579956,-0.1420044,-0.41200438,-1.0520043,-1.8120044,-0.4320044,-1.0820044,-0.11200439,-1.4520044
1.8479956,2.4279957,2.0879955,1.0479956,1.4379956,1.0679955,1.8479956,2.1679957,1.0779957,0.9379956,1.8479956,1.8079956,2.1179955,2.3679955,2.8079956,2.4979956,2.5379956,3.3279955,1.8379956,2.5679955,2.2379956,1.7379956,1.3479956,0.6579956,0.3979956,-0.1920044,0.8179956,0.3579956,1.2579956,1.7879956,0.2879956,-0.9420044,0.047995605,0.4479956,0.1779956,-0.3520044,-1.1020044,0.5279956,-0.9320044,0.6579956,-1.1720043
1.1379956,2.1479957,2.1379957,2.0479956,1.8279957,1.6979957,0.5079956,0.8679956,2.1079955,1.3479956,0.117995605,3.1679957,1.6979957,2.5879955,3.3679955,3.2879956,3.4079957,3.9179957,1.6179956,2.9779956,2.7379956,3.2379956,2.5479956,2.4379957,2.4579957,2.7079957,2.4679956,2.8379955,2.8479955,2.4679956,1.4479957,1.2779956,1.0479956,0.7779956,1.1679956,1.3579956,0.9079956,0.1779956,0.1379956,-0.3620044,-0.52200437
2.7279956,2.4879956,1.8179955,2.1679957,1.9579957,1.2779956,1.1879956,1.0179956,2.2979956,0.5679956,0.3479956,2.1379957,1.9779956,3.1479957,3.4479957,3.2279956,3.1579957,3.1879957,2.2279956,3.5979955,1.5479956,1.7279956,2.4179957,1.3479956,3.9379957,3.2979956,3.5079956,3.2779956,3.0379956,2.2879956,2.1679957,2.2679956,2.0679955,1.0879956,1.1679956,1.3179955,1.1179956,-0.20200439,-0.1420044,-0.4820044,-0.77200437
4.0279956,3.0279956,3.0679955,3.1779957,1.2679956,2.2479956,1.6579956,2.2979956,1.4979956,0.9679956,0.2679956,1.0079956,2.1079955,3.0279956,3.5379956,3.4979956,3.4579957,2.7179956,2.3079956,3.0179956,2.8679955,2.7379956,3.1079955,2.7079957,3.2879956,1.9479957,1.5479956,2.6679957,2.6079955,2.6879957,2.3979957,2.2779956,2.0279956,1.7579956,1.8179955,1.4579957,0.8579956,0.18799561,-0.8120044,0.4079956,-0.2720044
3.3179955,4.4679956,4.5679955,3.2979956,2.9979956,3.8479955,4.4579954,2.6979957,2.1579957,1.1679956,0.5079956,1.2079957,2.8779955,1.4979956,3.0179956,3.0679955,3.4879956,3.1379957,2.5179956,3.1579957,3.0179956,2.8679955,2.0579956,2.8379955,2.6379957,2.6079955,2.3279955,2.2779956,2.0079956,2.1779957,3.1179955,3.0379956,2.1779957,2.0079956,1.9779956,2.1179955,0.6479956,1.3879956,1.2879956,0.4779956,-1.0820044
