wind_kz.json
{"header": {"discipline":0,"disciplineName":"Meteorological products","gribEdition":2,"gribLength":871,"center":7,"centerName":"US National Weather Service - NCEP(WMC)","subcenter":0,"refTime":"2023-09-20T12:00:00.000Z","significanceOfRT":1,"significanceOfRTName":"Start of forecast","productStatus":0,"productStatusName":"Operational products","productType":1,"productTypeName":"Forecast products","productDefinitionTemplate":0,"productDefinitionTemplateName":"Analysis/forecast at horizontal level/layer at a point in time","parameterCategory":0,"parameterCategoryName":"UnknownDiscipline_0_Category_0","parameterNumber":0,"parameterNumberName":"UnknownParameter_D0_C0_0","parameterUnit":"Unknown","genProcessType":2,"genProcessTypeName":"Forecast","forecastTime":0,"surface1Type":1,"surface1TypeName":"Ground or water surface","surface1Value":0.0,"surface2Type":255,"surface2TypeName":"Missing","surface2Value":0.0,"gridDefinitionTemplate":0,"gridDefinitionTemplateName":"Latitude_Longitude","numberPoints":615,"shape":6,"shapeName":"Earth spherical with radius of 6,371,229.0 m","gridUnits":"degrees","resolution":48,"winds":"true","scanMode":64,"nx":41,"ny":15,"basicAngle":0,"lo1":47.0,"la1":41.0,"lo2":87.0,"la2":55.0,"dx":1.0,"dy":1.0}, "data":
[rows 0 to 14 of 15, columns 0 to 40 of 41]
301.4785,286.7785,297.4785,294.9785,295.1785,295.37848,305.4785,309.5785,306.6785,306.0785,304.2785,304.37848,303.4785,303.5785,303.7785,302.87848,302.7785,302.1785,302.9785,302.37848,303.7785,301.1785,300.37848,294.7785,295.1785,294.2785,287.37848,275.2785,278.87848,279.1785,278.37848,278.1785,292.1785,298.2785,299.0785,299.0785,299.4785,298.6785,298.2785,298.0785,296.5785
284.5785,297.87848,294.7785,294.7785,294.6785,293.7785,310.1785,306.2785,304.4785,303.87848,304.87848,303.0785,303.2785,299.7785,299.1785,302.37848,303.2785,303.6785,301.5785,301.87848,301.7785,301.2785,298.9785,288.37848,272.0785,273.5785,283.9785,279.87848,281.1785,275.87848,281.5785,273.5785,280.1785,264.4785,275.2785,293.87848,292.7785,295.7785,298.9785,290.87848,284.9785
299.37848,293.7785,294.9785,294.5785,292.6785,305.0785,305.6785,304.37848,303.7785,302.7785,302.37848,303.1785,301.1785,300.2785,301.4785,301.4785,301.5785,297.0785,301.5785,302.1785,301.4785,300.2785,298.1785,292.5785,297.2785,293.0785,293.9785,291.4785,286.5785,279.9785,271.7785,273.37848,278.7785,278.1785,281.7785,282.1785,275.2785,279.6785,282.37848,278.7785,278.37848
299.9785,293.87848,295.1785,293.9785,295.7785,305.2785,304.87848,304.87848,304.2785,303.6785,302.7785,301.6785,292.87848,292.1785,299.6785,301.0785,301.2785,301.1785,297.0785,299.9785,299.0785,293.0785,297.87848,295.0785,296.5785,297.4785,298.2785,295.7785,291.9785,290.9785,291.5785,287.4785,291.2785,288.7785,287.87848,283.37848,277.6785,273.7785,281.1785,290.37848,295.2785
301.0785,293.37848,294.2785,294.37848,298.6785,304.9785,306.0785,303.0785,300.4785,300.0785,300.37848,300.7785,292.2785,290.9785,289.4785,297.9785,302.2785,299.7785,299.4785,299.5785,300.37848,297.87848,297.4785,295.1785,298.0785,297.5785,295.5785,295.0785,297.2785,295.5785,293.6785,290.4785,278.87848,272.9785,282.7785,288.7785,291.2785,296.5785,298.37848,298.7785,298.1785
302.37848,301.0785,292.87848,293.9785,293.87848,292.87848,301.0785,302.37848,298.6785,298.6785,296.9785,296.9785,293.1785,292.1785,295.6785,298.9785,300.5785,297.4785,300.2785,299.9785,296.5785,295.9785,296.4785,295.1785,295.7785,292.37848,292.37848,289.6785,293.2785,294.4785,293.1785,292.6785,291.6785,289.5785,286.9785,289.4785,282.6785,285.0785,292.9785,297.87848,296.2785
306.4785,306.4785,307.1785,307.0785,301.87848,303.5785,303.1785,300.6785,300.9785,300.87848,294.5785,298.0785,296.0785,298.0785,298.5785,298.9785,299.0785,297.37848,296.37848,297.0785,294.5785,294.1785,295.2785,294.1785,289.7785,288.1785,287.37848,288.0785,289.87848,291.37848,290.9785,291.5785,291.37848,290.5785,289.37848,287.4785,284.6785,283.4785,281.87848,281.1785,292.0785
306.2785,306.1785,305.5785,304.0785,304.0785,302.1785,301.87848,301.0785,300.9785,297.6785,298.87848,294.37848,291.87848,291.7785,293.7785,297.7785,296.9785,295.9785,294.4785,292.1785,294.2785,292.4785,291.4785,293.5785,289.37848,285.6785,283.9785,287.2785,286.0785,286.0785,287.37848,288.37848,287.7785,287.2785,286.1785,289.2785,290.0785,288.6785,293.2785,291.4785,286.6785
305.7785,303.4785,302.2785,301.9785,301.2785,299.2785,299.4785,299.1785,298.7785,297.9785,295.7785,293.37848,295.6785,296.1785,292.1785,295.87848,294.1785,295.1785,294.5785,293.5785,291.6785,291.37848,293.2785,292.4785,289.1785,288.0785,284.9785,283.7785,283.5785,283.4785,284.5785,287.4785,289.7785,290.4785,290.1785,288.6785,287.87848,287.5785,278.0785,276.37848,271.9785
302.87848,300.5785,300.5785,300.0785,299.2785,298.6785,298.2785,297.5785,296.5785,296.4785,296.1785,295.0785,291.9785,292.4785,292.2785,292.5785,293.0785,293.4785,291.37848,293.37848,292.6785,292.1785,292.4785,292.9785,291.2785,286.37848,287.5785,286.6785,285.87848,285.9785,289.0785,290.1785,291.4785,291.1785,290.0785,288.37848,285.87848,281.4785,277.6785,276.2785,276.0785
302.37848,300.5785,299.6785,298.87848,297.37848,297.7785,296.9785,296.6785,295.6785,295.9785,292.4785,292.4785,291.1785,290.87848,291.0785,291.5785,291.7785,291.6785,290.6785,288.7785,291.0785,291.2785,291.6785,289.6785,289.4785,287.1785,286.0785,290.4785,290.37848,292.1785,293.0785,292.7785,292.0785,291.5785,290.4785,287.37848,282.4785,280.9785,281.9785,281.2785,278.6785
298.1785,298.9785,298.7785,298.5785,298.0785,296.37848,294.4785,294.2785,293.1785,293.87848,291.2785,290.37848,290.1785,288.4785,288.7785,289.9785,290.37848,289.6785,290.2785,288.9785,287.0785,287.2785,288.9785,289.1785,289.5785,291.2785,290.37848,291.7785,290.9785,293.2785,292.2785,291.0785,289.9785,289.0785,289.37848,288.6785,288.9785,287.87848,285.37848,285.4785,284.9785
294.7785,295.9785,296.4785,295.87848,295.4785,294.7785,294.1785,294.87848,293.4785,290.37848,289.0785,288.4785,288.7785,287.2785,288.0785,288.7785,289.2785,287.0785,289.6785,287.87848,285.37848,285.4785,286.87848,287.9785,290.2785,289.9785,294.1785,293.6785,291.87848,291.1785,290.7785,290.7785,290.0785,289.5785,289.0785,288.2785,287.37848,287.7785,285.87848,285.0785,284.87848
293.0785,296.4785,291.4785,295.0785,294.1785,293.37848,292.4785,290.5785,290.5785,289.87848,287.6785,286.37848,288.1785,287.4785,287.4785,288.0785,288.5785,288.2785,289.0785,288.6785,287.87848,288.0785,290.1785,289.2785,290.87848,291.9785,292.0785,291.9785,292.0785,291.5785,291.0785,289.9785,289.6785,288.1785,289.7785,286.2785,286.2785,285.87848,285.87848,284.0785,284.9785
293.2785,291.4785,288.0785,294.7785,294.0785,292.9785,291.7785,290.87848,291.5785,290.9785,289.1785,288.4785,285.0785,286.37848,286.7785,287.7785,287.6785,288.0785,289.37848,288.2785,289.0785,289.37848,288.6785,288.37848,288.4785,289.37848,291.6785,287.7785,290.5785,290.9785,289.1785,286.6785,289.5785,289.6785,289.5785,288.1785,286.7785,288.5785,288.87848,286.4785,285.6785
