wind_kz.json
{"header": {"discipline":0,"disciplineName":"Meteorological products","gribEdition":2,"gribLength":1025,"center":7,"centerName":"US National Weather Service - NCEP(WMC)","subcenter":0,"refTime":"2023-09-29T00:00:00.000Z","significanceOfRT":1,"significanceOfRTName":"Start of forecast","productStatus":0,"productStatusName":"Operational products","productType":1,"productTypeName":"Forecast products","productDefinitionTemplate":0,"productDefinitionTemplateName":"Analysis/forecast at horizontal level/layer at a point in time","parameterCategory":2,"parameterCategoryName":"UnknownDiscipline_0_Category_2","parameterNumber":3,"parameterNumberName":"UnknownParameter_D0_C2_3","parameterUnit":"Unknown","genProcessType":2,"genProcessTypeName":"Forecast","forecastTime":60,"surface1Type":103,"surface1TypeName":"Specified height level above ground","surface1Value":10.0,"surface2Type":255,"surface2TypeName":"Missing","surface2Value":0.0,"gridDefinitionTemplate":0,"gridDefinitionTemplateName":"Latitude_Longitude","numberPoints":615,"shape":6,"shapeName":"Earth spherical with radius of 6,371,229.0 m","gridUnits":"degrees","resolution":48,"winds":"true","scanMode":64,"nx":41,"ny":15,"basicAngle":0,"lo1":47.0,"la1":41.0,"lo2":87.0,"la2":55.0,"dx":1.0,"dy":1.0}, "data":
[rows 0 to 14 of 15, columns 0 to 40 of 41]
1.8441284,1.0441284,-1.0558716,0.11412842,0.4241284,-0.5258716,-2.3358717,-2.6858716,-1.0358716,-1.8558716,-2.8158715,-2.7958715,-3.1358716,-3.0058715,-3.2858715,-4.5958714,-3.0758715,-2.0958717,-2.4758716,-1.2958716,-3.9158716,-2.4658716,-3.9458716,0.20412841,3.0541284,1.4441284,0.44412842,0.05412842,0.6641284,0.8841284,-0.3858716,2.2941284,0.26412842,0.2741284,0.4641284,1.0441284,0.90412843,1.5041285,0.07412842,1.4441284,0.48412842
-1.8758715,0.4341284,0.6041284,0.77412844,-1.0658716,-4.2758718,-3.1158717,-2.4558716,-1.1358715,-2.2358716,-2.9158716,-1.9958715,-1.7158716,-4.3158717,-4.5758715,-4.4758716,-4.0258718,-1.3758715,-1.5158715,-0.6458716,-2.0558715,-1.4758716,-1.1158715,0.8241284,1.9641284,1.2041284,0.3641284,2.3941283,-0.54587156,1.9741284,0.84412843,0.35412842,2.6141284,-0.6458716,0.38412842,2.1341283,0.024128418,3.2941284,-0.055871584,-1.5158715,0.16412842
0.7941284,2.2141285,1.2641284,-0.3258716,-0.54587156,0.9341284,-0.24587159,-1.0658716,-0.16587158,-1.8758715,-2.1858716,-2.9958715,-2.5458715,-5.3058715,-4.9458714,-3.5158715,-3.1358716,-2.9158716,-2.5658715,-2.3358717,-2.1858716,-1.7758716,-0.7558716,0.6341284,-0.6758716,-2.4758716,-2.2458715,-2.8358717,-3.2358716,-1.7558715,2.2241285,0.10412842,-2.5558715,2.0341284,-0.11587158,-1.3958716,0.28412843,-3.0958717,-0.03587158,1.2141284,1.9041284
0.5341284,0.3641284,0.58412844,-0.90587157,-0.85587156,-2.4958715,-2.4658716,-2.3458717,-1.3558716,-1.2958716,-1.1458716,-0.5658716,-2.6958716,-3.9558716,-5.8758717,-3.3958716,-3.5258715,-4.235872,-3.5858717,-1.8658715,1.2241284,0.9141284,-3.2958715,-0.7658716,-0.4758716,-1.3858715,-1.7658715,-3.4658716,2.5841284,1.2741284,2.9541285,0.6741284,0.24412842,-1.5858716,-1.2958716,0.6141284,1.0641284,2.1841285,-1.0558716,-1.1558716,-1.6258715
1.3041284,0.20412841,-1.0158715,-2.9558716,-6.0758715,-5.6458716,-4.0358715,-3.2858715,-2.5658715,-0.3858716,-0.11587158,1.3741285,-0.5158716,-4.2458715,-6.0958714,-3.2158716,-5.2058716,-4.1058717,-5.3758717,-4.3258715,-1.9158716,0.044128418,0.96412843,0.7241284,-1.2858716,-2.2158716,2.7941284,-3.7258716,-0.3258716,-1.5158715,-2.8858716,-3.6958716,-1.7258716,-0.73587155,0.44412842,2.1041284,0.7541284,0.28412843,0.51412845,0.6741284,-0.42587158
-0.2858716,2.8841283,0.13412842,-0.33587158,-1.9758716,-2.6258717,-4.3158717,-3.5158715,-2.0258715,-0.65587157,1.3141284,1.7441285,1.9341284,-1.3658715,-4.6458716,-4.7958717,-4.5258718,-3.8958716,-4.965872,-7.1558714,-5.9758716,-1.1158715,1.1741284,3.5241284,3.6341283,2.3241284,-1.7558715,-5.8058715,-1.5158715,-1.0658716,-2.0858717,-3.5858717,-3.1258717,-2.3758717,-0.09587158,-2.8558717,-1.2058716,0.48412842,4.034128,-0.12587158,-0.9358716
-1.4458716,-0.4458716,0.044128418,-1.8158716,-2.7758715,-3.7058716,-4.3358717,-3.1458716,-0.5258716,2.7041285,2.5141284,-0.20587158,-1.4458716,-3.4558716,-3.6658716,-5.1358714,-5.4558716,-6.2658715,-3.2758715,-2.6258717,-1.5558716,-6.3258715,-4.8158717,-4.8558717,-6.6358714,-2.6558716,-5.1458716,-2.5658715,-2.4258716,-2.6758716,-0.9458716,1.8741285,-0.9958716,-1.0758716,-0.60587156,-1.6758716,1.3041284,-0.36587158,-0.5858716,1.6741284,1.3741285
-0.18587159,0.124128416,-0.19587158,-1.6258715,-2.7658715,-3.5558715,-3.6158717,-0.8258716,-0.21587159,-0.7158716,1.1741284,2.1641283,-2.2158716,-3.5258715,-3.9358716,-5.1058717,-4.0458717,-4.1758714,-4.2458715,-3.1558716,-3.0558715,-3.3058715,-1.3758715,-1.3458716,-0.5658716,1.8441284,0.6341284,-0.90587157,-2.2658715,-1.9458716,-1.4258716,-1.4058716,-0.23587158,-3.8258715,-2.6158717,-1.2858716,-1.8658715,0.35412842,0.37412843,0.14412841,-0.14587158
0.10412842,-0.23587158,-0.03587158,-0.90587157,-2.1658716,-2.4558716,-1.6358715,0.17412841,-0.6458716,-0.39587158,-1.2258716,-1.6358715,-2.5358715,-2.3158715,-3.5058715,-4.3458714,-4.0258718,-4.5658717,-3.6758716,-0.40587157,-0.85587156,-2.8658717,-1.4658716,2.1641283,2.5541284,1.1841284,0.06412842,-1.2058716,-1.1058716,-1.6158715,-2.7058716,-3.5758715,-2.8358717,-2.9258716,-2.0858717,-2.7158716,-1.3958716,-1.9958715,-0.14587158,-0.025871582,0.3941284
1.0341284,0.15412842,0.05412842,-0.4758716,-0.7458716,-0.90587157,-0.5158716,-0.9958716,-0.5058716,0.8041284,-0.3258716,-0.5258716,-0.7758716,-2.0958717,-2.5258715,-1.7258716,-2.3458717,-3.5758715,-2.3058715,-2.6458716,-0.6158716,1.1041284,-0.8958716,-0.78587157,-0.9358716,-0.10587158,-0.78587157,0.9241284,0.11412842,-1.9258716,-0.26587158,-1.1758716,-2.4658716,-2.4858716,-0.60587156,-1.6658716,-1.3658715,-0.33587158,0.58412844,1.6141285,0.5541284
2.8741283,2.0441284,1.8941284,1.2441285,0.51412845,0.4241284,0.76412845,0.7941284,0.7841284,-0.19587158,-1.0958716,-0.43587157,-0.8158716,-0.53587157,-2.4558716,-2.2358716,-3.6558716,-5.4258714,-2.7758715,-2.2058716,0.76412845,1.2741284,1.0741284,-1.1858716,-3.0458715,-0.21587159,-0.5258716,-0.12587158,-1.1858716,-1.9258716,-1.6458716,-0.3558716,-3.3758717,-2.6958716,-2.0658715,-2.0958717,-1.2358716,0.06412842,-0.43587157,-0.6158716,-1.0258716
3.5941284,3.5541284,3.0641284,2.8141284,2.3141284,2.2841284,2.1841285,2.0841284,1.7341285,1.3741285,1.1041284,-0.21587159,-0.8258716,0.20412841,-0.91587156,-0.5758716,-1.2558715,-0.9658716,-1.0458716,-1.6758716,-0.48587158,0.4241284,-0.5058716,-1.3758715,-1.1158715,-0.43587157,0.19412842,-0.85587156,-2.4358716,-1.9558716,-2.2358716,-2.5658715,-1.7858716,-2.7958715,-1.5058715,-1.6358715,-1.4158716,0.014128418,-0.39587158,-0.19587158,0.51412845
3.5141284,4.6341286,4.2341285,3.9741285,3.5241284,2.7441285,3.2541285,3.0141284,3.7041285,2.1241283,1.2941284,0.96412843,0.8541284,0.8541284,-0.40587157,-0.045871582,-0.21587159,-0.8258716,1.2641284,0.4641284,0.124128416,-0.5258716,-1.5158715,-0.66587156,-1.9558716,-2.6758716,-4.7858715,-0.9558716,-1.6358715,-1.5758716,-1.3658715,-0.98587155,-1.8358716,-1.3058716,-2.0758715,-1.7858716,-0.60587156,-0.9958716,-1.2958716,-0.73587155,-1.0358716
3.6641283,4.4141283,5.9341283,5.4841285,5.264128,4.9441285,4.6241283,4.2141285,3.9341285,4.0241284,1.8541284,1.7741284,2.0341284,2.0141284,0.83412844,1.4741284,1.4641284,0.6241284,1.2941284,2.0041285,-0.37587157,-0.12587158,0.40412843,0.51412845,0.094128415,0.9741284,0.44412842,-0.14587158,-0.8658716,0.29412842,-1.5958716,-2.0858717,-2.0158715,-1.2258716,-2.1758716,-2.1058717,-1.8558716,-1.5758716,-1.6858716,-1.5458716,-1.7658715
2.5841284,3.6241283,6.4541283,6.5841284,6.2041283,5.6641283,5.3541284,5.0241284,4.4841285,4.784128,2.2841284,2.2641284,1.5041285,3.0341284,3.0741284,2.9841285,2.1041284,2.0441284,1.9341284,1.9141284,2.7741284,2.2141285,0.9141284,0.8841284,0.17412841,-1.2058716,-1.1658716,-0.9958716,-0.5858716,0.3641284,1.0641284,-0.49587157,-0.10587158,-0.21587159,0.21412842,-0.7658716,-1.3758715,-0.98587155,-1.1758716,-1.9758716,-1.5158715
