wind_kz.json
{"header": {"discipline":0,"disciplineName":"Meteorological products","gribEdition":2,"gribLength":1025,"center":7,"centerName":"US National Weather Service - NCEP(WMC)","subcenter":0,"refTime":"2023-09-23T18:00:00.000Z","significanceOfRT":1,"significanceOfRTName":"Start of forecast","productStatus":0,"productStatusName":"Operational products","productType":1,"productTypeName":"Forecast products","productDefinitionTemplate":0,"productDefinitionTemplateName":"Analysis/forecast at horizontal level/layer at a point in time","parameterCategory":2,"parameterCategoryName":"UnknownDiscipline_0_Category_2","parameterNumber":2,"parameterNumberName":"UnknownParameter_D0_C2_2","parameterUnit":"Unknown","genProcessType":2,"genProcessTypeName":"Forecast","forecastTime":180,"surface1Type":103,"surface1TypeName":"Specified height level above ground","surface1Value":10.0,"surface2Type":255,"surface2TypeName":"Missing","surface2Value":0.0,"gridDefinitionTemplate":0,"gridDefinitionTemplateName":"Latitude_Longitude","numberPoints":615,"shape":6,"shapeName":"Earth spherical with radius of 6,371,229.0 m","gridUnits":"degrees","resolution":48,"winds":"true","scanMode":64,"nx":41,"ny":15,"basicAngle":0,"lo1":47.0,"la1":41.0,"lo2":87.0,"la2":55.0,"dx":1.0,"dy":1.0}, "data":
[rows 0 to 14 of 15, columns 0 to 40 of 41]
0.87040037,1.2104003,-0.04959961,-4.7595997,-6.6396,-8.239599,-8.909599,-9.1696,-10.3596,-7.0195994,-7.4296,-7.6695995,-8.0196,-7.1995997,-6.8195996,-6.1295996,-6.8696,-6.7095995,-7.1396,-6.5695996,-4.4895997,-2.3995996,0.2004004,0.3504004,-4.4795995,-1.8395996,-0.16959961,3.0004003,1.0904003,2.3404005,2.8404005,1.5204004,0.7704004,-0.2795996,-1.3395996,-1.1295996,-2.9795997,-1.6295996,-0.029599609,-0.1395996,3.7504003
-0.6795996,-1.3595996,-6.1196,-7.9595995,-8.1796,-7.3095994,-7.5695996,-10.1396,-8.569599,-7.5295997,-7.7795997,-8.1496,-7.3696,-7.1295996,-6.5095997,-6.6295996,-6.6396,-6.1895995,-5.6495996,-4.5095997,-3.7495997,-2.9695997,-1.5495996,2.4604003,0.09040039,-0.08959961,0.5204004,1.8204004,3.9904003,3.2704003,2.5604005,4.3704004,1.4604003,1.8804004,0.81040037,2.0204003,0.2704004,0.5204004,4.0039062E-4,-0.44959962,-0.7595996
0.8804004,-7.1995997,-9.2196,-9.1096,-8.9196,-8.579599,-8.239599,-7.2795997,-8.1096,-7.1396,-7.3995996,-6.9096,-6.8195996,-6.5195994,-5.5895996,-6.4695997,-6.2695994,-5.3395996,-5.2395997,-4.6295996,-4.3295994,-4.6796,-4.8595996,-5.7395997,-2.7495997,-3.9395995,-4.0595994,-3.8695996,-2.8795996,0.2004004,2.0704005,-1.6695997,0.9604004,1.8704004,0.8304004,-0.07959961,1.0404004,0.08040039,3.1904004,-1.9795996,0.7004004
-2.5195997,-6.7695994,-8.779599,-8.2095995,-6.6695995,-6.6796,-5.7695994,-6.0895996,-5.7895994,-6.4096,-5.5395994,-5.4395995,-5.7095995,-4.5795994,-5.4495997,-4.9995995,-4.3595996,-4.2295995,-4.1695995,-3.9195995,-2.7595997,-3.5695996,-2.7095995,-3.4695997,-3.5895996,-1.6195996,-2.7095995,-0.7595996,-0.7795996,-0.7895996,1.5304004,2.6604004,8.3304,6.0404005,5.3904004,2.5004003,1.2204003,-1.3995996,0.01040039,1.8804004,4.9304004
-5.7695994,-6.6796,-6.7695994,-5.8995996,-4.8195996,-5.2795997,-4.2895994,-4.6295996,-4.3696,-4.0996,-4.3195996,-4.9195995,-4.1396,-4.2195997,-3.8295996,-3.4295995,-3.1795995,-2.7295997,-2.2595997,-2.6395996,-2.6595995,-2.1795995,-2.7395997,-2.9495995,-2.4895997,-2.3295996,0.06040039,0.4104004,0.42040038,2.1604004,2.0504005,2.3204005,2.2804003,0.8604004,-1.2695996,3.1104004,6.4804006,7.8104005,4.6904006,1.0204004,0.6804004
-4.6596,-4.1396,-5.0495996,-4.6695995,-4.9096,-5.1095996,-4.4895997,-4.2495995,-3.0395997,-3.2295997,-2.8995996,-3.1595995,-2.0595996,-1.9695996,-1.2495996,-1.6995996,-1.6195996,-1.5795996,-1.1395996,-1.0895996,-0.5095996,1.0004004,0.8504004,2.2604003,1.7004004,1.2204003,-0.1895996,-1.0995996,-0.29959962,1.8804004,2.9804003,5.5904,6.8404,7.1104,4.8604,2.1504004,4.2304006,5.4604006,6.1504,4.7104006,2.3904004
-3.0195997,-2.3595996,-2.3595996,-2.0395997,-2.6395996,-2.2695997,-2.1495996,-2.5695996,-1.4195997,-1.6895996,-1.2895997,-0.4695996,0.6104004,1.1304004,1.7304004,2.0604005,1.8404003,1.6104004,1.0904003,1.0504004,1.3604004,1.6704004,1.3704004,0.8004004,3.7604003,4.3104005,4.8404,3.3804004,4.0204005,2.9404004,3.7804003,3.1104004,3.6804004,5.5004005,4.3104005,3.8004005,4.1704006,0.26040038,3.2104003,0.7204004,5.9804006
-2.2795997,-1.5595996,-0.8995996,-0.6695996,-0.23959962,-0.3195996,-0.6595996,-0.029599609,1.0404004,1.0704004,1.5704004,2.9004004,2.8204005,3.5104003,3.6604004,4.3804,4.3904004,4.8004003,4.0304003,4.4404006,4.6504,3.9004004,3.2104003,3.1404004,3.1104004,2.5404005,5.9804006,5.5304003,6.2304006,5.4704003,4.8404,3.6904004,1.3904004,0.62040037,4.6704006,6.4004,0.19040039,3.5304003,6.6204004,8.2304,5.4604006
0.10040039,-0.07959961,-0.3495996,-0.2795996,-0.1895996,0.1704004,1.0504004,1.5304004,2.3504004,3.2704003,3.5604005,3.9704003,5.5104003,4.4104004,5.1604004,4.7904005,5.2104006,5.0204005,5.3904004,6.0304003,7.3704004,7.7104006,7.0104003,6.3804,5.0304003,4.8204,5.8904004,6.0404005,5.4504004,7.5404005,6.6904006,5.3304005,3.8304005,1.4304004,2.8904004,2.1904004,3.6504004,3.6204004,1.2604004,0.6504004,1.0504004
2.3004005,2.0904005,1.6204004,1.6504004,2.2704003,2.5504005,2.6304004,2.8904004,3.3004005,3.7804003,4.7004004,5.2704005,5.3804,5.9204006,5.7804003,5.9404006,5.9904003,6.0104003,6.1404004,6.3004003,7.3804,8.4904,8.4404,7.4504004,7.3504004,6.9204006,5.1504,5.8104005,7.4204006,6.1404004,5.9404006,6.5404005,4.4804006,4.6104,2.7404003,2.4404004,1.6604004,1.2004004,2.3504004,1.6104004,0.23040038
3.1704004,3.4304004,3.5204003,3.2104003,3.5804005,3.7004004,4.0304003,4.1004004,4.2004004,4.4804006,4.7104006,5.6504,5.7204003,6.1304,7.0404005,6.9704003,7.0404005,7.5404005,6.0904,6.8104005,8.0204,7.7504005,7.6604004,7.1304,6.6504,5.3104005,7.5704,7.4704003,8.1604,6.9004,5.9204006,6.7304006,5.7504005,4.0804005,3.5404005,3.3304005,0.56040037,0.5404004,1.6004004,0.9704004,0.94040036
3.4304004,4.4404006,4.8804,4.5104003,4.7604003,4.1304,4.1404004,4.5004005,4.6604004,4.5604005,4.2704005,6.1404004,6.7704005,6.9204006,7.5504003,7.5104003,7.9504004,7.7504005,5.8404,6.7404003,6.6304,6.7304006,6.1804004,5.8804,6.7604003,5.9404006,5.3904004,8.9004,6.8204,6.0804005,3.5004003,6.0304003,4.9304004,3.9004004,2.2204003,5.2304006,5.1504,4.8904004,1.1904004,4.1904006,2.1704004
3.8604004,4.6004004,4.4304004,4.9904003,5.2404003,4.6104,5.7804003,5.6204004,6.7304006,4.4704003,2.7504003,5.6604004,6.5504003,7.5604005,7.6204004,7.5104003,7.1304,6.8104005,5.9604006,6.3304005,5.8204,5.9704003,6.0204005,6.1004004,6.6404004,4.4904003,5.8104005,5.4304004,5.4304004,5.5704,2.9504004,4.0804005,5.5204005,5.4004,5.0004005,4.9404006,5.2604003,4.3104005,5.7504005,5.9204006,3.9504004
2.2104003,3.9404004,1.9804004,4.4604006,4.9304004,4.8104005,5.1204004,5.4004,5.7104006,5.4704003,3.0304003,4.5904,6.2804003,6.9104004,7.3804,7.3004003,7.0704,6.3804,5.8104005,6.3704004,6.5204005,6.4804006,6.8504004,6.0904,3.7504003,4.1904006,4.4204006,4.1904006,3.5304003,3.9604003,3.0204003,4.2604003,3.3104005,5.1904006,4.6104,5.1804004,4.3804,4.5804005,4.2804003,4.0804005,6.3004003
2.9804003,5.5504003,3.7304003,2.8704004,3.1804004,3.1304004,4.9004,5.0104003,6.1304,5.4604006,3.0104003,5.4404006,4.8704004,4.8604,6.6004004,7.1304,6.9204006,6.6804004,6.2704005,6.6804004,6.9404006,6.6204004,3.8604004,3.2504003,4.3904004,4.4604006,4.4704003,4.8004003,3.2404003,3.7704003,2.5204003,3.0104003,2.8404005,4.4804006,5.0304003,3.7504003,3.5404005,6.5004005,5.4404006,7.0004005,3.8604004
