wind_kz.json
{"header": {"discipline":0,"disciplineName":"Meteorological products","gribEdition":2,"gribLength":948,"center":7,"centerName":"US National Weather Service - NCEP(WMC)","subcenter":0,"refTime":"2023-08-22T12:00:00.000Z","significanceOfRT":1,"significanceOfRTName":"Start of forecast","productStatus":0,"productStatusName":"Operational products","productType":1,"productTypeName":"Forecast products","productDefinitionTemplate":0,"productDefinitionTemplateName":"Analysis/forecast at horizontal level/layer at a point in time","parameterCategory":0,"parameterCategoryName":"UnknownDiscipline_0_Category_0","parameterNumber":0,"parameterNumberName":"UnknownParameter_D0_C0_0","parameterUnit":"Unknown","genProcessType":2,"genProcessTypeName":"Forecast","forecastTime":240,"surface1Type":1,"surface1TypeName":"Ground or water surface","surface1Value":0.0,"surface2Type":255,"surface2TypeName":"Missing","surface2Value":0.0,"gridDefinitionTemplate":0,"gridDefinitionTemplateName":"Latitude_Longitude","numberPoints":615,"shape":6,"shapeName":"Earth spherical with radius of 6,371,229.0 m","gridUnits":"degrees","resolution":48,"winds":"true","scanMode":64,"nx":41,"ny":15,"basicAngle":0,"lo1":47.0,"la1":41.0,"lo2":87.0,"la2":55.0,"dx":1.0,"dy":1.0}, "data":
[rows 0 to 14 of 15, columns 0 to 40 of 41]
303.26755,289.66754,291.46756,298.86755,298.26755,297.56757,309.66754,317.56757,314.46756,314.76755,313.46756,316.86755,317.76755,317.16754,316.16754,316.56757,315.96756,313.86755,315.26755,314.26755,315.76755,310.86755,311.06757,308.06757,310.16754,312.76755,308.56757,295.26755,287.66754,289.86755,289.66754,291.06757,301.66754,310.06757,311.66754,310.86755,310.76755,310.76755,309.66754,309.66754,308.26755
283.26755,290.56757,298.66754,299.06757,298.56757,297.16754,314.86755,309.46756,308.16754,311.46756,309.66754,312.66754,311.06757,304.46756,304.56757,314.26755,314.46756,315.36755,314.36755,313.76755,312.46756,310.26755,308.46756,300.16754,289.86755,291.86755,301.66754,293.86755,298.56757,288.06757,292.16754,280.46756,289.96756,265.76755,290.16754,306.86755,305.86755,308.26755,311.66754,302.46756,287.06757
295.66754,298.46756,299.06757,299.26755,298.66754,311.56757,310.06757,309.86755,309.16754,307.56757,304.46756,308.36755,308.56757,306.86755,309.56757,310.46756,312.26755,313.86755,313.16754,312.36755,311.06757,309.96756,310.86755,305.06757,307.26755,307.26755,307.66754,307.66754,305.46756,294.86755,286.86755,288.26755,293.66754,287.16754,300.86755,293.96756,287.76755,289.46756,287.46756,282.86755,285.56757
306.76755,299.66754,300.06757,297.86755,299.46756,309.16754,311.26755,310.06757,310.76755,309.26755,308.56757,305.96756,295.16754,294.36755,299.36755,301.26755,302.36755,309.36755,310.96756,310.06757,307.46756,303.66754,308.96756,309.56757,309.66754,309.46756,310.26755,308.36755,307.36755,307.86755,307.76755,304.36755,307.26755,309.66754,309.26755,304.16754,290.16754,289.46756,292.56757,303.36755,307.56757
310.66754,298.86755,298.76755,298.26755,302.86755,306.36755,300.86755,304.36755,309.26755,307.86755,308.36755,306.66754,295.36755,294.36755,292.06757,304.96756,304.96756,303.66754,305.46756,304.96756,307.96756,308.96756,308.36755,307.56757,308.06757,308.56757,308.76755,302.46756,309.76755,307.46756,309.06757,306.46756,294.06757,287.16754,295.96756,305.86755,301.56757,311.66754,311.56757,311.46756,310.76755
308.66754,305.96756,296.96756,297.56757,297.86755,297.26755,307.86755,307.16754,306.26755,305.46756,305.46756,305.96756,296.16754,294.26755,298.86755,303.46756,306.76755,306.16754,305.06757,304.56757,303.96756,301.76755,303.76755,305.56757,305.26755,305.16754,306.76755,293.36755,305.26755,307.66754,306.76755,307.56757,305.46756,305.56757,302.16754,296.86755,292.86755,298.36755,306.96756,310.16754,309.96756
305.36755,305.86755,306.66754,306.86755,303.76755,305.16754,306.26755,304.26755,304.86755,304.26755,303.26755,301.46756,300.16754,301.66754,303.36755,302.36755,302.66754,305.06757,304.56757,301.86755,299.06757,300.16754,300.36755,302.36755,302.36755,302.86755,303.46756,304.76755,304.26755,305.56757,304.46756,305.96756,307.66754,307.46756,306.46756,304.26755,299.26755,296.16754,294.76755,292.66754,303.56757
305.76755,305.66754,304.96756,304.66754,306.06757,306.76755,305.96756,304.76755,302.46756,302.06757,299.36755,296.36755,292.56757,298.56757,297.56757,301.26755,297.16754,300.36755,302.16754,299.36755,300.06757,298.86755,297.86755,299.46756,300.26755,298.46756,298.46756,299.56757,298.96756,301.96756,302.16754,302.76755,302.66754,301.26755,302.36755,303.86755,304.26755,290.06757,303.96756,304.36755,302.76755
304.36755,300.46756,301.66754,300.76755,299.46756,299.76755,299.46756,299.36755,296.76755,297.76755,291.26755,290.46756,288.46756,288.06757,293.16754,295.66754,294.96756,296.96756,297.86755,295.26755,295.86755,297.86755,297.96756,297.56757,295.26755,297.96756,297.16754,296.06757,295.66754,295.66754,298.26755,299.36755,299.26755,300.56757,299.96756,297.16754,300.96756,300.56757,288.96756,287.86755,287.96756
292.96756,291.66754,297.16754,292.56757,293.66754,293.26755,291.36755,290.86755,291.26755,290.86755,288.56757,288.76755,289.96756,288.06757,289.66754,292.96756,295.36755,293.96756,293.86755,294.56757,294.66754,297.76755,298.26755,298.86755,295.76755,295.26755,295.16754,296.66754,295.46756,296.06757,297.16754,298.26755,299.06757,299.66754,300.56757,298.96756,294.86755,293.86755,290.06757,288.66754,287.16754
290.46756,294.26755,290.16754,291.56757,290.16754,290.66754,293.36755,291.46756,291.16754,290.56757,287.86755,288.06757,289.36755,288.06757,289.86755,286.66754,286.96756,293.56757,291.26755,292.26755,288.86755,294.66754,295.86755,297.36755,296.76755,296.26755,293.56757,295.86755,297.16754,299.16754,298.76755,299.76755,297.96756,297.96756,297.76755,296.26755,291.46756,289.26755,289.06757,290.96756,288.56757
288.76755,290.86755,291.76755,291.26755,284.06757,289.36755,283.66754,285.76755,283.96756,284.66754,286.16754,286.66754,288.66754,287.76755,285.76755,283.76755,285.26755,287.76755,291.46756,289.96756,286.16754,290.56757,291.66754,293.86755,292.96756,296.86755,297.36755,298.76755,298.46756,297.76755,296.06757,298.26755,296.56757,295.36755,295.56757,296.06757,296.26755,295.46756,291.96756,292.26755,292.16754
285.96756,287.66754,285.96756,287.76755,288.86755,284.86755,285.06757,284.86755,282.36755,282.76755,280.26755,279.36755,284.36755,285.36755,284.96756,283.76755,283.36755,285.36755,290.76755,287.66754,284.46756,288.86755,288.36755,290.86755,293.96756,293.36755,297.36755,293.96756,297.46756,297.76755,298.06757,296.86755,296.06757,294.66754,295.16754,294.16754,294.36755,295.16754,294.36755,294.16754,292.96756
288.76755,286.56757,289.26755,288.76755,288.66754,285.96756,285.46756,285.16754,284.56757,282.66754,279.86755,278.26755,281.96756,285.36755,287.06757,286.96756,288.06757,283.86755,288.86755,289.56757,290.06757,291.46756,288.96756,292.36755,293.26755,293.16754,293.16754,295.36755,295.36755,295.56757,296.26755,296.46756,294.96756,293.96756,292.56757,292.66754,293.06757,292.46756,292.86755,292.36755,292.86755
286.46756,285.86755,290.26755,287.76755,284.96756,286.36755,285.66754,285.76755,282.36755,281.76755,280.76755,280.66754,282.16754,285.36755,286.26755,287.16754,287.66754,287.56757,289.66754,288.56757,289.76755,288.46756,289.46756,289.46756,292.46756,289.26755,291.96756,290.06757,294.06757,293.96756,293.16754,289.46756,292.76755,292.36755,292.56757,292.26755,292.56757,292.06757,292.26755,291.86755,292.46756
