wind_kz.json
{"header": {"discipline":0,"disciplineName":"Meteorological products","gribEdition":2,"gribLength":1025,"center":7,"centerName":"US National Weather Service - NCEP(WMC)","subcenter":0,"refTime":"2023-10-05T06:00:00.000Z","significanceOfRT":1,"significanceOfRTName":"Start of forecast","productStatus":0,"productStatusName":"Operational products","productType":1,"productTypeName":"Forecast products","productDefinitionTemplate":0,"productDefinitionTemplateName":"Analysis/forecast at horizontal level/layer at a point in time","parameterCategory":2,"parameterCategoryName":"UnknownDiscipline_0_Category_2","parameterNumber":3,"parameterNumberName":"UnknownParameter_D0_C2_3","parameterUnit":"Unknown","genProcessType":2,"genProcessTypeName":"Forecast","forecastTime":180,"surface1Type":103,"surface1TypeName":"Specified height level above ground","surface1Value":10.0,"surface2Type":255,"surface2TypeName":"Missing","surface2Value":0.0,"gridDefinitionTemplate":0,"gridDefinitionTemplateName":"Latitude_Longitude","numberPoints":615,"shape":6,"shapeName":"Earth spherical with radius of 6,371,229.0 m","gridUnits":"degrees","resolution":48,"winds":"true","scanMode":64,"nx":41,"ny":15,"basicAngle":0,"lo1":47.0,"la1":41.0,"lo2":87.0,"la2":55.0,"dx":1.0,"dy":1.0}, "data":
[rows 0 to 14 of 15, columns 0 to 40 of 41]
0.6756424,-1.4943576,0.61564237,-3.3943577,-4.1143575,-4.044358,-1.9043576,-2.1343577,-0.8743576,-0.3243576,-0.6143576,-0.5143576,-1.4843576,-1.9143577,-3.1943576,-3.4043577,-3.6643577,-3.8543577,-4.2043576,-2.7143576,-3.2343576,-3.7343576,-0.6543576,0.6656424,-0.49435762,1.6056424,-0.5443576,1.4956424,2.3656423,4.3656425,1.1256424,-1.0243576,0.8556424,-0.6843576,-1.5743576,-1.2543576,-1.5543576,-0.3843576,-0.1443576,-2.0643575,2.3156424
3.6156423,1.4956424,1.8456424,-0.8043576,-3.2043576,-3.8143575,-2.5543575,-1.4043576,-0.7143576,-2.6243577,-2.1343577,-1.5843576,-2.5543575,-1.6443576,-3.1543577,-4.024358,-2.6043577,-2.1943576,-3.2143576,-3.4943576,-3.4343576,-3.2343576,-1.8743576,1.3556424,0.2156424,2.2356424,-1.1843576,2.3656423,0.12564239,2.6856425,3.7256424,5.175642,0.8156424,-0.0943576,-1.8343576,0.1956424,-0.5443576,-1.2543576,-1.1743577,-1.3543576,-0.5943576
1.3356423,4.955642,2.6556425,-0.4243576,-1.1843576,-2.7843575,-2.9443576,0.15564239,0.9556424,-1.0043576,-0.3743576,-0.054357603,-1.3943576,-1.5243576,-1.5243576,-2.5643575,-2.0343575,-2.5543575,-2.8243575,-3.9043577,-3.3243575,-1.5843576,-1.3643576,2.6856425,0.9156424,0.1156424,-2.8243575,1.3056424,0.47564238,1.2856424,4.0656424,1.7656424,1.8056424,-0.7643576,-0.3443576,2.4256425,3.8356423,0.3856424,0.12564239,1.1856424,1.2856424
3.1156423,6.175642,3.5656424,0.6356424,-0.8343576,-0.6243576,-1.6143576,-2.2143576,-0.6743576,0.5356424,2.3056424,2.2456424,2.3556423,0.5456424,-1.5943576,-0.8743576,-0.7343576,-2.1243577,-2.8543577,-3.6643577,-3.8943577,-0.3143576,0.3056424,-0.5943576,-0.3743576,-1.3643576,-3.0343575,-2.1943576,-0.10435761,0.3756424,-3.4843576,-0.5443576,-1.3743576,-0.9643576,-0.054357603,-2.2243576,-0.9143576,2.5056424,2.3156424,-0.4743576,1.3556424
-0.27435762,4.1856422,4.265642,3.0856423,2.8456423,1.2156425,-0.2943576,0.2856424,0.9656424,-0.014357605,1.4556423,3.4856424,5.745642,3.6456423,1.7456424,-0.1843576,0.2656424,-1.4943576,-2.2743576,-2.7843575,-3.1443577,-2.7343576,-3.0943575,-2.0543575,-1.7043576,-1.7843575,1.8956424,-0.17435761,-1.6343576,-3.0343575,-2.9543576,0.5956424,1.3256423,2.8556423,-0.7743576,-0.1843576,0.1156424,-1.3443576,-1.1243576,-1.0843576,-1.9743576
1.6256424,2.1756425,2.8156424,3.3256423,1.9456424,2.7356424,2.2056425,1.3456424,1.6956424,1.6156424,1.7556424,2.9956424,5.695642,5.865642,4.1356425,1.0856423,1.3456424,1.0056424,-1.4343576,-2.5643575,-1.4643576,-1.5243576,-2.0143576,-2.5743575,-1.7843575,-1.8443576,1.5256424,0.07564239,-1.9343576,-2.4943576,-2.9443576,-2.1743577,-2.0143576,-2.4843576,1.0356424,4.3756423,3.6056423,3.7956424,0.9356424,-0.7943576,-0.2943576
2.0556424,1.6956424,1.4256424,0.5456424,0.44564238,-0.6843576,-0.5043576,1.1256424,1.8856424,2.0856423,1.1856424,2.9456425,6.4156423,4.7356424,4.995642,3.5556424,1.7256424,2.1956425,2.3256423,-0.94435763,0.2456424,-0.20435761,-1.2543576,-1.7843575,-1.1743577,-2.2343576,-1.6543576,0.055642396,-3.0543575,-1.9243577,-1.7843575,-2.0743575,-0.2243576,0.3356424,-1.2043576,-1.7543576,-2.6243577,0.5356424,0.2756424,0.5856424,1.8156424
1.7156425,2.1656425,0.2056424,-2.4243577,2.2856424,0.8956424,-0.94435763,-1.7143576,-0.4443576,-0.1443576,-1.1743577,1.5256424,3.4756424,4.9056425,6.455642,6.195642,4.765642,3.6956425,3.2056425,2.3256423,0.6256424,1.9656425,1.1156424,-0.9143576,-0.6743576,0.5656424,0.7856424,-0.6543576,-1.5643576,-1.9343576,-1.8243576,-2.3643577,-2.2243576,-3.7943575,0.2456424,-1.5143576,-1.2243576,2.0856423,-2.3943577,-0.4043576,-1.6843576
3.8456423,3.4956424,1.9856424,1.7956424,2.3156424,1.0656424,0.7356424,-0.4143576,-0.5943576,-0.5443576,-1.1043576,-1.6343576,1.8256423,4.3356423,1.7856424,3.7356424,6.495642,4.1956425,4.9356422,3.6856425,2.4856424,2.1456423,3.1956425,2.3256423,1.2156425,0.7056424,0.7756424,0.5156424,0.5056424,0.5356424,-0.1443576,-0.69435763,-0.7943576,-3.6943576,-2.8643577,-1.3143576,-1.5343575,0.15564239,1.9956424,1.4256424,-0.2943576
3.8256423,3.9356425,3.6656425,3.1956425,1.6056424,1.9556423,2.3656423,0.045642395,-0.3643576,-0.5043576,-0.9643576,-1.3643576,2.2956424,2.7856424,4.5456424,4.1056423,2.8656423,5.465642,7.545642,4.6856422,3.9856424,3.0556424,3.1956425,3.7056425,2.8856423,1.9856424,1.1056424,0.3356424,-0.024357606,0.015642395,1.9156424,0.8256424,0.12564239,-2.0043576,-2.4043577,-1.7643576,-0.2643576,-1.0943576,1.6356424,4.225642,3.4456425
4.6756425,4.3956423,4.2856426,3.0956423,2.5756423,1.5456424,2.7456424,1.7656424,0.5056424,0.4656424,0.3856424,-0.044357605,-1.3543576,3.2956424,4.2156425,6.055642,5.955642,4.9656425,5.4156423,5.865642,5.8756423,4.495642,3.3456423,3.8856423,3.1256423,2.6756425,1.7756424,1.4156424,1.2856424,1.4756424,0.1656424,-1.3743576,-2.2843575,-1.2343576,-0.4143576,-1.0243576,-0.23435761,0.7856424,0.025642395,0.6856424,0.2056424
4.5956426,4.8156424,4.9856424,4.1056423,2.5056424,2.2156425,2.3856423,3.1056423,1.4956424,0.3356424,0.23564239,-0.5243576,-1.5943576,-1.9043576,3.5156424,5.9156423,7.005642,7.245642,7.245642,6.835642,6.865642,5.655642,4.5356426,3.6156423,3.2256424,3.2356424,3.0956423,2.6356423,2.6556425,2.6456423,0.8256424,-0.4843576,-0.6043576,-1.4143577,-1.1343576,0.8256424,1.3556424,-0.07435761,-0.2843576,-0.9343576,-1.4443576
5.9156423,3.8356423,4.8856425,3.9356425,3.1756425,1.3756424,2.5956423,2.8156424,2.1556425,1.3556424,0.9356424,-1.7743576,-2.1743577,-1.7343576,-1.3943576,3.1656425,5.255642,6.425642,6.055642,5.735642,7.195642,6.3756423,5.1256423,4.2156425,3.8656423,3.5256424,3.3256423,3.1956425,3.4956424,2.8456423,1.5656424,1.0956424,0.3956424,-0.7143576,-1.0343575,-0.2843576,0.6456424,-0.20435761,-0.33435762,-0.6243576,0.3456424
6.785642,5.905642,5.705642,3.8556423,2.6656425,2.5056424,0.7556424,2.4256425,2.5056424,2.7156425,2.1356423,0.5256424,0.18564239,0.8356424,-0.1843576,0.8456424,3.8756423,5.245642,6.285642,6.775642,6.365642,6.215642,5.135642,5.015642,3.7356424,3.7756424,3.4756424,3.6856425,3.3556423,2.9256425,2.4956424,2.1156423,2.3656423,0.9356424,-0.2143576,0.4556424,-1.1243576,-1.0943576,-0.63435763,1.2556424,0.6756424
5.215642,5.545642,6.535642,4.245642,3.5756423,3.0756423,2.8856423,2.0856423,0.6456424,0.3256424,1.6156424,3.4456425,2.2356424,1.3156424,1.7156425,0.7056424,2.1156423,1.9156424,4.8356423,7.225642,7.3956423,8.005642,6.6856422,5.8556423,5.595642,5.305642,4.765642,3.8656423,3.3756423,3.0456424,2.6656425,2.2556424,2.5356424,1.5656424,0.1656424,0.6756424,0.07564239,-1.2943577,-1.2243576,-0.07435761,0.6956424
