wind_kz.json
{"header": {"discipline":0,"disciplineName":"Meteorological products","gribEdition":2,"gribLength":1025,"center":7,"centerName":"US National Weather Service - NCEP(WMC)","subcenter":0,"refTime":"2023-08-06T18:00:00.000Z","significanceOfRT":1,"significanceOfRTName":"Start of forecast","productStatus":0,"productStatusName":"Operational products","productType":1,"productTypeName":"Forecast products","productDefinitionTemplate":0,"productDefinitionTemplateName":"Analysis/forecast at horizontal level/layer at a point in time","parameterCategory":2,"parameterCategoryName":"UnknownDiscipline_0_Category_2","parameterNumber":3,"parameterNumberName":"UnknownParameter_D0_C2_3","parameterUnit":"Unknown","genProcessType":2,"genProcessTypeName":"Forecast","forecastTime":0,"surface1Type":103,"surface1TypeName":"Specified height level above ground","surface1Value":10.0,"surface2Type":255,"surface2TypeName":"Missing","surface2Value":0.0,"gridDefinitionTemplate":0,"gridDefinitionTemplateName":"Latitude_Longitude","numberPoints":615,"shape":6,"shapeName":"Earth spherical with radius of 6,371,229.0 m","gridUnits":"degrees","resolution":48,"winds":"true","scanMode":64,"nx":41,"ny":15,"basicAngle":0,"lo1":47.0,"la1":41.0,"lo2":87.0,"la2":55.0,"dx":1.0,"dy":1.0}, "data":
[rows 0 to 14 of 15, columns 0 to 40 of 41]
2.3338916,-3.1761084,2.2538917,1.8738916,0.1738916,-2.3461084,-3.6261084,-0.9361084,-1.2161084,-0.7361084,-3.1761084,-4.3461084,-5.9461083,-7.0961084,-4.9261084,-4.4561086,-5.4661083,-6.2861085,-2.5161085,-1.2661084,-2.1561084,3.5038917,3.7838917,1.7838916,1.5638916,-5.4861083,0.2538916,2.4038916,0.3338916,-0.4661084,0.9738916,1.0238916,0.7538916,-1.3061084,-4.1361084,-1.3561084,-1.0361084,-1.3961084,-2.1261084,-3.3161085,-2.6461084
4.2938914,2.0338917,4.0838914,2.9938917,-3.6261084,-2.7661085,0.0838916,0.58389163,-2.0761085,-2.5661085,-3.0861084,-2.9161084,-4.0461082,-3.8161085,-4.8961086,-5.1961083,-5.0961084,-2.2861085,-2.8261085,-1.2861084,-2.8661084,3.6338916,0.8138916,-0.7461084,-1.0761085,1.0738916,1.0138916,-0.1961084,-1.3561084,1.1038916,0.5038916,-0.1361084,-2.0061083,1.7338916,-0.6761084,-3.1161084,-2.9261084,-2.5661085,-1.1861084,-2.1161084,0.5138916
3.1038916,4.393892,2.0338917,-3.3161085,-5.1961083,-4.2461085,-3.2361083,-1.7961084,-3.0861084,-3.3661084,0.0738916,-1.0561084,-2.3561084,-3.6361084,-4.856108,-5.4561086,-6.3861084,-3.6161084,1.4038916,-0.3461084,-3.0061083,0.023891602,4.3838916,2.3638916,2.9138916,2.5538917,2.9438915,2.2038915,0.1838916,2.6938915,0.7738916,-0.3961084,1.5738916,-1.1861084,-0.8761084,3.2838917,0.7838916,-2.6261084,-0.7561084,-1.6661084,0.7038916
1.3038917,1.4638916,-1.2961084,-3.0261085,-4.7061086,-5.1661086,-5.3861084,-1.9761084,-3.5361085,-3.2561083,0.15389161,1.3538916,-0.6561084,-2.3361084,-3.1561084,-3.7161083,-3.9161084,-5.2761083,-3.5761085,-0.1561084,-0.8461084,-0.5161084,0.15389161,-4.6861086,4.1938915,3.6738915,1.8638916,2.8538916,4.123892,2.3238916,-6.1161084,-3.9961083,-3.5361085,-0.6461084,0.2838916,-0.9761084,0.5638916,1.2738916,0.6138916,2.8638916,2.3438916
0.8138916,0.6338916,-1.7561084,-3.6461084,-3.8261085,-3.4661083,-4.9661083,-0.8661084,-1.5361084,-1.7561084,-3.5261085,3.2638917,2.7438917,-0.0961084,-3.2661085,-3.6161084,-4.876108,-5.0561085,-4.1161084,-4.4661083,0.4238916,-0.6361084,-1.3661084,0.2738916,-0.7761084,-1.9561085,1.2438916,-2.7561083,1.5038916,0.5638916,1.8738916,3.6738915,2.6338916,0.5538916,-1.2061085,-1.3961084,-0.0661084,-0.4961084,-2.2061083,-2.6661084,-3.3861084
2.8938916,1.9638916,1.2338916,-0.1061084,-1.9661084,-3.8461084,-4.6761084,-2.8361084,-3.1161084,-1.8561084,-3.4661083,-4.6461086,0.8538916,1.9638916,-0.0061083985,-1.3061084,-2.6561084,-4.5961084,-2.4561083,-2.7161083,-0.5861084,1.1338916,1.6038916,-0.3061084,-0.4561084,-0.5061084,-0.4461084,-3.1961083,-1.4361084,0.8238916,-3.8961084,-5.9061084,3.7838917,3.8738916,3.9638915,1.8838916,2.3338916,-2.2261083,-0.9261084,-4.3061085,-1.9761084
4.7938914,3.3838916,3.5438917,2.3038917,-0.1961084,-0.6361084,-1.8061084,-2.2761085,-2.6961083,-3.2161083,-3.3661084,-4.5361085,-2.7961085,-2.2761085,-1.6961083,-7.1961083,-2.0561085,-2.5861084,-3.5661085,-3.0861084,-3.2161083,-2.4261084,-4.6361084,0.9238916,-1.6461084,1.6138916,-1.5661083,-1.7561084,2.9338915,1.1438916,-4.0061083,-10.926108,-3.7261083,-1.1361084,3.0738916,0.5338916,-1.7061085,0.4338916,1.1638916,-1.8061084,-2.3261085
-1.8761084,-2.4761083,-1.7161084,-0.8561084,-2.2661085,-3.6761084,-2.8761084,-2.3461084,-3.5661085,-1.1161084,-2.0361085,-3.1261084,-4.626108,-2.4861083,-0.1261084,-2.7961085,-4.376108,-5.0761085,-3.3961084,-1.1761084,-1.9661084,-3.7361083,-5.0061083,-4.8461084,-2.4161084,-0.7861084,2.4938917,-0.3061084,1.2838916,1.9838916,2.6438916,0.5138916,-2.9061084,-0.4561084,0.1738916,1.4238915,0.2438916,-0.6361084,-1.3161083,1.0638916,-1.8161083
-4.1761084,-4.8861084,-6.0061083,-5.876108,-6.9861083,-6.2761083,-7.0761085,-7.3261085,-3.9961083,-3.5461085,-6.3061085,-5.7261086,-5.0561085,-4.7061086,-9.946109,-1.6661084,-1.3461084,-3.0261085,-3.0561085,-2.7961085,-2.1561084,-1.9061084,-3.1861084,-3.2761085,-2.7361083,-2.6361084,-1.3461084,-0.4061084,-0.1661084,0.2438916,0.9338916,1.1838917,-0.6861084,-3.1561084,-1.7961084,-0.4061084,-2.7761085,0.8538916,1.6638916,1.6338916,0.0038916015
-4.4161086,-3.5561085,-4.9161086,-5.2261086,-6.0061083,-6.7661085,-5.7361083,-6.626108,-7.6161084,-4.5361085,-3.6861084,-5.5161085,-2.9061084,-2.1761084,-0.5661084,-7.0261083,-10.956108,-4.8461084,-1.9761084,-2.3061085,-2.7561083,-1.1361084,-1.4861084,-2.0361085,-3.0561085,-1.5661083,-2.1361084,-1.5061084,-1.7261084,1.4338917,1.2438916,0.2538916,-2.0761085,-2.7461083,-1.6461084,-0.4961084,-0.076108396,-3.3461084,0.053891603,4.1038914,3.0438917
-4.2061086,-4.0361085,-3.9261084,-4.2061086,-4.1861086,-4.4861083,-5.1461086,-6.566108,-5.6761084,-6.9061084,-5.4961085,-3.9761083,-3.4261084,-0.1761084,-2.3161085,-2.8661084,-6.8461084,-5.9061084,-1.6761084,-2.4361084,-2.1161084,-1.6461084,-2.9661083,-2.2761085,-2.1261084,-3.0161085,-1.4161084,-3.0061083,-3.9561083,-2.9461083,-0.4161084,-0.6961084,-1.3661084,-2.2561083,-1.8461084,-1.2661084,-0.2461084,1.9438916,0.9938916,1.2438916,0.6238916
-2.5061083,-3.9261084,-3.3861084,-3.1561084,-3.7061083,-3.7761085,-2.9661083,-3.6661084,-4.2161083,-4.4061084,-2.4261084,-4.8861084,-3.7561083,-3.1161084,-3.8261085,-2.4261084,0.3138916,-4.0061083,-2.2361083,-2.6561084,-2.2361083,-2.5161085,-2.6661084,-2.2961085,-1.2861084,-2.7061083,-2.2061083,-3.6461084,-0.3661084,-1.1161084,-2.9261084,-2.7661085,-2.0061083,-1.9261084,-1.2861084,-2.9261084,-1.8461084,0.053891603,1.6738915,1.8938916,0.8938916
-1.4261084,-2.5161085,-3.7361083,-3.5761085,-3.3961084,-2.4861083,-3.1661084,-2.9661083,-4.586108,-2.6961083,-1.9961084,-2.2561083,-5.4361086,-2.8561084,-2.5661085,-1.8061084,-2.0861084,-2.5961084,-3.1361084,-2.4561083,-1.2661084,-0.6161084,-1.3661084,-1.2661084,0.6338916,0.033891603,-1.0961084,-2.7761085,-3.2561083,-2.7861085,-2.9761083,-3.3461084,-2.8361084,-1.5761085,-1.5861084,-2.6361084,-3.3061085,-1.1661084,-0.7761084,-0.9261084,-0.1561084
-2.9861083,-2.3661084,-3.7761085,-3.6361084,-4.086108,-3.3061085,-4.3961086,-3.5761085,-2.3661084,-4.2761083,-2.4561083,-1.5561084,-2.2061083,-4.5061083,-4.2061086,-2.4661083,-3.4561083,-2.8561084,-2.1061084,-1.5361084,-1.5661083,-0.3261084,-0.7561084,-1.1861084,-1.1161084,-1.1861084,-1.5361084,-1.5761085,-2.1561084,-2.7161083,-2.8861084,-3.1361084,-2.4161084,-2.4961083,-2.3261085,-3.0861084,-2.6361084,-1.9261084,-1.2861084,-1.6961083,-0.8161084
-1.8661084,-3.3261085,-3.7761085,-3.2761085,-4.066108,-3.2161083,-3.9661083,-3.0561085,-5.356108,-3.8461084,-1.5461084,-0.9461084,0.1438916,-1.1261084,-4.5261083,-3.9261084,-2.9561083,-2.8261085,-2.8661084,-0.8961084,-1.4961084,-1.9461083,-2.8461084,-2.2061083,-0.3161084,-0.4761084,-0.7561084,-1.7861084,-2.3561084,-2.4161084,-3.1061084,-3.0461085,-2.6961083,-2.3561084,-2.0361085,-2.1961083,-1.3661084,-1.2861084,-1.2661084,-2.9261084,-2.0161085
