wind_kz.json
{"header": {"discipline":0,"disciplineName":"Meteorological products","gribEdition":2,"gribLength":1025,"center":7,"centerName":"US National Weather Service - NCEP(WMC)","subcenter":0,"refTime":"2023-10-03T00:00:00.000Z","significanceOfRT":1,"significanceOfRTName":"Start of forecast","productStatus":0,"productStatusName":"Operational products","productType":1,"productTypeName":"Forecast products","productDefinitionTemplate":0,"productDefinitionTemplateName":"Analysis/forecast at horizontal level/layer at a point in time","parameterCategory":2,"parameterCategoryName":"UnknownDiscipline_0_Category_2","parameterNumber":2,"parameterNumberName":"UnknownParameter_D0_C2_2","parameterUnit":"Unknown","genProcessType":2,"genProcessTypeName":"Forecast","forecastTime":180,"surface1Type":103,"surface1TypeName":"Specified height level above ground","surface1Value":10.0,"surface2Type":255,"surface2TypeName":"Missing","surface2Value":0.0,"gridDefinitionTemplate":0,"gridDefinitionTemplateName":"Latitude_Longitude","numberPoints":615,"shape":6,"shapeName":"Earth spherical with radius of 6,371,229.0 m","gridUnits":"degrees","resolution":48,"winds":"true","scanMode":64,"nx":41,"ny":15,"basicAngle":0,"lo1":47.0,"la1":41.0,"lo2":87.0,"la2":55.0,"dx":1.0,"dy":1.0}, "data":
[rows 0 to 14 of 15, columns 0 to 40 of 41]
-0.12587403,1.204126,1.014126,7.954126,8.854126,5.884126,5.734126,2.454126,-2.095874,-3.595874,-4.025874,-4.195874,-4.055874,-3.485874,-2.815874,-1.925874,-0.765874,-1.535874,-2.865874,-4.085874,-3.765874,-1.255874,0.35412598,-0.23587403,-4.075874,-5.4058743,-2.815874,1.554126,0.99412596,1.504126,-0.025874024,2.054126,-0.785874,-0.22587402,-0.105874024,0.30412596,2.394126,1.194126,0.39412597,-1.445874,-1.785874
3.154126,-0.27587402,5.494126,7.674126,6.264126,4.194126,5.004126,3.294126,-2.595874,-2.725874,-3.585874,-3.065874,-2.015874,-1.235874,-1.925874,-1.035874,-1.7158741,-1.145874,-1.425874,-2.505874,-2.825874,-0.585874,0.80412596,0.514126,1.764126,0.774126,0.17412597,1.724126,3.294126,0.38412598,0.034125976,-0.015874023,1.054126,-1.425874,0.24412598,0.724126,1.724126,1.294126,-0.61587405,-0.795874,-1.255874
-0.55587405,4.484126,2.634126,2.024126,0.35412598,-0.55587405,3.554126,0.68412596,-1.815874,-1.8558741,-1.565874,-1.795874,-1.6058741,-2.065874,-0.61587405,1.6441259,1.324126,-0.99587405,-1.325874,-0.55587405,-2.145874,1.614126,1.694126,3.4741259,-1.785874,-2.225874,-1.915874,2.564126,2.394126,0.074125975,-0.375874,0.724126,1.014126,1.464126,1.424126,-1.115874,0.374126,-0.15587403,3.564126,0.92412597,-1.495874
0.10412598,0.68412596,-0.065874025,-0.925874,-0.035874024,2.374126,0.14412598,0.32412598,-0.86587405,-0.80587405,-1.755874,-1.885874,-6.865874,-2.795874,2.294126,-0.405874,0.434126,1.424126,2.484126,1.734126,2.654126,2.744126,0.10412598,3.014126,-1.675874,-0.045874022,2.024126,1.1641259,0.29412597,2.484126,2.904126,4.304126,4.604126,4.714126,3.9741259,0.42412597,-0.705874,1.614126,-0.665874,-1.7158741,-0.515874
0.764126,0.374126,0.29412597,-0.81587404,-0.915874,2.844126,1.354126,2.434126,0.30412596,-0.39587402,-0.045874022,-2.965874,-2.135874,0.56412596,2.774126,-2.145874,-1.745874,0.434126,0.56412596,-0.845874,2.634126,3.094126,-4.205874,-4.065874,-2.425874,-1.555874,-1.8458741,-0.99587405,0.464126,0.16412598,0.21412598,-0.905874,-1.145874,-0.56587404,-0.26587403,-1.5858741,1.334126,-3.135874,-2.2858741,-1.825874,-0.87587404
1.614126,0.99412596,2.044126,0.69412595,-0.035874024,2.074126,4.264126,2.004126,0.834126,-0.055874024,0.36412597,-0.50587404,-0.21587402,1.1541259,3.834126,-1.765874,-1.445874,-1.955874,-1.3458741,0.49412596,0.35412598,0.594126,-3.765874,-2.425874,-1.795874,-2.755874,-0.86587405,-3.5358741,2.294126,5.694126,1.1441259,0.21412598,1.294126,2.004126,1.5341259,-1.065874,0.26412597,-2.345874,-1.8558741,-0.88587403,-2.225874
2.504126,3.604126,2.264126,2.844126,1.1541259,2.194126,2.874126,2.094126,2.634126,-0.42587402,-0.44587404,-0.27587402,0.27412596,1.0241259,1.964126,1.1541259,-0.655874,-1.375874,-0.965874,-0.56587404,-1.015874,-2.315874,-3.495874,0.844126,1.304126,2.584126,0.594126,2.424126,0.18412597,0.534126,0.74412596,-0.22587402,-0.33587402,-2.125874,-0.655874,-1.525874,-0.36587402,-0.74587405,0.88412595,1.204126,-1.395874
6.084126,4.694126,4.394126,3.584126,3.934126,2.134126,3.7241259,3.454126,4.794126,3.274126,1.574126,1.384126,0.14412598,1.834126,1.814126,1.6641259,0.904126,0.45412597,-0.14587402,-1.135874,-1.075874,-1.135874,-0.75587404,0.544126,-0.375874,-0.025874024,-0.725874,1.584126,-0.535874,-0.99587405,-2.205874,-2.655874,-4.105874,-0.81587404,-3.675874,-3.215874,-0.845874,2.164126,-2.395874,-2.545874,-0.785874
6.014126,5.914126,5.334126,5.804126,4.614126,3.614126,1.974126,3.2241259,3.574126,3.944126,3.114126,1.9041259,1.854126,-0.14587402,2.314126,2.104126,2.344126,2.604126,0.824126,0.28412598,-0.88587403,-0.665874,-0.595874,-0.18587403,0.604126,-0.545874,-0.765874,1.5241259,0.16412598,-0.785874,-3.045874,-2.445874,-2.005874,-0.975874,-0.715874,-0.105874024,-0.14587402,-2.045874,-0.24587402,-0.345874,-0.405874
5.464126,6.8441257,5.944126,5.834126,6.864126,5.914126,3.944126,1.874126,4.024126,2.754126,2.364126,3.374126,1.944126,-0.11587402,-0.015874023,2.624126,3.284126,2.674126,2.424126,1.604126,1.944126,-0.315874,-0.595874,0.524126,1.4141259,0.014125977,-0.21587402,-0.55587405,-0.62587404,-2.805874,-3.115874,-2.205874,-0.845874,-0.25587404,-0.705874,-0.055874024,-0.735874,0.20412597,-0.855874,-0.17587402,-0.15587403
5.064126,5.454126,6.554126,6.554126,5.884126,5.5941257,6.144126,4.904126,1.1641259,3.014126,3.814126,1.724126,2.844126,0.92412597,2.194126,4.0941257,3.674126,3.794126,3.364126,3.094126,2.384126,1.544126,0.21412598,0.23412597,0.014125977,-0.535874,1.1441259,-1.035874,-2.185874,-3.425874,-3.315874,-2.465874,-2.165874,-1.5958741,-1.245874,-0.12587403,-0.845874,0.514126,-0.33587402,0.94412595,-0.715874
4.794126,5.194126,5.714126,6.334126,6.514126,5.624126,5.294126,5.514126,5.0941257,3.674126,1.074126,3.524126,4.604126,3.074126,4.144126,6.054126,6.074126,2.594126,4.454126,3.594126,3.204126,2.664126,1.244126,0.544126,0.88412595,0.434126,0.824126,-0.63587403,-2.855874,-3.005874,-2.585874,-2.795874,-2.015874,-2.415874,-1.795874,-2.295874,-3.075874,-2.425874,-1.775874,-0.93587404,-0.36587402
3.324126,4.554126,3.734126,5.194126,5.114126,3.814126,6.084126,5.544126,7.334126,4.764126,3.7241259,3.9741259,3.574126,4.694126,4.714126,5.654126,5.254126,5.474126,4.714126,6.954126,3.874126,3.484126,1.364126,1.1541259,1.5241259,1.7741259,-0.74587405,-1.655874,-2.565874,-1.9758741,-2.495874,-2.465874,-1.765874,-2.895874,-2.705874,-2.705874,-2.825874,-1.805874,-3.115874,-2.295874,-1.075874
4.724126,4.624126,4.434126,4.384126,4.984126,5.474126,5.394126,5.534126,5.474126,5.204126,3.7141259,4.204126,5.174126,5.014126,5.224126,5.164126,5.654126,4.854126,4.924126,5.394126,5.384126,4.474126,3.334126,1.604126,1.464126,1.324126,0.344126,-0.22587402,-0.915874,-0.795874,-1.415874,-1.3458741,-1.665874,-2.215874,-1.395874,-2.455874,-2.135874,-2.015874,-2.595874,-1.265874,-0.24587402
3.954126,4.824126,5.614126,4.714126,4.974126,5.024126,5.874126,5.874126,6.024126,5.274126,3.924126,5.654126,4.224126,4.204126,3.764126,5.174126,4.3441257,5.454126,4.554126,4.784126,4.244126,3.924126,4.174126,3.624126,1.304126,1.434126,1.064126,0.15412597,0.10412598,-0.535874,-0.45587403,-1.425874,-1.035874,-1.395874,-1.895874,-2.065874,-2.155874,-2.885874,-2.375874,-0.965874,-0.25587404
