wind_kz.json
{"header": {"discipline":0,"disciplineName":"Meteorological products","gribEdition":2,"gribLength":948,"center":7,"centerName":"US National Weather Service - NCEP(WMC)","subcenter":0,"refTime":"2023-08-27T18:00:00.000Z","significanceOfRT":1,"significanceOfRTName":"Start of forecast","productStatus":0,"productStatusName":"Operational products","productType":1,"productTypeName":"Forecast products","productDefinitionTemplate":0,"productDefinitionTemplateName":"Analysis/forecast at horizontal level/layer at a point in time","parameterCategory":0,"parameterCategoryName":"UnknownDiscipline_0_Category_0","parameterNumber":0,"parameterNumberName":"UnknownParameter_D0_C0_0","parameterUnit":"Unknown","genProcessType":2,"genProcessTypeName":"Forecast","forecastTime":60,"surface1Type":1,"surface1TypeName":"Ground or water surface","surface1Value":0.0,"surface2Type":255,"surface2TypeName":"Missing","surface2Value":0.0,"gridDefinitionTemplate":0,"gridDefinitionTemplateName":"Latitude_Longitude","numberPoints":615,"shape":6,"shapeName":"Earth spherical with radius of 6,371,229.0 m","gridUnits":"degrees","resolution":48,"winds":"true","scanMode":64,"nx":41,"ny":15,"basicAngle":0,"lo1":47.0,"la1":41.0,"lo2":87.0,"la2":55.0,"dx":1.0,"dy":1.0}, "data":
[rows 0 to 14 of 15, columns 0 to 40 of 41]
302.7676,292.6676,291.6676,299.0676,298.7676,297.2676,305.9676,312.0676,309.0676,308.0676,307.5676,309.5676,310.2676,310.8676,310.9676,312.5676,313.3676,312.2676,318.4676,316.3676,316.1676,312.3676,306.3676,305.8676,312.9676,315.5676,313.5676,302.3676,301.4676,295.0676,283.2676,285.7676,308.8676,321.1676,329.4676,326.3676,327.9676,326.5676,330.4676,331.1676,328.8676
282.5676,297.8676,299.0676,299.0676,298.9676,297.2676,310.6676,307.4676,306.7676,306.2676,307.0676,307.4676,307.6676,306.8676,310.3676,311.3676,312.0676,317.4676,316.5676,321.9676,318.2676,313.4676,304.4676,296.0676,293.2676,295.7676,305.4676,302.0676,304.5676,293.7676,303.2676,274.6676,300.4676,272.0676,297.1676,315.4676,317.1676,319.2676,323.4676,316.3676,285.5676
304.3676,298.3676,298.9676,299.0676,297.3676,305.8676,304.7676,304.7676,304.0676,303.5676,303.0676,303.3676,302.9676,305.1676,307.5676,310.7676,311.5676,303.9676,314.1676,314.0676,305.3676,314.5676,312.8676,302.7676,310.1676,310.0676,313.5676,313.5676,311.2676,302.7676,288.9676,296.2676,303.9676,304.1676,304.4676,303.9676,303.1676,299.7676,307.0676,299.7676,298.9676
305.6676,298.4676,298.8676,298.3676,298.4676,303.0676,303.0676,303.3676,303.9676,302.4676,301.6676,301.3676,295.0676,294.2676,303.6676,307.0676,307.2676,309.5676,300.6676,312.7676,305.6676,307.9676,310.9676,312.5676,313.5676,314.7676,320.1676,317.2676,317.5676,319.7676,311.8676,312.8676,314.3676,319.0676,317.7676,312.4676,300.0676,297.2676,303.1676,314.4676,318.6676
306.6676,297.6676,298.4676,297.8676,301.1676,302.9676,303.6676,304.8676,302.4676,300.5676,300.6676,299.8676,295.0676,293.6676,291.2676,303.2676,304.3676,303.3676,305.1676,306.8676,298.7676,310.4676,311.1676,308.1676,307.4676,317.7676,315.4676,312.5676,320.9676,319.9676,316.0676,314.7676,302.7676,291.5676,303.4676,314.8676,310.1676,323.3676,324.8676,320.2676,321.3676
307.5676,306.7676,296.2676,296.2676,297.0676,296.5676,303.6676,301.3676,300.3676,298.8676,297.3676,298.2676,294.6676,294.4676,295.5676,296.6676,299.4676,301.4676,303.3676,305.4676,306.3676,301.3676,308.9676,308.0676,308.9676,309.4676,310.9676,293.2676,315.8676,314.2676,318.0676,315.2676,317.4676,316.5676,314.6676,306.5676,308.9676,306.3676,321.0676,323.9676,320.0676
304.8676,305.6676,304.3676,303.7676,301.1676,303.1676,304.8676,302.7676,301.0676,298.3676,299.1676,295.7676,293.2676,292.0676,297.1676,293.7676,298.2676,299.7676,301.5676,301.1676,303.3676,304.8676,289.7676,298.3676,304.5676,306.3676,304.2676,310.1676,311.1676,313.1676,313.7676,316.6676,315.9676,313.3676,314.6676,310.2676,306.5676,304.1676,303.3676,301.4676,313.7676
303.4676,304.3676,303.0676,302.4676,302.0676,301.4676,301.6676,299.7676,298.0676,296.7676,291.8676,294.7676,291.2676,290.8676,290.3676,291.8676,288.3676,295.9676,297.3676,298.7676,298.5676,303.2676,298.2676,299.2676,305.8676,299.6676,300.1676,304.9676,306.0676,310.2676,310.5676,310.7676,310.9676,310.8676,314.0676,310.9676,313.3676,290.5676,315.2676,315.1676,313.6676
301.5676,302.9676,302.4676,302.0676,299.9676,300.9676,300.0676,298.5676,297.6676,293.2676,293.9676,288.8676,287.1676,289.4676,287.6676,289.2676,288.3676,289.0676,295.8676,296.7676,297.1676,298.9676,296.0676,292.2676,303.3676,301.0676,298.4676,302.9676,300.8676,300.8676,304.0676,308.1676,311.4676,311.0676,308.4676,305.2676,306.8676,309.0676,298.3676,296.9676,298.5676
300.6676,299.4676,300.4676,300.3676,299.7676,299.9676,299.1676,296.5676,295.5676,290.6676,284.4676,281.4676,291.6676,291.0676,285.6676,284.9676,285.3676,292.7676,294.2676,298.1676,297.2676,300.0676,301.7676,293.6676,295.7676,303.3676,305.7676,305.8676,301.5676,304.1676,304.8676,308.5676,311.2676,310.7676,310.3676,306.5676,301.4676,298.6676,300.3676,298.7676,297.7676
297.2676,298.0676,298.0676,296.6676,296.6676,296.7676,296.1676,295.7676,292.1676,285.1676,282.5676,280.7676,284.0676,290.5676,285.0676,290.2676,293.0676,292.2676,292.8676,295.3676,297.4676,291.8676,299.5676,293.2676,297.5676,303.6676,303.6676,306.4676,306.8676,309.1676,307.8676,307.8676,308.3676,306.4676,307.3676,304.6676,297.4676,298.0676,300.0676,296.6676,297.2676
295.1676,296.4676,296.5676,295.6676,294.8676,294.3676,292.1676,291.8676,289.2676,284.5676,281.4676,281.5676,280.9676,282.7676,290.5676,290.9676,292.5676,290.4676,293.2676,294.5676,292.7676,292.6676,294.1676,295.5676,291.0676,296.0676,299.5676,305.7676,306.1676,307.8676,307.2676,306.9676,305.2676,304.4676,303.1676,304.9676,303.5676,302.8676,300.9676,299.2676,297.6676
290.9676,294.0676,295.0676,294.8676,293.1676,291.3676,291.5676,289.1676,285.7676,282.9676,280.9676,280.2676,281.8676,278.9676,283.7676,290.1676,292.3676,291.1676,291.2676,290.4676,291.8676,291.7676,292.1676,291.1676,287.6676,292.7676,299.3676,306.0676,302.3676,304.6676,306.6676,305.6676,305.3676,305.6676,305.0676,300.0676,300.5676,300.1676,300.5676,298.2676,297.1676
291.7676,292.8676,292.2676,293.1676,292.0676,288.0676,287.0676,285.2676,287.3676,284.3676,281.1676,280.0676,281.4676,280.5676,282.9676,289.5676,288.6676,289.7676,290.9676,291.7676,292.2676,293.2676,293.8676,292.4676,286.9676,293.7676,301.7676,301.0676,303.9676,302.8676,302.4676,303.4676,302.1676,301.2676,299.8676,299.6676,298.9676,299.1676,299.9676,296.1676,298.5676
289.1676,292.5676,290.6676,291.8676,289.9676,286.8676,285.6676,285.2676,289.5676,286.5676,283.0676,282.2676,281.2676,280.0676,285.0676,287.2676,288.1676,288.6676,290.7676,291.9676,293.1676,292.7676,287.7676,285.3676,289.5676,294.2676,296.3676,300.6676,301.1676,299.8676,297.3676,293.6676,299.6676,298.3676,298.6676,298.3676,299.8676,298.6676,299.9676,300.1676,297.7676
