wind_kz.json
{"header": {"discipline":0,"disciplineName":"Meteorological products","gribEdition":2,"gribLength":1102,"center":7,"centerName":"US National Weather Service - NCEP(WMC)","subcenter":0,"refTime":"2023-10-04T18:00:00.000Z","significanceOfRT":1,"significanceOfRTName":"Start of forecast","productStatus":0,"productStatusName":"Operational products","productType":1,"productTypeName":"Forecast products","productDefinitionTemplate":0,"productDefinitionTemplateName":"Analysis/forecast at horizontal level/layer at a point in time","parameterCategory":2,"parameterCategoryName":"UnknownDiscipline_0_Category_2","parameterNumber":3,"parameterNumberName":"UnknownParameter_D0_C2_3","parameterUnit":"Unknown","genProcessType":2,"genProcessTypeName":"Forecast","forecastTime":180,"surface1Type":103,"surface1TypeName":"Specified height level above ground","surface1Value":10.0,"surface2Type":255,"surface2TypeName":"Missing","surface2Value":0.0,"gridDefinitionTemplate":0,"gridDefinitionTemplateName":"Latitude_Longitude","numberPoints":615,"shape":6,"shapeName":"Earth spherical with radius of 6,371,229.0 m","gridUnits":"degrees","resolution":48,"winds":"true","scanMode":64,"nx":41,"ny":15,"basicAngle":0,"lo1":47.0,"la1":41.0,"lo2":87.0,"la2":55.0,"dx":1.0,"dy":1.0}, "data":
[rows 0 to 14 of 15, columns 0 to 40 of 41]
3.0218775,1.2318774,0.29187745,-1.1081226,-2.4581225,-2.8881226,-2.7081225,-0.87812257,-0.97812253,-2.1281226,-2.7181225,-2.7381225,-3.3981225,-4.2481227,-5.5581226,-7.3281226,-6.7981224,-5.2281227,-4.5581226,-3.1281226,-4.0581226,-4.0381227,-2.4081225,1.2618774,1.9918774,0.71187747,1.0918775,1.2618774,0.48187745,4.4418774,1.8318775,1.7318774,-0.70812255,-0.6181226,-1.6481225,-2.0881226,-1.7481226,-0.84812254,-0.59812254,1.1218774,1.6218774
1.9518775,-0.118122555,2.3818774,1.0818775,-0.57812256,-2.0081224,-2.0081224,-0.8681226,-0.33812255,-0.7981226,-1.2781225,-1.8481226,-2.8581226,-3.8181226,-4.7781224,-4.5681224,-5.3281226,-3.6381226,-4.2481227,-4.5881224,-4.8481226,-4.6781225,-3.4581225,2.5318775,3.4518774,2.8318775,2.5118775,2.0318775,0.8918774,2.8518775,1.0018774,4.1918774,1.6318774,1.1318774,0.04187744,1.7218775,1.0418774,0.9418774,1.7718774,1.3518775,-0.24812256
0.41187745,-2.0081224,0.87187743,1.6618774,2.0618775,2.0218775,0.44187745,-0.30812255,-0.06812256,-0.04812256,0.0018774414,-1.2081226,-2.5781226,-2.9081225,-4.398123,-4.7981224,-4.2481227,-4.1881227,-4.6981225,-5.2981224,-4.7881227,-3.5081224,0.22187744,2.4618773,-1.9381225,-3.0081224,-1.7381226,-1.9181225,0.90187746,-0.50812256,-0.45812255,0.86187744,2.1118774,0.93187743,0.96187747,0.20187744,3.0618775,3.4218774,-0.39812255,1.8118775,1.5818775
-1.1381226,-2.4181225,-2.5581226,-2.5781226,-2.7681227,0.22187744,0.86187744,3.5818775,2.1418774,2.4718773,2.0318775,0.33187744,-2.0681226,-3.6681225,-3.1381226,-4.0681224,-4.2781224,-4.3581223,-4.6781225,-4.6881227,-5.1881227,-0.28812256,-3.5481226,-2.4781225,-1.3381226,-3.7081225,-2.0181227,0.47187746,-4.398123,2.4118774,7.5918775,1.3318775,1.7018775,-0.9281226,1.9718775,2.1518774,2.8718774,2.6718774,-1.4581226,-2.0981226,-0.69812256
-1.0881226,-2.7381225,-2.4781225,-3.4481225,-4.3781223,-3.4681225,-2.4081225,0.07187744,1.6618774,4.0418773,3.2118773,1.8318775,-0.17812257,-2.6881225,-2.9181225,-3.7981226,-4.5981226,-4.8481226,-4.1881227,-4.3281226,-3.7081225,-3.2281225,-2.3081226,-1.8081225,-2.8581226,-3.5781226,-1.5781226,-6.3781223,-1.1581225,8.691877,3.6618774,0.47187746,0.91187745,1.0718775,-0.51812255,0.31187743,2.5618775,-1.2181226,-1.6481225,-0.22812256,0.93187743
-0.37812257,-1.1181226,-1.2981225,-2.8681226,-4.0581226,-4.4481225,-3.5781226,-0.5581226,2.3118775,3.9818773,4.1218777,3.4918776,1.6418774,-1.3281226,-2.8181226,-3.5781226,-4.668123,-4.648123,-4.6981225,-4.6981225,-3.5681226,-3.8881226,-4.418123,-3.4081225,-1.4081225,-3.0581226,0.04187744,0.79187745,0.12187744,3.7818775,0.7518774,1.9218774,1.7218775,0.17187744,0.22187744,14.401877,-0.52812254,6.601877,0.66187745,0.44187745,1.5418774
-0.09812256,-1.2281226,-2.2581224,-2.0181227,-3.4481225,-3.2281225,-2.3281226,-1.5881226,0.35187745,3.0418775,5.7118773,4.5018773,3.1618774,0.5018774,-1.2181226,-2.7881227,-3.9681225,-4.6181226,-4.9981227,-3.0981226,-4.3481226,-4.9081225,-5.1981225,-4.3781223,-4.4381227,-2.1781225,-0.8081226,1.5218774,3.7418776,4.2918773,3.0818775,2.9218774,2.1718774,4.9018774,3.4118774,3.5618775,4.0118775,3.3418775,3.9518774,3.8618774,4.5418773
0.49187744,-0.15812255,-1.2281226,-1.4981226,-3.5981226,-4.1281223,-3.4681225,0.04187744,-0.47812256,3.7418776,6.5118775,3.1818774,3.6718774,1.5018774,0.5618774,-1.4881226,-2.3181226,-3.0581226,-3.5181227,-3.9081225,-4.4281225,-5.6381226,-6.1281223,-6.3681226,-4.9781227,-4.7681227,-4.398123,-2.8281226,2.0018775,5.1418777,3.2718775,2.3618774,6.4118776,9.161878,-0.35812256,-0.41812256,1.2018775,2.7718775,0.58187747,3.0918775,4.2818775
1.5118774,0.91187745,-0.12812255,-1.8181225,-3.1381226,-3.6281226,-4.0381227,1.5418774,4.4718776,4.8718777,4.7518773,3.0918775,4.3718777,3.4218774,1.6818775,0.24187744,-1.0781226,-1.6381226,-2.0581226,-2.6881225,-3.3181226,-5.3581223,-6.4781227,-6.4081225,-7.0281224,-6.0681224,-3.7681227,-4.1081223,-0.49812257,2.7618775,4.9518776,5.4718776,6.7718773,4.8718777,5.8118773,7.3918777,7.5518775,5.3618774,3.9118774,2.9918776,2.1518774
3.9918776,2.6218774,1.7718774,0.47187746,-1.0681225,-2.6481225,-1.5681225,3.5918775,4.9518776,5.0218773,5.3118773,4.1618776,4.1818776,3.5218775,2.7718775,1.5518775,0.5718774,-0.43812257,-0.94812256,-1.3081225,-2.0081224,-2.8681226,-3.9381225,-4.8481226,-5.1881227,-5.8881226,-4.9881225,-4.4481225,-4.4481225,-4.4281225,-0.70812255,4.2618775,2.7518775,3.6218774,7.0018773,7.5318775,4.6418777,2.3418775,2.0718775,3.1518774,3.5218775
5.9418774,4.6918774,3.8118775,3.1118774,1.5418774,1.4218774,1.0918775,2.8718774,3.8618774,4.2918773,4.2118773,1.1618774,2.6018775,4.4218774,3.7318773,3.0418775,2.0918775,1.2018775,0.8218774,-0.49812257,-1.0281225,-1.8181225,-2.2181225,-3.3081226,-3.7581224,-3.3681226,-3.7681227,-4.8081226,-4.0681224,-4.5181227,-6.2681227,-3.9581225,3.3118775,4.4118776,7.6618776,6.0018773,4.0618773,2.6518774,4.1318774,1.9818774,2.5018775
6.2318773,6.5018773,5.9018774,5.2418776,4.0418773,3.3418775,3.2518775,3.3718774,3.2918775,4.4618773,3.6218774,1.4318775,2.8418775,3.5118775,3.3018775,3.4318774,3.1718774,2.1718774,1.9818774,1.4418775,0.61187744,-1.1881225,-1.5781226,-1.7081226,-2.8681226,-3.6981225,-3.8581226,-3.8481226,-4.6581225,-4.6881227,-5.5581226,-7.5981226,1.0718775,2.6718774,5.2918773,7.1218777,4.5518775,1.6118774,1.2818774,1.6118774,0.45187744
6.2118773,7.8018775,7.2518773,6.7418776,5.7018776,4.0118775,4.4518776,5.1918774,5.0918775,2.6818774,2.5418775,2.6718774,2.9018774,2.3818774,2.2718775,2.1318774,3.0518775,2.7318773,2.5918775,1.8218775,1.2018775,0.19187744,-0.63812256,-1.1881225,-1.6981225,-1.7881225,-3.3181226,-3.6581225,-3.4681225,-4.648123,-4.9781227,-6.6881227,-5.9981227,0.7018774,4.5518775,6.2818775,4.7818775,2.6018775,3.8818774,2.7218773,1.6318774
7.8018775,8.211878,9.901877,7.7118773,7.2218776,6.9818773,6.0918775,5.7318773,4.9118776,4.4218774,3.1918774,2.2118773,4.0018773,3.4618773,2.0218775,2.7318773,3.1918774,3.0018775,2.6018775,2.2718775,1.6818775,1.5418774,0.49187744,-0.14812256,-0.118122555,-0.32812256,-1.2281226,-2.3781226,-3.0581226,-4.0081224,-4.6181226,-4.4681225,-6.1781225,-6.0181227,-1.5981226,1.9218774,3.0618775,4.1318774,4.5718775,3.4818773,2.1918774
6.2418776,7.9318776,12.011877,8.651877,8.021877,7.1918774,7.0418773,6.9018774,5.6118774,5.0518775,3.9118774,5.1718774,2.5718775,1.7418774,3.0018775,3.1118774,2.8918774,3.1918774,3.0918775,1.9918774,1.5818775,2.0718775,1.2118775,1.2618774,0.99187744,1.0718775,0.7018774,-0.39812255,-1.2381226,-2.3481226,-2.8681226,-3.6281226,-3.5381227,-4.1981225,-5.7881227,-3.3781226,-0.10812256,1.5118774,2.3818774,2.7018774,1.7318774
