wind_kz.json
{"header": {"discipline":0,"disciplineName":"Meteorological products","gribEdition":2,"gribLength":948,"center":7,"centerName":"US National Weather Service - NCEP(WMC)","subcenter":0,"refTime":"2023-08-07T12:00:00.000Z","significanceOfRT":1,"significanceOfRTName":"Start of forecast","productStatus":0,"productStatusName":"Operational products","productType":1,"productTypeName":"Forecast products","productDefinitionTemplate":0,"productDefinitionTemplateName":"Analysis/forecast at horizontal level/layer at a point in time","parameterCategory":0,"parameterCategoryName":"UnknownDiscipline_0_Category_0","parameterNumber":0,"parameterNumberName":"UnknownParameter_D0_C0_0","parameterUnit":"Unknown","genProcessType":2,"genProcessTypeName":"Forecast","forecastTime":120,"surface1Type":1,"surface1TypeName":"Ground or water surface","surface1Value":0.0,"surface2Type":255,"surface2TypeName":"Missing","surface2Value":0.0,"gridDefinitionTemplate":0,"gridDefinitionTemplateName":"Latitude_Longitude","numberPoints":615,"shape":6,"shapeName":"Earth spherical with radius of 6,371,229.0 m","gridUnits":"degrees","resolution":48,"winds":"true","scanMode":64,"nx":41,"ny":15,"basicAngle":0,"lo1":47.0,"la1":41.0,"lo2":87.0,"la2":55.0,"dx":1.0,"dy":1.0}, "data":
[rows 0 to 14 of 15, columns 0 to 40 of 41]
321.27472,305.97473,314.77472,298.77472,298.37473,298.07474,314.67474,322.77472,318.97473,318.77472,316.97473,316.47473,314.67474,314.27472,313.77472,313.77472,313.57474,313.47473,315.27472,314.57474,315.97473,311.57474,310.97473,306.97473,309.67474,312.67474,308.47473,291.77472,290.37473,287.87473,287.77472,293.57474,302.27472,310.37473,311.87473,307.67474,309.97473,310.27472,310.67474,312.87473,312.87473
289.37473,311.07474,298.27472,298.97473,298.87473,298.37473,324.47473,319.87473,318.07474,317.17474,316.87473,313.37473,310.97473,310.87473,312.17474,313.07474,313.57474,313.77472,312.07474,312.17474,311.97473,310.47473,311.07474,300.57474,290.57474,290.07474,298.77472,291.57474,293.47473,285.27472,290.17474,285.27472,296.07474,271.37473,286.27472,301.67474,300.37473,304.67474,311.67474,302.77472,286.47473
315.47473,298.37473,298.77472,298.87473,296.77472,320.57474,318.77472,319.87473,317.57474,315.37473,312.17474,310.67474,306.97473,308.47473,311.97473,311.97473,311.37473,310.77472,310.37473,310.37473,310.17474,308.57474,307.07474,303.17474,301.77472,297.57474,297.57474,295.27472,297.57474,290.17474,280.47473,286.37473,295.67474,289.37473,286.17474,298.27472,286.87473,287.07474,287.17474,282.77472,283.47473
315.07474,298.87473,298.87473,298.77472,303.97473,320.47473,320.77472,320.67474,319.87473,317.47473,312.47473,307.97473,296.77472,295.97473,309.87473,311.07474,309.87473,310.07474,310.47473,309.87473,306.67474,303.47473,307.87473,305.97473,306.07474,302.67474,308.77472,306.67474,304.17474,304.37473,305.17474,297.27472,307.97473,309.07474,308.67474,302.87473,290.07474,288.47473,287.87473,297.77472,302.07474
316.27472,299.77472,300.17474,300.47473,310.17474,321.37473,323.17474,324.77472,319.57474,316.97473,315.77472,309.87473,297.47473,296.27472,293.57474,310.07474,309.47473,305.67474,305.47473,306.77472,308.77472,308.57474,308.37473,307.97473,304.87473,305.07474,303.47473,298.57474,305.77472,304.97473,307.97473,296.57474,285.47473,282.97473,294.37473,301.07474,299.17474,309.77472,310.97473,308.57474,308.17474
317.37473,315.97473,299.97473,300.07474,300.67474,301.37473,328.27472,321.97473,318.67474,317.67474,315.67474,314.07474,299.07474,296.77472,301.87473,306.47473,308.77472,307.77472,306.97473,306.47473,306.27472,305.77472,305.17474,304.47473,301.07474,299.37473,303.77472,293.77472,302.97473,305.77472,304.17474,301.97473,302.57474,303.97473,297.97473,294.47473,286.87473,290.47473,306.97473,308.37473,309.87473
317.77472,319.17474,320.67474,321.17474,315.17474,320.07474,322.57474,319.97473,318.37473,316.37473,314.57474,313.27472,311.07474,310.97473,309.47473,307.87473,307.87473,307.87473,306.37473,304.17474,303.77472,303.27472,302.57474,302.87473,296.47473,296.97473,297.87473,301.07474,304.47473,304.87473,298.97473,303.27472,301.27472,303.67474,301.97473,299.67474,294.57474,292.37473,289.87473,289.17474,298.07474
320.67474,321.37473,321.47473,320.77472,320.97473,320.07474,320.07474,317.57474,315.67474,314.57474,313.57474,311.87473,310.67474,309.47473,309.17474,307.97473,307.57474,306.67474,305.57474,302.67474,302.57474,301.17474,299.87473,298.87473,294.47473,294.07474,291.07474,293.07474,290.77472,292.87473,292.37473,296.27472,295.67474,292.37473,294.47473,294.17474,296.27472,289.67474,299.47473,298.67474,298.37473
319.97473,319.47473,319.67474,318.57474,318.57474,318.17474,315.87473,315.07474,313.47473,312.17474,310.77472,309.77472,308.27472,308.67474,306.37473,306.57474,305.07474,305.27472,304.17474,303.17474,300.67474,295.17474,292.67474,293.07474,291.57474,291.57474,290.27472,288.27472,287.37473,285.77472,286.97473,287.97473,290.17474,293.07474,290.57474,290.87473,292.57474,292.27472,283.97473,285.47473,283.27472
317.97473,314.87473,316.77472,317.27472,316.67474,316.47473,313.97473,312.27472,310.77472,308.97473,307.27472,306.17474,306.17474,305.37473,303.97473,303.27472,302.57474,302.27472,302.97473,302.57474,299.97473,299.37473,296.27472,293.77472,290.77472,291.17474,292.27472,287.87473,287.87473,287.47473,287.87473,289.47473,293.27472,291.17474,293.87473,292.57474,289.27472,288.17474,285.57474,285.77472,282.97473
314.27472,313.27472,313.47473,313.47473,311.17474,312.17474,311.57474,310.07474,308.17474,307.77472,305.97473,304.47473,304.57474,301.47473,300.97473,300.07474,298.57474,299.87473,300.47473,298.47473,299.47473,299.07474,297.07474,296.97473,295.87473,292.77472,291.47473,291.97473,291.97473,288.97473,292.17474,292.17474,292.97473,292.37473,290.47473,291.87473,285.17474,282.77472,286.57474,284.57474,283.27472
312.17474,313.57474,313.37473,311.87473,310.37473,309.57474,310.27472,309.27472,309.17474,308.97473,304.47473,300.77472,301.47473,298.07474,296.97473,296.77472,296.77472,297.87473,298.07474,297.17474,295.77472,295.37473,296.47473,296.37473,295.07474,293.87473,293.17474,294.77472,289.47473,288.17474,290.67474,288.17474,289.07474,290.47473,289.57474,291.77472,291.57474,288.57474,287.07474,289.67474,290.07474
306.57474,311.07474,312.07474,311.17474,307.57474,307.37473,309.67474,309.07474,308.97473,306.47473,298.77472,298.57474,299.27472,296.57474,295.77472,295.37473,295.17474,295.87473,297.77472,296.67474,295.57474,295.27472,294.97473,293.67474,295.27472,296.17474,296.67474,294.67474,288.97473,286.17474,290.17474,285.37473,286.07474,288.37473,287.67474,289.27472,290.67474,290.47473,290.17474,290.07474,290.67474
309.97473,309.87473,301.97473,310.07474,309.37473,308.37473,307.17474,304.97473,306.17474,306.07474,298.57474,296.97473,298.97473,296.37473,295.57474,295.17474,295.77472,296.47473,298.67474,296.27472,296.87473,296.17474,294.97473,295.17474,295.27472,295.97473,295.07474,292.97473,291.97473,289.67474,285.07474,286.57474,284.17474,287.47473,285.57474,287.87473,288.47473,290.37473,290.87473,288.17474,289.57474
305.17474,309.67474,293.67474,308.77472,309.07474,307.47473,306.47473,305.47473,306.17474,304.87473,300.07474,296.77472,294.67474,296.47473,296.47473,296.07474,297.67474,298.47473,298.77472,295.97473,295.47473,295.17474,295.27472,294.67474,294.47473,294.07474,293.77472,291.57474,289.57474,288.77472,288.97473,283.87473,283.77472,284.67474,287.17474,287.57474,287.27472,288.27472,289.17474,291.47473,290.17474
