wind.json
{"header": {"discipline":0,"disciplineName":"Meteorological products","gribEdition":2,"gribLength":81629,"center":7,"centerName":"US National Weather Service - NCEP(WMC)","subcenter":0,"refTime":"2023-02-25T00:00:00.000Z","significanceOfRT":1,"significanceOfRTName":"Start of forecast","productStatus":0,"productStatusName":"Operational products","productType":1,"productTypeName":"Forecast products","productDefinitionTemplate":0,"productDefinitionTemplateName":"Analysis/forecast at horizontal level/layer at a point in time","parameterCategory":0,"parameterCategoryName":"Temperature","parameterNumber":0,"parameterNumberName":"Temperature","parameterUnit":"K","genProcessType":2,"genProcessTypeName":"Forecast","forecastTime":0,"surface1Type":1,"surface1TypeName":"Ground or water surface","surface1Value":0.0,"surface2Type":255,"surface2TypeName":"Missing","surface2Value":0.0,"gridDefinitionTemplate":0,"gridDefinitionTemplateName":"Latitude_Longitude","numberPoints":65160,"shape":6,"shapeName":"Earth spherical with radius of 6,371,229.0 m","gridUnits":"degrees","resolution":48,"winds":"true","scanMode":64,"nx":360,"ny":181,"basicAngle":0,"lo1":0.0,"la1":-90.0,"lo2":359.0,"la2":90.0,"dx":1.0,"dy":1.0}, "data":
[rows 112 to 139 of 181, columns 252 to 314 of 360]
294.5386,294.5386,295.7386,301.4386,298.2386,298.2386,298.5386,293.9386,298.2386,302.8386,298.3386,297.2386,296.8386,297.1386,297.2386,297.3386,297.6386,297.6386,297.7386,297.6386,298.0386,298.2386,299.6386,299.6386,298.2386,297.2386,299.2386,299.5386,293.4386,295.7386,298.7386,299.0386,299.0386,299.2386,298.9386,298.6386,298.4386,298.4386,298.5386,298.3386,298.1386,298.1386,298.7386,298.3386,298.1386,298.1386,298.0386,298.1386,297.8386,297.9386,298.0386,297.5386,297.4386,297.5386,297.5386,297.7386,297.5386,297.3386,297.3386,297.5386,297.5386,297.1386,297.2386
293.7386,294.1386,299.3386,296.9386,298.0386,296.0386,296.8386,295.8386,294.8386,304.2386,297.2386,297.1386,297.4386,297.0386,296.9386,296.8386,297.2386,297.4386,297.3386,297.4386,297.5386,298.2386,299.7386,299.5386,299.6386,296.7386,295.4386,298.2386,299.0386,299.5386,298.4386,298.4386,298.6386,299.0386,298.7386,298.5386,298.3386,298.3386,297.9386,298.3386,298.2386,298.0386,298.3386,298.2386,298.0386,297.9386,297.6386,297.7386,297.6386,297.5386,297.5386,297.2386,297.3386,297.4386,297.1386,297.1386,297.2386,297.1386,297.1386,297.1386,297.2386,296.9386,297.1386
292.1386,297.7386,295.1386,292.2386,298.3386,299.6386,299.4386,297.2386,291.9386,305.7386,297.7386,295.5386,296.5386,296.9386,296.5386,296.2386,296.2386,296.7386,297.1386,297.7386,297.7386,298.0386,299.8386,299.6386,299.3386,299.0386,299.1386,300.0386,299.7386,298.8386,298.6386,298.7386,298.5386,298.6386,298.7386,298.2386,297.8386,297.9386,298.1386,297.9386,298.0386,298.0386,297.9386,297.9386,297.8386,297.6386,297.5386,297.3386,297.3386,297.0386,297.1386,296.9386,296.7386,296.9386,297.0386,296.8386,296.5386,296.8386,296.7386,296.8386,296.9386,296.9386,296.9386
292.7386,295.6386,287.1386,296.0386,299.3386,300.6386,300.8386,295.4386,295.8386,301.6386,299.2386,295.0386,296.2386,296.6386,296.4386,295.8386,295.6386,297.4386,297.1386,297.7386,297.8386,298.0386,298.1386,297.5386,297.2386,297.2386,297.2386,299.8386,299.8386,298.8386,297.7386,298.1386,298.2386,298.5386,298.6386,297.3386,297.6386,297.9386,297.8386,297.7386,297.8386,297.6386,297.3386,297.0386,297.3386,297.7386,297.6386,297.2386,297.0386,297.0386,296.7386,296.6386,296.4386,296.8386,296.6386,296.2386,296.2386,296.4386,296.4386,296.5386,296.4386,296.5386,296.5386
298.1386,287.2386,289.2386,293.5386,298.7386,300.6386,301.1386,299.7386,299.9386,303.1386,300.4386,293.8386,295.9386,296.4386,296.0386,295.7386,295.8386,298.3386,297.9386,297.6386,297.5386,297.5386,298.0386,297.4386,296.8386,296.2386,296.2386,298.9386,298.8386,299.1386,298.9386,297.9386,297.4386,297.8386,297.6386,297.2386,297.1386,297.8386,298.0386,297.7386,297.5386,297.7386,297.2386,296.5386,296.4386,296.6386,296.6386,296.6386,296.4386,296.1386,295.6386,296.1386,296.3386,296.8386,296.6386,295.8386,296.2386,296.4386,296.4386,296.4386,295.9386,295.7386,295.7386
294.1386,288.1386,294.8386,297.1386,296.0386,300.5386,298.0386,297.0386,298.2386,302.9386,299.1386,292.4386,294.7386,295.0386,295.7386,295.3386,295.2386,295.5386,295.7386,295.9386,296.3386,296.7386,296.8386,296.7386,296.2386,295.4386,296.9386,297.0386,298.0386,298.3386,298.2386,298.2386,297.7386,297.6386,297.4386,296.8386,297.0386,296.6386,296.8386,297.4386,297.1386,296.3386,296.6386,296.2386,295.8386,296.4386,296.1386,296.0386,296.0386,295.9386,295.5386,296.1386,295.7386,296.1386,296.3386,295.5386,295.6386,295.9386,295.6386,295.7386,295.3386,294.7386,295.0386
285.3386,289.6386,296.8386,296.9386,297.0386,297.0386,292.5386,292.6386,295.3386,299.4386,297.7386,296.0386,294.1386,295.0386,295.0386,294.2386,294.4386,294.6386,295.0386,295.1386,295.1386,295.3386,295.6386,295.5386,294.7386,293.8386,296.6386,295.7386,298.0386,299.0386,297.8386,297.1386,296.9386,296.0386,295.7386,296.0386,296.9386,296.0386,296.0386,295.9386,295.3386,295.3386,296.0386,296.1386,296.1386,296.0386,295.8386,295.4386,295.9386,295.5386,295.5386,296.0386,295.7386,295.2386,295.6386,295.6386,295.2386,295.2386,294.9386,294.9386,294.6386,294.4386,294.7386
284.5386,289.0386,295.5386,297.5386,296.4386,297.8386,290.9386,291.4386,292.1386,290.3386,290.1386,293.7386,295.8386,291.7386,291.8386,292.3386,293.1386,292.1386,293.4386,294.4386,295.3386,295.3386,294.7386,294.0386,293.2386,291.7386,295.5386,294.7386,298.0386,297.8386,296.8386,296.9386,296.6386,295.6386,295.1386,295.9386,296.1386,295.7386,295.4386,295.0386,295.1386,294.9386,295.4386,295.6386,295.6386,295.5386,294.9386,294.7386,295.0386,295.2386,295.3386,295.7386,295.2386,294.9386,295.6386,295.2386,295.0386,295.0386,294.5386,294.3386,294.3386,294.6386,294.3386
287.2386,292.7386,294.1386,294.7386,294.6386,290.7386,290.4386,285.6386,284.2386,283.6386,283.8386,286.0386,291.7386,294.5386,295.8386,295.2386,294.6386,294.6386,297.5386,291.2386,292.7386,293.8386,293.3386,294.3386,290.6386,295.5386,295.0386,293.1386,298.5386,297.5386,296.4386,296.7386,296.8386,296.6386,295.4386,295.0386,295.3386,294.7386,294.5386,294.7386,294.5386,294.8386,295.2386,295.4386,295.1386,294.5386,294.2386,294.1386,293.7386,294.5386,294.6386,294.2386,294.3386,294.7386,294.9386,294.1386,293.8386,294.0386,294.0386,294.0386,294.0386,293.4386,293.3386
292.1386,290.5386,291.6386,291.8386,288.1386,287.4386,285.8386,280.3386,279.2386,280.1386,281.4386,282.7386,287.4386,294.1386,294.2386,294.0386,294.0386,294.1386,293.2386,293.6386,293.7386,293.3386,294.4386,294.5386,294.9386,294.1386,295.1386,292.3386,297.3386,298.8386,297.2386,295.9386,296.4386,295.8386,295.2386,294.4386,294.6386,293.7386,293.2386,294.0386,294.1386,294.4386,294.6386,294.3386,294.4386,293.9386,293.5386,293.3386,293.4386,293.4386,293.7386,293.3386,293.4386,293.8386,293.7386,293.6386,293.6386,294.4386,293.8386,293.3386,293.8386,293.0386,292.6386
290.6386,291.3386,289.5386,290.8386,288.5386,286.8386,280.7386,280.7386,277.8386,278.3386,279.2386,280.7386,283.6386,289.0386,289.2386,289.4386,289.9386,292.1386,292.4386,291.9386,291.0386,293.9386,293.6386,295.3386,293.1386,295.1386,295.6386,293.9386,291.6386,296.0386,297.3386,297.2386,296.4386,295.0386,294.7386,293.9386,293.7386,293.3386,293.8386,294.0386,293.6386,293.3386,293.1386,292.7386,293.3386,293.2386,293.4386,293.0386,293.0386,293.2386,293.6386,293.4386,293.4386,293.1386,293.3386,293.5386,293.1386,293.2386,293.2386,293.1386,292.8386,292.4386,292.4386
281.2386,288.6386,286.7386,288.0386,287.7386,285.3386,281.6386,278.5386,277.3386,277.3386,278.8386,281.5386,280.0386,282.0386,283.8386,284.3386,284.1386,285.4386,287.6386,285.8386,288.7386,288.9386,288.9386,290.6386,291.6386,293.5386,293.7386,293.1386,293.5386,291.8386,294.0386,295.6386,297.4386,295.5386,293.5386,293.6386,293.0386,292.8386,292.9386,292.9386,292.8386,292.4386,292.2386,292.1386,292.6386,292.6386,292.8386,292.9386,292.7386,292.5386,292.4386,292.8386,293.0386,292.6386,292.6386,292.4386,291.9386,292.0386,292.0386,292.1386,292.2386,292.2386,291.7386
280.9386,287.5386,283.8386,286.6386,287.6386,284.2386,280.7386,279.4386,277.2386,277.0386,276.5386,277.3386,280.0386,279.9386,279.1386,279.1386,280.0386,282.2386,283.1386,283.6386,283.9386,284.5386,286.7386,286.4386,293.4386,291.1386,292.3386,294.1386,291.5386,292.2386,290.4386,290.2386,295.3386,296.0386,294.2386,294.8386,293.8386,292.9386,292.2386,291.8386,292.3386,292.6386,292.2386,292.2386,291.9386,292.1386,292.6386,292.5386,292.3386,292.3386,292.2386,292.5386,292.5386,292.4386,292.2386,292.2386,291.8386,291.5386,291.4386,291.6386,292.0386,291.9386,291.0386
276.9386,287.2386,282.9386,285.7386,285.3386,284.2386,281.5386,278.3386,276.5386,273.7386,273.0386,274.0386,275.9386,279.3386,277.2386,276.6386,277.5386,278.8386,280.4386,280.1386,280.8386,281.3386,282.7386,282.3386,286.4386,288.8386,289.7386,289.9386,288.7386,291.1386,290.6386,286.9386,290.6386,294.4386,294.3386,293.8386,294.3386,292.5386,292.6386,292.1386,292.3386,292.6386,292.3386,292.0386,292.3386,292.8386,292.7386,292.2386,292.7386,292.7386,292.7386,292.5386,292.8386,292.7386,292.5386,292.2386,292.1386,291.9386,292.0386,291.8386,291.9386,291.6386,291.3386
281.0386,273.7386,279.8386,280.4386,282.1386,280.9386,280.0386,278.3386,275.2386,272.4386,271.7386,272.0386,274.7386,276.7386,277.8386,276.5386,278.2386,280.0386,279.4386,279.7386,280.2386,281.0386,280.5386,281.0386,285.2386,282.2386,281.4386,284.8386,286.3386,285.7386,287.7386,286.8386,281.6386,283.9386,290.0386,292.7386,292.8386,292.9386,292.5386,292.3386,292.3386,292.1386,292.2386,292.4386,292.8386,293.2386,293.5386,293.1386,293.1386,292.7386,292.4386,292.3386,292.5386,292.4386,292.2386,292.2386,292.0386,292.1386,292.0386,291.8386,291.4386,291.7386,291.8386
271.2386,270.8386,269.6386,273.7386,279.9386,281.7386,276.8386,275.4386,274.1386,272.6386,270.2386,270.8386,272.3386,275.0386,276.4386,276.7386,276.9386,274.7386,276.0386,276.5386,276.7386,277.4386,278.5386,278.7386,279.4386,278.6386,277.7386,278.9386,280.6386,283.1386,284.1386,284.2386,283.6386,282.6386,287.3386,290.3386,291.8386,293.1386,292.8386,292.7386,292.7386,292.7386,292.7386,292.2386,292.4386,293.0386,293.7386,294.5386,294.0386,292.6386,292.3386,292.4386,292.3386,292.4386,292.2386,292.4386,291.8386,292.0386,291.5386,291.3386,292.0386,292.1386,291.9386
267.6386,263.3386,272.5386,273.4386,280.0386,274.7386,275.3386,271.8386,272.7386,270.4386,269.5386,268.8386,270.9386,271.7386,275.1386,276.0386,273.6386,273.5386,273.5386,274.6386,275.7386,275.7386,275.5386,274.7386,275.2386,276.4386,275.8386,274.8386,275.2386,278.5386,281.0386,281.7386,280.4386,280.2386,284.0386,285.5386,287.3386,288.6386,289.9386,290.3386,290.5386,291.7386,290.9386,290.5386,290.5386,292.1386,293.1386,293.3386,293.1386,292.6386,292.3386,292.7386,292.5386,292.2386,292.0386,292.3386,292.2386,292.0386,291.8386,291.7386,292.0386,292.2386,291.9386
266.1386,261.5386,265.9386,270.3386,268.8386,270.2386,268.9386,269.0386,270.3386,269.5386,268.3386,268.3386,269.4386,271.0386,271.6386,273.1386,271.5386,271.6386,271.8386,272.2386,273.5386,274.3386,274.2386,274.5386,274.1386,274.4386,274.9386,274.6386,272.8386,274.6386,275.9386,280.6386,278.6386,278.6386,280.2386,283.8386,285.2386,286.8386,287.5386,287.0386,287.3386,287.8386,288.3386,288.6386,289.6386,292.0386,292.9386,292.6386,292.0386,292.4386,292.4386,292.5386,292.1386,292.5386,292.4386,292.2386,292.0386,291.9386,291.9386,291.8386,292.0386,291.7386,291.5386
268.0386,262.5386,265.2386,269.4386,264.6386,263.6386,267.2386,267.1386,264.5386,264.2386,265.2386,267.6386,268.4386,271.1386,271.4386,271.2386,272.2386,269.5386,270.1386,270.4386,271.4386,271.4386,271.5386,271.8386,272.8386,277.3386,273.7386,272.7386,272.8386,269.7386,272.4386,274.6386,274.4386,278.8386,279.6386,280.9386,281.7386,283.3386,281.8386,282.1386,283.6386,286.9386,289.5386,290.3386,289.2386,290.1386,290.4386,289.6386,288.9386,289.3386,291.4386,291.8386,292.2386,291.6386,289.8386,290.0386,291.2386,291.2386,291.2386,287.9386,288.9386,289.4386,288.7386
265.3386,263.3386,263.4386,267.9386,268.1386,263.6386,263.5386,263.3386,261.6386,262.2386,260.9386,262.0386,264.5386,267.1386,268.6386,270.2386,270.7386,270.4386,270.0386,271.1386,271.3386,271.4386,271.4386,270.7386,270.8386,269.6386,268.9386,268.7386,268.4386,268.5386,269.5386,271.0386,269.1386,269.0386,273.4386,277.2386,278.8386,278.6386,278.1386,279.5386,279.4386,280.3386,283.5386,284.7386,284.1386,285.2386,286.6386,287.1386,287.8386,287.8386,288.7386,289.7386,288.9386,288.2386,287.7386,288.5386,289.6386,289.5386,287.7386,287.4386,288.2386,288.6386,289.0386
259.1386,264.5386,260.4386,267.8386,264.7386,264.9386,263.2386,262.8386,262.2386,260.4386,258.4386,261.1386,261.3386,266.1386,264.9386,265.8386,266.6386,267.5386,269.2386,270.6386,271.0386,275.3386,270.6386,271.2386,269.8386,270.3386,274.0386,274.0386,267.3386,267.1386,266.0386,266.3386,265.0386,262.4386,266.7386,265.1386,267.1386,268.7386,278.4386,279.7386,279.6386,279.2386,278.4386,278.8386,281.1386,281.2386,281.1386,283.3386,284.9386,285.6386,284.7386,284.6386,283.0386,283.7386,284.3386,285.5386,284.8386,282.0386,281.1386,283.3386,284.6386,287.6386,289.6386
258.7386,261.4386,262.5386,265.3386,264.6386,263.1386,263.1386,261.3386,261.6386,259.6386,255.5386,255.7386,260.9386,260.8386,262.7386,264.1386,265.0386,265.2386,264.8386,264.4386,264.8386,275.3386,262.7386,264.9386,265.4386,262.6386,262.6386,260.8386,257.7386,264.2386,259.0386,263.0386,263.1386,261.5386,262.3386,258.2386,261.3386,263.0386,279.3386,278.9386,278.9386,278.4386,277.3386,276.6386,277.1386,278.6386,278.5386,278.7386,282.7386,281.5386,279.5386,278.8386,278.8386,279.2386,279.5386,278.5386,277.8386,276.6386,276.1386,277.4386,279.8386,283.4386,286.5386
259.6386,260.3386,264.5386,264.3386,262.1386,260.1386,260.1386,262.3386,258.7386,254.0386,255.8386,257.5386,255.0386,254.0386,253.6386,256.7386,259.3386,262.6386,266.1386,261.7386,259.3386,275.0386,263.9386,264.1386,263.9386,262.1386,274.7386,258.1386,254.3386,258.1386,262.0386,272.1386,260.1386,256.7386,255.3386,256.4386,257.5386,255.5386,261.4386,276.8386,278.6386,278.8386,264.6386,262.8386,274.5386,275.9386,277.5386,276.6386,276.2386,275.6386,276.0386,276.8386,277.4386,277.1386,276.3386,275.8386,276.1386,276.5386,276.1386,273.4386,276.3386,279.6386,282.6386
259.9386,259.1386,258.9386,259.0386,257.7386,258.9386,258.3386,255.8386,254.6386,255.2386,255.1386,256.0386,255.6386,256.4386,255.6386,256.9386,257.6386,255.8386,255.7386,258.0386,262.1386,270.8386,274.7386,259.1386,262.0386,274.5386,275.2386,274.6386,259.4386,253.4386,252.3386,253.9386,255.1386,255.1386,257.0386,256.9386,257.7386,254.8386,255.7386,260.6386,260.9386,272.1386,276.9386,268.9386,262.9386,261.7386,268.0386,273.6386,274.9386,275.1386,274.7386,274.2386,274.6386,274.8386,274.3386,274.3386,274.3386,274.3386,274.4386,273.3386,275.8386,277.5386,279.0386
264.0386,261.5386,261.4386,256.8386,256.0386,256.2386,255.5386,253.3386,250.2386,250.0386,255.9386,255.2386,254.6386,254.4386,255.1386,255.2386,256.5386,254.7386,258.6386,256.8386,257.9386,257.8386,256.9386,261.7386,255.9386,257.5386,255.2386,256.4386,251.6386,246.0386,252.4386,248.8386,249.3386,246.5386,252.5386,253.1386,249.2386,252.7386,254.3386,257.5386,257.6386,257.9386,261.6386,260.0386,261.5386,262.8386,271.6386,262.5386,263.5386,273.4386,274.1386,274.3386,273.4386,273.0386,272.6386,272.9386,273.1386,273.3386,273.5386,273.4386,272.9386,275.4386,277.5386
262.0386,256.1386,254.9386,255.6386,251.9386,254.0386,255.0386,252.6386,248.8386,252.3386,253.3386,254.0386,255.7386,257.0386,258.2386,257.1386,252.0386,269.7386,273.6386,259.3386,268.9386,274.2386,274.1386,272.6386,248.4386,250.0386,248.5386,247.7386,248.0386,247.9386,244.8386,246.6386,246.8386,244.5386,248.4386,245.9386,251.7386,252.7386,248.4386,249.7386,250.9386,252.6386,255.7386,257.6386,259.6386,269.2386,271.5386,271.9386,272.5386,273.2386,273.6386,273.5386,271.3386,273.0386,256.5386,252.9386,272.0386,272.6386,273.0386,273.1386,272.6386,273.8386,276.6386
255.7386,253.4386,253.7386,254.5386,253.7386,254.4386,253.6386,252.9386,252.7386,252.8386,253.4386,253.6386,253.4386,253.4386,254.5386,253.4386,254.0386,250.3386,250.2386,273.3386,273.8386,274.2386,273.8386,263.2386,255.5386,254.6386,250.5386,249.2386,247.7386,248.5386,248.2386,247.6386,250.0386,246.9386,244.7386,252.3386,252.1386,243.2386,251.8386,253.8386,253.8386,251.4386,255.0386,261.3386,261.3386,271.6386,271.7386,272.3386,272.7386,259.0386,248.4386,243.5386,246.5386,246.0386,247.6386,265.7386,271.5386,272.3386,272.5386,272.2386,272.2386,272.8386,274.6386
252.6386,251.6386,251.8386,252.1386,248.8386,252.0386,252.0386,252.8386,251.6386,250.8386,253.5386,254.4386,251.4386,251.6386,255.1386,254.2386,252.7386,252.4386,252.0386,250.4386,250.4386,248.9386,252.0386,254.9386,254.1386,251.0386,252.5386,252.0386,252.1386,253.2386,253.1386,252.4386,251.5386,249.6386,249.7386,251.1386,252.5386,250.8386,249.3386,253.1386,260.4386,257.6386,249.0386,245.3386,267.5386,271.7386,264.0386,271.7386,272.5386,272.7386,249.2386,239.9386,249.2386,251.7386,250.6386,271.3386,271.8386,272.2386,272.2386,273.7386,274.6386,275.6386,275.4386
