wind_kz.json
{"header": {"discipline":0,"disciplineName":"Meteorological products","gribEdition":2,"gribLength":1025,"center":7,"centerName":"US National Weather Service - NCEP(WMC)","subcenter":0,"refTime":"2024-03-19T06:00:00.000Z","significanceOfRT":1,"significanceOfRTName":"Start of forecast","productStatus":0,"productStatusName":"Operational products","productType":1,"productTypeName":"Forecast products","productDefinitionTemplate":0,"productDefinitionTemplateName":"Analysis/forecast at horizontal level/layer at a point in time","parameterCategory":2,"parameterCategoryName":"UnknownDiscipline_0_Category_2","parameterNumber":3,"parameterNumberName":"UnknownParameter_D0_C2_3","parameterUnit":"Unknown","genProcessType":2,"genProcessTypeName":"Forecast","forecastTime":0,"surface1Type":103,"surface1TypeName":"Specified height level above ground","surface1Value":10.0,"surface2Type":255,"surface2TypeName":"Missing","surface2Value":0.0,"gridDefinitionTemplate":0,"gridDefinitionTemplateName":"Latitude_Longitude","numberPoints":615,"shape":6,"shapeName":"Earth spherical with radius of 6,371,229.0 m","gridUnits":"degrees","resolution":48,"winds":"true","scanMode":64,"nx":41,"ny":15,"basicAngle":0,"lo1":47.0,"la1":41.0,"lo2":87.0,"la2":55.0,"dx":1.0,"dy":1.0}, "data":
[rows 0 to 14 of 15, columns 0 to 40 of 41]
2.8167067,0.99670655,-2.1632934,-7.3932934,-5.7832932,-5.5132933,-4.5332932,-2.4232934,-2.2532935,-0.053293455,-0.45329344,-0.48329344,0.45670655,-0.40329346,1.1567066,1.6767066,2.0667067,0.44670653,0.23670654,-0.073293455,1.3167065,3.7567065,0.31670654,-0.6632935,0.56670654,-1.2232934,-1.9232935,0.92670655,0.78670657,1.3567065,-0.65329343,1.0467066,-0.96329343,2.3367066,3.0067065,1.4567065,1.4267066,1.6067065,1.5767065,1.1067065,-0.43329346
-1.4932934,-1.3332934,-1.5632935,-4.2132936,-3.6932936,-3.2932935,-3.9632936,-3.6832933,-3.6732934,-3.6532934,-2.3732934,-1.5332935,-0.58329344,-1.0632935,-1.7932935,0.44670653,1.3167065,-0.33329347,0.66670656,0.36670655,1.3667065,2.1967065,3.3467066,2.2867064,2.3967066,2.8167067,0.43670654,1.3367065,-0.27329347,2.8467066,1.9567065,4.7767067,0.5267065,-0.17329346,0.11670654,1.7867066,1.0067066,1.7867066,0.9067066,1.8267065,0.61670655
2.6567066,2.9967065,-1.1632935,-2.6032934,-4.2832932,-2.4732935,-2.9032934,-3.3932934,-3.6532934,-5.2432933,-5.4832935,-4.5832934,-1.9532934,-0.96329343,-1.6132934,-1.3432934,0.62670654,0.39670655,0.18670654,-0.013293457,0.07670654,0.47670653,0.17670654,0.27670655,-0.70329344,-2.0632935,-1.0332935,-0.6632935,1.1567066,1.7967066,-0.90329343,1.0267066,2.8167067,-0.83329344,0.85670656,-0.24329346,-0.013293457,1.7767066,-0.08329346,0.07670654,0.7767065
2.1067066,1.0667065,0.13670655,-1.4432935,-2.2732935,-2.0232935,-0.45329344,-0.7332935,-1.7632935,-2.0532935,-2.2832935,-3.6732934,-5.9232936,-0.013293457,1.4267066,1.3067065,0.66670656,-0.23329346,-0.80329347,-1.6132934,0.8967065,1.2767066,0.6467065,-0.87329346,-1.5732934,-0.20329346,0.47670653,1.8767066,2.0867066,0.98670655,5.946707,0.99670655,0.69670653,-1.1232934,0.29670656,-0.41329345,1.3867066,3.4767065,0.86670655,0.016706543,-0.76329345
-1.2132934,-2.1232934,-1.6732935,0.47670653,0.12670654,0.28670654,-1.0232935,0.056706544,-0.073293455,-1.1432935,-1.3132935,-1.6432935,-4.5432935,-5.2832932,-1.4132935,0.59670657,1.7467065,2.0167065,1.2367065,-1.0532935,-2.4332933,-1.6032934,-1.2832935,-1.1032934,-0.12329346,0.9067066,2.3267066,2.0767066,0.38670653,1.8467065,4.7167068,0.46670654,2.7667065,2.2167065,0.67670655,0.40670654,1.6867065,0.26670656,-0.21329346,0.31670654,0.34670654
-2.3632934,-1.5532935,-2.0932934,-1.3532934,-0.57329345,0.44670653,-0.24329346,-0.023293458,0.26670656,0.86670655,-0.27329347,-0.77329344,-1.8632934,-2.7732935,-2.7132936,-0.19329345,3.4867065,3.5367064,2.9667065,1.6167065,0.056706544,-1.0532935,-2.2832935,-2.8032935,-2.8432934,-1.3432934,-0.073293455,0.66670656,-0.38329345,1.1167065,1.6467066,1.1667066,2.6867065,1.3867066,0.73670655,5.3867064,-0.28329346,1.9267066,1.1167065,1.4267066,0.9067066
-1.4232935,-1.4632934,-1.9232935,-1.7832935,-1.3532934,-1.0732934,0.79670656,1.8267065,0.34670654,0.016706543,0.41670653,0.87670654,0.36670655,-0.16329345,0.43670654,0.86670655,1.5867065,3.6567066,4.7267065,4.3867064,2.6967065,1.4467065,-0.7232935,-1.6932935,-1.0332935,-1.5632935,-0.24329346,1.7367065,0.32670653,0.34670654,3.1267066,2.2967064,0.31670654,3.5267065,0.69670653,-0.45329344,-1.6032934,2.3767066,1.1567066,2.3167067,3.3767066
-2.0032935,-1.9432935,-2.2232935,-2.1532934,-1.9732934,-1.4532934,-1.0932934,-0.35329345,0.33670655,1.3367065,2.1867065,1.9767065,0.5167065,1.5967065,0.60670656,1.0767065,1.6567066,1.6767066,2.8667066,3.5767066,2.5067065,2.7367065,2.1667066,2.5267065,1.4567065,2.3667066,2.4167066,1.2767066,1.4767065,1.7567066,0.97670656,1.6567066,1.6167065,3.6067066,1.2567066,-0.39329347,-0.38329345,0.72670656,-1.6132934,1.4467065,0.74670655
-1.7732935,-2.1932936,-2.6932936,-2.8532934,-2.2432935,-2.3932934,-1.7832935,-0.62329346,-0.33329347,0.46670654,1.4267066,1.7367065,1.1367066,2.1167066,1.4367065,1.0167066,2.5067065,2.9967065,3.7167065,3.8667066,3.2267065,1.2567066,2.9167066,3.5567064,3.3767066,2.0367064,2.8267066,3.3767066,5.0067067,2.9767065,4.2967067,5.7567067,6.8667064,7.0867066,4.0967064,4.4867067,0.9067066,1.2567066,4.7267065,2.5667067,1.7167065
-2.1432934,-2.5332935,-2.5532935,-2.2732935,-2.0932934,-1.6532935,-1.3532934,-0.24329346,1.5367066,1.5867065,1.3967066,1.4267066,1.2167065,1.2567066,1.3067065,0.8967065,2.4567065,2.7367065,2.9767065,3.9967065,3.5967066,3.2867064,2.1267066,3.7167065,2.9167066,3.4167066,3.0167065,3.1267066,3.0667067,3.1167066,2.9067066,4.696707,5.1567063,6.1867065,7.9167066,2.9667065,2.1567066,0.98670655,1.6867065,3.0167065,4.1067066
-2.9432936,-3.2632935,-3.2232935,-3.4632936,-2.5832934,-1.9232935,-2.0532935,-2.5032935,-2.6332934,-0.8532935,0.43670654,-1.3532934,-2.7132936,-1.8332934,-0.40329346,-0.32329345,1.0967065,2.2867064,3.2667065,3.5167065,2.9867065,3.1267066,2.7367065,2.9167066,3.3967066,3.6267066,2.8667066,2.1667066,3.4167066,2.5167065,2.0967066,2.8967066,3.2867064,6.2267065,8.836706,7.3067064,3.0867066,2.9267066,3.5067065,2.3467066,2.2567065
-2.1232934,-3.1132934,-2.9032934,-3.8032935,-3.0532935,-3.4132934,-2.9932935,-2.1232934,-2.9432936,-1.5632935,-0.19329345,-2.5632935,-3.4332933,-2.7532935,-2.8532934,-2.1932936,-1.2732935,-0.96329343,0.38670653,0.78670657,1.2467065,1.5167066,2.1167066,3.0367064,2.6667066,2.8867066,3.7167065,2.0767066,1.3067065,0.73670655,2.5367064,3.6067066,4.1867065,5.4767065,6.1567063,7.6667066,3.4467065,1.3167065,0.41670653,1.7667066,0.09670654
-2.0432935,-2.7232935,-2.8532934,-3.0532935,-2.9832935,-2.7532935,-2.3832934,-3.9232934,-2.9732935,-1.3332934,-0.053293455,-1.6732935,-3.8332934,-4.303293,-4.4332933,-3.7532935,-3.3632934,-3.1332934,-3.0132935,-1.2232934,-0.113293454,0.006706543,-0.20329346,-0.24329346,-0.7832935,0.44670653,-0.17329346,1.0767065,2.1467066,2.0567064,2.6267066,2.7867064,3.7467065,4.5767064,5.2667065,6.5567064,6.0667067,2.0067065,3.7867064,1.6667066,1.0567065
-2.2632935,-3.1432934,-3.3532934,-3.9132934,-3.9632936,-3.7432935,-4.3332934,-4.5132933,-3.5832934,-1.9232935,-0.18329346,0.31670654,-4.4332933,-4.6632934,-4.6932936,-4.0032935,-3.9132934,-4.0332932,-3.0232935,-3.1032934,-3.2132936,-2.7332935,-2.1432934,-1.5232935,-0.8432934,-1.3632934,0.006706543,0.13670655,0.45670655,1.1367066,2.1067066,3.2267065,3.8067064,4.4367065,4.2067065,5.1667066,4.9567065,3.8267066,4.4167066,3.3167067,2.2267065
-1.0132935,-2.7432935,-3.9832935,-3.0332935,-3.6932936,-3.1232934,-3.7132936,-3.6832933,-3.1432934,-2.6632934,-1.5032935,-2.2932935,-0.06329346,-2.9932935,-5.3532934,-5.2732935,-5.4332933,-5.6932936,-5.6932936,-4.9332933,-4.2932935,-4.1732936,-3.6232934,-2.9332933,-2.3932934,-2.5332935,-2.4532936,-1.7232934,-1.1532935,-0.32329345,0.72670656,1.4367065,2.4667065,3.1867065,3.6467066,3.7367065,4.4967065,5.1867065,2.8567066,4.0167065,2.6867065
