wind_kz.json
{"header": {"discipline":0,"disciplineName":"Meteorological products","gribEdition":2,"gribLength":871,"center":7,"centerName":"US National Weather Service - NCEP(WMC)","subcenter":0,"refTime":"2023-09-28T06:00:00.000Z","significanceOfRT":1,"significanceOfRTName":"Start of forecast","productStatus":0,"productStatusName":"Operational products","productType":1,"productTypeName":"Forecast products","productDefinitionTemplate":0,"productDefinitionTemplateName":"Analysis/forecast at horizontal level/layer at a point in time","parameterCategory":0,"parameterCategoryName":"UnknownDiscipline_0_Category_0","parameterNumber":0,"parameterNumberName":"UnknownParameter_D0_C0_0","parameterUnit":"Unknown","genProcessType":2,"genProcessTypeName":"Forecast","forecastTime":300,"surface1Type":1,"surface1TypeName":"Ground or water surface","surface1Value":0.0,"surface2Type":255,"surface2TypeName":"Missing","surface2Value":0.0,"gridDefinitionTemplate":0,"gridDefinitionTemplateName":"Latitude_Longitude","numberPoints":615,"shape":6,"shapeName":"Earth spherical with radius of 6,371,229.0 m","gridUnits":"degrees","resolution":48,"winds":"true","scanMode":64,"nx":41,"ny":15,"basicAngle":0,"lo1":47.0,"la1":41.0,"lo2":87.0,"la2":55.0,"dx":1.0,"dy":1.0}, "data":
[rows 0 to 14 of 15, columns 0 to 40 of 41]
289.68768,281.8877,286.3877,292.8877,292.8877,292.0877,293.18768,294.0877,291.8877,292.18768,290.5877,290.9877,289.68768,288.7877,287.4877,284.2877,284.5877,285.8877,284.9877,285.4877,286.3877,285.0877,284.68768,283.3877,284.8877,286.5877,284.2877,271.2877,268.4877,267.9877,268.18768,271.0877,279.68768,286.8877,288.5877,287.8877,288.3877,286.2877,286.2877,286.18768,286.8877
270.3877,285.9877,292.4877,292.7877,292.8877,291.18768,293.2877,291.2877,290.3877,289.68768,289.18768,287.3877,286.18768,284.5877,285.2877,282.7877,284.5877,282.3877,281.9877,282.2877,282.7877,284.7877,282.2877,279.3877,269.0877,269.7877,278.4877,271.3877,272.5877,267.2877,272.68768,262.3877,271.7877,249.1877,260.5877,282.9877,280.2877,281.9877,285.9877,278.0877,283.4877
287.18768,292.18768,292.5877,292.3877,290.68768,292.0877,291.2877,289.7877,287.7877,286.18768,284.68768,284.7877,283.8877,283.18768,283.8877,279.9877,279.7877,278.68768,280.3877,280.68768,282.2877,283.68768,283.2877,276.68768,280.18768,279.2877,280.9877,279.9877,279.7877,272.9877,266.9877,268.7877,272.18768,271.4877,273.3877,274.8877,257.9877,267.18768,266.8877,264.0877,265.8877
288.4877,291.5877,292.2877,291.5877,290.7877,290.68768,290.3877,287.4877,286.2877,284.8877,283.68768,282.9877,289.2877,288.68768,283.2877,279.9877,281.5877,279.2877,280.68768,283.5877,282.68768,276.2877,280.5877,280.7877,279.7877,280.7877,281.4877,279.0877,277.18768,277.4877,277.9877,275.5877,280.0877,277.8877,276.9877,272.9877,256.68768,255.8877,262.68768,271.7877,275.7877
289.8877,290.4877,290.9877,290.0877,290.2877,290.7877,290.3877,288.68768,286.4877,284.68768,283.3877,282.2877,288.0877,286.9877,285.5877,281.0877,281.18768,280.68768,280.18768,281.5877,281.7877,281.5877,279.5877,279.3877,278.3877,278.7877,277.4877,280.2877,277.68768,277.0877,279.2877,276.4877,265.68768,257.4877,270.0877,276.68768,281.4877,278.68768,278.18768,277.9877,277.2877
288.9877,287.5877,289.18768,289.9877,290.0877,289.68768,289.3877,289.2877,286.2877,284.3877,283.68768,282.9877,286.8877,287.7877,283.9877,280.68768,282.3877,280.2877,280.9877,280.68768,280.3877,279.7877,278.5877,278.3877,277.68768,276.0877,276.9877,285.7877,278.9877,278.8877,276.18768,278.68768,276.5877,275.0877,272.18768,278.18768,264.4877,269.68768,273.8877,276.68768,277.68768
287.4877,286.8877,290.0877,289.8877,289.3877,290.0877,289.9877,287.68768,286.9877,285.8877,282.9877,282.4877,281.8877,281.68768,280.7877,281.7877,281.18768,281.3877,279.9877,279.3877,278.8877,279.68768,279.4877,279.2877,277.5877,277.0877,275.2877,276.5877,276.5877,276.3877,275.3877,275.7877,276.68768,278.3877,276.3877,274.7877,269.3877,263.9877,255.78769,265.18768,272.7877
288.18768,287.7877,290.2877,290.4877,291.2877,292.3877,290.4877,286.5877,284.68768,284.0877,282.3877,281.4877,280.5877,281.4877,281.3877,281.4877,281.0877,281.0877,280.18768,277.9877,278.18768,277.18768,276.4877,276.4877,275.7877,274.0877,274.4877,274.5877,273.68768,275.18768,274.5877,275.8877,274.3877,271.2877,269.3877,271.8877,273.5877,284.4877,273.2877,273.2877,270.68768
288.4877,289.5877,288.4877,287.9877,290.0877,289.3877,286.9877,286.5877,284.7877,283.0877,281.3877,279.8877,279.0877,280.18768,279.7877,280.4877,280.18768,279.4877,278.9877,277.8877,276.68768,276.4877,276.7877,276.2877,274.7877,274.9877,272.8877,272.0877,270.5877,269.2877,270.9877,271.3877,272.0877,272.3877,270.18768,267.8877,270.0877,267.18768,255.8877,257.3877,251.8877
290.2877,290.2877,289.4877,288.18768,287.2877,288.2877,285.4877,284.9877,284.5877,283.0877,281.2877,280.18768,280.0877,279.68768,279.2877,279.68768,279.68768,279.2877,279.0877,278.68768,277.68768,277.8877,280.68768,277.5877,277.0877,275.9877,275.3877,274.68768,273.4877,272.8877,272.5877,276.4877,277.7877,276.0877,274.7877,270.2877,268.2877,266.68768,264.2877,255.78769,257.2877
287.4877,285.5877,286.4877,285.2877,284.68768,283.3877,283.9877,283.9877,282.9877,281.8877,281.2877,280.9877,281.0877,279.7877,279.4877,279.5877,279.2877,280.0877,278.9877,278.68768,278.9877,278.68768,278.18768,277.9877,277.68768,276.8877,274.8877,276.2877,276.2877,277.2877,277.0877,278.68768,278.8877,277.5877,276.7877,273.68768,267.18768,261.7877,259.2877,261.0877,256.2877
283.18768,283.5877,283.3877,282.5877,281.2877,280.68768,279.8877,280.4877,280.7877,280.7877,279.0877,279.7877,280.7877,279.68768,280.18768,280.3877,280.5877,280.4877,279.5877,279.9877,279.0877,279.0877,278.18768,277.7877,276.8877,277.0877,276.68768,277.8877,277.8877,277.9877,277.5877,277.5877,278.9877,277.0877,276.2877,275.7877,273.5877,270.2877,266.4877,266.68768,266.4877
281.8877,280.8877,281.7877,281.3877,282.18768,281.2877,279.4877,279.4877,279.0877,279.68768,277.9877,277.2877,279.9877,279.9877,281.18768,281.68768,281.8877,281.4877,281.5877,281.0877,280.9877,280.2877,279.8877,278.8877,279.3877,278.7877,279.4877,278.3877,278.3877,278.0877,277.7877,276.8877,278.5877,277.3877,275.4877,274.4877,273.8877,274.0877,272.18768,270.5877,270.2877
279.3877,281.5877,283.3877,282.7877,281.4877,280.8877,279.9877,280.5877,280.2877,280.3877,278.2877,275.68768,279.8877,280.7877,281.68768,282.3877,282.3877,282.18768,282.0877,282.4877,282.7877,282.4877,282.18768,281.68768,280.9877,280.68768,279.4877,278.9877,278.4877,277.68768,276.9877,276.2877,276.4877,275.2877,274.18768,272.8877,273.9877,272.9877,271.8877,269.9877,270.7877
280.5877,282.18768,284.0877,281.9877,281.4877,281.0877,282.18768,280.8877,281.2877,281.18768,280.8877,280.4877,279.68768,281.68768,280.68768,281.4877,281.7877,282.18768,282.68768,282.0877,282.2877,282.2877,282.3877,281.68768,281.0877,280.4877,279.2877,278.4877,277.2877,276.18768,277.4877,279.9877,274.8877,273.5877,273.18768,272.7877,274.3877,271.9877,272.3877,271.5877,271.68768
