wind_kz.json
{"header": {"discipline":0,"disciplineName":"Meteorological products","gribEdition":2,"gribLength":1102,"center":7,"centerName":"US National Weather Service - NCEP(WMC)","subcenter":0,"refTime":"2023-09-09T12:00:00.000Z","significanceOfRT":1,"significanceOfRTName":"Start of forecast","productStatus":0,"productStatusName":"Operational products","productType":1,"productTypeName":"Forecast products","productDefinitionTemplate":0,"productDefinitionTemplateName":"Analysis/forecast at horizontal level/layer at a point in time","parameterCategory":2,"parameterCategoryName":"UnknownDiscipline_0_Category_2","parameterNumber":3,"parameterNumberName":"UnknownParameter_D0_C2_3","parameterUnit":"Unknown","genProcessType":2,"genProcessTypeName":"Forecast","forecastTime":60,"surface1Type":103,"surface1TypeName":"Specified height level above ground","surface1Value":10.0,"surface2Type":255,"surface2TypeName":"Missing","surface2Value":0.0,"gridDefinitionTemplate":0,"gridDefinitionTemplateName":"Latitude_Longitude","numberPoints":615,"shape":6,"shapeName":"Earth spherical with radius of 6,371,229.0 m","gridUnits":"degrees","resolution":48,"winds":"true","scanMode":64,"nx":41,"ny":15,"basicAngle":0,"lo1":47.0,"la1":41.0,"lo2":87.0,"la2":55.0,"dx":1.0,"dy":1.0}, "data":
[rows 0 to 14 of 15, columns 0 to 40 of 41]
-1.921189,0.15881103,0.41881102,3.818811,-1.411189,-4.431189,-4.221189,-4.691189,0.52881104,1.228811,1.608811,1.1588111,-0.23118897,0.078811035,1.948811,1.4088111,-0.48118895,-0.98118895,-1.671189,-1.671189,-2.431189,-3.691189,-3.061189,0.83881104,0.24881104,-0.78118896,-0.631189,2.158811,1.498811,1.848811,1.728811,0.96881104,0.048811033,-1.291189,-1.9611889,-0.85118896,-0.37118897,0.23881103,0.22881104,-1.421189,0.678811
1.618811,0.548811,4.678811,0.32881105,-2.1511889,-2.661189,-1.991189,-2.1311889,-2.421189,-1.931189,-1.5811889,-0.711189,-2.331189,-1.351189,2.038811,3.758811,2.548811,0.62881106,-0.68118894,-1.481189,-2.041189,-2.781189,-2.081189,2.238811,0.56881106,1.778811,-0.761189,3.738811,0.558811,2.8788111,3.168811,4.698811,1.848811,0.978811,0.63881105,-1.521189,-1.351189,-2.3711889,-0.73118895,-0.821189,0.558811
1.448811,4.188811,1.878811,-1.721189,-0.831189,-1.3211889,-1.671189,-1.3411889,-0.99118894,-1.431189,0.25881103,0.93881106,-0.521189,-1.3411889,-2.211189,3.438811,3.8588111,3.328811,2.288811,-0.071188964,-0.941189,-1.801189,-0.47118896,1.0488111,-2.4011889,-0.881189,-0.78118896,1.6888111,-2.781189,-1.4511889,0.078811035,-1.2011889,-0.701189,-1.731189,-0.021188965,2.3488111,5.648811,0.738811,1.108811,-1.421189,-0.511189
2.448811,4.208811,3.208811,1.948811,0.52881104,0.06881104,-0.641189,-1.851189,-2.271189,-1.5911889,-1.981189,-0.691189,1.628811,-0.24118896,-0.581189,-0.93118894,2.6088111,3.028811,2.248811,1.228811,1.208811,0.41881102,-1.011189,-1.861189,-1.8111889,-1.3311889,-1.611189,-0.891189,0.808811,-2.071189,-3.291189,-5.0011888,-3.111189,3.258811,-0.92118895,-0.961189,-0.881189,1.768811,5.7288113,2.8688111,2.958811
1.6588111,2.548811,1.098811,0.56881106,1.858811,1.398811,0.32881105,1.5388111,0.83881104,1.4188111,1.4188111,1.1688111,-0.711189,0.56881106,-0.87118894,1.468811,2.1188111,3.258811,3.138811,2.3488111,2.558811,2.238811,1.868811,0.70881104,-0.84118897,0.12881103,2.418811,1.268811,0.45881104,2.988811,1.578811,1.148811,2.688811,-0.17118897,-1.501189,-0.15118897,-0.701189,-1.531189,-1.8411889,0.09881104,1.8088111
0.43881103,1.768811,0.34881103,3.268811,1.328811,2.188811,1.068811,0.64881104,1.208811,1.1688111,0.31881103,0.16881104,0.09881104,-0.59118897,-1.381189,1.388811,1.738811,3.8588111,3.058811,3.178811,2.978811,3.918811,2.238811,1.208811,0.21881104,-0.68118894,0.94881105,0.558811,2.998811,3.188811,1.998811,1.628811,-0.41118896,2.428811,2.228811,-10.121189,1.0388111,-0.47118896,0.71881104,-1.9611889,1.328811
1.508811,1.6688111,2.0988111,2.528811,2.798811,0.19881104,-0.18118897,-0.32118896,-0.11118896,0.548811,0.15881103,0.978811,1.758811,1.6888111,0.57881105,1.228811,2.008811,2.178811,2.478811,2.818811,2.998811,3.458811,3.588811,2.838811,1.078811,0.71881104,0.31881103,1.118811,3.748811,3.298811,2.8788111,3.968811,6.038811,8.228811,-2.491189,-5.761189,-2.501189,-1.9411889,-0.761189,-0.701189,2.548811
-0.65118897,-0.011188965,-1.771189,-0.701189,0.82881105,0.88881105,0.008811035,-0.49118897,0.29881105,-0.67118895,-0.80118895,-0.84118897,-0.071188964,-1.3211889,-1.9611889,-2.301189,-1.301189,0.20881103,0.88881105,1.228811,1.348811,2.8688111,3.828811,4.428811,4.358811,4.068811,2.8588111,3.1088111,3.648811,3.208811,3.388811,1.7988111,5.118811,7.818811,11.088811,9.498811,-1.8311889,-2.591189,-0.72118896,-0.46118897,-2.441189
-2.311189,-0.66118896,-1.361189,-0.881189,-0.891189,-0.53118896,0.788811,0.90881103,-0.21118897,0.43881103,-0.29118896,0.22881104,-0.19118896,-1.501189,-1.2011889,-1.141189,-0.511189,0.12881103,0.83881104,1.088811,1.468811,1.4388111,3.498811,5.018811,6.078811,6.848811,6.988811,6.288811,6.108811,4.858811,4.148811,4.4988112,3.808811,6.128811,9.648811,7.608811,-0.73118895,2.528811,4.688811,2.188811,-0.33118898
-2.471189,-2.501189,-3.431189,-2.311189,-2.011189,-2.501189,-2.221189,-1.3111889,-0.73118895,-0.581189,-0.11118896,1.888811,-0.12118897,-1.1911889,-1.531189,-1.8111889,-2.091189,-0.44118896,0.33881104,0.29881105,1.628811,1.978811,4.118811,6.528811,8.058811,7.168811,7.358811,6.538811,6.758811,6.278811,4.798811,3.078811,2.188811,-1.101189,8.298811,8.828811,1.608811,0.918811,1.588811,4.768811,3.968811
-1.291189,-1.3311889,-3.001189,-2.851189,-2.531189,-1.481189,-1.781189,-0.56118894,-1.5711889,0.558811,0.52881104,0.998811,-0.35118896,-1.721189,-2.941189,-2.6411889,-3.571189,-3.781189,-1.881189,-2.3711889,-4.221189,-0.78118896,-1.141189,2.028811,8.518811,8.178811,6.938811,6.848811,6.388811,4.538811,4.878811,2.8588111,1.1888111,5.458811,8.9888115,5.928811,2.308811,3.838811,3.168811,2.178811,1.088811
-3.561189,-3.161189,-2.051189,-3.061189,-2.831189,-2.811189,-1.241189,0.19881104,-1.241189,-1.231189,-1.431189,-2.001189,-3.1211889,-2.411189,-3.001189,-4.2711887,-3.791189,-5.0011888,-4.361189,-5.621189,-7.351189,-5.641189,-2.261189,2.5988111,4.518811,5.068811,4.508811,4.7488112,4.548811,4.418811,4.308811,4.508811,2.668811,1.718811,1.248811,3.258811,3.808811,3.438811,2.548811,2.588811,0.65881103
-2.741189,-3.211189,-2.741189,-2.3711889,-2.491189,-1.641189,-2.181189,-1.721189,-2.951189,-2.261189,-1.531189,-2.591189,-2.8711889,-3.481189,-3.511189,-4.5211887,-4.921189,-5.151189,-5.801189,-5.831189,-5.851189,-5.511189,-5.281189,-3.521189,-1.9611889,0.32881105,-0.46118897,-3.3811889,-2.781189,1.828811,4.988811,6.148811,4.468811,2.318811,4.578811,2.208811,-1.121189,1.348811,1.8088111,0.94881105,0.58881104
-2.1411889,-2.431189,-3.1211889,-2.931189,-2.1411889,-1.4411889,-1.921189,-2.3711889,-1.901189,-2.1511889,-0.61118895,-0.99118894,-3.411189,-5.661189,-5.811189,-5.551189,-5.561189,-5.831189,-5.661189,-6.211189,-6.631189,-6.5211887,-5.5211887,-5.181189,-4.911189,-4.611189,-4.931189,-4.491189,-3.231189,0.21881104,0.29881105,0.678811,-0.47118896,0.70881104,-1.011189,1.9188111,0.618811,-0.38118896,-0.79118896,-0.011188965,-0.09118897
-1.901189,-2.601189,-2.9011889,-1.921189,-1.521189,-1.171189,-2.261189,-2.571189,-3.361189,-4.141189,-2.501189,-3.861189,-1.0811889,-3.801189,-5.641189,-5.511189,-5.671189,-5.561189,-5.471189,-6.261189,-6.2711887,-6.181189,-6.201189,-6.551189,-5.631189,-5.031189,-4.811189,-5.201189,-5.201189,-4.651189,-3.941189,-3.201189,-1.3111889,-2.951189,-1.921189,-1.751189,-0.90118897,-0.41118896,0.028811036,-0.65118897,-0.39118898
