wind_kz.json
{"header": {"discipline":0,"disciplineName":"Meteorological products","gribEdition":2,"gribLength":871,"center":7,"centerName":"US National Weather Service - NCEP(WMC)","subcenter":0,"refTime":"2024-01-31T12:00:00.000Z","significanceOfRT":1,"significanceOfRTName":"Start of forecast","productStatus":0,"productStatusName":"Operational products","productType":1,"productTypeName":"Forecast products","productDefinitionTemplate":0,"productDefinitionTemplateName":"Analysis/forecast at horizontal level/layer at a point in time","parameterCategory":0,"parameterCategoryName":"UnknownDiscipline_0_Category_0","parameterNumber":0,"parameterNumberName":"UnknownParameter_D0_C0_0","parameterUnit":"Unknown","genProcessType":2,"genProcessTypeName":"Forecast","forecastTime":0,"surface1Type":1,"surface1TypeName":"Ground or water surface","surface1Value":0.0,"surface2Type":255,"surface2TypeName":"Missing","surface2Value":0.0,"gridDefinitionTemplate":0,"gridDefinitionTemplateName":"Latitude_Longitude","numberPoints":615,"shape":6,"shapeName":"Earth spherical with radius of 6,371,229.0 m","gridUnits":"degrees","resolution":48,"winds":"true","scanMode":64,"nx":41,"ny":15,"basicAngle":0,"lo1":47.0,"la1":41.0,"lo2":87.0,"la2":55.0,"dx":1.0,"dy":1.0}, "data":
[rows 0 to 14 of 15, columns 0 to 40 of 41]
283.16364,271.66364,278.16364,280.46362,280.46362,281.96362,281.7636,281.86362,278.7636,278.2636,276.56363,275.86362,274.2636,274.66364,274.66364,273.56363,275.56363,274.96362,277.56363,276.06363,278.46362,278.46362,276.96362,272.46362,276.06363,277.66364,268.46362,252.56363,253.06363,250.66362,252.46362,254.56363,265.56363,270.96362,269.7636,268.66364,269.56363,269.7636,270.06363,268.7636,270.96362
262.56363,276.7636,280.2636,279.96362,280.36362,281.16364,278.16364,275.46362,276.86362,276.56363,276.66364,274.2636,273.96362,274.56363,273.2636,272.36362,275.06363,275.66364,275.36362,275.56363,275.06363,275.06363,272.2636,262.96362,241.46362,257.46362,257.86362,251.06363,252.46362,247.56363,256.7636,241.56363,260.86362,239.66362,255.06363,266.16364,267.96362,270.06363,269.16364,263.66364,267.06363
276.46362,278.66364,280.46362,280.46362,280.46362,275.66364,275.36362,274.96362,273.36362,273.16364,272.86362,272.66364,273.16364,272.2636,271.06363,270.56363,270.56363,269.86362,270.46362,270.86362,272.36362,271.96362,272.46362,264.46362,269.7636,268.36362,267.2636,267.2636,268.7636,262.7636,252.56363,258.46362,259.66364,258.06363,255.66362,261.16364,250.86362,253.46362,253.36362,256.46362,258.06363
274.56363,276.2636,278.2636,279.36362,278.06363,273.36362,273.16364,271.46362,272.06363,271.56363,271.7636,271.36362,281.36362,281.96362,272.16364,270.86362,270.06363,269.86362,269.66364,270.06363,270.2636,265.86362,270.36362,269.06363,269.2636,268.2636,267.06363,267.56363,266.56363,269.16364,268.7636,268.66364,270.66364,266.86362,267.36362,263.16364,254.36362,252.36362,258.56363,256.56363,255.86362
274.66364,272.46362,271.96362,272.16364,272.7636,274.46362,273.16364,272.96362,272.06363,270.96362,270.16364,270.2636,279.16364,279.06363,278.2636,271.36362,269.36362,269.46362,268.96362,268.7636,270.06363,269.86362,265.06363,264.56363,263.66364,266.06363,264.16364,265.16364,269.06363,269.2636,270.7636,271.36362,259.46362,246.66362,261.36362,256.66364,263.2636,261.66364,260.56363,258.86362,261.16364
273.46362,274.06363,271.66364,271.06363,271.2636,271.66364,272.86362,272.96362,271.7636,270.86362,269.7636,269.56363,277.36362,279.16364,269.46362,270.06363,270.16364,269.7636,268.66364,269.06363,269.46362,269.36362,268.06363,266.36362,265.46362,262.86362,264.96362,267.2636,267.36362,267.36362,268.36362,270.36362,267.46362,265.16364,265.7636,265.16364,261.7636,263.56363,259.06363,258.46362,257.36362
271.7636,273.2636,274.86362,274.46362,272.46362,273.56363,273.56363,271.86362,271.06363,270.2636,270.2636,269.7636,268.56363,266.96362,266.66364,268.2636,268.2636,268.16364,269.7636,269.06363,268.46362,267.16364,265.86362,265.36362,263.46362,262.7636,261.46362,264.7636,264.16364,263.86362,267.36362,267.56363,267.2636,265.96362,264.96362,262.2636,260.06363,260.06363,260.7636,259.7636,258.46362
273.16364,272.96362,271.86362,272.16364,271.86362,271.16364,271.2636,270.66364,270.86362,270.56363,270.2636,270.56363,268.7636,268.66364,266.86362,267.96362,268.16364,267.86362,269.36362,266.56363,264.36362,263.86362,263.46362,263.06363,262.06363,258.86362,260.16364,262.7636,261.96362,262.96362,265.7636,266.7636,265.86362,264.46362,264.56363,254.36362,255.86362,260.46362,259.66364,258.06363,256.36362
271.56363,270.36362,269.86362,270.06363,270.16364,269.56363,269.66364,269.7636,270.2636,270.86362,270.2636,270.2636,268.7636,268.96362,266.2636,267.36362,267.46362,267.2636,266.46362,265.56363,263.66364,261.66364,261.2636,258.36362,256.46362,259.46362,260.66364,261.86362,259.7636,259.16364,265.16364,263.96362,265.56363,266.36362,262.66364,256.36362,256.56363,258.56363,258.56363,255.56363,252.76363
265.66364,266.96362,267.46362,268.56363,268.36362,267.66364,268.2636,268.16364,270.66364,270.56363,270.16364,268.96362,267.06363,266.16364,264.7636,265.7636,266.2636,266.06363,265.06363,264.2636,262.56363,260.96362,257.16364,259.2636,260.96362,261.56363,263.06363,264.2636,264.2636,262.56363,263.96362,266.96362,267.56363,265.7636,261.66364,258.2636,262.7636,260.96362,258.7636,256.66364,253.26363
264.86362,265.7636,266.96362,266.86362,266.66364,267.46362,267.46362,270.46362,270.56363,270.46362,270.2636,269.16364,266.7636,264.06363,264.06363,264.36362,264.2636,262.86362,261.7636,259.46362,260.36362,256.96362,258.36362,261.16364,264.86362,264.86362,264.2636,262.56363,262.7636,263.06363,264.16364,264.56363,264.16364,264.86362,262.86362,264.96362,264.86362,258.56363,256.46362,259.2636,254.06363
266.7636,266.2636,266.46362,265.7636,266.2636,266.56363,266.7636,268.16364,270.2636,270.36362,269.46362,267.56363,266.46362,263.46362,263.56363,263.16364,260.06363,256.66364,259.36362,258.16364,257.86362,258.46362,260.2636,261.7636,264.36362,258.96362,261.96362,263.56363,263.16364,262.66364,259.36362,261.86362,262.36362,263.46362,264.16364,266.2636,264.06363,261.2636,262.7636,261.56363,260.7636
270.56363,266.36362,265.56363,268.36362,268.36362,268.66364,266.86362,269.36362,269.66364,270.16364,268.66364,266.36362,266.7636,264.7636,263.06363,260.86362,258.06363,258.2636,256.2636,254.06363,256.46362,257.96362,261.06363,262.2636,258.96362,257.36362,257.46362,257.16364,257.46362,259.7636,260.2636,260.7636,262.56363,262.86362,262.86362,263.96362,262.56363,263.46362,261.66364,259.36362,261.86362
268.36362,266.46362,265.96362,265.56363,266.56363,267.06363,266.56363,266.86362,269.06363,270.06363,269.2636,265.66364,265.86362,264.66364,261.2636,261.2636,257.7636,259.46362,257.96362,254.46362,251.76363,251.46362,257.36362,258.86362,261.2636,259.46362,256.2636,254.66362,258.36362,259.7636,257.36362,255.76363,256.86362,257.66364,257.66364,260.36362,261.2636,259.66364,258.2636,260.2636,256.06363
268.56363,267.16364,265.06363,265.06363,265.96362,266.06363,268.06363,268.06363,266.96362,270.16364,269.2636,268.7636,267.7636,264.16364,266.7636,259.96362,257.36362,258.2636,257.36362,253.06363,250.66362,249.76363,248.76363,256.7636,258.66364,259.56363,260.66364,258.7636,258.86362,257.86362,257.06363,256.16364,256.2636,255.96362,255.76363,255.76363,256.86362,256.16364,255.26363,253.26363,254.86362
