wind_kz.json
{"header": {"discipline":0,"disciplineName":"Meteorological products","gribEdition":2,"gribLength":1025,"center":7,"centerName":"US National Weather Service - NCEP(WMC)","subcenter":0,"refTime":"2023-09-29T00:00:00.000Z","significanceOfRT":1,"significanceOfRTName":"Start of forecast","productStatus":0,"productStatusName":"Operational products","productType":1,"productTypeName":"Forecast products","productDefinitionTemplate":0,"productDefinitionTemplateName":"Analysis/forecast at horizontal level/layer at a point in time","parameterCategory":2,"parameterCategoryName":"UnknownDiscipline_0_Category_2","parameterNumber":3,"parameterNumberName":"UnknownParameter_D0_C2_3","parameterUnit":"Unknown","genProcessType":2,"genProcessTypeName":"Forecast","forecastTime":120,"surface1Type":103,"surface1TypeName":"Specified height level above ground","surface1Value":10.0,"surface2Type":255,"surface2TypeName":"Missing","surface2Value":0.0,"gridDefinitionTemplate":0,"gridDefinitionTemplateName":"Latitude_Longitude","numberPoints":615,"shape":6,"shapeName":"Earth spherical with radius of 6,371,229.0 m","gridUnits":"degrees","resolution":48,"winds":"true","scanMode":64,"nx":41,"ny":15,"basicAngle":0,"lo1":47.0,"la1":41.0,"lo2":87.0,"la2":55.0,"dx":1.0,"dy":1.0}, "data":
[rows 0 to 14 of 15, columns 0 to 40 of 41]
3.1896827,-0.2903174,-0.5003174,-8.700317,-10.260318,-10.260318,-1.7403173,0.099682614,-1.0403174,-1.5303174,-3.1403174,-3.173828E-4,0.019682618,-1.2003174,-1.7103174,-1.8603173,-2.1003175,-1.6303173,-3.0403173,-1.7303174,-2.2003174,-2.7303174,-0.33031738,-0.97031736,-0.7603174,-1.2003174,-1.4503174,1.5096827,1.5696826,1.2096826,-1.5903174,-2.4903173,0.20968261,-1.6103173,-0.73031735,-0.27031738,0.26968262,0.7396826,-1.0903174,-1.1403174,-1.3703173
-1.9403174,0.51968265,-1.9903173,-5.7403173,-8.900317,-6.0703173,-3.0903175,0.3396826,-0.66031736,-2.5103173,-2.5903175,-2.9903173,-0.9603174,0.37968263,-2.3003173,-1.4603174,-0.5703174,-1.6303173,-2.3403175,-2.6603174,-3.1003175,-3.3803174,-0.9203174,1.9096826,0.65968263,1.2396827,-1.9403174,2.1796827,0.6296826,2.5896826,3.0096827,4.059683,0.8296826,-1.9003174,-3.2503173,-1.4403174,-1.5203174,-2.6903174,-0.6103174,-0.91031736,1.1296827
0.6396826,-3.0803175,-4.5003176,-4.5103173,-4.1203175,-4.110317,-3.3503175,-1.2203174,0.19968262,-1.7603173,-3.2603173,-2.0703173,-0.73031735,0.5396826,0.2796826,-0.98031735,-1.1703174,-1.1003174,-0.53031737,-2.4803174,-3.6303174,-1.1203173,-0.16031738,-0.2503174,0.19968262,0.34968263,0.31968263,0.44968262,-0.3203174,0.8896826,2.5096827,-0.19031738,1.3296826,-0.07031738,-0.5503174,0.6196826,0.5996826,-2.0803175,-0.22031738,-0.16031738,-0.13031739
-0.91031736,-1.3903174,-1.6803174,-2.5703173,-3.7203174,0.7296826,-2.0003173,-3.9803174,-4.8503175,-0.8703174,-1.1703174,-2.4703174,-2.7103174,-0.6803174,0.31968263,0.039682616,-1.1803174,-1.5703174,-1.8603173,-3.1603174,-3.2103174,-1.0403174,0.90968263,0.26968262,-0.34031737,-0.14031738,-0.54031736,-1.2803174,1.2296826,0.16968262,-0.91031736,-1.4003174,-0.5103174,-0.6103174,-0.72031736,-1.7303174,1.0896826,3.0196826,1.2596827,2.3696826,0.47968262
-3.3703175,-2.6803174,-0.7403174,-0.9903174,-0.98031735,-1.6303173,0.5796826,1.8396826,3.9296827,1.1596826,-3.173828E-4,0.21968262,-1.4603174,-2.8903174,-2.8703175,-1.9003174,-2.1603174,-1.2503173,-0.79031736,-2.0603173,-1.4903173,-0.42031738,-0.30031738,-1.3403174,-1.3803173,-2.0203173,-1.0403174,-1.3703173,-0.4403174,0.099682614,0.8796826,0.77968264,2.5596826,2.8696826,-0.16031738,-1.0903174,-0.5803174,0.70968264,0.34968263,1.4296826,-1.8903174
-3.2603173,-2.5603173,-4.0603175,-1.6303173,-1.0003173,0.9796826,0.40968263,-0.54031736,2.3196826,-0.09031738,0.24968262,0.06968262,-0.9403174,-2.3003173,-2.1603174,-0.60031736,-0.13031739,-1.4803174,-3.0003173,-2.2703173,-0.9403174,0.14968261,-0.54031736,-0.9503174,-0.85031736,-0.9603174,-0.5603174,-2.6803174,0.019682618,0.28968263,2.5596826,2.1896827,-0.09031738,2.0996826,2.4296827,-1.5103173,2.2696826,-0.24031739,-2.7603173,1.8896827,-0.54031736
-3.8403175,-4.150317,-2.9303174,-2.7603173,-3.6103175,-2.8803174,0.10968262,2.4496827,2.9996827,2.5696826,0.21968262,0.4396826,1.1196827,0.12968262,0.89968264,0.4996826,-0.7103174,-1.9303174,-3.1603174,-0.10031738,-2.1503174,-1.0703174,0.05968262,-1.1403174,-1.1203173,-1.1203173,-2.1003175,-1.8203174,-3.2303174,-0.79031736,-1.5103173,-1.4303174,-1.3903174,-1.8103174,0.37968263,-0.5603174,-1.3503174,-0.050317384,-0.91031736,0.89968264,-3.6603174
-2.7703173,-3.2503173,-3.1403174,-3.1103175,-2.9903173,-2.9403174,-2.0903175,3.3996825,3.9596827,6.4396825,6.079683,3.4896827,3.4396827,2.7596827,2.7396827,2.0496826,0.14968261,-1.7903174,-2.7703173,1.5996826,-1.7403173,-0.9303174,-1.3703173,-1.3703173,-1.8703173,-0.13031739,0.2796826,-1.0303174,-1.2103174,-2.5903175,-2.1903174,-3.0403173,-1.9303174,-2.0403173,-0.34031737,-0.24031739,0.58968264,-0.72031736,-0.54031736,1.7596827,0.039682616
-2.8903174,-2.8803174,-2.5603173,-2.6603174,-2.6803174,-2.6703174,-1.8703173,-1.0903174,3.8196826,2.0396826,1.6396827,2.8196826,5.2796826,2.9396827,3.6196826,2.2796826,1.5896826,-0.5103174,-2.2003174,1.4196826,0.6096826,0.23968261,-0.07031738,-0.5703174,-1.1703174,-1.1503174,0.07968262,-0.36031738,-0.33031738,-0.53031737,-1.7303174,-2.1503174,-2.4403174,-2.8103173,-0.85031736,1.4496826,1.2396827,2.0896826,2.4496827,2.1896827,1.5296826
-1.4603174,-2.7503173,-2.6103175,-2.0903175,-1.8203174,-1.7903174,-1.9303174,-0.5203174,2.7696826,2.3196826,1.5496826,3.6596825,5.2396827,3.1696825,4.079683,2.8796825,2.2696826,1.3196826,-0.7603174,-0.050317384,1.1996826,2.6596825,1.8896827,0.8296826,0.5096826,0.4996826,-0.6303174,0.05968262,-0.9303174,-1.4203174,-1.5903174,-1.9403174,-2.9703174,-3.4903173,-2.1703174,-1.0103173,1.5096827,2.0196826,1.8596826,1.8596826,2.0496826
-0.43031737,-0.9903174,-2.0203173,-2.7303174,-2.8103173,-2.3503175,-2.6703174,-2.3503175,-2.1803174,0.5096826,1.3696827,2.9596827,3.2896826,2.4396827,4.2796826,3.8896825,3.5296826,2.3396826,1.7996826,1.2396827,2.0196826,2.3496826,2.0996826,2.6096826,1.7796826,1.9196826,0.44968262,0.029682618,-0.3503174,-0.6803174,-1.9903173,-2.4603174,-3.2903173,-2.7803173,-3.1303174,-1.1003174,-1.9003174,1.0896826,1.0596826,-0.080317385,0.7396826
-0.5103174,0.5096826,-1.2903174,-0.8903174,-2.0703173,-2.2503173,-1.9903173,-2.5903175,-1.4903173,-0.23031738,0.08968262,-1.2703174,-1.6503174,2.6796827,2.9296827,4.9696827,4.7596827,3.1696825,2.4996827,2.5496826,2.4996827,2.2296827,2.0996826,2.1796827,2.1096826,2.2396827,2.1796827,1.8196826,0.6796826,-1.1903174,-1.6103173,-2.2803173,-2.1803174,-2.9903173,-2.3403175,-3.0003173,-1.7903174,-0.5703174,-0.060317382,0.18968262,0.5396826
0.26968262,0.95968264,-0.20031738,-0.6303174,-1.3703173,-0.7503174,-1.2903174,-1.5003173,0.10968262,1.0496826,0.9396826,1.0496826,2.6196826,1.8596826,2.2796826,2.8696826,3.8396826,3.6996827,3.4696827,3.0296826,3.2696826,3.0596826,2.5296826,2.3096826,2.6096826,2.7196827,2.6096826,1.6596826,1.4196826,0.90968263,-0.050317384,-0.9203174,-1.1903174,-0.11031738,-0.9903174,-3.0203173,-3.3103173,-1.8503174,-2.3703175,-2.1603174,-1.5803174
1.1296827,1.1496826,1.0196826,0.5796826,0.18968262,-0.080317385,-0.17031738,-0.42031738,0.009682617,1.5196826,1.3896827,1.8296826,-1.1503174,0.6396826,1.9496826,1.5896826,2.8796825,3.2696826,3.4996827,3.4496827,3.3996825,3.3496826,3.0396826,2.7096827,2.4696827,2.6996827,2.7396827,2.7296827,2.1196826,1.6896826,0.77968264,0.20968261,-0.36031738,-1.3103174,-2.0003173,-2.5603173,-2.2603173,-2.0703173,-2.4103174,-2.1203175,-1.7503173
1.9596826,1.8396826,1.7496827,2.3296826,1.5896826,2.0796826,1.0696826,1.5896826,0.95968264,-0.2903174,0.3696826,1.3096826,2.3196826,0.6896826,0.12968262,1.4796826,1.7396827,2.5596826,4.2096825,4.0196824,4.0096827,4.0096827,3.4796827,3.2696826,2.9396827,2.7296827,2.8896825,2.9196825,2.6096826,2.3096826,1.6296827,1.4796826,1.5296826,1.1296827,0.8496826,0.009682617,-0.14031738,0.26968262,-0.11031738,-1.2703174,-0.8703174
