wind.json
{"header": {"discipline":0,"disciplineName":"Meteorological products","gribEdition":2,"gribLength":1039,"center":7,"centerName":"US National Weather Service - NCEP(WMC)","subcenter":0,"refTime":"2023-06-26T18:00:00.000Z","significanceOfRT":1,"significanceOfRTName":"Start of forecast","productStatus":0,"productStatusName":"Operational products","productType":1,"productTypeName":"Forecast products","productDefinitionTemplate":0,"productDefinitionTemplateName":"Analysis/forecast at horizontal level/layer at a point in time","parameterCategory":0,"parameterCategoryName":"UnknownDiscipline_0_Category_0","parameterNumber":0,"parameterNumberName":"UnknownParameter_D0_C0_0","parameterUnit":"Unknown","genProcessType":2,"genProcessTypeName":"Forecast","forecastTime":300,"surface1Type":1,"surface1TypeName":"Ground or water surface","surface1Value":0.0,"surface2Type":255,"surface2TypeName":"Missing","surface2Value":0.0,"gridDefinitionTemplate":0,"gridDefinitionTemplateName":"Latitude_Longitude","numberPoints":688,"shape":6,"shapeName":"Earth spherical with radius of 6,371,229.0 m","gridUnits":"degrees","resolution":48,"winds":"true","scanMode":64,"nx":43,"ny":16,"basicAngle":0,"lo1":45.0,"la1":40.0,"lo2":87.0,"la2":55.0,"dx":1.0,"dy":1.0}, "data":
[rows 0 to 15 of 16, columns 0 to 42 of 43]
291.77173,289.17172,309.37173,313.97174,317.67172,298.47174,297.67172,295.77173,309.87173,319.37173,320.07172,321.07172,329.67172,330.57172,331.37173,326.77173,326.17172,325.87173,327.07172,326.87173,325.67172,328.87173,322.07172,322.67172,319.57172,314.77173,315.67172,305.17172,302.97174,304.67172,305.67172,321.57172,322.37173,325.67172,328.77173,328.37173,325.77173,323.37173,323.27173,326.87173,335.07172,337.17172,336.27173
292.47174,307.27173,310.57172,298.67172,306.67172,297.77173,297.57172,295.67172,313.57172,314.97174,321.57172,320.37173,325.77173,323.37173,322.77173,325.67172,326.67172,327.87173,326.97174,325.97174,332.17172,330.17172,331.07172,324.17172,320.77173,319.27173,320.27173,320.77173,315.17172,297.07172,298.97174,300.87173,302.77173,300.17172,312.87173,321.77173,329.07172,324.27173,330.97174,334.77173,332.47174,332.47174,334.07172
297.57172,293.47174,287.37173,307.07172,297.77173,297.57172,297.27173,294.97174,324.07172,305.97174,311.27173,309.47174,321.37173,324.57172,324.17172,324.47174,326.07172,327.67172,328.67172,329.57172,322.87173,327.77173,329.47174,326.27173,322.67172,310.67172,299.07172,295.27173,302.87173,298.37173,297.07172,287.67172,295.77173,294.07172,307.87173,273.17172,299.57172,318.17172,326.27173,327.27173,329.87173,317.87173,284.57172
298.67172,301.77173,311.37173,297.67172,297.87173,297.67172,296.67172,319.77173,304.17172,305.97174,310.07172,317.57172,321.87173,324.77173,321.57172,325.67172,325.97174,328.87173,330.47174,322.87173,328.47174,328.77173,327.27173,324.27173,318.77173,308.17172,318.87173,316.67172,319.97174,318.87173,316.47174,292.87173,286.17172,281.67172,294.77173,302.87173,307.47174,305.07172,297.37173,299.87173,303.67172,299.87173,296.67172
310.97174,314.77173,316.57172,298.67172,298.87173,297.97174,304.27173,323.77173,321.07172,313.97174,310.57172,320.67172,319.07172,322.37173,295.97174,295.27173,326.27173,329.27173,324.67172,326.97174,327.57172,327.87173,322.27173,321.27173,326.57172,324.77173,324.67172,329.17172,329.57172,331.17172,329.27173,323.77173,332.57172,318.77173,325.07172,322.67172,320.97174,313.07172,297.47174,286.87173,299.77173,318.17172,322.97174
314.87173,315.67172,318.27173,298.87173,299.27173,299.67172,308.27173,320.17172,323.17172,319.87173,320.97174,325.07172,323.97174,321.37173,296.47174,295.77173,292.77173,325.67172,325.27173,321.57172,318.97174,322.17172,324.47174,325.87173,328.47174,325.47174,326.77173,327.17172,326.67172,315.47174,325.37173,325.87173,320.97174,317.17172,291.47174,291.57172,303.37173,314.97174,314.77173,328.27173,326.87173,324.07172,318.27173
314.47174,316.47174,315.87173,316.87173,299.57172,298.47174,298.87173,298.47174,324.17172,321.27173,323.57172,323.87173,322.17172,323.97174,299.57172,294.77173,310.37173,321.87173,325.17172,321.97174,322.67172,321.87173,322.07172,322.17172,323.87173,325.77173,323.67172,319.87173,317.87173,290.77173,315.37173,318.17172,309.47174,315.97174,320.77173,318.77173,311.67172,311.27173,307.97174,310.57172,326.37173,314.07172,308.17172
316.07172,317.87173,315.57172,314.87173,315.17172,306.97174,313.47174,320.97174,323.57172,321.57172,319.97174,319.07172,319.77173,320.27173,320.97174,324.67172,314.47174,326.87173,323.67172,320.07172,323.77173,320.17172,319.17172,319.97174,320.97174,321.17172,317.27173,317.47174,319.07172,316.77173,313.97174,319.97174,320.27173,322.77173,322.77173,318.87173,316.47174,313.07172,310.07172,298.27173,301.07172,295.17172,310.87173
313.97174,312.87173,315.17172,315.87173,314.87173,315.17172,315.87173,319.87173,323.67172,321.27173,318.17172,317.47174,318.47174,319.07172,306.77173,319.47174,322.07172,323.87173,326.57172,321.27173,321.17172,318.77173,316.97174,317.47174,317.17172,317.07172,317.17172,314.27173,314.17172,316.57172,309.77173,315.97174,315.67172,313.47174,314.97174,312.57172,314.27173,321.17172,316.97174,288.97174,316.07172,314.67172,311.17172
295.97174,313.77173,314.47174,314.27173,314.27173,313.77173,313.97174,317.07172,317.77173,317.07172,317.77173,316.57172,316.37173,304.87173,316.57172,319.77173,319.27173,321.57172,321.07172,320.97174,317.87173,318.07172,313.77173,313.27173,313.67172,313.87173,311.87173,311.27173,309.67172,305.37173,304.67172,305.97174,305.67172,308.67172,310.07172,314.17172,313.47174,308.97174,310.17172,308.17172,301.57172,287.97174,291.77173
308.57172,311.17172,312.37173,314.17172,311.27173,312.77173,311.17172,313.27173,314.67172,313.27173,313.87173,312.17172,310.17172,310.97174,312.67172,314.77173,315.17172,316.87173,317.17172,317.37173,316.97174,316.67172,313.37173,314.77173,316.37173,314.57172,311.57172,312.27173,308.27173,308.77173,307.37173,308.87173,309.77173,312.87173,313.07172,313.87173,312.77173,308.77173,300.97174,294.27173,299.17172,292.77173,291.87173
304.87173,299.47174,307.77173,309.07172,308.47174,308.37173,308.97174,310.47174,311.77173,310.87173,312.47174,309.97174,308.37173,306.97174,310.67172,309.77173,311.27173,313.07172,313.27173,315.17172,314.57172,311.87173,312.77173,313.47174,309.67172,309.77173,298.47174,308.97174,305.87173,311.07172,310.77173,313.27173,314.57172,315.37173,313.37173,308.57172,305.97174,304.27173,294.87173,290.27173,294.07172,290.77173,291.87173
301.27173,302.87173,304.67172,306.97174,308.67172,308.57172,306.47174,306.47174,305.77173,309.27173,307.27173,306.97174,304.77173,300.17172,299.57172,305.07172,307.07172,308.27173,308.97174,311.37173,310.17172,310.67172,306.97174,307.87173,307.87173,307.97174,306.47174,307.77173,308.67172,310.87173,311.67172,312.87173,311.07172,312.17172,309.27173,307.87173,304.37173,305.97174,298.27173,295.17172,289.27173,291.57172,293.37173
299.27173,299.07172,301.27173,303.37173,305.57172,304.17172,305.47174,306.27173,305.47174,308.67172,307.87173,303.67172,301.57172,297.97174,300.87173,298.17172,302.17172,302.77173,303.47174,299.57172,306.97174,303.77173,301.97174,301.17172,301.77173,303.17172,306.37173,308.37173,312.27173,310.07172,308.27173,307.27173,308.97174,308.07172,307.17172,306.17172,304.67172,301.97174,297.07172,292.87173,289.87173,292.77173,291.77173
297.97174,298.27173,300.47174,302.57172,297.47174,303.77173,302.67172,301.87173,301.27173,300.67172,303.37173,302.57172,298.07172,295.87173,300.47174,301.17172,300.27173,300.27173,300.47174,300.07172,300.77173,297.67172,302.87173,301.17172,303.67172,302.97174,304.27173,303.07172,302.47174,296.17172,301.47174,304.67172,306.17172,305.17172,306.27173,305.47174,303.37173,302.77173,295.27173,292.47174,293.27173,291.57172,295.47174
291.57172,291.27173,297.97174,299.07172,292.37173,299.87173,301.27173,301.57172,302.07172,300.57172,301.47174,300.87173,300.87173,298.57172,295.37173,298.87173,298.47174,299.67172,300.87173,299.07172,301.87173,302.37173,302.97174,300.27173,300.47174,299.97174,300.07172,299.57172,299.57172,301.07172,299.47174,301.97174,298.07172,293.77173,301.37173,303.57172,299.47174,296.67172,296.87173,290.67172,291.37173,294.77173,293.77173
