wind_kz.json
{"header": {"discipline":0,"disciplineName":"Meteorological products","gribEdition":2,"gribLength":1025,"center":7,"centerName":"US National Weather Service - NCEP(WMC)","subcenter":0,"refTime":"2024-04-09T06:00:00.000Z","significanceOfRT":1,"significanceOfRTName":"Start of forecast","productStatus":0,"productStatusName":"Operational products","productType":1,"productTypeName":"Forecast products","productDefinitionTemplate":0,"productDefinitionTemplateName":"Analysis/forecast at horizontal level/layer at a point in time","parameterCategory":2,"parameterCategoryName":"UnknownDiscipline_0_Category_2","parameterNumber":3,"parameterNumberName":"UnknownParameter_D0_C2_3","parameterUnit":"Unknown","genProcessType":2,"genProcessTypeName":"Forecast","forecastTime":0,"surface1Type":103,"surface1TypeName":"Specified height level above ground","surface1Value":10.0,"surface2Type":255,"surface2TypeName":"Missing","surface2Value":0.0,"gridDefinitionTemplate":0,"gridDefinitionTemplateName":"Latitude_Longitude","numberPoints":615,"shape":6,"shapeName":"Earth spherical with radius of 6,371,229.0 m","gridUnits":"degrees","resolution":48,"winds":"true","scanMode":64,"nx":41,"ny":15,"basicAngle":0,"lo1":47.0,"la1":41.0,"lo2":87.0,"la2":55.0,"dx":1.0,"dy":1.0}, "data":
[rows 0 to 14 of 15, columns 0 to 40 of 41]
-0.7327661,1.1572338,3.5072339,4.087234,2.377234,2.157234,2.5672338,1.8272339,2.2772338,0.93723387,-1.4527661,-0.8027661,-1.9327661,-2.6927662,-3.382766,-4.962766,-6.5527663,-5.6127663,-4.472766,-3.1927662,-1.7527661,-0.4727661,-2.312766,1.7672338,3.457234,3.187234,2.7572339,2.2872338,-0.15276611,0.5972339,1.9872339,3.2772338,0.4472339,2.887234,2.2872338,1.8572339,2.107234,1.6572338,0.7772339,1.7872338,0.6372339
4.1972337,-1.3727661,2.7372339,3.657234,2.627234,0.7072339,0.8672339,3.447234,2.0172338,0.10723389,-0.4027661,-1.7727661,-2.312766,-3.2427661,-3.532766,-4.602766,-4.3227663,-3.9427662,-4.332766,-4.022766,-2.9027662,-1.4427661,-1.4027661,2.357234,3.0272338,3.937234,2.677234,2.8372338,0.8272339,3.2372339,4.147234,5.4072337,1.2572339,2.227234,1.4572339,3.2372339,1.417234,4.057234,0.55723387,1.4672339,2.607234
1.5572339,3.8472338,2.7672338,2.5172338,3.697234,4.207234,3.2472339,2.917234,2.8272338,0.22723389,-0.33276612,-1.582766,-3.7027662,-4.392766,-4.262766,-3.852766,-2.9227662,-3.862766,-3.842766,-3.792766,-4.142766,-2.542766,2.117234,2.977234,4.1572337,1.7772338,-2.5127661,-4.142766,-0.81276613,-0.38276613,1.5272338,3.4872339,1.1772339,1.9772339,0.22723389,-1.7627661,2.917234,3.9872339,0.4472339,1.8172339,1.3272339
3.127234,1.9872339,1.4572339,2.897234,3.427234,3.897234,3.5272338,3.477234,2.727234,1.9272339,1.6872339,0.3372339,0.037233885,-1.3227661,-4.162766,-4.2827663,-3.7627661,-2.622766,-2.842766,-2.552766,-3.092766,-1.6127661,-3.602766,-2.582766,-0.22276612,2.2472339,5.1172338,0.8672339,-3.622766,-5.262766,-4.652766,-3.4127662,2.657234,-0.3127661,2.2772338,1.6472338,3.0672338,3.5572338,-0.9827661,-1.2327662,1.4972339
2.617234,1.1072339,1.0072339,1.8072339,2.417234,2.5372338,2.3072338,2.727234,1.4772339,0.9172339,1.7472339,-0.7827661,0.24723388,-0.8627661,-0.6627661,-2.9327662,-3.022766,-2.0027661,-2.0127661,-1.7827661,-0.9627661,-2.052766,-2.2627661,-2.542766,-2.862766,-1.6127661,1.7572339,2.5272338,5.057234,2.4972339,-0.68276614,-0.8927661,1.9572339,3.5672338,0.16723388,1.3272339,1.167234,-0.7627661,-0.93276614,1.0872339,2.607234
2.677234,2.8072338,3.0472338,3.5372338,3.357234,3.647234,2.2672338,1.5772339,2.187234,0.9172339,0.9672339,-0.7827661,-1.5727661,-0.7027661,-0.9027661,-2.6827662,-1.5727661,-2.4427662,-1.6827661,-1.6527661,-1.2427661,-1.4627662,-2.132766,-1.7827661,-1.5427661,-2.112766,-2.022766,1.0972339,-0.4027661,1.9572339,4.397234,5.4072337,0.7072339,0.38723388,-1.4227661,-1.7627661,-2.7127662,5.397234,0.2572339,1.0072339,3.687234
2.947234,3.2372339,3.407234,3.0372338,3.417234,3.107234,2.9872339,1.8172339,1.3372339,0.7372339,-0.39276612,-1.0227661,-2.0127661,-1.7427661,-3.632766,-2.132766,-1.4727662,-1.2827661,-1.1527661,-0.8527661,-0.8027661,-0.94276613,-2.2627661,-1.0727661,-1.1727661,-1.9727662,-2.352766,-0.6327661,-2.332766,-0.13276611,0.7172339,3.927234,6.297234,2.5672338,0.2872339,-0.4027661,1.8072339,5.597234,3.3072338,2.8472338,6.9272337
1.2972339,1.8572339,2.0972338,2.207234,2.397234,2.367234,2.0272338,2.187234,1.5772339,0.24723388,0.017233886,-0.4427661,0.16723388,0.7872339,-0.06276611,-0.4727661,-0.7127661,-0.7027661,-0.39276612,0.4472339,-0.122766115,-0.33276612,0.07723389,-0.81276613,-1.2227662,-1.4027661,-1.7027661,-2.612766,-2.032766,-1.8127661,-0.022766113,0.55723387,3.7372339,4.2172337,7.6172338,2.887234,-2.332766,3.387234,-4.5927663,0.087233886,3.0672338
1.2972339,1.9572339,2.167234,2.5372338,2.7672338,2.717234,2.207234,1.9072338,1.7072339,1.5272338,0.45723388,0.6172339,0.22723389,1.5572339,0.22723389,1.3472339,0.81723386,0.99723387,0.39723387,1.4572339,0.93723387,0.8272339,-0.3727661,-0.7127661,1.7872338,-1.6527661,-1.8727661,-0.36276612,-0.7327661,-1.8027661,-0.56276613,1.5572339,2.5172338,2.7972338,2.5272338,2.927234,0.027233887,3.177234,4.347234,2.717234,3.0372338
-0.36276612,0.13723388,0.7972339,1.2372339,1.2872338,1.0672339,1.0372338,1.2272339,1.8172339,1.9872339,1.1272339,0.9572339,1.1272339,0.4772339,1.8572339,1.8172339,2.607234,2.637234,2.0872338,1.7172339,1.2172339,2.5272338,0.41723388,0.16723388,1.0872339,1.0972339,0.20723389,-0.5527661,-1.2727661,-0.5527661,0.10723389,-1.2627661,0.5872339,3.7772338,3.0472338,5.827234,1.7372339,0.6972339,2.727234,5.257234,4.287234
-1.5027661,-1.4627662,-1.082766,-0.56276613,0.36723387,0.7672339,0.4972339,0.2872339,-0.10276611,0.29723388,0.6172339,0.6172339,0.20723389,2.357234,1.5472339,2.137234,2.8372338,2.677234,2.2372339,2.467234,2.0972338,1.7572339,0.7372339,0.2772339,1.5672339,1.0672339,-0.3427661,-0.7027661,-1.9127661,-3.2527661,0.7172339,0.5972339,1.6572338,2.9872339,4.457234,7.337234,2.857234,2.2372339,6.797234,2.127234,2.157234
-1.2527661,-1.8127661,-1.4527661,-1.8427662,-1.7427661,-1.4727662,-1.9227661,-1.4827662,-1.8127661,-1.6327661,-0.3027661,0.3372339,-0.8327661,0.2572339,0.3372339,1.6072339,3.2672338,3.977234,3.427234,2.627234,2.227234,2.397234,0.99723387,0.7772339,0.9872339,1.3272339,0.48723388,-1.8527662,-2.9327662,-3.4127662,-5.3827662,0.07723389,1.4672339,3.0972338,3.447234,7.9272337,8.677234,3.5772338,-1.2527661,0.5472339,-0.6127661
-1.3427662,-1.9427661,-2.322766,-1.8427662,-1.8527662,-1.7027661,-2.602766,-2.532766,-0.7127661,-1.4427661,-1.1327661,-2.7027662,-1.5927662,-1.2427661,-1.7527661,0.07723389,1.7072339,3.5272338,3.7872338,3.5872338,3.157234,3.0072339,1.8972338,0.4972339,0.6972339,-0.74276614,-1.7127662,-0.38276613,-2.7027662,-3.382766,-3.9827662,-4.042766,-0.4727661,2.127234,3.2672338,5.7172337,5.6172338,4.6172338,2.627234,0.6972339,0.7272339
-1.8627661,-2.2327662,-2.7127662,-2.372766,-2.612766,-2.112766,-1.9727662,-1.1727661,-1.9127661,-2.1627662,-1.4627662,-2.6927662,-3.6527662,-2.042766,-2.062766,-1.4227661,0.39723387,3.2972338,4.4072337,3.717234,2.907234,2.107234,1.4472339,0.027233887,-0.5527661,-0.9527661,-1.4527661,-0.032766115,-0.6427661,-2.142766,-2.5027661,-3.2427661,-3.4527662,-0.122766115,0.99723387,3.0172338,3.967234,5.8672338,5.357234,1.5672339,0.32723388
-0.8027661,-1.7327662,-1.582766,-1.3227661,-2.4327662,-1.6627661,-2.032766,-2.7327662,-2.4127662,-1.5227661,0.22723389,0.87723386,-0.4927661,-2.9027662,-4.292766,-2.9127662,-1.5427661,1.0772339,3.3272338,3.7372339,2.8372338,2.2672338,2.0672338,0.8372339,-0.5427661,-0.94276613,-0.6327661,-0.21276611,0.81723386,-0.8227661,-1.5127661,-1.6627661,-1.4227661,-1.4527661,0.41723388,2.5272338,4.287234,6.057234,8.067234,6.027234,4.017234
