wind_kz.json
{"header": {"discipline":0,"disciplineName":"Meteorological products","gribEdition":2,"gribLength":1025,"center":7,"centerName":"US National Weather Service - NCEP(WMC)","subcenter":0,"refTime":"2024-02-02T06:00:00.000Z","significanceOfRT":1,"significanceOfRTName":"Start of forecast","productStatus":0,"productStatusName":"Operational products","productType":1,"productTypeName":"Forecast products","productDefinitionTemplate":0,"productDefinitionTemplateName":"Analysis/forecast at horizontal level/layer at a point in time","parameterCategory":2,"parameterCategoryName":"UnknownDiscipline_0_Category_2","parameterNumber":2,"parameterNumberName":"UnknownParameter_D0_C2_2","parameterUnit":"Unknown","genProcessType":2,"genProcessTypeName":"Forecast","forecastTime":0,"surface1Type":103,"surface1TypeName":"Specified height level above ground","surface1Value":10.0,"surface2Type":255,"surface2TypeName":"Missing","surface2Value":0.0,"gridDefinitionTemplate":0,"gridDefinitionTemplateName":"Latitude_Longitude","numberPoints":615,"shape":6,"shapeName":"Earth spherical with radius of 6,371,229.0 m","gridUnits":"degrees","resolution":48,"winds":"true","scanMode":64,"nx":41,"ny":15,"basicAngle":0,"lo1":47.0,"la1":41.0,"lo2":87.0,"la2":55.0,"dx":1.0,"dy":1.0}, "data":
[rows 0 to 14 of 15, columns 0 to 40 of 41]
0.74265134,-0.18734863,-0.37734863,1.5226513,3.1326513,-3.8473487,-5.3473487,-6.3173485,-8.037349,-4.8373485,-5.6073484,-5.7973485,-5.3073487,-4.8373485,-5.0073485,-4.7573485,-3.8373487,-4.997349,-5.5273485,-6.687349,-5.417349,-2.6373487,-0.34734863,-1.9273486,-3.8773487,-2.3773487,-0.9973486,2.8926513,1.2326514,2.2226515,3.4026513,1.6526513,0.22265136,-0.007348633,2.6226513,1.4126514,0.8926514,1.5926514,1.2726513,0.5126514,0.30265138
0.61265135,-1.4273486,1.0226513,3.5226514,2.5526514,-2.7973487,-1.9973487,-1.8073486,-3.0173485,-3.2873487,-3.0473487,-3.0673487,-3.3273487,-3.6873486,-2.5073485,-4.3173485,-4.997349,-4.8973484,-3.4273486,-3.3673487,-2.5173485,-1.4573486,-0.5473486,-1.2373487,1.0426514,0.5026514,-0.77734864,0.5026514,1.3126514,0.44265136,2.1526513,3.2126513,3.9826515,3.1126513,-0.25734863,0.86265135,0.022651367,-0.90734863,0.102651365,0.53265136,1.2726513
0.21265137,3.5226514,3.4526513,3.2326515,1.1426513,-2.1373487,-2.5073485,-0.43734863,-1.3173486,-1.0273486,0.18265137,-0.8573486,-0.7973486,-1.6073487,-2.2773485,-2.4573486,-1.9873487,-2.2373486,-2.5973487,-2.5973487,-2.6873486,-2.7573485,-2.1473486,2.0926514,-3.6573486,-3.8873487,-2.4273486,-2.1873486,0.66265136,-0.107348636,1.6626514,0.5026514,-0.03734863,1.4926513,1.1626514,-0.40734863,-0.23734863,-0.88734865,-1.7173486,-0.047348633,1.4026513
3.1526513,5.582651,4.7626514,3.9626513,1.1226513,-0.41734862,0.74265134,0.40265137,1.5126513,1.6626514,1.1826514,1.1326513,1.4426514,0.43265137,-0.58734864,-0.36734864,-0.30734864,-0.94734865,-1.0473486,-1.0673486,-2.3473487,-0.107348636,-3.2273486,-0.22734863,1.1726514,0.36265138,2.1726513,2.5126514,8.172651,5.002651,4.6926513,2.5726514,5.8726516,4.4926515,0.47265136,1.3926513,1.0726514,2.0526514,-0.44734862,0.9426514,-0.89734864
4.4326515,4.2126513,3.4126513,3.4126513,3.3026514,2.8626513,1.6626514,2.5526514,1.3126514,2.1726513,2.0826514,3.7826514,4.3826513,4.1926513,3.4226513,1.3626513,1.1826514,0.9426514,0.9626514,0.61265135,1.7126514,-0.6173486,-0.16734864,0.78265136,1.1526513,1.5826514,3.9926515,4.9426513,6.4726515,7.3926516,6.582651,4.8226514,1.4926513,2.8726513,-1.3673487,2.4326513,0.38265136,1.9026513,1.9126514,0.11265137,-0.06734863
4.9126515,4.3226514,3.9626513,3.9626513,4.3026514,3.8826513,3.6626513,3.5526514,1.4526514,2.3526514,2.4826515,2.1726513,6.3926516,6.8026514,4.022651,0.61265135,1.0426514,0.8326514,0.91265136,0.27265137,1.0826514,2.1326513,2.2226515,2.2526515,3.2426515,3.6826513,5.9126515,4.9626513,5.7426515,7.4126515,7.792651,8.142652,7.6426516,5.332651,3.2126513,0.5026514,3.9826515,3.3526514,-1.3773487,-0.90734863,-1.1573486
5.2126513,5.0726514,5.332651,5.232651,4.5926514,5.1926513,5.252651,4.1126513,3.1626513,2.8626513,2.0026515,2.6326513,2.2026513,3.7126513,1.0726514,-0.47734863,-0.09734863,0.08265137,-0.49734864,-0.30734864,2.4026513,2.4126513,2.6026514,3.0326514,4.5126514,4.3226514,5.562651,5.6926513,5.3926516,6.0526514,6.3926516,7.6526513,7.4426513,5.1826515,-4.497349,-1.0273486,0.65265137,-0.7473486,1.4726514,-0.56734866,-0.13734864
5.812651,5.7126513,5.792651,5.542651,5.4426513,4.7426515,3.9726515,3.8326514,5.3826513,3.8226514,2.7526515,3.1126513,1.7526513,2.8626513,2.3526514,0.74265134,0.022651367,0.24265137,-0.25734863,-0.107348636,3.8326514,2.6326513,2.9126513,2.9726515,4.3426514,3.2726514,6.252651,0.34265137,3.7526515,4.0526514,5.6326513,7.3726516,6.5526514,4.6126513,4.7026515,-0.13734864,-2.7473485,-3.8373487,-4.8473487,-2.4173486,-0.077348635
5.7626514,5.9726515,6.0726514,6.252651,5.3626513,4.312651,3.4326513,3.3226514,3.6326513,3.4526513,3.1326513,2.7226515,2.2526515,2.3826513,0.5226514,0.15265137,0.80265135,0.47265136,1.1026514,1.6326513,3.8326514,2.8826513,4.022651,3.8326514,4.752651,3.9126513,4.7426515,4.2626514,5.4926515,3.7626514,5.3726516,6.502651,8.672651,5.2626514,3.2826514,-2.5973487,-0.7973486,2.5326514,-0.20734863,-0.65734863,1.2626513
5.292651,4.8426514,5.4226513,5.6426516,4.522651,2.6926513,1.9226514,2.0226514,2.6026514,2.7326515,2.5026515,2.6026514,2.0726514,0.16265136,0.9626514,-0.107348636,0.5726514,0.7626514,0.38265136,0.59265137,4.482651,4.8026514,5.1226516,4.812651,5.3926516,5.002651,6.1526513,7.022651,7.4126515,7.6926513,7.482651,8.002651,5.3926516,5.3426514,-0.94734865,-0.48734865,-2.5573487,-1.7073486,1.0826514,1.0826514,-0.87734866
4.0126514,4.0526514,4.3726516,2.7126513,1.7826514,1.2526513,1.1026514,0.93265134,0.86265135,1.2926514,0.5026514,1.0326514,-0.95734864,0.54265136,0.25265136,-0.18734863,0.44265136,0.80265135,0.37265137,2.1026514,3.7126513,4.2426515,5.4126515,5.0926514,5.232651,4.8426514,5.1126513,4.9326515,6.792651,6.4726515,6.6026516,6.232651,5.3426514,2.5026515,-0.9173486,-1.1273487,-0.8673486,-0.03734863,-0.27734864,0.49265137,0.87265134
2.9826515,1.9026513,2.3026514,1.7026514,1.0726514,0.18265137,-0.8673486,-1.2473487,-1.0773486,-3.6273487,-1.6673486,-1.0373486,-0.7273486,0.042651366,0.8226514,0.7026514,1.1426513,-0.37734863,0.36265138,1.7926514,2.7826514,3.9526513,3.9726515,4.002651,4.9726515,4.6626515,4.042651,4.292651,5.1426516,4.4326515,4.4626513,4.3926516,2.9626513,0.8926514,0.09265137,1.0826514,0.68265134,-1.0073487,1.4926513,1.1126513,0.012651367
3.2226515,1.6026514,1.5826514,1.1126513,0.55265135,-0.6673486,-1.5373486,-1.6673486,-3.8173487,-2.8273487,-1.2073486,-0.39734864,0.35265136,1.7026514,0.84265137,0.37265137,-0.58734864,-0.37734863,0.47265136,1.5326514,1.9826514,3.0326514,2.9526513,2.3326514,1.7026514,2.5026515,2.2826514,2.5726514,1.0226513,0.12265137,0.20265137,-0.7873486,-1.7173486,-1.0173486,-0.9273486,0.29265136,-0.16734864,-0.57734865,1.7026514,0.46265137,0.62265134
3.5326514,1.7426513,0.49265137,0.43265137,-0.95734864,-1.7873486,-1.6773486,-2.7573485,-1.7873486,-1.5273486,-1.4273486,-0.82734865,0.6426514,1.1626514,0.59265137,-0.5373486,-1.0473486,-0.27734864,-0.39734864,0.90265137,2.0326514,2.0026515,2.0326514,1.7826514,1.5526514,0.98265135,0.61265135,0.03265137,-0.06734863,-0.7373486,-1.2073486,-2.0873487,-2.7873487,-2.3173487,-1.6973486,-1.7073486,-2.1873486,-0.44734862,0.29265136,-1.4373486,-1.1573486
2.1626513,0.7726514,0.062651366,-0.63734865,-1.4273486,-1.8373486,-2.4573486,-2.6973486,-2.0973487,-1.9473486,-1.2173486,-0.6873486,-0.58734864,0.18265137,-1.0073487,-1.8273486,-1.6073487,-0.57734865,0.25265136,0.31265137,0.8326514,0.7526514,-0.12734863,0.44265136,-0.9173486,-0.6673486,-1.3773487,-0.9173486,-1.2273487,-1.2273487,-2.2373486,-2.8073487,-3.0373487,-3.0873487,-2.9473486,-3.2173486,-2.7873487,-1.8873487,-2.9973485,-2.3773487,-0.9373486
