wind_kz.json
{"header": {"discipline":0,"disciplineName":"Meteorological products","gribEdition":2,"gribLength":1025,"center":7,"centerName":"US National Weather Service - NCEP(WMC)","subcenter":0,"refTime":"2024-01-31T18:00:00.000Z","significanceOfRT":1,"significanceOfRTName":"Start of forecast","productStatus":0,"productStatusName":"Operational products","productType":1,"productTypeName":"Forecast products","productDefinitionTemplate":0,"productDefinitionTemplateName":"Analysis/forecast at horizontal level/layer at a point in time","parameterCategory":2,"parameterCategoryName":"UnknownDiscipline_0_Category_2","parameterNumber":2,"parameterNumberName":"UnknownParameter_D0_C2_2","parameterUnit":"Unknown","genProcessType":2,"genProcessTypeName":"Forecast","forecastTime":0,"surface1Type":103,"surface1TypeName":"Specified height level above ground","surface1Value":10.0,"surface2Type":255,"surface2TypeName":"Missing","surface2Value":0.0,"gridDefinitionTemplate":0,"gridDefinitionTemplateName":"Latitude_Longitude","numberPoints":615,"shape":6,"shapeName":"Earth spherical with radius of 6,371,229.0 m","gridUnits":"degrees","resolution":48,"winds":"true","scanMode":64,"nx":41,"ny":15,"basicAngle":0,"lo1":47.0,"la1":41.0,"lo2":87.0,"la2":55.0,"dx":1.0,"dy":1.0}, "data":
[rows 0 to 14 of 15, columns 0 to 40 of 41]
-0.85354733,-0.9835474,-0.84354734,-0.38354737,4.2364526,6.1764526,5.3464527,5.0064526,5.3164525,5.5064526,6.246453,5.1964526,6.1464524,6.4164524,5.6164527,4.1964526,4.3764524,5.5864525,4.4164524,6.7564526,3.9564526,3.4964526,0.24645263,-0.5535474,-2.0935473,-2.0735474,-3.1135473,-1.6035473,1.3464526,-0.103547364,-1.1235473,1.9764526,0.58645266,0.61645263,1.8964527,1.6964526,0.83645266,0.26645264,-0.60354733,1.2164526,2.1164527
0.58645266,-0.41354737,1.2664527,5.3764524,6.7564526,5.786453,2.3164527,2.0864527,4.0764527,4.3164525,4.6364527,5.4864526,5.996453,5.7764525,6.1764526,6.246453,7.0264525,7.6964526,6.8464527,7.036453,7.0964527,2.4564526,1.3664527,-3.5835474,-0.063547365,0.8164526,-0.7435474,0.46645263,-3.0035474,-1.4835473,0.14645264,-0.59354734,1.9264526,-1.8835473,-0.85354733,0.06645264,1.3464526,1.9664526,0.22645263,0.10645264,0.35645264
-0.38354737,3.5264525,4.766453,4.1364527,2.8764527,0.47645265,0.7564526,1.9864526,2.7764525,4.5564528,5.3464527,6.2164526,5.5964527,6.3464527,7.246453,7.0664525,7.3464527,7.7964525,7.9264526,7.2764525,5.4064527,4.4164524,4.2964525,3.8464527,-0.57354736,0.036452636,-0.65354735,-1.3935474,-1.0435474,-0.45354736,-2.1235473,1.6764526,0.58645266,-0.27354735,0.39645264,-1.0135474,0.116452634,0.10645264,0.66645265,1.7364526,1.7264526
1.2864527,3.2664526,2.4164526,1.3464526,0.60645264,1.2864527,3.0564528,3.8964527,3.7664526,5.5464525,6.6064525,7.5264525,10.426453,11.066453,7.726453,6.6364527,8.386453,8.0464525,7.8164525,6.2364526,4.9464526,7.6764526,-0.88354737,6.936453,0.91645265,-0.6235474,-1.7335473,-2.6835473,-1.5335474,0.67645264,-0.6135474,-1.7435473,1.4664526,1.6064526,-1.3535473,-0.94354737,-1.3035474,1.8664527,0.42645264,0.9364526,0.5664526
1.2264526,1.2464527,1.9464526,2.1664526,3.2764525,3.5764527,4.3464527,5.3664527,6.3964524,7.016453,6.976453,9.516453,11.926453,12.816453,12.456452,7.1264524,5.4164524,6.1164527,7.5764527,7.2364526,6.8664527,5.9664526,5.3964524,1.1964526,5.5964527,0.16645263,1.2364526,1.0264527,-0.013547364,0.52645266,-0.35354736,-0.47354737,-0.72354734,1.5464526,2.2664526,-0.24354737,-0.22354737,-0.09354737,0.06645264,-0.16354737,-0.30354735
0.83645266,1.6364527,2.2164526,2.3264527,3.0064526,3.2764525,3.8264527,4.7364526,5.6764526,7.2164526,7.8764524,8.756453,12.576452,14.846453,11.316453,9.186453,7.4464526,6.5464525,7.3264527,6.8464527,6.1464524,5.4264526,3.1064527,2.4564526,-1.4535474,-1.0835474,-0.5635474,0.29645264,1.4764526,1.8364526,1.7064526,1.8964527,2.2064526,1.3264526,1.1864526,-2.0835474,0.61645263,0.98645264,0.116452634,-1.2935474,-2.0835474
1.8564526,2.6064527,2.3564527,2.7964525,3.1264527,3.4764526,4.036453,5.3164525,5.726453,6.8564525,7.706453,9.846453,9.716453,10.966453,8.856453,9.936453,9.406452,6.6964526,3.4664526,4.6464524,5.1264524,3.8564527,3.5664527,1.8164526,0.79645264,0.34645262,0.35645264,0.64645267,2.2364526,1.8064526,1.1964526,0.6364526,1.9564526,-0.0035473632,-2.4435472,-0.77354735,-0.96354735,2.4964526,-1.5335474,0.73645264,0.34645262
2.5764527,3.0364525,2.9364526,3.1864526,3.1464527,3.8464527,3.7264526,3.4764526,5.3364525,6.3664527,7.0564528,8.576452,6.6164527,5.0464525,6.4064527,7.0064526,7.5264525,1.6764526,2.3264527,2.6364527,2.9964526,2.3664527,2.6364527,1.1064526,0.71645266,0.116452634,1.5964526,0.29645264,2.7264526,1.8664527,2.4764526,1.4064527,0.9364526,2.2764525,1.3664527,-1.2835474,1.0864526,1.2364526,-2.4035473,-2.7535474,-1.6435474
2.6664526,3.4764526,3.2764525,2.9364526,3.3664527,3.0964527,3.3564527,3.7164526,4.9264526,5.786453,5.7764525,6.0464525,3.7364526,3.2764525,4.036453,2.5464525,1.9564526,0.92645264,0.35645264,0.32645264,0.8264526,1.1464527,-0.83354735,-1.2535473,-0.7935474,0.076452635,0.39645264,1.5264527,2.4864526,1.4464526,3.8464527,4.1664524,6.036453,3.6264527,-2.1435473,-3.0235474,-0.71354735,-0.5535474,-1.2435473,0.65645266,-1.3435473
2.9064527,3.4664526,3.1164527,2.6564527,2.8964527,2.6164527,2.6464527,3.3864527,3.8764527,5.0464525,5.0064526,3.1064527,0.7564526,2.6064527,0.22645263,-0.45354736,-2.5035474,-3.5235474,-3.4235473,-2.8835473,-3.6235473,-3.3435473,-2.8135474,-1.6135473,-0.9235474,0.08645263,1.5764526,1.9264526,2.1064527,4.9064527,4.8864527,5.536453,5.1364527,3.4164526,-1.7035474,-1.2835474,-2.8835473,-0.7935474,-0.97354734,0.40645263,-1.4835473
2.7464526,3.5064526,3.2964525,1.6964526,1.7064526,2.3764527,3.2264526,3.2164526,3.4964526,3.5564528,4.1164527,1.4264526,0.30645263,0.7564526,-1.2935474,-1.5135474,-3.4735475,-3.5835474,-4.813547,-5.2235475,-4.6935472,-3.5635474,-2.5135474,-1.5535474,-0.72354734,-0.07354736,2.4764526,3.5764527,4.6664524,3.7464526,4.8064528,3.3764527,3.3764527,-0.57354736,-1.3535473,-1.6435474,-1.2635474,-0.103547364,-1.2135473,0.97645265,-1.6635474
1.4664526,2.6664526,3.1764526,1.5964526,3.2164526,2.2164526,2.1664526,1.7164526,2.4264526,2.7964525,1.6564527,1.2964526,0.18645264,-0.65354735,-0.22354737,-1.8835473,-2.4235473,-2.8435473,-3.6035473,-3.2235475,-3.2935474,-2.0335474,-1.7635474,-0.35354736,0.89645267,1.2664527,2.6864526,2.6664526,3.1464527,2.6264527,1.8764527,1.3064526,-1.0835474,-1.9735473,-0.58354735,1.1764526,-1.4535474,-1.0735474,-0.44354737,-0.6735474,-0.5535474
1.8064526,2.1364527,2.3964527,1.9464526,2.3964527,1.9964527,2.2564526,1.5564526,1.7764527,2.1864526,1.4664526,1.7464527,1.1064526,-0.14354736,-0.52354735,-0.71354735,-1.3735473,-1.8535473,-1.8035474,-1.6835474,-1.2035474,-0.49354735,0.21645264,0.61645263,1.8664527,1.6164527,0.9564526,-0.0035473632,0.116452634,-1.1635474,-0.90354735,-1.3635473,-2.1235473,-2.2635474,-1.8135474,-1.4335474,-1.6635474,-1.4435474,-2.1735473,-0.77354735,-0.6735474
1.6564527,1.8564526,2.0464525,2.4264526,1.9264526,1.8064526,1.1464527,1.2064526,1.3264526,1.9564526,0.85645264,0.37645262,1.5864526,0.31645262,-0.19354737,0.16645263,-0.27354735,-1.3035474,-1.3235474,-0.5035474,-0.39354736,-0.28354737,0.17645264,-0.40354738,-1.1335473,-1.2835474,-1.7435473,-1.3535473,-1.5035473,-1.8835473,-1.7935474,-1.7435473,-1.8035474,-2.1135473,-2.0535474,-2.0535474,-1.5035473,-1.1435474,-0.9335474,-1.0635474,-0.26354736
1.4164526,2.9364526,1.4764526,3.1464527,2.2164526,1.2564527,2.2664526,1.9564526,2.0464525,0.72645265,-0.40354738,1.1364527,1.1364527,1.1364527,0.5664526,-0.30354735,0.42645264,0.30645263,0.006452637,0.13645263,-0.013547364,-0.14354736,-0.11354736,-1.0635474,-1.7835474,-1.9635473,-1.8635473,-1.8835473,-1.8535473,-2.0435474,-2.1535473,-1.8935474,-1.7335473,-1.6335473,-1.5135474,-1.0135474,-0.90354735,-0.32354736,-1.5935473,-0.96354735,-1.3935474
