wind_kz.json
{"header": {"discipline":0,"disciplineName":"Meteorological products","gribEdition":2,"gribLength":1102,"center":7,"centerName":"US National Weather Service - NCEP(WMC)","subcenter":0,"refTime":"2023-09-30T06:00:00.000Z","significanceOfRT":1,"significanceOfRTName":"Start of forecast","productStatus":0,"productStatusName":"Operational products","productType":1,"productTypeName":"Forecast products","productDefinitionTemplate":0,"productDefinitionTemplateName":"Analysis/forecast at horizontal level/layer at a point in time","parameterCategory":2,"parameterCategoryName":"UnknownDiscipline_0_Category_2","parameterNumber":3,"parameterNumberName":"UnknownParameter_D0_C2_3","parameterUnit":"Unknown","genProcessType":2,"genProcessTypeName":"Forecast","forecastTime":240,"surface1Type":103,"surface1TypeName":"Specified height level above ground","surface1Value":10.0,"surface2Type":255,"surface2TypeName":"Missing","surface2Value":0.0,"gridDefinitionTemplate":0,"gridDefinitionTemplateName":"Latitude_Longitude","numberPoints":615,"shape":6,"shapeName":"Earth spherical with radius of 6,371,229.0 m","gridUnits":"degrees","resolution":48,"winds":"true","scanMode":64,"nx":41,"ny":15,"basicAngle":0,"lo1":47.0,"la1":41.0,"lo2":87.0,"la2":55.0,"dx":1.0,"dy":1.0}, "data":
[rows 0 to 14 of 15, columns 0 to 40 of 41]
-1.34195,1.13805,2.1380498,13.57805,9.13805,5.14805,4.35805,4.18805,3.28805,3.56805,2.1280499,1.6780499,1.23805,0.20804992,-0.5719501,-1.5419501,-1.23195,-2.04195,-2.73195,-1.7919501,-1.6919501,-4.09195,-2.18195,1.7880499,1.39805,1.89805,-0.43195006,2.3780499,-2.3919501,-3.68195,-3.56195,-2.32195,-1.10195,4.96805,4.42805,-3.52195,-8.54195,-1.8219501,-2.48195,0.36804992,-0.011950073
5.33805,-1.2719501,6.45805,12.69805,10.528049,8.10805,6.43805,5.2680497,4.7480497,4.0380497,2.80805,1.14805,0.90804994,0.72804993,-1.00195,-0.5619501,-0.18195008,-0.77195007,-1.0719501,-1.74195,-2.3519502,-3.25195,-3.4019501,0.5680499,0.8680499,1.98805,2.43805,-0.16195007,-1.1719501,-0.59195006,-2.23195,-2.96195,-2.5919502,-1.2819501,-3.3419502,-5.03195,-6.69195,-6.92195,0.06804993,-0.9919501,-0.7519501
-1.9319501,4.00805,10.918049,9.69805,9.028049,7.2680497,6.46805,5.7480497,5.7280498,4.73805,3.01805,1.9580499,0.9380499,0.76804996,0.098049924,-0.59195006,-0.9519501,-1.4019501,-1.7719501,-1.8119501,-1.4419501,-2.22195,-0.32195008,0.14804992,-1.9019501,-1.48195,-0.6219501,0.51804996,2.48805,-0.18195008,-3.3919501,-2.6019502,-1.87195,-0.42195007,2.98805,-0.79195005,-4.31195,-4.78195,-2.1419501,0.5580499,-2.19195
5.27805,7.19805,8.33805,8.31805,7.48805,8.34805,8.028049,6.89805,5.61805,4.29805,2.96805,2.1080499,0.72804993,1.9580499,0.38804993,-0.6719501,-0.91195005,-1.38195,-1.85195,-2.06195,-1.6419501,-0.9919501,-2.50195,-1.1919501,-0.18195008,0.64804995,0.30804992,1.12805,0.20804992,-1.5819501,-2.21195,-1.8319501,-3.6119502,4.77805,3.1280499,0.6080499,4.27805,2.31805,-2.8619502,-0.07195007,-3.93195
5.41805,6.84805,7.36805,6.44805,6.06805,7.07805,6.18805,5.89805,5.17805,4.2680497,3.6580498,2.05805,1.3080499,0.31804994,1.0780499,-0.0019500733,-0.73195004,-0.9419501,-1.22195,-0.60195005,0.15804993,-1.1519501,-2.44195,-1.24195,-0.38195008,0.6380499,1.1080499,0.97804993,0.33804992,-0.7619501,0.8780499,1.1880499,3.3480499,0.11804993,1.86805,2.17805,0.48804992,1.25805,2.8880498,-3.21195,-4.18195
5.4780498,4.82805,5.7480497,6.37805,7.32805,6.2680497,4.91805,4.57805,4.54805,3.75805,2.83805,1.7080499,0.70804995,-0.6219501,-0.40195006,-1.10195,-0.5019501,0.15804993,0.22804993,0.13804993,-0.35195008,0.14804992,-1.87195,-2.56195,-1.4319501,-0.6319501,-0.47195008,0.018049927,-0.8119501,0.25804994,0.07804993,2.02805,1.4380499,0.44804993,2.71805,-4.5019503,-1.5419501,-6.42195,-7.0219502,-7.64195,7.89805
4.19805,4.91805,5.15805,5.7880497,5.44805,5.14805,4.65805,4.50805,3.79805,3.3480499,2.52805,0.6180499,-0.11195007,-0.9419501,-1.4119501,-1.11195,-1.0819501,-1.13195,0.48804992,1.39805,-0.14195007,-0.03195007,0.29804993,-1.1719501,-1.7119501,-1.37195,-1.36195,-0.9419501,-1.4419501,-1.1419501,-0.13195008,0.6180499,1.7980499,-0.091950074,2.3780499,1.7980499,1.2880499,-0.32195008,-3.01195,-3.50195,-9.75195
3.21805,3.8480499,4.12805,4.17805,4.35805,4.43805,4.39805,4.07805,3.57805,2.8980498,1.7980499,0.40804994,-0.16195007,-0.48195007,-1.7019501,-1.8119501,-1.6919501,0.41804993,1.38805,1.73805,0.30804992,0.70804995,0.90804994,0.8580499,-0.47195008,-1.3219501,-1.59195,-2.04195,-1.73195,-1.3119501,-0.79195005,0.4980499,-1.1719501,0.83804995,-1.3219501,-2.0819502,-3.57195,-3.44195,-0.46195006,2.78805,-0.37195006
3.45805,3.6380498,3.72805,4.0180497,4.13805,3.9180498,3.6380498,3.6080499,2.56805,2.18805,1.12805,0.51804996,-0.9519501,-1.2119501,-1.5719501,-1.4219501,-0.7619501,0.45804992,2.32805,2.3980498,1.8280499,1.12805,2.32805,1.7080499,1.38805,0.65804994,0.24804993,0.28804994,1.1780499,-0.52195007,-1.4519501,0.06804993,-0.60195005,-0.79195005,-2.73195,-4.19195,-4.2119503,-3.93195,-2.6319501,-2.21195,2.55805
3.79805,3.6080499,3.73805,3.51805,3.48805,3.26805,3.28805,3.21805,2.9080498,2.3780499,1.6080499,0.64804995,-0.021950074,-1.48195,-1.37195,-1.74195,-0.58195007,1.9280499,2.70805,3.02805,3.92805,2.80805,2.08805,2.99805,2.72805,2.48805,1.88805,0.70804995,1.0380499,1.14805,0.038049925,1.1980499,-2.71195,-0.13195008,-1.0319501,-1.5519501,-2.27195,-0.6419501,2.73805,1.13805,1.3180499
3.51805,3.3480499,3.53805,3.32805,3.19805,3.24805,3.46805,3.1480498,2.52805,2.28805,2.4080498,1.4180499,0.088049926,-0.34195006,-0.9319501,0.038049925,0.95804995,2.3880498,3.96805,4.2480497,3.75805,3.75805,4.34805,4.70805,3.74805,3.48805,3.3880498,2.93805,2.68805,1.5580499,0.9280499,0.07804993,-0.77195007,-0.60195005,-0.11195007,0.9880499,1.5880499,0.9880499,-1.8219501,-1.25195,-1.12195
2.72805,3.06805,3.00805,3.21805,2.95805,3.27805,3.31805,3.00805,2.8480499,2.21805,1.8480499,0.84804994,1.1680499,1.74805,0.64804995,0.5580499,1.2280499,2.1480498,4.60805,3.97805,5.35805,4.86805,4.9980497,5.65805,5.27805,4.9780498,4.98805,3.97805,3.04805,2.1080499,1.3380499,1.2980499,1.11805,1.14805,0.28804994,1.4580499,2.04805,0.71804994,-0.23195007,-0.8219501,-0.32195008
2.3480499,2.9180498,3.0980499,2.32805,2.82805,1.7980499,2.71805,3.22805,2.54805,3.03805,1.2980499,0.78804994,0.77804995,1.89805,1.74805,1.40805,1.8080499,2.73805,4.37805,3.99805,5.68805,6.0180497,6.23805,6.81805,6.42805,5.94805,5.35805,5.66805,5.06805,3.58805,2.53805,2.23805,1.0980499,1.0480499,1.7180499,1.37805,1.01805,0.90804994,1.0680499,1.64805,1.1680499
2.8880498,2.3780499,1.65805,3.28805,2.43805,2.67805,3.1480498,3.1380498,3.58805,3.46805,1.9680499,-0.15195008,0.8780499,2.56805,0.8680499,1.5880499,1.75805,2.1480498,2.53805,3.67805,4.00805,5.15805,5.2280498,5.67805,7.02805,7.23805,6.61805,6.64805,5.7680497,4.95805,4.11805,2.8580499,1.86805,1.01805,0.71804994,1.00805,0.77804995,1.4780499,1.5380499,1.4680499,1.65805
2.43805,2.78805,3.03805,2.8880498,3.20805,3.3480499,3.43805,3.24805,3.08805,2.8980498,3.72805,3.30805,1.88805,-1.13195,0.6780499,2.26805,1.87805,1.01805,1.23805,1.64805,2.0980499,3.3480499,4.73805,5.66805,7.2880497,7.84805,7.75805,6.81805,6.10805,5.29805,4.82805,4.85805,2.3480499,1.3080499,1.2880499,0.90804994,1.1980499,0.8280499,1.25805,1.5380499,2.29805
