wind_kz.json
{"header": {"discipline":0,"disciplineName":"Meteorological products","gribEdition":2,"gribLength":1025,"center":7,"centerName":"US National Weather Service - NCEP(WMC)","subcenter":0,"refTime":"2023-08-06T18:00:00.000Z","significanceOfRT":1,"significanceOfRTName":"Start of forecast","productStatus":0,"productStatusName":"Operational products","productType":1,"productTypeName":"Forecast products","productDefinitionTemplate":0,"productDefinitionTemplateName":"Analysis/forecast at horizontal level/layer at a point in time","parameterCategory":2,"parameterCategoryName":"UnknownDiscipline_0_Category_2","parameterNumber":3,"parameterNumberName":"UnknownParameter_D0_C2_3","parameterUnit":"Unknown","genProcessType":2,"genProcessTypeName":"Forecast","forecastTime":60,"surface1Type":103,"surface1TypeName":"Specified height level above ground","surface1Value":10.0,"surface2Type":255,"surface2TypeName":"Missing","surface2Value":0.0,"gridDefinitionTemplate":0,"gridDefinitionTemplateName":"Latitude_Longitude","numberPoints":615,"shape":6,"shapeName":"Earth spherical with radius of 6,371,229.0 m","gridUnits":"degrees","resolution":48,"winds":"true","scanMode":64,"nx":41,"ny":15,"basicAngle":0,"lo1":47.0,"la1":41.0,"lo2":87.0,"la2":55.0,"dx":1.0,"dy":1.0}, "data":
[rows 0 to 14 of 15, columns 0 to 40 of 41]
0.70446837,2.2144685,-0.8855316,1.6644684,-2.5855317,-2.5855317,-2.0255315,-1.7555317,0.4344684,-0.7555316,-2.4355316,-2.6455317,-3.8655317,-5.4955316,-3.1655316,-1.6755316,-0.5855316,-1.5655316,-1.2155316,-1.3555316,-1.3655316,-2.8655317,-0.7455316,1.1444684,1.7044684,0.14446838,0.90446836,0.47446838,-1.6755316,-1.0355316,0.16446838,2.8444684,-0.18553162,-1.2055316,-0.7555316,0.054468382,0.21446839,-1.0655316,-2.7555315,-3.0655317,-1.3255316
-0.2555316,1.9944683,2.7344685,0.044468384,-1.8155316,-3.5755317,-3.1255317,-3.5455315,-1.7355316,-1.5555316,-3.7055316,-0.9355316,-1.1355317,-3.9955316,-2.7455316,-1.9255316,-1.4655316,-1.0055317,-0.6855316,0.3644684,-1.4355316,-1.9055316,-0.42553163,2.8344684,3.0144684,3.1744683,3.3744683,2.2844684,-0.4755316,1.7244684,-1.6855316,-1.5355316,1.8744683,1.0444684,2.5144684,1.8144684,0.8544684,2.3244684,3.9144683,-0.9255316,-0.2855316
3.1744683,5.1344686,3.5944684,1.5144684,-0.09553161,-2.5155315,-3.3955317,-3.2455316,-2.8155317,-3.6855316,-3.7655315,-3.3855317,-1.6855316,-1.6155316,-1.6355317,-0.7755316,-1.2855316,-0.6455316,-0.66553164,0.44446838,0.5044684,-1.3355316,-0.8855316,2.8044684,-2.8055315,-2.9855316,-2.7755315,-2.8855317,-4.1655316,-3.1555316,-2.4055316,-0.5855316,-5.255532,2.3744683,0.5144684,-2.3055315,-3.8855317,1.1144683,-1.9355316,1.1444684,0.6944684
5.2144685,3.5144684,3.0644684,0.8244684,0.4944684,-2.7255316,-4.1455317,-3.1655316,-3.5855317,-6.0355315,-6.255532,-5.0455317,-2.5755317,1.6944684,0.9344684,0.29446837,-1.7255316,-0.6355316,-0.45553163,-0.5055316,1.3144684,-0.4455316,-0.8055316,-0.27553162,1.7444683,0.64446837,-0.9555316,-2.4255316,-0.9455316,1.9044684,3.4144683,1.8644683,1.8944684,0.16446838,0.5444684,2.2444685,3.8444684,2.0644684,-3.7855315,-3.4155316,-3.9455316
3.6544683,2.3044684,2.3744683,-0.035531618,-2.8555317,-1.3855317,-2.1355317,-1.4455316,-3.5955317,-6.0555315,-6.0955315,-7.1555314,-6.2655315,-1.3755317,4.1844683,2.7644684,0.6044684,-0.9255316,-2.0455315,0.6344684,1.8244684,0.8744684,0.8244684,1.8944684,2.0144684,1.4244684,1.4444684,0.29446837,1.0744684,2.2744684,1.6144683,-0.8155316,0.31446838,1.0944684,1.1144683,1.6444684,1.5344684,1.5244684,0.124468386,-1.0155317,-0.4155316
3.9044683,3.2144685,3.8144684,0.84446836,-1.7755316,-1.7255316,-1.4855316,-2.6855316,-3.2055316,-4.1455317,-5.3755317,-7.1055317,-8.525532,-6.1055317,1.9144684,3.9844685,2.0544684,2.3744683,-0.7555316,1.0444684,1.8744683,0.8744684,0.48446837,2.5844684,0.9944684,1.6544684,1.8944684,3.9144683,0.13446838,2.5844684,1.5144684,0.014468384,1.5744684,0.31446838,-2.1955316,-2.4955316,-4.5755315,-5.1355314,-3.0555315,0.26446837,0.014468384
1.6744684,4.1544685,1.7844684,1.5644684,-0.24553162,-3.3955317,-3.7855315,-4.3255315,-4.5355315,-5.0955315,-4.6155314,-6.1755314,-6.6755314,-6.025532,-5.3355317,-4.8755317,-3.3055315,-1.0255316,1.4444684,-0.015531616,0.8544684,1.2544684,1.8444684,2.7144685,1.9844683,0.11446838,1.6344684,1.9344684,2.4744685,4.5244684,2.3544683,1.4944683,3.1044683,1.5944684,2.2344685,1.0144684,3.9244683,0.8544684,-2.5455315,-0.48553163,-2.1855316
1.5144684,2.9744685,0.8644684,0.5744684,-0.3855316,-2.5355315,-3.7055316,-4.0855317,-5.3655314,-5.9555316,-5.0355315,-5.465532,-4.7255316,-4.445532,-4.6755314,-5.8355317,-4.0855317,-4.5455317,-4.005532,-1.4355316,1.5744684,2.1744683,2.6444683,0.4344684,-1.4755316,-1.6555316,3.1444683,3.6644683,2.3544683,1.5344684,1.5644684,1.3244684,3.3144684,3.0244684,1.2844684,-1.3455316,-0.16553162,-1.4655316,0.9744684,-0.9555316,-0.3455316
2.1444683,0.58446836,-0.54553163,-0.79553163,-1.6555316,-3.0055315,-4.0355315,-5.0355315,-5.1655316,-5.0355315,-5.3755317,-5.7455316,-4.9055314,-2.8555317,-4.2055316,-4.985532,-5.0855317,-2.3755317,-2.2555315,-0.42553163,0.8144684,3.0044684,0.65446836,0.18446839,-0.90553164,-2.1055317,0.22446838,1.9644684,1.4644684,0.8544684,1.3344684,0.70446837,-0.46553162,0.48446837,-1.8255316,-1.8155316,-0.025531616,2.7444685,3.0444684,1.6644684,1.1044683
0.7444684,-1.1755316,-0.8755316,-2.4955316,-3.3255317,-3.9455316,-4.6355314,-6.1655316,-6.0755315,-5.6655316,-5.2955317,-4.695532,-4.525532,-4.025532,-4.7455316,-5.5355315,-4.0655317,-2.4055316,-0.4155316,0.22446838,3.2744684,5.014468,2.5744684,2.0544684,-0.45553163,-0.6755316,-0.6355316,0.18446839,-0.14553161,-1.9255316,-0.20553161,-1.4255316,0.6744684,-1.7255316,-1.7155316,-0.7655316,-0.10553162,-0.09553161,1.9844683,2.0144684,2.1444683
-0.055531617,-0.9255316,-1.2055316,-2.0055315,-3.6255317,-5.4355316,-6.1355314,-6.4955316,-5.9955316,-4.8855314,-3.5255315,-3.7555315,-4.7655315,-4.9255314,-4.8355317,-4.235532,-3.2155316,-4.695532,-1.3355316,2.3244684,1.1844684,2.4244683,2.1144683,0.9344684,0.6944684,0.38446838,0.58446836,-0.8355316,-1.8855317,-2.3155317,0.21446839,0.8244684,0.3644684,-0.27553162,-1.8755317,1.9644684,0.8544684,0.3344684,1.2044684,0.41446838,0.054468382
-0.9455316,-0.90553164,-1.4755316,-3.7455316,-5.195532,-6.1855316,-5.7655315,-5.215532,-4.6055317,-3.8955317,-3.0655317,-4.7255316,-4.8955317,-4.465532,-4.195532,-3.9955316,-1.3155316,-3.1455317,-4.275532,-0.91553164,2.1144683,1.3044684,0.52446836,0.6044684,-0.5155316,-0.4455316,-1.9555316,-0.22553162,-1.0555316,-0.26553163,-0.66553164,-0.10553162,-1.5955316,-1.2555317,-2.4555316,-1.6355317,-2.1655316,-2.6355317,1.5344684,2.3444684,-0.055531617
-0.17553161,-1.5755316,-2.3655317,-2.6255317,-2.7255316,-3.2555315,-5.5755315,-5.5555315,-4.775532,-1.6455317,-2.9455316,-3.2355316,-4.4055314,-6.2055316,-6.8355317,-5.5455317,-4.4255314,-1.7755316,0.34446838,-1.3455316,-1.0655316,-0.20553161,-0.91553164,-1.8455316,-2.2255316,-2.4555316,-3.1455317,-3.5655317,-1.9755316,-0.59553164,-0.23553161,1.7944684,-1.8355316,-1.3155316,-1.6155316,-2.0055315,-1.1155316,-0.8855316,-0.26553163,-0.2555316,-1.5055317
-0.4755316,-2.1055317,-0.9555316,-1.5455316,-2.0655317,-3.7755315,-4.8055315,-5.4155316,-3.0355315,-3.2055316,-1.6855316,-1.1255317,-3.8555317,-4.6355314,-5.0755315,-4.4355316,-3.2355316,-2.3655317,-2.0455315,-2.2955315,-2.2955315,-2.2855315,-2.7755315,-3.3755317,-3.7755315,-3.7255316,-3.6855316,-3.6355317,-3.7755315,-2.3055315,-0.9855316,0.9144684,-0.46553162,-1.5355316,-0.8355316,-2.2255316,-2.2055316,-1.9255316,-2.4955316,-0.53553164,-1.7555317
0.034468383,0.054468382,-2.8755317,-1.4155316,-2.0255315,-2.9955316,-3.8555317,-3.5455315,-1.9055316,-1.0555316,-1.3155316,-3.2755315,-2.3655317,-3.3255317,-4.8955317,-4.1655316,-3.9155316,-2.8855317,-2.4455316,-2.2455316,-2.9655316,-3.3255317,-4.1155314,-4.735532,-4.4255314,-4.465532,-4.5155315,-4.4955316,-3.6355317,-2.8755317,0.3744684,-2.0855317,-1.6655316,-2.0555315,-2.2855315,-1.6755316,-1.0355316,-1.5155317,-1.6255317,-1.0755316,-0.27553162
