wind_kz.json
{"header": {"discipline":0,"disciplineName":"Meteorological products","gribEdition":2,"gribLength":1025,"center":7,"centerName":"US National Weather Service - NCEP(WMC)","subcenter":0,"refTime":"2023-09-21T18:00:00.000Z","significanceOfRT":1,"significanceOfRTName":"Start of forecast","productStatus":0,"productStatusName":"Operational products","productType":1,"productTypeName":"Forecast products","productDefinitionTemplate":0,"productDefinitionTemplateName":"Analysis/forecast at horizontal level/layer at a point in time","parameterCategory":2,"parameterCategoryName":"UnknownDiscipline_0_Category_2","parameterNumber":3,"parameterNumberName":"UnknownParameter_D0_C2_3","parameterUnit":"Unknown","genProcessType":2,"genProcessTypeName":"Forecast","forecastTime":60,"surface1Type":103,"surface1TypeName":"Specified height level above ground","surface1Value":10.0,"surface2Type":255,"surface2TypeName":"Missing","surface2Value":0.0,"gridDefinitionTemplate":0,"gridDefinitionTemplateName":"Latitude_Longitude","numberPoints":615,"shape":6,"shapeName":"Earth spherical with radius of 6,371,229.0 m","gridUnits":"degrees","resolution":48,"winds":"true","scanMode":64,"nx":41,"ny":15,"basicAngle":0,"lo1":47.0,"la1":41.0,"lo2":87.0,"la2":55.0,"dx":1.0,"dy":1.0}, "data":
[rows 0 to 14 of 15, columns 0 to 40 of 41]
0.8813818,1.7913818,3.491382,4.051382,2.3713818,0.8713818,2.171382,1.7013818,0.5713818,0.38138184,-2.278618,-2.1986182,-2.9786181,-3.558618,-4.938618,-5.148618,-5.478618,-4.5486183,-6.498618,-4.118618,-2.6386182,-2.1286182,2.491382,1.4613818,2.3813818,0.7513818,-0.08861817,-1.5986181,-2.3886182,-2.078618,-1.2986182,0.6113818,-1.6086181,2.3513818,1.6213819,1.4513818,1.3413818,0.43138182,-0.64861816,-1.3286182,-1.4986181
1.5913818,0.91138184,6.551382,4.841382,2.8113818,1.8213818,1.8113818,1.3513818,-0.20861816,-1.1186181,-1.2186182,-2.9986181,-3.1686182,-3.8786182,-4.868618,-4.808618,-4.5086184,-5.698618,-6.958618,-6.2386184,-6.6086183,-3.4586182,0.51138186,-1.9986181,1.7113818,2.1513817,3.0813818,-0.59861815,-1.3186182,-1.3386182,-2.4586182,-1.4786181,-1.1586182,-3.538618,-0.028618164,2.211382,1.2313819,2.3813818,2.3013818,1.5013819,2.3413818
1.9013819,6.8913817,5.191382,4.001382,3.4113817,2.5713818,1.4913819,0.081381835,0.45138183,-0.6786182,-2.3586183,-2.4986181,-2.9386182,-2.7386181,-3.768618,-4.518618,-4.418618,-5.428618,-6.058618,-7.018618,-1.7486181,-5.578618,-5.168618,-2.3386183,-2.538618,-2.018618,-1.5786182,-2.258618,-0.59861815,-3.038618,-1.1486182,0.6113818,-2.1686182,-0.08861817,0.49138182,-2.298618,-3.1986182,-3.078618,-2.6486182,0.33138183,0.7413818
5.071382,4.851382,4.591382,3.2513819,2.6213818,1.9313818,1.9113818,0.34138185,0.5613818,0.15138184,-0.98861814,-2.268618,-3.268618,-3.3886182,-3.548618,-3.9586182,-4.2586184,-3.9586182,-4.678618,-6.0086184,-6.1286182,-4.698618,-0.9386182,-2.528618,-2.808618,-2.528618,-2.3386183,-3.3786182,-3.1186182,-3.568618,-3.078618,-3.2486181,2.2813818,-1.2786182,2.211382,1.5213819,3.3913817,4.671382,-3.4286182,-3.9586182,-1.7986182
3.471382,3.171382,3.461382,2.0113819,2.5913818,2.4113817,0.92138183,0.41138184,0.41138184,0.15138184,-0.66861814,-1.9986181,-2.8886182,-3.9786181,-3.3986182,-4.398618,-5.0286183,-4.2986183,-3.1386182,-3.328618,-3.308618,-2.6986182,-1.7486181,-1.4886181,-1.5086181,-1.9986181,-3.568618,-3.078618,-3.1886182,-4.2386184,-4.788618,-4.458618,-1.9786181,-2.1986182,0.20138183,1.7013818,-9.248618,-0.41861817,5.0113816,-6.1286182,-2.298618
1.5613818,2.7913818,1.8513818,1.7613819,2.201382,1.1213819,0.5013818,-0.18861817,-0.45861816,0.031381834,-0.45861816,-1.0686182,-2.9186182,-4.428618,-5.3386183,-4.7586184,-4.328618,-3.4186182,-3.4986181,-3.1286182,-3.9386182,-3.8486183,-1.7886182,-0.98861814,-1.1086181,-1.3686181,-1.9786181,-3.9386182,-2.8986182,-3.4686182,-4.2586184,-3.9886181,-3.3686182,-3.2486181,-1.6186181,-4.578618,-0.10861816,-7.7186184,-2.798618,-3.2186182,0.5013818
1.7713819,2.241382,2.3213818,1.8513818,1.3213818,1.1413819,0.39138183,-0.058618166,1.5413818,0.89138186,-0.40861815,-1.5586182,-3.1886182,-4.728618,-4.9686184,-5.418618,-4.138618,-2.6086183,-2.3486183,-2.328618,-3.4186182,-3.558618,-3.018618,-2.038618,-0.82861817,-1.2186182,-2.4286182,-2.7486181,-2.808618,-3.4386182,-3.4286182,-3.1786182,-3.9886181,-4.788618,-6.748618,-2.4386182,-1.8286182,-3.1086183,-5.478618,-2.1186182,-0.7586182
1.6113819,2.0313818,1.4113818,0.7513818,0.51138186,-0.29861817,-0.008618164,0.7413818,2.1313818,0.67138183,-0.24861817,-0.5086182,-2.8386183,-3.4986181,-4.458618,-4.3386183,-4.5486183,-3.1586182,-2.6286182,-1.7486181,-2.308618,-2.8586183,-3.048618,-2.9486182,-3.018618,-2.9986181,-3.2486181,-3.4086182,-3.9786181,-3.2286181,-3.8586183,-3.9386182,-3.9286182,-4.648618,-4.018618,-3.818618,-3.3686182,-4.388618,-2.328618,-1.7786182,-1.4886181
1.3813819,0.8613818,0.53138185,0.021381836,-0.7586182,-0.37861815,0.011381836,1.0113819,1.3113818,0.8113818,-0.51861817,-0.9986182,-1.7486181,-2.4486182,-2.9886181,-3.4286182,-3.6786182,-3.1686182,-2.6386182,-2.568618,-1.3686181,-2.278618,-2.9286182,-2.5886183,-2.8586183,-3.038618,-2.9086182,-3.2286181,-4.038618,-4.598618,-4.8186183,-4.5686183,-4.6286182,-4.2986183,-4.4886184,-5.168618,-5.0886183,-4.958618,-3.1586182,-3.0886183,-0.51861817
1.4513818,0.70138186,0.061381835,-0.40861815,-0.9486182,-0.35861817,0.5613818,1.0113819,1.3313818,1.2613819,0.38138184,-0.17861816,-0.38861817,-1.2286181,-1.8686181,-1.5586182,-1.8186182,-2.1386182,-1.9386182,-1.6886182,-1.5486182,-1.8086182,-1.8586181,-2.2386181,-2.4186182,-2.6286182,-2.4086182,-2.3786182,-3.538618,-3.318618,-3.4886181,-4.458618,-3.4786181,-3.1286182,-3.008618,-3.6786182,-2.008618,-0.16861816,1.0413818,-2.4686182,-2.7186182
1.8713819,1.4213818,1.0913818,0.19138184,-1.2486181,-0.84861815,0.8813818,0.35138184,1.2213818,2.3613818,0.98138183,0.77138186,1.9313818,0.19138184,-0.70861816,-0.97861814,-1.5286182,-0.60861814,-0.40861815,-1.0386182,-1.1286181,-1.6086181,-1.9286182,-2.1886182,-1.8886181,-2.038618,-2.508618,-1.9286182,-0.71861815,-2.328618,-2.008618,-3.9386182,-2.078618,-1.6186181,-2.6086183,-1.8286182,-0.18861817,-1.0486182,0.041381836,-0.44861817,-0.72861814
1.2613819,1.5113819,1.0913818,0.67138183,0.44138184,-0.32861817,-0.12861817,0.71138185,0.29138184,0.09138183,-0.57861817,-1.9386182,0.10138184,1.0813818,-0.45861816,0.111381836,-0.27861816,-0.14861816,0.53138185,-0.31861818,-0.5686182,-1.3086182,-1.0886182,-0.60861814,-0.89861816,-0.18861817,0.53138185,-0.11861816,-0.40861815,-0.26861817,-1.0786182,-3.288618,-1.7286181,-1.1286181,-0.60861814,-0.89861816,-0.26861817,-0.6786182,1.8113818,0.8713818,0.60138184
2.3713818,2.241382,1.5013819,0.65138185,0.45138183,0.24138184,0.53138185,0.24138184,0.40138185,0.65138185,-0.22861816,-1.5586182,-1.2586181,-1.2886182,-1.2686181,0.041381836,-0.16861816,-0.51861817,-0.15861817,-0.21861817,0.10138184,-0.40861815,-0.85861814,-1.7486181,-2.508618,-0.11861816,-0.57861817,-0.36861816,0.011381836,1.6113819,-1.4286182,-2.068618,-1.5286182,-0.23861817,0.42138183,-0.25861818,-0.6786182,0.22138184,0.051381838,-0.39861816,0.5713818
2.991382,2.5813818,2.0213819,1.5513818,1.1513819,0.38138184,0.6213818,0.72138184,0.59138185,1.4113818,0.27138183,-0.26861817,-0.98861814,-0.26861817,-0.36861816,0.13138184,0.58138186,0.7413818,-0.018618165,-0.36861816,-0.66861814,-0.5086182,-1.0786182,-1.7986182,-2.3486183,-1.2686181,-0.8686182,-0.08861817,0.26138183,1.8313818,-1.9586182,-1.3486181,-1.1286181,-1.7386181,-0.8186182,-0.97861814,-0.8186182,-0.70861816,0.34138185,0.66138184,0.17138183
2.3113818,1.9813819,1.7513819,2.1113818,1.8513818,1.9513818,1.0413818,1.0713818,0.29138184,1.5313818,1.3213818,0.20138183,0.36138183,-0.76861817,-0.51861817,-0.6186182,-0.26861817,-0.24861817,0.15138184,0.36138183,-0.96861815,-2.048618,-2.6786182,-2.9686182,-3.0986183,-1.5286182,-0.25861818,-0.41861817,1.4513818,0.121381834,-0.29861817,-0.5086182,-1.0886182,-1.2686181,-1.3586181,-2.2186182,-1.5086181,-0.97861814,-0.47861817,0.021381836,0.27138183
