wind_kz.json
{"header": {"discipline":0,"disciplineName":"Meteorological products","gribEdition":2,"gribLength":871,"center":7,"centerName":"US National Weather Service - NCEP(WMC)","subcenter":0,"refTime":"2023-09-07T18:00:00.000Z","significanceOfRT":1,"significanceOfRTName":"Start of forecast","productStatus":0,"productStatusName":"Operational products","productType":1,"productTypeName":"Forecast products","productDefinitionTemplate":0,"productDefinitionTemplateName":"Analysis/forecast at horizontal level/layer at a point in time","parameterCategory":0,"parameterCategoryName":"UnknownDiscipline_0_Category_0","parameterNumber":0,"parameterNumberName":"UnknownParameter_D0_C0_0","parameterUnit":"Unknown","genProcessType":2,"genProcessTypeName":"Forecast","forecastTime":60,"surface1Type":1,"surface1TypeName":"Ground or water surface","surface1Value":0.0,"surface2Type":255,"surface2TypeName":"Missing","surface2Value":0.0,"gridDefinitionTemplate":0,"gridDefinitionTemplateName":"Latitude_Longitude","numberPoints":615,"shape":6,"shapeName":"Earth spherical with radius of 6,371,229.0 m","gridUnits":"degrees","resolution":48,"winds":"true","scanMode":64,"nx":41,"ny":15,"basicAngle":0,"lo1":47.0,"la1":41.0,"lo2":87.0,"la2":55.0,"dx":1.0,"dy":1.0}, "data":
[rows 0 to 14 of 15, columns 0 to 40 of 41]
299.52338,289.12338,283.62338,298.2234,298.3234,297.02338,303.8234,312.52338,309.9234,310.52338,310.9234,311.4234,311.02338,311.8234,312.52338,314.52338,313.52338,311.3234,316.62338,314.02338,318.3234,315.12338,316.62338,317.3234,317.3234,323.8234,316.4234,304.7234,303.3234,300.3234,297.8234,294.8234,307.9234,317.02338,320.12338,320.3234,321.8234,321.8234,320.8234,321.3234,321.12338
276.12338,283.8234,297.62338,297.9234,297.9234,296.2234,305.9234,306.9234,301.62338,299.12338,303.7234,301.52338,306.8234,305.8234,309.7234,312.8234,313.2234,314.9234,315.02338,317.7234,317.4234,314.02338,314.8234,304.9234,292.4234,297.7234,307.7234,302.52338,304.52338,292.2234,298.7234,291.52338,300.2234,272.9234,295.2234,310.02338,314.02338,313.62338,318.52338,307.7234,285.3234
287.3234,297.2234,298.4234,298.02338,295.62338,288.9234,295.3234,295.4234,302.8234,295.2234,291.7234,294.3234,295.4234,300.9234,300.7234,309.8234,305.12338,312.02338,315.2234,316.8234,313.4234,312.62338,312.8234,307.4234,309.62338,306.7234,307.4234,308.8234,310.02338,302.52338,293.52338,294.9234,302.12338,299.9234,301.2234,297.9234,298.52338,296.8234,301.62338,294.8234,292.8234
287.3234,297.02338,297.9234,296.8234,293.02338,289.02338,287.62338,290.12338,290.52338,289.8234,292.02338,300.4234,294.02338,293.3234,294.4234,304.9234,305.62338,297.2234,301.62338,307.7234,312.3234,308.8234,307.52338,310.02338,309.4234,308.3234,312.2234,308.52338,309.7234,310.9234,310.8234,307.52338,311.4234,314.02338,311.2234,309.2234,297.7234,295.8234,299.8234,311.2234,312.3234
295.4234,295.3234,296.2234,295.12338,292.62338,290.4234,290.2234,290.8234,289.62338,290.12338,290.52338,289.4234,293.4234,292.2234,290.3234,296.7234,294.7234,296.62338,306.2234,303.02338,307.7234,309.9234,309.7234,311.3234,313.12338,312.3234,308.9234,302.2234,311.02338,306.62338,312.02338,311.7234,300.9234,292.4234,301.8234,311.7234,307.62338,318.62338,319.02338,317.02338,314.12338
297.3234,294.7234,294.3234,293.9234,294.12338,293.9234,292.2234,291.9234,293.62338,291.02338,291.62338,291.9234,292.8234,293.12338,294.52338,301.9234,302.62338,306.4234,303.9234,299.3234,303.3234,306.3234,309.4234,310.62338,311.2234,312.52338,311.9234,292.12338,296.02338,300.12338,304.62338,310.2234,314.12338,314.02338,310.7234,306.7234,306.02338,307.8234,317.4234,315.3234,316.62338
297.52338,297.52338,294.52338,292.2234,292.62338,294.8234,293.3234,291.12338,291.9234,293.3234,294.52338,293.2234,294.2234,296.9234,299.52338,299.9234,301.3234,303.02338,304.9234,301.9234,305.3234,306.12338,305.9234,308.02338,306.4234,306.8234,309.8234,305.4234,302.62338,301.12338,300.62338,308.9234,314.2234,312.62338,311.7234,309.4234,304.02338,304.62338,299.4234,300.12338,309.8234
294.3234,295.8234,290.4234,297.4234,297.62338,298.62338,297.9234,294.9234,294.2234,294.52338,294.2234,294.3234,293.52338,292.62338,296.52338,296.7234,298.4234,298.2234,299.3234,300.4234,298.7234,301.52338,302.2234,298.7234,302.7234,303.3234,301.7234,302.62338,301.52338,298.8234,300.8234,298.4234,309.2234,307.4234,311.12338,308.2234,308.02338,289.62338,309.12338,312.4234,308.62338
285.02338,296.52338,296.3234,297.8234,300.12338,299.52338,289.2234,288.52338,291.8234,292.7234,291.12338,294.7234,293.62338,298.12338,298.02338,299.02338,297.9234,299.8234,296.62338,296.8234,294.3234,295.2234,299.02338,300.7234,300.4234,298.9234,297.3234,298.7234,298.7234,297.8234,302.2234,303.4234,306.02338,307.02338,304.12338,296.4234,301.3234,302.52338,297.12338,291.4234,294.62338
285.52338,284.8234,298.52338,290.12338,296.52338,295.3234,299.2234,296.9234,289.7234,286.9234,292.4234,293.62338,289.4234,294.4234,295.8234,294.9234,298.62338,293.62338,299.7234,297.9234,295.8234,295.2234,297.3234,297.9234,298.02338,296.62338,297.52338,297.4234,296.7234,298.62338,300.62338,302.62338,305.8234,306.7234,305.52338,304.3234,296.7234,292.7234,294.9234,293.52338,291.12338
285.9234,287.7234,284.4234,296.02338,289.8234,293.62338,294.2234,296.4234,291.9234,288.7234,293.8234,294.62338,291.4234,289.62338,292.8234,293.3234,293.8234,294.3234,295.4234,295.02338,294.8234,295.02338,294.12338,294.7234,293.2234,294.9234,293.7234,297.3234,299.4234,301.52338,303.02338,303.8234,305.4234,303.3234,295.02338,299.4234,292.9234,292.52338,295.12338,290.52338,290.62338
286.8234,285.12338,286.12338,284.8234,291.52338,293.3234,291.7234,291.9234,294.12338,292.52338,289.12338,288.2234,290.02338,289.4234,289.3234,292.02338,292.52338,292.4234,292.62338,291.62338,290.52338,289.62338,289.8234,292.8234,292.12338,294.9234,295.52338,298.4234,300.62338,302.2234,300.7234,301.2234,301.9234,299.9234,296.2234,297.9234,297.12338,298.4234,296.7234,298.02338,295.8234
288.52338,285.62338,285.12338,284.62338,283.4234,283.12338,282.7234,282.8234,283.52338,285.9234,282.12338,279.12338,280.9234,280.62338,281.8234,283.12338,285.52338,286.62338,290.52338,289.62338,289.7234,289.02338,288.8234,289.12338,293.2234,294.4234,300.9234,301.02338,300.9234,300.4234,301.02338,297.7234,297.3234,294.02338,297.2234,295.52338,296.4234,295.7234,296.4234,294.7234,293.2234
289.02338,287.2234,289.4234,287.2234,286.9234,288.3234,288.52338,282.7234,284.02338,282.7234,280.2234,279.62338,284.9234,282.2234,283.8234,284.7234,282.8234,282.12338,282.12338,288.62338,290.4234,290.9234,292.3234,286.02338,292.2234,293.52338,292.12338,297.12338,296.3234,293.7234,290.62338,297.3234,297.4234,296.4234,296.7234,296.62338,294.52338,294.8234,295.52338,292.02338,293.2234
289.4234,291.8234,289.3234,290.12338,287.52338,286.52338,285.9234,286.8234,290.12338,285.02338,284.3234,283.2234,281.52338,281.8234,282.9234,284.2234,287.7234,286.62338,288.7234,290.02338,291.4234,287.2234,285.12338,285.52338,285.62338,288.3234,289.8234,292.52338,295.4234,294.4234,294.4234,291.02338,295.4234,295.02338,295.62338,295.52338,296.8234,295.02338,294.3234,290.4234,288.9234
