wind_kz.json
[{"header":{"discipline":0,"disciplineName":"Meteorological products","gribEdition":2,"gribLength":871,"center":7,"centerName":"US National Weather Service - NCEP(WMC)","subcenter":0,"refTime":"2023-09-19T12:00:00.000Z","significanceOfRT":1,"significanceOfRTName":"Start of forecast","productStatus":0,"productStatusName":"Operational products","productType":1,"productTypeName":"Forecast products","productDefinitionTemplate":0,"productDefinitionTemplateName":"Analysis/forecast at horizontal level/layer at a point in time","parameterCategory":0,"parameterCategoryName":"UnknownDiscipline_0_Category_0","parameterNumber":0,"parameterNumberName":"UnknownParameter_D0_C0_0","parameterUnit":"Unknown","genProcessType":2,"genProcessTypeName":"Forecast","forecastTime":60,"surface1Type":1,"surface1TypeName":"Ground or water surface","surface1Value":0.0,"surface2Type":255,"surface2TypeName":"Missing","surface2Value":0.0,"gridDefinitionTemplate":0,"gridDefinitionTemplateName":"Latitude_Longitude","numberPoints":615,"shape":6,"shapeName":"Earth spherical with radius of 6,371,229.0 m","gridUnits":"degrees","resolution":48,"winds":"true","scanMode":64,"nx":41,"ny":15,"basicAngle":0,"lo1":47.0,"la1":41.0,"lo2":87.0,"la2":55.0,"dx":1.0,"dy":1.0},"data":[292.7714,283.7714,286.57138,294.7714,294.8714,294.47137,292.7714,292.2714,289.97137,289.8714,289.07138,289.97137,289.2714,288.6714,288.2714,286.2714,286.7714,287.57138,286.07138,286.7714,288.2714,285.07138,283.47137,281.07138,287.3714,288.97137,287.07138,275.6714,271.6714,272.57138,272.2714,274.47137,282.1714,288.57138,290.7714,290.2714,289.6714,287.6714,287.47137,287.57138,288.2714,272.47137,285.6714,294.3714,294.7714,294.2714,292.7714,290.3714,290.07138,288.57138,289.3714,289.8714,288.57138,287.7714,286.07138,284.8714,285.57138,285.8714,284.97137,285.07138,288.47137,285.2714,286.7714,283.7714,277.47137,268.7714,270.3714,278.97137,273.07138,272.47137,271.2714,273.1714,268.6714,275.47137,256.07138,272.3714,286.7714,283.6714,284.2714,286.8714,279.07138,283.8714,287.97137,293.47137,294.7714,294.3714,292.1714,290.3714,289.8714,289.47137,288.6714,287.97137,287.1714,287.57138,285.07138,286.3714,287.7714,284.7714,284.2714,283.3714,284.3714,284.8714,287.2714,284.47137,286.1714,282.6714,284.07138,282.8714,288.3714,286.47137,285.1714,278.3714,270.8714,272.2714,278.6714,276.3714,277.2714,276.6714,270.57138,269.8714,270.6714,267.97137,266.8714,291.2714,293.2714,294.7714,293.3714,291.57138,289.07138,289.8714,288.6714,288.47137,287.97137,287.2714,286.57138,292.2714,291.6714,286.97137,287.07138,287.57138,285.3714,285.47137,284.1714,284.7714,279.47137,285.6714,286.57138,286.3714,288.2714,289.7714,287.2714,285.57138,286.97137,287.97137,285.07138,288.7714,285.57138,283.6714,280.7714,269.47137,264.47137,271.97137,280.3714,284.6714,290.6714,292.3714,293.47137,292.6714,290.8714,288.57138,289.3714,287.8714,287.2714,287.6714,288.07138,285.6714,291.2714,290.2714,288.6714,287.7714,287.97137,287.2714,285.2714,287.57138,287.1714,286.7714,284.1714,284.97137,285.6714,285.3714,284.8714,287.2714,285.57138,287.6714,289.7714,286.6714,273.97137,266.7714,277.47137,285.3714,288.7714,288.47137,288.47137,288.3714,288.7714,287.97137,286.8714,291.7714,291.3714,292.07138,291.47137,287.8714,288.7714,286.97137,288.1714,288.6714,288.1714,290.57138,291.2714,289.07138,287.57138,289.07138,286.8714,288.2714,287.97137,287.1714,287.2714,286.57138,286.8714,286.2714,284.1714,285.47137,289.3714,286.6714,287.3714,285.1714,286.7714,285.07138,286.97137,282.47137,286.8714,280.47137,280.3714,286.8714,286.6714,285.2714,287.7714,287.07138,289.57138,288.47137,288.97137,287.47137,288.97137,288.07138,288.57138,289.07138,287.1714,286.6714,286.47137,286.6714,286.7714,287.97137,287.97137,288.8714,285.97137,286.07138,288.7714,286.07138,286.3714,286.7714,284.6714,286.3714,285.07138,285.3714,287.07138,287.97137,285.47137,287.47137,285.7714,286.2714,284.6714,283.7714,278.47137,276.7714,275.97137,271.2714,282.07138,287.6714,286.3714,288.57138,288.47137,288.6714,288.47137,288.07138,287.07138,285.97137,286.1714,285.07138,285.07138,284.47137,285.7714,286.57138,287.1714,288.07138,288.07138,288.2714,287.97137,287.7714,288.07138,287.47137,283.97137,282.8714,284.1714,281.07138,281.7714,280.97137,283.3714,282.3714,282.6714,281.8714,282.8714,284.1714,283.3714,285.47137,288.2714,282.7714,281.47137,279.1714,288.1714,287.57138,287.1714,285.47137,286.8714,286.47137,285.1714,285.57138,284.07138,283.07138,282.57138,282.47137,282.3714,283.97137,284.2714,285.1714,285.6714,285.97137,285.8714,287.2714,286.97137,286.07138,287.07138,285.57138,281.8714,284.47137,283.57138,279.7714,280.8714,281.6714,280.1714,280.8714,280.8714,284.2714,284.7714,282.07138,283.3714,281.47137,269.57138,270.6714,267.8714,287.57138,287.7714,286.7714,285.57138,284.7714,283.6714,283.2714,283.2714,283.2714,281.7714,282.1714,281.6714,282.2714,282.57138,282.1714,283.1714,283.6714,284.2714,284.7714,285.97137,288.07138,286.57138,287.1714,287.07138,285.97137,286.2714,280.3714,284.6714,282.6714,284.6714,284.57138,285.07138,285.6714,285.57138,286.07138,284.97137,282.6714,277.7714,271.7714,272.3714,274.57138,287.2714,285.57138,286.2714,285.07138,285.07138,283.8714,283.7714,281.6714,282.07138,281.57138,281.47137,281.3714,281.7714,281.2714,281.3714,281.7714,281.97137,283.07138,283.6714,283.6714,284.8714,286.3714,286.57138,286.8714,285.7714,286.7714,284.3714,282.1714,282.2714,284.97137,287.7714,288.1714,284.6714,283.7714,284.1714,285.1714,281.1714,275.6714,274.57138,278.2714,276.57138,285.97137,286.6714,286.7714,285.6714,284.6714,284.3714,282.8714,282.2714,282.8714,281.47137,278.57138,280.3714,280.97137,280.2714,280.6714,281.07138,281.3714,281.57138,281.47137,281.97137,281.7714,281.6714,281.6714,281.57138,281.7714,282.8714,283.47137,283.1714,283.1714,283.7714,282.8714,286.07138,286.97137,286.47137,286.2714,281.8714,284.57138,280.6714,283.2714,283.1714,280.07138,285.57138,285.47137,286.8714,285.3714,285.97137,284.97137,283.1714,283.1714,281.97137,283.07138,279.57138,278.47137,281.07138,280.3714,280.7714,280.47137,280.3714,280.47137,280.97137,280.47137,280.2714,279.57138,279.47137,279.47137,281.1714,281.7714,283.1714,282.3714,282.8714,281.2714,280.8714,282.1714,282.97137,281.7714,282.2714,281.6714,281.6714,282.07138,281.1714,280.57138,280.8714,284.47137,285.2714,286.7714,286.3714,286.07138,287.07138,286.8714,286.8714,287.7714,286.1714,283.47137,280.7714,282.7714,282.1714,282.57138,281.57138,281.47137,280.7714,280.57138,280.6714,280.8714,280.8714,281.07138,280.6714,280.97137,281.07138,280.97137,281.3714,280.97137,281.1714,281.07138,280.07138,279.97137,280.8714,281.6714,280.57138,280.57138,280.07138,279.7714,283.7714,283.57138,286.1714,288.97137,287.8714,287.6714,285.8714,284.3714,285.2714,284.97137,286.7714,287.1714,285.2714,285.8714,284.2714,285.97137,282.57138,283.47137,283.3714,283.47137,282.2714,281.7714,281.7714,281.7714,281.57138,281.3714,281.2714,281.07138,281.07138,280.6714,280.2714,279.6714,279.97137,282.7714,279.6714,279.2714,279.07138,279.57138,279.2714,280.07138,280.3714,280.47137,280.8714]},{"header":{"discipline":0,"disciplineName":"Meteorological products","gribEdition":2,"gribLength":1025,"center":7,"centerName":"US National Weather Service - NCEP(WMC)","subcenter":0,"refTime":"2023-09-19T12:00:00.000Z","significanceOfRT":1,"significanceOfRTName":"Start of forecast","productStatus":0,"productStatusName":"Operational products","productType":1,"productTypeName":"Forecast products","productDefinitionTemplate":0,"productDefinitionTemplateName":"Analysis/forecast at horizontal level/layer at a point in time","parameterCategory":2,"parameterCategoryName":"UnknownDiscipline_0_Category_2","parameterNumber":2,"parameterNumberName":"UnknownParameter_D0_C2_2","parameterUnit":"Unknown","genProcessType":2,"genProcessTypeName":"Forecast","forecastTime":60,"surface1Type":103,"surface1TypeName":"Specified height level above ground","surface1Value":10.0,"surface2Type":255,"surface2TypeName":"Missing","surface2Value":0.0,"gridDefinitionTemplate":0,"gridDefinitionTemplateName":"Latitude_Longitude","numberPoints":615,"shape":6,"shapeName":"Earth spherical with radius of 6,371,229.0 m","gridUnits":"degrees","resolution":48,"winds":"true","scanMode":64,"nx":41,"ny":15,"basicAngle":0,"lo1":47.0,"la1":41.0,"lo2":87.0,"la2":55.0,"dx":1.0,"dy":1.0},"data":[-0.1775,0.4025,1.5725,-2.9275,-6.7175,-7.4975,-4.8475,-4.7375,-4.3375,-3.3475,-2.5975,-4.2475,-3.9675,-2.6575,-2.1075,-1.9875,-0.4675,0.0425,-2.0875,-1.0575,0.4825,0.5825,0.9625,0.6225,-1.9775,-1.1775,1.0825,2.6425,0.5325,0.8625,-0.3475,2.0225,1.7725,1.4725,-0.9675,-2.2275,-3.1075,-4.2075,-3.6675,-3.0275,-3.9775,1.9425,1.3125,-6.1075,-4.5275,-6.0875,-5.8175,-3.1575,-4.3775,-3.0675,-3.7775,-3.7975,-4.1375,-2.8375,-1.8175,-1.5775,-1.4375,-0.6675,-1.0775,0.1225,1.0425,1.3125,0.5525,1.2625,-0.7475,1.2625,0.4025,-1.4575,1.0725,1.1925,-0.4475,0.2325,1.0425,-1.4775,-0.9775,-1.1875,1.3025,-0.8175,0.5925,-0.3075,-0.2375,-2.3675,-1.6975,-6.5675,-7.1975,-8.1175,-6.9575,-5.0375,-4.0775,-3.1175,-4.6275,-3.9975,-3.7075,-3.4875,-2.0675,-1.5775,-1.6375,-0.7575,-0.3075,0.7225,1.7925,1.4925,1.3325,1.0425,-1.6675,-2.0675,-0.4475,2.4825,0.2425,2.9125,-0.7075,0.7625,0.8025,-0.2875,1.3325,0.5225,0.2325,-0.3575,-1.4975,0.3925,-1.4275,1.8025,1.2325,-6.3775,-7.9975,-8.3975,-8.1375,-5.5075,-4.2175,-2.7775,-3.6575,-3.1975,-2.8275,-2.9875,-2.6175,-3.4075,-1.4775,-0.8675,-0.6875,0.2425,0.0225,0.2125,1.1425,0.5025,-0.7275,3.3925,1.5825,1.3425,2.0625,2.0025,-0.7275,1.8925,4.1925,2.7425,-1.3975,-0.8375,-2.2975,-2.0575,-1.7575,-1.9075,1.7825,0.2525,0.0225,0.3225,-7.4375,-9.5075,-8.7575,-6.8175,-4.6375,-3.1075,-2.5875,-1.3275,-1.0475,-1.4175,-1.7975,-0.7775,-1.5275,-1.3575,-0.8775,-0.6175,-0.1175,-0.4075,-1.4475,-1.3075,0.2225,-0.3375,-1.0575,-0.9575,-1.8975,-3.0275,-3.1875,-1.2075,2.5925,3.8725,2.9725,1.5725,-0.5375,1.2025,1.6225,-0.9475,-2.2775,-2.0475,-2.6475,-2.1175,-2.8375,-4.7375,-3.9975,-5.8875,-5.0875,-3.7075,-2.5675,-0.7575,-1.7375,-1.1275,-2.9475,-2.2875,-1.7175,-0.9075,-1.1875,-0.8875,0.5525,0.5925,-0.4075,-1.3975,-0.4175,-2.4475,-1.4675,-2.7275,-2.0775,-2.3075,-2.7675,-1.4175,-3.6775,-1.3475,-0.7075,-0.1075,0.1725,1.2025,1.1725,0.0525,-1.8975,0.4725,0.5725,4.0725,0.7925,-1.4075,-3.5375,-2.9275,-2.7575,-2.4875,-3.0775,-2.5175,-3.2175,-3.7275,-4.1375,-3.5275,-2.2175,-2.0575,-1.4975,-0.8575,-0.2475,0.0725,-0.0175,-0.1375,0.3925,-1.6675,-0.8175,-1.7275,-2.1875,-1.0175,-1.7275,-1.8775,-1.3275,-1.5475,-2.1175,-2.7775,-2.3875,-1.7475,0.3125,-2.2375,-3.0275,-1.6575,-1.5475,2.2625,0.0725,0.4925,0.4525,-0.6075,-0.2975,-1.9675,-2.4875,-2.8075,-2.7875,-2.8575,-2.9875,-2.4775,-2.6475,-1.2775,-0.8475,-0.3375,-0.0975,0.1525,-0.0275,-0.5175,-0.6675,-0.6775,-0.4475,-0.4775,-0.0875,-1.2175,-1.9075,-0.3575,-0.0775,-0.3875,-0.9375,0.0125,-1.0575,-1.8275,-0.3975,-0.7575,-0.4575,0.8425,0.5225,0.8525,2.1125,-1.5775,-0.4875,-1.2475,-1.7075,-0.8975,-1.1975,-1.4475,-1.9575,-2.0775,-2.3375,-2.1575,-1.6775,-0.9575,-0.3475,0.7125,1.4825,1.1925,1.4125,0.6325,0.2925,0.1725,0.7825,0.2325,0.7225,0.9325,0.9625,0.3325,-0.1375,-1.5275,-1.2375,-1.2875,0.7025,0.2525,-0.2175,0.9325,2.1925,-0.0075,0.7925,-0.1175,-1.1175,-0.7875,-0.3675,0.1625,-1.0875,-0.3975,0.2125,0.4025,0.5125,1.2325,0.8725,0.0725,1.1925,1.7325,1.4425,2.7225,2.6025,2.5025,2.8325,2.8525,2.7425,1.9625,1.2025,0.7725,0.9625,0.6225,1.0125,0.1525,1.2925,1.3025,0.4825,-0.0775,0.2725,0.8225,0.4825,1.4825,1.9025,-0.1075,-0.4675,1.0125,-0.7575,-0.6275,-0.4275,-1.7175,0.1725,0.2525,0.4425,1.2525,1.1025,1.5225,2.0825,1.8425,2.3425,2.1125,2.1125,1.9825,1.8325,2.3925,2.8025,3.5125,3.7025,3.7525,3.6625,3.5725,2.4425,1.6525,1.1325,0.2725,0.6625,0.6325,0.4425,-0.0475,1.1425,0.0325,0.9025,1.7325,1.0325,1.1325,-0.0075,-0.0075,0.2025,-0.8775,-0.7875,-0.0175,-0.7975,-0.1575,-0.1275,1.2125,2.0025,2.8625,2.2125,2.5325,2.4625,2.0725,2.0025,2.0725,1.0025,0.9125,3.5025,3.3325,3.7225,4.3425,3.8925,4.1025,4.2925,2.7625,3.3525,3.0925,3.2225,2.7625,2.5025,2.5325,3.0025,2.8825,3.2325,3.2725,2.8925,1.7325,1.9725,1.0925,0.9225,-0.3275,-0.6775,0.1125,-0.2075,0.2825,-0.1975,-0.2575,1.9225,1.8525,2.2225,2.2925,2.5825,1.7725,2.0225,2.0325,2.7425,0.7025,0.8325,2.1925,2.9525,4.1725,3.9625,3.9025,3.8525,3.5225,2.6225,3.3525,2.6825,2.9925,3.1425,2.9525,3.9925,3.5325,4.0425,3.8925,3.5125,3.4025,3.2425,3.0425,2.5025,1.0525,1.1325,1.0725,1.4825,0.0725,0.4825,0.4625,-0.0775,3.1125,2.6425,2.9125,3.1925,2.5625,2.5025,2.1925,4.1625,4.3925,2.5525,1.0025,0.9425,2.9025,4.2825,4.5825,3.8125,3.4725,3.1025,2.3725,3.3925,3.7025,4.0925,4.8525,4.5125,4.5025,3.8725,3.6925,3.7525,3.2625,3.2925,3.1825,3.1325,3.0025,2.8325,2.0625,1.7925,0.9625,0.6325,0.8825,1.0825,-0.2675,1.5825,2.5125,3.4825,2.4425,2.7625,2.7125,3.4525,4.0725,5.3425,4.4325,0.8625,4.6525,3.7925,3.5325,3.8725,4.2025,4.4625,4.4725,2.7425,4.5625,4.3925,4.5225,4.3125,4.6125,4.6125,4.2125,4.2725,3.8725,3.5625,3.1325,3.6825,4.6325,2.6425,2.6725,2.6925,2.9325,1.4225,2.5125,2.2825,1.9325,-0.3175]},{"header":{"discipline":0,"disciplineName":"Meteorological products","gribEdition":2,"gribLength":948,"center":7,"centerName":"US National Weather Service - NCEP(WMC)","subcenter":0,"refTime":"2023-09-19T12:00:00.000Z","significanceOfRT":1,"significanceOfRTName":"Start of forecast","productStatus":0,"productStatusName":"Operational products","productType":1,"productTypeName":"Forecast products","productDefinitionTemplate":0,"productDefinitionTemplateName":"Analysis/forecast at horizontal level/layer at a point in time","parameterCategory":2,"parameterCategoryName":"UnknownDiscipline_0_Category_2","parameterNumber":3,"parameterNumberName":"UnknownParameter_D0_C2_3","parameterUnit":"Unknown","genProcessType":2,"genProcessTypeName":"Forecast","forecastTime":60,"surface1Type":103,"surface1TypeName":"Specified height level above ground","surface1Value":10.0,"surface2Type":255,"surface2TypeName":"Missing","surface2Value":0.0,"gridDefinitionTemplate":0,"gridDefinitionTemplateName":"Latitude_Longitude","numberPoints":615,"shape":6,"shapeName":"Earth spherical with radius of 6,371,229.0 m","gridUnits":"degrees","resolution":48,"winds":"true","scanMode":64,"nx":41,"ny":15,"basicAngle":0,"lo1":47.0,"la1":41.0,"lo2":87.0,"la2":55.0,"dx":1.0,"dy":1.0},"data":[0.61791015,-0.48208985,1.8979101,1.6579101,3.6079102,2.1279101,0.5279102,0.25791016,-1.1120899,-0.75208986,-0.82208985,-0.43208984,-1.0220898,-2.56209,-3.08209,-3.7520897,-3.77209,-3.9020898,-3.81209,-2.2120898,-2.4920897,-2.83209,-1.1420898,0.13791016,-0.41208985,1.5579102,-0.32208985,1.8979101,-0.95208985,-1.1320899,0.86791015,1.6279101,-0.6120899,-2.9020898,-5.18209,-1.8220898,-0.64208984,-1.1520898,-1.4820899,2.3879101,2.3079102,2.8879101,0.5179102,3.8479102,2.72791,3.1379101,2.72791,0.26791015,0.78791016,-0.95208985,1.8079102,-0.63208985,-1.6720898,-2.30209,-2.84209,-3.7120898,-3.6520898,-3.5020897,-3.6620898,-4.69209,-4.23209,-3.53209,-3.7320898,-1.1120899,1.6979102,-0.74208987,0.27791014,1.4079101,-1.3520899,-0.45208985,0.06791016,-0.30208984,-1.6520898,0.16791016,0.7779102,1.6179101,0.97791016,-1.2720898,-3.1620898,-0.8620899,-1.5220898,-1.4920899,2.0179102,3.42791,0.99791014,3.2679102,1.0779102,-0.102089845,-0.09208985,-0.42208984,-0.64208984,1.6179101,0.46791017,-0.70208985,-1.9420898,-3.3920898,-2.9920897,-3.1520898,-3.2020898,-3.2020898,-2.8920898,-3.7520897,-3.80209,-2.6420898,-2.55209,-0.83208984,1.2079102,1.2179102,-0.71208984,-0.75208986,1.1379101,0.59791017,-1.0820899,-0.022089845,-0.47208986,-0.83208984,-0.6620898,2.20791,3.2879102,0.59791017,1.6079102,-1.3220898,-1.6120899,1.1379101,1.3179102,0.75791013,0.6379101,-0.28208983,0.14791016,0.72791016,0.5179102,0.8379102,2.43791,1.5679102,-1.0020899,-2.4520898,-3.7120898,-3.4820898,-3.79209,-3.6120899,-3.6220899,-3.7420897,-3.1820898,-3.04209,-1.3920898,-1.2520899,-1.7220899,2.3279102,1.1679101,-0.44208986,1.5479102,-5.83209,-3.85209,-3.7520897,-1.5520898,-0.23208985,-0.5420898,-0.63208985,-2.6320899,-1.7920898,0.48791015,1.0179101,2.18791,1.7379102,0.61791015,0.47791016,-0.07208984,-0.20208985,-0.09208985,0.33791015,0.037910156,0.94791013,0.5279102,3.69791,2.7779102,0.62791014,-3.6520898,-4.12209,-4.23209,-4.0920897,-4.20209,-3.80209,-2.8920898,-3.32209,-3.2320898,-3.0020897,-1.7320899,-1.9520898,-2.09209,-1.2520899,-2.1820898,-3.2020898,1.0079101,0.56791013,-0.39208984,0.69791013,1.0079101,0.15791015,-0.022089845,-0.33208984,-0.7320898,-0.75208986,-3.6520898,0.22791016,-0.70208985,-0.07208984,-0.28208983,0.81791013,0.19791016,-0.6120899,-1.4320898,-1.4720899,1.0879102,1.2479101,2.16791,1.2479101,-0.35208985,-2.6420898,-4.31209,-4.00209,-3.83209,-3.6920898,-2.9020898,-3.2220898,-3.4520898,-3.7020898,-3.2120898,-1.9020898,-3.08209,-2.1320899,-1.9320898,-3.6220899,-4.5320897,-3.60209,-4.0320897,-1.7320899,-2.35209,-2.27209,2.5479102,2.16791,1.0679102,1.0879102,2.70791,-2.9920897,-1.0220898,-1.1020899,0.7179102,0.93791014,0.40791017,-0.76208985,-0.95208985,-1.3120898,-1.4020898,0.17791015,-0.71208984,1.2579101,0.79791015,-0.55208987,-2.07209,-2.8820899,-3.4820898,-4.81209,-3.9120898,-3.27209,-0.7320898,-1.4420898,-2.6820898,-2.8920898,-2.1220899,-2.9820898,-2.9320898,-3.6420898,-3.32209,-3.84209,-4.47209,-4.19209,-4.0920897,-4.92209,-4.33209,0.15791015,-0.40208983,-1.7320899,-2.9120898,1.1579101,-0.08208984,-0.31208983,0.017910156,2.3679101,1.8879101,1.4779102,0.49791014,-0.45208985,-0.93208987,0.23791015,0.29791015,0.53791016,0.077910155,0.077910155,0.6379101,-1.8820899,-2.4920897,-3.08209,-3.57209,-3.55209,-4.12209,-3.52209,-0.32208985,-1.7520899,-2.35209,-2.1120899,-1.8820899,-2.4220898,-1.4120898,-1.7020898,-2.2120898,-2.6420898,-3.8720899,-3.4520898,-3.77209,-3.33209,-3.52209,0.55791014,0.53791016,-1.9220898,-0.55208987,-0.7820898,0.21791016,-1.3220898,2.67791,3.18791,2.41791,1.7079102,0.31791016,0.68791014,0.5879102,0.8279102,0.5279102,0.16791016,-0.6120899,-0.7320898,-0.95208985,-2.02209,-2.6120899,-3.0020897,-3.06209,-3.5020897,-3.3920898,-2.56209,-0.12208984,-0.33208984,-1.7520899,-1.9920899,-2.1620898,-1.7720898,-1.4320898,-1.3820899,-1.6220899,-2.1920898,-3.52209,-2.58209,-1.8920898,-2.1320899,-2.3620899,1.5579102,-1.5020899,0.14791016,0.027910156,-0.76208985,-1.6120899,3.1079102,2.8079102,2.7479103,2.20791,1.2079102,1.0879102,0.7079102,1.1179101,0.39791015,0.23791015,-0.15208985,-0.7320898,-0.75208986,-1.5220898,-1.4220898,-2.0120897,-2.1720898,-2.4720898,-3.06209,-3.34209,-1.6520898,-1.6220899,0.62791014,-1.4320898,1.0279101,1.7679101,0.21791016,-1.5120898,-1.3420899,-2.4820898,-1.4320898,-1.8620899,-3.1820898,-2.9220898,0.72791016,-0.52208984,0.19791016,-1.5620898,-0.21208984,2.5179102,0.61791015,2.3679101,2.2679102,2.19791,1.7379102,1.1279101,1.1779102,0.41791016,-0.6020898,0.40791017,-0.24208984,0.117910154,0.72791016,-0.93208987,-0.6020898,-0.8620899,0.077910155,-0.40208983,-0.47208986,-0.95208985,-1.6120899,-1.9720899,-1.5420898,-1.9220898,-1.9520898,-1.7020898,-1.3120898,0.06791016,-0.12208984,-1.4620899,-1.0120898,-3.4120898,-2.8620899,-2.7420897,-2.10209,-2.1420898,0.43791017,0.38791016,1.6279101,1.2279102,1.3379102,-0.27208984,1.3879101,2.0479102,1.4779102,2.2979102,1.3079102,1.5779102,1.2379102,0.8879101,0.47791016,0.65791017,0.8379102,-0.20208985,-0.52208984,0.057910156,-0.34208983,-0.042089842,1.1579101,1.0679102,1.3479102,1.1279101,0.87791014,-0.11208984,-0.51208985,-0.31208983,0.21791016,-0.19208984,0.75791013,0.85791016,0.45791015,-1.0520898,-1.7320899,-2.56209,-1.9020898,-2.59209,-1.1320899,-0.20208985,0.85791016,2.5079103,1.0479102,1.5179101,0.87791014,1.2479101,0.8979102,1.5379101,1.4679102,1.7379102,0.80791014,0.9679102,2.0679102,1.2079102,2.3279102,1.2879101,0.31791016,1.0179101,0.06791016,0.18791015,0.18791015,0.84791017,1.6879102,2.17791,1.8979101,2.4879103,2.2679102,2.0079103,1.7579101,1.3079102,1.2879101,0.7779102,0.42791015,0.90791017,0.7079102,0.5179102,-0.30208984,-0.88208985,-0.52208984,-0.93208987,-1.0320898,-1.7320899,0.87791014,0.34791017,1.8879101,1.3979101,1.3379102,1.0579102,-0.032089844,0.6379101,0.22791016,1.0279101,1.1279101,1.9479102,2.67791,2.7679102,1.8979101,0.7179102,0.9579102,1.1079102,0.7079102,0.99791014,1.3379102,1.9079101,2.3679101,2.5779102,2.65791,2.8879101,2.45791,2.2679102,2.2579103,1.9379102,1.5879102,1.7779101,1.9079101,2.0079103,1.9279102,1.6579101,1.4079101,1.1479101,1.0179101,0.117910154,-0.48208985,-0.34208983,-0.6020898,0.47791016,2.2679102,0.007910157,0.037910156,0.09791016,0.8379102,0.5279102,0.93791014,0.59791017,0.72791016,0.48791015,1.5379101,2.66791,2.7679102,2.1179101,0.75791013,1.8079102,1.8179102,2.3879101,2.2879102,2.8479102,2.1079102,2.45791,2.8579102,2.7679102,2.7579103,2.6179101,2.69791,2.8079102,2.91791,2.90791,2.7979102,2.67791,3.45791,2.64791,2.5179102,2.42791,1.9579102,1.6379101,2.0579102,1.2679101,1.3779101,1.1779102]}]