wind_kz.json
{"header": {"discipline":0,"disciplineName":"Meteorological products","gribEdition":2,"gribLength":1025,"center":7,"centerName":"US National Weather Service - NCEP(WMC)","subcenter":0,"refTime":"2023-08-18T00:00:00.000Z","significanceOfRT":1,"significanceOfRTName":"Start of forecast","productStatus":0,"productStatusName":"Operational products","productType":1,"productTypeName":"Forecast products","productDefinitionTemplate":0,"productDefinitionTemplateName":"Analysis/forecast at horizontal level/layer at a point in time","parameterCategory":2,"parameterCategoryName":"UnknownDiscipline_0_Category_2","parameterNumber":3,"parameterNumberName":"UnknownParameter_D0_C2_3","parameterUnit":"Unknown","genProcessType":2,"genProcessTypeName":"Forecast","forecastTime":300,"surface1Type":103,"surface1TypeName":"Specified height level above ground","surface1Value":10.0,"surface2Type":255,"surface2TypeName":"Missing","surface2Value":0.0,"gridDefinitionTemplate":0,"gridDefinitionTemplateName":"Latitude_Longitude","numberPoints":615,"shape":6,"shapeName":"Earth spherical with radius of 6,371,229.0 m","gridUnits":"degrees","resolution":48,"winds":"true","scanMode":64,"nx":41,"ny":15,"basicAngle":0,"lo1":47.0,"la1":41.0,"lo2":87.0,"la2":55.0,"dx":1.0,"dy":1.0}, "data":
[rows 0 to 14 of 15, columns 0 to 40 of 41]
4.1183057,1.6783056,-0.59169436,-2.0016944,-3.9416943,-4.9516945,-1.3316944,0.71830565,0.43830568,-0.31169432,-1.1316943,-2.0116944,-3.9216943,-5.9616942,-7.7216945,-7.7616944,-8.461695,-8.231694,-9.571694,-6.4316945,-6.7016945,-7.7416945,-3.6116943,1.2583057,3.3883057,3.7183056,2.8683057,3.4083056,1.1783056,-4.061694,0.36830565,-4.9116945,-0.90169436,-1.8116944,0.89830565,3.2083056,3.4783056,1.0883057,0.22830567,0.7983057,1.0783057
-0.37169433,3.4483056,4.6983056,1.7183057,-2.4916945,-3.4516943,0.9883057,1.0283056,1.3683057,1.5383056,0.95830566,-2.5416944,-4.4616942,-5.5516944,-7.7116942,-7.9416943,-7.501694,-7.9016943,-8.911695,-9.671695,-7.1416945,-9.051694,-7.5916944,-1.1916944,1.1283057,3.1483057,3.5583057,2.1483057,1.1283057,-1.7916943,0.5483057,4.148306,3.1583056,2.7283056,3.2083056,1.4183056,3.3183057,1.6883056,2.2483056,-0.30169433,0.20830566
1.4783057,8.0483055,6.2183056,2.9383056,1.1383057,3.5683057,2.9983056,3.1883056,2.9383056,1.4083056,-0.97169435,-3.2916944,-5.9716945,-5.6916943,-6.6816945,-7.4516945,-7.9016943,-8.101694,-9.121695,-9.641694,-10.031694,-2.2116942,-8.421695,-5.4116945,-5.6816945,-5.6816945,-5.251694,-5.9116945,-3.5616944,-2.7316942,-3.2116942,-3.6916943,-5.5516944,-2.6316943,2.2183056,-0.8916943,-3.2116942,-1.6316943,1.8383057,4.248306,2.2283056
6.1383057,7.438306,7.0883055,6.018306,3.8583057,4.5783057,4.688306,4.3383055,3.6583056,2.0983057,1.2283057,-0.44169435,-2.6416943,-6.1516943,-8.111694,-7.4016943,-6.7216945,-7.2816944,-7.5716944,-8.411695,-7.791694,-7.731694,-5.7216945,-6.581694,-5.4016943,-4.5716944,-6.8016944,-4.331694,-3.5416944,-4.0116944,-6.7416945,-6.831694,2.4383056,2.7783058,0.41830567,-0.83169436,-1.5716944,-0.16169433,-0.59169436,-1.7816943,-3.7816944
9.198306,7.5583057,6.728306,5.228306,-3.7316942,4.5683055,4.3083057,4.7183056,4.1283054,3.0183058,2.0783057,0.8683057,1.2183057,-0.23169434,-3.0916944,-4.3916945,-5.731694,-6.4116945,-6.1616945,-6.5516944,-6.771694,-6.5916944,-6.4116945,-5.3716946,-4.2016945,-4.231694,-4.0316944,-7.751694,-3.7816944,-5.6816945,-7.2116942,-3.0116944,-2.3416944,-1.1816944,0.17830567,1.8383057,-0.031694338,0.20830566,-1.6816944,-1.8116944,-3.3516943
8.648306,7.668306,5.8883057,3.2483056,1.1583056,-0.34169433,3.5883057,4.7183056,4.018306,1.5183057,0.77830565,-1.0316943,5.4683056,6.168306,5.2183056,0.15830566,-0.16169433,-4.001694,-5.3416944,-5.4716945,-5.4416943,-5.601694,-6.101694,-5.0916944,-5.581694,-5.331694,-5.081694,-1.2516943,-4.1916943,-6.771694,-5.5316944,-4.8716946,-6.3216944,-2.2216942,-2.8216944,-2.7916944,-3.5116944,-2.4516943,-0.081694335,0.45830566,-2.7316942
9.068306,8.588305,8.618305,6.0483055,4.8483057,5.9083056,4.3383055,4.8183055,3.4283056,1.4683057,-1.3716943,-3.8816943,-5.1316943,-6.1216946,-8.011694,-3.1616943,4.7783055,0.97830564,-1.8916943,-4.1316943,-3.8616943,-3.8916943,-3.2516944,-4.2616944,-4.2216945,-5.3216944,-5.9016943,-7.0716944,-6.981694,-2.6316943,-3.5316944,-4.9716945,-5.8016944,-3.2216942,1.2183057,-1.9216943,0.47830567,0.15830566,-0.14169434,-0.051694337,-3.2716944
9.458305,8.868305,8.388306,7.1583056,6.148306,6.4083056,5.458306,4.5583057,2.9483056,0.20830566,-1.6116943,-4.4716945,-7.501694,-7.7016945,-9.471694,-5.4616942,3.1683056,2.8783057,-0.121694334,-2.8816943,-4.4616942,-3.0616944,-3.4016943,-3.4916945,-3.5616944,-3.6416943,-3.5416944,-5.0916944,-2.5116944,-4.1416945,-2.2216942,-2.4016943,-3.1316943,-4.8716946,-4.4216943,-5.981694,-3.5216944,-0.36169434,0.33830565,-1.5916944,-1.8316944
9.028306,8.098306,7.6383057,7.228306,6.5283055,5.8783054,5.5083055,4.0983057,2.4583056,0.41830567,-2.6516943,-5.9016943,-7.9416943,-8.221694,-8.371695,-3.8816943,1.9883057,2.4683056,-1.2716943,-1.9816943,-3.4316943,-5.3716946,-5.021694,-4.231694,-3.0516944,-4.101694,-5.7016945,-5.7216945,-4.351694,-2.4016943,-5.351694,-4.081694,-2.7916944,-2.8016944,-3.9716942,-3.8816943,-1.0016943,-2.8816943,-0.47169435,1.6683056,0.5583057
8.168305,7.708306,7.3583055,5.3883057,3.7783058,5.3483057,4.5383058,4.418306,2.1683056,-1.1716943,-2.7616944,-4.731694,-6.7416945,-6.5516944,-6.2016945,-2.9316943,0.71830565,0.9383057,-0.73169434,-1.7916943,-2.9316943,-4.4516945,-4.5916944,-5.021694,-4.831694,-5.1816945,-3.6716943,-2.5916944,-5.751694,-3.4116943,-1.1816944,-2.1516943,-0.78169435,-0.8816943,-0.42169434,-1.7316943,-1.2716943,1.5283056,0.41830567,-0.85169435,-1.0516944
7.4483056,6.998306,5.4483056,5.7583055,4.8183055,6.0983057,4.168306,3.7783058,0.9283057,0.26830566,-1.7316943,-4.2416945,-4.0916944,-4.271694,-3.9216943,-2.1216943,0.9383057,-0.22169434,-0.6216943,-0.90169436,-1.7816943,-3.7216942,-3.6616943,-1.3616943,-3.6516943,-3.8816943,-5.4616942,-6.6416945,-4.8216944,-4.9716945,-2.8216944,-1.0916944,-0.53169435,1.0883057,0.9283057,0.16830567,-1.2616943,-2.1216943,-3.6216943,-2.3316944,-1.6216943
7.2383056,6.8483057,6.3083057,7.2383056,4.478306,5.6783056,5.898306,3.9983056,1.6783056,-1.1516943,-2.4716942,-5.1416945,-3.5116944,-2.3816943,-3.1316943,-1.6716943,0.19830567,-0.71169436,-0.8216943,-1.1416943,-2.3016944,-3.1916943,-4.6716943,-4.7216945,-0.31169432,-1.2416943,-0.20169434,-2.1416943,-5.1716943,-4.5916944,-1.8316944,-1.0916944,-0.7016943,0.6883057,1.8983057,2.1183057,-0.07169434,-0.96169436,-0.58169436,-2.3216944,-1.9716944
5.4283056,6.8383055,4.3083057,5.4483056,5.8183055,5.418306,6.1983056,3.4483056,1.9983057,0.30830565,-1.1416943,-1.3716943,-0.41169435,-1.8316944,-2.1716943,-1.2616943,-0.6416943,-0.041694336,-0.011694336,-0.31169432,-1.6816944,-3.5716944,-4.811694,-2.7516944,-1.0916944,-2.3716943,-3.1816943,-1.5416943,-0.5616943,-0.99169433,-2.7716944,-0.83169436,0.71830565,0.26830566,0.53830564,2.4383056,-0.41169435,-0.78169435,-0.6416943,-0.79169434,-0.60169435
-2.3016944,3.3483057,5.0283055,4.9083056,3.9883056,5.268306,3.2983057,3.4383056,1.6483057,-0.41169435,-1.0516944,-0.90169436,1.8483057,0.57830566,0.068305664,0.018305665,0.75830567,0.15830566,0.70830566,-0.011694336,-1.2716943,-2.7716944,-3.9016943,-3.3616943,-3.3516943,-5.4516945,-3.1416943,-2.8916943,0.41830567,0.58830565,0.58830565,1.8183056,0.40830567,1.0583056,1.0883057,1.3483057,1.1183057,0.45830566,1.1683056,1.0183057,0.64830565
2.5783057,6.0083055,-1.8516943,1.9783057,2.9483056,2.9883056,3.6983056,3.3183057,1.8183056,1.6183057,0.69830567,-0.5016943,-1.2216944,-0.9316943,2.7983057,2.1183057,2.2583055,1.8583057,1.8183056,1.2983056,-0.77169436,-2.4716942,-3.2416945,-4.731694,-5.6716943,-4.9416943,-3.0816944,-2.2516944,-2.6816943,-1.4916943,1.9683057,0.91830564,0.6783057,0.37830567,-0.54169434,-0.80169433,0.098305665,1.5383056,1.2983056,1.5583056,1.3283057
