wind_kz.json
{"header": {"discipline":0,"disciplineName":"Meteorological products","gribEdition":2,"gribLength":1025,"center":7,"centerName":"US National Weather Service - NCEP(WMC)","subcenter":0,"refTime":"2023-09-20T00:00:00.000Z","significanceOfRT":1,"significanceOfRTName":"Start of forecast","productStatus":0,"productStatusName":"Operational products","productType":1,"productTypeName":"Forecast products","productDefinitionTemplate":0,"productDefinitionTemplateName":"Analysis/forecast at horizontal level/layer at a point in time","parameterCategory":2,"parameterCategoryName":"UnknownDiscipline_0_Category_2","parameterNumber":2,"parameterNumberName":"UnknownParameter_D0_C2_2","parameterUnit":"Unknown","genProcessType":2,"genProcessTypeName":"Forecast","forecastTime":0,"surface1Type":103,"surface1TypeName":"Specified height level above ground","surface1Value":10.0,"surface2Type":255,"surface2TypeName":"Missing","surface2Value":0.0,"gridDefinitionTemplate":0,"gridDefinitionTemplateName":"Latitude_Longitude","numberPoints":615,"shape":6,"shapeName":"Earth spherical with radius of 6,371,229.0 m","gridUnits":"degrees","resolution":48,"winds":"true","scanMode":64,"nx":41,"ny":15,"basicAngle":0,"lo1":47.0,"la1":41.0,"lo2":87.0,"la2":55.0,"dx":1.0,"dy":1.0}, "data":
[rows 0 to 14 of 15, columns 0 to 40 of 41]
-0.71703553,-0.63703555,2.1129644,-0.6070355,-1.0570356,-1.0570356,-0.5670355,-0.18703552,-2.1570356,0.17296448,0.7529645,1.8929645,2.5229645,2.8829644,3.3429644,3.0429645,2.6229644,3.4229646,3.5229645,2.7829645,2.7929645,-1.3970355,-4.0670357,-0.05703552,1.9229645,1.6629645,-1.6970356,2.7229645,1.3929645,1.0429645,-1.4070355,2.3429644,-0.70703554,1.1629645,-2.7370355,-2.7070355,-2.2670355,-2.0970354,-1.0970355,-1.4170356,-1.1970356
1.6729645,0.55296445,-7.2370358,-4.2070355,-1.8870355,0.80296445,-1.2970356,-3.5170355,-0.08703552,0.8929645,1.8829645,2.4429646,3.0329645,3.2529645,3.7929645,4.3829646,4.2429643,2.9829645,2.5729644,3.2029645,3.2729645,2.8129644,0.42296448,-2.3870356,1.3029644,-0.047035523,-0.20703553,1.5329645,-0.38703552,0.6929645,1.2629645,0.6229645,-0.7270355,-1.0570356,0.45296448,-0.64703554,-0.8470355,0.27296448,-0.47703552,0.8129645,-2.9570355
-1.0570356,-5.1170354,-4.8370357,-3.4670355,-2.7070355,-3.7570355,-2.7770355,-0.7970355,0.5929645,1.4529644,2.8129644,3.1129644,4.0829644,3.8829644,4.2729645,4.8429646,3.8429644,4.0129642,4.4729643,3.6229644,3.0629644,1.9129645,0.8829645,2.5929644,1.4929645,2.1829646,2.4929645,7.8629646,1.6829644,1.0129645,1.2929645,1.1229645,-0.17703553,-0.40703553,0.042964477,-0.7870355,-0.9370355,-0.33703554,0.8229645,0.14296448,2.3629644
-3.9070356,-4.5870357,-3.9270356,-2.5970354,-3.1370356,-1.3970355,-0.19703552,0.6929645,1.8529645,2.7629645,2.7429645,2.4529645,2.1229644,2.0829644,1.8729645,1.5329645,3.1329644,4.1729646,5.1629643,5.3029647,2.6929646,0.6829645,1.2429645,1.0029645,3.2929645,5.4229646,4.7429643,8.492965,7.2429643,6.2329645,4.1529646,1.8929645,0.2929645,-1.9870355,-2.7370355,-1.9570355,-2.0370355,1.9429644,-0.12703553,0.5229645,1.2329645
-2.3570356,-1.6870356,-0.49703553,-0.29703552,0.73296446,1.5229645,2.1029644,3.3029644,3.2329645,3.5829644,3.8929644,3.4729645,2.4829645,2.9529645,2.3529644,1.8229644,2.2529645,3.3929644,4.0229645,4.6529646,4.7229643,4.9329643,3.2229645,-0.28703552,1.8629645,5.9329643,5.1729646,4.2429643,1.2429645,1.5729644,1.2729645,1.6329645,-0.5970355,1.2529645,-0.15703553,-1.4970355,-4.5570354,-3.2470355,-2.8070354,-3.2270355,-3.4570355
0.79296446,1.3729645,3.6129644,4.6529646,4.9129643,5.3029647,4.0029645,4.8029647,3.3029644,4.7529645,4.0629644,3.1929646,4.1329646,2.8929644,1.6329645,1.9729645,2.0729644,3.0629644,2.1229644,-0.09703552,0.5729645,0.25296447,-1.2870355,3.8129644,5.5529647,7.2229643,5.3929644,5.9429646,1.8129644,-2.8470354,-2.5870354,0.022964478,-2.0070355,-1.9770355,-0.5670355,-2.3870356,0.7029645,-1.7970356,-1.2370355,-2.1070356,-3.7370355
0.98296446,2.6929646,3.6729646,4.0029645,4.2529645,4.7629642,4.0229645,3.9029646,3.7229645,3.8429644,3.8929644,3.2329645,2.6329644,3.7429645,3.3929644,2.3929644,1.9629645,2.3329644,0.8829645,-2.4870355,-1.7370355,-0.2670355,3.1629646,3.2929645,2.3829644,1.9529644,3.5129645,3.2929645,-3.8970356,-3.9970355,-3.8570356,-3.3070354,0.33296448,-0.23703553,-3.2970355,-0.6670355,-0.6870355,0.9329645,-2.3170354,0.12296448,0.27296448
-1.5870355,-1.5370355,0.66296446,-0.16703552,1.9829645,3.6229644,3.8329644,2.0329645,3.5229645,3.5629644,3.6129644,3.5329645,3.6629646,2.9629645,3.9829645,3.0429645,2.9029646,2.3429644,0.5129645,-1.3270355,-1.9070355,-1.4370356,-3.7170355,-2.8670356,2.5629644,-1.2470355,-0.96703553,-2.4870355,-4.4970355,-4.1770353,-3.5970354,-2.9870355,-3.8770356,-1.7870355,-5.1470356,-0.8570355,1.6729645,-0.9070355,-3.1470356,-3.1670356,-2.7470355
-1.5070355,-1.5070355,-1.0470356,0.21296448,-0.2670355,0.6529645,0.7429645,2.7029645,2.4229646,3.0729644,2.5929644,2.6529646,3.7629645,3.1229644,3.2329645,2.4529645,2.4429646,2.8029644,1.5529644,1.1829644,-1.5070355,-3.9670355,-3.6370356,-2.0670354,-2.0470355,-3.8070354,1.3829645,-0.9070355,-1.1770356,-1.9770355,-1.5670356,-2.0770354,-1.0870355,-1.3470355,-1.1070355,-0.49703553,-0.71703553,-2.2370355,-1.4370356,-0.017035522,-1.7970356
-2.0970354,-1.7570355,-1.3570355,-0.49703553,-1.4270356,-1.1670356,-0.88703555,-0.21703552,-0.017035522,-0.15703553,2.4529645,2.6429644,2.5029645,3.4329646,1.8029644,1.9929645,2.0129645,2.5129645,1.5129645,-0.32703552,-1.1070355,-1.4670355,-0.017035522,-1.5370355,-0.37703553,-0.95703554,0.5229645,-0.7570355,-1.2270355,-2.8470354,-0.51703554,0.16296448,0.5229645,-0.7870355,-1.2470355,-1.5570356,-1.8170356,-0.13703552,-2.0570354,0.15296447,-0.95703554
-2.4270356,-2.1270356,-0.58703554,-1.2270355,-1.1570355,-1.1070355,-0.9870355,-0.58703554,-0.44703552,0.45296448,1.7429645,1.0529644,2.1729646,1.4329644,-0.28703552,-0.047035523,0.98296446,0.7429645,0.49296448,-0.6670355,-0.22703552,0.8229645,-1.3070356,-0.5470355,2.5629644,-1.1270355,-0.57703555,-1.3370355,-1.0170355,-0.21703552,-0.8070355,-1.9470356,-2.6170356,-0.20703553,-0.077035524,-1.5970355,-1.2570355,-0.017035522,-0.77703553,0.8929645,-0.8570355
-1.2870355,-0.96703553,-1.3770355,-1.5770355,-0.9170355,-1.4670355,-0.88703555,-0.64703554,0.17296448,0.37296447,-0.017035522,1.3129644,-0.44703552,-0.6870355,-0.24703552,0.31296447,0.8229645,0.072964475,-0.067035526,-0.3670355,0.46296448,-0.107035525,-0.9770355,1.6029645,2.2029645,1.6429645,2.8529644,0.8329645,0.78296447,-1.0270355,-1.2770355,-2.1970356,-1.1170355,-1.6570355,-0.29703552,0.30296448,-0.25703552,-0.5070355,-0.20703553,-0.18703552,-0.047035523
0.072964475,-0.6170355,-0.63703555,-0.7470355,-1.0270355,-0.6870355,-0.6170355,-0.7370355,-0.6570355,1.0929645,-0.11703552,0.54296446,-1.8070356,-1.5570356,-0.03703552,0.45296448,0.45296448,-0.95703554,-1.4970355,-1.0970355,0.46296448,1.0629644,2.6929646,2.5529644,1.5329645,1.6329645,0.25296447,0.09296448,0.022964478,-1.9870355,-1.5170355,-0.7270355,0.20296448,-0.47703552,-0.03703552,-0.33703554,1.0829644,-0.047035523,1.8229644,0.8929645,-0.22703552
0.28296447,0.072964475,-0.28703552,-0.46703553,-0.47703552,-0.28703552,-0.6170355,-0.46703553,0.7429645,0.49296448,-0.51703554,0.072964475,0.9529645,0.45296448,0.54296446,0.40296447,0.9029645,0.41296446,-0.30703554,1.7829645,1.8329644,1.8429645,1.2229645,1.9929645,2.4029646,1.0729644,0.9029645,0.18296447,-0.19703552,-0.58703554,-0.38703552,-0.31703553,-0.6070355,-0.7570355,-0.3970355,0.3829645,-0.22703552,0.21296448,-1.0770355,-0.24703552,-0.08703552
-0.067035526,0.18296447,1.0729644,0.7029645,0.49296448,0.36296448,0.14296448,-0.5570355,-0.3670355,-0.4570355,-0.83703554,0.15296447,0.61296445,1.6129645,1.2429645,1.5829644,1.0729644,-0.017035522,-0.0070355223,0.7529645,0.27296448,1.5029645,1.7029644,0.24296448,0.8329645,1.1929644,1.7829645,1.3329644,1.4229645,1.2229645,1.4229645,0.8229645,0.49296448,1.2229645,1.4129645,1.0329645,-0.31703553,1.1929644,-0.22703552,-0.047035523,-0.83703554
