wind_kz.json
{"header": {"discipline":0,"disciplineName":"Meteorological products","gribEdition":2,"gribLength":794,"center":7,"centerName":"US National Weather Service - NCEP(WMC)","subcenter":0,"refTime":"2023-09-07T00:00:00.000Z","significanceOfRT":1,"significanceOfRTName":"Start of forecast","productStatus":0,"productStatusName":"Operational products","productType":1,"productTypeName":"Forecast products","productDefinitionTemplate":0,"productDefinitionTemplateName":"Analysis/forecast at horizontal level/layer at a point in time","parameterCategory":2,"parameterCategoryName":"UnknownDiscipline_0_Category_2","parameterNumber":2,"parameterNumberName":"UnknownParameter_D0_C2_2","parameterUnit":"Unknown","genProcessType":2,"genProcessTypeName":"Forecast","forecastTime":60,"surface1Type":103,"surface1TypeName":"Specified height level above ground","surface1Value":10.0,"surface2Type":255,"surface2TypeName":"Missing","surface2Value":0.0,"gridDefinitionTemplate":0,"gridDefinitionTemplateName":"Latitude_Longitude","numberPoints":615,"shape":6,"shapeName":"Earth spherical with radius of 6,371,229.0 m","gridUnits":"degrees","resolution":48,"winds":"true","scanMode":64,"nx":41,"ny":15,"basicAngle":0,"lo1":47.0,"la1":41.0,"lo2":87.0,"la2":55.0,"dx":1.0,"dy":1.0}, "data":
[rows 0 to 14 of 15, columns 0 to 40 of 41]
5.423691,1.7236907,-2.9763093,-7.4763093,-3.0763092,-1.6763092,6.723691,-3.2763093,-6.076309,-5.4763093,-5.176309,-5.176309,-5.9763093,-5.4763093,-5.3763094,-5.3763094,-5.576309,-6.076309,-6.276309,-5.576309,-2.9763093,-0.8763092,-0.7763092,1.3236908,3.1236908,3.5236907,2.4236908,3.4236908,4.5236907,2.0236907,3.2236907,1.3236908,2.323691,-0.5763092,2.4236908,-1.2763093,3.6236908,2.1236908,3.1236908,2.5236907,1.4236908
2.5236907,-0.4763092,-2.676309,-5.176309,-6.776309,-6.776309,-8.776309,-11.576309,-8.876309,-7.576309,-5.3763094,-7.8763094,-6.8763094,-6.276309,-4.576309,-4.676309,-3.0763092,-3.8763092,-3.8763092,-3.0763092,-2.5763092,-0.8763092,2.0236907,2.323691,2.323691,-0.076309204,0.6236908,2.5236907,-0.5763092,2.0236907,1.0236908,1.6236908,-2.676309,-0.2763092,0.2236908,1.1236908,-1.7763093,0.4236908,2.323691,-0.1763092,-2.8763092
1.9236908,-6.4763093,-5.8763094,-8.576309,-6.8763094,-6.3763094,-7.276309,-5.8763094,-6.276309,-5.9763093,-6.176309,-2.4763093,-2.676309,-3.2763093,-0.4763092,-1.6763092,-1.3763092,-0.1763092,0.1236908,1.1236908,0.9236908,2.0236907,2.823691,4.823691,3.5236907,2.1236908,-0.6763092,-2.7763093,1.9236908,-1.9763092,1.4236908,0.6236908,1.8236908,1.3236908,-4.8763094,0.1236908,-0.5763092,1.3236908,5.423691,5.423691,3.6236908
1.9236908,2.823691,-0.7763092,-2.7763093,-3.9763093,-3.0763092,-3.5763092,-5.076309,-2.0763092,-2.0763092,-0.8763092,0.3236908,-1.5763092,-1.3763092,0.9236908,3.4236908,2.0236907,2.7236907,2.2236907,3.4236908,3.823691,3.9236908,2.7236907,3.9236908,4.423691,7.223691,7.723691,1.8236908,3.4236908,0.7236908,1.0236908,4.1236906,7.0236907,3.6236908,3.1236908,2.0236907,1.2236907,2.1236908,-3.176309,-4.776309,-3.2763093
5.823691,2.5236907,-4.176309,2.6236908,-0.2763092,-2.176309,-1.9763092,-2.2763093,-1.4763092,0.023690796,2.0236907,3.2236907,1.2236907,-0.9763092,2.1236908,5.323691,4.0236907,2.6236908,2.6236908,3.5236907,5.223691,6.423691,7.1236906,7.5236907,7.423691,8.32369,7.823691,7.923691,7.223691,3.1236908,0.9236908,-0.076309204,1.9236908,1.7236907,-1.7763093,-2.176309,1.7236907,-1.2763093,-5.176309,-2.2763093,-0.5763092
6.723691,-0.2763092,-0.8763092,-1.1763092,-3.176309,-3.3763092,-3.3763092,-3.0763092,-1.9763092,-0.7763092,1.4236908,1.6236908,0.2236908,1.2236907,3.9236908,3.6236908,0.4236908,3.323691,5.0236907,4.923691,6.423691,7.323691,8.123691,8.123691,8.82369,8.623691,8.82369,5.423691,7.223691,-2.5763092,-0.7763092,-2.176309,2.0236907,4.0236907,1.7236907,2.1236908,1.3236908,1.4236908,3.6236908,-1.6763092,-3.176309
6.423691,5.823691,-5.076309,0.1236908,-1.0763092,-0.9763092,0.1236908,-1.8763092,0.4236908,-0.1763092,0.7236908,1.5236908,0.9236908,1.9236908,2.4236908,3.5236907,3.4236908,4.5236907,4.823691,6.5236907,7.223691,7.423691,8.523691,9.123691,9.523691,8.523691,7.823691,5.723691,-6.576309,-4.176309,-1.4763092,-0.9763092,0.3236908,0.3236908,1.3236908,0.9236908,2.4236908,-0.1763092,4.223691,-0.4763092,1.0236908
4.223691,0.5236908,-2.0763092,0.9236908,4.6236906,0.8236908,2.7236907,3.4236908,3.5236907,3.0236907,3.323691,2.823691,3.4236908,4.323691,4.723691,5.923691,5.723691,5.723691,6.323691,7.223691,7.723691,7.923691,8.723691,10.423691,7.223691,6.323691,1.1236908,-2.4763093,-1.3763092,-1.6763092,-1.8763092,-0.5763092,1.1236908,0.023690796,1.7236907,-4.076309,-2.3763092,3.0236907,4.1236906,3.9236908,3.9236908
1.0236908,1.2236907,0.1236908,2.0236907,4.1236906,6.0236907,2.7236907,3.323691,3.6236908,3.9236908,3.9236908,4.1236906,5.323691,5.1236906,5.423691,6.223691,6.423691,6.1236906,6.6236906,7.6236906,4.6236906,8.223691,9.82369,8.82369,5.0236907,5.1236906,-3.4763093,-1.8763092,-2.5763092,-1.6763092,0.4236908,1.0236908,-3.7763093,-0.9763092,-2.3763092,-0.1763092,-0.4763092,0.023690796,-0.5763092,0.2236908,1.3236908
-3.7763093,-2.9763093,-4.4763093,4.223691,4.923691,-0.8763092,1.6236908,2.323691,3.2236907,4.5236907,5.5236907,6.1236906,6.223691,5.723691,6.6236906,6.423691,6.923691,6.323691,6.923691,7.0236907,2.5236907,7.323691,9.623691,6.1236906,-5.4763093,-5.8763094,-3.4763093,-2.4763093,-0.1763092,-0.1763092,0.3236908,-0.6763092,-4.076309,-3.3763092,-3.5763092,-1.8763092,0.7236908,0.1236908,0.9236908,-0.1763092,0.8236908
-3.8763092,-0.7763092,1.4236908,2.2236907,1.4236908,2.2236907,2.9236908,4.1236906,5.0236907,5.423691,6.1236906,6.423691,6.5236907,7.1236906,6.223691,7.1236906,8.523691,7.323691,7.5236907,4.6236906,0.8236908,3.0236907,2.4236908,-6.576309,-7.9763093,-6.676309,-5.676309,-5.276309,-2.176309,-3.4763093,-3.5763092,-2.7763093,-3.676309,-1.3763092,-3.2763093,-1.8763092,-0.1763092,0.4236908,-0.37630922,-0.8763092,0.5236908
-1.4763092,-0.7763092,0.2236908,0.9236908,2.4236908,3.5236907,4.223691,4.923691,5.923691,6.223691,6.223691,7.423691,4.723691,3.1236908,7.223691,7.0236907,8.523691,6.923691,5.5236907,4.223691,0.2236908,1.1236908,-1.3763092,-4.676309,-6.3763094,-5.576309,-5.776309,-4.3763094,4.723691,-4.4763093,-4.576309,-5.3763094,-3.9763093,-2.2763093,-1.1763092,-0.4763092,-1.4763092,-0.7763092,-1.1763092,-1.2763093,-1.0763092
-0.076309204,0.023690796,0.9236908,2.5236907,2.323691,1.9236908,4.823691,5.823691,7.0236907,4.823691,2.4236908,5.323691,6.223691,5.5236907,6.823691,6.423691,4.0236907,4.0236907,3.6236908,-4.276309,-0.4763092,3.2236907,-1.2763093,-4.676309,-4.076309,-5.8763094,-2.8763092,-4.9763093,-5.9763093,-4.3763094,-2.8763092,-2.8763092,-3.4763093,-1.6763092,-1.6763092,-0.6763092,-0.7763092,0.6236908,-0.1763092,-1.4763092,0.3236908
2.9236908,2.7236907,5.0236907,4.723691,4.723691,4.723691,3.9236908,2.0236907,4.423691,2.4236908,2.0236907,3.323691,-1.1763092,-0.6763092,2.5236907,2.7236907,1.9236908,-2.9763093,-4.8763094,-1.6763092,1.1236908,-3.0763092,-7.676309,-7.8763094,-6.3763094,-5.3763094,-4.176309,-3.0763092,-4.176309,-3.8763092,-3.0763092,-2.3763092,-2.676309,-1.7763093,-1.0763092,-1.7763093,-2.176309,-0.37630922,1.0236908,-1.2763093,-1.0763092
-0.1763092,-3.7763093,-3.8763092,-3.7763093,-4.676309,-6.076309,-5.3763094,-2.9763093,-3.7763093,-2.3763092,-4.4763093,-4.3763094,-3.5763092,-3.5763092,-6.3763094,-5.9763093,-6.3763094,-7.8763094,-7.676309,-9.67631,-9.276309,-7.9763093,-6.176309,-5.276309,-5.4763093,-5.176309,-4.576309,-4.3763094,-3.3763092,-3.3763092,-2.7763093,-2.4763093,-1.9763092,-1.0763092,-1.3763092,-0.1763092,1.2236907,-0.076309204,-1.5763092,-1.5763092,-0.9763092
