wind.json
{"header": {"discipline":0,"disciplineName":"Meteorological products","gribEdition":2,"gribLength":1039,"center":7,"centerName":"US National Weather Service - NCEP(WMC)","subcenter":0,"refTime":"2023-07-01T12:00:00.000Z","significanceOfRT":1,"significanceOfRTName":"Start of forecast","productStatus":0,"productStatusName":"Operational products","productType":1,"productTypeName":"Forecast products","productDefinitionTemplate":0,"productDefinitionTemplateName":"Analysis/forecast at horizontal level/layer at a point in time","parameterCategory":0,"parameterCategoryName":"UnknownDiscipline_0_Category_0","parameterNumber":0,"parameterNumberName":"UnknownParameter_D0_C0_0","parameterUnit":"Unknown","genProcessType":2,"genProcessTypeName":"Forecast","forecastTime":0,"surface1Type":1,"surface1TypeName":"Ground or water surface","surface1Value":0.0,"surface2Type":255,"surface2TypeName":"Missing","surface2Value":0.0,"gridDefinitionTemplate":0,"gridDefinitionTemplateName":"Latitude_Longitude","numberPoints":688,"shape":6,"shapeName":"Earth spherical with radius of 6,371,229.0 m","gridUnits":"degrees","resolution":48,"winds":"true","scanMode":64,"nx":43,"ny":16,"basicAngle":0,"lo1":45.0,"la1":40.0,"lo2":87.0,"la2":55.0,"dx":1.0,"dy":1.0}, "data":
[rows 0 to 15 of 16, columns 0 to 42 of 43]
294.0638,287.66382,303.5638,314.36383,309.16382,297.5638,296.66382,295.16382,312.66382,317.4638,320.86383,322.0638,323.5638,323.0638,324.9638,324.66382,324.36383,322.0638,321.0638,319.66382,318.0638,318.16382,315.0638,316.86383,314.76382,309.9638,309.16382,297.76382,289.36383,291.66382,300.76382,307.5638,307.5638,309.5638,313.26382,312.36383,312.36383,309.9638,309.66382,305.9638,301.9638,303.66382,303.16382
294.76382,308.4638,312.36383,293.0638,298.66382,296.16382,296.0638,294.5638,306.66382,316.76382,318.76382,322.16382,319.76382,318.5638,316.26382,317.9638,319.86383,324.16382,321.66382,320.0638,322.5638,321.36383,323.86383,317.5638,317.26382,310.76382,314.4638,315.16382,310.4638,291.16382,291.76382,290.86383,290.36383,295.16382,301.5638,307.36383,310.5638,309.86383,309.86383,306.76382,303.26382,303.9638,303.66382
293.4638,290.9638,284.16382,299.36383,296.66382,296.0638,295.76382,293.36383,315.5638,314.4638,318.76382,316.16382,310.36383,314.36383,314.16382,321.26382,325.4638,323.36383,323.36383,323.16382,320.26382,322.26382,323.5638,318.86383,317.5638,305.0638,292.9638,291.66382,298.5638,292.66382,293.16382,286.16382,290.4638,276.26382,293.76382,264.0638,273.16382,303.26382,303.26382,304.76382,304.26382,295.66382,283.5638
293.4638,298.16382,305.26382,296.9638,296.4638,296.16382,295.26382,308.5638,313.86383,307.4638,313.26382,316.16382,313.0638,312.26382,314.9638,321.76382,321.86383,323.0638,321.66382,315.36383,321.16382,321.86383,319.86383,316.66382,316.26382,308.5638,313.0638,311.16382,311.36383,310.9638,309.0638,292.36383,285.76382,286.5638,291.36383,290.86383,294.26382,291.26382,281.0638,285.66382,285.36383,279.76382,273.4638
305.5638,309.26382,308.0638,297.36383,297.16382,296.76382,299.5638,311.36383,310.66382,303.26382,312.36383,308.76382,312.4638,315.76382,294.9638,295.5638,321.26382,322.16382,318.76382,319.0638,318.0638,316.9638,314.5638,310.76382,314.76382,313.9638,313.5638,313.36383,313.86383,309.4638,308.5638,308.0638,310.16382,305.9638,310.16382,307.16382,307.0638,299.36383,283.9638,273.66382,280.86383,295.4638,301.0638
299.76382,305.76382,303.66382,298.0638,297.5638,298.36383,303.76382,309.4638,307.16382,308.86383,308.4638,308.26382,310.5638,314.5638,295.16382,295.0638,292.4638,319.66382,319.9638,313.9638,313.4638,315.66382,315.26382,317.0638,316.0638,315.26382,315.26382,314.26382,310.76382,304.66382,312.26382,311.26382,312.76382,307.36383,290.86383,281.5638,293.0638,302.66382,302.0638,310.9638,309.36383,304.0638,305.5638
298.5638,304.76382,301.36383,305.9638,298.76382,298.0638,297.76382,297.36383,305.5638,303.4638,301.86383,303.76382,312.86383,313.86383,296.76382,294.26382,307.4638,316.26382,319.66382,311.66382,316.9638,312.9638,316.36383,315.86383,316.5638,316.16382,315.66382,313.5638,312.9638,291.36383,312.5638,311.86383,310.76382,309.9638,307.86383,304.5638,302.0638,299.36383,291.76382,293.36383,305.86383,301.36383,305.5638
302.9638,302.9638,300.16382,299.0638,310.36383,301.36383,305.26382,305.66382,297.36383,296.4638,299.0638,302.0638,306.16382,309.86383,305.16382,314.26382,318.26382,317.86383,318.26382,317.26382,314.0638,316.4638,315.5638,315.5638,314.66382,314.26382,311.66382,313.4638,313.9638,314.76382,315.5638,313.0638,310.86383,310.0638,309.16382,306.5638,303.66382,300.26382,287.86383,282.26382,281.9638,282.26382,293.16382
298.4638,298.86383,301.5638,298.26382,308.26382,305.9638,307.36383,308.86383,296.76382,298.66382,298.16382,304.26382,303.86383,305.76382,312.36383,313.16382,318.0638,317.16382,315.9638,315.0638,314.76382,315.0638,314.4638,314.5638,313.4638,311.66382,310.0638,307.4638,308.0638,309.0638,307.0638,308.16382,305.16382,305.9638,302.16382,298.9638,299.0638,300.4638,299.76382,288.0638,295.0638,295.36383,289.86383
291.26382,297.26382,298.9638,304.36383,299.26382,302.9638,300.86383,296.86383,293.9638,297.9638,300.76382,307.66382,308.26382,308.9638,304.5638,313.76382,314.26382,315.5638,314.76382,315.86383,315.4638,314.9638,311.0638,312.0638,311.9638,310.5638,307.26382,307.4638,302.9638,301.5638,300.26382,298.26382,298.66382,297.86383,298.0638,299.0638,297.76382,295.26382,294.66382,293.16382,282.0638,281.5638,281.5638
296.26382,298.0638,295.86383,301.16382,294.4638,304.66382,302.5638,293.4638,300.5638,303.9638,307.86383,301.5638,301.76382,302.26382,308.66382,308.76382,308.4638,311.76382,312.0638,313.9638,313.4638,313.0638,309.9638,311.4638,311.86383,310.5638,306.66382,304.86383,304.16382,301.86383,299.0638,299.26382,299.4638,301.36383,299.0638,299.76382,297.66382,296.4638,292.36383,287.5638,286.36383,283.16382,281.0638
295.5638,294.5638,300.4638,292.9638,293.36383,299.4638,293.0638,292.16382,296.86383,299.9638,298.9638,301.16382,305.66382,305.76382,307.9638,306.36383,306.9638,304.16382,308.36383,309.9638,311.16382,309.16382,309.5638,308.76382,307.4638,306.26382,302.76382,302.26382,300.66382,303.5638,303.5638,304.66382,304.26382,303.16382,299.86383,297.4638,293.66382,293.5638,287.66382,285.16382,286.36383,283.76382,282.16382
294.4638,295.26382,296.5638,298.0638,295.66382,295.86383,291.26382,289.66382,292.76382,296.26382,300.0638,303.9638,301.26382,302.5638,305.16382,304.86383,305.0638,306.26382,306.4638,307.66382,307.5638,306.86383,305.16382,305.4638,306.16382,303.66382,301.26382,302.9638,302.76382,305.16382,305.4638,303.86383,301.0638,300.4638,296.4638,296.0638,293.0638,293.16382,290.66382,293.5638,289.16382,290.36383,288.76382
291.86383,291.16382,292.86383,292.66382,297.16382,295.16382,291.86383,290.0638,291.0638,292.4638,296.5638,292.16382,294.5638,298.26382,301.9638,302.0638,303.0638,303.5638,304.76382,303.9638,304.86383,303.76382,302.5638,300.86383,301.16382,300.86383,302.26382,303.9638,305.86383,303.0638,300.86383,299.9638,301.16382,299.4638,295.9638,295.86383,293.0638,293.16382,291.16382,291.0638,290.4638,291.9638,290.0638
291.9638,291.5638,294.66382,293.36383,292.16382,295.5638,291.76382,290.76382,292.16382,291.4638,296.76382,294.36383,296.5638,296.9638,300.26382,302.36383,302.76382,301.9638,302.4638,302.5638,303.86383,302.76382,301.16382,299.86383,300.5638,300.26382,300.26382,301.5638,299.66382,298.86383,297.5638,297.66382,298.4638,298.26382,296.26382,295.9638,295.36383,290.66382,292.66382,292.26382,290.4638,290.4638,289.66382
293.9638,292.86383,292.26382,296.16382,290.66382,295.9638,292.4638,294.16382,294.36383,298.0638,299.36383,295.66382,295.76382,291.26382,288.5638,301.4638,302.9638,302.9638,302.66382,301.5638,302.66382,296.26382,297.66382,298.36383,298.26382,297.26382,296.5638,296.86383,297.0638,296.76382,295.86383,296.4638,295.5638,290.5638,295.5638,294.4638,294.36383,293.76382,289.4638,290.16382,289.9638,290.76382,288.76382
