wind_kz.json
{"header": {"discipline":0,"disciplineName":"Meteorological products","gribEdition":2,"gribLength":794,"center":7,"centerName":"US National Weather Service - NCEP(WMC)","subcenter":0,"refTime":"2023-08-25T06:00:00.000Z","significanceOfRT":1,"significanceOfRTName":"Start of forecast","productStatus":0,"productStatusName":"Operational products","productType":1,"productTypeName":"Forecast products","productDefinitionTemplate":0,"productDefinitionTemplateName":"Analysis/forecast at horizontal level/layer at a point in time","parameterCategory":2,"parameterCategoryName":"UnknownDiscipline_0_Category_2","parameterNumber":2,"parameterNumberName":"UnknownParameter_D0_C2_2","parameterUnit":"Unknown","genProcessType":2,"genProcessTypeName":"Forecast","forecastTime":120,"surface1Type":103,"surface1TypeName":"Specified height level above ground","surface1Value":10.0,"surface2Type":255,"surface2TypeName":"Missing","surface2Value":0.0,"gridDefinitionTemplate":0,"gridDefinitionTemplateName":"Latitude_Longitude","numberPoints":615,"shape":6,"shapeName":"Earth spherical with radius of 6,371,229.0 m","gridUnits":"degrees","resolution":48,"winds":"true","scanMode":64,"nx":41,"ny":15,"basicAngle":0,"lo1":47.0,"la1":41.0,"lo2":87.0,"la2":55.0,"dx":1.0,"dy":1.0}, "data":
[rows 0 to 14 of 15, columns 0 to 40 of 41]
-2.3854294,-1.0854294,0.014570618,-3.0854294,-2.4854293,-2.6854293,-1.0854294,0.21457061,-3.1854293,-1.5854294,-4.6854296,-2.7854295,-1.7854294,0.5145706,4.8145704,1.2145706,-1.7854294,-0.5854294,1.6145706,3.2145705,3.1145706,4.5145707,0.8145706,0.6145706,-0.48542938,0.21457061,2.4145706,1.8145707,0.3145706,1.5145706,-0.38542938,0.8145706,1.2145706,0.5145706,2.6145706,1.0145706,-1.1854293,1.4145706,4.7145705,6.5145707,6.6145706
0.5145706,1.8145707,-3.1854293,-4.1854296,-1.2854294,-3.1854293,-0.48542938,-3.4854293,-3.8854294,-2.8854294,-1.4854294,-6.3854294,-2.3854294,-4.7854295,-4.2854295,1.5145706,0.11457062,-0.2854294,0.21457061,3.1145706,4.1145706,1.9145706,2.7145705,3.3145707,0.71457064,0.11457062,0.6145706,-0.8854294,1.6145706,1.2145706,0.6145706,-0.085429385,-0.38542938,0.3145706,0.9145706,2.8145707,2.6145706,-0.085429385,7.0145707,-1.9854294,0.3145706
0.9145706,6.3145704,3.6145706,-3.2854295,-2.5854294,-1.4854294,-3.3854294,-0.2854294,-2.6854293,-1.6854293,-1.9854294,-3.2854295,-2.6854293,-2.4854293,-1.7854294,-1.4854294,1.5145706,3.6145706,2.7145705,3.5145707,3.9145706,3.6145706,5.1145706,5.6145706,1.4145706,0.5145706,1.3145707,2.0145707,-0.9854294,0.11457062,0.9145706,2.2145705,1.8145707,-0.6854294,0.5145706,1.3145707,0.9145706,-0.6854294,0.8145706,-0.8854294,-0.38542938
-1.8854294,-2.0854294,-1.9854294,-0.8854294,-0.8854294,-1.2854294,-0.2854294,-0.48542938,-0.2854294,0.11457062,0.3145706,-1.5854294,-2.1854293,1.7145706,-0.48542938,-0.78542936,0.11457062,-0.8854294,4.3145704,4.3145704,3.4145706,2.6145706,1.2145706,1.1145706,1.4145706,1.6145706,-0.48542938,1.7145706,-0.6854294,-4.2854295,-9.085429,-8.385429,-6.6854296,-4.3854294,-3.9854293,-2.0854294,-0.78542936,0.8145706,-2.0854294,-1.5854294,-2.8854294
-4.1854296,-2.7854295,-1.9854294,-1.6854293,-1.1854293,-0.18542938,-0.78542936,1.1145706,1.1145706,1.1145706,1.3145707,1.5145706,0.21457061,1.7145706,1.5145706,1.0145706,1.9145706,1.5145706,2.3145707,4.6145706,5.5145707,4.6145706,2.3145707,0.71457064,2.4145706,0.41457063,0.014570618,-3.6854293,-4.085429,-2.6854293,-3.7854295,-0.9854294,2.3145707,1.4145706,-2.5854294,-1.6854293,-1.7854294,-3.9854293,-3.5854294,-3.0854294,-2.9854293
-1.8854294,-0.6854294,-0.78542936,-0.48542938,-0.8854294,-0.18542938,0.6145706,0.41457063,0.71457064,1.3145707,1.5145706,1.9145706,2.7145705,2.1145706,2.2145705,1.2145706,2.3145707,2.4145706,0.9145706,3.5145707,5.8145704,4.6145706,4.3145704,0.9145706,0.6145706,-1.1854293,-4.7854295,-2.3854294,-3.2854295,-2.9854293,-3.7854295,-3.2854295,-2.8854294,-2.8854294,-2.1854293,-4.9854293,-0.18542938,-4.3854294,-2.4854293,-0.48542938,-2.2854295
-0.48542938,0.41457063,1.5145706,1.6145706,1.9145706,2.7145705,2.6145706,2.0145707,2.2145705,1.8145707,2.3145707,3.2145705,2.4145706,3.1145706,2.1145706,2.7145705,4.914571,3.0145707,3.6145706,3.7145705,5.2145705,4.8145704,3.3145707,2.1145706,0.41457063,-2.4854293,-3.7854295,-5.1854296,-5.4854293,-4.585429,-4.3854294,-5.3854294,-5.585429,-7.3854294,-6.585429,-6.085429,-2.7854295,-0.9854294,-3.2854295,0.8145706,-2.6854293
0.6145706,0.9145706,1.4145706,2.6145706,3.0145707,3.3145707,3.0145707,3.3145707,3.5145707,3.6145706,3.1145706,3.3145707,3.2145705,3.3145707,2.7145705,2.3145707,0.41457063,2.0145707,3.9145706,4.8145704,4.414571,6.414571,4.7145705,3.4145706,2.3145707,0.3145706,-2.0854294,-1.9854294,-2.8854294,-2.6854293,-3.1854293,-2.7854295,-2.9854293,-2.1854293,-2.3854294,-2.8854294,-1.7854294,1.1145706,-2.3854294,-2.3854294,0.5145706
0.71457064,2.5145707,3.6145706,3.6145706,4.3145704,3.5145707,3.2145705,3.0145707,3.6145706,4.914571,4.6145706,3.7145705,3.6145706,3.0145707,3.4145706,2.3145707,2.2145705,-0.18542938,-2.8854294,-1.5854294,6.414571,4.0145707,6.1145706,5.0145707,2.8145707,3.5145707,2.5145707,0.41457063,0.3145706,-1.2854294,-1.0854294,0.3145706,-0.48542938,1.7145706,-2.8854294,-2.3854294,-2.6854293,0.21457061,-0.9854294,-1.7854294,0.41457063
3.2145705,3.5145707,3.1145706,3.4145706,2.9145706,2.3145707,3.0145707,2.2145705,2.0145707,2.2145705,4.414571,4.7145705,4.5145707,4.1145706,3.9145706,4.2145705,3.2145705,2.5145707,-0.085429385,-1.2854294,-3.0854294,1.7145706,4.414571,7.3145704,4.414571,3.9145706,4.414571,3.2145705,2.2145705,1.4145706,0.41457063,-0.9854294,-1.1854293,-3.0854294,-1.9854294,-2.9854293,-1.5854294,-0.8854294,1.8145707,0.11457062,-0.78542936
2.2145705,1.6145706,1.5145706,2.4145706,2.5145707,2.8145707,2.8145707,3.2145705,2.7145705,3.5145707,4.7145705,5.8145704,6.414571,6.414571,5.414571,4.3145704,4.1145706,3.5145707,1.8145707,1.9145706,-1.5854294,-0.8854294,2.5145707,3.1145706,5.3145704,3.9145706,3.1145706,4.3145704,2.9145706,2.1145706,0.21457061,-1.0854294,-1.9854294,-1.0854294,-1.2854294,-0.2854294,0.5145706,0.8145706,0.014570618,-0.8854294,0.014570618
1.5145706,0.71457064,1.4145706,1.5145706,2.2145705,2.7145705,2.8145707,2.9145706,3.1145706,4.1145706,2.4145706,6.1145706,5.5145707,5.8145704,5.7145705,5.3145704,4.8145704,4.5145707,4.1145706,3.1145706,2.5145707,-1.3854294,1.9145706,0.8145706,-0.78542936,3.5145707,2.7145705,2.7145705,2.4145706,3.0145707,-1.4854294,-1.2854294,-0.2854294,-1.3854294,-1.9854294,-1.4854294,-2.1854293,-1.4854294,-0.38542938,-0.48542938,-0.9854294
1.2145706,1.4145706,2.1145706,2.7145705,2.7145705,2.5145707,3.1145706,3.9145706,4.6145706,2.9145706,2.0145707,3.7145705,4.8145704,4.8145704,5.0145707,5.2145705,5.0145707,5.2145705,3.8145707,4.3145704,4.1145706,3.7145705,1.1145706,1.8145707,1.7145706,-1.1854293,-1.2854294,0.41457063,0.6145706,1.0145706,-0.48542938,-1.3854294,-0.8854294,-0.2854294,-0.9854294,-1.7854294,-1.7854294,-1.4854294,-2.6854293,-3.6854293,-2.2854295
1.5145706,1.0145706,1.7145706,1.7145706,1.4145706,2.1145706,2.7145705,2.7145705,3.5145707,3.1145706,2.5145707,2.6145706,4.2145705,4.0145707,5.0145707,4.2145705,4.6145706,4.7145705,6.414571,3.3145707,4.6145706,5.8145704,3.8145707,3.1145706,1.9145706,3.5145707,1.6145706,-1.1854293,-0.5854294,-1.0854294,-0.78542936,-1.3854294,-2.2854295,-1.5854294,-2.0854294,-2.0854294,-2.4854293,-2.6854293,-2.6854293,-2.9854293,-3.0854294
0.5145706,0.9145706,1.3145707,1.1145706,1.1145706,2.0145707,2.2145705,2.2145705,1.8145707,2.2145705,2.1145706,2.3145707,1.9145706,3.7145705,4.414571,3.5145707,4.2145705,5.3145704,4.3145704,4.6145706,4.414571,3.4145706,3.4145706,3.0145707,3.9145706,1.4145706,3.8145707,1.8145707,-0.48542938,-2.1854293,-1.9854294,-2.4854293,-1.9854294,-2.2854295,-1.8854294,-2.6854293,-1.3854294,-1.6854293,-2.6854293,-2.7854295,-1.1854293
