wind_kz.json
{"header": {"discipline":0,"disciplineName":"Meteorological products","gribEdition":2,"gribLength":1025,"center":7,"centerName":"US National Weather Service - NCEP(WMC)","subcenter":0,"refTime":"2023-09-23T06:00:00.000Z","significanceOfRT":1,"significanceOfRTName":"Start of forecast","productStatus":0,"productStatusName":"Operational products","productType":1,"productTypeName":"Forecast products","productDefinitionTemplate":0,"productDefinitionTemplateName":"Analysis/forecast at horizontal level/layer at a point in time","parameterCategory":2,"parameterCategoryName":"UnknownDiscipline_0_Category_2","parameterNumber":2,"parameterNumberName":"UnknownParameter_D0_C2_2","parameterUnit":"Unknown","genProcessType":2,"genProcessTypeName":"Forecast","forecastTime":240,"surface1Type":103,"surface1TypeName":"Specified height level above ground","surface1Value":10.0,"surface2Type":255,"surface2TypeName":"Missing","surface2Value":0.0,"gridDefinitionTemplate":0,"gridDefinitionTemplateName":"Latitude_Longitude","numberPoints":615,"shape":6,"shapeName":"Earth spherical with radius of 6,371,229.0 m","gridUnits":"degrees","resolution":48,"winds":"true","scanMode":64,"nx":41,"ny":15,"basicAngle":0,"lo1":47.0,"la1":41.0,"lo2":87.0,"la2":55.0,"dx":1.0,"dy":1.0}, "data":
[rows 0 to 14 of 15, columns 0 to 40 of 41]
0.49211425,0.10211426,0.43211424,2.8621142,2.3121142,2.9721143,1.5921142,-1.4478858,-11.477886,-3.1978858,-4.377886,-6.9978857,-6.1378856,-5.6578856,-4.567886,-4.237886,-2.8978858,-4.3078856,-2.7878857,-2.4278858,-2.9878857,-1.0078857,-0.007885742,0.81211424,-1.2878858,0.33211425,1.7821143,0.80211425,0.26211426,1.1621143,2.2921143,0.25211427,-0.43788573,-3.5278857,-5.047886,-4.3878856,-2.6978858,-0.65788573,-1.8678857,-2.1078858,-2.6578858
-0.63788575,1.0721142,3.8821142,2.9121141,2.9421144,3.6421142,0.87211424,-0.26788574,-6.3078856,-4.0178857,-5.1978855,-5.6178856,-5.3078856,-5.757886,-5.7478857,-5.6578856,-5.2078857,-5.237886,-3.4278858,-3.1478858,-1.4578857,0.68211424,2.3321142,2.7121143,0.16211426,0.73211426,0.67211425,-0.48788574,2.6721144,0.5821143,1.0421143,1.3121142,-0.07788574,0.63211423,1.1321143,-3.1178858,-6.297886,-3.5078857,-1.1378857,-2.6478858,-4.7678857
3.6421142,4.682114,3.5621142,4.182114,3.9221144,-0.44788575,-1.9178858,-4.337886,-4.2078857,-4.9278855,-4.217886,-4.9778857,-4.6978855,-5.6378856,-4.627886,-4.1878858,-5.2078857,-4.297886,-5.127886,-1.9378858,-3.0978858,-3.7678857,-1.7078857,-2.7178857,-0.7378857,-3.6978858,-3.1178858,-2.5578856,1.8421142,-0.7978857,1.2321143,0.54211426,-1.2778858,-0.81788576,0.042114258,1.6121143,-1.0978857,-0.047885742,-0.51788574,1.8221142,2.1521142
5.182114,5.7921143,3.6421142,4.122114,3.8621142,-0.6678857,-2.9778857,-2.8778858,-3.8378859,-4.917886,-5.127886,-4.4778857,-4.277886,-4.917886,-4.1778855,-3.7878857,-3.6678858,-2.0378857,-2.2478857,-0.5478857,-0.27788574,-2.3378859,-5.4278855,-6.917886,-7.3678856,-7.6778855,-7.877886,-9.317885,-6.4778857,-5.9478855,-6.647886,-8.877886,-7.0578856,-4.647886,-3.5678856,-1.3778857,-0.6678857,0.62211424,-1.0878857,-0.80788577,0.48211426
5.912114,3.7521143,3.3721142,3.0121143,1.4221143,-0.94788575,-0.96788573,-2.3778858,-3.8178856,-3.5378857,-4.8078856,-4.3078856,-4.9378858,-5.7878857,-5.0378857,-6.217886,-6.3478856,-6.487886,-7.737886,-10.067885,-10.257886,-9.147885,-9.017886,-8.867886,-9.007886,-9.227886,-9.607885,-7.757886,-7.4278855,-5.2078857,-4.607886,-3.2278857,-0.11788574,0.47211426,-2.2778857,-0.31788576,2.9821143,1.2821143,2.3421142,3.3121142,3.9621143
3.4421144,2.8621142,2.6921144,2.9421144,-0.81788576,-3.7578857,-2.3878858,-3.4078858,-3.3978858,-3.7578857,-4.257886,-5.007886,-2.7378857,-5.3278856,-4.1178856,-4.877886,-5.487886,-5.837886,-6.3878856,-6.417886,-7.217886,-7.167886,-6.6578856,-5.9578857,-6.4378858,-6.7278857,-6.5378857,-3.7078857,-5.737886,-6.3078856,-6.717886,-5.8878856,-5.7078857,-4.9478855,-3.8278856,1.9321142,-1.4678857,0.78211427,-1.7178857,-2.1578858,-0.30788574
4.082114,3.6021142,2.6621141,2.0921142,-0.14788574,-1.9778857,-2.3678858,-2.8578858,-2.9478858,-3.4078858,-3.2778857,-3.6478858,-3.3878858,-3.1578858,-3.2478857,-2.9678857,-3.6378858,-4.2278857,-4.1778855,-4.9478855,-4.2078857,-3.4178858,-2.9578857,-3.0478857,-3.7278857,-3.2478857,-3.2578857,-2.2478857,-3.0578856,-1.9378858,-2.0878859,-1.1778858,-1.5378858,-1.2878858,-0.87788576,-0.33788574,0.5721142,-1.5378858,2.2121143,-0.18788575,-0.35788575
3.2121143,2.7621143,2.4221144,1.3121142,-0.82788575,-1.1278857,-1.7678857,-1.7478857,-2.1578858,-2.2678857,-2.1378858,-1.7678857,-1.3778857,-1.9578857,-1.2978858,-2.1178858,-2.2678857,-2.0378857,-1.5378858,-2.5878859,-2.8378859,-3.1378858,-2.5578856,-1.7678857,-1.5178857,-0.74788576,-0.7278857,-0.48788574,-0.6678857,1.1621143,1.5921142,-0.13788575,-0.03788574,1.1521143,1.4721142,0.7621143,2.7121143,2.6921144,5.0421143,4.432114,1.0421143
3.3621142,2.9521143,2.0921142,1.1321143,-0.057885744,-0.39788574,0.33211425,0.18211426,-0.7978857,-0.82788575,-0.77788574,-0.50788575,-1.3678857,-1.0478858,-1.4978857,-0.81788576,-0.6678857,-0.51788574,-0.43788573,-0.38788575,-0.96788573,-0.28788576,0.27211425,-0.22788574,-0.017885743,0.012114258,1.3621143,1.8121142,1.7321143,2.4721143,2.5221143,1.2421143,1.0021143,1.1321143,1.2721143,1.7521143,0.23211426,0.41211426,0.042114258,0.11211426,0.24211426
1.6021142,4.012114,1.3221142,1.3321142,1.1021142,0.9521143,0.93211424,1.2621143,0.17211425,-0.26788574,0.31211427,1.0421143,1.0821142,0.42211425,0.69211423,0.18211426,-0.12788574,0.22211426,0.46211424,0.22211426,1.3321142,1.2521143,0.78211427,1.1721143,1.3121142,1.8921143,2.2021143,2.7521143,2.9521143,3.6321142,3.7521143,2.5121143,2.2421143,3.0821142,2.3421142,0.41211426,-0.56788576,1.0021143,1.6821142,0.79211426,-0.64788574
3.4821143,2.9821143,1.2021142,-2.3278856,2.5221143,2.8321142,1.4521142,2.1021142,1.9621142,0.91211426,0.34211427,1.4421142,0.49211425,0.81211424,1.1821142,1.1421143,1.0821142,1.3721143,0.74211425,1.3121142,1.9021143,1.3521142,1.8021142,2.1021142,2.2421143,2.8221142,3.6621141,3.4221144,3.9521143,4.262114,3.6221142,3.9821143,3.9921143,3.6021142,3.0621142,1.6821142,-0.21788575,1.0121143,0.7121143,-0.007885742,0.72211426
3.8021142,4.602114,5.0521145,1.9821143,0.72211426,2.0121143,3.3721142,2.0521142,2.1521142,0.59211427,0.012114258,1.7721143,1.5221143,1.8921143,2.1321142,2.1521142,2.0721142,1.9621142,1.8621143,1.8721143,1.7521143,2.0921142,2.1821144,2.3921142,2.9721143,3.4521143,3.9121141,4.162114,3.9321144,3.6121142,3.7721143,4.2121143,3.6421142,3.6421142,3.0421143,3.8721142,4.9821143,5.392114,2.4821143,-0.7378857,-0.41788575
3.5421143,4.3221145,5.1121144,2.1021142,-0.35788575,-1.7978858,2.3121142,3.4021142,1.9021143,0.31211427,0.35211426,1.5521142,1.7921143,2.7721143,2.8721142,2.2621143,1.9821143,1.6121143,2.0621142,2.0021143,2.1521142,2.6621141,2.6521142,2.6821144,3.8721142,3.8721142,3.2221143,3.4821143,3.9521143,3.9421144,4.0621142,4.2721143,4.0021143,4.0521145,4.1321144,4.0521145,4.0021143,3.0321143,4.3021145,4.0521145,2.1721144
5.142114,5.492114,5.5421143,5.7321143,2.4021142,-0.48788574,2.7221143,2.6621141,3.5521142,0.24211426,-0.14788574,0.72211426,1.3521142,2.6721144,2.1321142,1.7821143,1.7621143,1.8021142,1.3821143,2.6821144,2.6721144,3.2521143,3.7621143,3.5821142,3.5521142,3.2121143,3.1221142,3.7721143,3.9821143,4.122114,4.2321143,3.9821143,3.8521142,3.9121141,3.5421143,4.1321144,3.6221142,3.7321143,3.7121143,3.2921143,4.0621142
3.7221143,6.4821143,6.8221145,4.5721145,2.0621142,0.81211424,2.2021143,3.3521142,1.7221142,-0.69788575,0.20211425,0.11211426,-0.10788574,0.67211425,1.6721143,1.6621143,1.9621142,2.4921143,2.4121141,2.9221144,2.8121142,2.9721143,2.9421144,2.8021142,2.7121143,2.9221144,3.3121142,3.2821143,3.1421142,3.2921143,3.7021143,3.9321144,3.6421142,3.4621143,3.6821144,4.0721145,3.1921144,4.432114,4.5521145,4.2521143,2.7221143
