wind.json
{"header": {"discipline":0,"disciplineName":"Meteorological products","gribEdition":2,"gribLength":953,"center":7,"centerName":"US National Weather Service - NCEP(WMC)","subcenter":0,"refTime":"2023-06-30T12:00:00.000Z","significanceOfRT":1,"significanceOfRTName":"Start of forecast","productStatus":0,"productStatusName":"Operational products","productType":1,"productTypeName":"Forecast products","productDefinitionTemplate":0,"productDefinitionTemplateName":"Analysis/forecast at horizontal level/layer at a point in time","parameterCategory":0,"parameterCategoryName":"UnknownDiscipline_0_Category_0","parameterNumber":0,"parameterNumberName":"UnknownParameter_D0_C0_0","parameterUnit":"Unknown","genProcessType":2,"genProcessTypeName":"Forecast","forecastTime":300,"surface1Type":1,"surface1TypeName":"Ground or water surface","surface1Value":0.0,"surface2Type":255,"surface2TypeName":"Missing","surface2Value":0.0,"gridDefinitionTemplate":0,"gridDefinitionTemplateName":"Latitude_Longitude","numberPoints":688,"shape":6,"shapeName":"Earth spherical with radius of 6,371,229.0 m","gridUnits":"degrees","resolution":48,"winds":"true","scanMode":64,"nx":43,"ny":16,"basicAngle":0,"lo1":45.0,"la1":40.0,"lo2":87.0,"la2":55.0,"dx":1.0,"dy":1.0}, "data":
[rows 0 to 15 of 16, columns 0 to 42 of 43]
285.95697,281.35696,296.55695,296.65695,298.85696,298.15695,297.45697,296.05695,302.75696,303.45697,302.85696,302.15695,303.35696,300.95697,300.95697,302.65695,302.15695,301.55695,299.85696,299.95697,298.85696,294.55695,293.95697,295.95697,293.15695,291.85696,291.55695,285.25696,278.25696,276.35696,278.95697,291.45697,292.45697,292.75696,293.75696,294.05695,295.15695,293.85696,294.05695,293.55695,295.05695,295.85696,296.95697
289.35696,298.35696,295.65695,290.85696,293.15695,297.35696,297.15695,295.65695,299.75696,303.95697,302.65695,299.15695,302.05695,303.65695,302.95697,302.25696,302.25696,298.75696,299.55695,299.25696,298.75696,298.35696,298.95697,295.15695,292.55695,289.65695,292.15695,294.35696,290.95697,277.05695,275.65695,276.05695,277.05695,279.45697,286.65695,292.55695,293.95697,293.45697,291.65695,292.65695,294.75696,295.05695,297.95697
290.55695,288.05695,280.45697,292.15695,297.35696,297.35696,297.05695,294.65695,304.25696,302.75696,301.55695,301.35696,301.75696,301.35696,301.45697,298.15695,297.65695,299.15695,297.75696,299.15695,300.55695,298.95697,300.35696,296.45697,295.25696,287.55695,275.85696,276.55695,284.95697,274.85696,277.65695,274.25696,279.45697,272.75696,281.35696,260.65695,275.95697,290.05695,289.45697,292.15695,295.45697,287.45697,283.65695
290.05695,291.55695,294.15695,298.05695,297.95697,297.65695,296.45697,304.85696,303.15695,303.35696,303.55695,302.15695,302.55695,302.95697,298.85696,300.95697,298.45697,295.75696,296.35696,295.65695,295.85696,297.45697,296.95697,294.95697,296.25696,290.35696,291.95697,292.15695,291.95697,290.95697,290.75696,282.35696,274.35696,276.15695,280.95697,280.95697,281.85696,283.35696,280.25696,281.35696,281.65695,276.05695,275.45697
294.05695,296.85696,294.85696,298.75696,298.85696,297.95697,298.65695,302.65695,303.15695,302.85696,303.35696,303.25696,302.95697,301.65695,295.55695,294.95697,299.35696,298.05695,297.55695,298.95697,297.15695,300.25696,299.25696,292.85696,297.35696,296.85696,295.95697,297.95697,297.25696,293.35696,292.15695,292.95697,293.15695,289.35696,294.05695,291.75696,292.05695,289.85696,280.05695,277.85696,284.95697,294.05695,295.65695
298.55695,301.05695,299.45697,299.35696,299.15695,299.75696,300.15695,301.45697,302.25696,300.55695,301.25696,301.35696,299.85696,298.95697,296.15695,295.35696,292.35696,297.05695,298.65695,297.65695,293.65695,299.25696,299.55695,300.85696,300.75696,300.45697,296.75696,296.55695,295.65695,293.85696,295.25696,295.75696,297.85696,293.45697,281.05695,275.25696,285.35696,294.25696,295.45697,300.45697,301.35696,301.15695,300.65695
299.05695,300.05695,299.35696,297.25696,299.65695,299.05695,298.75696,298.35696,300.05695,301.65695,298.95697,299.45697,299.65695,299.55695,294.95697,294.55695,294.95697,294.75696,297.15695,297.35696,298.25696,298.45697,298.65695,298.35696,296.25696,297.85696,297.75696,296.05695,294.65695,290.65695,297.05695,297.25696,295.75696,296.95697,294.45697,292.45697,291.85696,293.05695,288.15695,289.75696,297.25696,302.25696,300.55695
297.55695,297.75696,296.95697,297.65695,299.35696,299.15695,297.75696,297.25696,298.15695,297.75696,297.15695,297.25696,296.75696,296.95697,297.65695,297.25696,296.75696,297.05695,296.95697,296.95697,297.15695,296.35696,295.65695,297.75696,296.75696,296.75696,296.25696,296.05695,295.85696,295.85696,295.35696,294.65695,295.35696,294.15695,297.25696,297.15695,294.85696,292.25696,290.25696,287.25696,285.25696,284.95697,294.95697
295.55695,294.65695,296.65695,296.05695,297.55695,297.55695,297.35696,296.55695,296.05695,295.05695,293.55695,294.25696,293.45697,293.85696,293.65695,297.85696,296.65695,296.25696,295.95697,296.65695,295.85696,293.45697,293.55695,293.65695,294.15695,294.95697,293.95697,293.15695,292.65695,292.95697,291.65695,292.25696,291.05695,291.65695,293.45697,292.45697,291.45697,294.95697,296.45697,288.45697,295.35696,295.25696,293.55695
291.45697,294.95697,294.55695,294.05695,294.95697,293.45697,295.45697,294.15695,292.65695,293.25696,292.15695,291.25696,290.65695,291.15695,291.15695,293.35696,293.95697,296.15695,293.55695,293.65695,294.35696,291.75696,289.85696,289.55695,290.75696,291.75696,291.05695,292.65695,291.35696,290.15695,288.25696,288.25696,288.15695,289.85696,292.15695,292.95697,292.55695,291.65695,293.55695,290.75696,282.65695,282.95697,283.75696
289.55695,290.85696,290.75696,291.95697,292.35696,291.95697,291.95697,291.45697,290.85696,290.65695,290.15695,289.05695,288.55695,288.75696,289.75696,290.05695,290.25696,291.05695,291.55695,290.85696,291.15695,292.35696,289.55695,289.15695,289.85696,291.05695,290.85696,290.15695,290.55695,290.05695,289.65695,290.75696,291.75696,293.55695,294.35696,294.25696,293.85696,292.05695,290.05695,286.35696,285.75696,284.35696,282.65695
287.55695,289.65695,289.05695,288.95697,289.15695,289.45697,289.05695,289.15695,288.75696,288.15695,287.45697,286.45697,285.45697,285.15695,288.35696,290.25696,290.45697,290.15695,287.35696,288.65695,288.95697,288.15695,288.65695,288.25696,288.25696,288.55695,288.85696,290.35696,288.95697,291.75696,293.25696,294.25696,296.25696,294.65695,294.35696,293.85696,293.35696,291.05695,286.95697,284.75696,284.65695,284.95697,283.55695
286.05695,286.25696,287.15695,287.85696,287.15695,287.65695,286.95697,286.05695,285.35696,285.05695,285.45697,284.55695,281.65695,283.15695,285.55695,285.85696,285.85696,287.75696,288.65695,286.85696,286.35696,286.45697,287.65695,286.85696,287.35696,288.95697,289.65695,290.45697,291.45697,293.45697,295.25696,294.25696,293.35696,293.85696,293.55695,292.65695,292.45697,292.05695,291.05695,289.25696,288.75696,290.15695,288.85696
285.05695,284.55695,285.85696,284.85696,285.75696,285.95697,286.25696,285.95697,284.25696,283.25696,283.25696,281.95697,281.15695,279.25696,282.35696,281.95697,283.55695,283.55695,283.85696,284.05695,285.35696,284.65695,285.25696,286.05695,285.75696,286.55695,289.15695,291.55695,294.25696,292.85696,292.85696,291.95697,293.05695,292.55695,292.15695,292.55695,291.55695,290.75696,291.25696,291.05695,290.85696,290.35696,289.85696
286.25696,284.95697,282.95697,284.65695,288.35696,284.25696,283.85696,282.85696,283.35696,282.15695,281.85696,281.65695,279.85696,278.85696,279.15695,281.05695,282.35696,282.65695,285.25696,284.65695,284.85696,283.85696,284.75696,285.35696,288.35696,289.35696,288.85696,289.85696,289.35696,289.75696,290.85696,291.55695,291.55695,291.95697,291.15695,290.65695,290.95697,289.45697,290.35696,290.25696,290.85696,290.35696,290.65695
285.35696,285.15695,285.25696,285.45697,291.95697,284.25696,283.95697,282.55695,282.45697,280.85696,284.35696,285.85696,281.35696,279.15695,279.05695,282.15695,281.85696,285.25696,285.05695,284.25696,285.55695,283.95697,283.85696,284.95697,286.95697,287.15695,288.05695,288.05695,287.75696,289.05695,289.95697,290.45697,290.05695,287.65695,290.15695,291.55695,291.15695,290.65695,290.85696,290.55695,290.75696,291.05695,289.95697
