wind.json
{"header": {"discipline":0,"disciplineName":"Meteorological products","gribEdition":2,"gribLength":1211,"center":7,"centerName":"US National Weather Service - NCEP(WMC)","subcenter":0,"refTime":"2023-06-30T12:00:00.000Z","significanceOfRT":1,"significanceOfRTName":"Start of forecast","productStatus":0,"productStatusName":"Operational products","productType":1,"productTypeName":"Forecast products","productDefinitionTemplate":0,"productDefinitionTemplateName":"Analysis/forecast at horizontal level/layer at a point in time","parameterCategory":2,"parameterCategoryName":"UnknownDiscipline_0_Category_2","parameterNumber":3,"parameterNumberName":"UnknownParameter_D0_C2_3","parameterUnit":"Unknown","genProcessType":2,"genProcessTypeName":"Forecast","forecastTime":0,"surface1Type":103,"surface1TypeName":"Specified height level above ground","surface1Value":10.0,"surface2Type":255,"surface2TypeName":"Missing","surface2Value":0.0,"gridDefinitionTemplate":0,"gridDefinitionTemplateName":"Latitude_Longitude","numberPoints":688,"shape":6,"shapeName":"Earth spherical with radius of 6,371,229.0 m","gridUnits":"degrees","resolution":48,"winds":"true","scanMode":64,"nx":43,"ny":16,"basicAngle":0,"lo1":45.0,"la1":40.0,"lo2":87.0,"la2":55.0,"dx":1.0,"dy":1.0}, "data":
[rows 0 to 15 of 16, columns 0 to 42 of 43]
1.2230322,-0.47696778,2.8030322,-0.49696776,-1.2469678,-1.0269678,-4.0769677,-4.816968,-5.546968,-3.0269678,-3.0469677,-0.8069678,-0.6969678,2.9630322,2.2630322,2.0930321,-0.72696775,-3.396968,-5.3269677,-7.106968,-7.476968,-6.246968,-5.5069675,-5.9469676,-3.9569678,-2.0669677,5.2130322,4.8030324,-1.5569677,-6.206968,-0.6769678,0.6330322,-3.646968,-0.72696775,1.4930322,1.8030323,0.24303223,2.4330323,0.97303224,-1.7869678,-2.4369678,-4.1169677,-3.3869677
-1.4669678,-1.4469677,2.1530323,2.9030323,-2.7669678,-4.996968,-5.586968,-5.0369678,-5.8869677,-5.2169676,0.70303226,-3.4369678,3.0630322,4.6330323,2.5830321,1.0830323,-1.6469678,-4.546968,-5.916968,-5.0369678,-5.4069676,-6.206968,-6.086968,-4.6169677,-3.8569677,-1.0669677,6.703032,1.9030322,2.4230323,3.1530323,-2.4869678,-6.4269676,-1.8969678,-3.3469677,-1.3969678,2.3630323,-0.8869678,0.12303223,0.3730322,0.8630322,0.093032226,-0.91696775,2.1830323
0.3730322,2.603032,0.42303222,-2.4569678,-2.0669677,-3.7369678,-5.396968,-5.026968,-4.586968,-4.8669677,-2.8069677,-4.6569676,4.1130323,4.2830324,3.8130322,0.49303222,-3.5169678,-3.7469678,-3.3269677,-3.7069678,-4.226968,-3.3069677,-6.2169676,-8.836967,-4.706968,-2.3469677,-0.20696777,-1.5069678,-9.446968,-6.316968,-1.7769678,-5.276968,-2.9369678,-2.6669679,-3.3069677,-1.6769677,0.23303223,5.0530324,4.3030324,4.813032,2.9730322,2.0130322,2.2130322
-1.6069678,-0.5169678,-5.476968,0.18303223,-0.8169678,-2.2469678,-3.2869678,-5.356968,-5.6769676,5.773032,-1.6069678,1.9230323,7.5130324,6.6330323,1.0430322,-1.1769677,-3.4469678,-2.6869678,-3.6269677,-3.2369678,-3.1069677,-4.566968,-2.6869678,-5.5569677,-6.5769677,-4.6569676,-5.316968,-4.3869677,-0.086967774,5.973032,4.0130324,2.8030322,-0.9269678,-0.45696777,1.4630322,-2.4069679,1.8030323,-0.24696778,3.1330323,0.53303224,-4.276968,1.2730322,-0.9269678
-4.796968,-5.666968,-5.0969677,-0.13696778,-0.06696777,-2.2769678,0.32303223,1.0630323,-3.7569678,-1.7669678,-1.6469678,5.703032,9.103032,-0.20696777,-0.12696777,-3.6569679,-1.7769678,-0.89696777,-3.4769678,-4.0969677,-2.9169679,-3.4569678,-4.2569675,-5.296968,-3.0169678,-3.5769677,-3.896968,-3.6669679,-4.0969677,-4.186968,-3.5569677,-4.746968,-6.6569676,2.3030322,2.5630322,3.1630323,0.6930322,0.35303223,-0.6369678,0.53303224,-1.8869678,-2.0869677,-3.4069679
1.9030322,-2.6069677,-3.3569677,1.1030322,1.6030322,0.9930322,-2.2169678,-2.6869678,1.1130322,-1.3369678,4.043032,5.9930325,1.0730323,3.6330323,1.3430322,-1.7769678,-3.3769677,-2.2769678,-2.3269677,-2.9069679,-1.5569677,-0.6269678,-1.5069678,-2.3769677,-1.9569678,-3.2169678,-1.5969678,-3.8769677,-3.3669677,-9.896968,-4.4269676,-4.5369678,-4.4069676,-7.026968,-4.3469677,-1.6369678,-2.5269678,2.9530323,2.8730323,2.1430323,1.9130322,1.2830322,0.28303224
-0.83696777,-0.8169678,-2.6169677,-1.9969678,3.7530322,3.5130322,2.9430323,2.5830321,0.7930322,1.7330322,4.663032,5.3230324,6.003032,5.453032,2.5330322,0.8730322,-1.7969677,0.90303224,-0.83696777,-2.2469678,-2.5569677,-0.8069678,-1.3969678,-0.9369678,-3.4769678,-4.0369678,-3.1369677,-4.3069677,2.5530322,0.28303224,-5.436968,-5.586968,-4.2369676,-3.5769677,-5.106968,-2.9769678,-2.3869677,-0.83696777,-4.0769677,-2.9869678,-0.26696777,2.0630322,-5.896968
1.4330323,0.24303223,-1.1469678,-1.8469678,-0.3469678,-1.6369678,7.1530323,3.2730322,5.7630324,5.933032,9.063032,8.643032,11.873033,10.123033,6.6530323,4.933032,4.6930323,2.7230322,-2.0269678,-2.4869678,-4.6769676,-2.3369677,-2.6069677,-0.6269678,-2.9669678,-5.166968,-3.5569677,-4.396968,-0.046967775,1.0030322,0.8730322,-2.8469677,-4.396968,-2.3269677,-4.356968,-0.79696774,1.2130322,1.8730322,-0.41696778,-1.0369678,-2.6869678,0.023032226,-6.5969677
1.8330323,1.3230323,0.48303223,-0.23696777,1.6530322,-0.7369678,0.13303223,1.2230322,4.313032,5.953032,11.153032,9.113032,10.473032,8.733032,5.3030324,1.4130322,3.6930323,2.7830322,0.18303223,-2.4869678,-3.0869677,-4.0769677,-0.026967773,-1.6769677,-4.026968,-4.726968,-5.5369678,-5.276968,-6.876968,-6.266968,-6.8269677,-8.306968,-5.6769676,-7.336968,-2.3769677,0.6230322,-3.2469678,1.6130322,0.5030322,0.91303223,2.6630323,2.7430322,-0.77696776
1.4330323,3.0330322,2.3230321,-0.29696777,2.8430321,0.8730322,0.97303224,4.753032,5.0730324,6.233032,7.9630322,9.183032,8.803032,8.573032,6.953032,2.5930321,3.7430322,-0.7469678,-4.4069676,0.15303223,-4.956968,-2.2969677,-3.0269678,-6.8069677,-5.2569675,-7.356968,-3.9069679,-5.6369677,-2.8869677,-4.416968,-4.856968,-0.52696776,-5.126968,-7.4669676,-10.806968,-9.336967,-3.6069677,0.043032225,1.4430323,-1.3069677,-3.9869678,-2.0569677,1.6230322
4.2630324,4.453032,2.8630323,0.9930322,2.9830322,1.5830323,2.8930323,5.5930324,7.183032,6.833032,7.483032,8.413033,9.353032,8.483032,6.9030323,5.4430323,1.5730323,-2.6269677,-5.606968,-3.5269678,-0.19696778,0.7330322,-1.0469677,-0.9569678,-4.026968,-8.336967,-7.106968,-8.176968,-9.986968,-0.7569678,1.9730322,-3.8769677,-5.9069676,-5.266968,-3.9669678,-8.026968,-5.186968,-2.7469678,0.4330322,0.66303223,2.2730322,0.5030322,-1.2569678
4.143032,2.2730322,2.2730322,3.4030323,1.7330322,0.8130322,3.2630322,2.5130322,3.5630322,5.023032,5.603032,6.453032,6.853032,6.0130324,3.4130323,4.023032,1.2130322,0.45303223,-2.6169677,-1.2169678,-3.5169678,-3.7069678,-2.9169679,-2.0369678,-4.686968,-5.766968,-0.21696778,-4.976968,-3.9369678,-4.3469677,-2.9769678,-4.606968,-3.8169677,-2.7569678,-2.4069679,-3.6569679,-1.6569678,2.1530323,-0.17696777,-0.026967773,1.8630322,0.24303223,0.35303223
3.9630322,3.6930323,3.7630322,4.023032,2.353032,0.26303223,4.2430325,3.353032,3.4330323,5.8030324,6.0730324,5.813032,6.7130322,5.333032,4.6530323,5.5930324,2.5830321,0.32303223,0.45303223,-2.396968,-2.6769679,-4.8669677,-2.2369678,-1.5969678,-5.836968,-4.186968,-6.296968,-2.5269678,-2.1169677,-3.5269678,-0.84696776,-1.4269677,-0.23696777,0.6830322,-1.1169678,-2.0369678,-0.49696776,2.2730322,4.7830324,4.143032,4.583032,2.0430322,0.95303226
4.8230324,5.2430325,4.313032,4.523032,2.2530322,0.4330322,4.733032,3.3630323,3.7630322,5.723032,6.453032,5.733032,4.023032,3.4830322,4.4430323,3.1230323,2.5730321,3.0030322,-0.8269678,-2.0169678,-1.8469678,-1.8169677,-3.0669677,-4.6169677,-5.4069676,-5.6969676,-5.276968,-6.976968,-7.266968,-7.6969676,-7.8269677,-6.2169676,-3.1569679,-3.4469678,-1.6169678,2.3030322,1.7530322,-0.53696775,0.46303222,-1.4469677,2.9730322,4.703032,2.0930321
5.5130324,4.373032,6.0730324,6.523032,4.0930324,4.9430323,5.223032,4.853032,4.433032,2.7830322,2.9130323,3.3130322,2.9830322,2.5930321,4.603032,2.9730322,2.3830323,2.1630323,1.4430323,-0.5669678,1.2630322,-0.7569678,-3.4369678,-4.8669677,-4.606968,-5.296968,-4.436968,-5.2369676,-4.956968,-6.816968,-6.3669677,-4.916968,-3.9569678,-4.976968,-2.4669678,-1.0669677,-0.22696777,2.8130322,4.043032,2.3630323,1.8430322,3.5230322,4.183032
4.643032,6.143032,4.933032,3.5030322,3.4330323,6.7430325,6.5930324,5.9030323,6.3830323,5.063032,4.433032,3.0030322,1.1530322,1.6830323,1.1930323,1.3030323,3.9030323,3.6430323,2.7130322,2.9030323,1.1530322,-1.6269678,-3.1169677,-4.186968,-4.026968,-4.8469677,-4.7569675,-5.586968,-4.166968,-3.7569678,-2.6269677,-3.8269677,-2.8769677,-2.3769677,-2.7769678,-3.4369678,-4.4069676,-4.066968,2.3730323,2.2730322,1.8630322,3.6230323,3.5330322
