wind_kz.json
{"header": {"discipline":0,"disciplineName":"Meteorological products","gribEdition":2,"gribLength":871,"center":7,"centerName":"US National Weather Service - NCEP(WMC)","subcenter":0,"refTime":"2023-10-03T06:00:00.000Z","significanceOfRT":1,"significanceOfRTName":"Start of forecast","productStatus":0,"productStatusName":"Operational products","productType":1,"productTypeName":"Forecast products","productDefinitionTemplate":0,"productDefinitionTemplateName":"Analysis/forecast at horizontal level/layer at a point in time","parameterCategory":0,"parameterCategoryName":"UnknownDiscipline_0_Category_0","parameterNumber":0,"parameterNumberName":"UnknownParameter_D0_C0_0","parameterUnit":"Unknown","genProcessType":2,"genProcessTypeName":"Forecast","forecastTime":120,"surface1Type":1,"surface1TypeName":"Ground or water surface","surface1Value":0.0,"surface2Type":255,"surface2TypeName":"Missing","surface2Value":0.0,"gridDefinitionTemplate":0,"gridDefinitionTemplateName":"Latitude_Longitude","numberPoints":615,"shape":6,"shapeName":"Earth spherical with radius of 6,371,229.0 m","gridUnits":"degrees","resolution":48,"winds":"true","scanMode":64,"nx":41,"ny":15,"basicAngle":0,"lo1":47.0,"la1":41.0,"lo2":87.0,"la2":55.0,"dx":1.0,"dy":1.0}, "data":
[rows 0 to 14 of 15, columns 0 to 40 of 41]
294.61377,283.11377,292.11377,293.41376,293.11377,291.61377,297.21378,302.11377,302.11377,300.81378,300.11377,301.21378,304.21378,304.61377,302.21378,305.31378,306.81378,306.51376,312.11377,309.41376,313.41376,311.81378,309.01376,305.61377,307.61377,310.51376,304.41376,298.61377,296.01376,289.41376,287.01376,279.21378,298.11377,308.41376,309.71378,310.81378,315.41376,313.21378,309.01376,308.41376,310.61377
273.81378,291.91376,293.11377,293.01376,293.01376,291.21378,301.81378,298.61377,296.61377,300.61377,300.21378,299.61377,303.21378,302.91376,304.41376,305.81378,307.31378,308.91376,309.81378,305.51376,306.21378,303.21378,305.71378,297.01376,287.31378,290.71378,299.41376,295.41376,297.31378,286.01376,292.71378,275.01376,288.61377,267.71378,282.21378,299.21378,303.11377,304.51376,305.01376,297.21378,284.41376
294.51376,292.81378,292.61377,292.21378,290.51376,297.51376,297.71378,297.71378,297.21378,299.11377,299.21378,299.01376,301.41376,302.91376,296.41376,303.01376,300.81378,303.91376,306.31378,310.21378,311.71378,309.71378,309.51376,302.41376,306.01376,305.41376,305.71378,308.21378,303.91376,295.31378,285.61377,290.41376,297.81378,296.81378,300.01376,294.21378,292.41376,291.81378,294.41376,288.51376,284.71378
296.01376,291.51376,292.31378,291.51376,292.21378,295.71378,295.11377,296.91376,297.81378,294.11377,298.11377,298.11377,289.81378,289.41376,298.41376,303.91376,301.91376,297.91376,299.31378,301.41376,302.01376,305.51376,304.51376,306.41376,306.41376,305.81378,307.91376,307.81378,304.31378,305.11377,304.91376,302.91376,305.01376,308.31378,307.81378,302.21378,290.71378,274.61377,292.61377,301.41376,302.71378
295.31378,291.21378,291.51376,290.91376,293.61377,295.71378,296.61377,297.31378,295.91376,296.71378,289.01376,290.91376,288.81378,287.71378,286.21378,297.41376,300.21378,299.81378,296.01376,301.21378,303.21378,304.11377,304.91376,304.81378,308.31378,307.51376,308.31378,300.61377,306.41376,308.81378,307.21378,306.31378,294.31378,283.41376,295.81378,305.21378,301.21378,308.71378,307.11377,306.31378,303.21378
293.61377,293.91376,289.31378,289.91376,290.21378,289.81378,296.81378,294.61377,294.61377,295.51376,296.31378,288.91376,288.81378,288.61377,292.21378,296.41376,295.31378,299.51376,296.21378,299.51376,300.51376,299.91376,302.71378,302.41376,301.81378,304.31378,306.31378,287.71378,304.11377,304.71378,308.11377,304.31378,306.71378,307.31378,302.11377,300.71378,298.51376,297.01376,309.31378,306.61377,301.71378
291.71378,291.91376,292.21378,293.01376,292.31378,294.81378,295.21378,293.31378,292.61377,292.41376,294.31378,294.51376,287.81378,291.81378,293.81378,294.41376,295.11377,295.61377,296.81378,297.21378,297.41376,298.31378,300.61377,299.71378,296.41376,296.31378,300.51376,302.81378,304.11377,305.11377,305.21378,305.41376,303.61377,301.91376,300.91376,300.61377,297.61377,295.81378,295.41376,290.91376,298.51376
289.81378,290.51376,290.31378,290.81378,290.81378,291.61377,293.01376,292.11377,291.51376,290.71378,291.41376,292.31378,292.01376,286.11377,288.21378,293.11377,293.61377,294.51376,295.01376,293.81378,294.71378,298.81378,298.71378,297.91376,298.21378,296.51376,295.71378,297.01376,296.11377,299.01376,298.81378,300.91376,301.41376,299.51376,300.91376,301.11377,301.71378,285.71378,300.91376,300.01376,298.71378
288.91376,287.61377,287.61377,289.71378,289.01376,290.11377,289.81378,289.41376,289.51376,289.61377,289.31378,290.71378,290.51376,290.81378,289.11377,291.11377,293.51376,294.81378,292.41376,294.01376,292.41376,294.91376,294.91376,296.91376,296.81378,297.01376,295.51376,294.51376,294.51376,294.31378,295.41376,296.11377,297.61377,297.61377,299.21378,292.31378,297.11377,296.71378,287.11377,286.31378,285.81378
287.71378,287.01376,287.01376,288.01376,287.81378,288.71378,288.01376,287.81378,287.71378,288.41376,288.11377,288.51376,290.71378,289.91376,288.51376,285.71378,292.11377,292.41376,294.11377,295.11377,293.61377,292.51376,294.61377,296.51376,297.41376,296.31378,296.21378,295.41376,295.31378,296.61377,296.01376,296.01376,298.61377,298.51376,299.31378,298.21378,293.71378,286.01376,288.31378,290.91376,283.31378
285.01376,284.61377,284.91376,285.01376,285.91376,285.41376,286.31378,286.81378,285.91376,285.61377,285.91376,287.41376,288.91376,289.01376,290.01376,287.21378,284.31378,291.61377,292.31378,290.91376,293.21378,292.71378,292.51376,294.51376,294.11377,295.11377,294.31378,296.71378,297.51376,298.51376,298.71378,299.21378,298.11377,296.61377,296.41376,293.51376,289.81378,286.91376,289.51376,288.81378,288.71378
280.11377,284.11377,283.61377,283.51376,283.71378,283.01376,283.11377,283.41376,284.61377,284.11377,282.51376,283.71378,287.01376,287.31378,287.31378,284.81378,286.31378,289.01376,289.51376,291.11377,290.61377,290.21378,290.31378,291.21378,291.51376,293.71378,295.91376,297.61377,297.71378,298.21378,297.91376,298.11377,295.81378,296.21378,292.51376,294.51376,289.61377,287.31378,294.51376,293.11377,291.81378
276.11377,280.51376,282.51376,282.91376,281.81378,282.51376,280.21378,282.61377,283.11377,282.81378,279.51376,280.01376,284.11377,284.31378,287.31378,286.61377,284.91376,283.91376,289.21378,290.51376,290.01376,289.41376,289.61377,289.71378,291.71378,292.91376,294.91376,295.11377,295.71378,296.11377,296.61377,296.01376,296.01376,295.01376,294.71378,291.11377,294.11377,292.21378,286.11377,292.51376,291.01376
276.81378,279.81378,283.31378,281.61377,281.31378,278.71378,280.41376,278.41376,279.51376,281.91376,278.71378,277.21378,281.41376,283.81378,285.71378,287.51376,284.31378,283.61377,285.01376,290.51376,290.81378,290.81378,291.51376,290.51376,292.41376,293.01376,292.71378,294.21378,294.11377,294.41376,294.81378,294.51376,293.91376,293.61377,292.11377,293.01376,292.61377,292.01376,292.01376,290.61377,291.01376
275.01376,279.31378,284.31378,280.21378,280.51376,278.21378,277.91376,277.91376,277.51376,277.61377,279.31378,280.51376,278.61377,281.41376,286.11377,286.31378,286.21378,286.01376,283.71378,289.01376,287.71378,290.11377,291.01376,290.51376,290.41376,291.21378,292.41376,292.91376,293.61377,293.11377,292.31378,289.41376,293.11377,292.31378,292.91376,291.91376,292.31378,292.81378,293.11377,290.81378,288.91376
