wind_kz.json
{"header": {"discipline":0,"disciplineName":"Meteorological products","gribEdition":2,"gribLength":1025,"center":7,"centerName":"US National Weather Service - NCEP(WMC)","subcenter":0,"refTime":"2025-04-05T18:00:00.000Z","significanceOfRT":1,"significanceOfRTName":"Start of forecast","productStatus":0,"productStatusName":"Operational products","productType":1,"productTypeName":"Forecast products","productDefinitionTemplate":0,"productDefinitionTemplateName":"Analysis/forecast at horizontal level/layer at a point in time","parameterCategory":2,"parameterCategoryName":"UnknownDiscipline_0_Category_2","parameterNumber":2,"parameterNumberName":"UnknownParameter_D0_C2_2","parameterUnit":"Unknown","genProcessType":2,"genProcessTypeName":"Forecast","forecastTime":180,"surface1Type":103,"surface1TypeName":"Specified height level above ground","surface1Value":10.0,"surface2Type":255,"surface2TypeName":"Missing","surface2Value":0.0,"gridDefinitionTemplate":0,"gridDefinitionTemplateName":"Latitude_Longitude","numberPoints":615,"shape":6,"shapeName":"Earth spherical with radius of 6,371,229.0 m","gridUnits":"degrees","resolution":48,"winds":"true","scanMode":64,"nx":41,"ny":15,"basicAngle":0,"lo1":47.0,"la1":41.0,"lo2":87.0,"la2":55.0,"dx":1.0,"dy":1.0}, "data":
[rows 0 to 14 of 15, columns 0 to 40 of 41]
-1.874436,2.475564,0.15556397,3.095564,6.0055637,4.215564,5.395564,4.815564,5.455564,2.145564,1.845564,2.925564,2.715564,1.025564,-0.13443604,-0.96443605,-2.6344361,-2.904436,-0.08443604,-2.294436,-4.0144362,-2.464436,-1.284436,-0.994436,-1.764436,-2.344436,-0.19443603,1.7955639,0.21556397,1.245564,-0.824436,0.34556398,0.52556396,0.41556397,-1.9344361,3.425564,1.885564,3.695564,3.155564,3.8555639,2.225564
2.1155639,-2.844436,-0.054436035,4.155564,5.805564,5.805564,4.575564,3.1355639,3.815564,1.885564,1.635564,3.475564,0.28556398,3.005564,1.135564,0.39556396,0.83556396,-2.6244361,-3.8944361,-3.104436,-1.0744361,-0.18443604,-0.07443604,1.355564,-0.31443605,-0.18443604,0.27556396,1.255564,2.685564,0.85556394,0.44556397,0.34556398,-0.40443602,1.005564,-1.3144361,-4.414436,-0.27443603,3.145564,1.645564,-2.044436,0.54556394
-2.194436,2.305564,4.835564,4.335564,5.645564,3.815564,1.8155639,4.645564,3.015564,0.31556398,0.78556395,3.955564,0.625564,3.725564,2.335564,-1.5544361,1.125564,-3.054436,-3.684436,-3.934436,-4.104436,-2.3644361,-2.214436,0.985564,-0.42443603,-1.874436,-2.924436,-3.6344361,0.945564,0.32556397,0.31556398,-0.014436035,-0.59443605,-0.59443605,-0.944436,1.345564,-1.244436,0.755564,-1.0644361,-1.5744361,-0.35443604
-1.6944361,3.685564,4.605564,5.695564,5.375564,3.915564,2.835564,3.515564,5.205564,0.29556397,2.015564,-2.3744361,1.005564,-0.034436036,-1.734436,-2.484436,-2.254436,-4.504436,-2.314436,-4.944436,-1.614436,-0.934436,-3.424436,-1.894436,-2.214436,-2.554436,-2.684436,-3.074436,-5.344436,-8.164436,-4.904436,-8.814436,-9.684436,-7.774436,-6.294436,-3.574436,-0.70443606,0.615564,-1.7044361,-1.9544361,-2.584436
4.375564,5.745564,5.905564,6.175564,5.335564,6.025564,5.965564,6.935564,5.575564,2.505564,3.185564,-1.1744361,-3.1144361,-3.544436,-5.894436,-7.104436,-5.904436,-4.654436,-3.504436,-4.194436,-6.094436,-5.214436,-4.564436,-5.414436,-6.574436,-6.984436,-7.664436,-4.464436,-3.504436,-2.694436,-2.094436,-0.14443603,1.765564,-1.254436,-2.834436,-2.464436,-1.864436,-4.404436,-3.314436,-2.674436,-2.6344361
8.215564,6.085564,6.7355638,6.675564,6.375564,6.705564,7.145564,5.445564,1.215564,1.655564,-1.134436,-1.864436,-3.794436,-4.234436,-4.074436,-5.504436,-5.984436,-5.524436,-6.674436,-6.164436,-6.434436,-5.9944363,-6.694436,-7.094436,-7.664436,-9.174436,-6.934436,-2.274436,-6.384436,-5.354436,-4.954436,-2.784436,-1.4344361,-1.4344361,-0.814436,-6.684436,-1.984436,-4.934436,-2.604436,-2.224436,-2.314436
6.585564,7.315564,6.875564,6.265564,5.595564,5.215564,3.345564,1.855564,-0.004436035,-0.78443605,-4.634436,-4.534436,-4.674436,-5.754436,-5.5144362,-4.874436,-6.304436,-6.454436,-8.514436,-7.324436,-5.904436,-6.394436,-5.784436,-6.614436,-6.804436,-6.9944363,-6.394436,-6.814436,-7.954436,-7.184436,-7.904436,-10.604436,-8.694436,-7.454436,-6.484436,-7.144436,-1.864436,-1.044436,-2.584436,0.805564,-2.024436
4.355564,7.045564,7.465564,6.605564,5.155564,4.595564,2.8555639,3.025564,-0.23443604,-3.824436,-4.204436,-5.534436,-5.324436,-5.104436,-4.7644362,-5.334436,-5.284436,-7.284436,-7.234436,-8.824436,-6.534436,-6.354436,-5.974436,-5.034436,-5.024436,-5.384436,-4.854436,-5.904436,-7.544436,-7.894436,-7.334436,-4.724436,-5.194436,-3.3844361,-3.964436,-4.854436,-5.084436,-1.904436,-9.304436,-9.614436,-2.8944361
5.545564,6.265564,5.955564,5.695564,4.445564,3.735564,2.205564,3.725564,0.79556394,-2.584436,-4.364436,-5.064436,-5.834436,-5.504436,-6.824436,-5.2444363,-5.224436,-5.304436,-5.434436,-5.394436,-8.564436,-7.594436,-7.544436,-7.964436,-6.664436,-6.604436,-7.564436,-8.454436,-6.614436,-7.044436,-6.624436,-4.304436,0.14556396,0.29556397,-3.164436,-3.3644361,-2.594436,-0.36443603,-2.154436,-0.54443604,-1.214436
4.175564,5.275564,5.375564,5.685564,3.715564,3.3555639,2.065564,4.375564,-0.41443604,-2.554436,-4.894436,-5.854436,-6.2444363,-6.634436,-7.874436,-7.804436,-8.114436,-7.254436,-8.014436,-8.694436,-10.484436,-9.474436,-8.644436,-9.714436,-9.374436,-9.384436,-8.114436,-8.444436,-7.454436,-6.954436,-4.304436,-2.544436,-1.634436,-1.714436,-0.17443603,-0.61443603,0.85556394,-0.60443604,1.225564,0.83556396,-1.0744361
3.685564,5.465564,5.305564,5.095564,3.8855639,3.8855639,2.455564,4.165564,-1.984436,-3.434436,-5.114436,-6.714436,-5.354436,-7.724436,-8.024436,-7.874436,-8.864436,-8.594436,-9.994436,-10.594436,-9.844436,-9.864436,-9.284436,-9.374436,-8.234436,-7.644436,-7.644436,-5.134436,-5.554436,-3.654436,-2.6244361,-2.014436,-2.304436,-1.7044361,-2.074436,0.505564,0.985564,0.40556395,0.72556394,-0.60443604,0.72556394
5.7355638,5.295564,5.895564,4.435564,4.285564,2.945564,0.85556394,2.225564,-4.024436,-5.254436,-7.054436,-5.974436,-6.534436,-6.974436,-7.704436,-8.134436,-8.604436,-8.984436,-10.144436,-9.674436,-9.674436,-8.984436,-8.574436,-7.474436,-7.864436,-6.654436,-5.894436,-4.444436,-3.734436,-1.734436,-1.754436,-1.714436,-0.824436,-0.124436036,0.565564,1.405564,1.115564,3.965564,3.815564,1.475564,1.2955639
4.975564,5.285564,5.375564,5.705564,3.955564,2.675564,0.85556394,-0.38443604,-5.174436,-5.124436,-4.784436,-6.154436,-5.464436,-7.654436,-7.484436,-7.374436,-8.154436,-8.304436,-8.324436,-8.194436,-7.754436,-7.144436,-6.334436,-5.674436,-5.274436,-3.8944361,-3.014436,-2.3744361,-1.334436,-0.48443604,0.16556397,0.63556397,1.635564,1.5555639,2.685564,3.8755639,4.105564,3.6255639,3.945564,4.275564,3.565564
6.5055637,6.215564,6.335564,5.535564,2.945564,1.0655639,-0.34443605,-3.1444361,-4.554436,-4.364436,-5.944436,-6.334436,-5.624436,-6.184436,-6.0144362,-6.704436,-6.904436,-7.414436,-7.434436,-7.234436,-6.874436,-6.0144362,-5.5144362,-4.144436,-2.974436,-1.854436,-0.47443604,0.555564,1.4455639,2.305564,3.045564,3.175564,3.695564,4.395564,4.565564,5.4855638,5.445564,5.655564,5.705564,4.925564,4.895564
4.525564,0.005563965,-2.6144361,-5.534436,-6.044436,-4.574436,-3.554436,-6.464436,-5.854436,-5.334436,-3.464436,-4.7444363,-5.164436,-3.484436,-4.5144362,-4.974436,-5.824436,-5.614436,-5.134436,-5.304436,-5.074436,-4.404436,-3.164436,-2.324436,-1.0544361,0.30556396,1.755564,2.965564,3.955564,4.575564,5.4855638,5.665564,6.7355638,6.745564,7.025564,7.705564,7.825564,8.655564,8.725564,8.7455635,5.4855638
