wind_kz.json
{"header": {"discipline":0,"disciplineName":"Meteorological products","gribEdition":2,"gribLength":1102,"center":7,"centerName":"US National Weather Service - NCEP(WMC)","subcenter":0,"refTime":"2025-04-05T00:00:00.000Z","significanceOfRT":1,"significanceOfRTName":"Start of forecast","productStatus":0,"productStatusName":"Operational products","productType":1,"productTypeName":"Forecast products","productDefinitionTemplate":0,"productDefinitionTemplateName":"Analysis/forecast at horizontal level/layer at a point in time","parameterCategory":2,"parameterCategoryName":"UnknownDiscipline_0_Category_2","parameterNumber":2,"parameterNumberName":"UnknownParameter_D0_C2_2","parameterUnit":"Unknown","genProcessType":2,"genProcessTypeName":"Forecast","forecastTime":240,"surface1Type":103,"surface1TypeName":"Specified height level above ground","surface1Value":10.0,"surface2Type":255,"surface2TypeName":"Missing","surface2Value":0.0,"gridDefinitionTemplate":0,"gridDefinitionTemplateName":"Latitude_Longitude","numberPoints":615,"shape":6,"shapeName":"Earth spherical with radius of 6,371,229.0 m","gridUnits":"degrees","resolution":48,"winds":"true","scanMode":64,"nx":41,"ny":15,"basicAngle":0,"lo1":47.0,"la1":41.0,"lo2":87.0,"la2":55.0,"dx":1.0,"dy":1.0}, "data":
[rows 0 to 14 of 15, columns 0 to 40 of 41]
-0.34590575,-1.9059057,-0.26590577,3.3240943,4.124094,3.6940942,3.1640942,3.9340942,2.6840942,-4.685906,0.8340942,0.26409423,-0.63590574,-5.435906,-4.4259057,-4.1559057,-3.8859057,-3.1859057,-4.995906,-0.70590574,1.4240942,-2.3459058,-1.1259058,-2.7359056,0.33409423,-2.0659058,-3.2159057,-0.28590575,2.8340943,2.5640943,0.16409424,3.0540943,0.69409424,1.5040942,2.3140943,2.7040942,3.1240942,3.3140943,3.8640943,4.1640944,0.48409423
2.8740942,-0.82590574,2.8440943,5.174094,4.8640943,5.1140943,2.5040941,1.9540943,-0.5859058,-3.3359058,1.3340943,-1.2759057,-2.8259058,-2.1059058,-1.1359057,-4.875906,-3.3259058,-2.1859057,-2.7159057,-0.47590578,0.08409424,-0.47590578,-0.95590574,-3.5959058,0.44409424,0.7840942,-0.74590576,2.5140944,-1.7459058,-0.40590575,0.18409424,-0.6659058,2.7440941,-1.6059058,0.17409424,-0.54590577,-0.42590576,1.0140942,-0.64590573,4.964094,4.2840943
1.6740942,8.554094,8.564095,7.9540944,5.834094,0.48409423,0.024094239,1.3640943,-1.7459058,-2.1059058,-3.2859058,-0.69590575,-2.3059058,-2.7659059,-0.33590576,-2.3859057,-3.7259057,-1.7559057,0.9140942,-0.7159058,-1.3659058,-3.1959057,-3.2559059,-0.30590576,-0.39590576,-1.1459057,-3.1659057,-2.9359057,-2.3159058,-0.9059058,-0.75590575,3.5040941,-0.005905762,0.5340942,1.2140943,-0.9159058,1.7240943,0.87409425,-0.17590576,2.5340943,3.3540943
7.064094,10.564095,10.004094,5.9540944,2.6240942,-1.2259058,0.75409424,1.4140942,0.99409425,-1.1159058,-2.0059059,-2.0859058,-2.2059057,-2.7359056,-2.7759058,-4.4259057,-4.435906,-4.0459056,-2.1659057,-0.38590577,-2.5259058,-0.62590575,-4.7959056,-5.4059057,-5.3859057,-3.0859058,-4.1359057,-6.1359057,-1.2859057,-1.3559058,1.6840942,0.57409424,2.7140942,4.3940945,2.8540943,0.8940942,-0.94590575,1.7040943,1.0840943,3.2440941,3.5040941
7.3240943,7.8640943,7.444094,4.834094,3.0340943,-1.1959058,-2.5359058,-1.4759058,-2.7759058,-1.3059058,-0.7859058,-2.5359058,-2.3759058,-7.2959056,-6.115906,-5.325906,-4.3359056,-4.0659056,-4.435906,-6.955906,-9.075906,-8.355906,-8.835906,-8.265905,-9.535906,-9.335906,-9.465906,-4.3859057,-5.765906,-5.4059057,-4.415906,-0.22590576,-1.0259057,2.5440943,1.7340943,-2.3859057,-2.6859057,-4.955906,-3.0759058,-1.3559058,-6.365906
3.3740942,-2.6759057,-7.705906,-7.435906,-7.0659056,-7.265906,-4.765906,-4.1959057,-3.6459057,-3.6759057,-5.1559057,-4.7359056,-5.7759056,-6.7959056,-5.375906,-5.375906,-5.785906,-6.535906,-8.175906,-6.8359056,-8.915906,-8.345905,-8.765905,-10.125906,-9.945906,-11.555905,-8.135906,-5.595906,-6.8359056,-6.4859056,-5.3159056,-5.4459057,-3.9659057,-0.28590575,1.3740942,-2.8859057,2.4240942,6.544094,3.3040943,1.6640942,-5.375906
-2.7959058,-6.1359057,-5.9859056,-6.435906,-3.7959058,-3.5759058,-5.185906,-4.325906,-4.895906,-4.915906,-3.9059057,-5.095906,-5.975906,-4.915906,-4.865906,-6.245906,-6.2159057,-6.265906,-7.4659057,-9.375906,-7.745906,-7.2359056,-7.6959057,-8.155906,-9.355906,-7.805906,-6.265906,-6.0059056,-6.6959057,-5.745906,-6.2959056,-5.3559055,-1.2559057,-0.64590573,0.85409427,1.4540943,0.54409426,-0.22590576,2.9140942,1.3140942,4.294094
-3.4559057,-4.685906,-4.8559055,-3.2059057,-3.0759058,-3.9859056,-3.9259057,-4.8159056,-4.4859056,-5.6759057,-5.0659056,-7.055906,-6.055906,-6.8559055,-6.395906,-6.2359056,-6.145906,-7.185906,-5.645906,-8.635906,-6.895906,-6.865906,-5.7159057,-5.8159056,-4.805906,-3.2359056,-4.875906,-4.7359056,-6.475906,-4.415906,-5.975906,-1.9659058,-2.3359058,-1.4759058,-0.6559058,3.2640944,7.694094,4.524094,5.504094,5.4540944,3.5740943
-3.8259058,-4.365906,-4.285906,-5.5259056,-4.6759057,-5.5059056,-4.7359056,-5.115906,-6.515906,-6.265906,-6.5859056,-6.345906,-6.805906,-4.7759056,-7.4859056,-5.305906,-5.5459056,-5.145906,-5.455906,-6.6759057,-8.405906,-5.6059055,-4.875906,-5.6059055,-5.685906,-4.205906,-3.2259057,-4.5459056,-2.1359057,-2.6259058,-2.0159059,-1.7659057,1.8240943,1.8240943,3.9140942,2.2840943,0.18409424,-1.0759058,-0.87590575,0.5840942,-0.15590577
-3.5059059,-4.975906,-3.5059059,-3.4659057,-5.055906,-6.165906,-4.415906,-6.205906,-6.575906,-8.115906,-7.895906,-6.645906,-6.5659056,-5.1759057,-6.665906,-5.245906,-6.035906,-5.1759057,-6.055906,-6.595906,-7.0459056,-6.1559057,-5.595906,-5.745906,-5.7759056,-6.2159057,-4.765906,-4.2759056,-3.5059059,-3.2659059,-1.0059057,0.14409424,1.5840943,2.0940943,1.7740942,1.6240942,0.6440942,-0.6059058,-2.6559057,-1.0359057,0.35409424
-4.725906,-2.9359057,-3.0759058,-2.7859058,-1.6559057,-3.4659057,-5.1959057,-5.6359057,-6.5859056,-6.915906,-6.015906,-5.5459056,-4.2559056,-6.9059057,-5.4259057,-4.845906,-5.725906,-4.9659057,-6.5059056,-6.865906,-6.305906,-5.705906,-6.1059055,-5.3359056,-4.4459057,-3.6559057,-4.495906,-3.5359058,-2.9159057,-2.3659058,-2.1359057,-1.0359057,-0.6059058,-0.005905762,-1.1759057,-2.4359057,-1.3259058,-1.6159058,-0.35590577,-0.105905764,-0.9659058
-3.6959057,-3.5959058,-3.8259058,-3.6659057,-3.9559057,-4.475906,-5.285906,-6.395906,-5.535906,-5.705906,-7.495906,-4.375906,-4.325906,-5.0259056,-4.185906,-4.375906,-4.785906,-4.1059055,-5.745906,-4.5459056,-5.2959056,-4.5659056,-5.285906,-4.2759056,-3.8859057,-3.5959058,-3.1459057,-3.3059058,-3.1659057,-3.0459058,-2.2459059,-2.1659057,-1.2359058,-1.8559058,-2.0859058,-3.8059058,-4.095906,-2.0159059,-0.8459058,-0.055905763,-0.6059058
-2.6859057,-2.7259057,-2.3359058,-3.9259057,-2.6159058,-2.7959058,-3.9159057,-5.6959057,-6.745906,-3.4759057,-1.9859058,-3.1859057,-2.0659058,-3.8959057,-3.3659058,-3.4059057,-3.0159059,-3.6959057,-2.9659057,-3.2659059,-3.4459057,-2.7059057,-1.9459058,-3.0959058,-2.6559057,-2.8159058,-2.5259058,-3.1459057,-3.3059058,-2.9759057,-2.6659057,-2.5359058,-1.9259057,-2.3359058,-2.1759057,-3.1659057,-2.4459057,-2.0959058,-3.7159057,-2.4159057,-1.7359058
-3.2959058,-3.0659058,-2.5759058,-4.015906,-3.7159057,-3.7659059,-2.6959057,-3.9959059,-1.4159057,-2.5459058,-2.1059058,-2.1759057,-0.63590574,-1.1759057,-1.4259057,-2.0959058,-2.5859058,-2.3559058,-2.9859056,-2.1459057,-1.9959058,-2.5259058,-2.1659057,-2.8059058,-2.4259057,-2.4559057,-2.6559057,-2.1159058,-2.3859057,-2.1659057,-2.1359057,-2.1559057,-2.4859056,-2.5659058,-1.8659058,-2.4859056,-1.8859057,-1.9559058,-2.1359057,-0.75590575,-0.055905763
-2.8759058,-3.2559059,-2.8159058,-3.9059057,-3.4459057,-3.4559057,-1.7359058,-2.8859057,-2.4059057,-2.0359058,-1.7059058,-0.98590577,-0.5859058,0.50409424,0.024094239,-0.57590574,-0.8459058,-0.47590578,-0.51590574,-0.6659058,-1.0459057,-1.4859058,-1.5359057,-1.5859058,-1.1059058,-0.89590573,-0.64590573,-0.63590574,-1.2459058,-0.8559058,-0.88590574,-1.2959057,-1.4459058,-1.5559058,-1.8759058,-1.9759058,-1.9459058,-1.9659058,-1.1159058,-0.98590577,-0.5259058
