wind.json
{"header": {"discipline":0,"disciplineName":"Meteorological products","gribEdition":2,"gribLength":1039,"center":7,"centerName":"US National Weather Service - NCEP(WMC)","subcenter":0,"refTime":"2023-05-29T18:00:00.000Z","significanceOfRT":1,"significanceOfRTName":"Start of forecast","productStatus":0,"productStatusName":"Operational products","productType":1,"productTypeName":"Forecast products","productDefinitionTemplate":0,"productDefinitionTemplateName":"Analysis/forecast at horizontal level/layer at a point in time","parameterCategory":0,"parameterCategoryName":"UnknownDiscipline_0_Category_0","parameterNumber":0,"parameterNumberName":"UnknownParameter_D0_C0_0","parameterUnit":"Unknown","genProcessType":2,"genProcessTypeName":"Forecast","forecastTime":120,"surface1Type":1,"surface1TypeName":"Ground or water surface","surface1Value":0.0,"surface2Type":255,"surface2TypeName":"Missing","surface2Value":0.0,"gridDefinitionTemplate":0,"gridDefinitionTemplateName":"Latitude_Longitude","numberPoints":688,"shape":6,"shapeName":"Earth spherical with radius of 6,371,229.0 m","gridUnits":"degrees","resolution":48,"winds":"true","scanMode":64,"nx":43,"ny":16,"basicAngle":0,"lo1":45.0,"la1":40.0,"lo2":87.0,"la2":55.0,"dx":1.0,"dy":1.0}, "data":
[rows 0 to 15 of 16, columns 0 to 42 of 43]
281.2853,279.4853,294.7853,296.6853,296.6853,293.2853,292.6853,291.8853,298.7853,300.4853,304.2853,302.2853,307.1853,305.4853,303.3853,302.2853,302.3853,300.8853,299.4853,298.5853,298.2853,296.5853,294.0853,295.6853,295.9853,290.6853,290.4853,284.5853,278.8853,275.5853,277.7853,287.1853,289.1853,293.5853,293.4853,296.4853,298.4853,299.1853,299.7853,296.7853,295.5853,295.9853,294.5853
287.8853,295.5853,295.1853,286.6853,288.2853,291.2853,291.2853,291.0853,295.1853,301.8853,302.8853,305.6853,305.4853,304.6853,302.5853,301.5853,301.0853,298.0853,300.4853,299.1853,298.4853,297.5853,300.7853,296.7853,295.1853,287.8853,295.8853,294.5853,289.2853,275.1853,275.2853,274.5853,274.8853,273.9853,286.9853,293.5853,294.7853,296.8853,297.8853,297.7853,295.5853,296.1853,294.8853
287.9853,283.6853,276.4853,287.3853,291.1853,291.4853,291.0853,290.8853,301.6853,304.0853,303.2853,303.6853,303.5853,301.3853,300.6853,300.0853,298.7853,299.3853,298.6853,300.4853,297.4853,299.1853,302.4853,295.4853,293.2853,285.7853,273.6853,274.7853,283.9853,275.2853,279.4853,274.3853,278.6853,267.2853,277.1853,252.0853,269.8853,290.7853,290.0853,294.0853,295.6853,288.5853,282.8853
287.1853,288.4853,289.7853,291.7853,290.9853,290.9853,290.4853,299.7853,301.7853,302.3853,302.6853,301.2853,300.1853,299.2853,296.7853,298.0853,299.3853,301.2853,298.2853,298.7853,296.5853,296.1853,301.0853,297.0853,295.6853,288.7853,285.7853,288.3853,287.3853,288.3853,289.7853,279.8853,271.4853,272.0853,278.8853,281.0853,279.3853,282.6853,274.6853,277.3853,280.5853,275.7853,270.0853
293.1853,295.8853,290.8853,293.0853,291.5853,291.0853,293.4853,300.4853,301.1853,301.9853,302.8853,301.6853,299.8853,298.0853,291.3853,291.5853,298.8853,301.0853,299.6853,298.0853,298.4853,299.4853,295.4853,290.7853,296.0853,296.7853,296.0853,295.1853,294.8853,292.0853,290.5853,288.2853,290.5853,291.6853,295.7853,290.9853,289.6853,285.1853,274.0853,270.0853,279.1853,287.2853,290.6853
293.2853,296.6853,295.6853,294.7853,294.1853,294.5853,295.7853,298.3853,299.7853,302.3853,302.5853,301.9853,300.3853,298.6853,292.4853,292.0853,289.7853,299.6853,300.0853,298.5853,296.5853,298.8853,298.1853,298.7853,297.4853,296.9853,295.3853,295.9853,293.3853,293.3853,293.1853,293.4853,296.0853,289.2853,279.3853,269.4853,280.5853,290.7853,292.8853,295.7853,295.6853,295.3853,295.4853
293.9853,298.3853,297.7853,294.5853,295.2853,294.8853,294.4853,294.6853,299.0853,303.2853,302.2853,302.2853,301.7853,300.7853,292.5853,291.6853,295.3853,298.8853,301.5853,298.8853,299.8853,299.2853,297.1853,296.2853,296.6853,295.4853,294.7853,293.0853,294.0853,289.9853,296.6853,297.1853,293.7853,295.4853,294.2853,289.2853,288.3853,291.4853,283.3853,285.6853,293.6853,293.0853,295.0853
296.6853,297.3853,297.2853,297.9853,301.2853,300.0853,297.6853,298.5853,299.8853,299.8853,300.6853,302.2853,301.7853,299.1853,300.8853,300.2853,300.2853,301.7853,299.8853,300.1853,298.8853,296.8853,295.3853,295.9853,295.7853,295.6853,293.3853,291.5853,290.8853,294.8853,292.9853,295.3853,295.0853,294.9853,293.5853,293.0853,291.5853,290.2853,285.7853,281.2853,278.9853,276.6853,290.9853
293.0853,295.4853,296.2853,297.0853,300.6853,299.8853,300.0853,299.5853,298.3853,297.4853,295.4853,297.7853,298.1853,297.1853,298.5853,298.8853,299.9853,299.6853,300.0853,301.0853,297.5853,294.7853,293.8853,294.2853,294.3853,293.9853,292.1853,286.6853,290.5853,291.3853,289.8853,291.4853,289.6853,290.1853,289.5853,285.2853,285.0853,286.5853,288.9853,285.3853,289.6853,291.7853,287.9853
289.2853,295.7853,291.5853,293.7853,295.6853,294.6853,295.1853,293.6853,293.6853,294.9853,295.1853,295.0853,294.4853,295.4853,293.2853,296.6853,297.3853,299.6853,295.1853,295.1853,295.6853,295.0853,292.7853,292.0853,293.1853,292.1853,290.3853,290.2853,287.5853,287.8853,283.9853,285.9853,287.7853,287.3853,285.6853,290.0853,286.7853,285.6853,287.2853,287.3853,274.9853,278.7853,275.8853
291.3853,290.9853,287.2853,291.4853,292.8853,294.9853,291.0853,287.4853,291.2853,293.2853,294.1853,293.9853,293.1853,293.5853,294.9853,292.6853,295.5853,296.4853,299.1853,296.5853,295.2853,295.0853,293.6853,293.5853,293.4853,291.9853,292.0853,290.8853,290.1853,289.7853,288.4853,288.0853,288.4853,290.0853,290.8853,290.4853,287.3853,286.7853,287.1853,284.0853,279.1853,277.1853,278.2853
290.0853,289.6853,288.2853,288.1853,292.8853,289.4853,290.4853,289.7853,290.1853,291.8853,293.5853,291.4853,290.5853,290.5853,294.0853,293.5853,295.3853,296.7853,298.3853,295.2853,295.9853,295.8853,294.9853,293.6853,294.5853,293.8853,291.5853,291.4853,288.3853,289.9853,290.0853,290.4853,292.7853,292.1853,291.1853,291.2853,288.6853,285.0853,284.7853,280.9853,280.5853,281.2853,279.8853
287.9853,289.7853,290.3853,289.5853,289.9853,292.0853,290.3853,289.2853,287.8853,289.5853,290.5853,289.3853,287.0853,288.0853,291.4853,291.7853,293.6853,294.3853,294.6853,297.0853,294.0853,296.2853,294.8853,293.5853,292.7853,292.3853,292.0853,292.2853,291.2853,291.7853,291.9853,294.6853,292.5853,292.1853,292.4853,289.9853,290.1853,289.3853,289.2853,286.8853,286.5853,286.0853,284.7853
282.5853,284.1853,288.5853,289.0853,286.7853,290.4853,291.8853,291.6853,288.4853,288.7853,289.0853,288.8853,286.4853,284.7853,289.0853,289.2853,292.2853,293.3853,293.4853,294.1853,294.5853,296.4853,294.5853,293.1853,291.8853,292.3853,293.8853,294.0853,294.9853,294.0853,292.2853,294.2853,294.7853,294.6853,293.1853,292.0853,291.4853,290.9853,288.8853,290.1853,288.2853,287.8853,287.2853
281.5853,281.3853,281.5853,283.9853,286.0853,288.3853,287.1853,290.4853,289.7853,290.5853,289.6853,286.6853,286.2853,284.3853,285.2853,288.2853,290.7853,292.0853,293.5853,293.3853,294.1853,294.8853,294.7853,294.1853,295.4853,295.0853,295.6853,295.3853,294.6853,295.0853,294.3853,293.3853,294.0853,292.9853,292.8853,291.6853,291.3853,289.3853,289.6853,289.6853,287.9853,289.4853,287.5853
281.0853,281.8853,280.9853,283.0853,284.8853,287.9853,289.6853,287.3853,289.6853,287.6853,290.6853,290.7853,288.8853,284.6853,285.1853,286.1853,287.7853,289.2853,290.2853,291.7853,292.8853,294.1853,293.5853,294.0853,294.0853,293.5853,293.5853,293.9853,293.6853,293.4853,293.7853,292.8853,292.3853,288.3853,290.8853,290.5853,290.5853,291.8853,290.2853,288.7853,289.2853,288.4853,287.9853
