wind_kz.json
{"header": {"discipline":0,"disciplineName":"Meteorological products","gribEdition":2,"gribLength":1025,"center":7,"centerName":"US National Weather Service - NCEP(WMC)","subcenter":0,"refTime":"2023-09-08T00:00:00.000Z","significanceOfRT":1,"significanceOfRTName":"Start of forecast","productStatus":0,"productStatusName":"Operational products","productType":1,"productTypeName":"Forecast products","productDefinitionTemplate":0,"productDefinitionTemplateName":"Analysis/forecast at horizontal level/layer at a point in time","parameterCategory":2,"parameterCategoryName":"UnknownDiscipline_0_Category_2","parameterNumber":3,"parameterNumberName":"UnknownParameter_D0_C2_3","parameterUnit":"Unknown","genProcessType":2,"genProcessTypeName":"Forecast","forecastTime":120,"surface1Type":103,"surface1TypeName":"Specified height level above ground","surface1Value":10.0,"surface2Type":255,"surface2TypeName":"Missing","surface2Value":0.0,"gridDefinitionTemplate":0,"gridDefinitionTemplateName":"Latitude_Longitude","numberPoints":615,"shape":6,"shapeName":"Earth spherical with radius of 6,371,229.0 m","gridUnits":"degrees","resolution":48,"winds":"true","scanMode":64,"nx":41,"ny":15,"basicAngle":0,"lo1":47.0,"la1":41.0,"lo2":87.0,"la2":55.0,"dx":1.0,"dy":1.0}, "data":
[rows 0 to 14 of 15, columns 0 to 40 of 41]
0.6854932,-0.32450685,-0.74450684,-4.144507,-6.104507,-6.934507,-5.8845067,-2.6045067,-4.774507,-2.6145067,-1.6145068,-0.42450684,-0.8145068,-1.4945068,-3.0745068,-3.5945067,-3.8545067,-3.4745069,-4.244507,-2.5845068,-1.9945068,-3.8145068,-1.3445069,0.105493166,-1.7245069,-0.37450683,-0.9445068,1.5954932,1.7254932,0.31549317,-1.8145069,-3.5245068,1.6754931,-1.8145069,-1.3945068,2.4054933,1.5054932,0.65549314,-0.54450685,0.06549317,1.7954931
4.3454933,0.88549316,-2.154507,-4.2345066,-4.164507,-6.2145066,-3.404507,-2.914507,-2.394507,-4.3245068,-1.2845068,-1.9845068,-2.5145068,-2.7745068,-4.184507,-3.2545068,-1.7645068,-2.904507,-3.904507,-3.9945068,-4.2145066,-4.224507,-1.4645069,1.3854932,0.63549316,0.88549316,-1.6945069,2.4054933,0.83549315,2.6554933,3.9154932,3.595493,0.47549316,0.09549317,0.35549316,-2.2545068,-1.5545068,-4.024507,-0.71450686,-1.9645069,1.2254932
1.1454931,0.7954932,-0.90450686,-2.0845068,-4.044507,-4.584507,-1.6345068,-0.79450685,-1.2145069,-1.2045069,-2.1045067,-1.2745068,-2.1045067,-2.1045067,-2.0045068,-3.3245068,-2.5845068,-2.4745069,-2.7245069,-3.5845068,-4.2345066,-1.6545068,-5.584507,-1.5645069,-0.55450684,0.33549318,0.14549316,-0.08450684,0.13549316,0.36549318,4.485493,1.9254931,1.5354931,-0.5845068,-0.46450683,1.6254932,0.77549314,-0.14450684,-0.60450685,-0.19450684,0.7454932
1.5254931,0.075493164,-1.9845068,-1.3845068,-1.2945068,-1.7645068,-2.634507,-2.2645068,1.2554932,1.3654932,1.1654931,0.76549315,-1.4645069,-0.67450684,-0.5645068,-2.394507,-2.8545067,-3.4645069,-2.9545069,-3.3645067,-3.5445068,-1.5745069,1.3754932,-0.84450686,-1.2845068,-1.6245068,-2.7245069,-3.0345068,0.44549316,-0.72450686,-2.694507,-1.9745069,1.1954932,0.46549317,-1.4645069,-1.7345068,0.20549317,3.2254932,0.24549316,-0.47450683,3.575493
1.1554931,-0.97450686,-2.414507,-1.6645068,-1.3145069,0.09549317,-1.1345068,-1.1745068,-1.6645068,1.4854932,2.2954931,1.6254932,3.4254932,3.365493,1.2954931,-0.21450683,-2.0145068,-2.8145068,-2.8245068,-2.0345068,-2.7245069,-2.3645067,-1.4345069,-1.7445068,-1.4045068,-1.1245068,-0.62450683,-1.7145069,-1.6545068,-0.0045068357,-0.8245068,0.21549316,2.305493,3.5454931,-0.72450686,-0.22450684,-2.184507,0.29549316,-0.8145068,-1.6545068,-3.154507
-1.0745069,-0.90450686,-1.8845068,0.51549315,0.14549316,1.3054931,1.4654932,0.96549314,-0.19450684,-1.1245068,2.4854932,1.2154932,-1.3045068,2.595493,0.78549314,1.2954931,1.1454931,-1.1045069,-1.9545069,-2.5445068,-1.7745068,-1.6945069,-2.8245068,-1.0045068,-0.27450684,-0.22450684,-0.8145068,-1.3245069,0.19549316,0.35549316,0.17549317,2.7654932,1.9154931,0.37549317,1.2854931,-1.6645068,0.5454932,0.24549316,-1.3645068,0.71549314,-3.0845068
-2.444507,-2.7345068,-2.6145067,-3.384507,-2.0745068,-0.90450686,0.6054932,2.1454933,2.5454931,1.5554931,2.4454932,2.075493,1.1454931,0.62549317,0.09549317,-0.91450685,0.96549314,0.94549316,-0.73450685,0.7454932,-0.19450684,-1.9445069,-1.6945069,-1.6445068,-1.0545068,-0.46450683,0.69549316,0.025493164,0.15549317,-0.5645068,-0.42450684,-0.45450684,2.9854932,2.2254932,-0.14450684,-1.3245069,-1.9245068,1.1554931,-0.62450683,0.7454932,-4.024507
-2.1145067,-1.7545068,-1.6545068,-1.2345068,-1.3445069,-2.2245069,-0.6945068,-4.854507,-2.5745068,0.70549315,2.4554932,3.6554933,1.3954931,1.7354932,-0.22450684,-1.5845069,-1.2845068,-0.53450686,-0.13450684,1.4754932,0.15549317,0.20549317,-0.054506835,-0.33450684,0.21549316,2.2554932,2.5154932,1.2454932,1.0654931,1.0554931,1.0054932,1.4554932,-0.5145068,2.7054932,4.205493,2.365493,1.1554931,0.46549317,0.025493164,-0.08450684,-0.20450683
-2.8645067,-2.8245068,-2.7045069,-2.7945068,-0.32450685,-1.0145068,-0.6445068,-2.0645068,0.6154932,0.48549315,-0.8245068,1.4754932,1.0354931,0.9254932,-0.59450686,0.025493164,0.6654932,-0.19450684,1.7554932,1.2854931,0.77549314,1.1154932,0.42549315,1.2954931,2.6754932,2.825493,2.9154932,3.4354932,3.4854932,2.815493,3.855493,3.9954932,3.9854932,4.485493,3.4454932,3.4554932,-0.79450685,2.5154932,1.9854932,0.69549316,-0.17450684
-2.2645068,-2.7945068,-2.424507,-2.0645068,-2.8145068,-2.444507,-0.5245068,-0.49450684,-0.13450684,0.8654932,0.9254932,0.14549316,-0.13450684,-0.16450684,0.62549317,-1.2745068,-0.60450685,-0.22450684,0.075493164,-0.074506834,0.38549316,0.58549315,0.47549316,1.4454932,1.9954932,2.9454932,3.605493,3.375493,3.4854932,3.9054933,3.7754931,5.5954933,7.2654934,6.0554934,4.775493,3.0254931,1.8754932,0.63549316,4.0954933,4.0954933,3.2554932
-2.874507,-3.0745068,-3.644507,-3.3145068,-3.5645068,-3.4645069,-3.0145068,-1.9045068,-0.72450686,-1.0045068,-0.43450683,1.5254931,1.6454931,0.8554932,-0.98450685,-1.1345068,-1.8445069,-1.7245069,-1.7045069,-0.8845068,-0.34450683,0.055493165,-0.064506836,0.46549317,1.2854931,2.125493,2.5454931,3.085493,3.9854932,3.7654932,3.4354932,4.105493,4.985493,5.8854933,7.205493,6.8454933,5.145493,3.9354932,4.685493,2.1854932,0.96549314
-2.374507,-2.674507,-2.654507,-3.384507,-2.5645068,-3.0045068,-3.0745068,-2.904507,-3.174507,-1.9145068,-0.7645068,-0.90450686,-0.90450686,-1.4845068,-1.8345069,-1.1945069,-0.7545068,-0.96450686,-0.45450684,-1.2545068,-1.0045068,-1.0445068,-0.7745068,-0.31450683,0.32549316,1.1854931,2.4554932,2.315493,3.0354931,3.3854933,4.235493,5.6154933,5.485493,7.245493,6.045493,5.8054934,7.695493,5.205493,1.7854931,1.4654932,0.83549315
-2.164507,-1.7845068,-2.444507,-1.8345069,-1.8645068,-1.7345068,-1.9745069,-2.694507,-3.2745068,-1.6445068,-0.54450685,-1.0845069,-1.4045068,-1.9545069,-1.6345068,-1.4845068,-1.4245068,-1.2145069,-0.8145068,-1.2245069,-1.6645068,-2.5745068,-2.674507,-3.434507,-3.6145067,-2.624507,-1.4245068,0.65549314,2.8854933,3.125493,4.085493,6.3254933,7.045493,8.555493,8.755493,8.595493,6.645493,5.445493,3.825493,1.2054932,0.6754932
-1.9145068,-2.3445067,-2.9645069,-2.3045068,-2.3345068,-2.1045067,-2.434507,-2.664507,-2.0145068,-1.9845068,-0.41450682,-0.55450684,-0.8945068,-2.0945067,-3.3045068,-2.3545067,-2.2445068,-2.384507,-2.4545069,-2.0745068,-2.0445068,-2.7645068,-4.334507,-4.504507,-4.5745068,-5.104507,-3.5145068,-1.5045068,-1.6945069,-0.74450684,0.23549317,3.845493,6.045493,7.1754932,6.8654933,7.715493,6.185493,4.8454933,5.225493,4.565493,2.375493
-1.0045068,-2.0145068,-3.2245069,-1.8645068,-2.0445068,-1.9145068,-2.144507,-2.0645068,-2.674507,-2.5845068,-1.4945068,-1.0845069,-0.72450686,-1.2845068,-4.124507,-3.5445068,-3.5145068,-3.5045068,-3.0645068,-3.1045067,-3.4845068,-4.414507,-4.834507,-4.8645067,-5.4045067,-4.894507,-4.044507,-4.1945066,-4.2145066,-3.654507,-0.79450685,0.9954932,2.825493,4.1554933,5.165493,5.5554934,4.525493,5.875493,4.465493,3.9254932,1.9454932
