wind.json
{"header": {"discipline":0,"disciplineName":"Meteorological products","gribEdition":2,"gribLength":1211,"center":7,"centerName":"US National Weather Service - NCEP(WMC)","subcenter":0,"refTime":"2023-06-29T12:00:00.000Z","significanceOfRT":1,"significanceOfRTName":"Start of forecast","productStatus":0,"productStatusName":"Operational products","productType":1,"productTypeName":"Forecast products","productDefinitionTemplate":0,"productDefinitionTemplateName":"Analysis/forecast at horizontal level/layer at a point in time","parameterCategory":2,"parameterCategoryName":"UnknownDiscipline_0_Category_2","parameterNumber":3,"parameterNumberName":"UnknownParameter_D0_C2_3","parameterUnit":"Unknown","genProcessType":2,"genProcessTypeName":"Forecast","forecastTime":240,"surface1Type":103,"surface1TypeName":"Specified height level above ground","surface1Value":10.0,"surface2Type":255,"surface2TypeName":"Missing","surface2Value":0.0,"gridDefinitionTemplate":0,"gridDefinitionTemplateName":"Latitude_Longitude","numberPoints":688,"shape":6,"shapeName":"Earth spherical with radius of 6,371,229.0 m","gridUnits":"degrees","resolution":48,"winds":"true","scanMode":64,"nx":43,"ny":16,"basicAngle":0,"lo1":45.0,"la1":40.0,"lo2":87.0,"la2":55.0,"dx":1.0,"dy":1.0}, "data":
[rows 0 to 15 of 16, columns 0 to 42 of 43]
0.74422365,-0.5257764,-1.4957764,0.43422362,5.234224,0.64422363,-2.5557764,-2.4657764,0.31422365,1.5142236,1.2342236,-2.7057765,-3.6857765,-4.745776,-5.185776,-4.8257766,-5.1157765,-2.6157763,-3.0357764,-2.3757763,-0.12577637,-2.3157763,-0.025776368,-6.6457763,0.82422364,-1.8157763,-2.8457763,-3.6257763,1.0142236,-2.5557764,-4.6457763,0.9642236,3.3142235,3.0342236,-0.045776367,-4.435776,-5.4257765,-7.3057766,-6.8557763,-3.6457763,-5.5857763,-1.9357764,-0.7657764
-1.4457763,0.56422365,1.9342237,3.3942237,4.9542236,0.8542236,-1.3157763,-0.44577637,-1.4957764,-2.4457765,-2.6657763,-4.6457763,-5.6357765,-2.9157763,-2.4657764,-2.7457764,-4.4057765,-3.3457763,0.9142236,-0.30577636,-0.45577636,-0.47577637,-1.3557763,-6.1157765,-2.1057763,0.56422365,5.1242237,-3.4757764,1.1742237,1.0042236,1.4942236,-1.8757764,-4.6057763,0.99422365,-0.8457764,-2.8057764,-3.4057763,2.4542236,-3.2857764,-1.0857763,0.76422364,2.4942236,0.56422365
0.32422364,2.5142236,0.68422365,-1.3557763,-1.9757763,0.26422364,-2.2257764,-2.0957763,1.9342237,-1.3657764,-2.4757764,-2.0757763,-5.0057764,-1.4557763,-5.5857763,-6.495776,-4.475776,-4.245776,-2.4357765,0.36422363,-0.16577637,1.0642236,2.9842236,1.2342236,-1.2957764,-6.3457766,-3.8057764,-3.0357764,-4.5757766,0.7242236,-1.1757764,-0.61577636,-1.7657764,-3.0557764,-2.4457765,-2.2257764,-1.9457763,-6.1257763,-2.9357765,-2.5057764,-0.31577638,1.8942237,-0.26577637
-1.7057763,-1.9457763,1.1742237,0.47422364,-1.1257764,-0.05577637,-0.68577635,0.69422364,0.47422364,0.37422362,0.42422363,-2.1157763,-2.3557763,-8.165776,-8.015777,-9.395777,-2.8357763,-1.2857764,-2.0957763,-1.0857763,-1.7857764,3.3742237,-0.67577636,2.1942236,8.424224,2.3942237,2.6842237,4.564224,9.664224,-0.07577637,-4.455776,-1.1957763,-2.9757764,-1.2757764,-0.94577634,1.3842236,1.4142237,0.35422364,0.8442236,-5.975776,-3.2957764,0.20422363,-3.8157763
-0.7857764,-2.7057765,-1.4657763,-0.32577637,-0.7857764,1.6842237,2.3142235,-0.46577635,2.9842236,-0.11577637,0.42422363,-0.62577635,-2.5957763,-3.9857764,-4.6657763,-6.3257766,-11.005776,-1.6057763,-1.3857764,-1.6357764,2.0942237,5.964224,5.0542235,-4.225776,-10.605777,8.894223,7.814224,-2.2057765,0.7742236,-1.5357764,6.4742236,-5.4657764,-3.7557764,2.6142237,0.5942236,0.94422364,3.2742236,2.1642237,0.25422364,1.9442236,0.6642236,2.1942236,-3.1857765
1.6742237,-0.68577635,0.0042236326,0.10422363,0.35422364,-3.9757764,-7.6757765,-2.0657763,-2.4557765,3.1042237,-2.1157763,-1.8757764,-3.7157764,-0.22577637,-3.3357763,-5.1357765,-7.185776,-4.6357765,-4.2357764,-10.6757765,8.894223,-2.6257763,-0.8457764,-2.5757763,-1.8057764,-0.08577637,-0.32577637,-2.4257765,-6.0257764,-9.685777,-6.2957764,-6.7757764,-7.7157764,-6.3957763,0.35422364,0.34422362,0.92422366,-0.47577637,5.4242234,10.284224,3.8242235,1.0242237,-3.5957763
-1.1657764,7.4042234,6.1442237,3.0742235,-1.2457764,-2.0157764,-3.3057764,-4.2557764,0.25422364,-0.12577637,-2.1957765,-1.9357764,0.69422364,4.3642235,3.1742237,-1.8057764,-6.955776,-6.6757765,-3.1157763,-6.9457765,1.0442237,1.1442237,0.20422363,-2.3057764,-1.9257764,-0.8957764,0.76422364,0.7842236,-1.2657764,-4.6257763,-5.8857765,-4.5257764,-6.1257763,-5.1457763,-3.1857765,-4.0757766,-0.99577636,-0.28577638,-0.13577637,5.5142236,7.1942234,0.68422365,1.0542237
5.2442236,2.3742237,2.3542237,7.3042235,4.464224,3.8842237,4.4742236,3.4042237,1.7542236,0.16422363,-0.93577635,-2.0857763,-1.1057763,-2.2957764,-3.8357763,-1.5657763,0.6042236,-1.8957764,-1.0757763,-0.045776367,-2.0557764,-1.3657764,-2.1357763,-3.4157763,-2.3257763,-2.3457763,-2.6557763,-1.8657764,-3.2957764,-3.1757765,-3.4557765,-4.725776,-4.745776,-4.4857764,-7.1957765,-4.5457764,-4.1157765,4.8942237,-1.3457763,-2.9857764,-2.6357763,-0.85577637,-6.6057763
-2.2857764,2.2642236,4.1842237,2.5742235,0.48422363,-1.0457764,0.28422365,1.2542236,1.1742237,-3.3957763,-2.1357763,-3.5157764,-0.62577635,-0.7657764,-1.9457763,-5.455776,-2.9457765,-0.21577637,-1.5457764,-5.285776,-2.4457765,-0.69577634,-3.3957763,-3.6957765,-3.2757764,-0.9057764,-1.0957763,-0.7257764,-3.1657763,-2.6357763,-2.5357764,-5.1457763,-6.3457766,-6.5957766,-5.5857763,-7.5857763,-7.2557764,-4.6057763,-3.0957763,0.9642236,2.0042236,0.25422364,-0.08577637
-3.3957763,-1.3657764,-2.2457764,0.50422364,-3.8657763,-0.38577637,1.5642236,0.99422365,-0.67577636,0.51422364,-3.1257763,-3.4657764,-1.8957764,-1.5557764,-1.4657763,-3.6157763,-1.1857764,-2.4057763,-5.4157763,-1.0257764,-3.4757764,-1.4457763,-1.5057764,-1.7257763,-3.6657763,-4.8957763,-4.475776,-3.2157764,-3.4957764,-5.3557763,-4.1457763,-4.3757763,-6.4157763,-5.6357765,-6.9057765,-7.3057766,-7.9457765,-2.9857764,-5.6357765,-6.2557764,-1.9357764,-1.8957764,-0.87577635
-3.1057763,1.2742237,3.0642235,-3.5257764,-1.0657763,-1.9657763,-0.42577636,6.0142236,-0.7757764,-1.2557764,-1.6157764,-2.3757763,-3.7757764,-4.8657765,-4.245776,-3.9257765,-3.1757765,-3.2957764,-2.4757764,-2.1057763,-2.0157764,-1.5357764,-1.9657763,-2.7057765,-2.6857765,-3.3557763,-3.9057763,-3.9957764,-5.5557766,-4.4857764,-4.015776,-5.745776,-6.5657763,-7.3457766,-7.3457766,-8.355777,-9.555777,-5.6657763,-0.27577636,1.0742236,-2.1257763,-1.7957764,-1.1357764
-3.7457764,-2.7157764,-1.5357764,2.5942237,1.3042237,-3.0057764,-2.3557763,1.8242236,-0.67577636,-1.6857764,0.26422364,-1.7657764,-0.7157764,-2.2757764,-2.6557763,-2.2457764,-2.5857763,-3.2357764,-3.4257765,-2.6657763,-2.1157763,-3.2357764,-3.9957764,-3.6557763,-3.1657763,-4.3657765,-4.1457763,-4.2557764,-2.9257765,-4.5657763,-5.4857764,-5.5557766,-6.1557765,-6.8557763,-6.995776,-6.4057765,-6.1557765,-7.535776,-4.0457764,-2.1857765,-3.6657763,-3.1857765,-2.7157764
1.2942237,-0.81577635,-3.4857764,0.5442236,2.2742236,-1.5557764,-1.9757763,-1.2457764,-0.5857764,0.89422363,-0.22577637,-0.63577634,-2.1357763,-1.7457764,-1.5357764,-2.1457763,-2.8557763,-1.6357764,-2.2957764,-3.6457763,-3.5257764,-3.6357763,-3.6457763,-1.7257763,-3.3857763,-3.7457764,-3.3657763,-3.5657763,-5.8957763,-5.4157763,-5.5057764,-6.975776,-5.6357765,-5.3157763,-5.1957765,-3.8957763,-4.8157763,-4.4157763,-4.935776,-3.4457765,-1.6857764,-3.0957763,-1.6357764
3.2042236,-6.2957764,2.3542237,2.7142236,4.004224,0.45422363,-0.7157764,-0.47577637,-0.57577634,0.21422364,1.1242236,0.47422364,-0.47577637,0.26422364,-0.7657764,-0.06577637,-1.1057763,-2.8457763,-1.1457764,-0.47577637,-1.3657764,-2.0257764,-2.2457764,-3.3957763,-4.2357764,-4.245776,-4.9857764,-4.6657763,-5.8157763,-5.435776,-6.2157764,-5.9457765,-5.4657764,-6.1157765,-4.1557765,-4.7557764,-4.0957766,-2.9257765,-5.2357764,-0.36577636,-0.6657764,-2.7057765,-3.2957764
-2.2757764,-4.1557765,0.94422364,-2.1357763,1.4342237,1.2642236,0.29422364,1.9942236,1.5942236,0.03422363,-1.8057764,-1.5957763,-1.6257764,0.95422363,4.1042237,3.2342236,1.0742236,0.25422364,2.0442235,-0.82577634,-2.2157764,-1.0757763,-2.7857764,-2.7457764,-3.5457764,-2.3757763,-2.5457764,-3.4357765,-3.8957763,-3.6457763,-3.4857764,-3.6457763,-4.245776,-6.0857763,-5.935776,-6.6457763,-3.3157763,-1.7757764,-2.2957764,-3.5457764,-3.9157763,-1.6557764,-1.7357764
-1.9257764,-3.1857765,-2.4957764,-2.0157764,-0.25577638,-1.6057763,2.3442237,3.7542236,3.9442236,1.5742236,2.2642236,-1.7857764,1.0642236,-1.9457763,-2.4157763,1.9142237,0.03422363,-1.7757764,-0.37577638,-0.7157764,-1.0257764,-0.45577636,-1.0757763,-2.0157764,-2.7557764,-3.9657764,-4.2557764,-5.455776,-2.6457763,-5.6457763,-4.3957763,-3.9457765,-2.3357763,-1.4557763,-3.4757764,-6.8457766,-6.3357763,-4.3557763,-2.6757765,-7.0857763,-3.3057764,-3.6357763,-2.1857765
