wind_kz.json
{"header": {"discipline":0,"disciplineName":"Meteorological products","gribEdition":2,"gribLength":1102,"center":7,"centerName":"US National Weather Service - NCEP(WMC)","subcenter":0,"refTime":"2024-04-09T12:00:00.000Z","significanceOfRT":1,"significanceOfRTName":"Start of forecast","productStatus":0,"productStatusName":"Operational products","productType":1,"productTypeName":"Forecast products","productDefinitionTemplate":0,"productDefinitionTemplateName":"Analysis/forecast at horizontal level/layer at a point in time","parameterCategory":2,"parameterCategoryName":"UnknownDiscipline_0_Category_2","parameterNumber":2,"parameterNumberName":"UnknownParameter_D0_C2_2","parameterUnit":"Unknown","genProcessType":2,"genProcessTypeName":"Forecast","forecastTime":0,"surface1Type":103,"surface1TypeName":"Specified height level above ground","surface1Value":10.0,"surface2Type":255,"surface2TypeName":"Missing","surface2Value":0.0,"gridDefinitionTemplate":0,"gridDefinitionTemplateName":"Latitude_Longitude","numberPoints":615,"shape":6,"shapeName":"Earth spherical with radius of 6,371,229.0 m","gridUnits":"degrees","resolution":48,"winds":"true","scanMode":64,"nx":41,"ny":15,"basicAngle":0,"lo1":47.0,"la1":41.0,"lo2":87.0,"la2":55.0,"dx":1.0,"dy":1.0}, "data":
[rows 0 to 14 of 15, columns 0 to 40 of 41]
2.6017084,1.5517083,0.19170837,-6.5282917,-3.2882917,0.40170836,3.0417085,-6.1882915,-5.0882916,-2.9182916,-3.8182917,-3.2582917,-2.1882915,-0.9482916,-1.2482916,-0.7582916,-0.44829163,0.30170837,-1.8182917,-1.6982917,-0.7382916,-1.5282916,0.31170836,0.96170837,5.2417083,4.071708,-0.12829162,3.4317083,2.5017083,3.0317085,2.5217085,1.7517084,-0.5082916,-0.8182916,2.5917084,-0.5682916,2.3017085,2.7917085,3.3617084,3.7417083,3.7817085
1.5717083,-2.9182916,-7.9682918,-6.428292,-1.5182916,2.1917083,-4.1882915,-2.6482916,-3.5082917,-2.8082917,-3.0182917,-1.7082916,-0.8182916,-0.84829164,-0.58829165,0.38170838,1.2717084,-0.08829162,-0.78829163,-0.37829164,0.12170837,0.6117084,1.7417084,0.21170837,0.9417084,1.1017084,0.6317084,2.6217084,8.041708,2.9317083,1.6717083,1.7917084,-2.3682916,-0.40829164,0.5017084,3.3117085,2.0717084,5.2917085,5.0017085,2.6317084,6.7717085
-4.638292,-4.8482914,-6.928292,-4.618292,-3.4682915,-2.0882916,-2.5782917,-2.0082917,-1.2282916,-0.9882916,-0.6382916,-0.58829165,-1.1982917,-0.5682916,-0.33829162,0.49170837,1.5317084,2.5017083,2.2117083,2.1817083,2.0117083,3.0417085,3.5817084,5.2417083,1.7517084,3.0817084,3.4317083,0.97170836,-2.1782916,1.3817084,-0.6082916,-0.82829165,-0.84829164,2.5817084,-1.1382916,-1.6682916,1.2417084,-0.38829163,-0.6982916,-0.8582916,1.7917084
-8.148292,-6.4682918,-5.2482915,-2.9982917,2.4317083,-1.4082916,-0.82829165,1.3717084,1.4117084,1.2017083,1.8917084,2.6017084,-2.1582916,1.9317083,2.2817085,2.6517084,3.0217085,4.551708,5.4117084,5.3317084,4.9217086,5.3317084,1.4617084,4.2117085,6.7817082,7.9117084,6.5017085,4.361708,8.001708,7.8117085,7.0017085,8.971708,9.741709,10.261709,8.781709,4.1917086,0.79170835,2.2717085,-0.5582916,-1.8082917,-3.1382916
-6.388292,-4.5882916,-3.8882916,-2.3782916,-1.4382917,0.8017084,1.3617084,2.9517083,3.4117084,3.5717084,4.1217084,5.1717086,1.7417084,4.2717085,4.4517083,6.1217084,5.0317082,5.1717086,5.6917086,6.5117083,6.5417085,7.9117084,7.6617084,7.841708,8.181708,8.691709,9.031709,9.251708,7.861708,9.041708,8.631708,6.301708,4.4317083,1.5917084,-0.35829163,-3.0482917,8.981709,-1.6982917,2.1017084,0.5817084,-0.3082916
-3.2482917,-1.8082917,-1.7882916,-0.57829165,0.36170837,1.0717083,3.9117084,3.5117083,4.571708,5.4017086,5.9517083,6.4517083,3.2117083,4.821708,4.0117083,6.1717086,6.9117084,6.9117084,7.2317085,6.9117084,7.7817082,8.431708,8.951709,9.171708,8.981709,9.421708,9.731709,4.1417084,7.6917086,8.471708,9.101708,8.541708,7.9217086,5.4017086,2.7817085,1.1017084,3.2017083,6.4617085,14.561709,1.2517084,1.7617084
-1.1082916,-0.5582916,0.5617084,2.2917085,3.1817083,5.111708,5.2917085,6.591708,6.9617085,7.2317085,7.4717083,8.121708,7.9917083,8.151709,7.6217084,7.091708,6.4317083,7.7317085,7.4417086,7.631708,8.381708,8.701709,9.411709,9.751708,8.961708,8.011708,8.311708,7.7217083,7.7817082,8.741709,10.311709,8.851708,8.371708,8.051708,6.4217086,3.4717083,3.3717084,1.9717084,2.8217084,0.98170835,1.8817084
3.4717083,4.3717084,5.2417083,6.0217085,6.5417085,6.7317085,6.9217086,6.841708,7.3717084,7.6717086,8.181708,8.581708,9.131708,9.141708,8.051708,6.1617084,5.7417083,7.6717086,5.4917083,8.041708,9.291708,9.121708,9.331708,8.001708,6.7817082,7.0017085,8.111709,6.8917084,8.011708,8.061708,8.101708,8.891708,7.3317084,5.571708,6.3717084,9.591708,6.1217084,0.27170837,4.9217086,9.391708,-2.8282917
4.9517083,6.0617085,7.0117083,7.571708,7.7217083,7.551708,7.7017083,7.7417083,7.801708,8.281709,8.411709,8.391708,9.411709,7.3917084,8.591708,8.511708,9.121708,7.3317084,6.5317082,7.321708,7.841708,8.571709,9.121708,8.371708,7.2617083,7.1617084,6.571708,6.8717084,6.0417085,8.101708,8.881708,6.821708,7.2617083,5.3917084,6.4017086,5.3117085,-0.058291625,-1.0482917,1.3117083,0.6817084,0.8917084
4.3917084,5.2217083,5.5017085,6.1917086,6.2417083,6.7917085,6.9817085,6.4817085,6.7317085,7.5117083,8.231709,8.211708,7.9417086,8.111709,9.481709,7.7217083,5.8917084,6.0017085,8.331708,7.1717086,8.301708,9.551708,9.181708,8.071709,7.4217086,7.1017084,6.6017084,8.361709,6.7617083,7.3717084,8.481709,8.841708,6.1017084,7.5217085,8.341708,6.091708,-2.3382916,-1.1682916,1.0217084,1.3517084,1.1517084
4.131708,5.1817083,5.7517085,4.0117083,2.1017084,2.0817084,1.5717083,3.7717085,6.1917086,5.591708,4.4717083,6.0817084,2.7717085,5.6817083,6.801708,8.471708,6.611708,7.6417084,5.1817083,6.0317082,8.571709,8.451709,8.351708,8.071709,6.1617084,6.6517086,7.8317084,7.1817083,7.7117085,7.1417084,6.8917084,5.111708,6.111708,7.7917085,9.351708,6.381708,-0.20829162,0.31170836,0.20170838,-0.008291626,1.7917084
4.4617085,3.5517085,3.6217084,3.8417084,4.3317084,3.8217084,4.2717085,5.071708,5.071708,0.9317084,2.5317085,5.2317085,6.7517085,4.8517084,6.2617083,6.4617085,6.2917085,6.9117084,4.0017085,5.6817083,6.6717086,7.0417085,6.7417083,5.841708,5.861708,4.5117083,6.7217083,7.4417086,7.9917083,6.7717085,5.631708,5.2117085,5.2317085,6.111708,5.3117085,8.431708,7.9617085,5.4517083,6.2317085,-0.008291626,-0.18829162
4.2917085,2.9617083,3.1417084,3.4117084,3.5917084,3.4217083,4.0417085,4.3317084,1.2717084,4.5417085,1.6517084,5.3117085,5.861708,4.0417085,4.9817085,4.7017083,4.7717085,4.1617084,4.7317085,3.7017083,5.7317085,6.591708,6.1417084,5.0117083,4.301708,7.4617085,8.031709,4.2917085,3.4317083,4.5617085,5.4617085,5.2717085,6.071708,4.4717083,4.8517084,6.131708,3.4717083,2.9617083,-0.06829163,1.5717083,0.42170838
4.2917085,4.1417084,2.5817084,4.6717086,4.571708,4.7017083,5.1217084,5.0117083,5.4417086,4.7917085,4.1917086,6.1417084,6.2817082,6.841708,4.7517085,3.8317084,1.8417084,3.8617084,4.051708,5.1617084,5.9017086,5.9517083,5.5117083,4.5117083,2.7917085,4.2917085,3.0717084,4.0817084,4.361708,4.2117085,5.7817082,5.3917084,5.1917086,5.111708,2.5717084,3.8717084,2.6917083,1.6017084,1.6117084,2.5117083,3.3117085
4.0117083,5.071708,4.4717083,4.6517086,5.1617084,4.6917086,4.4617085,4.2117085,6.1617084,5.7817082,4.0017085,5.571708,4.9317083,3.4517083,3.6617084,6.4717083,5.5217085,3.1817083,2.9917083,4.1217084,4.051708,3.7517083,1.3417084,1.7917084,2.5717084,1.7417084,1.5917084,2.2017083,3.4117084,3.9917083,4.5817084,3.6117084,3.6917083,4.0217085,4.551708,4.8117085,3.3517084,1.8517084,3.7517083,2.6517084,0.72170836
