wind_kz.json
{"header": {"discipline":0,"disciplineName":"Meteorological products","gribEdition":2,"gribLength":1102,"center":7,"centerName":"US National Weather Service - NCEP(WMC)","subcenter":0,"refTime":"2023-09-20T18:00:00.000Z","significanceOfRT":1,"significanceOfRTName":"Start of forecast","productStatus":0,"productStatusName":"Operational products","productType":1,"productTypeName":"Forecast products","productDefinitionTemplate":0,"productDefinitionTemplateName":"Analysis/forecast at horizontal level/layer at a point in time","parameterCategory":2,"parameterCategoryName":"UnknownDiscipline_0_Category_2","parameterNumber":2,"parameterNumberName":"UnknownParameter_D0_C2_2","parameterUnit":"Unknown","genProcessType":2,"genProcessTypeName":"Forecast","forecastTime":60,"surface1Type":103,"surface1TypeName":"Specified height level above ground","surface1Value":10.0,"surface2Type":255,"surface2TypeName":"Missing","surface2Value":0.0,"gridDefinitionTemplate":0,"gridDefinitionTemplateName":"Latitude_Longitude","numberPoints":615,"shape":6,"shapeName":"Earth spherical with radius of 6,371,229.0 m","gridUnits":"degrees","resolution":48,"winds":"true","scanMode":64,"nx":41,"ny":15,"basicAngle":0,"lo1":47.0,"la1":41.0,"lo2":87.0,"la2":55.0,"dx":1.0,"dy":1.0}, "data":
[rows 0 to 14 of 15, columns 0 to 40 of 41]
-0.37432557,1.1256745,-2.1743255,-5.7343254,-6.6143255,-7.1943254,-6.7843256,-7.6543255,-8.634326,-6.3943257,-5.1343255,-4.8643255,-4.6243258,-4.7443256,-4.3643255,-4.8943257,-5.7043257,-8.004326,-8.574326,-7.8043256,-3.7543256,0.14567444,2.6156745,0.71567446,-2.9343255,-1.6743256,-1.5943255,-0.85432553,0.22567444,1.6756744,2.6056745,1.0956744,-0.71432555,-1.5443256,-3.4343255,-2.3743255,-5.7543254,-2.0343256,3.6956744,6.3256745,6.3856745
0.07567444,-3.0743256,-4.5043254,-7.5243254,-7.2843256,-6.2543254,-6.2843256,-8.214326,-6.7843256,-5.5743256,-3.8143256,-4.4443254,-3.5043256,-3.3943255,-3.0043256,-4.4343257,-5.5943255,-5.7643256,-5.7643256,-5.0743256,-6.0143256,-3.6643255,1.7656745,2.5156744,-0.41432557,-0.9943256,0.43567443,-0.31432557,2.5756745,0.30567443,0.5156744,1.1856744,0.17567444,1.6156745,-0.6843256,0.53567445,1.0856744,6.3256745,8.135674,1.3356744,-0.18432556
-4.5943255,-5.104326,-7.7543254,-8.064325,-7.6943254,-7.1243258,-6.9143257,-5.1743255,-5.834326,-4.3743258,-4.5243254,-3.1543255,-3.3443255,-3.9743257,-4.0043254,-4.1543255,-4.1543255,-4.1143255,-3.9943256,-4.0443254,-1.4943255,-5.854326,-6.2943254,-6.6443257,-1.5343256,-2.7743256,-2.8443255,-1.9043256,0.49567443,0.41567445,1.6056744,1.0556744,1.8556744,3.3256745,2.1456745,0.085674435,0.40567443,-1.0743256,6.4356747,2.9956744,-0.034325562
-7.4143257,-8.774325,-8.344326,-7.1443257,-5.7343254,-5.7343254,-4.6743255,-5.9043255,-5.2643256,-5.5043254,-5.3443255,-6.5143256,-5.334326,-4.5643253,-4.7543254,-4.6143255,-4.0943255,-3.6443255,-3.5343256,-2.8743255,-4.0243254,-5.3943257,-2.3443255,-3.3143256,-3.0043256,-2.2143257,-1.0543256,0.5756744,0.53567445,1.6956744,1.2756745,2.3656745,4.9056745,3.8756745,4.6856747,-0.06432556,2.0656745,1.6456745,1.8056744,6.2156744,4.645674
-9.744326,-9.544326,-7.8743258,-6.1943254,-4.3943257,-4.1343255,-4.0343256,-4.8243256,-4.834326,-3.8743255,-3.9743257,-4.5443254,-3.6143255,-3.3043256,-2.3943255,-2.7043257,-2.1643255,-1.6143255,-1.8943256,-2.2143257,-2.1343255,0.085674435,-0.26432556,-0.6143256,0.6356744,1.2156744,2.6456745,1.7256744,3.3856745,3.0056744,3.3756745,3.6656744,3.6956744,1.8756745,-2.0043256,0.26567444,6.2356744,5.6856747,6.0656743,5.165674,7.9956746
-8.014325,-6.6843257,-6.4543257,-6.3043256,-6.3443255,-6.5243254,-5.3943257,-3.7843256,-3.1643255,-3.0643256,-2.8043256,-2.2243257,-1.8743255,-1.5043255,-0.8643256,-1.4243256,-1.2143255,-1.4543256,-1.2843256,-0.41432557,0.055674437,0.19567443,-0.15432556,1.9656744,3.3656745,3.8356745,3.9456744,2.9856744,6.9456744,6.4456744,6.5056744,6.2556744,6.8556743,7.6056743,6.9256744,1.3156744,7.1556745,8.325674,8.965674,-0.72432554,-4.3243256
-6.0343256,-6.0243254,-5.5343256,-6.0143256,-6.0243254,-5.0643253,-4.9243255,-4.4643254,-3.7643256,-2.9343255,-2.1543255,-0.96432555,-0.89432555,-0.5543256,-0.22432557,0.36567444,0.5156744,1.0956744,1.4056745,1.3756745,0.60567445,0.80567443,1.0356745,1.6156745,3.4656744,4.1756744,5.9456744,5.9456744,5.8456745,5.7056746,8.235675,9.245674,9.085674,7.6956744,7.2356744,5.0456743,5.665674,0.89567447,4.8356743,0.35567445,3.9856744
-5.2243257,-5.2843256,-5.3943257,-5.2243257,-4.9443254,-4.1843257,-3.6143255,-3.2643256,-2.6343255,-1.3943256,-1.3343256,0.18567444,0.0056744386,0.5056744,0.30567443,1.4256744,1.3956745,1.9956745,1.1756744,2.3056746,3.3256745,2.3556745,2.1356745,2.6756744,4.1256742,5.0056744,6.0656743,6.4256744,7.8456745,7.4656744,9.145675,9.475675,8.105675,9.055675,10.055675,11.415674,9.025675,2.6556745,7.5856743,9.395675,7.6256742
-5.1543255,-4.9143257,-4.9143257,-4.9143257,-4.2743254,-3.1543255,-2.7443256,-1.7443255,-1.1143255,-0.28432557,0.06567444,-0.32432556,0.32567444,-0.5443256,-0.25432557,-0.27432555,-0.08432556,0.13567443,0.6956744,0.6956744,2.4256744,2.8656745,2.3656745,2.6756744,3.1256745,3.6056745,3.3956745,5.0856743,6.3256745,5.4356747,7.0056744,6.9256744,9.685675,10.195675,8.465674,6.4556746,7.8256745,4.0256743,3.7756743,1.4256744,1.5456744
-4.1943254,-3.6143255,-3.4943256,-2.9043255,-2.3043256,-1.6943256,-0.70432556,0.42567444,1.3956745,1.4756744,0.8856744,1.0056745,0.91567445,1.0156745,0.24567443,0.12567444,0.25567445,-0.35432556,0.6956744,0.79567444,0.73567444,0.53567445,1.4756744,0.5656744,-1.7243255,-2.0643256,-2.3543255,0.29567444,1.7856745,2.2656744,4.4956746,5.5056744,5.9456744,8.715674,8.925674,8.015675,4.2056746,0.35567445,3.2956743,0.40567443,2.3756745
-3.1043255,-2.9543257,-2.4143255,-1.7143255,-0.31432557,-0.33432555,-0.06432556,0.64567447,0.85567445,0.77567446,1.0756744,1.0456744,1.6456745,1.7956744,1.8756745,1.1556745,1.0256745,0.52567446,0.55567443,0.42567444,0.31567442,0.17567444,-0.37432557,-0.31432557,-0.5543256,-0.6743256,0.71567446,0.84567446,1.8456744,2.9356744,3.7156744,4.2956743,3.6556745,3.7656744,5.0956745,5.8456745,2.1656744,-0.0043255617,3.9956744,-0.6143256,0.71567446
-0.96432555,0.015674438,0.83567446,1.0356745,0.64567447,0.21567445,0.36567444,0.39567444,-0.094325565,-0.64432555,0.35567445,1.0756744,-0.24432556,-1.4243256,-0.60432553,-0.39432555,0.58567446,-1.0343256,-0.6143256,-0.94432557,-0.034325562,0.23567444,0.035674438,0.42567444,0.74567443,1.9956745,3.4656744,4.0456743,4.6756744,4.8156743,3.7956743,3.9656744,3.4256744,3.3856745,3.3456745,4.395674,4.6256742,3.7356744,6.395674,4.0056744,4.3256745
-0.04432556,1.2456745,1.8456744,2.1056745,1.3556744,0.9556744,1.1956744,1.2856745,1.0056745,0.30567443,0.5756744,1.1756744,-0.53432554,-0.50432557,-0.8643256,-0.58432555,-1.1043255,-0.72432554,-1.0943255,-0.65432554,0.15567444,1.5156745,2.7656744,3.2256744,4.2056746,4.2756743,5.645674,6.2056746,5.9556746,5.395674,5.8856745,5.3156743,5.1856747,4.0756745,4.0556746,4.2956743,3.1456745,3.8256745,2.8656745,6.0456743,3.3456745
1.3656745,1.7956744,0.6856744,0.86567444,0.49567443,0.73567444,1.2156744,1.1556745,-0.24432556,-0.5543256,0.43567443,1.4156744,2.4756744,-1.0443256,-0.29432556,-0.17432556,-0.29432556,0.33567443,0.21567445,0.74567443,1.7156744,1.9056745,2.9856744,3.5056744,4.1856747,4.5756745,4.4356747,4.7356744,4.8156743,5.0656743,5.5156746,5.6556745,5.7756743,5.3156743,4.0856743,3.9556744,2.4356744,2.0856745,2.2156744,3.0156744,5.7456746
1.4156744,1.9356744,1.7556745,1.5456744,1.4456744,1.3656745,0.92567444,0.45567444,-0.35432556,-0.38432556,0.28567445,1.3356744,1.2456745,1.6056744,1.1156745,1.3256744,1.8256744,1.5956744,1.7256744,2.1356745,2.7156744,2.8556745,3.1056745,3.6056745,4.2556744,4.2956743,4.2656746,4.4656744,4.7056746,5.0556746,5.2556744,5.5256743,5.0656743,5.145674,5.4556746,4.895674,3.9756744,2.9756744,3.1856744,2.2756743,1.9356744
