wind_kz.json
{"header": {"discipline":0,"disciplineName":"Meteorological products","gribEdition":2,"gribLength":1025,"center":7,"centerName":"US National Weather Service - NCEP(WMC)","subcenter":0,"refTime":"2023-08-22T06:00:00.000Z","significanceOfRT":1,"significanceOfRTName":"Start of forecast","productStatus":0,"productStatusName":"Operational products","productType":1,"productTypeName":"Forecast products","productDefinitionTemplate":0,"productDefinitionTemplateName":"Analysis/forecast at horizontal level/layer at a point in time","parameterCategory":2,"parameterCategoryName":"UnknownDiscipline_0_Category_2","parameterNumber":3,"parameterNumberName":"UnknownParameter_D0_C2_3","parameterUnit":"Unknown","genProcessType":2,"genProcessTypeName":"Forecast","forecastTime":120,"surface1Type":103,"surface1TypeName":"Specified height level above ground","surface1Value":10.0,"surface2Type":255,"surface2TypeName":"Missing","surface2Value":0.0,"gridDefinitionTemplate":0,"gridDefinitionTemplateName":"Latitude_Longitude","numberPoints":615,"shape":6,"shapeName":"Earth spherical with radius of 6,371,229.0 m","gridUnits":"degrees","resolution":48,"winds":"true","scanMode":64,"nx":41,"ny":15,"basicAngle":0,"lo1":47.0,"la1":41.0,"lo2":87.0,"la2":55.0,"dx":1.0,"dy":1.0}, "data":
[rows 0 to 14 of 15, columns 0 to 40 of 41]
2.1872559,2.2172558,-2.902744,-4.0727444,-2.8027442,-2.152744,-2.622744,-3.412744,-2.7627442,-3.7827442,-4.932744,-4.792744,-4.122744,-3.9627442,-2.612744,-3.372744,-4.4027443,-1.9527441,1.8872559,1.3472558,-0.6527441,0.64725584,0.52725583,1.4172559,3.077256,3.4872558,0.12725586,0.82725585,-1.4727441,-0.7027441,1.9372559,1.7572559,0.6672559,-0.50274414,-0.9527441,-4.082744,1.3872559,1.3972559,0.61725587,-0.44274414,-1.5127442
-0.86274415,-3.2627442,-4.532744,-5.742744,-6.492744,-6.082744,-5.102744,-4.0727444,-4.212744,-4.6327443,-4.352744,-3.4427443,-3.132744,-3.0427442,-2.5427442,-3.3327441,-2.922744,-2.5627441,1.9572558,3.117256,3.7672558,3.2472558,3.817256,4.007256,4.667256,4.317256,4.8072557,2.4272559,-0.54274416,2.0072558,-2.1927443,1.8972559,1.4172559,2.097256,0.25725585,0.02725586,2.3072557,1.8372558,2.2172558,-0.33274415,-0.19274414
-1.9427441,-4.962744,-7.462744,-7.952744,-8.042744,-6.5927444,-5.182744,-5.1727443,-3.892744,-4.312744,-2.172744,-4.022744,-3.412744,-3.672744,-2.422744,-1.8527441,-0.26274413,-1.3327441,-2.5827441,6.687256,6.3672557,4.147256,4.197256,4.607256,-0.21274415,-1.3427441,-2.122744,-2.1927443,-1.4927441,-4.282744,-1.8727441,-0.26274413,-3.7527442,1.4972558,0.6572559,-0.49274415,4.487256,3.317256,0.63725585,4.8072557,3.317256
-3.4927442,-6.832744,-8.212744,-8.182744,-5.8827443,-7.372744,-7.4027443,-5.1327443,-4.022744,-4.212744,-4.082744,-2.2227442,-3.2827442,-3.0127442,-3.132744,-1.3627441,0.57725585,1.5172559,0.26725587,5.3072557,4.8272557,8.037256,1.8572558,2.887256,5.0972557,3.4172559,0.61725587,-0.07274414,-0.26274413,-3.122744,-4.9027443,0.23725586,1.3572558,1.5072559,1.9672558,2.4972558,4.147256,2.9772558,-4.5727444,-2.632744,-2.7427442
-3.142744,-5.872744,-6.772744,-7.3427444,-8.222744,-7.712744,-7.972744,-7.0927444,-6.312744,-4.992744,-3.5427442,-3.432744,-3.682744,-4.032744,-3.0627441,-0.81274414,1.8872559,3.2872558,3.597256,5.437256,4.757256,2.137256,3.9372559,4.247256,2.7172558,0.7872559,3.0472558,1.1472559,0.56725585,-0.8327441,-0.88274413,-1.3227441,1.3872559,0.93725586,1.3272558,1.9872558,2.2772558,2.607256,-3.592744,-6.232744,-1.9427441
-2.5427442,-3.102744,-5.242744,-5.002744,-7.412744,-7.002744,-7.662744,-6.9027443,-6.122744,-5.452744,-4.332744,-4.702744,-4.812744,-3.9427443,-1.8927442,-0.5827441,2.9472558,5.297256,6.897256,4.8472557,7.067256,1.8572558,3.337256,3.857256,2.087256,0.12725586,1.7072558,3.9772558,1.2672559,2.7772558,0.6572559,0.13725586,1.7172558,-0.91274416,0.30725586,-0.6527441,-0.6427441,5.6172557,1.5772558,-5.752744,-6.972744
-3.5727441,-2.422744,-4.252744,-4.982744,-5.312744,-5.992744,-5.742744,-7.3427444,-8.352744,-6.562744,-6.282744,-4.832744,-4.552744,-4.222744,-3.0827441,2.0072558,3.867256,3.7472558,6.217256,4.537256,5.517256,6.297256,2.2972558,0.097255856,2.0072558,0.6572559,-0.41274413,1.2872559,3.7872558,6.497256,5.717256,5.087256,4.127256,2.4672558,4.267256,3.7372558,3.887256,4.237256,3.347256,4.317256,-3.0027442
-5.062744,-5.782744,-6.002744,-4.392744,-6.062744,-6.972744,-5.452744,-6.662744,-7.282744,-7.732744,-7.042744,-6.3627443,-6.002744,-5.032744,-4.252744,4.507256,5.0572557,6.237256,6.1372557,6.717256,7.647256,6.947256,-0.26274413,2.847256,2.2072558,0.21725586,-0.73274416,0.9072559,6.0972557,9.457256,9.677256,7.3072557,6.6572556,2.5572557,-0.8427441,-1.4027442,-1.4127442,-1.4327441,0.23725586,0.86725587,2.837256
-4.8827443,-6.122744,-6.912744,-5.6327443,-4.702744,-5.742744,-5.8427444,-6.6327443,-7.302744,-7.6327443,-8.1627445,-7.302744,-7.562744,-5.6527443,-2.902744,4.047256,5.1172557,5.897256,7.797256,6.787256,6.3672557,5.047256,2.8072557,5.4272556,1.9072559,-1.2227441,-1.2727442,4.8872557,6.3272557,9.527256,10.717256,8.517256,1.8372558,-2.2527442,1.5272559,0.47725585,2.4872558,-1.8927442,4.227256,3.147256,2.617256
-4.932744,-5.1727443,-5.1727443,-5.3227444,-5.1727443,-4.852744,-5.3427444,-6.022744,-7.1927443,-7.392744,-8.462744,-8.472744,-6.642744,-5.522744,0.43725586,1.5272559,4.8472557,6.237256,4.9072556,6.027256,8.497256,10.227256,7.0972557,4.9272556,3.0072558,2.097256,0.23725586,1.6172558,2.0172558,2.7272558,4.8672557,3.357256,2.2172558,3.2872558,2.2772558,1.1772559,1.3272558,1.7672559,1.6372559,3.327256,2.7972558
-5.1327443,-5.8427444,-5.312744,-6.332744,-5.642744,-4.782744,-5.082744,-6.262744,-6.582744,-7.122744,-7.702744,-4.8627443,-6.9427443,-5.202744,-2.7027442,5.197256,6.187256,4.797256,4.4272556,5.747256,9.277256,7.187256,4.857256,4.337256,4.257256,3.4172559,2.367256,4.757256,3.2972558,2.7472558,-0.06274414,0.31725585,-0.49274415,-0.12274414,1.3972559,1.6672559,2.4572558,2.2272558,3.9172559,2.127256,2.4972558
-5.052744,-5.052744,-5.012744,-4.872744,-5.4227443,-4.762744,-6.062744,-5.812744,-5.802744,-6.5727444,-6.992744,-4.982744,-6.3427444,-5.3227444,-2.2227442,5.017256,5.917256,3.2472558,5.167256,6.9072556,5.857256,4.017256,3.5472558,4.457256,4.0572557,3.6972558,3.9272559,4.247256,3.2972558,2.1772559,0.12725586,-0.5927441,-0.5827441,-1.4427441,-0.6527441,-0.56274414,-0.94274414,-1.0127442,-0.91274416,-0.63274413,-1.2227441
-2.392744,-3.882744,-4.6527443,-4.352744,-3.4427443,-2.9427443,-5.432744,-5.312744,-7.042744,-6.232744,-3.5727441,-3.392744,-6.332744,-6.042744,-6.182744,-0.9027441,4.767256,5.107256,6.3072557,5.707256,6.277256,5.537256,4.687256,4.937256,4.207256,4.287256,5.357256,5.1772556,3.2372558,1.4772558,0.80725586,-0.57274413,-1.1327442,-1.2827442,-1.2427441,-1.8927442,-1.1927441,-1.3327441,-1.4427441,-1.8027442,-0.9627441
-2.862744,-3.382744,-4.712744,-4.162744,-4.512744,-4.1127443,-3.922744,-5.332744,-6.1127443,-5.492744,-2.5727441,-1.7027441,-3.852744,-6.982744,-6.1327443,-3.932744,-1.5027442,4.037256,4.517256,4.237256,3.9772558,4.047256,3.9872558,5.607256,4.987256,4.8472557,5.237256,5.217256,4.857256,3.9372559,3.107256,1.8472558,1.0172559,-0.17274414,-1.4527441,-1.8927442,-1.4327441,-2.152744,-2.5527442,-2.2727442,-2.5327442
-0.74274415,-2.372744,-3.3227441,-3.1927443,-3.8227441,-2.5527442,-3.092744,-4.622744,-5.122744,-4.182744,-2.672744,-3.2327442,-1.6627442,-2.5627441,-4.9027443,-4.232744,-3.2827442,-0.98274416,3.587256,4.457256,3.607256,3.647256,4.127256,4.937256,6.6172557,5.917256,6.357256,5.937256,5.967256,5.0772557,3.127256,2.097256,1.5672559,0.58725584,-0.22274414,-1.4327441,-2.5427442,-3.4727442,-3.7627442,-4.892744,-2.2627442
