wind_kz.json
{"header": {"discipline":0,"disciplineName":"Meteorological products","gribEdition":2,"gribLength":871,"center":7,"centerName":"US National Weather Service - NCEP(WMC)","subcenter":0,"refTime":"2025-04-05T00:00:00.000Z","significanceOfRT":1,"significanceOfRTName":"Start of forecast","productStatus":0,"productStatusName":"Operational products","productType":1,"productTypeName":"Forecast products","productDefinitionTemplate":0,"productDefinitionTemplateName":"Analysis/forecast at horizontal level/layer at a point in time","parameterCategory":0,"parameterCategoryName":"UnknownDiscipline_0_Category_0","parameterNumber":0,"parameterNumberName":"UnknownParameter_D0_C0_0","parameterUnit":"Unknown","genProcessType":2,"genProcessTypeName":"Forecast","forecastTime":300,"surface1Type":1,"surface1TypeName":"Ground or water surface","surface1Value":0.0,"surface2Type":255,"surface2TypeName":"Missing","surface2Value":0.0,"gridDefinitionTemplate":0,"gridDefinitionTemplateName":"Latitude_Longitude","numberPoints":615,"shape":6,"shapeName":"Earth spherical with radius of 6,371,229.0 m","gridUnits":"degrees","resolution":48,"winds":"true","scanMode":64,"nx":41,"ny":15,"basicAngle":0,"lo1":47.0,"la1":41.0,"lo2":87.0,"la2":55.0,"dx":1.0,"dy":1.0}, "data":
[rows 0 to 14 of 15, columns 0 to 40 of 41]
300.0167,289.7167,292.6167,283.9167,284.5167,285.3167,300.2167,307.9167,307.9167,307.4167,307.0167,306.1167,305.1167,304.9167,305.9167,305.6167,305.1167,304.7167,306.4167,303.3167,305.5167,302.0167,298.9167,298.5167,305.6167,308.2167,300.8167,286.1167,287.2167,281.8167,282.7167,278.1167,293.5167,302.3167,303.6167,303.7167,303.9167,302.6167,301.9167,301.1167,301.3167
274.3167,293.0167,284.1167,284.4167,284.8167,284.7167,308.5167,307.1167,304.8167,304.1167,305.8167,304.4167,305.6167,305.3167,305.6167,303.8167,304.0167,303.5167,302.6167,304.1167,302.4167,301.6167,294.7167,289.9167,278.9167,283.6167,295.1167,288.3167,291.6167,283.8167,288.8167,268.7167,289.3167,265.8167,269.1167,299.4167,297.5167,299.0167,301.1167,294.7167,285.2167
295.0167,283.1167,284.0167,284.0167,283.8167,300.6167,302.4167,303.5167,302.9167,302.3167,301.2167,302.5167,303.3167,304.2167,301.9167,301.5167,300.6167,300.5167,300.7167,301.2167,301.8167,300.9167,297.7167,290.1167,293.4167,293.9167,293.9167,296.6167,292.5167,291.1167,278.5167,285.2167,288.7167,289.2167,294.2167,292.1167,281.5167,280.4167,285.5167,280.4167,277.0167
297.8167,283.0167,281.7167,282.7167,286.9167,299.7167,302.3167,301.0167,301.3167,300.7167,300.4167,299.7167,286.4167,287.1167,297.8167,299.6167,299.4167,300.3167,301.2167,301.8167,299.5167,293.7167,298.6167,300.0167,300.6167,298.7167,298.3167,294.1167,294.4167,298.0167,299.1167,299.9167,304.1167,302.5167,301.5167,296.1167,283.1167,269.4167,287.8167,294.8167,298.8167
297.8167,283.6167,282.9167,283.5167,288.1167,295.7167,295.6167,295.4167,297.8167,293.7167,296.1167,297.7167,285.5167,284.9167,282.3167,295.1167,296.9167,297.7167,298.3167,299.0167,300.2167,300.5167,299.7167,300.4167,299.7167,299.1167,296.6167,291.2167,299.2167,299.6167,301.3167,298.8167,287.6167,271.8167,292.2167,299.4167,295.0167,301.4167,301.4167,301.0167,300.7167
294.5167,296.8167,285.4167,283.3167,282.3167,281.9167,294.1167,296.4167,290.7167,290.4167,290.8167,292.8167,284.8167,283.7167,283.1167,296.3167,294.6167,295.0167,292.6167,296.2167,292.9167,296.5167,297.7167,296.7167,297.0167,295.8167,298.1167,273.1167,295.7167,298.8167,297.6167,301.5167,302.2167,301.3167,298.6167,293.0167,291.0167,291.1167,297.5167,298.9167,297.9167
299.7167,302.3167,302.0167,302.9167,299.2167,294.4167,299.1167,298.4167,295.4167,296.3167,294.5167,290.3167,291.0167,290.7167,289.6167,291.7167,289.9167,292.8167,287.3167,288.6167,288.3167,288.8167,289.1167,290.3167,291.9167,294.5167,294.6167,296.7167,297.0167,296.9167,295.6167,296.5167,300.5167,299.8167,297.7167,296.2167,290.1167,288.1167,285.3167,283.8167,293.8167
293.3167,299.5167,302.6167,303.2167,302.5167,300.0167,295.4167,293.1167,288.9167,290.5167,290.6167,293.6167,291.9167,290.3167,292.7167,290.0167,289.7167,291.5167,291.2167,283.6167,283.1167,286.1167,284.7167,285.0167,285.9167,286.3167,290.9167,293.1167,292.0167,293.9167,293.6167,295.0167,294.4167,294.5167,293.4167,295.3167,296.2167,273.1167,295.6167,296.2167,292.3167
297.4167,298.1167,298.8167,298.6167,297.1167,297.0167,297.4167,295.5167,293.0167,292.2167,290.1167,289.0167,292.6167,293.3167,290.9167,288.9167,286.9167,285.0167,285.9167,284.0167,281.4167,281.7167,282.3167,283.3167,282.8167,284.3167,285.4167,287.5167,290.6167,288.9167,290.3167,291.5167,295.6167,295.8167,294.0167,287.6167,287.9167,288.6167,274.7167,278.9167,275.6167
296.5167,295.0167,294.2167,293.7167,294.3167,294.0167,295.3167,294.9167,294.5167,293.4167,293.4167,293.3167,292.9167,292.8167,292.3167,291.2167,284.5167,283.4167,285.0167,283.6167,282.1167,282.0167,282.7167,283.3167,284.0167,283.2167,285.2167,288.6167,289.3167,290.8167,291.6167,292.3167,295.3167,294.2167,290.6167,288.5167,284.2167,280.2167,279.2167,279.4167,276.8167
295.5167,295.1167,293.3167,292.6167,292.1167,291.9167,292.5167,292.9167,292.4167,291.4167,291.3167,291.6167,291.8167,290.7167,290.2167,289.4167,288.1167,284.1167,282.3167,281.8167,282.3167,282.0167,282.3167,282.8167,283.6167,283.8167,283.2167,286.5167,290.3167,293.8167,292.8167,294.9167,293.3167,290.2167,290.5167,288.8167,283.2167,281.2167,282.9167,283.6167,280.6167
293.1167,292.1167,292.6167,291.9167,291.4167,291.0167,289.5167,289.6167,290.0167,289.4167,287.7167,291.0167,295.1167,288.8167,287.5167,288.6167,287.8167,287.5167,287.2167,284.2167,281.3167,280.9167,282.3167,282.9167,283.0167,284.7167,285.8167,289.9167,291.9167,293.6167,293.8167,289.9167,291.2167,288.1167,289.6167,291.2167,291.7167,291.1167,288.6167,289.6167,289.7167
288.4167,289.2167,290.0167,291.1167,289.2167,288.2167,288.2167,289.3167,288.8167,286.3167,284.8167,286.0167,289.7167,287.9167,288.7167,288.2167,287.8167,285.6167,286.7167,286.0167,284.1167,282.1167,282.8167,280.8167,281.3167,282.5167,284.4167,286.8167,288.5167,291.0167,293.5167,290.3167,291.9167,290.1167,291.1167,291.8167,292.5167,292.3167,289.0167,290.0167,288.5167
288.0167,288.8167,280.0167,288.1167,287.5167,287.0167,286.7167,285.3167,285.7167,284.7167,282.0167,281.0167,282.5167,284.8167,286.9167,286.5167,285.6167,284.8167,285.2167,285.4167,285.2167,285.0167,282.9167,282.1167,281.8167,281.9167,281.0167,281.2167,281.4167,282.9167,286.2167,287.5167,287.0167,288.0167,286.8167,288.4167,291.1167,289.0167,289.0167,287.6167,289.4167
287.3167,289.6167,273.3167,287.2167,286.7167,285.5167,286.1167,284.0167,284.1167,283.6167,282.6167,283.0167,279.4167,282.0167,283.4167,284.7167,283.8167,282.9167,282.9167,283.0167,283.9167,284.2167,283.8167,283.6167,283.3167,281.0167,281.0167,280.0167,281.6167,280.3167,280.7167,279.4167,281.4167,282.3167,282.0167,282.7167,285.8167,286.7167,287.8167,288.1167,287.2167
