wind.json
{"header": {"discipline":0,"disciplineName":"Meteorological products","gribEdition":2,"gribLength":1211,"center":7,"centerName":"US National Weather Service - NCEP(WMC)","subcenter":0,"refTime":"2023-07-01T06:00:00.000Z","significanceOfRT":1,"significanceOfRTName":"Start of forecast","productStatus":0,"productStatusName":"Operational products","productType":1,"productTypeName":"Forecast products","productDefinitionTemplate":0,"productDefinitionTemplateName":"Analysis/forecast at horizontal level/layer at a point in time","parameterCategory":2,"parameterCategoryName":"UnknownDiscipline_0_Category_2","parameterNumber":2,"parameterNumberName":"UnknownParameter_D0_C2_2","parameterUnit":"Unknown","genProcessType":2,"genProcessTypeName":"Forecast","forecastTime":240,"surface1Type":103,"surface1TypeName":"Specified height level above ground","surface1Value":10.0,"surface2Type":255,"surface2TypeName":"Missing","surface2Value":0.0,"gridDefinitionTemplate":0,"gridDefinitionTemplateName":"Latitude_Longitude","numberPoints":688,"shape":6,"shapeName":"Earth spherical with radius of 6,371,229.0 m","gridUnits":"degrees","resolution":48,"winds":"true","scanMode":64,"nx":43,"ny":16,"basicAngle":0,"lo1":45.0,"la1":40.0,"lo2":87.0,"la2":55.0,"dx":1.0,"dy":1.0}, "data":
[rows 0 to 15 of 16, columns 0 to 42 of 43]
1.900194,-2.519806,-2.249806,1.7301941,0.7901941,-1.0298059,1.7401941,3.1501942,-2.209806,-2.499806,-4.349806,-5.629806,-6.079806,-5.079806,-4.779806,-3.959806,-3.529806,-2.189806,-3.769806,-5.279806,-5.419806,-1.8998059,-4.309806,1.6901941,5.580194,2.270194,1.4201941,0.9801941,0.5501941,-0.039805908,-0.7998059,-0.5398059,0.3801941,0.2601941,2.4101942,2.220194,2.9201941,-0.3398059,1.4401941,3.040194,4.560194,0.5601941,-2.659806
-0.4298059,7.230194,2.1401942,1.3701941,-0.6398059,5.5101943,3.4101942,1.8301941,-0.5598059,-4.709806,-5.599806,-5.479806,-5.6998057,-6.4298058,-5.409806,-4.779806,-4.359806,-4.869806,-3.5698059,-4.249806,-4.249806,-3.8198059,-0.8198059,0.8601941,2.020194,3.770194,-0.16980591,0.63019407,3.750194,-0.13980591,0.030194093,-0.059805907,1.1001941,-0.3898059,-0.44980592,-0.8598059,0.4801941,1.7101941,2.280194,2.4401941,2.8701942,3.050194,-2.499806
2.4001942,0.51019406,0.2401941,-1.1698059,6.850194,7.460194,3.300194,4.560194,-2.3698058,-1.7398059,-3.719806,-4.6798058,-6.039806,-5.779806,-6.189806,-6.209806,-6.959806,-6.4298058,-5.839806,-4.789806,-5.039806,-3.5598059,-1.7998059,-2.789806,0.4501941,3.8801942,0.2501941,-1.089806,0.9401941,-0.10980591,2.780194,1.520194,-0.009805908,0.2901941,-1.6498059,0.3301941,-0.28980592,-0.16980591,-0.5998059,-1.979806,-2.5498059,-1.9898059,-1.109806
1.1001941,1.270194,4.360194,10.360194,11.390194,8.050194,2.760194,2.550194,-2.6298058,-2.669806,-4.149806,-3.3698058,-4.189806,-5.339806,-5.409806,-5.369806,-5.389806,-5.809806,-6.279806,-4.9698057,-5.079806,-4.0098057,-3.229806,-9.659806,-9.809806,-10.899806,-5.539806,-5.609806,-4.629806,-2.989806,2.7001941,-1.1498059,1.780194,-2.439806,-0.19980592,0.7401941,-1.959806,1.7001941,0.2101941,0.1301941,3.9401941,1.7401941,-2.009806
4.140194,6.370194,6.890194,11.430194,6.130194,3.760194,4.2401943,3.820194,-1.0598059,0.010194092,-1.7898059,-2.0898058,-2.3298059,-1.9898059,-3.429806,-1.2698059,-1.959806,-3.779806,-4.6798058,-5.119806,-4.169806,-6.059806,-7.849806,-10.839806,-7.059806,-7.959806,-8.269806,-8.2098055,-9.439806,-10.359806,-7.849806,-4.589806,-0.6098059,2.4501941,2.010194,4.360194,4.480194,4.830194,1.9401941,0.37019408,-2.269806,-1.5798059,-3.6298058
4.5701942,6.140194,8.520194,10.270194,0.09019409,1.660194,3.220194,6.0301943,3.010194,1.640194,0.57019407,0.9501941,0.5401941,-0.3898059,-0.039805908,0.19019409,2.1601942,0.43019408,-1.7798059,-3.7998059,-3.759806,-5.1798058,-5.4898057,-6.849806,-7.689806,-8.019806,-8.679806,-9.029806,-9.4598055,-6.749806,-6.289806,-4.7598057,-3.649806,-1.459806,2.350194,1.8101941,-3.3098059,-1.6998059,2.310194,-2.3498058,-2.669806,-3.7998059,-4.269806
7.020194,7.500194,7.160194,6.120194,0.22019409,2.310194,3.030194,1.5501941,5.840194,2.820194,1.8301941,3.240194,1.4301941,2.330194,2.6401942,3.730194,4.7401943,3.3801942,1.900194,-1.1198059,-3.039806,-2.959806,-3.5598059,-4.4298058,-5.539806,-6.059806,-6.4698057,-7.829806,-8.099806,-5.189806,-5.379806,-4.329806,-4.309806,-3.5598059,-2.269806,0.070194095,-1.3198059,3.9401941,0.7101941,3.020194,-0.9798059,1.8101941,3.3901942
6.110194,6.0501943,5.380194,3.990194,3.590194,4.290194,3.1601942,4.0501943,3.580194,5.180194,3.720194,3.350194,4.870194,4.220194,5.670194,5.2801943,4.370194,1.280194,3.010194,2.4501941,-0.5998059,-1.8998059,-0.7598059,-1.599806,-2.1298058,-3.149806,-4.1798058,-4.6998057,-4.6998057,-4.079806,-4.289806,-4.2598057,-4.359806,-5.0098057,-4.819806,-1.9198059,-0.4198059,2.000194,0.4201941,-2.749806,3.6801941,-0.7998059,3.470194
3.980194,3.1701941,3.1701941,2.210194,1.8401941,4.400194,4.060194,1.9901941,4.600194,4.2801943,6.610194,5.480194,5.810194,5.160194,4.130194,5.180194,0.4801941,-0.12980591,1.790194,2.780194,2.530194,0.20019409,-2.6298058,-1.3198059,-2.1198058,-1.3998059,-1.5798059,-2.3098059,-2.509806,-1.849806,-3.209806,-3.509806,-4.329806,-4.7198057,-4.959806,-4.689806,-4.119806,-1.0698059,0.37019408,5.5701942,6.460194,6.560194,5.750194
-0.5298059,-0.5898059,1.2101941,1.8501941,-0.6598059,7.440194,6.720194,6.020194,4.450194,4.690194,5.950194,7.950194,7.440194,7.220194,6.950194,3.840194,2.1501942,0.5501941,1.8301941,1.8001941,4.5701942,3.270194,0.3601941,-0.2698059,-0.3998059,-1.1898059,-1.339806,-1.589806,-1.9898059,-1.6298059,-2.229806,-3.0698059,-3.669806,-3.759806,-3.3798058,-2.159806,-0.2398059,1.5701941,-0.4198059,-0.9798059,-1.0498059,0.2801941,1.5901941
-1.5098059,-1.0798059,-1.5298059,-0.3298059,1.8101941,3.740194,6.3001943,8.320194,6.290194,6.3201942,6.720194,7.190194,7.8201942,8.710194,8.180194,5.250194,3.820194,3.4201941,3.2001941,4.600194,5.120194,4.970194,2.790194,0.5601941,0.57019407,0.10019409,0.04019409,-0.6098059,-1.4198059,-1.6998059,-1.1998059,-1.6998059,-2.399806,-2.699806,-1.7398059,-1.479806,-0.5998059,-0.07980591,1.3501941,0.6601941,0.6701941,-0.67980593,0.88019407
-1.3098059,-0.12980591,-1.1798059,1.940918E-4,0.12019409,1.7401941,2.6601942,5.2801943,7.970194,8.430194,5.310194,6.830194,6.270194,6.930194,5.900194,5.180194,3.810194,5.060194,5.690194,5.090194,4.310194,3.8701942,3.250194,0.40019408,1.270194,0.88019407,1.3801941,1.4301941,1.0801941,1.0701941,-0.069805905,-1.1498059,-0.6498059,-1.2498059,-1.2398059,-2.6098058,-2.459806,-1.7498059,0.3101941,-0.18980591,0.5301941,-1.2798059,1.400194
0.12019409,0.110194094,-0.67980593,-0.6298059,0.7701941,0.7201941,1.890194,1.7501941,3.080194,5.980194,7.410194,6.140194,4.830194,1.7201941,3.4101942,3.220194,3.6401942,4.190194,4.900194,4.190194,3.560194,1.890194,2.6301942,2.1701941,2.6501942,3.020194,3.280194,4.360194,4.480194,2.990194,2.280194,1.2001941,0.8101941,0.5401941,0.23019409,-0.2098059,-2.659806,-3.3098059,-3.409806,-3.269806,-2.979806,-1.1898059,-0.8798059
0.9201941,0.7401941,0.8701941,1.0701941,0.9201941,1.0801941,1.150194,1.4601941,0.7901941,0.4401941,4.420194,5.4901943,3.4501941,1.9401941,0.9501941,1.1301941,2.6501942,2.8901942,3.090194,2.040194,2.6301942,1.8401941,2.470194,3.000194,3.9501941,4.930194,6.0701942,6.630194,6.2801943,4.400194,5.100194,2.490194,0.5901941,-0.2698059,1.6701941,1.3001941,0.2101941,-0.12980591,-1.6898059,-1.9998059,-2.8498058,-2.1398058,-0.3398059
2.460194,2.520194,3.340194,3.6401942,4.730194,3.290194,2.100194,0.9701941,0.4701941,0.4401941,-1.1298059,-0.7798059,1.8201941,0.010194092,0.2801941,2.080194,1.2601941,2.770194,1.9601941,0.3501941,0.30019408,2.4001942,2.570194,3.770194,5.040194,5.160194,5.080194,5.5701942,5.150194,4.460194,4.130194,0.9001941,-0.6298059,0.7101941,1.400194,2.590194,1.5001941,1.8401941,0.8301941,0.6801941,1.3001941,1.3001941,-0.21980591
4.680194,4.880194,4.0301943,4.840194,4.980194,4.540194,3.750194,2.790194,1.5101941,1.2601941,1.5801941,1.5101941,0.6901941,-0.6098059,0.3901941,0.30019408,0.27019408,1.410194,1.0901941,0.6601941,-0.2098059,2.9001942,3.9401941,4.2401943,4.710194,4.400194,4.850194,4.770194,3.790194,1.6801941,0.7901941,0.43019408,-2.169806,0.17019409,0.9801941,3.1801941,3.710194,2.080194,2.530194,3.4401941,1.9501941,0.050194092,1.8401941
