wind_kz.json
{"header": {"discipline":0,"disciplineName":"Meteorological products","gribEdition":2,"gribLength":1025,"center":7,"centerName":"US National Weather Service - NCEP(WMC)","subcenter":0,"refTime":"2024-02-01T12:00:00.000Z","significanceOfRT":1,"significanceOfRTName":"Start of forecast","productStatus":0,"productStatusName":"Operational products","productType":1,"productTypeName":"Forecast products","productDefinitionTemplate":0,"productDefinitionTemplateName":"Analysis/forecast at horizontal level/layer at a point in time","parameterCategory":2,"parameterCategoryName":"UnknownDiscipline_0_Category_2","parameterNumber":3,"parameterNumberName":"UnknownParameter_D0_C2_3","parameterUnit":"Unknown","genProcessType":2,"genProcessTypeName":"Forecast","forecastTime":60,"surface1Type":103,"surface1TypeName":"Specified height level above ground","surface1Value":10.0,"surface2Type":255,"surface2TypeName":"Missing","surface2Value":0.0,"gridDefinitionTemplate":0,"gridDefinitionTemplateName":"Latitude_Longitude","numberPoints":615,"shape":6,"shapeName":"Earth spherical with radius of 6,371,229.0 m","gridUnits":"degrees","resolution":48,"winds":"true","scanMode":64,"nx":41,"ny":15,"basicAngle":0,"lo1":47.0,"la1":41.0,"lo2":87.0,"la2":55.0,"dx":1.0,"dy":1.0}, "data":
[rows 0 to 14 of 15, columns 0 to 40 of 41]
-2.3179712,-3.3179712,0.4620288,3.772029,3.312029,4.082029,2.9920287,2.1820288,1.2020288,-0.2979712,-1.2779711,1.3320289,1.5420288,1.3520288,0.8120288,-0.88797116,-1.0579712,0.44202882,3.302029,2.7620287,-0.94797117,-1.6179712,1.2920288,0.2720288,0.18202882,-0.9079712,-0.7879712,1.0320288,1.3320289,-0.8579712,-3.8679712,-2.5679712,2.3320289,-1.0279711,-0.7679712,-0.36797118,0.4020288,0.2920288,0.05202881,-1.0679712,-1.4079711
5.522029,1.3420289,0.8920288,2.8620288,3.1520288,4.682029,1.4920288,0.9820288,1.1820288,-0.6579712,-2.457971,-2.7579713,-2.2879713,-0.12797119,0.5120288,-0.20797119,-1.0479712,1.1420288,1.3720288,3.9220288,2.032029,1.2520288,2.4020288,2.302029,-1.7879711,-1.4779712,-3.5679712,-0.69797117,0.7020288,0.5420288,3.6520288,1.3120288,-1.5179712,-3.2879713,-5.207971,-2.8279712,-2.4879713,-2.7379713,-1.9979712,-0.63797116,-0.17797118
0.61202884,1.4320288,0.8420288,1.5120288,-0.1479712,-1.4079711,-0.1379712,1.2920288,1.7620288,0.7820288,0.3920288,-0.5779712,-1.1279712,-1.5579712,0.1620288,1.5520288,1.8520288,0.4220288,1.1520288,0.8920288,0.9620288,2.0020287,2.4620287,1.8720288,2.522029,2.6320288,1.6420288,0.6520288,0.25202882,3.3420289,2.2220287,1.1820288,2.9920287,-2.6579711,-0.7379712,2.772029,4.642029,0.8320288,0.6020288,-1.3279712,-1.2979712
2.8720288,2.782029,3.4220288,2.6420288,2.3520288,1.7320288,1.3920288,2.6920288,0.7220288,0.1620288,-0.8379712,-1.4479712,-2.727971,-2.8479712,-0.7479712,2.3820288,1.8820288,2.1420288,1.0320288,-0.4479712,1.6320288,3.3720288,-0.56797117,5.2820287,1.9620289,1.4320288,2.4020288,0.41202882,3.6220288,2.3820288,1.1620288,-0.9979712,-0.4579712,-0.8779712,-0.8679712,-3.687971,-2.8379712,2.2220287,4.402029,1.9020288,1.7320288
3.4620287,3.272029,2.7020288,2.3820288,2.6220288,3.1120288,2.5720289,2.4820287,1.9620289,1.5820289,0.55202883,-0.30797118,-3.457971,-3.5379713,-3.3979712,-0.9779712,2.0920289,2.3220289,1.8520288,1.2020288,2.0020287,-0.94797117,-0.4379712,0.9020288,1.1820288,1.2220289,0.6520288,-1.2079712,-0.027971191,-0.6479712,0.5420288,1.7720288,2.302029,2.6420288,-1.7679712,-2.0279713,-0.3879712,-0.1379712,0.6220288,0.5120288,0.5820288
4.0720286,3.8720288,4.182029,4.142029,4.2020288,3.9420288,3.792029,3.4920287,3.4020288,2.1920288,1.4720289,0.55202883,-1.7679712,-2.9879713,-3.1079712,-1.1879712,0.80202883,2.3320289,1.5620288,1.7520288,1.9820288,2.3220289,3.282029,2.3920288,2.522029,1.7020288,-0.4879712,-2.0379713,-1.2879711,-1.3879712,-1.2979712,-1.0279711,0.7120288,2.1020288,2.9320288,10.592029,3.7220287,4.9920287,1.0520288,-0.6179712,-0.9679712
4.9720287,4.5120287,5.0320287,4.942029,4.902029,4.932029,4.682029,4.3420286,3.6320288,3.1220288,2.4520288,1.4320288,0.4620288,-1.2979712,-1.3479712,0.012028809,-0.11797119,1.2520288,4.542029,3.9320288,3.1220288,2.6420288,3.8620288,3.9420288,2.9120288,1.7420288,-1.3279712,-2.6079712,-2.8579712,-1.8279712,-1.8179712,-2.697971,-3.727971,-2.3379712,-1.8079712,-2.0779712,-3.4879713,-0.9279712,0.9020288,-0.94797117,2.2320287
5.7020288,5.402029,5.0720286,4.852029,4.7620287,5.2420287,5.3020287,5.3220286,5.3220286,3.7320287,3.1820288,3.1920288,1.1520288,1.6420288,0.3720288,0.4020288,1.0920289,1.1520288,2.7520287,6.4720287,3.7320287,4.3220286,4.002029,6.3420286,5.7620287,4.252029,4.792029,-0.10797119,0.122028805,-1.5979712,-0.56797117,-0.4179712,-1.8879712,-1.7579712,0.8920288,0.44202882,-0.09797119,-0.027971191,0.012028809,1.2720288,-1.8979712
5.0720286,5.172029,4.912029,4.7820287,4.192029,4.652029,4.912029,5.0120287,4.5720286,4.562029,3.4820287,2.6120288,2.0920289,2.052029,1.0720288,0.9620288,1.6220288,2.042029,1.9620289,5.982029,5.852029,6.892029,6.872029,5.872029,6.562029,5.3820286,3.2120287,3.562029,4.172029,2.6720288,2.9820287,4.482029,3.6320288,4.662029,3.8420289,3.8420289,-3.0479712,1.4520288,0.9720288,0.8520288,-2.957971
4.902029,4.6320286,4.312029,4.0320287,3.4720287,3.542029,4.0320287,5.3420286,6.372029,5.9920287,5.2820287,4.152029,3.4920287,2.032029,1.6820288,0.9020288,2.0920289,2.282029,2.6420288,3.7020288,6.082029,5.912029,7.7420287,8.2120285,6.872029,6.8020287,5.3420286,3.6220288,3.1520288,2.8220289,3.4220288,4.8020287,5.5520287,5.402029,7.1320286,1.8120288,1.3820288,-3.0579712,0.4020288,4.542029,4.4720287
4.4520288,3.9120288,3.2420287,3.032029,3.4320288,3.9720287,4.812029,4.732029,4.422029,4.8220286,4.9720287,4.5120287,3.8920288,3.6720288,2.4020288,2.4820287,1.9520288,2.3320289,3.2020288,4.062029,4.5520287,5.832029,6.3820286,7.752029,6.832029,6.9720287,6.1120286,6.422029,5.962029,3.1320288,4.8820286,3.9720287,3.7120287,5.372029,7.922029,4.162029,1.8920288,3.2620287,2.3320289,2.0920289,0.1920288
2.3320289,2.8620288,3.2120287,3.4620287,3.5020287,4.292029,3.1820288,3.8520288,3.6820288,4.122029,4.002029,2.9820287,4.2420287,4.182029,3.802029,3.6520288,2.9220288,2.3420289,3.9820287,4.152029,4.4920287,5.1120286,6.5120287,6.332029,6.852029,6.752029,7.0920286,5.912029,5.4520288,4.712029,4.0520287,4.542029,4.392029,5.652029,5.232029,6.832029,5.6120286,2.9820287,2.6920288,2.052029,0.7620288
1.9720289,2.4620287,2.302029,1.7020288,2.4420288,2.2120287,3.6920288,4.412029,4.752029,4.662029,2.5020287,2.2120287,3.9320288,3.792029,3.6020288,3.4820287,3.6320288,3.9020288,4.352029,4.6120286,5.392029,6.142029,6.712029,6.102029,6.442029,5.752029,5.932029,4.442029,4.0720286,3.9220288,4.192029,4.792029,4.912029,5.402029,5.682029,6.2020288,5.912029,3.7220287,4.1320286,2.1220288,0.8820288
1.8120288,1.6320288,1.2320288,2.032029,2.0120287,3.1620288,3.8320289,4.142029,4.502029,4.8820286,3.2220287,1.2520288,1.6220288,3.3820288,3.1520288,3.7520287,4.2020288,4.662029,5.042029,5.4920287,5.692029,6.662029,6.412029,6.0720286,4.682029,3.6120288,3.1520288,3.5820289,3.6320288,4.0720286,4.1320286,4.252029,4.562029,4.7420287,4.292029,4.982029,4.562029,4.9920287,5.3620286,5.3220286,6.022029
1.3020288,1.2620288,0.2120288,1.3120288,1.3120288,1.5420288,3.6020288,3.8420289,4.1320286,3.9420288,3.3620288,2.7520287,2.032029,0.74202883,1.8020288,2.532029,4.5720286,5.182029,5.772029,5.8220286,5.5720286,5.502029,4.652029,3.9120288,2.802029,2.1720288,2.2220287,1.8220288,1.8620288,1.9220288,1.8620288,1.8520288,1.7620288,2.282029,2.8820288,3.7520287,4.662029,4.672029,4.2820287,5.272029,4.392029
