wind_kz.json
{"header": {"discipline":0,"disciplineName":"Meteorological products","gribEdition":2,"gribLength":1025,"center":7,"centerName":"US National Weather Service - NCEP(WMC)","subcenter":0,"refTime":"2023-08-26T06:00:00.000Z","significanceOfRT":1,"significanceOfRTName":"Start of forecast","productStatus":0,"productStatusName":"Operational products","productType":1,"productTypeName":"Forecast products","productDefinitionTemplate":0,"productDefinitionTemplateName":"Analysis/forecast at horizontal level/layer at a point in time","parameterCategory":2,"parameterCategoryName":"UnknownDiscipline_0_Category_2","parameterNumber":2,"parameterNumberName":"UnknownParameter_D0_C2_2","parameterUnit":"Unknown","genProcessType":2,"genProcessTypeName":"Forecast","forecastTime":0,"surface1Type":103,"surface1TypeName":"Specified height level above ground","surface1Value":10.0,"surface2Type":255,"surface2TypeName":"Missing","surface2Value":0.0,"gridDefinitionTemplate":0,"gridDefinitionTemplateName":"Latitude_Longitude","numberPoints":615,"shape":6,"shapeName":"Earth spherical with radius of 6,371,229.0 m","gridUnits":"degrees","resolution":48,"winds":"true","scanMode":64,"nx":41,"ny":15,"basicAngle":0,"lo1":47.0,"la1":41.0,"lo2":87.0,"la2":55.0,"dx":1.0,"dy":1.0}, "data":
[rows 0 to 14 of 15, columns 0 to 40 of 41]
-0.13964783,0.48035216,1.0303521,4.070352,3.5003521,-0.37964782,1.6603522,1.5003521,1.1903522,2.7303522,3.4003522,2.590352,1.3803521,4.690352,5.1403522,3.4003522,0.92035216,1.4803522,1.7403522,1.6603522,2.810352,1.9403522,2.6803522,3.4503522,0.48035216,1.3003522,3.5103521,3.4803522,0.29035217,-1.8296478,-1.0596478,0.21035217,0.46035218,1.6203521,-2.8396478,-1.6296479,-2.3396478,-2.179648,-1.4096478,-1.7996478,-2.219648
-0.23964782,-1.7196479,4.590352,5.8303523,5.400352,2.0203521,2.8903522,1.9303522,2.580352,4.210352,3.9203522,7.1403522,4.720352,4.5803523,5.3103523,4.280352,3.800352,1.3803521,2.4903522,2.4303522,2.9903522,3.810352,4.820352,5.1003523,1.1403521,0.21035217,1.3303522,1.5103521,3.2303522,0.8903522,3.5217285E-4,-0.48964784,-1.8496479,1.3503522,0.5803522,-1.3996478,-1.2396479,-2.419648,-2.3396478,-1.9796479,1.1103522
4.800352,6.2303524,3.2503521,2.6303523,2.9803522,6.970352,6.450352,5.410352,5.1403522,4.090352,5.380352,4.320352,3.1103523,3.5103521,2.320352,4.570352,3.7303522,2.1803522,2.4103522,2.530352,4.260352,5.530352,6.010352,6.8103523,5.5803523,3.5003521,2.4903522,2.1603522,3.1603522,-1.0096478,1.3003522,0.93035215,1.2003522,2.9903522,-0.6696478,1.9203522,0.31035218,0.44035217,-1.2796478,-1.7196479,0.38035217
4.530352,5.280352,6.5603523,6.3903522,6.010352,6.680352,7.3703523,8.030353,7.710352,6.590352,5.0003524,5.300352,4.550352,3.570352,2.6603522,3.800352,4.860352,4.5803523,2.2003522,3.4603522,3.2303522,2.7103522,3.8603523,5.0003524,3.8603523,2.2103522,0.68035215,-0.62964785,-4.329648,-3.1396477,0.25035217,-0.5496478,-0.47964782,-2.0596478,0.9103522,2.3603523,0.7003522,-1.3396478,-2.669648,-3.2496479,-8.029648
3.4603522,3.560352,4.010352,4.360352,5.7903523,7.070352,4.930352,9.030353,8.090352,5.3303523,7.6403522,5.3703523,2.830352,3.2503521,3.780352,5.590352,6.550352,4.1203523,2.530352,1.9203522,-0.33964783,0.15035218,-0.27964783,-0.87964785,-2.159648,-2.6296477,-4.299648,-2.7396479,-4.259648,-3.8696477,-2.219648,-1.6096479,0.020352174,-0.27964783,-4.8796477,-0.17964783,1.6303521,-5.2296476,-4.7696476,-5.119648,-4.599648
3.2603521,2.8803523,2.580352,2.790352,3.570352,4.7903523,5.530352,5.3503523,8.530353,6.720352,9.940352,6.090352,4.190352,4.210352,4.800352,4.7503524,5.2903523,2.3803523,1.3003522,-0.8596478,-1.3096478,-1.1696478,-2.0496478,-2.8896477,-3.3496478,-4.049648,-4.889648,-4.3796477,-2.5396478,-2.0396478,-2.169648,-1.5496478,-0.49964783,-0.5996478,-2.669648,2.1803522,-2.3596478,-0.15964782,-3.0096478,-1.2996478,-1.3196478
1.6903522,0.54035217,-1.0096478,-0.88964784,-1.4996479,-1.9196478,-0.69964784,1.1803522,1.7503521,4.380352,3.820352,8.750352,5.1203523,5.420352,4.010352,3.8703523,3.4603522,0.8203522,4.0603523,0.49035218,-0.6696478,-2.3996477,-2.2296479,-3.3796477,-2.7396479,-1.6196479,-1.5796478,-1.1096479,-0.6096478,-0.18964782,-0.15964782,-1.4496478,-0.9896478,1.6303521,2.080352,3.2403522,0.9003522,-0.75964785,2.4103522,0.070352174,-0.99964786
-3.5296478,-0.7896478,-1.6796478,-1.9196478,-1.0296478,0.23035218,0.7103522,1.7003522,1.8203522,-0.50964785,-1.9796479,0.68035215,4.5603523,4.0203524,4.6403522,2.9803522,-1.5996479,1.0503522,3.3503523,2.4103522,0.040352173,-1.3696479,-1.5696478,-2.2996478,-2.3296478,-0.50964785,0.39035216,0.55035216,-0.49964783,-1.6796478,-1.6096479,-0.8696478,0.9503522,-1.3496479,1.0903522,-2.1096478,0.40035218,-3.0596478,6.200352,2.820352,2.820352
-0.64964783,-1.3996478,-1.4396478,-1.4296478,-0.75964785,-1.0396478,-0.6096478,0.43035218,-1.2096478,-0.43964782,-0.89964783,2.7203522,0.81035215,0.6603522,1.2803521,0.35035217,2.820352,3.8503523,1.1903522,7.950352,1.6603522,3.2403522,0.92035216,0.19035217,-1.8496479,-1.4696479,-1.8696479,0.6503522,-0.8696478,-2.419648,-3.1096478,-3.5196478,-3.6096478,-2.159648,-0.99964786,0.85035217,-3.0896478,0.79035217,2.1303523,0.74035215,2.4203522
-2.179648,-1.5796478,-1.1396478,-0.27964783,3.5217285E-4,0.24035217,-0.87964785,-1.0696478,-1.0496478,-0.5396478,-0.5996478,0.11035217,-0.89964783,-0.93964785,-0.81964785,-0.87964785,-0.39964783,-0.13964783,3.1603522,3.4403522,3.7503521,8.590352,4.240352,2.4003522,0.5903522,-0.7196478,-1.2996478,-2.2996478,-3.3396478,-2.7696478,-2.9896479,-3.3696477,-2.469648,-1.6796478,-0.13964783,0.40035218,1.8303522,-1.3796479,4.030352,-0.30964783,-0.46964782
0.28035218,0.21035217,0.6303522,0.15035218,-0.22964783,0.7803522,1.0603522,0.80035216,-0.6196478,-0.68964785,-0.5896478,-1.8096478,-1.5296478,-1.8796479,-1.3996478,-0.7196478,-1.0696478,-2.0696478,-1.1496478,1.7603521,1.6003522,0.44035217,4.900352,5.990352,2.810352,1.1203521,0.54035217,0.20035218,-1.6796478,-3.1096478,-2.7696478,-2.219648,-1.2096478,-1.8796479,-1.6996478,0.030352173,1.1203521,1.7703521,1.3103522,-1.2596478,3.530352
1.5203521,1.8603522,1.5203521,0.9603522,1.1103522,1.0803522,1.4303522,1.3003522,-0.48964784,-0.4196478,0.54035217,-2.949648,-2.1296477,-3.439648,-3.0296478,-2.3196478,-4.4396477,-0.5596478,-0.17964783,0.48035216,0.74035215,-1.1996478,5.170352,4.2303524,2.790352,2.340352,1.4103522,0.86035216,-0.049647827,-1.4896479,-1.6896478,-1.2796478,-1.2396479,-1.2996478,-2.2396479,-2.5196478,-1.4596478,-0.43964782,0.56035215,0.7103522,-0.7796478
2.2003522,2.7403522,1.5303521,1.9003521,2.090352,1.3903521,1.8103522,1.8603522,1.6903522,0.5203522,0.49035218,1.1503521,-1.4096478,-2.0096478,-2.1396477,-1.2396479,-2.429648,-1.7796478,-0.9696478,0.09035217,1.4603522,0.08035217,-2.189648,-1.9696479,-2.5696478,2.5103521,0.39035216,0.38035217,0.74035215,-0.16964783,-0.7396478,-0.6096478,-0.62964785,2.1403522,-1.0996479,-1.6496478,-1.0196478,0.25035217,1.1203521,0.93035215,0.55035216
2.7703521,3.080352,3.6403522,1.8303522,2.4003522,1.6303521,1.5903522,1.6303521,0.7603522,2.1003523,0.60035217,1.7903522,0.17035218,-0.29964784,3.5217285E-4,0.3003522,0.9003522,0.3303522,0.20035218,-0.39964783,-2.169648,-1.8496479,-0.08964783,-0.51964784,0.5703522,2.5203521,0.5103522,-0.4496478,-0.6696478,-0.9896478,-0.4496478,0.12035217,-0.049647827,0.22035217,0.23035218,-0.049647827,-0.46964782,0.05035217,-0.17964783,0.3003522,-0.20964783
2.530352,3.810352,2.9403522,2.560352,2.4003522,1.9103522,2.6803522,2.7703521,1.9603522,1.3203522,1.2403522,1.5603522,0.9503522,2.1203523,1.5003521,2.6503522,2.6303523,2.290352,2.310352,1.9003521,1.5103521,2.1903522,-0.43964782,-0.88964784,-1.0896478,0.21035217,-1.0696478,0.81035215,-2.7296479,-0.7296478,-0.7396478,2.2203522,2.3703523,1.9303522,1.7903522,2.280352,1.7203522,1.4003521,1.6303521,1.8103522,0.16035217
