wind_kz.json
{"header": {"discipline":0,"disciplineName":"Meteorological products","gribEdition":2,"gribLength":1025,"center":7,"centerName":"US National Weather Service - NCEP(WMC)","subcenter":0,"refTime":"2023-08-22T06:00:00.000Z","significanceOfRT":1,"significanceOfRTName":"Start of forecast","productStatus":0,"productStatusName":"Operational products","productType":1,"productTypeName":"Forecast products","productDefinitionTemplate":0,"productDefinitionTemplateName":"Analysis/forecast at horizontal level/layer at a point in time","parameterCategory":2,"parameterCategoryName":"UnknownDiscipline_0_Category_2","parameterNumber":2,"parameterNumberName":"UnknownParameter_D0_C2_2","parameterUnit":"Unknown","genProcessType":2,"genProcessTypeName":"Forecast","forecastTime":0,"surface1Type":103,"surface1TypeName":"Specified height level above ground","surface1Value":10.0,"surface2Type":255,"surface2TypeName":"Missing","surface2Value":0.0,"gridDefinitionTemplate":0,"gridDefinitionTemplateName":"Latitude_Longitude","numberPoints":615,"shape":6,"shapeName":"Earth spherical with radius of 6,371,229.0 m","gridUnits":"degrees","resolution":48,"winds":"true","scanMode":64,"nx":41,"ny":15,"basicAngle":0,"lo1":47.0,"la1":41.0,"lo2":87.0,"la2":55.0,"dx":1.0,"dy":1.0}, "data":
[rows 0 to 14 of 15, columns 0 to 40 of 41]
1.4845557,1.8445556,-1.8554443,-0.0054443358,0.44455567,1.4745556,1.1245557,1.7645557,2.5945556,2.5745556,2.5145557,2.6945558,0.21455567,0.85455567,1.8445556,3.1945558,1.1945556,1.1845556,0.36455566,0.57455564,0.19455567,-0.105444334,-0.29544434,3.4645557,0.46455565,0.5945557,3.6745558,3.4145555,0.17455566,2.1045556,-0.22544433,0.94455564,1.2345557,-1.6254443,-2.0454443,-3.0554442,-3.5654442,-2.9154444,-4.0554442,-4.945444,-4.0054445
-0.25544435,-0.80544436,-0.37544432,-4.2254443,1.6845556,1.5145557,2.4845557,2.5545557,1.4345556,3.0145557,2.5045557,-0.81544435,-0.25544435,0.32455567,-0.58544433,1.6845556,2.6545556,3.4345558,3.6245556,1.8545556,1.9545556,2.5545557,0.88455564,3.0345557,1.5245557,-0.20544434,0.8445557,1.1045556,3.8045557,0.044555664,0.5945557,-0.56544435,4.0145555,0.92455566,0.34455568,0.27455565,0.08455566,-3.1254444,-0.56544435,-1.7654443,-0.5254443
-0.61544436,-2.3454444,-3.7554443,-1.3754443,1.4145557,2.6045556,2.4745557,0.75455564,2.5545557,1.6245557,1.0545557,-0.7954443,-2.2054443,-3.7454443,-3.2754443,-3.6754444,-1.1154443,1.1045556,3.5445557,4.5845556,4.404556,4.2245555,2.4545557,2.2545557,2.9645557,3.0345557,-4.4654446,-3.6054444,3.4345558,-0.26544434,0.91455567,-1.4954443,0.35455567,1.3545556,-1.9454443,1.5945556,1.6245557,0.7845557,5.4445558,5.3945556,1.6745557
1.5245557,-1.7454443,-1.8954444,0.81455564,1.0845556,0.26455566,-0.6554443,-1.9054444,0.10455567,1.3245556,1.8545556,-0.27544433,-1.6554444,-1.6054443,-1.9254444,-2.5454443,-1.2954444,0.66455567,3.6145556,3.6345556,3.8345556,5.9145555,0.09455566,-1.5254444,-1.1954443,1.4745556,-1.2554443,-0.20544434,-0.7354443,-0.20544434,3.1745558,5.0345554,2.6545556,2.5445557,2.7545557,3.1645555,2.2745557,1.2945557,-2.4854443,-1.9054444,-4.6254444
-2.6054444,-1.2754444,0.15455566,1.5745556,0.7845557,-0.24544434,0.5945557,0.67455566,0.44455567,0.39455566,0.7245557,-0.22544433,2.4745557,0.5845557,0.5945557,1.0445557,0.94455564,-0.7354443,-2.0954444,-1.0154443,2.3645556,2.7545557,-1.0154443,-0.7254443,-1.6754444,1.1745557,-1.3954444,-3.7054443,-3.5654442,-3.8954444,-4.0154443,-0.57544434,4.1645555,5.2245555,-2.8854444,-1.9154444,-1.3154444,-0.8454443,-1.4754443,-0.64544433,-1.2954444
3.4645557,2.4645557,3.1845558,2.7545557,3.7045557,2.8545556,2.6945558,2.0845556,1.8245556,1.1245557,-0.08544434,0.6445557,0.46455565,2.3245556,4.2145557,2.6545556,1.9945557,0.7145557,-2.4454443,-5.445444,-6.3754444,-4.4154444,-2.2954443,0.98455566,-1.5154443,-1.9454443,-2.5754442,-1.2354443,-2.6554444,-1.8654443,-2.7854443,-3.1854444,-4.925444,-4.3354445,-4.0854445,3.6345556,0.33455566,1.5645556,-1.6154443,-1.4354444,-1.1854444
5.4345555,4.804556,3.5345557,4.5845556,5.5145555,6.114556,6.3145556,3.8345556,3.8245556,4.1045556,2.9445558,1.5145557,0.54455566,0.08455566,1.0045557,3.1845558,3.3745556,0.56455564,-1.3154444,-0.24544434,-1.0554444,-1.7654443,-3.9254444,-4.1054444,-2.7254443,-3.8654444,-1.5454444,0.6545557,2.3945556,2.8945556,0.9545557,0.014555664,-1.9754443,-2.0054443,0.7045557,1.8445556,-0.62544435,-1.9054444,4.5245557,-0.86544436,2.7445557
5.2545557,5.4645557,4.0345554,4.094556,2.9345558,4.554556,5.344556,5.9145555,4.5645556,5.7345557,5.8345556,4.114556,2.5045557,1.4245557,-0.74544436,-1.5354444,3.6245556,3.9845557,4.0145555,3.8745556,2.8145556,0.63455564,0.92455566,1.4045557,-1.9354444,-1.6854444,-0.56544435,4.7845554,5.7245555,6.1245556,4.844556,1.4545556,1.4945557,1.3445556,1.2545557,-1.4054444,-2.1754444,3.4845557,7.054556,4.1845555,4.9645557
3.6245556,3.1945558,5.424556,5.154556,5.114556,3.4245558,4.364556,5.3945556,4.9145555,4.0245557,4.9445558,4.924556,6.7345557,3.4845557,2.9645557,1.3045557,1.6045556,1.5645556,0.93455565,2.7245557,6.3745556,5.9445558,4.554556,2.8245556,2.5145557,3.5845556,5.804556,10.094556,7.4345555,5.1945558,5.364556,3.5045557,4.3945556,2.4545557,3.5145557,3.2145557,3.0845556,-0.28544435,1.0845556,-0.0054443358,1.7545557
4.1245556,3.6645555,2.8145556,3.2945557,4.4445558,3.5545557,3.3545556,3.1445556,4.2545557,4.4445558,5.654556,5.4645557,6.5345554,3.6545556,3.8645556,4.7045555,3.5745556,1.2345557,0.40455568,0.13455567,0.93455565,2.5945556,4.7745557,5.904556,5.824556,7.0145555,5.054556,3.6945558,4.3745556,4.0245557,5.0845556,1.9445556,2.8145556,2.0845556,1.3645557,-1.7454443,-0.12544434,1.6345557,2.2745557,1.3845557,1.0545557
1.8245556,2.6745558,4.4845557,2.6345556,2.4845557,1.8445556,1.6645557,2.9045556,3.6945558,4.3145556,4.174556,4.3345556,3.0245557,5.2845554,4.7645555,5.094556,4.7145557,2.9045556,1.2145556,1.1145557,1.8545556,2.1245556,2.8945556,4.0645556,5.0845556,5.2445555,4.9145555,4.554556,5.154556,4.614556,3.5445557,0.85455567,-0.28544435,0.114555664,-0.5954443,1.5545557,2.8745556,3.8545556,2.2745557,1.4845557,2.0345557
-1.5954443,-2.0054443,-1.6654444,-1.1454444,-1.4154444,-2.2254443,-0.7954443,0.92455566,0.35455567,2.8645556,4.074556,4.5445557,3.2445557,4.0345554,2.1445556,1.1645557,-0.15544434,-0.75544435,-0.25544435,1.2745557,3.6745558,3.7345557,4.2945557,3.8045557,4.4445558,4.8545556,6.5145555,6.384556,5.7645555,2.3345556,-0.035444334,-0.95544434,-0.51544434,0.35455567,-0.36544433,0.69455564,2.5045557,2.2845557,0.69455564,0.75455564,0.014555664
-2.0154443,-2.8654444,-1.6554444,-2.8154442,-2.0754442,-1.3254443,-1.4654443,-0.14544433,-0.16544433,0.67455566,2.0845556,3.2945557,2.5645556,1.1945556,0.044555664,-0.76544434,-0.19544433,1.7145556,2.4645557,3.4045556,3.5345557,4.6045556,3.7845557,4.094556,5.0045557,5.9145555,5.8945556,6.8745556,4.654556,1.4245557,0.27455565,-0.48544434,-1.2054443,-0.23544434,-0.5954443,0.13455567,0.40455568,0.66455567,-0.8554443,-1.2454443,0.20455566
-1.1054443,-2.2154443,-1.6554444,-0.81544435,-1.2254443,-1.6554444,-2.5554442,-1.7954444,-1.7454443,-1.7954444,1.1445557,2.6845558,1.0045557,-1.3054444,-1.6154443,-0.19544433,0.91455567,2.0245557,2.5845556,3.2545557,3.4945557,3.7745557,4.7845554,5.7945557,5.4545555,5.5345554,6.5045557,6.344556,4.9945555,1.0645556,-0.045444336,-0.75544435,-0.51544434,-0.035444334,-0.18544434,0.55455565,-0.8454443,-1.6554444,-1.0454444,-0.26544434,-0.6654443
0.014555664,0.044555664,-1.3754443,-0.89544433,-1.0254444,-1.0254444,-1.0154443,-0.37544432,-0.08544434,1.3245556,1.2645557,0.8345557,0.014555664,-0.12544434,0.13455567,0.35455567,1.6845556,1.6845556,1.7245556,3.2045557,3.1745558,2.9845557,3.4445558,4.0445557,4.5445557,3.8645556,3.7345557,5.5345554,4.1645555,1.2645557,-1.3754443,-0.93544436,-0.7254443,-0.37544432,-0.62544435,0.114555664,1.0545557,0.56455564,-1.8054444,-1.6354443,0.06455567
