wind_kz.json
{"header": {"discipline":0,"disciplineName":"Meteorological products","gribEdition":2,"gribLength":1025,"center":7,"centerName":"US National Weather Service - NCEP(WMC)","subcenter":0,"refTime":"2023-08-25T12:00:00.000Z","significanceOfRT":1,"significanceOfRTName":"Start of forecast","productStatus":0,"productStatusName":"Operational products","productType":1,"productTypeName":"Forecast products","productDefinitionTemplate":0,"productDefinitionTemplateName":"Analysis/forecast at horizontal level/layer at a point in time","parameterCategory":2,"parameterCategoryName":"UnknownDiscipline_0_Category_2","parameterNumber":3,"parameterNumberName":"UnknownParameter_D0_C2_3","parameterUnit":"Unknown","genProcessType":2,"genProcessTypeName":"Forecast","forecastTime":0,"surface1Type":103,"surface1TypeName":"Specified height level above ground","surface1Value":10.0,"surface2Type":255,"surface2TypeName":"Missing","surface2Value":0.0,"gridDefinitionTemplate":0,"gridDefinitionTemplateName":"Latitude_Longitude","numberPoints":615,"shape":6,"shapeName":"Earth spherical with radius of 6,371,229.0 m","gridUnits":"degrees","resolution":48,"winds":"true","scanMode":64,"nx":41,"ny":15,"basicAngle":0,"lo1":47.0,"la1":41.0,"lo2":87.0,"la2":55.0,"dx":1.0,"dy":1.0}, "data":
[rows 0 to 14 of 15, columns 0 to 40 of 41]
3.028172,1.528172,-2.011828,-5.731828,-7.671828,-9.491828,-8.441828,-4.481828,-2.361828,-1.291828,-2.441828,-3.801828,-3.071828,-3.501828,-4.631828,-5.751828,-7.021828,-6.891828,-5.241828,-4.781828,-4.111828,-5.311828,-6.801828,-4.111828,6.508172,2.948172,2.188172,2.118172,0.368172,4.828172,2.468172,2.348172,4.458172,0.298172,1.868172,-2.791828,-3.271828,1.248172,-0.92182803,-1.761828,-2.571828
-0.081828006,-1.981828,-3.771828,-5.411828,-7.291828,-6.511828,-7.211828,-3.171828,-2.381828,-2.641828,-3.831828,-2.441828,-3.081828,-2.811828,-4.301828,-5.721828,-5.631828,-3.931828,-2.731828,-3.111828,-3.751828,-6.081828,-3.881828,-3.891828,-1.591828,-1.261828,-0.321828,-0.881828,2.618172,-2.311828,-2.021828,-2.781828,-2.751828,0.998172,1.788172,0.598172,1.308172,3.188172,2.678172,1.758172,-0.381828
3.078172,-1.461828,-4.251828,-5.381828,-3.001828,-2.611828,-1.101828,-3.451828,-3.221828,-1.901828,-1.6418281,-3.131828,-2.541828,-4.941828,-5.871828,-4.971828,-5.331828,-4.101828,-1.341828,-1.011828,-0.571828,-3.391828,-2.951828,-1.341828,-6.111828,-3.681828,-3.521828,-5.181828,-0.881828,-1.301828,-3.341828,-3.201828,-6.291828,-4.281828,0.258172,-1.941828,-2.801828,-1.171828,-1.821828,1.818172,-0.951828
1.888172,-0.631828,-4.581828,-4.621828,-0.451828,-5.761828,-6.121828,-3.511828,-3.201828,-3.501828,-3.501828,-1.681828,0.258172,-0.591828,-4.661828,-5.571828,-5.801828,-3.751828,-4.341828,-3.081828,-2.101828,-4.261828,-4.251828,-5.141828,-6.031828,-5.701828,-4.731828,-3.681828,-5.911828,-6.041828,-5.471828,0.168172,1.448172,-1.551828,-0.611828,0.768172,-2.041828,-0.441828,-1.501828,-1.821828,-3.711828
-4.401828,3.138172,0.288172,-0.531828,-3.911828,-6.021828,-6.261828,-5.121828,-3.501828,-4.741828,-1.741828,-1.151828,5.268172,2.888172,-1.201828,-1.751828,-4.081828,-6.271828,-5.731828,-4.951828,-5.711828,-5.571828,-6.601828,-6.271828,-5.541828,-5.221828,-3.141828,-4.691828,-3.751828,-6.181828,-5.701828,-5.931828,-2.921828,-0.391828,1.298172,2.838172,1.558172,-0.981828,1.548172,-0.401828,-0.621828
-3.101828,-2.951828,0.17817199,5.678172,0.778172,-1.861828,-1.161828,-1.091828,-3.381828,-2.311828,-0.391828,-5.621828,6.518172,5.648172,1.718172,-3.381828,-0.621828,-1.3918281,0.688172,1.228172,0.258172,-2.031828,-4.101828,-4.701828,-5.161828,-5.241828,-4.391828,-1.951828,-1.6418281,-1.361828,-2.431828,-4.661828,-5.621828,-5.351828,1.378172,-3.991828,-2.331828,-1.901828,6.268172,-0.461828,-0.451828
-2.531828,-4.111828,-3.921828,-5.081828,-2.311828,-4.941828,-4.781828,-4.661828,-0.621828,-0.561828,-0.441828,-1.841828,-3.011828,3.358172,5.688172,4.748172,0.878172,-0.041828003,0.858172,-1.031828,0.188172,-2.131828,-4.001828,-5.041828,-4.951828,-5.781828,-3.891828,-3.221828,-3.201828,-1.761828,3.098172,2.828172,2.318172,3.488172,-0.331828,-0.481828,-0.201828,0.698172,-1.441828,-0.531828,-1.071828
-4.211828,-6.191828,0.038171995,-0.67182803,-1.751828,-4.251828,-3.501828,-1.061828,-1.341828,-3.121828,-4.771828,-3.691828,-1.531828,-4.041828,2.448172,1.888172,1.318172,2.828172,0.768172,-1.311828,-0.811828,-2.501828,-3.561828,-3.701828,-5.491828,-5.461828,-6.811828,-7.411828,-1.631828,-1.361828,-1.191828,1.318172,1.478172,1.498172,0.068172,2.868172,-0.401828,-0.271828,-0.221828,0.348172,0.958172
-4.991828,-3.561828,-5.121828,-3.181828,-4.341828,-3.941828,-6.091828,-4.881828,-2.641828,-2.091828,-2.631828,-1.421828,-2.891828,0.788172,-0.261828,3.418172,4.318172,2.448172,0.358172,-1.271828,0.198172,-1.921828,-2.161828,-4.101828,-4.051828,-4.711828,-2.251828,-4.831828,-4.971828,-5.731828,-7.091828,-7.881828,-8.431828,-8.681828,-6.621828,-2.951828,1.1081719,1.658172,1.6081719,1.028172,1.348172
-4.421828,-5.111828,-6.971828,-6.931828,-5.061828,-4.331828,-4.421828,-4.721828,-7.771828,-2.771828,-3.921828,-0.331828,-3.481828,4.678172,-4.821828,0.008171997,3.248172,3.748172,1.988172,2.108172,-1.171828,-1.711828,-1.791828,-2.051828,-3.051828,-2.361828,-3.041828,-4.001828,-3.601828,-4.531828,-6.081828,-5.891828,-7.661828,-6.591828,-6.401828,-4.231828,-2.691828,0.348172,2.058172,2.428172,0.818172
-5.131828,-4.331828,-2.981828,-2.451828,-2.381828,-2.531828,-2.271828,-1.701828,-3.971828,-4.371828,-5.561828,-0.701828,-1.751828,0.658172,-0.24182801,-3.741828,-4.271828,-2.201828,-4.541828,0.928172,2.358172,-0.161828,-0.951828,-4.131828,-1.241828,-3.301828,-2.521828,-3.091828,-4.261828,-4.121828,-4.701828,-4.271828,-6.121828,-5.111828,-3.811828,-3.101828,-0.571828,2.598172,3.188172,1.418172,0.508172
-3.651828,-4.231828,-5.201828,-4.761828,-3.951828,-4.121828,-4.451828,-5.141828,-2.861828,-3.621828,-1.971828,-4.011828,-2.411828,-1.281828,-1.271828,-0.421828,0.318172,-1.661828,-0.291828,-4.731828,1.948172,0.958172,-1.571828,-1.431828,-0.231828,-1.121828,-1.381828,-2.691828,-3.861828,-4.981828,-2.661828,-6.021828,-4.151828,-3.821828,-2.201828,-2.001828,0.198172,1.378172,2.998172,2.648172,-2.351828
-3.401828,-5.661828,-4.871828,-3.771828,-4.471828,-2.581828,-1.501828,-1.861828,-4.601828,-7.671828,-1.131828,-0.711828,-1.021828,-0.941828,-1.461828,-0.061828002,0.46817198,1.188172,1.318172,0.398172,0.358172,-0.051828004,1.188172,-2.261828,-2.981828,-3.011828,-3.281828,-2.011828,-2.741828,-3.231828,-4.071828,-2.501828,-5.041828,-3.511828,-2.941828,-1.661828,-1.151828,1.808172,4.078172,1.338172,0.14817199
-3.521828,-4.781828,-5.671828,-4.351828,-4.701828,-5.661828,-4.431828,-4.381828,-6.171828,-3.281828,-0.741828,-1.911828,-0.751828,-4.001828,-1.661828,1.128172,1.468172,0.768172,2.378172,-0.171828,2.818172,1.938172,0.048171997,-0.781828,-0.951828,-2.601828,-0.711828,-1.801828,-1.761828,-2.151828,-2.531828,-3.421828,-3.851828,-4.331828,-2.571828,-4.811828,-3.341828,5.338172,5.788172,4.128172,5.968172
-2.941828,-4.131828,-4.461828,-4.871828,-3.681828,-3.331828,-3.821828,-3.701828,-5.901828,-5.251828,-0.951828,0.188172,-1.751828,-1.241828,-0.551828,-0.471828,-0.31182802,-1.591828,-1.061828,-1.021828,-2.621828,1.418172,0.17817199,-2.861828,-3.171828,-2.071828,-1.991828,-2.071828,-2.041828,-1.261828,-3.191828,-1.241828,-2.651828,-4.631828,-4.261828,-2.681828,-2.851828,3.558172,5.218172,5.958172,2.678172
