wind_kz.json
{"header": {"discipline":0,"disciplineName":"Meteorological products","gribEdition":2,"gribLength":1102,"center":7,"centerName":"US National Weather Service - NCEP(WMC)","subcenter":0,"refTime":"2025-04-05T12:00:00.000Z","significanceOfRT":1,"significanceOfRTName":"Start of forecast","productStatus":0,"productStatusName":"Operational products","productType":1,"productTypeName":"Forecast products","productDefinitionTemplate":0,"productDefinitionTemplateName":"Analysis/forecast at horizontal level/layer at a point in time","parameterCategory":2,"parameterCategoryName":"UnknownDiscipline_0_Category_2","parameterNumber":2,"parameterNumberName":"UnknownParameter_D0_C2_2","parameterUnit":"Unknown","genProcessType":2,"genProcessTypeName":"Forecast","forecastTime":240,"surface1Type":103,"surface1TypeName":"Specified height level above ground","surface1Value":10.0,"surface2Type":255,"surface2TypeName":"Missing","surface2Value":0.0,"gridDefinitionTemplate":0,"gridDefinitionTemplateName":"Latitude_Longitude","numberPoints":615,"shape":6,"shapeName":"Earth spherical with radius of 6,371,229.0 m","gridUnits":"degrees","resolution":48,"winds":"true","scanMode":64,"nx":41,"ny":15,"basicAngle":0,"lo1":47.0,"la1":41.0,"lo2":87.0,"la2":55.0,"dx":1.0,"dy":1.0}, "data":
[rows 0 to 14 of 15, columns 0 to 40 of 41]
0.010949707,1.4109497,-2.6790502,2.7509496,4.3409495,5.1209497,5.6509495,5.44095,3.5109496,2.9909496,0.9309497,1.2709497,-0.5290503,1.4509497,3.3709497,5.2409496,9.020949,10.07095,9.66095,5.6609497,1.7409497,5.0709496,6.3909497,6.3409495,0.4709497,3.9709496,3.9809496,2.1609497,1.1709497,1.9909497,-2.2890503,0.6609497,-0.5890503,0.7509497,1.8509498,2.7209496,2.8509498,3.1309497,3.6109498,5.23095,5.9009495
2.7109497,-2.9590502,1.2609497,3.5809498,2.3909497,0.8109497,2.2109497,1.6209497,2.6109498,2.5909498,2.6609497,0.7409497,-0.5690503,0.9309497,4.1309495,4.04095,4.0309496,5.21095,1.8809497,-2.3390503,4.2409496,0.9609497,3.5709498,2.3509498,0.51094973,-0.34905028,0.6509497,1.1109498,0.010949707,1.2709497,0.27094972,0.2509497,1.2109497,-1.1390502,0.7109497,2.1309497,3.2809496,4.85095,5.1209497,4.06095,8.4009495
-4.80905,-3.7590504,-1.6090503,1.7709497,4.0509496,1.3109497,2.4909496,2.8909497,4.23095,1.4609497,1.1609497,1.4209497,0.3309497,3.0209496,3.5109496,5.1109495,4.4009495,3.5809498,0.9509497,0.9609497,0.51094973,-1.3190503,0.9409497,0.76094973,3.6709497,0.0709497,-2.1890502,1.6309497,2.9009497,-0.2790503,-0.16905029,-2.6290503,-0.7790503,-0.3390503,-5.01905,-0.9490503,-0.3690503,1.2109497,2.5009496,3.1809497,3.3309498
-5.89905,-5.57905,-3.9390502,-1.1490502,-4.2790504,-3.7890503,0.46094972,0.8309497,-1.9390503,1.3109497,1.6609497,-0.6590503,1.9409497,3.5109496,2.9709496,7.52095,5.8709497,-2.1790502,0.11094971,-0.2090503,-2.7990503,-1.2390503,-3.5390503,-1.3990502,-0.3290503,-1.4490503,-2.9890504,-2.7290504,-3.5390503,-2.0090504,-0.5190503,-0.86905026,4.67095,1.4809498,0.8509497,1.6409497,0.6709497,2.6009498,-3.3390503,-0.4690503,0.43094972
-4.91905,-4.1790504,-3.7890503,-3.9690504,-2.0390503,-1.6890503,-1.6790503,-0.25905028,1.7309498,1.4509497,2.1809497,2.4209497,1.6809497,3.2309496,3.3509498,6.1609497,2.5009496,-3.3490503,-6.74905,-7.89905,-6.0490503,-5.68905,-1.6290503,-1.5890503,-3.4190502,-3.9490502,-4.07905,1.2009497,-4.3790503,-4.82905,-5.4490504,-4.1790504,-2.6090503,0.20094971,-3.6290503,-1.3890502,5.04095,-0.039050292,-3.8890502,-3.8390503,-0.98905027
-1.1990503,-0.6890503,-1.2490503,-1.6490502,0.40094972,1.9209497,2.4009497,1.1009498,1.3209497,1.7609497,2.6109498,3.1709497,1.8109497,4.1509495,1.8209497,-1.1690503,-0.2090503,-3.0990503,-5.7990503,-6.1590505,-2.0890503,-1.7890503,-0.8790503,-1.2990503,-1.6290503,-2.3690503,-3.9390502,-2.3090503,-2.9090502,-3.1690502,-4.8890505,-4.6390505,-4.76905,-1.3890502,3.3709497,0.2909497,4.0309496,7.00095,7.7009497,2.7109497,-5.6790504
0.3209497,0.4709497,1.0909497,1.2209496,1.5109497,1.6409497,0.9209497,1.8609498,4.1509495,2.6509497,3.6009498,4.4909496,2.0809498,1.9109497,0.6409497,0.8509497,1.2509497,-2.9490502,-4.6590505,-5.8690505,-5.66905,-5.6290503,-5.9690504,-4.3890505,-5.1090503,-4.8890505,-3.1190503,-4.4690504,-5.14905,-5.6590505,-6.0990505,-5.97905,-4.9890504,-1.4390503,0.3409497,-0.4190503,-1.8190503,1.5809497,4.31095,-0.8590503,7.83095
1.9709496,2.5309496,2.3309498,2.6809497,2.6409497,2.4009497,2.3209498,2.0209496,2.0709498,3.4609497,3.8109498,4.1209497,4.8009496,3.3109498,2.1909497,0.9909497,-1.2290503,0.63094974,-2.2090502,-2.8490503,-3.6490502,-5.03905,-5.8190503,-5.26905,-3.8790503,-4.0090504,-3.7390504,-4.68905,-3.8390503,-3.9990504,-4.76905,-3.4490502,-2.8290503,-4.78905,-2.7290504,1.0609497,2.8709497,4.48095,9.1509495,12.78095,10.560949
4.33095,5.0309496,5.17095,5.02095,5.2409496,5.42095,4.8209496,4.1309495,3.1909497,3.1709497,2.2309496,5.1809497,5.1609497,5.06095,4.52095,2.2509496,1.9709496,1.7309498,0.4709497,2.2109497,3.1709497,-3.0190504,-3.2190504,-4.24905,-4.47905,-3.6090503,-4.47905,-4.1290503,-2.9390502,-3.0990503,-3.0590503,-3.4590502,-3.0990503,-1.9990503,-1.0790503,1.4809498,1.8009497,2.4209497,1.3409497,1.6609497,-0.1790503
6.7009497,6.9509497,7.0709496,6.8609495,6.1609497,6.5509496,6.1109495,5.77095,5.3709497,5.00095,4.1309495,3.7009497,4.96095,5.6809497,5.2209496,4.25095,2.4809496,2.6909497,2.8109498,2.8009498,4.7609496,-2.9790504,-4.1790504,-3.7690504,-3.2090502,-3.0790503,-3.9690504,-3.8890502,-3.6890502,-5.66905,-3.6490502,-2.9790504,-1.6190503,-3.2090502,-1.5290504,2.2109497,2.7909498,0.6609497,-2.3490503,-0.25905028,0.9609497
6.9509497,7.2809496,6.94095,6.9109497,6.3409495,6.02095,5.75095,6.3009496,6.1809497,6.2809496,5.94095,4.9309497,4.27095,5.33095,6.3709497,6.2009497,3.6009498,2.5209496,3.2409496,3.6009498,4.1509495,-5.6990504,-3.8190503,-3.6890502,-3.3290503,-3.0290504,-3.6090503,-3.0790503,-4.55905,-3.9090502,-3.7990503,-3.6890502,-3.7290504,-4.30905,-4.2190504,-2.8090503,-0.9190503,-1.2990503,-0.5290503,-0.5790503,-0.7590503
8.37095,8.34095,7.9709496,7.96095,7.2609496,6.8209496,6.2609496,5.98095,5.9109497,5.8609495,6.42095,7.1209497,5.3609495,5.4709496,6.4109497,6.9309497,6.2209496,3.1209497,3.4309497,1.9609497,-4.1090503,-3.1690502,-3.4890504,-2.5190504,-3.1090503,-2.7290504,-2.5090504,-5.70905,-4.5990505,-4.95905,-5.4690504,-5.72905,-5.1790504,-5.1290503,-4.5990505,-5.8390503,-6.39905,-4.64905,-1.7290503,0.6409497,0.8309497
7.6609497,9.770949,9.37095,9.01095,7.60095,5.7209496,6.98095,6.71095,7.31095,5.52095,4.54095,5.6309495,7.4509497,5.6809497,3.2509496,7.0109496,7.25095,5.6309495,1.7409497,1.7509497,-0.5090503,-1.8590503,-0.5790503,-0.5790503,-2.2390504,-2.5690503,-5.80905,-5.6790504,-5.53905,-6.1290503,-6.0990505,-6.8590503,-6.6390505,-6.2390504,-6.20905,-6.24905,-5.9090505,-3.0290504,-3.8390503,-2.0790503,-1.6290503
9.270949,9.55095,9.05095,8.640949,7.81095,6.4309497,6.5309496,6.3009496,4.79095,5.33095,4.0509496,4.8409495,6.23095,7.52095,4.10095,5.2009497,6.5509496,6.6209497,1.5209497,2.2109497,0.8409497,-1.0890503,-3.1390502,-2.6990502,-2.2690504,-4.8790503,-5.3590503,-5.3490505,-5.8490505,-6.3390503,-6.82905,-7.2990503,-7.2190504,-6.99905,-5.7990503,-6.4890504,-5.39905,-5.3490505,-5.4290504,-4.0690503,-4.9690504
7.27095,9.29095,9.29095,7.7009497,7.1509495,6.56095,6.8009496,5.44095,5.2409496,4.1109495,3.1309497,5.7009497,4.1809497,5.08095,4.5309496,3.4709496,4.1409497,7.04095,4.3009496,0.19094971,-1.4690503,-2.3590503,-2.0590503,-2.0190504,-3.1690502,-4.24905,-5.1090503,-5.78905,-6.2590504,-6.78905,-7.14905,-6.8690505,-6.9490504,-6.7190504,-6.72905,-6.68905,-6.0090504,-6.64905,-6.1390505,-5.68905,-3.2590504
