wind_kz.json
{"header": {"discipline":0,"disciplineName":"Meteorological products","gribEdition":2,"gribLength":1025,"center":7,"centerName":"US National Weather Service - NCEP(WMC)","subcenter":0,"refTime":"2023-10-05T06:00:00.000Z","significanceOfRT":1,"significanceOfRTName":"Start of forecast","productStatus":0,"productStatusName":"Operational products","productType":1,"productTypeName":"Forecast products","productDefinitionTemplate":0,"productDefinitionTemplateName":"Analysis/forecast at horizontal level/layer at a point in time","parameterCategory":2,"parameterCategoryName":"UnknownDiscipline_0_Category_2","parameterNumber":2,"parameterNumberName":"UnknownParameter_D0_C2_2","parameterUnit":"Unknown","genProcessType":2,"genProcessTypeName":"Forecast","forecastTime":0,"surface1Type":103,"surface1TypeName":"Specified height level above ground","surface1Value":10.0,"surface2Type":255,"surface2TypeName":"Missing","surface2Value":0.0,"gridDefinitionTemplate":0,"gridDefinitionTemplateName":"Latitude_Longitude","numberPoints":615,"shape":6,"shapeName":"Earth spherical with radius of 6,371,229.0 m","gridUnits":"degrees","resolution":48,"winds":"true","scanMode":64,"nx":41,"ny":15,"basicAngle":0,"lo1":47.0,"la1":41.0,"lo2":87.0,"la2":55.0,"dx":1.0,"dy":1.0}, "data":
[rows 0 to 14 of 15, columns 0 to 40 of 41]
-0.6092798,0.48072022,1.9607202,5.28072,3.7307203,3.4807203,4.29072,7.77072,4.94072,1.2607203,-5.2392797,-5.6092796,-4.69928,-5.51928,-2.9392798,-2.1892798,-3.32928,-4.0292797,-4.47928,-4.8392797,-2.4792798,-1.0992798,1.6507202,1.2807202,-3.0492797,-1.2892798,1.0907202,3.5507202,1.8407202,1.3807203,2.0107203,0.32072023,-0.16927978,-1.8192798,-2.5192797,-0.7092798,1.9607202,2.4807203,1.9907203,3.0307202,2.1207201
-0.5192798,-1.2492797,2.5207202,2.2407203,-0.21927978,-0.52927977,0.7007202,4.36072,1.4507202,-2.7292798,-5.22928,-5.6492796,-3.83928,-3.1492798,-2.8892798,-2.8792799,-3.3692799,-4.49928,-2.7492797,-1.4792798,-0.8792798,0.5407202,0.9107202,2.8007202,0.6207202,0.32072023,0.6807202,1.2407203,3.3107202,1.9407202,0.9907202,0.45072022,-0.2892798,0.5807202,0.29072022,0.24072021,0.080720216,-0.5192798,-2.6792798,-1.5292798,-2.6892798
1.3307202,4.2607203,3.7307203,2.2407203,-1.9392798,-3.8792799,0.77072024,1.5607202,-4.5692797,-5.1292796,-6.2792797,-6.51928,-5.1092796,-5.26928,-5.34928,-4.5692797,-4.2392797,-2.2092798,-0.5492798,0.53072023,1.2307202,-0.59927976,-1.0592798,1.1007202,0.080720216,-1.3092798,-2.7792797,-2.3092797,1.8807203,0.33072022,1.3707203,-0.36927977,-1.0592798,0.45072022,0.07072022,1.3207202,1.5607202,0.2807202,3.7207203,6.61072,3.0707202
3.7607203,5.07072,3.7107203,3.0507202,-0.52927977,-4.3392797,1.7607203,-1.5292798,-6.03928,-7.72928,-7.7792797,-7.3992796,-6.3392797,-5.42928,-4.94928,-4.22928,-4.1092796,-3.3992798,-3.4692798,-2.7692797,-0.29927978,-2.0292797,-3.2292798,-4.21928,-4.84928,-4.82928,-3.5192797,-4.8392797,-4.40928,-2.8792799,-1.9692798,-3.1892798,-4.09928,-2.1992798,-2.0592797,0.010720215,1.4207202,1.3607202,-1.9392798,-1.8092798,-4.09928
2.1407201,1.9407202,1.4107202,2.2407203,-0.09927978,-3.3692799,1.2107202,2.5907202,-4.99928,-6.4192796,-6.96928,-5.2792797,-5.15928,-5.1292796,-4.09928,-4.3992796,-4.2392797,-3.9192798,-3.9792798,-5.59928,-6.8792796,-5.4192796,-5.6892796,-5.7392797,-6.1492796,-6.67928,-7.99928,-5.11928,-4.3192797,-3.7492797,-2.5592797,0.72072023,2.6007202,2.3507202,-2.5092797,-1.6092798,-2.6692798,-4.03928,-3.2592797,-2.9292798,-2.2492797
2.92072,1.8107202,0.77072024,-0.14927979,-2.57928,-1.6892798,2.8807201,4.71072,-2.4192798,-3.9092798,-3.6292799,-5.1492796,-5.53928,-4.74928,-4.32928,-4.57928,-4.51928,-4.8192797,-5.1892796,-4.03928,-5.9892797,-6.0492797,-6.13928,-6.3392797,-6.2592797,-6.95928,-6.8792796,-5.57928,-5.86928,-5.0892797,-3.9392798,-3.1492798,-3.1392798,-3.0192797,-1.2992798,0.5507202,0.030720215,1.1507202,-1.5992798,-2.58928,-2.9892797
2.0407202,1.4307202,1.6007202,-0.7392798,2.1007202,-0.4092798,1.0807202,0.29072022,-0.5792798,-2.1392798,-1.8092798,-4.2992797,-4.1692796,-3.4692798,-3.1492798,-3.8892798,-4.24928,-3.5192797,-4.21928,-5.3192797,-4.15928,-3.7492797,-4.3592796,-4.53928,-5.11928,-5.47928,-5.11928,-3.9792798,-3.7992797,-3.8892798,-4.26928,-4.7992797,-3.2392797,-2.7592797,-3.0092797,-1.8392798,0.6207202,-0.78927976,1.6107202,0.2807202,-0.3792798
2.0507202,2.1007202,1.0807202,0.8807202,-0.6292798,-0.32927978,-1.2192798,-0.9392798,-1.6892798,-3.3192797,-1.3092798,-2.1092799,-2.4892797,-3.3792799,-2.6992798,-3.2492797,-3.0192797,-3.5292797,-3.1992798,-3.6092799,-4.0092797,-3.9492798,-2.8892798,-1.4692798,-2.4292798,-3.0092797,-3.4592798,-2.8092797,-2.8992798,-1.8892798,-2.7092798,-2.2292798,-1.1492798,-2.7192798,-0.41927978,-3.4992797,-1.3592798,1.3607202,0.3107202,0.5607202,1.6207203
3.42072,2.2407203,2.3607202,0.7307202,-0.3192798,-1.1292797,-1.9092798,-1.6692798,-3.2592797,-3.1092799,2.4407203,0.6607202,-0.7492798,-1.2092798,-1.7992798,-2.2392797,-2.8792799,-2.6592798,-2.7892797,-2.1192799,-3.1392798,-3.2692797,-3.0392797,-1.9892797,-1.8692797,-1.5092797,-1.1992798,-0.33927977,-0.23927979,0.5407202,0.6907202,0.6607202,-0.59927976,-0.36927977,-1.4892797,-0.3492798,-0.3492798,0.3107202,0.13072021,-0.059279785,0.060720216
2.7607203,3.42072,2.4007201,2.8907201,1.4107202,0.8007202,-0.7392798,-1.4392798,-1.2792798,0.15072021,1.6107202,1.5807202,0.9407202,-0.029279785,0.010720215,-0.4692798,-0.8592798,-1.6592798,-1.8492798,-1.9092798,-2.5692797,-2.1992798,-2.3092797,-2.1392798,-2.1392798,-1.9592798,-1.8092798,-1.2792798,-1.2192798,-0.77927977,1.1007202,0.9307202,0.42072022,0.7007202,-0.33927977,-1.6392798,0.4407202,-0.019279785,1.6507202,0.42072022,-0.7492798
2.4307203,3.3807201,3.2507203,1.8107202,2.42072,2.9607203,2.5607202,2.4007201,1.9907203,0.6307202,1.5407202,1.5207202,0.9807202,1.6307203,1.6907202,1.7207202,1.5007203,1.3307202,0.45072022,-0.5592798,-0.8692798,-0.3492798,-0.97927976,-1.2092798,-1.5692798,-1.4092798,-0.6992798,-0.8692798,-0.29927978,0.9907202,1.1107202,-0.24927978,0.5507202,1.2607203,1.6307203,1.3007202,0.77072024,0.11072022,0.5407202,-0.42927977,0.8907202
2.8707201,3.1307201,3.5807202,3.3207202,3.4407203,2.2407203,2.6007202,2.66072,2.16072,1.4307202,1.3507202,2.2907202,2.5407202,2.1507201,2.7307203,2.1407201,2.8207202,2.8707201,2.5907202,2.0207202,1.3907202,1.0507202,0.9307202,1.3607202,1.8307202,1.7307202,2.6307201,2.8007202,2.6007202,1.9607202,1.9007202,1.5107203,1.9907203,2.0707202,2.2507203,2.7007203,2.8107202,1.5507202,0.8007202,0.41072023,0.15072021
2.9307203,2.9407203,3.42072,4.09072,3.7107203,3.1907203,2.8307202,3.7907202,3.6907203,2.1307201,1.7507203,3.0607202,2.3007202,3.2507203,3.8307202,3.8007202,3.67072,3.3107202,2.7107203,3.7207203,3.2707202,3.1307201,3.4607203,2.8607202,3.0207202,3.17072,3.42072,3.3707201,3.4307203,2.9807203,3.1107202,3.0507202,2.6807203,2.4907203,2.2807202,2.0607202,1.9207202,0.97072023,1.3207202,0.4607202,0.4407202
3.6107202,3.2807202,1.6407202,4.0107203,4.78072,4.3907204,4.79072,4.9307203,4.46072,3.5707202,2.6807203,3.2207203,4.8107204,4.0807204,4.6807203,4.3907204,4.61072,3.9407203,3.3407202,4.3707204,4.3307204,5.2007203,6.03072,5.32072,5.02072,4.30072,3.8707201,4.04072,4.38072,3.8807201,3.4007201,3.1207201,3.3807201,3.3207202,3.0507202,2.4607203,1.7907202,1.3707203,0.90072024,1.5507202,0.32072023
3.2007203,3.9807203,4.13072,4.07072,3.4607203,5.04072,6.9707203,6.38072,6.5807204,5.00072,2.9307203,4.7607203,3.6907203,3.2307203,5.1207204,4.8307204,4.7607203,5.05072,4.54072,5.0107203,4.65072,5.1607203,5.11072,5.34072,5.50072,5.28072,5.3107204,5.0107203,4.6007204,4.2607203,4.02072,4.54072,3.9407203,3.8607202,3.9507203,4.0607204,3.1107202,3.6407201,3.3307202,2.2407203,0.040720213
