wind.json
{"header": {"discipline":0,"disciplineName":"Meteorological products","gribEdition":2,"gribLength":953,"center":7,"centerName":"US National Weather Service - NCEP(WMC)","subcenter":0,"refTime":"2023-07-01T18:00:00.000Z","significanceOfRT":1,"significanceOfRTName":"Start of forecast","productStatus":0,"productStatusName":"Operational products","productType":1,"productTypeName":"Forecast products","productDefinitionTemplate":0,"productDefinitionTemplateName":"Analysis/forecast at horizontal level/layer at a point in time","parameterCategory":0,"parameterCategoryName":"UnknownDiscipline_0_Category_0","parameterNumber":0,"parameterNumberName":"UnknownParameter_D0_C0_0","parameterUnit":"Unknown","genProcessType":2,"genProcessTypeName":"Forecast","forecastTime":240,"surface1Type":1,"surface1TypeName":"Ground or water surface","surface1Value":0.0,"surface2Type":255,"surface2TypeName":"Missing","surface2Value":0.0,"gridDefinitionTemplate":0,"gridDefinitionTemplateName":"Latitude_Longitude","numberPoints":688,"shape":6,"shapeName":"Earth spherical with radius of 6,371,229.0 m","gridUnits":"degrees","resolution":48,"winds":"true","scanMode":64,"nx":43,"ny":16,"basicAngle":0,"lo1":45.0,"la1":40.0,"lo2":87.0,"la2":55.0,"dx":1.0,"dy":1.0}, "data":
[rows 0 to 15 of 16, columns 0 to 42 of 43]
288.12744,283.82745,300.72745,302.82745,301.62744,298.42743,297.52744,296.22745,300.72745,300.02744,306.62744,305.62744,308.72745,308.52744,306.92743,308.62744,307.32745,307.92743,305.12744,303.22745,301.92743,299.62744,297.92743,302.12744,299.32745,295.92743,295.52744,287.52744,282.62744,282.92743,286.32745,297.72745,298.92743,299.02744,300.92743,301.82745,304.42743,300.82745,303.82745,302.82745,296.02744,296.02744,295.42743
293.22745,304.22745,304.32745,291.42743,294.52744,297.52744,297.12744,295.42743,299.42743,307.22745,305.02744,307.42743,307.82745,310.02744,309.82745,308.92743,308.52744,304.32745,304.72745,304.52744,303.92743,303.42743,304.22745,300.92743,300.02744,293.42743,301.42743,301.82745,296.82745,282.42743,282.82745,280.42743,282.42743,284.92743,293.62744,300.52744,302.12744,301.72745,300.32745,300.72745,298.72745,298.52744,298.12744
291.22745,290.32745,280.82745,294.32745,297.82745,297.52744,296.82745,294.42743,306.92743,306.42743,306.52744,307.42743,309.02744,308.72745,307.82745,306.42743,304.12744,304.52744,303.12744,303.22745,302.82745,302.22745,302.42743,301.42743,299.12744,290.82745,279.12744,280.62744,291.12744,278.62744,283.42743,276.82745,283.72745,275.12744,287.12744,262.12744,281.22745,297.72745,296.62744,297.72745,301.72745,290.62744,283.82745
291.32745,295.92743,296.02744,297.62744,297.42743,297.32745,296.32745,304.52744,304.32745,304.62744,305.62744,306.42743,306.72745,307.72745,304.42743,306.42743,306.62744,304.62744,302.62744,302.02744,301.72745,302.02744,304.42743,303.22745,302.72745,297.42743,296.52744,296.82745,296.62744,297.12744,298.02744,286.52744,277.12744,279.22745,285.72745,284.72745,285.72745,288.72745,276.62744,280.32745,281.82745,277.52744,275.32745
301.12744,303.22745,297.62744,298.02744,298.02744,297.62744,298.42743,301.92743,302.22745,302.52744,305.52744,306.22745,306.82745,306.82745,295.52744,294.92743,306.02744,304.92743,305.42743,303.12744,302.22745,304.02744,301.72745,299.02744,303.72745,304.62744,304.82745,301.32745,304.32745,300.82745,299.42743,302.42743,299.22745,295.42743,302.82745,294.02744,292.82745,292.92743,280.52744,279.22745,284.72745,294.42743,297.32745
298.12744,306.32745,303.22745,298.72745,298.52744,299.12744,300.02744,301.92743,302.52744,304.22745,305.02744,306.22745,305.82745,305.02744,296.02744,295.32745,292.42743,305.82745,306.12744,305.02744,300.42743,303.82745,303.52744,304.42743,303.22745,303.22745,305.32745,302.82745,300.62744,296.82745,299.52744,302.02744,304.02744,296.12744,285.62744,277.62744,287.42743,297.52744,299.02744,303.82745,304.52744,303.52744,303.32745
297.52744,300.82745,299.12744,299.82745,299.52744,299.02744,298.62744,298.32745,302.82745,305.22745,304.12744,304.62744,304.42743,304.42743,295.82745,294.42743,298.92743,304.32745,308.62744,305.82745,303.32745,304.42743,302.52744,302.42743,302.42743,302.82745,303.02744,301.82745,301.82745,290.82745,300.72745,301.72745,302.62744,301.12744,298.72745,293.72745,294.92743,294.22745,289.72745,293.22745,302.02744,302.62744,302.02744
298.72745,300.32745,300.22745,300.82745,305.72745,306.02744,300.72745,301.12744,302.82745,302.82745,303.32745,303.32745,302.12744,302.12744,302.62744,301.42743,300.92743,304.62744,304.52744,305.72745,306.32745,301.52744,301.22745,301.42743,301.72745,301.52744,300.52744,301.42743,299.92743,301.12744,298.42743,300.52744,300.92743,301.02744,299.52744,300.32745,298.02744,295.32745,290.92743,285.62744,283.72745,283.82745,295.82745
297.12744,298.02744,302.12744,302.62744,304.22745,303.02744,303.32745,302.42743,301.92743,300.22745,298.62744,298.92743,298.42743,299.12744,299.62744,301.12744,301.52744,301.22745,302.22745,302.32745,304.12744,299.82745,299.92743,299.92743,298.22745,298.92743,299.32745,294.92743,295.92743,298.02744,296.82745,300.92743,298.52744,299.42743,295.32745,292.52744,295.32745,295.82745,296.12744,288.82745,291.22745,293.82745,287.72745
292.32745,299.72745,300.42743,299.92743,300.02744,299.62744,301.62744,300.02744,298.12744,299.02744,297.62744,295.92743,295.02744,295.42743,295.52744,298.12744,299.32745,300.92743,300.42743,300.62744,299.72745,298.92743,294.72745,294.42743,296.52744,296.32745,295.92743,297.32745,292.82745,291.82745,293.72745,291.22745,293.12744,292.82745,295.42743,296.92743,296.02744,292.42743,291.02744,290.92743,274.62744,279.32745,275.82745
295.32745,294.52744,296.02744,297.02744,297.12744,296.92743,297.42743,297.02744,296.12744,295.32745,294.72745,292.92743,291.92743,292.02744,293.02744,293.52744,293.52744,294.62744,295.82745,295.52744,296.62744,297.72745,294.02744,295.02744,295.92743,296.22745,295.12744,295.02744,296.82745,296.92743,295.02744,295.12744,295.02744,296.82745,297.92743,296.92743,295.92743,293.32745,291.52744,285.82745,278.22745,280.02744,279.82745
292.92743,292.62744,295.82745,295.12744,295.82745,295.92743,295.32745,294.82745,293.02744,291.92743,290.32745,289.92743,288.82745,288.02744,290.62744,289.92743,290.32745,291.42743,291.82745,293.32745,293.52744,292.32745,292.52744,293.02744,292.02744,292.62744,293.02744,291.82745,290.92743,297.02744,298.12744,299.22745,298.02744,298.92743,297.72745,296.92743,295.52744,294.62744,288.22745,284.52744,282.02744,284.02744,281.02744
291.72745,292.92743,293.52744,291.32745,294.62744,294.02744,293.62744,293.22745,292.12744,289.02744,288.92743,287.62744,284.12744,285.72745,287.42743,287.52744,287.32745,288.42743,289.52744,290.42743,290.82745,290.72745,290.82745,289.72745,290.12744,289.52744,290.02744,290.82745,292.72745,294.42743,299.52744,298.02744,296.62744,294.42743,293.72745,291.92743,292.42743,291.82745,290.52744,290.52744,289.12744,287.42743,286.42743
290.32745,290.62744,291.02744,291.82745,293.42743,292.72745,292.12744,291.02744,286.82745,285.42743,284.32745,284.12744,283.02744,281.22745,285.12744,284.72745,286.22745,286.62744,287.62744,286.92743,288.62744,288.42743,288.32745,289.62744,288.52744,287.22745,290.02744,289.62744,291.72745,290.82745,290.72745,290.12744,289.92743,288.12744,286.72745,287.42743,287.32745,287.42743,288.02744,289.82745,290.32745,288.92743,287.12744
289.82745,289.32745,288.92743,290.52744,291.32745,291.92743,290.82745,290.22745,285.72745,285.42743,289.22745,283.72745,282.12744,279.72745,280.32745,284.62744,285.02744,284.72745,284.92743,285.42743,286.02744,287.32745,287.82745,287.72745,288.72745,288.62744,288.82745,288.42743,287.92743,288.42743,288.22745,287.82745,287.12744,287.02744,286.72745,286.32745,287.02744,287.12744,287.72745,286.62744,287.72745,285.62744,285.92743
285.12744,285.52744,288.82745,288.22745,291.92743,291.12744,289.52744,285.52744,289.72745,289.52744,289.12744,283.82745,284.22745,280.52744,280.02744,284.52744,283.92743,284.52744,284.52744,286.82745,287.02744,286.52744,287.32745,287.62744,288.32745,288.12744,288.32745,288.02744,287.52744,286.92743,287.42743,286.72745,286.22745,286.22745,288.52744,288.72745,289.02744,289.22745,288.82745,284.82745,286.72745,285.82745,284.82745
