wind_kz.json
{"header": {"discipline":0,"disciplineName":"Meteorological products","gribEdition":2,"gribLength":1025,"center":7,"centerName":"US National Weather Service - NCEP(WMC)","subcenter":0,"refTime":"2023-08-26T00:00:00.000Z","significanceOfRT":1,"significanceOfRTName":"Start of forecast","productStatus":0,"productStatusName":"Operational products","productType":1,"productTypeName":"Forecast products","productDefinitionTemplate":0,"productDefinitionTemplateName":"Analysis/forecast at horizontal level/layer at a point in time","parameterCategory":2,"parameterCategoryName":"UnknownDiscipline_0_Category_2","parameterNumber":2,"parameterNumberName":"UnknownParameter_D0_C2_2","parameterUnit":"Unknown","genProcessType":2,"genProcessTypeName":"Forecast","forecastTime":300,"surface1Type":103,"surface1TypeName":"Specified height level above ground","surface1Value":10.0,"surface2Type":255,"surface2TypeName":"Missing","surface2Value":0.0,"gridDefinitionTemplate":0,"gridDefinitionTemplateName":"Latitude_Longitude","numberPoints":615,"shape":6,"shapeName":"Earth spherical with radius of 6,371,229.0 m","gridUnits":"degrees","resolution":48,"winds":"true","scanMode":64,"nx":41,"ny":15,"basicAngle":0,"lo1":47.0,"la1":41.0,"lo2":87.0,"la2":55.0,"dx":1.0,"dy":1.0}, "data":
[rows 0 to 14 of 15, columns 0 to 40 of 41]
0.28074706,1.4007471,-3.559253,-6.269253,-0.29925293,2.390747,-5.919253,-7.3092527,-6.869253,-5.369253,-5.509253,-5.359253,-4.629253,-3.749253,-4.179253,-3.649253,-3.1992528,-4.739253,-3.9492528,-2.879253,-2.029253,-0.03925293,1.5807471,3.510747,2.590747,4.040747,3.920747,4.310747,3.5407472,2.760747,4.660747,-0.51925296,2.3107471,-0.11925293,1.3607471,0.5707471,2.720747,4.4007473,2.5307472,1.690747,3.930747
0.24074706,-2.9492528,-4.689253,-5.139253,-3.2192528,-0.49925292,-5.479253,-5.549253,-5.589253,-5.0592527,-6.239253,-4.299253,-4.3492527,-4.449253,-3.9192529,-3.489253,-3.4492528,-3.759253,-3.049253,-1.6292529,-0.35925293,-1.5092529,0.07074707,1.3607471,1.940747,-1.1292529,0.91074705,3.0507472,0.03074707,-0.49925292,-0.37925294,-0.05925293,-2.649253,0.5707471,0.5507471,-1.0992529,1.3607471,4.050747,1.660747,-1.559253,1.2407471
-1.1192529,-4.909253,-5.429253,-4.619253,-3.039253,-4.009253,-5.259253,-4.839253,-4.689253,-4.529253,-4.479253,-3.809253,-4.339253,-3.809253,-2.879253,-2.769253,-3.6992528,-3.7292528,-3.4492528,-3.059253,-1.2392529,-3.489253,-3.809253,-5.8492527,-1.929253,-2.619253,-1.1092529,1.5207471,3.600747,-0.91925293,0.21074706,0.54074705,0.020747071,-1.5292529,-2.129253,-0.95925295,0.28074706,2.5407472,1.030747,1.8307471,-1.9092529
2.090747,-5.529253,-4.139253,-3.859253,1.780747,-2.609253,-4.049253,-3.9492528,-3.549253,-3.279253,-2.839253,-5.979253,-4.979253,-2.549253,-0.90925294,-4.649253,-3.649253,-3.009253,-3.9492528,-3.799253,-4.3492527,-5.819253,-2.1792529,-1.5292529,-1.6592529,-0.91925293,-1.059253,-5.019253,-3.4792528,-0.9492529,1.3807471,0.7507471,6.010747,5.990747,4.340747,4.1907473,1.2607471,0.8807471,-2.1792529,-3.4692528,-1.2592529
-3.899253,-3.9292529,-2.899253,0.060747072,3.890747,-1.2492529,0.34074706,-2.629253,-2.4292529,-1.4792529,-1.219253,-4.759253,-2.309253,-0.71925294,2.010747,-3.899253,-4.159253,-4.0792527,-3.389253,-3.389253,-2.409253,-2.329253,-2.799253,-2.849253,-0.51925296,0.42074707,-5.3092527,0.5007471,-4.5992527,-1.939253,-1.559253,-0.5092529,0.37074706,1.180747,-2.9792528,-3.139253,-2.099253,-4.069253,-2.6692529,-2.099253,-1.179253
-4.369253,-0.7492529,-1.3492529,-0.20925292,-0.46925294,-4.0992527,2.670747,0.77074707,0.43074706,0.5607471,0.33074707,-1.819253,0.45074707,2.380747,2.980747,-1.959253,-3.319253,-4.019253,-3.7192528,-2.9492528,-3.4392529,-2.829253,-1.3792529,-1.339253,-1.9192529,-1.5192529,-3.2192528,-2.489253,2.0707471,0.01074707,-0.8592529,-1.3992529,0.8107471,-0.33925292,-0.5092529,2.190747,1.6207471,3.210747,-1.3892529,0.09074707,1.1407471
1.8407471,2.900747,-0.9892529,1.2207471,1.790747,2.000747,3.500747,5.630747,1.430747,4.200747,2.880747,1.8807471,2.8007472,1.2107471,2.230747,1.4007471,-0.15925293,-0.31925294,-1.2492529,-1.6192529,-2.9392529,-3.009253,-2.349253,-2.269253,-1.1092529,-0.37925294,-1.4092529,-0.07925293,2.600747,2.230747,2.640747,0.060747072,-0.24925293,0.6407471,3.3007472,3.5307472,3.5207472,-0.09925293,4.910747,-0.21925293,0.10074707
2.450747,3.3007472,4.990747,3.720747,3.960747,0.67074704,-0.47925293,3.0807471,4.260747,6.110747,5.200747,4.970747,4.510747,4.180747,3.250747,2.940747,2.890747,2.7807472,2.450747,2.8107471,0.9407471,-0.82925296,-1.9792529,-1.209253,-1.689253,-0.76925296,0.6407471,0.31074706,0.42074707,0.8907471,1.6507471,-0.5592529,2.680747,-2.399253,2.500747,-1.429253,-1.079253,4.820747,1.1207471,2.000747,2.240747
2.340747,3.640747,1.8407471,2.0207472,-1.5392529,-0.14925294,2.870747,7.250747,5.840747,7.110747,5.330747,5.9407473,6.6907473,5.810747,5.7107472,5.060747,4.930747,5.040747,3.900747,4.550747,4.6707473,4.450747,1.0807471,1.070747,0.9307471,1.420747,0.79074705,1.660747,1.4807471,1.3707471,-0.21925293,-0.11925293,-1.689253,-1.6492529,-3.119253,-0.18925293,-0.35925293,0.65074706,0.13074706,0.35074708,1.2207471
0.05074707,2.740747,4.850747,5.470747,5.320747,3.680747,5.880747,7.970747,6.720747,6.230747,6.360747,7.130747,7.050747,7.610747,7.030747,6.640747,6.1907473,5.450747,4.260747,5.340747,5.300747,5.200747,4.610747,2.740747,3.0607471,3.0407472,1.9707471,2.2907472,1.320747,1.930747,1.8507471,0.65074706,2.0807471,1.3507471,0.8707471,0.5007471,-0.51925296,0.7007471,0.5507471,0.54074705,0.84074706
-0.34925294,-0.43925294,1.8407471,2.660747,4.540747,6.180747,8.340747,8.080747,8.080747,6.910747,6.260747,7.310747,7.540747,7.470747,7.930747,7.220747,7.270747,5.270747,7.030747,6.080747,5.340747,6.520747,5.590747,4.370747,2.750747,4.270747,3.680747,2.5807471,2.0507472,0.78074706,2.200747,2.950747,0.85074705,1.9007471,-1.199253,0.47074708,-0.8192529,0.20074707,0.39074707,-0.82925296,0.84074706
-2.409253,-2.4592528,-0.7392529,0.16074707,2.8007472,2.5307472,3.460747,5.9407473,7.050747,6.970747,6.880747,6.870747,6.910747,7.200747,7.010747,6.680747,7.080747,6.090747,4.790747,4.610747,3.700747,4.090747,3.5207472,3.610747,4.080747,4.740747,3.710747,2.7907472,3.240747,0.9907471,2.760747,-0.6192529,1.040747,1.2307471,0.66074705,-1.3492529,1.790747,-1.2392529,0.52074707,-1.429253,-1.059253
-0.58925295,-0.17925292,-0.22925293,0.8107471,1.180747,2.0707471,1.950747,3.210747,4.770747,6.510747,5.290747,5.770747,6.680747,7.120747,6.080747,6.570747,6.300747,6.140747,3.680747,4.030747,3.0607471,3.650747,3.440747,2.880747,4.720747,4.220747,3.090747,2.0607471,2.590747,2.480747,2.900747,3.110747,3.100747,2.0607471,0.84074706,0.31074706,1.8307471,0.8007471,0.42074707,-1.5192529,-0.01925293
0.52074707,1.0807471,2.120747,1.920747,2.600747,2.650747,1.9707471,2.490747,0.92074704,3.0407472,2.690747,5.1507473,5.930747,6.800747,5.660747,6.1907473,5.860747,2.870747,4.520747,4.520747,4.330747,3.450747,1.820747,2.380747,3.700747,3.150747,2.160747,2.110747,2.840747,3.180747,1.8807471,2.460747,1.320747,-0.09925293,-0.02925293,0.44074708,0.46074706,1.550747,-0.37925294,0.72074705,-0.07925293
0.40074706,1.290747,2.160747,2.7807472,4.020747,4.6507473,4.1907473,4.510747,4.4207473,3.390747,2.500747,1.700747,1.660747,4.2107472,5.060747,5.980747,5.200747,4.820747,4.9207473,4.470747,4.9607472,3.7807472,3.700747,2.730747,3.010747,1.9607471,1.430747,2.200747,2.110747,1.550747,-0.9992529,0.5107471,1.9907471,1.4907471,0.7607471,1.700747,0.11074707,0.9507471,1.5007471,2.370747,0.66074705
