wind_kz.json
{"header": {"discipline":0,"disciplineName":"Meteorological products","gribEdition":2,"gribLength":1025,"center":7,"centerName":"US National Weather Service - NCEP(WMC)","subcenter":0,"refTime":"2023-09-08T12:00:00.000Z","significanceOfRT":1,"significanceOfRTName":"Start of forecast","productStatus":0,"productStatusName":"Operational products","productType":1,"productTypeName":"Forecast products","productDefinitionTemplate":0,"productDefinitionTemplateName":"Analysis/forecast at horizontal level/layer at a point in time","parameterCategory":2,"parameterCategoryName":"UnknownDiscipline_0_Category_2","parameterNumber":3,"parameterNumberName":"UnknownParameter_D0_C2_3","parameterUnit":"Unknown","genProcessType":2,"genProcessTypeName":"Forecast","forecastTime":240,"surface1Type":103,"surface1TypeName":"Specified height level above ground","surface1Value":10.0,"surface2Type":255,"surface2TypeName":"Missing","surface2Value":0.0,"gridDefinitionTemplate":0,"gridDefinitionTemplateName":"Latitude_Longitude","numberPoints":615,"shape":6,"shapeName":"Earth spherical with radius of 6,371,229.0 m","gridUnits":"degrees","resolution":48,"winds":"true","scanMode":64,"nx":41,"ny":15,"basicAngle":0,"lo1":47.0,"la1":41.0,"lo2":87.0,"la2":55.0,"dx":1.0,"dy":1.0}, "data":
[rows 0 to 14 of 15, columns 0 to 40 of 41]
1.0544293,1.3444294,-3.5155706,-7.045571,-6.1455708,-6.7255707,-5.065571,-4.105571,-1.6055707,-2.1055708,-3.6455708,-4.1555705,-3.1555707,-2.4255707,-2.7255707,-3.1155708,-4.045571,-4.125571,-6.2155704,-5.6855707,-5.4155707,-5.6555705,-3.7255707,0.75442934,5.624429,3.0044293,1.5144293,2.9244294,-1.5155706,-4.295571,-3.0755706,-1.2355707,-5.3855705,3.5344293,-0.6555707,-4.6455708,1.2444293,1.1944293,-0.4355707,-0.3055707,-1.7155707
-1.5455707,-2.0755706,-4.855571,-6.235571,-5.6355705,-4.2855706,-3.0355706,-2.9655707,-1.7555707,-2.8855708,-3.9455707,-2.8155706,-2.8855708,-1.4955707,-2.5055707,-1.8755707,-4.045571,-5.6155705,-5.9955707,-6.5755706,-6.7455707,-5.8255706,-3.0255706,-0.87557065,1.5444293,3.7844293,3.5544293,1.3144293,-1.4255707,-3.5855706,-1.9855707,-2.9355707,-1.2355707,-1.4255707,-0.13557068,-10.035571,-8.315571,1.3944293,-2.8555708,-6.1455708,-2.7355707
-1.5555707,-4.2455707,-5.1455708,-7.505571,-10.185571,-5.295571,-2.1055708,-0.14557068,1.6944293,0.5344293,-0.6555707,-1.6955707,-3.7755706,-2.3655708,-3.4155707,-3.7255707,-4.6655707,-5.6455708,-6.4655704,-6.9655704,-7.275571,-5.5955706,-2.0755706,-2.2255707,-5.1155705,-3.4955707,-4.295571,-4.815571,-4.8255706,-2.9855707,-2.5455706,-2.4055707,-2.8655708,-3.0755706,-1.3655707,-2.0255706,-3.3555708,-6.1955705,-1.3655707,2.9144294,2.5844293
-1.2855706,-4.1455708,-5.085571,-4.235571,-4.045571,-6.4455705,-7.565571,-2.7255707,0.4444293,1.7744293,0.30442932,-1.6755707,-3.1555707,-5.3455706,-7.275571,-3.6355708,-4.1755705,-5.2455707,-5.9555707,-6.985571,-6.585571,-5.4155707,-4.585571,-5.375571,-5.485571,-4.605571,-4.875571,-2.4955707,-1.9855707,-2.8855708,-0.48557067,-0.04557068,0.8944293,-0.22557068,4.974429,0.054429322,3.2844293,2.8744292,-1.1155707,-1.7755706,-1.7655706
0.5244293,-0.31557068,-4.0155706,-5.8855705,-6.605571,-6.235571,-2.3855708,-2.0255706,1.0344293,0.9644293,0.5444293,2.2244294,-0.24557067,-2.3055706,-4.3855705,-2.9055707,-5.255571,-3.8055706,-4.9755707,-5.8655705,-6.025571,-5.6155705,-5.2155704,-5.255571,-5.545571,-4.6855707,-4.4355707,-4.9255705,-7.375571,-8.095571,-4.4955707,-2.1055708,0.48442933,-0.2755707,-0.02557068,2.0044293,1.9244293,1.4444293,3.3844292,2.4644294,2.5844293
-2.2055707,-2.8955708,3.2644293,-1.5655707,-4.4355707,-6.9555707,-4.085571,2.9344294,1.0844293,0.8044293,1.9244293,1.8544294,3.9444294,2.5844293,-1.5955707,-4.1855707,-3.9455707,-4.775571,-5.375571,-5.6555705,-4.275571,-4.5755706,-5.0955706,-4.775571,-4.8255706,-5.3855705,-6.3955708,1.0944294,-3.6355708,-5.3955708,-2.9655707,-2.9155707,-3.1255708,-2.7355707,0.4744293,-0.98557067,-2.3255706,-2.9055707,-1.1355706,-4.0755706,4.6944294
-3.3155706,-4.4255705,-4.3855705,-3.4255707,-3.9155707,-4.3655705,-4.2055707,-6.335571,-6.5555706,-0.47557068,1.5944294,1.3444294,0.0144293215,-2.0855706,-2.7955706,-2.9955707,-3.1355708,-4.9055705,-5.4255705,-4.375571,-4.335571,-3.7355707,-4.4255705,-4.235571,-5.4055705,-6.045571,-4.2455707,-3.4055707,-4.5955706,-2.2355707,-0.5755707,2.0144293,3.3444293,1.8444294,-0.48557067,-0.13557068,0.5244293,-1.6755707,1.7944293,0.8344293,0.08442932
-3.2055707,-3.8855708,-3.7455707,-5.4655704,2.1144292,2.4844294,0.114429325,-0.45557067,3.6844294,1.7644293,0.49442932,-0.5155707,-2.5355706,-1.2155707,-3.8155706,-3.8555708,-4.375571,-2.3655708,-4.3055706,-4.0355706,-5.065571,-5.8055706,-4.9755707,-4.2155704,-4.3855705,-2.8155706,-3.7655706,-4.9455705,-5.295571,-5.3455706,-4.9955707,-7.355571,-1.2855706,0.88442934,0.15442932,-2.1555707,2.6444292,0.7744293,0.19442932,-0.36557066,-0.06557068
-2.1955707,-3.7355707,-3.7755706,-4.5155706,-4.2455707,2.6744294,1.7844293,-2.0455706,-3.2555707,-2.8755708,-3.3655708,-2.3155706,-2.8655708,-2.5455706,-2.7355707,-2.2355707,-1.9655707,-2.4655707,-3.5555706,-3.5955706,-3.7855706,-3.0055707,-3.8555708,-3.0955706,-3.7955706,-3.0355706,-2.8755708,-2.1655707,-2.3655708,-3.3955708,-4.125571,-4.565571,-1.0355706,-1.9255707,-3.7555707,-1.5955707,1.3644294,-1.7755706,-1.1755707,-0.35557067,0.07442932
-1.9255707,-2.4455707,-1.5055707,-2.7355707,-2.6555707,-4.355571,-3.3155706,-1.4755707,0.3144293,-1.2955707,-1.4255707,-3.4055707,-2.8955708,-0.2755707,-1.0655707,-2.5255706,-1.1555706,-2.6555707,-2.4855707,-3.3255706,-3.9755707,-3.8655708,-4.125571,-2.8455706,-2.4555707,-1.1255707,-2.9455707,-3.3555708,-2.9855707,-2.6655707,-3.5155706,-0.7055707,-4.855571,-1.9455707,-0.37557068,-0.035570677,-0.74557066,-1.2855706,1.9244293,3.2944293,1.0844293
-2.1255708,-1.2555707,-2.4155707,-3.1255708,-3.5555706,-4.6655707,-4.1455708,-4.2455707,-2.7555707,-1.4755707,-0.48557067,-1.5955707,-2.1055708,-3.3355706,-4.5755706,-4.065571,-2.1955707,-2.1955707,-2.5655706,-3.4755707,-3.7655706,-3.5155706,-2.4655707,-4.4355707,-3.4555707,-5.315571,-3.7655706,-2.6555707,-2.2255707,-2.1455708,-1.8555707,-2.5655706,-1.8555707,-2.1455708,-1.4655707,-0.9655707,1.4044293,1.2544293,3.0944293,1.6244293,0.5244293
-1.2555707,-3.1555707,-1.3455707,-2.6755707,-3.6055708,-4.105571,-4.2055707,-5.4455705,-4.4955707,-4.1655707,-2.7455707,-1.5355706,-1.7355707,-1.7255707,-2.0255706,-3.0455706,-3.0755706,-3.1055708,-2.8455706,-3.6155708,-3.9555707,-2.4555707,-2.6355708,-3.2155707,-3.7855706,-6.125571,-6.9455705,-5.815571,-5.8855705,-3.9455707,-1.5355706,-1.0455707,0.6544293,0.99442935,0.19442932,0.76442933,2.9144294,-0.42557067,1.9444293,2.4444294,1.1444293
-1.4655707,-1.8055707,-2.1255708,-2.2855706,-1.7555707,-2.3655708,-3.6555707,-3.8155706,-4.3955708,-3.7055707,-2.5755706,-2.5355706,-2.6555707,-0.99557066,-2.4055707,-2.1955707,-2.4755707,-2.9955707,-2.9555707,-2.7655706,-3.7555707,-2.4855707,-2.1155708,-0.6955707,-1.0855707,-2.2255707,-2.7255707,-2.1855707,-2.3855708,-1.1955707,-2.4255707,-1.6755707,-0.015570679,3.5644293,1.1344293,1.2944293,2.3744292,1.1044294,1.7044293,0.5244293,2.0544293
-1.0355706,-1.3155707,-1.9855707,-1.0555707,-1.5755707,-1.6755707,-2.2955706,-2.9555707,-3.2355707,-3.0955706,-2.4055707,-2.1455708,-3.4755707,-1.8955706,-2.1755707,-2.4855707,-1.9955707,-2.4655707,-3.5855706,-2.5155706,-2.9955707,-3.0155706,-4.3655705,0.8944293,-1.0455707,-3.6555707,-2.9555707,-2.0855706,-0.55557066,0.22442932,-0.08557068,-0.035570677,0.08442932,1.2444293,0.20442933,0.8644293,0.7744293,-0.47557068,0.23442931,1.7344294,1.3444294
-0.7155707,-1.4155707,-1.1355706,-1.8155707,-2.4255707,-1.3655707,-2.2655706,-2.3255706,-2.6755707,-2.6155708,-0.7255707,-0.61557066,-0.7755707,-2.2155707,-3.1855707,-2.8755708,-4.375571,-4.1855707,-2.5355706,-2.8855708,-1.8255707,-3.1155708,-0.61557066,0.0044293213,-2.9255707,-4.2855706,-2.5355706,-0.9655707,-1.3855706,0.4444293,0.39442933,2.2144294,0.7044293,1.3544294,1.0044293,2.3144293,2.1444292,1.3244293,2.6244292,2.8544292,1.5244293
