wind_kz.json
{"header": {"discipline":0,"disciplineName":"Meteorological products","gribEdition":2,"gribLength":1025,"center":7,"centerName":"US National Weather Service - NCEP(WMC)","subcenter":0,"refTime":"2023-09-26T00:00:00.000Z","significanceOfRT":1,"significanceOfRTName":"Start of forecast","productStatus":0,"productStatusName":"Operational products","productType":1,"productTypeName":"Forecast products","productDefinitionTemplate":0,"productDefinitionTemplateName":"Analysis/forecast at horizontal level/layer at a point in time","parameterCategory":2,"parameterCategoryName":"UnknownDiscipline_0_Category_2","parameterNumber":3,"parameterNumberName":"UnknownParameter_D0_C2_3","parameterUnit":"Unknown","genProcessType":2,"genProcessTypeName":"Forecast","forecastTime":180,"surface1Type":103,"surface1TypeName":"Specified height level above ground","surface1Value":10.0,"surface2Type":255,"surface2TypeName":"Missing","surface2Value":0.0,"gridDefinitionTemplate":0,"gridDefinitionTemplateName":"Latitude_Longitude","numberPoints":615,"shape":6,"shapeName":"Earth spherical with radius of 6,371,229.0 m","gridUnits":"degrees","resolution":48,"winds":"true","scanMode":64,"nx":41,"ny":15,"basicAngle":0,"lo1":47.0,"la1":41.0,"lo2":87.0,"la2":55.0,"dx":1.0,"dy":1.0}, "data":
[rows 0 to 14 of 15, columns 0 to 40 of 41]
0.024538575,0.8145386,-3.2154615,-8.145461,-6.8754616,-4.6154613,1.8045386,1.6445385,1.4045386,-0.6654614,-1.5654614,-0.6754614,-1.4554614,-1.7154614,-1.4554614,-0.71546143,-0.70546144,-1.1854614,-0.9154614,-1.9554614,-1.6554614,-3.2654614,-2.1354613,1.0245385,2.4545386,1.2345386,1.0245385,0.99453855,-3.2254615,-2.8754613,-2.6054614,1.2545385,-0.16546142,-0.70546144,-3.0354614,2.5845385,2.3645387,2.9745386,2.8145385,1.2045386,0.054538574
-1.8454614,-3.5554614,-10.765461,-9.125462,-3.9754615,-2.8254614,6.4445386,3.0445385,0.7145386,0.104538575,-0.5654614,-2.3054614,-2.6254613,-2.7254615,-2.9954615,-2.4654615,-1.4054614,-0.015461426,-0.22546142,-1.4654614,-1.6954614,-2.6154613,-3.4054613,-1.5354614,1.7045386,2.2645385,0.8745386,1.8245386,-0.50546145,-1.9554614,-0.65546143,-2.2254615,-1.6154615,-2.6254613,1.1845386,2.6245387,1.2045386,0.33453858,-0.75546145,-4.0454617,-1.0454614
-3.7354615,-8.365461,-8.725461,-7.0354614,0.6545386,2.9145386,3.7145386,2.1645386,2.9545386,1.1045386,-0.4854614,-0.9154614,-1.1354614,-1.7654614,-2.1754615,-3.2254615,-2.6954615,-0.28546143,-2.0254614,-1.7654614,-0.94546145,-2.0454614,-0.7254614,-1.0754614,-2.0854614,-1.0154614,-1.2854614,-1.5854614,-0.5954614,-1.2354615,0.6845386,-0.9954614,-1.5254614,-3.4754615,-0.4854614,-1.1354614,1.3545386,2.3745387,1.1645386,1.5645386,0.5245386
-3.1054614,-5.2054615,-5.6654615,-1.4854615,-0.15546143,4.6845384,5.3945384,3.4545386,3.7445385,1.7545385,-0.13546142,-2.9454615,-4.8854613,-5.9354615,-2.0754614,-2.3654613,-3.3454614,-2.8354614,-0.6054614,0.39453858,0.6445386,-1.5854614,0.6245386,-1.1854614,-2.0454614,-2.4054613,-2.3154614,-2.4254615,-1.3654615,-2.5954614,-0.17546143,-1.6454614,2.2245386,-0.035461426,-0.9254614,-4.3954616,-3.5554614,-0.025461426,-1.1854614,-1.8954614,-3.5654614
-3.7754614,-1.6154615,1.3145386,0.6445386,3.1245387,2.1545386,3.4345386,3.7045386,3.1145387,1.8045386,0.98453856,-0.045461427,-2.5454614,-5.4454613,-3.5954614,-2.7554615,-2.7854614,-2.1254613,-1.4654614,-1.0254614,-0.46546143,0.5645386,0.7145386,0.22453858,-0.57546145,-2.3554614,-3.7754614,-2.5354614,-2.3054614,-3.3854613,-3.9154615,-4.4154615,-1.2154614,0.104538575,0.53453857,0.49453858,0.86453855,-1.3354614,-1.8554615,-1.6354614,-3.4554615
-2.2554615,2.1845386,0.60453856,-0.33546144,0.38453856,0.78453857,3.2445385,2.5545385,1.9145386,1.7345386,1.9145386,2.2745385,-0.23546143,-3.9554615,-5.2454615,-0.90546143,-0.15546143,-0.47546142,-0.8454614,-1.0254614,-0.65546143,0.024538575,1.0945386,0.8745386,0.6245386,0.054538574,-2.0454614,-5.6454616,-2.0454614,-1.8854614,-3.4654615,-5.485461,-2.9054613,-3.8254614,-0.16546142,5.6745386,-1.0754614,3.1945386,2.3045385,0.46453857,-1.9754615
-3.8054614,1.0145385,2.4345386,4.2545385,3.6745386,4.3845387,2.7845385,2.6545386,1.9645386,1.9045386,2.3545387,2.1545386,-0.82546145,-1.7954614,-2.2954614,-1.4754615,0.28453857,0.8845386,0.014538574,0.25453857,0.49453858,0.7645386,0.9045386,1.0845386,0.9045386,0.36453858,-0.5654614,-1.4454614,-2.4654615,-2.5454614,-2.2054615,-3.2554615,-1.9054614,-0.69546145,1.0345386,-1.2354615,-1.5154614,-2.9854615,-1.5354614,-1.2354615,-4.7454615
-2.2054615,1.2545385,2.2445385,4.9545383,3.4445386,3.3745387,3.0345385,2.4645386,1.7945386,2.1545386,2.0845385,1.4745386,0.22453858,-1.1454614,-1.8454614,-2.3354614,-1.7854614,0.5045386,2.0045385,1.4745386,1.7645385,1.7245386,1.0845386,0.72453856,1.2245386,1.1045386,0.46453857,0.0045385743,-0.57546145,-1.3554615,-1.9854615,-3.0354614,-4.5554614,-5.0154614,-1.3254614,-0.12546143,-0.7254614,0.18453857,1.6845386,0.48453858,-1.2454615
-9.145461,-2.7154615,0.20453857,1.7345386,2.3745387,2.5245385,2.8445387,2.2345386,1.9545386,2.1545386,1.9645386,1.1045386,-0.06546143,-0.88546145,-0.9354614,-0.65546143,-0.9354614,0.35453856,0.034538575,2.8345385,2.3245385,1.8345386,1.6145386,1.4145386,1.1145386,0.8745386,1.5545386,0.14453858,0.54453856,-0.035461426,-1.6054615,-3.3454614,-3.3654613,-3.4154615,-3.1054614,-3.1254613,-2.2454615,-2.1554613,-1.6654614,-1.4354614,-4.1054616
-6.7454615,-6.2654614,-6.5754614,-2.1454613,1.0245385,2.8445387,2.9045386,2.8645387,2.7645385,2.3745387,2.1945386,1.5645386,0.6845386,-0.15546143,-0.045461427,-0.24546142,-0.9154614,-0.39546144,0.86453855,0.6245386,3.1245387,3.1545386,1.9245386,1.7045386,1.0245385,0.5645386,0.35453856,0.6345386,0.42453858,0.104538575,0.39453858,-0.90546143,-2.3954613,-3.4654615,-3.5354614,-0.7854614,0.15453857,-0.88546145,-0.7854614,0.42453858,0.24453858
-0.14546143,-0.75546145,-5.275461,-4.0654616,-4.3554616,0.91453856,2.8145385,3.7045386,3.6945386,3.3745387,2.9645386,2.5645385,2.0645385,0.97453856,0.40453857,0.7145386,0.8245386,-0.33546144,0.98453856,2.1645386,2.4645386,2.9045386,3.4945385,2.5245385,2.1645386,2.0745385,1.9545386,1.8045386,1.1045386,1.4845386,0.80453855,-0.30546144,-1.8754615,-2.0154614,-3.3354614,-3.5554614,-2.0354614,-0.26546142,-1.1154615,-0.90546143,-0.40546143
-3.5954614,-1.3654615,-2.3754613,-0.5654614,-2.8054614,-2.2054615,-0.4854614,0.6545386,3.8045385,3.4045386,3.3945386,3.1245387,3.4145386,2.5145385,2.5445385,2.2045386,1.7645385,1.7045386,1.4445386,2.2345386,2.3345385,2.0545385,2.7545385,2.6745386,2.4145386,2.3445387,2.4845386,2.9645386,2.7945385,2.6745386,1.9545386,0.84453857,-0.15546143,-1.9854615,-1.3054614,-2.2554615,-2.3054614,-1.2154614,-0.27546144,-0.65546143,-0.7454614
-2.4554615,-1.8054614,-4.0454617,-0.31546143,1.0445386,-1.9054614,-2.4654615,-2.7954614,-0.35546142,0.104538575,2.4545386,1.0945386,3.8145385,3.0145385,2.9745386,3.3545387,3.3745387,3.2045386,2.5645385,2.3245385,1.6945386,2.1345387,2.2245386,2.3145385,2.9245386,3.0545385,3.1045387,3.4745386,3.3145385,2.7645385,2.7545385,2.2945385,1.6845386,-0.8554614,0.6245386,-0.44546142,-0.17546143,-0.6154614,-0.7254614,-0.7954614,-0.47546142
-2.1654615,-1.8954614,-1.8854614,1.0345386,-2.5254614,-2.4854615,-1.2854614,-0.77546144,-1.4054614,1.0745386,0.98453856,-0.63546145,-1.0754614,-0.08546142,2.6845386,3.7245386,4.3145385,4.4645386,4.1945386,3.6445386,3.2945385,2.1445386,2.4945385,2.1045387,2.0945387,2.5645385,3.4645386,3.2745385,3.1545386,3.1445386,2.9145386,2.8145385,2.1345387,1.7945386,1.2145386,1.4445386,1.9945385,1.6445385,0.30453858,0.59453857,1.4645386
-1.6554614,-2.1254613,-0.6654614,-1.5854614,-0.94546145,-0.96546143,-0.4254614,-1.1854614,-1.2554615,-2.6954615,1.5845386,2.3345385,1.9245386,0.37453857,-0.7854614,1.8245386,4.0345387,4.5345387,5.1845384,4.7545385,4.5945387,4.0545387,3.1145387,2.8945386,2.9845386,2.7745385,3.2745385,3.5145385,3.2445385,3.1645386,3.4245386,3.1945386,2.7045386,1.9245386,2.0545385,1.8245386,1.8945385,2.6245387,1.9745386,1.5245385,1.7645385
