wind.json
{"header": {"discipline":0,"disciplineName":"Meteorological products","gribEdition":2,"gribLength":953,"center":7,"centerName":"US National Weather Service - NCEP(WMC)","subcenter":0,"refTime":"2023-06-27T18:00:00.000Z","significanceOfRT":1,"significanceOfRTName":"Start of forecast","productStatus":0,"productStatusName":"Operational products","productType":1,"productTypeName":"Forecast products","productDefinitionTemplate":0,"productDefinitionTemplateName":"Analysis/forecast at horizontal level/layer at a point in time","parameterCategory":0,"parameterCategoryName":"UnknownDiscipline_0_Category_0","parameterNumber":0,"parameterNumberName":"UnknownParameter_D0_C0_0","parameterUnit":"Unknown","genProcessType":2,"genProcessTypeName":"Forecast","forecastTime":120,"surface1Type":1,"surface1TypeName":"Ground or water surface","surface1Value":0.0,"surface2Type":255,"surface2TypeName":"Missing","surface2Value":0.0,"gridDefinitionTemplate":0,"gridDefinitionTemplateName":"Latitude_Longitude","numberPoints":688,"shape":6,"shapeName":"Earth spherical with radius of 6,371,229.0 m","gridUnits":"degrees","resolution":48,"winds":"true","scanMode":64,"nx":43,"ny":16,"basicAngle":0,"lo1":45.0,"la1":40.0,"lo2":87.0,"la2":55.0,"dx":1.0,"dy":1.0}, "data":
[rows 0 to 15 of 16, columns 0 to 42 of 43]
283.2227,279.7227,294.92267,296.62268,296.12268,297.3227,296.62268,294.7227,299.52267,299.3227,303.12268,300.92267,303.02267,302.02267,299.62268,301.12268,301.12268,300.7227,300.12268,300.12268,300.3227,300.42267,300.52267,300.3227,300.42267,294.42267,296.8227,286.52267,279.2227,280.52267,284.62268,297.2227,298.12268,297.52267,299.7227,301.02267,301.12268,298.42267,301.7227,300.02267,296.8227,299.42267,294.7227
286.62268,296.7227,297.02267,284.52267,290.2227,296.3227,296.2227,294.52267,297.42267,302.42267,301.3227,301.3227,301.02267,303.12268,301.8227,301.2227,301.12268,297.7227,298.2227,298.62268,299.7227,301.52267,302.02267,303.7227,303.42267,296.62268,302.7227,300.52267,295.2227,279.8227,281.12268,280.2227,282.3227,283.92267,293.02267,300.12268,300.7227,298.8227,296.3227,298.02267,296.8227,298.62268,297.8227
286.92267,282.42267,274.7227,289.3227,296.12268,296.3227,296.02267,294.52267,297.92267,299.3227,299.8227,299.8227,301.02267,300.2227,300.02267,298.3227,296.52267,295.92267,296.2227,296.8227,297.2227,298.7227,299.92267,302.42267,297.42267,291.62268,281.52267,281.02267,287.3227,279.52267,280.02267,275.3227,282.3227,275.02267,286.92267,257.52267,279.92267,295.52267,294.02267,296.3227,298.7227,291.62268,283.8227
287.62268,290.2227,291.92267,296.3227,296.12268,296.2227,295.8227,296.52267,298.62268,299.3227,298.8227,299.42267,298.92267,299.3227,296.8227,297.7227,297.7227,295.52267,294.2227,293.8227,295.52267,297.2227,300.12268,300.7227,300.02267,297.92267,298.62268,298.02267,301.7227,297.92267,295.52267,285.7227,275.42267,277.42267,284.42267,282.02267,282.52267,286.2227,275.12268,277.2227,280.02267,275.92267,272.62268
297.12268,298.62268,293.92267,297.12268,297.02267,296.3227,295.92267,297.2227,299.52267,299.12268,299.62268,299.3227,298.7227,298.3227,294.62268,293.92267,297.62268,294.62268,296.12268,295.42267,297.02267,298.2227,299.92267,296.42267,302.8227,304.7227,303.2227,301.12268,300.8227,296.02267,297.62268,295.62268,292.3227,290.12268,298.2227,290.62268,289.92267,289.7227,276.42267,276.52267,281.12268,287.3227,292.2227
296.62268,301.12268,298.62268,297.52267,297.3227,297.7227,298.12268,298.2227,298.92267,298.62268,298.7227,299.02267,298.52267,298.02267,295.12268,294.62268,291.7227,296.42267,297.3227,298.02267,297.12268,300.52267,302.2227,304.12268,302.3227,303.62268,300.92267,301.92267,297.92267,294.52267,296.42267,297.12268,298.62268,291.12268,282.2227,272.52267,284.2227,293.3227,295.52267,299.12268,298.3227,297.7227,297.3227
296.12268,300.52267,299.2227,296.92267,298.3227,297.02267,297.02267,296.7227,297.8227,299.92267,299.3227,299.3227,299.92267,298.52267,294.2227,293.8227,295.3227,296.12268,298.2227,298.7227,299.12268,301.2227,300.42267,298.3227,302.2227,302.12268,300.7227,296.7227,295.8227,290.52267,294.7227,296.8227,295.52267,296.42267,293.2227,287.2227,287.52267,287.02267,283.92267,284.2227,293.92267,295.7227,296.2227
299.2227,302.12268,300.42267,300.02267,301.62268,301.2227,298.92267,298.12268,298.62268,298.42267,299.62268,300.02267,298.42267,300.3227,296.42267,297.02267,299.12268,298.92267,299.52267,298.8227,298.8227,297.42267,296.92267,298.7227,302.02267,300.02267,298.8227,295.7227,294.2227,295.02267,293.42267,295.02267,295.62268,295.02267,294.62268,293.92267,290.7227,286.8227,284.52267,279.2227,272.8227,278.2227,290.62268
296.52267,298.02267,298.52267,298.7227,301.2227,302.12268,302.7227,300.02267,301.2227,297.92267,296.92267,299.12268,296.12268,296.52267,293.8227,296.52267,297.52267,298.8227,297.3227,297.62268,298.62268,294.3227,295.7227,297.02267,298.92267,299.12268,298.42267,293.7227,293.12268,291.7227,291.62268,293.8227,291.42267,290.7227,288.7227,286.02267,284.62268,286.52267,288.42267,287.8227,286.2227,289.8227,284.2227
292.3227,297.3227,295.52267,295.8227,297.62268,297.42267,298.42267,296.12268,295.7227,295.62268,294.7227,295.2227,291.7227,290.7227,291.52267,293.7227,294.52267,297.3227,299.12268,295.42267,298.2227,297.52267,293.62268,298.2227,299.52267,297.92267,296.2227,294.02267,291.42267,289.12268,289.02267,287.42267,287.7227,286.02267,285.02267,287.8227,284.12268,281.8227,285.52267,284.52267,270.3227,275.02267,272.8227
292.8227,296.2227,292.92267,296.42267,294.12268,294.12268,295.02267,295.92267,292.62268,294.02267,291.8227,291.12268,292.92267,289.92267,290.62268,292.52267,292.52267,294.2227,295.02267,294.42267,297.02267,297.42267,296.8227,297.8227,298.12268,296.42267,294.7227,293.2227,292.8227,292.3227,291.2227,288.8227,288.52267,290.2227,290.3227,289.8227,286.52267,283.52267,285.2227,280.92267,275.52267,272.42267,272.42267
290.62268,290.12268,289.92267,290.92267,291.12268,291.52267,291.42267,291.2227,291.3227,291.02267,289.42267,289.62268,288.12268,288.7227,290.3227,289.7227,291.42267,290.62268,291.42267,292.62268,295.2227,296.52267,297.8227,297.52267,297.92267,297.02267,294.2227,293.42267,291.3227,293.02267,292.02267,292.42267,292.52267,291.7227,290.02267,289.8227,286.02267,284.52267,281.42267,277.52267,276.02267,278.12268,276.2227
288.7227,289.62268,289.8227,291.2227,292.2227,290.52267,289.62268,289.7227,288.12268,287.62268,287.8227,289.12268,286.92267,285.92267,288.62268,288.62268,289.12268,289.92267,290.52267,292.3227,294.12268,295.02267,294.12268,295.62268,296.42267,294.8227,294.3227,292.3227,293.7227,294.8227,294.2227,293.62268,292.12268,291.02267,290.02267,287.02267,287.7227,285.7227,285.02267,283.52267,283.62268,282.7227,282.12268
287.7227,287.52267,287.02267,287.02267,289.02267,287.52267,288.7227,287.52267,286.2227,286.2227,287.7227,286.3227,285.2227,284.52267,287.2227,286.62268,288.12268,288.92267,289.3227,290.52267,293.3227,293.02267,293.12268,292.2227,296.02267,294.42267,293.42267,294.8227,295.12268,293.2227,293.42267,291.62268,291.2227,289.8227,288.12268,287.02267,286.12268,285.42267,285.3227,287.02267,284.8227,283.3227,283.62268
287.02267,286.3227,286.02267,286.62268,289.12268,288.2227,288.3227,286.52267,285.92267,285.62268,286.62268,287.12268,286.02267,285.12268,284.62268,286.7227,287.7227,288.2227,289.12268,290.02267,291.02267,292.2227,293.7227,293.7227,294.92267,295.42267,293.42267,294.62268,293.42267,292.42267,291.2227,290.42267,289.3227,288.12268,287.12268,286.02267,285.3227,285.52267,284.7227,284.3227,283.62268,283.12268,282.62268
285.12268,285.52267,285.3227,286.52267,290.2227,286.8227,287.3227,285.42267,285.92267,285.92267,286.92267,288.42267,287.62268,285.52267,285.3227,285.62268,287.52267,288.12268,288.8227,289.8227,289.62268,290.62268,293.02267,292.02267,291.12268,294.12268,292.42267,292.7227,292.92267,290.92267,289.2227,288.3227,287.42267,286.02267,287.02267,285.8227,285.02267,284.92267,284.52267,283.2227,283.2227,283.7227,283.42267
