wind_kz.json
{"header": {"discipline":0,"disciplineName":"Meteorological products","gribEdition":2,"gribLength":1025,"center":7,"centerName":"US National Weather Service - NCEP(WMC)","subcenter":0,"refTime":"2023-09-20T06:00:00.000Z","significanceOfRT":1,"significanceOfRTName":"Start of forecast","productStatus":0,"productStatusName":"Operational products","productType":1,"productTypeName":"Forecast products","productDefinitionTemplate":0,"productDefinitionTemplateName":"Analysis/forecast at horizontal level/layer at a point in time","parameterCategory":2,"parameterCategoryName":"UnknownDiscipline_0_Category_2","parameterNumber":3,"parameterNumberName":"UnknownParameter_D0_C2_3","parameterUnit":"Unknown","genProcessType":2,"genProcessTypeName":"Forecast","forecastTime":180,"surface1Type":103,"surface1TypeName":"Specified height level above ground","surface1Value":10.0,"surface2Type":255,"surface2TypeName":"Missing","surface2Value":0.0,"gridDefinitionTemplate":0,"gridDefinitionTemplateName":"Latitude_Longitude","numberPoints":615,"shape":6,"shapeName":"Earth spherical with radius of 6,371,229.0 m","gridUnits":"degrees","resolution":48,"winds":"true","scanMode":64,"nx":41,"ny":15,"basicAngle":0,"lo1":47.0,"la1":41.0,"lo2":87.0,"la2":55.0,"dx":1.0,"dy":1.0}, "data":
[rows 0 to 14 of 15, columns 0 to 40 of 41]
0.47537598,-1.904624,1.085376,-0.044624023,-3.184624,-3.934624,-3.414624,-1.5646241,-2.844624,-2.854624,-2.724624,-5.014624,-4.314624,-3.054624,-2.924624,-2.624624,-0.60462403,-1.884624,-0.91462404,1.705376,0.20537597,-1.0546241,-2.044624,0.31537598,-2.614624,1.105376,-1.354624,0.985376,1.355376,5.135376,1.535376,2.025376,-0.054624025,-1.044624,-1.414624,1.845376,1.835376,1.0653759,0.17537598,-1.224624,-0.734624
4.755376,1.865376,2.335376,0.815376,-2.154624,-3.144624,-2.354624,-0.704624,-2.5046241,-1.664624,-3.924624,-4.734624,-4.6246243,-3.884624,-4.794624,-2.614624,-0.26462403,0.96537596,-1.144624,-1.374624,-0.06462403,-1.524624,0.13537598,0.405376,1.035376,0.28537598,-0.72462404,2.195376,0.25537598,1.735376,1.715376,4.045376,1.0553759,-0.044624023,-0.614624,-0.054624025,0.65537596,0.45537597,0.17537598,-1.484624,-0.694624
3.415376,5.085376,1.045376,-2.444624,-3.854624,-1.6946241,-2.5046241,-3.774624,-1.024624,-1.734624,-3.314624,-3.594624,-3.884624,-3.774624,-4.134624,-3.314624,-1.3146241,-0.874624,1.0653759,1.645376,2.155376,-0.72462404,0.96537596,-0.054624025,0.685376,0.25537598,-0.44462404,1.1753759,0.52537596,2.065376,1.655376,0.77537596,1.045376,-1.244624,-0.48462403,3.985376,4.085376,1.105376,0.615376,0.05537598,-0.054624025
0.885376,0.615376,-0.864624,-1.5746241,-2.214624,-1.974624,-1.8046241,-2.604624,-3.034624,-0.44462404,-2.774624,-4.134624,-6.944624,-6.004624,-3.914624,-4.144624,-3.784624,-2.074624,-1.8246241,-2.594624,-1.864624,-0.16462402,0.755376,-0.22462402,-0.90462404,-1.6946241,-3.154624,-2.314624,-0.27462402,-1.224624,-2.124624,-1.784624,-0.59462404,1.6753759,0.505376,-3.0046241,-0.60462403,3.025376,1.095376,0.34537598,0.855376
-0.19462402,-1.144624,-1.014624,-2.774624,-2.404624,-1.594624,-2.134624,-1.484624,-2.404624,-3.134624,-1.114624,-4.144624,-6.004624,-7.134624,-6.554624,-4.224624,-4.174624,-3.314624,-2.874624,-2.124624,-0.19462402,1.325376,1.365376,0.77537596,0.42537597,-0.694624,-1.154624,-1.884624,-2.554624,-2.484624,-2.624624,0.605376,1.765376,2.475376,-0.21462402,-2.774624,0.66537595,-1.714624,-1.494624,-2.324624,-0.894624
0.39537597,-0.284624,-0.84462404,-1.8246241,-3.0046241,-1.1846241,-1.584624,-1.3046241,-2.134624,-3.274624,-3.2546241,-4.064624,-5.514624,-6.604624,-6.914624,-6.364624,-4.994624,-3.664624,-2.9946241,-2.804624,-3.264624,-2.264624,-2.2446241,0.28537598,0.13537598,0.12537597,-0.23462403,-2.224624,-1.924624,-2.544624,-3.324624,-3.024624,0.47537598,0.805376,2.075376,10.405376,2.2453759,4.785376,-1.084624,-2.844624,-1.974624
1.635376,1.545376,1.535376,-0.35462403,-2.564624,-0.11462402,-0.71462405,-2.204624,-1.724624,-1.534624,-2.104624,-2.444624,-3.584624,-4.174624,-5.434624,-6.234624,-6.454624,-6.634624,-3.324624,-2.464624,-2.894624,-3.184624,-3.324624,-2.564624,1.1953759,1.9353759,0.23537597,-1.784624,-2.934624,-2.054624,-3.144624,-4.354624,-3.874624,-0.47462404,-1.104624,-1.244624,-3.044624,0.39537597,1.965376,1.115376,2.115376
-1.174624,-1.704624,-2.384624,-2.874624,-2.814624,-2.714624,-2.7546241,-2.474624,-1.784624,-2.564624,-1.364624,-1.544624,-3.314624,-4.734624,-6.394624,-6.114624,-7.174624,-7.434624,-4.744624,-2.414624,-3.404624,-3.614624,-3.534624,-2.974624,-2.334624,-0.38462403,-1.0746241,-0.20462403,-0.734624,-2.654624,-2.064624,-2.324624,-1.404624,-2.204624,0.635376,-0.90462404,-1.004624,2.2553759,-1.604624,-0.254624,-2.544624
-2.364624,-2.174624,-2.934624,-3.594624,-3.7446241,-3.944624,-3.9946241,-3.784624,-3.634624,-2.184624,-1.724624,-3.364624,-2.964624,-4.094624,-5.264624,-6.104624,-6.484624,-6.684624,-6.444624,-3.474624,-1.784624,-3.014624,-3.614624,-2.704624,-1.9446241,-2.034624,-0.78462404,-1.204624,-0.074624024,0.08537598,-0.254624,-1.9446241,-0.44462404,1.275376,1.795376,2.405376,-2.384624,0.47537598,1.385376,1.745376,-2.624624
-2.654624,-2.564624,-2.824624,-2.974624,-3.344624,-3.484624,-3.324624,-3.984624,-3.984624,-3.354624,0.18537597,-1.6846241,-1.8246241,-2.794624,-3.524624,-4.244624,-4.564624,-5.074624,-5.564624,-6.524624,-5.484624,-5.474624,-2.384624,-2.524624,-2.164624,-0.27462402,-0.39462402,-0.38462403,-0.08462402,0.635376,1.145376,0.28537598,-0.014624024,-0.104624026,-0.17462403,-0.044624023,-0.044624023,-2.534624,0.24537598,3.445376,3.175376
-2.434624,-2.5046241,-2.554624,-2.854624,-3.064624,-3.034624,-2.874624,-2.984624,-3.794624,-4.114624,-0.90462404,0.64537597,-0.704624,-1.5746241,-2.824624,-3.284624,-3.984624,-3.974624,-3.674624,-4.324624,-4.104624,-4.634624,-6.074624,-6.1246243,-1.764624,-0.78462404,0.625376,1.605376,2.105376,1.885376,1.755376,1.125376,0.435376,0.41537598,0.25537598,0.38537598,0.545376,1.865376,1.245376,1.285376,0.16537598
-1.764624,-2.4946241,-1.924624,-2.164624,-2.024624,-2.664624,-2.354624,-2.274624,-3.2546241,-3.034624,-1.754624,-2.564624,-0.614624,-1.504624,-1.954624,-2.714624,-3.154624,-3.444624,-2.914624,-3.034624,-3.154624,-3.524624,-3.324624,-3.354624,-4.674624,-5.424624,-4.234624,3.645376,3.855376,3.215376,2.025376,1.965376,1.085376,1.415376,1.035376,0.21537597,0.855376,2.295376,1.975376,1.865376,1.0653759
0.24537598,-0.42462403,-1.774624,-1.3246241,-1.774624,-1.464624,-1.514624,-1.674624,-2.2446241,-1.664624,-1.744624,-1.3146241,-1.874624,-2.264624,-2.184624,-2.564624,-2.484624,-2.644624,-2.644624,-2.4946241,-2.044624,-1.604624,-1.164624,-1.904624,-3.274624,-3.234624,-3.274624,-5.764624,4.335376,3.345376,3.285376,2.885376,2.415376,2.375376,2.155376,1.995376,1.4453759,1.105376,1.145376,0.625376,0.505376
-0.864624,-0.45462403,-0.77462405,-1.104624,-1.4346241,-1.3146241,-1.244624,-1.364624,-0.91462404,-0.884624,-0.46462402,-0.85462403,-0.77462405,-1.794624,-2.634624,-2.354624,-2.0046241,-1.5646241,-1.164624,-1.234624,-1.154624,-0.624624,-1.724624,-1.924624,-1.924624,-3.364624,-2.784624,-0.824624,-2.554624,1.875376,3.445376,3.575376,3.4953759,3.365376,2.5053759,2.525376,1.905376,1.0653759,0.625376,1.255376,1.295376
-0.43462402,-1.234624,-1.154624,0.47537598,-0.46462402,-0.13462402,-0.20462403,0.42537597,0.065375976,0.08537598,0.685376,1.5653759,1.765376,-1.954624,-1.094624,-1.284624,-1.4346241,-1.394624,-0.924624,-0.43462402,-0.47462404,0.09537598,-0.46462402,-1.3046241,-1.924624,-2.7546241,-2.574624,-2.394624,-2.024624,-2.024624,0.635376,3.945376,3.705376,3.615376,3.615376,3.305376,3.185376,3.415376,2.475376,2.825376,1.1753759
