wind_kz.json
{"header": {"discipline":0,"disciplineName":"Meteorological products","gribEdition":2,"gribLength":1025,"center":7,"centerName":"US National Weather Service - NCEP(WMC)","subcenter":0,"refTime":"2024-02-01T00:00:00.000Z","significanceOfRT":1,"significanceOfRTName":"Start of forecast","productStatus":0,"productStatusName":"Operational products","productType":1,"productTypeName":"Forecast products","productDefinitionTemplate":0,"productDefinitionTemplateName":"Analysis/forecast at horizontal level/layer at a point in time","parameterCategory":2,"parameterCategoryName":"UnknownDiscipline_0_Category_2","parameterNumber":2,"parameterNumberName":"UnknownParameter_D0_C2_2","parameterUnit":"Unknown","genProcessType":2,"genProcessTypeName":"Forecast","forecastTime":120,"surface1Type":103,"surface1TypeName":"Specified height level above ground","surface1Value":10.0,"surface2Type":255,"surface2TypeName":"Missing","surface2Value":0.0,"gridDefinitionTemplate":0,"gridDefinitionTemplateName":"Latitude_Longitude","numberPoints":615,"shape":6,"shapeName":"Earth spherical with radius of 6,371,229.0 m","gridUnits":"degrees","resolution":48,"winds":"true","scanMode":64,"nx":41,"ny":15,"basicAngle":0,"lo1":47.0,"la1":41.0,"lo2":87.0,"la2":55.0,"dx":1.0,"dy":1.0}, "data":
[rows 0 to 14 of 15, columns 0 to 40 of 41]
1.1810743,-1.0589257,6.011074,6.831074,7.891074,2.5810742,-0.40892577,-1.5189258,-3.6189258,-3.6389258,-2.7289257,-3.3389258,-3.0689259,-2.8589258,-2.788926,-2.4289258,-2.5789258,-2.0589259,-1.9889258,-2.8689258,-4.9389257,-3.9089258,-2.3789258,-2.8589258,-0.5089258,-1.9089258,-3.4889257,-3.4189258,1.0510743,-0.07892578,-1.7989258,1.8210742,-0.16892578,0.64107424,-1.4489257,-1.5689257,-1.0789257,-0.2689258,-1.8689258,-1.6289258,-0.7589258
3.3910742,10.391074,0.16107422,0.77107424,3.1110742,0.9410742,-3.1989257,-3.1089258,-3.2989259,-2.4689257,-2.6289258,-2.8089259,-2.2389257,-2.538926,-0.91892576,-1.8089257,-3.788926,-4.488926,-3.4089258,-2.1989257,-3.6089258,-2.5089257,-1.5389258,-4.048926,-0.60892576,1.6110742,-1.3889258,0.52107424,-3.028926,-2.5589259,0.23107421,-1.0689257,2.4310741,-3.1989257,-0.13892578,0.4510742,-0.72892576,0.8110742,-0.14892578,1.8610742,-1.5789257
9.351074,7.9810743,-0.2689258,0.32107422,-1.7489258,-3.3789258,-4.9389257,-2.7689257,-4.778926,-3.2489257,-1.4689258,-1.5989258,-0.46892577,-0.7089258,-1.0189258,-1.6289258,-2.0189257,-2.5689259,-3.4389257,-3.9489257,-4.108926,-3.9289258,-2.8189259,-2.3189259,-0.2989258,-0.15892579,-1.4389257,-2.2189257,-2.0189257,-0.6489258,-2.0089257,3.0610743,-0.10892578,-0.27892578,0.82107425,-0.59892577,-1.3089257,0.43107423,0.3910742,-0.22892578,1.7510742
6.2110744,9.811074,1.1710743,-1.0189258,-5.5989256,-3.0589259,-5.258926,-4.0989256,-4.0789256,-3.4689257,-2.4089258,-1.0389258,1.2510742,0.38107422,-1.0789257,-1.5789257,-2.2389257,-3.1089258,-3.3589258,-3.8489258,-2.9889257,-1.8589258,-1.9289258,-3.1189258,-3.2589257,-2.9989257,-2.8289258,-2.4289258,-1.6389258,-0.33892578,-1.6289258,-3.9689257,-3.4189258,-1.4689258,-1.4589257,-2.0089257,-2.2589257,1.5310742,0.6610742,0.10107422,1.1910743
6.341074,5.391074,5.1310744,-3.6089258,-4.378926,-4.2689257,-4.168926,-4.758926,-4.5589256,-3.3989258,-2.8389258,0.32107422,1.6610742,1.4510742,-1.6089258,-2.4589257,-2.8289258,-3.1289258,-3.1189258,-3.5689259,-4.318926,-3.9889257,-4.9589257,-4.8489256,-4.628926,-4.8689256,-6.428926,-2.3189259,-3.8589258,-3.5489259,-2.5589259,-1.7389258,-3.1789258,0.16107422,2.3010743,-0.37892577,-1.3489258,-1.2289258,-0.6889258,0.14107423,-0.39892578
5.6310744,2.4110742,1.2410742,-5.8889256,-3.1389258,-4.8889256,-5.7889256,-6.048926,-4.7089257,-4.508926,-3.288926,-1.9389257,-1.4689258,-3.2589257,-2.9689257,-3.1389258,-3.6889257,-3.8789258,-3.6689258,-3.3389258,-3.7289257,-3.2989259,-4.168926,-4.9589257,-5.668926,-6.898926,-4.198926,-3.2289257,-3.9189258,-3.8689258,-3.3789258,-2.8589258,-2.4489257,-1.5589257,-0.23892578,-6.7289257,0.18107422,-3.8889258,1.8610742,-0.7489258,-2.4689257
3.4510741,-0.5189258,-0.01892578,-2.5989258,-3.9889257,-5.008926,-5.678926,-5.758926,-5.3689256,-4.528926,-3.0789258,-2.4989257,-2.6589258,-3.0789258,-2.6189258,-3.4889257,-3.1389258,-4.3489256,-3.9689257,-4.2489257,-3.038926,-3.278926,-3.6089258,-4.0589256,-5.818926,-5.528926,-2.1489258,-3.038926,-3.038926,-3.1089258,-3.8389258,-2.8389258,-0.85892576,-2.2089257,-1.6389258,-1.7289258,-1.0789257,3.211074,-3.2489257,1.6110742,1.0610743
0.9110742,-0.3289258,-1.3889258,-1.4689258,-2.4689257,-2.4189258,-5.2489257,-4.968926,-4.298926,-4.048926,-3.1089258,-2.5089257,-2.0489259,-2.5689259,-2.1289258,-2.3389258,-2.8389258,-4.108926,-3.4089258,-4.508926,-2.0189257,-3.278926,-2.3189259,-2.4489257,-2.8789258,-1.5589257,-1.3489258,-1.7189258,-1.2589258,-1.4189258,-2.6189258,-0.16892578,-1.5889258,-0.30892578,-2.6689258,1.2510742,1.8010743,1.6410742,-3.278926,-5.648926,-2.9989257
0.031074218,0.23107421,0.5010742,-2.7189257,-1.9089258,-3.7489257,-3.7589257,-3.4889257,-3.8389258,-2.6089258,-2.0489259,-1.0889258,-0.24892578,-1.1289258,-1.8089257,-1.7689258,-1.9889258,-2.3689258,-1.5089258,-2.528926,-3.0689259,-1.0289258,-1.0489258,-2.0189257,-0.5589258,-2.3389258,-1.9889258,-1.4989258,-0.098925784,-1.1589258,0.021074219,0.8010742,1.5310742,-1.3089257,-2.1289258,-2.278926,0.44107422,-2.0189257,-1.7789258,0.71107423,-2.7089257
1.2510742,0.6910742,-0.30892578,-0.3289258,-1.2789258,-2.3589258,-3.2189257,-2.9289258,-1.8889258,-0.8689258,-0.4489258,0.16107422,-0.14892578,-0.27892578,-0.13892578,-0.9589258,-0.8989258,-0.8689258,-0.7089258,-1.4289258,-0.9589258,0.46107423,-0.8889258,0.23107421,-1.0989258,-1.1889257,-0.05892578,-1.4889258,-0.54892576,0.8810742,0.021074219,1.6610742,0.34107423,-1.1189258,-1.3689258,-1.1889257,-2.778926,-0.18892579,-2.3389258,-0.14892578,-1.9589257
3.0810742,2.2010741,0.95107424,0.17107421,0.3910742,-0.8989258,0.4810742,0.35107422,0.3010742,0.10107422,0.3310742,1.2410742,-0.008925782,0.7810742,1.9510742,0.051074218,0.35107422,0.20107421,-0.73892576,0.24107422,0.20107421,-1.2489258,-1.0489258,0.11107422,0.7910742,0.5910742,1.8610742,0.9810742,0.8110742,0.52107424,2.1110742,-0.008925782,-1.5189258,-0.6989258,-0.4489258,-1.6689258,-1.6689258,0.6210742,-1.7389258,1.2310742,-1.8789258
2.6110742,2.4310741,3.5610743,3.221074,2.5210743,1.3810742,1.1110742,2.3110743,2.2010741,-0.4789258,0.5610742,0.5410742,-0.2989258,2.7010741,2.2410743,2.6510742,1.6610742,0.7410742,0.7910742,1.2510742,0.26107422,0.7310742,0.021074219,0.7210742,2.4310741,2.6610742,3.2010741,1.4210743,1.6610742,0.9710742,0.83107424,0.71107423,-0.18892579,-1.4089258,0.23107421,1.8210742,-0.49892578,-0.7489258,-0.14892578,-0.5789258,-0.60892576
4.2710743,6.3110743,7.121074,6.8610744,5.0610743,3.2710743,3.4010742,3.4210742,2.711074,-0.10892578,0.22107422,0.011074219,0.44107422,2.4910743,1.1110742,1.6510742,2.4810743,1.1710743,1.7210742,1.7610742,1.6510742,1.8310742,2.3510742,1.5710742,3.9510741,3.8510742,2.1010742,0.52107424,0.7510742,1.1010742,0.9910742,1.3710742,0.8410742,0.6810742,0.6710742,1.3810742,1.2110742,-0.17892578,-0.6289258,-0.8789258,-1.1789258
3.1610742,4.4210744,6.851074,8.081074,5.9610744,4.121074,2.9410741,1.6410742,0.7410742,-0.73892576,-0.9689258,-2.0189257,0.3010742,1.9410743,0.34107423,2.0110743,2.1710742,2.7810743,1.1710743,2.3810742,2.471074,3.1710742,3.6810741,3.4010742,3.3610742,1.9610742,-0.7789258,1.2010742,0.4910742,1.6410742,1.5610743,1.1310742,1.4110742,1.3310742,1.0310742,1.0310742,0.16107422,-0.8189258,-1.2789258,0.71107423,-0.6989258
0.6210742,2.3110743,3.4410741,2.4910743,0.9410742,0.7210742,0.28107423,0.12107422,-0.79892576,-1.4289258,-1.2589258,-1.3089257,-1.3089257,0.5010742,0.7310742,1.5210742,1.7510742,2.9310741,2.1710742,2.3610742,2.5210743,2.5410743,2.7710743,2.5510743,2.6910741,2.8110743,1.7810742,1.4410743,1.7210742,2.0910742,2.4310741,2.0810742,1.8210742,2.2910743,2.3110743,2.4210742,0.04107422,1.8110743,0.71107423,0.14107423,-1.6989257
