wind_kz.json
{"header": {"discipline":0,"disciplineName":"Meteorological products","gribEdition":2,"gribLength":948,"center":7,"centerName":"US National Weather Service - NCEP(WMC)","subcenter":0,"refTime":"2024-04-09T12:00:00.000Z","significanceOfRT":1,"significanceOfRTName":"Start of forecast","productStatus":0,"productStatusName":"Operational products","productType":1,"productTypeName":"Forecast products","productDefinitionTemplate":0,"productDefinitionTemplateName":"Analysis/forecast at horizontal level/layer at a point in time","parameterCategory":0,"parameterCategoryName":"UnknownDiscipline_0_Category_0","parameterNumber":0,"parameterNumberName":"UnknownParameter_D0_C0_0","parameterUnit":"Unknown","genProcessType":2,"genProcessTypeName":"Forecast","forecastTime":240,"surface1Type":1,"surface1TypeName":"Ground or water surface","surface1Value":0.0,"surface2Type":255,"surface2TypeName":"Missing","surface2Value":0.0,"gridDefinitionTemplate":0,"gridDefinitionTemplateName":"Latitude_Longitude","numberPoints":615,"shape":6,"shapeName":"Earth spherical with radius of 6,371,229.0 m","gridUnits":"degrees","resolution":48,"winds":"true","scanMode":64,"nx":41,"ny":15,"basicAngle":0,"lo1":47.0,"la1":41.0,"lo2":87.0,"la2":55.0,"dx":1.0,"dy":1.0}, "data":
[rows 0 to 14 of 15, columns 0 to 40 of 41]
300.43066,291.83066,295.03067,283.33066,284.53067,286.63068,303.43066,311.53067,307.73065,308.03067,306.33066,307.53067,305.83066,305.23065,304.33066,302.93066,299.43066,292.23065,303.43066,299.83066,304.53067,300.33066,296.23065,291.53067,295.93066,296.83066,289.23065,282.23065,278.43066,277.13068,276.33066,275.93066,293.73065,299.83066,300.13068,300.33066,300.33066,299.33066,299.03067,299.23065,299.43066
280.23065,294.13068,284.13068,284.73065,286.73065,287.53067,313.03067,309.73065,307.63068,306.63068,308.03067,305.93066,306.53067,305.43066,304.03067,302.33066,292.93066,296.73065,302.43066,301.63068,303.23065,300.73065,294.23065,283.33066,274.93066,273.13068,291.33066,274.13068,285.63068,275.33066,285.73065,269.13068,287.13068,256.83066,267.73065,295.53067,293.93066,295.23065,296.53067,290.43066,283.03067
292.53067,285.03067,284.43066,285.13068,284.63068,309.23065,308.63068,308.93066,307.73065,306.03067,303.63068,303.73065,304.03067,304.53067,303.43066,295.93066,297.13068,301.03067,299.83066,299.43066,302.83066,301.23065,297.63068,288.93066,293.53067,289.83066,291.93066,292.43066,290.83066,284.53067,276.33066,279.03067,287.93066,288.93066,289.73065,288.63068,280.93066,286.63068,284.33066,281.23065,271.33066
295.13068,284.83066,283.83066,284.13068,289.03067,308.33066,308.23065,309.33066,309.23065,308.63068,305.23065,301.83066,287.23065,287.73065,301.13068,304.13068,296.83066,297.53067,301.73065,301.43066,300.73065,293.93066,300.83066,299.83066,299.13068,297.53067,297.03067,292.33066,292.53067,294.33066,295.83066,295.83066,300.93066,301.53067,298.53067,291.13068,280.23065,268.43066,284.43066,291.53067,295.03067
295.13068,285.43066,284.53067,284.93066,295.13068,309.23065,309.53067,312.03067,310.53067,309.63068,307.03067,303.73065,286.83066,286.33066,284.63068,305.03067,304.83066,303.83066,299.73065,302.43066,301.03067,301.23065,299.43066,300.23065,298.43066,296.93066,292.73065,291.23065,298.23065,299.13068,300.23065,296.73065,285.33066,271.43066,288.63068,296.73065,293.03067,301.13068,300.23065,300.13068,298.53067
294.83066,301.63068,285.73065,284.63068,283.33066,286.73065,312.03067,309.23065,309.53067,308.13068,307.63068,307.23065,289.33066,286.23065,289.13068,302.13068,304.03067,303.23065,303.43066,303.23065,301.23065,299.33066,299.73065,298.93066,298.03067,295.03067,295.73065,271.73065,298.83066,299.53067,298.53067,299.03067,297.63068,295.83066,291.53067,291.23065,289.03067,290.23065,299.33066,299.33066,297.53067
288.73065,295.93066,299.43066,303.73065,299.03067,303.73065,308.63068,306.23065,306.13068,306.03067,306.73065,303.43066,303.33066,302.63068,302.13068,302.63068,302.03067,303.23065,301.83066,300.53067,299.13068,299.43066,298.63068,297.53067,296.13068,296.13068,297.13068,297.13068,298.03067,298.03067,298.33066,296.53067,296.43066,295.93066,296.63068,294.43066,289.13068,285.83066,278.83066,284.43066,293.63068
290.83066,291.83066,296.53067,300.93066,304.33066,305.43066,305.33066,302.23065,301.33066,302.53067,302.33066,302.03067,302.13068,300.53067,300.73065,300.63068,300.83066,299.43066,299.03067,297.53067,297.23065,297.13068,297.13068,296.83066,296.03067,294.03067,295.13068,295.63068,293.33066,295.03067,293.53067,294.13068,292.63068,290.03067,290.43066,292.73065,294.33066,273.13068,292.73065,293.53067,290.73065
291.03067,292.53067,294.63068,297.13068,297.43066,301.03067,302.23065,299.93066,298.33066,299.13068,299.23065,300.43066,301.13068,301.63068,300.63068,300.23065,299.03067,299.03067,298.23065,298.03067,296.13068,296.73065,297.53067,296.23065,295.23065,294.93066,293.33066,292.63068,291.93066,289.83066,290.33066,290.53067,292.33066,291.43066,291.43066,289.83066,290.33066,288.73065,273.03067,273.73065,271.53067
292.93066,289.83066,291.43066,293.43066,294.13068,296.53067,295.63068,300.23065,299.53067,297.83066,297.53067,298.23065,300.43066,301.93066,302.03067,301.43066,300.63068,300.13068,298.93066,297.33066,296.63068,296.23065,297.83066,296.83066,297.23065,295.83066,295.83066,294.93066,292.83066,291.73065,291.83066,293.83066,294.33066,292.43066,291.33066,290.83066,290.13068,286.43066,276.03067,283.73065,278.23065
294.13068,294.23065,293.43066,292.33066,294.13068,292.83066,293.33066,296.03067,293.93066,297.83066,294.73065,295.73065,298.63068,298.63068,300.93066,301.33066,300.53067,300.93066,299.73065,299.83066,300.23065,298.63068,298.13068,297.73065,296.83066,296.83066,294.13068,295.73065,295.53067,296.03067,295.43066,295.03067,293.53067,293.93066,292.33066,289.83066,284.13068,284.23065,285.23065,283.13068,280.63068
293.63068,292.93066,295.83066,293.13068,293.13068,292.93066,294.13068,293.63068,294.63068,295.43066,292.93066,295.53067,295.13068,293.83066,297.53067,298.53067,298.93066,299.03067,298.93066,298.73065,297.03067,298.03067,296.13068,296.13068,294.23065,295.53067,297.03067,297.93066,297.43066,296.13068,295.13068,294.13068,293.23065,290.93066,291.33066,289.93066,288.63068,288.33066,286.23065,286.83066,285.73065
288.63068,292.43066,293.63068,292.73065,292.43066,292.43066,293.83066,295.03067,296.23065,294.13068,292.03067,292.13068,296.23065,294.53067,294.23065,296.43066,297.23065,297.23065,298.13068,295.43066,296.63068,295.83066,295.93066,295.93066,297.73065,297.83066,297.23065,296.73065,295.33066,295.83066,295.73065,294.43066,293.33066,291.63068,290.83066,289.13068,288.13068,287.93066,286.33066,285.83066,284.93066
289.93066,290.53067,282.23065,290.03067,290.93066,290.63068,291.53067,291.63068,293.83066,293.53067,290.03067,288.03067,292.33066,293.83066,294.83066,295.23065,296.33066,297.03067,297.43066,296.63068,295.53067,296.33066,296.03067,296.23065,297.43066,297.43066,296.83066,295.73065,294.43066,292.63068,294.33066,293.23065,291.63068,288.33066,287.33066,285.33066,284.23065,283.73065,283.73065,281.83066,282.23065
288.23065,290.33066,273.33066,289.63068,289.53067,289.03067,291.33066,290.73065,291.33066,291.23065,289.53067,290.13068,287.93066,289.93066,292.23065,294.33066,293.73065,293.33066,296.83066,295.23065,295.23065,294.33066,294.23065,293.13068,294.33066,294.63068,294.83066,293.03067,293.63068,291.33066,288.83066,283.23065,290.03067,288.83066,287.03067,284.83066,284.33066,281.63068,281.23065,280.03067,278.93066
