wind_kz.json
{"header": {"discipline":0,"disciplineName":"Meteorological products","gribEdition":2,"gribLength":1025,"center":7,"centerName":"US National Weather Service - NCEP(WMC)","subcenter":0,"refTime":"2023-09-09T12:00:00.000Z","significanceOfRT":1,"significanceOfRTName":"Start of forecast","productStatus":0,"productStatusName":"Operational products","productType":1,"productTypeName":"Forecast products","productDefinitionTemplate":0,"productDefinitionTemplateName":"Analysis/forecast at horizontal level/layer at a point in time","parameterCategory":2,"parameterCategoryName":"UnknownDiscipline_0_Category_2","parameterNumber":3,"parameterNumberName":"UnknownParameter_D0_C2_3","parameterUnit":"Unknown","genProcessType":2,"genProcessTypeName":"Forecast","forecastTime":0,"surface1Type":103,"surface1TypeName":"Specified height level above ground","surface1Value":10.0,"surface2Type":255,"surface2TypeName":"Missing","surface2Value":0.0,"gridDefinitionTemplate":0,"gridDefinitionTemplateName":"Latitude_Longitude","numberPoints":615,"shape":6,"shapeName":"Earth spherical with radius of 6,371,229.0 m","gridUnits":"degrees","resolution":48,"winds":"true","scanMode":64,"nx":41,"ny":15,"basicAngle":0,"lo1":47.0,"la1":41.0,"lo2":87.0,"la2":55.0,"dx":1.0,"dy":1.0}, "data":
[rows 0 to 14 of 15, columns 0 to 40 of 41]
0.54112303,1.2411231,-1.828877,-2.518877,-3.848877,-5.188877,-5.398877,-5.148877,-5.848877,-5.278877,-6.948877,-7.8388767,-2.4288769,-1.6488769,-2.738877,-3.768877,-4.218877,-3.668877,-4.948877,-5.148877,-4.108877,-4.368877,-4.408877,0.931123,3.3111231,-0.48887694,0.84112304,1.4911231,-2.738877,-1.958877,-1.578877,-2.158877,-1.1588769,1.671123,1.671123,-3.138877,1.031123,1.661123,-1.3888769,-2.528877,-2.648877
0.5611231,1.6211231,-0.8788769,-0.73887694,-1.438877,-5.0888767,2.621123,-0.9988769,0.71112305,0.44112304,-2.498877,-4.5688767,-7.858877,-8.148877,-4.658877,-5.998877,-5.448877,-3.9588768,-4.058877,-4.128877,-4.578877,-3.568877,-3.338877,1.061123,2.021123,2.211123,1.431123,2.681123,-0.96887696,1.781123,-0.11887696,-2.668877,0.611123,-0.85887694,0.801123,0.26112306,1.801123,1.071123,-2.6888769,-1.8988769,-1.108877
1.2211231,2.5311232,2.0711231,-0.568877,-1.828877,-1.6488769,-0.018876953,-2.798877,-1.5088769,-0.38887694,0.23112305,0.15112305,4.231123,3.2811232,-2.608877,-4.178877,-5.008877,-5.008877,-5.558877,-4.188877,-3.768877,-3.328877,-1.418877,1.311123,-1.6488769,-1.9888769,-1.318877,-3.478877,2.711123,0.33112305,0.061123047,-1.208877,-2.418877,-2.348877,2.511123,-1.838877,-2.4288769,-3.6788769,-2.068877,0.84112304,0.39112306
3.471123,5.561123,4.901123,3.091123,1.0911231,1.3411231,0.72112304,2.021123,1.031123,0.6211231,2.2811232,3.771123,-0.79887694,-0.79887694,-3.268877,-3.9288769,-2.918877,-2.918877,-3.288877,-3.818877,-2.518877,0.31112304,-5.008877,-1.468877,1.4911231,0.52112305,-0.33887696,2.0311232,-2.658877,-2.018877,-0.058876954,-6.908877,-1.428877,0.79112303,-2.2088768,0.79112303,1.151123,1.9711231,-1.6488769,-2.488877,-3.408877
-1.168877,1.6011231,0.17112304,1.3411231,-1.3988769,1.801123,1.2411231,-0.43887696,0.90112305,-0.638877,-0.45887697,2.2811232,3.2811232,0.10112305,-0.15887696,-0.90887696,-2.328877,-1.178877,-2.798877,-3.898877,-2.068877,-1.1388769,0.13112305,0.861123,0.44112304,-0.45887697,1.781123,2.641123,0.41112304,6.641123,-0.59887695,2.201123,-0.28887695,-2.088877,-1.358877,2.771123,2.151123,0.91112304,-0.76887697,-1.968877,-1.6588769
3.601123,2.021123,7.151123,3.841123,2.221123,1.031123,-0.7488769,0.37112305,0.801123,-1.328877,-0.79887694,1.391123,5.541123,4.111123,0.83112305,-2.878877,-2.898877,-2.138877,-2.098877,-3.558877,-2.908877,-0.698877,0.5011231,1.8711231,3.891123,4.341123,3.841123,4.301123,2.491123,1.3411231,6.301123,8.061123,2.0711231,-1.6388769,-1.3988769,-0.54887694,-1.358877,-2.4488769,0.29112303,2.331123,-1.3888769
-0.9988769,-1.3788769,-1.9988769,0.18112305,6.771123,3.911123,5.001123,3.131123,2.681123,-0.15887696,-0.89887697,-0.58887696,-1.4888769,-1.728877,-1.668877,-1.2488769,-1.098877,-1.068877,-1.828877,-3.158877,-3.268877,-2.478877,0.11112305,1.301123,4.651123,4.471123,4.331123,3.421123,6.101123,5.051123,3.921123,4.791123,-0.12887695,-0.61887693,-2.588877,-1.2588769,1.2511231,-1.168877,-1.6188769,0.13112305,1.141123
0.27112305,0.31112304,0.11112305,1.531123,1.931123,1.2511231,2.111123,2.371123,1.291123,-0.24887696,-0.40887696,-0.53887695,-1.1588769,-0.43887696,-0.23887695,-0.28887695,-0.698877,-0.89887697,-1.348877,-2.278877,-3.9588768,-4.948877,-2.128877,0.49112305,4.371123,5.441123,4.971123,6.631123,6.721123,5.281123,2.2911232,2.8211231,2.891123,1.7211231,-2.288877,-0.33887696,-0.64887697,-1.228877,0.43112305,0.41112304,0.34112304
-2.128877,-0.32887694,0.931123,0.90112305,1.661123,1.2211231,0.91112304,1.521123,0.77112305,-0.40887696,-0.51887697,0.28112304,-1.8788769,-2.818877,-2.498877,0.58112305,0.24112305,1.3811231,-0.70887697,-1.808877,-1.418877,-5.738877,-1.288877,-0.51887697,5.141123,3.881123,4.881123,5.201123,5.021123,5.071123,5.491123,3.971123,1.161123,0.25112304,-1.798877,1.691123,0.59112304,-2.9588768,-3.488877,-1.968877,0.96112305
-2.1988769,0.6211231,1.961123,-0.30887696,1.561123,1.301123,0.65112305,1.191123,2.0711231,1.7211231,-0.7488769,-1.1488769,-1.1488769,-1.5288769,1.441123,0.43112305,-1.308877,1.071123,1.311123,-0.19887695,1.451123,-2.518877,-4.738877,-5.758877,-0.40887696,6.341123,0.121123046,1.961123,5.571123,1.0911231,1.911123,1.791123,1.141123,-0.6288769,-1.2688769,0.10112305,-0.35887694,-0.22887695,1.021123,-0.22887695,-1.568877
-3.628877,-0.59887695,-0.8788769,0.90112305,0.54112303,2.941123,1.8611231,0.49112305,-0.44887695,-0.20887695,-0.73887694,-0.39887697,-1.538877,-2.738877,-1.418877,-0.578877,1.821123,1.671123,3.381123,2.941123,3.701123,-2.4588768,1.551123,-4.408877,-2.1788769,2.111123,2.171123,1.5111231,1.2611231,1.6111231,1.2511231,0.76112306,-0.51887697,0.26112306,-2.228877,-1.5188769,0.27112305,0.121123046,-1.788877,-1.068877,-0.26887694
-4.698877,-3.9688768,-5.858877,-5.8388767,-5.488877,-3.918877,-3.258877,-4.518877,-4.978877,-5.3188767,-3.738877,-3.288877,-1.798877,1.451123,2.8211231,3.891123,2.5311232,2.8111231,3.881123,3.231123,4.861123,2.671123,-1.048877,-2.048877,2.951123,3.691123,1.3611231,3.171123,2.5611231,1.401123,1.781123,1.021123,0.31112304,-0.85887694,0.21112305,-0.86887693,-2.528877,-1.818877,-1.428877,-0.36887696,-0.85887694
-5.5688767,-4.288877,-2.838877,-0.36887696,0.31112304,1.211123,1.5911231,2.691123,3.091123,2.131123,1.1211231,-0.26887694,0.011123047,3.631123,2.251123,4.291123,4.531123,2.371123,4.571123,4.271123,3.241123,4.021123,2.831123,2.251123,2.0611231,1.9711231,1.191123,1.051123,0.64112306,0.011123047,0.741123,0.20112304,-0.91887695,-0.32887694,0.36112306,0.23112305,-1.208877,-0.84887695,-1.9988769,1.431123,0.551123
-3.858877,-3.228877,-4.3188767,-1.948877,-3.058877,-6.038877,-1.5188769,-0.95887697,2.431123,3.411123,0.671123,-2.258877,-3.1988769,-3.4288769,-2.068877,-0.86887693,-0.28887695,1.1111231,0.611123,1.3411231,2.5611231,2.361123,2.0311232,2.5311232,1.691123,0.85112303,0.8711231,0.52112305,0.48112306,-0.34887695,-0.568877,-0.6288769,0.7511231,-0.54887694,0.57112306,-1.218877,-1.358877,-0.96887696,-1.5188769,0.07112305,-1.1588769
-2.4288769,-4.118877,-4.908877,-5.748877,-5.148877,-5.098877,-4.898877,-2.038877,-3.758877,-3.9588768,-1.8888769,-1.468877,-2.638877,-2.388877,-0.91887695,-0.70887697,-0.23887695,-0.38887694,-0.818877,-1.1488769,0.85112303,0.97112304,1.1211231,1.931123,2.0611231,2.341123,2.341123,1.661123,1.281123,0.48112306,0.5611231,-0.77887696,1.1211231,0.78112304,0.25112304,-1.178877,-1.308877,-2.278877,-0.888877,1.5111231,-0.11887696
