wind_kz.json
{"header": {"discipline":0,"disciplineName":"Meteorological products","gribEdition":2,"gribLength":871,"center":7,"centerName":"US National Weather Service - NCEP(WMC)","subcenter":0,"refTime":"2023-09-30T00:00:00.000Z","significanceOfRT":1,"significanceOfRTName":"Start of forecast","productStatus":0,"productStatusName":"Operational products","productType":1,"productTypeName":"Forecast products","productDefinitionTemplate":0,"productDefinitionTemplateName":"Analysis/forecast at horizontal level/layer at a point in time","parameterCategory":0,"parameterCategoryName":"UnknownDiscipline_0_Category_0","parameterNumber":0,"parameterNumberName":"UnknownParameter_D0_C0_0","parameterUnit":"Unknown","genProcessType":2,"genProcessTypeName":"Forecast","forecastTime":120,"surface1Type":1,"surface1TypeName":"Ground or water surface","surface1Value":0.0,"surface2Type":255,"surface2TypeName":"Missing","surface2Value":0.0,"gridDefinitionTemplate":0,"gridDefinitionTemplateName":"Latitude_Longitude","numberPoints":615,"shape":6,"shapeName":"Earth spherical with radius of 6,371,229.0 m","gridUnits":"degrees","resolution":48,"winds":"true","scanMode":64,"nx":41,"ny":15,"basicAngle":0,"lo1":47.0,"la1":41.0,"lo2":87.0,"la2":55.0,"dx":1.0,"dy":1.0}, "data":
[rows 0 to 14 of 15, columns 0 to 40 of 41]
289.5853,281.8853,285.1853,294.1853,293.8853,292.6853,292.1853,293.0853,292.4853,292.1853,290.7853,292.4853,289.7853,289.3853,289.0853,286.1853,286.1853,286.0853,284.6853,284.8853,285.5853,284.1853,282.6853,280.1853,283.3853,286.0853,283.7853,271.6853,270.1853,268.8853,270.5853,270.7853,280.2853,286.3853,289.8853,291.3853,287.5853,287.3853,290.0853,289.0853,287.4853
272.1853,285.9853,293.7853,293.7853,293.8853,292.1853,293.5853,293.0853,292.6853,292.5853,292.6853,291.5853,290.7853,286.7853,285.8853,286.5853,282.0853,283.0853,282.4853,282.3853,282.7853,284.0853,282.5853,278.6853,270.8853,270.3853,278.6853,271.0853,270.5853,268.0853,273.8853,268.1853,273.0853,252.4853,271.0853,284.9853,282.8853,285.8853,288.0853,281.4853,283.5853
285.2853,293.1853,293.4853,292.9853,291.3853,291.3853,291.0853,290.1853,289.2853,290.6853,290.0853,289.3853,290.0853,289.9853,287.5853,288.3853,285.0853,281.4853,282.0853,282.3853,282.9853,281.5853,283.5853,279.5853,281.4853,280.3853,283.0853,283.1853,281.6853,276.2853,270.1853,271.2853,275.5853,275.0853,277.3853,277.9853,271.1853,272.3853,271.7853,269.2853,269.9853
286.2853,292.4853,293.0853,292.1853,290.5853,288.3853,288.0853,286.8853,289.6853,288.0853,289.8853,289.7853,290.2853,289.6853,288.5853,284.8853,285.8853,285.1853,283.7853,284.1853,285.3853,279.7853,284.1853,284.6853,284.7853,284.8853,284.9853,284.3853,282.3853,282.8853,283.0853,282.8853,286.1853,284.6853,283.5853,281.3853,269.9853,263.3853,271.5853,279.8853,284.2853
287.8853,291.8853,292.4853,291.4853,289.8853,288.3853,288.5853,287.0853,285.8853,284.9853,285.3853,289.0853,289.1853,287.8853,286.4853,286.2853,287.3853,285.9853,283.2853,285.3853,286.1853,285.3853,283.5853,283.8853,283.4853,283.7853,282.7853,283.2853,282.0853,282.6853,285.8853,283.0853,273.9853,263.0853,273.7853,282.1853,287.1853,285.4853,285.7853,286.0853,285.9853
287.3853,285.5853,290.5853,291.5853,291.4853,291.0853,287.6853,288.8853,285.7853,285.0853,285.3853,285.9853,288.8853,288.8853,286.4853,283.5853,286.3853,285.0853,285.0853,285.9853,285.1853,286.2853,285.8853,283.1853,283.0853,280.0853,281.1853,287.5853,283.0853,283.5853,280.9853,284.6853,283.5853,281.1853,281.3853,284.1853,276.2853,278.0853,281.9853,284.4853,284.7853
283.7853,282.8853,287.9853,288.2853,287.7853,285.7853,287.6853,287.4853,287.8853,287.6853,288.9853,288.6853,285.0853,285.7853,285.3853,285.7853,284.5853,283.6853,282.9853,282.3853,282.2853,282.8853,284.9853,286.4853,284.0853,283.2853,280.7853,283.2853,284.1853,283.0853,282.4853,282.9853,283.3853,284.6853,283.3853,282.0853,277.1853,273.5853,271.4853,271.2853,279.8853
284.3853,283.3853,281.8853,286.1853,288.6853,287.6853,287.1853,286.0853,284.3853,285.6853,285.9853,285.6853,284.7853,284.9853,286.0853,286.4853,285.6853,284.3853,282.1853,278.9853,280.7853,280.8853,282.1853,282.5853,284.2853,281.9853,281.7853,280.9853,279.1853,281.5853,280.9853,282.1853,279.9853,278.3853,278.7853,278.8853,281.2853,285.5853,281.4853,280.8853,277.9853
283.4853,283.4853,283.6853,283.2853,285.6853,285.3853,283.5853,283.4853,281.8853,282.5853,283.8853,282.9853,284.0853,285.0853,284.7853,287.0853,285.4853,284.3853,282.6853,280.9853,278.0853,278.5853,279.8853,280.3853,279.3853,281.9853,280.8853,279.6853,278.0853,276.3853,278.3853,278.8853,278.6853,279.3853,278.4853,277.7853,278.0853,277.2853,265.8853,266.1853,264.1853
283.1853,283.9853,283.8853,283.3853,283.8853,283.5853,282.9853,281.8853,281.6853,281.5853,282.0853,282.2853,283.2853,283.7853,284.5853,284.1853,283.4853,283.5853,283.1853,281.3853,280.4853,280.2853,280.5853,280.0853,279.3853,278.6853,280.2853,280.4853,279.9853,279.8853,279.1853,280.7853,281.0853,280.2853,278.8853,277.3853,277.7853,273.2853,269.6853,269.3853,267.0853
282.4853,282.5853,282.7853,282.4853,282.5853,282.1853,282.4853,282.0853,280.9853,280.9853,281.5853,281.5853,282.4853,282.4853,282.4853,283.7853,283.2853,284.2853,285.3853,283.8853,281.5853,283.2853,282.1853,281.9853,278.9853,277.9853,277.0853,280.1853,281.0853,281.7853,281.8853,281.7853,280.1853,280.5853,278.4853,276.9853,275.6853,272.7853,271.7853,273.1853,274.0853
280.6853,282.0853,282.2853,281.9853,281.7853,281.3853,280.1853,280.3853,281.1853,280.5853,279.1853,280.1853,281.6853,281.4853,281.6853,281.9853,282.3853,282.9853,285.3853,284.9853,282.4853,280.2853,279.9853,282.2853,280.0853,279.1853,278.2853,279.6853,281.2853,281.2853,280.6853,280.2853,280.3853,277.8853,278.0853,276.2853,276.4853,277.0853,277.1853,276.9853,276.1853
283.0853,282.1853,282.7853,282.6853,283.6853,283.2853,280.9853,280.3853,279.8853,280.1853,278.8853,279.1853,280.9853,282.0853,281.3853,283.4853,281.5853,281.2853,281.9853,281.1853,281.1853,279.9853,279.2853,281.5853,279.5853,279.6853,280.4853,279.0853,279.2853,279.9853,280.1853,279.5853,279.4853,278.6853,277.9853,277.0853,275.7853,276.8853,275.7853,274.7853,275.2853
283.6853,284.0853,284.6853,284.4853,282.5853,282.5853,281.4853,281.7853,282.1853,280.5853,280.4853,278.8853,281.7853,283.6853,284.0853,284.2853,283.7853,282.5853,281.0853,280.8853,280.7853,280.2853,280.5853,280.4853,280.5853,282.4853,279.8853,279.1853,278.2853,278.2853,279.3853,278.9853,278.4853,278.0853,277.6853,276.4853,276.3853,274.9853,274.5853,274.4853,274.5853
284.6853,285.2853,285.1853,285.0853,284.3853,284.0853,283.6853,283.0853,283.8853,283.1853,282.8853,281.6853,281.3853,283.7853,283.2853,282.6853,283.6853,283.2853,282.5853,279.9853,280.3853,280.3853,280.2853,280.3853,280.5853,283.0853,280.6853,279.1853,278.4853,277.9853,279.4853,281.0853,277.9853,277.5853,276.7853,276.9853,277.3853,276.2853,276.0853,275.8853,275.3853
