wind.json
{"header": {"discipline":0,"disciplineName":"Meteorological products","gribEdition":2,"gribLength":1125,"center":7,"centerName":"US National Weather Service - NCEP(WMC)","subcenter":0,"refTime":"2023-05-30T12:00:00.000Z","significanceOfRT":1,"significanceOfRTName":"Start of forecast","productStatus":0,"productStatusName":"Operational products","productType":1,"productTypeName":"Forecast products","productDefinitionTemplate":0,"productDefinitionTemplateName":"Analysis/forecast at horizontal level/layer at a point in time","parameterCategory":2,"parameterCategoryName":"UnknownDiscipline_0_Category_2","parameterNumber":3,"parameterNumberName":"UnknownParameter_D0_C2_3","parameterUnit":"Unknown","genProcessType":2,"genProcessTypeName":"Forecast","forecastTime":180,"surface1Type":103,"surface1TypeName":"Specified height level above ground","surface1Value":10.0,"surface2Type":255,"surface2TypeName":"Missing","surface2Value":0.0,"gridDefinitionTemplate":0,"gridDefinitionTemplateName":"Latitude_Longitude","numberPoints":688,"shape":6,"shapeName":"Earth spherical with radius of 6,371,229.0 m","gridUnits":"degrees","resolution":48,"winds":"true","scanMode":64,"nx":43,"ny":16,"basicAngle":0,"lo1":45.0,"la1":40.0,"lo2":87.0,"la2":55.0,"dx":1.0,"dy":1.0}, "data":
[rows 0 to 15 of 16, columns 0 to 42 of 43]
-1.6559906,2.8340094,0.2240094,4.9240093,2.0740094,-6.915991,-6.4459906,-5.4259906,-4.2959905,2.2640095,-1.1359906,3.2740095,2.7740095,-0.3459906,-1.8859906,-1.5559906,-3.1259906,-4.3959904,-2.9959905,-2.6359906,-2.4159906,0.7840094,-1.5059906,2.3540094,3.6040094,2.8140094,2.7040093,4.2340093,1.6640095,-1.0459906,-3.2959907,-2.4859905,-2.2359905,-2.1959906,-0.2759906,-1.8959906,-2.0559907,-2.0559907,-2.9459906,-2.0659907,-1.1759906,-0.0559906,-1.7059906
-1.5059906,-1.0359906,1.0040094,-0.5459906,-1.6559906,-7.5559907,-5.3359904,-8.195991,-3.5059905,5.0340095,0.7740094,0.9440094,0.4340094,2.1240094,1.4440094,-0.3459906,-3.1959906,-4.7759905,-3.7759905,-0.7159906,-0.8959906,-0.4259906,0.3440094,-1.1659906,2.3140094,-2.0659907,-0.2559906,-1.7259907,-1.8059906,0.1140094,-0.5259906,-0.2859906,-2.1359906,-3.7459905,1.8740094,-1.4459906,-0.7959906,-2.3759906,-1.7259907,-2.1259906,-0.9959906,0.074009396,-1.8959906
-1.3059906,1.7240094,1.3340094,-1.2659906,-3.9859905,-5.1359906,-5.665991,-5.2859907,-6.3759904,-5.4859905,-3.5059905,-4.6759906,-4.1759906,0.4840094,2.0940094,0.4540094,-3.4959905,-4.7159905,-1.0659906,-1.6759906,-1.7659906,-3.9059906,-2.2259905,-0.5759906,2.1340094,1.7940094,-1.5959907,-2.5459907,-2.3659906,-0.1359906,0.4140094,1.7840095,3.5040095,1.9340094,-0.3859906,-0.3559906,-4.415991,-2.6759906,-2.5759907,-4.4959908,-2.5259905,-2.1359906,1.5140094
-0.6959906,0.2540094,-1.4359906,-3.3559906,-5.5759907,-6.4459906,-6.2559905,-5.2359905,-4.6359906,-6.0959907,-6.6359906,-7.1159906,-6.5659904,-1.0259906,0.3840094,1.6340094,-1.9559906,-3.9259906,-3.4659905,-2.2659905,-3.2559905,-1.5759906,-0.8259906,0.2440094,0.0640094,-0.8059906,2.3240094,0.9340094,1.9540094,0.2540094,-0.0759906,2.9340093,2.4240093,0.3540094,2.2440095,-0.7859906,0.1140094,1.7840095,0.8540094,-1.6259906,0.1540094,-0.6959906,-0.0359906
-1.8759906,-3.0459907,-1.2459906,-3.5259905,-5.5359907,-5.3659906,-5.5759907,-6.4259906,-5.2959905,-5.3859906,-5.0259905,-5.6459904,-6.2559905,-4.0659904,1.7740093,-1.3159906,-0.8059906,-2.5859907,-4.6159906,-3.1359906,-3.1859906,-0.7859906,-1.5859905,-0.1559906,0.9540094,1.7640094,3.0640094,3.9040093,3.3740094,1.6940094,2.5440094,1.2940094,2.0740094,0.1540094,-1.1159906,-1.0259906,-0.4759906,-2.4559906,-0.5059906,2.0840094,2.7740095,3.2140093,1.7840095
-2.3759906,-2.0859907,-3.4859905,-5.2559905,-4.935991,-5.8159904,-5.8259907,-3.9759905,-4.7459908,-2.3259907,-3.6659906,-4.4659905,-4.5659904,-2.9559906,-4.665991,0.5440094,0.5240094,-1.8059906,-2.5559907,-3.2359905,-2.6359906,-1.1159906,-0.1159906,-2.2759905,-2.4959905,-1.0659906,1.9040093,3.6640093,2.6740093,2.8840094,2.9940095,1.7440094,3.0040095,1.5740094,2.5040095,1.6440094,-1.1259906,-1.7559906,1.9840094,1.0040094,-0.0059906007,0.1340094,1.8640094
-2.4159906,-3.3359907,-3.7259905,-2.8759906,-5.2959905,-6.2559905,-6.7559905,-7.2659907,-5.5659904,-6.0059905,-4.3059907,-4.2759905,-4.2759905,-3.5359907,0.2140094,-0.4559906,-1.8259906,-0.9659906,-2.8159907,-2.9159906,-1.5459906,-1.7759906,-1.8759906,-1.5759906,-1.0559906,-2.4859905,0.1140094,3.9840095,-0.7659906,-2.1859906,-0.9159906,-0.0359906,-1.9859906,-3.0159905,-2.5159905,2.8840094,3.1940093,0.9440094,2.7340095,0.5440094,-3.7659905,-0.7959906,-2.9959905
-3.2059906,-3.4959905,-3.5359907,-3.8459907,-4.185991,-4.955991,-5.705991,-4.6959906,-6.0859904,-6.0559907,-4.6259904,-4.7459908,-3.8959906,-2.8659906,-1.5759906,-0.6159906,-0.5159906,-1.2859906,-2.2159905,-4.205991,0.3940094,-2.7559905,-3.3659906,-0.8959906,-0.0159906,1.8740094,1.0740094,2.0640094,1.9140095,1.3840094,-0.7159906,-1.4459906,-2.3259907,-2.6659906,-2.2159905,1.5340095,0.9240094,-0.8359906,-2.4159906,-0.1859906,0.5940094,-0.0859906,-4.9659905
-2.8759906,-2.8859906,-3.4759905,-3.7759905,-4.0859904,-4.1959906,-4.8359904,-4.225991,-6.3459907,-4.3359904,-3.7759905,-3.2659905,-2.9859905,-2.9559906,-2.0159905,1.3140094,0.7040094,-0.7759906,-0.1559906,-0.5759906,-2.0859907,-1.1559906,-2.4559906,-1.6159906,0.2740094,0.0340094,1.6240094,1.6540093,0.8740094,0.5740094,-0.2259906,-1.4059906,-1.5459906,-3.0259905,-3.2059906,-0.4859906,1.2640094,0.7640094,0.7440094,-1.5559906,0.7840094,1.7840095,-0.7259906
-3.2259905,-2.2259905,-2.7659905,-3.1859906,-3.6159906,-3.7459905,-4.3059907,-4.0659904,-4.4059906,-4.0059905,-3.1759906,-2.4159906,-2.8159907,-3.1359906,-2.6859906,-3.6459906,-2.2759905,-0.4859906,-2.7459905,0.2140094,-2.2459905,0.3740094,0.1940094,-0.1759906,1.9940094,0.4140094,0.5840094,-1.2359906,-1.4659905,0.3340094,0.6040094,-0.3859906,-1.6359906,-1.3359905,0.4540094,1.1640095,1.7840095,0.3040094,-1.7959906,0.6040094,1.8540094,0.7940094,-0.3659906
-1.8459907,-2.2559905,-2.6259906,-2.9259906,-3.4859905,-3.8659906,-4.0359907,-4.2659907,-4.5459905,-5.0259905,-4.3859906,-2.6259906,-2.0959907,-2.9559906,-4.6959906,-4.1159906,-4.1359906,-3.6159906,-2.0059905,-1.9359906,0.3640094,1.2840095,1.2040094,-1.5859905,0.4040094,0.8340094,-0.5459906,0.0440094,0.6740094,-0.0959906,-0.4559906,-1.3859906,-0.3259906,1.3040094,3.3140094,2.9740095,1.5140094,0.6540094,0.4540094,-1.4859906,-1.1859906,1.8440094,2.3440094
-0.9959906,-1.7759906,-1.5059906,-3.0059905,-3.3859906,-3.6759906,-3.9759905,-4.3459907,-4.5059905,-4.5359907,-3.9859905,-3.5959907,-2.8259907,-3.6359906,-4.7959905,-5.0259905,-6.185991,-6.1159906,-5.0859904,-5.0459905,-1.9859906,2.1340094,1.7140094,-0.7059906,-1.5259906,-0.0159906,0.5840094,-0.8059906,-0.2959906,0.6540094,-0.0859906,0.1240094,-0.5659906,0.0040093996,2.1840093,2.8340094,2.9340093,1.4440094,1.0040094,1.9040093,1.1640095,1.4640094,0.5140094
-0.0759906,-1.5059906,-0.3159906,-2.8259907,-2.9159906,-3.4959905,-3.7659905,-4.475991,-3.9259906,-3.9459906,-3.5159905,-2.2059906,-1.6759906,-4.7759905,-5.5159907,-5.6159906,-6.4059906,-7.0159907,-7.4959908,-6.9859905,-5.0359907,-4.3159904,-0.2459906,-0.9759906,-1.3859906,1.0440094,0.2540094,-1.3959906,0.0040093996,-0.5259906,-1.0759906,-1.2859906,-0.3759906,0.4640094,2.0240095,1.6940094,1.9540094,3.3940094,2.5840094,2.4040093,1.9240094,2.1540093,0.8240094
0.2440094,-0.2559906,-0.9059906,-1.6359906,-2.6559906,-2.0759907,-3.0259905,-2.4859905,-3.1659906,-3.4059906,-4.0159907,-2.7959907,-1.3859906,-2.6459906,-5.5059905,-5.2359905,-6.0559907,-6.0059905,-6.475991,-5.9659905,-4.0059905,-4.935991,-3.2259905,-3.6759906,-4.6759906,-2.4159906,-1.8059906,-1.6159906,-1.5759906,-0.2359906,-3.5159905,-2.5159905,-3.1559906,-3.4859905,-3.1359906,-2.2559905,-0.2159906,0.6040094,0.5940094,1.6440094,1.6440094,1.3540094,0.9340094
0.6440094,0.3940094,-0.3359906,0.8340094,-1.8759906,-2.3959906,-2.1259906,-2.5759907,-3.1059906,-3.4559906,-3.0659907,-2.3359907,-0.7859906,-1.2959906,-5.2159905,-4.9859905,-5.5359907,-5.4659905,-5.1359906,-4.8459907,-4.6059904,-4.6459904,-3.6259906,-2.9759905,-3.3959906,-4.4659905,-5.5659904,-5.5659904,-4.685991,-3.9059906,-2.8859906,-4.9659905,-5.0659904,-4.435991,-1.7159905,-2.5259905,-1.5559906,-0.7259906,0.2740094,-0.0359906,-0.5559906,0.3140094,1.0540094
0.9640094,0.8540094,0.3340094,0.2640094,-0.9359906,-1.3059906,-1.6459906,-1.8459907,-2.0859907,-1.4559906,-2.8559906,-3.0059905,-1.5559906,-1.9559906,-0.5159906,-2.0659907,-4.9859905,-5.5759907,-5.4259906,-5.1959906,-5.2459908,-4.3959904,-4.4659905,-4.5659904,-3.4559906,-3.7059906,-2.9159906,-4.4259906,-5.2159905,-4.8159904,-3.9759905,-4.2459908,-6.1059904,-7.0759907,-4.2559905,-2.1459906,-2.2359905,-1.5659906,-1.6059906,-2.1559906,-2.1359906,-0.2959906,0.6040094
