wind_kz.json
{"header": {"discipline":0,"disciplineName":"Meteorological products","gribEdition":2,"gribLength":1025,"center":7,"centerName":"US National Weather Service - NCEP(WMC)","subcenter":0,"refTime":"2023-10-05T06:00:00.000Z","significanceOfRT":1,"significanceOfRTName":"Start of forecast","productStatus":0,"productStatusName":"Operational products","productType":1,"productTypeName":"Forecast products","productDefinitionTemplate":0,"productDefinitionTemplateName":"Analysis/forecast at horizontal level/layer at a point in time","parameterCategory":2,"parameterCategoryName":"UnknownDiscipline_0_Category_2","parameterNumber":3,"parameterNumberName":"UnknownParameter_D0_C2_3","parameterUnit":"Unknown","genProcessType":2,"genProcessTypeName":"Forecast","forecastTime":240,"surface1Type":103,"surface1TypeName":"Specified height level above ground","surface1Value":10.0,"surface2Type":255,"surface2TypeName":"Missing","surface2Value":0.0,"gridDefinitionTemplate":0,"gridDefinitionTemplateName":"Latitude_Longitude","numberPoints":615,"shape":6,"shapeName":"Earth spherical with radius of 6,371,229.0 m","gridUnits":"degrees","resolution":48,"winds":"true","scanMode":64,"nx":41,"ny":15,"basicAngle":0,"lo1":47.0,"la1":41.0,"lo2":87.0,"la2":55.0,"dx":1.0,"dy":1.0}, "data":
[rows 0 to 14 of 15, columns 0 to 40 of 41]
-0.86723876,1.6027613,-1.1572387,3.1527612,1.3727612,0.012761231,-0.9672388,-0.92723876,-0.5172388,-2.5872388,-3.3372388,-3.5772388,-3.2972388,-3.4372387,-2.6572387,-1.5572388,1.2427613,1.4427612,2.0727613,0.9827612,0.35276124,0.42276123,-0.50723875,1.4427612,3.012761,2.9727612,0.95276123,1.7127613,0.7927612,-1.0672388,0.37276122,0.9827612,-1.6472387,-0.10723877,-1.7472388,-2.2272387,0.5927612,0.87276125,-0.32723877,0.19276123,1.7827612
0.26276124,-0.6572388,3.9527612,1.9327612,-0.33723876,-2.0972388,-2.3972387,-2.1872387,-3.6672387,-4.587239,-4.3772388,-4.047239,-4.447239,-4.6472387,-4.7072387,-4.117239,-2.8572388,1.6627612,2.1327612,3.7427611,2.9727612,3.6227612,2.1827612,2.8627613,3.8027613,2.8727612,2.2127612,2.4427612,-0.087238766,3.0427613,-0.29723877,2.6927612,1.1927612,-0.49723876,1.8227612,1.5327612,1.4527612,1.3627613,1.1527612,1.2827612,0.21276122
1.2027612,-1.0572388,2.9227612,0.20276123,-1.6572387,-1.8572388,-3.2572389,-3.3672388,-3.5972388,-5.007239,-5.7872386,-5.7872386,-5.6272388,-6.657239,-6.6272388,-1.8072388,-0.63723874,-2.7172387,-2.1272388,1.9327612,3.3227613,3.8127613,3.0827613,3.4027612,-0.5272388,-2.3972387,-2.3672388,-1.0372387,-0.01723877,-2.1272388,0.49276122,2.2127612,-2.4272387,1.7027612,0.11276123,-2.5172389,-2.2772388,0.7827612,-1.0872388,0.49276122,0.55276126
-0.48723876,-1.2472388,-1.2672387,-1.1572387,-2.7772388,-3.1072388,-3.2572389,-3.1372387,-3.6272388,-4.797239,-4.9972386,-5.507239,-7.3072386,-7.8072386,-6.4972386,-5.387239,-4.697239,0.94276124,-0.34723878,-3.6672387,3.1427612,7.0827613,1.6827612,6.552761,2.2127612,1.4927613,1.2527612,2.1327612,1.1627612,-1.1772388,-2.237239,-0.07723877,1.7227613,-0.0072387694,0.9027612,2.0327613,2.5827613,2.9227612,-2.7872388,-2.0472388,-0.99723876
0.33276123,0.42276123,-0.087238766,-0.60723877,-1.6672387,-2.1372387,-3.3772388,-3.5672388,-4.2872386,-4.737239,-5.2072387,-5.3072386,-7.4572387,-7.717239,-7.9572387,-7.427239,-7.4372387,-7.137239,-6.107239,-2.4372387,3.0727613,4.5827613,4.2527614,-0.12723877,0.62276125,1.4027612,3.012761,3.2027612,1.8227612,1.3327613,2.4527612,1.0227612,2.9227612,2.3027613,0.63276124,1.1327612,1.1927612,-0.07723877,0.56276125,1.8427613,2.0627613
2.3727612,1.2227613,0.7327612,-0.23723876,-1.8072388,-2.7872388,-3.1772387,-3.5072389,-3.8672388,-4.427239,-5.217239,-5.4372387,-6.4772387,-7.1272388,-7.7072387,-6.677239,-7.2272387,-7.237239,-7.407239,-6.637239,-5.047239,-0.30723876,3.8827612,5.9827614,5.3327613,4.182761,2.1527612,3.0227613,2.7327611,2.8527613,2.9927611,2.4127612,2.4627612,2.1327612,-1.1072388,3.0627613,-2.1372387,-1.5972388,3.1827612,1.6527612,3.0627613
2.5527613,2.0227613,1.3727612,0.42276123,-0.7172388,-1.8172388,-2.5672388,-2.8372388,-3.4672387,-4.3772388,-4.9572387,-4.857239,-5.3972387,-6.117239,-6.717239,-6.567239,-6.7472386,-7.0372386,-7.197239,-6.507239,-5.8472385,-5.3472385,-4.5972385,-1.6772388,5.2327614,6.302761,5.3527613,4.0827613,3.2327611,2.9027612,3.5627613,3.1027613,3.8627613,3.6227612,3.2427611,3.8327613,1.3327613,3.3227613,-0.5272388,1.2827612,4.992761
3.2327611,2.3927612,2.2727613,1.2927612,0.29276124,-0.5872388,-1.7072388,-2.8072388,-3.1872387,-3.8872387,-4.547239,-4.9772387,-4.987239,-5.8072386,-6.0372386,-6.1472387,-6.4372387,-6.427239,-6.197239,-6.367239,-6.297239,-6.1872387,-5.1272388,-4.7672386,-3.0672388,-3.8872387,5.052761,4.092761,5.882761,5.4827614,4.1527615,4.032761,4.8727612,7.3527613,7.3727612,2.012761,0.87276125,2.9827611,-0.5272388,2.0327613,3.2427611
3.7427611,3.6427612,2.4527612,2.1027613,1.2727612,-0.11723877,-1.3072388,-1.8572388,-2.9372387,-4.1472387,-4.637239,-4.867239,-5.237239,-5.5172386,-6.0572386,-6.1472387,-6.007239,-5.7472386,-5.4172387,-5.197239,-4.987239,-5.5772386,-5.4772387,-5.197239,-4.297239,-3.3172388,-1.6272388,-3.5772388,5.8127613,4.6527615,6.972761,7.302761,7.572761,6.882761,6.992761,5.6027613,5.6527615,4.0027614,5.052761,3.1727612,2.1627612
3.512761,3.5227613,3.4427612,2.6227612,1.3227612,0.05276123,-1.0172387,-2.737239,-3.1372387,-3.4772387,-4.4172387,-4.047239,-4.8772388,-5.757239,-5.9572387,-6.2672386,-5.887239,-5.797239,-5.587239,-4.947239,-5.027239,-4.757239,-4.657239,-4.177239,-3.5072389,-2.6372387,-1.3272388,-0.7272388,0.07276123,0.74276125,-2.237239,4.8127613,5.1727614,5.4627614,5.0627613,7.7527614,4.882761,3.8527613,3.8427613,4.632761,3.9127612
4.032761,4.6027613,3.7227612,2.8327613,1.6327612,0.24276122,-1.3472388,-2.8372388,-3.1772387,-4.3272386,-3.487239,-3.3072388,-4.427239,-4.8072386,-5.9172387,-6.7272387,-6.817239,-6.3072386,-6.947239,-6.357239,-5.9372387,-4.9572387,-4.2672386,-3.7572389,-2.8072388,-2.1572387,-0.9572388,-0.61723876,0.22276123,-0.9072388,-1.1972388,-0.9772388,1.1327612,2.9827611,7.202761,7.222761,7.7127614,6.302761,9.222761,3.8527613,2.5427613
2.4527612,4.4427614,3.6827612,3.3527613,1.9627613,0.13276123,-1.6372387,-1.9872388,-2.8072388,-4.2072387,-4.8972387,-3.7472389,-4.507239,-4.8972387,-5.587239,-6.367239,-6.8072386,-6.837239,-6.527239,-6.2072387,-5.817239,-5.7072387,-5.317239,-4.197239,-3.1472387,-2.1772387,-1.0072387,-0.9072388,-0.34723878,-0.8372388,0.9227612,0.38276124,0.5227612,2.3227613,5.702761,8.412762,6.4227614,6.262761,3.0527613,4.9827614,0.88276124
4.682761,4.2327614,3.7327611,2.7027612,1.8627613,0.74276125,-0.21723877,-1.0772388,-2.5272388,-3.7172387,-3.1872387,-4.507239,-4.1872387,-5.357239,-6.1472387,-6.3472385,-6.3972387,-6.217239,-6.387239,-6.007239,-5.887239,-5.3972387,-5.177239,-6.007239,-5.2672386,-4.7272387,-2.9172387,-1.2672387,0.5927612,0.74276125,0.99276125,0.6027612,1.0827613,1.1827612,-0.81723875,8.792761,8.422761,5.662761,6.302761,6.092761,4.0627613
5.182761,4.972761,5.3327613,3.5227613,2.1627612,1.4927613,0.6627612,-1.6572387,-2.4472387,-3.2272387,-2.4072387,-2.8072388,-5.6672387,-5.757239,-6.3472385,-5.8272386,-6.837239,-6.367239,-6.3072386,-6.677239,-6.3772388,-5.9572387,-6.027239,-6.0572386,-5.5772386,-3.5672388,-0.86723876,0.18276124,0.49276122,1.6527612,1.8427613,1.8727612,2.2927613,2.0527613,1.5327612,0.40276122,6.0427613,6.1027613,5.822761,6.592761,7.8727612
3.7727613,4.7327614,5.0627613,3.6227612,2.6527612,1.5727612,0.0027612306,-1.6772388,-2.5172389,-2.6572387,-2.2772388,-3.1672387,-3.1372387,-4.7472386,-6.367239,-6.177239,-6.717239,-7.277239,-7.0772386,-6.5372386,-5.3472385,-5.387239,-5.4172387,-5.4972386,-6.0772386,-4.817239,-2.9072387,-0.29723877,1.4827613,1.6427612,2.5427613,2.262761,2.762761,2.4927611,3.3527613,3.0727613,2.5927613,8.132761,8.012761,7.5827613,5.6027613
