wind_kz.json
{"header": {"discipline":0,"disciplineName":"Meteorological products","gribEdition":2,"gribLength":1025,"center":7,"centerName":"US National Weather Service - NCEP(WMC)","subcenter":0,"refTime":"2023-08-28T06:00:00.000Z","significanceOfRT":1,"significanceOfRTName":"Start of forecast","productStatus":0,"productStatusName":"Operational products","productType":1,"productTypeName":"Forecast products","productDefinitionTemplate":0,"productDefinitionTemplateName":"Analysis/forecast at horizontal level/layer at a point in time","parameterCategory":2,"parameterCategoryName":"UnknownDiscipline_0_Category_2","parameterNumber":3,"parameterNumberName":"UnknownParameter_D0_C2_3","parameterUnit":"Unknown","genProcessType":2,"genProcessTypeName":"Forecast","forecastTime":180,"surface1Type":103,"surface1TypeName":"Specified height level above ground","surface1Value":10.0,"surface2Type":255,"surface2TypeName":"Missing","surface2Value":0.0,"gridDefinitionTemplate":0,"gridDefinitionTemplateName":"Latitude_Longitude","numberPoints":615,"shape":6,"shapeName":"Earth spherical with radius of 6,371,229.0 m","gridUnits":"degrees","resolution":48,"winds":"true","scanMode":64,"nx":41,"ny":15,"basicAngle":0,"lo1":47.0,"la1":41.0,"lo2":87.0,"la2":55.0,"dx":1.0,"dy":1.0}, "data":
[rows 0 to 14 of 15, columns 0 to 40 of 41]
2.4685302,-2.1814697,0.95853025,-4.68147,-6.28147,-6.6014695,-3.0714698,1.1085303,0.16853027,-0.35146973,-2.9614697,-2.2814698,-3.8414698,-4.0414696,-3.3014698,-4.2914696,-4.7514696,-6.4814696,-5.0814695,-5.7314696,-6.7914696,-3.9514697,-2.9414697,0.058530275,-1.3114697,3.7985303,0.31853026,2.2985303,-1.0614697,-1.9814698,-1.2014698,-3.2314696,2.7885303,-1.0114697,-2.5014696,-4.3314695,-4.6114697,-7.5214696,-10.14147,1.3185303,-1.0114697
4.2485304,1.1085303,0.40853027,-3.4914696,-5.07147,-7.2314696,-4.3514695,-0.9414697,0.17853028,-0.101469725,-0.6914697,-3.0214698,-4.30147,-3.7314696,-5.3314695,-3.1714697,-4.1914697,-5.59147,-5.51147,-5.4014697,-5.53147,-4.03147,-2.0614698,1.3885303,0.56853026,2.0885303,0.38853028,-0.17146973,-0.86146975,1.4385303,0.46853027,0.51853025,-2.0314698,-0.75146973,-0.34146973,-6.2514696,-3.0914698,-7.1314697,-5.7714696,-3.7014697,1.1085303
2.8985302,2.7885303,-0.18146972,-3.5614698,-2.4414697,-2.5914698,-3.5314698,-2.9014697,2.0385303,0.82853025,1.1485302,0.74853027,-0.81146973,-2.8314698,-4.1114697,-5.0214696,-3.9614697,-4.64147,-3.4514697,-4.7314696,-5.80147,-3.9414697,-4.74147,-1.8314698,-0.68146974,-0.11146972,1.0485302,0.078530274,-1.5414697,-0.85146976,0.42853028,-1.3514698,1.0185302,-1.2314698,0.56853026,0.09853027,-2.1414697,2.6185303,2.2985303,2.0285304,-0.9614697
0.028530274,0.018530274,-3.2314696,-4.1314697,-3.2414696,-2.4114697,-1.8714697,-2.6014698,-1.0614697,2.7985303,4.25853,3.4485302,3.0385303,-1.6414697,-3.4014697,-3.9714696,-4.1214695,-3.8014698,-4.41147,-4.2114697,-4.51147,-3.3214698,-1.7114698,-4.0014696,-3.5414698,-1.8314698,-0.62146974,-1.3614697,0.8685303,2.4085302,-2.2214696,-4.0814695,-1.5414697,5.48853,-1.2914697,-0.74146974,-0.31146973,1.5385302,-1.5614697,1.7185303,1.4085302
-0.0014697266,0.46853027,0.23853028,-1.2014698,-2.6714697,-2.5714698,-3.8914697,0.94853026,0.5585303,0.018530274,-2.9714696,5.19853,4.58853,0.5585303,-3.2414696,-3.1114697,-1.5914698,-2.7714698,-3.4014697,-4.1014695,-4.16147,-5.7314696,-3.5714698,-3.6514697,-3.0414698,-4.1014695,-0.21146972,1.9585303,-1.3014697,-2.2614698,-0.56146973,0.51853025,1.7585303,2.0585303,-0.021469727,-1.2914697,-5.7714696,-4.9014697,-4.72147,0.8385303,4.4585304
2.8885303,2.2785304,2.1385303,-0.23146972,-2.1214697,-2.5714698,-2.1914697,-2.8714697,-0.49146974,0.30853027,-2.6414697,-0.5714697,4.6385303,3.1885302,-1.0214697,-2.8314698,-2.8714697,-2.9614697,-3.4814696,-3.0014696,-3.7714698,-3.5214698,-3.3814697,-2.9914696,-3.7614698,-3.2114697,-3.3114698,-4.0814695,1.1185303,0.45853028,-1.3714697,-0.49146974,-0.8214697,1.0685303,0.4485303,-2.3014698,1.2785302,-4.26147,-4.66147,-2.0914698,-3.1114697
3.7285302,1.9485303,4.1385303,1.2285303,-1.3214698,-2.0414698,-2.0414698,-2.7714698,-2.1814697,-3.5614698,-4.51147,1.0285302,4.42853,2.3485303,1.5885303,-2.1614697,-0.32146972,-2.0814698,-2.0014696,-1.3614697,-1.7314698,-2.8514698,-2.3214698,-2.7214696,-2.7614698,-2.7914698,-3.2414696,-3.2314696,-2.6614697,-1.2314698,-4.14147,-0.35146973,0.6585303,1.6785302,-1.7814697,-0.16146973,-2.2814698,-0.73146975,-1.3914697,-3.0814698,-8.59147
-1.7814697,-4.14147,0.70853025,-1.0014697,-2.2314696,-2.2914698,-1.7014698,-1.7414697,-2.8414698,-3.7814698,-3.5714698,-1.4814698,2.5285304,2.7685304,1.9585303,-1.7914697,0.5385303,-2.0214698,-2.7714698,-0.45146972,-1.7314698,-2.6114697,-1.4714698,-1.8114697,-1.3314698,-1.2614697,-0.56146973,-2.7414696,-1.8214698,-2.1014698,-1.5414697,-0.7814697,-2.3914697,-1.1914697,3.7685304,3.6485302,3.5585303,1.0585303,1.6485302,-3.2714698,-3.4114697
-3.6114697,-2.8714697,1.0885303,0.6785303,-0.79146975,-1.4514698,-1.4414697,-1.3014697,-1.8514698,-3.0114698,-3.8614697,-3.3614697,-3.5314698,-1.4614698,-1.3714697,0.5885303,-0.9414697,-0.21146972,-2.7614698,-1.2814697,-0.6414697,-1.2414697,-0.7114697,-2.0114698,-2.2514696,-1.0814698,0.08853027,-0.05146973,-0.031469725,-0.08146973,-1.3314698,-0.68146974,1.4585303,0.7885303,0.30853027,-1.0214697,-0.87146974,3.6485302,4.25853,1.3985302,0.74853027
0.9085303,0.39853027,-0.7114697,1.9085302,1.5485302,0.6185303,0.49853027,-0.74146974,-1.1414697,-2.9314697,-2.5514698,-1.9114697,-1.7014698,-2.8914697,-3.0114698,-3.3614697,-3.0714698,-3.2714698,0.49853027,-0.54146975,-1.3314698,-0.6414697,0.028530274,0.46853027,0.5885303,-1.0014697,0.5485303,1.1185303,0.39853027,1.4285302,2.0485303,0.6085303,1.2685302,2.3485303,2.1385303,1.2885302,0.5985303,-1.8614697,2.0085304,4.6685305,3.1385303
-1.3014697,0.99853027,0.038530275,0.16853027,1.6185303,0.93853027,-2.0214698,-0.98146975,-1.8914697,-2.9314697,-4.20147,0.6685303,0.31853026,-1.6214697,-2.5614698,-2.9514697,-2.0914698,-2.4214697,-1.5914698,-2.0514698,-1.6514697,-0.9714697,-1.2114698,-0.9014697,0.008530273,-0.13146973,-0.35146973,-0.34146973,1.6685302,1.2985302,3.0785303,1.6985303,0.8485303,2.4385302,3.1485302,2.2085302,2.0485303,1.8985302,2.3585303,1.6585302,0.34853026
1.3285303,-0.79146975,-0.7114697,-2.3214698,0.8085303,-0.8914697,-1.6914697,-0.7114697,-2.7614698,-1.4514698,-1.3914697,-2.4814696,-1.8314698,-1.8414698,-2.5714698,-2.4814696,-2.6014698,-3.2814698,-2.3814697,-2.1114697,-1.6214697,-1.8314698,-1.9414697,-1.9014697,-1.3614697,-1.5614697,-1.2114698,-2.0114698,-2.3514698,-1.9814698,1.8885303,4.10853,1.6585302,1.9585303,2.4585302,2.8985302,4.00853,2.7385302,1.4685303,1.6185303,1.2985302
1.4285302,-0.0014697266,-1.2014698,0.50853026,0.30853027,-1.1014698,-1.7914697,0.8385303,-1.5014697,-0.26146972,-1.2114698,-1.0814698,-1.7414697,-1.8614697,-1.4714698,-1.9514698,-1.8614697,-2.1914697,-2.9414697,-1.6314697,-2.0214698,-0.08146973,0.49853027,-0.80146974,-1.6714697,-0.8914697,-1.4514698,-0.8214697,-1.4114697,-1.6314697,-0.87146974,2.9685302,2.4185302,2.7185302,2.2985303,2.8585303,3.5085304,3.0185304,3.7485304,0.18853027,0.4485303
1.5285302,0.22853027,-0.31146973,-1.2214698,-1.2914697,-1.8814697,-1.0914698,-1.0614697,-1.3214698,0.058530275,0.70853025,-0.45146972,-0.68146974,-0.43146974,-0.8414697,-0.5714697,-0.9414697,-1.7014698,-1.9714698,-1.9414697,-1.5314697,-1.2314698,-0.87146974,-0.9514697,-1.9314697,-1.1414697,-1.1614697,-1.4114697,-0.42146972,0.018530274,0.9285303,1.4185302,1.4385303,1.8685303,1.7385303,2.5185304,2.6585302,3.2685304,3.0885303,3.6185303,2.7685304
-0.61146975,2.3085303,0.8085303,-0.98146975,-1.2214698,-0.011469726,-0.08146973,-0.31146973,-1.3614697,-0.29146972,1.2885302,0.93853027,1.1585302,-1.4414697,-1.1014698,-0.7214697,-0.55146974,-2.1814697,-2.4014697,-2.3114698,-2.3314698,-1.9514698,-1.7514697,-1.6814697,-1.4914697,-1.0714698,-1.1214697,-0.8814697,-0.5914697,-0.25146973,-0.67146975,2.3785303,0.09853027,2.0385303,1.6885303,2.7685304,2.9585302,3.4385302,3.9785302,5.19853,4.2085304
