wind_kz.json
{"header": {"discipline":0,"disciplineName":"Meteorological products","gribEdition":2,"gribLength":1025,"center":7,"centerName":"US National Weather Service - NCEP(WMC)","subcenter":0,"refTime":"2023-09-07T18:00:00.000Z","significanceOfRT":1,"significanceOfRTName":"Start of forecast","productStatus":0,"productStatusName":"Operational products","productType":1,"productTypeName":"Forecast products","productDefinitionTemplate":0,"productDefinitionTemplateName":"Analysis/forecast at horizontal level/layer at a point in time","parameterCategory":2,"parameterCategoryName":"UnknownDiscipline_0_Category_2","parameterNumber":2,"parameterNumberName":"UnknownParameter_D0_C2_2","parameterUnit":"Unknown","genProcessType":2,"genProcessTypeName":"Forecast","forecastTime":120,"surface1Type":103,"surface1TypeName":"Specified height level above ground","surface1Value":10.0,"surface2Type":255,"surface2TypeName":"Missing","surface2Value":0.0,"gridDefinitionTemplate":0,"gridDefinitionTemplateName":"Latitude_Longitude","numberPoints":615,"shape":6,"shapeName":"Earth spherical with radius of 6,371,229.0 m","gridUnits":"degrees","resolution":48,"winds":"true","scanMode":64,"nx":41,"ny":15,"basicAngle":0,"lo1":47.0,"la1":41.0,"lo2":87.0,"la2":55.0,"dx":1.0,"dy":1.0}, "data":
[rows 0 to 14 of 15, columns 0 to 40 of 41]
-0.5713403,1.0286597,1.1886597,-2.0013404,-4.2313404,-3.0413404,-1.8213403,-6.9413404,-9.02134,-7.2313404,-5.9213405,-4.3913403,-6.1913404,-6.3913403,-5.2113404,-3.7213404,-2.1813402,-4.3213406,-5.3113403,-4.78134,-4.53134,-1.8713403,-0.10134033,0.15865967,-0.15134034,-3.0113404,-1.9313403,1.3486596,1.8986597,0.69865966,0.88865966,1.5286597,1.6386597,1.6086596,-2.6313403,-3.4813404,-3.0813403,-2.4313402,-1.1113403,-0.8913403,-2.7013404
1.9386597,-0.79134035,-0.97134036,-2.0513403,-3.6113403,-6.20134,-1.7513404,-7.26134,-7.1013403,-6.01134,-6.53134,-5.8513403,-5.30134,-3.6013403,-3.1313403,-1.7713404,-1.6313404,-3.6513402,-2.6613402,-2.1413403,-2.6713402,-1.9713403,-1.3613403,-0.8813403,1.7286596,0.89865965,-0.30134034,2.3786597,0.56865966,-0.001340332,0.14865966,1.4786596,1.8186597,-0.35134032,0.43865967,0.048659667,-1.1213403,0.44865966,0.30865967,0.94865966,-6.51134
-1.7613404,-2.9213402,-3.7213404,-5.6013403,-6.8113403,-4.9613404,-5.49134,-1.8213403,-7.22134,-5.2713404,-7.4413404,-6.4013405,-4.9613404,-4.47134,-2.8213403,-2.2513404,-1.6413404,-0.39134035,-0.6313403,-0.9613403,-1.5213404,0.44865966,0.47865966,-1.8713403,0.41865966,0.83865964,1.3486596,2.0586596,-0.29134032,-0.10134033,-0.13134032,1.2886597,0.83865964,0.36865968,-1.6013403,-1.3413403,-0.26134032,-1.2413403,3.8386598,2.6486597,2.0986598
-1.7813404,-3.1613402,-3.4013402,-2.4313402,-3.6713402,-3.5413404,-4.3513403,-3.4113402,-2.4313402,-2.2513404,-2.8513403,-3.7313404,-5.0713406,-2.4613404,-1.0813403,0.22865967,1.9886596,0.7486597,2.7886596,1.9186597,1.6086596,0.22865967,3.0186596,1.0186597,1.3586596,2.0086596,1.9786596,1.0886596,2.8086596,2.2986596,1.1086596,-0.26134032,4.4286594,8.53866,-0.8413403,0.03865967,-0.40134034,2.0686598,-1.0613403,-4.99134,-3.3513403
-1.5513403,-2.0713403,-1.9713403,-1.6513404,-3.2113404,-2.1513402,-1.9013404,-1.7513404,-1.6913403,-0.87134033,-2.2913404,-1.4113404,0.21865967,2.7486596,0.95865965,1.9986596,1.4186597,1.6386597,1.1386597,0.93865967,1.3986597,1.5286597,2.2786596,2.9686596,3.4386597,3.3586597,3.7586596,4.8786597,4.3586597,3.9786596,2.4586596,0.9886597,-0.56134033,3.1386597,-1.4313403,-1.5013404,-1.9613403,-0.9013403,-5.8113403,-1.2313403,0.10865967
-0.061340332,-1.2013403,0.40865967,0.45865968,0.45865968,2.0186596,1.6386597,2.4086597,-0.7013403,0.68865967,-1.3913404,-0.66134036,1.1486597,0.83865964,3.0086596,3.8286598,3.2686596,3.0086596,2.8786597,3.4886596,3.5586596,3.7286596,4.3586597,4.56866,4.6886597,5.06866,5.71866,7.7886596,6.33866,5.8886595,5.1786594,3.0986598,-1.0713403,0.19865967,1.1286597,0.62865967,1.6286597,1.7586597,6.6286597,0.83865964,5.71866
-3.4013402,0.7486597,1.9886596,2.5386596,2.3586597,3.2386596,4.6286597,4.3886595,0.5386597,0.47865966,-0.35134032,0.56865966,-0.43134034,1.3886597,-2.1513402,1.3386596,2.0686598,3.5086596,3.2686596,4.4086595,4.96866,5.6786594,5.8486595,6.8886595,6.3286595,6.0786595,6.9386597,5.52866,4.23866,3.5486596,5.5586596,5.2886596,4.2086596,0.94865966,-1.5313404,-1.6913403,-1.0313404,1.9086597,0.6686597,-0.18134034,1.8986597
0.34865966,-2.7113404,-2.9313402,-1.7613404,-2.3013403,-0.37134033,-1.1713403,-0.62134033,-0.21134034,0.13865967,0.52865964,0.6786597,-3.6913404,-0.7613403,-0.31134033,1.4086597,2.6886597,2.7286596,3.1286597,3.7386596,5.29866,5.2886596,6.31866,6.31866,7.8686595,8.24866,8.57866,6.8086596,8.47866,3.1886597,4.1686597,3.9986596,4.3686595,3.9586596,4.44866,4.98866,4.71866,4.1186595,1.4086597,4.4786596,-0.17134033
-3.7213404,-0.11134033,-2.4413404,-0.8913403,-1.7713404,-2.3313403,-1.1213403,0.028659668,0.22865967,-0.061340332,-1.2413403,-3.0313404,-0.61134034,-0.5813403,1.4386597,1.7886597,2.1186597,2.1886597,2.6586597,3.6886597,5.7286596,6.1786594,5.8886595,5.33866,6.0386596,7.6586595,7.2086596,7.02866,7.46866,7.1286597,7.6586595,5.52866,2.5186596,0.6086597,4.19866,1.4886596,1.2686597,1.5686597,-0.36134034,1.2186596,-0.09134033
-2.5213404,-2.5113404,-2.7413404,-0.43134034,-2.3913403,-1.5013404,-1.0813403,0.5586597,-0.86134034,-3.0013404,-3.0613403,-2.7513404,-0.7513403,1.1686597,1.3186597,0.52865964,1.1486597,1.1886597,0.94865966,1.6386597,0.18865967,0.06865967,1.9386597,2.3886597,3.2986596,4.44866,4.8786597,4.9986596,6.48866,6.4286594,4.7086596,6.04866,4.7286596,1.8286597,2.5686598,0.42865968,-0.09134033,0.37865967,1.2286596,1.4186597,-0.19134033
0.82865965,-0.85134035,-2.6413403,-2.9313402,-1.9113404,-0.32134032,-0.8313403,1.4686596,-4.6113405,-3.2113404,-1.8813404,-0.8213403,-0.38134032,-0.85134035,-2.1813402,-1.1813403,-1.5713403,-0.8313403,-0.7613403,-1.4113404,-0.07134033,-0.34134033,-0.9613403,-0.05134033,0.6786597,0.9986597,1.0986596,1.6986597,2.8886597,3.5786598,4.25866,3.6486597,3.1186597,2.3686597,3.5086596,1.4486597,-0.21134034,0.5986597,-0.38134032,0.69865966,0.05865967
-1.9613403,-3.4813404,-2.4713404,-2.4013402,-0.7113403,-0.29134032,-2.5013404,-4.24134,-1.9613403,-1.4513403,-1.3113403,-0.8413403,-1.3213403,-1.8613403,0.68865967,2.2786596,1.8086597,1.4286597,0.27865967,0.12865967,-1.2413403,-3.3213403,-4.1413403,-2.8813403,-3.9513404,-3.7713404,-2.5113404,-2.6913404,-1.2913404,1.3986597,2.8686597,3.6586597,2.9486597,3.3486598,0.94865966,3.8586597,2.0386596,1.9286597,0.96865964,-0.14134033,-0.13134032
-0.80134034,1.0986596,-1.2913404,-1.0413404,-1.3413403,-2.3413403,-3.2313404,-2.7913404,-1.7613404,-0.7113403,-0.43134034,-1.3513403,-2.0913403,-1.0213404,-0.22134033,-1.2613404,-0.80134034,-1.2513404,-0.40134034,-0.6313403,-0.20134033,0.6586597,0.93865967,0.10865967,1.7586597,1.0786597,0.9086597,-0.25134033,-0.91134036,-1.5313404,-2.3213403,-3.0913403,-4.22134,-3.0313404,-1.6813403,-1.3913404,-0.93134034,-0.80134034,1.7386596,0.8586597,-0.53134036
-1.4013404,-1.2113403,-3.0413404,-3.5213404,-2.1013403,-2.0613403,-1.1013403,-1.0113404,0.39865968,0.22865967,-0.81134033,-1.8913404,0.40865967,0.34865966,-0.48134032,-1.4413403,-1.1113403,-1.2213403,-1.7213403,-0.9513403,-0.8213403,-1.2613404,-1.2913404,-0.98134035,-2.2013404,-0.99134034,-2.6713402,-1.8713403,-4.0713406,-1.9413403,-1.3413403,-1.3813404,-1.4913403,-1.9413403,-1.4113404,-1.2013403,-0.33134034,-1.5513403,-0.23134033,0.25865966,0.37865967
-2.4613404,-2.5713403,-3.2213404,-1.5413404,-1.2013403,-0.97134036,-0.25134033,0.8686597,1.4486597,0.7386597,-0.8813403,-1.3313403,-0.61134034,0.41865966,-1.0413404,-1.7913404,-1.9013404,-1.3013403,-0.93134034,-1.3013403,-1.2613404,-1.4713403,-0.85134035,-0.99134034,-1.8913404,-1.3713403,-1.5513403,-1.7013403,-1.4713403,-1.8313403,-1.7713404,-2.8013403,-2.2913404,-1.4013404,-0.68134034,-0.97134036,-1.2713404,-1.1213403,0.7286597,-1.3113403,-0.041340332
