wind_kz.json
{"header": {"discipline":0,"disciplineName":"Meteorological products","gribEdition":2,"gribLength":871,"center":7,"centerName":"US National Weather Service - NCEP(WMC)","subcenter":0,"refTime":"2024-04-07T00:00:00.000Z","significanceOfRT":1,"significanceOfRTName":"Start of forecast","productStatus":0,"productStatusName":"Operational products","productType":1,"productTypeName":"Forecast products","productDefinitionTemplate":0,"productDefinitionTemplateName":"Analysis/forecast at horizontal level/layer at a point in time","parameterCategory":0,"parameterCategoryName":"UnknownDiscipline_0_Category_0","parameterNumber":0,"parameterNumberName":"UnknownParameter_D0_C0_0","parameterUnit":"Unknown","genProcessType":2,"genProcessTypeName":"Forecast","forecastTime":240,"surface1Type":1,"surface1TypeName":"Ground or water surface","surface1Value":0.0,"surface2Type":255,"surface2TypeName":"Missing","surface2Value":0.0,"gridDefinitionTemplate":0,"gridDefinitionTemplateName":"Latitude_Longitude","numberPoints":615,"shape":6,"shapeName":"Earth spherical with radius of 6,371,229.0 m","gridUnits":"degrees","resolution":48,"winds":"true","scanMode":64,"nx":41,"ny":15,"basicAngle":0,"lo1":47.0,"la1":41.0,"lo2":87.0,"la2":55.0,"dx":1.0,"dy":1.0}, "data":
[rows 0 to 14 of 15, columns 0 to 40 of 41]
282.56265,277.06265,280.26263,282.16266,283.06265,284.06265,284.56265,286.46265,285.26263,286.86264,285.46265,286.86264,285.56265,284.76263,284.66266,283.76263,285.16266,284.76263,287.26263,285.16266,285.36264,285.46265,287.46265,279.56265,284.26263,285.56265,279.96265,269.96265,266.96265,268.16266,266.46265,268.66266,279.66266,284.86264,285.36264,286.76263,287.86264,289.26263,290.36264,290.46265,288.86264
262.16266,279.86264,282.26263,282.46265,282.76263,283.26263,285.16266,284.46265,284.06265,284.26263,284.26263,283.36264,283.36264,282.76263,284.16266,284.56265,285.66266,286.06265,286.36264,286.86264,287.16266,284.66266,280.96265,275.76263,267.56265,260.86264,275.46265,271.46265,271.56265,261.36264,270.96265,254.66264,270.36264,249.96265,261.46265,283.66266,283.36264,286.86264,290.86264,284.36264,279.36264
281.76263,282.16266,282.06265,282.46265,282.66266,284.06265,283.56265,283.26263,282.86264,283.16266,283.46265,284.16266,286.26263,285.46265,286.76263,286.86264,285.46265,284.66266,284.86264,285.26263,286.76263,286.76263,284.56265,278.16266,282.56265,278.96265,279.46265,278.96265,278.36264,272.66266,262.26263,266.26263,272.46265,272.76263,278.96265,278.96265,268.66266,275.06265,275.96265,272.86264,269.66266
282.16266,283.46265,282.06265,282.06265,282.66266,281.96265,282.56265,281.86264,282.76263,283.06265,282.66266,282.16266,285.96265,286.56265,284.26263,284.56265,284.36264,284.36264,285.06265,285.36264,285.06265,279.96265,285.86264,283.76263,284.66266,284.66266,284.36264,281.96265,279.96265,280.26263,280.06265,278.86264,282.56265,282.76263,281.46265,277.76263,273.06265,265.26263,277.96265,285.06265,286.06265
283.46265,284.36264,282.86264,283.46265,282.96265,282.16266,282.46265,282.66266,282.06265,281.96265,281.06265,282.66266,285.46265,285.16266,283.56265,284.26263,283.76263,282.26263,283.46265,285.06265,285.66266,286.56265,285.46265,284.26263,284.66266,285.26263,282.96265,281.56265,284.26263,283.26263,283.56265,280.46265,270.76263,260.76263,275.36264,285.66266,283.56265,289.66266,290.46265,288.66266,287.86264
284.66266,283.66266,284.16266,282.76263,281.36264,282.16266,281.96265,283.16266,281.46265,281.56265,281.06265,282.66266,284.06265,284.46265,276.16266,280.26263,282.56265,282.16266,284.66266,285.96265,285.06265,284.46265,284.96265,285.16266,283.76263,283.16266,283.26263,271.76263,283.86264,282.56265,281.16266,281.26263,279.86264,279.86264,279.86264,279.76263,278.86264,280.06265,283.86264,287.66266,286.96265
285.46265,285.36264,286.56265,285.86264,282.46265,282.16266,282.26263,281.46265,282.06265,281.56265,279.46265,279.36264,280.56265,279.96265,281.06265,281.46265,282.06265,282.96265,284.56265,284.76263,284.16266,282.76263,282.96265,284.06265,281.56265,282.56265,280.46265,280.16266,279.46265,279.26263,278.56265,278.76263,279.36264,280.16266,282.16266,282.26263,279.76263,278.76263,275.36264,276.96265,283.46265
286.06265,286.16266,286.06265,284.26263,282.16266,281.66266,281.16266,279.66266,278.66266,280.26263,279.06265,280.06265,280.36264,279.76263,280.96265,281.26263,281.96265,282.06265,282.76263,280.56265,279.86264,280.26263,280.26263,281.16266,279.96265,277.36264,277.46265,277.16266,277.56265,278.96265,276.36264,276.96265,276.46265,274.16266,278.26263,280.26263,279.96265,273.06265,282.66266,283.26263,281.76263
285.06265,283.86264,283.46265,281.66266,280.66266,279.76263,279.16266,278.96265,278.96265,277.56265,279.96265,279.76263,279.66266,280.46265,279.86264,280.36264,279.76263,279.66266,279.66266,278.56265,278.06265,277.76263,277.56265,277.56265,278.96265,279.56265,278.16266,277.26263,275.76263,272.06265,272.36264,273.46265,277.16266,276.06265,277.06265,276.26263,278.36264,277.96265,270.36264,271.26263,269.16266
284.16266,283.26263,281.66266,280.26263,280.66266,278.66266,278.56265,278.56265,278.36264,277.66266,276.86264,276.86264,278.86264,279.46265,280.16266,279.96265,280.76263,279.66266,279.66266,280.56265,278.46265,278.16266,276.06265,277.46265,276.56265,276.46265,276.66266,276.16266,275.26263,273.46265,275.36264,273.06265,272.96265,273.16266,273.86264,275.46265,275.96265,274.26263,271.86264,272.86264,270.46265
284.26263,283.26263,281.26263,280.36264,280.16266,279.66266,278.86264,276.96265,277.36264,276.46265,275.66266,275.36264,276.66266,276.36264,276.56265,279.06265,279.56265,280.46265,280.66266,278.66266,278.56265,276.96265,275.36264,274.46265,273.76263,273.16266,271.66266,272.36264,272.76263,274.66266,273.86264,272.76263,272.06265,272.66266,273.36264,274.66266,273.46265,272.46265,273.46265,272.46265,270.96265
283.06265,283.26263,282.06265,280.66266,279.46265,279.66266,278.06265,277.86264,277.46265,276.46265,275.06265,274.06265,274.86264,275.26263,275.76263,276.36264,276.06265,275.66266,275.56265,274.36264,275.56265,272.66266,272.76263,272.16266,271.86264,272.16266,272.66266,274.16266,274.86264,274.56265,273.56265,271.96265,273.46265,271.96265,273.16266,273.56265,273.46265,273.66266,273.56265,274.06265,272.96265
282.66266,282.56265,282.76263,281.66266,280.76263,279.76263,278.66266,276.96265,277.16266,276.56265,273.56265,272.16266,274.46265,273.66266,274.86264,275.46265,275.06265,274.46265,274.56265,273.26263,272.36264,272.26263,271.86264,271.46265,271.66266,271.66266,271.56265,272.66266,272.96265,272.76263,272.26263,272.26263,272.56265,272.46265,272.46265,272.66266,272.56265,273.36264,272.56265,272.46265,272.46265
282.96265,282.66266,276.76263,281.96265,280.76263,280.06265,278.66266,278.26263,278.46265,277.66266,275.06265,272.26263,272.36264,272.76263,273.66266,273.86264,273.86264,273.06265,272.86264,271.76263,271.56265,271.46265,271.46265,271.56265,271.56265,271.86264,271.86264,271.96265,272.06265,271.66266,271.96265,271.06265,269.76263,268.26263,269.66266,269.56265,270.66266,270.96265,271.16266,269.86264,271.76263
282.76263,283.26263,273.26263,281.66266,281.46265,280.76263,279.96265,278.96265,279.36264,278.56265,277.66266,275.46265,274.06265,272.16266,272.96265,273.26263,272.46265,271.66266,271.76263,271.66266,271.56265,271.46265,271.46265,271.76263,271.06265,270.86264,270.86264,270.86264,271.66266,271.46265,271.66266,270.76263,271.66266,271.36264,270.96265,270.56265,271.06265,270.66266,270.86264,270.76263,270.96265
