wind_kz.json
{"header": {"discipline":0,"disciplineName":"Meteorological products","gribEdition":2,"gribLength":794,"center":7,"centerName":"US National Weather Service - NCEP(WMC)","subcenter":0,"refTime":"2023-10-03T06:00:00.000Z","significanceOfRT":1,"significanceOfRTName":"Start of forecast","productStatus":0,"productStatusName":"Operational products","productType":1,"productTypeName":"Forecast products","productDefinitionTemplate":0,"productDefinitionTemplateName":"Analysis/forecast at horizontal level/layer at a point in time","parameterCategory":2,"parameterCategoryName":"UnknownDiscipline_0_Category_2","parameterNumber":3,"parameterNumberName":"UnknownParameter_D0_C2_3","parameterUnit":"Unknown","genProcessType":2,"genProcessTypeName":"Forecast","forecastTime":180,"surface1Type":103,"surface1TypeName":"Specified height level above ground","surface1Value":10.0,"surface2Type":255,"surface2TypeName":"Missing","surface2Value":0.0,"gridDefinitionTemplate":0,"gridDefinitionTemplateName":"Latitude_Longitude","numberPoints":615,"shape":6,"shapeName":"Earth spherical with radius of 6,371,229.0 m","gridUnits":"degrees","resolution":48,"winds":"true","scanMode":64,"nx":41,"ny":15,"basicAngle":0,"lo1":47.0,"la1":41.0,"lo2":87.0,"la2":55.0,"dx":1.0,"dy":1.0}, "data":
[rows 0 to 14 of 15, columns 0 to 40 of 41]
5.146838,0.24683838,-3.0531616,-11.853162,-12.953161,-13.353162,-3.8531616,-0.45316163,-0.65316164,-1.9531616,-3.0531616,2.7468383,2.1468384,0.84683836,1.0468384,-0.5531616,-0.65316164,-1.7531617,-2.4531617,-1.4531616,-0.9531616,-2.8531616,-0.9531616,-1.6531616,-2.6531615,-1.4531616,-1.8531616,1.0468384,2.8468385,4.0468383,-0.2531616,-2.8531616,0.5468384,-3.0531616,-3.6531615,-0.5531616,-2.2531617,1.3468384,-0.9531616,-3.0531616,2.5468383
3.7468383,-1.1531616,-8.753161,-10.753161,-12.753161,-11.953161,-10.353162,-7.7531614,-2.8531616,-1.2531617,-1.1531616,2.5468383,1.6468384,1.3468384,0.14683838,0.9468384,0.84683836,-0.45316163,-2.1531615,-3.0531616,-3.3531616,-3.1531615,0.14683838,1.5468384,-0.05316162,-2.3531616,-2.6531615,2.3468385,-0.35316163,1.9468384,4.0468383,3.8468385,1.9468384,1.3468384,1.4468384,-5.6531615,-0.45316163,-1.4531616,-0.65316164,-1.5531616,-0.35316163
-1.5531616,-6.9531617,-8.553162,-9.453161,-11.053162,-9.353162,-10.953161,-9.953161,-6.7531614,-1.1531616,4.4468384,3.0468383,2.2468383,1.8468384,0.64683837,1.1468384,1.2468383,0.34683838,0.14683838,-2.2531617,-2.3531616,-2.4531617,-3.6531615,-1.1531616,-0.85316163,0.64683837,0.24683838,-0.2531616,-0.65316164,1.6468384,4.4468384,1.8468384,1.8468384,-0.2531616,1.1468384,-0.9531616,2.1468384,-0.5531616,-0.2531616,0.9468384,1.4468384
-4.0531616,-6.7531614,-7.5531616,-9.053162,-8.353162,-10.253161,-11.253161,-9.453161,-10.153162,-6.7531614,2.9468384,3.1468384,3.7468383,2.7468383,1.2468383,1.0468384,0.34683838,0.44683838,-0.45316163,-2.3531616,-0.7531616,-1.2531617,2.0468383,-2.5531616,-2.2531617,-1.7531617,-1.4531616,-1.2531617,0.84683836,1.0468384,1.2468383,-0.85316163,-1.3531616,-1.1531616,-0.35316163,0.5468384,1.0468384,1.6468384,0.24683838,1.5468384,0.44683838
1.2468383,-4.6531615,-5.353162,-8.353162,-8.053162,-6.9531617,-9.153162,-9.353162,-8.953161,-10.153162,4.5468383,4.146838,4.8468385,3.7468383,3.2468383,1.8468384,1.2468383,0.34683838,0.84683836,-0.2531616,-1.3531616,-1.1531616,-1.8531616,-1.8531616,-2.1531615,-0.65316164,-1.0531616,-0.5531616,-0.5531616,-1.6531616,-1.4531616,0.04683838,1.3468384,3.2468383,-0.45316163,-1.4531616,-4.853162,1.5468384,0.24683838,-0.35316163,-1.9531616
-3.0531616,-3.0531616,-6.5531616,-7.5531616,-7.4531617,-9.153162,-8.153162,-9.153162,-10.253161,-9.253161,-8.353162,5.4468384,3.4468384,4.2468386,3.9468384,3.1468384,2.2468383,1.8468384,1.2468383,1.3468384,-0.15316162,-0.35316163,-0.2531616,-0.5531616,0.5468384,-0.05316162,0.24683838,-0.9531616,0.14683838,-0.35316163,-1.5531616,0.24683838,-0.85316163,-0.85316163,1.1468384,-0.35316163,1.4468384,0.04683838,-1.2531617,-2.4531617,-0.35316163
-1.9531616,-2.9531617,-3.7531617,-4.5531616,-4.853162,-4.4531617,-6.2531614,-7.0531616,-7.2531614,-9.053162,-9.453161,1.7468383,2.5468383,3.9468384,3.4468384,4.2468386,3.8468385,2.9468384,2.4468384,2.5468383,2.2468383,1.1468384,-0.5531616,0.64683837,0.24683838,2.0468383,0.5468384,1.7468383,0.5468384,-0.2531616,-2.2531617,-0.85316163,-1.7531617,-2.1531615,-0.35316163,-0.5531616,-1.6531616,-1.4531616,-0.45316163,-1.6531616,-0.7531616
-1.5531616,-2.1531615,-2.8531616,-4.5531616,-4.353162,-4.2531614,-4.853162,-5.353162,-5.0531616,-5.853162,-7.853162,-8.753161,-6.0531616,1.7468383,3.5468383,4.4468384,4.5468383,4.0468383,3.5468383,3.3468385,2.5468383,2.6468384,1.9468384,0.24683838,-0.45316163,0.84683836,2.7468383,2.4468384,1.1468384,0.7468384,0.84683836,-0.5531616,-1.3531616,-2.6531615,-0.85316163,-1.1531616,-0.85316163,-0.05316162,0.7468384,0.44683838,-0.65316164
-1.3531616,-1.1531616,-1.5531616,-2.1531615,-2.1531615,-2.7531617,-3.4531617,-3.1531615,-3.9531617,-2.6531615,-3.9531617,-5.5531616,-7.2531614,-7.6531615,-2.0531616,4.2468386,4.5468383,4.4468384,4.3468385,3.9468384,2.7468383,3.1468384,3.5468383,2.2468383,1.4468384,0.04683838,0.64683837,0.9468384,2.1468384,1.3468384,0.84683836,1.7468383,0.9468384,0.24683838,-0.5531616,-0.9531616,-2.9531617,-1.0531616,-0.7531616,-1.1531616,-1.7531617
0.5468384,0.64683837,0.44683838,0.04683838,-0.35316163,-0.9531616,-1.4531616,-2.1531615,-2.0531616,-3.0531616,-1.5531616,-3.1531615,-3.1531615,-6.1531615,-7.853162,-5.0531616,2.2468383,4.8468385,4.2468386,4.0468383,3.8468385,3.9468384,3.9468384,3.8468385,3.3468385,1.8468384,1.3468384,1.1468384,0.7468384,0.7468384,2.2468383,1.5468384,0.84683836,-1.1531616,-0.45316163,-0.65316164,-0.05316162,-2.5531616,-0.85316163,0.64683837,1.5468384
-0.85316163,-0.9531616,-0.5531616,0.34683838,0.64683837,0.24683838,0.5468384,0.84683836,-0.05316162,-0.85316163,-0.35316163,-1.9531616,-0.7531616,-1.8531616,-3.8531616,-5.7531614,-3.9531617,-2.7531617,4.9468384,4.4468384,4.146838,4.146838,3.4468384,4.0468383,3.5468383,3.3468385,2.2468383,1.9468384,1.2468383,1.0468384,2.6468384,2.4468384,0.9468384,0.34683838,0.34683838,-0.15316162,-0.65316164,0.5468384,-0.5531616,-0.65316164,-0.35316163
-0.05316162,0.34683838,0.84683836,0.44683838,-1.0531616,-0.2531616,1.2468383,0.64683837,0.84683836,1.2468383,0.7468384,0.24683838,-1.1531616,0.14683838,0.9468384,-1.8531616,-2.7531617,-4.0531616,-2.2531617,1.3468384,4.9468384,3.9468384,3.8468385,3.5468383,3.4468384,3.2468383,3.6468384,3.4468384,2.8468385,2.3468385,3.2468383,2.7468383,1.6468384,0.84683836,1.2468383,0.24683838,-0.05316162,0.5468384,-0.2531616,-1.0531616,0.34683838
0.44683838,0.9468384,1.0468384,1.4468384,1.8468384,1.0468384,0.7468384,1.3468384,2.6468384,1.8468384,0.9468384,1.3468384,1.7468383,0.9468384,0.24683838,2.3468385,3.0468383,-0.45316163,-0.65316164,0.5468384,0.34683838,3.4468384,5.146838,3.8468385,3.8468385,3.6468384,3.4468384,2.8468385,2.8468385,2.8468385,3.1468384,3.1468384,3.0468383,2.1468384,2.2468383,1.6468384,0.44683838,-0.7531616,1.0468384,-0.85316163,0.84683836
-0.15316162,0.44683838,-0.35316163,0.64683837,1.7468383,2.8468385,2.6468384,2.3468385,2.0468383,2.7468383,1.9468384,1.1468384,1.8468384,2.5468383,1.7468383,1.0468384,0.84683836,3.2468383,3.8468385,1.1468384,1.8468384,1.1468384,1.5468384,3.7468383,3.8468385,3.7468383,3.4468384,3.2468383,3.2468383,3.3468385,3.2468383,3.1468384,3.2468383,3.3468385,2.2468383,2.4468384,1.3468384,1.9468384,-0.2531616,0.24683838,1.9468384
0.04683838,-0.15316162,0.34683838,0.5468384,1.3468384,2.4468384,2.6468384,3.3468385,3.7468383,2.7468383,2.1468384,2.7468383,2.3468385,1.8468384,2.8468385,2.4468384,1.9468384,1.1468384,2.4468384,3.1468384,4.5468383,3.6468384,2.4468384,1.9468384,2.9468384,4.146838,4.5468383,3.8468385,3.7468383,3.5468383,3.5468383,4.3468385,3.3468385,3.2468383,3.2468383,2.7468383,1.0468384,1.3468384,0.7468384,1.1468384,0.9468384
