wind_kz.json
{"header": {"discipline":0,"disciplineName":"Meteorological products","gribEdition":2,"gribLength":1025,"center":7,"centerName":"US National Weather Service - NCEP(WMC)","subcenter":0,"refTime":"2024-03-19T12:00:00.000Z","significanceOfRT":1,"significanceOfRTName":"Start of forecast","productStatus":0,"productStatusName":"Operational products","productType":1,"productTypeName":"Forecast products","productDefinitionTemplate":0,"productDefinitionTemplateName":"Analysis/forecast at horizontal level/layer at a point in time","parameterCategory":2,"parameterCategoryName":"UnknownDiscipline_0_Category_2","parameterNumber":3,"parameterNumberName":"UnknownParameter_D0_C2_3","parameterUnit":"Unknown","genProcessType":2,"genProcessTypeName":"Forecast","forecastTime":240,"surface1Type":103,"surface1TypeName":"Specified height level above ground","surface1Value":10.0,"surface2Type":255,"surface2TypeName":"Missing","surface2Value":0.0,"gridDefinitionTemplate":0,"gridDefinitionTemplateName":"Latitude_Longitude","numberPoints":615,"shape":6,"shapeName":"Earth spherical with radius of 6,371,229.0 m","gridUnits":"degrees","resolution":48,"winds":"true","scanMode":64,"nx":41,"ny":15,"basicAngle":0,"lo1":47.0,"la1":41.0,"lo2":87.0,"la2":55.0,"dx":1.0,"dy":1.0}, "data":
[rows 0 to 14 of 15, columns 0 to 40 of 41]
1.0354669,1.1754669,-0.8445331,-2.734533,-0.7045331,-1.4345331,-0.24453308,0.30546692,0.3754669,2.805467,1.345467,4.545467,7.605467,5.625467,2.495467,0.6654669,-1.1745331,-0.7745331,-1.374533,-0.55453306,-1.6745331,-2.9245331,-4.374533,1.7854669,1.6754669,0.9754669,1.1654669,-0.4645331,-1.4545331,-1.0945331,-2.734533,-1.8545331,-0.6545331,0.27546692,-1.894533,-1.154533,1.855467,2.765467,0.5254669,-0.7645331,0.17546692
-0.47453308,-0.8345331,-2.194533,-2.064533,-2.814533,-1.8445331,-2.1645331,4.5154667,2.5954669,3.3254669,3.8754668,3.8854668,5.575467,6.875467,5.835467,3.6254668,1.8354669,-0.3745331,0.04546692,-0.3745331,-0.9745331,-3.824533,-3.6145332,-2.6045332,-0.67453307,-2.4245331,-0.5945331,-0.7245331,-0.86453307,-1.644533,-1.3045331,-1.5445331,-2.954533,-4.014533,-4.684533,1.235467,0.04546692,2.515467,1.0554669,-0.13453308,-0.19453308
-2.214533,-0.41453308,-2.3545332,-3.584533,-3.434533,-2.454533,2.0854669,4.915467,2.695467,4.145467,5.835467,6.005467,5.595467,6.535467,6.9754667,7.365467,5.275467,0.7654669,0.7654669,-1.7245331,-0.7245331,-1.8245331,-0.9845331,-1.7045331,-2.804533,-2.704533,-2.9145331,-3.734533,-1.154533,-1.6145331,-1.394533,-1.6745331,-2.514533,-1.6945331,-0.9745331,-0.5245331,-0.45453307,-2.8845332,-0.50453305,-1.3145331,-2.6045332
-3.4245331,-2.6045332,-3.194533,-4.584533,-4.614533,-4.324533,-3.8945332,-2.1545331,3.195467,3.5754669,4.565467,7.855467,8.055467,1.8254669,6.895467,7.9954667,6.555467,3.975467,1.6354669,-1.0845331,-1.5745331,-0.7245331,-3.054533,-3.4045331,-3.084533,-3.324533,-3.544533,-2.054533,-4.514533,-3.324533,-2.934533,-2.014533,1.6554669,0.5954669,-0.36453307,-0.41453308,-0.9045331,0.69546694,-0.6645331,-1.4645331,-1.1745331
-1.644533,-0.3045331,-1.9345331,-2.774533,-3.754533,-5.0045333,-4.224533,0.17546692,-3.564533,3.6154668,6.755467,7.905467,7.335467,5.065467,1.475467,6.835467,8.075467,5.9554667,3.425467,1.855467,0.82546693,-1.0445331,-1.9245331,-0.7345331,-1.9345331,-2.8545332,-2.724533,-4.334533,-2.224533,-4.244533,-3.264533,-1.3445331,1.985467,2.455467,-0.68453306,0.9854669,0.46546692,-0.22453308,-0.6445331,-0.6445331,-1.2245331
-3.6745331,-3.8645332,2.045467,-0.23453309,-2.734533,-3.1045332,-3.3845332,-2.6545331,-1.7245331,2.185467,5.055467,6.865467,5.815467,5.9954667,4.785467,5.215467,7.4554667,7.025467,4.095467,2.435467,1.3854669,1.5654669,-0.17453308,-1.4545331,-1.5745331,-2.464533,-1.4345331,-0.9145331,-3.804533,-3.084533,-3.8845332,-1.4445331,-0.39453307,-0.44453308,-1.254533,-0.26453307,-0.014533081,-1.3145331,3.005467,1.475467,-1.1745331
-3.744533,-4.804533,-5.414533,-6.034533,-6.674533,-5.784533,-5.384533,-2.264533,2.0854669,2.655467,2.695467,5.075467,6.365467,6.945467,6.715467,2.655467,5.4754667,5.815467,3.8954668,4.415467,2.8954668,1.875467,0.7054669,-0.61453307,-0.38453308,-1.124533,-1.034533,-2.804533,-2.964533,-3.4145331,-3.534533,-3.094533,-3.9145331,1.1454669,-1.0445331,-1.5645331,-3.824533,0.6054669,-1.384533,0.38546693,-0.9645331
-3.4145331,-4.864533,-5.514533,-5.964533,-6.334533,-5.874533,-5.0245333,-2.754533,-3.234533,2.475467,1.7854669,4.675467,6.0154667,5.435467,4.535467,4.135467,4.215467,3.545467,3.6054668,3.265467,3.005467,2.1154668,0.8054669,0.6454669,1.6754669,2.1354668,1.0854669,-1.2445331,-0.19453308,-1.5445331,-0.41453308,-0.8245331,-1.3245331,-1.3345331,0.11546692,-0.7645331,-0.4645331,-1.404533,0.38546693,-1.4745331,-2.1745331
-2.754533,-4.2945333,-5.434533,-6.144533,-5.694533,-5.654533,-4.574533,-1.2145331,-1.1845331,-2.034533,-0.3345331,-0.3445331,-0.8345331,-2.1345332,2.415467,-1.3545331,-1.4145331,1.1954669,2.015467,2.205467,1.0654669,1.3254669,0.9154669,0.63546693,1.2054669,0.4754669,1.995467,1.7654669,1.115467,0.46546692,0.7354669,2.165467,-0.39453307,-1.4945331,3.015467,2.6454668,-2.194533,0.09546692,-1.514533,-1.7045331,-3.194533
-2.184533,-3.254533,-4.164533,-4.964533,-5.474533,-4.454533,-4.304533,-3.264533,-3.954533,-0.9745331,-0.7845331,-0.93453306,-0.38453308,-2.1545331,-1.5845331,-2.454533,-1.754533,-3.244533,-3.234533,-1.4645331,0.8554669,-0.86453307,-1.784533,-0.11453308,-1.7045331,-0.3745331,0.9554669,2.3354669,0.18546692,0.33546692,1.365467,0.38546693,0.06546692,1.465467,1.965467,1.105467,0.5354669,-1.274533,0.9254669,2.905467,2.505467
-0.9045331,-2.3545332,-3.724533,-4.124533,-4.434533,-4.604533,-2.1445332,-2.934533,-1.874533,-1.5945331,-1.634533,-0.62453306,-1.624533,-1.6645331,-2.824533,-2.494533,-3.1545331,-2.6545331,-1.1145331,-0.7645331,0.13546692,-0.8845331,-0.7945331,-0.7245331,-0.4945331,0.4054669,-0.23453309,-0.25453308,-0.7645331,-1.9145331,-1.6745331,-1.4545331,-2.434533,-2.1045332,3.3254669,1.115467,1.1454669,1.9554669,0.94546694,0.38546693,0.06546692
0.87546694,-1.2945331,-1.644533,-2.6245332,-2.734533,-3.3545332,-3.494533,-2.304533,-0.7045331,-0.3745331,-0.014533081,-0.8345331,-1.3345331,-1.514533,-1.9645331,-2.684533,-3.1545331,-2.484533,-0.9545331,-0.61453307,0.03546692,-0.7845331,-1.014533,-0.99453306,-0.07453308,-0.24453308,-2.564533,-2.534533,-2.4145331,-2.434533,-1.9645331,-0.6945331,-1.5645331,-1.9945331,-1.8345331,1.1954669,1.4054669,-0.48453307,-0.13453308,-0.16453308,-0.064533085
2.305467,1.5554669,-0.5945331,-1.8345331,-1.7145331,-0.9645331,-2.464533,-2.084533,-3.964533,-1.4845331,-0.4345331,-0.014533081,-1.4845331,0.62546694,-0.81453305,-1.4845331,-1.7445331,-1.4845331,-2.524533,-1.4145331,-1.654533,-0.9045331,-1.284533,-1.264533,-1.394533,-0.3445331,-1.5845331,-1.154533,-1.3545331,-1.6845331,-2.194533,-1.0745331,-0.6945331,-0.5845331,0.09546692,0.6154669,0.29546693,0.12546691,1.6654669,1.5654669,1.1754669
3.705467,2.6154668,2.905467,1.4054669,0.5854669,0.68546695,-0.5445331,-1.254533,-2.444533,-4.2545333,-1.8045331,-0.55453306,-0.024533082,0.06546692,0.5254669,-0.104533084,-1.0845331,-0.17453308,0.08546692,-0.09453308,-0.05453308,-0.24453308,-0.05453308,0.12546691,0.6654669,0.9054669,0.69546694,0.56546694,0.8454669,1.0154669,0.29546693,0.3454669,0.9154669,0.93546695,0.6154669,1.105467,1.5854669,1.3954669,2.425467,2.565467,2.655467
2.8254669,3.3954668,3.315467,3.035467,1.8154669,0.9554669,0.5954669,-0.28453308,-1.404533,-1.7445331,-1.7345331,-1.9945331,-1.4245331,-0.5945331,-1.7945331,-2.794533,-0.68453306,-2.764533,-1.8445331,-0.68453306,0.42546692,1.1454669,1.2754669,0.99546695,0.4154669,0.49546692,0.7254669,0.8954669,0.8454669,0.38546693,0.32546693,0.5254669,0.16546692,0.05546692,0.5154669,0.43546692,1.4054669,1.3954669,1.465467,3.005467,2.8254669
