wind_kz.json
{"header": {"discipline":0,"disciplineName":"Meteorological products","gribEdition":2,"gribLength":1102,"center":7,"centerName":"US National Weather Service - NCEP(WMC)","subcenter":0,"refTime":"2023-08-06T18:00:00.000Z","significanceOfRT":1,"significanceOfRTName":"Start of forecast","productStatus":0,"productStatusName":"Operational products","productType":1,"productTypeName":"Forecast products","productDefinitionTemplate":0,"productDefinitionTemplateName":"Analysis/forecast at horizontal level/layer at a point in time","parameterCategory":2,"parameterCategoryName":"UnknownDiscipline_0_Category_2","parameterNumber":2,"parameterNumberName":"UnknownParameter_D0_C2_2","parameterUnit":"Unknown","genProcessType":2,"genProcessTypeName":"Forecast","forecastTime":120,"surface1Type":103,"surface1TypeName":"Specified height level above ground","surface1Value":10.0,"surface2Type":255,"surface2TypeName":"Missing","surface2Value":0.0,"gridDefinitionTemplate":0,"gridDefinitionTemplateName":"Latitude_Longitude","numberPoints":615,"shape":6,"shapeName":"Earth spherical with radius of 6,371,229.0 m","gridUnits":"degrees","resolution":48,"winds":"true","scanMode":64,"nx":41,"ny":15,"basicAngle":0,"lo1":47.0,"la1":41.0,"lo2":87.0,"la2":55.0,"dx":1.0,"dy":1.0}, "data":
[rows 0 to 14 of 15, columns 0 to 40 of 41]
-4.796272,-0.88627195,2.193728,-3.656272,-3.086272,-2.246272,-7.336272,-8.256272,-6.796272,-3.2262719,-5.956272,-6.456272,-5.596272,-3.156272,-0.806272,-0.836272,-1.686272,-1.0362719,-2.026272,-1.2862719,-1.336272,-0.11627197,-0.34627196,-0.27627197,3.603728,-1.256272,-2.376272,1.933728,0.56372803,1.503728,1.903728,2.043728,2.063728,3.633728,2.593728,1.553728,1.313728,-0.09627197,-0.39627197,-1.356272,-0.57627195
2.593728,0.85372806,-6.796272,-6.066272,-5.476272,-6.426272,-6.546272,-5.506272,-5.296272,-7.656272,-6.266272,-4.596272,-2.876272,-1.736272,-0.17627198,0.783728,-1.476272,-2.076272,-2.146272,-0.656272,0.67372805,0.75372803,0.14372803,-1.9062719,1.373728,0.22372803,-1.856272,1.4537281,-4.636272,0.31372803,-0.19627197,0.25372803,-0.30627197,0.0037280275,-0.016271973,0.34372804,1.153728,-0.15627198,0.08372803,-0.776272,1.173728
-2.556272,-6.916272,-7.176272,-4.946272,-4.496272,-5.596272,-4.236272,-4.286272,-3.746272,-6.876272,-3.556272,-2.2262719,-1.076272,0.44372803,0.14372803,1.0837281,-1.586272,-1.126272,-1.596272,0.21372803,-0.36627197,0.42372802,-2.346272,-2.096272,1.133728,1.3437281,3.333728,2.583728,-0.026271973,-1.5262719,-0.51627195,2.253728,0.37372804,0.833728,0.973728,-0.32627198,-0.846272,0.25372803,-1.816272,1.493728,2.0237281
-8.046272,-9.246272,-6.886272,-3.866272,-1.066272,-4.456272,-4.566272,-5.236272,-4.666272,-5.536272,-3.346272,-2.066272,0.28372803,1.613728,0.56372803,1.523728,-0.33627197,-0.64627194,0.023728028,0.39372802,0.38372803,-1.516272,-1.506272,-2.306272,-0.89627194,0.73372805,2.7637281,2.2737281,3.723728,4.153728,2.213728,-1.596272,6.123728,6.163728,-2.2262719,1.883728,-1.846272,1.603728,-1.306272,3.2837281,9.883728
-7.816272,-9.746272,-8.836272,-8.5962715,-7.616272,-6.956272,-5.626272,-4.096272,-3.4862719,-1.996272,-1.1662719,0.703728,3.723728,2.843728,2.343728,1.5737281,0.24372803,0.913728,1.403728,1.113728,-1.126272,-1.7962719,0.60372806,-2.146272,-1.0262719,-3.156272,-2.816272,-0.51627195,-0.50627196,0.713728,-3.666272,-1.606272,-0.716272,1.653728,1.7137281,1.5937281,2.563728,-0.676272,3.333728,1.533728,0.303728
-6.216272,-4.146272,-6.406272,-6.816272,-7.796272,-5.3562717,-2.936272,-3.126272,-2.146272,-1.976272,0.13372803,0.0037280275,3.0137281,5.103728,3.923728,-2.396272,-4.456272,-3.626272,-2.9762719,0.05372803,-1.246272,-1.256272,-2.266272,-1.856272,-1.196272,-1.706272,-1.226272,-2.926272,-2.446272,0.23372802,-1.596272,-1.7862719,-2.066272,-0.846272,1.933728,5.163728,2.793728,2.693728,12.363728,9.303728,-2.596272
-4.346272,-3.196272,-3.396272,-3.876272,-3.036272,-0.586272,-2.316272,-0.786272,-0.18627197,-0.656272,-1.5462719,-2.636272,-3.936272,-7.576272,-6.566272,-5.546272,-3.696272,-2.326272,-2.156272,-1.736272,-2.176272,-3.376272,-3.756272,-3.456272,-2.626272,-1.636272,-2.516272,-1.486272,-2.316272,-1.2762719,-4.236272,-4.956272,-2.496272,0.663728,-1.486272,-0.596272,0.273728,2.743728,0.06372803,1.773728,3.2837281
-2.4762719,-1.476272,-0.43627197,0.28372803,-2.296272,-2.996272,-2.766272,-2.266272,-1.856272,-3.036272,-3.276272,-4.976272,-7.256272,-7.256272,-6.296272,-4.756272,-2.136272,-1.5462719,-1.4162719,-1.316272,-0.18627197,-0.43627197,-0.46627197,-0.30627197,-0.87627196,-1.886272,-0.666272,-1.326272,-1.7962719,-2.796272,-3.706272,-1.606272,-1.146272,-3.626272,-2.7362719,4.433728,6.043728,5.383728,-3.016272,-1.7862719,-1.4162719
-4.816272,-4.076272,-3.876272,-2.746272,-2.886272,-3.606272,-2.7362719,-2.666272,-1.2862719,-1.496272,-3.616272,-5.816272,-5.836272,-5.826272,-5.336272,-3.506272,-0.75627196,-1.376272,-0.726272,-0.39627197,-0.736272,0.113728024,-4.406272,-5.416272,-4.3562717,-0.82627195,-0.51627195,-1.016272,0.14372803,0.29372802,-0.616272,-0.796272,1.233728,2.633728,1.753728,3.393728,0.583728,-0.74627197,-1.876272,-0.006271973,-1.5462719
-4.176272,-3.766272,-3.426272,-3.456272,-3.2162719,-1.9262719,-1.436272,-2.246272,-0.966272,1.483728,-3.326272,-5.666272,-5.476272,-3.866272,-3.936272,-2.206272,-0.16627197,0.74372804,0.103728026,0.593728,-1.336272,-4.8562717,-2.916272,-2.686272,-3.156272,-2.4762719,-2.376272,-0.99627197,-1.4262719,-1.436272,0.60372806,1.013728,1.7137281,2.363728,2.853728,4.103728,1.4737281,0.87372804,0.0037280275,-0.41627198,-0.19627197
-4.086272,-3.7162719,-3.626272,-2.926272,-2.076272,-2.396272,-3.436272,-2.166272,-1.866272,-1.326272,-3.016272,-3.196272,-4.3562717,-5.066272,-2.156272,-0.34627196,0.37372804,1.863728,-0.37627196,-2.146272,-2.4662719,-1.956272,-2.046272,-0.20627198,0.35372803,-1.7862719,-1.106272,0.21372803,0.12372803,-0.726272,0.883728,1.493728,1.363728,1.8237281,1.773728,0.723728,0.26372802,0.93372804,1.113728,-0.666272,-0.63627195
-1.6562719,-0.46627197,-1.846272,-2.456272,-1.846272,-1.5362719,-2.856272,-2.656272,-1.576272,-2.256272,-2.256272,-3.396272,-5.616272,-4.586272,-1.646272,0.39372802,-2.686272,-3.066272,-2.766272,-0.81627196,-0.12627198,0.56372803,-0.08627197,0.47372803,-0.916272,0.93372804,2.0237281,1.123728,1.273728,1.943728,2.193728,2.993728,1.743728,1.9737281,2.053728,1.783728,2.143728,2.243728,1.773728,0.513728,1.523728
-1.636272,-2.306272,-3.156272,-2.946272,-3.066272,-2.156272,-2.596272,-1.9262719,-2.396272,-1.196272,-1.976272,-3.816272,-4.016272,-2.006272,-0.29627198,-1.956272,-0.976272,-0.846272,0.833728,0.29372802,1.233728,0.39372802,1.063728,1.523728,2.7637281,0.38372803,1.8237281,1.9737281,2.243728,2.113728,2.7737281,3.0337281,2.733728,2.213728,2.633728,2.953728,2.863728,1.603728,2.053728,2.223728,1.4537281
-0.546272,-5.096272,-4.316272,-3.126272,-2.616272,-3.096272,-2.186272,-2.756272,-2.4862719,-2.906272,-1.9262719,-2.086272,-0.536272,0.43372804,-1.816272,-0.41627198,0.22372803,0.39372802,0.593728,1.443728,1.373728,1.353728,0.92372805,1.923728,2.183728,3.0337281,2.553728,1.8437281,2.133728,2.173728,2.973728,3.303728,3.563728,4.023728,3.563728,2.873728,2.543728,2.063728,2.7737281,1.553728,0.703728
-3.776272,-4.546272,-3.816272,-3.956272,-3.096272,-3.276272,-2.246272,-3.126272,-4.336272,-3.816272,-2.286272,-1.766272,-0.99627197,1.043728,0.843728,2.333728,0.21372803,0.953728,2.183728,2.113728,1.263728,1.0737281,1.733728,2.293728,2.933728,2.053728,2.293728,2.133728,2.683728,2.433728,2.703728,2.973728,2.823728,2.713728,3.113728,2.743728,1.733728,1.273728,5.753728,1.783728,-0.916272
