wind_kz.json
{"header": {"discipline":0,"disciplineName":"Meteorological products","gribEdition":2,"gribLength":871,"center":7,"centerName":"US National Weather Service - NCEP(WMC)","subcenter":0,"refTime":"2024-02-02T00:00:00.000Z","significanceOfRT":1,"significanceOfRTName":"Start of forecast","productStatus":0,"productStatusName":"Operational products","productType":1,"productTypeName":"Forecast products","productDefinitionTemplate":0,"productDefinitionTemplateName":"Analysis/forecast at horizontal level/layer at a point in time","parameterCategory":0,"parameterCategoryName":"UnknownDiscipline_0_Category_0","parameterNumber":0,"parameterNumberName":"UnknownParameter_D0_C0_0","parameterUnit":"Unknown","genProcessType":2,"genProcessTypeName":"Forecast","forecastTime":180,"surface1Type":1,"surface1TypeName":"Ground or water surface","surface1Value":0.0,"surface2Type":255,"surface2TypeName":"Missing","surface2Value":0.0,"gridDefinitionTemplate":0,"gridDefinitionTemplateName":"Latitude_Longitude","numberPoints":615,"shape":6,"shapeName":"Earth spherical with radius of 6,371,229.0 m","gridUnits":"degrees","resolution":48,"winds":"true","scanMode":64,"nx":41,"ny":15,"basicAngle":0,"lo1":47.0,"la1":41.0,"lo2":87.0,"la2":55.0,"dx":1.0,"dy":1.0}, "data":
[rows 0 to 14 of 15, columns 0 to 40 of 41]
292.307,280.707,288.00702,280.50702,280.807,282.107,288.207,292.107,288.607,290.00702,288.707,289.307,288.607,288.107,287.50702,286.207,287.00702,284.707,288.207,285.607,285.207,283.407,283.607,277.607,280.307,281.50702,270.807,257.407,254.007,252.60701,256.307,253.707,259.207,270.207,271.307,269.907,270.607,270.807,271.00702,270.907,270.50702
266.707,289.907,280.307,280.207,280.707,281.107,289.107,290.107,290.307,291.407,290.207,288.00702,287.707,287.907,287.907,286.607,287.707,287.107,285.807,286.807,285.807,283.207,279.207,269.307,254.007,255.807,261.50702,252.90701,256.207,251.507,259.807,244.707,262.807,241.60701,249.10701,261.707,259.107,268.107,269.807,265.607,268.707
289.107,279.00702,280.207,280.50702,280.607,287.00702,287.707,288.207,287.107,286.607,286.00702,286.607,286.107,286.807,282.907,280.307,282.807,282.107,283.00702,282.407,282.207,283.207,280.607,270.00702,280.807,273.00702,272.00702,271.607,271.607,263.107,254.10701,255.40701,258.807,257.207,256.707,263.207,261.50702,257.50702,254.60701,253.90701,254.307
287.307,276.107,277.907,279.00702,281.407,286.707,286.407,285.207,287.407,285.407,285.00702,284.807,281.307,281.907,284.207,279.00702,280.807,277.207,275.107,278.707,280.607,271.807,277.00702,274.607,273.107,273.807,273.307,271.407,270.307,270.207,269.707,267.807,270.807,267.207,262.50702,264.607,256.407,255.40701,262.407,263.50702,264.407
285.707,273.207,272.207,273.307,279.00702,287.00702,284.00702,286.307,284.307,281.207,277.907,281.50702,279.207,279.107,278.307,276.407,275.407,277.707,276.907,274.607,277.607,277.107,274.207,273.00702,272.707,270.807,271.107,271.107,276.807,272.307,271.607,271.907,264.00702,250.60701,261.607,256.107,260.907,261.907,259.907,257.707,259.50702
285.807,286.50702,273.107,272.907,272.50702,272.807,283.107,284.00702,281.50702,279.907,275.50702,275.707,279.307,279.207,275.50702,275.107,273.207,274.607,273.50702,274.707,273.207,273.50702,273.50702,273.207,273.207,271.607,269.707,269.107,273.207,272.50702,270.907,272.307,272.807,273.00702,271.907,269.307,266.307,262.907,259.707,255.007,257.107
283.907,284.00702,286.807,286.807,279.607,282.50702,283.807,276.607,275.207,274.407,274.307,273.307,274.307,274.307,273.807,273.807,273.307,273.207,273.207,273.207,273.207,273.207,273.207,273.207,273.207,273.207,273.207,273.107,272.907,272.707,271.207,270.707,270.607,272.50702,270.107,269.00702,263.207,259.707,257.707,259.907,253.007
282.207,282.00702,279.00702,279.807,277.107,275.407,275.907,275.407,273.907,273.407,273.207,273.207,273.207,273.207,273.807,273.207,273.307,273.207,273.207,273.207,273.207,273.107,273.207,273.207,273.207,272.807,272.307,269.207,266.707,268.50702,265.307,266.50702,264.50702,264.407,267.50702,256.307,257.00702,261.107,259.607,258.707,256.407
280.307,278.107,276.00702,276.107,273.907,275.407,275.207,273.407,273.107,272.50702,272.207,273.00702,273.207,273.207,273.107,273.207,273.207,273.207,273.207,273.207,273.107,273.207,273.207,273.107,273.207,273.207,272.707,270.207,265.107,262.607,262.50702,264.50702,266.707,267.907,264.50702,260.207,259.50702,259.707,256.407,257.00702,257.307
274.607,274.607,273.307,273.907,272.807,271.907,271.00702,268.707,269.00702,270.207,269.407,270.00702,271.00702,270.907,272.207,273.107,273.207,273.207,273.207,273.207,273.207,273.207,273.207,273.207,273.207,273.107,273.207,272.707,268.607,267.207,267.50702,270.00702,269.907,268.407,265.707,261.307,261.00702,260.207,262.607,257.50702,256.807
271.50702,270.50702,270.50702,268.807,270.107,267.707,268.50702,268.907,269.107,268.50702,267.607,267.707,268.707,268.50702,269.307,270.407,271.50702,272.607,273.207,273.107,273.207,273.207,273.207,273.207,273.107,273.207,273.207,273.207,272.107,270.00702,269.50702,269.407,269.50702,268.907,266.707,266.50702,263.707,258.607,256.807,260.307,255.807
269.407,269.00702,269.107,267.407,265.707,266.307,266.00702,265.907,265.50702,266.00702,266.00702,265.207,266.00702,266.50702,267.207,268.407,269.107,270.407,272.407,273.207,273.207,273.107,273.207,273.207,273.107,273.207,273.107,273.407,273.00702,272.307,270.407,267.307,268.407,267.107,266.807,266.907,267.307,264.00702,263.50702,262.00702,262.50702
267.807,268.107,267.607,267.00702,266.50702,266.807,265.00702,263.707,263.50702,264.607,265.00702,263.407,264.50702,264.607,265.907,266.907,267.807,268.50702,270.907,270.807,271.50702,272.207,272.50702,273.207,273.207,273.207,273.207,273.207,272.407,270.907,267.907,267.307,266.707,266.107,266.307,265.907,267.00702,264.407,261.107,258.207,263.00702
267.407,266.307,266.707,264.607,264.607,264.50702,264.00702,263.607,264.407,264.607,264.307,262.907,262.707,263.307,264.307,264.907,265.607,266.50702,267.907,268.607,270.00702,271.907,273.207,273.00702,273.207,273.207,273.207,272.807,270.807,269.307,267.207,266.707,265.907,265.407,265.50702,268.00702,268.307,266.907,262.50702,262.107,259.107
264.607,264.207,263.707,263.307,263.407,263.807,263.907,264.207,264.807,265.207,265.307,263.50702,262.607,263.00702,263.107,263.907,263.707,264.407,267.707,267.50702,268.50702,269.607,272.607,273.107,273.207,273.207,273.107,271.407,269.50702,268.00702,266.50702,266.207,265.607,265.407,266.607,268.607,269.107,269.50702,267.607,263.50702,261.707
