wind_kz.json
{"header": {"discipline":0,"disciplineName":"Meteorological products","gribEdition":2,"gribLength":1025,"center":7,"centerName":"US National Weather Service - NCEP(WMC)","subcenter":0,"refTime":"2023-09-28T12:00:00.000Z","significanceOfRT":1,"significanceOfRTName":"Start of forecast","productStatus":0,"productStatusName":"Operational products","productType":1,"productTypeName":"Forecast products","productDefinitionTemplate":0,"productDefinitionTemplateName":"Analysis/forecast at horizontal level/layer at a point in time","parameterCategory":2,"parameterCategoryName":"UnknownDiscipline_0_Category_2","parameterNumber":2,"parameterNumberName":"UnknownParameter_D0_C2_2","parameterUnit":"Unknown","genProcessType":2,"genProcessTypeName":"Forecast","forecastTime":0,"surface1Type":103,"surface1TypeName":"Specified height level above ground","surface1Value":10.0,"surface2Type":255,"surface2TypeName":"Missing","surface2Value":0.0,"gridDefinitionTemplate":0,"gridDefinitionTemplateName":"Latitude_Longitude","numberPoints":615,"shape":6,"shapeName":"Earth spherical with radius of 6,371,229.0 m","gridUnits":"degrees","resolution":48,"winds":"true","scanMode":64,"nx":41,"ny":15,"basicAngle":0,"lo1":47.0,"la1":41.0,"lo2":87.0,"la2":55.0,"dx":1.0,"dy":1.0}, "data":
[rows 0 to 14 of 15, columns 0 to 40 of 41]
-0.19643067,1.4635693,-2.7564306,-2.7964306,-0.9564307,0.6735693,4.2835693,2.1735694,1.7735693,1.5935693,-0.6964307,-1.1264306,0.19356933,2.0335693,1.3035693,1.7135693,0.8035693,0.83356935,1.3835694,1.5535693,2.7635694,1.7035693,4.2035694,5.3035693,2.9435694,0.37356934,1.0135694,3.1535692,0.23356934,1.3035693,-1.8264307,1.8135693,-1.4964306,-0.41643065,-0.80643064,-0.60643065,-1.3464307,-0.27643067,-0.17643066,-1.0664307,-1.6964307
-1.7164307,-3.8564308,-3.8664308,-4.5064306,-3.2464306,-0.22643067,2.3435693,-0.35643065,1.7535694,2.0635693,2.4035692,3.9635694,3.3835692,-0.43643066,0.5635693,2.4235694,0.84356934,1.1435694,2.2935693,1.9735694,2.8335693,2.4135695,5.2235694,2.9835694,1.3035693,0.47356933,0.18356934,1.8735694,2.4135695,0.50356936,-0.26643068,-0.39643067,-1.0864307,-2.3464308,0.49356934,2.7535694,1.5635693,0.8035693,0.21356934,-0.39643067,-1.7464306
-6.076431,-5.096431,-4.6964307,-3.5464306,0.6235693,0.63356936,-1.2164307,0.18356934,3.5435693,3.5735693,3.6335692,3.6635695,3.4035692,1.0535693,1.8135693,3.3135693,1.6935693,2.5035694,3.0835693,3.4135695,3.3335693,5.7935696,4.153569,5.4935694,-2.0664306,-0.19643067,0.78356934,1.1335694,3.9735694,-0.29643068,-0.5064307,-0.96643066,2.7835693,0.47356933,-0.5064307,-0.6964307,0.41356933,-0.41643065,1.1335694,2.2135694,0.95356935
-7.786431,-6.4364305,-4.4464307,0.84356934,-3.4264307,-1.6164306,0.66356933,2.0835693,3.2435694,4.7235694,5.9535694,6.173569,-0.45643067,0.39356935,2.7035694,1.4235693,0.9335693,3.0735693,4.753569,5.1135693,2.7135694,3.7435694,2.1735694,0.8535693,3.3435693,3.1335692,3.8335693,3.4335694,4.5635695,3.3635693,-0.036430664,2.1635695,3.7935693,2.4235694,2.5435693,1.9535693,0.06356934,2.3535693,-1.0864307,-1.7564306,-1.7564306
-6.9364305,-6.5264306,-6.1964307,-5.2364306,-2.8264306,-0.6464307,2.7135694,2.1635695,3.7335694,4.963569,6.8435693,8.113569,2.4235694,0.91356933,2.0735693,5.923569,2.3335693,2.9535694,2.6835694,4.5635695,6.9535694,6.2935696,4.9935694,4.7235694,4.253569,3.7935693,4.713569,-1.4264307,6.0435696,2.6535692,5.0435696,2.7735693,1.7135693,1.9035693,-1.8064307,-1.5564307,-2.1564307,-2.4264307,-1.8964306,-1.8564306,-1.5464307
-4.1864305,-4.3864307,-3.5764306,-1.4164307,-0.09643067,4.1335692,3.8735693,1.9635693,2.9035692,3.5935693,3.7535694,5.3335695,3.4335694,-1.4464307,2.3435693,-0.7664307,1.5835693,2.3735693,3.1635695,3.8335693,5.3835692,6.733569,5.6435695,5.5935693,3.0835693,2.7735693,-4.1864305,-4.076431,-0.11643066,-1.1764307,-3.3664308,-4.596431,-2.6164308,-2.7864306,-0.79643065,-0.9464307,0.19356933,0.63356936,-1.0564307,-1.3164307,-1.0464307
-4.7964306,-2.3664308,-1.8564306,-0.65643066,0.22356933,0.09356934,0.7335693,1.4335693,1.9435693,2.4635694,3.7935693,3.8035693,4.3135695,-0.8864307,1.2835693,0.23356934,0.9935693,1.6335694,2.3335693,2.7335694,2.4935694,3.8135693,2.7435694,1.7835693,3.0535693,2.7335694,1.4235693,0.33356935,0.7435693,0.053569335,1.7335694,1.4835694,-1.6764307,-1.5364307,-1.8464307,-0.9464307,1.5735693,-0.13643067,1.5435693,1.4635693,-3.0264306
-1.4464307,-1.7564306,-1.3064307,-0.8964307,-0.23643066,0.5635693,0.43356934,0.50356936,0.48356932,1.1935693,-0.15643066,3.6135693,2.1735694,0.65356934,-2.7664306,0.75356936,0.66356933,1.1035694,0.08356933,1.1835693,0.35356933,-1.0764307,-2.4064307,-1.2364306,-0.79643065,0.46356934,2.8435693,1.8035693,4.2635694,6.1435695,3.2535694,2.1135693,3.9335694,1.1335694,2.9135695,-4.5064306,-3.7664306,-6.806431,-5.036431,-5.4264307,-2.5564306
0.49356934,-0.006430664,0.16356933,-0.18643066,-0.59643066,0.103569336,0.78356934,0.45356932,-0.37643066,-0.92643064,-1.2264307,-3.5164306,-5.246431,-4.2564306,2.4035692,0.26356933,-0.29643068,-0.08643066,0.33356935,0.27356935,0.75356936,-1.5964307,-0.8164307,1.3835694,0.16356933,1.4935694,3.0835693,3.0535693,3.8335693,3.1535692,-0.40643066,-1.1764307,0.31356934,-0.026430665,-0.23643066,-3.5264306,-0.77643067,0.053569335,-0.45643067,0.65356934,-1.6564307
1.1935693,-1.0764307,0.003569336,-0.11643066,-0.09643067,0.39356935,-0.016430665,-0.27643067,-0.22643067,-0.85643065,-1.9364307,-2.2764306,-0.77643067,0.5635693,2.6035693,-0.96643066,-0.47643065,-0.036430664,0.90356934,1.4535693,1.6035694,1.1935693,0.59356934,0.27356935,-0.026430665,-0.49643067,-0.7664307,-0.44643065,-1.1164306,-0.6964307,0.29356933,1.7435694,3.2635694,3.3135693,-0.6364307,-2.0364306,-2.0364306,-0.41643065,-0.09643067,0.88356936,-0.8764307
-0.6964307,-0.14643067,-0.056430664,-0.046430662,0.22356933,-0.35643065,-0.60643065,-0.6864307,-0.40643066,0.08356933,-0.58643067,-1.8664306,-3.8564308,-4.0864305,-3.3264306,-2.3464308,-0.046430662,1.8735694,1.4435693,2.3235693,2.1535692,2.7735693,2.3535693,2.7135694,2.8235693,1.8135693,2.0335693,-0.046430662,1.0135694,1.8135693,1.9835694,2.6535692,3.2835693,4.0335693,-0.38643065,-0.77643067,-0.6364307,1.1635693,-0.12643066,1.7235694,-0.35643065
-0.026430665,-0.49643067,0.053569335,0.053569335,0.103569336,-0.42643067,-0.45643067,-0.52643067,-0.99643064,0.033569336,0.48356932,-2.6564307,-3.0564306,-1.5764307,-0.5664307,0.69356936,1.9935694,1.8735694,1.1835693,1.5735693,1.7735693,3.1635695,3.0135694,3.3635693,3.0935693,4.1035695,3.0335693,1.8135693,0.36356935,1.2535694,1.5335693,2.7135694,1.8035693,3.2135694,1.5835693,1.7635694,3.1035693,1.7835693,-0.6964307,-1.0464307,-0.92643064
0.38356933,0.66356933,-0.38643065,0.40356934,0.58356935,0.6035693,0.08356933,-0.35643065,-0.96643066,-0.6364307,-0.98643064,0.16356933,-1.2264307,0.65356934,1.5335693,1.7735693,1.7035693,1.2435694,0.5635693,2.4535694,2.4435694,3.0235693,2.8235693,2.8435693,3.0535693,2.7735693,3.6635695,3.1835694,2.6335692,1.9535693,2.2235694,2.7035694,1.1735693,2.0835693,3.0835693,1.6035694,0.9835693,0.17356934,-1.0364307,-0.86643064,-0.37643066
1.9235693,1.8735694,3.1435692,1.7435694,1.0135694,0.64356935,-0.006430664,-0.27643067,-0.7064307,-0.6264307,0.8735693,1.6535693,2.1035693,0.6135693,1.4435693,1.4335693,3.0035694,3.1635695,3.0535693,3.2935693,3.1835694,3.5935693,4.4335694,4.273569,4.1435695,4.1835694,2.4335694,0.58356935,1.5335693,2.3935692,2.3735693,3.3835692,1.4235693,1.1335694,1.7135693,1.6135694,-0.37643066,-0.65643066,-1.4064307,0.24356933,-0.07643066
2.8335693,2.5935693,1.6535693,3.2935693,2.4535694,2.2735693,1.8235693,1.8235693,2.2435694,2.7235694,1.1035694,2.2135694,1.9335693,2.5135694,4.1635695,3.6635695,2.5835693,3.5235693,3.0635693,4.0835695,4.0835695,3.4435694,3.3535693,3.9935694,4.3135695,2.3035693,1.6235694,1.0335693,2.2035694,3.3635693,1.8435693,4.403569,2.6435692,2.2335694,1.0535693,1.3135693,0.023569336,0.63356936,0.36356935,1.6535693,-0.37643066
