wind_kz.json
{"header": {"discipline":0,"disciplineName":"Meteorological products","gribEdition":2,"gribLength":871,"center":7,"centerName":"US National Weather Service - NCEP(WMC)","subcenter":0,"refTime":"2023-10-05T12:00:00.000Z","significanceOfRT":1,"significanceOfRTName":"Start of forecast","productStatus":0,"productStatusName":"Operational products","productType":1,"productTypeName":"Forecast products","productDefinitionTemplate":0,"productDefinitionTemplateName":"Analysis/forecast at horizontal level/layer at a point in time","parameterCategory":0,"parameterCategoryName":"UnknownDiscipline_0_Category_0","parameterNumber":0,"parameterNumberName":"UnknownParameter_D0_C0_0","parameterUnit":"Unknown","genProcessType":2,"genProcessTypeName":"Forecast","forecastTime":0,"surface1Type":1,"surface1TypeName":"Ground or water surface","surface1Value":0.0,"surface2Type":255,"surface2TypeName":"Missing","surface2Value":0.0,"gridDefinitionTemplate":0,"gridDefinitionTemplateName":"Latitude_Longitude","numberPoints":615,"shape":6,"shapeName":"Earth spherical with radius of 6,371,229.0 m","gridUnits":"degrees","resolution":48,"winds":"true","scanMode":64,"nx":41,"ny":15,"basicAngle":0,"lo1":47.0,"la1":41.0,"lo2":87.0,"la2":55.0,"dx":1.0,"dy":1.0}, "data":
[rows 0 to 14 of 15, columns 0 to 40 of 41]
299.1908,286.49078,293.1908,294.0908,293.99078,292.49078,295.49078,292.3908,291.99078,293.8908,295.6908,297.2908,298.3908,299.6908,298.1908,297.7908,299.7908,298.0908,299.8908,299.8908,301.7908,299.0908,301.1908,296.49078,298.49078,299.6908,295.6908,282.49078,279.6908,278.1908,275.3908,271.7908,287.1908,294.0908,295.1908,295.0908,296.3908,296.3908,295.0908,294.2908,292.99078
279.6908,294.3908,294.0908,293.8908,293.7908,291.7908,295.2908,290.2908,291.6908,292.5908,298.8908,295.5908,300.3908,297.7908,295.5908,300.2908,299.0908,299.8908,296.6908,298.0908,297.5908,298.1908,297.0908,289.7908,280.49078,281.8908,288.3908,281.49078,281.5908,274.7908,278.8908,268.3908,279.99078,251.59079,271.1908,291.5908,289.5908,291.49078,294.3908,286.99078,284.8908
298.49078,293.8908,293.49078,293.1908,291.49078,295.5908,288.6908,288.5908,289.8908,291.8908,293.49078,294.6908,295.6908,297.0908,297.6908,298.99078,299.1908,298.5908,298.8908,298.7908,298.6908,296.6908,295.99078,293.7908,295.7908,294.5908,295.8908,294.8908,293.99078,283.8908,271.5908,276.49078,281.7908,281.49078,283.5908,281.7908,275.0908,276.5908,277.6908,271.0908,270.7908
296.2908,292.49078,293.2908,292.5908,293.7908,292.0908,289.2908,287.6908,293.0908,294.5908,296.0908,291.1908,290.3908,289.6908,298.6908,298.49078,297.3908,297.7908,297.99078,298.99078,297.49078,293.49078,296.5908,296.8908,296.7908,297.3908,298.0908,294.49078,292.1908,292.99078,293.7908,290.0908,294.7908,290.6908,289.5908,284.6908,273.5908,262.8908,278.1908,286.6908,290.1908
300.99078,292.1908,292.6908,292.2908,295.2908,294.8908,289.49078,289.49078,293.2908,296.0908,293.6908,293.6908,289.3908,288.1908,287.5908,297.6908,297.0908,296.3908,296.49078,296.2908,296.49078,296.5908,295.7908,295.7908,295.49078,294.49078,292.0908,291.6908,292.8908,292.3908,294.8908,291.49078,279.1908,266.3908,281.2908,288.7908,291.49078,292.99078,293.3908,293.6908,292.8908
299.7908,298.99078,290.2908,291.8908,291.99078,290.49078,289.6908,289.7908,291.2908,292.1908,293.3908,291.3908,289.8908,289.0908,292.8908,295.5908,297.1908,296.7908,296.3908,296.1908,295.2908,294.3908,293.99078,293.6908,293.0908,290.49078,290.2908,288.5908,292.1908,292.3908,290.7908,292.2908,291.3908,289.0908,285.5908,289.3908,281.3908,285.1908,289.99078,290.99078,290.99078
299.2908,298.2908,300.49078,301.3908,292.1908,296.5908,291.1908,288.8908,289.8908,289.99078,291.2908,296.8908,295.99078,294.49078,294.5908,294.99078,295.6908,296.7908,296.5908,295.2908,294.3908,294.1908,293.7908,293.2908,291.2908,291.2908,290.7908,292.0908,291.1908,291.1908,290.2908,289.8908,289.99078,290.7908,289.0908,287.2908,280.99078,278.2908,276.3908,275.49078,286.49078
299.5908,299.8908,300.3908,297.2908,298.0908,300.2908,296.0908,292.8908,290.6908,289.3908,290.0908,295.7908,295.3908,293.7908,294.3908,294.5908,293.8908,295.5908,295.5908,293.1908,292.6908,292.3908,292.2908,292.1908,290.7908,288.0908,287.5908,288.49078,287.1908,288.49078,287.1908,287.7908,286.99078,284.0908,284.7908,285.2908,286.2908,285.7908,286.2908,286.49078,282.6908
297.0908,297.8908,299.1908,293.5908,295.0908,298.6908,294.7908,296.2908,289.7908,290.1908,290.0908,292.3908,294.2908,295.2908,293.1908,293.99078,293.1908,293.0908,292.49078,292.1908,290.0908,289.0908,290.2908,290.1908,288.6908,288.49078,286.5908,286.0908,284.99078,283.5908,283.49078,283.7908,284.5908,284.5908,284.49078,283.1908,282.3908,281.5908,269.2908,270.6908,267.3908
294.6908,295.99078,297.5908,297.0908,296.8908,294.0908,293.8908,293.0908,293.1908,289.2908,288.49078,289.5908,291.3908,293.49078,293.2908,293.5908,293.3908,292.7908,291.99078,291.6908,290.7908,290.0908,289.8908,290.0908,289.8908,288.2908,287.7908,286.8908,285.99078,285.3908,284.8908,285.0908,285.49078,285.2908,284.99078,284.2908,281.8908,277.1908,274.8908,274.3908,270.1908
288.5908,293.3908,293.8908,295.49078,296.5908,293.0908,292.1908,293.2908,289.3908,292.1908,291.0908,290.2908,293.1908,292.3908,292.6908,292.3908,292.0908,292.3908,291.5908,290.1908,289.8908,289.49078,289.2908,289.49078,288.7908,288.6908,286.7908,287.99078,287.5908,287.99078,287.2908,286.99078,284.7908,285.0908,285.0908,282.49078,279.6908,276.8908,278.3908,277.0908,274.6908
286.7908,287.0908,292.6908,291.8908,293.8908,294.1908,291.0908,292.49078,293.1908,291.3908,287.8908,287.6908,289.49078,288.49078,287.7908,290.3908,291.7908,290.8908,290.7908,289.7908,288.5908,287.3908,286.2908,286.5908,286.1908,287.2908,286.5908,287.1908,287.1908,286.8908,285.99078,285.6908,285.7908,282.2908,282.99078,281.7908,282.1908,283.49078,280.49078,280.8908,281.5908
290.0908,290.7908,286.8908,290.49078,290.5908,292.8908,291.3908,289.7908,292.6908,289.49078,286.8908,285.0908,287.99078,287.1908,290.2908,290.5908,291.5908,290.49078,290.8908,289.49078,288.7908,287.1908,286.3908,285.6908,287.0908,287.99078,288.6908,287.2908,286.8908,286.1908,286.2908,285.1908,284.7908,282.7908,283.0908,282.3908,280.8908,282.1908,279.7908,279.49078,279.6908
290.6908,291.5908,287.3908,286.99078,283.6908,288.8908,290.99078,290.6908,292.2908,289.49078,287.2908,285.6908,287.99078,288.3908,290.1908,290.5908,290.6908,289.99078,290.3908,290.2908,289.6908,289.2908,289.1908,288.7908,288.8908,288.7908,287.8908,286.99078,285.99078,285.8908,285.49078,284.6908,283.5908,282.0908,282.3908,280.6908,280.6908,280.1908,279.3908,277.5908,277.99078
289.3908,291.1908,285.2908,288.6908,286.0908,284.0908,283.8908,286.49078,290.8908,290.7908,290.1908,287.7908,286.49078,288.2908,289.49078,290.3908,290.1908,290.0908,290.8908,289.99078,289.8908,289.2908,289.49078,288.5908,288.49078,288.49078,288.1908,287.6908,286.8908,285.7908,285.1908,283.6908,283.2908,282.5908,281.8908,281.49078,281.5908,280.2908,280.99078,280.2908,279.0908
