wind_kz.json
{"header": {"discipline":0,"disciplineName":"Meteorological products","gribEdition":2,"gribLength":1025,"center":7,"centerName":"US National Weather Service - NCEP(WMC)","subcenter":0,"refTime":"2024-04-07T12:00:00.000Z","significanceOfRT":1,"significanceOfRTName":"Start of forecast","productStatus":0,"productStatusName":"Operational products","productType":1,"productTypeName":"Forecast products","productDefinitionTemplate":0,"productDefinitionTemplateName":"Analysis/forecast at horizontal level/layer at a point in time","parameterCategory":2,"parameterCategoryName":"UnknownDiscipline_0_Category_2","parameterNumber":3,"parameterNumberName":"UnknownParameter_D0_C2_3","parameterUnit":"Unknown","genProcessType":2,"genProcessTypeName":"Forecast","forecastTime":300,"surface1Type":103,"surface1TypeName":"Specified height level above ground","surface1Value":10.0,"surface2Type":255,"surface2TypeName":"Missing","surface2Value":0.0,"gridDefinitionTemplate":0,"gridDefinitionTemplateName":"Latitude_Longitude","numberPoints":615,"shape":6,"shapeName":"Earth spherical with radius of 6,371,229.0 m","gridUnits":"degrees","resolution":48,"winds":"true","scanMode":64,"nx":41,"ny":15,"basicAngle":0,"lo1":47.0,"la1":41.0,"lo2":87.0,"la2":55.0,"dx":1.0,"dy":1.0}, "data":
[rows 0 to 14 of 15, columns 0 to 40 of 41]
-0.2794116,-2.9794116,3.5605884,5.740588,1.5405884,1.0905883,0.24058838,-1.1194116,-1.6394116,-0.009411621,-1.1394116,-1.6594117,-2.9894116,-2.4294116,-3.0194116,-3.8094115,-4.3294115,-2.4794116,-5.5694118,-3.0194116,-2.3894117,-4.1894116,1.2605884,-0.2794116,-1.2794117,-1.3694116,0.02058838,1.8205884,0.24058838,-1.8894116,-2.9194117,-2.7294116,1.0705884,-1.4394116,-0.8494116,-3.7094116,-0.5994116,-1.4294116,-0.029411621,-0.75941163,1.5105884
5.3505883,1.7505884,4.6305885,4.5905886,4.6805882,0.9205884,-0.56941164,0.93058836,-0.5394116,-0.35941163,-1.1194116,-2.3494117,-2.2594116,-1.4394116,-3.1494117,-2.5194116,-2.5094116,-3.5494115,-5.7694116,-5.7894115,-4.799412,-4.3894114,-2.0394115,1.4005884,-0.87941164,0.26058838,0.68058836,-0.5194116,0.27058837,-0.7794116,1.7505884,1.4505883,-1.3694116,-0.9094116,-5.7894115,-2.8894117,-2.6494117,-4.9994116,-3.6894116,-1.5294117,1.1405884
-0.6094116,5.3305883,4.9105883,4.8805885,3.7105885,1.6105884,1.7405884,1.4405884,0.42058837,-0.75941163,-1.7494116,-0.8494116,-0.69941163,-1.0494117,-1.3594116,-2.2594116,-3.4694116,-4.1594114,-5.2294116,-6.279412,-3.9994116,-3.4794116,-6.969412,-1.6094116,-1.1894116,0.32058838,-1.8094116,-0.22941162,0.08058838,0.010588379,-0.07941162,-0.4994116,-0.7794116,-1.8794116,-0.06941162,-0.089411624,1.2805884,1.0705884,-0.15941162,-0.68941164,1.5205884
2.8905883,4.0905886,5.1105886,4.280588,2.9705884,3.1005883,2.9105883,2.2505884,2.0705884,0.5805884,-0.80941164,-1.7794117,-0.7094116,-1.2394116,-1.5494117,-1.6994116,-2.6594117,-3.8794117,-5.5194116,-7.3894114,-6.299412,-2.8294115,0.5905884,-2.3394117,-3.6094117,-3.9294116,-4.1494117,-3.5894117,-1.9094117,-3.9794116,-5.029412,-3.2794116,-0.29941162,3.9505885,-1.4394116,0.29058838,4.7105885,3.8605883,-1.3394116,-2.9994116,-2.5494115
3.1305883,5.9405885,5.5205884,3.5005884,4.3305883,4.510588,4.6005883,3.7705884,1.8705884,1.0905883,0.36058837,-0.9094116,0.19058838,-1.3594116,-2.5694115,-1.3094116,-1.8894116,-3.0494115,-4.0994115,-5.1494117,-4.739412,-3.5694115,-2.7594116,-2.4394116,-3.1894116,-4.3694115,-5.1094117,-3.6694117,-3.6594117,-4.2294116,-5.4594116,-5.6094117,1.0205884,1.7205883,0.18058838,2.1805885,-5.3994117,6.3705883,-5.0794115,2.2905884,-0.089411624
4.5205884,5.3405886,4.8705883,5.280588,5.7105885,5.1305885,3.4305885,2.8805883,2.1805885,2.2005885,1.0605884,0.9205884,-1.3794116,-2.6694117,-2.4394116,-2.1894116,-0.3494116,-1.9894116,-3.1694117,-3.5794115,-4.3694115,-3.7794116,-3.6694117,-2.6294117,-1.3894116,-2.1694117,-2.6094117,-4.3394117,-2.5894117,-2.3394117,-3.2694116,-3.2194116,-2.8694117,-3.5994117,0.24058838,-1.3094116,-0.03941162,-1.7594116,0.5105884,6.2705884,-0.4394116
3.9905884,4.2505884,4.3505883,5.2505884,5.3405886,4.780588,3.6005883,3.6905885,2.4605885,2.9805884,1.5505884,1.0705884,0.42058837,-1.8894116,-2.5294116,-2.8894117,0.68058836,-0.33941162,-1.6294116,-2.2694116,-2.8994117,-3.4294116,-3.4394116,-3.0694115,-2.7894115,-2.0694115,-2.9594116,-2.4194117,-3.0194116,-2.3194115,-2.9894116,-3.4194117,-3.5994117,-5.6494117,-3.2594116,-1.6494117,-3.7494116,-3.1994116,-2.6894116,0.9505884,-5.0394115
3.9805884,3.7605884,5.200588,4.4005885,3.3505883,2.9505885,1.9805884,1.0705884,3.5205884,3.9305885,2.1805885,3.0405884,1.3205884,0.22058839,-1.5994116,-1.9894116,-0.67941165,-0.17941162,-0.68941164,-0.13941163,-2.0194116,-2.3094115,-2.7794116,-2.2894115,-2.4594116,-1.4494116,-1.9894116,-2.6194117,-2.6294117,-2.4094117,-2.5094116,-3.0494115,-2.4894116,-3.9494116,-1.7294116,-1.6794116,-1.6994116,-1.3294116,-0.39941162,1.2205883,0.55058837
3.3605883,3.5005884,2.4505885,2.7805884,3.1205883,3.0805883,1.8505883,0.7305884,1.5505884,3.1305883,2.9105883,2.6905885,2.3905883,1.0405884,0.6005884,-0.86941165,-0.009411621,-0.15941162,-0.23941162,0.06058838,0.32058838,-1.3694116,-1.6394116,-1.7294116,-1.9394116,-1.9894116,-1.7394116,-1.4694116,-1.6894116,-3.3094115,-3.9294116,-2.6794116,-2.1394117,-2.5194116,-2.7694116,-3.0694115,-2.9594116,-0.16941161,-2.8494117,-3.2394116,-2.4194117
2.2605884,2.4105883,2.5305884,2.4605885,2.9305885,2.7505884,2.1705885,1.5705884,1.3205884,2.2005885,2.6205883,3.0405884,3.0205884,2.7605884,2.3405883,1.3905884,-0.21941163,-1.1794116,-1.5594116,-0.99941164,-0.3494116,-0.17941162,-0.87941164,-1.2394116,-2.0494115,-2.4494116,-1.9494116,-1.8194116,-1.5894116,-1.6094116,-0.8994116,-1.2994117,-2.0494115,-1.8394116,-1.7494116,-1.8894116,0.05058838,0.06058838,2.1005883,1.7805884,0.14058837
2.9605885,3.0805883,2.8005884,1.6205884,2.5405884,3.1905885,3.3105884,1.6105884,1.1105884,1.3105884,1.2305884,1.2205883,2.8205884,1.8705884,2.0205884,1.4705883,0.93058836,-0.7694116,-1.0494117,-1.2694116,-0.62941164,-1.2294116,-1.4394116,-2.0494115,-2.4794116,-2.6294117,-1.6894116,-2.3994117,-2.0694115,-1.8394116,-2.5494115,-2.1894116,-2.0594115,-1.3794116,-1.2194116,-1.9194117,0.35058838,-0.44941163,0.6405884,1.9305884,0.5105884
1.6205884,3.2905884,3.4005883,3.3105884,2.6305883,2.4005883,2.2305884,2.1605883,0.80058837,1.0005884,0.43058836,0.23058838,1.5005884,1.6105884,1.6505884,1.3605884,0.29058838,-0.7894116,-0.94941163,-1.0394117,-0.9194116,-2.0794115,-2.5994117,-2.9094117,-2.7194116,-3.0194116,-3.0094116,-3.4994116,-2.9094117,-2.5794115,-2.3794117,-2.7694116,-2.0794115,-2.3894117,-1.4494116,-0.7894116,-0.6694116,-0.74941164,1.0505884,0.7605884,0.3705884
2.9505885,2.1505883,3.4905884,3.5105884,2.5605884,1.6905884,1.7705884,2.7605884,3.3405883,1.0505884,0.32058838,0.15058838,-0.07941162,0.22058839,0.6705884,0.57058835,-0.3794116,-0.12941162,-0.86941165,-1.3994117,-1.5494117,-2.2894115,-2.1994116,-2.3294115,-3.1294117,-3.2094116,-3.6894116,-4.239412,-4.1994114,-3.6494117,-3.2894115,-3.3194115,-3.3194115,-2.9894116,-3.5494115,-3.1394117,-2.5894117,-0.16941161,-1.9494116,-0.39941162,1.2005883
2.8305883,3.5205884,3.3105884,3.7705884,1.4905884,1.7905884,1.4605883,3.2805884,2.3505883,2.2505884,0.8605884,0.35058838,-0.04941162,1.4005884,1.0405884,0.49058837,0.32058838,0.07058838,-0.8494116,-1.9394116,-2.3094115,-2.4594116,-2.8394117,-3.3594117,-3.5294116,-3.7894115,-3.6594117,-4.279412,-4.6894116,-4.8094115,-4.7494116,-4.2694116,-3.6894116,-3.8594117,-4.5594115,-4.989412,-5.4194117,-4.3994117,-1.7394116,-1.4694116,-1.9794116
3.0605884,3.7205884,2.8505883,3.2905884,3.5405884,3.0005884,2.6705885,2.1605883,1.4005884,0.6605884,-0.23941162,0.6005884,1.2105883,0.8405884,1.8705884,-0.13941163,0.56058836,-0.22941162,-1.0894116,-1.6194116,-1.7594116,-2.6994116,-2.8594117,-3.4694116,-4.3194118,-4.6894116,-5.3694115,-5.279412,-5.0894117,-4.9594116,-5.3194118,-5.3294115,-4.2494116,-4.7294116,-4.469412,-4.6994114,-4.239412,-4.4494114,-4.0394115,-4.0594115,-1.3694116
