wind.json
{"header": {"discipline":0,"disciplineName":"Meteorological products","gribEdition":2,"gribLength":953,"center":7,"centerName":"US National Weather Service - NCEP(WMC)","subcenter":0,"refTime":"2023-07-01T06:00:00.000Z","significanceOfRT":1,"significanceOfRTName":"Start of forecast","productStatus":0,"productStatusName":"Operational products","productType":1,"productTypeName":"Forecast products","productDefinitionTemplate":0,"productDefinitionTemplateName":"Analysis/forecast at horizontal level/layer at a point in time","parameterCategory":0,"parameterCategoryName":"UnknownDiscipline_0_Category_0","parameterNumber":0,"parameterNumberName":"UnknownParameter_D0_C0_0","parameterUnit":"Unknown","genProcessType":2,"genProcessTypeName":"Forecast","forecastTime":300,"surface1Type":1,"surface1TypeName":"Ground or water surface","surface1Value":0.0,"surface2Type":255,"surface2TypeName":"Missing","surface2Value":0.0,"gridDefinitionTemplate":0,"gridDefinitionTemplateName":"Latitude_Longitude","numberPoints":688,"shape":6,"shapeName":"Earth spherical with radius of 6,371,229.0 m","gridUnits":"degrees","resolution":48,"winds":"true","scanMode":64,"nx":43,"ny":16,"basicAngle":0,"lo1":45.0,"la1":40.0,"lo2":87.0,"la2":55.0,"dx":1.0,"dy":1.0}, "data":
[rows 0 to 15 of 16, columns 0 to 42 of 43]
285.12378,282.8238,295.62378,297.52377,296.2238,298.62378,297.92377,296.3238,298.3238,300.3238,302.42377,302.02377,302.02377,300.52377,299.8238,300.12378,299.62378,299.8238,298.3238,298.62378,298.42377,298.12378,297.2238,298.12378,297.52377,293.62378,295.7238,286.42377,281.42377,281.7238,283.7238,297.7238,300.92377,301.3238,303.7238,301.92377,303.42377,302.7238,304.8238,301.92377,298.42377,303.42377,298.62378
290.62378,300.2238,298.7238,286.2238,289.2238,297.62378,297.42377,295.7238,298.62378,304.12378,302.7238,300.7238,299.62378,302.62378,300.02377,299.12378,298.62378,295.12378,296.3238,297.42377,298.42377,298.42377,299.3238,298.2238,299.12378,291.8238,300.8238,301.7238,296.2238,280.52377,279.3238,280.02377,280.2238,285.3238,292.92377,300.7238,303.42377,300.8238,303.2238,302.52377,302.02377,300.8238,303.7238
290.02377,285.92377,281.7238,288.2238,297.52377,297.62378,297.2238,294.62378,298.12378,299.2238,299.42377,299.92377,300.52377,298.2238,296.7238,294.62378,293.2238,293.02377,295.2238,296.7238,296.3238,296.62378,296.92377,298.02377,294.92377,285.2238,278.52377,278.42377,288.8238,277.62378,281.2238,274.62378,282.8238,275.3238,286.02377,266.02377,282.62378,295.2238,295.8238,299.2238,304.2238,294.8238,285.12378
288.52377,290.12378,292.52377,297.7238,297.7238,297.7238,296.42377,300.02377,299.52377,299.02377,297.8238,297.12378,297.2238,296.2238,291.42377,291.62378,293.52377,292.02377,293.02377,293.52377,294.02377,294.3238,295.92377,295.92377,295.3238,288.92377,292.42377,292.62378,294.42377,295.3238,293.12378,283.52377,278.3238,278.42377,283.7238,282.7238,284.3238,285.2238,280.2238,283.3238,286.02377,281.92377,281.62378
298.12378,298.8238,293.3238,298.42377,298.62378,297.92377,297.12378,297.3238,298.42377,298.02377,298.52377,297.2238,296.42377,295.12378,295.42377,294.7238,292.8238,291.8238,294.2238,294.8238,295.92377,294.02377,293.2238,290.2238,296.3238,297.42377,298.52377,298.42377,296.8238,296.12378,298.62378,299.7238,301.42377,292.52377,300.12378,294.42377,293.42377,289.92377,281.42377,281.52377,287.62378,297.92377,302.02377
297.3238,299.92377,298.8238,299.02377,298.92377,299.62378,298.7238,297.12378,297.12378,299.3238,297.8238,297.2238,295.7238,294.92377,295.92377,295.42377,292.42377,294.02377,294.8238,294.7238,292.12378,296.02377,296.52377,296.2238,295.42377,296.3238,296.02377,297.2238,296.7238,296.02377,297.7238,300.12378,303.3238,301.2238,285.3238,275.52377,287.2238,300.3238,298.3238,306.62378,306.62378,304.7238,304.8238
298.3238,302.12378,299.92377,295.62378,299.62378,299.12378,298.92377,298.7238,297.42377,300.02377,297.3238,296.8238,295.52377,295.12378,294.02377,294.52377,294.42377,292.92377,292.8238,293.42377,292.62378,294.52377,294.02377,294.42377,294.02377,294.62378,294.2238,294.62378,296.2238,290.7238,297.3238,301.62378,302.42377,304.62378,300.7238,296.2238,295.7238,292.92377,292.12378,295.2238,302.52377,306.42377,305.7238
300.42377,301.7238,299.52377,298.62378,301.92377,301.2238,298.62378,297.12378,299.2238,298.02377,298.3238,297.92377,295.92377,294.2238,293.2238,292.92377,292.3238,290.42377,290.62378,291.3238,291.7238,290.7238,291.2238,291.12378,293.02377,294.12378,292.8238,294.7238,293.62378,295.2238,295.62378,295.3238,296.42377,301.8238,300.92377,298.02377,293.3238,293.7238,291.42377,290.12378,283.62378,286.8238,299.42377
299.3238,296.92377,299.92377,299.3238,301.42377,301.3238,300.62378,299.12378,297.8238,296.2238,294.2238,294.42377,293.52377,293.2238,291.02377,292.3238,291.62378,291.12378,294.12378,293.7238,291.2238,288.3238,286.92377,289.2238,289.7238,290.12378,289.92377,286.52377,290.3238,291.42377,290.3238,292.8238,292.62378,297.02377,295.52377,290.8238,290.42377,298.02377,299.8238,288.3238,294.7238,297.3238,291.3238
293.12378,300.12378,298.02377,295.92377,298.52377,297.42377,299.52377,296.42377,294.62378,294.8238,293.7238,292.2238,290.7238,292.8238,288.2238,290.02377,287.7238,289.2238,289.42377,289.2238,290.42377,287.42377,283.42377,284.42377,285.92377,286.42377,287.2238,287.52377,286.42377,284.62378,284.02377,285.8238,287.8238,290.52377,292.3238,292.8238,291.42377,288.42377,289.92377,295.52377,278.12378,281.02377,280.92377
297.8238,297.3238,293.52377,293.3238,296.3238,294.52377,294.52377,293.02377,291.12378,291.7238,291.7238,292.7238,287.62378,288.42377,289.2238,286.62378,286.8238,287.62378,288.12378,287.8238,287.3238,289.02377,283.92377,286.3238,287.52377,285.2238,286.52377,287.2238,285.8238,286.7238,285.12378,287.92377,290.02377,291.8238,293.42377,294.52377,293.2238,290.62378,292.12378,287.92377,283.3238,287.2238,284.02377
292.92377,292.2238,292.02377,292.62378,293.52377,292.52377,290.52377,290.8238,290.52377,289.8238,288.02377,290.62378,286.02377,285.12378,287.3238,285.62378,286.12378,287.8238,285.12378,287.7238,288.8238,286.7238,284.2238,285.42377,284.92377,286.2238,284.02377,285.8238,284.42377,286.92377,286.62378,290.62378,291.42377,292.02377,290.92377,291.92377,290.62378,291.42377,287.7238,285.62378,283.62378,288.2238,286.2238
292.12378,291.3238,292.3238,291.92377,294.8238,293.02377,289.92377,288.3238,288.7238,285.42377,284.52377,284.2238,281.7238,282.8238,284.8238,283.92377,285.3238,284.8238,286.3238,286.7238,284.52377,282.7238,281.62378,283.52377,284.02377,284.92377,284.12378,285.42377,286.52377,287.12378,289.7238,290.8238,289.7238,290.92377,290.2238,289.3238,290.3238,291.7238,293.3238,292.42377,291.92377,292.12378,291.7238
291.62378,291.2238,290.8238,290.3238,292.7238,294.42377,290.8238,290.52377,288.42377,285.12378,288.52377,287.92377,282.02377,279.92377,282.8238,282.2238,283.3238,285.42377,284.8238,283.02377,283.7238,283.42377,281.8238,282.92377,282.3238,283.3238,284.62378,285.92377,288.02377,287.42377,288.62378,288.8238,290.02377,291.7238,291.3238,290.3238,291.42377,291.02377,292.7238,294.12378,291.42377,292.2238,291.3238
291.62378,291.8238,290.62378,290.62378,292.12378,293.7238,288.3238,286.92377,286.52377,284.62378,285.52377,283.62378,281.92377,280.02377,280.42377,282.12378,282.7238,283.2238,282.7238,282.8238,283.12378,282.3238,282.52377,284.02377,284.02377,283.52377,284.42377,285.7238,286.62378,286.2238,286.02377,287.52377,290.42377,289.52377,288.62378,290.02377,291.02377,292.52377,290.52377,291.8238,291.52377,292.7238,289.8238
291.8238,291.12378,291.02377,290.3238,292.42377,291.42377,289.02377,286.3238,287.52377,285.62378,286.12378,283.12378,283.3238,284.62378,283.92377,281.92377,282.12378,284.02377,285.92377,282.12378,283.42377,284.12378,282.7238,283.92377,282.8238,282.62378,283.12378,284.02377,284.8238,286.2238,283.3238,284.92377,286.2238,286.2238,289.7238,289.3238,289.52377,290.7238,290.8238,290.52377,293.7238,290.3238,291.02377
