wind_kz.json
{"header": {"discipline":0,"disciplineName":"Meteorological products","gribEdition":2,"gribLength":1102,"center":7,"centerName":"US National Weather Service - NCEP(WMC)","subcenter":0,"refTime":"2023-09-08T18:00:00.000Z","significanceOfRT":1,"significanceOfRTName":"Start of forecast","productStatus":0,"productStatusName":"Operational products","productType":1,"productTypeName":"Forecast products","productDefinitionTemplate":0,"productDefinitionTemplateName":"Analysis/forecast at horizontal level/layer at a point in time","parameterCategory":2,"parameterCategoryName":"UnknownDiscipline_0_Category_2","parameterNumber":2,"parameterNumberName":"UnknownParameter_D0_C2_2","parameterUnit":"Unknown","genProcessType":2,"genProcessTypeName":"Forecast","forecastTime":60,"surface1Type":103,"surface1TypeName":"Specified height level above ground","surface1Value":10.0,"surface2Type":255,"surface2TypeName":"Missing","surface2Value":0.0,"gridDefinitionTemplate":0,"gridDefinitionTemplateName":"Latitude_Longitude","numberPoints":615,"shape":6,"shapeName":"Earth spherical with radius of 6,371,229.0 m","gridUnits":"degrees","resolution":48,"winds":"true","scanMode":64,"nx":41,"ny":15,"basicAngle":0,"lo1":47.0,"la1":41.0,"lo2":87.0,"la2":55.0,"dx":1.0,"dy":1.0}, "data":
[rows 0 to 14 of 15, columns 0 to 40 of 41]
-1.7817236,1.5182763,-2.8217237,0.16827637,2.2482765,-2.2517235,-0.38172364,1.2482764,2.4082763,3.5982764,3.6682763,4.7582765,6.248276,8.288277,9.098276,9.708277,10.078277,10.498277,9.258276,10.628277,12.248277,9.468276,6.5082765,5.6482763,-0.0017236328,0.018276367,2.7982764,4.9082766,1.4982764,2.6082764,-0.6517236,1.2282764,0.5182764,-2.7117236,-4.3117237,-1.6817236,-0.9617236,-1.3217236,-1.2017236,-1.2617236,-1.8317237
1.7782763,-2.1517236,3.1282763,5.4782763,6.018276,3.3682764,3.3082764,4.0682764,5.3982763,5.4582763,5.1182766,5.4482765,7.578276,9.438276,11.138276,10.958277,10.7382765,12.028276,12.468276,11.958277,11.878277,10.048276,7.288276,6.748276,4.7182765,-0.46172363,1.1782764,1.1882764,4.4582763,4.078276,3.0582764,2.1682763,-0.62172365,1.4182763,0.62827635,-1.7717236,-1.3217236,-2.3917236,-0.87172365,1.4882764,-1.9217236
1.2382764,6.7282763,7.8782763,10.038277,6.288276,2.8982763,4.328276,5.4082766,6.2282763,6.8782763,6.3582764,6.2782764,7.9282765,10.078277,12.038277,12.768276,13.6982765,14.038277,14.618277,12.728276,12.848276,10.088276,9.408277,7.8682766,7.7582765,-0.76172364,0.56827635,-2.5917237,-2.6917236,1.3482764,2.0082765,2.9782763,2.2182763,2.6982763,0.7682764,2.5482764,2.6882763,0.7182764,0.80827636,3.4382763,5.788276
4.9682765,7.078276,5.4082766,3.7682765,2.4382763,4.8182764,5.7082763,6.6382766,6.6482763,7.1782765,7.1782765,7.2282763,9.508276,12.178276,12.908277,16.888277,16.528276,15.848276,14.218276,13.288277,11.038277,11.6982765,8.068276,8.308276,4.3582764,1.8882763,-0.32172364,2.7482765,0.32827637,-1.9117236,-6.9317236,-4.3217235,-5.2217236,-3.7917237,-3.6317236,-0.47172365,0.62827635,3.3082764,-0.58172363,-1.0017236,-3.9417236
1.6882764,2.5782764,2.7582765,5.018276,6.768276,7.1282763,7.9782763,7.7382765,7.3782763,8.458277,8.558276,8.9482765,10.338276,10.4482765,13.728276,13.138276,15.498277,14.898276,12.308276,12.208277,12.318276,11.008276,6.558276,2.1582763,-0.95172364,-0.9817236,-0.15172364,-2.6317236,-4.3417234,-2.8117237,-1.1817236,-0.7317236,4.018276,5.9782763,-2.3417237,-2.0017235,3.5782764,-5.6317234,-3.5617237,-4.5317235,-5.2817235
3.0782764,4.268276,6.2082763,7.6482763,6.9582763,7.4882765,6.9182763,8.378277,7.6182766,7.848276,7.8882766,6.5082765,8.008276,8.008276,9.728276,10.188276,6.6082764,8.308276,10.848276,13.188276,8.658277,0.20827636,1.8082764,-1.7517236,-3.9817235,-3.9317236,-4.9517236,-3.2817237,-4.8117237,-4.0717235,-5.941724,-3.5817237,-3.6617236,-5.5417237,-3.9317236,-0.08172363,1.2382764,2.2682765,0.5282764,-0.6717236,-1.6217237
2.9482763,3.0382764,3.1582763,2.7882764,4.5282764,5.058276,5.518276,5.9082766,6.4282765,6.5882764,6.2382765,3.6782763,2.9182763,3.7482765,4.9482765,3.7182763,2.8382764,6.3182764,6.1182766,0.6582764,-6.2217236,-9.3017235,1.7482764,0.40827638,-4.171724,-4.3417234,-3.8217237,-2.9017236,-3.6817236,-2.1917236,-3.1717236,-1.8417237,-1.4117236,-3.0617237,-5.751724,0.75827634,0.42827636,4.038276,3.2882764,2.7582765,0.35827637
2.9382763,3.5482764,3.6182764,3.8982763,3.7382765,4.1182766,4.9782763,5.328276,6.4182763,6.1382766,4.5682764,3.7682765,-0.51172364,1.1082764,2.3482764,-1.0017236,-7.0317235,-0.80172366,-3.1417236,-7.8317237,-7.5817237,-5.421724,-5.171724,2.4382763,-2.2617235,-2.0617237,-2.2417235,-1.3517237,-3.2617235,-1.1617236,-0.7217236,-0.81172365,-1.0917237,-0.57172364,3.2482765,-2.3417237,-2.6817236,-1.0717236,-7.2217236,-7.401724,-3.6317236
2.0282764,1.6382763,1.9382764,2.7782764,2.1182764,2.3282764,3.5682764,4.4482765,4.328276,4.768276,3.6182764,3.7882764,2.3182764,-1.9217236,0.50827634,-4.3517237,-7.1417236,3.8382764,-2.9017236,-7.211724,-11.001723,-9.161724,-7.3617234,-7.0617237,-5.9517236,-1.8317237,-1.1417236,0.49827635,0.54827636,-0.7817236,-0.6017236,0.5382764,-2.0317237,0.79827636,-1.6617236,-4.8217235,-5.1217237,-0.34172362,-0.04172363,-2.2817237,-1.6117237
0.50827634,0.06827637,1.9782764,2.0782764,2.2182763,2.0382764,2.0982764,1.9682764,1.4382764,2.8382764,-2.2117236,1.2082764,-1.7817236,-3.9717236,-2.7117236,-4.6617236,-6.6417236,-6.4117236,-8.221724,-10.131723,-11.941724,-9.961723,-7.3417234,-6.151724,-4.8817234,-4.0917234,-3.7317235,-3.1817236,-2.6717236,-3.2017236,-3.3017237,-2.7217236,-1.1917236,0.10827637,-1.5717236,-2.9817235,-2.7017236,-1.7817236,0.19827637,-0.21172363,-1.1417236
1.1782764,2.1182764,1.2282764,1.2382764,0.9082764,1.5382763,1.6382763,1.0782764,-0.61172366,-0.7917236,3.4182763,-1.1117237,-3.2817237,-6.901724,-3.9617236,-4.9117236,-5.921724,-6.6317234,-6.9517236,-9.091723,-6.4917235,-5.9917235,-5.4117236,-2.3917236,-1.7617236,0.5182764,0.54827636,0.85827637,0.14827637,-1.1617236,-0.14172363,0.80827636,1.2182764,0.16827637,-0.8417236,-1.6117237,0.04827637,-0.50172365,-0.83172363,-1.0017236,1.4582764
-0.23172364,-0.061723635,-0.18172364,0.058276366,1.2782763,0.8382764,1.3682764,0.7282764,-1.6717236,-2.0617237,-4.0717235,-2.0117235,-4.251724,-5.2617235,-3.3217237,-3.9117236,-2.5917237,-5.5517235,-7.691724,-4.231724,-4.7217236,-4.3517237,-2.5017235,-0.45172364,1.0282763,2.4482763,4.1482763,2.8282764,1.8982763,1.3482764,1.6182764,1.8582764,0.60827637,-0.42172363,-0.48172364,-2.0817237,-2.5817237,-2.6917236,-1.1117237,-0.7317236,-0.95172364
-0.5917236,1.1682763,1.7482764,3.1382763,0.34827638,1.2282764,2.2882764,0.32827637,-1.8817236,-2.1517236,-1.2217237,-4.001724,-1.6417236,-5.3017235,-5.231724,-3.3617237,-3.0517237,-4.1317234,-4.3417234,-4.3617234,-3.2517235,-2.0917237,-1.5717236,-0.9817236,-1.4417236,-2.9017236,-5.0217237,-4.6417236,-3.8317237,-3.9917235,-4.0517235,-4.8417234,-6.2717237,-6.231724,-5.151724,-5.5517235,-4.691724,-2.7417235,-3.3517237,-2.6617236,-1.6117237
1.7582763,0.47827637,2.0382764,-0.48172364,0.20827636,0.8982764,-0.20172364,-1.9017236,-0.87172365,-1.9317236,-2.1717236,-1.5317236,-2.3417237,-2.6617236,-3.0817237,-4.4117236,-4.151724,-4.6417236,-4.3417234,-3.1017237,-2.8217237,-2.7017236,-4.6117234,-4.7717237,-7.2817235,-8.571724,-9.571724,-9.591723,-8.541723,-8.201724,-7.7917237,-7.7817235,-7.6217237,-7.151724,-5.8117237,-5.7817235,-4.0817237,-3.3417237,-2.0317237,-1.6517236,-1.8217236
1.5382763,0.038276367,1.0882764,0.62827635,-1.0017236,-1.4817237,-0.76172364,-2.5117235,-3.8017237,-3.0917237,-2.0617237,-2.5117235,-2.7017236,-2.2817237,-2.7417235,-3.2817237,-4.251724,-4.4717236,-3.9117236,-3.5617237,-3.2617235,-3.4017236,-2.8917236,-4.9717236,-6.421724,-5.9917235,-7.211724,-7.3717237,-5.711724,-6.901724,-8.031724,-6.1117234,-7.0617237,-6.0917234,-6.2617235,-5.8317237,-5.0617237,-5.1617236,-3.2517235,-1.7917236,-0.29172364
