wind_kz.json
{"header": {"discipline":0,"disciplineName":"Meteorological products","gribEdition":2,"gribLength":1025,"center":7,"centerName":"US National Weather Service - NCEP(WMC)","subcenter":0,"refTime":"2023-08-27T00:00:00.000Z","significanceOfRT":1,"significanceOfRTName":"Start of forecast","productStatus":0,"productStatusName":"Operational products","productType":1,"productTypeName":"Forecast products","productDefinitionTemplate":0,"productDefinitionTemplateName":"Analysis/forecast at horizontal level/layer at a point in time","parameterCategory":2,"parameterCategoryName":"UnknownDiscipline_0_Category_2","parameterNumber":3,"parameterNumberName":"UnknownParameter_D0_C2_3","parameterUnit":"Unknown","genProcessType":2,"genProcessTypeName":"Forecast","forecastTime":240,"surface1Type":103,"surface1TypeName":"Specified height level above ground","surface1Value":10.0,"surface2Type":255,"surface2TypeName":"Missing","surface2Value":0.0,"gridDefinitionTemplate":0,"gridDefinitionTemplateName":"Latitude_Longitude","numberPoints":615,"shape":6,"shapeName":"Earth spherical with radius of 6,371,229.0 m","gridUnits":"degrees","resolution":48,"winds":"true","scanMode":64,"nx":41,"ny":15,"basicAngle":0,"lo1":47.0,"la1":41.0,"lo2":87.0,"la2":55.0,"dx":1.0,"dy":1.0}, "data":
[rows 0 to 14 of 15, columns 0 to 40 of 41]
-0.31233156,-2.6323316,-1.9723315,-2.0323315,-3.1223316,-3.8323317,0.15766846,0.44766846,0.007668457,0.88766843,1.1576685,1.7176684,1.5476685,0.15766846,-1.0523316,-1.0823315,-1.6823316,-0.32233155,-1.2923316,-1.0323316,1.1376685,0.66766846,0.21766846,-1.8823315,-1.3423315,-1.4223316,-1.2623315,1.2676685,1.6776685,1.2076684,-3.4123316,-4.3823314,1.1876684,-2.2023315,-0.57233155,-6.7923317,-7.6323314,-2.9223316,2.4776685,4.2976685,2.2476685
2.6876686,-0.42233154,-3.5823317,-2.5223315,-2.9923315,-0.45233154,-0.41233155,1.3976685,1.3976685,1.6276685,0.18766846,-0.99233156,1.1376685,1.7176684,-2.4023316,-1.9623315,0.80766845,-0.69233155,-0.75233155,-1.2423315,-0.90233153,0.84766847,0.87766844,2.0776684,0.85766846,0.80766845,-2.4323316,1.9976685,0.68766844,2.0576684,3.7176685,2.9576685,-1.2223315,-4.5823317,-4.2623315,-5.6223316,-3.7123315,-3.7723315,-3.5923316,-2.3823316,-0.46233153
-0.6723316,-5.462332,-1.3723315,0.30766845,-0.122331545,3.2176685,1.7776685,2.1376684,2.3876684,0.87766844,1.2476685,2.0176685,0.98766845,1.4176685,-0.21233155,-0.5923315,-0.122331545,2.0376685,0.27766845,-2.2723315,-2.6723316,1.6576685,1.0576684,1.5276685,1.7076684,0.87766844,1.4376684,1.0976684,-0.052331544,2.4976685,3.0876684,1.4376684,2.6676683,-1.2623315,-0.94233155,5.0976686,2.7576685,1.8776685,-0.27233154,0.49766845,1.3176684
-1.7923316,-4.0223317,2.0876684,-0.52233154,-2.0223315,0.32766846,3.0176685,4.4676685,3.9076684,3.3376684,2.7876685,3.1676683,3.9876685,3.3876684,1.7476685,-0.18233155,0.097668454,1.2576685,0.28766847,-2.1623316,-2.3723316,1.7976685,2.0576684,1.4476684,1.2576685,1.5876684,0.087668456,-0.042331543,3.1076684,2.1276684,1.8776685,-0.71233153,-0.6623315,-0.5423315,0.37766847,-1.1223315,0.42766845,0.72766846,0.18766846,0.5876685,1.6276685
-1.5223316,-2.1123316,1.6676685,-0.5923315,-2.4423316,-3.0723314,-3.0323315,-1.5723315,-0.81233156,4.7976685,5.7376685,3.6076684,4.9476686,4.0276685,2.2576685,1.1576685,-0.32233155,-1.8623315,-1.5723315,-0.7823315,0.027668457,0.81766844,1.5976684,1.7976685,2.3976684,0.85766846,1.7776685,1.0176685,1.1676685,0.7076685,-0.29233155,1.0976684,2.3376684,2.9976685,-0.69233155,-1.8423315,0.91766846,-0.7323315,1.0676684,1.9776684,0.84766847
-4.3823314,-1.4323316,-2.0723314,-2.1523316,0.21766846,-2.5323315,-2.1323316,-2.2923315,-1.9623315,-0.16233154,0.11766846,2.0776684,3.0076685,4.9976683,4.6876683,2.1476684,1.6476685,1.0576684,-0.48233154,0.29766846,1.1476685,2.5276685,2.4176683,1.4176685,2.4976685,1.8776685,1.8776685,2.6776686,2.1476684,0.73766845,-0.16233154,0.69766843,1.6876684,1.8476684,2.1476684,0.5776684,2.7376685,2.6876686,0.30766845,0.37766847,0.037668455
-5.6123314,-4.8723316,-4.8423314,-4.4823318,-4.2923317,-3.7223315,-3.2923315,-0.24233155,1.2876685,0.87766844,1.8876685,1.6776685,2.6876686,3.5576684,4.4476686,4.6876683,3.8276684,2.6676683,2.0976684,0.9576685,1.4276685,2.1776686,2.8276684,2.9776685,2.9376686,2.5576684,1.1976684,1.1476685,0.40766847,-0.11233154,-1.6523316,0.35766846,0.20766845,0.6576685,-0.55233157,-2.1523316,-3.0923316,-0.74233156,0.86766845,0.55766845,-0.38233155
-6.6223316,-6.2823315,-6.1623316,-5.1623316,-4.5123315,-3.9723315,-3.7523315,-3.4723315,-3.2323315,-3.7823315,-2.9323316,-0.40233153,1.0276685,2.6376684,3.3076684,4.537668,5.3376684,4.9576683,4.2476683,3.6376684,1.5276685,2.3676684,2.4476686,3.2776685,3.8676684,3.2176685,3.3676684,1.4276685,1.1376685,0.29766846,0.24766846,0.16766846,0.67766845,0.9076685,1.6976684,1.3876685,-0.09233154,1.4176685,-0.31233156,0.84766847,-1.3123316
-6.0423317,-5.9823318,-6.212332,-5.2723317,-6.0523314,-6.0523314,-5.1823316,-3.9823315,-4.5223317,-3.7823315,-3.5823317,-3.4223316,-2.6823316,-3.5323315,-2.3323317,0.59766847,3.0776684,4.3376684,5.9676685,5.5176682,5.3976684,4.1476684,3.5776684,3.7076685,3.7776685,3.9376686,3.6876686,3.0476685,3.1476684,1.7376685,2.3776684,2.4076684,2.8176684,3.2576685,2.8776684,2.7176685,-2.2023315,0.94766843,1.4376684,0.66766846,-1.1123315
-5.3423314,-6.6223316,-6.5523314,-6.212332,-5.6323314,-4.6823316,-4.5523314,-4.4323316,-5.2323318,-4.9023314,-5.7223315,-4.6123314,-5.8823314,-4.6023316,-1.5723315,-2.3823316,-2.8323317,-2.4323316,0.21766846,3.8676684,6.3476686,6.4876685,6.1176686,5.6876683,5.6776686,4.9376683,3.9976685,3.9176683,3.2576685,3.6176684,2.4776685,3.6376684,2.3076684,2.8976684,3.8676684,1.8476684,1.0076685,-2.3923316,-0.35233155,3.2776685,2.7176685
-3.3323317,-4.5623317,-4.8623314,-6.1323314,-5.4523315,-5.712332,-6.8623314,-6.2323318,-6.2523317,-5.962332,-4.5923314,-2.5023315,-5.5023317,-3.6823316,-3.9223316,-5.5623317,-6.2823315,-6.5623317,-5.3923316,-3.4423316,-1.6723316,3.0076685,4.9776683,7.0876684,6.1976686,6.1876683,4.8576684,4.9676685,4.8576684,4.6376686,5.2076683,3.6076684,3.9476686,3.3876684,4.4676685,2.5876684,1.6276685,2.8476684,1.8176684,1.5976684,0.22766846
-2.9723315,-3.0823317,-3.2623315,-3.3623316,-3.8123314,-3.9323316,-3.1623316,-4.1323314,-3.8023314,-2.5323315,-2.3223314,-4.2023315,-4.5923314,-3.5023315,-5.2823315,-5.5923314,-5.2723317,-3.9823315,-5.0123315,-5.2923317,-3.2323315,-2.2423315,-2.4523315,2.3576684,4.5976686,5.5976686,7.0876684,6.7276683,6.5576687,5.8776684,4.2776685,5.2376685,4.037668,3.5876684,3.2776685,4.6976686,4.4076686,4.6176686,4.1276684,2.7976685,1.1976684
-2.5723314,-1.6123315,-3.2623315,-3.1323316,-2.0623314,-1.9223316,-2.6723316,-2.4223316,-3.4823315,-1.9023316,-1.3023316,-1.5423316,-2.3123314,-3.0423315,-4.1623316,-4.8023314,-5.0023317,-4.7823315,-4.2223315,-2.9823315,-3.1023316,-2.7823315,-3.9123316,-3.7323315,-0.042331543,1.3176684,2.0576684,3.6276684,4.7776685,4.5276685,4.787668,5.2376685,4.6476684,4.5776687,4.2076683,4.8276687,5.0976686,2.3076684,5.0576687,3.2376685,0.97766846
-1.6523316,-2.8623316,-4.3323317,-2.8923316,-2.2923315,-1.9123316,-1.3623315,-2.6323316,-1.4523315,-3.1623316,-1.2023315,-0.50233155,-0.58233154,-1.6123315,-1.8823315,-2.2723315,-2.7923315,-3.4523315,-2.8123314,-2.8123314,-3.7323315,-3.2723315,-3.1323316,-2.2823315,-3.4123316,-1.7223315,-0.93233156,2.6476684,2.9376686,3.5676684,4.6576686,3.9976685,4.4376683,4.1376686,3.6876686,3.3176684,2.7476685,3.5276685,3.6176684,3.4076684,2.6176684
-1.6623316,-2.8223314,-6.3223314,-3.1623316,-3.1423316,-1.6923316,-2.1623316,-2.1523316,-2.3023314,-1.5723315,-0.27233154,0.59766847,0.66766846,-0.45233154,-1.0623316,-0.8423315,-1.1623316,-1.7123315,-2.0823317,-1.8723315,-1.6823316,-2.3023314,-3.1723316,-3.2323315,-4.3823314,-1.7023315,0.8276684,1.3876685,2.6976686,3.4276686,4.0476685,4.9576683,3.4276686,4.0876684,4.0576687,3.9976685,3.5276685,3.8276684,3.4976685,3.2976685,2.0076685
