wind_kz.json
{"header": {"discipline":0,"disciplineName":"Meteorological products","gribEdition":2,"gribLength":1025,"center":7,"centerName":"US National Weather Service - NCEP(WMC)","subcenter":0,"refTime":"2023-08-24T18:00:00.000Z","significanceOfRT":1,"significanceOfRTName":"Start of forecast","productStatus":0,"productStatusName":"Operational products","productType":1,"productTypeName":"Forecast products","productDefinitionTemplate":0,"productDefinitionTemplateName":"Analysis/forecast at horizontal level/layer at a point in time","parameterCategory":2,"parameterCategoryName":"UnknownDiscipline_0_Category_2","parameterNumber":2,"parameterNumberName":"UnknownParameter_D0_C2_2","parameterUnit":"Unknown","genProcessType":2,"genProcessTypeName":"Forecast","forecastTime":300,"surface1Type":103,"surface1TypeName":"Specified height level above ground","surface1Value":10.0,"surface2Type":255,"surface2TypeName":"Missing","surface2Value":0.0,"gridDefinitionTemplate":0,"gridDefinitionTemplateName":"Latitude_Longitude","numberPoints":615,"shape":6,"shapeName":"Earth spherical with radius of 6,371,229.0 m","gridUnits":"degrees","resolution":48,"winds":"true","scanMode":64,"nx":41,"ny":15,"basicAngle":0,"lo1":47.0,"la1":41.0,"lo2":87.0,"la2":55.0,"dx":1.0,"dy":1.0}, "data":
[rows 0 to 14 of 15, columns 0 to 40 of 41]
0.14514221,0.8751422,-2.0648577,-0.31485778,-0.9748578,-3.0448577,-5.184858,-6.6348577,-6.6548576,-3.8348577,-3.7748578,-2.0948577,-1.5748578,-1.9048578,-1.7348578,-2.9348578,-2.8048577,-4.604858,-4.764858,-3.6948578,-2.4348578,-1.0748578,-0.07485779,3.365142,0.8051422,1.4051422,2.7451422,4.3851423,2.4351423,2.375142,4.045142,2.1851423,-0.06485779,-1.3848578,-2.4448578,-1.9348578,-3.4348578,-5.954858,-1.0148578,-0.04485779,-0.5948578
0.9651422,-2.144858,0.2951422,1.3551422,0.005142212,-2.3348577,-3.4248579,-6.354858,-4.294858,-4.494858,-4.3448577,-3.124858,-4.0348577,-4.504858,-4.8848577,-4.664858,-3.4548578,-4.394858,-3.5148578,-2.4048579,-0.7248578,-0.014857788,-0.08485779,2.7251422,1.7351422,0.18514222,1.3651422,3.4451423,4.165142,2.4551423,2.125142,2.0151422,2.1951423,1.6451422,0.33514223,0.36514223,-0.09485779,1.5051422,2.3951423,-0.4348578,2.0151422
-1.7348578,-0.3648578,0.08514221,-0.4948578,-1.3048577,-3.7348578,-4.104858,-3.9748578,-4.294858,-3.1548579,-5.084858,-4.104858,-3.5548577,-3.6648579,-3.9648578,-5.294858,-4.8448577,-4.064858,-3.1648579,-2.1548579,-0.4948578,2.1451423,-3.374858,-0.38485777,2.8451421,5.275142,6.985142,4.8251424,4.085142,1.3051422,2.3451421,-0.4348578,-0.9248578,0.6551422,-0.3648578,1.9551423,0.73514223,-1.0548577,-0.44485778,2.1351423,1.6651422
-2.3148577,-1.0448577,-0.7948578,-0.47485778,-1.5648578,-1.1448578,-2.6748579,-1.6648577,-3.4148579,-5.4848576,-5.764858,-5.764858,-3.4548578,-3.4548578,-4.5348577,-5.994858,-6.064858,-4.9248576,-3.9548578,-2.6148577,-1.2048578,-0.9648578,5.4251423,5.105142,5.145142,6.475142,7.895142,8.115142,8.585142,4.835142,2.875142,3.4951422,0.8451422,2.0151422,1.9951422,2.9251423,1.9151422,2.1851423,-2.624858,-0.8848578,-1.7848577
-0.9848578,-0.9248578,-0.5948578,-1.0648578,0.04514221,1.6051422,-0.3048578,-2.4148579,-5.494858,-6.394858,-4.504858,-3.7548578,-4.604858,-5.8848577,-5.394858,-6.644858,-6.254858,-4.274858,-2.5248578,-1.5248578,0.49514222,1.6051422,2.6451423,4.3051424,4.745142,5.105142,0.8951422,2.2851422,5.735142,8.905142,7.705142,6.1151423,3.615142,6.0151424,-3.634858,-1.2248578,-1.9148577,-4.7348576,-4.1148577,-3.8048577,-3.3548577
-1.2748578,-0.12485779,0.095142215,-0.51485777,0.005142212,-2.6148577,-2.2948577,-4.224858,-3.0548577,-4.9448576,-1.9348578,-4.474858,-8.784858,-7.1148577,-6.314858,-5.814858,-4.4248576,-3.6548579,-2.1648579,-1.3748578,-1.6348578,-0.7848578,0.9451422,1.9651423,1.1951423,-3.624858,-2.9348578,-7.184858,-4.244858,-1.2548578,5.705142,4.5951424,8.515142,5.855142,4.8851423,0.17514221,1.1751422,-2.0948577,-3.3248577,-4.994858,-5.204858
-2.4948578,-1.5148578,-0.8148578,-2.8348577,-5.4448576,-5.164858,-6.184858,-6.8048577,-6.8048577,-6.9248576,-7.504858,-4.4648576,-5.6948576,-6.2848577,-6.014858,-4.4648576,-4.314858,-3.4248579,-3.7548578,-3.5348577,-3.6748579,-3.0848577,-3.1948578,-2.5048578,-1.9748578,-1.1148578,-2.0848577,-3.5948577,-4.184858,-5.5748577,-5.084858,-5.794858,-5.514858,1.1251422,-0.15485778,0.14514221,1.2151423,2.0051422,2.5851421,2.7451422,-2.1048577
-2.7448578,-1.5948578,-2.894858,-5.8648577,-6.5348577,-6.8248577,-6.4848576,-6.1748576,-4.374858,-3.1048577,-7.164858,-7.5748577,-6.1748576,-6.0348577,-5.0348577,-5.104858,-5.434858,-5.244858,-4.494858,-4.414858,-5.204858,-5.124858,-5.6148577,-5.764858,-5.954858,-5.5748577,-4.504858,-7.894858,-7.264858,-6.3048577,-6.2148576,-5.494858,-7.004858,-5.124858,-3.7948577,-2.7348578,-1.8148578,0.36514223,-0.5548578,1.1051422,2.5951421
-3.2848577,-2.634858,-2.644858,-3.1148577,-4.494858,-6.544858,-5.5348577,-2.1048577,-4.584858,-6.834858,-6.4448576,-7.1148577,-6.1748576,-5.4048576,-5.914858,-5.914858,-5.854858,-5.504858,-5.624858,-5.724858,-6.044858,-5.744858,-5.224858,-5.2148576,-5.814858,-5.434858,-5.8248577,-6.474858,-5.5748577,-3.4148579,-4.1748576,-5.3248577,-2.9948578,-2.2648578,0.5051422,1.6051422,-2.1848578,1.0951422,1.0851423,0.025142211,3.2351422
-1.8948578,-2.3348577,-2.5048578,-2.8048577,-3.8048577,-3.644858,-2.8248577,-2.4848578,-3.5548577,-5.5348577,-6.6148577,-7.3448577,-6.204858,-5.8848577,-6.024858,-5.684858,-5.604858,-5.994858,-6.004858,-6.0348577,-6.2148576,-5.8248577,-5.794858,-5.914858,-5.8448577,-5.0748577,-3.9548578,-3.8448577,-3.644858,-3.134858,-3.7748578,-1.9848578,-1.1848578,-1.5748578,-0.3348578,1.3151422,1.9851422,1.3251423,2.625142,2.0051422,0.6351422
-1.0448577,-1.5048578,-1.8248578,-1.8748578,-2.3248577,-2.3648577,-3.3648577,-5.244858,-5.664858,-6.744858,-6.6348577,-7.294858,-5.3048577,-5.934858,-5.724858,-5.4448576,-5.744858,-5.3848577,-5.454858,-5.814858,-5.624858,-5.354858,-5.8448577,-5.2148576,-3.4148579,-2.644858,-4.6748576,-3.1748579,-1.6948578,-1.8548578,-1.2448578,-2.1648579,-0.44485778,-1.2348578,-1.3648578,-1.1648577,0.43514222,0.7551422,0.8851422,-1.4048578,2.0451422
-1.3248578,-1.2048578,-1.5948578,-0.04485779,-1.3048577,-3.6748579,-4.3448577,-5.874858,-5.894858,-5.704858,-7.374858,-6.294858,-5.704858,-5.524858,-5.294858,-4.8848577,-4.774858,-4.244858,-4.264858,-4.024858,-3.6848578,-3.2148578,-3.5048578,-2.2448578,-2.5848577,-2.144858,-1.5748578,-0.8148578,-1.8748578,-0.1448578,0.18514222,-0.08485779,-1.3848578,2.2851422,-0.4948578,-1.8348578,-0.4548578,-1.5348577,-0.2648578,-0.7148578,-0.28485778
-2.9248579,-4.4248576,-2.5048578,-3.2448578,-1.0748578,-1.5848578,-3.124858,-3.874858,-5.4248576,-4.8248577,-4.7348576,-4.764858,-3.4548578,-4.3248577,-3.7348578,-3.7648578,-3.7148578,-3.4648578,-3.3648577,-4.004858,-3.4748578,-2.8448577,-2.0748577,-1.6448578,-1.6048578,-1.0548577,-1.2848577,-0.4348578,-0.4848578,0.2151422,1.7351422,1.4451423,2.5951421,0.8951422,2.4451423,2.125142,1.2651422,1.1951423,-1.6148578,-1.7848577,-0.8148578
-1.1148578,-1.4448578,-2.9348578,-1.0948578,-1.6348578,-1.9248577,-0.6848578,-1.2748578,-1.9648578,-3.384858,-3.0648577,-3.894858,-2.384858,-2.5048578,-2.7248578,-2.7048578,-2.8048577,-2.9548578,-3.2748578,-3.5848577,-3.5648577,-2.384858,-2.4948578,-1.7748578,-1.7748578,-0.4848578,0.2851422,1.1051422,1.4451423,1.6651422,1.3751422,0.4551422,1.7351422,2.2951422,0.2551422,-0.47485778,1.2451422,-0.21485779,-0.64485776,-0.1448578,-1.0948578
-1.1548578,-1.8248578,-1.1448578,-0.7448578,-0.15485778,1.3651422,-1.2248578,-1.3348578,-2.2048578,-1.1448578,-1.6748577,-3.3548577,-1.8448578,-1.3648578,-2.0948577,-1.8348578,-2.0148578,-2.8448577,-2.6548579,-3.0348577,-0.89485776,-0.1748578,-1.3748578,-0.9348578,-0.28485778,-0.7448578,0.46514222,-0.04485779,0.4151422,0.6951422,0.60514224,-0.77485776,-1.5048578,-1.5848578,-2.0648577,-0.1448578,0.9051422,-2.3348577,-0.04485779,-1.4548578,-0.77485776
