wind_kz.json
{"header": {"discipline":0,"disciplineName":"Meteorological products","gribEdition":2,"gribLength":871,"center":7,"centerName":"US National Weather Service - NCEP(WMC)","subcenter":0,"refTime":"2023-08-22T00:00:00.000Z","significanceOfRT":1,"significanceOfRTName":"Start of forecast","productStatus":0,"productStatusName":"Operational products","productType":1,"productTypeName":"Forecast products","productDefinitionTemplate":0,"productDefinitionTemplateName":"Analysis/forecast at horizontal level/layer at a point in time","parameterCategory":0,"parameterCategoryName":"UnknownDiscipline_0_Category_0","parameterNumber":0,"parameterNumberName":"UnknownParameter_D0_C0_0","parameterUnit":"Unknown","genProcessType":2,"genProcessTypeName":"Forecast","forecastTime":180,"surface1Type":1,"surface1TypeName":"Ground or water surface","surface1Value":0.0,"surface2Type":255,"surface2TypeName":"Missing","surface2Value":0.0,"gridDefinitionTemplate":0,"gridDefinitionTemplateName":"Latitude_Longitude","numberPoints":615,"shape":6,"shapeName":"Earth spherical with radius of 6,371,229.0 m","gridUnits":"degrees","resolution":48,"winds":"true","scanMode":64,"nx":41,"ny":15,"basicAngle":0,"lo1":47.0,"la1":41.0,"lo2":87.0,"la2":55.0,"dx":1.0,"dy":1.0}, "data":
[rows 0 to 14 of 15, columns 0 to 40 of 41]
317.07867,297.27866,305.17865,299.37866,299.17865,298.37866,313.67865,320.27866,317.47867,317.77866,316.07867,315.97867,314.67865,314.07867,313.97867,313.57867,314.07867,313.27866,315.47867,316.07867,315.87866,310.87866,311.67865,306.57867,308.47867,310.57867,305.37866,290.87866,288.87866,286.17865,273.17865,279.17865,291.97867,300.47867,305.27866,305.87866,307.77866,307.07867,306.27866,306.27866,308.17865
286.07867,299.17865,298.97867,298.97867,299.27866,298.17865,320.37866,318.07867,316.07867,316.47867,315.87866,315.07867,314.87866,312.57867,313.17865,313.37866,313.77866,313.77866,312.97867,313.37866,313.07867,310.27866,308.57867,300.17865,290.87866,288.37866,296.87866,290.87866,291.97867,283.57867,286.97867,276.67865,282.17865,271.37866,283.67865,300.67865,301.67865,303.17865,306.07867,295.37866,285.47867
307.97867,299.17865,299.17865,299.07867,299.37866,317.37866,311.77866,316.17865,315.37866,315.67865,315.57867,316.17865,314.67865,314.37866,313.57867,313.67865,312.67865,312.07867,312.07867,312.27866,311.77866,309.57867,309.77866,304.67865,307.67865,306.27866,307.57867,306.27866,303.07867,291.87866,278.77866,283.87866,289.87866,290.47867,290.87866,291.77866,283.47867,287.17865,287.27866,282.17865,281.37866
309.57867,300.07867,299.27866,298.27866,302.27866,318.17865,318.87866,317.17865,317.87866,317.47867,315.87866,314.17865,295.87866,295.67865,310.77866,313.87866,311.77866,311.17865,310.77866,310.97867,309.37866,306.67865,308.87866,309.47867,308.67865,309.97867,310.37866,307.17865,306.97867,304.77866,304.27866,300.27866,304.67865,303.57867,302.37866,295.27866,286.27866,285.07867,286.17865,296.37866,298.27866
314.97867,301.27866,300.37866,299.27866,305.07867,313.77866,316.37866,317.37866,315.87866,314.57867,314.87866,314.87866,296.27866,295.37866,293.17865,309.87866,311.37866,309.07867,307.77866,307.77866,308.87866,309.27866,308.27866,308.57867,308.67865,309.17865,308.17865,304.07867,309.27866,307.17865,309.07867,304.17865,289.17865,278.97867,291.67865,300.37866,299.47867,305.67865,305.17865,303.67865,302.97867
318.47867,314.77866,297.67865,299.47867,299.77866,299.17865,313.17865,314.47867,313.87866,312.87866,313.37866,313.67865,297.47867,295.27866,300.07867,305.57867,307.97867,308.07867,306.67865,307.27866,305.87866,306.57867,306.47867,306.67865,306.67865,306.07867,307.97867,293.67865,305.77866,308.67865,306.57867,307.27866,304.17865,301.87866,296.97867,297.57867,292.87866,294.87866,303.67865,302.57867,300.07867
314.57867,314.37866,314.67865,314.87866,309.77866,312.77866,315.27866,312.87866,311.37866,308.97867,303.97867,299.37866,298.07867,297.27866,305.27866,305.37866,305.47867,306.47867,305.47867,304.07867,303.17865,298.27866,302.67865,304.27866,303.67865,303.87866,304.37866,305.77866,304.27866,304.97867,304.17865,304.17865,304.17865,304.97867,301.87866,299.67865,294.37866,291.37866,289.67865,285.97867,298.07867
313.87866,313.47867,311.87866,311.17865,311.37866,310.87866,310.67865,308.17865,303.97867,303.67865,299.67865,302.97867,304.97867,302.67865,307.17865,305.87866,303.67865,302.77866,303.37866,300.87866,299.97867,300.77866,300.37866,298.77866,296.67865,295.37866,296.27866,300.07867,299.17865,300.97867,298.97867,300.57867,299.47867,297.67865,297.57867,301.27866,301.47867,290.77866,300.17865,299.97867,297.57867
312.37866,310.37866,309.77866,307.37866,306.77866,305.07867,305.27866,304.67865,303.17865,302.47867,301.67865,301.47867,302.27866,303.07867,300.77866,302.97867,302.27866,302.27866,300.87866,299.67865,298.07867,294.17865,295.37866,296.17865,290.97867,290.27866,288.47867,289.37866,289.67865,292.67865,294.57867,295.67865,297.47867,299.07867,298.87866,296.47867,296.77866,295.97867,285.97867,285.37866,284.37866
308.27866,307.37866,306.47867,304.27866,302.47867,301.17865,300.17865,299.67865,299.97867,298.47867,296.77866,296.07867,297.47867,297.57867,297.77866,298.17865,298.87866,298.27866,298.47867,297.27866,295.07867,293.27866,293.77866,291.97867,294.17865,291.47867,287.67865,288.57867,289.27866,289.37866,293.97867,296.57867,299.57867,299.87866,299.77866,296.87866,294.27866,289.87866,287.17865,286.67865,284.87866
302.27866,301.47867,300.47867,299.37866,296.67865,297.27866,295.37866,294.87866,293.77866,293.37866,291.87866,292.17865,293.57867,293.07867,294.37866,294.67865,295.07867,296.47867,296.47867,294.17865,295.57867,295.27866,292.67865,290.47867,289.27866,291.17865,290.07867,290.67865,289.87866,292.67865,292.67865,294.97867,295.87866,297.57867,296.97867,296.77866,290.77866,288.27866,289.37866,288.17865,286.57867
298.87866,299.67865,298.47867,296.87866,294.87866,294.07867,291.57867,290.57867,292.37866,292.07867,288.87866,289.37866,290.27866,289.57867,290.67865,291.57867,291.87866,292.27866,291.77866,291.57867,290.07867,290.47867,290.37866,291.77866,289.77866,291.17865,289.37866,292.87866,294.07867,293.47867,290.67865,293.67865,293.77866,293.97867,296.07867,295.57867,295.37866,296.07867,293.87866,292.37866,291.37866
292.47867,295.17865,295.57867,294.17865,291.87866,288.97867,291.27866,293.37866,292.37866,291.37866,287.07867,286.57867,288.97867,286.77866,288.17865,286.17865,286.27866,284.97867,289.07867,286.27866,287.57867,288.57867,289.17865,289.57867,291.27866,290.57867,292.97867,289.57867,290.87866,290.47867,292.67865,290.77866,292.07867,294.77866,295.77866,293.27866,294.27866,295.57867,293.97867,292.47867,291.77866
290.47867,292.67865,291.47867,290.07867,290.67865,291.87866,291.87866,290.77866,292.17865,291.07867,286.97867,284.27866,285.97867,285.97867,284.87866,285.57867,284.97867,283.87866,285.37866,285.67865,284.27866,285.37866,287.87866,288.27866,289.37866,290.57867,289.17865,289.27866,290.37866,289.97867,290.37866,288.67865,290.47867,291.87866,293.97867,293.67865,293.57867,293.77866,293.77866,289.07867,290.97867
287.17865,292.57867,290.67865,291.07867,291.07867,290.17865,289.87866,288.57867,290.47867,290.07867,286.37866,284.27866,280.17865,281.87866,283.67865,281.37866,281.77866,284.27866,285.17865,282.97867,282.67865,282.17865,282.87866,284.07867,286.27866,286.77866,288.07867,286.87866,286.77866,285.57867,285.27866,285.27866,285.87866,290.07867,292.37866,292.67865,293.57867,292.57867,293.87866,293.87866,290.67865
