wind.json
{"header": {"discipline":0,"disciplineName":"Meteorological products","gribEdition":2,"gribLength":1125,"center":7,"centerName":"US National Weather Service - NCEP(WMC)","subcenter":0,"refTime":"2023-06-29T00:00:00.000Z","significanceOfRT":1,"significanceOfRTName":"Start of forecast","productStatus":0,"productStatusName":"Operational products","productType":1,"productTypeName":"Forecast products","productDefinitionTemplate":0,"productDefinitionTemplateName":"Analysis/forecast at horizontal level/layer at a point in time","parameterCategory":2,"parameterCategoryName":"UnknownDiscipline_0_Category_2","parameterNumber":2,"parameterNumberName":"UnknownParameter_D0_C2_2","parameterUnit":"Unknown","genProcessType":2,"genProcessTypeName":"Forecast","forecastTime":0,"surface1Type":103,"surface1TypeName":"Specified height level above ground","surface1Value":10.0,"surface2Type":255,"surface2TypeName":"Missing","surface2Value":0.0,"gridDefinitionTemplate":0,"gridDefinitionTemplateName":"Latitude_Longitude","numberPoints":688,"shape":6,"shapeName":"Earth spherical with radius of 6,371,229.0 m","gridUnits":"degrees","resolution":48,"winds":"true","scanMode":64,"nx":43,"ny":16,"basicAngle":0,"lo1":45.0,"la1":40.0,"lo2":87.0,"la2":55.0,"dx":1.0,"dy":1.0}, "data":
[rows 0 to 15 of 16, columns 0 to 42 of 43]
-3.6159425,-0.9559424,-0.55594236,-1.8759423,-1.3859423,-0.15594238,2.4840577,5.624058,4.6740575,1.3240576,2.9740577,4.1840577,1.9940577,-3.7659423,-4.5459423,-5.0259423,-4.4859424,-5.1559424,-6.8359423,-4.4659424,-4.2759423,-1.8759423,-2.8359423,1.4140576,0.94405764,1.1240577,0.06405762,-0.6559424,-0.19594239,1.9240576,2.3840575,-0.41594237,2.2040577,2.5140576,6.9440575,4.2440577,1.9140576,0.37405762,-2.3959424,-2.2759423,-1.1159424,-0.49594238,-0.9059424
0.13405761,-5.0859423,-3.3559425,-0.47594237,1.0240576,1.7440577,3.8740575,6.294058,6.834058,3.3040576,1.3640577,-1.5959424,-5.935942,-5.8359423,-5.875942,-5.4659424,-5.4759426,-4.415942,-3.9659424,-3.3359423,-3.4259424,-1.6859424,2.1240575,2.1140575,0.7440576,0.8440576,0.21405762,-0.7759424,-2.3059423,1.1040577,0.9040576,0.76405764,0.37405762,1.1740576,-0.8459424,0.13405761,3.0040576,-0.055942383,-1.9459424,-2.1759424,-6.7359424,-3.7459424,-2.4659424
-1.5859424,-0.7759424,1.4040576,1.5140576,-0.2959424,1.2740576,1.7440577,0.6640576,-2.2459424,-0.6459424,-4.9059424,-7.5059423,-5.125942,-5.2959423,-4.0759425,-3.7859423,-3.6159425,-4.8859425,-3.9659424,-3.8559425,-2.5759423,-0.9459424,-0.5959424,-0.7659424,-0.74594235,-2.6559424,0.7340576,1.1140577,-0.21594238,2.2540576,-0.44594237,-0.08594238,0.76405764,0.8040576,0.9840576,-2.5659423,0.46405762,0.37405762,-0.015942384,0.70405763,-1.1859424,0.4540576,3.4540577
-0.74594235,-0.2659424,-0.095942385,-1.4359424,0.40405762,-1.1059424,-0.5259424,-0.8959424,-3.9559424,-1.4959424,-7.5259423,-5.9959426,-4.9659424,-5.4859424,-3.8859425,-3.5559423,-3.5859423,-4.4959426,-4.9859424,-3.8059423,-2.6759424,-2.4859424,-0.92594236,-2.9559424,-5.0959425,-4.3559422,0.6540576,-1.6459423,-0.37594238,0.18405762,-1.7059424,-0.14594239,0.5540576,0.51405764,-0.095942385,0.14405762,0.9640576,0.27405763,-0.67594236,0.0040576174,2.1840577,2.3740575,0.75405765
-1.1659424,-2.7859423,-2.2459424,0.10405762,2.4640577,0.37405762,-1.3959423,-1.1959424,1.1840576,-1.1359423,1.4240576,-3.7959423,-4.3559422,-4.9959426,-5.2259426,-5.375942,-3.7259424,-3.2959423,-3.8059423,-4.3159423,-3.7659423,-3.1659424,-1.8159424,-2.3659425,0.7440576,-3.3359423,-3.1359425,-4.415942,-3.6959424,-6.8159423,-2.8159423,-0.79594237,-0.34594238,-1.0559424,3.8740575,1.6440576,-2.5459423,-2.1459424,-1.4359424,2.4740577,0.4540576,2.5740576,0.6040576
-2.2259424,-2.6659424,-0.22594239,3.2240577,5.4940577,3.5540576,3.1040576,1.8640577,2.7040577,3.2040577,2.3440576,-1.6459423,-4.1159425,-4.6959424,-4.9059424,-4.8259425,-3.8359423,-2.3859425,-2.7559423,-3.6859424,-3.4059424,-2.9359424,-2.6759424,-2.7059424,-2.1759424,-3.7959423,-4.2459426,-3.7959423,-4.665942,-2.2059424,-3.3259423,-3.2259424,-3.5259423,-1.8759423,-1.1659424,1.9540576,2.3440576,-0.38594237,2.3240576,-0.8359424,0.7840576,2.5040576,1.3040576
-0.67594236,-2.3259423,-2.0159423,-1.2859424,0.6240576,2.4840577,5.1540575,2.8340576,2.3340576,0.5540576,-3.6359425,-5.2859426,-2.6759424,-3.5159423,-4.2759423,-3.5559423,-3.0759423,-2.5659423,-3.6159425,-3.3259423,-3.5859423,-2.7759423,-3.3259423,-2.9659424,-2.6659424,-2.9859424,-3.4259424,-3.7759423,-2.5359423,-2.7859423,-2.1559424,-2.0659423,-2.4559424,-1.0559424,-1.3759423,0.19405761,1.5140576,1.3240576,2.4540577,3.3140576,9.264057,2.9040575,4.104058
-0.40594238,-1.4559424,-0.3059424,1.8440576,1.8640577,2.0240576,2.0840576,3.1440575,1.4140576,0.39405763,0.8040576,-0.9459424,-1.7259424,-2.1359425,-1.1359423,0.4140576,-1.5659424,-1.3159424,-1.6959424,-1.5459424,-2.8159423,-2.6359425,-1.0559424,-2.7559423,-3.2059424,-2.5859423,-1.9059424,-0.9459424,-0.4859424,-1.1659424,0.16405761,0.06405762,0.7140576,0.7240576,0.5940576,3.2540576,2.7140577,0.21405762,-1.2359424,1.1440576,1.6640576,-1.8159424,0.12405762
1.0940576,0.8540576,0.8440576,1.3040576,2.1340575,3.0740576,2.0840576,-1.4659424,-1.3259424,-2.6959424,-3.2359424,-3.2759423,-2.1459424,-0.17594238,2.2440577,2.2340577,1.6940576,1.0040576,1.7240577,-0.9559424,0.43405762,-0.60594237,1.2640576,-0.005942383,-0.8959424,0.10405762,-0.24594238,0.09405762,1.3240576,1.3740577,1.4240576,1.2640576,0.9040576,2.5440576,0.9140576,0.6740576,0.7240576,3.9740577,4.5740576,5.5040574,4.6740575,4.9540577,-0.005942383
0.4140576,1.4140576,0.95405763,2.2240577,2.3740575,-0.5059424,-3.0859423,-3.4559424,-3.8459425,-3.2959423,-2.8259423,-1.0859424,-0.005942383,0.8540576,-1.5059423,-3.2659423,-1.7359424,-0.9459424,-0.9659424,0.6740576,1.5740576,1.2840576,1.9440576,2.0040576,2.0440576,1.3540577,1.9740577,2.0140576,1.6140577,1.9840577,2.6740577,1.7140576,2.0840576,3.2340577,2.8140576,3.0340576,4.1140575,2.8540576,2.0540576,1.6240577,0.40405762,1.1140577,0.39405763
1.5340576,1.8340576,2.4040575,1.1940576,-0.6659424,-0.6459424,-1.4059424,-3.4259424,-3.7059424,-3.7559423,-2.7459424,-2.4059424,-2.6459424,-6.3059425,-5.8459425,4.4640574,0.30405763,0.95405763,-1.4659424,-0.6259424,0.4740576,0.4840576,2.3140576,3.0840576,3.6840577,2.5340576,2.7840576,3.0040576,2.6040576,2.9540577,3.5740576,4.3940578,3.5440576,4.1540575,4.6940575,6.064058,5.5140576,3.6540575,0.8540576,0.6840576,2.3340576,1.0040576,1.7640576
-0.20594238,1.4240576,-1.4159424,-0.8859424,-1.2759423,-2.8159423,-2.1059425,-2.8559425,-3.4159424,-1.9659424,-1.1259423,-0.19594239,-0.19594239,0.7140576,1.5640576,4.3440576,-0.9159424,1.4940577,2.2940576,2.9140577,1.7140576,3.0640576,3.4440577,3.2140577,3.5840576,3.6040576,3.3640575,3.2340577,3.7440577,4.874058,5.124058,5.2740574,4.5940576,4.9340577,4.7340574,4.5940576,4.5540576,3.7940576,1.4240576,1.5140576,-0.14594239,0.9740576,1.6340576
-0.8259424,0.084057614,-1.6859424,-1.6559424,-2.6459424,-3.0459423,-2.7059424,-2.1659424,-0.5359424,-0.4859424,-0.2959424,-1.4559424,-1.2059424,0.6140576,0.6740576,0.8140576,3.1340575,2.6740577,3.5740576,4.1540575,2.4140577,3.5740576,2.9740577,4.0340576,3.5240576,3.1540575,3.7240577,4.0340576,3.6440575,5.3640575,5.4140577,5.5540576,6.104058,5.3940578,5.084058,5.2040577,5.6140575,6.624058,7.044058,7.8840575,7.0140576,0.8540576,-0.8759424
-1.4359424,-1.2559423,-1.1459423,-1.3359424,-1.2159424,-1.1559424,0.12405762,-0.065942384,0.5340576,0.16405761,-0.13594238,-0.28594238,-0.43594238,0.82405764,1.6040577,3.0940576,3.5540576,3.2940576,3.5140576,3.5140576,2.3140576,3.5240576,2.7940576,2.5240576,2.9240577,2.9940577,4.5240574,4.064058,5.4340577,5.0940576,4.9840574,5.8840575,6.564058,6.4540577,6.9040575,6.0940576,7.8940578,9.104057,8.064057,5.4540577,5.2440577,5.0340576,3.0140576
-1.7859424,-0.67594236,-1.0559424,-1.6259423,0.034057617,-2.5259423,0.10405762,0.19405761,0.75405765,0.49405763,1.1740576,0.7840576,-0.10594238,0.46405762,2.0540576,2.7340577,3.7040577,3.1240575,3.5240576,3.2540576,2.2240577,3.7240577,3.8340576,3.2140577,3.7340577,4.374058,4.2140574,3.4440577,4.1340575,4.7840576,4.7240577,5.7340574,5.8240576,6.9540577,6.7540574,7.3940578,6.3240576,6.374058,4.5540576,4.2440577,3.2640576,2.3440576,1.3240576
-0.7259424,-0.49594238,-0.9159424,0.04405762,1.2940576,0.7140576,2.9540577,1.7140576,2.7340577,2.1340575,3.0540576,1.1840576,-0.18594238,1.3440576,1.2840576,1.8740577,3.5140576,3.5740576,3.7640576,3.9640577,3.1040576,5.7540574,3.6540575,3.7840576,3.5940576,3.4540577,4.1140575,3.9540577,3.9540577,4.3940578,4.6540575,5.2840576,5.9640574,5.544058,5.8940578,6.584058,6.9540577,5.8040576,4.5240574,3.6340575,2.7540576,1.8340576,0.14405762
