wind_kz.json
{"header": {"discipline":0,"disciplineName":"Meteorological products","gribEdition":2,"gribLength":871,"center":7,"centerName":"US National Weather Service - NCEP(WMC)","subcenter":0,"refTime":"2023-08-21T12:00:00.000Z","significanceOfRT":1,"significanceOfRTName":"Start of forecast","productStatus":0,"productStatusName":"Operational products","productType":1,"productTypeName":"Forecast products","productDefinitionTemplate":0,"productDefinitionTemplateName":"Analysis/forecast at horizontal level/layer at a point in time","parameterCategory":0,"parameterCategoryName":"UnknownDiscipline_0_Category_0","parameterNumber":0,"parameterNumberName":"UnknownParameter_D0_C0_0","parameterUnit":"Unknown","genProcessType":2,"genProcessTypeName":"Forecast","forecastTime":300,"surface1Type":1,"surface1TypeName":"Ground or water surface","surface1Value":0.0,"surface2Type":255,"surface2TypeName":"Missing","surface2Value":0.0,"gridDefinitionTemplate":0,"gridDefinitionTemplateName":"Latitude_Longitude","numberPoints":615,"shape":6,"shapeName":"Earth spherical with radius of 6,371,229.0 m","gridUnits":"degrees","resolution":48,"winds":"true","scanMode":64,"nx":41,"ny":15,"basicAngle":0,"lo1":47.0,"la1":41.0,"lo2":87.0,"la2":55.0,"dx":1.0,"dy":1.0}, "data":
[rows 0 to 14 of 15, columns 0 to 40 of 41]
292.35614,288.45615,292.15616,298.65616,298.25616,297.25616,297.85614,297.95615,295.85614,295.75616,294.05615,296.35614,295.65616,294.75616,294.65616,291.55615,290.95615,290.55615,289.75616,289.85614,289.65616,286.35614,285.75616,285.05615,288.35614,289.65616,288.75616,275.25616,273.95615,273.45615,273.25616,276.15616,286.25616,291.45615,293.45615,292.75616,292.85614,293.85614,294.55615,295.35614,293.85614
278.25616,290.85614,298.25616,298.15616,298.15616,297.15616,297.45615,296.75616,294.85614,294.65616,294.85614,294.75616,294.25616,290.85614,293.95615,294.95615,291.95615,293.45615,291.15616,292.15616,291.05615,289.75616,289.85614,283.45615,273.15616,274.35614,283.95615,274.75616,275.85614,272.25616,277.95615,271.35614,278.65616,258.25616,275.65616,291.15616,289.95615,291.85614,295.75616,287.15616,283.95615
291.05615,298.25616,298.45615,298.25616,296.95615,297.45615,296.35614,294.75616,294.15616,293.55615,294.75616,295.15616,292.85614,293.35614,292.45615,288.95615,291.55615,292.75616,293.55615,290.85614,293.15616,289.85614,289.85614,285.15616,286.45615,286.05615,289.05615,286.95615,287.25616,280.85614,272.75616,275.05615,280.25616,279.85614,281.25616,283.15616,275.35614,275.95615,279.55615,274.35614,272.05615
292.95615,299.05615,298.55615,297.55615,295.75616,296.05615,296.15616,295.25616,295.45615,294.75616,294.25616,293.95615,294.95615,294.25616,293.45615,293.85614,292.15616,290.15616,291.75616,292.25616,291.15616,287.25616,290.35614,289.75616,285.45615,291.25616,291.25616,288.75616,290.25616,290.75616,290.75616,288.25616,291.55615,291.05615,291.45615,287.85614,276.05615,276.95615,280.35614,287.05615,289.05615
296.35614,298.45615,298.65616,298.15616,296.75616,295.25616,295.95615,295.55615,294.95615,294.85614,294.35614,293.75616,294.75616,293.35614,291.15616,293.25616,293.35614,292.65616,291.25616,292.85614,292.95615,292.05615,291.05615,289.45615,288.35614,290.25616,289.05615,290.05615,289.05615,290.05615,292.45615,289.25616,282.85614,269.95615,282.75616,289.45615,291.75616,293.65616,291.15616,292.05615,292.45615
295.15616,295.45615,296.85614,297.65616,298.15616,297.45615,295.05615,296.25616,294.85614,294.65616,294.65616,294.75616,293.95615,294.15616,293.15616,292.65616,296.65616,293.35614,295.05615,293.45615,294.65616,291.85614,292.95615,290.45615,288.45615,288.35614,289.55615,292.65616,290.45615,290.45615,289.25616,290.05615,287.95615,289.65616,288.15616,290.95615,285.75616,285.65616,290.35614,291.85614,290.95615
294.65616,294.05615,295.05615,294.85614,294.95615,293.25616,293.75616,292.95615,293.35614,294.25616,293.05615,292.95615,292.65616,293.05615,292.85614,293.25616,293.35614,294.45615,291.85614,292.65616,291.95615,293.15616,293.45615,292.05615,289.25616,288.45615,288.45615,289.95615,288.75616,288.45615,287.05615,287.95615,289.95615,290.35614,288.05615,287.75616,284.45615,285.15616,279.05615,279.85614,288.45615
293.05615,291.85614,292.05615,291.55615,292.85614,292.55615,292.25616,291.45615,290.55615,291.25616,290.45615,290.85614,290.75616,292.15616,292.25616,292.75616,291.15616,291.15616,291.85614,289.05615,289.35614,288.85614,289.55615,290.95615,290.55615,285.95615,288.55615,286.85614,285.95615,287.15616,285.75616,286.55615,285.65616,284.85614,284.45615,284.35614,286.35614,289.35614,289.75616,289.35614,286.05615
291.55615,291.25616,290.55615,290.55615,292.25616,291.25616,289.85614,290.05615,288.65616,288.15616,287.85614,287.55615,286.95615,288.65616,290.25616,290.05615,289.45615,290.25616,288.85614,286.85614,284.65616,285.65616,286.45615,289.25616,288.05615,288.75616,287.35614,285.75616,284.55615,281.35614,284.55615,282.85614,284.65616,288.05615,286.95615,284.45615,283.25616,284.55615,276.45615,277.95615,274.15616
290.55615,291.15616,291.35614,291.05615,290.65616,289.95615,288.65616,287.75616,287.15616,286.25616,285.85614,285.15616,289.35614,286.85614,286.25616,286.25616,286.35614,285.95615,285.45615,285.35614,283.85614,284.05615,286.35614,285.55615,285.65616,287.45615,287.95615,287.85614,286.55615,285.95615,284.75616,287.55615,287.75616,288.05615,286.85614,285.05615,285.55615,280.55615,275.35614,279.25616,277.05615
293.25616,292.45615,289.45615,289.05615,287.85614,287.05615,286.45615,285.35614,284.95615,284.85614,284.35614,284.75616,286.25616,284.35614,283.35614,284.15616,284.25616,284.25616,283.75616,283.05615,285.95615,286.05615,283.35614,285.05615,284.25616,283.25616,284.95615,286.65616,285.85614,289.35614,289.25616,289.55615,288.65616,286.65616,286.85614,283.95615,282.85614,280.55615,277.65616,279.45615,278.35614
290.15616,291.35614,287.65616,286.25616,285.15616,284.15616,282.95615,282.75616,283.55615,282.85614,280.45615,281.85614,284.35614,286.25616,285.55615,285.75616,282.55615,282.55615,282.55615,282.05615,284.05615,284.25616,284.45615,284.15616,282.25616,284.85614,283.55615,286.85614,285.95615,287.15616,288.55615,288.85614,288.95615,286.75616,286.25616,284.95615,285.15616,285.05615,285.45615,284.05615,282.65616
285.65616,288.95615,284.75616,283.05615,282.55615,281.85614,280.95615,280.95615,280.65616,279.25616,278.95615,278.25616,283.45615,282.35614,282.85614,283.65616,282.85614,283.25616,281.95615,284.05615,280.65616,282.15616,282.85614,283.55615,283.55615,283.15616,284.65616,286.35614,285.05615,284.95615,286.85614,288.15616,287.45615,287.65616,286.65616,285.25616,284.95615,286.05615,285.65616,284.55615,283.95615
283.25616,283.05615,286.75616,282.25616,280.55615,279.45615,280.05615,279.65616,278.15616,278.25616,278.05615,275.95615,276.65616,278.15616,279.05615,279.05615,279.05615,278.65616,279.65616,283.35614,282.45615,283.65616,283.95615,283.65616,282.75616,282.95615,283.55615,285.05615,286.25616,287.15616,285.95615,287.25616,287.95615,288.05615,287.15616,285.55615,284.85614,284.15616,284.45615,284.45615,283.35614
283.85614,283.35614,289.85614,281.35614,281.25616,279.15616,279.05615,278.15616,277.65616,277.05615,277.25616,274.15616,278.55615,280.05615,281.25616,282.05615,281.85614,278.95615,279.05615,282.35614,283.45615,284.05615,284.45615,284.15616,283.95615,282.85614,282.25616,283.25616,286.35614,286.25616,286.55615,285.75616,287.25616,286.35614,285.85614,285.15616,285.05615,284.85614,284.75616,283.65616,283.55615
