wind_kz.json
{"header": {"discipline":0,"disciplineName":"Meteorological products","gribEdition":2,"gribLength":1025,"center":7,"centerName":"US National Weather Service - NCEP(WMC)","subcenter":0,"refTime":"2023-08-26T06:00:00.000Z","significanceOfRT":1,"significanceOfRTName":"Start of forecast","productStatus":0,"productStatusName":"Operational products","productType":1,"productTypeName":"Forecast products","productDefinitionTemplate":0,"productDefinitionTemplateName":"Analysis/forecast at horizontal level/layer at a point in time","parameterCategory":2,"parameterCategoryName":"UnknownDiscipline_0_Category_2","parameterNumber":2,"parameterNumberName":"UnknownParameter_D0_C2_2","parameterUnit":"Unknown","genProcessType":2,"genProcessTypeName":"Forecast","forecastTime":300,"surface1Type":103,"surface1TypeName":"Specified height level above ground","surface1Value":10.0,"surface2Type":255,"surface2TypeName":"Missing","surface2Value":0.0,"gridDefinitionTemplate":0,"gridDefinitionTemplateName":"Latitude_Longitude","numberPoints":615,"shape":6,"shapeName":"Earth spherical with radius of 6,371,229.0 m","gridUnits":"degrees","resolution":48,"winds":"true","scanMode":64,"nx":41,"ny":15,"basicAngle":0,"lo1":47.0,"la1":41.0,"lo2":87.0,"la2":55.0,"dx":1.0,"dy":1.0}, "data":
[rows 0 to 14 of 15, columns 0 to 40 of 41]
-3.8487444,-0.30874452,1.0412555,-2.9587445,-8.188745,-8.738745,-7.3387446,-6.6887445,-5.5787444,-5.2887444,-7.7987447,-6.6287446,-5.7787447,-2.0787444,-2.0887444,-1.5887445,-1.3887445,-3.2387445,-3.3787446,-2.8787446,-1.6387445,0.8312555,1.4412555,0.6312555,2.2012556,-4.8487444,-2.8987446,1.8512555,1.5212555,0.5912555,-0.5287445,1.7112556,1.2412555,3.2012556,-2.4587445,-2.6387446,-5.5587444,-2.7387445,-4.0787444,-3.4787445,-2.8587446
2.4812555,0.1612555,-6.6187444,-5.3887444,-5.4687443,-5.3687444,-4.7287445,-4.2787447,-8.828745,-7.7787447,-5.7287445,-6.0287447,-2.7887444,-1.9587445,-0.038744505,-4.2587447,-6.2787447,-5.6887445,-3.4487445,-2.1887445,-2.0687444,-0.69874454,-0.3587445,-0.88874453,2.0712554,1.2612555,-1.0387444,0.9512555,-2.7487445,0.21125549,0.3412555,-0.7687445,-1.0087445,-1.8087445,0.5812555,-0.4787445,2.6412554,-1.1087445,-2.2087445,-0.028744508,-5.0987444
-3.5487444,-8.088744,-6.6087446,-5.6687446,-7.9087443,-4.9587445,-4.4387445,-7.4787445,-7.9887447,-7.2587447,-4.6387444,-2.4687445,-0.7187445,-1.0387444,-2.5187445,-5.9387445,-5.0187445,-3.0587444,-1.7887444,-1.6887445,-2.0387444,-0.3787445,-4.8887444,-7.7887444,-4.4987445,-3.5587444,0.3512555,2.1212554,-1.3187445,-0.4187445,-1.0487446,-1.1287445,0.2912555,0.7912555,-1.3787445,-2.1887445,-1.5087445,0.24125549,0.4312555,-0.3187445,0.8912555
-9.008744,-9.178744,-7.9787445,-5.0987444,-4.9087443,-3.3587446,-5.3987446,-7.3387446,-7.6387444,-6.6287446,-4.2587447,-3.5087445,-5.5887446,-6.5687447,-6.1887445,-4.6087446,-3.7587445,-3.2987444,-3.2387445,-3.5687444,-3.9987445,-3.2487445,-6.2287445,-9.338744,-7.0187445,-4.4087443,-5.0087447,-3.5987444,-3.6987445,-2.7987444,-0.8587445,-1.4087445,2.2912555,3.2112556,-0.2487445,-1.1187445,-1.4387445,0.3912555,-0.9987445,-1.6187445,-1.2687445
-9.518744,-9.658745,-9.4787445,-9.718744,-6.0387444,-9.268744,-9.538745,-7.2087445,-7.9487443,-6.3087444,-4.7987447,-5.5987444,-7.6487446,-5.3687444,-5.3687444,-4.9987445,-5.1287446,-4.7487445,-4.5587444,-4.3387446,-7.1687446,-8.808744,-8.4787445,-5.3787446,-2.9587445,-2.5987444,-3.4787445,-2.7587445,-0.3987445,-1.1387445,0.3812555,0.4212555,-0.6087445,-0.3787445,2.5012555,3.4212556,-1.4287446,-2.7487445,-3.9987445,-4.1487446,-4.2287445
-6.7187443,-4.4987445,-9.418744,-10.068745,-9.938745,-9.158745,-7.6887445,-6.0287447,-4.0387444,-4.0687447,-2.6587446,-6.5487447,-6.0287447,-6.7487445,-5.5087447,-4.1287446,-5.3187447,-5.4587445,-4.9887447,-6.2787447,-7.3987446,-6.8187447,-7.3287444,-5.9787445,-5.9287443,-5.1087446,-4.0287447,-6.9087443,-5.7987447,-0.9187445,1.5812554,1.2312555,0.9412555,1.0512555,0.44125548,4.0712557,-0.7787445,-0.33874452,0.6212555,-0.7187445,-0.7087445
-4.3487444,-4.9587445,-4.8387446,-4.3387446,-4.5587444,-6.2087445,-6.1987443,-4.5687447,-3.5487444,-6.8887444,-6.5987444,-5.5187445,-4.6787443,-5.7987447,-5.7187443,-5.7187443,-6.4887447,-5.9587445,-5.8387446,-6.5987444,-6.2587447,-5.3087444,-5.4487443,-5.2287445,-4.7587447,-4.2087445,-4.2487445,-4.1087446,-4.4787445,-6.2887444,-6.8387446,-5.2387447,-5.0587444,-2.4987445,-2.4387445,-1.5487446,-0.9987445,0.31125548,-0.4187445,1.3612555,3.4212556
-2.4087446,-2.6287446,-1.7587445,-5.0187445,-8.398745,-6.8987446,-4.2487445,-3.6087446,-6.6987443,-6.5887446,-5.6287446,-4.5387444,-3.9887445,-5.2487445,-5.4487443,-5.1287446,-4.7587447,-5.1187444,-4.1287446,-4.3287444,-2.8587446,-3.1087446,-3.1587446,-3.5987444,-3.5987444,-3.1887445,-3.2987444,-4.8387446,-3.9287446,-3.4187446,-5.9287443,-3.3287444,-5.1387444,-2.8687446,-3.7087445,0.9812555,2.4012556,4.4312553,3.4312556,4.8912554,0.86125547
-4.2887444,-5.3287444,-6.2687445,-6.2587447,-7.0287447,-4.5587444,-4.4787445,-4.7987447,-4.1987443,-5.4287443,-4.7287445,-3.8987446,-3.6987445,-3.6287446,-3.9487445,-3.5487444,-3.5987444,-3.3787446,-3.1787446,-2.8687446,-3.1687446,-3.0287445,-3.3487444,-1.7987446,-2.1487446,-2.2887444,-1.7987446,-1.3487445,-1.4887445,-1.4787445,-2.3887446,-4.0687447,-1.4387445,-2.0187445,0.021255493,1.1012555,1.1512555,-2.1587446,-1.8087445,0.7712555,-1.1287445
-4.2087445,-4.0587444,-5.3987446,-7.0187445,-6.1287446,-4.9187446,-4.5487447,-5.3887444,-5.7587447,-4.5287447,-4.0587444,-4.0987444,-3.8787446,-3.5087445,-3.3687446,-2.8987446,-2.7987444,-2.6487446,-2.9987445,-2.6387446,-2.5287445,-2.1687446,-2.1687446,-2.3787446,-2.2987444,-2.5887444,-0.9787445,-1.4687445,-0.4287445,-0.43874452,0.2212555,-1.3487445,-1.4087445,-0.4087445,0.6212555,2.2612555,-0.33874452,-0.038744505,-2.7787445,-0.7887445,-0.17874451
-4.6287446,-4.9287443,-5.2087445,-5.1587443,-4.2587447,-4.3087444,-4.0187445,-4.4787445,-5.6987443,-4.9887447,-3.7787445,-2.7387445,-3.3887446,-3.7987444,-3.3287444,-3.0987444,-2.6587446,-2.1887445,-2.1487446,-2.2587445,-1.9287446,-2.2587445,-1.1087445,-1.9087445,-1.3587445,-1.7387445,-0.3187445,-0.7687445,-0.5687445,-0.1887445,-0.4187445,-0.9387445,-0.4887445,-0.4887445,-0.8087445,-0.6087445,-1.5587445,-0.7787445,-0.7087445,0.80125546,-1.1587445
-3.3187444,-3.0587444,-3.2587445,-3.1887445,-3.5687444,-3.7287445,-3.6987445,-3.5087445,-2.9287446,-3.4787445,-3.2487445,-1.5787445,-1.2487445,-2.3787446,-2.9487445,-2.4587445,-1.9587445,-1.7487445,-2.4087446,-1.6787446,-1.8487445,-0.1887445,-0.57874453,-1.0287445,-0.07874451,-0.8087445,0.18125549,-0.2687445,-0.43874452,0.041255493,0.5412555,-0.07874451,0.1312555,-0.7487445,-0.8487445,-1.2287445,-1.9187446,-0.2587445,0.2912555,0.6212555,0.21125549
-0.69874454,-1.6787446,-3.1687446,-2.5187445,-3.0787444,-2.0187445,-2.3687446,-3.6887445,-1.3487445,-1.4787445,-1.0287445,-0.2587445,-1.2187445,-1.9087445,-1.4587445,-1.7887444,-0.30874452,0.3912555,-0.23874451,0.18125549,0.3712555,0.051255494,0.6912555,0.86125547,1.5912555,0.7212555,0.5412555,0.5312555,0.1412555,0.3412555,-0.10874451,0.67125547,0.7812555,0.6812555,1.5112555,0.8712555,0.7612555,0.7312555,-0.6087445,0.25125548,0.121255495
-2.2187445,-2.0787444,-3.0087445,-3.1087446,-2.2787445,-2.3987446,-1.6087445,-3.0387444,-1.3487445,-1.5487446,-1.2187445,-1.2787445,0.4612555,-0.1387445,-0.49874452,-0.1387445,0.61125547,0.28125548,0.8112555,1.5212555,1.2512555,1.3812555,1.1112555,1.9912555,2.5112555,2.6212554,1.6512555,1.1012555,0.15125549,-0.49874452,0.2212555,0.5412555,0.3512555,-0.5487445,-0.11874451,-0.6787445,0.31125548,-0.06874451,-0.6687445,0.7512555,1.3812555
-2.3187444,-2.6287446,-2.4587445,-3.5587444,-3.1587446,-2.2087445,-1.8787445,-2.4887445,-0.8487445,-1.5287445,-1.8087445,-0.6587445,-0.3687445,1.1512555,2.4212556,2.3112555,2.3612554,2.4612556,2.3712554,2.4712555,1.9112555,1.8812555,1.8112555,2.4412556,2.1812556,1.5212555,1.2512555,1.8012555,1.6612555,1.5312555,1.7012554,0.8212555,1.1112555,1.1012555,0.7212555,1.3712555,0.041255493,0.8712555,1.5212555,1.5212555,0.2212555
