wind_kz.json
{"header": {"discipline":0,"disciplineName":"Meteorological products","gribEdition":2,"gribLength":1025,"center":7,"centerName":"US National Weather Service - NCEP(WMC)","subcenter":0,"refTime":"2023-08-23T00:00:00.000Z","significanceOfRT":1,"significanceOfRTName":"Start of forecast","productStatus":0,"productStatusName":"Operational products","productType":1,"productTypeName":"Forecast products","productDefinitionTemplate":0,"productDefinitionTemplateName":"Analysis/forecast at horizontal level/layer at a point in time","parameterCategory":2,"parameterCategoryName":"UnknownDiscipline_0_Category_2","parameterNumber":2,"parameterNumberName":"UnknownParameter_D0_C2_2","parameterUnit":"Unknown","genProcessType":2,"genProcessTypeName":"Forecast","forecastTime":120,"surface1Type":103,"surface1TypeName":"Specified height level above ground","surface1Value":10.0,"surface2Type":255,"surface2TypeName":"Missing","surface2Value":0.0,"gridDefinitionTemplate":0,"gridDefinitionTemplateName":"Latitude_Longitude","numberPoints":615,"shape":6,"shapeName":"Earth spherical with radius of 6,371,229.0 m","gridUnits":"degrees","resolution":48,"winds":"true","scanMode":64,"nx":41,"ny":15,"basicAngle":0,"lo1":47.0,"la1":41.0,"lo2":87.0,"la2":55.0,"dx":1.0,"dy":1.0}, "data":
[rows 0 to 14 of 15, columns 0 to 40 of 41]
-1.7830517,-1.0930518,2.2569482,2.3369482,0.80694824,-0.10305176,-0.29305175,1.0669483,1.8269483,1.0569482,2.2569482,-0.8630518,-2.0430517,-3.0630517,-2.5630517,-2.2530518,-0.69305176,1.7869482,3.1669483,-0.123051755,-2.8130517,-1.0030518,-1.3130517,-0.88305175,-1.0430517,-0.44305176,-0.57305175,2.6169481,0.36694825,0.8269482,-0.6630518,0.59694827,2.2469482,1.1269482,-4.4930515,-3.8430517,-2.0430517,-4.673052,-3.7830517,-3.6430519,-3.7730517
1.2669482,2.2669482,0.55694824,-0.22305176,2.0569482,2.5769482,2.1369483,2.5069482,3.7169483,3.6469483,4.446948,2.7969482,0.35694826,-1.1630517,0.13694824,-0.9830518,1.2869482,-0.22305176,-1.2730517,1.8969482,0.5269482,-0.42305174,-0.6030518,-1.9330517,1.6869483,-0.17305176,0.68694824,2.8369482,0.46694824,0.30694824,0.006948242,-0.39305174,-0.31305176,-1.4030517,-1.4730518,-0.57305175,-0.68305176,-1.5630517,-0.70305175,1.6569482,-4.323052
1.9069482,-1.4930518,0.14694825,1.3269483,3.1869483,1.7069483,2.3569481,4.866948,4.0069485,4.216948,5.8769484,4.616948,2.5669482,1.2969482,0.48694825,0.25694823,0.32694826,1.9769483,2.0869482,2.8169482,-0.14305176,-0.76305175,-0.76305175,0.87694824,-0.68305176,-0.34305176,0.40694824,2.4769483,-2.9430518,0.36694825,0.90694827,-1.8430518,0.27694824,-1.0330517,-2.5230517,-1.2930517,-1.7430518,0.16694824,0.39694825,-0.48305175,-1.4630518
0.8869482,1.6869483,3.3169482,4.3569484,3.0869482,2.2769482,3.3169482,4.116948,4.096948,4.5869484,4.8969483,4.0269485,5.036948,4.8569484,1.8969482,1.6369482,2.0469482,2.5369482,3.7369483,3.8769484,2.3969483,-0.27305177,0.05694824,0.90694827,1.5069482,2.3169482,1.6969483,-1.2830517,6.696948,1.5769483,1.1169482,0.016948242,0.73694825,-2.5630517,-1.0030518,-0.32305175,-0.6630518,0.54694825,-0.27305177,0.32694826,2.3569481
2.5069482,5.236948,6.3569484,7.8169484,8.496948,4.3969483,6.0669484,4.5469484,4.2269483,3.9369483,4.366948,3.7769482,4.576948,2.2369483,7.236948,2.3469481,3.3669481,3.0769482,3.2969482,3.9969482,4.116948,-0.47305176,-1.6430517,-0.47305176,0.07694824,2.8169482,3.1769483,3.9369483,1.5569482,5.286948,3.7869482,-0.32305175,-0.55305177,0.31694824,-1.8530518,1.6669482,11.456948,1.0269482,3.2069483,0.61694825,1.2469482
2.8669481,2.8769484,6.556948,9.756948,11.336948,11.096949,12.346949,7.8369484,6.2469482,3.9269483,0.38694823,-0.36305177,7.196948,7.5469484,6.3769484,2.2169483,4.6469483,4.216948,3.3569481,3.8169482,0.45694825,-1.2230518,-1.8830518,0.09694824,2.1469483,2.6069481,3.9869483,6.716948,3.5169482,5.6669483,3.5969481,0.8369482,1.5169482,-0.63305175,-2.1630518,-1.5830518,0.09694824,4.386948,11.586948,6.156948,-1.6330518
-1.3930517,-1.8230518,-1.9130517,-1.3130517,-1.5530517,-0.30305177,-1.9430518,0.26694825,1.2969482,2.5969481,8.396948,4.2769485,5.966948,2.5869482,0.80694824,0.65694827,2.1369483,2.0869482,1.1369482,-1.1530517,-1.9530518,-1.8930517,-0.41305175,1.7869482,3.0269482,4.1869483,6.3369484,4.966948,3.3169482,2.8169482,2.4569483,0.8369482,1.5569482,-0.94305176,0.62694824,-1.3830518,-1.2230518,0.17694825,1.4069482,-0.13305175,8.686948
-0.51305175,-1.2830517,-1.1530517,-0.34305176,0.32694826,2.0669482,3.9869483,4.616948,4.986948,5.676948,7.3969483,8.276948,6.016948,5.2769485,5.136948,1.4669483,5.366948,0.18694824,1.1669482,-0.21305175,-0.50305176,-0.87305176,0.98694825,2.5469482,3.4969482,3.4169483,4.1469483,4.516948,2.4769483,2.1069481,1.7869482,3.0869482,-1.9830518,0.22694825,0.20694824,2.2569482,1.9469483,4.6869483,6.4569483,8.146948,1.1969483
1.5069482,2.4869483,1.1269482,2.3369482,2.6669483,3.2869482,4.016948,4.7969484,4.596948,5.3769484,6.846948,7.0069485,5.426948,4.116948,4.2769485,0.43694824,1.2369483,1.2869482,1.9369483,-1.1930518,-1.3430518,0.72694826,1.6869483,0.61694825,2.9069483,2.5369482,2.6369483,1.7469482,2.5969481,0.41694823,0.61694825,1.0769483,2.9769483,-1.1330518,1.1569482,0.78694826,1.4269482,0.87694824,-0.9130518,0.5269482,-1.6930518
2.2569482,1.2869482,1.4969482,2.0369482,1.8369483,2.6169481,3.4369483,3.8769484,4.7069483,3.3669481,3.6469483,4.9169483,5.196948,5.6069484,6.6069484,-0.06305176,0.8869482,-0.05305176,-1.0230517,-0.24305175,2.5169482,-0.6130518,0.25694823,0.8369482,0.48694825,-1.5730518,-2.3930519,-2.9530518,-1.7430518,-2.8730516,-2.0330517,-1.5630517,-2.2130518,-1.1730517,-0.95305175,0.39694825,-1.4230517,0.42694825,-0.19305176,-0.15305176,-1.0730518
1.5169482,0.9669483,1.4769483,2.1369483,3.3169482,3.9669483,4.9569483,4.446948,4.346948,3.9069483,3.7769482,3.3769484,3.7669482,3.2969482,-0.90305173,2.7569482,0.18694824,0.7669482,0.65694827,-0.013051758,0.80694824,-0.46305177,0.86694825,2.0369482,2.3169482,-1.1230518,-0.48305175,-1.5730518,-1.1730517,-0.34305176,0.10694824,1.9869483,1.4169482,1.7469482,2.2269483,-1.3830518,-1.2730517,0.93694824,-0.5330517,0.25694823,-0.64305174
1.4469483,1.2269483,2.0869482,2.5569482,3.7669482,4.406948,4.6069484,4.8569484,3.7869482,3.1269484,2.3669481,3.3469481,1.8969482,-0.19305176,1.7969482,-0.9130518,-1.2230518,0.94694823,0.006948242,-3.2430518,-3.8730516,-2.2530518,-0.03305176,1.5769483,-0.38305175,-2.4230518,-0.20305176,0.92694825,1.6169482,0.8269482,1.4069482,2.1169481,2.1669483,2.9169483,2.7569482,3.2969482,2.3069482,-0.44305176,-0.31305176,-1.0530517,-0.48305175
1.0569482,2.0969481,2.5869482,2.1169481,3.2269483,2.4569483,2.9469483,1.1769482,1.7069483,0.36694825,0.74694824,1.7069483,-1.0430517,-1.9430518,-2.5030518,-2.4930518,-3.2130518,-2.1630518,-3.9530518,-4.883052,-2.7930517,-2.1230516,-0.88305175,-2.0330517,-2.3830519,-1.4030517,-2.2930517,-1.5930518,-1.6530517,0.60694826,1.2369483,2.1669483,2.7769482,3.3469481,4.4769483,3.1869483,2.7669482,-0.77305174,-1.7430518,-1.7730517,-0.17305176
1.7969482,1.5069482,1.8969482,1.9769483,2.2169483,1.5469482,-0.03305176,0.49694824,-0.84305173,-0.94305176,-0.42305174,-1.2730517,-1.4530518,-0.35305175,-3.3430517,-3.5530517,-3.0930517,-2.6330519,-2.4730518,-3.0730517,-2.7530518,-1.6330518,-1.8630518,-2.5130517,-1.8130517,-0.21305175,-1.9730518,-0.7230518,-0.31305176,2.0969481,2.2869482,2.5069482,2.9269483,3.7669482,2.5469482,-0.43305176,-0.64305174,-0.69305176,-2.1630518,-0.47305176,0.19694825
0.69694823,1.3469483,2.3169482,1.0869483,0.97694826,0.8269482,0.98694825,0.7769482,0.80694824,-0.65305173,-0.89305174,-1.1530517,-1.3930517,-0.9230518,-3.3630517,-1.9330517,-2.9030519,-3.0230517,-2.7630517,-2.8630517,-2.7830517,-2.6330519,-2.6330519,-2.1130517,-2.3430517,-2.1830518,-2.2830517,0.28694823,2.2569482,1.3469483,1.9169482,2.1369483,1.2469482,-0.22305176,-1.0830518,-0.21305175,-0.84305173,0.46694824,2.0869482,-1.7130518,-1.4230517
