wind_kz.json
{"header": {"discipline":0,"disciplineName":"Meteorological products","gribEdition":2,"gribLength":871,"center":7,"centerName":"US National Weather Service - NCEP(WMC)","subcenter":0,"refTime":"2024-02-03T12:00:00.000Z","significanceOfRT":1,"significanceOfRTName":"Start of forecast","productStatus":0,"productStatusName":"Operational products","productType":1,"productTypeName":"Forecast products","productDefinitionTemplate":0,"productDefinitionTemplateName":"Analysis/forecast at horizontal level/layer at a point in time","parameterCategory":0,"parameterCategoryName":"UnknownDiscipline_0_Category_0","parameterNumber":0,"parameterNumberName":"UnknownParameter_D0_C0_0","parameterUnit":"Unknown","genProcessType":2,"genProcessTypeName":"Forecast","forecastTime":120,"surface1Type":1,"surface1TypeName":"Ground or water surface","surface1Value":0.0,"surface2Type":255,"surface2TypeName":"Missing","surface2Value":0.0,"gridDefinitionTemplate":0,"gridDefinitionTemplateName":"Latitude_Longitude","numberPoints":615,"shape":6,"shapeName":"Earth spherical with radius of 6,371,229.0 m","gridUnits":"degrees","resolution":48,"winds":"true","scanMode":64,"nx":41,"ny":15,"basicAngle":0,"lo1":47.0,"la1":41.0,"lo2":87.0,"la2":55.0,"dx":1.0,"dy":1.0}, "data":
[rows 0 to 14 of 15, columns 0 to 40 of 41]
290.50027,280.40027,288.30026,280.90027,280.70026,282.00027,287.40027,293.50027,290.70026,290.40027,288.40027,288.50027,287.80026,287.20026,286.50027,285.60028,284.60028,284.20026,286.90027,285.60028,285.90027,284.90027,283.50027,273.20026,279.00027,280.00027,272.90027,258.20026,254.70027,253.80026,256.90027,254.40027,260.80026,269.50027,270.20026,270.40027,270.80026,270.30026,270.80026,271.00027,270.20026
265.70026,290.70026,280.60028,280.10028,280.70026,281.30026,290.10028,288.30026,289.50027,289.60028,290.20026,286.00027,285.80026,287.70026,286.50027,284.60028,285.50027,284.60028,284.70026,285.10028,284.90027,283.30026,279.70026,270.70026,261.30026,259.90027,264.20026,261.30026,260.50027,257.90027,262.50027,255.00027,263.50027,246.30026,253.80026,261.60028,267.10028,267.90027,269.70026,263.60028,266.70026
283.40027,279.00027,280.00027,280.30026,280.50027,286.60028,287.80026,287.30026,284.50027,286.40027,286.30026,285.40027,285.40027,284.90027,280.10028,275.30026,279.50027,275.10028,279.30026,279.90027,280.10028,281.10028,280.50027,272.30026,276.40027,272.80026,271.00027,270.90027,272.00027,266.00027,260.60028,260.50027,262.50027,260.50027,259.50027,263.70026,256.30026,252.60027,256.70026,254.00027,252.50027
286.90027,276.00027,277.90027,279.10028,281.40027,287.10028,285.80026,283.20026,287.00027,284.40027,284.00027,284.00027,281.30026,281.90027,281.20026,274.60028,275.40027,274.20026,273.70026,275.00027,277.90027,272.70026,274.80026,274.10028,273.40027,273.40027,273.20026,273.00027,271.00027,271.60028,271.60028,268.60028,272.50027,269.80026,267.50027,262.60028,252.10027,248.70027,259.60028,266.30026,261.70026
282.80026,273.00027,271.90027,273.30026,278.00027,284.90027,285.50027,289.70026,283.60028,280.40027,279.50027,280.30026,279.20026,279.20026,278.30026,274.90027,274.50027,274.70026,274.70026,273.50027,275.50027,275.20026,273.00027,273.50027,272.90027,272.30026,271.90027,272.40027,272.70026,272.50027,272.50027,272.40027,259.90027,254.70027,262.90027,262.80026,260.50027,260.20026,264.40027,263.10028,261.30026
281.50027,281.90027,273.10028,273.00027,272.40027,272.90027,283.10028,283.60028,280.10028,279.00027,276.10028,276.30026,278.80026,279.30026,275.20026,275.90027,273.50027,273.60028,273.20026,273.50027,273.10028,273.60028,272.30026,272.10028,271.70026,270.90027,270.60028,270.20026,269.10028,267.90027,266.80026,269.20026,264.80026,264.30026,263.60028,264.40027,259.30026,260.10028,262.10028,259.40027,258.10028
281.70026,281.80026,284.80026,285.70026,276.90027,279.50027,280.50027,277.10028,275.60028,274.30026,274.50027,273.40027,273.60028,273.50027,274.00027,273.80026,273.30026,273.20026,273.20026,273.20026,273.20026,273.20026,272.40027,271.50027,270.00027,268.60028,267.10028,267.30026,261.70026,263.80026,259.40027,257.90027,259.10028,260.10028,261.40027,263.00027,261.90027,255.50027,255.30026,259.70026,265.60028
278.70026,278.80026,277.50027,279.30026,278.80026,276.50027,276.50027,275.10028,274.20026,273.30026,273.20026,273.10028,273.20026,273.20026,273.30026,273.20026,273.20026,273.20026,273.20026,272.80026,272.10028,271.60028,270.90027,270.50027,269.20026,266.70026,265.80026,265.30026,263.10028,259.60028,258.20026,257.70026,255.20027,259.40027,257.40027,255.60027,256.60028,259.00027,257.50027,260.70026,260.10028
276.80026,276.10028,276.00027,274.70026,273.70026,275.50027,274.60028,273.20026,273.20026,273.20026,273.20026,273.20026,273.20026,273.20026,273.20026,273.20026,273.20026,273.10028,273.10028,272.90027,271.80026,269.40027,269.40027,269.20026,268.00027,267.20026,265.30026,264.20026,262.00027,260.00027,259.40027,259.40027,263.90027,265.40027,261.50027,257.60028,258.30026,257.20026,249.30026,258.30026,257.70026
275.20026,274.50027,273.90027,273.30026,273.20026,273.20026,273.10028,273.20026,273.20026,273.20026,273.20026,273.20026,273.20026,273.20026,273.20026,273.20026,273.20026,273.20026,273.20026,273.10028,272.00027,269.90027,269.60028,269.10028,267.90027,267.00027,266.30026,265.20026,264.00027,262.90027,264.40027,267.30026,268.30026,266.20026,261.40027,262.00027,263.50027,259.50027,259.90027,258.10028,259.80026
273.20026,273.30026,273.80026,273.20026,273.20026,273.20026,273.10028,273.20026,273.20026,273.20026,273.20026,273.10028,273.20026,273.10028,273.20026,273.20026,273.10028,272.90027,272.90027,271.90027,271.30026,270.60028,268.70026,268.00027,267.30026,266.40027,264.70026,264.60028,265.20026,265.20026,265.70026,266.40027,265.80026,267.20026,265.10028,262.40027,265.00027,258.40027,261.50027,264.40027,264.00027
273.20026,273.20026,273.20026,273.20026,273.20026,273.20026,273.20026,273.10028,273.20026,273.20026,273.10028,273.10028,273.20026,272.90027,272.90027,271.00027,270.20026,269.90027,270.00027,269.60028,269.30026,268.50027,267.40027,267.10028,265.60028,264.40027,264.30026,265.60028,264.70026,262.60028,262.80026,261.90027,267.30026,266.40027,267.20026,266.60028,267.10028,267.30026,268.00027,268.50027,267.00027
273.20026,273.20026,273.20026,273.20026,273.30026,273.30026,273.20026,273.20026,273.20026,273.20026,272.50027,271.80026,271.40027,271.60028,269.90027,269.00027,268.90027,268.90027,268.70026,268.40027,268.00027,266.80026,265.90027,265.40027,265.30026,264.80026,264.30026,262.90027,261.00027,261.80026,262.50027,264.90027,267.40027,267.70026,265.50027,267.20026,268.00027,269.20026,269.00027,267.60028,268.70026
267.10028,267.80026,269.10028,268.70026,269.10028,269.30026,269.60028,269.50027,269.70026,270.80026,270.00027,267.00027,261.70026,264.20026,263.70026,264.90027,266.00027,266.10028,266.00027,265.60028,266.20026,266.20026,266.20026,265.60028,264.00027,261.60028,261.50027,261.80026,261.40027,261.90027,263.90027,265.20026,267.80026,266.80026,265.50027,265.90027,268.10028,269.20026,269.80026,268.90027,269.80026
262.30026,263.20026,265.40027,265.00027,265.70026,265.20026,264.90027,265.00027,265.40027,265.70026,266.70026,265.40027,264.30026,261.70026,263.30026,264.10028,264.10028,263.40027,263.50027,263.50027,263.90027,263.70026,263.50027,262.50027,261.20026,261.20026,260.50027,260.00027,260.90027,261.70026,262.50027,264.50027,267.60028,267.10028,266.80026,267.30026,268.20026,269.20026,270.20026,270.20026,270.10028
