wind.json
{"header": {"discipline":0,"disciplineName":"Meteorological products","gribEdition":2,"gribLength":1125,"center":7,"centerName":"US National Weather Service - NCEP(WMC)","subcenter":0,"refTime":"2023-05-30T00:00:00.000Z","significanceOfRT":1,"significanceOfRTName":"Start of forecast","productStatus":0,"productStatusName":"Operational products","productType":1,"productTypeName":"Forecast products","productDefinitionTemplate":0,"productDefinitionTemplateName":"Analysis/forecast at horizontal level/layer at a point in time","parameterCategory":2,"parameterCategoryName":"UnknownDiscipline_0_Category_2","parameterNumber":2,"parameterNumberName":"UnknownParameter_D0_C2_2","parameterUnit":"Unknown","genProcessType":2,"genProcessTypeName":"Forecast","forecastTime":120,"surface1Type":103,"surface1TypeName":"Specified height level above ground","surface1Value":10.0,"surface2Type":255,"surface2TypeName":"Missing","surface2Value":0.0,"gridDefinitionTemplate":0,"gridDefinitionTemplateName":"Latitude_Longitude","numberPoints":688,"shape":6,"shapeName":"Earth spherical with radius of 6,371,229.0 m","gridUnits":"degrees","resolution":48,"winds":"true","scanMode":64,"nx":43,"ny":16,"basicAngle":0,"lo1":45.0,"la1":40.0,"lo2":87.0,"la2":55.0,"dx":1.0,"dy":1.0}, "data":
[rows 0 to 15 of 16, columns 0 to 42 of 43]
-2.3486767,2.3113232,1.2613232,0.051323242,0.011323242,1.6113232,2.6513233,1.6913233,0.04132324,-0.34867677,4.4213233,1.5413232,0.04132324,-3.1286767,-2.2986767,-1.3786768,-0.38867676,-0.04867676,0.7513232,-0.04867676,-0.6786768,-0.15867676,-2.6186767,0.7013233,-0.53867674,-1.5286767,0.111323245,-0.32867676,-0.41867676,0.43132323,-0.15867676,0.04132324,-0.57867676,-2.5686767,-2.6586769,-3.5986767,0.71132326,-0.56867677,-0.5586768,-2.0486767,-3.1286767,-1.6486768,-3.5586767
1.3213233,3.8913233,-1.3586768,-0.75867677,1.6613232,-1.5886768,1.3913232,2.2313232,2.6713233,2.8413231,2.2513232,-1.9186767,-2.7986767,-3.0286767,-1.4786768,-1.7386768,-0.23867676,1.0913233,-0.60867673,-1.2486768,-2.1786768,-1.3586768,1.2413232,-2.1786768,-2.7386768,-3.0786767,0.14132324,-1.7786767,-3.5386767,-1.9986768,0.65132326,-0.29867676,-1.6286768,0.97132325,0.80132324,1.2713232,-2.8086767,2.0613232,-0.36867675,-2.8686767,-1.4486767,-2.3586767,-3.2586768
-0.31867677,-1.9686768,2.9913232,0.91132325,-3.2986767,-3.3586767,0.40132323,1.1413232,1.9413233,0.14132324,-0.95867676,-3.2586768,-2.1786768,-2.8786767,-1.8386768,-1.1486768,0.43132323,-0.8686768,0.15132324,-3.4386768,-1.8386768,-3.8386767,-2.8886766,-2.8086767,-0.7986767,-4.1786766,-0.6786768,-0.018676758,-0.91867673,-0.7386768,-2.2986767,-1.4186767,0.12132324,-0.40867674,-0.58867675,1.0113232,0.66132325,-0.63867676,-1.8586768,-1.8986768,-1.2886767,1.5113232,-2.3986769
-0.57867676,-0.5586768,-0.37867677,-2.1586769,-1.9786768,-0.85867673,2.3513231,2.7813232,2.4313233,0.8813232,-3.5186768,-3.1386766,-1.8186767,-2.2286768,-1.2486768,-1.3686768,-1.3186767,-2.0586767,-3.7586768,-3.7686768,-3.8286767,-3.5986767,-3.0286767,-3.0486767,-3.7886767,-3.9386768,1.0013232,1.5613233,-1.6586767,-1.1386768,-2.7086768,-0.51867676,-1.2286768,2.2413232,-0.7486768,-1.1386768,0.32132325,0.09132324,-1.7486768,0.08132324,-0.38867676,1.4513233,1.8313233
-3.0186768,-3.3486767,-3.4586768,-4.398677,-3.4686768,-2.8286767,-4.0786767,-1.8586768,1.5713233,-1.5086768,-2.1686769,-2.3986769,-1.5386767,-2.9786768,0.67132324,-2.0186768,-1.4286767,-2.8286767,-3.9086769,-4.208677,-4.1386766,-4.0386767,-2.9786768,-2.7686768,0.7013233,-1.5186768,-3.7986767,-4.108677,-3.9486768,-5.0386767,-1.5786767,-2.8086767,-2.9186769,-8.428677,-3.0486767,-2.7386768,-2.8086767,-2.3386767,-2.0186768,0.5013232,-0.18867676,-0.26867676,0.8813232
-2.8586767,-3.3686767,-3.8586767,-5.5786767,-5.4086766,-6.1386766,-4.278677,-4.7386765,-5.0586767,-3.9286768,-2.8086767,-0.50867677,-2.6486769,-1.8286767,-2.0686767,-1.8786768,-2.5886767,-3.4686768,-3.2286768,-3.7986767,-3.1286767,-3.4386768,-3.5486767,-4.3086767,-3.9986768,-3.5586767,-4.318677,-5.438677,-5.588677,-3.4686768,-3.9786768,-3.3386767,-1.2286768,-2.8986769,-2.2786767,-1.0786767,2.3713233,1.0313232,-1.4086767,-3.4786768,-2.4386768,-2.6886768,-3.0686767
-1.8986768,-2.4086769,-2.7986767,-3.1486769,-4.588677,-6.048677,-8.028677,-8.088676,-5.548677,-5.528677,-3.4886768,-2.0986767,-0.32867676,-0.40867674,0.43132323,-1.6086768,-0.89867675,-1.2386768,-2.9886768,-2.6786768,-4.188677,-2.8886766,-3.3386767,-3.9486768,-3.6286767,-4.4886765,-4.7186766,-4.978677,-3.7486768,-5.2186766,-4.048677,-4.4086766,-4.358677,-3.3086767,-3.9586768,-2.9986768,-1.1386768,-6.148677,-1.2686768,-3.3686767,0.34132326,-2.6686769,-3.8286767
-1.1186768,1.0713233,1.6813233,-1.1686767,-2.4786768,-3.4486768,-3.7686768,-5.7186766,-5.3486767,-3.9586768,-3.9086769,-1.8986768,-2.5186768,-4.5386767,-0.91867673,-0.44867676,0.61132324,-1.2686768,-2.5786767,-3.1786768,-3.9586768,-4.228677,-3.3786767,-3.2486768,-3.0586767,-2.9286768,-3.0086768,-3.6486769,-1.9686768,-3.7386768,-3.7586768,-5.998677,-5.4886765,-5.048677,-2.9286768,-5.338677,-4.2186766,-4.358677,-1.3486768,1.1713233,-2.8586767,1.2313232,1.3613232
-0.30867675,2.1013231,2.7213233,1.2113233,1.8913232,2.1313233,-2.8686767,-4.4086766,-4.5786767,-4.608677,-3.1386766,-2.4886768,-2.2686768,-0.91867673,-1.5786767,-0.72867674,-1.0586767,-1.1786767,-2.1486769,-2.9886768,-3.0886767,-4.708677,-3.2486768,-3.7186768,-2.9586768,-3.4186769,-2.0486767,-2.2586768,-3.8686767,-4.4486766,-3.5286767,-3.0086768,-3.8586767,-2.8186767,-5.668677,-1.5086768,-3.3786767,-0.72867674,1.7813232,3.0513232,0.30132324,1.0713233,-1.8686768
-0.72867674,1.8313233,3.5613232,0.77132326,-1.4486767,-3.1786768,-2.4886768,-2.6686769,-3.7286768,-4.0586767,-3.5486767,-1.9486767,-1.3286767,-1.3386768,-0.63867676,-0.19867676,-0.37867677,0.38132325,-2.0886767,-1.6686767,-2.6086767,-2.5786767,-3.6286767,-2.1386766,-2.7886767,-3.6286767,-3.5886767,-3.9386768,-2.9586768,-3.6886768,-1.8386768,-2.6486769,-2.6486769,-0.90867674,0.031323243,-0.95867676,-0.69867676,-0.8786768,0.04132324,-2.2486768,0.031323243,0.32132325,-1.1886767
-0.59867674,-0.018676758,0.90132326,3.0113232,0.58132327,-1.7686768,-2.2986767,-2.3886766,-2.3686767,-3.3286767,-2.7086768,-1.8086767,-0.8786768,-0.91867673,-0.58867675,-0.57867676,-1.2886767,1.1413232,-2.5486767,-1.7286768,-1.0386767,-2.0286767,-2.5886767,-1.9186767,-2.5186768,-3.6186767,-3.7386768,-4.378677,-3.2986767,-3.6686769,-2.6286767,-2.5886767,-1.7086768,-1.0886768,0.16132325,0.55132324,0.39132324,-1.0886768,-1.5486767,-0.31867677,-2.0886767,-0.39867675,-0.28867677
-0.29867676,1.0613233,1.3813232,1.6413232,2.3013232,-0.77867675,-1.4086767,-1.5686767,-1.8286767,-2.4786768,-1.0886768,-0.41867676,0.71132326,1.2413232,-0.6286768,-2.8386767,-0.48867676,-0.43867674,1.1313232,-0.97867674,-1.5786767,-1.0886768,-1.2186768,-1.4586768,-2.5286767,-2.5986767,-2.4086769,-3.0886767,-2.5086768,-1.0986768,-1.3586768,-0.81867677,-1.9686768,-1.9286767,-1.8086767,-1.4886768,-1.6786767,-0.9286768,-1.1086768,-0.89867675,-0.9286768,0.19132324,-0.59867674
1.7013233,2.9313233,2.2713232,3.1513233,1.6913233,2.7913232,-1.1986767,-0.59867674,-0.5586768,-0.56867677,-0.8786768,-0.82867676,-0.95867676,1.3113233,0.46132323,-2.0486767,-0.42867675,0.90132326,-1.0686767,0.6913232,-1.1886767,-1.1586767,-1.6686767,-0.9886768,-2.4386768,-1.7086768,-1.0786767,-0.56867677,-1.4986768,-1.2186768,-1.4386767,-1.1686767,-0.94867676,0.09132324,-0.81867677,-2.1986768,-1.8386768,-2.6586769,-2.7986767,-1.3086767,-0.82867676,-0.59867674,-0.6186768
2.8713233,3.1913233,3.4013233,3.9213233,2.5713232,3.9513233,2.8613234,-1.3786768,-0.8686768,0.61132324,-1.5786767,-0.7386768,-0.70867676,0.52132326,0.48132324,-1.8386768,-0.64867675,-0.10867676,-1.1986767,-0.27867675,0.32132325,-0.56867677,0.071323246,-0.81867677,-0.07867676,-0.96867675,0.6313232,0.24132325,0.33132324,0.72132325,-0.13867676,0.32132325,1.4613233,1.3813232,0.78132325,-0.11867676,-0.39867675,-1.2086768,-1.5486767,-1.2386768,-2.1186767,-1.4786768,-0.65867674
3.9413233,3.7613232,5.101323,5.271323,5.621323,4.6913233,4.6113234,2.4813232,-0.17867675,-0.71867675,0.67132324,0.13132325,-0.33867675,-0.38867676,1.4813232,1.5913233,0.91132325,-0.9386768,-0.66867673,-0.20867676,0.45132324,2.6613233,2.4213233,1.4913232,0.39132324,1.0613233,0.83132327,0.44132325,0.41132325,1.0213232,-0.58867675,-0.48867676,-1.6886767,-1.2586768,-0.59867674,-0.22867675,-0.098676756,0.17132324,0.021323241,-0.29867676,-0.44867676,0.15132324,-0.81867677
5.811323,5.271323,4.3013234,6.0913234,8.051323,4.581323,5.331323,3.9513233,0.21132325,-0.37867677,0.41132325,-1.3186767,-0.7486768,-0.29867676,0.7013233,0.85132325,0.16132325,0.79132324,1.1013232,1.9113232,1.5613233,1.9213233,2.4513233,2.6113234,0.74132323,0.6313232,0.84132326,0.99132323,0.9513233,1.6113232,0.6313232,1.0113232,0.36132324,0.36132324,0.24132325,0.13132325,0.9513233,1.0713233,0.7613232,-0.52867675,-1.4886768,-0.8086768,-0.9386768
