wind_kz.json
{"header": {"discipline":0,"disciplineName":"Meteorological products","gribEdition":2,"gribLength":871,"center":7,"centerName":"US National Weather Service - NCEP(WMC)","subcenter":0,"refTime":"2023-08-23T00:00:00.000Z","significanceOfRT":1,"significanceOfRTName":"Start of forecast","productStatus":0,"productStatusName":"Operational products","productType":1,"productTypeName":"Forecast products","productDefinitionTemplate":0,"productDefinitionTemplateName":"Analysis/forecast at horizontal level/layer at a point in time","parameterCategory":0,"parameterCategoryName":"UnknownDiscipline_0_Category_0","parameterNumber":0,"parameterNumberName":"UnknownParameter_D0_C0_0","parameterUnit":"Unknown","genProcessType":2,"genProcessTypeName":"Forecast","forecastTime":240,"surface1Type":1,"surface1TypeName":"Ground or water surface","surface1Value":0.0,"surface2Type":255,"surface2TypeName":"Missing","surface2Value":0.0,"gridDefinitionTemplate":0,"gridDefinitionTemplateName":"Latitude_Longitude","numberPoints":615,"shape":6,"shapeName":"Earth spherical with radius of 6,371,229.0 m","gridUnits":"degrees","resolution":48,"winds":"true","scanMode":64,"nx":41,"ny":15,"basicAngle":0,"lo1":47.0,"la1":41.0,"lo2":87.0,"la2":55.0,"dx":1.0,"dy":1.0}, "data":
[rows 0 to 14 of 15, columns 0 to 40 of 41]
292.20575,285.30576,289.20575,298.60577,298.60577,297.80576,296.00577,295.60577,293.40576,291.70575,291.40576,293.90576,293.40576,293.50577,293.30576,290.70575,289.90576,289.20575,289.10577,289.10577,290.00577,288.40576,286.60577,285.70575,288.10577,290.20575,288.30576,278.70575,277.90576,278.40576,278.00577,276.70575,286.40576,293.10577,297.70575,297.20575,294.20575,295.20575,295.30576,295.80576,296.90576
274.40576,288.80576,298.60577,298.50577,298.70575,297.30576,294.30576,293.70575,292.30576,290.00577,291.80576,292.00577,290.70575,288.90576,289.10577,290.10577,293.10577,289.60577,289.30576,288.50577,287.30576,288.90576,287.80576,284.00577,271.90576,274.50577,283.90576,277.20575,278.40576,275.40576,281.90576,271.60577,276.70575,265.30576,278.50577,293.80576,290.90576,293.50577,299.10577,290.90576,284.00577
290.50577,298.40576,298.90576,298.90576,297.40576,293.40576,292.60577,289.80576,288.90576,289.70575,291.00577,291.70575,288.50577,290.10577,291.40576,291.60577,290.30576,288.30576,289.20575,291.50577,291.00577,287.10577,292.10577,286.40576,287.40576,286.40576,286.50577,286.70575,286.60577,280.70575,273.60577,276.70575,280.20575,279.40576,281.80576,283.50577,279.90576,279.60577,281.70575,278.90576,276.90576
290.40576,299.30576,299.10577,298.10577,294.80576,292.10577,290.40576,291.30576,291.10577,291.90576,291.50577,290.90576,294.90576,294.20575,291.40576,291.50577,291.90576,292.00577,291.90576,289.80576,289.70575,286.60577,289.60577,289.70575,290.60577,290.40576,291.10577,289.70575,287.20575,287.30576,288.20575,286.60577,290.90576,287.30576,287.70575,285.30576,277.60577,278.30576,283.40576,289.90576,291.70575
293.10577,298.80576,299.10577,298.70575,295.60577,292.60577,293.40576,292.10577,291.00577,291.10577,290.80576,289.50577,294.70575,293.40576,291.20575,290.10577,290.90576,289.50577,288.30576,291.30576,290.70575,290.60577,290.20575,289.40576,288.20575,288.60577,288.10577,290.00577,288.60577,288.40576,290.10577,286.50577,279.60577,270.90576,281.10577,288.90576,291.30576,294.10577,296.10577,296.40576,295.40576
290.30576,288.90576,297.00577,297.90576,298.20575,297.40576,291.40576,292.80576,291.30576,291.20575,291.50577,290.80576,293.30576,294.10577,290.80576,287.90576,289.90576,289.40576,290.30576,290.40576,290.40576,289.20575,288.30576,288.70575,288.00577,286.30576,285.90576,292.70575,289.30576,289.60577,288.30576,288.90576,287.40576,284.30576,284.40576,288.30576,283.50577,287.00577,293.10577,295.60577,294.20575
290.70575,289.80576,291.00577,291.40576,292.00577,289.00577,289.10577,288.10577,289.50577,290.80576,289.50577,289.30576,288.90576,288.80576,288.90576,289.20575,288.40576,289.20575,289.30576,288.80576,287.20575,288.40576,288.40576,288.00577,287.20575,287.20575,286.00577,286.10577,286.00577,286.50577,287.10577,287.20575,287.90576,287.80576,286.50577,286.20575,285.30576,282.30576,282.50577,282.00577,291.90576
290.60577,289.00577,288.50577,288.00577,288.90576,287.80576,287.40576,286.40576,285.90576,286.40576,285.50577,285.60577,285.10577,286.20575,287.00577,287.60577,287.20575,287.30576,286.60577,283.90576,284.70575,285.40576,285.50577,286.00577,284.70575,281.50577,282.80576,284.30576,282.60577,285.00577,284.40576,285.20575,284.70575,283.00577,283.70575,284.20575,286.30576,289.20575,286.20575,288.80576,288.50577
288.10577,285.60577,285.70575,285.10577,286.10577,285.50577,283.90576,285.30576,284.30576,283.70575,283.10577,282.60577,281.90576,283.50577,284.10577,284.80576,284.50577,284.60577,284.20575,283.30576,281.70575,282.30576,283.70575,284.40576,282.80576,284.20575,281.20575,279.50577,281.40576,278.70575,279.80576,280.80576,282.70575,283.80576,282.40576,281.50577,283.40576,282.30576,274.70575,276.30576,279.30576
285.40576,285.80576,285.70575,285.50577,284.60577,285.00577,283.90576,284.50577,284.00577,281.40576,280.90576,280.90576,282.40576,285.40576,284.80576,282.30576,282.50577,282.30576,282.30576,282.50577,281.70575,282.40576,283.50577,284.00577,284.20575,285.70575,283.30576,284.50577,281.50577,281.40576,282.60577,285.20575,285.90576,286.50577,283.70575,281.80576,282.00577,279.80576,274.60577,279.00577,279.30576
285.00577,284.10577,284.10577,284.50577,283.40576,283.90576,284.60577,287.40576,286.50577,284.70575,283.50577,283.70575,280.70575,280.40576,280.70575,281.90576,283.70575,283.80576,282.00577,280.90576,281.20575,281.50577,282.00577,282.90576,283.20575,282.40576,283.80576,284.20575,283.70575,285.20575,285.20575,287.70575,286.30576,287.00577,285.60577,282.20575,279.70575,277.10577,276.60577,279.30576,279.70575
284.40576,284.60577,284.20575,283.80576,283.30576,283.10577,282.30576,286.40576,285.30576,283.90576,281.30576,281.20575,282.10577,282.10577,282.40576,283.00577,282.90576,282.80576,282.90576,281.80576,281.90576,279.60577,281.00577,284.20575,284.40576,284.40576,282.80576,284.10577,285.60577,285.90576,285.10577,284.30576,287.30576,284.90576,284.30576,283.20575,283.00577,281.60577,281.90576,280.80576,280.80576
280.70575,285.10577,283.00577,282.10577,282.40576,281.10577,280.20575,284.80576,283.40576,282.90576,280.00577,279.50577,281.60577,281.20575,282.20575,279.50577,282.10577,281.90576,282.50577,282.10577,281.50577,278.40576,281.40576,281.30576,284.00577,284.90576,286.30576,283.90576,283.90576,284.40576,284.50577,284.50577,283.90576,287.40576,286.20575,283.00577,282.10577,282.40576,281.80576,281.20575,281.60577
281.40576,285.70575,287.30576,285.50577,280.10577,279.20575,282.30576,283.40576,283.40576,281.80576,279.70575,278.50577,277.60577,281.40576,278.30576,278.60577,280.50577,281.20575,281.20575,281.10577,281.90576,281.60577,281.00577,283.20575,283.40576,284.70575,284.20575,282.30576,281.70575,282.30576,282.50577,282.80576,282.90576,284.20575,285.10577,283.90576,282.00577,281.40576,280.70575,280.20575,280.50577
280.50577,281.90576,290.20575,285.40576,285.10577,284.10577,284.30576,283.50577,284.30576,282.40576,280.40576,279.30576,278.60577,277.60577,279.80576,280.60577,281.10577,280.50577,280.80576,280.50577,281.60577,282.00577,281.40576,281.70575,282.30576,281.80576,281.20575,282.90576,281.50577,280.50577,282.10577,284.60577,283.00577,282.80576,283.70575,283.70575,282.40576,281.10577,280.50577,280.40576,280.70575
