wind_kz.json
{"header": {"discipline":0,"disciplineName":"Meteorological products","gribEdition":2,"gribLength":1025,"center":7,"centerName":"US National Weather Service - NCEP(WMC)","subcenter":0,"refTime":"2024-02-02T18:00:00.000Z","significanceOfRT":1,"significanceOfRTName":"Start of forecast","productStatus":0,"productStatusName":"Operational products","productType":1,"productTypeName":"Forecast products","productDefinitionTemplate":0,"productDefinitionTemplateName":"Analysis/forecast at horizontal level/layer at a point in time","parameterCategory":2,"parameterCategoryName":"UnknownDiscipline_0_Category_2","parameterNumber":3,"parameterNumberName":"UnknownParameter_D0_C2_3","parameterUnit":"Unknown","genProcessType":2,"genProcessTypeName":"Forecast","forecastTime":240,"surface1Type":103,"surface1TypeName":"Specified height level above ground","surface1Value":10.0,"surface2Type":255,"surface2TypeName":"Missing","surface2Value":0.0,"gridDefinitionTemplate":0,"gridDefinitionTemplateName":"Latitude_Longitude","numberPoints":615,"shape":6,"shapeName":"Earth spherical with radius of 6,371,229.0 m","gridUnits":"degrees","resolution":48,"winds":"true","scanMode":64,"nx":41,"ny":15,"basicAngle":0,"lo1":47.0,"la1":41.0,"lo2":87.0,"la2":55.0,"dx":1.0,"dy":1.0}, "data":
[rows 0 to 14 of 15, columns 0 to 40 of 41]
-0.6692987,-2.8492987,1.7007012,11.490701,7.070701,4.8507013,2.5607014,0.1707013,0.9907013,1.4807013,1.0407013,0.4607013,0.6307013,-0.109298706,-1.0492988,-1.0992987,-0.3092987,-1.4992987,-2.1692986,-0.4992987,0.5707013,0.08070129,-0.2192987,-2.2392988,-1.6092987,-2.1392987,-2.5592988,0.67070127,2.6107013,2.6107013,-3.9192986,-5.5392985,1.2607013,-1.6392987,-0.5392987,7.0129393E-4,-0.3392987,-0.34929872,-0.14929871,-0.6792987,-0.7592987
5.4007015,-0.4592987,-2.9592986,3.0907013,5.6007013,4.570701,1.7407013,1.9707013,1.8707013,2.4807012,1.3407013,1.2207013,1.0707012,0.6607013,-1.6992987,-0.109298706,-0.109298706,-1.6592987,-2.4992988,-1.5192987,-0.8692987,-1.5892987,1.3307014,1.8707013,-3.0392988,-3.1592987,-4.0892987,1.0407013,0.9007013,0.24070129,5.1207013,4.200701,-0.4292987,-2.6192987,-6.0192986,-3.3992987,-2.5492988,-0.9292987,0.3307013,-2.4492986,0.1507013
1.3007013,2.9207013,1.3707013,2.5407014,3.5207014,3.6207013,1.6907012,2.9007013,3.1707013,2.3907013,2.3307014,2.0307014,1.8707013,1.4307013,0.13070129,-0.16929871,0.5007013,0.37070128,0.2607013,0.3607013,0.1407013,-1.0692987,-1.6692986,-0.70929873,-0.2492987,1.0707012,0.3307013,0.12070129,0.13070129,1.8907013,3.6207013,1.9007013,2.9407012,-2.6792986,-0.7992987,1.0607013,4.6007013,-0.4892987,0.6607013,-1.2092987,-1.0292987
2.6207013,3.1107013,3.4107013,1.9707013,2.6307013,2.9307013,3.0107012,4.090701,3.2307012,3.5807014,3.1607013,2.0507014,2.6907012,2.7407012,1.6707013,1.0207013,0.3007013,-0.9092987,-0.8692987,-0.4492987,1.0907013,-1.1992987,2.9007013,0.40070128,0.100701295,-0.2192987,-1.1892987,-2.1292987,0.7707013,1.3307014,1.1907012,-0.8992987,-0.8892987,-0.1292987,-0.9792987,-3.7292986,-1.1292987,4.0007014,3.2007012,2.6707013,2.4107013
2.7907014,2.8207014,3.1807013,2.4407012,-0.76929873,2.2007012,3.2107012,2.3607013,4.0007014,3.8407013,3.7907014,3.1607013,2.7007012,3.2507012,2.9107013,2.0907013,0.98070127,-0.039298706,-1.0492988,-1.0292987,0.2307013,0.7207013,0.3507013,0.5507013,0.5707013,-0.3092987,0.1407013,-0.3892987,-0.40929872,-0.6692987,-1.5492988,0.7507013,2.6907012,2.4007013,-1.0692987,-2.0492988,-0.9792987,-0.8592987,0.6307013,-0.029298706,-0.5892987
3.7407012,2.9607012,2.6207013,3.1007013,2.9907012,2.0707014,1.1807013,3.0907013,2.9207013,3.0807014,3.2207012,3.5307014,2.9307013,3.3607013,3.3007014,3.0307014,2.5907013,2.4807012,1.0807014,0.19070129,0.1807013,1.9707013,2.2807014,0.2907013,0.7407013,0.1507013,-0.3092987,1.0207013,0.40070128,0.7107013,-1.0892987,-0.5992987,-0.119298704,0.9707013,1.9807013,-0.8692987,0.3307013,-0.3992987,-1.0692987,-2.2092986,-1.0292987
3.7507012,3.7707014,3.9207013,3.7807014,3.2507012,3.3607013,3.5207014,3.4707012,3.6207013,3.3807013,3.3507013,3.0207014,4.220701,3.7407012,3.5607014,4.0007014,3.9607012,2.6807013,2.8807013,2.1407013,1.5807014,1.9007013,2.3707013,2.6807013,2.1107013,1.7107013,0.5307013,0.4307013,1.1407013,2.3907013,1.0307013,0.040701292,1.4107013,0.7507013,0.3307013,-0.46929872,-2.5692987,0.6107013,-2.1292987,-2.0892987,0.100701295
4.3107014,4.2907014,3.9007013,3.7607012,4.3307014,3.9207013,3.9207013,4.2107015,4.0407014,3.6207013,3.9807012,3.5507014,1.9007013,1.7207013,2.5807014,3.7107012,4.050701,3.4807012,3.8807013,3.6307013,1.6007013,2.5507014,2.3707013,3.7807014,3.3507013,2.7107012,1.6507013,1.3507013,1.2807013,3.2307012,2.3207014,2.2807014,1.9407012,1.9607013,2.9607012,1.1207013,-0.109298706,-1.4592987,-1.2392987,-0.1792987,-2.1792986
2.3907013,2.9807012,3.6107013,3.7707014,3.6907012,3.7507012,3.9807012,3.8707013,3.6107013,4.070701,3.6007013,3.0607014,2.1307013,3.2307012,3.0207014,3.1307013,3.5607014,4.0607014,4.7107015,4.570701,3.2107012,1.8507013,3.3907013,3.2007012,4.3107014,4.4207015,3.4307013,2.9507012,3.2807014,2.1907012,3.9607012,3.8607013,4.4607015,3.8707013,3.2907014,2.5307014,-1.9292988,1.1707013,-1.1892987,-1.1592987,-3.5192988
-2.7992988,-1.7892987,-1.6692986,-0.6992987,-0.5892987,-0.2792987,2.1207013,3.3607013,3.9607012,3.4907012,3.5507014,3.7807014,3.1307013,2.4707012,2.6407013,2.5507014,3.3207014,3.9507012,4.200701,4.0807014,5.1407013,4.0407014,2.7407012,4.700701,4.990701,4.780701,4.800701,3.6907012,3.5907013,3.5707014,3.8507013,4.1607013,3.5007012,3.0107012,2.3107014,1.4707013,1.2407013,-3.3592987,0.7407013,5.1907015,4.3907013
-3.6392987,-3.1392987,-2.6692986,-3.2192986,-2.6192987,-2.0292988,-1.7792987,-1.8192987,-1.9192986,0.6907013,3.1007013,2.9307013,2.8907013,3.2007012,2.6707013,2.7607012,3.0607014,3.1707013,4.6707015,5.0407014,4.8907013,4.610701,3.8707013,4.630701,4.700701,5.050701,4.360701,5.010701,4.8507013,3.1907012,4.3107014,3.5707014,3.5807014,3.4607012,4.070701,1.7507013,1.6907012,3.1407013,1.9007013,1.8207012,0.07070129
-3.1392987,-4.219299,-3.9892988,-3.7692988,-3.1892986,-3.2892988,-2.9992988,-2.5292988,-3.8692987,-2.9392986,-1.3192987,-2.4892988,-0.8592987,-0.049298707,-1.1892987,-0.3592987,0.8007013,1.2807013,3.7307012,3.4307013,3.9307013,3.5107012,3.6807013,3.9107013,4.8107014,4.610701,5.9007015,4.740701,5.700701,5.090701,3.6707013,4.200701,3.1207013,3.1407013,3.2907014,1.8307014,2.1807013,2.9507012,2.5307014,1.9607013,1.0207013
-1.4592987,-2.5792987,-2.5892987,-2.8792987,-2.7492988,-1.9592987,-2.5992987,-3.6192987,-4.8092985,-3.2992988,-0.6192987,-1.1492987,-3.0092988,-3.9192986,-3.6792986,-4.8492985,-6.2492986,-7.0792985,-2.4992988,-0.049298707,1.3107013,2.4107013,2.8007014,3.2907014,3.5207014,4.1507015,4.450701,5.590701,5.590701,5.010701,4.8507013,4.2707014,3.1107013,2.1007013,2.9207013,3.0707014,2.4207013,0.8707013,2.0107012,1.2307013,0.7407013
-1.3792987,-2.1292987,-2.2492988,-2.0592988,-1.6192987,-1.4092987,-2.1092987,-2.0192988,-2.6592987,-3.1892986,-0.9792987,-0.9392987,-1.1492987,-0.9792987,-2.9092987,-3.5192988,-4.1292987,-4.1892986,-4.489299,-4.2092986,-2.3292987,-0.4792987,0.92070127,1.4707013,2.6507013,3.9507012,5.4407015,5.970701,5.5807014,5.570701,4.9007015,4.510701,3.8307014,3.8307014,1.8907013,2.4007013,1.5107013,0.2507013,0.4607013,1.5307013,1.6007013
0.07070129,-0.8092987,-1.4592987,-1.3092988,-1.6992987,-0.7992987,-0.3592987,-0.6192987,-1.1092987,-1.5192987,-1.0092987,0.050701294,1.0807014,-1.5092987,-3.0892987,-3.1992986,-3.4892988,-3.7592988,-4.0592985,-3.6192987,-4.4992986,-3.8192987,-1.1992987,0.5707013,2.4707012,5.070701,5.6407013,5.8907013,5.590701,5.220701,4.700701,4.7907014,3.2507012,3.3007014,3.0707014,3.0407014,1.9007013,2.2507012,1.4107013,2.0707014,0.6607013
