wind_kz.json
{"header": {"discipline":0,"disciplineName":"Meteorological products","gribEdition":2,"gribLength":871,"center":7,"centerName":"US National Weather Service - NCEP(WMC)","subcenter":0,"refTime":"2023-08-27T00:00:00.000Z","significanceOfRT":1,"significanceOfRTName":"Start of forecast","productStatus":0,"productStatusName":"Operational products","productType":1,"productTypeName":"Forecast products","productDefinitionTemplate":0,"productDefinitionTemplateName":"Analysis/forecast at horizontal level/layer at a point in time","parameterCategory":0,"parameterCategoryName":"UnknownDiscipline_0_Category_0","parameterNumber":0,"parameterNumberName":"UnknownParameter_D0_C0_0","parameterUnit":"Unknown","genProcessType":2,"genProcessTypeName":"Forecast","forecastTime":240,"surface1Type":1,"surface1TypeName":"Ground or water surface","surface1Value":0.0,"surface2Type":255,"surface2TypeName":"Missing","surface2Value":0.0,"gridDefinitionTemplate":0,"gridDefinitionTemplateName":"Latitude_Longitude","numberPoints":615,"shape":6,"shapeName":"Earth spherical with radius of 6,371,229.0 m","gridUnits":"degrees","resolution":48,"winds":"true","scanMode":64,"nx":41,"ny":15,"basicAngle":0,"lo1":47.0,"la1":41.0,"lo2":87.0,"la2":55.0,"dx":1.0,"dy":1.0}, "data":
[rows 0 to 14 of 15, columns 0 to 40 of 41]
294.1147,288.6147,293.2147,298.4147,298.1147,297.3147,296.1147,296.6147,294.9147,293.6147,293.3147,295.1147,294.4147,293.8147,292.9147,289.0147,291.0147,290.1147,289.8147,291.3147,293.9147,287.3147,287.4147,287.0147,287.6147,289.7147,287.7147,273.5147,271.2147,271.0147,269.6147,272.5147,282.7147,288.9147,291.0147,291.9147,294.6147,296.7147,298.0147,298.1147,296.4147
277.7147,292.9147,298.4147,298.5147,298.2147,296.8147,295.2147,294.8147,292.6147,292.2147,292.8147,292.2147,291.5147,289.8147,289.7147,290.2147,288.4147,289.2147,287.0147,287.2147,287.6147,289.1147,290.2147,283.1147,273.3147,273.0147,282.2147,273.4147,274.2147,271.2147,276.4147,268.3147,276.8147,258.3147,273.2147,288.9147,288.6147,294.3147,298.4147,290.2147,284.1147
294.2147,297.9147,298.8147,298.6147,297.0147,297.7147,294.5147,292.7147,292.1147,290.7147,290.7147,291.7147,287.5147,289.5147,289.3147,287.5147,288.5147,287.0147,286.1147,288.5147,291.3147,289.9147,290.0147,286.3147,287.0147,286.7147,287.9147,287.1147,287.9147,279.7147,270.4147,273.4147,279.6147,278.9147,283.9147,284.2147,276.5147,279.2147,280.9147,276.3147,275.7147
293.0147,297.9147,298.4147,297.7147,295.5147,297.4147,297.8147,296.4147,294.2147,293.5147,292.4147,291.7147,294.4147,293.7147,290.6147,287.6147,289.2147,287.7147,288.3147,288.0147,287.9147,285.9147,291.3147,291.4147,291.4147,291.5147,288.6147,288.3147,288.4147,288.1147,289.7147,285.2147,290.8147,286.2147,287.4147,287.0147,277.2147,276.0147,280.6147,288.0147,290.9147
296.2147,297.1147,297.7147,297.2147,296.1147,295.8147,296.3147,298.1147,297.3147,297.6147,296.9147,293.8147,294.1147,292.7147,290.6147,291.7147,292.0147,290.6147,288.3147,290.9147,289.7147,289.8147,288.4147,290.6147,289.2147,288.7147,289.1147,288.9147,290.3147,289.7147,291.6147,288.0147,278.4147,270.3147,279.4147,288.4147,292.5147,293.1147,293.3147,293.1147,293.3147
292.5147,290.3147,295.0147,295.5147,296.7147,296.0147,298.4147,298.9147,297.9147,297.7147,297.7147,296.5147,293.7147,293.8147,293.1147,291.9147,293.3147,292.8147,293.0147,293.0147,291.7147,291.3147,290.3147,289.0147,288.4147,286.8147,286.6147,292.1147,289.9147,291.0147,287.9147,289.4147,288.6147,285.4147,286.2147,288.7147,283.5147,285.9147,291.6147,291.1147,292.2147
292.2147,291.9147,292.9147,293.7147,293.7147,292.8147,294.4147,294.2147,295.0147,295.4147,294.7147,294.8147,294.9147,294.6147,294.7147,294.4147,294.2147,294.4147,293.6147,292.7147,292.4147,292.2147,291.9147,291.5147,289.4147,289.0147,287.8147,288.9147,288.9147,288.2147,289.2147,288.4147,287.6147,288.4147,288.1147,287.1147,284.4147,282.4147,277.8147,277.5147,287.1147
292.2147,291.7147,293.2147,292.8147,293.8147,293.8147,293.2147,292.6147,292.2147,292.7147,292.2147,294.1147,294.5147,293.0147,295.1147,295.2147,294.3147,294.1147,294.1147,291.4147,291.2147,291.1147,290.6147,290.5147,289.7147,286.7147,288.0147,287.8147,287.5147,288.4147,287.1147,289.0147,285.7147,282.5147,281.8147,285.1147,285.0147,289.2147,284.4147,284.5147,283.2147
289.5147,289.2147,289.9147,288.4147,290.7147,290.1147,288.8147,290.0147,289.6147,289.2147,289.3147,289.7147,289.7147,291.0147,290.9147,292.2147,292.7147,293.4147,293.5147,292.5147,290.4147,289.7147,290.0147,289.7147,288.4147,288.5147,286.8147,285.4147,285.6147,283.3147,285.3147,286.9147,289.9147,288.9147,287.3147,285.1147,283.7147,283.7147,272.9147,274.3147,272.7147
286.2147,286.6147,286.6147,286.8147,286.9147,287.0147,286.7147,286.7147,286.6147,286.2147,287.4147,289.4147,289.7147,290.6147,289.5147,289.6147,290.1147,290.7147,291.1147,292.9147,291.8147,291.5147,290.8147,290.7147,289.6147,287.9147,287.7147,287.0147,286.1147,286.5147,286.8147,289.2147,290.5147,290.9147,289.0147,286.1147,285.4147,280.8147,275.0147,277.4147,276.3147
283.5147,282.7147,282.7147,283.4147,283.8147,284.0147,285.9147,286.2147,284.0147,283.1147,283.1147,284.5147,286.7147,285.6147,285.8147,287.6147,287.2147,288.2147,290.1147,290.2147,289.5147,291.5147,291.0147,290.8147,290.5147,289.4147,288.4147,289.2147,289.1147,289.8147,290.8147,290.7147,290.9147,290.4147,291.0147,287.2147,284.8147,280.3147,277.4147,279.4147,278.2147
279.2147,281.3147,280.4147,280.0147,280.0147,280.4147,279.1147,279.4147,279.6147,279.0147,276.9147,279.6147,282.2147,282.4147,283.8147,283.6147,284.1147,283.9147,285.1147,285.6147,285.8147,286.6147,286.8147,287.7147,289.9147,289.6147,289.9147,290.4147,291.0147,291.6147,290.1147,289.5147,290.8147,289.0147,289.3147,287.4147,290.4147,286.2147,285.4147,285.7147,283.6147
277.4147,276.3147,278.5147,278.8147,277.7147,277.8147,277.0147,277.1147,276.3147,275.3147,273.9147,273.1147,277.8147,277.5147,280.3147,280.4147,280.6147,281.5147,283.5147,282.6147,281.8147,283.3147,283.1147,285.6147,285.0147,287.3147,288.3147,288.3147,289.1147,288.5147,289.0147,289.6147,289.3147,289.4147,290.0147,290.1147,289.0147,286.7147,287.6147,286.9147,285.7147
275.0147,277.1147,283.2147,276.7147,275.8147,275.4147,274.8147,275.1147,274.9147,279.1147,276.6147,272.3147,273.2147,275.6147,276.5147,277.1147,277.5147,277.1147,279.7147,280.1147,281.7147,282.1147,283.1147,283.8147,285.3147,287.8147,288.6147,287.9147,286.7147,286.3147,286.1147,285.6147,286.0147,285.0147,285.6147,285.3147,285.9147,285.7147,286.1147,285.7147,286.1147
275.7147,276.1147,289.2147,276.8147,276.6147,274.3147,275.0147,274.0147,275.7147,273.9147,273.7147,272.3147,272.3147,273.7147,274.3147,275.0147,275.0147,275.0147,276.1147,276.6147,278.3147,279.1147,280.9147,281.2147,282.6147,284.1147,284.9147,286.3147,286.6147,288.3147,287.2147,285.8147,285.8147,285.7147,284.9147,284.8147,284.7147,285.5147,285.7147,286.6147,286.0147
