wind.json
{"header": {"discipline":0,"disciplineName":"Meteorological products","gribEdition":2,"gribLength":1125,"center":7,"centerName":"US National Weather Service - NCEP(WMC)","subcenter":0,"refTime":"2023-06-29T18:00:00.000Z","significanceOfRT":1,"significanceOfRTName":"Start of forecast","productStatus":0,"productStatusName":"Operational products","productType":1,"productTypeName":"Forecast products","productDefinitionTemplate":0,"productDefinitionTemplateName":"Analysis/forecast at horizontal level/layer at a point in time","parameterCategory":2,"parameterCategoryName":"UnknownDiscipline_0_Category_2","parameterNumber":3,"parameterNumberName":"UnknownParameter_D0_C2_3","parameterUnit":"Unknown","genProcessType":2,"genProcessTypeName":"Forecast","forecastTime":60,"surface1Type":103,"surface1TypeName":"Specified height level above ground","surface1Value":10.0,"surface2Type":255,"surface2TypeName":"Missing","surface2Value":0.0,"gridDefinitionTemplate":0,"gridDefinitionTemplateName":"Latitude_Longitude","numberPoints":688,"shape":6,"shapeName":"Earth spherical with radius of 6,371,229.0 m","gridUnits":"degrees","resolution":48,"winds":"true","scanMode":64,"nx":43,"ny":16,"basicAngle":0,"lo1":45.0,"la1":40.0,"lo2":87.0,"la2":55.0,"dx":1.0,"dy":1.0}, "data":
[rows 0 to 15 of 16, columns 0 to 42 of 43]
2.4255323,-0.43446776,-0.40446776,0.76553226,1.0155323,2.2955322,-0.6444678,-2.6544678,-3.1344678,-5.084468,-3.6744678,-3.0344677,-4.7444677,-5.334468,-6.2444677,-7.934468,-7.874468,-4.9044676,-4.774468,-2.9444678,-2.4144678,-0.6444678,1.2855322,-3.8644679,-3.584468,-2.5744677,-3.1544678,-4.3244677,-2.1944678,2.6955323,4.5755324,2.3155322,3.1255322,2.5955322,-0.49446777,0.7355322,1.4855323,2.2655323,0.31553224,-0.8844678,-0.85446775,-0.9944678,0.44553223
-1.4144678,-0.5044678,1.6255323,2.1055322,-0.79446775,0.05553223,1.6355323,-0.7544678,-2.8744678,-3.8644679,-4.1144676,-5.144468,-6.454468,-7.794468,-5.544468,-5.7444677,-6.4944677,-6.084468,1.7355323,0.17553222,-0.15446778,-0.8744678,-1.3044678,0.34553224,1.5055323,0.7455322,2.3055322,0.95553225,0.9955322,-0.5644678,-1.9844677,-1.0444678,1.4455322,3.2255323,-0.14446777,4.105532,2.8055322,1.8655323,0.95553225,1.6855322,-0.34446776,-0.42446777,-1.4244678
-0.72446775,2.8455322,0.12553222,1.7255322,-4.1344676,-3.9944677,-0.054467775,-0.83446777,-3.9444678,-3.4144678,-3.5944679,-5.064468,-6.0344677,-7.314468,-7.1944675,-5.1544676,-4.9044676,-5.504468,-0.094467774,0.33553222,-1.2644677,-2.8244677,-0.13446778,1.3655323,1.7455323,-0.13446778,2.6455321,3.1555321,3.3755322,0.10553223,-1.2944678,1.0455322,-2.0444677,0.27553222,0.95553225,-1.6344677,-0.8744678,2.8755322,0.91553223,5.165532,1.3855323,1.7555323,-1.0144677
-2.4644678,-2.1244678,-1.4044678,-3.1444678,-2.8944678,-2.2744677,-1.4744678,-0.7644678,-1.8544677,-2.7444677,-2.5344677,-4.254468,-5.704468,-6.7644677,-7.564468,-6.584468,-4.704468,-5.8444676,0.9855322,-0.16446777,-1.4744678,-0.11446777,-1.8144678,0.23553222,2.1355321,1.6455323,-2.584468,-2.4944677,-0.9444678,-2.2444677,-0.36446777,-0.9244678,-2.834468,1.3955323,-0.124467775,1.8455322,0.78553224,-1.5444678,-3.7544677,1.0055323,-2.1644678,-1.2744678,-0.024467774
-0.35446778,-0.8144678,-1.3144678,-2.2644677,-2.7844677,-2.4644678,0.09553222,-1.4644678,-3.2644677,-2.6044679,-2.1044679,-2.6944678,-4.3244677,-5.834468,-6.2244678,-6.4444675,-5.7444677,-3.8944678,0.52553225,-0.96446776,1.0955322,1.1055322,-2.9344678,-1.8344678,2.6755323,2.6255322,1.7555323,-0.30446777,-1.0044677,-1.5044677,-2.0044677,-1.7844678,2.8955321,1.5455322,1.1655322,0.6955322,0.90553224,1.7755322,2.1355321,1.0355322,-4.4044676,-3.4144678,-4.044468
-2.2644677,-2.7244678,-2.5044677,-2.5044677,-1.8844677,-2.8644679,-3.1844678,-1.8444678,-1.1244677,-1.2944678,-1.6144677,-2.1344678,-2.9744678,-5.7244678,-5.834468,-6.2844677,-4.144468,-1.8844677,2.8555322,1.3455322,1.8355322,1.4055322,4.585532,3.8955321,3.2655323,2.6255322,2.4655323,2.8455322,0.28553224,-0.19446777,-1.7544677,-3.4244678,-5.004468,-5.794468,-1.7244678,-2.8944678,0.66553223,2.3855321,1.8955323,1.7055322,0.18553223,-2.1144679,0.70553225
-1.9744678,-2.4244678,-3.4244678,-2.8944678,-2.3744678,-2.9544678,-2.5144677,-1.7144678,-1.0244678,-0.7044678,-1.5644678,-1.3144678,-1.8644677,-4.104468,-6.6144676,-3.0744677,-4.0744677,2.1155322,0.90553224,4.6555324,4.855532,5.475532,5.7755322,4.3855324,4.4455323,4.015532,4.355532,3.2155323,2.0055323,-5.184468,-0.91446775,-2.6044679,-4.984468,-5.7644677,-4.6544676,-5.3444676,-3.7844677,-0.91446775,-3.7944677,-3.7744677,-2.4744678,3.1555321,4.085532
-2.2844677,-2.7444677,-3.8744678,-3.584468,-2.2644677,-1.9744678,-1.2044678,-1.8344678,-1.4444678,-1.4344678,-0.6244678,-0.10446777,-0.6744678,-3.0344677,-5.684468,-3.8144677,1.5655322,6.7555323,5.185532,5.8655324,6.6555324,6.6755323,5.7155323,5.285532,5.645532,5.5955324,4.7155323,4.185532,3.5855322,4.0955324,1.3155322,-1.4244678,-2.3844678,-3.6644678,-5.4744678,-1.5144677,0.33553222,2.0455322,0.48553222,-1.9544678,-3.2344677,0.6055322,-9.4844675
-1.9544678,-2.4144678,-3.7444677,-4.3244677,-2.5644677,-1.2144678,-1.2044678,-1.5144677,-1.5244678,0.5555322,0.7355322,0.6155322,1.2855322,-2.8544679,-4.684468,-0.014467773,1.4355322,3.8255322,5.515532,8.915532,8.235532,7.995532,6.955532,5.8455324,5.2755322,5.795532,4.185532,4.645532,4.7755322,3.6055322,1.7155322,-0.71446776,-0.9544678,-1.4844677,-3.1044679,-4.624468,-4.124468,-2.8244677,-2.4944677,-1.7744678,1.0755322,-0.35446778,1.3255322
-2.0044677,-2.5244677,-3.1744678,-4.354468,-2.9844677,-1.3244678,-1.8344678,-1.5344678,-0.15446778,1.1555322,1.7255322,2.1455321,1.6755322,-2.4944677,-3.2844677,1.1855322,2.2555323,3.0555322,5.395532,6.6355324,9.185533,8.315533,8.445532,6.875532,5.7155323,5.1155324,3.7855322,3.8855321,4.3055325,3.3555322,1.8555322,1.2555323,0.83553225,-1.4944677,-2.2444677,-3.5144677,-4.3844676,-4.984468,-3.1744678,-4.2444677,-4.564468,-2.8644679,-1.4744678
-1.6944678,-2.2744677,-2.2644677,-2.7344677,-2.8044677,-1.3544677,-1.1844678,-1.0844678,0.085532226,0.8555322,1.7555323,3.1855323,1.8955323,-1.2344677,-1.7144678,-1.6144677,3.7155323,-2.7544677,4.8055325,8.075532,7.995532,8.675532,8.155532,7.205532,5.185532,3.5955322,2.7755322,3.6055322,2.8555322,2.4555323,1.6555322,2.3255322,2.2655323,0.53553224,-1.6644678,-2.4644678,-4.484468,-3.7944677,-1.0544678,3.0955322,-3.2144678,-2.8544679,-0.8744678
-0.9944678,-1.8944678,-1.9544678,-1.3344678,-2.6744678,-0.73446774,-0.124467775,0.05553223,-1.0044677,0.33553222,3.1855323,4.125532,2.1355321,-1.1444678,-2.5644677,-1.7844678,3.9055321,4.4455323,3.1055322,3.1855323,5.6555324,8.225533,7.2755322,7.2755322,6.0755324,4.545532,2.9655323,4.0555325,4.495532,4.1355324,3.0255322,3.2655323,2.8755322,1.7655323,-0.124467775,-2.0944679,-2.1744678,-4.964468,-3.6544678,-1.8144678,-0.49446777,0.33553222,-0.85446775
-0.43446776,-1.2744678,-0.6444678,-0.16446777,-1.9644678,-0.35446778,-0.45446777,0.76553226,1.5255322,2.9555323,3.3755322,3.7855322,2.5455322,0.48553222,0.16553223,1.0455322,1.4455322,-0.2544678,-0.45446777,0.32553223,3.9955323,7.355532,7.625532,7.185532,6.265532,5.2155323,4.625532,4.295532,5.395532,5.1955323,4.335532,3.8455322,2.8255322,2.6155322,0.6955322,-1.6844678,-1.1144677,-1.8044678,-2.7644677,-2.8244677,-2.7744677,-2.7544677,-1.2544677
0.53553224,0.6755322,-0.5544678,-1.0044677,-0.96446776,0.025532227,0.89553225,0.9455322,2.4655323,3.6955323,4.975532,4.9255323,2.0255322,0.64553225,0.6955322,3.6255322,5.335532,8.485532,5.5555325,1.7755322,3.7455323,6.4055324,8.175532,7.8255324,6.9055324,6.165532,6.1155324,5.6755323,5.1555324,4.645532,4.5955324,4.2355323,3.2355323,3.3955321,1.1955322,-1.1844678,-0.8244678,-3.0644677,-0.77446777,-0.6744678,-1.7744678,-2.2444677,-0.22446777
1.0555322,1.1855322,0.41553223,-1.1544678,-0.6344678,0.12553222,1.0655322,1.9355322,2.7355323,3.9655323,4.4455323,4.4855323,2.5755322,0.11553223,0.26553223,5.335532,4.5755324,6.8055325,5.145532,4.975532,6.295532,7.585532,6.9655323,6.625532,6.605532,5.955532,6.065532,6.6155324,6.605532,5.785532,4.765532,4.6755323,3.3755322,3.0055323,0.83553225,-1.7744678,-1.0544678,-1.7244678,-1.3844677,-0.44446778,-0.014467773,-2.6244678,-2.5444677
1.2855322,2.1855323,1.4355322,-0.52446777,-0.07446777,0.07553223,1.3455322,2.1355321,2.7755322,4.2555323,4.475532,4.265532,2.2955322,1.5355322,1.9455322,3.2355323,4.185532,5.3255324,6.4455323,6.065532,6.815532,7.015532,6.815532,6.5955324,6.415532,6.6355324,6.4655323,6.225532,5.935532,5.4255323,4.7155323,3.9555323,3.0455322,1.9055322,0.12553222,-0.66446775,-0.8644678,-1.7044678,-0.97446775,-1.4844677,-2.084468,-3.2044678,-1.7944678
