wind_kz.json
{"header": {"discipline":0,"disciplineName":"Meteorological products","gribEdition":2,"gribLength":1025,"center":7,"centerName":"US National Weather Service - NCEP(WMC)","subcenter":0,"refTime":"2024-04-08T00:00:00.000Z","significanceOfRT":1,"significanceOfRTName":"Start of forecast","productStatus":0,"productStatusName":"Operational products","productType":1,"productTypeName":"Forecast products","productDefinitionTemplate":0,"productDefinitionTemplateName":"Analysis/forecast at horizontal level/layer at a point in time","parameterCategory":2,"parameterCategoryName":"UnknownDiscipline_0_Category_2","parameterNumber":2,"parameterNumberName":"UnknownParameter_D0_C2_2","parameterUnit":"Unknown","genProcessType":2,"genProcessTypeName":"Forecast","forecastTime":180,"surface1Type":103,"surface1TypeName":"Specified height level above ground","surface1Value":10.0,"surface2Type":255,"surface2TypeName":"Missing","surface2Value":0.0,"gridDefinitionTemplate":0,"gridDefinitionTemplateName":"Latitude_Longitude","numberPoints":615,"shape":6,"shapeName":"Earth spherical with radius of 6,371,229.0 m","gridUnits":"degrees","resolution":48,"winds":"true","scanMode":64,"nx":41,"ny":15,"basicAngle":0,"lo1":47.0,"la1":41.0,"lo2":87.0,"la2":55.0,"dx":1.0,"dy":1.0}, "data":
[rows 0 to 14 of 15, columns 0 to 40 of 41]
-2.7443848,0.66561526,0.24561523,1.6856152,1.4756153,2.6056151,6.7356153,2.2356153,0.8956152,0.31561524,2.4656153,1.8756152,0.74561524,0.50561523,1.0356152,-0.26438478,1.5756153,-3.3443847,0.015615234,-0.80438477,-3.5343847,2.1556153,3.1356153,3.3556151,3.1656153,5.5556154,3.5956151,2.9656153,0.54561526,-2.9743848,-1.0743848,-1.4343848,-2.3043847,-2.9643848,-3.3043847,-0.9243848,1.3456153,2.9056153,3.0156152,4.065615,5.395615
-1.4043847,1.6556152,0.68561524,1.6956153,2.2856152,3.1656153,0.62561524,1.2256153,3.3456151,3.0756152,3.2756152,2.9056153,3.3556151,2.6456153,0.035615236,1.3356153,0.79561526,1.3656152,0.40561524,1.0956153,-1.3643848,1.7256153,-0.29438478,0.75561523,0.23561524,-0.46438476,0.14561523,1.4656153,2.3056152,-0.40438476,-0.034384765,-1.1443847,-0.9643848,-0.95438474,0.41561523,2.6656153,2.9956152,2.7756152,2.4156153,-0.36438477,0.23561524
-0.13438477,1.3756152,0.80561525,1.9456153,3.1356153,6.0156155,4.6156154,0.025615234,1.7256153,1.0056152,3.3756151,5.1556153,4.1156154,3.9756153,1.4056152,2.9056153,2.7356153,0.8256152,1.8356153,1.3956152,1.5856153,2.5856152,2.0556152,2.8356152,0.39561522,-0.7343848,-1.2643847,0.87561524,3.2556152,-1.0843848,0.29561523,-1.6543847,-0.5443848,0.24561523,-5.164385,-0.56438476,0.69561523,-0.42438477,5.4456153,3.4056153,-1.2043848
-0.30438477,-2.7143848,-0.48438478,1.5456152,4.955615,4.355615,1.0156152,2.4556153,1.4456153,1.6956153,1.8356153,-4.064385,-3.5243847,-1.9343848,2.0756152,4.315615,4.335615,3.7956152,2.4556153,2.7356153,2.6856153,3.1456153,-0.9843848,0.8256152,1.0256152,2.6356153,3.5056152,1.6856152,-1.0843848,-0.0043847654,-0.74438477,0.55561525,3.7356153,-0.9143848,1.5356152,2.0656152,0.60561526,1.4156152,-0.8643848,1.5556152,2.1856153
3.2856152,-2.5943847,-3.8943849,-2.4543848,-0.104384765,2.9856153,1.5156152,0.60561526,-0.57438475,1.4556153,2.1156151,4.5556154,-0.25438476,-0.38438475,1.8856152,6.045615,5.5156155,4.9256153,5.1556153,3.9056153,3.3756151,3.2856152,2.7056153,3.3456151,2.7556152,2.4856153,3.5856152,1.8856152,2.5756152,2.3956153,1.7056153,1.3956152,1.0756153,1.4156152,-3.2843847,-1.2443848,7.395615,-1.3243848,2.5956151,2.3456151,3.3256152
0.28561524,-1.5943848,-3.8043847,-2.8643847,-0.70438474,0.36561525,2.5156152,3.6856153,3.8956153,4.8856153,4.4856153,3.9456153,1.5556152,1.6856152,1.4956152,5.505615,5.8256154,6.085615,6.0756154,6.085615,5.255615,5.275615,5.495615,4.335615,4.5956154,3.2356153,1.7456152,-1.3843848,3.6856153,2.7856152,0.91561526,1.5756153,1.1956153,-1.0743848,-1.8143848,-0.054384764,0.6456152,2.8356152,6.9456153,4.545615,3.0456152
-2.5843847,-0.88438475,0.45561522,0.72561526,1.3756152,1.4356152,1.5056152,2.7556152,4.1356153,4.3656154,5.025615,4.8656154,5.4856153,4.795615,3.5256152,3.0256152,4.525615,5.935615,6.455615,6.475615,6.4656153,6.0156155,6.335615,5.0956154,4.7856154,4.0956154,2.6356153,2.1556153,1.9256152,3.1456153,3.2356153,2.5656152,2.9056153,4.185615,0.39561522,0.72561526,1.0556152,0.67561525,1.0456152,-0.93438476,4.245615
-1.7643847,-1.7243848,-1.0543847,-0.20438476,-0.27438477,0.48561522,0.7156152,2.0656152,2.8556151,4.5756154,5.2856154,5.065615,5.125615,6.185615,5.2356153,4.505615,4.1356153,4.3656154,4.0156155,5.025615,7.005615,7.1156154,5.545615,5.2856154,5.065615,4.3056154,5.295615,3.4156153,3.1256151,3.4156153,3.8456151,4.495615,3.2756152,2.5456152,3.1256151,6.2356153,-1.8443848,-1.4843848,3.3756151,5.645615,5.475615
-1.5243847,-0.9743848,-0.15438476,0.12561524,0.06561524,0.8356152,0.80561525,2.0356152,3.1556153,3.7656152,4.5156155,5.565615,4.545615,5.995615,4.4656153,3.8356152,4.4256153,4.045615,4.3256154,5.255615,6.495615,8.175615,7.7156153,6.1156154,6.5156155,7.0356154,5.0756154,5.7156153,5.585615,5.565615,6.4456153,6.045615,5.475615,4.2356153,3.8456151,0.8956152,-0.13438477,1.3856152,0.55561525,0.5156152,-0.31438476
-0.99438477,-0.63438475,-0.08438477,-0.17438477,0.16561523,0.9056152,1.4756153,0.8856152,1.9756153,2.4656153,3.5456152,4.455615,4.1356153,5.5756154,3.9956152,5.775615,4.685615,5.9656153,5.475615,6.0556154,6.995615,7.7856154,8.195615,9.885615,7.545615,7.665615,7.005615,5.355615,5.8256154,5.6956153,7.2356153,7.0156155,2.4756153,3.0056152,2.2356153,1.4056152,-2.5443847,-0.7143848,-1.4243847,1.5956153,0.6356152
-0.7243848,-0.63438475,-0.17438477,0.17561524,-0.12438477,0.7656152,-0.09438477,1.2456152,1.4456153,1.6756152,2.1856153,3.5756152,4.1956153,5.7356153,6.0956154,5.025615,6.455615,6.505615,7.045615,4.5756154,7.375615,5.105615,8.025616,8.175615,5.335615,4.895615,5.645615,7.2356153,7.565615,5.145615,7.3456154,6.3856153,3.8056152,2.8956153,3.9556153,1.1956153,-1.0643848,1.3356153,1.2156153,1.2556152,0.39561522
-1.1243848,-1.3843848,-0.64438474,-0.87438476,-0.044384766,-2.3043847,-0.8643848,0.115615234,-2.0843847,-2.0243847,-1.7543848,-1.8243848,-3.7143848,-2.1243849,-0.7143848,-1.3743848,-2.1143847,-3.6443849,-4.184385,-1.8943847,-1.7343848,-3.3643847,-4.0143847,-4.244385,-4.244385,-4.184385,-2.4243848,-0.74438477,-0.45438477,0.81561524,1.7356153,1.0256152,5.4056153,-0.9143848,7.245615,1.3256153,2.9956152,6.3056154,4.755615,4.0956154,1.4256152
-1.1343848,-1.5243847,-0.9843848,-1.6843848,-2.9343848,-2.0643847,-2.0843847,-1.1443847,-0.63438475,-2.0343847,-3.2843847,-3.7843847,-3.6243849,-4.6943846,-3.9943848,-3.2843847,-2.3843849,-4.7643847,-4.814385,-4.204385,-3.4143848,-2.8543847,-2.9743848,-2.7243848,-3.7343848,-3.4443848,-2.5143847,-1.8443848,-2.4743848,-1.0843848,-1.5243847,0.17561524,1.4756153,2.6256151,2.9656153,5.875615,4.895615,3.3956153,6.375615,9.085615,2.8556151
-1.8543848,-2.4643848,-1.4743848,-2.4743848,-2.5143847,-3.6743848,-3.9643848,-2.6343849,-1.0143847,-1.8943847,-2.1643848,-3.6243849,-3.9243848,-3.0843847,-3.1043847,-3.3543847,-3.9443848,-4.604385,-4.774385,-4.3243847,-3.7243848,-3.4243848,-3.1843848,-2.2543848,-2.5143847,-2.1643848,-2.1143847,-1.5943848,-0.75438476,-0.94438475,-0.8543848,0.55561525,0.32561523,1.1456152,0.73561525,2.0656152,1.8156152,2.4156153,5.5556154,4.6956153,4.8256154
-1.7643847,-1.9243847,-1.4743848,-2.8443847,-3.0643847,-3.2543848,-3.1643848,-3.9543848,-1.2043848,-3.3343847,-3.3943849,-4.144385,-3.1543849,-3.4443848,-4.1943846,-4.0743847,-4.0543847,-4.544385,-4.3443847,-4.1943846,-3.5943847,-3.4243848,-2.6343849,-2.0243847,-2.2943847,-1.5243847,-1.5443847,-0.9643848,0.34561524,0.19561523,0.60561526,0.5256152,0.72561526,0.60561526,2.1656153,1.4756153,1.2156153,1.8256153,2.4256153,1.9056152,2.6356153
