wind.json
{"header": {"discipline":0,"disciplineName":"Meteorological products","gribEdition":2,"gribLength":1039,"center":7,"centerName":"US National Weather Service - NCEP(WMC)","subcenter":0,"refTime":"2023-06-29T06:00:00.000Z","significanceOfRT":1,"significanceOfRTName":"Start of forecast","productStatus":0,"productStatusName":"Operational products","productType":1,"productTypeName":"Forecast products","productDefinitionTemplate":0,"productDefinitionTemplateName":"Analysis/forecast at horizontal level/layer at a point in time","parameterCategory":0,"parameterCategoryName":"UnknownDiscipline_0_Category_0","parameterNumber":0,"parameterNumberName":"UnknownParameter_D0_C0_0","parameterUnit":"Unknown","genProcessType":2,"genProcessTypeName":"Forecast","forecastTime":0,"surface1Type":1,"surface1TypeName":"Ground or water surface","surface1Value":0.0,"surface2Type":255,"surface2TypeName":"Missing","surface2Value":0.0,"gridDefinitionTemplate":0,"gridDefinitionTemplateName":"Latitude_Longitude","numberPoints":688,"shape":6,"shapeName":"Earth spherical with radius of 6,371,229.0 m","gridUnits":"degrees","resolution":48,"winds":"true","scanMode":64,"nx":43,"ny":16,"basicAngle":0,"lo1":45.0,"la1":40.0,"lo2":87.0,"la2":55.0,"dx":1.0,"dy":1.0}, "data":
[rows 0 to 15 of 16, columns 0 to 42 of 43]
294.02057,291.12054,305.82056,314.72055,320.82056,297.02057,296.22055,294.62054,314.82056,318.02057,323.12054,320.62054,319.42056,322.32056,324.72055,323.42056,321.92056,322.32056,321.12054,320.52057,318.02057,317.42056,316.32056,317.42056,315.42056,313.42056,312.12054,303.32056,301.42056,297.42056,303.12054,320.12054,318.22055,319.72055,323.22055,321.62054,317.32056,307.92056,308.82056,317.02057,315.52057,327.42056,329.82056
289.92056,308.22055,308.82056,296.32056,304.62054,296.02057,295.92056,294.52057,310.92056,319.42056,320.02057,325.52057,318.32056,321.12054,315.62054,320.32056,321.62054,323.62054,323.12054,318.72055,324.32056,321.02057,325.82056,317.52057,314.42056,312.72055,316.32056,316.02057,313.22055,292.82056,295.52057,296.42056,296.32056,298.82056,313.42056,318.72055,316.82056,313.12054,308.82056,315.12054,317.02057,321.72055,330.22055
295.92056,290.22055,288.02057,302.52057,296.42056,296.02057,295.62054,293.72055,322.82056,321.32056,318.92056,317.82056,316.82056,316.82056,316.82056,316.12054,320.52057,324.42056,324.02057,323.72055,323.52057,324.22055,323.52057,318.22055,320.12054,306.12054,297.62054,295.02057,299.72055,296.92056,297.12054,289.42056,295.92056,282.02057,302.32056,273.22055,292.62054,302.42056,303.72055,309.22055,313.92056,302.92056,287.02057
295.02057,297.72055,304.82056,296.52057,296.32056,296.02057,295.22055,314.92056,315.02057,318.42056,315.22055,314.22055,315.82056,317.42056,315.32056,318.02057,318.02057,324.22055,324.32056,321.52057,322.02057,323.52057,328.62054,318.12054,317.32056,309.52057,315.42056,315.12054,313.82056,310.42056,309.02057,293.52057,290.92056,283.82056,295.92056,292.92056,300.42056,297.52057,288.12054,288.82056,295.22055,294.32056,288.32056
304.82056,309.32056,310.42056,297.32056,297.22055,296.42056,299.72055,313.52057,315.62054,318.92056,317.22055,317.02057,315.52057,314.82056,294.42056,294.12054,318.72055,324.32056,319.02057,324.02057,322.92056,323.72055,315.02057,313.42056,319.82056,318.52057,320.02057,319.72055,321.02057,314.72055,314.52057,313.42056,313.32056,310.62054,312.92056,309.22055,308.42056,305.42056,289.02057,291.62054,289.02057,308.32056,314.12054
309.42056,312.12054,315.12054,297.52057,297.22055,298.02057,305.32056,315.62054,319.32056,323.82056,318.42056,316.42056,316.62054,314.02057,295.02057,294.52057,292.02057,319.32056,320.32056,316.42056,314.22055,315.12054,317.72055,320.42056,321.22055,321.42056,322.32056,322.92056,320.42056,311.72055,318.72055,316.42056,316.82056,310.12054,292.32056,287.22055,298.12054,310.12054,307.82056,321.22055,319.82056,317.12054,312.12054
308.22055,311.42056,314.62054,311.32056,298.22055,297.12054,296.92056,296.62054,321.42056,319.82056,318.02057,314.92056,315.12054,314.02057,296.62054,293.92056,305.42056,315.42056,319.12054,317.72055,317.42056,317.52057,316.92056,315.82056,318.42056,321.62054,322.32056,325.52057,323.82056,291.22055,317.52057,318.72055,318.62054,314.52057,312.92056,310.22055,304.42056,303.32056,297.92056,298.32056,314.22055,321.32056,310.12054
308.32056,311.32056,311.12054,311.82056,311.42056,314.22055,310.42056,316.52057,321.92056,318.32056,315.82056,312.92056,301.82056,298.72055,312.52057,315.42056,315.82056,316.72055,308.02057,316.62054,321.22055,318.52057,319.62054,316.62054,314.72055,315.62054,316.02057,315.82056,317.22055,318.22055,323.42056,320.42056,318.32056,317.32056,316.02057,311.42056,308.52057,306.92056,298.52057,298.12054,292.12054,297.12054,312.92056
309.22055,309.42056,309.82056,310.52057,310.82056,311.02057,312.22055,311.62054,316.82056,315.82056,314.82056,301.32056,302.72055,308.22055,310.92056,313.72055,315.02057,305.82056,318.12054,308.72055,310.62054,314.12054,314.02057,315.22055,318.52057,312.72055,311.72055,308.62054,308.82056,310.12054,308.72055,311.92056,310.22055,311.72055,309.52057,294.92056,303.82056,307.32056,309.82056,288.32056,307.62054,306.42056,302.42056
293.72055,308.62054,307.32056,309.62054,309.12054,309.32056,310.22055,311.42056,312.12054,310.62054,309.92056,308.42056,307.12054,294.82056,306.22055,310.42056,312.62054,314.22055,309.92056,314.72055,313.12054,312.62054,308.82056,310.12054,311.12054,310.72055,308.52057,307.92056,303.62054,301.52057,299.22055,298.02057,300.72055,296.52057,294.72055,296.22055,292.72055,291.52057,298.62054,295.42056,287.52057,286.12054,285.12054
301.32056,306.22055,305.92056,306.52057,306.12054,306.72055,307.62054,308.92056,308.72055,308.12054,309.12054,307.92056,306.92056,307.92056,306.22055,303.82056,310.52057,310.12054,312.62054,312.12054,312.22055,311.82056,308.52057,309.02057,309.32056,309.02057,306.52057,300.12054,302.12054,296.52057,297.72055,299.02057,297.52057,296.22055,304.12054,293.12054,297.52057,292.62054,288.32056,286.92056,285.62054,288.52057,289.82056
293.32056,294.72055,300.62054,303.12054,303.52057,302.92056,302.92056,304.62054,305.32056,305.62054,307.52057,307.92056,306.62054,306.62054,302.32056,293.62054,299.02057,306.22055,304.92056,307.52057,308.62054,305.92056,306.62054,305.82056,304.82056,304.22055,301.12054,298.12054,297.02057,303.52057,304.52057,305.92056,305.92056,306.12054,298.12054,292.92056,287.62054,285.92056,281.72055,279.62054,284.02057,287.82056,284.02057
294.92056,294.62054,297.92056,300.22055,302.32056,301.32056,300.32056,301.62054,301.72055,302.22055,302.02057,303.42056,302.12054,301.72055,302.62054,301.52057,301.92056,303.32056,303.82056,304.42056,304.02057,302.52057,300.72055,299.72055,300.82056,301.62054,299.92056,302.72055,302.52057,305.62054,306.62054,306.32056,302.82056,304.32056,300.72055,295.82056,291.62054,289.82056,288.22055,292.72055,290.22055,290.72055,291.02057
294.12054,295.02057,295.52057,296.42056,299.82056,298.92056,298.82056,299.92056,302.32056,303.32056,304.22055,301.72055,297.42056,295.02057,299.02057,297.62054,298.92056,299.22055,300.22055,299.72055,300.82056,298.42056,298.52057,296.72055,297.82056,297.32056,295.32056,301.72055,305.62054,304.02057,303.72055,302.62054,303.02057,302.32056,300.52057,299.22055,297.82056,296.52057,295.62054,291.92056,286.22055,287.72055,286.22055
287.52057,292.02057,295.12054,295.92056,291.62054,298.52057,295.82056,297.02057,297.62054,297.12054,298.52057,299.32056,295.62054,294.82056,296.62054,297.82056,299.02057,299.02057,299.62054,299.62054,299.42056,298.92056,298.22055,297.22055,298.52057,295.52057,298.12054,298.12054,298.72055,299.42056,300.32056,300.52057,300.82056,296.62054,299.92056,298.92056,297.22055,295.52057,294.82056,291.32056,285.02057,284.32056,288.32056
288.32056,290.52057,293.92056,294.82056,290.02057,296.32056,295.12054,295.92056,299.12054,297.72055,297.72055,298.02057,297.12054,293.02057,291.62054,297.42056,298.02057,298.92056,297.12054,297.72055,299.92056,297.32056,297.12054,296.22055,291.62054,295.02057,291.52057,290.82056,291.82056,290.82056,295.82056,296.32056,293.42056,290.12054,297.32056,296.32056,296.42056,294.82056,292.92056,289.92056,286.82056,286.02057,288.02057
