wind_kz.json
{"header": {"discipline":0,"disciplineName":"Meteorological products","gribEdition":2,"gribLength":1025,"center":7,"centerName":"US National Weather Service - NCEP(WMC)","subcenter":0,"refTime":"2023-09-30T06:00:00.000Z","significanceOfRT":1,"significanceOfRTName":"Start of forecast","productStatus":0,"productStatusName":"Operational products","productType":1,"productTypeName":"Forecast products","productDefinitionTemplate":0,"productDefinitionTemplateName":"Analysis/forecast at horizontal level/layer at a point in time","parameterCategory":2,"parameterCategoryName":"UnknownDiscipline_0_Category_2","parameterNumber":3,"parameterNumberName":"UnknownParameter_D0_C2_3","parameterUnit":"Unknown","genProcessType":2,"genProcessTypeName":"Forecast","forecastTime":180,"surface1Type":103,"surface1TypeName":"Specified height level above ground","surface1Value":10.0,"surface2Type":255,"surface2TypeName":"Missing","surface2Value":0.0,"gridDefinitionTemplate":0,"gridDefinitionTemplateName":"Latitude_Longitude","numberPoints":615,"shape":6,"shapeName":"Earth spherical with radius of 6,371,229.0 m","gridUnits":"degrees","resolution":48,"winds":"true","scanMode":64,"nx":41,"ny":15,"basicAngle":0,"lo1":47.0,"la1":41.0,"lo2":87.0,"la2":55.0,"dx":1.0,"dy":1.0}, "data":
[rows 0 to 14 of 15, columns 0 to 40 of 41]
1.3506299,0.31062987,0.5606299,-4.86937,-7.35937,-7.91937,-7.05937,-7.57937,-3.23937,-3.27937,-3.9593701,-3.34937,-3.72937,-2.1393702,-0.28937012,-0.08937012,-1.9893701,-2.32937,-3.07937,-0.89937013,-2.06937,-2.83937,-2.6493702,-0.8193701,-2.32937,-1.2993702,-0.82937014,1.3806299,1.1206299,2.71063,1.0706298,0.010629883,0.7506299,-0.8093701,-0.34937012,-0.3993701,1.4406298,2.5806298,1.7806299,0.19062988,-1.1893702
1.7306299,1.4506298,0.9506299,-3.54937,-5.40937,-7.01937,-5.57937,-5.36937,-5.2793703,-2.9293702,-1.7793701,-2.55937,-2.59937,-3.4593701,-1.7593701,0.6406299,-1.5393701,-1.9693701,-1.7693701,-1.2693701,-1.2593701,-0.9993701,-1.4293702,1.8906299,1.6806298,1.2506299,-2.26937,2.69063,0.8406299,2.52063,2.72063,3.19063,1.0906299,-0.9793701,-2.80937,-1.1493701,-1.0193701,-0.5593701,0.7706299,-1.6993701,0.2606299
0.7506299,4.23063,2.73063,-1.6893702,-3.25937,-2.3893702,-3.4593701,-2.3593702,-4.09937,-3.6093702,-3.57937,-4.3193703,-0.4293701,-1.7093701,0.13062988,0.3806299,-1.5393701,-1.5293701,-1.0493702,0.5806299,0.6506299,-1.3493701,-1.3593701,0.41062987,0.4506299,0.19062988,0.41062987,-0.33937013,0.73062986,-0.30937013,2.76063,-0.019370116,0.9906299,-0.059370115,-0.30937013,0.11062989,1.4406298,-3.02937,0.60062987,0.73062986,1.3306298
1.6106299,5.7606297,2.94063,-0.7493701,-1.2393701,-0.6193701,-1.7993702,-1.7993702,-0.9793701,-1.4693701,-3.58937,-3.1893702,-7.28937,4.37063,2.65063,0.5206299,-0.8793701,-1.2993702,1.5906299,1.0706298,1.2406299,1.6406299,1.5506299,0.98062986,0.10062988,-0.009370117,-1.0093701,-0.43937013,0.16062988,0.7006299,-0.44937012,-1.8993701,-1.4993701,1.3106298,-0.5393701,-0.8493701,1.4206299,3.0806298,-0.63937014,0.9406299,1.4506298
-0.94937015,0.010629883,0.92062986,2.5406299,2.16063,2.27063,1.6006299,1.5106299,-0.10937012,0.6306299,-0.25937012,-1.0893701,-2.2193701,-6.93937,3.8706298,2.3206298,0.7206299,-0.9893701,2.8506298,1.9806299,2.3606298,3.1406298,1.7906299,0.7206299,0.13062988,-0.89937013,-1.0793701,-2.4093702,-1.8093702,-0.88937014,-1.0393701,1.1006299,2.7806299,2.7806299,0.040629882,-0.33937013,-2.74937,0.85062987,-0.57937014,0.67062986,-1.6293701
0.40062988,0.5906299,1.0006299,0.24062988,1.0506299,1.9906299,2.47063,1.8806299,1.7006298,0.9706299,0.6206299,1.9906299,-0.25937012,2.8906298,-3.49937,2.0906298,1.8506299,-0.019370116,3.43063,3.72063,2.72063,4.60063,4.19063,2.6006298,1.9206299,1.4006299,0.2606299,-2.80937,-2.23937,-1.0493702,-0.3893701,0.5306299,-0.9193701,3.0906298,2.52063,0.7206299,1.0106299,-1.0493702,-0.7893701,-0.6893701,-1.0793701
0.28062987,0.5306299,0.5906299,0.5606299,1.2506299,1.7706299,3.92063,4.2206297,2.8006299,2.21063,1.4106299,1.3406299,2.46063,2.3506298,3.52063,-1.4293702,3.6406298,1.9406298,4.4306297,3.8906298,3.65063,4.23063,3.8706298,2.7906299,3.22063,1.2206299,0.24062988,-1.6593701,-2.22937,-1.5793701,-1.3093702,1.6706299,2.0306299,3.67063,0.91062987,-0.5093701,-1.6293701,-0.16937011,-0.6193701,-0.44937012,0.15062988
-5.37937,-4.8193703,-5.37937,-3.81937,-3.3793702,-3.4193702,-2.3593702,1.9406298,3.3606298,2.18063,0.8206299,1.5106299,0.92062986,2.96063,5.32063,2.5906298,6.75063,4.42063,6.05063,4.90063,3.8006299,3.51063,3.75063,4.11063,3.90063,3.3406298,2.76063,0.55062985,-0.89937013,-1.7093701,-2.30937,2.2806299,3.48063,4.98063,4.61063,1.7806299,3.0406299,-3.8993702,0.020629883,-0.039370116,-1.5693702
-4.86937,-4.89937,-5.96937,-6.95937,-6.65937,-4.34937,-2.53937,-2.6693702,0.9306299,2.19063,2.94063,3.3106298,2.02063,1.3806299,7.52063,3.8306298,6.94063,5.86063,5.96063,6.09063,4.04063,3.50063,3.8106298,3.45063,4.11063,4.31063,3.48063,2.41063,1.3606299,0.40062988,-1.3793701,-1.6593701,-1.9493701,4.07063,4.2006297,3.1406298,0.37062988,2.3106298,2.24063,2.41063,0.9506299
-3.9593701,-4.89937,-4.5893703,-3.52937,-4.40937,-4.46937,-6.40937,-2.1393702,-0.5393701,2.96063,2.44063,3.5606298,3.16063,1.2706299,5.7406297,4.12063,7.08063,5.08063,7.73063,6.42063,6.38063,4.83063,3.76063,3.6406298,2.43063,4.62063,4.19063,3.17063,1.7906299,2.0706298,1.9106299,2.52063,0.6406299,-0.9093701,2.0406299,2.42063,1.3106298,1.7606299,3.41063,3.7906299,3.44063
-4.22937,-4.65937,-4.89937,-4.16937,-2.78937,-2.2093701,-3.28937,-3.58937,-3.47937,0.4206299,3.99063,1.6306299,3.8406298,3.74063,3.0606298,2.8106298,7.6806297,6.4306297,6.04063,6.36063,6.9306297,5.67063,2.91063,3.8706298,2.8706298,3.6006298,2.94063,3.69063,3.5706298,3.51063,3.3506298,3.50063,2.1406298,2.0506299,1.1606299,2.0706298,2.1406298,2.0706298,2.43063,1.3806299,0.6206299
-5.60937,-5.16937,-4.87937,-4.5093703,-4.17937,-3.09937,-1.7293701,-2.1393702,-2.56937,-3.58937,-3.02937,4.38063,3.71063,3.3106298,4.9106297,4.2606297,2.70063,5.94063,5.4106297,6.30063,6.82063,4.75063,3.77063,2.92063,3.47063,2.65063,4.28063,3.3206298,2.8706298,2.90063,2.98063,3.3906298,2.02063,2.65063,2.43063,3.49063,3.0506299,1.9306298,1.8706299,1.6406299,0.6506299
-5.01937,-6.01937,-5.0493703,-2.1193702,-1.7593701,-1.4593701,-1.4693701,-1.4393702,-2.7093701,-1.4893701,-0.24937011,2.3206298,3.3606298,2.40063,4.00063,3.8706298,3.71063,3.67063,0.61062986,4.35063,5.71063,4.67063,3.72063,3.1406298,3.46063,3.3206298,2.76063,2.77063,2.92063,3.8106298,3.95063,2.8606298,2.69063,1.8906299,2.19063,3.0406299,2.7906299,2.77063,3.23063,1.7206299,0.020629883
-6.66937,-6.86937,-9.50937,-6.4893703,-1.8993701,-1.5393701,-1.1993701,-1.7993702,-1.3193702,-3.4093702,-0.6893701,0.8106299,1.9506298,2.25063,1.8306298,2.43063,2.90063,4.31063,5.06063,3.01063,2.50063,5.55063,4.75063,3.69063,2.97063,2.6406298,2.8606298,2.8206298,3.47063,3.8206298,4.07063,3.1006298,1.8406299,2.97063,2.3306298,2.2806299,1.8006299,1.5506299,1.8206298,1.7006298,1.6206299
-4.61937,-7.92937,-11.45937,-8.79937,-2.8593702,-0.7593701,-0.3693701,0.2606299,-0.7493701,-1.0393701,3.0606298,0.23062988,0.080629885,0.4806299,1.3706299,-0.7293701,0.5206299,2.95063,5.05063,7.09063,3.72063,4.23063,5.2406297,4.2006297,3.40063,3.5406299,3.5306299,3.1106298,3.1106298,3.65063,3.77063,3.75063,2.67063,3.0606298,3.1406298,3.50063,3.96063,2.8006299,2.01063,1.8306298,0.3506299
