wind_kz.json
{"header": {"discipline":0,"disciplineName":"Meteorological products","gribEdition":2,"gribLength":1025,"center":7,"centerName":"US National Weather Service - NCEP(WMC)","subcenter":0,"refTime":"2023-09-25T06:00:00.000Z","significanceOfRT":1,"significanceOfRTName":"Start of forecast","productStatus":0,"productStatusName":"Operational products","productType":1,"productTypeName":"Forecast products","productDefinitionTemplate":0,"productDefinitionTemplateName":"Analysis/forecast at horizontal level/layer at a point in time","parameterCategory":2,"parameterCategoryName":"UnknownDiscipline_0_Category_2","parameterNumber":3,"parameterNumberName":"UnknownParameter_D0_C2_3","parameterUnit":"Unknown","genProcessType":2,"genProcessTypeName":"Forecast","forecastTime":240,"surface1Type":103,"surface1TypeName":"Specified height level above ground","surface1Value":10.0,"surface2Type":255,"surface2TypeName":"Missing","surface2Value":0.0,"gridDefinitionTemplate":0,"gridDefinitionTemplateName":"Latitude_Longitude","numberPoints":615,"shape":6,"shapeName":"Earth spherical with radius of 6,371,229.0 m","gridUnits":"degrees","resolution":48,"winds":"true","scanMode":64,"nx":41,"ny":15,"basicAngle":0,"lo1":47.0,"la1":41.0,"lo2":87.0,"la2":55.0,"dx":1.0,"dy":1.0}, "data":
[rows 0 to 14 of 15, columns 0 to 40 of 41]
0.5220929,1.1620929,0.5920929,6.842093,5.4320927,2.632093,0.4320929,-0.71790713,-1.8279071,-3.357907,-3.307907,-3.597907,-3.657907,-4.047907,-3.797907,-3.897907,-3.1979072,-3.097907,-1.4179071,-2.0079072,-2.807907,0.8620929,-0.4279071,0.5020929,2.592093,1.012093,1.5420929,0.4920929,-0.17790711,1.6820929,2.4720929,2.5220928,-1.5379071,-1.8179071,-0.2979071,0.3820929,0.6420929,2.322093,1.882093,1.3020929,0.42209288
2.5520928,0.7620929,3.902093,6.812093,5.692093,4.052093,1.8220929,-0.2479071,-1.4679071,-3.337907,-4.137907,-3.4779072,-3.4479072,-2.797907,-3.4879072,-2.927907,-3.387907,-1.0979071,0.3020929,-3.2179072,-5.297907,-0.6079071,5.822093,4.8720927,4.232093,4.6020927,3.2420928,2.0320928,0.3220929,2.362093,-0.8279071,1.7720929,-0.087907106,1.0920929,1.9320929,2.2720928,1.5320929,2.092093,1.1620929,2.162093,0.6820929
1.8020929,6.442093,5.342093,4.922093,4.6420927,4.3520927,2.3020928,0.2520929,-2.2679071,-5.517907,-6.347907,-5.497907,-4.207907,-3.7279072,-3.307907,-4.277907,-5.137907,-3.817907,-1.8879071,-2.0379071,-4.247907,-1.3079071,2.852093,2.592093,4.6220927,-3.167907,-3.617907,-4.5879073,-0.77790713,-2.4479072,1.6520929,2.382093,0.9820929,1.7320929,0.4620929,-2.6879072,-1.7679071,2.0520928,-0.7579071,0.5020929,0.7620929
2.0020928,5.802093,5.1820927,4.812093,4.782093,3.0020928,2.082093,0.032092895,-2.5079072,-4.3379073,-5.697907,-6.037907,-5.557907,-4.417907,-3.567907,-4.467907,-5.007907,-5.457907,-3.4579072,-1.0579071,-2.4879072,0.8220929,3.602093,7.4320927,6.4120927,5.422093,2.882093,-3.857907,-6.267907,-7.287907,-1.9479071,0.2520929,0.4020929,-0.7379071,0.78209287,2.342093,2.9820929,1.5020928,-2.4879072,-1.4279071,-0.9979071
3.7920928,5.792093,4.532093,3.7920928,3.2620928,2.442093,1.9720929,-0.1879071,-2.1979072,-3.847907,-5.6479073,-5.667907,-6.957907,-4.367907,-3.067907,-4.407907,-4.967907,-5.057907,-4.707907,-2.177907,-1.0879071,1.012093,2.092093,5.462093,6.202093,3.702093,8.442093,1.762093,-1.3079071,-2.107907,-5.847907,-3.2679071,-0.1279071,2.5520928,0.2620929,1.142093,2.0420928,-0.037907105,-0.9279071,-0.9479071,-1.0479071
5.822093,4.612093,3.882093,2.7620928,2.922093,3.412093,1.5320929,-0.96790713,-1.5579071,-4.537907,-5.007907,-5.537907,-5.757907,-5.527907,-4.997907,-4.277907,-4.797907,-4.297907,-3.557907,-0.41790712,-0.8579071,0.6520929,5.302093,4.282093,4.8920927,5.052093,4.462093,3.8020928,1.5720929,0.052092895,-0.5179071,-2.887907,-1.2679071,1.9520929,-1.7879071,6.8920927,-2.7479072,1.5220929,1.9120929,-0.14790711,-0.037907105
5.812093,4.112093,3.672093,3.382093,3.622093,1.0920929,0.78209287,-0.2779071,-1.5679071,-4.347907,-4.757907,-4.027907,-5.277907,-5.547907,-5.257907,-4.177907,-4.137907,-3.7379072,-2.547907,0.5620929,-0.11790711,1.1020929,8.872093,6.282093,2.2520928,3.402093,3.092093,3.342093,3.0220928,3.0220928,3.8020928,-0.5479071,3.7120929,4.132093,2.902093,3.2620928,2.332093,3.2220929,1.2320929,0.6120929,4.472093
5.062093,4.152093,3.7320929,2.7520928,1.0920929,-0.14790711,-1.2679071,-0.7979071,-2.2879071,-4.217907,-4.167907,-4.637907,-5.787907,-6.1479073,-5.687907,-5.427907,-4.657907,-3.417907,-5.347907,0.4420929,0.032092895,0.6320929,9.172092,8.732093,5.972093,4.342093,2.652093,1.4020929,2.0220928,3.0020928,2.0120928,2.2220929,4.722093,8.392093,8.072093,1.0320929,1.0820929,2.602093,-0.38790712,2.112093,3.2620928
4.722093,2.852093,1.4620929,1.2920929,0.4620929,-0.4379071,-1.8279071,-1.7779071,-2.567907,-4.097907,-4.017907,-4.437907,-6.347907,-6.327907,-6.727907,-6.497907,-5.167907,-2.917907,-1.1779071,-3.127907,-1.8879071,0.6920929,7.262093,9.022093,1.0020928,5.272093,3.142093,2.912093,2.912093,3.5120928,3.7820928,5.512093,6.652093,5.822093,7.452093,7.382093,5.6420927,1.9820929,3.072093,1.1520929,-0.7379071
-1.5679071,-1.4379071,0.9520929,1.0020928,-0.2779071,-0.2579071,-1.6879071,-1.5979071,-3.4579072,-4.1079073,-4.207907,-4.687907,-6.247907,-5.767907,-5.457907,-5.5679073,-6.3579073,-6.8579073,-3.547907,-2.5379071,-0.4979071,-0.11790711,2.3020928,5.672093,7.132093,5.002093,3.632093,0.9420929,3.192093,3.882093,3.672093,4.1020927,5.532093,5.962093,6.712093,6.832093,4.422093,1.9420929,3.4820929,4.1220927,3.932093
2.5420928,1.892093,2.922093,0.9120929,-1.0279071,-0.5479071,-1.487907,-1.7179071,-2.837907,-3.9479072,-3.827907,-4.037907,-5.797907,-4.8979073,-5.137907,-6.407907,-7.457907,-7.0879073,-7.047907,-3.2679071,0.72209287,1.8420929,2.112093,3.872093,4.832093,4.722093,3.822093,2.092093,3.322093,0.012092896,2.652093,3.5020928,4.692093,5.112093,8.032093,7.922093,4.742093,2.9720929,5.862093,2.4620929,2.332093
2.702093,3.322093,2.162093,1.142093,-0.8379071,-0.9979071,-2.147907,-2.847907,-3.677907,-3.147907,-3.387907,-5.217907,-4.957907,-4.387907,-4.467907,-5.8779073,-6.3779073,-8.687907,-5.3379073,-5.367907,-0.7879071,3.2720928,2.0620928,3.8020928,5.722093,3.202093,4.402093,5.042093,1.8320929,-3.317907,0.8320929,4.982093,3.5420928,4.672093,4.812093,5.922093,5.502093,4.042093,1.1020929,2.922093,0.6920929
3.362093,2.922093,1.8320929,0.9420929,0.042092897,-0.9179071,-1.737907,-2.4679072,-3.887907,-3.597907,-1.1779071,-2.5379071,-5.447907,-4.847907,-5.447907,-6.1479073,-7.167907,-7.597907,-7.707907,-4.977907,1.6020929,6.082093,4.632093,4.252093,5.242093,6.222093,4.1420927,2.9720929,3.8020928,3.442093,4.1820927,3.912093,3.692093,3.4820929,3.152093,3.7320929,4.1420927,3.202093,4.452093,3.582093,1.8520929
2.822093,2.412093,1.9420929,0.4720929,-0.6979071,-1.6479071,-2.067907,-2.5279071,-2.9679072,-3.917907,-2.4779072,-3.1979072,-5.747907,-5.827907,-5.847907,-6.907907,-7.307907,-7.017907,-8.937907,-7.927907,-3.657907,-0.9379071,0.3220929,4.6420927,3.432093,5.262093,4.882093,2.0020928,0.082092896,2.622093,3.182093,3.942093,4.542093,3.882093,2.832093,3.092093,3.0520928,3.862093,3.9820929,3.5220928,4.1820927
1.7420928,2.142093,1.3220929,0.6820929,-0.9779071,-1.0079072,-1.8379071,-0.6779071,-1.5079072,-3.0179071,-2.327907,-3.2279072,-2.4979072,-3.9779072,-6.767907,-6.997907,-7.307907,-7.017907,-6.657907,-7.917907,-7.117907,-5.417907,-4.8579073,-2.317907,-0.9179071,3.3020928,2.652093,2.422093,0.4420929,1.2020929,2.662093,3.392093,3.842093,3.9820929,3.7920928,3.7320929,3.892093,4.362093,3.432093,4.1620927,3.642093
