wind_kz.json
{"header": {"discipline":0,"disciplineName":"Meteorological products","gribEdition":2,"gribLength":1025,"center":7,"centerName":"US National Weather Service - NCEP(WMC)","subcenter":0,"refTime":"2023-09-27T06:00:00.000Z","significanceOfRT":1,"significanceOfRTName":"Start of forecast","productStatus":0,"productStatusName":"Operational products","productType":1,"productTypeName":"Forecast products","productDefinitionTemplate":0,"productDefinitionTemplateName":"Analysis/forecast at horizontal level/layer at a point in time","parameterCategory":2,"parameterCategoryName":"UnknownDiscipline_0_Category_2","parameterNumber":2,"parameterNumberName":"UnknownParameter_D0_C2_2","parameterUnit":"Unknown","genProcessType":2,"genProcessTypeName":"Forecast","forecastTime":180,"surface1Type":103,"surface1TypeName":"Specified height level above ground","surface1Value":10.0,"surface2Type":255,"surface2TypeName":"Missing","surface2Value":0.0,"gridDefinitionTemplate":0,"gridDefinitionTemplateName":"Latitude_Longitude","numberPoints":615,"shape":6,"shapeName":"Earth spherical with radius of 6,371,229.0 m","gridUnits":"degrees","resolution":48,"winds":"true","scanMode":64,"nx":41,"ny":15,"basicAngle":0,"lo1":47.0,"la1":41.0,"lo2":87.0,"la2":55.0,"dx":1.0,"dy":1.0}, "data":
[rows 0 to 14 of 15, columns 0 to 40 of 41]
-5.9296556,1.4703442,0.46034423,0.46034423,0.90034425,2.1003442,3.7403443,5.560344,5.810344,5.0903444,6.890344,3.8903441,3.3303442,4.640344,2.5103443,-3.7696557,-1.4596558,-0.07965576,-2.0596557,3.4423827E-4,-0.089655764,-0.71965575,-1.5896558,-1.9596558,-0.0096557615,-1.4896557,-2.8296556,0.16034424,1.6703442,-0.22965576,-1.3696557,0.8203442,0.8203442,-0.29965577,-1.8896557,-0.30965576,1.6203443,2.4703443,1.7903442,0.32034424,0.16034424
2.6603441,2.1803443,0.9903442,2.1203442,2.4403443,3.2403443,5.0003443,3.7703443,4.910344,3.4103441,1.3603443,1.3803443,1.7103442,-3.7196558,-3.3096557,-3.5296557,0.060344238,0.71034425,1.4703442,2.7303443,0.58034426,-3.4696558,-0.37965575,-3.9596558,0.72034425,1.2903442,-0.60965574,2.1403441,-1.4496558,-0.79965574,0.29034424,-0.76965576,2.5103443,-2.6796558,-0.24965577,0.84034425,0.9303442,0.19034424,-0.18965577,1.1803442,-4.6996555
1.3003442,0.65034425,3.2903442,5.290344,4.1703444,2.9303443,3.1403441,4.8403444,4.1703444,-0.13965577,2.0203443,-3.7196558,-3.2596557,-3.9596558,-2.8096557,-1.5796558,1.2803442,1.8703443,2.8103442,1.5803442,-2.6296558,-2.5396557,-1.9896557,-1.3596557,-0.09965576,-0.91965574,-1.6796558,0.77034426,-2.5696557,-0.23965576,-1.6096557,1.4503442,-0.42965576,-0.72965574,-0.48965576,-1.0196557,0.45034423,0.30034423,2.8103442,2.2403443,1.7203442
1.3203442,3.4403443,6.8403444,6.620344,5.4603443,2.7803442,4.040344,4.540344,5.3003445,3.0003443,2.7003443,-1.1596558,-1.8896557,-1.1596558,0.83034426,0.33034423,-0.33965576,0.79034424,-0.96965575,-2.8896558,-2.8696558,-0.53965575,0.12034424,-1.5496558,-3.8396559,-3.3296556,-4.239656,-4.0596557,-2.2796557,-1.2396557,-0.8096558,-2.5796556,-1.5696558,-2.8396559,-1.7996558,-1.9696558,-1.8896557,1.5703442,-0.43965575,-1.1796558,-1.6896558
2.9303443,4.260344,5.2303443,6.0203443,6.6903443,4.1503444,4.5903444,4.0903444,4.8203444,4.390344,5.700344,4.200344,-1.5696558,-1.6396557,-4.399656,-3.5996559,-2.3596559,-2.5096557,-3.1896558,-3.8796558,-3.4296558,-2.5896559,-5.069656,-6.6396556,-6.6396556,-6.3296556,-6.399656,-4.1996555,-4.259656,-3.3896558,-3.2896557,-2.3496559,-2.3096557,1.6603442,-0.27965575,-0.0096557615,-3.2596557,-2.9796557,-3.1696558,-3.6796558,-3.2196558
2.9003441,3.7003443,4.450344,7.4603443,8.660344,8.930345,6.160344,4.6503444,5.280344,2.5203443,7.5903444,2.3103442,-2.1696558,-3.9196558,-3.6896558,-3.3796558,-3.2796557,-3.5996559,-4.819656,-3.6496558,-4.3096557,-4.089656,-5.969656,-7.0196557,-6.7296557,-6.6596556,-4.2496557,-5.239656,-3.7196558,-3.4596558,-3.9596558,-3.5396557,-3.4496558,-3.3196557,-2.2396557,-3.5396557,-0.32965577,-2.3996558,-2.5296557,-4.0996556,-3.5396557
3.9803443,3.5403442,3.8603442,4.720344,5.6103444,6.0503445,4.3803444,4.1703444,2.1603441,2.9703443,7.450344,-1.3296558,-1.7796558,-3.1496558,-2.9996557,-3.2796557,-3.4296558,-3.7996557,-4.459656,-4.6996555,-3.7896557,-4.0996556,-4.819656,-4.9496555,-4.3696556,-4.319656,-2.6896558,-2.8796558,-3.5796556,-4.4796557,-5.1196556,-3.9296558,-1.7696557,-3.1996558,-3.5096557,-2.5696557,-1.1796558,0.60034424,-1.7396557,1.4503442,2.0603442
3.7703443,3.6603441,3.9903443,5.160344,5.220344,3.4703443,3.7203443,0.27034423,1.6703442,4.470344,0.28034425,-0.12965576,-2.3396559,-3.3796558,-3.1696558,-3.5396557,-3.3796558,-3.9396558,-4.4296556,-5.009656,-4.1996555,-4.549656,-3.8896558,-4.339656,-3.5796556,-1.9596558,-2.5996559,-3.4296558,-3.5996559,-3.8996558,-4.0396557,-2.8696558,-5.3296556,-1.0896558,-3.6496558,-1.7696557,-2.6096559,-3.5796556,-2.1496558,-0.019655762,-1.0796558
3.4203444,4.4003444,4.8203444,4.6703444,4.160344,1.7203442,1.0103443,0.91034424,0.65034425,2.4803443,-1.3296558,-3.0896559,-1.9396558,-2.7296557,-2.2296557,-1.7996558,-3.4996557,-4.0196557,-3.7396557,-4.0596557,-4.2896557,-3.3996558,-4.029656,-3.9096558,-3.5396557,-3.2096558,-1.7896558,-2.1196558,-1.7896558,-2.1296558,-3.6496558,-2.0896559,-0.78965575,-1.7496557,-0.97965574,-1.1696558,-0.03965576,-1.2196558,-1.1096557,-0.04965576,-1.7996558
3.2603443,3.5803442,2.7703443,1.9203442,1.8003442,0.73034424,-3.0496557,-0.6896558,3.1303442,1.3603443,-2.0696557,-2.9696558,-2.6196558,-1.9796557,-2.3196557,-2.8496559,-3.3596559,-3.5896559,-3.9496558,-4.0396557,-4.0596557,-3.5996559,-3.3296556,-3.3496559,-3.8296556,-4.029656,-3.3696558,-3.5996559,-3.5096557,-2.2796557,-1.6596558,-1.3896557,-1.3396558,-1.4896557,-0.84965575,0.16034424,-1.2696557,-0.14965576,-1.8896557,-0.18965577,-0.66965574
3.0303442,3.6903443,1.6603442,0.8703442,1.0403442,-1.2796558,-0.89965576,2.6303442,0.5703442,-1.0096557,-2.4496558,-2.0396557,-2.0296557,-2.3296556,-1.7496557,-2.1196558,-2.4696558,-2.5796556,-3.1296558,-3.1396558,-2.9696558,-3.2796557,-3.2496557,-3.5296557,-2.8596559,-3.0196557,-2.5996559,-2.9696558,-1.7796558,-2.0296557,-2.1896558,-2.2796557,-2.5196557,-2.1196558,-1.4496558,-0.38965577,-1.1096557,-0.03965576,-0.73965573,0.9403442,-0.9496558
1.4403442,2.8803442,0.40034425,0.23034424,0.77034426,-2.0896559,-1.5296558,-0.5696558,0.47034425,-3.3096557,-3.2396557,-2.4196558,-2.9496558,-2.8996558,-1.5296558,-1.0296558,-1.1196557,-0.9996558,-1.9296558,-1.7696557,-1.9196558,-1.5896558,-2.6696558,-2.3596559,-2.3896558,-2.1896558,-2.3896558,-1.8696557,-2.1696558,-2.2296557,-1.9096558,-2.3196557,-1.9496558,-2.5796556,-1.7596557,-2.0396557,-1.7696557,-0.6996558,-0.22965576,-0.34965575,-0.36965576
1.5403442,1.9703442,1.5303442,0.12034424,0.46034423,-0.64965576,-0.8096558,-0.25965577,-2.2596557,-2.9096558,-1.3696557,-1.3396558,-1.8096558,-1.5196557,-2.0196557,-1.6896558,-2.1596558,-2.1696558,-2.0496557,-1.5396558,-1.9596558,-1.0596558,0.010344238,-0.82965577,0.97034425,-0.6296558,-1.3396558,-1.6596558,-1.0596558,-0.8096558,-0.5596558,-1.1996558,-0.82965577,-1.3296558,-1.2496557,-1.8396558,-1.5496558,-1.1196557,-1.9596558,-1.3296558,-0.65965575
2.1003442,1.6903442,1.1203443,-0.089655764,-0.31965578,-0.03965576,-0.64965576,-0.59965575,-0.46965575,-1.2896558,-1.5496558,-1.5196557,0.20034423,0.010344238,-0.15965576,-1.4296558,-1.9596558,-1.8696557,-1.8196558,-1.3896557,-0.54965574,0.08034424,0.5703442,1.3003442,1.2203442,0.11034424,-0.76965576,-0.13965577,-0.26965576,0.23034424,0.40034425,0.53034425,0.5703442,0.24034424,0.19034424,0.45034423,0.010344238,-1.0096557,-1.0696558,-0.47965577,-0.40965575
1.4903443,2.9103441,1.0503442,-0.29965577,0.30034423,0.30034423,1.1403443,-0.6896558,-0.06965576,-1.4296558,-1.7596557,-1.0896558,-0.72965574,0.38034424,0.090344235,0.05034424,-0.04965576,0.29034424,0.40034425,0.53034425,0.6203442,1.1303443,0.49034423,0.76034427,0.91034424,0.6203442,0.95034426,1.0603442,0.92034423,1.0703442,1.7403443,1.1803442,1.3003442,1.4403442,1.4503442,2.0303442,0.04034424,1.3203442,0.34034425,-0.19965576,-0.88965577
