wind.json
{"header": {"discipline":0,"disciplineName":"Meteorological products","gribEdition":2,"gribLength":1211,"center":7,"centerName":"US National Weather Service - NCEP(WMC)","subcenter":0,"refTime":"2023-06-29T06:00:00.000Z","significanceOfRT":1,"significanceOfRTName":"Start of forecast","productStatus":0,"productStatusName":"Operational products","productType":1,"productTypeName":"Forecast products","productDefinitionTemplate":0,"productDefinitionTemplateName":"Analysis/forecast at horizontal level/layer at a point in time","parameterCategory":2,"parameterCategoryName":"UnknownDiscipline_0_Category_2","parameterNumber":3,"parameterNumberName":"UnknownParameter_D0_C2_3","parameterUnit":"Unknown","genProcessType":2,"genProcessTypeName":"Forecast","forecastTime":300,"surface1Type":103,"surface1TypeName":"Specified height level above ground","surface1Value":10.0,"surface2Type":255,"surface2TypeName":"Missing","surface2Value":0.0,"gridDefinitionTemplate":0,"gridDefinitionTemplateName":"Latitude_Longitude","numberPoints":688,"shape":6,"shapeName":"Earth spherical with radius of 6,371,229.0 m","gridUnits":"degrees","resolution":48,"winds":"true","scanMode":64,"nx":43,"ny":16,"basicAngle":0,"lo1":45.0,"la1":40.0,"lo2":87.0,"la2":55.0,"dx":1.0,"dy":1.0}, "data":
[rows 0 to 15 of 16, columns 0 to 42 of 43]
-4.053696,2.0963037,1.7463037,8.266304,-10.413696,-16.053696,-12.873696,-11.083696,-9.4236965,-4.8936963,-0.3136963,-2.1336963,-1.3736963,-0.8436963,-0.2536963,-1.6236963,-1.5936962,-1.8336962,-2.7736962,-4.1036963,-4.2536964,0.8963037,-1.7136962,2.1063037,2.2563038,1.2263037,1.1563038,0.11630371,1.6863037,-0.7136963,-6.823696,-4.743696,-2.6736963,-2.4936962,-4.053696,-8.343697,-7.4436965,-7.6636963,-4.6936965,-3.3236964,1.6963037,-0.1736963,-3.0436964
1.3763037,-0.62369627,-0.68369627,-1.2136962,-0.10369629,-9.803697,-10.143696,-8.043696,-6.8736963,-0.8236963,-2.3036964,-1.0936962,-1.3136963,-0.29369628,-0.5536963,-1.8436962,-2.1436963,-2.2336962,-2.2136962,-2.0236962,-2.9836962,-2.1036963,-0.6636963,-0.7336963,0.5763037,-2.3636963,-2.3536963,0.06630371,-1.1936963,0.3763037,-0.9536963,-0.5736963,-2.5636964,-4.513696,0.3363037,-6.383696,-6.6236963,-5.323696,-5.1436963,-6.2136965,2.4763038,-0.08369629,-0.09369629
0.09630371,-6.9236965,-1.7036963,0.68630373,-4.763696,-7.0436964,-7.323696,-5.9636965,-5.1236963,-1.4936963,-1.4936963,-1.5436963,0.4263037,0.9263037,0.1563037,-0.7736963,-0.3436963,-1.0536963,-2.7936964,-2.1436963,-3.5436964,-0.2536963,-2.1936963,-3.4436963,2.5163038,1.7963037,-0.013696289,-0.3536963,-3.0936964,0.55630374,0.1563037,0.41630372,0.03630371,-0.09369629,-0.9536963,1.5563037,-5.7736964,-13.353696,-10.263697,-10.403696,-6.2536964,-4.343696,4.0863037
2.7363038,2.3663037,0.4063037,-1.1636963,-4.263696,-5.493696,-8.093697,-4.1236963,-6.383696,-5.9336963,-4.383696,-4.593696,-1.9636962,-3.6236963,-2.5836964,-2.0236962,-4.2336965,-0.8036963,0.7763037,1.4563037,-1.2736963,-4.2136965,-1.7536963,-1.9436963,-2.7936964,-1.4736962,1.7363037,0.4963037,1.5063037,2.8563037,1.1763037,2.0163038,1.3163037,1.6063037,2.9763038,-1.3436962,0.3963037,1.6063037,-1.1436963,-3.7836962,-0.19369629,-1.3536963,-3.7336962
2.4763038,2.4663038,1.8363037,1.6363037,-3.7436962,-4.1836963,-6.7536964,-7.4536963,-4.5636964,3.4263036,-4.2336965,1.7063037,1.2763038,-0.24369629,-0.2536963,-2.3236964,-2.8036964,-4.2136965,-2.4236963,-2.7736962,-1.4236963,-3.7936964,-1.3636963,-1.2336963,-0.11369629,-1.2436963,-0.2036963,-1.3736963,-2.3836963,-0.93369627,0.7863037,-0.4036963,-0.3136963,-1.7736963,-1.9336963,1.3963037,1.0263038,-2.3536963,0.22630371,0.23630372,1.3763037,1.3863037,1.7763038
2.8563037,2.1863036,4.1463037,5.3363037,3.0163038,-1.1736963,2.1163037,-0.7436963,-5.7036963,-6.033696,-4.3136964,-3.7636962,0.5063037,3.1863036,3.4963038,2.6663036,-1.1036963,-2.5436964,-3.7436962,1.2663037,0.32630372,-0.11369629,-2.1536963,-3.1936963,-1.7436963,0.6163037,-1.2336963,-1.7336963,1.2563037,3.2363038,1.6363037,0.2463037,-0.6036963,1.1263037,1.8363037,0.6763037,-1.3536963,-2.2736962,-3.5036962,-0.7336963,-0.4736963,1.5563037,2.0263038
-4.1736965,-6.153696,-6.8736963,2.9063036,4.1463037,3.4363036,2.7163038,1.4163038,-0.0036962891,-3.6236963,-3.8236964,-3.6636963,2.3363037,4.656304,3.0263038,3.1863036,3.1963036,-0.03369629,-2.0336962,-1.9436963,-0.06369629,0.87630373,0.2163037,-2.4736962,-1.2636963,0.05630371,1.1863037,0.5763037,0.06630371,0.62630373,-2.6436963,-1.8736963,1.9363037,3.1863036,3.7663038,4.006304,3.7063036,2.4763038,3.1563036,0.6563037,-2.1036963,-3.7636962,2.3063037
-2.9736962,-5.593696,-3.6836963,-4.8336964,-6.4236965,-7.823696,2.3963037,-3.7736962,2.6063037,4.716304,-5.8336964,-1.8336962,-4.363696,-0.5336963,5.676304,4.926304,2.7563038,2.9763038,1.2063037,-0.8236963,-1.5336963,1.0263038,-0.12369629,-1.0836962,-3.3436964,-2.9036963,-0.8636963,-1.8336962,-3.0836964,-3.2136962,-2.1636963,-2.8936963,-2.5036962,-0.56369627,-1.4236963,-2.4136963,-3.8736963,-2.2936964,-4.6836963,-3.1036963,-2.0736964,-1.1136963,-3.7336962
-6.9336963,-6.243696,-8.853696,-2.0736964,-2.7236962,-3.4536963,-5.3736963,-3.2336962,-5.2336965,-5.1636963,-4.9536963,-6.2336965,-2.9436963,-3.3636963,-4.5436964,-3.9636962,-3.5036962,3.6563036,2.8463037,2.1063037,0.6563037,1.9563037,-2.5336962,-4.0436964,-1.6736963,-1.2536963,-0.7936963,0.08630371,-0.5736963,-2.7536962,-3.2636962,-3.3536963,-3.4436963,-3.6636963,-2.8836963,-2.5836964,1.5563037,1.7263037,2.7563038,-0.5436963,-2.8336964,-2.4436963,-2.1736963
-4.9536963,-5.973696,-7.5236964,-6.243696,-5.3536963,-4.653696,-0.5436963,-2.4036963,-2.6136963,-3.6536963,-2.7936964,-2.0036962,-2.8136964,-1.8336962,-1.9936963,-1.2736963,-2.3736963,-3.4636962,-3.9236963,-4.903696,0.5363037,1.3963037,1.0963037,-0.8236963,0.3963037,1.0963037,-0.12369629,-1.7636963,-0.7836963,0.48630372,0.6363037,-1.0136963,-1.1636963,-1.2536963,-0.10369629,-0.8936963,1.2263037,1.2063037,-1.6636963,0.04630371,0.9663037,0.62630373,0.04630371
-5.113696,-5.9636965,-5.7536964,-3.9336963,-6.363696,-5.4536963,-4.783696,-4.3736963,-4.6636963,-2.9636962,-1.3536963,-1.2136962,-2.4636962,-2.3936963,-1.8336962,-1.6336963,1.0863037,0.8963037,1.4163038,0.6763037,-1.4436963,1.1163037,2.2463038,2.0763037,1.6763037,0.35630372,1.7663037,0.13630371,-1.2436963,0.6463037,0.17630371,0.6063037,0.5163037,-0.2036963,-0.013696289,0.55630374,-0.36369628,0.9063037,1.2463037,-1.7136962,1.1963037,4.8363037,2.8563037
-3.6036963,-5.2336965,-4.5036964,-5.4836965,-6.033696,-5.323696,-5.6036963,-4.7536964,-5.6836963,-3.6836963,-3.3836963,-3.3936963,-1.5936962,0.006303711,-0.4136963,1.4763037,-0.6436963,-0.013696289,-2.0036962,-1.5636963,-3.3636963,-1.8636963,-0.10369629,0.8563037,-1.1636963,-1.7136962,0.56630373,1.4063038,1.3663037,0.04630371,-0.4636963,-0.94369626,-2.2336962,-1.9636962,-1.1436963,1.0663037,2.2463038,1.9863037,1.6363037,2.3863037,2.9563036,2.1763036,1.0063037
-3.4136963,-2.9636962,-2.6736963,-3.0636964,-3.5336962,-3.4436963,-3.2836962,-3.8136964,-4.2336965,-3.1036963,-3.6836963,-2.7636962,-2.8636963,-2.9536963,-2.3936963,1.2063037,1.3963037,2.1763036,0.8563037,0.11630371,-1.0236963,-1.7936963,-1.0736963,-2.1036963,-1.8136963,0.8563037,0.81630373,-0.9536963,0.3163037,0.6763037,-2.5336962,-2.2536962,-1.5436963,-1.3236963,-0.8236963,-0.8936963,0.08630371,2.4763038,3.6663036,4.096304,3.8363037,2.9563036,2.1663036
-1.9736962,-2.9136963,-2.3536963,-2.7536962,-3.2736962,-2.5036962,-2.5136962,-1.9736962,-3.0636964,-2.4336963,-3.3736963,-1.9736962,-1.4636962,-1.9236963,-2.7936964,-1.1236963,0.08630371,2.3863037,1.9963037,1.2863038,1.2163037,0.6063037,0.4363037,0.7863037,1.0063037,0.6563037,-1.4636962,-0.50369626,-1.8736963,-1.8436962,-1.4236963,-1.1436963,-1.5936962,-1.4236963,-0.7836963,0.1563037,0.6063037,0.08630371,0.8363037,0.8463037,3.8463037,4.3563037,2.6163037
-2.9036963,-1.4936963,-1.9536963,-3.0836964,-3.9136963,-3.1336963,-3.8436964,-2.5436964,-3.1236963,-2.4036963,-0.7936963,-2.5636964,-0.013696289,-0.5736963,-1.3336962,-2.3136964,-2.0636964,1.2463037,0.41630372,-0.023696288,-0.4436963,-1.4536963,-0.3136963,-0.5136963,-1.4736962,-2.1836963,-1.3536963,-2.6936963,-2.2836962,-1.4836963,-1.4436963,-1.3836963,-1.5436963,-2.5236962,-3.0236962,-1.8036963,0.6663037,2.6263037,2.8063037,3.7663038,3.0363038,3.5163038,4.8563037
-2.1136963,-2.5336962,-2.1336963,-3.5436964,-5.653696,-2.9736962,-3.3436964,-2.8336964,-3.3236964,-2.4636962,-2.3136964,-0.7136963,-0.013696289,0.2563037,1.1163037,-1.2936963,-3.6936963,-3.1236963,0.8263037,0.106303714,-0.7036963,-1.6336963,-1.3736963,-1.6436963,-2.2736962,-1.6336963,-2.4536963,-1.9036963,-2.1236963,-1.6636963,-1.8936963,-2.4936962,-4.153696,-3.9536963,-2.9736962,-0.7936963,0.2563037,0.7763037,4.256304,3.8963037,4.5863037,5.736304,3.4963038
