wind_kz.json
{"header": {"discipline":0,"disciplineName":"Meteorological products","gribEdition":2,"gribLength":1102,"center":7,"centerName":"US National Weather Service - NCEP(WMC)","subcenter":0,"refTime":"2023-09-07T06:00:00.000Z","significanceOfRT":1,"significanceOfRTName":"Start of forecast","productStatus":0,"productStatusName":"Operational products","productType":1,"productTypeName":"Forecast products","productDefinitionTemplate":0,"productDefinitionTemplateName":"Analysis/forecast at horizontal level/layer at a point in time","parameterCategory":2,"parameterCategoryName":"UnknownDiscipline_0_Category_2","parameterNumber":2,"parameterNumberName":"UnknownParameter_D0_C2_2","parameterUnit":"Unknown","genProcessType":2,"genProcessTypeName":"Forecast","forecastTime":120,"surface1Type":103,"surface1TypeName":"Specified height level above ground","surface1Value":10.0,"surface2Type":255,"surface2TypeName":"Missing","surface2Value":0.0,"gridDefinitionTemplate":0,"gridDefinitionTemplateName":"Latitude_Longitude","numberPoints":615,"shape":6,"shapeName":"Earth spherical with radius of 6,371,229.0 m","gridUnits":"degrees","resolution":48,"winds":"true","scanMode":64,"nx":41,"ny":15,"basicAngle":0,"lo1":47.0,"la1":41.0,"lo2":87.0,"la2":55.0,"dx":1.0,"dy":1.0}, "data":
[rows 0 to 14 of 15, columns 0 to 40 of 41]
0.00621582,0.79621583,0.53621584,-1.4937842,-3.9337842,-4.0937843,-4.043784,-5.8237844,-6.913784,-5.493784,-5.8237844,-5.3637843,-5.1537843,-4.953784,-4.603784,-4.4037843,-4.3437843,-5.253784,-5.223784,-4.0737844,-1.1237842,0.18621582,1.8162159,2.3662157,-0.95378417,0.29621583,3.386216,4.336216,0.9962158,0.46621582,1.9662158,1.6062158,1.1062158,-2.4337842,-3.0237842,-0.44378418,-0.6137842,-1.4537842,-0.9337842,-1.5037842,-1.8437842
-0.37378418,-0.8837842,2.0362158,2.7462158,-3.6637843,-1.7137842,-0.32378417,-3.0337842,-3.333784,-3.083784,-3.093784,-3.4837842,-2.0437841,-1.4937842,-0.83378416,-0.4937842,-1.2237842,-1.1037842,-1.5637841,-1.1737841,-0.42378417,0.97621584,2.1062157,4.006216,1.8862158,0.00621582,0.6362158,2.5362158,4.306216,3.7162158,4.206216,5.066216,0.33621582,1.4562159,0.8662158,-1.5237842,-1.0537841,-2.1337843,-0.6637842,-0.7537842,-0.52378416
0.27621582,0.96621585,-2.2337842,-2.8037841,-1.7537842,-1.1137842,-0.65378416,-1.5137842,-2.623784,-1.8537842,-1.3837842,-0.8737842,0.5262158,1.3762158,1.7562158,2.3262157,3.1862159,3.3562157,2.0662158,1.0362158,0.96621585,1.4262158,3.3062158,6.086216,-1.4737842,1.3162159,0.6762158,1.1462158,4.256216,-0.64378417,2.6162157,-1.7937841,-0.7337842,-1.6637841,-4.913784,-1.0837842,0.6462158,-1.1537842,1.8762158,0.78621584,-0.12378418
-3.0137842,-0.6937842,-0.41378418,-1.9237841,0.39621583,0.72621584,0.6262158,0.53621584,0.2862158,0.13621582,0.36621583,1.7862158,3.2062159,2.906216,4.7162156,5.006216,5.666216,5.4062157,4.756216,3.906216,3.396216,3.386216,3.4562159,5.306216,6.3262157,6.4062157,7.226216,7.8862157,8.666216,5.936216,4.476216,4.416216,7.936216,7.1562157,3.7762158,4.1162157,1.0562158,0.5162158,-2.7337842,0.02621582,6.376216
-1.9337841,-2.323784,-2.3037841,-0.4037842,-0.5637842,0.6462158,2.3362157,2.2162158,2.0662158,2.2562158,3.9862158,5.0762157,4.916216,5.1962156,4.6762156,6.5962157,5.506216,6.106216,5.3262157,5.276216,6.336216,6.766216,7.006216,7.056216,7.3662157,7.996216,9.496216,9.176216,8.666216,9.426216,9.036216,7.536216,3.0462158,5.026216,-2.093784,-0.6937842,9.376216,-1.9237841,-1.4237841,1.8962158,-4.393784
-1.8537842,-1.4237841,-0.0037841797,0.8362158,0.5162158,0.33621582,1.5362158,2.406216,2.4762158,3.7362158,5.086216,4.8262157,6.4462156,6.296216,6.456216,6.256216,6.536216,6.416216,7.086216,7.4862156,7.496216,7.6562157,8.026216,6.996216,7.206216,7.936216,8.036216,9.886216,10.166216,10.866216,10.636216,10.466216,10.426216,9.206216,3.2162158,-1.2237842,2.3062158,6.916216,14.276216,6.816216,1.2262158
-1.8237842,-1.0837842,-1.5837842,-1.2837842,0.02621582,-0.08378418,1.6762158,2.0862157,3.7662158,4.786216,5.1562157,5.2162156,5.336216,5.1962156,5.996216,5.7362156,5.856216,6.686216,6.5962157,7.296216,8.156216,8.5662155,9.056216,8.696216,8.766216,9.286216,9.0662155,8.546216,9.026216,9.926216,11.326216,11.096216,11.256216,10.836216,9.636216,5.526216,6.2162156,3.8262157,9.1062155,-0.31378418,0.04621582
-0.9237842,-0.5037842,0.54621583,0.7562158,0.16621582,-0.0037841797,0.29621583,1.3362159,2.926216,3.146216,3.5162158,4.016216,5.516216,5.9462156,6.976216,7.4462156,7.666216,6.9862156,6.746216,7.936216,8.366216,8.636216,8.186215,7.9062157,8.206216,8.726215,10.386216,9.996216,8.846216,6.8662157,9.1062155,9.726215,10.236216,7.996216,10.736216,11.576216,9.476215,-2.583784,0.6862158,-0.06378418,-2.5437841
-0.08378418,-0.07378418,0.8762158,0.29621583,0.5762158,0.086215824,0.5562158,1.5762159,2.0862157,2.9662158,4.0962157,4.666216,5.766216,4.6162157,5.0962157,4.336216,4.756216,4.4662156,4.3262157,5.9862156,7.6562157,7.6362157,7.816216,8.176216,8.946216,9.306216,10.426216,8.8562155,10.646215,11.186215,9.456216,9.426216,10.236216,9.556216,10.706216,8.0662155,8.586216,4.046216,2.1162157,0.45621583,-0.11378418
0.37621582,-0.02378418,-0.8537842,-1.6537842,-0.7437842,-0.06378418,0.4462158,1.1262158,2.2862158,4.036216,5.166216,5.516216,3.3562157,3.8062158,2.8162158,2.0262158,3.166216,3.5962157,5.396216,5.6362157,6.4862156,6.8662157,6.8262157,9.5662155,8.896215,9.986216,10.5662155,10.446216,10.896215,12.196216,11.836216,11.246216,9.686215,9.656216,8.046216,7.936216,5.916216,-2.2537842,5.1162157,2.406216,0.03621582
-0.7437842,-0.9437842,-0.18378419,-0.013784179,0.73621583,1.0662159,1.7262158,2.3462157,2.386216,3.2462158,4.336216,3.2862158,1.4162158,0.9362158,1.6462158,1.9762158,2.9562159,3.4562159,4.226216,6.356216,5.546216,5.8662157,7.816216,9.056216,7.776216,9.736216,9.466216,9.896215,11.636216,12.326216,10.916216,11.086216,9.476215,9.146215,9.266216,4.8462157,4.9662156,4.0962157,3.9562159,0.8362158,0.66621584
-0.6937842,-0.35378417,-0.02378418,0.40621582,1.0862159,1.3362159,1.7762158,1.7562158,1.2162158,1.3262159,1.2662158,-0.8137842,0.01621582,-0.06378418,0.36621583,2.126216,2.2962158,3.926216,4.336216,4.586216,4.816216,6.1762156,5.306216,4.686216,5.0762157,7.476216,6.996216,9.586216,10.906216,11.3562155,10.436215,12.326216,7.1762156,7.046216,4.5962157,6.916216,7.996216,9.5662155,3.5762157,2.7062159,1.9862158
0.09621582,0.30621582,0.13621582,0.39621583,0.8962158,1.0162158,0.6762158,0.3162158,-1.2037842,0.02621582,-0.8237842,-0.9137842,-1.0337842,0.46621582,1.7362158,2.406216,2.906216,3.1962159,1.5762159,1.8962158,2.5062158,3.896216,3.8562157,4.496216,3.7962158,4.536216,7.3862157,8.746216,8.3562155,9.006216,8.296216,6.316216,5.7162156,4.296216,4.3662157,5.556216,6.1762156,5.266216,8.646215,5.436216,1.4662158
1.2962158,0.20621581,1.7162158,0.78621584,0.8862158,0.5662158,0.01621582,0.46621582,-0.21378417,1.1462158,0.8362158,1.8362159,0.4162158,0.5862158,0.9362158,1.4462159,3.3262157,2.2562158,1.8562158,-0.21378417,0.5062158,0.6462158,1.8862158,2.7962158,2.7062159,4.7162156,4.6762156,4.586216,3.3662157,2.886216,4.456216,5.306216,5.296216,4.896216,4.3462157,5.056216,4.416216,7.166216,5.256216,4.4262156,1.5362158
0.6962158,0.8362158,0.85621583,0.73621583,0.37621582,0.5762158,0.72621584,1.5062158,0.53621584,1.6162158,0.5762158,0.02621582,-0.05378418,1.2062159,0.40621582,1.5962158,1.7662158,1.1062158,-0.3037842,-2.1937842,-0.28378418,-0.3337842,0.65621585,1.6962159,1.8562158,3.9962158,3.9962158,3.0462158,2.9962158,2.0062158,1.7062159,2.1062157,3.1862159,5.036216,4.556216,3.2162158,3.4762158,6.6962156,5.796216,6.0962157,1.6262158
