wind_kz.json
{"header": {"discipline":0,"disciplineName":"Meteorological products","gribEdition":2,"gribLength":1025,"center":7,"centerName":"US National Weather Service - NCEP(WMC)","subcenter":0,"refTime":"2023-10-05T00:00:00.000Z","significanceOfRT":1,"significanceOfRTName":"Start of forecast","productStatus":0,"productStatusName":"Operational products","productType":1,"productTypeName":"Forecast products","productDefinitionTemplate":0,"productDefinitionTemplateName":"Analysis/forecast at horizontal level/layer at a point in time","parameterCategory":2,"parameterCategoryName":"UnknownDiscipline_0_Category_2","parameterNumber":2,"parameterNumberName":"UnknownParameter_D0_C2_2","parameterUnit":"Unknown","genProcessType":2,"genProcessTypeName":"Forecast","forecastTime":0,"surface1Type":103,"surface1TypeName":"Specified height level above ground","surface1Value":10.0,"surface2Type":255,"surface2TypeName":"Missing","surface2Value":0.0,"gridDefinitionTemplate":0,"gridDefinitionTemplateName":"Latitude_Longitude","numberPoints":615,"shape":6,"shapeName":"Earth spherical with radius of 6,371,229.0 m","gridUnits":"degrees","resolution":48,"winds":"true","scanMode":64,"nx":41,"ny":15,"basicAngle":0,"lo1":47.0,"la1":41.0,"lo2":87.0,"la2":55.0,"dx":1.0,"dy":1.0}, "data":
[rows 0 to 14 of 15, columns 0 to 40 of 41]
-1.2803028,-1.4203027,3.5796974,6.889697,5.139697,5.9196973,5.0496974,2.0496972,0.019697266,1.5096973,-2.1503026,-4.3503027,-4.8003025,-3.6503026,-3.0603027,-3.0003028,-2.5103028,-1.1203027,-3.4903028,-3.4303026,-3.6403027,-0.81030273,-0.5103027,-2.4803028,0.029697265,-2.1103027,-2.9803028,-0.30030274,1.4196973,0.30969727,-0.27030274,1.8396972,0.059697267,0.8496973,-1.6803027,-1.0303028,1.9696972,2.3896973,2.7796972,1.9796972,2.7496972
0.06969727,2.2996972,4.5496974,2.4496973,3.5496972,5.059697,1.1896973,0.089697264,-0.50030273,-2.0903027,-4.610303,-5.9103026,-4.2003026,-3.0003028,-2.3003027,-3.6103027,-2.5203028,-2.7403028,-1.5103028,-2.0503027,-2.0103028,-1.8003027,-0.60030276,-3.1803026,-0.42030275,0.50969726,-1.1103027,0.8096973,-0.39030275,-1.1203027,0.34969726,-0.31030273,0.5996973,-3.0403028,0.20969726,0.39969727,-0.7003027,0.69969726,-1.1603028,1.3296973,-0.7603027
1.7496972,5.479697,3.1696973,-0.17030273,-0.7703027,-1.2503028,-3.1803026,-0.81030273,-4.7203026,-4.1403027,-5.5303025,-5.6003027,-4.2203026,-4.340303,-3.8703027,-4.2403026,-4.3903027,-2.8303027,-1.2303027,0.89969724,2.0896974,-3.2503028,-3.3103027,-2.0603027,1.2596973,-0.66030276,-0.62030274,-1.4803027,-1.3103027,-0.7003027,-1.2603028,2.0196972,-0.44030273,-0.29030272,0.19969727,-0.72030276,0.64969724,0.34969726,1.5896972,1.9196973,2.1396973
3.3896973,4.0096974,2.3296974,-0.40030274,-3.2203028,-1.8603027,-0.8903027,-6.8303027,-4.770303,-6.2003026,-6.1603026,-5.2603025,-6.0603027,-5.7803025,-4.190303,-3.6803026,-3.4003026,-2.9903028,-2.2403028,-1.9403027,-2.3303027,-2.1703026,-2.7003028,-3.9603028,-3.5103028,-3.3303027,-3.7303028,-5.7603025,-2.2703028,-0.74030274,-0.29030272,-2.7303028,-2.7703028,-2.7603028,-2.5103028,-2.5303028,-1.7903028,2.6696973,0.81969726,-0.78030276,-1.8803028
2.2596972,2.5996974,2.0196972,1.5396973,0.089697264,0.039697267,-1.4503027,-3.8403027,-3.4003026,-4.0103025,-6.840303,-5.250303,-5.210303,-4.500303,-4.1403027,-3.3403027,-2.9503028,-2.6403027,-2.8003027,-3.4003026,-4.1403027,-4.6203027,-4.7403026,-3.8903027,-4.190303,-4.000303,-5.7403026,-3.6803026,-3.7003028,-3.1803026,-2.6403027,-1.8603027,-2.1803026,1.3996973,2.0396972,0.34969726,-1.8003027,-2.2003028,-2.8803027,-2.7103028,-2.5803027
0.58969724,1.0296973,2.4696972,1.9996972,2.6496973,0.9896973,0.41969725,-3.1403027,-2.4003026,-3.3303027,-3.1003027,-3.8703027,-4.1803026,-4.340303,-3.4503028,-3.0103028,-3.0103028,-3.1903028,-3.7203028,-2.6503026,-4.2403026,-3.6903028,-4.0503025,-4.250303,-4.5403028,-4.7603025,-3.3803027,-4.8003025,-3.3303027,-3.2503028,-3.1503026,-2.9503028,-3.4603028,-3.2003028,-1.6203027,-0.5703027,-0.22030273,-0.48030272,0.12969726,-4.5503025,-4.090303
0.9296973,2.5096972,0.95969725,-1.2003027,-1.8303027,-1.3903028,-1.5603027,-0.7003027,-2.9203026,-0.35030273,-1.7403027,-3.1303027,-2.7403028,-2.6703026,-2.1703026,-2.6303027,-2.9303026,-2.8603027,-3.3003027,-3.7103028,-3.2403028,-3.6303027,-2.8903027,-2.8903027,-3.3203027,-3.0903027,-2.0603027,-2.4703028,-2.3903027,-3.9203026,-3.4503028,-2.6103027,-0.9003027,-2.5303028,-2.8803027,-2.1903028,-1.1503028,1.7896973,-1.3603027,0.5496973,2.0996974
1.9096973,1.9296973,1.9396973,-0.61030275,-1.1103027,-2.5203028,-2.4203026,-2.9603028,-1.3003027,-2.4603028,-2.3503027,-1.5403028,-1.9703027,-1.9503027,-1.6103027,-2.6203027,-2.1603026,-2.6803026,-2.9503028,-3.3303027,-2.2603028,-2.5303028,-2.5303028,-1.6203027,-0.46030274,-0.80030274,-0.35030273,-1.5103028,-1.5003028,-2.5703027,-2.6903028,-1.0503027,-1.0003028,-0.80030274,-2.8803027,-1.2703028,0.10969727,3.3296974,1.6096972,2.0696974,-0.56030273
2.3396974,2.2296972,2.3896973,0.29969728,-1.9003028,-1.5703027,-3.1403027,-2.8903027,-3.3203027,-3.0303028,-1.8403027,-1.0803027,-0.14030273,-0.050302733,-0.6903027,-1.5603027,-2.1203027,-2.3803027,-2.1503026,-1.9903027,-1.4603027,-1.6303028,-1.8403027,-1.0003028,-0.56030273,-0.98030275,0.09969726,0.21969727,1.2596973,0.39969727,0.96969724,0.9296973,0.8696973,-0.9603027,-1.3003027,-0.36030275,-0.25030273,-2.6803026,-1.5903027,0.83969724,-2.2703028
2.5696974,2.9296973,2.3996973,0.68969727,0.9296973,0.71969724,0.23969726,-1.3303027,-1.4703027,-1.5203028,-1.2703028,-0.50030273,0.63969725,1.0596973,1.0296973,0.9196973,0.47969726,-0.55030274,-1.5703027,-1.6603028,-1.9303027,-1.1703027,-0.7003027,-0.7703027,-1.3603027,-0.18030274,-0.28030273,0.34969726,-0.15030274,1.0296973,0.69969726,1.2396972,1.0296973,1.0696973,-1.0403028,-0.8903027,-1.4503027,-0.39030275,-1.6203027,-0.44030273,-1.4303027
2.2996972,2.4796972,2.2896972,2.4496973,1.5996972,0.71969724,0.9096973,1.4196973,1.2196972,0.76969725,1.3196973,1.7796973,1.1996973,2.1796973,1.8696972,1.8496972,1.9996972,2.3596973,0.8696973,0.46969727,-0.13030273,0.19969727,-0.11030273,-0.80030274,-0.42030275,0.22969727,0.96969724,1.6796973,1.9896972,1.5296973,1.1196972,0.14969726,0.40969726,1.0096973,1.1096972,0.009697266,-0.7003027,-0.090302736,-0.68030274,0.93969727,-0.46030274
1.4896972,2.3296974,2.4596972,2.1296973,2.1396973,1.6896973,-0.08030274,1.0096973,1.5596973,0.52969724,0.059697267,2.0896974,1.2796973,1.8796973,2.9796972,2.7996972,2.7996972,2.7796972,1.4196973,2.2296972,1.9096973,1.9996972,1.5596973,1.8696972,1.9196973,2.5296972,1.8596972,2.2296972,2.3596973,2.0296972,1.4496973,1.7396972,1.0996972,0.8696973,0.8696973,0.82969725,0.70969725,-0.090302736,0.079697266,-0.49030274,-0.42030275
2.6196973,2.2496972,1.9596972,1.6796973,1.9596972,1.2796973,1.2396972,1.1296973,2.6396973,1.3596972,0.44969726,1.5996972,1.4696972,2.8096972,2.8496974,2.8096972,2.4896972,2.5096972,1.3696972,2.3896973,1.5796973,1.2396972,2.3796973,1.5096973,3.2596972,3.0996974,3.3296974,3.4396973,3.0996974,2.5496972,2.0096972,2.2896972,1.7996973,0.99969727,1.1796973,0.95969725,0.49969727,-0.37030274,-0.45030272,-0.50030273,-0.91030276
3.9496973,2.6296973,3.4496973,2.9496973,0.81969726,1.3296973,1.6996973,2.2196972,1.3796973,0.7296973,0.15969726,0.69969726,1.9396973,2.1596973,2.9196973,2.2996972,2.3996973,2.2596972,0.99969727,2.4896972,2.4096973,2.2696972,3.7296972,2.9996972,3.2196972,2.1796973,1.7096972,3.0496972,2.7996972,3.0696974,2.7996972,1.9496973,1.9796972,1.5496973,1.5696973,1.2996973,0.76969725,0.81969726,-0.44030273,0.48969728,-0.38030273
3.5996974,5.039697,4.4696975,3.6296973,2.8796973,3.5596972,4.079697,2.8996973,2.1996973,1.5996972,0.83969724,1.4496973,2.9796972,1.0996972,3.0496972,2.5896974,2.2996972,2.5996974,1.4996972,2.8596973,2.8296974,2.9996972,2.7196972,3.1696973,2.3896973,2.4996972,2.7996972,2.5996974,2.5996974,2.4996972,2.9296973,3.2296972,2.2896972,1.8996973,1.7796973,1.8996973,0.47969726,1.6696973,1.5396973,0.69969726,-1.1003027
