wind_kz.json
{"header": {"discipline":0,"disciplineName":"Meteorological products","gribEdition":2,"gribLength":1102,"center":7,"centerName":"US National Weather Service - NCEP(WMC)","subcenter":0,"refTime":"2023-08-25T00:00:00.000Z","significanceOfRT":1,"significanceOfRTName":"Start of forecast","productStatus":0,"productStatusName":"Operational products","productType":1,"productTypeName":"Forecast products","productDefinitionTemplate":0,"productDefinitionTemplateName":"Analysis/forecast at horizontal level/layer at a point in time","parameterCategory":2,"parameterCategoryName":"UnknownDiscipline_0_Category_2","parameterNumber":3,"parameterNumberName":"UnknownParameter_D0_C2_3","parameterUnit":"Unknown","genProcessType":2,"genProcessTypeName":"Forecast","forecastTime":60,"surface1Type":103,"surface1TypeName":"Specified height level above ground","surface1Value":10.0,"surface2Type":255,"surface2TypeName":"Missing","surface2Value":0.0,"gridDefinitionTemplate":0,"gridDefinitionTemplateName":"Latitude_Longitude","numberPoints":615,"shape":6,"shapeName":"Earth spherical with radius of 6,371,229.0 m","gridUnits":"degrees","resolution":48,"winds":"true","scanMode":64,"nx":41,"ny":15,"basicAngle":0,"lo1":47.0,"la1":41.0,"lo2":87.0,"la2":55.0,"dx":1.0,"dy":1.0}, "data":
[rows 0 to 14 of 15, columns 0 to 40 of 41]
1.1310498,2.2510498,-3.5389502,3.9110498,1.7210498,0.021049805,-4.1989503,-2.7189503,-4.00895,-4.93895,-3.87895,-4.54895,-4.27895,-4.37895,-3.7189503,-5.6389503,-6.06895,-4.77895,-2.3489501,-1.8889502,-0.1989502,1.2310498,-0.1889502,1.3810498,-3.0189502,3.1510499,2.9110498,1.9410498,1.4010499,2.0410497,1.6810498,-0.4189502,-1.3289502,-6.2189503,-6.03895,3.1710498,4.95105,3.83105,-0.4089502,1.9310498,0.6810498
-1.7889502,2.5710497,1.7510498,1.0510498,-0.6789502,0.3310498,-4.6789503,-5.4089503,-4.06895,-4.06895,-3.5189502,-0.1989502,-4.52895,-4.87895,-4.16895,-5.0789504,-5.9289503,-3.9989502,-1.9589502,-1.4389502,0.61104983,3.9010499,5.8810496,4.18105,2.35105,1.8910499,4.46105,3.12105,0.4310498,-2.5789502,-0.4189502,3.9110498,-0.17895019,2.2210498,2.10105,2.1610498,3.2910497,-0.2889502,1.4810498,0.8810498,-1.1489502
-0.3389502,3.1410499,1.0510498,-0.2989502,-2.4789503,-1.3489501,-3.2089503,-6.02895,-4.54895,-5.8689504,-6.20895,-5.56895,-4.4889503,-6.9889503,-7.3289504,-6.77895,-5.7389503,-2.4689503,-4.64895,-0.5289502,2.7210498,-1.0589502,2.7910497,5.8010497,3.1910498,3.12105,-3.4389503,-5.31895,2.6410499,0.13104981,-2.8189502,-2.4589503,-3.4389503,1.9410498,-2.4589503,1.1310498,0.1610498,3.4910498,1.3310498,3.5110497,1.0210499
-2.5089502,0.4810498,-0.27895018,-2.3189502,-1.3289502,-4.6789503,-4.28895,-3.63895,-5.22895,-7.20895,-6.1389503,-4.18895,-6.8489504,-5.6989503,-4.56895,-7.51895,-7.51895,-3.8189502,-1.1889502,1.1210498,1.7710499,6.54105,3.9310498,5.75105,1.6910498,6.3210497,2.37105,-2.9389503,-2.4689503,-7.4889503,-10.55895,-11.25895,-2.13895,1.6310498,1.6410499,-2.7989502,0.5910498,1.2510498,-1.8089502,-2.7289503,2.7410498
5.0510497,2.4310498,0.8110498,-1.3789502,-4.1389503,-5.9489503,-6.25895,-5.62895,-5.53895,-6.60895,-6.16895,-6.3289504,-5.66895,-4.06895,-1.3289502,-5.9089503,-7.01895,-7.2189503,-4.26895,2.1310499,3.0110497,1.5410498,3.0510497,2.9410498,-2.9889503,5.98105,5.1910496,4.68105,1.6410499,-0.6789502,-6.6589503,-7.81895,-2.15895,-1.5189502,-0.8489502,1.8310498,-0.118950196,-0.3089502,1.7610497,0.5910498,-1.0189502
-1.3189502,-1.2389503,6.5510497,3.9510498,0.2910498,-2.9789503,-2.9389503,-2.8489501,-3.63895,-5.3289504,-6.85895,-6.9489503,-5.50895,-6.18895,-3.15895,-6.16895,-5.75895,-5.6989503,-2.9989502,-0.028950196,-1.7089502,4.3610497,5.3410497,4.0710497,2.0110497,-1.1389502,0.13104981,5.52105,3.5410497,2.6310499,-0.5089502,-4.45895,-6.29895,6.24105,4.3610497,4.5510497,1.7310498,2.9910498,1.8710498,-2.0889502,-5.29895
-1.4689502,-2.0889502,-0.7989502,-1.3189502,-1.5089502,-3.7389503,-4.58895,-3.5489502,-3.5689502,-5.6589503,-6.33895,-7.5589504,-5.4489503,-5.01895,1.4910498,-3.63895,-7.26895,-0.9889502,-0.038950194,-1.4789501,3.7110498,4.47105,3.6710498,7.04105,5.27105,3.8010497,3.59105,3.9510498,4.6710496,2.9210498,1.5810498,-0.4789502,-3.4489503,3.9710498,2.1610498,2.1910498,0.2710498,1.3010498,4.16105,-0.7589502,-5.24895
-0.1689502,-0.3889502,1.1810498,0.041049805,-1.0889502,-1.9589502,-3.66895,-3.7489502,-3.3389502,-4.7389503,-5.5989504,-6.0589504,-6.3689504,-2.4489503,-3.9989502,-6.50895,-7.77895,-7.5789504,-5.04895,1.1110498,-1.5989501,-2.1889503,4.3210497,8.25105,4.25105,3.9210498,2.6910498,4.74105,4.1710496,4.27105,5.81105,2.9410498,-2.5389502,2.08105,1.7910498,-0.8989502,0.6310498,-0.9189502,-1.9189502,-3.8089502,0.3510498
1.5710498,-0.3989502,1.4710498,0.5910498,-0.5489502,-1.6689502,-1.4689502,-2.4689503,-3.40895,-4.1589503,-4.24895,-4.33895,-5.8289504,-6.3689504,-5.33895,-5.72895,-6.00895,-8.65895,-7.7189503,-1.3289502,1.9010499,-0.7089502,4.3610497,6.35105,5.3610497,0.1910498,4.8610497,2.9710498,2.7110498,4.68105,5.04105,5.48105,1.9510498,5.14105,-1.1489502,2.83105,1.1210498,2.7310498,0.5710498,-0.43895018,-2.1989503
1.9210498,-0.63895017,1.3710498,0.67104983,-0.43895018,-0.7789502,-0.8789502,-3.0589502,-2.3489501,-3.1189501,-4.35895,-3.6789503,-3.7589502,-5.06895,-4.79895,-5.43895,-6.03895,-5.95895,-8.318951,-6.9289503,3.1810498,0.4810498,-1.5889502,-1.8289502,1.5710498,5.45105,5.12105,3.6410499,2.7610497,2.9910498,4.06105,5.6310496,3.0610497,-0.82895017,2.9810498,-0.8489502,0.3910498,-0.6289502,0.8110498,1.2710499,2.59105
2.11105,0.6510498,-1.5389502,-0.088950194,0.7310498,-0.27895018,0.6210498,-2.15895,-1.4489502,-1.8389502,-2.41895,-2.7789502,-2.8289502,-3.2489502,-2.90895,-3.6889503,-5.3889503,-5.6189504,-6.91895,-6.64895,-5.2389503,-2.91895,1.3310498,0.6510498,1.0910498,-0.7589502,-0.008950195,0.9910498,-0.5889502,1.2010498,6.54105,3.3110497,4.99105,2.2610497,1.9010499,0.4110498,0.3810498,1.1210498,2.7710497,0.3510498,3.9110498
-3.9389503,-2.7889502,0.031049805,0.1010498,1.9610498,4.93105,3.34105,1.3010498,0.4410498,0.3510498,-1.7689502,-1.6289502,-0.7289502,-1.8789502,-2.2189503,-2.3589501,-3.7889502,-4.5589504,-4.75895,-5.0989504,-5.70895,0.031049805,-0.6189502,1.5410498,0.5610498,-2.9489503,-3.9289503,-4.1789503,-6.08895,10.97105,9.69105,4.39105,1.5410498,1.2710499,1.8210498,-0.6989502,-2.40895,-1.1689502,-1.1989502,-1.4389502,-0.7889502
-2.0289502,-4.01895,-2.7489502,0.24104981,2.3910499,2.5610497,3.1910498,2.7910497,2.6510499,1.1610498,0.13104981,0.031049805,0.4310498,-2.12895,-1.2589502,1.5810498,-2.2689502,-1.7789502,-0.3089502,-4.3489504,-4.1989503,1.1710498,0.9610498,0.011049804,-0.2189502,-2.2589502,-4.43895,-5.28895,-4.7389503,-2.1889503,1.7810498,3.0610497,4.1910496,1.6010498,1.0810498,1.1110498,0.0710498,-0.9189502,0.15104981,-0.6589502,-1.3589501
-4.49895,-5.47895,-5.9489503,-3.3589501,-2.6789503,0.4110498,0.9610498,2.1910498,2.6310499,1.8110498,1.5410498,-0.038950194,-0.6989502,-1.2189502,-0.8689502,2.1610498,-1.3989502,-3.0689502,0.2210498,-2.5089502,-4.4889503,-3.8689501,-1.2089502,1.4210498,-0.028950196,-0.7289502,-3.7689502,-5.68895,-2.7789502,-1.8989502,-3.7789502,-0.2289502,1.5610498,1.1210498,2.12105,2.1710498,0.6510498,0.13104981,0.041049805,-0.7289502,-1.7189502
-2.7989502,-4.60895,-7.25895,-5.45895,-3.0989501,-1.3389502,0.9110498,2.2510498,0.5510498,2.6310499,2.5510497,2.61105,1.4610498,-0.49895018,0.9710498,0.31104982,-0.5989502,0.4410498,-2.1089501,-1.7989502,-2.15895,-3.4989502,-3.9889503,-0.4889502,-0.2989502,0.5610498,-1.0189502,-3.0289502,-1.9889503,-1.1789502,2.9310498,0.7210498,-0.20895019,0.0710498,0.7010498,1.5210499,0.8010498,0.31104982,1.2610497,-0.3989502,0.08104981
