wind_kz.json
{"header": {"discipline":0,"disciplineName":"Meteorological products","gribEdition":2,"gribLength":1102,"center":7,"centerName":"US National Weather Service - NCEP(WMC)","subcenter":0,"refTime":"2023-09-19T18:00:00.000Z","significanceOfRT":1,"significanceOfRTName":"Start of forecast","productStatus":0,"productStatusName":"Operational products","productType":1,"productTypeName":"Forecast products","productDefinitionTemplate":0,"productDefinitionTemplateName":"Analysis/forecast at horizontal level/layer at a point in time","parameterCategory":2,"parameterCategoryName":"UnknownDiscipline_0_Category_2","parameterNumber":3,"parameterNumberName":"UnknownParameter_D0_C2_3","parameterUnit":"Unknown","genProcessType":2,"genProcessTypeName":"Forecast","forecastTime":180,"surface1Type":103,"surface1TypeName":"Specified height level above ground","surface1Value":10.0,"surface2Type":255,"surface2TypeName":"Missing","surface2Value":0.0,"gridDefinitionTemplate":0,"gridDefinitionTemplateName":"Latitude_Longitude","numberPoints":615,"shape":6,"shapeName":"Earth spherical with radius of 6,371,229.0 m","gridUnits":"degrees","resolution":48,"winds":"true","scanMode":64,"nx":41,"ny":15,"basicAngle":0,"lo1":47.0,"la1":41.0,"lo2":87.0,"la2":55.0,"dx":1.0,"dy":1.0}, "data":
[rows 0 to 14 of 15, columns 0 to 40 of 41]
2.1295948,1.3895947,-1.6404053,-5.0904055,-2.6604052,-1.1004052,-2.2704053,-1.0804052,-1.3404052,-2.9104052,-4.8804054,-4.7104053,-3.9704053,-3.1404052,-1.0304053,-0.94040525,-1.2004052,-1.6104053,0.29959473,-0.57040524,-0.7304053,-1.6304053,-1.1804053,1.4195948,1.4195948,1.8295947,0.87959474,-0.43040526,1.6895947,6.359595,2.1895947,3.0095947,-0.50040525,-0.29040527,0.7195947,1.1195947,1.4095948,0.7395947,0.14959472,0.30959472,-0.36040527
-0.69040525,0.059594728,-1.5604053,-2.3204052,-0.32040527,-1.8904053,-2.2304053,-3.2404053,-2.4404054,-2.9704053,-3.9004052,-4.8104053,-5.0204053,-4.4004054,-3.8704052,-1.4004053,0.039594725,-2.0004053,-0.7904053,-0.3704053,-1.5004053,-1.9304053,-0.7204053,-1.1804053,2.5995948,3.1695948,2.9995947,1.7595947,2.8895948,2.5195947,0.5895947,2.5195947,0.9695947,0.44959474,1.1895947,3.1395948,1.5995947,2.5795946,1.4895947,1.8095948,-0.20040527
0.7995947,1.0795947,-0.42040527,-1.1304053,-0.6604053,-1.4004053,-2.1804054,-3.1804054,-2.3704052,-3.1204052,-4.030405,-4.3604054,-4.7104053,-4.280405,-4.5204053,-4.350405,-4.0504055,-3.8904052,-1.1104053,-0.9004053,-1.4504052,-1.2504053,-2.7604053,0.039594725,-1.8604053,-2.1404052,-1.6504053,-1.4704052,-0.82040524,-0.94040525,0.19959472,2.3295946,0.67959476,1.5395948,0.92959476,-0.82040524,0.7795947,2.6895947,0.50959474,1.3495947,0.88959473
0.16959472,-0.6604053,-1.3104053,-1.5504053,-0.7804053,-1.7004052,-1.5204053,-2.4104052,-2.1804054,-2.4504054,-3.2304053,-4.470405,-5.010405,-4.910405,-4.1704054,-5.120405,-4.8204055,-5.5504055,-4.7104053,-1.6504053,0.039594725,-1.8004053,0.049594726,-1.0204053,-1.3604053,-2.3204052,-2.2704053,-0.42040527,-0.8304053,-1.8404052,1.7295947,2.4495947,1.2195947,-0.110405274,0.38959473,2.3995948,1.7995948,2.5395947,-1.0804052,-2.4104052,-1.9704052
-1.4704052,-2.5104053,-1.6104053,-1.5104053,-0.5104053,-0.32040527,-1.6304053,-2.0204053,-1.7004052,-2.8504052,-3.3904052,-3.9804053,-4.990405,-5.4204054,-4.390405,-4.490405,-4.240405,-4.7504053,-4.4604053,-3.6904054,-1.6904052,-0.48040527,-0.45040527,-0.88040525,-1.3604053,-1.6904052,-3.8504052,-3.5204053,-2.0804052,-1.3304052,-0.87040526,-1.3204052,-1.5304053,-1.3604053,0.6495947,-0.7004053,3.8895948,-0.20040527,-1.3104053,-0.13040528,0.13959473
-0.7704053,-1.1804053,-2.2804053,-1.6004052,-1.1604053,-1.4704052,-1.2904053,-0.8304053,-1.4604052,-1.8404052,-3.0204053,-3.9404054,-4.0604053,-4.7304053,-5.2904053,-4.7304053,-4.390405,-3.7204053,-3.1304052,-2.2104053,-1.9904053,-1.7504053,-0.99040526,-0.8904053,-1.5304053,-2.0604053,-2.9004052,-4.600405,-2.8904052,-3.3504052,-2.8804052,-3.5904052,-0.33040527,-0.25040528,-2.0604053,15.369595,-2.0704052,7.419595,0.12959473,-0.43040526,0.49959472
-1.2804053,-1.6004052,-1.0704052,-1.0404053,-1.3004053,-1.5004053,-1.4904053,-0.86040527,-1.0004053,-1.3804053,-2.0104053,-2.5404053,-3.7204053,-4.7504053,-5.010405,-4.5004053,-4.160405,-3.7504053,-2.8804052,-2.6704054,-3.3504052,-2.4204054,-1.7104052,-1.4404052,-1.2004052,-1.4604052,-2.7604053,-1.6004052,-2.7304053,-3.6004052,-2.4404054,-1.9104053,-1.2104052,1.9695947,3.0595946,3.8695948,2.9495947,2.8195946,3.3395948,3.5195947,6.4595947
-1.1804053,-1.3304052,-1.6904052,-1.5904052,-1.4704052,-1.9504052,-1.5204053,-1.2304053,-0.57040524,-0.9804053,-2.0004053,-1.6804053,-3.1904054,-3.4204054,-3.9804053,-3.8004053,-3.7704053,-3.3504052,-3.0304053,-2.2404053,-2.6604052,-2.9104052,-3.1104052,-2.1304052,-2.2204053,-2.6504052,-2.8104053,-1.8204052,-2.3204052,-3.7104053,-2.5004053,0.20959473,0.86959475,-3.7304053,0.81959474,-0.45040527,-0.08040527,3.3895948,-0.25040528,2.7295947,4.839595
0.049594726,-0.47040528,-0.68040526,-1.4004053,-1.2804053,-1.2204052,-1.1504053,-0.8404053,-1.0704052,-1.2904053,-1.6804053,-2.1904054,-2.6504052,-2.8004053,-3.1504052,-2.8704052,-2.9204054,-2.8404052,-2.4404054,-2.3404052,-1.8004053,-2.4404054,-3.2804053,-2.7704053,-2.6804054,-2.6204052,-2.4304054,-2.9404054,-2.7004054,-1.4004053,-2.0204053,-2.0004053,-4.0527343E-4,0.9195947,3.8095946,4.299595,2.0295947,-1.0804052,2.2695947,1.9895947,0.009594726
-0.6404053,-1.0104053,-0.5104053,-0.28040528,-0.48040527,-0.57040524,0.049594726,-0.45040527,-0.9004053,-1.1204053,-1.9204053,-2.1904054,-2.3304052,-2.8404052,-2.2504053,-1.9704052,-1.9004053,-1.5704052,-1.2404053,-1.2504053,-1.2404053,-1.3304052,-1.5404053,-2.0404053,-1.9404052,-2.0604053,-1.5004053,-1.3904053,-1.8304052,-0.99040526,0.18959473,0.7095947,2.3095946,3.7095947,1.4495947,-0.56040525,0.75959474,2.1995947,1.2195947,0.75959474,1.8695947
-1.8804053,-1.5404053,-2.1704054,-2.4004052,-2.8504052,-3.6404052,-2.7604053,-1.1704053,-0.67040527,-1.1604053,-0.81040525,-1.2804053,-1.7204052,-2.5904052,-3.4104052,-2.7704053,-2.0604053,-1.4104053,-0.6404053,-0.49040526,-0.50040525,-0.67040527,-0.9004053,-1.1204053,-1.1304053,-1.2204052,-1.3704053,-0.36040527,-0.31040528,-0.55040526,1.4495947,3.1295948,3.4395947,3.4195948,1.8295947,1.1595948,0.7695947,-0.63040525,1.0395948,1.3395947,1.2495947
-0.74040526,-1.0504053,-0.7104053,-2.2104053,-3.4804053,-4.0704055,-3.9704053,-3.7404053,-3.4504054,-2.7104053,-0.75040525,-1.0904052,-1.6504053,-1.4004053,-1.1404053,-1.4204053,-2.3504052,-1.2204052,-0.14040527,-0.94040525,-0.16040528,-0.38040528,-0.040405273,0.08959473,-0.110405274,-0.26040527,0.43959472,-0.070405275,0.20959473,1.5295948,3.2695947,4.1395946,3.0895948,3.0295947,2.3795948,1.9695947,1.2195947,-0.93040526,-1.4904053,0.09959473,-0.16040528
-0.8904053,-0.16040528,-0.55040526,-0.87040526,-1.6104053,-1.6904052,-2.6604052,-2.8604052,-3.1804054,-2.7604053,-1.3904053,-1.6504053,-1.1904052,-1.5104053,-1.2304053,-1.0304053,-2.0604053,-2.5504053,-2.5804052,-2.0704052,-0.7704053,-0.010405273,-0.5804053,-0.30040526,-1.1804053,-0.7704053,-0.26040527,0.56959474,1.2695947,2.0595946,3.3695948,4.1895947,4.219595,3.7395947,3.2695947,2.8595948,2.6895947,1.5595948,2.2595947,2.2495947,0.94959474
-0.25040528,-0.16040528,-0.47040528,-1.1504053,-1.5004053,-1.8604053,-2.0704052,-1.6804053,-1.0104053,-1.4304053,-0.6404053,-1.2504053,-1.0304053,-2.3504052,-0.5304053,-2.1204052,-1.9904053,-1.3204052,-1.4104053,-1.2004052,-1.1004052,-1.0604053,-1.0804052,-1.2804053,-1.0104053,-0.8404053,0.21959473,1.2395947,1.8695947,2.6595948,2.8595948,4.0395947,4.719595,4.6195946,3.9195948,4.4095945,3.6095948,3.5795946,3.1995947,2.7595947,3.2195947
-0.060405273,-1.0104053,-1.0004053,-0.9504053,-0.88040525,-0.50040525,-1.3204052,-1.5204053,-1.7004052,-0.67040527,0.82959473,0.31959474,0.029594727,-1.5304053,-2.1704054,-1.7504053,-1.0304053,-0.99040526,-0.81040525,-0.050405275,-0.29040527,-0.50040525,-0.61040527,-0.50040525,-0.50040525,-0.42040527,-0.48040527,-0.16040528,0.8995947,2.4195948,4.029595,4.1595945,4.3695946,4.6195946,4.7295947,4.7095947,5.7295947,5.379595,4.609595,4.7295947,3.4795947
