wind_kz.json
{"header": {"discipline":0,"disciplineName":"Meteorological products","gribEdition":2,"gribLength":1025,"center":7,"centerName":"US National Weather Service - NCEP(WMC)","subcenter":0,"refTime":"2023-08-19T18:00:00.000Z","significanceOfRT":1,"significanceOfRTName":"Start of forecast","productStatus":0,"productStatusName":"Operational products","productType":1,"productTypeName":"Forecast products","productDefinitionTemplate":0,"productDefinitionTemplateName":"Analysis/forecast at horizontal level/layer at a point in time","parameterCategory":2,"parameterCategoryName":"UnknownDiscipline_0_Category_2","parameterNumber":2,"parameterNumberName":"UnknownParameter_D0_C2_2","parameterUnit":"Unknown","genProcessType":2,"genProcessTypeName":"Forecast","forecastTime":60,"surface1Type":103,"surface1TypeName":"Specified height level above ground","surface1Value":10.0,"surface2Type":255,"surface2TypeName":"Missing","surface2Value":0.0,"gridDefinitionTemplate":0,"gridDefinitionTemplateName":"Latitude_Longitude","numberPoints":615,"shape":6,"shapeName":"Earth spherical with radius of 6,371,229.0 m","gridUnits":"degrees","resolution":48,"winds":"true","scanMode":64,"nx":41,"ny":15,"basicAngle":0,"lo1":47.0,"la1":41.0,"lo2":87.0,"la2":55.0,"dx":1.0,"dy":1.0}, "data":
[rows 0 to 14 of 15, columns 0 to 40 of 41]
1.8218408,1.8918408,-2.358159,-1.2381592,-0.14815918,-0.8381592,0.29184082,-0.17815918,0.02184082,0.5418408,0.7118408,-1.8181592,-0.9681592,0.04184082,0.9618408,3.161841,5.1318407,5.071841,4.971841,4.9418406,4.521841,0.99184084,1.2318408,3.7518408,1.2018409,2.2818408,3.8618407,3.8118408,1.1218408,-0.6081592,0.48184082,0.99184084,3.391841,-0.10815918,-1.4581592,-1.3181592,-0.81815916,-1.1181592,-0.68815917,-1.6081592,-2.1681592
-0.5881592,-0.45815918,-4.858159,-2.9481592,-0.26815918,0.39184082,-0.3181592,1.3718408,1.9418408,0.37184083,-0.4181592,-1.3781592,-0.15815918,0.14184082,-0.57815915,-0.5881592,-1.1281592,2.661841,3.401841,2.7718408,3.7918408,2.911841,2.5518408,4.071841,1.9818408,0.12184082,1.2918408,1.2718408,3.6218407,2.8718407,0.8318408,0.9718408,1.1218408,0.9018408,0.14184082,2.431841,0.68184084,-1.5781592,-0.9281592,-3.348159,-0.14815918
-0.37815917,-1.0481591,-2.1881592,-0.19815917,0.5118408,1.5918409,2.141841,-1.7181592,-4.168159,-3.4781592,-0.33815917,0.87184083,2.1318407,0.5418408,1.0418408,-0.10815918,-0.03815918,0.5218408,0.86184084,1.1618408,2.0118408,3.6118407,3.0318408,5.911841,2.1218407,-0.7281592,0.08184082,-2.1881592,3.8718407,-0.5981592,1.4718409,-1.9081591,0.01184082,0.92184085,-1.3381592,1.2318408,2.2518408,1.6718408,5.181841,5.9618406,1.3918408
1.5118408,-0.8981592,-1.4581592,-1.4181591,0.37184083,1.4718409,-1.4181591,-1.4081591,-2.7181592,-1.0481591,-1.4481592,0.22184081,3.3818407,2.7818408,2.4918408,2.171841,0.03184082,2.3118408,3.3218408,2.8818407,3.7918408,3.9918408,-1.1481591,2.0118408,-2.1481593,-0.3881592,-0.4181592,0.7018408,2.141841,-0.018159179,0.7618408,4.321841,1.9918408,1.8518409,3.151841,3.7218409,2.4718409,1.3918408,-2.1781592,-0.75815916,-0.6481592
-3.078159,-2.2281592,-1.8081592,-1.2181592,-0.5981592,-0.99815917,-0.30815917,-0.6181592,3.0718408,2.661841,2.3218408,1.7718408,1.4518409,2.3618407,3.151841,2.5318408,2.2018409,0.9118408,1.5618408,2.6218407,3.921841,3.3418407,2.0018408,-0.27815917,0.8418408,-2.318159,-3.2581592,-4.3681593,-4.318159,-4.568159,-5.1381593,-0.23815918,3.5818408,3.921841,-2.7681592,-1.8681592,-1.9281592,-0.4781592,-1.4881592,-2.4981592,-3.078159
0.9118408,0.9518408,0.86184084,2.9718409,2.6218407,4.6518407,4.791841,3.411841,3.0118408,3.7818408,4.281841,4.6918406,2.0618408,2.6318407,2.161841,3.0218408,3.1118407,1.9418408,2.691841,2.3018408,-1.6281592,-1.2081592,0.50184083,-0.21815918,0.05184082,-4.3081594,-4.208159,0.31184083,-3.088159,-3.5281591,-3.2681592,-3.5081592,-5.878159,-4.988159,-3.9581592,3.161841,0.4918408,2.0218408,-0.94815916,-1.7181592,-0.87815917
3.901841,2.8418407,3.0818408,2.8418407,2.2418408,3.4618409,4.051841,5.851841,5.621841,3.9618409,3.2518408,4.371841,4.221841,4.2518406,3.0418408,3.6018407,4.411841,2.911841,3.5818408,0.42184082,-0.2881592,-2.7081592,-0.20815918,0.6318408,-1.4081591,-0.4181592,-0.008159179,1.4418408,1.5218408,2.5818408,2.2118409,0.7718408,-1.2181592,-1.0181592,0.92184085,1.4218408,0.5818408,-1.5481591,4.301841,-0.9181592,2.161841
0.06184082,3.1018407,1.0018408,0.05184082,0.7218408,1.8418409,2.3618407,2.8818407,2.411841,2.181841,3.401841,3.5618408,4.541841,5.1118407,2.421841,3.891841,2.8218408,3.3018408,2.0218408,3.3118408,0.9118408,1.0818409,0.7118408,1.1518408,-0.9681592,-0.07815918,1.1818408,1.5518408,0.21184082,-1.5181592,-0.76815915,0.24184082,3.0018408,2.3318408,1.4118408,-1.9581592,-0.9681592,3.5618408,6.4418406,4.6518407,4.221841
-1.1181592,-0.07815918,1.2018409,1.8018408,2.401841,3.0018408,2.941841,2.661841,2.5818408,2.8118408,3.7818408,6.1318407,7.0918407,3.6318407,2.2818408,0.6418408,0.7618408,2.671841,3.7618408,3.691841,5.791841,2.2718408,3.8318408,-4.278159,-0.51815915,4.451841,5.791841,1.7618408,2.671841,1.5218408,3.4818408,4.601841,4.491841,2.8118408,3.1118407,1.4118408,1.2318408,-0.51815915,0.7818408,-0.03815918,1.4918408
0.7918408,0.93184084,1.2718408,0.8918408,0.34184083,0.3018408,1.6018409,1.9918408,1.9618409,1.9618409,2.671841,4.581841,3.9518409,1.4518409,1.1418408,-1.4481592,-2.1581593,-2.3781593,-2.0181592,0.8518408,5.0918407,5.661841,0.34184083,2.8518407,4.8618407,3.891841,-1.6481591,7.701841,1.8418409,3.0518408,4.3618407,2.8718407,2.5918407,4.061841,0.7918408,-2.598159,1.1418408,0.48184082,1.7718408,0.8818408,0.75184083
-2.0181592,-1.7581592,-0.12815918,-0.42815918,-0.8381592,-2.578159,-3.328159,-2.7881591,-2.058159,-0.5981592,1.7018409,3.401841,1.9918408,0.93184084,-0.6581592,-1.4281592,-1.7081592,-1.9381592,-1.1481591,-1.2381592,-0.03815918,1.2218409,7.271841,7.331841,6.551841,6.8418407,4.121841,1.6718408,0.24184082,2.3518407,-0.46815917,-1.7981591,-2.348159,-2.608159,-1.8781592,-0.3481592,1.0918409,0.6918408,0.73184085,-0.26815918,1.6718408
-2.7181592,-2.8781593,-3.2581592,-2.8881593,-2.4681592,-2.088159,-2.0481591,-0.81815916,-1.1281592,1.0018408,3.4818408,1.3918408,0.4018408,0.5218408,-0.18815918,-1.3781592,-1.2781591,-1.2181592,-0.3881592,0.3018408,1.1318408,2.3818407,1.0618408,1.0618408,3.431841,0.9018408,-2.078159,-2.1181593,1.3718408,1.2818408,0.23184082,-1.0481591,-2.1381593,-1.8781592,-1.3481592,-1.3581592,-0.5481592,0.3318408,0.7618408,1.2718408,0.29184082
-1.4781592,-2.578159,-1.7881591,-2.088159,-0.74815917,-0.9581592,-1.0481591,-1.7281592,-0.6581592,-0.13815919,0.3018408,1.9018408,0.80184084,1.1018409,-0.7081592,-0.35815918,0.19184083,1.0618408,1.4918408,2.0518408,1.0018408,0.25184083,0.06184082,0.7018408,0.2718408,0.3318408,0.8818408,2.641841,2.1018407,3.5518408,1.8518409,-0.008159179,-1.5881592,-1.0781592,-0.2581592,-0.06815918,-0.17815918,0.7818408,0.87184083,0.9718408,1.1718408
-2.098159,-2.5281591,-1.7981591,-1.5081592,-0.5881592,0.01184082,-0.51815915,0.5918408,-0.10815918,0.34184083,1.2418408,2.1118407,1.3118408,1.5518408,1.2018409,0.62184083,0.99184084,1.5618408,2.171841,0.75184083,1.7318408,1.7818408,1.6718408,1.7018409,1.8918408,2.3218408,1.7518408,3.2418408,3.9918408,4.221841,2.5118408,0.6618408,0.04184082,-1.1981592,-0.4181592,0.9518408,0.21184082,0.50184083,0.3618408,1.4418408,0.5418408
-0.21815918,-0.4781592,-2.088159,-2.5381591,-2.6581593,-1.4681592,0.31184083,1.8918408,1.9018408,2.0218408,1.6818408,3.2618408,3.181841,3.411841,4.551841,3.5418408,4.4018407,4.221841,3.5018408,3.5018408,3.3818407,3.181841,3.151841,2.8618407,2.2518408,2.3418407,3.0818408,4.4218407,5.0018406,3.2218409,0.68184084,-0.16815919,0.8518408,-0.45815918,-1.0381591,-0.15815918,0.9018408,-1.0581592,-0.14815918,0.75184083,1.0318408
