wind_kz.json
{"header": {"discipline":0,"disciplineName":"Meteorological products","gribEdition":2,"gribLength":871,"center":7,"centerName":"US National Weather Service - NCEP(WMC)","subcenter":0,"refTime":"2023-09-11T00:00:00.000Z","significanceOfRT":1,"significanceOfRTName":"Start of forecast","productStatus":0,"productStatusName":"Operational products","productType":1,"productTypeName":"Forecast products","productDefinitionTemplate":0,"productDefinitionTemplateName":"Analysis/forecast at horizontal level/layer at a point in time","parameterCategory":0,"parameterCategoryName":"UnknownDiscipline_0_Category_0","parameterNumber":0,"parameterNumberName":"UnknownParameter_D0_C0_0","parameterUnit":"Unknown","genProcessType":2,"genProcessTypeName":"Forecast","forecastTime":180,"surface1Type":1,"surface1TypeName":"Ground or water surface","surface1Value":0.0,"surface2Type":255,"surface2TypeName":"Missing","surface2Value":0.0,"gridDefinitionTemplate":0,"gridDefinitionTemplateName":"Latitude_Longitude","numberPoints":615,"shape":6,"shapeName":"Earth spherical with radius of 6,371,229.0 m","gridUnits":"degrees","resolution":48,"winds":"true","scanMode":64,"nx":41,"ny":15,"basicAngle":0,"lo1":47.0,"la1":41.0,"lo2":87.0,"la2":55.0,"dx":1.0,"dy":1.0}, "data":
[rows 0 to 14 of 15, columns 0 to 40 of 41]
298.9142,286.9142,292.9142,297.51422,296.8142,295.7142,302.7142,310.2142,308.51422,308.01422,304.7142,304.8142,299.7142,293.6142,294.01422,299.7142,301.3142,303.2142,301.3142,300.3142,304.3142,300.6142,300.9142,297.7142,300.8142,304.3142,299.6142,286.3142,285.3142,284.3142,283.1142,282.51422,292.1142,301.6142,301.2142,300.3142,299.9142,299.01422,298.7142,297.9142,298.1142
276.3142,294.4142,296.7142,296.9142,296.8142,294.7142,309.4142,305.3142,305.4142,304.7142,307.7142,304.2142,300.3142,295.7142,293.2142,296.1142,298.6142,303.8142,303.9142,300.51422,300.7142,300.2142,297.7142,289.1142,283.2142,283.51422,293.2142,286.01422,287.51422,281.4142,283.3142,276.6142,284.8142,262.7142,280.2142,296.1142,295.9142,296.7142,301.01422,292.4142,285.6142
298.9142,295.8142,296.8142,296.7142,294.7142,305.3142,304.1142,303.9142,303.01422,301.51422,297.1142,300.6142,295.2142,300.4142,298.2142,295.7142,298.8142,297.2142,299.9142,301.7142,301.2142,299.01422,299.01422,293.7142,297.3142,295.51422,297.2142,297.2142,295.2142,284.6142,277.9142,278.6142,285.1142,283.3142,284.7142,283.8142,277.1142,279.1142,281.8142,277.51422,278.8142
300.4142,294.9142,295.9142,295.9142,296.3142,305.51422,303.7142,300.4142,302.3142,299.2142,302.1142,300.8142,293.2142,292.51422,299.51422,300.3142,300.3142,299.51422,301.51422,301.1142,299.4142,296.1142,299.1142,299.7142,299.6142,299.3142,299.51422,296.9142,295.51422,297.1142,296.8142,292.3142,296.01422,295.51422,295.6142,290.01422,277.51422,274.01422,280.51422,290.2142,292.6142
302.9142,293.51422,294.51422,293.7142,296.7142,302.8142,305.3142,303.6142,301.3142,301.01422,295.6142,296.1142,292.51422,291.4142,290.1142,299.51422,301.7142,301.1142,299.51422,300.1142,300.6142,300.51422,299.51422,299.01422,299.4142,299.9142,298.2142,295.9142,298.01422,297.8142,300.3142,297.8142,282.9142,272.8142,285.6142,293.8142,295.3142,297.2142,297.51422,295.8142,293.51422
305.1142,301.6142,292.8142,294.6142,293.4142,292.7142,298.1142,305.51422,301.51422,300.7142,299.8142,295.7142,293.2142,292.7142,296.01422,296.4142,299.4142,299.2142,300.4142,299.8142,300.6142,299.51422,298.3142,297.3142,297.01422,295.6142,296.9142,290.2142,296.8142,297.51422,297.51422,299.01422,297.1142,296.4142,293.2142,294.7142,286.9142,288.01422,294.9142,295.51422,295.01422
306.1142,305.01422,305.9142,306.8142,301.8142,300.51422,302.01422,300.2142,297.01422,300.1142,298.6142,294.6142,296.2142,299.3142,295.7142,297.1142,297.1142,297.01422,298.2142,298.51422,296.7142,296.9142,297.6142,297.3142,294.4142,293.9142,294.9142,296.6142,295.8142,295.51422,295.51422,295.6142,296.8142,296.51422,295.01422,293.51422,286.9142,284.4142,282.8142,280.3142,290.4142
305.7142,304.9142,304.8142,303.9142,304.51422,302.1142,299.2142,297.7142,295.8142,294.1142,293.3142,292.8142,296.6142,294.2142,295.3142,294.6142,298.01422,297.3142,294.7142,292.4142,292.4142,292.4142,291.3142,291.3142,290.2142,288.51422,287.7142,290.6142,291.4142,293.9142,293.7142,294.51422,292.6142,289.9142,286.2142,292.9142,294.51422,289.1142,292.1142,291.7142,287.01422
302.9142,301.4142,301.4142,302.3142,300.51422,300.01422,294.9142,295.8142,295.8142,292.51422,290.1142,295.9142,291.9142,296.01422,295.4142,294.7142,295.01422,297.4142,296.2142,294.51422,291.8142,291.01422,290.8142,289.8142,288.4142,287.6142,286.01422,285.7142,286.2142,287.4142,288.8142,289.9142,290.9142,290.51422,292.1142,289.8142,287.2142,287.1142,277.51422,275.1142,275.8142
300.51422,299.9142,300.01422,296.8142,298.9142,297.6142,294.1142,295.2142,292.4142,292.9142,293.9142,294.1142,292.6142,293.4142,293.4142,292.7142,294.8142,293.4142,293.3142,293.51422,289.8142,291.1142,291.01422,291.51422,290.1142,288.9142,289.01422,288.7142,288.3142,289.01422,288.9142,290.9142,291.7142,292.3142,291.9142,289.8142,284.7142,280.7142,276.51422,276.01422,274.6142
298.4142,297.7142,297.01422,295.01422,293.6142,292.7142,296.2142,296.3142,294.3142,294.9142,288.4142,291.8142,292.2142,294.2142,293.6142,291.6142,292.3142,292.8142,292.01422,294.2142,292.3142,292.2142,291.01422,290.8142,289.9142,290.01422,288.2142,290.7142,291.51422,292.8142,292.9142,292.3142,287.6142,291.51422,290.51422,288.1142,281.2142,278.7142,279.8142,278.8142,276.3142
295.3142,295.6142,293.01422,294.1142,294.01422,294.01422,293.3142,293.3142,290.8142,291.3142,289.01422,287.3142,289.8142,288.01422,290.9142,292.01422,291.51422,292.4142,291.2142,292.1142,291.1142,290.51422,290.01422,290.01422,289.6142,291.01422,290.51422,290.7142,293.51422,293.1142,290.3142,290.3142,290.8142,289.4142,288.9142,287.9142,286.6142,285.2142,283.9142,284.2142,283.6142
287.8142,290.01422,292.01422,290.8142,289.01422,285.01422,287.8142,292.01422,290.01422,287.51422,284.1142,284.8142,287.6142,287.51422,288.3142,289.7142,289.8142,290.1142,291.8142,290.9142,288.6142,289.2142,289.6142,289.3142,289.4142,290.01422,291.9142,292.1142,291.2142,289.8142,291.2142,290.4142,289.7142,289.4142,289.6142,289.01422,286.6142,286.7142,285.6142,283.8142,283.6142
288.6142,289.01422,288.1142,288.01422,287.6142,284.51422,284.1142,284.7142,289.51422,286.8142,283.01422,281.1142,283.9142,285.3142,287.9142,289.1142,289.7142,289.51422,288.01422,290.7142,289.2142,290.7142,290.4142,291.8142,290.4142,291.7142,291.8142,287.9142,289.51422,288.6142,290.2142,289.6142,288.7142,288.01422,287.7142,285.51422,285.51422,285.7142,285.01422,283.2142,284.4142
283.8142,284.8142,288.01422,285.3142,287.1142,286.51422,286.1142,282.7142,284.6142,283.7142,283.7142,283.3142,281.4142,283.4142,284.01422,287.4142,288.51422,288.3142,289.7142,288.8142,291.2142,290.3142,291.6142,291.1142,291.2142,291.6142,291.4142,289.8142,288.6142,289.6142,287.9142,285.8142,288.9142,286.3142,287.3142,286.01422,287.2142,285.3142,285.7142,286.1142,285.1142
