wind_kz.json
{"header": {"discipline":0,"disciplineName":"Meteorological products","gribEdition":2,"gribLength":871,"center":7,"centerName":"US National Weather Service - NCEP(WMC)","subcenter":0,"refTime":"2024-02-02T06:00:00.000Z","significanceOfRT":1,"significanceOfRTName":"Start of forecast","productStatus":0,"productStatusName":"Operational products","productType":1,"productTypeName":"Forecast products","productDefinitionTemplate":0,"productDefinitionTemplateName":"Analysis/forecast at horizontal level/layer at a point in time","parameterCategory":0,"parameterCategoryName":"UnknownDiscipline_0_Category_0","parameterNumber":0,"parameterNumberName":"UnknownParameter_D0_C0_0","parameterUnit":"Unknown","genProcessType":2,"genProcessTypeName":"Forecast","forecastTime":300,"surface1Type":1,"surface1TypeName":"Ground or water surface","surface1Value":0.0,"surface2Type":255,"surface2TypeName":"Missing","surface2Value":0.0,"gridDefinitionTemplate":0,"gridDefinitionTemplateName":"Latitude_Longitude","numberPoints":615,"shape":6,"shapeName":"Earth spherical with radius of 6,371,229.0 m","gridUnits":"degrees","resolution":48,"winds":"true","scanMode":64,"nx":41,"ny":15,"basicAngle":0,"lo1":47.0,"la1":41.0,"lo2":87.0,"la2":55.0,"dx":1.0,"dy":1.0}, "data":
[rows 0 to 14 of 15, columns 0 to 40 of 41]
279.9483,275.7483,278.2483,280.2483,280.6483,282.04828,284.4483,287.04828,284.7483,285.1483,283.4483,283.7483,283.4483,282.8483,282.9483,282.2483,282.04828,280.8483,283.2483,281.8483,282.04828,280.4483,280.2483,277.3483,275.4483,277.3483,272.3483,256.8483,256.8483,255.0483,259.9483,258.8483,263.8483,271.04828,272.8483,272.04828,271.54828,271.9483,271.9483,271.3483,272.1483
266.8483,278.8483,280.1483,279.9483,280.54828,281.04828,285.9483,284.54828,284.54828,283.9483,283.2483,282.04828,282.54828,281.9483,282.04828,282.1483,282.54828,282.04828,280.54828,281.4483,281.1483,280.04828,277.9483,269.8483,252.64828,256.1483,262.2483,254.64828,260.3483,257.54828,263.54828,248.24829,264.8483,246.44829,254.24829,265.1483,263.3483,270.3483,271.7483,268.1483,269.8483
279.04828,278.54828,279.9483,280.3483,280.4483,283.8483,284.6483,282.6483,281.8483,281.04828,280.3483,280.8483,280.8483,280.4483,279.1483,278.4483,279.2483,276.54828,276.54828,277.4483,278.6483,279.04828,278.4483,270.1483,276.6483,274.6483,273.3483,273.4483,273.8483,265.8483,253.8483,258.2483,258.8483,258.4483,256.3483,264.2483,254.3483,252.8483,252.94829,256.9483,255.5483
279.9483,275.7483,277.4483,278.7483,280.1483,283.4483,281.6483,280.8483,281.1483,279.7483,279.4483,279.2483,281.2483,281.8483,278.54828,276.1483,276.6483,275.6483,275.1483,275.3483,277.7483,269.7483,275.1483,273.4483,273.8483,273.9483,273.6483,270.8483,272.4483,271.2483,270.6483,270.8483,272.4483,270.1483,263.04828,265.6483,254.5483,253.8483,266.54828,262.8483,260.3483
279.3483,272.8483,272.1483,273.2483,276.1483,280.9483,279.8483,280.04828,279.2483,277.8483,277.1483,276.7483,278.9483,279.04828,278.2483,275.3483,275.2483,275.4483,275.54828,273.9483,276.9483,276.04828,273.54828,273.4483,272.3483,271.8483,269.7483,270.9483,273.4483,273.04828,272.2483,271.54828,264.04828,250.0483,267.1483,260.6483,259.2483,256.3483,257.6483,258.04828,260.2483
279.1483,277.2483,272.9483,272.2483,272.04828,272.3483,279.3483,279.8483,277.04828,276.4483,275.54828,275.2483,278.4483,279.04828,273.9483,274.6483,274.4483,273.9483,273.1483,273.04828,271.8483,274.8483,272.4483,271.54828,271.54828,267.7483,270.54828,268.6483,267.7483,267.2483,268.2483,270.04828,262.3483,260.2483,268.6483,266.1483,266.04828,262.54828,258.6483,256.2483,257.2483
278.6483,277.6483,279.3483,278.04828,275.2483,277.9483,278.8483,276.4483,275.9483,275.2483,274.3483,272.9483,273.6483,273.6483,272.8483,274.1483,272.7483,273.8483,271.7483,270.1483,269.3483,269.8483,268.54828,268.6483,265.1483,264.9483,264.4483,267.8483,263.04828,264.6483,262.1483,262.3483,262.3483,259.2483,260.4483,262.04828,262.04828,262.6483,257.4483,259.54828,256.54828
273.7483,274.2483,274.9483,275.6483,275.7483,276.54828,275.4483,275.4483,274.4483,273.1483,271.6483,272.3483,270.6483,270.04828,272.8483,272.6483,271.9483,272.9483,270.6483,269.2483,272.3483,272.54828,267.6483,265.8483,266.7483,261.8483,265.2483,263.9483,271.2483,272.3483,270.6483,270.4483,269.04828,265.04828,258.8483,260.3483,256.8483,258.7483,254.8483,254.24829,257.3483
271.2483,271.7483,272.4483,272.8483,273.3483,274.54828,274.2483,273.7483,272.54828,271.6483,270.7483,268.04828,268.54828,269.2483,271.3483,272.8483,272.1483,272.9483,272.2483,273.1483,270.6483,272.4483,272.2483,272.2483,272.04828,271.9483,271.9483,271.8483,270.8483,270.3483,270.9483,271.2483,272.2483,271.3483,268.8483,263.9483,262.2483,262.4483,264.6483,262.04828,259.9483
269.9483,270.54828,270.6483,271.4483,271.7483,271.7483,272.04828,272.04828,271.6483,271.54828,268.8483,268.3483,270.1483,268.6483,268.6483,272.1483,272.6483,272.7483,272.8483,272.9483,272.54828,272.6483,272.8483,272.3483,272.4483,271.9483,272.3483,272.1483,271.9483,271.6483,271.9483,272.9483,273.2483,272.04828,269.3483,269.04828,267.9483,263.04828,264.9483,265.2483,263.8483
267.7483,268.2483,268.04828,267.4483,269.7483,268.54828,270.6483,271.04828,270.7483,271.3483,270.6483,271.54828,272.8483,271.2483,271.04828,270.9483,269.6483,271.2483,271.3483,269.6483,270.04828,270.2483,270.3483,271.3483,271.54828,271.6483,270.7483,271.8483,272.2483,272.6483,273.1483,273.6483,273.1483,272.7483,271.3483,270.6483,268.2483,262.7483,259.9483,265.8483,266.4483
259.6483,262.2483,264.04828,262.9483,264.2483,265.1483,265.54828,265.9483,266.6483,268.6483,266.9483,267.04828,269.2483,269.3483,270.3483,269.6483,269.3483,267.2483,267.3483,265.54828,264.9483,264.54828,264.04828,264.4483,265.04828,266.9483,266.8483,268.7483,269.7483,269.8483,270.54828,270.4483,270.9483,269.54828,272.1483,272.8483,272.3483,272.6483,272.2483,273.04828,271.4483
257.6483,257.1483,259.1483,259.2483,260.9483,262.4483,261.6483,261.1483,261.8483,262.6483,263.9483,262.54828,265.3483,263.7483,265.04828,265.2483,264.54828,263.54828,262.9483,261.7483,261.54828,260.4483,261.54828,261.04828,263.6483,263.9483,266.1483,262.3483,263.7483,265.4483,264.3483,264.04828,263.9483,263.1483,264.7483,265.4483,267.54828,269.8483,269.54828,269.8483,271.8483
251.8483,252.3483,251.64828,253.44829,253.94829,255.24829,257.6483,257.9483,259.3483,260.54828,259.8483,259.7483,260.9483,261.2483,261.7483,261.3483,261.4483,260.2483,258.6483,259.7483,258.9483,258.54828,258.54828,258.7483,257.7483,258.4483,258.6483,260.2483,260.1483,260.04828,259.7483,259.2483,258.8483,256.6483,258.2483,256.4483,256.3483,254.74829,253.94829,263.4483,265.8483
251.0483,249.64828,247.74829,247.8483,248.8483,246.14828,247.3483,248.3483,252.14828,254.74829,258.4483,254.14828,256.2483,258.54828,257.2483,256.6483,257.04828,258.2483,258.2483,255.5483,255.14828,254.0483,254.0483,253.74829,253.5483,253.74829,254.74829,254.94829,256.6483,257.1483,257.1483,256.54828,258.2483,255.94829,254.8483,255.8483,251.94829,255.44829,256.54828,253.74829,252.94829
