wind_kz.json
{"header": {"discipline":0,"disciplineName":"Meteorological products","gribEdition":2,"gribLength":871,"center":7,"centerName":"US National Weather Service - NCEP(WMC)","subcenter":0,"refTime":"2023-09-27T06:00:00.000Z","significanceOfRT":1,"significanceOfRTName":"Start of forecast","productStatus":0,"productStatusName":"Operational products","productType":1,"productTypeName":"Forecast products","productDefinitionTemplate":0,"productDefinitionTemplateName":"Analysis/forecast at horizontal level/layer at a point in time","parameterCategory":0,"parameterCategoryName":"UnknownDiscipline_0_Category_0","parameterNumber":0,"parameterNumberName":"UnknownParameter_D0_C0_0","parameterUnit":"Unknown","genProcessType":2,"genProcessTypeName":"Forecast","forecastTime":60,"surface1Type":1,"surface1TypeName":"Ground or water surface","surface1Value":0.0,"surface2Type":255,"surface2TypeName":"Missing","surface2Value":0.0,"gridDefinitionTemplate":0,"gridDefinitionTemplateName":"Latitude_Longitude","numberPoints":615,"shape":6,"shapeName":"Earth spherical with radius of 6,371,229.0 m","gridUnits":"degrees","resolution":48,"winds":"true","scanMode":64,"nx":41,"ny":15,"basicAngle":0,"lo1":47.0,"la1":41.0,"lo2":87.0,"la2":55.0,"dx":1.0,"dy":1.0}, "data":
[rows 0 to 14 of 15, columns 0 to 40 of 41]
290.54004,281.34003,285.94003,294.04004,293.94003,293.04004,294.44003,295.44003,292.64005,291.24005,290.94003,291.44003,290.54004,290.74005,290.84003,289.34003,290.94003,290.84003,288.94003,293.64005,292.14005,289.74005,289.94003,285.14005,289.84003,292.14005,286.14005,274.74005,272.74005,274.94003,274.44003,274.84003,284.94003,290.04004,290.84003,290.84003,291.34003,290.04004,290.14005,290.34003,288.64005
273.84003,285.94003,293.94003,294.14005,293.74005,292.24005,293.04004,291.14005,289.94003,289.44003,291.44003,290.54004,289.84003,288.94003,284.34003,286.94003,288.84003,287.64005,288.44003,286.74005,289.14005,290.74005,286.54004,279.14005,271.24005,273.64005,280.04004,274.24005,276.14005,274.14005,279.34003,263.84003,276.94003,254.34004,271.74005,286.64005,285.44003,288.04004,290.74005,283.14005,283.64005
288.84003,293.74005,294.04004,293.64005,291.54004,291.64005,290.84003,289.74005,289.14005,289.44003,289.04004,289.24005,287.14005,288.74005,290.44003,286.04004,286.04004,288.44003,286.74005,286.24005,290.14005,287.14005,286.14005,281.34003,285.14005,285.34003,287.44003,286.34003,287.24005,278.64005,269.24005,274.84003,279.74005,279.34003,280.54004,279.14005,271.64005,276.74005,276.94003,271.54004,270.34003
289.14005,293.04004,293.84003,292.94003,291.54004,289.54004,290.84003,289.74005,289.34003,289.74005,288.84003,287.74005,291.14005,290.54004,289.64005,288.74005,289.94003,286.14005,286.24005,285.74005,285.34003,281.14005,287.84003,288.14005,288.84003,289.54004,290.74005,288.84003,287.34003,290.54004,287.74005,287.14005,290.64005,286.64005,285.24005,284.14005,272.44003,264.64005,276.74005,284.04004,286.74005
290.04004,292.34003,292.94003,292.04004,290.94003,289.24005,290.54004,289.44003,289.54004,290.14005,289.94003,287.54004,290.14005,288.94003,287.54004,288.54004,288.54004,287.34003,284.14005,287.64005,287.84003,288.04004,287.24005,287.84003,287.74005,288.44003,286.94003,288.54004,289.54004,288.94003,292.34003,288.94003,274.84003,267.74005,277.24005,285.74005,289.34003,289.64005,289.94003,289.84003,289.34003
289.84003,287.14005,291.34003,292.24005,292.14005,291.84003,289.34003,291.04004,288.94003,289.54004,291.04004,290.84003,289.94003,289.94003,289.24005,287.34003,289.84003,287.54004,288.04004,288.44003,288.04004,291.34003,286.94003,287.14005,286.84003,285.84003,287.44003,288.74005,290.04004,291.14005,290.34003,292.04004,289.44003,286.14005,285.24005,288.44003,280.24005,284.04004,290.24005,290.14005,288.34003
290.04004,288.34003,292.74005,291.74005,290.14005,289.14005,289.74005,289.44003,289.94003,290.14005,288.64005,289.24005,289.44003,289.94003,290.04004,292.24005,290.34003,288.24005,287.64005,287.44003,287.84003,288.04004,289.14005,286.54004,285.74005,286.54004,286.94003,288.94003,288.64005,290.94003,290.04004,288.84003,287.94003,288.34003,286.34003,285.44003,280.54004,278.74005,277.54004,276.24005,284.54004
290.14005,287.34003,291.14005,291.34003,291.54004,290.64005,289.44003,287.74005,287.14005,287.64005,286.84003,286.94003,286.64005,287.94003,288.04004,288.94003,288.74005,288.44003,287.34003,286.14005,286.24005,286.64005,286.04004,284.94003,282.74005,283.14005,282.94003,285.84003,285.54004,288.74005,285.14005,286.94003,285.24005,283.14005,284.24005,282.94003,283.54004,286.84003,283.24005,282.24005,280.14005
288.64005,288.44003,289.04004,288.04004,289.34003,288.94003,287.54004,287.44003,286.44003,285.54004,285.04004,284.54004,284.94003,286.34003,286.74005,286.94003,286.84003,285.84003,286.04004,286.04004,284.44003,283.84003,286.54004,284.14005,281.94003,282.04004,281.54004,283.54004,280.74005,280.94003,282.54004,283.04004,284.44003,283.54004,282.64005,281.34003,280.94003,280.14005,270.44003,270.34003,265.04004
288.24005,289.24005,288.84003,288.54004,288.84003,288.14005,287.24005,289.54004,289.34003,287.84003,286.24005,284.24005,285.14005,286.94003,286.54004,285.04004,285.44003,285.94003,285.24005,286.74005,284.04004,284.54004,285.14005,285.84003,285.24005,281.34003,281.14005,284.64005,283.94003,282.54004,284.14005,285.74005,286.04004,284.74005,284.24005,282.44003,281.14005,278.14005,275.34003,272.64005,269.34003
287.84003,287.94003,287.74005,287.84003,287.64005,287.04004,290.54004,289.24005,288.74005,288.04004,286.84003,286.34003,287.04004,285.64005,285.44003,285.64005,285.14005,287.04004,285.64005,285.24005,286.14005,285.24005,284.14005,285.14005,284.84003,285.04004,283.34003,286.04004,282.64005,286.34003,286.54004,285.24005,284.94003,283.24005,281.74005,279.04004,276.54004,273.94003,274.44003,276.04004,274.04004
286.54004,287.84003,286.94003,286.04004,288.64005,286.24005,285.34003,286.44003,286.24005,285.94003,283.84003,283.34003,285.54004,284.64005,285.74005,286.04004,285.94003,284.64005,286.14005,285.34003,282.84003,283.64005,283.24005,283.84003,282.94003,284.94003,285.04004,285.84003,286.14005,286.14005,285.64005,285.74005,284.84003,284.34003,283.94003,280.84003,279.84003,278.74005,280.84003,278.44003,279.64005
284.44003,283.34003,285.14005,285.24005,285.44003,285.54004,287.54004,286.84003,285.44003,284.14005,281.04004,277.94003,283.44003,281.94003,283.64005,285.04004,284.34003,283.84003,284.54004,283.84003,283.24005,282.44003,281.54004,280.54004,283.14005,284.74005,286.04004,285.04004,285.54004,285.04004,281.94003,282.14005,285.04004,284.44003,282.54004,281.64005,280.64005,282.54004,280.04004,278.44003,279.24005
281.34003,284.04004,285.14005,284.74005,287.84003,286.84003,286.04004,285.14005,285.24005,283.44003,282.04004,278.44003,281.14005,282.94003,283.44003,283.84003,283.94003,283.44003,283.44003,283.74005,283.74005,283.84003,284.04004,284.44003,284.64005,284.04004,284.94003,283.94003,283.64005,284.04004,283.94003,281.94003,280.24005,281.24005,280.14005,279.04004,280.94003,278.54004,278.74005,279.84003,280.74005
283.24005,285.04004,286.04004,284.54004,284.24005,285.64005,285.64005,284.44003,282.14005,282.24005,281.64005,282.24005,280.84003,281.84003,282.54004,282.84003,282.34003,282.54004,283.14005,283.14005,283.64005,281.54004,283.64005,283.64005,282.24005,282.24005,284.04004,283.74005,283.44003,283.04004,282.54004,281.94003,279.54004,278.64005,277.94003,278.24005,278.24005,277.84003,278.04004,278.54004,279.14005
