wind_kz.json
{"header": {"discipline":0,"disciplineName":"Meteorological products","gribEdition":2,"gribLength":1025,"center":7,"centerName":"US National Weather Service - NCEP(WMC)","subcenter":0,"refTime":"2023-08-20T06:00:00.000Z","significanceOfRT":1,"significanceOfRTName":"Start of forecast","productStatus":0,"productStatusName":"Operational products","productType":1,"productTypeName":"Forecast products","productDefinitionTemplate":0,"productDefinitionTemplateName":"Analysis/forecast at horizontal level/layer at a point in time","parameterCategory":2,"parameterCategoryName":"UnknownDiscipline_0_Category_2","parameterNumber":2,"parameterNumberName":"UnknownParameter_D0_C2_2","parameterUnit":"Unknown","genProcessType":2,"genProcessTypeName":"Forecast","forecastTime":0,"surface1Type":103,"surface1TypeName":"Specified height level above ground","surface1Value":10.0,"surface2Type":255,"surface2TypeName":"Missing","surface2Value":0.0,"gridDefinitionTemplate":0,"gridDefinitionTemplateName":"Latitude_Longitude","numberPoints":615,"shape":6,"shapeName":"Earth spherical with radius of 6,371,229.0 m","gridUnits":"degrees","resolution":48,"winds":"true","scanMode":64,"nx":41,"ny":15,"basicAngle":0,"lo1":47.0,"la1":41.0,"lo2":87.0,"la2":55.0,"dx":1.0,"dy":1.0}, "data":
[rows 0 to 14 of 15, columns 0 to 40 of 41]
2.0332012,1.3132013,1.8232013,4.9832015,6.8132014,5.3932014,5.513201,3.4732013,4.5832014,3.6032014,6.4132013,5.1032014,3.7132013,4.1832013,4.823201,1.7832013,1.9132013,1.2632012,-1.0267987,-3.5267987,-3.5867987,-2.2067988,-1.5767987,2.3332014,-0.64679873,0.34320128,3.5932014,2.9032013,0.4832013,2.2832012,-0.6867987,0.79320127,1.1432014,-2.0067987,-2.9767988,-2.0067987,-2.8067987,-2.7467988,-3.3067987,-3.5167987,-3.3867986
-1.3067987,2.2632012,6.673201,5.4932013,4.783201,2.4032013,4.4332013,4.6432014,5.2532015,6.5032015,7.3332014,6.093201,5.363201,4.3532014,2.9232013,3.8232012,0.2732013,-0.13679871,-0.7767987,-0.7767987,-0.7367987,-1.4167987,-0.13679871,3.2232013,1.1432014,0.11320129,1.0432013,1.3532013,3.0332012,2.1132014,1.3132013,1.6732013,-1.8967987,1.4732013,0.7032013,-0.31679872,-0.11679871,-4.906799,-0.9967987,-1.1267987,-0.6567987
0.9532013,6.323201,8.723202,8.353201,5.1632013,3.9132013,4.633201,4.2432013,5.2932014,5.2132015,4.9532013,4.9832015,3.5332012,3.2732012,-2.1267986,-4.5167985,-0.19679871,-4.446799,-4.406799,-3.9267988,-2.9467988,-0.9667987,-1.0967987,-2.7167988,1.0732013,0.6732013,1.3732013,2.9332013,4.0232015,-0.4467987,2.1432014,-1.7267987,-0.7167987,-0.4267987,-0.1867987,2.3632014,1.7832013,0.22320129,1.0532013,6.4832015,3.8232012
1.5832013,4.9532013,1.4232013,1.1932013,-4.4567986,0.8832013,-0.9767987,0.2632013,2.6532013,2.7032013,-0.5567987,-1.2467988,-5.656799,-6.2467985,-8.306799,-4.9367986,-3.9667988,-6.176799,-5.5867987,-3.9667988,-2.6767988,-4.116799,-1.9467987,-2.4567988,-3.3667986,-4.7467985,-4.9967985,-6.6067986,-4.8567986,-1.8867987,-0.1767987,0.7232013,-0.8367987,0.2932013,0.7732013,2.1432014,2.4032013,3.0732012,-2.8167987,-2.7067988,-1.9767987
-1.4067987,-0.9767987,-2.0967987,-2.9167986,-3.5267987,-5.5367985,-5.8567986,-2.8867986,-4.7567987,-6.6267986,-7.7467985,-6.986799,-4.2967987,-9.346799,0.3932013,-1.5567987,-1.1267987,-2.6667986,-3.5167987,-2.5867987,-3.1067986,-2.2367988,-3.1267986,-2.7867987,-4.616799,-4.5267987,-6.486799,-4.406799,-5.2567987,-5.0367985,-4.7667985,-1.5067987,3.9232013,3.3732014,-4.0867987,-2.7767987,-0.64679873,-0.1867987,-0.5967987,-0.6567987,-1.0467987
-2.9667988,-3.1267986,-3.1267986,-3.9267988,-4.326799,-4.596799,-3.3067987,-1.9067987,-4.346799,-6.3567986,-7.676799,-3.1467986,-2.3267987,-1.8967987,1.6632013,1.0432013,2.4832013,-0.2667987,-0.4267987,-0.6067987,-0.4267987,-1.1067986,-1.0267987,-2.2067988,-2.9967988,-3.1967988,-4.1467986,-1.3367987,-2.2667987,-2.3667986,-2.7967987,-3.0767987,-2.8167987,-2.0467987,0.6132013,2.9232013,1.9232013,1.2232013,-1.3767987,-2.1867988,-3.1567986
-1.8067987,-3.9267988,-3.7867987,-4.5467987,-4.096799,-3.7867987,-3.9067986,-3.3967986,-3.3867986,-1.3367987,-1.6667987,-3.5867987,-3.7067988,-3.9767988,-2.9167986,-0.10679871,0.07320129,-1.8667988,-1.2667987,-2.6867988,-2.9467988,-2.9767988,-0.3367987,1.6732013,-0.3567987,-0.5867987,-0.7967987,-1.1367987,-0.6767987,0.46320128,0.79320127,-0.4367987,-1.1967987,-0.2567987,-0.7467987,0.34320128,0.5932013,-1.1267987,6.1032014,-0.3967987,-0.06679871
-2.8767986,-2.7467988,-2.2367988,-2.0667987,-2.3967986,-3.7267988,-3.1467986,-1.8767987,-4.1067986,-3.7867987,-2.0367987,-1.7467988,-1.1767987,-0.5967987,-1.3767987,-2.0167987,-2.0667987,-1.0567987,-0.3567987,0.7432013,0.8332013,1.2232013,0.1732013,-0.2767987,2.7432013,1.8932014,1.0532013,0.5832013,-0.046798706,-0.10679871,0.8932013,0.7432013,1.9732013,-0.1267987,0.7032013,-0.8467987,0.3232013,3.2432013,4.693201,3.8132012,4.2532015
-0.31679872,-1.0167987,-2.5167987,-2.6967988,-2.7967987,-2.9667988,-3.7167988,-2.2467988,-1.6967987,-1.7367988,-1.2167987,-0.76679873,-1.7267987,-1.0567987,-0.2767987,0.22320129,0.4832013,2.1132014,2.3232012,2.8632014,3.3032012,5.9732013,-0.3567987,3.9332013,1.4032013,2.9432013,4.2032013,4.2232013,5.2032013,3.6632013,2.4632013,1.7832013,2.4932013,1.7732013,1.1532013,1.3432013,1.1732013,0.5532013,2.0532012,-0.40679872,1.5532013
0.4232013,-0.6367987,-1.8567986,-2.4767988,-2.5467987,-2.7967987,-2.6767988,-2.1267986,-1.7367988,-0.9067987,-0.2067987,-0.6867987,-1.1167988,-2.3167987,-1.8867987,-1.6867987,-2.9367988,-2.0567987,-0.4267987,0.14320129,0.3932013,2.5532012,0.5532013,0.46320128,2.2532012,2.8132012,2.9232013,3.7932012,3.5632012,3.4032013,3.4732013,2.6932013,1.8632013,2.2532012,1.6932013,-0.026798707,1.5632013,0.46320128,2.9332013,1.1132013,1.2532012
-0.4567987,-1.6967987,-2.4267988,-3.3467987,-3.0767987,-2.8867986,-2.0267987,-1.6867987,-1.6867987,-1.0467987,-1.8767987,-2.0067987,-1.1867987,-2.1067986,-2.0067987,-2.0267987,-1.7267987,-3.1867988,-5.5867987,2.5232012,2.4132013,1.0532013,0.9532013,2.0832014,0.5732013,1.3132013,2.3332014,0.8032013,1.7532012,3.0432012,4.5832014,5.0832014,4.0032015,3.4632013,3.5132012,1.6532013,1.5232013,1.4532013,-0.046798706,0.5132013,1.9732013
-2.2067988,-2.4867988,-2.8067987,-2.6767988,-2.1467986,-1.8667988,-1.6167988,-1.3267987,-1.1567987,0.8832013,0.9432013,-1.4467987,-1.4367987,-1.8867987,-1.0767987,-0.7867987,0.053201295,-0.2967987,-0.5467987,0.3332013,0.033201292,-2.1467986,-1.5967987,-1.4367987,-1.5567987,-0.9167987,-0.5667987,0.37320128,1.5532013,2.5232012,2.3632014,3.7332013,4.3932014,4.903201,3.7132013,5.5432014,6.763201,7.0632014,5.2232013,0.5832013,-1.0567987
-2.2467988,-2.3667986,-1.6867987,-1.7067987,-0.8167987,-0.9867987,-0.7467987,-0.7367987,-1.0267987,-0.2067987,-0.086798705,-3.1967988,-2.4167986,-3.3167987,-3.2367988,-3.5367987,-3.8667986,-4.556799,-4.6667986,-4.7667985,-4.0467987,-4.0167985,-2.8867986,-2.2467988,-1.0967987,-0.5067987,0.0832013,0.4832013,0.7032013,1.5832013,2.4932013,2.7432013,3.5932014,4.2432013,4.173201,4.5832014,4.4132013,4.133201,5.093201,5.0432014,2.6432014
-1.9567987,-1.9967988,-0.16679871,0.10320129,-0.4567987,-0.5267987,-1.5967987,-0.4367987,0.6132013,0.6532013,1.1832013,-2.1067986,-2.2567987,-2.9867988,-1.9767987,-2.5067987,-4.216799,-4.386799,-4.0267987,-4.0167985,-3.6167986,-2.6867988,-1.9567987,-1.0167987,-0.28679872,0.043201294,0.3032013,0.8832013,1.7232013,2.5432012,2.9432013,3.1432014,4.303201,4.4132013,4.263201,4.403201,3.4332013,4.1832013,3.7032013,3.1632013,1.4332013
-0.7967987,-0.7967987,-1.6967987,-1.7367988,-1.6867987,-2.0067987,-1.0967987,-0.2567987,0.6932013,1.3432013,1.0232013,0.4232013,-1.0167987,-1.4067987,-3.4267988,-3.1867988,-3.2367988,-2.7267988,-2.4567988,-2.6467986,-1.8967987,-1.2667987,-0.7367987,-0.036798704,1.0332013,1.3132013,2.2532012,3.0532012,2.6032014,4.2132015,3.2732012,4.8932014,4.9332013,4.363201,4.8132014,4.693201,2.6332014,2.6832013,1.6232013,1.2032013,-1.2467988
