wind_kz.json
{"header": {"discipline":0,"disciplineName":"Meteorological products","gribEdition":2,"gribLength":1025,"center":7,"centerName":"US National Weather Service - NCEP(WMC)","subcenter":0,"refTime":"2023-08-18T00:00:00.000Z","significanceOfRT":1,"significanceOfRTName":"Start of forecast","productStatus":0,"productStatusName":"Operational products","productType":1,"productTypeName":"Forecast products","productDefinitionTemplate":0,"productDefinitionTemplateName":"Analysis/forecast at horizontal level/layer at a point in time","parameterCategory":2,"parameterCategoryName":"UnknownDiscipline_0_Category_2","parameterNumber":2,"parameterNumberName":"UnknownParameter_D0_C2_2","parameterUnit":"Unknown","genProcessType":2,"genProcessTypeName":"Forecast","forecastTime":240,"surface1Type":103,"surface1TypeName":"Specified height level above ground","surface1Value":10.0,"surface2Type":255,"surface2TypeName":"Missing","surface2Value":0.0,"gridDefinitionTemplate":0,"gridDefinitionTemplateName":"Latitude_Longitude","numberPoints":615,"shape":6,"shapeName":"Earth spherical with radius of 6,371,229.0 m","gridUnits":"degrees","resolution":48,"winds":"true","scanMode":64,"nx":41,"ny":15,"basicAngle":0,"lo1":47.0,"la1":41.0,"lo2":87.0,"la2":55.0,"dx":1.0,"dy":1.0}, "data":
[rows 0 to 14 of 15, columns 0 to 40 of 41]
-2.962273,-1.612273,0.74772704,-0.81227297,-1.6522729,-1.772273,-3.772273,-3.4922729,-3.162273,-0.59227294,-1.092273,-1.742273,-0.24227294,-1.022273,-2.602273,-2.962273,-2.172273,0.59772706,-1.892273,-0.09227295,1.767727,0.59772706,0.46772707,1.0577271,0.8277271,-3.032273,-2.7522728,0.33772704,0.77772707,-0.02227295,-1.142273,1.387727,0.29772705,0.78772706,-1.332273,-0.94227296,-1.832273,-2.7522728,-2.7522728,-2.782273,-3.212273
1.867727,0.68772703,0.25772706,-2.302273,-2.342273,-3.712273,-2.622273,-2.272273,-2.792273,-0.83227295,0.19772705,-2.052273,0.16772705,-0.27227294,-1.232273,-0.6022729,1.787727,-1.582273,0.25772706,1.137727,1.247727,-0.63227296,0.26772705,-2.212273,0.817727,1.147727,-0.122272946,0.71772707,2.407727,-1.6522729,0.10772705,-0.52227294,-0.51227295,-2.842273,0.52772707,-0.0022729493,-0.64227295,0.11772705,-0.59227294,1.3177271,-1.3022729
-1.862273,-3.842273,-4.942273,-4.222273,-6.042273,-7.662273,-7.352273,-3.862273,-5.832273,-3.552273,-3.912273,-4.392273,-2.942273,-3.052273,-2.842273,-2.7622728,-2.4822729,0.27772704,1.5477271,2.917727,4.317727,2.117727,0.02772705,-1.6922729,1.4377271,2.377727,2.7777271,1.907727,-1.262273,-0.20227295,-1.012273,2.417727,-0.95227295,-0.88227296,0.73772705,-0.78227293,-0.742273,0.17772704,-1.6822729,1.0777271,1.0577271
-4.332273,-9.182273,-10.002273,-10.012273,-8.442273,-8.132273,-2.082273,-5.562273,-3.4722729,-2.612273,-3.7322729,-4.6322727,-5.412273,-5.312273,-3.192273,-2.412273,-1.4522729,-0.34227294,1.007727,0.65772706,2.397727,1.917727,2.187727,2.057727,1.147727,0.31772706,-0.64227295,-1.492273,-0.49227294,-0.18227296,-1.4022729,-4.952273,-3.772273,-3.372273,-2.932273,-2.802273,-1.962273,1.487727,0.83772707,-0.31227294,-0.682273
-7.032273,-10.552273,-11.042273,-10.722273,-8.192273,-6.3822727,-5.822273,-3.932273,-3.582273,-3.332273,-2.5122728,-3.2222729,-5.742273,-5.162273,-3.952273,-2.182273,-1.632273,-1.022273,0.61772704,1.987727,1.9277271,0.13772705,-0.19227295,3.2477272,-0.7322729,-1.502273,-2.712273,0.03772705,0.87772703,-1.102273,-3.0022728,-3.032273,-2.322273,0.73772705,0.46772707,-1.592273,-3.5122728,-3.192273,-2.652273,-3.102273,-3.452273
-4.062273,-4.482273,-8.102273,-8.412273,-8.482273,-8.082273,-4.392273,-4.102273,-3.452273,-2.702273,-3.142273,-3.792273,-3.632273,-5.062273,-3.962273,-1.612273,-1.982273,-1.5522729,0.07772705,1.0677271,1.747727,0.28772706,-1.642273,-2.272273,1.377727,0.36772704,-0.33227295,-0.81227297,-0.66227293,-1.0322729,-2.072273,-3.682273,-4.292273,-2.392273,-0.49227294,-4.8422728,0.20772704,-3.062273,-0.23227295,-2.872273,-1.9222729
-3.042273,-2.792273,-3.082273,-2.552273,-3.662273,-2.9822729,-3.622273,-3.402273,-3.2322729,-2.202273,-1.892273,-2.862273,-1.9422729,-2.162273,-1.992273,-2.072273,-1.1622729,-0.41227296,0.05772705,0.43772706,-0.63227296,-0.59227294,1.4277271,2.417727,0.93772703,0.15772705,0.25772706,2.187727,-1.982273,-2.912273,-2.4922729,-3.622273,-2.892273,-4.492273,-4.572273,-3.872273,-1.262273,2.857727,-2.202273,1.537727,2.967727
-1.012273,0.047727052,0.19772705,0.91772705,-1.472273,-2.672273,-3.7622728,-3.792273,-3.392273,-3.192273,-2.332273,-2.212273,-1.7822729,-1.332273,-0.58227295,-1.8222729,-1.4422729,-1.2022729,-1.372273,-1.1622729,-0.77227294,-2.4822729,-1.6522729,-2.412273,-1.4522729,-0.64227295,1.4577271,3.087727,1.747727,-0.45227295,-1.0322729,-2.282273,-3.392273,-0.91227293,-1.732273,-1.622273,-3.0122728,-4.3822727,-4.142273,-3.432273,-2.052273
-3.932273,-3.372273,-2.792273,-0.20227295,-0.552273,-2.652273,-2.882273,-3.352273,-3.122273,-2.652273,-1.2922729,-1.462273,-0.90227294,-0.96227294,-1.122273,1.117727,-1.122273,-1.1822729,-1.0722729,-1.1622729,-0.7922729,-0.6722729,-1.5522729,-2.042273,-2.812273,-2.7622728,-2.542273,-0.37227294,-0.97227293,-1.022273,-1.472273,-0.57227296,0.74772704,-0.7922729,-1.022273,-1.9422729,-1.1922729,-1.972273,-0.9822729,0.32772705,-1.5622729
-3.142273,-2.652273,-1.7022729,-0.742273,-1.9522729,-2.382273,-2.122273,-2.122273,-3.0022728,-2.562273,-1.502273,-1.102273,-1.012273,-1.352273,-1.852273,-1.1622729,-0.40227294,-0.37227294,-0.58227295,-0.09227295,0.43772706,0.0077270507,-0.38227296,-0.012272949,-0.75227296,-2.292273,-1.7822729,-2.662273,-3.052273,-3.382273,-0.992273,3.337727,1.497727,-1.2922729,-2.152273,-1.842273,-2.692273,-0.29227296,-2.412273,-0.41227296,-0.87227297
-1.372273,-2.432273,-1.642273,-2.172273,-2.082273,-1.5322729,-1.492273,-2.322273,-2.132273,-1.272273,-0.05227295,0.8277271,-0.17227295,-0.75227296,-0.36227295,-1.5322729,0.757727,0.80772704,1.277727,1.267727,2.217727,1.2177271,0.36772704,0.28772706,0.567727,0.21772705,-0.31227294,-0.84227294,-0.9222729,0.86772704,2.827727,3.687727,1.0677271,-1.1822729,-2.612273,-2.442273,-1.852273,-0.45227295,-1.2022729,0.74772704,-1.332273
-1.6622729,-2.462273,-2.712273,-2.812273,-2.802273,-2.412273,-2.812273,-2.122273,-1.2022729,-0.91227293,-1.0522729,-0.65227294,-0.25227296,0.06772705,-0.29227296,1.277727,1.6777271,1.497727,2.2477272,1.977727,1.867727,2.567727,1.6977271,1.3177271,1.7177271,2.317727,2.117727,2.607727,1.867727,1.477727,0.67772704,1.4677271,0.887727,-2.902273,-2.282273,-2.882273,-1.6522729,-1.522273,-0.50227296,-0.992273,-1.022273
-1.612273,-1.0322729,-1.1922729,-1.7022729,-2.572273,-2.112273,-2.7222729,-1.462273,-0.8522729,0.19772705,-0.46227294,0.77772707,-0.06227295,1.227727,1.5477271,1.857727,1.877727,2.0177271,2.087727,3.347727,2.627727,2.817727,3.427727,3.607727,4.3877273,3.627727,2.837727,3.447727,2.797727,2.137727,1.747727,2.067727,1.647727,-0.89227295,-0.42227295,-2.592273,-2.092273,-2.152273,-3.462273,-2.372273,-1.642273
-0.682273,-0.14227295,-0.992273,-2.592273,-1.9522729,-2.2522728,-1.3222729,-1.3022729,0.637727,0.55772704,-0.06227295,0.49772704,1.107727,1.7177271,2.147727,2.317727,2.217727,2.127727,2.9977272,2.657727,3.227727,3.7477272,5.087727,5.337727,5.3877273,4.9077272,3.847727,2.647727,2.617727,2.917727,2.427727,1.8477271,0.97772706,-0.53227293,-1.9522729,-2.532273,-2.792273,-3.052273,-2.442273,-1.632273,-1.742273
-0.75227296,-1.842273,-2.462273,-2.282273,-2.032273,-1.332273,-0.49227294,-0.50227296,0.92772704,1.0877271,0.01772705,1.017727,1.227727,1.8177271,2.587727,2.697727,2.787727,2.857727,3.167727,3.7777271,3.797727,5.187727,5.377727,5.307727,5.327727,4.457727,3.5177271,2.937727,1.9677271,1.987727,1.3377271,1.167727,0.19772705,-0.56227297,-1.4222729,-1.982273,-1.4522729,-2.642273,-3.442273,-2.112273,-1.5322729
