wind_kz.json
{"header": {"discipline":0,"disciplineName":"Meteorological products","gribEdition":2,"gribLength":1025,"center":7,"centerName":"US National Weather Service - NCEP(WMC)","subcenter":0,"refTime":"2023-09-30T00:00:00.000Z","significanceOfRT":1,"significanceOfRTName":"Start of forecast","productStatus":0,"productStatusName":"Operational products","productType":1,"productTypeName":"Forecast products","productDefinitionTemplate":0,"productDefinitionTemplateName":"Analysis/forecast at horizontal level/layer at a point in time","parameterCategory":2,"parameterCategoryName":"UnknownDiscipline_0_Category_2","parameterNumber":2,"parameterNumberName":"UnknownParameter_D0_C2_2","parameterUnit":"Unknown","genProcessType":2,"genProcessTypeName":"Forecast","forecastTime":0,"surface1Type":103,"surface1TypeName":"Specified height level above ground","surface1Value":10.0,"surface2Type":255,"surface2TypeName":"Missing","surface2Value":0.0,"gridDefinitionTemplate":0,"gridDefinitionTemplateName":"Latitude_Longitude","numberPoints":615,"shape":6,"shapeName":"Earth spherical with radius of 6,371,229.0 m","gridUnits":"degrees","resolution":48,"winds":"true","scanMode":64,"nx":41,"ny":15,"basicAngle":0,"lo1":47.0,"la1":41.0,"lo2":87.0,"la2":55.0,"dx":1.0,"dy":1.0}, "data":
[rows 0 to 14 of 15, columns 0 to 40 of 41]
-1.9714355,-0.6214355,0.19856445,-4.1814356,-3.4514356,-3.6114357,-3.5514355,-3.2114356,-1.7914356,0.16856445,0.88856447,1.8385644,1.7385645,1.7285645,1.5385644,1.6985644,1.1785644,-1.1014355,-1.6714356,-2.6714356,-3.4914355,-0.9914355,-2.4014356,-1.4314356,-1.0814356,-1.5214355,-2.3214355,1.8485645,0.47856444,1.0785644,-0.83143556,1.4285644,1.4385644,1.2985644,-0.84143555,0.048564453,-1.6214355,-2.4914355,-3.2914355,1.8485645,1.5285645
1.2585645,0.27856445,-4.2914357,-4.2714357,-3.8514357,-2.8514357,-1.8714355,-2.0314355,0.07856445,-0.031435546,1.1885644,-1.2214355,0.84856445,2.1385643,2.7585645,2.9585645,-0.13143554,-1.1514355,-0.5714356,-1.1914356,-2.0414355,-2.9214356,-2.2414355,-1.0914356,1.1285645,1.0785644,0.09856445,2.3885643,0.29856446,0.8785645,0.008564454,0.34856445,-0.21143554,-2.1614356,0.5685645,0.44856444,-0.041435547,0.22856446,1.0685644,0.7485645,-3.6314356
-1.4614356,-5.3014355,-4.0314355,-3.3114355,-2.9114356,-2.4514356,-0.7414355,0.25856444,-1.3714355,0.26856446,1.3885645,1.5385644,2.4885645,3.4385645,3.7285645,3.4585645,2.3185644,-0.0014355469,1.7585645,-0.25143555,-1.4014355,-3.0714355,-3.4414356,-1.1414355,0.36856446,0.6885645,2.4885645,2.7385645,-0.24143554,-0.37143555,0.34856445,0.16856445,0.94856447,-0.091435544,-0.61143553,-0.98143554,0.46856445,-0.19143555,1.9485644,0.88856447,0.91856444
-3.3914356,-4.2014356,-2.6714356,-1.7714355,-1.4814355,-0.76143557,0.65856445,0.048564453,0.7585645,1.9285644,1.6685644,2.2185645,3.2885644,1.4385644,1.2885644,0.59856445,-0.29143554,0.14856446,-0.58143556,-0.35143554,-1.0514356,0.088564456,-0.72143555,1.5185645,2.7485645,2.6285644,3.3785644,1.2185645,2.1385643,1.8485645,1.3985645,0.54856443,2.3285644,-0.53143555,-2.6814356,-0.46143556,-0.38143554,1.7685645,-0.22143555,1.2985644,1.9685645
-0.8714355,0.44856444,1.3485645,2.0685644,1.6885644,1.7985644,1.5285645,2.1085644,2.2185645,2.6285644,2.8585644,3.5285645,3.5685644,1.8685645,-4.1714354,-4.0514355,-4.1114354,-3.9414356,-3.4914355,-1.3314356,-0.95143557,0.44856444,2.3485644,3.4785645,4.018564,4.0485644,2.1285644,3.6585646,3.8485644,2.6785645,3.0885644,1.5285645,-0.43143556,0.90856445,0.60856444,-0.65143555,-0.8814356,0.058564454,-0.18143554,-0.89143556,-0.66143554
3.0685644,3.2585645,5.6485643,7.2885647,7.1485643,6.4385643,3.8185644,3.3785644,2.5585644,3.2885644,2.4085646,1.8885645,3.2085645,2.2685645,-1.8314356,-2.0114355,-2.1414356,-1.7614355,-0.41143554,1.8585645,1.9985645,3.3285644,3.7385645,3.3685644,2.7985644,1.5085645,3.5185645,7.2785645,5.8185644,5.3485646,3.5985644,3.3985643,3.0585644,2.0285645,1.6285645,-3.7614355,0.20856446,-1.0214355,1.2785645,-1.1814356,-2.5314355
0.43856445,0.9285644,1.8985645,2.0485644,2.7985644,2.4285645,2.7685645,3.3285644,2.8885643,2.5585644,2.4285645,2.1985645,2.7685645,2.6585646,0.9985645,-0.051435545,-0.51143557,-0.16143554,1.4085644,2.2985644,2.2285645,0.28856444,-2.4414356,-1.1314355,1.0585644,0.21856445,3.1785645,4.5585647,4.4385643,4.4985642,3.9285645,2.6785645,3.2085645,-0.42143553,-2.8814356,-3.7214355,-1.1914356,1.9385644,-1.5214355,-0.16143554,-0.27143556
2.6285644,2.5385644,2.6085644,2.9485645,2.7485645,2.4685645,2.2985644,2.2485645,2.5085645,2.5185645,2.2885644,2.1485643,1.9885645,0.28856444,-2.6614356,1.5285645,0.79856443,-0.35143554,0.78856444,0.9985645,0.85856444,0.73856443,0.76856446,-1.3614355,2.1585646,0.47856444,3.1085644,3.0285645,4.2985644,3.4085646,1.7585645,2.6785645,1.6385645,0.6185644,1.9685645,0.9385645,-2.0514355,-7.2114353,-4.3614354,-4.1114354,-2.4314356
0.35856447,1.3385644,2.1185644,3.0785644,3.0085645,2.8385644,3.2185645,2.7285645,2.3885643,2.5385644,1.9785645,2.2785645,2.7385645,1.9085644,2.6985645,0.54856443,0.96856445,0.6285645,0.5085645,1.2185645,1.3785645,-0.35143554,-0.44143555,-0.091435544,0.44856444,0.09856445,0.54856443,0.85856444,3.2085645,1.1985644,1.7585645,0.18856445,2.7485645,1.5085645,-1.4614356,-3.0914354,-0.51143557,-1.9014355,-1.5714356,0.32856447,-2.2114356
0.63856447,1.1885644,1.9085644,0.53856444,0.048564453,-0.07143555,0.6285645,1.5485644,2.0385644,1.2285645,2.8585644,2.4685645,2.1885645,2.7785645,2.4785645,2.4385645,1.7285645,2.4185646,0.9285644,1.8185644,1.8485645,1.9685645,1.4885645,1.1385645,0.8185645,-1.0114355,0.19856445,-1.8514355,-2.1414356,-4.5514355,-1.3314356,-1.0514356,0.06856445,-0.8714355,-1.1914356,-2.2114356,-2.9214356,-0.58143556,-2.1814356,0.048564453,-1.6614356
-0.011435547,-0.29143554,-0.91143554,-1.0614356,-0.8214356,0.85856444,1.5585644,1.7385645,1.6885644,2.1185644,2.4485645,2.2085645,2.2985644,1.8985645,1.9485644,1.8985645,2.1785645,2.0785644,0.6785644,-3.6614356,1.3085644,3.0385644,1.6085645,1.9985645,-0.021435548,0.018564453,0.14856446,-0.54143554,-0.47143555,-0.80143553,-0.65143555,-1.3214356,-2.1814356,-3.0614355,-3.1114357,-1.4514356,-1.0014355,-0.41143554,-0.71143556,0.9985645,-0.89143556
0.31856444,-0.67143553,0.17856446,0.40856445,0.69856447,-0.22143555,0.35856447,0.96856445,1.2485645,1.5285645,0.70856446,2.3685644,2.3785644,2.2685645,1.8785645,1.1485645,1.1485645,2.0685644,0.09856445,-1.8914355,1.6585644,2.8085644,2.2485645,0.24856445,1.1685644,-0.73143554,-1.9314356,-0.121435545,-1.0814356,-0.67143553,-0.6914356,-1.4414356,-1.8514355,-1.8914355,-1.4314356,-1.2414355,-1.5014355,-1.0514356,-0.5714356,0.07856445,-1.0614356
0.24856445,-0.5614355,0.048564453,0.7485645,1.4485644,1.1285645,1.2185645,0.98856443,1.0585644,2.0285645,0.33856446,0.96856445,0.8185645,0.038564455,1.1485645,1.6485645,0.18856445,-1.8214356,-1.5414356,0.89856446,0.63856447,1.3585645,1.8385644,1.2385645,2.5585644,1.9985645,1.6385645,2.3985643,0.47856444,0.94856447,0.9285644,0.9285644,-0.5614355,-1.3914355,-0.95143557,0.16856445,-0.76143557,-0.38143554,0.5085645,0.038564455,-1.0014355
0.45856446,-0.19143555,0.88856447,0.70856446,0.57856447,1.0585644,0.008564454,0.30856445,1.5085645,1.5085645,0.69856447,0.41856444,-0.19143555,-0.17143555,-0.89143556,0.07856445,-0.42143553,-1.1514355,-1.2314355,0.24856445,0.31856444,2.1485643,1.9685645,2.4785645,2.1785645,0.7585645,0.70856446,1.7885644,1.8785645,1.7185645,1.9785645,1.2385645,1.4585644,1.3685645,0.31856444,1.0085645,0.77856445,-0.22143555,-0.8714355,0.11856446,-0.36143553
-0.091435544,-0.15143555,-0.39143553,-0.091435544,0.43856445,0.66856444,1.1085645,1.2585645,1.6285645,0.9385645,-0.051435545,0.058564454,-0.061435547,0.088564456,0.11856446,-0.24143554,-1.0914356,-1.4614356,0.008564454,0.26856446,0.8785645,-1.3814355,1.0285645,1.3585645,1.9585644,1.7385645,1.8885645,1.9885645,2.2985644,2.1585646,2.3385644,2.5685644,2.0985644,1.7085644,2.0685644,2.7785645,1.2085644,1.5585644,1.4585644,0.35856447,-1.2314355
