wind_kz.json
{"header": {"discipline":0,"disciplineName":"Meteorological products","gribEdition":2,"gribLength":1025,"center":7,"centerName":"US National Weather Service - NCEP(WMC)","subcenter":0,"refTime":"2023-10-04T06:00:00.000Z","significanceOfRT":1,"significanceOfRTName":"Start of forecast","productStatus":0,"productStatusName":"Operational products","productType":1,"productTypeName":"Forecast products","productDefinitionTemplate":0,"productDefinitionTemplateName":"Analysis/forecast at horizontal level/layer at a point in time","parameterCategory":2,"parameterCategoryName":"UnknownDiscipline_0_Category_2","parameterNumber":3,"parameterNumberName":"UnknownParameter_D0_C2_3","parameterUnit":"Unknown","genProcessType":2,"genProcessTypeName":"Forecast","forecastTime":240,"surface1Type":103,"surface1TypeName":"Specified height level above ground","surface1Value":10.0,"surface2Type":255,"surface2TypeName":"Missing","surface2Value":0.0,"gridDefinitionTemplate":0,"gridDefinitionTemplateName":"Latitude_Longitude","numberPoints":615,"shape":6,"shapeName":"Earth spherical with radius of 6,371,229.0 m","gridUnits":"degrees","resolution":48,"winds":"true","scanMode":64,"nx":41,"ny":15,"basicAngle":0,"lo1":47.0,"la1":41.0,"lo2":87.0,"la2":55.0,"dx":1.0,"dy":1.0}, "data":
[rows 0 to 14 of 15, columns 0 to 40 of 41]
-1.2429737,1.5270264,-2.2829735,2.1570263,5.1770263,0.95702636,1.4870263,2.2470264,2.7770264,2.0370264,1.4270264,0.91702634,1.0470264,0.97702634,0.46702635,-0.58297366,-1.2129736,-0.022973632,-1.0829736,-0.122973636,0.37702638,-1.8729737,-2.4029737,0.60702634,1.5270264,2.6870263,-0.24297363,2.2170265,-3.1129737,-3.8429737,-3.8629737,-4.1329737,0.18702637,-3.7529736,-1.9929737,-3.2129736,0.35702637,1.5470264,3.3770263,2.0170264,0.19702637
-0.9929736,-1.9229736,0.45702636,0.6970264,1.4070264,0.77702636,1.3670263,1.3470263,2.3170264,2.0770264,1.7170264,1.4070264,2.0770264,1.6270263,0.76702636,0.38702637,0.047026366,0.78702635,1.8970264,1.2170264,0.027026366,-1.4229736,-1.6629736,2.9570265,2.2570264,3.3370264,2.0470264,3.1470263,-0.65297365,3.0170264,1.8670263,-2.8429737,-1.6429737,-4.282974,-3.2329736,-8.992973,-5.722974,-8.972974,2.2670264,0.57702637,-0.46297362
-1.5629736,0.77702636,2.4170263,1.7870264,1.6270263,1.2370263,1.5870264,2.0470264,2.5070264,3.0670264,2.7870264,2.1270263,2.8970263,2.5870264,1.3570263,1.7170264,1.4870263,2.4170263,2.6270263,2.7970264,2.1770263,0.7370264,-0.25297365,1.9770263,-1.6029736,-2.0129735,-0.9329736,-0.98297364,-1.6429737,-1.6729736,-0.72297364,0.5570264,-0.59297365,0.32702637,-1.3129736,0.6270264,-2.6629736,-2.9729736,-0.65297365,2.3970263,2.4770265
-0.22297363,0.06702637,1.1670264,0.44702637,0.9270264,1.8370264,1.0170264,2.4970264,1.2670264,1.4670264,1.3670263,1.2570263,1.7070264,3.2370265,3.0670264,2.4770265,2.9870265,3.1770263,3.0070264,3.1570263,3.9970264,3.3870263,0.47702637,1.5970263,1.4470264,0.64702636,1.1470264,1.9270264,3.1170263,1.2370263,-2.6029737,-0.8829736,2.1670263,2.4670265,1.5270264,1.7070264,4.277026,5.9070263,0.8170264,-3.2029736,-6.3329735
1.5170264,1.3870263,1.2270263,0.9970264,1.6470264,1.7270263,1.7270263,1.7070264,0.57702637,1.8170264,1.5570264,1.1470264,2.2070265,2.8070264,3.1370263,2.8970263,3.3570263,3.0570264,3.1870263,3.6070263,4.1470265,2.4170263,1.3570263,1.0770264,0.58702636,1.3770263,2.4970264,3.3770263,2.4670265,2.9570265,3.3570263,4.1570263,4.8670263,2.5270264,1.4970263,0.46702635,-5.1429734,2.2670264,-3.1729736,-7.702974,-8.152973
1.6670264,2.0870264,2.6370263,2.4870265,2.8470263,2.7770264,3.0070264,3.4370263,3.4470263,2.3970263,1.8070264,2.1670263,1.8070264,2.4370263,2.7670264,2.9470263,3.6570263,3.6770263,4.1070266,4.0870266,3.6270263,3.8670263,3.1870263,2.4870265,1.9970263,1.7870264,1.3270264,2.4970264,3.1970263,3.9570265,4.987026,5.3470263,5.1370263,2.5670264,3.6070263,-4.6429734,-0.86297363,-6.3629737,-5.932974,-4.282974,-2.6229737
1.6470264,2.3570263,2.4370263,2.7970264,3.0870264,3.3070264,3.3970263,3.2770264,3.2470264,2.7470264,2.3470263,1.6770264,2.0170264,1.9470264,2.9870265,3.2870264,3.5070264,3.9070263,4.7870264,4.7670264,4.5870266,4.6770263,4.0970263,4.2470264,2.7070265,2.0770264,1.3570263,0.90702635,2.7470264,4.6370263,5.4270263,4.2870264,7.1570263,6.1270266,3.7470264,0.84702635,2.0170264,3.0070264,-2.4429736,0.8770264,-7.4629736
1.5270264,2.0070264,2.4670265,3.1570263,4.0570264,4.9770265,4.777026,5.277026,5.8670263,4.5770264,5.1470265,5.007026,3.2370265,3.4070263,2.2770264,3.4170263,4.3670263,3.2270265,4.9170265,6.217026,4.2870264,4.987026,5.797026,5.817026,5.0970263,4.317026,3.2270265,1.9370264,1.9970263,3.4170263,2.9970264,1.4870263,-0.17297363,3.3370264,7.9970264,4.987026,1.6570264,3.2870264,-0.9929736,-3.1329737,-2.6929736
-0.61297363,0.017026367,0.9970264,1.4370264,2.1170263,3.0270264,3.3170264,4.1870265,4.0370264,4.6070266,4.277026,4.527026,3.3670263,4.027026,5.047026,5.1770263,5.5970263,6.2670264,6.7470264,6.527026,5.8470263,3.5270264,5.567026,5.9470263,7.1870265,5.817026,4.6970263,4.4970264,3.7970264,3.1670263,3.4870265,2.0470264,1.1570264,-0.14297363,2.1970263,3.2270265,2.7170265,5.3870263,5.6570263,2.3170264,3.1270263
-1.4629736,-1.0929736,-1.1329737,-0.012973633,1.2070264,1.5770264,1.9470264,2.4570265,3.1170263,3.6570263,3.9870265,3.8970263,4.2470264,2.9070263,3.2270265,4.4370265,6.4370265,7.737026,7.8970265,7.2070265,7.6570263,6.9970264,5.0370264,6.777026,7.4270263,7.3770266,6.5870266,5.3870263,4.777026,4.3470263,3.4270263,1.7170264,2.3870263,3.3870263,2.6170263,2.3570263,0.8170264,2.2470264,4.1170263,3.4370263,2.1370263
-2.3929737,-1.7129736,-1.5629736,-0.8829736,0.88702637,1.2770264,1.0570264,1.3470263,1.9570264,2.1270263,2.7370265,3.1070263,2.3670263,1.9270264,1.6270263,2.3770263,3.9770265,5.8870263,6.7070265,8.517026,8.617026,7.4470263,6.7670264,7.027026,7.8670263,8.517026,6.6170263,6.7270265,5.5770264,4.1170263,3.6970263,2.9870265,3.6870263,3.9070263,3.6270263,1.9470264,1.4370264,1.6370263,3.1170263,1.9370264,1.9970263
-1.0329736,-0.33297363,0.07702637,-0.32297364,-0.08297363,0.0070263674,1.2370263,1.7670264,1.9570264,2.2270265,1.8770263,3.0670264,2.8670263,2.5970263,2.1070263,2.3670263,3.1070263,3.6270263,5.1170263,6.0370264,6.527026,6.2870264,6.1970263,6.317026,7.7270265,8.627027,8.627027,7.0770264,6.2270265,4.8670263,4.9070263,5.6770263,5.1270266,5.1970263,3.8870263,2.6370263,1.8670263,0.47702637,0.057026368,0.047026366,-0.65297365
-1.0429736,-1.6629736,-1.7029736,-0.46297362,0.36702636,0.85702634,1.8370264,2.2570264,2.4670265,2.8370264,2.1270263,1.1070263,3.0570264,2.5570264,2.6970263,2.3370264,3.1970263,3.1570263,4.487026,4.9270263,4.9570265,5.817026,6.007026,6.9570265,7.7270265,7.7870264,8.377027,7.7870264,7.8470263,6.547026,6.987026,7.2670264,6.8470263,5.7470264,4.9470263,4.8270264,4.067026,2.1470263,2.3670263,0.96702635,-0.08297363
-2.2729735,-2.4429736,-3.3829737,-2.7329736,-3.0229735,-3.3729737,-1.8429736,-0.98297364,1.1670264,1.2970264,1.7670264,0.12702636,0.48702636,4.0870266,2.7370265,2.5570264,3.7170265,4.1870265,3.8770263,4.4370265,5.0170264,5.3770266,5.737026,6.007026,6.6670265,7.5170264,8.307026,8.527026,7.6570263,8.007027,7.7870264,7.467026,7.1670265,7.0170264,5.4970264,4.8270264,3.9870265,3.7570264,3.9970264,2.9370263,3.3070264
-2.7029736,-4.782974,-6.6729736,-4.8829737,-4.8329735,-3.7229736,-3.9629736,-4.3429737,-4.4629736,-2.8829737,-2.0129735,-3.5329735,0.19702637,0.10702637,1.9370264,2.0070264,3.2970264,4.4270263,4.9570265,5.0370264,4.6270266,5.1570263,5.467026,6.2270265,6.987026,7.4170265,8.037026,8.157026,8.177027,8.117026,8.577026,9.227026,7.297026,6.7870264,6.3070264,5.8670263,5.9170265,5.8270264,4.297026,4.1270266,2.8270264
