wind_kz.json
{"header": {"discipline":0,"disciplineName":"Meteorological products","gribEdition":2,"gribLength":1025,"center":7,"centerName":"US National Weather Service - NCEP(WMC)","subcenter":0,"refTime":"2023-08-21T06:00:00.000Z","significanceOfRT":1,"significanceOfRTName":"Start of forecast","productStatus":0,"productStatusName":"Operational products","productType":1,"productTypeName":"Forecast products","productDefinitionTemplate":0,"productDefinitionTemplateName":"Analysis/forecast at horizontal level/layer at a point in time","parameterCategory":2,"parameterCategoryName":"UnknownDiscipline_0_Category_2","parameterNumber":2,"parameterNumberName":"UnknownParameter_D0_C2_2","parameterUnit":"Unknown","genProcessType":2,"genProcessTypeName":"Forecast","forecastTime":60,"surface1Type":103,"surface1TypeName":"Specified height level above ground","surface1Value":10.0,"surface2Type":255,"surface2TypeName":"Missing","surface2Value":0.0,"gridDefinitionTemplate":0,"gridDefinitionTemplateName":"Latitude_Longitude","numberPoints":615,"shape":6,"shapeName":"Earth spherical with radius of 6,371,229.0 m","gridUnits":"degrees","resolution":48,"winds":"true","scanMode":64,"nx":41,"ny":15,"basicAngle":0,"lo1":47.0,"la1":41.0,"lo2":87.0,"la2":55.0,"dx":1.0,"dy":1.0}, "data":
[rows 0 to 14 of 15, columns 0 to 40 of 41]
-5.8797193,0.33028075,2.1902807,1.3002808,0.67028075,0.97028077,2.8202808,2.9302807,3.7602808,3.7002807,2.0802808,2.4602807,0.78028077,1.2002808,3.8502808,-1.9597192,-1.9797193,0.60028076,0.7602808,0.5702808,-1.0897193,0.56028074,-1.3397193,-0.49971923,2.3802807,-3.0097191,-2.5897193,-0.26971924,2.5402808,1.3302808,0.38028076,-0.07971924,0.39028075,0.29028076,-2.3097193,-4.399719,-3.8797193,-3.8797193,-3.3497193,-1.6397192,-1.0797192
2.2802808,2.2302809,2.6502807,-1.9597192,0.23028076,2.2002807,3.9402807,1.6102808,3.8102808,3.2502809,3.2302809,1.7002808,3.2402809,2.3402808,-0.35971925,-3.7297192,-2.8997192,-2.1997192,-0.5497192,0.11028076,1.3502808,2.1002808,-0.30971923,-1.5897193,0.21028076,-0.049719237,-1.4497192,0.49028075,-3.3897192,-1.5397192,0.49028075,0.48028076,1.0402808,-1.6597192,0.88028073,0.91028076,0.32028076,-0.77971923,-1.3997192,0.68028075,0.29028076
1.4902807,-1.1697192,1.8902807,-0.33971924,1.7102808,2.6902807,3.9102807,5.980281,3.4702806,3.9102807,3.8502808,3.7102807,2.6402807,5.250281,0.85028076,-3.3297193,-0.44971925,0.72028077,0.55028075,0.33028075,2.3002808,2.2802808,1.5002807,-1.5697192,1.1202807,0.8902808,1.3402808,1.9102807,-3.2697191,-0.5497192,-0.51971924,2.4802809,0.50028074,0.030280761,0.8902808,-1.3197192,1.3602808,0.46028078,0.63028073,-0.26971924,2.1502807
1.5202807,3.9702806,4.0702806,2.6302807,0.9502808,1.4802808,0.8902808,1.6502807,2.9302807,2.9902809,3.3702807,2.5902808,2.6402807,3.4902809,0.7102808,-1.0997193,-0.8597192,-1.3697193,2.6902807,3.4502807,2.6102808,2.0002809,3.9702806,2.9802809,3.8602808,3.7202806,3.0702808,-2.5997193,6.270281,0.20028076,-2.8897192,-2.4497192,0.94028074,-0.51971924,-2.7697191,-2.3397193,-2.7097192,1.1602807,1.6902808,0.40028077,1.7402807
3.3902807,4.7402806,7.7202806,7.150281,2.9302807,2.2902808,2.9102807,3.0602808,5.130281,5.9902806,6.0902805,5.7802806,5.4502807,5.3902807,5.7202806,1.4802808,0.8402808,2.7502809,3.1902807,3.8302808,3.9302807,4.1602807,4.460281,4.8202806,3.8102808,3.6202807,-2.4197192,-2.5497193,-3.3097193,-4.7997193,-5.899719,-4.059719,-2.0197191,0.9502808,2.5402808,0.7602808,3.2902808,-2.6197193,2.1102808,2.3602808,-0.23971924
4.1602807,4.210281,4.7602806,7.9302807,4.850281,4.6202807,5.830281,5.6202807,6.060281,2.9202807,3.7402809,4.8702807,1.3602808,3.9002807,6.520281,3.8902807,1.9802808,3.3602808,3.5502808,4.2002807,3.6102808,4.060281,4.650281,4.730281,3.0602808,-3.5297194,-3.7097192,-2.9997191,-4.9297194,-4.559719,-3.8197193,-4.0097194,-3.0997193,-0.94971925,-0.22971924,-1.3597193,0.81028074,1.8002808,-0.25971925,-3.9597192,-2.3497193
4.850281,4.8002806,5.2202806,0.9602808,2.2502809,2.9102807,1.9702808,0.6502808,0.94028074,2.4502807,3.2102807,3.1202807,3.3802807,4.4302807,4.5902805,5.380281,3.7302809,4.2402806,3.4002807,4.460281,2.5602808,1.0502808,2.7002807,3.4802809,0.20028076,-2.3097193,-1.7797192,0.060280763,1.2902808,-0.10971924,-3.4997191,0.48028076,-0.7897192,-2.5697193,-2.6897192,-2.1197193,-1.3897192,2.7502809,-0.38971925,0.81028074,2.4002807
4.770281,4.190281,4.3202806,-0.009719239,-3.6697192,-2.4297192,-1.3397193,-1.6797192,0.43028077,2.1102808,2.4602807,0.81028074,3.4002807,5.460281,3.3802807,3.3302808,0.8202808,-1.5497192,6.5702806,4.5302806,3.0802808,-0.45971924,1.9602808,1.8602808,2.807617E-4,-0.8597192,2.4102807,0.93028075,0.62028074,-2.9397192,-1.5497192,-3.3297193,-3.2697191,-2.0597193,-2.6797192,-0.05971924,0.060280763,3.9102807,2.0802808,0.54028076,-1.4997193
4.3902807,4.710281,-0.07971924,-0.41971925,0.36028075,-1.8797193,-2.4097192,-2.1197193,-0.64971924,1.2402807,1.8202808,2.2302809,3.6402807,3.8002808,4.020281,0.63028073,1.7302808,-1.5997193,3.0102808,-2.0697193,-2.2097192,-1.3697193,4.360281,2.1102808,-2.4697192,-0.12971924,-1.3297192,-2.1797192,-1.2797192,-1.8397193,-2.6897192,-1.9097192,0.07028076,-2.1597192,-0.45971924,-0.88971925,0.7702808,-1.5997193,-1.3797193,0.45028076,-2.1997192
3.2802808,1.7202808,-0.58971924,-2.2797194,-2.7097192,-0.36971924,-1.9897193,-0.15971924,-0.24971923,1.0502808,1.9402808,2.4202807,1.1002808,1.9602808,2.3702807,3.2302809,3.3202808,4.0302806,5.3902807,-0.46971923,0.99028075,-0.9097192,3.6602807,0.26028076,1.6502807,-4.099719,0.49028075,-1.2397193,-0.68971926,0.85028076,-0.58971924,-0.88971925,-2.6697192,-2.2897193,-1.1697192,-0.27971923,-1.6197193,-0.009719239,-2.4197192,-0.12971924,-1.3097192
-0.32971925,-1.9597192,-0.81971925,-0.51971924,-0.8497192,-1.7297193,-0.31971923,0.44028077,0.41028076,1.4602808,1.0202807,0.39028075,1.5302807,2.7002807,2.9502807,3.7402809,1.7202808,3.2502809,4.1802807,3.4102807,-0.21971923,-3.5097191,0.33028075,3.5202808,2.3902807,0.36028075,0.15028076,-0.019719237,-1.3897192,-0.06971924,-3.1897192,-0.20971924,-3.4197192,-1.7597193,-1.5897193,-1.5397192,-1.3997192,-0.35971925,-0.9797192,1.4902807,-1.3897192
0.53028077,0.14028077,0.42028075,-0.03971924,-0.48971924,1.2302808,-0.7997192,-0.40971923,1.4302808,1.4202808,-0.23971924,1.5602808,0.7602808,1.5302807,1.5502808,2.3002808,3.8502808,1.3302808,-1.1897192,1.4902807,1.4902807,-0.50971925,-3.0497193,2.1502807,1.7002808,0.44028077,0.40028077,2.5102808,-2.7697191,-3.4697192,-3.0997193,-2.4497192,-0.29971924,-3.4497192,-1.6597192,-2.4697192,-1.9497192,-1.0597192,-0.50971925,-0.47971925,-0.30971923
1.2702807,0.42028075,-1.2597193,-0.8497192,-0.7997192,-1.6497192,-0.5997192,-2.4397192,-2.5797193,-0.47971925,-0.26971924,1.1802808,0.8302808,1.3202808,1.7402807,1.6902808,1.1302807,0.50028074,0.79028076,3.0702808,0.24028076,0.020280762,-0.15971924,-0.50971925,2.2102807,4.4302807,5.690281,-0.18971924,-3.5597193,-1.8697193,-1.9697193,-2.8597193,-2.9097192,-3.3397193,-1.2897192,-1.9897193,-2.4097192,-1.6197193,-2.5597193,-1.3297192,-1.1197193
-1.4897193,-1.4297192,0.23028076,-1.2397193,-0.46971923,-0.5397192,-0.7897192,-1.4397192,0.87028074,0.41028076,-0.86971927,0.16028076,0.88028073,-0.12971924,-0.5997192,1.7002808,1.2902808,0.18028076,-0.24971923,-1.4797193,-0.57971925,0.31028077,0.040280763,-3.4097192,2.8302808,7.1202807,3.0002809,-0.9897192,-1.3797193,-1.6397192,-2.7197192,-4.4297194,-3.5097191,-3.0297194,-2.5297194,-2.7797194,-2.2697191,-1.8897192,-1.5197192,-0.77971923,-0.5997192
-1.1297193,-1.1697192,0.020280762,1.0402808,1.0502808,2.1102808,0.45028076,0.53028077,2.5802808,1.5502808,0.38028076,0.69028074,1.2602807,1.1702808,1.0702808,0.38028076,-1.0497192,0.63028073,-0.80971926,-1.2797192,-0.68971926,-1.2397193,-2.1997192,-2.5697193,-0.40971923,2.3302808,-1.6997192,-1.8297192,-5.019719,-5.619719,-0.05971924,-3.3697193,-3.8097193,-3.0597193,-2.6197193,-2.4297192,-2.0497193,-0.8497192,-0.33971924,-0.82971925,-0.99971926
