wind_kz.json
{"header": {"discipline":0,"disciplineName":"Meteorological products","gribEdition":2,"gribLength":1025,"center":7,"centerName":"US National Weather Service - NCEP(WMC)","subcenter":0,"refTime":"2023-08-24T18:00:00.000Z","significanceOfRT":1,"significanceOfRTName":"Start of forecast","productStatus":0,"productStatusName":"Operational products","productType":1,"productTypeName":"Forecast products","productDefinitionTemplate":0,"productDefinitionTemplateName":"Analysis/forecast at horizontal level/layer at a point in time","parameterCategory":2,"parameterCategoryName":"UnknownDiscipline_0_Category_2","parameterNumber":3,"parameterNumberName":"UnknownParameter_D0_C2_3","parameterUnit":"Unknown","genProcessType":2,"genProcessTypeName":"Forecast","forecastTime":0,"surface1Type":103,"surface1TypeName":"Specified height level above ground","surface1Value":10.0,"surface2Type":255,"surface2TypeName":"Missing","surface2Value":0.0,"gridDefinitionTemplate":0,"gridDefinitionTemplateName":"Latitude_Longitude","numberPoints":615,"shape":6,"shapeName":"Earth spherical with radius of 6,371,229.0 m","gridUnits":"degrees","resolution":48,"winds":"true","scanMode":64,"nx":41,"ny":15,"basicAngle":0,"lo1":47.0,"la1":41.0,"lo2":87.0,"la2":55.0,"dx":1.0,"dy":1.0}, "data":
[rows 0 to 14 of 15, columns 0 to 40 of 41]
-0.27165467,-2.6916547,-0.80165464,-6.3916545,-6.241655,-7.091655,-6.1216545,-7.1116548,0.13834533,2.1483452,2.7083454,0.75834537,0.25834534,-2.3416548,-3.9116547,-6.5816545,-8.861654,-9.471655,-8.921655,-7.6816545,-6.0216546,1.1383454,-0.13165466,-0.78165466,-3.1316547,-0.99165463,-1.4216547,0.97834533,1.6883453,-0.5616547,-1.8216547,-0.33165467,-0.47165465,-1.4116547,-0.73165464,-0.12165466,-1.5816547,-1.7416546,-1.0316547,-2.0016546,-0.8916547
1.7383454,1.3083453,-0.66165465,-3.8816547,-5.2116547,-6.3716545,-6.2316546,-4.8616548,-6.221655,-2.7516546,-4.221655,-3.0816545,-2.7116547,-0.26165468,0.8783453,-2.0916548,-5.0816545,-7.841655,-9.211655,-7.491655,-7.741655,-8.241654,1.1083454,0.7983453,1.2883453,-0.74165463,-2.8616548,0.91834533,-0.42165467,0.51834536,0.96834534,-0.19165467,-1.0016546,-1.7816547,-0.8916547,-2.3816547,-0.24165466,-2.2216547,-0.20165466,-2.4216547,-0.40165466
0.94834536,1.9283453,-0.04165466,-2.9916546,-4.971655,-5.4316545,-3.5016546,-4.801655,-3.6416547,-5.011655,-5.1316547,-4.721655,-2.6216547,-3.0116546,3.9683454,0.78834534,-0.79165465,-4.1416545,-5.051655,-6.0216546,-6.9316545,-6.6416545,-4.1616545,0.20834534,2.7783453,2.2583454,2.0883453,2.1283453,0.29834533,3.0183454,3.1883454,1.4683453,2.3983452,-1.7616546,-0.8216547,3.7183454,2.3883452,-0.29165468,0.44834533,-1.7416546,0.24834533
2.4283454,2.5283453,1.2783453,-0.061654665,-1.8416547,-2.8716547,-3.8216546,-3.2216547,-4.571655,-3.9916546,-3.4316547,-1.1616547,1.0783453,3.0183454,1.8283453,-0.22165467,-1.9216547,-2.7016547,-3.6316547,-4.4316545,-5.281655,-2.4816546,-4.9816546,-4.3516545,-4.4416547,-1.5816547,2.2183454,2.1583452,1.8983454,1.2783453,1.9283453,-0.011654663,-1.5216546,-1.6916547,-1.0616547,-3.6116548,-1.6416546,1.1183454,2.8283453,2.9183455,3.1183453
-4.5016546,-7.1916547,-5.9516544,-5.0216546,-0.38165465,-1.1216546,-3.6116548,-2.2816546,-3.1616547,-3.3316545,-7.4416547,-2.1716547,1.8883454,1.3683454,-0.19165467,-2.2116547,-3.3016546,-3.1916547,-2.5116546,-2.5616546,-2.8716547,-5.1916547,-4.3516545,-4.4116545,-4.531655,-4.3716545,1.0083454,3.1683455,0.6783453,0.41834533,2.4683454,2.3783453,2.7283454,2.4683454,-0.97165465,-1.7516546,-0.0016546631,-1.3216547,2.6983454,2.3683453,0.32834533
-2.6116548,-1.3816546,-4.0216546,-5.6916547,-6.511655,-0.28165466,1.1483454,-2.1516547,-6.1416545,-3.2116547,-4.471655,-4.551655,-0.091654666,0.028345337,-1.3216547,-1.2616546,-1.3516546,-1.7816547,-3.6816547,-3.7616546,-4.6816545,-4.071655,-3.4916546,-4.5816545,-2.6516547,-3.2316546,-1.8616546,2.0883453,3.8283453,3.2883453,3.0183454,1.3583454,3.6983454,4.428345,3.9983454,3.1083453,3.7883453,3.2183454,2.1983454,0.13834533,-0.021654664
-3.8816547,-2.3216546,-3.8416548,-2.4816546,-3.2416546,-1.6816547,-0.32165468,1.6283454,0.44834533,-4.841655,-0.9516547,-2.3916547,-2.8116546,-2.0116546,-1.0216546,-1.4816546,-1.2816547,-3.8416548,-5.991655,-4.8616548,-5.6916547,-5.5616546,-6.5816545,-4.7016544,-1.2216547,-0.98165464,-1.4016547,-1.1816547,2.5783453,4.8883452,3.5883453,2.7083454,3.9683454,3.3783453,-0.53165466,-0.8116547,-3.0116546,-0.8116547,1.8283453,0.10834534,1.9283453
-5.0816545,-5.8616548,-6.5216546,-3.3716547,-5.6216545,1.7283454,1.1483454,1.0083454,2.8283453,1.5183454,2.4783454,-1.0116546,-1.8016547,-1.9816546,-4.7516546,-4.4316545,-1.1616547,-2.4516547,-4.7316546,-6.3116546,-6.6416545,-4.6216545,-5.3116546,-5.4316545,-5.0016546,-2.8816547,1.6783453,0.51834536,3.8183453,4.8383455,1.2783453,-1.3916546,3.2183454,2.8983452,2.3483453,2.6283453,3.4683454,1.6383454,0.59834534,-0.44165465,-2.6816547
-2.6116548,-3.4716547,-2.7616546,-4.0616546,-1.5916547,-2.3616548,-1.9816546,-1.9216547,1.8183453,1.8883454,0.49834535,-1.9716547,-1.3916546,-2.4216547,-3.0616546,-3.1316547,-3.5016546,-4.2916546,-3.2816546,-4.3316545,-4.1916547,-5.781655,-6.3916545,-6.841655,-4.221655,-5.991655,3.5183454,3.2783453,3.4983454,2.0183454,4.488345,2.3983452,1.0283453,-2.6516547,2.7983453,2.6583452,-2.0516546,1.6283454,1.2383454,1.3183453,-0.61165464
-2.0516546,-3.5016546,-4.8516545,-4.071655,-2.3516548,-2.1516547,-0.32165468,-3.3216546,-0.08165466,-1.3016547,1.5383453,0.41834533,-1.5816547,-1.0316547,-1.9616547,-3.0916548,-2.1216547,-2.2616546,-3.1016548,-3.5816545,-4.5216546,-3.1816547,-4.4416547,-5.1516547,-1.6916547,-2.4616547,-4.9516544,-3.1016548,2.8483453,3.1983454,3.1583452,4.1283455,3.1083453,-1.4316547,3.5483453,2.5383453,1.1683453,-2.7116547,-0.40165466,2.3183453,2.8283453
-2.5616546,-0.49165466,-2.8216546,-3.7916546,-3.3116546,-4.1916547,-3.6616547,-1.5516547,-3.8416548,-2.0816545,-0.27165467,0.7383453,-1.0516547,-0.14165467,1.2883453,-1.9116547,-2.7316546,-1.0016546,-2.3616548,-3.6716547,-3.5916548,-5.8716545,-5.2516546,-3.4416547,-3.8416548,-4.261655,-2.3616548,-2.7616546,-1.8116547,-4.2316546,-0.99165463,2.2283454,1.4183453,-0.6416547,2.2283454,1.5083454,1.4083453,3.0883453,2.2483454,1.9383453,0.9983453
-1.3516546,-4.241655,-2.2316546,-3.0516546,-3.1816547,-3.3416548,-2.6416547,-3.6016548,-3.8016546,-3.5616546,-3.2116547,-3.5116546,-3.1716547,-3.0216546,-0.59165466,2.1983454,-1.4016547,-2.4316547,-2.9916546,-1.7616546,-1.9916546,-3.2316546,-4.0016546,-4.031655,-2.8916547,-3.0116546,-3.5216546,-5.0616546,-3.6616547,2.1283453,-0.16165467,0.118345335,3.2183454,3.6483452,3.5583453,4.2983456,3.2683454,3.1583452,3.6083453,2.8383453,1.6683453
-2.0716546,-1.5816547,-2.4516547,-1.3616546,-2.1216547,-1.4916546,-2.4516547,-1.7416546,-1.8616546,1.2083453,0.57834536,-0.79165465,1.9183453,1.6583453,2.1683455,1.3883454,-1.7516546,-3.2816546,-2.5416546,-2.0316546,-2.2416546,-1.4016547,-1.4516547,-3.1616547,-4.4016547,-2.0316546,-2.2916546,-3.8816547,-3.6416547,-1.7316546,-1.1516547,-2.1316547,1.8883454,2.5683453,-1.0316547,4.2083454,3.2083454,1.3383453,3.1483452,1.3883454,0.6183453
-1.2316546,-0.92165464,-1.0916547,0.29834533,-0.23165466,-0.13165466,-0.49165466,-0.49165466,-1.0116546,-1.0816547,1.8783454,-0.18165466,-0.5116547,-2.1116548,-0.30165467,0.25834534,-0.6216547,-2.0516546,-1.9516547,-2.4216547,-2.3816547,-2.0416546,-2.3816547,-2.9616547,-3.5416546,-3.0716546,-1.0416547,-2.7816546,-3.0716546,-3.0516546,-2.2616546,-1.6716547,-0.8816547,0.28834534,1.2383454,3.6083453,2.8183453,1.9483453,1.8583454,1.6783453,1.3683454
-0.5716547,-1.8416547,-3.4216547,-1.4516547,-1.9316547,-0.38165465,0.7483453,1.0483453,-0.60165465,-1.0416547,-0.8916547,-0.23165466,1.3483453,-0.26165468,-0.35165465,-0.23165466,1.6483454,1.0383453,0.10834534,-0.22165467,-1.1716547,-1.1216546,-1.8316547,-1.9716547,-2.4816546,-2.4616547,-2.4216547,-1.8116547,-2.4716547,-2.7916546,-2.1516547,-1.2816547,-0.58165467,-3.0016546,4.0683455,-3.0816545,1.3283453,5.8983455,3.2383454,2.8283453,0.66834533
