wind_kz.json
{"header": {"discipline":0,"disciplineName":"Meteorological products","gribEdition":2,"gribLength":1025,"center":7,"centerName":"US National Weather Service - NCEP(WMC)","subcenter":0,"refTime":"2023-10-02T00:00:00.000Z","significanceOfRT":1,"significanceOfRTName":"Start of forecast","productStatus":0,"productStatusName":"Operational products","productType":1,"productTypeName":"Forecast products","productDefinitionTemplate":0,"productDefinitionTemplateName":"Analysis/forecast at horizontal level/layer at a point in time","parameterCategory":2,"parameterCategoryName":"UnknownDiscipline_0_Category_2","parameterNumber":2,"parameterNumberName":"UnknownParameter_D0_C2_2","parameterUnit":"Unknown","genProcessType":2,"genProcessTypeName":"Forecast","forecastTime":0,"surface1Type":103,"surface1TypeName":"Specified height level above ground","surface1Value":10.0,"surface2Type":255,"surface2TypeName":"Missing","surface2Value":0.0,"gridDefinitionTemplate":0,"gridDefinitionTemplateName":"Latitude_Longitude","numberPoints":615,"shape":6,"shapeName":"Earth spherical with radius of 6,371,229.0 m","gridUnits":"degrees","resolution":48,"winds":"true","scanMode":64,"nx":41,"ny":15,"basicAngle":0,"lo1":47.0,"la1":41.0,"lo2":87.0,"la2":55.0,"dx":1.0,"dy":1.0}, "data":
[rows 0 to 14 of 15, columns 0 to 40 of 41]
-0.6501538,-0.3601538,1.3498462,-3.5001538,-0.9901538,-4.3801537,-5.730154,-5.270154,-6.0701537,-3.4001539,-3.5201538,-3.640154,-3.3201537,-3.390154,-2.4201539,-1.1701539,-0.20015381,0.18984619,-2.1801538,-0.10015381,1.5398462,0.5298462,-0.050153807,0.019846192,-0.6601538,-2.0701537,-2.2001538,0.4698462,0.8398462,-0.1901538,-1.7401538,1.6698462,0.5098462,0.6998462,-1.3701538,-1.1301538,-1.9401538,-2.0301538,-1.9901538,-1.5801538,-2.2301538
2.2998462,0.5298462,-5.910154,-4.520154,-4.5901537,-5.9201536,-3.7501538,-4.700154,-3.7901537,-3.9201539,-4.020154,-4.1701536,-3.370154,-2.0001538,-0.7301538,-0.14015381,1.1698462,-0.3401538,0.25984618,0.9698462,1.9498461,2.119846,-0.6401538,-1.1601539,0.7098462,1.3298461,-0.07015381,1.7498462,0.2798462,-1.4701538,0.019846192,-1.0001538,0.21984619,-2.0801537,0.1498462,0.2098462,-1.1001538,0.4898462,-1.2901539,0.119846195,-4.3201537
-1.5601538,-5.640154,-6.8601537,-5.6301537,-5.520154,-5.1301537,-4.540154,-2.2501538,-3.600154,-3.5301538,-2.6501539,-3.4201539,-2.9201539,-0.8101538,0.9998462,0.6398462,1.2398462,3.4698462,3.879846,2.2598462,1.4798462,0.4998462,-1.4701538,0.3298462,0.8298462,2.2198462,3.0298462,3.1598463,0.4698462,0.4298462,-1.3801538,2.4298463,-0.9101538,-1.1301538,1.0798461,-0.7101538,-1.0601538,0.5798462,-0.5201538,0.7798462,1.8598462
-4.4201536,-7.120154,-5.5901537,-4.390154,-4.270154,-2.6701539,-2.0301538,-0.69015384,-0.17015381,-0.8101538,-2.0701537,-2.5301538,-4.490154,-2.6701539,-1.8601538,-2.7001538,-1.8001539,-0.8401538,-2.380154,-2.140154,-1.2801538,-0.8601538,3.5398462,4.049846,3.5698462,2.7998462,3.5698462,1.1098462,-1.5380859E-4,-0.6601538,-0.22015381,-3.7201538,-2.4001539,-2.890154,-1.6601539,-2.0901537,-2.0301538,2.129846,0.6898462,-0.2901538,-1.6401538
-4.480154,-6.200154,-5.6701536,-5.080154,-3.7301538,-2.9101539,-2.0301538,-2.1601539,-3.4401538,-3.9801538,-2.6501539,-3.3301537,-3.9101539,-3.1601539,-2.2701538,-1.2101538,-1.3701538,-0.5301538,-0.6701538,-1.2501538,-0.9201538,-0.3701538,1.5198462,1.1398462,3.4198463,3.619846,2.8498461,4.259846,0.029846191,-0.4501538,-2.7201538,-2.3001537,-2.1801538,1.2298462,-0.12015381,-1.2901539,-3.7701538,-3.9901538,-1.8101538,-2.4001539,-2.6501539
-3.890154,-3.2401538,-4.7101536,-3.2601538,-2.0501537,-2.120154,-2.890154,-2.7201538,-1.6901538,-1.5901538,-2.860154,-1.6701539,-3.100154,-3.1901538,-2.1701539,0.15984619,-0.20015381,0.8798462,1.1998461,2.1698463,0.13984619,0.12984619,1.1998461,1.3998462,0.029846191,-1.9801538,-1.1701539,-4.350154,-5.5901537,-5.770154,-6.540154,-4.680154,-3.7001538,-3.4201539,-1.2001538,-4.060154,0.28984618,-3.3201537,-0.6801538,-4.080154,-4.4401536
-2.5801537,-2.4901538,-2.890154,-2.4601538,-1.4001538,-0.69015384,-0.9201538,-2.350154,-1.9901538,-3.4101539,-2.6501539,-3.370154,-3.2301538,-2.2601538,-0.49015382,-0.11015381,-0.3801538,-0.2601538,-1.4701538,-2.1601539,-0.9201538,-0.4801538,-0.88015383,-1.1701539,-1.8001539,-3.4201539,-4.510154,-7.180154,-7.4001536,-8.090154,-6.700154,-6.9401536,-3.6901538,-2.7101538,-3.4601538,-2.390154,-1.3701538,0.8398462,-2.3201537,1.4798462,0.25984618
-2.9901538,-3.3301537,-3.350154,-2.7701538,-2.9101539,-2.860154,-3.5301538,-2.9401538,-3.9401538,-4.750154,-3.7901537,-3.7001538,-2.880154,-2.4101539,-0.2601538,-1.0901538,-1.8601538,-1.9201539,-1.7201538,-2.2201538,-1.2001538,-3.9201539,-3.0101538,-2.2201538,-2.7001538,-1.5101538,-5.3401537,-6.750154,-8.210154,-6.140154,-7.450154,-5.500154,-7.160154,-3.1901538,-5.3801537,-2.0601537,0.55984616,-1.0901538,-1.9401538,-0.6401538,-2.2701538
-2.390154,-2.9001539,-3.2301538,-3.0601537,-3.0201538,-3.3101537,-3.7201538,-4.430154,-4.6301537,-3.390154,-2.9401538,-3.0401537,-1.6301538,-1.2301538,-1.7301538,-0.6401538,-1.7001538,-2.1601539,-2.120154,-2.0001538,-3.7701538,-3.3201537,-2.640154,-3.4301538,-5.0301538,-5.5701537,-6.350154,-6.980154,-6.6301537,-6.9201536,-4.6901536,-4.1901536,-2.370154,-3.2201538,-1.8801538,-0.8501538,-0.5301538,-2.1901538,-1.1601539,-0.06015381,-2.620154
-1.4901538,-2.120154,-2.620154,-2.880154,-2.8201537,-2.9101539,-3.4001539,-3.3001537,-2.9701538,-2.8401537,-2.9101539,-2.860154,-1.5701538,-2.1801538,-1.8401538,-0.6701538,-2.4301538,-1.7201538,-1.5501539,-1.4301538,-3.5601537,-3.2701538,-3.5701537,-3.870154,-6.290154,-5.640154,-6.790154,-6.100154,-5.450154,-3.4901538,-1.1501538,-1.5001538,-3.0601537,-2.870154,-1.6601539,-1.1301538,-1.4701538,-0.3801538,-2.2401538,-0.49015382,-0.40015382
-0.5301538,-0.8501538,-1.7501538,-1.9801538,-2.2001538,-3.0201538,-2.7501538,-3.2601538,-2.9701538,-3.0501537,-1.5801538,-0.76015383,-0.8001538,-1.7901539,-1.7101538,-2.3101537,-2.4201539,-1.8001539,-2.9001539,-2.5001538,-3.110154,-3.7201538,-4.4401536,-5.100154,-4.270154,-4.870154,-4.6501536,-4.040154,-3.5701537,-2.8101537,-3.0201538,-3.0001538,-3.5801537,-2.880154,-1.9301538,-1.0401539,-1.2801538,-0.2501538,-0.9001538,-0.08015381,-0.8601538
0.09984619,0.5098462,0.31984618,-0.5901538,-1.2901539,-1.3501538,-1.2901539,-1.5901538,-1.0801538,-1.4701538,-0.8901538,-1.1501538,-2.2401538,-0.9301538,0.09984619,-2.5601537,-2.4501538,-2.140154,-2.3101537,-1.8701538,-3.5201538,-3.2001538,-4.350154,-3.5901537,-3.9801538,-3.5101538,-3.620154,-3.130154,-3.100154,-2.9701538,-2.5401537,-2.6801538,-2.3101537,-3.0001538,-2.2201538,-2.4201539,-2.5101538,-1.1101538,-0.4401538,-0.40015382,-0.3201538
1.4098462,1.4798462,1.0898461,0.5198462,0.41984618,-0.5601538,-0.5901538,-0.4101538,-0.57015383,-0.7101538,-1.0501539,-0.3501538,0.23984618,0.2698462,-0.2501538,-0.7201538,-0.7101538,-0.8301538,-0.8901538,-0.9701538,-2.2001538,-1.7501538,-1.3001539,-1.9801538,-1.9401538,-2.5601537,-2.4201539,-3.140154,-2.7601538,-2.4901538,-2.5301538,-2.4401538,-2.5201538,-2.6701539,-1.9501538,-2.3101537,-1.3901538,-0.8301538,-1.5201538,-0.7101538,-0.40015382
3.2498462,1.5698462,1.0998462,1.8498462,-0.1301538,0.15984619,1.1498462,1.2298462,1.2498462,-0.10015381,-0.8701538,-0.43015382,1.6698462,1.2198462,0.9998462,1.4198462,1.5498462,1.2298462,0.059846193,0.089846194,-0.3901538,-0.1901538,-0.3801538,-0.8401538,-0.57015383,-1.1001538,-0.69015384,-0.88015383,-1.2301538,-1.4001538,-1.4701538,-1.3901538,-1.5201538,-1.3101538,-0.9501538,-0.8301538,-0.8101538,-0.9201538,-0.9201538,-0.33015382,-0.43015382
1.2498462,2.4298463,2.3298461,1.2198462,2.0098462,2.4198463,4.439846,2.879846,2.0298462,0.2698462,-0.9501538,-0.5201538,0.12984619,1.0498462,2.0198462,1.4598461,0.9098462,1.5198462,0.8798462,1.2698462,1.4398462,0.9198462,0.5098462,1.0498462,1.4498461,1.4898462,1.6898462,1.2098461,1.2198462,1.1098462,1.2498462,0.3298462,1.0198462,1.1798462,1.2998462,1.8098462,0.4598462,1.2098461,0.9198462,0.34984618,-0.7101538
