wind_kz.json
{"header": {"discipline":0,"disciplineName":"Meteorological products","gribEdition":2,"gribLength":1025,"center":7,"centerName":"US National Weather Service - NCEP(WMC)","subcenter":0,"refTime":"2023-08-28T00:00:00.000Z","significanceOfRT":1,"significanceOfRTName":"Start of forecast","productStatus":0,"productStatusName":"Operational products","productType":1,"productTypeName":"Forecast products","productDefinitionTemplate":0,"productDefinitionTemplateName":"Analysis/forecast at horizontal level/layer at a point in time","parameterCategory":2,"parameterCategoryName":"UnknownDiscipline_0_Category_2","parameterNumber":3,"parameterNumberName":"UnknownParameter_D0_C2_3","parameterUnit":"Unknown","genProcessType":2,"genProcessTypeName":"Forecast","forecastTime":0,"surface1Type":103,"surface1TypeName":"Specified height level above ground","surface1Value":10.0,"surface2Type":255,"surface2TypeName":"Missing","surface2Value":0.0,"gridDefinitionTemplate":0,"gridDefinitionTemplateName":"Latitude_Longitude","numberPoints":615,"shape":6,"shapeName":"Earth spherical with radius of 6,371,229.0 m","gridUnits":"degrees","resolution":48,"winds":"true","scanMode":64,"nx":41,"ny":15,"basicAngle":0,"lo1":47.0,"la1":41.0,"lo2":87.0,"la2":55.0,"dx":1.0,"dy":1.0}, "data":
[rows 0 to 14 of 15, columns 0 to 40 of 41]
0.49017334,-1.5098267,2.1201735,8.500174,4.7901735,-0.37982666,-2.7398267,-2.2898266,2.3901734,0.61017334,2.2101734,2.1801734,0.91017336,-0.02982666,0.5101733,-1.1598266,-2.3698266,-1.9198266,-1.8098266,-2.3498266,-2.6598268,-3.2598267,0.27017334,-0.40982667,-0.62982666,-1.1498266,1.3401734,1.1601733,0.05017334,0.97017336,0.48017335,0.10017334,1.0301733,-2.3698266,-3.3298266,-4.0098267,-5.059827,-4.579827,-4.769827,-2.8998268,2.0801733
2.5101733,1.2801733,-0.6198267,6.7701735,4.2401733,-1.9798267,-1.7398267,-1.3198266,-2.0798266,2.4301734,2.1901734,0.87017334,1.1701733,2.6501734,2.1101732,-0.36982667,-0.90982664,-1.0598266,-1.2098267,-1.9598267,-1.9198266,-1.5598266,-0.42982665,3.5001733,2.8001733,2.2601733,1.1001734,1.5101733,1.2201734,2.5901732,3.9201734,1.4201733,0.8801733,1.2801733,-0.7998267,-2.5498266,-2.1798267,-4.309827,-0.90982664,-2.2898266,1.8401734
1.2701733,4.3101735,2.7301733,3.9001734,4.3201733,-0.9198267,-1.0298266,-1.0098267,-0.36982667,2.2301733,0.5101733,2.3401732,1.7301733,1.8301734,1.5101733,0.46017334,0.74017334,1.2101734,1.1201733,0.50017333,-0.76982665,-0.52982664,-0.19982666,2.0001733,1.5501733,1.0601734,-0.9898267,5.1601734,1.4401734,-0.12982666,-0.46982667,-1.0398266,-1.2298267,-1.1198267,-0.13982666,-0.48982665,-0.32982665,-1.8598267,-0.59982663,-0.17982666,1.2901733
2.2401733,3.9201734,3.8101733,3.5301733,2.8701735,1.1601733,0.68017334,0.30017334,0.39017335,-0.68982667,-0.40982667,1.4001733,-0.88982666,-1.3598267,-1.4198266,0.12017334,-0.6698267,1.2501733,1.0001733,0.7601733,1.4701734,1.1501733,-1.5398266,-0.94982666,1.0501733,3.0301733,2.6401734,4.9101734,1.4901733,2.7301733,2.5601733,-2.0598266,2.3201733,3.1901734,-0.22982666,0.97017336,1.7601733,3.0501733,1.2201734,1.6401733,2.2401733
3.0001733,5.3501735,4.9101734,5.420173,4.0301733,3.3601732,2.9901733,1.4301734,-0.03982666,0.34017333,1.1801734,1.8401734,-0.05982666,-2.9398267,-2.0598266,-1.2498267,-0.39982665,-0.22982666,-0.41982666,0.55017334,0.19017334,0.79017335,1.0501733,2.6201735,1.0601734,1.3501734,2.9801733,4.6201735,2.8501732,2.7901733,3.8201733,2.0001733,0.44017333,-0.23982666,-0.099826664,-0.8598267,-10.619826,0.02017334,-0.96982664,-0.32982665,3.7801733
2.8001733,2.4001734,4.3401732,4.5001736,4.7801733,4.420173,3.8701735,3.9901733,2.0501733,0.34017333,1.2001734,2.4201734,0.87017334,-1.1998267,-2.3598266,0.14017335,1.2701733,-0.14982666,-0.64982665,-1.8398267,-1.7098267,-2.0798266,2.8601732,3.5801733,3.1901734,4.7001734,3.4301734,5.3701735,3.4301734,2.7701733,3.4601734,4.8101735,2.6901734,1.6301733,1.2901733,-3.9498267,0.5701733,-6.559827,-5.7998266,-4.1798267,-0.63982666
4.230173,3.2901733,4.1001735,4.2601733,4.3901734,4.7701735,4.730173,3.5701733,4.5801735,3.1101732,2.9501734,3.3901734,2.6101732,1.1201733,0.010173339,-1.3198266,0.43017334,0.38017333,-1.3298267,-0.6198267,-1.7598267,-2.5898266,-1.6998267,4.940173,5.4101734,5.5701733,5.1401734,5.3101735,4.0901732,3.1501734,2.8601732,2.6201735,4.2601733,0.74017334,-1.1698266,-1.3998266,0.40017334,1.0301733,-2.2598267,-2.5498266,-2.1998267
-0.03982666,0.97017336,1.2501733,2.3901734,3.2701733,4.3201733,4.630173,4.630173,5.1401734,5.3401732,4.6201735,4.650173,2.9001734,1.6801734,0.27017334,0.06017334,-0.36982667,0.33017334,-1.3498267,-3.0698266,-0.42982665,-1.4798267,-2.7798266,0.12017334,3.7301733,4.0901732,5.6001735,4.7901735,3.9601734,3.7401733,2.6401734,2.1001732,3.1401734,3.0901732,2.8701735,1.7333984E-4,-3.0698266,-1.0298266,1.0101733,2.1201735,-1.8198266
-3.8698266,-3.1998267,-2.2598267,-0.27982667,0.8201733,1.4001733,1.3901733,0.38017333,2.4901733,5.5401735,5.0001736,4.6401734,2.3801734,-0.13982666,1.3301734,0.18017334,0.43017334,0.99017334,-0.39982665,-1.9898267,0.5201733,-1.8598267,-2.9998267,-2.8298266,2.0101733,4.7401733,4.0901732,4.7801733,4.9901733,3.0701733,2.2501733,4.0601735,4.130173,4.8701735,3.0301733,0.10017334,-3.2098267,-1.5098267,0.97017336,0.08017334,-0.5598267
-3.2898266,-3.9398267,-3.3398266,-1.5598266,-0.34982666,1.1801734,1.5201733,1.0401733,0.80017334,3.3501732,4.980173,6.2701735,1.7601733,1.8601733,2.1101732,0.20017333,1.4401734,0.79017335,0.96017337,-0.87982666,-0.6198267,-1.3298267,-2.1198266,-2.4498267,2.1801734,4.400173,5.3201733,5.6401734,4.730173,4.0801735,2.8501732,0.28017333,2.8701735,4.960173,4.7901735,2.7901733,0.09017334,0.43017334,-0.02982666,2.6201735,2.9501734
-2.4698267,-3.4698267,-3.1998267,-4.769827,-2.9598267,-0.46982667,0.27017334,0.87017334,0.68017334,1.6801734,3.4601734,4.5801735,3.1001732,3.5001733,1.8701733,0.5201733,0.99017334,0.010173339,0.19017334,-1.7198267,-1.1898266,-2.2398267,-3.8798265,-0.71982664,1.1801734,4.8001733,5.0101733,5.5301733,4.940173,4.400173,2.5201733,-0.19982666,0.33017334,2.8401732,4.1401734,3.1501734,1.9501734,2.6401734,1.9201733,1.8401734,0.30017334
-0.68982667,-1.9898267,-2.4998267,-2.4598267,-2.4698267,-3.2098267,-3.7798266,-0.06982666,0.24017334,3.7701733,4.6001735,4.4301734,3.7001734,3.3001733,2.5501733,1.0901734,2.1001732,0.56017333,0.10017334,-1.5698266,-1.8898267,-1.5098267,-4.079827,-3.4398267,-1.4498267,2.5601733,5.2401733,5.8101735,6.2901735,4.4301734,2.1001732,1.8701733,-1.0998267,-0.03982666,2.9501734,3.9001734,2.8001733,2.5801733,2.0101733,2.2701733,0.44017333
-2.5198267,-1.2498267,-1.6498266,-2.5098267,-1.1198267,-0.13982666,-2.0098267,-2.3898268,-3.8698266,0.44017333,2.6701734,3.2801733,4.2001734,3.2701733,2.6001732,2.1601734,2.3701735,1.2301733,1.0401733,-1.1898266,-0.36982667,-0.48982665,-1.7198267,-2.8998268,-4.269827,-2.4098268,4.110173,4.440173,4.3201733,2.6601734,2.3401732,1.9901733,-0.27982667,-0.40982667,-0.07982666,1.9001733,2.0901732,0.80017334,-0.08982666,-0.38982666,-0.34982666
-3.6098266,-3.7998266,-5.2998266,-4.2798266,-4.7598267,-4.7498264,-2.9798267,-2.0698266,-1.0198267,-2.4798267,2.4901733,0.56017333,2.2001734,2.6501734,2.7501733,2.9301734,2.9801733,2.2601733,1.7701733,-1.3198266,-2.7298267,0.02017334,-3.2698267,-2.5098267,-3.0998266,-2.4998267,1.0601734,1.0101733,1.7701733,2.7801733,3.0501733,2.8201733,1.5601734,0.31017333,0.05017334,-0.9298267,-0.68982667,-0.57982665,-0.47982666,0.46017334,1.1501733
-2.4598267,-3.8198266,-6.2598267,-4.579827,-3.9498267,-2.7798266,-3.0298266,-2.7698267,-3.9598267,-0.27982667,-1.4098266,2.1801734,1.3101734,1.3601733,3.3801734,3.5701733,3.3001733,2.6201735,1.0801734,0.78017336,-1.3498267,-2.2098267,-2.7398267,-4.2298265,-3.9298267,-1.4398266,-0.84982663,1.9001733,1.4201733,1.4901733,1.7301733,1.4801733,2.6401734,1.1901734,0.42017335,-0.25982666,-3.5398266,-0.31982666,0.11017334,-0.59982663,-0.5498267
