wind_kz.json
{"header": {"discipline":0,"disciplineName":"Meteorological products","gribEdition":2,"gribLength":871,"center":7,"centerName":"US National Weather Service - NCEP(WMC)","subcenter":0,"refTime":"2024-03-19T18:00:00.000Z","significanceOfRT":1,"significanceOfRTName":"Start of forecast","productStatus":0,"productStatusName":"Operational products","productType":1,"productTypeName":"Forecast products","productDefinitionTemplate":0,"productDefinitionTemplateName":"Analysis/forecast at horizontal level/layer at a point in time","parameterCategory":0,"parameterCategoryName":"UnknownDiscipline_0_Category_0","parameterNumber":0,"parameterNumberName":"UnknownParameter_D0_C0_0","parameterUnit":"Unknown","genProcessType":2,"genProcessTypeName":"Forecast","forecastTime":120,"surface1Type":1,"surface1TypeName":"Ground or water surface","surface1Value":0.0,"surface2Type":255,"surface2TypeName":"Missing","surface2Value":0.0,"gridDefinitionTemplate":0,"gridDefinitionTemplateName":"Latitude_Longitude","numberPoints":615,"shape":6,"shapeName":"Earth spherical with radius of 6,371,229.0 m","gridUnits":"degrees","resolution":48,"winds":"true","scanMode":64,"nx":41,"ny":15,"basicAngle":0,"lo1":47.0,"la1":41.0,"lo2":87.0,"la2":55.0,"dx":1.0,"dy":1.0}, "data":
[rows 0 to 14 of 15, columns 0 to 40 of 41]
284.13168,273.4317,277.13168,280.3317,281.03168,282.2317,284.03168,289.3317,287.13168,288.63168,286.8317,287.53168,286.63168,286.63168,286.53168,285.9317,286.9317,286.13168,288.2317,286.03168,287.13168,284.9317,284.03168,279.03168,282.13168,285.8317,281.9317,269.9317,264.9317,260.9317,263.53168,263.3317,275.63168,280.9317,283.03168,284.2317,284.3317,283.8317,284.2317,285.63168,285.7317
262.7317,277.53168,280.4317,280.53168,280.63168,281.03168,286.03168,286.03168,285.63168,285.03168,285.03168,284.4317,284.7317,284.4317,285.63168,285.9317,286.53168,286.8317,285.7317,285.9317,285.8317,283.63168,280.4317,274.03168,264.8317,269.3317,270.53168,265.9317,269.13168,265.7317,272.2317,251.63168,269.2317,248.43169,256.7317,279.13168,278.03168,280.3317,282.53168,276.63168,272.7317
279.8317,278.53168,280.3317,280.53168,280.3317,282.03168,283.8317,285.4317,283.9317,283.7317,283.53168,284.2317,284.3317,283.7317,283.3317,284.8317,284.7317,284.03168,284.3317,283.9317,284.3317,282.8317,281.4317,276.8317,280.53168,280.4317,281.7317,280.3317,279.2317,273.7317,262.13168,268.53168,270.4317,270.4317,268.53168,272.4317,259.7317,262.53168,268.9317,263.7317,254.73169
279.4317,278.2317,279.03168,279.7317,280.7317,282.8317,285.13168,284.9317,285.03168,284.63168,282.7317,281.13168,283.13168,283.7317,283.13168,284.03168,282.3317,283.4317,283.4317,282.9317,281.13168,277.63168,282.03168,281.53168,283.3317,282.13168,280.3317,276.8317,278.3317,278.13168,281.03168,278.9317,281.8317,281.7317,280.03168,276.03168,267.9317,257.2317,269.7317,273.53168,279.3317
280.63168,277.8317,277.8317,278.13168,280.03168,285.03168,288.3317,286.9317,285.8317,284.53168,282.53168,281.4317,281.3317,281.13168,280.03168,281.8317,282.03168,281.3317,281.8317,280.63168,280.13168,281.3317,280.3317,280.3317,279.8317,279.8317,278.3317,274.2317,277.3317,280.13168,280.9317,279.4317,265.9317,250.63168,271.7317,274.9317,276.63168,277.4317,278.8317,279.63168,277.7317
282.8317,282.63168,277.4317,275.63168,271.4317,272.8317,288.63168,288.8317,286.03168,283.3317,282.9317,281.7317,280.7317,280.8317,275.4317,281.03168,282.03168,281.13168,281.3317,280.3317,278.7317,278.8317,279.13168,277.7317,277.4317,274.53168,273.4317,271.2317,273.8317,276.63168,277.2317,278.3317,274.3317,276.9317,277.13168,277.53168,272.63168,272.7317,276.13168,276.3317,277.13168
281.8317,282.53168,284.13168,283.63168,280.03168,285.53168,286.8317,283.8317,283.53168,282.8317,280.3317,278.4317,279.7317,279.2317,278.2317,279.7317,278.63168,279.7317,277.4317,277.03168,276.13168,276.7317,276.7317,275.4317,271.4317,270.8317,263.03168,267.63168,270.53168,272.13168,272.53168,273.7317,272.8317,273.63168,272.53168,271.63168,271.3317,268.03168,267.2317,264.4317,275.2317
280.8317,280.3317,281.8317,282.9317,283.9317,283.53168,282.3317,281.53168,278.8317,279.4317,277.2317,276.9317,277.2317,276.8317,277.53168,277.7317,278.3317,277.63168,276.7317,274.9317,272.63168,272.3317,269.53168,272.03168,271.3317,266.63168,263.9317,257.03168,258.63168,256.9317,256.8317,260.7317,270.13168,268.9317,271.7317,262.9317,270.4317,270.3317,273.4317,275.13168,272.9317
277.8317,277.53168,279.03168,279.4317,280.7317,279.63168,278.03168,276.7317,275.4317,270.7317,269.2317,266.13168,267.63168,272.03168,271.4317,273.9317,274.53168,274.9317,270.7317,270.3317,269.4317,268.8317,269.13168,266.9317,267.3317,267.8317,269.03168,263.7317,264.9317,261.2317,257.13168,259.3317,270.4317,270.7317,269.7317,270.63168,270.2317,270.63168,264.63168,258.9317,258.8317
275.9317,275.4317,274.2317,274.4317,275.13168,269.63168,268.9317,265.4317,264.8317,267.53168,265.3317,265.63168,266.53168,267.4317,266.8317,267.8317,267.9317,270.2317,268.9317,267.9317,269.2317,271.2317,271.13168,269.53168,269.8317,269.2317,270.53168,268.13168,267.13168,267.7317,266.53168,271.3317,271.9317,271.03168,267.8317,263.7317,266.2317,268.4317,267.2317,264.53168,257.2317
274.2317,272.4317,272.53168,271.3317,271.13168,269.4317,266.13168,266.9317,266.03168,266.13168,266.8317,268.7317,266.2317,270.13168,269.9317,270.4317,270.13168,270.9317,269.8317,268.4317,269.8317,270.8317,271.2317,271.3317,270.2317,270.3317,269.13168,272.9317,273.3317,273.7317,272.7317,271.63168,273.03168,273.3317,270.3317,272.13168,268.3317,267.63168,269.03168,266.3317,259.63168
274.03168,273.2317,272.63168,273.13168,273.2317,273.13168,273.13168,273.13168,273.2317,273.2317,272.53168,272.3317,273.03168,272.8317,270.53168,269.8317,270.3317,270.4317,270.2317,270.4317,271.3317,270.13168,270.03168,270.03168,270.53168,270.3317,270.4317,273.03168,273.53168,273.53168,271.4317,270.8317,272.63168,270.53168,272.13168,271.4317,273.8317,273.2317,270.9317,269.8317,269.13168
273.4317,273.13168,273.13168,273.13168,273.3317,273.3317,273.13168,273.13168,272.8317,273.03168,272.13168,271.8317,272.2317,272.13168,270.9317,271.03168,270.53168,270.53168,271.13168,271.3317,272.8317,271.9317,271.2317,270.63168,270.8317,271.53168,272.13168,271.9317,271.63168,271.7317,271.63168,271.3317,271.53168,271.8317,271.4317,270.53168,271.3317,272.03168,270.4317,268.9317,269.03168
273.4317,273.2317,273.03168,273.2317,273.03168,273.13168,272.8317,273.03168,273.03168,271.4317,272.2317,271.03168,271.13168,270.3317,270.63168,270.3317,270.13168,270.63168,270.8317,270.63168,270.9317,271.9317,272.03168,272.9317,272.7317,272.7317,272.7317,272.53168,272.4317,272.3317,271.9317,271.53168,271.4317,271.3317,271.7317,271.03168,271.8317,271.2317,270.8317,268.53168,270.8317
273.53168,272.03168,268.13168,270.8317,272.53168,272.8317,272.7317,272.63168,272.9317,271.8317,273.2317,272.53168,271.7317,272.03168,272.63168,272.8317,271.13168,271.7317,271.53168,270.8317,271.03168,271.13168,273.13168,272.7317,272.8317,272.7317,272.8317,272.4317,272.2317,272.13168,272.4317,272.03168,271.53168,271.4317,271.53168,271.53168,271.7317,270.9317,271.3317,271.03168,271.13168
