wind_kz.json
{"header": {"discipline":0,"disciplineName":"Meteorological products","gribEdition":2,"gribLength":794,"center":7,"centerName":"US National Weather Service - NCEP(WMC)","subcenter":0,"refTime":"2023-08-24T18:00:00.000Z","significanceOfRT":1,"significanceOfRTName":"Start of forecast","productStatus":0,"productStatusName":"Operational products","productType":1,"productTypeName":"Forecast products","productDefinitionTemplate":0,"productDefinitionTemplateName":"Analysis/forecast at horizontal level/layer at a point in time","parameterCategory":2,"parameterCategoryName":"UnknownDiscipline_0_Category_2","parameterNumber":2,"parameterNumberName":"UnknownParameter_D0_C2_2","parameterUnit":"Unknown","genProcessType":2,"genProcessTypeName":"Forecast","forecastTime":120,"surface1Type":103,"surface1TypeName":"Specified height level above ground","surface1Value":10.0,"surface2Type":255,"surface2TypeName":"Missing","surface2Value":0.0,"gridDefinitionTemplate":0,"gridDefinitionTemplateName":"Latitude_Longitude","numberPoints":615,"shape":6,"shapeName":"Earth spherical with radius of 6,371,229.0 m","gridUnits":"degrees","resolution":48,"winds":"true","scanMode":64,"nx":41,"ny":15,"basicAngle":0,"lo1":47.0,"la1":41.0,"lo2":87.0,"la2":55.0,"dx":1.0,"dy":1.0}, "data":
[rows 0 to 14 of 15, columns 0 to 40 of 41]
-4.4492126,-0.84921265,1.0507873,2.5507874,-0.14921264,-2.2492127,-3.5492127,-3.2492127,-5.9492126,-3.8492126,-5.8492126,-5.649213,-5.5492125,-5.0492125,-0.84921265,-2.1492126,1.1507874,1.4507873,-0.14921264,0.15078735,-0.7492126,0.65078735,-0.7492126,-1.4492127,0.85078734,-1.3492126,-3.2492127,-2.6492126,-0.049212646,0.050787352,-1.9492127,2.0507874,0.35078734,1.5507873,1.0507873,-0.9492127,-1.6492126,-4.4492126,-4.4492126,-2.7492127,-0.84921265
0.050787352,1.4507873,-1.0492127,-0.44921264,-1.5492127,-6.0492125,-3.7492127,-3.4492126,-2.4492126,-2.1492126,-3.4492126,-4.7492127,-3.6492126,-3.1492126,-3.9492126,-4.2492127,-0.64921266,1.0507873,1.8507874,2.2507873,2.2507873,1.8507874,-0.049212646,-2.4492126,-0.049212646,1.0507873,-0.7492126,-0.64921266,-2.2492127,-2.4492126,0.15078735,-0.84921265,-0.14921264,-2.8492126,0.25078735,0.5507873,-2.4492126,-1.6492126,-0.34921265,1.4507873,-1.8492126
-1.3492126,-3.1492126,-2.8492126,-2.0492127,-2.8492126,-3.5492127,-2.3492126,-1.7492126,-2.1492126,-1.5492127,-1.0492127,-2.7492127,-2.8492126,-2.3492126,-2.5492127,-1.7492126,-1.3492126,-1.6492126,-0.54921263,0.7507874,3.2507873,2.3507874,-0.34921265,-1.5492127,1.1507874,0.15078735,-1.3492126,-0.64921266,-3.2492127,-0.64921266,-2.7492127,3.3507874,-0.049212646,-0.7492126,0.35078734,-0.84921265,0.15078735,0.25078735,-1.2492126,0.5507873,1.2507874
-1.5492127,-3.9492126,-3.4492126,-3.0492127,-2.4492126,-1.6492126,1.0507873,-0.34921265,0.35078734,0.85078734,1.2507874,0.95078737,2.6507874,0.85078734,-0.7492126,1.5507873,2.6507874,2.9507873,0.050787352,-0.44921264,1.1507874,-1.7492126,2.9507873,-0.54921263,-0.64921266,0.95078737,-2.3492126,-2.0492127,-2.1492126,-0.9492127,-0.84921265,-4.5492125,-2.0492127,-2.7492127,-1.9492127,-2.3492126,-1.4492127,1.1507874,0.45078737,0.15078735,-1.6492126
-3.2492127,-2.4492126,-1.6492126,-1.7492126,-1.6492126,0.85078734,1.7507874,1.3507874,1.0507873,2.5507874,2.6507874,3.3507874,4.9507875,5.1507874,5.6507874,3.4507873,3.1507874,3.5507874,3.0507874,1.4507873,-1.3492126,-0.7492126,-1.1492126,2.6507874,-0.54921263,-0.44921264,-1.0492127,-2.1492126,-3.6492126,-3.3492126,-3.4492126,-2.9492126,-3.0492127,0.35078734,0.25078735,1.6507874,-0.44921264,-3.6492126,-3.3492126,-2.8492126,-2.6492126
-1.8492126,-1.5492127,-1.4492127,-1.2492126,-0.9492127,0.35078734,2.0507874,4.5507874,2.1507874,0.050787352,0.25078735,1.8507874,4.2507873,7.1507874,5.1507874,3.6507874,4.7507873,4.9507875,4.0507874,3.8507874,2.9507873,-0.049212646,-0.24921265,0.15078735,1.7507874,0.5507873,1.3507874,-3.5492127,-2.6492126,-4.0492125,-4.8492126,-3.4492126,-5.3492126,-3.3492126,-1.4492127,-4.2492127,-0.9492127,-4.149213,-2.0492127,-3.6492126,-3.9492126
-1.2492126,-0.049212646,1.5507873,1.9507873,2.3507874,3.9507873,1.5507873,0.15078735,0.7507874,3.6507874,4.7507873,6.350787,6.2507873,6.0507874,6.850787,5.7507873,5.2507873,4.4507875,3.5507874,2.2507873,1.8507874,-0.24921265,1.6507874,-1.1492126,-0.049212646,-0.24921265,0.050787352,-1.2492126,-4.8492126,-6.4492126,-6.9492126,-4.0492125,-3.1492126,-4.8492126,-3.9492126,-2.9492126,-1.2492126,2.5507874,-2.6492126,1.3507874,0.7507874
0.15078735,0.5507873,1.1507874,1.1507874,0.65078735,1.7507874,-0.14921264,1.8507874,2.5507874,4.1507874,5.2507873,6.2507873,6.850787,8.650787,8.250788,8.550787,7.6507874,4.4507875,4.1507874,1.0507873,3.3507874,0.65078735,1.0507873,0.45078737,-1.7492126,-0.64921266,-2.0492127,-2.3492126,-2.2492127,-3.9492126,-3.4492126,-1.9492127,-3.1492126,-1.8492126,-1.4492127,-1.2492126,-2.2492127,-3.0492127,-2.9492126,-2.6492126,-1.6492126
0.050787352,0.35078734,0.45078737,1.8507874,0.45078737,-0.049212646,2.1507874,1.4507873,3.8507874,4.350787,5.5507874,6.1507874,8.150787,6.850787,7.4507875,7.7507873,7.9507875,6.7507873,4.4507875,3.9507873,0.5507873,0.95078737,0.95078737,0.7507874,4.850787,0.15078735,-1.7492126,-1.7492126,-1.2492126,-2.2492127,-1.5492127,-1.1492126,0.45078737,-1.3492126,-1.8492126,-1.9492127,-1.0492127,-2.0492127,-1.6492126,0.050787352,-1.4492127
-0.34921265,0.35078734,1.9507873,1.5507873,-0.34921265,1.1507874,2.1507874,2.8507874,3.0507874,4.0507874,5.7507873,5.350787,4.850787,4.7507873,4.6507874,6.1507874,5.6507874,4.6507874,3.7507873,2.1507874,1.9507873,0.25078735,1.1507874,0.5507873,-0.44921264,1.7507874,0.15078735,0.25078735,0.5507873,2.4507873,-0.64921266,-1.1492126,0.65078735,-0.54921263,-1.8492126,-1.4492127,-2.8492126,-0.44921264,-2.0492127,-0.14921264,-0.9492127
0.25078735,0.65078735,1.5507873,0.65078735,1.2507874,2.5507874,3.3507874,2.8507874,2.7507873,3.5507874,4.4507875,5.1507874,4.9507875,5.2507873,3.4507873,2.1507874,1.7507874,3.2507873,2.3507874,1.8507874,1.6507874,-0.54921263,-0.7492126,0.050787352,-1.3492126,0.35078734,2.8507874,2.8507874,1.7507874,5.350787,-0.84921265,-0.9492127,-2.0492127,-1.3492126,-2.4492126,-2.6492126,-2.0492127,0.15078735,-1.4492127,0.5507873,-1.3492126
0.7507874,0.95078737,1.2507874,0.65078735,1.8507874,2.6507874,2.4507873,2.1507874,2.0507874,3.1507874,2.8507874,3.2507873,2.7507873,3.2507873,1.4507873,1.4507873,2.0507874,-0.7492126,0.050787352,2.8507874,1.0507873,-0.9492127,-0.7492126,-0.7492126,-1.4492127,-0.34921265,3.4507873,4.0507874,3.7507873,6.5507874,-1.2492126,-2.6492126,-2.0492127,-3.2492127,-1.8492126,-2.2492127,-2.1492126,-1.4492127,-0.84921265,-1.1492126,-1.0492127
1.2507874,1.8507874,2.0507874,1.4507873,2.0507874,2.2507873,2.0507874,0.85078734,2.0507874,1.4507873,1.7507874,2.9507873,2.2507873,1.6507874,1.9507873,0.85078734,1.9507873,2.0507874,-0.049212646,-0.84921265,-0.049212646,0.050787352,-0.049212646,-1.4492127,0.35078734,0.45078737,4.350787,4.1507874,3.7507873,7.350787,-5.149213,-5.149213,-4.4492126,-3.4492126,-2.9492126,-3.6492126,-4.3492126,-2.7492127,-3.5492127,-2.6492126,-1.7492126
1.6507874,1.5507873,1.9507873,0.95078737,1.8507874,1.7507874,-0.14921264,0.7507874,1.2507874,1.4507873,1.5507873,2.7507873,3.3507874,3.1507874,2.2507873,1.8507874,2.9507873,2.2507873,0.25078735,0.45078737,-0.14921264,1.3507874,1.3507874,-1.9492127,-0.049212646,0.85078734,1.7507874,3.5507874,4.4507875,5.0507874,-6.149213,-5.8492126,-5.2492127,-4.149213,-3.7492127,-4.0492125,-3.7492127,-3.7492127,-2.9492126,-1.3492126,-2.3492126
0.65078735,1.3507874,3.1507874,-0.14921264,0.65078735,-0.84921265,-0.24921265,-0.14921264,0.25078735,0.65078735,1.0507873,1.5507873,1.5507873,1.2507874,1.3507874,-0.54921263,0.45078737,-0.34921265,-0.54921263,-0.34921265,2.9507873,1.1507874,1.7507874,-0.24921265,1.4507873,0.050787352,6.0507874,1.6507874,7.1507874,-6.4492126,-6.7492127,-5.5492125,-4.4492126,-3.4492126,-3.1492126,-2.6492126,-2.9492126,-0.7492126,-3.1492126,-2.5492127,-1.5492127
