wind.json
{"header": {"discipline":0,"disciplineName":"Meteorological products","gribEdition":2,"gribLength":1039,"center":7,"centerName":"US National Weather Service - NCEP(WMC)","subcenter":0,"refTime":"2023-07-01T18:00:00.000Z","significanceOfRT":1,"significanceOfRTName":"Start of forecast","productStatus":0,"productStatusName":"Operational products","productType":1,"productTypeName":"Forecast products","productDefinitionTemplate":0,"productDefinitionTemplateName":"Analysis/forecast at horizontal level/layer at a point in time","parameterCategory":0,"parameterCategoryName":"UnknownDiscipline_0_Category_0","parameterNumber":0,"parameterNumberName":"UnknownParameter_D0_C0_0","parameterUnit":"Unknown","genProcessType":2,"genProcessTypeName":"Forecast","forecastTime":300,"surface1Type":1,"surface1TypeName":"Ground or water surface","surface1Value":0.0,"surface2Type":255,"surface2TypeName":"Missing","surface2Value":0.0,"gridDefinitionTemplate":0,"gridDefinitionTemplateName":"Latitude_Longitude","numberPoints":688,"shape":6,"shapeName":"Earth spherical with radius of 6,371,229.0 m","gridUnits":"degrees","resolution":48,"winds":"true","scanMode":64,"nx":43,"ny":16,"basicAngle":0,"lo1":45.0,"la1":40.0,"lo2":87.0,"la2":55.0,"dx":1.0,"dy":1.0}, "data":
[rows 0 to 15 of 16, columns 0 to 42 of 43]
296.38928,288.88928,309.0893,315.78928,317.9893,298.4893,297.78928,296.28928,321.4893,324.38928,319.88928,319.28928,321.9893,320.0893,319.68927,315.88928,318.18927,319.78928,323.9893,322.5893,323.28928,321.0893,316.4893,318.5893,315.88928,314.28928,313.4893,298.0893,300.18927,307.78928,308.0893,322.28928,317.78928,320.68927,329.18927,323.0893,323.28928,330.88928,333.18927,336.18927,339.0893,336.9893,337.0893
289.38928,310.68927,309.18927,296.0893,303.68927,297.88928,297.38928,295.78928,313.68927,321.68927,318.4893,320.88928,318.18927,318.28928,317.18927,317.5893,318.4893,323.38928,323.68927,320.4893,322.78928,320.38928,323.0893,316.28928,315.5893,311.68927,311.68927,310.88928,301.28928,286.9893,291.78928,303.28928,300.88928,284.78928,305.0893,313.4893,325.4893,325.5893,335.68927,335.68927,336.68927,338.78928,339.0893
296.88928,288.78928,293.9893,303.78928,298.0893,297.78928,297.0893,294.78928,324.5893,320.28928,319.0893,318.0893,319.9893,317.38928,316.9893,315.5893,319.68927,322.28928,322.78928,322.9893,322.0893,322.38928,321.88928,317.5893,317.4893,306.0893,291.4893,290.4893,287.68927,284.68927,299.4893,290.28928,299.0893,288.18927,298.78928,272.78928,284.88928,312.4893,319.68927,324.18927,332.9893,320.38928,287.28928
296.28928,299.38928,306.88928,297.5893,297.78928,297.5893,296.78928,320.88928,318.78928,318.68927,320.0893,318.0893,317.4893,318.78928,314.28928,317.38928,318.18927,320.4893,320.5893,321.0893,321.4893,321.28928,320.4893,320.78928,314.18927,309.5893,313.9893,315.28928,305.68927,296.28928,300.38928,291.28928,285.78928,287.9893,295.68927,297.78928,299.0893,296.78928,284.78928,293.0893,299.68927,302.88928,297.88928
306.78928,310.18927,310.78928,298.18927,298.38928,298.18927,303.88928,319.78928,321.0893,319.28928,320.18927,320.38928,317.5893,317.9893,296.0893,295.38928,320.18927,322.68927,318.88928,319.9893,322.5893,321.4893,313.68927,311.4893,317.0893,315.5893,314.4893,317.9893,318.0893,315.88928,319.78928,300.0893,312.78928,312.68927,317.9893,312.18927,310.28928,300.4893,291.4893,291.5893,296.4893,312.5893,317.68927
310.88928,311.4893,313.18927,299.28928,298.9893,299.5893,307.68927,319.78928,322.4893,324.9893,319.68927,318.88928,319.9893,318.28928,296.5893,295.78928,293.38928,321.0893,320.9893,317.28928,314.18927,319.88928,320.28928,318.88928,318.4893,316.68927,316.88928,318.38928,318.78928,308.28928,316.78928,317.88928,319.5893,310.4893,282.88928,283.28928,293.18927,306.78928,300.28928,316.78928,316.9893,317.38928,314.5893
309.78928,310.78928,311.78928,311.18927,299.88928,298.88928,298.9893,298.78928,321.68927,319.4893,318.78928,317.28928,318.0893,317.88928,297.38928,294.88928,306.38928,316.68927,318.88928,321.0893,319.78928,320.5893,324.68927,320.5893,317.68927,316.9893,317.0893,315.88928,317.0893,290.9893,316.28928,318.68927,317.68927,315.28928,313.9893,301.38928,301.18927,294.9893,299.68927,296.68927,309.28928,315.0893,319.68927
310.68927,310.78928,311.9893,312.38928,311.9893,315.0893,313.38928,317.18927,318.78928,317.68927,315.28928,315.4893,318.18927,313.9893,312.4893,318.28928,317.18927,318.68927,321.18927,321.38928,318.68927,315.88928,316.0893,317.0893,316.0893,314.18927,311.18927,311.28928,312.88928,307.9893,303.5893,301.78928,315.5893,320.18927,317.78928,316.18927,309.18927,304.38928,296.4893,298.28928,289.9893,296.5893,312.4893
311.78928,310.18927,313.68927,314.9893,313.9893,314.0893,313.18927,313.5893,314.5893,315.4893,311.5893,312.0893,312.0893,307.78928,312.78928,310.68927,317.38928,316.38928,317.5893,316.4893,313.88928,311.78928,314.4893,311.38928,311.28928,311.4893,308.68927,303.28928,304.5893,299.28928,296.18927,294.78928,298.5893,297.5893,294.4893,293.78928,302.18927,307.5893,299.9893,288.68927,304.18927,312.0893,312.0893
294.9893,309.4893,309.4893,312.38928,311.88928,310.5893,308.88928,311.28928,308.0893,310.78928,310.28928,308.4893,305.5893,301.18927,308.5893,310.9893,311.9893,315.18927,314.38928,313.38928,307.0893,311.18927,309.38928,309.0893,307.9893,307.0893,304.9893,304.4893,299.28928,298.28928,290.88928,286.5893,293.18927,288.28928,288.4893,289.38928,288.4893,285.4893,295.4893,304.4893,285.18927,287.5893,282.38928
295.9893,306.68927,302.88928,297.4893,306.18927,305.5893,299.28928,310.0893,309.88928,299.4893,304.88928,308.0893,300.78928,295.28928,304.18927,306.28928,309.78928,311.88928,312.4893,310.28928,305.88928,305.88928,298.78928,297.68927,302.28928,304.5893,302.0893,299.0893,298.68927,294.0893,294.28928,295.88928,297.5893,287.4893,291.18927,287.18927,286.68927,286.18927,285.68927,292.18927,291.88928,294.88928,289.28928
296.88928,295.0893,300.9893,295.38928,292.38928,291.9893,293.18927,294.4893,304.4893,303.38928,297.28928,301.4893,300.5893,300.38928,303.68927,303.4893,304.0893,303.38928,304.78928,308.38928,307.0893,296.4893,303.68927,305.0893,299.9893,302.9893,301.0893,299.38928,293.88928,297.38928,299.5893,301.0893,290.18927,291.9893,287.9893,286.78928,285.88928,285.0893,283.9893,292.68927,295.0893,296.9893,297.0893
297.0893,297.88928,297.9893,293.38928,297.28928,292.4893,299.0893,293.78928,297.38928,297.4893,298.18927,299.38928,299.4893,297.5893,300.5893,299.4893,299.0893,300.38928,296.88928,302.78928,301.4893,300.28928,299.5893,298.88928,294.38928,300.5893,297.38928,296.38928,299.0893,301.68927,301.38928,300.18927,295.4893,294.68927,287.4893,286.5893,285.68927,285.68927,286.0893,289.78928,295.9893,298.4893,304.68927
295.9893,295.0893,295.4893,297.18927,297.5893,294.78928,288.4893,290.28928,290.28928,293.28928,300.0893,299.4893,289.5893,292.9893,291.5893,293.68927,287.9893,286.4893,291.78928,292.38928,292.28928,294.4893,288.78928,286.9893,286.88928,291.5893,301.4893,302.28928,305.9893,302.88928,301.5893,299.18927,296.38928,294.4893,289.88928,286.4893,286.18927,284.9893,285.0893,284.88928,287.78928,299.88928,299.88928
293.18927,292.28928,292.68927,294.78928,293.4893,297.78928,296.9893,298.28928,296.4893,296.0893,294.78928,296.9893,290.88928,288.5893,292.18927,292.5893,293.5893,290.9893,292.28928,286.4893,285.88928,287.18927,285.68927,285.4893,287.78928,296.68927,298.18927,300.88928,299.0893,298.0893,297.5893,297.28928,295.5893,296.0893,294.38928,285.28928,287.0893,285.38928,285.0893,285.0893,284.4893,284.68927,292.5893
291.0893,291.4893,290.5893,290.78928,292.4893,290.5893,296.9893,297.4893,293.4893,291.38928,289.68927,295.78928,292.78928,289.18927,286.5893,291.18927,289.88928,288.9893,290.9893,285.68927,286.38928,286.18927,289.18927,292.18927,294.38928,293.68927,290.5893,294.28928,293.78928,294.4893,294.4893,295.9893,293.28928,288.9893,293.9893,295.0893,292.4893,292.28928,286.4893,284.4893,285.28928,284.78928,285.68927
