wind.json
{"header": {"discipline":0,"disciplineName":"Meteorological products","gribEdition":2,"gribLength":1039,"center":7,"centerName":"US National Weather Service - NCEP(WMC)","subcenter":0,"refTime":"2023-06-27T18:00:00.000Z","significanceOfRT":1,"significanceOfRTName":"Start of forecast","productStatus":0,"productStatusName":"Operational products","productType":1,"productTypeName":"Forecast products","productDefinitionTemplate":0,"productDefinitionTemplateName":"Analysis/forecast at horizontal level/layer at a point in time","parameterCategory":0,"parameterCategoryName":"UnknownDiscipline_0_Category_0","parameterNumber":0,"parameterNumberName":"UnknownParameter_D0_C0_0","parameterUnit":"Unknown","genProcessType":2,"genProcessTypeName":"Forecast","forecastTime":60,"surface1Type":1,"surface1TypeName":"Ground or water surface","surface1Value":0.0,"surface2Type":255,"surface2TypeName":"Missing","surface2Value":0.0,"gridDefinitionTemplate":0,"gridDefinitionTemplateName":"Latitude_Longitude","numberPoints":688,"shape":6,"shapeName":"Earth spherical with radius of 6,371,229.0 m","gridUnits":"degrees","resolution":48,"winds":"true","scanMode":64,"nx":43,"ny":16,"basicAngle":0,"lo1":45.0,"la1":40.0,"lo2":87.0,"la2":55.0,"dx":1.0,"dy":1.0}, "data":
[rows 0 to 15 of 16, columns 0 to 42 of 43]
292.9776,290.8776,307.3776,315.2776,320.2776,297.67758,296.4776,294.67758,316.4776,323.9776,324.57758,324.07758,321.9776,322.17758,323.3776,322.57758,322.3776,322.9776,322.3776,321.9776,319.7776,319.9776,317.8776,319.67758,316.57758,316.2776,314.4776,304.17758,302.2776,305.17758,310.9776,314.7776,320.07758,322.3776,327.4776,327.57758,326.7776,327.07758,317.2776,328.9776,334.07758,322.9776,329.57758
295.4776,305.57758,311.9776,296.57758,304.3776,296.07758,296.17758,294.4776,309.07758,323.7776,324.2776,322.7776,320.9776,322.07758,321.4776,321.67758,321.8776,323.2776,322.4776,320.2776,326.17758,322.2776,325.3776,318.4776,315.2776,314.67758,317.7776,319.57758,312.7776,295.8776,300.7776,301.57758,302.7776,300.17758,311.67758,321.2776,331.17758,327.3776,326.4776,328.2776,327.8776,331.9776,325.2776
290.9776,290.8776,287.7776,301.7776,295.7776,295.9776,295.8776,293.9776,320.57758,316.7776,319.4776,319.07758,319.67758,318.4776,319.4776,318.8776,324.17758,324.67758,325.2776,325.2776,324.7776,325.3776,324.2776,318.17758,317.17758,306.4776,297.07758,295.07758,301.67758,298.57758,299.17758,293.17758,296.67758,288.9776,307.4776,270.9776,295.9776,314.2776,320.17758,322.7776,326.4776,315.8776,285.2776
287.2776,289.7776,303.2776,295.9776,295.7776,295.9776,295.2776,317.17758,316.9776,314.9776,317.07758,313.2776,313.3776,314.07758,317.4776,319.3776,320.9776,323.8776,323.17758,325.17758,325.4776,325.17758,324.9776,318.8776,316.07758,309.4776,312.4776,314.2776,313.4776,313.17758,313.17758,294.9776,295.4776,294.2776,297.17758,300.67758,300.3776,299.57758,297.2776,299.8776,296.8776,294.9776,296.8776
294.8776,301.9776,309.17758,296.8776,296.8776,295.9776,300.8776,316.67758,318.9776,317.17758,313.67758,316.4776,314.3776,316.17758,294.57758,294.17758,320.9776,324.8776,320.67758,326.3776,324.17758,324.57758,315.17758,312.9776,318.4776,316.67758,317.67758,317.4776,316.4776,311.17758,311.67758,313.2776,319.17758,315.67758,320.07758,321.4776,327.9776,316.67758,295.9776,295.7776,291.4776,310.67758,315.17758
295.57758,301.4776,302.3776,297.3776,297.17758,297.57758,304.17758,311.57758,319.9776,319.2776,310.2776,313.9776,311.8776,306.57758,295.07758,294.57758,291.7776,321.17758,322.07758,318.07758,316.17758,318.2776,319.57758,320.9776,319.3776,318.57758,319.2776,319.57758,317.4776,311.57758,317.8776,316.7776,316.2776,312.9776,299.8776,294.8776,299.67758,313.8776,310.7776,322.2776,319.7776,317.17758,319.4776
296.2776,297.4776,296.57758,305.57758,298.2776,296.7776,296.8776,296.3776,322.07758,319.2776,320.4776,320.07758,320.67758,318.8776,297.07758,293.9776,307.7776,318.4776,323.7776,320.7776,320.67758,319.8776,320.4776,319.7776,321.67758,322.17758,320.07758,318.3776,317.3776,290.9776,320.2776,318.7776,316.67758,313.3776,313.17758,309.7776,305.9776,304.9776,302.57758,305.4776,324.3776,322.57758,318.4776
305.2776,301.67758,299.67758,304.3776,310.2776,317.57758,313.67758,320.3776,321.7776,318.57758,317.57758,317.57758,317.8776,315.3776,315.07758,310.67758,313.07758,319.57758,321.2776,325.4776,323.07758,320.8776,318.67758,318.67758,318.4776,319.3776,317.7776,318.2776,318.67758,320.2776,322.3776,323.07758,321.17758,320.2776,319.3776,316.7776,312.7776,310.7776,302.9776,299.7776,296.4776,290.67758,313.4776
303.07758,302.67758,299.57758,309.8776,312.67758,314.8776,317.17758,316.9776,321.07758,318.4776,316.57758,313.9776,312.4776,311.7776,313.9776,309.67758,315.4776,318.2776,326.3776,321.17758,319.3776,318.9776,317.67758,319.67758,316.9776,321.2776,315.3776,311.9776,315.4776,320.8776,315.2776,318.17758,313.17758,316.9776,313.2776,308.8776,310.17758,314.9776,315.07758,288.3776,309.3776,308.4776,304.2776
292.57758,299.2776,302.07758,309.07758,310.67758,313.07758,314.4776,317.17758,315.9776,314.17758,312.17758,309.17758,307.2776,308.07758,308.7776,313.3776,313.9776,316.67758,318.3776,320.2776,320.2776,316.57758,316.7776,314.4776,315.07758,312.2776,311.57758,310.17758,306.3776,305.07758,303.3776,298.9776,307.2776,307.9776,309.3776,312.17758,312.7776,304.67758,302.2776,300.7776,290.07758,291.8776,295.2776
299.3776,296.2776,300.3776,300.57758,307.9776,309.7776,311.07758,311.67758,310.3776,308.9776,308.17758,306.17758,304.67758,304.67758,306.2776,307.67758,309.07758,311.57758,314.8776,318.17758,314.57758,315.17758,309.7776,312.17758,311.8776,309.9776,309.67758,305.3776,306.67758,297.7776,303.7776,297.8776,303.8776,309.9776,311.07758,310.8776,308.2776,309.57758,297.9776,291.17758,296.67758,292.2776,292.67758
289.4776,293.4776,296.3776,290.7776,302.3776,305.7776,307.17758,308.07758,306.07758,304.07758,303.17758,302.7776,301.9776,301.8776,305.2776,305.2776,306.57758,308.67758,309.3776,314.4776,311.67758,308.9776,309.8776,309.2776,308.4776,307.2776,295.17758,303.4776,299.8776,302.17758,299.3776,304.17758,307.9776,310.07758,309.07758,301.8776,299.3776,300.3776,291.57758,293.3776,294.4776,295.2776,289.17758
288.3776,291.3776,293.67758,292.7776,297.8776,304.17758,303.17758,302.57758,301.3776,301.07758,301.07758,301.17758,299.3776,299.3776,302.07758,302.8776,302.4776,306.4776,309.9776,308.3776,306.17758,305.07758,303.17758,303.3776,303.67758,303.07758,297.2776,292.17758,293.17758,294.9776,304.9776,296.57758,301.17758,294.9776,296.4776,300.2776,301.3776,302.4776,298.8776,295.57758,295.9776,296.4776,297.4776
287.17758,288.2776,289.8776,289.07758,295.17758,299.67758,300.8776,300.4776,300.67758,301.67758,301.4776,300.2776,298.07758,294.9776,295.57758,298.9776,302.57758,303.3776,304.3776,301.4776,303.2776,300.67758,299.57758,298.07758,298.3776,298.3776,301.2776,299.7776,301.2776,298.3776,302.3776,292.7776,291.67758,290.2776,291.2776,296.9776,299.4776,298.17758,296.17758,294.9776,289.17758,295.8776,291.8776
286.8776,288.17758,289.7776,290.2776,291.67758,299.57758,299.07758,298.07758,297.17758,296.2776,298.17758,297.2776,297.17758,296.17758,291.3776,295.67758,301.57758,302.07758,300.9776,298.3776,299.57758,298.4776,297.57758,297.07758,296.8776,298.4776,298.9776,300.2776,299.4776,298.67758,296.7776,297.17758,296.3776,292.07758,291.3776,287.9776,290.17758,291.17758,294.8776,288.8776,286.4776,284.7776,286.57758
287.17758,288.4776,288.7776,293.7776,290.17758,298.4776,298.9776,298.57758,298.9776,297.7776,297.67758,297.07758,298.2776,296.67758,297.57758,297.2776,298.67758,298.17758,297.9776,296.3776,297.3776,294.57758,294.57758,295.3776,295.57758,294.8776,293.57758,293.57758,294.17758,295.07758,294.57758,295.7776,294.17758,289.9776,292.4776,293.67758,290.17758,290.3776,293.8776,289.9776,291.67758,294.17758,284.67758
