wind_kz.json
[{"header":{"discipline":0,"disciplineName":"Meteorological products","gribEdition":2,"gribLength":871,"center":7,"centerName":"US National Weather Service - NCEP(WMC)","subcenter":0,"refTime":"2023-08-25T06:00:00.000Z","significanceOfRT":1,"significanceOfRTName":"Start of forecast","productStatus":0,"productStatusName":"Operational products","productType":1,"productTypeName":"Forecast products","productDefinitionTemplate":0,"productDefinitionTemplateName":"Analysis/forecast at horizontal level/layer at a point in time","parameterCategory":0,"parameterCategoryName":"UnknownDiscipline_0_Category_0","parameterNumber":0,"parameterNumberName":"UnknownParameter_D0_C0_0","parameterUnit":"Unknown","genProcessType":2,"genProcessTypeName":"Forecast","forecastTime":60,"surface1Type":1,"surface1TypeName":"Ground or water surface","surface1Value":0.0,"surface2Type":255,"surface2TypeName":"Missing","surface2Value":0.0,"gridDefinitionTemplate":0,"gridDefinitionTemplateName":"Latitude_Longitude","numberPoints":615,"shape":6,"shapeName":"Earth spherical with radius of 6,371,229.0 m","gridUnits":"degrees","resolution":48,"winds":"true","scanMode":64,"nx":41,"ny":15,"basicAngle":0,"lo1":47.0,"la1":41.0,"lo2":87.0,"la2":55.0,"dx":1.0,"dy":1.0},"data":[296.3,285.5,291.2,299.7,299.2,298.5,297.1,299.2,297.2,297.8,295.9,297.2,295.4,295.2,294.8,292.6,291.9,293.1,293.8,295.2,295.6,294.2,289.7,286.4,292.4,290.9,288.4,279.7,280.5,279.3,273.3,277.0,290.0,297.1,297.9,297.4,297.0,297.2,298.1,301.8,300.7,275.1,289.6,299.4,299.5,299.6,298.3,296.1,296.0,295.0,294.8,295.1,293.7,292.2,290.6,290.2,289.0,289.6,289.7,290.3,291.6,291.3,291.1,291.1,284.1,273.8,278.2,283.9,279.7,282.3,276.5,282.8,270.4,281.3,264.1,279.9,295.4,293.6,296.6,299.3,293.1,284.3,292.2,299.0,299.7,299.6,298.4,295.0,294.9,293.8,292.7,291.9,290.9,292.2,288.6,289.5,289.7,287.0,288.4,291.0,291.8,288.7,291.0,293.0,291.7,288.3,290.6,290.2,291.3,289.1,287.8,282.8,277.2,280.1,281.3,281.2,284.9,285.6,278.0,280.3,282.8,280.5,280.5,291.9,299.8,299.8,299.1,296.2,293.7,294.2,293.2,292.2,291.5,291.3,290.9,295.4,294.6,291.8,289.1,289.5,289.7,291.1,290.4,290.6,290.0,295.4,292.4,293.1,291.7,292.5,289.6,289.7,291.3,293.5,290.2,296.9,296.5,294.8,291.9,282.1,280.8,284.7,294.6,297.7,296.0,299.2,299.6,299.4,297.5,293.9,293.4,293.4,292.4,292.7,290.7,290.4,295.4,294.1,291.6,290.6,290.9,290.7,290.0,293.7,292.9,292.1,294.0,293.5,292.8,293.6,291.3,292.6,292.7,293.3,295.9,294.1,279.0,276.3,288.9,296.5,297.1,303.7,302.8,300.1,300.4,295.0,291.8,297.7,298.4,299.1,298.6,293.5,293.2,293.4,291.9,291.2,291.3,293.9,294.7,292.7,289.9,292.2,292.9,290.0,292.0,290.4,291.2,291.0,292.6,291.2,291.5,295.3,293.5,293.6,294.1,294.2,296.7,294.8,292.3,290.1,294.7,287.5,290.2,298.3,301.1,299.7,295.0,295.5,293.3,297.0,296.7,293.1,293.5,292.4,292.7,292.9,290.8,290.8,290.1,290.4,289.5,291.5,290.7,291.9,290.0,291.5,291.1,290.9,291.4,292.4,292.0,293.2,294.0,295.3,293.9,293.1,293.7,294.7,296.1,298.6,297.9,296.3,290.5,287.0,287.4,285.1,297.3,296.0,293.3,293.9,296.2,295.3,294.5,293.6,291.7,290.1,290.2,288.6,287.2,287.1,289.3,288.9,290.8,289.9,290.9,290.5,287.6,289.5,289.4,288.7,291.7,290.0,287.1,288.2,290.1,290.8,293.3,292.7,292.6,293.1,292.8,292.7,296.1,298.2,289.6,297.5,296.0,293.6,295.1,291.9,295.3,291.3,293.6,292.8,290.5,291.1,289.0,288.0,285.4,284.3,284.1,286.2,285.7,287.6,288.8,289.5,290.0,287.3,286.6,287.2,288.5,286.8,288.3,287.6,286.6,285.7,286.0,286.3,289.6,291.2,292.8,295.1,292.8,292.7,293.5,294.5,284.8,279.3,281.7,295.1,294.8,291.7,291.0,292.3,292.0,293.5,290.0,290.7,288.5,286.3,285.2,285.4,284.6,284.9,285.7,288.7,285.7,287.4,286.5,287.5,286.9,287.8,287.8,286.3,284.3,286.5,287.4,286.1,288.2,287.3,290.8,293.3,293.2,294.3,293.5,292.1,289.4,283.4,285.5,281.7,293.1,293.2,292.6,292.8,292.8,290.6,289.3,288.6,286.9,288.0,285.9,285.9,284.5,283.8,286.1,283.8,286.0,286.0,285.6,285.1,287.7,285.1,285.7,284.4,284.1,284.6,283.3,286.6,287.8,290.4,291.3,292.4,292.2,294.8,294.9,290.9,288.8,285.0,282.7,285.0,282.6,290.8,290.9,289.3,288.7,286.4,287.1,285.8,284.2,283.7,284.0,282.3,283.0,284.3,283.4,282.7,283.5,285.2,285.4,286.3,286.7,284.6,284.2,284.5,283.7,285.5,286.2,285.5,288.0,288.4,288.2,288.2,290.6,293.0,294.4,294.9,292.3,289.9,289.3,289.2,289.2,289.2,285.6,283.9,283.6,282.1,281.1,282.7,284.3,284.2,283.3,283.0,281.1,280.7,281.8,283.3,283.4,284.3,284.0,284.1,286.4,284.8,285.5,283.7,283.0,283.7,285.1,286.5,290.5,289.8,287.2,286.5,287.3,287.5,292.9,295.5,294.2,290.0,292.6,291.2,289.8,288.4,289.7,282.2,283.1,287.9,283.9,282.8,281.1,282.2,282.6,282.7,283.0,281.4,279.4,280.3,281.0,282.6,281.5,282.6,285.0,281.8,281.8,284.5,284.3,283.7,284.8,285.6,287.4,288.1,287.7,286.6,288.4,286.3,287.5,288.1,289.9,290.0,289.4,290.0,289.1,287.6,287.8,287.5,284.7,284.3,290.8,282.2,282.1,281.3,281.2,280.8,281.5,282.2,282.0,280.5,279.8,279.5,279.5,282.0,280.7,281.1,285.0,283.9,283.5,284.5,285.9,284.5,285.8,285.9,286.7,286.4,286.3,286.8,287.4,286.0,286.6,286.9,287.9,289.2,290.0,290.0,287.0,287.5,287.5]},{"header":{"discipline":0,"disciplineName":"Meteorological products","gribEdition":2,"gribLength":1025,"center":7,"centerName":"US National Weather Service - NCEP(WMC)","subcenter":0,"refTime":"2023-08-25T06:00:00.000Z","significanceOfRT":1,"significanceOfRTName":"Start of forecast","productStatus":0,"productStatusName":"Operational products","productType":1,"productTypeName":"Forecast products","productDefinitionTemplate":0,"productDefinitionTemplateName":"Analysis/forecast at horizontal level/layer at a point in time","parameterCategory":2,"parameterCategoryName":"UnknownDiscipline_0_Category_2","parameterNumber":2,"parameterNumberName":"UnknownParameter_D0_C2_2","parameterUnit":"Unknown","genProcessType":2,"genProcessTypeName":"Forecast","forecastTime":60,"surface1Type":103,"surface1TypeName":"Specified height level above ground","surface1Value":10.0,"surface2Type":255,"surface2TypeName":"Missing","surface2Value":0.0,"gridDefinitionTemplate":0,"gridDefinitionTemplateName":"Latitude_Longitude","numberPoints":615,"shape":6,"shapeName":"Earth spherical with radius of 6,371,229.0 m","gridUnits":"degrees","resolution":48,"winds":"true","scanMode":64,"nx":41,"ny":15,"basicAngle":0,"lo1":47.0,"la1":41.0,"lo2":87.0,"la2":55.0,"dx":1.0,"dy":1.0},"data":[-3.892798,-0.03279785,1.1472021,-1.7227979,-2.942798,0.6672022,3.2772021,0.68720216,-2.5427978,-2.0727978,-0.55279785,-0.5927979,1.0272021,2.797202,2.877202,1.9072021,-2.7927978,-0.50279784,0.70720214,2.6972022,4.957202,3.2172022,2.7172022,-0.38279784,-0.63279784,-3.692798,-1.2927978,3.9072022,-1.2427979,-1.2627978,-0.32279786,-0.38279784,1.2072022,2.047202,-1.6727978,-2.922798,-2.5827978,-2.8227978,-0.51279783,-0.56279784,-0.69279784,2.2372022,-0.5227978,-8.522798,-4.792798,-1.6027979,1.4272021,2.607202,-0.11279785,-2.2827978,-1.8827978,-1.3827978,-0.9727979,1.1372021,1.1672021,-2.7527978,-1.7527978,-0.22279786,0.9772022,4.207202,5.187202,5.397202,3.9572022,2.337202,-1.8627979,0.48720214,0.76720214,-1.1827979,1.7072022,2.0272021,-1.2427979,-0.35279787,-0.11279785,-0.03279785,-1.9827979,0.34720215,-0.8427979,-2.5227978,1.2772021,-0.74279785,2.327202,-2.2927978,-2.0627978,-6.372798,-3.9627979,-1.6127979,0.81720215,3.127202,3.107202,1.6872021,-2.0227978,-0.61279786,-1.0727979,-0.06279785,-1.6027979,-0.56279784,1.3772022,2.5172021,2.1872022,4.3072023,2.9672022,4.5172024,7.667202,7.467202,0.24720214,1.8272022,-2.2927978,-0.042797852,-0.28279784,-1.7527978,-0.33279786,0.6072022,-0.82279783,1.3272022,0.36720216,-1.1327978,0.63720214,-1.4727979,-0.68279785,-0.9027979,-1.6727978,-0.20279785,-0.07279785,-3.8627977,-3.7927978,-1.6727978,-0.66279787,2.2772021,0.08720215,-1.0827979,-0.98279786,-1.5427978,-1.2227979,0.86720216,0.19720215,2.2572021,4.047202,2.7272022,4.5572023,4.737202,4.967202,4.317202,2.7672021,5.2872024,0.55720216,1.6572021,3.4472022,4.3872023,2.1672022,0.70720214,2.5272021,2.6672022,7.4072022,4.737202,2.2372022,4.967202,9.307202,2.9172022,-0.38279784,-0.70279783,-1.4827979,1.6972022,2.077202,2.3972023,-1.7127979,-0.45279786,1.3372022,1.2272022,1.4272021,1.3172021,0.74720216,2.4772022,2.9472022,3.5372021,0.38720214,1.6172022,3.5272021,6.217202,6.967202,6.047202,5.897202,4.5772023,3.877202,2.9972022,4.5972023,3.6472023,1.1172022,0.39720213,2.4072022,5.3272023,4.507202,7.777202,1.8472022,5.0972023,7.477202,3.9072022,0.03720215,-0.25279784,-2.4827979,2.057202,9.217202,-0.57279783,2.3872023,0.14720215,-0.5227978,1.1672021,1.7472022,5.177202,5.337202,5.147202,5.747202,4.047202,4.7672024,4.857202,1.8372022,-0.76279783,1.4172021,4.457202,4.6572022,3.597202,2.367202,3.067202,3.9472022,3.877202,3.337202,3.6772022,4.957202,4.877202,2.577202,9.717202,6.6372023,5.647202,9.137202,1.9472022,1.7672021,7.937202,6.697202,6.167202,1.4672022,0.6672022,2.067202,1.6772021,3.2572021,11.907202,-0.79279786,-4.742798,2.2572021,1.4672022,0.0072021484,4.3472023,7.357202,5.167202,5.917202,0.86720216,-1.1627978,0.89720213,3.0372021,2.7172022,-0.122797854,2.067202,1.8072021,1.3772022,1.3372022,2.307202,4.397202,1.6072022,3.7272022,4.607202,3.097202,1.4472022,3.9072022,3.7372022,4.817202,4.5572023,2.607202,0.22720215,4.837202,6.337202,7.357202,6.917202,4.377202,-0.66279787,-1.7927978,2.047202,-0.8427979,-0.02279785,-0.06279785,3.097202,2.7772021,1.6772021,2.357202,4.817202,2.9272022,1.2272022,2.367202,3.4672022,2.5072021,2.617202,-0.122797854,0.99720216,3.2672021,3.607202,3.2772021,3.837202,3.567202,1.3172021,2.4172022,3.7272022,3.7672021,1.7872021,-0.57279783,-0.61279786,-0.75279784,-0.07279785,-0.19279785,1.5272021,0.51720214,2.9972022,7.837202,6.207202,3.5372021,1.3472022,3.827202,8.827202,7.527202,0.22720215,-2.9827979,-3.382798,2.097202,2.6472023,2.1772022,2.077202,5.197202,4.917202,3.0372021,2.7172022,2.3872023,2.327202,1.9272021,2.1972022,2.9772022,2.9872022,3.617202,3.4072022,3.7172022,1.9072021,1.6272022,2.0372021,2.2172022,2.557202,1.9772022,-0.99279785,0.5272021,1.1872021,-0.02279785,0.69720215,1.1972022,1.9572022,-0.09279785,3.3972023,6.227202,2.9872022,2.6472023,2.1972022,2.2872021,-3.142798,-1.8827978,-0.49279785,-2.5927978,3.4272022,2.087202,2.9972022,2.5172021,4.857202,5.527202,4.6572022,2.0172021,3.087202,1.1872021,1.0772022,2.2872021,2.9572022,2.9572022,3.307202,3.607202,3.7572021,2.297202,3.4672022,0.86720216,0.22720215,1.3972021,1.7872021,-0.21279785,-0.44279784,1.6472021,2.9872022,2.377202,0.9772022,2.7172022,1.2272022,2.327202,2.9472022,3.567202,1.0472021,1.6772021,1.1272022,-0.9727979,-2.902798,-1.1927979,-1.3427979,2.5372021,4.027202,3.5072021,4.437202,5.8472023,3.5272021,1.8372022,0.6672022,6.5372024,1.8372022,-0.86279786,2.4772022,1.8772022,3.2872021,3.4772022,3.547202,2.6972022,2.587202,2.587202,0.83720213,0.82720214,2.2772021,1.9172021,2.1672022,2.107202,4.8272023,4.0772023,3.837202,2.4072022,1.6472021,3.6572022,5.177202,2.807202,3.2672021,2.1372023,2.0072021,-0.24279785,-0.03279785,-1.5227978,0.5972021,-1.3727978,0.39720213,-0.14279786,2.127202,1.9572022,2.1772022,2.557202,1.1072022,-1.0027978,-3.2327979,-0.74279785,1.4272021,3.9072022,2.337202,2.7372022,2.847202,3.107202,2.7672021,2.5072021,2.1472023,2.107202,1.5772022,1.8172021,2.107202,2.607202,3.0072021,5.2872024,6.217202,4.417202,2.6572022,2.7472022,3.617202,5.457202,2.9072022,3.097202,0.32720214,4.447202,-0.76279783,-1.5727979,-0.70279783,-0.7227979,-0.91279787,1.6472021,1.0872022,1.3072021,1.3272022,0.79720217,-0.20279785,0.81720215,2.6972022,4.2672024,2.9572022,1.9072021,2.9272022,1.8972021,2.4472022,2.087202,1.9872022,0.25720215,2.4372022,1.7972021,1.9172021,2.307202,1.8872021,3.7872021,2.6772022,3.317202,4.937202,-0.48279786,-1.2927978,-2.5527978,0.30720216,-1.3827978,-1.0327978,1.3772022,-0.60279787,-2.3427978,-0.75279784,-2.702798,-2.692798,-3.8127978,-2.162798,-1.6627978,1.9472022,2.097202,-0.44279784,0.11720215,0.61720216,1.0272021,2.857202,4.247202,4.667202,4.0772023,2.0272021,0.41720214,1.3572022,2.2472022,2.327202,1.3472022,0.98720217,1.0872022,0.98720217,2.2472022,1.5072021,2.6872022,2.5172021,2.617202,3.6372023,1.5172021,-2.632798,-3.2527978,-3.402798,-3.8527977,-2.912798,-3.622798,-6.202798,-4.002798,-3.7227979,-3.3327978,-2.8627977,-2.5727978,-1.6827979,-1.6427978,-1.3527979,1.1972022,-0.5827978,2.9272022,2.7872021,3.557202,3.847202,4.997202,3.577202,6.047202,4.4072022,0.81720215,0.74720216,-1.0027978,1.1372021,0.03720215,0.0072021484,0.61720216,1.5572021,1.4972022,0.93720216,0.47720215,0.41720214,0.41720214,0.5972021,2.857202,-2.132798,-4.252798,-3.8527977,-4.372798,-4.7327976,-5.602798,-4.2327976,-3.8027978,0.35720214,-3.652798,-2.8627977,-2.3527977,-3.2827978,-1.8527979,-1.9527979,-1.2827978]},{"header":{"discipline":0,"disciplineName":"Meteorological products","gribEdition":2,"gribLength":1025,"center":7,"centerName":"US National Weather Service - NCEP(WMC)","subcenter":0,"refTime":"2023-08-25T06:00:00.000Z","significanceOfRT":1,"significanceOfRTName":"Start of forecast","productStatus":0,"productStatusName":"Operational products","productType":1,"productTypeName":"Forecast products","productDefinitionTemplate":0,"productDefinitionTemplateName":"Analysis/forecast at horizontal level/layer at a point in time","parameterCategory":2,"parameterCategoryName":"UnknownDiscipline_0_Category_2","parameterNumber":3,"parameterNumberName":"UnknownParameter_D0_C2_3","parameterUnit":"Unknown","genProcessType":2,"genProcessTypeName":"Forecast","forecastTime":60,"surface1Type":103,"surface1TypeName":"Specified height level above ground","surface1Value":10.0,"surface2Type":255,"surface2TypeName":"Missing","surface2Value":0.0,"gridDefinitionTemplate":0,"gridDefinitionTemplateName":"Latitude_Longitude","numberPoints":615,"shape":6,"shapeName":"Earth spherical with radius of 6,371,229.0 m","gridUnits":"degrees","resolution":48,"winds":"true","scanMode":64,"nx":41,"ny":15,"basicAngle":0,"lo1":47.0,"la1":41.0,"lo2":87.0,"la2":55.0,"dx":1.0,"dy":1.0},"data":[0.25468263,-0.23531738,2.8946826,8.5446825,4.1046824,-0.84531736,-3.5553174,-0.3853174,-1.9353174,-2.3853173,-2.7253175,-3.3753173,-3.2853174,-2.2753174,-2.1153173,-3.5353174,-4.275317,-4.4953175,-5.4753175,-5.6953173,-5.6653175,-3.0753174,0.23468262,1.3246826,-1.3053174,-2.5053174,1.7346826,1.1746826,-0.90531737,1.1446826,-1.3553174,-0.97531736,0.24468261,-1.9853173,0.8146826,1.6446826,0.6046826,-0.17531738,-2.5553174,-4.1053176,-0.8853174,4.0246825,2.2146826,2.9746826,5.9846826,2.3346827,-1.4853173,-3.8453174,-3.6953173,-1.6653174,-2.8953173,-2.3153174,-3.8353174,-4.9353175,-3.2253175,-2.3553174,-2.8153174,-2.9653175,-3.4353173,-4.5953174,-3.5853174,-3.8053174,-3.3153174,2.2646825,3.5846827,2.2546825,3.4146826,0.6046826,2.3746827,2.1446826,3.6046827,4.1346827,5.0946827,2.6446826,2.3546827,-0.025317382,-0.8853174,0.23468262,-1.5653174,-1.3853173,-0.9353174,-0.15531738,2.2046826,6.3646827,4.8446827,3.3046827,0.32468262,-2.5353174,0.38468263,-0.3753174,-0.29531738,-2.6453173,-1.5353174,-3.1853173,-2.3453174,-1.2953174,-1.6453174,-1.8653173,-2.3053174,-3.4853175,-4.3453174,-2.6653173,-3.1453173,-1.2253174,4.2946825,2.1446826,0.9746826,1.0846826,0.9146826,3.4146826,-0.6453174,0.96468264,3.6846826,1.9346826,-0.53531736,-1.0553174,-0.18531738,1.1646826,1.6746826,-1.6653174,0.41468263,0.96468264,2.0746827,0.9346826,5.184683,3.0146825,0.38468263,-0.35531738,-3.1453173,-3.8053174,-3.4753175,-1.6653174,-1.9853173,-2.4853175,-2.7153175,-6.3653173,-6.045317,-0.65531737,0.0046826173,-0.6453174,-1.2353173,1.0046827,-2.7953174,-6.2853174,3.2046826,5.184683,5.9146824,3.1546826,5.224683,1.9846826,4.9646826,5.6546826,-0.21531738,-5.1853175,-6.505317,0.5646826,5.2746825,2.3546827,-3.3253174,-3.3353174,0.13468261,0.28468263,2.3446827,1.2546827,5.244683,6.9046826,5.8146825,3.9846826,1.6046826,-0.72531736,-1.8753173,-2.0153174,-2.3653173,-1.7153174,-0.84531736,-1.8253174,-6.4453173,-6.235317,-4.6253176,-1.1553174,0.06468262,-1.5353174,0.22468261,-0.46531737,-0.7953174,-4.3753176,4.014683,6.704683,3.1846826,2.1646826,0.9946826,5.1546826,3.1346827,0.29468262,-0.9553174,-1.7653174,-1.4353174,2.0946827,-1.8353174,-3.4953175,-9.875318,-2.1653173,-4.8853173,-1.8553174,-1.4053174,6.4646826,4.1946826,7.1946826,6.244683,3.7446826,1.7746826,0.45468262,0.8546826,-1.2353173,0.8646826,-1.3453174,-2.4253173,-3.9853175,-7.525317,-7.5153174,-2.5053174,0.6946826,-2.1453173,-1.0553174,0.5446826,-1.7753174,-3.1653173,0.4946826,5.954683,6.014683,2.6346827,4.0246825,8.674683,8.144683,7.1946826,-0.27531737,-0.48531738,-0.9853174,2.4446826,2.8046827,3.6946826,2.4346826,-4.505317,-4.0553174,-3.5153174,-4.3953176,3.7346826,3.3046827,2.9446826,6.0846825,4.184683,3.7146826,1.5246826,1.4746826,-0.8253174,-1.1853174,-0.65531737,-1.4853173,-3.1853173,-5.025317,-3.5553174,-4.2653174,-4.275317,-3.8153174,-4.8353176,-0.91531736,-3.1353173,-3.8553174,-2.6553173,2.9846826,2.3146827,1.2746826,1.7446827,5.6446824,4.9846826,7.9246826,2.1546826,-1.6653174,-0.9453174,2.1646826,0.06468262,-0.11531738,-1.6553174,2.6946826,-0.7553174,-1.2453173,-2.3553174,2.0546827,3.6846826,3.3846827,1.3546826,-0.91531736,2.9546826,3.1846826,2.2846825,2.0346825,1.2546827,0.38468263,0.014682617,-1.5553174,-2.9353173,-4.3053174,-3.4753175,-1.9253174,-4.1153173,-3.3253174,-2.3553174,-5.2853174,-4.2453175,1.2346826,0.96468264,3.2246826,2.3446827,1.9046826,0.12468262,0.5546826,2.7746825,3.5746827,1.5246826,-1.3153174,0.23468262,1.1746826,-1.4853173,0.18468262,2.8246827,3.7346826,1.1546826,-3.3253174,1.0746826,4.2346826,3.5646827,2.8446827,0.5046826,0.9446826,3.6246827,3.9646826,3.1446826,2.5346825,2.6446826,2.1346827,0.89468265,-1.1753174,-1.4153174,-1.7453173,-2.5753174,-1.6853174,-4.3253174,-2.5153174,-3.4353173,-6.255317,0.24468261,1.0446826,1.7246826,3.1546826,2.8546827,2.4346826,1.9546826,1.6946826,1.5446826,4.684683,2.8746827,-0.6453174,-0.015317383,-4.3353176,-3.7653174,1.5746826,1.2846826,0.47468263,-2.2853174,0.48468262,3.7846825,3.5646827,3.6246827,2.1546826,0.06468262,4.5246825,2.6046827,4.0346828,4.1446824,3.0646827,2.0746827,2.4046826,-0.13531739,-1.0853174,-1.0453174,-2.1653173,-1.6953174,-2.5153174,-2.3553174,-2.9753175,-4.3253174,-5.8453174,-2.6253173,0.5746826,0.7446826,1.7046826,3.8046827,2.6646826,2.9046826,2.5546827,3.1246827,2.6546826,0.8046826,2.3046827,-1.7753174,0.9146826,-2.1053174,0.034682617,3.7046826,3.5146825,-2.3253174,-0.6253174,2.2946825,2.9046826,1.8346826,1.4046826,2.7246826,-0.33531737,-1.4053174,5.0746827,2.8646827,-0.24531738,2.2746825,1.3446826,1.4246826,-0.24531738,0.054682616,-1.1053174,-2.2353175,-1.6753174,-2.0653174,-2.3353174,-2.6953173,-2.3553174,-1.2853174,-0.23531738,0.9746826,1.8946826,2.6746826,2.9646826,2.6446826,2.7246826,2.7246826,1.9746826,2.7946825,0.7946826,1.1446826,2.9246826,1.1546826,1.8346826,0.23468262,-3.0153174,-4.6053176,-4.315317,-2.9853175,-0.84531736,1.1246827,1.3246826,2.0646827,0.6646826,-0.16531739,0.52468264,1.0646826,2.7046826,2.4946826,1.3346826,1.1746826,0.13468261,1.1046826,-1.1853174,-1.6653174,-0.53531736,-2.4953175,-0.84531736,-1.2353173,-2.0053174,-3.9853175,6.0346828,5.3246827,3.6046827,2.5046825,2.0346825,3.1846826,3.7846825,4.224683,2.6146827,0.8246826,1.5046827,2.4946826,2.5446825,2.2246826,1.1746826,-1.5153174,-0.97531736,-1.7353173,-0.5753174,-1.1553174,0.28468263,0.35468262,1.7146826,3.8546827,2.8846827,2.5746827,1.9946827,2.8546827,1.6846826,2.7546825,1.3646827,2.4046826,1.6146827,-0.60531735,-2.2853174,-0.59531736,-0.8653174,-1.8653173,-1.0553174,-2.6453173,-3.5553174,2.0946827,3.1246827,1.1346827,2.4246826,-1.7453173,1.5546826,6.454683,7.0646825,3.9046826,3.0146825,2.3146827,0.4346826,-0.3753174,-0.6853174,-0.04531738,-2.0553174,-2.6253173,-1.6453174,-0.5753174,-0.7553174,-0.66531736,-2.2453175,-1.2153174,0.44468263,2.6646826,2.4646826,1.7146826,2.2246826,1.9146826,2.1846826,3.2246826,2.3646827,2.2646825,-0.8153174,-1.0853174,-2.6353173,-1.6853174,-0.8953174,-2.5653174,-3.9553175,-0.7453174,3.3146827,-0.3453174,0.8646826,-0.5653174,-1.0853174,-3.7553174,-3.1353173,0.9546826,0.28468263,1.7346826,1.1046826,0.4946826,-0.32531738,0.8846826,-0.27531737,-1.9853173,-2.1253173,-6.6553173,-3.2653174,-2.0353174,-1.2853174,-1.3253174,-0.39531738,-2.2153175,2.4146826,1.6546826,3.6346827,1.3446826,0.5546826,2.6946826,3.2046826,2.4946826,1.8746827,0.4346826,-0.18531738,-2.2753174,-3.1953173,-3.0653174,-3.1253173,-3.8053174,-1.2953174,1.0846826,-0.22531739,-0.97531736,0.39468262,-0.7753174,-0.96531737,-0.59531736,-2.7953174,-1.8553174,-1.0753174,-1.4453174,1.0046827,0.5746826,1.0346826,-0.035317384]}]