wind.json
{"header": {"discipline":0,"disciplineName":"Meteorological products","gribEdition":2,"gribLength":1211,"center":7,"centerName":"US National Weather Service - NCEP(WMC)","subcenter":0,"refTime":"2023-06-30T00:00:00.000Z","significanceOfRT":1,"significanceOfRTName":"Start of forecast","productStatus":0,"productStatusName":"Operational products","productType":1,"productTypeName":"Forecast products","productDefinitionTemplate":0,"productDefinitionTemplateName":"Analysis/forecast at horizontal level/layer at a point in time","parameterCategory":2,"parameterCategoryName":"UnknownDiscipline_0_Category_2","parameterNumber":2,"parameterNumberName":"UnknownParameter_D0_C2_2","parameterUnit":"Unknown","genProcessType":2,"genProcessTypeName":"Forecast","forecastTime":60,"surface1Type":103,"surface1TypeName":"Specified height level above ground","surface1Value":10.0,"surface2Type":255,"surface2TypeName":"Missing","surface2Value":0.0,"gridDefinitionTemplate":0,"gridDefinitionTemplateName":"Latitude_Longitude","numberPoints":688,"shape":6,"shapeName":"Earth spherical with radius of 6,371,229.0 m","gridUnits":"degrees","resolution":48,"winds":"true","scanMode":64,"nx":43,"ny":16,"basicAngle":0,"lo1":45.0,"la1":40.0,"lo2":87.0,"la2":55.0,"dx":1.0,"dy":1.0}, "data":
[rows 0 to 15 of 16, columns 0 to 42 of 43]
2.7153492,-3.0446508,-2.0246508,-3.934651,-4.794651,-1.9046509,-0.78465086,2.385349,3.155349,-1.5246509,0.3653491,0.40534914,0.8053491,1.5353491,2.7753491,3.155349,5.815349,6.425349,3.2153492,4.6153493,4.895349,6.625349,8.1453495,7.045349,3.7653491,6.3253493,3.665349,-1.2246509,-0.66465086,3.165349,-0.40465087,4.0753493,1.0053492,0.07534912,-0.034650877,-0.33465087,-0.49465087,-2.374651,-0.4746509,-1.7746509,-0.13465089,0.37534913,1.4753491
-2.174651,-3.2146509,-0.2546509,2.095349,-3.2146509,-5.604651,-0.7546509,2.135349,6.3253493,3.865349,2.6953492,2.0253491,2.4853492,1.9953492,4.6553493,4.5553493,5.015349,6.3653493,3.605349,8.165349,6.125349,5.145349,5.235349,7.1553493,6.245349,7.665349,6.0553493,5.425349,7.1553493,2.9853492,2.7353492,0.6653491,-1.0446509,2.125349,-3.634651,-2.3146508,0.70534915,0.18534912,2.325349,4.165349,3.145349,4.8453493,3.895349
-1.9046509,1.3953491,1.1253492,-4.4046507,-3.944651,-2.434651,0.6753491,4.515349,6.335349,6.475349,5.3853493,5.625349,4.915349,5.855349,4.765349,4.8653493,1.7053491,6.8453493,3.645349,9.385349,9.725349,9.81535,4.985349,7.165349,4.975349,6.445349,-2.614651,2.345349,-0.09465088,2.805349,1.0053492,0.5653491,-0.02465088,-0.35465088,1.8353491,-2.084651,-1.0246509,3.0453491,3.355349,4.3453493,2.345349,0.8253491,-3.614651
-1.7946509,-2.424651,-4.724651,-3.4746509,-1.5346509,1.5053492,3.0353491,7.505349,8.215349,8.075349,8.135349,7.745349,6.745349,5.0953493,6.235349,0.7453491,4.545349,5.875349,8.085349,8.245349,13.155349,5.985349,3.7153492,5.3053493,7.205349,7.585349,-2.114651,1.7953491,-4.524651,-0.8746509,-1.0746509,-0.59465086,0.14534912,-1.4346509,-1.0146508,1.1153492,-1.7046509,-0.46465087,1.5453491,-1.0346509,6.455349,5.765349,1.2853491
-0.36465088,-0.14465088,-4.014651,-2.384651,1.2353492,4.035349,6.945349,7.815349,6.6553493,8.875349,9.235349,10.335349,7.3453493,7.8053493,-2.2246509,2.2653491,6.355349,8.025349,6.375349,8.265349,15.56535,6.395349,1.2153491,6.395349,6.0553493,2.565349,3.2753491,-7.584651,-5.494651,-7.294651,-5.554651,-3.2846508,-2.0146508,2.4453492,0.41534913,3.655349,3.4453492,1.9953492,0.9853491,1.3353491,-1.7046509,-0.48465088,0.7553491
2.1753492,3.7753491,4.625349,2.1853492,4.685349,5.945349,6.8853493,7.8653493,7.965349,8.635349,8.85535,9.135349,9.005349,10.755349,1.9153491,4.0953493,7.745349,10.255349,9.6453495,10.515349,2.315349,2.9553492,3.095349,4.645349,-2.864651,-7.664651,-8.214651,-8.204651,-9.634651,-7.394651,-7.874651,-6.794651,-5.724651,-4.054651,-1.8146509,0.8853491,-1.4946508,-1.3746508,1.0753491,-0.37465087,-0.12465088,-0.6446509,-0.2846509
3.865349,3.2253492,4.225349,4.915349,1.5053492,5.965349,6.985349,7.985349,9.295349,9.60535,9.31535,7.935349,10.985349,9.675349,9.005349,3.4453492,7.855349,8.805349,8.56535,6.675349,3.5353491,0.83534914,1.4353491,-1.4346509,-2.4946508,-5.284651,-10.044651,-9.094651,-9.714651,-5.1346507,-8.774651,-8.664651,-8.264651,-6.4046507,-6.4246507,-5.464651,-4.544651,1.9353491,-0.48465088,3.095349,2.9753492,-3.394651,0.76534915
3.885349,4.025349,3.915349,6.465349,5.335349,5.8253493,5.925349,7.3053493,9.215349,9.115349,8.465349,7.895349,9.415349,8.685349,9.60535,8.035349,8.615349,9.935349,3.605349,4.035349,1.2753491,6.395349,-1.7946509,-2.8246508,-3.7646508,-6.574651,-7.184651,-6.974651,-6.284651,-4.1346507,-5.084651,-6.394651,-7.034651,-6.954651,-5.144651,-3.364651,-1.4246509,-0.27465087,-1.6146508,-0.60465086,3.385349,-0.6346509,5.265349
5.1353493,3.9353492,5.955349,5.375349,5.9053493,6.1353493,5.495349,4.3653493,7.425349,7.045349,8.365349,6.995349,7.0753493,7.005349,9.835349,8.705349,10.465349,7.465349,-0.0046508787,3.155349,7.125349,0.9953491,-1.6346508,-2.834651,-4.054651,-4.034651,-3.654651,-4.6146507,-5.064651,-4.974651,-5.304651,-5.144651,-5.974651,-6.244651,-5.804651,-5.324651,-3.844651,-0.90465087,-1.1446509,4.855349,7.705349,8.115349,8.135349
5.255349,6.625349,5.5553493,7.625349,5.375349,6.3253493,4.495349,4.585349,6.6353493,7.3053493,8.425349,7.8053493,7.215349,4.375349,7.785349,5.955349,8.60535,2.415349,1.0353491,8.425349,-1.7046509,-2.894651,-3.0246508,-3.104651,-1.6146508,-2.614651,-2.4746509,-3.114651,-1.7246509,-1.2446508,-2.894651,-3.444651,-4.9446507,-4.9046507,-4.954651,-3.7546508,-1.4546509,-0.72465086,-0.2846509,-0.0146508785,-1.1246508,0.64534914,0.8753491
4.995349,7.1153493,7.505349,8.115349,5.0553493,2.5453491,3.865349,3.885349,6.265349,3.7053492,5.915349,5.165349,3.9753492,5.395349,8.345349,4.415349,6.185349,1.4453491,-4.914651,-1.8446509,1.9953492,4.8053493,-0.8346509,-0.5646509,-0.85465086,-1.5746509,-0.90465087,-0.14465088,-2.084651,-5.034651,-3.124651,-3.844651,-4.274651,-4.494651,-3.174651,-2.884651,-3.094651,0.11534912,1.3153491,0.5453491,0.64534914,-0.42465088,-0.66465086
7.8853493,6.5553493,7.225349,5.645349,5.515349,3.395349,1.0353491,3.105349,5.165349,5.485349,2.915349,4.8053493,5.275349,5.3653493,5.0553493,5.995349,0.39534912,-4.704651,-7.564651,-4.6146507,2.165349,3.145349,0.6353491,3.2053492,-2.0246508,-3.414651,-1.3246509,-3.0646508,-1.1846509,-2.8046508,-2.0546508,-4.074651,-5.014651,-3.3146508,-3.5646508,-1.2446508,-3.0046508,-2.134651,-1.2246509,0.83534914,-0.05465088,0.03534912,0.13534912
7.085349,7.875349,7.035349,5.815349,5.515349,4.285349,0.41534913,3.7453492,3.9853492,3.1953492,3.875349,2.6853492,2.625349,4.895349,5.975349,4.065349,-2.584651,-2.2146509,-2.194651,0.9153491,-0.0146508785,2.885349,2.7253492,-4.1546507,-5.494651,-3.0346508,-0.84465086,-2.114651,-1.5546509,-2.844651,-3.9646509,-4.004651,-2.624651,-1.7846509,-1.9146509,-1.4746509,-1.7446508,-3.404651,-1.1346508,-3.194651,-2.0646508,0.4953491,0.9353491
6.855349,7.875349,6.0753493,5.765349,5.625349,4.215349,2.895349,2.665349,4.285349,2.845349,3.645349,1.3053491,2.105349,1.8453491,3.2353492,2.165349,2.395349,1.5353491,1.4453491,0.3653491,3.4553492,3.5253491,4.455349,-4.734651,-3.344651,-0.8246509,-1.8946509,-2.154651,-3.414651,-3.2046509,-2.914651,-2.7946508,-1.8046509,-1.7746509,-4.104651,0.5053491,-2.374651,-0.8346509,-0.34465086,1.9053491,-1.1446509,0.95534915,2.9253492
6.3253493,5.8853493,6.705349,4.705349,3.095349,4.1153493,5.625349,3.575349,4.295349,3.655349,4.275349,1.5353491,1.8753492,3.355349,1.6353492,1.0953491,2.9453492,1.1853491,1.1553491,-0.34465086,4.045349,4.015349,3.125349,-2.614651,-2.0446508,-3.0046508,-2.934651,-3.7046509,-2.834651,-1.4546509,-1.2446508,-0.6346509,-0.5646509,-0.45465088,-0.04465088,-1.0646509,-0.46465087,-1.3846508,-1.3746508,0.07534912,0.32534912,-1.3946509,0.22534913
6.335349,5.515349,3.7653491,6.765349,2.7753491,5.215349,5.955349,3.7553492,4.835349,3.805349,3.835349,3.855349,1.0253491,3.895349,1.4853492,1.3453491,1.8053491,2.905349,1.5253491,3.0453491,4.0553493,3.7053492,0.2753491,-0.49465087,-2.4646509,-3.5346508,-2.864651,-2.7246509,-1.7746509,-0.39465088,0.13534912,0.6153491,-1.2646508,1.1753491,1.5153491,-4.4446507,-3.9746509,-1.7046509,-0.8646509,1.4753491,0.5453491,-0.0146508785,-0.4746509
