wind_kz.json
{"header": {"discipline":0,"disciplineName":"Meteorological products","gribEdition":2,"gribLength":1025,"center":7,"centerName":"US National Weather Service - NCEP(WMC)","subcenter":0,"refTime":"2024-01-30T18:00:00.000Z","significanceOfRT":1,"significanceOfRTName":"Start of forecast","productStatus":0,"productStatusName":"Operational products","productType":1,"productTypeName":"Forecast products","productDefinitionTemplate":0,"productDefinitionTemplateName":"Analysis/forecast at horizontal level/layer at a point in time","parameterCategory":2,"parameterCategoryName":"UnknownDiscipline_0_Category_2","parameterNumber":2,"parameterNumberName":"UnknownParameter_D0_C2_2","parameterUnit":"Unknown","genProcessType":2,"genProcessTypeName":"Forecast","forecastTime":120,"surface1Type":103,"surface1TypeName":"Specified height level above ground","surface1Value":10.0,"surface2Type":255,"surface2TypeName":"Missing","surface2Value":0.0,"gridDefinitionTemplate":0,"gridDefinitionTemplateName":"Latitude_Longitude","numberPoints":615,"shape":6,"shapeName":"Earth spherical with radius of 6,371,229.0 m","gridUnits":"degrees","resolution":48,"winds":"true","scanMode":64,"nx":41,"ny":15,"basicAngle":0,"lo1":47.0,"la1":41.0,"lo2":87.0,"la2":55.0,"dx":1.0,"dy":1.0}, "data":
[rows 0 to 14 of 15, columns 0 to 40 of 41]
4.997622,-1.7023779,1.617622,4.107622,4.807622,2.3176222,0.45762208,1.3776221,-0.72237796,1.087622,-1.4723779,-1.9923779,-2.4223778,-2.982378,-2.812378,-2.6623778,-1.9423779,-1.2123779,-2.492378,-3.562378,-3.582378,-2.332378,-2.1223779,-2.4123778,-1.1923779,-2.272378,-2.352378,-0.6523779,1.3076221,1.1576221,0.02762207,1.6676221,0.5476221,-0.15237793,1.6876221,0.9276221,1.987622,2.517622,2.997622,1.1876221,2.137622
1.5576221,1.1576221,-0.34237793,-3.4023778,-5.722378,-2.442378,0.28762206,-0.10237793,-2.1523778,-1.7023779,-2.582378,1.4076221,-2.582378,-3.042378,-2.562378,-2.6823778,-1.8723779,-1.922378,-2.482378,-2.752378,-2.1223779,-1.8223779,-1.5523779,-2.212378,-0.0023779296,2.057622,-0.66237795,0.96762204,-3.092378,-1.892378,0.02762207,-0.68237793,1.577622,-2.1523778,0.00762207,-0.67237794,-1.1123779,-0.53237796,-0.5123779,0.11762207,0.70762205
0.7976221,-2.3823779,-1.7123779,-3.692378,-2.852378,-3.862378,-4.212378,-3.702378,-4.732378,-3.582378,-3.482378,-3.292378,-2.792378,-3.222378,-2.592378,-2.1223779,-2.3823779,-2.072378,-2.6523778,-2.712378,-2.822378,-3.112378,-2.3723779,-1.5523779,-2.072378,-0.7023779,0.41762206,0.7976221,-0.8823779,-0.13237792,-1.9523779,2.5876222,0.71762204,0.41762206,-0.08237793,-1.1223779,-0.34237793,0.5376221,0.57762206,1.487622,0.07762207
-1.292378,0.6676221,0.35762206,-0.53237796,-1.512378,-0.99237794,-1.382378,-1.1923779,-0.91237795,0.23762207,-0.5623779,-2.1523778,-2.252378,-2.252378,-1.4523779,-0.93237793,-1.4523779,-0.98237795,-1.6923779,-1.7023779,-2.762378,-1.272378,-2.292378,-1.282378,0.37762207,0.9776221,3.1176221,1.7676221,7.677622,2.747622,-0.7023779,-0.04237793,-1.752378,-2.312378,-2.042378,-1.672378,-1.3623779,2.227622,0.41762206,0.56762207,0.9876221
1.587622,2.5676222,2.277622,2.0876222,1.357622,1.1876221,0.38762206,0.5376221,0.43762207,0.6176221,-1.402378,0.05762207,2.157622,2.287622,-1.0523779,-1.8023779,-0.12237793,-0.62237793,-1.1123779,-1.4923779,-1.022378,-0.14237793,0.51762205,1.0676221,1.607622,2.8676221,2.8176222,5.617622,6.147622,5.397622,2.387622,-0.43237793,-0.80237794,1.857622,1.247622,0.12762207,0.03762207,-0.28237793,0.41762206,0.39762208,-0.92237794
5.137622,3.767622,3.887622,3.457622,2.667622,1.7976221,1.6276221,0.39762208,0.45762208,0.32762206,-0.17237793,-0.34237793,4.347622,2.807622,-1.4723779,-1.292378,-1.6923779,-1.662378,-1.6223779,-1.3123779,-1.1123779,0.26762208,2.6176221,3.037622,1.867622,2.237622,4.747622,5.157622,4.357622,4.7176223,5.797622,7.387622,1.7576221,-0.98237795,0.83762205,-3.742378,1.1276221,0.20762207,1.0676221,-0.78237796,-1.9323779
6.477622,6.797622,6.857622,6.077622,4.677622,4.2576222,2.267622,2.3176222,1.077622,0.7876221,-0.34237793,-0.24237794,0.01762207,-0.60237795,-0.5823779,-0.5623779,-0.73237795,-0.97237796,-1.632378,-2.202378,0.42762208,0.96762204,0.62762207,2.007622,3.687622,1.8876221,2.057622,2.307622,1.3776221,0.21762207,-1.752378,-1.7223779,-0.15237793,-3.4123778,-4.162378,-0.46237794,-1.1223779,2.557622,-0.48237792,1.8776221,1.1476221
6.377622,6.887622,7.5076222,7.537622,6.9476223,6.267622,5.617622,2.547622,4.0076222,0.62762207,0.24762207,1.467622,1.1276221,1.087622,1.3876221,0.8676221,0.34762207,-0.5623779,-0.38237792,-0.78237796,2.207622,1.7876221,2.677622,-0.03237793,2.157622,2.3476222,2.0776222,0.87762207,1.6476221,0.51762205,0.6076221,-0.85237795,-3.232378,1.0076221,-1.4523779,0.8576221,1.337622,0.46762207,-3.302378,-4.172378,-2.842378
5.817622,6.087622,6.6976223,7.097622,6.767622,6.537622,5.477622,3.797622,2.707622,2.917622,1.1976221,1.3876221,3.5676222,1.9376221,1.607622,0.9176221,0.7476221,0.10762207,1.117622,0.9776221,0.7376221,2.267622,2.6076221,1.7676221,1.5576221,2.197622,2.647622,0.44762206,2.3276222,1.0476221,3.1076221,2.527622,4.627622,-1.672378,-2.082378,-3.232378,0.24762207,-1.4923779,-1.7123779,0.57762206,-2.002378
5.017622,5.047622,5.097622,5.337622,5.5076222,5.287622,4.767622,3.897622,2.8176222,3.267622,3.417622,3.8376222,3.3776221,2.0676222,2.687622,2.207622,1.827622,1.1476221,0.8676221,0.08762207,3.1276221,3.967622,2.787622,3.047622,3.1176221,2.6176221,5.2376223,3.977622,5.157622,6.877622,4.787622,5.647622,5.267622,0.63762206,-1.502378,-1.1823779,-2.752378,-0.36237794,-1.662378,0.51762205,-1.8323779
3.767622,4.177622,4.147622,4.367622,4.517622,4.4676223,4.357622,4.387622,3.287622,3.227622,3.447622,4.307622,2.917622,4.127622,3.557622,3.277622,2.687622,3.967622,1.237622,1.457622,4.397622,2.8776221,4.2376223,3.647622,3.927622,3.5676222,7.057622,5.977622,6.707622,8.2476225,7.387622,6.657622,2.3676221,1.1376221,0.48762208,-1.422378,-1.0723779,0.6576221,-1.0923779,1.1576221,-1.3523779
2.267622,3.047622,3.677622,3.937622,4.477622,4.337622,3.647622,3.437622,3.437622,2.517622,2.447622,5.4676223,3.297622,4.287622,5.297622,4.117622,4.5076222,4.537622,3.007622,3.667622,4.137622,4.097622,3.957622,4.247622,5.1976223,6.127622,6.297622,7.807622,7.7176223,8.137622,6.297622,5.187622,3.937622,1.6876221,1.7676221,4.087622,2.8576221,0.23762207,-0.29237792,-0.39237794,-0.8123779
1.977622,2.957622,2.5876222,3.387622,3.6276221,3.027622,3.8776221,3.937622,3.967622,2.687622,3.007622,4.727622,3.957622,5.177622,5.057622,4.457622,3.8276222,3.967622,2.927622,3.697622,3.0876222,3.937622,4.6976223,4.0076222,6.087622,6.137622,6.907622,6.5076222,6.937622,7.327622,6.597622,5.307622,4.277622,3.6176221,2.747622,3.177622,3.687622,1.727622,1.9376221,-0.12237793,-0.7023779
2.207622,1.7876221,2.307622,3.237622,3.8376222,4.797622,4.827622,5.107622,5.067622,3.757622,3.167622,4.167622,4.997622,5.417622,4.877622,4.287622,4.317622,3.747622,2.527622,4.297622,3.897622,4.907622,4.797622,4.837622,4.6976223,4.367622,4.877622,5.937622,6.087622,6.917622,6.177622,4.937622,3.937622,3.637622,3.247622,2.8676221,2.307622,2.797622,3.057622,2.8376222,2.037622
1.227622,2.3376222,3.707622,3.737622,4.917622,6.637622,5.957622,6.117622,5.727622,4.1976223,3.0676222,6.187622,4.297622,2.6076221,5.0076222,4.527622,3.987622,3.917622,3.0776222,3.967622,3.437622,3.527622,3.0976222,3.797622,4.077622,4.1976223,4.607622,5.837622,6.477622,6.347622,6.097622,5.357622,3.687622,3.807622,3.797622,3.807622,2.747622,3.147622,2.977622,2.157622,0.6776221
