wind_kz.json
{"header": {"discipline":0,"disciplineName":"Meteorological products","gribEdition":2,"gribLength":1025,"center":7,"centerName":"US National Weather Service - NCEP(WMC)","subcenter":0,"refTime":"2023-09-24T06:00:00.000Z","significanceOfRT":1,"significanceOfRTName":"Start of forecast","productStatus":0,"productStatusName":"Operational products","productType":1,"productTypeName":"Forecast products","productDefinitionTemplate":0,"productDefinitionTemplateName":"Analysis/forecast at horizontal level/layer at a point in time","parameterCategory":2,"parameterCategoryName":"UnknownDiscipline_0_Category_2","parameterNumber":3,"parameterNumberName":"UnknownParameter_D0_C2_3","parameterUnit":"Unknown","genProcessType":2,"genProcessTypeName":"Forecast","forecastTime":0,"surface1Type":103,"surface1TypeName":"Specified height level above ground","surface1Value":10.0,"surface2Type":255,"surface2TypeName":"Missing","surface2Value":0.0,"gridDefinitionTemplate":0,"gridDefinitionTemplateName":"Latitude_Longitude","numberPoints":615,"shape":6,"shapeName":"Earth spherical with radius of 6,371,229.0 m","gridUnits":"degrees","resolution":48,"winds":"true","scanMode":64,"nx":41,"ny":15,"basicAngle":0,"lo1":47.0,"la1":41.0,"lo2":87.0,"la2":55.0,"dx":1.0,"dy":1.0}, "data":
[rows 0 to 14 of 15, columns 0 to 40 of 41]
1.4266211,1.826621,4.076621,4.926621,3.036621,1.3166211,2.376621,1.5266211,0.3966211,0.19662109,-1.783379,-1.7233789,-2.7733788,-3.893379,-4.773379,-5.483379,-5.353379,-4.583379,-6.923379,-4.993379,-3.5333788,-1.3233789,2.126621,1.4866211,2.346621,0.8566211,0.6766211,-1.6033789,-2.3333788,-2.2833788,-2.733379,-1.3333789,-0.9133789,2.806621,2.1966212,1.336621,1.2366211,1.3766211,0.7666211,0.2766211,-1.0133789
2.816621,0.4666211,6.996621,5.946621,3.856621,2.6866212,2.1866212,1.1666211,-0.2033789,-0.7733789,-0.9633789,-3.143379,-3.2433789,-3.973379,-4.693379,-4.743379,-4.283379,-5.523379,-6.493379,-5.923379,-6.983379,-4.753379,0.11662109,-2.3033788,1.096621,-0.033378907,2.9166212,-2.093379,0.1466211,-1.3933789,-2.0533788,-1.673379,-1.0133789,-4.043379,-0.7333789,2.866621,1.4166211,2.7066212,1.4466211,2.626621,5.016621
1.4466211,6.946621,6.146621,4.346621,3.9966211,3.2166212,1.6766211,-0.0033789063,0.056621093,-0.2833789,-1.9933789,-2.613379,-3.0633788,-3.5233788,-4.023379,-4.3733788,-4.273379,-4.653379,-4.973379,-6.743379,-1.5133789,-6.1633787,-5.463379,-2.7433789,-3.113379,-1.7033789,-1.0033789,-2.0833788,-0.5233789,-3.213379,-2.733379,-0.7433789,-2.633379,-0.4233789,3.046621,-2.0133789,-4.533379,-3.2433789,-3.0633788,0.19662109,0.5266211
4.686621,5.076621,4.556621,3.9566212,3.326621,2.4566212,2.146621,0.7066211,-0.09337891,-0.3033789,-0.5333789,-1.5533789,-2.443379,-3.663379,-3.233379,-3.7633789,-4.113379,-3.2633789,-4.2033787,-5.6233788,-5.9533787,-4.483379,-1.3833789,-2.5333788,-2.163379,-2.703379,-2.853379,-2.943379,-3.683379,-4.603379,-5.853379,-4.363379,-1.923379,3.2266212,-1.533379,-0.9433789,4.456621,3.766621,-3.693379,-3.393379,-6.093379
3.516621,2.6866212,3.1666212,2.326621,2.0066211,3.096621,0.93662107,-0.3133789,-1.3033789,-1.1833789,-1.5533789,-1.3333789,-2.343379,-3.4933789,-3.203379,-3.963379,-3.5633788,-2.213379,-3.0733788,-3.903379,-3.5333788,-3.403379,-2.373379,-2.093379,-1.9633789,-2.133379,-3.963379,-4.063379,-4.083379,-4.6433787,-4.883379,-4.613379,0.3766211,-1.543379,-0.19337891,2.0066211,-11.033379,3.056621,2.5066211,-6.083379,1.2566211
2.2066212,2.2266212,1.6666211,1.9366211,1.7866211,0.8366211,0.5766211,-1.793379,-1.3133789,0.3066211,-1.0033789,-0.7633789,-1.533379,-2.8333788,-4.9533787,-4.153379,-1.7533789,-2.153379,-2.883379,-2.643379,-3.223379,-3.0533788,-2.113379,-1.5733789,-2.133379,-1.923379,-2.413379,-4.313379,-4.113379,-4.6433787,-4.4333787,-4.313379,-4.033379,-2.643379,-1.283379,-8.083379,-2.893379,-9.093379,-6.8933787,-3.923379,-4.233379
1.576621,2.126621,2.4566212,2.356621,1.3766211,-0.68337893,-0.8933789,-0.6333789,-0.3433789,0.6666211,-0.073378906,-0.5133789,-1.783379,-4.013379,-4.3733788,-4.573379,-2.963379,-2.0633788,-1.4633789,-1.9433789,-2.873379,-2.893379,-3.2433789,-2.7633789,-2.2833788,-2.7433789,-3.5133789,-3.8033788,-2.983379,-4.803379,-4.323379,-3.603379,-3.173379,-2.853379,-4.4133787,-1.7633789,-2.5833788,-2.943379,-5.603379,0.7266211,-6.693379
1.7766211,2.2266212,2.536621,0.1866211,-1.2333789,-1.0133789,-0.7533789,0.07662109,0.5766211,0.5466211,-0.3333789,-0.0033789063,-1.923379,-2.5433788,-3.733379,-3.703379,-3.5033789,-2.183379,-1.9433789,-1.6133789,-2.173379,-2.913379,-3.433379,-2.873379,-3.393379,-4.283379,-4.403379,-4.903379,-4.403379,-3.923379,-3.7833788,-3.7733788,-4.363379,-4.9133787,-3.943379,-3.623379,-4.193379,-4.803379,-2.233379,-0.5233789,-0.9033789
2.036621,1.5666211,0.8566211,-0.10337891,-1.8133789,-1.3733789,-1.153379,1.346621,1.846621,0.8066211,0.6566211,-0.1833789,-0.8833789,-1.7433789,-2.343379,-3.0133789,-3.0033789,-2.613379,-2.173379,-2.103379,-1.2233789,-2.463379,-3.443379,-3.663379,-3.843379,-4.1433787,-4.173379,-3.883379,-5.033379,-5.313379,-5.593379,-5.313379,-4.923379,-4.543379,-5.113379,-4.883379,-5.523379,-6.093379,-3.893379,-3.463379,-1.1133789
1.3166211,0.9166211,0.3766211,-0.5933789,-2.3033788,-1.5533789,-0.8333789,-0.3533789,0.9166211,2.136621,1.2966211,0.3866211,-0.56337893,-1.1833789,-0.7733789,-1.4933789,-2.153379,-2.4933789,-2.0833788,-1.8433789,-1.923379,-2.5333788,-2.973379,-3.443379,-3.0133789,-3.673379,-2.0733788,-2.8333788,-3.663379,-4.563379,-4.403379,-4.133379,-3.653379,-2.203379,-3.483379,-3.383379,-2.453379,-0.3833789,0.8866211,-2.453379,-2.723379
1.4766212,0.9966211,0.9966211,-0.5233789,-2.173379,-1.5033789,-1.1133789,-0.2033789,-0.8533789,2.626621,1.6366211,0.8966211,1.3666211,-0.5333789,-0.19337891,-0.6733789,-1.5533789,-1.5033789,-1.5733789,-1.8033789,-1.923379,-2.2733788,-2.7633789,-2.8333788,-1.4733789,-1.6333789,-2.5533788,-2.663379,-2.5433788,-4.6433787,-4.6633787,-2.963379,-3.643379,-1.0933789,-2.2533789,-1.5133789,-0.81337893,-2.113379,-3.0333788,-2.203379,0.08662109
1.2866211,1.1866211,0.6566211,0.5066211,-1.153379,-1.4333789,-0.9233789,-1.0033789,0.066621095,0.3566211,-0.22337891,-0.4733789,2.786621,1.2966211,0.3366211,-0.0033789063,-0.48337892,-0.7233789,-0.3833789,-1.3333789,-1.5533789,-2.103379,-2.0033789,-2.0433788,-2.2433789,-3.3233788,-1.3433789,-1.2033789,-2.2833788,-4.083379,-3.843379,-2.893379,-1.6233789,-2.7933788,-1.4633789,-0.6433789,0.4766211,0.4666211,-0.4133789,-0.1733789,-0.4233789
1.8966211,1.596621,0.6066211,0.13662109,-0.7033789,-0.4033789,0.45662108,0.16662109,1.0266211,0.5366211,-1.0833789,-1.543379,-0.3833789,0.3666211,-0.56337893,-0.3933789,-0.7133789,-0.5533789,-0.3833789,-0.4433789,-0.4233789,-1.533379,-1.9433789,-2.483379,-3.0733788,-2.0633788,-0.2033789,-0.5233789,-1.3333789,-2.5333788,-3.2533789,-3.5133789,-2.733379,-1.3133789,-1.8233789,-1.043379,-2.153379,0.3066211,1.3166211,-0.09337891,0.48662108
2.4666212,1.9366211,0.9066211,-0.09337891,0.6566211,1.1566211,0.4666211,-0.13337891,-0.7233789,1.8166211,-0.14337891,-0.22337891,-0.6733789,-0.9233789,-0.7433789,-0.7533789,-0.4733789,-0.5933789,-0.6333789,-0.8433789,-0.2133789,-0.81337893,-1.7633789,-1.8533789,-1.663379,-1.2333789,1.0166211,-0.56337893,-2.103379,-2.443379,-3.373379,-3.163379,-3.373379,-4.003379,-3.5133789,-2.7433789,-1.0833789,-0.2733789,-0.9533789,1.2266212,2.076621
2.016621,1.5666211,1.1666211,0.8266211,2.396621,2.136621,1.5166211,0.8966211,0.68662107,2.136621,1.2566211,0.62662107,0.7366211,-0.6433789,-1.0133789,-0.6033789,-1.1933789,-0.5833789,-0.013378906,-0.10337891,-0.8433789,-1.3133789,-1.3233789,-2.5433788,-1.3033789,-0.7033789,0.62662107,-0.4233789,-0.5733789,-1.663379,-2.3233788,-2.853379,-2.353379,-2.683379,-3.5233788,-3.393379,-1.6433789,0.08662109,-0.48337892,0.5766211,0.3766211
