wind_kz.json
{"header": {"discipline":0,"disciplineName":"Meteorological products","gribEdition":2,"gribLength":1025,"center":7,"centerName":"US National Weather Service - NCEP(WMC)","subcenter":0,"refTime":"2023-09-30T12:00:00.000Z","significanceOfRT":1,"significanceOfRTName":"Start of forecast","productStatus":0,"productStatusName":"Operational products","productType":1,"productTypeName":"Forecast products","productDefinitionTemplate":0,"productDefinitionTemplateName":"Analysis/forecast at horizontal level/layer at a point in time","parameterCategory":2,"parameterCategoryName":"UnknownDiscipline_0_Category_2","parameterNumber":2,"parameterNumberName":"UnknownParameter_D0_C2_2","parameterUnit":"Unknown","genProcessType":2,"genProcessTypeName":"Forecast","forecastTime":300,"surface1Type":103,"surface1TypeName":"Specified height level above ground","surface1Value":10.0,"surface2Type":255,"surface2TypeName":"Missing","surface2Value":0.0,"gridDefinitionTemplate":0,"gridDefinitionTemplateName":"Latitude_Longitude","numberPoints":615,"shape":6,"shapeName":"Earth spherical with radius of 6,371,229.0 m","gridUnits":"degrees","resolution":48,"winds":"true","scanMode":64,"nx":41,"ny":15,"basicAngle":0,"lo1":47.0,"la1":41.0,"lo2":87.0,"la2":55.0,"dx":1.0,"dy":1.0}, "data":
[rows 0 to 14 of 15, columns 0 to 40 of 41]
-0.07783203,-0.62783206,2.632168,-2.447832,-0.677832,-0.847832,1.422168,2.472168,0.47216797,1.352168,1.552168,2.162168,1.332168,0.87216794,-0.677832,-1.037832,-1.3578321,-1.007832,-2.547832,-1.567832,-0.987832,0.49216798,-0.19783203,-1.287832,-0.36783203,-1.817832,-2.847832,0.702168,1.082168,0.692168,0.942168,1.7621679,0.092167966,-0.787832,-2.487832,-2.797832,-2.087832,-1.767832,-1.837832,-1.767832,-0.50783205
2.902168,1.552168,-2.447832,-2.227832,-0.93783206,-0.907832,-0.597832,-1.397832,0.30216798,0.942168,3.162168,2.162168,2.512168,-0.677832,1.0021679,0.18216796,-0.51783204,-1.7178321,-0.69783205,-0.87783206,0.54216796,0.74216795,0.29216796,-2.637832,0.08216797,1.172168,-0.29783204,1.592168,-0.17783204,0.032167967,0.35216796,0.012167969,0.66216797,-2.587832,-0.07783203,1.172168,0.692168,1.0021679,0.832168,1.482168,0.33216798
1.3821679,-4.097832,-2.567832,-1.547832,-1.287832,-0.737832,0.10216797,0.86216795,-0.597832,0.36216795,1.5021679,2.5921679,0.93216795,1.352168,1.542168,1.362168,1.802168,0.632168,1.1421679,0.882168,1.302168,1.822168,-0.70783204,1.8921679,1.062168,-0.18783203,0.692168,0.44216797,-1.937832,-0.04783203,-0.807832,1.7621679,0.60216796,0.0021679688,0.512168,-0.19783203,0.29216796,0.572168,-0.22783203,2.432168,1.242168
-2.687832,-2.747832,-1.2378321,-0.617832,-0.007832032,0.14216797,-0.30783203,1.2821679,1.2621679,1.192168,1.3821679,1.932168,3.252168,3.502168,2.672168,2.222168,2.212168,1.922168,2.232168,2.042168,1.082168,0.38216797,0.73216796,2.622168,2.922168,3.512168,2.952168,0.24216796,3.3221679,2.0721679,-0.51783204,-2.257832,-1.377832,-2.317832,-2.227832,-1.4778321,-2.027832,2.662168,-0.12783203,-0.20783204,-0.37783203
1.5321679,0.62216794,1.232168,1.6521679,1.822168,2.062168,2.532168,2.442168,2.502168,2.392168,2.522168,3.982168,3.5721679,4.092168,3.852168,3.042168,2.912168,2.762168,2.432168,2.632168,2.8321679,3.102168,2.202168,0.74216795,0.23216797,-0.057832032,1.572168,1.672168,-0.38783205,-1.2178321,0.44216797,-0.77783203,-2.057832,1.672168,0.47216797,-0.847832,-2.977832,-2.347832,-1.6178321,-1.4678321,-2.097832
2.362168,2.872168,1.832168,1.822168,2.362168,2.212168,2.402168,2.642168,1.792168,2.8221679,2.742168,3.042168,3.922168,4.632168,3.952168,3.522168,3.412168,3.132168,2.732168,2.852168,2.782168,2.692168,2.682168,0.42216796,-0.657832,-2.037832,-1.2178321,-2.107832,-2.037832,-1.147832,-1.3478321,-0.26783204,0.31216797,0.832168,0.26216796,-5.0578322,0.652168,-2.567832,-0.987832,-2.567832,-2.6778321
-0.56783205,1.7521679,1.692168,3.272168,3.272168,3.422168,2.712168,2.192168,2.472168,2.902168,3.472168,4.122168,4.492168,4.2121677,3.872168,3.8321679,3.432168,4.092168,1.422168,1.8821679,3.152168,2.852168,2.0921679,1.112168,0.25216797,-1.047832,0.08216797,-0.977832,-1.317832,-2.127832,-1.807832,-2.567832,-2.287832,-3.207832,-4.107832,-1.637832,-0.857832,1.792168,-1.767832,2.802168,-0.57783204
2.412168,3.522168,3.492168,2.8421679,5.722168,4.422168,2.962168,2.0921679,2.942168,3.122168,3.5721679,4.492168,4.702168,4.102168,3.852168,3.932168,4.062168,3.612168,2.562168,3.032168,5.822168,2.352168,2.5721679,0.98216796,1.092168,0.35216796,1.362168,0.37216797,1.372168,1.222168,0.892168,1.0321679,-0.25783202,1.312168,-1.9678321,-1.197832,-2.997832,-8.027832,-5.577832,-5.207832,-2.127832
5.042168,4.672168,5.352168,5.672168,6.6921678,8.482168,4.662168,3.392168,2.5821679,3.112168,4.732168,5.392168,6.172168,4.802168,4.252168,4.172168,4.662168,3.642168,3.912168,4.092168,5.922168,3.902168,4.412168,3.012168,2.612168,2.442168,2.712168,0.26216796,2.692168,0.98216796,2.712168,2.542168,4.872168,-0.007832032,-1.557832,-2.337832,-0.977832,-1.257832,-1.517832,0.45216796,-2.307832
6.202168,6.562168,6.822168,7.252168,7.842168,7.072168,4.302168,3.8221679,5.512168,5.402168,5.772168,6.4621677,6.742168,5.762168,6.292168,4.802168,4.842168,3.782168,3.3321679,4.652168,7.102168,7.102168,5.652168,4.722168,4.372168,2.432168,3.282168,4.162168,3.422168,3.212168,2.992168,3.442168,1.842168,-0.14783204,-1.2378321,-1.457832,-2.637832,-0.77783203,-1.517832,0.522168,-1.397832
5.472168,6.002168,5.952168,5.592168,5.782168,5.702168,6.922168,6.882168,6.402168,6.642168,6.532168,7.4421678,6.822168,7.832168,6.612168,5.782168,5.2121677,4.772168,3.762168,4.242168,5.082168,6.182168,6.842168,4.762168,4.852168,3.562168,5.532168,4.742168,5.752168,4.952168,3.952168,2.8221679,0.68216795,0.86216795,-0.08783203,-1.267832,-0.75783205,0.74216795,-1.277832,0.99216795,-1.337832
5.812168,6.042168,6.622168,5.752168,6.162168,7.182168,6.872168,5.582168,5.482168,5.352168,6.272168,7.632168,7.662168,7.342168,6.492168,5.982168,6.022168,5.832168,5.042168,5.732168,5.382168,6.122168,6.042168,6.042168,5.772168,5.672168,5.752168,5.422168,5.482168,6.102168,4.152168,2.992168,1.972168,0.45216796,1.302168,3.432168,4.152168,-1.047832,-0.537832,-0.82783204,-0.49783203
4.852168,6.522168,5.492168,6.172168,6.622168,5.882168,5.912168,5.682168,6.952168,5.6921678,4.672168,6.912168,6.762168,8.472168,6.1921678,4.272168,5.302168,5.952168,4.932168,6.182168,5.602168,5.652168,5.9421678,6.002168,6.4421678,5.732168,5.742168,6.552168,3.882168,2.742168,2.782168,4.232168,3.392168,2.132168,1.722168,2.942168,4.092168,2.502168,1.182168,1.322168,0.24216796
6.012168,7.032168,7.612168,6.432168,6.512168,6.082168,6.552168,5.322168,5.472168,6.162168,5.342168,6.312168,7.452168,6.722168,6.652168,7.9621677,6.6921678,6.612168,6.012168,6.4421678,6.662168,6.772168,7.042168,6.732168,6.052168,4.152168,4.132168,4.752168,2.462168,3.792168,4.912168,4.062168,3.732168,2.662168,2.982168,3.0821679,1.932168,2.422168,2.812168,2.232168,2.542168
5.702168,4.542168,7.4621677,7.182168,4.4621677,3.632168,4.452168,4.7121677,6.352168,6.532168,4.822168,7.572168,7.922168,6.262168,7.652168,7.662168,7.642168,8.242168,7.672168,8.052168,7.112168,6.762168,5.862168,5.682168,5.982168,5.082168,3.992168,4.682168,4.152168,3.382168,4.172168,4.242168,3.992168,3.752168,3.352168,3.672168,3.282168,3.3221679,3.692168,2.222168,-0.15783203
