wind_kz.json
{"header": {"discipline":0,"disciplineName":"Meteorological products","gribEdition":2,"gribLength":1025,"center":7,"centerName":"US National Weather Service - NCEP(WMC)","subcenter":0,"refTime":"2023-08-07T00:00:00.000Z","significanceOfRT":1,"significanceOfRTName":"Start of forecast","productStatus":0,"productStatusName":"Operational products","productType":1,"productTypeName":"Forecast products","productDefinitionTemplate":0,"productDefinitionTemplateName":"Analysis/forecast at horizontal level/layer at a point in time","parameterCategory":2,"parameterCategoryName":"UnknownDiscipline_0_Category_2","parameterNumber":2,"parameterNumberName":"UnknownParameter_D0_C2_2","parameterUnit":"Unknown","genProcessType":2,"genProcessTypeName":"Forecast","forecastTime":180,"surface1Type":103,"surface1TypeName":"Specified height level above ground","surface1Value":10.0,"surface2Type":255,"surface2TypeName":"Missing","surface2Value":0.0,"gridDefinitionTemplate":0,"gridDefinitionTemplateName":"Latitude_Longitude","numberPoints":615,"shape":6,"shapeName":"Earth spherical with radius of 6,371,229.0 m","gridUnits":"degrees","resolution":48,"winds":"true","scanMode":64,"nx":41,"ny":15,"basicAngle":0,"lo1":47.0,"la1":41.0,"lo2":87.0,"la2":55.0,"dx":1.0,"dy":1.0}, "data":
[rows 0 to 14 of 15, columns 0 to 40 of 41]
-1.2858472,2.1541529,-3.2058473,-4.945847,-1.2458472,4.474153,3.5441527,-5.2258472,-5.6858473,-4.865847,-5.075847,-4.515847,-3.8258471,-4.3758473,-4.735847,-4.735847,-3.8458471,-4.445847,-4.6858473,-4.0858474,-2.3158472,-0.18584716,2.5141528,3.9841528,3.0341527,4.054153,3.9941528,4.0641527,4.4141526,4.7941527,6.3741527,1.8941529,-1.7258471,-2.0358472,-2.5958471,0.19415283,-1.2158471,-3.165847,-2.0058472,-1.0658472,2.334153
0.22415283,0.13415283,-1.9858471,0.48415282,0.33415282,4.304153,1.9841528,-0.6558472,-1.4658471,-1.5258472,-0.6558472,-1.1658472,-1.8658471,-2.0758471,-2.6958473,-3.0358472,-3.0458472,-3.2758472,-2.8058472,-2.165847,-0.94584715,-0.87584716,0.68415284,2.124153,3.1741529,-0.68584716,0.40415284,3.7041528,3.8141527,1.4241529,0.15415283,0.34415284,0.024152832,1.2041528,-0.83584714,-0.9158472,0.48415282,-0.56584716,3.634153,0.85415286,-0.9258472
-6.005847,-2.3358471,0.21415283,1.7841529,1.4941528,4.424153,6.694153,2.0541527,2.0241528,3.2741528,2.824153,3.4641528,3.844153,0.19415283,0.05415283,-0.5258472,-2.0258472,-2.5758471,-1.5958471,-1.3558471,-0.82584715,0.48415282,-3.7158473,-5.775847,-0.24584717,0.014152832,-0.8458472,1.0841528,3.884153,-0.33584717,-0.29584718,-2.8058472,-0.40584716,0.7141528,-0.7958472,-1.0558472,0.81415284,-1.4458472,4.194153,6.844153,8.744153
-4.825847,-2.3158472,-2.8158472,-1.5658472,2.0141528,6.744153,7.204153,6.7741528,4.3741527,6.724153,5.704153,5.964153,-1.4758471,-1.5758471,3.1641529,2.0541527,-0.33584717,0.7641528,-1.3958472,-0.48584718,0.7141528,-2.425847,0.87415284,-0.12584716,-0.38584718,-0.11584717,-0.25584716,3.4541528,-0.33584717,-1.2358471,1.8341528,4.924153,7.244153,6.734153,5.7941527,4.194153,1.6841528,3.4341528,-2.865847,-5.9158473,0.17415284
2.7241528,0.23415284,2.3941529,0.91415286,3.9741528,9.0541525,7.534153,7.3741527,7.944153,8.144153,6.324153,5.534153,1.7041528,0.044152834,0.9541528,4.864153,2.1541529,1.9441528,0.43415284,0.024152832,1.2041528,0.73415285,1.5941528,2.5041528,3.7041528,3.834153,3.7141528,-3.135847,4.034153,-0.7858472,3.074153,4.1841526,3.824153,2.7241528,-5.715847,-2.6058471,4.8341527,-2.4558473,-1.4358472,-0.37584716,2.4041529
6.594153,7.264153,5.674153,4.224153,6.134153,6.0441527,8.264153,8.174152,8.884152,8.584153,8.434153,8.364153,1.2541528,0.074152835,3.4041529,4.3741527,3.2741528,2.7841527,1.7041528,1.6641529,2.854153,2.344153,2.2941527,3.4341528,3.7141528,4.5641527,4.5841527,-1.4458472,2.7041528,5.1641526,3.624153,4.1841526,4.694153,4.764153,4.6041527,0.06415283,3.8141527,6.034153,8.654153,8.344152,7.324153
6.5441527,8.354153,7.8541527,8.204153,7.234153,7.364153,7.1641526,8.464153,8.464153,9.694153,8.564153,8.564153,6.674153,3.0641527,5.004153,5.474153,4.654153,3.6941528,3.4441528,3.874153,4.8741527,4.174153,3.7241528,3.584153,4.724153,4.4141526,4.8141527,4.8141527,3.5641527,5.404153,6.134153,4.574153,3.9541528,4.174153,5.454153,5.3541527,5.284153,0.8241528,7.204153,0.16415283,-1.7658472
5.954153,5.954153,6.8741527,7.094153,6.6241527,4.234153,2.7541528,4.094153,6.714153,7.1841526,6.7741528,9.794153,11.854153,0.23415284,-1.6058471,4.204153,3.2441528,2.7941527,5.014153,5.1441526,5.734153,5.214153,5.464153,5.234153,5.134153,5.6641526,5.8941526,4.994153,5.824153,6.214153,6.614153,6.404153,5.424153,4.004153,4.614153,6.534153,2.3141527,2.9341528,6.734153,6.3341527,5.7741528
4.1441526,3.5641527,2.624153,1.0741528,-2.375847,-0.5458472,0.46415284,3.854153,5.4341526,6.9341526,9.764153,3.4541528,-3.1858473,-1.1558472,0.23415284,0.44415283,1.9641528,3.6941528,4.3141527,4.744153,5.3141527,5.494153,5.1441526,5.594153,6.7741528,7.154153,7.754153,7.174153,6.844153,7.054153,6.9141526,7.304153,6.4341526,3.5241528,4.6441526,1.9541528,0.80415285,3.1441529,1.7641529,0.86415285,1.3041528
-1.4258472,-2.3358471,-2.145847,-2.7658472,-0.55584717,-2.0758471,-0.81584716,1.7141528,2.0341527,0.47415283,-0.7258472,-1.2158471,-1.7458472,-2.0358472,-0.045847166,1.4341528,2.104153,4.744153,5.214153,5.864153,6.364153,7.3941526,7.384153,7.094153,4.964153,5.514153,6.924153,7.014153,6.7741528,6.494153,6.404153,6.114153,6.9141526,7.7741528,3.084153,2.3141527,-1.4758471,-0.18584716,0.7841528,1.3441528,1.4941528
-2.4658473,-0.47584715,-0.25584716,0.014152832,-0.74584717,-2.9658473,-3.5958471,-2.0258472,-2.2758472,-0.94584715,-1.2358471,-3.875847,-2.0658472,1.1541529,1.8141528,2.9241529,4.574153,4.984153,5.0841527,5.674153,5.134153,4.1841526,-0.42584717,3.6841528,7.724153,5.634153,4.824153,5.744153,7.304153,7.5841527,5.5641527,6.6241527,7.9141526,6.824153,5.954153,1.7041528,-1.4558471,0.8941528,-0.35584718,-0.24584717,0.13415283
-2.625847,3.844153,3.9141529,0.68415284,-1.3458471,-0.83584714,-3.0458472,-1.2558472,-1.3258471,-0.8658472,-0.7758472,-1.5858471,-1.7858472,0.85415286,1.1241528,2.1641529,1.6941528,2.7641528,3.344153,4.554153,3.2941527,-0.9658472,4.694153,-0.30584717,3.1441529,6.0241528,5.704153,4.5241528,5.7941527,5.094153,4.864153,5.364153,4.3541527,5.904153,4.784153,4.3341527,0.75415283,1.4941528,0.5741528,-0.51584715,-0.22584717
2.8941529,1.2041528,0.09415283,-0.15584716,-0.7158472,-1.0458472,-2.5258472,-1.7358471,-4.445847,-0.025847169,-0.12584716,0.7641528,-1.3558471,0.32415283,-0.12584716,0.024152832,1.5641528,2.7141528,3.4141529,0.24415283,-0.7358472,3.1941528,0.61415285,3.0241528,6.3541527,4.824153,-0.23584718,2.634153,1.3641528,1.5641528,1.1641529,1.7841529,4.134153,6.504153,8.284153,3.874153,-0.8558472,1.1541529,1.7541528,-0.58584714,1.4341528
1.9141529,-0.62584716,2.5041528,-0.69584715,-0.27584717,-2.4458473,-1.7858472,-3.665847,-1.2458472,-0.6758472,0.38415283,1.5741528,-0.42584717,-1.8158472,-1.4358472,-1.7758472,0.7641528,2.5341527,0.15415283,-4.995847,-0.83584714,0.9041528,3.4041529,3.864153,0.7041528,-1.5458472,1.6641529,1.8641528,1.6741529,1.4941528,2.6841528,3.084153,5.034153,5.674153,5.614153,-2.9358473,-0.08584717,2.4841528,3.324153,0.80415285,0.54415286
3.4441528,-0.005847168,-2.635847,0.024152832,-0.23584718,-2.3058472,-1.5858471,-1.9958472,0.014152832,0.47415283,0.37415284,-0.70584714,0.8441528,0.62415284,-1.4058472,-2.3258471,0.8341528,-0.55584717,-5.465847,-0.8658472,0.5341528,0.34415284,1.7641529,0.50415283,1.2341528,1.9141529,0.044152834,-1.4558471,0.23415284,2.634153,1.4641528,4.4141526,3.9141529,2.0341527,-1.8858472,-2.4358473,0.05415283,2.5141528,0.13415283,1.8441528,-0.9758472
