wind_kz.json
{"header": {"discipline":0,"disciplineName":"Meteorological products","gribEdition":2,"gribLength":871,"center":7,"centerName":"US National Weather Service - NCEP(WMC)","subcenter":0,"refTime":"2023-09-23T06:00:00.000Z","significanceOfRT":1,"significanceOfRTName":"Start of forecast","productStatus":0,"productStatusName":"Operational products","productType":1,"productTypeName":"Forecast products","productDefinitionTemplate":0,"productDefinitionTemplateName":"Analysis/forecast at horizontal level/layer at a point in time","parameterCategory":0,"parameterCategoryName":"UnknownDiscipline_0_Category_0","parameterNumber":0,"parameterNumberName":"UnknownParameter_D0_C0_0","parameterUnit":"Unknown","genProcessType":2,"genProcessTypeName":"Forecast","forecastTime":120,"surface1Type":1,"surface1TypeName":"Ground or water surface","surface1Value":0.0,"surface2Type":255,"surface2TypeName":"Missing","surface2Value":0.0,"gridDefinitionTemplate":0,"gridDefinitionTemplateName":"Latitude_Longitude","numberPoints":615,"shape":6,"shapeName":"Earth spherical with radius of 6,371,229.0 m","gridUnits":"degrees","resolution":48,"winds":"true","scanMode":64,"nx":41,"ny":15,"basicAngle":0,"lo1":47.0,"la1":41.0,"lo2":87.0,"la2":55.0,"dx":1.0,"dy":1.0}, "data":
[rows 0 to 14 of 15, columns 0 to 40 of 41]
303.19846,291.99847,298.89847,293.99847,294.09845,293.39847,304.59845,310.19846,308.19846,310.49847,307.89847,307.39847,306.19846,306.39847,306.99847,309.59845,309.59845,309.09845,314.99847,311.09845,311.69846,310.09845,308.59845,305.09845,303.09845,301.29846,301.79846,289.49847,291.59845,286.09845,287.59845,281.89847,297.59845,304.79846,306.09845,306.29846,309.99847,312.09845,312.69846,312.99847,313.39847
288.09845,297.49847,293.49847,293.99847,293.49847,292.49847,310.79846,308.59845,307.89847,306.39847,305.49847,307.39847,307.29846,305.99847,307.69846,310.29846,310.59845,312.69846,311.79846,312.39847,311.79846,308.29846,307.09845,293.59845,279.69846,282.29846,287.89847,288.69846,292.59845,284.39847,292.79846,274.99847,293.59845,267.79846,289.79846,303.99847,305.39847,302.49847,307.79846,300.69846,284.79846
299.19846,293.09845,293.79846,293.49847,291.69846,305.29846,304.89847,305.99847,306.89847,305.59845,305.39847,306.29846,307.19846,304.89847,305.19846,309.99847,309.39847,309.19846,309.29846,311.09845,308.29846,313.69846,309.49847,299.79846,300.69846,305.09845,301.99847,297.29846,302.79846,294.99847,287.19846,290.09845,295.29846,297.19846,296.29846,296.39847,293.09845,291.79846,295.29846,288.49847,284.79846
301.59845,292.59845,293.59845,292.59845,294.89847,304.69846,302.69846,304.49847,305.19846,305.39847,304.49847,305.29846,291.49847,291.09845,306.39847,307.99847,306.19846,308.89847,309.99847,311.69846,308.99847,310.89847,307.99847,309.19846,306.59845,300.89847,306.49847,307.19846,300.39847,298.39847,303.19846,303.09845,307.09845,310.89847,308.79846,303.79846,273.49847,273.19846,292.79846,300.59845,300.59845
300.59845,292.49847,292.59845,291.69846,296.99847,303.89847,303.29846,305.19846,301.99847,301.09845,301.09845,305.59845,290.49847,289.39847,287.99847,293.09845,306.39847,304.59845,305.09845,306.49847,307.89847,309.49847,310.29846,309.29846,307.09845,304.99847,305.69846,299.49847,299.29846,303.29846,298.69846,303.89847,294.39847,279.79846,295.29846,300.39847,299.09845,305.39847,305.49847,304.09845,302.79846
300.99847,301.89847,291.19846,291.69846,291.79846,291.39847,303.59845,301.29846,299.99847,301.09845,301.09845,302.89847,291.99847,290.19846,294.09845,301.09845,301.89847,305.29846,304.99847,307.29846,307.69846,306.49847,306.59845,306.39847,306.59845,304.89847,304.19846,288.59845,299.89847,299.69846,299.59845,301.29846,305.29846,303.39847,301.49847,297.69846,298.49847,295.79846,304.99847,303.39847,300.49847
302.09845,302.99847,301.19846,302.49847,299.49847,302.99847,302.69846,300.09845,299.49847,299.39847,301.39847,300.19846,299.89847,296.49847,300.99847,298.79846,298.99847,301.29846,303.79846,305.49847,300.19846,304.89847,305.19846,300.69846,302.09845,303.39847,304.39847,299.99847,300.59845,302.59845,300.89847,300.49847,300.89847,300.29846,299.99847,299.89847,297.19846,295.59845,289.49847,287.49847,296.59845
302.09845,302.39847,301.59845,300.89847,301.49847,301.59845,301.99847,301.29846,300.19846,299.09845,299.79846,299.99847,301.09845,299.39847,299.29846,297.59845,297.29846,295.79846,300.29846,297.99847,291.89847,297.29846,293.79846,293.69846,299.69846,293.29846,291.99847,293.79846,295.99847,298.89847,297.69846,298.69846,300.69846,297.29846,297.39847,297.29846,297.89847,287.09845,297.99847,297.79846,296.79846
301.89847,300.19846,300.29846,299.89847,298.79846,298.89847,300.29846,299.89847,299.19846,299.29846,299.09845,299.49847,298.59845,299.49847,297.99847,297.29846,294.09845,295.19846,296.19846,294.79846,297.09845,289.99847,293.69846,301.99847,294.09845,294.79846,295.69846,298.29846,289.59845,288.89847,298.19846,298.39847,297.69846,298.29846,297.39847,293.59845,294.49847,294.09845,275.19846,277.79846,273.79846
300.09845,299.39847,298.79846,298.09845,297.59845,298.09845,298.59845,297.99847,297.19846,297.49847,296.79846,296.69846,296.99847,296.49847,297.09845,295.69846,295.19846,293.09845,292.39847,295.99847,294.09845,295.99847,296.89847,294.59845,299.29846,294.79846,300.19846,294.59845,300.19846,298.69846,298.99847,299.39847,300.19846,299.29846,298.59845,296.09845,291.39847,288.19846,284.19846,279.29846,272.89847
297.59845,297.39847,296.19846,295.99847,296.09845,296.29846,296.09845,296.49847,295.99847,295.49847,294.49847,294.89847,295.19846,294.19846,295.59845,295.99847,294.09845,290.49847,290.89847,292.49847,295.69846,294.09845,289.59845,294.79846,294.89847,294.69846,292.19846,294.49847,295.29846,300.39847,301.19846,302.09845,301.19846,298.39847,297.39847,295.19846,288.69846,284.79846,283.99847,275.19846,275.49847
294.69846,294.89847,295.69846,295.19846,294.49847,293.89847,293.59845,293.69846,294.09845,293.69846,291.39847,291.69846,292.79846,291.79846,292.39847,287.49847,293.29846,289.19846,286.19846,287.99847,291.09845,290.39847,290.79846,287.39847,287.49847,291.99847,294.89847,296.79846,293.49847,296.59845,294.89847,294.39847,292.99847,295.09845,291.99847,296.69846,297.09845,296.29846,292.79846,289.59845,287.89847
290.29846,292.29846,292.79846,293.49847,291.89847,291.59845,292.99847,293.49847,293.09845,290.29846,287.99847,287.69846,290.29846,287.89847,291.09845,287.69846,286.59845,287.29846,285.49847,286.29846,288.39847,287.69846,288.49847,290.69846,291.49847,286.79846,290.59845,290.29846,293.89847,292.79846,288.99847,289.69846,293.09845,296.79846,297.09845,294.39847,293.19846,286.79846,287.89847,284.49847,288.49847
291.39847,291.39847,288.99847,291.39847,291.09845,291.09845,290.59845,289.59845,290.19846,290.09845,286.79846,285.59845,287.99847,288.99847,290.09845,291.29846,290.89847,291.79846,289.39847,286.39847,287.49847,285.49847,289.99847,291.09845,292.49847,291.09845,292.29846,293.59845,287.29846,293.19846,285.69846,286.69846,290.79846,288.19846,286.39847,286.09845,289.99847,287.59845,289.99847,281.99847,282.09845
289.99847,291.19846,286.29846,290.49847,290.59845,290.39847,289.69846,289.99847,290.59845,291.19846,286.59845,282.89847,281.99847,283.19846,287.69846,289.69846,290.39847,288.69846,285.39847,284.59845,283.59845,283.39847,284.69846,289.49847,291.19846,291.29846,288.99847,291.89847,292.59845,292.89847,291.49847,288.49847,290.09845,290.69846,290.19846,290.29846,292.09845,290.89847,293.39847,285.19846,286.29846
