wind_kz.json
{"header": {"discipline":0,"disciplineName":"Meteorological products","gribEdition":2,"gribLength":871,"center":7,"centerName":"US National Weather Service - NCEP(WMC)","subcenter":0,"refTime":"2023-10-04T06:00:00.000Z","significanceOfRT":1,"significanceOfRTName":"Start of forecast","productStatus":0,"productStatusName":"Operational products","productType":1,"productTypeName":"Forecast products","productDefinitionTemplate":0,"productDefinitionTemplateName":"Analysis/forecast at horizontal level/layer at a point in time","parameterCategory":0,"parameterCategoryName":"UnknownDiscipline_0_Category_0","parameterNumber":0,"parameterNumberName":"UnknownParameter_D0_C0_0","parameterUnit":"Unknown","genProcessType":2,"genProcessTypeName":"Forecast","forecastTime":240,"surface1Type":1,"surface1TypeName":"Ground or water surface","surface1Value":0.0,"surface2Type":255,"surface2TypeName":"Missing","surface2Value":0.0,"gridDefinitionTemplate":0,"gridDefinitionTemplateName":"Latitude_Longitude","numberPoints":615,"shape":6,"shapeName":"Earth spherical with radius of 6,371,229.0 m","gridUnits":"degrees","resolution":48,"winds":"true","scanMode":64,"nx":41,"ny":15,"basicAngle":0,"lo1":47.0,"la1":41.0,"lo2":87.0,"la2":55.0,"dx":1.0,"dy":1.0}, "data":
[rows 0 to 14 of 15, columns 0 to 40 of 41]
297.47256,287.77255,292.87256,292.57257,292.67255,291.47256,298.67255,303.57257,299.57257,297.97256,300.17255,300.77255,301.07257,300.87256,300.97256,303.37256,303.27255,301.37256,306.17255,303.37256,307.37256,304.77255,303.47256,304.47256,304.07257,303.87256,302.97256,275.77255,289.37256,283.77255,280.17255,275.37256,296.57257,304.27255,305.77255,304.37256,310.17255,306.57257,306.87256,308.37256,310.77255
274.57257,293.17255,292.57257,292.27255,292.57257,290.87256,302.27255,300.17255,297.67255,296.27255,297.87256,298.07257,299.37256,299.07257,301.17255,300.17255,302.07257,304.37256,303.17255,305.27255,306.27255,302.97256,300.27255,294.27255,282.97256,285.87256,296.77255,288.57257,287.67255,282.57257,293.77255,280.37256,290.67255,262.97256,276.97256,292.57257,295.07257,298.97256,302.07257,298.97256,284.37256
295.57257,291.87256,292.07257,291.47256,289.97256,296.07257,295.77255,296.17255,295.27255,294.97256,293.17255,295.37256,297.37256,298.07257,296.27255,299.67255,299.87256,299.87256,300.57257,301.27255,300.47256,301.17255,299.37256,293.77255,300.47256,298.37256,297.17255,295.67255,294.37256,288.97256,275.57257,278.07257,284.47256,293.77255,280.67255,281.87256,273.17255,276.57257,277.97256,281.67255,281.77255
295.37256,290.57257,291.47256,290.67255,290.97256,293.77255,292.67255,293.57257,295.37256,295.47256,293.37256,293.97256,288.67255,288.17255,295.47256,296.77255,295.37256,298.07257,298.97256,299.67255,297.17255,295.97256,298.67255,297.87256,295.37256,294.97256,294.07257,292.87256,292.47256,293.07257,294.77255,292.37256,297.27255,298.77255,298.37256,283.87256,271.47256,269.77255,277.17255,283.77255,292.67255
293.47256,290.07257,290.37256,289.67255,291.37256,292.67255,292.37256,294.07257,293.67255,292.37256,293.67255,294.17255,287.67255,286.47256,285.17255,294.77255,294.27255,292.77255,293.07257,291.97256,292.77255,293.87256,293.87256,294.57257,292.97256,293.27255,292.07257,292.67255,295.27255,290.67255,292.07257,290.57257,274.77255,272.87256,287.87256,290.97256,292.87256,295.47256,293.67255,289.27255,292.27255
290.47256,292.57257,288.17255,288.57257,288.97256,288.37256,293.77255,290.77255,290.57257,290.07257,289.47256,289.77255,287.67255,287.17255,289.47256,290.97256,289.67255,290.97256,290.77255,290.87256,291.17255,289.77255,287.47256,289.87256,291.27255,290.27255,293.57257,285.67255,292.07257,292.07257,289.47256,286.47256,285.97256,286.57257,289.87256,292.77255,279.57257,280.67255,287.17255,291.27255,288.47256
289.87256,289.57257,288.77255,288.17255,288.17255,289.87256,292.07257,289.57257,287.37256,288.07257,288.07257,286.97256,286.47256,287.57257,287.57257,289.87256,288.07257,288.27255,289.07257,285.27255,283.37256,283.97256,285.17255,282.47256,282.97256,288.47256,288.27255,292.17255,292.07257,293.47256,290.97256,291.17255,284.67255,285.67255,285.97256,283.47256,280.37256,279.67255,275.67255,278.77255,284.67255
287.17255,288.57257,288.97256,288.87256,288.67255,287.67255,288.77255,287.47256,286.17255,284.27255,284.17255,284.07257,284.67255,283.87256,284.77255,284.67255,284.27255,284.17255,284.87256,284.37256,282.77255,282.07257,281.47256,280.67255,280.27255,278.87256,282.77255,286.37256,286.87256,289.37256,288.07257,290.37256,288.77255,281.77255,282.57257,283.37256,286.77255,284.17255,285.67255,284.97256,283.37256
287.37256,288.47256,286.07257,286.57257,286.27255,284.57257,284.17255,284.07257,283.17255,282.47256,282.27255,281.77255,281.37256,282.97256,282.27255,283.47256,283.07257,282.57257,281.47256,281.17255,280.27255,283.67255,280.77255,279.37256,277.67255,278.07257,278.27255,282.67255,283.27255,283.67255,286.17255,287.37256,288.87256,281.07257,282.87256,282.57257,280.77255,280.87256,273.67255,276.37256,274.27255
288.47256,287.97256,287.87256,285.67255,284.67255,284.07257,283.97256,282.77255,282.67255,282.07257,281.27255,280.27255,281.07257,281.47256,281.67255,282.47256,281.87256,281.87256,281.67255,280.97256,279.67255,281.47256,281.17255,279.97256,279.27255,277.67255,278.07257,284.77255,284.77255,284.27255,286.67255,288.17255,291.57257,286.27255,280.57257,280.27255,279.97256,278.47256,277.07257,276.77255,276.17255
288.47256,288.47256,288.57257,286.77255,284.37256,285.97256,285.97256,286.07257,284.97256,283.27255,281.07257,280.27255,281.67255,280.37256,280.97256,281.27255,280.77255,281.17255,280.87256,280.17255,280.37256,280.17255,279.67255,279.47256,278.67255,277.77255,276.57257,283.07257,286.37256,287.57257,288.67255,290.67255,289.87256,288.47256,286.27255,279.27255,277.37256,276.07257,279.37256,278.47256,277.77255
287.77255,288.37256,286.87256,285.67255,284.77255,284.27255,283.17255,282.37256,283.27255,282.77255,279.77255,279.47256,280.57257,279.67255,280.47256,280.97256,280.77255,280.57257,280.17255,279.97256,279.17255,278.87256,278.97256,279.17255,278.17255,278.37256,278.17255,280.97256,285.67255,286.97256,287.27255,288.37256,287.27255,287.47256,286.17255,286.97256,285.47256,278.47256,277.67255,277.47256,276.97256
284.67255,285.67255,287.47256,286.27255,286.17255,283.87256,283.47256,282.27255,281.27255,281.37256,278.47256,277.97256,279.97256,279.47256,282.27255,280.87256,280.87256,280.27255,280.77255,279.97256,279.57257,279.17255,278.97256,278.37256,278.77255,278.77255,279.47256,279.27255,284.97256,285.77255,285.57257,285.97256,286.87256,285.27255,286.87256,285.57257,285.47256,283.37256,280.77255,277.87256,277.17255
283.47256,283.97256,284.27255,284.47256,283.77255,283.47256,282.57257,281.47256,282.17255,281.47256,279.07257,276.97256,278.87256,279.67255,283.07257,283.97256,281.07257,280.47256,280.77255,280.27255,280.27255,280.27255,280.37256,279.67255,279.37256,278.97256,278.67255,279.07257,283.67255,283.77255,284.07257,283.37256,283.47256,283.37256,283.17255,283.87256,283.97256,283.77255,283.87256,278.97256,277.87256
281.77255,283.07257,283.37256,282.47256,282.67255,282.07257,281.97256,281.37256,281.97256,280.47256,279.27255,279.37256,278.47256,279.17255,279.97256,281.37256,281.17255,280.07257,280.57257,279.87256,279.87256,279.77255,279.77255,279.17255,278.67255,277.87256,277.57257,280.27255,282.57257,282.77255,282.87256,283.77255,282.67255,282.17255,281.17255,281.57257,282.77255,281.97256,283.37256,283.57257,281.97256
