wind_kz.json
{"header": {"discipline":0,"disciplineName":"Meteorological products","gribEdition":2,"gribLength":871,"center":7,"centerName":"US National Weather Service - NCEP(WMC)","subcenter":0,"refTime":"2023-08-28T00:00:00.000Z","significanceOfRT":1,"significanceOfRTName":"Start of forecast","productStatus":0,"productStatusName":"Operational products","productType":1,"productTypeName":"Forecast products","productDefinitionTemplate":0,"productDefinitionTemplateName":"Analysis/forecast at horizontal level/layer at a point in time","parameterCategory":0,"parameterCategoryName":"UnknownDiscipline_0_Category_0","parameterNumber":0,"parameterNumberName":"UnknownParameter_D0_C0_0","parameterUnit":"Unknown","genProcessType":2,"genProcessTypeName":"Forecast","forecastTime":120,"surface1Type":1,"surface1TypeName":"Ground or water surface","surface1Value":0.0,"surface2Type":255,"surface2TypeName":"Missing","surface2Value":0.0,"gridDefinitionTemplate":0,"gridDefinitionTemplateName":"Latitude_Longitude","numberPoints":615,"shape":6,"shapeName":"Earth spherical with radius of 6,371,229.0 m","gridUnits":"degrees","resolution":48,"winds":"true","scanMode":64,"nx":41,"ny":15,"basicAngle":0,"lo1":47.0,"la1":41.0,"lo2":87.0,"la2":55.0,"dx":1.0,"dy":1.0}, "data":
[rows 0 to 14 of 15, columns 0 to 40 of 41]
294.17557,284.67557,288.97556,298.77557,298.67557,297.27557,295.57556,296.87555,295.57556,296.07556,294.17557,295.17557,293.87555,293.07556,293.07556,288.07556,287.77557,289.67557,288.17557,289.27557,291.77557,285.77557,286.77557,283.57556,287.17557,288.97556,287.77557,275.97556,276.07556,275.77557,275.87555,275.67557,288.87555,294.07556,296.87555,295.87555,296.17557,296.57556,295.87555,295.77557,295.87555
276.17557,288.27557,298.37555,298.87555,298.87555,297.07556,293.27557,292.27557,291.77557,291.87555,292.77557,291.67557,291.07556,289.27557,288.67557,289.27557,288.57556,287.47556,284.67557,286.27557,287.07556,287.37555,288.57556,280.47556,271.57556,272.07556,282.87555,276.17557,276.37555,273.27557,280.57556,272.37555,281.07556,266.97556,279.47556,293.47556,291.37555,293.97556,296.87555,289.77557,283.97556
290.27557,297.87555,298.67557,298.77557,297.17557,291.57556,291.07556,290.47556,289.87555,289.57556,289.37555,289.87555,286.77557,288.17557,287.87555,284.17557,284.87555,285.57556,285.57556,285.57556,285.77557,288.17557,287.17557,283.37555,286.77557,285.27557,285.87555,284.17557,285.47556,278.17557,273.37555,275.87555,280.07556,281.77557,284.07556,282.97556,277.67557,278.67557,279.57556,276.57556,277.27557
289.07556,298.17557,298.57556,297.87555,294.17557,289.07556,289.47556,288.47556,289.37555,289.27557,289.17557,288.47556,294.67557,293.97556,287.77557,284.87555,286.77557,286.37555,286.97556,285.57556,285.97556,283.47556,287.87555,288.87555,289.17557,290.37555,290.57556,286.97556,287.37555,288.57556,292.77557,286.77557,292.57556,292.07556,289.07556,286.17557,278.37555,279.17557,281.97556,290.67557,294.17557
291.27557,297.17557,298.07556,297.37555,294.37555,290.17557,290.37555,289.87555,288.77557,289.27557,288.67557,288.17557,294.67557,293.37555,290.97556,288.87555,288.77557,287.77557,285.37555,288.47556,288.27557,288.27557,285.87555,287.67557,287.87555,288.67557,288.57556,290.17557,290.27557,288.97556,293.17557,290.47556,281.47556,276.67557,282.07556,290.87555,294.07556,296.27557,296.37555,297.27557,296.37555
288.97556,287.77557,295.67557,295.77557,296.57556,296.07556,291.57556,291.47556,289.87555,289.47556,289.47556,289.37555,293.17557,294.07556,291.47556,288.97556,290.17557,289.27557,288.87555,289.87555,290.07556,289.07556,287.67557,287.97556,287.97556,286.67557,287.47556,292.57556,289.37555,291.27557,289.97556,291.27557,290.47556,288.07556,285.87555,291.17557,285.37555,287.07556,295.27557,297.47556,295.87555
289.57556,287.87555,291.77557,290.77557,291.77557,289.37555,289.77557,289.07556,289.47556,290.17557,288.97556,288.77557,288.67557,288.57556,288.17557,288.27557,287.87555,288.77557,289.67557,287.77557,289.27557,288.57556,287.47556,288.07556,286.47556,286.47556,286.87555,288.07556,287.77557,288.17557,290.67557,288.27557,289.97556,290.97556,289.47556,291.27557,285.97556,285.67557,284.97556,283.17557,294.47556
289.27557,287.77557,290.47556,290.57556,291.57556,290.87555,289.77557,288.17557,287.37555,287.47556,286.97556,287.17557,286.47556,286.77557,287.57556,287.77557,287.27557,287.27557,286.77557,284.67557,285.27557,287.47556,286.17557,287.27557,285.37555,281.67557,282.77557,283.97556,284.67557,286.07556,285.27557,288.17557,288.87555,286.27557,287.77557,289.87555,293.57556,289.47556,292.57556,293.67557,290.37555
288.37555,288.27557,289.87555,288.67557,289.77557,288.77557,287.37555,286.97556,285.57556,284.87555,285.27557,284.27557,286.17557,286.77557,286.77557,289.77557,289.27557,287.77557,287.67557,287.07556,284.57556,285.07556,285.87555,283.67557,283.97556,282.37555,283.57556,280.87555,280.87555,279.77557,282.27557,283.97556,287.07556,287.87555,288.37555,287.07556,286.87555,289.37555,280.47556,282.17557,280.27557
288.47556,288.87555,288.47556,288.07556,287.47556,286.77557,285.57556,284.87555,284.67557,287.27557,286.47556,286.67557,286.47556,285.17557,284.37555,284.77557,284.57556,285.77557,285.57556,286.87555,284.77557,284.97556,285.77557,285.37555,284.47556,282.17557,283.87555,282.57556,281.17557,281.47556,281.97556,284.17557,286.67557,285.97556,287.27557,287.27557,285.57556,284.47556,280.37555,281.37555,281.27557
288.07556,286.87555,286.67557,287.47556,286.47556,285.27557,284.67557,283.87555,284.27557,287.87555,286.27557,285.37555,283.77557,283.67557,283.57556,284.57556,284.57556,285.17557,285.27557,283.57556,284.37555,284.97556,283.97556,284.17557,284.47556,283.77557,280.97556,281.87555,283.37555,284.17557,285.77557,287.17557,284.47556,286.47556,286.27557,284.67557,284.87555,282.17557,281.87555,282.87555,281.57556
285.87555,286.77557,286.47556,286.17557,284.77557,284.17557,282.57556,282.67557,285.17557,286.37555,282.47556,281.77557,282.87555,282.47556,282.57556,283.17557,283.17557,283.27557,283.67557,283.97556,283.17557,282.97556,282.57556,282.77557,283.47556,284.77557,283.27557,284.17557,284.27557,285.07556,283.87555,285.17557,285.57556,286.17557,286.37555,285.47556,285.67557,286.77557,286.37555,285.97556,286.37555
284.97556,283.77557,285.47556,284.27557,284.27557,283.57556,282.27557,285.47556,285.57556,281.97556,278.67557,276.97556,282.47556,281.67557,281.17557,280.77557,281.17557,280.47556,281.07556,282.57556,282.77557,282.67557,282.17557,281.97556,283.27557,283.57556,284.67557,283.57556,283.17557,282.57556,283.27557,284.47556,285.17557,287.07556,286.67557,285.37555,284.17557,286.67557,286.17557,285.07556,285.57556
283.97556,285.27557,287.17557,284.07556,282.37555,281.77557,284.77557,285.47556,282.67557,280.97556,278.37555,275.97556,278.77557,281.37555,281.27557,280.67557,281.67557,281.77557,282.17557,282.27557,282.57556,282.77557,282.87555,282.87555,283.47556,284.17557,281.37555,282.57556,281.77557,282.27557,282.37555,286.77557,285.57556,284.87555,283.07556,283.97556,284.67557,284.37555,284.97556,285.27557,284.67557
284.97556,285.17557,290.07556,283.07556,282.97556,281.87555,286.37555,285.97556,283.17557,280.57556,282.47556,281.37555,280.67557,281.57556,281.87555,280.87555,281.57556,282.37555,280.67557,279.87555,281.87555,281.07556,282.37555,279.07556,282.07556,282.37555,281.17557,281.47556,281.97556,281.57556,281.97556,284.17557,284.07556,284.17557,284.67557,284.17557,284.47556,283.57556,284.37555,284.67557,284.47556
