wind_kz.json
{"header": {"discipline":0,"disciplineName":"Meteorological products","gribEdition":2,"gribLength":1025,"center":7,"centerName":"US National Weather Service - NCEP(WMC)","subcenter":0,"refTime":"2023-09-09T18:00:00.000Z","significanceOfRT":1,"significanceOfRTName":"Start of forecast","productStatus":0,"productStatusName":"Operational products","productType":1,"productTypeName":"Forecast products","productDefinitionTemplate":0,"productDefinitionTemplateName":"Analysis/forecast at horizontal level/layer at a point in time","parameterCategory":2,"parameterCategoryName":"UnknownDiscipline_0_Category_2","parameterNumber":3,"parameterNumberName":"UnknownParameter_D0_C2_3","parameterUnit":"Unknown","genProcessType":2,"genProcessTypeName":"Forecast","forecastTime":0,"surface1Type":103,"surface1TypeName":"Specified height level above ground","surface1Value":10.0,"surface2Type":255,"surface2TypeName":"Missing","surface2Value":0.0,"gridDefinitionTemplate":0,"gridDefinitionTemplateName":"Latitude_Longitude","numberPoints":615,"shape":6,"shapeName":"Earth spherical with radius of 6,371,229.0 m","gridUnits":"degrees","resolution":48,"winds":"true","scanMode":64,"nx":41,"ny":15,"basicAngle":0,"lo1":47.0,"la1":41.0,"lo2":87.0,"la2":55.0,"dx":1.0,"dy":1.0}, "data":
[rows 0 to 14 of 15, columns 0 to 40 of 41]
1.8916577,1.8416578,-0.50834227,-0.69834226,-1.8583423,-2.3983424,-3.5183423,-2.6083422,-3.2283423,-2.8283422,-5.978342,-4.5283422,-3.1783423,-3.8083422,-5.1383424,-7.128342,-8.618342,-6.7383423,-8.488342,-5.5583425,-5.4683423,-4.7683425,-4.2683425,-2.1683424,-2.6583424,-0.8983423,-1.7883422,1.8616577,2.1716578,1.8016577,-1.5783423,-3.3483422,-0.3183423,-1.1783423,0.8116577,-0.18834229,-1.7083423,-2.4083424,0.47165772,-0.06834228,1.1216577
4.7816577,2.3216577,2.0816576,-0.028342284,-1.4683423,-0.6583423,-2.7983422,-0.7483423,-1.9783423,-4.338342,-2.9283423,-4.6383424,-3.6483424,-3.6883423,-4.7683425,-5.0283422,-2.1183424,-8.218342,-9.488342,-7.458342,-6.5383425,-5.0383425,-3.3483422,1.3416578,1.6916577,1.1116577,-1.6583422,2.5416577,0.011657715,1.9516578,3.0516577,2.4816577,-1.5483422,-0.2983423,-0.9583423,-2.7683423,-2.0383422,-4.068342,-1.4483423,-3.2583423,0.31165773
-2.9583423,6.331658,2.8916578,0.68165773,-0.45834228,-0.7183423,0.13165772,-1.1483423,0.21165772,0.6616577,-1.1783423,-1.2483423,-0.4183423,-2.0183423,-1.4583423,-1.9283423,-2.5683422,-2.7083423,-4.228342,-6.2583423,-5.6183424,-5.1183424,-2.8583422,-0.7983423,-1.5083423,-0.7483423,-0.45834228,0.021657715,0.9116577,2.8116577,3.5616577,0.9016577,2.3516576,-0.27834228,0.8216577,1.3716577,0.8716577,-2.1883423,-0.43834227,0.7516577,0.121657714
1.4916577,1.7716577,2.7116578,2.8116577,1.2416577,0.6916577,1.1316577,1.9516578,1.9216577,1.4716578,2.4216578,3.9116578,2.7916577,3.0616577,-1.3283423,-3.0183423,-2.2883422,0.4216577,-2.9883423,-4.0283422,-4.3483424,-1.7383423,-3.1283424,-3.1083422,-3.4783423,-3.7783422,-3.4283423,-0.2983423,1.3616577,2.9116578,0.9116577,-1.2583423,-1.6283423,-2.8983424,-2.8383422,0.38165772,3.8816576,2.6716578,0.9116577,1.8316578,2.4716578
1.6716577,3.8216577,2.3116577,3.2516577,1.1816577,-2.4183424,-0.4883423,-0.46834227,3.6216576,-0.18834229,-1.0783423,3.5816576,3.4216578,1.1216577,-1.2583423,-2.0383422,-2.8583422,-3.1683424,-1.6783423,-0.13834229,-2.8083422,-2.3683424,-3.4983423,-2.4583423,-2.1883423,-1.8283423,-0.6883423,-0.6283423,0.5616577,4.101658,4.181658,2.9916577,2.7316577,2.8516576,0.10165772,-4.418342,-0.2983423,-1.6783423,1.6416577,2.0616577,0.15165772
-2.8983424,-4.4983425,5.371658,5.9616575,3.7216578,2.4316578,-0.81834227,-2.3383422,2.2316577,0.081657715,-1.0883423,5.141658,5.101658,2.6116576,0.6616577,0.38165772,-1.7683423,-1.7983422,-3.2683423,-3.3383422,-3.0083423,-2.8883424,-3.9083424,-3.8383422,-1.1383423,0.20165771,0.37165773,1.4516578,0.7616577,4.5116577,5.831658,5.4916577,2.8916578,3.5516577,3.0716577,1.3416578,2.8816576,1.6516577,-0.08834229,-2.4783423,-0.9583423
-4.668342,-4.938342,-3.7683423,-2.2583423,3.5116577,2.9116578,1.2816577,0.41165772,1.7516577,0.4616577,0.44165772,-0.20834228,0.19165772,-0.5283423,-0.9383423,-1.5283422,-0.8583423,-1.1383423,-1.3283423,-1.9983423,-2.7883422,-4.1783423,-5.0083423,-5.358342,-4.5183425,-0.07834229,1.5916578,2.8716576,2.5316577,4.181658,3.8116577,3.8616576,3.6016576,2.5116577,-0.27834228,-0.76834226,-2.9483423,0.5116577,0.55165774,0.9716577,-0.17834228
-1.4483423,-4.0083423,-3.3483422,-3.0883422,3.4516578,4.851658,2.8616576,4.601658,2.9216578,2.9916577,2.4016578,1.5716577,0.07165772,-0.3283423,0.8816577,0.5416577,0.031657714,-0.39834228,-0.5583423,-1.1083423,-2.0183423,-3.0583422,-4.7483425,-5.228342,-2.3383422,4.4016576,4.4916577,2.6716578,1.7816577,3.4216578,3.4516578,4.7616577,1.8216577,-0.028342284,1.8316578,2.4416578,1.6616577,1.3316578,1.4716578,0.74165773,-0.5383423
-2.7283423,-2.1583424,-2.7083423,-2.3583422,-1.8983423,1.4716578,-2.5883422,-0.40834227,3.4016578,2.7016578,2.1216576,1.1716577,0.9416577,0.13165772,0.15165772,0.3916577,-0.69834226,-2.2983422,-0.9283423,0.07165772,-1.2883422,-2.6983423,-5.0983424,-7.918342,-6.4883423,3.5316577,1.7616577,4.8416576,3.3916578,2.4916577,4.0716577,4.061658,3.7916577,4.831658,5.081658,3.1516578,-2.0483422,-0.33834228,-0.7383423,-0.7183423,-0.9283423
-2.1683424,-1.9783423,-1.1783423,-1.3083423,-0.7383423,-0.9083423,-0.3283423,-0.058342285,1.0816578,0.92165774,1.6916577,1.3416578,1.9116577,1.7316577,0.86165774,0.4616577,0.4916577,-0.13834229,-0.4783423,-2.3083422,-0.08834229,-1.6683422,-2.4283423,-5.4683423,-4.2883425,1.2916577,-0.3583423,2.4116578,0.2616577,-2.9983423,1.8916577,2.2316577,1.5716577,2.5516577,1.4716578,1.2116578,0.74165773,-2.2583423,0.041657716,3.3316576,2.1616578
-4.148342,-3.2883422,-3.2383423,-3.4783423,-2.6383424,-3.4883423,-1.9783423,2.6116576,1.0316577,-0.8483423,-0.8783423,0.061657716,-1.5383422,1.9116577,3.4916577,0.9116577,-1.6583422,-1.8483423,-1.6483423,-0.46834227,-1.3683423,-0.7383423,-3.1983423,-2.0183423,0.4616577,-1.2183423,1.9716578,4.3416576,1.7116578,3.1716578,3.8116577,2.2316577,0.38165772,0.5016577,0.8316577,0.68165773,0.7716577,2.3016577,1.0816578,1.1016577,0.2716577
-0.8683423,-0.13834229,-0.038342286,-0.18834229,-1.8683423,-1.8683423,0.34165773,0.16165772,2.0216577,0.7816577,0.021657715,-1.0183423,1.7216578,2.4416578,2.7016578,2.4116578,1.6116577,2.5216577,1.6216577,0.23165771,-0.028342284,2.0116577,-2.7783422,-0.2883423,-2.8383422,0.7616577,-0.43834227,1.8716577,2.8316576,2.5816576,1.8016577,1.2816577,0.8116577,0.8916577,0.34165773,-1.2483423,0.20165771,2.4616578,2.3616576,1.9016577,1.2516577
-4.208342,-2.1183424,-1.1883423,-0.30834228,0.4016577,0.7616577,0.4616577,0.5016577,-0.9083423,0.5016577,0.15165772,-0.23834229,0.041657716,1.7016578,2.4716578,2.5116577,3.6916578,4.351658,3.3416576,1.2416577,2.4016578,2.5416577,1.4716578,0.121657714,-0.36834228,2.6516578,2.0216577,-0.30834228,0.5716577,0.8816577,0.8416577,1.1216577,0.44165772,0.4016577,0.7116577,0.23165771,0.17165771,0.4816577,0.7216577,0.92165774,0.73165774
-4.0983424,-4.878342,-4.3483424,-3.3383422,-1.7283423,-0.82834226,-1.1083423,-2.8483422,-2.0983422,1.9016577,0.051657714,-1.7483423,-3.2183423,-2.0983422,-1.4583423,-0.4183423,1.2516577,3.1616578,3.1016576,3.1116576,2.1316576,1.9816577,2.4316578,1.0816578,-1.1883423,0.3316577,-0.42834228,-0.7783423,-0.33834228,0.081657715,0.47165772,0.47165772,0.74165773,1.0616577,-0.3583423,0.21165772,-0.9683423,-1.6783423,-0.6483423,0.15165772,-0.07834229
-2.2683423,-3.3983424,-6.898342,-4.338342,-3.3383422,-2.9683423,-3.3583422,-3.1583424,-4.2783422,-2.9183424,-1.5183423,-5.0583425,-0.75834227,-0.4783423,-1.9283423,-1.8183423,-1.9183422,-1.5583423,1.3216577,2.2316577,1.8116577,2.5916576,1.6516577,1.7116578,0.31165773,-0.30834228,-0.2983423,-0.56834227,-0.14834228,-0.028342284,0.6616577,0.9416577,1.1216577,1.8516577,1.8016577,0.37165773,-0.5983423,-0.75834227,-0.22834228,0.93165773,0.5816577
