wind_kz.json
{"header": {"discipline":0,"disciplineName":"Meteorological products","gribEdition":2,"gribLength":871,"center":7,"centerName":"US National Weather Service - NCEP(WMC)","subcenter":0,"refTime":"2023-09-30T12:00:00.000Z","significanceOfRT":1,"significanceOfRTName":"Start of forecast","productStatus":0,"productStatusName":"Operational products","productType":1,"productTypeName":"Forecast products","productDefinitionTemplate":0,"productDefinitionTemplateName":"Analysis/forecast at horizontal level/layer at a point in time","parameterCategory":0,"parameterCategoryName":"UnknownDiscipline_0_Category_0","parameterNumber":0,"parameterNumberName":"UnknownParameter_D0_C0_0","parameterUnit":"Unknown","genProcessType":2,"genProcessTypeName":"Forecast","forecastTime":180,"surface1Type":1,"surface1TypeName":"Ground or water surface","surface1Value":0.0,"surface2Type":255,"surface2TypeName":"Missing","surface2Value":0.0,"gridDefinitionTemplate":0,"gridDefinitionTemplateName":"Latitude_Longitude","numberPoints":615,"shape":6,"shapeName":"Earth spherical with radius of 6,371,229.0 m","gridUnits":"degrees","resolution":48,"winds":"true","scanMode":64,"nx":41,"ny":15,"basicAngle":0,"lo1":47.0,"la1":41.0,"lo2":87.0,"la2":55.0,"dx":1.0,"dy":1.0}, "data":
[rows 0 to 14 of 15, columns 0 to 40 of 41]
287.41757,279.61758,284.11758,293.51758,293.2176,292.31757,290.11758,291.31757,289.41757,290.01758,290.01758,290.91757,289.91757,288.91757,288.2176,285.61758,283.51758,284.01758,284.61758,285.2176,285.31757,283.51758,284.91757,280.2176,284.51758,288.01758,286.81757,274.41757,272.61758,273.7176,271.51758,271.81757,279.7176,285.7176,286.7176,287.61758,285.41757,286.51758,288.41757,289.01758,288.01758
268.01758,282.81757,293.31757,293.2176,293.2176,291.7176,286.7176,287.31757,288.51758,289.51758,290.11758,290.2176,289.11758,288.61758,288.31757,288.11758,284.31757,283.2176,281.01758,282.31757,284.51758,284.41757,284.51758,281.81757,267.2176,268.2176,278.01758,272.61758,276.61758,271.41757,274.91757,269.11758,272.7176,251.21758,270.91757,283.91757,282.01758,285.51758,289.41757,283.11758,283.7176
285.01758,292.81757,293.2176,292.61758,290.7176,285.81757,285.2176,286.01758,286.31757,287.91757,288.01758,288.7176,288.91757,288.7176,288.41757,285.2176,283.11758,281.01758,279.31757,280.51758,281.7176,283.61758,285.41757,280.41757,282.91757,284.01758,283.7176,281.41757,281.31757,275.61758,269.2176,271.11758,274.91757,274.61758,276.51758,276.31757,271.81757,272.31757,273.7176,272.2176,272.51758
283.7176,291.81757,292.7176,291.81757,289.51758,284.01758,285.61758,285.41757,286.51758,287.61758,287.7176,286.7176,289.91757,289.31757,287.81757,285.61758,284.81757,282.11758,280.51758,281.61758,280.41757,277.31757,283.7176,284.41757,285.01758,284.7176,285.31757,284.51758,282.61758,282.61758,283.01758,281.11758,284.81757,283.31757,282.81757,279.81757,270.61758,264.41757,273.61758,280.2176,284.81757
285.51758,291.31757,291.81757,291.11758,289.61758,287.31757,287.01758,286.31757,286.51758,287.61758,287.7176,287.01758,288.81757,287.7176,286.2176,286.7176,286.01758,285.2176,282.41757,284.81757,284.81757,284.91757,283.2176,283.61758,283.7176,283.81757,281.81757,283.91757,283.41757,284.11758,285.41757,281.91757,271.61758,264.51758,273.81757,282.01758,286.41757,285.61758,286.01758,285.91757,287.31757
284.91757,285.11758,289.81757,290.81757,290.91757,290.51758,286.81757,288.31757,286.61758,287.31757,288.11758,287.7176,288.2176,288.51758,287.91757,286.01758,286.61758,285.61758,285.2176,285.51758,283.81757,283.61758,282.7176,282.61758,281.81757,280.7176,280.7176,286.91757,283.61758,283.91757,283.41757,284.2176,282.01758,280.01758,279.31757,283.61758,277.01758,277.51758,283.81757,284.7176,285.31757
279.7176,281.31757,285.2176,286.91757,286.81757,285.7176,286.7176,288.41757,287.61758,287.7176,287.01758,287.31757,286.7176,285.91757,286.2176,287.11758,286.7176,285.91757,285.01758,283.91757,281.61758,282.01758,283.61758,282.81757,280.61758,281.41757,280.51758,280.7176,281.31757,282.11758,281.41757,282.11758,282.7176,282.2176,281.01758,279.91757,276.91757,274.41757,272.81757,272.31757,282.51758
278.7176,277.81757,280.41757,284.11758,285.41757,286.51758,286.01758,286.41757,286.81757,286.51758,285.61758,286.61758,285.81757,286.81757,288.51758,287.2176,286.7176,286.7176,285.91757,284.2176,284.31757,282.31757,284.91757,286.7176,280.81757,281.91757,282.01758,282.7176,281.11758,280.11758,281.61758,280.51758,279.61758,278.7176,281.31757,279.61758,281.11758,285.31757,282.2176,282.7176,280.51758
277.11758,277.61758,278.11758,278.11758,280.01758,283.11758,285.2176,285.01758,285.7176,286.2176,285.81757,285.01758,284.31757,285.7176,286.11758,286.61758,286.41757,286.01758,284.81757,283.7176,281.7176,282.41757,286.31757,285.91757,283.61758,283.51758,281.01758,280.61758,280.51758,276.7176,278.41757,281.31757,282.31757,281.31757,281.01758,280.61758,280.41757,279.31757,270.31757,274.7176,271.2176
276.91757,277.51758,277.81757,277.61758,278.61758,279.2176,281.81757,283.2176,283.31757,284.41757,286.11758,284.7176,285.91757,284.7176,284.51758,285.31757,284.91757,286.11758,286.61758,282.91757,281.31757,281.11758,280.01758,281.2176,283.7176,281.81757,282.41757,282.31757,279.41757,281.41757,282.2176,282.91757,284.01758,280.91757,282.41757,282.7176,279.61758,277.7176,277.2176,275.31757,270.91757
276.7176,276.41757,276.41757,276.7176,277.11758,277.31757,279.01758,279.7176,282.01758,281.11758,284.11758,285.11758,286.11758,284.7176,284.81757,285.7176,283.81757,286.61758,286.11758,282.2176,282.61758,281.91757,280.81757,280.91757,283.7176,283.51758,278.61758,281.11758,283.01758,284.11758,284.01758,284.2176,280.61758,281.2176,281.7176,281.31757,278.2176,278.11758,279.31757,278.7176,274.01758
276.11758,275.7176,275.51758,275.31757,275.41757,276.31757,276.11758,277.51758,280.51758,281.51758,279.7176,283.61758,284.7176,284.01758,284.61758,284.51758,283.7176,285.7176,284.2176,282.2176,281.31757,280.31757,279.31757,278.91757,278.91757,280.2176,280.61758,281.2176,281.91757,284.2176,284.2176,283.61758,281.41757,280.7176,282.51758,284.41757,284.51758,284.01758,283.2176,283.2176,281.31757
274.31757,275.91757,274.7176,274.7176,275.41757,276.2176,276.2176,277.91757,279.51758,279.7176,278.61758,282.01758,284.01758,283.31757,284.41757,284.31757,284.61758,284.91757,281.7176,280.61758,280.2176,279.01758,277.7176,277.81757,279.01758,280.2176,282.2176,284.7176,284.11758,283.11758,284.81757,284.61758,283.61758,283.61758,284.31757,284.2176,284.41757,284.81757,283.91757,282.61758,281.81757
274.81757,275.41757,280.11758,274.61758,274.7176,275.01758,275.61758,277.7176,279.31757,279.81757,282.2176,281.11758,281.7176,282.91757,283.2176,282.61758,283.11758,282.7176,280.81757,279.2176,279.11758,279.61758,280.51758,282.31757,283.01758,283.41757,283.51758,284.01758,283.7176,283.2176,284.41757,284.31757,283.81757,283.51758,284.31757,284.31757,284.11758,283.61758,282.91757,281.91757,281.01758
274.61758,275.11758,284.41757,274.31757,274.81757,275.01758,276.7176,277.81757,279.01758,280.41757,283.2176,283.61758,281.51758,280.81757,282.01758,282.51758,281.7176,280.7176,280.31757,279.01758,279.31757,279.41757,282.41757,282.81757,282.41757,282.41757,282.11758,283.11758,282.2176,282.31757,281.41757,282.81757,283.11758,283.01758,283.11758,282.91757,283.2176,282.2176,282.31757,281.91757,281.2176
