wind_kz.json
{"header": {"discipline":0,"disciplineName":"Meteorological products","gribEdition":2,"gribLength":871,"center":7,"centerName":"US National Weather Service - NCEP(WMC)","subcenter":0,"refTime":"2023-08-20T00:00:00.000Z","significanceOfRT":1,"significanceOfRTName":"Start of forecast","productStatus":0,"productStatusName":"Operational products","productType":1,"productTypeName":"Forecast products","productDefinitionTemplate":0,"productDefinitionTemplateName":"Analysis/forecast at horizontal level/layer at a point in time","parameterCategory":0,"parameterCategoryName":"UnknownDiscipline_0_Category_0","parameterNumber":0,"parameterNumberName":"UnknownParameter_D0_C0_0","parameterUnit":"Unknown","genProcessType":2,"genProcessTypeName":"Forecast","forecastTime":0,"surface1Type":1,"surface1TypeName":"Ground or water surface","surface1Value":0.0,"surface2Type":255,"surface2TypeName":"Missing","surface2Value":0.0,"gridDefinitionTemplate":0,"gridDefinitionTemplateName":"Latitude_Longitude","numberPoints":615,"shape":6,"shapeName":"Earth spherical with radius of 6,371,229.0 m","gridUnits":"degrees","resolution":48,"winds":"true","scanMode":64,"nx":41,"ny":15,"basicAngle":0,"lo1":47.0,"la1":41.0,"lo2":87.0,"la2":55.0,"dx":1.0,"dy":1.0}, "data":
[rows 0 to 14 of 15, columns 0 to 40 of 41]
296.24823,287.34824,292.54825,299.54825,299.44824,298.14825,297.74823,298.94824,297.84824,299.34824,299.04825,301.54825,302.14825,301.94824,300.74823,298.64825,295.84824,296.54825,295.64825,297.44824,295.74823,291.44824,289.64825,288.74823,289.14825,292.04825,289.54825,275.84824,275.14825,278.14825,278.94824,280.44824,289.24823,294.94824,295.94824,296.64825,297.04825,297.24823,296.44824,296.54825,296.84824
273.04825,291.04825,299.64825,299.94824,299.64825,298.24823,297.34824,297.54825,297.24823,297.74823,299.24823,299.64825,301.94824,301.74823,296.34824,298.94824,296.74823,296.14825,292.94824,294.34824,293.34824,295.04825,293.34824,285.74823,275.14825,275.04825,283.34824,274.84824,275.74823,272.94824,281.14825,275.04825,282.14825,259.94824,278.84824,293.54825,291.74823,293.74823,297.34824,288.94824,283.94824
292.64825,299.84824,300.44824,300.54825,298.74823,296.64825,296.54825,296.84824,296.34824,296.74823,297.74823,298.74823,297.64825,302.04825,301.04825,299.44824,296.74823,295.24823,294.64825,294.44824,293.74823,294.64825,294.04825,288.64825,289.14825,287.84824,290.54825,288.74823,288.34824,281.64825,273.64825,274.94824,280.54825,280.74823,282.14825,284.04825,277.44824,276.74823,277.94824,274.34824,274.14825
291.54825,300.84824,300.24823,299.64825,297.54825,294.64825,295.74823,297.94824,297.04825,297.04825,299.44824,298.54825,296.54825,295.74823,299.44824,298.34824,298.54825,296.44824,296.84824,294.84824,294.34824,288.94824,294.04825,293.54825,290.84824,292.44824,293.34824,293.14825,289.94824,289.54825,290.64825,290.44824,292.84824,290.84824,289.94824,288.74823,276.14825,275.04825,280.34824,288.14825,292.24823
297.44824,300.74823,300.44824,300.04825,299.24823,297.34824,297.24823,297.24823,297.24823,299.94824,297.74823,297.84824,296.94824,295.54825,292.64825,300.24823,297.94824,296.54825,293.74823,296.34824,296.04825,295.74823,293.74823,293.04825,292.94824,292.34824,291.14825,291.24823,290.14825,290.84824,292.94824,288.54825,280.54825,270.34824,282.34824,290.14825,292.74823,294.64825,294.64825,294.14825,294.64825
297.64825,296.44824,299.24823,299.54825,300.04825,299.84824,298.44824,296.04825,297.74823,297.84824,298.44824,300.64825,296.24823,295.94824,296.74823,296.54825,297.34824,296.44824,295.14825,295.64825,295.14825,294.84824,293.24823,293.14825,292.64825,291.34824,290.64825,294.24823,292.04825,293.44824,291.84824,292.64825,290.34824,287.34824,287.54825,289.04825,282.34824,283.94824,291.34824,293.24823,293.04825
296.64825,295.24823,299.04825,298.94824,298.34824,297.74823,297.24823,296.64825,297.34824,298.04825,298.34824,295.24823,295.24823,295.14825,293.94824,296.94824,296.94824,297.04825,295.64825,294.84824,293.64825,294.34824,293.54825,294.24823,292.54825,291.84824,290.84824,293.34824,291.54825,291.54825,291.44824,290.84824,290.94824,291.54825,289.04825,287.94824,283.44824,280.74823,277.54825,277.54825,289.04825
297.44824,299.54825,300.94824,298.54825,299.34824,299.04825,298.54825,297.84824,296.74823,296.54825,295.34824,295.24823,294.44824,294.74823,294.14825,295.94824,296.04825,295.64825,295.64825,292.94824,291.74823,291.54825,290.94824,291.64825,291.84824,288.64825,288.64825,290.14825,288.94824,291.34824,289.54825,289.44824,287.04825,284.14825,283.84824,286.54825,287.94824,289.14825,288.34824,288.54825,285.04825
296.04825,296.14825,296.54825,296.74823,297.44824,298.04825,296.74823,297.54825,296.24823,294.74823,294.74823,293.74823,292.94824,294.34824,295.54825,295.94824,295.84824,294.34824,295.74823,293.64825,291.04825,291.04825,292.54825,292.24823,290.74823,290.94824,289.94824,287.64825,284.94824,282.94824,284.54825,286.04825,286.24823,286.74823,286.14825,283.94824,284.04825,283.94824,274.94824,275.84824,275.24823
294.84824,295.44824,296.34824,297.14825,296.44824,296.44824,295.54825,295.54825,294.94824,292.74823,292.54825,292.24823,290.84824,293.14825,293.54825,293.84824,294.24823,293.84824,293.84824,292.04825,289.44824,291.14825,291.84824,290.84824,289.94824,289.84824,288.94824,288.34824,287.74823,287.04825,285.74823,288.74823,289.74823,289.14825,287.84824,284.94824,283.64825,280.54825,276.04825,277.04825,275.94824
296.34824,294.64825,296.14825,294.54825,293.74823,294.24823,294.04825,293.54825,292.64825,291.94824,291.34824,289.74823,292.04825,291.14825,291.54825,292.34824,293.14825,293.44824,293.14825,291.84824,290.34824,289.34824,289.44824,288.94824,289.54825,289.54825,288.14825,289.54825,290.04825,290.94824,291.04825,290.64825,289.64825,289.64825,288.34824,285.14825,282.14825,279.74823,278.14825,279.24823,277.64825
290.84824,292.04825,292.54825,292.04825,291.74823,291.84824,291.24823,290.34824,290.44824,290.64825,287.04825,288.24823,290.04825,288.84824,289.14825,289.54825,290.54825,292.94824,291.64825,289.64825,289.94824,289.14825,288.54825,289.14825,288.74823,290.34824,290.24823,291.54825,293.44824,290.54825,290.14825,289.74823,289.74823,287.04825,287.74823,286.94824,288.64825,287.74823,287.44824,285.04825,284.64825
288.74823,287.74823,290.04825,289.94824,290.04825,289.74823,289.14825,287.54825,286.44824,285.34824,286.34824,285.14825,287.24823,287.14825,288.24823,288.64825,289.44824,289.14825,290.34824,289.74823,287.94824,286.74823,286.74823,286.64825,288.14825,289.74823,291.24823,290.24823,290.64825,290.44824,289.84824,289.64825,289.14825,287.34824,289.14825,285.84824,285.74823,286.04825,285.54825,285.44824,284.64825
286.94824,289.64825,290.44824,287.74823,286.44824,285.34824,285.44824,284.84824,284.24823,283.84824,285.04825,286.94824,287.74823,286.84824,287.44824,288.34824,287.74823,287.34824,288.04825,288.74823,288.94824,288.94824,288.54825,287.84824,288.24823,288.94824,289.04825,288.94824,288.34824,288.74823,288.64825,287.64825,286.94824,286.24823,286.24823,285.94824,285.94824,286.54825,286.14825,284.54825,284.84824
285.64825,284.64825,291.74823,283.54825,283.34824,282.64825,283.04825,281.64825,281.74823,281.94824,285.84824,281.04825,286.84824,286.44824,288.34824,287.94824,289.04825,288.24823,287.04825,285.94824,285.14825,284.94824,284.84824,284.94824,285.24823,285.64825,286.04825,287.64825,288.64825,288.94824,288.54825,285.94824,287.04825,286.74823,287.24823,288.34824,287.94824,286.44824,285.44824,285.54825,285.24823
