wind_kz.json
{"header": {"discipline":0,"disciplineName":"Meteorological products","gribEdition":2,"gribLength":871,"center":7,"centerName":"US National Weather Service - NCEP(WMC)","subcenter":0,"refTime":"2023-10-03T06:00:00.000Z","significanceOfRT":1,"significanceOfRTName":"Start of forecast","productStatus":0,"productStatusName":"Operational products","productType":1,"productTypeName":"Forecast products","productDefinitionTemplate":0,"productDefinitionTemplateName":"Analysis/forecast at horizontal level/layer at a point in time","parameterCategory":0,"parameterCategoryName":"UnknownDiscipline_0_Category_0","parameterNumber":0,"parameterNumberName":"UnknownParameter_D0_C0_0","parameterUnit":"Unknown","genProcessType":2,"genProcessTypeName":"Forecast","forecastTime":180,"surface1Type":1,"surface1TypeName":"Ground or water surface","surface1Value":0.0,"surface2Type":255,"surface2TypeName":"Missing","surface2Value":0.0,"gridDefinitionTemplate":0,"gridDefinitionTemplateName":"Latitude_Longitude","numberPoints":615,"shape":6,"shapeName":"Earth spherical with radius of 6,371,229.0 m","gridUnits":"degrees","resolution":48,"winds":"true","scanMode":64,"nx":41,"ny":15,"basicAngle":0,"lo1":47.0,"la1":41.0,"lo2":87.0,"la2":55.0,"dx":1.0,"dy":1.0}, "data":
[rows 0 to 14 of 15, columns 0 to 40 of 41]
289.92242,283.0224,283.1224,293.1224,292.92242,291.5224,290.92242,292.92242,292.92242,294.82242,293.6224,294.92242,293.42242,292.82242,291.6224,288.5224,288.5224,288.5224,288.32242,289.1224,289.2224,287.92242,287.1224,284.0224,286.32242,287.82242,285.0224,270.5224,267.0224,265.82242,269.92242,262.2224,276.5224,285.7224,289.42242,290.0224,291.42242,291.1224,291.32242,291.6224,289.7224
272.32242,282.2224,292.92242,292.92242,292.82242,291.0224,290.82242,291.0224,291.6224,292.0224,292.32242,292.5224,291.82242,290.32242,287.7224,288.1224,286.7224,286.92242,285.5224,286.32242,285.32242,287.92242,285.2224,280.32242,269.82242,264.42242,278.6224,271.0224,272.42242,268.82242,273.32242,260.2224,270.82242,257.2224,269.92242,285.92242,286.92242,288.5224,290.6224,283.6224,283.5224
282.2224,292.42242,292.42242,292.0224,290.32242,287.7224,288.7224,289.7224,290.42242,290.1224,290.6224,291.2224,290.1224,290.0224,289.5224,288.0224,287.2224,285.2224,285.42242,285.2224,286.2224,287.92242,288.0224,282.5224,283.7224,283.7224,284.82242,283.92242,283.0224,275.6224,264.6224,266.92242,275.82242,277.6224,279.92242,280.32242,273.92242,277.5224,277.82242,271.7224,271.32242
282.92242,291.2224,292.1224,291.42242,289.32242,285.7224,288.0224,288.2224,289.2224,290.32242,290.82242,290.2224,289.5224,288.82242,288.5224,287.42242,288.1224,287.32242,286.92242,285.6224,286.82242,283.92242,287.0224,287.82242,288.2224,289.0224,289.1224,287.42242,284.6224,285.0224,285.42242,282.32242,285.5224,286.7224,286.1224,283.42242,276.1224,268.42242,275.5224,283.42242,286.5224
283.7224,290.82242,291.2224,290.6224,288.82242,285.5224,286.42242,289.92242,288.92242,289.42242,290.42242,288.5224,288.42242,287.2224,285.7224,286.82242,287.1224,287.6224,286.1224,288.6224,288.42242,288.1224,286.5224,286.6224,286.5224,287.32242,286.6224,286.42242,286.82242,286.82242,288.32242,285.5224,274.7224,268.5224,278.6224,287.0224,289.42242,290.7224,290.6224,291.0224,290.32242
283.0224,281.2224,288.92242,289.5224,289.92242,289.42242,285.5224,287.0224,287.5224,289.42242,289.2224,291.2224,288.0224,288.0224,287.32242,285.92242,287.42242,286.6224,287.2224,288.2224,287.5224,287.5224,286.7224,286.2224,286.0224,284.6224,285.32242,286.7224,287.82242,288.0224,286.0224,288.5224,285.6224,286.6224,283.2224,285.6224,279.42242,281.0224,286.5224,289.32242,289.32242
280.2224,281.42242,284.1224,283.5224,284.2224,283.7224,286.7224,285.32242,284.7224,286.82242,287.7224,288.5224,286.82242,286.5224,286.1224,286.82242,286.32242,286.6224,286.0224,286.42242,285.82242,286.42242,286.5224,287.0224,285.7224,286.0224,285.1224,285.92242,285.1224,285.42242,285.42242,286.32242,285.0224,287.0224,286.6224,285.0224,281.0224,277.92242,275.92242,275.5224,285.42242
280.5224,278.6224,280.92242,282.42242,283.7224,283.2224,283.1224,285.32242,283.5224,282.6224,283.2224,284.1224,286.42242,286.7224,286.7224,287.0224,286.1224,286.32242,285.7224,283.82242,284.0224,283.7224,283.82242,284.0224,285.0224,282.7224,283.5224,284.2224,283.5224,284.7224,284.42242,284.2224,283.7224,282.7224,283.0224,283.6224,285.32242,284.92242,285.7224,286.42242,282.82242
278.2224,277.6224,278.5224,278.32242,280.32242,280.82242,280.92242,280.82242,282.32242,282.42242,281.1224,281.5224,282.32242,285.32242,285.82242,286.82242,285.92242,284.82242,284.5224,283.7224,282.2224,282.42242,283.6224,283.6224,282.0224,283.0224,281.7224,281.5224,282.0224,280.5224,281.92242,281.7224,283.1224,284.5224,283.1224,282.2224,283.5224,282.6224,272.5224,273.5224,271.92242
276.92242,278.0224,277.82242,277.42242,278.2224,278.32242,278.5224,278.6224,278.5224,281.2224,281.32242,280.2224,281.6224,281.32242,282.92242,284.6224,285.42242,284.82242,283.7224,283.42242,282.6224,282.92242,283.7224,284.1224,284.2224,282.82242,283.0224,282.5224,282.6224,282.1224,281.82242,284.1224,285.6224,285.0224,283.92242,282.92242,281.6224,279.1224,275.82242,274.7224,273.0224
275.92242,275.82242,276.32242,276.6224,276.7224,276.2224,276.82242,277.32242,277.1224,277.2224,276.82242,280.32242,281.82242,280.92242,281.32242,281.7224,283.2224,283.5224,284.1224,282.32242,282.7224,282.6224,282.6224,283.1224,283.7224,283.5224,282.1224,283.7224,283.32242,284.1224,285.42242,285.42242,283.42242,285.42242,284.82242,283.2224,280.6224,279.0224,279.2224,279.32242,278.5224
273.5224,275.0224,274.92242,274.92242,274.5224,275.1224,274.92242,275.0224,275.82242,276.1224,275.0224,275.5224,279.42242,280.2224,281.0224,280.7224,281.7224,283.2224,282.5224,282.42242,282.1224,281.32242,281.2224,281.6224,281.7224,283.0224,283.6224,284.82242,285.32242,285.42242,285.1224,284.7224,285.6224,283.1224,284.5224,284.2224,284.32242,285.82242,284.2224,284.92242,283.92242
272.82242,273.42242,274.7224,275.0224,275.2224,275.0224,274.1224,274.42242,274.2224,274.92242,273.0224,272.42242,275.7224,277.1224,280.42242,281.92242,281.7224,281.2224,283.5224,283.42242,281.6224,281.5224,282.32242,280.82242,281.6224,282.7224,283.92242,283.7224,284.6224,284.5224,284.42242,284.5224,284.32242,284.0224,283.92242,285.1224,285.7224,286.2224,284.2224,284.1224,283.92242
273.0224,274.42242,280.2224,275.82242,274.82242,274.2224,273.7224,273.82242,274.32242,274.7224,273.5224,271.7224,272.7224,275.5224,277.5224,280.1224,282.1224,282.6224,282.42242,282.6224,283.32242,284.0224,283.1224,282.92242,283.0224,283.0224,283.0224,285.2224,283.2224,283.6224,283.6224,283.42242,283.1224,282.82242,283.1224,283.82242,284.5224,284.1224,284.32242,282.5224,283.1224
273.6224,274.5224,283.92242,276.82242,276.0224,276.0224,274.7224,274.0224,274.5224,274.0224,274.42242,273.7224,273.0224,274.42242,275.42242,277.42242,278.42242,281.0224,282.5224,282.7224,283.42242,282.82242,284.42242,285.32242,286.2224,284.42242,283.92242,283.32242,284.1224,283.2224,283.2224,283.32242,282.5224,282.2224,282.42242,282.6224,281.2224,281.5224,282.0224,283.1224,283.5224
