wind_kz.json
{"header": {"discipline":0,"disciplineName":"Meteorological products","gribEdition":2,"gribLength":871,"center":7,"centerName":"US National Weather Service - NCEP(WMC)","subcenter":0,"refTime":"2023-08-25T18:00:00.000Z","significanceOfRT":1,"significanceOfRTName":"Start of forecast","productStatus":0,"productStatusName":"Operational products","productType":1,"productTypeName":"Forecast products","productDefinitionTemplate":0,"productDefinitionTemplateName":"Analysis/forecast at horizontal level/layer at a point in time","parameterCategory":0,"parameterCategoryName":"UnknownDiscipline_0_Category_0","parameterNumber":0,"parameterNumberName":"UnknownParameter_D0_C0_0","parameterUnit":"Unknown","genProcessType":2,"genProcessTypeName":"Forecast","forecastTime":0,"surface1Type":1,"surface1TypeName":"Ground or water surface","surface1Value":0.0,"surface2Type":255,"surface2TypeName":"Missing","surface2Value":0.0,"gridDefinitionTemplate":0,"gridDefinitionTemplateName":"Latitude_Longitude","numberPoints":615,"shape":6,"shapeName":"Earth spherical with radius of 6,371,229.0 m","gridUnits":"degrees","resolution":48,"winds":"true","scanMode":64,"nx":41,"ny":15,"basicAngle":0,"lo1":47.0,"la1":41.0,"lo2":87.0,"la2":55.0,"dx":1.0,"dy":1.0}, "data":
[rows 0 to 14 of 15, columns 0 to 40 of 41]
294.37555,287.27554,291.07553,299.57553,299.37555,298.77554,300.57553,304.37555,303.57553,305.37555,304.37555,304.87555,303.57553,302.77554,301.57553,298.87555,298.57553,299.37555,298.67554,300.67554,300.27554,295.67554,295.97552,289.87555,293.67554,295.17554,291.47552,277.97552,279.87555,278.77554,281.87555,281.77554,287.37555,297.67554,298.97552,298.47552,297.87555,298.47552,299.27554,298.77554,297.77554
278.57553,291.37555,299.47552,299.57553,299.77554,298.67554,299.37555,300.57553,301.47552,302.47552,304.07553,301.97552,300.07553,298.57553,296.07553,295.77554,296.77554,296.97552,296.07553,296.77554,296.57553,298.37555,294.97552,286.47552,279.67554,278.07553,286.97552,283.27554,280.87555,278.17554,282.77554,275.67554,283.57553,269.57553,280.07553,295.67554,293.87555,296.27554,299.47552,291.37555,283.97552
292.67554,299.07553,299.97552,300.07553,298.57553,296.97552,297.87555,298.17554,298.27554,299.17554,299.07553,300.27554,297.17554,297.47552,296.87555,293.57553,294.07553,294.27554,294.57553,295.57553,295.77554,297.27554,297.47552,291.77554,291.97552,291.77554,294.27554,293.37555,292.37555,286.37555,275.77554,280.67554,287.07553,283.17554,285.87555,287.57553,278.67554,278.67554,280.67554,277.47552,276.57553
297.47552,299.87555,300.07553,299.37555,296.87555,295.07553,296.07553,295.47552,296.57553,297.07553,297.27554,297.07553,295.77554,294.87555,294.27554,293.07553,296.57553,294.87555,295.57553,294.97552,296.47552,291.57553,297.17554,297.07553,293.37555,295.27554,297.17554,296.27554,297.37555,294.37555,297.37555,293.97552,298.87555,293.97552,292.77554,290.77554,278.77554,278.47552,283.17554,291.67554,295.57553
298.57553,299.57553,300.07553,299.87555,298.27554,296.17554,295.27554,295.97552,295.97552,296.87555,296.47552,295.87555,295.77554,294.37555,291.67554,296.47552,296.87555,295.37555,291.87555,295.27554,295.77554,295.97552,294.97552,295.47552,295.27554,295.67554,294.07553,294.67554,294.77554,296.37555,298.27554,295.87555,285.57553,274.97552,285.27554,294.47552,297.27554,300.07553,299.97552,300.47552,300.27554
297.27554,295.67554,297.77554,298.67554,299.57553,298.87555,296.27554,296.07553,297.17554,296.47552,295.97552,295.87555,295.57553,295.17554,294.47552,294.07553,295.87555,298.47552,293.77554,295.57553,294.07553,293.77554,292.37555,292.97552,292.47552,292.67554,294.37555,293.57553,296.07553,297.87555,297.87555,298.57553,296.37555,293.57553,293.37555,295.77554,288.97552,291.97552,298.47552,299.77554,296.07553
295.67554,292.37555,295.47552,297.27554,297.77554,296.37555,298.17554,298.47552,296.77554,296.87555,297.47552,296.87555,295.07553,295.27554,294.37555,296.07553,297.77554,296.67554,296.47552,294.17554,294.07553,293.97552,293.27554,292.97552,292.07553,292.17554,292.27554,294.27554,295.07553,295.47552,295.57553,296.67554,297.57553,297.87555,296.67554,294.57553,290.47552,286.97552,282.67554,281.77554,295.87555
294.57553,291.57553,293.57553,290.67554,294.77554,296.07553,294.97552,292.17554,292.37555,294.57553,291.77554,292.27554,291.97552,294.57553,295.67554,296.57553,297.87555,298.27554,296.07553,292.37555,291.17554,290.87555,290.67554,291.17554,289.77554,286.67554,287.77554,290.07553,289.17554,291.67554,290.57553,291.97552,290.87555,289.47552,290.17554,293.57553,295.97552,289.37555,294.77554,294.37555,290.47552
289.47552,290.27554,290.67554,291.47552,293.37555,293.97552,291.07553,291.17554,291.67554,292.07553,289.37555,289.67554,292.37555,290.37555,291.07553,292.97552,297.07553,296.47552,294.07553,292.07553,288.67554,288.37555,288.97552,288.77554,286.97552,287.67554,283.47552,283.67554,283.77554,283.97552,285.77554,286.77554,288.47552,289.97552,289.47552,288.37555,290.07553,290.57553,279.37555,279.07553,276.27554
288.07553,291.97552,290.37555,289.07553,289.37555,290.77554,287.67554,287.77554,288.17554,288.77554,289.47552,288.67554,288.97552,288.97552,289.67554,290.77554,291.87555,292.37555,294.07553,291.67554,289.37555,289.47552,289.67554,289.77554,288.27554,284.87555,284.07553,283.57553,283.77554,283.77554,283.77554,288.97552,291.47552,290.17554,289.17554,288.77554,286.87555,285.77554,280.97552,282.67554,282.27554
287.87555,287.07553,288.17554,290.17554,289.17554,288.77554,288.77554,287.37555,283.67554,284.97552,287.17554,286.67554,289.37555,288.77554,287.87555,288.67554,288.27554,288.87555,288.97552,289.97552,289.47552,289.07553,287.57553,290.27554,287.87555,285.67554,283.37555,285.67554,285.37555,286.17554,287.17554,287.37555,287.07553,290.07553,288.47552,288.07553,285.47552,282.57553,285.37555,284.87555,282.07553
285.47552,286.67554,288.77554,285.77554,286.17554,286.17554,284.07553,283.37555,287.27554,285.37555,282.37555,286.57553,288.27554,287.17554,287.87555,287.37555,288.47552,288.07553,287.27554,287.37555,286.57553,287.77554,287.17554,286.27554,285.27554,286.27554,286.47552,287.27554,287.17554,286.47552,284.47552,285.77554,286.97552,283.97552,286.07553,287.17554,289.67554,289.77554,288.17554,288.37555,287.47552
280.97552,280.77554,287.07553,285.07553,286.57553,282.57553,285.07553,285.67554,285.37555,281.17554,278.77554,277.87555,283.37555,284.77554,284.97552,286.37555,286.27554,283.37555,283.57553,285.27554,285.17554,285.77554,285.77554,285.17554,288.37555,285.67554,287.07553,285.57553,285.17554,284.17554,284.77554,284.37555,284.57553,283.87555,283.77554,285.17554,289.57553,288.97552,288.97552,289.67554,288.97552
281.97552,285.87555,288.67554,285.97552,285.67554,284.77554,282.27554,283.97552,284.27554,283.77554,279.57553,280.87555,276.87555,283.77554,282.67554,285.57553,285.17554,284.17554,286.27554,283.87555,286.37555,286.57553,287.67554,287.27554,284.37555,284.77554,283.37555,283.67554,283.37555,284.17554,283.67554,283.27554,282.97552,282.17554,282.97552,283.77554,288.07553,288.67554,287.67554,287.57553,289.17554
284.17554,284.87555,291.07553,285.37555,285.47552,284.07553,281.37555,280.87555,283.57553,282.97552,283.47552,279.87555,277.57553,280.57553,280.57553,281.07553,280.07553,279.57553,283.97552,285.17554,285.97552,284.67554,286.37555,286.27554,282.07553,286.77554,286.77554,284.07553,281.97552,281.97552,282.87555,282.57553,281.97552,282.07553,281.77554,282.97552,286.97552,286.67554,286.57553,288.87555,290.47552
