wind_kz.json
{"header": {"discipline":0,"disciplineName":"Meteorological products","gribEdition":2,"gribLength":1025,"center":7,"centerName":"US National Weather Service - NCEP(WMC)","subcenter":0,"refTime":"2023-08-11T00:00:00.000Z","significanceOfRT":1,"significanceOfRTName":"Start of forecast","productStatus":0,"productStatusName":"Operational products","productType":1,"productTypeName":"Forecast products","productDefinitionTemplate":0,"productDefinitionTemplateName":"Analysis/forecast at horizontal level/layer at a point in time","parameterCategory":2,"parameterCategoryName":"UnknownDiscipline_0_Category_2","parameterNumber":2,"parameterNumberName":"UnknownParameter_D0_C2_2","parameterUnit":"Unknown","genProcessType":2,"genProcessTypeName":"Forecast","forecastTime":0,"surface1Type":103,"surface1TypeName":"Specified height level above ground","surface1Value":10.0,"surface2Type":255,"surface2TypeName":"Missing","surface2Value":0.0,"gridDefinitionTemplate":0,"gridDefinitionTemplateName":"Latitude_Longitude","numberPoints":615,"shape":6,"shapeName":"Earth spherical with radius of 6,371,229.0 m","gridUnits":"degrees","resolution":48,"winds":"true","scanMode":64,"nx":41,"ny":15,"basicAngle":0,"lo1":47.0,"la1":41.0,"lo2":87.0,"la2":55.0,"dx":1.0,"dy":1.0}, "data":
[rows 0 to 14 of 15, columns 0 to 40 of 41]
-3.04209,-0.95208985,2.1079102,-0.82208985,-1.5920899,0.56791013,-3.31209,-4.7820897,-5.10209,-1.3020898,-3.2020898,-3.4720898,-1.9820899,-0.8520898,-0.50208986,0.22791016,0.99791014,2.0679102,-0.81208986,2.7479103,3.2479103,3.5079103,1.7779101,-0.94208986,0.43791017,-2.8720899,-1.8920898,0.80791014,0.45791015,0.34791017,0.69791013,1.9679102,1.3979101,1.4279102,1.3279102,-0.96208984,-1.9820899,-2.35209,-1.5420898,-2.4120898,-4.5720897
1.8079102,1.0879102,-5.14209,-3.58209,-4.3220897,-4.8620896,-3.9520898,-5.3020897,-2.9320898,-1.7520899,-1.8020898,-1.1620898,-0.7920898,-0.50208986,0.08791015,-0.042089842,2.69791,0.117910154,-0.31208983,0.13791016,1.4379102,2.5479102,1.7279102,-2.0120897,1.8779101,1.0679102,0.30791014,0.69791013,-0.18208985,-0.96208984,0.17791015,-0.33208984,-0.052089844,-1.8620899,0.09791016,-2.02209,-0.94208986,0.20791015,-2.4720898,0.45791015,-5.67209
-1.6320899,-7.20209,-7.43209,-6.19209,-5.20209,-4.77209,-3.7520897,-1.5620898,-2.4020898,-0.89208984,0.007910157,2.5579102,-0.40208983,0.24791016,1.1079102,1.3879101,0.85791016,1.9879102,0.55791014,1.7279102,2.0079103,4.6179104,2.43791,2.97791,3.7579103,3.5379102,1.7679101,-0.18208985,-2.6920898,-0.13208984,-0.9120898,2.5779102,-0.41208985,-0.68208987,0.61791015,-1.0520898,-0.9820898,0.077910155,-1.3620899,0.73791015,1.0879102
-8.16209,-9.80209,-8.23209,-6.5720897,-5.2420897,-2.85209,-0.012089844,-1.4620899,-0.40208983,0.8879101,-0.82208985,-4.2620897,-3.6420898,-1.3420899,-0.22208984,0.48791015,1.8379102,2.21791,1.9279102,2.7879102,2.3279102,-0.102089845,3.7679102,3.3379102,4.43791,4.09791,4.20791,0.7679102,2.3679101,2.3379102,-2.07209,-1.4520898,0.66791016,-0.21208984,-3.1120899,-0.89208984,-1.5820899,1.2979102,0.94791013,-0.43208984,-1.1920898
-7.81209,-9.18209,-7.75209,-5.89209,-4.29209,-2.35209,-2.28209,-1.8620899,-1.6720898,-3.9620898,-3.28209,-3.0120897,-2.6320899,-0.59208983,-0.6020898,0.24791016,-0.18208985,0.077910155,1.2679101,2.3779101,2.3279102,3.2379103,3.0079103,2.97791,3.22791,1.4179101,-5.2420897,0.62791014,-2.9920897,-0.69208986,1.0979102,0.50791013,-3.29209,0.12791015,2.8779101,0.27791014,-1.0420898,-2.9920897,-2.9620898,-3.5020897,-3.30209
-5.75209,-3.82209,-5.21209,-3.52209,-4.81209,-5.0520897,-3.32209,-3.52209,-2.4520898,-1.9720899,-2.5020897,-1.3720899,1.6179101,0.80791014,1.0779102,1.0979102,1.2379102,0.74791014,0.94791013,0.44791016,1.4279102,2.71791,3.3579102,4.43791,4.12791,2.97791,3.0879102,-0.40208983,2.0779102,-1.2520899,0.7079102,-0.032089844,3.64791,1.9779102,0.047910158,0.38791016,0.65791017,-0.11208984,1.5079101,-2.1120899,-2.81209
-4.23209,-3.80209,-3.57209,-3.55209,-3.4220898,-3.56209,-3.6220899,-2.32209,-2.02209,-0.99208987,-2.1620898,-1.9120898,-0.52208984,-0.23208985,-0.31208983,-0.34208983,0.93791014,1.2979102,0.037910156,0.48791015,0.7079102,1.3379102,1.7279102,2.93791,3.45791,1.8379102,3.0479102,2.0679102,1.1979102,0.8279102,1.5879102,3.4979103,2.91791,-1.9120898,-0.93208987,-3.33209,-1.4720899,2.8079102,-3.07209,2.2779102,1.2679101
-4.3020897,-4.50209,-3.9220898,-3.5120897,-3.0120897,-2.55209,-1.7020898,-2.1720898,-0.12208984,-0.09208985,-1.2820898,-0.83208984,-0.20208985,-0.49208984,-0.45208985,-0.37208983,-0.80208987,-0.9220898,0.25791016,0.46791017,1.3979101,0.39791015,-0.9720898,-1.5320898,1.4479102,1.1979102,2.3079102,1.5979102,2.3779101,2.7879102,2.46791,3.22791,2.0679102,2.5679102,1.4379102,1.3679101,-1.2420899,-5.6320896,-3.3820899,-1.9720899,-2.4720898
-4.2820897,-3.59209,-3.4620898,-2.9120898,-1.9920899,-0.96208984,-0.41208985,0.56791013,-0.022089845,1.8279102,0.057910156,-0.65208983,0.69791013,-0.5320898,-1.4520898,-1.3220898,-0.33208984,-0.27208984,-0.28208983,-1.0120898,-1.1320899,-1.9520898,-3.10209,-2.9020898,-4.6320896,-2.57209,-2.29209,-1.4420898,-0.012089844,-0.41208985,0.93791014,0.61791015,2.5579102,3.1079102,3.5279102,-2.31209,-1.1720898,-1.7720898,-2.53209,0.107910156,1.6379101
-3.02209,-2.78209,-2.35209,-1.3120898,-0.94208986,-0.37208983,-0.08208984,-0.7220898,0.20791015,0.92791015,1.4379102,1.0579102,-1.8620899,-2.4720898,-3.5120897,-2.6920898,-1.2220899,-1.0720898,-1.6820898,-1.5720898,-1.2820898,-0.7320898,-1.1420898,-1.3720899,-3.1920898,-1.9820899,-3.6320899,-1.3120898,-1.1920898,0.53791016,2.9979103,5.57791,6.4279103,5.87791,2.94791,-0.30208984,-1.4220898,-0.49208984,-0.90208983,-0.6720898,-1.0220898
-0.48208985,-1.2920898,0.80791014,0.7779102,0.28791016,-0.5420898,-0.44208986,0.98791015,-0.09208985,-0.38208985,-1.1520898,-2.8920898,-4.6120896,-5.0520897,-2.4920897,-1.7120899,-1.5620898,-1.2920898,-0.39208984,-0.94208986,-1.0020899,-1.1820898,-1.7420899,-1.7220899,-2.2520897,-0.7220898,1.2779101,0.66791016,1.5379101,3.0079103,3.2979102,2.39791,-0.31208983,2.8479102,1.4379102,-0.45208985,-0.33208984,0.20791015,-0.71208984,0.30791014,-0.6120899
-1.1620898,-1.2020898,-0.44208986,-2.27209,-0.71208984,-0.90208983,-0.37208983,0.08791015,0.077910155,-2.09209,-4.7820897,-4.25209,-3.8620899,-3.03209,-1.3620899,-1.7620898,-0.9220898,0.40791017,-0.70208985,-0.37208983,-0.31208983,-0.7920898,-1.8220898,0.21791016,0.5279102,0.74791014,1.0379101,0.7179102,0.8879101,1.3779101,1.6979102,-0.40208983,1.0679102,-1.7320899,1.5879102,3.1379101,-0.18208985,1.1579101,0.46791017,-0.19208984,-1.0320898
-1.4020898,-0.17208984,0.35791016,-0.80208987,-0.09208985,-0.8620899,-0.58208984,-0.88208985,-0.7320898,-0.36208984,-1.2220899,-2.33209,-1.7420899,-0.58208984,-1.2420899,-0.6620898,0.24791016,0.6379101,0.99791014,-0.35208985,-0.76208985,0.037910156,0.49791014,0.21791016,1.1779102,0.29791015,-0.12208984,0.61791015,0.22791016,0.62791014,1.0879102,-0.31208983,0.59791017,-1.1020899,-2.85209,1.0979102,-0.48208985,-2.04209,-3.2220898,-0.5320898,-1.5020899
-0.09208985,-0.38208985,0.87791014,-0.59208983,-0.22208984,-0.56208986,-0.74208987,-1.2120899,0.5279102,-0.16208984,-1.1520898,-1.5020899,-0.83208984,0.36791015,0.027910156,0.40791017,0.37791017,0.69791013,0.13791016,0.34791017,0.057910156,0.047910158,0.42791015,0.75791013,0.44791016,0.42791015,-0.48208985,0.21791016,0.15791015,1.2179102,0.34791017,0.54791015,-0.29208985,-0.68208987,-0.5320898,-1.3820899,-2.56209,-0.48208985,-1.1220899,-1.3020898,1.1479101
-1.1220899,-1.1520898,-0.84208983,-0.7220898,-0.70208985,-0.7320898,0.50791013,-1.4620899,-1.5220898,-2.29209,-1.3520899,-1.5620898,-0.99208987,0.54791015,0.40791017,0.30791014,0.9579102,0.91791016,0.90791017,1.0079101,0.7779102,1.6679101,1.9079101,1.6679101,1.7179102,1.5379101,1.1979102,1.3379102,1.4179101,1.2279102,1.4779102,0.72791016,0.25791016,0.16791016,-0.11208984,-0.16208984,-0.9220898,-1.8020898,0.67791015,-0.39208984,-1.0120898
