wind.json
{"header": {"discipline":0,"disciplineName":"Meteorological products","gribEdition":2,"gribLength":1039,"center":7,"centerName":"US National Weather Service - NCEP(WMC)","subcenter":0,"refTime":"2023-07-01T06:00:00.000Z","significanceOfRT":1,"significanceOfRTName":"Start of forecast","productStatus":0,"productStatusName":"Operational products","productType":1,"productTypeName":"Forecast products","productDefinitionTemplate":0,"productDefinitionTemplateName":"Analysis/forecast at horizontal level/layer at a point in time","parameterCategory":0,"parameterCategoryName":"UnknownDiscipline_0_Category_0","parameterNumber":0,"parameterNumberName":"UnknownParameter_D0_C0_0","parameterUnit":"Unknown","genProcessType":2,"genProcessTypeName":"Forecast","forecastTime":240,"surface1Type":1,"surface1TypeName":"Ground or water surface","surface1Value":0.0,"surface2Type":255,"surface2TypeName":"Missing","surface2Value":0.0,"gridDefinitionTemplate":0,"gridDefinitionTemplateName":"Latitude_Longitude","numberPoints":688,"shape":6,"shapeName":"Earth spherical with radius of 6,371,229.0 m","gridUnits":"degrees","resolution":48,"winds":"true","scanMode":64,"nx":43,"ny":16,"basicAngle":0,"lo1":45.0,"la1":40.0,"lo2":87.0,"la2":55.0,"dx":1.0,"dy":1.0}, "data":
[rows 0 to 15 of 16, columns 0 to 42 of 43]
300.1441,295.1441,315.34412,322.84412,325.6441,298.6441,297.94412,296.7441,326.6441,332.2441,328.2441,327.6441,328.34412,328.7441,329.1441,326.7441,326.34412,328.04413,329.84412,328.34412,325.1441,325.1441,319.94412,325.04413,320.7441,321.04413,317.94412,306.7441,304.2441,308.94412,308.94412,316.34412,316.94412,318.6441,322.7441,326.34412,319.84412,308.04413,319.94412,306.04413,309.34412,306.6441,309.2441
299.84412,311.44412,318.44412,305.04413,311.44412,297.54413,297.34412,296.34412,319.34412,329.54413,327.54413,327.54413,326.1441,325.44412,325.04413,325.54413,326.04413,328.94412,329.94412,328.84412,330.44412,327.94412,330.2441,323.34412,322.54413,322.94412,323.2441,325.6441,319.2441,300.54413,302.2441,302.6441,303.94412,300.44412,310.34412,320.7441,326.44412,325.6441,329.04413,327.34412,329.94412,330.34412,304.2441
299.2441,298.54413,292.54413,308.7441,297.54413,297.6441,297.2441,295.04413,330.44412,329.44412,326.04413,324.44412,326.1441,325.34412,325.2441,323.94412,326.34412,327.6441,328.84412,330.7441,329.04413,329.44412,329.6441,325.6441,326.44412,315.7441,300.6441,300.1441,306.2441,302.54413,300.94412,295.1441,299.7441,298.84412,307.44412,273.2441,300.2441,317.54413,325.84412,324.7441,326.34412,318.54413,286.84412
292.2441,293.7441,307.54413,297.7441,297.7441,297.6441,296.54413,323.44412,325.1441,325.6441,323.1441,323.2441,323.54413,325.2441,323.04413,326.04413,326.04413,327.6441,327.1441,327.94412,329.34412,328.54413,330.44412,322.6441,322.84412,314.54413,321.1441,319.34412,320.2441,318.04413,317.94412,298.7441,298.34412,297.04413,302.54413,307.6441,306.04413,305.04413,300.44412,302.7441,302.94412,299.2441,301.04413
297.2441,300.44412,310.04413,298.54413,298.7441,298.04413,303.94412,323.2441,324.1441,324.84412,323.44412,324.7441,324.04413,324.2441,296.44412,295.94412,330.1441,330.7441,326.1441,328.44412,328.34412,328.7441,321.54413,319.04413,324.04413,322.2441,320.6441,321.44412,323.44412,316.7441,317.1441,317.44412,318.1441,320.04413,325.94412,321.7441,321.7441,314.6441,299.7441,302.94412,303.2441,317.6441,320.7441
299.94412,304.1441,310.1441,299.04413,298.94412,299.94412,308.04413,322.2441,325.7441,329.2441,324.44412,324.04413,326.04413,326.94412,296.94412,296.7441,293.44412,332.1441,330.94412,324.34412,322.7441,324.7441,325.44412,326.54413,324.2441,323.34412,323.34412,322.34412,318.84412,311.54413,319.84412,317.84412,318.34412,315.1441,304.54413,300.04413,304.7441,313.94412,314.7441,326.6441,327.7441,321.84412,320.1441
304.84412,312.1441,307.2441,308.1441,299.84412,299.2441,299.1441,299.2441,327.04413,325.34412,323.34412,324.6441,326.34412,326.6441,299.34412,294.94412,309.1441,326.34412,331.54413,330.34412,328.04413,326.94412,326.54413,324.94412,324.94412,324.04413,323.7441,319.54413,318.94412,290.84412,318.44412,316.2441,319.1441,315.2441,320.2441,318.54413,312.1441,308.44412,310.04413,312.54413,330.54413,326.2441,321.04413
301.44412,314.54413,311.84412,307.94412,312.2441,315.54413,314.04413,324.54413,323.34412,323.54413,323.34412,323.44412,325.04413,325.34412,324.7441,327.34412,328.84412,333.84412,330.34412,330.2441,328.54413,326.6441,324.94412,324.6441,324.7441,321.34412,319.7441,317.44412,320.44412,321.2441,321.2441,323.2441,321.1441,321.2441,320.04413,323.94412,327.1441,318.34412,317.94412,305.94412,300.54413,303.7441,312.04413
304.7441,304.6441,313.94412,312.7441,309.54413,312.2441,318.6441,321.1441,323.44412,323.44412,319.2441,321.04413,322.6441,322.04413,323.7441,323.54413,329.84412,327.44412,333.6441,325.84412,323.84412,323.44412,320.54413,320.2441,320.2441,321.54413,320.34412,316.94412,315.7441,318.94412,315.94412,316.34412,313.94412,314.84412,312.84412,309.84412,311.7441,317.2441,316.04413,288.6441,310.6441,312.04413,309.2441
293.34412,307.54413,302.54413,301.6441,301.44412,303.2441,307.7441,317.7441,319.84412,320.7441,320.7441,318.94412,318.94412,318.94412,320.44412,323.04413,325.94412,321.1441,328.34412,325.7441,320.6441,320.34412,318.44412,316.7441,317.84412,316.94412,316.34412,317.04413,312.84412,311.1441,310.04413,308.6441,309.04413,307.84412,306.84412,308.2441,309.7441,306.84412,315.94412,307.44412,297.84412,292.44412,299.84412
291.54413,296.6441,300.04413,303.04413,297.7441,304.7441,308.44412,313.6441,307.04413,313.54413,316.6441,316.7441,315.6441,313.44412,316.1441,317.54413,318.6441,319.1441,321.84412,318.54413,320.6441,317.44412,314.94412,313.54413,316.44412,316.94412,314.54413,314.34412,314.84412,311.2441,315.34412,313.2441,311.84412,313.34412,311.7441,311.1441,309.04413,306.2441,297.84412,296.54413,299.6441,296.34412,293.94412
292.54413,290.54413,289.2441,296.7441,299.84412,299.2441,303.34412,308.1441,308.2441,310.54413,307.6441,309.6441,309.84412,310.94412,310.7441,310.1441,312.84412,314.84412,316.2441,317.7441,316.44412,311.7441,311.44412,309.94412,308.7441,309.7441,310.1441,309.1441,307.84412,314.34412,318.04413,321.1441,316.84412,314.84412,316.6441,305.84412,302.94412,301.84412,295.84412,298.34412,296.7441,294.54413,294.34412
293.6441,295.2441,295.04413,292.34412,291.04413,295.54413,295.1441,302.44412,303.94412,306.1441,307.44412,309.34412,309.04413,303.94412,307.44412,307.44412,309.1441,311.34412,312.6441,313.44412,309.7441,308.1441,307.04413,307.04413,308.04413,309.6441,308.1441,309.54413,311.54413,315.44412,316.54413,315.34412,310.44412,311.84412,307.04413,310.44412,300.94412,301.44412,300.04413,300.7441,297.1441,296.7441,296.94412
292.44412,293.04413,293.04413,295.1441,297.94412,295.7441,293.2441,294.54413,299.94412,305.34412,307.54413,305.44412,304.6441,301.34412,301.84412,303.7441,305.7441,306.54413,307.6441,306.94412,306.04413,304.84412,303.84412,303.84412,305.54413,305.6441,309.6441,311.7441,315.2441,312.2441,311.1441,308.6441,301.1441,300.7441,303.2441,302.2441,300.44412,298.94412,298.84412,298.2441,295.54413,295.84412,296.54413
291.1441,291.7441,292.44412,293.7441,292.6441,296.1441,294.04413,289.54413,290.2441,291.84412,295.2441,302.6441,300.6441,300.84412,302.6441,303.94412,304.1441,303.2441,303.94412,299.84412,298.04413,305.44412,303.1441,303.1441,303.7441,305.94412,307.34412,309.94412,308.54413,306.04413,305.2441,302.7441,297.7441,296.04413,300.54413,297.2441,300.1441,299.84412,298.34412,297.04413,298.44412,296.1441,293.84412
289.7441,289.84412,290.44412,291.7441,291.84412,295.1441,295.54413,295.2441,292.6441,287.7441,290.34412,293.2441,296.84412,299.34412,300.44412,296.94412,299.44412,304.94412,305.04413,295.34412,296.34412,299.6441,301.1441,300.54413,302.2441,304.84412,304.54413,305.84412,305.7441,303.7441,300.34412,299.44412,294.84412,292.6441,294.7441,301.94412,301.1441,300.44412,297.1441,292.84412,297.94412,295.34412,294.6441
