wind_kz.json
{"header": {"discipline":0,"disciplineName":"Meteorological products","gribEdition":2,"gribLength":1102,"center":7,"centerName":"US National Weather Service - NCEP(WMC)","subcenter":0,"refTime":"2025-04-06T06:00:00.000Z","significanceOfRT":1,"significanceOfRTName":"Start of forecast","productStatus":0,"productStatusName":"Operational products","productType":1,"productTypeName":"Forecast products","productDefinitionTemplate":0,"productDefinitionTemplateName":"Analysis/forecast at horizontal level/layer at a point in time","parameterCategory":2,"parameterCategoryName":"UnknownDiscipline_0_Category_2","parameterNumber":3,"parameterNumberName":"UnknownParameter_D0_C2_3","parameterUnit":"Unknown","genProcessType":2,"genProcessTypeName":"Forecast","forecastTime":60,"surface1Type":103,"surface1TypeName":"Specified height level above ground","surface1Value":10.0,"surface2Type":255,"surface2TypeName":"Missing","surface2Value":0.0,"gridDefinitionTemplate":0,"gridDefinitionTemplateName":"Latitude_Longitude","numberPoints":615,"shape":6,"shapeName":"Earth spherical with radius of 6,371,229.0 m","gridUnits":"degrees","resolution":48,"winds":"true","scanMode":64,"nx":41,"ny":15,"basicAngle":0,"lo1":47.0,"la1":41.0,"lo2":87.0,"la2":55.0,"dx":1.0,"dy":1.0}, "data":
[rows 0 to 14 of 15, columns 0 to 40 of 41]
-3.0940967,-2.3740966,-4.204097,-8.584097,-7.5640965,-4.9940968,0.47590333,-2.1140966,-1.5540967,1.8759034,1.7559034,6.1159034,5.355903,0.8159033,-0.78409666,-1.0740967,-1.2640967,-2.6040967,-4.8040967,-2.7040968,-0.7040967,-3.8640966,-1.4240967,-1.6340966,-5.5240965,1.3759034,0.38590333,1.3459033,2.4559033,3.2059033,-1.2240967,-1.3340967,0.05590332,-2.1040967,0.7959033,2.7659032,2.7859032,2.5459032,0.8659033,0.6359033,-1.3340967
4.9859033,-1.4040967,-12.854096,-10.394096,-4.2740965,-4.5640965,1.8059033,2.2259033,-0.5740967,3.1859033,1.7059033,2.5459032,2.5359032,2.1059034,0.64590335,0.53590333,-0.5540967,-2.4040966,-3.3940966,-3.7840967,-3.7540967,-3.5340967,-1.7840967,1.7159033,-1.4040967,1.2559034,-1.3540967,2.5859034,1.1959033,1.9159033,4.895903,4.025903,-0.05409668,-1.0740967,-4.1940966,-1.3240967,-0.9340967,-2.4240966,-0.49409667,-0.5440967,-0.4040967
-5.164097,-9.144096,-10.914097,-10.784097,-1.7940967,-1.6240966,1.2459034,2.6659033,2.4559033,4.2559032,2.8359034,3.2859032,2.3759034,0.53590333,-1.1540967,-1.4640967,-1.5240967,-1.5340967,-2.0640967,-3.6240966,-4.5640965,-2.1040967,-5.0740967,-1.6540967,-0.90409666,-1.4240967,-0.7040967,-0.05409668,-0.08409668,1.3759034,2.8059034,0.23590332,-0.5540967,-1.9840966,-0.5740967,1.7859033,1.9159033,-1.3240967,0.29590333,0.05590332,0.6159033
-4.4240966,-6.954097,-9.594097,-10.564096,-4.5340967,-1.8340967,1.3159033,3.3859034,2.4159033,3.4659033,2.4959033,1.5759033,2.6259034,1.8259033,1.1659033,-0.024096679,-1.5740967,-2.9040966,-2.0840967,-3.1940966,-4.8240967,-2.0240967,-2.7640967,-4.124097,-5.0440965,-4.5440965,-4.0940967,-2.2840967,-0.6440967,-0.12409668,-0.8140967,-2.1340966,-1.0440967,0.9959033,0.36590332,-2.0040967,-0.29409668,3.1159034,2.5859034,1.6359034,0.42590332
-6.834097,-10.254097,-11.674097,-12.964097,-0.5540967,0.36590332,0.6859033,3.9159033,6.7159033,7.315903,6.605903,3.4959033,1.7959033,1.4759033,0.8859033,-0.39409667,-0.4040967,0.09590332,-1.7340966,-1.1340966,-1.9740967,-2.1940966,-2.3540967,-3.0240967,-3.4240966,-4.624097,-3.6940966,-3.2840967,-3.4940968,-2.8940966,-0.05409668,2.5359032,3.4359033,4.5159035,-0.72409666,-1.2640967,0.4059033,-1.0840967,-1.5740967,-2.4940968,-5.1540966
-8.284097,-7.8140965,-11.544097,-12.224096,-3.7740967,-2.0140967,0.8059033,7.4059033,8.785903,6.2459035,4.2459035,3.6459033,-0.29409668,-0.6340967,-0.21409668,1.9559033,1.3159033,-0.21409668,-0.3140967,-2.1340966,-0.77409667,-1.9740967,-0.9340967,-1.5040966,-1.4740967,-2.0440967,-1.6540967,-1.1440967,-2.3440967,-0.5040967,-1.6540967,-1.5540967,4.125903,2.9159033,1.3059033,0.13590331,1.4659033,-0.3440967,2.0259032,-2.1940966,-0.53409666
-7.164097,-7.7340965,-10.584097,-11.444097,-4.224097,0.7959033,6.6359034,5.7559032,5.3059034,5.045903,4.9959035,4.875903,3.8159034,3.3459034,2.2659032,1.8059033,1.6259034,0.08590332,0.02590332,-0.18409668,-2.3640966,-3.0840967,-3.5740967,-2.6940966,-3.5940967,-2.9840968,-1.2640967,-2.8240967,-1.3740966,-0.91409665,-2.3540967,-1.6640967,0.9959033,3.0959034,1.0959033,-0.07409668,-0.9240967,1.1059033,-1.0940967,-1.5640967,1.5459033
-5.8140965,-7.2340965,-8.484097,-10.034097,-4.8440967,2.6459033,4.1759033,4.545903,5.275903,4.6959033,4.5059032,4.065903,3.4359033,3.1459033,2.4459033,1.0559033,1.2459034,0.96590334,-0.01409668,-0.4740967,-1.6540967,-3.2940967,-3.6740966,-2.9940968,-2.9140966,-1.0540967,-1.9140967,-2.7040968,-1.1940967,-0.7640967,-1.0540967,-0.6940967,-0.15409668,1.8059033,3.0259032,1.9859033,0.7059033,1.7759033,-0.97409666,1.0759033,-1.7240967
-3.1640966,-5.5240965,-6.684097,-7.2540965,-0.85409665,3.7359033,4.0959034,3.5459032,3.7759032,4.6859035,3.8059034,4.165903,2.5059032,3.4159033,1.5259033,0.9459033,1.4159033,0.59590334,1.0259033,1.3559033,1.8159033,-1.6940967,-3.7740967,-3.4540968,-2.8840966,-2.6240966,-1.0740967,-1.7540966,-0.9440967,-0.9940967,-1.1440967,0.04590332,0.07590332,1.3559033,2.7159033,2.2359033,0.83590335,3.2359033,3.6459033,2.0059032,1.0159034
1.3359033,-2.4240966,-4.184097,-5.084097,-4.834097,3.6559033,4.1159034,4.085903,4.7859035,4.0159035,4.0359035,3.7159033,3.3759034,1.0459033,0.6859033,-0.7540967,-1.6140966,1.0559033,-0.16409668,3.0759034,3.8659034,3.1759033,-1.7740967,-1.6840967,-2.6340966,-2.2040968,-1.9840966,-2.1240966,-1.8240967,-1.5040966,-0.9440967,-2.8040967,-2.3040967,0.07590332,2.1459033,2.1659033,1.9659033,1.1759033,3.3859034,5.1759033,4.315903
2.6259034,-0.15409668,-3.7640967,-2.7140968,2.2759032,5.1359034,4.9459033,4.335903,3.2859032,2.8259034,2.2459033,2.4659033,0.8159033,1.5859033,0.83590335,-0.9940967,-1.3640966,0.48590332,2.6959033,0.5559033,0.7459033,1.5459033,-1.2140967,-2.7840967,-2.8340967,-2.7540967,-1.5940967,-1.8040967,-1.4640967,-2.1940966,-1.7140967,-1.5540967,-2.4740968,-1.1240966,0.10590332,2.8859034,2.1059034,1.8359033,3.8759034,2.2159033,2.0059032
4.315903,0.20590332,1.5359033,-1.7240967,1.6159034,6.4659033,4.4259033,3.2459033,2.6859033,1.9659033,1.2759033,1.9759033,2.0159032,1.7159033,1.6659033,0.6859033,-1.1340966,-1.0240967,0.10590332,0.6859033,0.30590332,-1.1240966,-2.1640966,-2.6840966,-3.2740967,-4.2440968,-4.6540966,-5.0740967,-2.6940966,-3.1040967,-3.6040967,-2.5240967,-2.3340967,-3.1540966,-0.03409668,1.3659034,2.3359034,2.3859034,2.0959034,1.1459033,-0.38409668
2.4759033,1.5059034,-0.38409668,0.3159033,5.355903,5.4059033,5.625903,3.4259033,5.1559033,2.3159034,1.1659033,1.6759033,3.3259034,2.9459033,1.3959033,0.48590332,-0.38409668,-1.0540967,-1.2040967,-0.96409667,-0.91409665,-1.6240966,-1.9140967,-2.3640966,-2.8340967,-3.6940966,-5.2940965,-5.8440967,-6.2440968,-4.7940965,-3.7240968,-3.3840966,-2.5040967,-2.5940967,-3.1140966,-2.2840967,-0.33409667,1.7259033,3.8759034,2.0459032,0.39590332
2.6659033,1.6059033,0.91590333,-1.3040967,7.335903,7.5759034,6.315903,6.565903,5.0759034,3.2959032,1.7559034,1.0959033,3.9459033,5.0159035,3.0559034,1.5959033,2.4159033,1.3859034,-0.46409667,0.41590333,-0.6740967,-0.9540967,-1.5340967,-2.1940966,-2.3040967,-3.5740967,-4.5440965,-4.4640965,-4.9640965,-5.474097,-6.184097,-5.9840965,-6.1940966,-4.184097,-2.8040967,-2.7840967,-1.9740967,-0.9340967,-0.18409668,1.0259033,0.97590333
2.8259034,0.59590334,1.1359034,1.7259033,6.605903,5.645903,6.165903,5.585903,5.9759035,3.1259034,1.6059033,2.2259033,1.6959033,0.8059033,3.4959033,3.0459032,2.1859033,1.0759033,1.2059033,0.23590332,-0.39409667,-0.8640967,-1.1640967,-2.3840966,-2.2740967,-3.0340967,-3.9740968,-4.4040966,-4.3840966,-5.334097,-5.5440965,-5.2840967,-5.3240967,-5.644097,-5.4640965,-5.8840966,-5.374097,-3.8740966,-2.7140968,-0.7340967,0.9959033
