wind_kz.json
{"header": {"discipline":0,"disciplineName":"Meteorological products","gribEdition":2,"gribLength":948,"center":7,"centerName":"US National Weather Service - NCEP(WMC)","subcenter":0,"refTime":"2023-08-20T00:00:00.000Z","significanceOfRT":1,"significanceOfRTName":"Start of forecast","productStatus":0,"productStatusName":"Operational products","productType":1,"productTypeName":"Forecast products","productDefinitionTemplate":0,"productDefinitionTemplateName":"Analysis/forecast at horizontal level/layer at a point in time","parameterCategory":0,"parameterCategoryName":"UnknownDiscipline_0_Category_0","parameterNumber":0,"parameterNumberName":"UnknownParameter_D0_C0_0","parameterUnit":"Unknown","genProcessType":2,"genProcessTypeName":"Forecast","forecastTime":60,"surface1Type":1,"surface1TypeName":"Ground or water surface","surface1Value":0.0,"surface2Type":255,"surface2TypeName":"Missing","surface2Value":0.0,"gridDefinitionTemplate":0,"gridDefinitionTemplateName":"Latitude_Longitude","numberPoints":615,"shape":6,"shapeName":"Earth spherical with radius of 6,371,229.0 m","gridUnits":"degrees","resolution":48,"winds":"true","scanMode":64,"nx":41,"ny":15,"basicAngle":0,"lo1":47.0,"la1":41.0,"lo2":87.0,"la2":55.0,"dx":1.0,"dy":1.0}, "data":
[rows 0 to 14 of 15, columns 0 to 40 of 41]
318.23154,303.23154,308.33154,299.73154,300.23154,299.53156,311.83154,325.03156,323.63153,323.63153,322.23154,321.63153,319.03156,317.73154,316.73154,316.93155,315.53156,316.63153,320.43155,318.53156,318.93155,314.53156,312.53156,308.43155,312.43155,314.33154,309.93155,294.13153,292.93155,290.03156,285.93155,291.23154,302.43155,310.83154,312.83154,312.73154,312.23154,311.23154,311.03156,310.63153,310.03156
289.93155,305.83154,299.93155,300.03156,300.13153,299.23154,320.73154,322.93155,320.33154,321.03156,322.13153,320.33154,318.33154,315.53156,316.33154,316.73154,317.53156,318.73154,317.43155,318.73154,318.93155,315.23154,312.83154,303.73154,292.33154,289.73154,302.13153,294.53156,295.73154,280.83154,289.23154,283.03156,290.23154,272.03156,286.83154,302.03156,301.13153,305.23154,311.03156,301.33154,287.43155
300.83154,300.63153,301.03156,301.33154,299.83154,317.03156,318.03156,320.43155,320.23154,318.93155,319.33154,320.53156,317.23154,316.43155,315.73154,316.13153,315.73154,316.73154,318.23154,317.93155,317.93155,315.03156,313.83154,307.93155,312.83154,307.53156,308.43155,303.83154,302.23154,291.53156,284.63153,287.33154,296.23154,294.73154,292.93155,291.53156,287.23154,288.93155,290.63153,285.43155,284.53156
315.13153,300.93155,301.53156,300.93155,302.83154,313.23154,314.33154,313.83154,319.53156,321.13153,319.63153,318.43155,298.03156,297.53156,313.23154,315.23154,314.63153,316.43155,318.03156,317.63153,314.33154,311.33154,313.43155,316.03156,314.43155,315.93155,314.93155,312.13153,305.53156,307.13153,309.83154,306.43155,310.23154,307.83154,308.13153,303.23154,287.73154,288.73154,291.43155,302.53156,305.73154
319.63153,301.33154,300.93155,300.73154,308.93155,319.83154,321.63153,317.53156,307.73154,318.03156,315.63153,316.63153,297.63153,297.33154,295.23154,313.93155,316.53156,313.43155,313.73154,313.93155,314.53156,315.73154,314.23154,314.03156,316.13153,316.13153,313.33154,305.73154,311.83154,309.43155,311.23154,308.93155,294.63153,286.03156,295.83154,304.93155,304.63153,311.63153,311.03156,309.43155,308.83154
320.13153,315.73154,299.13153,299.63153,300.13153,300.43155,320.93155,319.83154,316.23154,318.73154,316.13153,309.73154,298.93155,296.03156,303.03156,312.23154,315.63153,315.63153,315.13153,314.53156,315.73154,315.93155,314.63153,309.83154,313.43155,311.73154,310.83154,295.43155,312.93155,312.63153,309.83154,310.13153,307.53156,306.23154,300.93155,300.73154,297.83154,299.73154,310.63153,309.23154,307.63153
313.23154,318.33154,319.03156,309.03156,310.53156,315.53156,319.33154,318.33154,318.13153,303.53156,310.23154,307.93155,314.83154,317.13153,317.93155,316.63153,316.03156,315.83154,315.93155,314.03156,315.43155,315.03156,310.83154,307.33154,309.13153,310.83154,310.73154,311.53156,310.53156,309.83154,309.63153,309.73154,309.63153,308.73154,307.03156,305.63153,298.63153,293.23154,291.13153,290.23154,301.83154
309.53156,313.43155,318.73154,317.23154,317.93155,303.93155,317.83154,306.73154,303.83154,314.43155,303.03156,315.63153,314.43155,315.33154,317.73154,318.03156,316.23154,315.43155,315.73154,313.73154,311.93155,311.03156,311.73154,311.53156,307.43155,305.03156,306.33154,308.13153,303.83154,304.43155,303.13153,305.93155,304.13153,299.33154,301.93155,303.93155,304.33154,290.53156,302.43155,303.03156,300.33154
312.03156,305.83154,313.43155,316.83154,316.53156,316.93155,315.73154,300.03156,306.83154,305.83154,299.33154,304.93155,310.33154,314.63153,306.03156,317.43155,315.23154,315.23154,314.03156,313.23154,311.33154,307.83154,304.53156,308.73154,305.43155,307.23154,304.33154,302.23154,298.93155,292.43155,295.33154,294.53156,300.63153,301.93155,301.13153,297.53156,297.63153,297.13153,286.43155,287.93155,287.93155
310.93155,305.83154,311.73154,311.93155,312.03156,305.33154,309.13153,304.73154,313.03156,311.73154,310.33154,309.93155,305.53156,311.13153,310.23154,308.33154,314.63153,314.13153,313.03156,312.03156,309.83154,309.63153,309.73154,304.23154,305.33154,305.73154,301.73154,299.83154,296.73154,298.93155,296.63153,296.03156,304.83154,304.63153,302.73154,299.13153,295.53156,292.23154,291.23154,288.43155,285.93155
304.03156,299.33154,308.83154,304.73154,307.73154,304.83154,304.53156,305.13153,306.23154,306.53156,308.33154,302.73154,307.43155,307.93155,307.23154,303.33154,304.33154,310.73154,310.73154,308.83154,307.33154,307.73154,305.73154,305.83154,307.53156,306.03156,303.83154,300.43155,299.33154,304.03156,301.23154,306.63153,304.93155,304.03156,300.63153,298.03156,292.63153,291.43155,293.03156,291.03156,290.13153
304.83154,305.83154,297.43155,304.13153,303.23154,305.83154,306.33154,305.53156,296.53156,300.43155,299.93155,301.73154,301.33154,305.23154,304.83154,304.33154,301.43155,305.83154,304.63153,304.63153,302.83154,301.13153,303.23154,305.33154,303.73154,304.33154,304.33154,306.53156,308.23154,306.83154,305.63153,305.13153,303.93155,300.63153,298.63153,297.83154,296.23154,295.63153,294.23154,294.13153,293.93155
293.83154,299.33154,290.73154,289.73154,289.93155,290.83154,291.93155,294.43155,291.73154,299.23154,297.23154,296.53156,299.63153,291.13153,300.83154,302.53156,301.83154,301.43155,302.03156,301.13153,300.83154,301.13153,301.63153,301.63153,300.13153,299.93155,305.73154,303.73154,303.63153,303.43155,302.63153,301.53156,299.13153,300.93155,299.63153,297.13153,296.53156,295.63153,294.53156,293.53156,293.03156
297.43155,296.93155,294.23154,303.73154,304.33154,303.93155,303.13153,301.03156,300.53156,302.73154,295.73154,293.83154,299.23154,292.03156,294.83154,297.43155,297.43155,298.33154,300.23154,300.33154,301.13153,301.73154,300.53156,301.43155,300.23154,300.33154,299.73154,301.53156,301.53156,301.73154,299.83154,301.53156,298.23154,297.83154,296.83154,295.33154,295.13153,294.33154,292.53156,292.03156,292.63153
297.33154,301.23154,292.23154,299.13153,301.63153,300.93155,299.43155,298.43155,300.83154,300.83154,297.03156,296.43155,293.63153,295.83154,297.43155,298.13153,298.33154,299.73154,301.43155,299.93155,299.43155,299.53156,299.03156,296.43155,296.23154,296.93155,297.43155,300.13153,299.33154,297.13153,295.83154,289.83154,294.93155,297.33154,296.63153,295.63153,294.23154,293.43155,293.73154,293.33154,293.13153
