wind_kz.json
{"header": {"discipline":0,"disciplineName":"Meteorological products","gribEdition":2,"gribLength":1025,"center":7,"centerName":"US National Weather Service - NCEP(WMC)","subcenter":0,"refTime":"2024-02-01T06:00:00.000Z","significanceOfRT":1,"significanceOfRTName":"Start of forecast","productStatus":0,"productStatusName":"Operational products","productType":1,"productTypeName":"Forecast products","productDefinitionTemplate":0,"productDefinitionTemplateName":"Analysis/forecast at horizontal level/layer at a point in time","parameterCategory":2,"parameterCategoryName":"UnknownDiscipline_0_Category_2","parameterNumber":3,"parameterNumberName":"UnknownParameter_D0_C2_3","parameterUnit":"Unknown","genProcessType":2,"genProcessTypeName":"Forecast","forecastTime":0,"surface1Type":103,"surface1TypeName":"Specified height level above ground","surface1Value":10.0,"surface2Type":255,"surface2TypeName":"Missing","surface2Value":0.0,"gridDefinitionTemplate":0,"gridDefinitionTemplateName":"Latitude_Longitude","numberPoints":615,"shape":6,"shapeName":"Earth spherical with radius of 6,371,229.0 m","gridUnits":"degrees","resolution":48,"winds":"true","scanMode":64,"nx":41,"ny":15,"basicAngle":0,"lo1":47.0,"la1":41.0,"lo2":87.0,"la2":55.0,"dx":1.0,"dy":1.0}, "data":
[rows 0 to 14 of 15, columns 0 to 40 of 41]
-0.6717011,0.35829896,0.65829897,5.658299,1.648299,-1.361701,-1.1417011,-2.011701,0.14829895,-1.121701,-1.831701,-1.871701,-1.6417011,-1.2917011,-1.1417011,0.14829895,2.208299,3.2582989,4.678299,5.988299,1.3382989,4.718299,4.338299,0.85829896,2.188299,1.028299,0.45829895,0.8882989,0.41829896,2.228299,2.428299,1.3582989,-1.341701,-1.231701,-0.84170103,-0.851701,-1.121701,-0.70170105,-2.681701,-1.0517011,-0.18170105
0.92829895,1.758299,6.748299,3.2982988,1.548299,0.94829893,-0.95170105,-0.32170105,-0.64170104,-1.621701,-2.251701,-1.631701,-0.8617011,-0.56170106,0.31829894,0.648299,0.21829896,-0.45170105,3.678299,5.508299,5.088299,5.608299,2.408299,5.028299,4.068299,4.188299,1.168299,1.788299,-0.31170106,2.808299,3.188299,5.298299,1.8482989,2.928299,2.648299,1.048299,0.91829896,0.718299,-0.22170106,-0.89170104,-0.18170105
-0.64170104,6.6482987,4.558299,2.858299,2.658299,1.028299,1.3382989,-0.22170106,-0.12170105,-2.541701,-2.771701,-2.901701,-1.991701,-1.071701,1.288299,2.348299,3.488299,3.888299,4.038299,4.008299,5.968299,6.708299,6.718299,5.3782988,1.9882989,-0.34170106,-0.7317011,-0.94170105,0.31829894,-0.46170104,2.498299,2.5182989,1.8482989,-0.30170104,1.028299,-1.1417011,2.558299,1.808299,-0.33170104,2.068299,2.808299
1.0982989,2.718299,4.198299,5.178299,2.998299,1.4882989,1.2282989,-0.01170105,-1.191701,-1.951701,-2.421701,-2.411701,-4.651701,-4.8717012,-2.751701,-0.99170107,3.908299,4.188299,5.348299,6.328299,6.868299,8.988299,8.328299,7.118299,5.158299,2.5282989,0.06829895,-2.061701,0.06829895,0.528299,-1.1717011,0.09829895,0.17829895,0.86829895,0.20829895,-0.71170104,0.53829896,2.118299,-1.7617011,-1.6417011,-1.5217011
2.668299,2.898299,3.988299,4.388299,3.638299,1.688299,0.6382989,0.778299,-1.351701,-1.191701,-1.8917011,-2.781701,-6.181701,-6.291701,-5.931701,-3.851701,-3.2317011,-0.34170106,4.088299,6.3782988,7.988299,7.188299,5.858299,5.528299,4.708299,6.278299,6.358299,3.708299,2.7882988,2.438299,-0.41170105,-0.56170106,-1.201701,2.388299,-0.35170105,1.0982989,1.1082989,-0.50170106,-1.6817011,-0.96170104,0.10829895
3.098299,3.488299,4.028299,3.408299,1.9682989,1.798299,0.65829897,-0.43170106,-0.05170105,-1.721701,-1.371701,-3.301701,-6.5817013,-6.281701,-3.551701,-4.261701,-2.601701,-1.621701,-0.76170105,2.568299,7.778299,9.208299,8.728299,7.6682987,6.978299,6.388299,6.738299,7.838299,4.948299,2.968299,1.4782989,0.91829896,-0.17170104,-2.2117012,-1.0417011,5.768299,0.45829895,1.7382989,-0.15170105,-0.9817011,0.28829896
4.338299,4.018299,3.908299,3.598299,2.7582989,1.538299,0.78829896,-0.07170105,-0.7317011,-0.83170104,-2.291701,-1.9117011,-1.9017011,-5.261701,-4.381701,-3.9617012,-2.801701,-0.95170105,0.87829894,2.998299,3.748299,7.968299,9.708299,9.398299,7.618299,6.6682987,6.438299,6.848299,7.068299,6.998299,4.478299,2.438299,1.1982989,1.908299,0.72829896,-0.20170105,-1.251701,1.288299,1.3482989,0.35829896,0.838299
5.208299,5.698299,4.358299,2.808299,1.868299,1.178299,0.67829895,0.20829895,-0.20170105,-1.4117011,-1.371701,-1.591701,-2.4517012,-3.151701,-4.641701,-4.311701,-3.641701,-3.091701,-0.23170105,4.1682987,4.788299,3.108299,9.448299,9.638299,8.248299,7.868299,8.328299,7.978299,5.838299,5.948299,5.478299,5.608299,6.048299,5.6482987,1.248299,-1.0117011,0.34829894,1.938299,-2.2217011,1.298299,2.568299
4.458299,5.368299,4.598299,3.178299,2.328299,1.4582989,1.248299,0.48829895,-0.08170105,-0.28170106,-1.6417011,-1.991701,-2.041701,-3.681701,-5.171701,-5.091701,-5.021701,-5.011701,-3.061701,4.718299,3.158299,7.118299,8.428299,8.028299,8.348299,7.1682987,6.1682987,7.948299,6.758299,4.818299,7.258299,6.868299,8.338299,6.528299,4.458299,4.308299,-0.64170104,0.45829895,3.7882988,2.348299,1.7282989
4.778299,4.738299,4.438299,3.308299,2.328299,1.7082989,1.7282989,1.298299,0.49829894,0.00829895,-0.63170105,-1.751701,-1.471701,-3.271701,-4.131701,-5.341701,-6.1017013,-5.321701,-4.3717012,-1.7717011,0.8282989,4.6682987,5.578299,6.438299,6.688299,6.8982987,6.8782988,7.108299,6.8982987,5.938299,7.858299,7.478299,6.458299,6.028299,4.978299,2.2782989,1.5882989,1.4482989,1.5982989,2.718299,3.218299
4.1482987,3.888299,3.618299,2.838299,2.348299,2.398299,2.498299,1.898299,1.298299,0.41829896,-0.24170105,0.10829895,-1.211701,-2.551701,-3.441701,-4.321701,-5.191701,-5.451701,-3.021701,-2.541701,-0.13170105,1.558299,2.7682989,4.848299,4.868299,5.8782988,5.498299,6.818299,6.558299,6.108299,4.858299,4.728299,5.888299,5.698299,6.758299,5.578299,4.6282988,2.228299,2.998299,1.778299,1.368299
2.588299,2.488299,2.658299,3.148299,2.838299,2.478299,2.088299,1.4482989,0.59829897,0.49829894,0.12829895,-0.23170105,-0.75170106,-2.031701,-2.301701,-2.501701,-2.901701,-3.501701,-3.411701,-2.7117012,-0.7917011,-0.28170106,1.8182989,3.428299,4.3982987,4.728299,5.3782988,6.348299,5.358299,4.578299,3.7782989,4.298299,4.428299,4.6682987,4.578299,5.388299,4.258299,0.7082989,-0.68170106,-0.99170107,-0.8617011
2.698299,2.828299,2.728299,1.9582989,2.558299,1.3282989,0.9582989,2.168299,2.148299,1.2382989,0.24829894,-0.23170105,-0.26170105,-2.111701,-1.851701,-1.3017011,-1.5117011,-1.6417011,-2.031701,-1.131701,-1.121701,-0.96170104,0.35829896,1.4882989,2.158299,2.188299,2.188299,2.468299,3.198299,3.408299,3.208299,3.708299,3.2682989,3.358299,3.838299,4.048299,4.058299,2.148299,2.0482988,0.44829896,-0.41170105
2.248299,2.718299,2.608299,3.198299,1.798299,1.778299,1.668299,2.198299,2.398299,1.998299,0.91829896,0.16829894,-0.601701,-0.35170105,-1.441701,-1.491701,-0.44170105,-1.0517011,-0.57170105,-1.0117011,-0.74170107,-0.37170106,-0.10170105,0.14829895,1.658299,2.328299,2.488299,2.878299,3.308299,3.588299,3.678299,4.188299,4.888299,5.1482987,3.908299,4.778299,4.1282988,4.358299,4.218299,3.698299,1.9582989
1.938299,2.328299,1.9482989,2.598299,2.898299,2.498299,1.768299,1.9882989,1.998299,1.7082989,1.038299,1.498299,0.86829895,-0.531701,-1.841701,-1.4117011,-1.001701,-0.03170105,-0.19170105,0.34829894,-0.05170105,-0.16170105,-0.36170104,0.10829895,0.68829894,2.348299,3.2882988,3.088299,3.438299,3.988299,4.638299,4.748299,4.218299,4.358299,4.488299,4.348299,5.038299,5.108299,3.928299,3.968299,2.2882988
