wind_kz.json
{"header": {"discipline":0,"disciplineName":"Meteorological products","gribEdition":2,"gribLength":1025,"center":7,"centerName":"US National Weather Service - NCEP(WMC)","subcenter":0,"refTime":"2023-09-09T12:00:00.000Z","significanceOfRT":1,"significanceOfRTName":"Start of forecast","productStatus":0,"productStatusName":"Operational products","productType":1,"productTypeName":"Forecast products","productDefinitionTemplate":0,"productDefinitionTemplateName":"Analysis/forecast at horizontal level/layer at a point in time","parameterCategory":2,"parameterCategoryName":"UnknownDiscipline_0_Category_2","parameterNumber":3,"parameterNumberName":"UnknownParameter_D0_C2_3","parameterUnit":"Unknown","genProcessType":2,"genProcessTypeName":"Forecast","forecastTime":180,"surface1Type":103,"surface1TypeName":"Specified height level above ground","surface1Value":10.0,"surface2Type":255,"surface2TypeName":"Missing","surface2Value":0.0,"gridDefinitionTemplate":0,"gridDefinitionTemplateName":"Latitude_Longitude","numberPoints":615,"shape":6,"shapeName":"Earth spherical with radius of 6,371,229.0 m","gridUnits":"degrees","resolution":48,"winds":"true","scanMode":64,"nx":41,"ny":15,"basicAngle":0,"lo1":47.0,"la1":41.0,"lo2":87.0,"la2":55.0,"dx":1.0,"dy":1.0}, "data":
[rows 0 to 14 of 15, columns 0 to 40 of 41]
0.47344482,-2.3465552,2.3734448,6.223445,1.5434449,-1.3265551,-2.3665552,-1.0565552,-0.5165552,0.13344483,-0.6265552,0.41344482,0.24344483,-0.34655517,-1.6065552,-2.9265552,-3.5865552,-3.3665552,-1.5865551,-1.2865552,-0.97655517,-4.046555,-2.0565553,0.6834448,0.5434448,1.9234449,-1.1065552,2.283445,0.023444824,0.40344483,0.7434448,0.9234448,-0.11655518,-1.6265552,-1.6165552,-0.60655516,0.7234448,1.3834448,0.7234448,-2.276555,-1.5165552
4.203445,0.8734448,6.9234447,4.203445,0.70344484,-1.0265552,-1.6965551,0.16344482,-0.29655516,0.013444824,-0.23655517,0.77344483,0.13344483,-0.5265552,-2.0565553,-2.8165553,-2.9265552,-2.3065553,-3.3965552,-3.9265552,-3.9565551,-3.226555,-2.0565553,0.5534448,0.64344484,1.8034449,0.56344485,2.223445,0.9934448,3.6934447,3.1034448,4.913445,2.233445,2.8234448,1.9434448,-0.2665552,0.37344483,-1.6565552,-0.38655517,-2.6265552,1.4534448
1.9034448,6.683445,4.143445,2.003445,1.1734449,0.27344483,-0.086555175,-0.28655517,0.64344484,-1.2065551,-1.4965552,0.95344484,0.20344482,-1.1065552,-2.526555,-3.1765552,-3.0665553,-2.986555,-3.1265552,-3.0765553,-3.0765553,-2.3965552,-0.8265552,-0.5165552,-1.9565551,2.4634447,2.743445,-2.3765552,0.7834448,-0.09655517,0.9134448,-0.40655518,-0.79655516,-0.5865552,-0.6465552,0.06344482,1.9834448,-0.5965552,1.0034448,0.18344483,0.8434448
1.4734448,5.933445,4.0034447,3.023445,0.7134448,0.043444823,0.44344482,0.45344484,0.4834448,-0.33655518,-0.28655517,-1.3365551,-2.4065552,-2.8165553,-2.4165552,-2.8165553,-2.8865552,-2.5965552,-3.026555,-3.246555,-3.0865552,-1.4065552,-1.8565552,-3.026555,-5.7865553,1.8034449,1.3034449,5.123445,5.203445,4.2534447,-0.6365552,-2.8265553,-2.3565552,-0.006555176,-1.9365551,-1.8665552,0.5434448,3.4034448,-0.16655518,2.493445,-0.06655517
4.323445,5.413445,4.973445,3.253445,2.0434449,1.6534448,-0.046555176,-0.28655517,0.11344483,-0.8265552,-1.6865551,-1.7365552,-2.766555,-2.476555,-1.1865551,-1.8065552,-2.746555,-2.6165552,-1.8765552,-1.4865552,-1.1165552,-1.1265552,-0.5765552,-1.2265552,-2.026555,-5.3265553,0.2934448,0.64344484,0.81344485,3.1234448,5.5234447,3.3234448,3.6734447,0.7134448,-0.086555175,-1.3065552,-2.976555,2.483445,-7.026555,-3.8965552,-3.5865552
3.5634449,3.3534448,6.223445,4.153445,2.8034449,1.4734448,0.8734448,-0.5965552,-0.92655516,-1.1265552,-1.2965552,-1.5565552,-3.4165552,-3.8565552,-2.0965552,-0.7665552,-1.3565552,-2.2965553,-3.236555,-1.4265552,-1.7765552,-0.31655517,0.23344482,0.9334448,0.8434448,0.70344484,-3.9265552,-5.046555,0.5534448,3.3434448,3.3234448,3.5634449,3.003445,3.993445,-0.12655517,-3.1465552,-1.2365552,0.043444823,-2.3965552,-7.626555,-8.746555
6.153445,4.243445,3.6734447,3.4134448,1.6734449,1.5434449,-0.13655518,-0.68655515,1.6734449,-0.22655517,-2.0665553,1.3634448,-1.9465551,-1.5065552,-1.6865551,-2.0765553,-1.6565552,-1.6065552,-2.4565551,-2.6965551,-2.1865551,-2.3465552,-1.8165551,1.1934448,0.5334448,1.1334448,0.75344485,-1.6265552,-4.4765553,2.5534449,4.0634446,2.4234447,1.9834448,2.3634448,1.4334449,2.513445,0.28344482,2.1134448,0.58344483,2.023445,-1.6765552
6.723445,6.0634446,3.9334447,3.1034448,2.4434447,1.5234448,0.9634448,3.3634448,2.4334447,-0.12655517,-1.0965552,-1.6865551,-1.6565552,-1.7865552,-1.9765552,-2.226555,-1.9265552,-1.4265552,-0.9065552,-2.3665552,-2.8565552,-1.8165551,-1.4465551,-0.60655516,0.28344482,1.5134448,1.9934448,1.4534448,0.5934448,1.8634448,1.6234448,4.203445,2.503445,2.533445,3.1834447,2.783445,-0.28655517,4.7934446,-1.0065552,-1.4965552,-2.1465552
4.323445,5.933445,4.123445,2.8634448,3.003445,2.263445,2.7134447,2.2034447,1.4234449,-0.23655517,-1.0965552,-2.4165552,-2.1965551,-2.726555,-2.6065552,-2.6165552,-2.5365553,-2.506555,-0.07655518,-2.016555,-1.3165551,-1.5365552,-2.3965552,-1.7365552,0.38344482,-0.44655517,1.5334449,2.743445,-0.38655517,2.9134448,2.9534447,3.6434448,4.8134446,3.5534449,3.483445,2.7034447,-0.7565552,3.0934448,2.483445,1.7234448,1.3734448
4.823445,2.6534448,3.4534447,3.5534449,2.3434448,1.8934448,0.64344484,0.5534448,0.31344482,-0.006555176,-1.2865552,-1.3665552,-1.7765552,-2.0365553,-1.9465551,-2.1965551,-2.0965552,-2.2965553,-1.9565551,-1.6165552,-1.2465552,-1.6265552,-1.6065552,-1.0065552,0.25344482,-0.36655518,-0.06655517,0.81344485,1.9534448,1.3734448,1.5034448,2.4534447,3.6934447,3.763445,3.4434447,1.5734448,0.37344483,-1.5565552,-0.8365552,3.8834448,2.5434449
5.2534447,5.033445,1.6934448,1.7134448,1.0134448,0.42344484,0.18344483,-0.20655517,-0.2665552,-1.8565552,-0.91655517,-0.47655517,-1.5865551,-1.6665552,-2.5565553,-2.496555,-2.3165553,-2.1565552,-2.006555,-1.7265552,-1.6865551,-2.966555,-3.026555,-3.0865552,-0.8165552,-0.4865552,0.7234448,-0.006555176,0.88344485,0.8034448,0.9334448,1.2434448,1.4334449,2.2934449,3.4234447,2.493445,1.4234449,2.1034448,2.233445,1.7134448,1.0434449
-1.6765552,-0.7865552,1.7634448,2.6434448,1.8034449,1.5034448,0.64344484,-0.5165552,-0.32655516,-0.54655516,-1.1565552,-1.7165551,-2.1565552,-1.9565551,-1.8765552,-1.0565552,-1.4465551,-1.5965552,-1.6565552,-1.9265552,-1.7365552,-2.466555,-2.3265553,-2.4465551,-1.2065551,-1.0465552,-0.6565552,1.0034448,0.89344484,0.89344484,1.8034449,-0.47655517,-1.4165552,2.1034448,3.3334448,2.6034448,6.0434446,4.013445,3.6834447,2.273445,1.3834448
1.5434449,1.4534448,1.9134449,0.89344484,1.3934448,1.1434448,0.39344484,-0.4865552,-0.15655518,1.0834448,0.043444823,-0.5065552,-0.54655516,-2.1165552,-2.6365552,-2.8865552,-1.5165552,-1.2565552,-1.9065552,-1.9265552,-2.0865552,-1.6165552,-0.91655517,-1.7665552,-2.756555,-2.6865551,-1.6765552,-0.46655518,1.9134449,2.0534449,2.1134448,1.7334448,-0.66655517,-1.3565552,-2.0365553,-1.1265552,2.6734447,1.8634448,3.3834448,2.1834447,1.0834448
-2.8965552,-2.516555,-2.006555,-0.36655518,0.38344482,0.47344482,0.3234448,-0.056555174,0.33344483,0.8534448,1.3634448,0.18344483,-0.6465552,-1.5165552,-2.246555,-3.246555,-1.6065552,-1.1865551,-1.6065552,-1.9865552,-1.7965552,-1.6465552,-1.8365551,-2.246555,-1.8065552,-2.1165552,-3.0365553,-2.2865553,0.76344484,1.6734449,2.283445,2.9634447,3.5434449,2.743445,-2.2965553,1.6134448,1.8134449,1.7034448,2.1434448,2.1134448,1.3834448
-2.9465551,-3.986555,-5.196555,-2.9065552,-2.3265553,-0.13655518,-0.73655516,-0.11655518,-0.7865552,-0.25655517,0.6734448,0.8034448,1.1434448,-0.99655515,-1.8165551,-2.6365552,-1.7165551,-1.6265552,-1.2265552,-1.6165552,-2.216555,-2.3765552,-2.2865553,-2.506555,-2.6765552,-2.3665552,-2.5665553,-2.6565552,-0.14655517,0.69344485,1.3934448,2.533445,2.5434449,2.263445,2.1034448,1.8234448,1.8934448,2.1234448,0.94344485,2.5634449,0.88344485
