wind_kz.json
{"header": {"discipline":0,"disciplineName":"Meteorological products","gribEdition":2,"gribLength":871,"center":7,"centerName":"US National Weather Service - NCEP(WMC)","subcenter":0,"refTime":"2024-04-07T18:00:00.000Z","significanceOfRT":1,"significanceOfRTName":"Start of forecast","productStatus":0,"productStatusName":"Operational products","productType":1,"productTypeName":"Forecast products","productDefinitionTemplate":0,"productDefinitionTemplateName":"Analysis/forecast at horizontal level/layer at a point in time","parameterCategory":0,"parameterCategoryName":"UnknownDiscipline_0_Category_0","parameterNumber":0,"parameterNumberName":"UnknownParameter_D0_C0_0","parameterUnit":"Unknown","genProcessType":2,"genProcessTypeName":"Forecast","forecastTime":180,"surface1Type":1,"surface1TypeName":"Ground or water surface","surface1Value":0.0,"surface2Type":255,"surface2TypeName":"Missing","surface2Value":0.0,"gridDefinitionTemplate":0,"gridDefinitionTemplateName":"Latitude_Longitude","numberPoints":615,"shape":6,"shapeName":"Earth spherical with radius of 6,371,229.0 m","gridUnits":"degrees","resolution":48,"winds":"true","scanMode":64,"nx":41,"ny":15,"basicAngle":0,"lo1":47.0,"la1":41.0,"lo2":87.0,"la2":55.0,"dx":1.0,"dy":1.0}, "data":
[rows 0 to 14 of 15, columns 0 to 40 of 41]
294.82455,281.12457,293.62457,282.32455,283.22455,284.12457,299.92456,309.72455,306.42456,304.62457,305.52457,304.72455,303.82455,303.32455,306.62457,307.02457,306.02457,303.22455,301.02457,300.62457,300.82455,291.62457,295.52457,295.42456,301.12457,289.02457,283.52457,274.82455,286.32455,286.42456,284.42456,282.82455,303.62457,314.02457,311.72455,307.72455,310.02457,307.52457,308.82455,311.42456,312.02457
273.52457,290.42456,282.32455,282.62457,282.72455,283.22455,300.22455,298.32455,299.72455,300.72455,303.82455,303.62457,305.92456,306.12457,303.42456,302.62457,305.42456,305.12457,304.32455,304.32455,304.32455,301.42456,292.92456,289.92456,273.22455,273.52457,280.72455,273.82455,276.02457,278.12457,291.82455,273.42456,303.32455,268.32455,273.22455,302.12457,305.52457,304.62457,297.42456,299.12457,280.32455
299.62457,282.12457,282.12457,282.52457,282.72455,299.42456,298.02457,297.52457,297.12457,296.32455,296.72455,299.12457,302.42456,303.02457,301.52457,301.82455,301.42456,302.52457,303.62457,304.92456,304.92456,306.72455,299.82455,292.72455,299.22455,296.22455,291.62457,286.22455,284.72455,278.42456,280.52457,284.22455,293.62457,298.62457,294.72455,296.72455,284.82455,295.22455,290.22455,290.42456,281.32455
297.32455,283.32455,282.32455,282.42456,287.12457,301.62457,299.92456,300.92456,298.32455,297.22455,295.32455,295.62457,285.62457,286.22455,298.32455,299.82455,301.82455,301.62457,302.92456,303.22455,303.02457,298.12457,303.72455,301.32455,302.12457,292.52457,295.22455,293.12457,289.62457,295.82455,293.42456,294.62457,303.32455,306.02457,301.92456,296.12457,289.82455,274.82455,294.42456,298.72455,299.42456
297.22455,284.02457,282.92456,283.32455,291.12457,302.22455,301.52457,303.72455,300.12457,298.02457,297.22455,296.12457,284.82455,284.72455,283.12457,299.02457,300.82455,301.52457,301.22455,300.52457,300.52457,303.92456,303.62457,305.62457,304.12457,299.92456,300.32455,285.92456,295.32455,293.12457,295.02457,293.92456,286.82455,273.32455,297.42456,301.42456,297.72455,308.02457,306.42456,303.52457,301.22455
296.62457,296.72455,283.92456,282.62457,281.22455,281.82455,301.82455,297.32455,297.12457,295.62457,294.52457,295.12457,285.22455,283.82455,284.32455,296.52457,296.32455,298.82455,298.32455,301.02457,300.42456,300.52457,302.82455,294.22455,303.12457,301.82455,302.82455,272.02457,299.02457,293.22455,296.82455,298.22455,300.62457,296.42456,297.52457,295.12457,294.62457,297.32455,310.32455,304.42456,301.42456
294.82455,295.12457,296.02457,297.52457,293.42456,299.42456,299.22455,296.72455,293.22455,292.02457,292.72455,290.22455,290.82455,290.62457,291.82455,291.52457,293.12457,294.42456,295.82455,296.02457,294.02457,295.52457,298.82455,297.92456,289.32455,298.42456,300.42456,299.52457,299.02457,297.32455,295.62457,300.82455,300.02457,298.32455,299.82455,298.72455,295.42456,290.62457,277.82455,290.12457,298.12457
292.02457,292.32455,288.52457,295.22455,294.42456,293.82455,295.42456,293.22455,291.22455,289.12457,288.92456,287.42456,288.62457,287.62457,288.82455,288.62457,290.62457,289.22455,289.32455,289.82455,291.52457,293.62457,295.92456,295.52457,288.92456,293.02457,294.32455,297.82455,295.12457,295.62457,294.12457,296.72455,299.32455,296.52457,296.02457,297.42456,297.32455,273.12457,301.22455,298.62457,300.22455
290.62457,286.92456,286.32455,286.02457,290.42456,290.12457,289.12457,287.72455,287.82455,287.52457,287.22455,287.12457,286.52457,287.42456,286.42456,287.72455,287.82455,288.32455,287.52457,288.32455,286.02457,283.72455,291.62457,292.72455,292.12457,292.82455,287.72455,291.32455,294.12457,293.32455,291.42456,292.92456,296.62457,295.62457,297.32455,293.02457,295.52457,295.02457,273.22455,273.22455,273.12457
289.02457,288.82455,287.02457,282.22455,283.42456,284.32455,284.92456,285.12457,285.32455,286.52457,285.82455,286.52457,284.82455,281.42456,278.22455,278.02457,282.92456,289.02457,286.62457,284.12457,288.62457,287.32455,292.72455,282.12457,293.12457,287.12457,294.32455,291.62457,294.22455,294.92456,296.62457,299.52457,299.72455,297.02457,294.42456,295.12457,290.32455,282.62457,273.12457,284.52457,277.42456
284.32455,282.52457,280.32455,281.52457,281.42456,278.32455,280.72455,282.92456,284.42456,286.02457,284.32455,282.92456,282.02457,282.12457,277.82455,276.92456,278.52457,282.02457,288.92456,287.52457,289.02457,284.12457,288.12457,285.22455,281.62457,284.82455,291.42456,295.12457,294.02457,297.82455,301.72455,299.82455,299.42456,298.42456,297.12457,293.32455,283.42456,284.02457,290.22455,289.12457,283.52457
281.22455,279.42456,277.12457,276.52457,277.22455,277.72455,278.22455,283.22455,285.22455,284.82455,282.22455,284.62457,283.02457,279.92456,278.02457,279.22455,276.62457,276.12457,279.22455,286.02457,285.92456,286.22455,284.62457,281.12457,280.82455,289.32455,290.32455,293.82455,293.32455,294.62457,296.12457,297.72455,298.42456,296.02457,295.82455,294.42456,294.02457,294.52457,292.52457,294.12457,294.92456
278.82455,276.82455,276.82455,275.92456,277.72455,277.72455,279.12457,284.12457,285.62457,283.72455,282.42456,278.72455,274.42456,275.12457,278.92456,278.72455,277.32455,277.12457,278.42456,275.62457,275.32455,283.52457,285.62457,283.22455,282.62457,291.42456,295.42456,291.22455,291.32455,294.52457,296.22455,296.42456,296.42456,295.72455,295.42456,293.72455,291.22455,292.92456,291.72455,291.12457,290.22455
277.02457,275.72455,273.62457,275.92456,275.92456,277.52457,281.02457,282.22455,286.22455,284.52457,279.92456,278.42456,274.22455,273.32455,279.62457,279.72455,278.22455,276.12457,276.52457,274.32455,275.02457,280.12457,284.32455,282.12457,286.12457,292.12457,292.12457,291.72455,289.22455,287.82455,285.52457,289.92456,290.62457,289.82455,285.12457,288.92456,287.82455,281.12457,286.42456,287.42456,287.72455
276.12457,275.02457,273.12457,276.02457,277.12457,280.62457,280.92456,284.82455,286.32455,284.12457,282.42456,278.22455,277.32455,279.42456,279.02457,280.32455,279.92456,278.32455,275.72455,272.72455,272.82455,274.42456,277.02457,277.22455,277.52457,278.02457,279.42456,278.82455,278.62457,279.32455,279.02457,276.52457,278.72455,277.62457,277.62457,277.62457,279.42456,279.12457,281.02457,277.82455,280.52457
