wind_kz.json
{"header": {"discipline":0,"disciplineName":"Meteorological products","gribEdition":2,"gribLength":1025,"center":7,"centerName":"US National Weather Service - NCEP(WMC)","subcenter":0,"refTime":"2023-09-29T00:00:00.000Z","significanceOfRT":1,"significanceOfRTName":"Start of forecast","productStatus":0,"productStatusName":"Operational products","productType":1,"productTypeName":"Forecast products","productDefinitionTemplate":0,"productDefinitionTemplateName":"Analysis/forecast at horizontal level/layer at a point in time","parameterCategory":2,"parameterCategoryName":"UnknownDiscipline_0_Category_2","parameterNumber":2,"parameterNumberName":"UnknownParameter_D0_C2_2","parameterUnit":"Unknown","genProcessType":2,"genProcessTypeName":"Forecast","forecastTime":120,"surface1Type":103,"surface1TypeName":"Specified height level above ground","surface1Value":10.0,"surface2Type":255,"surface2TypeName":"Missing","surface2Value":0.0,"gridDefinitionTemplate":0,"gridDefinitionTemplateName":"Latitude_Longitude","numberPoints":615,"shape":6,"shapeName":"Earth spherical with radius of 6,371,229.0 m","gridUnits":"degrees","resolution":48,"winds":"true","scanMode":64,"nx":41,"ny":15,"basicAngle":0,"lo1":47.0,"la1":41.0,"lo2":87.0,"la2":55.0,"dx":1.0,"dy":1.0}, "data":
[rows 0 to 14 of 15, columns 0 to 40 of 41]
-2.940139,-0.6901392,2.819861,3.579861,2.6998608,2.3998609,-2.5001392,-4.6701393,-5.120139,-1.6501392,-1.4201392,-3.0201392,-3.8501391,-3.920139,-4.1501393,-3.7401392,-2.4901392,-2.170139,-3.910139,-3.7701392,-2.0301392,-0.42013916,-1.1401391,-2.0401392,0.7598608,-1.7101392,-2.630139,0.42986083,1.3198608,0.44986084,-0.42013916,1.6598608,0.57986087,0.79986084,-2.0701392,-0.6201392,0.09986084,-0.64013916,-0.33013916,-0.25013915,0.9498608
-0.66013914,2.2798607,2.7098608,2.2898607,1.4898609,1.8498608,-1.7901392,-4.560139,-4.950139,-2.7101393,-2.3501391,-3.680139,-3.0701392,-2.8301392,-2.9601393,-3.440139,-2.0001392,-3.1101391,-1.7801392,-2.3101392,-1.3701391,-1.0801392,-1.3101392,-2.4701393,-0.32013917,1.0398608,-0.67013913,1.5398608,0.06986084,-0.29013917,0.5698608,-1.3916015E-4,1.0098609,-2.5301392,0.079860836,-0.01013916,-0.44013917,0.7498608,-0.57013917,2.4798608,-0.04013916
1.0398608,3.049861,0.52986085,1.5298609,0.82986087,-5.180139,-2.4901392,-2.0201392,-3.7201393,-3.5201392,-2.390139,-2.3501391,-2.0701392,-2.9601393,-3.6101391,-3.5501392,-3.7501392,-2.1101391,-2.0501392,-1.4001392,0.20986085,-2.390139,-2.7601392,-2.4801393,-0.04013916,-2.0101392,-1.8401392,-0.10013916,-1.1101391,-0.6301392,-1.4001392,0.9998608,-0.09013916,-0.9301392,-1.1801392,-0.52013916,0.079860836,-0.11013916,1.7898608,2.1598608,1.7798609
3.079861,4.649861,1.6598608,1.4598608,0.24986084,-0.58013916,-2.5901392,-1.5001391,-0.8701392,-2.2101393,-2.670139,-2.450139,-3.7601392,-2.930139,-2.200139,-2.3601391,-2.2701392,-2.2601392,-1.3701391,-1.8301392,-0.89013916,-1.6801392,-1.7901392,-2.4701393,-2.7501392,-2.3201392,-1.9001392,-2.7901392,-1.1601392,-0.31013915,-0.32013917,-1.8401392,-0.58013916,-3.150139,-2.8201392,-2.0301392,-0.7401392,2.2098608,0.15986083,0.5598608,3.4798608
-0.48013917,3.349861,1.4898609,2.4398608,2.6798608,1.9798608,1.7998608,-0.20013916,-1.2601391,-1.3101392,-1.2801392,-0.70013916,-0.78013915,-1.1101391,-1.1201391,-1.1301391,-0.47013915,-1.1501392,-1.9001392,-1.7701392,-1.5301392,-2.5701392,-2.630139,-1.3301392,-0.84013915,-0.76013917,-0.57013917,0.78986084,1.4998609,2.059861,1.5998608,-1.5101391,-1.5401392,2.2898607,-0.05013916,1.9198608,2.829861,3.5298607,2.849861,2.619861,2.8898609
-0.65013915,0.6298608,2.0298607,0.88986087,2.3798609,3.2098608,3.089861,2.6398609,-1.6301391,-3.5601392,1.8898609,1.4398608,1.5698608,0.97986084,0.49986085,-2.190139,-2.7201393,-2.1201391,-0.24013916,1.0098609,0.48986083,1.0098609,0.42986083,-0.29013917,-0.79013914,0.7498608,-0.34013915,1.6598608,2.2298608,2.319861,1.6398609,2.1998608,2.7398608,2.089861,0.5698608,0.28986084,1.5898608,2.8898609,7.1598606,2.7798607,-3.7501392
-0.25013915,0.51986086,1.0898608,0.8098608,1.1298609,0.11986084,3.099861,2.559861,-0.96013916,-1.2801392,4.7898607,2.4298608,2.8998609,1.6098609,-0.85013914,-1.5101391,-1.0801392,-1.0901392,-0.29013917,-2.6101391,-1.4901391,-1.3301392,-2.0601392,-0.5001392,-0.65013915,-1.2101392,-0.8001392,-2.5201392,-2.920139,-2.3701391,-2.200139,-1.2601391,-0.71013916,-0.51013917,0.45986083,-1.3201392,-1.3501391,2.6998608,1.0298609,-0.7401392,4.429861
0.18986084,1.3298608,1.0298609,-0.17013916,1.2298608,2.7798607,3.1398609,0.27986085,3.049861,2.5298607,3.9498608,6.429861,1.4698608,1.4998609,0.76986086,-0.15013915,-0.83013916,-1.2401391,-0.40013915,-2.430139,-0.98013914,-2.2901392,-2.2301393,-3.0201392,-2.440139,-1.1001391,-1.8101392,-2.6001391,-3.5401392,-2.920139,-2.890139,-1.4401392,-1.5201392,-0.12013916,0.78986084,1.7198608,-0.18013915,0.52986085,3.2598608,3.4998608,2.309861
1.9698608,1.9098608,0.5698608,0.46986085,2.0198607,3.3798609,3.579861,2.7098608,0.03986084,3.0398607,3.4398608,3.6598608,-0.82013917,1.1498609,0.8098608,0.67986083,0.00986084,-1.3001392,-0.37013915,-0.98013914,-2.3301392,-2.2601392,-2.2801392,-2.890139,-2.8201392,-2.670139,-1.6601392,-1.9601392,-1.0101391,-1.5701392,-1.8401392,-0.27013916,1.5298609,1.8198608,4.069861,1.3398608,0.64986086,0.47986084,1.2298608,-0.84013915,-0.43013915
2.5398607,1.5898608,2.2798607,2.349861,2.4698608,2.5298607,3.1698608,3.4398608,2.4698608,2.559861,3.589861,2.799861,-1.3916015E-4,0.5598608,-0.16013916,1.2898608,0.7498608,0.14986084,-0.8101392,-1.1901392,-1.3601391,-1.7201391,-1.7601391,-2.660139,-2.7501392,-2.8701391,-2.630139,-2.2701392,-1.4801391,-1.8101392,0.14986084,1.0398608,1.7598609,1.1098609,2.2398608,1.6498609,-0.26013917,0.29986084,-0.79013914,0.63986087,-0.71013916
2.9898608,2.6698608,1.7098608,1.6198609,1.8698609,1.4698608,1.6398609,2.1998608,-0.61013913,0.92986083,1.0498608,0.34986085,-2.130139,0.40986085,-0.72013915,1.6198609,0.98986083,1.4298608,-0.11013916,-0.5501392,-1.3601391,-1.3401392,-1.7301391,-1.7201391,-1.6901392,-1.8501391,-1.2101392,-0.6301392,-0.73013914,-0.02013916,0.24986084,0.19986084,-0.20013916,-0.20013916,0.77986085,0.8198608,-0.22013916,0.39986083,-0.19013916,0.36986083,-0.08013916
1.8698609,2.049861,1.8098608,0.97986084,1.7998608,1.3898609,0.8098608,0.33986083,-1.2201391,0.6298608,-1.9801391,-0.5601392,-1.9701391,-0.6201392,3.2098608,2.7198608,1.8798609,1.9398608,0.39986083,0.73986083,-0.05013916,-0.03013916,-0.6301392,-0.70013916,0.09986084,-0.06013916,0.26986083,0.30986083,-0.03013916,-0.35013917,-0.6801392,-1.0401392,-0.36013916,-0.9301392,-0.6201392,-0.8801392,-1.1201391,0.6898608,1.0898608,0.84986085,0.5698608
2.1798608,2.0098608,2.309861,1.6098609,1.3198608,1.2398609,1.7098608,0.49986085,0.83986086,-0.24013916,-0.13013916,1.0698608,0.83986086,2.5398607,1.9698608,1.4998609,1.3898609,2.069861,1.0498608,1.2698609,0.37986085,0.67986083,0.72986084,0.25986084,1.9898609,1.4998609,1.4998609,1.3898609,1.2898608,0.05986084,0.8698608,0.48986083,0.37986085,-0.47013915,-1.0001391,-0.79013914,-0.18013915,0.00986084,-1.2801392,-0.31013915,-0.24013916
2.7198608,2.069861,2.1498609,2.5298607,1.3298608,0.84986085,0.92986083,1.3398608,1.4698608,1.2198608,0.5098608,0.58986086,2.059861,2.2898607,0.84986085,1.9998609,1.7098608,1.4898609,0.10986084,1.7498609,1.4698608,1.4898609,1.8998609,1.9198608,1.9598608,1.3598609,0.7598608,1.7598609,1.6998608,2.0198607,2.2098608,2.1398609,1.7098608,1.3998609,1.3298608,0.54986084,-0.20013916,-0.66013914,-1.2401391,-0.42013916,0.8698608
1.0998608,2.7598608,3.859861,2.2498608,2.8998609,1.5598608,2.589861,1.5198609,1.7498609,0.8098608,0.8098608,1.2198608,1.5798608,1.5998608,2.9398608,2.2298608,2.4098608,2.619861,1.4898609,1.9898609,1.7598609,1.9298608,1.6498609,1.6898608,1.8498608,1.8198608,1.8098608,1.9198608,2.059861,2.4298608,3.0098608,3.1998608,2.1998608,2.119861,2.109861,2.309861,0.96986085,0.8198608,0.96986085,0.27986085,0.16986084
