wind_kz.json
{"header": {"discipline":0,"disciplineName":"Meteorological products","gribEdition":2,"gribLength":948,"center":7,"centerName":"US National Weather Service - NCEP(WMC)","subcenter":0,"refTime":"2023-09-19T00:00:00.000Z","significanceOfRT":1,"significanceOfRTName":"Start of forecast","productStatus":0,"productStatusName":"Operational products","productType":1,"productTypeName":"Forecast products","productDefinitionTemplate":0,"productDefinitionTemplateName":"Analysis/forecast at horizontal level/layer at a point in time","parameterCategory":0,"parameterCategoryName":"UnknownDiscipline_0_Category_0","parameterNumber":0,"parameterNumberName":"UnknownParameter_D0_C0_0","parameterUnit":"Unknown","genProcessType":2,"genProcessTypeName":"Forecast","forecastTime":300,"surface1Type":1,"surface1TypeName":"Ground or water surface","surface1Value":0.0,"surface2Type":255,"surface2TypeName":"Missing","surface2Value":0.0,"gridDefinitionTemplate":0,"gridDefinitionTemplateName":"Latitude_Longitude","numberPoints":615,"shape":6,"shapeName":"Earth spherical with radius of 6,371,229.0 m","gridUnits":"degrees","resolution":48,"winds":"true","scanMode":64,"nx":41,"ny":15,"basicAngle":0,"lo1":47.0,"la1":41.0,"lo2":87.0,"la2":55.0,"dx":1.0,"dy":1.0}, "data":
[rows 0 to 14 of 15, columns 0 to 40 of 41]
298.17334,285.87335,290.47333,293.47333,293.27335,293.27335,300.27335,307.97333,302.77335,305.97333,305.97333,305.17334,303.37335,302.77335,302.57333,302.27335,302.27335,301.87335,303.17334,301.57333,302.77335,299.87335,302.07333,297.37335,300.37335,301.57333,297.77335,283.77335,282.57333,281.37335,279.67334,275.57333,288.77335,294.37335,295.27335,294.87335,295.17334,294.47333,293.77335,291.77335,291.67334
273.17334,291.07333,293.07333,293.07333,292.77335,291.67334,306.37335,306.07333,305.27335,304.57333,304.87335,303.47333,302.87335,301.47333,301.27335,301.97333,301.37335,301.07333,301.17334,301.77335,302.67334,300.47333,298.47333,289.27335,278.77335,281.37335,290.17334,284.37335,284.67334,278.47333,283.87335,272.27335,283.77335,253.87334,265.07333,290.77335,289.17334,291.27335,293.97333,286.67334,284.37335
297.57333,292.17334,293.17334,292.77335,291.07333,301.17334,300.67334,301.87335,301.67334,301.67334,301.87335,302.07333,300.07333,300.87335,300.07333,300.57333,300.17334,296.97333,297.77335,300.17334,301.47333,300.07333,299.47333,293.17334,295.57333,293.67334,296.47333,295.27335,293.77335,284.57333,275.47333,278.87335,284.07333,284.57333,286.17334,283.87335,273.37335,276.47333,279.07333,273.67334,265.57333
297.87335,291.77335,292.87335,291.67334,293.57333,299.67334,298.87335,300.57333,300.87335,300.67334,300.67334,300.37335,291.17334,290.37335,297.27335,294.77335,295.07333,295.07333,295.07333,295.27335,297.47333,293.77335,297.47333,297.77335,298.47333,298.87335,298.77335,295.37335,294.07333,294.57333,296.27335,293.47333,297.67334,293.77335,292.47333,287.97333,276.67334,267.07333,280.87335,288.37335,292.47333
298.87335,290.17334,291.17334,290.27335,292.87335,296.27335,298.47333,298.97333,297.47333,297.87335,298.37335,299.17334,289.97333,288.77335,287.47333,294.07333,299.37335,295.87335,293.97333,295.37335,296.47333,297.07333,297.27335,296.57333,295.67334,296.97333,295.47333,294.47333,294.57333,294.97333,297.17334,294.77335,281.57333,272.37335,284.57333,290.67334,292.87335,295.37335,295.07333,295.77335,295.67334
299.87335,298.37335,289.47333,288.87335,289.67334,289.07333,297.27335,297.07333,295.07333,296.17334,296.47333,297.57333,290.77335,289.57333,292.57333,293.27335,294.27335,296.27335,296.07333,295.97333,296.37335,295.27335,295.87335,294.97333,294.77335,293.97333,295.17334,287.57333,295.67334,295.77335,294.87335,296.37335,295.17334,294.77335,291.37335,291.17334,284.97333,288.57333,293.97333,293.77335,294.47333
299.07333,298.57333,296.67334,297.07333,294.07333,295.77335,296.77335,294.77335,295.17334,295.07333,294.97333,295.47333,295.07333,295.37335,295.17334,295.47333,295.47333,296.27335,295.57333,295.87335,294.27335,296.27335,295.57333,295.27335,293.77335,293.87335,294.17334,295.67334,292.87335,293.77335,292.37335,293.07333,294.07333,295.27335,294.87335,292.07333,287.27335,284.37335,281.97333,280.07333,289.87335
298.17334,297.57333,297.17334,295.87335,296.87335,295.87335,295.87335,294.07333,293.47333,293.37335,292.57333,292.47333,291.97333,292.27335,292.27335,293.07333,292.27335,292.87335,292.67334,290.97333,292.67334,293.77335,292.37335,293.07333,292.37335,290.27335,290.77335,291.97333,290.07333,291.47333,289.97333,290.77335,290.67334,289.27335,289.47333,291.37335,292.47333,287.17334,291.67334,291.27335,286.57333
296.67334,295.37335,295.37335,294.17334,294.57333,293.77335,292.87335,293.07333,291.77335,291.77335,291.07333,290.87335,289.47333,289.87335,289.07333,289.87335,289.27335,289.57333,288.67334,288.27335,288.27335,289.27335,289.47333,289.17334,289.37335,289.77335,288.17334,288.27335,287.67334,286.87335,286.87335,288.77335,289.57333,289.97333,289.67334,287.97333,288.37335,289.27335,275.67334,273.67334,269.27335
294.87335,294.67334,293.97333,293.17334,292.37335,292.07333,292.27335,291.17334,290.47333,290.27335,289.27335,288.77335,288.77335,288.67334,287.47333,286.97333,286.87335,286.77335,286.27335,286.77335,286.17334,285.97333,286.77335,287.17334,286.97333,286.47333,287.27335,286.87335,286.57333,285.97333,286.67334,288.37335,290.87335,290.97333,291.07333,289.87335,287.57333,281.87335,277.47333,278.47333,275.07333
292.67334,292.47333,291.87335,290.67334,290.17334,289.87335,289.07333,289.57333,289.37335,287.97333,286.37335,286.97333,287.67334,286.67334,287.27335,286.77335,285.67334,285.87335,285.67334,285.07333,284.57333,284.57333,284.57333,284.67334,283.97333,284.47333,283.07333,285.37335,286.37335,286.07333,286.37335,286.17334,288.07333,289.87335,290.17334,288.47333,283.57333,280.17334,282.87335,280.87335,277.77335
292.47333,292.77335,291.87335,291.27335,289.67334,288.47333,287.37335,286.97333,287.97333,286.67334,283.67334,284.17334,286.17334,284.57333,285.07333,284.87335,283.97333,283.27335,283.47333,283.07333,282.07333,281.87335,281.67334,282.47333,281.67334,283.07333,283.17334,283.97333,284.27335,284.37335,283.67334,284.27335,284.27335,284.77335,285.97333,287.57333,288.07333,288.87335,287.07333,286.87335,285.67334
290.37335,291.77335,291.07333,289.87335,288.87335,287.57333,287.07333,286.37335,285.47333,284.67334,281.57333,280.57333,283.87335,282.57333,283.77335,283.27335,282.97333,281.87335,282.17334,281.07333,281.17334,280.17334,279.77335,279.67334,281.17334,281.57333,282.57333,282.27335,282.47333,282.27335,283.17334,283.07333,283.47333,283.17334,285.47333,284.57333,286.47333,288.47333,287.07333,286.17334,285.67334
289.87335,289.87335,288.57333,290.47333,288.57333,287.57333,285.97333,284.37335,285.07333,284.27335,280.67334,278.57333,280.67334,281.97333,282.67334,282.27335,281.37335,280.57333,281.07333,280.97333,280.97333,280.67334,280.87335,280.77335,280.57333,281.17334,280.57333,280.87335,280.67334,281.27335,281.67334,281.67334,282.07333,281.77335,282.77335,283.47333,284.87335,285.97333,287.07333,286.47333,286.37335
286.37335,285.37335,285.87335,284.37335,284.07333,283.77335,285.47333,283.87335,283.77335,284.97333,283.07333,280.97333,278.87335,280.37335,281.37335,281.67334,281.27335,280.77335,281.17334,280.77335,281.47333,280.87335,280.57333,279.77335,279.77335,279.27335,279.17334,278.57333,278.67334,278.97333,280.27335,282.07333,280.17334,279.97333,280.57333,281.47333,283.97333,283.67334,286.67334,287.27335,287.17334
