wind_kz.json
{"header": {"discipline":0,"disciplineName":"Meteorological products","gribEdition":2,"gribLength":1025,"center":7,"centerName":"US National Weather Service - NCEP(WMC)","subcenter":0,"refTime":"2023-09-20T12:00:00.000Z","significanceOfRT":1,"significanceOfRTName":"Start of forecast","productStatus":0,"productStatusName":"Operational products","productType":1,"productTypeName":"Forecast products","productDefinitionTemplate":0,"productDefinitionTemplateName":"Analysis/forecast at horizontal level/layer at a point in time","parameterCategory":2,"parameterCategoryName":"UnknownDiscipline_0_Category_2","parameterNumber":2,"parameterNumberName":"UnknownParameter_D0_C2_2","parameterUnit":"Unknown","genProcessType":2,"genProcessTypeName":"Forecast","forecastTime":180,"surface1Type":103,"surface1TypeName":"Specified height level above ground","surface1Value":10.0,"surface2Type":255,"surface2TypeName":"Missing","surface2Value":0.0,"gridDefinitionTemplate":0,"gridDefinitionTemplateName":"Latitude_Longitude","numberPoints":615,"shape":6,"shapeName":"Earth spherical with radius of 6,371,229.0 m","gridUnits":"degrees","resolution":48,"winds":"true","scanMode":64,"nx":41,"ny":15,"basicAngle":0,"lo1":47.0,"la1":41.0,"lo2":87.0,"la2":55.0,"dx":1.0,"dy":1.0}, "data":
[rows 0 to 14 of 15, columns 0 to 40 of 41]
-1.3695014,-0.5195013,1.5504986,-1.5695014,0.21049866,-3.8595014,-3.8295014,-3.6095014,-4.7095013,-0.39950135,-1.3495014,-0.31950134,0.12049866,1.8704987,1.3504987,2.0504987,2.0804987,2.3504987,1.3804986,2.0004988,2.4204986,0.71049863,-1.3695014,-0.55950135,-1.0195013,-2.0295014,-2.2195013,-1.8495014,-0.48950136,-0.28950134,-0.92950135,1.4804987,0.34049866,1.2304987,-0.42950135,-0.12950134,-0.9595013,0.52049863,-0.61950135,-0.72950137,-0.8395013
2.4804986,0.11049866,-2.6095014,-2.7595015,-5.6295013,-4.4795012,-2.8995013,-3.0895014,-3.1695013,-2.0795014,-0.81950134,-0.7195013,1.0404986,1.1304986,0.80049866,0.25049865,-1.1795013,-1.4095013,1.0304986,0.46049866,1.4704987,1.0304986,-1.1295013,-1.6895013,-0.21950135,0.58049864,-0.21950135,-0.43950135,-2.8495014,-1.4195013,4.9865723E-4,-0.16950135,-0.9095013,-2.2195013,0.68049866,0.63049865,0.7204987,0.81049865,1.5804987,2.9504986,0.14049865
-1.6795013,-5.249501,-4.1995015,-4.869501,-5.559501,-5.2195015,-3.9995012,-1.4295013,-2.6395013,-1.1395013,-0.21950135,1.3504987,1.0504986,0.21049866,-0.62950134,-0.31950134,-2.3895013,-0.9695013,-1.9695014,-2.4295013,-1.7195014,-1.3795013,-3.1095014,-1.8295014,0.27049866,-0.42950135,-0.74950135,0.07049866,-0.78950137,-0.7695013,-1.1195014,1.9104986,-0.28950134,-0.41950133,-0.15950134,-1.3895013,-1.0395013,-0.009501343,-0.44950134,-1.0995014,2.2904987
-4.269501,-5.8995013,-4.3895016,-6.5095015,-4.7395015,-3.2895014,-1.2995013,-3.1995013,-2.2395012,0.40049866,0.7804987,-0.78950137,0.40049866,-0.98950136,-1.3895013,-0.9695013,-1.4795014,-1.5395013,-0.14950134,1.0404986,-1.0595013,-0.5995014,-0.9695013,-2.7795014,-2.5695014,-2.2095013,-0.48950136,-1.0495013,-0.60950136,-0.27950135,0.11049866,-1.1495013,-2.4295013,-3.4795012,-2.8295014,-1.9695014,-1.7095014,2.1104987,0.31049865,-0.8495014,1.6904987
-6.3895016,-7.6395016,-6.3595014,-4.9395013,-3.3995013,-2.3295014,-2.2195013,-0.93950135,-1.7195014,-1.6595013,-1.7995013,-1.4895014,-1.4795014,-1.4595014,-1.6895013,-1.3095013,-1.4695014,-2.5895014,-3.0795014,-3.6195014,-3.5695014,-4.2395015,-4.3395014,-3.1295013,-2.3295014,-1.8295014,-3.4295013,-1.5495013,-2.0295014,-1.6395013,-1.4995013,-1.7695013,-1.9895014,0.9804987,-0.28950134,0.26049864,-1.6995014,-2.7295012,-2.1795013,-0.9595013,-3.1895013
-3.9595013,-3.3195014,-3.1995013,-2.8895013,-2.1295013,-1.2895013,0.68049866,2.3104987,1.3304987,0.77049863,-0.7695013,-1.4695014,-0.34950134,-1.5095013,-1.3395014,-1.1895013,-2.3095014,-3.1395013,-4.039501,-2.8595014,-4.1495013,-3.8895013,-3.8995013,-3.9095013,-3.6095014,-3.7595015,-2.6195014,-3.7995014,-3.2795014,-2.9895012,-2.2495012,-0.57950133,-3.1295013,-0.99950135,0.6604987,-6.1895013,0.57049865,-3.4495013,0.80049866,-1.4195013,-3.4295013
-1.6595013,-0.06950134,1.0504986,0.67049867,0.08049866,0.80049866,1.7704986,0.7204987,1.4904987,-0.50950134,-0.40950134,-1.4395013,-1.0895014,-1.3995013,-0.61950135,-0.8395013,-1.8995013,-3.1895013,-4.2995014,-4.3395014,-3.0695014,-2.7495012,-2.8295014,-2.9695013,-3.0495014,-3.4795012,-2.6295013,-2.9395013,-3.3795013,-3.6195014,-4.9395013,-7.1095014,-4.4295015,-4.6995015,-3.9495013,-1.7795013,-0.29950133,2.0204988,-4.4095016,3.1504986,0.030498657
-2.9395013,-2.9195013,-2.6095014,-1.8595014,-1.4495014,-0.9095013,-0.42950135,0.030498657,1.6804986,0.80049866,-0.87950134,-0.7195013,-1.5595013,-1.7695013,-0.5995014,-0.86950135,-2.1895013,-3.3295014,-3.3695014,-4.3595014,-2.6195014,-2.4995012,-2.2595015,-2.9895012,-2.0395014,-1.5695014,-2.2295012,-3.3895013,-3.0395014,-2.1495013,-4.079501,-2.5595014,-2.3095014,-0.41950133,-3.4595013,-1.1595013,-1.0395013,-6.3795013,-5.2395015,-6.1995015,-3.2295012
-2.6495013,-2.1895013,-1.6195014,-1.3295014,-0.66950136,-0.31950134,-1.0995014,-1.2695013,-3.0995014,-0.16950135,0.08049866,-1.5595013,-0.8495014,-1.7795013,-1.5195013,-1.5695014,-2.6095014,-3.2295012,-3.4195013,-3.3195014,-3.7895014,-2.3495014,-2.2295012,-2.4395013,-2.3295014,-2.0895014,-1.9395013,-2.2195013,-1.7595013,-2.5795014,-4.539501,-1.5995014,-0.68950135,-2.6095014,-1.1395013,-0.91950136,0.020498658,-2.3195014,-1.3895013,0.13049866,-2.5695014
-2.1595013,-1.0595013,-0.6495013,-0.66950136,-0.18950135,-0.5995014,-1.0795014,-1.4695014,-1.7695013,-2.0595014,0.19049865,-0.5995014,-1.1495013,-1.4995013,-2.4295013,-1.9095013,-2.8495014,-2.5995014,-3.2695014,-3.2195013,-3.6295013,-3.1495013,-2.8595014,-2.9395013,-3.6695013,-4.369501,-3.7595015,-4.619501,-3.4695013,-3.0895014,-1.8595014,-1.5495013,-1.4195013,-1.6295013,-0.92950135,-1.1095014,-1.4995013,-0.009501343,-2.2895014,-0.20950134,-1.7395014
-1.0595013,-0.7795013,-0.50950134,-0.14950134,-1.0695014,-1.3295014,-0.20950134,-1.2795013,-1.7895013,-1.1895013,-1.6295013,-1.1795013,-1.5795014,0.43049866,-2.6395013,-2.2295012,-2.8295014,-1.8995013,-3.1995013,-3.4495013,-3.1895013,-3.2095013,-3.2995014,-3.4695013,-2.9595013,-3.4795012,-3.2895014,-2.7795014,-2.9995012,-2.1695013,-2.5195014,-2.6195014,-2.8695014,-2.1495013,-1.0095013,-0.68950135,-1.2495013,-0.26950133,-0.9595013,0.9804987,-1.4195013
-0.119501345,-0.5295013,-0.30950135,-1.0795014,-0.40950134,-0.34950134,-0.35950133,-1.6195014,-0.63950133,-1.0195013,-1.3995013,-0.47950134,-1.0195013,-2.4195013,-1.8595014,-1.8795013,-2.1595013,-1.8095013,-2.6995013,-1.8795013,-2.9695013,-2.7495012,-3.1695013,-2.8195014,-2.6795013,-2.8695014,-2.9395013,-2.5195014,-2.6595013,-2.6795013,-2.3895013,-2.6995013,-1.9795014,-2.8295014,-2.0095015,-2.4895012,-2.6795013,-0.9595013,-0.31950134,-0.54950136,-0.61950135
0.42049867,1.2504987,0.81049865,-0.049501345,0.06049866,-0.19950134,-0.86950135,-1.2995013,-1.6995014,-0.12950134,-0.75950134,-1.4595014,-0.54950136,-1.1895013,-0.20950134,-0.41950133,-0.8395013,-0.99950135,-1.0995014,-1.7395014,-1.8695014,-1.1595013,-0.32950133,-0.7095013,-0.60950136,-1.0495013,-1.0995014,-1.7595013,-1.6895013,-1.2795013,-1.2195014,-1.4395013,-1.5795014,-1.8795013,-1.5695014,-2.1195014,-1.8695014,-1.3395014,-2.1995013,-1.2895013,-0.8495014
1.1804986,0.9104987,1.6504986,0.010498657,-0.22950134,-0.35950133,-0.78950137,-1.1195014,0.29049864,0.07049866,-0.8395013,-1.4295013,0.24049866,0.6004987,1.0304986,-1.0695014,-0.27950135,-0.36950135,-0.23950134,-0.5195013,-0.72950137,0.26049864,0.04049866,0.21049866,0.46049866,0.45049867,0.26049864,0.68049866,0.77049863,1.1104987,1.1804986,1.2204987,1.0904987,1.1604986,1.0604987,1.1004987,0.61049867,0.010498657,-0.26950133,0.34049866,-0.48950136
0.68049866,1.2804986,1.0804987,0.31049865,-0.20950134,-0.41950133,0.40049866,-0.74950135,0.34049866,-0.88950133,-0.97950137,-0.50950134,-0.079501346,0.69049865,0.010498657,0.29049864,0.39049867,0.99049866,0.6004987,1.2704986,0.9804987,1.1404986,1.2904986,1.5104986,1.8104987,2.0104988,2.1604986,2.6004987,2.5004988,2.7304986,2.9804986,2.8104987,2.6604986,2.8304987,2.5504987,3.0304987,1.1604986,2.4604986,2.2504988,1.3404987,-0.74950135
