wind_kz.json
{"header": {"discipline":0,"disciplineName":"Meteorological products","gribEdition":2,"gribLength":1025,"center":7,"centerName":"US National Weather Service - NCEP(WMC)","subcenter":0,"refTime":"2023-09-10T12:00:00.000Z","significanceOfRT":1,"significanceOfRTName":"Start of forecast","productStatus":0,"productStatusName":"Operational products","productType":1,"productTypeName":"Forecast products","productDefinitionTemplate":0,"productDefinitionTemplateName":"Analysis/forecast at horizontal level/layer at a point in time","parameterCategory":2,"parameterCategoryName":"UnknownDiscipline_0_Category_2","parameterNumber":3,"parameterNumberName":"UnknownParameter_D0_C2_3","parameterUnit":"Unknown","genProcessType":2,"genProcessTypeName":"Forecast","forecastTime":60,"surface1Type":103,"surface1TypeName":"Specified height level above ground","surface1Value":10.0,"surface2Type":255,"surface2TypeName":"Missing","surface2Value":0.0,"gridDefinitionTemplate":0,"gridDefinitionTemplateName":"Latitude_Longitude","numberPoints":615,"shape":6,"shapeName":"Earth spherical with radius of 6,371,229.0 m","gridUnits":"degrees","resolution":48,"winds":"true","scanMode":64,"nx":41,"ny":15,"basicAngle":0,"lo1":47.0,"la1":41.0,"lo2":87.0,"la2":55.0,"dx":1.0,"dy":1.0}, "data":
[rows 0 to 14 of 15, columns 0 to 40 of 41]
-1.8927906,0.72720945,-1.9127905,-6.8227906,-8.982791,-7.1227903,-2.5327904,0.9272095,-1.0127906,-0.9227905,-2.4027905,-1.8227905,-1.6427906,-2.5127904,-3.3927906,-3.7427905,-4.7927904,-3.9827905,-6.5927906,-3.5627906,-0.0027905274,-1.9427905,-2.3327906,0.31720948,-0.97279054,-0.06279053,-1.2927905,2.1072094,2.0472095,-0.48279053,-2.1827905,-3.2727904,1.2872095,-0.72279054,-1.3527905,-2.9927905,1.0572095,1.2072095,-0.10279053,-2.1127906,1.1972095
0.11720947,-0.32279053,-1.6927905,-1.6527905,-7.1827908,-9.132791,-4.6127906,-2.0827906,0.067209475,0.31720948,-0.78279054,-1.6027905,-1.7927905,-1.7627906,-3.4027905,-3.4227905,-2.0927906,-3.1827905,-5.5127907,-4.5827904,-4.1927905,-3.6027906,-2.2427905,1.4472095,0.6372095,1.1072094,-1.2827905,3.3072095,1.1272094,3.0172095,4.1072097,3.6072094,0.41720948,-1.9127905,-0.9827905,-2.5527906,-2.5927906,-5.4227905,-2.6027906,-1.0127906,0.017209472
0.85720944,4.3572097,1.8172095,-1.0927905,-3.7527905,-1.8827906,-1.8227905,-2.1027906,-2.3927906,-1.5927905,0.31720948,0.31720948,-0.022790527,-0.41279054,-1.0027906,-1.6327906,-2.0427904,-2.9027905,-3.3327906,-3.7027905,-3.6027906,-3.5627906,-1.8327905,-0.16279052,0.65720946,1.3972095,0.72720945,-0.032790527,-0.17279053,-0.112790525,2.6272094,0.4372095,0.16720948,0.8872095,0.7572095,0.22720948,-0.022790527,0.38720948,0.26720947,-1.4727905,-1.3927906
2.3172095,4.0672092,3.3772094,-0.082790524,-1.1327906,-0.65279055,-0.9427905,-0.27279052,0.78720945,0.32720947,-0.26279053,-0.59279054,-0.39279053,-0.8827905,-1.8027905,-2.1627905,-2.2927904,-2.9127905,-2.6727905,-3.1527905,-2.8927906,-1.3427905,-1.0627905,0.7972095,0.9372095,0.007209473,-0.10279053,-0.42279053,0.18720947,-1.7427906,-3.7127905,-2.3127906,1.6772095,-2.3127906,0.057209473,0.5472095,1.6372094,2.4972095,-1.1627905,1.1172094,1.9772094
2.2972095,2.9972095,2.0772095,1.3272095,0.33720946,-1.4127905,-1.8427905,-1.3027905,0.9272095,0.47720948,0.5072095,-0.32279053,-0.6827905,-1.4527905,-0.66279054,-1.1527905,-1.4027905,-1.6027905,-1.3427905,-1.6427906,-1.5027906,-1.1527905,-0.38279054,0.16720948,1.0072094,1.5872095,1.9472095,1.2972095,2.0672095,0.83720946,0.39720947,0.12720947,2.6172094,2.3272095,-0.072790526,2.0972095,0.08720947,-1.4827905,0.36720946,2.4572096,-0.082790524
3.9972095,0.8272095,0.8772095,1.0972095,0.5172095,0.83720946,0.38720948,-1.2827905,1.5372095,2.2572095,1.5372095,-1.2327905,-2.5527906,-3.0727906,-3.0027905,-1.7727906,-0.9527905,-0.84279054,-0.65279055,-0.22279052,-0.43279052,0.21720947,-0.39279053,-0.44279054,0.8672095,1.0072094,2.0072095,1.9472095,2.4472094,2.3672094,2.7072096,1.7972095,0.4072095,3.2672095,2.8472095,2.4972095,1.7772095,1.0672095,1.6972095,5.3172092,2.7572095
1.0472095,1.7672095,3.1272094,2.9172094,1.0972095,1.2572094,0.7572095,1.5372095,0.96720946,0.9972095,1.1272094,0.5072095,-1.3627906,-1.7227905,-1.9527905,-2.8527906,-1.4127905,-1.0127906,-0.83279055,-1.0327905,-0.6127905,1.0572095,2.1672094,1.7072095,1.4872094,1.8372095,1.6872095,2.4472094,2.0172095,2.3872094,2.9672096,1.2372094,1.2072095,3.0872095,1.1872095,-0.28279054,-1.9827905,1.0072094,0.70720947,1.5772095,1.2872095
-1.5727905,1.6872095,0.9272095,2.4972095,2.9072094,2.5972095,0.8672095,1.5172095,0.34720948,-0.5727905,-0.47279054,-1.3527905,-0.8827905,-3.1227906,-2.6927905,-1.9827905,-2.0327904,-2.6827905,-1.7127905,-1.3927906,-1.5927905,-1.8927906,-0.012790527,1.8572094,2.4872096,3.8772094,3.4772096,3.3072095,3.4572096,4.0672092,4.5072093,4.0172095,2.7972095,4.8472095,6.3072095,3.3072095,2.1772094,0.5572095,0.65720946,0.6972095,-0.45279053
-2.6727905,-0.5127905,0.44720948,0.32720947,1.5072094,2.0172095,1.3272095,1.6572095,0.25720948,-0.24279052,0.12720947,-1.2327905,-1.8727906,-2.2727904,-2.9727905,-3.3627906,-4.1627903,-3.8127906,-3.6827905,-3.9727905,-3.0227904,-3.5027905,-3.8127906,-3.2727904,-4.0027905,-2.0927906,4.4272094,4.5472093,5.9872093,5.1272097,5.3572097,5.9672093,5.4372096,4.8772097,5.8472095,3.0772095,-0.27279052,3.1472094,1.7972095,1.0972095,0.6972095
-3.8227906,-0.3427905,-1.1927905,-0.78279054,0.5472095,0.25720948,-0.3127905,-0.85279053,0.28720948,0.38720948,-0.71279055,0.47720948,-1.3527905,-2.0527906,-2.4127905,-3.6127906,-3.3427906,-2.9727905,-2.9127905,-2.1227906,-1.3027905,-0.6727905,-2.3727906,-2.4127905,-1.6027905,-0.6827905,0.97720945,0.37720948,5.5672092,6.1072097,5.8772097,4.6872096,5.7572093,5.5372095,3.1172094,2.9572096,0.8872095,0.83720946,1.9472095,3.6172094,3.0972095
-2.3927906,-1.6727905,-0.64279056,-0.72279054,-1.5427905,-0.8727905,-1.2527906,-0.46279052,-0.8027905,-0.37279052,-0.27279052,-0.25279054,-2.2727904,-2.7227905,-3.1827905,-3.5527906,-3.8927906,-3.4127905,-3.0727906,-3.4227905,-2.9827905,-3.3827906,-3.7327905,-5.5127907,-2.4427905,0.007209473,1.2372094,2.5172095,3.8472095,4.4672093,4.8672094,5.2272096,8.7872095,1.0972095,5.2772093,2.4372094,1.3172095,2.7472095,2.3672094,1.6972095,0.46720946
-0.85279053,-0.8027905,-0.64279056,-0.33279052,-0.45279053,-0.43279052,-0.6127905,-0.7427905,-2.0427904,-1.5427905,-1.3227905,-2.3827906,-2.8827906,-2.8127906,-3.0927906,-3.3127906,-3.3927906,-4.3127904,-4.3327904,-3.2627904,-3.3827906,-4.9527907,-5.3727903,-6.7427907,-6.2527905,-4.3027906,-4.1927905,-0.65279055,1.5572095,2.7672095,3.6972094,5.1772094,3.0172095,3.9972095,2.7672095,4.9272094,2.5172095,3.3772094,2.7072096,1.9072095,1.3372095
-0.21279053,-0.22279052,-0.38279054,-0.48279053,0.04720947,-0.21279053,0.027209472,0.18720947,-1.2027905,-0.072790526,-1.0727905,-1.6927905,-2.5627906,-3.2827904,-3.1827905,-3.5127904,-2.9727905,-3.1827905,-4.3227906,-3.9627905,-4.4227905,-4.8327904,-6.2827907,-5.8327904,-6.7327905,-5.3827906,-4.5227904,-3.1127906,0.6972095,1.6172094,2.4772096,2.7872095,-0.41279054,2.6272094,3.2772095,3.2572095,1.9872094,1.3372095,1.2872095,0.25720948,0.44720948
-1.3927906,-2.1127906,-1.4427905,-1.2527906,-0.72279054,-0.44279054,-1.3227905,-1.3527905,-0.20279053,0.057209473,0.45720947,-0.9427905,-1.2827905,-2.0627906,-2.9327905,-3.3027906,-3.7727904,-3.5327904,-4.2827907,-4.3227906,-4.5827904,-4.6827908,-5.8427906,-6.7527905,-6.9527907,-6.1827908,-5.3527904,-3.7027905,-1.5027906,-0.18279053,1.1272094,1.4872094,0.91720945,2.0572095,1.0472095,1.6372094,2.0172095,0.7472095,-0.12279053,0.38720948,0.36720946
-1.6127906,-2.0027905,-2.6027906,-0.59279054,-1.1927905,-1.1127906,-1.3427905,-1.3527905,-1.1827905,-0.032790527,-0.49279052,0.057209473,0.26720947,-0.90279055,-3.0327904,-2.7927904,-3.4927905,-3.6327906,-3.7527905,-4.6427903,-4.7827907,-5.1227903,-5.7527905,-6.0627904,-6.3127904,-6.4627905,-6.0127907,-5.1127906,-3.7927904,-3.1727905,-1.0527905,0.6372095,1.0372095,1.8772094,2.2972095,2.8072095,2.1572094,1.9472095,0.65720946,1.2172095,0.47720948
