wind_kz.json
{"header": {"discipline":0,"disciplineName":"Meteorological products","gribEdition":2,"gribLength":1025,"center":7,"centerName":"US National Weather Service - NCEP(WMC)","subcenter":0,"refTime":"2025-04-04T18:00:00.000Z","significanceOfRT":1,"significanceOfRTName":"Start of forecast","productStatus":0,"productStatusName":"Operational products","productType":1,"productTypeName":"Forecast products","productDefinitionTemplate":0,"productDefinitionTemplateName":"Analysis/forecast at horizontal level/layer at a point in time","parameterCategory":2,"parameterCategoryName":"UnknownDiscipline_0_Category_2","parameterNumber":2,"parameterNumberName":"UnknownParameter_D0_C2_2","parameterUnit":"Unknown","genProcessType":2,"genProcessTypeName":"Forecast","forecastTime":240,"surface1Type":103,"surface1TypeName":"Specified height level above ground","surface1Value":10.0,"surface2Type":255,"surface2TypeName":"Missing","surface2Value":0.0,"gridDefinitionTemplate":0,"gridDefinitionTemplateName":"Latitude_Longitude","numberPoints":615,"shape":6,"shapeName":"Earth spherical with radius of 6,371,229.0 m","gridUnits":"degrees","resolution":48,"winds":"true","scanMode":64,"nx":41,"ny":15,"basicAngle":0,"lo1":47.0,"la1":41.0,"lo2":87.0,"la2":55.0,"dx":1.0,"dy":1.0}, "data":
[rows 0 to 14 of 15, columns 0 to 40 of 41]
-2.7299097,0.19009033,3.5300903,6.63009,4.19009,5.92009,7.0400906,5.98009,-2.4599097,-7.6699095,-6.61991,-5.9099097,-5.22991,-4.0899096,-4.0699096,-2.6499097,-1.1999097,0.35009032,-1.1099097,0.57009035,1.8700904,-1.3099097,0.20009033,0.10009033,2.5500903,2.4100904,-0.37990966,0.83009034,-0.8299097,0.43009034,-2.0599096,0.8600903,0.78009033,-0.54990965,-2.5399096,-0.71990967,1.3300903,-2.4999096,-2.0699096,-0.19990967,1.1500903
-1.6699097,2.3300903,7.98009,6.4500904,4.25009,4.44009,4.50009,1.6100904,-6.1299095,-6.9499097,-6.55991,-4.7399096,-3.9399097,-2.8399096,-2.7799096,-3.0399096,-2.9699097,-2.7999096,0.33009034,1.8100903,1.4500903,0.32009032,0.84009033,-2.3099096,1.1900903,1.0500903,-1.0699097,0.83009034,1.3800904,0.15009034,1.0500903,-1.2199097,0.88009036,-1.4999096,-0.30990967,-0.009909668,-0.26990968,0.83009034,-0.009909668,2.3900902,-1.7099097
4.48009,7.5500903,6.46009,2.2400904,1.9800904,3.2300904,2.7300904,-0.32990968,-5.5899096,-4.0699096,-2.4199097,-1.5999097,-1.1899097,-1.8099097,-2.7999096,-0.30990967,-1.3599097,-0.5099097,2.2100904,2.5500903,2.0700903,2.3700902,3.0100904,3.4000902,1.8500904,-0.36990967,-1.9599097,0.32009032,-2.6499097,-1.0299096,-0.5199097,2.5700903,-0.36990967,-0.48990968,-0.20990966,-1.2199097,-1.4799097,0.64009035,-1.0099096,0.52009034,2.1100903
5.2800903,4.3300905,2.7000904,-0.059909668,-2.9499097,-0.85990965,3.4500904,-0.20990966,-1.6499096,-3.0799096,-4.61991,-3.8699098,-3.4199097,-3.0799096,1.0400903,1.3200903,1.3500904,2.2400904,2.2000904,5.21009,1.5900903,1.6100904,3.5700903,2.5000904,-0.38990965,-4.8599095,-3.8299096,-3.2699096,-3.0399096,-7.47991,4.4100904,0.40009034,-0.16990967,-2.5699096,-2.7499096,-2.7699096,-2.7299097,1.8200903,-0.049909666,-1.2399096,-2.3799098
1.9400903,4.8000903,2.0500903,0.38009033,-0.8399097,-0.65990967,-0.8299097,-0.32990968,-2.3299096,-1.7399096,-2.4899096,-1.8499097,-0.38990965,-0.15990967,-0.42990968,0.84009033,2.1300902,4.3500905,4.0800905,7.1000905,5.2900906,2.7900903,1.2000903,-2.7299097,-4.09991,-4.1399097,-9.71991,-2.2099097,-4.57991,-5.0699096,-2.8199096,0.5400903,1.6800903,0.47009033,-2.2499096,-0.71990967,-3.7699096,-6.76991,-6.3599095,-6.47991,-5.9099097
-0.39990968,2.0300903,4.0500903,4.6800904,3.1800904,1.6800903,0.46009034,0.38009033,1.8500904,0.38009033,-1.5199096,-2.3199096,0.41009033,2.3500903,2.6900904,2.4800904,2.7600904,3.2800903,3.4300904,4.1200905,0.35009032,2.8800902,0.10009033,-1.8599097,-3.4699097,-4.4199095,-1.1599097,-4.1699095,-6.1299095,-5.4199095,-2.5799096,-0.8799097,-4.2799096,-6.4699097,-3.7799096,-4.0499096,-0.9599097,-4.0299096,-2.2399096,-3.4099097,-6.24991
1.7400904,2.2500904,2.2200904,2.8500903,-0.11990967,4.13009,4.8600903,4.27009,3.9900904,5.00009,3.8000903,4.1100903,1.0200903,1.7600904,2.9300904,3.1400902,3.3700902,1.2600904,2.0200903,0.7300903,-0.7599097,-0.47990966,-2.6099098,-1.9299097,-2.1299098,-2.7599096,-3.2299097,-0.8899097,-3.4399097,-1.0599097,-0.42990968,-1.8999096,-2.2199097,-3.1399097,-4.7799096,-2.3799098,-1.8399097,2.2600904,-2.5299096,1.3000903,2.0700903
3.6000903,4.7000904,5.25009,5.5400906,5.1000905,4.3600903,1.8500904,-0.23990966,-0.38990965,4.5600905,4.8000903,4.73009,7.8300905,3.5200903,3.3900902,3.5900903,2.7700903,2.4800904,2.2300904,1.7500904,0.29009032,-0.65990967,-1.9199097,-2.7499096,-2.9999096,-0.86990964,-0.46990967,-1.2099097,-0.5799097,-2.6199098,-1.9899096,-1.0499097,-3.0199096,-0.97990966,-3.6799097,-3.3099096,-4.82991,-3.7999096,-1.7299097,0.07009033,-1.5299096
2.2600904,2.7200904,1.1600903,0.36009035,1.4600903,6.0500903,3.0600903,4.40009,3.8400903,2.3000903,2.0100904,5.7900906,5.8500905,5.4300904,3.4800904,2.2600904,1.8200903,1.4400903,2.2000904,2.7300904,1.4300903,1.7500904,1.4600903,-0.6899097,-1.2699096,-2.0699096,-1.2999097,-1.6199096,-0.98990965,-0.48990968,0.28009033,-0.9599097,-1.2099097,-2.5799096,-2.4899096,-3.0799096,-1.7099097,-1.7399096,-1.6799097,-0.7599097,-2.1199098
1.2900903,3.3100903,3.7500904,4.2200904,1.7600904,4.2200904,3.5300903,1.3300903,0.120090336,-1.5199096,3.3500903,4.1600904,2.9500904,2.8600903,3.1300902,2.7500904,2.5000904,1.4100903,1.6800903,1.8100903,2.6100903,2.5400903,2.5400903,2.2800903,1.2600904,1.1800903,0.8700903,0.95009035,0.5500903,-0.09990967,-0.67990965,-1.8299097,-1.6199096,-3.3399096,-2.0999098,-2.2599096,-2.3999097,-0.84990966,-1.5999097,1.1300904,-0.74990964
2.0700903,2.7500904,2.3300903,4.0600905,3.3200903,3.4000902,3.3600903,1.7600904,1.8800904,0.65009034,-0.44990966,-0.47990966,1.9500903,6.1000905,3.1200902,-0.9399097,-0.97990966,2.7000904,2.5700903,3.5000904,3.4100904,2.8200903,2.8600903,2.8200903,2.2200904,1.8800904,1.5700903,2.0900903,2.3400903,1.5500903,2.9900904,1.5600903,-0.089909665,-0.5099097,-0.5299097,-0.96990967,-1.5299096,0.5400903,-0.47990966,1.0700903,-0.66990966
1.5400903,2.4800904,2.6200902,2.6000903,3.3300903,3.4200904,2.7200904,0.42009032,0.31009033,0.64009035,1.1100904,2.6000903,2.9500904,3.9400904,2.7800903,4.8200903,5.69009,6.42009,3.0800903,0.6600903,0.6200903,4.3200903,4.3100905,4.3100905,4.71009,3.7100904,2.8900902,2.5500903,3.0300903,2.9300904,2.4100904,2.6200902,1.3400903,1.1100904,0.6100903,1.6700903,0.45009032,-0.37990966,-0.38990965,-0.7699097,-0.90990967
1.6900903,2.7100904,2.4700904,3.3000903,2.3300903,3.4500904,1.2300904,0.94009036,2.2600904,0.51009035,-0.45990968,0.50009036,1.7400904,0.83009034,0.8000903,2.7800903,2.3900902,1.8900903,1.1800903,3.7800903,6.3900905,6.3000903,3.0600903,1.4800904,2.1700904,5.5100904,6.5300903,5.8100905,5.1000905,4.17009,3.3000903,3.1500902,2.5200903,2.7900903,2.3700902,2.0800903,1.9300903,0.78009033,-0.40990967,-0.39990968,-1.1399096
2.4000902,2.5000904,1.8200903,2.1000903,0.0100903325,-0.5199097,2.2100904,1.1200904,9.033203E-5,0.28009033,-0.55990964,9.033203E-5,0.6800903,-0.24990967,0.15009034,0.38009033,1.1700903,1.1200904,0.57009035,2.6400902,0.090090334,1.1000904,1.6400903,4.3700905,5.92009,6.2800903,6.48009,3.6400902,5.15009,3.1800904,4.38009,4.5300903,3.9700904,3.8500903,2.4600904,2.2600904,2.2500904,1.5500903,2.3400903,2.1800904,1.4000903
2.0200903,3.0800903,3.5900903,1.9300903,1.1200904,-0.5699097,-0.91990966,-0.46990967,-0.39990968,-0.65990967,-0.48990968,0.57009035,0.23009034,1.0400903,1.8100903,2.2400904,2.7700903,2.3300903,1.9200903,2.1000903,2.0400903,1.7600904,2.0500903,3.0900903,2.6800904,3.3100903,5.7900906,5.6200905,6.3900905,6.3000903,4.94009,5.6200905,6.1000905,5.8400903,4.5600905,2.8800902,2.0700903,2.9100904,2.5100904,2.3000903,1.9600903
