wind_kz.json
{"header": {"discipline":0,"disciplineName":"Meteorological products","gribEdition":2,"gribLength":1025,"center":7,"centerName":"US National Weather Service - NCEP(WMC)","subcenter":0,"refTime":"2023-08-26T06:00:00.000Z","significanceOfRT":1,"significanceOfRTName":"Start of forecast","productStatus":0,"productStatusName":"Operational products","productType":1,"productTypeName":"Forecast products","productDefinitionTemplate":0,"productDefinitionTemplateName":"Analysis/forecast at horizontal level/layer at a point in time","parameterCategory":2,"parameterCategoryName":"UnknownDiscipline_0_Category_2","parameterNumber":2,"parameterNumberName":"UnknownParameter_D0_C2_2","parameterUnit":"Unknown","genProcessType":2,"genProcessTypeName":"Forecast","forecastTime":120,"surface1Type":103,"surface1TypeName":"Specified height level above ground","surface1Value":10.0,"surface2Type":255,"surface2TypeName":"Missing","surface2Value":0.0,"gridDefinitionTemplate":0,"gridDefinitionTemplateName":"Latitude_Longitude","numberPoints":615,"shape":6,"shapeName":"Earth spherical with radius of 6,371,229.0 m","gridUnits":"degrees","resolution":48,"winds":"true","scanMode":64,"nx":41,"ny":15,"basicAngle":0,"lo1":47.0,"la1":41.0,"lo2":87.0,"la2":55.0,"dx":1.0,"dy":1.0}, "data":
[rows 0 to 14 of 15, columns 0 to 40 of 41]
0.20859863,1.2385986,-1.1214013,-2.5614014,-2.5214014,-3.0014014,-1.5714014,-1.9214014,-2.1914015,-2.1114013,-1.3514013,-1.4714013,-1.8414013,-1.1414014,-1.0014014,-1.0114014,-0.64140135,0.16859864,-0.0014013671,-0.41140136,-0.20140137,0.26859865,2.2585986,3.1885986,-1.7214013,-4.951401,5.008599,4.8085985,0.45859864,2.0985987,-1.5714014,1.7185986,0.7185986,-0.83140135,-1.0814013,1.9785986,2.0485985,1.2585987,2.0885987,2.2585986,3.0385985
-1.5114014,-2.6014013,-4.6814013,-4.5214014,-3.3514013,-2.3014014,0.32859862,0.8985986,0.7785986,1.0785986,1.5685986,2.0285985,2.3585987,2.2185986,2.3285987,1.8885987,0.25859863,0.08859863,1.1085986,2.6985986,2.4485986,2.1685987,1.7185986,3.7285986,3.0585985,1.5385987,-0.24140137,1.6185986,3.4085987,2.5485985,0.8385986,-0.19140136,-1.0414014,0.30859864,0.46859863,-1.0214014,0.49859864,1.0685986,0.31859863,-0.40140137,-0.70140135
-1.3914014,-4.781401,-3.8914013,-2.9614015,-2.6614013,-1.0814013,-0.77140135,-1.7214013,1.2585987,1.6485987,1.7285986,2.3985987,3.9385986,3.9385986,5.488599,5.1085987,5.6585984,5.008599,2.5885987,2.5785987,3.0085986,4.4985986,3.5985987,5.4385986,0.5785986,0.20859863,-1.4914013,0.55859864,2.3185987,-1.2714014,1.7285986,-2.5814013,-0.45140135,-1.5514014,-3.6614013,-0.47140136,-0.42140138,-0.011401367,-0.59140134,-0.22140136,0.35859862
-3.9614015,-2.7614014,-1.7114013,-0.7314014,-0.19140136,0.98859864,1.7285986,3.1785986,1.0385987,1.8285986,3.2585986,4.4385986,6.1385984,6.2885985,7.1685987,6.528599,6.0985985,6.7285986,6.4185987,5.4085984,3.7585986,4.7685986,0.46859863,2.3985987,2.9885986,1.8285986,2.0685987,4.1585984,4.7285986,2.6085987,2.9585986,1.5385987,6.4785986,5.8085985,5.9985986,4.048599,0.9685986,0.038598634,-1.9814013,0.98859864,-6.701401
-1.9414014,-0.33140138,1.2485986,2.6085987,4.6685987,4.1885986,3.6785986,5.1585984,5.5585985,5.468599,6.0385985,6.298599,6.5585985,6.3885984,6.0785985,8.538599,7.9285984,7.1085987,6.8785987,6.738599,7.1385984,7.2085986,6.2485986,5.6285987,5.4085984,6.3985987,6.508599,2.2685986,7.198599,6.1585984,5.2285986,2.9485986,1.6885986,1.2785987,-5.241401,-4.3514013,6.718599,-0.69140136,-2.6014013,-1.9814013,-4.3414016
0.13859864,1.1285987,0.66859865,1.9585986,3.3285987,4.0785985,4.4985986,4.4285984,6.218599,6.5185986,6.6685987,7.8085985,6.1385984,7.198599,7.8485985,7.0185986,8.168598,6.9585986,8.168598,7.8185987,7.8385987,7.4385986,8.998599,7.8485985,7.6685987,7.3685985,8.0585985,4.4085984,7.258599,6.278599,8.0985985,6.2485986,3.4085987,1.7085986,3.6585987,6.9185987,7.6685987,5.9185987,4.6085987,0.16859864,0.038598634
-1.0114014,0.98859864,2.4085987,3.2385986,3.4585986,3.7385986,4.0785985,4.8285985,6.1585984,6.4785986,7.8185987,7.048599,7.238599,7.488599,7.9385986,8.238599,7.9085984,8.618599,7.6685987,9.358599,8.908599,9.028599,8.988599,9.588598,9.5985985,8.918598,8.858599,7.8785987,7.1185985,6.6685987,8.958599,6.488599,5.488599,7.4185987,5.8585987,-0.49140137,2.2385986,1.8585986,7.0785985,3.3685987,2.6085987
-0.08140137,1.8785987,2.3985987,3.1285987,3.3285987,3.3885987,3.7685986,4.0785985,5.6885986,7.0885987,6.5785985,7.1085987,7.0185986,8.478599,7.9985986,8.218598,8.618599,8.688599,9.298598,9.258598,9.948599,9.428598,8.658599,8.5985985,8.788599,8.828599,8.278599,7.798599,8.008598,7.4385986,7.1085987,7.5785985,3.8985987,7.758599,5.0885987,6.3685985,9.118599,6.258599,4.548599,-5.5614014,-3.4014013
0.7085986,0.80859864,1.7585987,1.0985986,1.0985986,2.5885987,3.4285986,4.3885984,6.1185985,5.6185985,6.528599,6.3785987,8.368599,9.208599,7.778599,8.718598,9.768599,9.418598,10.128598,8.878598,9.288599,9.608599,8.988599,8.268599,8.418598,8.148599,8.648599,8.258598,7.3385987,7.1485987,6.7685986,7.028599,8.448599,5.1085987,3.3985987,3.5885987,5.028599,4.1085987,-1.2514014,-0.9714014,1.3585986
0.5785986,1.1885986,1.0785986,1.9285986,2.0685987,2.7885985,3.0585985,3.5985987,4.988599,6.1085987,5.4185987,6.448599,7.758599,8.138598,8.178598,6.9385986,3.8785987,3.6385987,6.4585986,7.6885986,8.338598,9.488599,8.508598,7.468599,7.4985986,8.128598,8.118599,7.9585986,7.4285984,7.8185987,6.4785986,7.1785984,4.1785984,3.1085987,3.6685987,3.6885986,7.3485985,2.3185987,3.0885987,1.3285986,-0.95140135
0.5285986,0.34859863,0.5285986,1.4885986,2.5485985,2.8285987,3.0485985,3.4585986,3.8085985,4.7285986,5.1385984,5.8985987,5.5885987,3.4085987,3.7285986,4.7885985,7.3685985,8.338598,8.768599,8.0985985,7.1385984,5.988599,6.5885987,5.7485986,5.9785986,6.798599,7.8985987,7.3485985,8.128598,7.0685987,8.028599,7.1085987,4.9585986,2.2485986,0.07859863,3.7585986,3.3485987,2.2185986,-0.34140137,-0.09140137,-0.13140136
-0.21140137,-0.24140137,1.0885986,1.6585987,1.8385986,2.1885986,2.6985986,3.0285985,3.1385987,2.6885986,3.6485987,4.1185985,2.2185986,2.9185987,3.9285986,5.198599,6.2885985,7.468599,7.6485987,8.038599,7.8185987,6.7685986,7.7285986,7.6085987,6.3085985,7.4385986,8.238599,7.238599,7.7285986,7.9185987,7.238599,6.3685985,3.3985987,4.488599,2.5785987,3.1985986,6.4285984,7.1285987,5.9185987,-1.2514014,-1.1714014
-0.49140137,0.37859863,1.0185987,0.72859865,1.5685986,1.1485987,1.6985986,1.7885987,2.2785985,3.0685987,2.0085986,2.3685987,2.9285986,1.9985986,2.7785985,4.6785984,5.6185985,5.3185987,3.8785987,4.9785986,5.0885987,1.2085986,2.7985985,6.1385984,5.1385984,5.3685985,6.1185985,6.5185986,7.528599,8.128598,7.7885985,3.9985986,4.1485987,3.4185987,4.948599,5.698599,4.1185985,3.7885985,6.0585985,-4.3914013,-1.5314014
0.39859864,0.59859866,2.5185986,1.1885986,1.4185987,2.0985987,0.62859863,1.4185987,1.8985987,2.7285986,1.8285986,1.6785986,3.2885985,0.7585986,2.3785987,3.0685987,2.9985986,1.4185987,0.21859863,-2.2314014,-2.8914013,-0.7814014,2.8385987,3.1885986,3.1885986,3.3285987,4.258599,5.3385987,4.948599,0.5685986,1.6685987,2.6285987,5.0385985,3.0785987,5.3185987,3.3585987,4.7685986,2.3185987,-3.7214015,-1.7614014,-3.1514013
-0.111401364,0.7085986,-0.6014014,0.41859862,0.9585986,1.0885986,1.5985986,1.4485986,1.4885986,0.90859866,0.36859864,1.5785986,1.2585987,2.6785986,1.9685986,1.7085986,-0.0014013671,-0.9314014,-0.7214014,-0.82140136,-2.8114014,-3.6914015,-2.0814013,-1.3314013,1.8585986,1.7285986,4.008599,2.7385986,-0.18140137,-0.8514014,0.44859862,5.1185985,5.488599,5.3485985,5.8585987,5.9785986,3.0685987,0.068598635,-3.7614014,-3.2614014,-2.6114013
