wind.json
{"header": {"discipline":0,"disciplineName":"Meteorological products","gribEdition":2,"gribLength":1125,"center":7,"centerName":"US National Weather Service - NCEP(WMC)","subcenter":0,"refTime":"2023-07-01T00:00:00.000Z","significanceOfRT":1,"significanceOfRTName":"Start of forecast","productStatus":0,"productStatusName":"Operational products","productType":1,"productTypeName":"Forecast products","productDefinitionTemplate":0,"productDefinitionTemplateName":"Analysis/forecast at horizontal level/layer at a point in time","parameterCategory":2,"parameterCategoryName":"UnknownDiscipline_0_Category_2","parameterNumber":2,"parameterNumberName":"UnknownParameter_D0_C2_2","parameterUnit":"Unknown","genProcessType":2,"genProcessTypeName":"Forecast","forecastTime":0,"surface1Type":103,"surface1TypeName":"Specified height level above ground","surface1Value":10.0,"surface2Type":255,"surface2TypeName":"Missing","surface2Value":0.0,"gridDefinitionTemplate":0,"gridDefinitionTemplateName":"Latitude_Longitude","numberPoints":688,"shape":6,"shapeName":"Earth spherical with radius of 6,371,229.0 m","gridUnits":"degrees","resolution":48,"winds":"true","scanMode":64,"nx":43,"ny":16,"basicAngle":0,"lo1":45.0,"la1":40.0,"lo2":87.0,"la2":55.0,"dx":1.0,"dy":1.0}, "data":
[rows 0 to 15 of 16, columns 0 to 42 of 43]
-1.754983,0.04501709,0.9250171,4.195017,6.055017,1.2750171,3.515017,3.715017,3.945017,2.225017,6.635017,4.395017,5.2950172,-1.484983,-4.7249827,-6.484983,-5.674983,-5.414983,-4.094983,-3.734983,-3.1349828,-1.004983,-2.824983,0.9250171,-0.08498291,-1.364983,-0.3049829,-0.2649829,-0.4849829,1.2250171,1.995017,0.20501709,1.6650171,-2.3849828,-1.2749829,-4.174983,-2.204983,-1.254983,-4.124983,-2.1349828,-4.924983,-7.2849827,-6.094983
0.27501708,7.2150173,1.495017,1.5750171,2.045017,5.925017,6.405017,5.475017,5.7550173,5.815017,1.375017,1.7750171,-6.754983,-3.944983,-6.354983,-6.174983,-5.434983,-5.104983,-3.744983,-2.824983,-3.9049828,-1.8549829,-0.8849829,0.8450171,-1.124983,-2.714983,0.2150171,-2.494983,-3.534983,-1.134983,1.2750171,1.0850171,0.7450171,1.005017,-0.4349829,0.8250171,-2.984983,-0.8449829,-0.70498294,-1.754983,-3.6149828,-2.8449829,-1.984983
2.035017,-0.9949829,1.6550171,0.015017089,5.815017,5.955017,6.145017,6.315017,5.855017,-0.25498292,0.7050171,1.005017,-4.024983,-4.9549828,-5.814983,-4.464983,-4.314983,-5.274983,-5.124983,-4.404983,-2.9049828,-3.4149828,-2.264983,-1.6949829,-0.4249829,-3.8949828,-1.0149829,0.7750171,-0.6049829,0.06501709,-1.8549829,-0.11498291,0.06501709,-0.10498291,1.4350171,-1.8149829,-0.2049829,-0.1449829,0.015017089,-0.8849829,5.2950172,0.7850171,0.2150171
0.79501706,0.8750171,1.4850171,6.115017,7.0250173,5.895017,7.7150173,3.1650171,0.2850171,1.8350171,-3.524983,-4.674983,-5.164983,-7.674983,-5.604983,-5.4949827,-5.754983,-4.9949827,-6.424983,-4.154983,-3.544983,-3.1249828,-2.984983,-6.874983,-5.084983,-5.214983,1.1850171,-3.044983,-2.6349828,-2.974983,-3.3849828,-0.9249829,-0.9149829,2.025017,0.5850171,0.3950171,0.2450171,-1.4649829,0.60501707,-0.4949829,4.845017,0.98501706,-0.9749829
4.2350173,4.655017,2.685017,7.7950172,6.055017,6.495017,5.2950172,2.015017,1.9550171,0.035017088,-2.6049829,-4.174983,-5.674983,-5.844983,-6.084983,-6.404983,-4.804983,-4.254983,-4.634983,-4.574983,-4.2249827,-4.154983,-2.8749828,-5.664983,-1.874983,-3.224983,-4.734983,-4.524983,-4.124983,-5.7249827,-2.6049829,-0.9949829,-1.1949829,-1.234983,0.07501709,0.5750171,-3.5949829,-3.034983,-0.9949829,2.045017,1.3350171,-0.05498291,1.0550171
5.355017,6.605017,4.315017,8.055017,7.205017,5.605017,5.2350173,3.705017,3.5950172,3.075017,-0.5749829,-1.8149829,-6.544983,-7.654983,-6.4949827,-4.134983,-5.524983,-4.084983,-4.174983,-3.524983,-3.324983,-4.7249827,-3.794983,-3.9049828,-3.924983,-3.6549828,-3.684983,-3.784983,-4.844983,-2.814983,-3.674983,-3.014983,-2.224983,-3.314983,-2.3649828,0.5250171,3.185017,0.3550171,1.4350171,0.8250171,1.1550171,0.22501709,0.6850171
5.945017,6.725017,5.015017,2.955017,-1.484983,11.655017,8.725018,6.335017,2.785017,3.045017,-4.754983,-2.8549829,-3.1549828,-2.1449828,-4.2849827,-5.384983,-5.0149827,-4.644983,-4.734983,-3.704983,-2.984983,-2.3549829,-4.504983,-3.324983,-2.8649828,-1.5949829,-3.744983,-2.3549829,-2.544983,-3.434983,-3.194983,-2.754983,-3.6649828,-1.9449829,1.0250171,0.3150171,0.3850171,-1.4749829,0.9950171,1.7850171,1.495017,-1.1849829,-2.434983
4.7750173,5.4850173,4.4850173,0.10501709,2.205017,10.795017,7.185017,3.275017,0.5150171,-3.6549828,-8.584983,-7.434983,-4.084983,-4.414983,-3.754983,-3.694983,-3.0949829,-3.824983,-4.654983,-3.754983,-4.9549828,-4.044983,-3.974983,-4.274983,-4.2849827,-3.9149828,-3.8749828,-2.8949828,-2.074983,-1.624983,-2.0949829,-2.674983,-2.284983,-1.5849829,-0.6949829,-2.474983,-3.4049828,-1.5249829,-1.4449829,2.8350172,-0.3049829,0.9450171,2.285017
3.8550172,3.6550171,3.8750172,0.5850171,4.425017,7.0250173,3.565017,0.8150171,2.425017,-1.6749829,-2.304983,-1.2649829,-1.0949829,-1.244983,-2.704983,-2.924983,-1.2649829,-2.504983,-2.974983,-3.464983,-3.024983,-4.9949827,-3.1149828,-3.454983,-2.284983,-3.214983,-2.234983,-1.114983,-0.6549829,0.09501709,0.4250171,-0.9849829,-0.76498294,-0.16498291,-0.3049829,-0.5649829,-0.7449829,1.995017,3.545017,1.7850171,-2.074983,-0.5249829,-1.2749829
3.265017,3.6650171,3.285017,2.285017,0.3150171,6.075017,1.6550171,0.7550171,2.815017,1.6650171,-0.7249829,-1.1649829,-1.8349829,-1.0849829,-0.7349829,0.14501709,-0.8549829,1.125017,-1.234983,-1.9649829,-1.7649829,-1.984983,-2.514983,-0.16498291,-0.4549829,-1.3949829,-1.5249829,-1.2749829,0.17501709,0.9450171,0.6550171,0.7650171,0.79501706,0.85501707,2.4150171,1.0750171,1.4350171,0.7850171,1.015017,-1.0149829,-0.18498291,0.3850171,-0.5949829
3.465017,2.5850172,2.1050172,0.8350171,0.54501706,2.735017,1.0950171,1.745017,1.1650171,-0.9349829,-1.9249829,-2.204983,-1.484983,0.3250171,1.2150171,0.5550171,0.40501708,-0.22498292,0.5150171,0.16501708,-1.6049829,-0.6749829,-0.28498292,-0.3549829,-1.2949829,-0.9649829,-1.3249829,0.4850171,-0.04498291,1.4350171,1.8250171,2.945017,1.9650171,1.8350171,2.9050171,2.945017,1.1750171,0.66501707,-0.5549829,-0.02498291,-1.7749829,0.5050171,-0.3349829
1.755017,1.505017,1.6550171,2.285017,0.8450171,1.765017,0.9950171,0.5250171,1.3450171,2.795017,0.23501709,-2.1549828,-1.0649829,0.17501709,-0.6149829,-0.3649829,0.4550171,-0.18498291,-1.364983,-1.9249829,-2.294983,-4.134983,-3.6249828,-3.704983,-3.6049829,-2.8449829,-2.534983,-2.3849828,-0.6749829,-0.06498291,-0.37498292,1.0650171,1.515017,1.0750171,1.2950171,1.2750171,2.265017,-0.7549829,-0.12498291,1.125017,-0.01498291,0.3250171,-0.89498293
1.3550171,0.2850171,1.4150171,1.6050171,1.9350171,-0.5649829,-0.06498291,1.125017,0.3150171,1.7750171,-0.11498291,-2.254983,0.4850171,-0.00498291,-1.134983,-1.9749829,0.73501706,0.22501709,-0.6949829,-3.754983,-5.084983,-2.8949828,-3.994983,-2.944983,-2.824983,-2.6249828,-1.1449829,0.17501709,0.6250171,1.9250171,1.385017,1.3350171,1.4050171,1.5450171,1.505017,1.5750171,1.2950171,2.1350172,1.245017,1.515017,0.5550171,0.1550171,-0.03498291
0.9950171,-0.08498291,0.04501709,-0.05498291,-0.03498291,0.91501707,0.2850171,0.6750171,1.8250171,1.4250171,-1.504983,-1.5449829,-1.504983,0.09501709,0.3550171,2.3850172,-2.264983,-4.4949827,-2.6449828,-1.6649829,-2.464983,-2.5949829,-2.494983,-1.4249829,0.14501709,0.2650171,1.4050171,1.5450171,0.17501709,1.4150171,1.2850171,2.025017,2.0850172,2.065017,2.455017,2.1450171,2.245017,2.3550172,2.3450172,1.2850171,2.725017,2.485017,1.255017
0.3950171,0.2950171,0.9450171,0.40501708,0.8150171,1.4350171,1.245017,1.015017,1.6550171,1.865017,0.015017089,-0.7749829,-1.7249829,-1.4749829,-0.4349829,-1.3949829,-0.5249829,-3.244983,-3.0849829,-2.8849828,-2.574983,-1.4549829,-1.4449829,-0.70498294,0.4550171,1.135017,1.255017,1.5750171,2.295017,2.4150171,2.1450171,2.265017,2.1650171,1.9350171,1.9250171,2.285017,2.065017,2.565017,1.7150171,2.0850172,2.675017,2.775017,2.495017
0.16501708,0.5750171,0.46501708,-0.04498291,1.755017,1.7750171,1.9050171,1.625017,2.315017,1.7350171,3.025017,-1.364983,-1.8049829,-0.89498293,-1.0749829,-0.4249829,-1.634983,-2.944983,-2.284983,-1.7649829,-1.2249829,-1.2649829,-1.114983,-0.08498291,0.8450171,1.0850171,1.9250171,2.045017,1.8950171,2.0950172,2.445017,2.3450172,2.5950172,2.025017,1.6950171,2.1250172,1.6550171,2.965017,1.9650171,2.3650172,3.485017,3.045017,-0.28498292
