wind_kz.json
{"header": {"discipline":0,"disciplineName":"Meteorological products","gribEdition":2,"gribLength":871,"center":7,"centerName":"US National Weather Service - NCEP(WMC)","subcenter":0,"refTime":"2023-09-10T18:00:00.000Z","significanceOfRT":1,"significanceOfRTName":"Start of forecast","productStatus":0,"productStatusName":"Operational products","productType":1,"productTypeName":"Forecast products","productDefinitionTemplate":0,"productDefinitionTemplateName":"Analysis/forecast at horizontal level/layer at a point in time","parameterCategory":0,"parameterCategoryName":"UnknownDiscipline_0_Category_0","parameterNumber":0,"parameterNumberName":"UnknownParameter_D0_C0_0","parameterUnit":"Unknown","genProcessType":2,"genProcessTypeName":"Forecast","forecastTime":180,"surface1Type":1,"surface1TypeName":"Ground or water surface","surface1Value":0.0,"surface2Type":255,"surface2TypeName":"Missing","surface2Value":0.0,"gridDefinitionTemplate":0,"gridDefinitionTemplateName":"Latitude_Longitude","numberPoints":615,"shape":6,"shapeName":"Earth spherical with radius of 6,371,229.0 m","gridUnits":"degrees","resolution":48,"winds":"true","scanMode":64,"nx":41,"ny":15,"basicAngle":0,"lo1":47.0,"la1":41.0,"lo2":87.0,"la2":55.0,"dx":1.0,"dy":1.0}, "data":
[rows 0 to 14 of 15, columns 0 to 40 of 41]
290.16275,282.36273,287.86273,297.16275,297.06274,295.96274,297.26276,297.66275,301.06274,300.86273,302.86273,305.26276,308.06274,307.86273,308.46274,308.96274,308.76276,307.96274,311.16275,310.16275,314.76276,309.06274,307.36273,305.86273,310.16275,306.96274,298.26276,294.86273,293.26276,291.76276,291.86273,291.06274,306.36273,312.76276,315.76276,318.26276,321.56274,318.96274,317.96274,320.16275,320.26276
274.26276,287.46274,296.46274,296.76276,296.56274,294.76276,308.36273,302.86273,299.76276,300.26276,298.26276,305.16275,301.56274,306.76276,305.46274,307.66275,310.06274,310.36273,309.76276,311.26276,309.06274,309.26276,305.76276,298.36273,292.86273,290.76276,301.76276,295.26276,289.46274,280.16275,292.76276,283.76276,296.66275,272.96274,284.06274,299.96274,300.06274,310.26276,317.56274,308.86273,285.16275
289.36273,295.86273,296.66275,296.36273,294.36273,301.26276,301.16275,302.16275,302.46274,299.76276,299.86273,303.56274,301.46274,306.36273,304.46274,309.26276,309.66275,309.36273,309.56274,310.26276,308.26276,308.36273,309.66275,305.76276,305.06274,304.86273,306.06274,305.46274,303.86273,285.46274,275.26276,275.16275,280.16275,280.86273,283.96274,283.96274,278.36273,282.66275,289.76276,293.16275,291.86273
298.66275,294.96274,295.86273,295.16275,295.06274,299.66275,298.26276,298.86273,301.06274,302.16275,302.16275,302.16275,292.96274,292.36273,305.76276,307.56274,306.56274,309.66275,309.56274,310.16275,306.26276,306.36273,306.26276,307.56274,307.86273,308.26276,309.66275,309.36273,305.16275,305.36273,298.86273,290.36273,295.66275,294.76276,291.06274,285.26276,278.86273,274.16275,283.16275,298.66275,301.26276
299.46274,293.06274,294.06274,292.86273,295.46274,299.16275,299.96274,300.56274,299.36273,299.26276,301.56274,304.36273,292.46274,291.16275,289.66275,306.56274,307.86273,305.26276,305.36273,304.06274,305.46274,307.16275,308.66275,308.86273,309.46274,309.96274,310.96274,305.66275,310.96274,309.76276,309.46274,304.26276,284.76276,274.06274,286.46274,294.66275,290.46274,294.46274,300.66275,294.06274,295.26276
298.86273,298.56274,292.56274,291.96274,292.46274,291.56274,302.06274,301.46274,296.56274,298.66275,296.16275,293.76276,293.46274,292.16275,298.86273,303.96274,303.26276,306.06274,302.86273,304.46274,305.96274,306.16275,306.96274,307.86273,307.96274,307.46274,309.96274,290.56274,305.76276,307.06274,309.66275,306.16275,307.26276,305.96274,298.76276,296.26276,291.76276,291.86273,298.96274,298.16275,300.56274
296.86273,295.76276,301.56274,302.66275,299.36273,301.96274,303.76276,301.96274,301.36273,300.76276,299.86273,299.26276,300.76276,301.56274,301.76276,301.56274,303.56274,303.56274,305.86273,303.66275,303.26276,303.26276,303.56274,304.26276,303.36273,304.56274,307.56274,307.26276,309.16275,308.26276,307.86273,308.46274,310.06274,307.96274,304.06274,299.16275,295.16275,292.26276,286.66275,286.46274,299.36273
296.76276,298.06274,302.16275,302.86273,294.06274,293.36273,295.16275,294.56274,297.26276,300.36273,298.36273,292.26276,295.06274,299.56274,301.66275,300.96274,301.36273,301.56274,302.06274,297.26276,300.36273,299.06274,301.96274,301.56274,301.06274,299.66275,299.76276,301.66275,300.86273,301.06274,301.56274,299.16275,303.56274,301.26276,302.26276,306.36273,306.96274,289.26276,300.96274,302.26276,299.26276
294.86273,294.76276,298.36273,300.26276,293.76276,294.36273,302.06274,301.16275,291.66275,294.76276,298.66275,300.56274,293.66275,300.76276,299.96274,300.86273,299.96274,300.96274,298.96274,300.06274,297.86273,298.46274,299.86273,298.66275,297.86273,297.86273,296.06274,296.86273,296.16275,291.06274,282.66275,290.76276,299.26276,298.56274,298.66275,293.06274,297.26276,296.16275,285.06274,285.66275,289.26276
299.16275,299.06274,297.96274,299.26276,299.46274,299.26276,300.56274,293.86273,291.66275,290.56274,297.96274,298.36273,299.16275,298.86273,298.06274,297.16275,298.66275,299.36273,300.36273,298.66275,289.66275,296.86273,295.76276,297.96274,293.36273,298.36273,297.76276,297.36273,295.86273,296.46274,296.96274,292.56274,288.06274,285.96274,289.86273,296.56274,291.76276,287.96274,289.16275,287.66275,285.76276
296.86273,297.46274,298.26276,298.76276,298.56274,298.56274,298.66275,299.66275,299.26276,298.06274,295.66275,295.46274,296.66275,296.06274,296.96274,296.46274,296.76276,297.36273,299.16275,299.06274,293.26276,293.16275,290.86273,293.46274,294.26276,297.36273,294.36273,298.96274,298.86273,300.46274,294.06274,298.56274,296.76276,288.46274,291.96274,294.56274,285.56274,284.26276,293.96274,286.66275,285.06274
294.86273,296.36273,297.26276,297.46274,296.26276,295.96274,295.16275,295.96274,296.76276,296.16275,291.96274,292.06274,293.06274,292.56274,292.76276,294.96274,295.56274,295.96274,295.96274,292.36273,290.06274,287.46274,292.16275,290.06274,289.76276,296.06274,297.56274,299.46274,295.76276,298.46274,294.66275,297.46274,294.66275,294.96274,294.16275,293.96274,290.36273,293.16275,290.96274,292.56274,292.56274
290.66275,293.16275,293.66275,293.46274,292.66275,291.56274,293.36273,294.66275,294.46274,292.56274,288.46274,286.16275,289.96274,288.46274,288.16275,290.26276,293.26276,292.16275,292.96274,291.76276,289.86273,287.26276,284.86273,291.46274,293.96274,295.46274,295.96274,298.56274,298.56274,298.06274,299.16275,297.86273,296.96274,295.66275,295.56274,293.66275,292.76276,289.26276,291.56274,291.36273,290.46274
290.06274,290.16275,289.56274,291.26276,291.66275,291.56274,291.26276,290.36273,291.86273,290.76276,286.46274,284.56274,286.16275,288.36273,290.16275,290.86273,290.76276,290.76276,291.26276,290.76276,291.16275,287.86273,288.86273,287.16275,288.66275,294.86273,290.06274,290.06274,294.46274,291.96274,289.06274,293.36273,295.36273,292.66275,293.66275,290.66275,291.86273,288.86273,288.46274,287.96274,290.76276
287.56274,289.36273,288.06274,290.06274,290.26276,289.96274,289.76276,289.46274,290.86273,290.96274,287.66275,286.26276,282.96274,284.96274,286.46274,288.76276,289.26276,288.96274,289.16275,289.46274,290.46274,288.96274,287.16275,290.66275,291.46274,288.16275,290.86273,295.86273,291.96274,292.26276,295.06274,290.06274,294.46274,291.56274,293.36273,295.36273,291.86273,289.06274,296.16275,286.16275,287.26276
