wind_kz.json
{"header": {"discipline":0,"disciplineName":"Meteorological products","gribEdition":2,"gribLength":1102,"center":7,"centerName":"US National Weather Service - NCEP(WMC)","subcenter":0,"refTime":"2024-04-09T06:00:00.000Z","significanceOfRT":1,"significanceOfRTName":"Start of forecast","productStatus":0,"productStatusName":"Operational products","productType":1,"productTypeName":"Forecast products","productDefinitionTemplate":0,"productDefinitionTemplateName":"Analysis/forecast at horizontal level/layer at a point in time","parameterCategory":2,"parameterCategoryName":"UnknownDiscipline_0_Category_2","parameterNumber":2,"parameterNumberName":"UnknownParameter_D0_C2_2","parameterUnit":"Unknown","genProcessType":2,"genProcessTypeName":"Forecast","forecastTime":240,"surface1Type":103,"surface1TypeName":"Specified height level above ground","surface1Value":10.0,"surface2Type":255,"surface2TypeName":"Missing","surface2Value":0.0,"gridDefinitionTemplate":0,"gridDefinitionTemplateName":"Latitude_Longitude","numberPoints":615,"shape":6,"shapeName":"Earth spherical with radius of 6,371,229.0 m","gridUnits":"degrees","resolution":48,"winds":"true","scanMode":64,"nx":41,"ny":15,"basicAngle":0,"lo1":47.0,"la1":41.0,"lo2":87.0,"la2":55.0,"dx":1.0,"dy":1.0}, "data":
[rows 0 to 14 of 15, columns 0 to 40 of 41]
0.50649416,2.0364943,3.1564941,-2.3335059,-2.4535058,-5.923506,-9.483506,-9.233506,-9.713506,-7.0435057,-6.653506,-5.993506,-5.2135057,-5.3335056,-5.653506,-6.7335057,-5.073506,-5.573506,-3.523506,-2.1435058,-2.053506,-1.4535059,0.12649414,1.6064942,-1.5535059,-1.9535059,-2.8535058,-3.3735058,-1.8435059,-0.49350587,-1.1235058,0.33649415,-0.98350585,-2.983506,-5.573506,-4.803506,-4.5835056,-5.683506,-4.593506,-0.12350586,1.8964942
1.8964942,-0.93350583,-9.403506,-8.283505,-7.743506,-5.763506,-7.873506,-9.043506,-8.873506,-7.8335056,-7.553506,-6.903506,-5.8335056,-6.223506,-5.4635057,-4.2735057,-7.783506,-9.343506,-8.213506,-6.933506,-5.7535057,-3.9635057,0.8064941,2.1464942,-1.5735059,-1.9235059,-0.14350586,-2.6035058,-1.8635058,-1.6835059,0.27649415,0.10649414,1.2364942,1.3264941,0.96649414,-1.5235058,0.77649415,1.6664941,2.446494,0.01649414,-0.5135059
1.3664942,-0.27350587,-8.653506,-8.7435055,-7.873506,-9.503506,-8.823505,-7.9835057,-9.223506,-8.323505,-7.743506,-7.103506,-7.0235057,-7.2735057,-7.243506,-7.953506,-6.653506,-6.5035057,-8.863506,-11.143506,-13.4535055,-13.023506,-10.4935055,-10.793506,-5.203506,-7.073506,-4.873506,-2.8435059,-1.2835059,-1.2135059,0.0064941407,0.45649415,-0.5735059,-1.2035059,-0.55350584,1.1464942,0.37649414,-0.04350586,-0.59350586,1.3964942,-0.073505856
3.496494,-3.4235058,-8.153506,-9.823505,-8.223506,-8.723506,-7.493506,-8.593506,-8.583506,-8.423506,-8.303506,-8.033505,-5.5835056,-5.073506,-8.423506,-9.043506,-10.943506,-11.943506,-11.983506,-11.803506,-11.093506,-14.663506,-10.193506,-11.753506,-11.413506,-11.103506,-10.563506,-10.623506,-9.233506,-5.663506,-3.5835059,-6.9835057,-7.473506,-5.5235057,-4.303506,-1.4235059,0.04649414,-0.30350587,-0.66350585,0.51649415,0.03649414
-3.1935058,-5.493506,-8.423506,-8.053506,-7.903506,-7.823506,-7.053506,-7.723506,-7.5835056,-8.593506,-8.843506,-8.513506,-7.0435057,-6.373506,-4.933506,-9.683506,-10.333506,-10.673506,-10.663506,-11.613506,-12.143506,-11.803506,-11.143506,-11.083506,-11.303506,-11.153506,-11.573505,-8.903506,-9.143506,-8.363506,-7.133506,-4.303506,1.0064942,-0.9435059,-2.303506,-0.85350585,3.1164942,0.30649415,0.95649415,4.106494,4.386494
-3.253506,-5.823506,-8.4535055,-8.4535055,-8.763506,-7.533506,-7.2535057,-6.873506,-7.223506,-8.463506,-8.403506,-8.593506,-7.4835057,-5.493506,-7.103506,-9.013506,-9.643506,-10.163506,-11.223506,-10.733506,-10.863506,-10.433506,-9.823505,-9.633506,-9.653506,-10.183506,-9.483506,-3.9035058,-7.9835057,-7.693506,-7.423506,-5.843506,-3.8835058,-2.493506,-2.303506,3.0364943,0.65649414,2.936494,0.44649413,-1.4435059,-1.9235059
-3.493506,-5.0235057,-6.143506,-7.413506,-8.643506,-7.403506,-6.5235057,-6.623506,-6.903506,-7.2135057,-6.923506,-7.593506,-7.5235057,-8.053506,-8.043506,-7.9835057,-8.033505,-8.483506,-8.443506,-9.433506,-8.903506,-7.663506,-7.473506,-7.163506,-7.243506,-7.433506,-6.703506,-5.7935057,-5.743506,-5.0235057,-5.013506,-5.0235057,-3.9235058,-1.5235058,-0.80350584,1.0364941,0.83649415,-1.4535059,0.96649414,0.42649415,1.0264941
-4.283506,-5.123506,-5.823506,-6.533506,-6.133506,-5.843506,-5.3135056,-5.0835056,-5.553506,-5.743506,-5.743506,-6.4635057,-6.8135056,-7.0035057,-6.493506,-6.7735057,-6.703506,-6.7135057,-6.363506,-7.603506,-7.073506,-6.613506,-5.863506,-5.443506,-4.8335056,-4.973506,-4.2135057,-3.293506,-2.793506,-2.273506,-2.1435058,-1.4535059,-0.6335059,-1.8635058,-0.60350585,0.38649413,1.9064941,2.3864942,7.616494,6.866494,3.266494
-4.2335057,-4.823506,-5.513506,-5.2735057,-5.363506,-4.893506,-4.723506,-4.113506,-5.053506,-4.853506,-4.953506,-5.223506,-5.0435057,-4.383506,-4.623506,-3.6335058,-4.0435057,-3.6035058,-3.8435059,-4.133506,-4.553506,-4.143506,-3.4135058,-2.293506,-1.7635058,-0.9435059,-0.43350586,0.15649414,0.12649414,0.84649414,1.0164942,0.56649417,2.3064942,2.976494,4.0164943,4.196494,3.6764941,0.02649414,0.88649416,0.9864941,1.2164941
-4.8135056,-4.613506,-4.393506,-4.443506,-4.553506,-4.473506,-4.143506,-4.0835056,-3.723506,-3.763506,-3.6535058,-3.6935058,-3.2035058,-2.743506,-2.783506,-2.5935059,-2.6135058,-2.4335058,-2.063506,-1.5935059,-1.1435058,-0.44350585,0.41649413,0.8564941,1.2464942,1.3564942,1.7264942,1.8564942,1.6164942,2.3164942,3.0664942,3.476494,4.046494,4.776494,4.236494,3.6764941,-1.4435059,-0.7035059,0.96649414,1.7164941,1.2064941
-4.2135057,-3.8535058,-3.6935058,-3.4335058,-3.8235059,-3.803506,-2.6335058,-2.1035058,-2.1635058,-2.4135058,-2.293506,-1.6335058,-1.2135059,-1.1335058,-0.53350586,-0.23350586,0.21649414,0.78649414,1.7264942,2.1464942,1.9964942,1.5964942,1.1964941,0.8564941,1.1264942,1.5064942,1.8464942,1.2964941,2.506494,3.196494,3.8964942,4.576494,4.7664943,4.886494,5.486494,2.0464942,-0.74350584,1.6664941,0.6764941,0.7964941,1.5264941
-3.9235058,-1.9835058,-1.8235059,-2.3435059,-2.8535058,-2.5735059,-2.2135057,-1.6835059,-0.83350587,-1.8135059,-1.2835059,-0.10350586,0.33649415,1.0964942,1.7464942,2.236494,2.946494,2.6564941,2.5464942,2.1464942,2.3664942,2.446494,2.5464942,2.3364942,2.0764942,1.7764941,2.246494,2.5364943,2.736494,2.976494,3.3464942,3.3964942,3.6464942,4.0364943,4.2064943,5.546494,6.066494,8.166494,7.326494,6.906494,5.946494
-3.293506,-1.6635059,-0.8935059,-0.62350583,-0.19350585,-0.61350584,-0.24350587,0.15649414,-0.52350587,-0.33350587,0.7364941,1.6264942,1.6764941,2.946494,3.6464942,3.756494,3.956494,3.5464942,1.9964942,3.1364942,3.1764941,3.6664941,3.966494,3.266494,3.016494,2.756494,1.9064941,1.3964942,1.7564942,2.0764942,1.8964942,2.4264941,2.966494,3.6264942,4.1864944,4.9964943,6.106494,5.366494,7.596494,7.546494,5.856494
-1.9135059,-2.313506,-1.3535058,-0.08350586,0.45649415,1.0664941,1.6564941,1.1564941,2.476494,1.7864941,1.7564942,1.9164941,2.686494,3.8764942,4.2664943,4.1864944,4.2264943,3.8664942,3.186494,4.406494,4.4164944,4.676494,4.566494,3.706494,2.8164942,1.6264942,0.6764941,1.3064941,0.94649416,1.2864941,1.5864941,2.1064942,1.9564941,2.1164942,2.746494,4.366494,4.7064943,5.406494,5.566494,4.4164944,5.566494
0.45649415,0.05649414,-0.98350585,1.9264941,2.1164942,1.8164941,2.236494,2.7864943,2.7864943,2.1464942,1.1464942,4.056494,3.1564941,2.8464942,4.676494,4.876494,5.106494,5.026494,4.2064943,4.736494,4.326494,3.986494,3.266494,2.3064942,0.89649415,-0.21350586,0.46649414,0.26649415,1.1664941,1.5064942,1.8864942,2.5764942,2.476494,2.726494,3.996494,4.466494,4.6864944,6.116494,6.926494,7.0364943,5.076494
