wind_kz.json
{"header": {"discipline":0,"disciplineName":"Meteorological products","gribEdition":2,"gribLength":871,"center":7,"centerName":"US National Weather Service - NCEP(WMC)","subcenter":0,"refTime":"2024-03-19T06:00:00.000Z","significanceOfRT":1,"significanceOfRTName":"Start of forecast","productStatus":0,"productStatusName":"Operational products","productType":1,"productTypeName":"Forecast products","productDefinitionTemplate":0,"productDefinitionTemplateName":"Analysis/forecast at horizontal level/layer at a point in time","parameterCategory":0,"parameterCategoryName":"UnknownDiscipline_0_Category_0","parameterNumber":0,"parameterNumberName":"UnknownParameter_D0_C0_0","parameterUnit":"Unknown","genProcessType":2,"genProcessTypeName":"Forecast","forecastTime":120,"surface1Type":1,"surface1TypeName":"Ground or water surface","surface1Value":0.0,"surface2Type":255,"surface2TypeName":"Missing","surface2Value":0.0,"gridDefinitionTemplate":0,"gridDefinitionTemplateName":"Latitude_Longitude","numberPoints":615,"shape":6,"shapeName":"Earth spherical with radius of 6,371,229.0 m","gridUnits":"degrees","resolution":48,"winds":"true","scanMode":64,"nx":41,"ny":15,"basicAngle":0,"lo1":47.0,"la1":41.0,"lo2":87.0,"la2":55.0,"dx":1.0,"dy":1.0}, "data":
[rows 0 to 14 of 15, columns 0 to 40 of 41]
286.1319,278.1319,282.6319,280.33188,281.1319,282.33188,290.0319,295.0319,294.73187,296.23187,287.73187,285.23187,286.1319,286.1319,292.1319,290.33188,291.73187,295.23187,294.5319,295.33188,295.1319,294.6319,287.0319,287.23187,294.23187,295.4319,293.83188,273.23187,274.9319,274.4319,279.83188,274.23187,285.4319,290.4319,296.83188,298.83188,302.1319,300.1319,301.33188,301.4319,299.9319
268.1319,285.4319,280.6319,280.6319,280.9319,281.4319,295.23187,292.0319,292.6319,288.0319,284.5319,285.9319,290.33188,289.83188,291.5319,292.1319,292.0319,292.23187,292.0319,294.9319,292.83188,293.73187,287.5319,283.5319,273.0319,273.23187,273.9319,273.1319,273.23187,272.83188,282.6319,270.9319,283.9319,263.6319,269.0319,290.1319,294.73187,298.1319,300.4319,296.73187,273.23187
285.6319,278.83188,280.5319,280.83188,280.5319,284.33188,285.6319,284.23187,283.9319,286.1319,287.0319,293.5319,295.23187,294.4319,291.23187,290.83188,290.5319,290.9319,292.4319,291.9319,292.83188,293.5319,291.5319,285.83188,290.33188,290.9319,290.73187,291.0319,292.83188,284.83188,273.1319,275.6319,274.5319,280.4319,273.1319,282.23187,273.33188,272.0319,289.4319,280.6319,273.5319
288.4319,278.5319,279.33188,279.9319,280.5319,282.4319,284.1319,282.73187,284.6319,292.9319,292.33188,289.4319,283.23187,283.73187,292.1319,291.0319,288.83188,290.5319,291.4319,291.33188,292.6319,290.6319,292.73187,292.4319,292.4319,291.0319,290.23187,290.1319,292.23187,291.6319,288.9319,290.6319,294.1319,298.6319,295.23187,289.23187,273.4319,267.73187,281.33188,288.23187,292.0319
286.23187,278.0319,277.83188,278.23187,279.5319,290.73187,291.9319,295.5319,292.4319,292.6319,291.1319,292.0319,281.6319,281.4319,280.6319,292.73187,291.73187,290.9319,292.0319,289.1319,290.9319,292.83188,292.5319,292.73187,292.5319,291.6319,284.23187,282.9319,291.1319,293.83188,292.5319,291.33188,273.1319,270.23187,285.73187,280.1319,282.5319,291.33188,294.73187,294.5319,295.9319
286.83188,288.0319,277.5319,275.6319,271.5319,272.73187,286.73187,286.73187,291.6319,290.83188,289.83188,290.33188,282.5319,281.23187,283.33188,294.6319,291.6319,292.4319,291.5319,289.23187,289.73187,289.9319,293.0319,290.4319,291.73187,282.9319,277.83188,272.9319,281.6319,285.0319,285.23187,288.0319,289.73187,289.9319,288.33188,284.23187,273.23187,273.9319,295.1319,292.73187,292.33188
287.5319,288.5319,289.33188,289.4319,284.83188,290.4319,291.83188,291.4319,290.6319,289.4319,290.23187,286.9319,288.5319,288.9319,289.4319,289.33188,289.9319,289.9319,288.83188,289.4319,288.33188,286.23187,282.83188,276.6319,273.23187,273.23187,273.1319,273.4319,276.1319,277.9319,280.5319,283.0319,281.9319,289.4319,281.0319,274.73187,275.33188,277.83188,273.23187,274.33188,284.4319
285.23187,287.23187,285.33188,286.5319,288.83188,288.4319,289.23187,289.83188,287.23187,286.83188,285.83188,285.4319,288.9319,285.9319,288.1319,286.6319,288.5319,285.83188,284.9319,285.83188,279.0319,281.33188,280.1319,283.23187,281.23187,276.9319,272.73187,271.9319,272.73187,272.9319,273.23187,273.4319,273.9319,273.4319,273.23187,273.1319,272.9319,273.23187,283.33188,285.4319,282.83188
284.73187,286.1319,286.0319,288.0319,287.0319,287.23187,286.0319,286.0319,285.0319,274.4319,273.33188,273.23187,273.9319,278.83188,275.33188,285.0319,285.4319,286.1319,274.0319,274.4319,273.23187,273.23187,273.4319,273.1319,273.0319,272.83188,271.9319,271.6319,272.73187,273.1319,271.33188,272.83188,280.5319,279.73187,278.73187,272.4319,272.83188,272.0319,268.5319,270.33188,270.33188
283.33188,281.33188,282.73187,283.6319,283.4319,274.23187,275.23187,271.6319,272.0319,273.23187,271.23187,271.1319,271.9319,271.73187,270.5319,271.0319,271.23187,274.33188,272.83188,273.23187,273.0319,272.33188,272.6319,272.33188,272.23187,271.6319,276.1319,272.9319,270.5319,270.23187,275.0319,280.9319,281.9319,280.1319,273.23187,272.9319,273.1319,273.23187,273.23187,275.23187,270.4319
280.23187,279.83188,279.73187,275.0319,274.0319,272.5319,270.5319,270.9319,270.83188,271.0319,270.4319,270.5319,271.5319,270.1319,270.0319,271.0319,271.4319,271.9319,270.73187,270.0319,271.73187,271.9319,271.4319,271.1319,271.0319,271.33188,270.6319,283.9319,285.33188,285.23187,282.1319,275.23187,281.4319,282.0319,273.33188,272.6319,273.23187,276.4319,278.5319,277.5319,274.1319
275.6319,272.9319,272.6319,271.6319,271.23187,270.23187,270.0319,270.4319,270.6319,269.6319,272.23187,270.9319,270.9319,269.9319,270.33188,270.4319,270.5319,271.0319,270.73187,270.6319,270.33188,270.73187,270.1319,270.1319,271.1319,270.9319,272.83188,280.73187,281.5319,280.0319,273.9319,273.23187,280.33188,272.9319,277.33188,273.1319,278.23187,279.9319,279.23187,277.1319,279.23187
273.73187,273.23187,272.4319,273.1319,273.83188,274.73187,270.83188,270.33188,270.6319,270.1319,273.6319,274.5319,272.33188,271.5319,272.0319,271.73187,271.6319,271.1319,271.83188,270.83188,271.0319,271.1319,272.33188,272.6319,272.0319,272.1319,272.33188,272.0319,271.73187,272.6319,272.4319,272.33188,272.73187,272.73187,272.9319,273.0319,273.23187,274.23187,273.23187,272.9319,273.73187
273.5319,273.1319,273.23187,273.1319,272.73187,272.33188,272.0319,271.4319,272.4319,274.0319,273.9319,274.23187,274.6319,272.5319,273.23187,272.4319,272.0319,271.9319,272.0319,271.23187,271.9319,271.83188,272.33188,272.73187,272.5319,272.83188,272.23187,271.33188,271.4319,271.1319,271.33188,271.33188,271.5319,271.4319,272.83188,272.33188,273.5319,273.1319,273.23187,273.33188,273.23187
274.23187,273.23187,273.23187,273.1319,273.33188,273.23187,272.9319,272.73187,272.5319,272.5319,270.9319,271.9319,274.33188,277.5319,277.33188,273.23187,273.23187,273.23187,272.6319,271.6319,271.23187,272.1319,272.0319,272.6319,272.1319,271.9319,272.0319,271.33188,271.0319,271.73187,271.4319,271.33188,271.5319,272.1319,272.33188,272.73187,273.1319,272.9319,272.73187,272.83188,273.23187
