wind_kz.json
{"header": {"discipline":0,"disciplineName":"Meteorological products","gribEdition":2,"gribLength":871,"center":7,"centerName":"US National Weather Service - NCEP(WMC)","subcenter":0,"refTime":"2024-04-08T00:00:00.000Z","significanceOfRT":1,"significanceOfRTName":"Start of forecast","productStatus":0,"productStatusName":"Operational products","productType":1,"productTypeName":"Forecast products","productDefinitionTemplate":0,"productDefinitionTemplateName":"Analysis/forecast at horizontal level/layer at a point in time","parameterCategory":0,"parameterCategoryName":"UnknownDiscipline_0_Category_0","parameterNumber":0,"parameterNumberName":"UnknownParameter_D0_C0_0","parameterUnit":"Unknown","genProcessType":2,"genProcessTypeName":"Forecast","forecastTime":120,"surface1Type":1,"surface1TypeName":"Ground or water surface","surface1Value":0.0,"surface2Type":255,"surface2TypeName":"Missing","surface2Value":0.0,"gridDefinitionTemplate":0,"gridDefinitionTemplateName":"Latitude_Longitude","numberPoints":615,"shape":6,"shapeName":"Earth spherical with radius of 6,371,229.0 m","gridUnits":"degrees","resolution":48,"winds":"true","scanMode":64,"nx":41,"ny":15,"basicAngle":0,"lo1":47.0,"la1":41.0,"lo2":87.0,"la2":55.0,"dx":1.0,"dy":1.0}, "data":
[rows 0 to 14 of 15, columns 0 to 40 of 41]
282.4366,275.53662,279.53662,281.4366,282.4366,283.73663,284.8366,285.53662,283.4366,283.63663,281.63663,283.9366,283.23663,284.53662,285.63663,286.03662,288.03662,286.3366,286.13663,283.63663,285.13663,285.03662,285.8366,282.3366,288.53662,290.03662,285.63663,272.53662,272.3366,272.53662,269.8366,268.3366,279.4366,284.23663,285.9366,285.8366,286.23663,285.9366,286.23663,287.23663,286.73663
261.23663,280.8366,281.8366,281.9366,282.13663,282.73663,284.03662,283.4366,282.23663,281.73663,280.4366,280.73663,281.53662,281.9366,284.13663,285.3366,286.53662,286.53662,287.03662,286.23663,286.53662,286.9366,285.3366,276.63663,269.4366,268.53662,280.63663,272.73663,275.23663,267.3366,274.73663,263.13663,273.53662,254.23662,260.8366,282.03662,280.9366,283.73663,285.3366,278.53662,279.23663
281.63663,281.63663,281.63663,281.9366,282.13663,284.13663,283.13663,282.73663,281.8366,280.53662,280.03662,279.8366,280.53662,281.3366,282.4366,284.63663,284.9366,284.73663,285.3366,286.4366,288.8366,288.3366,285.23663,280.03662,280.8366,281.8366,281.53662,282.4366,281.23663,275.73663,270.53662,272.9366,277.9366,277.03662,276.9366,277.8366,267.73663,271.8366,271.63663,267.53662,260.73663
281.63663,282.73663,281.63663,281.63663,282.3366,283.73663,284.73663,283.03662,282.4366,282.4366,280.63663,279.23663,285.3366,285.9366,280.63663,283.13663,283.23663,284.4366,285.23663,286.03662,285.13663,280.53662,285.63663,284.13663,284.9366,283.03662,281.9366,280.13663,278.9366,278.8366,279.73663,282.4366,284.53662,284.4366,284.3366,281.63663,270.53662,261.3366,271.73663,276.23663,276.3366
283.53662,283.3366,282.03662,282.53662,282.53662,282.53662,284.73663,284.73663,283.9366,283.3366,282.3366,280.8366,284.53662,284.23663,282.73663,280.3366,280.73663,281.8366,282.73663,283.53662,284.03662,284.03662,284.63663,284.4366,283.4366,282.3366,278.73663,279.13663,279.8366,279.4366,280.03662,279.53662,275.03662,266.53662,274.63663,278.23663,277.8366,278.73663,277.8366,276.53662,274.73663
285.73663,284.8366,283.23663,281.9366,280.53662,281.23663,283.8366,284.9366,283.53662,283.4366,283.3366,282.63663,283.13663,283.63663,275.3366,279.63663,280.73663,280.03662,281.23663,282.13663,282.03662,280.9366,280.63663,279.4366,279.53662,278.03662,277.53662,271.73663,278.4366,278.8366,276.73663,276.3366,275.4366,274.13663,273.73663,274.3366,271.03662,271.23663,272.73663,274.9366,273.9366
287.03662,286.53662,287.8366,287.03662,283.9366,284.03662,284.73663,287.13663,286.53662,283.9366,282.8366,281.8366,281.23663,280.73663,280.13663,279.63663,278.73663,278.3366,278.8366,277.8366,277.13663,278.3366,277.8366,277.4366,276.3366,276.03662,275.03662,277.23663,276.03662,275.3366,274.8366,274.73663,273.8366,273.9366,274.4366,273.03662,269.4366,265.3366,260.8366,266.63663,272.13663
288.8366,289.8366,290.53662,289.03662,289.63663,287.13663,286.4366,286.4366,285.73663,285.53662,284.63663,282.73663,282.4366,281.3366,280.8366,280.23663,279.23663,278.13663,276.63663,275.03662,275.23663,274.9366,275.4366,275.23663,273.63663,271.63663,271.9366,273.63663,272.73663,273.8366,272.73663,272.23663,271.53662,270.9366,270.53662,270.73663,272.3366,271.03662,272.3366,272.3366,271.3366
283.9366,283.73663,285.13663,285.23663,286.3366,288.8366,287.4366,283.9366,284.13663,283.13663,284.3366,283.8366,282.4366,280.8366,281.03662,282.3366,279.13663,280.4366,277.63663,275.9366,274.23663,274.3366,274.9366,274.53662,273.23663,273.3366,272.23663,271.9366,271.8366,271.3366,271.4366,271.13663,270.9366,271.3366,271.3366,270.13663,270.4366,270.23663,258.53662,256.63663,256.8366
282.63663,282.63663,282.03662,281.73663,282.03662,281.4366,280.53662,281.03662,281.9366,281.63663,281.13663,280.4366,280.53662,280.73663,280.23663,280.73663,280.4366,281.4366,281.03662,279.8366,277.63663,276.3366,275.23663,274.73663,274.53662,273.53662,274.03662,273.3366,272.13663,271.9366,271.8366,272.63663,272.13663,271.9366,271.8366,271.3366,269.9366,261.53662,259.63663,262.9366,256.4366
283.03662,283.13663,282.73663,283.23663,282.23663,280.9366,280.53662,280.3366,280.03662,279.4366,278.9366,279.3366,279.53662,279.63663,280.23663,280.53662,280.4366,282.13663,281.03662,279.13663,279.3366,278.63663,277.03662,276.3366,275.03662,274.13663,273.23663,273.73663,274.73663,274.53662,275.23663,273.8366,272.53662,272.4366,272.23663,271.8366,263.73663,262.13663,267.03662,264.63663,260.4366
283.9366,284.63663,284.03662,283.3366,281.4366,280.53662,278.8366,278.3366,278.3366,278.4366,277.4366,277.03662,277.8366,277.63663,278.53662,279.53662,280.3366,280.23663,280.23663,280.13663,278.4366,277.9366,277.23663,276.8366,276.13663,276.53662,275.63663,276.9366,275.63663,275.8366,275.03662,273.03662,273.13663,272.13663,272.3366,272.3366,272.23663,270.53662,268.63663,269.73663,268.23663
282.23663,283.3366,283.8366,283.73663,283.03662,282.3366,281.23663,280.03662,279.3366,279.4366,278.23663,277.73663,278.3366,276.63663,277.13663,279.4366,279.73663,279.53662,280.3366,279.8366,279.23663,278.3366,278.23663,277.3366,277.63663,277.73663,278.13663,276.73663,276.53662,275.53662,274.4366,274.13663,273.63663,272.8366,273.03662,272.63663,272.03662,272.03662,271.63663,271.4366,270.8366
281.53662,282.03662,277.13663,281.53662,280.9366,279.4366,279.8366,279.23663,279.73663,279.13663,278.03662,276.4366,277.53662,278.63663,279.03662,279.23663,278.9366,278.73663,279.23663,279.13663,278.8366,279.23663,278.8366,279.23663,279.03662,278.53662,277.63663,276.8366,275.8366,275.13663,274.4366,273.53662,273.13663,272.63663,272.53662,272.03662,271.8366,271.63663,271.4366,269.13663,271.13663
280.73663,281.23663,273.23663,280.3366,279.9366,279.73663,279.53662,279.3366,279.73663,279.53662,279.23663,277.9366,276.8366,278.03662,278.03662,277.63663,279.03662,279.13663,279.23663,278.03662,278.63663,278.4366,278.73663,278.23663,278.3366,278.3366,278.03662,276.73663,275.73663,274.9366,274.13663,273.03662,273.13663,272.8366,272.63663,272.3366,272.3366,271.73663,271.8366,270.8366,270.23663
