wind_kz.json
{"header": {"discipline":0,"disciplineName":"Meteorological products","gribEdition":2,"gribLength":871,"center":7,"centerName":"US National Weather Service - NCEP(WMC)","subcenter":0,"refTime":"2023-09-19T06:00:00.000Z","significanceOfRT":1,"significanceOfRTName":"Start of forecast","productStatus":0,"productStatusName":"Operational products","productType":1,"productTypeName":"Forecast products","productDefinitionTemplate":0,"productDefinitionTemplateName":"Analysis/forecast at horizontal level/layer at a point in time","parameterCategory":0,"parameterCategoryName":"UnknownDiscipline_0_Category_0","parameterNumber":0,"parameterNumberName":"UnknownParameter_D0_C0_0","parameterUnit":"Unknown","genProcessType":2,"genProcessTypeName":"Forecast","forecastTime":60,"surface1Type":1,"surface1TypeName":"Ground or water surface","surface1Value":0.0,"surface2Type":255,"surface2TypeName":"Missing","surface2Value":0.0,"gridDefinitionTemplate":0,"gridDefinitionTemplateName":"Latitude_Longitude","numberPoints":615,"shape":6,"shapeName":"Earth spherical with radius of 6,371,229.0 m","gridUnits":"degrees","resolution":48,"winds":"true","scanMode":64,"nx":41,"ny":15,"basicAngle":0,"lo1":47.0,"la1":41.0,"lo2":87.0,"la2":55.0,"dx":1.0,"dy":1.0}, "data":
[rows 0 to 14 of 15, columns 0 to 40 of 41]
290.69223,284.89224,289.49225,294.99225,294.69223,294.39224,295.19223,295.59222,292.79224,292.79224,292.09222,292.99225,292.39224,291.89224,291.69223,289.29224,289.49225,290.49225,288.79224,290.59222,291.69223,289.39224,291.99225,287.69223,287.99225,289.79224,288.99225,273.59222,273.29224,273.29224,275.19223,276.69223,284.69223,292.59222,290.29224,289.79224,289.39224,289.69223,289.89224,289.89224,288.99225
273.69223,287.39224,294.79224,294.79224,294.19223,292.79224,294.29224,293.29224,291.89224,292.79224,293.59222,292.09222,291.19223,289.29224,288.19223,287.79224,287.39224,288.09222,287.09222,286.49225,287.79224,289.19223,288.09222,279.19223,262.79224,268.49225,281.19223,275.29224,276.69223,272.79224,274.59222,269.99225,276.09222,249.99223,273.69223,287.29224,286.19223,287.89224,289.39224,281.79224,283.79224
289.29224,293.69223,294.99225,294.39224,292.29224,293.49225,293.49225,292.69223,291.59222,291.39224,290.49225,291.59222,288.69223,289.09222,290.39224,287.09222,285.99225,285.19223,286.19223,286.09222,290.09222,287.49225,286.79224,284.19223,285.79224,285.89224,287.49225,285.59222,284.49225,279.79224,271.59222,268.89224,276.19223,275.79224,278.59222,278.49225,269.49225,271.69223,272.69223,268.99225,268.39224
291.19223,293.39224,294.79224,293.39224,292.29224,292.29224,293.59222,292.39224,292.69223,292.29224,291.49225,290.69223,292.29224,291.69223,289.49225,289.59222,289.59222,288.69223,288.69223,286.29224,286.39224,283.69223,287.89224,289.09222,290.79224,290.19223,290.59222,288.79224,287.69223,289.89224,290.09222,286.99225,291.19223,287.59222,285.39224,282.69223,270.19223,264.89224,274.59222,283.29224,286.79224
291.89224,292.19223,293.29224,292.49225,292.09222,291.89224,293.39224,292.29224,291.39224,291.69223,291.89224,290.19223,291.29224,290.19223,288.69223,290.39224,290.09222,290.19223,287.59222,290.29224,290.59222,289.59222,288.19223,287.39224,286.89224,288.09222,288.79224,290.09222,290.49225,290.69223,291.09222,286.19223,274.29224,266.39224,282.19223,287.99225,290.59222,291.09222,290.99225,290.99225,290.89224
290.69223,288.29224,291.59222,291.29224,292.09222,291.39224,290.89224,291.99225,289.19223,290.89224,291.99225,291.19223,291.09222,291.29224,289.79224,288.99225,290.99225,291.39224,291.39224,290.79224,289.19223,288.19223,287.89224,288.69223,289.39224,286.59222,288.79224,289.39224,289.09222,289.39224,288.09222,289.29224,286.79224,285.29224,283.79224,288.59222,279.09222,280.39224,288.19223,290.09222,287.59222
291.19223,289.69223,293.39224,292.99225,291.49225,289.69223,291.79224,290.69223,291.09222,292.19223,289.89224,289.89224,289.29224,289.19223,289.09222,291.09222,289.99225,290.89224,291.39224,289.29224,290.89224,290.49225,289.69223,290.99225,286.49225,287.79224,286.69223,287.19223,287.69223,289.99225,287.59222,289.59222,287.29224,288.09222,284.99225,287.59222,282.79224,278.69223,274.59222,273.49225,284.29224
291.69223,289.69223,293.39224,293.19223,292.59222,291.79224,290.89224,289.69223,288.99225,288.99225,288.29224,288.09222,287.29224,287.99225,288.49225,289.29224,291.49225,292.39224,291.19223,289.59222,286.79224,289.49225,288.69223,288.39224,285.79224,282.29224,285.19223,284.29224,284.19223,286.79224,286.19223,285.99225,284.89224,283.99225,284.09222,286.09222,285.79224,288.29224,284.79224,284.89224,281.69223
291.59222,290.59222,290.69223,289.39224,290.79224,289.09222,288.29224,288.79224,287.89224,286.99225,286.69223,286.19223,285.29224,286.39224,286.29224,287.39224,287.89224,288.29224,290.29224,289.19223,286.89224,288.09222,288.29224,285.39224,285.49225,285.99225,283.19223,280.99225,280.99225,280.89224,283.29224,281.69223,285.79224,285.59222,284.69223,283.39224,283.69223,284.09222,274.39224,271.99225,273.09222
291.19223,290.89224,290.09222,288.89224,288.99225,286.99225,287.09222,286.59222,285.99225,284.59222,283.79224,283.79224,284.19223,284.49225,284.19223,285.19223,285.89224,288.09222,289.99225,290.39224,289.09222,288.19223,284.99225,288.19223,286.09222,283.09222,285.39224,285.39224,283.79224,285.09222,283.59222,287.49225,287.69223,287.79224,285.79224,282.79224,282.49225,277.79224,271.59222,272.59222,274.89224
288.99225,289.29224,289.19223,288.09222,287.39224,286.49225,286.39224,283.69223,283.99225,284.39224,284.59222,284.09222,284.39224,283.49225,283.09222,283.59222,284.19223,285.39224,285.99225,285.89224,288.29224,287.69223,285.59222,284.09222,283.69223,286.99225,282.69223,284.89224,287.69223,289.39224,289.19223,287.29224,285.29224,286.29224,285.69223,285.39224,281.49225,277.49225,278.09222,278.69223,276.79224
288.09222,288.79224,288.99225,288.49225,288.29224,286.69223,283.69223,282.79224,283.09222,282.49225,279.99225,281.79224,283.69223,282.69223,283.19223,283.09222,283.09222,283.19223,283.89224,283.89224,283.69223,284.09222,283.39224,283.09222,282.59222,283.39224,282.89224,284.59222,285.19223,286.39224,288.69223,288.89224,285.59222,283.99225,283.79224,284.39224,283.99225,282.39224,281.79224,283.39224,283.09222
287.99225,288.69223,289.59222,289.39224,289.19223,286.69223,285.29224,283.59222,281.29224,281.79224,279.49225,277.99225,281.79224,281.39224,282.19223,282.69223,282.59222,281.99225,282.79224,281.99225,282.29224,281.19223,281.09222,281.29224,283.79224,284.09222,284.99225,283.89224,284.49225,283.69223,284.89224,285.89224,285.79224,284.09222,287.89224,287.09222,283.59222,284.59222,282.79224,283.09222,282.19223
288.39224,290.79224,289.09222,291.39224,289.19223,287.69223,286.39224,285.79224,284.99225,283.39224,281.19223,277.59222,279.09222,280.79224,281.49225,282.39224,282.39224,281.79224,281.89224,281.89224,281.99225,281.59222,281.99225,281.89224,282.49225,282.99225,282.79224,282.79224,282.09222,282.59222,283.49225,282.89224,282.19223,282.59222,284.09222,283.49225,282.39224,282.39224,282.09222,285.49225,281.39224
286.69223,289.99225,287.89224,290.69223,290.19223,290.19223,289.59222,288.49225,287.99225,287.79224,283.79224,281.69223,281.19223,280.59222,281.49225,282.79224,282.39224,282.19223,282.29224,282.39224,282.69223,282.39224,281.69223,281.49225,281.49225,281.39224,281.39224,281.39224,281.39224,281.29224,281.29224,282.49225,280.99225,281.19223,281.69223,282.39224,282.29224,282.09222,283.79224,287.19223,282.09222
