wind_kz.json
{"header": {"discipline":0,"disciplineName":"Meteorological products","gribEdition":2,"gribLength":1025,"center":7,"centerName":"US National Weather Service - NCEP(WMC)","subcenter":0,"refTime":"2023-09-28T06:00:00.000Z","significanceOfRT":1,"significanceOfRTName":"Start of forecast","productStatus":0,"productStatusName":"Operational products","productType":1,"productTypeName":"Forecast products","productDefinitionTemplate":0,"productDefinitionTemplateName":"Analysis/forecast at horizontal level/layer at a point in time","parameterCategory":2,"parameterCategoryName":"UnknownDiscipline_0_Category_2","parameterNumber":2,"parameterNumberName":"UnknownParameter_D0_C2_2","parameterUnit":"Unknown","genProcessType":2,"genProcessTypeName":"Forecast","forecastTime":120,"surface1Type":103,"surface1TypeName":"Specified height level above ground","surface1Value":10.0,"surface2Type":255,"surface2TypeName":"Missing","surface2Value":0.0,"gridDefinitionTemplate":0,"gridDefinitionTemplateName":"Latitude_Longitude","numberPoints":615,"shape":6,"shapeName":"Earth spherical with radius of 6,371,229.0 m","gridUnits":"degrees","resolution":48,"winds":"true","scanMode":64,"nx":41,"ny":15,"basicAngle":0,"lo1":47.0,"la1":41.0,"lo2":87.0,"la2":55.0,"dx":1.0,"dy":1.0}, "data":
[rows 0 to 14 of 15, columns 0 to 40 of 41]
2.598008,0.7180078,0.008007812,1.7380078,-4.0919924,-6.2319922,-7.221992,-7.531992,-9.171992,-4.8219924,-7.661992,-6.741992,-5.891992,-5.991992,-4.6519923,-3.1119921,-1.8319921,-3.0519922,-1.2519922,0.32800782,1.1580079,0.018007813,1.2380078,2.4080079,-1.2719922,-0.08199219,1.5180078,3.1880078,1.0680078,1.5480078,-2.2719922,1.3880078,0.20800781,-0.9219922,-1.0719922,-0.17199218,-0.8319922,-0.69199216,0.14800781,-0.6819922,-1.2219921
-0.5519922,0.7080078,3.6580079,-3.2819922,-6.391992,-5.161992,-5.8819923,-8.861992,-6.8219924,-5.701992,-6.271992,-6.2119923,-6.3019924,-6.6919923,-5.9419923,-6.271992,-6.001992,-6.261992,-4.9219923,-3.9219923,-1.7219921,0.8180078,1.7880079,3.628008,2.848008,0.31800783,1.2280078,0.80800784,3.1880078,1.1180078,0.7880078,0.41800782,-1.5019922,0.7080078,0.80800784,1.1380078,-0.16199219,-0.8919922,1.0580078,-1.6619922,-1.4219922
3.2880077,10.798008,-2.6119921,-6.541992,-7.4619923,-6.5919924,-7.4019923,-5.6519923,-6.891992,-5.8419924,-5.431992,-4.5519924,-4.911992,-5.6519923,-5.281992,-4.6919923,-4.221992,-2.8119922,-1.6619922,-0.7019922,-0.57199216,0.74800783,1.1480079,4.318008,0.6480078,1.8480078,2.0180078,3.0080078,3.0080078,0.22800781,0.8380078,0.03800781,-0.15199219,1.9380078,-0.15199219,1.8180078,0.25800782,-0.3719922,-2.3519921,-1.7419922,-0.11199219
4.988008,4.168008,-2.9919922,-5.311992,-5.351992,-6.431992,-4.971992,-5.931992,-4.7319922,-4.3019924,-3.661992,-5.971992,-6.6519923,-5.3819923,-3.5019922,-1.9519922,-0.6819922,0.9880078,2.4580078,2.6780078,2.878008,4.398008,1.5580078,1.4580078,2.4280078,2.0580077,2.7580078,-1.9519922,-2.5719922,0.3780078,3.4080079,1.9380078,3.1380079,4.5780077,4.208008,1.3280078,0.9580078,0.07800781,-2.631992,-3.0019922,-2.0819921
1.0180078,0.35800782,-0.5419922,-2.2719922,-3.871992,-5.0719924,-4.4019923,-5.3219924,-5.221992,-5.521992,-6.7119923,-6.741992,-4.7319922,-3.0419922,-0.7919922,-0.9719922,-0.56199217,1.5580078,2.1680079,3.0780077,3.9680078,3.7680078,3.608008,2.618008,1.4880078,-0.7719922,-0.16199219,-3.2619922,-0.031992186,-4.1919923,-3.2819922,-0.8319922,1.7480078,-0.8719922,1.0980078,0.8280078,-3.4319923,-5.6119924,-4.221992,-3.5619922,-3.3019922
0.8780078,-1.8119922,-2.3019922,-1.5219922,-3.6919923,-4.911992,-4.4019923,-4.5519924,-3.9219923,-4.041992,-3.9619923,-3.2819922,-1.6319922,-2.1719923,-1.7319922,-2.2519922,-1.3819922,-0.33199218,0.5380078,2.128008,4.1180077,1.8280078,0.4580078,-0.94199216,-2.7619922,-5.891992,-4.141992,-3.5519922,-2.371992,-2.391992,-2.2519922,-0.88199216,4.5380077,1.9980078,1.7280078,-7.251992,-0.7819922,-5.681992,-4.0519924,-4.431992,-4.8219924
-0.6019922,-0.9519922,-2.4719923,-1.6919922,-0.8719922,-2.0719922,-2.8619921,-2.621992,-1.6019921,-3.391992,-3.1119921,-3.0819921,-2.391992,-3.0419922,-2.7719922,-1.6219922,-2.2019923,-2.4919922,-3.131992,-5.261992,-5.6319923,-3.8319921,-4.5719924,-5.7119923,-6.041992,-5.251992,-4.021992,-3.621992,-4.351992,-3.5319922,-3.131992,-1.9019922,-3.641992,-4.781992,-6.491992,-5.4619923,-1.5519922,-2.6819923,-1.7919922,0.24800782,-2.2219923
-0.9519922,-1.4119922,-0.5919922,-0.57199216,-0.75199217,-0.23199219,-1.0319922,-0.6219922,-0.9519922,-1.5819921,-2.161992,-2.891992,-2.5919921,-3.0819921,-3.0019922,-2.6719923,-2.6919923,-3.401992,-3.881992,-6.531992,-6.8019924,-6.0919924,-5.011992,-3.3519921,-3.151992,0.3380078,-2.131992,-3.3519921,-5.761992,-4.8419924,-5.1319923,-2.6119921,-2.7919922,-2.7419922,-4.721992,-5.161992,-3.5819921,-2.631992,-6.4619923,-5.601992,-1.2719922
0.22800781,-0.24199219,-0.9219922,-0.30199218,0.11800781,0.5780078,1.2780079,0.5280078,-0.8419922,-0.63199216,-1.5319922,-1.5119922,-1.9419922,-1.2519922,-2.5619922,-3.0319922,-3.4319923,-3.901992,-3.1919923,-4.011992,-5.9219923,-5.161992,-4.8819923,-4.6519923,-4.011992,-2.651992,-2.8319921,-2.9619923,-3.1819923,-4.031992,-5.2319922,-4.471992,-3.3219922,-3.4619923,-3.0119922,-3.651992,-3.7419922,-0.7919922,0.32800782,-1.4519922,-1.4119922
0.5280078,0.7880078,1.3880078,0.2680078,1.5080078,0.8880078,0.15800782,-0.9519922,-1.8819922,0.74800783,-0.8519922,-1.4519922,-0.63199216,-1.0019922,-2.3219922,-3.0819921,-3.891992,-3.9219923,-3.8619921,-4.501992,-5.6919923,-5.161992,-4.8619924,-5.031992,-5.1519923,-5.771992,-5.451992,-5.491992,-5.451992,-5.3219924,-4.311992,-3.131992,-1.5619922,-1.6719922,-1.8819922,-2.5919921,-0.4119922,-0.9819922,0.18800782,-0.5219922,-1.0819921
1.0980078,1.1980078,1.5880078,0.31800783,1.0480078,-0.1919922,0.6980078,1.6480079,-0.9519922,0.13800782,1.4680078,0.8580078,-0.3819922,-0.11199219,-0.6219922,-1.3119922,-2.411992,-2.2819922,-3.1819923,-4.1119924,-3.7819922,-4.291992,-4.3619924,-4.411992,-4.0919924,-3.7119923,-4.501992,-4.021992,-4.251992,-3.2219923,-3.0919921,-2.6819923,-3.5419922,-3.5319922,-2.2719922,0.048007812,0.4380078,-0.7919922,-0.7419922,-0.7819922,-0.6619922
-1.0719922,-0.75199217,1.4080079,1.7480078,-0.16199219,-0.6219922,0.03800781,-0.2219922,-1.2419922,0.3780078,0.14800781,1.3880078,1.2680078,1.3480078,1.6580079,1.3380078,0.8180078,-0.6019922,-1.1419922,-1.8419921,-2.121992,-2.5419922,-2.8019922,-2.4619923,-2.6919923,-2.4319923,-2.4819922,-2.5219922,-2.5419922,-2.4219923,-2.7119923,-2.871992,-2.8319921,-3.4519923,-3.4419923,-4.4019923,-4.4619923,-2.9919922,-1.8119922,-1.1019921,-0.9019922
0.23800781,0.9680078,0.09800781,-0.6019922,2.368008,1.0980078,0.93800783,1.6180078,0.6580078,0.5080078,-0.05199219,1.4880078,2.1580079,3.118008,2.7480078,1.9880078,1.9780078,1.8680078,0.9580078,0.6980078,0.7680078,0.8380078,0.7580078,0.3380078,-0.121992186,-0.43199217,-1.0019922,-1.2019922,-0.9219922,-1.3119922,-1.6619922,-1.9519922,-2.2819922,-1.9719921,-2.161992,-2.3319921,-2.2619922,-1.5519922,-2.5919921,-2.161992,-1.0719922
1.8280078,1.4780078,1.7780079,1.7680078,0.8780078,0.99800783,1.6880078,3.098008,2.338008,1.5280079,1.4680078,0.8780078,1.0780078,3.618008,2.8980079,2.9180079,2.858008,2.6380079,1.9480078,2.2980077,1.8180078,2.0580077,1.7580078,1.4880078,1.2680078,1.1180078,1.1480079,1.4180079,1.4480078,1.5180078,1.4380078,1.2180078,1.0780078,0.9780078,0.6580078,0.8880078,0.4080078,0.018007813,0.3780078,0.21800782,-0.7019922
1.6880078,2.7280078,3.6380079,2.598008,2.2980077,1.6680079,2.7080078,2.5480077,3.0780077,1.8080078,1.0680078,2.6980078,0.9780078,0.93800783,3.4480078,3.608008,3.6980078,3.5780077,3.2080078,3.608008,3.378008,3.3080077,3.0780077,2.878008,2.7980077,2.7080078,2.9780078,3.2280078,3.1680079,3.2080078,3.0080078,4.0580077,3.1980078,2.9480078,2.7880077,3.0480077,2.4480078,3.108008,2.4880078,1.5880078,0.8880078
