wind_kz.json
{"header": {"discipline":0,"disciplineName":"Meteorological products","gribEdition":2,"gribLength":1025,"center":7,"centerName":"US National Weather Service - NCEP(WMC)","subcenter":0,"refTime":"2023-09-08T12:00:00.000Z","significanceOfRT":1,"significanceOfRTName":"Start of forecast","productStatus":0,"productStatusName":"Operational products","productType":1,"productTypeName":"Forecast products","productDefinitionTemplate":0,"productDefinitionTemplateName":"Analysis/forecast at horizontal level/layer at a point in time","parameterCategory":2,"parameterCategoryName":"UnknownDiscipline_0_Category_2","parameterNumber":2,"parameterNumberName":"UnknownParameter_D0_C2_2","parameterUnit":"Unknown","genProcessType":2,"genProcessTypeName":"Forecast","forecastTime":300,"surface1Type":103,"surface1TypeName":"Specified height level above ground","surface1Value":10.0,"surface2Type":255,"surface2TypeName":"Missing","surface2Value":0.0,"gridDefinitionTemplate":0,"gridDefinitionTemplateName":"Latitude_Longitude","numberPoints":615,"shape":6,"shapeName":"Earth spherical with radius of 6,371,229.0 m","gridUnits":"degrees","resolution":48,"winds":"true","scanMode":64,"nx":41,"ny":15,"basicAngle":0,"lo1":47.0,"la1":41.0,"lo2":87.0,"la2":55.0,"dx":1.0,"dy":1.0}, "data":
[rows 0 to 14 of 15, columns 0 to 40 of 41]
0.54048705,-0.47951293,1.340487,-5.469513,-8.979513,-10.139513,-10.039513,-10.879513,-11.399513,-7.539513,-6.429513,-6.579513,-5.329513,-4.629513,-4.399513,-4.4595127,-2.939513,-3.509513,-4.949513,-3.459513,-3.5395129,-1.1395129,-1.8995129,-2.709513,-0.24951294,-1.209513,-2.639513,-1.2495129,0.06048706,0.55048704,0.92048705,1.090487,-0.69951296,-0.52951294,4.150487,3.540487,3.620487,-4.9595127,-2.0395129,-0.39951295,-2.5395129
2.250487,1.800487,-5.699513,-10.069513,-10.869513,-9.809513,-8.529513,-9.579513,-8.939513,-7.4595127,-6.879513,-5.899513,-4.629513,-4.2095127,-3.599513,-4.559513,-2.8195128,-4.759513,-4.269513,-4.029513,-3.2895129,-2.7895129,-1.289513,-3.0895128,-0.6695129,1.3604871,-0.07951294,0.34048706,-1.4795129,-0.33951294,0.15048707,0.25048706,-1.1095129,-2.159513,-0.41951293,-1.4995129,-0.89951295,-0.78951293,0.07048706,0.20048706,-4.009513
0.120487064,-7.299513,-11.279513,-11.429513,-10.569513,-8.589513,-9.039513,-7.489513,-8.709513,-7.139513,-5.769513,-5.839513,-4.759513,-4.899513,-4.6895127,-4.879513,-4.379513,-4.329513,-4.239513,-3.379513,-1.799513,-3.0495129,-4.629513,-4.649513,-0.01951294,-3.529513,-2.969513,-1.7695129,-2.189513,-0.72951293,-1.569513,0.40048707,-0.06951294,0.24048705,-0.5495129,-0.77951294,0.37048706,-0.34951293,3.630487,3.290487,0.96048707
-2.369513,-9.349513,-11.6995125,-10.049513,-7.9595127,-8.039513,-6.309513,-7.429513,-6.809513,-5.649513,-5.199513,-4.889513,-6.579513,-6.389513,-4.259513,-4.639513,-3.869513,-3.8395128,-3.859513,-3.409513,-2.959513,-2.909513,-1.689513,-2.029513,-1.309513,-2.489513,-2.189513,-1.189513,-0.94951296,1.300487,0.86048704,-0.11951294,-0.6695129,-1.589513,-2.899513,-1.0195129,-1.3495129,1.8904871,0.17048706,0.86048704,3.110487
-8.369513,-10.369513,-10.1595125,-8.529513,-8.309513,-7.269513,-7.1695127,-5.279513,-4.9595127,-4.2095127,-4.509513,-4.349513,-5.469513,-5.269513,-4.619513,-3.5695128,-3.7995129,-3.119513,-2.749513,-2.709513,-2.649513,-2.359513,-3.029513,-2.919513,-3.109513,-3.099513,-0.39951295,2.240487,1.930487,1.6204871,1.060487,-0.82951295,-1.199513,1.2704871,-0.58951294,-0.7395129,4.8706055E-4,-3.189513,0.6304871,2.630487,-3.649513
-7.4595127,-6.529513,-9.209513,-8.829513,-8.919513,-8.749513,-5.779513,-4.599513,-4.039513,-3.7995129,-3.489513,-3.5695128,-3.469513,-3.649513,-4.139513,-3.5595129,-3.509513,-3.429513,-3.019513,-1.8895129,-3.159513,-2.169513,0.81048703,0.16048706,1.430487,-0.14951295,0.17048706,-0.28951293,-0.16951294,1.800487,2.9104872,2.470487,2.9304872,1.6404871,0.7604871,-1.309513,2.4304872,2.790487,5.460487,-2.7895129,-2.239513
-6.6895127,-6.659513,-6.719513,-6.7095127,-7.749513,-5.199513,-4.699513,-4.379513,-3.8195128,-3.3195128,-3.0695128,-2.709513,-2.919513,-2.459513,-1.919513,-1.949513,-1.939513,-2.209513,-2.169513,-2.3395128,-1.809513,-1.669513,-1.419513,-0.37951294,-0.06951294,1.5004871,0.8804871,-0.23951294,-0.21951294,-0.7395129,0.02048706,1.050487,0.7504871,3.010487,-0.94951296,-1.299513,-0.7995129,2.770487,0.11048706,0.61048704,2.880487
-6.1895127,-6.4595127,-6.569513,-5.629513,-4.659513,-4.059513,-3.519513,-3.379513,-2.779513,-2.929513,-2.8395128,-2.0895128,-0.23951294,0.07048706,1.420487,1.430487,1.3504871,0.5104871,-0.41951293,-0.25951293,1.2204871,0.62048703,0.29048705,0.010487061,-0.03951294,0.30048707,1.670487,1.790487,1.7604871,1.540487,0.96048707,1.7304871,1.3804871,-0.23951294,1.040487,-0.70951295,-0.07951294,0.49048707,1.840487,2.050487,0.17048706
-4.499513,-4.469513,-4.239513,-3.499513,-2.989513,-2.499513,-2.5495129,-2.619513,-2.209513,-0.95951295,-0.62951297,0.15048707,1.6504871,1.7504871,2.790487,3.030487,3.4604871,2.9104872,3.090487,2.650487,1.960487,2.270487,2.7104871,2.1704872,2.350487,2.900487,2.000487,1.930487,2.480487,1.9804871,2.630487,2.7004871,2.1804872,1.320487,1.7204871,1.2504871,0.21048707,-1.949513,1.430487,0.59048706,-0.05951294
-3.179513,-2.479513,-2.5595129,-2.3395128,-2.389513,-1.909513,-1.4695129,-0.71951294,0.38048705,1.2504871,2.270487,2.4604871,2.380487,2.7004871,2.740487,3.250487,3.360487,3.490487,3.270487,3.1604872,3.520487,3.990487,3.980487,3.760487,3.390487,3.100487,3.530487,3.540487,3.490487,4.0804873,2.620487,3.260487,3.150487,2.400487,1.800487,0.59048706,-0.07951294,1.4704871,1.700487,0.96048707,-0.34951293
-1.679513,-1.0995129,-1.5295129,-1.039513,-0.46951294,-0.049512938,0.91048706,1.7804871,1.180487,1.4904871,1.700487,2.100487,1.840487,3.220487,3.520487,3.1904871,3.340487,3.750487,2.770487,3.580487,3.730487,3.580487,3.800487,3.480487,3.300487,3.390487,3.540487,4.120487,4.700487,3.400487,3.720487,3.1904871,2.550487,1.8804871,2.570487,0.040487062,-0.28951293,0.97048706,0.86048704,0.85048705,-0.16951294
-1.409513,-0.76951295,-0.48951295,-0.32951295,-0.08951294,0.040487062,0.21048707,0.23048706,0.52048707,-0.22951294,-0.16951294,2.280487,2.720487,3.1804872,4.000487,3.6704872,3.840487,4.120487,2.790487,3.7004871,3.4604871,3.860487,3.630487,3.150487,3.650487,4.480487,4.620487,4.670487,4.650487,3.740487,3.110487,2.860487,1.710487,1.8904871,2.1804872,2.140487,1.450487,2.060487,1.4904871,0.8804871,-0.24951294
0.08048706,0.72048706,0.55048704,0.28048706,0.5804871,0.18048707,0.90048707,0.99048704,1.430487,-0.08951294,0.23048706,1.420487,2.390487,3.620487,3.530487,3.4504871,3.070487,3.350487,2.6804872,3.4604871,2.900487,3.340487,3.6604872,3.980487,4.570487,4.3304873,5.860487,4.550487,3.9104872,4.510487,3.300487,2.620487,1.6004871,2.9204872,3.1904871,2.890487,3.040487,1.1404871,2.4304872,2.750487,1.4004871
1.320487,1.080487,1.2304871,2.050487,1.2304871,1.2504871,1.4904871,2.140487,1.8804871,1.320487,0.22048706,0.9504871,1.930487,2.900487,3.6904871,3.470487,3.390487,3.330487,2.830487,3.390487,3.300487,3.540487,4.490487,4.0404873,4.410487,3.740487,3.4404871,4.010487,4.130487,4.860487,4.430487,3.290487,1.670487,3.150487,3.4204872,2.790487,2.100487,1.6104871,1.170487,0.97048706,-0.02951294
0.52048707,2.120487,2.640487,2.500487,2.730487,1.8804871,3.250487,2.2104871,3.230487,0.8804871,-0.59951293,1.660487,1.6204871,1.3704871,3.080487,2.9604871,2.9404871,3.050487,3.010487,2.850487,3.070487,3.1904871,2.9504871,3.2104871,3.030487,2.990487,2.840487,3.610487,3.760487,4.3104873,5.260487,6.390487,2.820487,2.970487,3.750487,3.7004871,2.650487,2.390487,1.060487,0.60048705,-0.96951294
