wind_kz.json
{"header": {"discipline":0,"disciplineName":"Meteorological products","gribEdition":2,"gribLength":1025,"center":7,"centerName":"US National Weather Service - NCEP(WMC)","subcenter":0,"refTime":"2023-09-09T18:00:00.000Z","significanceOfRT":1,"significanceOfRTName":"Start of forecast","productStatus":0,"productStatusName":"Operational products","productType":1,"productTypeName":"Forecast products","productDefinitionTemplate":0,"productDefinitionTemplateName":"Analysis/forecast at horizontal level/layer at a point in time","parameterCategory":2,"parameterCategoryName":"UnknownDiscipline_0_Category_2","parameterNumber":2,"parameterNumberName":"UnknownParameter_D0_C2_2","parameterUnit":"Unknown","genProcessType":2,"genProcessTypeName":"Forecast","forecastTime":240,"surface1Type":103,"surface1TypeName":"Specified height level above ground","surface1Value":10.0,"surface2Type":255,"surface2TypeName":"Missing","surface2Value":0.0,"gridDefinitionTemplate":0,"gridDefinitionTemplateName":"Latitude_Longitude","numberPoints":615,"shape":6,"shapeName":"Earth spherical with radius of 6,371,229.0 m","gridUnits":"degrees","resolution":48,"winds":"true","scanMode":64,"nx":41,"ny":15,"basicAngle":0,"lo1":47.0,"la1":41.0,"lo2":87.0,"la2":55.0,"dx":1.0,"dy":1.0}, "data":
[rows 0 to 14 of 15, columns 0 to 40 of 41]
-2.0239594,-0.32395935,0.01604065,-1.3939594,-8.933959,-9.96396,-8.023959,-7.733959,-8.09396,-4.8239594,-4.3039594,-4.503959,-4.563959,-3.5939593,-2.9539595,-2.2539594,-2.7839594,-1.7539593,-3.6239593,-1.9339594,-2.5639594,-0.7339594,-2.2139595,-2.1339593,0.0060406495,-2.3039594,-3.2239594,-0.25395936,1.0060407,0.8360407,1.4260406,-0.28395936,0.22604065,1.0360407,-2.1439593,-1.2539593,-4.7639594,-4.733959,-3.9939594,-1.5539594,-3.7639594
1.7560407,-1.3939594,-1.6439594,-7.9039593,-10.1639595,-8.113959,-6.1039596,-5.7039595,-4.4039593,-3.2939594,-4.2839594,-4.943959,-4.3639593,-3.4439592,-2.2839594,-2.9939594,-2.3839593,-3.4139593,-3.1739593,-2.4139593,-1.4139594,0.37604064,-1.0439594,-2.5639594,-0.16395935,0.47604066,-0.36395934,-0.29395935,-3.9039593,-1.3439593,0.13604064,-0.56395936,0.49604064,-1.9839593,0.5760406,1.0460407,-0.9139593,-0.18395935,-1.8139594,1.8260406,1.0260407
-0.94395936,-1.4639593,-6.293959,-8.313959,-7.1439595,-4.8939595,-4.6139593,-3.7939594,-4.313959,-5.6239595,-5.503959,-5.793959,-4.1239595,-3.0639594,-2.0239594,-3.2139595,-2.4839594,-1.6239593,-2.5639594,-1.2839594,-0.9739593,-3.2639594,-3.4639595,-4.1039596,-1.3139594,-2.8439593,-0.55395937,2.1760406,-1.8039594,-0.70395935,-2.1039593,3.0460405,-0.46395934,-0.02395935,-0.18395935,-1.0339594,-0.77395934,-0.63395935,5.1160407,4.556041,1.0760406
-3.5339594,-5.213959,-6.0139594,-3.2939594,-4.7239594,-2.8339593,-3.1739593,-3.4739594,-3.2439594,-4.3739595,-3.9739594,-4.0739594,-3.0439594,-2.1439593,-0.99395937,-0.93395936,-0.34395936,-2.4639595,-1.9039594,-1.8839593,-1.3439593,-2.6539593,1.2260406,-2.8339593,-3.0339594,-2.4639595,-3.5839593,-5.253959,-1.2439593,1.9160407,-4.983959,-5.3439593,-4.5339594,-4.3239594,-5.0939593,-2.5539594,-1.0839593,2.4760406,-0.12395935,1.4260406,6.936041
-8.303959,-7.3939595,-7.483959,-7.0839596,-4.543959,-3.0839593,-3.9739594,-3.7939594,-2.3839593,-3.7339594,-0.89395934,-1.2639594,0.18604065,1.0360407,2.0360405,1.8460406,-0.51395935,-0.8539593,-2.4039593,-2.1839592,0.20604065,0.5160406,-1.7939594,-1.6639594,-1.8239594,-3.4839594,-3.0739594,-2.5139594,-3.3139594,-2.3039594,-2.1739593,-2.4639595,-2.2039595,2.2360406,0.42604065,0.5260407,0.8360407,0.94604063,1.1660407,4.2360406,4.7360406
-1.0739594,-0.20395935,-4.7639594,-3.8139594,-2.8639593,-1.8639593,-1.6539594,-0.51395935,-0.56395936,-0.03395935,2.3060408,1.3860407,3.1860406,4.9060407,5.0760407,3.6660407,1.7960407,-1.8439593,-2.2839594,-1.1339593,0.44604066,0.9660407,1.5060407,1.4860406,-0.28395936,-2.1039593,0.24604064,-0.69395936,-0.12395935,-0.9239594,-1.6339593,-3.0039594,-3.3739593,-2.5139594,-0.43395936,-2.8139594,0.75604063,2.6960406,2.2060406,6.726041,6.6560407
1.0460407,-0.12395935,0.49604064,0.66604066,0.93604064,2.0360405,2.7960405,1.2160406,3.1260407,3.0460405,3.7760406,3.6260407,3.8660407,3.9060407,3.9060407,4.286041,3.6960406,-2.2839594,-2.3139594,-0.51395935,0.99604064,1.0060407,-0.48395935,-1.6739594,2.3860407,0.80604064,0.72604066,2.3360407,2.2360406,0.41604066,-1.2039593,-0.7239593,0.43604064,-4.8239594,-3.8239594,-2.4139593,-0.6039593,0.91604066,1.3360406,0.8860406,3.1060407
-2.9939594,-0.15395935,-0.62395936,0.24604064,2.5660408,2.8160408,3.2260406,3.4360406,3.9260406,3.9560406,3.7960405,4.0960407,4.0860405,-1.7439593,-1.8539593,-0.02395935,-1.2539593,0.24604064,0.9660407,-0.30395934,1.4160407,1.2160406,0.55604064,-2.7239594,-2.0939593,-0.03395935,-0.30395934,1.9160407,0.93604064,3.1760406,3.3160408,3.1460407,0.026040649,0.47604066,0.5160406,2.1460407,2.7260406,5.286041,2.4760406,6.1160407,1.3060406
1.7960407,3.3360407,0.85604066,1.1760406,1.3760407,3.4160407,4.1360407,4.1460404,3.8860407,3.9060407,4.3560405,4.0660405,4.3260407,2.1460407,2.0360405,2.4760406,2.8660407,2.9260406,1.5460407,1.6260407,1.6160407,1.9360406,1.5060407,0.47604066,-0.83395934,-1.2039593,-0.21395935,1.8060406,2.0460405,1.2060406,0.6360406,2.1960406,3.4060407,1.5560406,1.1060406,0.62604064,0.8860406,-0.41395935,0.20604065,1.1260407,-0.093959354
-1.1839594,-1.0939593,-0.18395935,1.9160407,3.0560408,2.4160407,3.0860407,3.9560406,3.8360407,3.6460407,3.7560406,4.056041,4.286041,4.8760405,3.0560408,3.0460405,2.4060407,2.9460406,1.9560406,1.9960407,2.4660406,2.5860407,2.5060406,3.1060407,-0.77395934,0.54604065,2.1860406,2.9760406,2.5360405,3.1360407,3.7060406,1.9460406,2.5160406,5.0060406,-1.3439593,-1.4239594,-2.1039593,-0.34395936,-0.56395936,1.0460407,-1.3339593
3.2460406,3.2760406,2.7060406,2.7160406,2.1160407,2.2060406,2.8060408,2.0860407,3.2560406,2.3560407,2.2560406,3.6460407,4.306041,4.0760407,3.3660407,3.2560406,3.3660407,2.7560406,1.6660407,2.7860405,3.0960407,1.7160406,2.3360407,2.9360406,1.8760407,1.4160407,2.5260406,3.5360405,3.9460406,5.976041,5.6660404,3.2460406,0.7660406,2.3760407,-1.3139594,-2.0539594,-1.4939593,0.7060406,-0.62395936,0.86604065,-0.99395937
2.2060406,2.7660406,2.8160408,3.5160406,3.6960406,3.6460407,3.1760406,2.5260406,3.1360407,3.1560407,2.9460406,3.6960406,3.3660407,3.3160408,3.9060407,4.536041,4.2560406,3.0160406,1.9860406,2.5160406,1.9360406,2.1360407,1.4560406,2.0260406,3.0660408,2.8360407,3.6460407,3.4060407,6.306041,6.5760407,4.496041,2.4260406,2.6560407,3.5160406,1.6760406,-1.1939594,-0.9239594,-0.8639594,-0.31395936,-0.28395936,-0.22395936
0.97604066,0.30604064,-0.68395936,1.5360407,2.0360405,2.8860407,3.4460406,5.056041,5.306041,4.8860407,3.3160408,5.4460406,3.4560406,4.2960405,3.5560408,3.8060408,4.976041,3.7360406,2.4460406,1.7560407,1.1760406,0.68604064,1.1060406,1.7360406,3.5860407,2.8060408,5.3960404,4.7960405,5.786041,3.7960405,1.2160406,1.3260406,3.7060406,4.3360405,-1.0439594,-1.8239594,-1.4739593,-1.3039594,-1.5039593,-0.7939594,-1.0339594
-2.6939592,-1.7139593,-1.0439594,-0.62395936,0.04604065,0.47604066,0.42604065,0.61604065,1.3060406,1.0260407,2.6460407,5.5960407,6.5860405,4.8960404,5.0960407,4.436041,4.9860406,4.1160407,1.5260407,2.4360406,2.2660406,1.8860407,1.8060406,2.0060406,3.0960407,2.8660407,2.9960406,2.9460406,3.1860406,0.92604065,0.43604064,1.6460407,1.9760406,-1.7739594,-1.5239594,-2.0339594,-1.0939593,-0.84395933,-1.7639594,-0.88395935,-0.6639593
-0.63395935,0.07604065,-0.38395935,0.21604066,1.1160407,1.4960407,2.4460406,2.9860406,3.3360407,2.7960405,2.1360407,4.286041,4.746041,3.9660406,6.4660406,5.286041,3.4660406,3.8360407,1.7660407,2.1160407,1.5060407,1.5560406,1.4060407,1.4960407,1.0960406,1.8560406,2.0960407,2.7360406,2.7660406,1.4860406,2.1860406,1.5960406,-0.9839594,-2.0639594,-1.2839594,0.07604065,-1.2639594,0.13604064,-0.82395935,-0.8539593,-1.1539594
