wind_kz.json
{"header": {"discipline":0,"disciplineName":"Meteorological products","gribEdition":2,"gribLength":1025,"center":7,"centerName":"US National Weather Service - NCEP(WMC)","subcenter":0,"refTime":"2023-09-26T18:00:00.000Z","significanceOfRT":1,"significanceOfRTName":"Start of forecast","productStatus":0,"productStatusName":"Operational products","productType":1,"productTypeName":"Forecast products","productDefinitionTemplate":0,"productDefinitionTemplateName":"Analysis/forecast at horizontal level/layer at a point in time","parameterCategory":2,"parameterCategoryName":"UnknownDiscipline_0_Category_2","parameterNumber":3,"parameterNumberName":"UnknownParameter_D0_C2_3","parameterUnit":"Unknown","genProcessType":2,"genProcessTypeName":"Forecast","forecastTime":180,"surface1Type":103,"surface1TypeName":"Specified height level above ground","surface1Value":10.0,"surface2Type":255,"surface2TypeName":"Missing","surface2Value":0.0,"gridDefinitionTemplate":0,"gridDefinitionTemplateName":"Latitude_Longitude","numberPoints":615,"shape":6,"shapeName":"Earth spherical with radius of 6,371,229.0 m","gridUnits":"degrees","resolution":48,"winds":"true","scanMode":64,"nx":41,"ny":15,"basicAngle":0,"lo1":47.0,"la1":41.0,"lo2":87.0,"la2":55.0,"dx":1.0,"dy":1.0}, "data":
[rows 0 to 14 of 15, columns 0 to 40 of 41]
4.0437183,1.8237183,1.4237182,-1.1062818,-3.9262817,-4.5762815,-4.9362817,-5.196282,-3.0062819,-2.8362818,-6.386282,-5.966282,-1.8062817,-1.5762818,1.0037183,-0.19628173,0.63371825,0.28371826,-1.5762818,-1.6162817,-2.0362818,-2.7262816,2.0337183,-0.5162817,2.1437182,1.8137183,0.20371826,1.1837182,-0.34628174,-1.7662817,-0.106281735,2.3437183,-0.39628175,0.43371826,2.6037183,2.1537182,2.1837182,0.83371824,0.41371825,-0.29628173,0.113718264
3.1937182,-0.066281736,1.7637182,-0.26628172,-1.9462818,-2.4762816,-6.1462817,-4.5762815,-1.9262817,-2.9162817,-5.1662817,-7.8662815,-6.2262816,-4.566282,-2.8162818,-0.37628174,1.6937183,0.16371827,2.3437183,-0.44628173,-2.2262816,-2.8262818,0.15371826,2.9437182,2.7437181,2.7737184,2.8337183,1.8037182,-0.55628175,2.1237183,0.26371825,1.2637182,-0.47628173,0.40371826,1.9937183,3.0437183,1.9337182,2.9637182,2.0137184,1.9437183,-0.23628174
0.9837183,-3.1862817,-0.35628173,-0.36628175,-2.1962817,-2.6062818,-2.6562817,-3.1962817,-2.0762818,-1.4962817,-2.0462818,-2.9062817,-5.446282,-4.926282,-3.2662818,-1.6862817,0.89371824,3.3137183,3.2437181,-0.93628174,-2.4162817,-1.6362817,1.0137182,2.1037183,-0.59628177,-1.2762817,-0.79628175,-2.2262816,-1.4762818,-2.6062818,-0.6462817,0.89371824,-1.4062817,2.0837183,0.9237183,-2.8462818,-3.9262817,1.2437183,-1.5062817,2.0637183,2.5237184
0.0037182616,-2.1462817,-2.7762818,-2.0662818,-3.7562819,-4.2462816,-2.5762818,-3.3462818,-0.5762817,-0.62628174,-2.9962816,-2.7262816,-1.8362818,-3.6662817,-4.906282,-0.37628174,1.1737182,4.5837183,3.2137182,-0.48628175,-1.8162818,0.15371826,1.3937182,1.0337182,0.6037183,-0.42628175,-0.81628174,-1.4762818,-0.30628175,-0.50628173,-1.3562818,1.2137183,1.4337182,0.40371826,0.94371825,1.5737183,4.1437182,3.2637184,-3.6162817,-3.2662818,-3.8962817
-0.26628172,-1.0862818,-1.1962818,-2.3862817,-3.7862818,-5.1062818,-3.3762817,-2.6862817,-1.5562817,1.4037182,-1.0762818,-3.3762817,-2.0462818,-3.6862817,-3.9362817,0.76371825,4.413718,4.163718,3.1237183,0.63371825,0.23371826,1.8537183,1.5437182,1.6037183,1.7337183,1.0637183,-0.43628174,-0.25628173,-0.106281735,-0.9662817,0.013718261,0.24371827,2.8637183,2.3137183,0.83371824,1.0137182,1.1437182,0.89371824,-1.1862817,-2.9362817,-4.386282
-0.056281738,-0.13628174,-1.2362818,-2.8062818,-4.256282,-5.066282,-5.426282,-4.756282,-2.3762817,1.4037182,0.31371826,-2.2162817,-2.4262817,-3.4262817,-2.7462816,0.9837183,2.4637182,2.5037184,2.3237183,1.1037183,1.4937183,1.5137182,2.2037182,2.5837183,3.1137183,1.2037183,-0.53628176,-1.5462817,0.23371826,-0.87628174,-0.6462817,1.7737182,1.4737183,1.2237183,0.69371825,-2.7862818,-2.5562818,-2.9862816,-2.7762818,-3.3162818,-3.0962818
0.5437183,-0.36628175,-0.32628173,-0.5162817,-2.7062817,-4.1062818,-4.196282,-4.676282,-3.6062818,3.0437183,3.4337182,0.37371826,-0.18628174,-4.7262816,-2.0862818,0.06371826,2.2737184,2.6837182,2.4237182,1.9237182,2.2637184,2.0237184,2.7737184,2.9537182,2.3637183,1.7537183,0.9137183,-0.36628175,0.12371826,-0.97628176,-0.41628173,-0.066281736,-1.6662817,-0.21628174,0.9837183,1.0037183,1.9437183,2.9037182,-0.7162817,2.1937182,-1.7462817
0.113718264,-0.69628173,0.5937183,0.58371824,-0.7662817,-3.3562818,-3.5962818,-3.8862817,-3.1662817,1.3537183,2.1837182,1.8537183,-0.04628174,-0.38628173,-1.9862818,1.7837182,2.4337182,1.4937183,2.0337183,2.3337183,3.0737183,3.3137183,2.1737182,2.4237182,2.4337182,2.5237184,2.5337183,1.0637183,0.13371827,-0.87628174,-0.18628174,-0.7662817,-0.8262817,-3.5862818,-0.39628175,-1.5662818,-1.3862817,0.7937183,2.0137184,-2.8962817,-1.4262817
0.34371826,0.06371826,1.2437183,-0.03628174,-0.50628173,-1.8562818,-2.4062817,-3.5162818,-2.8362818,-1.1062818,1.1637182,1.5037183,3.2837183,1.1337183,-3.9362817,2.1237183,3.2637184,2.1137183,1.7637182,3.1137183,4.3337183,3.7137182,3.6037183,2.8737183,2.3837183,2.2137182,2.6037183,1.4937183,1.0537182,1.1137183,0.9137183,-0.73628175,-2.0862818,-2.0662818,-2.9062817,-1.6062818,-2.5862818,-0.9562817,0.8437183,0.77371824,1.0037183
2.2737184,1.7437183,1.1237183,0.0037182616,0.30371827,-1.6262817,-2.6462817,-3.1462817,-3.2862818,-1.5262817,-0.36628175,1.7237183,4.663718,4.6237183,-1.2662817,-1.6462817,3.6437182,2.6437182,1.5237182,2.6837182,3.8037183,3.7037182,2.7237182,2.4437182,2.4937181,3.1737182,1.9837183,2.1137183,1.6437182,1.4137182,0.9237183,-0.67628175,-2.8962817,-2.0262818,-2.7362816,-1.0662818,0.26371825,1.9937183,0.013718261,0.26371825,2.5037184
3.8037183,2.8837183,1.2337183,0.06371826,0.6037183,-0.62628174,-1.6762817,-2.2762818,-2.5862818,-0.8962817,-1.0462817,-1.2162818,0.14371826,5.9237185,3.1037183,-3.0362818,3.5837183,4.1937184,3.0537183,3.2137182,2.9937181,2.4337182,1.9037182,2.8837183,3.8337183,3.4337182,2.8937182,1.9837183,1.3937182,1.8037182,0.6637183,-0.24628174,-1.3262818,-2.4262817,-2.6562817,-2.0462818,-0.24628174,-0.42628175,1.0937183,1.0737183,1.4237182
4.163718,3.7037182,2.3337183,1.2637182,0.32371825,-0.07628174,-1.2262818,-0.79628175,-2.6062818,-1.9762818,0.42371827,-0.80628175,2.5137184,3.4637182,4.3737183,-1.2062818,0.63371825,4.203718,3.6837182,3.4637182,4.0837183,2.6737182,1.8337183,3.2737184,4.0037184,3.1137183,3.0237184,3.0637183,2.6437182,1.7737182,0.9837183,0.27371827,-1.3362818,-1.9762818,-1.1562817,-1.9562818,-2.2862818,-2.1962817,-1.9962817,-0.5262817,-0.81628174
4.573718,5.0637183,3.2237182,1.9737183,0.96371824,0.55371827,0.39371827,-0.62628174,-2.8962817,-1.6262817,0.19371825,-1.4062817,-1.4462818,1.9337182,3.7237182,1.8737183,-1.6462817,2.9937181,4.1037183,3.7937183,4.6437182,4.163718,3.0937183,3.4737182,3.7237182,3.6437182,3.5337183,3.5137184,2.8637183,2.1737182,1.4937183,0.9837183,0.29371825,-0.54628175,-1.7462817,-1.3562818,-1.1462817,-0.80628175,-0.62628174,-0.47628173,-0.45628175
5.6937184,4.723718,4.3837185,2.9237182,1.8537183,2.5937183,1.4137182,0.24371827,-0.5262817,-0.066281736,0.15371826,-0.23628174,-1.2062818,-0.29628173,2.7837183,1.4537183,2.0437183,2.3737183,3.5837183,4.223718,3.9337182,4.3937182,3.5037184,3.3837183,3.1537182,3.6437182,4.0837183,3.7237182,3.2337182,2.8037183,2.1937182,1.4137182,1.0137182,0.50371826,-0.106281735,-0.8262817,-0.7762817,-0.8362817,-0.29628173,-0.40628174,-0.49628174
4.3137183,5.573718,5.573718,3.9637182,2.9037182,2.4237182,1.4837183,0.51371825,-0.5862817,0.06371826,1.0837183,0.043718264,-0.6562817,-1.0862818,-2.2462816,1.7637182,0.7937183,2.1537182,2.2137182,3.3337183,4.013718,3.8337183,4.243718,3.9537182,3.8637183,4.033718,4.413718,4.1937184,3.6637182,3.2737184,3.0937183,2.1937182,1.7037183,1.2237183,1.3037182,0.58371824,0.29371825,0.45371827,0.51371825,-0.45628175,-0.23628174
