wind_kz.json
{"header": {"discipline":0,"disciplineName":"Meteorological products","gribEdition":2,"gribLength":1025,"center":7,"centerName":"US National Weather Service - NCEP(WMC)","subcenter":0,"refTime":"2024-02-03T06:00:00.000Z","significanceOfRT":1,"significanceOfRTName":"Start of forecast","productStatus":0,"productStatusName":"Operational products","productType":1,"productTypeName":"Forecast products","productDefinitionTemplate":0,"productDefinitionTemplateName":"Analysis/forecast at horizontal level/layer at a point in time","parameterCategory":2,"parameterCategoryName":"UnknownDiscipline_0_Category_2","parameterNumber":3,"parameterNumberName":"UnknownParameter_D0_C2_3","parameterUnit":"Unknown","genProcessType":2,"genProcessTypeName":"Forecast","forecastTime":180,"surface1Type":103,"surface1TypeName":"Specified height level above ground","surface1Value":10.0,"surface2Type":255,"surface2TypeName":"Missing","surface2Value":0.0,"gridDefinitionTemplate":0,"gridDefinitionTemplateName":"Latitude_Longitude","numberPoints":615,"shape":6,"shapeName":"Earth spherical with radius of 6,371,229.0 m","gridUnits":"degrees","resolution":48,"winds":"true","scanMode":64,"nx":41,"ny":15,"basicAngle":0,"lo1":47.0,"la1":41.0,"lo2":87.0,"la2":55.0,"dx":1.0,"dy":1.0}, "data":
[rows 0 to 14 of 15, columns 0 to 40 of 41]
-0.265271,-3.585271,1.064729,4.434729,2.614729,0.054729003,0.18472901,2.414729,0.584729,1.994729,0.664729,1.2247291,1.314729,0.874729,0.21472901,-0.855271,-0.195271,-1.295271,-1.665271,-0.435271,1.074729,0.014729004,-0.41527098,-2.635271,-1.075271,-2.345271,-1.945271,1.274729,2.274729,1.464729,-3.565271,-5.205271,2.144729,-0.955271,0.224729,0.724729,0.234729,0.304729,0.604729,0.914729,-0.735271
4.874729,0.724729,0.39472902,1.894729,1.624729,0.554729,-0.515271,0.404729,0.744729,1.644729,-0.065271,-0.315271,-0.215271,1.244729,-1.805271,-1.385271,-0.825271,-2.125271,-1.035271,0.21472901,0.114729,-1.745271,-0.17527099,1.664729,-3.735271,-3.155271,-4.275271,1.214729,1.054729,1.304729,5.504729,4.274729,-0.705271,-3.215271,-5.645271,-2.785271,-1.585271,-2.365271,-1.095271,-0.585271,-0.295271
0.174729,1.954729,1.244729,1.414729,-0.045270994,-0.55527097,-0.435271,-0.115270995,0.594729,0.134729,-0.38527098,-0.535271,-0.335271,0.384729,-0.80527097,-1.185271,-0.425271,-0.635271,-1.575271,-1.805271,0.034729004,0.33472902,-0.80527097,0.864729,1.124729,2.794729,1.534729,1.584729,0.654729,3.834729,2.924729,2.304729,3.114729,-2.675271,-0.835271,2.024729,4.734729,-0.41527098,0.814729,-0.645271,0.074729
0.474729,1.264729,0.50472903,-1.305271,0.224729,0.274729,1.034729,1.334729,1.694729,1.894729,0.404729,-0.815271,-1.445271,-0.135271,-1.0252709,-1.705271,-1.505271,-1.665271,-2.165271,-2.935271,-1.595271,0.794729,-2.195271,-2.955271,-0.625271,-1.135271,-0.985271,-0.585271,4.974729,1.804729,2.394729,-0.735271,0.204729,-0.275271,-1.095271,-3.375271,-0.145271,4.554729,6.634729,1.544729,1.634729
2.644729,2.064729,1.374729,0.50472903,0.684729,0.614729,1.844729,2.174729,2.354729,2.774729,2.894729,2.194729,0.874729,0.474729,0.044729006,-0.295271,-0.595271,-0.815271,-1.085271,-1.445271,-1.065271,-1.695271,-2.295271,-0.80527097,-0.455271,-0.255271,1.674729,1.584729,0.454729,1.194729,3.784729,2.894729,4.654729,4.394729,-1.115271,-0.965271,-0.315271,0.134729,0.884729,0.344729,-1.435271
3.514729,2.974729,2.754729,2.784729,2.494729,2.464729,2.634729,2.864729,2.394729,2.914729,3.034729,3.164729,2.654729,1.544729,0.424729,0.004729004,-0.395271,-0.625271,-1.285271,-1.5252709,-1.575271,-1.665271,-2.235271,-1.835271,-0.945271,-1.655271,-0.825271,-0.035270996,0.664729,1.524729,2.684729,4.144729,3.344729,1.484729,3.054729,5.684729,3.304729,1.334729,0.794729,-0.145271,0.474729
4.554729,4.024729,3.674729,3.324729,2.794729,3.084729,3.524729,3.904729,3.884729,3.724729,3.764729,2.514729,3.194729,1.944729,1.414729,0.514729,1.144729,0.234729,-0.675271,-0.845271,-1.335271,-0.915271,-0.375271,-0.405271,-0.685271,-0.605271,0.144729,0.044729006,-0.135271,0.224729,0.75472903,2.134729,3.114729,2.054729,1.264729,0.724729,0.024729004,4.034729,0.18472901,1.234729,4.934729
4.504729,4.744729,4.494729,4.684729,4.924729,4.484729,4.104729,4.254729,4.474729,3.654729,3.984729,3.284729,2.954729,3.224729,2.574729,1.694729,1.004729,0.734729,1.274729,1.444729,0.18472901,0.574729,0.444729,0.854729,0.414729,0.104729004,-0.885271,-1.575271,-1.145271,0.624729,1.134729,1.084729,0.884729,5.164729,7.874729,4.474729,-0.41527098,2.294729,-2.175271,2.734729,-0.545271
4.384729,5.254729,5.324729,5.244729,5.194729,5.694729,5.864729,5.364729,4.594729,5.194729,4.624729,4.194729,3.284729,3.944729,3.604729,2.584729,2.034729,1.634729,1.574729,1.364729,0.69472903,-0.145271,0.854729,0.18472901,0.21472901,-0.105271,-0.225271,0.134729,0.324729,0.344729,1.874729,2.064729,1.684729,0.854729,2.684729,4.534729,3.614729,5.614729,5.424729,3.644729,3.344729
3.474729,3.444729,3.694729,3.774729,4.254729,4.404729,5.084729,5.994729,6.404729,7.094729,6.604729,6.924729,5.984729,5.574729,3.654729,2.674729,2.854729,2.404729,2.134729,1.844729,1.664729,0.09472901,-0.225271,0.224729,0.474729,0.544729,1.064729,0.404729,0.764729,1.064729,1.234729,0.974729,-0.255271,0.404729,0.224729,-1.7752709,3.664729,1.904729,5.814729,7.014729,4.404729
3.334729,2.784729,2.844729,3.224729,3.654729,4.254729,5.094729,5.254729,5.164729,5.764729,7.054729,6.044729,4.694729,4.904729,3.934729,3.424729,2.444729,1.784729,2.244729,1.714729,1.644729,0.75472903,-0.185271,0.75472903,0.954729,1.184729,1.094729,0.974729,0.554729,-0.755271,-1.035271,-0.395271,0.674729,1.254729,0.894729,1.574729,1.524729,0.574729,7.224729,5.014729,1.114729
3.514729,3.444729,3.394729,3.864729,3.664729,3.654729,3.564729,3.774729,3.564729,3.284729,3.014729,2.924729,4.834729,4.154729,2.784729,2.254729,2.094729,1.284729,2.074729,1.054729,1.024729,0.164729,0.474729,0.724729,0.674729,0.254729,1.054729,0.444729,-0.105271,-0.38527098,-0.065271,0.664729,1.234729,0.794729,0.434729,2.704729,3.084729,2.384729,-0.17527099,-1.315271,-3.795271
2.444729,3.194729,3.634729,2.934729,2.594729,1.894729,2.554729,3.104729,3.004729,1.714729,0.584729,2.364729,2.324729,2.234729,1.854729,1.664729,1.114729,1.184729,1.284729,1.204729,1.534729,0.964729,0.404729,-0.325271,-0.705271,-0.17527099,-0.525271,-0.075270995,0.69472903,0.584729,0.434729,1.004729,2.314729,1.734729,0.314729,2.324729,2.634729,0.604729,-0.495271,1.774729,2.434729
2.454729,2.524729,2.024729,2.514729,1.4747291,1.514729,0.864729,2.834729,1.794729,1.414729,0.354729,0.244729,-0.565271,0.75472903,0.084729,-0.025270997,0.15472901,0.12472901,0.69472903,0.344729,0.314729,0.174729,-0.17527099,-0.345271,-0.215271,-0.20527099,0.074729,0.584729,0.634729,0.344729,0.434729,0.684729,2.764729,1.774729,0.834729,1.214729,1.994729,2.614729,1.914729,1.644729,0.564729
1.874729,1.654729,0.264729,1.504729,1.434729,0.604729,1.304729,2.094729,1.674729,0.114729,-0.545271,0.994729,2.104729,-0.405271,0.134729,-0.025270997,-0.025270997,-0.905271,-0.675271,-0.865271,-0.645271,-0.575271,-0.255271,-0.195271,-0.275271,-0.17527099,-0.245271,0.474729,0.934729,1.054729,1.084729,-0.195271,1.424729,1.794729,1.434729,1.094729,2.044729,2.004729,1.674729,0.244729,0.194729
