wind_kz.json
{"header": {"discipline":0,"disciplineName":"Meteorological products","gribEdition":2,"gribLength":1025,"center":7,"centerName":"US National Weather Service - NCEP(WMC)","subcenter":0,"refTime":"2023-09-20T18:00:00.000Z","significanceOfRT":1,"significanceOfRTName":"Start of forecast","productStatus":0,"productStatusName":"Operational products","productType":1,"productTypeName":"Forecast products","productDefinitionTemplate":0,"productDefinitionTemplateName":"Analysis/forecast at horizontal level/layer at a point in time","parameterCategory":2,"parameterCategoryName":"UnknownDiscipline_0_Category_2","parameterNumber":2,"parameterNumberName":"UnknownParameter_D0_C2_2","parameterUnit":"Unknown","genProcessType":2,"genProcessTypeName":"Forecast","forecastTime":240,"surface1Type":103,"surface1TypeName":"Specified height level above ground","surface1Value":10.0,"surface2Type":255,"surface2TypeName":"Missing","surface2Value":0.0,"gridDefinitionTemplate":0,"gridDefinitionTemplateName":"Latitude_Longitude","numberPoints":615,"shape":6,"shapeName":"Earth spherical with radius of 6,371,229.0 m","gridUnits":"degrees","resolution":48,"winds":"true","scanMode":64,"nx":41,"ny":15,"basicAngle":0,"lo1":47.0,"la1":41.0,"lo2":87.0,"la2":55.0,"dx":1.0,"dy":1.0}, "data":
[rows 0 to 14 of 15, columns 0 to 40 of 41]
-1.871206,-0.33120605,1.578794,-2.5312061,-2.351206,-4.601206,-6.811206,-5.961206,-6.051206,-4.591206,-4.481206,-5.561206,-4.351206,-3.951206,-2.621206,-2.571206,-1.0712061,-1.1912061,-2.301206,-1.2212061,-0.30120605,-0.041206054,-1.911206,-1.5512061,0.82879394,-2.051206,-1.3412061,1.8987939,-0.0012060547,1.138794,1.8187939,0.95879394,-0.29120606,-0.34120604,-2.071206,0.89879394,-0.28120604,-1.541206,-1.421206,-0.5212061,-1.0512061
2.4687939,1.878794,-10.221206,-6.1412063,-5.331206,-7.601206,-5.971206,-5.681206,-4.631206,-4.1412063,-6.191206,-6.1212063,-5.151206,-3.101206,-1.511206,-3.171206,-2.091206,-2.151206,-2.2712061,-1.481206,0.038793944,1.238794,0.038793944,-2.711206,0.67879397,0.30879393,-1.0512061,0.77879393,-2.451206,-0.93120605,0.29879394,0.20879394,-0.85120606,-2.341206,0.7187939,0.26879394,-0.46120605,0.108793944,0.32879394,1.358794,-0.98120606
-1.9312061,-8.581206,-9.911206,-8.811206,-8.281206,-7.581206,-5.461206,-3.981206,-5.301206,-5.281206,-5.301206,-4.601206,-3.081206,-2.2512062,-1.7212061,-1.6912061,-3.921206,-3.211206,-1.8012061,-1.3012061,1.1487939,-0.46120605,-3.7712061,-2.211206,-1.1912061,0.88879395,1.8987939,0.21879394,-3.351206,0.048793945,-2.191206,1.6787939,0.548794,3.918794,0.94879395,-0.021206055,-0.31120604,-0.15120606,4.048794,2.198794,1.9287939
-8.1312065,-10.301206,-8.481206,-7.581206,-7.031206,-4.581206,-3.7612062,-4.291206,-3.371206,-3.671206,-3.351206,-3.231206,-2.591206,-3.0412061,-0.21120605,-2.871206,-3.431206,-2.5212061,-1.661206,-0.87120605,-0.26120606,-2.871206,0.87879395,-1.981206,-2.671206,-2.431206,-2.111206,-0.7112061,1.9087939,3.9887938,1.8187939,0.26879394,2.4787939,-0.36120605,-4.1412063,-2.091206,-0.88120604,1.7887939,0.29879394,1.108794,1.2887939
-8.461206,-8.681206,-6.221206,-6.521206,-5.8912063,-5.021206,-4.841206,-3.831206,-3.671206,-3.5112062,-1.361206,-2.911206,-3.801206,-3.831206,-4.431206,-3.101206,-3.111206,-1.7212061,-0.76120603,0.19879395,0.5987939,-1.491206,-1.921206,-1.881206,-2.2712061,-2.131206,-1.871206,-1.021206,-2.7412062,-1.901206,-2.421206,-2.2412062,-1.4412061,2.018794,2.338794,2.408794,2.598794,2.2387938,-0.061206054,1.2987939,3.408794
-6.511206,-4.551206,-7.901206,-7.901206,-7.471206,-5.791206,-2.5112062,-1.671206,-3.581206,-3.371206,-3.211206,-3.211206,-2.941206,-4.191206,-3.601206,-2.921206,-1.9412061,-1.5612061,-1.041206,0.73879397,-3.191206,-2.821206,-2.651206,-2.721206,-2.7812061,-1.901206,-0.891206,2.7587938,0.45879394,-0.071206056,1.2787939,1.7887939,0.77879393,1.348794,0.86879396,1.238794,1.5387939,1.6987939,5.938794,2.2087939,0.31879395
-4.451206,-3.9912062,-4.051206,-3.821206,-3.621206,-2.411206,-3.821206,-3.871206,-3.731206,-2.7512062,-4.431206,-4.281206,-3.5212061,-3.101206,-2.861206,-2.0112062,-1.4612061,-1.141206,-1.5912061,-2.201206,-2.4912062,-2.641206,-3.551206,-2.911206,-2.171206,-1.161206,-1.001206,-1.041206,-0.67120606,-0.75120604,0.798794,2.388794,4.078794,2.058794,-0.15120606,-1.131206,-0.82120603,2.438794,1.138794,0.42879394,0.40879396
-2.221206,-2.2412062,-1.5512061,-4.231206,-4.031206,-4.231206,-3.5412061,-2.9912062,-2.071206,-2.551206,-2.681206,-2.831206,-3.0212061,-2.211206,-1.481206,-1.641206,-1.521206,-1.251206,-1.3212061,-1.8212061,-0.50120604,-1.001206,-0.74120605,-1.2012061,-0.93120605,-0.14120606,0.88879395,0.61879396,1.0587939,0.048793945,-0.111206055,0.86879396,-0.051206056,0.798794,1.738794,3.7587938,4.448794,5.728794,1.118794,2.188794,-0.21120605
-4.491206,-4.1212063,-4.331206,-4.1612062,-3.651206,-2.941206,-1.3212061,-2.181206,-2.7812061,-2.0412061,-2.081206,-2.231206,-1.2112061,-1.611206,-2.2412062,-1.8312061,-1.6012061,-1.8012061,-1.5912061,-1.421206,-0.93120605,-1.241206,-1.781206,-1.921206,-1.9612061,-0.9612061,0.34879395,1.758794,3.2287939,2.328794,2.638794,2.7287939,2.528794,1.618794,3.028794,1.958794,1.858794,0.17879395,2.7587938,1.348794,0.61879396
-3.911206,-3.631206,-2.981206,-2.611206,-2.2412062,-2.5412061,-2.811206,-2.651206,-2.9912062,-2.051206,-1.921206,-2.5112062,-2.181206,-2.0412061,-2.5012062,-1.641206,-1.661206,-1.631206,-1.5912061,-1.7012061,-1.9512061,-0.32120606,0.83879393,0.99879396,1.228794,0.5387939,0.7887939,1.1987939,1.608794,2.578794,3.788794,4.278794,4.6087937,4.928794,4.148794,4.348794,0.11879394,1.5387939,1.1587939,0.88879395,0.94879395
-1.621206,-1.4712061,-1.6812061,-1.9612061,-0.41120607,-0.41120607,-0.55120605,-0.36120605,-1.3512061,-0.35120606,0.76879394,0.33879393,-1.271206,-0.86120605,-1.011206,-1.8412061,-1.781206,-1.481206,-1.121206,-0.56120604,0.46879396,0.20879394,-0.031206055,-0.10120606,-0.031206055,-0.5912061,0.70879394,1.618794,0.80879396,1.518794,2.108794,2.388794,1.768794,3.048794,4.988794,4.848794,2.088794,1.748794,1.498794,3.918794,1.838794
0.14879395,-0.29120606,0.52879393,-0.24120605,0.64879394,0.75879395,-0.5312061,-0.55120605,0.43879396,-0.18120605,-0.35120606,1.488794,0.93879396,1.0487939,1.618794,0.43879396,-0.51120603,-0.23120606,-0.011206055,1.1687939,0.80879396,-0.08120605,-0.35120606,-0.21120605,0.31879395,1.748794,1.228794,2.388794,2.7587938,2.908794,2.908794,3.7087939,2.288794,2.658794,2.778794,4.998794,6.8387938,6.978794,6.3387938,6.478794,1.748794
1.228794,1.1587939,1.4387939,1.348794,0.76879394,0.19879395,0.608794,1.008794,1.7787939,0.11879394,-0.17120606,1.3987939,2.178794,2.9787939,2.338794,1.828794,1.738794,1.768794,1.0287939,0.99879396,0.34879395,0.40879396,1.1787939,1.138794,2.418794,2.398794,2.7087939,2.9687939,2.898794,2.798794,3.788794,3.938794,3.9587939,3.408794,3.878794,4.828794,5.548794,4.738794,6.138794,6.308794,5.168794
1.2887939,1.618794,1.7987939,1.6887939,1.388794,1.748794,1.468794,1.9387939,1.628794,1.378794,-0.071206056,1.0487939,2.318794,3.428794,3.048794,2.078794,1.7787939,1.488794,1.138794,1.878794,1.0287939,1.328794,1.8087939,1.838794,1.838794,2.198794,2.028794,2.568794,2.898794,3.148794,2.688794,4.258794,3.7287939,5.068794,5.228794,5.718794,5.458794,5.828794,5.528794,4.888794,5.3387938
1.128794,2.038794,2.128794,2.088794,2.658794,2.2487938,2.9987938,2.288794,2.658794,1.5687939,0.44879395,1.5687939,2.068794,1.768794,3.2087939,3.448794,2.5087938,1.7987939,1.7787939,1.458794,1.608794,1.868794,1.248794,2.048794,2.058794,2.4587939,2.868794,2.778794,3.2487938,4.308794,5.388794,6.388794,5.768794,6.058794,6.118794,6.538794,5.648794,6.678794,5.438794,6.548794,3.678794
