wind_kz.json
{"header": {"discipline":0,"disciplineName":"Meteorological products","gribEdition":2,"gribLength":948,"center":7,"centerName":"US National Weather Service - NCEP(WMC)","subcenter":0,"refTime":"2023-08-18T00:00:00.000Z","significanceOfRT":1,"significanceOfRTName":"Start of forecast","productStatus":0,"productStatusName":"Operational products","productType":1,"productTypeName":"Forecast products","productDefinitionTemplate":0,"productDefinitionTemplateName":"Analysis/forecast at horizontal level/layer at a point in time","parameterCategory":0,"parameterCategoryName":"UnknownDiscipline_0_Category_0","parameterNumber":0,"parameterNumberName":"UnknownParameter_D0_C0_0","parameterUnit":"Unknown","genProcessType":2,"genProcessTypeName":"Forecast","forecastTime":180,"surface1Type":1,"surface1TypeName":"Ground or water surface","surface1Value":0.0,"surface2Type":255,"surface2TypeName":"Missing","surface2Value":0.0,"gridDefinitionTemplate":0,"gridDefinitionTemplateName":"Latitude_Longitude","numberPoints":615,"shape":6,"shapeName":"Earth spherical with radius of 6,371,229.0 m","gridUnits":"degrees","resolution":48,"winds":"true","scanMode":64,"nx":41,"ny":15,"basicAngle":0,"lo1":47.0,"la1":41.0,"lo2":87.0,"la2":55.0,"dx":1.0,"dy":1.0}, "data":
[rows 0 to 14 of 15, columns 0 to 40 of 41]
318.12198,301.82196,311.222,299.222,299.02197,299.32196,314.32196,321.52197,317.32196,316.42197,314.222,313.92197,313.82196,314.02197,313.92197,313.32196,312.92197,312.02197,313.222,312.82196,313.42197,310.12198,310.12198,305.82196,309.222,312.222,307.92197,291.82196,289.62198,289.222,288.52197,289.82196,299.92197,307.12198,308.52197,305.82196,305.222,305.12198,305.222,306.722,307.62198
291.62198,308.12198,299.02197,299.222,298.92197,299.82196,321.02197,317.32196,315.722,314.222,314.222,312.52197,311.92197,310.12198,310.02197,310.92197,311.222,311.722,311.42197,312.12198,312.52197,310.32196,308.222,298.32196,289.52197,287.02197,300.12198,292.02197,294.722,284.42197,289.82196,281.52197,290.12198,264.32196,281.32196,301.12198,300.722,300.222,304.02197,296.02197,284.42197
312.82196,299.02197,299.42197,299.02197,297.32196,315.42197,317.62198,317.722,315.82196,313.32196,311.12198,311.82196,308.722,307.02197,308.32196,309.12198,309.52197,309.42197,310.12198,310.82196,312.62198,309.52197,308.52197,301.62198,300.62198,301.82196,303.32196,293.12198,293.222,292.52197,278.02197,287.52197,296.222,295.12198,297.222,296.82196,285.32196,285.52197,285.12198,280.52197,278.92197
313.02197,299.82196,299.42197,298.52197,301.32196,316.92197,317.42197,316.12198,316.52197,315.32196,312.222,309.82196,296.12198,295.12198,306.12198,308.12198,308.92197,309.92197,311.42197,311.32196,309.32196,305.92197,307.12198,307.52197,307.52197,299.92197,306.222,305.82196,305.52197,308.222,309.82196,307.02197,311.12198,309.92197,308.52197,302.42197,288.92197,284.722,288.52197,300.32196,302.42197
315.722,299.92197,299.722,298.92197,306.32196,315.32196,316.12198,317.722,315.12198,315.02197,312.82196,310.222,297.02197,294.92197,292.222,309.12198,310.12198,307.92197,307.52197,304.52197,309.82196,309.52197,307.82196,307.12198,306.12198,297.62198,296.12198,302.222,304.42197,305.52197,310.82196,307.02197,294.62198,282.92197,294.32196,302.32196,304.52197,310.42197,311.02197,309.82196,309.62198
320.62198,313.02197,298.42197,298.722,299.12198,299.12198,315.222,314.222,313.82196,314.722,312.62198,310.82196,298.12198,295.52197,301.222,305.722,308.52197,307.82196,306.92197,307.222,306.722,305.92197,306.52197,306.222,306.12198,305.42197,302.02197,294.02197,301.42197,307.12198,307.12198,309.32196,309.02197,303.32196,297.92197,303.82196,297.92197,298.722,306.12198,309.32196,307.02197
317.62198,317.92197,318.82196,318.222,308.722,312.32196,314.722,315.12198,315.32196,313.12198,312.02197,309.82196,308.52197,309.722,308.42197,307.62198,307.222,306.62198,305.62198,304.222,304.02197,305.12198,305.62198,306.42197,304.52197,303.82196,302.222,298.722,303.92197,304.02197,305.62198,307.12198,310.62198,309.62198,308.62198,306.02197,299.222,293.62198,292.12198,285.62198,298.32196
316.02197,316.52197,315.92197,315.62198,315.62198,315.32196,315.92197,312.82196,309.62198,308.42197,308.62198,307.52197,308.62198,309.52197,308.52197,307.62198,306.52197,304.92197,303.62198,301.12198,300.92197,301.02197,301.82196,301.92197,301.222,299.92197,299.52197,296.222,300.92197,301.02197,301.62198,304.722,304.222,303.222,299.92197,302.42197,303.82196,289.92197,300.722,300.92197,299.32196
314.92197,313.52197,313.222,311.62198,311.722,308.92197,309.02197,306.82196,304.92197,304.82196,305.02197,305.82196,305.82196,306.92197,306.12198,305.02197,304.62198,303.722,301.52197,299.52197,296.02197,296.52197,297.52197,294.82196,297.82196,298.12198,292.42197,289.32196,291.82196,293.722,296.222,302.02197,303.02197,305.62198,304.82196,294.02197,302.02197,300.42197,289.32196,288.32196,287.222
311.82196,311.52197,309.222,299.82196,306.52197,305.32196,305.32196,304.722,303.92197,304.92197,302.82196,297.92197,300.42197,303.52197,303.92197,301.82196,302.62198,301.62198,300.222,299.12198,296.222,295.722,294.222,293.52197,294.12198,296.222,293.12198,292.92197,294.12198,295.52197,302.222,303.42197,304.62198,308.52197,295.32196,297.82196,299.02197,294.02197,292.32196,289.42197,287.62198
302.722,302.62198,301.12198,299.52197,302.52197,303.52197,303.222,303.222,303.82196,303.222,299.722,298.32196,297.52197,300.92197,299.222,296.222,298.02197,299.02197,298.52197,295.722,292.32196,290.42197,291.92197,292.12198,294.12198,293.62198,295.02197,294.32196,298.32196,300.12198,301.42197,302.722,303.222,307.42197,304.222,301.222,295.52197,292.52197,294.32196,292.02197,290.52197
303.32196,301.82196,300.02197,297.92197,298.02197,300.52197,299.92197,297.722,300.42197,301.12198,298.12198,299.42197,299.62198,299.222,292.222,293.222,296.222,295.52197,295.722,294.42197,289.12198,288.32196,291.92197,291.92197,289.222,291.52197,295.92197,293.42197,301.222,297.92197,295.62198,296.92197,303.62198,302.82196,303.12198,301.222,300.32196,299.722,297.32196,297.222,296.02197
298.32196,301.32196,304.02197,303.42197,297.12198,299.222,293.82196,298.42197,298.42197,293.62198,293.12198,294.52197,297.52197,293.92197,290.52197,294.32196,294.42197,293.722,294.12198,293.02197,290.12198,288.52197,288.52197,286.02197,290.32196,292.52197,294.02197,301.82196,303.02197,301.92197,303.92197,304.32196,303.92197,305.32196,302.42197,298.92197,299.02197,298.92197,297.62198,296.222,295.62198
295.92197,296.62198,294.32196,295.82196,291.92197,291.222,288.42197,290.12198,288.12198,286.92197,286.222,287.42197,294.52197,290.82196,289.12198,290.82196,293.62198,292.42197,293.52197,292.222,290.722,288.42197,291.32196,290.02197,289.722,291.92197,297.722,299.62198,303.02197,304.42197,306.52197,305.82196,302.222,302.02197,300.62198,298.52197,298.52197,297.722,297.222,294.722,294.722
292.62198,295.02197,291.52197,292.62198,292.52197,288.52197,287.222,286.222,286.32196,288.32196,284.62198,285.02197,285.82196,288.722,291.52197,291.222,294.92197,295.12198,294.722,289.52197,286.722,287.62198,289.02197,287.82196,287.02197,290.32196,296.722,299.42197,302.02197,302.02197,298.52197,294.42197,300.52197,298.222,298.32196,297.62198,298.722,295.92197,296.222,295.62198,295.222
