wind_kz.json
{"header": {"discipline":0,"disciplineName":"Meteorological products","gribEdition":2,"gribLength":1025,"center":7,"centerName":"US National Weather Service - NCEP(WMC)","subcenter":0,"refTime":"2023-10-04T18:00:00.000Z","significanceOfRT":1,"significanceOfRTName":"Start of forecast","productStatus":0,"productStatusName":"Operational products","productType":1,"productTypeName":"Forecast products","productDefinitionTemplate":0,"productDefinitionTemplateName":"Analysis/forecast at horizontal level/layer at a point in time","parameterCategory":2,"parameterCategoryName":"UnknownDiscipline_0_Category_2","parameterNumber":3,"parameterNumberName":"UnknownParameter_D0_C2_3","parameterUnit":"Unknown","genProcessType":2,"genProcessTypeName":"Forecast","forecastTime":300,"surface1Type":103,"surface1TypeName":"Specified height level above ground","surface1Value":10.0,"surface2Type":255,"surface2TypeName":"Missing","surface2Value":0.0,"gridDefinitionTemplate":0,"gridDefinitionTemplateName":"Latitude_Longitude","numberPoints":615,"shape":6,"shapeName":"Earth spherical with radius of 6,371,229.0 m","gridUnits":"degrees","resolution":48,"winds":"true","scanMode":64,"nx":41,"ny":15,"basicAngle":0,"lo1":47.0,"la1":41.0,"lo2":87.0,"la2":55.0,"dx":1.0,"dy":1.0}, "data":
[rows 0 to 14 of 15, columns 0 to 40 of 41]
-2.0506737,1.2593262,-2.0406737,9.839326,4.699326,3.9593263,4.6093264,3.899326,2.4493263,2.3193262,0.6193262,-0.22067383,-1.3506738,-2.8906739,-2.7806737,-3.9006739,-4.9306736,-3.5506737,-4.570674,-2.820674,-2.9706738,-0.43067384,2.899326,0.93932617,1.6793262,0.9793262,0.82932615,-1.8106738,-0.23067383,1.6193261,1.6793262,-0.20067383,-0.54067385,0.5293262,0.35932618,-0.50067383,-0.8206738,0.24932617,0.079326175,1.5493262,0.81932616
2.929326,-4.980674,9.329327,8.189326,8.019326,6.1093264,4.6293263,4.739326,3.2993262,2.2393262,1.3393261,-0.40067384,-1.2206738,-1.8306738,-3.6406739,-3.380674,-3.4706738,-4.5806737,-5.3506737,-5.7906737,-5.5606737,-2.0006738,0.059326172,-1.6206738,1.3293262,-0.08067383,2.6993263,-0.050673828,-1.1806738,0.019326173,-2.0206738,-1.0606738,0.27932617,-1.8506738,-1.6706738,2.3493261,0.87932616,2.379326,2.3093262,1.3993262,0.70932615
0.16932617,1.3893262,5.499326,7.039326,5.789326,5.909326,5.139326,4.079326,4.449326,2.639326,0.35932618,-0.100673825,-0.9506738,-1.6206738,-2.600674,-3.7606738,-4.780674,-5.780674,-6.360674,-4.4106736,-2.4706738,-4.8906736,-5.2906737,-2.9806738,-1.6806738,-1.5406739,-1.0906738,-2.620674,-0.46067384,-1.9706738,-0.49067384,0.5393262,-0.28067383,1.8193262,-0.100673825,-2.5006738,-2.090674,0.89932615,-1.6006738,-1.6506739,-1.7506738
3.0593262,7.4193263,7.279326,6.4193263,6.489326,7.019326,6.4393263,5.599326,4.2093263,2.9393263,1.3193262,-0.37067384,-1.3206738,-1.8006738,-2.580674,-3.3006737,-4.010674,-4.2906737,-5.440674,-6.3506737,-5.990674,-3.570674,0.48932618,-2.2906737,-3.340674,-3.4606738,-2.9606738,-1.9106739,-0.6406738,-1.8806739,-0.81067383,0.6593262,-0.86067384,0.56932616,0.10932617,1.1793262,2.5793262,2.0493262,-2.4606738,-2.8106737,-1.2606739
6.929326,7.829326,7.049326,4.4193263,4.829326,5.7093263,5.349326,5.3393264,4.3593264,2.929326,1.7993262,0.48932618,-0.98067385,-1.4106739,-2.0306737,-2.9006739,-3.4306738,-3.7406738,-3.7706738,-3.120674,-1.5906738,-0.36067382,-0.55067384,-0.98067385,-1.3006738,-2.1806738,-2.9706738,-2.870674,-1.5806738,-2.0306737,-2.5006738,-2.350674,-0.9406738,-0.62067384,0.5593262,0.76932615,-0.7106738,1.7193261,1.4093262,-2.6806738,-3.6406739
6.579326,5.9593263,5.309326,5.039326,5.029326,4.509326,5.199326,4.539326,3.8193262,2.4593263,1.0993261,0.10932617,-0.8806738,-1.8706738,-2.870674,-2.4806738,-2.1606739,-2.9006739,-3.0306737,-1.8206738,-2.2306738,-1.8806739,-0.6506738,-0.6906738,-1.1806738,-1.6306739,-2.2906737,-2.9206738,-1.8806739,-1.4206738,-1.8106738,-2.1406739,-2.1806738,-1.7406738,-1.9506738,-0.79067385,-1.5006738,-2.9306738,-7.0806737,-3.2006738,3.6893263
5.019326,5.3993263,5.749326,6.559326,5.659326,5.969326,5.389326,4.279326,3.1993263,2.0093262,0.9893262,-0.12067383,-1.2406738,-2.4106739,-2.7906737,-2.9106739,-2.0506737,-1.1906738,-1.6006738,-1.3206738,-2.070674,-2.090674,-1.6306739,-1.1506739,-0.98067385,-0.99067384,-1.2606739,-0.55067384,-0.7106738,-0.56067383,-0.29067382,-0.8306738,-2.820674,-3.0106738,-0.18067382,1.3993262,2.8193262,0.56932616,-2.9506738,-0.75067383,-5.3706737
5.3193264,5.7093263,5.8993263,6.139326,5.9793262,5.749326,5.2293262,4.539326,3.369326,2.3493261,1.2393261,0.51932615,-1.2106738,-1.8106738,-2.870674,-3.110674,-2.330674,-1.7306738,-0.8206738,-1.4206738,-0.81067383,-1.0906738,-0.79067385,-0.6306738,-1.1606739,-1.4706738,-1.2706739,-0.60067385,-0.54067385,0.7193262,1.0793262,0.63932616,-0.08067383,-0.7606738,-0.91067386,-0.16067383,-1.5606738,-2.130674,-0.9006738,-1.2406738,-0.37067384
5.3593264,5.6493263,6.099326,6.3593264,6.019326,5.759326,4.9593263,3.929326,3.2793262,2.5493262,1.1893262,-0.14067383,-0.9706738,-2.330674,-3.1406739,-2.7406738,-2.4006739,-1.7906739,-1.2706739,-0.49067384,-0.60067385,-0.98067385,-0.6906738,0.31932616,0.079326175,-0.54067385,0.04932617,-0.100673825,-0.6406738,-0.28067383,1.0693262,1.8893262,0.48932618,2.0093262,0.27932617,-1.6106738,-0.14067383,-2.6806738,-2.9706738,-2.4306738,-1.7206738
5.1493263,5.309326,5.5893264,5.809326,5.8393264,5.279326,4.7093263,4.1893263,3.9393263,2.619326,1.7493262,0.10932617,-0.60067385,-2.0106738,-2.580674,-2.7806737,-2.4306738,-1.9206738,-0.5106738,0.6693262,0.42932618,0.14932618,0.35932618,0.89932615,1.4793261,0.74932617,0.63932616,0.5493262,0.83932614,1.1693262,1.2193261,2.7393262,3.8593261,3.2093263,2.409326,1.2393261,0.5493262,-0.08067383,1.1793262,1.0393262,1.0293262
4.6893263,5.349326,5.579326,4.789326,4.849326,5.219326,4.789326,4.059326,3.4393263,2.7393262,1.9393262,0.38932618,-0.62067384,-1.3606738,-2.1406739,-2.090674,-2.1406739,-2.100674,-0.93067384,-0.30067384,-0.09067383,0.15932617,0.29932618,1.2093261,1.7993262,2.3393261,1.5193262,1.5793262,1.9593261,1.5393262,2.2493262,3.619326,5.0693264,4.769326,4.999326,4.8193264,3.6093261,2.4493263,2.7993262,2.1893263,1.3593261
3.7693262,4.469326,5.6293263,5.949326,5.699326,4.9393263,4.0693264,3.8493261,2.9993262,2.5293262,1.5993261,0.5393262,0.009326172,-0.3306738,-1.3506738,-1.1706738,-1.3706738,-1.4906738,0.23932618,-0.29067382,-0.21067382,-0.67067385,-0.06067383,0.7293262,0.9893262,0.9893262,2.3393261,1.9693261,2.4793262,2.6993263,3.7493262,5.159326,4.869326,6.4393263,5.409326,6.1093264,5.549326,3.5393262,1.8093262,2.4793262,1.4793261
4.519326,5.0893264,5.2293262,5.3193264,4.9393263,3.5993261,3.9393263,4.279326,4.199326,3.0493262,0.9893262,0.21932617,1.7593262,0.14932618,-0.25067383,-0.3306738,-0.49067384,0.009326172,0.81932616,0.28932616,1.0493262,0.49932617,-0.010673828,-0.8806738,-1.5006738,-1.0506738,-1.4806738,-0.44067383,1.4693261,2.619326,4.329326,5.7293262,6.8393264,7.179326,6.489326,5.789326,5.699326,3.879326,5.289326,4.499326,2.9793262
5.009326,4.9593263,5.799326,5.3193264,4.929326,5.519326,4.8193264,4.4593263,4.059326,4.5893264,2.2993262,0.34932616,0.37932616,1.5093262,0.39932618,0.5493262,0.21932617,-0.17067383,0.019326173,0.029326173,0.06932617,0.6693262,0.40932617,0.15932617,0.10932617,-0.55067384,-0.8406738,-0.48067382,-0.09067383,0.64932615,1.8193262,4.1093264,5.9393263,7.3793263,6.929326,7.1493263,5.719326,5.429326,5.5893264,4.949326,6.1093264
3.5293262,4.6093264,5.509326,5.599326,5.6893263,5.179326,5.039326,4.769326,4.3193264,4.0693264,3.2493262,3.0693262,1.7493262,0.28932616,1.6193261,1.1393262,0.25932616,-0.39067382,-0.14067383,-0.50067383,-0.42067382,0.15932617,0.5293262,0.5593262,0.47932616,0.21932617,-0.13067383,-0.34067383,-0.6506738,-0.31067383,0.26932618,2.2793262,3.3393261,4.869326,6.349326,7.659326,8.759326,8.529326,7.3593264,7.289326,5.429326
