wind.json
{"header": {"discipline":0,"disciplineName":"Meteorological products","gribEdition":2,"gribLength":953,"center":7,"centerName":"US National Weather Service - NCEP(WMC)","subcenter":0,"refTime":"2023-06-30T18:00:00.000Z","significanceOfRT":1,"significanceOfRTName":"Start of forecast","productStatus":0,"productStatusName":"Operational products","productType":1,"productTypeName":"Forecast products","productDefinitionTemplate":0,"productDefinitionTemplateName":"Analysis/forecast at horizontal level/layer at a point in time","parameterCategory":0,"parameterCategoryName":"UnknownDiscipline_0_Category_0","parameterNumber":0,"parameterNumberName":"UnknownParameter_D0_C0_0","parameterUnit":"Unknown","genProcessType":2,"genProcessTypeName":"Forecast","forecastTime":120,"surface1Type":1,"surface1TypeName":"Ground or water surface","surface1Value":0.0,"surface2Type":255,"surface2TypeName":"Missing","surface2Value":0.0,"gridDefinitionTemplate":0,"gridDefinitionTemplateName":"Latitude_Longitude","numberPoints":688,"shape":6,"shapeName":"Earth spherical with radius of 6,371,229.0 m","gridUnits":"degrees","resolution":48,"winds":"true","scanMode":64,"nx":43,"ny":16,"basicAngle":0,"lo1":45.0,"la1":40.0,"lo2":87.0,"la2":55.0,"dx":1.0,"dy":1.0}, "data":
[rows 0 to 15 of 16, columns 0 to 42 of 43]
282.98834,281.28833,298.38834,300.88834,302.28833,298.28833,297.48834,295.58832,302.18832,304.28833,306.88834,304.98834,308.58832,305.68832,303.98834,305.38834,304.98834,306.38834,305.38834,303.68832,298.88834,297.98834,297.18832,301.08832,295.98834,290.98834,292.88834,282.38834,278.58832,280.28833,282.68832,294.08832,294.58832,294.98834,295.48834,296.18832,298.98834,300.08832,302.18832,302.68832,298.48834,295.78833,295.58832
288.88834,299.28833,299.28833,289.38834,292.28833,296.98834,296.88834,295.08832,301.28833,306.78833,306.48834,306.68832,305.38834,306.58832,305.38834,304.18832,303.88834,301.78833,302.48834,302.88834,302.18832,302.48834,300.28833,297.88834,300.68832,289.08832,297.68832,301.98834,293.38834,280.78833,277.98834,276.98834,278.48834,281.48834,288.88834,294.88834,297.18832,299.98834,299.38834,301.38834,301.78833,301.58832,300.78833
290.88834,284.88834,278.88834,291.58832,296.78833,296.88834,296.58832,293.98834,306.18832,304.48834,305.18832,305.68832,306.18832,303.48834,301.98834,300.38834,301.58832,300.98834,303.28833,301.78833,299.88834,298.88834,299.38834,299.08832,295.18832,284.08832,275.48834,278.58832,283.48834,279.68832,278.98834,275.78833,280.48834,273.88834,281.18832,260.58832,275.28833,293.68832,292.48834,297.08832,302.78833,293.98834,284.18832
288.08832,291.28833,296.38834,297.18832,297.08832,296.98834,295.88834,304.98834,303.88834,303.98834,305.18832,303.08832,302.18832,301.68832,298.58832,299.48834,301.18832,299.08832,298.48834,297.98834,297.68832,298.98834,300.98834,297.38834,293.38834,287.78833,291.28833,289.98834,290.28833,289.68832,290.18832,281.08832,274.28833,275.08832,281.98834,281.08832,282.18832,282.58832,276.68832,280.78833,281.68832,279.68832,277.48834
297.68832,300.48834,298.68832,298.18832,298.28833,297.28833,298.18832,303.08832,303.98834,304.38834,303.68832,303.88834,303.18832,301.18832,295.18832,294.38834,298.68832,298.48834,300.38834,298.88834,299.18832,298.88834,295.78833,289.28833,295.98834,295.98834,295.68832,296.18832,296.98834,292.98834,293.88834,294.68832,294.68832,290.38834,294.08832,292.78833,291.18832,288.48834,280.98834,278.38834,283.28833,292.88834,296.68832
299.48834,302.78833,301.48834,298.58832,298.88834,299.28833,299.88834,302.68832,304.58832,306.48834,303.88834,304.28833,306.18832,304.68832,295.98834,294.88834,292.08832,302.18832,303.38834,301.88834,296.18832,299.28833,298.58832,297.78833,296.78833,298.78833,295.08832,295.98834,294.28833,293.38834,295.58832,295.58832,298.78833,293.68832,280.98834,271.18832,284.18832,293.48834,295.18832,302.28833,301.18832,303.88834,303.68832
303.18832,304.28833,301.18832,300.58832,299.18832,298.58832,298.28833,297.98834,304.78833,306.98834,304.88834,304.08832,305.28833,302.78833,295.18832,294.18832,295.88834,300.58832,300.58832,300.68832,302.58832,301.88834,295.98834,295.18832,295.68832,293.78833,296.48834,292.28833,295.88834,290.48834,296.48834,298.38834,297.38834,298.48834,296.28833,295.08832,290.88834,293.48834,287.28833,288.88834,299.28833,301.28833,300.08832
303.78833,304.88834,302.48834,301.18832,305.78833,305.78833,301.98834,304.38834,305.78833,304.18832,304.98834,305.58832,302.88834,303.98834,303.18832,300.88834,301.98834,302.78833,299.68832,301.08832,299.98834,297.68832,295.88834,296.98834,296.78833,294.78833,295.78833,294.28833,296.08832,298.88834,297.38834,298.98834,296.08832,295.98834,296.58832,295.98834,293.38834,290.18832,287.58832,283.98834,280.58832,282.28833,294.78833
300.68832,302.18832,303.08832,302.68832,305.28833,306.08832,304.98834,304.48834,302.98834,303.48834,300.78833,302.98834,301.18832,301.28833,301.18832,302.98834,301.88834,303.88834,301.88834,301.68832,299.58832,295.18832,294.98834,294.98834,295.28833,295.08832,292.68832,291.78833,291.88834,294.88834,291.58832,293.08832,291.88834,291.98834,289.48834,287.78833,285.98834,289.58832,292.48834,288.18832,291.98834,294.88834,287.78833
292.28833,299.28833,300.48834,301.68832,302.78833,301.08832,303.18832,303.48834,300.68832,299.38834,298.68832,297.18832,297.28833,297.58832,296.88834,300.68832,299.08832,300.28833,299.48834,298.98834,297.78833,296.18832,292.38834,291.98834,293.38834,292.48834,291.38834,291.28833,287.88834,287.98834,286.08832,283.98834,286.68832,287.88834,288.18832,290.08832,288.38834,284.38834,285.98834,286.08832,273.48834,276.28833,273.28833
292.88834,294.38834,295.98834,298.78833,299.78833,298.68832,298.28833,300.58832,300.18832,296.38834,296.98834,296.88834,295.28833,297.48834,295.48834,298.18832,298.88834,299.88834,299.28833,297.48834,296.68832,296.18832,293.68832,293.38834,292.98834,292.48834,291.18832,290.48834,288.88834,288.68832,288.18832,292.38834,292.48834,291.48834,294.28833,291.48834,288.68832,287.48834,282.88834,281.98834,277.08832,276.58832,276.78833
291.18832,292.18832,294.08832,297.28833,298.28833,295.48834,295.68832,298.28833,295.98834,298.58832,295.58832,294.18832,295.38834,292.58832,295.48834,292.08832,294.48834,295.68832,294.98834,298.08832,295.28833,293.98834,293.78833,293.08832,291.48834,291.38834,290.58832,290.18832,287.38834,290.28833,290.88834,293.88834,292.88834,291.88834,291.28833,290.88834,288.28833,285.78833,281.88834,280.28833,276.88834,278.98834,277.68832
290.38834,290.98834,291.88834,294.28833,297.18832,296.08832,296.28833,294.58832,292.88834,292.78833,292.58832,292.48834,291.68832,291.48834,295.08832,291.58832,293.28833,293.98834,293.08832,294.68832,294.08832,294.28833,292.78833,292.08832,292.48834,290.78833,289.28833,290.88834,291.48834,292.58832,293.38834,293.68832,292.48834,292.28833,290.88834,287.88834,288.08832,288.18832,286.28833,284.08832,283.38834,283.98834,283.38834
291.88834,289.38834,289.88834,288.28833,291.18832,295.38834,295.48834,294.98834,290.78833,290.08832,289.28833,290.18832,289.28833,288.48834,290.58832,289.68832,293.58832,292.98834,293.38834,291.58832,292.38834,295.28833,292.28833,292.98834,290.48834,289.88834,291.08832,292.28833,294.28833,292.88834,292.28833,291.08832,293.88834,291.18832,288.28833,287.68832,288.98834,286.98834,287.18832,287.68832,286.48834,286.28833,286.38834
289.58832,288.98834,288.98834,289.68832,291.18832,292.08832,290.68832,290.58832,293.38834,289.18832,288.98834,289.88834,288.48834,287.38834,288.08832,293.28833,293.28833,294.48834,294.58832,291.58832,291.48834,291.18832,291.28833,291.58832,292.48834,293.28833,292.38834,291.58832,290.98834,291.78833,290.58832,290.68832,290.98834,291.88834,288.98834,288.08832,287.48834,286.48834,286.78833,286.98834,286.88834,286.78833,286.28833
290.48834,289.28833,289.58832,291.28833,292.08832,291.18832,291.98834,289.58832,288.98834,287.88834,290.18832,289.68832,289.98834,287.28833,288.18832,289.28833,290.98834,291.08832,294.98834,290.28833,289.28833,289.28833,290.78833,291.08832,294.08832,291.58832,291.08832,290.18832,290.68832,290.18832,289.98834,290.48834,290.68832,287.58832,289.88834,289.78833,287.98834,288.98834,288.48834,287.38834,287.98834,291.48834,287.88834
