wind.json
{"header": {"discipline":0,"disciplineName":"Meteorological products","gribEdition":2,"gribLength":1211,"center":7,"centerName":"US National Weather Service - NCEP(WMC)","subcenter":0,"refTime":"2023-06-27T00:00:00.000Z","significanceOfRT":1,"significanceOfRTName":"Start of forecast","productStatus":0,"productStatusName":"Operational products","productType":1,"productTypeName":"Forecast products","productDefinitionTemplate":0,"productDefinitionTemplateName":"Analysis/forecast at horizontal level/layer at a point in time","parameterCategory":2,"parameterCategoryName":"UnknownDiscipline_0_Category_2","parameterNumber":3,"parameterNumberName":"UnknownParameter_D0_C2_3","parameterUnit":"Unknown","genProcessType":2,"genProcessTypeName":"Forecast","forecastTime":300,"surface1Type":103,"surface1TypeName":"Specified height level above ground","surface1Value":10.0,"surface2Type":255,"surface2TypeName":"Missing","surface2Value":0.0,"gridDefinitionTemplate":0,"gridDefinitionTemplateName":"Latitude_Longitude","numberPoints":688,"shape":6,"shapeName":"Earth spherical with radius of 6,371,229.0 m","gridUnits":"degrees","resolution":48,"winds":"true","scanMode":64,"nx":43,"ny":16,"basicAngle":0,"lo1":45.0,"la1":40.0,"lo2":87.0,"la2":55.0,"dx":1.0,"dy":1.0}, "data":
[rows 0 to 15 of 16, columns 0 to 42 of 43]
2.571604,-1.098396,1.161604,4.421604,-2.008396,-8.198396,-6.858396,-5.238396,-1.048396,-0.30839598,-0.098395996,-0.928396,-2.128396,-3.628396,-0.278396,-0.958396,-3.758396,-5.748396,-3.058396,-5.108396,-7.368396,0.99160403,-6.998396,-6.788396,-6.278396,-1.588396,-1.598396,-2.708396,-2.788396,-4.168396,-2.038396,-0.818396,-0.69839597,1.831604,-1.438396,-6.798396,-10.258396,-7.378396,-1.118396,-6.958396,-4.308396,-2.118396,-4.148396
-1.408396,-2.388396,4.511604,5.141604,-4.408396,-6.488396,-3.878396,-6.118396,-4.628396,-3.228396,-3.648396,-3.638396,-2.518396,-2.478396,-1.968396,-0.418396,-3.488396,-2.708396,-5.168396,-4.028396,-4.718396,-4.608396,-5.308396,-5.048396,-1.668396,1.341604,4.331604,-1.948396,3.151604,1.221604,-2.398396,-2.448396,-2.518396,-1.848396,-1.098396,-3.848396,0.541604,0.181604,-3.708396,-3.168396,-6.908396,-1.868396,-4.018396
1.301604,2.101604,-0.058395997,-5.988396,-5.578396,-1.528396,-3.958396,-6.178396,-0.178396,-1.848396,-1.908396,-2.098396,1.101604,0.931604,2.591604,-1.718396,-3.388396,-3.578396,-4.388396,-4.598396,-5.128396,-6.368396,-5.378396,-8.838396,-5.448396,0.821604,0.131604,-2.448396,1.511604,0.631604,2.411604,-1.9783959,-2.158396,-1.388396,-1.188396,-2.328396,-0.748396,5.631604,-0.138396,-1.298396,-0.928396,-2.458396,-1.278396
-2.178396,-1.318396,-6.128396,-8.688396,-5.648396,-4.558396,-4.478396,-0.038395997,-4.138396,-0.23839599,-0.958396,-1.678396,-4.018396,-6.048396,-8.158396,-5.548396,-4.688396,-5.068396,-5.248396,-4.698396,-4.918396,-4.728396,-3.788396,-3.608396,-2.918396,-5.898396,7.701604,4.491604,14.111604,7.611604,-6.498396,0.181604,0.131604,-0.568396,0.761604,0.661604,1.541604,-0.058395997,-3.048396,-5.688396,2.781604,-2.268396,-1.028396
-2.028396,-6.678396,-8.568396,-11.498396,-10.998396,-10.908396,-10.558396,-12.668396,-7.878396,-5.908396,-2.768396,-1.278396,-1.198396,-4.798396,-5.398396,-7.758396,-10.458396,-8.678396,-5.148396,-4.208396,-5.008396,-5.558396,-6.738396,-4.248396,-3.528396,-6.658396,-6.828396,-4.438396,-4.458396,8.881604,15.461604,9.811604,7.101604,0.731604,0.751604,-0.268396,0.301604,-0.708396,1.551604,1.291604,1.391604,-3.998396,-4.308396
-1.648396,-3.128396,-4.638396,-10.838396,-12.318396,-12.298396,-14.048396,-13.918396,-12.738396,-10.628396,-8.688396,-4.958396,-1.338396,0.461604,-3.378396,-6.578396,-8.458396,-5.678396,-6.678396,-5.528396,-3.228396,-5.028396,-4.408396,-5.658396,-2.448396,-5.408396,-2.218396,-5.168396,-5.238396,-7.268396,-7.658396,-3.028396,-5.138396,-0.568396,1.891604,0.681604,0.731604,0.271604,-3.948396,2.491604,0.831604,-2.288396,-2.618396
-2.808396,-1.908396,-2.448396,-4.018396,-5.048396,-7.438396,-7.918396,-4.798396,-6.398396,-10.648396,-1.038396,5.201604,-5.038396,-3.278396,0.931604,-0.688396,-5.698396,-6.318396,-6.978396,-6.298396,-6.298396,-6.748396,-7.528396,-5.068396,-2.608396,-3.828396,3.361604,0.521604,-0.278396,-0.658396,-4.668396,-4.368396,-2.838396,-2.748396,1.231604,6.541604,0.261604,3.871604,-1.138396,-4.158396,-2.158396,2.331604,2.221604
-4.348396,-2.368396,-2.608396,-0.208396,0.861604,3.851604,2.051604,-2.178396,-3.678396,-3.368396,-5.808396,-3.838396,-3.508396,-2.578396,-1.508396,-5.608396,-7.658396,-7.778396,-8.118396,-8.428396,-7.788396,-5.978396,-5.778396,-7.408396,-3.868396,-3.848396,-2.898396,-1.028396,-2.788396,-3.238396,-4.658396,-4.328396,-5.348396,1.311604,6.171604,6.221604,5.691604,0.571604,0.121604,-0.208396,-0.898396,-2.288396,-8.598396
-3.918396,-3.898396,-4.088396,-4.398396,-3.708396,-4.418396,-4.238396,-5.228396,-7.498396,-7.328396,-7.838396,-7.178396,-4.338396,-3.798396,-5.178396,-6.238396,-5.598396,-7.948396,-10.718396,-10.228396,-9.478396,-6.988396,-4.918396,-2.998396,-3.898396,-0.798396,4.601604,-0.778396,-3.128396,-3.108396,-0.728396,-3.278396,-3.548396,-5.428396,-5.658396,-5.748396,0.44160402,0.911604,3.661604,0.861604,-1.298396,1.621604,-0.388396
-4.578396,-4.528396,-5.058396,-5.788396,-6.098396,-5.728396,-5.908396,-6.698396,-4.048396,-4.898396,-6.458396,-7.278396,-4.678396,-5.798396,-7.008396,-6.098396,-7.058396,-7.178396,-7.788396,-8.948396,-9.098396,-8.538396,-8.148396,-7.898396,-7.948396,-7.018396,-3.498396,-5.518396,-0.30839598,-2.948396,-1.738396,-3.058396,-4.478396,-3.858396,-5.758396,-5.488396,-3.778396,-3.798396,4.901604,0.961604,-1.288396,-0.898396,-0.07839599
-4.618396,-5.808396,-5.828396,-5.878396,-6.628396,-4.928396,-6.048396,-6.628396,-6.908396,-6.168396,-5.008396,-3.528396,-3.788396,-5.068396,-6.318396,-7.598396,-8.548396,-7.138396,-8.928396,-8.098396,-6.598396,-7.538396,-8.398396,-7.058396,-9.338396,-7.418396,-4.408396,-7.818396,-3.668396,-5.808396,-10.278396,-3.328396,-4.528396,-4.798396,-5.658396,-6.458396,-7.508396,-1.7283959,0.41160402,-0.718396,0.821604,1.061604,-0.178396
-4.788396,-5.168396,-5.088396,-6.208396,-6.138396,-5.978396,-6.608396,-7.418396,-6.198396,-4.318396,-4.198396,-2.268396,-4.408396,-4.608396,-3.378396,-6.438396,-7.848396,-8.218396,-9.498396,-8.618396,-8.578396,-6.758396,-6.738396,-6.728396,-6.548396,-5.128396,-6.698396,-2.718396,-2.258396,-3.108396,-7.868396,-10.458396,-4.228396,-3.968396,-5.228396,-3.468396,-5.918396,-5.368396,-2.728396,-1.488396,-1.488396,-2.468396,-2.958396
-3.408396,-3.698396,-4.398396,-4.968396,-5.198396,-5.728396,-5.718396,-6.448396,-6.508396,-6.378396,-5.488396,-4.068396,-2.938396,-6.018396,-7.138396,-4.468396,-5.178396,-7.058396,-6.538396,-9.088396,-7.658396,-7.378396,-5.538396,-5.768396,-4.958396,-4.978396,-3.448396,-5.128396,-4.538396,-5.718396,-6.888396,-9.948396,-8.428396,-6.118396,-3.218396,-4.358396,-3.828396,-3.918396,-4.598396,-3.918396,-2.148396,-2.088396,-0.958396
-3.458396,-3.898396,-3.368396,-5.348396,-5.078396,-4.488396,-5.068396,-4.758396,-6.108396,-5.748396,-7.338396,-3.568396,-0.638396,-2.498396,-2.708396,-1.628396,-4.798396,-7.138396,-4.768396,-4.118396,-5.998396,-6.348396,-6.508396,-4.738396,-5.118396,-5.628396,-6.538396,-5.248396,-7.188396,-7.318396,-6.668396,-5.958396,-7.058396,-7.818396,0.671604,-4.578396,-1.768396,-4.428396,-4.038396,-0.028395995,-2.528396,-2.308396,-2.328396
-4.068396,-3.938396,-3.958396,-5.718396,-3.568396,-4.408396,-5.048396,-6.398396,-4.618396,-5.338396,-4.318396,-3.388396,-0.838396,0.841604,-3.698396,-1.9783959,-4.758396,-5.998396,-6.648396,-5.798396,-4.448396,-6.328396,-6.078396,-6.668396,-5.588396,-4.588396,-4.638396,-7.048396,-6.838396,-6.908396,-6.828396,-5.668396,-5.418396,-7.438396,-6.858396,-3.328396,-1.758396,-4.718396,-4.408396,-3.828396,-5.378396,-1.968396,-3.228396
-3.828396,-4.578396,-2.458396,-3.318396,-1.668396,-4.348396,-3.608396,-2.398396,-6.638396,-5.278396,-7.188396,-5.228396,-3.298396,-5.108396,-4.248396,-2.898396,-4.248396,-5.118396,-7.428396,-7.698396,-3.008396,-5.618396,-5.288396,-6.418396,-7.058396,-6.808396,-5.958396,-4.158396,-6.268396,-4.808396,-6.118396,-6.968396,-7.568396,-8.388396,-6.258396,-4.558396,-4.288396,-1.848396,-3.158396,-3.108396,-3.778396,-4.728396,-2.588396
