wind.json
{"header": {"discipline":0,"disciplineName":"Meteorological products","gribEdition":2,"gribLength":1125,"center":7,"centerName":"US National Weather Service - NCEP(WMC)","subcenter":0,"refTime":"2023-05-30T06:00:00.000Z","significanceOfRT":1,"significanceOfRTName":"Start of forecast","productStatus":0,"productStatusName":"Operational products","productType":1,"productTypeName":"Forecast products","productDefinitionTemplate":0,"productDefinitionTemplateName":"Analysis/forecast at horizontal level/layer at a point in time","parameterCategory":2,"parameterCategoryName":"UnknownDiscipline_0_Category_2","parameterNumber":2,"parameterNumberName":"UnknownParameter_D0_C2_2","parameterUnit":"Unknown","genProcessType":2,"genProcessTypeName":"Forecast","forecastTime":180,"surface1Type":103,"surface1TypeName":"Specified height level above ground","surface1Value":10.0,"surface2Type":255,"surface2TypeName":"Missing","surface2Value":0.0,"gridDefinitionTemplate":0,"gridDefinitionTemplateName":"Latitude_Longitude","numberPoints":688,"shape":6,"shapeName":"Earth spherical with radius of 6,371,229.0 m","gridUnits":"degrees","resolution":48,"winds":"true","scanMode":64,"nx":43,"ny":16,"basicAngle":0,"lo1":45.0,"la1":40.0,"lo2":87.0,"la2":55.0,"dx":1.0,"dy":1.0}, "data":
[rows 0 to 15 of 16, columns 0 to 42 of 43]
-4.3045607,-1.1745605,-1.5545605,-3.3045607,-3.0545607,-0.65456057,4.3854394,5.1554394,4.6954393,1.2254394,9.975439,8.405439,7.6954393,7.7554393,5.3054395,-0.21456055,-0.67456055,-1.3445605,-0.9445605,-0.84456056,-2.1945605,-1.9845605,-2.6045606,1.1154394,0.27543944,-0.53456056,0.15543945,-0.6445606,-0.90456057,0.47543946,0.18543945,-0.81456053,-0.38456056,0.56543946,0.20543945,-1.7445606,-2.4745605,-2.1345606,-2.3445606,-3.0045605,-1.4845605,-0.5145605,-3.9145606
-0.15456055,-1.0845605,-3.1645606,0.68543947,3.0154395,5.7954392,6.5954394,6.4554396,5.6854396,6.9454393,6.9554396,6.2354393,7.5254393,6.8854394,-0.7645605,-2.1645606,-1.7345605,0.99543947,1.0454395,-1.4745605,-3.4245605,-1.3945606,-2.0345604,1.4154395,-3.3645606,-3.4345605,1.9454395,-2.8745606,-3.5045605,-1.1345606,0.33543944,-0.75456053,-0.84456056,1.4554394,0.5454395,2.6554394,0.50543946,0.71543944,-1.3645606,-2.2245605,-2.8445606,-3.4245605,-1.1345606
-0.75456053,-1.5045606,1.9754394,1.7954395,1.9054395,3.1254394,3.7454395,1.1054394,-0.87456053,0.56543946,3.3254395,-2.0645607,-0.8345606,-0.09456055,-3.3445606,-3.6545606,-1.6645606,-1.2445606,-0.8945606,-4.1645603,-5.184561,-2.1745605,-5.0445604,-3.6745605,-1.9445605,-5.2645607,-0.9545605,-0.054560546,-2.0345604,-1.1645606,-1.2845606,-1.2845606,-1.6245606,-1.0045606,2.8254395,-2.6445606,0.14543945,0.035439454,-1.3445605,0.6654394,-0.24456054,1.5554395,2.2154396
-0.81456053,-0.50456053,-1.2645606,-2.7945604,-0.9445605,0.69543946,1.4454395,-0.5845606,-2.2145605,0.39543945,-1.1145606,-2.1445606,-6.5345607,-6.2745605,-1.6945605,-4.1545606,-1.8845606,-1.1345606,-2.0245605,-3.8345606,-4.8445606,-4.5045605,-3.9445605,-2.6045606,-2.8645606,-3.1545606,-1.0745605,-1.4145606,-0.49456054,0.27543944,-2.1045606,-0.22456054,-1.6645606,2.4154394,0.52543944,-0.6345605,0.025439452,-1.7045605,-0.56456053,-0.114560544,-0.28456056,1.9854394,1.0654395
-3.0745606,-2.2445605,-2.8145607,-1.7045605,-0.44456056,0.025439452,0.045439452,-0.9445605,1.8454394,-0.16456054,0.34543946,2.6754394,-4.0945606,-6.7245607,-3.3345606,-2.0245605,0.8654395,0.28543946,1.3754394,-0.18456055,-3.1445606,-2.2245605,-2.5145605,-2.7545605,-3.1045606,-0.23456055,-5.6145606,-4.8445606,-3.5245605,-2.6145606,-0.71456057,1.2754395,-1.9145606,-2.1445606,0.81543946,1.0554395,-2.7745605,-1.7245605,-1.5045606,1.5854394,0.9754394,0.8654395,2.1454394
-0.16456054,-0.114560544,2.3354394,0.70543945,1.8954395,2.1154394,0.6054394,1.8254395,2.5354395,2.3854394,1.1154394,1.2954395,1.1954395,-1.5045606,1.8454394,-1.2045605,-0.14456055,4.0154395,2.2154396,1.9254395,-1.2345605,1.1454395,-3.9045606,-3.1045606,-0.044560548,-2.8845606,-2.1745605,-3.5445604,-2.7445605,-1.5545605,-2.4045606,0.30543944,-3.4545605,-2.4645605,-2.7545605,0.35543945,0.7354395,0.45543945,-1.3445605,-0.50456053,-0.27456054,0.25543946,1.9554394
-3.1245606,-3.6345606,-0.80456054,-0.75456053,3.8054395,2.3754394,4.5354395,4.7254395,2.7154396,1.4254395,2.0654395,1.8354394,1.9854394,-4.3945603,-1.1145606,1.9954394,6.4254394,6.5154395,5.1654396,3.4254394,3.3654394,2.0254395,-1.7945606,-0.114560544,1.2854395,0.24543945,0.09543946,0.35543945,1.3254395,2.1854393,0.48543945,-1.8045605,-2.6745605,-1.8345605,-3.5445604,-2.3245606,-0.42456055,-3.3745606,0.82543945,2.8454394,8.185439,0.035439454,1.2354394
-3.0345604,-1.8645606,-2.0045605,0.045439452,-0.42456055,0.7254394,-1.1145606,1.9354395,-0.68456054,0.70543945,0.95543945,-0.21456055,0.9754394,1.0654395,2.2754395,-3.1345606,4.2754393,2.1954393,0.81543946,3.3554394,1.9754394,1.3754394,1.2854395,2.7654395,2.3654394,0.84543943,0.45543945,-0.14456055,1.6354394,5.0254393,2.7154396,1.4354395,1.5554395,1.3254395,-2.4545605,-2.5345604,-1.8345605,-2.2645605,-1.2045605,3.4354393,0.53543943,-0.46456054,0.64543945
-0.7745606,-0.48456055,-2.2545605,-2.5445604,-2.4045606,-0.79456055,-0.75456053,0.17543945,0.13543946,1.5354395,0.51543945,0.21543945,1.7054394,0.40543947,-0.65456057,-2.3545606,1.5054394,5.2954392,3.2054396,5.3554397,5.7954392,1.4854394,-0.5745605,-0.38456056,-0.53456056,-3.9345605,-1.1245606,0.90543944,-2.3545606,-5.2445607,-2.0045605,-4.3245606,-4.1945605,-3.7945604,-3.0245605,0.105439454,-2.0245605,2.3054395,2.1554394,5.4554396,5.1354394,3.7954395,-2.1045606
-2.2645605,-0.17456055,-1.8145605,-1.8245605,-1.2645606,-1.2445606,-1.0345606,0.59543943,0.13543946,-1.5245606,-1.9845605,-2.7345605,1.3654394,0.15543945,1.6654395,0.32543945,-0.43456054,1.3254395,1.6254394,4.7254395,4.1254396,-0.034560546,-1.5345606,-1.3045605,-2.7145605,-1.0645605,-2.0345604,-3.3345606,-2.1745605,-2.5745606,-1.3045605,-2.5945606,-2.7145605,-0.24456054,1.0254395,-0.114560544,1.3654394,0.33543944,0.08543945,-3.0045605,-1.1545606,0.78543943,-2.6045606
-2.5245605,-1.3845606,-2.0145605,-2.2345605,-1.3845606,-0.96456057,0.08543945,1.0554395,-0.54456055,0.20543945,-0.90456057,0.35543945,1.0154395,1.8854394,2.4354393,2.4454393,2.4454393,2.5254395,3.7954395,7.6854396,1.8654394,-0.8945606,0.035439454,-1.5245606,-1.4845605,-2.8245606,-3.4645605,-3.0745606,-2.9245605,-3.3545606,-2.5445604,-1.9945606,-1.0245606,-0.35456055,0.48543945,-2.9045606,-0.62456053,0.49543944,-2.1845605,-0.034560546,-2.9445605,-0.9445605,-1.0845605
-1.1245606,0.56543946,-1.7745606,-1.2045605,-2.1245606,0.22543946,0.09543946,0.015439454,0.045439452,0.71543944,0.23543945,1.3554394,3.4054394,3.4154394,2.2554395,-0.074560545,-3.6945605,-3.1545606,-2.2845604,-2.0645607,-0.93456054,-1.2545606,-0.23456055,0.14543945,-1.1445606,-1.9545605,-1.2845606,-1.8345605,-3.0045605,-2.2945604,0.015439454,-0.014560547,-2.9245605,-2.8145607,-1.2745606,-1.9445605,-1.4845605,-0.7645605,-1.7245605,0.015439454,-1.1545606,0.95543945,-1.6445606
-0.9545605,0.30543944,-0.10456055,-1.3645606,-1.2545606,-0.21456055,-0.5745605,0.38543946,0.48543945,-0.68456054,-0.36456054,0.17543945,0.25543946,-1.0045606,-5.0145607,-5.1445603,-3.7245605,-3.2545605,-2.4145606,-2.1045606,-2.7445605,-1.2845606,-0.72456056,-0.38456056,1.8954395,-4.7445607,-4.5345607,-3.5745606,-4.4945607,1.3054395,-2.5245605,-2.6845605,-2.7345605,-3.8845606,-2.5645607,-2.8345606,0.14543945,-1.6345606,-1.0845605,-0.47456056,0.105439454,-0.27456054,-0.81456053
0.11543945,0.81543946,-0.8345606,-1.0945605,0.09543946,-0.42456055,-0.8345606,0.18543945,-0.35456055,-0.25456056,0.105439454,0.16543946,0.48543945,-0.9545605,-2.7045605,-2.3245606,-1.8245605,-2.7945604,-1.9245605,-1.7945606,-0.93456054,0.65543944,0.68543947,1.8454394,-1.6745605,-3.3845606,-2.4545605,-3.5445604,-2.7245605,-4.0945606,-2.4245605,-2.4445605,-3.0745606,-1.2145605,-1.6345606,-2.0045605,-1.6245606,-2.2145605,-0.8945606,-0.12456055,-0.48456055,0.96543944,-0.27456054
1.9254395,0.96543944,-0.054560546,-0.5245606,-0.66456056,-0.73456055,-0.27456054,0.32543945,0.33543944,-0.36456054,1.0254395,0.99543947,0.8654395,0.065439455,-0.9545605,-0.22456054,0.21543945,-1.4045606,-2.1845605,-0.41456056,0.12543945,0.31543946,0.18543945,-0.22456054,-1.0545605,-5.2845607,-3.8645606,-2.1545606,-4.0345607,-2.2145605,5.1254396,0.18543945,-0.90456057,-2.8245606,2.6654394,-0.8945606,-0.28456056,-0.50456053,0.18543945,-0.09456055,-1.0345606,-0.21456055,0.11543945
0.77543944,1.3154395,0.46543944,0.20543945,-0.17456055,0.75543946,0.94543946,1.4954394,1.8154395,0.6654394,0.96543944,0.84543943,0.045439452,-0.40456054,0.31543946,0.90543944,0.36543944,0.57543945,-0.054560546,0.49543944,1.2854395,-0.004560547,1.5954394,0.27543944,0.83543944,3.5154395,-2.0445604,-2.4445605,1.8954395,2.2254395,5.1054397,4.1354394,2.8054395,1.7554394,3.1754394,0.78543943,-1.5845605,-0.5145605,-0.47456056,0.32543945,0.65543944,1.4054395,-0.5145605
