wind_kz.json
{"header": {"discipline":0,"disciplineName":"Meteorological products","gribEdition":2,"gribLength":948,"center":7,"centerName":"US National Weather Service - NCEP(WMC)","subcenter":0,"refTime":"2023-08-18T12:00:00.000Z","significanceOfRT":1,"significanceOfRTName":"Start of forecast","productStatus":0,"productStatusName":"Operational products","productType":1,"productTypeName":"Forecast products","productDefinitionTemplate":0,"productDefinitionTemplateName":"Analysis/forecast at horizontal level/layer at a point in time","parameterCategory":0,"parameterCategoryName":"UnknownDiscipline_0_Category_0","parameterNumber":0,"parameterNumberName":"UnknownParameter_D0_C0_0","parameterUnit":"Unknown","genProcessType":2,"genProcessTypeName":"Forecast","forecastTime":0,"surface1Type":1,"surface1TypeName":"Ground or water surface","surface1Value":0.0,"surface2Type":255,"surface2TypeName":"Missing","surface2Value":0.0,"gridDefinitionTemplate":0,"gridDefinitionTemplateName":"Latitude_Longitude","numberPoints":615,"shape":6,"shapeName":"Earth spherical with radius of 6,371,229.0 m","gridUnits":"degrees","resolution":48,"winds":"true","scanMode":64,"nx":41,"ny":15,"basicAngle":0,"lo1":47.0,"la1":41.0,"lo2":87.0,"la2":55.0,"dx":1.0,"dy":1.0}, "data":
[rows 0 to 14 of 15, columns 0 to 40 of 41]
316.72238,302.0224,306.62238,300.3224,299.62238,298.4224,311.22238,322.12238,323.0224,323.62238,322.5224,322.22238,321.72238,321.5224,320.3224,320.12238,320.0224,318.62238,319.72238,318.22238,317.72238,312.0224,312.72238,308.22238,309.22238,311.72238,307.3224,292.22238,290.62238,288.22238,286.22238,288.12238,297.3224,307.5224,311.22238,308.3224,310.12238,309.72238,309.4224,309.12238,308.72238
288.62238,303.9224,300.22238,301.0224,300.22238,298.72238,320.12238,319.12238,318.4224,320.12238,320.5224,319.4224,319.4224,318.5224,319.22238,320.0224,319.22238,319.12238,318.62238,320.3224,317.3224,313.72238,311.9224,301.9224,292.12238,291.4224,301.0224,291.62238,293.8224,283.5224,288.0224,280.5224,284.62238,271.3224,285.9224,302.8224,302.9224,303.8224,308.12238,300.22238,286.12238
305.62238,300.22238,301.3224,301.72238,299.22238,316.8224,317.62238,318.22238,316.9224,318.9224,318.8224,316.22238,317.22238,317.62238,318.22238,318.62238,317.5224,316.3224,318.3224,319.9224,318.62238,314.72238,312.3224,305.3224,308.8224,308.22238,308.9224,308.12238,306.22238,292.3224,282.62238,282.72238,289.62238,286.4224,285.3224,294.62238,280.4224,286.5224,289.22238,284.12238,284.3224
306.5224,301.12238,301.8224,301.22238,302.4224,308.9224,319.62238,319.12238,320.3224,318.5224,319.72238,317.3224,296.9224,296.12238,317.0224,318.4224,316.62238,317.0224,320.5224,319.0224,307.4224,310.0224,311.8224,311.4224,311.3224,310.9224,311.3224,308.22238,307.3224,307.12238,306.22238,303.3224,303.62238,303.5224,303.0224,298.8224,287.4224,287.3224,288.8224,298.9224,302.4224
318.0224,301.3224,300.9224,300.9224,307.4224,312.12238,316.8224,316.9224,318.4224,318.5224,318.8224,313.3224,297.3224,296.62238,296.0224,318.9224,318.3224,310.72238,313.0224,314.5224,314.5224,314.12238,312.12238,311.5224,311.72238,309.5224,306.9224,302.22238,307.9224,306.5224,307.9224,303.12238,291.3224,281.4224,292.22238,300.8224,302.12238,308.0224,308.9224,306.9224,306.4224
314.72238,312.22238,299.62238,300.3224,301.4224,301.4224,318.3224,318.5224,320.22238,320.0224,318.72238,314.22238,299.22238,297.3224,306.3224,315.0224,316.0224,315.62238,305.72238,314.5224,312.22238,311.12238,311.4224,309.8224,309.9224,308.3224,306.72238,294.62238,305.8224,307.22238,305.5224,306.22238,303.12238,302.9224,299.72238,298.3224,294.72238,296.8224,305.62238,306.9224,305.12238
316.72238,316.4224,314.3224,305.3224,312.12238,306.9224,319.3224,320.8224,320.5224,316.3224,314.62238,313.5224,313.9224,315.62238,316.0224,314.72238,313.5224,314.5224,304.3224,303.72238,310.22238,307.3224,307.9224,310.72238,308.4224,308.4224,307.62238,308.5224,307.12238,307.0224,304.22238,303.5224,304.72238,306.22238,303.4224,300.4224,295.5224,291.8224,289.62238,288.0224,299.3224
318.9224,313.9224,313.9224,315.8224,319.5224,319.62238,319.9224,317.4224,313.3224,308.5224,309.4224,313.0224,312.3224,314.8224,314.9224,314.62238,310.22238,312.5224,312.12238,310.22238,310.3224,310.0224,309.62238,307.9224,305.5224,302.5224,301.5224,304.0224,302.62238,303.3224,302.62238,302.8224,300.3224,296.9224,296.62238,299.3224,300.22238,290.12238,298.62238,299.8224,296.4224
317.72238,316.62238,316.12238,313.3224,316.22238,314.4224,315.22238,316.62238,313.9224,311.12238,307.5224,312.3224,311.9224,312.62238,313.0224,313.8224,313.4224,312.9224,311.8224,310.62238,308.4224,307.9224,307.8224,307.4224,304.12238,303.12238,300.12238,299.22238,297.72238,296.72238,297.5224,297.4224,298.12238,298.0224,298.0224,294.9224,292.62238,293.4224,284.22238,283.0224,283.3224
315.22238,315.3224,315.22238,314.22238,314.5224,314.22238,312.0224,313.3224,311.5224,312.22238,309.4224,308.62238,307.9224,303.5224,309.72238,311.22238,308.9224,302.9224,309.22238,310.3224,308.5224,305.5224,308.0224,307.4224,306.4224,302.0224,300.8224,299.8224,296.8224,297.4224,295.9224,298.4224,299.4224,296.5224,298.12238,295.4224,289.12238,288.4224,286.5224,282.5224,281.3224
313.4224,312.72238,312.9224,313.22238,312.0224,312.22238,312.4224,312.3224,311.8224,310.3224,305.8224,309.4224,308.72238,304.4224,301.0224,300.72238,307.0224,303.22238,307.5224,307.62238,306.62238,306.5224,303.9224,304.3224,303.8224,296.8224,295.9224,298.9224,298.72238,299.22238,298.3224,297.8224,297.5224,296.62238,295.4224,293.5224,289.62238,286.5224,285.62238,285.62238,285.62238
313.22238,314.4224,313.12238,313.22238,310.72238,309.3224,308.4224,310.22238,309.9224,302.72238,306.72238,306.9224,302.9224,304.62238,303.4224,304.3224,303.12238,307.72238,307.62238,305.8224,304.12238,302.9224,304.12238,304.4224,301.62238,300.9224,300.22238,299.4224,299.8224,298.3224,296.12238,296.5224,295.62238,292.72238,293.0224,292.22238,291.9224,290.3224,289.12238,288.62238,288.12238
308.3224,312.5224,313.3224,313.12238,310.22238,308.72238,309.4224,311.62238,309.12238,305.3224,296.3224,289.9224,303.3224,301.3224,304.72238,304.5224,304.4224,304.72238,305.72238,304.0224,302.62238,302.9224,302.22238,300.3224,301.5224,301.12238,301.12238,299.62238,296.4224,296.72238,297.4224,296.22238,295.22238,294.22238,294.0224,292.12238,291.12238,291.4224,289.12238,289.0224,288.72238
310.3224,311.22238,302.4224,315.22238,313.3224,310.8224,309.72238,306.12238,310.3224,305.9224,302.9224,291.9224,300.8224,302.8224,302.9224,303.4224,304.0224,303.62238,305.9224,304.4224,303.8224,302.62238,301.12238,300.72238,300.3224,301.0224,299.72238,297.72238,296.22238,295.8224,296.3224,293.62238,294.22238,293.22238,291.22238,291.8224,291.12238,289.22238,288.22238,286.3224,286.9224
305.9224,311.5224,293.8224,309.62238,310.62238,309.22238,308.3224,306.12238,310.4224,303.9224,305.72238,303.72238,299.3224,302.72238,303.4224,304.5224,304.5224,305.4224,307.22238,305.8224,303.4224,303.5224,303.62238,303.12238,302.5224,301.4224,300.4224,297.5224,295.62238,295.8224,292.4224,288.12238,292.8224,291.3224,292.62238,291.8224,290.4224,289.8224,289.72238,289.0224,288.12238
