wind_kz.json
{"header": {"discipline":0,"disciplineName":"Meteorological products","gribEdition":2,"gribLength":1025,"center":7,"centerName":"US National Weather Service - NCEP(WMC)","subcenter":0,"refTime":"2023-09-07T18:00:00.000Z","significanceOfRT":1,"significanceOfRTName":"Start of forecast","productStatus":0,"productStatusName":"Operational products","productType":1,"productTypeName":"Forecast products","productDefinitionTemplate":0,"productDefinitionTemplateName":"Analysis/forecast at horizontal level/layer at a point in time","parameterCategory":2,"parameterCategoryName":"UnknownDiscipline_0_Category_2","parameterNumber":3,"parameterNumberName":"UnknownParameter_D0_C2_3","parameterUnit":"Unknown","genProcessType":2,"genProcessTypeName":"Forecast","forecastTime":120,"surface1Type":103,"surface1TypeName":"Specified height level above ground","surface1Value":10.0,"surface2Type":255,"surface2TypeName":"Missing","surface2Value":0.0,"gridDefinitionTemplate":0,"gridDefinitionTemplateName":"Latitude_Longitude","numberPoints":615,"shape":6,"shapeName":"Earth spherical with radius of 6,371,229.0 m","gridUnits":"degrees","resolution":48,"winds":"true","scanMode":64,"nx":41,"ny":15,"basicAngle":0,"lo1":47.0,"la1":41.0,"lo2":87.0,"la2":55.0,"dx":1.0,"dy":1.0}, "data":
[rows 0 to 14 of 15, columns 0 to 40 of 41]
-1.0470215,0.8029785,-1.0670215,-6.1470213,-9.057021,-13.107021,-10.077022,-0.7370215,-1.0270215,-1.2570214,-2.1470215,-2.6970215,-2.3970215,-3.8770216,-5.4670215,-5.8470216,-5.3970213,-4.9370213,-5.4370213,-3.7670214,-4.6470213,-5.6470213,-4.7670217,0.65297854,-0.97702146,-0.45702147,-0.5070215,2.4929786,0.8329785,-0.6670215,-2.1170216,-3.1370215,0.3129785,-0.29702148,-1.3870215,0.36297852,0.4929785,0.9329785,2.2229786,3.3629785,3.0129786
3.5729785,1.1929785,-2.9370215,-4.8770213,-5.1270213,-8.4070215,-10.247022,-5.8270216,-2.2970214,-3.0270214,-3.1970215,-4.1270213,-4.3570213,-3.7870214,-5.4670215,-5.0970216,-4.0870214,-5.6970215,-5.6170216,-4.3270216,-2.5770216,-3.5970216,-2.8870215,0.9429785,0.9229785,1.8329785,-0.9170215,3.4129784,0.42297852,2.9929786,4.1929784,4.0229783,2.2229786,1.0429785,-0.027021484,-2.3770216,-1.5470215,-5.0770216,-2.8370216,-2.9270215,0.17297852
1.0629785,1.5029786,0.4729785,-1.4870214,-3.1270216,-3.4070215,-5.2070217,-7.6270213,-5.2270217,-4.3770213,-0.78702146,-1.5370215,-3.1270216,-4.2270217,-5.7370214,-5.8670216,-4.6270213,-4.9570217,-4.1670213,-3.9770215,-4.1570215,-3.8370216,-3.3670216,-1.0970215,-1.2770215,-1.6570215,-0.4770215,-1.5470215,0.012978516,0.32297853,2.2029786,-0.15702148,1.0429785,-0.8070215,-1.1270214,0.5829785,-0.8770215,-3.7970214,-1.7870215,-0.8070215,1.3229785
1.6629785,2.6029785,-1.5870215,-0.6870215,1.6929785,-1.0170215,-2.7770214,0.7429785,-0.17702149,0.032978516,-1.6470215,0.8729785,-0.58702147,-2.5470214,-2.9470215,-4.1070213,-4.9170213,-5.0070214,-3.9970214,-2.8470216,-3.5470214,-1.7370214,-2.0470214,-2.0470214,-2.1170216,-3.1470215,-2.8570216,-2.5270214,-2.3870215,-1.4370215,-2.5770216,-3.5370214,-0.6370215,4.0129786,-0.17702149,-0.4770215,1.4329785,4.1129785,0.8729785,-0.39702147,0.15297851
3.1629784,3.4829786,0.53297853,-1.3470215,-2.5070214,-2.7070215,-3.1270216,1.0629785,-1.3670214,-3.0770216,-2.4570215,-1.8070215,1.3829786,0.59297854,-1.0970215,-2.4770215,-3.8570216,-3.3870215,-3.0070214,-3.3770216,-3.2970214,-3.0570214,-3.0770216,-2.3770216,-2.0570214,-1.7070215,-0.117021486,-0.117021486,-1.0370215,-1.7470214,0.45297852,0.19297852,2.9429786,3.0929785,-0.13702148,0.7429785,-0.58702147,-1.2770215,-0.9270215,-5.8070216,-5.3370214
5.3129787,2.9329786,2.6229784,0.6229785,1.3629785,-0.20702149,-1.4070215,-2.3370216,2.2629786,-1.0370215,0.012978516,-1.5270215,-2.1770215,-4.1070213,0.9229785,0.032978516,-0.8970215,-1.7370214,-1.5370215,-1.1370215,-1.2070215,-0.8270215,-1.4270215,-1.3170215,0.012978516,0.5129785,0.65297854,-0.017021485,-0.9170215,0.8629785,1.7929785,1.3029785,2.8229785,0.5129785,1.1729785,-0.3770215,1.0329785,-0.36702147,-2.7270215,-0.2870215,0.39297852
0.4329785,6.7429786,4.4129786,2.8829784,0.8829785,0.5429785,0.7629785,0.15297851,1.2429786,-1.0270215,-1.7370214,-1.9870214,-1.3670214,-1.7070215,-1.8370215,-2.8970215,-3.5770216,-4.5670214,-4.6070213,-4.1670213,-2.6770215,-2.5370214,-3.6070216,-1.3370215,-1.3470215,-0.83702147,-0.3770215,-0.23702149,1.1529785,-0.9870215,1.2029785,3.8729784,2.9329786,2.8529785,1.4129785,0.8729785,-1.6170214,1.5129786,0.122978516,0.6929785,-0.41702148
2.2229786,1.6829785,1.4329785,2.1229784,1.7429786,-2.3470216,-1.7770215,-2.1070216,-2.0970216,-1.6370215,-2.1670215,-0.65702146,-1.0470215,-1.9670215,-4.4370213,-4.8070216,-4.3170214,-3.2470214,-3.7470214,-2.7270215,-3.1970215,-2.2570214,-1.5070214,-1.3170215,-0.48702148,0.72297853,0.91297853,0.17297852,1.2029785,1.2429786,-0.9870215,-2.1770215,5.0629787,3.6729784,5.0629787,3.3329785,0.14297852,-0.7970215,0.72297853,-1.8470215,-1.9270215
0.20297852,0.22297852,0.9529785,-1.6670215,1.3029785,-0.057021484,-3.3070214,-1.5970215,-0.7470215,-1.8670214,-2.8170214,-1.4270215,-1.8570215,-4.1470213,-4.1670213,-4.0370216,-4.5370216,-3.8070214,-3.1570215,-2.2670214,-1.6070215,-2.5270214,-3.0970216,-2.4070215,-1.2070215,0.8729785,2.8229785,3.4029784,4.2229786,3.1129785,1.6629785,1.3729786,-0.2570215,-2.3770216,4.6729784,4.1029787,0.7329785,4.5829787,3.8429785,1.9329785,1.8329785
-1.2470214,1.5329785,1.0029786,1.5329785,1.8029785,1.2029785,-1.5570215,-2.9470215,-2.0870216,-0.36702147,-0.8870215,-1.6670215,-2.5470214,-3.4270215,-4.0570216,-4.5670214,-5.0270214,-4.1770215,-4.7670217,-4.0170217,-4.0970216,-4.2470217,-3.7970214,-2.1970215,-1.7470214,-4.9570217,2.1829786,3.4029784,3.1929786,3.4229784,3.3429785,3.7229786,2.1629784,-0.65702146,-2.5670214,1.1729785,1.7829785,0.092978515,4.6629786,5.6629786,3.5029786
-1.5470215,1.2429786,0.10297851,-1.1770215,0.3129785,1.6529785,-0.18702148,-2.1570215,-0.8970215,-1.4370215,-0.5070215,-0.97702146,-2.0170214,-2.6470215,-5.0270214,-5.5970216,-6.0470214,-6.2470217,-4.8070216,-4.8670216,-4.0470214,-4.2370214,-5.5170217,-6.5870214,-3.9270215,-3.8770216,-2.7570214,-2.2770214,-0.4770215,1.0729785,1.5029786,2.5829785,1.8929785,3.0729785,1.6529785,-0.21702148,0.3429785,2.1129785,3.1429784,2.1129785,1.6929785
0.41297853,-1.0170215,-0.96702147,-1.3770214,-0.7570215,1.4229785,-0.33702147,-0.037021484,-1.1870215,-0.83702147,-0.5470215,-0.9470215,-1.7770215,-2.3070214,-3.2770214,-1.6270214,-2.4570215,-3.5270214,-3.7670214,-4.5970216,-5.3470216,-5.2970214,-4.7770214,-5.4870214,-5.7670217,-7.5070214,-6.6770215,-6.8670216,-3.1670215,-3.4270215,0.7629785,2.4629786,1.7629786,1.9129785,1.2429786,1.3129785,2.0029786,0.16297852,1.3229785,1.4829785,0.91297853
-0.90702146,0.35297853,-0.6270215,0.3429785,-0.48702148,-0.5570215,-0.10702148,-0.017021485,-0.52702147,-0.23702149,-0.22702149,-0.6870215,-1.4970214,-2.5970216,-2.9170215,-3.3670216,-3.2970214,-3.3070214,-3.5070214,-3.7070215,-3.1070216,-2.2470214,-2.3870215,-2.7270215,-3.5470214,-3.7470214,-4.8670216,-4.4070215,-4.2070217,-3.7370214,-4.8470216,-5.3370214,-3.4470215,-2.4270215,-0.8670215,-0.44702148,1.9929786,2.1429784,2.3529785,1.9929786,1.7129785
0.52297854,-0.17702149,-0.4970215,0.16297852,0.13297851,0.10297851,-0.09702148,1.1229786,0.8629785,0.8929785,0.38297853,-0.36702147,-2.3170214,-2.0070214,-2.8170214,-2.7070215,-3.0170214,-3.1270216,-3.4270215,-3.7770214,-4.0170217,-3.4970214,-3.8370216,-3.8170214,-4.1870213,-4.3870215,-4.1470213,-4.0970216,-4.3170214,-3.7970214,-4.5570216,-3.4570215,-2.1670215,-2.0070214,-2.0570214,-2.5870216,-0.6070215,1.0129786,1.6629785,1.5029786,1.9529785
-0.8270215,-0.39702147,-0.59702146,0.5129785,0.59297854,1.1029785,1.1129785,0.4929785,1.4429785,1.0829785,-0.2870215,0.21297851,1.2729785,-1.2970215,-1.5670215,-2.0170214,-2.4570215,-2.9670215,-3.0770216,-3.2370214,-3.4570215,-3.4570215,-3.5470214,-3.8870215,-3.8470216,-4.1170216,-4.5670214,-4.7870216,-4.3770213,-4.4170213,-4.6470213,-4.5870214,-2.5470214,-3.0170214,-3.6270216,-3.3570216,-1.7170215,-0.5570215,-0.117021486,-0.4370215,0.7329785
