wind_kz.json
{"header": {"discipline":0,"disciplineName":"Meteorological products","gribEdition":2,"gribLength":871,"center":7,"centerName":"US National Weather Service - NCEP(WMC)","subcenter":0,"refTime":"2023-08-27T12:00:00.000Z","significanceOfRT":1,"significanceOfRTName":"Start of forecast","productStatus":0,"productStatusName":"Operational products","productType":1,"productTypeName":"Forecast products","productDefinitionTemplate":0,"productDefinitionTemplateName":"Analysis/forecast at horizontal level/layer at a point in time","parameterCategory":0,"parameterCategoryName":"UnknownDiscipline_0_Category_0","parameterNumber":0,"parameterNumberName":"UnknownParameter_D0_C0_0","parameterUnit":"Unknown","genProcessType":2,"genProcessTypeName":"Forecast","forecastTime":300,"surface1Type":1,"surface1TypeName":"Ground or water surface","surface1Value":0.0,"surface2Type":255,"surface2TypeName":"Missing","surface2Value":0.0,"gridDefinitionTemplate":0,"gridDefinitionTemplateName":"Latitude_Longitude","numberPoints":615,"shape":6,"shapeName":"Earth spherical with radius of 6,371,229.0 m","gridUnits":"degrees","resolution":48,"winds":"true","scanMode":64,"nx":41,"ny":15,"basicAngle":0,"lo1":47.0,"la1":41.0,"lo2":87.0,"la2":55.0,"dx":1.0,"dy":1.0}, "data":
[rows 0 to 14 of 15, columns 0 to 40 of 41]
293.08218,286.1822,292.08218,298.28217,298.08218,296.88217,295.88217,294.6822,291.48218,291.1822,288.48218,289.6822,288.78217,288.08218,287.78217,284.48218,285.28217,286.58218,285.6822,285.28217,287.58218,284.08218,282.58218,282.08218,285.48218,288.48218,288.38217,275.48218,275.38217,275.28217,274.98218,274.78217,286.28217,292.48218,291.48218,291.6822,291.98218,292.58218,293.08218,291.38217,291.38217
279.78217,292.28217,297.88217,298.28217,298.08218,296.28217,293.28217,290.58218,288.1822,286.98218,287.1822,285.58218,285.08218,283.98218,284.28217,284.58218,285.48218,285.28217,284.6822,284.1822,284.28217,285.6822,285.38217,280.08218,270.78217,271.58218,279.88217,271.78217,275.38217,269.98218,274.78217,271.58218,278.48218,264.6822,275.1822,289.1822,287.38217,290.58218,294.1822,287.08218,283.98218
291.88217,297.48218,298.1822,298.1822,296.38217,292.6822,290.88217,288.38217,286.08218,285.1822,284.58218,285.48218,283.58218,283.98218,284.78217,283.38217,282.98218,282.58218,282.6822,284.28217,284.28217,286.48218,288.28217,282.1822,282.38217,283.08218,284.58218,284.58218,283.6822,276.98218,270.58218,276.28217,278.38217,279.6822,279.38217,279.38217,272.88217,273.08218,275.08218,273.28217,273.28217
297.08218,297.38217,297.88217,297.28217,294.6822,291.28217,290.48218,287.38217,286.48218,285.98218,285.28217,285.48218,293.98218,293.28217,284.88217,283.38217,285.08218,283.6822,284.48218,284.58218,286.1822,279.78217,284.28217,286.48218,286.48218,287.28217,286.78217,286.28217,286.48218,285.78217,286.98218,285.48218,290.48218,291.48218,288.6822,282.08218,272.48218,273.08218,277.88217,285.08218,289.08218
294.98218,296.28217,297.08218,296.58218,294.58218,291.38217,290.58218,288.88217,286.58218,286.1822,285.48218,285.58218,293.48218,292.1822,290.28217,285.1822,285.1822,284.38217,283.1822,285.58218,285.48218,285.48218,283.98218,284.48218,283.6822,283.88217,283.6822,286.48218,282.6822,283.98218,287.98218,284.98218,277.38217,269.88217,280.98218,289.48218,291.28217,291.88217,291.48218,291.98218,292.48218
291.08218,290.48218,294.88217,295.08218,295.78217,295.08218,289.58218,289.38217,287.48218,286.6822,286.78217,286.28217,291.88217,293.38217,288.48218,284.48218,286.48218,284.6822,285.1822,285.38217,283.88217,284.08218,282.48218,282.48218,281.38217,281.38217,281.98218,291.88217,284.6822,286.38217,284.6822,286.1822,284.08218,284.28217,285.08218,288.58218,281.78217,282.48218,289.08218,291.88217,290.48218
290.28217,289.28217,291.58218,291.78217,292.38217,289.78217,288.08218,286.08218,286.98218,287.78217,285.6822,285.48218,284.88217,284.28217,283.88217,285.28217,284.88217,285.38217,284.58218,282.88217,281.88217,282.78217,282.6822,282.58218,281.1822,280.58218,279.98218,281.88217,282.08218,282.28217,282.28217,282.28217,283.08218,283.98218,285.48218,284.98218,283.38217,276.6822,276.78217,275.88217,285.88217
288.78217,287.88217,290.08218,290.1822,290.58218,290.28217,288.38217,286.6822,285.48218,285.08218,283.98218,283.38217,282.08218,283.78217,283.78217,284.38217,283.98218,284.38217,283.6822,280.88217,280.58218,279.6822,279.58218,279.6822,278.98218,276.48218,276.98218,277.48218,276.58218,278.6822,278.48218,279.38217,278.98218,276.98218,277.38217,282.48218,284.78217,289.28217,285.88217,284.58218,281.1822
288.78217,288.28217,289.08218,288.28217,289.6822,287.88217,286.1822,286.28217,284.58218,283.6822,282.08218,281.28217,280.38217,281.48218,281.08218,281.6822,282.28217,282.28217,281.6822,280.1822,277.58218,277.38217,277.88217,277.88217,276.58218,276.78217,273.88217,273.48218,272.6822,272.48218,275.08218,278.6822,280.08218,281.08218,280.1822,275.1822,276.08218,277.6822,273.6822,276.1822,271.6822
288.38217,287.58218,287.28217,286.78217,286.6822,285.6822,284.88217,284.88217,284.28217,282.88217,281.78217,280.78217,280.78217,280.58218,280.28217,280.38217,280.48218,279.38217,280.38217,280.58218,279.58218,278.88217,278.1822,277.1822,276.58218,275.58218,274.98218,274.28217,274.08218,273.88217,274.28217,280.08218,281.28217,281.98218,280.6822,276.1822,273.98218,277.1822,276.38217,276.88217,277.38217
286.78217,285.88217,285.98218,285.28217,284.58218,284.6822,284.6822,283.98218,283.28217,281.98218,281.88217,281.58218,281.6822,280.88217,280.28217,280.58218,280.38217,280.98218,280.98218,280.48218,280.58218,280.08218,277.38217,276.58218,276.28217,277.1822,274.78217,280.1822,280.28217,280.78217,281.08218,279.6822,277.78217,278.38217,277.28217,279.08218,272.58218,273.6822,275.98218,274.98218,273.28217
283.6822,284.78217,285.88217,285.38217,284.78217,283.38217,281.98218,281.88217,281.38217,281.08218,278.98218,280.28217,281.08218,280.38217,280.88217,280.48218,280.48218,280.28217,280.6822,280.38217,278.78217,278.38217,278.1822,277.6822,277.28217,278.08218,277.58218,278.6822,281.28217,280.28217,280.78217,277.58218,278.08218,275.98218,276.48218,276.48218,277.08218,279.88217,279.1822,277.78217,278.48218
285.08218,283.88217,285.08218,283.6822,284.6822,283.88217,282.08218,282.1822,279.78217,279.6822,278.48218,276.48218,279.78217,279.6822,280.08218,279.78217,279.38217,279.58218,280.48218,279.48218,278.1822,278.1822,277.98218,278.08218,278.6822,278.78217,279.78217,278.28217,278.48218,276.58218,277.08218,277.28217,276.28217,276.78217,278.08218,279.6822,280.28217,280.48218,279.88217,279.78217,279.08218
282.58218,284.28217,286.1822,285.38217,283.88217,282.78217,282.58218,282.78217,282.38217,280.78217,279.98218,275.58218,277.58218,280.08218,280.48218,280.08218,280.1822,279.78217,280.08218,280.28217,279.98218,279.78217,279.78217,279.1822,278.78217,280.08218,278.48218,277.88217,276.78217,275.58218,275.48218,274.28217,277.78217,274.78217,274.88217,275.28217,278.48218,278.58218,278.88217,277.78217,279.78217
284.28217,284.88217,289.08218,284.78217,284.88217,283.1822,284.48218,282.6822,283.48218,280.78217,279.1822,278.28217,280.1822,278.98218,280.6822,280.6822,280.88217,281.38217,281.1822,281.1822,281.48218,281.28217,281.08218,280.48218,280.28217,280.28217,279.6822,277.28217,276.08218,275.48218,275.6822,279.48218,278.58218,276.48218,274.1822,277.48218,277.98218,275.88217,276.08218,278.6822,278.98218
