wind.json
{"header": {"discipline":0,"disciplineName":"Meteorological products","gribEdition":2,"gribLength":1125,"center":7,"centerName":"US National Weather Service - NCEP(WMC)","subcenter":0,"refTime":"2023-06-29T12:00:00.000Z","significanceOfRT":1,"significanceOfRTName":"Start of forecast","productStatus":0,"productStatusName":"Operational products","productType":1,"productTypeName":"Forecast products","productDefinitionTemplate":0,"productDefinitionTemplateName":"Analysis/forecast at horizontal level/layer at a point in time","parameterCategory":2,"parameterCategoryName":"UnknownDiscipline_0_Category_2","parameterNumber":2,"parameterNumberName":"UnknownParameter_D0_C2_2","parameterUnit":"Unknown","genProcessType":2,"genProcessTypeName":"Forecast","forecastTime":60,"surface1Type":103,"surface1TypeName":"Specified height level above ground","surface1Value":10.0,"surface2Type":255,"surface2TypeName":"Missing","surface2Value":0.0,"gridDefinitionTemplate":0,"gridDefinitionTemplateName":"Latitude_Longitude","numberPoints":688,"shape":6,"shapeName":"Earth spherical with radius of 6,371,229.0 m","gridUnits":"degrees","resolution":48,"winds":"true","scanMode":64,"nx":43,"ny":16,"basicAngle":0,"lo1":45.0,"la1":40.0,"lo2":87.0,"la2":55.0,"dx":1.0,"dy":1.0}, "data":
[rows 0 to 15 of 16, columns 0 to 42 of 43]
-3.442168,-1.072168,1.6178321,-3.132168,1.6078321,4.877832,3.557832,3.207832,2.847832,0.16783203,4.137832,3.587832,4.047832,2.457832,4.067832,3.647832,2.717832,-3.392168,-1.082168,-2.642168,-0.72216797,-1.932168,-1.982168,1.047832,-0.42216796,-1.932168,-0.04216797,-0.55216795,-0.632168,-0.98216796,-0.04216797,0.10783203,0.56783205,-0.56216794,1.037832,-0.512168,-2.122168,-2.182168,-1.312168,-0.50216794,-0.23216797,2.477832,3.027832
1.027832,0.24783203,-1.5221679,-1.622168,2.777832,1.407832,3.367832,2.647832,1.707832,2.597832,-0.62216794,1.827832,2.4278321,2.867832,3.857832,3.327832,0.797832,-1.992168,-1.242168,1.017832,-0.582168,2.987832,2.347832,-1.062168,-1.562168,-2.922168,1.1178321,-2.372168,-3.522168,-1.9021679,0.43783203,-0.20216797,0.15783203,0.537832,0.04783203,-0.93216795,-0.23216797,-0.23216797,0.46783203,1.4778321,1.197832,1.2278321,0.18783203
0.04783203,-0.762168,1.877832,2.477832,4.087832,4.697832,3.977832,3.057832,3.237832,1.0978321,0.547832,0.537832,2.887832,2.1678321,5.767832,3.087832,2.727832,-0.39216796,-1.052168,-0.74216795,-0.54216796,0.737832,-0.02216797,-0.10216797,-0.522168,-3.712168,-0.43216798,1.207832,-0.952168,-0.40216798,-1.612168,-1.862168,-0.02216797,-0.18216796,1.317832,-3.132168,1.127832,0.36783203,0.42783204,0.62783206,0.537832,1.827832,-1.312168
-0.052167967,0.037832033,2.067832,6.507832,5.457832,5.607832,6.0378323,3.387832,3.4178321,3.447832,2.9178321,2.537832,2.127832,4.5578322,4.867832,4.877832,5.197832,-1.7821679,-3.3421679,-1.622168,-2.8321679,-3.762168,-3.782168,-4.242168,-4.182168,-3.202168,0.007832032,-1.352168,-3.152168,-3.432168,-2.772168,-1.062168,-1.2621679,2.687832,-0.15216798,-0.632168,0.14783204,-0.40216798,0.88783205,0.24783203,1.7478321,2.097832,2.137832
4.047832,5.5378323,4.067832,8.0478325,6.517832,6.567832,6.247832,3.217832,4.777832,4.0578322,3.057832,4.377832,4.157832,5.077832,6.0378323,8.817832,3.367832,-1.332168,-2.912168,-2.0921679,-0.712168,-1.962168,-1.912168,-2.212168,-2.792168,-4.602168,-6.612168,-7.232168,-6.982168,-9.972168,-4.662168,-1.592168,-0.642168,-2.3321679,-3.172168,-3.962168,-3.512168,-2.122168,-1.422168,2.437832,0.807832,2.037832,1.1078321
5.327832,5.857832,6.007832,9.917832,8.657832,8.367832,6.657832,4.687832,5.587832,5.147832,3.457832,4.397832,4.777832,7.177832,7.707832,7.487832,2.257832,-1.572168,-4.832168,-4.002168,-3.132168,-7.512168,-8.252168,-5.802168,-6.762168,-6.182168,-7.082168,-6.362168,-6.932168,-3.8221679,-5.262168,-5.702168,-6.142168,-2.772168,-3.8421679,0.557832,0.28783202,0.41783202,0.26783204,-3.292168,-2.892168,-2.912168,-3.652168
5.397832,5.977832,5.837832,5.687832,8.627832,9.957832,10.067832,9.417832,6.857832,4.5578322,3.4278321,2.747832,5.417832,5.727832,6.377832,9.197832,1.637832,-3.732168,-3.182168,-4.392168,-4.292168,-5.012168,-4.662168,-6.532168,-5.572168,-5.012168,-5.752168,-6.242168,-4.782168,-7.262168,-7.092168,-7.432168,-7.262168,-6.112168,-4.472168,-3.232168,-0.47216797,0.70783204,2.447832,3.397832,6.507832,4.507832,-5.552168
5.197832,5.517832,5.777832,5.567832,6.087832,6.817832,6.987832,5.167832,5.967832,4.717832,2.257832,3.317832,4.827832,6.337832,7.487832,5.797832,-1.5221679,0.29783204,-1.702168,-3.912168,-3.0921679,-3.792168,-3.532168,-3.162168,-4.452168,-4.562168,-5.062168,-4.4621677,-3.792168,-6.172168,-5.732168,-5.772168,-6.062168,-5.982168,-2.892168,-2.652168,-2.142168,-2.172168,-0.54216796,2.117832,1.897832,1.317832,7.617832
4.707832,5.3078322,6.187832,6.127832,6.397832,6.017832,5.647832,4.817832,4.697832,1.047832,1.077832,2.897832,3.777832,4.857832,4.477832,2.237832,-5.262168,1.397832,-1.462168,-3.8421679,-3.562168,-5.132168,-3.3421679,-4.172168,-2.472168,-2.552168,-3.242168,-2.422168,-3.702168,-4.102168,-4.792168,-3.3321679,-3.852168,-3.382168,-2.682168,-1.412168,-2.122168,1.667832,5.197832,7.027832,6.5378323,7.207832,0.927832
6.147832,5.967832,6.387832,5.217832,4.5578322,5.197832,5.237832,2.207832,3.577832,0.49783203,-0.11216797,2.587832,3.727832,3.587832,3.507832,2.937832,-1.212168,-1.702168,1.3678321,-2.742168,-2.5921679,-3.192168,-5.272168,-2.772168,-3.452168,-3.3421679,-3.222168,-3.392168,-2.262168,-2.202168,-1.582168,-1.662168,-1.8821679,-1.182168,-0.99216795,-0.99216795,0.16783203,0.797832,0.50783205,-2.462168,-1.5321679,0.847832,-0.822168
4.8078322,5.137832,5.357832,3.637832,4.217832,4.417832,2.777832,3.097832,0.99783206,-1.162168,0.24783203,2.007832,2.477832,2.687832,1.577832,0.56783205,4.877832,-0.582168,1.8478321,-1.3821679,-2.622168,-2.932168,-2.472168,-1.8821679,-2.632168,-3.392168,-3.752168,-3.382168,-2.102168,-3.222168,-2.482168,-1.712168,-1.0221679,-0.26216796,-0.55216795,-1.162168,-0.38216797,0.14783204,0.027832031,-0.27216798,-2.5721679,-0.632168,0.76783204
3.007832,4.627832,4.327832,3.397832,3.497832,3.017832,2.567832,1.9878321,0.76783204,0.557832,-0.20216797,1.2378321,0.967832,3.1778321,1.007832,1.047832,-1.622168,4.277832,-0.762168,-2.132168,-2.702168,-2.952168,-3.302168,-3.862168,-3.972168,-3.442168,-2.562168,-2.892168,-2.222168,-0.91216797,-0.54216796,-1.2621679,-0.962168,-1.0221679,-0.782168,-1.1421679,-0.512168,-0.07216797,-0.882168,-0.962168,-0.42216796,0.537832,-0.052167967
3.517832,2.977832,3.107832,2.567832,3.017832,2.727832,3.1778321,1.1178321,-0.33216798,-0.49216798,-0.31216797,-0.22216797,0.95783204,3.897832,2.967832,-1.842168,4.297832,0.33783203,-1.572168,-2.902168,-4.812168,-4.112168,-4.932168,-3.532168,-3.712168,-2.782168,-1.802168,-0.832168,-1.842168,-0.74216795,-0.512168,-1.842168,-1.2521679,-0.06216797,0.037832033,-0.33216798,-0.20216797,-0.21216796,0.16783203,-0.08216797,0.45783204,0.15783203,-0.17216797
3.4078321,3.137832,3.137832,3.397832,2.1678321,2.367832,2.397832,0.56783205,-0.692168,-0.0021679688,0.41783202,0.17783204,1.677832,0.77783203,2.097832,2.447832,3.037832,-0.28216797,-2.542168,-4.122168,-3.562168,-3.132168,-3.772168,-2.642168,-1.332168,-1.862168,-0.052167967,-1.2721679,-1.8921679,-2.3321679,-2.362168,-1.832168,-1.562168,-0.782168,0.927832,0.56783205,1.1178321,1.047832,1.2178321,0.33783203,-0.33216798,-0.37216797,-0.24216796
3.797832,2.337832,3.287832,3.477832,3.027832,2.327832,1.677832,1.077832,0.62783206,0.977832,2.1678321,2.1778321,3.117832,-0.93216795,1.067832,2.067832,0.83783203,-2.422168,-1.712168,-3.292168,-3.022168,-2.642168,-2.112168,-1.742168,-1.342168,-0.92216796,-1.242168,-1.872168,-2.192168,-1.2821679,-1.102168,-0.42216796,-0.44216797,-0.26216796,0.76783204,0.597832,1.077832,0.94783205,0.667832,0.727832,0.017832031,0.607832,-0.642168
4.137832,4.047832,2.1578321,3.327832,4.827832,2.747832,2.217832,2.397832,1.647832,1.397832,1.7178321,1.537832,0.867832,0.787832,-1.2621679,0.617832,-0.712168,-1.0321679,-1.472168,-2.122168,-1.412168,-2.002168,-1.702168,-1.3921679,-1.412168,-1.242168,-1.322168,-0.98216796,-0.93216795,-0.06216797,0.04783203,0.32783204,1.4878321,0.977832,0.807832,1.137832,1.307832,2.627832,1.507832,1.707832,1.8478321,1.017832,-0.21216796
