wind_kz.json
{"header": {"discipline":0,"disciplineName":"Meteorological products","gribEdition":2,"gribLength":1025,"center":7,"centerName":"US National Weather Service - NCEP(WMC)","subcenter":0,"refTime":"2023-08-06T18:00:00.000Z","significanceOfRT":1,"significanceOfRTName":"Start of forecast","productStatus":0,"productStatusName":"Operational products","productType":1,"productTypeName":"Forecast products","productDefinitionTemplate":0,"productDefinitionTemplateName":"Analysis/forecast at horizontal level/layer at a point in time","parameterCategory":2,"parameterCategoryName":"UnknownDiscipline_0_Category_2","parameterNumber":3,"parameterNumberName":"UnknownParameter_D0_C2_3","parameterUnit":"Unknown","genProcessType":2,"genProcessTypeName":"Forecast","forecastTime":120,"surface1Type":103,"surface1TypeName":"Specified height level above ground","surface1Value":10.0,"surface2Type":255,"surface2TypeName":"Missing","surface2Value":0.0,"gridDefinitionTemplate":0,"gridDefinitionTemplateName":"Latitude_Longitude","numberPoints":615,"shape":6,"shapeName":"Earth spherical with radius of 6,371,229.0 m","gridUnits":"degrees","resolution":48,"winds":"true","scanMode":64,"nx":41,"ny":15,"basicAngle":0,"lo1":47.0,"la1":41.0,"lo2":87.0,"la2":55.0,"dx":1.0,"dy":1.0}, "data":
[rows 0 to 14 of 15, columns 0 to 40 of 41]
2.3177748,-3.2322254,4.0777745,3.5577745,0.6577747,-3.5922253,-0.18222535,-0.9622253,-2.0522254,-2.0422254,-4.1922255,-6.222225,-7.3322253,-7.1222253,-6.472225,-4.9022255,-5.2322254,-5.722225,-5.1122255,-5.052225,-5.2522254,-5.1222253,-5.0222254,-0.042225342,-1.4822253,-1.7922254,-0.15222535,2.3977747,1.2677747,0.19777466,-0.26222533,0.74777466,2.4377747,-2.3622253,-5.952225,-2.8822253,-3.3222253,-3.9022253,-2.4622254,-2.0322254,-2.4722254
4.1777744,0.73777467,4.0577745,1.9777746,-1.1122253,-0.20222534,-0.41222534,0.28777465,0.68777466,-1.2722254,-4.0622253,-5.802225,-5.3622255,-6.4022255,-7.8122253,-5.4822254,-4.9122252,-4.8122253,-6.9022255,-5.3622255,-4.2122254,-3.6122253,-2.4122252,-0.09222534,0.36777467,-3.9022253,-4.0622253,-0.7122253,-1.1222253,0.52777463,1.7077746,0.5977747,-0.98222536,-0.56222534,-0.5822253,-1.8422253,-2.0422254,-2.4422255,-3.0122254,-2.8522253,2.0777748
3.1677747,5.5777745,2.9877746,1.7477746,0.45777467,0.21777466,0.45777467,0.9077747,0.8577747,1.6577747,-0.27222535,-2.0622253,-3.8022254,-4.1722255,-6.492225,-6.0922256,-3.9122252,-4.7122254,-4.2122254,-5.4422255,-6.1222253,-4.4622254,-2.6022253,-0.75222534,0.86777467,1.8077747,0.93777466,1.4377747,-0.32222533,1.1877747,-0.9622253,-0.012225342,2.3377748,-1.6622254,0.12777466,1.0377747,-2.2122254,-3.2822254,0.18777466,1.5077747,-0.22222534
1.0977746,0.30777466,-0.80222535,-0.94222534,-1.9222254,0.47777465,0.32777464,-0.60222536,-1.8222253,2.6377747,0.77777463,-2.6222253,-4.0022254,-4.5022254,-5.6722255,-4.5822253,-4.7122254,-4.0622253,-4.5422254,-4.5422254,-3.9322252,-4.0022254,-5.4822254,-5.3922253,-3.3022254,-4.6322255,-1.6122253,0.14777465,0.5477747,-1.5622253,-0.94222534,-4.7722254,-5.6022253,5.4577746,-1.4522253,-0.8322253,1.3777747,3.2577746,-1.5622253,1.1977746,-1.5522254
-0.20222534,-0.69222534,-1.1822253,-1.4422253,-2.0022254,-0.62222534,-1.0822253,-0.62222534,-1.0922253,0.39777467,3.5777748,2.1377747,-1.1822253,-3.6522253,-5.302225,-4.4822254,-4.012225,-4.5622253,-4.052225,-4.1622252,-3.5222254,-5.2722254,-4.5422254,-3.0622253,-3.7222254,-6.492225,-2.7622254,-4.952225,-4.6722255,-3.6522253,-4.5722256,2.2077746,3.4477746,1.4377747,-0.28222534,0.32777464,-0.29222533,-0.25222534,-1.8622253,-7.682225,-11.212225
0.43777466,-0.47222534,-0.61222535,-0.85222536,-1.3322253,-0.87222534,1.4777746,0.55777466,1.4877746,0.80777466,-2.1322253,2.6277747,1.6677747,-0.43222535,-3.4222252,-6.2922254,-9.032226,-9.802225,-9.722225,-8.142225,-3.3422253,-3.2322254,-4.4122252,-3.4422255,-4.2322254,-2.6322253,-3.7822254,-4.5822253,-6.5722256,-7.222225,-2.5222254,-0.60222536,-1.4222254,4.3977747,2.8377748,-3.1222253,2.1477747,1.3777747,-7.3322253,-2.1222253,-7.0622253
3.3177748,2.3577747,1.9977746,0.36777467,-0.28222534,-0.66222537,-1.6322254,-1.9422253,-1.8722253,-2.5822253,-2.5822253,-2.9122252,-2.4622254,-4.452225,-5.5722256,-7.8222256,-8.522225,-9.182225,-9.862226,-5.8122253,-7.182225,-5.8322253,-5.782225,-4.6422253,-5.6722255,-2.7022254,-4.782225,-6.1222253,-5.8922253,-7.052225,-7.1722255,-5.7922254,-4.012225,0.8477747,4.3577747,1.8677746,-1.8622253,2.0677748,-0.8322253,0.46777466,-5.8622255
4.9277744,4.0977745,3.6077747,3.6577747,0.30777466,-1.2822254,-1.2022253,-2.2922254,-1.4722253,-1.4722253,-2.1622252,-1.1422254,-2.4322252,-3.1222253,-5.3422256,-6.7922254,-7.7522254,-7.8222256,-7.0422254,-7.202225,-6.242225,-3.5622253,-4.1522255,-3.7622254,-2.3922253,-1.3122253,-2.5422254,-3.9122252,-3.6722252,-5.6022253,-6.8322253,-5.9622254,-7.202225,-6.5822253,-3.0122254,-2.1222253,-0.37222534,0.25777465,-0.21222535,1.7477746,-1.2022253
0.8577747,1.1877747,0.29777467,0.18777466,-0.44222534,-1.2122253,-2.6122253,-1.8522253,-2.9922254,-1.1422254,0.93777466,0.22777466,-0.42222536,-1.9022254,-3.7322254,-4.9822254,-7.0022254,-6.182225,-5.802225,-6.4122252,-4.6722255,-5.762225,-5.8422256,-5.9822254,-7.3322253,-4.302225,0.017774658,-1.5722253,-1.9622253,-1.8622253,-4.5622253,-5.932225,-6.182225,-6.4422255,-5.4022255,-4.3422256,-3.4522254,2.6177747,3.5577745,2.7777746,-0.43222535
1.9277747,0.67777467,-0.47222534,-1.2422253,-1.8822254,-0.5922253,-1.0522254,-2.4522254,-2.7022254,-2.8822253,2.1977746,1.3077747,1.0077747,-1.4422253,-2.0922253,-3.2322254,-5.1522255,-3.6622252,-5.2522254,-4.8122253,-6.492225,-4.6622252,-5.1922255,-4.1922255,-4.7922254,-4.6322255,-3.1222253,-3.6722252,-3.5822253,-2.3522253,-3.2822254,-2.0322254,-2.7522254,-4.4422255,-5.472225,-4.0622253,-0.26222533,-2.3422253,1.5877746,4.4777746,2.0177746
1.2777747,0.9077747,0.55777466,-0.99222535,-1.9322253,-2.7922254,-1.2922254,-2.9422255,-3.2422254,-3.5122254,1.3177747,2.1077747,0.8477747,-1.1322254,-3.3922253,-4.012225,-4.9622254,-6.032225,-4.4822254,-4.682225,-3.0522254,-2.8422253,-4.6122255,-5.1322255,-3.0622253,-2.6822252,-4.012225,-4.702225,-5.472225,-4.992225,-5.2922254,-4.6722255,-4.1022253,-1.6122253,-2.6622252,-4.3922253,-1.6122253,-1.1222253,-0.93222535,0.55777466,0.05777466
1.8877747,1.6177746,1.1477747,2.2977746,0.98777467,-1.9322253,-1.8522253,-2.1722252,-3.2422254,-2.2922254,-1.4022254,0.82777464,0.18777466,-1.5022254,-2.9122252,-3.8722253,-5.3222256,-5.3622255,-4.9622254,-5.3822255,-4.1722255,-3.7722254,-3.6822252,-4.5722256,-4.532225,-4.932225,-4.8322253,-4.5222254,-4.492225,-4.8622255,-3.4822254,-3.8822253,-3.2722254,-2.7322254,-1.0922253,-0.37222534,-0.28222534,-0.40222535,0.28777465,-0.45222533,0.03777466
-0.13222533,0.5377747,-0.26222533,-0.94222534,-0.27222535,-0.88222533,-1.2622254,-2.1022253,-3.2622254,-0.7022253,-0.49222535,-0.09222534,-0.23222534,-1.3522253,-2.4322252,-2.4922254,-2.2422254,-3.9722254,-4.012225,-2.5222254,-3.1022253,-4.262225,-4.2722254,-2.6622252,-3.1122253,-1.9722253,-4.9622254,-3.7622254,-3.7822254,-4.282225,-4.702225,-4.1522255,-3.0422254,-1.9322253,-1.8522253,-0.56222534,-0.54222536,-0.6522253,-3.1122253,1.7777747,0.45777467
0.39777467,0.21777466,-1.8522253,-2.2822254,-1.3722253,-1.2022253,-1.8922254,-2.0222254,-1.0222254,-2.2522254,-0.09222534,-0.72222537,-0.73222536,-1.8222253,-0.94222534,-0.5822253,-2.1522253,-3.5022254,-3.4722254,-4.0822253,-3.8922253,-3.8622253,-5.4622254,-5.1922255,-2.7222254,-4.7322254,-2.3822253,-2.1922255,-3.1522253,-3.9922254,-4.182225,-3.5522254,-3.0822253,-2.0222254,-1.4622253,-1.0022254,0.32777464,-0.43222535,-4.3722253,2.3277748,2.4877746
1.6677747,0.9177747,-1.5322254,-1.4722253,-1.4922253,-1.0522254,-1.7422253,-2.4622254,-0.7822254,-1.2122253,-0.8322253,-0.51222533,0.5977747,-1.1122253,-3.5122254,-0.60222536,-1.9422253,-2.4922254,-2.3722253,-4.1122255,-3.2522254,-3.4922254,-3.3422253,-3.3122253,-4.2722254,-5.3922253,-0.87222534,-2.0622253,-1.7022253,-2.4522254,-4.5222254,-4.6722255,-3.6222253,-3.2222254,-1.6422254,-0.21222535,-0.57222533,1.5577747,-0.37222534,-2.4422255,0.93777466
