wind_kz.json
{"header": {"discipline":0,"disciplineName":"Meteorological products","gribEdition":2,"gribLength":871,"center":7,"centerName":"US National Weather Service - NCEP(WMC)","subcenter":0,"refTime":"2023-08-23T18:00:00.000Z","significanceOfRT":1,"significanceOfRTName":"Start of forecast","productStatus":0,"productStatusName":"Operational products","productType":1,"productTypeName":"Forecast products","productDefinitionTemplate":0,"productDefinitionTemplateName":"Analysis/forecast at horizontal level/layer at a point in time","parameterCategory":0,"parameterCategoryName":"UnknownDiscipline_0_Category_0","parameterNumber":0,"parameterNumberName":"UnknownParameter_D0_C0_0","parameterUnit":"Unknown","genProcessType":2,"genProcessTypeName":"Forecast","forecastTime":120,"surface1Type":1,"surface1TypeName":"Ground or water surface","surface1Value":0.0,"surface2Type":255,"surface2TypeName":"Missing","surface2Value":0.0,"gridDefinitionTemplate":0,"gridDefinitionTemplateName":"Latitude_Longitude","numberPoints":615,"shape":6,"shapeName":"Earth spherical with radius of 6,371,229.0 m","gridUnits":"degrees","resolution":48,"winds":"true","scanMode":64,"nx":41,"ny":15,"basicAngle":0,"lo1":47.0,"la1":41.0,"lo2":87.0,"la2":55.0,"dx":1.0,"dy":1.0}, "data":
[rows 0 to 14 of 15, columns 0 to 40 of 41]
299.51617,287.61615,293.61615,299.71616,299.41617,298.51617,298.81616,301.61615,298.91617,299.21616,296.81616,298.41617,297.91617,296.71616,296.11615,291.41617,292.21616,294.51617,290.51617,294.31616,295.31616,290.81616,291.31616,289.01617,290.41617,290.21616,286.41617,273.21616,273.91617,272.01617,272.61615,275.81616,287.41617,296.41617,300.91617,301.71616,301.81616,302.81616,302.41617,302.01617,299.51617
278.01617,292.11615,299.41617,299.61615,299.61615,298.01617,299.11615,298.01617,297.71616,297.01617,297.21616,295.61615,294.71616,292.51617,292.11615,290.51617,291.61615,290.71616,289.01617,289.11615,294.51617,292.21616,291.51617,283.31616,270.41617,270.81616,281.01617,273.11615,276.11615,271.61615,276.81616,270.41617,273.41617,268.21616,280.21616,296.21616,296.71616,299.51617,302.51617,294.31616,284.01617
294.01617,299.01617,299.81616,299.91617,298.31616,295.81616,296.21616,297.01617,295.51617,294.61615,294.21616,295.11615,292.21616,293.11615,293.41617,290.41617,286.01617,287.81616,288.91617,287.31616,287.21616,290.11615,289.51617,285.91617,288.41617,287.81616,289.61615,286.91617,285.81616,277.31616,265.01617,273.01617,280.11615,277.91617,281.91617,283.21616,278.21616,279.71616,281.41617,281.81616,279.31616
293.11615,299.91617,299.91617,299.21616,296.71616,296.21616,297.21616,296.21616,296.81616,295.91617,294.71616,293.91617,295.51617,294.91617,292.11615,290.31616,291.71616,288.21616,291.11615,288.01617,288.91617,285.81616,292.61615,292.71616,292.81616,293.21616,296.41617,290.01617,288.81616,288.11615,286.81616,284.81616,289.61615,285.51617,285.91617,285.31616,277.81616,279.81616,284.21616,292.41617,296.71616
297.81616,299.61615,299.81616,299.71616,298.51617,297.61615,297.91617,297.61615,296.71616,296.51617,295.31616,294.51617,295.61615,294.21616,291.61615,292.91617,293.11615,291.61615,288.61615,292.41617,292.71616,292.41617,291.51617,291.51617,290.51617,289.61615,289.91617,293.31616,289.81616,290.11615,291.41617,286.71616,277.31616,267.21616,284.11615,292.21616,291.81616,298.31616,299.91617,299.61615,298.41617
297.51617,295.61615,297.91617,299.01617,299.51617,299.11615,297.81616,298.21616,295.61615,295.21616,295.31616,295.61615,294.81616,294.61615,292.61615,292.21616,293.01617,292.81616,292.81616,293.41617,292.11615,291.71616,290.51617,291.01617,290.41617,289.91617,291.21616,293.11615,291.21616,292.91617,290.31616,291.51617,287.81616,286.61615,286.71616,290.31616,283.41617,285.61615,291.31616,296.71616,297.91617
296.41617,294.71616,297.01617,296.61615,296.11615,292.61615,293.91617,291.61615,293.11615,293.91617,292.51617,291.41617,291.61615,291.21616,291.31616,293.21616,293.01617,293.31616,293.91617,291.91617,291.61615,292.31616,291.51617,292.41617,291.61615,292.01617,290.81616,291.91617,289.91617,291.41617,290.01617,289.41617,289.61615,290.11615,289.11615,288.81616,286.21616,283.91617,282.51617,284.61615,292.21616
297.01617,295.51617,293.21616,291.01617,292.41617,292.21616,291.41617,289.61615,288.91617,289.21616,288.01617,287.81616,287.71616,290.51617,291.41617,291.51617,291.11615,291.41617,290.81616,289.81616,291.31616,291.21616,291.41617,291.31616,290.91617,288.51617,287.61615,289.31616,288.51617,288.71616,288.31616,288.51617,287.61615,286.61615,287.31616,289.11615,292.41617,289.41617,291.51617,291.81616,289.11615
291.31616,290.61615,290.81616,288.81616,289.11615,289.01617,287.21616,287.81616,289.71616,288.61615,288.21616,287.31616,286.61615,287.81616,287.91617,288.61615,286.31616,288.51617,287.91617,287.81616,286.51617,287.91617,289.81616,290.41617,289.11615,288.51617,285.71616,285.11615,283.71616,281.71616,283.81616,286.31616,288.71616,290.81616,289.51617,287.41617,288.01617,287.91617,281.61615,280.31616,277.31616
288.21616,288.11615,287.81616,287.51617,286.01617,284.61615,285.11615,284.71616,286.01617,285.31616,282.71616,281.41617,281.61615,283.01617,281.71616,281.91617,282.41617,282.31616,283.71616,286.41617,286.11615,286.61615,287.41617,290.71616,289.01617,287.81616,286.91617,286.31616,284.81616,284.21616,284.41617,288.21616,290.61615,293.11615,291.41617,289.51617,286.71616,284.71616,284.21616,282.71616,281.31616
285.71616,283.81616,283.61615,283.61615,282.51617,282.71616,283.11615,282.01617,280.61615,280.61615,279.81616,278.91617,280.51617,279.71616,279.81616,280.81616,280.71616,281.81616,281.71616,282.01617,283.11615,286.01617,285.21616,285.81616,288.71616,288.21616,285.71616,287.61615,287.51617,287.91617,289.11615,289.81616,290.51617,292.11615,291.41617,287.91617,284.51617,284.41617,286.51617,287.01617,281.81616
280.51617,282.11615,281.51617,281.11615,281.61615,281.11615,278.71616,278.51617,279.01617,278.41617,276.11615,276.71616,278.91617,278.51617,279.11615,280.21616,281.61615,280.91617,280.31616,280.71616,281.21616,282.01617,284.51617,284.71616,287.61615,287.51617,287.51617,288.81616,289.81616,288.71616,287.01617,287.51617,291.01617,290.31616,291.21616,290.01617,289.11615,288.31616,288.01617,289.61615,288.61615
278.61615,278.21616,280.51617,279.51617,280.31616,282.51617,279.01617,278.61615,276.21616,277.31616,275.91617,276.71616,278.51617,277.81616,278.21616,281.41617,281.81616,280.81616,279.71616,280.21616,282.01617,282.61615,283.01617,284.31616,285.81616,285.81616,287.01617,286.61615,288.01617,286.01617,286.91617,286.61615,288.91617,290.41617,291.31616,289.11615,290.51617,289.11615,288.91617,288.31616,288.91617
276.81616,279.61615,284.81616,279.21616,281.31616,280.91617,279.81616,279.61615,279.61615,279.51617,277.31616,275.81616,279.01617,279.81616,279.91617,281.31616,281.31616,281.21616,282.11615,282.11615,282.51617,283.31616,284.81616,286.11615,286.61615,286.71616,285.41617,284.11615,283.31616,283.61615,284.41617,284.81616,286.51617,287.81616,288.91617,288.11615,288.61615,289.81616,288.31616,287.91617,290.01617
281.71616,278.91617,290.51617,282.41617,279.91617,280.31616,280.51617,279.61615,280.81616,280.91617,280.01617,278.61615,277.41617,278.51617,279.61615,280.91617,280.11615,278.91617,282.81616,282.71616,282.61615,283.21616,283.81616,284.11615,287.11615,285.31616,285.11615,282.81616,282.11615,281.71616,282.61615,284.11615,285.11615,287.01617,287.71616,288.71616,288.81616,290.61615,290.31616,289.81616,289.11615
