wind_kz.json
{"header": {"discipline":0,"disciplineName":"Meteorological products","gribEdition":2,"gribLength":1025,"center":7,"centerName":"US National Weather Service - NCEP(WMC)","subcenter":0,"refTime":"2023-08-17T18:00:00.000Z","significanceOfRT":1,"significanceOfRTName":"Start of forecast","productStatus":0,"productStatusName":"Operational products","productType":1,"productTypeName":"Forecast products","productDefinitionTemplate":0,"productDefinitionTemplateName":"Analysis/forecast at horizontal level/layer at a point in time","parameterCategory":2,"parameterCategoryName":"UnknownDiscipline_0_Category_2","parameterNumber":2,"parameterNumberName":"UnknownParameter_D0_C2_2","parameterUnit":"Unknown","genProcessType":2,"genProcessTypeName":"Forecast","forecastTime":180,"surface1Type":103,"surface1TypeName":"Specified height level above ground","surface1Value":10.0,"surface2Type":255,"surface2TypeName":"Missing","surface2Value":0.0,"gridDefinitionTemplate":0,"gridDefinitionTemplateName":"Latitude_Longitude","numberPoints":615,"shape":6,"shapeName":"Earth spherical with radius of 6,371,229.0 m","gridUnits":"degrees","resolution":48,"winds":"true","scanMode":64,"nx":41,"ny":15,"basicAngle":0,"lo1":47.0,"la1":41.0,"lo2":87.0,"la2":55.0,"dx":1.0,"dy":1.0}, "data":
[rows 0 to 14 of 15, columns 0 to 40 of 41]
-0.5640503,1.8059497,-2.3440504,-0.8940503,-0.6840503,-0.9340503,1.5959496,3.3359497,0.6759497,-0.2840503,-1.3540503,-0.094050296,1.2159497,0.8059497,-0.20405029,0.3759497,1.3459496,2.7059498,1.9859498,3.1159496,3.7959497,2.1659498,2.7359498,3.2659497,1.1159497,1.1959497,3.7559497,2.9359498,0.23594971,2.0059497,0.5359497,0.4759497,-0.35405028,-1.4340503,0.49594972,0.7259497,1.7459497,0.6659497,4.4859495,1.3859497,0.5359497
-0.44405028,-0.74405026,2.8159497,2.8859496,-0.61405027,-1.6240503,1.7459497,1.4659497,1.3959497,0.75594974,2.3359497,0.015949707,2.9259498,2.8959496,1.7459497,1.7659497,1.7459497,2.2759497,3.0659497,3.5159497,4.7159495,4.3259497,3.1859498,5.3859496,0.9959497,0.10594971,1.4259497,0.8459497,3.3959496,1.6159497,0.94594973,0.5159497,-1.0340503,-0.17405029,-0.2640503,0.6259497,0.7859497,0.8759497,1.3759497,0.1359497,-1.0840503
0.04594971,2.1359496,2.4859498,2.5359497,4.14595,4.8459496,5.2859497,4.18595,5.41595,4.6159496,4.4959497,3.7159498,3.7559497,3.0159497,3.6559496,3.1359496,3.0959496,2.9959497,2.5759497,3.1159496,3.7759497,5.5759497,5.81595,6.9259496,5.9659495,5.16595,1.6659497,0.7359497,1.9559497,0.9659497,1.4859498,0.6859497,-1.1040503,-1.3840503,-1.7840503,1.6559497,1.1959497,0.1359497,1.4859498,4.72595,2.8459496
4.0559497,3.8459496,2.9859498,3.4359498,6.06595,6.0159497,6.8659496,7.45595,8.21595,7.6959496,6.2159495,5.2759495,3.7159498,2.8359497,4.45595,4.20595,3.9259498,3.7559497,3.0059497,3.4859498,3.2259498,3.8559496,3.5459497,5.1359496,6.0259495,5.7159495,5.1359496,4.91595,5.66595,0.8559497,-5.02405,-5.3840504,-5.2640505,-3.0840502,-1.8840503,-0.1340503,1.9359497,1.4559497,-2.1140504,-1.6440502,-2.0840502
0.7759497,1.2659497,2.2859497,1.7659497,2.4959497,4.2359495,6.20595,8.265949,8.315949,6.66595,8.80595,7.9059496,5.0559497,3.9359498,3.1359496,4.7759495,3.7059498,2.9059496,2.5659497,3.1459496,3.2159498,4.4259496,5.29595,5.2859497,5.85595,6.06595,5.9059496,6.08595,10.03595,5.5259495,5.1959496,6.45595,4.7659497,4.2859497,-3.1040504,-1.1840503,-0.9540503,-0.6040503,-1.2740502,1.3659497,2.3959496
1.0559497,2.5559497,3.6859498,5.1359496,6.4259496,6.8059497,6.81595,7.06595,3.1359496,4.0259495,6.1159496,6.5059495,6.8459496,7.93595,5.7159495,6.0959496,5.8059497,4.2159495,2.9359498,2.5359497,3.9559498,4.3859496,4.4059496,4.68595,6.0159497,6.7759495,7.3059497,0.18594971,5.2659497,8.185949,7.39595,6.2659497,6.1759496,5.4259496,4.54595,-1.5540503,4.3259497,0.7359497,-0.5440503,-1.6740503,-1.1040503
2.8659496,3.8659496,4.91595,5.9259496,6.2159495,6.4859495,5.45595,5.1759496,5.31595,5.0359497,5.93595,7.0259495,7.6359496,7.3059497,7.3859496,9.21595,6.3659496,6.2859497,3.4759498,3.0259497,2.2359498,2.0359497,2.2159498,3.3259497,3.9759498,5.7759495,7.8059497,8.84595,8.24595,5.72595,7.29595,6.2359495,2.2759497,-1.5340503,-1.9040504,-2.1140504,0.8159497,2.5659497,6.43595,1.1059498,-1.3240503
2.0959496,3.0559497,3.9959497,4.89595,4.93595,4.8059497,5.0059495,3.7859497,3.9059496,4.7559495,5.7359495,5.9459496,6.39595,6.2859497,4.8459496,2.4959497,3.6359496,7.5759497,4.41595,4.1759496,3.2459497,1.7959497,1.0559497,0.0059497072,1.5059497,1.5959496,3.1359496,6.2659497,7.60595,6.6759496,6.4259496,-1.3040503,-2.4840503,2.2759497,4.1759496,-2.8640504,-4.6340504,-4.31405,-4.4240503,-1.6840503,1.7059497
2.7859497,2.7459497,3.1759498,3.5459497,4.35595,4.4059496,4.66595,4.5559497,4.56595,5.0759497,5.7659497,6.4859495,7.45595,6.9259496,7.0059495,4.68595,4.04595,11.24595,5.1559496,4.7859497,4.41595,2.9559498,1.3559498,0.8259497,1.0759497,1.8759497,2.4659498,2.8759496,3.4659498,5.95595,4.6759496,5.31595,1.4059497,-1.2140503,8.53595,-3.2040503,-2.7740502,0.7359497,1.8759497,-0.86405027,1.5759497
3.9459498,4.35595,4.4859495,4.08595,3.4259498,3.6459496,4.1559496,3.5459497,3.6259496,3.4359498,4.54595,5.8259497,5.95595,7.0259495,5.64595,6.7559495,5.8659496,4.7859497,6.7859497,4.4459496,4.6759496,3.9559498,2.9959497,3.0359497,2.8159497,3.3559496,3.8159497,3.7559497,2.4159498,3.2259498,2.6859498,4.12595,-2.6640503,1.8859497,0.4859497,2.2559497,-3.1940503,-1.6440502,1.5359497,0.6759497,0.5859497
3.9359498,4.39595,3.9559498,3.3859496,3.3159497,3.2659497,2.7159498,2.6059496,2.9359498,2.8859496,3.6559496,4.7159495,3.6459496,5.4259496,7.0759497,6.3259497,4.0559497,6.3259497,2.4159498,5.7759495,3.9459498,3.0659497,3.7659497,4.5959496,4.18595,4.9459496,5.4059496,4.7859497,4.6159496,3.4259498,4.4659495,3.7559497,-1.2140503,-2.6840503,2.7959497,1.1659497,0.9559497,0.5159497,0.4059497,-0.07405029,2.3659496
4.10595,2.9359498,3.1759498,3.1659498,2.1159496,1.9959497,3.7659497,4.0759497,2.3059497,2.0759497,0.9259497,0.21594971,-0.064050294,-0.23405029,0.3759497,2.1659498,5.35595,-0.41405028,-1.3940502,2.4659498,1.8459496,3.8359497,4.54595,5.54595,6.20595,6.2359495,6.4259496,6.20595,6.14595,5.56595,4.12595,4.1159496,2.0159497,0.7059497,-0.2940503,5.0759497,3.1259496,2.8559496,1.2259498,1.0359497,0.5559497
4.3059497,4.4659495,4.2859497,4.0059495,2.7059498,2.5559497,1.7259498,2.5759497,4.2359495,1.5359497,1.5159497,2.2159498,-0.5040503,-2.1340504,-1.8240503,-2.8340502,-3.6340504,-1.9940503,-1.5340503,1.1859497,2.9259498,4.45595,5.7459497,7.16595,7.3259497,6.20595,6.2459497,6.6359496,6.9259496,6.18595,5.62595,4.83595,4.0259495,5.0559497,3.2359498,3.3259497,2.2859497,0.8759497,0.8259497,-0.08405029,-0.11405029
5.0559497,4.79595,6.2159495,5.5559497,3.7859497,3.5259497,2.4459498,2.4759498,1.5959496,2.9259498,1.1659497,2.0559497,0.69594973,0.4759497,-0.9240503,-1.1640503,-0.8140503,2.6359496,2.9859498,2.8959496,4.8459496,6.2659497,7.41595,7.64595,7.5059495,7.5759497,6.81595,6.31595,6.7459497,6.0259495,6.12595,5.4459496,3.0959496,3.4059496,0.4159497,-0.9040503,-0.3040503,-0.2740503,-2.0040503,-0.3040503,-1.5740503
3.9759498,5.70595,7.0959496,5.2859497,5.0259495,4.0759497,3.6659498,2.6459496,2.5459497,2.2659497,1.7259498,2.4659498,1.7359498,1.2659497,0.2959497,0.6459497,1.6359497,2.7659497,2.7559497,3.8459496,5.31595,6.7159495,6.9459496,6.7559495,7.0059495,6.54595,5.6559496,5.2559495,5.20595,4.89595,4.6959496,2.8259497,0.4359497,0.21594971,-2.1440504,-3.3840504,-3.0040503,-2.5640502,-3.4940503,-3.0140502,-1.4940503
