wind_kz.json
{"header": {"discipline":0,"disciplineName":"Meteorological products","gribEdition":2,"gribLength":1025,"center":7,"centerName":"US National Weather Service - NCEP(WMC)","subcenter":0,"refTime":"2023-09-19T00:00:00.000Z","significanceOfRT":1,"significanceOfRTName":"Start of forecast","productStatus":0,"productStatusName":"Operational products","productType":1,"productTypeName":"Forecast products","productDefinitionTemplate":0,"productDefinitionTemplateName":"Analysis/forecast at horizontal level/layer at a point in time","parameterCategory":2,"parameterCategoryName":"UnknownDiscipline_0_Category_2","parameterNumber":3,"parameterNumberName":"UnknownParameter_D0_C2_3","parameterUnit":"Unknown","genProcessType":2,"genProcessTypeName":"Forecast","forecastTime":300,"surface1Type":103,"surface1TypeName":"Specified height level above ground","surface1Value":10.0,"surface2Type":255,"surface2TypeName":"Missing","surface2Value":0.0,"gridDefinitionTemplate":0,"gridDefinitionTemplateName":"Latitude_Longitude","numberPoints":615,"shape":6,"shapeName":"Earth spherical with radius of 6,371,229.0 m","gridUnits":"degrees","resolution":48,"winds":"true","scanMode":64,"nx":41,"ny":15,"basicAngle":0,"lo1":47.0,"la1":41.0,"lo2":87.0,"la2":55.0,"dx":1.0,"dy":1.0}, "data":
[rows 0 to 14 of 15, columns 0 to 40 of 41]
1.3881036,0.88810366,-2.3218963,-5.8918962,-7.161896,-8.021896,-5.9818964,-2.5818963,-0.91189635,-1.1918963,-2.1818964,-3.4318964,-4.7818966,-4.7518964,-5.0218964,-6.4418964,-8.931896,-7.4818964,-6.0518966,-3.7918963,-2.7018964,-2.6918964,-4.161896,0.43810365,3.4081037,0.36810362,0.47810364,1.6081036,-3.7618964,-1.4518963,2.7881036,1.8681036,-0.14189637,0.27810365,-0.66189635,-0.78189635,1.6281036,1.9181037,-0.59189636,-1.1418964,-2.1618965
1.5381036,-1.1418964,-3.3718963,-5.431896,-6.661896,-5.8418965,-6.201896,-4.5918965,-2.5918963,-3.9418964,-4.3118963,-5.5818963,-5.471896,-6.8718963,-6.6118965,-2.4218965,-4.6718965,-6.411896,-5.0418963,-2.9918964,0.57810366,-0.66189635,-3.1118963,1.8081037,0.90810364,2.4281037,1.3881036,3.0381036,-0.081896365,3.1681037,1.3481036,0.88810366,1.6581036,-0.78189635,-1.4718964,1.5081036,1.0681037,1.8181037,1.5181036,0.90810364,0.54810363
-1.7618964,-0.95189637,-3.5618963,-5.6018963,-6.261896,-3.7318964,-4.6118965,-4.1018963,-4.4418964,-3.9918964,-4.4018965,-4.2318964,-6.8318963,-4.5718966,-4.911896,-4.491896,-3.1918964,-3.1418962,-9.3618965,-5.3218966,-5.5918965,-1.8118963,-0.59189636,-0.26189637,-0.29189637,-3.3918962,-2.5518963,-4.3018966,-1.7018963,-1.6618963,0.35810363,-0.32189637,-2.1418962,1.8781036,0.33810365,0.058103636,2.9481037,1.2881036,1.0881037,-0.07189636,-0.52189636
-2.2518964,-2.5618963,-4.0718966,-6.9818964,-4.8418965,-4.721896,-5.411896,-4.3518963,-5.1418962,-5.3118963,-5.701896,-4.4618964,-2.9318964,-5.0518966,-2.8218963,-0.6218964,-0.70189637,-3.2018964,-1.9918964,-6.661896,-5.7318964,-0.98189634,-2.2018964,-5.1118965,-3.0818963,0.39810362,-0.45189637,-1.0218964,-1.0318964,-2.1718965,-4.1418962,-5.5318966,2.6181037,-1.3918964,0.6181036,0.12810364,0.57810366,2.3381035,1.5381036,0.028103638,0.18810363
0.17810364,-1.8218963,-3.2418964,-4.4618964,-5.701896,-5.5418963,-5.1318965,-4.5218964,-4.8318963,-4.2318964,-4.8818965,-4.0318966,-2.2618964,-6.7518964,-1.6618963,-1.3118963,-1.0718963,-0.40189636,1.5381036,-0.39189637,-1.3918964,-2.0718963,0.31810364,-2.9918964,-6.8118963,-5.201896,-0.24189636,-2.1718965,0.94810367,-1.2918963,-1.7918963,-3.1118963,-1.9818964,-0.80189633,0.48810363,-0.55189633,-1.0118964,-1.4118963,-0.7618964,0.9281036,0.8181036
-1.3218963,-1.8918964,1.2281036,-1.8618964,-3.8418963,-3.9618964,-5.1218963,-4.6218963,-4.5018964,-4.161896,-3.8818963,-3.5918963,4.278104,0.33810365,-3.8518963,-3.5418963,-1.6418964,-4.3218966,-4.6918964,-3.3018963,0.43810365,4.2081037,1.3381037,1.4081036,4.818104,5.8481035,1.1881037,3.0481036,-0.7518964,-1.9018964,-2.2518964,-3.3118963,-1.7718964,-3.3018963,0.21810363,0.048103638,-0.92189634,3.4381037,3.3181036,0.97810364,0.8781036
-1.1918963,-1.9918964,-1.9718964,-2.6218963,-3.0718963,-3.7018964,-4.0518966,-4.0418963,-3.8218963,-3.9418964,-3.3618963,-2.7718964,-2.9818964,-2.9418964,-3.2018964,-4.2918963,-5.0718966,-5.0918965,-5.7818966,-4.6718965,-4.8318963,-1.8318963,-0.16189636,-0.5118964,0.10810364,1.0581037,2.5681036,1.8381037,3.9581037,2.3881037,-0.80189633,-0.80189633,-0.24189636,-2.4218965,-0.27189636,-1.7518964,-0.6818964,-0.8718964,1.0181036,1.5881037,4.1581035
-0.21189636,-0.90189636,-1.0518963,-1.5018964,-2.2718964,-2.9118965,-3.3318963,-3.8618963,-3.6318963,-3.0218964,-2.8318963,-1.7618964,-1.8718964,-1.9318963,-3.3118963,-4.1718965,-4.741896,-5.1018963,-5.3018966,-4.8018966,-3.7818964,-1.5818963,-4.0618963,-3.9018965,-3.6718965,-3.3818963,-0.9918964,1.1181036,0.10810364,-1.9218963,2.0581036,0.6281036,-0.9418964,2.5581036,-0.0118963625,-0.70189637,-5.0018964,1.6881037,-0.6918964,0.25810364,1.8681036
0.5081036,0.63810366,-0.24189636,-0.73189634,-1.5218964,-1.9518963,-2.5118964,-2.8518963,-3.1918964,-2.5518963,-2.2518964,-2.0318964,-1.1818963,-1.6618963,-2.1518965,-3.5518963,-4.1518965,-4.721896,-4.9018965,-4.971896,-3.7618964,-3.4718964,-4.0818963,-4.411896,-4.3118963,-4.3518963,-3.5718963,-1.8018963,-0.7618964,-2.4718964,1.9481037,0.60810363,2.5881035,1.5081036,-0.021896362,1.3381037,-0.86189634,-0.081896365,2.5581036,1.1581036,-1.1118964
0.9981036,0.76810366,0.33810365,-0.38189638,-0.54189634,-0.8818964,-1.3518964,-1.6218964,-2.0018964,-2.3318963,-2.4318964,-1.7018963,-1.2618964,-1.0618963,-1.1018964,-2.0918963,-3.2818964,-3.9318964,-4.1318965,-3.6818964,-3.0918963,-3.1918964,-3.3018963,-3.6018963,-3.9218965,-3.9018965,-2.6818964,-4.0018964,-3.2118964,-4.7118964,-4.7518964,-4.511896,-5.6118965,-4.6118965,-3.2118964,2.2981036,1.6281036,0.20810364,1.8481036,3.8781037,2.5581036
0.90810364,1.4781036,1.2381036,1.4581037,0.77810365,0.49810365,0.23810364,-0.5018964,-0.28189635,-1.1318964,-1.8718964,-1.4318963,-0.9318964,-1.2818964,-0.0018963623,-0.91189635,-2.5918963,-3.2218964,-2.9718964,-2.5818963,-2.5718963,-2.5018964,-2.6718965,-2.9718964,-2.7218964,-2.8118963,-2.7718964,-4.1518965,-3.5118964,-0.70189637,-3.7518964,-4.4018965,-4.9618964,-3.3618963,-4.3418965,-2.7318964,1.8281037,2.0181036,3.3081036,1.4781036,0.23810364
2.8381035,2.2581036,2.2881036,2.4381037,2.3881037,2.0381036,1.2981037,0.83810365,0.24810363,-0.081896365,-1.2918963,-1.3418964,-0.081896365,-0.26189637,0.22810364,-0.5018964,-1.3018963,-2.7618964,-2.0718963,-1.9618964,-1.9218963,-2.0418963,-1.9318963,-1.8918964,-1.5018964,-2.1718965,-2.7118964,-3.3018963,-2.9918964,-3.0018964,-2.5218964,-0.85189635,-1.3118963,-1.1518964,-1.0518963,-2.9318964,-1.9918964,1.0281036,2.0881035,1.4081036,0.66810364
1.8081037,2.2381036,3.5481036,2.1081038,2.4081037,1.7881036,2.0881035,1.8481036,1.4881036,0.88810366,0.14810364,-0.66189635,-0.49189636,-0.25189635,1.3581036,-0.121896364,-1.0018964,-1.7118964,-2.2418964,-1.9118963,-1.4018964,-1.1818963,-1.2218964,-1.4518963,-1.8918964,-2.7118964,-3.4618964,-2.6818964,-0.85189635,-2.2118964,-1.3218963,-1.3218963,-0.8818964,2.6281037,0.27810365,-0.31189635,-0.9318964,-1.8018963,0.23810364,0.76810366,1.7081037
1.4681036,0.76810366,1.8381037,2.9681036,2.8981037,3.0781035,2.9881036,2.6881037,2.3781037,1.8181037,1.3381037,-0.49189636,0.5681036,1.3281037,1.1781037,0.038103636,-0.8718964,-1.3918964,-1.8218963,-1.3718964,-0.38189638,-0.36189637,-0.96189636,-0.91189635,-0.54189634,-0.95189637,-1.8918964,-1.8218963,-1.4818964,-0.36189637,-0.6818964,-0.70189637,-0.38189638,-0.121896364,-0.031896364,2.4281037,1.8381037,2.4381037,1.0581037,1.8481036,2.5281036
1.5481037,0.48810363,1.1981037,0.72810364,1.4281037,3.2981036,3.3881037,2.7081037,2.1681037,1.6281036,2.1081038,2.1981037,-0.10189636,-0.33189636,-0.60189635,-0.16189636,-0.5018964,-1.1718963,-1.3818964,-0.6218964,-1.1718963,-1.7918963,-1.7018963,-1.5518963,-0.8818964,-1.0018964,-0.97189635,-0.6818964,-0.5118964,0.12810364,-0.24189636,-1.7518964,1.2481036,-0.081896365,-0.84189636,-0.46189636,-0.121896364,1.4281037,2.2581036,2.0081036,2.4581037
