wind_kz.json
{"header": {"discipline":0,"disciplineName":"Meteorological products","gribEdition":2,"gribLength":1102,"center":7,"centerName":"US National Weather Service - NCEP(WMC)","subcenter":0,"refTime":"2023-09-08T00:00:00.000Z","significanceOfRT":1,"significanceOfRTName":"Start of forecast","productStatus":0,"productStatusName":"Operational products","productType":1,"productTypeName":"Forecast products","productDefinitionTemplate":0,"productDefinitionTemplateName":"Analysis/forecast at horizontal level/layer at a point in time","parameterCategory":2,"parameterCategoryName":"UnknownDiscipline_0_Category_2","parameterNumber":3,"parameterNumberName":"UnknownParameter_D0_C2_3","parameterUnit":"Unknown","genProcessType":2,"genProcessTypeName":"Forecast","forecastTime":180,"surface1Type":103,"surface1TypeName":"Specified height level above ground","surface1Value":10.0,"surface2Type":255,"surface2TypeName":"Missing","surface2Value":0.0,"gridDefinitionTemplate":0,"gridDefinitionTemplateName":"Latitude_Longitude","numberPoints":615,"shape":6,"shapeName":"Earth spherical with radius of 6,371,229.0 m","gridUnits":"degrees","resolution":48,"winds":"true","scanMode":64,"nx":41,"ny":15,"basicAngle":0,"lo1":47.0,"la1":41.0,"lo2":87.0,"la2":55.0,"dx":1.0,"dy":1.0}, "data":
[rows 0 to 14 of 15, columns 0 to 40 of 41]
-4.7074413,0.122558594,-2.6674414,-5.6874413,-6.7874413,-6.307441,-1.0774415,-0.2274414,-0.16744141,-1.2174414,-2.5174415,-2.2174413,-2.8774414,-3.4574413,-5.2574415,-5.5174413,-5.9674416,-4.2574415,-6.7974415,-5.7274413,-4.9674416,-5.2874413,-5.1974416,2.6725585,5.902559,2.6225586,1.7025586,2.3425586,-3.2474413,-5.6674414,-6.9874415,-4.2674413,-5.557441,-8.857441,-0.8374414,-11.037441,-14.437442,-0.017441407,0.20255859,-0.9274414,0.032558594
-0.7374414,0.4725586,-0.027441407,-2.8374414,-5.7774415,-5.4174414,-2.4174414,0.2425586,0.112558596,-1.2274414,-0.8774414,-3.2974415,-4.1674414,-4.1374416,-4.7874413,-4.4274416,-3.1374414,-4.1674414,-4.9274416,-6.1274414,-6.1774416,-5.4074416,-4.9474416,-2.7674415,1.4925586,1.3725586,-3.5774415,-3.3974414,-2.5974414,-2.9774413,-2.0274415,-5.097441,-4.3374414,-4.2074413,-5.9274416,-14.177442,-16.207441,-15.717442,-7.9074416,-3.9874413,0.4825586
1.4025586,1.0225586,0.032558594,-4.5374413,-4.577441,-1.4274414,-0.2274414,-0.067441404,0.3725586,-1.3474414,-3.2174413,-4.577441,-5.2574415,-3.5774415,-3.6874413,-2.4374413,-3.4074414,-3.9574413,-4.7974415,-5.3874416,-4.3174415,-3.2674415,-6.4874415,-4.117441,-4.1374416,-3.9674413,-4.3174415,-4.7474413,3.2725587,-0.7374414,-2.3174415,-2.8674414,1.9825586,-0.097441405,4.2725587,2.2025585,-3.0174415,-2.3974414,-0.72744143,-0.5074414,-6.117441
0.4825586,0.7925586,-1.7874414,0.3125586,-4.847441,-0.7374414,0.1525586,-0.18744141,0.2525586,0.3625586,-1.0174414,-2.5474415,-4.577441,-6.5374413,-4.1874413,-2.4074414,-3.1674414,-3.7974415,-3.7374413,-5.5474415,-5.1974416,-4.1974416,-3.9974413,-4.5674415,-4.2174416,-4.8374414,-4.4074416,-3.5974414,-4.5874414,-5.3874416,-3.7874415,-4.6974416,-1.0374414,6.922559,3.9425585,-0.3074414,4.2925587,2.5525587,-1.9574414,1.9725586,1.8525586
0.1825586,5.2425585,6.7925587,-2.0074415,-1.0074414,0.10255859,-0.9874414,-0.4774414,-1.3374414,-0.3274414,0.90255857,-0.097441405,-2.7474413,-5.4674416,-6.327441,-1.4474415,-2.8074415,-3.7174413,-3.5974414,-3.4674413,-3.8074415,-3.5474415,-3.6674414,-3.8274415,-3.5074415,-3.7474413,-3.1074414,-3.3574414,-5.4174414,-6.5274415,-5.0374413,-1.7274414,-0.037441406,-1.5074414,-0.1774414,3.4525585,2.1525586,5.2325587,5.192559,6.2725587,2.4225585
3.7525587,4.3025584,1.5025586,1.1325586,-0.1474414,-1.5874414,1.3325586,1.0525585,-0.5174414,0.7225586,0.1325586,-0.9374414,2.6825585,-0.3074414,-6.1874413,-2.2174413,-2.8774414,-2.2574415,-2.8374414,-3.1174414,-3.5274415,-3.5374415,-3.4674413,-4.1274414,-4.6974416,-4.4774413,-4.5274415,1.8425586,-4.6074414,-5.0474415,-5.3774414,-5.2574415,-4.7274413,-2.7974415,4.9825587,1.9825586,0.32255858,0.0025585936,-2.6474414,9.002559,5.442559
-0.5774414,-3.6474414,2.3725586,5.9125586,4.8725586,4.4925585,2.8925586,1.9125586,1.0925586,2.1525586,0.4825586,0.20255859,-0.8674414,-0.9174414,-2.2174413,-2.8774414,-2.5374415,-3.0474415,-3.5774415,-2.9374413,-3.0674415,-3.0274415,-4.2574415,-4.6374416,-4.9474416,-5.1274414,-4.1574416,-7.1574416,-5.3874416,-5.0074415,-5.827441,-5.0474415,-8.107441,-3.2474413,-0.2574414,-2.2574415,-1.8374414,-1.3774414,-1.9674414,-1.0274414,-0.5474414
0.5925586,0.9425586,-0.1074414,0.7925586,0.8725586,1.0625587,1.9825586,1.3325586,1.5325586,1.2625586,1.8425586,0.9925586,0.9925586,0.29255858,-0.7474414,-2.3174415,-2.3674414,-2.0574415,-2.8674414,-2.4374413,-1.9374413,-3.3074415,-4.2074413,-5.0374413,-6.0674415,-4.9274416,-5.867441,-6.617441,-6.3874416,-5.6874413,-5.6774416,-4.8374414,-3.7574415,-4.2774415,-3.4274414,-4.2274413,-4.6274414,-3.6174414,-2.7374413,0.8225586,-0.037441406
-2.3674414,1.0425586,0.6425586,2.0225587,1.7825586,2.2225585,2.0825586,2.3725586,1.6725585,1.1625586,0.5625586,1.0325586,1.0525585,-0.18744141,-0.6574414,-0.3874414,0.082558595,-1.3574414,-2.1774414,-3.0674415,-3.3874414,-4.5474415,-5.1474414,-5.4874415,-5.617441,-5.6574416,-5.117441,-5.327441,-5.1474414,-5.1874413,-6.617441,-6.3374414,-2.4874413,-2.5174415,-2.5874414,-3.3874414,-2.5974414,-2.2774415,-1.4774414,-2.3874414,0.0025585936
3.2625587,1.7325586,0.8825586,1.5925586,2.3225586,3.0425587,2.5025587,2.5425587,2.0725586,1.6925586,1.0325586,1.5125586,0.9525586,0.52255857,0.6225586,0.4825586,-0.2274414,-0.6174414,-2.2374413,-2.6074414,-3.0474415,-3.5174415,-3.9674413,-4.9074416,-4.8774414,-4.807441,-4.077441,-5.2274413,-4.867441,-5.5474415,-4.8174415,-6.2174416,-6.1074414,-1.6974415,-1.9274414,0.8925586,-0.1474414,0.012558593,0.6725586,-1.3374414,-0.9674414
-0.2574414,5.902559,3.2425585,1.4625586,1.9025586,3.2025585,3.0525587,2.3525586,2.7225585,1.6825585,1.1425586,1.5925586,1.1625586,-0.037441406,0.5925586,0.06255859,-0.21744141,-0.4374414,-0.5174414,-1.8174415,-2.5674415,-2.6674414,-3.5474415,-3.9074414,-3.7674415,-4.2474413,-4.0274415,-4.8974414,-5.7974415,-5.9774413,-4.8174415,-5.597441,-5.9374413,-4.0074415,0.22255859,1.1625586,0.8325586,-0.4074414,-2.7374413,-2.2274413,-2.2974415
2.0425587,0.022558594,2.0625587,3.4625585,3.1225586,2.8225586,3.3625586,3.1425586,2.4725585,1.9125586,1.3525586,2.4925585,1.8625586,1.0825586,0.6225586,0.122558594,0.4125586,0.3625586,0.20255859,-1.2574414,-1.6974415,-1.6374414,-1.4174414,-2.5274415,-3.1374414,-2.6374414,-5.0274415,-6.1974416,-4.9174414,-5.0074415,-4.7474413,-4.3774414,-3.6474414,-3.6774414,-1.0774415,-0.21744141,1.2025586,-0.5174414,-0.017441407,-0.8774414,0.2525586
2.6625586,2.1525586,2.4125586,2.0025587,2.5225587,2.3225586,2.3525586,2.2725587,1.8325586,1.6525586,1.0525585,0.1625586,1.6825585,1.4525586,1.4025586,0.8625586,1.6825585,-0.9474414,-1.0974414,-0.5674414,-0.4674414,-1.2474414,-1.6274414,-2.3574414,-3.2574415,-3.1774414,-3.1274414,-1.8374414,-4.7274413,-5.3174415,-4.4674416,-2.4374413,-4.2874413,-3.5074415,-1.4474415,-2.0874414,-1.3774414,-0.4174414,-0.5074414,0.6025586,0.4425586
4.0725584,3.9425585,3.5025587,2.7625587,3.5025587,3.0125587,3.0825586,2.4825585,1.7725586,2.4425585,-0.6074414,0.7025586,2.7925587,1.2925586,1.5125586,1.8325586,1.9625586,1.4425586,0.8625586,-0.2774414,0.112558596,-0.5474414,-1.8374414,-1.1474414,-1.0574414,-3.4274414,-2.6474414,-2.4774413,-2.9574413,-2.7774415,-4.1374416,-3.9574413,-1.6074414,-2.3174415,-3.4974413,-2.7374413,-2.5474415,-1.7574414,-0.97744143,-0.39744142,-1.1274414
3.4925585,4.9325585,5.1125584,4.132559,3.9825585,3.4125586,3.1825585,3.1125586,3.0925586,2.7725587,1.3625586,0.9825586,0.17255859,0.5625586,0.3925586,0.9825586,1.8825586,0.6925586,0.112558596,-0.017441407,-0.6074414,-0.8874414,-1.6274414,-1.6074414,-2.5674415,-3.3574414,-3.4374413,-3.8774414,-2.6474414,-2.4974413,-4.2774415,-4.2874413,-4.0274415,-5.3974414,-2.6874413,-2.1474414,-2.3874414,-2.6374414,-0.78744143,-2.5974414,-0.7374414
