wind_kz.json
{"header": {"discipline":0,"disciplineName":"Meteorological products","gribEdition":2,"gribLength":1025,"center":7,"centerName":"US National Weather Service - NCEP(WMC)","subcenter":0,"refTime":"2023-09-20T00:00:00.000Z","significanceOfRT":1,"significanceOfRTName":"Start of forecast","productStatus":0,"productStatusName":"Operational products","productType":1,"productTypeName":"Forecast products","productDefinitionTemplate":0,"productDefinitionTemplateName":"Analysis/forecast at horizontal level/layer at a point in time","parameterCategory":2,"parameterCategoryName":"UnknownDiscipline_0_Category_2","parameterNumber":3,"parameterNumberName":"UnknownParameter_D0_C2_3","parameterUnit":"Unknown","genProcessType":2,"genProcessTypeName":"Forecast","forecastTime":240,"surface1Type":103,"surface1TypeName":"Specified height level above ground","surface1Value":10.0,"surface2Type":255,"surface2TypeName":"Missing","surface2Value":0.0,"gridDefinitionTemplate":0,"gridDefinitionTemplateName":"Latitude_Longitude","numberPoints":615,"shape":6,"shapeName":"Earth spherical with radius of 6,371,229.0 m","gridUnits":"degrees","resolution":48,"winds":"true","scanMode":64,"nx":41,"ny":15,"basicAngle":0,"lo1":47.0,"la1":41.0,"lo2":87.0,"la2":55.0,"dx":1.0,"dy":1.0}, "data":
[rows 0 to 14 of 15, columns 0 to 40 of 41]
0.4736328,-2.386367,4.873633,6.1336327,3.7736328,3.9936328,1.4536328,1.0736328,-0.22636719,-0.3863672,-2.6863673,-2.2263672,-2.9963672,-3.5063672,-4.236367,-4.1363673,-4.566367,-4.1963673,-4.066367,-2.146367,-1.5163672,-0.9363672,0.1836328,-1.9163672,-1.1663672,-1.0863671,-1.2263672,0.3236328,0.3536328,1.3836328,-0.7663672,-0.046367187,0.8736328,-1.6263672,-0.5163672,-2.5963671,-1.1163672,-1.2863672,0.19363281,0.4836328,2.383633
4.8636327,1.7536328,7.0536327,5.773633,2.9436328,4.603633,0.7236328,2.0736327,1.2436328,-0.106367186,-1.4763672,-2.6763673,-3.366367,-3.636367,-4.296367,-4.3663673,-3.0163672,-4.9463673,-7.186367,-4.416367,-3.1563673,-2.4863672,-0.31636718,1.5236328,0.49363282,-0.2963672,-2.2563672,-0.5063672,-0.6463672,0.05363281,0.4536328,2.8436327,-1.0463672,-0.7463672,-3.4663672,-2.5163672,-2.6963673,-5.0563674,-3.5163672,-2.8063672,0.6136328
3.0636327,7.563633,5.933633,3.0136328,3.1736329,2.613633,2.0436327,2.4236329,2.4036329,0.2936328,-1.2663672,-1.3863672,-3.2263672,-3.0963671,-3.6563673,-3.7463672,-3.4463673,-4.1763673,-4.586367,-5.046367,-3.1663673,-2.606367,-6.4463673,-1.5163672,-0.3963672,0.09363281,0.8536328,0.5936328,-0.34636718,1.7836328,2.7836328,1.2236328,1.8336328,-1.0063672,0.09363281,2.3236327,3.5436327,-0.15636718,-0.14636719,-0.9663672,-0.6563672
3.2736328,4.273633,2.9936328,2.5436327,0.8936328,2.2136328,2.9036329,4.203633,3.5536327,2.4836328,0.6836328,-1.5163672,-2.9663672,-3.6963673,-3.1663673,-3.5463672,-3.7063673,-4.0363674,-3.896367,-4.916367,-4.606367,-1.9263672,-1.1863672,-2.876367,-3.396367,-3.106367,-1.7563672,-1.3163671,1.8736328,-0.05636719,-1.6463672,-1.8363671,-2.2863672,-0.7063672,-0.3663672,-2.3463671,-0.40636718,3.7436328,0.8136328,0.51363283,2.5336328
1.1036328,1.3936328,1.8336328,1.9236329,1.4636328,0.95363283,1.0836328,2.4036329,4.313633,3.2236328,2.0036328,0.31363282,-1.5563672,-3.0763671,-3.2663672,-2.9263673,-3.386367,-3.6763673,-2.8463671,-2.7163672,-2.0563672,-2.2363672,-2.8363671,-2.4763672,-2.606367,-2.6763673,-1.8363671,-2.3463671,-1.7063671,-1.2263672,-0.8463672,0.6436328,2.6636329,2.143633,-0.9163672,-1.9663672,0.023632813,-0.5363672,-0.026367188,2.383633,1.8636328
-0.16636719,-0.14636719,0.2136328,0.94363284,0.9736328,0.6736328,1.0836328,2.3236327,2.5936327,2.4736328,1.3336328,0.08363281,-2.0863671,-1.1463672,-1.1763672,-1.8363671,-2.2363672,-2.6863673,-3.1863673,-2.0763671,-2.5763671,-1.7863672,-2.4663672,-2.7363672,-2.4563673,-1.7463672,-2.366367,-3.9463673,-2.5163672,-2.1563673,-1.5163672,0.22363281,0.5436328,2.7136328,2.9736328,-0.22636719,1.5536329,-0.24636719,-3.3063672,-0.9363672,1.0536329
0.7336328,1.0236328,0.82363284,1.0536329,0.08363281,-0.43636718,0.34363282,1.2036328,1.4836328,1.5136328,0.22363281,-1.1263672,-1.8063672,-1.5363672,-0.12636718,0.3936328,-0.14636719,-1.2363672,-2.0463672,-2.106367,-1.9163672,-1.8163671,-1.4563671,-1.3863672,-1.9763672,-2.3063672,-2.0663671,-3.2163672,-2.0863671,-2.8363671,-1.9463671,-1.8563672,-2.4363673,-2.5063672,-1.8763672,-1.0663671,-0.8763672,0.9336328,-0.28636718,1.4436328,0.27363282
1.3436328,1.4036328,0.8736328,0.9836328,0.9336328,0.4836328,-0.4963672,-0.14636719,-0.2063672,-1.0263672,-1.8363671,-1.7163672,-1.8263671,-1.8463672,-1.9263672,-0.11636719,1.4636328,1.0436329,1.0836328,0.4136328,-0.7763672,-0.2963672,-0.4963672,-0.2963672,0.3936328,0.3536328,-0.24636719,-1.1763672,-0.34636718,-0.5263672,0.073632814,0.4436328,0.2536328,0.46363282,0.7336328,0.9636328,-0.7063672,-1.4863672,-0.6463672,0.17363282,-0.14636719
1.6436328,1.8736328,1.8236328,1.4436328,1.1236328,0.073632814,-1.0163672,-1.3863672,-1.7263672,-0.98636717,-1.3663672,-1.7763672,-1.6863672,-2.1563673,-2.0563672,-1.8463672,-0.21636719,1.2836328,2.133633,2.6536329,2.643633,1.2336328,1.7436328,1.9336329,2.4236329,2.383633,1.8036329,1.5236328,0.4236328,0.8336328,2.3036327,2.9836328,3.363633,3.3136327,2.9936328,2.373633,-1.1163672,0.6536328,-0.19636719,-0.106367186,0.8436328
2.1936328,1.7536328,1.4136329,1.2836328,0.043632813,-0.86636716,-1.0963672,-0.9163672,-0.73636717,-0.5163672,-0.9763672,-0.9763672,-0.98636717,-1.4663672,-1.2463672,-1.2563672,-0.5663672,-0.2963672,0.8636328,1.8536328,3.0836327,2.5936327,2.123633,2.623633,3.1736329,4.063633,2.8136327,1.8536328,2.3136327,2.3136327,2.5536327,3.883633,3.2736328,3.7636328,3.3236327,2.4436328,1.0936328,-0.6263672,1.8736328,3.9036329,2.9236329
1.2036328,0.5036328,0.1836328,0.073632814,-0.13636719,-0.106367186,-0.4963672,-0.47636718,-0.2963672,-0.4963672,0.2636328,0.2136328,-0.73636717,-0.80636716,-1.3463672,-1.1563672,-1.6263672,-0.8963672,-0.19636719,-0.1763672,0.9236328,1.3336328,1.7036328,3.1736329,2.9936328,3.883633,4.353633,3.5336328,3.2136328,2.2336328,1.9536328,2.6636329,3.9336329,3.4936328,4.253633,3.9636328,2.2636328,2.7736328,2.133633,1.5536329,0.57363284
0.5436328,1.2036328,0.9636328,0.5236328,0.03363281,-0.09636719,-0.2663672,0.1836328,-0.3363672,-0.0063671875,0.2936328,0.2536328,-1.2763672,-0.026367188,-0.8963672,-0.8463672,-0.40636718,-0.4963672,0.63363284,0.31363282,0.2636328,-0.25636718,0.33363283,1.3436328,2.0236328,2.363633,4.4436326,3.6736329,2.2436328,2.7836328,3.6636329,4.3036327,4.0336328,4.4036326,3.1836329,4.1736326,4.4036326,3.5636327,2.2636328,2.2336328,1.1836329
0.5536328,0.6536328,0.34363282,0.4736328,-0.0063671875,0.37363282,0.17363282,0.4136328,0.03363281,0.19363281,0.40363282,-1.4763672,0.43363282,0.013632813,-0.25636718,-0.7063672,-1.3763672,-0.6363672,-1.0363672,-0.15636718,-0.13636719,-0.03636719,0.31363282,-0.15636718,0.13363281,1.1036328,1.9736328,2.7636328,2.6536329,3.0736327,3.9136329,5.123633,5.123633,4.313633,4.763633,4.4036326,4.103633,2.633633,3.4736328,2.9036329,1.9736328
1.2936329,0.9136328,0.2836328,0.5036328,0.13363281,-0.026367188,-0.106367186,0.46363282,1.0236328,0.6536328,1.3736328,0.013632813,-2.106367,0.22363281,0.073632814,-0.19636719,-1.0263672,-1.2963672,-1.1563672,-0.8563672,-0.92636716,-0.11636719,-0.046367187,-0.06636719,0.23363282,0.1836328,0.8636328,2.363633,2.9336329,3.4336329,4.483633,5.623633,4.663633,4.9236326,3.3436327,3.8036327,3.863633,3.383633,2.7936327,2.5236328,3.363633
1.3036329,0.4836328,-0.2663672,0.5436328,-0.046367187,0.8036328,0.5836328,0.5936328,0.20363282,0.2536328,1.9936328,1.9336329,2.2936327,-2.4063673,-0.7863672,-0.8863672,-1.5563672,-0.7663672,-0.14636719,-0.5963672,-0.7663672,-0.9763672,-1.2263672,-0.86636716,-0.2763672,0.3236328,0.8136328,1.7736328,2.4636328,3.4436328,3.9136329,3.5536327,1.7336328,1.7936329,2.4836328,3.0336328,3.643633,3.613633,3.2036328,3.5536327,2.0136328
