wind_kz.json
{"header": {"discipline":0,"disciplineName":"Meteorological products","gribEdition":2,"gribLength":1025,"center":7,"centerName":"US National Weather Service - NCEP(WMC)","subcenter":0,"refTime":"2024-02-03T00:00:00.000Z","significanceOfRT":1,"significanceOfRTName":"Start of forecast","productStatus":0,"productStatusName":"Operational products","productType":1,"productTypeName":"Forecast products","productDefinitionTemplate":0,"productDefinitionTemplateName":"Analysis/forecast at horizontal level/layer at a point in time","parameterCategory":2,"parameterCategoryName":"UnknownDiscipline_0_Category_2","parameterNumber":3,"parameterNumberName":"UnknownParameter_D0_C2_3","parameterUnit":"Unknown","genProcessType":2,"genProcessTypeName":"Forecast","forecastTime":300,"surface1Type":103,"surface1TypeName":"Specified height level above ground","surface1Value":10.0,"surface2Type":255,"surface2TypeName":"Missing","surface2Value":0.0,"gridDefinitionTemplate":0,"gridDefinitionTemplateName":"Latitude_Longitude","numberPoints":615,"shape":6,"shapeName":"Earth spherical with radius of 6,371,229.0 m","gridUnits":"degrees","resolution":48,"winds":"true","scanMode":64,"nx":41,"ny":15,"basicAngle":0,"lo1":47.0,"la1":41.0,"lo2":87.0,"la2":55.0,"dx":1.0,"dy":1.0}, "data":
[rows 0 to 14 of 15, columns 0 to 40 of 41]
0.86105466,-0.13894531,-2.5289452,-5.328945,-5.5889454,-0.06894531,0.7010547,4.4910545,2.6710546,3.1910546,1.6310546,1.5810547,1.2210547,1.0410547,0.86105466,0.61105466,0.11105469,-0.2389453,-1.3589454,-1.1789453,-0.22894531,-1.9189453,-1.9089453,-1.0489453,0.67105466,0.021054687,-2.6289454,0.79105467,1.0810547,-0.018945312,-4.098945,-6.518945,0.7010547,2.7210548,1.8510547,1.0810547,2.3610547,2.5910547,1.3610547,0.9510547,0.14105469
3.1810546,1.1210546,-3.5589454,-3.5289452,-4.4689455,0.24105468,4.7910547,5.5210547,5.0410547,3.6610546,1.9210547,1.2610546,0.28105468,0.04105469,-0.6989453,-0.5589453,-0.3689453,-0.008945312,-1.1089454,-2.0689454,-2.6289454,-2.9889452,-2.7789452,0.19105469,-2.4489453,-1.7189453,-1.8089453,0.14105469,0.54105467,-0.16894531,3.0810547,0.16105469,-2.3789454,-5.308945,-6.2389455,-2.9389453,-1.5889453,-1.5289453,-0.09894531,-1.0889453,-0.5589453
-4.4189453,-0.7289453,-2.5389452,-1.9489453,-1.8689454,3.5210547,5.5710545,5.481055,5.4110546,3.7810547,2.0510547,1.5810547,0.8710547,0.3310547,-0.76894534,-1.6789453,-0.9989453,-2.4089453,-2.5489454,-2.1589453,-2.1489453,-0.04894531,-5.5089455,-1.6189454,-2.3489454,-0.95894533,-1.7089453,-1.7589453,-0.8489453,0.92105466,0.9610547,-0.2689453,1.7810547,-2.2689452,-1.3489453,-0.3889453,-0.9789453,-3.4089453,-0.22894531,1.1710547,1.9010547
-4.2189455,-3.1489453,-2.4489453,-0.7489453,3.2610548,8.801055,7.3710546,6.631055,5.2410545,3.9210546,1.0010546,-1.4489453,-2.1289454,-1.4189453,-0.34894532,-0.6089453,-0.9889453,-2.3789454,-1.9189453,-2.0289452,-3.7489452,-2.4889452,1.1210546,-1.1089454,-1.8389453,-3.6189454,-3.9089453,-4.4589453,-1.8489453,-3.6289454,-4.388945,-3.0689454,-0.20894532,-1.7489454,-1.0889453,0.021054687,1.3210547,5.4710546,-1.6489453,-0.7189453,-0.7589453
-6.7389455,-3.2889452,-2.4189453,0.7610547,4.7710547,5.8510547,6.2010546,5.5610547,5.6810546,3.3710546,2.7710547,1.2510546,-0.57894534,-1.0089453,-1.0089453,-1.4989454,-2.2189453,-2.9589453,-2.9089453,-2.2889452,-0.8189453,-0.07894531,-0.14894532,-0.06894531,-1.2889453,-2.8189454,-4.4589453,-4.2189455,-4.2989454,-4.6489453,-5.4889455,-3.0689454,2.2710547,0.4810547,-0.9989453,-0.28894532,-2.3089454,-2.7089453,-1.3289453,1.3410547,-0.5689453
-5.6789455,-3.8189454,-3.2789452,-1.6789453,-0.6889453,0.6510547,5.0710545,4.731055,4.0210547,4.2710547,2.8310547,1.6310546,-1.6289454,-3.3689454,-2.0689454,-1.9189453,-1.1889453,-1.5289453,-2.5789454,-3.7489452,-4.6689453,-1.4889454,-0.8389453,-1.9189453,-2.0789454,-2.0989454,-2.7389452,-3.1989453,-3.5489454,-4.1789455,-4.1689453,-4.3389454,-4.058945,-2.5189452,1.2510546,0.20105469,1.8610547,-1.2689453,0.92105466,0.3210547,0.5510547
-3.5589454,-0.8189453,1.1110547,1.9510547,2.6210546,4.5210547,4.0710545,3.7510548,3.2710547,3.1310546,2.5410547,0.8810547,-0.18894531,-1.6889453,-2.1889453,-2.1589453,-1.9989454,-1.1689453,-1.2789453,-2.0189452,-4.1989455,-4.0689454,-2.8489454,-0.9789453,0.3310547,0.8410547,-2.0789454,-1.8289453,-3.5989454,-3.2189453,-3.6589453,-4.368945,-3.8689454,-7.1289454,-1.3789454,-1.5489453,-3.5489454,-2.1289454,-2.6589453,-1.4289453,0.73105466
-1.2789453,0.3310547,2.7210548,3.4510546,3.7410548,3.1010547,3.5510547,3.7110548,3.7610548,2.4910548,1.5110546,0.9910547,-2.3089454,-2.4189453,-3.0389452,-2.1989453,-2.6589453,-1.9289453,-1.9189453,0.7210547,-2.7489452,-3.2889452,-4.4789453,-3.6289454,-3.6389453,-0.37894532,0.021054687,-1.3689454,-1.1589453,-3.3989453,-2.8189454,-3.1089454,-3.3389454,-4.908945,-1.4389453,-1.0389453,-0.21894531,1.0010546,-0.3689453,-0.63894534,-1.9289453
1.1810547,2.3310547,2.9410546,3.4810548,3.7710547,4.151055,4.111055,3.9310546,3.2610548,2.7510548,1.1510547,0.3210547,-0.63894534,-2.4589453,-3.0189452,-4.118945,-3.4689453,-2.8789454,-2.1889453,-1.3289453,0.8310547,-2.8389454,-4.0489454,-3.5789454,-3.3589454,-2.8789454,-0.5089453,-1.6489453,-1.5089453,-1.8189453,-2.7489452,-3.0189452,-3.8889453,-2.0389452,-1.3289453,-2.1089454,-3.2289453,-1.0189453,-3.2289453,-2.6489453,-4.598945
2.7710547,3.0110548,2.9010546,3.2910547,3.5710547,3.2410548,3.3410547,3.1510546,3.0210547,2.5210547,2.0810547,0.4210547,-0.27894533,-1.2889453,-2.1789453,-3.0989454,-3.6389453,-3.8089454,-2.8589454,-1.6989453,-1.1889453,-1.1989453,-2.2589452,-2.7289453,-2.8089454,-1.7089453,-1.8489453,-1.2989453,-1.3089453,-1.5889453,-2.7489452,-4.3789454,-4.5889454,-2.6889453,-0.7789453,0.08105469,0.2710547,-2.5789454,0.04105469,1.9010547,1.5610547
3.1510546,3.7410548,4.191055,2.8910546,2.8010547,3.4410546,3.7210548,3.0010548,2.3710546,2.1010547,0.9910547,0.11105469,-0.2389453,-0.5689453,-1.8189453,-2.3889453,-2.5789454,-3.0589454,-2.1189454,-1.9789453,-1.8389453,-1.6789453,-1.8589454,-1.9789453,-2.0889454,-2.3389454,-1.3589454,-2.8789454,-2.6389453,-3.5889454,-4.0889454,-4.0289454,-3.3289454,-2.2089453,-0.7489453,0.4510547,0.12105469,0.6810547,0.12105469,-0.6689453,-0.14894532
2.0510547,2.2910547,2.9610548,4.1010547,4.671055,4.401055,4.0110545,4.0410547,2.8210547,2.5910547,1.5010546,-1.3989453,-1.4989454,-1.5489453,-1.4489453,-1.8189453,-1.6089454,-2.2089453,-1.4589453,-1.1989453,-0.7489453,-0.9089453,-1.1289454,-1.2689453,-1.9889454,-2.3489454,-1.4889454,-2.8189454,-2.7789452,-2.5489454,-1.5889453,-0.89894533,-1.1389453,-1.3689454,-0.5389453,-0.2989453,1.5710547,0.3910547,-0.57894534,0.021054687,-1.2289453
2.6610546,3.2910547,2.9910548,3.1710546,3.6210546,3.3010547,4.361055,5.4710546,4.5510545,3.8610547,1.0810547,0.21105468,-1.0889453,-0.9189453,-1.0289453,-1.0389453,-1.4589453,-1.7889453,-2.1589453,-2.0989454,-1.7989453,-1.6489453,-1.4389453,-1.7689453,-2.4589453,-2.2189453,-2.3489454,-1.5789453,-0.9389453,-0.76894534,-0.49894533,-0.16894531,0.2710547,0.5510547,0.7110547,1.0910547,1.1910547,1.4910547,0.9510547,1.0810547,1.1710547
4.2710547,4.231055,4.211055,4.7410545,4.881055,5.231055,5.0410547,5.131055,3.3610547,4.421055,0.7510547,0.54105467,-0.14894532,0.0010546875,-0.40894532,-0.4889453,-0.7489453,-1.1889453,-1.5289453,-1.7689453,-1.7489454,-1.6589453,-1.5889453,-2.0189452,-1.6789453,-1.6189454,-1.7289453,-1.3089453,-1.0589453,-1.2589453,-0.82894534,-0.27894533,0.3210547,0.34105468,0.10105469,0.79105467,2.1410546,2.2910547,2.2510548,2.3110547,2.2910547
2.3810546,3.9910548,3.6610546,4.2410545,4.4710546,4.5510545,3.9710548,4.651055,2.3710546,2.3510547,-0.8689453,2.1010547,1.9710547,1.8210547,1.2510546,0.13105468,-0.4889453,-0.95894533,-1.1089454,-1.4189453,-1.7989453,-1.8889453,-1.7189453,-2.1889453,-2.1089454,-1.9889454,-1.9889454,-2.0489454,-1.8589454,-1.8689454,-2.1789453,-2.1389453,-1.2389454,-0.6589453,-0.6589453,-0.34894532,1.2710547,1.7310547,0.9110547,1.3710546,2.3410547
