wind.json
{"header": {"discipline":0,"disciplineName":"Meteorological products","gribEdition":2,"gribLength":1211,"center":7,"centerName":"US National Weather Service - NCEP(WMC)","subcenter":0,"refTime":"2023-07-01T18:00:00.000Z","significanceOfRT":1,"significanceOfRTName":"Start of forecast","productStatus":0,"productStatusName":"Operational products","productType":1,"productTypeName":"Forecast products","productDefinitionTemplate":0,"productDefinitionTemplateName":"Analysis/forecast at horizontal level/layer at a point in time","parameterCategory":2,"parameterCategoryName":"UnknownDiscipline_0_Category_2","parameterNumber":3,"parameterNumberName":"UnknownParameter_D0_C2_3","parameterUnit":"Unknown","genProcessType":2,"genProcessTypeName":"Forecast","forecastTime":240,"surface1Type":103,"surface1TypeName":"Specified height level above ground","surface1Value":10.0,"surface2Type":255,"surface2TypeName":"Missing","surface2Value":0.0,"gridDefinitionTemplate":0,"gridDefinitionTemplateName":"Latitude_Longitude","numberPoints":688,"shape":6,"shapeName":"Earth spherical with radius of 6,371,229.0 m","gridUnits":"degrees","resolution":48,"winds":"true","scanMode":64,"nx":43,"ny":16,"basicAngle":0,"lo1":45.0,"la1":40.0,"lo2":87.0,"la2":55.0,"dx":1.0,"dy":1.0}, "data":
[rows 0 to 15 of 16, columns 0 to 42 of 43]
-4.784248,3.135752,3.2557518,3.905752,0.685752,-3.324248,-4.904248,-3.154248,-3.644248,-2.4842482,-1.5642481,-2.174248,-2.124248,-1.864248,-2.314248,-2.544248,-0.48424804,-3.834248,-3.154248,-2.2642481,-2.7342482,-2.094248,-2.2642481,2.345752,2.465752,2.355752,1.385752,3.115752,0.21575195,-2.044248,1.155752,-1.274248,-1.344248,0.64575195,-0.21424805,-1.664248,-0.04424805,-0.98424804,0.30575195,0.44575197,1.9257519,1.3057519,0.7357519
1.365752,-0.48424804,4.965752,-3.0142481,0.97575194,-4.324248,-4.654248,-4.344248,-4.124248,-2.044248,1.0757519,-1.884248,-1.384248,-0.504248,-3.034248,3.305752,0.6757519,-0.72424805,-2.434248,-2.2742481,-3.854248,-3.284248,-2.134248,-2.134248,-3.724248,-2.174248,-3.2742481,-0.874248,-1.244248,2.195752,1.355752,0.84575194,0.025751954,1.855752,-0.034248047,-0.90424806,1.735752,-0.14424805,-1.264248,-0.074248046,-0.634248,-0.73424804,0.41575196
0.7357519,-4.024248,4.495752,1.365752,-2.794248,-4.8642483,-6.354248,-6.304248,-8.564248,-8.894248,-7.424248,-6.874248,-7.424248,-2.604248,-1.364248,3.425752,1.645752,0.66575193,-0.874248,-3.5242481,-5.944248,-5.104248,-4.914248,-2.174248,-0.25424805,-0.12424805,-2.874248,-2.954248,-4.644248,-0.78424805,-0.114248045,1.085752,2.4757519,1.735752,-1.114248,-1.1942481,-2.444248,-0.5142481,0.11575195,-1.974248,-0.54424804,-1.9642481,0.24575195
3.285752,2.905752,2.655752,2.0057518,-2.174248,-5.8842483,-6.8642483,-6.574248,-8.114248,-8.544248,-7.774248,-8.334248,-8.634248,-7.3842483,-3.0242481,4.595752,2.405752,1.345752,0.025751954,-1.0542481,-3.134248,-4.534248,-5.374248,-4.404248,-4.084248,-3.444248,0.82575196,2.2457519,1.515752,2.815752,0.14575195,2.215752,2.925752,1.525752,2.9857519,-1.994248,0.035751954,3.925752,1.495752,-0.014248047,0.615752,-2.074248,-1.5642481
-3.104248,3.395752,2.405752,1.265752,-2.474248,-3.584248,-4.904248,-6.234248,-6.924248,-7.764248,-7.374248,-7.624248,-7.224248,-8.004248,0.84575194,5.375752,3.045752,4.245752,3.185752,1.765752,0.615752,-3.7642481,-4.3642483,-4.074248,-0.98424804,-4.314248,-4.554248,-4.204248,-0.90424806,-2.344248,-0.31424806,1.645752,-0.14424805,-1.984248,-2.314248,1.1757519,0.85575193,-4.014248,-2.654248,1.465752,3.9857519,3.5057518,4.075752
-8.684248,-1.7142481,-2.164248,2.555752,0.64575195,-1.6942481,-4.274248,-4.454248,-6.004248,-5.124248,-7.714248,-8.484248,-9.734248,-11.354248,0.88575196,5.505752,5.425752,4.625752,3.175752,3.645752,2.9957519,-0.12424805,-2.294248,-4.654248,-5.554248,-4.334248,-3.914248,-3.324248,-1.144248,-3.5042481,-1.8042481,0.65575194,1.275752,0.51575196,2.545752,3.305752,-0.884248,-2.5142481,0.44575197,-0.34424806,1.9457519,0.935752,0.77575195
1.025752,-4.434248,-4.944248,-2.644248,1.3057519,0.12575196,-3.584248,-6.724248,-5.224248,-8.354248,-8.184248,-9.544248,-10.864248,-11.944248,-13.614248,5.535752,4.905752,4.765752,4.335752,2.9957519,4.675752,3.675752,-1.2142481,-3.454248,-3.404248,-5.654248,-8.564248,-4.684248,2.2457519,1.885752,0.745752,0.04575195,0.875752,1.005752,-1.914248,1.905752,3.465752,2.055752,3.305752,3.4957519,1.875752,-1.374248,-1.624248
3.605752,1.0657519,0.005751953,0.625752,-3.784248,-4.954248,-3.144248,-5.264248,-5.6142483,-7.604248,-7.764248,-8.014248,-9.524248,-10.324248,-15.484248,-3.134248,-4.244248,-3.474248,-1.1942481,2.145752,3.455752,4.535752,4.295752,1.4157519,-2.324248,-2.794248,-3.784248,-6.844248,-6.174248,2.945752,2.825752,2.855752,1.8257519,0.70575196,-2.0042481,-2.194248,-0.73424804,-1.624248,-3.364248,-1.854248,1.745752,0.76575196,-0.91424805
-6.034248,-5.994248,-3.7642481,-2.924248,-4.124248,-5.244248,-5.414248,-5.224248,-5.374248,-5.024248,-5.544248,-6.654248,-7.644248,-8.264248,-8.554248,-8.194248,-7.444248,-7.604248,-8.714248,-8.254248,-4.844248,2.945752,3.9857519,2.415752,-0.90424806,-1.3342481,-2.414248,-1.4542481,-3.314248,-5.8642483,-1.764248,2.895752,0.44575197,0.45575196,-0.71424806,-0.60424805,1.105752,1.385752,0.7957519,-2.214248,-0.59424806,0.15575196,-1.274248
-3.124248,-4.844248,-4.934248,-4.914248,-4.6142483,-5.714248,-5.764248,-5.494248,-4.374248,-6.024248,-6.8642483,-7.664248,-8.164248,-7.654248,-7.654248,-7.224248,-6.904248,-6.714248,-7.564248,-6.464248,-7.064248,-5.584248,-1.5542481,-1.2142481,-1.8342481,-0.10424805,0.685752,0.52575195,0.96575195,-1.3142481,-0.55424803,1.085752,0.52575195,-0.08424804,-0.26424804,3.425752,2.795752,2.585752,-3.464248,-0.16424805,-1.414248,-1.2042481,-1.624248
-1.5842481,-3.7442482,-2.584248,-4.084248,-2.224248,-3.154248,-3.944248,-3.454248,-4.594248,-4.984248,-6.984248,-7.1342483,-7.654248,-7.514248,-7.704248,-6.934248,-7.554248,-7.754248,-8.034248,-3.854248,-2.804248,-2.034248,-1.874248,-1.474248,-1.534248,-3.2742481,0.40575194,0.745752,1.715752,3.155752,2.2357519,1.995752,2.805752,4.105752,1.4157519,-2.0042481,-4.024248,1.105752,0.7957519,-3.0142481,-0.074248046,2.415752,2.315752
-4.484248,-5.174248,-3.924248,-3.854248,-4.184248,-4.184248,-5.394248,-3.5042481,-3.204248,-2.7442482,-4.014248,-5.334248,-4.404248,-3.064248,-6.604248,-6.914248,-6.004248,-6.314248,-6.184248,-6.174248,-5.254248,-4.434248,-1.904248,-2.0142481,-3.0042481,-3.194248,-2.404248,-0.21424805,-0.27424803,2.925752,6.835752,5.8657517,6.525752,4.695752,3.575752,2.825752,1.5757519,0.47575197,1.0657519,2.9957519,1.8157519,1.525752,0.37575194
-3.034248,-3.7742481,-2.924248,-2.704248,-3.2542481,-3.704248,-2.584248,-3.0042481,-3.5242481,-4.314248,-6.124248,-5.014248,-2.814248,-4.744248,-6.794248,-6.834248,-7.8642483,-8.384248,-6.8642483,-5.594248,-4.924248,-3.654248,-3.404248,-1.984248,-2.084248,-1.974248,-1.6942481,-0.55424803,-1.884248,3.155752,9.725752,5.785752,4.315752,2.155752,1.5657519,1.265752,1.855752,1.9157519,0.875752,1.265752,0.82575196,2.115752,1.265752
-2.824248,-3.204248,-3.154248,-3.614248,-3.0042481,-1.9242481,-1.474248,-1.104248,-1.4642481,-1.504248,-3.214248,-2.794248,-2.554248,-2.564248,-6.144248,-7.1142483,-7.724248,-7.674248,-7.264248,-6.014248,-5.954248,-2.164248,-0.14424805,0.055751953,0.72575194,-0.10424805,0.85575193,2.9957519,1.0357519,-2.4842482,-3.7442482,-4.524248,1.6757519,2.2357519,1.105752,0.77575195,0.5457519,0.555752,-2.9842482,1.615752,-0.5742481,-1.664248,-0.28424805
-1.9642481,-1.534248,-2.5042481,-3.594248,-4.6142483,-2.184248,-0.86424804,-1.3142481,-1.224248,-2.224248,-1.734248,-1.644248,-1.414248,-1.7142481,-2.724248,-6.944248,-7.654248,-7.504248,-6.414248,-4.724248,-3.7642481,-3.2542481,-2.414248,-1.4642481,-0.43424806,1.375752,3.135752,2.025752,1.365752,2.615752,4.215752,3.675752,1.085752,1.335752,1.1857519,1.255752,0.24575195,0.71575195,0.43575194,-0.97424805,0.17575195,0.615752,-0.58424807
-1.594248,-1.474248,-1.6942481,-2.684248,-4.034248,-2.614248,-2.434248,-1.6942481,-2.214248,-2.214248,-3.0042481,-1.5742481,-1.8242481,-1.234248,-0.44424805,-3.224248,-7.944248,-8.954248,-9.604248,-7.034248,-6.1142483,-5.464248,-3.9942482,-3.634248,-3.284248,-0.64424807,1.125752,0.90575194,0.89575195,-0.35424805,-0.35424805,0.22575195,1.765752,0.75575197,0.42575195,0.30575195,0.21575195,0.51575196,0.875752,1.5457519,1.615752,-0.06424805,-0.54424804
