wind.json
{"header": {"discipline":0,"disciplineName":"Meteorological products","gribEdition":2,"gribLength":1211,"center":7,"centerName":"US National Weather Service - NCEP(WMC)","subcenter":0,"refTime":"2023-06-28T00:00:00.000Z","significanceOfRT":1,"significanceOfRTName":"Start of forecast","productStatus":0,"productStatusName":"Operational products","productType":1,"productTypeName":"Forecast products","productDefinitionTemplate":0,"productDefinitionTemplateName":"Analysis/forecast at horizontal level/layer at a point in time","parameterCategory":2,"parameterCategoryName":"UnknownDiscipline_0_Category_2","parameterNumber":2,"parameterNumberName":"UnknownParameter_D0_C2_2","parameterUnit":"Unknown","genProcessType":2,"genProcessTypeName":"Forecast","forecastTime":300,"surface1Type":103,"surface1TypeName":"Specified height level above ground","surface1Value":10.0,"surface2Type":255,"surface2TypeName":"Missing","surface2Value":0.0,"gridDefinitionTemplate":0,"gridDefinitionTemplateName":"Latitude_Longitude","numberPoints":688,"shape":6,"shapeName":"Earth spherical with radius of 6,371,229.0 m","gridUnits":"degrees","resolution":48,"winds":"true","scanMode":64,"nx":43,"ny":16,"basicAngle":0,"lo1":45.0,"la1":40.0,"lo2":87.0,"la2":55.0,"dx":1.0,"dy":1.0}, "data":
[rows 0 to 15 of 16, columns 0 to 42 of 43]
-0.12615967,-3.4961596,-1.2361597,-6.0361595,-5.5661597,-3.7761598,0.73384035,1.2538403,5.2538404,-4.98616,-5.7661595,-4.7461596,-4.25616,-1.7461597,-4.4761596,-3.5861597,-5.13616,-3.9761596,-2.8961596,-3.5661597,-3.3161597,-1.2361597,-2.5061598,0.033840332,0.85384035,0.80384034,3.2838404,0.98384035,-0.08615967,2.1838403,1.1238403,1.4338403,1.7638403,0.44384032,0.20384033,0.79384035,0.35384032,1.1238403,2.4938402,0.6938403,-4.0661597,0.21384034,-3.7461596
-2.0461597,-4.90616,-2.8161597,0.43384033,1.0538403,-5.0961595,0.35384032,4.34384,7.1838403,-6.6661596,-3.8061597,-2.7461596,-0.20615967,-2.8461597,-0.83615965,-2.7561598,-3.7361596,-3.7961597,-1.9661597,-4.0961595,-3.6761596,-2.2461596,-0.25615966,-0.40615967,4.34384,-1.1561596,3.1738403,6.3338404,5.9638405,6.6838403,0.6538403,3.5338404,5.30384,-1.5461596,-1.5961597,-3.0461597,-2.1861596,-0.45615968,2.4738402,-1.1161597,1.0538403,-0.9261597,4.2538404
-2.8261597,0.5738403,0.7138403,-4.17616,-11.946159,-5.2461596,0.54384035,1.4338403,1.9038403,-4.65616,-3.6761596,-2.9461596,-4.75616,0.68384033,-4.2061596,-3.1861596,-1.9161596,-3.5661597,-1.7861596,-3.9561596,-6.5661597,-5.5661597,-4.3061595,-1.7661597,0.20384033,-1.2561597,-2.0261598,0.23384033,-1.3261597,0.14384033,-5.1061597,-2.6261597,0.99384034,1.0638404,0.33384034,0.25384033,0.73384035,-6.65616,-2.5461597,2.3838403,4.82384,-0.7261597,-0.58615965
1.2638403,0.84384036,-1.9761597,-4.5561595,-7.5361595,-4.8661594,-0.6161597,3.8838403,-3.6761596,-2.5761597,-4.48616,-1.8361597,-2.9861596,-4.4161596,-4.7261596,1.4438404,0.73384035,-2.3461597,-1.7761596,-2.9361596,-7.23616,-6.9961596,-5.0561595,-5.94616,-6.7861595,-5.6261597,-5.46616,-3.7561598,-0.9261597,2.0438404,2.4738402,-1.3861597,-0.45615968,-0.12615967,1.7638403,-0.26615965,3.4338403,0.42384034,2.2638404,0.16384034,5.1838403,1.3838403,0.9438403
2.5938404,-1.2461597,-8.486159,-5.50616,-4.4361596,-3.4561596,1.6338403,0.68384033,-1.1461596,-5.7861595,-5.1661596,-3.7561598,-2.2261596,-5.65616,-0.8061597,2.1238403,4.1638403,-0.90615964,-3.0461597,-3.3361597,-4.75616,-5.5361595,-5.65616,-7.5361595,-5.7861595,-6.3161597,-5.0661597,-5.0461597,-1.1761596,-5.0661597,-3.1161597,-0.90615964,1.3438404,3.3038404,7.8738403,9.7138405,6.8738403,-0.44615966,-0.20615967,-0.026159668,1.7238404,-1.8561597,0.68384033
2.4338403,2.4338403,-3.5661597,-4.27616,-1.7361597,1.5138403,4.0438404,-1.5561596,-4.92616,-5.63616,-3.5161598,-2.8161597,-1.6461596,-4.8261595,-1.9761597,2.6038404,3.9738402,0.26384032,-0.6161597,-1.3461597,-1.6061597,-3.5861597,-3.2761598,-5.6061597,-5.00616,-3.6461596,-7.6861596,-5.19616,-4.4561596,0.22384033,-4.8261595,-2.7761598,-1.8661597,0.23384033,-1.0161597,-0.7961597,-3.5561597,9.893841,10.763841,2.4738402,1.4738404,1.2538403,-3.8061597
0.47384033,3.2238402,-4.8161597,-1.2461597,-0.36615968,0.15384033,-2.3061597,-3.6261597,1.7838403,-2.7861598,0.35384032,-1.0361596,-0.42615968,-0.21615967,-0.5561597,-0.11615967,3.9138403,-0.37615967,-1.4761597,2.3138404,-1.8661597,0.24384034,-3.4361596,-3.8161597,1.5638404,-2.2661598,3.8638403,-2.8961596,-4.17616,-0.106159665,-0.026159668,-2.1561596,-2.0661597,-0.016159669,0.073840335,-0.21615967,4.6638403,2.4538403,6.86384,5.24384,0.30384034,2.0338404,0.86384034
0.9038403,1.0838404,-1.5961597,-0.006159668,-2.3061597,-0.48615968,-1.7261597,2.2738404,5.1338406,0.43384033,-1.4161596,-0.07615967,-2.3461597,-2.7261596,-0.39615968,-0.43615967,-3.1461596,-3.7861598,-0.89615965,-0.20615967,0.87384033,0.6438403,-2.5161598,0.5238403,-1.4261596,-4.2661595,0.9038403,-4.4961596,2.2138402,2.1238403,-0.9861597,-2.7161596,-1.9261596,-0.07615967,1.5938404,0.06384033,2.9638402,-2.4161596,-0.6661597,1.6438403,2.7538404,0.6438403,1.1138403
4.5438404,0.99384034,0.9438403,5.1738405,0.28384033,1.0738404,-0.37615967,3.9738402,1.6438403,-0.82615966,-1.0661597,0.003840332,-1.5861597,-2.1261597,-2.9261596,1.9138403,4.1338406,2.4738402,-1.3961596,-0.7361597,-5.19616,-3.5361598,-3.6961596,-1.0061597,-0.94615966,-0.69615966,1.0538403,0.73384035,5.1938405,-2.2961597,-0.23615967,-5.0361595,-2.7161596,-0.106159665,0.62384033,-0.11615967,0.23384033,2.4138403,5.55384,5.32384,8.473841,8.40384,4.84384
3.7338402,1.1938404,0.42384034,3.8738403,3.3938403,4.4538403,0.8238403,1.9638404,1.6238403,1.6438403,1.2938403,0.53384036,-1.3361597,-1.6561596,0.34384033,3.3438404,6.1838403,-6.5461597,-2.0061598,-1.8161597,-2.0261598,-1.5661597,-2.8061597,5.57384,-0.70615965,0.86384034,0.25384033,-4.3161597,-1.5061597,-3.8461597,-4.4161596,2.5438404,2.3138404,2.5638404,2.0038404,2.0538404,4.2038403,2.4838402,3.8738403,3.3838403,2.9938402,0.32384032,1.5838404
-1.8461597,4.2938404,7.4838405,-1.4361596,0.29384032,0.22384033,-0.5561597,5.8938403,3.5638404,3.6038404,1.6338403,1.0138403,-1.5761597,0.10384033,0.21384034,-0.41615966,-1.4361596,-2.6761596,0.55384034,2.3338404,-0.23615967,0.37384033,-1.1061597,-0.89615965,-1.0261596,1.4138403,1.3138404,-2.0261598,-2.8561597,-3.0461597,-2.4861596,-2.4861596,-0.31615967,1.4538404,4.4238405,5.0238404,5.1838403,2.7938404,2.9338403,3.4638402,0.38384032,-0.5461597,0.19384032
3.7138402,0.97384036,2.8038404,-2.9761596,-0.22615966,6.0438404,3.0138404,3.0738404,5.2738404,-0.71615964,0.033840332,-1.0961597,1.6438403,-3.6561596,0.33384034,-0.16615967,-1.4661597,-0.38615966,-0.95615965,-0.33615968,-0.44615966,-1.5661597,-1.5661597,-0.69615966,-1.3261597,-2.1561596,-1.1261597,-0.8461597,-0.63615966,-1.0561596,0.84384036,2.3638403,2.2738404,4.26384,5.6438403,1.4838403,2.0038404,1.2838403,-1.4061596,1.4538404,0.31384033,-0.26615965,-0.44615966
4.8838406,1.9338403,1.9838403,3.3438404,0.5638403,5.7938404,3.3338404,4.7338405,-1.8461597,-1.8561597,-0.87615967,-0.026159668,0.113840334,-3.3761597,-0.64615965,-2.5561597,-2.6961596,-1.9261596,-2.7061596,-2.5861597,-2.8461597,-2.7461596,-2.1161597,-0.48615968,-1.1461596,0.38384032,-1.9961597,0.73384035,1.7338403,2.0038404,3.9038403,0.67384034,1.9038403,1.7938403,2.4938402,1.3538404,2.6638403,1.9238403,1.8038403,0.45384035,-0.29615965,0.5638403,1.2538403
2.2138402,1.5938404,3.2438402,1.0038403,0.8238403,2.1338403,3.1138403,-0.09615967,-1.0661597,-2.1561596,-2.4961596,0.80384034,2.0538404,-2.0061598,-0.006159668,-0.016159669,-0.6861597,-1.4461597,-2.3761597,-2.1361597,-1.9161596,-2.6861596,-1.0661597,-0.52615964,-0.22615966,0.09384033,0.72384036,0.5638403,0.73384035,0.37384033,1.8238404,0.67384034,0.72384036,2.0638404,3.3738403,3.6738403,4.59384,3.0438404,3.1738403,0.72384036,1.2738403,3.4338403,1.3638403
-1.0861597,-1.5761597,0.37384033,1.0338403,-1.4861597,-2.3061597,-1.2261597,-4.1261597,-2.7161596,-1.0161597,-1.6061597,-0.5561597,1.5138403,2.3938403,-0.23615967,1.5038403,0.40384033,0.8238403,1.5838404,1.0738404,0.85384035,-1.2861596,-1.1961597,-0.14615966,1.8738403,2.0438404,1.4138403,2.1938403,2.4838402,3.2638404,1.2938403,3.1438403,4.30384,2.1738403,5.26384,4.49384,3.2438402,0.023840332,-0.47615966,2.5138404,1.5338403,-1.6361597,1.0738404
-0.70615965,-2.7361596,-0.52615964,-0.9261597,3.2438402,0.34384033,-3.9861596,-1.6561596,-1.7961596,-1.3361597,0.113840334,-1.1461596,1.0838404,-1.5961597,1.4538404,-0.42615968,-2.2561598,-2.5661597,1.1838403,2.4038403,0.92384034,1.4138403,1.5838404,1.7738403,2.9038403,2.9438403,2.3338404,5.03384,4.01384,4.8538404,0.79384035,2.7838404,3.9138403,4.5638404,6.1838403,4.11384,3.6538403,4.9038405,1.7638403,0.9038403,2.9838402,0.79384035,1.0138403
