wind_kz.json
{"header": {"discipline":0,"disciplineName":"Meteorological products","gribEdition":2,"gribLength":948,"center":7,"centerName":"US National Weather Service - NCEP(WMC)","subcenter":0,"refTime":"2023-08-21T18:00:00.000Z","significanceOfRT":1,"significanceOfRTName":"Start of forecast","productStatus":0,"productStatusName":"Operational products","productType":1,"productTypeName":"Forecast products","productDefinitionTemplate":0,"productDefinitionTemplateName":"Analysis/forecast at horizontal level/layer at a point in time","parameterCategory":0,"parameterCategoryName":"UnknownDiscipline_0_Category_0","parameterNumber":0,"parameterNumberName":"UnknownParameter_D0_C0_0","parameterUnit":"Unknown","genProcessType":2,"genProcessTypeName":"Forecast","forecastTime":60,"surface1Type":1,"surface1TypeName":"Ground or water surface","surface1Value":0.0,"surface2Type":255,"surface2TypeName":"Missing","surface2Value":0.0,"gridDefinitionTemplate":0,"gridDefinitionTemplateName":"Latitude_Longitude","numberPoints":615,"shape":6,"shapeName":"Earth spherical with radius of 6,371,229.0 m","gridUnits":"degrees","resolution":48,"winds":"true","scanMode":64,"nx":41,"ny":15,"basicAngle":0,"lo1":47.0,"la1":41.0,"lo2":87.0,"la2":55.0,"dx":1.0,"dy":1.0}, "data":
[rows 0 to 14 of 15, columns 0 to 40 of 41]
307.91125,297.41125,304.61127,300.11127,300.01126,298.91125,313.71124,321.11127,318.61127,319.11127,318.11127,320.21124,320.61127,321.41125,322.51126,324.01126,325.11127,322.91125,330.01126,327.01126,326.01126,321.21124,324.21124,317.61127,319.81125,319.41125,315.21124,305.01126,302.31125,302.71124,302.01126,298.41125,307.61127,320.61127,320.41125,319.71124,316.81125,324.61127,322.01126,327.01126,328.41125
289.21124,308.11127,299.71124,299.81125,299.71124,298.81125,323.71124,319.91125,318.51126,318.21124,319.31125,318.01126,318.11127,316.61127,320.31125,323.31125,325.21124,326.01126,326.41125,328.31125,328.61127,322.31125,321.31125,311.61127,303.31125,301.31125,311.21124,301.91125,304.51126,294.01126,300.61127,292.51126,303.81125,277.01126,295.11127,316.01126,319.31125,318.81125,321.01126,313.61127,286.01126
309.31125,299.31125,299.81125,299.81125,298.61127,315.51126,316.61127,318.81125,318.71124,316.91125,316.31125,317.01126,315.51126,315.51126,317.31125,320.61127,321.91125,322.51126,326.01126,326.71124,329.91125,323.41125,323.11127,317.31125,320.21124,319.01126,318.91125,318.51126,316.91125,308.61127,296.71124,292.01126,304.81125,311.51126,307.91125,306.91125,298.21124,295.01126,298.81125,296.31125,292.01126
311.21124,300.71124,300.11127,299.11127,301.41125,312.81125,307.21124,301.61127,314.81125,317.01126,316.71124,314.91125,296.31125,295.51126,313.91125,317.81125,317.31125,321.51126,324.91125,325.81125,321.41125,318.51126,322.01126,321.91125,325.11127,324.01126,324.41125,322.41125,322.01126,324.91125,325.01126,320.81125,322.51126,327.91125,321.01126,313.81125,299.61127,296.61127,301.01126,316.11127,320.71124
311.81125,300.11127,300.51126,300.11127,305.01126,311.61127,314.81125,314.91125,313.01126,300.91125,317.01126,315.81125,296.41125,295.01126,292.41125,314.41125,316.01126,314.21124,317.71124,312.61127,320.11127,322.11127,322.41125,322.11127,323.41125,324.61127,323.51126,316.61127,324.71124,324.81125,323.81125,322.21124,305.91125,294.01126,308.21124,319.91125,313.71124,327.01126,326.51126,322.01126,322.61127
309.91125,309.31125,298.61127,299.41125,300.01126,299.41125,313.41125,314.01126,307.11127,302.61127,299.51126,315.31125,298.31125,295.41125,302.51126,310.01126,314.01126,314.71124,317.31125,317.81125,317.81125,316.51126,320.81125,320.41125,321.81125,320.51126,317.31125,294.81125,323.51126,321.41125,325.11127,320.81125,324.41125,325.81125,313.71124,312.41125,308.01126,310.91125,326.51126,324.11127,323.21124
307.31125,308.71124,311.01126,312.61127,307.51126,312.61127,314.61127,312.41125,304.01126,308.81125,307.51126,305.61127,310.41125,310.71124,311.31125,307.71124,310.41125,312.21124,314.01126,314.71124,316.31125,313.81125,317.21124,318.21124,316.21124,316.51126,318.41125,314.11127,318.31125,320.31125,320.21124,320.61127,323.01126,320.31125,320.61127,314.81125,309.31125,307.11127,304.01126,299.41125,316.01126
306.41125,308.01126,309.01126,301.31125,311.71124,302.91125,304.51126,297.61127,293.71124,296.11127,298.21124,309.01126,310.51126,309.11127,309.21124,308.91125,309.71124,309.81125,310.91125,311.11127,312.01126,315.01126,305.71124,306.51126,314.21124,312.01126,312.01126,311.41125,310.41125,313.71124,312.61127,314.61127,317.01126,313.81125,314.41125,321.61127,320.41125,290.41125,317.51126,319.81125,314.41125
305.51126,305.41125,307.51126,308.51126,310.41125,307.21124,298.21124,307.11127,308.91125,309.71124,309.01126,308.61127,308.71124,308.21124,306.31125,307.31125,306.71124,308.61127,307.61127,308.41125,307.81125,309.21124,310.91125,311.91125,310.41125,311.51126,308.91125,305.21124,306.21124,304.31125,307.41125,308.61127,312.61127,314.51126,315.31125,310.91125,309.71124,308.41125,301.21124,295.31125,297.91125
302.61127,304.51126,305.51126,304.81125,303.61127,299.51126,293.71124,293.81125,295.71124,302.01126,304.01126,304.11127,308.41125,306.31125,304.11127,303.71124,304.11127,300.51126,302.61127,305.91125,304.71124,306.81125,307.91125,310.01126,305.91125,294.81125,307.41125,305.01126,301.71124,305.01126,310.31125,311.31125,315.41125,316.31125,315.51126,312.21124,304.01126,298.91125,298.91125,299.01126,298.01126
300.81125,296.11127,295.71124,293.21124,298.81125,295.11127,299.31125,301.31125,302.61127,302.61127,301.51126,304.91125,302.11127,303.71124,303.01126,302.91125,301.51126,301.71124,294.61127,290.11127,295.01126,302.91125,304.81125,304.41125,297.31125,307.71124,301.61127,297.51126,299.51126,306.81125,309.31125,314.21124,312.81125,311.71124,309.61127,306.41125,299.81125,298.91125,299.91125,298.21124,298.11127
292.71124,299.31125,302.41125,300.41125,298.61127,297.91125,290.51126,295.21124,298.81125,299.11127,295.11127,297.51126,299.11127,299.31125,298.91125,298.21124,299.21124,298.91125,298.01126,293.21124,289.01126,289.01126,292.21124,295.51126,294.31125,296.81125,292.21124,294.81125,304.71124,303.61127,305.41125,304.81125,310.31125,308.91125,307.41125,307.11127,305.41125,306.71124,304.41125,304.51126,302.81125
287.61127,292.71124,291.81125,292.41125,297.51126,294.81125,295.91125,296.91125,297.41125,297.21124,290.91125,285.91125,296.61127,294.71124,295.91125,295.91125,295.61127,295.51126,296.31125,295.21124,286.81125,285.41125,284.91125,287.41125,289.81125,296.91125,303.51126,296.11127,300.11127,301.31125,306.11127,308.11127,309.61127,309.91125,308.01126,303.81125,304.51126,303.91125,303.01126,301.51126,301.51126
295.31125,297.01126,292.21124,297.01126,297.21124,299.71124,296.81125,295.31125,294.01126,289.61127,290.11127,288.41125,288.61127,290.61127,292.41125,292.31125,294.51126,295.11127,295.91125,293.71124,291.61127,288.11127,285.71124,285.91125,286.51126,289.41125,290.11127,291.51126,297.41125,294.11127,302.41125,307.21124,308.01126,306.01126,305.71124,304.71124,303.51126,302.81125,302.91125,300.51126,300.11127
285.91125,286.31125,291.31125,284.31125,294.21124,295.51126,293.91125,293.71124,295.51126,296.51126,292.41125,291.61127,288.21124,290.41125,292.21124,293.41125,294.21124,294.71124,295.31125,294.61127,295.21124,295.51126,297.21124,293.41125,285.71124,285.01126,286.01126,292.51126,296.71124,294.81125,294.81125,292.91125,302.71124,303.61127,302.81125,302.91125,304.01126,301.91125,303.91125,302.71124,301.51126
