wind_kz.json
{"header": {"discipline":0,"disciplineName":"Meteorological products","gribEdition":2,"gribLength":1025,"center":7,"centerName":"US National Weather Service - NCEP(WMC)","subcenter":0,"refTime":"2023-09-11T00:00:00.000Z","significanceOfRT":1,"significanceOfRTName":"Start of forecast","productStatus":0,"productStatusName":"Operational products","productType":1,"productTypeName":"Forecast products","productDefinitionTemplate":0,"productDefinitionTemplateName":"Analysis/forecast at horizontal level/layer at a point in time","parameterCategory":2,"parameterCategoryName":"UnknownDiscipline_0_Category_2","parameterNumber":3,"parameterNumberName":"UnknownParameter_D0_C2_3","parameterUnit":"Unknown","genProcessType":2,"genProcessTypeName":"Forecast","forecastTime":240,"surface1Type":103,"surface1TypeName":"Specified height level above ground","surface1Value":10.0,"surface2Type":255,"surface2TypeName":"Missing","surface2Value":0.0,"gridDefinitionTemplate":0,"gridDefinitionTemplateName":"Latitude_Longitude","numberPoints":615,"shape":6,"shapeName":"Earth spherical with radius of 6,371,229.0 m","gridUnits":"degrees","resolution":48,"winds":"true","scanMode":64,"nx":41,"ny":15,"basicAngle":0,"lo1":47.0,"la1":41.0,"lo2":87.0,"la2":55.0,"dx":1.0,"dy":1.0}, "data":
[rows 0 to 14 of 15, columns 0 to 40 of 41]
-1.5483277,-0.81832767,0.19167237,-5.0683274,-5.1183276,-1.6383276,0.79167235,1.1716723,-0.26832762,-0.63832766,-2.0683277,-1.1683277,-0.058327638,-0.07832763,-0.008327637,-1.6283276,-1.9783276,-1.4983276,-2.3183277,-1.2183276,0.09167236,0.041672364,-0.008327637,-1.1483276,-0.94832766,-1.4683276,-1.5383277,0.43167236,2.8316724,4.7316723,1.0116724,1.1316724,0.071672365,-1.2683276,-1.5483277,-1.7883277,-1.8883276,-0.8783276,2.5416725,3.2416723,0.8316724
3.4716723,1.7816724,-1.0183276,-2.6483276,-1.7983277,-0.14832763,-2.0883276,1.4716724,0.05167236,0.18167236,-1.1583276,-1.9083276,-1.1183276,-0.58832765,-2.6783276,-1.0983276,-0.25832763,-1.7083277,-2.2483277,-1.8183277,-0.43832764,-2.6783276,0.90167236,1.4316723,-2.4883277,-3.1283276,-3.6783276,1.1316724,0.35167235,2.2916725,4.9616723,6.2416725,-0.9183276,-1.5283276,-4.438328,-1.7983277,-2.3283277,-3.3583276,0.071672365,-1.4983276,-0.6783276
1.9516723,1.9416723,1.3816724,0.98167235,0.061672363,-0.25832763,-0.8583276,-0.48832762,0.20167236,0.48167238,-0.33832765,0.37167236,-0.57832766,-1.0683277,-0.6883276,-0.72832763,-1.3783276,-1.9383277,-0.96832764,-1.6083276,-1.5483277,-2.5583277,-2.7383277,-1.0283276,0.7616724,0.101672366,0.40167236,0.44167235,-0.048327636,2.2816725,5.101672,2.4716723,2.6316724,-0.75832766,-0.28832763,3.0216722,6.9916725,1.5316724,0.84167236,-0.89832765,0.41167235
1.1016724,0.041672364,3.3216724,1.8016723,-1.1183276,0.37167236,1.0216724,1.4816724,1.7216724,1.8416724,0.71167237,-0.21832764,-1.3583276,0.011672364,-0.95832765,-0.6883276,-0.5483276,-1.7283276,-0.7983276,-3.2283278,0.16167237,-1.3983276,1.9616723,-0.39832765,-0.97832763,-1.2883277,-1.6983277,-1.2583276,1.9616723,2.5316725,-0.7383276,-0.23832764,-0.9883276,-0.30832765,-0.34832764,-3.8783276,-2.8983276,2.2516723,4.5716724,0.8716724,1.1816723
0.66167235,1.1716723,4.371672,4.0216722,2.1616724,3.2316723,1.4116724,1.4416723,2.2016723,1.3416724,1.2016723,0.72167236,-1.7883277,-1.7483276,-1.6683277,-0.9283276,-0.09832764,-0.27832764,-0.47832763,-1.0483277,-0.9383276,-0.7483276,-1.5383277,-1.5183276,-1.1083276,-0.9883276,-1.2483276,-0.8783276,-1.0483277,-1.3483276,-1.5083276,-0.058327638,1.7916723,3.6716723,-0.9983276,-0.82832766,0.65167236,-1.9783276,0.7616724,1.8916724,1.5916724
1.8816724,0.5016724,3.0816724,4.2616725,4.1616726,2.8216724,0.38167235,1.6616724,3.2616723,2.6216724,3.2216723,2.3716724,2.5716724,2.6716723,0.15167236,-0.9883276,-0.5483276,-0.21832764,-0.9883276,0.93167233,-0.6883276,0.52167237,1.1516724,-1.1383276,0.25167236,-0.6183276,-1.6583276,-1.3383276,-1.7383276,-1.8383276,-1.9183277,-1.5983276,-1.6083276,-1.9383277,1.6516724,2.4416723,4.061672,2.6516724,0.6216724,0.5816724,2.0916724
3.4916723,2.6116724,2.7416723,2.9516723,3.5616724,3.2416723,1.9916724,0.25167236,2.7716722,4.5116725,4.1516724,3.6716723,2.8716724,3.0916724,2.3216724,0.96167237,-0.17832763,0.97167236,0.8916724,0.35167235,0.66167235,0.99167234,1.4116724,2.5016723,1.5116724,0.97167236,-0.75832766,-1.5483277,-2.3583276,-0.35832763,-1.2383276,-2.1783276,-2.1383276,-0.57832766,-1.1083276,-2.5883276,-3.6983275,-1.2583276,0.8316724,0.08167236,-0.37832764
3.2816725,3.6916723,2.8716724,3.5616724,3.0216722,2.7216723,2.3216724,2.5516725,1.4716724,2.1016724,3.9316723,5.9616723,3.5216722,2.8216724,2.6216724,2.7416723,2.2416723,2.2316723,2.5316725,2.4116724,1.3116723,0.47167236,0.071672365,2.1016724,3.3016725,2.4116724,3.0916724,0.96167237,-0.20832764,-2.6283276,-0.89832765,-1.7283276,-0.75832766,-1.6283276,1.0516723,-0.58832765,0.18167236,0.67167234,-1.1083276,0.35167235,-1.4183277
3.1816723,2.6216724,2.2216723,2.9416723,3.3716724,3.5216722,3.4116724,3.2116723,2.4916723,2.9316723,2.8916724,3.3716724,2.7416723,3.0216722,2.3216724,2.6716723,3.7716722,3.8516724,3.4916723,4.2316723,3.3216724,3.1216724,2.7716722,1.5216724,2.2216723,3.1716723,1.7416724,1.8416724,0.8716724,1.2916723,1.4216723,1.2716724,1.5716723,1.9216723,2.5016723,1.0016724,-2.9783278,-0.34832764,0.90167236,0.29167235,-0.8583276
-1.9883276,-2.6083276,-3.0583277,-3.4683275,-3.5483277,-2.3983276,2.1716723,2.2716722,4.141672,4.5216722,3.4716723,3.9516723,4.4216723,4.4816723,4.081672,3.3116724,2.9416723,4.0516725,4.1616726,4.4416723,5.081672,4.5916724,3.7416723,4.1816726,3.9816723,3.5916724,3.2016723,1.8116723,2.9816723,2.7016723,2.7816725,1.9916724,2.1116724,1.8116723,1.2016723,1.0316724,0.53167236,-2.5283277,-0.6283276,2.7816725,2.3916724
-4.1983275,-5.378328,-4.4883275,-4.8683276,-4.858328,-4.4783278,-2.3183277,-3.1683276,-2.0783277,-2.3283277,3.6316724,6.3816724,5.541672,6.601672,5.5916724,4.5116725,4.6916723,4.0316725,3.6716723,5.4016724,5.9316726,4.641672,4.1716723,4.5516725,3.8216724,3.2916725,2.1716723,2.3316724,2.7216723,2.8816724,4.391672,3.8916724,3.3616724,2.3716724,1.8816724,1.0216724,0.46167237,2.3516724,1.4216723,1.4316723,0.39167237
-2.9683275,-3.8283277,-4.5983276,-3.0083277,-3.6383276,-4.628328,-3.4483275,-2.9183276,-3.6683276,-2.7583277,0.77167237,1.4316723,2.2616723,3.3716724,5.871672,6.4216723,6.7016726,5.2416725,4.0516725,4.0716724,5.101672,4.7416725,4.3216724,4.1716723,3.9016724,3.4216723,3.8116724,3.5516725,2.4316723,2.5016723,4.0516725,4.3416724,2.9416723,3.0616724,2.0016723,1.2416724,0.92167234,2.6116724,2.4416723,2.0916724,1.1216724
-2.1883276,-2.3083277,-2.4483275,-2.4583275,-2.7083275,-1.9483277,-2.5383277,-3.3183277,-4.0583277,-3.7383277,-0.84832764,-0.39832765,-3.3483276,2.8216724,3.2316723,0.31167236,3.2616723,4.9416723,4.1116724,3.6616724,5.0216722,6.3216724,6.4116726,5.351672,4.5216722,3.8016725,3.4816723,2.4116724,2.2316723,2.2216723,3.5616724,4.2716722,3.5716724,2.9416723,2.8116724,2.6116724,1.2316724,0.79167235,1.3516724,0.9416724,1.1916723
-2.3783276,-2.9183276,-3.6883276,-2.0683277,-1.7583276,-1.4983276,-1.4283277,-2.4483275,-2.0083277,-1.3983276,-1.2783276,-0.44832763,-2.4383276,-4.438328,-1.5383277,0.6416724,2.1816723,-0.6083276,-1.4883276,-0.22832763,3.5916724,4.5116725,5.041672,5.5116725,4.351672,3.8216724,2.8716724,2.9016724,2.4716723,3.0216722,3.6016724,4.2416725,4.4216723,3.7416723,2.0516725,2.1616724,1.6216724,0.26167238,0.40167236,1.4016724,1.6916723
-1.9283277,-2.7883277,-4.9483275,-2.7383277,-2.5183277,-1.8183277,-1.4583277,-1.3983276,-1.7983277,-0.6183276,-0.50832766,0.67167234,0.53167236,-0.9983276,-2.6983275,-3.5883276,-4.168328,-0.21832764,-0.56832767,2.0816724,2.2116723,2.8816724,3.2816725,3.9916723,4.2616725,4.0216722,3.6316724,3.3216724,3.2616723,3.2616723,3.4816723,4.041672,2.9416723,2.8616724,3.1916723,3.1616724,2.2116723,2.0316725,1.0816723,0.41167235,0.84167236
