wind_kz.json
{"header": {"discipline":0,"disciplineName":"Meteorological products","gribEdition":2,"gribLength":1025,"center":7,"centerName":"US National Weather Service - NCEP(WMC)","subcenter":0,"refTime":"2024-03-19T06:00:00.000Z","significanceOfRT":1,"significanceOfRTName":"Start of forecast","productStatus":0,"productStatusName":"Operational products","productType":1,"productTypeName":"Forecast products","productDefinitionTemplate":0,"productDefinitionTemplateName":"Analysis/forecast at horizontal level/layer at a point in time","parameterCategory":2,"parameterCategoryName":"UnknownDiscipline_0_Category_2","parameterNumber":3,"parameterNumberName":"UnknownParameter_D0_C2_3","parameterUnit":"Unknown","genProcessType":2,"genProcessTypeName":"Forecast","forecastTime":120,"surface1Type":103,"surface1TypeName":"Specified height level above ground","surface1Value":10.0,"surface2Type":255,"surface2TypeName":"Missing","surface2Value":0.0,"gridDefinitionTemplate":0,"gridDefinitionTemplateName":"Latitude_Longitude","numberPoints":615,"shape":6,"shapeName":"Earth spherical with radius of 6,371,229.0 m","gridUnits":"degrees","resolution":48,"winds":"true","scanMode":64,"nx":41,"ny":15,"basicAngle":0,"lo1":47.0,"la1":41.0,"lo2":87.0,"la2":55.0,"dx":1.0,"dy":1.0}, "data":
[rows 0 to 14 of 15, columns 0 to 40 of 41]
2.8756738,0.8856738,-1.2643262,-3.534326,-3.0643263,-2.8643262,0.32567382,3.1756737,1.9156739,2.745674,-0.14432617,-0.0043261717,-0.56432617,-3.524326,-1.3643261,-1.3643261,-0.6743262,-0.7243262,-2.3743262,-1.7143261,1.2856739,1.5356739,-0.04432617,-0.69432616,-0.76432616,-0.89432615,0.35567382,0.54567385,-0.27432618,0.16567382,0.67567384,2.6556737,-0.63432616,-0.12432617,-1.1143261,-0.95432615,-0.57432616,-0.6143262,-0.96432614,0.68567383,1.7856739
3.5656738,0.5756738,-2.6543262,-3.494326,-4.074326,-0.9943262,0.66567385,6.2256737,5.905674,4.4556737,2.0556738,1.3856739,1.1456739,0.43567383,-0.6043262,-0.5943262,0.04567383,-0.69432616,-0.6143262,-1.5643262,-1.2643262,-1.0943261,-1.2443261,2.195674,2.3256738,2.0956738,1.1156738,-0.27432618,-0.9143262,2.1456738,0.055673826,3.005674,1.3056738,-1.0243262,1.6556739,1.3956739,1.7756739,1.7956738,0.98567384,1.9556738,-0.034326173
0.22567382,-0.88432616,-2.9243262,-4.414326,-2.8543262,-0.11432617,2.3256738,2.9156737,3.8556738,2.955674,1.1556739,1.0256739,-0.024326172,0.28567383,-0.81432617,-1.5943261,-1.7143261,-1.6243262,-1.9743261,-3.024326,-2.3243263,-1.5943261,0.92567384,1.0056739,-1.8743262,-2.9143262,-1.9443262,-0.69432616,-0.19432618,-0.024326172,-2.034326,-0.47432616,1.1856738,-0.23432617,0.8356738,-1.4643261,-0.5543262,1.8656738,-0.28432617,0.8456738,-0.064326175
-0.054326173,-2.1643262,-4.0243263,-6.1943264,-2.004326,-1.5243262,1.3556738,0.9656738,2.445674,2.0856738,1.1956738,0.30567384,-0.51432616,-0.14432617,0.25567383,-0.5443262,-1.4243262,-1.7343261,-2.044326,-2.9243262,-1.7343261,1.0856738,-0.8643262,-1.8243262,-2.6043262,-2.4643261,-2.7243261,0.42567384,-1.5543262,-2.3543262,4.505674,1.6956738,1.3956739,0.5256738,0.44567382,0.075673826,1.8856739,3.985674,-1.8843262,-1.1643262,0.17567383
-0.6143262,-1.3443261,-2.7243261,-4.3343263,-2.9243262,0.06567383,1.1556739,1.7556739,1.6456739,1.0056739,1.5156739,1.1556739,0.46567383,-0.9243262,1.2656739,1.1056738,-0.9043262,-1.4843261,-1.8843262,-3.0643263,-1.2443261,0.075673826,-0.32432616,-1.0743262,-1.3443261,-1.9743261,-2.024326,-4.184326,-1.3143262,-0.39432618,-1.3243262,-1.6043261,2.1256738,2.945674,0.35567382,0.43567383,1.6056738,-1.0443262,-0.8543262,0.32567382,0.5056738
0.04567383,-0.64432615,-1.4143262,-1.8943262,-1.9343262,-1.6143261,0.08567383,0.78567386,0.6956738,0.43567383,0.62567383,1.1656739,1.1456739,0.25567383,-0.27432618,0.80567384,0.8956738,0.025673829,-0.2943262,-0.87432617,-0.44432616,-0.58432615,-0.07432617,-0.6143262,-1.1643262,-1.5743262,-2.514326,-2.774326,-3.6443262,-3.0843263,-2.4743261,-3.034326,-2.244326,-2.0643263,0.17567383,3.8256738,0.8456738,2.1156738,1.3856739,0.015673827,1.7356738
-0.7843262,-0.9943262,0.44567382,-0.81432617,-0.9343262,-1.1543262,-1.5243262,-0.75432616,0.68567383,-0.30432618,-0.10432617,-0.014326172,2.9356737,1.7356738,0.20567383,0.35567382,0.04567383,0.8256738,0.44567382,0.5956738,0.025673829,-1.2543262,-0.5543262,-0.22432618,-0.25432616,-1.2743262,-1.3243262,-2.8243263,-2.514326,-0.6043262,0.93567383,0.24567384,-0.83432615,-0.44432616,0.37567383,-0.6543262,0.72567385,2.995674,0.7556738,2.455674,5.7256737
-0.47432616,-0.77432615,-0.9143262,-0.56432617,-0.63432616,-0.7343262,-1.4543262,-1.4943261,-0.49432617,-0.7343262,-0.9343262,0.16567382,0.87567383,1.9556738,0.32567382,0.38567382,0.25567383,0.6556738,0.8956738,2.1456738,1.5156739,1.1156738,0.28567383,1.0056739,1.7756739,0.5656738,-0.6543262,-1.1643262,-1.3043262,-1.6043261,1.1156738,0.5056738,0.66567385,1.2556739,0.5156738,-0.21432617,-1.0843261,-1.3743262,-0.28432617,1.5456738,1.2556739
0.37567383,-0.20432617,-0.33432618,-0.25432616,-0.63432616,-1.2343261,-1.3743262,-0.87432617,0.20567383,0.7056738,0.33567384,0.72567385,0.6556738,0.72567385,-0.28432617,0.005673828,0.23567383,0.29567382,0.8456738,1.9556738,1.2556739,1.2656739,2.3156738,1.8356738,1.5456738,1.5956738,1.3656738,1.4756738,0.7156738,0.74567384,1.8656738,3.2856739,1.6956738,3.0956738,2.8856738,4.0156736,0.42567384,-0.024326172,2.6056738,2.3156738,1.8256738
0.5856738,0.5256738,0.38567382,0.26567382,0.08567383,-0.5543262,-0.46432617,0.91567385,0.8956738,0.54567385,0.08567383,0.12567383,0.7656738,-0.16432618,0.6356738,0.72567385,1.2356738,1.3556738,1.3556738,2.0156739,2.8856738,2.7756739,1.6256738,2.215674,2.4356737,2.475674,2.225674,2.0456738,1.6656739,2.0556738,1.1856738,1.7856739,1.7456738,3.1056738,4.2656736,1.7056738,1.5856738,1.2556739,1.2956738,1.6956738,3.5956738
1.7456738,1.5156739,1.1056738,1.0956738,0.46567383,1.2356738,0.66567385,0.60567385,1.2556739,1.2456738,1.4456738,0.93567383,0.87567383,1.5356739,1.0056739,1.5656738,1.9956738,2.6156738,3.8256738,3.725674,3.495674,3.0656738,2.495674,3.6756737,3.3756738,3.6756737,3.245674,2.725674,2.8356738,2.6456738,2.1656737,1.4356738,2.1256738,3.745674,5.105674,3.5156739,3.6056738,2.0956738,3.8156738,1.8756738,1.2656739
0.37567383,1.8556738,1.3856739,1.6456739,1.4456738,1.8556738,1.7856739,2.0656738,2.725674,2.195674,1.0356739,0.60567385,2.3456738,2.715674,2.3356738,3.1256738,3.255674,2.995674,4.7656736,4.4356737,4.405674,3.8756738,4.0556736,4.0156736,3.985674,3.7856739,5.095674,3.5356739,2.1456738,1.5756738,2.955674,3.1556737,3.195674,3.8356738,4.345674,5.5556736,4.525674,2.9156737,0.18567383,0.9556738,0.26567382
1.5556738,2.5456738,3.3256738,2.5756738,2.695674,1.7656739,2.695674,3.9056737,3.7656739,3.9356737,1.4156739,0.7556738,1.0356739,2.945674,2.725674,3.3656738,3.695674,3.8156738,5.365674,4.635674,6.155674,5.585674,4.845674,4.655674,4.1456738,4.9356737,4.385674,4.025674,4.045674,3.8156738,3.9156737,3.8456738,3.6756737,3.8656738,3.995674,4.235674,4.505674,2.7656739,3.5656738,3.6356738,1.8656738
2.455674,2.6656737,1.8856739,3.225674,2.5956738,2.725674,3.5456738,3.5656738,4.355674,5.095674,3.1356738,0.5956738,1.4156739,3.5956738,2.6556737,4.0356736,3.3556738,4.3056736,4.525674,5.195674,5.2856736,5.775674,4.865674,4.365674,4.155674,3.975674,4.075674,4.065674,4.215674,4.425674,4.4356737,4.2856736,4.565674,4.355674,3.8956738,4.425674,3.955674,3.7856739,3.7956738,3.945674,3.955674
1.6756738,1.5156739,1.5756738,2.485674,2.3556738,3.235674,3.2756739,3.3256738,3.4156737,3.0656738,4.2056737,4.465674,2.0756738,1.1856738,2.255674,3.975674,4.885674,4.315674,5.3956738,5.2856736,5.325674,5.525674,5.585674,5.155674,4.9356737,5.085674,5.095674,4.865674,4.8056736,4.625674,4.825674,5.075674,4.465674,4.5356736,4.2856736,3.725674,4.9356737,4.585674,3.3556738,4.375674,3.975674
