wind_kz.json
{"header": {"discipline":0,"disciplineName":"Meteorological products","gribEdition":2,"gribLength":1025,"center":7,"centerName":"US National Weather Service - NCEP(WMC)","subcenter":0,"refTime":"2024-04-08T12:00:00.000Z","significanceOfRT":1,"significanceOfRTName":"Start of forecast","productStatus":0,"productStatusName":"Operational products","productType":1,"productTypeName":"Forecast products","productDefinitionTemplate":0,"productDefinitionTemplateName":"Analysis/forecast at horizontal level/layer at a point in time","parameterCategory":2,"parameterCategoryName":"UnknownDiscipline_0_Category_2","parameterNumber":3,"parameterNumberName":"UnknownParameter_D0_C2_3","parameterUnit":"Unknown","genProcessType":2,"genProcessTypeName":"Forecast","forecastTime":0,"surface1Type":103,"surface1TypeName":"Specified height level above ground","surface1Value":10.0,"surface2Type":255,"surface2TypeName":"Missing","surface2Value":0.0,"gridDefinitionTemplate":0,"gridDefinitionTemplateName":"Latitude_Longitude","numberPoints":615,"shape":6,"shapeName":"Earth spherical with radius of 6,371,229.0 m","gridUnits":"degrees","resolution":48,"winds":"true","scanMode":64,"nx":41,"ny":15,"basicAngle":0,"lo1":47.0,"la1":41.0,"lo2":87.0,"la2":55.0,"dx":1.0,"dy":1.0}, "data":
[rows 0 to 14 of 15, columns 0 to 40 of 41]
0.8586865,1.0186865,-0.8413135,-3.6713135,-4.2013135,-6.3713136,-1.9513135,-4.5613136,-4.0113134,-7.6613135,-2.1013136,-1.2313135,0.63868654,-1.4813135,-9.051313,-7.5313134,-6.5913134,-3.1613135,-4.2013135,-3.2613134,-0.7213135,-1.1113135,-2.8313134,1.1186866,2.7186866,1.0686865,-1.3313135,1.2086865,-1.6013135,-0.5113135,-2.0013134,2.1186864,-2.1113136,1.5586865,-0.031313475,0.038686525,-1.3913134,0.56868654,-1.6813135,1.7286866,2.8086865
-2.1213136,3.8686864,2.2286866,-0.18131347,-2.4913135,-5.1113133,-2.8513136,-2.9113135,-2.4113135,-3.4913135,-4.2413135,-4.3413134,-4.2113132,-7.2813134,-2.4413135,-5.9313135,-6.1313133,-4.7513137,-5.6113133,-2.9013135,-2.7413135,-2.2113135,-2.1713135,0.5886865,0.7786865,-0.44131348,0.008686524,-0.081313476,0.62868655,1.9886866,4.0086865,2.6786866,-0.48131347,-2.2713134,-3.5513134,2.6186864,1.4186865,-2.9613135,-0.7213135,-0.15131348,1.5686865
2.1786866,1.7286866,0.048686523,-1.9213135,-2.9613135,-2.5813134,-3.7313135,-4.5013137,-4.4013133,-3.9613135,-4.3213134,-4.1113133,-3.8213134,-6.5913134,-5.6013136,-4.7913136,-4.1213136,1.2186866,2.4886866,-1.2513134,-2.2813134,-1.0913135,-0.7813135,1.4986866,-2.6113136,-1.7613134,-0.7713135,-1.9113135,-3.1413136,-0.87131345,1.2286866,1.5486865,2.1586866,1.5586865,0.40868652,-0.47131348,0.6586865,0.2886865,-0.31131348,0.27868652,0.9286865
1.3086865,0.56868654,-0.18131347,-2.0313134,-1.3913134,-3.7013135,-4.1413136,-4.9013133,-4.9213133,-5.3313136,-5.2213135,-4.3013134,-0.22131348,-3.3613136,-5.5013137,-5.5913134,-4.8813133,-3.3713136,-3.1413136,-1.2013135,0.74868655,2.0986865,-5.5513134,-5.9413133,-1.2413135,0.81868654,0.87868655,1.3186865,1.3986865,3.1886866,3.1386864,1.1086866,0.36868653,-1.2713134,-0.24131347,0.42868653,1.6086866,2.5886865,-0.44131348,-1.2113135,-0.7213135
2.0386865,1.5186865,-0.18131347,-1.3713135,-4.6613135,-4.7813134,-5.5113134,-4.6613135,-5.5613136,-5.5313134,-5.7213135,-5.2313137,2.3386865,0.48868653,-0.98131347,-2.6013136,-2.2613134,-2.3513136,-1.6613135,-2.4613135,-0.75131345,1.2186866,1.2486866,0.20868653,-5.8813133,-3.2613134,0.74868655,2.9786866,1.7786865,1.7486866,4.6786866,-1.2213135,1.6286865,2.1886866,0.6186865,1.8086865,1.4286865,1.3886865,-0.35131347,-1.3013135,1.7586865
-0.091313474,-0.42131346,4.8286867,3.7486866,1.3686866,-0.28131348,-2.3713136,-4.0213137,-5.5713134,-5.6013136,-4.4113135,-4.4713135,-3.5013134,0.68868655,0.70868653,-4.0513134,-2.9913135,-2.3913136,-1.4713135,-1.8313135,-1.0913135,0.7886865,1.2286866,1.6486865,0.038686525,-4.2113132,-5.0913134,1.8986865,2.5486865,2.1086864,4.6286864,2.6386864,0.6486865,-0.6913135,-0.93131346,-0.13131347,-1.2713134,-2.0113134,4.1186867,-1.5413135,1.7086865
-1.9913135,-2.6813135,-3.3113134,-2.9313135,-0.80131346,-4.0113134,-4.9213133,-5.2513137,-6.1713133,-6.3113136,-5.9413133,-3.5813134,-4.3913136,-3.7413135,-3.7413135,-2.9413135,-3.5513134,-3.3413134,-2.2213135,-1.4413135,-0.9013135,-0.41131347,1.9986866,6.4886866,4.3286867,-0.8813135,-1.0313134,4.4586864,3.9886866,4.1886864,5.9886866,4.7386866,3.2586865,3.2686865,2.9186866,0.32868654,1.9386865,1.3386865,0.15868652,-1.7613134,0.008686524
-0.42131346,-2.8413134,-3.4213135,-2.7413135,-3.1913135,-3.3013134,-4.8013134,-5.4613132,-6.6313133,-5.2913136,-5.2113132,-5.7913136,-6.0413136,-6.5213137,-4.4513135,-3.7513134,-2.8413134,-2.6813135,-1.0513135,-0.8913135,-2.0313134,0.9286865,1.5186865,7.8386865,7.5586867,4.1286864,0.69868654,-2.6613135,6.0686865,5.9486866,5.3886867,5.5886865,4.3386865,4.4886866,4.3586864,0.14868653,-1.3613135,1.8086865,0.07868652,-2.0513134,-0.22131348
-0.0013134766,-2.1113136,-2.9013135,-2.3413134,-2.7513134,-3.1413136,-4.0913134,-4.7313137,-6.0413136,-6.7613134,-6.0513134,-5.5013137,-5.2813134,-5.5013137,-6.1413136,-4.7713137,-3.4113135,-2.1113136,-0.8913135,2.9286866,1.3186865,-0.6513135,0.93868655,4.2486863,7.0886865,6.5586867,4.2186866,4.3886867,6.3786864,6.3386865,4.5386868,3.6986866,3.1886866,2.2586865,3.3286865,2.3986864,-1.9513135,0.19868653,0.38868654,0.8986865,-0.19131348
-0.26131347,-1.0213134,-1.5213134,-1.4913135,-1.8713135,-3.0113134,-4.3213134,-3.6513135,-4.0713134,-5.5813136,-5.8313136,-5.6313133,-4.5413136,-5.4813137,-4.7813134,-5.9013133,-5.0113134,-4.3413134,-4.2013135,1.4586865,4.1086864,2.6486864,1.2286866,-3.0913134,8.558686,7.1386867,4.6986866,4.9586864,3.1986866,2.4486866,7.1986866,3.9986866,2.3586864,3.5586865,3.9586866,4.9286866,1.5486865,-0.15131348,0.9286865,2.3786864,2.5386865
1.0086865,-0.32131347,-0.75131345,-0.9713135,-1.7013135,-3.0013134,-3.2613134,-2.8013134,-2.5413134,-4.1113133,-4.5213137,-5.3913136,-4.7613134,-3.5313134,-2.9113135,-3.8413134,-5.7113132,-5.5313134,-4.7113132,-1.4713135,0.88868654,0.8386865,-0.10131348,5.9986863,3.6286864,3.1586866,5.5786867,5.3086867,5.9986863,-0.19131348,-0.24131347,-1.0213134,1.9686866,2.9186866,3.4886866,4.7486863,1.2786865,1.6986865,4.1486864,0.4786865,0.6786865
0.5886865,0.70868653,-0.5713135,-0.9013135,-1.1713135,-1.7813134,-1.8813134,-2.5513134,-3.2813134,-4.3513136,-2.9213135,-3.2513134,-3.6613135,-2.5813134,-3.1013136,-5.0113134,-5.2013135,-6.1513133,-4.9713135,-3.7513134,-3.7313135,-2.6413136,-3.1413136,-2.8613136,-0.7713135,1.0086865,5.3186865,5.3986864,6.9186864,5.5286865,-0.7013135,2.3386865,3.3486865,3.2786865,3.2986865,3.3286865,0.27868652,-0.43131348,-0.98131347,-0.79131347,-1.5513135
1.3286865,-0.031313475,-0.40131348,0.24868652,-0.80131346,-0.5313135,-1.7713134,-2.2913134,-2.1913135,-1.2613134,-1.4013134,-2.9013135,-3.5913134,-3.0013134,-3.7513134,-3.1213136,-4.0313134,-4.0513134,-3.6013136,-3.9313135,-0.9113135,0.95868653,-0.16131347,0.8986865,0.24868652,-0.36131346,-2.4213135,3.6786866,6.3286867,6.7686863,5.1386867,4.0586867,3.5786865,3.3186865,2.6586866,2.9986866,1.9486865,0.50868654,0.058686525,0.39868653,-1.0213134
2.3586864,1.6086866,0.7886865,1.4786866,-0.10131348,0.7886865,-0.0013134766,-0.6013135,-0.42131346,-0.8313135,-0.5113135,-2.1513135,-1.0113134,-1.2213135,-1.9613135,-3.1213136,-4.0213137,-2.6113136,-2.7813134,-2.6613135,-2.4113135,-1.8413135,-1.0013134,-3.3613136,-3.0813134,-1.4713135,0.9186865,1.4186865,1.9286865,5.3786864,4.7886868,3.4786866,3.5586865,3.7486866,2.4086866,1.1686865,0.038686525,-0.011313477,-0.031313475,0.94868654,1.1986865
2.0386865,2.0686865,2.9086866,2.8186865,3.3286865,3.1986866,3.0486865,1.7686865,0.14868653,-0.7013135,-0.021313477,0.26868653,-0.021313477,-1.6213135,-1.5313134,-2.5613134,-1.9113135,-2.5513134,-1.3413135,-0.8313135,-1.2013135,-0.67131346,-0.0013134766,-0.121313475,-0.41131347,0.5386865,0.07868652,0.20868653,1.6486865,1.2986865,1.5586865,2.2186866,2.0686865,1.5986866,1.6386865,1.9286865,2.0986865,1.8286865,2.4186866,0.5386865,-0.37131348
