wind_kz.json
{"header": {"discipline":0,"disciplineName":"Meteorological products","gribEdition":2,"gribLength":1025,"center":7,"centerName":"US National Weather Service - NCEP(WMC)","subcenter":0,"refTime":"2023-09-27T12:00:00.000Z","significanceOfRT":1,"significanceOfRTName":"Start of forecast","productStatus":0,"productStatusName":"Operational products","productType":1,"productTypeName":"Forecast products","productDefinitionTemplate":0,"productDefinitionTemplateName":"Analysis/forecast at horizontal level/layer at a point in time","parameterCategory":2,"parameterCategoryName":"UnknownDiscipline_0_Category_2","parameterNumber":3,"parameterNumberName":"UnknownParameter_D0_C2_3","parameterUnit":"Unknown","genProcessType":2,"genProcessTypeName":"Forecast","forecastTime":180,"surface1Type":103,"surface1TypeName":"Specified height level above ground","surface1Value":10.0,"surface2Type":255,"surface2TypeName":"Missing","surface2Value":0.0,"gridDefinitionTemplate":0,"gridDefinitionTemplateName":"Latitude_Longitude","numberPoints":615,"shape":6,"shapeName":"Earth spherical with radius of 6,371,229.0 m","gridUnits":"degrees","resolution":48,"winds":"true","scanMode":64,"nx":41,"ny":15,"basicAngle":0,"lo1":47.0,"la1":41.0,"lo2":87.0,"la2":55.0,"dx":1.0,"dy":1.0}, "data":
[rows 0 to 14 of 15, columns 0 to 40 of 41]
0.71423095,-0.95576906,1.414231,1.134231,-2.695769,-5.515769,-4.355769,-6.625769,-2.925769,-3.985769,-2.305769,-3.285769,1.714231,1.5742309,3.3942308,-0.03576904,-1.735769,-2.595769,-2.725769,-2.335769,-2.6057692,-0.51576906,0.38423097,-1.335769,-1.765769,-1.485769,-1.8257691,0.89423096,2.294231,2.8642309,-1.0757691,-0.97576904,0.77423096,-1.105769,-0.505769,-1.595769,0.24423096,1.094231,0.064230956,-1.135769,2.654231
4.724231,1.2042309,3.764231,-0.09576904,-3.1057692,-4.815769,-2.985769,-3.3857691,-3.3857691,-4.935769,-6.075769,-4.455769,3.444231,1.964231,-1.2057691,-1.5757691,-2.1357691,-0.59576905,-3.045769,-3.6057692,-2.945769,-2.075769,0.27423096,1.5742309,0.41423094,-0.045769043,-2.435769,1.854231,0.42423096,2.154231,3.484231,3.824231,-0.88576907,-1.135769,-3.455769,-1.405769,-1.845769,-3.305769,-0.90576905,-2.305769,1.3142309
1.094231,3.294231,1.8142309,-1.5657691,-2.585769,-2.275769,-2.465769,-3.285769,-3.195769,-4.125769,-4.675769,-1.9157691,-0.33576906,-2.045769,-3.775769,-1.785769,-3.325769,-3.505769,-2.6257691,-2.8957691,-2.485769,-1.085769,1.464231,1.094231,-0.06576905,0.23423095,1.404231,1.1842309,0.03423096,2.814231,4.254231,1.024231,2.324231,-0.995769,-0.40576905,2.704231,3.994231,0.35423097,0.024230957,-0.08576904,0.064230956
1.504231,0.90423095,-1.595769,-3.015769,-1.875769,-1.4557691,-1.985769,-2.515769,-3.6157691,-1.6757691,-2.1057692,2.654231,2.844231,3.974231,-0.45576903,-4.2357693,-3.535769,-1.465769,-0.35576904,-0.38576904,-0.105769046,1.864231,0.20423096,1.1742309,-0.03576904,1.3042309,1.994231,-1.375769,3.1342309,2.804231,1.9542309,-1.1757691,-1.835769,-0.95576906,-0.755769,-2.955769,-0.89576906,2.564231,2.274231,0.65423095,1.354231
-0.57576907,-1.135769,-1.765769,-2.755769,-1.235769,-2.185769,-3.8657691,-4.5057693,-3.235769,0.13423096,0.28423095,2.684231,0.21423095,-0.875769,-3.215769,-2.465769,-1.145769,-2.695769,-0.12576905,-0.25576904,1.784231,0.33423096,0.13423096,-0.05576904,-0.73576903,-0.43576905,-0.53576905,-1.0457691,-0.92576903,-1.4457691,-1.755769,0.104230955,2.934231,2.774231,-0.805769,-1.155769,0.83423096,-2.735769,-1.615769,0.82423097,-0.18576904
-1.1957691,-0.40576905,-2.415769,-3.775769,-3.935769,-7.405769,-7.155769,-4.575769,-2.675769,-1.375769,1.154231,3.194231,2.3742309,2.264231,-2.655769,-3.175769,-2.825769,1.9442309,0.90423095,0.30423096,-0.31576905,0.28423095,0.82423097,-0.89576906,-0.88576907,-0.84576905,-1.2957691,-0.6957691,-0.98576903,-1.365769,-1.975769,-1.035769,0.064230956,-0.0057690428,2.1042309,2.684231,3.204231,4.034231,-0.025769044,-1.0557691,-0.745769
-1.115769,-0.60576904,-1.8257691,-2.455769,-2.8757691,-3.505769,-6.785769,-4.645769,-2.755769,-2.8857691,-2.745769,1.7942309,1.534231,0.98423094,2.3742309,-1.515769,0.33423096,1.384231,-0.42576903,-0.805769,-1.025769,0.41423094,0.33423096,0.73423094,0.47423095,0.21423095,-1.495769,-1.3257691,-2.1357691,-1.4157691,-2.045769,-2.455769,-3.015769,-0.28576905,-0.89576906,-1.6857691,-3.655769,-1.265769,0.73423094,-0.43576905,-0.24576904
1.244231,-0.37576905,-1.9457691,-2.665769,-3.745769,-2.775769,-3.675769,-3.935769,-2.745769,-2.1257691,-1.405769,-0.45576903,-0.49576905,3.154231,-0.64576906,-3.715769,2.164231,1.0742309,1.0642309,1.4442309,-0.83576906,-0.51576906,-0.09576904,0.744231,1.9442309,1.1942309,1.4542309,-0.77576905,-0.83576906,-2.935769,-2.275769,-1.4157691,-0.96576905,-3.565769,0.744231,0.43423095,-0.09576904,1.134231,-1.225769,0.21423095,-1.895769
2.524231,1.724231,-1.615769,-2.3657691,-2.6257691,-2.305769,-3.195769,-4.415769,-2.745769,-2.915769,-0.11576904,1.634231,2.3742309,0.744231,-4.225769,-2.3757691,1.3242309,2.334231,1.864231,1.0442309,0.83423096,-0.41576904,0.54423094,0.73423094,0.874231,1.904231,0.72423095,1.634231,1.144231,0.17423096,0.12423096,-1.1857691,0.934231,-1.1657691,-0.6957691,0.95423096,-2.305769,0.46423095,1.344231,0.30423096,-2.055769
3.184231,1.8042309,0.44423094,-1.655769,-2.295769,-2.3557692,-2.8557692,-3.195769,-3.055769,-0.31576905,-1.115769,-0.555769,3.264231,-0.40576905,-3.205769,-2.1057692,1.9242309,2.3542309,2.1342309,1.384231,1.4542309,1.504231,1.5842309,1.094231,0.874231,0.8042309,0.26423097,1.484231,0.76423097,1.724231,2.344231,1.274231,-0.08576904,-1.255769,-0.73576903,0.28423095,0.22423096,-2.1457691,-0.85576904,1.2942309,2.454231
3.584231,2.844231,1.344231,0.08423096,-1.4457691,-2.245769,-2.415769,-1.9457691,-2.445769,0.13423096,0.76423097,-1.7057691,3.484231,2.564231,-2.845769,-1.025769,0.59423095,3.524231,2.974231,3.224231,2.754231,1.784231,0.89423096,0.82423097,0.39423096,1.1742309,0.004230957,0.41423094,1.034231,2.054231,2.034231,1.134231,-0.23576905,-1.095769,-1.5557691,0.37423095,0.12423096,2.014231,1.414231,1.484231,0.16423096
2.814231,3.094231,2.674231,1.8242309,-0.045769043,-0.95576906,-2.005769,-1.3057691,-1.6657691,0.8042309,0.43423095,0.8042309,-1.395769,-0.875769,-0.875769,-0.615769,-1.975769,0.684231,3.434231,2.944231,3.594231,2.944231,1.8342309,1.0442309,0.64423096,0.754231,0.79423094,1.264231,1.8042309,1.604231,1.4342309,0.79423094,0.31423095,-0.03576904,-0.805769,-1.9457691,-1.135769,0.934231,1.734231,1.524231,0.46423095
3.8742309,3.6242309,3.3742309,2.534231,1.614231,0.16423096,-0.505769,0.60423094,-0.12576905,0.18423095,0.104230955,1.1942309,0.16423096,-1.215769,-1.595769,-2.075769,-1.8057691,-1.4157691,-0.42576903,2.1142309,3.1442308,2.664231,3.184231,2.734231,2.274231,1.6742309,1.714231,1.874231,1.974231,1.994231,2.014231,1.504231,0.41423094,-0.17576905,-0.19576904,-0.29576904,-1.125769,-0.685769,-0.685769,-1.0757691,-0.65576905
4.554231,4.174231,4.574231,3.3642309,2.014231,1.214231,0.72423095,0.91423094,2.054231,2.184231,0.79423094,0.49423096,2.024231,1.8242309,1.604231,-0.045769043,-0.89576906,-1.605769,-0.96576905,-0.32576904,0.32423097,0.66423094,1.524231,2.3742309,1.9242309,1.7942309,1.884231,1.964231,2.204231,2.224231,2.234231,2.054231,1.6942309,1.354231,0.54423094,0.17423096,-0.045769043,-0.59576905,-0.64576906,-0.075769044,-0.045769043
3.754231,4.2442307,6.164231,3.524231,3.044231,1.854231,1.114231,1.114231,0.73423094,2.264231,1.144231,0.84423095,1.0442309,0.994231,2.194231,1.774231,1.774231,0.92423093,0.31423095,-0.29576904,1.234231,1.5642309,1.4242309,1.5742309,1.214231,1.354231,2.214231,2.194231,2.164231,2.244231,2.034231,2.764231,1.9342309,1.5742309,1.414231,0.884231,1.264231,1.5442309,1.024231,1.2942309,0.39423096
