wind_kz.json
{"header": {"discipline":0,"disciplineName":"Meteorological products","gribEdition":2,"gribLength":1025,"center":7,"centerName":"US National Weather Service - NCEP(WMC)","subcenter":0,"refTime":"2023-09-24T18:00:00.000Z","significanceOfRT":1,"significanceOfRTName":"Start of forecast","productStatus":0,"productStatusName":"Operational products","productType":1,"productTypeName":"Forecast products","productDefinitionTemplate":0,"productDefinitionTemplateName":"Analysis/forecast at horizontal level/layer at a point in time","parameterCategory":2,"parameterCategoryName":"UnknownDiscipline_0_Category_2","parameterNumber":3,"parameterNumberName":"UnknownParameter_D0_C2_3","parameterUnit":"Unknown","genProcessType":2,"genProcessTypeName":"Forecast","forecastTime":60,"surface1Type":103,"surface1TypeName":"Specified height level above ground","surface1Value":10.0,"surface2Type":255,"surface2TypeName":"Missing","surface2Value":0.0,"gridDefinitionTemplate":0,"gridDefinitionTemplateName":"Latitude_Longitude","numberPoints":615,"shape":6,"shapeName":"Earth spherical with radius of 6,371,229.0 m","gridUnits":"degrees","resolution":48,"winds":"true","scanMode":64,"nx":41,"ny":15,"basicAngle":0,"lo1":47.0,"la1":41.0,"lo2":87.0,"la2":55.0,"dx":1.0,"dy":1.0}, "data":
[rows 0 to 14 of 15, columns 0 to 40 of 41]
-0.015756836,1.7442431,-0.25575683,-2.5857568,0.49424317,-1.2557569,-0.56575686,-0.22575684,-1.6857568,-2.7457569,-4.065757,-3.6157568,-4.305757,-4.965757,-6.365757,-5.795757,-4.695757,-2.5657568,-2.5857568,-1.4757569,-1.6457568,-0.34575683,-1.0157568,1.4342432,1.6042432,2.284243,1.0742432,0.17424317,-1.7957568,-2.1457567,-1.2457569,1.8842431,-1.6057569,-1.1757568,2.024243,1.0542432,0.32424316,0.054243162,-1.0257568,-0.64575684,-0.46575683
1.7642431,1.5042431,0.35424316,1.7042432,0.85424316,-0.095756836,-1.6357569,-1.8257568,-1.8257568,-3.405757,-3.1257567,-4.055757,-3.935757,-4.6657567,-5.6257567,-6.1457567,-4.1057568,-4.1057568,-3.8357568,-3.675757,-3.3657568,-0.65575683,0.8242432,-0.34575683,2.7642431,3.2242432,3.074243,0.73424315,-0.055756837,1.0742432,-1.7557569,-0.065756835,1.0642432,-1.9957569,1.6342431,2.2642431,1.9142432,1.4542432,1.3142432,0.99424314,-0.5457568
2.084243,3.3642433,1.9942431,2.9342432,1.9842432,0.56424314,-0.7257568,-2.0957568,-1.9657569,-2.8457568,-3.685757,-3.8657568,-4.595757,-4.3957567,-4.775757,-4.825757,-4.825757,-5.315757,-5.815757,-5.215757,0.99424314,-2.7657568,0.62424314,2.054243,-1.2457569,-1.5857568,-0.93575686,-1.5557568,-1.1157569,-1.9657569,-2.2557569,0.49424317,-2.3757567,1.3742431,0.61424315,-2.6257567,-3.705757,-0.51575685,-2.8257568,-0.21575683,0.31424317
2.0042431,1.1542431,1.1142431,0.92424315,1.1142431,0.024243165,-0.8457568,-1.3957568,-1.7857568,-2.175757,-2.725757,-3.9857569,-4.195757,-3.8957567,-4.4557567,-4.6057568,-4.085757,-5.6257567,-6.7257566,-7.085757,-0.8557568,-1.0957569,0.044243164,-0.48575684,-0.29575685,-0.21575683,0.85424316,0.48424315,-0.23575683,-3.2657568,1.0842432,1.9042431,0.16424316,1.2842431,0.22424316,1.9242432,2.314243,2.2342432,-3.0357568,-2.715757,-1.8857569
0.37424317,-0.44575682,-0.32575685,-0.025756836,-0.35575685,-0.21575683,-0.69575685,-0.89575684,-1.3257568,-1.8657569,-3.225757,-4.255757,-2.8157568,-3.2557569,-3.7457569,-3.8457568,-2.5057569,-4.4557567,-5.505757,-4.215757,-2.6057568,-0.8557568,0.86424315,0.67424315,1.6342431,1.9142432,0.78424317,0.43424317,0.39424315,-2.425757,-4.055757,-4.215757,-0.34575683,-0.9857568,0.74424314,2.554243,0.93424314,-0.7857568,-1.2557569,0.45424315,1.4642432
0.09424316,0.25424317,-0.99575686,-0.035756838,0.47424316,0.30424318,-0.69575685,-1.3157568,-2.0757568,-2.7757568,-3.915757,-3.8457568,-3.5357568,-2.7457569,-4.045757,-3.905757,-3.665757,-4.055757,-3.655757,-3.185757,-2.2457569,-0.27575684,1.4242432,2.7342432,2.7142432,1.8042432,1.7442431,-0.45575684,1.5942432,-0.39575684,-2.2457569,-3.3757567,-3.415757,-2.655757,-2.5457568,-2.7657568,-2.7457569,-2.1457567,0.16424316,1.6342431,1.9842432
0.034243163,-0.14575684,-0.50575686,-1.1457568,-1.6557568,-2.205757,-1.2157569,-0.95575684,-1.5957569,-2.8757567,-3.405757,-2.6357567,-3.6057568,-2.715757,-2.8257568,-2.3457568,-3.0557568,-4.1857567,-3.8257568,-3.9857569,-2.8257568,0.36424315,2.6442432,3.1542432,2.6642432,1.9542432,2.7042432,3.1542432,3.3642433,0.6342432,-1.7357569,-2.6457567,-3.8357568,-0.44575682,0.56424314,2.1942432,2.794243,0.6442432,-0.99575686,0.61424315,-2.2357569
-1.0257568,-0.5957568,-1.6057569,-2.6257567,-2.4857569,-2.975757,-3.7757568,-2.8457568,-2.685757,-3.0357568,-3.3257568,-2.415757,-3.925757,-4.055757,-4.5157566,-4.675757,-4.4357567,-3.5657568,-4.425757,-2.975757,-1.3557569,0.024243165,0.21424316,2.564243,1.0742432,0.33424318,4.3742433,3.084243,-0.11575684,1.3342432,-0.83575684,-1.4557568,-0.56575686,-2.1257567,-2.2857568,-1.7557569,-2.3957567,-1.3957568,-0.32575685,-1.5457568,-1.1457568
-1.0857568,-1.0457568,-1.8657569,-2.5157568,-2.705757,-3.465757,-4.555757,-3.5257568,-2.8657568,-2.5357568,-3.0957568,-2.7657568,-2.7857568,-3.975757,-4.825757,-5.445757,-5.6657567,-5.925757,-5.365757,-4.3557568,-0.48575684,0.014243164,1.9742432,2.8642433,2.8842432,2.0142431,1.5942432,1.2342432,0.21424316,-0.17575684,-2.1357567,-1.0557568,-0.94575685,1.9942431,-0.57575685,-1.0757568,1.2342432,-3.195757,-1.7157569,-1.6757568,-0.93575686
-1.3757569,-2.2857568,-2.8357568,-3.0557568,-3.3957567,-3.8357568,-3.8057568,-3.2657568,-3.1357567,-2.5757568,-2.7557569,-1.7357569,-2.8957567,-3.415757,-4.095757,-5.045757,-5.735757,-5.845757,-5.6457567,-3.665757,-3.425757,-0.105756834,-5.4357567,-1.8957568,2.7642431,3.6942432,3.334243,2.3842432,1.0142431,0.54424316,-0.40575683,1.2642431,2.574243,3.1742432,1.3442432,0.98424315,1.0542432,-0.14575684,-0.08575684,-0.5357568,1.4942431
-1.3757569,-2.3957567,-3.1357567,-2.695757,-2.2857568,-2.7557569,-2.6257567,-2.685757,-3.405757,-2.2657568,-0.83575684,-1.5757568,-2.415757,-2.695757,-3.1257567,-4.315757,-5.865757,-7.025757,-6.4957566,-5.4557567,-1.4857569,-2.1157568,-4.835757,-0.68575686,-0.49575683,0.50424314,2.7642431,0.20424317,-0.8457568,1.5842432,2.4442432,3.574243,3.6842432,3.0142431,2.1642432,2.334243,1.1242431,0.12424316,0.85424316,1.5342431,1.0442432
-0.32575685,-1.7057568,-2.155757,-2.7957568,-2.3657568,-2.4857569,-2.2757568,-2.685757,-2.715757,-1.5257568,-1.0857568,-0.56575686,-1.8857569,-2.165757,-3.0957568,-4.175757,-4.2657566,-4.3757567,-5.635757,-5.095757,-4.825757,-1.5657568,2.294243,-3.1457567,-3.175757,-3.975757,-4.4157567,-3.1157568,-1.8057568,1.9642432,3.4542432,4.514243,3.1042433,3.4442432,2.2142432,1.6842432,0.42424315,-0.49575683,-0.005756836,1.0042431,0.55424315
0.13424316,-0.69575685,-2.1457567,-2.195757,-2.655757,-1.5657568,-1.9757569,-2.195757,-2.0157568,-2.2857568,-0.95575684,-1.5157568,0.8842432,-0.43575683,-2.5557568,-3.0357568,-3.2957568,-3.6157568,-3.7457569,-3.5557568,-2.1457567,-2.0357568,-2.5557568,-1.9757569,-3.1357567,-3.3357568,-4.215757,-4.155757,-3.7357569,-1.6357569,2.294243,4.364243,4.194243,3.4442432,3.3942432,3.3742433,2.8942432,1.5342431,1.9642432,1.2042432,0.46424317
-0.76575685,-0.095756836,-0.35575685,-1.5857568,-2.0357568,-2.2657568,-1.9457568,-1.7157569,-1.1057569,-1.0057569,-0.6057568,-0.63575685,-0.33575684,0.114243165,-1.2857568,-2.1057568,-2.4957569,-2.5157568,-3.205757,-2.185757,-2.205757,-1.4957569,-0.6657568,-0.37575683,-1.6857568,-2.5657568,-3.6457567,-3.695757,-3.455757,-3.5457568,-2.7757568,0.79424316,4.0442433,4.264243,4.3542433,4.934243,3.8742433,3.2042432,2.6342432,1.6142431,2.3742433
-0.90575683,-1.5057569,-0.87575686,-0.8657568,-0.90575683,-0.94575685,-1.2557569,-1.2757568,-1.2557569,0.56424314,0.56424314,0.43424317,0.13424316,-0.74575686,-0.36575684,-2.1357567,-2.155757,-1.8257568,-0.65575683,-1.8557569,-2.665757,-2.4957569,-1.7557569,-0.65575683,0.9042432,-0.64575684,-2.4857569,-3.1157568,-3.3457568,-2.955757,-2.8057568,-2.6157568,1.3442432,2.774243,3.4642432,3.8742433,5.7742434,4.954243,3.3842432,3.4942431,2.294243
