wind_kz.json
{"header": {"discipline":0,"disciplineName":"Meteorological products","gribEdition":2,"gribLength":871,"center":7,"centerName":"US National Weather Service - NCEP(WMC)","subcenter":0,"refTime":"2023-09-19T18:00:00.000Z","significanceOfRT":1,"significanceOfRTName":"Start of forecast","productStatus":0,"productStatusName":"Operational products","productType":1,"productTypeName":"Forecast products","productDefinitionTemplate":0,"productDefinitionTemplateName":"Analysis/forecast at horizontal level/layer at a point in time","parameterCategory":0,"parameterCategoryName":"UnknownDiscipline_0_Category_0","parameterNumber":0,"parameterNumberName":"UnknownParameter_D0_C0_0","parameterUnit":"Unknown","genProcessType":2,"genProcessTypeName":"Forecast","forecastTime":60,"surface1Type":1,"surface1TypeName":"Ground or water surface","surface1Value":0.0,"surface2Type":255,"surface2TypeName":"Missing","surface2Value":0.0,"gridDefinitionTemplate":0,"gridDefinitionTemplateName":"Latitude_Longitude","numberPoints":615,"shape":6,"shapeName":"Earth spherical with radius of 6,371,229.0 m","gridUnits":"degrees","resolution":48,"winds":"true","scanMode":64,"nx":41,"ny":15,"basicAngle":0,"lo1":47.0,"la1":41.0,"lo2":87.0,"la2":55.0,"dx":1.0,"dy":1.0}, "data":
[rows 0 to 14 of 15, columns 0 to 40 of 41]
302.95746,291.55743,298.25745,295.05743,294.95746,294.35745,303.05743,307.15744,304.85745,307.45746,306.15744,307.05743,306.75745,307.05743,307.45746,308.75745,307.95746,306.35745,310.85745,308.75745,311.75745,307.65744,305.75745,304.35745,303.65744,302.55743,290.35745,280.55743,278.95746,280.05743,289.15744,278.05743,291.75745,290.85745,291.75745,295.15744,299.85745,305.95746,314.35745,313.15744,306.55743
288.25745,297.25745,294.75745,294.75745,294.45746,292.75745,308.85745,305.15744,305.35745,304.75745,305.95746,305.25745,306.15744,305.85745,308.55743,309.35745,310.95746,310.05743,309.85745,312.05743,311.75745,308.05743,305.65744,295.15744,280.75745,282.65744,292.75745,282.95746,277.15744,274.25745,280.45746,283.35745,294.85745,269.15744,273.15744,291.15744,295.65744,306.65744,301.85745,295.75745,284.75745
299.85745,293.55743,294.85745,294.35745,292.15744,303.55743,303.25745,304.35745,304.85745,303.65744,303.85745,304.95746,306.25745,307.05743,304.95746,310.15744,310.45746,309.65744,309.85745,310.85745,307.45746,309.65744,308.05743,302.95746,302.35745,301.95746,301.35745,300.45746,289.05743,274.55743,273.15744,275.95746,283.25745,286.05743,294.55743,292.85745,282.95746,281.65744,285.75745,279.85745,274.35745
300.55743,293.65744,294.85745,293.35745,294.85745,303.35745,300.65744,303.15744,304.55743,303.75745,303.95746,303.35745,292.35745,291.75745,305.65744,307.85745,306.45746,311.15744,311.15744,312.85745,307.55743,304.55743,305.05743,306.25745,307.25745,304.85745,305.25745,301.95746,298.05743,301.55743,294.95746,286.65744,296.65744,296.05743,302.25745,294.15744,287.45746,277.95746,289.35745,300.85745,300.35745
299.45746,292.65744,293.75745,292.85745,296.05743,301.35745,301.95746,304.35745,301.05743,300.15744,301.75745,303.45746,291.45746,290.35745,288.85745,305.85745,307.85745,305.95746,307.05743,305.95746,307.35745,308.45746,308.95746,308.45746,310.15744,313.05743,309.65744,302.25745,308.95746,305.85745,295.75745,290.75745,282.75745,281.55743,293.85745,301.85745,301.15744,312.55743,312.55743,308.25745,305.75745
297.95746,298.75745,291.85745,291.65744,292.65744,291.95746,303.25745,300.75745,298.25745,299.45746,299.85745,300.75745,292.95746,291.25745,297.45746,303.15744,303.55743,308.05743,306.25745,307.15744,306.85745,305.65744,305.25745,305.05743,305.55743,306.75745,307.95746,289.55743,304.15744,304.35745,304.45746,301.25745,301.75745,298.55743,294.45746,300.05743,293.35745,295.75745,310.55743,310.45746,310.35745
299.65744,300.75745,299.75745,300.65744,298.85745,301.95746,302.05743,299.35745,299.65744,299.65744,299.45746,298.95746,298.55743,299.65744,300.75745,300.55743,303.15744,303.45746,306.25745,306.95746,306.45746,304.25745,302.85745,301.15744,299.95746,293.15744,304.35745,306.35745,306.55743,304.75745,304.05743,303.25745,305.55743,301.15744,300.85745,298.25745,294.55743,295.85745,291.35745,285.55743,302.55743
301.55743,302.15744,300.65744,299.85745,299.55743,299.65744,301.55743,301.85745,300.75745,299.05743,299.55743,298.25745,299.15744,297.45746,299.75745,300.25745,300.15744,300.55743,302.15744,305.15744,297.55743,292.15744,292.55743,292.55743,293.85745,292.55743,293.15744,301.15744,298.95746,300.45746,298.25745,299.75745,299.05743,296.15744,297.85745,300.55743,302.75745,288.85745,302.75745,305.15744,297.95746
301.05743,300.15744,300.45746,300.45746,299.65744,299.45746,301.25745,301.25745,300.95746,300.65744,298.95746,298.75745,297.55743,298.85745,298.05743,299.45746,299.25745,300.45746,299.35745,300.25745,299.15744,291.05743,294.35745,293.15744,292.35745,291.75745,289.35745,297.95746,290.15744,295.95746,294.45746,296.65744,295.05743,294.15744,296.15744,292.95746,293.15744,284.95746,283.85745,284.05743,288.75745
300.35745,300.05743,300.25745,299.45746,299.85745,300.45746,301.15744,301.05743,299.35745,299.15744,297.75745,296.65744,297.35745,296.25745,296.45746,296.35745,297.45746,298.75745,298.35745,298.85745,298.45746,298.15744,298.55743,300.25745,300.45746,297.15744,292.15744,288.85745,288.05743,297.95746,297.95746,288.75745,295.95746,289.95746,290.95746,289.55743,286.75745,280.65744,285.45746,288.75745,284.75745
300.35745,300.25745,298.65744,298.45746,298.05743,299.45746,298.95746,298.75745,298.15744,297.65744,295.35745,295.25745,295.65744,294.55743,295.15744,295.95746,295.75745,296.55743,296.65744,295.75745,296.75745,296.65744,296.25745,297.35745,296.35745,297.95746,290.75745,290.35745,291.65744,298.35745,300.55743,301.15744,295.25745,298.65744,297.05743,289.55743,284.85745,286.05743,294.65744,289.75745,284.55743
296.45746,298.05743,296.95746,296.45746,296.35745,296.25745,295.05743,294.65744,297.55743,296.05743,292.45746,293.25745,293.55743,291.15744,292.25745,294.85745,295.05743,294.45746,294.65744,294.15744,292.35745,292.35745,293.05743,294.35745,293.65744,296.15744,296.85745,298.65744,299.25745,298.65744,297.35745,298.85745,296.65744,296.55743,295.85745,295.75745,291.75745,293.95746,294.35745,292.95746,293.75745
294.55743,295.95746,296.65744,296.65744,296.25745,295.35745,294.45746,296.75745,289.25745,294.65744,290.85745,289.95746,292.55743,287.55743,288.25745,292.05743,294.05743,292.05743,292.95746,290.45746,289.95746,289.45746,289.55743,290.55743,292.15744,294.75745,296.65744,296.05743,295.85745,295.65744,296.55743,296.15744,296.85745,296.05743,296.25745,295.05743,295.85745,294.65744,294.95746,293.15744,290.55743
296.65744,296.45746,292.45746,296.75745,296.55743,294.25745,293.85745,287.65744,288.25745,286.65744,285.15744,287.75745,291.05743,289.55743,291.05743,287.35745,292.15744,287.25745,286.55743,286.45746,291.25745,291.55743,292.05743,290.35745,291.55743,293.55743,294.65744,295.05743,294.85745,294.95746,294.35745,294.05743,293.45746,293.55743,294.15744,294.25745,294.05743,294.55743,293.75745,290.95746,290.95746
292.15744,295.75745,287.85745,295.25745,295.85745,294.35745,295.05743,295.25745,295.45746,294.75745,290.15744,290.05743,288.35745,288.95746,291.25745,292.85745,292.05743,291.65744,293.05743,290.25745,288.65744,288.65744,291.65744,292.85745,292.15744,292.55743,292.65744,292.25745,292.85745,294.85745,294.65744,288.65744,293.25745,292.75745,293.45746,293.65744,295.15744,293.75745,295.75745,296.25745,291.45746
