wind_kz.json
{"header": {"discipline":0,"disciplineName":"Meteorological products","gribEdition":2,"gribLength":871,"center":7,"centerName":"US National Weather Service - NCEP(WMC)","subcenter":0,"refTime":"2023-08-18T12:00:00.000Z","significanceOfRT":1,"significanceOfRTName":"Start of forecast","productStatus":0,"productStatusName":"Operational products","productType":1,"productTypeName":"Forecast products","productDefinitionTemplate":0,"productDefinitionTemplateName":"Analysis/forecast at horizontal level/layer at a point in time","parameterCategory":0,"parameterCategoryName":"UnknownDiscipline_0_Category_0","parameterNumber":0,"parameterNumberName":"UnknownParameter_D0_C0_0","parameterUnit":"Unknown","genProcessType":2,"genProcessTypeName":"Forecast","forecastTime":180,"surface1Type":1,"surface1TypeName":"Ground or water surface","surface1Value":0.0,"surface2Type":255,"surface2TypeName":"Missing","surface2Value":0.0,"gridDefinitionTemplate":0,"gridDefinitionTemplateName":"Latitude_Longitude","numberPoints":615,"shape":6,"shapeName":"Earth spherical with radius of 6,371,229.0 m","gridUnits":"degrees","resolution":48,"winds":"true","scanMode":64,"nx":41,"ny":15,"basicAngle":0,"lo1":47.0,"la1":41.0,"lo2":87.0,"la2":55.0,"dx":1.0,"dy":1.0}, "data":
[rows 0 to 14 of 15, columns 0 to 40 of 41]
291.9803,282.0803,284.0803,298.8803,298.2803,297.2803,292.2803,291.2803,288.8803,289.5803,288.8803,291.7803,290.9803,290.9803,290.7803,288.5803,289.2803,290.8803,291.2803,293.6803,295.4803,291.7803,290.8803,286.8803,291.0803,291.2803,290.7803,276.9803,275.0803,278.5803,277.3803,278.3803,286.7803,292.5803,293.4803,292.9803,292.2803,293.4803,295.0803,298.1803,298.0803
273.2803,285.1803,298.5803,298.6803,298.3803,297.0803,289.0803,288.9803,288.4803,288.5803,289.4803,289.0803,288.0803,287.3803,287.5803,286.9803,288.1803,288.2803,287.8803,288.7803,291.2803,292.7803,291.8803,284.4803,276.2803,276.5803,285.0803,276.7803,276.2803,273.4803,280.7803,271.9803,280.3803,261.5803,275.6803,289.9803,289.0803,292.0803,296.1803,289.8803,283.9803
286.2803,298.8803,299.0803,298.4803,296.5803,289.1803,288.6803,288.2803,287.4803,287.5803,287.6803,288.2803,286.3803,288.1803,290.0803,288.3803,287.7803,286.5803,286.5803,287.4803,291.0803,291.0803,293.4803,290.9803,293.5803,291.1803,293.4803,293.8803,289.5803,284.3803,274.8803,276.8803,281.9803,281.1803,282.1803,285.1803,276.8803,275.5803,277.3803,275.2803,276.2803
283.3803,299.2803,298.6803,297.8803,294.1803,287.0803,288.2803,286.6803,287.5803,287.3803,287.2803,287.0803,295.5803,294.7803,291.1803,290.4803,290.9803,287.8803,287.6803,287.2803,286.4803,284.9803,291.9803,293.2803,294.6803,295.6803,295.0803,292.3803,292.0803,294.2803,294.8803,294.9803,295.5803,292.8803,291.4803,290.1803,277.3803,275.6803,282.9803,291.2803,294.0803
288.3803,299.0803,298.8803,298.3803,295.3803,289.3803,291.9803,287.1803,286.9803,286.5803,286.5803,289.4803,295.8803,294.5803,291.8803,291.1803,289.2803,288.3803,289.2803,289.7803,289.3803,288.9803,289.7803,291.3803,293.7803,293.5803,294.0803,294.8803,294.3803,293.7803,297.6803,293.4803,283.8803,272.3803,284.6803,292.3803,293.9803,298.0803,297.1803,297.7803,297.6803
285.3803,284.3803,297.6803,297.9803,298.5803,298.2803,286.8803,286.7803,287.0803,286.5803,289.7803,286.1803,293.5803,295.0803,291.7803,288.9803,287.1803,288.4803,287.7803,291.8803,289.5803,288.6803,288.0803,290.0803,291.4803,293.7803,292.9803,293.8803,295.9803,297.6803,295.7803,297.0803,295.0803,292.5803,292.6803,293.7803,288.6803,290.3803,294.4803,296.8803,296.1803
285.0803,282.9803,284.6803,286.1803,289.8803,285.4803,285.8803,285.1803,287.5803,289.5803,288.3803,285.5803,286.3803,288.4803,287.8803,287.1803,287.8803,288.7803,288.4803,288.1803,288.0803,288.1803,288.3803,290.1803,290.7803,294.4803,294.0803,295.7803,297.7803,295.0803,297.0803,295.7803,295.8803,295.4803,294.7803,293.8803,289.7803,286.1803,281.2803,279.5803,292.1803
285.2803,283.9803,284.6803,284.9803,286.8803,286.6803,285.9803,285.0803,284.7803,285.8803,285.1803,285.6803,285.5803,287.9803,288.0803,287.0803,286.7803,287.7803,288.1803,288.7803,286.5803,286.8803,287.7803,289.0803,290.2803,289.7803,291.2803,293.3803,291.5803,295.1803,294.0803,293.2803,293.9803,289.8803,289.4803,290.6803,293.4803,289.3803,293.0803,292.7803,290.2803
283.0803,282.8803,283.8803,283.5803,284.7803,285.8803,283.5803,284.0803,284.2803,283.6803,283.2803,283.4803,283.5803,285.7803,285.9803,286.4803,287.6803,287.1803,287.0803,287.8803,284.7803,285.5803,287.2803,289.0803,291.1803,289.2803,286.9803,289.4803,290.2803,291.0803,291.8803,289.0803,291.7803,292.7803,292.6803,290.1803,289.3803,290.0803,277.8803,278.5803,277.2803
282.3803,283.7803,284.1803,284.1803,284.8803,284.4803,283.4803,283.9803,283.0803,281.9803,281.1803,280.8803,282.2803,283.7803,284.0803,285.4803,286.0803,285.9803,287.1803,287.2803,286.3803,287.5803,288.0803,289.9803,288.6803,287.2803,287.2803,287.9803,289.3803,291.2803,294.5803,293.9803,295.4803,296.9803,295.1803,290.1803,290.2803,285.4803,280.8803,281.8803,279.4803
282.7803,282.9803,283.1803,283.2803,282.9803,283.9803,282.6803,282.4803,281.8803,281.6803,281.2803,282.6803,283.6803,282.1803,282.8803,284.5803,284.7803,285.4803,287.2803,286.7803,287.0803,288.3803,286.6803,288.5803,286.0803,286.1803,284.4803,288.2803,291.4803,293.5803,294.2803,296.7803,296.0803,294.4803,296.0803,291.8803,288.8803,284.6803,281.4803,282.4803,281.7803
280.7803,285.2803,284.8803,282.5803,282.0803,281.2803,280.2803,280.1803,280.4803,280.6803,276.7803,280.2803,283.0803,282.9803,283.0803,283.1803,283.4803,283.4803,285.7803,285.9803,283.4803,284.1803,283.5803,284.2803,284.0803,284.4803,286.3803,291.1803,289.3803,292.1803,293.3803,295.8803,296.4803,291.1803,294.8803,296.1803,294.4803,291.3803,290.7803,288.4803,286.6803
280.9803,284.1803,282.1803,284.2803,284.1803,279.8803,279.3803,279.1803,278.5803,277.5803,275.7803,275.9803,281.8803,280.9803,282.8803,283.8803,284.5803,285.3803,285.1803,285.1803,283.8803,282.8803,282.0803,283.2803,282.8803,284.7803,288.7803,288.4803,288.4803,288.8803,291.0803,294.7803,294.6803,291.2803,294.4803,292.3803,290.9803,291.9803,290.3803,288.9803,287.9803
281.8803,284.0803,287.8803,280.5803,283.3803,278.0803,277.9803,278.1803,281.6803,283.1803,279.0803,277.0803,277.9803,281.1803,281.8803,282.4803,283.7803,280.1803,281.4803,281.0803,281.4803,282.6803,282.5803,282.6803,281.6803,285.1803,286.1803,285.8803,287.5803,288.9803,289.1803,291.6803,291.0803,289.3803,290.2803,290.9803,292.2803,289.5803,289.7803,289.4803,287.9803
283.0803,284.4803,290.9803,283.6803,282.9803,278.0803,281.4803,277.6803,278.9803,282.7803,282.1803,274.9803,276.2803,277.6803,279.2803,281.3803,280.4803,279.0803,278.7803,278.8803,279.4803,279.3803,277.9803,277.6803,278.3803,279.8803,283.4803,283.8803,283.5803,287.2803,289.0803,286.9803,289.0803,289.4803,289.2803,290.2803,293.4803,292.8803,290.5803,289.7803,289.0803
