wind_kz.json
{"header": {"discipline":0,"disciplineName":"Meteorological products","gribEdition":2,"gribLength":1102,"center":7,"centerName":"US National Weather Service - NCEP(WMC)","subcenter":0,"refTime":"2023-08-23T06:00:00.000Z","significanceOfRT":1,"significanceOfRTName":"Start of forecast","productStatus":0,"productStatusName":"Operational products","productType":1,"productTypeName":"Forecast products","productDefinitionTemplate":0,"productDefinitionTemplateName":"Analysis/forecast at horizontal level/layer at a point in time","parameterCategory":2,"parameterCategoryName":"UnknownDiscipline_0_Category_2","parameterNumber":2,"parameterNumberName":"UnknownParameter_D0_C2_2","parameterUnit":"Unknown","genProcessType":2,"genProcessTypeName":"Forecast","forecastTime":120,"surface1Type":103,"surface1TypeName":"Specified height level above ground","surface1Value":10.0,"surface2Type":255,"surface2TypeName":"Missing","surface2Value":0.0,"gridDefinitionTemplate":0,"gridDefinitionTemplateName":"Latitude_Longitude","numberPoints":615,"shape":6,"shapeName":"Earth spherical with radius of 6,371,229.0 m","gridUnits":"degrees","resolution":48,"winds":"true","scanMode":64,"nx":41,"ny":15,"basicAngle":0,"lo1":47.0,"la1":41.0,"lo2":87.0,"la2":55.0,"dx":1.0,"dy":1.0}, "data":
[rows 0 to 14 of 15, columns 0 to 40 of 41]
2.3510084,1.8310083,-1.9289917,2.4910083,2.6610084,1.8410083,2.5410082,0.9910083,1.5010083,1.5410084,3.7810082,5.3710084,4.821008,2.8810084,1.7910084,1.0610083,0.4610083,-1.5389917,-0.8289917,-1.5189917,-0.9489917,-0.2989917,1.1510082,1.5010083,-0.8089917,-0.5589917,-1.2689917,3.3110082,1.6510082,1.9910083,-1.0889916,1.6310083,1.0010083,5.7810082,-0.9389917,-2.3589916,-1.5289917,-2.3889916,-5.2689915,-5.2389917,-7.2789917
0.4310083,-1.9189917,-1.1489917,1.0110083,3.2610083,3.1510084,5.3310084,4.7810082,4.8510084,4.8510084,4.841008,5.0210085,4.6210084,4.5310082,4.6010084,3.2510083,2.3310082,1.4310083,0.4510083,1.4910083,2.3610084,2.2810082,3.4910083,-0.5789917,1.1510082,-0.2889917,-0.6289917,0.5610083,2.0310082,3.6310084,0.9110083,0.5410083,-2.0589917,0.6710083,-0.9989917,-2.3589916,-2.6489916,-3.8689916,-2.1289916,-4.2689915,-8.778992
0.9710083,2.9910083,1.4910083,3.1510084,2.5810082,2.4310083,5.2810082,6.7210083,6.0210085,5.5410085,5.9710083,6.151008,5.821008,5.211008,6.3910084,5.2610083,4.051008,3.0710082,2.1010084,1.9610083,2.2110083,3.7610083,3.8410082,6.401008,8.481009,-2.6689918,-6.7189918,-4.618992,-2.9589918,-2.3089917,-0.2989917,-2.2889917,-1.8189917,-0.4089917,-3.4189918,-0.6889917,0.1210083,-1.1389917,-1.5989918,-1.3489918,-2.2089918
2.9810083,4.8310084,5.841008,6.421008,4.4910083,6.111008,8.361009,7.941008,9.211008,7.691008,6.881008,7.211008,7.0010085,4.821008,6.8910084,7.3110085,5.691008,5.5410085,1.5310082,0.9510083,1.9010082,4.631008,-0.4489917,6.0310082,4.631008,5.551008,2.0310082,2.8510084,3.0510082,2.8510084,0.8010083,4.821008,-1.1289917,-2.7689917,-1.3389916,-0.2589917,0.7610083,0.4510083,0.1610083,3.0710082,5.071008
-1.1889917,-0.9189917,2.9110084,8.881008,10.001008,10.691009,11.501008,11.7710085,9.821009,6.691008,6.0210085,9.061008,6.4910083,7.301008,5.7610083,7.5110083,5.4710083,3.3110082,2.4310083,1.9110084,3.0510082,2.4410083,3.2010083,4.091008,4.4110084,3.9210083,4.9510083,6.7410083,6.401008,4.7610083,5.5010085,8.381008,3.2510083,0.3610083,-2.9889917,0.9710083,9.741009,6.3110085,5.441008,0.9710083,-1.0689917
0.5010083,0.7710083,-0.0589917,-1.1589917,-0.7789917,-0.5289917,0.6510083,2.7110083,7.421008,9.861009,10.881008,7.881008,4.691008,7.401008,6.1810083,6.211008,3.3310082,0.9610083,2.7610083,5.3310084,5.151008,4.711008,4.9110084,6.6210084,8.191009,8.631008,7.9810085,4.0310082,6.2910085,8.651009,8.251008,5.881008,3.6010084,2.4810083,-0.9589917,0.1410083,0.5710083,5.4810085,11.841008,10.721008,6.3910084
1.5410084,0.3110083,0.9610083,2.0210083,3.2810082,3.3410082,3.5610082,2.7110083,1.2010083,7.4310083,5.921008,4.2210083,6.9810085,9.371008,6.8710084,3.4510083,4.341008,3.3910084,4.5610085,3.7710083,2.6210084,4.711008,6.5010085,6.0810084,6.961008,8.561008,9.171008,8.411008,8.171008,5.8910084,6.7510085,4.1610084,0.7210083,-1.1389917,-1.2089916,1.9410083,1.2610083,0.1710083,4.2710085,-1.1089917,5.7910085
2.0010083,2.6810083,3.4810083,3.6610084,3.7610083,4.071008,4.091008,4.361008,6.071008,5.461008,5.361008,3.4210083,5.341008,7.3910084,5.0810084,-1.4889917,1.9910083,3.9610083,1.1710083,2.0410082,4.5310082,5.7510085,5.8510084,6.1610084,9.341008,7.3110085,7.9910083,7.7810082,8.811008,7.5310082,7.0210085,6.1810083,4.2210083,2.3610084,3.3510084,3.4310083,-0.4989917,0.5910083,9.191009,11.781009,8.331008
0.6510083,1.8010083,2.2610083,2.9210083,4.2510085,4.7910085,5.3110085,5.8710084,6.611008,7.7810082,8.351008,6.171008,6.8310084,2.9310083,3.2110083,-1.9189917,4.0410085,2.6610084,1.6310083,2.7010083,4.5610085,6.2810082,5.9110084,6.0010085,5.1610084,6.461008,6.9810085,7.5810084,8.121008,7.8710084,5.7710085,6.9510083,6.7910085,4.7210083,4.0410085,2.8210082,1.4410083,-0.8889917,2.4510083,0.5810083,2.9910083
0.9510083,1.9310083,1.9910083,2.2610083,3.2710083,3.0010083,3.0810082,5.2210083,6.1210084,6.9810085,5.8310084,6.6210084,4.5210085,0.8910083,0.2910083,2.5610082,3.6310084,0.7010083,2.4310083,2.1510084,4.9110084,5.0810084,3.5210083,7.4810085,7.9110084,9.281009,8.2710085,10.431008,9.5210085,10.161008,6.861008,6.0810084,5.4810085,6.0810084,4.2310085,1.5110083,-0.9789917,-0.5389917,1.7610083,1.4710083,-0.41899168
2.2810082,2.0410082,2.7710083,3.1610084,2.8510084,3.1810083,2.9810083,4.4110084,1.9510083,3.7910082,4.7710085,5.6210084,-2.0089917,-1.5889916,-0.6789917,-0.2789917,-0.2189917,0.15100831,2.4410083,1.9710083,4.7710085,5.4910083,3.6610084,7.8310084,9.571009,10.151009,8.451008,10.041008,10.341008,8.561008,6.0410085,5.2610083,5.7910085,4.6810083,2.6810083,0.8610083,-0.3489917,0.9010083,-0.5089917,1.2610083,1.9510083
1.8610083,1.6210083,2.4510083,3.6710083,3.0010083,2.6210084,3.0010083,3.6610084,1.8210083,1.0910083,1.6410083,-1.6389917,2.2210083,-3.1489916,0.8510083,-1.0889916,-1.8389916,-1.0489917,1.6110083,3.1410084,3.8310082,2.8610084,3.2410083,6.9910083,5.651008,3.6310084,4.7010083,5.1410084,5.7310085,5.4110084,5.1610084,4.651008,3.9610083,3.2310083,1.7910084,2.3210082,2.5510082,3.6610084,-2.9289918,-1.4389917,-0.6089917
2.0210083,2.8710084,3.7410083,2.1710083,3.4510083,2.7610083,3.2710083,3.0810082,3.8210082,1.5610083,1.0010083,-3.0189917,-6.1289916,-4.308992,-4.9389915,-5.578992,-3.3889916,-1.3389916,0.8410083,1.7510083,0.4210083,-0.3689917,3.8410082,3.5410082,1.1710083,0.6010083,-0.5289917,-0.1689917,1.9610083,3.5410082,4.0610085,3.8010082,4.0310082,3.6510084,2.8010082,2.9610083,3.0410082,1.3710083,-0.4489917,-1.1189917,2.3110082
2.1110084,1.7710083,2.1210084,1.6710083,2.4210083,2.4410083,2.5810082,3.1810083,2.7610083,-0.1689917,-0.5189917,-2.3189917,-7.158992,-3.5189917,-5.288992,-5.618992,-4.308992,-2.1589918,-2.6289916,-3.7589917,-3.9589918,-2.4489918,-1.5889916,1.3210083,-0.9789917,-2.1089916,-1.7589917,-0.9989917,1.0010083,4.4110084,5.0310082,4.191008,4.4910083,3.9810083,3.3110082,3.3410082,2.2710083,2.0910082,0.0510083,0.9710083,0.7510083
0.8910083,0.9210083,1.0210083,-0.2989917,0.3110083,0.9610083,0.3910083,0.4610083,0.7910083,-2.2089918,-3.6189916,-5.8189917,-3.8689916,-3.0189917,-5.578992,-5.2189918,-3.6389916,-3.2689917,-3.4489918,-3.7589917,-4.1489916,-3.3089917,-4.808992,-0.8189917,-1.3989917,-3.7589917,-4.308992,-2.7989917,-2.4689918,-0.0689917,0.6210083,2.8110082,2.7210083,2.6010084,2.9510083,2.7610083,1.9310083,3.1110084,2.1710083,-0.4689917,-1.0089917
