wind_kz.json
{"header": {"discipline":0,"disciplineName":"Meteorological products","gribEdition":2,"gribLength":1025,"center":7,"centerName":"US National Weather Service - NCEP(WMC)","subcenter":0,"refTime":"2023-09-22T00:00:00.000Z","significanceOfRT":1,"significanceOfRTName":"Start of forecast","productStatus":0,"productStatusName":"Operational products","productType":1,"productTypeName":"Forecast products","productDefinitionTemplate":0,"productDefinitionTemplateName":"Analysis/forecast at horizontal level/layer at a point in time","parameterCategory":2,"parameterCategoryName":"UnknownDiscipline_0_Category_2","parameterNumber":3,"parameterNumberName":"UnknownParameter_D0_C2_3","parameterUnit":"Unknown","genProcessType":2,"genProcessTypeName":"Forecast","forecastTime":240,"surface1Type":103,"surface1TypeName":"Specified height level above ground","surface1Value":10.0,"surface2Type":255,"surface2TypeName":"Missing","surface2Value":0.0,"gridDefinitionTemplate":0,"gridDefinitionTemplateName":"Latitude_Longitude","numberPoints":615,"shape":6,"shapeName":"Earth spherical with radius of 6,371,229.0 m","gridUnits":"degrees","resolution":48,"winds":"true","scanMode":64,"nx":41,"ny":15,"basicAngle":0,"lo1":47.0,"la1":41.0,"lo2":87.0,"la2":55.0,"dx":1.0,"dy":1.0}, "data":
[rows 0 to 14 of 15, columns 0 to 40 of 41]
0.29377443,-1.7562256,5.1537743,6.7937746,4.5537744,2.4037745,0.8137744,-0.24622558,-1.7462256,-0.4962256,-3.2762256,-1.4762256,-1.7262256,-2.9762256,-3.1162255,-3.4862256,-3.0262256,-2.5862255,-1.1462256,-0.6862256,-1.4362255,-1.4562256,-0.076225586,-1.2062256,-1.2062256,-2.0362256,0.4737744,0.26377442,-0.2562256,0.9537744,2.0637743,1.5137744,0.11377441,-2.8662255,-1.4562256,-1.5562255,0.5237744,2.5237744,3.0637743,0.32377443,-2.1862257
4.3737745,1.1337744,8.513775,7.2637744,5.3837743,3.2737744,-1.2062256,1.0137744,-0.45622557,-1.1462256,-2.0362256,-2.6562257,-2.9062257,-3.3562255,-4.3762255,-3.9162257,-1.3762256,-1.4462256,-2.3362255,-2.4962256,-2.9062257,-2.9762256,1.3037744,0.8537744,-0.65622556,-2.4162257,1.1837745,0.4037744,-0.15622559,-1.0262256,-0.8962256,0.17377442,-0.15622559,0.3437744,-0.6262256,-2.9162257,-1.3762256,-1.0362256,0.23377441,-1.5862256,-0.3362256
1.6637744,7.6637745,7.3837743,6.1337743,4.3337746,1.8437744,1.5137744,-0.10622559,0.17377442,-1.0562255,-1.4262255,-1.3662256,-2.7762256,-2.6762257,-3.4362257,-3.3962257,-2.5962255,-2.0162256,-1.7562256,-2.5362256,-1.7862256,-1.5162256,-3.5162256,-1.2362256,0.033774413,0.093774416,0.91377443,0.093774416,0.10377441,-0.52622557,-0.7462256,-2.0162256,0.093774416,0.42377442,-0.6362256,-0.026225585,-1.1462256,-1.4762256,-1.0462255,-0.78622556,-2.1662257
3.9837744,5.733774,6.8837743,5.4737744,1.5737745,2.8537743,2.0837743,1.5537744,1.3137745,0.45377442,-1.0862256,-2.6862257,-2.9062257,-3.0062256,-3.2162256,-4.3762255,-4.2462254,-2.6362257,1.4337745,-2.0462255,-0.8862256,-1.7462256,-0.7262256,1.2937744,0.6937744,0.033774413,-0.12622559,-2.0062256,-0.4062256,-1.7462256,-2.7862256,-3.5262256,-0.15622559,1.0337744,-0.4662256,-0.026225585,0.24377441,-0.6762256,0.5437744,-0.4962256,0.093774416
3.1937745,4.4737744,4.2437744,3.1837745,2.9037745,2.3437743,1.7537744,1.7237744,1.5937744,0.8537744,-0.1862256,-1.6562256,-2.9662256,-3.5662255,-4.7262254,-4.4262257,-3.9062257,-3.0762255,-2.4662256,-1.7862256,-0.4362256,-1.3562256,-0.8062256,-0.6062256,0.8937744,0.16377442,-0.96622556,-1.8662256,-2.1562257,-1.8562256,-2.8362255,-1.5262256,-0.39622557,0.4437744,-0.6962256,-1.4962256,-2.5662255,1.5037744,-0.96622556,0.5737744,-0.20622559
1.7837744,2.0737743,4.5237746,4.3137746,4.3837743,3.8037744,2.0537744,2.0437744,1.0637745,0.5837744,-0.8062256,-1.4262255,-3.1762257,-3.9862256,-3.6662257,-4.3362255,-4.0762258,-2.7462256,-2.6062255,-1.7262256,-3.1562257,-2.0362256,0.5637744,1.8837744,2.3137743,-0.016225586,-1.8062255,-2.6862257,-1.8862256,-0.4662256,-1.3362256,-2.1362257,-2.8362255,-0.9962256,3.0837743,-0.9462256,1.5237744,-0.10622559,-1.5962256,2.5737743,-2.6362257
1.9237744,2.0937743,2.2237744,2.1337745,2.2337744,1.7137744,1.8137745,1.3737744,0.5137744,0.30377442,-0.59622556,-0.8062256,-1.5862256,-2.7662256,-2.8762255,-3.4862256,-3.5362256,-2.7562256,-2.9762256,-2.1462257,-3.3562255,-3.6062255,-3.7862256,-2.4662256,2.8637743,0.36377442,-1.7862256,-2.8962257,-3.2362256,2.7537744,-0.41622558,-3.3762255,-4.4162254,-6.266226,-1.7962255,-0.5062256,-2.8762255,-2.4162257,-1.8862256,-0.5062256,-3.7762256
2.5537744,1.9037744,1.8537744,1.8237745,2.0637743,2.0037744,1.5137744,1.2637744,0.7537744,0.48377442,0.8737744,0.10377441,-1.4162256,-1.7962255,-2.6462257,-2.4262257,-2.6462257,-2.2162256,-2.0162256,-1.2562256,-2.8962257,-3.4262257,-3.6262255,-3.3962257,-2.4062257,-1.1262256,-1.0462255,-2.2062256,-2.2162256,-1.9162256,-0.52622557,-1.5562255,-2.6362257,-3.3162255,-1.6562256,-0.47622558,-0.90622556,-1.0162256,-0.026225585,0.023774413,-1.3662256
2.0037744,2.4437745,1.9037744,2.2637744,2.3637743,2.3837745,1.8137745,1.2037745,0.6237744,0.3437744,0.8237744,-0.006225586,-1.0962256,-1.3362256,-1.6662256,-1.7162256,-1.6462256,-1.7762256,-1.8462256,-2.1762257,-1.4662256,-2.6162255,-2.8662255,-2.3362255,-1.6862255,-1.8362256,-1.1762255,-0.9362256,-0.6762256,-0.8662256,-1.6062256,-0.6062256,0.4037744,1.1937745,0.6837744,-0.5662256,-2.3962257,-0.9262256,-1.3162255,-0.9162256,0.19377442
2.8037744,2.7137744,2.7837744,2.7737744,2.6837745,2.1537745,1.8937744,0.91377443,0.5137744,0.39377442,-0.016225586,-0.9962256,-1.8862256,-1.7062256,-1.9162256,-1.7962255,-1.8362256,-0.9262256,-1.3162255,-1.8762256,-2.2762256,-2.1062255,-2.2262256,-2.6362257,-2.3362255,-1.6762255,-1.3362256,-1.0762256,-0.83622557,-0.6262256,0.6137744,-0.006225586,-0.7262256,1.0237744,1.1637744,0.6037744,-0.44622558,-2.3762255,-1.0562255,0.11377441,0.9237744
3.1437745,3.2937744,3.1737745,2.1037743,2.0737743,2.4237745,2.5137744,1.3837744,0.093774416,-0.3162256,-0.3362256,-0.42622557,-2.3762255,-0.6662256,-1.6762255,-2.1462257,-2.6462257,-2.6562257,-1.8962256,-2.2662256,-1.9662256,-1.7462256,-2.2062256,-2.0162256,-1.7662256,-1.0962256,-0.4362256,-0.96622556,-0.29622558,0.093774416,-0.7062256,-0.3062256,-0.8062256,-0.076225586,0.6137744,1.6737744,0.5737744,0.33377442,1.1537744,0.91377443,-0.06622559
1.4837744,3.2337744,3.4137745,3.3537743,3.0637743,1.9937744,1.0837744,0.96377444,-0.10622559,0.22377442,-0.3762256,-1.3662256,-1.4762256,-0.3662256,-1.6362256,-1.8062255,-2.4062257,-2.8262255,-1.8762256,-1.9662256,-1.6462256,-2.2862256,-2.0462255,-1.5062256,-1.2562256,-1.1862255,0.15377441,-0.20622559,-0.7062256,-0.9562256,-0.9162256,-0.22622558,0.66377443,1.7837744,1.3237745,2.2537744,2.1237745,2.0237744,1.7037745,1.9337745,0.9237744
2.5237744,2.2837744,3.3637743,3.3037744,2.8537743,1.2537744,1.1037744,1.8737744,1.5937744,0.65377444,-0.076225586,-0.8262256,-0.5762256,-0.65622556,-0.83622557,-1.7262256,-1.9162256,-2.3062255,-2.1462257,-1.9262255,-0.8262256,-0.6162256,-0.036225587,-1.2062256,-1.9762256,-1.3462256,-1.6462256,-1.8862256,-1.1662256,-1.1862255,-0.9162256,-0.44622558,0.42377442,1.1037744,0.7437744,2.2337744,2.1837745,1.7837744,1.7437744,1.9637744,1.3837744
3.4437745,3.2937744,4.0937743,3.7037745,1.9537745,2.5537744,2.0737743,2.4337745,1.7437744,2.0937743,1.2337744,-0.13622558,-0.5662256,1.1337744,-0.90622556,-1.7062256,-1.6762255,-1.4762256,-1.6262256,-1.5262256,-1.6762255,-0.8562256,-0.6362256,-1.1862255,-1.6462256,-2.3562255,-2.8362255,-2.7062256,-2.4462256,-2.2962255,-2.1662257,-1.1062256,-0.3362256,1.0137744,1.4737744,2.4437745,2.1937745,1.9137744,1.9737744,2.1037743,2.1537745
2.5437744,3.6937745,3.9237745,3.9537745,3.7037745,3.1637745,3.0937743,2.9437745,2.5937743,2.0937743,1.2437744,1.9137744,2.0937743,-0.076225586,0.29377443,-0.84622556,-1.6062256,-1.9462256,-1.6262256,-1.9262255,-1.8062255,-1.7762256,-1.3462256,-1.4062256,-1.7862256,-2.2062256,-2.5562255,-2.5362256,-2.5862255,-2.8062255,-2.9662256,-2.6162255,-2.0662255,-1.1462256,0.53377444,1.7537744,2.6337745,2.9037745,3.1337745,3.2537744,1.5337744
