wind_kz.json
{"header": {"discipline":0,"disciplineName":"Meteorological products","gribEdition":2,"gribLength":1025,"center":7,"centerName":"US National Weather Service - NCEP(WMC)","subcenter":0,"refTime":"2024-02-01T12:00:00.000Z","significanceOfRT":1,"significanceOfRTName":"Start of forecast","productStatus":0,"productStatusName":"Operational products","productType":1,"productTypeName":"Forecast products","productDefinitionTemplate":0,"productDefinitionTemplateName":"Analysis/forecast at horizontal level/layer at a point in time","parameterCategory":2,"parameterCategoryName":"UnknownDiscipline_0_Category_2","parameterNumber":2,"parameterNumberName":"UnknownParameter_D0_C2_2","parameterUnit":"Unknown","genProcessType":2,"genProcessTypeName":"Forecast","forecastTime":0,"surface1Type":103,"surface1TypeName":"Specified height level above ground","surface1Value":10.0,"surface2Type":255,"surface2TypeName":"Missing","surface2Value":0.0,"gridDefinitionTemplate":0,"gridDefinitionTemplateName":"Latitude_Longitude","numberPoints":615,"shape":6,"shapeName":"Earth spherical with radius of 6,371,229.0 m","gridUnits":"degrees","resolution":48,"winds":"true","scanMode":64,"nx":41,"ny":15,"basicAngle":0,"lo1":47.0,"la1":41.0,"lo2":87.0,"la2":55.0,"dx":1.0,"dy":1.0}, "data":
[rows 0 to 14 of 15, columns 0 to 40 of 41]
1.7538452,1.0538452,0.31384522,-1.4461548,-0.6861548,-0.006154785,1.3638452,-1.0161548,-1.6661547,-1.5361547,-0.2761548,0.18384522,1.5538452,2.623845,4.4038453,4.953845,5.643845,6.663845,7.663845,8.293845,9.903845,2.8238451,0.5138452,1.5438452,1.4338452,-1.2961547,-1.7861547,0.40384522,-0.7361548,0.8038452,-1.6261548,-0.036154784,-1.0061548,-0.8061548,-3.0661547,-2.7161548,-2.7861547,-2.5461547,-2.4361548,-0.7461548,-1.8761548
-1.1561548,-1.8161548,-5.2161546,-4.126155,-1.2961547,-0.2761548,-1.4661548,1.5938452,-0.9161548,0.0038452148,1.3538452,1.5138452,2.8438451,3.9338453,4.143845,4.3238454,5.103845,5.1338453,7.003845,8.543845,7.523845,7.4638453,2.7938452,-0.5661548,1.1838452,-0.34615478,-0.21615478,0.9038452,-1.7361548,-0.28615478,0.7438452,-0.3961548,0.36384523,-2.3161547,-0.13615479,-0.23615478,0.3538452,-0.95615476,0.4538452,1.7938452,-1.1661547
-0.77615476,0.22384521,-2.8461547,-1.5361547,0.3938452,-2.3561547,-0.09615479,0.053845216,1.0638452,1.5538452,2.4138453,2.6638453,3.8838453,4.4238453,4.233845,4.8238454,6.393845,7.993845,8.423845,8.043845,7.8638453,7.5738454,6.5938454,7.0138454,10.483845,-1.3761548,-2.1661549,1.6938453,1.6438452,0.5938452,-0.5461548,1.9138452,1.4238452,-0.036154784,1.1138452,-0.9361548,-1.4361548,0.4238452,-0.64615476,-1.0561547,1.3638452
1.8238453,2.0338452,1.4138452,1.7338452,1.6438452,2.0938451,1.5338452,2.8938453,2.0438452,2.5138452,3.0038452,3.6738453,5.6538453,6.913845,5.313845,4.023845,6.2838454,7.4638453,8.503845,8.483845,7.643845,7.893845,8.493845,7.7638454,9.423845,4.523845,2.5438452,1.9338452,0.9538452,0.36384523,2.4938452,1.3838452,1.8738452,2.4738452,1.2038453,-1.9861548,-2.8161547,1.4438453,-0.40615478,-0.09615479,1.4838452
3.9338453,3.2938452,2.7538452,2.373845,2.4838452,2.5838451,1.8338453,2.8438451,2.2538452,2.9738452,3.5038452,4.6138453,6.683845,6.973845,6.8438454,2.4738452,5.483845,6.0738454,5.8438454,7.083845,8.073845,8.343845,8.903845,7.233845,3.4338453,5.2638454,3.8938453,1.3938452,2.623845,0.33384523,-0.9061548,0.3838452,-1.8961548,-0.64615476,-0.6661548,-0.6061548,-2.4261549,-2.0661547,-1.5961548,-0.5461548,-0.19615479
3.4238453,3.4638453,3.4738452,2.5638452,1.7438452,3.7938452,4.1138453,4.313845,3.1838453,3.2638452,3.1338453,3.7838452,5.2838454,5.273845,1.8438452,4.5338454,5.793845,6.5938454,7.2638454,7.1738453,7.663845,8.1838455,8.663845,6.583845,4.473845,1.7538452,4.143845,3.1538453,4.393845,0.033845216,-1.3261548,-1.8561548,0.12384521,-1.8361548,3.8238451,-4.976155,-1.2961547,-3.8161547,0.43384522,0.06384522,-1.7761548
3.123845,3.4938452,4.003845,2.8038452,3.3338451,4.483845,4.953845,4.123845,2.4538453,2.4138453,2.623845,3.5538452,3.5438452,3.1438453,3.2638452,4.773845,5.163845,6.583845,6.9638453,7.083845,7.0938454,7.043845,6.543845,9.553845,0.9438452,1.2038453,1.7738452,0.5838452,3.623845,-1.1761547,-2.5861547,-2.6661549,-0.24615479,-0.8661548,0.4738452,-0.15615478,-1.2961547,1.8938452,-2.9061549,0.19384521,1.5438452
3.113845,3.4238453,2.9238453,3.2338452,3.0038452,3.7338452,3.7138453,2.9038453,2.4438453,1.8338453,2.6038451,2.8838453,2.9538453,2.5638452,3.4538453,4.523845,4.833845,5.393845,6.603845,6.6938453,5.8038454,4.753845,4.1738453,5.9038453,-0.7861548,0.27384523,1.8438452,0.7138452,3.2938452,1.1438452,-0.14615479,-1.0561547,-1.3661548,0.4238452,-1.7861547,-0.3661548,1.7238452,-3.2861547,-5.186155,-6.4861546,-2.2761548
3.1538453,3.2938452,3.3138452,3.2538452,2.9938452,3.1438453,2.8038452,2.0838451,1.4438453,1.5938452,2.4438453,1.8438452,3.8838453,2.1738453,3.3038452,2.9838452,3.4438453,3.4438453,3.6838453,0.60384524,2.0038452,1.8638452,2.3538451,-1.7861547,-0.9461548,-0.41615477,0.24384521,0.73384523,2.7638452,2.8938453,0.6138452,-0.24615479,0.7638452,-1.4161547,-2.9761548,-2.2361548,0.66384524,-1.7361548,-1.6461548,0.23384522,-1.6961548
3.1338453,2.7338452,2.9638453,2.6838453,2.4938452,2.3338451,1.1938453,0.5938452,1.1638452,1.7938452,2.123845,2.9038453,2.373845,2.1438453,2.5138452,2.6038451,2.4338453,2.0038452,2.3238451,1.3538452,0.27384523,3.2938452,1.1238452,-1.7961547,-1.4061548,-0.76615477,-0.006154785,-0.9161548,0.8438452,0.18384522,-1.1261548,-1.0861548,1.6038452,-1.3961548,-2.0261548,-0.3361548,-2.7961547,-0.28615478,-1.6561548,0.5538452,-1.2761548
2.6638453,2.1838453,1.6838452,1.4538453,1.4538453,1.4338452,0.3238452,0.5138452,0.19384521,1.0538452,1.3038452,2.2538452,-0.18615478,2.4138453,2.123845,1.9238452,1.4938452,1.4638453,0.92384523,-0.40615478,-1.0661548,-1.9361548,-2.2461548,-1.9661548,-1.3261548,-1.1761547,-0.38615477,-0.8561548,-0.8161548,-1.3361548,-0.9361548,-1.6161548,-2.1761549,-2.1761549,-1.2161548,-1.1961548,-1.5061548,0.5038452,-1.2861547,0.9538452,-1.3461548
1.7338452,1.5038452,1.3138452,1.2738452,0.85384524,0.20384522,-1.0161548,-0.76615477,0.6138452,-0.89615476,1.0638452,1.4138452,0.31384522,2.5238452,2.2238452,1.7438452,1.8838452,1.7438452,0.3238452,0.3838452,-1.1561548,-1.3161548,-2.376155,-1.6761547,-1.5061548,-1.1661547,-1.0761548,-0.7561548,-1.1261548,-2.3461547,-2.0161548,-1.9961548,-1.8261548,-2.1961548,-0.8661548,-0.11615478,-1.6361548,-1.1861548,-0.8461548,-0.6561548,-0.7261548
1.8238453,1.4238452,0.8438452,0.4238452,0.2538452,-1.2761548,-1.8261548,-0.8661548,-0.3661548,0.6838452,0.7038452,0.8238452,-0.57615477,2.1838453,1.1838452,1.4038452,1.1138452,1.1038452,0.5238452,0.14384522,0.09384522,0.13384521,-0.9861548,-0.6161548,-1.8561548,-1.0461547,-0.64615476,-2.1961548,-2.1461549,-2.2361548,-2.2861547,-1.9861548,-2.2261548,-2.4261549,-1.6261548,-1.3061547,-0.9661548,-1.1661547,-1.3161548,-1.3761548,-0.9461548
1.9238452,0.8438452,-0.4961548,-0.6761548,-1.9861548,-1.6961548,-0.64615476,0.7738452,1.6238452,-0.25615478,0.8038452,-0.21615478,0.023845214,1.1438452,1.2538452,0.7138452,0.9038452,0.8138452,0.18384522,-0.3061548,-0.3061548,-0.9461548,-0.9261548,-1.2561548,-1.8461548,-2.1061547,-2.5761547,-2.4461548,-2.5061548,-2.6861548,-2.8261547,-2.5761547,-2.5861547,-2.1961548,-1.6961548,-1.7961547,-1.2461548,-1.0061548,-0.9361548,-0.3061548,-0.40615478
1.1338452,-0.3661548,-0.6661548,-1.4761548,-1.2761548,-1.2261548,-0.38615477,-0.17615479,0.28384522,-1.4061548,-0.2661548,-0.4261548,0.023845214,-0.066154785,0.7638452,-0.3661548,0.6538452,0.33384523,-0.38615477,-0.6961548,-0.76615477,-0.47615477,-0.066154785,-1.2261548,-1.5461547,-1.4761548,-1.7461548,-1.8461548,-1.7461548,-1.6961548,-1.6261548,-1.8461548,-1.4961548,-1.1061548,-0.7961548,0.033845216,-0.14615479,0.2538452,0.2538452,0.30384523,-0.6361548
