wind_kz.json
{"header": {"discipline":0,"disciplineName":"Meteorological products","gribEdition":2,"gribLength":948,"center":7,"centerName":"US National Weather Service - NCEP(WMC)","subcenter":0,"refTime":"2023-09-22T00:00:00.000Z","significanceOfRT":1,"significanceOfRTName":"Start of forecast","productStatus":0,"productStatusName":"Operational products","productType":1,"productTypeName":"Forecast products","productDefinitionTemplate":0,"productDefinitionTemplateName":"Analysis/forecast at horizontal level/layer at a point in time","parameterCategory":0,"parameterCategoryName":"UnknownDiscipline_0_Category_0","parameterNumber":0,"parameterNumberName":"UnknownParameter_D0_C0_0","parameterUnit":"Unknown","genProcessType":2,"genProcessTypeName":"Forecast","forecastTime":60,"surface1Type":1,"surface1TypeName":"Ground or water surface","surface1Value":0.0,"surface2Type":255,"surface2TypeName":"Missing","surface2Value":0.0,"gridDefinitionTemplate":0,"gridDefinitionTemplateName":"Latitude_Longitude","numberPoints":615,"shape":6,"shapeName":"Earth spherical with radius of 6,371,229.0 m","gridUnits":"degrees","resolution":48,"winds":"true","scanMode":64,"nx":41,"ny":15,"basicAngle":0,"lo1":47.0,"la1":41.0,"lo2":87.0,"la2":55.0,"dx":1.0,"dy":1.0}, "data":
[rows 0 to 14 of 15, columns 0 to 40 of 41]
303.58136,290.98135,296.88135,294.58136,294.78134,294.38135,303.58136,308.58136,305.68134,306.38135,304.68134,305.28134,304.68134,304.68134,304.18134,303.68134,303.38135,303.08136,303.98135,303.98135,306.18134,301.88135,302.48135,296.78134,299.08136,301.58136,295.48135,278.28134,280.48135,278.08136,278.38135,278.98135,288.38135,292.18134,294.28134,293.48135,293.18134,292.48135,292.18134,291.88135,291.88135
285.18134,296.28134,293.98135,294.08136,294.08136,293.68134,309.08136,304.88135,303.68134,303.78134,305.18134,304.18134,303.78134,303.18134,303.68134,303.88135,303.98135,303.58136,302.38135,302.98135,302.58136,303.18134,300.28134,291.28134,283.88135,282.58136,288.78134,282.98135,283.78134,272.08136,281.38135,262.88135,281.38135,255.48135,276.98135,290.18134,289.08136,289.58136,293.18134,286.38135,283.88135
299.68134,293.48135,294.18134,293.78134,291.98135,304.08136,303.48135,304.18134,303.48135,302.68134,302.38135,303.28134,302.18134,303.68134,303.28134,303.18134,302.38135,301.38135,301.38135,301.68134,303.48135,300.68134,300.28134,292.98135,296.88135,294.48135,295.58136,293.38135,292.88135,282.18134,267.58136,274.98135,282.38135,281.78134,282.68134,280.88135,272.48135,274.08136,275.08136,269.38135,262.68134
300.78134,292.98135,294.28134,293.18134,295.18134,301.88135,302.48135,303.08136,303.18134,303.08136,302.18134,299.68134,292.28134,291.68134,303.18134,303.48135,302.08136,301.78134,301.08136,300.58136,298.98135,294.58136,298.78134,298.08136,297.78134,297.18134,297.38135,293.08136,290.28134,291.48135,291.68134,288.68134,294.18134,293.28134,292.18134,283.48135,273.28134,264.28134,275.98135,283.38135,283.08136
299.98135,292.68134,293.48135,292.68134,296.98135,302.48135,303.08136,302.48135,301.48135,303.18134,302.18134,299.58136,291.18134,290.28134,289.18134,302.48135,301.88135,299.58136,298.78134,298.88135,299.28134,298.68134,298.08136,297.38135,295.98135,294.28134,291.38135,292.18134,292.38135,291.58136,293.08136,288.88135,277.98135,265.38135,281.48135,287.48135,289.58136,291.88135,289.58136,289.18134,289.68134
301.68134,300.28134,292.08136,292.58136,292.68134,292.58136,303.78134,304.48135,301.98135,302.78134,297.88135,297.28134,292.68134,291.18134,295.58136,299.88135,300.98135,299.58136,298.88135,298.48135,297.18134,295.88135,295.48135,295.08136,294.38135,292.58136,291.58136,288.78134,292.18134,292.48135,290.18134,290.88135,288.28134,286.48135,282.88135,286.58136,274.18134,277.78134,286.38135,288.08136,288.68134
304.38135,302.58136,302.78134,303.68134,300.08136,305.48135,305.68134,303.58136,303.98135,301.18134,301.68134,299.88135,298.78134,298.48135,298.68134,299.08136,299.08136,299.28134,298.68134,296.68134,295.58136,295.28134,294.78134,293.88135,292.18134,292.18134,291.88135,292.58136,291.78134,290.68134,289.18134,288.68134,288.28134,287.58136,285.38135,283.68134,278.18134,272.68134,267.18134,266.48135,280.98135
304.28134,304.78134,305.68134,305.58136,305.68134,305.68134,306.08136,304.58136,302.98135,301.88135,299.98135,298.08136,297.18134,296.08136,297.08136,297.18134,296.68134,297.58136,297.38135,294.68134,293.78134,293.58136,292.88135,291.88135,290.38135,287.78134,287.28134,287.88135,286.18134,287.08136,285.88135,286.08136,284.08136,281.48135,280.78134,281.98135,282.38135,287.68134,282.48135,282.38135,279.48135
304.78134,304.28134,304.78134,304.88135,304.78134,304.48135,304.68134,303.68134,302.18134,300.48135,298.78134,298.18134,296.58136,296.78134,295.58136,296.38135,295.58136,295.68134,294.48135,293.48135,291.28134,290.88135,290.88135,290.78134,288.88135,288.28134,285.38135,283.18134,281.28134,279.18134,279.68134,280.58136,282.18134,282.38135,281.38135,277.98135,277.38135,276.48135,267.38135,265.68134,261.08136
303.78134,303.98135,304.58136,304.48135,304.28134,304.08136,303.38135,302.68134,301.58136,300.48135,298.88135,297.28134,297.48135,296.58136,295.88135,295.28134,295.38135,295.18134,294.48135,294.08136,292.28134,291.48135,291.58136,291.38135,289.48135,286.98135,285.58136,283.98135,282.08136,280.58136,280.18134,281.68134,283.58136,283.18134,282.68134,278.68134,276.78134,273.08136,271.68134,263.88135,266.28134
302.28134,302.58136,302.68134,302.58136,303.08136,302.48135,302.58136,302.68134,301.88135,300.48135,298.88135,297.78134,297.98135,296.58136,296.18134,295.98135,294.68134,295.38135,294.48135,293.18134,293.08136,292.18134,290.98135,290.48135,289.78134,287.78134,284.58136,283.98135,282.68134,283.18134,283.38135,283.48135,283.28134,284.08136,282.88135,279.48135,274.28134,270.28134,270.48135,272.08136,269.38135
301.68134,303.18134,303.18134,303.08136,301.98135,301.68134,300.28134,300.58136,300.38135,299.88135,295.38135,292.38135,295.68134,294.38135,294.78134,295.08136,294.78134,294.18134,293.68134,292.58136,290.88135,290.18134,290.08136,290.48135,289.78134,289.28134,287.88135,286.98135,283.18134,282.78134,282.98135,282.48135,283.28134,282.68134,281.68134,281.38135,280.58136,279.38135,275.48135,275.58136,275.58136
297.98135,299.68134,301.28134,301.18134,300.98135,299.98135,300.38135,300.98135,300.08136,297.78134,291.38135,291.78134,294.78134,291.78134,294.38135,292.28134,293.08136,292.98135,292.88135,291.88135,291.68134,290.48135,289.48135,288.88135,288.98135,289.38135,288.98135,284.38135,282.88135,282.78134,282.28134,281.98135,282.98135,283.58136,282.28134,280.98135,280.28134,279.78134,278.88135,278.38135,275.58136
299.68134,299.68134,293.48135,300.18134,300.08136,299.58136,298.68134,296.98135,297.88135,296.98135,293.28134,290.88135,290.68134,293.78134,292.48135,291.28134,291.88135,291.08136,290.88135,290.28134,290.28134,291.28134,290.78134,290.48135,290.38135,289.58136,287.18134,283.18134,282.28134,282.28134,280.98135,281.58136,282.18134,280.98135,281.08136,279.68134,279.38135,278.68134,277.68134,276.58136,277.48135
297.38135,299.48135,288.08136,298.88135,299.18134,298.38135,297.78134,297.48135,298.08136,297.28134,295.38135,293.28134,291.18134,291.98135,292.58136,293.48135,293.28134,293.08136,293.98135,292.98135,293.28134,292.28134,291.18134,289.88135,290.18134,287.68134,283.58136,282.58136,282.58136,280.48135,280.58136,282.68134,281.68134,280.58136,279.88135,279.38135,279.48135,277.88135,278.68134,276.78134,276.08136
