wind_kz.json
{"header": {"discipline":0,"disciplineName":"Meteorological products","gribEdition":2,"gribLength":871,"center":7,"centerName":"US National Weather Service - NCEP(WMC)","subcenter":0,"refTime":"2023-09-27T00:00:00.000Z","significanceOfRT":1,"significanceOfRTName":"Start of forecast","productStatus":0,"productStatusName":"Operational products","productType":1,"productTypeName":"Forecast products","productDefinitionTemplate":0,"productDefinitionTemplateName":"Analysis/forecast at horizontal level/layer at a point in time","parameterCategory":0,"parameterCategoryName":"UnknownDiscipline_0_Category_0","parameterNumber":0,"parameterNumberName":"UnknownParameter_D0_C0_0","parameterUnit":"Unknown","genProcessType":2,"genProcessTypeName":"Forecast","forecastTime":180,"surface1Type":1,"surface1TypeName":"Ground or water surface","surface1Value":0.0,"surface2Type":255,"surface2TypeName":"Missing","surface2Value":0.0,"gridDefinitionTemplate":0,"gridDefinitionTemplateName":"Latitude_Longitude","numberPoints":615,"shape":6,"shapeName":"Earth spherical with radius of 6,371,229.0 m","gridUnits":"degrees","resolution":48,"winds":"true","scanMode":64,"nx":41,"ny":15,"basicAngle":0,"lo1":47.0,"la1":41.0,"lo2":87.0,"la2":55.0,"dx":1.0,"dy":1.0}, "data":
[rows 0 to 14 of 15, columns 0 to 40 of 41]
289.11758,281.41757,285.11758,293.31757,293.31757,292.51758,298.41757,304.01758,304.2176,305.81757,304.7176,305.81757,305.51758,305.61758,305.81757,305.2176,304.81757,303.81757,304.11758,303.7176,304.7176,300.31757,300.91757,296.61758,298.2176,299.61758,294.7176,281.7176,277.11758,277.51758,275.91757,274.81757,287.61758,294.2176,294.7176,294.7176,292.91757,293.11758,294.2176,294.61758,291.51758
273.31757,292.01758,292.81757,293.2176,293.01758,291.81757,300.41757,302.31757,304.81757,305.51758,306.7176,305.2176,305.41757,305.51758,304.61758,304.2176,303.01758,303.31757,302.2176,302.31757,302.01758,300.51758,298.91757,290.2176,280.61758,278.7176,287.81757,281.61758,283.31757,276.31757,283.61758,264.2176,280.7176,257.51758,275.51758,291.41757,289.2176,291.31757,294.2176,286.91757,284.11758
296.91757,292.7176,293.11758,292.81757,291.01758,296.7176,297.61758,299.7176,301.61758,302.01758,302.11758,303.01758,304.01758,303.41757,302.51758,302.41757,301.41757,300.7176,300.61758,300.61758,300.7176,299.51758,299.7176,294.01758,297.01758,294.81757,296.01758,295.2176,293.11758,283.81757,274.2176,276.7176,283.51758,282.51758,282.61758,282.01758,273.41757,277.81757,279.51758,275.31757,272.91757
298.81757,291.91757,292.81757,292.11758,292.31757,297.41757,298.11758,296.01758,301.61758,304.01758,302.41757,299.91757,290.61758,290.31757,300.51758,301.81757,299.7176,299.41757,300.11758,299.2176,298.91757,293.81757,297.41757,297.81757,298.31757,298.61758,298.2176,294.7176,293.01758,293.81757,294.61758,290.81757,295.61758,292.61758,291.31757,286.61758,274.51758,263.41757,277.61758,285.01758,289.91757
299.41757,291.31757,292.01758,291.01758,293.91757,297.2176,296.31757,297.91757,296.91757,299.01758,302.31757,298.2176,290.01758,289.11758,288.51758,300.81757,300.7176,299.51758,298.81757,298.11758,298.2176,298.7176,297.01758,296.91757,296.2176,295.81757,294.01758,291.41757,294.61758,293.61758,296.11758,292.2176,278.81757,267.91757,281.2176,289.51758,291.2176,293.31757,294.51758,294.31757,294.51758
298.01758,294.01758,290.51758,291.11758,291.2176,290.81757,296.61758,294.81757,294.91757,300.01758,300.2176,299.31757,290.81757,289.81757,293.81757,298.91757,299.31757,299.11758,298.31757,297.61758,296.81757,295.61758,295.2176,294.81757,294.51758,292.7176,292.11758,287.31757,294.31757,294.91757,293.31757,294.91757,292.91757,290.51758,287.31757,289.7176,282.01758,285.11758,290.81757,290.81757,292.41757
298.51758,292.81757,297.51758,295.61758,296.11758,298.2176,295.11758,294.7176,298.01758,298.41757,298.61758,298.01758,297.31757,298.51758,297.91757,298.61758,298.51758,297.81757,297.51758,295.91757,294.81757,294.91757,294.7176,294.51758,292.81757,292.7176,292.01758,293.41757,292.61758,293.31757,292.51758,292.11758,292.51758,293.11758,290.81757,288.7176,283.2176,278.7176,276.31757,275.2176,286.51758
297.51758,296.91757,296.81757,296.41757,296.51758,293.61758,295.11758,294.11758,295.11758,297.01758,296.91757,296.81757,296.91757,297.61758,298.61758,298.41757,296.81757,296.11758,295.61758,293.7176,293.11758,293.01758,293.11758,292.51758,291.91757,289.01758,288.81757,289.91757,288.2176,290.2176,289.11758,290.01758,288.81757,287.01758,286.61758,286.81757,288.31757,286.01758,287.51758,288.61758,285.7176
296.61758,296.11758,290.11758,291.2176,289.91757,295.51758,296.91757,291.81757,294.81757,295.81757,295.41757,296.11758,294.41757,296.41757,296.2176,297.61758,296.91757,296.01758,293.51758,293.01758,290.91757,289.7176,291.2176,290.61758,288.7176,288.7176,286.7176,286.2176,285.61758,284.51758,285.11758,285.41757,285.81757,286.41757,286.11758,284.61758,283.51758,283.81757,271.11758,273.31757,269.51758
296.41757,295.7176,296.31757,293.01758,288.91757,289.91757,291.01758,291.11758,291.91757,292.7176,292.11758,294.7176,294.91757,294.91757,294.81757,295.01758,295.81757,295.91757,295.11758,293.11758,291.11758,289.7176,289.7176,288.91757,288.51758,286.81757,286.31757,286.2176,285.31757,285.01758,284.51758,285.01758,286.2176,286.2176,285.91757,284.61758,282.81757,277.91757,273.31757,270.61758,268.51758
295.51758,296.51758,295.11758,294.7176,291.91757,291.41757,289.31757,293.7176,294.41757,293.61758,291.91757,293.31757,293.51758,293.2176,293.51758,293.7176,293.7176,294.41757,294.2176,292.51758,291.81757,289.51758,287.61758,287.81757,286.41757,286.51758,284.2176,285.7176,286.11758,286.2176,285.41757,285.61758,285.2176,286.31757,285.91757,283.11758,280.2176,276.7176,275.7176,275.7176,273.51758
293.41757,295.61758,295.7176,295.51758,294.2176,291.01758,288.31757,288.7176,292.7176,291.2176,290.01758,290.7176,292.11758,290.81757,291.61758,292.41757,292.7176,292.51758,292.61758,291.41757,289.31757,287.11758,285.51758,285.7176,284.91757,285.81757,286.01758,286.2176,286.01758,285.11758,283.61758,284.2176,284.41757,282.81757,283.91757,282.11758,281.81757,280.41757,279.51758,279.7176,279.51758
289.41757,290.7176,292.31757,292.61758,292.41757,292.2176,292.51758,292.11758,289.61758,290.31757,285.81757,285.11758,288.11758,289.7176,291.2176,291.61758,291.81757,291.51758,291.41757,290.01758,288.7176,286.51758,285.2176,284.41757,285.61758,286.31757,286.61758,285.01758,284.51758,283.51758,283.2176,282.01758,281.31757,281.81757,281.81757,282.11758,280.7176,282.2176,279.61758,278.51758,279.31757
290.2176,289.81757,287.41757,289.61758,289.31757,290.11758,290.11758,289.41757,290.2176,288.7176,285.51758,282.81757,285.01758,287.51758,289.01758,289.31757,289.2176,289.61758,289.91757,290.01758,289.41757,288.2176,288.01758,287.01758,286.81757,286.61758,285.11758,284.51758,283.41757,283.11758,282.31757,281.11758,279.91757,278.81757,279.2176,279.01758,279.31757,278.41757,278.2176,276.31757,275.61758
287.81757,289.7176,285.31757,286.61758,287.91757,287.91757,287.61758,287.7176,289.41757,289.31757,285.7176,285.61758,283.31757,285.81757,286.81757,287.81757,287.31757,286.2176,287.41757,289.41757,289.7176,288.7176,288.31757,287.11758,286.31757,285.61758,285.01758,283.7176,283.2176,281.91757,281.7176,281.91757,279.91757,278.81757,278.2176,278.31757,277.41757,278.51758,279.61758,278.2176,277.81757
