wind_kz.json
[{"header":{"discipline":0,"disciplineName":"Meteorological products","gribEdition":2,"gribLength":948,"center":7,"centerName":"US National Weather Service - NCEP(WMC)","subcenter":0,"refTime":"2023-09-11T06:00:00.000Z","significanceOfRT":1,"significanceOfRTName":"Start of forecast","productStatus":0,"productStatusName":"Operational products","productType":1,"productTypeName":"Forecast products","productDefinitionTemplate":0,"productDefinitionTemplateName":"Analysis/forecast at horizontal level/layer at a point in time","parameterCategory":0,"parameterCategoryName":"UnknownDiscipline_0_Category_0","parameterNumber":0,"parameterNumberName":"UnknownParameter_D0_C0_0","parameterUnit":"Unknown","genProcessType":2,"genProcessTypeName":"Forecast","forecastTime":0,"surface1Type":1,"surface1TypeName":"Ground or water surface","surface1Value":0.0,"surface2Type":255,"surface2TypeName":"Missing","surface2Value":0.0,"gridDefinitionTemplate":0,"gridDefinitionTemplateName":"Latitude_Longitude","numberPoints":615,"shape":6,"shapeName":"Earth spherical with radius of 6,371,229.0 m","gridUnits":"degrees","resolution":48,"winds":"true","scanMode":64,"nx":41,"ny":15,"basicAngle":0,"lo1":47.0,"la1":41.0,"lo2":87.0,"la2":55.0,"dx":1.0,"dy":1.0},"data":[291.3,286.7,294.2,297.7,297.5,296.5,300.7,307.1,302.8,302.5,300.2,301.3,303.0,302.8,302.9,303.5,302.5,303.8,307.3,309.6,311.9,310.3,313.0,313.9,315.4,316.3,314.1,305.3,303.7,301.2,294.7,291.4,309.0,320.1,322.8,322.7,327.2,324.9,324.8,324.7,323.0,283.7,293.9,297.0,297.3,297.1,295.3,306.0,300.6,300.2,300.2,300.7,300.8,300.8,299.4,302.2,303.5,303.9,303.4,299.7,299.8,310.4,309.6,311.5,302.5,293.2,297.4,310.7,304.3,305.6,294.3,302.8,286.3,300.5,272.4,291.9,315.5,316.8,317.1,319.6,315.3,285.5,297.2,296.5,297.3,297.0,295.1,300.3,298.4,299.4,298.9,297.9,298.9,299.6,299.2,294.4,292.4,295.0,301.1,301.6,296.9,297.3,298.4,305.0,308.5,306.1,311.5,313.8,318.4,317.7,323.0,308.4,297.0,297.7,307.2,306.3,308.5,302.7,299.1,295.5,294.5,292.6,285.5,296.6,295.7,296.5,295.9,295.4,298.6,296.8,296.0,297.4,298.5,298.9,297.4,293.8,293.2,292.8,297.5,294.5,294.3,299.3,299.2,300.1,302.3,304.7,310.4,313.9,313.7,315.8,318.0,319.1,318.1,313.7,313.3,314.4,318.5,316.5,309.1,297.4,284.3,302.2,313.0,310.3,298.0,293.9,294.9,293.7,294.8,296.3,297.6,297.7,295.2,294.1,295.7,291.9,293.1,291.9,290.1,298.6,294.7,292.0,296.0,299.5,300.4,304.4,304.3,312.9,313.1,314.2,315.4,307.2,316.6,317.4,317.3,319.1,301.9,289.3,304.2,313.6,309.6,320.6,322.2,318.1,313.6,298.8,295.5,293.6,292.8,293.0,292.3,297.9,296.9,293.8,293.4,293.4,287.7,292.7,293.0,294.9,297.7,295.2,292.0,295.8,301.3,301.2,297.7,309.3,307.3,310.7,310.2,311.5,291.6,309.6,310.4,312.1,310.1,313.5,314.1,311.2,309.4,306.7,307.7,319.0,318.3,318.3,298.6,299.7,300.3,300.8,297.9,297.8,298.4,295.7,295.8,295.9,287.2,287.7,286.2,286.3,293.9,296.0,290.7,293.3,299.5,300.0,298.0,299.8,298.8,303.8,305.5,304.5,306.4,307.4,308.5,310.4,308.9,308.9,312.7,313.3,311.9,309.1,302.9,302.9,300.5,297.3,309.8,299.4,299.5,291.3,293.9,297.3,295.1,291.5,297.2,297.0,295.0,294.4,287.5,284.8,285.1,288.1,287.4,287.7,294.5,297.0,295.0,291.6,292.9,293.2,295.5,302.3,299.6,298.5,302.6,302.9,304.9,304.3,306.5,310.2,305.4,310.0,308.6,310.5,290.3,306.7,309.4,308.5,294.2,293.6,294.7,293.0,293.8,289.9,297.8,295.6,296.8,296.6,289.9,285.3,283.2,284.9,285.8,287.9,286.4,287.7,288.9,291.5,291.9,287.2,286.5,292.4,295.3,297.5,297.6,297.5,299.4,298.2,300.7,303.4,306.4,310.0,305.9,299.3,292.4,294.5,282.5,281.9,277.5,293.5,294.4,297.0,297.4,297.0,296.8,297.7,295.8,295.1,294.3,284.2,283.1,284.1,283.5,284.0,283.9,284.8,285.3,287.2,288.1,289.7,291.8,289.3,287.8,290.3,295.4,298.1,298.8,299.2,300.0,302.9,307.0,309.9,311.7,306.4,300.2,286.8,283.6,282.8,280.8,282.2,293.4,291.5,295.3,295.5,294.6,294.7,287.8,294.4,294.3,288.4,282.8,282.6,282.9,282.3,282.8,283.5,283.3,285.6,286.4,285.4,286.3,287.1,291.7,289.9,290.7,293.8,292.4,299.8,303.0,306.5,306.4,307.7,306.6,305.1,304.1,299.7,294.7,291.6,291.8,286.9,287.7,289.3,291.1,291.4,291.0,291.2,291.4,289.1,287.0,290.5,286.4,281.1,281.5,282.6,281.3,282.0,283.6,284.9,285.4,285.6,285.2,283.8,285.4,286.3,288.2,289.7,294.8,296.3,299.0,297.5,301.3,299.3,301.7,300.0,301.8,300.0,301.9,297.1,299.8,295.3,296.4,295.1,286.5,289.5,289.7,290.0,289.0,286.6,286.1,286.8,282.9,282.6,281.1,279.3,283.4,282.4,282.9,285.0,288.1,289.1,287.8,286.6,286.9,286.7,286.2,288.8,293.7,296.7,298.4,297.4,298.1,298.1,298.4,297.5,294.5,299.2,298.7,295.2,294.6,293.5,294.3,293.5,292.5,287.1,288.7,288.9,289.2,289.3,286.1,286.1,284.0,283.1,287.5,282.4,279.3,280.9,284.4,282.9,285.9,285.8,286.9,287.3,288.5,288.7,290.4,287.4,286.7,288.4,294.3,296.2,297.0,296.6,296.5,296.8,295.6,295.1,293.8,293.4,292.9,291.8,292.6,293.8,290.8,292.6,287.3,290.9,289.2,287.4,288.7,284.6,282.9,285.3,282.9,288.4,286.4,282.5,279.8,280.9,283.0,285.9,287.0,288.1,290.4,290.0,291.3,291.7,292.8,287.9,287.7,290.2,293.3,296.1,296.2,296.3,295.9,290.7,294.2,293.7,293.9,294.2,295.2,293.9,294.0,293.9,291.7]},{"header":{"discipline":0,"disciplineName":"Meteorological products","gribEdition":2,"gribLength":1102,"center":7,"centerName":"US National Weather Service - NCEP(WMC)","subcenter":0,"refTime":"2023-09-11T06:00:00.000Z","significanceOfRT":1,"significanceOfRTName":"Start of forecast","productStatus":0,"productStatusName":"Operational products","productType":1,"productTypeName":"Forecast products","productDefinitionTemplate":0,"productDefinitionTemplateName":"Analysis/forecast at horizontal level/layer at a point in time","parameterCategory":2,"parameterCategoryName":"UnknownDiscipline_0_Category_2","parameterNumber":2,"parameterNumberName":"UnknownParameter_D0_C2_2","parameterUnit":"Unknown","genProcessType":2,"genProcessTypeName":"Forecast","forecastTime":0,"surface1Type":103,"surface1TypeName":"Specified height level above ground","surface1Value":10.0,"surface2Type":255,"surface2TypeName":"Missing","surface2Value":0.0,"gridDefinitionTemplate":0,"gridDefinitionTemplateName":"Latitude_Longitude","numberPoints":615,"shape":6,"shapeName":"Earth spherical with radius of 6,371,229.0 m","gridUnits":"degrees","resolution":48,"winds":"true","scanMode":64,"nx":41,"ny":15,"basicAngle":0,"lo1":47.0,"la1":41.0,"lo2":87.0,"la2":55.0,"dx":1.0,"dy":1.0},"data":[-2.5162928,1.9637073,-2.8762927,-0.34629273,3.8237073,2.8437073,3.6337073,1.4637073,5.303707,6.3937073,7.343707,7.843707,9.243708,9.643707,10.503707,9.793707,9.743708,9.983707,10.003707,10.203708,12.143707,9.053707,7.0637074,5.6637073,1.4837073,2.5437074,3.3937073,4.5437074,1.8437073,2.0637074,0.45370728,1.5737072,1.6237073,-0.39629272,-3.4462926,-2.1062927,0.22370727,-0.45629272,-0.53629273,-0.77629274,-1.3062928,0.8337073,-1.7962928,4.993707,7.9437075,6.9637074,4.203707,4.5237074,5.2537074,6.973707,7.243707,7.223707,8.553707,9.123707,8.993708,10.003707,11.233707,11.863708,11.383707,11.183707,11.183707,10.573708,9.913708,8.003707,4.493707,4.243707,-0.07629272,1.7537073,2.1937072,4.203707,4.0237074,2.7637072,5.863707,0.78370726,1.7837073,0.48370728,0.6137073,-0.9362927,-1.8262928,-0.77629274,1.2437073,-1.6862928,1.1637073,6.863707,8.433707,7.723707,5.453707,5.5837073,6.243707,7.5037074,8.503707,8.373707,8.643707,9.063707,9.823708,11.293707,12.543707,13.873707,15.113708,15.793707,13.543707,12.473707,10.243708,10.443707,11.293707,9.563707,11.933707,3.6737072,-0.70629275,-2.3162928,0.22370727,0.72370726,2.3537073,1.7537073,2.2137072,1.8937073,-0.89629275,2.4837072,3.2037072,0.8837073,2.7937074,7.203707,4.9637074,4.4137073,5.613707,4.823707,6.203707,6.223707,7.2137074,7.823707,9.713707,10.063707,9.853707,9.6537075,10.473707,12.633707,14.543707,14.123707,16.673708,16.083708,15.473707,15.173707,13.013707,10.313707,12.343707,5.363707,8.993708,8.583707,4.283707,0.7637073,0.8837073,0.06370728,-2.9362926,-7.546293,-4.4562926,-4.9762926,-4.0962925,-4.406293,-3.3862927,0.30370727,2.2937074,0.4437073,-2.2162926,-1.6862928,4.683707,7.013707,7.3337073,7.7737074,8.9037075,9.103707,9.823708,10.873707,9.833707,10.133707,10.173707,11.033708,12.343707,15.003707,16.983707,17.223707,15.303707,13.713707,12.833707,11.693707,12.083707,11.013707,9.813707,3.5437074,1.7137073,0.27370727,-1.9862927,-4.6262927,-4.1862926,-3.9362926,-1.3062928,1.2037072,5.033707,10.623707,-3.7162926,-1.9362928,0.17370728,-3.5562928,-3.7062926,-3.0962927,-5.3362927,5.383707,5.1437073,6.7937074,7.0237074,8.063707,8.043707,8.623707,8.033708,8.123707,8.283708,9.353707,8.733707,11.213707,14.113708,13.673707,11.933707,12.533708,10.933707,10.143707,8.603707,10.573708,8.793707,6.6637073,-0.95629275,-1.2362927,-3.3662927,-5.3962927,-3.0662928,-5.156293,-4.6262927,-4.6462927,-3.7762928,-1.9862927,-1.8162928,-1.2662927,2.0037072,0.2537073,-0.8162927,-2.7062926,-2.0262928,-1.6962928,4.013707,4.0837073,5.203707,5.7537074,6.113707,6.4437075,7.0237074,6.843707,6.823707,7.4137073,5.3737073,6.5837073,8.543707,8.573708,7.593707,8.503707,7.993707,5.2537074,5.783707,7.0637074,6.9437075,2.0537074,-1.0262927,-1.4462928,-4.3062925,-5.066293,-4.8462925,-4.676293,-5.136293,-4.236293,-4.0862927,-3.5862927,-2.2862928,-1.2262927,-2.2862928,-1.1262927,0.06370728,2.6237073,3.6937072,2.6337073,-1.8462927,3.1137073,3.8037074,3.3337073,4.1637073,4.703707,4.3137074,4.953707,5.323707,5.453707,5.7937074,4.473707,5.5237074,5.843707,7.323707,5.4137073,2.3837073,3.6637073,2.3137074,4.3337073,0.8637073,-8.146293,-6.8362927,-6.0962925,-2.3062928,-4.0162926,-3.6762927,-3.8862927,-3.3962927,-4.386293,-3.5362928,-4.3962927,-3.5062928,-2.1962926,-2.6462927,0.20370728,-3.2162926,-1.3662927,-0.036292724,-5.8562927,-7.216293,-4.3062925,2.6437073,2.7637072,4.3737073,2.6637073,3.8337073,3.5837073,3.2237072,3.8137074,3.1337073,1.8137072,1.2637073,1.2237073,2.3737073,3.1337073,-1.6462927,-3.3262928,-4.176293,-5.926293,-6.9962926,-10.296292,-11.506292,-9.576293,-7.3462925,-3.1762927,-1.9162927,-3.5662928,-3.1662927,-2.2562928,-3.3062928,-3.5362928,-2.6662927,-3.3662927,-3.5162928,-1.3462927,-2.0662928,-2.5662928,-3.1762927,-2.5662928,-1.2662927,-1.7562927,-1.4762927,2.7037072,2.0137072,1.4737073,2.0337074,2.3637073,2.9737072,1.5837073,0.33370727,-0.23629272,-2.0862927,0.78370726,-2.4162927,0.23370728,-2.3262928,-6.2262926,-7.3362927,-7.0962925,-4.4562926,-8.626293,-9.216292,-10.636292,-10.296292,-5.866293,-5.5862927,-4.866293,-5.5862927,-4.0962925,-3.7062926,-4.156293,-3.4262927,-2.5862927,-2.0262928,-1.2662927,-0.6962927,-1.5062927,-3.1562927,-2.3762927,-1.2262927,-1.5562928,-0.08629272,-0.77629274,0.7637073,1.4337072,1.0737072,0.10370728,0.39370728,0.5837073,-0.36629272,-1.4862927,-2.1662927,-5.3062925,-4.2662926,-5.0962925,-2.7062926,-5.7662926,-7.6662927,-8.186293,-8.076293,-9.216292,-11.006292,-10.5962925,-9.806293,-9.226293,-8.556293,-6.7862926,-5.9362926,-4.6662927,-5.906293,-4.4162927,-2.8662927,-0.25629273,2.1337073,1.4937073,1.4137073,1.0137073,-2.7062926,-0.5462927,-1.0262927,0.32370728,-1.5962927,0.33370727,1.5137073,0.5637073,-0.036292724,0.5537073,0.46370727,-0.16629273,-0.9162927,-1.6062927,-1.4462928,-3.6362927,-4.0962925,-4.7062926,-4.9962926,-4.5562925,-7.6662927,-8.016293,-7.156293,-9.356293,-9.246293,-10.056293,-8.266293,-7.2262926,-6.6262927,-6.1662927,-5.2862926,-5.5862927,-5.8362927,-6.8462925,-6.946293,-6.986293,-6.5962925,-6.756293,-6.9762926,-4.816293,-4.486293,-2.8962927,-2.5262928,-0.82629275,-0.07629272,0.20370728,0.72370726,-0.106292725,0.42370728,0.59370726,-0.19629273,0.14370728,-0.9262927,-0.51629275,-0.20629272,-1.0262927,-3.2662928,-1.8962927,-3.1762927,-3.8662927,-5.636293,-5.7462926,-3.9862928,-5.8962927,-8.946293,-7.6662927,-6.8962927,-5.9162927,-5.9562926,-5.3462925,-4.196293,-4.3462925,-6.1862926,-8.456293,-9.3462925,-9.626293,-9.156293,-8.406293,-7.866293,-7.296293,-6.6462927,-6.1462927,-5.196293,-5.0762925,-4.6262927,-2.8462927,-3.0762928,-2.4662926,-0.64629275,0.5737073,-0.3362927,0.29370728,-1.2962928,-3.1462927,-2.2462928,-3.4262927,-3.2462928,-3.1762927,-3.3662927,-2.9962928,-3.5962927,-3.6462927,-4.1262927,-1.8162928,-3.9362926,-3.8762927,-5.0962925,-5.0562925,-5.8262925,-5.4162927,-5.0962925,-4.6462927,-4.6462927,-6.156293,-8.626293,-8.786293,-8.216292,-7.8562927,-7.8562927,-7.2862926,-6.676293,-5.8362927,-5.616293,-4.366293,-4.446293,-3.0362928,-2.3362927,-2.1762927,-1.1662927,0.6137073,0.08370727,-1.6562927,-3.4862928,-2.4162927,-3.7862928,-2.8562927,-2.3662927,-5.3062925,-4.5162926,-5.926293,-5.116293,-5.1462927,-2.0362928,-2.1862926,-2.7562928,-3.5262928,-4.546293,-5.3762927,-4.696293,-4.7462926,-5.1062927,-5.656293,-6.506293,-6.0962925,-6.4762926,-6.636293,-6.486293,-6.4762926,-6.196293,-5.716293,-5.5162926,-4.4962926,-4.566293,-3.9162927,-4.0562925,-3.8962927,-3.0562928,-1.4462928,-0.28629273,-0.65629274,-0.026292725]},{"header":{"discipline":0,"disciplineName":"Meteorological products","gribEdition":2,"gribLength":1102,"center":7,"centerName":"US National Weather Service - NCEP(WMC)","subcenter":0,"refTime":"2023-09-11T06:00:00.000Z","significanceOfRT":1,"significanceOfRTName":"Start of forecast","productStatus":0,"productStatusName":"Operational products","productType":1,"productTypeName":"Forecast products","productDefinitionTemplate":0,"productDefinitionTemplateName":"Analysis/forecast at horizontal level/layer at a point in time","parameterCategory":2,"parameterCategoryName":"UnknownDiscipline_0_Category_2","parameterNumber":3,"parameterNumberName":"UnknownParameter_D0_C2_3","parameterUnit":"Unknown","genProcessType":2,"genProcessTypeName":"Forecast","forecastTime":0,"surface1Type":103,"surface1TypeName":"Specified height level above ground","surface1Value":10.0,"surface2Type":255,"surface2TypeName":"Missing","surface2Value":0.0,"gridDefinitionTemplate":0,"gridDefinitionTemplateName":"Latitude_Longitude","numberPoints":615,"shape":6,"shapeName":"Earth spherical with radius of 6,371,229.0 m","gridUnits":"degrees","resolution":48,"winds":"true","scanMode":64,"nx":41,"ny":15,"basicAngle":0,"lo1":47.0,"la1":41.0,"lo2":87.0,"la2":55.0,"dx":1.0,"dy":1.0},"data":[1.0839527,1.2839526,0.99395263,-6.2360473,-7.106047,-7.2660475,-4.7860475,-2.4960473,-2.9260473,-5.526047,-4.816047,-4.6360474,-4.4760475,-4.7460475,-4.4460473,-3.5960474,-4.1860476,-2.5360475,-1.7660474,0.8139526,-2.6060474,-4.796047,-3.4860473,0.72395265,4.663953,2.1639526,1.8539526,1.7439526,1.6439526,0.96395266,1.2139527,1.7839526,0.85395265,0.013952637,-1.8560474,-1.8260474,1.1839527,1.6139526,1.3439527,1.7139527,1.8439527,0.47395265,-0.20604736,-1.9260473,-9.876047,-5.5360475,-3.2460473,-2.7860475,-3.1060474,-3.4160473,-3.1460474,-3.0760474,-4.126047,-3.1260474,-3.8660474,-4.086047,-3.0860474,-2.4360473,-0.8060474,-0.6160474,0.47395265,-0.46604738,-2.9160473,0.49395263,5.663953,5.5339527,5.913953,3.9539526,3.4939528,-0.38604736,4.3639526,0.23395264,1.2939526,1.9739527,-0.64604735,1.7139527,2.5139527,3.0539527,1.1539526,1.3039527,1.7139527,0.99395263,-2.2760475,-6.8860474,-5.9960475,-4.1160474,-3.2360473,-1.8860474,-1.6960473,-2.7760475,-2.6860473,-2.3660474,-3.5660474,-3.7560472,-3.4160473,-3.0760474,-1.4760474,-0.94604737,-1.4160473,0.30395263,0.6439526,1.9539527,0.09395263,-1.5560473,0.74395263,6.3239527,2.0139527,-2.1460474,-1.8960474,-2.1960473,0.48395264,0.6839526,-0.21604736,3.9439526,0.40395263,1.0539527,0.6239526,-1.9360473,-0.66604733,2.2839527,-3.4760473,1.2139527,1.6739526,-2.2660475,-5.836047,-5.8460474,-4.9160476,-3.2560472,-2.4960473,-2.8360474,-2.8360474,-2.6460474,-2.7160473,-3.5560474,-3.5760474,-6.0360475,-6.776047,-3.5260475,-2.6460474,1.3639526,6.8439527,4.183953,4.8239527,3.6839526,6.7739525,2.3539526,5.643953,2.8439527,3.9339526,3.0639527,1.2139527,2.3139527,3.3539526,6.683953,1.2939526,0.79395264,0.6939526,0.77395266,2.2339525,4.2739525,4.0839524,0.34395263,-1.2660474,1.0739527,-2.2860475,-3.7360473,-4.2460475,-3.6160474,-2.5860474,-2.9560473,-3.0160475,-1.7860473,-2.0660474,-2.7460473,-2.4660473,-4.046047,-6.1460476,-8.626047,-6.6160474,-1.9860474,2.5539527,7.5039525,9.443953,8.863953,7.6139526,5.4239526,7.2839527,4.6739526,5.933953,5.3539524,5.183953,3.4439526,3.8539526,2.4639525,1.5839527,-0.23604736,4.7739525,2.1939526,0.71395266,1.5639527,1.6939527,-0.49604738,-1.6660473,0.84395266,3.5339527,-2.5160475,-2.5960474,-3.8660474,-4.2260475,-4.3060474,-5.2260475,-5.1660476,-4.8260474,-2.6060474,-2.7160473,-2.3360474,-2.5660474,-7.3460474,-9.636047,-6.6760473,-2.6060474,-3.4060473,10.293953,12.633953,10.393952,7.973953,8.493953,10.103952,9.403953,8.333953,6.8439527,5.2939525,-1.2260474,2.7439528,1.9239526,0.83395267,-0.40604737,-1.2760473,-2.6760473,-3.1960473,-2.0260475,-3.6960473,4.1039524,0.083952636,1.3239527,2.1839526,-3.9160473,-3.3760474,-3.7960474,-3.6060474,-4.5360475,-3.9860473,-4.4760475,-4.0160475,-2.9860473,-1.0860474,-2.2260473,-5.2860475,-4.4360476,-7.606047,-7.106047,-3.6060474,4.0639524,10.363953,12.653953,10.313952,9.623953,10.313952,10.373953,10.203953,8.853952,6.8039527,5.143953,4.453953,3.6639526,3.4639525,2.3739526,1.1339526,-0.6760474,1.2739526,1.9039526,3.8839526,2.9339526,4.433953,4.1739526,5.3039527,4.0039525,-4.066047,-4.3960476,-3.3760474,-5.7160473,-6.4060473,-5.046047,-3.7260473,-4.5360475,-2.6260474,-2.1960473,-1.5760474,-5.7560472,-6.0960474,-7.8460474,-4.876047,-4.1160474,-6.296047,11.333953,12.383953,13.243953,8.123953,6.5039525,2.0639527,7.3539524,8.793953,8.133953,7.7639527,5.9039526,4.5239525,4.143953,3.4639525,1.5939527,1.2939526,-0.52604735,0.5639526,-1.2460474,-1.9360473,0.60395265,0.49395263,1.3739526,3.2639527,-4.9460473,-3.4360473,-3.3160474,-6.1660476,-5.2860475,-4.7660475,-4.8260474,-4.356047,-3.5460474,-3.4360473,-0.9960474,-5.3960476,-7.086047,-7.586047,-5.876047,-4.6460476,-4.816047,-3.4660473,3.9039526,6.8139524,6.9039526,2.9039526,1.3639526,2.6439526,5.2939525,6.4939528,7.8139524,7.453953,6.5239525,6.0439525,4.5839524,3.3839526,0.33395264,-0.52604735,2.6239526,4.1139526,-2.3660474,-3.0660474,1.4039526,1.2439526,-1.4760474,-4.5060472,-4.4260473,-5.5560474,-6.6360474,-6.1360474,-4.9960475,-4.026047,-3.9660473,-3.7760475,-4.4360476,-4.7860475,-5.1960473,-6.7860475,-6.126047,-5.8960476,-6.046047,-3.4660473,-1.5860474,-0.28604737,1.6239526,3.7939527,6.1739526,4.663953,0.97395265,1.7939526,4.1539526,4.373953,4.8039527,4.5439525,4.6739526,4.5639524,1.6339526,-0.29604736,-0.41604736,3.6939526,2.9539526,1.4139526,-0.31604737,-0.026047364,1.4139526,1.8739526,-4.796047,-4.2260475,-6.1960473,-6.336047,-6.1660476,-5.3460474,-3.7660475,-3.2760475,-3.2560472,-0.6760474,-2.1160474,-3.6960473,-5.9160476,-5.1460476,-3.9360473,-5.336047,-5.6460476,-4.8860474,-3.4960473,-1.4960474,-1.1460474,-1.0260473,-0.48604736,-0.59604734,-0.6860474,2.0239527,2.0739527,0.92395264,0.77395266,-0.29604736,-0.24604736,0.77395266,1.0239526,2.3039527,5.1139526,5.4039526,0.8839526,-1.0960474,3.2839527,1.7939526,0.8239526,-4.6460476,-5.316047,-6.046047,-6.026047,-6.0060472,-5.046047,-4.336047,-2.6560473,-2.0460474,0.38395265,-1.3860474,-2.2160473,-3.5060472,-2.2360473,-3.0360475,-3.3160474,-2.3360474,-3.4060473,-4.1360474,-5.066047,-4.106047,-1.9060473,-2.7660475,-1.9760474,-0.7460474,0.013952637,0.22395264,0.30395263,0.49395263,0.58395267,0.33395264,-0.41604736,-1.2060474,0.79395264,1.3639526,-0.59604734,-1.9660474,-1.9360473,0.13395263,-0.71604735,0.28395262,-3.9760473,-4.626047,-6.0760474,-5.0960474,-4.776047,-3.6260474,-3.4160473,-3.3760474,0.16395263,-0.016047364,-0.35604736,1.1339526,-0.32604736,-4.336047,-3.6860473,-3.7660475,-1.7760473,-4.276047,-2.2760475,-2.8460474,-1.5460473,-0.84604734,-1.0060474,-0.45604736,0.59395266,0.14395264,0.15395264,-0.94604737,-1.8460474,-2.4660473,-2.8860474,-2.2060473,-1.7960473,-1.9460473,-1.2160474,-1.7260474,-2.1060474,-2.0260475,-3.7260473,-2.6860473,-2.1460474,-5.126047,-6.086047,-5.7160473,-6.2860475,-5.856047,-5.7460475,-5.106047,-3.3860474,-0.49604738,2.3239527,0.053952638,0.03395264,-0.0060473634,-1.7060474,-3.1460474,-3.4460473,-2.3160474,-1.8160473,-1.6460474,-2.9060473,-2.7960474,-1.7860473,-1.4160473,-0.78604734,-0.58604735,0.123952635,-0.25604737,-1.0560473,-1.3960474,-1.5460473,-1.9560474,-2.7760475,-2.5260475,-1.7160474,-1.9060473,-2.6160474,-2.6060474,-2.9660473,-3.2460473,-3.2960474,-3.0460474,-3.7360473,-6.6660476,-7.1160474,-5.3860474,-5.6560473,-4.7660475,-4.4760475,-2.2160473,-1.5060474,0.66395265,0.8139526,-0.96604735,-0.44604737,-0.9360474,-1.8260474,-2.0160475,-2.8060474,-2.3860474,-3.2160473,-4.126047,-3.9960473,-3.0560474,-1.0060474,-0.96604735,-0.8160474,-0.42604735,-0.65604734,-0.14604737,-0.70604736,-1.1360474,-1.7260474,-2.0660474,-2.1160474,-1.3760474,-1.4160473,-2.1060474,-2.8760474,-3.4460473,-3.5160475,-4.4060473,-1.8360474]}]