wind_kz.json
{"header": {"discipline":0,"disciplineName":"Meteorological products","gribEdition":2,"gribLength":871,"center":7,"centerName":"US National Weather Service - NCEP(WMC)","subcenter":0,"refTime":"2023-09-23T06:00:00.000Z","significanceOfRT":1,"significanceOfRTName":"Start of forecast","productStatus":0,"productStatusName":"Operational products","productType":1,"productTypeName":"Forecast products","productDefinitionTemplate":0,"productDefinitionTemplateName":"Analysis/forecast at horizontal level/layer at a point in time","parameterCategory":0,"parameterCategoryName":"UnknownDiscipline_0_Category_0","parameterNumber":0,"parameterNumberName":"UnknownParameter_D0_C0_0","parameterUnit":"Unknown","genProcessType":2,"genProcessTypeName":"Forecast","forecastTime":0,"surface1Type":1,"surface1TypeName":"Ground or water surface","surface1Value":0.0,"surface2Type":255,"surface2TypeName":"Missing","surface2Value":0.0,"gridDefinitionTemplate":0,"gridDefinitionTemplateName":"Latitude_Longitude","numberPoints":615,"shape":6,"shapeName":"Earth spherical with radius of 6,371,229.0 m","gridUnits":"degrees","resolution":48,"winds":"true","scanMode":64,"nx":41,"ny":15,"basicAngle":0,"lo1":47.0,"la1":41.0,"lo2":87.0,"la2":55.0,"dx":1.0,"dy":1.0}, "data":
[rows 0 to 14 of 15, columns 0 to 40 of 41]
302.66937,292.46936,298.56937,294.76935,294.66937,293.86935,302.96936,307.46936,304.56937,306.46936,305.06937,306.56937,306.56937,306.76935,307.16937,307.36935,307.36935,305.06937,309.26935,307.06937,309.86935,309.46936,308.16937,308.16937,306.56937,311.46936,303.76935,283.86935,287.56937,285.56937,284.46936,282.16937,296.86935,292.26935,290.76935,286.66937,287.96936,289.26935,301.16937,299.86935,310.16937
285.66937,297.16937,294.06937,294.66937,294.16937,292.96936,307.26935,303.16937,302.36935,302.56937,304.36935,303.76935,305.66937,305.56937,308.46936,308.46936,309.56937,309.36935,309.56937,309.96936,309.46936,307.06937,306.36935,297.16937,292.06937,292.76935,294.16937,290.96936,292.26935,273.76935,285.66937,272.96936,289.36935,264.86935,274.26935,291.36935,287.96936,285.86935,288.86935,283.36935,284.06937
299.66937,293.86935,294.56937,294.26935,292.26935,302.66937,302.06937,302.86935,302.46936,301.86935,301.76935,303.76935,305.76935,306.16937,304.06937,308.86935,308.96936,308.66937,308.86935,310.36935,307.86935,308.06937,306.26935,298.96936,303.56937,301.46936,301.76935,300.16937,302.56937,293.66937,275.86935,284.66937,293.26935,290.06937,289.56937,280.66937,273.26935,279.66937,279.86935,276.76935,276.66937
301.46936,293.36935,294.36935,293.36935,294.86935,302.76935,300.36935,301.16937,301.76935,301.66937,302.26935,302.06937,292.16937,291.56937,304.86935,307.26935,305.16937,309.86935,310.16937,311.16937,307.86935,303.96936,307.16937,308.16937,306.86935,305.46936,305.86935,305.56937,302.16937,303.66937,303.16937,299.46936,302.76935,303.96936,303.26935,282.06937,273.16937,273.16937,280.56937,297.46936,299.66937
300.76935,293.46936,293.56937,292.66937,296.46936,301.36935,301.26935,302.26935,299.16937,299.16937,301.16937,303.16937,291.36935,290.16937,288.56937,305.46936,306.46936,304.36935,306.06937,304.86935,306.86935,309.16937,309.96936,310.46936,310.46936,309.36935,307.36935,302.06937,306.96936,307.16937,304.06937,300.46936,288.86935,273.56937,294.96936,304.36935,300.96936,308.36935,309.76935,303.16937,301.26935
300.06937,300.56937,292.16937,292.76935,292.86935,292.56937,301.36935,300.06937,297.96936,299.76935,299.56937,300.06937,292.76935,291.16937,297.86935,303.86935,302.96936,305.96936,303.86935,305.16937,306.26935,304.66937,305.36935,306.26935,305.76935,305.86935,306.66937,289.86935,300.06937,298.36935,299.76935,301.66937,299.26935,301.26935,298.26935,300.16937,286.46936,285.86935,301.26935,304.96936,301.46936
300.46936,302.16937,300.36935,300.76935,298.76935,301.66937,301.56937,299.96936,300.16937,299.86935,299.56937,299.26935,299.36935,300.66937,301.66937,301.16937,303.46936,303.46936,304.86935,302.76935,303.06937,302.56937,302.36935,300.26935,299.46936,299.86935,300.96936,302.36935,304.36935,302.66937,300.06937,299.56937,299.36935,297.96936,296.46936,294.16937,286.86935,291.56937,283.76935,280.96936,296.06937
300.86935,301.36935,300.46936,300.36935,300.66937,300.86935,302.26935,302.76935,302.16937,300.06937,299.56937,298.36935,300.26935,298.86935,301.16937,301.26935,301.26935,301.16937,301.56937,299.56937,297.36935,298.96936,298.36935,297.26935,290.86935,287.06937,284.66937,287.36935,284.26935,285.76935,285.86935,289.46936,289.46936,288.06937,290.86935,294.06937,296.26935,288.16937,298.56937,300.16937,297.46936
300.16937,299.46936,300.16937,300.46936,299.96936,300.36935,302.46936,302.06937,301.66937,300.86935,300.26935,300.76935,299.96936,300.66937,299.76935,300.66937,299.36935,300.36935,297.36935,297.66937,295.86935,295.56937,297.56937,295.56937,293.76935,290.96936,283.46936,281.86935,281.56937,280.96936,281.76935,282.36935,283.46936,285.06937,286.26935,285.56937,288.26935,284.66937,276.96936,280.46936,277.16937
298.56937,298.96936,299.66937,299.56937,300.46936,302.06937,302.16937,301.96936,300.76935,301.16937,300.26935,299.76935,299.36935,298.56937,298.76935,298.36935,297.36935,296.76935,298.46936,298.36935,295.96936,287.76935,287.16937,286.86935,292.66937,286.06937,285.56937,286.66937,283.76935,284.06937,283.46936,288.06937,291.06937,285.16937,284.46936,286.56937,282.86935,279.36935,277.16937,279.96936,280.86935
298.56937,299.06937,299.36935,299.76935,299.96936,301.76935,301.06937,301.66937,302.06937,300.96936,298.86935,298.46936,298.46936,297.26935,297.36935,296.36935,295.86935,290.96936,289.66937,293.66937,295.06937,294.16937,294.36935,294.56937,292.66937,292.86935,289.66937,291.96936,291.96936,293.46936,293.06937,294.26935,292.36935,289.86935,291.06937,283.56937,278.76935,278.46936,279.26935,281.86935,281.36935
297.76935,300.26935,300.86935,300.36935,299.86935,300.06937,299.86935,300.16937,300.56937,299.36935,290.76935,295.46936,296.36935,294.46936,290.16937,295.56937,294.16937,293.26935,294.16937,293.16937,291.36935,290.36935,289.76935,291.46936,290.56937,292.06937,291.86935,292.46936,293.06937,292.36935,290.46936,291.66937,289.76935,289.76935,287.96936,287.56937,281.96936,281.56937,282.86935,285.76935,289.56937
295.66937,296.86935,297.56937,298.76935,298.46936,298.26935,299.16937,299.76935,299.56937,295.16937,293.16937,293.26935,295.96936,291.46936,290.06937,293.26935,292.46936,290.96936,290.86935,289.96936,289.76935,287.76935,286.86935,286.86935,288.96936,289.66937,291.06937,290.36935,289.96936,289.36935,290.16937,289.66937,289.86935,289.96936,288.76935,286.86935,284.26935,281.16937,281.56937,283.06937,282.76935
296.86935,296.96936,292.86935,294.96936,291.36935,295.76935,297.16937,296.06937,293.86935,295.96936,293.26935,288.76935,292.86935,286.76935,288.96936,291.46936,290.36935,288.86935,289.16937,289.16937,289.26935,287.96936,289.06937,288.26935,288.56937,288.86935,288.46936,288.26935,287.66937,287.86935,287.76935,287.06937,286.76935,286.16937,286.56937,285.96936,284.46936,284.26935,280.76935,279.36935,280.06937
294.56937,298.16937,287.66937,296.36935,293.36935,296.76935,291.66937,296.86935,297.26935,296.46936,289.26935,292.86935,288.16937,289.46936,289.36935,290.06937,289.16937,288.06937,288.66937,287.76935,289.06937,288.56937,288.56937,287.16937,286.46936,286.36935,286.26935,286.06937,284.26935,283.76935,284.46936,284.16937,283.96936,284.46936,280.46936,281.96936,286.46936,282.86935,283.86935,280.46936,279.06937
