wind_kz.json
{"header": {"discipline":0,"disciplineName":"Meteorological products","gribEdition":2,"gribLength":1025,"center":7,"centerName":"US National Weather Service - NCEP(WMC)","subcenter":0,"refTime":"2023-09-23T00:00:00.000Z","significanceOfRT":1,"significanceOfRTName":"Start of forecast","productStatus":0,"productStatusName":"Operational products","productType":1,"productTypeName":"Forecast products","productDefinitionTemplate":0,"productDefinitionTemplateName":"Analysis/forecast at horizontal level/layer at a point in time","parameterCategory":2,"parameterCategoryName":"UnknownDiscipline_0_Category_2","parameterNumber":3,"parameterNumberName":"UnknownParameter_D0_C2_3","parameterUnit":"Unknown","genProcessType":2,"genProcessTypeName":"Forecast","forecastTime":60,"surface1Type":103,"surface1TypeName":"Specified height level above ground","surface1Value":10.0,"surface2Type":255,"surface2TypeName":"Missing","surface2Value":0.0,"gridDefinitionTemplate":0,"gridDefinitionTemplateName":"Latitude_Longitude","numberPoints":615,"shape":6,"shapeName":"Earth spherical with radius of 6,371,229.0 m","gridUnits":"degrees","resolution":48,"winds":"true","scanMode":64,"nx":41,"ny":15,"basicAngle":0,"lo1":47.0,"la1":41.0,"lo2":87.0,"la2":55.0,"dx":1.0,"dy":1.0}, "data":
[rows 0 to 14 of 15, columns 0 to 40 of 41]
0.47691894,2.496919,1.9769189,-0.7630811,-1.5030811,-4.613081,-1.713081,0.41691893,-0.623081,-1.9730811,-3.9630811,-4.0430813,-4.153081,-5.503081,-6.213081,-5.533081,-5.943081,-3.4130812,-6.0830812,-4.653081,-3.833081,-1.6130811,-2.733081,1.6369189,2.366919,1.6469189,0.70691895,-0.35308105,-2.293081,-2.493081,0.51691896,2.026919,-1.7330811,1.436919,1.9769189,0.09691895,-2.243081,-2.893081,-1.673081,0.42691895,1.2369189
2.0669188,-0.043081056,2.936919,0.626919,-2.593081,-4.053081,-1.1130811,-0.6330811,-0.89308107,-3.383081,-3.723081,-3.783081,-4.8130813,-5.343081,-6.253081,-6.273081,-5.453081,-3.1830812,-1.583081,-7.383081,-4.133081,0.90691894,-0.23308106,-1.7730811,2.436919,1.286919,1.046919,0.18691894,-3.053081,-2.083081,-1.2330811,-1.3830811,-3.153081,-2.6930811,-0.5730811,3.616919,2.276919,1.7369189,2.746919,1.686919,0.106918946
0.06691895,2.376919,1.7369189,1.6469189,1.1369189,0.41691893,-0.33308107,-0.39308107,-0.99308103,-2.523081,-4.663081,-5.233081,-6.213081,-4.673081,-5.503081,-6.703081,-6.913081,-4.093081,-1.7530811,-1.073081,-2.4430811,-5.923081,-4.593081,-2.323081,-3.033081,-1.1030811,-0.7530811,-3.643081,0.66691893,-1.803081,-0.30308107,-1.213081,-2.053081,1.416919,-0.55308104,-1.413081,-0.64308107,-3.973081,-0.60308105,-0.83308107,-2.333081
1.4869189,1.3869189,0.7469189,0.7469189,0.42691895,0.37691894,-0.073081054,-0.17308106,-0.99308103,-1.4830811,-2.6830812,-4.523081,-6.143081,-8.163081,-5.013081,-4.8130813,-5.133081,-5.803081,-5.383081,-4.423081,-3.333081,-4.363081,-0.73308104,-1.953081,-2.6830812,-3.223081,-2.6730812,-2.763081,-2.973081,-4.373081,-0.20308106,-0.80308104,1.836919,1.556919,-1.2330811,0.88691896,-2.483081,0.42691895,-0.13308105,-2.153081,-2.9430811
0.626919,-1.2630811,-2.233081,-3.7030811,-3.063081,-1.303081,-1.2530811,-0.8230811,-1.323081,-1.173081,-1.213081,-2.243081,-4.473081,-6.393081,-4.0830812,-3.573081,-3.873081,-3.493081,-2.623081,-2.573081,-1.8630811,-0.68308103,-0.66308105,-0.79308105,-1.903081,-3.263081,-5.3130813,-3.313081,-3.383081,-4.473081,-5.883081,-6.693081,-2.293081,0.44691893,0.56691897,2.0869188,-1.843081,1.6169189,0.60691893,-1.6030811,-3.7130811
2.206919,2.7969189,-0.8830811,-1.423081,-2.793081,-4.463081,-0.103081055,-0.8830811,-0.99308103,-0.053081054,-0.09308106,-1.193081,-1.8630811,-4.103081,-3.6930811,-2.723081,-2.9230812,-2.513081,-1.9930811,-1.543081,-1.7430811,-2.033081,-1.7330811,-1.803081,-1.943081,-0.7530811,-0.9530811,-3.993081,-3.7030811,-3.133081,-3.2030811,-4.383081,-3.623081,-3.233081,-1.7230811,-1.1430811,-1.553081,-2.1830812,0.036918946,2.206919,1.096919
0.15691894,3.156919,1.826919,2.666919,3.226919,-0.44308105,0.18691894,0.27691895,-0.0030810547,-0.13308105,-0.53308105,-1.1230811,-1.7230811,-1.9830811,-2.4430811,-2.353081,-2.743081,-2.493081,-2.2030811,-2.233081,-2.473081,-3.033081,-3.363081,-3.9330812,-2.643081,-2.073081,-4.193081,-5.503081,-3.243081,-3.873081,-4.573081,-3.2030811,-2.2130811,-1.843081,0.7969189,0.51691896,0.19691895,-0.59308106,-2.643081,0.31691894,-7.483081
2.376919,1.4969189,1.076919,0.08691894,-0.0030810547,0.29691896,0.30691895,0.50691897,0.43691894,0.28691894,-0.0030810547,0.036918946,-0.45308104,-1.173081,-1.653081,-1.9730811,-3.2030811,-3.1730812,-3.773081,-2.113081,-2.223081,-2.483081,-2.4230812,-3.083081,-3.613081,-3.993081,-4.343081,-4.123081,-4.193081,-4.263081,-4.253081,-3.113081,-3.903081,-2.6830812,-1.213081,-1.2330811,-1.663081,-2.643081,0.78691894,1.9869189,-0.813081
1.686919,-1.303081,-1.833081,0.48691896,0.29691896,0.57691896,0.30691895,0.52691895,0.36691895,-0.023081055,0.12691894,0.116918944,-0.30308107,-0.48308104,-0.98308104,-1.6130811,-1.7330811,-2.283081,-2.9530811,-3.473081,-2.983081,-2.873081,-2.853081,-3.323081,-3.263081,-3.9630811,-4.003081,-3.763081,-4.203081,-4.233081,-3.9530811,-3.763081,-3.073081,-2.653081,0.17691894,-1.5230811,-0.40308106,-2.033081,-3.883081,-2.773081,-3.1930811
-0.20308106,-0.44308105,1.816919,1.3669189,1.7469189,1.596919,0.39691895,-0.52308106,-0.033081055,0.106918946,0.06691895,0.23691894,0.17691894,-0.08308105,-0.21308106,-0.74308103,-1.673081,-1.3830811,-1.8830811,-2.063081,-2.073081,-2.7130811,-2.323081,-2.363081,-2.783081,-2.383081,-2.353081,-2.083081,-2.6630812,-2.583081,-2.1730812,-1.1430811,-1.403081,0.65691894,1.216919,0.72691894,-0.47308105,0.19691895,0.95691895,0.75691897,-0.32308105
1.096919,-0.66308105,0.37691894,0.30691895,1.796919,2.506919,3.3369188,2.276919,1.466919,-0.31308106,0.15691894,-2.323081,0.84691894,0.18691894,-0.99308103,-0.39308107,-0.66308105,-1.1430811,-1.153081,-0.873081,-1.4930811,-1.7330811,-1.953081,-1.7230811,-1.283081,-1.293081,-1.413081,-1.5230811,-2.723081,-1.923081,-0.40308106,0.056918945,0.036918946,2.026919,2.0369189,3.3269188,1.7569189,1.176919,-0.25308105,1.196919,0.686919
-0.77308106,-1.7430811,-1.693081,-0.54308105,0.69691896,-0.29308105,-1.043081,-1.8830811,-1.7430811,2.386919,1.7269189,0.95691895,2.3269188,1.156919,0.28691894,0.33691895,-1.833081,-1.1430811,-0.92308104,-1.3630811,-1.8930811,-1.7630811,-1.3830811,-0.72308105,1.286919,0.69691896,1.2369189,-0.12308106,-0.31308106,-0.72308105,-0.40308106,0.8669189,1.1069189,1.7369189,1.3669189,3.966919,5.646919,2.156919,1.5269189,1.7569189,0.49691895
0.35691893,-0.43308106,-0.58308107,-0.59308106,-1.2730811,-0.873081,-0.59308106,-0.42308104,-0.15308106,-0.20308106,-0.72308105,-1.153081,0.71691895,1.576919,1.2569189,0.39691895,0.106918946,-0.89308107,-1.5230811,-1.4830811,-1.6430811,-1.8630811,-1.573081,-2.143081,-2.4630811,-2.073081,-2.073081,-0.45308104,1.686919,-0.08308105,-0.59308106,2.156919,1.536919,2.3169188,1.206919,1.936919,3.3169188,3.126919,3.276919,3.356919,2.466919
-0.91308105,-1.7730811,-0.32308105,0.036918946,-0.52308106,-0.24308105,0.076918945,-0.09308106,-0.5730811,0.50691897,0.076918945,-0.96308106,0.29691896,1.656919,1.436919,1.036919,0.65691894,0.026918946,-0.873081,-1.043081,-1.293081,-1.573081,-1.2730811,-1.1130811,-1.333081,-1.333081,-0.71308106,-0.61308104,-0.65308106,1.176919,1.706919,0.40691894,2.416919,1.936919,1.446919,1.166919,3.396919,4.026919,3.496919,3.3269188,4.136919
-0.49308106,-1.793081,-1.6130811,1.0069189,0.14691895,0.94691896,0.686919,0.046918944,-0.45308104,-0.33308107,1.6469189,0.81691897,-0.09308106,-1.073081,1.6169189,1.586919,1.2269189,0.34691894,-0.36308107,-0.86308104,-1.203081,-1.7630811,-1.453081,-1.553081,-1.183081,-0.6330811,-0.64308107,-0.7630811,-0.5130811,-0.13308105,0.27691895,3.346919,1.9969189,0.60691893,1.6469189,1.936919,4.896919,5.026919,4.906919,5.516919,2.776919
