wind_kz.json
{"header": {"discipline":0,"disciplineName":"Meteorological products","gribEdition":2,"gribLength":1025,"center":7,"centerName":"US National Weather Service - NCEP(WMC)","subcenter":0,"refTime":"2023-10-04T06:00:00.000Z","significanceOfRT":1,"significanceOfRTName":"Start of forecast","productStatus":0,"productStatusName":"Operational products","productType":1,"productTypeName":"Forecast products","productDefinitionTemplate":0,"productDefinitionTemplateName":"Analysis/forecast at horizontal level/layer at a point in time","parameterCategory":2,"parameterCategoryName":"UnknownDiscipline_0_Category_2","parameterNumber":2,"parameterNumberName":"UnknownParameter_D0_C2_2","parameterUnit":"Unknown","genProcessType":2,"genProcessTypeName":"Forecast","forecastTime":120,"surface1Type":103,"surface1TypeName":"Specified height level above ground","surface1Value":10.0,"surface2Type":255,"surface2TypeName":"Missing","surface2Value":0.0,"gridDefinitionTemplate":0,"gridDefinitionTemplateName":"Latitude_Longitude","numberPoints":615,"shape":6,"shapeName":"Earth spherical with radius of 6,371,229.0 m","gridUnits":"degrees","resolution":48,"winds":"true","scanMode":64,"nx":41,"ny":15,"basicAngle":0,"lo1":47.0,"la1":41.0,"lo2":87.0,"la2":55.0,"dx":1.0,"dy":1.0}, "data":
[rows 0 to 14 of 15, columns 0 to 40 of 41]
4.5190625,1.1690625,-1.3109375,2.0990624,5.0090623,-0.4909375,0.7790625,-2.7009375,-5.4409375,-4.7009373,-4.3109374,-4.1809373,-3.8509376,-3.2609375,-3.1909375,-2.8609376,-2.4809375,-3.7209375,-3.7909374,-4.8309374,-3.9409375,-2.2409375,0.4690625,1.5090625,-2.8209374,-0.7609375,2.1690626,-0.3009375,-1.4109375,0.3090625,-1.4109375,1.3390625,0.1090625,-0.3709375,-1.8409375,-0.7809375,-1.2809376,-1.8909374,-2.4409375,-2.7509375,-3.3709376
2.9890625,-0.8609375,4.1090627,4.2890625,0.6690625,-3.4609375,-0.8309375,-0.0809375,-2.6709375,-1.9209375,-2.5009375,-2.8009374,-2.6209376,-1.8709375,-1.7009375,-2.7809374,-3.5309374,-3.9409375,-2.5209374,-2.3609376,-2.4009376,-1.9809375,-1.2009375,2.1690626,-0.6409375,-0.7309375,0.6190625,-0.5309375,1.7290626,0.5290625,0.6390625,0.8190625,-0.9709375,1.1590625,0.5190625,-0.0209375,0.2090625,-2.5409374,0.4590625,-2.0009375,-1.1309375
0.4890625,2.8390625,1.4390625,1.0890625,-2.7609375,-2.2609375,-0.3109375,-0.5109375,-1.1609375,-1.2209375,-0.9109375,-1.2409375,-0.7309375,-0.6509375,-1.5309376,-0.8609375,-0.7609375,-0.8809375,-1.0409375,-1.7509375,-2.1309376,-1.1909375,-0.3409375,-0.7909375,-0.4409375,-3.2409375,-4.1709375,-2.8209374,1.2590625,-0.9209375,0.6790625,-1.5809375,-0.7709375,-0.4409375,-1.1009375,1.0790625,-0.0609375,-0.1509375,-0.3309375,1.6990625,-0.4309375
0.0490625,0.4390625,-0.7809375,-3.3709376,-1.3809375,0.2490625,1.4290625,1.6390625,2.4190626,2.0490625,1.4890625,2.0590625,1.4090625,1.0990624,1.6190625,1.5290625,1.6790625,0.7490625,0.8590625,0.3890625,-0.3609375,1.1790625,-1.1809375,0.6190625,-0.0409375,-0.4909375,-1.2509375,-1.6809375,-3.5809374,-2.2609375,-0.2709375,-1.1009375,-1.8509375,-0.1509375,-0.6509375,1.4190625,1.5290625,0.7390625,-1.8209375,-1.7609375,-0.0609375
7.4890623,6.8990626,3.5690625,3.0790625,3.4490626,3.3990624,3.3890624,5.3390627,3.8090625,3.6490624,4.2690625,5.3590627,2.3190625,1.6690625,1.4090625,2.7390625,2.3690624,2.1290624,2.2390625,2.4190626,3.1690626,1.4890625,1.0690625,1.3090625,0.0990625,-0.3009375,1.5490625,-0.4609375,0.5190625,0.1590625,0.5490625,0.8090625,2.9490626,1.8690625,-1.7109375,-1.1209375,-1.0409375,-2.2009375,-1.4409375,-1.4309375,-1.6009375
10.719063,9.899062,8.029062,8.249063,7.4490623,6.1690626,6.7290626,6.1790624,5.4890623,6.3990626,6.1190624,6.6790624,2.9890625,3.1990626,3.8590624,3.6190624,2.8690624,2.5590625,2.2990625,2.2990625,4.4190626,4.8290625,4.2290626,3.8890624,3.7590625,2.6790626,1.9990625,0.2790625,0.6090625,1.8590626,1.1390625,0.1790625,-0.2209375,-0.6009375,0.5490625,1.7090625,0.4890625,0.9390625,-1.0809375,-1.0309376,-1.1509376
9.239062,10.239062,11.529062,10.949062,9.7890625,10.349063,10.389063,8.349063,7.1890626,7.1790624,7.1590624,6.8590627,6.3590627,5.2090626,5.4390626,4.7190623,4.0890627,3.8890624,3.3090625,4.3090625,5.4990625,5.3390627,6.0190625,4.6190624,3.7990625,4.0790625,4.6990623,3.6490624,2.7290626,3.4490626,2.6190624,0.3590625,-1.5709375,-2.6609375,-0.7209375,0.9390625,1.2490625,1.2390625,4.3390627,0.4790625,-0.7109375
6.6890626,8.279062,10.919063,10.249063,9.929063,9.909062,10.249063,9.319062,8.599063,7.5790625,6.2090626,6.1690626,6.0190625,6.1290627,5.3290625,5.6890626,5.7790623,5.5290623,5.5590625,6.0190625,6.9290624,6.6790624,6.4190626,6.8390627,6.6190624,6.1590624,5.1190624,5.1590624,5.8490624,3.9390626,3.3090625,2.5690625,1.8990625,1.4990625,1.8690625,2.0890625,-1.9309375,-0.0809375,0.0490625,1.2290626,1.7990625
6.3890624,5.8090625,6.7790623,7.6690626,10.019062,9.339063,9.359062,9.029062,8.849063,8.489062,8.159062,7.6190624,8.529062,6.9190626,7.2890625,6.9990625,7.2390623,6.5890627,6.5190625,6.7690625,8.0390625,7.8390627,7.4190626,7.0290623,8.0390625,7.3890624,8.109062,6.3890624,6.9290624,6.1890626,5.9090624,6.5490627,5.5590625,3.9690626,1.4290625,4.3190627,0.2190625,2.2990625,-0.1209375,-0.5009375,0.9590625
6.9990625,5.6190624,4.9690623,5.0390625,4.3490624,8.459063,9.879063,9.049063,9.009063,8.819062,8.979062,8.769062,8.449062,7.4490623,6.8290625,6.6390624,6.4090624,6.5690627,5.3290625,5.7890625,8.489062,8.129063,6.8590627,7.3390627,8.199062,8.729062,8.849063,9.049063,7.4990625,7.7290626,7.3690624,6.5290623,5.4890623,5.0290623,5.5390625,4.6490626,0.4290625,-1.2709374,1.5090625,1.0790625,-0.6309375
7.5290623,6.4590626,4.9790626,4.3490624,1.9590625,0.1190625,2.5990624,9.579062,8.619062,9.029062,8.689062,9.089063,8.749063,9.109062,8.299063,6.7690625,5.1290627,5.7390623,4.5390625,5.5790625,7.3390627,8.2890625,5.9390626,6.5990624,5.9790626,7.7990627,7.7490625,7.4390626,8.889063,8.0390625,7.6990623,6.6090627,5.8890624,4.3990626,5.5090623,2.2090626,0.9890625,0.0390625,2.1890626,0.1190625,0.9190625
6.5090623,3.5490625,2.6890626,0.9290625,1.3990625,0.3990625,-0.4409375,-0.9709375,-2.1009376,-2.7309375,4.1790624,7.4390626,6.6090627,5.8290625,6.0990624,6.2490625,5.9790626,5.0890627,5.1390624,4.8190627,5.1490626,6.0990624,5.5890627,6.1690626,6.4390626,6.5390625,7.0090623,6.7490625,6.8290625,7.6890626,6.2990627,5.6090627,4.1090627,3.7590625,2.4090624,3.8290625,5.6190624,3.8090625,2.0490625,1.6590625,0.4290625
4.7890625,4.2290626,3.8290625,3.2390625,2.2790625,1.2390625,0.7290625,-0.4009375,-0.8809375,-0.9909375,-0.2909375,-1.2609375,-1.0909375,-1.2309375,-0.4609375,2.8390625,3.6590624,3.4990625,3.2990625,4.2690625,4.4590626,5.1990623,5.4890623,6.4190626,6.9290624,7.6890626,6.4890623,5.4890623,7.2090626,6.3490624,5.8890624,5.5690627,4.5790625,3.5890625,3.3990624,1.8290625,2.6290624,1.4090625,-0.5509375,-0.9809375,0.6990625
5.0890627,2.2290626,3.3090625,3.2690625,1.6990625,1.8190625,1.5890625,1.9590625,2.1190624,1.3790625,-0.0109375,0.9590625,0.6690625,2.3690624,1.7590625,2.9190626,3.7890625,2.6590624,3.5290625,4.9190626,5.7590623,5.9990625,6.4490623,7.0290623,6.4790626,5.7490625,5.9590626,4.8190627,6.7690625,5.4990625,5.1590624,4.0990624,3.4090624,3.3890624,2.4690626,2.9490626,1.3990625,1.5490625,2.4790626,2.1190624,2.5090625
4.0790625,0.0290625,0.5490625,1.8890625,2.3490624,2.3890624,2.8590624,2.8190625,2.8490624,2.8490624,2.2690625,4.1890626,2.8390625,2.0090625,3.4790626,4.1190624,4.8190627,5.1990623,5.7090626,7.2490625,7.4490623,7.1590624,6.9490623,6.4390626,7.1090627,6.2290626,5.9590626,5.1390624,5.5390625,5.0090623,4.6190624,3.5090625,2.7690625,2.7190626,2.1790626,3.5690625,3.1790626,2.8390625,2.6790626,2.5290625,2.6890626
