wind_kz.json
{"header": {"discipline":0,"disciplineName":"Meteorological products","gribEdition":2,"gribLength":1025,"center":7,"centerName":"US National Weather Service - NCEP(WMC)","subcenter":0,"refTime":"2023-09-19T06:00:00.000Z","significanceOfRT":1,"significanceOfRTName":"Start of forecast","productStatus":0,"productStatusName":"Operational products","productType":1,"productTypeName":"Forecast products","productDefinitionTemplate":0,"productDefinitionTemplateName":"Analysis/forecast at horizontal level/layer at a point in time","parameterCategory":2,"parameterCategoryName":"UnknownDiscipline_0_Category_2","parameterNumber":3,"parameterNumberName":"UnknownParameter_D0_C2_3","parameterUnit":"Unknown","genProcessType":2,"genProcessTypeName":"Forecast","forecastTime":300,"surface1Type":103,"surface1TypeName":"Specified height level above ground","surface1Value":10.0,"surface2Type":255,"surface2TypeName":"Missing","surface2Value":0.0,"gridDefinitionTemplate":0,"gridDefinitionTemplateName":"Latitude_Longitude","numberPoints":615,"shape":6,"shapeName":"Earth spherical with radius of 6,371,229.0 m","gridUnits":"degrees","resolution":48,"winds":"true","scanMode":64,"nx":41,"ny":15,"basicAngle":0,"lo1":47.0,"la1":41.0,"lo2":87.0,"la2":55.0,"dx":1.0,"dy":1.0}, "data":
[rows 0 to 14 of 15, columns 0 to 40 of 41]
0.26350585,-1.7864941,2.4235058,4.123506,-0.6764941,-4.526494,-0.14649414,-0.39649415,-1.5164942,-2.486494,-2.8464942,-2.026494,-2.8064942,-3.3264942,-4.006494,-4.4564943,-3.756494,-3.766494,-4.056494,-1.8164941,-2.5864942,-4.116494,-1.9064941,-0.97649413,-2.9064941,0.33350587,-1.2664942,1.0035058,-0.27649415,-0.0064941407,1.3035059,1.2035059,-2.0464942,-1.9564941,-2.446494,-0.25649413,-0.30649415,0.09350586,-1.8264941,3.7135057,2.1335058
1.5235058,0.83350587,3.3235059,2.2135057,0.27350587,-0.13649414,0.12350586,0.36350587,-1.1064942,-2.6564941,-2.966494,-4.556494,-4.336494,-3.956494,-4.4564943,-4.826494,-4.346494,-6.616494,-4.2264943,-2.3964942,-2.3764942,-3.8464942,0.58350587,1.8235059,1.3835058,1.3035059,-1.5964942,1.1335058,-0.84649414,1.3235059,1.5835059,1.1135058,-0.75649416,0.7035059,0.073505856,-0.51649415,-1.0364941,-2.9064941,-0.49649414,-2.0564942,1.3135059
2.783506,3.9335058,3.053506,2.233506,1.6535058,0.10350586,-0.81649417,0.8935059,0.5635059,-1.1164942,-2.456494,-3.196494,-4.066494,-4.576494,-4.396494,-4.826494,-4.156494,-4.696494,-5.4164944,-3.5964942,0.17350586,-3.3964942,-5.676494,-1.8764942,-1.5364941,-0.75649416,-0.7364941,-0.84649414,0.33350587,2.033506,2.8435059,1.2235059,0.90350586,0.36350587,-1.6064942,2.1835058,3.8635058,-0.21649414,0.13350587,-0.30649415,0.61350584
0.7035059,1.9735059,1.4335059,-1.4264941,-1.3964942,1.7535058,0.98350585,0.8835059,3.293506,1.7635058,-0.52649415,-2.8564942,-5.866494,-5.986494,-3.936494,-4.426494,-4.736494,-4.066494,-3.7864943,-4.9964943,-4.656494,-2.276494,0.20350586,-2.8664942,-3.496494,-3.6364942,-3.446494,-4.346494,-0.44649413,-2.1564941,-2.1564941,0.39350587,-1.3264941,-0.04649414,-0.38649413,-2.8164942,-0.6164941,2.8635058,3.1135058,0.39350587,0.6335059
0.43350586,0.52350587,-0.17649414,-1.5864941,-0.51649415,0.40350586,0.42350587,0.58350587,1.2135059,2.8335059,1.4135059,-0.65649414,-3.3164942,-4.5164943,-4.7864943,-3.726494,-4.2064943,-3.8664942,-2.736494,-2.3864942,-1.5764941,-0.75649416,-1.6964941,-2.516494,-3.4064941,-3.3664942,-3.476494,-2.956494,-2.8164942,-3.6164942,-4.4564943,-0.20649414,2.803506,3.5935059,-0.62649417,0.10350586,0.55350584,-3.436494,1.5435059,1.4635059,0.05350586
1.8535058,0.60350585,-0.63649416,-1.6064942,-1.0064942,2.0935059,0.98350585,0.42350587,0.38350585,1.8235059,2.6235058,1.7635058,0.24350587,-2.436494,-2.6464942,-3.276494,-3.496494,-3.7964942,-3.0364943,-1.5264941,-1.1664941,0.0035058593,1.3335059,0.02350586,-0.83649415,-1.6164942,-2.3164942,-2.3564942,-2.276494,-2.746494,-3.7864943,-3.8464942,-3.206494,-1.9964942,1.0935059,-0.14649414,2.1735058,3.293506,-0.89649415,-2.3864942,0.09350586
3.003506,3.243506,2.253506,1.1035058,1.4835058,1.2335058,1.3435059,1.6235058,1.4635059,1.0735059,0.40350586,1.1335058,0.65350586,-0.09649414,-1.0064942,-2.3464942,-3.236494,-2.986494,-1.2264942,-1.4964942,-1.7564942,-0.08649414,0.8135059,1.3235059,1.5635059,1.5835059,0.49350587,-0.88649416,-2.006494,-1.9964942,-2.4264941,-4.7464943,-5.9564943,-2.1764941,-1.1964941,-1.8764942,-3.3164942,0.24350587,1.7635058,0.71350586,0.6435059
0.0035058593,0.08350586,3.1435058,3.0735059,2.8335059,3.233506,3.4235058,3.1035058,3.1235058,2.1635058,1.7135059,2.053506,1.5835059,1.9235059,1.9235059,2.003506,-0.56649417,-1.5764941,-0.6764941,1.0135058,-0.06649414,0.38350585,0.16350585,0.19350585,1.4735059,1.6435058,2.523506,1.9335059,0.8135059,0.44350585,-0.42649415,-1.2364942,-3.3464942,-3.6664941,-0.29649413,-0.04649414,0.37350586,-1.5564941,1.6935059,1.1535058,-1.1464942
0.85350585,1.3835058,1.8335059,2.3735058,2.6635058,2.8535058,2.9535058,1.1835059,2.513506,1.9035058,1.3335059,1.6035058,1.0935059,2.543506,2.9335058,2.743506,2.9235058,2.533506,2.1035058,1.3335059,0.96350586,1.7735058,2.053506,1.8635058,1.6135058,1.7135059,2.1635058,1.4035058,0.92350584,1.7435058,2.3635058,2.6235058,2.1735058,1.1135058,0.5035059,1.2135059,-2.256494,0.0035058593,1.4835058,0.59350586,-3.206494
2.4035058,2.813506,3.263506,3.4435058,3.053506,2.7035058,2.6535058,2.513506,2.283506,2.2035058,1.4935058,1.5535059,1.5535059,1.3035059,2.263506,3.003506,3.6235058,3.993506,3.9135058,3.6535058,3.4635057,3.243506,2.563506,3.023506,3.033506,2.793506,2.5835059,2.1935058,2.293506,2.4135058,2.8235059,3.473506,4.223506,3.743506,1.6935059,0.71350586,0.36350587,-1.7164941,0.27350587,4.033506,2.9435058
-0.8664941,-1.2364942,-1.1064942,0.9535059,1.9135059,2.3635058,2.773506,3.1235058,2.503506,1.8035059,2.5935059,2.9535058,1.7035059,2.9035058,2.1635058,2.6935058,3.233506,4.0435057,5.263506,5.393506,5.8135056,5.013506,4.2135057,4.593506,4.363506,4.5635056,3.6235058,4.223506,4.053506,2.6035058,4.203506,5.363506,4.8135056,4.2535057,3.6335058,1.8835058,1.5035058,2.4635057,1.4535059,1.6535058,0.27350587
-1.5264941,-1.5464941,-0.6764941,-0.29649413,-0.24649414,-0.69649416,-0.77649415,-0.08649414,0.073505856,0.47350585,0.98350585,0.68350583,0.27350587,0.9535059,1.8735058,1.7735058,1.6935059,1.3535058,2.9235058,4.323506,4.943506,4.7535057,4.9835057,5.053506,5.2535057,4.7935057,6.433506,5.693506,5.433506,5.803506,6.383506,7.7335057,5.893506,5.303506,4.073506,3.6335058,3.3235059,2.733506,2.1535058,2.0735059,1.1635059
-1.2564942,-0.83649415,-1.4864942,-0.16649415,-0.6864941,-0.35649413,-0.24649414,-0.44649413,-0.28649414,0.90350586,0.96350586,0.19350585,1.4135059,0.72350585,1.2435058,1.4035058,0.98350585,1.3835058,1.9635059,2.8235059,3.803506,4.163506,4.743506,4.9635057,5.513506,5.343506,5.913506,5.7135057,6.0835056,6.073506,6.493506,8.003506,8.023506,7.923506,6.4835057,5.8335056,4.7135057,2.9535058,3.4635057,2.283506,0.9435059
-1.3864942,-2.5464942,-3.226494,-2.986494,-2.196494,-1.4864942,-1.1864941,-0.7364941,0.16350585,0.29350585,1.1835059,-0.13649414,0.58350587,1.6835059,1.1535058,1.2835059,1.3535058,0.98350585,1.3335059,2.013506,2.6035058,3.3335059,4.053506,4.453506,4.603506,5.053506,4.5835056,6.183506,6.2535057,6.973506,6.933506,6.7735057,8.293506,8.543506,6.663506,6.493506,5.5235057,4.873506,3.303506,3.283506,2.543506
-1.6064942,-2.5364943,-2.5864942,-2.976494,-3.5964942,-2.2864943,-1.8464942,-1.0464941,-1.1864941,-0.25649413,0.40350586,0.5135059,0.48350585,-1.2964941,1.5135058,0.83350587,1.2135059,0.55350584,0.86350584,1.0535059,1.5235058,2.4635057,3.1135058,3.6435058,3.8735058,4.473506,5.2735057,6.393506,6.7935057,7.5235057,8.333506,9.583506,7.643506,7.903506,7.903506,7.7535057,8.373506,7.5435057,6.133506,6.093506,3.1235058
