wind_kz.json
{"header": {"discipline":0,"disciplineName":"Meteorological products","gribEdition":2,"gribLength":1102,"center":7,"centerName":"US National Weather Service - NCEP(WMC)","subcenter":0,"refTime":"2023-08-21T00:00:00.000Z","significanceOfRT":1,"significanceOfRTName":"Start of forecast","productStatus":0,"productStatusName":"Operational products","productType":1,"productTypeName":"Forecast products","productDefinitionTemplate":0,"productDefinitionTemplateName":"Analysis/forecast at horizontal level/layer at a point in time","parameterCategory":2,"parameterCategoryName":"UnknownDiscipline_0_Category_2","parameterNumber":3,"parameterNumberName":"UnknownParameter_D0_C2_3","parameterUnit":"Unknown","genProcessType":2,"genProcessTypeName":"Forecast","forecastTime":180,"surface1Type":103,"surface1TypeName":"Specified height level above ground","surface1Value":10.0,"surface2Type":255,"surface2TypeName":"Missing","surface2Value":0.0,"gridDefinitionTemplate":0,"gridDefinitionTemplateName":"Latitude_Longitude","numberPoints":615,"shape":6,"shapeName":"Earth spherical with radius of 6,371,229.0 m","gridUnits":"degrees","resolution":48,"winds":"true","scanMode":64,"nx":41,"ny":15,"basicAngle":0,"lo1":47.0,"la1":41.0,"lo2":87.0,"la2":55.0,"dx":1.0,"dy":1.0}, "data":
[rows 0 to 14 of 15, columns 0 to 40 of 41]
3.2237427,1.9637427,1.7337427,7.6837425,4.2537427,-0.35625732,0.34374267,0.44374266,1.3337426,-0.5362573,-0.4862573,-1.2462573,-1.7662573,-2.4062574,-1.9162574,-2.0262573,-2.3862574,-3.1462574,-4.116257,-4.846257,-4.5162573,-3.9662573,-3.3462572,0.11374268,-1.8262573,0.28374267,0.49374267,2.1837428,-2.1962574,-1.7462573,-0.96625733,-1.1462573,-2.9562573,-6.7062573,-9.036258,2.7337427,2.4737427,1.5337427,-2.2462573,-2.9362574,-5.596257
0.23374267,-0.016257323,6.0037427,7.113743,4.383743,0.11374268,0.033742677,1.2537427,1.7137427,1.6837426,0.15374267,-0.7362573,-0.22625732,-4.2362576,-2.4562573,-3.2862573,-2.7762573,-2.3262572,-3.2462573,-3.9762573,-4.1662574,-4.2962575,-3.1262574,0.92374265,2.7637427,2.8637426,2.1037426,1.4637427,-0.10625733,2.2037427,0.23374267,-2.8762574,2.5537426,2.7937427,2.3837426,0.67374265,2.6537428,2.2237427,3.5237427,-2.0562572,0.34374267
-0.13625732,7.4437428,7.283743,6.423743,4.3737426,4.133743,2.9837427,2.2837427,3.1237426,2.8737426,0.8737427,-1.9662573,-2.0462573,-1.7662573,0.36374268,-1.1862574,1.0137427,-2.7262573,-3.5362573,-2.8262572,-2.3262572,-2.9162574,-1.7262573,-0.22625732,-2.0962572,-0.37625733,0.16374268,-0.82625735,1.3837427,0.43374267,-0.13625732,-1.1362573,-2.3362572,-3.1862574,-4.8962574,-3.3662574,-2.9362574,-7.2262573,-1.3662573,3.2837427,-1.9762573
3.2237427,5.2137427,5.2537427,4.5637426,4.0837426,3.9437428,2.6037426,3.6237426,3.3037426,2.6137426,1.9137427,0.6837427,-1.5462574,-2.2962573,-3.1862574,0.49374267,1.0337427,-1.8962573,-0.63625735,-3.4162574,-2.4262574,-1.5162573,-6.7862573,-4.406257,2.3737426,-2.4262574,-2.5562572,2.4037428,-1.6162573,2.5037427,4.0637426,-1.3362573,-0.016257323,8.343742,-0.25625733,1.3937427,2.6337426,0.5737427,-2.4862573,-2.5062573,-3.7662573
4.3937426,4.7437425,4.053743,1.1437427,-1.5562574,1.7137427,2.4337428,2.3437426,2.9837427,2.7437427,2.3837426,2.0337427,3.8737426,1.0137427,-1.3062574,-0.12625733,-1.0862573,-0.076257326,-1.0962573,-2.6962574,0.18374267,-1.7262573,-2.6762574,-0.82625735,0.07374267,0.013742676,0.043742675,0.0037426758,1.4637427,0.49374267,0.84374267,2.2537427,-0.3962573,-3.1062574,-0.21625732,-1.4662573,-10.506257,-4.8562574,-6.7962575,-5.7462573,-1.6562573
6.113743,6.3337426,5.593743,5.283743,3.9437428,1.2337427,1.4637427,3.6937428,4.1837425,3.0037427,2.1437426,1.9637427,7.5037427,7.7037425,3.1237426,-1.4962573,-0.8062573,-0.30625734,-1.0662574,-0.9162573,1.7737427,-0.27625734,-1.3662573,-2.3962574,-0.10625733,-0.46625733,0.023742676,3.4937427,-0.5362573,-3.1862574,-1.6962574,1.7937427,1.5337427,0.91374266,0.7137427,-4.2562575,-0.63625735,-7.4862576,-6.2662573,-2.1362574,-9.456257
5.2637424,5.303743,9.063743,8.493743,7.423743,6.343743,5.6237426,2.4337428,5.4137425,4.153743,1.7437427,-0.09625732,-1.0762573,0.0037426758,1.6537427,2.0337427,0.47374266,-1.5662574,0.023742676,-2.0562572,0.30374268,0.6537427,-0.6262573,-0.19625732,-0.40625733,-0.49625733,-0.016257323,1.6937426,7.093743,4.033743,3.1837428,5.2137427,2.9137428,2.0437427,-2.3162572,-0.13625732,2.0937426,-0.29625732,-2.7662573,-0.64625734,-11.886257
6.033743,6.0637426,5.5037427,5.423743,5.1837425,5.323743,4.7237425,3.5137427,3.1137426,1.6537427,1.3237426,-0.18625732,-1.4962573,-1.7762573,0.28374267,0.24374267,2.5337427,2.0037427,1.2337427,2.4537427,-0.38625732,0.7137427,4.6937428,-0.5662573,-1.0162573,0.053742677,-1.0862573,1.0537426,3.1737428,2.9037428,4.843743,1.6637427,4.4737425,3.8537426,2.4437428,-0.47625732,-2.8762574,-2.4762573,-1.2462573,4.6237426,0.023742676
5.2337427,5.153743,5.4737425,4.903743,4.173743,2.5037427,2.6937428,2.4037428,2.1937428,2.5337427,1.7737427,0.24374267,-0.6162573,0.67374265,1.5037427,2.5337427,3.5637426,2.4937427,4.1637425,4.383743,2.7637427,0.103742674,1.8837427,3.5037427,0.39374268,0.33374268,-0.40625733,0.21374267,0.5837427,3.0637426,3.3037426,3.3637426,0.3237427,5.7537427,3.5937426,3.3437426,-0.26625732,-2.3862574,-0.63625735,-4.1062574,0.46374267
5.1637425,2.3637426,2.0637426,3.1837428,-0.14625733,-2.6362574,-4.0862575,-0.076257326,1.3437427,1.4137427,1.3837427,0.7437427,-2.0862572,0.18374267,-0.9762573,1.1237427,2.0537426,0.07374267,5.1637425,5.4837427,3.5137427,2.8837426,1.8337426,2.4537427,3.1037426,0.17374268,-0.14625733,2.3737426,1.5637426,1.0737426,1.4637427,1.1337427,-1.4162574,-1.5262573,-0.35625732,-0.026257325,0.9437427,0.2637427,0.28374267,0.73374265,1.2937427
-0.8462573,0.5637427,0.103742674,2.4837427,2.1737428,1.5137427,2.6437426,0.84374267,0.15374267,-0.51625735,0.79374266,0.8337427,0.22374268,0.53374267,0.8937427,0.0037426758,-0.37625733,1.9837427,3.0637426,5.2137427,4.3537426,3.2837427,3.8037426,2.4737427,1.0337427,1.7137427,2.8637426,1.3337426,3.2837427,2.5637426,2.8237426,1.2837427,0.72374266,-2.5862572,0.8937427,3.9237428,2.0737426,1.6237427,0.053742677,-1.4462574,-2.8362572
2.0137427,2.8237426,3.5037427,4.633743,4.8137426,2.8637426,-0.19625732,-1.6662574,-0.69625735,-1.0362573,0.46374267,-0.116257325,-0.046257325,-0.5962573,-0.16625732,1.4237427,0.78374267,0.5837427,0.7737427,3.8437426,5.6837425,5.4737425,5.653743,4.093743,2.9737427,1.2437427,1.1937426,1.9537426,0.22374268,1.2037426,2.9837427,2.7937427,1.9437426,0.25374267,-0.4562573,5.4337425,3.3337426,0.40374267,0.27374268,-0.7962573,0.30374268
1.0237427,2.0637426,2.2737427,2.0737426,0.92374265,1.1937426,2.2437427,2.5737426,-0.6662573,-1.2662573,-1.0462574,-0.7462573,-0.30625734,-1.0462574,1.1237427,0.7737427,-1.0462574,0.15374267,2.8837426,2.2737427,3.5737426,5.823743,5.133743,4.633743,3.0637426,3.9737427,-0.7362573,2.3037426,2.2437427,-0.10625733,3.2637427,3.4037428,3.6037426,1.9437426,-0.7262573,1.6137427,3.5437427,2.1137426,1.8237426,1.2437427,0.9437427
1.3737427,3.0837426,3.3137426,2.3337426,-0.9262573,-1.4362574,-1.2562573,-1.2862573,-1.8062574,-0.70625734,-1.8062574,-1.8562573,-2.5362573,-2.6662574,0.48374268,0.5037427,0.7537427,-0.6662573,-1.7062573,3.6837428,2.9737427,4.883743,4.2137427,4.303743,3.8637426,2.1037426,1.3937427,2.0337427,3.4937427,2.5637426,3.5237427,4.133743,3.3837426,4.6837425,1.5837426,0.8837427,2.1037426,2.2237427,1.8737427,1.9937427,-1.1162573
2.1937428,2.1737428,-0.036257323,-0.5062573,-2.9962573,-1.7162573,-2.3962574,-2.8362572,-3.3362572,-3.6462574,-1.6662574,-0.036257323,-0.47625732,-1.0762573,-1.3662573,-1.6262573,-0.9362573,-1.3762573,-0.71625733,-0.30625734,1.2937427,6.403743,5.9437428,5.053743,4.3137426,3.1237426,2.6137426,3.9637427,4.4837427,3.7437427,3.2637427,1.5837426,2.4737427,2.6637428,3.8137426,0.9437427,2.0737426,3.3037426,3.6937428,3.1437426,0.013742676
