wind.json
{"header": {"discipline":0,"disciplineName":"Meteorological products","gribEdition":2,"gribLength":1039,"center":7,"centerName":"US National Weather Service - NCEP(WMC)","subcenter":0,"refTime":"2023-07-01T00:00:00.000Z","significanceOfRT":1,"significanceOfRTName":"Start of forecast","productStatus":0,"productStatusName":"Operational products","productType":1,"productTypeName":"Forecast products","productDefinitionTemplate":0,"productDefinitionTemplateName":"Analysis/forecast at horizontal level/layer at a point in time","parameterCategory":0,"parameterCategoryName":"UnknownDiscipline_0_Category_0","parameterNumber":0,"parameterNumberName":"UnknownParameter_D0_C0_0","parameterUnit":"Unknown","genProcessType":2,"genProcessTypeName":"Forecast","forecastTime":60,"surface1Type":1,"surface1TypeName":"Ground or water surface","surface1Value":0.0,"surface2Type":255,"surface2TypeName":"Missing","surface2Value":0.0,"gridDefinitionTemplate":0,"gridDefinitionTemplateName":"Latitude_Longitude","numberPoints":688,"shape":6,"shapeName":"Earth spherical with radius of 6,371,229.0 m","gridUnits":"degrees","resolution":48,"winds":"true","scanMode":64,"nx":43,"ny":16,"basicAngle":0,"lo1":45.0,"la1":40.0,"lo2":87.0,"la2":55.0,"dx":1.0,"dy":1.0}, "data":
[rows 0 to 15 of 16, columns 0 to 42 of 43]
298.25195,290.65195,311.95197,320.95197,320.05194,299.75195,297.65195,296.35196,320.55194,324.95197,324.95197,323.05194,324.45197,323.55194,322.45197,321.55194,320.95197,320.25195,319.85196,318.95197,316.85196,314.65195,313.55194,315.75195,312.85196,310.05194,305.55194,291.95197,288.95197,289.55194,297.55194,306.95197,311.05194,314.85196,316.45197,316.85196,316.75195,315.45197,316.15195,316.85196,313.35196,313.45197,312.45197
297.95197,314.95197,315.85196,299.85196,307.75195,297.35196,297.55194,295.55194,315.15195,325.85196,325.85196,324.05194,321.55194,321.85196,320.85196,320.65195,320.35196,320.25195,320.75195,318.25195,321.25195,319.35196,321.05194,315.75195,314.95197,310.15195,313.05194,316.35196,311.15195,292.25195,291.25195,290.65195,282.35196,290.95197,297.05194,307.45197,314.35196,314.05194,314.45197,314.15195,314.35196,314.45197,313.75195
301.05194,294.85196,294.65195,305.05194,296.55194,296.95197,297.35196,294.85196,326.85196,323.55194,322.55194,320.85196,321.65195,320.45197,318.75195,317.85196,319.05194,319.05194,319.75195,320.15195,319.25195,319.85196,319.95197,315.95197,313.55194,303.45197,291.55194,287.25195,299.45197,292.95197,293.45197,286.55194,292.25195,277.75195,285.25195,270.75195,274.55194,309.75195,306.75195,311.35196,313.15195,304.25195,287.75195
298.15195,302.95197,308.45197,297.15195,297.15195,297.65195,299.05194,320.45197,322.55194,323.15195,321.65195,320.85196,319.15195,318.75195,315.45197,314.45197,315.85196,316.85196,317.15195,317.85196,318.05194,319.05194,319.65195,315.25195,314.45197,308.25195,313.45197,311.45197,311.55194,306.05194,302.65195,294.65195,286.75195,285.25195,293.85196,292.05194,288.15195,293.65195,289.45197,291.55194,292.65195,288.55194,285.45197
312.25195,313.65195,309.95197,298.25195,298.65195,298.95197,302.05194,323.85196,323.45197,323.55194,324.25195,322.55194,319.55194,316.55194,296.15195,295.85196,314.15195,315.05194,314.25195,317.35196,317.95197,317.55194,313.55194,311.55194,315.15195,315.15195,315.15195,316.45197,316.95197,313.95197,311.95197,306.65195,313.85196,305.15195,310.95197,312.25195,311.75195,306.95197,289.75195,291.05194,293.55194,304.65195,308.15195
315.15195,314.95197,314.75195,299.25195,299.85196,300.75195,307.95197,319.05194,321.75195,323.75195,320.95197,319.45197,317.05194,314.45197,296.15195,296.55194,293.35196,314.15195,315.45197,312.85196,311.35196,314.75195,316.45197,316.75195,316.15195,315.35196,315.85196,316.25195,315.95197,310.15195,315.85196,315.15195,317.65195,312.55194,295.25195,286.15195,295.55194,307.95197,305.75195,314.75195,314.55194,312.85196,312.65195
315.95197,321.05194,320.05194,314.55194,299.15195,299.35196,299.05194,298.55194,319.55194,319.35196,319.25195,317.85196,306.45197,312.45197,298.45197,294.35196,302.95197,312.05194,315.65195,315.75195,314.85196,315.25195,314.85196,313.95197,314.45197,314.85196,316.05194,314.55194,315.75195,292.45197,317.25195,316.45197,315.25195,313.85196,311.85196,312.25195,309.45197,304.85196,300.85196,300.35196,311.55194,313.55194,311.85196
317.75195,319.85196,317.45197,321.35196,321.35196,320.05194,312.65195,316.55194,307.85196,316.25195,316.65195,314.85196,308.05194,310.25195,307.55194,304.25195,306.05194,314.25195,307.85196,314.35196,313.55194,311.25195,311.35196,312.85196,313.15195,313.75195,312.85196,313.35196,313.45197,316.15195,316.75195,315.35196,314.05194,314.25195,314.65195,312.45197,311.25195,310.05194,302.05194,297.55194,294.65195,293.65195,306.65195
311.95197,313.75195,317.35196,318.75195,318.55194,315.95197,315.95197,313.65195,314.15195,313.25195,312.95197,312.35196,312.35196,303.85196,307.45197,310.15195,311.85196,310.35196,311.55194,303.15195,306.05194,306.85196,307.05194,308.65195,311.05194,309.25195,310.35196,309.35196,309.65195,309.05194,304.95197,309.95197,302.65195,305.85196,304.85196,302.35196,305.05194,306.25195,307.25195,291.65195,307.15195,305.75195,301.25195
294.95197,307.35196,307.25195,312.15195,315.45197,307.75195,312.85196,314.35196,313.85196,311.65195,311.05194,309.35196,307.05194,304.55194,301.55194,300.85196,303.15195,308.95197,309.25195,300.85196,298.05194,301.65195,304.45197,305.15195,309.15195,297.55194,302.65195,311.65195,308.85196,305.15195,303.65195,303.75195,303.15195,304.85196,305.75195,307.55194,305.15195,304.15195,304.65195,301.45197,291.55194,289.65195,289.25195
301.75195,303.25195,305.85196,305.05194,309.05194,311.15195,311.25195,311.45197,309.95197,308.55194,308.15195,301.65195,305.05194,301.75195,297.85196,298.35196,297.95197,304.65195,301.65195,300.05194,307.55194,304.85196,304.15195,305.85196,303.65195,300.35196,311.15195,309.15195,304.65195,303.95197,303.85196,304.35196,304.25195,308.05194,308.15195,306.75195,304.65195,303.35196,300.15195,294.95197,293.95197,290.55194,289.55194
298.75195,298.35196,307.25195,301.25195,300.85196,300.75195,299.05194,305.75195,305.55194,304.05194,303.75195,299.25195,295.95197,296.55194,299.45197,298.15195,297.35196,297.25195,293.25195,304.85196,297.65195,293.35196,297.15195,303.85196,295.95197,299.35196,306.95197,305.85196,301.15195,305.55194,307.25195,306.15195,305.65195,304.45197,305.75195,303.05194,300.45197,299.85196,294.35196,292.85196,292.85196,291.65195,289.75195
300.95197,302.75195,303.65195,300.15195,299.05194,300.75195,297.55194,303.55194,302.05194,299.75195,302.05194,298.75195,295.45197,294.75195,295.35196,295.15195,298.05194,291.85196,292.25195,293.15195,297.45197,301.25195,304.75195,306.25195,304.85196,306.25195,305.05194,301.75195,304.85196,306.05194,305.25195,305.55194,304.45197,305.45197,305.05194,302.55194,300.45197,299.25195,299.55194,299.35196,295.75195,294.85196,291.95197
299.15195,299.55194,301.35196,302.45197,300.95197,302.85196,300.75195,301.85196,300.15195,301.95197,297.15195,297.95197,295.55194,296.65195,293.35196,298.45197,301.45197,301.35196,301.35196,296.95197,301.85196,301.95197,302.15195,301.25195,300.65195,302.75195,304.05194,306.65195,308.65195,304.75195,304.95197,304.55194,305.05194,304.65195,302.95197,303.45197,301.05194,299.75195,296.15195,292.05194,292.25195,292.15195,295.05194
297.95197,297.35196,298.35196,301.45197,294.55194,300.35196,300.65195,299.85196,298.85196,296.85196,297.95197,298.85196,297.45197,296.25195,290.75195,299.45197,300.95197,300.65195,301.55194,300.85196,301.85196,300.75195,303.75195,301.55194,304.95197,304.85196,305.35196,305.75195,303.45197,302.05194,303.15195,304.95197,305.65195,306.45197,306.95197,304.95197,300.35196,295.25195,289.95197,288.35196,292.85196,292.35196,293.15195
296.35196,297.75195,299.25195,300.75195,292.55194,301.65195,301.75195,298.55194,300.95197,299.35196,297.95197,299.55194,300.15195,297.15195,293.35196,293.25195,296.95197,300.55194,300.35196,301.15195,302.45197,302.25195,303.55194,302.55194,302.45197,301.65195,301.75195,301.85196,302.75195,302.55194,302.35196,302.05194,301.25195,296.25195,305.25195,302.55194,298.25195,294.45197,292.45197,292.95197,293.45197,294.75195,294.85196
