wind_kz.json
{"header": {"discipline":0,"disciplineName":"Meteorological products","gribEdition":2,"gribLength":1025,"center":7,"centerName":"US National Weather Service - NCEP(WMC)","subcenter":0,"refTime":"2024-03-19T18:00:00.000Z","significanceOfRT":1,"significanceOfRTName":"Start of forecast","productStatus":0,"productStatusName":"Operational products","productType":1,"productTypeName":"Forecast products","productDefinitionTemplate":0,"productDefinitionTemplateName":"Analysis/forecast at horizontal level/layer at a point in time","parameterCategory":2,"parameterCategoryName":"UnknownDiscipline_0_Category_2","parameterNumber":3,"parameterNumberName":"UnknownParameter_D0_C2_3","parameterUnit":"Unknown","genProcessType":2,"genProcessTypeName":"Forecast","forecastTime":60,"surface1Type":103,"surface1TypeName":"Specified height level above ground","surface1Value":10.0,"surface2Type":255,"surface2TypeName":"Missing","surface2Value":0.0,"gridDefinitionTemplate":0,"gridDefinitionTemplateName":"Latitude_Longitude","numberPoints":615,"shape":6,"shapeName":"Earth spherical with radius of 6,371,229.0 m","gridUnits":"degrees","resolution":48,"winds":"true","scanMode":64,"nx":41,"ny":15,"basicAngle":0,"lo1":47.0,"la1":41.0,"lo2":87.0,"la2":55.0,"dx":1.0,"dy":1.0}, "data":
[rows 0 to 14 of 15, columns 0 to 40 of 41]
2.7051537,0.8951538,0.56515384,5.685154,3.9651537,2.3651538,0.8751538,1.1351538,0.6451538,0.10515381,-1.4448462,-2.024846,-1.7648462,-2.2148461,-0.6248462,-0.38484618,1.8051538,2.4551537,3.3251538,4.5051537,1.4651538,-0.35484618,0.42515382,2.0351539,3.485154,-1.6548462,-2.264846,1.7751538,0.7851538,0.4051538,-1.8548462,1.7551538,-2.3348463,-2.3648462,-1.4548461,2.3651538,-1.2548462,3.0651538,2.975154,-2.7148461,-5.654846
2.7151537,0.8251538,2.7751539,4.1751537,2.8951538,2.0651538,1.3951538,0.7451538,-0.5648462,-0.5948462,-0.5848462,-0.6248462,-2.2148461,-1.2548462,-1.1748462,-1.1948462,-0.9148462,0.09515381,2.6251538,2.6651537,3.8751538,3.6051538,4.2351537,4.125154,2.5751538,3.015154,2.3151538,2.5351539,0.18515381,3.3051538,2.3051538,3.5251539,0.9351538,1.8751538,3.5451539,-0.6248462,1.7551538,0.81515384,0.6651538,0.63515383,0.8751538
-0.3048462,3.3651538,3.1351538,2.0451539,1.6851538,1.5851538,1.2551538,0.6751538,0.5951538,-0.0048461915,-0.47484618,-0.74484617,-2.2248461,-1.8548462,-2.0348463,-0.74484617,-0.03484619,0.0051538087,0.7051538,1.3951538,1.9751538,2.3251538,4.805154,5.5051537,1.6351538,-0.3748462,-1.0948462,-3.0448463,-2.0448463,0.3451538,-0.104846194,0.4451538,0.1451538,0.7351538,-1.2348462,-1.8848462,0.5551538,0.1751538,-1.6948462,-0.7348462,-3.1448462
0.8251538,0.42515382,0.6851538,0.6551538,1.4651538,2.4451537,1.5951538,1.3651538,0.9551538,0.36515382,0.3451538,-1.7348462,-3.524846,-2.6648462,-1.4548461,-1.7148461,-2.6548462,-1.4848462,-0.22484618,0.56515384,1.6251538,7.2151537,1.0051538,5.265154,1.9951538,-0.6748462,0.09515381,2.0751538,1.8851538,0.45515382,-2.6648462,-4.2648463,1.6451538,-0.55484617,0.81515384,-0.17484619,2.0451539,3.3151538,-1.8848462,-0.9548462,-1.3548462
1.2151538,0.7351538,0.1451538,1.1551538,1.4251539,1.8751538,1.7151538,0.9951538,1.0251538,0.45515382,0.8051538,-1.5648462,-2.8548462,-2.6048462,-2.6048462,-2.5848463,-4.2048464,-3.244846,-1.4548461,-0.8448462,2.1151538,2.725154,2.0951538,0.6851538,0.15515381,0.15515381,0.3151538,2.9251537,0.7151538,1.6651539,3.0551538,2.8451538,3.1851537,1.2151538,0.15515381,1.1451538,0.9151538,0.4851538,-0.7148462,-0.1948462,-1.1148462
1.3951538,0.7251538,1.2051538,1.8651538,1.9051538,0.75515383,1.3951538,1.5551538,1.1051538,1.2951539,0.6451538,-0.5248462,-1.8148462,-3.6248462,-3.524846,-3.7248461,-3.9748461,-3.6048462,-3.3548462,-3.0648463,-3.4748461,-3.6348462,0.0051538087,1.1051538,-0.32484618,2.0751538,2.255154,3.015154,1.5251538,-1.7448462,3.6551538,3.3851538,4.6551538,3.725154,1.1151538,-1.1448462,0.03515381,-1.3648462,-0.9048462,-0.5048462,1.0851538
-0.44484618,-0.03484619,0.11515381,0.7151538,1.4751538,1.1051538,1.2551538,1.0651538,1.5451539,1.4851538,0.8251538,-0.4848462,-1.6848462,-3.3748462,-3.9248462,-3.994846,-3.5448463,-4.174846,-3.9148462,-3.514846,-5.4348464,-5.464846,-4.874846,-3.494846,-2.0448463,-1.3248461,-3.3648462,-2.7048461,-1.7548462,5.1751537,1.2151538,0.6651538,-1.8948462,3.4651537,0.7351538,-0.2648462,1.3951538,2.4151537,-1.1448462,1.6851538,0.8751538
-1.2648462,-0.55484617,-0.7748462,-0.6048462,-0.22484618,0.4451538,0.94515383,2.0951538,2.1751537,1.4551538,0.5451538,0.1651538,-2.4048462,-2.7948463,-4.0948462,-4.4548464,-5.134846,-4.1848464,-3.8348463,-2.8748462,-4.4348464,-5.314846,-5.964846,-5.0948462,-3.744846,-2.8448462,-2.8948462,-2.6048462,-3.744846,-4.0148463,-2.6048462,-2.9748461,-3.5948462,-4.9948463,-0.6548462,-0.8348462,-0.9148462,-0.29484618,-0.61484617,0.30515382,-0.6448462
-1.2548462,-1.5748461,-1.0448462,-0.4648462,-0.3448462,0.27515382,0.9051538,1.2351538,0.75515383,0.8051538,0.05515381,-0.3948462,-1.3348461,-2.4148462,-2.6348462,-4.104846,-3.6848462,-3.9148462,-3.9648461,-3.5648463,-1.5548462,-4.5948462,-5.984846,-4.9348464,-4.544846,-3.6748462,-1.6848462,-2.4348462,-2.4448462,-1.4648461,-2.994846,-3.6448462,-1.7448462,-3.7148461,-2.274846,-0.4348462,0.27515382,-2.014846,0.11515381,-1.1548462,1.5651538
-1.7348462,-1.5548462,-1.5448462,-1.7448462,-1.4848462,-1.2248462,-0.09484619,0.3551538,0.4051538,0.5951538,0.8051538,0.69515383,-0.12484619,-0.7948462,-1.0748461,-1.6048462,-1.8248461,-3.0348463,-2.5648463,-2.244846,-1.6448462,-2.0848463,-2.9348462,-3.2148461,-3.0548463,-2.4248462,-2.764846,-1.6648462,-1.9248462,-2.1448462,-0.5948462,-1.2148461,-1.8948462,-2.0648463,-1.4548461,-0.7648462,-0.1848462,1.2551538,1.1451538,-0.35484618,0.025153808
-2.1348462,-1.9548461,-1.0248462,-1.1548462,-1.5548462,-1.1748462,-0.4648462,-0.5348462,-0.5248462,0.56515384,0.8451538,0.39515382,0.7451538,1.0751538,0.4851538,-0.5148462,-0.7748462,-1.4448462,-1.2548462,-1.0948462,-0.7648462,-2.004846,-2.254846,-2.6248462,-2.1348462,-1.8548462,-0.8348462,-1.6648462,-1.3448462,-0.4548462,-0.9248462,-0.7848462,-1.2048461,-0.9048462,-0.17484619,-0.7248462,-0.7548462,-1.2348462,0.05515381,-0.044846192,0.045153808
-1.1048462,-1.1848462,-0.8948462,-1.3448462,-0.4548462,-1.3948462,-0.8348462,-0.32484618,-0.4048462,0.0151538085,-0.0048461915,0.6451538,2.0451539,1.7151538,1.9951538,1.6951538,0.7051538,0.5951538,0.4751538,-0.4948462,-1.0848461,-1.5548462,-1.3548462,-0.7148462,-0.8448462,0.3151538,0.12515381,-0.8948462,-0.7248462,-1.2448462,0.2851538,0.3751538,-0.20484619,-0.7048462,-0.1948462,0.33515382,-0.05484619,-1.4248462,-1.8448462,-1.1548462,-0.9048462
-0.4248462,-0.9048462,-1.4348462,-0.68484616,-1.2748462,-0.7148462,-0.8248462,-1.3848462,0.2251538,-0.2448462,-0.07484619,-0.3948462,1.5651538,1.5451539,2.5651538,2.0351539,1.3951538,0.8651538,1.2051538,0.36515382,1.0251538,0.4451538,-0.2648462,-0.68484616,-1.0848461,-0.23484619,-0.4848462,0.09515381,0.24515381,0.3551538,0.6051538,0.7051538,1.1351538,1.3051538,0.5351538,0.4451538,0.045153808,0.9751538,0.94515383,1.0951538,1.0951538
0.3451538,0.9951538,0.5751538,0.1451538,0.1951538,-0.32484618,-0.3648462,-0.7748462,0.9651538,-0.7648462,-0.2548462,-0.104846194,0.4651538,0.69515383,0.56515384,2.4451537,1.7851539,1.3451538,1.2751538,0.6251538,0.5151538,0.9051538,0.3751538,0.2951538,0.4151538,0.42515382,1.0951538,1.5051538,1.6751539,1.3351538,0.6251538,0.3151538,-0.1948462,-0.15484619,-0.5948462,-0.2748462,-0.41484618,-0.5848462,-0.3148462,0.03515381,-1.3748462
0.3751538,-0.05484619,1.2351538,0.5151538,0.94515383,0.4351538,-0.4248462,-0.3048462,-0.68484616,0.6151538,1.1351538,-0.104846194,-0.5748462,-2.0448463,0.4751538,1.5251538,-0.08484619,0.03515381,0.3851538,1.2251538,1.3051538,1.0251538,0.9151538,0.9051538,0.4751538,0.8951538,1.1251538,1.2151538,0.4051538,0.30515382,0.1751538,-0.8948462,-1.5448462,-2.1048462,-2.1048462,-1.9648461,-1.2248462,-1.7948462,-1.7948462,-1.4848462,-0.03484619
