wind_kz.json
{"header": {"discipline":0,"disciplineName":"Meteorological products","gribEdition":2,"gribLength":1025,"center":7,"centerName":"US National Weather Service - NCEP(WMC)","subcenter":0,"refTime":"2023-08-22T12:00:00.000Z","significanceOfRT":1,"significanceOfRTName":"Start of forecast","productStatus":0,"productStatusName":"Operational products","productType":1,"productTypeName":"Forecast products","productDefinitionTemplate":0,"productDefinitionTemplateName":"Analysis/forecast at horizontal level/layer at a point in time","parameterCategory":2,"parameterCategoryName":"UnknownDiscipline_0_Category_2","parameterNumber":2,"parameterNumberName":"UnknownParameter_D0_C2_2","parameterUnit":"Unknown","genProcessType":2,"genProcessTypeName":"Forecast","forecastTime":60,"surface1Type":103,"surface1TypeName":"Specified height level above ground","surface1Value":10.0,"surface2Type":255,"surface2TypeName":"Missing","surface2Value":0.0,"gridDefinitionTemplate":0,"gridDefinitionTemplateName":"Latitude_Longitude","numberPoints":615,"shape":6,"shapeName":"Earth spherical with radius of 6,371,229.0 m","gridUnits":"degrees","resolution":48,"winds":"true","scanMode":64,"nx":41,"ny":15,"basicAngle":0,"lo1":47.0,"la1":41.0,"lo2":87.0,"la2":55.0,"dx":1.0,"dy":1.0}, "data":
[rows 0 to 14 of 15, columns 0 to 40 of 41]
-3.1139202,-0.8639203,1.8960797,0.5360797,-2.9539204,-3.0239203,-0.8439203,-1.6539203,-4.2639203,0.5760797,-0.7139203,-1.4739203,-1.8739203,-2.5639203,-3.0439203,-3.4839203,-2.0839202,-2.4439204,-2.2239203,-0.7839203,2.8760798,3.5160797,0.12607971,-0.48392028,-0.14392029,-2.2439203,-2.9639204,-0.6639203,0.05607971,-0.41392028,-0.8939203,-0.5339203,0.016079713,0.9860797,-0.8539203,-2.0439203,-1.8039203,-2.6339202,-3.1339202,-3.4439204,-3.1639204
1.5560797,1.2660797,1.3260797,0.48607972,-1.2539203,-1.7839203,-1.0139203,0.16607971,-0.8339203,1.4360797,0.6060797,3.3860798,0.4960797,-1.5939202,-1.4839203,-2.9339204,-1.8539203,-3.0639203,-1.6439203,0.3560797,1.4060798,0.8260797,-0.24392028,-2.3639202,0.21607971,0.48607972,-0.7539203,-0.2739203,-1.6639203,-2.4739203,0.04607971,-0.5139203,0.096079715,-2.0639203,0.24607971,0.05607971,-1.1839203,0.6060797,-1.9639202,0.50607973,-1.0239203
0.87607974,0.30607972,1.1460797,2.0960798,1.8060797,0.62607974,1.7260797,2.5660796,1.2860798,1.6360797,2.5860796,4.2060795,2.8960798,2.9660797,-0.3039203,-1.7539203,-3.4139204,-3.3739202,-2.2039204,-0.6539203,1.0260797,3.2360797,-3.9339204,-2.6739204,2.1760798,3.2760797,6.1260796,2.7060797,-2.5839202,-0.68392026,-1.4839203,2.2860796,-0.42392027,-0.81392026,0.69607973,-1.1639203,-0.8639203,0.19607972,-0.7239203,1.3960797,1.1760798
-0.12392029,0.6660797,1.8460797,1.7360797,2.0560796,0.7460797,3.4960797,3.0160797,1.8860797,3.3060796,3.6760798,4.2060795,5.88608,3.7060797,1.2460797,-1.1939203,-2.9139204,-3.6439202,-2.5639203,-0.3439203,0.5460797,-1.8439202,4.1760798,3.4760797,3.5860796,3.6660798,4.22608,-0.80392027,0.6660797,0.6460797,-2.0939202,-3.3239202,-4.25392,-3.8139203,-3.4139204,-2.8739202,-1.7839203,1.5360798,1.8160797,0.2560797,1.5560797
0.8360797,2.1560798,2.4360797,4.2160797,3.1060798,3.6360798,2.9360797,2.3060796,2.4260798,0.9960797,2.6660798,5.32608,6.5060797,-2.6739204,0.11607971,-1.0939202,-2.3939202,-3.2839203,-2.5639203,-1.3239202,-2.1239202,-1.4239203,-0.9839203,1.0960797,3.2560797,3.3160796,2.8460798,3.2660797,2.8460798,0.5160797,1.8760797,-1.8739203,-3.0639203,0.16607971,3.3560798,1.6760798,-0.09392029,-1.5939202,-2.3439202,0.75607973,0.8960797
3.0060797,1.7160797,3.6060798,3.8060796,2.7160797,3.8660798,2.8460798,1.7660797,2.1660798,2.1960797,-1.2139202,-4.86392,-5.75392,-4.27392,-0.4039203,2.0660796,1.1560798,-2.8939202,-3.1439202,-1.6739203,-2.5339203,-1.8639203,-0.4639203,0.32607973,0.87607974,2.4960797,4.9460797,4.36608,3.2960796,2.9960797,1.6160797,3.8160796,1.1460797,-0.5039203,-0.19392028,-4.4139204,0.2560797,-0.033920288,0.14607972,-4.11392,-3.8339202
0.3760797,1.7660797,-0.5039203,1.5960797,3.5860796,4.05608,4.0660796,2.4860797,2.8760798,0.8460797,1.8060797,-0.1839203,-2.1239202,-1.9239203,4.86608,5.7160797,1.7760797,-0.7339203,-2.8339202,-1.9239203,-1.5039203,-0.3339203,-0.93392026,0.2860797,1.8860797,1.3460797,1.2960798,4.13608,4.1060796,2.5360796,0.5260797,0.6760797,2.4460797,-5.23392,-3.7439203,-3.4239204,-1.5039203,3.1860797,-1.4739203,0.8560797,-0.083920285
0.87607974,1.7460797,1.7560797,2.6460798,2.9260798,4.7760797,0.3460797,1.6960797,2.7160797,2.2660797,1.8360797,0.3760797,1.3160797,5.03608,3.7260797,-3.8639202,-5.63392,-4.19392,-3.0739202,-1.6739203,-0.3739203,0.36607972,0.19607972,0.5560797,1.3660797,1.4760797,2.6960797,3.4960797,2.6660798,2.7760797,0.1760797,2.3760798,-3.4439204,1.4660797,-1.5539203,-0.07392029,-2.3539202,-5.27392,-4.2239203,-3.1339202,-1.8939203
2.6660798,2.7960796,2.6260798,-0.6139203,1.0560797,0.096079715,-0.2739203,-0.99392027,-0.29392028,0.69607973,-0.99392027,-0.9839203,0.08607971,-1.7739203,-3.1539202,-3.1839204,-3.1039202,-2.5939202,-1.9539202,-1.4239203,-0.56392026,1.1160797,1.6060797,1.3360797,1.4660797,2.0760796,1.7260797,1.8560797,1.9460797,0.9260797,0.5460797,-0.3939203,1.4760797,-0.9439203,-1.2039202,-2.6339202,-0.5939203,-2.4939203,-1.3339202,0.24607971,-1.1339203
3.1460798,3.6760798,2.0960798,-1.0139203,-0.2139203,-0.6439203,0.2060797,0.9960797,0.5560797,2.1060798,2.4260798,0.8560797,-1.2739203,0.23607971,-0.5239203,-1.5839202,-2.2539203,-2.2439203,-1.6139203,-0.9239203,0.096079715,1.4060798,2.4660797,1.5660797,0.8660797,2.7060797,1.1560798,2.5060797,2.9460797,3.8860798,1.8460797,1.1860797,1.0160797,1.3360797,-0.9539203,-1.7639203,-3.2339203,-0.9439203,-1.9839203,-0.12392029,-1.0639203
2.2960796,0.7460797,-3.1739204,-1.7339203,-1.4939203,-0.81392026,-0.6939203,-2.1339202,-0.8239203,-0.1839203,-2.4539204,-0.44392028,-0.13392028,1.1460797,0.5160797,-0.41392028,-0.12392029,-1.2139202,-0.16392028,0.3160797,1.8360797,1.0360798,1.3460797,1.9260798,2.0260797,1.2560797,2.1960797,3.0960798,2.5760796,6.3760796,4.61608,2.9560797,3.3360796,2.1160798,0.6460797,-0.5939203,-1.6839203,-0.07392029,-1.7039202,0.8860797,-1.5539203
-0.45392027,-2.0539203,-2.4739203,-2.2439203,-0.19392028,0.13607971,-0.26392028,0.10607971,0.30607972,1.4260798,0.6660797,0.5460797,-0.8539203,-1.8039203,-2.2739203,1.2260797,0.7060797,0.096079715,-0.9239203,0.14607972,-0.2539203,2.3160796,1.7760797,1.8060797,2.4960797,2.0860796,2.2760797,3.2760797,3.8960798,6.2560797,3.9060798,3.1960797,2.3260796,0.9560797,1.3960797,-0.04392029,-0.55392027,-1.0939202,-0.6539203,-0.6039203,-1.1239203
0.06607971,0.33607972,-0.44392028,-0.11392029,-0.55392027,0.7460797,0.2860797,0.13607971,0.42607972,-0.4039203,0.06607971,0.5460797,0.9760797,-1.0539203,-3.7839203,-2.3339202,0.2860797,-1.6839203,-0.6939203,0.39607972,1.0060797,2.1860797,1.9960797,2.6660798,3.8360796,2.6160798,1.8260797,2.2760797,2.3760798,2.4460797,2.9560797,1.2960798,1.0860797,1.7760797,1.1960797,0.5160797,1.0860797,-0.42392027,-1.1439203,-0.81392026,-1.3039203
1.2360797,0.4660797,2.0060797,0.04607971,0.2760797,0.9560797,0.9060797,1.4760797,1.1160797,1.3260797,-0.2539203,-0.24392028,0.9560797,1.0960797,1.3660797,1.6660798,2.5560796,2.0660796,0.6060797,2.1660798,2.3160796,2.9860797,3.4360797,2.6460798,2.5160797,0.5960797,0.62607974,1.3060797,1.1860797,1.5160797,-0.19392028,0.69607973,2.3360796,1.3660797,0.5460797,-1.1839203,-0.4339203,0.06607971,-1.2639203,-0.62392026,0.2860797
-0.5139203,-0.8539203,-2.2839203,-1.5339203,0.016079713,1.3260797,1.3660797,0.21607971,1.0560797,-0.7739203,-0.6939203,0.69607973,0.87607974,1.3560797,2.9360797,2.8560798,2.5560796,2.9860797,2.7060797,2.4360797,2.0460796,2.7860796,2.8460798,0.9160797,1.8560797,1.8560797,0.68607974,1.7360797,0.7060797,1.2060797,1.3160797,1.6360797,0.3160797,1.4960797,0.7260797,0.26607972,0.016079713,-0.3739203,0.06607971,-1.0939202,-0.6939203
