wind_kz.json
{"header": {"discipline":0,"disciplineName":"Meteorological products","gribEdition":2,"gribLength":1102,"center":7,"centerName":"US National Weather Service - NCEP(WMC)","subcenter":0,"refTime":"2023-09-09T06:00:00.000Z","significanceOfRT":1,"significanceOfRTName":"Start of forecast","productStatus":0,"productStatusName":"Operational products","productType":1,"productTypeName":"Forecast products","productDefinitionTemplate":0,"productDefinitionTemplateName":"Analysis/forecast at horizontal level/layer at a point in time","parameterCategory":2,"parameterCategoryName":"UnknownDiscipline_0_Category_2","parameterNumber":2,"parameterNumberName":"UnknownParameter_D0_C2_2","parameterUnit":"Unknown","genProcessType":2,"genProcessTypeName":"Forecast","forecastTime":60,"surface1Type":103,"surface1TypeName":"Specified height level above ground","surface1Value":10.0,"surface2Type":255,"surface2TypeName":"Missing","surface2Value":0.0,"gridDefinitionTemplate":0,"gridDefinitionTemplateName":"Latitude_Longitude","numberPoints":615,"shape":6,"shapeName":"Earth spherical with radius of 6,371,229.0 m","gridUnits":"degrees","resolution":48,"winds":"true","scanMode":64,"nx":41,"ny":15,"basicAngle":0,"lo1":47.0,"la1":41.0,"lo2":87.0,"la2":55.0,"dx":1.0,"dy":1.0}, "data":
[rows 0 to 14 of 15, columns 0 to 40 of 41]
-1.2023292,-0.2123291,-0.1123291,-3.6423292,-2.032329,0.3576709,1.7076709,3.5276709,2.927671,-2.4723291,-0.6923291,-0.8123291,-0.7623291,1.937671,-1.0323291,-3.1823292,-2.4523292,-0.012329102,0.017670898,1.8776709,2.1076708,2.3476708,1.067671,1.3576709,4.4776707,2.997671,-2.842329,3.117671,0.0876709,0.4276709,-1.0023291,-1.0323291,-0.6923291,-1.4123291,-3.792329,-4.872329,-4.222329,-4.282329,-3.6923292,-2.9323292,-0.9123291
2.0176709,-0.2823291,-0.1423291,2.0976708,1.1376709,1.0176709,2.747671,2.7976708,0.9576709,-1.1523291,1.6976709,2.127671,2.937671,1.3376709,-1.5523291,-3.4123292,-1.312329,1.0476708,1.8476709,2.6076708,3.0276709,3.3376708,2.3176708,0.2276709,2.0376709,2.247671,0.76767087,1.8676709,-3.632329,-1.9923291,0.2276709,-0.1323291,-0.6123291,-2.352329,0.4276709,-0.2223291,-0.3823291,0.3376709,-0.5923291,2.417671,-3.522329
0.0376709,-1.2823291,0.7476709,1.6476709,1.0476708,2.457671,2.0076709,1.8976709,-0.2623291,-0.5623291,0.9076709,2.177671,2.957671,3.2576709,-1.562329,-1.8623291,1.0776709,2.967671,3.7576709,4.617671,5.857671,6.4376707,5.597671,7.427671,4.177671,3.0676708,3.447671,2.457671,3.8276708,-0.2823291,-1.2923291,2.147671,0.0976709,-0.9723291,-0.7023291,-1.5823292,0.0876709,0.0776709,0.4876709,2.3476708,1.937671
-1.2423291,0.2176709,1.427671,1.0976709,1.5376709,0.8276709,0.8176709,2.0376709,2.5276709,2.0776708,2.7776709,2.977671,5.6676707,2.637671,1.2576709,1.937671,2.8176708,4.127671,3.5976708,4.157671,4.967671,3.8176708,6.127671,8.1376705,11.657671,9.867671,6.377671,7.307671,10.1776705,8.667671,7.7276707,5.657671,-0.7823291,-7.612329,-6.8523293,-3.4523292,-1.9823291,1.677671,2.0376709,0.9676709,1.2876709
2.737671,1.7576709,3.497671,3.367671,3.5476708,3.7776709,3.407671,3.0876708,3.7976708,4.9576707,4.237671,3.867671,7.407671,4.497671,3.8476708,3.217671,5.007671,3.0676708,3.637671,6.2076707,8.017671,8.297671,8.337671,9.997671,11.627671,11.477671,10.807671,9.207671,8.987671,9.227671,8.127671,1.8376709,-1.6423291,3.657671,1.7176709,2.387671,1.3776709,0.4576709,2.677671,0.0876709,-1.8623291
0.7176709,1.5276709,7.487671,4.537671,7.037671,7.967671,6.797671,6.4576707,6.747671,5.747671,6.387671,5.737671,7.337671,8.577671,8.327671,5.617671,4.127671,3.457671,5.517671,7.177671,8.307671,8.397671,9.127671,9.46767,11.367671,10.767671,11.657671,12.487671,11.21767,9.987671,12.657671,6.847671,3.877671,-2.1523292,-0.2823291,-4.5823293,-0.1723291,-0.4823291,1.1676708,-1.3623291,-2.9623291
3.5076709,1.4076709,3.137671,0.3976709,1.8376709,-1.5223291,0.8576709,1.9676709,3.8476708,-0.2923291,1.8376709,3.887671,3.0676708,5.277671,6.467671,3.907671,2.8076708,3.737671,6.1476707,7.867671,9.247671,8.847671,9.46767,10.417671,10.167671,10.267671,11.397671,11.647671,11.167671,11.107671,5.517671,3.8576708,0.107670896,-5.922329,-4.872329,-3.262329,-1.2923291,2.987671,-3.4023292,2.667671,1.3976709
2.707671,1.6976709,-0.9523291,-1.1123291,-1.7623291,1.5776709,2.427671,2.737671,3.157671,1.557671,3.147671,4.117671,4.1876707,2.0176709,1.3276709,1.437671,3.437671,4.217671,5.6676707,7.887671,10.487671,10.277671,10.187671,10.367671,10.977671,11.067671,9.777671,10.697671,11.737671,10.757671,5.077671,0.8076709,0.4176709,0.1576709,-2.2323291,-1.9623291,-2.862329,-5.632329,-4.3523293,-5.302329,-3.372329
-2.2123291,-2.382329,0.9276709,-2.002329,0.7776709,1.9976709,2.5576708,2.387671,0.8176709,-0.7023291,1.187671,0.3176709,-0.3323291,-0.6423291,1.0776709,2.917671,4.017671,5.077671,7.2076707,8.46767,8.747671,10.307671,9.437671,7.527671,6.7276707,5.247671,5.547671,9.1776705,10.627671,2.247671,4.607671,0.4176709,1.7176709,-1.8023291,-3.7423291,-3.082329,-1.062329,-3.502329,-2.002329,0.1176709,-1.1123291
-1.5523291,-0.3123291,-1.2323291,0.0976709,0.6976709,0.2776709,0.047670897,0.7076709,1.6276709,1.817671,0.2876709,0.9576709,-1.182329,1.9676709,1.6976709,2.667671,3.5176709,4.577671,4.847671,3.927671,3.8376708,3.5776708,1.677671,3.5676708,1.2676709,-0.4323291,-1.4823291,-1.572329,0.7376709,1.8976709,-2.2323291,0.2876709,-4.322329,-3.282329,-2.7423291,-2.9323292,-3.1923292,-0.98232913,-2.292329,-0.6223291,-1.192329
2.6076708,2.387671,1.5076709,2.2876709,0.8076709,0.2576709,1.1376709,1.8776709,3.0476708,-2.4423292,-2.592329,-0.9323291,-1.8323292,-0.9423291,2.147671,4.237671,4.867671,6.407671,3.647671,2.2576709,2.907671,0.1876709,-1.0323291,-3.522329,-3.252329,-2.612329,-6.752329,-5.1023293,-6.8123293,-8.502329,-8.392329,-7.122329,-6.422329,-2.862329,-4.122329,-2.9523292,-1.9823291,-0.3423291,-1.2723291,0.5276709,-1.7323291
-1.2023292,-2.862329,-3.282329,-1.5923291,0.6776709,1.557671,1.2776709,0.1776709,-2.532329,-2.002329,-2.9823291,-1.8523291,0.0676709,2.5176709,2.8576708,0.5276709,1.8776709,2.167671,2.8576708,2.407671,0.5976709,-0.4523291,-0.7823291,-2.832329,-3.582329,-5.172329,-5.072329,-4.222329,-2.132329,-5.452329,-3.9523292,-6.592329,-2.792329,-4.552329,-3.4623291,-3.6923292,-2.9523292,-1.4723291,-0.3823291,-1.0923291,-0.9223291
-0.5123291,-1.1723291,-0.6623291,-1.1523291,-1.5323291,-1.9023291,-1.3623291,-2.7223291,-2.4723291,-1.8023291,-1.1323291,-0.2223291,0.8976709,-0.8123291,1.1376709,1.5076709,2.3576708,2.187671,-1.312329,-2.9123292,-3.6423292,-4.432329,-4.642329,-4.932329,-5.982329,-7.492329,-7.752329,-6.972329,-6.642329,-6.922329,-5.942329,-5.6023293,-5.402329,-5.512329,-4.112329,-5.0623293,-4.5623293,-2.612329,-3.9523292,-2.6623292,-1.7523291
-0.8923291,-0.4023291,-1.2223291,-2.322329,-2.372329,-3.3923292,-3.282329,-3.502329,-1.6623291,-2.862329,-1.182329,-0.1523291,1.0376709,2.3176708,3.3476708,1.7876709,-3.4323292,-3.4123292,-3.9123292,-4.342329,-4.722329,-5.7923293,-5.722329,-6.8323293,-7.0423293,-7.492329,-7.532329,-7.3523293,-7.5423293,-7.742329,-7.142329,-6.422329,-7.032329,-5.512329,-4.742329,-4.762329,-4.0423293,-3.302329,-2.6823292,-1.6523291,-1.3923291
-0.73232913,-2.252329,-6.032329,-3.552329,-3.1823292,-3.132329,-2.4223292,-4.142329,-5.322329,-3.7323291,-1.2223291,-0.9423291,0.8576709,-1.942329,-6.942329,-4.7923293,-2.4023292,-0.9623291,-1.6523291,-4.592329,-6.192329,-5.842329,-5.892329,-6.2923293,-5.5823293,-4.362329,-5.532329,-6.212329,-6.242329,-7.0623293,-8.172329,-8.052329,-6.502329,-5.2923293,-4.282329,-4.392329,-2.352329,-3.2223291,-1.8723291,-1.322329,-0.9323291
