wind_kz.json
{"header": {"discipline":0,"disciplineName":"Meteorological products","gribEdition":2,"gribLength":871,"center":7,"centerName":"US National Weather Service - NCEP(WMC)","subcenter":0,"refTime":"2023-09-30T06:00:00.000Z","significanceOfRT":1,"significanceOfRTName":"Start of forecast","productStatus":0,"productStatusName":"Operational products","productType":1,"productTypeName":"Forecast products","productDefinitionTemplate":0,"productDefinitionTemplateName":"Analysis/forecast at horizontal level/layer at a point in time","parameterCategory":0,"parameterCategoryName":"UnknownDiscipline_0_Category_0","parameterNumber":0,"parameterNumberName":"UnknownParameter_D0_C0_0","parameterUnit":"Unknown","genProcessType":2,"genProcessTypeName":"Forecast","forecastTime":120,"surface1Type":1,"surface1TypeName":"Ground or water surface","surface1Value":0.0,"surface2Type":255,"surface2TypeName":"Missing","surface2Value":0.0,"gridDefinitionTemplate":0,"gridDefinitionTemplateName":"Latitude_Longitude","numberPoints":615,"shape":6,"shapeName":"Earth spherical with radius of 6,371,229.0 m","gridUnits":"degrees","resolution":48,"winds":"true","scanMode":64,"nx":41,"ny":15,"basicAngle":0,"lo1":47.0,"la1":41.0,"lo2":87.0,"la2":55.0,"dx":1.0,"dy":1.0}, "data":
[rows 0 to 14 of 15, columns 0 to 40 of 41]
289.56833,282.06833,288.06833,294.06833,293.66833,292.66833,299.16833,303.56833,302.76834,300.76834,301.76834,304.66833,303.06833,303.06833,303.56833,305.06833,305.36835,304.96832,308.76834,307.06833,312.06833,309.06833,308.26834,305.36835,306.26834,307.66833,304.26834,292.36835,291.36835,286.96832,287.86835,281.36835,299.16833,306.56833,307.86835,307.96832,315.76834,313.26834,311.46832,311.16833,309.86835
273.16833,287.06833,293.56833,293.56833,293.66833,292.16833,294.76834,295.26834,299.36835,300.96832,300.76834,294.56833,294.46832,302.86835,300.86835,301.76834,305.36835,307.16833,306.66833,308.36835,307.96832,306.76834,305.36835,298.06833,285.96832,286.96832,297.06833,293.46832,293.66833,288.56833,292.46832,281.86835,292.06833,265.06833,286.46832,302.26834,305.66833,305.86835,308.66833,300.86835,284.66833
289.16833,293.16833,293.56833,292.96832,291.26834,294.86835,298.66833,295.76834,292.56833,297.56833,298.76834,295.06833,297.46832,301.36835,299.66833,302.26834,303.26834,303.46832,305.56833,305.36835,309.66833,309.56833,310.16833,303.36835,303.36835,301.46832,303.86835,302.36835,301.86835,294.26834,286.96832,289.56833,295.36835,295.86835,298.06833,293.76834,289.96832,291.56833,291.56833,286.76834,287.16833
300.26834,292.46832,293.16833,292.16833,293.56833,301.16833,296.66833,299.16833,293.76834,298.36835,300.46832,300.06833,290.36835,289.66833,299.76834,300.66833,299.86835,303.26834,303.96832,303.86835,307.26834,304.76834,303.66833,303.96832,303.86835,303.16833,303.26834,303.96832,298.56833,300.76834,304.06833,300.26834,303.26834,306.56833,305.66833,300.86835,287.16833,272.36835,291.76834,300.16833,300.66833
300.66833,291.96832,292.36835,291.46832,294.86835,299.36835,299.06833,301.16833,298.76834,299.26834,300.66833,300.66833,289.36835,288.16833,286.66833,300.26834,299.66833,299.66833,300.06833,298.46832,300.36835,303.06833,304.76834,304.06833,304.96832,304.16833,302.76834,296.46832,303.16833,302.56833,301.16833,301.06833,289.86835,275.96832,291.66833,299.16833,298.36835,304.16833,305.86835,305.96832,302.76834
299.66833,300.46832,290.66833,291.36835,291.36835,290.96832,301.46832,298.86835,298.96832,299.56833,299.16833,299.76834,290.76834,288.96832,295.66833,300.26834,299.16833,300.46832,299.56833,300.26834,300.86835,300.26834,301.36835,299.86835,301.66833,300.36835,300.86835,287.66833,297.76834,298.36835,299.26834,298.96832,300.86835,301.56833,299.46832,295.06833,293.56833,290.96832,304.36835,304.76834,302.06833
300.16833,301.56833,298.76834,299.86835,297.36835,301.46832,300.96832,298.96832,298.56833,298.06833,300.26834,298.96832,299.56833,300.06833,299.76834,298.26834,299.66833,298.96832,300.86835,300.16833,297.96832,297.96832,297.76834,299.66833,295.76834,295.96832,297.46832,297.56833,297.06833,297.86835,298.66833,297.06833,298.16833,295.96832,296.16833,296.26834,292.16833,291.26834,289.46832,287.46832,296.76834
299.16833,300.06833,299.76834,299.16833,299.16833,300.26834,301.56833,301.96832,302.16833,299.56833,296.96832,294.46832,299.36835,298.36835,300.06833,298.96832,298.16833,298.66833,298.36835,298.26834,297.06833,298.86835,298.36835,297.36835,294.76834,294.56833,293.96832,291.86835,291.66833,293.76834,292.76834,294.76834,295.76834,295.26834,297.76834,295.96832,295.76834,286.36835,296.76834,300.86835,296.36835
298.76834,298.06833,298.56833,299.36835,298.66833,299.76834,300.56833,300.16833,299.16833,299.36835,298.66833,299.16833,297.56833,297.76834,298.36835,298.56833,298.86835,299.46832,297.56833,297.16833,295.96832,296.16833,296.86835,295.96832,294.56833,295.86835,295.26834,294.76834,291.66833,291.16833,291.06833,293.56833,292.86835,292.56833,293.46832,292.56833,292.06833,290.46832,276.16833,280.96832,278.56833
297.76834,297.06833,297.86835,297.96832,297.96832,298.56833,298.36835,298.16833,298.56833,298.56833,297.46832,296.76834,297.46832,295.66833,296.96832,291.16833,296.96832,298.06833,297.76834,297.46832,295.66833,295.96832,296.66833,297.16833,297.06833,295.86835,295.96832,296.46832,295.76834,296.16833,295.66833,292.66833,293.76834,292.36835,293.16833,289.16833,289.06833,286.76834,286.36835,284.46832,278.36835
294.66833,295.46832,295.56833,295.56833,296.56833,296.06833,296.36835,297.06833,297.56833,297.16833,295.46832,295.56833,296.96832,295.16833,296.66833,296.56833,296.26834,297.16833,295.86835,293.36835,295.76834,294.66833,294.56833,294.96832,294.36835,294.56833,293.06833,295.76834,296.46832,297.86835,297.46832,296.56833,295.06833,291.46832,291.16833,289.66833,286.16833,286.16833,286.66833,286.56833,285.06833
292.66833,293.76834,294.36835,294.26834,294.16833,292.16833,292.16833,292.36835,293.36835,294.26834,291.96832,291.56833,293.86835,292.86835,294.06833,295.46832,295.96832,295.56833,295.66833,294.86835,293.66833,292.56833,291.66833,292.16833,291.36835,293.06833,293.96832,295.56833,296.26834,296.26834,295.46832,295.36835,292.96832,292.36835,290.86835,289.26834,288.76834,290.96832,288.76834,288.76834,287.86835
290.36835,290.76834,291.76834,292.16833,291.66833,291.26834,290.56833,291.06833,290.56833,291.46832,288.46832,288.56833,290.96832,290.66833,292.86835,293.66833,294.26834,293.96832,295.06833,293.56833,293.26834,292.56833,292.06833,291.56833,292.76834,293.26834,293.26834,293.86835,293.66833,294.16833,294.76834,294.16833,293.86835,293.06833,291.96832,290.36835,290.06833,287.46832,287.36835,285.56833,285.46832
290.56833,291.56833,288.26834,291.16833,290.76834,290.56833,289.06833,288.66833,289.46832,289.46832,287.56833,285.56833,288.56833,290.06833,291.56833,292.46832,292.56833,292.66833,293.16833,291.26834,291.16833,288.76834,292.86835,293.46832,293.46832,288.46832,291.46832,292.06833,292.66833,291.86835,292.76834,292.06833,291.46832,290.56833,290.96832,290.06833,289.26834,288.46832,288.16833,284.96832,285.46832
289.46832,291.26834,285.16833,290.96832,290.06833,289.76834,288.76834,289.36835,290.86835,291.06833,288.06833,288.46832,287.16833,288.96832,290.26834,291.76834,291.76834,292.16833,287.46832,286.26834,287.76834,291.46832,292.06833,288.46832,291.96832,291.66833,292.36835,292.66833,292.26834,291.66833,291.06833,287.76834,290.56833,290.26834,289.86835,289.66833,291.36835,289.16833,289.56833,288.56833,285.06833
