wind_kz.json
{"header": {"discipline":0,"disciplineName":"Meteorological products","gribEdition":2,"gribLength":871,"center":7,"centerName":"US National Weather Service - NCEP(WMC)","subcenter":0,"refTime":"2023-09-20T12:00:00.000Z","significanceOfRT":1,"significanceOfRTName":"Start of forecast","productStatus":0,"productStatusName":"Operational products","productType":1,"productTypeName":"Forecast products","productDefinitionTemplate":0,"productDefinitionTemplateName":"Analysis/forecast at horizontal level/layer at a point in time","parameterCategory":0,"parameterCategoryName":"UnknownDiscipline_0_Category_0","parameterNumber":0,"parameterNumberName":"UnknownParameter_D0_C0_0","parameterUnit":"Unknown","genProcessType":2,"genProcessTypeName":"Forecast","forecastTime":300,"surface1Type":1,"surface1TypeName":"Ground or water surface","surface1Value":0.0,"surface2Type":255,"surface2TypeName":"Missing","surface2Value":0.0,"gridDefinitionTemplate":0,"gridDefinitionTemplateName":"Latitude_Longitude","numberPoints":615,"shape":6,"shapeName":"Earth spherical with radius of 6,371,229.0 m","gridUnits":"degrees","resolution":48,"winds":"true","scanMode":64,"nx":41,"ny":15,"basicAngle":0,"lo1":47.0,"la1":41.0,"lo2":87.0,"la2":55.0,"dx":1.0,"dy":1.0}, "data":
[rows 0 to 14 of 15, columns 0 to 40 of 41]
289.40747,284.90747,287.90747,293.10748,293.40747,293.10748,291.90747,292.30746,290.70746,289.40747,288.90747,290.20746,289.80746,289.40747,289.10748,287.10748,287.20746,286.70746,286.60748,286.60748,288.10748,285.10748,282.80746,280.70746,283.30746,286.20746,283.00748,270.50748,273.20746,272.40747,271.80746,270.00748,281.60748,287.20746,289.10748,288.60748,286.70746,287.40747,287.00748,286.80746,287.30746
274.30746,288.60748,292.90747,292.90747,292.90747,291.60748,290.60748,291.30746,288.80746,288.50748,288.40747,287.70746,287.70746,287.10748,283.80746,286.00748,284.80746,286.40747,285.50748,286.20746,285.50748,286.70746,285.90747,279.30746,270.20746,267.70746,278.10748,271.10748,273.90747,270.00748,276.40747,261.70746,274.60748,255.80746,271.50748,285.80746,283.00748,285.50748,287.10748,282.00748,283.70746
290.00748,291.80746,293.00748,292.70746,290.70746,290.70746,289.80746,288.70746,287.60748,286.90747,286.00748,286.30746,285.00748,285.90747,286.60748,285.00748,285.20746,281.80746,284.80746,285.90747,285.70746,287.20746,287.30746,282.30746,283.20746,282.10748,285.00748,283.50748,283.40747,276.60748,269.70746,272.80746,278.70746,277.70746,278.80746,279.30746,271.90747,274.30746,278.10748,273.10748,270.40747
288.10748,291.70746,293.10748,292.00748,290.60748,289.80746,289.60748,288.70746,288.20746,287.00748,285.70746,284.90747,290.40747,289.90747,286.90747,285.10748,285.00748,283.20746,285.90747,285.80746,284.90747,281.20746,286.30746,286.10748,285.30746,285.30746,284.70746,283.90747,282.30746,284.30746,285.00748,285.40747,287.70746,286.80746,283.10748,281.60748,273.50748,267.90747,275.30746,281.50748,284.20746
291.80746,290.70746,291.60748,290.60748,290.50748,290.30746,290.80746,290.00748,288.30746,287.20746,286.10748,283.80746,289.10748,288.20746,286.80746,285.40747,284.80746,284.40747,283.80746,287.20746,288.00748,287.10748,285.00748,283.70746,285.60748,284.50748,281.40747,283.50748,281.00748,284.40747,285.90747,283.60748,277.20746,271.20746,277.20746,283.20746,287.00748,286.40747,286.30746,286.50748,285.80746
289.90747,287.90747,289.60748,289.50748,290.10748,289.60748,289.00748,289.50748,287.70746,287.00748,286.80746,285.80746,288.50748,288.90747,286.10748,282.80746,285.80746,283.70746,286.60748,286.40747,286.70746,286.50748,285.50748,283.50748,283.90747,281.60748,280.70746,286.20746,282.40747,283.00748,281.00748,283.20746,282.40747,280.00748,281.30746,284.00748,278.20746,279.30746,282.20746,284.10748,283.30746
288.00748,287.20746,289.00748,288.70746,288.40747,288.70746,289.00748,288.20746,288.30746,288.50748,286.70746,287.80746,286.40747,285.80746,283.60748,283.60748,282.90747,285.20746,285.00748,285.90747,285.80746,285.90747,285.80746,285.50748,282.80746,283.10748,282.70746,283.50748,282.90747,282.60748,281.70746,282.30746,282.10748,283.10748,283.20746,282.30746,279.60748,276.30746,272.40747,271.30746,279.20746
287.30746,287.70746,288.60748,288.80746,289.50748,290.10748,291.00748,290.20746,288.00748,287.20746,286.30746,285.20746,284.50748,284.40747,283.90747,283.80746,283.10748,284.10748,285.00748,283.30746,285.00748,285.00748,284.70746,284.50748,283.20746,279.90747,280.60748,281.40747,279.70746,281.20746,279.60748,278.90747,278.70746,277.80746,276.60748,276.60748,277.90747,286.10748,278.30746,277.50748,275.40747
285.90747,287.80746,288.30746,287.30746,288.60748,288.80746,288.30746,289.10748,288.60748,287.40747,286.20746,285.30746,284.80746,284.30746,282.90747,282.50748,282.40747,281.90747,282.10748,283.40747,281.90747,283.50748,284.20746,283.70746,282.50748,282.90747,279.50748,278.00748,277.00748,275.00748,275.90747,275.60748,275.10748,275.60748,275.80746,276.20746,276.50748,275.30746,268.20746,269.10748,268.10748
285.40747,286.80746,287.10748,287.40747,287.50748,288.70746,289.00748,287.00748,289.10748,287.80746,285.60748,284.80746,284.80746,284.30746,283.70746,283.50748,282.00748,281.00748,279.70746,281.20746,281.20746,283.10748,283.90747,284.00748,283.20746,281.90747,280.90747,279.20746,278.70746,276.80746,276.00748,278.00748,278.80746,277.70746,275.80746,275.30746,276.50748,273.00748,269.50748,271.60748,271.00748
284.80746,285.80746,286.20746,286.50748,288.90747,290.10748,289.80746,287.30746,287.20746,287.10748,285.40747,284.70746,284.40747,283.70746,283.70746,284.00748,284.00748,284.10748,281.10748,280.10748,280.40747,280.90747,281.40747,281.50748,280.80746,280.40747,278.60748,277.90747,278.50748,278.40747,278.50748,278.90747,278.50748,279.00748,277.70746,275.00748,274.60748,272.60748,271.00748,272.70746,271.30746
282.40747,284.40747,284.80746,289.20746,288.70746,286.80746,284.60748,285.30746,287.00748,287.60748,284.00748,284.60748,283.90747,283.80746,283.80746,284.00748,284.00748,283.70746,282.60748,282.10748,281.00748,279.60748,279.20746,278.70746,278.30746,278.40747,279.10748,280.10748,279.50748,279.10748,279.50748,278.80746,279.60748,276.90747,277.80746,276.00748,275.80746,275.70746,275.90747,275.30746,274.70746
282.00748,282.40747,287.70746,287.10748,289.00748,288.10748,285.70746,287.20746,284.90747,285.40747,283.10748,282.10748,285.70746,283.00748,283.70746,283.80746,284.20746,283.70746,283.70746,282.90747,282.10748,280.70746,280.10748,279.70746,281.10748,281.30746,282.00748,281.30746,281.10748,280.40747,280.10748,279.60748,278.90747,277.60748,277.70746,277.30746,276.60748,276.70746,275.30746,274.40747,274.40747
278.90747,280.30746,283.80746,284.60748,286.80746,284.70746,287.00748,285.80746,286.20746,286.30746,284.80746,282.80746,283.70746,284.80746,284.80746,284.20746,284.10748,285.60748,286.10748,284.00748,283.50748,282.90747,282.90747,282.70746,282.60748,282.20746,281.40747,282.00748,281.30746,281.10748,280.40747,279.80746,279.00748,278.10748,277.60748,276.30746,276.00748,275.20746,274.30746,273.70746,273.70746
279.50748,280.00748,285.40747,281.20746,283.00748,285.90747,287.50748,287.20746,287.10748,286.30746,284.80746,281.80746,282.30746,281.90747,283.10748,283.80746,285.20746,283.40747,283.10748,284.90747,283.30746,282.90747,284.70746,282.90747,282.60748,282.20746,282.20746,282.00748,281.70746,281.40747,281.20746,282.30746,279.60748,278.80746,278.20746,278.10748,277.20746,276.00748,276.30746,275.30746,273.90747
