wind.json
{"header": {"discipline":0,"disciplineName":"Meteorological products","gribEdition":2,"gribLength":1211,"center":7,"centerName":"US National Weather Service - NCEP(WMC)","subcenter":0,"refTime":"2023-06-28T00:00:00.000Z","significanceOfRT":1,"significanceOfRTName":"Start of forecast","productStatus":0,"productStatusName":"Operational products","productType":1,"productTypeName":"Forecast products","productDefinitionTemplate":0,"productDefinitionTemplateName":"Analysis/forecast at horizontal level/layer at a point in time","parameterCategory":2,"parameterCategoryName":"UnknownDiscipline_0_Category_2","parameterNumber":2,"parameterNumberName":"UnknownParameter_D0_C2_2","parameterUnit":"Unknown","genProcessType":2,"genProcessTypeName":"Forecast","forecastTime":180,"surface1Type":103,"surface1TypeName":"Specified height level above ground","surface1Value":10.0,"surface2Type":255,"surface2TypeName":"Missing","surface2Value":0.0,"gridDefinitionTemplate":0,"gridDefinitionTemplateName":"Latitude_Longitude","numberPoints":688,"shape":6,"shapeName":"Earth spherical with radius of 6,371,229.0 m","gridUnits":"degrees","resolution":48,"winds":"true","scanMode":64,"nx":43,"ny":16,"basicAngle":0,"lo1":45.0,"la1":40.0,"lo2":87.0,"la2":55.0,"dx":1.0,"dy":1.0}, "data":
[rows 0 to 15 of 16, columns 0 to 42 of 43]
-0.07036499,-3.360365,-1.050365,-5.260365,-5.320365,-3.310365,-0.910365,2.129635,6.999635,-5.310365,-5.550365,-5.640365,-5.140365,-4.210365,-3.170365,-1.910365,-0.370365,0.339635,-0.890365,-1.530365,-1.410365,-2.470365,-1.680365,-1.550365,2.899635,5.899635,5.139635,2.209635,0.81963503,3.799635,3.659635,4.339635,0.11963501,3.429635,-1.260365,-5.190365,-4.220365,-0.370365,-5.200365,-4.440365,-2.020365,-1.730365,-4.430365
-2.300365,-5.120365,-2.010365,0.719635,-3.800365,-5.330365,0.829635,4.419635,3.379635,-6.7703648,-5.540365,-3.100365,-4.060365,-2.690365,-1.770365,-3.240365,-1.930365,-0.340365,0.289635,-0.09036499,-1.5903649,-0.38036498,-0.760365,-0.590365,2.489635,7.019635,6.549635,3.359635,6.129635,7.589635,5.629635,5.899635,8.599635,0.779635,-3.070365,2.359635,0.529635,1.719635,-1.890365,-2.9003649,-1.800365,0.049635008,1.329635
-2.680365,0.75963503,0.579635,-4.680365,-6.470365,-3.530365,2.419635,2.989635,6.029635,-3.930365,-2.200365,-3.030365,-1.3403649,-2.500365,-0.940365,-0.830365,-2.200365,-1.080365,0.42963502,1.329635,2.159635,0.669635,-1.400365,3.369635,1.479635,1.119635,2.809635,-0.99036497,0.659635,2.739635,7.189635,2.289635,1.619635,1.149635,-4.050365,-0.300365,0.469635,1.119635,3.239635,0.779635,-1.140365,-1.560365,-4.450365
-1.510365,0.049635008,-6.870365,-6.160365,-4.790365,-2.350365,1.899635,6.499635,-3.080365,-3.520365,-0.22036499,-2.700365,-6.0203648,-4.640365,-4.550365,-0.180365,1.349635,-0.750365,-0.14036499,2.089635,1.919635,0.049635008,0.10963501,0.81963503,-1.310365,3.149635,3.069635,2.819635,7.219635,4.349635,-6.750365,1.739635,0.529635,-0.960365,0.929635,1.569635,6.049635,-0.730365,0.859635,4.769635,5.689635,0.789635,-0.960365
-2.910365,-9.100365,-8.600365,-6.050365,-4.2703648,1.259635,4.649635,-2.740365,-1.270365,-4.580365,0.279635,-1.800365,-4.400365,-6.340365,-2.750365,0.239635,2.409635,0.959635,-1.110365,-1.020365,-0.850365,-1.010365,-0.29036498,-0.610365,1.689635,2.619635,2.439635,3.459635,4.189635,6.189635,7.739635,6.889635,4.679635,7.869635,4.149635,8.579635,9.619635,6.279635,0.719635,-0.390365,-0.720365,1.549635,3.719635
-9.150365,-8.560365,-7.350365,-6.160365,-3.880365,-4.580365,-3.750365,-3.160365,-0.500365,-4.960365,-7.700365,-0.670365,-2.980365,-5.910365,-4.670365,-0.640365,5.679635,-0.590365,-2.230365,-2.640365,-1.450365,-1.940365,-1.350365,-1.5903649,0.679635,-0.950365,-0.09036499,-3.450365,-0.68036497,1.719635,6.199635,8.009635,3.039635,-1.160365,0.789635,2.489635,1.139635,-1.860365,0.659635,0.919635,2.929635,4.619635,2.249635
-7.140365,-7.200365,-5.290365,-6.110365,-4.780365,-3.690365,-1.000365,0.21963501,1.989635,-3.470365,-2.750365,-2.780365,-1.990365,-0.760365,3.589635,1.569635,-0.790365,1.149635,-4.110365,-2.890365,-4.000365,-2.710365,-2.640365,-2.100365,1.469635,-2.370365,-3.660365,-1.720365,-8.110365,-6.800365,-6.200365,-7.200365,-1.740365,-0.07036499,-1.360365,-3.300365,1.569635,11.949635,6.139635,7.799635,8.459635,7.259635,-4.510365
-5.160365,-4.060365,-4.540365,-3.780365,-2.310365,-1.680365,0.739635,1.139635,-2.630365,-2.530365,-2.850365,-3.1503649,-2.730365,-3.320365,-2.640365,-4.060365,-3.060365,-5.860365,-4.610365,-4.390365,-3.370365,-4.870365,-4.250365,-2.980365,-3.310365,-5.330365,-5.160365,-7.100365,-4.980365,-4.280365,-4.440365,-6.050365,-1.670365,-0.510365,2.449635,5.379635,9.549635,8.009635,1.969635,1.169635,3.979635,0.499635,6.709635
-3.300365,-3.520365,-3.660365,-1.730365,-6.700365,-6.890365,-4.450365,-3.490365,-3.340365,-3.820365,-4.330365,-4.040365,-1.870365,-2.720365,-3.910365,-2.620365,-3.800365,-4.560365,-4.230365,-4.640365,-4.230365,-4.130365,-5.120365,-4.790365,-4.050365,-3.060365,-4.460365,-4.210365,-2.390365,-4.960365,-5.420365,-1.890365,-3.930365,-3.750365,-0.670365,-0.62036496,2.469635,3.399635,5.849635,7.169635,8.289635,8.399635,8.689635
-3.130365,-1.510365,-2.240365,-6.680365,-2.560365,-2.290365,-4.980365,-3.100365,-3.640365,-2.960365,-3.910365,-4.660365,-3.610365,-3.920365,-2.770365,-5.200365,-3.870365,-1.780365,-4.630365,-4.960365,-4.830365,-4.300365,-4.450365,-5.370365,-5.060365,-5.140365,-4.160365,-5.210365,-6.990365,-5.030365,-6.740365,-2.510365,-4.890365,-3.140365,-0.730365,-0.17036499,1.899635,2.609635,0.699635,0.389635,0.42963502,1.149635,1.349635
-1.990365,-5.230365,-2.980365,-5.410365,-0.820365,4.949635,-4.140365,-4.060365,-2.910365,-3.000365,-0.590365,-3.280365,-3.850365,-3.1503649,-4.310365,-3.910365,-3.670365,-4.170365,-2.230365,-3.500365,-4.030365,-4.920365,-4.840365,-4.930365,-4.730365,-4.330365,-6.820365,-5.790365,-4.260365,-4.260365,-5.150365,-4.370365,-3.110365,-1.470365,-2.350365,-2.040365,-1.440365,1.219635,0.469635,1.569635,1.0396351,0.319635,0.159635
0.93963504,-0.48036498,-3.480365,-2.630365,1.009635,2.319635,-3.460365,-3.860365,-1.800365,-1.560365,-2.770365,-3.450365,-3.060365,-2.660365,-3.920365,-2.800365,-3.160365,-3.630365,-4.060365,-2.810365,-5.000365,-1.820365,-4.880365,-3.970365,-5.050365,-4.440365,-4.140365,-4.600365,-4.850365,-4.400365,-4.410365,-4.640365,-3.160365,-2.810365,-3.180365,-4.120365,-4.710365,-3.820365,-3.410365,-0.520365,-1.120365,-0.29036498,-0.780365
-1.430365,-0.230365,-1.920365,-1.020365,-1.130365,-1.050365,-1.420365,-2.070365,-1.620365,0.05963501,-0.860365,-0.660365,0.439635,-1.500365,-1.320365,-3.460365,-2.840365,-2.360365,-2.920365,-3.710365,-2.330365,-4.080365,0.349635,-4.570365,-3.190365,-3.990365,-4.310365,-4.450365,-4.640365,-3.800365,-3.480365,-3.520365,-4.280365,-2.920365,-2.530365,-5.580365,-4.300365,-5.600365,-5.050365,-4.290365,-2.350365,-2.090365,0.129635
1.089635,0.11963501,0.539635,-0.950365,2.759635,-0.040364992,0.799635,-0.270365,3.469635,-1.550365,-1.300365,1.009635,-0.17036499,0.809635,1.349635,0.24963501,-2.140365,-1.520365,-2.160365,-1.510365,-2.830365,-1.630365,-1.080365,-1.080365,-3.570365,-2.6503649,-2.710365,-3.420365,-3.770365,-4.860365,-4.220365,-3.370365,-1.040365,-5.760365,-4.710365,-3.580365,-4.780365,-3.390365,-3.260365,-4.460365,-3.340365,-3.020365,-1.030365
1.7896351,1.949635,2.339635,0.659635,-1.130365,4.399635,1.819635,2.3496351,1.419635,1.319635,1.359635,0.619635,1.639635,3.039635,2.129635,-0.87036496,-1.250365,-0.960365,-1.600365,-2.120365,-1.890365,-2.050365,-1.540365,-0.010364991,0.669635,-2.780365,-1.9603649,-2.120365,-3.580365,-2.330365,-4.170365,-5.900365,-2.660365,-3.870365,-5.660365,-5.440365,-5.150365,-2.470365,-2.450365,-2.530365,-4.580365,-2.040365,-1.390365
1.819635,2.519635,2.379635,3.329635,3.089635,4.339635,3.049635,1.649635,3.929635,1.5396351,1.419635,1.889635,2.619635,0.799635,2.239635,0.849635,0.239635,-1.550365,0.209635,-1.3403649,-2.870365,-1.990365,-1.010365,-3.6499024E-4,-0.660365,0.68963504,-1.950365,-2.090365,-0.760365,-3.530365,-1.000365,-1.160365,-0.530365,-4.650365,-4.140365,-4.090365,-3.530365,-2.810365,-2.370365,-1.800365,-4.2703648,-2.700365,-3.430365
