wind_kz.json
{"header": {"discipline":0,"disciplineName":"Meteorological products","gribEdition":2,"gribLength":871,"center":7,"centerName":"US National Weather Service - NCEP(WMC)","subcenter":0,"refTime":"2023-09-29T00:00:00.000Z","significanceOfRT":1,"significanceOfRTName":"Start of forecast","productStatus":0,"productStatusName":"Operational products","productType":1,"productTypeName":"Forecast products","productDefinitionTemplate":0,"productDefinitionTemplateName":"Analysis/forecast at horizontal level/layer at a point in time","parameterCategory":0,"parameterCategoryName":"UnknownDiscipline_0_Category_0","parameterNumber":0,"parameterNumberName":"UnknownParameter_D0_C0_0","parameterUnit":"Unknown","genProcessType":2,"genProcessTypeName":"Forecast","forecastTime":240,"surface1Type":1,"surface1TypeName":"Ground or water surface","surface1Value":0.0,"surface2Type":255,"surface2TypeName":"Missing","surface2Value":0.0,"gridDefinitionTemplate":0,"gridDefinitionTemplateName":"Latitude_Longitude","numberPoints":615,"shape":6,"shapeName":"Earth spherical with radius of 6,371,229.0 m","gridUnits":"degrees","resolution":48,"winds":"true","scanMode":64,"nx":41,"ny":15,"basicAngle":0,"lo1":47.0,"la1":41.0,"lo2":87.0,"la2":55.0,"dx":1.0,"dy":1.0}, "data":
[rows 0 to 14 of 15, columns 0 to 40 of 41]
287.18878,280.98877,285.08878,293.28876,293.18878,292.28876,290.68878,290.28876,288.28876,287.48877,286.38876,287.48877,286.88876,286.78876,286.78876,285.38876,285.78876,285.48877,286.08878,285.38876,287.28876,285.78876,283.08878,280.98877,284.88876,284.88876,282.18878,269.78876,266.18878,264.78876,268.48877,266.38876,278.68878,285.28876,289.28876,291.18878,290.58878,289.98877,289.38876,288.38876,287.78876
271.68878,284.08878,293.08878,293.28876,293.18878,291.48877,288.48877,287.48877,285.88876,285.78876,286.28876,285.48877,285.58878,284.78876,283.38876,283.88876,282.58878,283.28876,284.38876,284.08878,284.58878,286.28876,284.38876,277.98877,270.58878,270.58878,276.68878,269.28876,270.48877,266.58878,271.98877,251.18877,270.48877,258.88876,270.98877,285.88876,285.08878,286.28876,288.28876,282.88876,283.58878
285.58878,292.68878,293.08878,292.38876,290.68878,288.28876,286.98877,285.48877,284.98877,284.28876,283.58878,284.38876,283.88876,284.18878,284.68878,283.28876,282.68878,282.08878,282.38876,283.08878,284.28876,282.68878,287.28876,280.78876,281.78876,281.38876,284.28876,282.88876,281.68878,274.38876,267.78876,267.28876,274.68878,273.98877,278.18878,279.28876,271.58878,275.18878,274.48877,271.08878,270.28876
290.28876,291.88876,292.48877,291.68878,289.68878,286.48877,286.58878,285.68878,285.88876,284.98877,283.38876,283.08878,289.58878,288.98877,285.08878,284.38876,284.88876,283.08878,283.58878,283.08878,283.98877,279.38876,283.58878,284.28876,283.68878,285.98877,286.38876,282.88876,283.18878,284.48877,283.28876,280.58878,285.08878,283.38876,287.08878,280.88876,273.08878,267.28876,272.78876,282.48877,285.38876
289.78876,291.08878,291.48877,290.48877,289.08878,287.58878,288.28876,287.28876,287.08878,286.18878,285.48877,283.98877,288.28876,287.18878,285.88876,284.68878,284.68878,284.48877,282.58878,284.48877,284.58878,284.38876,284.38876,283.78876,283.38876,283.98877,282.58878,284.78876,283.68878,284.78876,286.88876,284.58878,274.38876,267.28876,275.98877,284.98877,287.18878,289.38876,287.68878,288.38876,288.88876
287.58878,286.28876,289.68878,290.58878,290.38876,289.98877,287.48877,288.48877,287.18878,286.58878,286.98877,286.48877,287.68878,287.98877,285.88876,283.78876,285.18878,283.18878,283.78876,283.58878,282.78876,282.38876,282.38876,282.58878,282.68878,281.98877,283.08878,286.28876,285.18878,285.98877,285.08878,287.08878,286.88876,286.98877,285.48877,286.78876,278.48877,279.08878,284.98877,286.88876,286.68878
285.88876,285.78876,287.68878,287.08878,286.88876,285.88876,286.38876,285.78876,286.08878,286.28876,284.58878,284.18878,283.88876,283.88876,282.88876,284.58878,283.78876,284.28876,283.28876,282.58878,281.78876,282.08878,282.48877,282.78876,281.38876,282.08878,281.68878,282.78876,283.78876,283.98877,283.78876,284.78876,285.78876,287.68878,287.38876,286.08878,280.18878,277.18878,274.58878,272.18878,282.48877
285.28876,284.68878,285.58878,286.38876,286.38876,285.38876,283.88876,281.98877,281.08878,282.08878,281.38876,281.98877,282.08878,282.98877,283.98877,284.78876,284.38876,283.68878,282.38876,279.68878,280.58878,280.08878,280.28876,280.48877,279.58878,277.78876,278.88876,279.68878,279.48877,282.18878,280.58878,282.18878,282.48877,282.68878,282.68878,285.18878,286.48877,284.98877,284.38876,284.48877,281.28876
283.68878,282.88876,283.68878,281.28876,281.88876,281.48877,279.78876,280.68878,279.88876,280.08878,280.78876,280.08878,281.38876,282.38876,282.08878,282.78876,282.28876,281.68878,281.18878,280.08878,278.18878,277.88876,278.68878,278.78876,277.48877,278.08878,276.48877,276.68878,276.98877,277.38876,279.18878,280.48877,281.88876,281.68878,282.18878,280.78876,281.88876,282.68878,274.08878,274.78876,272.98877
280.28876,280.98877,280.18878,280.68878,281.18878,281.08878,279.78876,279.88876,280.58878,280.38876,280.88876,279.68878,280.58878,280.98877,280.68878,281.28876,281.08878,280.68878,279.98877,279.58878,278.18878,277.58878,277.68878,277.48877,277.58878,276.48877,276.78876,277.08878,277.98877,278.38876,279.28876,280.88876,281.88876,282.28876,281.98877,280.98877,279.18878,276.98877,276.48877,273.58878,272.38876
280.38876,280.68878,281.08878,280.98877,281.28876,280.38876,280.58878,280.78876,279.78876,279.88876,279.68878,279.78876,280.58878,279.88876,279.78876,280.08878,279.78876,280.08878,278.98877,278.18878,277.78876,276.98877,276.68878,276.58878,276.58878,276.18878,275.38876,276.68878,277.08878,278.98877,279.48877,280.48877,279.98877,280.68878,280.68878,279.88876,276.08878,273.98877,276.38876,276.28876,274.08878
279.58878,280.28876,280.28876,280.08878,280.38876,280.58878,280.08878,279.78876,279.98877,278.58878,277.38876,278.58878,279.68878,279.08878,279.78876,279.78876,279.58878,278.68878,277.58878,277.28876,276.38876,276.18878,275.58878,276.08878,275.68878,276.48877,276.38876,276.78876,277.58878,277.68878,276.18878,275.98877,276.28876,275.08878,276.58878,277.18878,277.88876,278.68878,278.18878,278.18878,278.08878
279.18878,278.78876,280.18878,279.78876,280.78876,279.88876,279.08878,279.28876,277.78876,278.28876,277.18878,277.68878,278.88876,278.88876,279.28876,278.98877,278.58878,277.88876,278.08878,277.38876,277.38876,278.78876,278.48877,277.98877,278.18878,278.18878,278.58878,277.08878,277.58878,276.28876,274.38876,274.28876,274.68878,275.18878,274.08878,274.18878,274.68878,276.58878,275.68878,275.08878,276.28876
278.78876,279.68878,282.38876,280.28876,279.08878,278.58878,278.18878,278.58878,278.78876,278.78876,277.28876,276.38876,277.28876,278.48877,278.48877,279.08878,279.48877,279.28876,281.38876,281.28876,280.38876,280.38876,280.08878,279.08878,277.98877,278.28876,277.58878,276.58878,275.78876,275.88876,274.48877,273.28876,272.88876,272.18878,272.88876,271.68878,272.78876,272.48877,272.38876,271.98877,273.98877
279.58878,280.88876,284.38876,280.58878,279.88876,278.88876,279.38876,278.48877,278.98877,277.88876,277.58878,277.78876,277.98877,280.48877,279.88876,282.48877,280.78876,282.28876,282.38876,280.98877,280.18878,280.18878,279.58878,278.18878,275.58878,276.18878,276.48877,276.28876,276.28876,275.68878,275.08878,278.88876,274.28876,272.28876,272.18878,272.78876,273.28876,272.98877,273.58878,273.38876,273.78876
