wind_kz.json
{"header": {"discipline":0,"disciplineName":"Meteorological products","gribEdition":2,"gribLength":1025,"center":7,"centerName":"US National Weather Service - NCEP(WMC)","subcenter":0,"refTime":"2023-09-22T18:00:00.000Z","significanceOfRT":1,"significanceOfRTName":"Start of forecast","productStatus":0,"productStatusName":"Operational products","productType":1,"productTypeName":"Forecast products","productDefinitionTemplate":0,"productDefinitionTemplateName":"Analysis/forecast at horizontal level/layer at a point in time","parameterCategory":2,"parameterCategoryName":"UnknownDiscipline_0_Category_2","parameterNumber":3,"parameterNumberName":"UnknownParameter_D0_C2_3","parameterUnit":"Unknown","genProcessType":2,"genProcessTypeName":"Forecast","forecastTime":180,"surface1Type":103,"surface1TypeName":"Specified height level above ground","surface1Value":10.0,"surface2Type":255,"surface2TypeName":"Missing","surface2Value":0.0,"gridDefinitionTemplate":0,"gridDefinitionTemplateName":"Latitude_Longitude","numberPoints":615,"shape":6,"shapeName":"Earth spherical with radius of 6,371,229.0 m","gridUnits":"degrees","resolution":48,"winds":"true","scanMode":64,"nx":41,"ny":15,"basicAngle":0,"lo1":47.0,"la1":41.0,"lo2":87.0,"la2":55.0,"dx":1.0,"dy":1.0}, "data":
[rows 0 to 14 of 15, columns 0 to 40 of 41]
1.4472126,1.8372126,1.1872125,6.2272124,3.3972125,4.6272125,3.9372125,2.5872126,1.5172125,0.7472125,-2.9327874,-3.0327876,-3.6827874,-4.2127876,-4.9027877,-5.7827873,-6.3927875,-4.9427876,-3.5627875,-3.2527876,-3.5327876,-0.012787475,1.8172126,0.59721255,-1.6027875,2.2372124,0.15721253,0.9972125,-0.40278748,3.8572125,2.2372124,2.9872124,0.53721255,0.54721254,0.91721255,0.37721252,0.9572125,0.6272125,-0.07278748,3.1772125,-1.9627875
-0.83278745,-0.5927875,5.2072124,5.3872128,4.3472123,5.1772127,3.4372125,3.7272124,2.2472124,-0.06278747,-0.71278745,-1.9727875,-3.0627875,-4.4127874,-4.6627874,-5.3827877,-5.5627875,-4.4927874,-3.4427874,-2.5827875,-1.0127875,-1.9627875,1.4072125,2.3072126,2.6672125,2.8172126,1.7972125,1.2172126,-0.3927875,2.5272126,-1.1927875,2.4272125,2.1072125,2.7372124,2.5972126,1.9672126,1.6672125,2.7272124,1.0672126,1.6572125,-0.32278746
1.6372125,4.6872125,3.7372124,4.4772124,4.7372127,4.7872124,4.2972126,3.8172126,4.0672126,1.3772125,-0.37278748,-1.2827874,-3.3927875,-5.6627874,-6.2827873,-4.8327875,-4.9827876,-5.5627875,-4.7627873,-2.3727875,-0.7327875,0.45721254,0.97721255,3.4172125,-0.18278748,3.6872125,4.3272123,3.8672125,-0.122787476,-0.95278746,-3.4527874,-1.6327875,-2.9027874,1.3372126,1.5772126,-2.7227874,-0.7327875,2.3772125,-0.51278746,2.7572126,2.1172125
4.5572124,2.7272124,2.4172125,2.3872125,3.6572125,3.9272125,4.4472127,4.5472126,3.3372126,1.1372125,-1.1727874,-3.5527875,-3.9227874,-4.5727873,-6.6327877,-5.6127872,-7.0227876,-6.2627873,-5.4827876,-3.4527874,1.7672125,4.7872124,-1.6427875,4.3272123,2.0372126,4.0672126,3.5672126,0.48721254,-0.9727875,-3.7727876,-8.132788,0.027212525,0.3872125,0.9672125,0.85721254,1.7172126,-0.14278747,0.42721254,-2.8827875,-2.1227875,-1.6927875
3.6972125,2.0772126,2.3372126,1.7472125,1.7172126,1.6972126,3.3472126,5.4772124,3.4472125,0.3872125,-1.5127875,-3.5427876,-4.8627872,-4.7827873,-5.1627874,-7.6527877,-7.2927876,-6.7227874,-6.0127873,-4.5527873,-0.5427875,0.49721253,2.1372125,0.98721254,0.22721252,6.5072126,3.5472126,6.0072126,3.1872125,-0.9227875,-2.7927876,-5.5927873,-1.8727875,-1.0227875,0.84721255,1.5972126,1.8272126,0.44721252,-1.0527874,-2.2427874,-1.8027874
3.3972125,3.4372125,1.5772126,1.7172126,1.0872126,2.1872125,3.9072125,3.5072126,2.6072125,1.5172125,-0.43278748,-3.4127874,-3.9527874,-3.8527875,-7.4827876,-7.5427876,-7.9927874,-7.9427876,-7.4127874,-5.1627874,-2.8127875,-2.4627874,3.9272125,-0.6127875,3.8972125,7.1472125,6.0572124,0.24721253,0.72721255,-0.052787475,-1.8027874,-4.2127876,-4.7627873,-4.2627873,-2.0627875,0.057212524,-2.3127875,-0.89278746,0.45721254,-0.25278747,-1.8127875
2.9272125,3.0072126,2.5872126,2.5472126,2.3872125,3.2072124,2.8772125,3.0472126,1.9572126,2.2172124,-0.35278746,-2.2327874,-4.2127876,-4.5027876,-5.6627874,-7.0727873,-7.4627876,-8.412787,-8.002788,-5.0227876,-5.8327875,-4.7927876,-0.76278746,3.1672125,2.2472124,7.6172123,0.057212524,1.5572125,2.6272125,0.7572125,-1.5027875,-4.4627876,-4.8427873,-4.0227876,-0.41278747,1.5672126,3.0572126,-1.1127875,-1.3127875,1.7872125,-1.7927874
3.0272126,2.5372126,2.2772126,1.4572126,1.1472125,2.5572126,3.2772126,3.1972125,2.7572126,1.6172125,-0.47278747,-0.8527875,-3.3427875,-4.5527873,-5.6227875,-5.5727873,-6.4927874,-7.4727874,-7.7927876,-6.2827873,-6.0827875,-6.4527874,-4.2527876,-2.4327874,-0.69278747,2.0772126,0.85721254,2.1672125,1.4072125,0.27721253,-1.8327875,-2.8927875,-4.1127872,-6.2427874,-4.0227876,-2.6627874,-1.8527875,-0.6627875,-0.07278748,0.087212525,-0.24278748
2.8072126,2.5172126,1.8572125,1.2172126,1.0572125,1.3172126,2.7972126,3.3172126,2.8072126,1.6272125,0.25721252,-0.34278747,-2.3427875,-3.2127874,-4.6827874,-5.4127874,-5.6827874,-6.0227876,-6.3627872,-6.4627876,-5.1227875,-6.5127873,-6.3327875,-4.3727875,-2.2327874,1.6772125,5.1372128,2.9172125,2.8372126,0.8372125,-1.0327874,-2.7727876,-3.1627874,-4.6027875,-4.3827877,-3.6327875,1.7472125,-2.5627875,-1.9327874,-1.4727875,-1.2027875
2.6172125,2.4572124,1.7472125,1.2072126,0.9472125,1.7972125,3.7472124,3.2372124,2.4772124,2.3372126,1.1972126,-0.5027875,-1.3227875,-2.2127874,-3.3827875,-3.8627875,-4.4527874,-4.7027874,-5.1227875,-5.2727876,-5.1027875,-5.3327875,-4.9727874,-4.7527876,-4.2627873,-2.4227874,-1.2127875,1.2372125,2.3872125,2.2972126,2.0972126,-0.10278747,-2.0427876,-3.6227875,-4.0327873,-2.8227875,-0.8427875,2.1372125,1.7072126,0.09721252,0.20721252
2.7772126,2.7272124,2.3372126,1.3872125,0.86721253,1.7772125,2.8372126,2.5772126,2.9872124,2.2972126,1.3372126,-0.16278748,0.36721253,-0.8527875,-1.5427874,-2.2427874,-3.1127875,-3.5327876,-3.8427875,-3.9127874,-3.7327874,-4.2727876,-4.1527877,-4.1527877,-3.7727876,-3.4127874,-2.1027875,-2.8927875,-1.8027874,-0.7427875,-0.57278746,-0.77278745,-2.1627874,-3.1427875,-3.8627875,-4.2127876,-1.2327875,-1.1927875,-0.31278747,1.1972126,0.61721253
2.2172124,2.5372126,2.6572125,2.8972125,2.8172126,2.5972126,2.4172125,2.4872124,2.1272125,2.1272125,0.54721254,-0.40278748,0.48721254,1.0972126,0.45721254,-0.07278748,-0.6627875,-1.9627875,-1.7927874,-2.3327875,-2.7127874,-2.6727874,-2.3027875,-2.2927876,-1.7827874,-2.1927874,-1.8127875,-1.8727875,-1.2827874,-1.2627875,-1.0927875,-1.0527874,-1.1527874,-2.0927875,-1.7127875,-2.4527874,-2.6127875,-2.2727876,-1.7527875,-1.1327875,-0.8727875
2.8572125,2.8772125,2.8372126,2.7272124,2.6172125,1.9572126,2.4772124,2.8772125,2.6172125,1.9172125,0.24721253,-1.3327875,-0.13278748,0.3572125,0.7572125,1.0472125,0.8972125,0.36721253,0.34721252,-0.06278747,-0.0027874755,-0.7427875,-0.8727875,-1.0927875,-1.0727875,-0.6227875,-1.0427874,-0.6627875,-0.6127875,0.14721252,0.36721253,0.25721252,-0.08278748,0.3272125,0.55721253,-1.2227875,-2.0027876,-1.1927875,-1.1727874,-0.8527875,-0.8127875
3.3672125,3.2772126,3.0372126,3.1972125,3.1972125,3.5272126,3.2872126,3.0072126,2.7672126,3.6972125,1.3472126,0.12721252,0.16721253,0.24721253,0.37721252,0.40721253,0.7072125,0.6872125,0.8772125,1.3572125,1.4772125,1.4772125,1.1172125,0.97721255,1.2372125,1.1872125,0.7172125,0.27721253,0.67721254,0.21721253,0.10721252,0.087212525,0.86721253,1.0272125,0.79721254,1.1872125,0.7072125,0.17721252,-0.5527875,0.2972125,-0.4227875
2.7372124,2.7772126,3.0272126,3.2872126,3.6272125,3.4872124,3.0172126,3.2072124,2.6772125,3.0872126,2.4772124,1.7872125,0.72721255,0.18721253,0.5072125,0.24721253,0.13721253,0.0072125243,0.16721253,0.85721254,1.4572126,1.7572125,2.1672125,2.3472126,2.3172126,2.2372124,2.6572125,1.8772125,1.6372125,2.3572125,2.9672124,2.4972124,1.8772125,1.5872126,1.5972126,1.2472125,2.6972125,1.9372125,1.2372125,1.1172125,0.72721255
