wind_kz.json
{"header": {"discipline":0,"disciplineName":"Meteorological products","gribEdition":2,"gribLength":1025,"center":7,"centerName":"US National Weather Service - NCEP(WMC)","subcenter":0,"refTime":"2023-08-26T18:00:00.000Z","significanceOfRT":1,"significanceOfRTName":"Start of forecast","productStatus":0,"productStatusName":"Operational products","productType":1,"productTypeName":"Forecast products","productDefinitionTemplate":0,"productDefinitionTemplateName":"Analysis/forecast at horizontal level/layer at a point in time","parameterCategory":2,"parameterCategoryName":"UnknownDiscipline_0_Category_2","parameterNumber":2,"parameterNumberName":"UnknownParameter_D0_C2_2","parameterUnit":"Unknown","genProcessType":2,"genProcessTypeName":"Forecast","forecastTime":0,"surface1Type":103,"surface1TypeName":"Specified height level above ground","surface1Value":10.0,"surface2Type":255,"surface2TypeName":"Missing","surface2Value":0.0,"gridDefinitionTemplate":0,"gridDefinitionTemplateName":"Latitude_Longitude","numberPoints":615,"shape":6,"shapeName":"Earth spherical with radius of 6,371,229.0 m","gridUnits":"degrees","resolution":48,"winds":"true","scanMode":64,"nx":41,"ny":15,"basicAngle":0,"lo1":47.0,"la1":41.0,"lo2":87.0,"la2":55.0,"dx":1.0,"dy":1.0}, "data":
[rows 0 to 14 of 15, columns 0 to 40 of 41]
-4.9204955,-0.5004956,1.6495044,1.2495044,2.3495045,3.9095044,4.2895045,7.399504,7.0295043,5.9295044,4.2795043,5.399504,3.7795043,5.8295045,4.7595043,4.3695045,2.6695044,3.5595045,1.6295044,0.069504395,5.0695043,1.9095044,0.19950439,-0.6304956,3.8795044,-1.7704957,-2.7004957,-0.34049562,-0.2304956,-1.1504956,0.4295044,-0.13049561,1.1895044,2.6595044,0.5495044,-3.5904956,-3.5904956,-2.1404955,-3.1704955,-1.7604957,-1.4604956
1.8595043,1.6695044,-1.6604956,1.3595043,3.2595043,4.7895045,6.8395042,7.4795046,2.3095045,4.9595046,2.1195045,4.2595043,3.2095044,1.3995044,4.0595045,4.3895044,2.2695043,2.8295045,5.9895043,4.5995045,3.9695044,4.109504,-0.010495606,-1.4604956,1.3695045,0.3695044,-1.9604956,-0.4504956,-2.7204957,-1.0604956,0.1295044,0.1795044,-0.010495606,-1.6604956,0.6895044,-0.6604956,-0.8504956,-0.040495604,-1.1004956,-0.040495604,-5.3804955
-1.4304956,0.2695044,2.0595045,3.3995044,1.7195044,2.4295044,3.0095043,1.7895044,-0.4204956,0.8795044,2.7695043,5.6895046,4.899504,-0.8704956,2.7995043,2.8295045,3.0395043,6.2595043,5.3695045,4.2595043,4.1595044,4.0795045,0.6395044,1.2595044,3.1795044,6.2395043,4.9595046,2.4395044,-3.5604956,0.2695044,-0.6304956,2.6195045,-0.4404956,-0.8104956,1.4995044,0.2595044,-0.34049562,-0.5104956,2.2895043,-1.5004956,0.7795044
-0.2704956,-0.4804956,-0.31049562,-1.2504956,-0.010495606,0.4195044,0.4695044,4.1395044,0.9195044,3.2195044,5.359504,5.7295046,5.6595044,6.2395043,1.3895044,3.8295045,3.2095044,3.0795045,4.3695045,5.5795045,3.5795045,1.7995044,1.3695045,3.5595045,7.8195043,6.9295044,4.379504,3.4195044,6.8895044,4.0795045,-0.3904956,-0.3304956,-2.2304957,2.9595044,-4.8204956,-2.4204955,-0.9004956,0.6195044,1.7895044,1.0095044,0.8695044
-2.1304955,1.3295044,0.1795044,1.8095044,2.7795043,4.5195045,3.6595044,5.0595045,0.4295044,3.7695043,5.1595044,7.1795044,8.919504,6.0395045,4.9295044,5.149504,3.4995043,4.4095044,4.0795045,6.6795044,-0.070495605,2.3495045,2.8995044,1.7395043,5.3395042,5.9295044,5.6795044,5.0695043,-2.2304957,1.8195044,-2.3204956,-1.7904956,-1.9604956,-0.1504956,2.8595045,1.7295043,0.6095044,-2.1604955,-2.6304955,-3.4504957,-4.2904954
-0.09049561,1.7395043,0.9995044,-1.1204956,1.2095044,2.4995043,2.0995045,3.0895045,3.4795043,5.6795044,5.1395044,3.9795043,5.3695045,5.2695045,5.2595043,6.0895042,6.1395044,4.609504,5.4495044,7.1195045,6.0995045,1.6695044,3.1095045,3.1295044,3.0995045,6.1195045,3.0795045,0.6195044,-4.6904955,-4.6104956,-5.2304955,-4.8204956,-4.4804955,-3.9904957,-2.6204956,-0.7504956,-1.6804956,-0.3304956,-1.6704956,-2.7004957,-3.8004956
0.8695044,-0.6204956,1.7095044,1.2395043,1.8895044,2.7195044,2.2495043,1.7795044,1.9395044,3.7395043,5.3095045,5.4095044,5.8195043,5.3095045,6.0795045,4.1995044,2.8295045,7.0095043,4.169504,5.8095045,0.8495044,1.4195044,0.8095044,2.2795043,-0.37049562,0.069504395,-5.2604957,-3.4704957,-5.9904957,-2.3204956,-4.0704956,-5.1104956,-3.1504955,-3.4004955,-2.4104955,-1.7204956,-1.5704956,2.0595045,-2.2904956,1.2295043,2.3895044
0.22950439,1.6595044,1.8795044,1.6295044,0.16950439,2.6795044,2.0495043,1.3595043,4.3095045,3.2195044,3.8095045,1.4895043,3.5495043,2.4795043,0.4595044,0.1295044,-0.19049561,4.8695045,-4.0204954,0.3395044,0.13950439,-2.0904956,-1.2204956,-0.54049563,-3.0004957,-1.2504956,-3.2004957,-3.8204956,-1.9104956,-3.3604956,-3.4804957,-2.4404955,-4.6704955,-0.7604956,-1.9304956,0.8795044,-2.2104957,-0.34049562,-0.7604956,1.8695045,-0.0804956
0.8295044,2.2095044,-0.2804956,0.9195044,2.5295043,-0.1204956,0.6195044,2.0095043,2.1295044,1.6095043,1.5495044,3.2595043,0.95950437,1.6695044,0.4695044,0.2395044,-2.3904955,1.2695044,-2.3204956,-3.8904955,-4.2604957,-4.8204956,-1.1304955,-2.3204956,-2.8904955,-2.9304955,-1.3604956,-1.9404956,-1.2404956,0.069504395,-0.7204956,-2.6704955,-2.8704956,-4.2004957,-1.9504956,-0.7804956,-0.2304956,-2.0404956,-0.8604956,0.6595044,-0.4104956
1.2895044,2.1995044,2.3595045,2.4395044,0.7595044,0.8995044,1.9495044,1.3795044,2.6895044,1.6795044,2.5495043,1.6695044,0.3895044,-1.3404956,-3.6304955,-2.3904955,-1.1304955,-2.6204956,-2.7104957,-2.4004955,-3.6404955,-4.6704955,-1.7904956,3.6395044,-4.2904954,-2.8704956,-3.2004957,-2.7704957,-0.4404956,1.6395044,-2.7904956,-4.7304955,-4.1604958,-3.7604957,-2.4404955,-1.4604956,-1.4904956,-0.6004956,-1.0204957,0.6995044,-0.6904956
2.9495044,1.9995044,2.7895043,-0.1804956,1.4795043,2.0095043,2.5295043,2.1195045,2.2395043,1.4195044,2.3695045,1.6395044,-0.9004956,-2.2804956,-2.5404956,-3.0104957,-4.1804957,-3.9304955,-4.120496,-4.4004955,-3.2504957,-3.0104957,-1.1104956,0.7795044,-1.1204956,-3.8404956,-0.22049561,-4.120496,-3.9104955,-5.0204954,-4.6304955,-3.6704955,-4.6704955,-3.3804955,-2.8504956,-1.2904956,-1.4604956,0.51950437,-0.54049563,0.3995044,-1.8004956
1.3095044,-0.6404956,1.3295044,1.9595044,1.8395044,1.2695044,2.9995043,2.8995044,2.6695044,1.5095044,0.08950439,1.2195044,-0.5004956,-1.6004956,-0.7404956,-1.4704956,-2.3904955,-2.3904955,-2.7704957,-1.6804956,-2.2004957,-0.7404956,-0.6304956,-1.3004956,-1.7904956,-1.1704956,-4.6904955,-0.7504956,-4.640496,-4.1304955,-3.8504956,-5.2704954,-3.3604956,-3.7604957,-2.3804955,-2.5404956,-2.2604957,-0.1704956,-0.4204956,-0.2404956,0.109504394
2.1795044,2.0295043,2.3495045,2.3295045,2.8195045,1.4695044,2.4195044,2.3795044,1.2795044,1.5795044,0.9695044,1.2795044,1.3995044,-0.31049562,0.2795044,-0.1504956,-1.0304956,-0.9904956,-0.5504956,-0.8704956,-0.9104956,0.6395044,-0.9904956,-1.1604956,-0.1704956,1.9395044,-0.43049562,-2.8804955,0.049504396,-3.7604957,-3.6704955,-4.0604954,-3.7604957,-3.4304955,-3.2804956,-3.0004957,-1.8704956,-1.2104956,-2.0604956,-2.0704956,-1.2104956
3.2395043,2.9395044,3.6995044,3.0295043,3.1695044,2.9595044,4.9095044,1.3295044,1.7495044,2.7595043,0.4995044,0.6995044,1.5095044,-0.2604956,1.0495044,1.0995044,0.8595044,0.8195044,0.11950439,1.1095043,-0.6804956,-2.0404956,-2.0704956,-1.4704956,-0.73049563,0.37950438,0.0995044,-1.9404956,-0.7704956,-0.5704956,-3.8504956,-3.1304955,-3.2204957,-3.4804957,-2.2304957,-3.1804955,-2.3604956,-2.7204957,-2.1104956,-0.9204956,-0.8404956
2.0195043,3.3995044,5.8295045,3.6195045,2.5595045,3.3995044,2.5495043,2.3795044,2.5395043,1.7195044,-0.22049561,1.4595044,1.1895044,1.1695044,2.1095045,1.8595043,1.4895043,2.0895045,1.6495044,0.9095044,0.4195044,0.6295044,-1.8304956,1.6895044,-0.6604956,-0.9504956,0.34950438,-1.7104956,-2.6604955,1.0195044,-4.3804955,-3.5004957,-3.2304957,-2.6704955,-2.9604957,-3.0104957,-2.1904955,-1.9204956,-2.0204957,-1.9304956,-0.73049563
