wind_kz.json
{"header": {"discipline":0,"disciplineName":"Meteorological products","gribEdition":2,"gribLength":1025,"center":7,"centerName":"US National Weather Service - NCEP(WMC)","subcenter":0,"refTime":"2023-08-24T00:00:00.000Z","significanceOfRT":1,"significanceOfRTName":"Start of forecast","productStatus":0,"productStatusName":"Operational products","productType":1,"productTypeName":"Forecast products","productDefinitionTemplate":0,"productDefinitionTemplateName":"Analysis/forecast at horizontal level/layer at a point in time","parameterCategory":2,"parameterCategoryName":"UnknownDiscipline_0_Category_2","parameterNumber":2,"parameterNumberName":"UnknownParameter_D0_C2_2","parameterUnit":"Unknown","genProcessType":2,"genProcessTypeName":"Forecast","forecastTime":60,"surface1Type":103,"surface1TypeName":"Specified height level above ground","surface1Value":10.0,"surface2Type":255,"surface2TypeName":"Missing","surface2Value":0.0,"gridDefinitionTemplate":0,"gridDefinitionTemplateName":"Latitude_Longitude","numberPoints":615,"shape":6,"shapeName":"Earth spherical with radius of 6,371,229.0 m","gridUnits":"degrees","resolution":48,"winds":"true","scanMode":64,"nx":41,"ny":15,"basicAngle":0,"lo1":47.0,"la1":41.0,"lo2":87.0,"la2":55.0,"dx":1.0,"dy":1.0}, "data":
[rows 0 to 14 of 15, columns 0 to 40 of 41]
-5.0429397,-0.28293946,0.5070605,0.91706055,1.5670606,2.6870606,7.5870605,9.367061,7.9270606,5.0570607,5.747061,4.7670608,4.8270607,6.2370605,6.4370604,3.8270605,6.6070604,4.1770606,6.7870607,6.1070604,6.1770606,4.6270604,5.7970605,6.4770603,6.2770605,4.8570604,4.7570605,7.3470607,1.6270605,-1.9629395,-0.78293943,1.9870605,3.4470606,2.1670606,-1.1229395,0.73706055,-2.0329394,-2.1929395,-1.4929395,-1.8129394,0.8870605
0.14706054,0.09706055,0.42706054,1.8670605,4.8970604,4.8570604,9.917061,10.43706,10.237061,10.30706,6.3870606,7.3370605,6.2270603,4.3270607,6.7070603,6.3270607,3.2970605,6.4370604,6.4170604,6.8070607,6.6470604,6.6170607,6.0270605,3.1570606,3.4870605,0.56706053,0.45706055,3.7070606,1.1570605,-0.8529394,-1.3829395,-0.112939455,-0.68293947,-0.65293944,-0.40293944,2.2270606,-0.36293945,1.2370605,1.0670606,-0.62293947,-0.34293947
-2.5629394,-3.5929394,0.13706055,2.7970605,4.6670604,10.21706,7.6170607,7.8370605,2.6470606,6.8270607,9.13706,5.6470604,7.3270607,6.5670605,7.9870605,6.7370605,7.497061,10.38706,1.5970606,12.38706,5.9070606,7.2370605,6.7370605,7.0370607,0.027060546,0.46706054,-0.10293946,1.1370605,1.7970605,-1.1229395,-0.39293945,-1.3529395,1.9470606,1.2670605,5.2270603,0.62706053,1.0370605,3.2170606,-1.1129395,-2.0729394,-1.2429395
-0.042939454,0.6370605,3.3070605,4.3470607,6.6970606,8.297061,6.1970606,7.9270606,7.9470606,7.9170604,6.7370605,3.3070605,-1.4929395,0.5070605,4.8870606,3.2070606,9.297061,7.1770606,2.8670607,5.1970606,4.0370607,6.3670607,6.8170605,5.6270604,-0.51293945,-4.8929396,-1.3829395,-0.53293943,-3.9429395,-1.2829394,0.74706054,-1.3829395,6.3370605,2.8670607,2.5170605,2.1370606,0.27706054,-0.042939454,-2.1729395,-5.3829393,-4.4629393
2.6770606,1.6370605,5.0070605,4.4570603,5.3470607,5.3370605,7.9470606,7.7970605,6.3170605,7.2670608,8.447061,8.497061,4.0270605,3.0970604,4.6970606,6.3970604,4.8570604,3.7870605,7.3070607,3.6070604,6.4870605,6.4070606,-0.27293944,-4.4529395,-4.8029394,-0.93293947,-0.042939454,-1.9729395,2.2870605,0.9470605,1.1670605,1.4970605,-2.1029394,1.2070606,-1.3729395,-1.8729395,3.6070604,-3.7929394,-4.9629393,-3.6529396,-4.7029395
3.1470606,3.9970605,1.1070606,-0.012939453,1.9870605,4.7870607,4.8270607,3.6070604,4.6970606,6.0970607,6.5170608,4.6270604,5.1670604,5.3270607,5.6070604,7.9270606,7.4870605,7.1170607,6.0870605,5.6070604,4.997061,0.41706055,-1.6029395,-2.1929395,-0.72293943,0.33706054,1.9070605,-3.0329394,2.8570604,5.9470606,3.9870605,-1.5829395,0.31706056,-2.6929395,-1.1329395,3.5270605,-1.6929394,-1.4229394,-0.82293946,-2.4829395,-3.0529394
1.1570605,1.8070606,2.7470605,3.4570606,2.8470604,3.2970605,3.4870605,5.2870607,1.0070605,1.8670605,0.67706054,10.087061,1.8970605,5.4070606,1.5670606,10.957061,7.1470604,7.997061,8.5270605,7.5870605,4.6970606,3.2270606,3.3170605,1.8470606,-0.29293945,0.19706054,-0.09293945,1.7570605,2.2870605,3.0570605,5.6070604,5.4470606,3.4270606,1.6970606,3.9870605,1.9170605,3.2470605,-2.9029396,1.5770606,-1.8529395,1.6670605
2.6770606,2.4670606,2.1670606,2.4770606,3.3770607,3.9070606,1.4470606,2.1170607,1.5470605,2.5370605,-1.1829394,0.18706055,0.74706054,2.1270607,4.4470606,1.9870605,0.31706056,2.0670605,-3.3429394,3.8370605,3.5770605,5.5370607,4.7070603,2.7170606,1.4770606,1.5970606,-0.9129394,2.3370605,1.6370605,1.1470605,1.4370606,3.1070604,0.057060547,3.3270605,3.2370605,-4.3929396,-4.7029395,0.107060544,1.2670605,5.0470605,1.8270606
3.3170605,2.4770606,3.1370606,2.9870605,2.9070606,2.8870606,2.9970605,2.0970604,1.0670606,2.3970606,1.7570605,-1.6229395,0.6970605,1.9570606,-0.50293946,-0.12293945,0.26706055,0.36706054,-0.042939454,-1.5929395,0.41706055,9.737061,5.5870605,3.3870606,1.5170605,1.5570606,2.0970604,0.73706055,3.9170606,1.3570606,0.09706055,-5.6929393,-4.5129395,-3.0929394,-1.6129395,1.2870605,0.5170605,0.93706053,0.5870606,0.22706054,0.78706056
3.8170605,3.0470605,3.6370606,2.9170606,1.9470606,2.4170606,3.1470606,3.5470605,3.0670605,1.8670605,2.5770605,-3.4329395,-3.9429395,1.3770605,-0.93293947,-1.1529394,-0.93293947,-0.56293947,1.1570605,-0.88293946,3.2470605,9.14706,-1.1529394,-0.15293945,2.0570605,4.2270603,2.2570605,1.6970606,1.8170606,1.7470605,-4.8929396,-4.8429394,-1.6929394,-1.1229395,-0.9129394,0.77706057,0.79706055,0.55706054,1.2170606,0.71706057,-1.6029395
4.5970607,4.3570604,5.7770605,1.6570605,3.2270606,2.7970605,3.4570606,3.7470605,2.3570604,3.5370605,5.1770606,-0.19293946,-0.042939454,1.7670605,1.1470605,-2.4429395,-2.5329394,-1.8229394,-2.2529395,-1.9629395,-1.4829395,4.1270604,1.3570606,3.6870606,0.26706055,7.6370606,1.7670605,-1.0729394,0.45706055,-3.7129395,-3.7929394,-2.5029395,-0.64293945,-2.2729394,-2.4229395,-0.62293947,-0.83293945,0.38706055,0.72706056,0.13706055,-0.012939453
5.8970604,6.6870604,3.6570606,2.6170607,1.4670606,3.6770606,2.6170607,2.9170606,3.8970606,1.7970605,3.4070606,1.8970605,1.8470606,0.59706056,0.6370605,-0.20293945,0.79706055,-2.0729394,-3.4829395,-1.7329395,-0.33293945,0.09706055,0.35706055,2.4570606,0.19706054,5.0370607,2.3870606,-0.40293944,-0.59293944,-1.6629394,-0.33293945,-2.3629394,-0.21293946,-1.5629394,-2.5329394,-2.6229393,-2.0029395,-1.8129394,-0.37293947,0.42706054,0.54706055
3.8270605,0.67706054,0.34706056,4.6270604,2.2770605,3.7070606,5.7570605,3.8270605,2.7270606,1.7670605,2.0970604,2.6670606,1.5470605,0.73706055,1.5470605,0.44706056,-0.24293946,0.35706055,-0.26293945,-0.7429395,-2.4329395,-0.5429394,-0.8629395,-2.2929394,-1.0929395,1.2770605,2.0470605,-1.7729394,-0.42293945,-1.6029395,-2.2629395,-1.6229395,-3.8429394,-2.7729394,-2.6929395,-1.3129394,-0.64293945,-1.2029395,-1.1429394,-0.32293946,-0.76293945
2.0670605,3.2670605,5.6570606,4.7370605,4.747061,3.2270606,4.2570605,4.1170607,3.9470606,4.3470607,3.4770606,3.3070605,1.6470605,0.5770605,1.1570605,1.8470606,2.3070605,3.1270607,3.3370605,0.8870605,0.85706055,-0.68293947,-1.2629395,0.32706055,-1.2629395,1.9970605,2.0170605,0.87706053,0.53706056,-0.51293945,-2.3929396,-1.5529394,-2.1329393,-2.3129394,-1.4029394,-1.6629394,-1.1429394,-0.70293945,-0.13293946,-0.24293946,0.30706054
2.8370605,5.3070607,6.2070603,4.5470605,5.3970604,4.9170604,4.1370606,4.6370606,4.247061,2.0870605,1.5070605,3.6970606,1.9270606,2.2370605,2.5270605,3.4370606,2.6270607,1.2370605,0.86706054,1.8670605,3.1970606,1.4270606,2.8470604,-0.032939453,0.40706053,0.30706054,4.2670608,1.3870605,0.28706056,0.14706054,-2.9429395,-2.8029394,-1.6129395,-1.8329395,-1.9029394,-1.1529394,1.3770605,-0.51293945,0.7070606,0.13706055,1.2770605
