wind.json
{"header": {"discipline":0,"disciplineName":"Meteorological products","gribEdition":2,"gribLength":1211,"center":7,"centerName":"US National Weather Service - NCEP(WMC)","subcenter":0,"refTime":"2023-05-30T00:00:00.000Z","significanceOfRT":1,"significanceOfRTName":"Start of forecast","productStatus":0,"productStatusName":"Operational products","productType":1,"productTypeName":"Forecast products","productDefinitionTemplate":0,"productDefinitionTemplateName":"Analysis/forecast at horizontal level/layer at a point in time","parameterCategory":2,"parameterCategoryName":"UnknownDiscipline_0_Category_2","parameterNumber":2,"parameterNumberName":"UnknownParameter_D0_C2_2","parameterUnit":"Unknown","genProcessType":2,"genProcessTypeName":"Forecast","forecastTime":60,"surface1Type":103,"surface1TypeName":"Specified height level above ground","surface1Value":10.0,"surface2Type":255,"surface2TypeName":"Missing","surface2Value":0.0,"gridDefinitionTemplate":0,"gridDefinitionTemplateName":"Latitude_Longitude","numberPoints":688,"shape":6,"shapeName":"Earth spherical with radius of 6,371,229.0 m","gridUnits":"degrees","resolution":48,"winds":"true","scanMode":64,"nx":43,"ny":16,"basicAngle":0,"lo1":45.0,"la1":40.0,"lo2":87.0,"la2":55.0,"dx":1.0,"dy":1.0}, "data":
[rows 0 to 15 of 16, columns 0 to 42 of 43]
2.6259081,-0.054091796,-1.6240917,1.3859082,-7.674092,-2.8140917,0.055908203,2.425908,4.485908,4.365908,3.3059082,1.2459083,-1.0040917,-2.7040918,-3.2140918,-3.7340918,-4.2740917,-2.6440918,-3.6540918,-4.3340917,-3.3640919,-0.6840918,-1.0040917,2.0259082,5.295908,5.6659083,0.7159082,-0.6840918,0.35590822,1.4759082,2.3759081,1.4659082,1.8159082,0.35590822,-1.1840918,-2.6940918,-3.7140918,-4.904092,-4.474092,-4.134092,-4.954092,-5.704092,-6.944092
-1.8740917,3.9859083,4.965908,1.5759082,-1.0040917,3.2959082,2.905908,3.9459083,6.9559083,3.5959082,0.7659082,-3.1540918,-2.6440918,-5.3540916,-4.2740917,-4.654092,-3.7140918,-5.694092,-5.1240916,-5.0240917,-4.864092,-3.6440918,0.23590821,-0.9940918,1.2059082,2.665908,-0.054091796,5.035908,-4.7740917,-3.1740918,1.1159081,1.7359082,1.6659082,0.025908204,-1.6840918,-1.4940917,-5.034092,-1.8840919,-1.7640918,-1.9340918,-0.72409177,-1.5340918,1.8759083
5.9559083,1.7559083,2.2159083,-0.014091797,2.8759081,2.5759082,4.945908,5.575908,6.7459083,-1.4640918,-2.4540918,-2.6640918,-7.0040917,-4.3140917,-3.7540917,-5.054092,-4.674092,-6.7540917,-6.154092,-6.204092,-7.2540917,-7.964092,-8.164092,-7.0040917,-5.174092,-0.014091797,-1.2740918,-0.014091797,0.6559082,-3.3740919,-0.9440918,2.0659082,0.5059082,0.1659082,0.015908204,2.1059082,-0.9340918,2.9859083,3.1859083,2.1259081,2.9559083,-2.5140917,1.3159082
1.0659082,1.3559082,6.235908,-2.104092,1.7259082,5.1059084,5.825908,6.525908,7.235908,-0.4440918,-1.6740918,-4.2340918,-3.9240918,-3.9540918,-6.094092,-4.0840917,-5.454092,-8.0140915,-8.024092,-8.084092,-8.004092,-9.324092,-10.534092,-10.844091,-10.334092,-11.534092,-8.144092,-8.724092,-6.114092,-3.4440918,-2.7740917,-1.4340918,-0.0740918,-1.4340918,-1.7340918,2.8159082,-3.5240917,-2.094092,2.155908,1.3059082,7.3759084,9.185908,-0.1240918
0.17590821,1.3059082,3.0559082,7.3359084,8.355908,8.375908,8.665908,5.6659083,3.3759081,0.2459082,-1.6440918,-3.824092,-3.594092,-8.314092,-5.5840917,-3.6340919,-5.594092,-7.744092,-8.374092,-8.734092,-9.5140915,-10.814092,-10.454092,-13.084092,-10.774092,-11.164092,-10.684092,-10.314092,-9.504092,-8.884091,-8.134091,-5.244092,-1.9840918,2.4459083,7.595908,5.865908,5.485908,2.0359082,-0.4540918,0.2859082,3.4759083,4.505908,1.7459083
1.0759082,4.035908,5.5859084,7.4759083,12.565908,9.425908,6.9759083,6.575908,5.2259083,1.4259082,-1.8240918,-3.8840919,-5.704092,-5.7740917,-2.4740918,0.7559082,1.4659082,-6.4340916,-6.954092,-7.264092,-7.534092,-8.954092,-9.974092,-10.624092,-11.024092,-10.684092,-10.604092,-9.624092,-8.924091,-8.154092,-7.4840918,-6.514092,-5.884092,-4.594092,-4.304092,-0.8940918,-2.8940918,-0.7140918,8.115909,-2.354092,-0.3140918,1.7559083,4.6059084
3.895908,2.8259082,5.785908,7.6859083,9.765908,2.8159082,3.2659082,5.805908,5.6659083,-1.7740918,-0.8640918,-4.074092,-5.0240917,-2.9440918,0.7159082,2.8859081,4.965908,-4.404092,-5.3940916,-5.824092,-6.1840916,-6.5040917,-6.884092,-7.5040917,-7.764092,-7.7540917,-7.694092,-7.574092,-7.4340916,-1.1640918,-6.714092,-7.3340917,-7.1440916,-7.1240916,-5.944092,-4.114092,-3.0240917,2.9959083,1.2259082,3.6859083,-4.824092,4.155908,0.9459082
-0.5540918,3.425908,4.985908,8.145908,7.1459084,-2.2640917,0.015908204,2.3659081,-1.1840918,-1.7840918,-4.5240917,-2.6240919,-2.9840918,-0.6740918,-2.1140919,0.8359082,-1.2940918,-2.074092,-4.2340918,-3.3640919,-3.334092,-4.3140917,-3.5040917,-4.944092,-5.4340916,-4.1840916,-5.214092,-5.8140917,-5.5840917,-5.3940916,-6.4840918,-6.824092,-6.824092,-6.824092,-6.0240917,-4.304092,-1.9940917,-0.5540918,-0.4840918,1.4359082,0.1559082,1.4759082,5.555908
0.2959082,2.5459082,5.4759083,5.3359084,-0.7040918,-5.4340916,-3.3740919,-0.6340918,-3.354092,-4.994092,-4.074092,-1.8740917,0.1859082,-1.4940917,-0.5640918,-1.7940918,-4.074092,-3.574092,-3.8140917,-3.4340918,-3.9840918,-4.534092,-5.174092,-4.094092,-3.6140919,-3.7240918,-4.204092,-4.2340918,-3.9140918,-4.494092,-5.974092,-6.2540917,-6.054092,-5.244092,-4.634092,-3.7640917,-2.594092,-2.4140918,-1.9440918,2.6059082,3.9659083,3.2659082,5.965908
-1.6440918,-1.7640918,1.5159082,-0.064091794,-2.6240919,-5.7540917,-0.6640918,0.8759082,-4.1040916,-0.9140918,-0.2540918,-1.1540918,0.8159082,-2.2340918,-3.584092,-4.744092,-3.854092,-4.974092,-4.4140916,-3.3940918,-1.4340918,-2.854092,-2.2640917,-4.634092,-3.9740918,-4.284092,-4.054092,-4.714092,-3.7340918,-4.1240916,-5.134092,-4.554092,-4.904092,-4.4140916,-3.4040918,-2.3640919,-0.5040918,0.41590822,-0.1440918,0.085908204,-0.4140918,0.4859082,-1.0140918
0.5959082,1.6759082,-1.3840919,-2.2840917,-1.7940918,-1.4540918,-1.9440918,0.1959082,0.3759082,-1.2340918,-0.2040918,1.6259083,-0.8040918,-0.6940918,-1.8240918,-3.4340918,-3.5140917,-4.904092,-5.654092,-5.424092,-3.5240917,-3.6240919,-2.4940917,-4.4840918,-3.604092,-3.7740917,-4.1240916,-4.594092,-4.054092,-4.5440917,-4.424092,-5.174092,-4.194092,-4.714092,-4.844092,-4.444092,-2.4140918,1.8159082,2.8459082,-0.034091797,-0.6940918,-0.6640918,0.5359082
0.5759082,0.085908204,1.1559082,0.23590821,-0.3040918,1.3959082,-1.3940918,1.6359082,-0.5540918,-0.094091795,3.0659082,0.6359082,-1.4740918,-0.6240918,-1.6440918,-0.7640918,-1.3840919,-1.1840918,-2.3740919,-3.104092,-4.224092,-5.154092,-3.834092,-2.5640917,-2.9240918,-3.0140917,-3.9240918,-3.7040918,-2.7240918,-3.9740918,-4.264092,-4.2940917,-4.3140917,-4.6440916,-4.1840916,-5.7340918,-5.1640916,-4.114092,-1.5340918,-0.6840918,-1.6140918,0.3959082,-0.5140918
0.8559082,0.8759082,1.0059083,-0.004091797,2.2759082,0.3359082,3.2959082,1.8959082,1.4659082,-0.8240918,2.0759082,0.015908204,2.165908,3.665908,1.1559082,3.1959083,1.2259082,1.7159082,2.0659082,4.8359084,-1.2240918,-3.1240919,-2.824092,-2.584092,-1.7640918,-1.8640918,-1.8940918,-3.0140917,-1.3940918,-3.6340919,-3.2740917,-2.9740918,-3.2340918,-4.654092,-3.8940918,-5.5840917,-4.114092,-5.3140917,-5.3940916,-4.204092,-1.4140918,1.0559082,-1.5340918
1.4759082,-0.054091796,0.4359082,2.4359083,1.2359082,2.8259082,3.9759083,3.1359081,3.4759083,1.9459082,4.405908,0.6759082,1.8859082,1.9959083,5.6259084,1.8059082,3.2459083,4.055908,3.1359081,0.7259082,0.8859082,7.7659082,-1.3840919,-1.0640918,0.1259082,-0.9140918,1.7359082,-1.6840918,-0.6640918,-1.1640918,-0.6540918,-1.6140918,-1.6840918,-2.824092,-4.2740917,-3.594092,-4.704092,-2.8040917,-2.9640918,-2.594092,-2.3140917,-2.854092,-0.8540918
1.6059082,0.5459082,1.3659081,2.3859081,2.3159082,4.2459083,4.715908,4.7459083,3.7659082,4.2259083,3.4659083,3.7259083,2.9759083,3.5959082,4.425908,4.0659084,4.8959084,2.9959083,5.535908,-3.4640918,1.0959082,4.075908,0.9559082,-0.5640918,0.4559082,-0.8240918,1.7959082,1.4059082,1.0659082,1.4959083,-0.9140918,0.7559082,0.8559082,-1.3140918,-1.7040918,-1.9340918,-2.834092,-2.3640919,-1.0540918,-0.9640918,-2.9140918,-3.2240918,-0.7540918
2.2359083,2.665908,2.4959083,2.9459083,2.675908,3.7959082,4.785908,5.615908,5.1459084,4.4959083,5.4759083,3.8159082,3.7759082,5.295908,4.3559084,2.0959082,2.0159082,3.9459083,4.035908,2.395908,2.7759082,4.0859084,3.0059083,1.7959082,1.0659082,-0.6940918,1.7559083,0.4759082,3.8059082,0.6959082,1.9759082,2.2959082,-0.9840918,1.0659082,1.6059082,1.2659082,-0.6440918,1.0959082,-0.2240918,1.0559082,-2.7440917,2.3259082,-1.1240917
