wind_kz.json
{"header": {"discipline":0,"disciplineName":"Meteorological products","gribEdition":2,"gribLength":1025,"center":7,"centerName":"US National Weather Service - NCEP(WMC)","subcenter":0,"refTime":"2023-09-19T18:00:00.000Z","significanceOfRT":1,"significanceOfRTName":"Start of forecast","productStatus":0,"productStatusName":"Operational products","productType":1,"productTypeName":"Forecast products","productDefinitionTemplate":0,"productDefinitionTemplateName":"Analysis/forecast at horizontal level/layer at a point in time","parameterCategory":2,"parameterCategoryName":"UnknownDiscipline_0_Category_2","parameterNumber":2,"parameterNumberName":"UnknownParameter_D0_C2_2","parameterUnit":"Unknown","genProcessType":2,"genProcessTypeName":"Forecast","forecastTime":300,"surface1Type":103,"surface1TypeName":"Specified height level above ground","surface1Value":10.0,"surface2Type":255,"surface2TypeName":"Missing","surface2Value":0.0,"gridDefinitionTemplate":0,"gridDefinitionTemplateName":"Latitude_Longitude","numberPoints":615,"shape":6,"shapeName":"Earth spherical with radius of 6,371,229.0 m","gridUnits":"degrees","resolution":48,"winds":"true","scanMode":64,"nx":41,"ny":15,"basicAngle":0,"lo1":47.0,"la1":41.0,"lo2":87.0,"la2":55.0,"dx":1.0,"dy":1.0}, "data":
[rows 0 to 14 of 15, columns 0 to 40 of 41]
0.13919678,0.93919677,-1.2308033,1.1391968,-4.4308033,-5.420803,-4.7908034,-5.960803,-6.8308034,-3.5308032,-4.840803,-4.8308034,-4.010803,-3.0508032,-2.1408033,-0.5408032,0.09919678,1.2191968,0.5291968,-0.4608032,1.2791967,1.7391968,1.8891968,2.0591967,-1.3408033,-0.100803226,2.7391968,2.3191967,0.74919677,0.7291968,-1.1808032,1.3691968,0.38919678,-1.0608032,-1.4708033,1.1291968,1.1691967,3.0091968,1.7691967,2.0591967,3.7091968
0.26919678,-0.9108032,0.50919676,-3.0508032,-4.610803,-3.7008033,-4.0808034,-4.9708033,-5.360803,-4.6608033,-3.8608031,-4.4108033,-3.1408033,-2.4708033,-1.4708033,-1.0908033,-0.48080322,0.07919678,1.0891968,0.17919677,-2.3908033,1.4891968,1.8491968,3.2191968,0.14919677,0.20919678,0.039196778,0.6091968,3.2491968,1.2591968,0.6191968,0.80919677,-2.6608033,0.9891968,1.3291968,2.0191967,1.5991968,1.5791968,0.8691968,-0.34080324,0.36919677
-1.2408032,0.35919678,-0.7008032,-4.090803,-4.780803,-5.0408034,-4.780803,-4.250803,-4.2908034,-3.7208033,-3.4808033,-2.4408033,-2.5708032,-2.2808032,-2.1108031,-2.0108032,-2.6908033,-1.5108032,-0.6508032,-0.020803222,-0.020803222,-0.74080324,-1.0008032,1.9791968,-0.21080323,0.6691968,0.5291968,0.76919675,2.4991968,0.99919677,0.029196776,-1.5108032,-0.5708032,0.5291968,-0.56080323,1.3091968,0.18919678,0.109196775,-0.7008032,-0.05080322,-0.23080322
1.6991968,0.3191968,-3.1108031,-4.820803,-3.7508032,-3.6108031,-2.370803,-3.5008032,-2.8908033,-2.8608031,-2.8308032,-3.9808033,-2.8208032,-2.6808033,-2.3108032,-2.3008032,-3.1408033,-4.2008033,-4.6808033,-2.5008032,0.51919675,-1.2708032,-3.3908033,-3.4008033,-3.2908032,-2.2708032,-2.0608032,-0.28080323,-1.8108032,-0.5208032,0.99919677,0.40919676,-0.9708032,-0.9108032,-0.61080325,1.1791968,0.30919677,1.5391967,-1.7808032,-0.7908032,-2.9408033
-1.7408032,-1.7308033,-2.9708033,-1.8208032,-1.2608032,-2.0108032,-2.7508032,-3.0208032,-3.0308032,-2.7008033,-3.380803,-4.7708035,-3.4408033,-2.8008032,-1.4408032,-2.2508032,-2.4708033,-2.9508033,-4.480803,-5.280803,-6.2208033,-4.710803,-4.6408033,-4.260803,-4.070803,-3.9908032,-5.480803,-2.9108033,-3.2808032,-2.7708032,-0.9608032,1.6891968,2.9091969,1.0891968,-2.3308032,-2.6908033,-2.1408033,-3.380803,-3.0208032,-2.4508033,-1.4308032
-0.9508032,-1.8508033,-2.0908031,-2.9808033,-3.4908032,-3.8908033,-3.3908033,-3.630803,-2.9208033,-2.6108031,-2.6708033,-3.0708032,-2.9908032,-2.9808033,-1.6208032,-1.8708032,-1.9708033,-2.5708032,-3.9508033,-3.1508033,-4.8908033,-4.6408033,-4.110803,-4.420803,-4.590803,-5.480803,-5.320803,-4.0408034,-3.6808033,-3.1408033,-4.480803,-4.7708035,-3.2808032,-1.0108032,-0.7208032,-2.9708033,-0.010803223,-1.1108032,-1.6108032,-1.4808033,-1.4508033
-1.1508032,-2.4308033,-2.9308033,-3.0308032,-3.8208032,-3.3508031,-3.0808032,-2.2008033,-1.4508033,-1.8408033,-1.9608033,-2.5608032,-2.5508032,-2.9908032,-2.5808032,-2.0008032,-2.120803,-1.6908032,-1.9008032,-3.120803,-3.5808032,-3.2008033,-2.2708032,-2.4308033,-3.3908033,-3.380803,-3.9608033,-3.3408031,-3.7808032,-3.2308033,-2.9408033,-3.1708033,-1.7908032,-2.3408031,-1.7508032,0.9291968,0.8391968,-2.0908031,0.87919676,-0.24080323,-0.93080324
-1.0808033,-1.6608032,-1.9608033,-2.0308032,-2.0508032,-2.3108032,-2.2708032,-1.2808032,-1.7008033,-1.3408033,-1.1408032,-0.68080324,-0.5108032,-0.47080323,-0.9608032,-1.6708032,-2.2108033,-1.9108032,-1.5608032,-1.2608032,-2.2008033,-2.0708032,-2.880803,-2.4308033,-1.0208032,-0.4308032,-0.6608032,-1.0008032,-1.5808033,-1.8908032,-2.7208033,-2.1808033,-1.4908032,-3.2408032,-1.7608032,-3.5608032,-2.3608031,-1.4108032,-2.7208033,-2.5808032,0.019196777
-1.4208032,-1.4808033,-1.1508032,-1.4708033,-1.2108033,-0.8208032,-0.8208032,-0.67080325,-0.4608032,-0.08080322,0.4491968,0.57919675,1.4891968,0.9091968,1.6991968,1.4191967,0.93919677,-0.4008032,-1.2608032,-0.62080324,0.22919677,-0.74080324,-1.0808033,-1.1608032,-1.3508033,-0.80080324,0.36919677,0.93919677,0.46919677,0.9191968,0.16919678,-0.55080324,-1.3108032,-0.7208032,-1.5408032,-1.2108033,-1.2408032,1.1091968,1.0391967,-0.41080323,-0.21080323
-1.0508032,-0.5708032,-0.020803222,0.26919678,0.42919677,0.18919678,0.62919676,0.4491968,1.1991968,1.5691968,1.9791968,2.4091969,1.8891968,1.1791968,1.1191968,0.5991968,0.74919677,1.8991967,1.8091968,0.15919678,-0.24080323,0.36919677,0.69919676,0.7891968,1.0391967,1.2591968,1.4391968,1.9591968,2.3991969,2.3891969,2.0491967,1.1591967,0.8591968,0.6191968,0.07919678,-1.2208033,0.80919677,-0.24080323,1.9491968,0.9691968,0.62919676
0.30919677,0.82919675,0.7191968,1.4091967,1.3891968,1.1591967,1.5691968,1.8791968,1.9291968,1.9291968,2.6991968,3.2891967,1.8991967,2.3291967,1.9491968,2.3391967,2.1491969,1.4791968,1.2991967,2.6991968,2.8291967,2.4191968,2.3991969,2.4991968,2.8191967,3.1391969,3.5891967,3.0591967,3.4491968,3.869197,3.5191967,3.0691967,2.5891967,2.2791967,1.8191968,1.0891968,0.75919676,0.9791968,0.48919678,-0.28080323,0.9291968
0.039196778,0.75919676,1.2491968,1.6391968,1.5691968,1.7291968,1.6991968,2.5191967,2.3491967,1.7391968,2.0191967,2.8591967,2.369197,3.129197,3.0291967,2.7791967,2.9491968,2.4791968,2.1991968,2.3291967,2.7491968,2.879197,3.0891967,3.3591967,4.2091966,4.4191966,4.5691967,5.0691967,4.869197,4.7091966,4.469197,4.469197,3.6891968,3.6391969,3.1791968,3.5991967,3.5791967,4.059197,2.3391967,1.1691967,0.4791968
1.5891968,2.4291968,2.119197,1.9591968,1.8291968,1.0591968,1.9291968,1.9491968,1.6891968,0.82919675,0.6191968,1.8791968,2.3891969,3.6791968,3.1891968,3.129197,2.9691968,2.8891969,2.4291968,3.0491967,3.0091968,3.3091967,3.7291968,3.5191967,4.249197,4.349197,4.869197,5.119197,5.429197,5.449197,5.239197,5.0691967,4.6491966,4.289197,4.179197,4.019197,3.7891967,1.1291968,3.1991968,3.0591967,2.1991968
2.8091967,2.8291967,2.3191967,3.1791968,1.8291968,2.3491967,2.6891968,2.5991967,3.0891967,1.5191967,1.1691967,0.8391968,2.1091967,3.6391969,3.4591968,2.9591968,2.5691967,2.9591968,2.7091968,3.4791968,3.6791968,4.2791967,5.099197,5.2991967,5.6491966,5.519197,5.3391967,5.6691966,5.519197,5.769197,5.559197,5.269197,5.059197,5.1491966,4.829197,2.7491968,1.3091968,3.0591967,4.409197,3.6791968,4.829197
1.2591968,2.629197,2.9691968,3.5491967,3.4391968,2.9891968,4.039197,3.1791968,3.4091969,0.8491968,0.50919676,3.5491967,2.2391968,1.4391968,3.4491968,2.8491967,3.6091967,4.019197,3.5791967,4.6491966,4.909197,5.1691966,5.239197,5.659197,5.6291966,5.7991967,5.989197,5.8191967,5.7791967,5.769197,5.7291965,5.9591966,6.0891967,5.789197,4.6891966,3.4691968,2.9091969,4.6491966,4.4791965,4.199197,2.6991968
