wind_kz.json
{"header": {"discipline":0,"disciplineName":"Meteorological products","gribEdition":2,"gribLength":1025,"center":7,"centerName":"US National Weather Service - NCEP(WMC)","subcenter":0,"refTime":"2023-09-27T06:00:00.000Z","significanceOfRT":1,"significanceOfRTName":"Start of forecast","productStatus":0,"productStatusName":"Operational products","productType":1,"productTypeName":"Forecast products","productDefinitionTemplate":0,"productDefinitionTemplateName":"Analysis/forecast at horizontal level/layer at a point in time","parameterCategory":2,"parameterCategoryName":"UnknownDiscipline_0_Category_2","parameterNumber":3,"parameterNumberName":"UnknownParameter_D0_C2_3","parameterUnit":"Unknown","genProcessType":2,"genProcessTypeName":"Forecast","forecastTime":120,"surface1Type":103,"surface1TypeName":"Specified height level above ground","surface1Value":10.0,"surface2Type":255,"surface2TypeName":"Missing","surface2Value":0.0,"gridDefinitionTemplate":0,"gridDefinitionTemplateName":"Latitude_Longitude","numberPoints":615,"shape":6,"shapeName":"Earth spherical with radius of 6,371,229.0 m","gridUnits":"degrees","resolution":48,"winds":"true","scanMode":64,"nx":41,"ny":15,"basicAngle":0,"lo1":47.0,"la1":41.0,"lo2":87.0,"la2":55.0,"dx":1.0,"dy":1.0}, "data":
[rows 0 to 14 of 15, columns 0 to 40 of 41]
0.21858948,2.0485895,0.7585895,5.8285894,4.6885896,3.0985894,2.9385896,3.2285895,2.6085894,2.3185894,1.0385895,0.7785895,0.32858947,-0.56141055,-1.9814105,-2.7514105,-3.0114105,-1.8714105,-3.1714106,-2.0514104,-0.9014105,-2.5214105,-1.9114106,1.8085895,2.4585896,2.5985894,1.1285895,1.0185895,0.74858946,3.3285894,2.1285894,3.1585894,-1.0614105,-0.87141055,0.93858945,0.47858948,-0.50141054,-0.6414105,-0.08141052,1.5385895,1.5085895
1.8685895,-0.9014105,4.8185897,6.1485896,5.0785894,4.2485895,3.0985894,4.0385895,3.9685895,3.2185895,1.6985894,-0.15141052,-0.5314105,-0.95141053,-1.9414105,-2.8914106,-1.0214105,-2.1514106,-2.9314106,-2.4414105,-1.9114106,-1.8714105,-3.0114105,0.56858945,3.4985895,2.8085895,3.2885895,2.0985894,-0.34141052,2.8085895,-0.19141053,4.0985894,1.1285895,2.5785894,2.8385894,3.3985894,1.7885895,1.5885894,2.5585895,0.6385895,-0.021410523
-1.3014106,3.8485894,4.4285893,4.8885894,3.9285896,3.9985895,3.7385895,3.0585895,4.8685894,3.7285895,1.2585895,-0.39141053,-1.9014106,-0.94141054,-0.9214105,-1.0614105,-2.3314104,-4.1314106,-4.3214107,-3.5014105,-0.3514105,0.61858946,-0.4714105,0.6985895,-3.1614106,-3.3914106,-2.2414105,-1.9914105,-0.40141052,-2.1314106,0.38858947,0.6085895,-1.9814105,2.1085894,0.3685895,-2.0514104,1.7585895,2.3885894,-0.50141054,1.2685895,0.9485895
4.5585895,3.5285895,4.2185893,4.7885895,4.3785896,4.8285894,4.7385893,4.8885894,5.0985894,4.3385897,2.1785896,-0.8414105,-1.6414105,-1.8814105,-0.37141052,-0.6114105,-2.6114106,-4.5814104,-5.7914104,-4.6514106,0.5785895,-0.42141053,-2.2714105,-0.23141052,-1.2914106,-1.3214105,-0.7114105,-2.2314105,-1.7014105,-3.1714106,-2.0914106,1.3285894,1.0785894,-0.20141052,-0.011410522,-0.40141052,2.3485894,1.8185894,-3.3614106,-2.4314106,-2.3214104
3.9985895,2.3085895,3.5185895,2.7485895,3.2285895,3.9185896,4.4685893,6.2785892,6.0385895,5.2185893,3.5885894,1.2485895,-1.0214105,-1.4114106,-0.9814105,-0.7114105,-2.0914106,-4.1514106,-4.1014104,-2.7614105,-1.0614105,-0.94141054,0.68858945,0.35858947,0.8585895,-0.031410523,-3.6314106,-2.6314106,-3.2114105,-3.9914105,-4.4414105,-2.1614106,-0.82141054,-0.32141054,0.7185895,0.21858948,2.5885894,-1.3914105,-1.3814105,-1.8114105,-2.6814106
2.7185895,3.0685894,2.7985895,2.6885896,2.6685896,3.5385895,4.2385893,4.2685895,6.9985895,5.4885893,4.3285894,1.8985895,-0.22141053,-1.7314105,-1.5414106,-1.6414105,-0.7814105,-1.8014106,-3.1514106,-2.2514105,-2.8414106,-2.1614106,-1.1614106,0.3385895,1.5985894,0.7685895,-1.9614105,-5.1014104,-4.4514103,-4.5614104,-4.6214104,-4.7214108,-3.3814106,-4.1114106,-2.1414106,9.29859,-2.6414106,5.8685894,0.6585895,0.4985895,-3.2614105
2.8085895,2.8385894,2.8485894,2.9585896,2.8885894,3.0585895,3.7185895,4.6385894,6.0685897,5.4285893,3.6485894,2.7485895,-0.36141053,-2.2614105,-2.0614104,-0.7714105,-0.9814105,-1.3514105,-1.5114105,-1.4814105,-2.5814104,-1.2814106,0.55858946,1.3485894,1.6485895,0.5085895,-0.8514105,-2.2014105,-3.9714105,-4.4714108,-4.8014107,-5.2414107,-4.9214106,-1.2614105,1.2685895,1.6185895,2.8485894,-0.6614105,0.8285895,2.5785894,-5.3114104
3.6385894,3.8485894,3.7485895,2.9585896,3.0085895,2.5185895,3.9585896,5.2985897,5.6785893,5.3585896,3.9885895,2.5785894,0.8985895,-0.37141052,-2.1814106,-1.5914105,-1.4414105,-0.62141055,-1.6614106,-0.22141053,-0.7914105,0.15858948,0.8485895,1.8385894,1.0785894,1.1885895,0.86858946,-0.6414105,-2.4114106,-4.2914104,-5.0114107,-4.6914105,-4.4814105,-6.1814103,-2.3414106,-1.1814106,-2.2114105,-1.6714106,-0.30141053,-0.87141055,-0.4414105
4.3885894,3.7985895,3.6785896,3.8685894,3.1585894,3.0285895,4.0685897,4.3785896,4.7085896,4.1485896,3.8885894,2.9285896,1.2485895,-0.10141052,-1.1314105,-1.4514105,0.35858947,0.35858947,-0.48141053,-0.6714105,-0.11141052,0.31858948,-0.6114105,2.5085895,2.3185894,0.9685895,0.5985895,-0.70141053,-1.4714105,-2.4614105,-4.2914104,-5.4814105,-4.4314103,-4.8114104,-3.6714106,-2.2314105,0.118589476,-2.3614106,0.37858948,-1.3514105,-2.3014104
4.8685894,4.7985897,4.2285895,4.3885894,3.9685895,4.4585896,5.0985894,5.2385893,5.1185894,4.5885897,3.6885896,3.0185895,1.6985894,0.6485895,0.26858947,-0.19141053,1.4485894,1.7285895,1.5385895,0.43858948,-0.29141054,-0.6014105,-0.27141052,0.98858947,0.8985895,1.1785895,1.3985895,1.0585895,0.19858947,-1.1614106,-1.8614105,-2.5414104,-3.6914105,-4.6614103,-3.6714106,-2.0414104,-0.7214105,1.7785895,-1.7114105,-0.7814105,0.9185895
5.1985893,5.2385893,4.8885894,4.9085894,4.1885896,5.1985893,5.6285896,5.3385897,5.2885895,4.4185896,3.3385894,2.8885894,2.6685896,1.4785895,1.2885895,2.0085895,2.5185895,2.7485895,3.4285896,1.5985894,0.8385895,0.9185895,0.87858945,0.7685895,0.93858945,2.2085896,2.2185895,1.2685895,1.1785895,1.0185895,0.21858948,-1.3214105,-3.3414106,-3.7814105,-4.8114104,-3.9314106,-1.1914105,0.10858948,0.14858948,0.6485895,1.0185895
5.4185896,5.4285893,5.7985897,5.3385897,5.4985895,4.9185896,4.9285893,5.2285895,3.9385896,4.3385897,3.4785895,3.3085895,3.2385895,3.0085895,2.7585895,1.7785895,1.7685895,2.3085895,3.8185894,4.1285896,3.1385894,2.0785894,2.1885896,1.8885895,1.8885895,1.7785895,2.4485896,2.6285894,1.9485894,1.3285894,-0.13141052,-1.0114105,-1.5214105,-2.2314105,-1.8814105,-2.9414105,-3.0114105,-2.1814106,-1.2914106,-1.0014105,-0.7214105
4.1685896,5.9985895,6.0985894,5.6785893,5.3485894,4.1185894,4.8585896,5.6585894,6.3285894,4.7485895,2.5785894,3.2285895,4.4185896,4.2385893,3.9785895,3.5985894,3.4785895,2.5585895,3.2985895,4.1685896,4.7185893,4.5085893,3.6585894,3.6185894,3.6185894,3.7885895,3.5885894,3.0885894,2.3785894,1.7585895,0.31858948,-0.29141054,-0.17141052,-0.7414105,-0.5814105,-0.93141055,-0.95141053,-0.4414105,-0.43141052,-0.43141052,-0.27141052
2.4085894,3.9585896,5.1085896,5.7185893,5.7785892,5.9685893,5.7685895,5.7985897,5.2785892,6.3085895,3.4885895,2.0085895,2.4185896,4.8785896,5.1785893,5.3985896,5.1685896,4.5985894,4.2385893,3.9185896,4.6885896,4.0585895,3.8785894,3.9385896,3.8885894,4.4985895,4.5085893,3.7085896,3.5685894,3.1585894,2.2985895,1.6485895,1.3785895,1.4885895,1.3185894,0.87858945,0.86858946,0.7785895,0.8285895,0.73858947,0.79858947
-0.50141054,-0.9214105,2.8885894,4.9985895,5.1585894,5.4285893,5.8585896,5.8785896,5.7385893,6.0785894,3.3685894,3.6985896,2.7685895,2.1485894,4.4485893,5.7185893,6.3185897,6.0585895,5.5785894,4.8285894,4.5685897,5.4885893,4.9785895,4.7485895,4.8085895,5.0385895,4.8585896,4.4785895,4.0985894,3.5585895,3.5885894,2.8385894,2.3185894,2.0785894,1.9085895,1.8685895,2.5785894,1.6985894,1.2385895,2.0785894,1.2585895
