wind_kz.json
{"header": {"discipline":0,"disciplineName":"Meteorological products","gribEdition":2,"gribLength":871,"center":7,"centerName":"US National Weather Service - NCEP(WMC)","subcenter":0,"refTime":"2023-09-21T06:00:00.000Z","significanceOfRT":1,"significanceOfRTName":"Start of forecast","productStatus":0,"productStatusName":"Operational products","productType":1,"productTypeName":"Forecast products","productDefinitionTemplate":0,"productDefinitionTemplateName":"Analysis/forecast at horizontal level/layer at a point in time","parameterCategory":0,"parameterCategoryName":"UnknownDiscipline_0_Category_0","parameterNumber":0,"parameterNumberName":"UnknownParameter_D0_C0_0","parameterUnit":"Unknown","genProcessType":2,"genProcessTypeName":"Forecast","forecastTime":300,"surface1Type":1,"surface1TypeName":"Ground or water surface","surface1Value":0.0,"surface2Type":255,"surface2TypeName":"Missing","surface2Value":0.0,"gridDefinitionTemplate":0,"gridDefinitionTemplateName":"Latitude_Longitude","numberPoints":615,"shape":6,"shapeName":"Earth spherical with radius of 6,371,229.0 m","gridUnits":"degrees","resolution":48,"winds":"true","scanMode":64,"nx":41,"ny":15,"basicAngle":0,"lo1":47.0,"la1":41.0,"lo2":87.0,"la2":55.0,"dx":1.0,"dy":1.0}, "data":
[rows 0 to 14 of 15, columns 0 to 40 of 41]
290.91632,283.6163,287.1163,293.2163,293.3163,293.2163,294.6163,295.2163,293.41632,292.41632,291.6163,291.8163,291.1163,290.6163,290.5163,288.2163,288.8163,289.1163,288.2163,288.7163,289.7163,287.8163,286.3163,282.0163,285.8163,286.7163,284.41632,272.2163,271.0163,270.91632,268.41632,268.2163,281.8163,287.91632,288.7163,288.91632,289.3163,289.3163,288.6163,288.6163,288.0163
274.7163,285.8163,292.6163,292.91632,293.0163,291.8163,294.1163,292.91632,291.6163,291.41632,290.8163,289.0163,289.6163,290.8163,289.3163,288.5163,288.3163,288.5163,286.7163,286.5163,287.1163,287.41632,286.0163,279.7163,271.0163,270.41632,279.91632,272.0163,273.41632,268.6163,273.5163,260.8163,273.5163,248.71631,264.0163,285.3163,283.5163,286.2163,287.91632,281.91632,283.8163
287.6163,291.7163,292.7163,292.6163,290.91632,293.5163,292.6163,290.2163,288.41632,287.8163,287.0163,287.7163,287.5163,289.7163,290.1163,288.8163,286.3163,286.0163,287.5163,285.5163,287.91632,288.8163,288.1163,281.5163,283.41632,283.6163,284.6163,282.7163,283.1163,275.2163,264.3163,269.6163,274.2163,274.3163,278.0163,277.5163,266.8163,270.5163,272.41632,269.1163,267.91632
289.8163,291.5163,293.0163,292.1163,291.7163,291.6163,291.0163,288.41632,288.3163,287.41632,286.91632,287.2163,290.5163,289.91632,289.7163,286.5163,287.6163,287.3163,287.1163,286.3163,287.2163,280.2163,285.3163,285.91632,285.41632,285.2163,285.2163,282.7163,280.2163,281.41632,282.6163,282.41632,287.0163,285.0163,283.7163,283.91632,267.8163,264.3163,273.41632,282.6163,284.6163
290.6163,290.91632,291.7163,290.8163,291.5163,292.1163,291.3163,290.0163,288.8163,288.0163,287.5163,286.91632,289.1163,288.2163,286.8163,287.5163,287.41632,286.7163,284.8163,286.2163,285.7163,285.2163,283.5163,283.0163,283.1163,284.0163,282.6163,284.1163,281.8163,282.3163,283.5163,280.7163,270.91632,257.3163,275.6163,284.0163,286.2163,285.41632,287.8163,287.5163,287.41632
291.41632,292.41632,289.8163,290.1163,290.5163,289.91632,291.7163,291.5163,289.3163,288.41632,288.91632,288.8163,288.91632,288.91632,287.8163,287.3163,288.6163,286.7163,286.7163,285.3163,284.0163,282.8163,282.1163,283.1163,282.2163,280.6163,281.2163,286.41632,284.0163,283.8163,282.3163,283.5163,281.8163,279.6163,279.5163,282.91632,274.5163,276.3163,282.6163,285.3163,284.5163
290.3163,290.91632,292.0163,292.0163,290.7163,290.0163,290.1163,289.6163,290.6163,290.2163,288.3163,287.91632,287.41632,287.2163,286.7163,287.8163,287.5163,287.3163,285.6163,284.8163,282.91632,283.6163,283.91632,284.0163,282.7163,283.0163,281.91632,282.2163,281.8163,281.3163,280.3163,280.5163,281.0163,282.3163,281.41632,280.2163,276.1163,272.91632,270.3163,267.1163,280.1163
288.3163,287.91632,288.3163,290.7163,291.3163,290.8163,290.41632,289.91632,288.3163,288.2163,286.8163,286.5163,285.91632,286.7163,287.2163,287.3163,286.8163,286.8163,286.0163,282.91632,282.3163,282.0163,281.91632,282.1163,281.41632,277.7163,279.0163,279.5163,277.8163,278.7163,277.5163,277.6163,277.41632,275.6163,275.7163,278.1163,280.3163,286.0163,280.6163,280.6163,277.0163
288.8163,287.7163,288.8163,288.2163,289.41632,289.3163,288.2163,288.6163,287.6163,286.1163,285.41632,285.0163,284.3163,285.3163,285.1163,285.7163,285.41632,284.91632,284.1163,283.3163,280.7163,279.6163,279.91632,279.8163,278.1163,279.3163,276.8163,276.41632,274.6163,273.41632,274.3163,274.6163,275.6163,276.6163,276.1163,274.91632,277.5163,277.1163,265.7163,268.3163,263.6163
288.5163,289.0163,288.6163,287.7163,288.41632,288.41632,287.8163,287.0163,286.3163,285.1163,284.41632,284.3163,284.8163,284.41632,283.7163,283.8163,283.8163,283.5163,283.0163,282.91632,281.3163,280.5163,280.3163,279.8163,279.3163,278.1163,277.5163,277.1163,276.1163,275.3163,274.5163,276.7163,278.1163,277.7163,276.91632,276.1163,274.6163,273.6163,270.5163,267.7163,264.5163
287.3163,287.8163,287.5163,287.3163,287.6163,287.7163,287.41632,286.2163,285.2163,284.0163,284.1163,283.3163,285.8163,285.2163,284.41632,284.3163,283.41632,282.8163,282.8163,282.0163,281.6163,280.91632,280.2163,279.3163,278.0163,277.7163,275.6163,277.1163,276.91632,278.3163,277.91632,277.41632,276.6163,277.6163,276.41632,274.7163,272.7163,270.3163,269.0163,270.6163,269.6163
284.8163,286.8163,286.5163,286.91632,286.3163,286.2163,285.0163,284.7163,284.41632,283.8163,282.0163,285.5163,285.5163,283.6163,284.41632,283.91632,283.7163,283.1163,282.7163,281.7163,280.41632,279.3163,278.8163,278.41632,278.0163,278.41632,277.91632,279.2163,279.2163,279.3163,278.3163,276.7163,277.5163,275.3163,276.1163,275.8163,275.8163,274.2163,273.91632,273.6163,272.8163
285.8163,285.1163,287.1163,286.2163,286.6163,286.3163,285.1163,284.7163,283.8163,283.91632,282.3163,280.6163,284.1163,283.7163,284.41632,284.41632,284.1163,283.3163,283.5163,282.2163,281.6163,279.91632,278.8163,277.8163,278.91632,279.2163,280.2163,278.91632,278.8163,277.8163,277.8163,277.5163,277.3163,276.3163,275.91632,275.6163,274.7163,276.0163,273.7163,272.91632,272.2163
285.1163,286.5163,286.1163,287.5163,286.0163,285.3163,285.5163,285.91632,285.41632,284.8163,283.2163,280.1163,281.1163,283.41632,287.5163,284.91632,284.8163,283.5163,283.0163,282.8163,282.41632,281.8163,281.7163,281.0163,280.41632,279.91632,279.0163,278.7163,277.7163,277.41632,277.0163,276.6163,276.0163,275.3163,275.41632,274.3163,274.1163,273.7163,272.91632,271.91632,272.6163
285.7163,287.0163,285.5163,286.5163,286.2163,285.0163,286.3163,284.91632,285.6163,284.41632,284.3163,282.5163,282.2163,281.91632,283.41632,284.5163,284.3163,283.91632,283.7163,283.41632,282.8163,282.1163,281.5163,280.8163,280.3163,279.5163,278.8163,278.2163,277.91632,277.6163,277.41632,281.41632,276.1163,275.3163,275.1163,274.91632,275.0163,273.8163,274.1163,273.7163,272.2163
