wind_kz.json
{"header": {"discipline":0,"disciplineName":"Meteorological products","gribEdition":2,"gribLength":871,"center":7,"centerName":"US National Weather Service - NCEP(WMC)","subcenter":0,"refTime":"2023-10-03T12:00:00.000Z","significanceOfRT":1,"significanceOfRTName":"Start of forecast","productStatus":0,"productStatusName":"Operational products","productType":1,"productTypeName":"Forecast products","productDefinitionTemplate":0,"productDefinitionTemplateName":"Analysis/forecast at horizontal level/layer at a point in time","parameterCategory":0,"parameterCategoryName":"UnknownDiscipline_0_Category_0","parameterNumber":0,"parameterNumberName":"UnknownParameter_D0_C0_0","parameterUnit":"Unknown","genProcessType":2,"genProcessTypeName":"Forecast","forecastTime":60,"surface1Type":1,"surface1TypeName":"Ground or water surface","surface1Value":0.0,"surface2Type":255,"surface2TypeName":"Missing","surface2Value":0.0,"gridDefinitionTemplate":0,"gridDefinitionTemplateName":"Latitude_Longitude","numberPoints":615,"shape":6,"shapeName":"Earth spherical with radius of 6,371,229.0 m","gridUnits":"degrees","resolution":48,"winds":"true","scanMode":64,"nx":41,"ny":15,"basicAngle":0,"lo1":47.0,"la1":41.0,"lo2":87.0,"la2":55.0,"dx":1.0,"dy":1.0}, "data":
[rows 0 to 14 of 15, columns 0 to 40 of 41]
284.99707,277.19708,282.59708,293.59708,293.39706,291.89706,288.39706,289.19708,290.39706,292.29706,290.79706,291.59708,292.79706,291.59708,289.29706,290.49707,287.39706,289.49707,288.39706,289.79706,293.69708,290.09708,291.29706,284.29706,289.29706,290.99707,288.09708,276.59708,273.29706,273.29706,270.79706,267.29706,279.79706,285.69708,286.99707,286.89706,286.29706,286.29706,288.19708,288.09708,286.99707
265.89706,283.99707,293.69708,293.49707,293.59708,291.59708,285.69708,285.79706,289.29706,290.39706,291.09708,290.19708,290.99707,290.69708,289.69708,289.79706,285.39706,283.29706,286.29706,285.99707,290.79706,292.99707,292.49707,283.59708,274.19708,274.19708,280.99707,272.79706,273.99707,269.39706,274.79706,267.89706,272.99707,249.99707,270.69708,284.39706,281.89706,285.19708,287.49707,280.89706,283.49707
284.59708,293.39706,293.29706,292.79706,290.99707,284.59708,284.79706,284.89706,285.09708,288.89706,289.39706,289.99707,289.29706,288.69708,287.59708,285.59708,284.29706,283.39706,284.49707,285.59708,287.09708,290.59708,291.79706,286.69708,288.59708,287.89706,288.39706,286.39706,284.39706,278.19708,270.99707,271.69708,275.99707,275.49707,277.29706,278.29706,271.79706,271.09708,271.49707,267.99707,269.49707
285.09708,292.19708,292.99707,292.09708,289.89706,284.09708,284.79706,283.99707,284.89706,288.69708,287.89706,288.79706,290.39706,289.69708,286.09708,284.49707,285.19708,284.59708,284.39706,285.49707,285.19708,282.29706,288.69708,291.09708,290.09708,289.69708,290.19708,288.49707,285.29706,283.79706,283.79706,285.09708,286.79706,285.29706,283.89706,282.59708,270.39706,263.39706,273.19708,280.29706,283.09708
286.59708,291.99707,292.39706,291.69708,289.69708,286.29706,285.39706,285.09708,285.99707,286.49707,288.49707,286.59708,289.49707,287.99707,286.49707,285.89706,285.79706,285.79706,285.79706,286.89706,285.69708,286.19708,286.19708,287.29706,290.09708,289.49707,286.39706,285.99707,284.69708,284.49707,285.99707,284.39706,275.09708,265.19708,273.49707,282.89706,286.49707,286.89706,287.09708,287.39706,286.99707
286.59708,285.29706,290.09708,290.69708,291.09708,290.79706,285.49707,286.49707,288.49707,288.49707,288.19708,287.59708,288.79706,289.09708,287.09708,284.79706,286.39706,285.19708,285.69708,285.79706,285.79706,284.69708,284.99707,284.59708,284.99707,284.79706,283.59708,287.99707,284.29706,284.29706,282.79706,284.69708,283.49707,282.19708,281.59708,284.79706,277.59708,278.89706,282.49707,286.39706,285.89706
286.09708,285.89706,287.89706,287.79706,287.99707,287.59708,286.19708,289.69708,289.29706,288.29706,287.09708,286.79706,288.39706,288.89706,287.99707,287.79706,284.49707,285.09708,284.39706,283.89706,282.89706,283.99707,284.09708,283.89706,282.69708,282.69708,282.09708,282.99707,282.79706,282.89706,282.09708,282.49707,282.49707,283.89706,283.99707,282.29706,278.49707,274.59708,272.09708,271.29706,281.19708
284.69708,284.69708,286.59708,287.79706,289.89706,288.09708,286.09708,286.19708,286.99707,286.29706,285.59708,286.69708,287.79706,287.39706,287.09708,284.99707,283.99707,284.59708,283.79706,282.69708,281.59708,282.09708,281.89706,282.39706,281.69708,278.19708,278.99707,280.09708,279.19708,280.79706,279.89706,280.19708,280.49707,277.79706,278.59708,278.29706,280.19708,285.59708,279.89706,279.99707,278.59708
283.39706,284.09708,285.59708,285.49707,287.29706,286.99707,286.49707,284.89706,286.29706,285.89706,285.69708,286.59708,286.59708,286.99707,284.09708,283.79706,282.49707,281.59708,282.49707,281.49707,280.69708,279.19708,280.59708,280.89706,279.79706,280.59708,277.69708,277.49707,276.89706,276.09708,277.19708,277.29706,277.19708,278.59708,277.29706,276.99707,278.19708,277.19708,268.59708,268.99707,267.09708
282.69708,283.79706,284.59708,284.69708,287.79706,288.69708,286.29706,287.09708,284.19708,286.29706,285.89706,285.19708,286.39706,287.09708,286.49707,284.89706,282.99707,281.59708,279.49707,280.29706,279.99707,280.49707,280.69708,280.89706,280.99707,280.09708,279.39706,279.69708,279.09708,277.99707,277.99707,279.49707,280.19708,280.09708,278.89706,278.09708,277.49707,274.49707,271.49707,269.79706,268.59708
281.69708,281.69708,281.79706,282.69708,283.69708,287.09708,287.19708,287.49707,284.49707,284.29706,283.79706,285.09708,286.49707,285.29706,286.19708,286.99707,283.99707,283.69708,280.89706,280.09708,280.09708,280.09708,279.89706,280.79706,280.59708,280.49707,278.69708,279.69708,279.69708,280.99707,281.49707,281.59708,280.09708,280.69708,279.39706,277.69708,275.89706,273.29706,272.69708,273.09708,270.69708
279.19708,280.79706,283.39706,280.29706,281.29706,282.39706,285.59708,285.19708,284.69708,285.29706,283.69708,283.09708,284.19708,283.19708,284.09708,283.79706,283.49707,282.49707,282.29706,281.99707,280.49707,279.09708,279.09708,278.99707,278.79706,278.29706,278.59708,280.69708,281.19708,280.99707,280.39706,279.89706,280.39706,277.99707,278.89706,277.79706,277.89706,277.89706,277.79706,277.19708,276.39706
279.49707,279.59708,280.79706,278.99707,280.29706,281.49707,284.39706,284.39706,284.09708,283.79706,280.99707,280.59708,282.69708,281.59708,282.79706,282.89706,283.99707,285.19708,285.09708,281.69708,281.09708,279.89706,278.29706,277.89706,279.19708,279.49707,279.99707,279.39706,280.09708,279.99707,279.79706,279.69708,279.29706,278.59708,278.09708,277.89706,276.79706,277.69708,276.29706,275.59708,276.49707
279.29706,280.49707,284.49707,281.49707,278.79706,278.99707,279.89706,282.99707,283.79706,283.39706,281.29706,280.09708,279.19708,281.59708,283.29706,283.49707,283.99707,283.69708,284.79706,283.89706,282.29706,280.89706,280.99707,280.69708,280.69708,280.59708,279.89706,280.39706,279.79706,279.59708,279.19708,278.89706,278.69708,278.19708,277.89706,277.29706,276.99707,276.69708,276.39706,276.59708,277.39706
282.19708,283.89706,284.99707,283.19708,282.39706,278.39706,279.69708,280.09708,282.39706,283.79706,282.89706,281.59708,279.89706,278.09708,280.19708,280.59708,281.29706,281.09708,281.69708,284.29706,281.59708,281.49707,281.19708,281.19708,281.09708,281.19708,280.99707,280.59708,280.19708,279.89706,279.89706,281.59708,278.99707,278.49707,278.69708,278.69708,278.19708,278.99707,280.19708,279.49707,277.39706
