wind_kz.json
{"header": {"discipline":0,"disciplineName":"Meteorological products","gribEdition":2,"gribLength":1102,"center":7,"centerName":"US National Weather Service - NCEP(WMC)","subcenter":0,"refTime":"2025-04-06T06:00:00.000Z","significanceOfRT":1,"significanceOfRTName":"Start of forecast","productStatus":0,"productStatusName":"Operational products","productType":1,"productTypeName":"Forecast products","productDefinitionTemplate":0,"productDefinitionTemplateName":"Analysis/forecast at horizontal level/layer at a point in time","parameterCategory":2,"parameterCategoryName":"UnknownDiscipline_0_Category_2","parameterNumber":2,"parameterNumberName":"UnknownParameter_D0_C2_2","parameterUnit":"Unknown","genProcessType":2,"genProcessTypeName":"Forecast","forecastTime":0,"surface1Type":103,"surface1TypeName":"Specified height level above ground","surface1Value":10.0,"surface2Type":255,"surface2TypeName":"Missing","surface2Value":0.0,"gridDefinitionTemplate":0,"gridDefinitionTemplateName":"Latitude_Longitude","numberPoints":615,"shape":6,"shapeName":"Earth spherical with radius of 6,371,229.0 m","gridUnits":"degrees","resolution":48,"winds":"true","scanMode":64,"nx":41,"ny":15,"basicAngle":0,"lo1":47.0,"la1":41.0,"lo2":87.0,"la2":55.0,"dx":1.0,"dy":1.0}, "data":
[rows 0 to 14 of 15, columns 0 to 40 of 41]
2.8917189,4.681719,-0.41828126,5.1317186,10.031719,12.091719,9.581718,8.721719,9.811719,7.4617186,7.911719,7.451719,6.0117188,2.6517189,-5.108281,-6.3882813,-6.398281,-4.978281,-5.9482813,-5.3682814,-8.238281,-2.8982813,-2.2382812,-3.6282814,-2.4282813,-0.5882813,0.49171874,0.65171874,0.53171873,-0.35828125,2.1517189,1.9217187,3.1817188,0.01171875,-2.5482812,-4.168281,-6.8882813,-5.568281,-4.208281,-2.8082812,-0.10828125
4.201719,-3.2382812,4.1917186,7.4617186,10.051719,10.771719,8.741718,6.2317185,5.3417187,7.911719,4.811719,1.5317187,-2.2882812,-5.568281,-6.818281,-7.588281,-4.5382814,-7.778281,-3.4982812,-6.5582814,-4.048281,-4.008281,-2.6382813,-0.6982812,-0.32828125,-0.32828125,-0.46828124,-0.28828126,0.56171876,0.27171874,0.32171875,1.4017187,1.4917188,2.0717187,1.2217188,-0.46828124,-1.7882812,-2.3282812,-1.5482812,0.02171875,-5.5182815
5.911719,8.721719,9.7517185,10.561719,9.0417185,6.0017185,6.891719,4.701719,3.0317187,2.2417188,-0.21828125,-6.1582813,-2.3582811,-6.3082814,-6.208281,-3.1582813,-2.3782814,-5.2382812,-4.228281,-6.0782814,-5.438281,-5.0382814,-4.0782814,-2.4382813,-1.9382813,-5.9682813,-5.108281,-4.958281,-1.7782812,-0.07828125,1.5217187,1.8917187,1.5917188,4.181719,2.4817188,0.87171876,0.84171873,-0.12828125,3.7617188,3.9917188,-0.19828124
8.281719,9.671719,8.511719,7.081719,5.201719,2.8917189,3.6917188,2.2017188,0.07171875,-3.8882813,-4.758281,-5.6982813,1.5617187,-2.9682813,-4.3682814,-1.8382813,-6.728281,-6.958281,-7.478281,-4.9982815,-3.1182814,-1.5982813,-4.6982813,-5.0382814,-5.798281,-5.9682813,-4.798281,-3.2582812,-1.4282813,-0.5182812,-0.45828125,1.6517187,1.9617188,2.2117188,2.6317186,3.8717186,1.5017188,2.8617187,-0.36828125,1.6317188,0.59171873
3.7817187,0.06171875,0.8517187,-4.4682813,-7.1182814,-8.588282,-8.048282,-7.128281,-9.858281,-7.9982815,-5.5382814,-4.688281,-2.3982813,-5.9682813,-7.5782814,-7.7482815,-6.958281,-5.918281,-5.5582814,-5.628281,-7.5382814,-6.318281,-5.5982814,-5.7682815,-5.188281,-3.8782814,-3.0382812,-3.3282812,-2.7082813,-1.6082813,-0.02828125,1.4017187,1.6817187,2.1217186,-2.2382812,-0.68828124,3.7317188,0.5517188,0.7917187,3.1317186,3.3717186
1.9517188,2.1517189,-0.73828125,-4.818281,-7.048281,-7.898281,-9.7082815,-9.438281,-11.198281,-8.628282,-8.168282,-4.2882814,-4.918281,-6.9982815,-6.438281,-5.3482814,-5.1182814,-5.1782813,-3.9482813,-3.4582813,-3.4782813,-4.2182813,-4.228281,-3.8982813,-3.6782813,-2.6782813,-3.6882813,-2.0482812,-2.2182813,-1.5182812,0.31171876,1.7917187,2.2217188,2.5417187,1.3017187,1.9517188,2.4517188,4.4217186,2.3817186,-2.1982813,-3.5982811
2.6717188,-3.2982812,-2.6782813,-4.5582814,-2.8082812,-2.4782813,-4.1582813,-2.3982813,-3.6282814,-3.2582812,-3.6882813,-4.7482815,-5.628281,-5.398281,-5.3482814,-3.9582813,-3.1582813,-3.8482811,-2.6882813,-2.6782813,-2.8682814,-3.2582812,-3.0982811,-2.0482812,-2.6082811,-2.1382813,-0.96828127,-0.6982812,0.04171875,0.8017188,1.5117188,1.5417187,0.64171875,0.58171874,-1.0682813,0.89171875,-0.6382812,0.24171875,1.1117188,0.20171875,-0.53828126
-1.2382812,-3.0182812,-1.6482812,-3.1582813,-4.548281,-4.4682813,-4.4082813,-2.3882813,-2.2082813,-3.6382813,-3.6682813,-3.5482812,-3.7082813,-4.5982814,-2.9882812,-2.9482813,-1.9082812,-1.7882812,-1.6882813,-2.0482812,-2.1382813,-2.0082812,-1.5982813,-0.48828125,-0.46828124,1.0317187,0.78171873,1.1817187,2.4217188,2.7817187,2.5017188,2.7117188,1.2417188,1.3817188,3.9317188,1.9617188,-0.90828127,2.0417187,5.221719,4.431719,3.0617187
-1.2082813,-2.2682812,-3.6382813,-4.648281,-4.9682813,-5.668281,-5.148281,-5.3282814,-5.068281,-4.4982815,-3.2882812,-1.9382813,-1.4082812,-1.3182813,-2.0182812,-1.6182812,-1.7182813,-0.91828126,-0.02828125,-0.43828124,-0.7782813,1.1817187,1.5717187,2.1917188,2.5517187,2.9617188,2.9017189,2.2917187,3.7117188,4.1517186,4.4417186,5.3017187,5.831719,4.721719,4.021719,0.03171875,-0.04828125,-1.0982813,0.37171876,0.00171875,0.46171874
-2.5082812,-1.5982813,-0.97828126,-0.71828127,-2.2882812,-2.7782812,-3.2682812,-3.4182813,-2.8482811,-2.7782812,-2.6082811,-1.6182812,-1.4082812,-0.65828127,1.9017187,0.68171877,1.1617187,1.4717188,1.4217187,2.0017188,3.9517188,4.791719,4.411719,4.311719,5.1117187,5.141719,5.331719,5.7817187,6.311719,6.8817186,7.1517186,5.6917186,3.5917187,3.9317188,2.7917187,0.48171875,-1.3482813,-0.68828124,1.6017188,1.1817187,-0.62828124
-0.26828125,-0.9582813,-0.47828126,0.88171875,-0.39828125,0.01171875,-0.07828125,0.30171874,0.29171875,0.89171875,0.88171875,1.5017188,1.2717187,1.2717187,1.7217188,2.6317186,2.6617188,3.5717187,4.061719,4.2117186,5.8417187,6.101719,6.491719,4.891719,5.4417186,5.8017187,5.3417187,7.391719,7.701719,7.431719,6.491719,6.3017187,4.851719,3.6217186,3.5117188,-0.09828125,0.44171876,1.5517187,0.32171875,0.39171875,0.87171876
0.64171875,0.8617188,1.5617187,2.7817187,3.1217186,1.7817187,1.2617188,0.87171876,1.0317187,0.24171875,1.0017188,2.5817187,2.8717186,4.181719,3.6517189,3.9317188,5.5917187,5.9017186,4.791719,5.541719,5.0517187,5.271719,5.101719,5.101719,5.7617188,7.081719,8.111719,8.841719,8.781719,7.601719,6.3417187,5.561719,4.491719,5.5717187,4.2517185,5.081719,7.0717187,7.1517186,3.6617188,1.3217187,-0.15828125
1.0817188,0.52171874,0.93171877,1.7717187,2.1117187,2.2617188,2.8717186,2.9517188,2.4517188,1.7017188,1.9417187,3.6117187,3.6817188,3.9417188,5.221719,4.621719,4.121719,4.831719,3.6817188,4.351719,4.621719,4.8417187,5.9017186,6.5717187,7.661719,7.271719,8.441719,7.101719,6.621719,6.5017185,6.6317186,6.661719,6.371719,5.701719,6.3217187,6.581719,7.0717187,4.8417187,5.7117186,4.9017186,4.5517187
-1.7782812,-1.7482812,-2.0582812,-1.4982812,-1.6882813,-1.1182812,-0.9582813,0.13171875,0.9717187,1.3817188,1.3217187,2.1917188,3.2017188,4.411719,4.221719,3.0817187,3.9117188,2.2317188,3.5717187,3.6317186,3.9917188,4.4617186,5.451719,5.371719,5.891719,5.8417187,5.891719,6.0117188,5.3417187,5.871719,5.831719,5.561719,5.471719,5.6917186,5.641719,5.371719,4.6117187,5.121719,4.9617186,4.911719,5.621719
-4.4282813,-5.668281,-5.028281,-4.728281,-4.2382812,-3.4982812,-3.5682812,-3.0682812,-3.1282814,-3.6882813,-0.09828125,1.0117188,0.77171874,-0.81828123,-1.6982813,-2.9482813,-1.1382812,0.23171875,1.2117188,2.5317187,3.3417187,4.0017185,4.1917186,4.851719,5.661719,5.371719,4.5517187,4.741719,5.121719,5.2317185,2.8517187,4.831719,5.2317185,5.2517185,6.2617188,6.061719,6.2617188,6.7517185,7.0517187,5.9417186,3.2217188
