wind_kz.json
{"header": {"discipline":0,"disciplineName":"Meteorological products","gribEdition":2,"gribLength":948,"center":7,"centerName":"US National Weather Service - NCEP(WMC)","subcenter":0,"refTime":"2023-09-07T06:00:00.000Z","significanceOfRT":1,"significanceOfRTName":"Start of forecast","productStatus":0,"productStatusName":"Operational products","productType":1,"productTypeName":"Forecast products","productDefinitionTemplate":0,"productDefinitionTemplateName":"Analysis/forecast at horizontal level/layer at a point in time","parameterCategory":0,"parameterCategoryName":"UnknownDiscipline_0_Category_0","parameterNumber":0,"parameterNumberName":"UnknownParameter_D0_C0_0","parameterUnit":"Unknown","genProcessType":2,"genProcessTypeName":"Forecast","forecastTime":120,"surface1Type":1,"surface1TypeName":"Ground or water surface","surface1Value":0.0,"surface2Type":255,"surface2TypeName":"Missing","surface2Value":0.0,"gridDefinitionTemplate":0,"gridDefinitionTemplateName":"Latitude_Longitude","numberPoints":615,"shape":6,"shapeName":"Earth spherical with radius of 6,371,229.0 m","gridUnits":"degrees","resolution":48,"winds":"true","scanMode":64,"nx":41,"ny":15,"basicAngle":0,"lo1":47.0,"la1":41.0,"lo2":87.0,"la2":55.0,"dx":1.0,"dy":1.0}, "data":
[rows 0 to 14 of 15, columns 0 to 40 of 41]
289.23526,283.03525,285.13525,297.73526,298.03525,296.53525,304.83527,310.03525,306.63525,308.13525,306.83527,307.53525,307.13525,307.13525,307.43524,308.63525,308.73526,306.53525,310.33527,308.73526,312.93524,307.93524,306.33527,308.33527,311.93524,309.73526,308.33527,301.23526,302.03525,300.33527,299.33527,296.23526,310.63525,319.73526,325.33527,327.33527,328.53525,326.93524,327.63525,327.73526,326.93524
274.03525,286.83527,297.03525,297.23526,297.33527,295.63525,292.23526,296.23526,297.13525,306.23526,307.53525,306.53525,308.03525,307.33527,310.43524,310.43524,311.63525,312.03525,311.13525,311.53525,311.73526,308.33527,305.03525,300.03525,295.13525,296.23526,306.13525,300.83527,302.33527,293.53525,302.43524,292.83527,302.73526,273.23526,296.73526,316.73526,316.93524,318.63525,322.53525,316.13525,286.23526
288.73526,296.73526,297.53525,297.33527,294.93524,295.63525,296.63525,301.13525,303.83527,303.83527,304.53525,307.03525,307.63525,308.53525,308.73526,311.33527,310.43524,309.93524,311.93524,311.93524,307.73526,307.73526,305.23526,298.73526,305.53525,304.23526,306.33527,305.73526,304.33527,299.53525,293.73526,296.53525,299.03525,302.23526,301.73526,299.43524,297.23526,299.53525,300.83527,298.13525,296.63525
300.43524,296.43524,297.53525,296.63525,295.43524,298.43524,299.13525,300.33527,304.23526,304.43524,302.83527,302.93524,293.63525,292.93524,303.83527,305.33527,303.73526,308.53525,309.83527,310.83527,306.63525,304.53525,305.33527,304.53525,304.23526,304.03525,305.83527,303.93524,305.23526,308.63525,308.63525,305.53525,310.43524,306.53525,306.33527,303.53525,297.23526,297.53525,301.23526,310.23526,308.73526
303.53525,294.93524,295.83527,294.43524,296.93524,298.13525,296.33527,300.53525,298.03525,300.63525,300.83527,301.73526,292.93524,291.83527,290.13525,303.33527,305.03525,303.03525,304.03525,303.83527,304.53525,304.93524,304.33527,302.13525,304.43524,302.93524,303.13525,300.93524,305.73526,305.83527,306.73526,304.93524,286.93524,289.63525,290.13525,308.33527,304.13525,317.43524,307.63525,306.63525,309.63525
302.73526,301.83527,293.83527,293.33527,293.83527,293.33527,301.53525,298.53525,296.23526,297.23526,298.83527,298.73526,293.53525,292.93524,295.93524,299.43524,299.93524,301.83527,295.73526,302.63525,303.33527,302.43524,303.13525,303.63525,298.13525,296.13525,292.73526,291.73526,298.63525,294.53525,303.83527,303.63525,304.13525,293.63525,291.43524,294.03525,285.83527,287.93524,302.53525,304.03525,303.73526
301.83527,299.03525,300.83527,300.53525,292.43524,294.73526,300.73526,299.73526,298.53525,297.83527,293.53525,292.03525,291.63525,295.63525,298.13525,298.23526,299.13525,299.23526,297.73526,294.43524,297.93524,295.23526,295.23526,297.33527,295.23526,299.43524,301.23526,293.33527,292.23526,291.83527,292.23526,293.63525,302.73526,303.33527,301.33527,291.33527,288.53525,286.53525,286.83527,294.83527,296.63525
300.03525,301.93524,295.03525,299.63525,296.53525,298.63525,293.23526,292.03525,291.43524,295.33527,297.93524,296.43524,297.53525,295.93524,296.93524,296.43524,297.83527,297.53525,297.63525,296.93524,295.03525,297.03525,298.33527,294.43524,293.63525,289.63525,287.43524,297.63525,290.23526,289.13525,288.43524,289.33527,292.03525,288.43524,299.03525,302.53525,302.13525,289.83527,301.73526,302.43524,288.93524
300.83527,299.33527,300.33527,300.13525,299.23526,300.03525,296.73526,300.23526,299.13525,297.83527,296.63525,296.33527,295.53525,296.33527,294.33527,293.63525,289.23526,287.63525,285.03525,284.23526,282.93524,283.93524,286.23526,290.23526,292.43524,292.13525,290.63525,284.43524,289.33527,292.13525,286.03525,289.93524,289.23526,290.33527,300.03525,298.83527,298.23526,294.13525,287.83527,282.83527,280.63525
294.63525,296.43524,300.63525,300.33527,299.93524,298.03525,298.83527,296.73526,295.73526,294.83527,294.23526,293.53525,286.93524,286.63525,293.43524,285.43524,285.83527,290.63525,288.73526,284.43524,285.03525,282.93524,283.33527,288.73526,288.53525,288.93524,288.63525,289.13525,290.13525,292.23526,292.53525,294.03525,290.13525,291.03525,292.43524,294.03525,293.93524,283.53525,288.43524,288.13525,282.83527
298.63525,298.33527,298.33527,297.03525,295.93524,295.43524,295.03525,294.83527,296.43524,295.63525,293.03525,285.23526,284.63525,284.43524,290.93524,294.33527,294.53525,295.53525,294.23526,293.53525,293.13525,289.73526,285.93524,287.53525,285.33527,291.13525,286.83527,293.73526,293.73526,296.13525,288.43524,288.53525,287.63525,288.33527,291.63525,290.03525,289.43524,288.63525,291.53525,289.33527,285.83527
295.43524,295.73526,295.23526,294.93524,295.13525,295.73526,294.53525,294.73526,295.03525,293.53525,286.33527,283.93524,284.83527,290.23526,289.83527,291.53525,288.63525,288.13525,284.33527,283.83527,283.03525,284.93524,283.03525,284.93524,284.83527,291.23526,291.13525,289.23526,289.93524,286.43524,285.23526,289.23526,287.93524,286.93524,287.63525,290.43524,296.23526,296.73526,297.53525,297.13525,294.23526
291.33527,293.83527,294.03525,293.83527,293.23526,292.73526,293.93524,295.33527,294.63525,285.53525,287.43524,286.13525,288.33527,287.53525,283.53525,285.63525,282.33527,282.53525,282.93524,283.53525,282.13525,282.03525,284.53525,283.33527,285.93524,283.63525,284.13525,283.63525,284.23526,285.33527,293.53525,294.33527,294.63525,295.63525,293.63525,290.53525,295.33527,296.03525,297.03525,293.13525,292.23526
291.73526,292.83527,290.73526,293.33527,293.23526,293.43524,292.83527,291.13525,288.03525,285.63525,284.43524,283.93524,286.43524,286.03525,285.73526,282.73526,282.13525,281.93524,286.53525,285.23526,286.33527,288.93524,289.73526,286.93524,283.93524,284.23526,283.23526,283.13525,283.23526,284.43524,289.83527,289.83527,290.93524,291.83527,290.93524,291.73526,291.13525,294.63525,294.63525,293.33527,292.43524
289.73526,292.53525,288.93524,292.53525,292.13525,292.23526,292.23526,289.63525,288.93524,289.13525,285.63525,284.23526,283.83527,284.83527,281.63525,281.73526,281.33527,281.73526,286.03525,287.53525,287.03525,285.13525,282.63525,283.23526,283.73526,283.03525,283.63525,283.53525,284.33527,284.43524,284.03525,284.23526,285.43524,286.43524,286.33527,286.13525,287.03525,293.33527,294.83527,295.53525,290.23526
