wind_kz.json
{"header": {"discipline":0,"disciplineName":"Meteorological products","gribEdition":2,"gribLength":1025,"center":7,"centerName":"US National Weather Service - NCEP(WMC)","subcenter":0,"refTime":"2023-08-25T12:00:00.000Z","significanceOfRT":1,"significanceOfRTName":"Start of forecast","productStatus":0,"productStatusName":"Operational products","productType":1,"productTypeName":"Forecast products","productDefinitionTemplate":0,"productDefinitionTemplateName":"Analysis/forecast at horizontal level/layer at a point in time","parameterCategory":2,"parameterCategoryName":"UnknownDiscipline_0_Category_2","parameterNumber":2,"parameterNumberName":"UnknownParameter_D0_C2_2","parameterUnit":"Unknown","genProcessType":2,"genProcessTypeName":"Forecast","forecastTime":0,"surface1Type":103,"surface1TypeName":"Specified height level above ground","surface1Value":10.0,"surface2Type":255,"surface2TypeName":"Missing","surface2Value":0.0,"gridDefinitionTemplate":0,"gridDefinitionTemplateName":"Latitude_Longitude","numberPoints":615,"shape":6,"shapeName":"Earth spherical with radius of 6,371,229.0 m","gridUnits":"degrees","resolution":48,"winds":"true","scanMode":64,"nx":41,"ny":15,"basicAngle":0,"lo1":47.0,"la1":41.0,"lo2":87.0,"la2":55.0,"dx":1.0,"dy":1.0}, "data":
[rows 0 to 14 of 15, columns 0 to 40 of 41]
-2.8904295,1.1595706,-0.6804294,-2.0904293,-1.4604294,-0.060429383,5.4995704,3.5795705,2.9795706,2.3495705,3.2895706,2.8295705,3.8995707,4.9295707,6.3795705,4.079571,5.2495704,6.1095705,5.4195704,3.1395707,3.1795707,-1.2304294,3.0295706,6.7895703,3.9295707,4.6695704,4.809571,4.8695707,1.0795707,0.23957062,-1.3804294,0.7595706,0.6195706,3.0695705,-0.14042938,-1.5304294,0.019570617,-1.8904294,1.1695706,0.8595706,-0.20042938
1.3695706,-0.26042938,-2.6604295,-0.9804294,0.3395706,2.6795707,3.5795705,1.9395707,4.0995708,4.8795705,3.3495705,5.96957,5.46957,5.27957,3.9195707,6.19957,6.92957,7.8395705,7.46957,6.92957,3.5095706,0.70957065,4.2395706,2.8195705,1.6695706,-0.7704294,0.8695706,0.9795706,-1.7404294,-0.6404294,1.6395706,0.34957063,-0.3704294,-0.08042938,0.7595706,5.2695704,1.3795706,1.1695706,-0.22042938,-0.53042936,-0.3804294
-4.0204296,-3.7404294,-1.2204294,1.7995706,3.1095705,8.18957,4.7295704,6.29957,5.3095703,4.4595704,4.3495708,4.3595705,5.29957,-1.0204294,4.249571,6.9195704,6.6295705,7.90957,7.00957,6.1895704,3.8695707,3.7795706,4.1895704,2.7795706,1.2495706,2.5395706,0.12957062,1.0895706,6.3495703,1.6695706,-0.05042938,-0.16042939,-1.1104294,-1.6504294,-2.7604294,-0.9404294,0.109570615,-1.4904294,2.7895706,-1.4904294,-1.4804294
-4.1604295,-1.4904294,1.0795707,2.9595706,6.8195705,2.6595707,3.4995706,5.40957,5.3995705,5.5995703,6.17957,6.54957,-4.1404295,-1.4504294,4.4795704,4.9095707,2.2695706,3.5395706,0.3695706,0.03957062,1.9295707,-2.9404294,-0.5804294,0.42957062,3.0195706,2.6795707,3.1795707,4.1595707,1.7795706,1.5895706,2.4295707,4.249571,-0.6704294,-0.7104294,1.4995706,2.4995706,0.5595706,-1.2704294,-2.5104294,-3.0304294,-2.3104293
4.9695706,2.0595706,1.8295707,2.7795706,3.1095705,5.67957,5.92957,6.7295704,5.6895704,6.21957,8.34957,9.41957,-0.6104294,-0.6904294,4.329571,6.3195705,-2.4504294,-1.5004294,-2.5604293,-3.6204293,-1.8304294,0.19957061,1.4295707,2.3395705,3.7795706,4.3195705,5.96957,-0.6304294,3.5295706,2.7895706,3.1695707,3.3395705,-0.15042938,-2.2204294,5.52957,-3.4704294,0.71957064,-1.8104293,-2.0204294,-1.1004294,-1.2504294
5.6195703,5.8495703,3.7195706,5.71957,4.8195705,5.7095704,7.2895703,8.17957,8.079571,5.8195705,6.71957,6.5395703,0.13957062,0.5795706,4.2795706,5.3095703,2.5195706,-0.17042938,-0.78042936,-1.1104294,-0.4704294,0.07957062,0.83957064,1.8595706,3.4795706,4.7395706,6.0195704,2.8395705,4.999571,6.3295703,6.0695705,4.2395706,2.3395705,3.2695706,-2.0704293,2.2195706,-0.070429385,1.4795706,-1.3404294,-1.0904294,0.96957064
6.54957,5.3195705,4.8395705,4.8995705,4.0495706,4.269571,5.65957,5.54957,6.48957,7.52957,5.63957,6.23957,6.88957,3.9995706,6.1095705,4.4895706,4.1495705,1.4695706,0.41957062,1.4395707,1.1295706,-0.8004294,0.6295706,1.9395707,3.3095706,2.6795707,4.6295705,5.6295705,6.17957,6.2095704,7.4995704,7.71957,7.1295705,6.38957,6.2895703,3.0795705,0.9895706,1.2695706,1.4395707,1.2395706,-0.6404294
3.8595705,5.27957,6.90957,5.8395705,6.2695704,6.38957,4.9395704,3.4795706,6.23957,5.63957,6.2495704,5.5695705,4.539571,4.7195706,5.6495705,3.4495707,3.4095707,2.5195706,1.7095706,2.8595705,2.0795705,1.9195706,1.8495706,-0.05042938,1.0295706,0.7495706,2.0895705,2.9695706,5.1695704,5.1295705,5.4395704,6.73957,6.42957,6.44957,5.48957,6.88957,-4.2404294,-3.0604293,-3.6804295,1.1095706,2.6695707
3.7695706,1.6695706,5.77957,5.8595705,1.3495706,1.4595706,1.8795706,4.6895704,1.9995706,4.9895706,6.21957,5.2895703,2.9795706,0.5395706,6.9395704,2.8895707,2.4695706,2.0695705,2.7795706,0.48957062,2.9895706,3.6795707,0.6095706,1.8795706,0.84957063,0.7995706,-2.1404295,0.34957063,-4.2938231E-4,0.6995706,-0.29042938,-1.7004294,-0.17042938,-0.48042938,0.13957062,1.5795707,-2.5004294,1.7495706,2.2895706,-1.0704293,0.89957064
1.4595706,0.11957062,-1.9004294,-1.0404294,-0.97042936,-0.9404294,-1.8104293,0.34957063,-0.040429384,7.6895704,2.9695706,-0.7304294,1.9695706,0.12957062,1.7995706,4.7795706,2.7795706,1.2395706,2.4495707,2.0495706,2.4195707,1.6295706,4.1095705,2.1695707,3.3795707,2.1195707,1.6495706,-1.9204293,2.0595706,1.2695706,1.4295707,3.1195707,3.4195707,4.2095704,5.2295704,5.2895703,1.9895706,-0.21042939,-0.22042938,0.13957062,0.9495706
-2.0304294,-1.4504294,-0.78042936,-0.54042935,0.3095706,0.24957062,0.3795706,-0.23042938,1.7495706,1.4695706,4.4595704,3.2395706,1.7395706,-1.4204293,0.14957061,0.009570617,-1.7304294,0.9495706,0.25957063,2.9195707,2.3195705,3.2895706,2.5995705,4.499571,3.2295706,3.7995706,2.7295706,1.1595706,2.8695707,3.2995706,5.0495706,2.5995705,4.269571,6.13957,6.4195704,6.0695705,2.0295706,-0.14042938,1.6095706,0.4995706,0.009570617
-1.7404294,-0.09042938,-0.8904294,-1.9504294,-1.4604294,-0.14042938,0.17957062,0.07957062,1.2495706,2.0995705,3.1895707,0.5795706,-0.4104294,3.4595706,3.2995706,3.0095706,3.2295706,3.4195707,2.1995707,8.279571,3.1995707,2.8895707,3.7195706,4.7095704,4.8595705,2.7795706,3.6495707,3.9195707,4.3895707,5.3695703,3.1995707,5.23957,3.4395707,6.1895704,6.00957,7.48957,5.98957,6.8295703,-0.19042939,-1.7904294,2.8595705
0.3695706,-2.6104293,0.52957064,0.5495706,2.9995706,1.7895706,2.3595705,1.4895706,0.9895706,0.26957062,0.48957062,2.2695706,1.9495707,2.3195705,2.0595706,3.5795705,0.9995706,0.9995706,1.0995706,0.77957064,2.5495706,3.8795707,5.4995704,3.8595705,3.2395706,3.4595706,4.5095706,5.2295704,5.8495703,5.50957,6.21957,5.9195704,4.4695706,6.7495704,7.67957,7.8695703,8.80957,5.40957,-2.6804295,-2.4404294,2.5595706
-1.4204293,-0.010429382,1.5295706,0.45957062,3.5895705,1.6195706,2.0695705,2.4895706,1.1395706,3.3295705,2.3795707,2.9595706,2.2395706,1.4495707,1.9895706,2.2995706,1.8595706,3.8395705,1.3595706,3.0295706,3.9795706,4.0095706,4.5995708,4.4395704,3.9895706,4.3595705,4.9695706,4.809571,4.8995705,6.3395705,4.1195707,2.1895707,3.5795705,6.04957,6.6295705,6.1895704,8.50957,4.579571,-2.2304294,-2.9504294,0.8595706
2.4295707,1.3795706,2.7595706,3.3995707,2.6195707,2.0595706,2.0895705,0.95957065,2.6995707,3.4595706,3.2495706,3.4695706,3.5095706,3.0195706,4.2995706,3.1495707,3.5295706,2.3195705,1.1795707,1.7195706,1.3495706,2.5895705,3.4695706,3.7095706,2.8595705,5.9795704,4.7595706,4.8995705,4.6295705,4.289571,3.1195707,3.5195706,3.2295706,4.4795704,5.73957,5.21957,7.9395704,1.8495706,-0.72042936,-0.7604294,-2.0204294
