wind_kz.json
{"header": {"discipline":0,"disciplineName":"Meteorological products","gribEdition":2,"gribLength":948,"center":7,"centerName":"US National Weather Service - NCEP(WMC)","subcenter":0,"refTime":"2023-08-24T18:00:00.000Z","significanceOfRT":1,"significanceOfRTName":"Start of forecast","productStatus":0,"productStatusName":"Operational products","productType":1,"productTypeName":"Forecast products","productDefinitionTemplate":0,"productDefinitionTemplateName":"Analysis/forecast at horizontal level/layer at a point in time","parameterCategory":0,"parameterCategoryName":"UnknownDiscipline_0_Category_0","parameterNumber":0,"parameterNumberName":"UnknownParameter_D0_C0_0","parameterUnit":"Unknown","genProcessType":2,"genProcessTypeName":"Forecast","forecastTime":60,"surface1Type":1,"surface1TypeName":"Ground or water surface","surface1Value":0.0,"surface2Type":255,"surface2TypeName":"Missing","surface2Value":0.0,"gridDefinitionTemplate":0,"gridDefinitionTemplateName":"Latitude_Longitude","numberPoints":615,"shape":6,"shapeName":"Earth spherical with radius of 6,371,229.0 m","gridUnits":"degrees","resolution":48,"winds":"true","scanMode":64,"nx":41,"ny":15,"basicAngle":0,"lo1":47.0,"la1":41.0,"lo2":87.0,"la2":55.0,"dx":1.0,"dy":1.0}, "data":
[rows 0 to 14 of 15, columns 0 to 40 of 41]
304.6433,292.74332,304.0433,299.6433,299.74332,298.6433,307.9433,314.0433,310.1433,310.6433,307.5433,307.9433,307.84332,308.4433,308.9433,310.84332,312.0433,312.24332,319.1433,317.1433,319.9433,312.9433,308.5433,313.74332,309.24332,314.34332,307.24332,303.24332,303.1433,296.34332,281.74332,278.1433,293.1433,307.74332,322.0433,327.1433,328.1433,324.24332,324.74332,327.0433,328.1433
289.9433,302.6433,299.24332,299.9433,299.74332,298.74332,312.6433,309.5433,307.34332,307.4433,307.0433,307.1433,307.0433,304.9433,305.1433,308.0433,310.24332,313.6433,314.1433,318.5433,321.0433,305.34332,307.4433,287.24332,280.0433,282.1433,308.4433,302.84332,301.84332,293.5433,299.24332,278.34332,286.74332,273.1433,286.9433,313.9433,312.84332,315.74332,322.74332,312.9433,285.84332
306.4433,299.1433,299.84332,299.6433,298.4433,309.1433,306.9433,307.1433,306.6433,305.74332,302.34332,305.34332,304.4433,306.6433,307.5433,307.9433,310.1433,303.5433,315.5433,316.74332,316.6433,313.6433,309.4433,297.74332,308.84332,304.5433,311.74332,302.4433,310.6433,304.34332,295.24332,296.9433,306.1433,300.9433,299.74332,303.5433,298.74332,298.24332,299.34332,297.5433,295.0433
310.0433,299.9433,299.84332,299.0433,299.24332,306.24332,306.0433,306.4433,307.1433,306.0433,304.84332,303.5433,295.6433,294.9433,304.9433,308.74332,308.0433,296.74332,299.4433,311.34332,310.4433,307.5433,312.74332,310.5433,296.0433,303.4433,313.1433,304.74332,304.84332,313.1433,320.0433,317.34332,316.1433,316.0433,315.84332,306.6433,299.9433,287.4433,302.74332,312.0433,319.5433
310.4433,299.84332,299.9433,299.74332,301.4433,306.0433,306.9433,306.84332,305.4433,305.24332,306.4433,303.5433,295.6433,294.1433,291.74332,307.1433,308.5433,306.4433,295.24332,308.84332,310.6433,311.6433,312.5433,313.6433,307.1433,295.24332,294.5433,301.0433,311.4433,310.74332,319.84332,316.5433,302.84332,294.5433,302.9433,314.6433,313.5433,326.0433,321.6433,318.6433,321.5433
308.1433,306.0433,297.6433,298.84332,299.5433,299.24332,308.0433,305.4433,304.24332,304.74332,304.24332,304.34332,295.84332,294.84332,297.84332,305.1433,307.1433,308.5433,308.1433,308.6433,309.6433,310.24332,312.6433,310.34332,311.9433,298.84332,305.24332,293.5433,303.6433,311.9433,310.24332,317.1433,320.74332,324.1433,312.34332,312.74332,303.84332,302.4433,321.74332,314.6433,314.6433
306.1433,306.5433,306.4433,306.9433,303.34332,305.4433,308.74332,304.74332,303.6433,303.6433,303.9433,303.24332,291.24332,289.6433,291.74332,292.5433,297.24332,298.6433,301.34332,298.84332,308.84332,309.1433,309.6433,310.5433,308.4433,305.1433,299.1433,303.9433,295.6433,305.24332,315.5433,315.4433,321.4433,321.0433,318.5433,314.34332,307.24332,299.0433,293.6433,293.9433,314.1433
302.4433,306.9433,304.9433,304.5433,304.4433,306.24332,305.24332,302.6433,299.6433,300.84332,301.9433,302.24332,290.1433,293.9433,289.4433,293.24332,294.24332,300.0433,305.9433,306.9433,304.4433,307.9433,309.1433,309.24332,308.6433,306.34332,303.5433,299.24332,300.24332,294.84332,307.74332,310.9433,313.84332,309.84332,313.84332,316.1433,316.1433,290.4433,313.5433,319.74332,314.6433
302.1433,302.9433,303.6433,303.0433,302.74332,303.0433,301.74332,302.1433,300.6433,299.5433,300.1433,300.4433,300.6433,304.74332,300.84332,300.24332,304.6433,305.4433,304.34332,291.0433,288.9433,288.74332,295.34332,291.24332,306.34332,305.74332,303.1433,300.5433,299.84332,295.9433,296.0433,305.4433,300.4433,307.4433,306.84332,305.6433,305.5433,310.84332,296.6433,296.6433,297.0433
290.1433,300.1433,301.74332,301.74332,301.24332,302.74332,302.24332,300.4433,298.84332,298.1433,297.9433,298.0433,298.84332,290.4433,302.34332,303.0433,302.5433,300.9433,304.0433,304.5433,289.24332,292.9433,293.24332,295.9433,289.4433,295.1433,306.0433,293.34332,293.84332,291.34332,292.6433,303.0433,307.6433,306.6433,307.84332,306.4433,302.34332,298.34332,302.0433,298.84332,297.0433
293.4433,291.24332,297.24332,296.1433,297.0433,294.5433,294.74332,299.5433,298.6433,297.74332,296.84332,297.5433,300.1433,298.4433,296.0433,299.0433,298.0433,292.34332,294.0433,299.84332,300.74332,291.74332,290.4433,293.74332,290.0433,287.1433,285.74332,291.74332,292.34332,293.4433,293.5433,297.5433,305.34332,304.6433,308.84332,306.9433,298.34332,298.5433,300.9433,296.74332,298.0433
294.34332,288.0433,285.84332,285.74332,285.84332,285.4433,285.34332,293.1433,295.74332,295.5433,293.0433,294.24332,297.1433,295.4433,297.1433,298.5433,299.1433,295.5433,298.24332,290.24332,290.24332,294.84332,298.0433,290.84332,286.34332,289.0433,290.4433,292.84332,297.1433,295.1433,298.1433,301.9433,300.5433,302.34332,300.34332,301.0433,301.6433,301.6433,299.24332,300.24332,297.9433
286.0433,287.34332,283.84332,284.9433,285.4433,283.0433,283.5433,290.74332,293.4433,291.6433,286.0433,288.34332,293.74332,292.6433,293.9433,299.4433,296.9433,297.34332,290.34332,296.6433,292.84332,295.1433,295.4433,294.0433,285.1433,285.84332,288.6433,292.34332,294.4433,298.84332,302.84332,299.9433,299.24332,301.5433,301.9433,299.1433,298.84332,298.24332,299.6433,298.4433,298.84332
285.74332,283.84332,288.84332,284.1433,284.6433,286.4433,288.84332,289.6433,291.34332,284.9433,282.4433,283.0433,289.6433,291.1433,290.84332,292.9433,295.84332,298.34332,300.5433,296.6433,295.9433,296.74332,297.0433,293.84332,296.1433,286.4433,285.24332,289.24332,290.74332,297.74332,300.0433,300.1433,297.84332,296.34332,297.6433,298.9433,296.6433,296.74332,298.6433,296.24332,297.9433
284.0433,284.4433,290.9433,284.1433,283.24332,284.9433,285.4433,285.5433,285.84332,284.5433,282.1433,281.0433,279.5433,285.34332,287.84332,292.4433,293.1433,294.5433,296.84332,298.6433,293.0433,294.34332,298.84332,296.6433,298.24332,294.1433,292.6433,285.0433,286.4433,290.6433,292.34332,292.34332,298.5433,296.84332,296.4433,297.24332,297.84332,295.9433,297.6433,300.4433,298.84332
