wind_kz.json
{"header": {"discipline":0,"disciplineName":"Meteorological products","gribEdition":2,"gribLength":1102,"center":7,"centerName":"US National Weather Service - NCEP(WMC)","subcenter":0,"refTime":"2023-08-22T06:00:00.000Z","significanceOfRT":1,"significanceOfRTName":"Start of forecast","productStatus":0,"productStatusName":"Operational products","productType":1,"productTypeName":"Forecast products","productDefinitionTemplate":0,"productDefinitionTemplateName":"Analysis/forecast at horizontal level/layer at a point in time","parameterCategory":2,"parameterCategoryName":"UnknownDiscipline_0_Category_2","parameterNumber":2,"parameterNumberName":"UnknownParameter_D0_C2_2","parameterUnit":"Unknown","genProcessType":2,"genProcessTypeName":"Forecast","forecastTime":240,"surface1Type":103,"surface1TypeName":"Specified height level above ground","surface1Value":10.0,"surface2Type":255,"surface2TypeName":"Missing","surface2Value":0.0,"gridDefinitionTemplate":0,"gridDefinitionTemplateName":"Latitude_Longitude","numberPoints":615,"shape":6,"shapeName":"Earth spherical with radius of 6,371,229.0 m","gridUnits":"degrees","resolution":48,"winds":"true","scanMode":64,"nx":41,"ny":15,"basicAngle":0,"lo1":47.0,"la1":41.0,"lo2":87.0,"la2":55.0,"dx":1.0,"dy":1.0}, "data":
[rows 0 to 14 of 15, columns 0 to 40 of 41]
-0.10585632,1.5341437,-1.5658563,-4.6458564,-6.675856,-7.0458565,-7.9758563,-8.875856,-9.425857,-7.2058563,-7.2558565,-7.095856,-6.9158564,-6.9758563,-6.6258564,-6.1458564,-5.6858563,-6.4358563,-5.3758564,-3.7058563,-1.1158563,1.2141436,2.6341436,3.2641437,0.49414366,-0.7258563,2.8941436,6.174144,2.0241437,2.6041436,3.9441438,2.3441436,0.93414366,-1.7258563,0.26414368,-0.29585633,2.1941438,-2.0558562,-2.7158563,-3.3558564,-4.5458565
-0.47585633,-3.0158563,-5.595856,-7.845856,-7.6658564,-5.2658563,-6.0858564,-7.9958563,-6.9158564,-6.0858564,-6.0458565,-5.4858565,-4.8958564,-5.4758563,-5.7858562,-6.1458564,-5.305856,-5.055856,-3.4058564,-1.6458564,0.11414368,-1.5258564,0.88414365,3.8641436,1.7841437,0.07414368,1.1741437,2.6341436,4.5241437,2.1441436,2.4941437,2.1641436,2.1541436,0.47414368,0.20414367,-4.7258563,-4.0858564,-4.0858564,-0.03585632,-3.2958562,-1.7458563
-2.7058563,-6.6458564,-7.5458565,-7.675856,-7.2758565,-5.7358565,-5.7158566,-4.695856,-5.0158563,-4.2658563,-3.6458564,-3.9658563,-4.155856,-4.7958565,-5.0358562,-5.6858563,-6.0258565,-4.5158563,-3.0358562,-2.3858564,-0.9558563,-0.13585633,-5.135856,-5.7858562,-1.1158563,-2.4058564,-1.6558564,-0.10585632,3.8641436,-0.8458563,1.7441437,-2.1858563,-0.10585632,-0.025856324,-4.2758565,-1.2258563,1.1741437,-1.9958563,2.3941436,0.10414368,3.0141437
-6.4758563,-7.905856,-7.4158564,-7.0458565,-4.5258565,-3.8358564,-3.1158564,-1.8458563,-1.6758564,-1.4458563,-1.3558563,-1.5658563,-2.4958563,-1.6658564,-2.4658563,-3.6358564,-3.9058564,-4.5058565,-4.7658563,-4.7358565,-6.2358565,-7.885856,-3.0458562,-3.7558563,-3.6458564,-3.1258564,-2.2158563,-2.2758563,-1.1658564,0.0141436765,2.0041437,2.4641438,6.8541436,4.844144,4.2241435,4.3541436,1.4641436,1.7541437,-2.4858563,2.0941436,5.0041437
-7.5258565,-7.4858565,-6.4558563,-3.6858563,-1.9658563,-1.0358564,0.7041437,1.5041437,1.5641437,2.6041436,2.5241437,1.0641437,-0.5258563,-0.36585632,0.7641437,-0.10585632,-1.4158564,-1.8958564,-3.8458564,-3.3458564,-4.2458563,-4.5258565,-4.4658566,-4.2158566,-3.9258564,-3.0758562,-4.0858564,-1.4558563,-1.7158563,-0.7658563,0.20414367,1.6741437,3.2041438,4.424144,-4.865856,-1.4258564,-3.3058562,-1.2958564,-3.4958563,-0.69585633,-3.4358563
-5.6258564,-4.3358564,-3.9258564,-4.0458565,-3.3958564,-2.8558564,-0.055856325,1.0341437,2.5841436,5.2541437,6.0841436,4.7841434,2.6141436,1.5541437,1.8941437,2.2241437,1.5841436,-0.5258563,-0.9558563,-2.5758562,-4.095856,-4.1258564,-4.2758565,-4.365856,-4.3758564,-4.7358565,-4.425856,-4.4358563,-2.6558564,-2.4158564,-3.1058564,-2.6458564,-0.5858563,-0.015856324,4.4141436,1.7041436,3.3541436,3.4841437,11.144143,-0.25585634,-2.2258563
-4.9558563,-4.9358563,-3.5158563,-2.1858563,-1.5958563,-0.74585634,-1.5858563,-0.29585633,1.4841437,2.8441436,4.4641438,5.7241435,4.9641438,4.0641437,0.33414367,1.7041436,-1.3258563,-1.1758564,0.69414365,-1.5758563,-1.4758563,-3.2158563,-2.3458564,-1.5058563,-2.2758563,-1.6858563,-1.7358563,-1.7858564,-2.4158564,-2.0358562,-2.1358564,-1.5958563,-0.4058563,1.4441437,5.614144,4.1241436,2.8241436,-1.8358563,4.074144,-0.56585634,3.0841436
-3.2858562,-3.0958564,-4.115856,-4.155856,-3.2158563,-2.4458563,-1.2258563,0.23414367,1.4741436,2.9341438,3.6341436,2.6441436,0.16414368,-3.0358562,-5.0658565,-4.2258563,-3.4158564,-1.9458563,-2.0658562,-1.8358563,-1.5158563,-1.1758564,-0.81585634,-0.005856323,0.8341437,0.29414368,-0.19585632,0.15414368,0.4041437,-0.35585633,0.44414368,0.5841437,0.87414366,-0.94585633,-0.19585632,0.86414367,4.1441436,5.884144,7.4541435,7.864144,4.2641435
-4.2658563,-4.2158566,-3.8858564,-3.1858563,-2.6058564,-2.1758564,-1.3458563,-0.055856325,0.024143677,-1.1058563,-3.7958562,-5.7758565,-6.825856,-6.825856,-5.7058563,-3.9958563,-3.4558563,-1.6458564,-2.7358563,-1.7858564,1.2541437,1.7141436,0.084143676,0.11414368,1.2241436,1.4241437,2.4941437,2.2741437,2.0641437,2.2041438,1.9141437,1.3241436,1.8941437,1.3841437,2.6241436,3.2141438,1.2741437,1.9941437,3.5941436,2.3941436,3.8541436
-4.4758563,-4.1858563,-3.2358563,-2.6658564,-2.4158564,-2.4958563,-1.6358563,-1.6858563,-2.2258563,-3.2058563,-4.9158564,-5.7658563,-5.6858563,-5.1658564,-3.7558563,-2.4058564,-1.5558563,-0.16585632,0.48414367,1.2741437,1.1341437,0.48414367,0.5941437,1.3841437,2.6541436,2.9541438,1.4241437,2.8041437,2.0541437,1.4941437,1.8041437,2.6541436,2.7641437,4.4541435,4.5341434,3.2641437,2.1241436,2.3641436,3.3241436,1.7841437,1.7541437
-3.3258562,-3.8458564,-3.9058564,-3.6658564,-3.4258564,-2.9958563,-2.0458562,-2.7758563,-3.5558562,-4.385856,-4.9858565,-5.055856,-4.115856,-4.075856,-3.3358564,-2.6858563,-1.9158564,-1.2858564,-0.69585633,-0.62585634,0.2541437,1.0741436,0.26414368,0.034143675,0.7141437,0.23414367,1.2841437,0.4041437,0.8541437,2.3541436,3.2641437,3.1941438,4.7541437,4.9941435,4.0041437,3.2741437,1.2041436,1.5341437,0.88414365,1.6941437,2.5541437
-2.8958564,-2.6458564,-2.6758564,-2.3958564,-2.7958562,-1.5358564,-1.8058563,-0.9058563,-2.4558563,-2.7058563,-2.6558564,-3.0458562,-3.0658562,-2.6358564,-1.6258563,-1.1858563,-1.3958564,-1.1758564,-0.68585634,-1.3458563,-0.75585634,-0.32585633,0.94414365,1.2141436,0.6041437,0.94414365,1.5341437,1.5841436,2.1341436,2.9941437,2.8441436,5.1041436,3.6241436,3.4841437,5.594144,4.4841437,5.8941436,6.5041437,5.054144,4.5641437,2.3941436
-1.1158563,-1.3858563,-1.7158563,-1.9958563,-1.6858563,0.044143677,0.3141437,0.49414366,0.5341437,-1.0158563,-1.0558563,-0.07585632,0.084143676,0.68414366,0.62414366,1.1141437,1.5641437,2.0941436,1.8541436,2.7041438,3.0341437,2.8641436,2.4241438,2.0341437,2.0541437,2.6941438,3.2341437,2.9741437,3.6841438,3.7241437,4.4841437,4.824144,4.8541436,4.0441437,3.9741437,4.364144,3.5241437,3.1541436,6.6241436,6.9641438,3.5741436
1.2441437,-0.095856324,-1.1358563,-0.81585634,-0.11585632,0.7941437,1.6441437,1.5841436,1.3741437,1.3941437,0.93414366,0.9141437,1.5441437,3.2541437,1.9341437,2.2041438,2.9641438,3.2241437,3.1441436,2.8641436,3.0041437,3.2741437,3.2141438,3.5741436,3.2641437,3.6341436,2.6541436,3.9841437,3.6841438,3.4541438,3.3341436,3.0841436,4.9741435,6.7341437,3.8041437,4.7241435,3.5841436,3.2241437,5.2741437,2.2841437,6.4341435
-1.3658563,-2.4458563,-1.4858563,-0.44585633,1.0041437,2.3641436,2.0641437,2.4341438,2.4841437,2.0341437,0.80414367,2.1541436,1.4241437,0.7941437,2.7141438,3.3241436,3.5941436,4.3541436,4.444144,4.8141437,3.8441436,4.4941435,4.8941436,4.9741435,5.5041437,5.554144,6.634144,5.8541436,5.7341437,5.654144,6.3741436,5.7241435,5.054144,4.9641438,5.574144,5.0241437,5.7441435,5.7341437,3.7041438,5.8541436,3.8141437
