wind_kz.json
{"header": {"discipline":0,"disciplineName":"Meteorological products","gribEdition":2,"gribLength":871,"center":7,"centerName":"US National Weather Service - NCEP(WMC)","subcenter":0,"refTime":"2023-09-28T00:00:00.000Z","significanceOfRT":1,"significanceOfRTName":"Start of forecast","productStatus":0,"productStatusName":"Operational products","productType":1,"productTypeName":"Forecast products","productDefinitionTemplate":0,"productDefinitionTemplateName":"Analysis/forecast at horizontal level/layer at a point in time","parameterCategory":0,"parameterCategoryName":"UnknownDiscipline_0_Category_0","parameterNumber":0,"parameterNumberName":"UnknownParameter_D0_C0_0","parameterUnit":"Unknown","genProcessType":2,"genProcessTypeName":"Forecast","forecastTime":240,"surface1Type":1,"surface1TypeName":"Ground or water surface","surface1Value":0.0,"surface2Type":255,"surface2TypeName":"Missing","surface2Value":0.0,"gridDefinitionTemplate":0,"gridDefinitionTemplateName":"Latitude_Longitude","numberPoints":615,"shape":6,"shapeName":"Earth spherical with radius of 6,371,229.0 m","gridUnits":"degrees","resolution":48,"winds":"true","scanMode":64,"nx":41,"ny":15,"basicAngle":0,"lo1":47.0,"la1":41.0,"lo2":87.0,"la2":55.0,"dx":1.0,"dy":1.0}, "data":
[rows 0 to 14 of 15, columns 0 to 40 of 41]
288.7416,281.5416,283.0416,293.1416,293.2416,292.3416,289.7416,291.2416,289.4416,290.5416,289.4416,290.3416,290.0416,289.6416,290.3416,288.8416,288.1416,288.4416,284.9416,286.2416,287.7416,284.4416,283.5416,280.1416,285.6416,288.8416,286.7416,272.7416,272.1416,273.8416,272.4416,273.8416,283.1416,287.2416,288.3416,288.5416,288.7416,287.2416,286.7416,286.3416,284.7416
267.4416,283.0416,292.7416,293.0416,292.9416,291.3416,289.7416,289.2416,288.0416,287.3416,288.5416,288.5416,289.6416,288.8416,287.7416,287.9416,286.0416,285.2416,286.8416,286.1416,285.7416,285.8416,286.6416,279.5416,271.0416,275.8416,283.1416,276.9416,278.2416,273.7416,278.2416,270.4416,274.7416,256.4416,272.0416,284.6416,283.4416,285.3416,287.7416,280.9416,283.4416
284.4416,292.3416,292.8416,292.5416,290.7416,289.8416,288.7416,287.1416,286.7416,286.2416,285.8416,286.9416,286.9416,287.7416,288.7416,287.3416,285.5416,285.9416,285.8416,285.9416,288.9416,286.5416,285.3416,282.3416,283.5416,283.8416,285.2416,287.4416,286.2416,278.7416,272.9416,275.1416,280.2416,278.4416,279.4416,279.5416,271.6416,272.0416,272.0416,269.6416,270.1416
286.4416,291.6416,292.4416,291.7416,289.7416,288.8416,288.7416,287.2416,286.9416,286.3416,285.5416,286.0416,289.8416,289.1416,288.2416,287.0416,287.1416,285.9416,285.9416,286.3416,288.0416,282.2416,284.6416,286.2416,285.8416,286.6416,285.4416,285.3416,283.5416,283.6416,285.3416,285.0416,287.1416,285.2416,285.9416,282.8416,271.1416,265.4416,274.2416,279.7416,282.8416
290.1416,290.8416,291.5416,290.5416,289.2416,288.4416,289.6416,288.1416,287.8416,287.3416,287.0416,285.8416,288.6416,287.4416,286.1416,287.3416,287.2416,286.4416,285.2416,287.1416,287.0416,286.7416,285.7416,285.4416,285.1416,284.7416,283.5416,283.2416,281.7416,282.5416,285.2416,282.6416,275.1416,265.9416,275.8416,282.1416,286.1416,285.8416,285.6416,286.0416,285.4416
290.0416,286.7416,289.6416,290.6416,290.6416,290.0416,289.3416,290.0416,288.6416,288.6416,288.3416,287.9416,288.2416,288.4416,287.7416,287.2416,287.9416,286.9416,286.9416,286.0416,286.0416,285.0416,284.5416,284.0416,283.2416,281.9416,281.7416,286.5416,283.4416,284.1416,282.4416,284.7416,282.7416,282.5416,282.8416,285.9416,277.5416,278.0416,282.8416,284.1416,284.2416
285.4416,285.8416,288.0416,290.2416,288.8416,289.0416,291.1416,291.2416,291.1416,288.8416,287.2416,287.0416,287.2416,287.3416,287.2416,288.1416,287.2416,287.6416,287.2416,286.6416,285.3416,285.7416,284.9416,284.6416,283.3416,283.0416,281.8416,283.7416,282.5416,283.1416,283.1416,283.4416,283.6416,284.4416,283.2416,282.1416,279.2416,276.6416,272.6416,272.3416,280.7416
284.1416,284.5416,285.5416,286.6416,286.4416,285.8416,287.8416,288.7416,288.5416,286.3416,285.6416,285.6416,285.3416,288.1416,286.0416,286.3416,286.5416,287.0416,286.8416,285.1416,284.9416,284.7416,284.7416,283.7416,282.1416,278.9416,279.6416,280.8416,279.6416,281.0416,279.9416,280.2416,280.5416,278.5416,278.5416,278.8416,280.1416,285.0416,280.4416,280.4416,278.0416
281.1416,281.4416,282.2416,282.3416,283.9416,284.0416,283.0416,283.4416,282.8416,282.0416,282.6416,283.0416,282.7416,283.9416,283.8416,285.0416,284.9416,284.5416,284.6416,284.3416,282.4416,282.9416,283.7416,283.0416,281.5416,281.1416,278.6416,277.4416,276.8416,275.9416,277.4416,277.2416,277.9416,278.5416,277.5416,277.6416,278.4416,277.6416,269.9416,269.9416,265.9416
278.6416,279.5416,279.7416,280.2416,280.3416,280.4416,280.2416,280.5416,280.7416,279.6416,279.7416,279.7416,280.4416,281.0416,281.1416,281.8416,282.1416,281.8416,282.0416,282.8416,282.9416,283.6416,284.4416,285.8416,284.3416,281.8416,280.6416,279.6416,279.6416,279.3416,278.4416,280.5416,280.9416,280.2416,278.8416,278.4416,278.0416,274.6416,270.8416,271.8416,269.8416
277.2416,276.8416,278.0416,278.2416,278.5416,278.1416,278.6416,278.4416,278.2416,278.3416,278.4416,278.1416,279.5416,278.7416,279.3416,280.0416,280.3416,280.7416,280.8416,280.6416,280.7416,280.8416,281.4416,281.7416,281.5416,283.2416,280.4416,283.3416,283.1416,284.6416,283.3416,282.8416,281.8416,282.3416,281.0416,279.0416,276.2416,273.9416,271.9416,273.3416,271.5416
276.3416,277.5416,276.8416,276.4416,276.2416,276.3416,275.9416,275.9416,276.9416,276.8416,275.6416,277.0416,278.7416,278.1416,279.4416,280.2416,282.6416,279.7416,279.6416,279.7416,279.6416,279.0416,278.9416,279.2416,279.2416,280.1416,280.2416,281.6416,282.4416,284.0416,283.6416,284.6416,285.5416,282.1416,282.0416,280.8416,280.6416,279.5416,279.0416,278.3416,277.1416
277.4416,276.6416,277.5416,276.9416,277.7416,277.0416,275.3416,275.1416,274.8416,275.4416,274.9416,273.0416,276.8416,277.1416,278.4416,278.7416,278.7416,278.0416,279.2416,280.6416,282.7416,281.4416,277.3416,276.4416,277.9416,278.9416,280.4416,280.7416,281.3416,281.5416,282.5416,284.7416,284.9416,285.1416,284.7416,283.2416,281.7416,280.8416,279.0416,278.2416,277.9416
277.2416,278.1416,281.7416,278.6416,277.6416,277.1416,276.7416,276.8416,276.2416,275.7416,275.5416,273.3416,274.3416,276.6416,277.3416,278.3416,278.0416,277.8416,278.9416,280.3416,281.7416,281.6416,281.4416,280.3416,277.8416,278.2416,278.4416,279.2416,279.0416,280.1416,282.9416,282.9416,283.9416,283.5416,284.0416,283.1416,282.7416,281.4416,278.7416,278.1416,278.3416
277.7416,279.3416,284.4416,279.1416,278.3416,277.6416,278.8416,277.2416,277.6416,276.9416,276.6416,275.3416,275.5416,275.3416,276.4416,278.3416,277.9416,278.0416,277.8416,277.9416,278.7416,278.0416,276.9416,275.8416,275.3416,275.9416,276.2416,276.8416,277.6416,277.9416,281.9416,282.0416,281.8416,282.6416,283.2416,283.4416,283.2416,282.2416,283.0416,280.5416,279.3416
