wind_kz.json
{"header": {"discipline":0,"disciplineName":"Meteorological products","gribEdition":2,"gribLength":1025,"center":7,"centerName":"US National Weather Service - NCEP(WMC)","subcenter":0,"refTime":"2025-04-05T12:00:00.000Z","significanceOfRT":1,"significanceOfRTName":"Start of forecast","productStatus":0,"productStatusName":"Operational products","productType":1,"productTypeName":"Forecast products","productDefinitionTemplate":0,"productDefinitionTemplateName":"Analysis/forecast at horizontal level/layer at a point in time","parameterCategory":2,"parameterCategoryName":"UnknownDiscipline_0_Category_2","parameterNumber":2,"parameterNumberName":"UnknownParameter_D0_C2_2","parameterUnit":"Unknown","genProcessType":2,"genProcessTypeName":"Forecast","forecastTime":180,"surface1Type":103,"surface1TypeName":"Specified height level above ground","surface1Value":10.0,"surface2Type":255,"surface2TypeName":"Missing","surface2Value":0.0,"gridDefinitionTemplate":0,"gridDefinitionTemplateName":"Latitude_Longitude","numberPoints":615,"shape":6,"shapeName":"Earth spherical with radius of 6,371,229.0 m","gridUnits":"degrees","resolution":48,"winds":"true","scanMode":64,"nx":41,"ny":15,"basicAngle":0,"lo1":47.0,"la1":41.0,"lo2":87.0,"la2":55.0,"dx":1.0,"dy":1.0}, "data":
[rows 0 to 14 of 15, columns 0 to 40 of 41]
2.2337403,-0.5862598,1.5537403,4.6537404,5.9837403,5.2937403,5.4637403,5.7537403,6.8637404,6.58374,5.45374,2.7137403,-1.8162597,-0.8262598,0.89374024,0.38374025,-0.41625977,1.8937402,2.7137403,-1.6762598,-3.7462597,-3.1462598,-3.5062597,-3.3062599,-0.22625977,-2.2162597,-3.3562598,-0.62625974,1.7237402,1.4837402,-1.2562598,0.35374025,0.20374024,1.7837403,0.24374023,3.4137402,2.2637403,-1.1962597,-2.7862597,-3.9162598,-0.74625975
2.8137403,2.0337403,3.3837402,4.45374,6.7937403,6.9037404,6.8637404,3.8437402,6.72374,6.51374,2.7437403,1.8337402,-2.4462597,-0.07625976,1.3737402,2.3537402,4.1337404,1.8137403,-0.30625975,-2.6462598,-3.1162598,-1.1262598,-1.1662598,-4.3262596,0.50374025,1.3137403,-0.7762598,1.4637402,-1.0862597,-1.1262598,-0.24625976,-0.8862598,2.7337403,-3.2262597,-0.34625977,-0.28625977,-0.86625975,1.1937402,-1.2462598,4.58374,5.66374
0.52374023,3.4137402,4.60374,5.5237403,6.70374,5.5637403,5.64374,6.2337403,5.9837403,3.7237403,3.1137402,-0.25625977,-1.1662598,0.34374022,2.7937403,4.3637404,3.3237402,3.8437402,3.1137402,-1.8362597,-3.2962599,-3.5862598,-3.1862597,-2.2762597,0.07374024,-0.18625976,-1.9262598,-2.8662598,-3.2462597,-0.61625975,-1.9262598,2.6837401,-0.5962598,-1.3662598,0.13374023,-1.6762598,-1.4462597,0.20374024,-1.5062598,-0.066259764,1.0737402
2.6937401,6.5637403,6.4237404,5.4637403,5.1137404,4.43374,5.0637403,3.9237401,-0.13625976,0.7837402,2.9137402,2.3537402,-0.42625976,1.9037403,3.1237402,3.6137402,3.5137403,3.8837402,1.6637403,-1.9662597,-2.5062597,0.9237402,-4.1362596,-2.7662597,-1.9262598,-2.5162597,-3.0262597,-2.6162598,-1.6562598,-2.9362597,-2.6962597,-9.28626,-4.5362597,-2.8662598,-3.0862598,-2.7362597,-1.9762597,1.1337402,0.9737402,0.26374024,-0.32625976
4.01374,8.21374,5.8137403,5.3637404,6.1537404,4.55374,5.12374,2.6337402,1.0037402,0.74374026,2.7437403,3.0637403,-0.33625975,2.9237401,3.2237403,1.0137402,2.0437403,-0.68625975,-1.6562598,-1.9362597,-3.5762599,-5.23626,-4.44626,-3.8662598,-4.8062596,-4.8262596,-6.54626,-2.6962597,-4.52626,-5.2462597,-3.5462599,-3.5862598,-3.4162598,-0.72625977,0.36374024,0.55374026,-2.2662597,-2.3262599,-2.4362597,-2.9462597,-3.8962598
4.30374,5.32374,5.26374,6.20374,6.3837404,5.5937405,4.5437403,3.6337402,-0.036259767,1.3537402,2.2737403,2.1537402,1.4137403,0.38374025,-0.50625974,0.25374022,2.0237403,-7.16626,-4.08626,-3.2262597,-4.69626,-3.3862598,-3.9262598,-4.91626,-4.8062596,-6.0362597,-4.5362597,-2.8862598,-3.6862597,-3.7162597,-3.5162597,-2.1562598,-3.9962597,-2.0462599,-0.29625976,-6.2462597,-0.8862598,-3.4562597,0.9737402,-1.8862598,-3.8462598
6.60374,5.9437404,5.2537403,4.4437404,5.47374,5.4837403,4.55374,3.1737401,-1.7762598,-1.0062598,0.5937402,-2.1062598,-0.8862598,-1.2762598,-2.9462597,-1.5562598,1.2337402,-6.9762597,0.7137402,-4.0962596,-3.9162598,-2.9862597,-4.52626,-5.10626,-4.8062596,-4.9362597,-4.37626,-3.6962597,-3.6262598,-3.8962598,-5.2462597,-8.46626,-2.3262599,-4.5362597,-4.2862597,-4.96626,-1.4762597,2.5437403,-3.8462598,2.2637403,0.64374024
4.49374,3.0937402,5.8137403,4.99374,5.57374,5.3137403,5.9437404,3.5237403,0.19374023,-0.6462598,-1.9262598,-3.3762598,-2.4462597,-4.81626,-4.6362596,-3.6062598,-4.3262596,-6.3862596,0.51374024,-5.1862597,-4.04626,-3.6362598,-3.5662599,-3.2362597,-2.5962598,-1.9162598,-3.6262598,-3.3262599,-3.4162598,-3.9062598,-4.3262596,-4.23626,-2.1362598,-1.1362598,-2.3862598,-1.2562598,-3.0162597,-3.3562598,-4.73626,-4.1362596,-2.4762597
3.3837402,2.8637402,3.7137403,3.4437401,5.2337403,5.6337404,2.9037402,0.9837402,-0.10625976,-2.3162599,-3.2962599,-3.8762598,-4.8862596,-4.46626,-5.77626,-4.19626,-5.7862597,-8.46626,-0.19625977,-5.6562595,-7.3262596,-3.8662598,-2.3762598,-3.2162597,-2.7762597,-3.1362598,-2.3362598,-2.5862598,-1.7762598,-1.6962597,-1.9362597,0.013740234,0.9037402,-1.0062598,-1.6462598,-1.7362598,-0.55625975,-2.2962599,-2.0062597,0.053740233,-2.4862597
2.2037401,2.3637402,2.5937402,3.1137402,4.2537403,4.0237403,-0.50625974,-2.2562597,-2.5462599,-4.2462597,-5.4762597,-7.1162596,-5.42626,-5.10626,-5.92626,-4.9562597,-6.7262597,-5.94626,-6.71626,-5.23626,-9.26626,-5.94626,-5.5562596,-5.5162597,-3.9262598,-3.3262599,-4.3462596,-2.4162598,-1.1262598,-0.62625974,0.50374025,1.7237402,2.7837403,0.47374022,-1.2762598,-1.5062598,-2.4062598,-0.41625977,-0.68625975,0.5937402,-1.7262597
1.0437403,1.4937402,1.5137402,1.2237402,3.2537403,3.2137403,-2.0462599,-4.2062597,-5.2262597,-6.25626,-6.6362596,-6.8462596,-5.83626,-7.98626,-6.7862597,-6.1862597,-7.02626,-6.0362597,-7.6862597,-8.24626,-7.8462596,-7.64626,-6.7662597,-6.54626,-6.17626,-5.71626,-5.3062596,-3.8262599,-2.3062599,0.68374026,1.8537402,1.4737402,1.1937402,1.1637403,0.7237402,-2.2162597,-1.6862597,0.80374026,-1.1062598,1.1637403,-1.4162598
1.3337402,1.5737402,2.0337403,1.0337403,4.05374,-0.5162598,-3.4262598,-5.7462597,-6.3262596,-6.91626,-8.55626,-6.41626,-6.56626,-7.00626,-6.3462596,-6.7062597,-7.6362596,-6.39626,-8.29626,-6.4762597,-6.73626,-6.35626,-6.6162596,-5.8262596,-4.94626,-3.9162598,-3.3462598,-1.5062598,-1.0062598,0.35374025,0.30374023,0.89374024,-0.91625977,1.3337402,1.7037402,2.8637402,1.6037402,-0.34625977,0.113740236,-0.5762598,-0.36625975
2.1437402,1.1837403,1.6937402,1.7037402,3.3537402,-1.6262598,-4.33626,-6.0362597,-7.4962597,-6.2662597,-5.0162597,-6.52626,-5.02626,-6.19626,-5.2862597,-5.4562597,-6.06626,-5.9962597,-5.54626,-6.1562595,-5.9062595,-5.64626,-4.21626,-3.2062597,-2.5862598,-1.8462597,-1.3362597,-0.9662598,-0.80625975,-0.08625977,0.75374025,2.0537403,1.8837402,0.63374025,1.7137402,3.4837403,3.1837401,0.6537402,1.4137403,0.41374025,-0.6462598
2.1837401,0.7937402,-0.62625974,-0.25625977,-0.46625978,-3.4762597,-4.9762597,-5.7662597,-4.7062597,-5.10626,-5.12626,-6.2462597,-4.2662597,-4.3462596,-4.35626,-4.33626,-4.41626,-4.81626,-4.91626,-4.56626,-3.9262598,-3.6262598,-2.7862597,-2.6062598,-1.9162598,-1.2762598,-1.3462597,-0.20625977,0.053740233,1.2837403,1.5737402,2.3037403,3.3237402,3.5437403,3.1437402,3.3637402,2.8437402,2.7237403,0.7237402,1.2237402,1.3837402
-0.18625976,-0.08625977,-0.036259767,0.52374023,-2.9162598,-4.60626,-4.42626,-5.7462597,-5.6162596,-4.6362596,-2.1162598,-1.0262598,-3.4262598,-1.5162598,-2.8962598,-2.9762597,-3.4262598,-3.6862597,-3.1062598,-3.7062597,-3.2562597,-3.3662598,-3.3962598,-2.7862597,-1.9162598,-1.0462598,0.013740234,0.42374024,1.2937403,2.2437403,2.9937403,3.0237403,3.5937402,4.3437405,5.08374,6.80374,5.7137403,5.5637403,4.82374,2.9037402,-0.5762598
