wind_kz.json
{"header": {"discipline":0,"disciplineName":"Meteorological products","gribEdition":2,"gribLength":871,"center":7,"centerName":"US National Weather Service - NCEP(WMC)","subcenter":0,"refTime":"2023-09-28T00:00:00.000Z","significanceOfRT":1,"significanceOfRTName":"Start of forecast","productStatus":0,"productStatusName":"Operational products","productType":1,"productTypeName":"Forecast products","productDefinitionTemplate":0,"productDefinitionTemplateName":"Analysis/forecast at horizontal level/layer at a point in time","parameterCategory":0,"parameterCategoryName":"UnknownDiscipline_0_Category_0","parameterNumber":0,"parameterNumberName":"UnknownParameter_D0_C0_0","parameterUnit":"Unknown","genProcessType":2,"genProcessTypeName":"Forecast","forecastTime":0,"surface1Type":1,"surface1TypeName":"Ground or water surface","surface1Value":0.0,"surface2Type":255,"surface2TypeName":"Missing","surface2Value":0.0,"gridDefinitionTemplate":0,"gridDefinitionTemplateName":"Latitude_Longitude","numberPoints":615,"shape":6,"shapeName":"Earth spherical with radius of 6,371,229.0 m","gridUnits":"degrees","resolution":48,"winds":"true","scanMode":64,"nx":41,"ny":15,"basicAngle":0,"lo1":47.0,"la1":41.0,"lo2":87.0,"la2":55.0,"dx":1.0,"dy":1.0}, "data":
[rows 0 to 14 of 15, columns 0 to 40 of 41]
287.04944,279.74945,284.74945,294.74945,294.44943,293.44943,292.14944,292.44943,289.84943,287.94943,288.64944,289.44943,288.64944,288.64944,288.74945,287.94943,288.24945,287.84943,287.24945,288.14944,290.14944,286.74945,286.94943,286.04944,284.94943,289.04944,289.14944,276.04944,272.24945,272.94943,272.94943,272.64944,280.44943,286.24945,287.34943,287.64944,287.54944,287.04944,286.74945,286.74945,286.04944
271.64944,284.54944,294.34943,294.64944,294.44943,292.54944,289.84943,288.84943,287.44943,287.24945,289.24945,288.04944,287.54944,287.14944,286.44943,286.24945,287.04944,285.04944,286.44943,286.94943,286.04944,286.94943,286.94943,280.94943,272.04944,273.24945,280.54944,272.54944,274.24945,271.84943,274.84943,265.64944,273.44943,249.54944,271.14944,283.44943,282.24945,284.74945,286.94943,279.94943,283.64944
286.24945,294.04944,294.34943,294.04944,291.94943,289.64944,288.94943,287.64944,287.74945,287.64944,287.24945,287.24945,286.44943,287.34943,288.44943,286.54944,285.24945,284.74945,285.74945,286.54944,288.94943,285.44943,286.24945,282.04944,283.54944,283.14944,286.04944,284.94943,285.04944,276.64944,267.74945,271.24945,274.74945,274.64944,276.34943,276.84943,269.54944,269.54944,270.24945,266.84943,264.24945
288.04944,293.54944,294.14944,293.34943,291.54944,288.54944,290.34943,288.44943,288.84943,290.34943,288.34943,291.04944,291.34943,290.74945,288.14944,287.64944,288.14944,286.04944,286.14944,286.34943,287.44943,281.54944,286.24945,286.54944,286.54944,287.44943,287.74945,284.54944,284.64944,287.74945,286.24945,283.44943,286.54944,284.54944,282.94943,280.64944,268.64944,261.44943,272.04944,278.94943,281.54944
289.74945,292.94943,293.54944,292.64944,291.34943,290.04944,290.84943,289.64944,289.54944,289.84943,292.24945,288.44943,290.44943,289.14944,287.64944,288.34943,288.34943,287.84943,286.34943,288.34943,288.14944,287.54944,287.14944,286.94943,286.04944,285.64944,285.34943,286.24945,286.64944,286.44943,287.64944,286.54944,274.24945,263.74945,274.44943,281.44943,286.44943,284.14944,284.24945,283.54944,282.44943
288.94943,287.74945,291.74945,292.94943,292.94943,292.54944,289.94943,291.04944,288.94943,289.04944,289.54944,289.34943,289.94943,290.24945,288.64944,286.74945,288.34943,287.34943,287.94943,288.74945,287.54944,287.74945,286.84943,287.14944,286.94943,286.34943,285.84943,289.34943,288.54944,287.54944,284.94943,285.44943,283.14944,279.64944,280.04944,284.34943,275.54944,276.84943,279.74945,281.54944,281.14944
288.14944,290.74945,292.84943,292.04944,292.44943,290.24945,289.84943,289.04944,289.54944,289.84943,288.64944,288.24945,288.04944,287.14944,286.44943,286.84943,286.24945,286.94943,286.24945,285.44943,285.84943,287.34943,287.34943,287.04944,285.84943,285.24945,284.34943,286.34943,287.04944,286.04944,286.04944,284.14944,282.94943,281.64944,280.74945,279.54944,275.44943,272.04944,267.04944,268.04944,277.04944
289.74945,292.64944,293.24945,290.64944,290.14944,289.44943,288.34943,287.24945,287.04944,287.84943,287.84943,287.74945,287.04944,287.04944,286.54944,286.24945,286.14944,286.24945,285.74945,284.14944,284.54944,284.44943,284.34943,284.44943,284.24945,284.04944,284.04944,283.74945,284.54944,286.44943,284.24945,285.94943,284.54944,279.64944,276.14944,276.04944,277.14944,286.94943,276.44943,275.64944,272.54944
291.44943,290.94943,287.44943,286.84943,287.54944,287.44943,286.34943,286.84943,286.74945,286.64944,287.54944,288.54944,288.64944,287.84943,284.64944,285.04944,284.94943,284.64944,283.84943,283.34943,281.24945,281.94943,282.64944,282.94943,281.14944,281.34943,281.84943,279.04944,279.94943,281.64944,281.14944,284.24945,284.84943,282.44943,278.24945,275.44943,273.74945,272.64944,263.04944,261.64944,259.54944
288.34943,289.14944,286.04944,285.74945,285.84943,285.74945,285.24945,285.14944,285.54944,285.74945,288.54944,288.04944,287.94943,285.54944,284.54944,284.44943,284.24945,284.54944,283.94943,283.64944,282.04944,282.74945,282.84943,282.44943,281.54944,284.14944,280.44943,283.44943,283.34943,280.44943,282.64944,284.64944,283.34943,282.04944,278.14944,275.44943,273.84943,270.24945,265.64944,265.24945,260.94943
284.54944,286.84943,284.94943,284.74945,284.44943,283.64944,283.94943,283.54944,283.44943,283.74945,283.54944,284.54944,284.84943,284.34943,282.84943,283.04944,283.04944,283.54944,284.04944,283.44943,282.34943,281.24945,280.94943,282.94943,284.44943,284.04944,282.94943,284.14944,284.94943,285.94943,284.04944,284.84943,282.84943,281.64944,279.64944,275.54944,272.94943,268.74945,269.04944,268.34943,265.14944
283.04944,283.64944,283.04944,282.54944,281.94943,282.14944,281.34943,281.34943,282.44943,282.04944,280.44943,281.44943,282.84943,281.74945,282.24945,281.64944,281.74945,281.64944,281.64944,282.14944,281.64944,281.04944,280.44943,280.84943,280.64944,282.44943,284.74945,285.54944,285.14944,285.84943,285.04944,282.54944,282.34943,281.34943,279.74945,277.44943,277.54944,276.54944,275.74945,274.34943,272.44943
279.94943,279.24945,281.24945,281.34943,281.54944,281.54944,280.34943,280.24945,280.14944,279.14944,278.44943,276.84943,280.24945,280.44943,281.24945,281.44943,281.94943,281.54944,281.94943,281.04944,280.54944,279.54944,279.94943,280.44943,280.94943,281.74945,282.04944,281.24945,281.64944,282.14944,284.34943,284.74945,282.94943,282.44943,281.24945,277.74945,277.14944,276.94943,275.34943,274.14944,274.54944
278.24945,280.14944,283.44943,280.44943,279.74945,279.34943,279.84943,279.54944,279.24945,279.64944,278.34943,277.04944,282.24945,282.44943,282.84943,283.54944,283.64944,283.44943,280.64944,280.74945,280.74945,281.34943,281.84943,282.94943,283.94943,282.94943,282.04944,280.04944,278.84943,279.44943,280.34943,282.84943,282.44943,280.14944,280.04944,278.14944,275.94943,275.24945,274.64944,274.74945,274.24945
278.94943,280.14944,286.14944,279.54944,279.84943,278.74945,279.24945,278.04944,279.54944,279.24945,283.54944,281.74945,280.74945,278.44943,279.64944,280.04944,280.34943,280.54944,281.04944,282.44943,283.64944,283.94943,282.84943,282.24945,282.94943,281.04944,280.54944,280.64944,280.04944,279.74945,281.34943,280.14944,280.44943,279.84943,280.14944,279.94943,280.44943,277.04944,277.14944,276.64944,275.24945
