wind_kz.json
{"header": {"discipline":0,"disciplineName":"Meteorological products","gribEdition":2,"gribLength":1025,"center":7,"centerName":"US National Weather Service - NCEP(WMC)","subcenter":0,"refTime":"2023-08-20T18:00:00.000Z","significanceOfRT":1,"significanceOfRTName":"Start of forecast","productStatus":0,"productStatusName":"Operational products","productType":1,"productTypeName":"Forecast products","productDefinitionTemplate":0,"productDefinitionTemplateName":"Analysis/forecast at horizontal level/layer at a point in time","parameterCategory":2,"parameterCategoryName":"UnknownDiscipline_0_Category_2","parameterNumber":3,"parameterNumberName":"UnknownParameter_D0_C2_3","parameterUnit":"Unknown","genProcessType":2,"genProcessTypeName":"Forecast","forecastTime":60,"surface1Type":103,"surface1TypeName":"Specified height level above ground","surface1Value":10.0,"surface2Type":255,"surface2TypeName":"Missing","surface2Value":0.0,"gridDefinitionTemplate":0,"gridDefinitionTemplateName":"Latitude_Longitude","numberPoints":615,"shape":6,"shapeName":"Earth spherical with radius of 6,371,229.0 m","gridUnits":"degrees","resolution":48,"winds":"true","scanMode":64,"nx":41,"ny":15,"basicAngle":0,"lo1":47.0,"la1":41.0,"lo2":87.0,"la2":55.0,"dx":1.0,"dy":1.0}, "data":
[rows 0 to 14 of 15, columns 0 to 40 of 41]
-0.8326416,2.6373584,-3.1326416,-1.1126416,2.2873583,-1.5226417,-1.8826416,-2.6826415,2.7473583,2.9473584,3.4773583,2.1473584,1.2573584,0.4573584,-2.0726416,-4.0626416,-4.1626415,-1.8026416,-3.0126417,-2.1226416,-1.9426416,-3.0526416,-3.4226415,1.6773584,3.1473584,2.4873583,1.2673584,-0.102641605,-2.0426416,-1.3626416,-0.0526416,2.7773583,-0.5126416,1.1473584,0.7973584,-2.3926415,-2.1326416,-3.8426416,-1.2626415,-1.6726416,-4.7126417
1.0073584,-2.1426415,-5.8026414,-0.2526416,3.1573584,-0.6626416,-3.0126417,-1.9226416,-1.1826416,1.4873585,2.3973584,2.1673584,1.3173584,1.7673584,-0.4026416,-2.7626417,-2.2426417,-2.1426415,-1.9626416,-2.5526416,-3.9026415,-3.5426416,-3.4026415,-0.9826416,3.0573585,3.1373584,3.7473583,0.0073583983,-0.6426416,-0.8626416,-3.7326417,-3.8926415,1.0273584,-2.0926416,2.8473585,2.8273585,0.7673584,1.1373584,-2.8326416,0.3873584,-0.8526416
-3.5026417,-7.3026414,-4.5726414,-0.7226416,2.4273584,0.6173584,-0.1226416,-1.7426416,-1.6826416,0.23735839,4.2473583,3.6373584,1.8373584,1.8173584,1.2573584,-0.0526416,-1.2226416,-2.4526415,-3.1826415,-2.8126416,-3.5226417,-2.4326415,-2.6926415,-1.9926416,-3.2026415,-3.4426415,-2.7826416,-2.3626416,-0.8126416,-2.8926415,-4.0026417,-0.44264162,-1.8326416,-0.9426416,1.7273583,-1.7626415,-1.9926416,-2.5326416,-2.6026416,2.3073585,1.3273584
-1.7726417,-5.7726417,-3.2926416,-0.3726416,2.8873584,1.7073584,-0.5026416,0.1673584,-2.2526417,0.6673584,4.637358,6.7573586,2.7273583,3.6973584,2.4973583,0.9273584,-0.2026416,-0.2726416,-0.9626416,-3.1426415,-4.0326414,-3.1026416,-3.5226417,-2.5526416,-0.8726416,-0.6626416,-2.2526417,0.9873584,-0.4226416,-1.0426416,-1.8226416,0.0973584,2.2273583,0.3173584,1.2973584,2.5773585,2.2073584,-0.4326416,-2.3726416,-5.7726417,-1.3126416
-2.9426415,-4.402642,-5.3326416,-5.0126414,-1.4026417,-0.1226416,1.2973584,0.3873584,-2.5426416,0.047358397,5.0273585,7.1673584,4.867358,4.6773586,3.9473584,1.3773584,0.5473584,0.23735839,-1.1426415,-1.6626416,-3.2726417,-4.7726417,0.3373584,0.0873584,0.8773584,-0.1726416,1.9973584,0.69735837,1.8273584,-0.3426416,-1.1726416,-2.3326416,-1.9826416,-1.2926416,0.0973584,2.4573584,1.3873584,0.5473584,-3.9726417,-0.4326416,-3.1326416
-1.4126416,-2.9726417,-3.4626417,-3.8326416,-6.0726414,-3.0026417,0.5873584,3.1173584,0.5773584,-1.0526416,4.3173585,6.0173583,5.6773586,5.0473585,4.5473585,1.7073584,0.4873584,2.0273583,0.5373584,-0.9126416,-2.2426417,-3.7226417,1.1373584,1.7373585,0.1873584,0.0873584,-1.1226416,-1.8226416,2.5273583,1.7373585,0.1373584,-1.1426415,-2.4426415,-2.0426416,-3.7726417,-1.5126415,-3.7426417,-3.8126416,-1.2626415,1.1473584,0.94735837
-0.012641601,-2.0526416,-3.2826416,-5.4626417,-5.0326414,-5.1626415,-3.2626417,1.1473584,3.1873584,3.0673585,2.9773583,0.9673584,2.7473583,2.4573584,3.6973584,5.0373583,2.6373584,-0.1826416,-0.6626416,0.2073584,-1.3526416,-1.1826416,2.5373583,0.2473584,0.4173584,2.9573584,2.9473584,2.7673583,3.4573584,3.8573585,2.2973585,-0.1326416,-2.0126417,-2.3526416,0.12735839,0.8573584,1.8173584,-1.8326416,-3.3926415,-0.8626416,-2.5326416
-0.9126416,-1.8626416,-3.3226416,-4.1726418,-4.9726415,-4.8126416,-4.2426414,-1.5626416,1.7573584,3.9973583,3.8673584,2.5973585,1.4673584,4.157358,4.2473583,2.3173585,1.1873584,0.077358395,1.4173584,1.9473584,0.0673584,0.2273584,3.5673585,0.7673584,-0.1926416,2.4373584,4.6473584,4.7173586,3.6673584,1.1273584,0.94735837,-0.2526416,0.0673584,-1.9726416,-2.7726417,-1.3326416,-1.7926416,-1.7126416,-0.3626416,-2.0426416,0.9973584
-1.1526417,-2.1226416,-3.9726417,-4.2726417,-4.2926416,-4.9526415,-4.632642,-2.6926415,-0.5726416,3.1173584,3.3773584,1.0173584,2.3173585,4.5473585,4.7073584,3.3073585,1.1673584,0.69735837,1.2273583,1.6073585,2.8373585,1.2873584,3.0973585,3.8473585,3.1273584,2.3073585,4.617358,3.9573584,2.3373585,1.0673584,1.7373585,0.7873584,-1.1126416,-2.0426416,-2.4826417,-2.7826416,-0.3226416,-0.8726416,-1.5826416,-1.7426416,1.6073585
-1.5426416,-3.0626416,-4.0226417,-3.8326416,-4.1026416,-3.5826416,-4.2926416,-3.8226416,0.6073584,2.2273583,4.8073583,6.2573586,3.8773584,1.8273584,5.2273583,3.5273583,2.0673585,0.3773584,2.0373583,1.2973584,3.5073583,2.0973585,0.9373584,5.2873583,4.3773584,3.2873583,3.6373584,2.7773583,2.1573584,2.3973584,1.7273583,0.1473584,0.5473584,-2.3126416,-2.5626416,-0.4726416,0.2173584,2.1173584,0.5273584,-1.3526416,-1.6826416
-0.5926416,-0.4626416,-4.2326417,-5.5326414,-4.8926415,-5.612642,-4.4526415,-4.6426415,-2.9126415,2.2673583,4.7573586,5.9473586,3.3073585,2.7473583,2.7873583,4.6473584,2.4973583,1.1173584,1.5373584,3.0173583,5.7173586,5.2073584,4.0373583,5.6273584,4.4573584,3.1273584,2.5973585,2.5973585,3.8373585,2.3673584,2.1373584,1.2373585,1.9473584,-0.8126416,-0.5826416,0.4073584,-0.4726416,-1.0926416,-0.5426416,-0.1926416,-0.4526416
-0.9026416,-1.0526416,-2.7426417,-2.8126416,-4.652642,-5.4426417,-5.4826417,-4.9226418,-4.2926416,-2.8426416,1.6473584,2.6573584,3.8273585,3.7873583,3.9273584,4.4673586,2.9573584,2.2273583,2.2373583,5.3773584,7.7073584,6.367358,6.1473584,5.1473584,4.097358,2.7973585,2.0373583,3.3073585,3.4673584,2.5073583,1.5973583,2.6573584,3.1773584,2.3373585,1.3773584,-0.1826416,-0.9126416,-1.7026416,-2.3126416,-1.7326416,-0.9426416
-2.5926416,-1.0326416,-2.2526417,-2.2926416,-2.8726416,-3.0926416,-4.7526417,-4.9926414,-4.9826417,-4.5026417,-0.8926416,0.3973584,-3.0826416,-2.8326416,-0.102641605,2.3073585,2.4173584,3.1873584,4.4173584,4.2773585,6.0273585,7.7673583,6.0273585,6.4973583,6.5673585,6.8173585,5.2473583,3.5373583,1.8573585,-0.2026416,-0.8126416,0.3673584,3.8573585,3.7373583,3.4973583,2.4373584,1.6973584,0.6673584,-0.2926416,-0.2226416,-0.0926416
-2.5426416,-3.0826416,-2.9226415,-3.0726416,-3.0826416,-3.2326417,-4.1726418,-5.2726417,-4.5826416,-4.132642,-2.0826416,-0.3226416,-3.0726416,-4.402642,-4.9526415,-2.3626416,2.3373585,1.0373584,3.3973584,3.0773585,4.7073584,6.1473584,6.597358,3.2373583,4.0573583,5.5173583,4.867358,3.8173585,2.1973584,0.8573584,-1.5626416,-1.2926416,3.2073584,4.7673583,3.7173584,3.5273583,2.5273583,1.4173584,0.7573584,0.1773584,-0.4026416
-2.5326416,-4.092642,-4.4426417,-3.7726417,-3.8126416,-3.1726415,-2.9626417,-3.2326417,-4.4626417,-4.4726415,-1.7326416,-2.2526417,-0.2726416,-0.5326416,-2.9426415,-3.6926415,-3.5726416,-3.8826416,-3.4126415,0.6273584,1.5573584,4.0273585,5.617358,3.8473585,3.1573584,3.7373583,4.2273583,2.0373583,2.2073584,2.4273584,1.5673584,-0.7126416,2.2173584,3.3373585,3.4073584,3.4473584,3.6073585,1.9773583,1.5673584,1.1773584,0.027358398
