wind_kz.json
{"header": {"discipline":0,"disciplineName":"Meteorological products","gribEdition":2,"gribLength":1102,"center":7,"centerName":"US National Weather Service - NCEP(WMC)","subcenter":0,"refTime":"2024-02-01T06:00:00.000Z","significanceOfRT":1,"significanceOfRTName":"Start of forecast","productStatus":0,"productStatusName":"Operational products","productType":1,"productTypeName":"Forecast products","productDefinitionTemplate":0,"productDefinitionTemplateName":"Analysis/forecast at horizontal level/layer at a point in time","parameterCategory":2,"parameterCategoryName":"UnknownDiscipline_0_Category_2","parameterNumber":2,"parameterNumberName":"UnknownParameter_D0_C2_2","parameterUnit":"Unknown","genProcessType":2,"genProcessTypeName":"Forecast","forecastTime":180,"surface1Type":103,"surface1TypeName":"Specified height level above ground","surface1Value":10.0,"surface2Type":255,"surface2TypeName":"Missing","surface2Value":0.0,"gridDefinitionTemplate":0,"gridDefinitionTemplateName":"Latitude_Longitude","numberPoints":615,"shape":6,"shapeName":"Earth spherical with radius of 6,371,229.0 m","gridUnits":"degrees","resolution":48,"winds":"true","scanMode":64,"nx":41,"ny":15,"basicAngle":0,"lo1":47.0,"la1":41.0,"lo2":87.0,"la2":55.0,"dx":1.0,"dy":1.0}, "data":
[rows 0 to 14 of 15, columns 0 to 40 of 41]
2.9704943,-1.3695056,4.0404944,3.6504943,1.6404943,0.020494385,-0.079505615,-0.26950562,-2.1095057,-0.3395056,0.69049436,0.23049438,-0.8895056,0.7004944,1.7004944,-0.009505616,-0.45950562,2.0104945,0.62049437,-0.3195056,-4.179506,-3.4595056,-0.20950562,-3.6495056,1.1304944,-1.8795056,-3.6295056,-3.3995056,1.4904944,0.3804944,-1.7695056,2.8704944,0.14049439,0.5704944,-1.9195056,1.5104944,2.2204943,2.9504943,3.0104945,3.1004944,2.6904943
3.5804944,2.9004943,-3.2795057,-4.0695057,-2.8295057,-3.7195055,-0.3395056,0.5704944,0.36049438,1.2304944,1.3404944,0.63049436,1.1304944,0.50049436,1.9204944,2.1104944,2.3004944,2.0304945,1.8604944,1.1904944,0.3404944,0.22049439,-0.62950563,-4.9195056,-0.74950564,1.8704944,-1.7295057,0.20049438,-3.3295057,-2.0595057,-0.019505614,-1.0395056,2.6304944,-2.8495057,-0.119505614,0.5704944,-0.4095056,1.3504944,0.5804944,2.6104944,2.3204944
2.7604945,-2.7695055,-2.0195055,-4.8895054,-5.659506,-3.2495055,-1.4995056,1.9804944,1.4804944,1.7604944,2.2904944,0.9804944,1.8104944,0.81049436,1.9004943,1.1704944,1.2304944,0.4704944,-0.2795056,-1.7195057,-0.15950562,-2.9095056,-2.3895056,-1.9595056,-0.9495056,-0.48950562,-2.7195055,-3.4095056,-1.8095056,-1.1095057,-2.2495055,2.7304945,0.5404944,0.27049437,0.5904944,-1.5295056,0.09049439,0.8204944,0.26049438,2.6604943,2.1604943
-0.5995056,-1.1095057,-1.5995057,-5.8895054,-5.239506,-2.1895056,3.5604944,2.4904945,4.4804945,2.4204943,2.1904943,2.3104944,2.2504945,1.1004944,-0.32950562,0.6604944,0.07049438,-0.25950563,-1.2295057,-2.2095056,-1.9795057,-0.6795056,-3.8295057,-4.469506,-3.7095056,-3.7495055,-2.7995057,-2.9695055,-0.7895056,-0.87950563,-2.6095057,-2.1195056,-1.8195056,-3.0495057,-2.6295056,-1.2795056,-1.9695057,2.4604943,2.5704944,-0.039505616,1.1704944
1.9704944,1.5604944,2.5404944,1.8204944,0.020494385,2.3404944,2.9304943,5.6404943,5.8604946,4.1004944,3.0004945,5.8604946,4.1204944,3.4904945,1.5604944,1.1004944,1.3804944,1.0504944,0.29049438,0.33049437,-2.9995055,-3.9695055,-3.7995057,-3.7895057,-4.0295057,-3.2795057,-2.2295055,-2.2995057,-2.1095057,-2.0895057,-1.0195056,-0.029505616,-0.8595056,2.0204945,3.4904945,-0.18950562,-0.109505616,-0.26950562,0.22049439,0.7604944,-1.0995057
5.260494,6.5204945,5.5404944,3.9904945,4.8704944,4.780494,6.0604944,7.9004946,5.9504943,4.9804945,4.3904943,4.2204943,6.010494,5.7204943,3.5804944,2.1404943,2.4004943,1.4904944,0.93049437,0.8904944,-1.0895057,-0.62950563,-1.2395056,-1.3095056,-1.2195057,-0.5295056,0.17049438,-0.059505615,-0.8395056,-0.08950561,1.2604944,1.5204943,0.15049438,0.060494386,1.2204944,-1.9795057,0.8004944,0.50049436,0.42049438,-0.7595056,-0.9695056
8.940495,8.950495,10.010494,10.430494,7.340494,8.200495,8.610495,8.220494,8.550494,5.6104946,5.1104946,5.7404943,5.8604946,6.320494,5.2504945,4.030494,3.7304945,3.1104944,1.0904944,0.8904944,1.3104944,1.0504944,-0.3695056,-0.22950561,-0.009505616,-0.32950562,0.15049438,0.33049437,0.8604944,0.8404944,0.7704944,1.3504944,1.0004944,0.8504944,-2.1895056,-1.3795056,-0.74950564,3.5604944,-0.8395056,1.6504943,0.3704944
9.490495,9.740495,8.940495,10.000494,10.930494,10.180494,7.550494,7.780494,8.750494,7.6704946,7.6504946,8.680494,8.7304945,8.530495,6.760494,6.3504944,5.6504946,4.8604946,2.4804945,1.5904944,1.9904944,0.88049436,0.49049437,0.22049439,1.3804944,1.3504944,2.7704945,-0.3095056,1.5504944,1.3404944,1.5704944,2.2304945,0.7804944,1.8504944,4.9804945,7.6304946,-3.3795056,-5.8395057,-7.949506,-9.219505,-3.2895057
7.1804943,8.750494,9.800494,10.500494,10.130494,9.260494,9.100494,7.9904943,9.170494,9.690495,8.950495,8.820495,11.370495,8.990495,9.000494,7.2004943,7.3904943,5.1804943,3.4704943,1.8204944,1.1804944,1.8304944,2.0104945,1.4404944,2.2104943,1.7304944,1.3404944,2.0804944,2.7604945,1.6104944,4.6404943,3.0204945,7.030494,4.2104945,4.0804944,1.8204944,0.050494384,-0.8995056,-0.6695056,-0.17950562,0.040494386
7.6104946,8.450495,9.870495,10.710494,11.160495,11.740495,10.460494,10.600494,11.690495,10.000494,11.400495,11.130494,10.370495,9.350494,9.060494,8.420494,6.550494,4.4404945,2.1004944,-0.42950562,2.8304944,1.7904944,2.0104945,2.8304944,2.9604943,3.0504944,3.6204944,3.5504944,4.1004944,5.4804945,3.8004944,6.4604945,4.9404945,4.3804946,2.1204944,1.2504944,1.5804944,-0.3495056,2.5804944,1.5604944,-2.0995057
5.760494,6.5004945,6.7904944,8.500494,11.010494,12.010494,12.960494,13.570495,11.690495,10.610495,10.460494,10.860495,9.620495,9.4804945,7.6604943,3.3504944,0.7604944,-0.3695056,-1.6395056,-0.38950562,1.7804943,0.9004944,1.5804944,2.6504943,3.4604943,3.1604943,5.4704943,4.6904945,5.3304944,3.5304945,6.7004943,4.510494,3.9504943,3.3804944,3.2104943,2.5104945,2.0804944,3.1404943,2.9804945,1.8504944,-0.4095056
4.590494,4.8304944,5.010494,5.780494,6.6504946,9.070495,10.770494,11.210494,12.600494,8.810494,9.280495,9.640494,7.5604944,4.800494,1.0504944,-0.19950561,-0.6795056,-1.8295056,-1.5295056,0.26049438,1.4104943,2.1204944,2.7804945,2.8904943,4.0204945,5.030494,6.3704944,6.510494,5.5404944,5.6304946,5.1704946,4.9304943,4.4404945,3.9804945,3.9404943,5.4604945,6.5204945,6.9004946,7.780494,6.840494,3.9104943
4.6604943,5.6804943,4.030494,4.4204946,4.510494,4.1704946,4.9804945,9.020494,12.930494,11.020494,4.6404943,-0.81950563,-1.5095056,-2.8795056,-3.2895057,-3.1295056,-2.5095055,-1.7495056,-0.24950561,0.6704944,1.7504944,2.6104944,3.3304944,3.5904944,5.300494,5.030494,6.090494,5.0604944,5.3904943,5.3804946,5.5404944,5.9804945,5.6204944,5.340494,6.1704946,6.4404945,5.3604946,4.9604945,8.620495,5.3804946,4.340494
5.7304945,5.4004946,4.7704945,4.4204946,4.1304946,3.1404943,1.5604944,-0.5395056,-2.2895057,-4.4595056,-3.4695055,-3.1295056,-2.4595056,-2.7395055,-3.1395056,-2.2995057,-1.6295056,-0.5395056,0.040494386,1.8604944,1.9804944,3.5304945,3.5904944,3.5504944,3.7204943,3.1104944,3.3304944,4.8504944,5.570494,5.8904943,5.9004946,6.5604944,6.780494,6.550494,5.4604945,5.820494,5.2504945,5.8504944,7.8804946,5.2704945,5.320494
4.6704946,5.760494,5.6904945,4.840494,3.2104943,2.5404944,1.9904944,0.56049436,-1.2095056,-2.2295055,-2.3695056,-1.3395057,-1.4595056,-0.5895056,-0.9495056,-1.0095056,-1.3395057,-0.3495056,0.6704944,2.0404944,2.8204944,3.0204945,2.8804944,3.4204943,3.6504943,3.8804944,4.4904943,5.2904944,5.2204943,5.7704945,7.2404943,8.650495,7.070494,6.1704946,5.070494,4.7704945,4.530494,6.320494,7.0604944,9.520494,3.1604943
