wind_kz.json
{"header": {"discipline":0,"disciplineName":"Meteorological products","gribEdition":2,"gribLength":1025,"center":7,"centerName":"US National Weather Service - NCEP(WMC)","subcenter":0,"refTime":"2024-04-08T00:00:00.000Z","significanceOfRT":1,"significanceOfRTName":"Start of forecast","productStatus":0,"productStatusName":"Operational products","productType":1,"productTypeName":"Forecast products","productDefinitionTemplate":0,"productDefinitionTemplateName":"Analysis/forecast at horizontal level/layer at a point in time","parameterCategory":2,"parameterCategoryName":"UnknownDiscipline_0_Category_2","parameterNumber":3,"parameterNumberName":"UnknownParameter_D0_C2_3","parameterUnit":"Unknown","genProcessType":2,"genProcessTypeName":"Forecast","forecastTime":60,"surface1Type":103,"surface1TypeName":"Specified height level above ground","surface1Value":10.0,"surface2Type":255,"surface2TypeName":"Missing","surface2Value":0.0,"gridDefinitionTemplate":0,"gridDefinitionTemplateName":"Latitude_Longitude","numberPoints":615,"shape":6,"shapeName":"Earth spherical with radius of 6,371,229.0 m","gridUnits":"degrees","resolution":48,"winds":"true","scanMode":64,"nx":41,"ny":15,"basicAngle":0,"lo1":47.0,"la1":41.0,"lo2":87.0,"la2":55.0,"dx":1.0,"dy":1.0}, "data":
[rows 0 to 14 of 15, columns 0 to 40 of 41]
-0.4906494,-0.6806494,4.2793508,2.2293506,-0.13064942,-0.47064942,3.1093507,1.2593505,1.2193506,0.8693506,-0.050649416,0.30935058,-0.19064942,-1.1006494,-2.3006494,-3.3906493,-2.6406493,-3.3406494,-3.8906493,-3.3206494,-2.1906495,-2.8706493,-2.9406495,1.5593506,2.9193506,0.9393506,-0.070649415,1.4693506,-3.4606495,-2.2806494,-2.6206493,-2.9906495,-1.4406494,0.54935056,-2.3906493,-1.8906494,-0.5506494,0.2693506,-1.2406495,-0.64064944,0.2693506
-0.2906494,-2.2706494,2.7693505,2.8693507,0.78935057,-5.6006494,2.4193506,2.3793507,1.5693506,0.6293506,1.3793505,0.18935059,-0.9006494,-1.1006494,-2.1306493,-2.5106494,-1.9006494,-2.2206495,-2.5906494,-3.0506494,-3.5906494,-3.3206494,-2.8306494,-0.40064943,0.5893506,0.14935058,-1.2606494,-0.9306494,0.49935058,1.5793506,2.0293505,-1.5406494,-2.7106495,-2.6706495,-4.240649,2.9193506,-3.1406493,-3.6106493,-3.9606495,-1.5206494,-1.9306494
-2.4806495,1.2593505,1.3193506,1.7593505,0.8293506,2.4393506,2.9693506,2.3793507,3.3093505,1.9893506,0.19935058,-0.2606494,-1.1106495,-0.8606494,-1.4606494,-2.3006494,-2.4106493,-2.4306495,-2.6206493,-2.8306494,-2.8006494,-2.2706494,-2.5906494,-1.1206495,-2.2906494,-1.9506494,-0.23064941,-1.9806495,-1.7706494,-1.0806494,-0.4606494,-0.5306494,-1.5406494,-1.7906494,-0.3006494,-1.4506494,-1.3306494,-4.990649,-1.9806495,-1.4806495,-0.44064942
2.4793506,0.91935056,1.5793506,1.6393505,1.4393506,1.9493506,3.0093505,3.0093505,2.4993505,2.3393507,1.4293506,0.4493506,-1.3806494,-3.7006495,-2.8206494,-2.2806494,-2.6006494,-2.4706495,-2.5606494,-2.3606493,-3.2506495,-1.7406495,-0.6706494,-0.6306494,-0.9706494,-1.5606494,-2.6006494,-1.0406494,-0.34064943,-3.1306493,0.3593506,-1.5706494,1.6193506,-0.6306494,0.12935059,0.08935059,1.8293506,4.0893507,-0.6606494,-0.020649415,2.4393506
1.2493505,-0.83064944,-1.8606495,-3.8306494,-4.8806496,2.2793505,0.9093506,2.0393505,2.4793506,1.9593506,0.9393506,1.3693506,4.0793505,1.8593506,0.07935058,-0.6206494,-1.4306494,-1.2906494,-1.9006494,-1.7406495,-1.3806494,-1.4206494,-0.8806494,-0.5306494,-0.6906494,-0.6806494,-0.22064942,-1.5906494,-2.6006494,-2.5206494,-0.6506494,1.2393506,3.4493506,1.6193506,0.7093506,0.20935059,1.2293506,2.3893507,2.8093505,3.5793505,4.4993505
3.5693505,2.6393507,-0.6206494,-1.6606494,-2.4206495,-3.5606494,-3.1806495,1.6293505,1.4993505,-0.09064941,-0.14064941,0.2693506,4.2093506,5.0493507,1.6093506,-2.2706494,-3.0606494,-1.3806494,-0.5406494,-1.4306494,-0.52064943,0.2993506,-1.0706494,-1.4706494,-0.6206494,-0.3006494,-0.31064942,4.4393506,2.3993506,0.60935056,-0.40064943,-0.22064942,-2.2506495,-1.5306494,3.3293505,-2.1406493,0.8393506,-5.3906493,-3.3206494,2.4093506,2.9193506
0.09935059,0.15935059,0.2993506,2.2293506,3.7993505,2.2293506,1.8893505,0.33935058,-0.040649414,0.2693506,0.19935058,0.07935058,-0.83064944,-1.2706494,-1.0406494,-1.1106495,-2.0706494,-2.3206494,-1.4706494,-1.0806494,-0.4206494,-1.8006494,-1.1306494,-0.9206494,-0.3606494,0.7793506,0.009350586,-0.3006494,1.9293506,3.0093505,2.4693506,0.4193506,-0.020649415,1.2693505,1.1093506,-3.3706493,0.19935058,1.5693506,-6.494141E-4,1.1993506,0.18935059
-0.71064943,-1.0706494,-0.95064944,-0.8606494,-0.21064942,0.1393506,0.12935059,0.14935058,-0.35064942,-0.64064944,-0.08064941,-0.17064941,-1.0106494,-1.3806494,-1.8406494,-2.9206495,-3.8306494,-0.8206494,0.109350584,1.9593506,1.3093506,1.9293506,2.7593505,2.6793506,2.5293505,2.2993505,2.5893507,0.7793506,1.9593506,2.3993506,2.1793506,1.6193506,1.0293506,2.8493507,2.7093506,3.1393507,0.9293506,0.5693506,-3.1606493,-3.7306495,-2.4806495
-1.2006494,-1.7506495,-2.4806495,-2.4606495,-1.0506494,-0.35064942,0.19935058,-0.16064942,-0.47064942,-0.5306494,-1.0906494,-2.5306494,-2.4706495,0.9093506,0.08935059,-0.4906494,-0.6606494,0.11935058,0.4893506,1.0593506,-0.6006494,-2.9106493,-2.6306493,-2.5906494,-2.3306494,-1.9206494,-3.2206495,-1.5406494,0.37935057,-0.08064941,2.7993505,3.9893506,2.9993505,1.9893506,1.9293506,0.7593506,1.6893506,3.3693507,3.7993505,2.7793505,3.8893507
-3.5106494,-3.7606494,-4.2006493,-3.6106493,-2.8206494,-2.0706494,-2.7006495,-2.6906495,-3.0706494,-2.9506495,-2.9506495,-3.2106495,-3.4706495,-1.6606494,-0.40064943,0.37935057,1.5693506,1.4993505,-0.77064943,-2.5306494,-2.3606493,-2.7106495,-4.0706496,-3.8006494,-3.3406494,-1.9606494,-0.9706494,-0.8106494,-1.8506494,-2.1606493,0.34935057,1.1393505,4.5793505,2.6693506,2.6493506,3.1493506,1.4893506,1.3893505,4.1793504,3.5093505,2.8593507
-4.9006495,-4.5406494,-3.6706495,-4.4006495,-5.4206495,-7.6806493,-7.3206496,-6.0006495,-5.4106493,-3.5606494,-1.1806494,0.72935057,-0.5906494,-0.22064942,0.5093506,-1.5606494,-1.4806495,-2.5906494,-3.0406494,-2.3406494,-3.2206495,-1.3906494,-1.8806494,-3.1906495,-2.5106494,-2.1006494,-2.1906495,-5.9006495,-2.2406495,-3.7606494,-9.000649,-0.020649415,-2.0506494,3.4893506,2.1393507,2.5893507,2.6793506,1.9393506,3.9493506,2.5093505,1.4193506
-3.3206494,-2.9706495,-2.1606493,-2.0006495,-2.5906494,-2.5506494,-2.0206494,-0.5606494,-0.16064942,-1.3406494,-1.0506494,-0.8506494,0.6293506,0.85935056,0.8393506,1.4893506,-1.7206494,-3.3406494,-3.9306495,-4.4106493,-4.1506495,-4.1306496,-3.9806495,-3.1106493,-3.3006494,-3.6506493,-4.4706492,-3.9106493,-4.2706494,-1.1206495,-1.9806495,0.6293506,2.4193506,0.8193506,1.5793506,2.5393505,3.7593505,4.0193505,2.2393506,0.18935059,0.7093506
-2.3306494,-2.9606495,-2.8506494,-1.0406494,-2.4506495,-1.9406494,-3.7106495,-4.4206495,-4.7506495,-3.9906495,-1.4406494,-2.1806495,-1.8206494,0.36935058,-0.3006494,0.9593506,-1.8606495,-2.7506495,-2.7006495,-2.3906493,-2.3506494,-3.2906494,-1.2806494,-1.2506495,-2.6606493,-1.4306494,-2.6206493,-1.8206494,-3.5506494,-2.0306494,-2.0306494,-1.4406494,-1.6806494,-1.5606494,-0.64064944,0.8493506,1.3493506,-0.17064941,-0.52064943,0.2993506,0.34935057
-3.1706495,-2.9906495,-4.0806494,-4.2206492,-4.7206492,-5.2506495,-6.2106495,-6.8306494,-7.6506495,-7.8506494,-3.7106495,-3.0806494,-4.2506495,-4.5606494,-2.9906495,-2.5006495,-3.7406495,-3.6406493,-3.5306494,-3.0206494,-2.7906494,-2.7906494,-1.3606495,-1.6006494,-1.8406494,-1.3806494,-1.9606494,-1.4506494,-2.6006494,-1.2006494,-1.9006494,-0.40064943,-0.37064943,-0.16064942,-0.19064942,0.27935058,0.059350587,-1.0506494,-1.0806494,0.16935058,0.11935058
-2.6306493,-3.7606494,-2.1506493,-4.7306495,-4.8906493,-5.260649,-5.6206493,-5.2206492,-5.6606493,-5.760649,-3.0506494,-3.1706495,-0.9406494,-1.6106495,-2.8606493,-3.3906493,-3.3206494,-3.9306495,-3.4106493,-4.1606493,-3.5306494,-2.3406494,-2.5106494,-2.3206494,-1.8906494,-2.0006495,-1.7106494,-0.5406494,-0.4606494,-1.3606495,-0.9006494,-2.2606494,-2.0606494,-2.3306494,-2.5006495,-1.9806495,-1.4406494,-0.70064944,-1.1306494,-1.3506494,-0.25064942
