wind_kz.json
{"header": {"discipline":0,"disciplineName":"Meteorological products","gribEdition":2,"gribLength":871,"center":7,"centerName":"US National Weather Service - NCEP(WMC)","subcenter":0,"refTime":"2025-04-05T12:00:00.000Z","significanceOfRT":1,"significanceOfRTName":"Start of forecast","productStatus":0,"productStatusName":"Operational products","productType":1,"productTypeName":"Forecast products","productDefinitionTemplate":0,"productDefinitionTemplateName":"Analysis/forecast at horizontal level/layer at a point in time","parameterCategory":0,"parameterCategoryName":"UnknownDiscipline_0_Category_0","parameterNumber":0,"parameterNumberName":"UnknownParameter_D0_C0_0","parameterUnit":"Unknown","genProcessType":2,"genProcessTypeName":"Forecast","forecastTime":300,"surface1Type":1,"surface1TypeName":"Ground or water surface","surface1Value":0.0,"surface2Type":255,"surface2TypeName":"Missing","surface2Value":0.0,"gridDefinitionTemplate":0,"gridDefinitionTemplateName":"Latitude_Longitude","numberPoints":615,"shape":6,"shapeName":"Earth spherical with radius of 6,371,229.0 m","gridUnits":"degrees","resolution":48,"winds":"true","scanMode":64,"nx":41,"ny":15,"basicAngle":0,"lo1":47.0,"la1":41.0,"lo2":87.0,"la2":55.0,"dx":1.0,"dy":1.0}, "data":
[rows 0 to 14 of 15, columns 0 to 40 of 41]
285.26724,279.86725,280.66724,283.16724,283.76724,284.26724,283.96722,287.26724,287.96722,290.46722,292.06723,294.86725,293.76724,293.06723,293.06723,292.16724,290.96722,289.26724,290.56723,285.26724,288.16724,286.16724,286.36725,282.86725,286.56723,287.66724,282.26724,271.86725,270.86725,270.56723,270.46722,272.86725,279.66724,285.36725,285.46722,285.96722,286.66724,286.76724,286.56723,287.16724,287.36725
268.56723,281.86725,282.56723,282.76724,283.26724,283.66724,285.36725,284.76724,285.76724,286.96722,288.96722,290.96722,293.46722,292.96722,293.66724,291.96722,291.46722,291.36725,289.46722,288.66724,287.06723,284.46722,282.76724,277.76724,271.16724,269.06723,278.06723,271.76724,274.56723,270.36725,273.96722,258.56723,272.66724,249.76724,262.26724,283.16724,282.56723,285.36725,288.16724,280.56723,281.06723
282.46722,281.76724,282.36725,282.76724,282.66724,284.86725,285.36725,283.56723,283.36725,283.56723,285.06723,288.66724,292.16724,292.36725,291.16724,291.46722,291.56723,290.86725,289.86725,288.76724,287.76724,286.26724,284.16724,278.56723,280.56723,280.26724,281.16724,281.16724,279.86725,274.16724,265.16724,269.56723,273.66724,276.16724,277.26724,276.26724,270.46722,271.66724,271.56723,270.56723,267.56723
282.86725,282.56723,281.36725,282.46722,282.16724,280.96722,282.06723,281.06723,282.06723,282.56723,284.06723,285.46722,286.36725,287.16724,290.86725,291.86725,291.86725,291.76724,291.36725,289.76724,287.96722,280.66724,284.56723,283.96722,285.06723,284.76724,283.56723,282.06723,278.86725,279.76724,279.96722,279.76724,283.36725,283.56723,281.86725,278.66724,271.06723,259.66724,275.16724,283.96722,286.46722
278.96722,283.16724,282.66724,283.26724,282.26724,280.16724,280.86725,280.86725,281.06723,281.66724,282.76724,283.56723,285.46722,285.06723,282.36725,290.36725,290.76724,289.96722,289.16724,286.66724,287.26724,286.76724,285.76724,285.16724,284.76724,284.56723,282.26724,279.46722,284.46722,284.16724,283.96722,279.96722,270.86725,258.96722,275.06723,281.86725,283.36725,285.46722,284.46722,284.96722,284.76724
277.46722,278.16724,283.66724,282.96722,281.96722,281.66724,280.06723,281.16724,280.46722,280.66724,281.46722,282.56723,282.96722,283.86725,278.66724,290.66724,290.66724,290.16724,289.16724,288.26724,287.56723,286.36725,285.16724,284.36725,283.66724,282.26724,282.56723,272.56723,284.16724,283.86725,282.16724,282.56723,281.36725,280.06723,279.56723,278.56723,273.56723,277.36725,280.16724,285.76724,282.96722
275.96722,276.46722,278.86725,279.16724,279.36725,279.06723,280.06723,280.06723,279.86725,280.26724,279.56723,280.06723,281.46722,282.86725,285.26724,288.46722,290.26724,291.36725,289.56723,287.56723,286.56723,286.36725,285.36725,283.86725,282.66724,282.66724,281.66724,282.46722,281.86725,282.26724,281.96722,281.26724,280.66724,279.76724,278.86725,276.56723,273.66724,271.86725,270.76724,271.46722,279.76724
275.46722,275.46722,277.16724,278.16724,278.36725,278.06723,277.76724,276.86725,276.16724,277.16724,277.06723,278.06723,278.96722,280.96722,282.66724,286.26724,289.26724,289.36725,288.46722,286.06723,284.26724,284.26724,284.26724,284.06723,282.96722,280.26724,280.76724,281.16724,280.16724,280.66724,279.46722,279.86725,279.16724,275.86725,275.86725,276.66724,277.46722,272.46722,279.06723,279.36725,278.46722
274.36725,274.16724,274.76724,274.66724,275.16724,274.96722,275.16724,275.46722,275.66724,275.26724,275.46722,275.56723,276.36725,279.16724,280.06723,282.36725,286.66724,290.06723,287.96722,286.76724,284.76724,283.66724,283.86725,283.46722,282.66724,281.96722,279.96722,279.66724,278.96722,277.46722,277.96722,278.16724,278.36725,277.66724,277.46722,275.96722,276.46722,276.26724,266.86725,271.86725,269.66724
273.46722,273.86725,274.16724,274.16724,274.26724,274.36725,274.56723,274.76724,276.26724,277.46722,274.76724,275.16724,277.26724,276.86725,278.66724,282.16724,283.56723,287.66724,287.96722,287.96722,285.16724,285.86725,284.86725,283.86725,283.86725,282.66724,282.36725,281.36725,280.76724,280.16724,280.46722,280.76724,280.66724,279.46722,278.26724,277.66724,276.76724,274.36725,273.16724,272.36725,270.06723
273.16724,273.36725,273.16724,273.26724,274.16724,275.96722,276.06723,275.96722,275.56723,275.26724,274.16724,276.36725,278.36725,277.56723,277.86725,280.96722,282.36725,285.26724,286.86725,285.86725,285.46722,284.26724,283.66724,282.76724,282.46722,282.56723,280.76724,281.46722,282.06723,282.86725,282.56723,282.06723,280.86725,279.66724,278.86725,277.96722,275.26724,273.46722,275.16724,273.96722,272.56723
272.46722,272.66724,272.76724,273.86725,273.86725,274.56723,274.86725,275.16724,275.76724,275.66724,274.76724,273.86725,276.46722,276.96722,278.06723,280.36725,282.16724,282.96722,285.16724,284.06723,282.96722,283.36725,283.06723,282.66724,281.96722,281.56723,281.86725,282.06723,281.86725,281.56723,281.16724,280.66724,280.46722,279.06723,278.06723,279.26724,279.36725,279.26724,278.06723,277.86725,275.96722
271.46722,272.86725,274.46722,274.26724,274.46722,274.76724,274.66724,274.56723,274.46722,274.86725,273.36725,272.76724,275.86725,276.06723,277.06723,279.96722,280.46722,282.26724,281.86725,283.06723,283.66724,282.16724,282.86725,281.56723,281.76724,280.86725,281.16724,280.86725,281.06723,281.16724,280.96722,280.06723,280.46722,279.76724,278.96722,278.16724,278.06723,278.66724,277.36725,277.36725,276.06723
272.36725,273.46722,273.46722,274.26724,273.66724,273.36725,273.26724,273.16724,274.26724,275.16724,273.66724,272.06723,274.06723,276.06723,278.06723,279.36725,278.96722,281.76724,282.46722,281.86725,283.56723,283.46722,283.26724,282.26724,281.06723,280.36725,279.56723,279.76724,280.46722,280.16724,280.76724,280.56723,280.36725,279.36725,278.76724,277.66724,277.36725,277.16724,277.06723,275.36725,276.16724
272.66724,273.76724,273.16724,273.86725,273.56723,273.26724,273.36725,273.66724,274.46722,275.06723,275.26724,274.56723,272.46722,276.36725,276.16724,279.56723,279.26724,281.16724,280.96722,280.26724,281.46722,281.46722,282.26724,281.36725,281.36725,279.86725,279.16724,278.76724,278.56723,278.56723,277.06723,276.36725,278.86725,278.16724,277.76724,277.16724,276.76724,276.36725,276.16724,276.06723,275.56723
