wind_kz.json
{"header": {"discipline":0,"disciplineName":"Meteorological products","gribEdition":2,"gribLength":1025,"center":7,"centerName":"US National Weather Service - NCEP(WMC)","subcenter":0,"refTime":"2023-10-04T06:00:00.000Z","significanceOfRT":1,"significanceOfRTName":"Start of forecast","productStatus":0,"productStatusName":"Operational products","productType":1,"productTypeName":"Forecast products","productDefinitionTemplate":0,"productDefinitionTemplateName":"Analysis/forecast at horizontal level/layer at a point in time","parameterCategory":2,"parameterCategoryName":"UnknownDiscipline_0_Category_2","parameterNumber":2,"parameterNumberName":"UnknownParameter_D0_C2_2","parameterUnit":"Unknown","genProcessType":2,"genProcessTypeName":"Forecast","forecastTime":60,"surface1Type":103,"surface1TypeName":"Specified height level above ground","surface1Value":10.0,"surface2Type":255,"surface2TypeName":"Missing","surface2Value":0.0,"gridDefinitionTemplate":0,"gridDefinitionTemplateName":"Latitude_Longitude","numberPoints":615,"shape":6,"shapeName":"Earth spherical with radius of 6,371,229.0 m","gridUnits":"degrees","resolution":48,"winds":"true","scanMode":64,"nx":41,"ny":15,"basicAngle":0,"lo1":47.0,"la1":41.0,"lo2":87.0,"la2":55.0,"dx":1.0,"dy":1.0}, "data":
[rows 0 to 14 of 15, columns 0 to 40 of 41]
-0.18865845,0.66134155,1.9013416,-0.6786584,-1.5886585,-0.43865845,1.1613415,-2.5786583,-4.0486584,-3.1286585,-2.5886583,-2.0486584,0.79134154,1.9013416,3.0313416,-3.7986584,-1.4886584,0.19134155,1.8313415,3.8213415,-0.16865845,4.0213413,2.6013415,-0.29865846,2.8613415,4.7713413,-0.028658448,2.5713415,0.78134155,0.42134154,-1.5386585,1.5513415,-0.30865845,0.16134155,-1.1586585,-1.0186584,-2.2286584,-3.1986585,-3.8286583,-2.5686584,-3.1686585
2.5513415,2.2013416,-3.8686585,-4.6286583,-2.6986585,-0.028658448,0.07134155,-4.3786583,-2.2386584,-3.8386583,-3.1086586,-1.9086585,-0.83865845,0.22134155,0.20134155,-1.3086585,-0.28865844,1.2713416,-0.26865846,-4.1286583,4.8213415,3.9313416,1.6413416,0.22134155,-0.06865845,1.2613416,-0.15865844,1.8913416,-1.1286584,-1.2386584,0.17134155,-0.25865844,-0.88865846,-2.2386584,0.25134155,-0.008658447,-0.8786585,-0.5686585,-0.44865844,0.53134155,-4.5386586
0.35134155,-3.5686584,-4.6786585,-3.4586585,-2.2386584,0.29134154,1.3013415,-1.5286584,0.78134155,-2.1686585,-2.4486585,-2.0586584,-0.39865845,-0.26865846,0.6913416,1.0713415,2.4813416,2.6213415,2.5913415,1.6713415,3.0713415,2.1413414,0.8213416,0.9313415,1.5213416,2.4513416,-0.15865844,3.1513414,-1.7286584,-0.048658445,0.10134155,1.1413416,-0.018658448,0.89134157,0.14134155,-1.6486584,0.46134156,-0.23865844,-0.16865845,-0.5686585,1.6613415
-1.7686584,-1.2386584,-1.2186584,-1.4386585,-0.53865844,1.8113415,3.2013416,-0.58865845,-0.36865845,-3.2586584,-2.5386584,-1.0886585,-0.058658447,-0.19865845,0.55134153,0.5613415,1.3713416,0.72134155,2.7113416,2.1613417,3.0413415,5.041342,3.6813416,3.9013414,4.5313416,2.7513416,-0.18865845,-0.63865846,-1.9586585,-1.2386584,0.39134157,-0.63865846,2.9113417,3.4413416,-0.37865844,-0.14865845,-1.6086584,1.9613415,0.051341552,0.53134155,0.15134156
0.38134155,0.0013415527,0.26134154,0.58134156,1.1913415,0.46134156,-2.3686585,1.2713416,-2.3886585,-1.2186584,-1.2386584,-0.37865844,1.5413415,1.0713415,-0.038658448,0.30134156,-0.57865846,1.5813415,0.52134156,0.37134156,8.611341,5.0313416,3.6113415,2.4013414,-1.2286584,-1.1586585,0.33134156,2.2713416,0.5013416,-0.69865847,-0.79865843,-1.6686585,-1.2386584,0.18134156,-0.41865844,-0.18865845,-0.47865844,-3.1186585,-2.6186585,-2.0986586,-1.7286584
0.12134156,1.0413415,3.4313416,3.4813416,3.3713415,2.5913415,1.5713415,2.4113417,1.5913415,-1.3686584,-0.60865843,0.5713416,0.6313416,2.0613415,1.2013415,1.4313415,0.35134155,2.2213416,3.1313415,8.3213415,2.7413416,1.1213416,1.3713416,2.5013416,0.71134156,-2.0386584,0.31134155,2.8213415,1.2513416,0.5113416,0.16134155,0.78134155,2.2913415,2.3913414,2.2213416,2.3213415,-0.58865845,-1.0086584,-0.24865845,-2.2086585,-2.6686585
-0.49865845,0.22134155,1.5613415,3.6413414,2.9413416,2.2513416,2.7313416,2.4713416,2.7413416,1.7713416,0.5713416,-0.13865845,1.6413416,2.4013414,2.3613415,1.0513415,0.051341552,5.3713417,5.8413415,4.1613417,-0.97865844,1.1613415,2.0813415,1.1913415,-4.6386585,-4.5286584,-1.8686584,-1.7586584,-0.45865846,0.08134155,0.19134155,-2.2086585,0.36134157,1.8213415,-1.9486585,-2.3586586,-1.7786584,1.9413415,-2.1686585,2.0913415,0.38134155
0.67134154,0.98134154,1.8713416,1.0213416,0.74134153,2.8713415,3.4113417,3.0113416,1.5913415,1.7513416,1.9513415,2.6013415,1.5613415,1.8413415,2.3313415,2.6913416,2.2813416,7.041342,3.2813416,1.1313416,0.15134156,-0.90865844,-1.7186584,-3.4286585,-3.4786584,-2.3686585,-2.1086586,-2.0886583,-1.5786585,-2.9986584,-3.5986586,-2.1186585,-3.0186584,-0.85865843,-3.2186584,-1.3086585,1.9513415,-1.3186585,-3.2386584,-2.2186584,-2.1186585
0.20134155,2.4813416,0.24134155,0.24134155,0.78134155,1.1913415,0.091341555,1.4213415,1.4013416,2.4213417,3.0113416,1.7113415,1.7013415,1.8013415,2.3813415,3.1113415,4.2613416,3.5513415,3.3013415,1.6013416,1.6013416,-0.5686585,-2.3986585,-2.8286583,-2.6086586,-2.5886583,-1.5286584,-1.0686585,-1.2286584,-1.7386584,-2.4886584,-1.5686585,-0.66865844,-1.7086585,-0.85865843,-0.66865844,-0.54865843,-2.0386584,-1.1386584,-0.63865846,-1.8586584
4.9713416,0.79134154,1.9313415,-0.25865844,-0.018658448,0.21134156,0.71134156,1.6213416,1.4013416,1.5213416,2.2513416,2.5813415,2.5413415,2.5913415,2.5513415,2.7413416,3.4913416,3.5113416,2.7313416,3.7913415,1.9813416,1.7113415,-0.118658446,-0.24865845,-1.4486585,-1.1086584,-0.26865846,-1.7486584,-2.6286585,-1.9086585,-1.2786584,-0.51865846,0.0013415527,-0.89865845,-1.0686585,-0.64865845,-1.6886585,-0.008658447,-1.8486584,0.32134154,-1.2286584
0.9313415,0.13134155,-0.53865844,-0.18865845,-0.31865844,-0.41865844,0.91134155,2.2113416,2.1113415,1.2313416,2.2813416,1.9213415,0.66134155,2.7713416,3.1513414,3.0913415,3.1413414,4.1613417,1.9313415,4.5313416,3.0313416,0.99134153,-0.8686584,-0.8186585,-0.57865846,-1.4286585,-1.3286585,-1.3986584,-1.5286584,-2.2686584,-1.7186584,-2.2786584,-2.9786584,-2.4986584,-0.8686584,-0.8786585,-1.2186584,-0.15865844,-0.7486584,1.1413416,-0.91865844
2.4413416,-0.018658448,-0.57865846,-0.63865846,-0.22865845,0.16134155,0.20134155,1.2213416,1.6813415,1.0313416,-0.07865845,1.1213416,1.6013416,3.0613415,3.8013415,3.0413415,3.5413415,4.1113415,1.8613416,4.7813416,2.1213415,0.55134153,-1.0986584,-0.39865845,-0.59865844,-0.76865846,-2.4286585,-2.4186585,-2.4286585,-2.5786583,-2.0386584,-2.4586585,-1.9686584,-2.7486584,-2.0886583,-2.3886585,-2.4886584,-1.0886585,-0.20865844,-0.45865846,-0.41865844
2.5513415,-0.40865844,-0.7386584,-1.1086584,-0.49865845,-0.69865847,-0.72865844,0.011341553,2.6813416,0.5613415,0.20134155,1.3013415,1.5813415,3.7013416,4.2013416,2.4413416,2.2713416,1.0913415,1.4113415,3.6713417,0.7513416,-0.07865845,-0.30865845,-1.3786584,-0.40865844,-1.7886585,-1.7486584,-2.5586584,-2.1186585,-1.3886584,-1.4086585,-1.5886585,-1.6986585,-1.9686584,-1.7486584,-2.3886585,-2.1286585,-1.6086584,-2.8586586,-1.5686585,-1.0186584
3.8413415,-0.24865845,-0.24865845,-0.34865844,-1.1886585,-0.6786584,-0.09865845,0.8113415,0.52134156,0.92134154,0.61134154,0.85134155,2.0013416,3.0813415,3.7613416,2.2013416,2.2513416,2.2613416,1.3213415,2.9513416,1.6513416,-0.048658445,0.061341554,-0.15865844,-0.5686585,-1.6786585,-2.0386584,-1.5686585,-1.3686584,-1.0286584,-1.1686585,-0.8786585,-1.0386585,-0.7386584,-1.0086584,-1.4886584,-1.5086584,-1.3686584,-1.1986585,-0.95865846,-0.76865846
-0.24865845,-1.1886585,-1.2586584,-0.40865844,-0.58865845,-1.1686585,0.47134155,0.41134155,1.1313416,-0.008658447,-0.26865846,1.4913416,1.6013416,1.3713416,3.1613417,2.9613416,3.9913416,2.3013415,1.1713415,2.9313416,2.3813415,0.22134155,0.17134155,-0.39865845,-1.0586585,-1.2786584,-1.2586584,-0.75865847,-0.64865845,-0.52865845,0.091341555,-0.65865844,-0.22865845,0.0013415527,0.29134154,0.84134156,-0.14865845,0.22134155,-0.34865844,-0.7486584,-0.7386584
