wind_kz.json
{"header": {"discipline":0,"disciplineName":"Meteorological products","gribEdition":2,"gribLength":1025,"center":7,"centerName":"US National Weather Service - NCEP(WMC)","subcenter":0,"refTime":"2024-02-01T00:00:00.000Z","significanceOfRT":1,"significanceOfRTName":"Start of forecast","productStatus":0,"productStatusName":"Operational products","productType":1,"productTypeName":"Forecast products","productDefinitionTemplate":0,"productDefinitionTemplateName":"Analysis/forecast at horizontal level/layer at a point in time","parameterCategory":2,"parameterCategoryName":"UnknownDiscipline_0_Category_2","parameterNumber":3,"parameterNumberName":"UnknownParameter_D0_C2_3","parameterUnit":"Unknown","genProcessType":2,"genProcessTypeName":"Forecast","forecastTime":300,"surface1Type":103,"surface1TypeName":"Specified height level above ground","surface1Value":10.0,"surface2Type":255,"surface2TypeName":"Missing","surface2Value":0.0,"gridDefinitionTemplate":0,"gridDefinitionTemplateName":"Latitude_Longitude","numberPoints":615,"shape":6,"shapeName":"Earth spherical with radius of 6,371,229.0 m","gridUnits":"degrees","resolution":48,"winds":"true","scanMode":64,"nx":41,"ny":15,"basicAngle":0,"lo1":47.0,"la1":41.0,"lo2":87.0,"la2":55.0,"dx":1.0,"dy":1.0}, "data":
[rows 0 to 14 of 15, columns 0 to 40 of 41]
1.8094459,0.8494458,8.259446,7.329446,4.8194456,3.2394457,2.6894457,2.3494458,1.0594459,-0.1405542,-2.0305543,-2.7005541,-3.5705543,-4.3005543,-5.310554,-4.6405544,-5.0105543,-2.1305542,-5.020554,-3.0605543,-1.4205542,-3.1905541,-2.3605542,-0.2405542,2.4194458,1.5694458,-1.4705542,-0.7305542,-0.0605542,-0.20055419,-3.3305542,-5.360554,0.6794458,2.0394459,0.8894458,0.8294458,2.2394457,0.8194458,1.0194458,2.3794458,2.249446
6.389446,-0.9505542,9.679446,9.009446,7.3394456,7.019446,3.4094458,2.3794458,1.2394458,-0.3805542,-1.8005542,-3.2705543,-4.1805544,-4.7205544,-6.370554,-6.380554,-3.7905543,-4.840554,-4.830554,-4.8205543,-3.5605543,-2.6105542,-3.0105543,-2.4505541,-1.3305542,-1.5105542,-2.4205542,0.3994458,0.7194458,-0.4005542,2.9894457,0.1494458,-2.8605542,-5.0505543,-6.4705544,-2.6305542,-2.5605543,-0.3005542,1.9094458,-1.0305542,0.6194458
4.329446,9.569446,8.909446,8.819446,6.099446,5.269446,3.9794457,3.019446,1.8194458,-0.6505542,-2.740554,-3.490554,-4.400554,-4.600554,-4.520554,-4.9305544,-5.2005544,-5.0505543,-3.750554,-2.8505542,-3.5505543,-0.6305542,-6.920554,-1.6505542,-2.2605543,-1.7305542,-2.750554,-2.5605543,-0.7705542,1.2294458,1.7694458,-0.5705542,0.5294458,-2.4305542,-1.7405542,0.3394458,0.0294458,-3.0705543,0.6094458,0.4494458,0.8894458
6.209446,7.959446,8.319446,8.839446,6.309446,5.059446,5.409446,2.7194457,1.3394458,0.3694458,-1.5305542,-3.5605543,-4.7405543,-5.000554,-4.2005544,-5.040554,-5.1405544,-5.7205544,-6.480554,-4.5305543,-3.8305542,-2.720554,0.069445804,-1.5505542,-1.9605542,-3.5205543,-3.6605542,-4.4305544,-1.0305542,-2.4605541,-3.6105542,-2.6905541,-0.20055419,-2.470554,-1.7805542,-2.990554,0.2394458,4.189446,-1.0505542,-0.1505542,0.5494458
3.8494458,4.129446,2.3794458,1.8094459,4.139446,3.4394457,2.4594457,2.0894458,1.5294458,0.019445801,-0.8905542,-2.1605542,-3.8605542,-4.350554,-4.830554,-4.5305543,-4.440554,-5.100554,-5.080554,-6.3205543,-2.7005541,-1.7105542,-2.230554,-1.7205542,-1.2905542,-1.9805542,-1.9905542,-3.2105541,-2.7905543,-2.8505542,-3.480554,-2.7005541,2.2094457,-0.0605542,-0.1005542,-1.0205542,-0.2305542,-1.3205543,-0.7005542,-0.4705542,-0.8705542
5.369446,3.9094458,1.2894458,1.2294458,0.9394458,0.9894458,2.5394459,1.9794458,0.9794458,0.7394458,0.0294458,-0.9005542,-2.9605541,-4.460554,-3.9405541,-4.0305543,-4.040554,-4.2205544,-4.090554,-3.5905542,-4.310554,-3.480554,-2.3005543,-2.3005543,-2.0905542,-2.240554,-2.1405542,-2.7705543,-1.8005542,-2.5905542,-2.6605542,-2.3605542,-1.7905542,-1.4105542,0.039445803,-1.2305542,0.0494458,-0.4605542,0.1994458,-0.8805542,-1.5405542
4.6794457,5.099446,5.479446,4.479446,3.3294458,2.7294457,2.1494458,1.4094458,0.7694458,0.5294458,-0.1305542,-0.9305542,-2.0305543,-3.2805543,-4.0705543,-3.8505542,-3.5805542,-2.9505541,-2.9305542,-2.2605543,-3.0405543,-3.0405543,-2.720554,-2.3505542,-1.6205542,-1.3105541,-1.7205542,-2.000554,-1.0705543,-1.7605542,-1.7505542,-0.9805542,-0.0605542,0.1594458,-0.1405542,-0.9005542,-1.5805542,0.4494458,-2.490554,-0.8405542,0.6494458
4.159446,4.2194457,3.769446,2.7894459,2.1994457,1.5694458,1.1194458,1.3694458,1.1594458,0.5594458,0.1994458,0.0494458,-1.5805542,-1.2505542,-2.5705543,-2.1205542,-2.3505542,-1.9905542,-2.3105543,-0.9305542,-1.4505543,-1.9605542,-2.0805542,-2.2105541,-1.6005542,-1.0705543,-1.0405542,-2.4405541,-1.0805542,0.1394458,-0.4305542,0.2294458,-1.7305542,0.1894458,1.2594458,0.5294458,0.2994458,-1.0105542,0.7194458,-0.0705542,-1.4105542
4.119446,3.7294457,3.1494458,2.5594459,1.8194458,1.2894458,0.9694458,0.2894458,0.2094458,0.3994458,0.4894458,0.3994458,0.0994458,-0.7505542,-0.6805542,-1.2405542,-1.1005542,-1.5105542,-1.3905542,-2.0305543,-0.8905542,-0.8205542,-0.2205542,-0.010554199,0.4894458,1.3094459,1.2594458,1.1894459,1.0794458,0.0894458,0.1094458,1.1394458,1.1994458,-0.9905542,0.6394458,0.4394458,-0.2205542,-0.2205542,-1.9505543,-2.1105542,-0.5505542
4.0094457,3.0394459,2.029446,0.8094458,0.4394458,0.1794458,0.0894458,-0.2205542,-0.2805542,-0.20055419,0.039445803,0.1994458,-0.4505542,-0.5405542,-0.1805542,0.0294458,-0.1305542,0.5294458,0.2294458,0.069445804,-0.6805542,-0.2605542,-0.2605542,0.5394458,1.3394458,1.4294457,2.5494459,2.3494458,2.259446,2.0794458,1.2194458,-0.7905542,-0.8105542,-0.2105542,1.4294457,1.4594458,0.47944582,-1.8605542,0.3094458,1.7094458,0.3994458
2.6294458,2.2094457,2.6294458,0.9294458,0.4394458,0.3594458,0.2294458,0.0794458,-0.5405542,-0.8205542,-0.3605542,0.0494458,-0.0305542,-0.110554196,-0.8305542,-0.7605542,-1.3905542,-0.3805542,1.9594458,0.2094458,-0.110554196,-0.0605542,-0.9205542,-0.1005542,0.8794458,1.8594458,1.1894459,1.9494458,2.6094458,1.7794458,1.0994458,1.2694458,0.8294458,0.3594458,1.9594458,2.259446,1.5494457,1.8094459,-0.7905542,-0.8805542,-1.0205542
2.029446,0.3694458,1.3394458,2.1494458,1.9494458,0.5694458,-0.0505542,-0.1205542,-1.4205542,-1.0705543,-0.4805542,0.0094458,0.1594458,-0.20055419,-0.7805542,-1.2705542,-2.1005542,-2.0405543,-0.3605542,-0.4105542,-0.8005542,-1.3505542,-0.9805542,-1.0205542,-0.20055419,0.4594458,2.3294458,1.1894459,1.8694458,1.6294458,2.029446,2.1694458,1.0694458,0.6094458,0.6394458,1.4794458,-0.0905542,-1.0305542,0.1094458,-0.2605542,-0.7305542
3.4694457,2.5494459,1.1294458,0.9594458,1.0994458,1.3394458,-0.2105542,-0.0905542,-0.0505542,-0.2805542,-0.8805542,-0.4005542,1.6594458,-0.4905542,-0.7905542,-1.1005542,-1.1205542,-1.5405542,-1.7805542,-0.9505542,-0.9405542,-1.7305542,-2.0405543,-2.8205543,-4.1805544,-2.7005541,0.6594458,1.9794458,1.9994458,2.0494459,2.0694458,2.1694458,1.7094458,1.1394458,1.6294458,0.6994458,0.8894458,0.059445802,-0.8205542,0.1994458,0.2894458
4.979446,4.3394456,4.039446,2.8094459,1.3894458,1.3594458,1.0894458,1.3494458,1.2394458,1.0694458,-0.1205542,-0.0905542,0.0794458,1.5694458,1.1294458,0.5094458,-0.1205542,-0.2405542,-0.4205542,-0.3305542,-1.2405542,-1.4305542,-1.6605542,-2.3105543,-2.0305543,0.3294458,1.3394458,1.6794457,1.8394458,1.9894458,1.9794458,1.9294457,2.279446,2.2894459,1.7894458,1.4794458,0.1294458,0.3194458,0.6094458,0.6894458,1.1494458
3.519446,4.229446,3.8194458,3.3894458,3.7094457,2.1594458,2.269446,2.1594458,1.7494458,1.4494458,0.5394458,0.4694458,0.5894458,-0.9905542,0.5194458,0.7394458,0.4094458,-0.7205542,0.3694458,-0.27055418,-2.0205543,-1.1105542,-1.0105542,-1.1605542,-0.9605542,1.3394458,1.8394458,1.7494458,1.8594458,2.1494458,2.499446,2.0894458,2.0394459,1.9594458,1.8994458,1.8294458,1.5094458,1.8994458,1.2494458,0.7994458,-0.0505542
