wind_kz.json
{"header": {"discipline":0,"disciplineName":"Meteorological products","gribEdition":2,"gribLength":1025,"center":7,"centerName":"US National Weather Service - NCEP(WMC)","subcenter":0,"refTime":"2025-04-06T00:00:00.000Z","significanceOfRT":1,"significanceOfRTName":"Start of forecast","productStatus":0,"productStatusName":"Operational products","productType":1,"productTypeName":"Forecast products","productDefinitionTemplate":0,"productDefinitionTemplateName":"Analysis/forecast at horizontal level/layer at a point in time","parameterCategory":2,"parameterCategoryName":"UnknownDiscipline_0_Category_2","parameterNumber":2,"parameterNumberName":"UnknownParameter_D0_C2_2","parameterUnit":"Unknown","genProcessType":2,"genProcessTypeName":"Forecast","forecastTime":120,"surface1Type":103,"surface1TypeName":"Specified height level above ground","surface1Value":10.0,"surface2Type":255,"surface2TypeName":"Missing","surface2Value":0.0,"gridDefinitionTemplate":0,"gridDefinitionTemplateName":"Latitude_Longitude","numberPoints":615,"shape":6,"shapeName":"Earth spherical with radius of 6,371,229.0 m","gridUnits":"degrees","resolution":48,"winds":"true","scanMode":64,"nx":41,"ny":15,"basicAngle":0,"lo1":47.0,"la1":41.0,"lo2":87.0,"la2":55.0,"dx":1.0,"dy":1.0}, "data":
[rows 0 to 14 of 15, columns 0 to 40 of 41]
4.1751904,2.6651905,1.7551904,6.2051907,5.9551907,6.18519,4.4251904,5.0151906,8.44519,1.5151905,2.6151905,-3.8648095,-6.0548096,-4.4948096,-4.5948095,-4.9848094,-4.4848094,-3.7948096,-4.9348097,-4.4448094,-4.7248096,-2.7048097,-1.4148096,-3.4048095,-0.43480957,-1.1648096,-2.9748096,-2.8048096,1.1651905,0.68519044,-1.6848096,-1.5148096,-1.6248096,4.2251906,-3.1248095,-4.1648097,-5.2948093,-4.4848094,-4.56481,-3.9648097,-6.3648095
2.6951904,-1.0548096,5.0951905,6.1751904,5.5451903,7.5651903,6.5351906,3.2951903,3.5251904,3.3251905,1.9751904,0.5351904,-5.9048095,-5.6848097,-4.56481,-6.06481,-5.9248095,-6.5948095,-4.0948095,-4.7548094,-3.8948095,-1.9648095,-0.9748096,-3.8348095,-0.7748096,0.105190426,-1.2148095,-0.56480956,-1.6748096,-1.2448096,0.11519043,-0.68480957,1.4251904,-1.4948096,-1.2548096,-0.42480958,-1.3048096,0.32519042,-0.50480956,-0.23480958,-4.2748094
2.7051904,5.9751906,5.66519,6.9551907,6.5951905,4.0051904,1.2351904,0.31519043,1.8351904,2.3651905,-0.62480956,-1.7148095,-4.06481,-5.7348094,-5.7548094,-5.0748096,-4.4248095,-5.3748097,-3.7648096,-4.4748096,-5.5348096,-5.08481,-3.3948095,-3.5148096,0.39519042,-3.3748095,-2.1648095,-1.9948096,-1.7648096,-0.6548096,-1.7648096,1.9851904,-0.47480956,-1.1948096,-0.7148096,-0.9148096,-1.8248096,0.33519042,-1.6148095,-0.34480956,0.32519042
4.0351906,5.0651903,6.4651904,6.7451906,3.8251905,2.5751905,2.9251904,1.6451905,-3.6448095,3.5651903,1.3651904,-0.30480957,-4.4548097,-5.7548094,-5.3848095,-5.0448093,-5.2048097,-4.6448097,-4.1048098,-4.1248097,-2.8448095,-2.5148096,-2.6648095,-4.9848094,-6.5748096,-5.2648096,-4.2248096,-7.1348095,-2.8548095,-0.7748096,-1.1148095,-6.7148094,-3.1248095,-3.8248096,-3.4848096,-2.6148095,-2.3748095,0.16519043,0.74519044,-0.30480957,-1.0348096
3.5551903,5.8951902,5.5051904,4.2151904,1.9751904,3.6951904,5.4551907,3.5251904,1.5751904,2.1751904,-1.4848095,-2.2148097,-2.4048095,-5.56481,-6.4648094,-5.8848095,-5.3048096,-4.7248096,-4.5448093,-6.4148097,-7.9448094,-7.9048095,-6.9648094,-5.9348097,-7.33481,-6.5948095,-6.6048098,-3.0648096,-3.7948096,-3.1848097,-3.7348096,-2.3248096,-2.9848096,-1.1148095,0.61519045,-0.21480957,-1.8048096,-3.8748095,-3.0548096,-3.5748096,-4.4248095
3.5251904,4.2951903,4.0251904,2.3151903,2.5851905,2.9251904,3.0951905,0.21519043,1.0851904,-0.22480957,0.39519042,-1.7348095,-2.5848095,-6.06481,-4.6948094,-5.4448094,-5.8548098,-7.0548096,-7.5748096,-6.3248096,-6.8848095,-6.7748094,-5.2948093,-5.6748095,-5.9048095,-5.9948096,-4.8848095,-4.1348095,-4.6648097,-4.1348095,-4.6648097,-3.7448096,-3.1948097,-2.8648095,-1.1248096,-5.3748097,-0.75480956,-2.1048095,-0.94480956,-1.9148096,-2.2548096
2.8451905,3.7351904,3.4551904,1.4051905,2.8451905,0.25519043,2.8151903,1.3651904,1.3051904,1.3551904,2.4351904,-1.4248096,-2.7248096,-3.4648097,-3.8248096,-5.06481,-5.5948095,-7.56481,-7.0448093,-7.8448095,-5.6048098,-4.81481,-4.1448097,-4.8248096,-4.5348096,-5.7048097,-4.2948093,-4.6148095,-4.6948094,-4.2048097,-5.1348095,-4.2448096,-1.3848096,-2.4748096,-3.6948097,-2.9048095,-1.5748096,1.9751904,-2.1548095,1.8451904,0.03519043
1.8351904,2.3051903,2.0951905,0.61519045,1.0051904,0.91519046,0.8451904,2.1951904,1.5651904,-0.94480956,-0.88480955,-1.3048096,-2.8648095,-0.46480957,-1.8048096,-2.7648096,-4.9348097,-7.3848095,-5.33481,-6.1648097,-4.5548096,-3.8248096,-3.2448096,-3.6748095,-3.3748095,-2.6848097,-3.1148095,-3.8648095,-3.4648097,-2.8848095,-4.1648097,-2.2348096,-4.5248094,-0.89480954,-3.0048096,-1.3148096,-0.06480957,2.7951903,1.8751904,2.2151904,-0.19480957
1.3451904,0.47519043,-0.8648096,0.5251904,1.7451904,-0.08480957,0.99519044,1.1751904,-0.19480957,1.8951905,-1.7248095,-2.1748095,-3.0448096,-1.9848095,-2.3748095,-2.7048097,-2.8948095,-5.8248096,-4.2548094,-4.2648096,-4.3648095,-2.2748096,-1.8248096,-2.1648095,-1.9248096,-2.8948095,-2.0348096,-2.4848096,-1.4248096,-1.4048096,-1.8448095,-1.5248096,-1.5048096,-1.4848095,-1.0948095,-0.23480958,0.07519043,-2.9248095,-1.6148095,0.5151904,-2.2848096
0.7751904,0.5251904,0.31519043,-0.50480956,-0.28480956,-0.8548096,-1.7248095,-0.70480955,-0.74480957,0.18519042,0.30519044,-0.43480957,-2.4648097,-3.4548097,-2.3548095,-1.0248096,-0.48480958,-2.9648097,-3.5148096,-2.8548095,-2.0248096,-1.0948095,-0.8548096,-1.1748096,-1.7348095,-1.1948096,-0.11480957,-1.4048096,-0.57480955,-0.7848096,-0.8048096,-0.35480958,-1.1848096,-1.9848095,-0.8048096,-1.0148096,-1.4948096,-0.21480957,-2.5148096,-0.20480958,-1.6048095
0.0051904297,-0.83480954,-0.14480957,-0.70480955,-0.6748096,-0.70480955,-0.8448096,-1.2848096,-0.16480957,0.45519042,1.6651905,1.2651905,-1.5348096,-1.4548095,0.03519043,-1.3248096,-1.4248096,0.5951904,-4.0748096,-2.6448095,-0.33480957,-0.5448096,-0.57480955,0.26519042,-0.68480957,-0.27480957,0.21519043,0.34519044,0.18519042,0.105190426,0.07519043,-1.5848095,-2.0648096,-1.7448096,-1.4248096,-0.87480956,-1.2748096,-0.39480957,-1.0648096,0.31519043,-1.5048096
0.81519043,0.01519043,0.17519043,-0.38480958,-0.31480956,-1.4248096,-0.8648096,-1.5348096,-0.23480958,0.6551904,1.9151905,3.2351904,0.74519044,0.8251904,-0.05480957,-1.6448096,-2.0148096,-2.2348096,-1.5848095,-1.1848096,-0.74480957,0.45519042,0.18519042,0.5251904,1.2051904,1.2151904,0.28519043,1.4351904,1.1551905,-0.48480958,-1.6148095,-0.8048096,-1.1048095,-1.4748095,-1.9848095,-2.2548096,-1.4148096,-0.68480957,-0.25480956,-0.9248096,-0.7948096
0.31519043,0.38519043,0.31519043,0.30519044,-0.13480957,-1.4148096,-1.1648096,-0.81480956,-2.0548096,0.30519044,1.3851905,3.5551903,3.6251905,3.0651903,3.6851904,4.3051906,3.2951903,1.7951905,2.0051904,0.08519043,4.4651904,0.6451904,1.4551904,1.6551905,3.1151905,1.4751904,0.99519044,0.9051904,0.19519043,-0.26480958,-0.43480957,-0.36480957,-0.30480957,-0.21480957,-0.7148096,-1.1348096,-1.6048095,-1.4048096,-2.0848095,-1.3248096,-1.2548096
0.9551904,1.2251904,2.1151905,1.4451904,0.75519043,0.13519043,-1.0348096,-0.32480958,1.0051904,2.0351903,1.0851904,2.5651903,5.2651906,3.9151905,4.0651903,3.0451903,2.1251905,3.3551905,3.0351903,3.8551905,4.6951904,3.5451903,0.75519043,3.9451904,1.3251904,0.7751904,-0.8448096,0.55519044,-0.14480957,0.37519044,0.19519043,0.40519044,0.19519043,0.29519042,0.40519044,-0.07480957,-0.63480955,-0.7248096,-0.95480955,-0.32480958,-0.88480955
0.7151904,1.8751904,2.5751905,0.68519044,1.0651904,0.60519046,1.6751904,2.1251905,2.8051903,3.1151905,3.4651904,5.6351905,4.8451905,3.6151905,5.2251906,2.6251905,2.9951904,2.7651904,1.8551904,2.6751904,2.9951904,3.6051905,0.27519044,0.45519042,1.0551904,0.80519044,0.22519043,0.37519044,0.27519044,0.67519045,0.6451904,1.0451905,0.62519044,0.9751904,1.1851904,1.2351904,0.39519042,1.1751904,0.07519043,0.105190426,-1.0148096
