wind.json
{"header": {"discipline":0,"disciplineName":"Meteorological products","gribEdition":2,"gribLength":1211,"center":7,"centerName":"US National Weather Service - NCEP(WMC)","subcenter":0,"refTime":"2023-07-01T06:00:00.000Z","significanceOfRT":1,"significanceOfRTName":"Start of forecast","productStatus":0,"productStatusName":"Operational products","productType":1,"productTypeName":"Forecast products","productDefinitionTemplate":0,"productDefinitionTemplateName":"Analysis/forecast at horizontal level/layer at a point in time","parameterCategory":2,"parameterCategoryName":"UnknownDiscipline_0_Category_2","parameterNumber":3,"parameterNumberName":"UnknownParameter_D0_C2_3","parameterUnit":"Unknown","genProcessType":2,"genProcessTypeName":"Forecast","forecastTime":240,"surface1Type":103,"surface1TypeName":"Specified height level above ground","surface1Value":10.0,"surface2Type":255,"surface2TypeName":"Missing","surface2Value":0.0,"gridDefinitionTemplate":0,"gridDefinitionTemplateName":"Latitude_Longitude","numberPoints":688,"shape":6,"shapeName":"Earth spherical with radius of 6,371,229.0 m","gridUnits":"degrees","resolution":48,"winds":"true","scanMode":64,"nx":43,"ny":16,"basicAngle":0,"lo1":45.0,"la1":40.0,"lo2":87.0,"la2":55.0,"dx":1.0,"dy":1.0}, "data":
[rows 0 to 15 of 16, columns 0 to 42 of 43]
1.6635547,0.123554684,-1.4764453,-1.4564453,-0.8864453,-11.106445,-7.8364453,-1.4364454,4.7835546,2.0035546,1.8535547,2.3335547,2.3035548,1.0335547,-2.8964453,-3.3264453,-4.4864454,-2.9164453,-3.6664453,-5.9664454,-8.756445,-3.8764453,-7.806445,-3.7264452,-2.2864454,-2.4964454,-3.7764454,-3.8364453,-2.6564453,-0.5664453,1.3635547,3.0235548,1.6835546,1.9135547,0.60355467,-0.05644531,0.9635547,-0.31644532,2.7835548,3.4835546,1.6035547,-5.6664453,-4.0064454
-1.6864454,-4.056445,0.46355468,2.3235548,-4.9064455,-10.836445,-7.3664455,0.3835547,3.9435546,4.023555,2.7235546,4.253555,1.6635547,-0.9364453,-2.1264453,-3.0664454,-3.7064452,-4.6164455,-3.6164453,-0.82644534,-5.496445,-6.326445,-7.846445,-4.976445,2.9435546,1.6135547,2.6735547,2.1235547,2.0435548,-2.0964453,-2.6364453,-2.7564454,0.5635547,2.6135547,-1.3364453,0.6335547,0.9535547,1.1435547,2.6935546,4.1335545,3.2235546,2.8235548,-0.016445313
0.5635547,2.0935547,0.9735547,-4.206445,-12.396445,-10.336445,-6.4164453,-1.7464453,7.1635547,4.9135547,4.943555,5.3535547,2.4735546,0.6235547,-1.1064453,-2.7564454,-4.9664454,-5.0464454,-4.2564454,-3.6464453,-4.706445,-7.5264454,-8.446445,-5.7964454,3.3935547,-2.0364454,2.2835548,2.2035546,3.5335548,-1.0464454,-0.19644532,-1.6464453,-3.6364453,-3.7564454,0.37355468,-0.7164453,3.1935546,3.8035548,2.1635547,3.7535546,4.313555,1.1835546,-0.3064453
-0.6864453,-0.16644531,-2.7764454,-9.136445,-9.366446,-5.4864454,-3.9864454,4.4935546,6.1135545,5.273555,7.3635545,6.193555,4.6835546,3.2135546,0.4435547,-1.6764454,-3.8064454,-5.326445,-6.0664454,-5.6464453,-4.5664454,-7.9164453,-5.6564455,-5.686445,-5.456445,-4.1264453,-4.3564453,-3.0564454,-1.2464453,-2.6764452,-1.4064453,-2.9864454,-3.4164453,-0.2964453,-2.7364454,0.7235547,-0.096445315,-1.9164453,-2.8164454,-0.25644532,-2.1664453,2.3435547,-1.7764453
0.7135547,-2.2564454,-3.8264453,-7.4264455,-6.076445,-4.286445,-1.8464453,7.1235547,7.253555,8.3435545,8.393555,7.0535545,6.2835546,4.193555,-2.8164454,-1.0664454,-1.4964453,-2.8464453,-4.3164454,-4.6264453,-4.5064454,-5.6464453,-4.766445,-4.806445,-1.9164453,-3.4364452,-3.3664453,-3.4164453,-2.9864454,-2.7564454,-3.3264453,-5.1464453,-6.7164454,-2.1864452,1.7335547,1.5435547,0.2635547,0.2535547,2.3635547,0.85355467,-3.4664452,-3.6264453,-2.7864454
-1.5064453,-2.0664454,-5.226445,-5.786445,-9.426445,-4.7964454,-3.9264452,4.8435545,7.7235546,8.0935545,9.113555,8.693555,7.023555,4.8335547,1.4935547,0.43355468,1.5035547,0.5535547,-1.5664454,-2.8664453,-2.4964454,-0.5464453,-1.4864453,-1.0664454,-0.76644534,-1.1464453,-1.1264453,-2.0864453,-3.2664454,-3.5064454,-4.0264454,-5.4264455,-6.2564454,-6.0464454,-2.0564454,-1.2764453,0.6235547,3.3335547,1.0235547,2.1335547,-0.24644531,0.6335547,-0.22644532
-1.1564453,-2.0764453,-1.2064453,-3.2264452,-1.9964453,-6.4664454,-4.1264453,-2.1464453,5.8335547,5.503555,7.8435545,7.4135547,6.0535545,5.0735545,3.8435547,2.0835547,0.6435547,-0.95644534,1.9035547,0.9935547,-0.28644532,1.4635547,1.4635547,0.73355466,0.43355468,1.1435547,1.2535547,0.3535547,-0.5964453,-5.476445,-5.1364455,-4.4064455,-4.6464453,-6.9864454,-3.1264453,-2.8564453,-3.6764452,-0.37644532,-4.1664453,-3.5364454,-1.1164453,3.1535547,-1.7464453
-1.8064454,-1.3964453,-1.8764453,-2.1364453,-1.5764453,-2.9064453,-6.096445,-0.34644532,4.8235545,6.5535545,6.3035545,7.153555,6.923555,5.1635547,3.3535547,2.1735547,0.2935547,-0.2964453,2.4035547,3.2735548,2.5735548,1.6735547,2.3835547,2.8435547,1.8635547,1.7235547,1.7735547,0.9735547,-0.3664453,-2.7564454,-4.0664454,-4.516445,-4.326445,-4.7564454,-6.056445,-1.9764453,1.0235547,2.4735546,2.6535547,-2.3564453,-1.7964454,1.7235547,-7.5064454
-4.0264454,-3.7164452,-3.0964453,-1.6764454,-2.3864453,-4.6064453,-4.9464455,-5.1764455,1.2035546,2.1335547,7.6635547,7.6235547,6.8835545,5.3235545,4.1035547,1.3035547,2.9535546,-0.5064453,-0.44644532,3.7835548,4.7435546,3.8735547,3.7335546,3.3535547,3.6135547,2.5735548,2.4535546,2.6035547,1.2535547,0.07355469,-1.5064453,-3.2864454,-3.5464454,-4.5864453,-4.706445,-6.3664455,-4.3364453,-2.9264452,-1.4864453,-0.37644532,0.3235547,-0.37644532,0.2635547
-4.9864454,-4.596445,-5.3164454,-5.1664453,-3.4064453,-4.3864455,-2.7264452,-2.1964452,-2.3664453,0.92355466,3.1735547,7.3435545,7.5135546,5.8835545,3.4635546,2.9035547,4.4135547,1.5635546,-0.5464453,2.8835547,5.693555,5.943555,4.6335545,5.2635546,4.7435546,3.7535546,3.6835546,3.1735547,1.0135547,-1.1964453,-1.4764453,-2.3164454,-2.7164452,-3.8364453,-3.9764452,-4.936445,-5.3864455,-4.516445,0.24355468,-4.5664454,-3.3264453,-2.5964453,0.19355468
-6.556445,-7.436445,-6.456445,-7.1664453,-6.306445,-5.9864454,-3.3564453,-0.026445312,2.8035548,0.3235547,1.2735547,3.6635547,6.063555,5.903555,4.8635545,7.2035546,6.9535546,4.9735546,2.4035547,1.0335547,4.813555,8.153555,6.963555,6.0935545,6.1035547,4.6635547,4.4535546,3.3535547,2.4035547,0.8435547,-0.37644532,-0.25644532,-1.5364453,-1.1664453,-2.4664452,-4.306445,-5.3664455,-3.4864454,-1.7364453,1.7435547,-1.7064453,-2.7164452,-2.4964454
-6.9064455,-6.846445,-5.4864454,-8.316445,-8.016445,-8.576446,-7.726445,-4.2164454,1.7135547,3.5935547,2.8335547,2.7835548,5.2035546,4.9335546,5.943555,8.903555,7.5535545,4.4735546,-0.10644531,-2.1064453,4.7235546,8.983555,8.263555,7.4135547,6.8635545,6.3235545,5.6035547,4.813555,3.8635547,2.5935547,1.2735547,0.34355468,1.5635546,1.7735547,-0.24644531,-2.5464454,-3.6064453,-4.9164453,-2.1264453,-0.7864453,0.6935547,0.66355467,-0.13644531
-7.1264453,-7.2364454,-6.976445,-6.1164455,-6.096445,-8.276445,-8.396445,-8.316445,-4.9164453,1.3235546,2.4835546,4.2635546,6.1235547,6.7035546,7.0735545,8.123554,6.0735545,2.8835547,0.4435547,0.8135547,4.7235546,8.463554,8.393555,7.6835546,7.213555,6.8035545,6.2235546,4.543555,3.5035546,2.8535547,3.7835548,3.3435547,3.6035547,3.2635546,2.5535548,0.9735547,0.3335547,-2.0664454,-2.9564452,-2.3164454,-1.7164453,-2.0864453,-1.2064453
-6.1964455,-6.6764455,-6.436445,-7.5664454,-7.706445,-6.9164453,-7.576445,-6.0664454,-7.476445,-5.6364455,-0.6764453,1.8335547,4.3535547,5.0735545,6.923555,5.3435545,3.7335546,2.2135546,1.8435547,2.9735546,5.3635545,7.003555,7.3735547,7.2635546,6.8835545,6.6335545,5.2835546,4.1635547,2.7135546,3.0235548,3.7035546,5.0535545,3.9135547,4.153555,3.8935547,3.1035547,2.9735546,2.5635548,1.2835547,0.4735547,-0.5564453,-0.7564453,-1.1964453
-4.8364453,-4.556445,-6.3864455,-6.9664454,-7.4664454,-6.576445,-6.476445,-5.746445,-6.6264453,-6.246445,-5.5064454,-4.5464454,2.4735546,3.3035548,5.5135546,4.8035545,3.9435546,3.8635547,3.7135546,2.9135547,2.7835548,4.1435547,5.0835547,5.253555,5.1835546,5.713555,4.293555,3.1835546,3.0135546,3.7535546,4.7835546,6.063555,5.983555,4.3935547,4.8335547,5.3235545,3.9235547,3.8435547,2.5135546,2.4435546,1.8835547,0.4435547,1.3035547
-5.3664455,-4.9064455,-3.3364453,-5.706445,-7.1564455,-5.496445,-4.8664455,-4.226445,-4.8764453,-4.596445,-4.6764455,-4.7364454,-3.5764453,-2.9064453,-1.4664453,2.4235547,3.7335546,3.6135547,3.4535546,3.6535547,3.0835547,2.8535547,2.4935546,3.3635547,4.8035545,5.5535545,4.4735546,4.0835547,4.023555,5.773555,6.9535546,7.1035547,5.2235546,5.3635545,4.8735547,4.653555,4.713555,5.2435546,4.4935546,4.483555,1.9535546,3.3135548,2.1435547
