wind_kz.json
{"header": {"discipline":0,"disciplineName":"Meteorological products","gribEdition":2,"gribLength":1102,"center":7,"centerName":"US National Weather Service - NCEP(WMC)","subcenter":0,"refTime":"2023-09-29T12:00:00.000Z","significanceOfRT":1,"significanceOfRTName":"Start of forecast","productStatus":0,"productStatusName":"Operational products","productType":1,"productTypeName":"Forecast products","productDefinitionTemplate":0,"productDefinitionTemplateName":"Analysis/forecast at horizontal level/layer at a point in time","parameterCategory":2,"parameterCategoryName":"UnknownDiscipline_0_Category_2","parameterNumber":3,"parameterNumberName":"UnknownParameter_D0_C2_3","parameterUnit":"Unknown","genProcessType":2,"genProcessTypeName":"Forecast","forecastTime":240,"surface1Type":103,"surface1TypeName":"Specified height level above ground","surface1Value":10.0,"surface2Type":255,"surface2TypeName":"Missing","surface2Value":0.0,"gridDefinitionTemplate":0,"gridDefinitionTemplateName":"Latitude_Longitude","numberPoints":615,"shape":6,"shapeName":"Earth spherical with radius of 6,371,229.0 m","gridUnits":"degrees","resolution":48,"winds":"true","scanMode":64,"nx":41,"ny":15,"basicAngle":0,"lo1":47.0,"la1":41.0,"lo2":87.0,"la2":55.0,"dx":1.0,"dy":1.0}, "data":
[rows 0 to 14 of 15, columns 0 to 40 of 41]
1.1847241,1.1047242,-1.7552758,-6.5652757,-5.3152757,-6.305276,-5.695276,-5.675276,-4.5652757,-5.095276,-5.685276,-6.765276,-6.145276,-5.965276,-6.055276,-9.675276,-7.215276,-8.265276,-5.345276,-1.1652759,-1.8952758,-0.5852759,-2.7052758,-1.2752758,-0.10527588,1.5847241,0.21472412,1.8547242,-2.265276,2.914724,2.1347241,1.9947242,1.4447241,4.5147243,2.5347242,2.214724,2.8147242,3.424724,3.5747242,2.6247241,2.0547242
-0.98527586,-1.7952759,-4.105276,-4.305276,-3.8852758,-5.205276,-5.5252757,-5.595276,-5.515276,-6.0052757,-6.175276,-6.055276,-5.665276,-6.365276,-6.345276,-6.5652757,-8.525276,-7.125276,-6.495276,-6.345276,-6.665276,-1.9752759,3.474724,3.3447242,4.284724,1.9047241,2.5747242,2.474724,3.5947242,2.5347242,2.3847241,4.2247243,1.9547241,-0.73527586,1.5747241,3.674724,0.94472414,2.684724,0.20472412,0.09472412,-0.24527588
-1.6852759,-2.525276,-2.805276,-2.7152758,-4.0452757,-3.9452758,-4.905276,-5.5452757,-5.515276,-6.2752757,-6.415276,-6.215276,-6.535276,-7.685276,-7.075276,-6.5452757,-5.385276,-5.765276,-6.695276,-7.3152757,-4.305276,-4.7752757,-2.485276,7.2647243,7.104724,-2.8552759,-4.375276,-5.615276,-3.3552759,-3.1852758,-0.23527588,0.30472413,-2.1552758,1.2747241,-1.4052758,2.514724,3.524724,1.9647241,1.1947241,1.7747241,1.1547241
-2.975276,-2.075276,-3.1452758,-3.9252758,-1.6652759,-4.8352757,-4.195276,-5.675276,-5.3152757,-5.0652757,-5.325276,-4.885276,-5.465276,-6.155276,-5.845276,-5.695276,-4.225276,-4.205276,-3.4352758,-4.055276,-5.9852757,-0.005275879,-4.385276,-1.0152758,-1.9352759,5.594724,1.8847241,-0.8452759,-3.3552759,-6.2952757,-7.125276,-6.095276,1.2847241,0.24472412,1.3547242,-0.06527588,0.7447241,2.764724,-0.06527588,0.9247241,-0.87527585
-0.075275876,-1.5652759,-2.6252759,-3.505276,-3.8852758,-4.395276,-5.0052757,-4.325276,-4.845276,-4.685276,-5.205276,-5.465276,-6.0252757,-5.785276,-5.175276,-4.645276,-5.195276,-4.705276,-4.3352757,-4.5452757,-2.0952759,-3.245276,-4.665276,-3.1652758,-0.5352759,0.6147241,2.494724,2.714724,2.444724,-2.3552759,-2.335276,-3.9652758,-0.5052759,-0.93527585,-0.37527588,-0.8452759,-0.075275876,-1.2152759,-2.4352758,-1.1452758,-0.005275879
-2.525276,-2.565276,2.184724,-0.7652759,-3.235276,-4.285276,-4.015276,-4.115276,-3.545276,-3.8452759,-4.445276,-4.715276,-5.2952757,-5.165276,-4.625276,-3.555276,-3.6852758,-4.0652757,-3.8652759,-3.8752759,-3.275276,0.03472412,-1.3052759,-2.485276,-2.535276,1.9247241,1.7147241,8.714725,6.504724,2.514724,0.31472412,-0.49527588,-3.585276,-6.2552757,-0.9052759,11.544724,3.3147242,4.784724,0.8547241,-0.5352759,0.9647241
-2.8452759,-2.3652759,-3.275276,-3.545276,-4.105276,-4.415276,-4.2952757,-3.8652759,-3.1952758,-3.4652758,-3.4452758,-3.8952758,-4.175276,-4.595276,-3.725276,-3.4252758,-3.8452759,-3.765276,-3.3952758,-3.025276,-2.9252758,-2.235276,0.14472412,0.94472414,-0.6952759,-1.3352759,0.70472413,0.62472415,3.274724,5.6647243,3.8847241,3.0547242,-0.05527588,0.27472413,0.6547241,1.4847242,0.14472412,1.2347242,2.024724,0.70472413,2.684724
-3.025276,-3.825276,-4.5852757,-4.575276,-4.725276,-4.125276,-4.655276,-4.7752757,-4.7352757,-4.365276,-3.555276,-4.385276,-3.755276,-4.725276,-4.4852757,-3.075276,-2.485276,-2.535276,-2.495276,-2.3752759,-2.3852758,-2.9452758,-1.7852759,-1.4652759,0.9247241,0.6147241,-0.8252759,4.384724,3.2847242,7.124724,6.324724,6.344724,4.544724,5.2647243,6.734724,1.5447241,2.0747242,0.7747241,-3.3952758,1.2047241,-1.3652759
-3.6352758,-4.0452757,-4.825276,-4.095276,-4.305276,-4.7752757,-3.9552758,-4.3152757,-4.705276,-4.475276,-4.7952757,-5.385276,-5.455276,-4.535276,-5.435276,-3.6652758,-2.585276,-2.1352758,-2.1552758,-1.3052759,-1.5852759,-1.6852759,-2.1252759,-1.4752759,-1.0652759,1.5547241,0.46472412,-2.485276,5.334724,5.4947243,5.964724,7.5147243,6.084724,8.544724,9.914724,4.604724,2.0647242,4.834724,2.6347241,1.8647242,1.5347241
-3.6852758,-4.285276,-4.885276,-5.645276,-5.555276,-4.945276,-4.955276,-5.4852757,-5.695276,-5.7952757,-6.055276,-6.305276,-5.575276,-5.5652757,-4.395276,-4.075276,-2.6252759,-2.4252758,-0.7152759,-0.6552759,0.04472412,-0.5152759,-1.4952759,-1.4352759,-1.8652759,-1.5752759,0.3247241,0.2947241,-3.055276,-2.9652758,4.874724,4.7647243,-7.615276,0.82472414,7.404724,7.544724,1.5047241,-2.5952759,1.0447241,5.174724,3.464724
-4.125276,-5.095276,-4.745276,-4.035276,-4.975276,-5.665276,-7.265276,-6.845276,-6.215276,-7.2352757,-5.475276,-5.395276,-5.705276,-5.165276,-4.175276,-4.175276,-3.525276,-3.065276,-0.5152759,-0.09527588,-0.37527588,0.13472413,-0.68527585,-0.6952759,-0.7252759,-1.1552758,-1.8552759,-0.13527589,1.5247241,-2.235276,-5.7752757,0.46472412,-3.4452758,1.7747241,10.994724,6.024724,2.1247241,3.6047242,3.504724,2.214724,1.1847241
-4.475276,-3.6952758,-3.6952758,-4.955276,-6.4852757,-6.115276,-6.115276,-5.355276,-6.185276,-6.125276,-5.7352757,-5.715276,-6.625276,-4.8352757,-4.725276,-3.535276,-4.185276,-3.755276,-1.7752758,-1.4052758,0.20472412,0.12472412,-0.15527588,-0.5652759,-0.5052759,-0.47527587,-1.5252758,-4.495276,-2.475276,-1.4752759,-3.235276,-4.095276,-3.6452758,-2.315276,6.794724,7.6847243,6.6647243,3.3647242,2.744724,2.184724,0.57472414
-3.305276,-3.6752758,-3.9352758,-4.855276,-4.7752757,-2.4352758,-5.355276,-5.885276,-7.875276,-5.2552757,-3.565276,-4.395276,-6.555276,-5.5252757,-4.535276,-3.575276,-3.825276,-3.225276,-3.1652758,-1.4552759,-0.04527588,0.6647241,-0.35527587,-1.7852759,-2.2152758,-1.6152759,-1.0652759,-2.065276,-3.025276,-2.495276,-1.1552758,-2.795276,-3.5952759,-4.325276,3.3647242,6.774724,3.5647242,1.8447242,2.454724,1.5247241,1.1547241
-2.0952759,-1.9552759,-4.7352757,-4.125276,-4.345276,-5.555276,-5.725276,-5.8352757,-5.385276,-5.865276,-3.6352758,-3.7152758,-5.5652757,-5.035276,-5.215276,-4.9852757,-3.9352758,-2.4552758,-1.2852759,-1.1152759,-0.5252759,1.7747241,0.2947241,-1.1452758,-1.0652759,-0.99527586,-0.8952759,-0.9152759,-1.0552759,-1.5252758,-1.3752759,-0.79527587,-1.4752759,-1.0652759,2.754724,5.824724,2.7847242,3.014724,3.694724,2.5847242,2.0747242
-1.0252758,-2.255276,-3.9652758,-3.815276,-4.555276,-4.555276,-5.7352757,-4.7952757,-4.955276,-4.925276,-2.9652758,-3.265276,-3.1352758,-3.725276,-4.515276,-3.505276,-3.475276,-2.2052758,-1.5752759,-0.13527589,-0.9452759,0.5347241,0.62472415,-0.54527587,-2.1752758,-1.5652759,-0.37527588,-0.21527588,-0.49527588,-0.32527587,-0.6552759,-0.14527588,-0.5152759,-1.9652759,5.2247243,5.4147243,5.544724,6.304724,2.8447242,2.994724,1.0247241
