wind_kz.json
{"header": {"discipline":0,"disciplineName":"Meteorological products","gribEdition":2,"gribLength":1102,"center":7,"centerName":"US National Weather Service - NCEP(WMC)","subcenter":0,"refTime":"2023-08-23T00:00:00.000Z","significanceOfRT":1,"significanceOfRTName":"Start of forecast","productStatus":0,"productStatusName":"Operational products","productType":1,"productTypeName":"Forecast products","productDefinitionTemplate":0,"productDefinitionTemplateName":"Analysis/forecast at horizontal level/layer at a point in time","parameterCategory":2,"parameterCategoryName":"UnknownDiscipline_0_Category_2","parameterNumber":2,"parameterNumberName":"UnknownParameter_D0_C2_2","parameterUnit":"Unknown","genProcessType":2,"genProcessTypeName":"Forecast","forecastTime":300,"surface1Type":103,"surface1TypeName":"Specified height level above ground","surface1Value":10.0,"surface2Type":255,"surface2TypeName":"Missing","surface2Value":0.0,"gridDefinitionTemplate":0,"gridDefinitionTemplateName":"Latitude_Longitude","numberPoints":615,"shape":6,"shapeName":"Earth spherical with radius of 6,371,229.0 m","gridUnits":"degrees","resolution":48,"winds":"true","scanMode":64,"nx":41,"ny":15,"basicAngle":0,"lo1":47.0,"la1":41.0,"lo2":87.0,"la2":55.0,"dx":1.0,"dy":1.0}, "data":
[rows 0 to 14 of 15, columns 0 to 40 of 41]
-2.5399683,1.4700317,-1.0499682,0.76003176,1.2600317,3.7300317,3.0400317,2.5300317,-4.5599685,-3.2799683,-2.5799682,-1.7199683,-0.96996826,1.2900318,2.6900318,1.9100318,4.100032,5.6700315,6.370032,4.770032,1.9200318,0.21003173,3.2800317,5.9600315,6.5900316,5.890032,4.8600316,5.160032,2.9500318,1.8800317,-0.35996827,0.77003175,-0.34996825,0.39003173,-0.91996825,-1.5199683,-2.2899683,-1.4399682,-3.4399683,-2.2499683,-0.8799683
-0.059968263,-1.3799683,-0.8299683,-0.61996824,0.88003176,3.6500318,-4.229968,-5.999968,-5.979968,-4.899968,-3.9199684,-2.8399682,-3.5799682,-2.0199683,-1.7599683,0.69003177,2.8500319,5.9200315,6.8200316,8.090032,7.830032,4.9400315,3.3400316,2.9900317,2.1700318,-0.039968263,4.8000317,3.7300317,3.2800317,3.7100317,0.22003174,0.33003175,0.63003176,-1.4799683,1.8300318,1.5300317,-1.5199683,-1.1799682,-0.5699683,1.4300318,-2.0399683
-6.0099683,-3.9799683,-2.5099683,-1.0499682,2.6100318,-2.9299684,-3.8499682,-3.7299683,-4.6799684,-4.2999682,-5.1199684,-5.019968,-5.439968,-2.7599683,-1.9499682,-0.119968265,0.58003175,1.2600317,1.7900318,3.6800318,7.830032,9.170032,4.230032,6.8200316,4.7100315,1.2600317,1.3900317,0.46003175,3.4000318,-1.2399683,0.78003174,-2.4799683,0.10003174,0.24003173,3.8700318,-2.4599683,0.89003175,-1.8799683,7.7200317,1.0500318,0.34003174
-7.1599684,-6.3499684,-5.749968,-1.0799682,0.19003174,-3.2499683,-2.9299684,-4.379968,-3.7899683,-3.1499681,-2.1699684,-5.339968,-3.4199684,-0.52996826,2.2100317,3.1500318,1.2100317,2.3400316,1.1300317,0.49003175,2.8200316,4.3800316,2.9300318,5.6100316,0.17003174,1.9500318,1.6900318,2.4100318,3.2600317,-0.45996827,0.8600317,2.1700318,7.6100316,8.040031,8.940032,5.8800316,2.0300317,1.8900317,-2.8999681,-2.1699684,2.2600317
-7.7599683,-7.999968,-7.319968,-7.609968,-5.249968,-4.169968,-4.1399684,-3.8299682,-1.7199683,-1.7099682,-1.2499683,-6.149968,-3.7999682,-2.3999681,2.6200318,3.0500317,2.4800317,3.8600318,3.3500319,3.4300318,3.2900317,3.6600318,2.2500317,1.9400318,4.5100317,3.7300317,4.930032,1.3600317,2.6200318,3.6100318,4.8800316,3.2700317,2.9900317,2.8400316,-2.1899683,0.36003172,13.430032,-2.2999682,-2.7899683,-0.119968265,1.9100318
-4.4899683,-6.4499683,-5.8499684,-5.4899683,-4.7799683,-3.5099683,-3.2399683,-2.8899682,-2.6099682,-1.7599683,-1.6299683,-1.3699683,-0.91996825,-2.9499683,0.8600317,0.54003173,2.0500317,3.2600317,3.9600317,4.310032,7.160032,6.9400315,3.2500317,4.4600315,6.370032,6.1100316,6.890032,-0.42996827,4.1900315,7.3200316,8.830031,8.980032,7.6700315,1.0300317,0.45003173,-3.8599682,0.29003173,9.7100315,-2.3799682,-0.98996824,-1.3999683
-4.729968,-3.8799682,-3.1699684,-2.9999683,-0.61996824,-1.4099683,-1.3999683,-1.1299683,-0.8299683,-0.60996825,0.31003174,1.5900317,2.1400318,1.6100317,0.71003175,1.4700317,1.2900318,2.9700317,3.8000317,5.1500316,5.540032,6.850032,5.100032,5.6300316,5.3400316,5.8800316,7.120032,7.4600315,7.0700316,7.910032,9.540031,8.920032,9.560032,8.440032,6.620032,4.4700317,5.730032,3.2700317,4.770032,-0.47996825,0.82003176
-2.4099684,-1.2299683,-1.4999683,-0.42996827,-1.1899682,-0.65996826,-0.46996826,0.57003176,0.9800317,2.6100318,2.6000319,1.3700317,1.5200317,3.9500318,-1.7399683,-1.7399683,3.3600318,2.6100318,3.7400317,4.2400317,5.7100315,5.5100317,6.390032,6.5100317,6.370032,6.1300316,8.470032,8.740032,8.250031,7.4900317,8.140032,9.360032,8.760032,7.680032,7.6300316,8.840032,6.9600315,11.010032,4.4000316,-0.009968262,2.4600317
-0.7599683,-1.6899682,-0.12996826,-0.40996826,-1.5499682,-0.25996825,0.83003175,0.7400317,2.2600317,2.6000319,1.7400317,1.9000317,3.3400316,-2.8899682,0.66003174,-2.2099683,2.1900318,1.9900317,2.2800317,2.7000318,4.9700317,3.1900318,5.390032,5.3800316,5.9000316,4.5500317,7.100032,7.1100316,5.5300317,6.2800317,6.560032,7.5700316,7.560032,7.9700317,8.440032,7.1500316,6.500032,0.89003175,3.6300318,1.6700318,1.5500318
-2.1099682,-2.3699682,-1.2999682,-0.58996826,0.20003174,1.8000318,0.51003176,1.0300317,2.0700316,0.6200317,1.2800317,1.6000317,0.18003173,-1.2699683,-1.3799683,0.060031738,-0.6899683,2.4200318,2.9100318,4.0100317,4.0300317,3.6700318,2.3600318,3.6500318,4.7200317,5.8800316,6.480032,6.500032,5.3400316,3.1200318,4.0100317,7.580032,7.3200316,7.8400316,6.980032,8.050032,1.7100317,-2.1599684,-2.3499682,2.8700318,0.97003174
-0.48996827,-0.5699683,-0.53996825,-0.019968262,0.95003176,1.0300317,1.1300317,1.0800318,0.84003174,1.4700317,1.6000317,-1.1599683,-1.0399683,0.9300317,0.23003174,0.6700317,1.5900317,2.5000317,2.3600318,2.2100317,1.3000318,2.5500317,1.6900318,5.680032,5.9500318,6.060032,5.7800317,5.0500317,0.58003175,0.65003175,3.0500317,6.540032,10.260032,7.430032,6.9700317,6.8800316,-0.24996826,-0.86996824,-1.4899683,0.79003173,1.5100317
1.3000318,-1.6999682,0.25003174,0.6200317,-0.16996826,1.2900318,0.70003176,1.4500318,2.3500319,2.0900316,2.7500317,1.8400317,-0.96996826,1.3700317,-0.10996826,1.8300318,0.17003174,1.0400318,2.8600318,3.1200318,1.2900318,0.22003174,1.2400317,2.6300318,1.6000317,5.430032,2.1100318,-0.47996825,-1.7899683,-0.90996826,2.6000319,5.8000317,2.7100317,4.8200316,0.58003175,-2.0899682,-1.9399682,-2.9999683,-1.8799683,2.4500318,-1.8199682
0.96003175,0.8000317,-1.3299682,1.1400317,0.94003177,0.70003176,0.6700317,1.3000318,1.5200317,1.2100317,2.2700317,2.2500317,1.5800318,-0.71996826,-1.3099682,-0.13996826,3.1100318,0.5000317,1.3100318,3.4100318,1.2500317,0.77003175,0.9800317,1.1100317,1.4400318,0.050031736,-2.7099683,-1.6199683,-0.039968263,-1.7399683,0.24003173,1.2500317,1.9900317,-1.8899683,-3.0799682,-4.7199683,-3.4299684,-3.4799683,-6.7999682,-0.26996827,-1.2699683
2.9700317,2.4900317,2.0600317,1.1400317,1.4600317,1.5800318,1.0000317,0.91003174,1.6300317,1.0800318,1.9000317,1.0100317,0.9300317,0.020031739,-0.25996825,1.3100318,2.0500317,1.7200317,2.7200317,1.7800317,1.8300318,2.4400318,2.7800317,1.7300317,3.1200318,2.2100317,0.41003174,0.70003176,-0.60996825,1.1100317,-2.7699683,-0.039968263,0.47003174,-1.7499683,-2.8199682,-2.2799683,-3.1099682,-2.5599682,-3.4299684,-0.6399683,-1.6899682
2.7000318,3.9600317,2.8600318,2.8800318,2.7600317,2.6600318,2.4700317,0.71003175,2.1700318,1.9900317,1.5500318,-0.30996826,0.34003174,0.45003173,0.51003176,-0.30996826,1.0300317,0.52003175,0.19003174,1.2900318,0.95003176,2.2200317,2.4100318,1.7900318,1.2000318,0.24003173,2.0400317,1.6800318,1.6900318,0.59003174,-0.5199683,2.1400318,-1.8399682,-0.89996827,-1.5799682,-1.8499683,-0.5199683,-2.0299683,-3.9099684,-3.2699683,-0.59996825
