wind_kz.json
{"header": {"discipline":0,"disciplineName":"Meteorological products","gribEdition":2,"gribLength":871,"center":7,"centerName":"US National Weather Service - NCEP(WMC)","subcenter":0,"refTime":"2023-09-07T06:00:00.000Z","significanceOfRT":1,"significanceOfRTName":"Start of forecast","productStatus":0,"productStatusName":"Operational products","productType":1,"productTypeName":"Forecast products","productDefinitionTemplate":0,"productDefinitionTemplateName":"Analysis/forecast at horizontal level/layer at a point in time","parameterCategory":0,"parameterCategoryName":"UnknownDiscipline_0_Category_0","parameterNumber":0,"parameterNumberName":"UnknownParameter_D0_C0_0","parameterUnit":"Unknown","genProcessType":2,"genProcessTypeName":"Forecast","forecastTime":300,"surface1Type":1,"surface1TypeName":"Ground or water surface","surface1Value":0.0,"surface2Type":255,"surface2TypeName":"Missing","surface2Value":0.0,"gridDefinitionTemplate":0,"gridDefinitionTemplateName":"Latitude_Longitude","numberPoints":615,"shape":6,"shapeName":"Earth spherical with radius of 6,371,229.0 m","gridUnits":"degrees","resolution":48,"winds":"true","scanMode":64,"nx":41,"ny":15,"basicAngle":0,"lo1":47.0,"la1":41.0,"lo2":87.0,"la2":55.0,"dx":1.0,"dy":1.0}, "data":
[rows 0 to 14 of 15, columns 0 to 40 of 41]
294.1682,285.1682,290.6682,296.9682,297.1682,295.76822,297.86823,299.4682,297.1682,296.86823,295.36823,295.9682,294.26822,293.5682,293.36823,290.86823,291.36823,292.36823,291.36823,291.6682,294.0682,289.76822,288.6682,284.4682,289.36823,293.86823,291.1682,278.76822,275.26822,277.76822,276.86823,277.5682,287.4682,294.4682,294.86823,294.1682,294.9682,294.4682,293.26822,294.0682,292.5682
277.1682,289.1682,296.26822,296.4682,296.4682,294.76822,299.4682,297.1682,295.6682,294.86823,294.6682,292.1682,290.86823,289.86823,289.5682,290.5682,290.5682,291.4682,290.1682,290.1682,290.76822,291.36823,287.9682,280.26822,273.0682,273.86823,282.1682,274.36823,278.6682,275.1682,281.1682,271.1682,279.9682,263.26822,276.1682,290.76822,289.6682,292.6682,294.76822,287.76822,283.9682
291.36823,295.86823,296.6682,296.4682,294.0682,298.6682,297.36823,295.9682,294.0682,292.4682,290.6682,290.5682,288.76822,289.1682,290.36823,288.86823,289.26822,288.5682,288.9682,289.86823,293.5682,290.86823,291.9682,285.76822,287.6682,285.26822,288.26822,287.1682,285.4682,279.36823,271.9682,274.86823,279.26822,280.5682,282.86823,281.86823,277.26822,278.4682,279.76822,275.76822,274.1682
291.5682,295.36823,296.5682,295.5682,294.4682,295.76822,296.26822,294.86823,294.36823,292.4682,291.1682,289.86823,292.76822,292.1682,292.1682,293.26822,292.76822,289.4682,289.4682,289.0682,288.4682,285.5682,290.4682,290.76822,290.9682,291.86823,290.9682,289.1682,289.26822,289.36823,289.86823,289.76822,294.9682,292.1682,290.0682,286.76822,278.1682,273.0682,278.1682,285.4682,289.0682
294.0682,293.86823,294.86823,293.36823,293.9682,295.26822,296.0682,294.36823,293.4682,292.76822,291.1682,289.4682,291.86823,290.76822,289.0682,291.9682,291.4682,290.5682,288.86823,291.36823,290.86823,290.1682,289.1682,289.26822,289.9682,289.9682,289.0682,289.6682,289.1682,290.0682,292.4682,289.1682,278.4682,271.26822,281.5682,289.86823,292.4682,294.5682,293.5682,293.36823,292.86823
293.86823,291.36823,292.5682,292.26822,292.6682,291.9682,295.76822,295.26822,292.4682,291.9682,292.4682,291.86823,291.4682,291.86823,290.86823,290.5682,292.36823,291.26822,291.9682,292.26822,290.0682,289.0682,288.1682,288.5682,288.6682,288.36823,289.0682,290.26822,291.1682,291.6682,290.0682,291.76822,289.1682,287.4682,287.0682,290.0682,283.6682,284.9682,292.26822,292.0682,291.26822
293.86823,293.26822,294.76822,294.4682,292.36823,293.36823,293.76822,292.1682,292.6682,292.86823,291.0682,291.0682,290.76822,290.76822,290.36823,291.36823,291.0682,292.0682,291.1682,290.0682,289.26822,289.0682,289.86823,290.1682,289.36823,288.76822,288.5682,289.1682,288.6682,289.0682,288.4682,288.5682,288.86823,289.9682,288.76822,289.1682,285.0682,282.1682,280.4682,278.36823,287.4682
292.9682,292.0682,294.0682,294.1682,294.0682,293.76822,292.6682,291.1682,290.26822,290.76822,290.26822,290.1682,289.5682,290.26822,290.26822,290.76822,290.26822,290.86823,290.1682,286.76822,286.76822,286.9682,287.26822,287.6682,286.86823,284.5682,284.4682,285.4682,284.1682,285.9682,285.26822,287.26822,285.76822,283.6682,284.1682,286.1682,288.6682,288.6682,289.1682,289.36823,285.0682
291.86823,291.1682,291.86823,291.26822,292.6682,291.5682,290.76822,290.76822,289.76822,289.1682,288.76822,288.5682,288.0682,289.1682,288.86823,289.4682,288.9682,288.76822,287.6682,286.26822,284.26822,284.4682,284.9682,285.76822,286.4682,286.86823,285.0682,283.1682,280.36823,279.6682,281.5682,284.9682,283.9682,285.6682,286.86823,286.0682,286.86823,287.0682,275.5682,272.9682,270.4682
289.6682,290.4682,290.1682,289.4682,289.6682,290.36823,289.1682,289.4682,288.9682,288.0682,287.0682,286.9682,287.86823,287.76822,287.76822,287.76822,287.76822,287.26822,286.76822,286.5682,285.5682,287.26822,287.0682,284.1682,284.6682,285.36823,284.86823,284.4682,284.1682,283.86823,282.1682,286.76822,289.1682,288.4682,287.86823,286.86823,283.0682,280.76822,274.86823,273.6682,273.76822
288.6682,288.5682,288.4682,288.5682,288.76822,288.9682,289.1682,288.4682,287.86823,287.0682,286.0682,285.6682,287.5682,289.6682,288.76822,286.9682,286.76822,286.4682,286.4682,285.9682,288.26822,286.86823,286.9682,286.4682,286.0682,285.0682,283.4682,284.86823,285.36823,286.76822,285.4682,288.1682,288.76822,287.26822,287.6682,283.4682,281.6682,276.86823,275.26822,277.9682,276.1682
286.9682,288.76822,289.0682,288.4682,288.26822,287.6682,286.4682,286.26822,286.6682,285.9682,283.9682,284.0682,285.9682,285.26822,285.86823,289.4682,287.76822,285.4682,284.86823,284.9682,286.6682,285.76822,285.9682,286.26822,285.4682,285.9682,285.36823,286.4682,287.0682,287.9682,287.76822,288.0682,285.76822,284.86823,284.5682,284.1682,283.6682,282.1682,282.4682,282.36823,281.26822
287.86823,285.26822,288.1682,287.4682,288.5682,287.76822,287.26822,286.4682,284.36823,284.1682,282.4682,280.26822,284.36823,283.6682,284.6682,284.86823,285.4682,284.9682,287.36823,284.6682,283.9682,281.6682,281.36823,282.36823,286.4682,287.26822,284.1682,286.5682,287.0682,287.26822,288.5682,286.6682,284.76822,284.0682,283.76822,283.9682,283.76822,284.6682,283.5682,282.26822,282.9682
285.4682,288.36823,287.0682,287.86823,286.4682,286.5682,286.4682,286.5682,285.9682,284.26822,282.6682,280.36823,281.1682,283.1682,284.26822,285.0682,284.9682,284.1682,285.26822,284.6682,284.4682,283.1682,282.9682,286.4682,287.1682,288.36823,288.0682,287.26822,286.76822,284.4682,284.5682,284.26822,283.1682,281.86823,282.1682,282.36823,283.26822,282.9682,282.6682,282.1682,280.76822
290.0682,289.9682,287.76822,286.4682,287.0682,286.6682,287.4682,286.6682,286.26822,285.26822,284.5682,280.86823,281.76822,281.9682,283.1682,284.36823,284.5682,283.9682,283.5682,284.36823,284.4682,283.86823,283.36823,283.1682,283.9682,283.36823,286.6682,283.26822,283.0682,283.1682,283.5682,283.4682,282.26822,282.1682,281.9682,282.0682,282.26822,280.76822,280.86823,282.0682,282.26822
