wind_kz.json
{"header": {"discipline":0,"disciplineName":"Meteorological products","gribEdition":2,"gribLength":1025,"center":7,"centerName":"US National Weather Service - NCEP(WMC)","subcenter":0,"refTime":"2023-08-25T18:00:00.000Z","significanceOfRT":1,"significanceOfRTName":"Start of forecast","productStatus":0,"productStatusName":"Operational products","productType":1,"productTypeName":"Forecast products","productDefinitionTemplate":0,"productDefinitionTemplateName":"Analysis/forecast at horizontal level/layer at a point in time","parameterCategory":2,"parameterCategoryName":"UnknownDiscipline_0_Category_2","parameterNumber":2,"parameterNumberName":"UnknownParameter_D0_C2_2","parameterUnit":"Unknown","genProcessType":2,"genProcessTypeName":"Forecast","forecastTime":300,"surface1Type":103,"surface1TypeName":"Specified height level above ground","surface1Value":10.0,"surface2Type":255,"surface2TypeName":"Missing","surface2Value":0.0,"gridDefinitionTemplate":0,"gridDefinitionTemplateName":"Latitude_Longitude","numberPoints":615,"shape":6,"shapeName":"Earth spherical with radius of 6,371,229.0 m","gridUnits":"degrees","resolution":48,"winds":"true","scanMode":64,"nx":41,"ny":15,"basicAngle":0,"lo1":47.0,"la1":41.0,"lo2":87.0,"la2":55.0,"dx":1.0,"dy":1.0}, "data":
[rows 0 to 14 of 15, columns 0 to 40 of 41]
0.1863269,1.0263269,0.5763269,-3.083673,-3.8736732,-5.913673,-7.833673,-6.2636733,-6.963673,-4.7836733,-5.223673,-4.593673,-5.173673,-5.173673,-3.6636732,-3.223673,-3.213673,-4.7436733,-4.563673,-2.1236732,0.8363269,1.8263268,2.5963268,2.666327,0.4663269,0.3263269,3.5763268,3.246327,0.2563269,0.5963269,0.8463269,2.236327,2.286327,6.846327,3.3463268,2.5663269,2.696327,1.6563269,0.7563269,-1.6736732,-1.5636731
0.3263269,-1.5836731,-4.973673,-6.413673,-6.893673,-5.383673,-4.7636733,-5.253673,-4.873673,-5.2836733,-5.313673,-4.5536733,-4.363673,-4.683673,-3.3736732,-3.243673,-3.313673,-2.9436731,-2.9036732,-2.583673,-2.3936732,-3.513673,-1.0836731,2.756327,1.1863269,0.056326903,1.4963269,1.7763269,3.6263268,2.3363268,0.4063269,1.1263269,0.4263269,0.8763269,-0.7136731,-2.033673,-0.3436731,0.6463269,-0.10367309,0.2963269,2.026327
-0.9436731,-3.2036731,-5.443673,-6.693673,-5.693673,-5.453673,-4.973673,-3.993673,-5.753673,-5.2436733,-4.5736732,-4.423673,-4.693673,-4.3236732,-3.773673,-3.4136732,-2.973673,-3.013673,-3.4236732,-2.9336731,-0.4436731,-0.7936731,-6.353673,-5.853673,1.2663269,0.8363269,0.7263269,1.2863269,3.396327,0.28632692,1.5563269,-1.8736731,-1.0936731,1.466327,0.3363269,1.586327,0.3663269,-1.023673,6.306327,8.296327,1.0563269
2.3863268,-3.4536731,-4.923673,-5.733673,-3.983673,-2.853673,-3.033673,-2.053673,-4.003673,-4.643673,-4.423673,-4.973673,-5.023673,-3.513673,-4.253673,-3.853673,-3.103673,-2.483673,-3.1836731,-3.6436732,-5.0536733,-4.103673,-0.053673096,-1.4236732,-1.9236732,-0.6836731,-0.22367309,2.3363268,0.7263269,0.8363269,2.426327,4.6963267,5.936327,8.406327,6.876327,4.7163267,2.5663269,2.446327,-1.4236732,-0.7336731,2.906327
-2.283673,-4.913673,-3.9336731,-3.223673,-1.6336731,-1.9936731,-0.8836731,-1.2636731,-3.4336731,-3.103673,-3.8836732,-4.853673,-3.543673,-3.823673,-2.4136732,-4.043673,-3.743673,-3.1236732,-2.723673,-3.103673,-3.983673,-3.503673,-3.063673,-2.1336732,-1.1136731,-0.57367307,-1.4236732,0.3363269,2.8563268,3.746327,4.036327,4.116327,5.126327,4.766327,-4.473673,-1.8036731,1.836327,-2.473673,-1.2636731,0.6163269,-1.663673
-3.1936731,-2.773673,-3.4036732,-2.6236732,-2.553673,-1.1936731,-0.9536731,-2.3936732,-1.3136731,-1.533673,-2.4136732,-1.7636731,-1.163673,-2.753673,-2.3836732,-3.223673,-3.4136732,-4.113673,-3.233673,-2.6936731,-3.553673,-3.073673,-1.6736732,-0.5536731,-0.023673095,0.8163269,0.7663269,-0.6936731,3.766327,5.916327,7.326327,6.646327,6.9263268,6.686327,7.166327,0.9363269,5.916327,6.4263268,8.676327,4.936327,1.5063269
-1.413673,-1.1836731,-1.523673,-1.2036731,-2.3636732,-3.1936731,-2.763673,-1.7036731,0.6063269,0.2663269,-0.7136731,-0.1736731,0.8363269,-0.1136731,-1.043673,-1.543673,-1.653673,-1.7636731,-2.293673,-2.483673,-1.9936731,-1.153673,-0.40367308,0.0963269,0.5163269,0.9363269,0.92632693,1.3263268,1.716327,2.936327,1.346327,1.1963269,0.056326903,1.7663269,4.7363267,7.646327,7.9263268,0.6263269,6.4663267,2.466327,2.7963269
-1.023673,-0.2536731,-0.43367308,-1.293673,-1.8936731,-0.8836731,0.1463269,1.4363269,3.2963269,2.016327,1.1763269,2.016327,1.8263268,1.6163269,0.056326903,-0.6436731,-0.3836731,0.0663269,0.8863269,1.466327,2.416327,1.8063269,1.2563269,1.7763269,1.6063269,1.8863269,3.0463269,3.1063268,2.016327,-0.093673095,-2.763673,-1.3636731,1.0463269,-0.2636731,-0.4736731,-0.2936731,1.2563269,4.396327,7.836327,9.366327,7.666327
-0.43367308,-2.743673,-3.303673,-2.043673,-0.3036731,1.596327,2.5863268,4.346327,4.806327,4.616327,2.3763268,0.7763269,-0.2836731,-0.8836731,-1.043673,0.2163269,0.4263269,-0.9036731,-0.5636731,0.086326905,1.6763269,2.0663269,1.8763269,2.766327,3.656327,4.2563267,4.626327,3.656327,3.5463269,3.486327,4.2363267,3.0763268,3.036327,4.586327,4.616327,3.486327,3.3763268,2.6063268,2.426327,1.3063269,5.766327
0.8063269,-0.7336731,-0.37367308,-0.7736731,-2.6436732,-1.2236731,-0.1836731,-1.1136731,-0.3236731,0.4663269,-1.6136731,-1.5636731,-1.3536731,-1.0736731,0.056326903,0.2763269,-0.3936731,-0.3336731,0.016326904,0.9663269,1.1163269,0.9063269,0.8963269,0.6563269,1.6863269,3.1363268,3.436327,2.1263268,3.8663268,2.8763268,3.6163268,4.636327,4.656327,3.736327,1.586327,3.496327,2.1063268,1.5563269,2.8163269,1.6463269,2.246327
0.9063269,-1.2236731,-2.223673,-4.483673,-1.663673,-3.6636732,-3.963673,-4.383673,-4.2636733,-3.343673,-2.303673,-1.3536731,-0.9036731,0.056326903,1.2663269,0.9363269,0.116326906,-1.6336731,0.1563269,-0.3936731,-0.6436731,-0.3236731,-0.2036731,-0.4136731,-0.4736731,0.036326904,0.98632693,0.73632693,1.0463269,2.726327,3.3863268,3.0663269,1.3163269,3.286327,4.936327,3.8863268,1.3263268,1.4063269,3.166327,1.596327,1.9463269
-2.003673,-1.153673,-2.6836731,-2.6736732,-4.813673,-4.503673,-3.003673,-3.4136732,-3.313673,-3.013673,-2.063673,-2.1736732,-0.2636731,2.3563268,1.5363269,-2.743673,-2.253673,-0.9636731,-0.7536731,-0.6836731,-0.4936731,-0.8436731,0.4763269,0.2063269,1.3163269,2.3063269,3.0863268,3.786327,4.226327,4.866327,3.966327,4.026327,3.666327,4.096327,4.556327,3.6363268,3.3563268,2.766327,1.5563269,2.786327,2.446327
-4.523673,-5.413673,-5.643673,-3.9336731,-3.083673,-2.1636732,-2.3636732,-2.1236732,-2.353673,-2.103673,-0.7136731,0.116326906,-0.8036731,-2.4136732,-2.6936731,-2.263673,-0.8336731,-0.22367309,-1.1136731,-0.6036731,0.6563269,1.466327,1.3863269,2.2963269,2.5863268,3.006327,3.936327,3.3463268,4.476327,3.726327,4.596327,3.8563268,4.366327,4.656327,5.4663267,4.116327,3.956327,3.416327,2.656327,3.5963268,2.646327
-5.0136733,-5.313673,-1.403673,-2.1336732,-1.9936731,-1.5136731,-0.2336731,0.4063269,0.6663269,-0.2336731,-0.82367307,-0.8936731,-0.6636731,-0.5336731,-1.163673,-1.3036731,-0.6536731,-0.2936731,-0.51367307,0.0063269045,0.116326906,0.9063269,2.986327,2.906327,3.5563269,3.1263268,2.716327,3.3563268,2.456327,3.7963269,3.466327,3.956327,3.8763268,2.946327,4.776327,3.516327,3.766327,3.036327,1.5263269,3.3663268,3.266327
-1.4336731,-0.0036730957,0.1263269,0.4763269,0.8063269,0.8763269,0.9463269,0.9063269,0.5163269,-0.6236731,-0.4936731,-0.9836731,-0.3836731,-0.0836731,-0.4836731,-0.5836731,0.8463269,0.0063269045,1.0463269,1.5063269,1.476327,1.3163269,1.1663269,1.3863269,1.456327,2.0563269,1.0063269,0.8763269,2.506327,2.226327,1.9163269,2.496327,3.1063268,2.176327,3.0863268,0.6063269,1.5263269,1.7763269,1.3863269,2.1163268,1.1763269
