wind_kz.json
{"header": {"discipline":0,"disciplineName":"Meteorological products","gribEdition":2,"gribLength":1025,"center":7,"centerName":"US National Weather Service - NCEP(WMC)","subcenter":0,"refTime":"2023-09-28T00:00:00.000Z","significanceOfRT":1,"significanceOfRTName":"Start of forecast","productStatus":0,"productStatusName":"Operational products","productType":1,"productTypeName":"Forecast products","productDefinitionTemplate":0,"productDefinitionTemplateName":"Analysis/forecast at horizontal level/layer at a point in time","parameterCategory":2,"parameterCategoryName":"UnknownDiscipline_0_Category_2","parameterNumber":2,"parameterNumberName":"UnknownParameter_D0_C2_2","parameterUnit":"Unknown","genProcessType":2,"genProcessTypeName":"Forecast","forecastTime":240,"surface1Type":103,"surface1TypeName":"Specified height level above ground","surface1Value":10.0,"surface2Type":255,"surface2TypeName":"Missing","surface2Value":0.0,"gridDefinitionTemplate":0,"gridDefinitionTemplateName":"Latitude_Longitude","numberPoints":615,"shape":6,"shapeName":"Earth spherical with radius of 6,371,229.0 m","gridUnits":"degrees","resolution":48,"winds":"true","scanMode":64,"nx":41,"ny":15,"basicAngle":0,"lo1":47.0,"la1":41.0,"lo2":87.0,"la2":55.0,"dx":1.0,"dy":1.0}, "data":
[rows 0 to 14 of 15, columns 0 to 40 of 41]
-3.2586815,-0.10868164,0.47131836,0.22131836,0.23131835,-0.57868165,0.45131835,-1.6186817,-3.7386816,0.13131836,-0.8586816,-1.2786816,-1.6386817,-1.1086817,-1.1086817,-0.18868165,-0.07868164,1.0413184,-1.9886817,0.75131834,2.2213182,0.99131835,-0.94868165,-1.2686816,-1.3286816,-1.4986817,-1.4086816,-1.1486816,-0.93868166,0.26131836,-0.64868164,0.6513184,0.94131833,-0.7886816,-3.0586817,-3.4386816,-2.9486816,-1.7186817,-2.4386816,-2.7986817,-2.1386817
1.3913183,1.1913184,1.5713184,0.29131836,-0.9786816,-0.7286816,-1.7786816,-4.7286816,-3.6286817,-2.8686817,-2.0086815,-3.4286816,-2.9886816,-2.0086815,-1.2486817,-1.0186816,0.43131837,-0.69868165,0.39131835,2.3613183,2.7513185,1.6013184,-0.6786816,-1.7686816,-0.55868167,0.5813184,0.14131837,-0.22868164,-0.13868164,-0.5486816,0.33131835,-0.09868164,0.5713184,-2.0886817,-0.49868163,-1.2086816,-1.2286817,-0.93868166,-2.1186817,1.0113183,-2.5786817
0.06131836,0.62131834,-2.1886816,-0.68868166,-0.7286816,-1.6986816,-3.6186817,-2.5586817,-4.0186815,-3.3686817,-2.7986817,-2.5786817,-1.7086816,-1.9686817,-2.1586816,-1.6886816,-1.4486816,0.19131836,1.4013183,0.93131834,-2.9886816,-3.4486816,-2.6886816,-2.7486815,0.15131836,-1.6686816,0.03131836,0.42131835,-1.4586816,-0.30868164,-1.0086817,1.0513184,0.27131835,-0.75868165,-0.64868164,-0.81868166,-0.42868164,0.17131835,0.29131836,1.9513184,1.0913184
-1.9386816,-2.4286816,-0.9286816,0.97131836,0.27131835,-3.0886817,-2.5886817,-3.5686817,-3.1986816,-2.7286816,-2.4586816,-2.7886817,-2.4786816,-2.5486817,-2.8186817,-2.7486815,-2.2186816,-1.6586816,-2.0586817,-2.7886817,-2.8386817,-2.0386817,0.13131836,-1.7086816,-2.3786817,-3.1886816,-0.82868165,-3.2286816,-1.5086817,0.03131836,1.8413184,-0.41868165,-0.36868164,-1.8586817,-2.5786817,-1.7586817,-1.3386817,1.8213184,0.56131834,-0.45868164,-0.9886816
-3.7686815,-5.5986814,-6.738682,-6.2486815,-5.2686815,-4.488682,-4.178682,-2.8086817,-3.2486815,-2.8686817,-2.6686816,-2.1586816,-2.6886816,-3.1986816,-3.2986817,-2.5586817,-2.1786816,-1.9786817,-2.1486816,-2.9386816,-3.8786817,-2.9786816,-3.1386817,-3.0286818,-3.5886817,-3.2586815,-3.8286817,-1.7486817,-1.2086816,-0.028681641,0.0113183595,-1.5186816,-1.6486816,1.5413184,1.5513184,0.06131836,-1.1586816,-2.3686817,-1.5286816,-1.6986816,-2.0086815
-2.2186816,-2.8986816,-6.0686817,-6.9586816,-6.1086817,-4.3986816,-3.1786816,-3.6686816,-3.1386817,-2.5786817,-2.8886817,-3.3986816,-3.0186815,-3.3186817,-3.0586817,-2.1286817,-2.2486815,-2.2086816,-1.6786816,-2.0086815,-2.8086817,-2.5086815,-2.7286816,-3.1786816,-3.1186817,-2.5586817,-0.7386816,0.02131836,-0.01868164,1.0213183,1.0213183,0.34131837,0.20131835,1.3613183,0.78131837,-2.2486815,0.12131836,1.3913183,0.80131835,-1.5186816,-2.3586817
-4.7686815,-4.8886814,-4.8486814,-4.7086816,-4.2086816,-4.0486817,-5.5986814,-2.1586816,-3.5986817,-2.8586817,-2.8186817,-2.4186816,-2.7586815,-2.4786816,-2.2086816,-2.3386817,-1.6286817,-1.3286816,-1.7386817,-2.1986816,-1.8286816,-1.0486816,-1.6686816,-2.3486817,-2.1086817,-1.7386817,-0.6786816,-0.24868163,-1.8286816,-2.4586816,-2.8286817,-2.0186815,0.6513184,0.46131837,-1.8786817,-1.7286817,-1.0486816,2.5513184,0.5113184,-0.22868164,1.1713184
-4.0586815,-4.218682,-4.468682,-4.2786818,-3.9386816,-3.0986817,-3.1186817,0.68131834,-3.4086816,-2.5786817,-2.4486816,-3.3186817,-3.3086817,-3.5286818,-2.0786817,-1.4686817,-1.6586816,-1.6686816,-1.2786816,-1.9786817,-0.7986816,-1.5586816,-1.7286817,-2.3086817,-0.9286816,-0.65868163,0.12131836,-0.27868164,-0.34868163,-1.9486816,-1.7786816,-0.48868164,-1.4886817,-0.10868164,-0.9286816,-0.55868167,-0.12868164,-1.4986817,-2.1886816,-2.5686817,-2.0986817
-3.0986817,-2.6986816,-2.7686815,-2.5786817,-2.2086816,-1.9886817,-2.2186816,-2.8186817,-2.9286816,-1.9986817,-2.1586816,-2.5886817,-2.3986816,-1.7486817,-1.5786816,-1.2386817,-1.6686816,-1.4286816,-0.75868165,-0.93868166,-0.87868166,-0.16868164,-0.31868163,-0.20868164,-0.83868164,-0.14868164,-0.10868164,0.24131836,0.55131835,0.41131836,0.56131834,0.48131835,1.3713183,0.14131837,0.47131836,-0.13868164,0.10131836,-1.3286816,-0.11868164,0.5213184,-2.2186816
-2.7786818,-2.2886817,-2.0086815,-2.1686816,-1.8186816,-1.3986816,-1.8486817,-2.4586816,-2.3286817,-1.6386817,-1.2486817,-1.4486816,-1.6586816,-1.5386816,-1.9086816,-2.1886816,-2.1886816,-1.3186816,-0.89868164,-0.75868165,-1.2886816,0.14131837,-0.16868164,-0.96868163,-2.0386817,-1.6186817,-1.5886817,-0.35868165,0.61131835,1.5013183,1.9413184,2.2613184,1.8913183,1.6313183,0.06131836,-0.61868167,-1.4186816,-0.36868164,-0.70868164,0.87131834,-1.1186817
-0.55868167,-1.1986816,-1.1386817,-1.0286816,-1.0986817,-1.9586816,-1.6286817,-1.4386816,-1.6486816,-0.6086816,0.0013183594,-0.62868166,0.081318356,-1.0486816,-1.6886816,-2.4686816,-2.0586817,-0.83868164,-0.6086816,-0.51868165,0.50131834,-0.50868165,-1.1086817,-1.0386816,-1.4786817,-1.3586817,0.59131837,0.5813184,1.2513183,1.9813184,2.1513183,3.1613183,2.7313185,1.8313184,1.1413183,-1.0986817,-1.0686816,0.80131835,-0.77868164,1.2613183,-0.95868164
0.8213184,1.6813184,1.5813184,1.0413184,0.48131835,-0.16868164,-0.35868165,-0.24868163,0.22131836,-0.26868165,-0.9786816,0.97131836,0.26131836,0.60131836,-0.80868167,-0.69868165,-0.75868165,0.24131836,0.09131836,1.5113183,0.79131836,-0.88868165,-1.0686816,-0.57868165,-0.51868165,0.29131836,1.3513184,2.5713184,3.1313183,3.7013183,2.1413183,1.5813184,2.6413183,1.8713183,1.9713184,2.0713184,0.9013184,0.22131836,0.20131835,-0.07868164,0.02131836
1.9813184,1.7713183,2.1513183,2.1013184,1.7913184,1.1513183,1.0913184,0.9013184,1.4313184,0.23131835,0.11131836,1.1513183,1.0713184,0.02131836,-0.27868164,0.41131836,1.1513183,1.9813184,2.0813184,1.9713184,0.8913184,-0.33868164,-0.028681641,0.41131836,1.7213184,1.6413183,2.4213183,2.2613184,1.7113184,2.4913185,3.5813184,3.7613184,2.9413183,3.9313183,2.7913184,2.1013184,2.5613184,0.47131836,1.1313183,0.44131836,-0.14868164
2.9313183,2.8813183,3.5713184,2.9313183,2.2213182,1.8513184,1.7513183,2.1313183,1.6613183,1.4713184,0.5713184,1.0213183,1.6713184,2.5913184,1.9013183,2.8013184,3.1013184,3.1413183,2.8413184,2.3513184,1.6813184,2.4913185,2.3513184,1.3413184,1.7613183,1.9013183,1.9413184,1.6113183,1.7713183,2.8413184,3.6213183,2.8013184,4.4313183,3.6913183,3.3413184,2.5313184,2.4713182,1.0813184,-0.51868165,0.7013184,-0.39868164
1.5313183,3.5913184,5.9013186,3.1413183,3.2013183,2.7913184,4.1113186,2.3313184,2.9613183,1.7113184,0.10131836,1.5813184,2.0013185,1.5713184,3.7113183,3.5313184,3.3313184,3.5213184,3.5413184,3.4313183,2.9013183,2.6513183,2.5513184,2.6213183,1.2013184,2.0813184,2.2613184,2.6813183,2.5413184,2.6313183,3.0513184,3.7113183,3.4913185,1.9013183,4.2213182,3.7313185,2.0713184,2.1013184,3.0913184,1.0513184,-1.3886817
