wind_kz.json
{"header": {"discipline":0,"disciplineName":"Meteorological products","gribEdition":2,"gribLength":1025,"center":7,"centerName":"US National Weather Service - NCEP(WMC)","subcenter":0,"refTime":"2023-09-28T06:00:00.000Z","significanceOfRT":1,"significanceOfRTName":"Start of forecast","productStatus":0,"productStatusName":"Operational products","productType":1,"productTypeName":"Forecast products","productDefinitionTemplate":0,"productDefinitionTemplateName":"Analysis/forecast at horizontal level/layer at a point in time","parameterCategory":2,"parameterCategoryName":"UnknownDiscipline_0_Category_2","parameterNumber":3,"parameterNumberName":"UnknownParameter_D0_C2_3","parameterUnit":"Unknown","genProcessType":2,"genProcessTypeName":"Forecast","forecastTime":300,"surface1Type":103,"surface1TypeName":"Specified height level above ground","surface1Value":10.0,"surface2Type":255,"surface2TypeName":"Missing","surface2Value":0.0,"gridDefinitionTemplate":0,"gridDefinitionTemplateName":"Latitude_Longitude","numberPoints":615,"shape":6,"shapeName":"Earth spherical with radius of 6,371,229.0 m","gridUnits":"degrees","resolution":48,"winds":"true","scanMode":64,"nx":41,"ny":15,"basicAngle":0,"lo1":47.0,"la1":41.0,"lo2":87.0,"la2":55.0,"dx":1.0,"dy":1.0}, "data":
[rows 0 to 14 of 15, columns 0 to 40 of 41]
-0.97574216,-1.5457422,0.4242578,3.5942578,2.8942578,0.38425782,1.1442578,0.8142578,0.19425781,0.3442578,-1.1757421,-1.2057422,-2.245742,-3.1657422,-3.8157423,-3.465742,-4.485742,-3.5457423,-4.0157423,-1.6457422,-4.1857424,-4.595742,-2.3957422,-1.9257421,-1.6557422,0.8542578,-1.1557422,0.65425783,0.014257813,-0.3857422,-3.3257422,-4.585742,0.71425784,-3.5557423,0.9842578,-1.2057422,-5.2457423,-1.8657422,-7.065742,-3.0457423,-4.7257423
4.764258,0.35425782,-1.1757421,2.6642578,3.254258,3.3242579,0.71425784,1.5442578,0.5342578,0.12425781,-0.6957422,-1.8657422,-2.245742,-2.3457422,-3.8057423,-3.8657422,-3.5157423,-4.5157423,-3.3857422,-2.5257423,-4.525742,-5.7057424,-2.2657423,1.2842578,-0.30574217,-0.7057422,-1.9757422,-0.33574218,-0.4457422,0.4242578,0.6942578,2.0442579,-0.9857422,-4.405742,-6.8057423,-5.105742,-5.525742,-7.2657423,-7.295742,-4.775742,-1.4057422
0.44425783,1.7442578,2.534258,1.2542578,4.014258,2.7242577,2.3142579,1.5742579,0.5042578,-0.5457422,-1.5557421,-1.5257422,-1.1557422,-1.8457422,-2.755742,-3.4057422,-3.2957423,-3.8857422,-3.9357421,1.3242579,-0.5157422,-4.4957423,-7.155742,-2.1157422,-1.5257422,-0.15574218,-0.27574217,-0.5557422,-0.4657422,-0.015742188,0.59425783,0.71425784,1.3542578,-1.2057422,-1.8057421,-0.6357422,4.324258,-1.2657422,-0.29574218,-0.5857422,-1.5457422
2.2942579,3.0642579,2.0642579,3.534258,2.9742577,4.364258,3.9642577,2.504258,1.8442578,0.7042578,-0.48574218,-0.65574217,-0.5057422,-1.1557422,-2.4157422,-2.9157422,-3.725742,-4.275742,-4.9557424,-4.875742,-1.2657422,-2.6957421,1.2442578,-2.465742,-3.215742,-3.6257422,-3.3257422,-3.5157423,-0.36574218,-1.7457422,-2.0357423,-2.6957421,-0.27574217,-0.05574219,0.7542578,-0.90574217,-0.10574219,4.474258,2.274258,2.0942578,-1.3257422
2.9642577,3.1342578,0.9242578,2.9242578,1.8342578,2.9542577,2.8042579,3.514258,3.034258,1.8042579,1.3042579,0.8942578,0.15425782,-0.6057422,-1.4757422,-2.245742,-2.7957423,-3.485742,-3.8157423,-3.8757422,-2.5357423,-0.84574217,-1.4557422,-2.215742,-2.5657423,-2.1757421,-2.755742,-1.9057422,-1.8657422,-2.3557422,-3.1857421,-1.9757422,1.6742578,1.3642578,-0.13574219,-0.4357422,-3.6257422,0.014257813,0.77425784,-5.7857423,-2.6657422
1.8142579,1.0042578,2.4042578,3.0542579,5.0242577,4.8342576,3.9742577,3.9442577,3.3942578,3.0542579,1.6742578,0.22425781,0.104257815,0.6742578,-0.5257422,-1.1557422,-1.4457421,-1.9057422,-2.3157423,-2.5757422,-1.9157422,-0.4457422,0.58425784,0.2142578,-0.6057422,-1.5657421,-2.0857422,-0.0057421876,-1.1357422,-0.72574216,-0.84574217,-1.4357421,-0.7757422,-0.4457422,1.6242578,0.104257815,2.2142577,-2.3557422,-4.125742,-5.545742,-4.405742
1.6442578,1.1342578,1.6842579,3.6142578,4.204258,3.6142578,4.264258,4.454258,4.244258,4.2942576,2.6242578,2.494258,1.6242578,0.4042578,-0.13574219,-0.48574218,-0.5757422,-0.20574218,-0.4057422,-0.5857422,-0.97574216,-0.9957422,-0.4957422,0.5342578,1.1742578,1.7442578,1.3842578,1.5142578,0.09425781,0.8042578,0.5642578,0.5642578,1.5342578,0.7042578,-1.5157422,-0.6257422,0.26425782,-0.8057422,-3.0457423,0.2742578,-0.09574219
1.1542578,1.5642579,2.7142577,3.0742579,3.034258,5.054258,3.8342578,3.004258,2.9042578,2.9842577,3.1842577,2.6942577,2.5842578,2.0842578,1.8642578,1.0842578,0.4942578,0.26425782,1.6642578,1.8942578,1.4042578,1.5542579,1.3742578,0.90425783,1.6742578,1.2542578,1.1442578,0.65425783,0.7642578,0.8942578,2.034258,2.5742579,2.4242578,2.3442578,2.7942579,2.2142577,1.7942578,0.054257814,-1.2657422,0.6842578,-2.1457422
2.7242577,3.7342577,3.0942578,3.254258,5.054258,5.2342577,4.3342576,4.394258,3.764258,3.774258,3.6242578,3.4742577,2.784258,3.284258,3.1642578,2.9642577,2.514258,2.1442578,1.4942578,0.9542578,0.9442578,1.1242578,1.8442578,2.534258,2.774258,2.9242578,2.3242579,2.4842577,2.0442579,1.4342579,2.7342577,3.8442578,3.9142578,5.2342577,3.9442577,2.4142578,0.26425782,0.9942578,-3.1957421,-3.4157422,-4.115742
3.1642578,3.3442578,1.7442578,3.2042577,3.4342577,3.6042578,3.7942579,4.1942577,4.474258,4.134258,4.134258,3.6142578,3.3342578,3.494258,3.494258,2.8742578,2.8242579,2.8442578,2.524258,2.1142578,2.1442578,1.9942578,1.5242578,2.3442578,2.8142579,3.3642578,4.054258,3.8542578,3.774258,4.2742577,3.8842578,4.614258,5.404258,5.384258,4.874258,2.9342577,1.0342578,-1.0557421,1.8742578,3.7142577,1.6842579
1.9942578,1.5742579,1.2042578,0.6942578,0.8742578,1.0142578,2.1842577,3.274258,3.8042579,3.3542578,3.284258,3.5942578,3.284258,3.4642577,3.1942577,3.1842577,3.0742579,3.2942579,3.6942577,3.3542578,3.014258,2.6842577,1.9242578,2.754258,2.8042579,3.024258,2.1542578,2.9042578,3.9242578,3.6742578,3.6442578,4.184258,5.684258,6.4842577,6.684258,4.994258,2.784258,2.8142579,1.8542578,1.6842579,0.2142578
0.4942578,1.3842578,2.1042578,2.284258,1.8642578,1.2442578,0.58425784,1.4242578,1.5842578,2.1842577,2.034258,1.3142579,1.8742578,2.1142578,2.2242577,2.9242578,2.994258,2.744258,4.2542577,2.7942579,3.1942577,1.9742578,2.0842578,2.3242579,2.6142578,2.254258,3.8342578,2.9342577,2.8042579,2.9542577,3.8242579,5.144258,5.494258,7.624258,5.954258,6.8142576,7.1942577,5.0042577,3.6842577,2.8942578,1.6942579
2.0742579,2.1942577,2.514258,1.9242578,2.1042578,1.1342578,1.1142578,1.5042578,1.8842578,1.9542578,1.2442578,0.6942578,2.1442578,1.3042579,1.4142578,1.6942579,2.3442578,2.5842578,3.1242578,3.274258,3.244258,2.8142579,2.3642578,1.4242578,1.1242578,2.9442577,2.3242579,2.754258,3.2942579,3.8442578,5.074258,6.074258,7.1942577,8.544258,8.174258,6.644258,5.8342576,4.5042577,5.654258,4.884258,3.1742578
1.4942578,1.6042578,2.6342578,3.1742578,2.3742578,2.1142578,1.9742578,2.274258,2.1142578,2.1842577,2.004258,0.22425781,0.08425781,1.6342578,0.96425784,0.9242578,1.1042578,1.3342578,1.4042578,1.6742578,1.2142578,1.6242578,1.0842578,0.58425784,0.58425784,0.71425784,1.2742578,2.3542578,2.8342578,4.154258,4.9442577,6.394258,7.644258,7.8542576,7.7142577,7.474258,6.3142576,5.594258,5.434258,4.2542577,4.664258
1.2542578,1.3142579,1.3842578,2.0642579,2.5942578,2.3342578,2.534258,2.8742578,2.6942577,2.6242578,2.4642577,3.024258,1.8342578,-0.5557422,0.52425784,1.2342578,0.65425783,0.09425781,0.2142578,0.044257812,-0.26574218,-0.45574218,-0.91574216,-0.9557422,-0.53574216,0.23425782,1.2042578,1.6642578,2.5442579,3.6842577,4.7142577,6.824258,5.664258,7.664258,8.4342575,8.244258,7.934258,6.624258,5.684258,5.994258,4.134258
