wind_kz.json
{"header": {"discipline":0,"disciplineName":"Meteorological products","gribEdition":2,"gribLength":871,"center":7,"centerName":"US National Weather Service - NCEP(WMC)","subcenter":0,"refTime":"2023-09-21T18:00:00.000Z","significanceOfRT":1,"significanceOfRTName":"Start of forecast","productStatus":0,"productStatusName":"Operational products","productType":1,"productTypeName":"Forecast products","productDefinitionTemplate":0,"productDefinitionTemplateName":"Analysis/forecast at horizontal level/layer at a point in time","parameterCategory":0,"parameterCategoryName":"UnknownDiscipline_0_Category_0","parameterNumber":0,"parameterNumberName":"UnknownParameter_D0_C0_0","parameterUnit":"Unknown","genProcessType":2,"genProcessTypeName":"Forecast","forecastTime":120,"surface1Type":1,"surface1TypeName":"Ground or water surface","surface1Value":0.0,"surface2Type":255,"surface2TypeName":"Missing","surface2Value":0.0,"gridDefinitionTemplate":0,"gridDefinitionTemplateName":"Latitude_Longitude","numberPoints":615,"shape":6,"shapeName":"Earth spherical with radius of 6,371,229.0 m","gridUnits":"degrees","resolution":48,"winds":"true","scanMode":64,"nx":41,"ny":15,"basicAngle":0,"lo1":47.0,"la1":41.0,"lo2":87.0,"la2":55.0,"dx":1.0,"dy":1.0}, "data":
[rows 0 to 14 of 15, columns 0 to 40 of 41]
288.0209,282.2209,288.6209,294.2209,294.4209,293.8209,294.8209,296.1209,293.2209,292.3209,292.4209,293.3209,293.1209,293.1209,292.3209,289.1209,290.4209,291.9209,289.6209,291.0209,293.3209,289.6209,290.9209,284.7209,288.2209,290.4209,288.7209,275.2209,274.5209,274.1209,273.4209,275.2209,282.6209,289.9209,290.4209,290.7209,290.5209,290.4209,289.3209,287.7209,287.8209
274.2209,286.0209,293.5209,293.7209,293.7209,292.5209,293.7209,292.6209,292.1209,292.2209,292.9209,292.0209,291.3209,290.9209,290.8209,291.7209,288.1209,290.6209,289.9209,289.0209,288.6209,289.4209,289.6209,283.0209,274.0209,273.2209,282.2209,274.8209,276.9209,270.8209,277.0209,264.7209,276.9209,251.9209,273.0209,287.0209,286.0209,288.4209,291.2209,284.0209,283.7209
288.4209,292.7209,293.5209,293.3209,291.6209,292.5209,292.3209,292.5209,291.1209,290.1209,289.6209,290.5209,289.2209,291.0209,292.9209,292.0209,290.1209,288.1209,289.5209,288.5209,289.6209,291.7209,290.1209,284.3209,285.3209,285.5209,286.5209,285.4209,285.5209,278.9209,270.9209,272.8209,278.8209,277.8209,281.1209,281.6209,273.1209,273.6209,275.5209,270.9209,266.9209
288.8209,292.4209,293.9209,292.7209,291.9209,291.4209,292.7209,291.5209,292.1209,291.4209,290.3209,290.4209,291.5209,291.0209,293.1209,291.7209,291.9209,290.7209,290.2209,288.8209,291.1209,284.2209,288.8209,289.7209,289.6209,289.3209,289.6209,287.8209,285.8209,286.1209,287.6209,285.1209,290.0209,287.5209,285.8209,284.7209,271.9209,268.7209,275.4209,280.7209,284.1209
291.0209,292.1209,292.9209,292.1209,292.0209,291.4209,292.5209,292.0209,292.0209,291.9209,291.3209,290.2209,290.4209,289.4209,287.9209,291.9209,291.6209,291.1209,289.7209,291.4209,291.0209,290.6209,289.0209,288.6209,288.1209,288.5209,286.6209,287.6209,286.4209,286.9209,289.2209,285.7209,277.4209,269.9209,276.3209,283.9209,287.9209,287.2209,287.8209,287.5209,287.1209
290.7209,288.6209,291.4209,291.9209,292.0209,291.7209,292.0209,293.6209,291.8209,292.0209,292.4209,292.1209,290.4209,290.2209,290.6209,291.2209,292.7209,291.6209,291.7209,291.7209,290.6209,290.2209,289.9209,289.0209,288.1209,286.3209,286.4209,288.1209,288.3209,288.5209,286.3209,287.9209,286.6209,284.1209,282.9209,288.3209,279.5209,279.0209,284.2209,285.7209,286.0209
290.5209,289.6209,293.4209,293.0209,291.9209,291.4209,292.9209,292.1209,292.5209,292.7209,290.8209,290.9209,290.5209,290.5209,290.4209,291.8209,291.3209,292.2209,291.1209,290.5209,289.5209,289.8209,290.4209,292.3209,290.7209,291.3209,287.7209,287.8209,287.7209,287.8209,286.8209,286.7209,286.4209,286.8209,285.0209,283.6209,279.9209,277.0209,272.5209,272.4209,281.9209
291.5209,290.3209,289.9209,297.2209,297.3209,297.5209,293.6209,292.9209,294.7209,292.3209,290.4209,290.4209,289.3209,290.2209,290.8209,291.3209,290.7209,291.6209,291.0209,291.7209,288.9209,287.6209,289.7209,288.9209,287.5209,284.4209,284.2209,285.6209,284.3209,285.4209,284.2209,284.5209,283.1209,280.7209,280.5209,280.7209,282.4209,287.2209,282.2209,281.7209,278.6209
295.9209,292.4209,295.6209,293.2209,294.3209,294.5209,294.9209,294.3209,291.0209,294.4209,293.0209,293.6209,292.2209,290.2209,289.5209,290.3209,289.9209,290.0209,289.3209,288.4209,285.5209,288.3209,285.2209,284.6209,284.3209,288.0209,286.1209,285.4209,285.7209,285.2209,281.2209,281.2209,281.4209,282.3209,281.0209,279.6209,279.0209,278.3209,265.5209,268.3209,265.4209
291.2209,291.7209,293.3209,291.3209,293.5209,293.8209,290.8209,289.9209,291.5209,289.6209,290.7209,288.8209,290.3209,290.5209,291.5209,290.0209,289.3209,292.9209,290.5209,292.1209,290.0209,290.3209,290.9209,289.6209,284.7209,286.8209,286.4209,285.5209,285.8209,286.2209,287.2209,284.4209,284.9209,284.0209,282.1209,280.3209,279.0209,275.2209,270.5209,270.2209,269.7209
289.2209,289.5209,289.7209,289.1209,288.3209,289.0209,288.8209,287.5209,288.2209,288.3209,286.7209,287.2209,289.5209,289.4209,288.8209,289.7209,290.7209,291.7209,289.3209,290.9209,291.2209,291.0209,289.5209,287.3209,287.8209,289.0209,287.1209,289.0209,289.0209,289.9209,290.1209,287.0209,284.8209,285.3209,283.8209,280.4209,277.4209,273.8209,273.5209,273.8209,269.7209
285.8209,286.9209,286.7209,287.1209,286.9209,286.6209,286.1209,286.0209,286.4209,286.4209,283.8209,285.1209,286.4209,285.8209,285.8209,287.1209,289.7209,287.3209,287.6209,287.0209,286.2209,286.0209,286.6209,288.7209,285.5209,286.3209,286.7209,289.1209,286.6209,287.2209,286.5209,286.4209,286.2209,283.1209,283.4209,282.0209,281.6209,280.2209,279.9209,279.3209,277.9209
283.1209,282.7209,284.8209,285.1209,285.7209,285.5209,284.6209,284.4209,283.6209,282.7209,281.5209,280.5209,284.5209,283.8209,285.5209,286.8209,286.1209,285.6209,286.5209,285.5209,285.2209,283.5209,283.5209,283.9209,288.5209,289.5209,289.4209,286.6209,287.2209,286.3209,286.1209,286.1209,285.6209,284.9209,283.7209,282.9209,281.7209,282.0209,280.2209,279.0209,278.9209
280.3209,282.4209,284.9209,284.1209,283.9209,283.1209,283.9209,284.0209,287.1209,287.3209,281.8209,281.5209,279.9209,282.1209,283.1209,284.0209,287.0209,284.0209,284.6209,284.4209,284.8209,284.6209,285.2209,285.4209,286.0209,286.4209,287.9209,287.0209,286.2209,286.3209,286.2209,285.4209,285.2209,285.3209,284.6209,282.1209,281.5209,280.6209,279.9209,278.7209,277.5209
281.5209,283.3209,286.4209,282.6209,283.2209,281.7209,282.8209,281.9209,283.3209,287.2209,285.1209,284.8209,279.4209,280.2209,281.5209,282.4209,281.8209,282.1209,282.0209,282.2209,282.9209,283.3209,283.9209,283.8209,284.0209,284.9209,286.1209,286.0209,285.6209,285.7209,288.4209,285.1209,285.1209,285.4209,284.7209,284.2209,283.5209,284.1209,282.1209,283.1209,280.5209
