wind_kz.json
{"header": {"discipline":0,"disciplineName":"Meteorological products","gribEdition":2,"gribLength":1102,"center":7,"centerName":"US National Weather Service - NCEP(WMC)","subcenter":0,"refTime":"2023-08-06T12:00:00.000Z","significanceOfRT":1,"significanceOfRTName":"Start of forecast","productStatus":0,"productStatusName":"Operational products","productType":1,"productTypeName":"Forecast products","productDefinitionTemplate":0,"productDefinitionTemplateName":"Analysis/forecast at horizontal level/layer at a point in time","parameterCategory":2,"parameterCategoryName":"UnknownDiscipline_0_Category_2","parameterNumber":2,"parameterNumberName":"UnknownParameter_D0_C2_2","parameterUnit":"Unknown","genProcessType":2,"genProcessTypeName":"Forecast","forecastTime":120,"surface1Type":103,"surface1TypeName":"Specified height level above ground","surface1Value":10.0,"surface2Type":255,"surface2TypeName":"Missing","surface2Value":0.0,"gridDefinitionTemplate":0,"gridDefinitionTemplateName":"Latitude_Longitude","numberPoints":615,"shape":6,"shapeName":"Earth spherical with radius of 6,371,229.0 m","gridUnits":"degrees","resolution":48,"winds":"true","scanMode":64,"nx":41,"ny":15,"basicAngle":0,"lo1":47.0,"la1":41.0,"lo2":87.0,"la2":55.0,"dx":1.0,"dy":1.0}, "data":
[rows 0 to 14 of 15, columns 0 to 40 of 41]
0.0025268556,1.7225269,-1.3974731,-5.577473,-2.8674731,0.21252686,1.2925268,-2.6074731,-3.637473,-3.147473,-3.0074732,-1.9974731,-3.0774732,-2.1174731,-0.90747315,-0.52747315,0.9925268,1.8225268,2.2725267,2.9325268,4.672527,5.842527,5.6025267,6.662527,7.862527,6.092527,5.462527,7.342527,1.0025269,1.0425268,-0.14747314,2.6525269,4.452527,-1.0774732,1.2525269,0.122526854,1.2025268,2.062527,0.47252685,0.0025268556,2.342527
-0.8174732,-5.7474732,-11.017473,-6.427473,-4.337473,-0.23747315,-4.587473,-4.1874733,-5.047473,-4.197473,-2.4774733,-4.297473,-4.367473,-2.387473,-1.7074732,-1.7974732,-1.3174732,0.052526854,0.77252686,2.562527,4.322527,3.9125268,6.1025267,5.2525268,4.412527,-0.70747316,4.782527,4.592527,-0.98747313,0.38252684,0.90252686,-0.34747314,0.72252685,1.7925268,-1.1474731,3.332527,2.372527,1.0625268,3.332527,4.0025268,-0.49747315
-8.437473,-9.247473,-9.287473,-6.237473,-3.5974731,-3.3074732,-4.797473,-4.3774734,-5.1274734,-4.537473,-5.807473,-4.007473,-3.5074732,-0.18747315,1.2425269,-3.5174732,-2.387473,-1.0174731,-0.31747314,0.89252687,2.552527,6.0625267,7.3725266,7.722527,8.102527,3.072527,0.28252685,0.70252687,7.8725266,0.45252687,-0.37747315,-0.69747317,1.3625269,-4.1074734,2.7725267,0.21252686,1.1425269,1.1225269,3.802527,4.0425267,-2.707473
-11.027473,-10.397473,-7.287473,-2.4974732,2.9625268,-4.7474732,-4.3974733,-4.7474732,-3.8074732,-3.187473,-2.2674732,-4.9374733,-0.49747315,1.7725269,2.342527,-2.2974732,-2.5474732,-1.2774731,-0.14747314,-0.14747314,1.3925269,1.5625268,5.432527,4.972527,6.6225266,6.482527,6.762527,6.732527,5.672527,6.0025268,0.5025269,1.7925268,10.322527,8.162527,2.7125268,2.312527,1.3425269,1.5325269,-2.157473,-4.4574733,-5.7474732
-11.187473,-9.047473,-7.2274733,-8.527473,-5.6874733,-6.117473,-4.947473,-4.327473,-2.687473,-2.917473,-2.7974732,-6.4574733,-1.5874732,1.5325269,4.3925266,-3.177473,-3.217473,-1.5774732,-2.3174732,-1.4874731,-0.89747316,0.86252683,0.8225269,3.9925268,7.172527,10.902527,11.632526,10.062527,9.852527,8.302526,-2.917473,4.472527,0.052526854,1.7525269,-2.907473,-2.2274733,7.962527,-4.117473,-2.927473,-1.5574732,-1.1074731
-8.837473,-7.797473,-8.177473,-8.807473,-7.047473,-2.7574732,-5.987473,-4.8774734,-3.7374732,-3.127473,-3.457473,-3.0574732,2.822527,0.13252686,-1.9074731,-3.2774732,-3.5074732,-3.0974731,-1.1374731,-2.397473,-0.9974731,-1.3674731,-0.22747314,-0.37747315,5.1225266,10.392527,8.642527,1.8025268,8.632526,6.882527,3.072527,5.442527,6.842527,-0.19747314,-0.17747314,-3.0574732,-0.42747316,3.2725267,3.0125268,1.6725268,3.582527
-7.217473,-7.587473,-7.887473,-5.777473,-1.9574732,-5.057473,-5.407473,-4.987473,-4.827473,-3.8374732,-1.9674731,-3.6074731,-2.667473,-3.5274732,-2.9874732,-3.187473,-2.967473,-3.0074732,-1.9774731,-0.64747316,-3.5174732,-1.9074731,-1.2974732,-0.38747314,-0.29747313,-3.5974731,0.8225269,7.482527,-5.4974732,6.472527,7.672527,7.222527,10.562527,2.4225268,6.1225266,7.672527,6.552527,6.692527,6.3525267,-0.23747315,-1.4974731
-6.6274734,-6.597473,-4.967473,-5.317473,-4.807473,-3.8174732,-3.2574732,-3.5374732,-3.7974732,-4.577473,-3.177473,-2.697473,-2.4974732,-1.5774732,-2.637473,-1.8674731,-2.127473,-3.147473,-1.7174731,-0.12747315,0.40252686,-0.6174731,0.22252685,-0.24747315,0.49252686,-0.28747314,-1.3474731,-0.8174732,-1.3074732,-4.367473,-0.90747315,-3.2874732,-6.547473,-1.9574732,-0.5574731,2.302527,0.70252687,4.3325267,1.6925268,-0.17747314,3.4725268
-6.297473,-6.197473,-5.297473,-4.387473,-3.0074732,-2.0074732,-1.7574731,0.122526854,-1.2074732,-1.5774732,-1.0474732,-1.6774732,-1.1174731,-0.38747314,-0.037473146,-3.877473,-0.097473145,-3.0574732,-0.98747313,-0.07747314,0.78252685,1.4925269,1.8625269,2.562527,2.2625268,0.032526854,-3.967473,-3.917473,-2.637473,-3.3574731,-3.0274732,-3.397473,-1.9374732,-1.8274732,0.38252684,1.9925269,5.512527,3.0225267,1.6125269,1.2125268,1.7925268
-6.367473,-5.847473,-5.287473,-3.947473,-2.627473,-2.9774733,-2.377473,-1.1874732,-0.90747315,-0.33747315,-1.0674732,-2.627473,-1.9074731,-1.9174732,-7.327473,-4.2074733,-2.157473,-0.27747315,-1.3074732,-0.54747313,0.09252685,0.40252686,0.15252686,-0.66747314,0.24252686,1.6725268,-3.7274733,-2.927473,-2.6174731,-1.7974732,-2.0774732,0.042526856,-0.18747315,-1.5574732,1.0125269,2.9825268,1.9325268,2.292527,1.7925268,0.73252684,1.2325269
-5.427473,-4.7274733,-4.447473,-3.5974731,-3.2674732,-3.187473,-1.4974731,-1.6574731,-0.10747314,0.8225269,-0.7574732,-3.5074732,-4.007473,-4.4174733,-3.3274732,-1.4474732,-1.9374732,-2.1174731,-1.2974732,-1.0774732,-0.69747317,-0.0074731447,-0.19747314,-0.79747313,-0.95747316,-1.6074731,-1.6274731,-0.46747315,1.1025269,-0.6874731,0.60252684,0.9925268,2.4825268,0.5725269,-0.6174731,1.0825268,0.40252686,-0.47747314,-0.84747314,0.19252686,1.3925269
-0.5074732,-0.6774731,-3.3574731,-3.667473,-2.8174732,-2.0174732,-1.6474731,-0.88747317,-2.0874732,-0.79747313,-1.8874731,-3.5974731,-5.067473,-3.8374732,-1.8674731,-1.6474731,-1.2674731,-1.0574732,0.06252685,-0.73747313,0.6325269,0.17252685,-0.94747317,-0.31747314,-0.9974731,-0.70747316,-0.21747315,-1.5774732,0.052526854,-0.94747317,0.39252687,2.1625268,1.6125269,0.8125269,2.9125268,1.4325268,2.7225268,3.2125268,2.1625268,-0.16747314,1.0925269
-0.71747315,3.1725268,-3.427473,-2.8674731,0.33252686,-1.2774731,-1.7074732,-1.8574731,-1.7974732,-0.5074732,0.24252686,-4.297473,-3.5474732,-1.5374732,-2.0174732,-0.88747317,-0.5674732,0.97252685,0.83252686,-0.95747316,1.0525268,-1.9474732,0.032526854,1.9925269,-0.52747315,1.6925268,-0.63747317,1.5125269,1.1625268,2.5125268,2.6525269,3.062527,2.302527,3.312527,5.412527,3.6525269,3.082527,1.1625268,0.96252686,2.812527,1.3625269
3.1825268,-4.347473,-1.6374731,-1.6774732,-1.8074732,-2.6174731,-2.5074732,-1.8974731,-0.40747315,-0.39747316,0.49252686,-3.0674732,-2.887473,-2.3374732,-1.1574731,-1.3374732,-0.37747315,0.51252687,1.2125268,-4.157473,-1.7374731,0.06252685,1.2225269,3.092527,0.17252685,0.8125269,1.4225268,-0.82747316,1.8525269,2.7525268,3.2125268,3.4125268,4.672527,4.612527,4.662527,3.862527,2.4725268,3.352527,3.2425268,1.1325269,1.5425268
-2.447473,-3.3274732,-3.0274732,-3.5574732,-2.7274733,-3.0674732,-2.137473,-1.8174732,-1.8674731,-1.6274731,-1.9774731,-2.967473,-0.25747314,-1.3174732,-1.5074731,-1.2174731,-0.43747315,0.13252686,-0.79747313,-2.2374732,0.13252686,-0.33747315,1.9325268,2.562527,-0.8774731,1.3025268,-1.6574731,1.0325269,2.1525269,2.832527,2.8825269,3.052527,3.3925269,3.4125268,5.012527,3.9125268,3.3825269,3.2625268,5.8725266,6.282527,2.5025268
