wind_kz.json
{"header": {"discipline":0,"disciplineName":"Meteorological products","gribEdition":2,"gribLength":1025,"center":7,"centerName":"US National Weather Service - NCEP(WMC)","subcenter":0,"refTime":"2023-08-28T06:00:00.000Z","significanceOfRT":1,"significanceOfRTName":"Start of forecast","productStatus":0,"productStatusName":"Operational products","productType":1,"productTypeName":"Forecast products","productDefinitionTemplate":0,"productDefinitionTemplateName":"Analysis/forecast at horizontal level/layer at a point in time","parameterCategory":2,"parameterCategoryName":"UnknownDiscipline_0_Category_2","parameterNumber":2,"parameterNumberName":"UnknownParameter_D0_C2_2","parameterUnit":"Unknown","genProcessType":2,"genProcessTypeName":"Forecast","forecastTime":300,"surface1Type":103,"surface1TypeName":"Specified height level above ground","surface1Value":10.0,"surface2Type":255,"surface2TypeName":"Missing","surface2Value":0.0,"gridDefinitionTemplate":0,"gridDefinitionTemplateName":"Latitude_Longitude","numberPoints":615,"shape":6,"shapeName":"Earth spherical with radius of 6,371,229.0 m","gridUnits":"degrees","resolution":48,"winds":"true","scanMode":64,"nx":41,"ny":15,"basicAngle":0,"lo1":47.0,"la1":41.0,"lo2":87.0,"la2":55.0,"dx":1.0,"dy":1.0}, "data":
[rows 0 to 14 of 15, columns 0 to 40 of 41]
-4.9159007,-0.045900878,0.87409914,-0.7359009,-4.6659007,-6.595901,-6.985901,-7.285901,-7.445901,-4.135901,-4.245901,-5.2259007,-5.025901,-4.405901,-2.7459009,-2.145901,-1.6959009,-2.8359008,-3.635901,-2.6059008,-2.1059008,-0.9759009,-0.6759009,0.0040991213,1.2640991,-3.5159009,-1.6859009,0.80409914,-0.6659009,0.6440991,0.16409913,2.564099,1.0740991,0.9740991,-3.2959008,-2.145901,-1.4359009,-2.0259008,-2.965901,-1.8459009,-2.5059009
1.4640992,-0.57590085,-1.1559008,-2.8059008,-6.535901,-6.265901,-4.995901,-5.905901,-4.6459007,-5.2259007,-7.965901,-6.805901,-4.8759007,-3.125901,-1.3259009,-2.465901,-2.895901,-3.2859008,-0.025900878,-0.5259009,-0.37590086,-0.30590087,-0.49590087,-0.6059009,1.4540992,0.36409912,-0.35590088,1.2040992,-0.6159009,-0.5259009,0.5440991,-0.7059009,1.0140991,2.084099,2.124099,0.8940991,1.8040991,-0.045900878,-1.1359009,1.0140991,-6.075901
-1.9759009,-4.095901,-3.2859008,-1.8459009,0.25409913,-4.4559007,-4.555901,-3.5759008,-3.405901,-5.3959007,-6.295901,-6.2259007,-3.215901,-2.215901,-1.0159009,-1.0159009,-2.375901,-1.2359009,-0.39590088,-0.27590087,1.3040991,3.604099,2.8940992,1.2340991,0.68409914,2.274099,0.9140991,1.7140992,-1.3859009,-0.4159009,-0.75590086,1.3540992,0.3340991,-1.3759009,-0.13590088,-0.9259009,-0.48590088,0.32409912,0.31409913,1.8940991,0.21409912
-3.615901,-6.275901,-6.835901,-5.815901,-4.105901,-3.215901,-1.8359009,-3.905901,-4.815901,-6.4759007,-4.905901,-4.8959007,-4.865901,-2.5959008,-0.5259009,-2.0059009,-0.27590087,0.0040991213,0.35409912,0.9540991,1.7040992,1.0240991,4.284099,0.20409912,1.7340991,1.2840991,1.2940991,0.7140991,2.324099,2.304099,-0.8459009,-1.2459009,2.634099,1.4440991,-0.9259009,-1.2559009,-1.3759009,0.7640991,0.6640991,-1.0159009,1.0840992
-3.2559009,-5.075901,-4.945901,-4.735901,-4.055901,-2.4959009,-3.185901,-5.6259007,-4.7259007,-4.295901,-2.6059008,-1.9859009,-0.8659009,1.3040991,1.4240991,1.2340991,-0.42590088,-0.4159009,0.87409914,1.2440991,3.044099,3.9940991,4.984099,5.1040993,3.1540992,3.2440991,3.554099,4.304099,-0.63590086,-0.015900878,1.4540992,-1.7859008,-0.46590087,0.92409915,0.39409912,1.3840991,0.29409912,-0.7159009,-1.6059009,-0.94590086,-0.8959009
-1.4159008,-1.1559008,-2.5259008,-2.5559008,-3.375901,-2.5259008,-4.615901,-5.095901,-3.655901,-2.625901,-1.1859009,-1.0259008,3.084099,5.134099,1.5440991,2.9440992,1.7940991,1.5740991,2.114099,2.374099,2.774099,3.024099,2.5140991,2.634099,-1.2259009,-0.37590086,1.5240991,-3.205901,-2.165901,-0.87590086,-0.68590087,-1.1159009,-2.5659008,-1.3659009,0.50409913,-0.09590088,-0.19590087,-0.24590088,1.7140992,2.2040992,0.20409912
-4.035901,-3.7959008,-2.9959009,-2.0859008,-2.205901,-3.7959008,-3.645901,-3.7559009,-2.935901,-1.9559009,-1.2759008,0.5140991,1.2440991,-2.0259008,1.0940992,2.4940991,3.574099,1.2740991,1.5940992,0.7040991,1.3140991,2.364099,2.774099,2.1840992,4.004099,0.5740991,-1.4959009,-0.14590088,-2.205901,-1.9259009,0.9140991,1.7140992,2.2340991,1.2640991,0.75409913,-1.8359009,-1.1059009,2.4740992,-2.2759008,1.1140991,1.0640991
-3.3359008,-3.685901,-3.715901,-3.225901,-3.195901,-3.4959009,-2.925901,-2.715901,-1.5059009,-0.23590088,1.1840991,1.6140991,-2.145901,0.3040991,2.4240992,3.354099,2.1840992,3.1840992,1.4440991,3.884099,4.8740993,4.254099,3.7040992,0.26409912,2.8940992,0.4340991,1.5540991,1.1640991,0.56409913,0.5240991,0.25409913,0.37409914,1.5640991,1.5640991,-0.75590086,0.5940991,0.5740991,1.2740991,-0.105900876,1.8240991,-1.3759009
-2.465901,-2.695901,-2.7559009,-2.5459008,-2.975901,-1.2459009,-0.015900878,-0.68590087,0.8540991,1.7440991,1.2740991,1.7740991,0.74409914,2.4640992,2.6440992,-2.5559008,1.1140991,1.7240992,3.274099,3.9440992,4.424099,4.1240993,4.214099,3.374099,2.784099,1.3740991,1.3040991,0.75409913,1.1540991,0.9440991,0.8340991,-1.3059009,2.7140992,-3.645901,-0.99590087,-0.82590085,-0.51590085,-1.9159008,-1.3659009,0.68409914,-1.2659009
-2.725901,-2.155901,-2.615901,-2.625901,-1.6359009,-1.2759008,-1.4859009,-2.0959008,-1.1659008,1.0640991,2.524099,-1.1859009,-0.5359009,0.98409915,-0.57590085,0.5340991,1.2240992,1.6240991,2.564099,4.054099,4.754099,4.164099,3.5140991,2.544099,1.7140992,-0.24590088,1.5140991,0.99409914,-0.5959009,0.41409913,0.80409914,-0.8559009,-0.87590086,-2.965901,-1.4259009,-0.2559009,-1.9359009,-0.51590085,-1.5459008,1.1540991,-0.13590088
1.0240991,0.18409912,0.21409912,0.19409913,0.32409912,-0.5359009,-0.7759009,-0.025900878,1.5640991,1.5140991,1.4640992,-0.32590088,-1.2259009,-0.6759009,-0.68590087,0.45409912,1.0140991,2.114099,2.554099,0.48409912,0.6940991,0.99409914,2.564099,1.0340991,1.5540991,0.34409913,1.1340991,1.1140991,1.9140991,0.37409914,-1.9259009,-3.7759008,-4.055901,-2.615901,-2.8259008,-1.5959009,-1.2959008,-0.42590088,-0.8659009,0.8540991,-0.94590086
1.2340991,1.7340991,2.2440991,2.814099,2.804099,2.2140992,1.6140991,1.9140991,0.44409913,-1.8259009,-0.07590088,-0.20590088,-1.3559009,-1.5359008,-0.30590087,0.34409913,1.4540992,2.304099,1.6940991,0.4040991,-0.42590088,-0.6759009,-1.1659008,-0.9859009,-0.025900878,0.6440991,-0.17590088,-0.81590086,1.5440991,-0.45590088,-2.225901,-2.165901,-1.9759009,-2.8359008,-1.9559009,-2.7659009,-1.2959008,2.5140991,-0.57590085,-0.36590087,-0.03590088
1.7340991,1.6040992,1.1440991,1.6640991,1.9140991,1.7340991,3.4040992,1.3140991,-0.8659009,-1.3059009,-0.025900878,0.07409912,-0.11590088,-0.7359009,-0.015900878,0.34409913,1.2340991,1.1040992,1.1540991,0.6340991,-0.49590087,-0.36590087,0.86409914,-0.5859009,0.18409912,-0.07590088,-0.9159009,-1.7159009,-1.7859008,-2.0759008,-0.15590088,-1.5959009,-0.48590088,-2.0359008,-0.63590086,-0.5259009,1.1440991,0.8840991,-1.4959009,-1.0659009,-0.22590087
2.034099,-1.0859009,1.3740991,1.7840991,2.4440992,2.124099,1.5640991,2.8940992,-1.1259009,-0.74590087,0.13409913,-0.7859009,0.5140991,0.7740991,0.99409914,0.4340991,0.81409913,0.9140991,1.1440991,0.7740991,0.26409912,-0.22590087,-0.37590086,-1.2359009,-2.0559008,-2.135901,-1.7159009,-0.49590087,-0.4159009,-0.14590088,-0.2859009,1.6940991,0.75409913,0.03409912,1.2540991,0.9540991,1.1240991,-0.8659009,0.6940991,0.02409912,-0.9559009
0.15409912,0.36409912,-0.20590088,-0.8659009,-0.08590088,1.1640991,1.7640991,1.5940992,-1.2059009,-1.2459009,-0.9259009,-1.0559009,1.0040991,1.1040992,1.2440991,0.38409913,0.61409914,1.0540991,1.2440991,0.87409914,0.8240991,-0.43590087,-0.29590088,-0.8459009,-1.7359009,-2.0559008,-1.6059009,-1.7959008,-2.165901,-1.1759009,-1.3159009,-0.56590086,-0.105900876,-2.3559008,0.7240991,1.3140991,-1.2959008,0.9040991,-1.6259009,-0.42590088,-0.9259009
