wind_kz.json
{"header": {"discipline":0,"disciplineName":"Meteorological products","gribEdition":2,"gribLength":871,"center":7,"centerName":"US National Weather Service - NCEP(WMC)","subcenter":0,"refTime":"2023-09-29T12:00:00.000Z","significanceOfRT":1,"significanceOfRTName":"Start of forecast","productStatus":0,"productStatusName":"Operational products","productType":1,"productTypeName":"Forecast products","productDefinitionTemplate":0,"productDefinitionTemplateName":"Analysis/forecast at horizontal level/layer at a point in time","parameterCategory":0,"parameterCategoryName":"UnknownDiscipline_0_Category_0","parameterNumber":0,"parameterNumberName":"UnknownParameter_D0_C0_0","parameterUnit":"Unknown","genProcessType":2,"genProcessTypeName":"Forecast","forecastTime":300,"surface1Type":1,"surface1TypeName":"Ground or water surface","surface1Value":0.0,"surface2Type":255,"surface2TypeName":"Missing","surface2Value":0.0,"gridDefinitionTemplate":0,"gridDefinitionTemplateName":"Latitude_Longitude","numberPoints":615,"shape":6,"shapeName":"Earth spherical with radius of 6,371,229.0 m","gridUnits":"degrees","resolution":48,"winds":"true","scanMode":64,"nx":41,"ny":15,"basicAngle":0,"lo1":47.0,"la1":41.0,"lo2":87.0,"la2":55.0,"dx":1.0,"dy":1.0}, "data":
[rows 0 to 14 of 15, columns 0 to 40 of 41]
283.8059,276.2059,282.2059,293.00592,292.6059,291.8059,287.7059,286.2059,283.7059,281.00592,282.50592,283.7059,283.3059,283.00592,282.50592,280.3059,280.8059,280.7059,279.4059,279.3059,281.8059,279.3059,276.7059,272.7059,281.00592,281.50592,278.6059,268.8059,268.2059,268.00592,269.8059,271.4059,278.1059,283.9059,285.9059,286.4059,285.50592,285.50592,286.2059,285.7059,284.50592
262.6059,283.1059,292.8059,292.8059,292.7059,291.2059,283.8059,284.1059,282.8059,283.4059,283.3059,282.2059,282.00592,280.00592,279.8059,280.1059,278.00592,278.6059,278.2059,278.1059,277.8059,278.3059,275.9059,274.8059,269.6059,269.3059,275.3059,269.1059,269.00592,266.2059,271.1059,267.4059,271.6059,247.40591,270.1059,282.8059,280.4059,282.6059,285.7059,278.7059,283.50592
283.00592,292.3059,292.7059,292.1059,290.4059,284.6059,284.2059,283.3059,282.1059,282.1059,281.4059,281.8059,279.6059,280.6059,281.7059,280.4059,278.3059,277.6059,278.4059,278.2059,278.8059,277.2059,278.8059,274.9059,274.6059,274.2059,276.7059,275.9059,275.3059,272.3059,269.1059,270.00592,271.9059,271.2059,272.8059,272.50592,269.00592,268.3059,268.00592,267.8059,268.3059
286.8059,291.50592,292.2059,291.2059,288.2059,283.8059,284.4059,283.7059,283.9059,283.2059,282.9059,282.1059,289.1059,288.6059,282.6059,280.50592,281.3059,280.00592,279.3059,278.6059,277.8059,273.1059,277.6059,277.9059,276.6059,278.4059,277.6059,275.2059,276.9059,277.2059,276.8059,276.1059,279.4059,276.00592,275.9059,274.1059,262.6059,262.3059,269.8059,273.8059,276.2059
287.2059,290.50592,291.00592,290.00592,287.4059,284.4059,284.9059,284.7059,284.7059,284.00592,283.2059,282.9059,287.9059,286.9059,285.6059,282.50592,281.9059,281.4059,279.6059,281.1059,280.8059,279.9059,277.8059,277.8059,277.3059,277.2059,276.6059,279.2059,275.8059,276.2059,278.8059,276.9059,264.8059,258.50592,269.2059,277.2059,283.00592,280.2059,281.00592,281.00592,281.7059
284.00592,282.4059,289.1059,290.00592,289.8059,289.2059,283.50592,285.3059,284.3059,284.4059,284.6059,284.2059,287.1059,287.7059,286.1059,282.7059,283.2059,281.9059,281.4059,282.1059,280.4059,279.8059,279.2059,278.3059,277.50592,276.2059,276.9059,285.6059,278.4059,279.1059,277.9059,279.2059,277.8059,276.4059,275.8059,280.8059,268.3059,271.9059,280.2059,282.4059,281.6059
280.7059,279.8059,282.6059,282.8059,284.3059,282.50592,284.00592,284.1059,284.4059,284.7059,284.00592,283.4059,283.3059,283.4059,283.00592,283.4059,282.6059,282.7059,281.6059,280.7059,279.9059,280.00592,280.1059,279.9059,278.50592,278.1059,277.3059,278.00592,278.4059,278.2059,276.8059,276.8059,278.1059,278.50592,277.3059,277.3059,269.4059,268.8059,269.3059,266.8059,277.50592
283.3059,280.6059,280.6059,284.3059,285.50592,285.2059,284.6059,283.6059,283.00592,282.7059,282.00592,282.2059,282.1059,282.3059,283.6059,283.50592,282.6059,282.8059,282.4059,280.00592,280.7059,280.4059,280.2059,279.50592,278.50592,276.1059,276.3059,276.3059,275.7059,276.8059,278.4059,277.6059,276.50592,274.1059,275.00592,278.2059,277.9059,284.4059,278.2059,278.2059,274.9059
279.8059,281.2059,282.8059,282.50592,283.4059,283.4059,282.9059,282.50592,281.6059,281.4059,281.3059,280.8059,281.00592,282.3059,281.9059,283.1059,282.2059,282.4059,281.6059,280.2059,278.3059,279.00592,279.7059,279.1059,277.7059,277.9059,276.2059,275.8059,275.4059,273.8059,274.7059,275.7059,276.8059,276.8059,276.7059,274.1059,274.8059,274.8059,266.00592,266.00592,257.8059
281.3059,282.4059,282.7059,282.7059,282.9059,282.6059,282.00592,281.3059,281.2059,281.3059,280.7059,280.00592,281.00592,281.6059,281.7059,282.7059,284.4059,283.9059,282.6059,282.7059,281.8059,279.8059,282.2059,280.4059,279.00592,279.50592,278.1059,278.3059,277.2059,276.8059,277.2059,279.50592,280.7059,279.8059,279.8059,276.8059,274.4059,270.3059,268.50592,265.1059,263.50592
282.50592,281.9059,282.2059,282.50592,282.2059,281.3059,281.3059,280.8059,280.6059,280.6059,280.6059,280.8059,282.6059,280.6059,281.2059,282.9059,283.1059,283.50592,284.1059,281.00592,282.8059,282.6059,281.9059,281.7059,281.2059,280.7059,278.8059,280.9059,280.9059,280.8059,281.1059,283.00592,282.6059,282.00592,280.8059,276.00592,272.2059,268.50592,271.9059,271.2059,268.8059
281.00592,281.4059,280.6059,279.8059,280.00592,280.6059,284.2059,283.3059,283.7059,282.50592,279.8059,281.00592,282.2059,279.2059,280.3059,280.3059,280.3059,280.4059,279.6059,280.1059,279.6059,279.4059,279.1059,279.2059,278.8059,279.50592,280.1059,281.3059,282.1059,282.4059,282.4059,282.2059,281.6059,280.7059,279.9059,276.9059,277.4059,279.6059,276.00592,278.2059,274.00592
279.7059,279.1059,280.4059,280.3059,284.1059,281.1059,279.9059,279.3059,282.3059,281.50592,279.4059,276.4059,278.6059,277.50592,277.3059,277.1059,277.1059,276.7059,277.2059,276.2059,275.6059,274.6059,274.3059,274.2059,275.1059,275.8059,277.1059,278.8059,279.6059,280.50592,281.3059,280.9059,281.00592,280.7059,279.6059,278.2059,276.6059,276.6059,275.00592,274.9059,276.3059
278.50592,279.7059,284.1059,284.1059,283.6059,278.50592,277.3059,277.00592,276.50592,275.8059,273.6059,271.9059,274.50592,275.1059,276.00592,277.9059,277.9059,277.6059,277.00592,276.3059,276.4059,275.1059,276.7059,277.00592,277.50592,277.7059,277.4059,277.9059,276.50592,278.8059,280.50592,279.2059,278.2059,276.9059,276.9059,275.7059,275.50592,275.00592,274.7059,273.7059,275.50592
279.7059,283.3059,284.00592,278.7059,276.7059,275.2059,275.6059,274.4059,274.3059,273.6059,274.00592,274.1059,273.50592,274.1059,275.3059,276.4059,275.8059,275.8059,274.9059,275.6059,276.1059,275.9059,276.2059,276.00592,276.4059,276.00592,276.2059,276.2059,276.50592,277.3059,277.7059,279.9059,275.9059,274.8059,274.2059,274.50592,275.00592,274.00592,274.50592,275.00592,275.1059
