wind_kz.json
{"header": {"discipline":0,"disciplineName":"Meteorological products","gribEdition":2,"gribLength":1025,"center":7,"centerName":"US National Weather Service - NCEP(WMC)","subcenter":0,"refTime":"2023-08-25T00:00:00.000Z","significanceOfRT":1,"significanceOfRTName":"Start of forecast","productStatus":0,"productStatusName":"Operational products","productType":1,"productTypeName":"Forecast products","productDefinitionTemplate":0,"productDefinitionTemplateName":"Analysis/forecast at horizontal level/layer at a point in time","parameterCategory":2,"parameterCategoryName":"UnknownDiscipline_0_Category_2","parameterNumber":3,"parameterNumberName":"UnknownParameter_D0_C2_3","parameterUnit":"Unknown","genProcessType":2,"genProcessTypeName":"Forecast","forecastTime":300,"surface1Type":103,"surface1TypeName":"Specified height level above ground","surface1Value":10.0,"surface2Type":255,"surface2TypeName":"Missing","surface2Value":0.0,"gridDefinitionTemplate":0,"gridDefinitionTemplateName":"Latitude_Longitude","numberPoints":615,"shape":6,"shapeName":"Earth spherical with radius of 6,371,229.0 m","gridUnits":"degrees","resolution":48,"winds":"true","scanMode":64,"nx":41,"ny":15,"basicAngle":0,"lo1":47.0,"la1":41.0,"lo2":87.0,"la2":55.0,"dx":1.0,"dy":1.0}, "data":
[rows 0 to 14 of 15, columns 0 to 40 of 41]
2.217595,2.4875953,-2.4624047,-3.9624047,-5.2924047,-5.182405,-2.9924047,-1.3924048,-1.6724048,-3.6124048,-5.302405,-5.0624046,-4.9424047,-3.7424047,-3.8224049,-5.422405,-6.552405,-5.492405,-8.112405,-7.6224046,-7.3524046,-7.652405,-6.552405,-1.2524048,0.9375952,3.5775952,-0.0024047852,3.5875952,-2.9024048,-2.8124049,-2.3624048,-1.5124048,2.4775953,2.2375953,0.69759524,-1.7724048,1.4775952,1.4975952,3.5075953,2.1775951,-0.8824048
0.56759524,-0.7124048,0.50759524,-2.4824047,-4.5224047,-5.2524047,-2.2524047,-2.1524048,-2.5524049,-3.7124047,-5.222405,-5.472405,-4.5824046,-4.262405,-6.182405,-5.3524046,-5.742405,-7.0424047,-7.9424047,-8.282405,-8.352405,-5.7524047,-6.722405,-2.2024047,1.9175953,3.8075953,2.3375952,1.2775952,0.8975952,-0.022404784,-1.3724048,0.4875952,-0.68240476,-0.2724048,2.3575952,1.7275952,1.1975952,-1.2624048,-0.5124048,-4.8324046,1.2275952
1.9075952,2.6875951,1.0775952,-0.6024048,1.0575953,-0.73240477,-2.1124048,-2.2324047,-1.6524048,-3.1924047,-5.162405,-5.162405,-8.102405,-3.542405,-5.1024046,-5.572405,-6.202405,-6.8524046,-7.0824046,-8.002405,-9.702405,-0.5224048,-8.132404,-6.152405,-4.672405,-3.4124048,-3.7524047,-4.4824047,-2.6624048,-2.1824048,-1.5524048,-3.1124048,-3.7324047,-2.3724048,-5.222405,-2.3424048,-3.3724048,-3.8724048,-1.2824048,2.6875951,1.0275952
0.6675952,-2.042405,-4.162405,-3.8124049,-2.7224047,-1.5224048,-0.5324048,-1.1924047,-0.98240477,-1.1824048,-2.042405,-4.7524047,-7.5624046,-8.562405,-5.422405,-3.6224048,-5.932405,-6.4824047,-5.952405,-7.0624046,-7.032405,-7.662405,-5.7724047,-5.8324046,-5.5224047,-5.3924046,-5.4824047,-3.5224047,-6.1024046,-6.172405,-5.722405,-6.972405,-4.182405,4.577595,4.487595,-0.55240476,3.9075952,-0.14240478,-2.032405,-3.042405,-4.0024047
-2.1124048,-3.032405,-4.452405,-6.662405,-7.7524047,-2.1524048,-2.9524047,-2.6224048,-1.3424048,-2.4824047,-2.4524047,-2.4024048,-5.202405,-8.052404,-5.472405,-6.742405,-7.1024046,-7.152405,-7.322405,-5.9824047,-5.032405,-4.662405,-6.052405,-7.032405,-5.992405,-5.3924046,-4.472405,-4.7324047,-5.672405,-5.382405,-5.6424046,-4.532405,1.0075952,-0.8724048,-1.5524048,-5.0824046,-10.902405,0.7475952,-10.772405,-6.4424047,-7.612405
0.10759521,-0.052404784,-2.5024047,-2.5724049,-3.792405,-6.072405,-1.2924048,-1.8224047,-0.98240477,-0.37240478,-0.5824048,-0.7024048,-1.7424048,-4.512405,-7.3124046,-6.7924047,-6.9824047,-6.9824047,-7.1424046,-6.242405,-4.662405,-3.0724049,-5.132405,-8.502405,-6.612405,-6.3124046,-5.242405,2.7275953,-2.5024047,-4.702405,-5.4824047,-2.4524047,-2.6524048,-2.032405,-0.7124048,-7.132405,-1.4124048,-6.432405,-5.2124047,-1.9424047,-6.992405
-2.0724049,-0.5824048,-1.8724048,-2.0524049,2.707595,-1.6824048,-0.80240476,-0.86240476,-1.4024048,-2.292405,-2.6824048,-3.532405,-4.992405,-5.0224047,-5.702405,-5.972405,-6.492405,-6.7124047,-6.9824047,-6.952405,-6.422405,-4.342405,-4.6224046,-8.442405,-7.0624046,-7.762405,-8.292405,-6.5424047,-6.282405,-5.5424047,-6.342405,-8.072405,-9.4724045,-8.352405,-2.4124048,2.6975951,0.94759524,1.4175953,-1.2824048,-1.1424048,-10.062405
-1.3924048,-1.9124048,-2.6824048,-3.282405,-2.7124047,-0.73240477,0.12759522,-0.9124048,-1.0224048,-2.0624049,-3.5024047,-2.9224048,-4.3124046,-4.5824046,-5.1224046,-6.012405,-6.932405,-6.9824047,-7.322405,-7.412405,-6.5224047,-6.1924047,-6.1224046,-5.3724046,-3.9624047,-5.422405,-5.6424046,-7.6424046,-7.302405,-8.092404,-7.572405,-6.5624046,-6.472405,-6.612405,-6.162405,-7.782405,-8.512404,3.7975953,4.6875954,-4.1424046,-4.2124047
-1.6224048,-1.9124048,-2.2624047,-2.1124048,-1.5324048,0.5375952,1.1375952,-0.13240479,-1.6924047,-3.2224047,-4.092405,-3.2524047,-3.9124048,-4.862405,-5.1924047,-5.652405,-6.262405,-6.6424046,-6.8124046,-6.672405,-6.532405,-7.322405,-7.092405,-5.572405,-5.182405,-3.542405,-3.9024048,-3.4524047,-4.662405,-5.632405,-6.0624046,-5.9424047,-4.362405,-4.5024047,-3.6124048,-5.5824046,-6.322405,-4.162405,3.5775952,3.6275952,1.3075953
-1.6824048,-2.3124049,-2.3224049,-2.3724048,-0.68240476,0.097595215,-0.24240479,-1.3524048,-2.0124047,-2.5724049,-2.8624048,-3.6224048,-4.802405,-4.912405,-5.2924047,-5.6924047,-6.492405,-6.8924046,-6.762405,-6.6924047,-6.8924046,-6.0624046,-6.012405,-4.262405,-4.362405,-5.762405,-4.742405,-5.242405,-4.912405,-5.012405,-4.842405,-5.052405,-5.662405,-3.5724049,-1.4224048,-1.8224047,-1.0224048,-0.8724048,3.1275952,2.217595,3.2775953
-0.6924048,-1.3524048,-1.5424048,-1.7024047,-1.6024048,-1.4924048,-1.6324048,-1.8224047,-2.1524048,-1.8124048,-1.3424048,-3.0124047,-4.592405,-5.0024047,-5.382405,-5.842405,-6.702405,-7.2324047,-7.1424046,-6.3924046,-5.912405,-5.3124046,-5.362405,-3.1824048,-1.1324048,-3.0924048,-4.2924047,-5.5824046,-3.8724048,-4.262405,-4.0024047,-4.4624047,-5.1024046,-2.8324049,-2.4824047,-1.3724048,0.49759522,-0.28240478,-1.5824047,0.3275952,1.1275952
-0.32240477,-0.4024048,-0.7124048,-0.8324048,-1.2824048,-2.0824049,-2.792405,-3.0824049,-2.5524049,-2.0224047,-2.6724048,-1.7924048,-3.2124047,-3.9524047,-4.432405,-4.492405,-4.552405,-5.242405,-5.802405,-5.492405,-6.702405,-6.132405,-5.422405,-4.9824047,-4.5024047,-4.8724046,-4.032405,-5.322405,-4.2924047,-3.9624047,-3.6224048,-2.8124049,-2.792405,-4.052405,-3.1024048,-3.542405,-2.5624049,-1.0324048,-0.4224048,-0.9124048,1.6475952
0.6775952,0.37759522,0.037595216,-0.2624048,-0.4024048,-0.8324048,-1.4024048,-3.1024048,-3.5924048,-4.2524047,-2.2324047,-2.5824049,-2.7224047,-3.2024047,-3.7724047,-5.1424046,-4.492405,-3.5124047,-4.302405,-4.1424046,-4.762405,-5.6924047,-5.932405,-4.5624046,-6.0224047,-3.6424048,-3.1224048,-5.1024046,-4.8724046,-4.2124047,-5.282405,-4.492405,-3.7524047,-0.24240479,-2.1024048,-2.5524049,-3.0824049,-1.9424047,-1.5624048,-0.28240478,0.76759523
2.3275952,1.9975952,0.7875952,0.3275952,-0.8124048,-1.4524047,-1.6624048,-2.4124048,-3.7024047,-3.6524048,-2.8224049,-2.6924047,-3.0524049,-2.8124049,-2.8224049,-2.4824047,-3.6424048,-2.8224049,-3.4124048,-4.162405,-4.5624046,-5.7124047,-6.132405,-5.7524047,-6.242405,-6.682405,-7.0624046,-4.882405,-4.6924047,-4.9424047,-5.3524046,-6.262405,-5.9424047,-3.7524047,-3.6824048,-4.992405,-4.572405,-3.3324049,-0.5824048,1.6475952,2.6475952
1.6475952,2.8075953,2.7875953,0.047595214,0.24759522,-0.7224048,-1.3524048,-1.0224048,-0.74240476,-1.1924047,-0.67240477,-1.5824047,-2.3924048,-3.1624048,-3.6724048,-1.9324048,-2.8624048,-2.9624047,-2.7724047,-2.3324049,-3.9924047,-4.742405,-5.422405,-5.5224047,-5.7324047,-5.862405,-5.8924046,-5.5824046,-5.2324047,-5.262405,-5.322405,-5.5624046,-5.0624046,-4.532405,-5.012405,-5.012405,-6.092405,-6.862405,-5.6024046,5.837595,3.2875953
