wind_kz.json
{"header": {"discipline":0,"disciplineName":"Meteorological products","gribEdition":2,"gribLength":794,"center":7,"centerName":"US National Weather Service - NCEP(WMC)","subcenter":0,"refTime":"2023-09-21T12:00:00.000Z","significanceOfRT":1,"significanceOfRTName":"Start of forecast","productStatus":0,"productStatusName":"Operational products","productType":1,"productTypeName":"Forecast products","productDefinitionTemplate":0,"productDefinitionTemplateName":"Analysis/forecast at horizontal level/layer at a point in time","parameterCategory":2,"parameterCategoryName":"UnknownDiscipline_0_Category_2","parameterNumber":2,"parameterNumberName":"UnknownParameter_D0_C2_2","parameterUnit":"Unknown","genProcessType":2,"genProcessTypeName":"Forecast","forecastTime":300,"surface1Type":103,"surface1TypeName":"Specified height level above ground","surface1Value":10.0,"surface2Type":255,"surface2TypeName":"Missing","surface2Value":0.0,"gridDefinitionTemplate":0,"gridDefinitionTemplateName":"Latitude_Longitude","numberPoints":615,"shape":6,"shapeName":"Earth spherical with radius of 6,371,229.0 m","gridUnits":"degrees","resolution":48,"winds":"true","scanMode":64,"nx":41,"ny":15,"basicAngle":0,"lo1":47.0,"la1":41.0,"lo2":87.0,"la2":55.0,"dx":1.0,"dy":1.0}, "data":
[rows 0 to 14 of 15, columns 0 to 40 of 41]
0.39691773,-0.70308226,1.5969177,1.9969177,3.6969178,1.7969177,-4.3030825,-5.3030825,-6.603082,-3.5030823,-4.103082,-4.3030825,-4.603082,-4.603082,-4.0030823,-3.6030822,-2.2030823,-1.6030823,-2.8030822,-0.3030823,1.1969178,-0.3030823,-1.0030823,-1.4030823,-0.40308228,-1.4030823,-2.2030823,-1.5030823,-0.3030823,-0.3030823,-1.8030822,1.2969177,0.49691772,0.6969177,-2.1030822,-0.90308225,-1.2030823,-0.70308226,-1.3030822,-0.10308228,2.1969178
2.1969178,0.19691773,5.1969175,5.6969175,5.896918,1.5969177,-2.9030824,-8.003082,-4.703082,-4.5030823,-3.8030822,-4.5030823,-4.5030823,-3.2030823,-3.3030822,-3.7030823,-2.5030823,-2.8030822,-1.9030823,-2.9030824,-2.9030824,-2.2030823,-0.10308228,-2.4030824,-0.8030823,0.59691775,0.29691774,-0.0030822754,-0.40308228,-1.9030823,-0.10308228,-0.5030823,-0.3030823,-2.2030823,0.79691774,-0.5030823,-0.40308228,-0.6030823,1.0969177,0.19691773,-4.4030824
2.1969178,5.396918,4.896918,2.1969178,-3.9030824,-5.0030823,-7.0030823,-4.9030824,-6.203082,-4.5030823,-3.9030824,-4.203082,-4.203082,-4.703082,-4.103082,-4.9030824,-4.8030825,-3.6030822,-3.2030823,-2.2030823,-3.8030822,-4.603082,-4.3030825,-3.8030822,1.4969177,-0.5030823,0.39691773,1.5969177,-0.10308228,-0.10308228,-1.3030822,2.1969178,-0.3030823,-0.90308225,0.29691774,-1.2030823,-0.70308226,0.096917726,-0.90308225,-0.40308228,1.4969177
1.8969177,3.9969177,3.2969177,-3.4030824,-5.4030824,-7.4030824,-5.203082,-6.5030823,-5.3030825,-4.9030824,-4.4030824,-4.9030824,-5.3030825,-4.3030825,-4.0030823,-4.4030824,-4.0030823,-3.6030822,-4.0030823,-3.1030822,-3.5030823,-2.7030823,-1.8030822,-3.9030824,-3.4030824,-3.1030822,-1.8030822,-5.203082,-2.0030823,1.2969177,1.6969178,-2.9030824,-2.5030823,-3.0030823,-2.2030823,-2.1030822,-1.4030823,0.59691775,-0.0030822754,0.19691773,-0.3030823
0.9969177,3.5969176,2.0969176,-4.5030823,-6.203082,-6.8030825,-5.9030824,-6.3030825,-6.0030823,-5.5030823,-5.5030823,-5.203082,-6.3030825,-5.8030825,-5.5030823,-3.7030823,-3.5030823,-2.2030823,-3.5030823,-3.8030822,-4.8030825,-4.203082,-4.703082,-4.203082,-3.9030824,-3.1030822,-3.8030822,-1.2030823,-1.1030823,-0.90308225,-1.6030823,-2.2030823,-2.0030823,-0.0030822754,-0.70308226,0.096917726,-4.103082,-3.0030823,-3.1030822,-2.7030823,-2.4030824
1.8969177,0.9969177,-2.6030822,-6.703082,-8.903082,-9.603083,-7.8030825,-6.703082,-6.8030825,-6.0030823,-6.3030825,-6.9030824,-5.4030824,-5.4030824,-4.3030825,-3.1030822,-2.7030823,-2.7030823,-3.0030823,-1.8030822,-2.9030824,-3.0030823,-3.2030823,-3.4030824,-3.6030822,-3.7030823,-1.6030823,-3.7030823,-2.7030823,-3.2030823,-3.3030822,-3.1030822,-2.5030823,-1.5030823,-0.40308228,-7.0030823,0.39691773,-3.6030822,-0.5030823,-2.8030822,-3.0030823
-0.3030823,-2.3030822,-4.5030823,-6.203082,-8.103083,-7.3030825,-7.203082,-6.703082,-6.4030824,-5.8030825,-4.9030824,-5.103082,-4.0030823,-3.4030824,-2.5030823,-2.1030822,-1.6030823,-0.70308226,-2.1030822,-3.4030824,-2.9030824,-1.6030823,0.29691774,-0.5030823,-2.3030822,-2.8030822,-2.2030823,-1.6030823,-3.2030823,-3.4030824,-4.5030823,-4.4030824,-2.5030823,-4.103082,-3.7030823,-2.1030822,-1.1030823,1.6969178,-3.3030822,1.0969177,-0.0030822754
-3.2030823,-4.703082,-5.703082,-6.703082,-6.8030825,-6.603082,-6.603082,-5.0030823,-4.9030824,-4.8030825,-3.9030824,-4.4030824,-3.3030822,-3.3030822,-2.1030822,-1.2030823,-0.5030823,-0.3030823,-1.6030823,-2.4030824,-2.8030822,-2.7030823,-1.5030823,-1.1030823,-0.6030823,-0.8030823,-2.2030823,-3.2030823,-2.3030822,-2.3030822,-4.0030823,-1.9030823,-3.3030822,-0.6030823,-3.5030823,-1.5030823,-0.20308228,-3.7030823,-3.3030822,-3.6030822,-2.4030824
-4.5030823,-4.8030825,-5.203082,-4.4030824,-5.703082,-6.3030825,-4.8030825,-4.603082,-5.203082,-3.8030822,-3.4030824,-3.0030823,-2.4030824,-2.5030823,-1.9030823,-0.6030823,-0.6030823,-0.6030823,-0.10308228,-1.9030823,-3.0030823,-1.5030823,-0.5030823,-0.3030823,-1.3030822,-2.0030823,-1.2030823,-1.0030823,-0.8030823,-1.0030823,-2.2030823,-1.5030823,-1.1030823,-1.6030823,-1.3030822,-1.2030823,-0.70308226,-2.1030822,-1.0030823,0.49691772,-1.8030822
-3.7030823,-3.2030823,-4.5030823,-3.6030822,-4.103082,-4.203082,-4.4030824,-4.103082,-3.0030823,-3.3030822,-1.0030823,-1.0030823,-0.70308226,-1.4030823,-2.2030823,-1.3030822,-1.7030823,-2.3030822,-3.7030823,-4.103082,-3.5030823,-1.7030823,-0.3030823,0.49691772,-2.4030824,-2.7030823,-2.1030822,-2.5030823,-2.5030823,-2.2030823,-1.6030823,-1.6030823,-2.2030823,-1.8030822,-1.2030823,-1.3030822,-1.9030823,-0.20308228,-2.0030823,-0.10308228,-1.3030822
-3.0030823,-3.2030823,-3.1030822,-3.6030822,-3.1030822,-3.7030823,-2.4030824,-2.6030822,-2.1030822,-1.9030823,0.6969177,1.1969178,0.79691774,-0.10308228,-0.20308228,-1.7030823,-2.0030823,-2.1030822,-3.3030822,-3.6030822,-3.0030823,-2.7030823,-2.4030824,-2.5030823,-2.9030824,-2.7030823,-1.6030823,-1.3030822,-1.1030823,-1.7030823,-2.3030822,-2.4030824,-2.9030824,-2.4030824,-1.3030822,-1.1030823,-1.4030823,-0.10308228,-0.90308225,1.0969177,-1.7030823
-1.0030823,-0.90308225,-0.70308226,-2.3030822,-2.6030822,-2.1030822,-2.4030824,-2.2030823,-1.7030823,-1.7030823,-0.90308225,-0.0030822754,-0.90308225,0.39691773,1.3969177,0.9969177,-0.20308228,-1.6030823,-2.5030823,-1.7030823,-2.5030823,-2.2030823,-2.5030823,-2.4030824,-2.1030822,-2.0030823,-1.4030823,-1.7030823,-1.9030823,-2.3030822,-1.7030823,-1.8030822,-1.4030823,-1.7030823,-1.6030823,-2.0030823,-1.6030823,-0.6030823,-0.10308228,-0.5030823,-0.5030823
-0.3030823,-0.6030823,-0.40308228,-0.90308225,-0.70308226,-1.6030823,-1.7030823,-1.4030823,-1.1030823,-1.4030823,-1.0030823,0.096917726,0.59691775,1.3969177,1.2969177,1.0969177,0.79691774,0.6969177,-0.20308228,0.096917726,-0.5030823,-0.20308228,0.29691774,0.096917726,1.2969177,0.39691773,-0.40308228,-1.0030823,-0.6030823,-0.20308228,0.29691774,0.29691774,0.29691774,-0.20308228,0.19691773,0.29691774,0.19691773,-0.5030823,-0.6030823,-0.6030823,-0.8030823
0.29691774,-0.70308226,-0.8030823,-1.1030823,-1.3030822,-1.3030822,-0.8030823,-0.90308225,-0.0030822754,-0.6030823,-1.3030822,-0.90308225,0.9969177,1.1969178,1.2969177,1.1969178,1.4969177,1.6969178,0.6969177,1.3969177,1.3969177,1.5969177,1.7969177,1.6969178,1.7969177,0.9969177,0.29691774,1.2969177,1.1969178,1.5969177,1.6969178,1.6969178,1.6969178,1.8969177,1.8969177,1.7969177,1.4969177,0.9969177,-0.20308228,0.6969177,-0.20308228
-0.3030823,-0.3030823,-0.20308228,-0.8030823,-0.0030822754,-0.3030823,-0.0030822754,-0.5030823,0.29691774,-1.6030823,-1.3030822,-0.90308225,0.096917726,0.9969177,1.3969177,0.9969177,1.1969178,1.7969177,1.4969177,2.3969178,2.2969177,2.3969178,2.0969176,2.3969178,2.3969178,2.1969178,2.3969178,2.3969178,2.3969178,2.4969177,3.0969176,3.6969178,2.4969177,2.5969176,2.5969176,2.9969177,1.3969177,2.3969178,2.0969176,1.6969178,-1.2030823
