wind_kz.json
{"header": {"discipline":0,"disciplineName":"Meteorological products","gribEdition":2,"gribLength":1102,"center":7,"centerName":"US National Weather Service - NCEP(WMC)","subcenter":0,"refTime":"2023-08-19T00:00:00.000Z","significanceOfRT":1,"significanceOfRTName":"Start of forecast","productStatus":0,"productStatusName":"Operational products","productType":1,"productTypeName":"Forecast products","productDefinitionTemplate":0,"productDefinitionTemplateName":"Analysis/forecast at horizontal level/layer at a point in time","parameterCategory":2,"parameterCategoryName":"UnknownDiscipline_0_Category_2","parameterNumber":3,"parameterNumberName":"UnknownParameter_D0_C2_3","parameterUnit":"Unknown","genProcessType":2,"genProcessTypeName":"Forecast","forecastTime":300,"surface1Type":103,"surface1TypeName":"Specified height level above ground","surface1Value":10.0,"surface2Type":255,"surface2TypeName":"Missing","surface2Value":0.0,"gridDefinitionTemplate":0,"gridDefinitionTemplateName":"Latitude_Longitude","numberPoints":615,"shape":6,"shapeName":"Earth spherical with radius of 6,371,229.0 m","gridUnits":"degrees","resolution":48,"winds":"true","scanMode":64,"nx":41,"ny":15,"basicAngle":0,"lo1":47.0,"la1":41.0,"lo2":87.0,"la2":55.0,"dx":1.0,"dy":1.0}, "data":
[rows 0 to 14 of 15, columns 0 to 40 of 41]
3.4153833,2.5453832,-4.554617,-11.464617,-12.464617,-13.714617,-10.214617,-5.5146165,-1.2646167,-1.2146167,1.1153833,0.8653833,-0.4846167,-2.3946166,-3.3146167,-5.674617,-6.324617,-5.5446167,-5.4746165,-4.3546166,-3.4446168,-2.9246168,-3.2546167,0.2553833,3.7253833,1.3553833,1.4253833,1.2653832,-2.2246168,1.4853833,-4.2246165,-0.5946167,-1.1446167,-0.4246167,0.7353833,-3.7446167,-0.0846167,0.8053833,-2.2146168,-1.8446167,-1.6446167
0.2653833,-3.1746168,-7.2246165,-9.214617,-10.764617,-10.454617,-9.804617,-9.4946165,-6.2946167,-2.9146166,1.1853833,-0.1446167,0.3953833,-4.4546165,-3.5946167,-5.054617,-6.074617,-6.1446166,-4.8346167,-3.1646166,-2.4846168,-2.8546166,-2.6146166,-2.6746168,0.4853833,0.5653833,2.1153834,0.0953833,0.2453833,-2.5946167,2.1853833,-0.7746167,0.0353833,0.0653833,2.7153833,2.1753833,1.5753833,3.0453832,1.6053833,2.9553833,-0.3646167
-2.2546167,-5.8346167,-7.2646165,-8.354617,-9.434617,-7.594617,-7.7846165,-8.424617,-6.5046167,-6.6646166,-5.4746165,-5.2746167,-4.3346167,-6.2746167,-2.5646167,-4.1046166,-5.7046165,-5.7246165,-5.0046167,-2.0446167,-0.1746167,-0.1946167,0.055383302,0.1953833,-4.1246166,-3.1046166,-3.6546166,-3.7146168,-5.6246166,-2.2546167,-3.0446167,-2.0746167,-1.7346168,-4.924617,-4.4846168,-4.7546167,-2.8346167,2.7153833,-1.9746166,0.6053833,-0.4946167
-4.344617,-5.0046167,-6.114617,-7.4146166,-7.8346167,-7.7646165,-7.2746167,-6.9846168,-7.5646167,-8.004617,-5.5146165,-4.3946166,-2.2046168,-4.5646167,-6.2346168,-5.714617,-4.324617,-5.344617,-6.2746167,-4.194617,1.6153833,1.4653833,-3.0346167,0.2853833,-0.1646167,-2.5646167,-4.3946166,-4.8746166,-3.3746166,-4.924617,-5.5146165,-1.0946167,3.1353834,1.7253833,0.4753833,0.3253833,-2.7646167,-1.5846167,-2.1946168,-0.9046167,-1.6646167
-3.1246166,-3.3746166,-4.594617,-6.214617,-6.674617,-6.6046166,-6.9546165,-5.554617,-5.7046165,-5.594617,-5.5146165,-4.7046165,-0.2246167,-1.3046167,-2.7646167,-3.4746168,-3.5046167,-3.6346166,-4.864617,-3.7446167,-2.6146166,-0.8846167,0.2953833,-0.2146167,0.7953833,-0.4546167,-3.3046167,-4.214617,-3.4746168,-4.574617,-5.8146167,-6.2446165,-2.4146166,-2.5846167,1.2553833,2.2153833,-0.3446167,-1.3946167,-2.1246166,0.5453833,-1.6846167
-3.7046168,-2.9246168,-4.5646167,-4.384617,-5.5646167,-5.884617,-5.5446167,-4.054617,-3.0246167,-3.1046166,-2.3046167,-3.2646167,-4.9846168,4.675383,1.7353833,-1.6246167,-1.9046167,-2.4546168,-3.0046167,-1.9446167,-1.2846167,-1.7846167,-0.2546167,-0.5146167,-0.1646167,1.9653833,-0.6946167,-5.6846166,-1.2646167,-2.9646168,-3.8846166,-4.7646165,-4.214617,-3.4846168,-2.0146167,0.2453833,-2.5146167,-4.074617,6.195383,1.2053833,-0.9646167
-4.9346166,-3.0146167,-4.464617,-4.8746166,-5.1446166,-4.924617,-4.384617,-4.054617,-3.4746168,-2.6046166,-1.7046167,-1.2846167,-1.4546167,-1.2546167,5.3753834,3.4853833,0.1453833,-1.4746166,-0.5746167,-1.5646167,0.4353833,0.3453833,0.7053833,0.2853833,1.1953833,1.2853833,2.2653832,3.4853833,3.5153832,-2.5946167,-4.114617,-5.424617,-7.2746167,-7.8346167,1.5753833,-1.0546167,-2.3446167,-3.1746168,-1.9946167,0.5553833,-3.9546168
-5.804617,-4.8346167,-4.5246167,-4.7846165,-5.0646167,-5.4546165,-4.594617,-3.8346167,-3.1546166,-1.8046167,-0.5846167,0.4253833,0.6053833,1.0953833,0.8053833,4.9653835,3.0053833,-1.4646167,-1.2646167,0.5153833,2.4453833,1.8753833,1.4653833,0.9853833,2.4153833,2.3453834,2.8053832,1.9153833,0.8353833,0.2453833,-1.4346167,-3.4346168,-5.134617,-6.4346166,-5.804617,-5.7546167,-1.5346167,-0.6746167,2.0553832,1.5753833,0.1553833
-4.634617,-4.574617,-5.214617,-4.7246165,-5.9146166,-5.8946166,-4.384617,-2.5146167,-1.1246167,-1.1946167,-0.9146167,1.4353833,2.5753832,2.2253833,2.1353834,6.405383,5.4353833,2.3153832,0.0753833,0.6653833,1.7453833,4.9553833,3.7253833,1.7553833,1.1353832,0.3253833,0.7153833,1.5153832,3.2453833,2.2053833,-1.5446167,-3.2346168,-3.4046166,-5.4146166,-6.344617,-6.2446165,-5.6846166,-4.7746167,-3.4846168,-2.0346167,0.4953833
-5.074617,-6.0346165,-6.8346167,-6.2046165,-6.8746166,-4.324617,-2.3946166,-1.2546167,0.8253833,1.7953833,2.2353833,2.0553832,3.7953832,4.5053835,4.325383,4.425383,7.9953833,5.3753834,2.5553832,1.4753833,2.2553833,1.9153833,2.1153834,0.8953833,1.2453833,0.7053833,-1.2146167,-2.5946167,-2.1446166,-1.7446167,0.4353833,-2.4746168,-4.054617,-4.634617,-6.094617,-6.1646166,-3.3346167,-2.8646166,-2.1846168,-1.7546167,-1.2746167
-5.9746165,-4.7046165,-4.174617,-3.7246168,-4.1046166,-2.7146168,-0.4646167,1.8453833,3.8653834,5.0453835,5.405383,4.9353833,4.675383,5.2053833,4.6653833,7.1653833,8.085383,5.5253835,5.555383,3.1753833,2.6253834,2.3153832,2.3453834,1.8753833,0.9953833,0.6253833,0.3453833,-0.094616696,0.5653833,0.8353833,-0.4446167,-2.6446166,-4.924617,-4.0646167,-4.844617,-5.344617,-3.0046167,-2.1146166,-3.9046166,-2.3446167,-2.4146166
-4.634617,-7.2546167,-3.4746168,-6.0846167,-5.6046166,-3.7946167,-2.0046167,1.8653833,4.825383,6.405383,6.9553833,5.785383,4.9953833,5.9653835,6.6053834,1.3053833,7.5453835,6.9353833,6.445383,6.1853833,4.055383,2.2253833,2.0453832,1.1753833,0.3853833,0.9153833,2.1153834,1.7853833,1.1353832,0.1853833,-1.0846167,-2.4746168,-2.5946167,-2.9246168,-2.9646168,-3.6446166,-4.324617,-4.424617,-2.3546166,-2.0146167,-1.8646168
-4.404617,-6.1446166,-3.6146166,-6.8546166,-5.9946165,-3.1246166,-1.6946167,0.5553833,1.8953834,7.0153832,4.8153834,4.4653835,6.2653832,5.9153833,5.5853834,8.265384,7.135383,6.675383,5.865383,5.5053835,5.1053834,4.0053835,2.9153833,3.0853834,2.8053832,2.4653833,2.3553834,1.6853833,0.9253833,-0.3546167,-1.1546167,-1.2146167,-1.6546167,-2.6446166,-2.5746167,-2.7346168,-3.0946167,-2.5846167,-3.6446166,-3.2046168,-2.4946167
-5.714617,-6.7946167,-4.8946166,-6.384617,-9.054617,-6.7346168,-4.6046166,-0.7346167,1.4153833,5.4853835,3.1653833,2.9853833,4.345383,6.675383,3.3353834,3.2453833,3.0653832,3.8953834,5.0153832,3.3153832,1.9853833,2.2953832,1.9753833,2.5653832,2.9553833,3.5553832,2.6953833,1.6953833,0.6153833,0.0153833,-1.2246166,-1.0046167,-1.6346167,-1.5646167,-1.8046167,-2.7046168,-3.1746168,-3.3246167,-3.0946167,-2.5646167,-4.8546166
-4.4546165,-7.694617,-8.854617,-3.0546167,-9.694616,-7.7746167,-6.654617,1.5853833,3.9753833,4.4953833,2.0453832,2.4853833,0.8353833,-0.6046167,1.8953834,2.0553832,3.3453834,2.1253834,2.6553833,2.4353833,2.0853834,3.4253833,4.075383,4.7353835,3.8653834,3.3353834,3.8253832,2.9453833,2.2153833,2.8453834,1.7053833,0.3653833,-1.3146167,-3.3446167,-2.7146168,-2.6346166,-3.0746167,-3.9546168,-3.5246167,-3.2246168,-2.6746168
