wind_kz.json
{"header": {"discipline":0,"disciplineName":"Meteorological products","gribEdition":2,"gribLength":948,"center":7,"centerName":"US National Weather Service - NCEP(WMC)","subcenter":0,"refTime":"2024-02-03T00:00:00.000Z","significanceOfRT":1,"significanceOfRTName":"Start of forecast","productStatus":0,"productStatusName":"Operational products","productType":1,"productTypeName":"Forecast products","productDefinitionTemplate":0,"productDefinitionTemplateName":"Analysis/forecast at horizontal level/layer at a point in time","parameterCategory":0,"parameterCategoryName":"UnknownDiscipline_0_Category_0","parameterNumber":0,"parameterNumberName":"UnknownParameter_D0_C0_0","parameterUnit":"Unknown","genProcessType":2,"genProcessTypeName":"Forecast","forecastTime":300,"surface1Type":1,"surface1TypeName":"Ground or water surface","surface1Value":0.0,"surface2Type":255,"surface2TypeName":"Missing","surface2Value":0.0,"gridDefinitionTemplate":0,"gridDefinitionTemplateName":"Latitude_Longitude","numberPoints":615,"shape":6,"shapeName":"Earth spherical with radius of 6,371,229.0 m","gridUnits":"degrees","resolution":48,"winds":"true","scanMode":64,"nx":41,"ny":15,"basicAngle":0,"lo1":47.0,"la1":41.0,"lo2":87.0,"la2":55.0,"dx":1.0,"dy":1.0}, "data":
[rows 0 to 14 of 15, columns 0 to 40 of 41]
289.3052,282.3052,287.1052,280.6052,280.9052,282.3052,291.2052,297.4052,292.9052,294.4052,292.6052,293.6052,292.5052,291.9052,291.5052,289.9052,290.3052,288.1052,292.1052,289.8052,290.6052,289.0052,289.4052,284.8052,284.9052,286.6052,278.2052,258.4052,257.3052,253.6052,258.7052,257.8052,269.3052,277.1052,277.2052,273.8052,276.7052,275.6052,274.8052,274.6052,275.0052
271.4052,289.2052,280.3052,280.1052,280.9052,281.1052,293.9052,293.2052,293.4052,293.3052,292.0052,290.8052,291.4052,290.6052,290.4052,289.7052,289.8052,289.1052,288.3052,289.1052,288.4052,287.2052,284.2052,271.3052,259.3052,262.3052,263.1052,254.8052,256.9052,253.5052,267.6052,248.7052,268.0052,246.3052,253.7052,269.2052,272.9052,272.5052,274.2052,270.0052,269.6052
288.6052,278.9052,279.9052,280.2052,280.4052,289.2052,290.8052,290.4052,287.9052,288.0052,288.3052,288.6052,288.6052,287.7052,285.7052,285.4052,285.7052,283.1052,284.3052,285.2052,285.8052,284.3052,281.8052,270.3052,279.6052,273.8052,272.6052,275.4052,277.1052,267.6052,256.1052,263.5052,262.5052,262.2052,261.3052,266.7052,261.9052,256.5052,257.7052,257.6052,254.9052
290.1052,275.7052,277.5052,278.8052,281.2052,290.1052,287.6052,288.4052,288.2052,285.1052,285.1052,283.4052,281.2052,281.8052,284.0052,282.8052,282.8052,281.8052,282.3052,283.6052,285.1052,273.5052,279.0052,277.3052,277.1052,275.3052,273.1052,270.2052,272.1052,271.8052,271.1052,271.1052,276.1052,273.8052,266.4052,269.7052,256.3052,252.5052,265.4052,265.5052,266.3052
286.7052,273.0052,272.0052,273.3052,278.8052,288.0052,287.5052,286.3052,284.6052,283.5052,282.0052,280.4052,279.1052,279.0052,278.2052,279.7052,279.0052,279.1052,279.8052,277.2052,279.7052,279.2052,274.7052,275.2052,272.4052,270.4052,267.2052,270.5052,271.2052,270.3052,270.2052,270.6052,260.3052,248.7052,266.5052,264.3052,265.8052,265.9052,265.0052,263.0052,261.0052
284.6052,283.5052,273.1052,273.0052,272.4052,273.0052,285.2052,284.3052,281.4052,280.7052,280.0052,279.6052,278.8052,279.1052,275.8052,277.0052,277.2052,274.9052,273.2052,273.1052,271.6052,275.5052,272.1052,269.8052,266.7052,265.3052,269.1052,267.5052,264.8052,264.7052,265.2052,266.6052,259.0052,256.4052,264.0052,264.0052,254.4052,251.9052,259.5052,256.7052,256.0052
282.1052,281.2052,282.9052,281.0052,278.2052,282.3052,283.0052,280.4052,280.3052,279.7052,277.2052,274.9052,274.6052,274.7052,273.9052,274.0052,270.7052,269.0052,266.8052,265.5052,264.3052,265.6052,265.2052,264.9052,262.0052,261.6052,260.2052,260.7052,259.4052,258.1052,255.8052,256.1052,257.3052,255.5052,252.8052,253.3052,251.1052,249.7052,241.3052,247.6052,246.9052
280.4052,281.0052,280.0052,280.7052,279.5052,279.2052,278.6052,277.6052,275.7052,273.4052,270.8052,270.1052,268.7052,267.9052,272.4052,270.1052,268.1052,267.1052,265.5052,263.3052,261.8052,261.5052,261.3052,261.6052,261.8052,260.2052,258.0052,252.0052,249.7052,252.7052,250.3052,251.7052,249.2052,250.2052,244.0052,251.1052,251.2052,251.4052,251.3052,252.3052,242.3052
279.9052,280.5052,280.1052,280.3052,279.1052,278.2052,277.6052,274.7052,272.9052,270.2052,268.7052,266.8052,265.3052,265.7052,265.1052,266.5052,266.2052,266.3052,264.7052,262.9052,260.5052,259.5052,260.6052,259.6052,257.5052,255.4052,251.1052,250.1052,248.8052,246.7052,246.9052,250.5052,256.8052,251.5052,251.7052,245.4052,245.8052,246.6052,238.8052,243.3052,239.1052
280.1052,279.4052,278.8052,278.7052,278.0052,276.0052,273.1052,271.2052,270.3052,269.5052,267.0052,265.2052,265.4052,264.3052,263.4052,263.8052,263.0052,263.4052,262.8052,261.7052,259.0052,259.1052,258.7052,256.7052,255.9052,253.9052,253.3052,250.6052,248.3052,245.7052,254.3052,259.6052,260.8052,257.6052,252.8052,247.1052,244.8052,245.5052,238.9052,243.0052,240.0052
278.6052,276.5052,275.9052,274.1052,274.1052,272.4052,272.0052,271.0052,268.7052,267.5052,265.8052,265.2052,265.6052,263.1052,262.7052,262.0052,260.8052,261.7052,260.2052,257.8052,257.2052,255.8052,254.0052,253.1052,251.9052,250.7052,247.4052,256.2052,256.8052,258.8052,258.5052,258.8052,257.1052,256.8052,256.8052,251.1052,247.4052,248.2052,245.9052,254.2052,243.8052
273.2052,273.6052,273.5052,272.9052,271.8052,270.4052,269.1052,267.9052,267.8052,266.7052,264.0052,262.4052,262.7052,261.5052,261.6052,261.1052,259.9052,259.5052,258.9052,257.5052,255.1052,253.1052,250.7052,250.4052,250.0052,251.3052,249.5052,255.2052,254.8052,253.2052,252.1052,250.8052,254.4052,248.8052,252.7052,252.2052,253.5052,254.4052,253.1052,250.2052,252.5052
272.6052,272.8052,272.7052,272.1052,271.6052,271.1052,268.6052,267.6052,267.1052,266.6052,264.2052,260.9052,261.7052,260.2052,260.8052,260.3052,259.8052,258.7052,257.7052,256.0052,255.2052,254.1052,253.2052,251.0052,252.3052,251.4052,253.1052,249.6052,250.1052,250.5052,249.5052,249.4052,248.7052,249.3052,250.0052,249.6052,249.5052,253.1052,250.7052,249.9052,249.8052
272.8052,272.9052,272.3052,271.3052,270.1052,269.3052,268.8052,268.0052,268.4052,267.9052,266.9052,262.5052,260.9052,260.3052,259.6052,259.0052,257.9052,256.3052,254.5052,254.0052,253.7052,253.3052,252.6052,252.0052,250.2052,249.7052,249.2052,249.1052,248.5052,248.4052,247.8052,246.9052,246.6052,247.2052,249.2052,251.1052,251.6052,252.9052,251.5052,249.9052,251.6052
272.4052,272.1052,271.7052,270.8052,270.6052,270.2052,269.0052,268.2052,267.9052,269.4052,268.6052,266.3052,262.8052,260.1052,258.7052,257.9052,257.0052,255.5052,254.4052,252.1052,250.6052,250.1052,249.7052,251.3052,250.7052,249.8052,248.4052,248.1052,247.5052,247.2052,247.0052,246.4052,246.0052,247.6052,250.3052,250.8052,251.1052,251.3052,252.3052,253.4052,253.3052
