wind_kz.json
{"header": {"discipline":0,"disciplineName":"Meteorological products","gribEdition":2,"gribLength":1025,"center":7,"centerName":"US National Weather Service - NCEP(WMC)","subcenter":0,"refTime":"2024-03-19T12:00:00.000Z","significanceOfRT":1,"significanceOfRTName":"Start of forecast","productStatus":0,"productStatusName":"Operational products","productType":1,"productTypeName":"Forecast products","productDefinitionTemplate":0,"productDefinitionTemplateName":"Analysis/forecast at horizontal level/layer at a point in time","parameterCategory":2,"parameterCategoryName":"UnknownDiscipline_0_Category_2","parameterNumber":2,"parameterNumberName":"UnknownParameter_D0_C2_2","parameterUnit":"Unknown","genProcessType":2,"genProcessTypeName":"Forecast","forecastTime":300,"surface1Type":103,"surface1TypeName":"Specified height level above ground","surface1Value":10.0,"surface2Type":255,"surface2TypeName":"Missing","surface2Value":0.0,"gridDefinitionTemplate":0,"gridDefinitionTemplateName":"Latitude_Longitude","numberPoints":615,"shape":6,"shapeName":"Earth spherical with radius of 6,371,229.0 m","gridUnits":"degrees","resolution":48,"winds":"true","scanMode":64,"nx":41,"ny":15,"basicAngle":0,"lo1":47.0,"la1":41.0,"lo2":87.0,"la2":55.0,"dx":1.0,"dy":1.0}, "data":
[rows 0 to 14 of 15, columns 0 to 40 of 41]
4.2208433,-0.1991565,1.7808435,5.3108435,4.8108435,2.1108434,-4.6291566,-6.2791567,-6.8991566,-3.9791565,-4.7491565,-4.0591564,-3.8991566,-3.3691566,-2.5391564,-2.2491565,-1.5391564,0.74084353,-0.13915649,2.0208435,3.2708435,0.11084351,-1.4391565,-1.3491565,-0.8491565,-2.5391564,-1.7491565,1.9208435,1.5308435,1.1808435,1.2108436,2.1408434,0.9408435,1.1608435,-3.4991565,-4.1391563,-4.3091564,-1.0091565,-4.4591565,-3.1591566,-6.5091567
1.0208435,0.19084351,6.5308437,6.7508435,4.6508436,-0.6191565,-3.0391564,-7.1391563,-4.7291565,-4.6091566,-3.9591565,-4.5791564,-3.9491565,-2.8591566,-1.8391565,-1.4391565,0.6608435,1.0708435,1.0708435,1.9808435,3.0408435,0.5908435,0.060843505,-1.9491565,1.3808435,-0.48915648,-0.3591565,1.1308435,1.1008435,0.0708435,-0.1591565,0.12084351,1.5508435,-2.7691565,0.8408435,-0.08915649,-0.2091565,0.5108435,0.26084352,0.7508435,-1.1591564
2.8608434,10.650844,7.1708436,1.1408435,-1.5091565,-4.9191566,-4.6791563,-3.4591565,-3.9791565,-4.5191565,-3.7591565,-4.3591566,-3.2291565,-2.7291565,-1.8991565,-1.7291565,0.3908435,2.2308435,2.2508435,0.7308435,1.7808435,0.6008435,-1.0991565,-0.08915649,0.8708435,0.6308435,0.3108435,1.0108435,2.5708435,1.1708435,-1.3891565,1.8308434,0.4608435,0.2308435,-1.7191565,-1.1691566,0.99084353,0.22084351,3.7608435,5.0508437,3.0308435
3.4808435,4.0508437,1.9308435,0.9408435,-4.3091564,-5.0191565,-2.9491565,-3.2191565,-3.1491566,-4.0891566,-4.0191565,-4.3091564,-4.4691563,-2.7991564,-1.4591565,0.2808435,1.3208435,1.5108435,2.0008435,8.4350584E-4,1.7008435,0.9208435,-0.5591565,-1.0591565,-0.4691565,2.2908435,-0.3391565,-1.2391565,2.9008436,-0.8991565,1.0208435,-0.5891565,2.2708435,3.0308435,-2.8191564,-1.1491565,-0.7391565,2.6508436,0.8508435,-0.7091565,3.7408435
1.8308434,-0.5291565,0.8508435,0.4308435,-2.0891564,-3.5191565,-3.2091565,-2.6991565,-3.9191566,-3.8291564,-3.8891566,-3.4691565,-2.3191564,-0.7491565,0.030843506,0.6008435,1.9408435,0.4208435,1.7908435,1.0908436,-0.9591565,-2.1491566,-1.3791565,-2.6191566,-2.5691564,-3.5391564,-4.5791564,-1.1791565,-4.7491565,-6.4591565,-6.3491564,-2.1591566,-2.2491565,1.1708435,-0.36915648,-3.3491564,3.3208435,-3.9091566,-1.9391565,3.5708435,-4.5791564
1.9208435,1.1808435,1.2908435,-0.2291565,-4.1991563,-3.2391565,-4.5491567,-4.1491566,-3.8191564,-3.9191566,-3.2291565,-2.7691565,-2.5191565,-1.7491565,-0.8891565,-0.6491565,0.38084352,0.38084352,-1.3591565,-1.1091565,-1.4491565,-0.1091565,-2.8891566,-1.7891564,-4.8291564,-7.7791567,-6.0291567,-3.9591565,-8.109157,-8.179156,-8.329157,-6.0791564,-3.9991565,0.38084352,2.2508435,-0.2691565,2.2608435,3.5908434,7.9408436,-4.8491564,-7.8091564
2.0208435,2.1108434,0.8408435,-0.2991565,-1.3191565,-2.6191566,-3.6091566,-3.9891565,-3.9791565,-3.6491566,-2.6691566,-3.6391566,-3.3091564,-2.7791564,-1.6291565,-0.45915648,-0.8691565,-0.5591565,-0.039156493,0.4908435,0.74084353,0.3608435,-0.7091565,-2.4291565,-3.7791564,-7.8391566,-5.5491567,-6.6091566,-7.3791566,-6.1491566,-7.0991564,-6.0791564,-3.3791566,-1.8491565,-2.7091565,-2.0291564,-0.8991565,-0.18915649,2.2408435,0.5608435,0.7108435
2.1908436,1.0508435,2.1808436,-0.5191565,-0.9491565,-1.3291565,-3.3391564,-2.6091566,-2.7891564,-2.9391565,-3.1291566,-3.8391564,-3.2691565,-2.2391565,-1.3291565,-0.9391565,-0.7891565,0.4208435,-0.56915647,-1.5591565,-0.8291565,0.38084352,-1.5191565,-0.9691565,-2.9591565,-2.4391565,-3.0791564,-6.1291566,-8.159157,-5.2091565,-7.8291564,-3.3391564,-4.5991564,-2.7791564,-3.1991565,2.5508435,6.2408433,8.570844,9.870844,10.500843,4.0708437
1.4308435,1.9408435,2.2908435,1.7408435,-0.8791565,-1.2391565,-2.3291564,-2.7591565,-2.7191565,-2.2991564,-2.4591565,-3.5291564,-1.9491565,-2.0491564,-1.7191565,-1.5791565,-1.1591564,-1.3091565,-1.2091565,-2.9291565,-3.3091564,-2.8591566,-1.5691565,-0.7291565,-2.0591564,-4.8691564,-2.8291564,-2.4391565,-3.1591566,-2.8691566,-5.3391566,-3.0591564,-2.2291565,-1.6291565,0.9108435,2.2508435,0.5008435,-2.7991564,-1.5291564,1.4208435,-0.7491565
1.6908435,3.2508435,0.4808435,-1.3091565,-0.5991565,-1.4691565,-1.4591565,-1.4791565,-1.4491565,-2.6191566,-2.7591565,-3.5391564,-3.0891564,-2.1791565,-1.0491565,-2.0591564,-2.2591565,-1.3991565,-2.3991566,-3.6191566,-5.7891564,-4.6891565,-4.2691565,-5.9991565,-7.1491566,-8.649157,-7.4991565,-7.9191566,-7.2791567,-5.7491565,-5.5991564,-5.5391564,-3.4091566,-2.1891565,-0.39915648,1.3108435,-1.4191566,-0.4491565,-3.2391565,-1.1491565,0.100843504
1.6008435,0.4008435,-2.5791564,-3.0291564,-2.1891565,-1.8891565,-1.0991565,-1.9291565,-2.9991565,-3.6391566,-2.5291564,-1.6291565,-2.2391565,-2.1891565,-1.8191565,-2.2391565,-2.3591566,-2.0391564,-3.5491564,-4.9191566,-5.3991566,-4.4391565,-6.0991564,-6.3491564,-6.9491563,-7.0091567,-8.969156,-6.4091563,-6.6491566,-6.8391566,-6.2091565,-5.2691565,-5.1491566,-4.4891567,-3.2391565,-1.9891565,-1.5391564,-1.5491565,-1.0991565,0.38084352,-1.8491565
-1.2091565,0.2508435,-1.9791565,-2.5591564,-2.6291566,-2.2491565,-2.4291565,-3.3291564,-3.0591564,-3.9791565,-2.2391565,-1.5091565,-1.5191565,-1.8691565,-1.9791565,-1.1791565,-2.2191565,-2.4891565,-3.3091564,-3.5991564,-5.0691566,-5.4091563,-5.9991565,-5.5191565,-6.5091567,-7.1091566,-7.2791567,-7.0691566,-7.2291565,-6.5491567,-5.4991565,-6.0591564,-4.3291564,-4.8391566,-4.8291564,-5.8591566,-7.0591564,-4.4891567,-2.6491566,-0.9191565,-0.8691565
-0.6191565,-0.3191565,-1.5591565,-1.5191565,-1.9791565,-1.9491565,-2.5491564,-1.9691565,-2.1591566,-3.0691564,-1.1591564,-1.3791565,-0.56915647,0.12084351,-1.2391565,-0.8991565,-1.2591565,-2.0291564,-2.6391566,-2.7491565,-2.8391564,-3.3191564,-3.5591564,-4.5291567,-5.0791564,-5.5591564,-5.9391565,-6.1391563,-5.7391567,-5.4891567,-5.3191566,-5.5291567,-5.0791564,-4.6091566,-4.3091564,-5.3291564,-4.9991565,-3.2291565,-3.9591565,-1.9091564,-1.3891565
-0.08915649,-0.029156495,-0.7791565,-1.5491565,-1.7191565,-1.6991565,-1.0991565,-1.6191565,-1.4691565,-1.4591565,-1.3191565,-0.7891565,0.4908435,0.1308435,-0.029156495,-0.5591565,-1.5091565,-1.8791565,-2.7991564,-2.6591566,-3.1191566,-4.0891566,-4.3891563,-4.8491564,-4.7891564,-4.6891565,-4.4591565,-4.3491564,-4.4691563,-4.3691564,-4.0691566,-3.8191564,-3.4891565,-3.1191566,-2.9591565,-2.7491565,-2.6491566,-1.7391565,-1.4591565,-0.6191565,-0.7491565
0.0708435,-0.8491565,-0.9791565,-1.4791565,-1.1391565,-0.2791565,-0.48915648,-0.5391565,-0.8791565,-0.7291565,-0.8091565,-0.9791565,-0.13915649,0.2308435,0.3608435,-0.3791565,-1.1191565,-1.5991565,-1.4591565,-2.4991565,-2.7191565,-3.1691566,-3.4591565,-3.7191565,-3.5091565,-3.4791565,-3.3991566,-3.2691565,-3.1891565,-2.9791565,-3.1691566,-2.7291565,-2.1391566,-1.2991565,-1.5091565,-0.5791565,-0.119156495,0.5908435,0.74084353,0.3308435,-1.2291565
