wind_kz.json
{"header": {"discipline":0,"disciplineName":"Meteorological products","gribEdition":2,"gribLength":948,"center":7,"centerName":"US National Weather Service - NCEP(WMC)","subcenter":0,"refTime":"2024-02-01T00:00:00.000Z","significanceOfRT":1,"significanceOfRTName":"Start of forecast","productStatus":0,"productStatusName":"Operational products","productType":1,"productTypeName":"Forecast products","productDefinitionTemplate":0,"productDefinitionTemplateName":"Analysis/forecast at horizontal level/layer at a point in time","parameterCategory":0,"parameterCategoryName":"UnknownDiscipline_0_Category_0","parameterNumber":0,"parameterNumberName":"UnknownParameter_D0_C0_0","parameterUnit":"Unknown","genProcessType":2,"genProcessTypeName":"Forecast","forecastTime":60,"surface1Type":1,"surface1TypeName":"Ground or water surface","surface1Value":0.0,"surface2Type":255,"surface2TypeName":"Missing","surface2Value":0.0,"gridDefinitionTemplate":0,"gridDefinitionTemplateName":"Latitude_Longitude","numberPoints":615,"shape":6,"shapeName":"Earth spherical with radius of 6,371,229.0 m","gridUnits":"degrees","resolution":48,"winds":"true","scanMode":64,"nx":41,"ny":15,"basicAngle":0,"lo1":47.0,"la1":41.0,"lo2":87.0,"la2":55.0,"dx":1.0,"dy":1.0}, "data":
[rows 0 to 14 of 15, columns 0 to 40 of 41]
282.93448,272.0345,275.83447,280.43448,280.5345,281.93448,284.83447,285.83447,283.73447,284.0345,280.73447,280.33447,278.0345,277.83447,278.5345,277.5345,278.63446,276.33447,278.73447,278.93448,279.13446,277.5345,277.43448,272.83447,274.63446,276.33447,267.83447,259.13446,258.23447,256.63446,255.33447,249.63448,258.23447,269.93448,269.5345,270.73447,268.93448,268.73447,269.13446,268.83447,270.33447
261.63446,274.63446,280.33447,280.13446,280.5345,281.13446,283.83447,281.5345,282.13446,282.73447,282.43448,278.93448,279.0345,277.33447,273.73447,273.33447,275.0345,274.23447,273.83447,275.13446,274.13446,275.5345,272.13446,268.23447,253.83447,260.43448,260.13446,254.03447,254.43448,247.63448,257.33447,241.93448,257.5345,234.03447,242.53447,260.0345,255.63448,266.33447,268.73447,262.73447,267.5345
276.73447,278.63446,280.23447,280.33447,280.43448,277.93448,276.63446,276.93448,277.0345,277.23447,275.93448,275.93448,277.23447,277.73447,270.63446,270.0345,271.63446,270.93448,272.0345,272.5345,273.13446,273.13446,272.5345,264.0345,270.13446,266.33447,264.43448,265.13446,268.33447,259.13446,251.83447,252.43448,253.73447,250.83447,250.43448,257.83447,251.03447,249.13448,249.83447,250.43448,249.03447
279.93448,276.0345,278.13446,279.23447,279.13446,276.63446,275.33447,273.63446,274.83447,274.23447,275.63446,274.33447,281.13446,281.73447,272.23447,269.63446,271.0345,269.73447,268.83447,270.93448,271.33447,263.0345,270.43448,266.43448,267.43448,267.93448,267.63446,268.33447,264.63446,263.93448,261.73447,264.63446,268.73447,261.5345,258.83447,262.63446,248.53447,247.13448,257.43448,256.33447,257.63446
277.5345,272.93448,271.5345,272.0345,274.0345,275.43448,274.43448,274.93448,274.0345,273.43448,273.33447,273.83447,279.0345,279.0345,278.23447,269.5345,269.43448,270.13446,269.93448,266.33447,266.43448,266.63446,264.5345,265.33447,266.43448,266.43448,266.23447,265.33447,267.33447,267.0345,267.43448,265.83447,256.13446,245.83447,254.33447,256.0345,262.23447,259.23447,256.33447,256.93448,258.5345
275.23447,275.5345,271.23447,271.23447,271.33447,271.23447,274.5345,274.0345,274.0345,274.0345,273.23447,273.23447,278.23447,279.23447,273.43448,272.13446,269.63446,269.13446,268.33447,266.0345,263.93448,262.43448,264.13446,263.93448,263.83447,263.13446,262.73447,263.63446,262.83447,263.73447,263.0345,266.0345,259.73447,258.93448,260.43448,263.23447,258.23447,258.43448,254.03447,254.53447,256.83447
272.83447,274.0345,275.0345,274.83447,272.43448,273.83447,273.93448,273.0345,272.0345,272.63446,273.23447,273.0345,273.13446,272.33447,272.0345,272.0345,270.0345,269.33447,268.43448,267.73447,261.63446,260.93448,261.0345,261.33447,260.63446,258.93448,256.93448,261.13446,261.93448,263.23447,262.83447,263.23447,262.83447,262.83447,262.43448,261.83447,258.23447,255.73447,253.03447,250.63448,254.23447
273.33447,272.73447,271.93448,272.5345,272.23447,271.33447,270.63446,270.5345,271.73447,271.83447,272.43448,272.23447,272.33447,271.43448,271.83447,271.63446,270.83447,270.93448,268.63446,267.73447,264.93448,261.93448,261.13446,263.63446,260.5345,257.13446,257.23447,253.83447,254.53447,256.93448,257.5345,257.63446,258.33447,256.13446,256.83447,249.73447,256.43448,262.23447,262.13446,261.63446,256.93448
271.23447,270.23447,269.63446,270.13446,270.23447,268.83447,268.93448,268.83447,270.63446,270.13446,270.93448,271.33447,271.0345,271.73447,272.33447,273.23447,273.13446,273.13446,270.63446,269.33447,268.43448,265.73447,264.5345,263.93448,262.5345,262.63446,255.43448,257.5345,253.13448,253.43448,256.43448,258.0345,259.83447,263.13446,259.33447,259.5345,256.93448,255.93448,247.83447,251.63448,247.33447
269.0345,268.43448,267.83447,267.63446,267.73447,266.83447,267.23447,266.5345,269.13446,270.33447,270.23447,269.83447,270.23447,270.43448,271.93448,272.33447,272.33447,273.0345,273.0345,270.93448,269.43448,268.33447,267.0345,267.0345,266.0345,264.0345,262.43448,260.13446,258.23447,257.13446,262.83447,265.93448,266.0345,264.23447,262.43448,259.83447,260.0345,258.13446,250.23447,252.53447,248.23447
267.73447,267.0345,266.5345,265.5345,265.73447,265.5345,265.83447,267.5345,268.13446,270.23447,269.63446,269.5345,269.5345,270.33447,271.23447,271.43448,271.93448,272.5345,272.73447,271.63446,268.23447,268.43448,268.83447,267.43448,267.13446,266.43448,264.83447,264.73447,264.63446,265.23447,267.43448,266.73447,265.5345,265.63446,265.23447,265.5345,263.0345,257.5345,254.23447,256.5345,252.23447
266.83447,266.73447,265.93448,264.33447,263.83447,263.43448,265.0345,267.43448,267.5345,270.23447,269.5345,268.5345,269.5345,269.63446,270.63446,268.93448,268.43448,268.33447,271.63446,270.0345,269.0345,268.43448,268.5345,268.83447,267.0345,267.23447,266.83447,267.73447,268.13446,268.63446,268.43448,268.43448,267.33447,265.93448,265.43448,266.33447,267.73447,261.83447,260.83447,259.33447,259.23447
267.23447,265.83447,267.23447,264.93448,264.93448,266.43448,267.23447,266.93448,267.73447,269.33447,269.33447,268.5345,269.73447,269.23447,268.5345,268.0345,266.33447,265.93448,265.93448,269.83447,269.23447,268.83447,268.13446,267.5345,268.0345,268.93448,268.33447,268.93448,268.63446,268.5345,268.33447,267.5345,267.43448,266.43448,266.0345,265.43448,266.33447,265.23447,263.43448,260.63446,262.43448
266.23447,266.23447,268.0345,265.63446,265.43448,267.43448,267.73447,268.23447,268.5345,268.83447,268.63446,269.23447,264.93448,266.13446,267.63446,265.83447,265.23447,264.83447,265.13446,266.5345,268.33447,269.0345,270.0345,267.73447,267.5345,266.83447,265.43448,265.63446,264.5345,264.63446,265.63446,265.73447,265.63446,264.83447,264.73447,264.5345,265.5345,265.93448,264.43448,262.23447,259.83447
267.23447,263.5345,264.33447,264.23447,265.43448,266.63446,268.23447,269.23447,268.13446,268.93448,270.33447,267.5345,266.33447,266.33447,266.33447,265.63446,264.43448,266.93448,268.13446,266.23447,266.13446,265.43448,264.43448,262.43448,258.43448,257.23447,256.73447,256.83447,259.43448,260.63446,261.73447,262.33447,263.23447,263.5345,263.43448,263.83447,264.73447,264.63446,264.43448,265.13446,264.63446
