wind_kz.json
{"header": {"discipline":0,"disciplineName":"Meteorological products","gribEdition":2,"gribLength":1025,"center":7,"centerName":"US National Weather Service - NCEP(WMC)","subcenter":0,"refTime":"2023-08-07T00:00:00.000Z","significanceOfRT":1,"significanceOfRTName":"Start of forecast","productStatus":0,"productStatusName":"Operational products","productType":1,"productTypeName":"Forecast products","productDefinitionTemplate":0,"productDefinitionTemplateName":"Analysis/forecast at horizontal level/layer at a point in time","parameterCategory":2,"parameterCategoryName":"UnknownDiscipline_0_Category_2","parameterNumber":2,"parameterNumberName":"UnknownParameter_D0_C2_2","parameterUnit":"Unknown","genProcessType":2,"genProcessTypeName":"Forecast","forecastTime":0,"surface1Type":103,"surface1TypeName":"Specified height level above ground","surface1Value":10.0,"surface2Type":255,"surface2TypeName":"Missing","surface2Value":0.0,"gridDefinitionTemplate":0,"gridDefinitionTemplateName":"Latitude_Longitude","numberPoints":615,"shape":6,"shapeName":"Earth spherical with radius of 6,371,229.0 m","gridUnits":"degrees","resolution":48,"winds":"true","scanMode":64,"nx":41,"ny":15,"basicAngle":0,"lo1":47.0,"la1":41.0,"lo2":87.0,"la2":55.0,"dx":1.0,"dy":1.0}, "data":
[rows 0 to 14 of 15, columns 0 to 40 of 41]
0.48498535,-1.2050147,1.3349854,-2.6750147,1.1449853,3.6149855,3.9749854,1.1149853,-3.0450146,-1.0650146,-1.5650146,-0.62501466,0.8849853,0.35498536,-0.62501466,0.31498536,1.0649854,2.6749854,2.7649853,2.7849853,0.55498534,-3.6850147,-1.6050147,-1.3950146,1.5949854,-0.29501465,0.37498534,1.9549854,0.62498534,0.46498534,1.3549854,0.17498535,-0.12501465,1.8749853,-2.7650146,0.034985352,-2.8650146,-3.3750145,-4.8450146,-3.4950147,-2.9850147
2.0849853,1.2349854,-4.795015,-2.6650147,-0.71501464,-0.33501464,-3.0250146,-4.5150146,-2.0250146,0.5749853,1.2649853,0.02498535,0.44498536,0.44498536,1.3149854,1.6549853,3.6849854,0.90498537,1.6949854,0.23498535,0.6449854,0.36498535,-0.70501465,-2.5750146,0.43498534,-0.25501466,-1.3750147,-0.0050146487,0.0049853516,0.74498534,0.09498535,0.17498535,-0.57501465,-0.11501465,0.5749853,0.47498536,-1.4250146,0.78498536,-0.64501464,0.84498537,-4.855015
-0.025014648,-6.9450145,-2.7450147,-0.69501466,-3.6350145,-5.2450147,-3.7850146,-1.1050147,-1.4550147,0.99498534,4.104985,3.4449854,2.3649855,1.2749853,2.1649854,1.9049853,1.1249853,2.0049853,3.1749854,4.4049854,2.9549854,1.5949854,-2.4350147,1.9449854,-0.6750147,0.24498536,2.1249855,-1.4250146,-1.3650147,0.09498535,-0.18501465,0.60498536,0.75498533,0.59498537,0.56498533,-1.1650146,-0.90501463,-0.6650146,-0.42501464,0.7649853,0.39498535
-5.525015,-5.7450147,-5.0750146,-6.4550147,-4.335015,-2.3750145,0.08498535,0.08498535,2.3649855,3.4749854,3.7049854,4.104985,2.9249854,3.8649855,2.3349853,2.4149854,2.2749853,0.97498536,2.0149853,2.2549853,0.55498534,-0.64501464,2.7549853,3.7749853,3.4449854,3.5749853,5.854985,1.0849854,6.1149855,1.9549854,1.2449853,0.35498536,3.6349854,5.2549853,-0.09501465,-1.4050146,-1.2450147,1.2149854,0.8349854,0.8249853,0.59498537
-4.395015,-6.1950145,-5.4550147,-4.045015,-3.0450146,-2.3250146,0.31498536,1.4349854,2.8749855,3.8049853,3.3049853,2.8549852,2.6749854,4.7849855,4.5749855,3.6349854,3.3049853,2.4849854,1.1849854,-0.82501465,-0.93501467,-1.2950146,-1.0050147,0.16498536,1.2749853,2.9249854,2.7549853,4.5849853,1.8449854,3.0449853,2.4049854,0.23498535,-0.34501466,1.0649854,4.9849854,2.0049853,1.0749854,-0.45501465,-2.3350146,-0.055014648,-0.48501465
-3.5450146,-3.1250145,-3.1650147,-1.8650147,-0.63501465,0.93498534,2.3149853,3.2049854,2.6949854,3.3149853,2.6049852,2.8849854,1.8049854,4.3449855,4.0849853,2.4549854,3.5949852,0.8849853,0.10498535,-0.7350147,0.36498535,-0.36501464,2.8149853,1.0449853,2.1449854,2.8149853,1.9249854,1.5649854,2.5349853,1.2649853,-0.6150147,0.91498536,3.3149853,1.0349853,0.8849853,-0.76501465,1.0549854,4.4049854,6.7849855,-3.9450147,-6.1650147
-2.4750147,-0.065014645,1.9149853,3.4149854,-0.27501464,-0.5350146,0.75498533,1.3049854,0.04498535,-0.40501463,1.0549854,-4.1650147,-0.65501463,-4.835015,-5.1750145,-5.105015,-1.2950146,2.7249854,0.93498534,-0.26501465,-1.2550147,-0.63501465,0.59498537,1.1149853,0.09498535,2.9449854,0.5849854,-1.0450146,-2.1650147,-3.2850146,-0.77501464,-0.76501465,0.5749853,2.4449854,-1.0350146,-1.6650146,-0.27501464,0.84498537,-0.08501465,-0.82501465,3.4049854
-5.4250145,-4.3650146,-5.4750147,-4.9550147,-3.9150147,-3.9250147,-3.5550146,-2.1950147,-0.76501465,0.18498535,-0.82501465,-0.11501465,0.10498535,1.6349853,-0.77501464,-0.6150147,-0.07501465,1.8549854,0.74498534,-1.3250146,-0.50501466,-1.1350147,-0.39501464,-0.5350146,0.26498535,0.50498533,-0.99501467,-1.3950146,-1.2350147,-1.4350146,-1.6950146,-1.3950146,0.13498536,0.62498534,-1.7150147,-1.2450147,-0.32501465,1.0149853,-0.68501467,-0.56501466,-1.5750146
-5.645015,-4.625015,-4.065015,-3.8850145,-3.8950148,-2.8750145,-1.8450147,-2.3550146,-1.2350147,-0.63501465,-0.41501465,-0.21501465,1.0549854,-0.09501465,-0.31501466,1.0549854,1.0349853,3.4749854,2.0349853,-2.1750147,-0.89501464,-0.6150147,-1.8850147,-0.7250146,-0.87501466,-2.4850147,-1.8650147,-1.4950147,-0.23501465,0.20498535,1.0349853,-0.065014645,2.5649853,-0.68501467,-0.065014645,3.0949852,-0.40501463,-2.1050146,0.04498535,0.80498534,-0.8550146
-3.9750147,-3.0150146,-3.1850147,-2.5150146,-2.4150147,-1.8450147,-1.2950146,-1.4150146,-0.83501464,-1.0550146,-0.30501464,-1.7150147,-0.80501467,-0.95501465,-0.48501465,0.55498534,1.1249853,1.6549853,-0.70501465,-1.4550147,-1.9750147,-1.9650147,-1.7450147,-2.5050147,-2.7050147,-3.8250146,-2.7050147,-0.89501464,-0.9750146,-0.62501466,0.08498535,-1.1050147,0.29498535,-0.95501465,-0.28501466,-0.07501465,-1.2050147,-0.39501464,-1.0450146,0.39498535,-0.35501465
-2.9350147,-2.8250146,-2.5550146,-2.2350147,-1.4950147,-1.1850146,-0.90501463,0.19498535,-0.49501464,-0.29501465,-0.14501464,0.80498534,0.5849854,0.44498536,0.20498535,-0.5350146,-0.34501466,-0.32501465,-1.3750147,-2.3350146,-2.3950148,-2.6950147,-2.5950146,-3.1850147,-3.0850146,-3.1650147,-2.6650147,-0.58501464,-0.41501465,-1.7750146,-2.1550148,-1.9650147,-2.6750147,-2.3850145,-1.2950146,-0.8650147,-1.1250147,0.06498535,-0.87501466,0.7149854,-0.75501466
-2.3850145,-2.2350147,-2.1050146,-2.2550147,-1.1750146,-0.62501466,-0.43501464,-0.025014648,0.46498534,0.62498534,-0.37501466,1.0849854,0.13498536,-0.035014648,0.26498535,0.40498534,0.6449854,0.49498534,-1.2950146,-1.2650146,-2.7450147,-2.7950146,-3.1550148,-2.5750146,-3.6150146,-2.8550146,-2.8450146,-1.5150146,-1.5550146,-2.0350146,-1.8150146,-3.1550148,-2.4850147,-2.6050146,-1.3550147,-0.8650147,-0.10501465,-0.065014645,0.12498535,-0.46501464,-0.42501464
-1.5050147,-0.9750146,-0.59501463,-1.3450147,-0.39501464,-0.45501465,-0.0050146487,0.13498536,0.26498535,1.3749853,-0.065014645,0.97498536,0.7149854,-0.08501465,0.5749853,0.62498534,0.5249854,0.0049853516,-0.7250146,-2.7550147,-1.9050146,-3.1050146,-2.4650147,-2.3150146,-2.2550147,-2.9550147,-1.8850147,-2.5050147,-2.5450146,-2.2350147,-2.5350146,-2.9850147,-2.7250147,-2.4950147,-1.9450146,-1.9750147,-1.5150146,-1.4050146,-2.3250146,-1.0050147,-0.6050146
-1.1450146,-1.1550146,-0.19501466,-0.76501465,0.014985352,0.14498535,-0.12501465,0.19498535,1.3849853,0.46498534,-0.24501465,0.37498534,1.5049853,1.3149854,1.0549854,0.6449854,0.014985352,-0.90501463,-2.5150146,-2.4550147,-2.8650146,-2.7350147,-2.7250147,-3.3350146,-3.2250147,-2.5750146,-2.4550147,-1.9950147,-1.9550147,-2.0650146,-2.1450148,-1.9250146,-1.7250147,-1.4950147,-0.11501465,-1.0250146,-1.1750146,-1.4750147,-1.4350146,-0.18501465,0.94498533
-1.3150146,-0.88501465,-0.49501464,-0.42501464,0.35498536,0.09498535,1.4349854,0.44498536,1.4649854,0.6349853,0.39498535,0.59498537,0.94498533,1.4249854,1.1449853,0.40498534,-0.0050146487,-2.0250146,-1.4850147,-2.7350147,-2.8150146,-3.2750146,-3.1850147,-3.2850146,-3.0050147,-2.4650147,-1.8850147,-1.8750147,-1.3350147,-0.7850146,-0.33501464,-0.16501465,0.67498535,0.22498535,0.33498535,0.60498536,0.40498534,0.99498534,1.6949854,0.08498535,-0.37501466
