wind_kz.json
{"header": {"discipline":0,"disciplineName":"Meteorological products","gribEdition":2,"gribLength":1025,"center":7,"centerName":"US National Weather Service - NCEP(WMC)","subcenter":0,"refTime":"2023-08-21T06:00:00.000Z","significanceOfRT":1,"significanceOfRTName":"Start of forecast","productStatus":0,"productStatusName":"Operational products","productType":1,"productTypeName":"Forecast products","productDefinitionTemplate":0,"productDefinitionTemplateName":"Analysis/forecast at horizontal level/layer at a point in time","parameterCategory":2,"parameterCategoryName":"UnknownDiscipline_0_Category_2","parameterNumber":3,"parameterNumberName":"UnknownParameter_D0_C2_3","parameterUnit":"Unknown","genProcessType":2,"genProcessTypeName":"Forecast","forecastTime":60,"surface1Type":103,"surface1TypeName":"Specified height level above ground","surface1Value":10.0,"surface2Type":255,"surface2TypeName":"Missing","surface2Value":0.0,"gridDefinitionTemplate":0,"gridDefinitionTemplateName":"Latitude_Longitude","numberPoints":615,"shape":6,"shapeName":"Earth spherical with radius of 6,371,229.0 m","gridUnits":"degrees","resolution":48,"winds":"true","scanMode":64,"nx":41,"ny":15,"basicAngle":0,"lo1":47.0,"la1":41.0,"lo2":87.0,"la2":55.0,"dx":1.0,"dy":1.0}, "data":
[rows 0 to 14 of 15, columns 0 to 40 of 41]
3.178484,-1.6915162,0.2884839,-3.7215161,-3.9315162,-3.4115162,-3.2315161,-3.4115162,-0.8115161,-1.5815161,-3.761516,0.1584839,3.658484,1.9184839,-1.0115161,1.4984839,-1.9815161,-1.7815161,-4.161516,-3.011516,-4.5015163,-3.8915162,-3.061516,-0.7915161,-2.7015162,-0.091516115,-0.4015161,1.8484839,0.58848387,-2.011516,-1.1815162,0.42848387,0.24848388,-1.3715161,-1.4715161,-2.6815162,-1.9415162,-0.90151614,-2.2015162,-3.581516,0.8684839
3.458484,2.1084838,0.9884839,-1.551516,-3.4815161,-4.5015163,-5.0615163,-2.251516,-4.3515162,-3.4315162,-3.331516,-2.7315161,-1.3215162,-0.14151612,0.1584839,1.6184839,-0.8315161,-3.1915162,-5.871516,-2.4015162,-4.191516,-3.4115162,-1.3315161,1.0584838,-1.9315162,-2.611516,-3.831516,-0.9515161,-0.18151611,-0.4715161,1.7284839,-0.08151612,-0.59151614,-2.031516,-1.8515161,-1.4015161,-1.8815161,-0.8515161,-0.6915161,-2.761516,2.208484
1.2784839,6.808484,5.138484,1.4184839,-1.551516,-2.321516,-1.5615162,-3.8815162,-2.291516,-1.3715161,-1.6415161,-1.5115161,-2.331516,1.2484839,4.428484,3.478484,1.4384838,1.2284839,-2.021516,-3.741516,-3.531516,-4.0815163,-2.851516,-0.18151611,1.9384838,1.8684839,1.3784839,1.8184838,-0.4715161,3.498484,4.198484,1.9384838,2.648484,-1.6915162,-0.23151611,3.438484,2.468484,0.3784839,0.65848386,-1.9715161,-0.30151612
1.2684839,4.098484,3.7784839,4.868484,0.8284839,-2.091516,-3.991516,-4.861516,-5.571516,-6.431516,-6.921516,-2.3715162,-2.9615161,2.6184838,3.998484,4.988484,1.5484838,0.1884839,0.1884839,-1.4615161,-2.1715162,-1.7515161,-0.39151612,-3.091516,-1.7915161,-0.65151614,0.5784839,3.7884839,3.888484,2.3784838,1.1584839,-2.321516,-2.341516,-0.8315161,-0.4915161,-4.201516,-3.6315162,0.20848389,3.5584838,3.508484,2.908484
-5.5815163,-3.9815161,4.488484,4.4384837,2.5684838,1.1784838,-1.2215161,-0.6715161,-3.101516,-4.231516,-4.231516,-4.991516,-2.291516,3.228484,3.998484,4.828484,3.988484,1.6184839,-0.36151612,-0.90151614,0.48848388,-1.0415161,-1.6115161,-2.021516,-2.021516,0.3184839,2.198484,1.0784839,2.228484,1.3084838,0.6984839,1.2484839,1.4384838,1.0884839,-0.9815161,-2.021516,-0.2715161,0.8784839,-0.6015161,3.408484,-2.1815162
-5.071516,-4.2715163,-4.391516,-5.121516,7.518484,2.738484,0.4084839,-1.5215161,-3.2315161,-3.1915162,-6.131516,-7.361516,-3.4415162,-0.8015161,3.0484838,3.198484,3.478484,2.0984838,0.2784839,-0.3815161,0.7284839,1.4084839,-0.7915161,-1.3215162,0.16848388,2.0784838,1.0584838,-6.161516,2.928484,1.8184838,0.5584839,0.6484839,0.10848389,2.668484,3.0784838,2.1284838,3.0584838,1.0084839,0.45848387,-0.9515161,-0.90151614
-3.251516,-2.291516,-2.791516,-1.1215161,2.958484,0.7284839,-2.361516,-3.4015162,-3.861516,-4.571516,-5.631516,-5.7715163,-6.901516,-3.2215161,-2.8915162,3.6284838,1.3784839,0.9984839,1.2584839,0.3684839,1.8384839,-1.1415161,-5.971516,0.4084839,-0.32151613,4.848484,2.6184838,3.168484,2.478484,2.418484,1.8084838,1.0084839,1.2384839,-2.331516,-1.1115161,-2.4615161,-4.241516,-2.091516,-0.21151611,-1.1815162,-0.3415161
-4.201516,-5.011516,-4.231516,-3.6415162,1.1284839,-0.2715161,-1.6415161,-2.811516,-4.671516,-5.731516,-5.5015163,-7.511516,-6.571516,-4.6015162,-1.801516,-2.4115162,-0.4615161,-5.931516,-4.281516,1.2784839,3.498484,2.238484,-1.1715161,-2.581516,-2.591516,3.3584838,3.448484,0.9584839,1.9884839,0.5784839,1.0184839,1.3984839,-0.26151612,-1.5115161,0.71848387,0.6384839,-0.8815161,1.3584839,0.2784839,-0.59151614,-1.6615161
-4.371516,-4.381516,-2.9715161,-2.511516,-2.2115161,-1.3715161,-1.5415161,-2.101516,-3.061516,-4.5415163,-5.441516,-6.051516,-5.7515163,-5.5815163,-2.861516,2.8784838,2.488484,2.5884838,0.06848389,-0.9915161,0.7484839,-3.011516,-0.2515161,2.418484,0.8184839,-1.1515161,2.6284838,2.6284838,2.488484,2.188484,2.158484,2.448484,1.9184839,1.4184839,2.2984838,-0.32151613,-3.251516,0.5084839,-0.59151614,-1.2915161,-2.8815162
-0.96151614,-1.0215161,-1.9415162,-3.4015162,-4.301516,-2.4315162,-2.851516,-3.001516,-1.9215161,-2.4615161,-2.9715161,-4.931516,-4.341516,-3.831516,-4.741516,0.4784839,4.298484,4.2284837,5.608484,3.3484838,0.7584839,-2.311516,0.3484839,4.088484,2.0184839,2.7984838,1.0084839,1.4084839,3.678484,3.3484838,3.5184839,4.108484,2.258484,0.9184839,1.3384839,0.8784839,0.22848389,-3.2315161,-1.1815162,1.0584838,3.0384839
-2.6515162,-3.1915162,-4.431516,-2.7115161,-2.591516,-2.251516,-3.001516,-2.7115161,-2.271516,-2.6715162,0.14848389,-1.3415161,-5.111516,-5.011516,-3.321516,-3.321516,-0.7315161,-2.111516,-2.031516,2.948484,5.568484,1.4084839,-3.781516,-3.4215162,2.1284838,4.048484,3.0284839,3.0384839,0.9184839,2.198484,1.948484,1.6784838,2.438484,2.658484,2.758484,0.6984839,0.1884839,1.9684839,0.83848387,0.3484839,-0.031516112
-0.8615161,-1.7815161,-1.0215161,-1.8115162,-3.1515162,-3.4215162,-2.281516,-2.4215162,-3.7115161,-1.2615161,-0.041516114,-0.8615161,-2.4215162,-3.9015162,-5.301516,-3.831516,-2.1715162,-0.5515161,-2.361516,0.06848389,2.918484,3.208484,1.9084839,-1.0615162,-2.061516,-1.2915161,2.938484,2.5584838,4.218484,5.968484,2.748484,0.4784839,1.8984839,1.8584839,2.208484,1.0884839,0.8184839,2.7684839,2.408484,1.9984839,1.1784838
-1.4415162,-1.1415161,-2.361516,-2.311516,-2.241516,-1.3215162,-3.1415162,-2.501516,-3.9215162,-1.8415161,-1.7015162,-1.3915161,-0.5215161,-2.7215161,-2.541516,-4.0815163,-4.2515163,-4.3515162,-4.451516,-1.5415161,5.4784837,3.918484,2.938484,1.8384839,-2.6715162,-3.101516,2.6084838,3.2684839,0.42848387,7.318484,4.9384837,3.5384839,1.9184839,1.1684839,2.5684838,2.458484,1.9884839,1.3684839,1.3484839,0.018483886,0.10848389
-0.4115161,-0.6815161,-2.9115162,-1.9715161,-1.8815161,-1.4415162,-1.2515161,-2.331516,-2.331516,-2.4115162,-0.36151612,-1.3415161,-1.2115161,-2.4315162,-5.151516,-3.4315162,-2.511516,-2.551516,-2.851516,-3.2215161,-4.141516,1.5984839,-0.6815161,-2.2315161,-5.121516,2.7884839,3.668484,4.9584837,4.298484,4.2284837,5.4584837,4.008484,3.668484,2.918484,1.4684839,0.78848386,-0.23151611,0.8784839,0.41848388,0.8784839,0.24848388
-0.6715161,-1.7715161,-4.491516,-2.2115161,-2.311516,-1.6515161,0.7684839,-0.5215161,-1.5115161,-1.5015161,-0.6415161,0.58848387,0.65848386,-0.5415161,-3.051516,-4.051516,-4.0815163,-1.4915161,-2.7315161,-3.081516,-3.811516,-3.6715162,-2.301516,0.22848389,-0.8715161,-2.4715161,-0.11151611,-0.7315161,3.908484,3.908484,1.7184839,4.7084837,3.3384838,2.3384838,2.2884839,0.8784839,0.23848389,0.5084839,0.3184839,1.5684838,0.07848389
