wind_kz.json
{"header": {"discipline":0,"disciplineName":"Meteorological products","gribEdition":2,"gribLength":1102,"center":7,"centerName":"US National Weather Service - NCEP(WMC)","subcenter":0,"refTime":"2024-02-01T00:00:00.000Z","significanceOfRT":1,"significanceOfRTName":"Start of forecast","productStatus":0,"productStatusName":"Operational products","productType":1,"productTypeName":"Forecast products","productDefinitionTemplate":0,"productDefinitionTemplateName":"Analysis/forecast at horizontal level/layer at a point in time","parameterCategory":2,"parameterCategoryName":"UnknownDiscipline_0_Category_2","parameterNumber":2,"parameterNumberName":"UnknownParameter_D0_C2_2","parameterUnit":"Unknown","genProcessType":2,"genProcessTypeName":"Forecast","forecastTime":240,"surface1Type":103,"surface1TypeName":"Specified height level above ground","surface1Value":10.0,"surface2Type":255,"surface2TypeName":"Missing","surface2Value":0.0,"gridDefinitionTemplate":0,"gridDefinitionTemplateName":"Latitude_Longitude","numberPoints":615,"shape":6,"shapeName":"Earth spherical with radius of 6,371,229.0 m","gridUnits":"degrees","resolution":48,"winds":"true","scanMode":64,"nx":41,"ny":15,"basicAngle":0,"lo1":47.0,"la1":41.0,"lo2":87.0,"la2":55.0,"dx":1.0,"dy":1.0}, "data":
[rows 0 to 14 of 15, columns 0 to 40 of 41]
0.86221194,-0.9777881,-0.12778808,-4.187788,-7.9277883,-10.157788,-8.837788,-10.037788,-11.207788,-6.777788,-7.567788,-7.517788,-7.1977882,-6.6377883,-6.287788,-6.037788,-4.047788,-6.127788,-6.647788,-5.507788,-2.9977882,-0.36778808,1.3022119,-0.7477881,-0.4177881,-1.667788,-2.5477881,-0.5877881,2.102212,1.5322119,0.80221194,3.292212,-0.007788086,0.11221191,1.8922119,2.312212,2.6822119,3.162212,3.122212,2.9422119,2.5122118
2.372212,0.9622119,-7.357788,-8.707788,-9.6677885,-10.847788,-8.127789,-11.317788,-8.847788,-7.597788,-7.147788,-7.377788,-6.307788,-5.777788,-5.3877883,-4.967788,-4.4477882,-5.957788,-4.807788,-3.327788,-1.8077881,-0.68778807,-0.8577881,-2.0077882,-0.17778808,2.292212,-0.9877881,1.7422119,-2.887788,-0.5977881,0.35221192,-0.9777881,2.9522119,-2.447788,0.23221192,0.22221191,-0.5777881,0.47221193,-0.027788086,2.9622118,-0.057788085
-0.4377881,-6.577788,-9.147788,-9.707788,-11.227788,-9.197788,-8.827788,-7.377788,-9.697788,-7.257788,-6.567788,-6.247788,-5.577788,-5.307788,-4.897788,-4.417788,-5.277788,-4.027788,-3.2477882,-2.467788,-0.18778808,-0.017788086,-5.047788,-3.667788,-0.8977881,-1.767788,-1.637788,0.32221192,1.2722119,0.022211915,-1.027788,1.6322119,0.48221192,-0.037788086,-0.047788087,-0.9777881,0.9222119,0.48221192,0.45221192,3.032212,2.832212
-6.537788,-10.047788,-10.067788,-9.397788,-8.317788,-8.027788,-5.667788,-7.767788,-6.777788,-6.257788,-5.537788,-5.627788,-8.297788,-8.187788,-4.397788,-4.047788,-3.447788,-3.0077882,-2.377788,-2.097788,-0.63778806,-2.867788,-0.49778807,-1.5777881,-1.5677881,-1.397788,-0.49778807,-0.17778808,0.3422119,-0.26778808,0.35221192,0.16221191,4.242212,-1.5977881,-2.5277882,-1.0877881,-1.7177881,3.652212,-0.42778808,0.26221192,1.1622119
-7.187788,-7.897788,-6.397788,-5.607788,-6.227788,-7.097788,-6.327788,-5.977788,-6.107788,-5.1177883,-4.857788,-5.577788,-6.487788,-6.247788,-5.037788,-2.5077882,-2.0277882,-1.7077881,-1.3777881,-1.7477881,-2.437788,-1.7477881,-1.137788,-0.33778808,-0.27778807,-0.2577881,0.48221192,0.5022119,0.3322119,0.9722119,0.7822119,1.1722119,0.9622119,3.7122118,0.68221194,-0.2877881,-0.29778808,-0.5777881,0.25221193,0.9522119,0.4022119
-5.737788,-5.077788,-5.537788,-6.287788,-5.967788,-6.1777883,-5.877788,-5.607788,-4.737788,-4.337788,-4.587788,-4.037788,-3.577788,-4.1977882,-1.907788,-1.7577881,-1.8477881,-1.6777881,-1.4477881,-1.4377881,-1.3377881,-0.4677881,-0.13778809,0.25221193,0.93221194,1.0022119,2.542212,1.962212,1.9322119,2.052212,2.552212,3.602212,2.6822119,2.092212,2.872212,-2.2577882,2.922212,5.522212,11.802212,-0.3577881,-0.2577881
-4.567788,-5.507788,-5.257788,-5.107788,-5.187788,-4.717788,-4.6577883,-4.627788,-4.467788,-3.907788,-3.2777882,-2.917788,-1.897788,-1.147788,-0.88778806,-0.81778806,-0.5177881,0.3922119,-0.007788086,-0.21778809,0.2722119,0.26221192,0.45221192,0.5822119,0.8222119,0.6922119,1.6722119,2.282212,1.9522119,1.1622119,-0.047788087,1.2822119,2.842212,1.352212,-0.5277881,-1.7477881,-1.8377881,3.172212,2.282212,-1.8577881,3.9622118
-3.857788,-4.4077883,-4.1377883,-3.677788,-3.627788,-3.457788,-3.207788,-2.957788,-2.707788,-2.837788,-1.917788,-1.1077881,-0.4077881,-0.17778808,0.7622119,1.3222119,1.5722119,1.1822119,0.38221192,-0.4177881,1.7722119,1.7622119,1.7522119,0.9822119,1.5422119,0.6622119,1.9522119,1.3822119,2.9522119,2.152212,1.082212,4.032212,-0.7377881,2.4922118,3.282212,8.882212,1.8022119,1.232212,2.9322119,4.472212,0.4322119
-2.8177881,-2.407788,-2.2777882,-1.9977881,-1.8677881,-1.917788,-1.647788,-2.347788,-2.227788,-0.9977881,-0.68778807,-0.68778807,2.1822119,1.3122119,2.022212,2.2422118,2.4622118,2.022212,1.8122119,0.7022119,1.7622119,3.422212,2.642212,1.7522119,1.5722119,1.732212,1.8822119,1.6222119,2.0022118,1.4322119,1.962212,3.102212,5.512212,4.922212,3.362212,2.672212,1.5122119,-1.287788,-1.3777881,2.052212,-0.8977881
-1.6177881,-1.167788,-0.8277881,-0.6077881,-0.6777881,-0.5877881,-0.7877881,-0.6477881,0.102211915,-0.26778808,0.20221192,2.0022118,2.9522119,2.612212,3.042212,2.9422119,2.112212,2.4622118,2.412212,1.3822119,3.532212,4.662212,4.492212,3.542212,3.392212,3.282212,4.1122117,6.102212,7.262212,7.972212,8.132212,7.292212,6.142212,5.522212,2.9422119,1.602212,0.38221192,0.62221193,1.362212,1.1722119,-0.20778808
-0.5177881,0.042211913,-0.5377881,0.042211913,0.6722119,0.38221192,0.17221192,0.19221191,0.17221192,-0.22778809,1.1722119,2.622212,0.9822119,4.042212,3.822212,3.092212,2.9922118,3.532212,1.5222119,3.2422118,3.9422119,3.822212,4.722212,3.9922118,4.522212,4.482212,6.262212,7.712212,8.542212,10.042212,9.062212,7.902212,7.102212,5.952212,5.102212,2.912212,2.282212,0.74221194,1.2022119,1.9122119,0.29221192
-0.39778808,0.44221193,1.5722119,1.2422119,2.052212,1.712212,0.68221194,-0.17778808,-0.027788086,-1.3177881,0.062211916,3.162212,2.852212,3.812212,4.332212,3.322212,3.672212,4.192212,1.4922119,3.7222118,3.5122118,4.1322117,3.9322119,3.842212,5.642212,6.752212,6.952212,8.652212,8.882212,8.412212,7.762212,7.8622117,6.082212,6.502212,4.912212,6.002212,7.022212,8.412212,7.0922117,5.432212,1.0422119
2.112212,3.302212,2.0122118,1.9922119,2.642212,1.1222119,2.4322119,1.462212,0.47221193,-0.94778806,0.48221192,3.422212,1.9022119,4.042212,3.1822119,2.9622118,2.6922119,3.4822118,1.832212,3.5022118,2.592212,2.9622118,4.702212,3.9622118,6.422212,6.212212,7.702212,7.832212,8.262212,8.042212,8.042212,8.232212,7.562212,7.152212,6.8022118,7.022212,7.0522118,5.392212,7.542212,7.5522118,5.782212
2.542212,1.1822119,0.19221191,3.4322119,1.362212,2.9722118,3.2622118,3.4722118,1.962212,0.19221191,0.44221193,1.212212,1.862212,2.412212,2.862212,3.2122118,3.4522119,3.602212,2.792212,4.3422117,3.9622118,4.672212,5.922212,6.432212,7.1122117,7.162212,7.332212,7.422212,7.512212,7.892212,8.0822115,7.702212,7.122212,7.032212,6.212212,6.542212,5.792212,6.3422117,6.202212,5.472212,6.042212
1.7422119,2.6922119,2.792212,3.072212,3.1822119,3.5122118,3.5022118,2.6922119,1.222212,-1.6077881,-0.7877881,-0.09778809,1.342212,1.7922119,2.9522119,2.7122118,4.432212,5.432212,3.9622118,5.212212,4.272212,4.352212,4.462212,5.502212,5.992212,6.3022118,6.702212,6.982212,7.3022118,7.3622117,7.742212,8.502212,7.562212,7.142212,6.902212,7.1322117,6.062212,7.182212,6.992212,6.542212,4.002212
