wind_kz.json
{"header": {"discipline":0,"disciplineName":"Meteorological products","gribEdition":2,"gribLength":1025,"center":7,"centerName":"US National Weather Service - NCEP(WMC)","subcenter":0,"refTime":"2023-09-21T06:00:00.000Z","significanceOfRT":1,"significanceOfRTName":"Start of forecast","productStatus":0,"productStatusName":"Operational products","productType":1,"productTypeName":"Forecast products","productDefinitionTemplate":0,"productDefinitionTemplateName":"Analysis/forecast at horizontal level/layer at a point in time","parameterCategory":2,"parameterCategoryName":"UnknownDiscipline_0_Category_2","parameterNumber":2,"parameterNumberName":"UnknownParameter_D0_C2_2","parameterUnit":"Unknown","genProcessType":2,"genProcessTypeName":"Forecast","forecastTime":60,"surface1Type":103,"surface1TypeName":"Specified height level above ground","surface1Value":10.0,"surface2Type":255,"surface2TypeName":"Missing","surface2Value":0.0,"gridDefinitionTemplate":0,"gridDefinitionTemplateName":"Latitude_Longitude","numberPoints":615,"shape":6,"shapeName":"Earth spherical with radius of 6,371,229.0 m","gridUnits":"degrees","resolution":48,"winds":"true","scanMode":64,"nx":41,"ny":15,"basicAngle":0,"lo1":47.0,"la1":41.0,"lo2":87.0,"la2":55.0,"dx":1.0,"dy":1.0}, "data":
[rows 0 to 14 of 15, columns 0 to 40 of 41]
-2.9272332,-0.39723328,0.5727667,-4.2872334,-5.4172335,-7.107233,-7.987233,-6.6472335,-6.1872334,-3.8772333,-2.7272332,-3.6972332,-3.7972333,-2.7272332,-2.7772334,-1.9172332,-2.8972332,-4.2072334,-3.2272332,-4.107233,-3.4472332,-1.1672332,-0.82723325,-1.8672333,1.1027668,-1.9472333,-2.7272332,-2.7472334,-0.75723326,0.2727667,1.1927667,0.87276673,-0.14723328,-0.20723328,0.18276672,0.49276674,1.0927668,1.5327667,0.8927667,1.8427668,-1.3072333
1.6927667,0.08276673,-7.3272333,-6.297233,-4.087233,-7.157233,-6.927233,-5.2472334,-4.427233,-8.247233,-6.857233,-5.7672334,-3.9872332,-1.8672333,-2.8872333,-4.007233,-2.8772333,-4.2272334,-3.4072332,-2.7172332,-3.3372333,-3.0572333,-1.6372333,-2.5472333,-0.93723327,0.042766724,-0.9772333,-0.89723325,-3.2072332,-1.6572332,-0.047233276,-0.19723327,0.5127667,-2.8972332,0.61276674,0.9627667,2.3027668,2.3127668,2.3627667,0.46276674,-2.9372332
-3.0972333,-7.5372334,-6.7672334,-5.987233,-6.157233,-6.6672335,-5.0172334,-4.1372333,-4.567233,-6.5572333,-4.717233,-4.277233,-2.2672334,-2.7072332,-2.3872333,-1.7472333,-2.9372332,-2.4872332,-2.8872333,-2.1772332,-2.7072332,-4.1372333,-5.1372333,-8.337234,-1.3372333,-2.8072333,-0.94723326,0.14276673,-2.8872333,-0.6672333,-1.8672333,2.8327668,0.7627667,0.3027667,0.3627667,-0.76723325,0.61276674,-0.047233276,3.6827667,4.6927667,2.0327668
-7.2472334,-7.9172335,-6.507233,-5.087233,-6.9372334,-4.4972334,-3.1372333,-4.487233,-5.197233,-5.1172333,-3.7472334,-2.7772334,-3.2472334,-2.7672334,-1.3472333,-2.1072333,-2.7072332,-2.2272332,-1.7872332,-1.6372333,-2.5572333,-3.4172332,-2.0672333,-3.4672332,-3.5572333,-2.9672332,-3.8372333,-4.3972335,-2.1172333,-0.51723325,-0.057233278,-1.2572333,1.9427667,-1.4272332,-3.0172334,-1.9172332,-1.2472333,2.6827667,1.9327667,-0.06723328,-0.64723325
-7.6872334,-9.107233,-9.157233,-9.707233,-7.237233,-5.217233,-4.987233,-3.7572334,-5.3272333,-3.9172332,-2.8372333,-2.5472333,-2.1072333,-1.4072332,-1.3672333,-1.5272332,-2.3072333,-1.7072333,-1.2472333,-2.2172332,-2.9972334,-3.0772333,-3.2472334,-2.9072332,-2.8072333,-2.6472332,-2.3572333,2.0227668,1.6727667,1.7427667,1.7727667,-0.49723327,-0.7872333,2.4427667,2.7527666,1.0627667,3.2927668,-0.94723326,0.73276675,2.2127666,3.1227667
-5.987233,-4.2672334,-8.197233,-7.9172335,-6.487233,-4.257233,-3.8572333,-3.7072332,-3.5372334,-3.0972333,-2.4472332,-2.6072333,1.9627668,1.1227667,0.48276672,-0.057233278,-1.3172333,-1.4672333,-0.9272333,-0.3572333,-1.6872333,-2.2172332,-2.5572333,-2.5772333,-1.7672333,-1.6072333,-1.1272333,-3.7972333,-1.6172333,0.23276672,1.2227668,2.2327666,2.6227667,0.68276674,1.0427667,1.1627667,3.9227667,7.892767,8.252767,5.3527665,2.6227667
-5.3872333,-4.0572333,-4.257233,-3.5172334,-3.5972333,-3.2972333,-2.6272333,-1.5472332,-2.6072333,-1.1472332,-0.5472333,-0.17723328,-1.7272333,-1.4372333,-1.6072333,-1.9272332,-1.2972332,-0.7872333,-1.9472333,-1.2372333,-1.2172333,-2.3572333,-2.8472333,-2.5072334,-0.9072333,-0.95723325,-0.7272333,-1.1672332,-0.5272333,-1.8072333,-1.7972332,-1.4172332,-0.9172333,1.0427667,3.3527668,1.4327667,2.8827667,2.9227667,2.9127667,1.7027668,0.18276672
-3.2772334,-2.9272332,-3.0572333,-2.6472332,-2.7272332,-2.0572333,-2.9672332,-2.4872332,-1.5572333,-1.6472332,-1.3672333,-2.9372332,-2.8172333,-2.6072333,-2.0172334,-3.1272333,-3.6072333,-3.8972332,-2.6972332,-1.2172333,-3.7672334,-4.1472335,-3.1172333,-3.5972333,-3.2072332,-1.3972332,-0.9872333,-0.76723325,-0.057233278,-2.0372334,-2.2972333,-0.7172333,-1.6372333,-0.28723326,1.0427667,2.9327667,4.322767,8.842767,6.242767,8.022767,3.9527667
-4.2672334,-3.7572334,-3.7872334,-3.3472333,-2.9872332,-2.0572333,-1.8072333,-0.3872333,-1.4672333,-1.0672333,-2.3772333,-3.1672332,-2.9772332,-4.4772334,-3.4572332,-3.8272333,-2.4172332,-2.3672333,-1.6572332,-3.4872332,-3.2172332,-2.5172334,-1.2172333,-1.5872333,-1.8072333,-1.7372333,-1.1872333,-0.88723326,0.3627667,0.87276673,0.55276674,0.46276674,2.5727668,1.5127667,2.6527667,2.4627666,2.2927668,0.17276673,1.7527667,0.8827667,1.1827667
-3.4872332,-3.1472332,-3.0172334,-2.2572334,-1.8672333,-0.4472333,0.122766726,-0.27723327,-2.4172332,-2.6672332,-3.0072334,-3.9172332,-2.5872333,-2.5472333,-2.3072333,-1.9372333,-2.3772333,-1.4172332,-1.9372333,-3.6272333,-3.6672332,-2.4372332,-1.5572333,-1.5972333,-1.7372333,-1.2572333,-0.37723327,0.42276672,1.1527667,1.4227667,1.9227667,3.1127667,3.9227667,2.8427668,2.0427668,1.5827668,1.2427667,2.4327667,1.0927668,1.2027668,0.26276672
-2.6472332,-2.5272334,-1.5172333,-0.32723328,0.8327667,1.7127668,0.9127667,1.2527667,-2.3672333,-2.4172332,-0.8572333,-1.7972332,-2.4372332,-2.9372332,-1.6972333,-1.8472333,-2.4472332,-1.8672333,-2.6372333,-2.5972333,-1.8472333,-1.4872333,-1.5372332,-1.1772332,-0.7772333,-0.5372333,0.7727667,1.0927668,1.6627667,2.4427667,2.9827666,2.6427667,1.6127667,2.2727668,2.7527666,-0.03723328,-0.50723326,0.9127667,0.19276673,-0.7372333,-0.87723327
-0.8372333,-0.19723327,1.1927667,0.6327667,0.052766725,-0.12723328,-0.9672333,-0.93723327,-0.9972333,-1.6872333,-1.3472333,-1.1672332,-1.9272332,-1.3872333,-0.6072333,-1.6772332,-1.1772332,-0.87723327,-1.9572333,-1.1472332,-1.0072333,0.48276672,0.60276675,0.74276674,1.2627667,2.0427668,2.6327667,3.1627667,3.1227667,2.8227668,1.5927668,1.9727668,2.2527666,2.0927668,0.99276674,1.5227667,2.5527668,1.2427667,1.2127668,0.8827667,0.11276672
0.2727667,0.60276675,0.60276675,0.93276674,0.81276673,0.21276672,0.28276673,0.35276672,-0.31723326,-0.6172333,-0.57723325,0.55276674,0.8827667,0.7827667,-0.017233277,0.56276673,0.35276672,1.0427667,1.0027667,1.3227668,1.5127667,1.4927667,2.0827668,2.2927668,3.1527667,3.3527668,3.8227668,3.6627667,2.9927666,1.9127667,1.0827668,0.6327667,1.3127667,0.7727667,1.3927667,1.8627667,2.5527668,1.8127667,1.8927667,3.1727667,-0.3572333
1.2827667,1.6927667,2.0227668,1.9727668,1.1027668,0.6527667,0.8227667,0.79276675,0.26276672,0.24276672,-0.8572333,0.0127667235,1.1527667,0.3627667,1.3127667,1.9927667,2.3927667,2.2227666,2.0927668,3.0027666,3.0927668,3.1027668,2.9527667,3.4427667,3.8927667,3.8327668,3.2827668,3.2027667,2.9727666,2.7327666,2.4227667,2.5327668,1.8727667,2.5827668,2.9127667,3.0727668,2.8927667,2.7827668,2.9027667,2.4527667,3.3027668
-0.11723328,-0.4472333,1.3327668,1.0627667,1.0427667,1.0827668,1.7227668,0.74276674,1.5027667,0.23276672,-0.6772333,0.122766726,1.2027668,1.5227667,2.3527668,2.8827667,3.2527666,3.4327667,3.0227668,3.6127667,3.8027668,3.7127666,3.3627667,3.4427667,3.4527667,3.8727667,3.3527668,2.9027667,2.8827667,2.9027667,3.0427668,3.6827667,3.2927668,3.6627667,3.8227668,4.412767,3.7627668,4.3527665,3.8227668,3.5927668,1.4127667
