wind_kz.json
{"header": {"discipline":0,"disciplineName":"Meteorological products","gribEdition":2,"gribLength":1102,"center":7,"centerName":"US National Weather Service - NCEP(WMC)","subcenter":0,"refTime":"2023-08-21T00:00:00.000Z","significanceOfRT":1,"significanceOfRTName":"Start of forecast","productStatus":0,"productStatusName":"Operational products","productType":1,"productTypeName":"Forecast products","productDefinitionTemplate":0,"productDefinitionTemplateName":"Analysis/forecast at horizontal level/layer at a point in time","parameterCategory":2,"parameterCategoryName":"UnknownDiscipline_0_Category_2","parameterNumber":2,"parameterNumberName":"UnknownParameter_D0_C2_2","parameterUnit":"Unknown","genProcessType":2,"genProcessTypeName":"Forecast","forecastTime":180,"surface1Type":103,"surface1TypeName":"Specified height level above ground","surface1Value":10.0,"surface2Type":255,"surface2TypeName":"Missing","surface2Value":0.0,"gridDefinitionTemplate":0,"gridDefinitionTemplateName":"Latitude_Longitude","numberPoints":615,"shape":6,"shapeName":"Earth spherical with radius of 6,371,229.0 m","gridUnits":"degrees","resolution":48,"winds":"true","scanMode":64,"nx":41,"ny":15,"basicAngle":0,"lo1":47.0,"la1":41.0,"lo2":87.0,"la2":55.0,"dx":1.0,"dy":1.0}, "data":
[rows 0 to 14 of 15, columns 0 to 40 of 41]
-0.2485321,1.8014679,0.6714679,-4.488532,-3.1585321,-0.5285321,0.1314679,-2.0885322,-3.448532,-3.948532,-3.1785321,-1.508532,-1.1985321,0.4014679,1.9314679,0.3214679,0.0814679,-0.27853212,0.031467896,1.0214679,1.8414679,-0.9585321,4.0014677,2.8914678,-2.288532,-2.8785322,-1.2885321,0.21146789,-0.2585321,1.1114678,4.261468,-1.4285321,-2.8885322,1.2814679,2.011468,-1.7885321,-1.1985321,-4.598532,-5.028532,-4.178532,-4.358532
1.3114679,-4.308532,-9.958532,-6.7485323,-4.2285323,-0.8385321,-3.208532,-0.4785321,-1.3385321,-2.208532,-1.6085321,-1.378532,-0.20853211,-2.028532,-0.8085321,0.8014679,-1.0585321,3.001468,3.1414678,3.6014678,3.741468,3.1714678,4.9814677,3.741468,4.2314677,-0.058532104,-0.3585321,2.0914679,4.091468,-0.088532105,1.8014679,0.21146789,-1.8585321,-1.2885321,0.1114679,4.671468,-1.9385321,-2.298532,-2.8785322,-1.4785321,-7.278532
-5.358532,-8.778532,-7.878532,-5.028532,-3.5985322,-0.1385321,0.3214679,-1.3185321,-1.758532,-0.8985321,-1.6985321,-0.1385321,0.8614679,0.1614679,0.051467896,2.1414678,-0.3685321,1.621468,1.8014679,2.1414678,4.2914677,5.181468,7.601468,7.671468,0.2414679,2.291468,-2.1085322,0.5214679,0.7714679,-0.23853211,1.121468,1.2314678,1.6314679,5.821468,-1.7785321,-3.0985322,0.5214679,-1.5885321,4.261468,-1.3685321,-2.1785321
-8.118532,-8.588532,-5.698532,-3.288532,2.3814678,0.6214679,-1.3185321,0.9714679,-0.3385321,-0.8385321,-0.2185321,-1.6585321,-2.5785322,0.091467895,2.951468,3.1514678,2.461468,3.1714678,3.8614678,1.6414679,2.3514678,4.621468,2.431468,2.221468,0.1414679,5.591468,1.7814679,0.3414679,2.3214679,-0.6285321,1.2114679,3.041468,11.181467,12.751468,10.231468,6.631468,0.9914679,-1.9285321,-0.6585321,4.071468,7.091468
-5.898532,-5.348532,-3.768532,-1.5585321,0.031467896,-0.7585321,1.4814678,0.2314679,-0.5085321,0.1614679,0.3414679,-3.268532,-0.8385321,1.0314679,0.6714679,5.421468,4.561468,4.121468,5.321468,4.361468,3.3914678,4.2114677,5.0014677,6.511468,6.031468,6.571468,5.571468,4.221468,5.221468,4.181468,4.451468,0.8214679,1.621468,0.5214679,-0.8085321,-2.1085322,14.2014675,1.0714679,5.101468,5.681468,4.9814677
-3.248532,-1.5585321,-2.318532,-2.068532,-1.7385321,-1.2785321,2.791468,0.4214679,0.6014679,2.471468,2.8614678,3.1714678,1.0814679,3.501468,4.661468,4.531468,4.671468,4.831468,5.651468,6.191468,5.691468,6.781468,4.651468,5.341468,5.2114677,6.931468,8.031467,1.7314678,6.111468,5.7314677,4.631468,-0.9685321,1.4114679,2.001468,3.6314678,2.801468,4.121468,8.901468,15.501468,12.721467,-6.2485323
1.8014679,3.741468,-0.4085321,1.7014679,2.681468,4.0014677,5.031468,6.261468,4.4814677,5.351468,5.161468,5.611468,4.811468,6.2114677,7.171468,7.561468,6.631468,6.611468,6.081468,7.2914677,7.101468,6.341468,6.341468,5.781468,5.191468,5.531468,6.511468,7.2714677,5.2314677,5.7914677,7.191468,2.4214678,3.241468,5.0014677,4.311468,6.581468,2.6214678,-0.7985321,3.511468,0.6614679,11.661468
4.971468,5.5414677,5.7914677,5.891468,6.351468,6.141468,6.7314677,6.871468,6.661468,6.351468,5.821468,8.651468,7.531468,9.051468,8.181468,6.641468,8.261468,7.0414677,10.061468,6.381468,8.521468,7.451468,4.391468,7.2114677,7.881468,5.191468,5.9614677,5.951468,6.2514677,7.131468,6.2314677,5.871468,1.4314679,2.771468,1.871468,6.801468,3.3214679,6.191468,10.041468,14.211468,11.2014675
7.5214677,7.9814677,7.601468,7.081468,7.531468,5.091468,6.4814677,6.141468,7.591468,8.501468,7.971468,7.371468,9.901468,8.211468,9.101468,8.291468,5.921468,8.311468,8.461468,7.131468,7.821468,9.871468,7.071468,6.131468,8.631468,7.181468,7.191468,6.2514677,6.761468,6.2914677,6.011468,5.871468,6.4814677,1.0614679,1.1014678,4.081468,1.1814679,-3.468532,-0.5885321,1.2114679,2.1414678
6.721468,6.901468,5.2514677,0.2214679,-0.4885321,5.031468,4.581468,8.921468,8.271468,9.941468,8.581468,9.971468,9.181468,6.421468,7.561468,7.551468,9.051468,6.2314677,5.061468,7.371468,8.151468,10.001468,6.5414677,5.421468,5.831468,7.571468,8.941468,6.641468,6.7714677,6.891468,6.121468,5.071468,6.2314677,3.3914678,1.8514678,-1.7985321,-0.11853211,-0.7485321,-0.6385321,0.6814679,1.7314678
-0.12853211,-0.8785321,-0.7085321,1.001468,3.781468,5.921468,9.621468,6.131468,5.131468,6.651468,7.671468,8.531467,8.061468,8.781467,7.471468,6.721468,5.091468,5.951468,7.191468,5.371468,7.311468,6.5414677,5.931468,7.361468,6.061468,5.9614677,7.121468,7.441468,5.451468,6.641468,6.2914677,5.311468,4.721468,4.941468,2.741468,-0.8485321,0.4114679,0.4314679,-0.4285321,0.6314679,1.2114679
3.261468,3.6714678,4.151468,5.641468,6.401468,1.8314679,1.4614679,1.7614679,5.321468,6.901468,5.341468,5.941468,6.781468,8.721468,8.621468,6.031468,7.431468,5.971468,7.191468,7.581468,6.361468,6.551468,4.201468,4.761468,7.451468,7.051468,7.171468,8.121468,7.311468,6.591468,5.081468,4.591468,3.941468,4.951468,3.741468,-0.2985321,1.9114679,1.6514679,2.031468,1.1414679,-0.7285321
1.4214679,1.0514679,0.44146788,0.9814679,0.0714679,0.2314679,2.8914678,4.7314677,5.331468,1.5414679,3.3314679,5.0014677,5.991468,7.721468,8.161468,6.601468,7.191468,7.931468,4.971468,6.881468,6.381468,6.101468,5.2514677,6.151468,6.9614677,6.381468,6.011468,5.431468,7.381468,7.5414677,6.0014677,4.901468,4.891468,3.541468,6.141468,2.681468,0.18146789,1.7214679,2.051468,2.1714678,0.8714679
1.9214679,1.6614679,-0.9585321,2.691468,1.4014679,3.6014678,5.5414677,2.231468,3.311468,4.351468,2.8614678,4.811468,7.2714677,6.691468,4.721468,4.321468,6.411468,6.7314677,7.131468,5.591468,6.681468,5.641468,5.111468,4.331468,5.631468,6.681468,5.761468,6.861468,5.741468,7.241468,5.761468,5.111468,5.661468,2.181468,4.101468,4.681468,0.7014679,0.8614679,1.3814679,2.271468,0.3914679
1.9414679,0.6714679,-2.548532,1.3514678,0.031467896,3.4014678,1.121468,2.041468,4.181468,3.5914679,3.711468,5.081468,3.3514678,4.611468,6.0214677,6.101468,4.931468,4.5414677,5.281468,4.901468,4.761468,4.2514677,3.5714679,4.011468,4.161468,4.311468,6.7314677,7.2514677,4.991468,5.371468,4.801468,2.0814679,4.331468,4.931468,2.191468,1.8014679,2.8814678,3.6714678,2.051468,0.0114678955,-0.0685321
