wind_kz.json
{"header": {"discipline":0,"disciplineName":"Meteorological products","gribEdition":2,"gribLength":1025,"center":7,"centerName":"US National Weather Service - NCEP(WMC)","subcenter":0,"refTime":"2025-04-05T06:00:00.000Z","significanceOfRT":1,"significanceOfRTName":"Start of forecast","productStatus":0,"productStatusName":"Operational products","productType":1,"productTypeName":"Forecast products","productDefinitionTemplate":0,"productDefinitionTemplateName":"Analysis/forecast at horizontal level/layer at a point in time","parameterCategory":2,"parameterCategoryName":"UnknownDiscipline_0_Category_2","parameterNumber":2,"parameterNumberName":"UnknownParameter_D0_C2_2","parameterUnit":"Unknown","genProcessType":2,"genProcessTypeName":"Forecast","forecastTime":120,"surface1Type":103,"surface1TypeName":"Specified height level above ground","surface1Value":10.0,"surface2Type":255,"surface2TypeName":"Missing","surface2Value":0.0,"gridDefinitionTemplate":0,"gridDefinitionTemplateName":"Latitude_Longitude","numberPoints":615,"shape":6,"shapeName":"Earth spherical with radius of 6,371,229.0 m","gridUnits":"degrees","resolution":48,"winds":"true","scanMode":64,"nx":41,"ny":15,"basicAngle":0,"lo1":47.0,"la1":41.0,"lo2":87.0,"la2":55.0,"dx":1.0,"dy":1.0}, "data":
[rows 0 to 14 of 15, columns 0 to 40 of 41]
5.6257253,2.835725,0.5257251,7.495725,9.255725,6.155725,0.2657251,4.405725,-0.66427493,-4.674275,-3.614275,-3.414275,-2.704275,-2.914275,-3.574275,-4.044275,-3.4742749,-4.114275,-1.7242749,-3.904275,-5.814275,-2.584275,-0.8342749,-0.4942749,-1.524275,-0.3442749,0.4157251,-0.2242749,-0.7542749,0.2657251,1.4457251,0.1657251,0.1757251,-2.134275,-5.694275,-5.014275,-2.7842748,-2.7242749,-4.284275,-5.154275,-6.114275
3.405725,-4.754275,5.675725,7.115725,8.895725,8.175725,2.615725,1.235725,1.4657251,-1.5342749,-2.2442749,-2.694275,-3.174275,-1.7442749,-2.444275,-3.2742748,-3.5642748,-3.684275,-3.414275,-3.164275,-2.0442748,-1.3342749,0.7357251,2.655725,-0.0842749,0.1757251,0.12572509,0.4657251,1.9257251,0.7357251,-0.0042749024,0.9657251,-0.4542749,1.9157251,0.58572507,-1.8642749,-0.9242749,-5.1442747,-0.3942749,-1.764275,-1.024275
7.195725,9.835725,9.435725,7.935725,6.235725,2.155725,6.595725,4.285725,0.035725098,0.44572508,-1.2342749,-1.8542749,-1.4342749,-1.644275,-2.154275,-3.084275,-2.5642748,-3.9942749,-3.7642748,-3.0242748,-3.5542748,-3.584275,-1.014275,-2.384275,-1.3442749,-3.7942748,-3.644275,-2.584275,1.2857251,-0.4742749,1.105725,-1.134275,-1.3242749,1.8257251,-1.634275,0.3957251,0.035725098,-0.4142749,4.995725,4.885725,0.47572508
9.205725,10.845725,9.005725,8.415725,5.735725,5.8757253,5.705725,5.865725,2.385725,1.4257251,0.3957251,-0.5542749,-1.9542749,-2.464275,-2.4942749,-2.874275,-4.034275,-4.344275,-4.844275,-4.584275,-1.3242749,-0.3542749,-5.224275,-6.3542747,-7.014275,-6.954275,-6.544275,-7.6242747,-5.724275,-2.9942749,0.2357251,-0.2142749,-2.5642748,-2.124275,-1.3642749,2.4357252,0.9757251,2.2257252,0.5757251,0.2657251,3.075725
6.3957253,7.545725,6.925725,8.285725,6.3757253,7.005725,7.0857253,5.735725,2.615725,1.3257251,1.9957252,0.8557251,-3.404275,-4.114275,-4.034275,-3.074275,-3.5042748,-4.014275,-4.1642747,-5.364275,-8.684275,-7.224275,-8.274275,-7.8542747,-8.0942745,-8.144275,-9.034275,-6.524275,-6.6042747,-5.274275,-4.704275,-3.084275,1.3957251,0.5257251,-1.3442749,2.315725,4.615725,2.875725,4.185725,6.495725,4.325725
2.9957252,2.0057251,6.3157253,6.635725,3.9357252,6.3557253,6.795725,3.7657251,2.605725,1.6457251,0.5157251,-2.114275,-1.8142749,-2.9842749,-2.154275,-3.164275,-3.714275,-4.774275,-5.924275,-6.4142747,-6.8942747,-6.714275,-6.454275,-7.554275,-8.214275,-8.664275,-8.3442745,-3.684275,-5.004275,-5.034275,-4.964275,-3.964275,-1.9242749,-0.2842749,-1.7542748,-0.034274902,0.3357251,2.795725,1.0057251,-3.0342748,-0.4942749
1.5657251,-1.154275,3.4757252,3.7157252,3.5257251,5.6057253,3.095725,2.365725,1.6957251,1.0557251,0.8657251,-0.30427492,-1.1842749,-1.644275,-2.9942749,-3.574275,-3.3142748,-4.764275,-6.1242747,-5.504275,-5.954275,-4.694275,-4.544275,-5.194275,-5.094275,-5.674275,-5.714275,-3.094275,-4.204275,-4.594275,-4.714275,-4.9342747,-5.034275,-4.154275,-3.154275,-0.7242749,-0.3942749,-2.4742749,2.0057251,-0.8142749,1.2757251
1.4557251,-3.364275,1.3757252,1.3857251,0.0957251,-1.4342749,-1.024275,-0.7742749,-1.5342749,-1.5342749,-0.8342749,-0.7742749,-0.2942749,-2.0642748,-1.1742749,-4.454275,-3.2742748,-4.174275,-3.884275,-4.814275,-3.9942749,-1.7042749,-1.9642749,-2.164275,-2.0442748,-1.9242749,-0.2442749,0.055725098,-2.4942749,-2.324275,-3.704275,-3.5242748,-4.694275,-4.314275,-3.194275,0.1357251,2.575725,2.825725,6.965725,6.445725,3.675725
0.5557251,-2.2742748,-0.034274902,2.7257252,2.7157252,-5.654275,-5.014275,-2.2442749,-1.154275,-1.3242749,-1.774275,-1.2342749,-0.9642749,-1.6642749,-1.9142749,-4.314275,-3.094275,-2.834275,-2.634275,-2.124275,-2.884275,0.7957251,-0.5342749,-0.074274905,0.4657251,0.4057251,0.7357251,0.7857251,0.7157251,-0.9442749,-1.2442749,-1.9542749,-1.9642749,-1.4142749,-0.7842749,0.7457251,-1.2042749,-2.594275,-1.6742749,0.12572509,-0.5742749
-1.264275,-2.624275,-0.23427491,2.7057252,0.5157251,-6.944275,-7.734275,-6.464275,-5.274275,-3.434275,-2.574275,-1.764275,-1.8242749,-1.0042748,-3.0342748,-4.314275,-2.394275,-1.2942749,-2.464275,-1.2442749,1.6257252,1.1657251,2.405725,1.3157251,2.7057252,2.565725,2.7457252,2.9957252,2.535725,1.985725,0.6057251,-0.2542749,0.0757251,0.6557251,0.1757251,-0.4042749,1.3157251,-0.2842749,-1.404275,-0.6542749,0.44572508
-1.0742749,-2.084275,-1.9742749,1.6957251,-2.694275,-5.574275,-6.054275,-6.254275,-6.844275,-6.614275,-5.864275,-4.224275,-2.184275,-1.0742749,-1.9342749,-2.4942749,-2.5242748,-1.894275,-2.8142748,-1.1742749,2.9857252,3.9857252,2.875725,3.135725,2.835725,3.305725,4.6257253,4.655725,4.415725,4.285725,3.035725,1.3957251,1.1657251,1.1557251,0.2157251,0.3757251,0.8257251,0.2957251,0.2757251,-0.5242749,0.9757251
-0.9642749,-1.514275,-2.104275,-2.354275,-3.624275,-5.6442747,-5.6242747,-6.224275,-5.044275,-4.924275,-7.694275,-5.974275,-5.444275,-4.704275,-3.904275,-2.364275,-1.024275,-1.3042749,-1.4542749,1.5557251,0.025725098,2.2157252,2.335725,4.6057253,4.165725,5.205725,5.675725,6.115725,5.205725,5.6257253,3.2457252,2.165725,1.095725,1.485725,1.0057251,0.3657251,0.3957251,-0.20427491,-0.5542749,-0.4742749,0.2857251
-1.5042748,-2.2842748,-2.2742748,-2.4942749,-2.434275,-3.2442749,-5.454275,-5.9342747,-6.154275,-2.0342748,-2.5642748,-4.064275,-2.5142748,-5.444275,-4.884275,-1.5842749,-0.2542749,1.475725,2.5057251,2.2657251,1.225725,2.535725,4.655725,4.405725,4.725725,5.665725,5.8357253,4.465725,4.1457253,4.175725,3.065725,2.7157252,2.4857252,1.6257252,1.3357251,0.8057251,-0.3342749,-0.4342749,-0.7642749,-1.024275,-0.3442749
1.5657251,1.0357251,0.3757251,-0.074274905,-0.8642749,-1.904275,-3.5042748,-4.534275,-4.044275,-3.374275,-1.3242749,-1.9142749,-3.884275,-4.284275,-4.6042747,-3.2642748,-2.394275,-0.9742749,3.035725,3.0157251,3.645725,4.445725,5.495725,4.465725,4.365725,3.115725,4.0657253,3.9757252,3.125725,3.405725,2.7157252,1.855725,1.6957251,1.3957251,0.6357251,0.4857251,0.1357251,-0.5442749,-0.6042749,0.5157251,-0.074274905
1.4157251,1.4557251,0.9157251,1.1357251,0.3357251,-0.5142749,-0.3742749,-0.0942749,-1.404275,-1.5742749,-1.4242749,-1.8242749,-1.0542749,-0.8442749,-1.9542749,-1.404275,-1.9542749,-1.5942749,-0.2942749,1.4257251,2.845725,3.2557251,4.275725,3.095725,3.7357252,4.495725,4.685725,2.875725,2.065725,2.6857252,0.7457251,0.7957251,0.9957251,1.2757251,0.8857251,0.5257251,0.5757251,0.7057251,-0.8142749,-0.2242749,0.5957251
