wind_kz.json
{"header": {"discipline":0,"disciplineName":"Meteorological products","gribEdition":2,"gribLength":1025,"center":7,"centerName":"US National Weather Service - NCEP(WMC)","subcenter":0,"refTime":"2023-08-23T12:00:00.000Z","significanceOfRT":1,"significanceOfRTName":"Start of forecast","productStatus":0,"productStatusName":"Operational products","productType":1,"productTypeName":"Forecast products","productDefinitionTemplate":0,"productDefinitionTemplateName":"Analysis/forecast at horizontal level/layer at a point in time","parameterCategory":2,"parameterCategoryName":"UnknownDiscipline_0_Category_2","parameterNumber":2,"parameterNumberName":"UnknownParameter_D0_C2_2","parameterUnit":"Unknown","genProcessType":2,"genProcessTypeName":"Forecast","forecastTime":300,"surface1Type":103,"surface1TypeName":"Specified height level above ground","surface1Value":10.0,"surface2Type":255,"surface2TypeName":"Missing","surface2Value":0.0,"gridDefinitionTemplate":0,"gridDefinitionTemplateName":"Latitude_Longitude","numberPoints":615,"shape":6,"shapeName":"Earth spherical with radius of 6,371,229.0 m","gridUnits":"degrees","resolution":48,"winds":"true","scanMode":64,"nx":41,"ny":15,"basicAngle":0,"lo1":47.0,"la1":41.0,"lo2":87.0,"la2":55.0,"dx":1.0,"dy":1.0}, "data":
[rows 0 to 14 of 15, columns 0 to 40 of 41]
1.0380762,-0.9319238,2.2880762,7.108076,2.9480762,-1.3419238,-4.871924,-7.451924,-10.691924,-4.701924,-6.8019238,-7.4219236,-6.981924,-5.661924,-5.281924,-5.751924,-3.0219238,-3.111924,-3.851924,-3.1719239,-0.9319238,0.9480762,-0.5419238,-0.23192383,0.7780762,-2.351924,-2.7319238,-1.4819238,-0.051923826,-0.44192383,-0.9219238,0.9580762,0.14807618,0.55807614,-2.2319238,-2.621924,-3.1819239,-2.161924,-1.1919239,-1.7419238,-0.15192384
2.348076,1.7280762,3.7680762,-0.71192384,-7.781924,-10.891924,-6.781924,-13.101924,-8.431924,-7.001924,-6.4019237,-6.9019237,-4.541924,-3.5219238,-3.5519238,-4.9619236,-4.141924,-4.521924,-2.5319238,-2.5019238,-1.1219238,-1.4019238,-1.2519238,-2.6919239,-0.04192383,0.42807618,-1.1919239,-0.6219238,-1.3619238,-1.4219239,-0.12192383,-0.32192382,0.67807615,-2.6719239,0.12807617,0.33807617,-0.6019238,0.8380762,-1.3919238,1.4380761,0.088076174
-1.3719238,0.9380762,-4.281924,-6.311924,-7.781924,-8.561924,-7.8219237,-5.031924,-8.571924,-6.7119236,-5.851924,-5.181924,-3.7419238,-3.7619238,-4.471924,-5.061924,-5.811924,-3.861924,-2.7719238,-1.4519238,0.09807617,0.47807616,-3.0119238,-2.5919237,0.60807616,1.3980762,2.1980762,3.6880763,0.9480762,-0.52192384,-1.1719239,2.0680761,-0.16192383,-0.9119238,0.8980762,-0.64192384,-0.8019238,-0.17192383,-0.22192383,0.12807617,-0.031923827
-4.4619236,-7.9419236,-9.221924,-9.351924,-7.471924,-4.4219236,-0.8119238,-6.011924,-5.871924,-5.8419237,-4.751924,-4.871924,-5.911924,-5.661924,-4.6719236,-5.241924,-4.831924,-3.9219239,-2.6719239,-1.3219239,0.008076172,-1.9219239,2.088076,1.8880762,1.8580762,2.0380762,3.0680761,-0.58192384,1.8180761,2.6980762,-1.3219239,-2.5019238,-3.4919238,-3.141924,-3.0219238,-2.4519238,-1.2719238,-0.8719238,0.48807618,0.8780762,0.6880762
-4.911924,-9.841924,-9.181924,-11.321924,-9.131924,-6.021924,-4.6919236,-3.9319239,-4.3219237,-3.8319237,-4.331924,-5.081924,-5.751924,-6.221924,-5.5519238,-4.5919237,-4.121924,-3.141924,-1.7619238,-0.7419238,-0.9819238,-0.77192384,-0.51192385,1.0480762,2.8080761,1.9180762,1.7580762,3.3080761,1.8780762,0.8780762,1.2980762,-2.3219237,-2.641924,0.41807616,2.868076,1.2580762,-0.14192383,1.2580762,2.338076,2.2780762,1.5680761
-4.0719237,-3.4919238,-9.211924,-8.971924,-8.731924,-9.111924,-4.511924,-4.271924,-3.7719238,-3.7119238,-3.5819237,-2.5119238,-2.2819238,-3.631924,-3.391924,-2.5619237,-3.6919239,-3.1719239,-2.1919239,-0.70192385,-2.6719239,-2.151924,-1.7919239,-1.8819238,-1.8419238,-1.6119238,-0.9219238,1.1380762,3.358076,1.8380761,1.7380762,0.8380762,0.9980762,0.07807617,0.59807616,-1.1319238,2.148076,0.46807617,3.618076,-0.29192382,-3.911924
-4.101924,-4.0719237,-4.521924,-4.8619237,-5.5719237,-4.241924,-4.081924,-4.061924,-3.7019238,-3.2719238,-3.0819237,-3.0919237,-0.95192385,-1.0119238,-0.9819238,-1.3519238,-2.2119238,-2.8319237,-2.7519238,-3.0819237,-2.5719237,-2.7519238,-2.651924,-1.8919238,-1.1919239,-0.63192385,0.26807618,0.8880762,3.148076,2.5380762,0.31807616,-0.18192382,0.8180762,-3.2919238,-3.3319237,-1.1919239,-1.1019238,3.0080762,-1.2219238,0.91807616,3.3180761
-3.5719237,-3.7419238,-3.8319237,-4.1919236,-3.7619238,-3.5219238,-3.2019238,-3.3219237,-3.131924,-3.0419238,-2.631924,-2.121924,-2.0019238,-2.5119238,-2.0219238,-0.77192384,-0.83192384,-1.0619239,-2.4619238,-3.3119237,-2.3219237,-2.121924,-1.6719239,-1.8919238,-1.2419238,-0.091923825,0.8980762,1.0980762,0.42807618,-1.0819238,-3.131924,-1.1619239,-2.5219238,-1.7519238,1.3580762,-1.2119238,-1.0819238,-2.7019238,-2.5719237,1.1480762,-1.2819238
-4.141924,-3.651924,-3.2519238,-2.901924,-3.0819237,-2.2619238,-2.351924,-1.3019239,-0.9319238,-1.4419239,-1.6219238,-0.9819238,-0.23192383,-0.22192383,-1.2119238,-2.0419238,-1.5319238,0.7680762,0.71807617,-0.3619238,-1.5019238,-1.7519238,-2.0819237,-2.2019238,-2.151924,-1.3119239,-1.0119238,-1.5619239,-1.4319239,-1.7419238,-3.0019238,-0.94192386,0.61807615,2.0480762,3.2480762,-1.1919239,-0.5519238,-2.101924,0.028076172,0.32807618,-2.0219238
-3.2919238,-3.2019238,-2.371924,-2.5519238,-2.881924,-2.5719237,-1.2119238,-1.5019238,-2.4919238,-1.7419238,-1.4219239,-1.3119239,-0.70192385,-1.0719239,-1.6619239,-1.3019239,-0.9919238,-0.6219238,2.2980762,-0.33192384,-0.7519238,-0.95192385,-2.0619237,-2.121924,-1.9519238,-1.2319238,-1.2619238,-1.1419238,-1.8719238,-2.9219239,0.15807617,2.118076,3.108076,4.108076,6.318076,0.25807616,-2.7619238,-0.9219238,-2.2919238,0.15807617,0.07807617
-1.8119239,-1.2019238,-1.7519238,-0.82192385,0.7480762,0.09807617,0.16807617,0.5880762,1.7580762,1.8080761,1.7480762,2.1680763,2.9480762,2.858076,1.8780762,1.3680762,2.6880763,2.5780761,1.7780762,1.5480762,1.8980762,0.07807617,-0.90192384,-1.6019238,-0.021923829,-0.22192383,-1.2019238,-1.3419238,-0.32192382,1.2280762,1.1980761,2.6780763,2.888076,2.5680761,3.9680762,-0.0019238282,-1.4719238,0.06807617,-1.8019239,0.37807617,-1.1319238
0.34807616,0.29807618,0.44807616,1.4380761,2.2580762,0.9380762,1.1580762,1.3980762,-0.07192383,0.088076174,0.8380762,2.4180763,1.9380761,2.5180762,2.6680763,2.0380762,2.848076,3.7480762,1.7480762,3.0680761,1.5580761,2.6980762,0.8180762,0.72807616,1.4780762,2.358076,1.9280761,2.088076,2.358076,2.6680763,2.108076,2.5080762,2.0380762,3.1980762,2.4880762,2.7380762,1.0280762,-0.40192384,-0.7319238,-0.49192384,-0.65192384
1.0380762,0.20807618,0.96807617,1.3780762,1.3680762,0.67807615,0.72807616,0.90807617,1.3180761,0.5780762,0.42807618,1.4780762,3.378076,3.9580762,3.5180762,2.2080762,3.4080763,4.228076,2.348076,1.9380761,1.4580761,1.6980761,1.9980762,1.8880762,3.4280763,2.3180761,3.1580763,3.5180762,2.6680763,1.5380762,1.9180762,2.638076,2.7180762,2.4480762,2.9580762,3.4380763,-0.091923825,0.9480762,-2.5919237,-1.2119238,-0.15192384
0.20807618,0.65807617,2.5080762,2.2480762,1.7280762,1.2480762,1.6180762,2.4780762,3.0380762,3.4880762,1.3480762,2.2980762,2.9080763,3.5080762,3.7880762,3.348076,3.3180761,3.2580762,1.8980762,2.3180761,2.598076,2.4880762,2.6680763,2.5180762,2.5380762,2.0080762,2.858076,2.7680762,2.5380762,2.8080761,2.878076,2.838076,2.5780761,3.138076,3.1980762,4.498076,1.5180762,-2.5519238,-0.77192384,0.78807616,-1.4219239
0.6980762,2.4380763,3.7080762,1.6080762,2.4780762,2.2480762,3.888076,2.2980762,3.398076,2.8180761,1.5280762,4.228076,3.7180762,1.7780762,5.0580764,4.318076,3.9380763,3.5280762,2.5680761,3.338076,3.4480762,3.148076,2.8080761,2.7180762,2.2580762,2.1680763,2.7780762,2.898076,2.6580763,2.7780762,3.108076,3.848076,2.4880762,3.7880762,3.878076,4.5580764,1.9480761,0.39807618,2.1780763,2.138076,-0.26192382
