wind_kz.json
{"header": {"discipline":0,"disciplineName":"Meteorological products","gribEdition":2,"gribLength":948,"center":7,"centerName":"US National Weather Service - NCEP(WMC)","subcenter":0,"refTime":"2023-08-22T06:00:00.000Z","significanceOfRT":1,"significanceOfRTName":"Start of forecast","productStatus":0,"productStatusName":"Operational products","productType":1,"productTypeName":"Forecast products","productDefinitionTemplate":0,"productDefinitionTemplateName":"Analysis/forecast at horizontal level/layer at a point in time","parameterCategory":0,"parameterCategoryName":"UnknownDiscipline_0_Category_0","parameterNumber":0,"parameterNumberName":"UnknownParameter_D0_C0_0","parameterUnit":"Unknown","genProcessType":2,"genProcessTypeName":"Forecast","forecastTime":240,"surface1Type":1,"surface1TypeName":"Ground or water surface","surface1Value":0.0,"surface2Type":255,"surface2TypeName":"Missing","surface2Value":0.0,"gridDefinitionTemplate":0,"gridDefinitionTemplateName":"Latitude_Longitude","numberPoints":615,"shape":6,"shapeName":"Earth spherical with radius of 6,371,229.0 m","gridUnits":"degrees","resolution":48,"winds":"true","scanMode":64,"nx":41,"ny":15,"basicAngle":0,"lo1":47.0,"la1":41.0,"lo2":87.0,"la2":55.0,"dx":1.0,"dy":1.0}, "data":
[rows 0 to 14 of 15, columns 0 to 40 of 41]
310.81055,299.31055,307.51056,298.91055,298.41055,297.71054,309.91055,315.31055,311.71054,313.31055,312.71054,313.01056,312.51056,312.11053,311.51056,313.21054,312.91055,311.51056,314.51056,314.51056,318.41055,312.31055,311.11053,312.31055,314.91055,313.71054,307.71054,299.21054,292.51056,297.11053,296.61053,288.81055,311.01056,321.61053,329.01056,322.51056,313.51056,324.01056,326.91055,328.31055,328.61053
291.61053,308.11053,298.71054,298.61053,298.51056,297.41055,316.81055,312.41055,310.61053,311.31055,312.81055,312.51056,313.31055,311.51056,313.31055,314.11053,314.01056,313.61053,312.71054,314.21054,316.81055,313.11053,312.61053,306.91055,299.41055,297.41055,306.71054,300.31055,302.61053,293.11053,298.91055,291.31055,300.81055,273.11053,297.81055,313.21054,309.11053,318.91055,322.11053,314.61053,285.51056
312.01056,298.41055,298.71054,298.61053,297.31055,311.21054,310.51056,311.31055,310.71054,310.51056,311.51056,312.41055,312.21054,312.71054,313.11053,314.21054,312.91055,311.81055,312.11053,312.61053,314.31055,315.11053,309.61053,306.01056,310.31055,310.11053,311.41055,309.91055,308.51056,300.31055,292.91055,292.31055,297.21054,303.21054,300.01056,300.01056,290.21054,295.61053,298.41055,296.41055,294.71054
310.81055,299.61053,298.91055,297.61053,299.81055,310.71054,309.21054,312.61053,312.41055,311.91055,311.71054,311.21054,295.41055,294.81055,314.31055,316.21054,312.31055,313.31055,312.91055,312.81055,308.31055,306.01056,311.21054,311.21054,314.11053,311.31055,312.61053,312.11053,313.41055,313.11053,312.91055,312.21054,312.71054,313.31055,312.01056,307.61053,292.61053,296.11053,295.81055,311.11053,312.61053
310.61053,298.91055,299.11053,298.41055,303.41055,308.41055,311.71054,315.31055,311.51056,310.51056,311.91055,312.11053,295.11053,293.71054,291.81055,315.71054,315.51056,310.71054,309.41055,309.21054,310.11053,311.51056,311.01056,311.21054,312.31055,313.41055,311.01056,303.01056,311.31055,311.91055,311.71054,309.91055,293.81055,292.51056,300.71054,308.11053,307.31055,316.11053,308.51056,309.71054,307.91055
312.21054,311.61053,297.01056,297.91055,298.31055,297.71054,313.81055,310.71054,312.01056,310.21054,307.71054,308.61053,294.81055,294.41055,296.41055,309.71054,309.91055,313.51056,311.71054,311.11053,309.01056,308.11053,308.21054,308.71054,309.61053,306.01056,308.81055,292.81055,308.71054,308.71054,306.41055,305.31055,305.91055,305.91055,302.71054,293.41055,286.11053,286.71054,297.21054,297.81055,296.71054
310.31055,311.01056,310.41055,309.91055,307.31055,312.31055,312.81055,311.21054,309.11053,307.11053,309.41055,307.21054,307.91055,297.51056,304.21054,300.91055,308.41055,309.51056,313.61053,310.51056,306.91055,306.21054,300.21054,306.51056,306.11053,304.81055,305.51056,307.21054,309.61053,310.01056,309.91055,309.11053,309.81055,306.11053,303.41055,305.01056,299.51056,296.21054,284.01056,283.71054,292.51056
310.71054,312.21054,309.31055,310.11053,309.31055,310.91055,310.71054,308.01056,305.81055,305.51056,305.11053,306.71054,309.21054,306.01056,300.91055,304.61053,310.01056,306.11053,307.71054,306.11053,306.31055,297.31055,301.51056,306.21054,304.31055,302.71054,302.01056,302.91055,301.31055,303.91055,303.61053,305.71054,305.41055,301.71054,302.01056,306.31055,306.41055,289.41055,301.71054,301.31055,298.01056
308.51056,308.11053,308.01056,308.71054,307.31055,307.91055,306.71054,306.41055,305.61053,305.81055,305.71054,304.71054,304.11053,304.71054,303.61053,307.41055,305.81055,308.21054,294.71054,294.41055,295.31055,293.91055,296.81055,294.51056,294.01056,293.71054,292.71054,295.81055,294.01056,293.91055,294.61053,292.21054,298.91055,300.61053,300.91055,298.01056,300.11053,299.21054,286.11053,289.81055,283.91055
306.01056,305.21054,305.21054,304.01056,305.11053,304.81055,303.81055,303.91055,303.51056,303.81055,302.71054,301.91055,302.81055,302.71054,300.01056,303.51056,304.51056,307.21054,308.71054,299.01056,293.61053,292.51056,293.11053,297.21054,296.21054,297.61053,292.91055,288.31055,287.91055,287.51056,289.31055,294.11053,296.81055,295.61053,294.21054,293.11053,290.81055,293.21054,293.01056,290.01056,288.01056
302.11053,301.41055,300.01056,300.11053,302.01056,301.81055,303.01056,302.51056,302.01056,301.51056,300.81055,300.31055,300.91055,298.31055,302.01056,302.11053,302.31055,302.41055,304.41055,304.01056,304.01056,301.61053,303.51056,299.61053,298.61053,296.81055,293.71054,293.01056,288.91055,290.31055,295.01056,299.81055,298.31055,296.41055,289.41055,293.41055,283.61053,284.11053,293.01056,289.61053,287.31055
297.11053,299.11053,299.21054,299.21054,299.21054,299.41055,300.21054,303.01056,300.61053,299.81055,296.11053,294.21054,296.51056,292.61053,298.61053,300.21054,299.81055,300.61053,301.21054,300.11053,298.71054,298.81055,298.31055,297.01056,297.31055,297.41055,297.41055,299.81055,300.01056,297.41055,289.41055,293.21054,294.31055,288.11053,291.51056,287.51056,286.91055,292.01056,289.51056,290.61053,288.71054
291.91055,295.91055,292.51056,297.01056,295.51056,297.51056,301.91055,302.71054,302.71054,299.41055,288.71054,287.11053,289.71054,293.11053,294.31055,294.81055,295.41055,296.01056,297.21054,294.81055,294.31055,294.11053,292.71054,292.51056,295.51056,295.61053,297.21054,295.01056,291.11053,288.71054,288.01056,289.21054,289.71054,291.41055,285.21054,290.41055,284.41055,285.01056,289.81055,288.61053,286.01056
286.31055,293.51056,290.71054,292.41055,295.61053,297.01056,297.51056,296.11053,296.91055,298.41055,290.81055,287.81055,288.21054,286.71054,286.51056,292.21054,293.31055,294.51056,294.91055,294.91055,294.41055,294.41055,294.01056,293.91055,293.11053,295.21054,295.51056,294.41055,292.71054,293.11053,292.21054,290.61053,285.61053,289.91055,286.21054,285.81055,287.71054,284.41055,284.91055,282.01056,288.11053
291.21054,289.41055,290.21054,289.21054,291.31055,293.01056,293.91055,294.61053,296.81055,296.31055,292.01056,291.51056,287.71054,287.21054,287.81055,290.91055,291.91055,293.51056,296.01056,295.81055,294.51056,294.11053,293.31055,293.01056,290.11053,290.41055,292.61053,293.11053,291.51056,290.61053,290.31055,286.61053,288.01056,287.61053,286.01056,289.41055,288.81055,287.41055,283.31055,284.71054,283.61053
