wind_kz.json
{"header": {"discipline":0,"disciplineName":"Meteorological products","gribEdition":2,"gribLength":1025,"center":7,"centerName":"US National Weather Service - NCEP(WMC)","subcenter":0,"refTime":"2023-08-23T06:00:00.000Z","significanceOfRT":1,"significanceOfRTName":"Start of forecast","productStatus":0,"productStatusName":"Operational products","productType":1,"productTypeName":"Forecast products","productDefinitionTemplate":0,"productDefinitionTemplateName":"Analysis/forecast at horizontal level/layer at a point in time","parameterCategory":2,"parameterCategoryName":"UnknownDiscipline_0_Category_2","parameterNumber":3,"parameterNumberName":"UnknownParameter_D0_C2_3","parameterUnit":"Unknown","genProcessType":2,"genProcessTypeName":"Forecast","forecastTime":0,"surface1Type":103,"surface1TypeName":"Specified height level above ground","surface1Value":10.0,"surface2Type":255,"surface2TypeName":"Missing","surface2Value":0.0,"gridDefinitionTemplate":0,"gridDefinitionTemplateName":"Latitude_Longitude","numberPoints":615,"shape":6,"shapeName":"Earth spherical with radius of 6,371,229.0 m","gridUnits":"degrees","resolution":48,"winds":"true","scanMode":64,"nx":41,"ny":15,"basicAngle":0,"lo1":47.0,"la1":41.0,"lo2":87.0,"la2":55.0,"dx":1.0,"dy":1.0}, "data":
[rows 0 to 14 of 15, columns 0 to 40 of 41]
0.4887573,2.6787574,-2.2112427,-1.7612426,-0.8312427,0.5487573,1.0587573,-0.09124268,0.75875735,0.24875732,2.0787573,0.52875733,1.0687573,-0.08124267,-2.7912426,-4.2012424,-2.1112428,-1.8212427,-2.9512427,-2.8812428,-1.8712426,-3.3312426,-1.5012426,1.6787573,2.8287573,3.3487573,1.2187573,-0.55124265,-2.3612428,-3.5612426,-1.7012427,2.9087572,2.4287574,-0.42124268,-0.011242676,-4.6912427,-3.0112426,-2.6512427,-0.9612427,-3.1412427,-5.7112427
1.1387573,-1.7312427,-5.841243,-3.9112427,-1.6412426,0.63875735,-1.0412427,-0.111242674,-0.8812427,0.6787573,1.1687573,2.3987572,3.0987573,2.8987572,0.21875733,-1.3512427,-2.3412428,-1.2212427,-3.1012428,-2.0412426,-1.5112426,-2.1112428,-3.3112426,-2.3012426,2.8287573,3.1287572,4.0887575,-0.8312427,0.23875733,-2.1412427,-2.6512427,-4.1412425,0.108757325,-1.7512426,2.4687574,4.5687575,1.6987573,-1.0612427,3.2587574,0.21875733,-4.2012424
-4.0012426,-7.261243,-7.0612426,-2.5612426,0.37875733,1.2587574,0.048757326,-0.7012427,-1.0812427,1.7987573,3.0587573,1.0887573,2.6287572,5.658757,1.0087574,0.31875733,-1.5312427,-2.8412428,-3.4912426,-4.0812426,1.0287573,0.6587573,0.2987573,-0.4812427,-3.2912426,-2.7412426,-2.9112427,-2.4912426,-1.3112427,-3.8712428,-3.1212428,-0.99124265,-3.2712426,-0.17124267,1.9387573,-1.8912426,-2.1312428,-2.1512427,-2.6512427,-0.53124267,-1.9612427
-3.0612426,-4.9512424,-5.4512424,-3.2812426,1.4387573,1.8087573,0.11875732,0.9987573,-2.3812428,-0.5012427,1.2487574,0.6587573,-2.9412427,2.3987572,3.6087573,2.0687573,-1.2112427,-1.9312427,-3.1712427,-1.1412426,1.4287573,4.0887575,-1.4412427,0.7987573,0.5687573,-3.0612426,-1.7612426,-2.6712427,-2.9812427,-2.1812427,-2.3412428,-1.1412426,2.2787573,0.49875733,1.8087573,2.5487573,-0.7612427,-0.47124267,-4.0412426,-2.8912427,-1.3112427
-3.8212426,-4.841243,-4.971243,-6.4212427,-5.6812425,-1.1112427,1.3787574,1.7387574,-0.3212427,-2.1412427,1.1287574,-0.49124268,0.24875732,2.6987574,3.1987574,2.7687573,1.4687573,0.27875733,-1.3912426,-1.9412427,-1.7012427,0.51875734,0.30875733,1.3587574,2.3487573,0.15875733,1.4487573,-3.7512426,2.7487574,1.1487573,-1.4312427,-2.7512426,-2.7712426,-1.5412427,-1.4612427,2.5087574,1.7087573,2.2987573,-0.78124267,-2.0712426,1.5587573
-2.2412426,-4.2012424,-3.3212426,-4.8712425,-4.971243,-3.5812426,1.5287573,1.6487573,2.8687572,2.1487572,1.1687573,1.5787573,2.6587572,1.9987574,4.5787573,1.6087574,1.1187574,2.0787573,1.1087574,-1.2512426,-0.5212427,-0.8312427,2.8687572,3.1087573,2.3787572,1.2287574,0.6187573,-1.5812427,1.8187573,1.1587573,-1.1012427,-0.28124267,-3.0312426,-2.5412426,-5.6212425,-2.0112426,-4.4812427,-2.8412428,-2.0212426,-0.86124265,2.8387573
-0.35124266,-2.4612427,-3.7012427,-4.4112425,-5.0212426,-5.091243,-4.6512427,-4.341243,-1.1812427,1.5187573,2.0887573,2.5287573,3.7887573,4.6287575,4.7087574,2.6387572,2.0287573,0.21875733,1.9287573,2.0587573,1.8887573,1.3787574,1.4187573,1.5787573,2.5287573,2.6387572,1.3887573,0.8687573,3.7687573,3.2887573,-0.041242674,-2.0512426,-3.0112426,-2.0512426,-0.0012426758,1.4387573,-1.1312426,-1.7512426,-4.1512427,-0.5212427,-5.2312427
0.57875735,-1.4912426,-3.7712426,-5.5012426,-6.071243,-6.2512426,-5.6312428,-5.1012425,-3.8712428,-0.8212427,-2.9312427,0.33875734,2.2787573,4.6487575,3.6787574,2.9287574,2.1587572,2.8487573,1.1887573,2.2187574,1.6087574,3.6287572,2.7887573,1.9787574,3.9687574,3.0287573,1.6687573,2.3987572,2.1487572,0.6187573,-0.12124267,-1.7412426,-1.7112427,-2.6512427,-1.7712426,-1.4612427,-1.5612427,-2.3812428,-0.80124265,-1.5112426,0.4887573
-0.111242674,-0.67124265,-3.4612427,-4.5412426,-6.0212426,-6.6312428,-5.6612425,-4.4212427,-3.4312427,-2.0212426,-0.7012427,-0.6512427,1.6087574,2.9787574,4.7487574,4.198757,3.6487572,2.4787574,1.2487574,2.2387574,2.5187573,1.2987573,3.3087573,4.0587573,5.8387575,4.508757,3.2287574,2.8487573,4.138757,1.7487574,-0.031242676,-0.40124267,-1.6612427,-1.0112426,-1.3612427,-1.5612427,1.3687574,-3.3212426,-3.3012426,-2.0112426,0.6587573
0.69875735,-0.2912427,-0.27124268,-2.3412428,-4.8712425,-5.781243,-5.8512425,-5.2712426,-3.3612428,-1.8612427,0.8087573,2.2687573,2.5987573,3.2087574,5.658757,6.258757,5.0587573,3.1187572,2.8287573,3.2487574,3.2087574,3.2987573,1.9287573,3.3287573,3.3287573,4.3287573,3.7687573,2.5287573,1.7287574,0.96875733,-0.13124268,0.6787573,0.43875733,1.8787574,0.22875732,0.6587573,-0.53124267,2.1587572,-0.44124267,-2.7312427,-1.8312427
-1.8912426,0.048757326,0.068757325,-1.9412427,-3.9312427,-5.051243,-6.031243,-6.241243,-5.7912426,-5.7112427,-1.3712426,-0.14124268,0.14875732,1.4387573,3.8987572,5.1887574,5.008757,5.0387573,3.0387573,3.0887573,4.028757,3.3587573,4.9187574,4.8687572,4.2987576,3.8687572,4.0687575,2.3187573,0.89875734,0.82875735,0.7387573,0.7987573,2.4387574,3.5187573,1.4787574,2.3587573,0.95875734,-1.4512427,-0.6512427,0.34875733,-0.8712427
-3.2612426,-3.3712428,-2.2112427,-2.5912428,-3.6212428,-3.5112426,-5.1412425,-5.9612427,-4.5012426,-4.9812427,-3.7712426,-0.49124268,-1.1512427,1.2387574,1.2587574,1.0087574,3.0787573,3.5787573,3.9087572,3.1587572,3.4387574,5.008757,4.5187573,4.3787575,5.4187574,5.8487573,4.678757,4.7087574,3.7087574,2.4187574,1.2887573,0.108757325,-0.17124267,-0.09124268,1.1187574,1.3387573,1.4087573,-0.4512427,-1.9212427,-0.0012426758,-0.3212427
-2.3912427,-2.8412428,-2.5212426,-2.1612427,-2.4112427,-2.7512426,-3.5212426,-4.6412425,-6.761243,-5.301243,-3.5212426,-2.5512426,-4.4112425,-4.1012425,-4.4812427,-1.7812427,2.4487574,3.7787573,4.3387575,4.388757,4.9187574,5.0987573,5.3387575,6.528757,6.8687572,8.028757,7.0387573,7.0687575,5.6887574,3.8687572,2.6787574,1.3287573,0.5487573,-0.98124266,-1.5112426,-1.2012427,0.64875734,1.5787573,3.1787574,3.1487572,0.9887573
-1.6812427,-1.7912427,-3.2112427,-1.5012426,-1.5512427,-2.5512426,-2.2512426,-2.9012427,-3.6912427,-5.741243,-3.5712426,-2.6612427,-1.1212426,-3.6012428,-4.8912425,-4.9112425,-5.1012425,0.47875732,5.0987573,5.6487575,5.0187573,4.968757,5.8687572,4.988757,4.238757,7.6187572,8.798758,8.208757,6.8287573,5.3087573,3.4187574,1.2687573,-1.1712427,-2.0112426,-1.7412426,-1.8812426,-1.7512426,2.0387573,3.6587572,2.7387574,2.4487574
-1.7512426,-3.0012426,-4.011243,-2.8412428,-3.5912428,-2.9012427,-2.2812426,-1.6512427,-2.9312427,-2.7512426,-1.7712426,-2.8212426,-2.0212426,-1.7912427,-2.9712427,-4.571243,-4.8912425,-5.5612426,-4.861243,2.3887572,4.1287575,5.198757,7.0187573,6.9787574,5.6887574,8.648757,9.128757,7.638757,7.1887574,6.218757,3.7287574,1.5387573,-0.7612427,-1.8912426,-2.1412427,-1.5712427,-0.99124265,0.108757325,1.7687573,3.1787574,3.1187572
