wind_kz.json
{"header": {"discipline":0,"disciplineName":"Meteorological products","gribEdition":2,"gribLength":1025,"center":7,"centerName":"US National Weather Service - NCEP(WMC)","subcenter":0,"refTime":"2023-09-30T06:00:00.000Z","significanceOfRT":1,"significanceOfRTName":"Start of forecast","productStatus":0,"productStatusName":"Operational products","productType":1,"productTypeName":"Forecast products","productDefinitionTemplate":0,"productDefinitionTemplateName":"Analysis/forecast at horizontal level/layer at a point in time","parameterCategory":2,"parameterCategoryName":"UnknownDiscipline_0_Category_2","parameterNumber":3,"parameterNumberName":"UnknownParameter_D0_C2_3","parameterUnit":"Unknown","genProcessType":2,"genProcessTypeName":"Forecast","forecastTime":0,"surface1Type":103,"surface1TypeName":"Specified height level above ground","surface1Value":10.0,"surface2Type":255,"surface2TypeName":"Missing","surface2Value":0.0,"gridDefinitionTemplate":0,"gridDefinitionTemplateName":"Latitude_Longitude","numberPoints":615,"shape":6,"shapeName":"Earth spherical with radius of 6,371,229.0 m","gridUnits":"degrees","resolution":48,"winds":"true","scanMode":64,"nx":41,"ny":15,"basicAngle":0,"lo1":47.0,"la1":41.0,"lo2":87.0,"la2":55.0,"dx":1.0,"dy":1.0}, "data":
[rows 0 to 14 of 15, columns 0 to 40 of 41]
1.9418384,2.0518384,-0.32816163,2.9318383,0.7618384,1.2118384,1.1818384,0.8618384,1.2018384,0.3418384,-0.4681616,-0.42816162,-0.6881616,-1.3681617,-1.3181616,-0.4681616,-0.8081616,1.9118384,1.6518384,1.2218384,-0.28816164,2.8018384,2.6618383,0.3718384,2.5218384,1.4218384,0.2818384,0.65183836,-1.2281616,-1.5881616,-2.2681615,2.8718383,2.7118385,-0.008161621,0.3118384,2.6318383,1.1418384,0.15183838,0.39183837,1.7618384,-2.7181616
-1.5581616,0.26183838,2.9918385,1.9918383,1.4018384,2.0518384,0.6218384,-0.09816162,0.20183837,-0.17816162,-1.8481616,-0.07816162,-0.8181616,-2.8781617,-2.3881617,-0.048161622,0.23183838,1.3018384,2.5418384,2.9518385,2.1718383,1.3218384,2.9418383,3.0418384,3.1518383,3.5118384,3.0218384,2.2918384,-0.44816163,1.9818383,-1.4181616,-1.8581616,1.3118384,2.7118385,2.9018383,2.5018384,1.6718384,2.8418384,1.1118383,1.2818384,-0.21816163
0.91183835,4.0118384,2.3718383,1.0318384,0.44183838,0.6918384,-0.12816162,-0.64816165,0.26183838,-1.5181617,-2.7281616,-2.9181616,-1.9081616,-4.228162,-1.8681617,1.5618384,3.6018384,2.0118384,1.6818384,2.6918383,2.6718383,1.6118383,1.1318383,-0.05816162,-0.78816164,-2.4881616,-1.1081616,-1.2881616,0.48183838,0.2818384,-2.3481617,-1.7481617,-1.1381617,-1.8681617,0.6918384,-3.2881615,-2.9481616,0.7018384,-0.7081616,2.0618384,2.2318385
1.2118384,1.4418384,0.83183837,-0.38816163,-0.22816162,0.08183838,-0.42816162,-0.048161622,-0.7581616,-1.9381616,-2.1581616,-2.5581617,-3.3081617,-2.3681617,-1.3881617,0.5018384,0.8218384,3.2918384,2.4918385,1.6118383,2.9218383,3.7218385,0.011838379,1.3918384,0.72183836,0.22183838,-0.08816162,0.41183838,-0.08816162,2.5518384,4.521838,2.7218385,-0.7681616,3.9818385,-0.44816163,1.8518384,1.8918384,0.8018384,-3.2181616,-1.5881616,-2.7381616
-0.18816163,-0.6381616,-0.83816165,-0.91816163,0.13183838,1.2018384,2.0218384,1.2418383,0.011838379,-1.1381617,-2.2081616,-3.0581617,-3.5381615,-2.5981617,-2.7681615,0.91183835,1.7118384,3.1018384,1.7518383,1.6818384,1.4518384,0.9218384,-0.13816161,-1.1181617,-0.52816164,-0.14816162,1.4818383,1.0618384,1.7218384,2.4118383,2.1318383,2.6518383,2.7518384,-1.2881616,1.1918384,0.49183837,0.38183838,-0.018161621,-0.27816162,-1.3181616,-1.4981617
-1.1781616,-1.5881616,-1.8281616,-2.3681617,-2.7081616,-2.7181616,0.5518384,1.9218384,1.1518384,-1.1081616,-1.3781617,-2.2081616,-2.8181617,-2.7181616,1.2118384,1.6918384,1.9318384,2.4618385,1.3218384,-0.09816162,0.17183837,0.4018384,0.44183838,0.15183838,0.7318384,0.41183838,0.8618384,3.5118384,0.48183838,-0.14816162,1.4418384,3.2518384,5.4318385,3.7518384,2.1918383,-1.0681616,-2.7781615,-1.8581616,1.6218383,0.45183837,-1.2981616
-2.2981615,-1.9081616,-2.6781616,-2.9881616,-3.0581617,-2.3681617,-1.2881616,0.5118384,0.53183836,-0.22816162,-1.7781616,-1.7081616,-2.9481616,-2.4881616,-0.9881616,3.9318383,3.2318385,2.1118383,-0.96816164,-0.5581616,0.20183837,0.32183838,1.2618384,1.5618384,0.22183838,-0.83816165,1.0218384,0.15183838,-1.2881616,0.21183838,2.5218384,5.7018385,6.231838,5.3318386,3.2118385,2.0218384,2.4818385,3.6918383,0.33183837,2.5018384,-0.59816164
-3.5381615,-3.1481616,-3.6381617,-4.188162,-3.6081617,-2.9081616,-1.4881616,0.5718384,0.7318384,-0.23816162,-0.91816163,-1.5281616,-2.7281616,-2.7681615,-3.0581617,5.0518384,2.9418383,4.2118382,1.2118384,-0.06816162,0.13183838,1.3118384,1.2418383,0.58183837,-0.6081616,-1.1981616,-1.6481616,-2.3081617,-1.5181617,-0.5781616,2.1918383,4.5718384,5.6218386,7.0918384,6.8518386,4.231838,4.2618384,1.9818383,-0.7581616,1.6018384,1.2118384
-4.3781614,-5.0581617,-4.5081615,-4.2181616,-4.708162,-4.9081616,-4.2881618,-3.8481617,-0.10816162,-0.08816162,-0.7581616,-0.5681616,-1.4981617,-1.8481616,-1.2581617,2.0518384,1.1518384,4.2818384,3.1618383,0.8118384,1.0918384,0.5618384,0.78183836,-0.72816163,-0.4681616,-0.48816162,-1.3081616,-3.2281616,-4.998162,-2.8481617,-3.5081615,0.3418384,3.8218384,5.3918386,6.5918384,5.4018383,3.6718383,4.3018384,5.7218385,2.1918383,1.4618384
-3.7881615,-4.6281614,-5.0481615,-5.2781615,-5.498162,-5.5781617,-5.2781615,-3.4381616,-3.1981616,-0.48816162,-0.6181616,-0.8781616,-0.5181616,-1.0781616,-0.44816163,0.5018384,-0.21816163,3.3818383,-0.65816164,-0.4381616,0.05183838,-0.11816162,-1.2281616,-2.2281616,-2.0381615,0.3418384,-0.77816164,-2.3881617,-2.7981615,-4.978162,-3.6881616,-5.8981614,-3.5881617,-1.0381616,2.1918383,7.291838,3.0218384,2.8918383,2.7918384,5.061838,3.6118383
-3.2781615,-5.018162,-5.6281614,-5.5981617,-5.0381618,-5.2181616,-5.3481617,-4.3281617,-3.3681617,-2.9881616,-1.6481616,-1.5281616,-2.7681615,-1.3881617,1.1418384,-1.0781616,-2.2181616,3.9618385,0.7618384,3.3018384,1.6818384,1.5118384,-1.3281616,1.4518384,-0.3481616,1.5018383,0.41183838,0.10183838,-1.9281616,-4.6081614,-4.1281614,-2.2581615,-4.018162,-4.8181615,-1.1581616,4.7418385,5.1518383,2.5218384,5.771838,2.1918383,1.7518383
-2.4381616,-3.9981616,-5.6681614,-5.2181616,-5.1481614,-5.3081617,-5.1681614,-5.5581617,-4.7181616,-4.4181614,-2.2281616,-2.6481616,-3.0581617,-1.5981616,-1.7081616,-1.6381617,-1.6481616,-0.5681616,1.6218383,3.2618384,1.8518384,0.7918384,-1.5681616,-2.7281616,-1.2081616,-0.07816162,0.33183837,-0.6981616,-1.6981616,-3.0481615,-3.4481616,-2.6581616,-0.6081616,1.2618384,-2.0581617,-2.8381617,-0.25816163,-0.45816162,-1.7781616,-1.6481616,-0.09816162
-1.9281616,-2.5781617,-4.6981616,-4.3881617,-4.3881617,-3.4981616,-4.6181617,-5.2381616,-5.6581616,-3.8681617,-1.2981616,-1.0181617,-2.8481617,-2.8481617,-2.8081617,-2.1781616,-0.71816164,-0.22816162,0.42183837,-0.24816161,0.72183836,1.8618383,0.8718384,-2.1981616,0.58183837,0.36183837,-0.39816162,-0.48816162,-1.6681616,-2.6581616,-2.6681616,-2.7881615,-1.8881617,-2.1781616,-1.7781616,1.6818384,1.4718384,0.52183837,2.1318383,1.9818383,1.1418384
-1.1881616,-1.8281616,-3.1081617,-3.9181616,-4.018162,-4.0081615,-4.9181614,-4.018162,-4.4881616,-3.7781615,-1.6781616,-0.05816162,-1.9981617,-2.0881617,-2.8781617,-3.2281616,-1.5681616,-0.11816162,-0.20816162,-0.29816163,0.24183838,1.8918384,0.3718384,0.36183837,0.6218384,-1.6881616,-1.4681616,-1.2881616,-0.58816165,-1.5281616,-1.8181616,-1.7781616,-1.8781617,-1.1881616,-0.4981616,-0.10816162,0.3718384,1.1118383,1.3218384,1.6818384,2.0218384
0.41183838,-0.21816163,-1.8181616,-2.9081616,-3.6181617,-3.8381617,-3.9181616,-3.9281616,-4.1581616,-2.1881616,-1.4181616,-3.8281617,-1.3681617,-2.0281615,-3.0881617,-1.5881616,-1.5681616,-2.1381617,-1.5881616,-1.3081616,0.15183838,-1.9281616,-1.6581616,-1.7781616,-2.2781615,-1.5781616,-1.6781616,-1.7981616,-1.3381616,-1.2281616,-2.0181615,-1.8581616,-1.2281616,-1.2781616,-0.33816162,-0.48816162,-0.17816162,0.3118384,-0.41816163,1.4618384,2.5218384
