wind.json
{"header": {"discipline":0,"disciplineName":"Meteorological products","gribEdition":2,"gribLength":1211,"center":7,"centerName":"US National Weather Service - NCEP(WMC)","subcenter":0,"refTime":"2023-07-01T00:00:00.000Z","significanceOfRT":1,"significanceOfRTName":"Start of forecast","productStatus":0,"productStatusName":"Operational products","productType":1,"productTypeName":"Forecast products","productDefinitionTemplate":0,"productDefinitionTemplateName":"Analysis/forecast at horizontal level/layer at a point in time","parameterCategory":2,"parameterCategoryName":"UnknownDiscipline_0_Category_2","parameterNumber":3,"parameterNumberName":"UnknownParameter_D0_C2_3","parameterUnit":"Unknown","genProcessType":2,"genProcessTypeName":"Forecast","forecastTime":180,"surface1Type":103,"surface1TypeName":"Specified height level above ground","surface1Value":10.0,"surface2Type":255,"surface2TypeName":"Missing","surface2Value":0.0,"gridDefinitionTemplate":0,"gridDefinitionTemplateName":"Latitude_Longitude","numberPoints":688,"shape":6,"shapeName":"Earth spherical with radius of 6,371,229.0 m","gridUnits":"degrees","resolution":48,"winds":"true","scanMode":64,"nx":43,"ny":16,"basicAngle":0,"lo1":45.0,"la1":40.0,"lo2":87.0,"la2":55.0,"dx":1.0,"dy":1.0}, "data":
[rows 0 to 15 of 16, columns 0 to 42 of 43]
4.145828,-0.104172364,-0.104172364,5.5358276,3.6158276,-0.36417237,0.23582764,-0.08417236,1.0558276,-0.77417237,1.3358276,-4.164172,-6.604172,-7.4641724,-6.5241723,-4.5941725,-4.7141724,-3.4941723,-6.4441724,-6.9041724,-6.9441724,-5.5241723,-3.0841722,-5.7841725,-4.7941723,1.1158277,5.6858277,1.6758276,-1.3941723,-0.78417236,-3.7841723,1.6458277,-4.374172,-7.5541725,-5.2941723,-4.164172,-3.7041724,-3.5541723,-2.8741724,-2.7641723,-4.434172,-1.9941723,-2.7841723
-1.5641724,1.1758276,3.0558276,2.1158276,5.835828,2.8058276,-0.96417236,-2.5741723,-2.7641723,-0.48417237,-2.2541723,-4.0641723,-5.2641726,-6.6741724,-6.0241723,-3.3741724,-4.0841722,-4.9841723,-9.294172,-6.6541724,-7.7941723,-4.8241725,-3.0541723,-2.6741724,-0.41417235,-0.99417233,7.855828,1.6258277,2.6458275,2.0758276,-1.0341724,1.6058277,0.94582766,-2.4241724,-0.92417234,-6.624172,-5.2341723,-6.1741724,-7.2941723,-1.2741723,-0.104172364,-2.7241724,4.085828
0.38582763,2.5658276,0.5558276,-4.184172,4.6758275,3.1058276,1.0558276,-2.2441723,-1.3041724,1.1358277,0.075827636,-3.7941723,-7.874172,-9.424172,-6.7341723,-6.164172,-6.374172,-8.414172,-9.104173,-8.664172,-6.8241725,-5.7941723,-8.134172,-2.9841723,-1.9041724,-0.6941724,-0.12417236,-1.9841723,1.5358276,-1.2041724,-0.41417235,-2.9541724,-3.0641723,0.45582762,-1.9441724,0.72582763,-0.23417236,3.3958275,0.53582764,4.065828,2.1558275,3.1358275,-0.31417236
-2.1341724,-2.6741724,1.6558276,1.8058276,-0.9341724,2.2058277,1.4458276,3.0858276,1.6858276,2.2258277,1.2158276,-3.6241724,-5.854172,-8.494172,-8.824172,-11.464172,-9.414172,-8.104173,-8.574172,-7.2941723,-5.6941724,-3.3441725,-2.2241724,-4.914172,-9.624172,-2.3141723,1.5158277,4.125828,7.6558275,11.005828,2.5758276,2.7658277,0.33582765,-2.1041725,1.1658276,2.4358277,2.1658278,1.0858276,-0.20417236,-4.6541724,-3.2941723,0.25582764,-0.6941724
1.3558277,1.2958276,4.1158276,0.95582765,1.5758276,1.0058277,0.32582763,4.1658278,3.5758276,1.1858276,1.0358276,-1.1841724,-2.8541725,-5.9741726,-6.354172,-8.0941725,-10.314173,-10.484173,-7.934172,-6.6341724,-5.9841723,-6.9941726,-4.8241725,2.7558277,-0.6441724,0.18582764,-1.5241723,-3.5141723,-5.6541724,-5.5041723,-4.7941723,-5.394172,-5.914172,-1.7941724,3.4858277,3.7858276,0.6758276,-0.32417238,-1.4141724,0.8558276,-2.6141725,-0.77417237,-5.0941725
2.5858276,2.8658276,1.9058276,2.0258276,1.6358277,-1.9341724,0.29582763,4.7158275,-0.24417236,0.8758276,-0.18417236,-3.1141725,1.8758277,0.7358276,-1.5841724,-5.9041724,-7.3641725,-7.5441723,-6.5941725,-6.1941724,-6.454172,-9.864172,-8.524173,-7.454172,-3.2141724,-3.7741723,-4.5441723,-4.2541723,-6.0241723,-8.934173,-4.9841723,-5.124172,-6.4441724,-7.7441726,-3.7141724,-2.5841722,-0.7541724,2.4758277,-2.6141725,1.6058277,-0.21417236,-1.6241723,-2.3641725
3.0758276,4.105828,5.9658275,4.395828,-0.23417236,-1.8941723,-3.9641724,-5.8141723,-4.5541725,1.5258276,-0.9441724,-2.3541725,-2.4141724,-2.4641724,4.3058276,3.7358277,-7.2541723,-8.174172,-8.644173,-8.394173,-5.434172,-7.2641726,-2.5541723,-2.1641724,-2.9841723,-6.1341724,-5.7541723,-4.374172,1.0758276,-0.8241724,-4.0841722,-3.0041723,-2.6641724,-3.7641723,-5.6541724,-6.0641723,-5.144172,0.30582765,-1.8941723,-6.0541725,-2.9341724,3.4258277,0.7358276
-0.53417236,-0.33417237,-4.454172,2.7858276,5.645828,5.645828,3.6558275,4.605828,3.2958276,1.0358276,-0.014172363,-0.30417237,-1.2641723,-2.4241724,-6.454172,-6.0041723,-6.1541724,-9.394173,-6.3141723,-7.2441726,-9.264173,-3.7641723,-8.834172,-8.314173,-4.6741724,-5.454172,-4.104172,-3.1341724,-3.1441724,-2.3841724,-0.85417235,-3.8241723,-3.7841723,-4.184172,-4.454172,-1.5941724,-6.374172,-5.1541724,-5.3441725,-2.3641725,-2.4841723,-1.4441724,-3.3641725
1.7658277,2.5058277,2.5958276,2.8358276,2.0258276,2.5758276,2.3058276,2.4858277,2.8858275,2.5158277,-0.094172366,-0.21417236,-3.5241723,-4.5041723,-5.0441723,-6.8241725,-4.9041724,-3.4341724,-6.0941725,-8.264173,-3.8241723,-5.854172,-2.0941725,-6.7841725,-6.874172,-7.3341722,-5.7241726,-6.5041723,-5.164172,-7.0941725,-3.9941723,-7.144172,-5.874172,-8.234173,-6.5341725,-6.2441726,-4.9641724,-6.0141726,-4.164172,-1.2041724,1.3158276,0.17582764,-0.08417236
-0.59417236,-0.064172365,0.42582762,2.1558275,1.6858276,5.8658276,4.8858275,2.6058276,2.2258277,0.37582764,-1.2241724,-2.5441723,-2.2441723,-3.1541724,-4.3841724,-4.2641726,-5.954172,-5.9641724,-4.8441725,-2.5141723,-4.7741723,-0.67417234,-3.4141724,-0.97417235,-4.894172,-4.934172,-4.6741724,-4.4241724,-4.184172,-5.7841725,-3.5941725,-5.354172,-4.7441726,-1.6541724,-3.6641724,-2.9641724,-5.104172,-3.6041725,-4.7641726,-3.3241723,-2.6641724,-1.8441724,1.4158276
-3.7441723,-2.2741723,-0.80417234,-0.7541724,-1.4441724,0.75582767,0.8058276,1.3658277,1.1958276,0.64582765,-0.9441724,-0.5741724,-2.2841723,-3.5241723,-3.7241724,-3.8541725,-5.2941723,-5.374172,-5.4641724,-5.0041723,-4.4941726,-5.7241726,-4.854172,-6.6541724,-5.8341722,-5.1141725,-6.5441723,-2.1441724,-7.2841725,-4.6741724,-4.2741723,-1.3641723,-1.5641724,-5.0341725,-4.4441724,-1.4441724,-2.4141724,-3.0041723,-1.6241723,-0.52417237,1.0158277,0.70582765,-0.77417237
0.005827637,-1.4641724,-0.96417236,-1.1841724,0.18582764,-1.7741723,-0.34417236,-0.014172363,-0.20417236,-1.2441723,-1.2941724,0.17582764,-1.7441723,-2.5341723,-3.7341723,-4.5641723,-3.5241723,-4.8141723,-5.0041723,-5.1941724,-5.0241723,-4.2741723,-3.8841724,-4.4841723,-2.5241723,-6.5841722,-5.4441724,-7.2141724,0.91582763,-3.4741724,-4.8841724,-3.8441725,-5.434172,-2.8241723,-3.8741724,0.63582766,-2.2941723,-0.59417236,0.77582765,-0.61417234,-0.83417237,-0.20417236,-0.52417237
0.78582764,-0.28417236,-0.58417237,-1.7241724,0.21582764,0.025827637,-0.38417235,-0.67417234,-1.1141723,-1.5741724,-2.2041724,-2.9241724,0.5558276,-0.07417236,-2.7241724,-2.6041725,-3.5041723,-3.5641723,-4.2241726,-4.3641725,-5.104172,-4.5841722,-5.1541724,-4.4841723,-4.3141723,-4.6941724,-3.8841724,-5.9241724,-6.5041723,-5.2641726,-4.0141726,-4.2941723,-2.8841724,-3.2641723,-6.0841722,-1.4241724,-0.91417235,-0.53417236,0.50582767,-0.8141724,0.51582766,2.1158276,0.8658276
2.6458275,1.7858276,2.2258277,1.8858277,2.3958275,1.4858277,1.4558276,0.26582763,-1.0141723,-1.6541724,-3.0641723,-2.5941725,-0.13417237,1.1458277,0.58582765,-1.9141724,-3.1241724,-3.5541723,-4.5741725,-5.5041723,-2.4041724,-2.9241724,-4.1541724,-4.7241726,-5.7641726,-4.5541725,-5.914172,-5.3141723,-5.7141724,-7.7841725,-3.9841723,-4.5741725,-4.5741725,-2.0941725,-3.6241724,-3.7341723,2.6358275,-0.80417234,2.9458277,1.5258276,1.4258276,-0.80417234,1.9358276
3.0458276,2.5358276,1.1758276,1.7958276,1.7858276,4.2458277,2.9958277,0.15582764,1.2558277,-0.59417236,-1.4241724,-2.2541723,-1.7241724,-0.77417237,2.7558277,2.1658278,-0.23417236,-3.5141723,-3.2141724,-3.8741724,-4.854172,-4.8441725,-4.5241723,-4.664172,-3.5841722,-3.8641725,-4.914172,-5.0541725,-2.8141723,-3.8641725,-4.0841722,-3.8841724,-6.5741725,-1.7741723,-3.7341723,-2.7141724,-2.1741724,1.0358276,2.5258276,2.6458275,1.1758276,0.76582766,3.2858276
4.1358275,2.6158276,1.0358276,2.9658277,2.9158278,-1.5441724,-2.4141724,4.9458275,0.09582764,2.5258276,1.5758276,-0.6941724,-1.2841724,0.20582764,-1.9241724,-2.0141723,-2.0841722,-1.5941724,-2.3741724,-3.6241724,-4.3141723,-3.8541725,-3.8141723,-3.8141723,-3.6841724,-3.9141724,-4.394172,-5.604172,-5.5541725,-5.8041725,-4.414172,-4.0341725,-4.874172,-1.9941723,-0.5741724,-2.1941724,2.2358277,-0.7041724,-0.8941724,-3.4941723,1.3058276,2.3458276,1.7358277
