wind_kz.json
{"header": {"discipline":0,"disciplineName":"Meteorological products","gribEdition":2,"gribLength":871,"center":7,"centerName":"US National Weather Service - NCEP(WMC)","subcenter":0,"refTime":"2023-08-26T00:00:00.000Z","significanceOfRT":1,"significanceOfRTName":"Start of forecast","productStatus":0,"productStatusName":"Operational products","productType":1,"productTypeName":"Forecast products","productDefinitionTemplate":0,"productDefinitionTemplateName":"Analysis/forecast at horizontal level/layer at a point in time","parameterCategory":0,"parameterCategoryName":"UnknownDiscipline_0_Category_0","parameterNumber":0,"parameterNumberName":"UnknownParameter_D0_C0_0","parameterUnit":"Unknown","genProcessType":2,"genProcessTypeName":"Forecast","forecastTime":240,"surface1Type":1,"surface1TypeName":"Ground or water surface","surface1Value":0.0,"surface2Type":255,"surface2TypeName":"Missing","surface2Value":0.0,"gridDefinitionTemplate":0,"gridDefinitionTemplateName":"Latitude_Longitude","numberPoints":615,"shape":6,"shapeName":"Earth spherical with radius of 6,371,229.0 m","gridUnits":"degrees","resolution":48,"winds":"true","scanMode":64,"nx":41,"ny":15,"basicAngle":0,"lo1":47.0,"la1":41.0,"lo2":87.0,"la2":55.0,"dx":1.0,"dy":1.0}, "data":
[rows 0 to 14 of 15, columns 0 to 40 of 41]
294.20078,286.9008,290.70078,298.5008,298.30078,297.60077,297.20078,297.10077,295.20078,294.9008,292.9008,293.70078,292.70078,292.0008,291.20078,289.0008,290.0008,290.0008,289.5008,289.5008,288.80078,285.80078,284.10077,284.0008,286.60077,288.5008,287.0008,273.80078,273.5008,273.5008,273.9008,275.9008,288.60077,295.70078,295.80078,296.5008,297.4008,296.70078,296.9008,296.4008,295.4008
277.60077,290.80078,298.30078,298.5008,298.60077,297.4008,295.10077,294.30078,292.10077,291.60077,291.70078,290.4008,289.30078,288.20078,288.5008,288.80078,289.9008,288.30078,288.5008,289.80078,291.9008,288.80078,286.4008,280.4008,271.20078,271.9008,281.30078,274.20078,274.0008,270.60077,277.80078,271.10077,277.60077,255.70078,276.80078,292.30078,291.80078,292.4008,298.30078,288.5008,284.0008
290.60077,298.0008,298.80078,298.70078,297.30078,294.80078,293.80078,292.10077,291.10077,290.4008,289.20078,289.5008,287.10077,287.80078,288.10077,286.60077,286.60077,286.60077,286.20078,286.4008,286.80078,287.70078,288.80078,283.30078,284.20078,283.70078,285.80078,285.0008,282.70078,276.5008,270.80078,272.0008,277.5008,280.5008,280.4008,280.0008,274.70078,279.10077,279.70078,277.10077,274.5008
293.4008,298.4008,298.60077,297.80078,295.5008,293.4008,292.4008,291.80078,291.10077,290.70078,290.4008,289.10077,294.5008,293.70078,287.10077,287.60077,289.10077,288.80078,287.10077,287.30078,287.20078,282.4008,287.9008,288.10077,288.70078,288.70078,288.60077,286.70078,289.10077,291.10077,291.9008,285.80078,290.9008,287.70078,288.10077,281.9008,275.10077,275.0008,278.5008,287.60077,291.10077
294.20078,297.60077,298.10077,297.80078,295.80078,292.70078,292.70078,291.70078,291.4008,291.9008,291.10077,289.60077,294.0008,292.70078,290.60077,288.60077,289.9008,288.30078,285.5008,288.80078,288.5008,288.10077,286.5008,287.30078,287.5008,287.30078,286.0008,288.30078,286.9008,287.5008,291.70078,291.4008,278.60077,273.10077,279.70078,288.4008,292.0008,292.0008,293.20078,294.0008,294.80078
292.20078,290.20078,295.70078,296.4008,297.5008,296.60077,293.0008,294.0008,292.70078,292.30078,292.4008,291.0008,293.0008,293.70078,291.0008,288.9008,290.60077,288.5008,287.80078,287.60077,287.30078,285.60077,284.60077,284.20078,283.70078,284.5008,284.10077,292.30078,288.5008,289.30078,288.60077,289.70078,288.30078,290.70078,287.20078,289.4008,280.9008,284.5008,289.10077,293.20078,293.20078
290.4008,289.30078,289.80078,291.20078,292.9008,291.10077,292.4008,292.5008,292.60077,292.70078,290.60077,289.5008,288.80078,288.80078,288.30078,289.4008,288.60077,288.80078,287.30078,284.9008,283.9008,284.9008,285.0008,284.60077,282.9008,283.10077,283.5008,285.30078,285.10077,287.4008,286.80078,287.60077,290.5008,290.5008,287.70078,285.20078,280.9008,279.5008,277.70078,277.70078,287.9008
290.80078,290.0008,292.9008,293.10077,293.10077,293.4008,292.10077,291.4008,289.60077,289.4008,288.10077,287.20078,286.80078,287.80078,287.70078,287.5008,287.20078,287.10077,286.5008,283.10077,282.30078,282.4008,282.70078,282.70078,282.10077,279.80078,280.20078,281.0008,280.70078,283.30078,284.10077,285.20078,285.10077,283.9008,286.80078,285.70078,286.9008,289.4008,285.80078,290.0008,287.0008
290.10077,289.60077,292.5008,291.0008,291.80078,290.60077,287.30078,288.30078,287.30078,287.20078,285.5008,285.0008,283.70078,285.5008,286.20078,285.60077,284.5008,284.60077,283.70078,281.70078,279.5008,280.5008,281.80078,281.70078,280.0008,280.20078,278.60077,280.30078,279.10077,278.9008,279.70078,282.60077,285.0008,286.10077,285.20078,286.5008,281.9008,282.5008,272.10077,275.9008,275.60077
287.80078,288.60077,288.20078,288.30078,289.0008,288.0008,286.80078,286.60077,287.0008,286.30078,285.30078,283.5008,284.20078,283.4008,283.5008,283.4008,282.80078,282.20078,281.4008,282.10077,282.30078,283.9008,282.5008,281.70078,281.30078,283.10077,282.70078,282.0008,281.70078,280.60077,279.5008,282.9008,286.0008,286.10077,285.80078,283.20078,283.30078,280.9008,273.80078,276.80078,275.10077
288.60077,287.10077,287.60077,287.80078,286.20078,286.4008,286.0008,284.80078,284.20078,284.10077,283.70078,283.60077,284.20078,283.60077,287.20078,282.70078,282.30078,282.60077,283.0008,285.0008,285.30078,284.5008,284.0008,284.0008,281.0008,282.70078,282.30078,283.80078,281.60077,281.70078,282.70078,283.30078,283.4008,284.30078,284.5008,284.30078,281.20078,276.30078,276.80078,278.20078,276.10077
286.10077,285.9008,286.10077,286.0008,285.0008,284.70078,283.80078,283.80078,284.10077,282.30078,279.80078,282.4008,283.9008,285.60077,285.60077,282.80078,285.80078,285.9008,285.10077,285.0008,284.5008,283.9008,281.70078,281.30078,281.80078,282.0008,284.30078,284.70078,285.30078,285.20078,282.5008,282.4008,284.20078,284.5008,285.4008,284.70078,284.70078,283.80078,282.60077,281.5008,283.30078
285.60077,284.10077,284.5008,285.10077,285.30078,284.9008,283.80078,282.70078,280.9008,279.9008,279.4008,278.9008,281.80078,282.20078,282.80078,282.9008,285.5008,285.5008,283.5008,283.5008,284.80078,283.9008,281.9008,282.60077,282.5008,284.5008,286.0008,285.5008,285.10077,285.20078,285.10077,285.30078,285.10077,286.10077,285.9008,281.60077,284.30078,287.9008,285.70078,282.80078,283.80078
287.60077,284.5008,287.80078,286.30078,284.9008,284.0008,283.30078,283.0008,282.10077,281.0008,280.10077,278.20078,279.0008,280.9008,281.80078,281.5008,282.10077,282.10077,281.70078,282.30078,282.9008,283.0008,283.60077,282.80078,284.9008,284.30078,285.4008,284.4008,284.80078,282.60077,284.9008,284.20078,284.70078,284.20078,282.4008,282.5008,283.30078,285.20078,285.30078,283.10077,283.60077
284.4008,285.20078,289.70078,286.30078,289.30078,288.20078,284.30078,282.30078,283.0008,280.9008,280.30078,278.0008,279.0008,279.10077,280.5008,280.9008,280.4008,280.10077,280.9008,281.20078,281.80078,282.10077,283.10077,281.80078,283.70078,284.30078,284.5008,283.60077,284.0008,284.30078,284.80078,284.30078,281.70078,280.70078,285.4008,283.30078,284.30078,286.70078,284.10077,284.0008,283.60077
