wind_kz.json
{"header": {"discipline":0,"disciplineName":"Meteorological products","gribEdition":2,"gribLength":1102,"center":7,"centerName":"US National Weather Service - NCEP(WMC)","subcenter":0,"refTime":"2025-04-05T12:00:00.000Z","significanceOfRT":1,"significanceOfRTName":"Start of forecast","productStatus":0,"productStatusName":"Operational products","productType":1,"productTypeName":"Forecast products","productDefinitionTemplate":0,"productDefinitionTemplateName":"Analysis/forecast at horizontal level/layer at a point in time","parameterCategory":2,"parameterCategoryName":"UnknownDiscipline_0_Category_2","parameterNumber":3,"parameterNumberName":"UnknownParameter_D0_C2_3","parameterUnit":"Unknown","genProcessType":2,"genProcessTypeName":"Forecast","forecastTime":120,"surface1Type":103,"surface1TypeName":"Specified height level above ground","surface1Value":10.0,"surface2Type":255,"surface2TypeName":"Missing","surface2Value":0.0,"gridDefinitionTemplate":0,"gridDefinitionTemplateName":"Latitude_Longitude","numberPoints":615,"shape":6,"shapeName":"Earth spherical with radius of 6,371,229.0 m","gridUnits":"degrees","resolution":48,"winds":"true","scanMode":64,"nx":41,"ny":15,"basicAngle":0,"lo1":47.0,"la1":41.0,"lo2":87.0,"la2":55.0,"dx":1.0,"dy":1.0}, "data":
[rows 0 to 14 of 15, columns 0 to 40 of 41]
6.6975975,3.3575976,-4.452402,-11.162402,-11.362402,-11.132402,-7.1924024,-5.1924024,-2.0424023,-5.182402,5.2575974,7.5775976,7.2775974,7.0375977,6.2275977,3.7975976,2.6675978,0.35759765,-1.1724024,0.26759765,0.6975977,-1.3524023,-2.3124022,1.8775977,1.6575977,1.9575976,0.80759764,0.53759766,-1.2624023,-1.1224023,-2.5724022,1.5075977,-2.5224023,-1.2424023,-3.0624022,-5.892402,-5.9724026,-6.5424023,-3.7324023,1.5275977,-2.6824024
5.587598,-2.2024024,-7.4424024,-9.242402,-10.192402,-9.902402,-5.9224024,2.3975976,-2.9824023,-3.7724023,1.7975976,6.667598,7.7275977,7.1575975,6.337598,5.417598,3.5675976,1.4275976,1.5575976,-0.29240236,-0.30240235,-3.1924024,-1.8024024,-1.7424023,-0.37240234,2.9075975,1.2775977,2.3275976,2.3875976,1.1975976,-0.64240235,-1.3324023,-1.7124023,-3.6024024,-0.38240233,-0.56240237,-1.0624024,-0.11240234,-5.6324024,-1.8824023,1.8275976
-2.1624024,-4.9924026,-7.2624025,-8.112402,-9.322402,-6.8824024,-3.6524024,-1.5624024,-1.4924023,0.42759764,1.1975976,7.337598,8.047598,8.377598,7.5375977,6.4275975,5.4575977,3.6575975,2.8175976,1.7075976,-0.43240234,-2.1524024,-0.76240236,-0.78240234,-2.8824024,-1.1624024,-0.8624023,-2.6624024,0.99759763,-2.4624023,-0.36240235,1.3575977,-2.7224023,-2.2724023,-2.2024024,-1.6224023,-1.5024023,0.72759765,0.7575977,-0.9224023,-2.7624023
-4.2224026,-5.5724025,-5.702402,-5.8124022,-5.2724023,-5.852402,-6.452402,-4.162402,0.057597656,0.74759763,-2.9924023,6.9475975,5.9675975,5.7575974,8.727597,6.9875975,6.3275976,4.9475975,4.2675977,1.7075976,0.90759766,-1.5624024,1.2975976,-0.71240234,-2.1224024,-3.0424023,-2.6224024,-3.0524023,-2.5224023,-2.3424025,-3.6324024,-1.3724023,1.9675976,-1.0024023,1.7775977,1.3375976,2.0675976,0.36759767,-0.65240234,2.1375976,-1.9624023
-4.3224025,-5.2524023,-4.0924025,-4.7724023,-4.0024023,-4.642402,-4.9024024,-4.452402,-2.5824022,2.0475976,2.3375976,7.3475976,5.5375977,5.797598,5.1975975,7.2275977,7.5575976,5.2175975,3.1275976,1.8175976,3.6975977,2.5875976,2.4175978,0.84759766,-0.20240234,-1.7324023,-4.7124023,-3.0324023,-2.5024023,-3.6924024,-4.2724023,-4.7524023,-1.7924024,0.5675976,-0.09240235,0.87759763,1.4475976,0.7575977,3.4275978,2.8175976,-0.5424023
-4.452402,-4.602402,-5.102402,-4.6124024,-5.0224023,-4.4924026,-2.3724024,-1.8124024,0.73759764,3.2875977,2.4575977,7.547598,4.4975977,7.2075977,8.957598,7.5075974,7.8475976,6.4875975,6.377598,4.9775977,5.587598,5.0975976,3.7875977,2.3275976,1.5575976,0.48759764,-1.2824024,-4.332402,-2.1724024,-2.3724024,-3.0824022,-4.2624025,-4.3824024,-2.2424023,-0.87240237,-1.0524024,0.037597656,-1.5124023,-2.6324024,-0.43240234,1.2975976
-3.3624024,-4.0524025,-4.662402,-3.9624023,-4.412402,-5.2324023,-3.8524024,-1.1224023,3.1875978,5.3475976,4.8875976,7.3475976,10.157598,9.867598,8.287598,10.087598,9.127598,8.807598,7.5575976,7.0275974,5.9975977,5.4575977,4.7175975,3.9575977,3.5575976,1.5975976,0.19759765,-0.56240237,-1.8924023,-3.0224023,-3.9424024,-4.182402,-5.1124024,-2.4024024,-0.09240235,1.9275976,1.6275977,-1.6324023,-1.3024024,3.4575977,-3.9224024
-2.6324024,-4.0724025,-5.4224024,-6.0024023,-6.0324025,-6.0224023,-4.6924024,-0.6824024,3.1475976,7.607598,9.4475975,8.6975975,9.337598,10.277597,9.487597,10.227597,9.557598,8.937597,8.067597,8.217598,7.1375976,5.9275975,5.2175975,4.9475975,3.9575977,3.2075977,1.9075977,0.057597656,-0.75240237,-2.0224023,-2.5524023,-2.9324024,-4.2624025,-4.432402,-3.1024024,-2.3224022,-0.102402344,0.15759766,0.16759765,0.93759763,-0.27240235
-3.2324023,-3.8124022,-5.5024023,-7.2724023,-6.2624025,-6.3124022,-4.5624022,-0.69240236,4.3875976,7.627598,12.047598,10.577598,9.107597,9.267597,10.177598,8.407598,9.537598,9.977597,8.977597,8.4475975,7.797598,7.107598,6.6175976,5.7175975,5.147598,3.2275977,2.2275977,2.1175976,0.60759765,-0.9824023,-0.11240234,-0.81240237,-1.6524024,-3.4924023,-4.2724023,-4.852402,0.61759764,-2.6424024,-3.2224023,-2.5024023,-3.5224023
-2.2724023,-4.3224025,-5.8824024,-6.0224023,-7.0424023,-7.082402,-6.7724023,-2.9824023,7.1175976,7.7375975,12.497598,13.637598,12.727597,9.547598,10.147597,10.627598,10.717598,10.267597,8.937597,8.267597,7.3675976,7.2575974,6.2175975,5.4275975,4.6175976,3.8375976,2.9975977,1.9075977,1.9175977,0.86759764,-0.59240234,0.17759766,0.017597657,-1.4424024,-1.7424023,-2.8424025,0.18759766,1.4675976,-1.3124024,-1.5524024,-1.2424023
-2.6424024,-5.2424026,-6.372402,-7.7924023,-6.0924025,-8.882402,-7.9424024,-6.4824023,7.2675977,10.677598,11.357597,14.397597,16.957598,14.677598,10.027597,10.737597,11.517597,11.297598,9.807598,9.047598,7.4975977,7.0975976,6.5575976,6.0575976,4.167598,3.6175976,2.8675976,2.9775977,2.9975977,2.7175977,2.1975977,1.6275977,1.2775977,0.027597656,-1.6324023,-2.5124023,-1.7024024,-1.4224024,-1.5324024,-1.1624024,-0.34240234
-3.2124023,-4.202402,-5.4824023,-6.7124023,-7.5124025,-9.152402,-11.102403,-8.822402,4.5775976,10.6975975,7.647598,12.227597,13.017597,15.647597,11.387598,11.517597,11.817597,11.397597,10.517597,9.487597,8.147597,7.4375978,7.167598,6.2275977,5.607598,4.067598,3.6175976,1.8175976,2.3775976,2.6775978,3.0275977,3.4775977,2.6775978,1.0375977,1.6675977,-0.27240235,-0.9924023,-1.8924023,-1.1524024,-1.4624023,-1.1324023
-2.7824023,-3.5824022,-4.8824024,-5.6924024,-5.3824024,-5.3424025,-8.652402,-11.512403,-11.522403,-3.6324024,5.6375976,7.9475975,11.917598,12.077598,10.677598,10.637598,10.847598,10.787598,9.377598,9.327598,9.037598,8.567597,7.4675975,7.2075977,6.7875977,6.107598,4.4475975,3.0875976,1.8975977,2.7275977,3.4175978,3.2575977,3.4175978,1.4975977,1.7575977,1.9875977,1.6375977,1.0875976,1.5375977,0.99759763,-0.62240237
-2.9124024,-3.6324024,-4.3624024,-5.202402,-5.5024023,-5.6324024,-6.7224026,-8.762403,-10.022403,-9.622402,-0.17240234,0.99759763,-1.2124023,3.5275977,-0.5524023,6.7175975,9.087598,8.807598,9.177598,8.407598,8.1975975,7.6175976,7.357598,6.8075976,5.377598,3.8275976,3.0575976,4.4575977,3.5475976,3.3775976,3.3275976,3.8875976,3.3175976,3.3075976,3.1675978,3.0875976,2.2975976,2.0375977,2.0775976,1.6175977,1.5275977
-0.88240236,-2.3024023,-2.4824023,-3.4924023,-4.0624022,-4.182402,-4.5124025,-5.582402,-6.4424024,-6.9024024,-4.1924024,-4.5124025,-0.23240234,-1.6724024,-1.1224023,-1.8524023,-0.45240235,-0.64240235,-2.3924024,5.7275977,4.897598,4.3875976,4.1775975,4.4475975,4.4775977,4.2775974,5.8675976,5.8675976,4.6575975,2.2075977,3.9175978,4.587598,4.8275976,4.3075976,3.5975976,3.3075976,2.9075975,3.8775976,3.0575976,2.5775976,1.6875976
