wind_kz.json
{"header": {"discipline":0,"disciplineName":"Meteorological products","gribEdition":2,"gribLength":1025,"center":7,"centerName":"US National Weather Service - NCEP(WMC)","subcenter":0,"refTime":"2024-03-19T12:00:00.000Z","significanceOfRT":1,"significanceOfRTName":"Start of forecast","productStatus":0,"productStatusName":"Operational products","productType":1,"productTypeName":"Forecast products","productDefinitionTemplate":0,"productDefinitionTemplateName":"Analysis/forecast at horizontal level/layer at a point in time","parameterCategory":2,"parameterCategoryName":"UnknownDiscipline_0_Category_2","parameterNumber":3,"parameterNumberName":"UnknownParameter_D0_C2_3","parameterUnit":"Unknown","genProcessType":2,"genProcessTypeName":"Forecast","forecastTime":120,"surface1Type":103,"surface1TypeName":"Specified height level above ground","surface1Value":10.0,"surface2Type":255,"surface2TypeName":"Missing","surface2Value":0.0,"gridDefinitionTemplate":0,"gridDefinitionTemplateName":"Latitude_Longitude","numberPoints":615,"shape":6,"shapeName":"Earth spherical with radius of 6,371,229.0 m","gridUnits":"degrees","resolution":48,"winds":"true","scanMode":64,"nx":41,"ny":15,"basicAngle":0,"lo1":47.0,"la1":41.0,"lo2":87.0,"la2":55.0,"dx":1.0,"dy":1.0}, "data":
[rows 0 to 14 of 15, columns 0 to 40 of 41]
2.2065234,0.44652343,-0.99347657,-0.77347654,-0.7934766,-0.69347656,-0.6734766,-0.52347654,1.5465235,1.6465235,1.3565234,0.90652347,0.37652344,-0.07347656,-0.52347654,-0.83347654,-0.29347655,-0.62347656,-1.3234766,-2.6734765,-0.96347654,-1.5634766,-1.7834766,1.0665234,6.2065234,5.9565234,1.7465234,1.5665234,0.06652344,-2.1234765,-1.8034766,-0.7934766,0.48652345,-0.03347656,-1.7934766,0.5165234,-0.7234766,-0.6634766,-0.49347657,0.43652344,-0.57347655
2.6565235,-1.2534766,-2.3934765,-0.59347653,1.5265235,2.1665235,2.3365235,3.1565235,3.9465234,3.5565233,1.7665235,1.1765234,0.61652344,0.13652344,-1.2434765,-0.8634766,-1.3534765,-0.75347656,0.25652343,-1.5234766,-1.4734765,-1.1134765,0.05652344,1.3265234,1.3165234,0.6365234,0.59652346,0.39652345,-0.83347654,-1.5134766,-1.1734766,-2.5334766,-2.8234766,-3.1234765,-4.4234767,1.5765234,0.28652343,2.9065235,1.7465234,0.30652344,2.0965235
-0.33347657,-1.3634765,-2.7834766,0.60652345,2.7565234,4.6365232,4.0965233,5.2865233,5.7665234,4.9365234,3.5965235,2.4565234,1.2265234,0.61652344,-0.62347656,-1.1234765,-0.9734766,-0.32347655,-1.3734765,-1.9734765,-2.1934767,-0.9134766,1.2965235,2.8765235,-1.8434765,-2.0134766,-1.7534766,-1.0434766,-1.2734766,0.44652343,-2.5534766,-2.2534766,-0.8534766,-1.9534765,-0.76347655,-0.36347657,-1.8634765,-4.0534763,-0.9734766,0.07652344,-0.10347656
-1.1934766,-2.7334766,-4.1334767,0.66652346,1.8965235,4.6465235,6.156523,6.7665234,5.8365235,4.5765233,3.9165235,0.67652345,-1.4734765,-2.2634766,0.55652344,0.5265234,-0.44347656,-0.45347655,-1.1234765,-2.3234766,-2.6834764,1.0265235,-3.0434766,-1.9134766,-0.07347656,-1.2834766,-2.4134765,0.13652344,-3.5334766,-3.2234766,-2.9234765,-2.1134765,1.3065234,1.2065234,0.62652344,0.87652344,2.1365235,4.1465235,-1.1234765,-1.0334766,-3.3734765
-0.39347658,-3.3834765,-4.5434766,-6.1134768,-2.8834765,0.7165234,-1.1934766,3.2965233,4.426523,3.6265235,2.7065234,2.6065235,2.4765234,1.3865235,-0.03347656,0.46652344,1.6165234,0.78652346,0.016523438,-1.5634766,-2.0734766,-1.7534766,-0.18347657,0.99652344,0.40652344,0.46652344,1.0165235,-2.9934766,-1.8734765,-2.6634765,-2.2034767,-1.1034765,2.3765235,2.4665234,0.74652344,1.4565234,-6.3334765,0.62652344,0.14652343,-0.20347656,-1.7134765
-0.27347657,0.046523437,-0.93347657,-1.5934765,-1.4334766,-1.9734765,0.72652346,2.0465233,2.6765234,1.6665235,2.2865233,2.0065234,2.8965235,2.0465233,0.016523438,0.30652344,0.27652344,0.18652344,1.7565235,-0.38347656,-0.9234766,-0.64347655,-0.9234766,0.086523436,1.0265235,0.56652343,-2.1334765,-0.06347656,-2.1434765,-2.9634767,-3.0834765,-0.8034766,-1.2934766,3.1765234,2.2965233,0.7665234,-0.26347655,-1.7534766,-2.3234766,4.6665235,0.05652344
1.5565234,0.6965234,0.28652343,2.6365235,2.1365235,2.1265235,1.0465235,0.7065234,0.7665234,1.0565234,1.2865235,0.5765234,1.8165234,1.2565235,2.2465234,1.6265235,-0.23347656,-0.40347657,0.48652345,0.26652345,0.36652344,0.34652343,-0.95347655,-3.4734766,0.0065234373,0.55652344,0.35652342,0.6365234,-1.2634766,-1.5434766,-2.1934767,-2.6734765,-2.0234766,-1.6334766,0.11652344,-1.7134765,0.61652344,2.0165234,-1.7734766,-1.0534766,-4.6134768
-0.15347657,0.19652344,1.3865235,2.4665234,3.0565233,1.3065234,-0.6134766,-1.0534766,-0.7234766,-0.30347657,-0.33347657,0.28652343,-0.43347657,1.0865234,0.42652345,0.93652344,0.93652344,0.18652344,0.48652345,0.7765234,1.0765234,0.53652346,3.1565235,2.9465234,4.4965234,3.0965235,2.2765234,1.5365235,0.66652346,1.3065234,0.78652346,1.5865234,-0.07347656,2.1565235,2.0265234,0.98652345,1.0865234,-0.31347656,0.99652344,0.8865234,0.56652343
0.80652344,0.05652344,-0.27347657,0.046523437,0.49652344,0.03652344,0.086523436,-0.38347656,-2.0534766,-0.5434766,-0.70347655,-1.0034766,-0.06347656,-0.49347657,-1.1534766,-0.9734766,0.6365234,1.1365235,1.2365234,1.9465234,1.0065235,2.2165234,1.5965234,2.7565234,2.7165234,1.7565235,1.6965234,2.3165236,2.7765234,1.1265235,2.7865233,3.5065234,3.4965234,2.3365235,4.7565236,2.5965235,1.3265234,0.98652345,0.26652345,0.44652343,1.8665234
1.1165234,0.6365234,-0.30347657,-0.39347658,-0.6034766,-1.7734766,-1.4534765,0.55652344,0.8365234,1.0065235,0.6365234,0.6965234,1.3865235,0.53652346,1.4365234,1.6565235,2.7665234,2.8965235,2.3365235,2.9565234,3.4565234,3.4865234,2.7765234,3.3465235,4.1065235,4.0765233,4.6365232,4.6165233,3.6065235,3.7065234,3.2665234,3.1965234,1.5165235,2.2265234,3.7965233,2.8265235,1.4365234,0.99652344,1.5965234,1.8165234,0.65652347
1.1965234,1.0365235,0.90652347,1.7465234,1.2465234,1.1465235,2.2665234,2.5165234,2.2565234,2.3565235,2.6165235,2.2265234,1.0965234,2.0565233,1.7165234,2.8165236,3.3965235,3.9665234,5.0565233,5.2165236,5.176523,4.676523,4.3765235,5.1265235,4.9965234,5.4165235,5.2265234,5.6065235,4.926523,3.3165236,4.5365233,4.7465234,2.7665234,3.9365234,4.6165233,3.5565233,3.6865234,2.3265235,3.8265235,1.4765234,0.61652344
1.0865234,2.3065233,2.0065234,1.9365234,1.7865235,2.3065233,2.2765234,2.2765234,2.2365234,2.1865234,1.9765234,0.80652344,2.4065235,3.0365233,2.6365235,3.6165235,4.1665235,4.2965236,5.7965236,6.1465235,5.7765236,5.8065233,5.5165234,5.6865234,5.8265233,5.9165235,7.2965236,6.0365233,4.9865236,3.7765234,3.5465233,5.0365233,4.9965234,3.9665234,3.8665235,6.4765234,6.7765236,3.7465234,1.0665234,1.1165234,-0.59347653
1.3265234,1.8865235,2.7565234,1.5965234,1.7065234,1.0565234,1.6965234,2.3165236,1.8965235,1.9565234,1.8165234,1.3065234,0.29652345,0.98652345,2.3765235,2.6265235,2.7865233,3.3465235,3.7065234,4.4965234,5.3065233,5.7665234,5.7665234,6.5965233,7.0065236,6.6465235,6.7965236,5.9865236,6.0665236,5.2365236,5.6365232,5.6965237,5.5765233,5.3365235,4.9965234,5.1065235,5.1265235,3.1665235,3.3965235,2.0465233,1.8365234
1.8965235,1.9165235,1.2565235,1.9165235,1.5465235,1.9265234,2.0865235,2.0065234,1.6765234,1.9065235,0.7065234,-0.69347656,0.5865234,2.2665234,0.5765234,1.7865235,2.4965234,2.9065235,2.7265234,2.9865234,4.1465235,4.1865234,3.6965234,3.2565234,3.9865234,4.7365236,5.6265235,6.7865233,6.2365236,6.5065236,6.426523,6.5765233,6.906523,6.8165236,5.5065236,5.906523,4.9765234,4.7065234,4.6165233,4.4665236,4.4565234
2.3865235,1.8565234,1.4565234,1.6165234,0.9465234,0.81652343,0.096523434,-0.24347657,-0.11347656,0.50652343,1.3265234,2.1165235,0.33652344,-2.5134766,0.34652343,0.0065234373,-0.50347656,-0.14347656,1.7065234,2.4765234,2.8065233,3.4065235,3.7165234,4.0665236,4.3065233,4.426523,5.2665234,5.8965235,6.4465237,6.3865232,6.9765234,7.5265236,6.5265236,6.426523,6.1465235,5.8065233,5.6965237,6.0765233,4.6865234,4.7865233,3.8765235
