wind_kz.json
{"header": {"discipline":0,"disciplineName":"Meteorological products","gribEdition":2,"gribLength":1025,"center":7,"centerName":"US National Weather Service - NCEP(WMC)","subcenter":0,"refTime":"2023-08-24T18:00:00.000Z","significanceOfRT":1,"significanceOfRTName":"Start of forecast","productStatus":0,"productStatusName":"Operational products","productType":1,"productTypeName":"Forecast products","productDefinitionTemplate":0,"productDefinitionTemplateName":"Analysis/forecast at horizontal level/layer at a point in time","parameterCategory":2,"parameterCategoryName":"UnknownDiscipline_0_Category_2","parameterNumber":3,"parameterNumberName":"UnknownParameter_D0_C2_3","parameterUnit":"Unknown","genProcessType":2,"genProcessTypeName":"Forecast","forecastTime":240,"surface1Type":103,"surface1TypeName":"Specified height level above ground","surface1Value":10.0,"surface2Type":255,"surface2TypeName":"Missing","surface2Value":0.0,"gridDefinitionTemplate":0,"gridDefinitionTemplateName":"Latitude_Longitude","numberPoints":615,"shape":6,"shapeName":"Earth spherical with radius of 6,371,229.0 m","gridUnits":"degrees","resolution":48,"winds":"true","scanMode":64,"nx":41,"ny":15,"basicAngle":0,"lo1":47.0,"la1":41.0,"lo2":87.0,"la2":55.0,"dx":1.0,"dy":1.0}, "data":
[rows 0 to 14 of 15, columns 0 to 40 of 41]
2.838775,-2.741225,0.558775,-2.481225,-3.411225,-4.891225,-3.3912249,1.0587751,0.018775024,-0.16122498,0.008775025,-0.751225,-2.421225,-3.661225,-4.371225,-4.411225,-4.641225,-6.971225,-6.091225,-4.991225,-5.571225,0.038775023,-1.171225,-0.30122498,-3.111225,1.288775,-1.741225,1.1887751,0.008775025,1.478775,-3.3912249,-3.811225,0.798775,-9.861225,-6.121225,-4.151225,-2.1412249,-0.43122497,-0.351225,3.008775,0.24877502
3.338775,1.198775,0.28877503,0.70877504,1.268775,-0.49122497,2.008775,1.538775,1.108775,0.878775,-0.25122496,-3.601225,-3.241225,-2.971225,-4.571225,-4.371225,-4.551225,-6.241225,-7.231225,-4.751225,-5.461225,-5.051225,-3.101225,1.478775,0.688775,0.32877502,-1.911225,-0.701225,-1.3112249,0.058775023,1.618775,2.158775,0.508775,-2.181225,-2.171225,-9.381225,-5.651225,-8.681225,-0.17122498,-2.661225,0.798775
2.088775,4.048775,1.9187751,0.27877504,-4.271225,1.538775,1.638775,2.188775,0.728775,0.17877503,-0.59122497,-2.231225,-3.191225,-3.951225,-3.021225,-3.711225,-3.951225,-4.311225,-4.751225,-4.551225,-4.5112247,-4.351225,-4.841225,-3.681225,-2.291225,0.028775025,0.38877502,-0.821225,-0.11122498,1.138775,3.468775,1.638775,0.788775,-1.3212249,-0.051224977,0.13877502,-1.141225,-0.18122497,1.118775,0.508775,-0.571225
2.448775,3.078775,3.888775,-0.37122497,-3.171225,1.4187751,1.9287751,2.648775,2.468775,1.478775,-0.381225,-2.011225,-3.481225,-4.811225,-4.201225,-3.161225,-4.5112247,-4.741225,-4.491225,-4.831225,-4.301225,-4.091225,-1.611225,-2.851225,-3.191225,-3.831225,-3.071225,-3.251225,-2.051225,-2.511225,-2.471225,-3.551225,-0.53122497,2.258775,-0.33122498,-2.711225,0.458775,1.458775,0.38877502,1.008775,1.518775
3.558775,3.718775,3.658775,1.1687751,-2.191225,1.538775,3.068775,3.3587751,4.438775,3.988775,2.078775,0.63877505,-1.761225,-3.101225,-4.961225,0.368775,-1.121225,-3.361225,-3.981225,-4.841225,-5.561225,-4.7612247,-3.811225,-1.341225,-0.54122496,-2.221225,-2.301225,-2.731225,-2.331225,-2.971225,-2.771225,-1.641225,-0.19122498,1.578775,-0.581225,-0.881225,-1.0712249,2.048775,1.288775,-0.41122496,-0.501225
3.438775,2.988775,4.058775,2.668775,0.668775,-0.261225,3.068775,2.318775,2.278775,4.908775,4.398775,3.428775,1.478775,-1.281225,-1.251225,-0.40122497,-0.22122498,-2.041225,-1.8112249,-2.1412249,-4.081225,-3.861225,-4.811225,-5.661225,1.4187751,0.868775,0.23877503,-0.751225,-2.021225,-3.171225,-2.3812249,-3.361225,-2.781225,1.328775,2.768775,1.638775,1.758775,0.44877502,1.208775,-0.031224975,-2.8912249
2.968775,4.598775,5.038775,4.018775,3.398775,1.4287751,2.8687751,2.968775,2.708775,0.988775,3.238775,3.468775,2.578775,1.998775,2.448775,0.43877503,2.248775,2.198775,0.37877503,-0.061224975,0.628775,-0.92122495,-2.701225,-3.361225,-3.901225,-3.691225,-2.8912249,0.40877503,-0.80122495,-2.711225,-1.991225,-2.571225,-2.741225,-4.431225,-1.751225,-2.611225,-3.811225,-2.761225,-1.611225,-0.31122497,-1.051225
-3.8712249,5.888775,6.198775,6.098775,4.258775,3.308775,2.768775,3.578775,2.678775,2.848775,3.1187751,1.9187751,-0.291225,-2.571225,1.898775,1.338775,-0.40122497,-0.30122498,-1.351225,2.308775,0.508775,0.928775,-1.591225,-1.491225,-1.981225,-1.881225,-3.291225,-1.541225,-1.8312249,-1.751225,-0.80122495,-0.33122498,-2.521225,-2.811225,-0.501225,-0.78122497,-1.711225,-1.031225,0.89877504,0.088775024,-1.041225
-3.511225,-3.301225,6.368775,4.318775,5.168775,3.8587751,2.898775,4.048775,2.458775,2.248775,-0.34122497,-2.231225,-1.2012249,-1.971225,-0.651225,-0.08122498,-1.771225,-2.521225,-3.491225,-2.811225,0.12877503,2.288775,0.09877502,-0.931225,-0.30122498,0.18877502,-0.28122497,-0.61122495,-0.581225,-0.46122497,-1.361225,1.478775,1.708775,-0.15122497,-0.961225,0.25877503,-2.981225,-0.47122496,-1.621225,-1.271225,-0.98122495
-2.331225,-3.681225,2.028775,6.048775,6.038775,3.718775,4.008775,3.488775,1.498775,2.658775,1.1687751,0.398775,-1.041225,-1.491225,-1.931225,-1.3212249,-2.781225,-2.481225,-2.421225,-2.991225,-2.8712249,-2.551225,-0.45122498,-1.3312249,-2.531225,-1.511225,1.538775,0.17877503,-0.741225,-1.341225,-1.541225,-0.701225,3.348775,1.868775,-0.43122497,0.868775,-0.011224976,-3.231225,-0.28122497,1.018775,0.538775
-1.131225,-1.621225,-0.54122496,-1.3312249,-0.761225,-0.631225,0.57877505,1.1787751,1.108775,0.918775,0.90877503,0.508775,1.618775,1.098775,-1.8312249,-2.161225,-0.53122497,-0.881225,-1.9512249,-2.511225,-2.711225,-3.711225,-3.6212249,-3.061225,-1.971225,1.128775,-0.25122496,-3.521225,0.668775,0.41877502,-2.541225,-2.851225,1.458775,2.508775,2.3787751,0.89877504,0.32877502,1.588775,0.77877504,0.16877502,-0.21122497
-2.501225,1.648775,2.048775,0.71877503,-0.931225,-0.501225,-0.24122497,1.158775,0.31877503,0.028775025,-0.25122496,-1.551225,1.248775,1.578775,0.46877503,2.138775,1.358775,0.47877502,-0.40122497,-0.36122498,-1.371225,-2.931225,-3.191225,-3.281225,-3.101225,-1.171225,-1.0712249,-2.921225,-3.541225,-2.001225,-1.5712249,-2.991225,-3.191225,1.218775,1.398775,-1.0612249,1.858775,2.8587751,2.6087751,2.1187751,1.138775
-2.401225,-0.931225,-1.791225,2.638775,2.518775,0.758775,0.048775025,0.63877505,1.208775,0.798775,0.24877502,-0.30122498,-1.881225,-1.161225,1.868775,1.898775,2.698775,2.058775,1.658775,0.978775,-0.051224977,-0.72122496,-0.651225,-0.961225,-1.351225,-4.541225,-2.021225,-2.281225,-1.991225,-2.841225,-3.001225,-2.781225,-2.611225,0.94877505,1.028775,1.968775,2.418775,1.898775,2.598775,1.608775,0.628775
1.198775,-0.651225,-2.601225,-4.581225,-0.44122496,2.798775,1.698775,1.858775,1.5587751,1.878775,2.178775,0.16877502,-0.45122498,-0.79122496,1.5587751,-2.231225,-0.67122495,-1.671225,-0.78122497,-1.721225,-1.8212249,-2.151225,-2.801225,-2.401225,-1.901225,-2.041225,-3.101225,-3.091225,-3.3912249,-3.161225,-2.941225,-2.481225,-2.011225,-1.7012249,-0.761225,1.348775,1.368775,2.068775,1.578775,1.908775,1.6687751
1.498775,0.568775,-0.511225,-4.571225,-3.3912249,1.948775,1.898775,1.628775,0.25877503,-2.341225,0.058775023,-0.381225,1.648775,-2.111225,-2.331225,-2.231225,-1.511225,-2.061225,-2.461225,-1.891225,-2.551225,-3.321225,-3.091225,-3.301225,-3.691225,-2.981225,-3.341225,-4.101225,-3.601225,-3.971225,-4.061225,-2.441225,-1.761225,-0.041224975,-0.811225,0.668775,1.228775,1.6887751,1.838775,3.998775,1.088775
