wind_kz.json
{"header": {"discipline":0,"disciplineName":"Meteorological products","gribEdition":2,"gribLength":1025,"center":7,"centerName":"US National Weather Service - NCEP(WMC)","subcenter":0,"refTime":"2024-04-06T18:00:00.000Z","significanceOfRT":1,"significanceOfRTName":"Start of forecast","productStatus":0,"productStatusName":"Operational products","productType":1,"productTypeName":"Forecast products","productDefinitionTemplate":0,"productDefinitionTemplateName":"Analysis/forecast at horizontal level/layer at a point in time","parameterCategory":2,"parameterCategoryName":"UnknownDiscipline_0_Category_2","parameterNumber":3,"parameterNumberName":"UnknownParameter_D0_C2_3","parameterUnit":"Unknown","genProcessType":2,"genProcessTypeName":"Forecast","forecastTime":120,"surface1Type":103,"surface1TypeName":"Specified height level above ground","surface1Value":10.0,"surface2Type":255,"surface2TypeName":"Missing","surface2Value":0.0,"gridDefinitionTemplate":0,"gridDefinitionTemplateName":"Latitude_Longitude","numberPoints":615,"shape":6,"shapeName":"Earth spherical with radius of 6,371,229.0 m","gridUnits":"degrees","resolution":48,"winds":"true","scanMode":64,"nx":41,"ny":15,"basicAngle":0,"lo1":47.0,"la1":41.0,"lo2":87.0,"la2":55.0,"dx":1.0,"dy":1.0}, "data":
[rows 0 to 14 of 15, columns 0 to 40 of 41]
0.43519044,-1.3048096,-1.7548096,-10.01481,-10.424809,-1.9848095,0.21519043,-6.2648096,-7.7848096,-7.3448095,-7.9048095,-7.2948093,-6.2948093,-6.33481,-6.7148094,-6.1248097,-5.06481,-5.2048097,-6.1348095,-3.4248095,-3.0548096,-3.8148096,-3.0448096,-1.6748096,-1.1048095,-1.7748096,-2.0448096,1.9551904,2.8451905,2.3551905,-2.5948095,-3.3248096,1.9551904,-0.43480957,3.5251904,2.6751904,-1.7048095,2.5451903,-0.23480958,-0.32480958,-2.6448095
-0.51480955,0.67519045,-5.8948097,-6.8448095,-6.6148095,-5.33481,-2.5748096,-3.5348096,-5.9548097,-6.9348097,-7.9948096,-8.32481,-6.58481,-6.4748096,-7.1348095,-5.9748096,-5.7948093,-6.33481,-7.4048095,-6.0348096,-4.1348095,-3.3348095,-1.5648096,1.5651904,-2.8448095,-2.1548095,-3.9148095,1.1251904,1.2251904,1.8651904,5.5051904,4.91519,-1.3448095,-1.5348096,-5.1248097,-0.43480957,-1.6048095,-2.5448096,-1.1748096,-1.1848096,1.0851904
1.4351904,-2.4248095,-5.1248097,-8.51481,-6.2048097,-4.1248097,-3.0948095,-2.3248096,-3.7148097,-5.5248094,-6.1748095,-6.7048097,-7.4448094,-7.9248095,-8.09481,-8.57481,-7.6148095,-7.9348097,-7.3448095,-8.94481,-7.1748095,-2.9748096,-5.2948093,-1.6948096,-0.7148096,-0.8548096,-1.1048095,-0.45480958,-0.01480957,0.21519043,2.3551905,1.1151904,-0.27480957,-0.9848096,-0.5348096,2.3451905,4.1951904,-1.4148096,0.13519043,0.14519043,1.4651904
-0.6648096,-3.2248096,-5.0948095,-6.2648096,-7.2348094,-3.4848096,0.48519042,-0.70480955,-1.7748096,-3.7948096,-5.4848094,-7.5548096,-8.35481,-8.924809,-7.5248094,-7.8648095,-7.2648096,-6.6448097,-6.9948096,-8.11481,-8.09481,-5.7148094,-5.2148094,-8.01481,-7.08481,-2.5448096,-3.0548096,-3.1548095,-2.5248096,-3.1548095,-3.8548095,-3.5348096,-1.9648095,2.1651905,0.74519044,-1.3548095,0.27519044,3.7551904,5.0451903,0.91519046,2.2151904
-0.15480956,-2.1148095,-3.5748096,-5.1548095,-5.3748097,-4.0448093,-1.0848095,0.67519045,-0.21480957,-1.8348095,-3.2548096,-4.4148097,-6.8748097,-7.7048097,-8.004809,-7.4048095,-7.83481,-5.8548098,-5.4448094,-6.6448097,-6.9648094,-8.464809,-9.124809,-8.93481,-8.43481,-4.3748097,-4.1348095,-5.7548094,-5.3848095,-4.7848096,-5.3548098,-2.8348095,2.4351904,3.9251904,-0.14480957,-1.3048096,-4.1848097,-0.63480955,-1.8348095,-3.1148095,-3.4848096
2.1951904,0.03519043,-2.1548095,-4.6148095,-4.6448097,-2.7048097,-0.08480957,-0.47480956,-0.07480957,-0.41480958,-1.0348096,-2.4448097,-4.3748097,-6.0448093,-5.9448094,-5.9748096,-7.0148096,-7.1948094,-3.0948095,-4.4448094,-5.9548097,-6.4548097,-7.3548098,-8.01481,-7.83481,-6.33481,-8.22481,-6.8648095,-6.9148097,-6.7048097,-5.7048097,-2.2448096,-5.9048095,-5.4148097,-1.2448096,-3.9348097,-0.6648096,-2.2348096,-3.8448095,-2.2948096,-5.2848096
-1.4448096,-1.4248096,-1.9648095,-3.1548095,-4.5048094,-4.5548096,1.4851904,2.4051905,0.7051904,0.56519043,-0.20480958,-1.0748096,-2.8148096,-4.0548096,-4.9748096,-6.2448096,-5.58481,-6.6648097,-3.3348095,-3.6648095,-5.4348097,-6.4948096,-6.08481,-6.2548094,-6.4548097,-6.6448097,-7.6748095,-9.39481,-6.9548097,-6.6048098,-5.5548096,-5.8848095,-6.9848094,-8.10481,-1.7748096,-0.94480956,0.54519045,0.8451904,0.04519043,3.2451904,-2.4948096
-0.16480957,-0.70480955,-1.5548096,-2.1148095,-2.6748095,-3.4848096,-2.5948095,0.93519044,2.8751905,1.8451904,1.1451905,-0.7948096,-1.9348096,-2.5548096,-2.9348097,-4.3448095,-5.4348097,-4.56481,-4.2548094,-3.3148096,-4.1048098,-5.4248095,-6.31481,-5.5748096,-4.9148097,-5.6148095,-6.7848096,-8.32481,-8.84481,-4.9448094,-3.6848097,-4.5348096,-5.4648094,-7.3048096,-4.0948095,-4.7248096,-2.6548095,0.46519044,0.19519043,0.38519043,-1.0648096
0.05519043,-0.35480958,-0.74480957,-1.3148096,-1.8548095,-2.6248095,-2.7248096,-2.5048096,-2.1148095,1.3051904,1.5951904,0.8251904,-1.2248095,-1.2048095,-1.4948096,-1.8548095,-2.3148096,-2.9248095,-3.2648096,-1.7748096,-1.5148096,-2.6148095,-2.8648095,-2.6148095,-4.2148094,-4.3748097,-4.06481,-5.0248094,-6.7748094,-5.5348096,-7.33481,-6.8048096,-7.2348094,-6.0248094,-5.9548097,-6.2348094,-2.6648095,-2.5648096,-0.21480957,2.0551903,1.6651905
2.2251904,1.7751905,1.6251904,0.06519043,-0.5248096,-1.6548096,-1.8548095,-1.8848096,-2.3648095,-1.1048095,0.14519043,0.92519045,0.24519043,-0.33480957,-0.07480957,-1.1748096,-0.9048096,-2.4148095,-1.9948096,-2.9048095,-2.5848095,-2.7848096,-1.7948096,-0.22480957,-1.2648096,-1.8748096,-2.8848095,-2.2748096,-2.5148096,-3.2448096,-4.4448094,-4.6948094,-4.6048098,-2.4948096,-3.2448096,-4.7848096,-1.5548096,-0.70480955,2.1051905,3.1751904,2.7551904
3.3051903,3.2051904,2.8351905,1.8151904,0.5751904,0.23519044,-0.13480957,-1.1448096,0.8351904,1.1751904,1.3451904,1.0451905,0.9751904,0.22519043,-0.87480956,-1.4848095,-2.1648095,-2.4248095,-2.6948097,-2.7748096,-2.7348096,-2.9048095,-3.1348095,-3.1648095,-2.2448096,-1.8448095,-0.95480955,-1.4948096,-2.0648096,-2.4448097,-2.8748095,-2.9548097,-3.2248096,-3.8448095,-3.9448097,-3.2848096,-2.6548095,-2.4748096,-3.6348095,-3.2248096,-1.5048096
2.8051903,3.4951904,3.0451903,3.4651904,2.9551904,2.1051905,0.9551904,0.98519045,-0.42480958,-0.56480956,1.7351904,2.4351904,3.0351903,2.8051903,2.7351904,1.4051905,0.08519043,-0.9748096,-0.6648096,-1.7448096,-1.7748096,-2.0548096,-2.3948095,-2.4348097,-2.2348096,-1.8848096,-3.8248096,-2.2048097,-2.5248096,-2.8948095,-2.4448097,-2.9348097,-2.0548096,-3.2748096,-2.8248096,-3.6348095,-2.8748095,-2.9548097,-1.6048095,-0.39480957,-0.08480957
3.6351905,3.8751905,3.4051905,3.2251904,3.0151904,2.0251904,1.9051905,2.0151904,2.2651904,1.0151905,0.14519043,0.37519044,1.5951904,2.9851904,3.0551903,2.8251905,1.9651904,1.0851904,-0.5248096,-0.19480957,-1.5148096,-1.3948096,-1.4648095,-1.4048096,-2.0748096,-1.2548096,-3.6148095,-2.1448095,-2.4448097,-2.5548096,-2.3748095,-2.7048097,-3.5348096,-2.7448096,-3.3648095,-4.1748095,-4.33481,-1.5448096,-4.1248097,-4.1348095,-3.0248096
5.7251906,5.4451904,4.6451902,4.6251903,2.8951905,3.2451904,2.8951905,3.1251905,2.6351905,2.9251904,1.9251904,-0.03480957,0.39519042,2.0951905,2.8651905,3.0651903,2.9651904,2.5351903,0.17519043,0.9051904,0.9551904,-0.0048095705,-0.95480955,-1.6448096,-1.0148096,0.66519046,-1.3348095,-1.0548096,-1.8848096,-2.3548095,-2.3848095,-3.2748096,-3.4648097,-3.7148097,-3.6948097,-4.4148097,-4.3748097,-4.1548095,-4.3048096,-3.3948095,-5.6448097
3.5751905,5.5551906,5.16519,6.2851906,5.5251904,4.8451905,4.7251906,4.0751905,3.5051904,3.2151904,2.2251904,2.8551905,1.9851904,0.20519044,1.9051905,1.0151905,2.2451904,3.2751904,2.8151903,1.4151905,1.4451904,0.01519043,-0.5248096,0.93519044,-0.7148096,1.0651904,1.7251904,0.56519043,-0.7948096,-1.4648095,-2.2248096,-3.1648095,-3.2648096,-3.2248096,-3.5248096,-3.9248095,-3.2648096,-4.0948095,-4.3748097,-4.9248095,-3.1048095
