wind_kz.json
{"header": {"discipline":0,"disciplineName":"Meteorological products","gribEdition":2,"gribLength":1025,"center":7,"centerName":"US National Weather Service - NCEP(WMC)","subcenter":0,"refTime":"2023-08-24T00:00:00.000Z","significanceOfRT":1,"significanceOfRTName":"Start of forecast","productStatus":0,"productStatusName":"Operational products","productType":1,"productTypeName":"Forecast products","productDefinitionTemplate":0,"productDefinitionTemplateName":"Analysis/forecast at horizontal level/layer at a point in time","parameterCategory":2,"parameterCategoryName":"UnknownDiscipline_0_Category_2","parameterNumber":3,"parameterNumberName":"UnknownParameter_D0_C2_3","parameterUnit":"Unknown","genProcessType":2,"genProcessTypeName":"Forecast","forecastTime":0,"surface1Type":103,"surface1TypeName":"Specified height level above ground","surface1Value":10.0,"surface2Type":255,"surface2TypeName":"Missing","surface2Value":0.0,"gridDefinitionTemplate":0,"gridDefinitionTemplateName":"Latitude_Longitude","numberPoints":615,"shape":6,"shapeName":"Earth spherical with radius of 6,371,229.0 m","gridUnits":"degrees","resolution":48,"winds":"true","scanMode":64,"nx":41,"ny":15,"basicAngle":0,"lo1":47.0,"la1":41.0,"lo2":87.0,"la2":55.0,"dx":1.0,"dy":1.0}, "data":
[rows 0 to 14 of 15, columns 0 to 40 of 41]
0.0074786376,-2.5225213,2.1074786,-0.7025214,-1.2025213,-3.2625213,-3.1725214,-2.9425213,-3.0125213,-4.6725216,-4.5125213,-3.6225214,-2.1725214,-1.2925214,-1.2825214,-0.50252134,0.22747864,-1.1125214,2.0474787,-1.2225213,-1.7325214,-2.9725213,2.0274787,-0.9525214,-0.85252136,-0.15252136,-0.78252137,1.4874786,1.9674786,-0.99252135,-1.9225214,-1.4025214,2.2574787,0.9874786,-1.2525214,1.3174787,0.39747864,-0.5825214,-0.012521362,-1.6325214,2.5374787
4.0274787,0.95747864,2.6974785,1.0174786,-0.86252135,-3.1825213,-4.5225215,-2.7525213,-3.0325212,-3.6825213,-4.3525214,-4.9725213,-5.7125216,-3.5525215,-1.2925214,-1.2425214,1.4374787,0.6674786,-0.10252136,-1.4925214,-1.6725214,-2.2825212,1.8674786,1.6574787,-1.5725213,-1.5525213,-2.5225213,0.017478637,0.36747864,0.34747863,1.7474786,-0.14252137,-2.0925214,-3.8425214,-2.6425214,-1.4625213,-1.7925214,-2.6725214,-0.0025213624,-1.8325213,0.39747864
-0.54252136,-1.8925214,-0.37252137,-3.1225214,-4.1025214,-3.8125215,-1.8225213,-1.0425214,-3.0725214,-4.1625214,-4.9825215,-3.9425213,-4.402521,-6.5825214,-5.382521,-0.6425214,2.4174786,1.0374787,2.7174788,1.8374786,-0.19252136,-1.1525214,0.9774786,-0.37252137,1.0474787,2.2374787,2.2574787,1.4574786,0.32747865,2.9774787,0.6674786,0.88747865,2.8074787,-1.6725214,-0.30252135,2.3774786,2.7174788,-0.21252136,0.25747862,-1.3025213,-2.3625214
-1.5025214,-1.1825213,-0.36252135,-1.7225213,-1.6825213,0.57747865,-0.7025214,1.0274787,-0.99252135,-1.6525214,-2.3725214,-3.5225213,-6.7425213,-8.232521,-6.9425216,-4.0825214,-0.47252136,1.2974787,3.1274786,3.9974787,1.7074786,1.1074786,0.75747865,-1.1425214,-1.0825213,-1.1925213,1.9974786,2.5374787,2.0374787,2.7274787,2.1274786,-0.99252135,-1.5025214,-0.62252134,-0.27252138,-2.3425214,-1.2625214,1.1474786,2.3874786,2.6974785,1.8574786
-0.86252135,-2.7825212,-3.0125213,-2.8425214,-3.1925213,0.30747864,2.2274787,2.5874786,0.34747863,-0.42252135,-2.3425214,-4.362521,-6.5425215,-6.3325214,-6.1225214,-3.2925215,-2.7325213,-0.34252137,0.32747865,3.2474787,3.6974785,2.9174786,0.29747865,0.057478637,0.31747863,0.95747864,2.5974786,2.3774786,1.2574786,3.4674788,2.5674787,1.2274786,1.8174787,0.17747864,-1.1425214,-1.6025214,1.1774787,0.017478637,0.0074786376,-2.1725214,-0.56252134
0.9174786,-1.5525213,-2.6525214,-4.7525215,-10.172522,0.037478637,3.6974785,2.2074785,0.81747866,-0.41252136,-2.1325214,-2.8325214,-5.3725214,-6.902521,-6.9525213,-4.7625213,-3.0425215,-2.6625214,0.35747865,1.5374787,4.3574786,4.097479,2.1574786,-1.2825214,-0.29252136,3.6074786,3.7274787,3.1874785,3.2674787,3.9874787,1.0074786,2.9474785,1.6174786,1.7674786,2.4374785,1.9774786,3.0774786,1.3974786,0.93747866,-0.46252137,-2.4025214
-1.0025214,-2.2425213,-3.0025213,-1.7125213,-3.7525213,-4.7925215,-0.47252136,0.8674786,-0.56252134,-2.5225213,-3.3625214,-2.4525213,-3.4925213,-5.072521,-3.2125213,-4.3325214,-3.6625214,-4.7225213,-3.6525214,0.40747863,0.83747864,1.9974786,3.1174786,1.0474787,0.82747865,1.7274786,1.8174787,2.2074785,0.6074786,3.2574787,2.9674788,0.9174786,-0.31252137,0.7974786,-0.46252137,-1.5225214,-3.2625213,-1.1325214,-0.49252138,-2.0525215,-0.7725214
-2.3725214,-1.5825213,-2.9225214,-1.6825213,-1.5925213,1.0874786,2.5574787,2.6174786,0.55747867,-1.8025213,-2.1325214,-2.3425214,-2.9725213,-3.4825213,-3.0325212,-3.0925214,-2.5025213,0.6774786,1.7374786,-4.632521,-2.6925213,-1.8825214,0.40747863,1.5974786,3.2274787,2.8174787,3.0074787,3.6074786,2.9274786,3.1174786,2.2774787,1.9874786,0.95747864,0.36747864,1.7674786,1.0574787,-1.8125213,1.3174787,0.44747865,1.5774786,-1.6925213
-2.0025213,-1.9125214,0.99747866,1.4074787,0.41747865,0.04747864,-0.20252137,0.027478637,-1.3425213,-1.6125214,-2.6725214,-2.4225214,-3.3825214,-4.0125213,-4.342521,-4.382521,-1.1525214,-1.1425214,3.0274787,4.9674788,0.017478637,0.9174786,-3.8225214,0.57747865,1.6374786,3.1774786,3.5474787,3.7874787,3.5374787,2.8174787,3.3574786,4.177479,4.427479,4.4174786,2.4174786,0.29747865,-1.8625214,0.057478637,0.93747866,0.13747863,-1.3325213
0.22747864,1.3174787,1.8074787,1.3174787,-0.9525214,0.25747862,-0.10252136,-0.48252136,-1.1025214,-1.6025214,-2.9725213,-2.5225213,-3.4225214,-3.5325212,-5.152521,-6.5425215,-6.7525215,-6.382521,-5.3325214,2.3374786,5.7074785,3.5074787,1.3574786,-0.26252136,1.3974786,0.18747863,2.8174787,-0.47252136,4.347479,3.5074787,3.9474785,4.447479,4.0574784,4.947479,2.5074787,1.1074786,0.33747864,-1.9225214,-1.0025214,1.3074787,2.4474785
1.0774786,0.7274786,-1.1825213,-0.7125214,0.6774786,-0.38252136,-0.17252137,1.6674787,-0.46252137,-1.7425214,-2.0025213,-0.80252135,-2.7525213,-3.2325213,-3.3425214,-5.0425215,-5.902521,-6.5225215,-6.1825213,-6.2525215,1.9874786,2.6574786,2.8474786,3.4074786,2.0374787,3.3674786,-0.21252136,2.5274787,1.9874786,-1.2525214,3.0074787,3.1274786,4.2474785,4.617479,3.8774786,1.7574786,0.65747863,2.2274787,1.5174786,1.7774787,0.33747864
-0.35252136,0.6174786,0.9874786,-0.32252136,-0.6425214,-1.6625214,-0.94252133,-0.98252136,-1.4325213,-0.94252133,-0.54252136,-1.1725214,-2.3725214,-2.3425214,-2.5425215,-2.9925213,-3.7625213,-5.5125213,-5.572521,-6.1825213,-5.342521,-2.5425215,0.69747865,3.9174786,3.8474786,1.6074786,2.5874786,3.6074786,2.3074787,1.0374787,2.9874787,3.7974787,2.9474785,3.2274787,3.1074786,2.6274786,2.4074786,3.5274787,2.6774786,2.3874786,0.94747865
-0.15252136,-0.23252136,-0.85252136,0.24747863,0.28747863,0.037478637,0.35747865,0.6174786,-0.18252136,-0.19252136,0.08747864,-0.69252133,-0.87252134,-1.5725213,-2.7125213,-2.5325212,-1.9625213,-2.6025214,-3.3325214,-3.7625213,-4.4725213,-4.2325215,-3.7225213,-1.2025213,-0.30252135,0.10747864,2.0874786,1.6174786,2.9174786,3.3274786,3.2674787,2.5374787,3.5374787,3.5174787,4.097479,4.0874786,3.1974785,1.4574786,2.2774787,0.6074786,0.36747864
-0.41252136,-1.7525214,-2.0125213,-2.3725214,-1.4525213,-1.4725213,-1.1725214,-1.0125214,-1.2825214,-0.7725214,1.1274786,0.33747864,-0.6425214,-1.0925213,-2.1225214,-3.1125214,-3.2025213,-1.2225213,-1.8725214,-2.5425215,-2.8225214,-3.3425214,-4.6625214,-4.2325215,-4.052521,0.12747864,0.07747864,-0.14252137,2.9974787,3.0074787,4.4674788,4.3974786,4.1474786,4.0174785,2.6374786,3.4874787,2.2874787,1.0974786,0.99747866,1.4174787,0.56747866
-1.3125213,0.44747865,-0.91252136,-0.7025214,-1.4125214,-1.2325214,-1.5025214,-1.5125214,-1.4725213,-1.5825213,-0.69252133,0.22747864,1.0474787,-0.26252136,-1.6025214,-2.0625215,-2.3125215,-2.4625213,-2.6825213,-1.4125214,-1.6925213,-2.4925213,-2.7725213,-3.5525215,-3.7325213,-2.7125213,-0.21252136,1.9374787,0.48747864,4.2174788,4.1874785,4.7274785,3.7374787,3.4374785,3.0174787,3.0374787,2.3774786,2.2574787,1.8874786,1.9874786,0.57747865
