wind_kz.json
{"header": {"discipline":0,"disciplineName":"Meteorological products","gribEdition":2,"gribLength":1025,"center":7,"centerName":"US National Weather Service - NCEP(WMC)","subcenter":0,"refTime":"2023-08-06T18:00:00.000Z","significanceOfRT":1,"significanceOfRTName":"Start of forecast","productStatus":0,"productStatusName":"Operational products","productType":1,"productTypeName":"Forecast products","productDefinitionTemplate":0,"productDefinitionTemplateName":"Analysis/forecast at horizontal level/layer at a point in time","parameterCategory":2,"parameterCategoryName":"UnknownDiscipline_0_Category_2","parameterNumber":2,"parameterNumberName":"UnknownParameter_D0_C2_2","parameterUnit":"Unknown","genProcessType":2,"genProcessTypeName":"Forecast","forecastTime":240,"surface1Type":103,"surface1TypeName":"Specified height level above ground","surface1Value":10.0,"surface2Type":255,"surface2TypeName":"Missing","surface2Value":0.0,"gridDefinitionTemplate":0,"gridDefinitionTemplateName":"Latitude_Longitude","numberPoints":615,"shape":6,"shapeName":"Earth spherical with radius of 6,371,229.0 m","gridUnits":"degrees","resolution":48,"winds":"true","scanMode":64,"nx":41,"ny":15,"basicAngle":0,"lo1":47.0,"la1":41.0,"lo2":87.0,"la2":55.0,"dx":1.0,"dy":1.0}, "data":
[rows 0 to 14 of 15, columns 0 to 40 of 41]
-4.8844085,0.025591431,2.1855915,2.7755914,2.0855913,1.7355914,3.0955915,3.4055915,-2.7144086,1.1355914,-1.3844086,-0.34440857,-0.20440857,1.5255914,-1.9444085,-4.2644086,-2.2144086,-1.2444086,-2.8644085,-0.81440854,-2.0244086,-1.6544086,-1.5544086,-0.79440856,0.7955914,-2.9344087,-3.2044086,0.09559143,0.06559143,0.64559144,-1.3644086,0.7855914,-0.27440858,-0.73440856,-3.0744085,-2.5644085,-2.8344085,-1.8944086,-2.3644085,-1.2544086,-0.40440857
2.5555913,0.7955914,1.4355915,2.1455915,3.3455915,3.2755914,0.8655914,-3.2044086,-1.1044086,0.96559143,-1.9344085,-5.2044086,-4.2544084,-5.8344088,-3.0044086,-3.3744085,-1.8044086,-2.3444085,-1.3144085,0.18559143,0.22559144,-0.48440856,-1.6944085,-2.3444085,-0.8344086,0.75559145,-1.2644086,1.1055914,-4.0944085,-1.6344086,-0.08440857,-0.15440857,-2.0544086,-1.8144085,0.89559144,0.38559142,0.48559144,0.025591431,-0.34440857,1.0255914,-1.2544086
-1.1544086,-1.2244086,-1.1044086,0.19559143,-0.42440856,-4.5144086,-2.9944086,0.19559143,-5.0344086,-5.3544087,-5.3844085,-5.814409,-4.7744083,-4.2044086,-3.0544086,-2.0144086,-1.6344086,0.05559143,0.6055914,1.8055915,1.2355914,2.2255914,0.44559142,-0.86440855,3.0355914,3.5655913,-0.9544086,-0.42440856,-3.0944085,-0.39440858,-0.66440856,1.9155915,0.40559143,-0.6344086,0.6555914,-2.0144086,0.10559143,0.12559143,2.1355915,1.8755914,1.3655914
-2.5544086,-2.3144085,-3.0644085,-3.9044085,-5.0744085,-3.9644086,-1.1444086,-2.0044086,-2.6044085,-1.5244086,-2.7044086,-3.9044085,-4.1044087,-4.2244086,-2.0144086,0.37559143,2.1155915,2.8755915,1.7155914,1.0155914,2.0155914,-0.9644086,3.4955914,1.5955914,3.1055915,0.9155914,-1.7344086,-4.0844088,-1.3444085,-1.2644086,-1.4644085,-2.0944085,0.5455914,-1.9044086,-2.6544085,-2.1744087,-1.5244086,2.5055914,0.88559145,-1.0144086,-1.0644085
-0.93440855,-0.8844086,-2.0544086,-2.1844087,-2.3144085,-1.3344085,0.50559145,1.5755914,1.2555914,2.7055914,1.6755915,1.3955914,1.2455914,1.5755914,0.9255914,3.3255913,3.1455915,2.9455914,2.4055915,2.3555915,3.3255913,0.03559143,1.3655914,0.7355914,1.0955914,1.0755914,0.5555914,-0.40440857,-4.4544086,-3.1144085,-4.0144086,-3.5144086,-2.3844085,1.0255914,0.6155914,1.5655915,-1.4844086,-3.0344086,-3.3644085,-3.7944086,-2.8744085
-3.5144086,-3.6544085,1.7855915,2.5655913,1.9355915,2.7955914,2.4755914,3.1955914,2.8855915,1.7055914,1.5555915,1.9755914,3.4155915,3.1355915,4.2655916,3.7555914,4.9655914,2.8055913,1.8855914,2.9055915,3.3255913,2.2755914,1.4255915,0.09559143,0.43559143,2.0855913,1.0755914,-0.19440857,-1.6944085,-3.2144086,-2.5144086,-2.8044086,-3.7244086,-1.8344085,-0.37440857,-2.9144087,-0.0044085695,-0.18440858,0.87559146,-1.6144086,-3.8444085
-3.0744085,-1.5144086,-0.21440858,-0.73440856,-0.40440857,-0.03440857,1.2155914,1.8055915,1.2455914,1.2455914,1.6155914,1.4755914,1.5355915,1.7355914,6.8255916,6.7755914,6.3055916,3.3655915,1.8355914,1.0355915,0.0055914307,-0.7044086,-0.85440856,0.23559143,1.7955915,1.8055915,1.1355914,-0.62440854,-0.73440856,-4.8744087,-3.5144086,-2.3744085,0.22559144,0.81559145,-2.1644087,-2.3844085,-1.1744086,2.8355913,-2.2344086,1.9355915,1.0355915
0.06559143,0.24559143,-0.24440856,-0.34440857,-0.45440856,0.35559142,1.0055914,1.1355914,1.7455914,1.3655914,1.8555914,2.2855914,2.5155914,2.4955914,2.6755915,3.3555915,7.4955916,0.95559144,0.68559146,1.9655914,2.1755915,0.30559143,0.47559142,-1.0544086,-1.1244086,0.47559142,1.0155914,0.69559145,1.9655914,1.0955914,-0.01440857,0.13559143,-0.93440855,0.70559144,-1.1844085,-0.79440856,-1.9444085,-3.7644086,-1.9444085,-1.0444086,-2.0344086
-0.5044086,0.8655914,0.43559143,-0.01440857,1.3055915,2.4255915,2.6255915,0.57559144,-0.8444086,-0.6444086,-0.61440855,0.20559143,0.83559144,2.4055915,3.9955914,1.8055915,3.2855914,1.2755914,-0.99440855,0.25559142,-0.7744086,-0.40440857,0.19559143,1.5355915,1.0355915,0.45559144,0.56559145,-0.16440856,0.6055914,1.5055914,2.7255914,1.4955914,3.4255915,0.14559144,-0.97440857,-2.0144086,0.38559142,-1.7644086,-1.1944085,0.04559143,-0.8944086
-0.47440857,2.6055915,4.1755915,0.87559146,-2.0144086,0.56559145,0.38559142,1.4155915,2.5655913,0.9255914,0.58559144,1.6155914,2.8455915,4.0355916,2.8055913,3.0655913,0.19559143,4.6555915,1.7655914,0.77559143,1.2155914,1.5955914,2.4455914,2.5555913,1.7755914,1.1355914,1.3955914,2.2455914,1.8955914,1.1355914,2.3755915,2.9255915,3.6455915,1.1555915,-0.30440858,-0.99440855,-2.8744085,-0.32440856,-1.7544086,0.45559144,-0.03440857
-0.23440857,1.2455914,-2.0944085,-0.28440857,0.69559145,1.6255914,2.5555913,0.56559145,2.4955914,1.2455914,2.6655915,3.5955915,4.7355914,5.3055916,2.8355913,1.4955914,2.5655913,-1.9544085,-4.0144086,-4.1544085,-3.3144085,1.3955914,0.5555914,1.9755914,1.5655915,2.3155913,2.2855914,2.7255914,3.9655914,3.6455915,3.7955914,3.5755913,2.8555915,2.9955914,0.34559143,-2.6144085,-2.0044086,0.30559143,-1.7644086,0.6055914,-1.3844086
1.5555915,2.6955914,2.8655915,2.6655915,2.7655914,2.1055915,0.35559142,1.2555914,1.6555915,0.35559142,1.3255914,2.9355915,4.1755915,3.3755915,3.1255915,1.4455914,2.0255914,1.7255914,-0.19440857,0.62559146,0.93559146,2.3555915,2.5255914,0.70559144,-0.11440857,-0.80440855,-0.34440857,3.1755915,7.0355916,10.205591,6.0555916,3.2755914,0.49559143,-4.1744084,-3.7744086,-4.5744085,-3.1044085,-1.8744086,-1.4544085,-1.2844086,-1.2844086
2.9655914,4.3555913,3.6555915,2.8755915,0.42559144,0.33559144,0.07559143,1.0055914,1.3755914,1.3255914,0.8455914,1.9455914,-0.20440857,-2.5244086,-2.6444085,-2.0744085,-0.56440854,-0.20440857,-0.23440857,3.1755915,1.7455914,2.4155915,0.52559143,-0.8844086,-1.4644085,-2.9744086,-2.0344086,-0.7744086,-0.91440856,-4.6944084,-5.6044087,-6.7244086,-7.7244086,-8.414409,-5.6044087,-7.2844086,-3.9644086,-2.6444085,-3.4044085,-2.2744086,-2.6644087
3.9755914,1.2755914,2.1155915,1.9555914,1.4855914,2.1155915,1.9855914,2.4555914,1.4055915,0.9755914,0.9755914,1.2455914,-0.8944086,-0.5044086,-0.46440858,-1.3344085,-0.5244086,0.48559144,1.5755914,2.6455915,1.5855914,1.4355915,-2.9544086,-3.5844085,-3.2644086,-2.8144085,-3.0844085,-2.9744086,-2.8144085,-5.4244084,-6.4244084,-6.4644084,-6.2744083,-6.6544085,-4.9544086,-3.9144087,-3.2044086,-4.2044086,-3.6144085,-2.7244086,-2.2644086
0.7355914,1.7755914,-0.35440856,-0.43440858,4.2155914,2.4355915,2.3255913,1.3855914,1.5355915,0.03559143,0.03559143,0.7455914,0.7455914,0.37559143,0.9155914,-0.9444086,-0.68440855,-0.13440856,-0.12440857,-0.86440855,-2.0944085,-3.3744085,-3.9644086,-3.3544085,-5.7044086,-4.1044087,-1.1244086,-2.3544085,-3.1144085,-5.2144084,-5.3944087,-6.3944087,-5.7344084,-5.3344088,-4.9844084,-4.5044084,-3.4144087,-3.4344087,-2.8944085,-2.3944085,-1.4644085
