wind_kz.json
{"header": {"discipline":0,"disciplineName":"Meteorological products","gribEdition":2,"gribLength":1025,"center":7,"centerName":"US National Weather Service - NCEP(WMC)","subcenter":0,"refTime":"2023-08-24T12:00:00.000Z","significanceOfRT":1,"significanceOfRTName":"Start of forecast","productStatus":0,"productStatusName":"Operational products","productType":1,"productTypeName":"Forecast products","productDefinitionTemplate":0,"productDefinitionTemplateName":"Analysis/forecast at horizontal level/layer at a point in time","parameterCategory":2,"parameterCategoryName":"UnknownDiscipline_0_Category_2","parameterNumber":3,"parameterNumberName":"UnknownParameter_D0_C2_3","parameterUnit":"Unknown","genProcessType":2,"genProcessTypeName":"Forecast","forecastTime":60,"surface1Type":103,"surface1TypeName":"Specified height level above ground","surface1Value":10.0,"surface2Type":255,"surface2TypeName":"Missing","surface2Value":0.0,"gridDefinitionTemplate":0,"gridDefinitionTemplateName":"Latitude_Longitude","numberPoints":615,"shape":6,"shapeName":"Earth spherical with radius of 6,371,229.0 m","gridUnits":"degrees","resolution":48,"winds":"true","scanMode":64,"nx":41,"ny":15,"basicAngle":0,"lo1":47.0,"la1":41.0,"lo2":87.0,"la2":55.0,"dx":1.0,"dy":1.0}, "data":
[rows 0 to 14 of 15, columns 0 to 40 of 41]
0.57111573,-0.7888843,1.1211157,-2.4288843,-5.598884,-6.058884,-4.9588842,-5.7988844,-5.388884,-6.0888844,-6.868884,-3.3188844,-3.5888844,-3.0588844,1.4611157,1.3511157,-1.1188843,-0.18888427,1.5311158,-0.80888426,-1.8988843,-3.3588843,-2.0288842,0.82111573,-0.068884276,0.33111572,-2.3688843,1.4411157,1.0511158,0.80111575,0.6011157,-0.7088843,0.5211157,-4.558884,-5.8988843,4.0311155,2.4811158,2.4711158,1.0911157,1.0711157,-0.16888428
0.93111575,1.2911158,0.39111573,-2.5488844,-3.9288843,-4.6688843,-2.4888842,-3.3188844,-4.4388843,-5.478884,-4.808884,-5.3988843,-2.4688842,-2.3688843,0.48111573,-0.15888427,0.50111574,1.3411157,1.2211157,1.7611157,0.9611157,-1.0388843,-2.4588842,1.6511158,2.2411158,2.1211157,-0.69888425,2.8711157,0.94111574,2.2411158,3.8911157,4.521116,0.27111572,2.4511156,0.36111572,-1.8388842,-0.93888426,-2.8288844,0.12111572,-1.9588842,0.68111575
1.0111157,3.1911156,0.6511157,-2.8388844,-1.7688843,-0.9688843,-0.4688843,-0.93888426,-2.3788843,-3.6888843,-4.5288844,-6.078884,-3.9088843,-2.2888842,-0.25888428,0.44111574,-0.20888428,-0.26888427,-0.018884277,0.8611157,1.2011157,3.7111158,2.0211158,1.9311157,-2.4988842,-1.8388842,0.39111573,0.7911157,0.8911157,3.4611158,1.9111158,2.0411158,2.4011157,-0.7688843,-0.25888428,1.5811157,3.9011157,-0.018884277,1.2311157,0.5911157,0.5311157
-1.2788843,-2.1088843,-5.118884,-5.7088842,-1.4988843,-1.5988842,-0.86888427,1.0811157,-0.35888427,-2.1688843,-4.6488843,-5.6488843,-6.288884,-4.1688843,-1.3188843,1.4711157,2.2311158,1.1811157,-0.11888428,0.56111574,1.1711158,1.8111157,-3.6088843,7.001116,4.5311155,2.5611157,1.6811157,2.0111158,3.1311157,2.6311157,0.17111573,-0.108884275,-0.94888425,-2.0588844,0.75111574,-1.1088843,-0.12888427,1.6811157,2.5111158,2.1611156,1.2311157
-1.3988843,-1.9988843,-5.9388843,-7.1488843,-6.618884,-3.9188843,-3.6888843,-1.6088843,-0.93888426,-1.9488842,-5.9388843,-4.9688845,-6.768884,-3.2688842,-0.25888428,0.7711157,3.8211157,2.4911158,2.0511158,2.7111158,3.2211158,-0.078884274,-4.4288845,1.4411157,3.6311157,4.0611157,4.131116,3.8811157,3.0611157,0.39111573,1.0311158,1.5111157,2.2611158,2.5311158,-0.42888427,-0.69888425,0.5211157,-1.4088843,-2.7888842,1.0711157,0.21111572
1.4911157,-0.068884276,-3.8788843,-6.4288845,-7.1688843,-7.728884,-5.388884,-3.9488842,-2.9488842,-4.118884,-7.5088844,-6.2188845,-6.658884,-4.3388844,-1.4488842,0.031115722,2.3111157,2.5911157,1.6711158,4.381116,4.1811156,0.24111572,-4.348884,-2.0688844,-0.69888425,8.891116,5.5311155,5.711116,2.7711158,1.0011157,2.3411157,1.6411157,1.4211158,2.1611156,1.2011157,-2.1888843,4.4511156,2.7511158,-0.7188843,-2.5188842,-2.9588842
-1.0788842,-2.0688844,-2.6188843,-2.3188844,-3.5788844,-3.1788843,-3.9788842,-3.8088844,-4.158884,-2.2888842,-6.908884,-5.888884,-3.6888843,-3.1788843,-3.2688842,-0.74888426,0.6111157,1.2911158,2.2911158,1.1411157,0.7911157,1.4811157,1.6711158,-4.868884,-5.1688843,5.731116,5.2411156,5.3711157,2.7011156,0.29111573,0.51111573,-0.18888427,-1.5988842,-0.8388843,-1.0688843,-0.8888843,-2.4288843,0.061115723,1.1111157,0.05111572,-0.24888428
0.7111157,-1.1288843,-2.1988842,-3.2788842,-2.1388843,-2.8088844,-3.3088844,-3.5388842,-3.6788843,-2.2188842,-6.598884,-7.9388843,-6.868884,-4.9388843,0.15111572,-0.7788843,1.0611157,1.2011157,-1.6788843,0.7211157,-3.2288842,4.4311156,6.1411157,-0.8988843,-2.9188843,-2.1288843,-4.0488844,-0.19888428,-0.6488843,-1.1088843,-1.2488843,-0.4988843,0.0011157227,-2.8088844,0.8511157,-0.068884276,-2.0388842,-0.9088843,-0.9688843,0.7011157,-2.0988843
-1.0588843,-1.3788843,-1.2288842,0.43111572,-1.3388842,-2.3288844,-3.0788844,-3.9088843,-3.7088842,-3.6288843,-3.5588844,-5.348884,-0.7288843,-5.3588843,-5.6888843,-4.728884,-2.8088844,1.8811157,3.7211158,-1.4588842,0.09111572,0.20111573,6.231116,3.3311157,3.1211157,-1.9688842,1.4611157,-2.4888842,1.4711157,1.0111157,0.7111157,0.42111573,1.8511157,-1.2788843,-0.7988843,-0.09888428,-2.5788844,0.23111573,1.5611157,1.2411157,-0.81888425
-0.8488843,-1.4188843,-1.4788842,-1.4588842,-1.0888842,-2.3488843,-1.9188843,-2.7188842,-3.0288842,-3.0588844,-4.8388844,-4.658884,-5.228884,-3.1488843,-3.6388843,-4.518884,-4.6088843,-4.9488845,-3.4688842,-1.8088843,-0.34888428,-1.8488842,1.8011158,0.5911157,-0.47888428,4.961116,3.9311156,2.1811156,-0.03888428,1.7111157,3.2711158,1.4911157,0.7211157,-0.5888843,-0.6388843,-0.47888428,-0.09888428,-2.0688844,0.071115725,3.4411156,3.2911158
1.4311157,0.09111572,-0.48888427,-1.1288843,-0.8388843,-1.5888842,-2.5288842,-2.6388843,-1.6388843,-2.7288842,-2.4688842,-2.1388843,-4.098884,-0.20888428,-1.8088843,-2.9588842,-3.9488842,-4.138884,-3.6688843,-4.5088844,-4.478884,-1.3388842,-3.0188842,-1.9988843,-0.8288843,-2.4288843,0.51111573,0.56111574,0.9711157,2.8811157,2.5111158,1.7611157,0.32111573,-0.73888427,-0.9188843,0.08111572,0.49111572,2.4311156,1.3211157,1.7511157,0.40111572
-0.4088843,-2.0688844,0.30111572,-0.45888427,-0.38888428,-1.6988842,-1.2688843,-1.6788843,-1.9388843,-2.0188842,-0.80888426,-2.1088843,-3.3988843,-1.9788842,-0.03888428,-1.6188843,-2.8888843,-3.6088843,-1.9188843,-2.2988844,-3.0688844,-3.6388843,-2.8388844,-3.9388843,-2.2988844,-2.4888842,-2.9288843,-2.0688844,1.9011158,2.0611157,2.6011157,2.6611156,1.2611157,0.2511157,-0.4088843,-1.7988843,-0.6488843,0.9611157,1.3511157,0.99111575,0.46111572
1.3011158,0.38111573,0.3711157,0.27111572,0.30111572,-0.108884275,-0.108884275,-0.34888428,-1.2388843,0.46111572,-0.048884276,-0.74888426,-1.3388842,-1.9488842,0.46111572,0.031115722,-1.6888843,-2.1188843,-2.9988842,-0.18888427,0.071115725,-1.3888843,-1.1588843,-0.23888427,-0.4988843,-1.7888843,-3.0788844,-3.7488842,-1.0088843,3.8611157,2.9211156,2.8511157,1.6011157,0.51111573,0.011115722,-0.03888428,-0.9788843,-0.7788843,-1.4388843,-0.6688843,-0.29888427
1.2311157,1.3811157,0.5911157,1.0411158,0.41111574,-0.09888428,0.5411157,-0.44888428,0.8611157,0.62111574,1.3811157,0.7811157,-0.29888427,-0.5888843,-0.058884278,-0.9588843,-1.3688843,-0.5188843,-1.1188843,-1.1688843,-0.86888427,0.62111574,-1.1888843,0.94111574,-0.22888428,-1.7188842,-2.4288843,-2.7788842,-2.1388843,2.4411156,3.4711158,3.1511157,2.7311158,2.1411157,0.55111575,0.23111573,-0.42888427,-1.0388843,-1.4888843,-1.1388843,-0.55888426
0.74111575,-0.38888428,-1.5888842,0.6111157,0.69111574,-0.058884278,0.36111572,0.9511157,0.35111573,0.69111574,1.5011157,1.8411157,2.3311157,-0.018884277,0.74111575,0.4711157,-0.108884275,0.41111574,0.20111573,1.2911158,-0.24888428,-1.2288842,0.23111573,-0.22888428,0.36111572,0.42111573,-1.8388842,-2.1788843,-2.6488843,-1.6688843,2.4311156,2.0511158,2.5711157,2.1711156,1.7511157,0.8311157,-0.21888427,-0.11888428,-0.8488843,-2.7288842,-0.03888428
