wind.json
{"header": {"discipline":0,"disciplineName":"Meteorological products","gribEdition":2,"gribLength":1039,"center":7,"centerName":"US National Weather Service - NCEP(WMC)","subcenter":0,"refTime":"2023-06-28T12:00:00.000Z","significanceOfRT":1,"significanceOfRTName":"Start of forecast","productStatus":0,"productStatusName":"Operational products","productType":1,"productTypeName":"Forecast products","productDefinitionTemplate":0,"productDefinitionTemplateName":"Analysis/forecast at horizontal level/layer at a point in time","parameterCategory":0,"parameterCategoryName":"UnknownDiscipline_0_Category_0","parameterNumber":0,"parameterNumberName":"UnknownParameter_D0_C0_0","parameterUnit":"Unknown","genProcessType":2,"genProcessTypeName":"Forecast","forecastTime":0,"surface1Type":1,"surface1TypeName":"Ground or water surface","surface1Value":0.0,"surface2Type":255,"surface2TypeName":"Missing","surface2Value":0.0,"gridDefinitionTemplate":0,"gridDefinitionTemplateName":"Latitude_Longitude","numberPoints":688,"shape":6,"shapeName":"Earth spherical with radius of 6,371,229.0 m","gridUnits":"degrees","resolution":48,"winds":"true","scanMode":64,"nx":43,"ny":16,"basicAngle":0,"lo1":45.0,"la1":40.0,"lo2":87.0,"la2":55.0,"dx":1.0,"dy":1.0}, "data":
[rows 0 to 15 of 16, columns 0 to 42 of 43]
296.77118,290.97116,310.57117,318.07117,322.27118,296.87115,296.07117,294.57117,317.97116,324.67117,327.17117,325.47116,327.07117,325.57117,322.47116,320.67117,319.77118,318.77118,318.57117,318.77118,315.87115,314.57117,313.07117,313.27118,309.57117,302.27118,298.27118,294.17117,293.37115,288.47116,297.57117,299.47116,301.77118,309.27118,312.07117,313.87115,314.77118,314.67117,313.47116,313.87115,314.97116,313.27118,312.67117
297.27118,312.87115,312.47116,297.87115,300.77118,295.77118,295.87115,294.47116,308.67117,322.97116,323.97116,326.07117,322.57117,321.07117,318.47116,319.67117,318.77118,318.57117,317.37115,317.37115,317.77118,315.57117,317.17117,310.57117,310.97116,306.17117,311.67117,313.77118,308.27118,288.77118,290.97116,287.77118,289.37115,289.97116,295.87115,310.47116,315.27118,311.77118,311.27118,313.57117,314.17117,313.67117,312.57117
297.97116,293.67117,289.47116,296.37115,296.17117,295.97116,295.87115,293.87115,322.67117,324.77118,320.87115,318.87115,318.77118,319.17117,317.67117,315.77118,318.27118,317.77118,317.07117,316.67117,315.07117,314.97116,314.97116,311.07117,309.97116,299.67117,290.27118,289.97116,296.87115,290.87115,291.77118,285.57117,284.47116,281.37115,296.97116,269.97116,286.67117,303.17117,300.67117,308.97116,313.37115,305.67117,287.17117
292.17117,296.17117,301.97116,296.37115,296.17117,296.17117,295.57117,321.67117,320.37115,319.77118,317.97116,317.87115,316.97116,316.87115,312.97116,315.87115,316.17117,315.77118,314.57117,314.67117,313.97116,313.57117,312.67117,310.17117,312.07117,304.97116,307.57117,306.47116,306.27118,303.37115,299.97116,289.07117,280.57117,281.97116,284.27118,283.37115,289.97116,289.77118,283.27118,285.57117,287.97116,285.27118,284.97116
309.27118,315.97116,312.87115,296.87115,296.87115,296.17117,301.67117,321.07117,321.47116,320.37115,317.57117,316.57117,308.27118,304.87115,294.37115,294.17117,311.87115,316.57117,313.37115,314.37115,313.87115,312.57117,307.47116,304.57117,309.77118,309.37115,308.87115,309.57117,309.67117,305.07117,304.77118,306.47116,307.07117,301.37115,307.87115,301.77118,306.67117,295.97116,282.97116,283.97116,286.37115,304.37115,308.27118
313.07117,315.27118,316.97116,298.17117,297.27118,297.77118,306.27118,317.97116,322.57117,323.47116,321.07117,318.67117,318.17117,303.17117,295.07117,295.07117,294.97116,314.67117,315.07117,310.47116,307.07117,310.17117,311.57117,312.47116,310.37115,308.77118,309.37115,310.17117,308.97116,304.47116,307.07117,306.87115,308.77118,305.27118,289.27118,280.87115,293.47116,301.07117,301.17117,309.77118,308.27118,305.27118,312.57117
310.17117,314.67117,313.17117,311.97116,298.17117,297.97116,299.27118,297.87115,324.07117,323.07117,318.97116,317.87115,317.97116,313.17117,295.77118,294.77118,301.47116,310.97116,315.97116,313.77118,312.17117,311.27118,309.87115,309.67117,309.47116,308.97116,308.47116,306.67117,306.77118,291.47116,307.17117,307.17117,306.37115,306.17117,303.67117,302.17117,300.87115,300.07117,291.67117,291.77118,297.87115,304.67117,307.37115
309.47116,312.17117,311.67117,312.07117,315.57117,311.67117,309.77118,315.27118,318.77118,302.77118,303.57117,314.17117,309.97116,300.87115,299.67117,313.27118,311.67117,310.97116,312.97116,313.87115,311.37115,308.17117,307.07117,307.57117,307.17117,306.67117,303.87115,302.77118,302.37115,304.87115,305.77118,306.27118,305.97116,305.17117,306.47116,303.27118,300.97116,300.97116,291.87115,285.57117,286.17117,286.87115,301.57117
307.87115,303.37115,308.67117,309.27118,314.87115,307.37115,304.37115,301.77118,300.87115,301.97116,309.87115,311.47116,309.77118,308.27118,311.87115,310.57117,310.17117,311.27118,313.17117,310.87115,308.87115,305.47116,304.57117,304.87115,304.37115,303.17117,299.77118,289.87115,290.77118,298.07117,290.27118,298.37115,295.47116,300.87115,299.47116,297.77118,299.37115,302.17117,305.27118,288.27118,298.07117,294.47116,291.77118
292.87115,298.17117,305.27118,300.37115,309.07117,307.07117,301.47116,308.57117,305.07117,303.57117,292.67117,299.37115,306.37115,307.17117,306.77118,308.27118,308.07117,310.97116,310.07117,309.77118,306.17117,304.67117,300.27118,300.47116,300.57117,301.17117,297.57117,294.17117,288.77118,291.57117,287.97116,288.67117,291.87115,290.27118,292.47116,297.07117,296.97116,295.37115,296.57117,299.27118,283.97116,282.77118,280.07117
296.67117,296.57117,303.27118,304.37115,292.87115,307.97116,300.87115,304.77118,296.97116,295.37115,301.57117,301.17117,299.67117,300.97116,303.27118,303.87115,305.07117,306.37115,306.07117,305.17117,304.37115,303.27118,299.67117,300.17117,300.77118,299.27118,296.87115,293.67117,291.27118,293.57117,288.97116,289.97116,293.07117,292.27118,296.47116,296.47116,294.87115,295.57117,292.47116,288.17117,288.27118,286.47116,283.57117
297.87115,294.37115,297.97116,297.77118,295.77118,295.77118,298.57117,292.97116,294.17117,295.97116,296.87115,300.37115,299.47116,300.37115,303.17117,301.77118,301.07117,302.07117,300.57117,300.77118,302.37115,300.77118,299.47116,298.67117,296.97116,292.57117,294.07117,289.07117,289.47116,291.97116,291.47116,294.97116,292.07117,293.87115,292.57117,294.97116,294.97116,291.87115,289.77118,284.67117,289.27118,292.37115,289.17117
289.77118,291.97116,290.77118,291.07117,291.07117,287.97116,293.67117,296.37115,296.47116,297.27118,299.17117,299.87115,295.67117,293.37115,294.47116,290.87115,292.67117,294.57117,297.77118,297.07117,298.87115,297.17117,292.77118,290.97116,290.27118,290.67117,292.37115,290.27118,293.47116,292.47116,292.67117,294.97116,293.77118,295.07117,294.17117,292.07117,290.97116,294.57117,293.27118,294.77118,293.77118,293.87115,293.57117
291.57117,291.17117,288.47116,286.67117,289.47116,296.57117,294.97116,298.97116,299.17117,296.77118,296.77118,294.47116,290.07117,293.37115,292.97116,292.07117,296.17117,296.07117,296.47116,296.27118,295.67117,294.17117,291.87115,291.37115,288.17117,289.97116,291.57117,294.27118,292.67117,289.47116,290.87115,289.67117,290.27118,288.27118,290.97116,291.77118,291.67117,290.37115,292.37115,294.27118,292.57117,291.17117,286.77118
294.07117,295.07117,294.37115,297.77118,293.67117,292.87115,295.47116,293.27118,295.77118,292.17117,295.17117,297.07117,290.27118,290.77118,290.47116,291.97116,293.67117,295.87115,294.57117,291.47116,292.47116,293.37115,293.67117,288.87115,294.27118,288.47116,292.67117,292.17117,288.27118,286.77118,287.17117,289.37115,289.37115,290.67117,289.67117,288.47116,289.87115,290.27118,288.97116,290.07117,293.47116,288.97116,289.67117
292.37115,296.77118,296.37115,293.77118,293.07117,293.07117,299.37115,291.87115,296.97116,291.87115,294.27118,294.37115,297.97116,290.17117,294.77118,293.27118,294.97116,296.97116,290.27118,290.37115,295.57117,288.97116,292.47116,291.37115,292.07117,291.97116,290.57117,290.17117,285.97116,285.67117,285.57117,286.37115,288.97116,286.97116,290.07117,289.97116,289.77118,289.67117,290.47116,289.47116,292.87115,289.57117,287.17117
