wind_kz.json
{"header": {"discipline":0,"disciplineName":"Meteorological products","gribEdition":2,"gribLength":871,"center":7,"centerName":"US National Weather Service - NCEP(WMC)","subcenter":0,"refTime":"2023-09-30T12:00:00.000Z","significanceOfRT":1,"significanceOfRTName":"Start of forecast","productStatus":0,"productStatusName":"Operational products","productType":1,"productTypeName":"Forecast products","productDefinitionTemplate":0,"productDefinitionTemplateName":"Analysis/forecast at horizontal level/layer at a point in time","parameterCategory":0,"parameterCategoryName":"UnknownDiscipline_0_Category_0","parameterNumber":0,"parameterNumberName":"UnknownParameter_D0_C0_0","parameterUnit":"Unknown","genProcessType":2,"genProcessTypeName":"Forecast","forecastTime":300,"surface1Type":1,"surface1TypeName":"Ground or water surface","surface1Value":0.0,"surface2Type":255,"surface2TypeName":"Missing","surface2Value":0.0,"gridDefinitionTemplate":0,"gridDefinitionTemplateName":"Latitude_Longitude","numberPoints":615,"shape":6,"shapeName":"Earth spherical with radius of 6,371,229.0 m","gridUnits":"degrees","resolution":48,"winds":"true","scanMode":64,"nx":41,"ny":15,"basicAngle":0,"lo1":47.0,"la1":41.0,"lo2":87.0,"la2":55.0,"dx":1.0,"dy":1.0}, "data":
[rows 0 to 14 of 15, columns 0 to 40 of 41]
287.3542,281.3542,285.7542,292.8542,292.3542,291.5542,288.8542,290.2542,286.5542,287.9542,288.7542,290.5542,290.3542,289.6542,288.6542,285.2542,284.4542,284.3542,282.8542,283.9542,284.0542,282.8542,281.9542,279.5542,283.0542,285.7542,284.0542,272.6542,271.6542,271.8542,271.4542,272.4542,278.5542,283.4542,284.7542,285.4542,283.6542,283.3542,284.5542,284.5542,282.0542
272.0542,285.8542,292.3542,292.2542,292.3542,290.9542,287.9542,287.6542,286.8542,287.2542,289.2542,287.7542,288.9542,288.1542,288.0542,287.9542,284.3542,283.0542,280.2542,280.3542,282.9542,283.2542,283.4542,278.7542,271.3542,271.0542,278.3542,271.9542,271.9542,268.5542,273.6542,268.6542,272.2542,253.4542,270.3542,281.2542,279.0542,281.3542,284.3542,278.5542,283.3542
287.4542,292.0542,292.3542,291.7542,290.0542,286.5542,286.5542,287.0542,286.2542,287.1542,287.0542,287.2542,285.7542,287.0542,287.3542,285.3542,284.7542,283.4542,281.1542,279.3542,282.2542,282.1542,282.3542,280.2542,280.8542,279.4542,281.8542,281.2542,281.8542,277.1542,269.3542,271.0542,275.5542,274.3542,276.4542,276.6542,269.7542,268.8542,269.8542,268.9542,269.3542
289.6542,291.0542,291.8542,290.9542,289.3542,287.5542,289.2542,288.4542,288.6542,288.2542,287.2542,286.7542,289.0542,288.4542,286.9542,285.9542,285.1542,283.4542,282.6542,281.2542,279.8542,278.6542,281.7542,282.9542,283.5542,283.5542,283.9542,281.2542,281.9542,281.9542,282.4542,280.4542,283.6542,282.7542,282.6542,279.5542,267.4542,264.0542,271.4542,277.6542,279.2542
290.5542,290.4542,290.8542,290.1542,289.6542,289.8542,290.2542,290.1542,288.9542,288.8542,288.4542,287.8542,287.8542,286.7542,285.4542,286.5542,286.1542,285.3542,283.7542,284.0542,283.2542,283.5542,281.8542,281.4542,281.5542,281.2542,279.5542,281.6542,280.5542,281.4542,282.6542,281.3542,272.8542,262.5542,273.2542,279.9542,284.5542,282.3542,283.0542,283.1542,282.8542
290.0542,289.1542,288.9542,289.6542,289.7542,289.2542,287.8542,288.2542,287.2542,287.9542,287.4542,286.9542,287.4542,287.5542,286.7542,285.3542,286.0542,285.3542,284.6542,284.6542,283.3542,282.8542,282.1542,281.1542,280.2542,279.4542,278.8542,285.2542,281.1542,281.2542,279.9542,281.3542,279.6542,278.4542,279.7542,283.5542,274.7542,275.2542,280.6542,281.1542,281.4542
288.3542,288.4542,287.7542,287.8542,288.1542,286.8542,286.6542,286.4542,286.2542,286.1542,285.1542,285.0542,285.3542,285.5542,284.9542,285.6542,285.3542,285.5542,284.1542,283.4542,282.7542,282.5542,282.4542,282.1542,280.4542,279.7542,278.1542,279.4542,278.8542,278.9542,278.4542,279.1542,279.2542,280.3542,280.3542,278.5542,275.7542,274.6542,271.1542,268.9542,277.5542
285.1542,284.2542,285.4542,287.0542,288.5542,288.2542,287.5542,285.0542,284.4542,283.8542,282.9542,282.9542,282.7542,283.5542,283.9542,284.2542,284.3542,284.8542,284.4542,282.7542,282.9542,281.5542,281.5542,281.1542,280.5542,277.9542,277.9542,277.6542,276.7542,277.8542,276.7542,277.3542,275.9542,275.7542,275.5542,275.7542,278.2542,284.1542,278.8542,278.4542,275.4542
283.9542,283.5542,283.8542,283.5542,284.2542,286.3542,286.2542,285.2542,283.8542,281.8542,281.6542,281.4542,280.9542,282.0542,281.8542,282.8542,283.2542,283.7542,283.8542,283.6542,282.5542,281.2542,284.0542,281.1542,279.6542,279.5542,278.7542,276.9542,277.1542,275.4542,275.9542,277.3542,279.6542,278.6542,278.2542,275.8542,275.5542,275.3542,267.4542,266.0542,262.4542
283.6542,282.7542,284.6542,284.8542,285.1542,285.0542,284.5542,283.7542,282.2542,281.3542,279.9542,279.1542,280.2542,280.7542,280.7542,280.8542,281.2542,281.6542,282.1542,283.4542,284.5542,284.7542,283.7542,283.8542,283.4542,280.3542,279.6542,279.7542,279.3542,278.8542,279.8542,280.3542,281.8542,280.7542,280.1542,278.1542,276.2542,271.2542,269.3542,269.8542,268.3542
281.1542,281.3542,281.4542,282.5542,283.6542,283.5542,283.9542,283.6542,283.8542,283.3542,281.4542,280.9542,280.2542,279.1542,279.3542,279.1542,278.9542,279.8542,280.4542,280.7542,281.9542,283.4542,285.1542,285.1542,284.9542,282.3542,281.8542,281.3542,283.2542,283.8542,283.1542,284.4542,283.8542,284.0542,283.2542,282.4542,277.6542,275.3542,272.0542,272.0542,269.7542
278.4542,279.2542,279.7542,279.5542,279.7542,280.3542,280.7542,281.3542,282.0542,282.1542,280.0542,279.6542,280.3542,280.1542,279.4542,279.1542,279.1542,279.1542,279.4542,279.9542,280.0542,280.8542,281.9542,283.3542,284.4542,284.6542,284.9542,285.7542,285.4542,285.5542,284.6542,284.0542,285.2542,283.4542,283.6542,284.0542,284.5542,282.2542,280.5542,281.0542,279.4542
278.0542,279.4542,278.7542,278.7542,279.5542,281.1542,281.0542,280.7542,279.6542,281.0542,279.1542,277.9542,279.8542,279.5542,278.6542,278.1542,278.6542,278.8542,279.3542,279.0542,279.4542,279.8542,280.3542,281.1542,282.4542,283.1542,284.4542,285.7542,285.3542,284.4542,284.3542,284.5542,284.1542,284.1542,283.8542,282.5542,281.7542,283.5542,280.8542,280.5542,279.7542
278.9542,278.6542,281.5542,280.1542,278.8542,279.5542,279.5542,279.3542,279.8542,280.7542,278.8542,277.0542,278.6542,280.0542,280.8542,281.3542,280.9542,281.0542,280.5542,278.8542,279.1542,279.4542,279.9542,280.4542,281.3542,281.9542,282.0542,282.6542,281.7542,281.6542,283.1542,282.9542,282.3542,281.7542,282.2542,281.3542,281.3542,280.7542,280.3542,278.9542,280.1542
278.6542,279.7542,283.7542,279.2542,278.9542,278.5542,278.3542,277.8542,278.7542,279.8542,280.1542,278.8542,277.7542,279.1542,279.6542,281.2542,281.1542,280.6542,281.5542,280.6542,280.2542,278.5542,279.0542,279.1542,279.6542,280.2542,280.5542,281.4542,281.3542,280.7542,281.2542,282.9542,281.6542,281.2542,281.3542,281.1542,281.4542,280.9542,281.5542,280.9542,280.3542
