wind_kz.json
{"header": {"discipline":0,"disciplineName":"Meteorological products","gribEdition":2,"gribLength":1102,"center":7,"centerName":"US National Weather Service - NCEP(WMC)","subcenter":0,"refTime":"2024-03-19T06:00:00.000Z","significanceOfRT":1,"significanceOfRTName":"Start of forecast","productStatus":0,"productStatusName":"Operational products","productType":1,"productTypeName":"Forecast products","productDefinitionTemplate":0,"productDefinitionTemplateName":"Analysis/forecast at horizontal level/layer at a point in time","parameterCategory":2,"parameterCategoryName":"UnknownDiscipline_0_Category_2","parameterNumber":2,"parameterNumberName":"UnknownParameter_D0_C2_2","parameterUnit":"Unknown","genProcessType":2,"genProcessTypeName":"Forecast","forecastTime":300,"surface1Type":103,"surface1TypeName":"Specified height level above ground","surface1Value":10.0,"surface2Type":255,"surface2TypeName":"Missing","surface2Value":0.0,"gridDefinitionTemplate":0,"gridDefinitionTemplateName":"Latitude_Longitude","numberPoints":615,"shape":6,"shapeName":"Earth spherical with radius of 6,371,229.0 m","gridUnits":"degrees","resolution":48,"winds":"true","scanMode":64,"nx":41,"ny":15,"basicAngle":0,"lo1":47.0,"la1":41.0,"lo2":87.0,"la2":55.0,"dx":1.0,"dy":1.0}, "data":
[rows 0 to 14 of 15, columns 0 to 40 of 41]
-3.4773095,-1.2573096,1.2226905,-2.4973097,-0.08730957,0.92269045,2.4026904,-2.9373095,-6.0373096,-4.7873096,-3.1673095,-3.7873096,-2.6873095,-3.6673095,-3.3973095,-2.1973095,-1.4773096,-1.8573096,-2.6773095,-1.9773096,-1.8773096,-1.5073096,-1.9273095,-0.9273096,-1.5273095,-1.4773096,-2.6773095,0.75269043,0.8326904,1.4026904,1.3626904,1.7426904,1.0126904,0.13269043,-0.89730954,-0.7273096,-0.48730958,-0.44730958,0.04269043,-0.09730957,0.28269044
0.6426904,-0.35730958,-2.7973096,-2.4173095,-0.49730957,2.2026904,1.5426904,-7.14731,-4.6873097,-3.6373096,-3.1173096,-2.7373095,-3.6773095,-2.0573096,-2.5673096,-1.5473095,-0.37730956,-1.9373096,-1.4173095,-1.3873096,0.68269044,-0.33730957,-0.64730954,-1.0973096,0.03269043,0.75269043,-0.18730956,0.75269043,1.3526905,1.1926904,-0.22730957,0.8926904,0.85269046,-1.5473095,-0.17730957,1.9426904,-0.20730957,0.15269043,0.30269042,1.8526905,-3.5273097
-1.6173096,-3.2573097,-3.0373096,-0.6073096,1.3826904,-0.06730957,-3.8873096,-2.9073095,-2.4273095,-3.8173096,-4.1673098,-4.39731,-2.6973095,-2.0073097,-1.1973096,0.08269043,-0.9773096,-0.06730957,0.48269042,-0.18730956,-0.87730956,1.2726904,2.2726905,1.4726905,0.32269043,2.8826904,2.4126904,-0.0073095704,-3.1573095,0.21269043,-1.5073096,2.7526903,0.7026904,1.9926904,2.2526903,-0.20730957,0.5926904,0.04269043,3.8126905,1.5226904,1.9826905
-3.7373095,-4.2873096,-3.6273096,-0.25730956,1.1526904,0.6326904,-1.8973095,0.74269044,-3.5173097,-3.6173096,-3.3373096,-3.3473096,-1.7473096,-0.69730955,0.27269042,1.4626905,2.1826904,2.0726905,1.9526905,2.5826905,0.03269043,1.2926904,3.5226905,2.8526905,4.37269,2.8526905,1.6926904,0.25269043,3.7026904,3.8326905,1.2326905,0.35269043,3.2426903,6.3626904,3.7526903,0.5726904,1.0526904,2.2426903,-0.55730957,0.81269044,-0.48730958
-3.5773096,-4.0073094,-3.8773096,-3.1673095,-3.8873096,-3.3973095,-1.8173096,-4.2673097,-4.0073094,-2.6773095,-2.3573096,1.0526904,1.9426904,2.6926904,2.5526905,2.1726904,1.3626904,1.0926905,2.0526905,2.5726905,2.9026904,2.3226905,3.2726905,2.8026905,3.3126905,3.9926903,2.8726904,0.9126904,1.8826904,1.2626904,1.7726904,0.7026904,-0.02730957,2.2726905,-0.8573096,-1.0473095,-2.2073095,-1.5373095,-2.1173096,-2.7073095,-3.8073096
-1.6373096,-1.5173095,-2.6873095,-2.6773095,-2.5473096,-2.6273096,-1.7473096,-3.0473096,-1.3273096,-1.5073096,0.68269044,0.7026904,2.5326905,4.9826903,3.8426905,3.6626904,3.3826904,3.3326905,2.9926903,3.2726905,3.5826905,3.5826905,4.37269,3.8226905,4.0526905,4.35269,4.4526906,1.6126904,0.93269044,3.0226905,2.9126904,1.6926904,1.2126905,1.3626904,1.1326904,-0.49730957,0.9126904,1.1926904,0.98269045,-3.9873095,-5.0273094
-1.8273096,0.8326904,-0.29730958,-0.9273096,0.74269044,1.9526905,1.6726904,0.15269043,1.8026904,3.0726905,3.5026903,3.5426905,4.0926905,4.60269,4.4926906,4.9426904,4.9726906,5.3426905,4.35269,4.2926903,5.12269,5.3326902,4.7926903,4.35269,3.6526904,2.4626904,2.4226904,2.3026905,2.3226905,0.85269046,1.7026905,2.2926905,2.3926904,1.6826904,-1.1273096,-1.8273096,-1.7773095,3.0526905,-1.0873096,2.4326904,-0.89730954
-2.9173095,-2.1473095,-1.7973095,-0.8673096,1.0526904,2.6826904,2.5626905,3.0426905,3.5126905,3.6426904,3.4826903,4.2326903,4.62269,4.85269,5.2626905,5.7826905,5.4326906,6.1326904,6.10269,6.9326906,8.36269,7.3126903,7.0626903,6.1626906,7.2426906,4.9826903,7.4626904,0.10269043,3.6526904,1.4626905,1.2526904,2.5726905,1.0726905,2.2026904,1.4926904,-0.89730954,0.7226904,0.45269042,-0.49730957,-0.38730958,0.12269043
-0.93730956,-1.4273095,-0.39730957,-0.09730957,0.7826904,1.6926904,0.93269044,0.8826904,1.4326904,2.8626904,3.1926904,2.6726904,2.4726903,2.3126905,3.1126904,3.1226904,3.6726904,3.7226903,5.3926907,6.8126903,9.63269,9.902691,9.74269,7.9926906,6.9426904,6.6426907,6.6326904,5.0826902,7.3226905,3.9526904,6.0026903,4.4826903,8.232691,1.1426904,-1.2973095,-2.1673095,-0.12730958,-1.4073095,-0.42730957,-0.26730958,0.05269043
0.17269044,-0.50730956,-3.7073095,-3.3173096,-2.3373096,-1.4673096,-1.5773096,-1.2773095,-1.9473096,-2.7373095,-0.7873096,1.2426904,3.7226903,4.2426906,4.2826905,4.37269,3.0926905,4.0126905,4.4426904,4.9626904,7.3826904,8.5526905,8.88269,9.272691,9.852691,8.102691,8.79269,8.74269,8.17269,7.8226905,5.9326906,4.7726903,2.9826903,-0.05730957,-2.3473096,-2.1073096,-2.6673095,-1.0873096,-0.14730957,1.0426904,0.33269042
-4.3373094,-4.3373094,-4.2873096,-2.6373096,-2.0573096,-2.0573096,-1.7773095,-3.7473097,-2.7273095,-0.9873096,-0.50730956,2.4226904,1.7526904,-1.1173096,-1.9673096,-1.0073096,0.80269045,2.6226904,3.5126905,6.3826904,8.63269,9.57269,11.50269,9.20269,8.62269,8.63269,9.38269,7.6726904,7.7526903,2.4626904,-0.22730957,-5.0573096,-6.6373096,-4.8073096,-4.5873094,-3.1973095,-1.2973095,0.34269044,-0.10730957,-0.40730956,0.6526904
-3.6873095,-4.3373094,-2.1773095,-2.2073095,-1.7973095,-1.3673096,-3.9773095,-2.6073096,-3.4173095,-0.6073096,0.14269044,-0.28730956,-3.1873095,-2.6573095,-0.99730957,-0.18730956,1.4726905,2.4926903,3.0526905,4.6826906,6.3126903,8.512691,10.37269,9.13269,8.57269,7.8626904,5.0426903,-3.2773097,-8.147309,-9.347309,-9.017309,-8.49731,-6.0973096,-6.0573096,-4.0973096,-4.7473097,-5.2773094,-3.8273096,-2.3973095,-1.1373096,-1.0473095
-2.4073095,-3.3173096,-1.7073096,-2.0373096,-1.6573095,-2.4173095,-3.3573096,-2.7973096,-3.0673096,-0.34730956,-0.12730958,0.19269043,-3.6873095,-2.1873095,-1.1573095,-0.45730957,-0.01730957,0.5126904,0.80269045,0.8326904,0.62269044,0.12269043,-1.8273096,-5.2073097,-7.2773094,-9.16731,-9.61731,-10.50731,-10.40731,-8.61731,-9.04731,-8.397309,-7.6373096,-6.4473095,-5.0773096,-4.9873095,-4.8873096,-3.1373096,-3.6073096,-2.0473096,-1.5173095
-2.4673095,-2.5673096,-2.2073095,-2.0173097,-3.2073095,-3.1173096,-2.8073096,-2.1573095,-0.7873096,0.36269042,0.56269044,0.8826904,-3.2273095,-2.5573096,-1.1973096,-0.17730957,-0.23730958,-0.62730956,-0.9773096,-1.4473096,-2.4973097,-3.3873096,-5.1773095,-6.7273097,-7.8873096,-8.847309,-9.557309,-8.567309,-8.897309,-8.477309,-7.4173098,-6.7073097,-5.6873097,-5.5573096,-4.2373095,-3.4673095,-2.9773095,-2.5173097,-2.4773095,-2.1673095,-1.8073096
-1.8773096,-2.7173095,-2.6573095,-2.5673096,-2.6673095,-3.2073095,-1.7273096,-1.0773096,-0.10730957,0.24269043,-0.49730957,-0.19730957,-0.39730957,0.6626904,0.5326904,1.0426904,-0.32730958,-0.50730956,-1.3273096,-2.4573095,-2.8873096,-4.5473094,-4.9373097,-5.7673097,-6.3273096,-7.1173096,-6.8873096,-6.9473095,-6.64731,-6.7473097,-6.5273094,-5.7673097,-4.4273095,-4.3173094,-3.2773097,-2.6273096,-1.8073096,-1.3373096,-1.9073095,-1.3873096,-1.3773096
