wind_kz.json
{"header": {"discipline":0,"disciplineName":"Meteorological products","gribEdition":2,"gribLength":1025,"center":7,"centerName":"US National Weather Service - NCEP(WMC)","subcenter":0,"refTime":"2023-09-28T00:00:00.000Z","significanceOfRT":1,"significanceOfRTName":"Start of forecast","productStatus":0,"productStatusName":"Operational products","productType":1,"productTypeName":"Forecast products","productDefinitionTemplate":0,"productDefinitionTemplateName":"Analysis/forecast at horizontal level/layer at a point in time","parameterCategory":2,"parameterCategoryName":"UnknownDiscipline_0_Category_2","parameterNumber":3,"parameterNumberName":"UnknownParameter_D0_C2_3","parameterUnit":"Unknown","genProcessType":2,"genProcessTypeName":"Forecast","forecastTime":180,"surface1Type":103,"surface1TypeName":"Specified height level above ground","surface1Value":10.0,"surface2Type":255,"surface2TypeName":"Missing","surface2Value":0.0,"gridDefinitionTemplate":0,"gridDefinitionTemplateName":"Latitude_Longitude","numberPoints":615,"shape":6,"shapeName":"Earth spherical with radius of 6,371,229.0 m","gridUnits":"degrees","resolution":48,"winds":"true","scanMode":64,"nx":41,"ny":15,"basicAngle":0,"lo1":47.0,"la1":41.0,"lo2":87.0,"la2":55.0,"dx":1.0,"dy":1.0}, "data":
[rows 0 to 14 of 15, columns 0 to 40 of 41]
1.3931061,1.4331061,-1.9868939,-6.336894,-5.856894,-6.6968937,-4.086894,1.8131061,1.3731061,-1.526894,-0.32689393,-2.5368938,-0.75689393,-0.7068939,-3.386894,-8.086894,-6.3868937,-6.1968937,-5.006894,-4.126894,-2.996894,-2.7868938,-2.886894,2.853106,3.393106,1.333106,1.073106,0.49310607,1.693106,-1.6368939,-1.1968939,-0.12689392,-1.7068939,-0.81689394,1.3031061,1.6631061,0.8331061,1.5531061,0.55310607,-2.116894,-0.25689393
0.7131061,-2.0368938,-4.4268937,-5.226894,-6.966894,-6.686894,-5.796894,-0.4968939,0.8531061,2.4731061,-4.966894,2.6731062,-1.3368939,-1.536894,-2.736894,-1.4968939,-3.156894,-4.166894,-4.566894,-3.5768938,-2.396894,-2.196894,-3.096894,-2.336894,3.163106,1.213106,1.1431061,1.9831061,-0.92689395,-2.5468938,-0.4368939,0.05310608,-3.0668938,-2.5068939,-1.146894,1.2731061,1.8731061,1.463106,0.003106079,-0.5368939,-0.8368939
-2.956894,-2.216894,-4.436894,-4.4068937,-4.9068937,-4.526894,-3.0368938,-4.336894,-4.606894,4.213106,-0.81689394,-0.8568939,-1.4368939,-0.7968939,-2.366894,-3.5168939,-3.896894,-4.8868937,-5.626894,-2.896894,-1.3368939,0.18310608,1.453106,-1.1068939,-1.9668939,-1.806894,-0.99689394,-2.5768938,-0.7668939,-1.8768939,-0.8268939,-0.5268939,-1.3168939,-2.726894,-0.8568939,0.8631061,0.12310608,2.643106,-0.47689393,1.0431061,-0.06689392
-0.5768939,-2.2568939,-2.246894,-1.146894,-3.5268939,-5.586894,-0.5768939,-0.06689392,1.6531061,0.32310608,-0.50689393,-2.0168939,-3.656894,-5.226894,-3.0468938,-2.0068939,-3.096894,-4.4468937,-5.876894,-5.896894,-4.806894,-2.916894,-1.6868939,-3.096894,-2.876894,-4.286894,-4.006894,-3.5268939,-2.706894,-3.426894,-5.1368937,-2.5468938,1.6831061,0.5931061,-1.4968939,-0.07689392,-0.06689392,1.1731061,-1.156894,-0.68689394,-2.106894
2.9331062,1.0631061,0.43310606,0.7131061,-2.866894,-4.376894,-3.8168938,-0.81689394,-1.3268939,0.38310608,0.6731061,-0.47689393,-2.086894,-4.586894,-4.526894,-2.476894,-3.0668938,-3.7668939,-3.586894,-2.346894,-1.8168939,-2.156894,-2.226894,-2.2668939,-1.286894,-2.986894,-3.686894,-3.146894,-2.906894,-3.426894,-4.506894,-3.856894,-0.28689393,0.8631061,0.44310609,1.6831061,-0.6568939,-0.0068939207,-0.94689393,-2.156894,-2.836894
1.1131061,1.9831061,4.623106,1.693106,-0.48689392,-1.9568939,-3.436894,0.21310608,0.74310607,0.7931061,1.583106,2.053106,0.5931061,-1.906894,-5.846894,-3.2768939,-1.8568939,-3.426894,-2.746894,-2.376894,-1.8368939,-2.936894,-2.626894,-2.5068939,-1.916894,0.033106077,-0.9068939,-4.256894,-2.946894,-2.716894,-2.336894,-3.336894,-3.736894,-3.456894,-1.1968939,-0.16689391,-1.4868939,-2.586894,3.163106,0.5231061,-2.2768939
2.553106,1.2331061,2.323106,3.833106,5.083106,2.543106,-1.3668939,2.7431061,2.2031062,2.573106,2.123106,0.5931061,-0.6468939,-1.2168939,-2.106894,-2.946894,-2.136894,-1.396894,-1.8768939,-1.7468939,-1.7468939,-2.336894,-2.706894,-2.586894,-1.426894,-1.1868939,-1.4868939,-2.8068938,-2.496894,-3.406894,-3.426894,-3.0468938,-2.936894,-3.5468938,0.20310608,0.05310608,-0.9568939,-1.8768939,-1.166894,1.0231061,-2.696894
1.9331061,3.103106,0.9531061,2.063106,1.693106,3.4631062,2.633106,4.3031063,4.333106,3.773106,3.4831061,1.1231061,-0.33689392,-0.74689394,-0.7968939,-1.4468939,-2.896894,-1.8868939,-0.6668939,-0.06689392,-0.50689393,-1.166894,-1.9668939,-2.156894,-2.596894,-2.5668938,-2.646894,-2.146894,-2.346894,-2.336894,-3.7868938,-3.496894,-3.366894,-5.186894,-2.656894,-0.20689392,-0.99689394,-1.4668939,-0.38689393,1.1231061,-0.41689393
2.4231062,2.583106,2.863106,2.383106,1.7331061,4.483106,4.413106,5.3231063,5.963106,5.183106,3.813106,1.9031061,0.013106079,-1.656894,1.6331061,0.6031061,-0.36689392,0.08310608,-0.7768939,-1.7368939,-1.0968939,-0.45689392,-0.9868939,-1.4368939,-1.6968939,-2.416894,-1.9568939,-1.8868939,-2.446894,-2.906894,-3.2868938,-2.946894,-3.5168939,-4.036894,-3.2568939,-2.166894,-1.9368939,-1.0068939,-2.926894,-1.166894,-2.236894
3.2331061,3.253106,3.293106,2.373106,2.4631062,5.643106,5.983106,6.3431063,6.0531063,5.483106,4.493106,2.353106,1.323106,0.17310607,0.56310606,0.5431061,0.18310608,0.3431061,-0.4068939,0.06310608,-0.25689393,-0.23689392,-0.6668939,-1.0868939,-1.2068939,-0.93689394,-1.5168939,-1.1368939,-0.7068939,-1.6268939,-2.0068939,-1.9868939,-1.8468939,-1.4968939,-1.276894,-1.526894,-1.166894,0.5431061,1.5231061,2.4731061,2.353106
4.283106,3.9831061,4.353106,3.823106,3.603106,6.383106,6.743106,6.5531063,6.423106,5.393106,4.183106,3.553106,2.763106,2.4831061,0.57310605,1.5431061,1.5331061,0.30310607,0.003106079,-0.25689393,0.19310609,0.3431061,0.4731061,-0.25689393,-1.3468939,-1.926894,-1.5868939,-2.196894,-2.5468938,-3.3168938,-3.216894,-3.356894,-2.5468938,-0.7868939,-1.0168939,0.7031061,0.45310608,0.19310609,-1.306894,-0.026893921,-1.416894
5.043106,5.3231063,5.0931063,5.3231063,5.3431063,6.083106,4.913106,5.313106,5.5731063,4.243106,2.903106,3.633106,3.503106,3.863106,2.2131062,1.9231061,1.7431061,1.1231061,0.49310607,0.17310607,0.46310607,0.5131061,1.963106,0.7631061,0.49310607,-0.5168939,-0.94689393,-2.086894,-2.446894,-2.686894,-2.2668939,-1.9668939,-1.546894,-2.0268939,-0.67689395,-1.276894,2.2431061,1.4131061,-0.08689392,-0.23689392,-0.75689393
1.853106,6.063106,5.423106,4.883106,4.953106,4.403106,5.723106,7.1131063,6.473106,4.483106,2.283106,2.603106,2.273106,2.323106,2.893106,2.393106,2.4931061,1.9031061,1.3831061,1.8731061,1.833106,1.8931061,2.373106,2.7031062,1.323106,1.1731061,0.29310608,-0.3768939,-0.4068939,-0.61689395,-1.5768939,-1.8468939,-2.586894,-2.636894,-0.18689393,-0.056893922,1.4131061,2.403106,2.143106,0.9131061,0.27310607
-0.16689391,1.1131061,6.003106,6.3631063,5.763106,5.5731063,5.183106,4.913106,4.753106,4.773106,3.143106,2.583106,3.2231061,2.813106,2.2431061,3.523106,2.343106,2.6931062,2.623106,2.633106,2.373106,2.323106,2.4231062,2.843106,3.003106,2.4231062,1.7431061,1.2731061,1.0031061,0.5231061,-0.36689392,-0.56689394,-1.776894,-1.896894,-1.3468939,-1.396894,1.6531061,1.7531061,1.7931061,1.8831061,2.063106
0.9731061,1.0031061,1.953106,6.3431063,6.8431063,6.583106,6.523106,6.583106,5.083106,4.893106,3.7031062,4.253106,2.593106,1.7831061,2.9731061,3.2431061,3.1731062,2.893106,3.373106,3.4231062,3.143106,2.6831062,3.4731061,3.873106,3.753106,3.163106,2.593106,2.083106,2.033106,2.2431061,1.323106,1.8731061,-0.22689392,-0.4668939,-1.426894,-0.14689392,0.94310606,2.103106,2.033106,1.0031061,-1.3368939
