wind_kz.json
{"header": {"discipline":0,"disciplineName":"Meteorological products","gribEdition":2,"gribLength":871,"center":7,"centerName":"US National Weather Service - NCEP(WMC)","subcenter":0,"refTime":"2024-04-09T06:00:00.000Z","significanceOfRT":1,"significanceOfRTName":"Start of forecast","productStatus":0,"productStatusName":"Operational products","productType":1,"productTypeName":"Forecast products","productDefinitionTemplate":0,"productDefinitionTemplateName":"Analysis/forecast at horizontal level/layer at a point in time","parameterCategory":0,"parameterCategoryName":"UnknownDiscipline_0_Category_0","parameterNumber":0,"parameterNumberName":"UnknownParameter_D0_C0_0","parameterUnit":"Unknown","genProcessType":2,"genProcessTypeName":"Forecast","forecastTime":240,"surface1Type":1,"surface1TypeName":"Ground or water surface","surface1Value":0.0,"surface2Type":255,"surface2TypeName":"Missing","surface2Value":0.0,"gridDefinitionTemplate":0,"gridDefinitionTemplateName":"Latitude_Longitude","numberPoints":615,"shape":6,"shapeName":"Earth spherical with radius of 6,371,229.0 m","gridUnits":"degrees","resolution":48,"winds":"true","scanMode":64,"nx":41,"ny":15,"basicAngle":0,"lo1":47.0,"la1":41.0,"lo2":87.0,"la2":55.0,"dx":1.0,"dy":1.0}, "data":
[rows 0 to 14 of 15, columns 0 to 40 of 41]
300.201,293.001,297.801,282.901,283.801,284.701,302.501,311.001,306.201,308.201,308.901,309.301,309.001,308.501,308.601,307.001,306.601,308.401,306.501,308.101,311.901,309.001,306.201,303.301,312.601,310.901,298.801,288.501,280.001,275.101,282.401,283.501,305.501,311.901,311.001,310.501,313.601,310.001,302.401,308.101,305.201
280.701,297.601,283.101,283.101,283.501,284.001,311.301,308.001,306.501,306.401,308.301,307.701,310.501,310.101,306.701,305.801,306.201,305.301,304.501,305.001,306.001,305.101,298.801,294.501,277.901,289.101,299.801,293.601,297.601,278.301,283.801,273.301,294.701,264.801,272.701,303.801,307.501,308.601,310.901,303.601,281.001
300.701,283.301,283.201,283.401,283.401,305.901,306.201,306.501,304.901,304.801,304.501,306.401,308.201,309.501,305.401,304.201,304.201,304.001,304.101,304.601,304.301,304.201,300.301,291.201,299.001,297.301,298.101,300.401,303.601,292.801,274.101,276.501,295.901,295.701,296.401,293.701,282.501,294.401,293.101,283.001,275.701
297.801,284.201,283.401,283.401,289.001,305.301,304.501,306.001,306.201,305.701,304.401,303.201,286.501,287.101,304.801,304.101,304.101,303.601,303.901,304.001,303.201,295.601,303.601,302.501,301.501,301.401,302.001,297.101,302.101,303.101,305.301,300.301,306.901,309.601,303.601,298.501,281.401,273.001,282.301,301.701,303.401
296.701,285.101,284.201,284.601,293.701,306.201,306.501,308.901,307.701,307.001,305.101,302.201,285.901,285.801,284.101,306.401,307.001,306.501,305.701,304.101,301.601,304.501,302.101,304.401,302.401,301.701,299.801,295.601,303.101,305.701,304.401,301.501,291.801,273.601,298.301,308.101,299.201,314.801,310.901,307.301,305.001
298.601,300.901,285.101,284.001,282.701,283.101,307.701,305.401,307.001,304.601,303.701,303.801,287.801,285.001,290.701,305.201,304.001,305.801,303.401,304.301,301.001,300.401,302.101,302.001,303.301,300.801,302.301,271.801,301.801,303.401,302.701,302.501,303.401,303.201,297.701,294.801,294.901,294.901,312.001,310.401,303.901
299.501,302.101,302.501,301.601,295.401,304.801,306.101,305.301,302.801,302.101,303.801,301.101,302.501,302.301,302.701,302.601,302.801,303.701,302.401,301.601,300.901,300.101,299.901,299.801,298.101,298.701,300.801,301.301,304.101,304.701,305.601,302.501,302.601,302.501,303.101,300.801,297.901,293.601,276.601,288.901,302.201
299.101,301.201,301.401,302.301,302.401,302.001,304.301,302.401,301.201,300.001,299.901,299.501,301.101,300.001,301.301,301.501,302.101,300.501,300.301,299.701,299.401,301.101,301.301,300.901,298.601,298.701,299.901,302.301,301.501,303.201,301.501,302.601,302.501,298.101,297.101,302.601,300.901,273.101,297.901,297.101,295.001
297.501,298.301,300.501,302.001,300.601,301.201,300.501,299.301,297.901,297.901,298.701,298.201,298.701,300.701,301.301,302.401,301.701,302.901,301.601,301.801,300.101,301.601,302.901,301.801,300.701,300.601,299.101,298.601,298.701,297.101,297.701,299.101,297.401,297.301,295.801,294.901,294.701,291.701,273.201,273.201,274.601
296.401,296.801,297.501,298.601,298.101,297.901,297.301,298.501,298.301,297.701,297.501,298.201,299.201,299.701,300.801,301.901,302.701,303.501,303.301,303.101,303.101,303.801,304.501,302.401,303.101,301.501,301.701,301.501,299.201,298.201,299.801,300.801,301.201,298.501,296.901,294.401,283.201,276.201,273.201,280.401,275.801
295.801,296.501,296.701,296.801,297.401,296.601,296.101,297.401,296.601,297.101,295.401,297.801,299.301,299.801,301.201,302.301,302.501,304.001,302.801,301.101,302.201,302.301,302.601,301.501,299.001,299.601,297.701,301.001,302.101,302.601,301.501,299.401,297.401,297.301,296.801,291.701,278.401,277.001,278.201,277.201,274.401
294.801,295.801,295.901,296.001,295.601,296.001,296.501,295.801,296.001,296.401,294.801,296.901,296.701,297.101,298.901,300.401,301.401,302.101,301.301,301.101,297.401,299.501,297.601,299.701,299.501,300.701,300.901,301.001,301.101,300.501,299.701,297.601,294.001,292.201,290.401,290.401,289.101,286.501,285.201,284.401,282.301
293.301,294.201,295.201,295.201,296.201,297.001,297.101,298.001,297.401,295.401,294.601,295.201,297.301,296.401,297.901,297.601,299.001,299.601,299.901,297.101,298.601,297.701,297.801,298.701,301.701,300.601,302.101,300.801,298.301,297.101,295.101,295.201,293.201,290.301,289.201,289.101,289.401,289.601,288.501,287.401,287.001
289.201,292.801,282.601,293.801,293.401,294.101,295.701,294.901,297.001,295.901,295.201,292.801,295.401,297.001,298.201,298.801,298.901,298.401,298.401,298.101,297.401,297.101,298.901,297.001,299.601,300.201,299.501,296.201,294.201,292.301,292.201,290.701,290.301,288.401,285.601,282.301,281.001,282.001,280.101,279.501,280.501
288.801,287.801,273.401,293.201,292.801,293.401,294.401,294.801,297.201,295.901,295.001,295.601,294.801,296.701,295.801,297.801,297.201,296.801,298.401,296.601,297.201,296.701,297.101,295.201,297.101,296.401,297.501,292.401,290.101,288.701,288.001,282.201,287.101,283.301,282.901,281.501,283.101,279.501,278.801,278.601,278.601
