wind_kz.json
{"header": {"discipline":0,"disciplineName":"Meteorological products","gribEdition":2,"gribLength":1025,"center":7,"centerName":"US National Weather Service - NCEP(WMC)","subcenter":0,"refTime":"2023-08-22T18:00:00.000Z","significanceOfRT":1,"significanceOfRTName":"Start of forecast","productStatus":0,"productStatusName":"Operational products","productType":1,"productTypeName":"Forecast products","productDefinitionTemplate":0,"productDefinitionTemplateName":"Analysis/forecast at horizontal level/layer at a point in time","parameterCategory":2,"parameterCategoryName":"UnknownDiscipline_0_Category_2","parameterNumber":2,"parameterNumberName":"UnknownParameter_D0_C2_2","parameterUnit":"Unknown","genProcessType":2,"genProcessTypeName":"Forecast","forecastTime":240,"surface1Type":103,"surface1TypeName":"Specified height level above ground","surface1Value":10.0,"surface2Type":255,"surface2TypeName":"Missing","surface2Value":0.0,"gridDefinitionTemplate":0,"gridDefinitionTemplateName":"Latitude_Longitude","numberPoints":615,"shape":6,"shapeName":"Earth spherical with radius of 6,371,229.0 m","gridUnits":"degrees","resolution":48,"winds":"true","scanMode":64,"nx":41,"ny":15,"basicAngle":0,"lo1":47.0,"la1":41.0,"lo2":87.0,"la2":55.0,"dx":1.0,"dy":1.0}, "data":
[rows 0 to 14 of 15, columns 0 to 40 of 41]
-6.5129933,-0.20299317,0.78700686,1.0570068,0.5870068,2.0370069,2.247007,2.3170068,2.0670068,3.3170068,2.987007,-2.6429932,-4.192993,-3.6729932,-2.532993,-4.122993,-3.3929932,-3.002993,-4.2029934,-3.8229933,-2.8229933,-0.77299315,-0.13299316,-0.34299317,-1.2329931,-2.492993,-1.3429931,-0.0029931641,1.3170068,-0.47299317,1.2070068,0.7570068,0.10700683,-0.082993165,-2.752993,-1.5529932,-2.9229932,-3.6429932,-4.182993,-3.6129932,-4.432993
1.8670068,-0.14299317,-0.122993164,0.26700684,0.5870068,3.4170067,0.54700685,-1.8929932,-0.58299315,-0.89299315,-1.4329932,-2.6929932,-3.4229932,-2.742993,-2.3529932,-3.8529932,-3.2029932,-4.5129933,-3.8429933,-3.1429932,-1.6329932,-0.33299315,-0.6629932,-1.3229932,1.0970068,0.54700685,-0.5529932,0.26700684,-3.6729932,-2.7029932,-0.44299316,-1.7329931,-0.59299314,-0.78299314,0.27700683,-1.1829932,-2.1629932,-0.9129932,0.65700686,1.4370068,-4.4729934
-1.1829932,-2.012993,-0.022993164,0.13700683,-0.82299316,0.42700684,-1.5429932,0.78700686,-1.3429931,-2.5729933,-1.1629932,-1.9829931,-0.47299317,-0.37299317,-2.6229932,-3.2329931,-5.422993,-4.852993,-3.6129932,-1.5129932,1.2770069,2.8870068,1.7970068,-1.0029931,2.217007,1.4970069,-0.39299315,-1.8429931,-0.96299314,-0.69299316,-1.7929932,0.42700684,-0.07299317,-0.30299318,0.8770068,0.6470068,1.2070068,-0.41299316,4.097007,0.8870068,-0.6129932
-0.27299318,1.1470069,2.5670068,1.1770068,0.68700683,1.5270069,1.5370069,0.77700686,-0.5529932,-0.71299314,-0.32299316,-1.4229932,-2.2329931,-2.052993,-4.162993,-5.2629933,-5.2829933,-4.412993,-3.492993,-2.0929933,0.85700685,-0.35299316,3.737007,0.14700684,0.77700686,1.1970068,-2.5829933,-2.9629931,-1.6329932,-0.51299316,0.45700684,-3.052993,-1.2029932,-0.58299315,0.5670068,-0.9929932,-1.0029931,1.7870069,0.96700686,-0.70299315,0.99700683
2.5570068,5.0070066,7.107007,4.7770066,4.3870068,3.3970068,1.8370068,2.727007,3.0670068,2.3370068,0.42700684,0.5770068,-0.50299317,-1.4229932,-1.2929932,-2.242993,-1.6729932,-2.9629931,-2.8329933,-0.47299317,0.39700684,0.54700685,2.5870068,1.2970068,0.28700683,-3.8529932,-5.252993,-1.4429932,-4.082993,-3.042993,-3.552993,-1.6329932,-1.5729932,0.80700684,2.477007,2.957007,1.2970068,4.1570067,4.417007,4.077007,-2.992993
-0.022993164,-0.27299318,3.957007,6.067007,8.157007,8.077007,4.937007,4.327007,5.1370068,5.1570067,2.3770068,0.7070068,1.4870068,3.187007,1.4870068,0.74700683,-0.49299318,-1.8629931,-0.53299314,0.7570068,1.3570068,1.6070068,2.0970068,0.8770068,-1.3729931,-2.242993,-3.812993,-5.122993,-3.4329932,-2.4129932,-1.5629932,-1.9429932,-0.5529932,-0.112993166,0.8770068,0.67700684,-0.77299315,0.93700683,4.1970067,2.687007,-4.162993
0.84700686,0.84700686,1.0670068,1.4770068,1.2970068,0.47700682,5.1970067,6.5470066,7.057007,2.217007,-1.4029932,1.6070068,-0.22299317,2.5970068,3.7670069,2.8570068,1.4470068,1.0670068,2.8470068,0.10700683,1.2170068,2.3070068,1.4370068,0.8270068,-0.06299316,-1.9329932,-0.45299315,-0.64299315,0.6370068,1.6170068,-2.2329931,-0.09299316,0.8270068,0.5170068,-0.22299317,0.60700685,-1.3729931,0.55700684,-0.7329932,1.1170068,2.4070067
1.7770069,0.36700684,2.6670067,0.097006835,-0.41299316,1.9270068,1.8470068,0.55700684,2.7970068,1.0970068,-1.1729932,0.7670068,2.6770067,-0.6029932,-0.81299317,-0.06299316,-0.9829932,-2.802993,-3.3529932,-0.9329932,0.30700684,1.5670068,2.687007,1.4370068,1.6470069,-0.052993163,0.24700683,0.5670068,-0.18299316,1.4270068,0.8170068,2.3470068,-0.5529932,-0.45299315,-2.282993,0.027006837,2.957007,5.327007,5.747007,8.007007,1.6570069
-0.5429932,1.8670068,-0.9929932,-2.512993,0.98700684,0.9470068,1.5070069,1.4670068,1.2370068,0.38700685,1.9070069,2.697007,3.257007,1.6170068,3.0770068,0.7070068,-0.082993165,1.1970068,0.6270068,-0.09299316,-1.2729932,-2.6929932,-1.7629932,2.437007,1.5570068,0.68700683,0.61700684,0.35700685,-0.70299315,0.79700685,1.7870069,0.097006835,-0.90299314,-1.1229931,-0.41299316,0.6970068,1.5270069,-2.292993,0.037006836,1.8270068,-1.5929931
-1.1129931,-1.7529931,-1.4429932,-0.65299314,-1.3429931,0.43700683,1.6670069,0.33700684,0.54700685,-1.9729931,1.1670069,1.4570068,2.937007,2.8270068,3.6670067,0.72700685,2.8970068,1.0370069,-0.9929932,-0.7929932,-0.9829932,-2.3929932,-2.3629932,-1.9729931,-2.2329931,-0.78299314,-0.32299316,1.2470069,-1.6429932,-1.2729932,-1.3429931,-2.6929932,-3.032993,-0.6129932,1.2170068,1.3670068,-0.90299314,0.84700686,-0.9929932,0.057006836,-0.38299316
-2.3429933,-0.78299314,-0.41299316,0.55700684,1.8470068,2.6570067,1.7170068,2.3470068,1.7370068,0.96700686,1.3870069,1.8970069,-0.51299316,0.61700684,2.3370068,2.5170069,0.41700685,2.197007,-0.42299315,-0.97299314,1.1270069,-0.22299317,-0.6829932,-0.78299314,-0.64299315,-0.25299317,1.9070069,1.2170068,-0.28299317,-2.6129932,-2.9629931,-3.022993,-4.1129932,-1.0929931,1.3770069,-1.3429931,-1.1729932,-0.20299317,-0.42299315,-0.07299317,-1.0329932
0.5070068,0.27700683,1.7070068,1.9070069,2.0970068,2.3870068,2.6270068,2.3270068,2.3970068,2.6670067,1.3970069,3.3570068,3.8070068,1.7870069,3.1570067,2.4070067,2.1070068,-0.31299317,0.86700684,-0.8529932,-0.27299318,0.59700686,-0.25299317,0.46700683,0.6370068,1.0270069,0.097006835,0.53700686,1.1170068,-1.0629932,-2.8529932,-3.5829933,-3.2229931,-2.3429933,-0.9829932,-3.512993,-3.2029932,-1.8229932,-1.0029931,0.18700683,0.08700684
2.4270067,1.3170068,1.4270068,1.6470069,2.1770067,1.5570068,1.6770068,1.5270069,2.3770068,1.6770068,0.90700686,1.4470068,2.0370069,1.9570068,3.727007,2.4070067,2.6570067,0.31700683,0.6370068,0.5070068,0.24700683,0.78700686,0.44700682,-0.09299316,2.207007,2.3070068,0.65700686,1.1470069,-0.40299317,-1.2529931,-2.1329932,-2.2129931,-2.512993,-2.1329932,-2.292993,-3.5929933,-3.4129932,-1.6929932,-2.4529932,-1.6329932,-0.7929932
0.79700685,0.66700685,1.1070068,1.7670069,1.9670068,1.8070068,1.9870068,1.6870068,1.7470069,1.8270068,0.7670068,1.1370069,1.0670068,1.7070068,2.0370069,2.497007,1.9670068,0.93700683,0.40700683,0.8170068,0.8170068,1.5470068,0.92700684,1.2070068,0.73700684,1.0070069,-0.31299317,-0.40299317,-0.24299316,-3.4429932,-0.28299317,-0.6129932,-1.7029932,-1.7629932,-3.032993,-3.1229932,-3.1729932,-2.6129932,-2.0829933,-0.89299315,-0.07299317
0.31700683,1.5470068,1.0970068,1.2470069,2.197007,1.9670068,2.5170069,2.1570067,2.5370069,2.1570067,0.68700683,1.7070068,1.4670068,1.4270068,1.5270069,1.4570068,0.80700684,0.8270068,0.74700683,0.80700684,1.2770069,1.2170068,0.8770068,0.6270068,0.80700684,-0.35299316,0.037006836,0.84700686,1.9270068,1.1370069,-3.3929932,-1.6029931,-1.6529932,-2.242993,-1.7329931,-1.3029932,-2.492993,-3.062993,-1.5229932,-1.9829931,-0.6729932
