wind_kz.json
{"header": {"discipline":0,"disciplineName":"Meteorological products","gribEdition":2,"gribLength":1025,"center":7,"centerName":"US National Weather Service - NCEP(WMC)","subcenter":0,"refTime":"2023-09-23T12:00:00.000Z","significanceOfRT":1,"significanceOfRTName":"Start of forecast","productStatus":0,"productStatusName":"Operational products","productType":1,"productTypeName":"Forecast products","productDefinitionTemplate":0,"productDefinitionTemplateName":"Analysis/forecast at horizontal level/layer at a point in time","parameterCategory":2,"parameterCategoryName":"UnknownDiscipline_0_Category_2","parameterNumber":2,"parameterNumberName":"UnknownParameter_D0_C2_2","parameterUnit":"Unknown","genProcessType":2,"genProcessTypeName":"Forecast","forecastTime":240,"surface1Type":103,"surface1TypeName":"Specified height level above ground","surface1Value":10.0,"surface2Type":255,"surface2TypeName":"Missing","surface2Value":0.0,"gridDefinitionTemplate":0,"gridDefinitionTemplateName":"Latitude_Longitude","numberPoints":615,"shape":6,"shapeName":"Earth spherical with radius of 6,371,229.0 m","gridUnits":"degrees","resolution":48,"winds":"true","scanMode":64,"nx":41,"ny":15,"basicAngle":0,"lo1":47.0,"la1":41.0,"lo2":87.0,"la2":55.0,"dx":1.0,"dy":1.0}, "data":
[rows 0 to 14 of 15, columns 0 to 40 of 41]
3.780271,1.640271,-2.249729,-3.599729,-3.039729,-0.13972901,-0.969729,-7.539729,-7.509729,-6.809729,-7.019729,-8.189729,-6.599729,-5.699729,-4.519729,-3.299729,-1.929729,-3.119729,-2.199729,-1.359729,-1.329729,-1.439729,1.300271,2.700271,0.500271,1.630271,2.110271,1.940271,0.530271,0.570271,1.310271,0.440271,-1.839729,-0.119729005,-1.379729,0.700271,-2.739729,-2.619729,-3.579729,-0.649729,-3.249729
1.860271,0.270271,-0.889729,-2.069729,-0.939729,-0.409729,-7.069729,-7.609729,-5.969729,-6.079729,-7.169729,-6.149729,-5.419729,-4.819729,-3.839729,-3.539729,-2.949729,-3.689729,-3.089729,-1.749729,-0.289729,0.26027098,0.820271,1.040271,1.090271,1.160271,-0.48972902,0.920271,-2.349729,-1.339729,0.07027099,0.120271,2.190271,-1.899729,-0.19972901,-1.459729,0.48027098,-1.229729,-1.379729,-2.039729,-6.079729
2.540271,-1.179729,-2.209729,-4.309729,-0.499729,-4.509729,-7.749729,-7.449729,-8.619729,-5.219729,-5.509729,-5.779729,-5.099729,-4.919729,-3.509729,-3.769729,-3.259729,-2.029729,-1.209729,-2.619729,-2.099729,-2.159729,-0.449729,-4.189729,-2.469729,-3.049729,-1.969729,0.150271,-0.519729,-1.559729,-1.339729,1.330271,0.240271,-1.409729,-1.859729,0.530271,0.690271,-0.299729,5.350271,0.570271,0.310271
-3.029729,-3.769729,-4.449729,-2.769729,-1.699729,-6.649729,-6.709729,-7.019729,-7.859729,-6.539729,-6.479729,-6.759729,-4.509729,-2.669729,-4.919729,-3.829729,-2.459729,-1.969729,-2.409729,-1.189729,-0.859729,-5.439729,-5.309729,-5.509729,-5.949729,-6.389729,-6.569729,-6.969729,-6.619729,-4.479729,-2.179729,-4.699729,-5.379729,-2.489729,-3.269729,-1.249729,0.29027098,-0.189729,-0.16972901,0.570271,0.48027098
-9.169729,-8.609729,-7.899729,-8.259729,-7.989729,-6.949729,-6.919729,-6.939729,-4.899729,-4.709729,-5.469729,-6.249729,-4.249729,-2.549729,-1.199729,-3.799729,-3.789729,-5.649729,-6.789729,-6.769729,-6.829729,-6.369729,-5.859729,-5.919729,-6.019729,-6.269729,-6.689729,-4.129729,-5.519729,-4.619729,-5.669729,-4.129729,-1.309729,-0.299729,-2.259729,-1.989729,-1.959729,-5.679729,-5.499729,-2.149729,-1.529729
-8.019729,-6.449729,-8.909729,-7.859729,-6.819729,-6.099729,-6.029729,-5.469729,-5.169729,-3.709729,-4.429729,-4.559729,-2.139729,-0.369729,-1.629729,-3.239729,-4.069729,-4.889729,-5.129729,-4.979729,-6.049729,-5.459729,-4.589729,-4.159729,-3.779729,-4.799729,-5.009729,-4.239729,-4.109729,-4.109729,-5.549729,-4.519729,-3.129729,-1.619729,-0.499729,0.700271,-0.719729,-1.719729,-2.709729,-1.459729,0.370271
-4.729729,-6.219729,-4.719729,-6.749729,-5.129729,-4.039729,-4.149729,-3.659729,-3.039729,-2.609729,-1.799729,-1.509729,-2.429729,-2.069729,-2.629729,-2.039729,-2.479729,-3.099729,-2.399729,-4.159729,-3.329729,-2.989729,-3.139729,-3.239729,-3.469729,-2.699729,-2.669729,-2.059729,-0.399729,0.520271,-0.669729,-2.409729,-2.679729,-0.659729,0.490271,0.880271,0.170271,-0.669729,1.640271,-1.129729,0.330271
-6.909729,-6.559729,-5.849729,-4.869729,-4.189729,-3.619729,-2.989729,-2.629729,-2.239729,-1.449729,-0.749729,-0.929729,-0.619729,-0.709729,-0.559729,-0.639729,-1.3497291,-0.729729,-0.409729,-1.049729,-1.429729,-0.87972903,-1.149729,-0.579729,-0.799729,0.780271,-0.779729,-0.499729,-0.839729,0.840271,1.020271,0.19027099,-2.929729,-1.399729,-1.939729,0.530271,-0.979729,1.250271,2.930271,3.070271,2.080271
-5.619729,-5.699729,-5.279729,-3.809729,-3.689729,-2.489729,-1.289729,-1.559729,-1.379729,-1.249729,-0.929729,0.730271,0.090270996,-0.119729005,0.850271,0.370271,-0.379729,0.080271,-0.239729,-0.189729,0.670271,0.850271,0.770271,1.510271,1.960271,1.120271,1.830271,1.820271,1.140271,0.770271,0.660271,-0.719729,-1.719729,-1.049729,-0.479729,0.530271,-0.089729,-0.87972903,-1.299729,1.110271,-1.969729
-4.019729,-3.799729,-3.119729,-2.989729,-2.409729,-1.969729,-1.399729,-1.219729,0.230271,0.860271,0.920271,1.290271,0.630271,0.690271,1.200271,1.1502709,1.350271,1.780271,2.220271,2.590271,2.870271,2.740271,1.800271,1.960271,2.360271,2.170271,2.150271,2.460271,1.830271,1.770271,1.540271,-1.319729,-1.169729,0.110271,0.770271,0.460271,0.770271,-0.45972902,-0.129729,0.330271,-1.029729
-3.919729,-4.089729,-3.739729,-2.519729,-1.409729,-1.329729,-0.419729,-0.559729,0.300271,1.360271,1.720271,2.010271,1.250271,2.060271,1.9002709,2.070271,1.810271,2.260271,1.810271,3.040271,3.420271,3.370271,3.050271,3.290271,2.950271,3.090271,2.750271,2.970271,2.760271,2.210271,0.590271,0.780271,1.050271,1.230271,-0.449729,0.170271,-0.45972902,0.240271,0.340271,0.140271,0.19027099
-3.409729,-2.139729,-2.139729,-3.039729,-2.429729,-2.059729,-2.369729,0.270271,-1.469729,-1.499729,1.120271,2.600271,1.230271,2.220271,2.160271,2.440271,2.550271,2.670271,2.730271,3.090271,2.910271,2.980271,2.500271,2.760271,2.990271,3.290271,3.110271,2.920271,2.330271,2.380271,1.820271,2.510271,1.910271,1.960271,1.250271,0.380271,0.670271,0.270271,-0.719729,-0.869729,-0.369729
-2.479729,-3.529729,-1.329729,-1.5997291,-1.079729,-0.529729,0.320271,-0.81972903,-2.149729,-0.409729,0.550271,2.770271,2.170271,-0.019729003,-1.679729,0.760271,2.350271,2.470271,2.350271,2.720271,2.590271,2.910271,2.750271,3.010271,3.580271,3.380271,3.850271,3.340271,2.790271,2.780271,2.710271,2.560271,2.350271,2.410271,2.050271,2.200271,1.390271,0.68027097,1.230271,0.62027097,0.100270994
-1.499729,-1.669729,-0.799729,-0.87972903,-0.439729,-0.949729,-1.339729,-0.239729,-0.439729,-0.219729,1.290271,2.070271,1.940271,3.910271,3.640271,3.000271,3.490271,2.700271,2.000271,2.490271,2.910271,3.040271,3.320271,3.480271,3.850271,3.810271,3.430271,2.850271,2.740271,2.980271,2.970271,2.560271,2.110271,2.390271,2.030271,2.030271,1.640271,1.770271,1.620271,0.810271,0.100270994
-1.059729,0.320271,0.470271,0.950271,0.410271,0.140271,0.590271,1.070271,1.770271,2.270271,1.820271,1.870271,1.850271,2.120271,1.920271,1.920271,0.370271,1.890271,2.590271,4.480271,4.850271,2.750271,2.780271,3.260271,3.330271,3.390271,3.550271,3.690271,3.500271,3.390271,3.450271,3.700271,2.510271,2.290271,2.300271,2.420271,1.910271,2.270271,1.760271,1.670271,-0.309729
