wind.json
{"header": {"discipline":0,"disciplineName":"Meteorological products","gribEdition":2,"gribLength":1125,"center":7,"centerName":"US National Weather Service - NCEP(WMC)","subcenter":0,"refTime":"2023-06-27T00:00:00.000Z","significanceOfRT":1,"significanceOfRTName":"Start of forecast","productStatus":0,"productStatusName":"Operational products","productType":1,"productTypeName":"Forecast products","productDefinitionTemplate":0,"productDefinitionTemplateName":"Analysis/forecast at horizontal level/layer at a point in time","parameterCategory":2,"parameterCategoryName":"UnknownDiscipline_0_Category_2","parameterNumber":2,"parameterNumberName":"UnknownParameter_D0_C2_2","parameterUnit":"Unknown","genProcessType":2,"genProcessTypeName":"Forecast","forecastTime":240,"surface1Type":103,"surface1TypeName":"Specified height level above ground","surface1Value":10.0,"surface2Type":255,"surface2TypeName":"Missing","surface2Value":0.0,"gridDefinitionTemplate":0,"gridDefinitionTemplateName":"Latitude_Longitude","numberPoints":688,"shape":6,"shapeName":"Earth spherical with radius of 6,371,229.0 m","gridUnits":"degrees","resolution":48,"winds":"true","scanMode":64,"nx":43,"ny":16,"basicAngle":0,"lo1":45.0,"la1":40.0,"lo2":87.0,"la2":55.0,"dx":1.0,"dy":1.0}, "data":
[rows 0 to 15 of 16, columns 0 to 42 of 43]
-4.4303713,-3.7109375E-4,2.279629,-2.680371,-2.420371,-0.4903711,-4.1403713,-3.620371,-3.680371,-4.150371,-2.200371,-2.870371,-1.5803711,-1.0103711,0.4596289,1.0996289,1.069629,1.2496289,0.049628906,0.3696289,-0.6703711,2.1596289,-2.440371,1.9996289,0.7896289,-0.66037107,-0.39037108,-3.7109375E-4,-0.6503711,-0.6903711,-0.3503711,2.129629,-0.20037109,0.3696289,-0.9003711,-4.990371,-3.160371,-2.720371,-4.820371,-5.360371,-5.9703712,-5.260371,-5.610371
1.9096289,0.6396289,-1.2103711,-1.8903711,2.6696289,-0.6203711,-3.720371,-0.3403711,-2.2903712,-5.000371,-4.440371,0.47962892,-1.6203711,-0.39037108,0.4596289,-0.1603711,-0.6403711,0.2596289,0.1696289,0.7496289,-0.9603711,0.7296289,3.609629,1.1096289,-0.8003711,-2.720371,0.9096289,-2.2703712,-3.380371,-2.5103712,-0.8003711,0.039628908,-0.27037108,2.1496289,0.7996289,0.5396289,-1.8303711,-2.0903711,-3.620371,-3.0603712,-3.860371,-4.610371,-2.710371
-1.0703712,-2.2903712,2.2096288,2.009629,-1.8703711,-5.060371,-0.72037107,-4.6803713,-3.740371,-6.860371,-2.360371,-1.170371,-0.030371094,-1.5003711,-0.1903711,-1.0903711,0.6696289,0.44962892,1.9896289,-3.380371,-1.2603711,-1.3803711,-1.6303711,-1.8803711,-1.5903711,-3.460371,-0.7003711,-0.1703711,-0.8403711,-0.9003711,-1.4803711,-1.8503711,0.029628906,-0.33037108,-0.4303711,-2.940371,-0.010371094,0.1996289,-1.2003711,0.4996289,0.7296289,1.3796289,-0.0803711
-0.5703711,-0.2203711,1.569629,-4.770371,-6.9503713,-3.910371,-4.760371,-2.740371,-4.120371,-1.1203711,-2.490371,-1.2703711,-0.010371094,-0.6903711,-0.060371093,0.1496289,0.3396289,0.44962892,-2.360371,-0.5803711,-2.890371,-1.420371,-1.4503711,-3.880371,-3.5203712,-4.830371,1.6596289,-1.7703711,-1.3403711,-1.550371,-2.370371,-0.7103711,-0.4103711,1.9696289,-0.07037109,-0.2403711,0.4996289,-0.2903711,0.1896289,0.44962892,2.069629,2.1496289,1.7496289
2.359629,-2.680371,-3.7903712,-5.940371,-3.950371,-4.440371,-2.930371,-2.660371,-4.560371,0.6996289,-0.7703711,1.329629,0.77962893,1.4096289,-0.040371094,0.2996289,-0.9603711,-2.0803711,-1.5703712,-2.240371,-2.390371,-1.7603711,-1.0703712,-2.130371,-0.91037107,-3.610371,-4.4503713,-3.5403712,-3.660371,-8.670371,-4.830371,-1.5003711,0.6496289,-0.6203711,1.1396289,-1.1103711,-3.0203712,-1.7803711,-1.5003711,2.359629,0.5696289,-0.39037108,3.079629
-3.380371,-3.7903712,-4.840371,-5.500371,-6.570371,-5.830371,-4.350371,-2.8003712,-3.450371,-1.0403711,0.7996289,2.639629,3.639629,3.109629,0.7496289,0.6296289,-2.620371,-2.400371,-2.380371,-0.78037107,-0.8403711,-2.200371,-3.470371,-3.910371,-3.450371,-4.010371,-4.980371,-6.1603713,-4.3903713,-4.240371,-4.4703712,-3.710371,-3.7703712,-1.8903711,-3.940371,0.5196289,1.7696289,0.6696289,1.449629,2.1796288,1.4096289,2.799629,1.319629
-3.720371,-4.260371,-3.450371,-3.2803712,-4.100371,-3.890371,-3.650371,-4.600371,-5.9503713,-5.240371,-2.480371,-1.4103711,0.1496289,-3.7703712,-2.720371,-1.050371,-1.920371,-1.5003711,-1.1303711,-0.9603711,-1.060371,-4.060371,-4.310371,-3.230371,-3.5903711,-3.700371,-3.480371,-4.110371,-4.1403713,-5.670371,-4.630371,-5.6403713,-4.620371,-3.140371,-2.450371,-1.5103711,0.20962891,1.1296289,1.6596289,2.549629,5.409629,-1.430371,-1.8903711
-2.3103712,-2.490371,-2.3503711,-0.7303711,1.1096289,0.3096289,1.9596289,-2.990371,-3.5503712,-4.300371,-4.520371,-2.3403711,-4.300371,-3.680371,-2.880371,-2.5603712,-1.1003711,-2.440371,-1.6503711,-1.2403711,-1.3303711,-4.1403713,-3.480371,-3.700371,-3.670371,-3.240371,-4.780371,-5.340371,-4.4703712,-3.220371,-4.490371,-3.720371,-2.930371,-2.7703712,-0.6403711,-2.240371,-1.1203711,-1.7203711,-0.7003711,2.2396288,0.9496289,0.41962892,1.3696289
-2.640371,-4.070371,-4.290371,-0.6303711,-0.0803711,2.1696289,2.359629,-4.490371,-2.990371,-3.000371,-4.560371,-3.390371,-2.750371,-3.450371,-2.5703712,-3.3503711,-2.230371,-2.230371,-1.8803711,-2.380371,-2.620371,-4.4103713,-3.420371,-3.5903711,-2.0303712,-3.5503712,-3.3103712,-2.230371,-2.620371,-2.940371,-1.180371,-1.1503711,-1.420371,0.2896289,-0.4803711,0.23962891,-0.6203711,2.4796288,4.929629,5.729629,4.439629,4.469629,1.2696289
-3.740371,-5.330371,-7.350371,-1.6203711,-3.880371,-1.1503711,-4.960371,-7.270371,-6.170371,-4.030371,-2.0903711,-3.610371,-1.5403711,-2.2803712,-1.7303711,-2.0603712,-2.420371,-2.5503712,-2.230371,-1.6203711,-1.5403711,-2.870371,-4.030371,-2.970371,-3.370371,-2.690371,-3.3003712,-2.8403711,-2.0803711,-1.8403711,0.1696289,0.3196289,0.8496289,0.47962892,3.1896288,0.8996289,1.9296288,1.4896289,0.2796289,-2.5503712,-1.0103711,0.10962891,-0.72037107
-5.510371,-4.650371,-2.7603712,1.079629,-2.210371,-7.210371,0.5096289,-6.380371,-5.900371,-0.4803711,-4.600371,-0.9803711,-1.5003711,-2.2703712,0.12962891,0.8996289,-1.7203711,-0.6003711,-2.480371,-1.6303711,-2.5803711,-1.800371,-2.900371,-0.4303711,-1.2703711,-3.0303712,-2.2903712,-3.0703712,-2.6003711,-2.240371,-2.0903711,-0.3103711,1.069629,2.1796288,1.4996289,1.689629,0.9996289,0.7296289,-0.1603711,-0.0803711,-2.2803712,-0.1903711,0.0996289
-2.3003712,-0.5703711,0.2596289,-2.380371,0.6096289,-0.23037109,-1.6603711,-0.97037107,-1.3703711,-0.9503711,-0.120371096,-2.250371,-1.0003711,-0.8703711,0.5396289,0.23962891,0.8096289,-0.39037108,-0.4103711,-0.8803711,-1.5303711,-2.5403712,-1.9703711,-2.0603712,-2.430371,-2.210371,-1.560371,-2.3203712,-0.6303711,-0.1903711,0.1696289,0.6896289,1.2396289,1.329629,0.4896289,0.9196289,-0.0803711,0.6296289,-0.7603711,0.0996289,-0.27037108,0.5096289,-0.120371096
-1.560371,0.1396289,-0.30037108,-1.7603711,-0.15037109,1.3396289,1.4696289,1.569629,-1.4003711,-0.9003711,-1.4003711,-0.2403711,-0.060371093,-0.2403711,-1.0003711,-2.8303711,-0.2603711,0.7496289,1.4796289,1.5096289,0.1696289,0.2196289,-1.3803711,-0.5403711,-1.0803711,-0.97037107,-1.7603711,-0.3103711,0.2996289,2.999629,2.4696288,1.8396289,1.6396289,0.059628908,0.20962891,-0.4203711,-0.6703711,0.2896289,0.3796289,1.2196289,0.7896289,0.5496289,-0.1903711
-0.0803711,-0.6503711,0.0996289,1.0396289,0.12962891,0.1996289,0.5596289,-0.4203711,-0.4303711,-1.420371,-2.230371,0.1996289,0.2196289,-0.030371094,-1.430371,-1.1103711,-0.090371095,-0.11037109,1.3796289,1.569629,0.7896289,2.089629,1.5296289,0.58962893,1.1096289,1.079629,1.2296289,0.1896289,1.5196289,1.7396289,1.2896289,3.049629,2.7096288,1.6396289,1.1596289,0.2896289,0.6296289,1.2896289,1.5196289,0.52962893,0.6796289,0.3096289,-0.27037108
0.52962893,0.41962892,1.5396289,0.7896289,3.029629,1.2196289,0.8796289,0.9196289,0.1396289,-1.1003711,-0.10037109,-0.5703711,-0.5603711,-0.9003711,-0.1403711,0.3696289,0.2196289,0.089628905,0.1496289,-0.060371093,0.1696289,1.4696289,2.2396288,1.8796289,2.4896288,0.9296289,1.6696289,1.4196289,1.4796289,1.559629,1.9896289,1.3496289,2.999629,3.3996289,2.9896288,2.9396288,2.639629,1.5496289,1.7996289,0.2496289,0.1896289,0.44962892,-0.7903711
0.5696289,0.8496289,0.2296289,1.6696289,3.4596288,2.389629,2.339629,1.7296289,1.439629,0.06962891,1.0196289,-0.3203711,-0.9003711,-0.4003711,0.5496289,1.1196289,1.4796289,0.9896289,1.0096289,0.8096289,1.189629,0.8596289,0.77962893,2.9396288,2.889629,2.039629,1.9296288,2.1496289,2.2096288,2.249629,1.9196289,1.7196289,2.4796288,2.9396288,3.049629,2.4596288,2.109629,3.599629,2.519629,2.2196288,0.7996289,0.8796289,-0.5103711
