wind_kz.json
{"header": {"discipline":0,"disciplineName":"Meteorological products","gribEdition":2,"gribLength":871,"center":7,"centerName":"US National Weather Service - NCEP(WMC)","subcenter":0,"refTime":"2024-03-19T06:00:00.000Z","significanceOfRT":1,"significanceOfRTName":"Start of forecast","productStatus":0,"productStatusName":"Operational products","productType":1,"productTypeName":"Forecast products","productDefinitionTemplate":0,"productDefinitionTemplateName":"Analysis/forecast at horizontal level/layer at a point in time","parameterCategory":0,"parameterCategoryName":"UnknownDiscipline_0_Category_0","parameterNumber":0,"parameterNumberName":"UnknownParameter_D0_C0_0","parameterUnit":"Unknown","genProcessType":2,"genProcessTypeName":"Forecast","forecastTime":300,"surface1Type":1,"surface1TypeName":"Ground or water surface","surface1Value":0.0,"surface2Type":255,"surface2TypeName":"Missing","surface2Value":0.0,"gridDefinitionTemplate":0,"gridDefinitionTemplateName":"Latitude_Longitude","numberPoints":615,"shape":6,"shapeName":"Earth spherical with radius of 6,371,229.0 m","gridUnits":"degrees","resolution":48,"winds":"true","scanMode":64,"nx":41,"ny":15,"basicAngle":0,"lo1":47.0,"la1":41.0,"lo2":87.0,"la2":55.0,"dx":1.0,"dy":1.0}, "data":
[rows 0 to 14 of 15, columns 0 to 40 of 41]
284.86688,276.2669,281.7669,280.6669,281.36688,282.5669,285.86688,294.2669,290.0669,291.1669,288.9669,290.86688,289.9669,290.4669,290.36688,288.86688,290.0669,288.86688,290.5669,286.86688,288.86688,286.5669,285.5669,281.2669,286.36688,288.7669,281.9669,267.86688,263.9669,263.36688,265.2669,264.9669,278.2669,282.1669,285.5669,288.1669,287.4669,286.4669,287.2669,287.2669,286.0669
260.2669,281.0669,280.86688,280.86688,281.0669,281.6669,290.2669,289.5669,288.86688,288.0669,288.9669,287.9669,288.86688,288.86688,289.7669,289.2669,289.2669,289.36688,287.86688,287.1669,286.9669,284.6669,281.5669,275.7669,255.8669,270.5669,278.9669,270.0669,272.5669,264.36688,270.36688,256.4669,271.0669,248.5669,265.6669,282.7669,282.86688,285.4669,287.1669,281.0669,273.1669
284.0669,279.36688,280.7669,280.86688,280.7669,287.6669,288.2669,288.5669,287.7669,287.4669,286.0669,285.9669,286.2669,286.5669,286.4669,288.0669,287.36688,286.86688,287.0669,286.9669,287.7669,286.36688,287.7669,279.2669,284.6669,282.5669,284.5669,284.1669,281.5669,272.1669,260.36688,261.9669,274.0669,275.2669,277.1669,277.1669,269.4669,272.36688,274.1669,270.2669,263.0669
281.4669,279.5669,279.86688,280.2669,282.0669,287.4669,288.86688,288.0669,288.4669,287.1669,284.9669,282.9669,283.7669,284.4669,283.86688,285.5669,284.86688,286.0669,286.2669,286.1669,284.2669,280.1669,283.86688,287.5669,287.0669,285.6669,286.1669,282.6669,280.7669,280.4669,280.9669,279.9669,283.2669,284.1669,283.2669,278.7669,269.0669,266.0669,272.5669,278.6669,280.5669
282.9669,279.4669,279.1669,279.4669,281.7669,287.9669,289.0669,288.5669,287.1669,285.86688,285.7669,284.1669,282.36688,282.1669,280.86688,283.36688,284.0669,283.7669,283.9669,282.7669,282.6669,283.7669,282.9669,283.4669,283.1669,283.0669,282.36688,277.5669,279.86688,280.86688,282.2669,281.2669,272.9669,261.4669,274.1669,278.5669,278.5669,282.2669,282.0669,281.36688,278.1669
285.2669,284.7669,278.9669,276.7669,271.36688,273.0669,287.0669,288.7669,286.2669,286.0669,286.5669,285.7669,282.2669,281.9669,277.0669,282.9669,283.9669,282.86688,283.4669,282.5669,281.6669,281.2669,281.6669,280.36688,280.4669,279.0669,278.6669,272.0669,278.5669,279.1669,278.7669,279.1669,279.4669,276.9669,276.0669,276.2669,270.86688,270.86688,277.86688,277.2669,276.7669
285.6669,286.4669,287.9669,286.36688,280.9669,286.4669,287.86688,286.4669,286.9669,286.9669,285.36688,284.1669,284.36688,283.86688,283.4669,283.5669,282.5669,283.1669,281.6669,280.4669,279.86688,280.86688,280.1669,279.0669,271.36688,269.9669,267.5669,275.2669,274.2669,275.0669,274.36688,274.2669,275.36688,276.4669,275.36688,273.36688,266.5669,269.4669,259.6669,262.36688,271.36688
285.7669,284.6669,287.36688,287.86688,288.86688,288.4669,287.1669,285.86688,284.1669,284.36688,283.0669,282.86688,283.0669,282.6669,282.6669,284.6669,283.7669,283.5669,282.0669,280.7669,279.36688,278.1669,277.86688,277.5669,276.7669,273.7669,270.2669,263.7669,267.1669,264.1669,264.2669,268.2669,271.36688,271.2669,268.36688,264.1669,264.7669,268.9669,272.0669,272.4669,271.4669
284.36688,283.9669,286.36688,286.36688,287.5669,286.5669,285.36688,283.7669,282.5669,281.86688,283.1669,282.36688,281.5669,280.7669,281.86688,281.9669,281.1669,280.6669,280.5669,280.4669,277.86688,278.6669,278.86688,274.7669,273.36688,274.36688,272.5669,270.1669,269.1669,268.4669,263.5669,264.0669,271.1669,270.9669,269.9669,262.7669,262.0669,263.6669,261.7669,262.5669,260.2669
283.1669,284.4669,283.86688,284.2669,284.5669,283.36688,285.0669,283.9669,282.36688,281.86688,278.0669,273.7669,277.2669,273.9669,272.36688,273.36688,276.0669,276.0669,275.6669,274.2669,273.1669,273.86688,275.0669,274.7669,274.7669,273.36688,275.86688,273.6669,271.9669,271.7669,271.86688,273.0669,272.5669,272.1669,269.7669,265.5669,265.6669,263.4669,263.2669,265.4669,261.7669
285.5669,284.7669,283.1669,280.86688,279.9669,279.2669,278.86688,278.1669,276.7669,272.86688,272.9669,273.86688,273.7669,271.6669,271.0669,271.86688,271.1669,271.5669,271.2669,269.5669,270.36688,270.9669,272.2669,273.1669,273.1669,273.1669,273.1669,274.86688,274.5669,273.5669,272.36688,272.36688,270.2669,269.86688,269.1669,267.9669,265.4669,265.36688,267.6669,264.5669,263.86688
279.9669,279.1669,278.5669,278.0669,277.7669,277.36688,276.4669,275.2669,273.0669,272.1669,271.5669,272.4669,271.86688,270.7669,270.9669,270.0669,268.0669,267.6669,266.9669,267.0669,267.5669,268.0669,269.2669,271.5669,273.1669,273.1669,273.1669,271.2669,269.0669,269.7669,269.1669,267.5669,268.5669,267.1669,267.86688,268.0669,268.4669,267.86688,266.7669,267.2669,266.6669
277.1669,277.0669,276.86688,277.0669,276.5669,275.86688,274.4669,272.1669,271.9669,271.5669,272.0669,270.7669,270.36688,269.6669,269.1669,268.4669,266.4669,265.9669,264.4669,262.7669,262.86688,263.36688,264.7669,266.5669,266.4669,266.2669,266.9669,265.2669,264.7669,264.36688,263.7669,263.5669,263.36688,263.5669,263.6669,263.1669,263.6669,264.0669,261.1669,259.86688,262.1669
275.9669,275.4669,272.1669,274.6669,274.0669,273.0669,272.0669,272.0669,270.7669,270.6669,269.2669,268.1669,269.86688,268.0669,268.4669,265.1669,263.86688,263.86688,263.1669,262.1669,261.9669,261.86688,262.1669,262.1669,262.2669,262.4669,262.0669,262.0669,261.6669,261.2669,261.36688,260.7669,260.1669,260.1669,260.2669,256.5669,259.2669,257.0669,255.76689,254.6669,260.86688
274.4669,274.5669,269.0669,273.1669,272.5669,272.6669,271.86688,270.0669,269.86688,270.0669,268.6669,267.7669,264.6669,260.5669,260.9669,260.86688,261.6669,261.9669,263.6669,262.7669,262.36688,262.4669,262.0669,261.2669,260.7669,260.0669,259.86688,259.7669,259.36688,259.36688,258.6669,257.36688,256.86688,256.4669,256.36688,255.5669,254.76689,253.5669,250.8669,249.6669,249.26689
