wind_kz.json
{"header": {"discipline":0,"disciplineName":"Meteorological products","gribEdition":2,"gribLength":1025,"center":7,"centerName":"US National Weather Service - NCEP(WMC)","subcenter":0,"refTime":"2023-08-19T06:00:00.000Z","significanceOfRT":1,"significanceOfRTName":"Start of forecast","productStatus":0,"productStatusName":"Operational products","productType":1,"productTypeName":"Forecast products","productDefinitionTemplate":0,"productDefinitionTemplateName":"Analysis/forecast at horizontal level/layer at a point in time","parameterCategory":2,"parameterCategoryName":"UnknownDiscipline_0_Category_2","parameterNumber":3,"parameterNumberName":"UnknownParameter_D0_C2_3","parameterUnit":"Unknown","genProcessType":2,"genProcessTypeName":"Forecast","forecastTime":240,"surface1Type":103,"surface1TypeName":"Specified height level above ground","surface1Value":10.0,"surface2Type":255,"surface2TypeName":"Missing","surface2Value":0.0,"gridDefinitionTemplate":0,"gridDefinitionTemplateName":"Latitude_Longitude","numberPoints":615,"shape":6,"shapeName":"Earth spherical with radius of 6,371,229.0 m","gridUnits":"degrees","resolution":48,"winds":"true","scanMode":64,"nx":41,"ny":15,"basicAngle":0,"lo1":47.0,"la1":41.0,"lo2":87.0,"la2":55.0,"dx":1.0,"dy":1.0}, "data":
[rows 0 to 14 of 15, columns 0 to 40 of 41]
2.9581714,1.0581714,-0.8318286,-1.7518287,-0.6418286,-0.5918286,0.7381714,1.2381713,0.41817138,1.3381714,-0.6818286,-1.0818286,-0.8318286,-1.7118286,-2.2818286,-2.9118285,-0.9418286,0.3381714,-3.0518286,-2.3218286,-1.3518286,-2.7618287,-2.1218286,1.2381713,2.5881715,0.2781714,0.7881714,-1.7218286,0.5681714,5.118171,3.0681715,2.7081714,-1.2418286,-2.8918285,-2.7918286,1.6581714,5.7681713,4.4981713,3.8281715,2.6881714,2.8881714
1.8181714,1.7981714,2.7581713,-1.6518286,-2.9118285,-0.9918286,-1.9718286,2.2381713,1.7181714,0.5681714,0.048171386,-0.9018286,-1.0918286,-1.4218286,-3.0418286,-2.4718287,-1.4918286,-1.4918286,-1.9918286,-3.2918286,-3.7918286,-3.0518286,-2.1118286,-0.5918286,3.3781714,3.3781714,3.6081715,1.6881714,0.6781714,2.9481714,0.32817137,5.2581716,1.1781714,2.4181714,3.1381714,1.4681714,6.2081714,2.0681715,3.0781715,0.028171387,-0.0018286132
-2.0918286,-2.8618286,-3.4818287,-0.5718286,-0.0018286132,0.4281714,0.5081714,0.028171387,1.3481714,1.0081714,1.0881714,1.0281714,-0.3118286,-0.3218286,-1.6318287,-2.2218287,-1.9318286,-1.8018286,-2.8018286,-3.8218286,-4.7618284,-2.9318285,1.1081713,1.4581714,-2.6518285,-2.8118286,-2.5418286,-3.0618286,-1.1918286,-1.6618286,1.3981714,2.6681714,2.1781714,2.1881714,0.4681714,-2.3618286,3.1281714,2.6281714,1.8781714,5.9981713,2.9781713
-2.0818286,-1.5418286,-2.6418285,-1.1718286,-0.3418286,-0.3218286,-0.11182861,-0.60182863,-0.4818286,-0.27182862,-0.17182861,0.09817138,-0.33182862,2.5781715,0.6981714,-0.3218286,-1.0718286,-1.3018286,-2.4218285,-3.0218287,-4.0518284,-0.121828616,-2.4118285,-2.4018285,-1.4118286,0.8581714,-0.6418286,-0.3418286,-3.7318287,0.51817137,7.7181716,1.4781713,1.1981714,-0.21182862,-0.30182862,2.6381714,4.428171,3.6281714,-3.9218285,-3.2318287,-0.6118286
-4.5818286,-2.6518285,-2.3718286,-0.3218286,0.71817136,-0.041828614,-1.1718286,-0.5818286,-0.3418286,-0.27182862,-0.3818286,-1.0118287,-2.1118286,-1.3818287,-1.6218286,1.3081714,0.51817137,-0.11182861,-0.8318286,-1.6718286,-1.6518286,-1.8218286,-1.5518286,-1.3318286,-2.3918285,2.1881714,2.8181715,0.77817136,4.9481716,2.9981713,0.5781714,-1.0718286,-0.1618286,1.3981714,0.4281714,2.4881713,1.1881714,0.3981714,-1.5118287,0.5481714,2.8081713
-1.7618287,-1.6718286,-4.4118285,-4.4318285,-3.7618287,-4.0118284,-1.0718286,-1.1718286,-1.3118286,-1.2318286,-1.5618286,-1.2118286,-0.27182862,-1.2918286,-0.2818286,-1.3918287,-0.07182861,0.10817139,0.7281714,0.6081714,-0.6718286,-0.3118286,-1.3218286,-0.2518286,0.15817139,1.2881714,5.368171,5.6281714,4.8281713,3.8781714,1.3581713,-0.5018286,-1.6818286,-4.2718287,-2.1418285,0.12817138,-4.0618286,-2.1418285,1.3581713,1.9881713,0.008171387
-1.9718286,-2.4118285,-2.5718286,-2.9118285,-2.5518286,-2.3418286,-2.0518286,-1.0218287,-1.0418286,-0.9218286,-1.8318286,-1.4818286,-1.2518287,-1.1918286,-0.6118286,-0.49182862,-0.031828612,0.95817137,1.4881713,1.2281713,0.9981714,1.4481714,0.24817139,0.16817139,1.2181714,1.8381714,7.3281713,8.8181715,7.408171,7.0381713,5.2181716,2.4981713,0.11817139,0.96817136,1.4881713,2.4281714,3.3981714,3.8181715,3.6781714,5.3081713,-0.7618286
-3.4318285,-4.6618285,-4.1218286,-2.6018286,-4.9918284,-4.3918285,-3.3118286,-2.3618286,-3.0618286,-1.3218286,-1.2318286,-1.8018286,-1.7418286,-0.7418286,-0.37182862,0.11817139,0.64817137,1.3481714,2.2981713,3.0981715,3.5181713,3.2681713,2.6581714,2.1081715,2.0981715,3.8681715,8.388171,10.048171,9.738172,7.9481716,6.0181713,4.5281715,4.118171,3.6481714,1.1081713,0.9981714,-0.8418286,-1.4218286,-0.4518286,0.06817139,0.7381714
-3.8418286,-3.6318285,-4.8318286,-5.3018284,-5.3518286,-5.071829,-4.631829,-4.5118284,-5.0418286,-3.7818286,-2.4518287,-2.3618286,-3.5018287,-2.6018286,-1.1818286,-2.1518285,-0.37182862,1.5181714,2.9881713,3.0481713,4.5581713,5.3281713,4.408171,3.4381714,4.6481714,3.8981714,5.1481714,11.168171,10.938171,9.508171,8.418171,7.5081716,4.8581715,4.9781713,2.7881713,3.9381714,3.0181713,-0.22182861,4.2481713,2.8681715,1.6181713
-4.2318287,-4.2418284,-5.1618285,-5.0618286,-4.9718285,-4.901829,-3.8918285,-3.6918287,-4.401829,-3.3218286,-4.2718287,-2.7518287,-2.7918286,-1.0418286,-0.5818286,-0.07182861,0.25817138,1.4981713,1.9581714,3.7081714,4.4181714,6.4181714,6.0081716,4.5081716,3.2381713,4.388171,3.5781715,4.8781714,9.608171,9.5681715,8.468171,7.3581715,5.6881714,5.618171,3.7081714,2.7481713,3.0981715,2.7481713,1.4281714,2.1981714,2.6481714
-5.2718287,-5.1718287,-5.9618287,-6.1618285,-5.841829,-4.5618286,-4.821829,-4.5418286,-5.5218287,-4.6018286,-4.3018284,-2.1418285,-2.4918287,-1.7618287,-0.6218286,0.14817138,-0.9618286,-1.0618286,1.5881714,5.4581714,6.928171,7.928171,5.848171,5.5181713,4.0081716,3.6981714,5.0481715,3.2281713,8.3181715,7.368171,6.9481716,8.108171,7.138171,4.888171,4.2881713,4.4981713,3.7081714,1.3681713,3.5281713,1.6281714,0.44817138
-5.7918286,-6.2918286,-5.7718287,-6.2418284,-5.5818286,-6.091829,-5.9218287,-6.131829,-5.1618285,-3.7918286,-2.7118287,-2.9418287,-3.0618286,-1.4118286,-0.14182861,-1.0818286,-0.73182863,-0.3818286,4.158171,5.158171,6.0481715,7.368171,6.9181714,5.848171,4.6081715,2.7881713,4.6681714,0.83817136,6.9781713,7.5781713,8.178171,8.978171,5.4881716,4.658171,3.8381715,3.1081715,2.0381713,-0.2518286,-0.85182863,-1.1018286,-0.061828613
-5.2318287,-6.4918284,-6.151829,-5.6218286,-5.4918284,-4.611829,-5.9618287,-6.2618284,-6.901829,-5.1218286,-1.6118286,-2.2418287,-3.5118287,-2.5418286,-2.2618287,-0.7518286,-0.0018286132,0.15817139,2.8081713,4.8781714,7.6681714,6.2481713,6.7681713,7.0681715,5.7181716,2.5881715,5.5581713,2.6981714,3.9281714,9.308171,9.038172,7.7481713,5.2181716,4.6981716,4.5181713,2.7081714,1.3281714,0.47817138,0.6681714,-0.30182862,0.6781714
-5.4218287,-6.5018287,-7.5118284,-6.1818285,-5.4818287,-5.6718287,-5.841829,-6.4618287,-6.7118287,-6.3018284,-1.0718286,-0.98182863,-2.2918286,-4.6918287,-4.151829,-5.571829,-4.0318284,-3.0518286,-0.6418286,0.9381714,4.4181714,4.6981716,4.408171,5.118171,5.7081714,7.638171,5.9581714,6.7981715,5.2381716,9.078172,9.008171,6.8981714,5.5281715,4.408171,2.8781714,3.2681713,2.3081713,0.8181714,-0.9618286,-0.121828616,-0.3518286
-3.8818285,-5.841829,-8.281829,-5.6718287,-5.8118286,-4.9618287,-4.9418287,-5.7918286,-5.9518285,-4.8718286,-3.1418285,-4.0018287,-1.8818287,-3.9918287,-6.2018285,-6.0218287,-4.5818286,-3.9518287,-3.4518287,0.35817137,1.7581714,3.3781714,3.1181715,6.098171,6.0081716,9.208172,6.118171,10.208172,6.2781715,8.248172,5.5881715,6.0081716,4.9681716,3.6381714,1.8881714,2.1281714,-0.0118286135,-0.78182864,-2.1718285,-2.4118285,0.10817139
