wind_kz.json
{"header": {"discipline":0,"disciplineName":"Meteorological products","gribEdition":2,"gribLength":871,"center":7,"centerName":"US National Weather Service - NCEP(WMC)","subcenter":0,"refTime":"2023-08-22T18:00:00.000Z","significanceOfRT":1,"significanceOfRTName":"Start of forecast","productStatus":0,"productStatusName":"Operational products","productType":1,"productTypeName":"Forecast products","productDefinitionTemplate":0,"productDefinitionTemplateName":"Analysis/forecast at horizontal level/layer at a point in time","parameterCategory":0,"parameterCategoryName":"UnknownDiscipline_0_Category_0","parameterNumber":0,"parameterNumberName":"UnknownParameter_D0_C0_0","parameterUnit":"Unknown","genProcessType":2,"genProcessTypeName":"Forecast","forecastTime":240,"surface1Type":1,"surface1TypeName":"Ground or water surface","surface1Value":0.0,"surface2Type":255,"surface2TypeName":"Missing","surface2Value":0.0,"gridDefinitionTemplate":0,"gridDefinitionTemplateName":"Latitude_Longitude","numberPoints":615,"shape":6,"shapeName":"Earth spherical with radius of 6,371,229.0 m","gridUnits":"degrees","resolution":48,"winds":"true","scanMode":64,"nx":41,"ny":15,"basicAngle":0,"lo1":47.0,"la1":41.0,"lo2":87.0,"la2":55.0,"dx":1.0,"dy":1.0}, "data":
[rows 0 to 14 of 15, columns 0 to 40 of 41]
295.347,287.44696,289.04697,298.64697,298.54697,297.74698,297.04697,300.54697,299.14697,300.847,299.94696,301.347,300.74698,299.847,298.74698,295.44696,294.847,295.24698,293.94696,294.347,294.847,291.74698,291.847,289.94696,293.54697,293.94696,290.847,279.64697,278.847,281.44696,279.54697,281.14697,293.347,298.24698,299.64697,298.24698,298.347,299.847,299.54697,299.44696,299.74698
275.64697,289.847,298.44696,298.54697,298.44696,297.347,298.347,298.347,299.74698,298.54697,298.94696,299.64697,297.847,296.14697,293.24698,294.44696,296.14697,293.847,294.64697,292.14697,292.44696,293.54697,291.04697,285.347,277.94696,278.54697,287.847,281.347,281.847,276.04697,284.24698,277.04697,284.347,267.04697,282.14697,298.04697,296.24698,298.14697,301.44696,293.347,284.14697
290.847,298.24698,298.54697,298.64697,297.24698,293.74698,294.54697,294.14697,294.94696,295.64697,296.44696,296.347,295.14697,296.64697,295.847,297.24698,294.44696,291.54697,291.04697,291.14697,294.44696,292.04697,291.347,289.14697,292.74698,291.94696,293.14697,290.24698,289.74698,283.54697,276.74698,277.847,282.64697,285.24698,287.64697,286.24698,279.04697,281.64697,283.94696,281.347,280.347
291.24698,299.14697,298.847,297.64697,294.54697,291.847,292.847,292.24698,292.64697,292.347,292.94696,295.14697,295.14697,294.44696,297.44696,293.04697,293.94696,291.24698,289.74698,295.14697,290.04697,289.54697,293.847,295.04697,295.74698,297.44696,294.64697,294.54697,292.94696,294.04697,297.347,292.94696,297.94696,295.44696,294.14697,290.94696,279.64697,282.54697,285.44696,296.24698,298.64697
292.44696,298.847,299.14697,298.54697,295.64697,291.94696,292.847,293.24698,292.847,292.64697,292.04697,291.347,294.847,293.44696,291.347,296.94696,294.24698,293.04697,289.14697,291.54697,292.04697,292.64697,292.74698,293.24698,295.54697,294.04697,293.24698,293.347,293.54697,294.64697,297.54697,294.04697,284.14697,276.347,287.44696,295.54697,295.74698,301.14697,300.44696,300.74698,300.64697
290.74698,288.74698,296.74698,297.94696,298.14697,297.44696,292.14697,292.64697,292.74698,292.74698,292.94696,291.64697,293.347,294.24698,291.847,292.347,294.24698,294.64697,293.24698,292.64697,289.64697,291.54697,290.64697,292.54697,292.847,292.54697,294.74698,292.74698,295.04697,295.847,294.64697,296.347,292.24698,290.64697,290.347,292.94696,288.14697,291.64697,297.64697,299.74698,299.54697
289.24698,287.74698,289.64697,291.847,293.94696,291.94696,292.14697,292.94696,293.847,293.44696,291.347,291.44696,291.44696,292.347,291.24698,292.847,293.24698,295.04697,292.347,292.14697,290.847,290.44696,290.847,292.44696,291.44696,292.14697,291.64697,293.04697,291.64697,293.347,293.847,293.847,295.04697,295.347,291.94696,291.94696,289.24698,285.64697,284.54697,283.64697,296.64697
289.24698,287.847,290.64697,288.74698,293.847,293.847,293.347,291.347,291.347,290.04697,288.04697,288.14697,288.24698,289.74698,289.54697,291.44696,291.64697,292.14697,291.347,288.74698,289.94696,288.14697,289.14697,289.347,288.94696,285.54697,287.347,288.94696,288.64697,290.44696,288.94696,290.847,289.44696,288.847,289.847,292.347,295.347,289.54697,296.847,297.347,291.347
288.04697,289.14697,290.347,289.14697,292.04697,291.847,290.54697,289.847,289.14697,288.64697,288.24698,285.847,285.94696,286.74698,287.347,287.347,290.64697,288.74698,288.54697,287.847,286.74698,286.94696,288.44696,287.24698,285.74698,286.54697,284.64697,282.847,283.64697,282.44696,284.94696,285.14697,286.64697,289.14697,288.64697,287.347,291.847,292.94696,283.347,283.64697,281.347
286.44696,288.14697,287.347,286.74698,288.04697,288.44696,288.64697,285.74698,285.847,286.14697,287.347,285.74698,284.44696,285.347,285.94696,287.14697,286.94696,287.64697,287.54697,286.14697,287.54697,286.74698,287.94696,287.54697,286.14697,285.14697,284.04697,284.94696,285.24698,285.54697,285.04697,289.44696,290.04697,290.14697,287.847,288.347,288.44696,288.64697,284.04697,282.94696,282.04697
288.847,287.14697,287.04697,285.847,286.94696,285.44696,283.64697,286.347,285.44696,282.847,282.54697,284.347,285.64697,284.14697,284.64697,284.64697,285.847,287.347,286.847,285.44696,285.24698,284.44696,283.64697,284.04697,284.44696,284.64697,283.74698,286.54697,287.44696,289.44696,290.64697,290.847,289.94696,290.04697,289.04697,286.24698,284.347,283.44696,284.44696,284.24698,283.94696
286.847,287.24698,286.64697,285.44696,284.347,283.44696,283.64697,282.14697,282.94696,282.847,281.54697,282.14697,283.44696,283.24698,283.847,283.54697,284.64697,284.64697,284.54697,284.64697,283.44696,284.44696,283.24698,282.64697,283.44696,284.347,285.44696,288.04697,289.54697,290.24698,288.54697,289.44696,289.64697,287.54697,287.74698,287.54697,288.14697,287.94696,288.24698,288.54697,288.14697
285.44696,284.14697,285.04697,283.94696,284.24698,283.14697,282.94696,280.04697,281.94696,281.94696,280.54697,279.54697,282.54697,281.74698,282.64697,282.74698,282.347,283.24698,283.54697,282.64697,282.44696,282.44696,281.64697,281.44696,283.14697,286.14697,286.54697,287.347,290.74698,289.44696,289.14697,288.64697,287.847,288.847,287.64697,287.14697,286.74698,288.24698,287.44696,287.347,288.54697
284.24698,283.847,286.74698,283.44696,283.24698,282.54697,282.64697,281.847,282.24698,282.44696,280.64697,279.04697,279.64697,281.94696,281.74698,282.04697,282.44696,282.24698,282.24698,282.54697,282.347,282.44696,283.847,283.64697,284.44696,284.847,287.14697,286.64697,286.94696,287.847,288.14697,287.24698,287.44696,290.54697,288.94696,286.04697,286.04697,285.24698,284.94696,285.24698,285.847
284.04697,283.74698,290.24698,283.14697,283.74698,282.74698,282.54697,282.44696,280.04697,281.04697,279.74698,278.94696,278.64697,280.54697,279.44696,281.847,282.24698,280.94696,281.24698,281.04697,281.74698,282.94696,282.94696,282.347,283.54697,283.64697,285.04697,284.847,284.74698,286.04697,287.847,286.04697,286.54697,285.64697,289.74698,285.64697,285.74698,284.64697,284.04697,285.64697,285.64697
