wind_kz.json
{"header": {"discipline":0,"disciplineName":"Meteorological products","gribEdition":2,"gribLength":948,"center":7,"centerName":"US National Weather Service - NCEP(WMC)","subcenter":0,"refTime":"2023-08-27T18:00:00.000Z","significanceOfRT":1,"significanceOfRTName":"Start of forecast","productStatus":0,"productStatusName":"Operational products","productType":1,"productTypeName":"Forecast products","productDefinitionTemplate":0,"productDefinitionTemplateName":"Analysis/forecast at horizontal level/layer at a point in time","parameterCategory":0,"parameterCategoryName":"UnknownDiscipline_0_Category_0","parameterNumber":0,"parameterNumberName":"UnknownParameter_D0_C0_0","parameterUnit":"Unknown","genProcessType":2,"genProcessTypeName":"Forecast","forecastTime":300,"surface1Type":1,"surface1TypeName":"Ground or water surface","surface1Value":0.0,"surface2Type":255,"surface2TypeName":"Missing","surface2Value":0.0,"gridDefinitionTemplate":0,"gridDefinitionTemplateName":"Latitude_Longitude","numberPoints":615,"shape":6,"shapeName":"Earth spherical with radius of 6,371,229.0 m","gridUnits":"degrees","resolution":48,"winds":"true","scanMode":64,"nx":41,"ny":15,"basicAngle":0,"lo1":47.0,"la1":41.0,"lo2":87.0,"la2":55.0,"dx":1.0,"dy":1.0}, "data":
[rows 0 to 14 of 15, columns 0 to 40 of 41]
300.8552,285.5552,290.6552,298.1552,297.9552,296.5552,305.4552,304.7552,298.5552,307.4552,307.7552,301.5552,312.0552,315.8552,315.5552,317.9552,318.0552,317.4552,320.4552,318.5552,321.3552,316.5552,320.5552,317.4552,316.8552,319.8552,320.7552,303.8552,302.4552,299.6552,298.4552,294.4552,308.7552,319.8552,325.7552,323.1552,324.5552,324.5552,325.6552,326.3552,324.0552
272.8552,294.4552,297.7552,298.0552,297.9552,296.4552,295.7552,302.0552,295.5552,299.6552,296.2552,298.5552,299.2552,313.8552,313.6552,315.6552,317.5552,318.6552,318.9552,320.0552,312.2552,317.0552,312.7552,307.6552,294.8552,298.8552,310.4552,303.5552,304.9552,294.9552,303.1552,291.8552,302.4552,273.1552,296.9552,313.3552,317.6552,315.4552,323.9552,313.1552,287.1552
294.5552,297.2552,297.9552,297.9552,296.3552,298.5552,304.4552,297.4552,295.1552,292.9552,298.0552,301.6552,295.6552,300.7552,310.4552,313.8552,314.2552,314.8552,316.1552,317.7552,321.8552,318.9552,318.1552,309.6552,317.9552,313.2552,316.4552,316.4552,314.8552,306.1552,295.9552,297.1552,303.9552,305.9552,302.0552,304.0552,300.8552,299.3552,302.5552,296.7552,291.7552
298.8552,297.2552,297.7552,297.1552,294.7552,301.3552,303.5552,294.2552,301.0552,300.6552,301.4552,303.8552,294.2552,293.4552,303.8552,309.7552,308.9552,315.5552,313.2552,316.3552,314.5552,316.7552,312.8552,307.1552,309.7552,312.2552,310.3552,314.1552,308.8552,316.1552,314.2552,313.8552,315.3552,322.1552,320.3552,312.8552,299.6552,292.7552,300.0552,310.0552,314.2552
303.1552,296.0552,296.9552,296.2552,298.9552,305.1552,306.7552,306.8552,300.3552,299.3552,300.3552,297.3552,293.6552,292.3552,290.6552,305.3552,308.8552,309.1552,309.8552,309.8552,310.8552,313.5552,316.7552,315.0552,316.0552,314.0552,313.0552,308.7552,314.3552,316.2552,318.6552,319.6552,296.8552,289.4552,302.0552,313.6552,309.8552,317.2552,315.3552,316.8552,317.1552
301.8552,300.7552,294.6552,294.6552,295.4552,294.8552,307.8552,307.2552,307.4552,305.1552,302.2552,302.9552,295.1552,293.5552,294.8552,302.8552,304.8552,309.1552,308.1552,301.7552,300.7552,303.5552,301.1552,312.5552,300.9552,298.3552,307.2552,292.2552,310.5552,312.9552,315.5552,314.1552,316.2552,313.6552,308.8552,307.5552,302.0552,302.1552,315.4552,316.2552,314.8552
300.7552,301.8552,301.3552,301.3552,299.0552,302.6552,306.1552,306.4552,305.5552,303.6552,308.0552,304.2552,303.5552,303.9552,304.1552,303.6552,305.5552,303.2552,308.0552,307.6552,303.1552,299.2552,297.1552,301.9552,303.7552,305.5552,310.0552,310.2552,309.8552,313.8552,315.6552,316.6552,315.3552,313.7552,314.1552,310.9552,303.7552,299.9552,300.3552,297.6552,312.5552
300.2552,301.3552,300.8552,300.7552,300.1552,301.0552,302.4552,301.7552,301.3552,300.9552,300.9552,301.2552,300.9552,300.1552,302.4552,302.2552,303.8552,305.8552,304.6552,306.3552,301.7552,298.8552,297.4552,296.4552,295.8552,298.0552,300.9552,305.6552,305.5552,306.4552,304.0552,307.8552,307.7552,304.2552,307.3552,307.8552,310.4552,289.6552,314.1552,312.4552,309.9552
300.2552,298.7552,300.1552,301.2552,299.8552,301.3552,301.0552,300.0552,299.4552,299.3552,298.8552,298.5552,297.8552,298.7552,298.0552,299.0552,299.0552,295.5552,290.9552,296.4552,303.2552,299.1552,295.7552,297.2552,296.8552,298.4552,297.5552,299.7552,301.3552,298.5552,298.5552,300.3552,300.2552,303.6552,302.9552,302.6552,305.7552,305.1552,293.6552,293.2552,294.5552
297.9552,295.0552,296.4552,297.1552,299.2552,300.8552,301.5552,299.0552,297.8552,298.4552,297.2552,295.8552,296.4552,296.2552,296.6552,296.6552,297.3552,288.6552,287.3552,287.4552,290.4552,289.8552,296.3552,296.7552,297.4552,300.4552,302.4552,300.9552,299.8552,300.1552,298.0552,299.5552,299.1552,301.1552,301.9552,300.6552,297.2552,294.6552,295.0552,294.0552,291.6552
296.3552,295.5552,294.8552,295.3552,296.5552,297.4552,299.9552,300.0552,298.7552,296.8552,294.2552,293.3552,294.7552,294.6552,294.5552,294.6552,294.7552,296.0552,295.4552,295.1552,285.0552,285.7552,285.8552,291.6552,296.7552,296.1552,298.8552,301.4552,302.6552,303.8552,301.2552,301.2552,301.1552,298.2552,298.3552,298.5552,293.2552,293.3552,297.1552,292.7552,291.6552
296.4552,297.9552,298.1552,294.2552,297.3552,297.4552,296.7552,297.4552,297.7552,296.4552,293.3552,293.4552,294.3552,293.7552,293.9552,295.0552,295.3552,295.7552,296.0552,295.5552,293.9552,292.1552,289.7552,284.8552,287.4552,293.5552,296.0552,296.9552,296.6552,296.8552,297.1552,298.9552,297.6552,298.7552,296.0552,297.8552,296.8552,296.4552,294.1552,294.7552,294.6552
292.6552,296.3552,298.3552,294.4552,291.8552,290.3552,288.3552,290.7552,293.2552,292.1552,290.1552,289.8552,293.4552,292.3552,293.2552,293.5552,293.6552,293.1552,294.3552,293.7552,293.7552,287.2552,289.7552,287.4552,284.1552,287.7552,295.5552,294.0552,292.9552,291.4552,291.3552,295.6552,297.0552,297.6552,298.3552,298.4552,296.7552,295.0552,296.3552,295.3552,294.0552
294.3552,295.8552,291.2552,295.8552,295.0552,294.8552,288.7552,290.1552,289.1552,286.7552,284.4552,287.4552,290.2552,290.9552,291.7552,291.0552,291.8552,291.9552,290.6552,292.4552,292.9552,292.8552,292.6552,284.8552,284.1552,284.4552,284.3552,285.0552,286.8552,291.1552,296.1552,297.2552,297.2552,296.8552,297.5552,297.8552,294.6552,296.0552,296.4552,291.7552,296.0552
291.5552,295.0552,289.4552,293.4552,294.1552,289.9552,294.0552,290.2552,287.6552,286.0552,284.7552,284.2552,282.3552,283.0552,290.5552,291.0552,291.8552,291.5552,291.7552,291.3552,292.8552,293.5552,293.4552,286.0552,284.5552,283.6552,283.8552,283.6552,285.1552,295.6552,293.5552,290.8552,292.9552,292.4552,292.4552,294.2552,295.6552,297.2552,295.4552,295.8552,293.0552
