wind.json
{"header": {"discipline":0,"disciplineName":"Meteorological products","gribEdition":2,"gribLength":1039,"center":7,"centerName":"US National Weather Service - NCEP(WMC)","subcenter":0,"refTime":"2023-06-27T18:00:00.000Z","significanceOfRT":1,"significanceOfRTName":"Start of forecast","productStatus":0,"productStatusName":"Operational products","productType":1,"productTypeName":"Forecast products","productDefinitionTemplate":0,"productDefinitionTemplateName":"Analysis/forecast at horizontal level/layer at a point in time","parameterCategory":0,"parameterCategoryName":"UnknownDiscipline_0_Category_0","parameterNumber":0,"parameterNumberName":"UnknownParameter_D0_C0_0","parameterUnit":"Unknown","genProcessType":2,"genProcessTypeName":"Forecast","forecastTime":300,"surface1Type":1,"surface1TypeName":"Ground or water surface","surface1Value":0.0,"surface2Type":255,"surface2TypeName":"Missing","surface2Value":0.0,"gridDefinitionTemplate":0,"gridDefinitionTemplateName":"Latitude_Longitude","numberPoints":688,"shape":6,"shapeName":"Earth spherical with radius of 6,371,229.0 m","gridUnits":"degrees","resolution":48,"winds":"true","scanMode":64,"nx":43,"ny":16,"basicAngle":0,"lo1":45.0,"la1":40.0,"lo2":87.0,"la2":55.0,"dx":1.0,"dy":1.0}, "data":
[rows 0 to 15 of 16, columns 0 to 42 of 43]
282.08276,287.18277,310.18277,318.58276,320.68277,298.68277,297.78278,295.88275,318.78278,322.38275,319.88275,321.68277,318.88275,319.38275,321.98276,318.78278,319.78278,320.68277,322.08276,322.48276,321.28278,321.08276,318.98276,323.68277,316.38275,319.48276,319.08276,307.88275,305.68277,306.88275,309.08276,321.98276,324.28278,326.48276,330.48276,332.58276,327.08276,331.08276,328.38275,331.38275,333.98276,331.48276,334.58276
293.48276,308.08276,298.08276,289.28278,298.48276,297.78278,297.58276,295.78278,311.08276,319.78278,318.08276,319.88275,317.28278,317.48276,318.38275,318.78278,318.78278,322.78278,322.98276,321.68277,328.18277,324.38275,328.68277,321.08276,320.38275,317.58276,319.68277,321.48276,317.78278,299.38275,304.78278,302.88275,305.78278,300.38275,311.88275,322.98276,329.58276,330.28278,333.78278,332.08276,333.18277,335.48276,332.98276
299.48276,291.18277,285.48276,304.58276,297.38275,297.48276,297.28278,295.38275,318.38275,316.68277,317.18277,317.98276,317.58276,316.58276,316.78278,317.08276,321.28278,322.88275,322.38275,323.68277,323.18277,323.98276,325.78278,318.98276,317.88275,297.68277,295.98276,294.78278,305.28278,300.28278,301.48276,293.88275,300.38275,296.38275,304.88275,273.18277,300.68277,319.58276,323.18277,325.78278,330.38275,319.18277,285.68277
296.98276,300.38275,308.88275,297.28278,297.18277,297.48276,296.58276,316.28278,315.18277,316.88275,315.18277,313.78278,315.48276,317.38275,314.58276,318.98276,318.58276,319.98276,320.58276,320.78278,322.48276,324.28278,324.08276,319.58276,318.78278,309.88275,305.88275,310.68277,314.28278,315.58276,314.18277,300.48276,295.38275,296.78278,301.28278,307.38275,310.48276,307.58276,301.78278,299.38275,303.78278,298.68277,299.68277
309.38275,313.88275,314.68277,298.08276,298.28278,297.48276,302.18277,315.38275,315.38275,316.38275,315.08276,316.48276,316.38275,315.58276,295.58276,294.68277,314.58276,319.38275,318.68277,320.78278,321.68277,322.78278,319.38275,317.58276,308.38275,323.78278,309.48276,315.38275,318.88275,315.28278,309.08276,311.98276,317.38275,318.78278,322.88275,323.58276,324.68277,318.18277,299.78278,299.78278,304.58276,321.38275,329.08276
312.68277,313.68277,316.48276,298.48276,298.28278,298.68277,306.08276,314.88275,316.58276,319.58276,316.48276,316.58276,318.08276,316.08276,295.88275,295.18277,292.68277,317.08276,318.58276,316.88275,312.18277,303.08276,322.28278,317.58276,321.28278,322.08276,327.18277,327.38275,315.78278,302.68277,303.68277,307.08276,319.48276,308.48276,300.98276,297.78278,306.98276,318.78278,315.78278,333.68277,331.58276,328.18277,328.38275
312.58276,314.68277,314.08276,314.38275,299.28278,297.88275,297.98276,297.58276,318.58276,315.58276,316.98276,316.38275,316.78278,314.88275,297.58276,294.78278,303.38275,312.08276,316.98276,318.08276,310.08276,301.08276,312.88275,316.78278,320.98276,321.08276,320.88275,321.68277,323.48276,290.98276,315.28278,303.78278,307.88275,311.68277,321.98276,321.68277,315.38275,316.58276,313.28278,317.38275,338.18277,333.48276,325.48276
313.18277,314.48276,312.78278,312.88275,314.38275,314.08276,309.68277,315.28278,316.68277,314.08276,312.88275,312.18277,297.58276,312.88275,315.68277,316.78278,316.58276,315.88275,315.58276,316.58276,316.08276,309.28278,313.68277,312.88275,315.78278,318.58276,303.08276,316.78278,321.48276,321.58276,317.48276,317.98276,305.48276,314.88275,320.48276,316.78278,322.38275,321.68277,314.98276,310.98276,304.18277,292.68277,322.88275
311.78278,310.68277,313.38275,314.18277,312.88275,312.28278,312.78278,313.08276,313.48276,312.28278,309.88275,308.88275,311.18277,311.58276,315.38275,310.28278,307.88275,310.68277,314.68277,312.38275,312.48276,313.38275,312.98276,314.78278,302.38275,308.48276,306.88275,308.98276,313.88275,313.08276,314.78278,314.78278,308.08276,307.68277,304.48276,308.58276,311.88275,322.08276,322.28278,290.38275,323.58276,321.08276,315.08276
295.08276,311.38275,313.18277,312.28278,311.18277,311.18277,310.58276,310.88275,309.78278,309.28278,308.08276,306.38275,307.48276,310.78278,310.78278,309.48276,312.08276,315.08276,312.98276,314.58276,314.18277,312.38275,301.98276,295.08276,297.48276,298.88275,304.38275,308.78278,302.18277,302.18277,296.78278,296.48276,295.28278,299.58276,303.98276,312.28278,316.78278,312.68277,312.38275,312.98276,300.48276,292.18277,295.58276
307.68277,308.98276,309.98276,311.38275,310.38275,310.28278,309.48276,309.38275,308.28278,306.08276,306.18277,303.88275,303.18277,305.08276,307.48276,309.48276,306.58276,311.28278,313.18277,313.28278,310.18277,299.08276,298.58276,299.08276,302.18277,301.48276,295.98276,294.98276,301.48276,301.58276,301.28278,303.88275,302.68277,306.98276,311.68277,314.18277,314.68277,313.08276,304.08276,300.88275,299.78278,294.48276,295.18277
302.98276,298.48276,306.18277,307.28278,307.18277,305.38275,305.68277,307.08276,305.38275,304.28278,303.08276,301.48276,299.18277,298.78278,304.48276,303.38275,305.18277,307.18277,306.68277,307.28278,308.48276,303.28278,304.08276,305.88275,302.78278,303.58276,309.58276,305.38275,303.18277,307.68277,309.18277,310.68277,311.98276,310.58276,313.28278,310.48276,307.68277,309.38275,303.68277,298.88275,297.38275,300.88275,296.28278
301.48276,302.68277,303.98276,305.78278,305.68277,304.08276,303.38275,303.28278,302.18277,302.18277,302.18277,300.78278,298.98276,295.78278,296.88275,291.88275,294.98276,301.38275,304.08276,306.58276,305.18277,304.98276,303.58276,301.18277,301.28278,303.28278,299.78278,303.48276,303.58276,299.68277,305.08276,308.28278,308.08276,309.88275,307.58276,306.98276,305.38275,306.58276,303.78278,303.78278,299.78278,301.18277,300.98276
299.28278,300.68277,303.18277,302.38275,304.18277,303.18277,302.18277,301.88275,301.08276,302.68277,302.58276,300.58276,298.38275,293.98276,295.48276,294.68277,294.58276,294.58276,298.28278,299.68277,301.28278,299.28278,293.78278,290.08276,290.48276,291.88275,300.68277,302.68277,308.78278,308.78278,307.08276,308.08276,308.98276,305.78278,305.38275,307.18277,307.08276,305.58276,304.88275,302.88275,300.18277,302.48276,300.28278
298.98276,299.98276,301.08276,303.58276,297.38275,303.28278,301.48276,300.58276,299.08276,297.98276,299.78278,299.98276,296.68277,297.38275,296.88275,296.68277,294.58276,291.78278,291.78278,291.18277,296.28278,295.98276,298.28278,298.48276,300.18277,302.28278,304.88275,306.78278,305.88275,305.08276,305.88275,307.18277,308.58276,308.38275,307.48276,306.58276,305.28278,305.98276,303.68277,303.38275,302.58276,298.98276,298.48276
298.18277,299.48276,300.28278,302.88275,292.08276,299.88275,302.88275,300.68277,298.98276,298.48276,299.98276,301.18277,300.18277,296.58276,296.48276,296.78278,297.38275,294.98276,295.38275,294.48276,300.88275,299.78278,300.18277,301.18277,303.28278,302.68277,303.58276,302.68277,304.58276,305.48276,305.08276,306.08276,303.38275,296.88275,305.58276,306.48276,305.18277,304.38275,301.88275,300.68277,302.68277,302.28278,299.68277
