wind.json
{"header": {"discipline":0,"disciplineName":"Meteorological products","gribEdition":2,"gribLength":1039,"center":7,"centerName":"US National Weather Service - NCEP(WMC)","subcenter":0,"refTime":"2023-06-28T06:00:00.000Z","significanceOfRT":1,"significanceOfRTName":"Start of forecast","productStatus":0,"productStatusName":"Operational products","productType":1,"productTypeName":"Forecast products","productDefinitionTemplate":0,"productDefinitionTemplateName":"Analysis/forecast at horizontal level/layer at a point in time","parameterCategory":0,"parameterCategoryName":"UnknownDiscipline_0_Category_0","parameterNumber":0,"parameterNumberName":"UnknownParameter_D0_C0_0","parameterUnit":"Unknown","genProcessType":2,"genProcessTypeName":"Forecast","forecastTime":240,"surface1Type":1,"surface1TypeName":"Ground or water surface","surface1Value":0.0,"surface2Type":255,"surface2TypeName":"Missing","surface2Value":0.0,"gridDefinitionTemplate":0,"gridDefinitionTemplateName":"Latitude_Longitude","numberPoints":688,"shape":6,"shapeName":"Earth spherical with radius of 6,371,229.0 m","gridUnits":"degrees","resolution":48,"winds":"true","scanMode":64,"nx":43,"ny":16,"basicAngle":0,"lo1":45.0,"la1":40.0,"lo2":87.0,"la2":55.0,"dx":1.0,"dy":1.0}, "data":
[rows 0 to 15 of 16, columns 0 to 42 of 43]
300.54388,293.64386,310.84387,319.64386,324.64386,298.34387,297.24387,295.54388,324.14386,323.74387,323.44388,324.84387,326.54388,328.54388,328.04388,325.34387,324.94388,324.44388,325.54388,325.04388,321.64386,322.24387,318.64386,321.24387,319.34387,310.44388,315.94388,304.64386,302.34387,301.14386,295.54388,305.84387,318.04388,319.44388,320.74387,330.54388,328.14386,330.84387,331.44388,321.34387,327.64386,332.74387,333.74387
298.04388,311.54388,315.24387,302.54388,312.74387,297.14386,297.04388,295.54388,315.84387,327.04388,323.64386,327.14386,324.44388,323.74387,325.54388,326.04388,325.24387,327.34387,326.24387,324.74387,328.84387,326.24387,331.04388,323.64386,320.34387,317.84387,320.34387,321.74387,314.84387,299.04388,299.34387,300.74387,302.84387,294.94388,310.34387,318.74387,331.94388,317.14386,315.74387,322.04388,330.74387,331.04388,337.74387
298.74387,296.54388,293.54388,305.44388,297.24387,297.24387,296.94388,295.04388,327.34387,323.54388,321.84387,323.24387,326.84387,324.24387,326.54388,324.64386,328.24387,328.24387,327.84387,327.84387,328.84387,329.24387,328.34387,323.24387,322.74387,310.64386,299.54388,297.34387,303.24387,299.84387,300.14386,291.64386,297.14386,293.04388,307.54388,273.24387,298.64386,316.74387,314.84387,298.94388,323.74387,306.54388,286.94388
298.64386,301.94388,312.94388,297.74387,297.24387,297.34387,296.44388,321.04388,320.24387,320.94388,320.74387,320.04388,319.44388,322.04388,322.44388,324.54388,325.54388,328.44388,328.54388,327.34387,328.34387,330.14386,331.64386,324.04388,321.74387,313.94388,319.84387,318.94388,316.74387,315.44388,312.94388,297.94388,289.04388,292.44388,298.74387,306.04388,304.34387,301.94388,289.84387,293.74387,290.14386,292.44388,288.84387
307.04388,312.24387,316.24387,297.74387,297.84387,297.24387,303.14386,320.64386,320.84387,321.94388,321.84387,321.24387,320.94388,319.14386,295.44388,294.74387,325.04388,328.64386,325.44388,330.54388,329.24387,329.34387,321.94388,321.34387,327.54388,325.94388,326.04388,326.34387,326.14386,324.84387,321.44388,321.14386,320.94388,318.24387,322.74387,324.04388,320.64386,312.74387,290.14386,284.64386,291.64386,315.94388,319.94388
302.94388,313.04388,313.94388,298.04388,297.84387,298.44388,308.34387,320.64386,323.24387,325.14386,322.94388,322.04388,321.94388,320.64386,295.94388,295.24387,292.44388,323.84387,325.74387,323.24387,320.94388,323.74387,325.24387,326.14386,326.24387,329.24387,333.74387,333.24387,327.44388,315.24387,328.94388,326.94388,324.54388,319.74387,300.84387,291.84387,306.24387,319.04388,311.84387,328.34387,327.84387,320.34387,324.04388
302.54388,313.74387,313.14386,315.34387,298.94388,297.54388,297.74387,297.54388,324.34387,322.84387,324.34387,325.64386,325.74387,325.44388,299.54388,294.94388,308.34387,319.44388,324.64386,323.64386,321.84387,323.84387,321.14386,320.74387,322.44388,324.94388,325.94388,325.24387,326.14386,291.44388,329.54388,331.14386,325.84387,322.34387,321.14386,319.24387,313.24387,311.84387,305.94388,308.54388,326.04388,326.44388,321.14386
310.64386,315.84387,316.54388,317.44388,318.34387,319.74387,314.14386,323.14386,325.04388,321.64386,324.84387,323.74387,325.94388,324.14386,323.74387,327.34387,325.74387,323.54388,324.34387,324.84387,323.44388,320.74387,317.24387,317.74387,316.74387,316.34387,316.44388,317.74387,320.74387,322.94388,327.04388,327.14386,313.04388,301.34387,309.84387,321.34387,317.24387,317.54388,303.04388,294.04388,299.24387,295.74387,320.74387
313.54388,313.74387,315.74387,318.04388,320.04388,319.04388,320.74387,321.64386,322.24387,320.14386,320.94388,322.84387,321.84387,319.14386,319.84387,320.84387,327.64386,328.14386,327.54388,323.94388,320.84387,319.14386,318.04388,317.64386,314.64386,313.84387,314.54388,311.84387,312.84387,316.24387,315.34387,318.64386,316.44388,318.64386,316.74387,300.84387,301.94388,305.44388,308.84387,289.24387,314.34387,313.74387,308.54388
296.04388,316.34387,316.64386,318.34387,320.14386,319.54388,320.04388,321.54388,319.84387,320.84387,322.94388,320.44388,318.04388,318.34387,318.24387,319.74387,321.74387,324.34387,324.04388,323.44388,320.14386,318.34387,314.84387,315.24387,315.14386,315.04388,311.64386,311.14386,303.94388,302.84387,301.14386,299.94388,298.04388,296.54388,302.24387,298.04388,303.04388,307.34387,306.84387,299.84387,291.44388,286.34387,296.34387
309.34387,315.04388,316.84387,318.34387,320.14386,319.54388,318.84387,320.54388,319.54388,317.84387,317.64386,315.04388,313.64386,313.54388,314.64386,315.24387,314.84387,316.54388,317.54388,317.94388,319.04388,316.04388,312.84387,313.24387,309.84387,300.54388,308.04388,305.74387,306.64386,307.24387,298.14386,299.54388,304.84387,308.94388,300.44388,309.84387,295.94388,298.14386,296.14386,288.74387,290.54388,289.54388,290.24387
307.14386,300.44388,314.14386,313.34387,313.64386,315.04388,316.74387,315.84387,313.84387,312.24387,311.44388,310.54388,310.84387,309.64386,313.44388,311.44388,311.54388,311.84387,312.34387,313.54388,313.64386,310.44388,306.14386,309.64386,307.94388,306.94388,305.14386,303.94388,302.24387,306.84387,308.14386,310.24387,308.74387,308.64386,302.74387,297.74387,306.24387,296.74387,286.14386,284.94388,288.24387,286.84387,292.44388
297.14386,305.14386,307.74387,310.64386,313.64386,311.24387,310.04388,309.94388,308.74387,307.94388,307.04388,309.34387,309.54388,305.44388,311.14386,308.44388,307.94388,309.34387,309.34387,309.54388,307.54388,305.44388,303.94388,303.54388,303.84387,303.54388,302.34387,303.04388,303.64386,305.84387,307.74387,308.14386,304.34387,306.64386,302.64386,298.44388,298.24387,299.34387,296.64386,291.54388,289.44388,288.24387,288.34387
299.34387,301.54388,299.74387,304.94388,310.44388,300.44388,308.04388,306.34387,305.94388,308.24387,308.34387,306.84387,303.64386,301.44388,307.44388,304.54388,305.34387,305.24387,306.04388,305.14386,304.74387,301.44388,299.94388,298.34387,299.54388,299.34387,302.44388,303.74387,306.74387,304.84387,304.34387,302.44388,303.74387,302.34387,298.74387,298.34387,297.54388,295.64386,296.24387,292.14386,289.84387,287.74387,288.44388
297.94388,301.94388,301.74387,305.54388,298.04388,307.84387,304.74387,303.74387,302.64386,301.34387,303.24387,305.24387,303.74387,302.84387,305.14386,304.44388,303.24387,304.24387,303.44388,301.04388,302.04388,300.64386,299.94388,297.74387,299.54388,299.94388,300.14386,302.24387,301.34387,300.34387,300.84387,301.14386,296.34387,292.64386,288.94388,292.94388,291.54388,290.84387,288.84387,291.04388,291.14386,286.34387,287.44388
301.64386,301.24387,302.64386,303.34387,292.04388,306.84387,307.24387,306.24387,305.64386,303.44388,304.54388,304.24387,303.34387,302.84387,301.04388,303.84387,302.44388,302.14386,301.44388,301.24387,300.74387,297.64386,297.14386,296.94388,297.14386,298.34387,297.64386,297.44388,297.54388,298.84387,296.64386,298.14386,296.24387,287.94388,291.24387,290.74387,294.64386,292.94388,292.24387,288.14386,287.44388,287.14386,287.04388
