wind_kz.json
{"header": {"discipline":0,"disciplineName":"Meteorological products","gribEdition":2,"gribLength":1025,"center":7,"centerName":"US National Weather Service - NCEP(WMC)","subcenter":0,"refTime":"2023-08-21T12:00:00.000Z","significanceOfRT":1,"significanceOfRTName":"Start of forecast","productStatus":0,"productStatusName":"Operational products","productType":1,"productTypeName":"Forecast products","productDefinitionTemplate":0,"productDefinitionTemplateName":"Analysis/forecast at horizontal level/layer at a point in time","parameterCategory":2,"parameterCategoryName":"UnknownDiscipline_0_Category_2","parameterNumber":2,"parameterNumberName":"UnknownParameter_D0_C2_2","parameterUnit":"Unknown","genProcessType":2,"genProcessTypeName":"Forecast","forecastTime":240,"surface1Type":103,"surface1TypeName":"Specified height level above ground","surface1Value":10.0,"surface2Type":255,"surface2TypeName":"Missing","surface2Value":0.0,"gridDefinitionTemplate":0,"gridDefinitionTemplateName":"Latitude_Longitude","numberPoints":615,"shape":6,"shapeName":"Earth spherical with radius of 6,371,229.0 m","gridUnits":"degrees","resolution":48,"winds":"true","scanMode":64,"nx":41,"ny":15,"basicAngle":0,"lo1":47.0,"la1":41.0,"lo2":87.0,"la2":55.0,"dx":1.0,"dy":1.0}, "data":
[rows 0 to 14 of 15, columns 0 to 40 of 41]
1.6480981,1.7180982,-2.981902,-4.141902,-1.3619019,-2.971902,-7.0019016,-7.321902,-7.6119018,-6.561902,-6.6319017,-6.621902,-6.8819017,-6.411902,-6.2119017,-5.9819016,-5.6119018,-6.891902,-5.561902,-5.291902,-3.221902,-0.36190185,1.8780981,2.6280982,0.32809815,0.06809814,3.1380982,3.038098,2.9680982,1.9580982,3.3680983,2.028098,2.2480981,3.8780982,-7.5019016,-1.4719019,4.4980984,4.658098,-6.551902,-3.1119018,-2.6019018
0.12809815,-4.1919017,-5.4219017,-4.491902,-1.8719019,0.15809815,-4.8619018,-5.871902,-6.7319016,-7.091902,-6.8819017,-6.2519016,-6.721902,-6.1919017,-6.161902,-5.6919017,-5.9619017,-5.841902,-5.301902,-4.521902,-5.321902,-2.481902,-0.30190185,1.8380982,0.45809814,-0.6119019,0.8280981,2.558098,2.1780982,0.5180981,-0.22190185,0.84809816,0.72809815,0.11809815,1.7680981,1.3080982,-1.7719018,0.19809814,-1.4419018,-0.91190183,1.0880982
-4.771902,-4.331902,-5.331902,-4.341902,-1.7219019,-2.5119019,-5.061902,-5.521902,-5.601902,-5.341902,-5.801902,-5.911902,-6.091902,-5.581902,-5.241902,-5.091902,-5.4419017,-5.741902,-5.571902,-4.091902,-2.3319018,-7.761902,-7.4019017,-8.581902,-3.461902,-3.5519018,-1.6119019,-0.35190186,4.0180984,-0.75190187,0.6980981,-1.8219018,-0.62190187,-0.8619019,-1.6919018,0.62809813,-0.9219019,0.038098145,6.1380982,2.1380982,0.99809813
-7.571902,-5.871902,-4.581902,-1.9319018,3.6980982,-3.5119019,-4.011902,-4.2119017,-5.0019016,-5.101902,-5.701902,-6.411902,-4.871902,-2.7719018,0.17809814,-4.261902,-4.541902,-4.891902,-5.201902,-6.121902,-6.911902,-8.441902,-4.351902,-4.821902,-4.781902,-2.451902,-0.49190184,1.6080981,1.2980981,-1.9119018,-1.1319019,3.0080981,0.84809816,-0.8019019,-4.011902,0.67809814,-1.3819019,2.518098,-0.5519019,-0.36190185,0.9580982
-4.991902,-3.981902,-3.391902,0.48809814,0.52809817,-3.2419019,-1.9719019,-3.3319018,-3.3819017,-2.7919018,-4.411902,-4.2119017,0.14809814,0.45809814,2.028098,-1.5119019,-3.4919019,-4.281902,-3.6219018,-4.091902,-5.051902,-5.221902,-4.801902,-3.921902,-2.7419019,-2.671902,-3.731902,0.048098143,2.098098,2.9680982,-0.6019018,2.4080982,1.0980982,2.4980981,-1.4319018,-0.23190185,6.338098,0.84809816,0.6480982,2.2180982,3.308098
-4.061902,-2.6219018,-3.151902,-3.211902,-4.871902,-3.6219018,-1.2719018,-2.1019018,-1.9419018,-2.0219018,-1.4719019,1.0980982,2.9980981,2.7180982,3.4180982,-1.3219018,-1.1419019,-1.9419018,-2.201902,-2.6319017,-3.0819018,-3.5119019,-2.401902,-2.0519018,-2.5019019,-2.451902,-1.9719019,-3.0719018,1.8880981,1.3380982,0.71809816,-1.1619018,-0.8519018,0.6480982,0.22809814,0.8180981,3.778098,4.438098,6.708098,2.3880982,-1.4419018
-0.17190185,-2.5519018,-0.13190186,-2.411902,-2.731902,-0.53190184,-0.021901855,-1.2019019,-0.8019019,-0.09190185,1.0180981,1.0480981,0.26809815,-0.51190186,-0.83190185,-0.42190185,0.78809816,0.33809814,-0.21190186,-0.49190184,-0.52190185,0.5080981,0.058098145,-0.081901856,1.6480981,0.8280981,-0.6719019,-0.33190185,0.92809814,-1.3319019,1.2080982,0.83809817,2.8980982,2.318098,3.358098,2.1180983,1.4180981,0.44809815,2.538098,-1.1319019,5.898098
0.6480982,-0.7919018,-0.50190187,-0.71190184,0.61809814,-0.42190185,0.20809814,0.9580982,1.0880982,1.5780982,2.2480981,1.6180981,0.74809813,1.4680982,1.4880981,1.3280982,1.4580982,1.7680981,1.5080981,2.6380982,2.068098,1.4180981,2.518098,1.7480981,2.4280982,2.7380981,2.268098,2.558098,2.3680983,1.7880981,1.5280981,2.4980981,4.8880982,2.058098,1.8380982,0.83809817,0.018098144,-3.0519018,5.088098,6.8080983,3.4080982
-0.10190186,1.7480981,0.52809817,0.83809817,0.93809813,1.7080982,1.1480981,2.2080982,2.1680982,2.6680982,3.808098,2.9780982,2.9980981,0.74809813,0.68809813,0.45809814,1.1280981,1.2880981,1.4280982,1.8880981,3.278098,2.9480982,2.4080982,3.4680982,3.6780982,3.8980982,4.088098,3.088098,3.318098,2.9280982,3.018098,3.838098,3.9380982,1.0380981,2.338098,3.328098,2.538098,0.49809813,0.7580981,-0.39190185,1.5880982
1.5680982,1.4280982,1.6680981,1.8680981,3.6680982,2.9980981,3.808098,3.348098,4.298098,4.5180984,4.908098,5.028098,4.548098,3.4680982,2.568098,2.028098,1.9680982,2.1880982,2.838098,3.2380981,4.6380982,3.8980982,3.4980981,3.608098,3.608098,4.0780983,4.338098,1.8780981,3.4580982,4.488098,4.3280983,5.928098,4.688098,3.6180983,2.9880981,0.048098143,0.7580981,1.2480981,1.0980982,0.6480982,2.088098
2.6280982,2.4480982,1.9780982,1.3380982,2.1680982,3.4280982,4.4980984,5.3280983,5.528098,5.928098,5.818098,6.1380982,5.988098,6.7480984,6.008098,4.7680984,4.378098,4.688098,4.0780983,4.728098,4.648098,3.778098,3.6480982,3.6580982,3.4480982,4.658098,5.278098,1.7280982,3.288098,3.7380981,4.088098,5.258098,7.668098,4.658098,3.7180982,3.1580982,0.10809814,1.5980982,-0.13190186,0.24809815,1.2080982
3.1480982,3.2280982,3.4680982,3.6280982,4.088098,4.298098,4.688098,5.678098,6.0380983,5.3680983,6.228098,6.728098,7.068098,7.1380982,7.608098,7.148098,6.228098,6.228098,5.188098,5.378098,5.3080983,5.258098,5.3880982,4.0380983,3.768098,7.0580983,6.2480984,3.7580981,4.278098,4.758098,5.358098,6.1380982,5.008098,4.688098,4.0980983,4.608098,3.9480982,5.508098,3.9980981,0.45809814,1.3180982
3.528098,4.028098,3.6480982,4.7680984,5.1180983,4.128098,5.648098,5.8680983,7.4980984,6.5780983,4.3880982,5.398098,5.8880982,6.008098,5.628098,5.8280983,6.5380983,4.5780983,4.3680983,4.718098,5.088098,5.738098,5.5180984,4.858098,4.898098,4.3480983,5.168098,2.808098,5.108098,5.0580983,5.608098,5.238098,4.708098,4.468098,3.9380982,5.0780983,5.258098,2.6580982,4.728098,2.6980982,1.2180982
4.588098,5.318098,2.818098,4.408098,5.3280983,5.698098,5.948098,6.0980983,6.668098,7.2680984,4.5780983,5.0180984,6.0180984,4.9980984,5.398098,5.778098,6.2480984,4.488098,4.738098,4.948098,5.238098,5.088098,5.188098,4.588098,3.768098,4.358098,4.928098,3.7180982,5.1180983,4.818098,5.928098,6.448098,2.568098,3.018098,4.738098,5.948098,5.088098,3.3980982,3.9280982,3.4580982,2.2280982
3.528098,4.278098,4.188098,4.718098,5.508098,5.3280983,5.128098,4.5180984,5.928098,6.3880982,4.458098,6.3080983,5.048098,4.198098,5.5180984,6.438098,5.708098,4.938098,5.3680983,5.148098,4.3680983,4.428098,4.898098,4.948098,5.358098,3.9680982,5.458098,2.9780982,4.568098,5.2680984,5.3680983,5.728098,4.858098,4.488098,5.318098,6.548098,4.108098,5.708098,4.5580983,4.648098,3.0080981
