wind.json
{"header": {"discipline":0,"disciplineName":"Meteorological products","gribEdition":2,"gribLength":1125,"center":7,"centerName":"US National Weather Service - NCEP(WMC)","subcenter":0,"refTime":"2023-07-02T00:00:00.000Z","significanceOfRT":1,"significanceOfRTName":"Start of forecast","productStatus":0,"productStatusName":"Operational products","productType":1,"productTypeName":"Forecast products","productDefinitionTemplate":0,"productDefinitionTemplateName":"Analysis/forecast at horizontal level/layer at a point in time","parameterCategory":2,"parameterCategoryName":"UnknownDiscipline_0_Category_2","parameterNumber":2,"parameterNumberName":"UnknownParameter_D0_C2_2","parameterUnit":"Unknown","genProcessType":2,"genProcessTypeName":"Forecast","forecastTime":120,"surface1Type":103,"surface1TypeName":"Specified height level above ground","surface1Value":10.0,"surface2Type":255,"surface2TypeName":"Missing","surface2Value":0.0,"gridDefinitionTemplate":0,"gridDefinitionTemplateName":"Latitude_Longitude","numberPoints":688,"shape":6,"shapeName":"Earth spherical with radius of 6,371,229.0 m","gridUnits":"degrees","resolution":48,"winds":"true","scanMode":64,"nx":43,"ny":16,"basicAngle":0,"lo1":45.0,"la1":40.0,"lo2":87.0,"la2":55.0,"dx":1.0,"dy":1.0}, "data":
[rows 0 to 15 of 16, columns 0 to 42 of 43]
-3.906518,-0.23651795,1.583482,-1.0965179,-1.3765179,-1.0965179,0.55348206,0.86348206,0.06348205,-0.75651795,0.31348205,-3.446518,-3.076518,-3.126518,-1.266518,0.36348206,-1.066518,-2.606518,-1.3265179,-4.116518,-2.626518,-0.79651797,-2.636518,1.483482,-0.34651795,0.63348204,0.39348206,0.093482055,-0.09651794,1.113482,1.593482,0.11348206,-2.076518,-0.55651796,1.0234821,-2.336518,-0.20651795,-3.606518,-2.926518,-0.23651795,-1.7065179,-4.176518,-5.9365177
2.083482,-1.6165179,-3.096518,-1.416518,1.6234821,3.153482,3.353482,3.833482,0.29348207,-0.17651795,-4.086518,-2.206518,-2.736518,-2.246518,-2.106518,-0.45651793,1.113482,-1.676518,-2.206518,-1.3765179,-1.666518,-1.316518,2.023482,1.6634821,-0.75651795,-1.886518,0.123482056,-1.316518,-3.476518,0.42348206,-0.49651796,-0.07651795,-0.086517945,3.173482,1.5134821,0.7734821,-3.426518,-2.856518,-2.736518,-1.146518,-3.486518,-3.946518,-2.3065178
-1.1165179,-2.0465178,1.983482,1.4234821,1.2634821,2.1934822,-1.136518,-2.106518,-1.666518,-2.616518,-3.876518,-2.106518,-2.226518,-2.876518,-0.70651793,0.61348206,0.75348204,-0.70651793,0.36348206,-2.2865179,-1.146518,-0.19651794,-0.75651795,-1.036518,0.07348206,-3.0465178,0.46348205,0.16348206,-0.20651795,1.073482,-0.88651794,-0.16651794,0.69348204,0.29348207,-0.35651794,-2.476518,0.10348205,0.023482056,-0.99651796,0.7834821,-2.686518,0.66348207,-3.096518
-0.5965179,-0.31651795,0.0034820556,-2.656518,0.32348207,-2.256518,-2.076518,-2.5465178,-2.246518,-1.906518,-3.376518,-2.196518,-1.396518,-0.06651794,1.193482,1.5434821,-0.16651794,-1.3265179,-0.64651793,2.073482,-0.916518,0.14348206,-0.40651795,-0.7165179,-2.7665179,-2.716518,2.493482,0.44348204,0.91348207,0.21348205,-3.5365179,0.45348206,0.17348206,1.9934821,-0.41651794,-0.45651793,0.833482,-0.0065179444,-0.07651795,0.37348205,-0.75651795,0.61348206,0.5334821
-3.456518,-4.136518,-3.866518,-3.596518,-3.436518,-0.44651794,-2.726518,-1.7565179,0.75348204,0.73348206,-0.99651796,0.30348206,0.9734821,0.24348205,2.173482,0.33348206,-0.42651793,1.563482,1.8934821,3.863482,3.6834822,2.143482,1.8834821,-0.13651794,1.223482,1.3734821,-1.056518,1.103482,3.273482,-0.37651795,5.183482,0.81348205,-0.666518,-1.656518,-3.3165178,-3.086518,-1.906518,-0.606518,-0.88651794,1.3834821,0.7834821,1.343482,1.3934821
-3.476518,-3.846518,-3.736518,-3.076518,-2.006518,-1.7465179,-1.946518,-2.716518,-2.966518,-0.14651795,1.6534821,0.50348204,-0.17651795,1.2834821,-1.696518,-0.51651794,-1.2565179,-0.5365179,0.25348204,2.383482,2.793482,4.623482,1.703482,0.76348203,4.423482,2.923482,2.393482,1.603482,1.483482,2.263482,2.673482,3.583482,3.333482,-1.3765179,-1.286518,0.68348205,2.2034822,1.7534821,3.423482,2.383482,2.573482,3.053482,3.7034822
-2.2665179,-3.0165179,-2.106518,-2.446518,-4.656518,-6.1865177,-5.876518,-4.806518,-2.236518,-1.156518,1.0134821,-0.30651796,-0.29651794,-1.666518,0.24348205,-1.886518,-2.606518,-1.4565179,-1.3365179,-1.556518,-2.2665179,-2.956518,-4.306518,-1.886518,-1.186518,-2.186518,-2.5365179,-0.75651795,0.55348206,1.473482,2.393482,3.663482,3.623482,2.653482,0.75348204,-0.09651794,-0.17651795,1.703482,1.1234821,1.9234821,5.643482,-2.0465178,-5.316518
0.19348206,-0.47651795,-1.7165179,-4.516518,-3.5365179,-3.606518,-3.966518,-3.596518,-2.006518,-0.34651795,-3.666518,-2.696518,-2.136518,-3.5265179,-1.906518,-1.9565179,-1.316518,-0.83651793,-0.606518,0.44348204,-2.676518,-2.576518,-1.436518,-1.146518,-1.1265179,-1.276518,-0.046517946,1.1434821,1.583482,2.243482,3.633482,2.823482,1.073482,1.4234821,2.143482,-3.496518,-2.176518,-0.9065179,-0.75651795,2.553482,0.39348206,-0.10651794,3.883482
-4.786518,-3.936518,-4.506518,-3.186518,-3.7965178,-3.756518,-3.236518,-2.136518,-1.1065179,-2.956518,-1.7165179,-2.5365179,-2.996518,-2.386518,-1.0065179,-0.55651796,0.5334821,-0.23651795,-0.7165179,0.13348205,-0.19651794,-0.27651796,-0.116517946,0.5334821,0.7834821,1.313482,1.6334821,1.8834821,2.823482,2.663482,1.803482,-0.69651794,-1.296518,1.2634821,-3.496518,-0.15651794,-0.8465179,1.0334821,1.1334821,4.1034822,3.513482,3.9734821,0.61348206
-2.646518,-4.526518,-4.126518,-3.8165178,-2.956518,-2.986518,-2.256518,-1.8665179,-1.7165179,-0.916518,-0.88651794,-1.306518,-1.636518,-2.0565178,0.27348205,-0.6565179,0.79348207,1.1334821,0.9734821,-0.09651794,0.833482,-0.06651794,0.40348205,1.9234821,1.053482,2.073482,0.093482055,0.28348204,-0.6565179,0.08348206,-0.70651793,-1.806518,-1.636518,-0.64651793,-0.116517946,-1.1165179,-0.47651795,-0.57651794,0.98348206,-0.73651797,0.5334821,-0.7865179,0.63348204
-3.896518,-2.8065178,-3.236518,-3.346518,-2.646518,-1.9665179,-1.4765179,-1.9865179,-1.766518,-1.266518,-1.176518,-0.25651795,-1.926518,-1.796518,-0.12651795,0.61348206,0.8434821,0.73348206,2.403482,1.4934821,1.5434821,1.353482,0.8434821,1.573482,0.68348205,-0.38651794,-0.87651795,0.19348206,-2.476518,-1.5065179,-1.2065179,-2.0365179,-0.73651797,1.343482,2.123482,0.62348205,0.37348205,-0.7265179,-1.5965179,-0.51651794,-0.95651793,-1.196518,0.7834821
-2.406518,-0.49651796,-2.466518,-2.356518,-2.226518,-2.386518,-2.146518,-2.136518,-0.9065179,-0.40651795,-0.80651796,-0.37651795,-1.1265179,-0.44651794,0.82348204,-0.42651793,0.08348206,1.343482,1.223482,0.88348204,0.583482,-0.26651794,0.34348205,0.57348204,0.18348205,-0.036517944,-1.136518,-1.0965179,-1.2465179,-1.2465179,1.5434821,1.7934821,6.933482,2.773482,0.80348206,0.10348205,-0.32651794,-1.2165179,-1.186518,0.25348204,-1.3365179,0.7234821,0.123482056
-2.396518,-1.0065179,-1.166518,-1.546518,-1.696518,-2.8165178,-1.566518,-1.5865179,-1.186518,-0.9065179,0.053482056,-0.56651795,-1.146518,-0.046517946,-0.48651794,-0.36651793,1.103482,1.7634821,1.4134821,1.6634821,0.28348204,0.44348204,0.583482,1.9134821,-0.18651794,0.74348205,-0.69651794,0.73348206,1.0234821,1.933482,2.533482,1.4934821,-0.67651796,3.293482,-1.4865179,-0.5965179,-0.64651793,2.063482,0.5234821,0.87348205,1.213482,0.61348206,-0.46651796
-1.7565179,-2.0265179,-1.4565179,-0.7865179,-1.786518,-2.156518,-1.316518,-0.98651797,-0.87651795,-0.6565179,-0.95651793,0.79348207,-0.09651794,0.7834821,1.093482,1.5434821,1.7634821,1.973482,0.94348204,0.99348205,1.073482,-0.17651795,-0.06651794,0.7234821,1.213482,1.333482,1.603482,-0.856518,-0.61651796,1.233482,-1.306518,-0.92651796,-1.176518,-1.7465179,-1.556518,-1.2065179,-0.32651794,-1.776518,-0.09651794,0.32348207,-1.036518,-2.136518,-1.916518
-1.656518,-0.81651795,-0.25651795,-1.3265179,-0.62651795,-1.426518,-0.7765179,-0.51651794,-0.6565179,-0.37651795,0.94348204,1.4034821,0.13348205,0.7234821,1.943482,2.353482,1.6734821,1.983482,0.45348206,0.80348206,0.60348207,0.06348205,0.7734821,0.25348204,0.9634821,-0.45651793,0.32348207,-1.306518,-1.4665179,-1.056518,-0.33651793,-1.146518,-2.456518,-2.0265179,-1.9765179,-2.2965178,-2.3165178,-2.2665179,-2.136518,-1.646518,-1.566518,-1.7265179,-1.2465179
-0.666518,-0.75651795,0.643482,-1.1265179,-1.8265179,-1.516518,-0.56651795,-0.37651795,0.48348206,0.26348206,1.313482,0.66348207,0.34348205,0.92348206,1.2634821,1.6634821,1.8934821,2.173482,0.63348204,0.88348204,1.353482,2.353482,2.2034822,1.3734821,0.24348205,-0.0065179444,-0.24651794,0.25348204,-0.13651794,-0.37651795,-0.51651794,-1.5065179,-1.766518,-2.496518,-2.746518,-2.906518,-2.506518,-2.7765179,-1.416518,-1.8365179,-1.9965179,-1.816518,-1.2065179
