wind_kz.json
{"header": {"discipline":0,"disciplineName":"Meteorological products","gribEdition":2,"gribLength":1025,"center":7,"centerName":"US National Weather Service - NCEP(WMC)","subcenter":0,"refTime":"2023-08-18T00:00:00.000Z","significanceOfRT":1,"significanceOfRTName":"Start of forecast","productStatus":0,"productStatusName":"Operational products","productType":1,"productTypeName":"Forecast products","productDefinitionTemplate":0,"productDefinitionTemplateName":"Analysis/forecast at horizontal level/layer at a point in time","parameterCategory":2,"parameterCategoryName":"UnknownDiscipline_0_Category_2","parameterNumber":3,"parameterNumberName":"UnknownParameter_D0_C2_3","parameterUnit":"Unknown","genProcessType":2,"genProcessTypeName":"Forecast","forecastTime":240,"surface1Type":103,"surface1TypeName":"Specified height level above ground","surface1Value":10.0,"surface2Type":255,"surface2TypeName":"Missing","surface2Value":0.0,"gridDefinitionTemplate":0,"gridDefinitionTemplateName":"Latitude_Longitude","numberPoints":615,"shape":6,"shapeName":"Earth spherical with radius of 6,371,229.0 m","gridUnits":"degrees","resolution":48,"winds":"true","scanMode":64,"nx":41,"ny":15,"basicAngle":0,"lo1":47.0,"la1":41.0,"lo2":87.0,"la2":55.0,"dx":1.0,"dy":1.0}, "data":
[rows 0 to 14 of 15, columns 0 to 40 of 41]
0.5747223,-3.2852776,1.6347222,-2.8052778,-3.1652777,0.9247223,1.3947223,1.3447223,-0.5152777,-0.7852777,-2.0652778,-1.7252777,0.3747223,-0.5652777,-0.6552777,-1.8552777,-2.4352777,-3.7652776,-3.9352777,-1.1752777,-1.6352777,-3.1052778,1.5747223,0.30472228,0.17472228,-0.15527771,-1.0652777,1.4747223,2.4047222,4.4947224,1.0447223,0.9447223,1.5147223,1.1147223,0.8647223,0.7047223,-0.8252777,1.5547223,-1.4752777,-2.8652778,0.9047223
3.6047223,1.4647223,0.3247223,-0.9252777,-2.7952776,-1.9652777,-0.9952777,-0.4052777,-2.8652778,-3.3452778,-3.8552778,-4.0652776,-4.2352777,-3.8352778,-4.0252776,-4.3952775,-3.7352777,-2.9552777,-4.725278,-3.8452778,-3.8052778,-3.6852777,-1.6652777,1.4047223,0.6347223,1.1047223,-1.6852777,1.7747223,0.6747223,2.3647223,4.2647223,5.2647223,0.4847223,-1.6152778,-1.7352777,-1.2552778,-1.2552778,-2.6152778,-0.6652777,-1.3952777,-0.11527771
1.3847222,1.2047223,1.1147223,0.14472228,-2.6252778,-1.8452777,-3.1252778,-3.5052776,-3.2752776,-3.9652777,-3.9652777,-3.0752778,-3.4652777,-3.3952777,-4.0652776,-4.455278,-4.095278,-4.5052776,-4.2552776,-4.3352776,-3.2752776,-2.7752776,-3.0752778,-0.4052777,0.8647223,0.5647223,-0.25527772,1.1447223,0.07472229,2.4447222,3.3147223,1.8847222,2.5647223,-1.1852777,-0.12527771,3.3147223,5.2647223,0.7547223,0.91472226,-1.7452778,-0.12527771
-0.3752777,0.05472229,-0.89527774,-1.3552777,-2.9652777,-2.8752778,-2.3852777,-3.4852777,-3.3752778,-3.7652776,-1.8552777,-2.1552777,-4.2352777,-5.1052775,-4.495278,-4.9152775,-6.5252776,-6.4452777,-6.345278,-5.3852777,-6.6052775,1.6047223,2.3947222,2.3547223,0.7347223,0.8947223,-2.5452776,-0.4252777,2.2647223,1.3047223,2.8447223,-1.2552778,-1.5652777,-0.3452777,-0.3152777,-4.0252776,-1.7052777,1.8747222,2.5747223,1.3047223,1.8647223
0.60472226,0.9547223,0.9647223,0.7047223,0.07472229,-1.0752777,-1.8452777,-1.6252778,-2.4852777,-3.3852777,-2.2152777,-2.9752777,-3.1852777,-4.8152776,-4.685278,-4.1452775,-5.3352776,-6.305278,-6.2952776,-5.4252777,-4.265278,-4.7952776,-5.475278,-0.4052777,3.3947222,2.1547222,0.5047223,-1.4252777,-2.4652777,-0.17527771,0.1647223,1.2347223,1.9647223,2.8447223,-0.8752777,-2.5052776,1.5947223,-1.8252777,-0.7952777,2.4047222,1.8247223
0.85472226,1.4647223,3.6447222,3.7247224,2.6447222,1.6847223,0.00472229,-0.6352777,-1.6652777,-2.7352777,-2.9152777,-2.6352777,-3.8352778,-4.3952775,-4.1952777,-4.1052775,-3.9752777,-5.7552776,-7.3952775,-7.3752775,-2.9552777,-2.2852776,-4.1052775,-6.725278,-4.1652775,3.6447222,3.3147223,0.7147223,-1.0952777,2.7947223,1.1347222,1.6347222,1.2547222,0.5547223,2.3347223,7.0347223,3.8347223,3.4947224,-1.2052777,-0.38527772,2.3347223
2.0647223,2.6947222,2.9847224,3.4647224,4.3347225,2.7547224,1.5647223,-0.00527771,-2.0352776,-2.6152778,-2.2252777,-0.9052777,-2.2352777,-2.7652776,-2.3652778,-2.9952776,-3.5652778,-4.1352777,-5.6352777,-5.685278,-7.225278,-4.3152776,-4.5252776,-0.6552777,-6.4652777,-6.0252776,0.7647223,0.24472229,1.2247223,1.2947223,1.2147223,-0.41527772,-0.44527772,0.8447223,-0.9252777,-1.6152778,-3.6052778,-0.08527771,1.2347223,0.23472229,1.3147223
3.9347222,3.9147222,3.8447223,3.1747222,3.2447224,2.3747222,1.7447222,0.7747223,0.06472229,-1.8252777,-2.8352778,-2.0652778,-3.1852777,-3.2452776,-2.9552777,-2.0352776,-3.0952778,-3.8452778,-4.365278,-4.7752776,-6.0652776,-6.8752775,-4.615278,-4.325278,-0.1652777,-1.1652777,-3.8752778,-1.8052777,1.9547223,2.5747223,1.5547223,2.2447224,0.5447223,-0.2452777,1.5147223,-0.18527772,0.13472229,1.5547223,-1.2052777,0.42472228,-1.7052777
0.66472226,0.7747223,1.0947223,1.9747223,3.8347223,2.9347222,2.2547224,1.5047222,0.18472229,-1.3852777,-2.6552777,-2.5752778,-3.0352776,-4.1552777,-4.9052777,-3.9152777,-2.6652777,-2.9852777,-3.1752777,-3.6252778,-3.5552778,-5.0252776,-6.075278,-4.345278,-3.2852776,-3.2352777,-2.3352778,-1.5052778,-2.0352776,1.3847222,3.3247223,3.1247222,2.3647223,2.8647223,2.9947224,3.1147223,-1.7452778,0.6947223,1.6547223,0.7747223,-0.8652777
1.2347223,0.9947223,1.3347223,1.3547223,2.7747223,2.7847223,2.7247224,2.2747223,0.3147223,-0.3452777,-0.9952777,-2.0652778,-1.1752777,-1.9352777,-2.6752777,-4.345278,-3.8752778,-3.8252778,-3.5652778,-3.7552776,-3.4452777,-2.5652778,-3.2752776,-4.1452775,-3.8052778,-0.8252777,-2.6052778,-3.5152776,-4.515278,-4.0452776,-4.535278,-3.5552778,2.0147223,3.3547223,2.0847223,0.7947223,0.4747223,-2.7552776,-1.0552777,1.7647223,2.3547223
1.0247223,1.0047222,0.9947223,1.5847223,0.9547223,2.7747223,2.3047223,1.7847223,-0.00527771,-1.2152777,-1.4352777,-0.4652777,-1.2252777,-1.1852777,-2.5152776,-2.2352777,-3.3552778,-3.5652778,-3.4852777,-3.5952778,-2.5052776,-2.9852777,-3.1652777,-2.8652778,-3.1652777,-3.2152777,-1.9452777,-2.1552777,-2.1552777,-4.705278,-5.9152775,-5.955278,0.39472228,3.2747223,2.9647224,1.1447223,0.2947223,2.2147224,1.2747223,1.5247223,0.1947223
-0.4252777,-0.8552777,0.5247223,1.3047223,1.2747223,0.6347223,1.0347223,0.8147223,-1.0352777,-0.44527772,-1.1152778,-2.0852778,-3.5052776,-3.2752776,-2.3952777,-3.1252778,-2.8052778,-3.3452778,-2.1052778,-2.3852777,-2.9052777,-2.7752776,-2.1452777,-2.4452777,-1.6752777,-1.8752778,-1.4852777,-1.2052777,-0.7252777,-0.71527773,-2.4852777,-4.9852777,-3.5252776,1.1947223,1.8047223,0.5847223,2.0447223,3.0647223,2.3947222,1.7647223,0.5947223
0.13472229,-0.47527772,-0.6552777,-0.10527771,0.3147223,0.3847223,0.3147223,-0.14527771,0.17472228,0.27472228,-0.71527773,-1.7452778,-2.4852777,-3.2952776,-3.2152777,-2.7552776,-2.2452776,-2.7252777,-2.8452778,-2.4452777,-1.5052778,-1.2052777,-1.4652777,-1.7352777,-2.3752778,-0.7252777,0.3147223,-1.7352777,-0.05527771,-1.1352777,-1.9352777,-2.4452777,-3.2752776,1.5647223,2.6747222,2.7947223,2.1347222,1.2047223,1.6947223,0.60472226,0.06472229
0.14472228,-0.44527772,-0.11527771,1.6647223,0.3447223,0.08472229,-0.12527771,-0.18527772,-0.6052777,-1.0152777,-0.10527771,-0.64527774,-0.7052777,-1.1952777,-2.3552778,-2.3652778,-2.5652778,-2.2752776,-2.3952777,-2.5652778,-3.1652777,-1.7052777,-1.3752778,-1.1052777,-0.3452777,0.2847223,0.8647223,2.1147223,1.4747223,1.0847223,0.7647223,-0.8652777,-2.1452777,-0.01527771,1.5247223,1.6347222,1.2047223,0.2847223,0.8047223,0.5647223,0.12472229
0.3147223,-0.21527772,2.2247224,1.4447223,1.6947223,1.1047223,0.4547223,0.39472228,-0.12527771,-0.6952777,-0.2452777,0.5947223,1.0647223,-0.7352777,-1.9252777,-2.3252778,-2.0152776,-2.2352777,-2.7152777,-2.3852777,-2.4052777,-2.5952778,-2.3752778,-2.2452776,-0.17527771,0.6947223,2.3847222,2.3547223,2.3247223,1.7747223,3.0947223,1.6447223,-0.06527771,-0.1352777,2.2347224,2.8947222,2.7847223,2.0947223,1.2947223,1.4447223,-0.08527771
