wind_kz.json
{"header": {"discipline":0,"disciplineName":"Meteorological products","gribEdition":2,"gribLength":1025,"center":7,"centerName":"US National Weather Service - NCEP(WMC)","subcenter":0,"refTime":"2023-08-20T06:00:00.000Z","significanceOfRT":1,"significanceOfRTName":"Start of forecast","productStatus":0,"productStatusName":"Operational products","productType":1,"productTypeName":"Forecast products","productDefinitionTemplate":0,"productDefinitionTemplateName":"Analysis/forecast at horizontal level/layer at a point in time","parameterCategory":2,"parameterCategoryName":"UnknownDiscipline_0_Category_2","parameterNumber":3,"parameterNumberName":"UnknownParameter_D0_C2_3","parameterUnit":"Unknown","genProcessType":2,"genProcessTypeName":"Forecast","forecastTime":300,"surface1Type":103,"surface1TypeName":"Specified height level above ground","surface1Value":10.0,"surface2Type":255,"surface2TypeName":"Missing","surface2Value":0.0,"gridDefinitionTemplate":0,"gridDefinitionTemplateName":"Latitude_Longitude","numberPoints":615,"shape":6,"shapeName":"Earth spherical with radius of 6,371,229.0 m","gridUnits":"degrees","resolution":48,"winds":"true","scanMode":64,"nx":41,"ny":15,"basicAngle":0,"lo1":47.0,"la1":41.0,"lo2":87.0,"la2":55.0,"dx":1.0,"dy":1.0}, "data":
[rows 0 to 14 of 15, columns 0 to 40 of 41]
4.3561625,-2.8838372,1.2161627,-2.5938373,-4.1438375,-5.193837,-2.9338372,-2.2038374,-5.313837,-3.9638374,-5.963837,-4.1038375,-3.4038372,-4.023837,-5.4538374,-2.9838374,-2.5938373,-3.5438373,-4.7438374,-3.4638374,-4.313837,-3.0838373,-0.6738373,-0.9938373,-2.1138372,0.4661627,-0.5438373,1.3861628,2.7061627,3.8061628,0.3461627,-0.8938373,0.6861627,0.16616271,0.10616272,-1.2938373,-0.85383725,-0.16383728,0.97616273,0.9161627,3.7261627
4.536163,1.7261627,2.1561627,-0.32383728,-4.633837,-5.7838373,-5.1838374,-1.4538373,-3.9538374,-5.3938375,-6.653837,-6.963837,-5.7238374,-4.9938374,-5.3338375,-3.9638374,-0.7038373,-2.0538373,-2.9938374,-4.5538373,-5.7638373,-5.313837,-2.4338372,1.5461627,-0.5538373,-1.7338372,-4.3038373,-0.7438373,-0.78383726,-0.11383728,0.83616275,2.1161628,0.5161627,-1.4238373,-2.5838373,-0.4338373,-0.9938373,-1.9938372,0.16616271,-2.5838373,-0.46383727
2.7561626,4.786163,1.3261627,-2.7838373,-4.8738375,-1.5138373,-2.5438373,-2.7238374,-2.8438373,-3.8138373,-4.6238375,-4.0538373,-4.8738375,-4.523837,-5.3038373,-4.5938373,-2.8438373,-3.4538374,-2.6838372,-2.8338373,-3.7738373,-5.6838374,-6.6638374,-2.6638372,-1.4738373,-0.04383728,-0.7338373,-0.6338373,-0.6138373,1.1261628,3.4261627,0.6061627,1.7061627,-1.6538373,-0.24383728,3.3161628,2.7861626,-1.0838373,-0.04383728,-1.2538372,-0.8638373
1.2961627,0.90616274,-0.78383726,-2.3338373,-0.97383726,-0.6338373,-0.4338373,-1.2938373,-1.9538373,-2.9638374,-4.193837,-5.043837,-5.6438375,-5.8338375,-5.1838374,-5.403837,-4.7838373,-4.403837,-4.1238375,-4.0538373,-3.7438374,-5.003837,-1.5738373,-4.523837,-4.0338373,-3.8238373,-2.9238372,-4.4338374,-1.8938373,-2.1438372,-3.3138373,-1.9038373,-1.1838373,0.58616275,-1.1138372,-4.633837,-4.4738374,0.3761627,1.1061627,1.2361627,1.2161627
1.4261627,0.24616271,-0.8938373,-1.6538373,-2.3638372,1.1361628,0.9561627,0.22616272,-1.1938373,-2.4538374,-2.8338373,-3.1238372,-4.153837,-5.0738373,-6.0138373,-4.4538374,-4.443837,-4.153837,-2.6538372,-2.7138374,-3.1938372,-2.2238374,-2.5738373,-3.3938372,-3.7738373,-3.8438373,-3.3238373,-4.3038373,-3.7738373,-4.8938375,-5.0838375,-2.2238374,1.6861627,3.4861627,-1.1238372,-1.5238373,-0.11383728,-2.2038374,3.2861626,1.5161628,-1.0538373
1.1561627,0.24616271,-0.46383727,-1.2238373,-2.2738373,2.3861628,2.8861628,2.2261627,1.1761627,-1.1338372,-2.2538373,-2.8038373,-3.9638374,-5.173837,-4.2238374,-3.9438372,-4.7038374,-4.813837,-4.983837,-4.1638374,-4.003837,-0.39383727,0.38616273,-1.1738373,-2.2038374,-3.2938373,-3.3238373,-4.6238375,-3.1038373,-4.733837,-5.6638374,-6.6838374,-5.563837,-3.9738374,1.7061627,-0.49383727,2.6361628,1.6061627,2.1961627,0.24616271,-0.22383729
2.7061627,2.5761628,1.1361628,0.23616272,-1.0838373,-0.38383728,1.4961628,2.6861627,1.8361627,1.8361627,-0.13383728,-0.78383726,-2.1338372,-2.6338372,-2.8138373,-2.8338373,-2.9638374,-3.9538374,-4.8938375,-4.5338373,-5.3238373,-4.7238374,-4.4538374,-3.8238373,-3.7738373,-3.6538372,-3.7538373,-3.2138374,-3.5938373,-3.3838372,-4.2838373,-5.813837,-5.7838373,-7.3538375,-2.9138372,-4.383837,-5.673837,-3.4138372,-1.1038373,-0.29383728,0.3761627
4.206163,4.2361627,3.7761626,2.8761628,2.4061627,1.4461627,0.72616273,0.35616273,0.00616272,-0.45383728,0.33616272,-0.5438373,-2.0238373,-2.9738374,-3.6838372,-3.8238373,-3.4638374,-3.8038373,-2.9538374,-2.7338374,-4.1838374,-4.503837,-5.153837,-2.8138373,-2.3838372,-2.0938373,-3.0338373,-3.2538373,-3.7838373,-4.1138372,-4.173837,-4.733837,-4.8938375,-3.9738374,-0.5138373,0.6061627,-0.0038372802,-0.77383727,1.3561627,-0.10383728,-1.0938373
4.1461625,4.3161626,3.4161627,3.1161628,2.5261626,2.8861628,2.4661627,2.3361628,1.2361627,1.1061627,-0.013837281,-0.6238373,-1.7238373,-2.0538373,-3.2338374,-4.0338373,-2.9338372,-3.3938372,-3.7538373,-2.7838373,-2.9538374,-3.8938372,-4.7438374,-5.4738374,-4.8738375,-4.6238375,-3.4038372,-3.5038373,-2.8038373,-2.9938374,-5.523837,-4.1638374,-3.4138372,-3.9138372,-2.8738372,-0.49383727,-3.5938373,-1.0938373,-3.0438373,-1.4338373,-0.97383726
3.1261628,3.0761628,2.3061628,3.1961627,3.1961627,1.9861627,1.3161627,1.8961627,1.1361628,1.3161627,1.3161627,0.4961627,0.32616273,-0.59383726,-2.1538372,-3.4338372,-2.6638372,-2.4138372,-4.0338373,-3.7738373,-4.903837,-4.7838373,-3.7938373,-2.8838372,-3.9138372,-3.0438373,-4.8638372,-4.6038375,-5.1838374,-5.673837,-3.3738372,-4.7038374,-5.483837,-5.6038375,-4.003837,-2.0338373,-0.48383728,-4.0338373,-0.8238373,1.0861627,0.8061627
-1.6438373,1.9561627,2.2761626,2.2161627,2.6161628,2.4761627,1.5761627,1.3561627,1.1361628,1.5461627,1.1861627,1.6161628,1.5961627,1.4661627,0.24616271,-1.3238373,-2.5838373,-2.7738373,-3.6138372,-3.2138374,-3.1238372,-3.9538374,-4.0338373,-4.153837,-4.3238373,-4.793837,-4.213837,-5.0738373,-4.9538374,-5.1138372,-6.003837,-5.4738374,-4.0838375,-4.1138372,-3.6438372,-1.3138373,-0.48383728,1.0261627,0.4061627,0.4961627,0.18616273
1.3861628,1.0761627,1.3461627,1.8561627,2.2061627,2.6061628,1.1561627,1.5261627,-0.16383728,1.0161628,0.25616273,0.8561627,-0.6438373,-0.19383729,-0.20383728,0.086162716,-1.2538372,-1.6838373,-1.5538373,-2.3838372,-2.1638372,-2.9538374,-2.9138372,-2.8738372,-3.3638372,-4.883837,-4.0938373,-4.6838374,-4.633837,-4.6438375,-4.4338374,-5.2038374,-3.7938373,-2.9738374,-2.8038373,-3.4138372,-1.8738372,1.4461627,1.7861627,2.4361627,1.5661627
-0.65383726,-1.0138373,-0.19383729,2.5861628,1.7661628,0.39616272,1.6761627,2.1761627,0.3161627,1.3861628,-0.3138373,-0.09383728,0.01616272,-0.15383728,0.10616272,-0.52383727,-0.8838373,-1.2038373,-1.4938372,-1.7538372,-1.1638373,-1.5138373,-1.1838373,-0.85383725,-2.7038374,-3.6938372,-4.0838375,-4.9538374,-5.193837,-4.6038375,-6.133837,-6.3938375,-4.153837,-3.0038373,-2.9138372,-3.8238373,-3.2238374,-2.3238373,-1.3938373,-0.04383728,0.00616272
0.05616272,-2.1138372,-3.0738373,2.3161628,2.0861628,1.5261627,1.1161628,2.2061627,2.1761627,2.2961626,0.8661627,-0.71383727,-1.4838372,-0.30383727,0.16616271,0.03616272,-0.52383727,-0.8738373,-1.2438372,-1.6138372,-1.8938373,-2.1138372,-1.9738373,-1.4938372,-2.8438373,-3.6038373,-4.3738375,-4.6138372,-3.9438372,-4.3238373,-4.3338375,-5.0138373,-4.153837,-3.2838373,-2.3338373,-3.1938372,-3.0538373,-2.7638373,-2.3138373,-1.3138373,-1.0238373
-1.9038373,-1.3638372,-3.7238374,-1.6638373,-2.6438372,-0.3438373,-0.46383727,2.9261627,2.9061627,0.9261627,-3.7338374,0.12616272,-0.11383728,-0.59383726,1.4261627,1.1761627,0.65616274,-0.52383727,-1.1038373,-1.3838372,-1.6838373,-2.1638372,-2.2038374,-2.4138372,-2.9838374,-2.9238372,-3.4338372,-3.4838374,-3.5538373,-3.1838372,-3.1238372,-3.5738373,-2.8938372,-4.403837,-3.2338374,-2.7338374,-3.3438373,-1.6238372,-1.1038373,-1.1738373,0.26616272
