wind_kz.json
{"header": {"discipline":0,"disciplineName":"Meteorological products","gribEdition":2,"gribLength":1025,"center":7,"centerName":"US National Weather Service - NCEP(WMC)","subcenter":0,"refTime":"2023-09-08T00:00:00.000Z","significanceOfRT":1,"significanceOfRTName":"Start of forecast","productStatus":0,"productStatusName":"Operational products","productType":1,"productTypeName":"Forecast products","productDefinitionTemplate":0,"productDefinitionTemplateName":"Analysis/forecast at horizontal level/layer at a point in time","parameterCategory":2,"parameterCategoryName":"UnknownDiscipline_0_Category_2","parameterNumber":2,"parameterNumberName":"UnknownParameter_D0_C2_2","parameterUnit":"Unknown","genProcessType":2,"genProcessTypeName":"Forecast","forecastTime":120,"surface1Type":103,"surface1TypeName":"Specified height level above ground","surface1Value":10.0,"surface2Type":255,"surface2TypeName":"Missing","surface2Value":0.0,"gridDefinitionTemplate":0,"gridDefinitionTemplateName":"Latitude_Longitude","numberPoints":615,"shape":6,"shapeName":"Earth spherical with radius of 6,371,229.0 m","gridUnits":"degrees","resolution":48,"winds":"true","scanMode":64,"nx":41,"ny":15,"basicAngle":0,"lo1":47.0,"la1":41.0,"lo2":87.0,"la2":55.0,"dx":1.0,"dy":1.0}, "data":
[rows 0 to 14 of 15, columns 0 to 40 of 41]
0.5078174,0.5778174,0.6478174,-1.3521826,-2.2921827,-4.3121824,-0.5621826,-1.4221826,-4.8221827,-1.5621827,-2.7421827,-4.1121826,-4.1121826,-4.372183,-3.8021827,-3.2721827,-2.3621826,-3.1821826,-4.3321824,-3.4421825,-1.4321827,0.21781738,1.1678174,1.1478174,-1.4621826,-1.4221826,-2.1621826,-0.17218262,1.4078174,0.72781736,-0.10218262,2.0678174,0.5678174,-0.4921826,-2.2321825,-0.26218262,-0.122182615,0.007817383,-1.6721826,-3.1921825,-3.2321825
1.9978174,1.9978174,1.4678174,0.42781737,-0.6421826,-0.97218263,-0.15218262,-1.9021826,-2.9621825,-2.0721827,-4.8321824,-6.1921825,-4.0421824,-2.8421826,-2.5421827,-3.1121826,-2.0521827,-3.4321826,-2.5521827,-2.0621827,-1.0521827,-0.4321826,-0.2721826,-1.3321826,-0.15218262,0.8578174,-0.47218263,1.2878174,-0.32218263,-0.6721826,0.4378174,-0.022182617,2.9478173,-1.2021827,0.027817383,-0.8221826,-1.6821827,0.17781739,0.3478174,-0.4621826,-3.9321826
0.4378174,0.5578174,1.6578174,1.1478174,-1.1121826,0.09781738,-0.90218264,0.91781735,-0.53218263,-2.8421826,-3.4721825,-4.4821825,-3.6921825,-2.4821825,-2.9321826,-2.5121827,-2.9121826,-1.1121826,-1.1221826,-0.8921826,0.33781737,-0.47218263,-4.0921826,-3.3421826,0.4378174,-2.5421827,-0.44218263,1.4378173,-0.58218265,-0.10218262,-0.52218264,1.6778173,-0.59218264,-0.3721826,0.45781738,0.13781738,0.30781737,0.6778174,0.5478174,1.1978173,0.6878174
0.9578174,2.0578175,1.0978174,1.9578174,-0.26218262,-0.022182617,0.90781736,-1.3321826,0.45781738,0.4778174,-0.7521826,-2.0921826,-0.6921826,-1.6521826,-2.0321827,-1.3721826,-0.7321826,-0.2821826,-0.3121826,-1.3321826,-0.122182615,-1.9521827,-1.0021826,-2.5721827,-2.9321826,-2.4621825,-2.0721827,-3.6721826,-1.6021826,-0.6321826,1.0578173,-2.4121826,-0.9921826,-2.9621825,-1.3821826,-1.6821827,-0.8921826,2.3278174,0.06781738,-1.1821827,-1.5721827
3.1778173,5.6878176,5.4078174,5.3678174,3.3378174,1.8778174,1.4878174,0.2578174,0.3778174,1.3878174,2.4578173,2.0978174,2.5578175,2.5978174,0.4378174,0.6378174,0.5178174,0.7678174,0.2578174,-0.16218261,-0.6021826,-0.8021826,-0.10218262,-0.53218263,-0.7021826,-1.5521827,-2.5421827,-1.6821827,-1.7221826,-1.6721826,-2.9621825,-1.6121826,-1.2221826,2.0378175,-0.5121826,-1.3821826,0.7678174,0.6978174,-3.9721825,-3.8221827,-3.5421827
3.1878173,2.8778174,5.8478174,5.587817,7.4778175,6.0078173,3.8378174,3.1778173,1.8678174,2.7978175,2.1378174,0.29781738,2.3778174,4.6978173,4.0078173,3.5078173,3.0778174,2.5178175,2.0378175,1.4778174,-0.39218262,-0.10218262,0.5778174,1.5978174,2.1078174,1.7978173,2.5578175,2.0878174,1.5678173,1.1178174,1.9078174,-0.3121826,-1.5521827,-1.9721826,-0.5521826,-0.2821826,-0.8121826,1.8178173,5.2078176,-0.042182617,-3.8521826
-0.8521826,-1.1821827,-1.6421826,0.7078174,3.1778173,3.0978174,3.3078175,3.3678174,3.1178174,3.6578174,2.8578174,1.5878174,2.3778174,3.0978174,2.4378173,2.8078175,2.9678173,3.3178174,2.9378173,-0.082182616,-0.6721826,0.5178174,0.6478174,1.4078174,1.4078174,1.9878174,1.8278174,1.1278174,0.18781738,-0.6621826,1.1778173,2.3478174,1.8478174,-0.8921826,-2.5321827,-0.9321826,-1.2521826,1.9378173,-0.9921826,-0.8721826,3.9178174
0.8078174,2.0678174,1.1578174,0.30781737,0.14781739,1.9878174,0.7078174,1.3778174,2.4878173,2.8678174,2.1878173,2.6378174,2.6378174,1.8878174,1.7178174,2.4378173,2.5978174,2.6278174,2.7278173,2.0578175,2.9578173,3.4378173,2.9878173,2.9778173,3.0778174,1.7078174,2.7478173,2.2778175,2.7378173,2.8478174,2.8478174,3.2778175,2.9078174,0.20781738,0.9978174,0.8778174,1.8378174,3.3478174,2.0078173,2.7978175,0.5678174
1.7478174,1.0778174,0.9978174,1.2678174,1.7278174,2.3478174,1.7178174,0.32781738,0.6878174,2.1678174,0.5578174,1.1878173,2.1978173,2.8578174,3.1878173,4.0078173,3.6978173,3.8878174,3.4078174,2.6778173,4.1478176,3.5878174,4.6678176,4.4378176,2.7678175,3.0878174,3.1078174,4.9678173,5.4378176,6.0278172,5.9878173,5.4678173,5.8978176,3.2878175,1.2478174,1.0178174,-0.53218263,-1.0721827,0.22781739,0.20781738,-1.0321826
1.3778174,1.3478174,0.7078174,-0.9421826,-0.122182615,1.0778174,1.9378173,1.7178174,0.30781737,1.7078174,1.8578174,2.7078173,2.4278173,3.6578174,2.5478175,2.2078173,2.9378173,3.0278175,2.6678174,3.0078173,3.5678174,5.047817,4.7078176,4.7678175,6.127817,6.4678173,6.7478175,7.2578173,6.9178176,8.537817,7.2578173,6.8678174,5.6478176,4.4878173,2.5978174,0.12781738,-2.2721827,-0.5621826,-0.17218262,0.8978174,0.10781738
-1.3621826,-1.7221826,-1.0321826,-0.47218263,-0.4621826,-0.6921826,-0.7921826,-1.1921827,0.6778174,0.6378174,0.4678174,1.3378174,1.5378174,1.6878173,0.96781737,0.91781735,1.8478174,2.4578173,2.4778173,3.6178174,4.627817,5.2078176,6.627817,7.1978173,7.5278172,8.437818,9.627817,10.147818,11.057817,11.617817,10.617817,9.237818,7.6678176,6.0278172,4.1578174,1.7678174,0.6778174,1.0678173,0.7578174,0.90781736,-0.58218265
-0.58218265,-1.1621826,-1.2421826,-0.8821826,-1.4721826,-1.3321826,-0.77218264,-0.6921826,-0.3121826,-0.4021826,-1.1821827,-0.6321826,-1.0921826,0.087817386,1.8378174,2.9678173,3.5978174,4.5278172,4.067817,5.0178175,5.5578175,6.6778173,7.2078176,7.9778175,8.607818,9.737818,9.677817,10.797817,10.377817,9.637817,9.037817,8.507817,5.877817,5.857817,2.9978173,5.9078174,4.4878173,2.0678174,-0.022182617,0.027817383,-0.6221826
-0.22218262,0.65781736,-0.36218262,-0.33218262,0.007817383,-0.65218264,-1.1421826,-0.96218264,-1.0721827,-0.15218262,-0.6321826,0.8878174,0.9478174,2.3078175,3.2778175,3.5478175,3.7378173,3.8178174,3.6378174,3.9678173,4.587817,5.2278175,5.4678173,5.297817,6.7578173,7.067817,7.9778175,8.477818,7.9378176,7.7178173,7.797817,7.0978174,5.7578173,4.2778172,3.4678173,2.7378173,2.6978173,1.2878174,0.2878174,-1.9621826,-0.6421826
0.8878174,0.007817383,-0.77218264,-1.8521826,-1.2921826,-1.2921826,-1.1021826,-0.65218264,0.8178174,-0.062182616,-0.07218262,0.7578174,1.5678173,1.3978174,1.6478174,2.1478174,2.0978174,1.9178174,1.2478174,2.2878175,2.9778173,2.9178174,3.9678173,4.2178173,4.9278173,5.0278172,4.4178176,1.7478174,0.45781738,2.1578174,3.6978173,1.6978173,-0.22218262,-0.71218264,-0.44218263,0.13781738,-0.26218262,0.8378174,0.7478174,0.9578174,-0.13218261
0.97781736,-0.092182614,-0.9521826,-1.6821827,-1.0321826,-0.7021826,0.15781738,0.13781738,0.66781735,0.32781738,-0.012182618,0.12781738,0.45781738,1.5378174,1.1678174,1.1378174,0.59781736,0.6978174,0.5878174,1.4578174,1.7478174,2.1478174,2.4678173,2.4678173,1.9478173,1.1678174,-0.8021826,-0.97218263,0.5078174,-1.5621827,-4.702183,-5.6121826,-4.6121826,-4.142183,-3.6421826,-2.9221826,-1.7421826,-1.0021826,-1.1521826,-0.39218262,-1.3921826
