wind_kz.json
{"header": {"discipline":0,"disciplineName":"Meteorological products","gribEdition":2,"gribLength":871,"center":7,"centerName":"US National Weather Service - NCEP(WMC)","subcenter":0,"refTime":"2025-04-05T06:00:00.000Z","significanceOfRT":1,"significanceOfRTName":"Start of forecast","productStatus":0,"productStatusName":"Operational products","productType":1,"productTypeName":"Forecast products","productDefinitionTemplate":0,"productDefinitionTemplateName":"Analysis/forecast at horizontal level/layer at a point in time","parameterCategory":0,"parameterCategoryName":"UnknownDiscipline_0_Category_0","parameterNumber":0,"parameterNumberName":"UnknownParameter_D0_C0_0","parameterUnit":"Unknown","genProcessType":2,"genProcessTypeName":"Forecast","forecastTime":180,"surface1Type":1,"surface1TypeName":"Ground or water surface","surface1Value":0.0,"surface2Type":255,"surface2TypeName":"Missing","surface2Value":0.0,"gridDefinitionTemplate":0,"gridDefinitionTemplateName":"Latitude_Longitude","numberPoints":615,"shape":6,"shapeName":"Earth spherical with radius of 6,371,229.0 m","gridUnits":"degrees","resolution":48,"winds":"true","scanMode":64,"nx":41,"ny":15,"basicAngle":0,"lo1":47.0,"la1":41.0,"lo2":87.0,"la2":55.0,"dx":1.0,"dy":1.0}, "data":
[rows 0 to 14 of 15, columns 0 to 40 of 41]
283.0766,274.0766,279.67657,282.67657,283.27658,283.8766,286.17657,291.0766,292.67657,294.17657,293.8766,295.5766,294.67657,294.5766,293.77658,292.67657,295.27658,295.27658,299.4766,296.9766,297.17657,293.5766,293.67657,288.77658,292.8766,294.4766,287.77658,274.9766,272.5766,269.27658,268.67657,269.77658,284.27658,288.5766,289.77658,290.3766,290.5766,290.27658,288.9766,289.5766,289.77658
259.4766,276.0766,282.0766,282.27658,282.5766,282.8766,288.4766,290.27658,290.0766,289.9766,291.17657,290.4766,290.77658,292.27658,293.27658,293.9766,295.77658,298.27658,297.3766,298.3766,298.27658,294.0766,288.5766,283.3766,267.3766,274.3766,284.0766,276.5766,279.5766,273.27658,276.9766,267.8766,276.17657,249.9766,261.3766,285.0766,284.0766,285.9766,288.77658,281.4766,280.77658
278.4766,280.9766,281.77658,282.0766,281.9766,285.4766,287.0766,289.27658,288.17657,286.5766,285.4766,286.9766,287.3766,288.27658,291.77658,293.4766,293.8766,295.17657,296.77658,298.9766,297.77658,296.3766,292.9766,286.3766,288.27658,287.9766,287.8766,289.17657,288.17657,281.17657,269.0766,275.3766,281.5766,279.8766,281.5766,281.27658,270.4766,270.0766,272.17657,270.67657,262.4766
278.77658,281.3766,280.3766,281.5766,283.8766,287.5766,286.5766,285.3766,286.17657,285.27658,284.5766,283.4766,285.5766,286.27658,289.4766,293.0766,292.0766,294.8766,296.17657,299.17657,297.0766,291.67657,293.77658,293.0766,293.9766,293.27658,292.9766,287.67657,288.9766,287.4766,285.3766,288.5766,290.8766,290.67657,287.17657,285.4766,273.0766,260.17657,276.3766,283.0766,286.67657
281.17657,281.8766,281.4766,282.17657,282.77658,285.27658,286.0766,285.17657,284.9766,284.3766,284.0766,283.17657,284.4766,283.9766,281.5766,290.4766,291.9766,292.4766,295.17657,295.8766,297.3766,297.3766,294.8766,293.3766,292.17657,291.4766,289.27658,283.77658,292.77658,290.9766,291.4766,287.67657,277.0766,260.3766,277.3766,286.77658,285.8766,289.0766,288.77658,288.17657,287.17657
281.17657,280.9766,282.27658,281.77658,280.8766,280.4766,284.17657,285.9766,283.5766,283.67657,284.3766,284.67657,282.4766,282.8766,280.0766,289.4766,290.8766,292.17657,292.27658,293.67657,295.9766,294.5766,293.0766,290.77658,289.67657,288.3766,287.67657,273.0766,290.9766,290.27658,288.67657,289.4766,287.8766,285.0766,285.9766,286.17657,280.9766,279.8766,286.17657,287.0766,287.0766
281.4766,281.3766,282.67657,282.9766,282.0766,285.17657,284.8766,283.77658,283.9766,283.77658,282.5766,283.5766,283.67657,284.4766,287.27658,289.8766,289.5766,290.5766,290.4766,290.9766,291.9766,294.17657,292.3766,290.27658,287.3766,287.77658,287.4766,288.3766,288.4766,289.0766,288.9766,288.67657,287.9766,287.0766,285.9766,286.0766,281.67657,280.17657,276.5766,275.67657,284.17657
280.5766,280.5766,282.4766,283.4766,283.4766,283.77658,283.9766,282.5766,281.3766,282.27658,281.0766,282.27658,282.3766,283.8766,284.8766,286.27658,288.0766,288.4766,288.17657,288.0766,287.27658,288.27658,288.77658,288.4766,286.0766,284.5766,285.17657,286.67657,284.77658,286.17657,285.0766,286.27658,284.4766,282.27658,283.5766,282.8766,283.3766,272.67657,287.3766,285.77658,282.9766
280.4766,280.17657,281.0766,281.5766,282.67657,282.0766,280.5766,280.27658,280.17657,279.77658,279.77658,280.4766,280.4766,281.8766,282.8766,283.5766,284.0766,284.27658,285.0766,285.17657,284.5766,284.77658,285.77658,286.17657,286.27658,284.8766,283.3766,283.9766,283.9766,282.0766,282.5766,282.3766,285.5766,286.17657,284.9766,282.17657,281.8766,281.4766,266.5766,271.0766,267.3766
281.17657,281.4766,279.67657,280.4766,280.8766,280.17657,279.5766,279.17657,279.5766,279.67657,279.17657,278.9766,279.77658,279.9766,280.8766,281.8766,282.3766,282.77658,282.5766,282.9766,281.67657,282.8766,284.67657,284.4766,284.3766,284.17657,284.17657,283.9766,284.17657,284.77658,285.67657,287.17657,287.77658,286.9766,284.8766,283.3766,281.8766,278.9766,276.4766,275.9766,272.3766
280.8766,280.9766,279.9766,279.77658,279.4766,279.4766,280.0766,279.8766,279.77658,279.27658,278.67657,278.67657,279.3766,278.77658,279.4766,279.8766,279.8766,280.77658,280.9766,279.67657,280.27658,280.3766,281.0766,283.3766,282.5766,282.5766,281.17657,282.9766,284.0766,285.8766,286.8766,288.9766,288.5766,287.8766,288.0766,283.27658,280.8766,278.77658,277.67657,278.3766,275.0766
280.5766,281.67657,280.3766,279.8766,278.27658,278.9766,278.17657,278.67657,279.3766,279.17657,277.27658,277.4766,278.17657,277.8766,277.9766,278.77658,279.0766,279.17657,279.27658,278.9766,278.17657,277.77658,278.0766,278.4766,278.3766,280.77658,282.4766,283.3766,282.9766,284.4766,285.27658,286.4766,287.8766,286.5766,287.8766,286.5766,287.3766,285.67657,284.0766,283.3766,281.4766
279.5766,279.77658,280.5766,279.4766,278.77658,278.27658,277.77658,277.3766,277.27658,277.27658,275.4766,274.27658,278.3766,277.5766,278.4766,278.27658,278.3766,278.5766,278.8766,278.0766,277.77658,276.8766,276.4766,276.0766,277.17657,278.4766,280.27658,280.17657,280.9766,281.67657,282.67657,283.5766,284.0766,286.0766,286.4766,286.3766,285.8766,286.77658,283.3766,282.4766,282.3766
279.27658,279.5766,275.4766,279.27658,278.17657,277.17657,276.5766,276.27658,276.8766,276.5766,274.3766,272.8766,274.5766,277.4766,278.5766,278.8766,278.67657,278.0766,278.4766,277.8766,277.77658,277.4766,277.3766,277.3766,277.5766,278.27658,277.8766,278.27658,278.27658,278.5766,279.27658,279.67657,282.27658,282.3766,283.5766,284.27658,285.0766,283.5766,283.0766,282.27658,282.77658
279.9766,279.5766,273.17657,278.5766,277.8766,277.0766,277.3766,276.0766,277.67657,277.27658,276.27658,273.9766,272.77658,275.0766,277.0766,278.4766,278.0766,277.8766,277.67657,277.17657,277.17657,276.3766,276.4766,275.77658,276.17657,276.5766,276.3766,276.0766,276.27658,276.27658,276.4766,275.3766,278.3766,279.4766,280.67657,281.8766,284.27658,284.3766,284.67657,283.4766,283.3766
