wind.json
{"header": {"discipline":0,"disciplineName":"Meteorological products","gribEdition":2,"gribLength":1039,"center":7,"centerName":"US National Weather Service - NCEP(WMC)","subcenter":0,"refTime":"2023-06-29T00:00:00.000Z","significanceOfRT":1,"significanceOfRTName":"Start of forecast","productStatus":0,"productStatusName":"Operational products","productType":1,"productTypeName":"Forecast products","productDefinitionTemplate":0,"productDefinitionTemplateName":"Analysis/forecast at horizontal level/layer at a point in time","parameterCategory":0,"parameterCategoryName":"UnknownDiscipline_0_Category_0","parameterNumber":0,"parameterNumberName":"UnknownParameter_D0_C0_0","parameterUnit":"Unknown","genProcessType":2,"genProcessTypeName":"Forecast","forecastTime":60,"surface1Type":1,"surface1TypeName":"Ground or water surface","surface1Value":0.0,"surface2Type":255,"surface2TypeName":"Missing","surface2Value":0.0,"gridDefinitionTemplate":0,"gridDefinitionTemplateName":"Latitude_Longitude","numberPoints":688,"shape":6,"shapeName":"Earth spherical with radius of 6,371,229.0 m","gridUnits":"degrees","resolution":48,"winds":"true","scanMode":64,"nx":43,"ny":16,"basicAngle":0,"lo1":45.0,"la1":40.0,"lo2":87.0,"la2":55.0,"dx":1.0,"dy":1.0}, "data":
[rows 0 to 15 of 16, columns 0 to 42 of 43]
293.9264,285.72638,300.8264,313.1264,313.0264,297.0264,296.3264,294.8264,312.4264,318.1264,322.72638,320.3264,324.72638,324.1264,328.4264,327.4264,324.4264,323.22638,321.72638,321.22638,320.9264,318.6264,317.9264,318.0264,315.3264,311.3264,310.22638,292.72638,289.0264,292.72638,300.3264,307.6264,309.22638,310.4264,313.3264,313.4264,311.6264,307.72638,306.22638,301.9264,303.72638,301.0264,302.9264
295.22638,308.22638,309.3264,291.9264,293.0264,296.1264,296.0264,294.8264,306.5264,318.1264,321.6264,325.0264,323.5264,323.9264,325.3264,325.0264,319.4264,324.72638,322.9264,321.5264,324.4264,323.6264,325.72638,319.22638,318.1264,311.1264,315.6264,315.9264,311.3264,292.4264,292.3264,291.22638,291.9264,295.5264,303.1264,309.1264,309.5264,308.6264,308.3264,305.4264,303.72638,300.6264,302.0264
294.6264,289.72638,284.3264,298.22638,297.0264,296.1264,295.8264,293.9264,314.5264,316.22638,317.22638,320.6264,324.4264,323.0264,322.6264,321.9264,326.72638,325.4264,324.6264,324.1264,322.0264,323.72638,325.1264,321.8264,318.22638,305.6264,293.4264,292.5264,298.6264,293.5264,294.0264,286.72638,291.9264,279.72638,297.9264,265.8264,280.9264,304.4264,302.1264,303.72638,304.4264,293.5264,283.5264
295.3264,297.8264,305.22638,298.4264,296.6264,296.22638,295.4264,312.8264,315.1264,312.1264,308.1264,317.3264,318.5264,321.22638,315.22638,316.8264,323.3264,324.5264,322.72638,321.4264,323.3264,321.72638,322.3264,319.0264,317.4264,309.6264,313.9264,312.1264,311.9264,311.1264,309.22638,292.9264,286.22638,287.6264,292.3264,293.3264,295.8264,294.1264,285.4264,286.8264,287.72638,282.3264,276.72638
305.8264,310.3264,309.22638,297.0264,296.9264,296.4264,299.8264,311.5264,312.22638,314.22638,307.0264,312.6264,315.8264,317.72638,294.8264,295.4264,322.72638,323.1264,320.1264,320.8264,321.9264,322.1264,316.5264,312.1264,316.22638,315.22638,314.22638,313.72638,313.72638,309.8264,308.0264,308.8264,309.5264,304.4264,310.5264,310.0264,308.4264,301.4264,286.8264,285.4264,285.1264,299.5264,301.3264
303.22638,310.4264,303.5264,297.72638,297.4264,297.9264,303.1264,310.22638,311.0264,308.6264,312.3264,307.5264,316.72638,312.4264,295.3264,295.1264,292.9264,320.8264,320.4264,317.5264,314.3264,317.0264,317.6264,317.72638,316.6264,315.6264,315.22638,314.72638,311.72638,305.1264,311.4264,310.72638,311.3264,305.6264,290.1264,283.4264,293.0264,302.9264,302.0264,311.0264,312.5264,309.4264,309.3264
300.9264,304.1264,301.72638,309.4264,298.22638,297.22638,297.1264,296.5264,309.8264,301.6264,305.22638,303.1264,315.1264,309.22638,296.72638,295.1264,307.5264,316.72638,316.3264,318.9264,317.72638,319.1264,317.5264,317.0264,317.22638,317.1264,316.5264,313.3264,313.22638,291.3264,313.0264,311.5264,309.8264,308.1264,306.6264,305.4264,301.8264,299.72638,292.72638,295.1264,307.5264,309.22638,309.22638
297.6264,298.9264,306.0264,300.1264,309.72638,300.72638,297.4264,308.9264,307.3264,295.9264,298.1264,302.8264,309.0264,312.1264,312.6264,315.9264,317.9264,317.9264,319.1264,317.0264,321.0264,317.72638,316.5264,316.4264,316.4264,316.6264,314.3264,314.3264,314.72638,316.72638,314.9264,311.9264,306.9264,309.3264,307.5264,305.8264,302.3264,300.72638,292.1264,286.22638,281.1264,284.4264,296.9264
298.22638,302.5264,306.4264,302.6264,299.72638,301.22638,300.5264,306.3264,299.0264,294.1264,295.6264,302.22638,309.5264,304.0264,312.5264,312.9264,318.6264,319.4264,321.4264,319.6264,317.4264,316.5264,315.4264,314.9264,313.6264,312.3264,311.22638,308.0264,308.22638,308.8264,305.72638,307.0264,304.8264,304.5264,301.3264,297.0264,297.1264,299.1264,297.72638,288.1264,294.9264,293.1264,290.3264
291.5264,302.3264,302.6264,309.1264,301.72638,298.8264,299.4264,302.4264,294.4264,292.3264,294.6264,297.8264,303.1264,306.6264,304.9264,309.9264,314.72638,317.8264,316.9264,314.72638,315.0264,314.5264,312.6264,311.4264,311.9264,311.1264,306.72638,307.0264,302.5264,300.9264,300.1264,297.8264,298.6264,298.0264,298.1264,297.72638,297.6264,295.0264,294.22638,294.5264,282.22638,280.8264,282.5264
295.8264,297.6264,296.8264,299.9264,303.22638,298.0264,296.22638,295.22638,291.1264,290.6264,292.3264,299.0264,304.3264,304.9264,306.3264,304.22638,303.1264,311.8264,310.0264,313.8264,315.9264,313.5264,311.72638,312.1264,311.8264,309.22638,306.8264,303.22638,302.1264,300.6264,298.22638,298.1264,298.4264,300.3264,300.1264,299.3264,297.6264,295.5264,291.0264,287.22638,285.4264,282.4264,279.6264
295.9264,295.3264,300.4264,296.22638,295.6264,293.9264,293.72638,293.0264,290.22638,290.72638,291.5264,293.4264,301.1264,302.1264,299.1264,304.0264,306.72638,308.22638,301.5264,311.4264,311.0264,309.22638,309.8264,309.0264,307.22638,305.72638,301.6264,301.1264,298.6264,302.0264,302.0264,303.3264,303.1264,301.72638,301.1264,299.22638,297.9264,295.0264,288.0264,285.5264,284.22638,281.6264,281.9264
291.22638,295.8264,293.6264,298.8264,300.72638,292.8264,291.9264,292.3264,288.72638,288.5264,292.4264,297.5264,297.72638,292.0264,296.22638,295.4264,304.3264,304.5264,306.4264,307.9264,305.4264,304.6264,303.22638,302.9264,302.4264,301.72638,299.72638,301.3264,302.5264,303.72638,304.22638,303.0264,299.8264,300.8264,297.5264,293.4264,293.0264,296.9264,294.5264,292.4264,289.72638,289.5264,288.1264
291.8264,294.22638,291.3264,297.3264,295.9264,292.8264,290.5264,290.9264,288.9264,288.8264,290.22638,300.72638,297.1264,289.6264,296.5264,299.9264,300.0264,301.8264,303.3264,301.8264,302.8264,300.6264,299.9264,298.3264,299.5264,299.1264,301.22638,301.8264,305.1264,301.22638,300.8264,298.72638,299.3264,298.72638,294.6264,294.22638,290.72638,294.22638,290.72638,293.72638,291.3264,290.5264,288.6264
290.6264,292.4264,293.1264,296.22638,292.72638,293.4264,292.4264,291.4264,287.72638,288.6264,291.0264,300.9264,294.5264,290.6264,296.3264,301.22638,301.22638,301.22638,300.8264,299.9264,300.6264,299.8264,299.1264,298.0264,299.5264,299.6264,299.1264,300.1264,298.6264,298.3264,297.3264,297.9264,298.1264,297.0264,295.5264,294.5264,293.5264,289.9264,291.5264,291.1264,289.6264,287.22638,288.4264
292.5264,294.0264,293.0264,294.6264,290.5264,293.5264,293.4264,291.8264,288.5264,292.3264,292.0264,299.3264,299.8264,295.8264,298.0264,300.22638,300.22638,300.4264,299.5264,299.1264,300.22638,297.4264,297.0264,296.5264,296.8264,296.1264,295.4264,295.5264,296.22638,296.22638,295.5264,295.1264,293.9264,289.8264,294.6264,294.1264,291.1264,293.22638,291.8264,288.72638,288.72638,288.4264,287.8264
