wind_kz.json
{"header": {"discipline":0,"disciplineName":"Meteorological products","gribEdition":2,"gribLength":871,"center":7,"centerName":"US National Weather Service - NCEP(WMC)","subcenter":0,"refTime":"2023-10-02T00:00:00.000Z","significanceOfRT":1,"significanceOfRTName":"Start of forecast","productStatus":0,"productStatusName":"Operational products","productType":1,"productTypeName":"Forecast products","productDefinitionTemplate":0,"productDefinitionTemplateName":"Analysis/forecast at horizontal level/layer at a point in time","parameterCategory":0,"parameterCategoryName":"UnknownDiscipline_0_Category_0","parameterNumber":0,"parameterNumberName":"UnknownParameter_D0_C0_0","parameterUnit":"Unknown","genProcessType":2,"genProcessTypeName":"Forecast","forecastTime":240,"surface1Type":1,"surface1TypeName":"Ground or water surface","surface1Value":0.0,"surface2Type":255,"surface2TypeName":"Missing","surface2Value":0.0,"gridDefinitionTemplate":0,"gridDefinitionTemplateName":"Latitude_Longitude","numberPoints":615,"shape":6,"shapeName":"Earth spherical with radius of 6,371,229.0 m","gridUnits":"degrees","resolution":48,"winds":"true","scanMode":64,"nx":41,"ny":15,"basicAngle":0,"lo1":47.0,"la1":41.0,"lo2":87.0,"la2":55.0,"dx":1.0,"dy":1.0}, "data":
[rows 0 to 14 of 15, columns 0 to 40 of 41]
284.49643,278.99643,284.19644,292.89642,292.99643,291.69644,288.89642,288.29645,285.99643,285.89642,284.69644,285.39642,283.99643,282.89642,281.99643,279.19644,280.29645,280.09644,279.49643,280.09644,280.09644,279.09644,277.99643,276.99643,282.79645,283.49643,282.49643,270.69644,270.49643,270.89642,271.19644,272.79645,279.99643,286.09644,287.39642,287.29645,287.69644,287.09644,287.09644,286.89642,286.39642
270.49643,284.09644,292.49643,292.49643,292.59644,290.89642,286.99643,285.49643,284.39642,284.99643,285.49643,284.29645,283.59644,282.29645,279.39642,278.29645,276.39642,276.29645,275.19644,275.49643,280.49643,278.89642,278.09644,277.29645,270.19644,270.69644,278.99643,273.49643,272.49643,269.19644,275.89642,269.09644,273.39642,251.29643,271.09644,283.99643,282.39642,285.49643,287.29645,280.69644,283.39642
284.89642,292.49643,292.49643,291.99643,290.29645,285.69644,284.99643,285.59644,284.29645,283.99643,284.29645,284.59644,283.59644,283.49643,283.39642,281.19644,279.59644,278.09644,277.69644,277.39642,279.09644,276.79645,274.89642,275.79645,279.69644,278.89642,278.39642,279.09644,278.29645,275.19644,271.49643,272.79645,275.29645,274.59644,275.39642,276.69644,273.09644,272.59644,272.79645,269.39642,269.99643
285.39642,291.29645,292.29645,291.39642,288.89642,283.99643,285.99643,285.09644,285.39642,285.29645,284.79645,284.19644,289.19644,288.59644,283.79645,282.19644,282.49643,282.29645,280.49643,282.69644,277.79645,275.19644,279.59644,278.89642,279.09644,282.89642,282.69644,281.29645,280.49643,281.09644,282.19644,280.49643,282.89642,281.79645,281.99643,280.89642,273.19644,266.69644,271.49643,277.89642,280.29645
287.49643,290.89642,291.29645,290.69644,288.99643,286.59644,286.69644,286.69644,285.99643,285.59644,284.79645,284.09644,288.09644,286.99643,285.59644,286.39642,282.89642,283.79645,280.89642,282.29645,284.79645,284.59644,281.59644,279.19644,278.69644,282.79645,280.79645,282.89642,280.49643,281.79645,282.89642,281.09644,273.69644,267.29645,273.29645,281.79645,285.89642,285.99643,286.49643,286.19644,284.89642
287.09644,286.49643,288.99643,289.79645,290.09644,289.69644,286.49643,285.99643,285.29645,285.39642,285.29645,286.59644,287.59644,287.79645,287.69644,286.79645,285.99643,285.19644,282.49643,282.89642,283.49643,281.59644,282.69644,278.99643,280.39642,276.79645,277.09644,285.19644,281.49643,282.19644,281.59644,282.89642,281.69644,281.29645,280.69644,282.89642,274.69644,275.99643,278.69644,282.29645,281.79645
286.69644,286.29645,286.89642,286.59644,286.79645,285.99643,285.99643,284.69644,284.09644,283.69644,283.19644,282.79645,282.09644,282.09644,282.59644,284.29645,285.89642,284.99643,284.19644,283.99643,282.09644,280.99643,282.09644,281.19644,279.69644,278.99643,278.29645,279.99643,279.39642,279.79645,279.09644,279.79645,280.49643,281.19644,280.79645,279.69644,274.69644,272.59644,270.09644,270.49643,277.79645
286.89642,286.69644,286.89642,286.79645,286.89642,286.39642,285.59644,284.39642,283.29645,282.39642,281.69644,281.29645,280.99643,281.29645,281.69644,281.79645,281.89642,282.99643,283.49643,281.29645,280.29645,280.69644,280.99643,280.09644,279.09644,276.79645,276.39642,277.49643,275.99643,277.99643,277.09644,277.59644,276.99643,275.49643,275.79645,276.19644,278.09644,284.19644,278.49643,277.49643,274.79645
287.89642,287.79645,286.99643,286.59644,286.19644,285.69644,284.29645,283.39642,281.69644,280.69644,279.49643,278.59644,278.29645,278.99643,279.29645,279.99643,280.19644,279.79645,279.59644,279.59644,279.19644,279.49643,279.19644,278.69644,277.99643,276.59644,274.59644,275.19644,273.99643,273.69644,274.69644,275.59644,276.69644,276.29645,275.89642,275.19644,274.49643,275.29645,267.59644,269.09644,268.79645
287.49643,287.49643,287.19644,286.79645,285.99643,285.29645,283.29645,281.39642,280.09644,279.29645,277.79645,276.79645,276.69644,276.89642,277.19644,277.29645,277.59644,277.69644,277.99643,278.09644,277.49643,279.49643,280.29645,279.29645,277.69644,276.49643,275.79645,275.09644,275.49643,274.79645,274.49643,276.09644,276.79645,276.29645,276.19644,275.69644,274.09644,270.29645,268.49643,268.79645,269.29645
288.09644,286.99643,286.89642,286.29645,286.19644,284.79645,284.09644,282.69644,280.69644,279.89642,277.79645,276.59644,277.49643,276.49643,277.09644,276.49643,276.19644,277.59644,276.99643,277.19644,278.79645,278.79645,278.79645,278.99643,278.39642,277.39642,275.39642,276.99643,276.39642,278.39642,277.19644,276.59644,276.19644,276.99643,276.59644,275.99643,272.79645,269.39642,269.09644,271.29645,268.49643
288.29645,288.79645,288.39642,286.99643,285.79645,284.39642,282.49643,281.39642,279.79645,278.89642,275.99643,276.19644,276.29645,275.29645,275.89642,275.89642,276.99643,277.49643,277.59644,277.59644,276.49643,277.89642,277.99643,278.09644,277.89642,278.49643,277.69644,278.69644,277.59644,279.59644,278.09644,276.09644,276.39642,275.39642,275.99643,277.49643,276.99643,276.79645,276.29645,274.59644,273.69644
286.09644,286.69644,287.59644,286.29645,286.19644,284.19644,281.99643,279.49643,278.09644,277.49643,275.69644,274.09644,274.99643,273.99643,274.49643,274.89642,275.19644,276.39642,277.39642,277.09644,277.29645,276.89642,276.99643,276.49643,277.69644,278.29645,279.19644,278.79645,278.79645,277.89642,276.89642,276.69644,276.59644,276.59644,276.49643,276.59644,276.59644,278.09644,276.09644,276.49643,275.79645
284.49643,284.79645,284.69644,284.99643,284.59644,282.79645,281.29645,278.49643,278.59644,276.69644,275.39642,272.99643,272.89642,273.89642,273.99643,273.89642,273.59644,272.59644,272.69644,273.69644,276.59644,276.89642,276.99643,277.19644,276.99643,277.89642,277.79645,277.49643,276.79645,275.59644,276.09644,275.09644,275.49643,274.89642,275.59644,274.29645,274.99643,275.39642,274.89642,274.69644,275.59644
281.29645,283.39642,283.99643,283.49643,283.39642,282.99643,280.99643,278.49643,278.59644,276.79645,275.79645,273.99643,272.69644,272.39642,272.69644,272.79645,272.19644,271.89642,271.69644,271.79645,272.49643,272.39642,272.59644,275.79645,276.29645,276.49643,276.39642,276.19644,275.49643,275.69644,276.29645,279.19644,273.49643,274.29645,274.39642,273.49643,274.89642,272.69644,272.99643,273.49643,274.49643
