wind_kz.json
{"header": {"discipline":0,"disciplineName":"Meteorological products","gribEdition":2,"gribLength":1025,"center":7,"centerName":"US National Weather Service - NCEP(WMC)","subcenter":0,"refTime":"2024-02-03T06:00:00.000Z","significanceOfRT":1,"significanceOfRTName":"Start of forecast","productStatus":0,"productStatusName":"Operational products","productType":1,"productTypeName":"Forecast products","productDefinitionTemplate":0,"productDefinitionTemplateName":"Analysis/forecast at horizontal level/layer at a point in time","parameterCategory":2,"parameterCategoryName":"UnknownDiscipline_0_Category_2","parameterNumber":3,"parameterNumberName":"UnknownParameter_D0_C2_3","parameterUnit":"Unknown","genProcessType":2,"genProcessTypeName":"Forecast","forecastTime":300,"surface1Type":103,"surface1TypeName":"Specified height level above ground","surface1Value":10.0,"surface2Type":255,"surface2TypeName":"Missing","surface2Value":0.0,"gridDefinitionTemplate":0,"gridDefinitionTemplateName":"Latitude_Longitude","numberPoints":615,"shape":6,"shapeName":"Earth spherical with radius of 6,371,229.0 m","gridUnits":"degrees","resolution":48,"winds":"true","scanMode":64,"nx":41,"ny":15,"basicAngle":0,"lo1":47.0,"la1":41.0,"lo2":87.0,"la2":55.0,"dx":1.0,"dy":1.0}, "data":
[rows 0 to 14 of 15, columns 0 to 40 of 41]
1.6243848,-0.41561523,0.80438477,-4.185615,3.6643848,2.4443848,2.0943847,2.3143847,0.8643848,0.5343848,-0.67561525,0.16438477,0.12438477,-0.16561523,0.11438476,0.35438478,0.17438477,-0.61561525,-0.74561524,-0.26561522,0.45438477,0.9643848,-0.6556152,-2.2156153,-1.7856152,-2.2556152,-2.3656151,1.1543847,2.1543849,0.75438476,-4.3056154,-5.545615,0.8643848,-1.4256152,-2.0956151,-1.1856152,-1.0556152,0.58438474,0.87438476,2.1243849,3.7843847
2.4943848,-0.43561524,-6.1956153,1.4343848,6.4843845,5.8443847,1.5043848,3.0643847,1.5243847,0.33438477,-1.0756153,-1.6956153,-0.9056152,-0.035615236,-0.7056152,0.37438476,0.63438475,-0.8956152,-1.0556152,-0.5856152,-0.17561524,-1.4956152,0.9143848,1.9043847,-2.5856152,-2.3156152,-3.7156153,1.3643848,1.0443847,0.44438475,5.044385,2.1643848,-2.0556152,-4.435615,-5.085615,-2.0556152,0.37438476,-2.0356152,-0.43561524,-2.3356152,-0.26561522
-1.5056152,-4.7856154,-3.4156153,6.834385,6.1343846,4.5543847,3.2743847,2.0243847,2.9643848,0.5343848,-0.39561522,-0.15561524,-0.9656152,-0.5356152,-0.43561524,0.054384764,0.75438476,1.3043847,0.6643848,0.15438476,1.0043848,0.054384764,-1.5456152,0.074384764,-0.14561523,0.28438476,-0.105615236,-0.47561523,-0.31561524,2.2543848,3.7543848,2.0943847,2.5743847,-2.5156152,-0.72561526,1.1043848,3.0143847,-0.35561523,0.12438477,-2.3156152,-3.0056152
-0.56561524,-2.2856152,-1.1556152,2.1443849,3.9443848,4.5543847,4.434385,2.8343847,2.2843847,0.87438476,0.014384765,-1.4956152,-0.5756152,0.074384764,-0.79561526,-0.80561525,-0.62561524,-0.32561523,-0.25561523,-0.9556152,-1.0156152,-1.1956153,2.2643847,-0.87561524,-1.3056152,-1.7956152,-2.0956151,-2.4156153,1.6343848,1.4043847,0.93438476,-1.1556152,-0.79561526,0.30438477,-0.94561523,-3.7956152,-2.5956151,0.9843848,3.9043849,0.11438476,1.7043848
-0.5156152,-0.30561525,-0.73561525,-0.6556152,1.1343848,1.6543847,2.0743847,2.8843849,2.7243848,1.2443848,0.9143848,0.33438477,-1.1056153,-0.5956152,-0.8356152,-1.7456152,-1.5756153,-1.3256153,-1.3256153,-1.6456152,-0.16561523,-0.49561524,-0.85561526,-0.97561526,-1.2856152,-2.1056151,-2.5256152,-2.8656151,-1.9556153,-1.5656152,-1.3856152,0.45438477,2.2343848,1.3643848,-1.6656152,0.21438476,0.8543848,-1.2856152,-3.1856153,-0.24561523,0.7343848
0.6643848,-0.045615233,-0.42561522,-0.075615235,0.42438477,1.1843848,2.2543848,2.1443849,1.7243848,1.8943847,-0.13561523,-0.55561525,-2.1956153,-2.1656153,-2.0056152,-1.2956152,-0.93561524,-1.5756153,-1.5256152,-1.6556152,-1.3956152,-0.5356152,0.20438476,-0.54561526,-1.0356152,-1.7756152,-2.7456152,-3.2456152,-2.0456152,-2.1756153,-2.2756152,-1.3056152,-1.3156152,-0.69561523,2.7343848,5.3843846,5.1143847,4.0943847,0.014384765,-2.1756153,-1.3256153
0.19438477,0.68438476,2.0543847,2.4643848,2.4543848,1.7843847,2.1943848,2.6343849,1.3543848,0.58438474,-0.39561522,-0.99561524,-1.6456152,-2.6556153,-2.3356152,-1.5156152,-0.74561524,-0.17561524,-0.5356152,-0.40561524,-1.5356152,-0.94561523,-0.5256152,0.34438476,0.8443848,-0.31561524,-3.0856152,-3.0456152,-3.5456152,-2.3256152,-2.3356152,-3.4356153,-4.4456153,-1.4956152,-2.3156152,-2.7256153,-4.7156153,-2.1956153,-1.5956153,-2.5256152,1.1343848
2.2243848,1.5543847,1.2943847,1.2743847,1.6843848,1.5243847,1.5843848,1.4443848,1.8743848,0.82438475,-0.06561524,0.32438478,-2.5956151,-1.9456153,-2.7956152,-1.9356152,-1.5756153,-0.16561523,-0.33561525,1.9443848,-0.8456152,-0.24561523,-1.5356152,-0.5856152,1.8643848,1.8343848,1.9643848,-1.9156152,-2.4656153,-3.9156153,-2.0456152,-1.8856152,-2.2056153,-2.1056151,1.3043847,0.87438476,0.36438477,0.80438477,-1.0656152,0.64438474,-0.7656152
1.6343848,1.6643847,1.9943848,2.0143847,1.8443848,1.6443847,1.5343847,1.5243847,1.5243847,1.3543848,0.43438476,0.8643848,1.0143847,-1.7356153,-0.33561525,-0.18561524,-1.4256152,-0.8856152,1.3443848,1.6743847,3.9843848,1.0743848,1.5043848,0.24438477,-0.39561522,1.8543848,1.0943848,1.0643848,1.9443848,0.44438475,0.054384764,2.1043847,1.9443848,3.5043848,2.8343847,3.0943847,-2.7556152,1.3843848,-0.36561525,-0.67561525,-3.5756152
1.5543847,1.7343848,1.3743848,1.4943848,1.5143847,1.3843848,1.5643848,1.5543847,1.6343848,1.0943848,2.4543848,2.4043849,1.9143847,1.4943848,1.0643848,0.18438476,0.32438478,0.7243848,-0.19561523,0.76438475,1.9943848,3.5143847,2.4443848,1.9443848,1.9243847,1.4043847,1.1943848,1.3843848,1.4943848,1.6243848,2.3143847,2.1443849,3.0443847,3.1543849,2.4243848,1.5043848,0.94438475,-2.5856152,1.0243847,4.5943847,4.584385
1.6443847,1.5143847,1.8543848,0.7943848,0.6043848,1.5143847,1.7843847,1.3643848,0.6743848,1.5243847,2.0443847,2.7943847,2.9643848,2.9643848,2.5543847,1.5543847,1.1643847,0.28438476,0.37438476,0.14438477,0.89438474,1.5743848,1.1043848,1.2143848,1.0243847,1.4043847,1.1443847,1.7343848,2.8243847,0.6043848,1.5343847,0.41438475,3.2543848,3.7543848,4.164385,1.6943848,1.2143848,2.6143847,2.2343848,1.9943848,0.33438477
-0.29561523,-0.47561523,1.9443848,3.1443849,2.9743848,2.1643848,0.93438476,1.4243847,-0.5356152,1.0943848,0.16438477,2.0143847,2.4643848,2.2143848,2.0543847,2.0643847,2.3143847,1.9543848,1.2343848,1.7043848,1.6243848,0.58438474,-0.22561523,0.32438478,0.64438474,0.70438474,2.5743847,1.4643848,1.2943847,0.5343848,0.88438475,1.7143848,2.2843847,3.4643848,3.4343848,4.024385,2.9443848,2.0243847,1.7043848,1.8143848,0.9743848
1.3143848,0.6143848,0.30438477,0.56438476,0.8443848,1.4143847,0.6643848,2.1143847,5.224385,1.8343848,1.3343848,1.0643848,3.0443847,2.1443849,1.4643848,2.0643847,2.5043848,2.3843849,1.4143847,1.9843848,2.3343847,2.4343848,1.8343848,1.7843847,1.0443847,0.8443848,0.064384766,-0.06561524,0.62438476,0.8643848,1.3243848,1.8243848,2.7143848,3.9043849,4.314385,4.434385,4.334385,3.2143848,4.024385,4.664385,3.3843849
1.6243848,1.6043848,2.8543847,3.3743849,1.0243847,1.5143847,1.4343848,4.474385,3.8143847,3.0643847,1.9643848,0.83438474,0.7843848,2.9243848,2.6943848,1.9543848,2.8443847,3.1343849,3.1243849,2.6943848,2.3943849,2.0443847,1.5843848,0.94438475,0.89438474,0.41438475,0.35438478,0.47438475,0.74438477,1.1043848,1.3443848,1.6843848,2.6343849,2.8643847,2.3743849,3.8043847,3.4943848,3.8543847,4.2143846,4.164385,5.4243846
1.1043848,2.6743848,2.0843847,2.6043847,3.4843848,2.8543847,2.3843849,4.064385,3.1943848,3.4343848,1.7943847,1.7043848,1.7843847,0.33438477,2.3743849,1.8743848,2.6943848,2.9243848,2.6843848,2.4943848,2.2543848,1.2843847,1.3543848,0.9743848,0.6543848,0.39438477,0.30438477,0.7943848,0.50438476,0.70438474,0.7243848,1.6543847,1.5643848,1.7043848,2.1943848,2.3343847,2.7343848,3.6643848,2.9443848,3.8443847,4.204385
