wind_kz.json
{"header": {"discipline":0,"disciplineName":"Meteorological products","gribEdition":2,"gribLength":1102,"center":7,"centerName":"US National Weather Service - NCEP(WMC)","subcenter":0,"refTime":"2023-10-02T06:00:00.000Z","significanceOfRT":1,"significanceOfRTName":"Start of forecast","productStatus":0,"productStatusName":"Operational products","productType":1,"productTypeName":"Forecast products","productDefinitionTemplate":0,"productDefinitionTemplateName":"Analysis/forecast at horizontal level/layer at a point in time","parameterCategory":2,"parameterCategoryName":"UnknownDiscipline_0_Category_2","parameterNumber":3,"parameterNumberName":"UnknownParameter_D0_C2_3","parameterUnit":"Unknown","genProcessType":2,"genProcessTypeName":"Forecast","forecastTime":180,"surface1Type":103,"surface1TypeName":"Specified height level above ground","surface1Value":10.0,"surface2Type":255,"surface2TypeName":"Missing","surface2Value":0.0,"gridDefinitionTemplate":0,"gridDefinitionTemplateName":"Latitude_Longitude","numberPoints":615,"shape":6,"shapeName":"Earth spherical with radius of 6,371,229.0 m","gridUnits":"degrees","resolution":48,"winds":"true","scanMode":64,"nx":41,"ny":15,"basicAngle":0,"lo1":47.0,"la1":41.0,"lo2":87.0,"la2":55.0,"dx":1.0,"dy":1.0}, "data":
[rows 0 to 14 of 15, columns 0 to 40 of 41]
-3.389889,-3.5698888,-3.959889,-7.099889,-2.0198889,7.5901113,3.580111,3.4001112,2.070111,2.6901112,3.330111,3.2201111,2.570111,2.340111,2.9401112,2.500111,1.0901111,0.54011106,-0.19988891,-0.9298889,0.3501111,1.4601111,-0.019888915,-0.11988892,-2.359889,1.580111,1.9001111,1.580111,2.520111,2.330111,0.92011106,0.5001111,1.300111,4.110111,2.550111,-0.039888915,-1.0998889,-0.7598889,-1.5398889,-2.619889,0.61011106
4.910111,-5.6798887,-13.039889,-11.6698885,-0.30988893,8.420111,4.110111,2.370111,4.5901113,4.190111,3.4701111,3.2001112,3.140111,3.350111,3.530111,2.840111,3.380111,1.680111,0.20011109,-1.1198889,-2.679889,-2.709889,-1.2498889,1.4701111,2.500111,1.7801111,-2.469889,0.08011109,1.4701111,0.8401111,0.07011108,-0.51988894,1.320111,-0.37988892,-1.8798889,-0.7598889,-0.49988893,-2.009889,-1.3998889,-2.499889,0.8701111
-4.459889,-10.159889,-13.459888,-12.459888,-4.279889,4.580111,1.5101111,2.850111,4.0301113,4.010111,4.150111,4.630111,3.820111,3.1801112,4.350111,4.260111,4.040111,3.9001112,2.590111,-0.69988894,-1.4598889,-3.0298889,-2.3198888,0.5701111,0.46011108,-0.06988892,-0.049888916,0.61011106,0.10011108,1.9101111,2.090111,1.6301111,0.16011108,-1.7798889,-1.0998889,2.020111,0.8701111,-1.799889,0.20011109,1.050111,1.3801111
-3.009889,-8.319889,-10.049889,-11.1698885,-7.329889,0.3601111,0.4801111,2.500111,4.060111,4.160111,4.0701113,4.0901113,4.400111,4.850111,3.800111,3.340111,3.500111,4.790111,1.3401111,0.66011107,-2.5198889,-0.9698889,1.1401111,0.7601111,-0.4498889,-2.639889,-2.2798889,1.0201111,1.8501111,-0.6298889,-2.369889,-2.7698889,-1.2198889,1.570111,0.9901111,-3.229889,-0.30988893,2.040111,-0.51988894,0.6501111,-0.039888915
-7.809889,-10.209888,-8.579889,-8.489889,-6.489889,-3.719889,-3.749889,0.13011108,3.790111,4.0501113,4.440111,3.9801111,4.740111,3.510111,4.760111,2.870111,2.4201112,3.4301112,2.4201112,0.6901111,-0.7398889,-3.169889,-3.0298889,-1.819889,-2.3498888,-3.209889,0.7201111,1.1001111,0.16011108,-1.9598889,-2.909889,-0.6898889,0.8801111,1.9901111,-0.49988893,-1.9098889,-0.33988893,-1.179889,-1.1098889,-2.219889,-2.219889
-7.289889,-5.959889,-9.059889,-8.879889,-5.979889,-5.189889,-3.209889,-0.4498889,1.2301111,4.270111,3.810111,4.080111,3.9801111,6.220111,4.560111,3.390111,2.740111,4.5301113,3.620111,2.7201111,0.7801111,-1.0398889,0.17011109,-1.919889,-2.689889,-1.4798889,-1.3498889,2.4701111,1.060111,0.55011106,-2.359889,-2.619889,-0.7198889,-0.49988893,1.690111,3.240111,1.940111,3.640111,-0.10988892,-2.199889,-1.929889
-6.229889,-4.039889,-5.489889,-5.599889,-5.359889,0.4501111,-2.989889,1.6401111,2.290111,3.4701111,4.440111,3.6601112,4.470111,4.520111,4.430111,3.560111,2.9801111,3.9101112,3.9401112,3.640111,2.4101112,0.6801111,1.6401111,0.85011107,-0.7298889,-0.25988892,1.5401111,1.4801111,0.6201111,0.5801111,0.25011107,-3.5298889,-3.5898888,-1.6198889,-1.5898889,-1.449889,-2.0898888,-0.9998889,0.8201111,-0.7798889,0.5701111
-4.589889,-4.4298887,-3.5898888,-4.509889,-5.599889,-6.149889,-0.9798889,0.060111083,4.0301113,4.670111,5.850111,6.3401113,5.040111,5.810111,6.230111,5.850111,4.5701113,2.9201112,4.150111,4.5901113,2.570111,2.2101111,2.2001112,3.110111,2.280111,1.3701111,4.330111,1.9001111,1.6601111,1.0101111,-0.029888917,-1.0298889,-2.109889,-2.8098888,-0.28988892,0.120111085,-1.299889,-0.7898889,-0.82988894,-0.30988893,-1.939889
-2.7798889,-3.5498888,-3.2898889,-1.0898889,-2.169889,-2.119889,-3.409889,-0.06988892,2.890111,1.8601111,6.440111,7.5701113,7.3201113,6.700111,6.000111,7.5301113,6.7801113,5.760111,4.910111,4.870111,4.060111,2.740111,3.4801111,2.9201112,2.840111,2.370111,2.000111,2.790111,2.340111,1.8801111,1.0001111,1.9001111,1.3601111,1.7901111,1.690111,0.22011109,-3.0298889,-0.17988892,0.55011106,0.020111084,-0.8498889
-2.5998888,-2.859889,-2.869889,-2.379889,-0.6098889,-0.7498889,-2.0298889,-2.679889,-0.9798889,4.5501113,5.140111,5.440111,8.620111,7.970111,7.940111,6.640111,8.160111,7.390111,6.900111,5.540111,5.740111,4.880111,3.800111,3.9301112,3.750111,3.370111,2.740111,2.530111,2.250111,2.370111,1.940111,3.100111,3.770111,3.020111,1.820111,0.8901111,0.17011109,-2.5498888,-0.8198889,0.8701111,2.110111
-2.949889,-2.969889,-2.979889,-1.939889,-1.5998889,-1.9998889,-1.4098889,-0.30988893,-1.439889,-2.7698889,2.9101112,5.890111,7.170111,7.5701113,9.570111,8.960111,8.100111,7.670111,8.350111,8.500111,7.2801113,6.520111,5.100111,4.3001113,4.060111,3.850111,2.7201111,3.1601112,3.130111,3.140111,3.340111,3.850111,3.7101111,3.1601112,3.380111,0.8301111,0.23011108,1.580111,1.070111,0.8301111,-0.029888917
-3.5998888,-3.009889,-2.859889,-3.119889,-3.189889,-2.259889,-0.76988894,-1.0998889,1.1108399E-4,-0.6798889,-0.6598889,-2.0198889,6.640111,8.130111,7.0901113,9.360111,9.750111,8.990111,8.640111,8.490111,8.640111,7.480111,6.760111,5.750111,5.260111,4.740111,4.7801113,4.220111,4.060111,3.860111,3.760111,4.060111,2.760111,2.810111,2.850111,2.7301111,2.310111,2.9501112,2.4801111,1.8501111,0.7701111
-4.129889,-4.2198887,-4.529889,-2.859889,-2.749889,-2.239889,-3.129889,-1.2798889,-0.3298889,0.4801111,0.010111084,-0.22988892,-2.389889,8.060111,8.060111,10.070111,10.350111,9.710111,9.160111,8.850111,8.270111,8.440111,7.940111,7.720111,6.860111,6.270111,5.580111,4.7801113,4.510111,4.040111,4.3201113,4.400111,3.790111,3.510111,3.280111,3.2101111,2.4001112,1.810111,2.9301112,1.2901111,0.54011106
-4.629889,-4.959889,-5.249889,-4.2198887,-4.299889,-3.239889,-3.3098888,-3.139889,-2.249889,-2.419889,1.190111,0.8201111,0.66011107,1.0201111,6.080111,8.390111,9.730111,9.960111,9.550111,8.790112,8.610111,8.3301115,8.240111,7.890111,7.710111,7.8201113,6.790111,6.400111,5.250111,4.890111,5.390111,4.8001113,4.260111,4.270111,3.060111,3.1601112,2.300111,2.080111,1.8401111,2.1501112,1.450111
-3.649889,-5.619889,-7.839889,-5.029889,-4.729889,-3.719889,-3.7698889,-2.919889,-2.5398889,-1.5198889,-0.8098889,2.4401112,0.5001111,-0.9198889,-0.7998889,1.050111,8.790112,9.550111,9.520111,10.020111,8.550111,8.910111,8.540112,8.010111,7.760111,7.880111,8.180111,7.490111,6.940111,6.150111,6.260111,7.600111,5.620111,4.810111,4.380111,3.9801111,3.2001112,3.120111,2.9201112,3.580111,1.180111
