wind_kz.json
{"header": {"discipline":0,"disciplineName":"Meteorological products","gribEdition":2,"gribLength":1102,"center":7,"centerName":"US National Weather Service - NCEP(WMC)","subcenter":0,"refTime":"2024-02-01T18:00:00.000Z","significanceOfRT":1,"significanceOfRTName":"Start of forecast","productStatus":0,"productStatusName":"Operational products","productType":1,"productTypeName":"Forecast products","productDefinitionTemplate":0,"productDefinitionTemplateName":"Analysis/forecast at horizontal level/layer at a point in time","parameterCategory":2,"parameterCategoryName":"UnknownDiscipline_0_Category_2","parameterNumber":2,"parameterNumberName":"UnknownParameter_D0_C2_2","parameterUnit":"Unknown","genProcessType":2,"genProcessTypeName":"Forecast","forecastTime":120,"surface1Type":103,"surface1TypeName":"Specified height level above ground","surface1Value":10.0,"surface2Type":255,"surface2TypeName":"Missing","surface2Value":0.0,"gridDefinitionTemplate":0,"gridDefinitionTemplateName":"Latitude_Longitude","numberPoints":615,"shape":6,"shapeName":"Earth spherical with radius of 6,371,229.0 m","gridUnits":"degrees","resolution":48,"winds":"true","scanMode":64,"nx":41,"ny":15,"basicAngle":0,"lo1":47.0,"la1":41.0,"lo2":87.0,"la2":55.0,"dx":1.0,"dy":1.0}, "data":
[rows 0 to 14 of 15, columns 0 to 40 of 41]
7.4816575,-0.2683423,-0.82834226,-6.3083425,-0.6483423,9.521658,8.851658,8.441658,9.551658,10.451657,10.721658,10.031658,8.261658,9.731658,9.971658,3.9916577,0.5216577,1.0916578,2.4616578,2.3716576,-6.548342,-5.8083425,-0.37834227,-3.9783423,-0.33834228,-1.9883423,-3.6683424,-3.3483422,1.3716577,0.32165772,-1.6183423,2.1516578,-0.098342285,0.21165772,1.5116577,1.8216577,2.3716576,2.6316576,2.6716578,2.1116576,2.1616578
3.6516578,-1.8183423,-0.6883423,10.201657,9.7516575,10.781658,10.041657,8.371657,10.231658,10.661657,10.271658,10.431658,8.741657,9.111658,6.6316576,3.6516578,2.0716577,0.15165772,1.6516577,-2.6083422,-3.0483422,-3.3783424,-1.2783422,-5.188342,-0.57834226,1.0616577,-1.3383423,0.6016577,-3.1483424,-2.1583424,0.0016577148,-1.0783423,2.4316578,-2.5283422,0.011657715,0.3616577,-0.3483423,1.2016578,-0.058342285,2.5716577,0.28165773
3.7916577,11.561658,13.551658,11.701657,13.071658,9.911657,9.911657,13.011658,11.681658,11.531658,10.961658,10.011658,7.5316577,9.451657,4.851658,2.2216578,0.74165773,0.2716577,-0.10834228,-2.3683424,-2.6783423,-1.8383423,-2.4283423,-3.0783422,-2.7283423,-0.6883423,-1.8083423,-2.2483423,-2.3883424,-0.5383423,-2.1583424,2.9816577,0.121657714,-0.17834228,0.55165774,-0.8983423,-0.18834229,0.5916577,0.41165772,0.7516577,2.0716577
3.6316576,9.321658,14.411657,16.271658,14.191658,11.441658,10.051658,12.531658,11.721658,11.451657,10.801658,8.711658,12.421658,14.691658,0.17165771,0.32165772,-0.6083423,-0.88834226,-1.5083423,-3.1683424,-5.1783423,-1.3983423,-2.1683424,-5.0283422,-3.2683423,-3.3883424,-3.3783424,-2.8083422,-0.6083423,-1.3483423,-1.9583423,-4.318342,-3.4583423,-1.7283423,-2.1183424,-2.0983422,-2.1383424,2.1416578,0.8716577,0.15165772,1.2216578
7.0116577,9.311658,10.761658,14.281658,14.011658,13.951657,13.611658,14.231658,10.291657,9.451657,7.181658,8.671658,11.991657,0.92165774,-2.6383424,-0.5383423,-2.0883422,-2.5183423,-2.9283423,-3.5683422,-3.5383422,-5.628342,-6.6983423,-8.078342,-7.1183424,-5.2383423,-5.1383424,-2.7283423,-5.0383425,-2.4683423,-1.3283423,-1.5883423,-3.3783424,0.8316577,2.3716576,-0.63834226,-0.22834228,-0.07834229,0.7016577,0.5116577,0.24165772
8.511658,8.711658,12.531658,13.211658,14.381658,13.961658,13.371657,7.8216577,7.871658,5.811658,4.4716578,5.021658,10.721658,-1.6283423,-3.9583423,-3.9883423,-3.6383424,-4.5183425,-5.2483425,-4.878342,-5.6183424,-5.9083424,-7.548342,-8.688342,-8.108342,-8.578342,-4.7183423,-4.2483425,-3.8683424,-3.3083422,-3.0983422,-2.6683424,-2.4583423,-1.7883422,-0.30834228,-6.7683425,0.4916577,-4.4483423,2.0116577,-0.8683423,-1.8083423
9.101658,10.171658,12.341658,14.311658,15.131658,14.841658,9.651658,6.0916576,2.9716578,1.7316577,1.7416577,4.5716577,-2.2883422,-4.478342,-3.8083422,-4.2383423,-4.5783424,-5.8683424,-6.728342,-6.8683424,-6.0183425,-4.8883424,-6.918342,-8.058342,-8.818342,-8.468342,-3.3683424,-3.8183422,-3.4783423,-3.4583423,-4.568342,-5.5283422,-1.7683423,-3.8383422,-4.6583424,-1.7483423,-0.8383423,3.4016578,-3.8983424,2.3016577,1.1616577
9.421658,11.561658,12.2516575,14.061658,13.471658,4.451658,-0.08834229,2.4616578,2.6616578,2.1716578,3.4616578,1.5316577,-4.858342,-4.5083423,-3.3083422,-5.418342,-5.7183423,-6.418342,-6.208342,-8.238342,-5.7783422,-6.438342,-4.9283423,-5.7783422,-5.588342,-2.9583423,-3.5983422,-2.7683423,-2.4083424,-2.0183423,-3.2183423,-0.8983423,-2.0783422,0.37165773,-2.5283422,1.6016577,2.1716578,1.9916577,-1.9383423,-6.858342,-3.3283422
9.101658,10.191658,10.881658,11.181658,7.6716576,-0.21834229,-0.038342286,1.7416577,2.0116577,3.4116578,0.021657715,-4.5783424,-5.298342,-5.0183425,-5.5783424,-4.4483423,-5.6183424,-5.418342,-5.608342,-5.898342,-7.9983425,-3.1083422,-3.9783423,-4.708342,-4.088342,-5.318342,-2.6583424,-1.9783423,-1.5083423,-2.0283422,-1.1783423,0.9016577,1.5616577,-1.0483422,-1.8583423,-4.3683424,1.0316577,-1.9683423,-2.1483424,0.4916577,-2.5183423
8.661657,8.911657,9.451657,8.131658,3.1116576,0.86165774,0.9116577,1.4516578,-1.7283423,-3.2283423,-5.1983423,-6.8483424,-5.818342,-5.5383425,-6.4083424,-5.2683425,-5.168342,-4.2683425,-4.298342,-3.9683423,-4.688342,-3.8683424,-3.7783422,-3.5083423,-4.0283422,-3.8683424,-2.3483422,-2.8383422,-1.0383422,-0.5483423,-0.098342285,0.86165774,-0.39834228,-2.2683423,-1.7483423,-0.94834226,-2.6983423,-0.038342286,-2.8983424,-0.5283423,-1.7583423
6.4616575,7.6716576,7.271658,6.0316577,0.4916577,-1.4783423,-3.0683422,-3.5983422,-4.728342,-7.1983423,-6.398342,-6.568342,-4.728342,-6.9483423,-5.6583424,-5.2783422,-5.5183425,-3.8383422,-4.5283422,-4.3683424,-4.5383425,-4.688342,-4.108342,-3.4083424,-2.7183423,-3.1083422,-1.5883423,-0.19834228,-0.098342285,-0.13834229,-0.2683423,-2.5683422,-3.1483424,-1.4783423,-2.0883422,-1.4783423,-1.7983422,0.14165771,-1.4283423,1.2116578,-1.9583423
5.6116576,5.561658,5.3416576,4.2816577,-1.2683423,-3.4883423,-4.8283424,-6.6583424,-7.108342,-8.788342,-7.7883425,-5.838342,-5.7183423,-5.628342,-4.628342,-4.3083425,-4.208342,-3.8083422,-4.978342,-4.188342,-5.3283424,-3.9483423,-4.108342,-2.8283422,-1.8483423,-1.4583423,-1.5583423,-0.9283423,-0.7483423,-1.9083422,-1.8483423,-2.5983422,-1.9883423,-2.8583422,-1.3683423,-1.3183423,-1.0083423,-0.8083423,-0.18834229,-0.5883423,-0.6183423
4.081658,3.9016578,3.2016578,1.9616578,-2.3483422,-3.1783423,-5.7183423,-7.4083424,-8.598342,-6.208342,-5.2183423,-4.208342,-4.0783424,-4.458342,-3.7983422,-3.8283422,-3.6083422,-3.6583424,-3.4783423,-3.6883423,-3.8783424,-2.5583422,-1.4083422,-1.8983423,0.16165772,-0.49834228,-1.0883423,-1.3783423,-1.1683422,-1.4083422,-1.6783423,-1.8183423,-2.3583422,-1.8883423,-1.1883423,-0.50834227,-1.4783423,-1.3283423,-1.8683423,-0.9083423,-1.1183423
4.4416575,2.7116578,3.3816576,2.5216577,-3.2183423,-4.0583425,-6.2183423,-6.0183425,-4.548342,-4.148342,-4.708342,-4.8683424,-3.9883423,-3.4583423,-3.1383424,-2.9783423,-3.0583422,-3.0183423,-3.1683424,-2.6083422,-2.2483423,-1.6783423,-2.1583424,-2.2883422,-2.0983422,-1.9983423,-1.8683423,-0.5483423,-1.2183423,-1.2983422,-1.1483423,-1.1983423,-1.2283423,-1.0683423,-1.1383423,-0.8583423,-1.2683423,-1.2983422,-1.2383423,-0.2983423,0.041657716
1.3816577,3.0416577,1.9916577,0.7616577,-2.4883423,-3.4883423,-4.4483423,-5.068342,-4.478342,-3.5783422,-2.4983423,-3.3083422,-2.6583424,-2.6283424,-3.1483424,-2.7783422,-2.8783424,-2.5783422,-2.1783423,-1.8483423,-2.1083422,-1.5883423,-1.5883423,-1.2783422,-1.1883423,-0.9583423,-1.1883423,-0.6883423,-0.46834227,-0.6783423,-0.6483423,-0.9283423,-0.6483423,-0.18834229,0.19165772,0.4316577,-0.57834226,0.7016577,-0.40834227,-0.10834228,-1.1583422
