wind_kz.json
{"header": {"discipline":0,"disciplineName":"Meteorological products","gribEdition":2,"gribLength":871,"center":7,"centerName":"US National Weather Service - NCEP(WMC)","subcenter":0,"refTime":"2024-02-02T12:00:00.000Z","significanceOfRT":1,"significanceOfRTName":"Start of forecast","productStatus":0,"productStatusName":"Operational products","productType":1,"productTypeName":"Forecast products","productDefinitionTemplate":0,"productDefinitionTemplateName":"Analysis/forecast at horizontal level/layer at a point in time","parameterCategory":0,"parameterCategoryName":"UnknownDiscipline_0_Category_0","parameterNumber":0,"parameterNumberName":"UnknownParameter_D0_C0_0","parameterUnit":"Unknown","genProcessType":2,"genProcessTypeName":"Forecast","forecastTime":240,"surface1Type":1,"surface1TypeName":"Ground or water surface","surface1Value":0.0,"surface2Type":255,"surface2TypeName":"Missing","surface2Value":0.0,"gridDefinitionTemplate":0,"gridDefinitionTemplateName":"Latitude_Longitude","numberPoints":615,"shape":6,"shapeName":"Earth spherical with radius of 6,371,229.0 m","gridUnits":"degrees","resolution":48,"winds":"true","scanMode":64,"nx":41,"ny":15,"basicAngle":0,"lo1":47.0,"la1":41.0,"lo2":87.0,"la2":55.0,"dx":1.0,"dy":1.0}, "data":
[rows 0 to 14 of 15, columns 0 to 40 of 41]
292.66132,282.66132,289.76132,280.36133,280.76132,281.96133,288.56134,290.76132,285.86133,287.46133,285.46133,285.76132,285.16132,285.06134,285.06134,284.06134,285.36133,283.16132,286.46133,285.36133,286.66132,285.86133,286.06134,280.36133,283.06134,284.16132,275.26132,257.16132,255.26132,252.46133,257.06134,257.06134,265.46133,274.36133,274.06134,271.56134,273.86133,272.56134,271.46133,271.46133,270.76132
270.06134,291.26132,280.16132,279.96133,280.46133,281.06134,290.06134,287.76132,287.46133,287.36133,286.66132,284.06134,284.76132,285.16132,284.46133,284.66132,285.06134,284.46133,282.76132,283.96133,284.36133,284.06134,282.06134,269.76132,258.66132,260.86133,263.06134,254.86133,257.06134,252.56133,264.46133,250.96133,267.26132,246.46133,253.26132,265.96133,265.16132,271.16132,271.76132,270.16132,269.96133
289.56134,278.86133,280.06134,280.36133,280.26132,286.46133,285.56134,285.36133,284.36133,284.16132,284.76132,284.66132,285.06134,284.76132,279.66132,279.36133,279.06134,278.16132,277.96133,278.06134,280.06134,283.36133,282.76132,270.96133,280.96133,275.36133,274.06134,273.76132,275.96133,267.06134,257.56134,263.16132,262.86133,263.16132,264.26132,268.46133,263.36133,260.56134,261.46133,258.06134,254.56133
290.76132,275.86133,277.66132,278.86133,281.36133,286.76132,284.66132,285.06134,286.16132,283.76132,283.16132,283.56134,281.26132,281.66132,281.36133,278.66132,278.16132,278.06134,274.66132,278.16132,281.06134,271.26132,276.66132,275.76132,277.96133,277.86133,278.56134,272.76132,273.06134,273.56134,272.66132,272.26132,274.96133,271.46133,271.96133,270.76132,263.26132,258.76132,267.66132,266.56134,265.66132
286.26132,273.06134,271.96133,273.26132,279.06134,285.96133,282.86133,285.36133,283.16132,280.46133,279.96133,281.56134,279.06134,278.96133,278.16132,275.66132,275.26132,275.86133,277.26132,274.16132,277.66132,278.26132,273.46133,273.46133,273.16132,271.86133,270.06134,272.56134,276.66132,276.36133,273.56134,273.56134,266.66132,260.46133,264.16132,261.26132,263.96133,265.16132,267.26132,267.26132,266.06134
286.76132,284.76132,273.06134,272.96133,272.26132,272.36133,285.86133,285.26132,280.76132,280.36133,278.76132,277.06134,278.96133,279.06134,274.46133,275.86133,274.36133,274.66132,272.96133,273.86133,270.96133,273.76132,272.26132,271.26132,271.06134,268.16132,271.86133,271.26132,271.36133,271.46133,271.36133,272.56134,271.16132,271.46133,270.96133,268.86133,265.66132,263.16132,265.66132,264.46133,263.26132
284.86133,285.16132,287.86133,286.56134,277.86133,281.26132,284.56134,280.36133,277.66132,276.26132,276.06134,274.96133,275.16132,274.96133,275.16132,274.56134,273.86133,273.06134,271.16132,270.56134,271.16132,270.46133,269.86133,269.36133,268.86133,268.86133,269.46133,269.86133,271.66132,270.76132,269.86133,269.66132,268.96133,269.96133,268.66132,267.16132,263.06134,261.66132,260.86133,255.36133,260.36133
282.06134,282.46133,283.16132,284.56134,283.36133,280.56134,278.66132,277.56134,275.76132,273.16132,271.76132,271.86133,272.46133,271.06134,274.46133,273.06134,272.86133,271.66132,270.36133,270.06134,271.56134,272.46133,272.26132,270.16132,269.36133,269.66132,270.86133,271.86133,269.06134,268.66132,267.16132,266.66132,266.66132,266.06134,267.26132,267.76132,268.56134,268.36133,267.26132,266.56134,264.46133
278.56134,277.86133,277.36133,277.96133,276.06134,276.76132,276.06134,274.06134,273.26132,272.46133,272.06134,271.76132,272.06134,271.66132,271.76132,272.36133,272.56134,272.56134,271.96133,271.16132,270.46133,271.76132,272.96133,272.56134,271.26132,271.86133,270.86133,270.76132,270.06134,267.56134,265.96133,265.96133,266.16132,267.26132,266.86133,266.56134,266.56134,265.06134,255.96133,256.96133,254.56133
275.46133,274.56134,273.96133,275.66132,274.16132,273.26132,273.16132,273.16132,272.56134,272.66132,272.06134,271.76132,273.06134,273.16132,273.06134,273.16132,272.86133,273.16132,273.06134,273.16132,273.16132,273.06134,273.16132,273.16132,273.16132,272.96133,272.26132,271.06134,269.96133,268.96133,268.26132,269.26132,269.26132,266.66132,268.16132,268.06134,265.06134,261.06134,259.06134,257.96133,255.96133
273.16132,273.16132,273.16132,273.16132,273.16132,273.16132,273.16132,273.16132,273.16132,273.16132,273.06134,273.06134,273.16132,273.06134,273.16132,273.16132,273.16132,273.16132,273.16132,273.16132,273.16132,273.16132,273.16132,273.16132,272.76132,272.46133,271.66132,271.36133,270.56134,270.16132,269.76132,269.56134,267.96133,267.16132,267.06134,267.26132,263.46133,258.36133,257.76132,257.36133,253.86133
273.16132,273.26132,273.16132,273.16132,273.16132,273.16132,273.16132,273.16132,273.16132,273.16132,273.16132,273.16132,273.16132,273.16132,273.16132,273.16132,273.16132,273.16132,273.16132,273.16132,273.16132,273.16132,273.16132,273.16132,272.46133,272.56134,272.26132,271.06134,269.96133,269.26132,268.06134,267.36133,266.96133,266.96133,267.66132,267.46133,266.66132,265.26132,262.46133,265.46133,260.36133
273.16132,273.16132,273.16132,273.16132,273.46133,273.56134,273.16132,273.16132,273.16132,273.16132,273.16132,273.16132,273.16132,273.06134,273.16132,273.16132,273.16132,273.16132,273.16132,273.16132,273.16132,273.16132,273.16132,273.16132,273.16132,272.16132,270.36133,269.66132,268.06134,265.56134,263.96133,263.96133,263.36133,260.56134,260.66132,259.96133,261.66132,262.46133,263.86133,262.76132,264.16132
271.36133,271.96133,273.16132,273.16132,273.16132,273.16132,273.16132,273.16132,273.16132,273.16132,273.16132,273.16132,273.16132,273.16132,273.16132,273.16132,273.16132,273.16132,273.16132,273.16132,273.16132,273.16132,273.16132,272.86133,270.36133,269.06134,267.16132,266.06134,262.76132,262.66132,261.46133,256.56134,254.96133,255.06133,255.26132,255.86133,260.86133,260.46133,261.86133,261.26132,260.56134
270.66132,269.46133,270.56134,270.26132,271.26132,273.06134,273.16132,273.16132,273.06134,273.16132,273.16132,273.16132,273.16132,273.36133,273.16132,273.16132,273.16132,273.16132,273.16132,273.16132,273.16132,271.46133,270.06134,267.16132,265.46133,264.06134,262.06134,261.46133,258.36133,253.96133,252.96133,251.76132,251.76132,251.76132,252.16133,253.46133,251.66133,257.26132,259.86133,261.46133,263.16132
