wind.json
{"header": {"discipline":0,"disciplineName":"Meteorological products","gribEdition":2,"gribLength":1125,"center":7,"centerName":"US National Weather Service - NCEP(WMC)","subcenter":0,"refTime":"2023-07-02T00:00:00.000Z","significanceOfRT":1,"significanceOfRTName":"Start of forecast","productStatus":0,"productStatusName":"Operational products","productType":1,"productTypeName":"Forecast products","productDefinitionTemplate":0,"productDefinitionTemplateName":"Analysis/forecast at horizontal level/layer at a point in time","parameterCategory":2,"parameterCategoryName":"UnknownDiscipline_0_Category_2","parameterNumber":2,"parameterNumberName":"UnknownParameter_D0_C2_2","parameterUnit":"Unknown","genProcessType":2,"genProcessTypeName":"Forecast","forecastTime":240,"surface1Type":103,"surface1TypeName":"Specified height level above ground","surface1Value":10.0,"surface2Type":255,"surface2TypeName":"Missing","surface2Value":0.0,"gridDefinitionTemplate":0,"gridDefinitionTemplateName":"Latitude_Longitude","numberPoints":688,"shape":6,"shapeName":"Earth spherical with radius of 6,371,229.0 m","gridUnits":"degrees","resolution":48,"winds":"true","scanMode":64,"nx":43,"ny":16,"basicAngle":0,"lo1":45.0,"la1":40.0,"lo2":87.0,"la2":55.0,"dx":1.0,"dy":1.0}, "data":
[rows 0 to 15 of 16, columns 0 to 42 of 43]
-4.521472,-0.33147216,2.1885278,-2.7514722,-2.9714723,-1.6814722,2.348528,2.558528,1.1685278,0.89852786,5.488528,4.538528,7.7585278,3.9385278,-2.2214723,-3.8414721,-3.7614722,-3.0514722,-2.3514721,-2.5514722,-2.9914722,-3.0514722,-2.7514722,2.058528,1.9485278,0.5185278,-0.011472168,0.12852784,0.11852783,0.8285278,1.1685278,0.9385278,0.67852783,0.52852786,-1.0414722,2.1285279,-0.6114722,-0.53147215,1.7085278,2.6285279,-0.11147217,-0.05147217,-0.021472167
1.0385278,-4.9114723,-4.401472,-1.0914721,2.328528,4.958528,3.9785278,2.068528,1.1285279,1.4385278,-4.981472,-0.21147217,0.5585278,1.0185279,-0.43147218,-1.3214722,-1.7014722,-0.52147216,-1.9514722,-0.48147216,-2.5014722,-0.95147216,3.328528,0.9485278,0.8785278,-0.32147217,0.90852785,-2.4814723,-3.3114722,-0.82147217,0.98852783,1.0985278,1.1585279,1.2085278,0.6385278,2.1585279,0.40852782,2.9185278,3.1885278,0.29852784,0.5685278,1.0585278,-1.3714721
-0.78147215,-2.181472,0.73852783,2.578528,3.4385278,2.6285279,1.6685278,2.078528,-0.11147217,-2.1214721,-1.0314722,-1.3314722,-1.3814721,-3.0214722,3.8885279,-0.09147217,1.6285279,0.30852783,0.24852782,-1.4714721,-0.35147217,0.53852785,1.5685278,1.7085278,0.79852784,-3.2214723,0.05852783,0.44852784,-0.7514722,1.0185279,-0.8714722,-1.3114722,0.17852783,0.028527832,0.44852784,-2.5414722,0.37852782,0.15852784,-0.66147214,0.47852784,-1.4814721,0.7585278,-3.391472
-0.36147216,-0.041472167,0.59852785,2.318528,3.608528,1.5285279,1.2285278,-0.7414722,-1.8414721,-0.40147218,-2.151472,0.028527832,-0.13147217,1.1885278,0.26852784,3.7885277,1.5385278,0.7085278,1.5485278,1.6185279,1.3985279,2.0385277,2.6285279,3.2185278,-3.4614723,0.11852783,-0.45147216,0.59852785,-0.021472167,-2.151472,-2.161472,-0.7914722,-0.37147218,1.9485278,0.38852784,-0.36147216,0.67852783,-0.5014722,0.24852782,-0.10147217,0.8685278,1.9785278,2.088528
0.52852786,0.33852783,1.6185279,4.0285277,2.9985278,0.90852785,-0.51147217,-1.8114722,1.1985278,-1.2114722,-0.24147217,0.16852783,0.85852784,0.54852784,2.068528,1.3485278,4.448528,2.848528,2.7485278,3.318528,1.9985279,1.8285278,2.0085278,0.71852785,6.7985277,-2.2514722,-4.6214724,-4.211472,-4.361472,-6.651472,-2.5414722,-0.011472168,1.2885278,-0.46147215,-1.9414722,-3.5414722,-3.3514721,-2.3214722,-1.4914721,2.4885278,1.5285279,1.1685278,0.34852782
-5.2414722,-2.5014722,-1.7314721,-2.691472,-3.3214722,-4.261472,-3.0914721,-1.7814722,-0.47147217,-0.72147214,0.06852783,0.15852784,0.7485278,1.5385278,1.1185279,2.0285277,3.368528,3.6685278,3.9685278,1.4285278,2.6285279,1.5085279,1.6285279,-0.84147215,-3.7414722,-4.551472,-5.571472,-5.1214724,-7.071472,-3.911472,-4.791472,-4.251472,-4.531472,-2.4814723,-2.3114722,1.4585278,2.0385277,-3.1214721,-2.5914721,-6.051472,-3.411472,-5.231472,-6.711472
-1.0214722,-1.9514722,-1.8214722,-1.8314722,-3.3314722,-3.0014722,-2.3414721,-1.9314722,-1.4514722,-1.0814722,-0.6314722,-0.29147217,-0.07147217,0.45852783,1.3985279,2.348528,2.098528,2.6985278,3.7385278,3.0285277,1.1085278,0.048527833,0.19852783,-0.5514722,-3.4814723,-5.571472,-6.151472,-6.001472,-4.7214723,-5.921472,-4.511472,-4.4314723,-4.4514723,-2.5414722,-0.7514722,0.34852782,-0.65147215,1.1585279,0.35852784,-3.0514722,-2.4914722,-4.501472,-5.881472
-1.4814721,-1.1214721,-0.6914722,-0.58147216,-1.1314721,-0.6314722,-0.70147216,-0.081472166,-0.57147217,-0.6714722,-0.97147214,-0.38147217,-0.24147217,0.71852785,1.2985278,1.6385279,2.318528,3.618528,3.2285278,0.5685278,3.1785278,-0.7914722,0.47852784,-1.5614722,-2.3514721,-4.0814724,-4.841472,-3.7914722,-2.2314723,-3.5814722,-3.441472,-3.8214722,-3.901472,-3.5914721,-3.0814722,-4.421472,-1.7014722,-1.9114722,-1.2314721,0.44852784,-1.3614721,0.25852785,0.12852784
-0.77147216,-0.09147217,-0.061472166,-0.51147217,-0.11147217,0.44852784,0.16852783,0.24852782,-0.011472168,0.048527833,0.36852783,0.40852782,0.6185278,0.8885278,1.9385278,2.078528,2.9185278,2.8985279,2.1985278,3.4485278,0.64852786,-2.911472,-1.2014722,-2.0114722,-0.9814722,-1.1714722,-3.3114722,-1.9114722,-2.171472,-3.2114723,-3.131472,-2.5214722,-2.7814722,-2.661472,-3.2614722,-2.3514721,-2.3714721,-0.29147217,0.9485278,2.9485278,-1.1614722,-0.24147217,-1.7114722
0.7685278,0.45852783,0.6985278,0.42852783,1.7785279,1.6285279,2.558528,2.0085278,1.9885278,0.6885278,0.8285278,1.1085278,1.9685278,1.6185279,2.1785278,2.0285277,2.5485277,3.058528,3.0085278,1.9585278,0.22852783,-0.9914722,-2.0314722,-0.29147217,-0.66147214,-0.90147215,-0.14147216,-1.2514721,-1.9214722,-2.401472,-1.0914721,-1.2314721,-1.5014721,-1.0114722,-1.3514721,-1.5314722,0.33852783,-0.39147216,-0.15147217,-2.5514722,-1.0514722,-0.5514722,-2.671472
2.108528,2.4585278,1.8885279,1.8785279,2.2285278,2.2585278,2.868528,2.7585278,2.868528,1.4285278,0.79852784,1.9485278,2.2685277,2.2185278,2.2685277,3.2585278,2.6885278,2.3985279,2.7685277,-0.03147217,1.6585279,1.3885279,-0.09147217,-2.3214722,-1.6614722,-1.5714722,0.18852784,-0.37147218,-0.8814722,-0.9814722,-0.6314722,-1.1714722,-0.77147216,0.23852783,-1.7314721,-1.5514722,-0.8114722,-1.0814722,-1.6114721,-0.35147217,-2.8214722,-1.1114721,-1.2814722
1.9485278,3.5485277,3.2585278,3.5385277,3.2585278,3.068528,3.118528,3.0185277,3.7285278,3.1285279,2.1285279,2.2085278,2.4085279,1.7985278,2.7485278,3.1285279,3.0385277,2.348528,2.6485279,0.67852783,1.2085278,-1.1214721,0.40852782,0.20852783,0.27852783,0.34852782,-2.8514721,1.7785279,1.3185278,-0.34147218,-0.5014722,-0.32147217,-1.5614722,-2.2514722,-3.3614721,-2.2514722,-1.4714721,-1.1614722,-1.3114722,-0.8714722,-1.3114722,0.37852782,-1.1014721
3.588528,2.6285279,2.318528,3.308528,3.6485279,3.7885277,3.608528,3.4085279,2.858528,2.7785277,2.2085278,1.5785278,1.4385278,2.9985278,2.7685277,2.808528,3.2785277,2.4885278,2.578528,2.2385278,0.29852784,1.8285278,2.568528,-0.7414722,-1.2514721,-0.5514722,0.9985278,-1.2814722,0.71852785,-0.20147216,-0.24147217,-2.681472,-3.0414722,-3.2914722,-2.9814723,-3.411472,-2.4814723,-3.0614722,-2.681472,-1.5314722,-0.7914722,-0.82147217,-0.7414722
3.348528,3.1485279,2.6385279,2.828528,3.4885278,3.7085278,3.6885278,2.4385278,2.5485277,3.0385277,1.6485279,1.1585279,1.0385278,3.838528,3.2485278,3.9585278,2.9185278,2.618528,2.7885277,2.1785278,0.73852783,1.4185278,-0.6114722,1.4885278,-0.11147217,-2.411472,-2.6114721,-3.0414722,-1.4614722,-1.7214721,-1.7514721,-2.671472,-3.1014721,-3.5414722,-2.941472,-3.0614722,-2.131472,-3.0614722,-3.0114722,-1.9514722,-3.2914722,-2.381472,-1.5014721
1.9385278,1.8785279,3.0085278,3.2385278,4.5085278,3.6385279,3.6985278,2.5185277,1.0885278,2.2485278,3.4085279,4.748528,1.9285278,1.7185278,2.318528,3.578528,3.0285277,2.7085278,3.0485277,1.4585278,2.088528,1.5585278,2.2485278,1.2485279,-1.7514721,-3.141472,-6.361472,-5.3514724,2.2685277,-3.8414721,-0.8614722,-2.9514723,-3.5114722,-3.161472,-2.5914721,-1.6214721,-2.0114722,-1.8214722,-2.2114723,-2.2614722,-1.5014721,-1.2314721,-1.3014722
2.5085278,2.1885278,1.8385278,3.578528,5.0885277,1.6785278,3.588528,3.1685278,3.6985278,4.288528,4.388528,4.348528,2.0485277,3.1585279,1.7285278,3.318528,2.3785279,3.0485277,2.1685278,2.4985278,2.2285278,2.2685277,0.96852785,2.1985278,1.1885278,-0.10147217,-3.8514721,-2.4714723,-3.161472,-1.3014722,-3.141472,-2.2914722,-2.7214723,-2.381472,-2.131472,-1.3814721,-0.95147216,-0.9314722,-0.8014722,-0.22147217,-1.7014722,-1.7514721,-1.0114722
