wind_kz.json
{"header": {"discipline":0,"disciplineName":"Meteorological products","gribEdition":2,"gribLength":1025,"center":7,"centerName":"US National Weather Service - NCEP(WMC)","subcenter":0,"refTime":"2023-09-23T12:00:00.000Z","significanceOfRT":1,"significanceOfRTName":"Start of forecast","productStatus":0,"productStatusName":"Operational products","productType":1,"productTypeName":"Forecast products","productDefinitionTemplate":0,"productDefinitionTemplateName":"Analysis/forecast at horizontal level/layer at a point in time","parameterCategory":2,"parameterCategoryName":"UnknownDiscipline_0_Category_2","parameterNumber":2,"parameterNumberName":"UnknownParameter_D0_C2_2","parameterUnit":"Unknown","genProcessType":2,"genProcessTypeName":"Forecast","forecastTime":0,"surface1Type":103,"surface1TypeName":"Specified height level above ground","surface1Value":10.0,"surface2Type":255,"surface2TypeName":"Missing","surface2Value":0.0,"gridDefinitionTemplate":0,"gridDefinitionTemplateName":"Latitude_Longitude","numberPoints":615,"shape":6,"shapeName":"Earth spherical with radius of 6,371,229.0 m","gridUnits":"degrees","resolution":48,"winds":"true","scanMode":64,"nx":41,"ny":15,"basicAngle":0,"lo1":47.0,"la1":41.0,"lo2":87.0,"la2":55.0,"dx":1.0,"dy":1.0}, "data":
[rows 0 to 14 of 15, columns 0 to 40 of 41]
-1.8243964,1.0956036,-3.9043963,-6.534396,-5.1143966,-3.1243963,-6.2043962,-5.9543962,-6.3543963,-5.2043962,-4.784396,-4.1643963,-4.074396,-3.7243965,-3.7043962,-4.7143965,-4.6843963,-6.4343963,-6.6943965,-6.3143964,-3.4443963,-0.70439637,2.2756035,4.2956038,1.1556036,1.7656037,2.1256037,0.46560365,0.12560363,0.9956036,1.8356036,1.3656037,-1.7143964,-3.4243963,-4.6843963,-6.3843966,-4.534396,-3.9643965,-4.324396,-2.6543963,1.3656037
0.30560362,-4.804396,-9.224397,-7.3843966,-4.6143966,-1.8343964,-6.244396,-6.1043963,-5.764396,-4.6543965,-4.6643963,-3.4243963,-4.6943965,-3.8543963,-4.264396,-4.284396,-4.6843963,-5.014396,-5.6143966,-5.4343963,-5.1443963,-3.7143965,-1.1343963,1.7556037,0.58560365,-1.4943963,0.49560365,0.29560363,2.6556036,-0.33439636,0.025603637,0.96560365,0.9456036,-0.17439637,1.0056037,1.2356037,-0.09439636,0.59560364,-2.3243964,1.1456037,0.46560365
-6.824396,-8.634397,-9.354397,-6.6743965,-4.6343966,-5.6843963,-5.514396,-4.2543964,-4.1143966,-4.0643964,-3.9743965,-3.0443964,-4.3743963,-2.2943964,-2.7543964,-3.7943964,-3.9343963,-4.034396,-4.1543965,-3.0543964,-2.8843963,-5.6543965,-5.7143965,-6.7943964,-3.6543963,-3.6043963,-0.70439637,-0.52439636,3.1056037,0.37560365,1.4556036,-1.5143963,-0.65439636,3.4956036,-0.40439636,-0.6343964,1.3356036,0.065603636,6.1256037,3.2756035,-1.1043963
-9.884397,-9.6743965,-7.474396,-2.8943963,-2.6543963,-5.4643965,-4.1443963,-5.5243964,-4.6043963,-3.7643964,-3.9943964,-5.034396,-2.9443963,-1.3643963,0.65560365,-2.5743964,-2.2043962,-1.3243964,-1.5743964,-2.0743964,-2.5943964,-5.1143966,-1.6143963,-3.4043963,-2.4643965,-2.4043963,-1.4543964,1.5856036,0.45560363,2.6756036,3.1256037,5.3156037,7.2656035,4.525604,-2.9543962,-1.7343963,-0.40439636,1.6356037,-0.24439636,0.24560364,-0.66439635
-9.594397,-9.264397,-7.574396,-7.054396,-5.014396,-5.5643964,-6.4143963,-6.1843963,-5.0643964,-3.7743964,-2.9543962,-4.1843963,0.14560364,0.29560363,3.4956036,-1.5843964,-1.0643964,-1.0043963,-0.52439636,-1.0443964,-1.1043963,-0.77439636,-0.7543964,0.44560364,1.1456037,2.8456037,3.2356036,1.4856037,4.4356036,4.9756036,6.465604,2.8856037,3.7556036,2.2156036,-3.1843963,-1.5143963,6.5156035,1.5456036,1.6856036,2.7556036,5.235604
-8.104397,-7.3443966,-7.8543963,-7.4043965,-6.7943964,-4.6743965,-5.1143966,-5.1843963,-3.6243963,-2.3443964,-1.6543964,-1.6543964,1.0256037,2.6856036,2.7156036,-0.51439637,0.57560366,-0.024396362,-0.5543964,0.32560363,-0.43439636,-0.004396362,0.9456036,1.5956036,2.6456037,3.6656036,4.1656036,0.63560367,-1.1143963,-0.6843964,5.3556037,5.7256036,6.4556036,6.425604,6.175604,-0.6243964,5.1456037,9.055604,8.055604,6.3256035,4.8156037
-5.6043963,-6.2343965,-6.1443963,-6.2543964,-4.6943965,-4.7143965,-4.8143964,-2.7243965,-2.7043962,-1.4143964,-0.65439636,0.47560364,-0.84439635,-0.41439638,-0.104396366,0.16560364,0.13560364,0.29560363,0.40560365,0.7556036,0.9356036,0.77560365,0.8756036,2.4956036,3.8856037,3.9856036,4.6456037,1.6056037,0.105603635,1.1856036,1.4256036,3.4856036,4.7456036,3.5856037,3.2756035,5.3756037,1.8856037,2.4356036,4.1256037,-1.3443964,3.2856035
-4.7043962,-4.9443965,-5.1743965,-4.4543962,-4.3343964,-3.6143963,-2.5243964,-2.2843964,-1.5043963,-1.3343964,-1.4443964,-0.26439637,-2.0643964,-1.2543963,-0.8043964,-0.37439635,0.17560364,1.2556037,1.1656036,1.5456036,1.6256037,-0.66439635,-2.1743963,0.33560362,0.38560364,0.18560363,-0.06439636,1.3356036,1.6356037,3.3156037,2.1156037,3.5556037,2.9556036,1.5556036,4.6456037,7.0356035,6.6356034,6.7956038,6.965604,6.4056034,7.5356035
-4.6743965,-4.8543963,-4.264396,-3.2943964,-2.7443964,-2.0243964,-1.4843963,0.37560365,-0.33439636,-0.65439636,-1.4843963,-1.5643964,-2.0943964,-2.1143963,-2.2843964,-2.4743965,-1.9743963,-2.4543962,-3.6143963,-3.1843963,-1.9243964,-1.4343964,-0.33439636,1.5556036,0.18560363,0.58560365,0.28560364,0.15560363,0.70560366,1.7856036,1.6956036,1.1456037,3.5256035,2.5656037,3.5856037,4.1256037,3.4956036,2.6856036,2.2156036,0.045603637,1.0556036
-4.2743964,-3.3443964,-3.1043963,-1.7543963,-1.2343963,-0.47439635,0.85560364,0.30560362,0.14560364,-0.014396362,-0.67439634,-1.9943963,-1.1543964,-3.2043962,-4.0443964,-2.5943964,-1.7043964,-1.6643964,-1.7343963,-1.1443963,-1.5143963,-0.6843964,0.39560363,1.1156037,0.9956036,0.49560365,1.0156037,1.6456037,0.19560364,2.1056037,2.7656035,3.4256036,2.4056036,2.8556037,2.6456037,1.9456036,2.0656037,2.1456037,0.65560365,1.2156036,0.9256036
-2.5343964,-2.6443963,-1.5043963,-0.64439636,-0.19439636,2.0556037,0.70560366,0.66560364,0.28560364,0.48560363,-1.1643964,-1.5043963,-2.2543964,-2.5643964,-1.8743963,-1.3943963,-1.9043964,-2.0843964,-1.1943964,-1.0943964,-0.52439636,-0.15439636,0.27560365,0.7556036,1.1356037,1.2056036,1.8356036,2.2756035,2.4856036,4.0356035,3.7756035,4.0956035,4.6456037,3.3156037,3.2756035,1.9456036,0.6956036,1.0856036,-0.16439636,0.41560364,0.9256036
-0.51439637,-0.28439635,0.71560365,1.6756036,1.4956037,1.5556036,1.0956036,1.6456037,0.6256036,-0.17439637,1.8256036,0.41560364,-0.7543964,-2.4043963,-0.72439635,0.17560364,-0.49439636,-0.58439636,0.31560364,-0.12439636,0.63560367,0.83560365,1.2356037,1.2256036,2.1556036,2.7056036,2.9556036,3.7556036,3.6456037,3.9556036,2.7356036,3.6456037,3.3356037,3.7556036,3.6256037,4.3056035,3.1956036,2.8556037,2.8456037,3.4356036,2.6956036
1.1156037,1.5256037,1.9256036,2.2156036,1.6656036,1.5056037,1.4356036,1.3556037,0.03560364,-0.33439636,0.20560364,-0.11439636,-0.59439635,0.065603636,0.71560365,0.0056036375,0.29560363,0.9456036,1.2456037,1.4456036,1.6256037,1.8756037,2.2056036,2.7256036,3.5656037,3.7356036,4.4056034,3.9356036,3.2256036,2.4156036,3.1756036,4.1356034,4.1656036,4.5756035,4.4356036,5.1456037,4.8256035,2.7656035,3.6556036,3.6956036,3.4056036
2.0756037,1.1456037,-0.70439637,1.4056036,1.0156037,0.70560366,-1.1243963,-2.2543964,1.0556036,-0.12439636,0.13560364,1.7856036,1.1056037,0.24560364,0.8656036,1.4756036,2.2756035,2.2756035,2.4756036,2.4756036,2.7556036,2.9456036,3.1256037,3.3956037,3.9956036,3.8056037,4.1556034,4.025604,1.2656037,4.7456036,4.675604,4.8756037,4.945604,4.8556037,4.965604,5.0356035,3.5156035,2.9156036,3.2956038,2.2656035,3.3756037
1.1656036,2.3556037,-0.18439636,1.0456036,1.5256037,-0.77439636,0.7556036,2.3456037,1.3656037,-1.1443963,0.7556036,3.1056037,1.6156037,2.0856037,1.0856036,2.1856036,2.8956037,3.3756037,3.0356035,3.3456037,3.4456036,3.2256036,4.0756035,3.6056037,3.9156036,3.5156035,2.1356037,2.7856035,4.425604,5.5156035,6.445604,6.4056034,5.5556035,5.215604,5.1456037,5.025604,3.8456037,4.1356034,4.5456038,3.8556037,3.3656037
