wind_kz.json
{"header": {"discipline":0,"disciplineName":"Meteorological products","gribEdition":2,"gribLength":1025,"center":7,"centerName":"US National Weather Service - NCEP(WMC)","subcenter":0,"refTime":"2023-08-27T00:00:00.000Z","significanceOfRT":1,"significanceOfRTName":"Start of forecast","productStatus":0,"productStatusName":"Operational products","productType":1,"productTypeName":"Forecast products","productDefinitionTemplate":0,"productDefinitionTemplateName":"Analysis/forecast at horizontal level/layer at a point in time","parameterCategory":2,"parameterCategoryName":"UnknownDiscipline_0_Category_2","parameterNumber":2,"parameterNumberName":"UnknownParameter_D0_C2_2","parameterUnit":"Unknown","genProcessType":2,"genProcessTypeName":"Forecast","forecastTime":240,"surface1Type":103,"surface1TypeName":"Specified height level above ground","surface1Value":10.0,"surface2Type":255,"surface2TypeName":"Missing","surface2Value":0.0,"gridDefinitionTemplate":0,"gridDefinitionTemplateName":"Latitude_Longitude","numberPoints":615,"shape":6,"shapeName":"Earth spherical with radius of 6,371,229.0 m","gridUnits":"degrees","resolution":48,"winds":"true","scanMode":64,"nx":41,"ny":15,"basicAngle":0,"lo1":47.0,"la1":41.0,"lo2":87.0,"la2":55.0,"dx":1.0,"dy":1.0}, "data":
[rows 0 to 14 of 15, columns 0 to 40 of 41]
-0.8945993,-1.3545994,2.1554008,-0.5845993,-2.6645994,1.0254006,-3.0445993,-4.3945994,-4.9345994,-1.4145993,-2.3945992,-2.9945993,-2.9545994,-3.1445992,-2.2345994,-0.9145993,-1.6845993,-1.3945993,-2.5645993,-2.2745993,-2.1845994,-0.1445993,-1.4045993,-2.5645993,0.035400696,-2.1445992,-2.8945992,-0.50459933,1.1954007,0.74540067,0.1554007,2.0354006,0.5454007,0.3454007,-2.2445993,1.9954007,4.035401,1.9054008,-2.2345994,0.6354007,0.6754007
1.4354007,0.3654007,1.4854007,-0.9245993,-1.0045993,-3.2945993,-3.3545992,-3.7245994,-2.4545994,-1.7445993,-2.3445992,-3.0445993,-2.1345992,-1.6145993,-1.1345993,-1.2645993,-0.1145993,-1.7445993,-1.3545994,-1.2345994,1.3454007,-0.5545993,-0.7145993,-3.3845992,-0.7045993,0.9254007,-0.3545993,0.7054007,-0.30459931,-0.9145993,0.025400696,-0.0045993044,2.0654006,-1.5745993,-0.4745993,-1.8145993,1.6654007,-1.2645993,-0.5245993,0.6954007,-0.8245993
1.5054007,4.745401,4.3954005,2.5354006,1.0954007,-3.9945993,-3.8545992,-0.014599305,-1.6445993,-1.3045993,-1.4845994,-1.9545993,-1.0845993,-1.2345994,-1.2345994,-1.6545993,-2.6645994,-0.6245993,-0.2745993,0.3654007,2.0554006,2.5254006,-2.7345994,-0.5645993,0.4654007,0.6854007,0.4554007,-0.5245993,-2.3045993,-0.75459933,-0.5545993,2.3854008,0.35540068,-0.7445993,-1.1445993,-2.7345994,0.9554007,0.0954007,3.2054007,1.2954007,1.0954007
1.3354007,4.1854005,3.0754006,1.3354007,2.2854006,1.7654006,-2.5345993,1.4754007,1.9254007,1.2354007,1.2754006,1.2654006,1.6054007,1.6454006,0.9054007,0.1054007,0.6854007,1.6454006,2.6054008,0.7854007,0.1054007,0.075400695,-2.0745993,-2.0545993,-2.3145993,-1.9945993,-1.2545993,-0.2045993,-0.3245993,0.1054007,-1.7345994,-1.3545994,-2.1145992,-1.8445992,-2.5045993,-1.8345993,-1.4245993,1.3054007,0.2454007,-0.4245993,-1.1845993
-1.0345993,-1.7345994,-2.4245994,-2.0445993,-1.4945993,-2.8545992,-2.9345994,-1.6845993,2.1554008,3.8654008,0.5854007,5.0054007,4.1454005,2.5654006,3.1954007,2.6654007,2.3854008,1.1154007,2.2054007,2.1254008,0.4654007,-0.1145993,-0.7745993,-1.7145993,-1.8045993,-1.3345993,-3.2345994,-1.6645993,-3.0245993,-3.1145992,-3.2845993,-2.6345992,-2.0445993,1.2054007,-0.3245993,0.3254007,-2.9945993,-2.5245993,-1.5645993,-2.0545993,-2.5445993
-0.1645993,0.015400696,1.5354007,3.4154007,4.0854006,3.8554008,0.9254007,2.9654007,3.2854006,2.9954007,3.8054006,3.5854006,3.2954006,4.9054008,3.3854008,3.2654006,3.3354006,3.5454006,2.8454008,3.4154007,3.0754006,1.1154007,-0.5445993,-0.8145993,-1.8445992,-1.4645993,-0.9545993,-1.0145993,-1.2945993,-2.2645993,-2.6045992,-1.9745994,-3.0545993,-1.5545993,-0.7145993,-1.2145993,0.12540069,-1.2745993,1.6554008,0.005400696,-0.0045993044
-1.0545993,-1.0845993,-1.0245993,-2.3445992,-0.8245993,1.3154007,2.5454006,4.1854005,4.6254005,4.4854007,4.825401,3.7154007,3.1754007,4.1654005,3.9854007,4.1454005,3.9554007,4.1454005,3.1354008,3.1154008,3.4954007,3.0354006,2.0754006,0.9354007,-0.4745993,-0.5845993,1.1454006,0.3454007,-0.7145993,-1.3345993,-0.9145993,-1.1745993,0.005400696,-1.9745994,-3.1245992,-1.9745994,-1.1145993,3.0354006,-1.0245993,0.045400694,1.0954007
-1.4145993,-1.0845993,-1.1045994,-0.7745993,-0.6745993,-0.044599306,0.1354007,0.4754007,0.9454007,0.3954007,1.5154006,4.4254007,4.785401,4.115401,5.7454004,5.6154003,5.1454005,4.745401,3.0854006,2.2954006,3.9954007,2.7954006,3.0554006,1.8854007,1.4854007,0.2254007,1.8654007,0.6954007,2.7654006,2.1054008,1.5554007,1.4254007,-0.6145993,0.23540069,-1.5745993,-0.9545993,-1.8345993,-2.1045992,-1.8345993,-1.1545993,-1.5545993
-1.2045993,-1.3845993,-1.3245993,-0.9345993,-1.2545993,-0.8445993,-0.30459931,-1.2345994,-1.4045993,0.20540069,1.3154007,1.0254006,2.1154008,0.41540068,2.3654008,3.9754007,5.4854,5.9354005,4.9154005,4.1854005,3.6254008,2.9254007,2.7754006,2.0054007,1.7154007,1.5454007,1.3554007,0.1354007,1.3454007,0.8454007,1.7454007,2.1154008,3.2654006,0.3054007,-0.4345993,-1.4845994,-0.2345993,-1.5545993,-0.7945993,0.1054007,-1.5445993
-2.4445994,-0.6845993,-0.4645993,0.08540069,0.12540069,-0.5345993,-0.8045993,-2.4345994,-1.7945993,0.025400696,1.1654007,-1.8345993,-0.3545993,2.0754006,2.9354007,2.2654006,1.7454007,1.7054007,4.365401,6.3154006,6.3854003,5.5554004,4.725401,3.8454008,2.8154006,1.9854007,1.7254007,2.5754006,0.9454007,1.8654007,1.8354007,2.2854006,2.6554008,1.0854007,0.075400695,-1.7345994,-2.5445993,-0.2645993,-1.8445992,-0.0745993,-1.0345993
-0.7445993,-1.0345993,-1.2645993,-1.6045994,-1.4845994,-1.6545993,-1.0845993,-1.6945993,-0.9545993,0.2954007,1.7254007,3.0254006,1.1154007,0.3654007,0.2254007,-1.7045993,-2.2445993,-0.9545993,3.6754007,1.9254007,3.2554007,7.0854006,6.3854003,4.845401,4.135401,3.3854008,3.9654007,3.0054007,2.5254006,2.5654006,4.055401,2.9354007,0.9754007,0.6354007,-0.8745993,-2.2145994,-1.7445993,0.1454007,-1.4145993,0.9154007,-1.1645993
0.7054007,0.055400696,0.5354007,0.3254007,0.2254007,0.3654007,0.0654007,0.23540069,0.9754007,1.3954006,0.4654007,0.9354007,0.7254007,-1.0145993,-1.9145993,-0.7045993,0.1554007,0.5354007,-0.2845993,-0.2745993,0.9354007,2.3954008,3.4054008,3.4754007,5.0854006,4.7354007,3.8654008,4.035401,3.5954008,3.0154006,2.2854006,1.4154007,0.74540067,0.74540067,0.4254007,1.2054007,0.8854007,-0.4845993,-0.3445993,-0.33459932,-0.8345993
0.8454007,1.3554007,0.9254007,1.1054007,1.1854007,0.5854007,1.4654007,1.2054007,1.6654007,1.4754007,0.80540067,1.4754007,0.6754007,0.2554007,0.1454007,1.0654007,1.6454006,1.8854007,1.3654007,1.4054008,1.2954007,1.0554007,1.5554007,3.9954007,2.2354007,3.1454008,3.5554006,2.1554008,2.3154006,1.9954007,1.6954007,2.1354008,1.7154007,0.17540069,0.5654007,1.0954007,2.1454008,-0.15459931,-0.3745993,0.17540069,-1.3245993
1.7654006,1.1754007,1.4854007,1.0654007,1.2454007,1.7754006,1.6254007,1.6654007,2.3154006,2.6354008,1.2654006,1.4654007,2.0854006,2.4254007,2.3854008,2.3554008,2.2454007,1.9854007,1.9254007,1.3254007,1.6254007,1.5554007,3.7654006,4.7154007,3.3354006,2.7054007,4.885401,3.2954006,0.7754007,0.7954007,-0.3845993,1.1654007,0.3954007,0.38540068,0.0954007,0.55540067,0.5054007,0.1954007,-2.4645994,0.2954007,-1.0045993
0.025400696,1.4354007,2.3454008,1.3654007,2.0154006,2.2954006,2.9354007,2.4854007,3.2654006,2.1454008,1.1854007,1.9054008,1.8754007,2.2654006,3.4154007,2.9654007,3.0454006,2.9854007,2.9254007,2.7754006,2.5354006,2.5454006,2.7254007,2.8154006,2.5254006,4.0254006,3.0154006,2.9554007,2.7154007,1.7454007,1.7954007,0.6954007,1.1154007,0.8254007,0.7054007,1.1154007,-0.6245993,0.1054007,1.3554007,-0.9545993,-1.3645993
