wind_kz.json
{"header": {"discipline":0,"disciplineName":"Meteorological products","gribEdition":2,"gribLength":1102,"center":7,"centerName":"US National Weather Service - NCEP(WMC)","subcenter":0,"refTime":"2023-08-28T06:00:00.000Z","significanceOfRT":1,"significanceOfRTName":"Start of forecast","productStatus":0,"productStatusName":"Operational products","productType":1,"productTypeName":"Forecast products","productDefinitionTemplate":0,"productDefinitionTemplateName":"Analysis/forecast at horizontal level/layer at a point in time","parameterCategory":2,"parameterCategoryName":"UnknownDiscipline_0_Category_2","parameterNumber":2,"parameterNumberName":"UnknownParameter_D0_C2_2","parameterUnit":"Unknown","genProcessType":2,"genProcessTypeName":"Forecast","forecastTime":60,"surface1Type":103,"surface1TypeName":"Specified height level above ground","surface1Value":10.0,"surface2Type":255,"surface2TypeName":"Missing","surface2Value":0.0,"gridDefinitionTemplate":0,"gridDefinitionTemplateName":"Latitude_Longitude","numberPoints":615,"shape":6,"shapeName":"Earth spherical with radius of 6,371,229.0 m","gridUnits":"degrees","resolution":48,"winds":"true","scanMode":64,"nx":41,"ny":15,"basicAngle":0,"lo1":47.0,"la1":41.0,"lo2":87.0,"la2":55.0,"dx":1.0,"dy":1.0}, "data":
[rows 0 to 14 of 15, columns 0 to 40 of 41]
-2.797893,0.5421069,2.212107,-1.707893,-1.837893,-0.20789307,1.302107,-2.9678931,-2.797893,-1.047893,-1.187893,-0.31789306,1.072107,0.77210695,1.3821069,0.63210696,0.8621069,2.3421068,2.5621068,1.3921069,3.2921069,1.332107,-0.91789305,-0.83789307,4.272107,2.7921069,-1.6478931,1.832107,0.37210694,-0.6378931,-1.677893,2.002107,0.6721069,1.2221069,0.58210695,-1.0078931,-0.08789307,0.022106934,0.30210695,0.84210694,-0.057893068
1.072107,-0.26789308,-4.467893,-2.277893,-1.2378931,1.5221069,3.022107,0.032106932,0.36210692,-0.057893068,1.4921069,0.65210694,1.0121069,2.5321069,-1.3678931,-1.7478931,1.0121069,1.942107,2.412107,3.3021069,2.382107,-0.12789306,1.062107,-0.46789306,1.3421069,1.462107,-0.55789304,2.522107,-1.4978931,-2.1578932,-0.35789308,-1.2278931,1.1521069,-2.757893,0.27210695,0.7321069,0.91210693,-0.25789306,0.28210694,-0.08789307,-2.057893
-1.6578931,-4.8078933,-2.737893,-0.5078931,1.8521069,4.072107,3.392107,4.932107,3.392107,0.6721069,0.48210692,1.6421069,2.0821068,3.942107,1.5021069,1.5021069,2.5921068,4.152107,4.252107,3.452107,3.352107,1.0921069,3.742107,7.042107,10.842107,0.19210693,1.4821069,0.36210692,2.962107,-0.35789308,-2.6678932,2.272107,0.47210693,-0.43789306,0.66210693,-1.947893,-0.58789307,0.5421069,0.17210694,0.42210692,1.4721069
-3.7178931,-3.797893,-2.607893,-0.30789307,-2.107893,-0.21789306,-0.33789307,0.90210694,2.8421068,2.642107,3.462107,0.8121069,2.872107,2.742107,2.482107,4.292107,5.702107,4.932107,4.9421067,5.512107,3.432107,2.972107,3.8221068,6.042107,4.642107,2.3221068,11.092107,7.232107,7.9221067,4.882107,4.072107,1.682107,3.3321068,2.0421069,-1.4078931,-1.937893,-2.057893,1.442107,0.30210695,-1.1478931,0.28210694
-2.057893,-0.8878931,0.77210695,2.442107,3.0921068,3.622107,3.602107,4.122107,5.832107,6.872107,4.332107,4.752107,5.682107,6.572107,5.842107,6.6921067,6.432107,7.732107,5.102107,7.4221067,8.242107,5.342107,3.482107,4.002107,5.452107,5.752107,7.822107,9.622107,8.232107,4.682107,7.142107,2.432107,-0.34789306,-0.007893067,0.46210694,1.6021069,-0.42789307,-2.2078931,-1.8578931,-1.417893,-0.91789305
1.042107,1.802107,5.802107,8.232107,9.782107,9.682107,8.542107,7.4421067,7.512107,4.802107,5.062107,4.572107,5.402107,8.372107,8.952106,4.592107,6.7121067,7.502107,8.172107,8.022107,8.092107,6.682107,5.682107,5.732107,6.062107,8.222107,6.732107,10.402107,12.052107,6.292107,5.162107,8.992107,-0.8978931,0.6121069,1.2321069,-4.917893,-0.5178931,-1.6178931,1.7821069,1.562107,0.88210696
1.932107,3.502107,3.012107,4.242107,2.642107,2.212107,2.732107,3.432107,3.692107,4.072107,4.732107,2.502107,4.472107,6.322107,4.082107,6.612107,5.882107,6.892107,7.152107,7.312107,7.582107,6.9421067,6.932107,5.992107,7.642107,7.472107,7.542107,3.932107,6.022107,4.702107,-1.6478931,7.862107,1.432107,-2.2178931,-3.347893,-1.4678931,-1.2778931,2.3221068,-3.007893,0.94210696,2.992107
1.8921069,0.9321069,1.6021069,1.682107,1.9021069,2.162107,2.8421068,3.722107,3.642107,4.512107,0.7921069,2.382107,4.782107,7.082107,7.872107,5.572107,6.302107,6.282107,7.412107,5.822107,7.432107,6.372107,5.682107,4.412107,6.432107,5.322107,6.102107,3.022107,5.202107,2.2821069,-0.17789307,10.532107,0.9921069,-0.22789307,-0.7078931,-1.1478931,-2.067893,-0.49789307,-2.877893,-2.4278932,-2.367893
-1.047893,1.182107,1.912107,2.872107,2.002107,2.762107,3.7921069,2.932107,2.662107,1.2821069,3.612107,4.062107,7.042107,7.602107,7.122107,7.412107,7.522107,6.892107,7.152107,3.452107,5.4421067,5.7121067,5.832107,4.2121067,5.432107,4.6921067,5.142107,3.642107,1.7621069,3.0821068,4.862107,7.1921067,2.882107,-2.847893,-1.087893,-1.447893,-0.39789307,-2.077893,-1.7578931,-0.20789307,-1.057893
1.462107,2.902107,1.9721069,2.362107,2.412107,2.992107,2.172107,1.822107,3.002107,3.652107,5.952107,6.682107,7.1721067,7.722107,8.572107,7.9221067,8.1621065,6.362107,1.6021069,0.63210696,3.0421069,4.262107,5.062107,5.342107,4.142107,4.252107,6.862107,2.152107,6.572107,4.4421067,-0.60789305,4.812107,2.362107,-1.547893,-1.547893,-2.2078931,-2.827893,-0.047893066,-1.807893,0.19210693,-0.85789305
1.7221069,1.2521069,0.36210692,0.82210696,2.272107,3.8421068,2.652107,2.232107,4.1921067,4.552107,4.702107,6.092107,8.152107,7.792107,7.932107,6.282107,4.702107,1.452107,1.2821069,0.65210694,2.242107,4.152107,5.032107,4.122107,4.162107,4.302107,2.372107,-0.37789306,2.602107,4.052107,4.7121067,4.002107,1.662107,-3.1878932,-2.507893,-2.777893,-1.9978931,0.24210693,-0.8778931,1.2621069,-1.457893
0.88210696,0.8021069,-0.057893068,1.7721069,2.472107,2.382107,1.582107,2.682107,4.2121067,5.032107,5.122107,7.202107,6.842107,7.082107,7.182107,4.182107,2.152107,3.452107,-0.27789307,0.83210695,0.82210696,1.192107,0.88210696,2.0421069,4.242107,-1.557893,-2.9478931,-2.277893,0.6221069,2.0321069,5.382107,1.1521069,-1.8778931,-5.657893,-4.387893,-3.9478931,-2.637893,-1.3478931,-0.15789306,-0.5078931,-0.96789306
0.8721069,2.252107,1.832107,1.1221069,2.3021069,2.382107,2.872107,4.2121067,4.582107,3.442107,4.032107,5.002107,6.202107,6.142107,5.372107,1.702107,-0.40789306,2.3021069,0.9321069,0.8621069,-0.5778931,0.08210693,1.0221069,1.7521069,0.89210695,-1.4778931,-2.547893,-1.187893,6.262107,2.232107,-0.09789307,-4.007893,-5.597893,-6.137893,-4.697893,-4.197893,-3.367893,-1.9778931,-3.327893,-2.337893,-2.067893
2.412107,0.09210693,-0.42789307,1.6521069,1.7821069,1.8521069,3.392107,2.702107,1.962107,3.0721068,2.652107,3.0821068,2.962107,0.19210693,-1.2478931,-0.8778931,1.4021069,1.192107,-0.30789307,-0.90789306,-0.18789306,0.7321069,0.77210695,0.71210694,0.6121069,-1.0078931,-0.54789305,3.632107,2.992107,-4.597893,-6.727893,-6.347893,-6.427893,-5.397893,-3.4678931,-4.3278933,-3.087893,-2.627893,-2.4478931,-1.437893,-1.8478931
0.34210694,0.09210693,0.71210694,0.70210695,1.942107,2.0821068,3.652107,2.372107,2.112107,1.582107,1.4021069,1.6321069,1.2221069,1.922107,0.58210695,0.82210696,0.64210695,0.6121069,0.05210693,-0.39789307,-1.567893,-1.577893,-0.5678931,-1.937893,-1.2278931,-1.707893,1.7521069,1.542107,-0.16789307,-4.987893,-9.077893,-7.777893,-6.217893,-6.107893,-5.357893,-3.6778932,-3.817893,-3.597893,-2.797893,-2.1878932,-1.427893
