wind_kz.json
{"header": {"discipline":0,"disciplineName":"Meteorological products","gribEdition":2,"gribLength":1102,"center":7,"centerName":"US National Weather Service - NCEP(WMC)","subcenter":0,"refTime":"2025-04-05T00:00:00.000Z","significanceOfRT":1,"significanceOfRTName":"Start of forecast","productStatus":0,"productStatusName":"Operational products","productType":1,"productTypeName":"Forecast products","productDefinitionTemplate":0,"productDefinitionTemplateName":"Analysis/forecast at horizontal level/layer at a point in time","parameterCategory":2,"parameterCategoryName":"UnknownDiscipline_0_Category_2","parameterNumber":2,"parameterNumberName":"UnknownParameter_D0_C2_2","parameterUnit":"Unknown","genProcessType":2,"genProcessTypeName":"Forecast","forecastTime":0,"surface1Type":103,"surface1TypeName":"Specified height level above ground","surface1Value":10.0,"surface2Type":255,"surface2TypeName":"Missing","surface2Value":0.0,"gridDefinitionTemplate":0,"gridDefinitionTemplateName":"Latitude_Longitude","numberPoints":615,"shape":6,"shapeName":"Earth spherical with radius of 6,371,229.0 m","gridUnits":"degrees","resolution":48,"winds":"true","scanMode":64,"nx":41,"ny":15,"basicAngle":0,"lo1":47.0,"la1":41.0,"lo2":87.0,"la2":55.0,"dx":1.0,"dy":1.0}, "data":
[rows 0 to 14 of 15, columns 0 to 40 of 41]
-2.0185962,-0.10859619,2.3514037,-1.8885962,-1.7385962,-2.618596,-2.2985961,-0.3085962,-1.6085962,0.5614038,-2.3185961,-3.4185963,-2.1285963,-2.4885962,-2.0185962,-2.4285963,-2.0585961,-2.0385962,-2.8885963,-1.9385962,-0.3285962,1.6814038,1.5514038,-2.9685962,3.5014038,-0.83859617,-0.8285962,0.5614038,2.0414038,0.30140382,-1.7385962,2.0914037,0.8314038,1.7714038,-2.4485962,0.2514038,1.9314038,2.7014039,3.411404,3.4614038,1.8214039
2.8414037,0.6914038,-3.828596,-3.838596,-2.5385962,-2.4285963,-0.9085962,-2.0285962,-0.008596191,0.9514038,-0.7285962,-2.078596,-1.4985962,1.4714038,-0.23859619,-0.8285962,-0.28859618,-0.9385962,-0.3485962,-1.0085962,-0.02859619,-0.2685962,1.1614038,-3.8185961,-1.1585962,0.20140381,-0.5485962,2.2714038,0.20140381,-1.6085962,-0.12859619,-0.77859616,2.0614038,-3.0085962,0.07140381,0.5014038,0.121403806,1.3114038,-0.5385962,4.341404,5.461404
0.4714038,-4.558596,-2.838596,-1.8585962,-0.7985962,-1.0485961,0.0014038086,1.1014038,0.9514038,1.8914038,1.5414038,-1.9885962,-0.5985962,-0.9785962,0.121403806,0.49140382,0.14140381,1.0214038,1.2814038,2.0414038,-0.6985962,2.6214037,-0.9085962,2.7514038,1.3414038,1.9114038,2.7614038,-1.5885962,-4.248596,-1.2285962,-1.1485962,2.5614038,0.5614038,0.2914038,0.6814038,-1.6085962,0.4214038,0.8314038,-0.008596191,1.6214038,2.3014038
-3.4685962,-2.858596,0.1914038,1.0314038,-0.52859616,0.6514038,2.0114038,2.4914038,3.1814039,2.381404,-0.8885962,-0.03859619,-1.1485962,-0.3985962,1.5814039,2.921404,2.9514039,2.7314038,2.6014037,2.7314038,1.5814039,-1.2985961,0.5614038,1.7514038,0.05140381,-0.088596195,0.11140381,2.0914037,2.6214037,2.381404,0.85140383,1.9214038,-2.098596,0.5114038,-2.2185962,-3.2785962,-2.868596,2.6114037,2.7314038,0.3214038,1.1014038
-0.048596192,1.8814038,3.2314038,1.3614038,2.671404,2.6814039,2.631404,2.5314038,2.9514039,1.5014038,0.49140382,0.8214038,0.27140382,0.97140384,0.3814038,2.0914037,2.8514037,2.651404,-1.1485962,-4.018596,-4.0685964,-4.5485964,-3.0685961,-1.9885962,-1.6685961,-0.52859616,0.03140381,0.1914038,2.411404,3.0514038,3.5414038,2.151404,-1.8185962,1.7514038,3.6814039,1.4114038,0.15140381,0.3414038,1.7314038,-1.8685962,-3.1585963
1.6914039,2.9914038,2.7914038,2.161404,2.8314037,3.2414038,2.7514038,2.5014038,2.7114038,1.1514038,0.5914038,1.6214038,2.1014037,0.91140383,0.2414038,0.4114038,-2.4685962,-2.4085963,-3.618596,-4.198596,-4.198596,-3.3185961,-2.5685961,-2.1385963,-1.4385962,-0.6085962,0.2214038,0.7014038,-0.24859619,1.6414038,4.151404,5.781404,6.501404,7.051404,2.7114038,-1.4085962,8.401403,-0.8285962,-0.41859618,-1.3085961,-1.0685962
3.2814038,3.0014038,2.7114038,3.7014039,3.7914038,2.7514038,2.8714037,2.5814037,1.8714038,1.5114038,0.7114038,1.1514038,2.911404,3.0214038,2.391404,1.1914039,1.9914038,-1.2085962,-1.6285962,-2.2885962,-2.1685963,-0.9185962,-0.25859618,-0.07859619,0.7114038,0.66140383,0.3914038,1.0514038,1.2514038,1.1614038,1.1314038,1.4714038,2.4514039,3.3414037,0.9914038,-2.838596,-1.0485961,3.9914038,-1.7685962,2.7214038,0.2414038
3.3714037,3.5614038,3.5714037,3.151404,3.7014039,2.9914038,2.5714037,0.9514038,2.3114038,1.1314038,1.4714038,2.6914039,2.8614037,1.8114038,2.2214038,2.9314039,2.8114038,1.0414038,-0.15859619,-1.1185962,0.5514038,0.5314038,1.5714039,2.0014038,1.7814038,1.4514039,3.1014037,3.171404,3.3314037,2.4614038,2.0514038,1.7014039,1.4314038,0.49140382,3.3314037,6.671404,5.6014037,0.3414038,-6.698596,-13.238596,-3.1785963
3.2914038,3.4914038,3.7114038,3.4314039,2.5614038,2.3114038,2.3114038,1.8014038,-0.4285962,1.1314038,2.2914038,2.5214038,3.0014038,2.631404,2.9614038,2.921404,3.141404,0.9814038,-0.03859619,-0.1785962,-0.3285962,1.6114038,3.0914037,2.8614037,2.5614038,2.7614038,3.401404,3.9914038,5.3914037,5.6814036,4.361404,3.421404,4.7214036,4.521404,5.291404,6.611404,4.4314036,0.3514038,-1.7685962,-0.07859619,-0.3285962
3.671404,3.6814039,2.921404,2.5514038,2.3314037,1.6914039,1.1914039,0.5514038,0.6214038,1.7814038,2.3414037,2.7114038,2.5814037,3.0214038,2.7214038,3.1014037,3.171404,2.141404,1.2214038,0.33140382,1.1014038,2.7914038,3.2914038,3.141404,3.3214037,4.1014037,5.1414037,6.401404,5.8514037,7.381404,6.9714036,6.6414037,7.2014036,7.8514037,7.531404,6.781404,4.261404,1.2414038,7.781404,1.1314038,-2.1885962
3.5314038,4.021404,3.0614038,2.3214037,2.4314039,1.8014038,2.0814037,2.631404,2.1214037,1.8114038,2.4514039,3.141404,2.4614038,2.631404,2.4914038,2.9514039,3.4314039,3.5614038,1.7914038,1.5814039,2.0614038,2.2414038,2.891404,3.2114038,3.3214037,3.7014039,4.8114038,5.301404,6.3114038,7.191404,8.031404,8.501404,9.261404,8.431404,8.911404,8.091404,3.881404,8.791404,5.8514037,8.801404,4.591404
3.0414038,3.4814038,3.8214037,2.8414037,3.381404,2.8114038,2.5314038,2.8614037,3.161404,1.9914038,1.9114038,4.761404,2.7214038,3.391404,3.7714038,2.7914038,3.2914038,3.641404,1.8514038,3.9414039,3.0914037,3.2314038,2.7914038,2.9914038,3.7414038,4.8914037,4.9714036,6.251404,7.7014036,8.381404,8.221404,10.011404,8.411404,9.411404,7.801404,10.211404,10.961404,13.531404,14.001404,10.301404,9.471404
3.0814037,3.1814039,3.0414038,4.051404,3.8314037,3.171404,4.1214037,3.911404,5.111404,2.9414039,2.171404,5.151404,3.4514039,4.781404,4.301404,3.8414037,2.6914039,3.4914038,3.9314039,3.5214038,2.2214038,2.7614038,4.771404,4.0814037,5.0814037,4.801404,5.231404,6.7014036,6.9714036,7.501404,8.281404,9.261404,10.011404,9.851404,10.031404,11.301404,12.561404,9.961404,14.581404,12.681404,10.081404
1.9114038,1.7614038,2.5114038,4.321404,3.8014038,4.251404,4.671404,4.791404,5.131404,4.151404,3.2414038,3.8514037,3.8614037,4.281404,4.041404,3.4614038,2.8014038,2.4614038,1.3414038,1.7314038,2.4914038,3.421404,5.251404,3.151404,2.5914037,3.8114038,4.751404,6.1014037,6.291404,7.3714037,8.131404,8.541404,8.961404,9.771404,9.351404,10.051404,10.251404,12.291404,10.361403,7.751404,8.721404
1.4914038,4.531404,2.881404,1.3114038,2.3414037,3.7314038,5.5614038,6.071404,5.761404,5.0614038,2.7714038,5.861404,3.7014039,2.1014037,3.5714037,3.1914039,2.7614038,2.7814038,2.151404,3.2314038,2.9714038,4.1614037,1.7114038,1.4414039,2.7414038,4.171404,5.9714036,6.2014036,6.7214036,7.051404,8.261404,8.331404,8.181404,8.991404,8.921404,9.811404,8.681404,10.311404,5.521404,7.1414037,3.9714038
