wind_kz.json
{"header": {"discipline":0,"disciplineName":"Meteorological products","gribEdition":2,"gribLength":1025,"center":7,"centerName":"US National Weather Service - NCEP(WMC)","subcenter":0,"refTime":"2024-04-08T12:00:00.000Z","significanceOfRT":1,"significanceOfRTName":"Start of forecast","productStatus":0,"productStatusName":"Operational products","productType":1,"productTypeName":"Forecast products","productDefinitionTemplate":0,"productDefinitionTemplateName":"Analysis/forecast at horizontal level/layer at a point in time","parameterCategory":2,"parameterCategoryName":"UnknownDiscipline_0_Category_2","parameterNumber":2,"parameterNumberName":"UnknownParameter_D0_C2_2","parameterUnit":"Unknown","genProcessType":2,"genProcessTypeName":"Forecast","forecastTime":240,"surface1Type":103,"surface1TypeName":"Specified height level above ground","surface1Value":10.0,"surface2Type":255,"surface2TypeName":"Missing","surface2Value":0.0,"gridDefinitionTemplate":0,"gridDefinitionTemplateName":"Latitude_Longitude","numberPoints":615,"shape":6,"shapeName":"Earth spherical with radius of 6,371,229.0 m","gridUnits":"degrees","resolution":48,"winds":"true","scanMode":64,"nx":41,"ny":15,"basicAngle":0,"lo1":47.0,"la1":41.0,"lo2":87.0,"la2":55.0,"dx":1.0,"dy":1.0}, "data":
[rows 0 to 14 of 15, columns 0 to 40 of 41]
2.6432202,2.6832201,2.7732203,-4.34678,-2.7567797,1.0832202,-0.48677978,-6.3367796,-7.70678,-7.7167797,-8.036779,-7.63678,-7.18678,-7.59678,-7.93678,-8.02678,-7.4467797,-9.56678,-9.37678,-7.3367796,-4.8367796,-4.3767796,1.6132202,2.3732202,0.17322022,-1.0167798,2.0032203,2.7132201,-0.78677976,-0.066779785,-1.3367798,0.9832202,-0.6867798,-3.3667798,-2.3067799,-2.51678,-4.1067796,-4.61678,-5.99678,-3.1467798,-7.1967797
2.7832203,-2.1367798,2.1132202,-5.24678,-4.0067797,0.3332202,-6.4467797,-5.3767796,-6.7767797,-7.1767797,-8.88678,-7.15678,-6.6967797,-6.9867797,-7.0467796,-7.28678,-7.6967797,-8.52678,-7.61678,-8.52678,-8.69678,-8.60678,-5.59678,0.9332202,-0.59677976,0.48322022,0.8832202,0.9132202,-5.70678,0.06322022,-0.8167798,-0.39677978,1.0432202,0.7032202,0.0032202147,0.20322022,-0.4767798,0.24322021,-1.3067797,-3.5567799,-8.10678
-2.1867797,-2.1467798,-3.02678,-4.09678,-3.4167798,-1.7367798,-6.90678,-5.2767797,-7.1267796,-5.9467797,-6.63678,-7.32678,-6.8167796,-7.32678,-7.40678,-7.1767797,-7.45678,-7.0067797,-7.0867796,-6.40678,-7.78678,-9.71678,-7.78678,-10.87678,-6.66678,-7.4667797,-5.6067796,-3.77678,-0.72677976,-0.9367798,-0.26677978,-1.0867798,0.9132202,1.3132203,-5.09678,-1.5167798,-0.27677977,-0.9867798,4.10322,-0.3167798,-1.0167798
-4.30678,-3.5867798,-4.0267797,-3.3267798,-1.5167798,-3.0567799,-5.1967797,-5.0467796,-5.7567797,-6.3767796,-6.6267796,-10.09678,-7.28678,-5.40678,-6.7367797,-6.6267796,-6.53678,-6.49678,-6.76678,-7.0867796,-7.39678,-10.05678,-5.9267797,-7.78678,-9.17678,-8.366779,-7.59678,-6.74678,-2.2567797,3.23322,3.2432203,2.6232202,4.59322,4.65322,4.31322,3.6732202,-0.16677979,-1.5067798,-1.0767798,1.6832203,-1.9367797
-3.7267797,-1.1667798,-2.8867798,0.15322022,0.24322021,-4.6267796,-3.9867797,-4.99678,-5.76678,-5.8767796,-8.116779,-8.01678,-6.0667796,-5.03678,-4.6767797,-5.7167797,-5.5267797,-5.2367797,-4.97678,-4.68678,-5.7367797,-6.05678,-5.70678,-7.89678,-7.3767796,-5.7567797,-5.74678,-1.8667798,2.7932203,-3.0667799,-4.1967797,-3.9467797,-3.2467797,-1.6167798,-1.8067797,-0.59677976,4.59322,2.5632203,3.5932202,-3.9067798,-1.7667798
1.7932202,-0.4967798,-1.7267798,-1.3367798,-3.7067797,-5.9667797,-4.76678,-5.53678,-5.4467797,-5.5667796,-6.80678,-6.63678,-3.6767797,-1.8867798,1.9132202,-4.9267797,-4.74678,-4.57678,-4.61678,-3.7867799,-4.16678,-3.8667798,-4.9867797,-4.70678,-4.89678,-4.7767797,-5.1067796,-0.19677979,-1.2167798,-1.4767798,-3.4467797,-3.6967797,-3.9867797,-3.7167797,-1.8367798,1.5232202,-0.42677978,3.7932203,-2.4767797,-2.3267798,1.2932202
0.7632202,-0.3467798,-2.9467797,-1.7967798,-5.9267797,-2.6167798,-4.41678,-4.6967797,-5.07678,-4.93678,-4.5867796,-4.01678,-3.2467797,-2.8167799,-3.26678,-3.3367798,-3.8767798,-3.8667798,-3.26678,-3.9167798,-3.6267798,-3.3367798,-3.2367797,-2.7567797,-2.9167798,-3.02678,-3.8267798,-2.3467798,-2.4067798,-2.3967798,-2.0467799,-3.2067797,-3.3067799,-1.1967797,-0.8967798,1.4132202,-0.36677977,-0.23677978,2.5732203,0.7432202,5.7832203
-0.7067798,-2.52678,-2.9467797,-2.9067798,-3.4567797,-2.5767798,-3.7367797,-4.07678,-3.5867798,-3.4967797,-3.2467797,-2.3167799,-2.2467797,-1.7267798,-2.4167798,-2.5967798,-2.9267797,-3.3767798,-2.4267797,-2.9467797,-3.5667799,-3.26678,-3.1267798,-2.01678,-1.8967798,-1.6867797,-1.8867798,-1.4467797,-2.7267797,-2.4767797,-2.9367797,-4.09678,-4.51678,-3.3167799,-3.3967798,-1.2267798,1.2332202,3.8232203,6.56322,6.75322,5.5132203
-1.0567797,-2.6767797,-2.5667799,-2.5567799,-2.2467797,-2.4267797,-2.3367798,-3.0767798,-3.1067798,-2.2467797,-2.0867798,-0.8967798,-0.4367798,-0.22677979,-1.0167798,-1.2367798,-0.9967798,-1.4967798,-1.8367798,-1.0567797,-2.3967798,-2.5967798,-2.1367798,-1.8667798,-1.7967798,-0.8367798,-0.48677978,0.24322021,-0.8267798,0.83322024,-0.7367798,-2.3567798,-3.1267798,-2.4267797,-1.2467798,-0.14677979,-0.7367798,0.96322024,0.3732202,0.9432202,-0.39677978
1.4332203,-0.6067798,-1.1667798,-0.8367798,-1.1167798,-1.0167798,-1.6067798,-0.90677977,-1.2567798,-1.0167798,-0.48677978,0.8132202,1.1932203,1.3232203,1.2532202,0.5032202,0.9232202,0.39322022,0.23322022,0.15322022,0.17322022,-0.5267798,-0.8067798,0.053220216,0.2732202,0.8632202,0.9732202,0.9832202,1.5532203,1.3632202,0.12322021,-2.01678,-0.5167798,0.4632202,1.3432202,0.6232202,2.0732203,0.6732202,-1.2867798,0.8032202,1.0132202
2.1532202,1.7932202,-0.24677978,-0.5667798,-0.23677978,0.2832202,0.8832202,0.6432202,0.6132202,0.78322023,0.8632202,1.5632203,1.4832202,3.0132203,3.3232203,3.0432203,3.1432202,2.7532203,2.2932203,2.4232202,2.9232202,2.3932202,2.6032202,2.3032203,2.4132202,2.5332203,2.5932202,2.4932203,2.7132201,1.9132202,0.6632202,1.1632202,2.2932203,2.8232203,3.1732202,2.6732202,1.6532202,1.5732203,0.9232202,0.22322021,1.2832202
2.2832203,3.0832202,2.1932201,0.5732202,0.58322024,0.7232202,0.9332202,2.0332203,1.4932202,0.78322023,0.78322023,2.2432203,1.8332202,3.0632203,3.7832203,4.85322,4.92322,4.9132204,3.8332202,4.21322,3.5432203,4.23322,4.4732203,4.9532204,5.52322,5.3232203,4.9932203,4.0532203,3.1432202,3.1332202,2.9632201,2.8832202,3.1332202,3.1932201,2.6232202,3.6632202,4.0532203,4.5132203,3.4132202,2.3132203,0.13322021
-0.21677978,0.29322022,2.1932201,0.65322024,0.5432202,-0.30677977,1.7032202,2.97322,3.3632202,1.8032203,1.5232202,2.1232202,2.4232202,3.4932203,4.2432203,4.60322,4.9332204,4.92322,4.0532203,4.4932203,4.50322,5.1432204,5.40322,5.9132204,6.50322,6.5332203,6.27322,3.6232202,2.8532202,3.1632202,4.2632203,4.1432204,3.8032203,1.8532202,4.54322,4.6632204,4.2832203,3.3132203,4.2232203,3.3332202,2.6132202
-0.84677976,-0.12677978,1.1732202,2.2532203,1.1732202,0.8832202,1.8932202,2.8732202,3.9932203,2.2832203,1.5532203,2.2532203,3.1932201,3.3332202,3.9232202,4.9732203,5.1632204,5.6232204,5.56322,6.4132204,5.8032203,6.50322,6.96322,7.4332204,6.86322,6.0732203,1.8332202,3.2032201,2.7132201,2.8032203,4.08322,3.6832201,3.6832201,3.97322,3.8632202,3.7532203,3.7532203,3.9332201,3.7632203,3.4632201,5.04322
1.7032202,0.6032202,1.7332202,2.6732202,0.9832202,2.72322,3.1832201,3.6732202,3.9132202,2.3632202,2.7532203,4.6632204,0.8932202,-0.53677976,3.9232202,5.92322,6.00322,6.0132203,5.73322,6.56322,6.63322,6.6632204,6.2232203,5.06322,0.4332202,0.9132202,2.22322,1.1032202,1.7632202,2.1032202,-1.1667798,0.8532202,3.2632203,4.10322,4.36322,4.58322,4.85322,5.0132203,5.21322,5.52322,3.3732202
