wind_kz.json
{"header": {"discipline":0,"disciplineName":"Meteorological products","gribEdition":2,"gribLength":1025,"center":7,"centerName":"US National Weather Service - NCEP(WMC)","subcenter":0,"refTime":"2023-08-23T18:00:00.000Z","significanceOfRT":1,"significanceOfRTName":"Start of forecast","productStatus":0,"productStatusName":"Operational products","productType":1,"productTypeName":"Forecast products","productDefinitionTemplate":0,"productDefinitionTemplateName":"Analysis/forecast at horizontal level/layer at a point in time","parameterCategory":2,"parameterCategoryName":"UnknownDiscipline_0_Category_2","parameterNumber":3,"parameterNumberName":"UnknownParameter_D0_C2_3","parameterUnit":"Unknown","genProcessType":2,"genProcessTypeName":"Forecast","forecastTime":60,"surface1Type":103,"surface1TypeName":"Specified height level above ground","surface1Value":10.0,"surface2Type":255,"surface2TypeName":"Missing","surface2Value":0.0,"gridDefinitionTemplate":0,"gridDefinitionTemplateName":"Latitude_Longitude","numberPoints":615,"shape":6,"shapeName":"Earth spherical with radius of 6,371,229.0 m","gridUnits":"degrees","resolution":48,"winds":"true","scanMode":64,"nx":41,"ny":15,"basicAngle":0,"lo1":47.0,"la1":41.0,"lo2":87.0,"la2":55.0,"dx":1.0,"dy":1.0}, "data":
[rows 0 to 14 of 15, columns 0 to 40 of 41]
2.8834717,-1.2965283,0.7434717,-1.3265283,-2.0065284,-4.706528,-5.806528,-5.9465284,-3.9665284,-2.9165282,-4.6165285,-7.5665283,-3.8465283,-3.0265284,-3.1465282,0.30347168,-2.5565283,-2.8465283,-1.4465283,-3.0665283,-3.6465282,-1.7665284,-0.6565283,1.9834716,3.2034717,3.4034717,0.16347168,0.2634717,-0.5265283,0.9234717,1.9634717,0.3634717,-0.37652832,-3.7865283,-0.14652832,1.2634717,3.0734718,1.9434717,-0.43652833,1.4634717,0.37347168
-1.5165284,-2.3365283,-8.016528,-3.5865283,0.04347168,-3.0765283,-4.686528,-4.7565284,-3.9065282,-5.436528,-3.8365283,-1.1365284,-2.1965284,-2.7765284,-3.7165284,0.47347167,-2.0665283,-1.0265284,-2.0165284,-4.1365285,-2.8865283,1.0434717,3.2634716,0.63347167,3.6334717,3.6434717,4.1234717,1.6334717,-0.11652832,2.6034718,-0.28652832,3.4834716,0.9734717,3.9634717,2.2134717,1.3434716,3.3834717,1.6634717,2.3534718,0.8534717,0.23347168
-5.206528,-8.706529,-7.1365285,-7.8565283,-4.1065283,-2.6665282,-4.456528,-4.1765285,-1.6465284,-3.1365283,-5.016528,-4.0065284,-2.8065283,2.9734716,5.193472,3.3334718,0.22347169,-1.7965283,-2.4565284,-5.0765285,-5.0465283,3.6734717,4.3534718,3.0734718,-1.3665283,-1.4765283,-2.0965283,-1.3365283,-0.61652833,-3.0265284,-1.4365283,0.4534717,-1.9365283,2.5834718,0.32347167,-4.5965285,1.7134717,2.9934716,-1.0965283,2.8334718,0.6734717
-5.5665283,-8.896528,-9.606528,-9.696528,-6.0665283,-4.3865285,-4.6365285,-3.6665282,-3.4565284,-2.1565282,-2.6465282,-4.8165283,-4.8965282,-2.5465283,4.1134715,3.9934716,0.43347168,-1.0365283,-1.2065283,-5.166528,-2.7265284,4.2434716,2.6434717,3.8334718,2.1834717,-1.2265283,-3.0865283,-2.5265284,-2.6265283,-2.9365282,-3.6565282,-3.7665284,1.5334717,1.2634717,0.69347167,2.1634717,4.3934717,2.0134716,-4.1365285,-2.6665282,1.2034717
-6.0965285,-8.606528,-9.176528,-8.996529,-7.8465285,-6.166528,-9.016528,-2.4965284,-2.5965283,0.8734717,-0.78652835,-5.6165285,-3.6565282,-3.2365284,2.1134717,3.7834716,0.5534717,-0.40652832,-1.4065284,-2.8465283,-0.8365283,2.1134717,1.8234717,1.5534717,0.5334717,-0.7065283,-2.5465283,-3.7565284,-1.5465283,-2.7365284,-2.4465284,-3.1565282,-3.0765283,0.88347167,0.9934717,2.0434716,0.5434717,-1.0265284,-4.056528,0.76347166,1.3034717
-5.246528,-5.7365284,-8.986528,-9.596528,-8.716528,-8.1165285,-6.0465283,-3.2365284,-3.6065283,-2.4265282,-1.5565283,-1.1265283,-2.9965284,-2.2065284,3.2834716,4.713472,2.7134717,0.7534717,1.0934716,1.3034717,4.4734716,3.0234716,3.4134717,2.1734717,0.08347168,-0.73652834,-1.4965283,-2.8865283,-0.8365283,-0.67652833,-0.40652832,-0.8465283,-1.7565284,-1.3065283,-3.5665283,-3.4865284,-2.1865282,-1.8865284,-3.2265284,1.3334717,1.4634717
-5.0265284,-6.5465283,-7.476528,-7.9265285,-7.3665285,-7.1565285,-6.786528,-6.5665283,-4.956528,-4.3165283,-4.416528,-3.1665282,-2.8165283,-3.4965284,-3.3665283,2.6634717,4.4034715,6.293472,4.4234715,5.3634715,6.2834716,5.3534718,3.8134718,2.1934717,0.6634717,-0.97652835,-1.0565283,-0.86652833,-0.91652834,-0.25652832,1.1934717,2.2034717,-1.3165283,-1.6165283,1.0134717,-3.9865284,2.2734716,2.3534718,2.8034716,2.8934717,-2.3465283
-5.686528,-6.476528,-7.3265285,-7.7365284,-7.3365283,-5.496528,-6.4265285,-6.2565284,-4.5465283,-3.8365283,-5.5465283,-4.3265285,-3.8365283,-2.0965283,-2.6865282,-3.1665282,-1.0965283,-3.5665283,1.3534716,6.8734717,5.4034715,6.7634716,5.503472,5.0734715,4.043472,1.4134717,0.19347169,-0.24652833,-0.24652833,-0.98652834,-0.18652833,0.24347168,1.1834717,-2.3165283,-1.0065284,-0.9565283,-0.80652833,-2.9965284,-0.8265283,-0.22652832,2.8134718
-4.8565283,-5.3365283,-7.0465283,-8.046528,-7.4265285,-5.3165283,-6.166528,-3.4365282,-2.3465283,-3.0965283,-4.1365285,-5.1365285,-4.4265285,-4.4465284,-3.1765282,-3.0265284,-1.0965283,-4.536528,-5.5965285,1.6834717,8.723472,6.253472,4.5534716,5.253472,4.6334715,4.233472,1.6834717,-0.22652832,-0.4565283,1.1134716,0.6534717,-1.4265283,-2.4465284,-3.6165283,-3.9565284,-4.4065285,1.4334717,2.3434718,4.1334715,3.2834716,-0.98652834
-4.496528,-5.2565284,-6.5765285,-6.6765285,-6.8865285,-7.0965285,-6.0265284,-6.686528,-5.3865285,-3.1965284,-2.9065282,-3.3665283,-3.3665283,-2.8665283,-2.3365283,-3.3365283,-2.6465282,-3.0865283,-4.3565283,-2.9765284,1.9034717,-2.0465283,6.5934715,5.6434717,4.2434716,5.6534715,3.7234716,1.9934716,1.0834717,2.0134716,1.8734717,-0.07652832,-1.6565284,-3.5365283,-4.246528,-3.0865283,-0.7065283,2.7334716,3.8834717,4.8434715,2.4734716
-3.8265283,-4.8365283,-4.6565285,-6.306528,-6.0665283,-5.5665283,-6.0665283,-6.306528,-6.456528,-5.1565285,-3.2365284,-3.2665284,-2.2965283,-2.8165283,-2.8865283,-3.6365283,-3.2665284,-4.206528,-4.2765284,-3.8865283,-3.7065284,-6.056528,1.8934717,5.6834717,6.0334716,5.813472,4.4534717,4.1534715,3.4634717,2.1834717,2.5734718,2.0734718,-0.19652832,-2.9665284,-4.246528,-4.3565283,-1.9865283,-1.2565284,0.16347168,-0.10652832,1.5134717
-2.7165284,-3.8165283,-3.4565284,-4.8565283,-4.0665283,-5.246528,-5.0665283,-5.0865283,-4.9465284,-4.2765284,-3.2765284,-2.8365283,-3.2365284,-3.1265283,-4.1965284,-1.3465283,0.14347167,-1.4365283,-2.1665282,-2.4465284,-2.2065284,-4.706528,-0.39652833,1.5434717,4.463472,3.5534716,3.4834716,3.7734716,4.833472,5.0934715,4.233472,2.7534716,0.7434717,-0.6465283,-2.0865283,-3.7165284,-3.1165283,-0.5765283,-1.5865283,-1.2765284,-1.0465283
-3.5465283,-2.9965284,-3.5465283,-4.3665285,-3.0065284,-3.3365283,-3.6265283,-4.166528,-4.1165285,-3.7365284,-2.2665284,-2.1065283,-2.4665284,-2.1565282,-3.3265283,-4.5065284,-1.0465283,0.6834717,0.9334717,2.4134717,1.5534717,-0.9365283,-1.9965283,-2.4165282,-3.2365284,0.07347168,1.3734717,4.023472,3.5434716,6.0334716,5.3934717,3.8234718,1.1534717,-0.78652835,0.17347167,-2.5665283,-3.6965284,-1.9065284,-1.4065284,0.4834717,-1.2365283
-3.0065284,-3.4165282,-4.8765283,-4.8865285,-3.8565283,-3.9965284,-1.9765283,-3.3465283,-2.8765283,-2.2865283,-2.2565284,-1.7165283,-2.3265283,-2.1265283,-3.2065284,-1.8765283,-2.4765284,-1.9765283,-0.78652835,-1.0665283,-1.5265284,-0.18652833,0.35347167,0.07347168,2.0434716,-0.026528321,2.3134718,3.6334717,4.2434716,5.3934717,4.8234715,3.6034718,1.1134716,0.2634717,0.58347166,-0.92652833,-2.2565284,-3.0465283,-1.7365283,-1.7565284,-3.4265282
-2.3865283,-3.5065284,-5.266528,-4.1965284,-4.8365283,-3.3365283,-3.2965283,-2.3665283,-2.3665283,-0.8165283,-0.21652833,-1.1565284,0.25347167,-2.6965284,-2.6065283,-2.0965283,-1.5865283,-1.4265283,-0.9365283,0.24347168,-0.55652833,0.18347168,0.7834717,1.7434716,1.7234716,2.1734717,1.5734717,2.8134718,3.4134717,2.9034717,3.1234717,1.6034716,1.1634717,1.4234717,3.0534716,0.0034716798,0.9134717,-2.2565284,-2.8365283,-1.3165283,0.49347168
