wind_kz.json
{"header": {"discipline":0,"disciplineName":"Meteorological products","gribEdition":2,"gribLength":1025,"center":7,"centerName":"US National Weather Service - NCEP(WMC)","subcenter":0,"refTime":"2024-04-08T18:00:00.000Z","significanceOfRT":1,"significanceOfRTName":"Start of forecast","productStatus":0,"productStatusName":"Operational products","productType":1,"productTypeName":"Forecast products","productDefinitionTemplate":0,"productDefinitionTemplateName":"Analysis/forecast at horizontal level/layer at a point in time","parameterCategory":2,"parameterCategoryName":"UnknownDiscipline_0_Category_2","parameterNumber":3,"parameterNumberName":"UnknownParameter_D0_C2_3","parameterUnit":"Unknown","genProcessType":2,"genProcessTypeName":"Forecast","forecastTime":60,"surface1Type":103,"surface1TypeName":"Specified height level above ground","surface1Value":10.0,"surface2Type":255,"surface2TypeName":"Missing","surface2Value":0.0,"gridDefinitionTemplate":0,"gridDefinitionTemplateName":"Latitude_Longitude","numberPoints":615,"shape":6,"shapeName":"Earth spherical with radius of 6,371,229.0 m","gridUnits":"degrees","resolution":48,"winds":"true","scanMode":64,"nx":41,"ny":15,"basicAngle":0,"lo1":47.0,"la1":41.0,"lo2":87.0,"la2":55.0,"dx":1.0,"dy":1.0}, "data":
[rows 0 to 14 of 15, columns 0 to 40 of 41]
-1.9560425,-0.47604248,-5.5860424,-8.786042,-5.8160424,-4.7560425,-1.6260425,-0.29604247,-1.8960425,-2.0860424,-2.5760424,-1.6660424,-2.1860425,-2.7860425,-3.0060425,-2.9860425,-1.0460424,-0.8560425,-2.0560424,-1.5760425,-0.6060425,-1.4860425,-0.65604246,-0.3760425,1.6439575,0.24395752,-0.2760425,1.7239575,-0.8060425,-1.2260425,-0.9160425,2.6639576,0.10395752,0.8339575,-0.5660425,-1.3760425,-1.3660425,0.2839575,1.3039575,1.5939575,2.6839576
-1.9760425,-3.0060425,-4.5060425,-4.3560424,-3.6760426,-3.4660425,-3.2760425,-2.3460424,-1.8360425,-2.5460424,-2.7260425,-3.4860425,-3.4760425,-3.0460424,-3.5360425,-2.5960424,-1.1660424,-1.2460425,-1.3760425,-2.3260424,-2.3160424,-1.4660425,0.8139575,1.8339576,1.6239575,2.6039574,2.0039575,2.2039576,0.8039575,2.6339576,3.0939574,2.8339574,0.5839575,2.2539575,1.6639575,2.9539576,2.8339574,2.1639576,2.4839575,0.9439575,0.0039575193
-0.3760425,-3.4060426,-4.4660425,-2.5360425,-2.8360424,-2.5460424,-2.8860426,-3.4760425,-2.5860424,-3.1560426,-3.1060424,-2.1960425,-2.6060424,-2.9360425,-3.0660424,-2.6360426,-1.8860425,-1.6160425,-1.7960424,-2.6660426,-2.6760426,-1.9760425,-0.5760425,1.2939575,-1.4860425,-1.9260424,-0.7660425,-1.7360425,0.13395752,-0.58604246,0.22395752,2.3339574,1.0839576,1.9539576,0.6139575,-2.4160426,-1.2260425,2.0439575,-0.6160425,1.1939576,1.2239575
-1.4460425,-5.1660423,-5.1660423,-4.0960426,-3.3660424,-3.8660424,-2.5560424,-3.1860425,-3.4260426,-3.1560426,-3.0060425,-2.3760424,-1.5060425,-1.3460425,-1.9660425,-2.0760424,-1.7160425,-2.2260425,-1.9360424,-2.8260424,-2.6660426,-0.29604247,-0.28604248,1.0139575,1.5939575,1.2439575,0.5539575,0.43395752,-0.38604248,0.7439575,4.5539575,1.2839575,1.0139575,-0.41604248,0.90395755,1.4039575,3.7739575,4.6039577,-2.8260424,-2.0760424,-1.1960425
-2.9060426,-3.2160425,-3.8360424,-4.6160426,-4.4460425,-3.7260425,-3.9960425,-3.5660424,-4.0460424,-3.6460426,-3.4260426,-3.8060424,-1.9660425,-1.4260424,-0.64604247,-1.4660425,-1.5360425,-1.2960424,-1.7560425,-2.2460425,-0.26604247,0.3839575,1.2839575,1.7339575,2.3239574,2.4239576,2.2439575,0.9239575,1.2239575,2.2939575,3.3439574,0.9939575,3.2639575,2.7039576,0.18395752,2.0939574,1.9439576,0.7739575,1.2439575,0.9939575,2.1539576
-2.0360425,-2.8460424,-3.1660426,-3.5260425,-3.6560426,-3.7960424,-4.1060424,-3.8560424,-3.9760425,-3.7960424,-4.3960423,-4.6660423,-5.8460426,-4.3960423,-4.7460423,-5.8060427,-4.9760423,-3.7360425,-2.4260426,-2.5060425,-0.84604245,1.8939575,2.2239575,2.7139575,2.9039576,2.8339574,2.4039576,4.5039577,2.1639576,3.4639575,3.7139575,2.7239575,2.9839575,1.2139575,0.5239575,-0.9460425,-0.38604248,-2.4960425,-0.9460425,3.2539575,1.2539575
-3.0660424,-3.7960424,-4.4260426,-4.9960423,-5.1360426,-6.0560427,-7.0460424,-6.7260423,-6.2060423,-6.8860426,-6.0560427,-4.4860425,-5.8360424,-6.7560425,-7.0360427,-6.7460423,-7.5860424,-7.2260423,-4.6660423,-0.9760425,0.18395752,1.4439576,2.5939574,3.1239576,-1.6060425,4.2639575,3.4039576,2.8139575,3.0239575,3.4639575,0.91395754,3.2439575,3.3739576,1.8039575,2.9639575,2.4639575,0.20395751,3.3639574,0.8139575,2.8439574,-3.5160425
-2.6160424,-2.3660424,-3.2360425,-4.4260426,-5.4060426,-5.9560423,-5.8060427,-4.7660427,-4.9560423,-5.6660423,-4.9760423,-4.2760425,-5.0160427,-6.0860424,-6.8260427,-6.4560423,-8.906042,-8.626042,-9.286042,-3.7860425,-4.4960423,-5.3660426,-6.5960426,-7.0760427,-6.3760424,-4.2860427,-3.3560424,-4.2960424,-2.2360425,0.013957519,1.9839575,1.5039575,4.0039577,5.3939576,2.6039574,2.1139574,1.6339575,2.6639576,2.4739575,3.9439576,1.1039575
0.33395752,-1.3160424,-2.3360424,-2.3560424,-2.8160424,-3.4860425,-3.7060425,-4.0760427,-4.3260427,-4.3560424,-4.6160426,-5.5160427,-6.0660424,-5.1660423,-5.4560423,-6.3760424,-7.1360426,-7.2060423,-6.9460425,-6.0960426,-4.5960426,-4.8360424,-5.0560427,-4.0760427,-3.3760424,-3.5260425,-3.0360425,-2.5960424,-0.29604247,-1.4460425,-2.5460424,-3.5860424,-2.6660426,-1.6460425,0.2839575,1.0539575,3.4739575,3.6339576,5.6739573,3.7039576,4.0739574
0.8339575,0.42395753,0.13395752,-1.0560424,-2.2860425,-2.5560424,-4.7360425,-4.3760424,-3.7060425,-2.4660425,-4.0460424,-6.6060424,-6.9760423,-5.0060425,-2.5960424,-4.0260425,-5.2360425,-6.6860423,-6.4860425,-6.2160425,-5.6660423,-5.7060423,-5.6160426,-5.1160426,-5.0860424,-5.1060424,-4.7660427,-4.8160424,-4.3960423,-3.6760426,-3.5360425,-3.2160425,-3.0460424,1.4139575,1.7339575,0.3439575,0.013957519,0.97395754,4.9539576,4.7439575,3.3139575
2.2439575,2.0139575,1.0439575,0.33395752,-0.20604248,-1.6760424,-3.2260425,-4.0860424,-2.5260425,-1.3560425,-2.1160424,-4.3860426,-4.2060423,-3.2960424,-3.3360424,-4.1360426,-5.2460423,-6.2360425,-5.4560423,-5.5960426,-5.2860427,-5.5760427,-6.0060425,-5.2760425,-5.2560425,-5.6360426,-5.1560426,-5.5860424,-4.1160426,-4.3160424,-3.8260424,-4.9160423,-2.1860425,-0.78604245,0.2839575,-0.3360425,2.6239576,1.8739575,5.6739573,2.7439575,2.4339576
2.7639575,1.9139575,1.5539575,1.9339576,2.0439575,0.59395754,-1.1860424,-2.5360425,-3.2260425,-1.1260425,-1.5460424,-1.9860425,-2.5160425,-2.6760426,-2.9760425,-4.4160423,-5.1860423,-5.5560427,-5.3060427,-5.5260425,-5.4160423,-4.7060423,-4.3460426,-5.0060425,-5.3960423,-6.4760423,-6.0560427,-5.2360425,-4.7160425,-4.5760427,-3.7360425,-3.0660424,-2.5160425,-1.7460425,-0.6060425,-0.53604245,-0.53604245,3.9339576,-0.41604248,-2.3360424,-0.8060425
3.2239575,3.3039575,2.0539575,1.2139575,0.78395754,0.7439575,0.35395753,-1.1560425,-2.3460424,-2.4560425,-0.41604248,-0.4960425,-1.8660425,-2.1660426,-3.6960425,-3.3360424,-4.0560427,-3.2260425,-4.8160424,-4.4360423,-3.4260426,-3.9160426,-3.9160426,-4.9260426,-5.2460423,-5.8160424,-6.6660423,-6.5360427,-6.3960423,-5.7760425,-4.6860423,-3.5160425,-2.4660425,-0.83604246,-0.9360425,-1.3660425,-1.6760424,0.18395752,1.6139575,1.1039575,1.2739575
4.3639574,4.0739574,2.6739576,2.6539576,2.3539574,1.8539575,0.3739575,-0.34604248,-1.8060424,-2.4360425,-0.7960425,-0.19604248,0.21395752,-2.7660425,-3.6260424,-4.3060427,-4.8260427,-3.6260424,-3.5060425,-3.9860425,-4.1060424,-4.0660424,-4.1460423,-3.5560424,-4.6460423,-5.6360426,-6.0060425,-5.4160423,-5.3960423,-5.3360424,-4.4360423,-4.0260425,-4.5260425,-4.6160426,-3.5660424,-4.3860426,-2.9960425,-0.4360425,0.27395752,0.97395754,1.1239575
3.6439576,4.6839576,2.6539576,3.3839576,3.0339575,2.5539575,2.1739576,0.9239575,-0.6860425,-1.1960425,-0.29604247,-0.4960425,-0.9360425,-1.5460424,-2.9560425,-3.9760425,-3.6660426,-2.6660426,-3.5960424,-3.4360425,-3.8460424,-3.3960426,-3.4660425,-3.9560425,-4.4260426,-4.7360425,-5.2760425,-5.5960426,-5.2560425,-4.3360424,-4.5160427,-4.4460425,-4.3660426,-4.0760427,-4.0460424,-3.7060425,-4.4860425,-3.8460424,-3.5060425,-3.8560424,-1.0560424
