wind_kz.json
{"header": {"discipline":0,"disciplineName":"Meteorological products","gribEdition":2,"gribLength":871,"center":7,"centerName":"US National Weather Service - NCEP(WMC)","subcenter":0,"refTime":"2023-08-20T18:00:00.000Z","significanceOfRT":1,"significanceOfRTName":"Start of forecast","productStatus":0,"productStatusName":"Operational products","productType":1,"productTypeName":"Forecast products","productDefinitionTemplate":0,"productDefinitionTemplateName":"Analysis/forecast at horizontal level/layer at a point in time","parameterCategory":0,"parameterCategoryName":"UnknownDiscipline_0_Category_0","parameterNumber":0,"parameterNumberName":"UnknownParameter_D0_C0_0","parameterUnit":"Unknown","genProcessType":2,"genProcessTypeName":"Forecast","forecastTime":120,"surface1Type":1,"surface1TypeName":"Ground or water surface","surface1Value":0.0,"surface2Type":255,"surface2TypeName":"Missing","surface2Value":0.0,"gridDefinitionTemplate":0,"gridDefinitionTemplateName":"Latitude_Longitude","numberPoints":615,"shape":6,"shapeName":"Earth spherical with radius of 6,371,229.0 m","gridUnits":"degrees","resolution":48,"winds":"true","scanMode":64,"nx":41,"ny":15,"basicAngle":0,"lo1":47.0,"la1":41.0,"lo2":87.0,"la2":55.0,"dx":1.0,"dy":1.0}, "data":
[rows 0 to 14 of 15, columns 0 to 40 of 41]
296.65115,287.95114,291.55115,299.55115,299.15115,298.15115,300.75116,302.75116,300.85114,301.65115,302.05115,304.15115,302.15115,301.25116,300.35114,298.15115,298.55115,299.45114,298.45114,299.85114,300.35114,297.05115,296.45114,290.85114,294.75116,295.35114,292.25116,279.35114,278.15115,279.75116,280.95114,282.25116,292.15115,300.75116,302.55115,302.95114,301.25116,300.35114,300.45114,299.85114,299.65115
277.95114,291.45114,299.65115,299.45114,299.15115,297.85114,301.05115,301.25116,300.65115,297.75116,299.25116,298.85114,297.75116,297.05115,295.55115,294.65115,298.55115,297.15115,296.45114,295.75116,295.85114,297.55115,294.95114,286.25116,279.15115,279.05115,288.55115,282.05115,279.95114,276.85114,282.15115,273.65115,282.55115,270.95114,281.05115,297.75116,295.65115,297.45114,300.65115,292.55115,284.15115
295.65115,299.35114,299.95114,299.75116,298.05115,299.85114,300.75116,299.75116,300.15115,297.95114,298.35114,297.55115,293.75116,295.85114,295.85114,292.65115,291.95114,292.95114,293.65115,294.85114,294.95114,295.15115,294.95114,289.55115,293.55115,293.95114,296.35114,295.05115,293.75116,285.15115,278.85114,280.95114,286.25116,283.35114,286.15115,287.05115,280.15115,280.15115,281.65115,277.95114,277.45114
298.35114,300.35114,299.85114,298.85114,296.45114,298.35114,299.45114,299.85114,300.35114,297.65115,298.15115,295.55115,295.65115,294.85114,293.05115,290.85114,293.95114,293.55115,295.55115,293.55115,292.95114,290.65115,297.45114,298.05115,294.15115,296.05115,299.25116,296.05115,298.85114,297.45114,295.95114,295.05115,300.15115,295.75116,291.35114,292.75116,281.55115,279.65115,284.65115,293.35114,297.25116
301.35114,299.85114,300.05115,299.55115,298.85114,298.55115,297.85114,298.05115,297.85114,297.35114,295.85114,294.35114,295.85114,294.45114,291.95114,293.85114,294.35114,294.95114,292.65115,296.45114,296.15115,297.15115,296.55115,297.35114,296.55115,297.35114,296.75116,295.95114,298.35114,297.65115,300.85114,295.65115,285.75116,276.15115,286.55115,296.15115,297.85114,300.85114,300.35114,300.95114,299.85114
296.85114,295.85114,298.15115,298.85114,299.55115,299.15115,297.85114,296.55115,297.05115,299.15115,297.75116,294.45114,294.75116,295.05115,293.95114,292.25116,294.85114,295.75116,296.15115,296.75116,295.35114,295.55115,295.85114,296.65115,296.15115,296.55115,298.45114,293.75116,299.55115,300.55115,297.35114,300.35114,298.15115,295.35114,294.35114,295.85114,290.35114,292.65115,299.25116,300.35114,299.85114
294.95114,294.95114,298.55115,298.05115,297.55115,294.15115,296.65115,295.65115,296.55115,295.85114,297.35114,292.25116,292.35114,292.75116,292.35114,295.45114,294.85114,295.85114,297.75116,294.45114,294.15115,295.65115,295.15115,294.85114,295.75116,296.45114,297.65115,299.15115,297.45114,298.05115,297.55115,298.95114,299.55115,299.55115,296.25116,294.95114,291.65115,288.35114,283.45114,282.95114,295.55115
291.25116,291.55115,293.95114,293.95114,295.25116,294.95114,292.95114,295.75116,293.85114,294.85114,293.15115,291.35114,289.95114,292.25116,292.75116,293.65115,294.45114,295.05115,296.15115,292.25116,291.95114,291.95114,292.35114,292.95114,292.05115,291.75116,291.45114,294.35114,295.65115,297.05115,294.05115,295.75116,294.65115,292.75116,291.65115,295.35114,296.65115,289.35114,295.85114,295.45114,291.75116
293.05115,289.05115,291.35114,288.55115,291.05115,291.45114,288.65115,291.05115,290.55115,289.25116,289.95114,291.35114,291.65115,291.35114,290.15115,291.25116,292.55115,291.75116,291.65115,294.05115,290.85114,288.55115,289.75116,289.45114,288.35114,291.65115,290.85114,289.55115,287.95114,288.45114,289.65115,290.45114,291.75116,293.75116,293.35114,290.35114,290.75116,294.05115,279.25116,278.75116,275.85114
289.35114,288.85114,289.95114,288.95114,290.95114,289.75116,285.95114,286.65115,286.95114,288.65115,286.75116,289.75116,289.85114,286.95114,288.65115,287.75116,288.55115,288.25116,289.45114,290.55115,290.25116,290.55115,291.05115,290.15115,288.95114,287.45114,287.05115,288.75116,290.05115,287.75116,288.85114,291.25116,292.65115,293.25116,293.65115,292.75116,290.75116,288.35114,281.95114,284.35114,280.75116
286.95114,287.95114,289.65115,289.95114,288.65115,288.05115,286.15115,282.45114,283.75116,287.35114,286.35114,287.25116,287.45114,286.55115,287.35114,287.15115,287.55115,285.85114,287.05115,287.35114,288.65115,291.55115,289.25116,288.35114,286.55115,285.65115,284.65115,286.55115,287.75116,288.85114,290.45114,290.95114,290.85114,291.55115,291.15115,293.05115,286.65115,285.35114,283.25116,285.85114,283.65115
287.15115,284.75116,287.45114,284.75116,286.05115,286.55115,286.45114,282.05115,282.25116,281.65115,279.45114,280.55115,286.35114,286.55115,286.35114,285.35114,284.65115,284.75116,283.95114,283.95114,284.15115,286.65115,286.35114,287.65115,286.85114,286.35114,286.75116,286.85114,287.75116,288.05115,286.35114,288.85114,289.55115,288.75116,289.45114,291.75116,291.05115,288.95114,290.65115,289.85114,288.65115
284.05115,285.35114,286.35114,281.95114,282.35114,282.35114,281.25116,281.75116,282.15115,279.45114,278.05115,276.75116,284.55115,284.25116,282.55115,281.35114,281.95114,281.75116,282.75116,282.05115,282.05115,284.85114,285.65115,282.85114,286.55115,287.15115,287.45114,285.55115,286.15115,285.15115,286.15115,285.65115,286.35114,286.65115,287.25116,288.45114,289.65115,292.65115,292.65115,289.65115,288.45114
282.05115,280.95114,286.65115,284.65115,280.55115,279.75116,280.25116,278.75116,278.85114,280.85114,278.35114,275.95114,276.55115,278.65115,279.95114,281.25116,283.75116,282.35114,280.45114,283.25116,283.35114,282.45114,285.85114,286.95114,285.65115,285.75116,284.85114,283.85114,283.25116,283.05115,283.35114,283.75116,283.45114,283.55115,284.15115,285.05115,286.75116,287.85114,289.05115,290.25116,290.35114
280.45114,282.45114,291.05115,280.05115,280.75116,280.45114,282.85114,278.35114,277.95114,277.75116,279.85114,277.15115,277.05115,277.85114,282.55115,282.75116,284.55115,280.15115,278.35114,279.55115,283.25116,283.75116,283.65115,283.95114,283.95114,283.45114,282.45114,282.25116,281.25116,280.75116,281.35114,282.95114,285.95114,285.95114,285.15115,283.45114,284.75116,286.35114,288.15115,289.05115,291.45114
