wind_kz.json
[{"header":{"discipline":0,"disciplineName":"Meteorological products","gribEdition":2,"gribLength":871,"center":7,"centerName":"US National Weather Service - NCEP(WMC)","subcenter":0,"refTime":"2023-10-02T00:00:00.000Z","significanceOfRT":1,"significanceOfRTName":"Start of forecast","productStatus":0,"productStatusName":"Operational products","productType":1,"productTypeName":"Forecast products","productDefinitionTemplate":0,"productDefinitionTemplateName":"Analysis/forecast at horizontal level/layer at a point in time","parameterCategory":0,"parameterCategoryName":"UnknownDiscipline_0_Category_0","parameterNumber":0,"parameterNumberName":"UnknownParameter_D0_C0_0","parameterUnit":"Unknown","genProcessType":2,"genProcessTypeName":"Forecast","forecastTime":120,"surface1Type":1,"surface1TypeName":"Ground or water surface","surface1Value":0.0,"surface2Type":255,"surface2TypeName":"Missing","surface2Value":0.0,"gridDefinitionTemplate":0,"gridDefinitionTemplateName":"Latitude_Longitude","numberPoints":615,"shape":6,"shapeName":"Earth spherical with radius of 6,371,229.0 m","gridUnits":"degrees","resolution":48,"winds":"true","scanMode":64,"nx":41,"ny":15,"basicAngle":0,"lo1":47.0,"la1":41.0,"lo2":87.0,"la2":55.0,"dx":1.0,"dy":1.0},"data":[285.5,277.5,283.7,293.7,293.7,292.1,289.2,290.1,287.7,288.2,287.2,287.9,287.0,286.5,286.2,283.7,283.7,284.6,284.1,285.8,286.2,286.1,284.9,284.0,283.6,285.9,283.1,270.5,270.3,270.4,270.9,272.2,280.6,286.1,287.7,288.2,287.8,287.4,287.2,287.2,285.5,267.6,285.1,293.3,293.4,293.4,291.3,287.6,287.6,287.0,287.3,287.7,286.6,285.8,284.4,280.7,281.6,281.2,279.4,281.2,283.0,286.5,288.2,284.6,281.8,273.2,272.8,278.0,272.3,271.3,269.3,275.6,268.3,275.1,256.9,271.0,283.3,282.2,285.1,287.4,280.5,283.5,286.8,293.3,293.4,292.9,291.0,286.9,286.2,285.9,285.2,285.1,285.7,286.1,284.0,284.0,284.0,280.4,278.9,279.7,281.1,282.0,285.2,282.3,282.2,283.6,286.1,284.6,284.4,286.1,283.7,276.4,270.6,272.6,278.0,279.8,279.2,278.9,272.0,270.8,272.6,269.6,269.9,286.0,292.2,293.2,292.2,289.9,285.5,287.8,285.9,286.1,285.8,285.0,284.9,290.0,289.3,282.6,280.9,283.1,281.0,281.1,281.9,282.8,278.3,284.3,284.4,285.2,287.7,287.9,287.1,283.7,285.3,285.6,284.9,288.1,288.3,284.6,280.2,271.1,264.2,274.0,279.9,283.4,289.5,291.9,292.3,291.8,290.5,288.2,288.7,288.6,288.9,286.6,285.4,284.2,288.9,287.6,286.2,282.5,283.4,284.4,282.9,287.3,287.1,287.1,284.5,285.9,287.8,287.8,285.6,287.4,286.5,287.5,289.7,288.3,276.6,269.6,275.1,283.4,286.2,286.2,285.7,286.8,286.7,289.5,289.0,290.2,290.9,291.2,290.8,288.3,289.2,288.0,287.0,286.4,285.3,288.2,288.7,286.3,282.6,284.8,284.2,285.5,289.2,288.2,288.6,287.9,287.7,284.1,284.9,286.3,286.8,288.9,288.6,289.3,288.5,286.3,284.8,283.5,285.6,278.4,278.8,282.8,285.1,285.5,287.5,290.0,290.0,288.7,288.4,288.0,288.5,287.8,287.4,287.0,286.3,285.3,285.3,285.3,284.6,285.0,284.6,287.0,284.3,287.6,288.1,289.0,288.1,286.8,285.9,286.9,285.4,287.4,285.6,288.9,288.2,287.9,285.9,285.0,284.4,282.9,279.0,276.0,272.1,271.8,281.1,288.5,288.1,289.0,288.9,288.6,288.5,288.0,286.6,285.7,285.9,286.0,288.0,285.9,283.8,285.1,284.9,284.5,284.1,284.3,283.8,284.8,286.6,287.9,287.1,286.3,284.4,284.3,285.9,285.4,286.6,285.0,285.0,281.8,279.5,279.4,279.2,280.6,285.2,281.7,281.2,279.3,287.9,287.0,287.4,288.8,287.2,286.8,285.5,284.8,284.6,284.1,283.4,282.7,283.3,286.2,284.9,284.0,283.5,284.9,283.2,283.3,283.1,284.6,285.8,286.2,285.4,285.5,282.7,281.7,282.7,282.0,282.3,280.9,280.5,280.6,279.2,278.8,278.8,278.6,266.7,269.4,267.8,285.8,287.0,288.4,288.0,285.5,285.4,284.9,283.9,283.2,282.0,282.1,281.1,282.0,282.7,284.7,282.9,283.7,286.0,285.9,283.5,285.8,285.1,285.5,285.3,285.7,285.5,284.4,283.9,283.3,283.5,282.2,282.0,281.9,281.9,280.5,279.0,279.3,275.1,271.1,271.1,269.6,285.0,285.2,284.6,284.0,284.7,283.7,284.2,284.2,283.8,281.6,280.9,281.3,280.5,281.0,281.0,281.7,282.1,285.5,285.1,283.1,283.5,285.6,284.9,284.8,282.6,282.9,281.0,281.7,281.4,281.9,282.5,282.4,281.6,282.2,281.2,279.4,277.5,274.3,272.3,273.2,271.1,282.7,284.4,285.6,284.0,283.2,282.6,281.8,282.4,281.8,281.6,279.3,279.6,279.2,279.2,280.0,280.9,281.6,284.7,284.6,285.1,282.7,283.8,283.8,283.3,281.8,281.1,281.1,282.4,282.4,282.3,281.7,281.4,281.6,279.8,280.3,279.3,279.1,279.0,279.0,277.9,276.5,282.2,283.7,284.2,284.5,284.0,283.5,282.1,282.4,281.6,280.1,278.8,276.4,278.5,278.5,279.4,280.1,281.2,283.8,284.8,284.3,284.4,283.2,282.8,282.5,282.3,281.9,281.4,281.4,282.0,281.6,281.5,281.4,280.6,280.1,279.7,279.6,279.1,279.8,278.5,277.2,277.7,280.0,283.8,284.5,284.7,282.5,281.5,281.3,280.9,280.7,280.0,278.7,275.6,275.7,278.1,279.2,281.6,283.1,283.3,284.0,284.1,284.3,284.0,284.7,284.1,283.6,282.0,281.0,281.2,281.3,281.3,280.8,280.3,280.0,279.3,278.8,277.9,278.1,277.5,276.7,276.8,275.7,281.2,284.1,284.8,283.4,283.0,282.9,281.4,280.5,280.4,279.8,278.8,276.4,276.6,277.0,278.3,282.4,282.8,282.4,283.7,283.6,283.8,284.1,283.7,282.8,282.6,282.7,281.1,280.4,280.7,280.5,280.9,281.3,278.9,278.3,278.4,278.2,277.8,277.0,276.7,276.7,276.4]},{"header":{"discipline":0,"disciplineName":"Meteorological products","gribEdition":2,"gribLength":1025,"center":7,"centerName":"US National Weather Service - NCEP(WMC)","subcenter":0,"refTime":"2023-10-02T00:00:00.000Z","significanceOfRT":1,"significanceOfRTName":"Start of forecast","productStatus":0,"productStatusName":"Operational products","productType":1,"productTypeName":"Forecast products","productDefinitionTemplate":0,"productDefinitionTemplateName":"Analysis/forecast at horizontal level/layer at a point in time","parameterCategory":2,"parameterCategoryName":"UnknownDiscipline_0_Category_2","parameterNumber":2,"parameterNumberName":"UnknownParameter_D0_C2_2","parameterUnit":"Unknown","genProcessType":2,"genProcessTypeName":"Forecast","forecastTime":120,"surface1Type":103,"surface1TypeName":"Specified height level above ground","surface1Value":10.0,"surface2Type":255,"surface2TypeName":"Missing","surface2Value":0.0,"gridDefinitionTemplate":0,"gridDefinitionTemplateName":"Latitude_Longitude","numberPoints":615,"shape":6,"shapeName":"Earth spherical with radius of 6,371,229.0 m","gridUnits":"degrees","resolution":48,"winds":"true","scanMode":64,"nx":41,"ny":15,"basicAngle":0,"lo1":47.0,"la1":41.0,"lo2":87.0,"la2":55.0,"dx":1.0,"dy":1.0},"data":[-0.09932617,-0.44932616,2.6406739,0.24067383,-1.9393262,-1.5293262,-1.6893262,-2.0293262,-3.2893262,-2.4693263,-2.7493262,-3.2293262,-3.429326,-2.7693262,-2.5693262,-1.9693261,-1.0393262,0.29067382,-2.179326,-0.8493262,-0.31932616,0.30067384,-0.04932617,-1.4193262,0.8906738,-1.4793261,-2.1893263,-0.029326173,0.7206738,-0.37932616,-1.3593261,1.4506738,0.47067383,0.08067383,-1.7993262,-1.8193262,-1.2793262,-1.5793262,0.5106738,1.4506738,-1.3893262,2.100674,2.6506739,3.7406738,-3.7993262,-3.429326,-3.4793262,-3.2593262,-3.669326,-1.6193261,-1.6293262,-1.1493262,-2.4993262,-1.7293261,-1.1593262,-0.7393262,6.738281E-4,0.92067385,-0.8093262,-0.09932617,0.18067382,-0.8093262,-0.7993262,-1.0793262,-0.44932616,1.1806738,0.17067383,0.030673828,-0.019326173,0.44067383,-1.4093262,-0.16932617,-0.27932617,0.16067383,-1.2093261,6.738281E-4,-0.6693262,-0.83932614,-0.70932615,-1.4693261,0.47067383,-3.139326,1.0106739,-3.119326,-5.599326,-3.649326,-2.929326,-2.8393261,-2.399326,-1.8993262,-2.409326,-0.6193262,0.5806738,-0.45932618,-1.5893261,-1.2293261,0.86067384,-0.40932617,-0.029326173,1.5106739,2.2306738,2.370674,2.320674,-2.3493261,-1.4293262,0.62067384,-1.8993262,0.5906738,2.6706738,2.5106738,2.600674,0.100673825,-1.0893261,1.5406739,0.050673828,0.020673828,-0.28932616,-1.1893262,-0.62932616,0.17067383,6.738281E-4,1.3906739,1.7906739,-0.81932616,-2.0893261,-1.4993262,-0.88932616,-1.6293262,-0.47932616,0.15067382,1.2706739,1.3706738,-0.6193262,-0.8593262,-1.9893261,-1.3493261,0.48067382,-0.42932618,0.75067383,1.7906739,2.100674,1.8406738,1.6106738,1.6906738,0.46067384,0.6306738,1.3106738,0.100673825,2.0506737,3.5206738,3.360674,4.780674,2.830674,3.2806737,-0.81932616,2.130674,2.2106738,-2.0793262,-0.6093262,-1.6393262,2.320674,0.6406738,-0.5393262,0.010673828,2.2706738,0.8406738,1.0606738,1.9306738,1.6806738,2.320674,2.120674,2.4006739,0.8906738,0.17067383,-0.13932617,1.4406738,1.5506738,2.7506738,3.110674,2.2606738,2.7106738,3.0506737,3.4806738,3.7106738,3.4106739,4.070674,4.7906737,3.820674,3.7906737,2.7606738,2.5206738,6.320674,4.6006737,4.8306737,2.620674,-2.909326,0.09067383,0.87067384,-0.5293262,-2.0393262,-1.7593262,-2.8593261,-1.8693261,-2.169326,-2.0793262,3.3106737,3.0406737,2.7306738,2.5506737,2.7606738,2.6506739,2.2206738,2.590674,-0.14932618,1.1406739,1.0106739,1.9106739,2.7806737,3.7506738,3.2806737,2.6806738,3.5506737,3.7606738,4.050674,4.900674,4.690674,3.4806738,1.7406738,4.880674,5.090674,5.860674,6.070674,5.440674,6.550674,6.110674,0.22067383,1.1306739,3.830674,1.5506738,0.46067384,-0.13932617,0.46067384,-0.16932617,0.8406738,-2.2593262,-3.129326,3.4706738,3.2306738,2.1606739,0.26067382,0.11067383,1.2306738,1.7306738,1.8106738,1.3406738,1.2406738,2.580674,1.5306739,2.110674,3.4306738,3.2606738,2.9006739,3.2206738,3.6706738,2.6906738,3.870674,3.6506739,4.9106736,7.5206738,5.150674,7.210674,4.780674,4.400674,5.8306737,3.340674,3.880674,1.8806739,1.2606739,3.5006738,-0.36932617,-3.369326,-2.139326,-0.89932615,2.7106738,-0.28932616,-0.119326174,0.91067386,2.2806737,2.1906738,1.0506738,2.4906738,0.93067384,1.4606738,1.3406738,1.1506739,1.8706738,1.3706738,1.8606738,2.9506738,2.850674,2.1506739,2.8006737,2.9106739,3.0606737,2.9906738,2.7306738,3.1806738,3.590674,4.2706738,5.1406736,4.320674,5.750674,2.1706738,3.8106737,0.7806738,0.5906738,1.0206739,-0.18932617,1.1806738,2.070674,-0.6193262,-1.8493261,-0.58932614,0.60067385,-3.0193262,-3.169326,-3.179326,-2.2993262,4.950674,2.7406738,4.550674,3.9506738,1.5006738,1.3206738,1.6306739,1.5306739,1.3806739,1.3706738,2.0406737,2.2106738,3.7306738,1.6506739,2.340674,2.7606738,3.4206738,1.6606739,1.9506738,3.2906737,2.9006739,2.880674,2.610674,2.4606738,1.5906738,2.2006738,0.60067385,0.5306738,-0.9193262,1.2306738,-0.10932617,0.50067383,1.2606739,-1.3593261,-0.75932616,-1.8493261,-1.0693262,-1.9793261,-1.3193262,0.18067382,-2.2293262,3.0106738,1.3706738,1.4506738,3.340674,1.0906738,1.5206739,1.3206738,1.1406739,1.5206739,1.4606738,1.8806739,2.2306738,2.7606738,1.7906739,1.7306738,3.1506739,3.350674,2.6806738,2.100674,2.4306738,3.320674,0.08067383,4.0806737,5.050674,1.8606738,3.9006739,1.5406739,0.28067383,1.0806738,0.62067384,-0.29932618,-0.10932617,-0.9093262,-1.8993262,-1.3293262,-1.4793261,-2.3293262,-0.5393262,-1.7393261,-0.04932617,-1.1793262,2.9606738,3.350674,0.5106738,0.61067384,0.7606738,0.86067384,1.4806738,1.6306739,0.98067385,0.04067383,0.62067384,1.7206738,1.0206739,2.4806738,2.1806738,2.7506738,3.3106737,4.320674,2.1506739,2.0106738,3.370674,-0.49932617,5.740674,4.010674,-0.6793262,-1.4893261,-0.6693262,0.30067384,0.66067386,-0.039326172,-1.3593261,-2.659326,-2.3493261,-1.1293262,-1.4293262,-1.6993262,-1.5393262,0.07067383,-1.2393261,0.9506738,-1.2893262,3.4806738,3.2906737,3.620674,0.98067385,0.73067385,0.6306738,0.07067383,0.5306738,0.030673828,-1.1893262,-0.93932617,1.0106739,0.49067384,1.7006738,2.7006738,3.110674,3.4406738,4.340674,2.4506738,2.590674,1.6906738,1.2606739,2.2306738,2.0406737,0.5206738,0.9606738,0.38067383,1.0306739,-0.21932617,-2.5693262,-2.619326,-2.3393261,-1.9093262,-2.679326,-1.5693262,-1.5193262,-0.62932616,-0.56932616,-0.019326173,-0.46932617,-0.70932615,4.760674,4.860674,2.2206738,1.8806739,0.9706738,0.40067384,-0.32932618,0.23067383,-0.33932617,-1.8493261,-0.9193262,0.5306738,1.5106739,2.4806738,2.6806738,2.7406738,3.090674,3.7206738,2.5406737,3.0506737,0.9406738,1.0906738,3.7406738,2.590674,3.3106737,1.7206738,-0.20932618,-0.64932615,-1.4493262,-2.3393261,-2.1093261,-1.9893261,-2.159326,-2.389326,-1.7593262,-2.369326,-2.2893262,-1.4593261,-2.2493262,-1.1493262,-0.89932615,5.380674,6.570674,3.4706738,2.3006737,-0.12932616,6.738281E-4,0.27067384,-0.69932616,-0.7193262,-0.7293262,-1.1893262,-0.47932616,1.1506739,0.8306738,0.3306738,0.93067384,1.2406738,3.4806738,3.5106738,3.0306737,-0.32932618,2.4106739,5.0206738,3.0006738,2.2906737,1.4806738,0.24067383,0.010673828,-1.4693261,-1.8593261,-1.5693262,-1.2793262,-1.5193262,-1.4593261,-1.3893262,-1.6293262,-1.7793262,-1.5393262,-1.0993261,-0.76932615,-0.8093262,3.870674,6.530674,2.860674,2.4706738,1.0306739,0.7606738,6.738281E-4,-0.58932614,-0.89932615,-1.6993262,-1.4593261,-0.8693262,-0.039326172,0.8406738,1.0606738,1.8506738,0.7706738,1.2406738,1.5206739,1.6806738,1.8206738,0.18067382,0.14067383,2.5406737,1.7906739,1.6006738,0.29067382,-0.16932617,-1.1193261,-1.0793262,-1.1693262,-1.6193261,-1.0793262,-0.9093262,-0.36932617,-0.059326172,-0.69932616,-0.16932617,-0.9093262,-1.0293262,-1.0293262]},{"header":{"discipline":0,"disciplineName":"Meteorological products","gribEdition":2,"gribLength":1025,"center":7,"centerName":"US National Weather Service - NCEP(WMC)","subcenter":0,"refTime":"2023-10-02T00:00:00.000Z","significanceOfRT":1,"significanceOfRTName":"Start of forecast","productStatus":0,"productStatusName":"Operational products","productType":1,"productTypeName":"Forecast products","productDefinitionTemplate":0,"productDefinitionTemplateName":"Analysis/forecast at horizontal level/layer at a point in time","parameterCategory":2,"parameterCategoryName":"UnknownDiscipline_0_Category_2","parameterNumber":3,"parameterNumberName":"UnknownParameter_D0_C2_3","parameterUnit":"Unknown","genProcessType":2,"genProcessTypeName":"Forecast","forecastTime":120,"surface1Type":103,"surface1TypeName":"Specified height level above ground","surface1Value":10.0,"surface2Type":255,"surface2TypeName":"Missing","surface2Value":0.0,"gridDefinitionTemplate":0,"gridDefinitionTemplateName":"Latitude_Longitude","numberPoints":615,"shape":6,"shapeName":"Earth spherical with radius of 6,371,229.0 m","gridUnits":"degrees","resolution":48,"winds":"true","scanMode":64,"nx":41,"ny":15,"basicAngle":0,"lo1":47.0,"la1":41.0,"lo2":87.0,"la2":55.0,"dx":1.0,"dy":1.0},"data":[-0.3985248,-1.7685248,2.7814753,8.481475,4.301475,0.23147522,1.9114752,3.5014753,1.1314752,2.231475,2.491475,1.9514753,1.3614752,0.8914752,-0.5685248,-1.8885248,-2.3885248,-2.7385247,-3.518525,-2.1985247,-1.5285248,-2.7785249,-1.9585248,-1.7485248,-0.12852478,-0.57852477,-0.5685248,0.9314752,0.4414752,2.8614752,0.8614752,-0.43852478,0.9514752,-1.1485248,-0.65852475,-0.12852478,1.1014752,2.5514753,2.5714753,2.2614753,1.4214752,3.741475,0.48147523,3.1614752,9.141476,5.5414753,0.8814752,-1.0185248,2.7814753,4.0014753,4.0814753,3.0214753,2.6514752,1.9714752,2.1014752,-1.2785248,-2.6485248,-1.9085248,-1.3185248,-2.7885249,-4.0185246,-2.1785247,-1.8185248,-0.8185248,2.9314752,2.9514751,2.3914752,-1.0185248,2.9714751,0.43147522,2.5814753,4.9414754,4.301475,1.3014752,-0.06852478,-2.6885247,-0.6085248,-0.95852476,-0.95852476,-0.05852478,-0.7385248,0.5714752,-0.82852477,1.5014752,6.011475,6.011475,4.7314754,1.6414752,0.21147522,0.12147522,3.2114751,2.741475,3.5514753,3.8314753,1.2914752,0.6214752,-1.2985247,-1.2585248,-0.76852477,-1.8285248,-2.1985247,-1.7285248,0.25147521,0.30147523,-0.8185248,0.8914752,4.0214753,0.21147522,0.91147524,0.8014752,0.9414752,0.6914752,2.8814752,2.0214753,1.4214752,-0.8085248,-0.6685248,2.3714752,3.2114751,0.40147522,-0.07852478,-0.15852478,0.30147523,0.72147524,2.7114751,4.571475,4.871475,3.6814752,1.5314752,2.2114751,1.4414753,3.0814753,3.7814753,2.9714751,2.6914752,3.9714751,1.3014752,0.25147521,-1.0585247,-0.9785248,-0.96852475,-0.40852478,-1.6785247,-2.3485248,2.5414753,1.6114752,2.6014752,3.5914752,5.5814753,0.31147522,-0.90852475,-0.3685248,-3.2385247,-2.4485247,-3.508525,0.10147522,0.13147523,1.1714752,-1.5585247,-0.9885248,2.6214752,2.741475,0.73147523,0.97147524,1.6814752,2.6414752,2.3014753,3.2614753,4.091475,3.1214752,2.7114751,2.3914752,4.161475,4.491475,4.111475,3.6114752,3.5714753,0.9014752,-0.8185248,-0.44852477,-1.1185248,-1.3385248,-0.6685248,0.27147523,0.8214752,1.0414752,0.79147524,1.7114753,2.2814753,3.7514753,3.9514751,1.0014752,-0.29852477,-0.8485248,-0.4885248,-2.4785247,-0.00852478,1.3614752,-0.19852477,-1.8285248,0.05147522,-1.1485248,-0.57852477,0.33147523,-1.0985248,-0.22852477,1.4614753,3.2914753,3.231475,3.1614752,3.5114753,2.7814753,1.5814753,4.071475,4.741475,3.981475,2.9414752,1.9414753,1.3114753,-0.20852478,0.19147521,-0.41852477,-1.1085248,-0.9185248,-0.3385248,1.0314752,0.7414752,-1.2085248,0.11147522,3.6914752,2.231475,2.7114751,3.5914752,2.5614753,0.8314752,3.1714752,-0.15852478,-0.38852477,2.491475,1.7914752,1.6714752,2.3014753,1.7914752,0.8214752,-0.5385248,-1.0885248,1.6414752,2.2614753,4.5814753,3.5614753,3.6114752,2.6014752,2.8414752,3.2714753,3.3114753,3.741475,3.4214752,3.0314753,3.3814752,1.4014752,0.85147524,-0.10852478,-0.37852478,-1.1085248,-1.9785248,-2.1485248,-0.05852478,1.5214752,0.6314752,5.281475,2.4414752,4.3814754,2.7614753,2.4214752,2.3114753,4.2914753,4.5814753,-0.34852478,-2.8385248,1.1914753,-0.21852478,-1.1885247,-2.7085247,-0.6085248,0.33147523,-0.35852477,-0.5685248,2.3714752,-1.2485248,-0.5985248,3.2114751,3.8114753,2.9414752,2.2514753,2.4714751,4.011475,3.5114753,3.4114752,3.491475,3.0014753,3.0114753,1.5514752,-0.40852478,-1.5985248,-1.9485248,-1.8785248,-1.2485248,-2.1185248,-3.7085247,-2.2285247,2.1014752,5.4214754,4.3814754,5.0414753,2.1114752,2.481475,3.4114752,2.5714753,3.6614752,2.8314753,-0.6685248,1.2614752,1.4714752,-0.01852478,1.1314752,-1.0085248,0.5114752,-2.0485249,4.7114754,6.5414753,4.861475,2.5014753,3.6214752,3.2714753,2.741475,2.0514753,2.2114751,3.0614753,2.4614751,2.1614752,3.2714753,3.241475,2.1014752,-0.18852478,-0.19852477,-1.0785248,-1.8485248,-1.5885248,-0.5685248,-5.178525,-6.3685246,-0.5085248,3.1114752,3.4414752,3.0614753,3.4414752,2.5014753,1.7914752,3.2714753,4.071475,2.4414752,2.4614751,2.5214753,2.5714753,-1.5985248,0.85147524,0.9014752,0.4414752,-2.7385247,0.73147523,3.8314753,7.5614753,5.9414754,3.8914752,3.1914752,3.2514753,3.0714753,2.0714753,2.7214751,2.8314753,2.4014752,2.5514753,3.3014753,2.4714751,0.15147522,-1.2385248,0.6114752,-1.2285248,-3.0885248,0.21147522,-4.338525,-6.218525,-3.2885249,5.9214754,6.871475,3.7214751,2.5514753,2.9614751,4.201475,3.4614751,2.9314752,3.1414752,3.3514752,2.0714753,1.1114752,0.7714752,-2.018525,-0.26852477,3.0214753,2.7014751,-0.9985248,2.5314753,4.141475,3.5614753,3.6114752,3.4314752,3.3114753,3.1814752,2.7014751,2.231475,2.5314753,2.3314753,1.3114753,2.1914752,2.3114753,1.3914752,-0.70852476,-0.6185248,-0.25852478,-2.6485248,0.48147523,-3.6885247,-5.5385246,0.16147523,0.8014752,2.2114751,1.6514752,2.8714752,3.0014753,2.9314752,3.0214753,3.2014751,2.8514752,2.5514753,2.6814752,1.1514752,0.92147523,2.3714752,1.5014752,1.7114753,0.6414752,0.42147523,2.1514752,4.611475,4.621475,4.121475,3.4614751,2.8114753,2.8814752,2.3314753,1.8414752,1.2714752,0.34147522,0.6514752,1.4714752,1.5714753,1.1114752,0.19147521,-0.32852477,0.43147522,-0.10852478,0.25147521,-2.1885247,-3.508525,-3.3385248,1.1314752,1.7414752,2.5614753,3.2814753,3.1514752,3.0014753,2.9314752,3.2214751,2.2214751,2.1014752,1.5014752,0.7614752,1.2614752,2.2214751,2.0814753,2.1214752,0.8614752,0.7414752,3.4414752,4.0014753,5.0414753,4.4214754,3.2614753,2.6514752,3.241475,3.6814752,1.4714752,1.0414752,1.1214752,0.6914752,0.6114752,1.0014752,0.30147523,0.2914752,0.6814752,1.5914752,0.78147525,1.7414752,1.7314752,-0.8885248,-1.2185248,-0.08852478,0.7014752,1.0714753,2.5214753,3.3014753,3.2014751,3.1814752,3.2114751,2.5014753,1.8214753,2.0914752,1.8014752,1.0214752,0.5614752,0.8814752,0.6314752,0.3814752,2.6214752,2.9114752,5.391475,5.701475,3.9414752,4.011475,3.7614753,3.6214752,2.6014752,2.8514752,1.5914752,0.8614752,0.06147522,0.6914752,-0.06852478,-0.95852476,-1.3885248,-1.8485248,0.72147524,2.3714752,3.4514751,-0.11852478,1.1014752,2.2714753,-0.14852478,0.7714752,1.3114753,2.3414752,3.1814752,3.3014753,3.1614752,3.1714752,3.1014752,3.1314752,1.9714752,1.9014752,1.2514752,0.24147522,-0.08852478,0.6414752,0.3514752,3.7914753,4.701475,8.181476,5.641475,6.221475,5.4814754,4.181475,3.3714752,3.5214753,2.4614751,1.0914752,1.8814752,2.0414753,0.07147522,-0.7285248,-1.4185247,-1.4685248,-3.2085247,-0.3685248,1.9314752,2.5614753,1.1014752,-0.4585248,0.14147522,0.7014752,1.9514753,2.1814752,2.8014753,3.1114752,3.231475,3.4214752,3.6314752,2.9514751,2.8414752,2.8714752,2.4614751,1.8914752,1.7614752,1.0914752,1.2914752,0.30147523]}]