wind_kz.json
{"header": {"discipline":0,"disciplineName":"Meteorological products","gribEdition":2,"gribLength":948,"center":7,"centerName":"US National Weather Service - NCEP(WMC)","subcenter":0,"refTime":"2023-09-19T12:00:00.000Z","significanceOfRT":1,"significanceOfRTName":"Start of forecast","productStatus":0,"productStatusName":"Operational products","productType":1,"productTypeName":"Forecast products","productDefinitionTemplate":0,"productDefinitionTemplateName":"Analysis/forecast at horizontal level/layer at a point in time","parameterCategory":2,"parameterCategoryName":"UnknownDiscipline_0_Category_2","parameterNumber":2,"parameterNumberName":"UnknownParameter_D0_C2_2","parameterUnit":"Unknown","genProcessType":2,"genProcessTypeName":"Forecast","forecastTime":180,"surface1Type":103,"surface1TypeName":"Specified height level above ground","surface1Value":10.0,"surface2Type":255,"surface2TypeName":"Missing","surface2Value":0.0,"gridDefinitionTemplate":0,"gridDefinitionTemplateName":"Latitude_Longitude","numberPoints":615,"shape":6,"shapeName":"Earth spherical with radius of 6,371,229.0 m","gridUnits":"degrees","resolution":48,"winds":"true","scanMode":64,"nx":41,"ny":15,"basicAngle":0,"lo1":47.0,"la1":41.0,"lo2":87.0,"la2":55.0,"dx":1.0,"dy":1.0}, "data":
[rows 0 to 14 of 15, columns 0 to 40 of 41]
-2.4428637,-0.83286375,1.2471362,0.46713623,-2.6128638,-3.9528637,-1.9628638,-3.4228637,-4.172864,0.62713623,-1.1328638,-1.6428638,-0.90286374,-0.5528638,0.19713622,1.0971363,-0.39286378,-1.3328638,-2.2628639,-0.8428638,0.45713624,1.1571362,-0.24286377,-1.1528637,-0.03286377,-2.7628639,-2.6828637,0.6371362,0.73713624,0.72713625,0.24713624,2.0171363,-0.50286376,-1.5428637,-3.1928637,-3.3428638,-2.8528638,-2.5828638,-1.7828637,-0.95286375,-1.2128638
0.28713623,1.7271363,-0.08286377,0.67713624,0.8171362,-1.0028638,-2.7928638,-3.7628639,-2.0728638,-1.0628638,-1.3728638,-2.6828637,-1.9028637,-1.0028638,-0.42286378,-0.41286376,-0.69286376,-3.1528637,-1.2928637,-2.6428638,-2.8028638,-1.4028637,0.03713623,-2.6528637,0.26713622,1.0071362,0.05713623,2.6671362,-0.9728638,-0.5528638,0.31713623,0.15713623,0.9571362,-3.0428638,0.32713622,0.59713626,0.5871362,0.29713622,-0.37286377,0.8971362,-0.88286376
-0.95286375,-2.2328637,0.38713622,1.3471363,-3.502864,-4.562864,-4.332864,-2.2328637,-3.4728637,-2.3728638,-1.6228638,-2.7028637,-2.2628639,-2.5928638,-2.7628639,-3.0128639,-4.692864,-3.0528638,-0.64286375,0.59713626,-2.8228638,-3.8928638,-4.442864,-3.7228637,1.1271362,-0.6628638,-0.32286376,-0.0028637694,-1.2328638,-0.11286377,-1.2328638,1.7271363,-0.6728638,-0.71286374,0.29713622,-0.5928638,-0.17286377,0.47713622,-1.3128638,1.7971362,1.8271363
-2.7628639,-3.7928638,-4.3628635,-4.8228636,-4.3428636,-2.7928638,-0.65286374,-3.5828638,-2.7728639,-2.2928638,-3.4928637,-2.9928637,-4.3028636,-4.712864,-3.2928638,-3.7828639,-4.0928636,-3.8128638,-2.8928638,-3.1228638,-3.8828638,-3.0528638,-2.2428637,-4.0928636,-3.9428637,-3.6728637,-2.8928638,-6.0128636,-2.1328638,0.13713624,0.78713626,-2.752864,-2.3728638,-3.2728639,-2.1928637,-2.3528638,-2.3328638,2.3871362,1.3671362,-1.0428637,-1.7328638
-3.0528638,-4.2228637,-4.922864,-4.422864,-3.7728639,-3.3728638,-2.8828638,-2.1928637,-2.5328639,-2.8928638,-3.2828639,-3.1728637,-3.7628639,-3.9828637,-3.7428637,-3.7928638,-3.8528638,-3.502864,-3.2728639,-5.0328636,-6.152864,-5.4328637,-4.752864,-4.192864,-4.022864,-3.6928637,-5.062864,-3.6628637,-3.3228638,-2.8828638,-2.7228637,-1.5928638,-1.7228638,0.8371362,-0.5328638,-0.9328638,-3.6728637,-2.6628637,-1.9528638,-1.5628638,-2.3828638
-2.8728638,-2.3728638,-3.7228637,-3.7328637,-3.4328637,-2.5928638,-3.1828637,-2.7428637,-1.2228638,-0.56286377,-2.4628637,-2.8328638,-2.8228638,-4.232864,-3.7228637,-2.7428637,-3.0328639,-3.4428637,-3.8828638,-3.4828637,-3.7928638,-3.5228639,-3.7128637,-3.7628639,-3.2928638,-3.3828638,-2.0828638,-3.4028637,-3.3328638,-3.0128639,-2.7628639,-2.7928638,-3.0928638,-3.1728637,-0.102863766,-4.3228636,0.23713623,-2.002864,0.18713623,-1.4728638,-1.2528638
0.72713625,1.1271362,0.6571362,0.03713623,-1.1928638,-1.0528637,-1.9528638,-2.2828639,-2.7028637,-2.0628638,-2.1028638,-2.2928638,-2.1728637,-1.9928638,-2.0928638,-2.3528638,-2.5328639,-2.2728639,-2.9728637,-3.2328637,-2.7028637,-2.7428637,-1.8128638,0.5771362,-0.5328638,-0.5928638,0.02713623,0.41713622,-0.62286377,-2.1528637,-2.9828637,-2.5528638,-1.3928638,-1.3328638,-1.4928638,-1.3928638,-0.90286374,2.1371362,-1.4928638,1.8571362,0.18713623
0.9571362,0.93713623,0.25713623,-1.0828638,-1.7028638,-1.8428638,-1.3328638,-0.9328638,-0.47286376,-1.2428638,-1.1628637,-0.21286377,0.21713623,-0.47286376,-0.21286377,-0.9828638,-1.7528638,-1.8328638,-2.2128637,-2.0528638,-1.0028638,-1.5428637,-1.5128638,-1.8528638,-1.3628638,-0.40286377,0.59713626,-0.33286378,-1.1928638,-2.0828638,-1.3928638,-1.1228638,-1.4928638,-0.7928638,-1.7328638,-1.2228638,-0.8028638,-2.0428638,-2.2928638,-2.0328639,-1.7428638
2.5771363,2.1871362,2.3071363,1.5271362,1.1171362,0.017136231,-0.7328638,-0.32286376,-0.35286376,0.55713624,0.48713624,0.39713624,1.4571363,2.0571363,2.1371362,1.5271362,1.4671363,0.6471362,0.19713622,-0.27286378,-0.33286378,0.5271362,0.7571362,0.68713623,0.36713624,0.53713626,0.17713623,0.72713625,0.8271362,0.10713623,1.0871363,0.93713623,0.99713624,-0.16286378,-0.7828638,-0.83286375,-0.14286377,-1.2228638,0.25713623,1.1771362,-1.8128638
-1.7528638,-1.6628637,0.27713624,2.1571362,3.1971362,2.8071363,2.0871363,1.7271363,2.2871363,2.0571363,2.3871362,2.4671361,2.4671361,1.9871362,2.4371362,2.6771362,2.5371363,2.5471363,2.4671361,2.1571362,2.4671361,2.8071363,2.7271361,2.4271362,2.2171361,2.0471363,1.8071362,2.0171363,2.1171362,2.0671363,1.2771362,1.2071363,-0.11286377,-0.81286377,-1.1928638,-1.1628637,-1.9428638,-0.27286378,-2.0828638,-0.14286377,-1.2428638
-2.1728637,-1.9728638,-1.8428638,-0.9328638,-1.0028638,-1.2228638,-0.37286377,1.8271363,1.7971362,1.6471362,2.0471363,2.4471362,2.1771362,2.4871361,2.3471363,1.8671362,1.8371363,2.8071363,2.2671363,3.2071362,3.3971362,3.1271362,3.4371362,3.0371363,2.7371361,2.7071362,2.5471363,3.3671362,3.4171362,3.7771363,3.5071363,0.61713624,-1.0928638,-0.36286378,-0.30286378,-1.6828637,-1.4428638,0.44713622,-0.87286377,0.97713625,-0.88286376
-1.0128638,-1.3628638,-0.34286377,-1.2028638,0.21713623,-0.52286375,-0.7228638,-0.81286377,-0.23286377,-0.49286377,-0.04286377,1.0771363,-0.37286377,-1.0828638,0.35713622,1.0871363,0.23713623,1.6971363,2.2671363,2.8071363,2.8171363,3.4171362,3.0771363,2.8771362,3.4271362,3.7571363,3.0871363,3.8771362,3.8371363,3.3671362,2.6371362,1.0771363,0.46713623,-0.22286376,0.42713624,1.2371362,0.16713624,-0.26286376,0.17713623,-0.24286377,-0.35286376
-0.19286376,0.78713626,0.5671362,0.54713625,0.18713623,-0.52286375,-0.87286377,-1.0828638,-1.4328637,0.74713624,0.16713624,1.0171362,0.5171362,0.32713622,-0.28286377,-0.12286377,-0.9228638,0.07713623,0.85713625,0.33713624,0.17713623,2.2771363,1.8871362,2.3771362,3.1071362,3.3471363,3.5571363,3.7771363,3.4371362,3.1171362,2.6871362,2.4171362,1.1771362,0.40713623,0.73713624,1.0571362,0.97713625,-0.28286377,-0.34286377,-0.44286376,-0.7928638
1.0171362,0.78713626,1.9571363,-0.5328638,-0.14286377,-0.38286376,-0.7428638,-0.43286377,0.74713624,0.6571362,0.8171362,1.0471362,1.0271362,-1.0728638,-1.0928638,-1.1928638,0.047136232,-0.81286377,-0.102863766,0.12713623,0.9571362,1.6571362,1.1371362,2.3671362,2.2171361,1.7671362,1.8971362,3.0971363,3.0571363,2.9371362,2.8071363,2.2671363,1.4571363,1.0471362,0.8171362,1.1771362,-0.04286377,-0.03286377,-0.95286375,0.28713623,-0.50286376
1.2571362,1.3171363,-0.38286376,-0.63286376,-0.5928638,-0.19286376,0.08713623,0.22713622,0.7171362,0.37713623,-0.18286377,-0.34286377,0.5671362,-1.2228638,-0.82286376,-0.30286378,0.59713626,1.0671363,1.3071362,0.98713624,0.74713624,0.39713624,0.9671362,0.91713625,1.2471362,0.91713625,0.27713624,0.33713624,1.9171362,2.8171363,3.2171361,3.3671362,2.0271363,1.5871363,1.5771363,1.6571362,0.37713623,1.5371362,0.29713622,0.0071362304,-1.4528638
