wind_kz.json
{"header": {"discipline":0,"disciplineName":"Meteorological products","gribEdition":2,"gribLength":871,"center":7,"centerName":"US National Weather Service - NCEP(WMC)","subcenter":0,"refTime":"2024-02-02T06:00:00.000Z","significanceOfRT":1,"significanceOfRTName":"Start of forecast","productStatus":0,"productStatusName":"Operational products","productType":1,"productTypeName":"Forecast products","productDefinitionTemplate":0,"productDefinitionTemplateName":"Analysis/forecast at horizontal level/layer at a point in time","parameterCategory":0,"parameterCategoryName":"UnknownDiscipline_0_Category_0","parameterNumber":0,"parameterNumberName":"UnknownParameter_D0_C0_0","parameterUnit":"Unknown","genProcessType":2,"genProcessTypeName":"Forecast","forecastTime":120,"surface1Type":1,"surface1TypeName":"Ground or water surface","surface1Value":0.0,"surface2Type":255,"surface2TypeName":"Missing","surface2Value":0.0,"gridDefinitionTemplate":0,"gridDefinitionTemplateName":"Latitude_Longitude","numberPoints":615,"shape":6,"shapeName":"Earth spherical with radius of 6,371,229.0 m","gridUnits":"degrees","resolution":48,"winds":"true","scanMode":64,"nx":41,"ny":15,"basicAngle":0,"lo1":47.0,"la1":41.0,"lo2":87.0,"la2":55.0,"dx":1.0,"dy":1.0}, "data":
[rows 0 to 14 of 15, columns 0 to 40 of 41]
278.9082,271.2082,277.60822,280.4082,280.60822,282.0082,282.3082,281.3082,280.2082,281.10822,280.4082,280.60822,280.4082,279.7082,279.7082,278.5082,278.4082,277.5082,279.4082,277.0082,282.5082,282.0082,283.10822,281.5082,283.10822,283.10822,275.4082,265.5082,265.4082,263.10822,269.0082,259.60822,269.3082,281.10822,281.0082,279.0082,281.5082,279.60822,278.4082,277.10822,279.2082
262.2082,278.8082,280.3082,279.9082,280.7082,281.10822,280.0082,278.2082,278.9082,278.60822,280.7082,277.8082,279.0082,279.10822,277.8082,278.2082,279.8082,277.7082,276.7082,278.4082,279.4082,282.10822,281.8082,273.0082,264.5082,267.60822,268.8082,265.2082,265.5082,261.60822,271.3082,259.5082,272.4082,251.1082,258.7082,269.2082,268.7082,276.7082,278.10822,272.8082,273.10822
274.8082,278.9082,280.10822,280.4082,280.5082,278.0082,277.4082,277.10822,275.2082,275.3082,275.10822,276.0082,276.0082,277.0082,274.7082,273.60822,275.3082,274.10822,274.10822,275.4082,276.9082,280.60822,282.8082,273.4082,284.10822,275.2082,273.9082,274.4082,282.2082,272.3082,267.8082,270.8082,267.2082,267.60822,264.0082,269.9082,269.9082,259.5082,262.10822,267.5082,265.60822
275.4082,275.9082,277.7082,279.0082,278.5082,274.8082,274.9082,273.9082,274.4082,274.8082,275.8082,275.5082,281.3082,281.9082,276.2082,273.60822,275.4082,273.7082,273.2082,274.60822,277.10822,273.5082,277.2082,276.9082,274.60822,274.3082,274.7082,273.60822,273.7082,273.2082,272.8082,273.3082,277.4082,273.60822,271.60822,272.7082,267.7082,261.7082,273.10822,267.2082,266.7082
274.5082,272.9082,271.7082,272.60822,273.3082,273.3082,273.10822,273.3082,273.9082,273.7082,273.5082,274.10822,279.0082,279.10822,278.3082,274.3082,274.2082,275.3082,276.10822,273.3082,273.5082,275.8082,274.2082,274.8082,273.5082,273.7082,273.2082,273.4082,277.4082,277.0082,273.8082,274.8082,272.4082,264.60822,270.2082,265.4082,265.60822,267.60822,269.7082,267.5082,266.3082
274.8082,274.4082,272.4082,271.5082,270.8082,270.4082,272.3082,273.2082,272.7082,273.3082,272.4082,272.9082,278.3082,279.2082,274.3082,274.8082,273.0082,273.5082,273.2082,273.3082,273.10822,273.4082,273.8082,273.8082,273.8082,271.10822,271.8082,270.10822,270.5082,269.9082,270.10822,270.4082,269.3082,267.8082,272.5082,269.2082,273.3082,267.2082,267.60822,263.10822,264.9082
274.0082,273.5082,273.10822,270.9082,270.2082,272.3082,273.10822,272.5082,271.9082,272.3082,272.60822,272.5082,272.7082,272.10822,272.7082,273.3082,272.60822,271.60822,270.5082,273.0082,272.10822,273.2082,273.2082,273.2082,270.3082,267.4082,266.5082,267.0082,267.3082,268.4082,267.4082,267.10822,267.4082,268.3082,267.3082,269.5082,268.5082,271.0082,265.7082,266.0082,268.9082
271.10822,270.2082,270.7082,271.4082,271.9082,271.9082,272.0082,271.10822,271.60822,270.5082,271.7082,272.0082,271.60822,271.60822,271.9082,271.9082,271.9082,270.9082,273.0082,271.0082,271.3082,272.9082,273.10822,272.8082,270.3082,268.8082,266.4082,266.7082,266.2082,265.2082,265.3082,264.7082,266.10822,268.2082,266.7082,262.4082,260.60822,260.60822,266.9082,267.3082,268.5082
267.7082,268.60822,269.7082,269.7082,270.2082,270.8082,270.3082,270.60822,271.10822,269.7082,272.10822,271.10822,269.9082,270.8082,269.4082,269.9082,271.2082,272.9082,273.2082,272.3082,270.3082,270.7082,272.0082,271.4082,271.4082,269.5082,268.5082,269.10822,268.9082,268.60822,264.4082,265.3082,273.5082,271.5082,265.5082,263.3082,265.3082,264.8082,264.2082,265.2082,265.9082
264.10822,265.10822,265.60822,267.2082,267.7082,267.60822,269.0082,270.0082,268.4082,269.7082,269.3082,269.10822,270.0082,269.60822,266.60822,270.0082,272.8082,273.2082,273.2082,272.8082,272.0082,270.8082,271.3082,271.9082,271.2082,271.3082,271.4082,270.7082,267.60822,268.10822,272.10822,272.7082,273.7082,269.4082,266.0082,264.10822,270.10822,271.9082,272.5082,271.8082,263.7082
262.8082,262.10822,263.4082,264.10822,265.3082,267.7082,269.4082,271.5082,268.3082,268.0082,269.7082,269.7082,266.8082,267.10822,270.5082,271.9082,271.4082,272.5082,272.4082,270.60822,270.60822,270.10822,270.3082,271.5082,271.3082,271.7082,269.9082,269.4082,270.9082,272.8082,271.5082,271.9082,270.4082,270.60822,267.60822,268.0082,272.9082,272.7082,267.7082,269.0082,271.0082
260.3082,261.5082,262.9082,262.60822,263.9082,267.3082,268.5082,270.5082,270.5082,269.7082,270.0082,269.3082,270.4082,270.8082,270.2082,270.9082,270.2082,269.0082,270.3082,269.0082,269.10822,268.7082,269.7082,270.0082,269.5082,268.10822,268.8082,269.10822,269.10822,268.0082,268.7082,267.5082,271.8082,267.7082,268.4082,265.4082,267.7082,269.4082,273.5082,272.5082,273.10822
260.2082,258.7082,261.0082,263.2082,264.3082,267.9082,269.4082,272.2082,271.60822,271.3082,270.8082,268.9082,269.60822,269.2082,269.60822,269.4082,269.2082,268.7082,269.3082,268.9082,269.4082,269.3082,269.60822,268.7082,268.7082,267.4082,267.8082,265.9082,265.9082,266.8082,266.2082,265.7082,266.3082,268.10822,267.60822,267.8082,267.10822,271.10822,269.5082,266.4082,272.3082
257.9082,256.9082,260.60822,259.3082,262.7082,266.9082,272.0082,270.9082,271.8082,271.8082,270.10822,268.4082,268.4082,268.3082,268.2082,267.7082,267.9082,268.3082,268.9082,268.8082,269.0082,269.10822,268.4082,267.10822,266.60822,267.10822,266.5082,265.7082,266.2082,265.0082,264.5082,264.4082,266.0082,266.4082,266.0082,267.8082,269.5082,268.4082,269.5082,273.10822,267.0082
257.5082,257.3082,259.8082,258.10822,262.4082,267.0082,269.0082,272.2082,271.8082,273.0082,272.7082,269.5082,269.4082,268.7082,268.3082,268.7082,268.3082,268.3082,268.4082,267.3082,267.7082,268.0082,267.5082,267.60822,266.4082,266.3082,265.5082,264.9082,264.4082,265.10822,263.2082,263.7082,264.9082,266.5082,268.3082,267.5082,269.3082,269.2082,265.8082,266.2082,271.5082
