wind.json
{"header": {"discipline":0,"disciplineName":"Meteorological products","gribEdition":2,"gribLength":1125,"center":7,"centerName":"US National Weather Service - NCEP(WMC)","subcenter":0,"refTime":"2023-05-30T06:00:00.000Z","significanceOfRT":1,"significanceOfRTName":"Start of forecast","productStatus":0,"productStatusName":"Operational products","productType":1,"productTypeName":"Forecast products","productDefinitionTemplate":0,"productDefinitionTemplateName":"Analysis/forecast at horizontal level/layer at a point in time","parameterCategory":2,"parameterCategoryName":"UnknownDiscipline_0_Category_2","parameterNumber":3,"parameterNumberName":"UnknownParameter_D0_C2_3","parameterUnit":"Unknown","genProcessType":2,"genProcessTypeName":"Forecast","forecastTime":180,"surface1Type":103,"surface1TypeName":"Specified height level above ground","surface1Value":10.0,"surface2Type":255,"surface2TypeName":"Missing","surface2Value":0.0,"gridDefinitionTemplate":0,"gridDefinitionTemplateName":"Latitude_Longitude","numberPoints":688,"shape":6,"shapeName":"Earth spherical with radius of 6,371,229.0 m","gridUnits":"degrees","resolution":48,"winds":"true","scanMode":64,"nx":43,"ny":16,"basicAngle":0,"lo1":45.0,"la1":40.0,"lo2":87.0,"la2":55.0,"dx":1.0,"dy":1.0}, "data":
[rows 0 to 15 of 16, columns 0 to 42 of 43]
-2.6640503,1.6759497,3.7559497,8.03595,-2.4540503,-11.734051,-9.46405,-5.39405,-3.5840502,0.035949707,-2.2640502,4.9659495,0.4659497,-1.4640503,-1.7040503,-3.0440502,-4.08405,-3.7540503,-4.93405,-4.3640504,-4.1940503,-1.0540503,-2.0340502,3.2059498,3.6859498,2.2459497,1.6959497,3.1359496,3.0659497,-1.8140503,-0.7640503,-1.6140503,-0.8740503,-0.4840503,1.5259497,2.7759497,2.4859498,0.49594972,-0.4540503,-2.3140502,-4.68405,-3.2540503,-3.8140502
0.18594971,0.9259497,1.6259497,0.2259497,-0.17405029,-8.24405,-9.40405,-8.00405,-2.8740504,-0.07405029,2.2759497,0.8259497,3.1259496,0.8459497,-0.4840503,-3.7740502,-4.9240503,-3.9640503,-4.0140505,-3.5440502,-4.4240503,-2.3540504,-5.1740503,-4.6740503,2.1259496,-2.4340503,-2.9440503,-3.3140502,-1.2240503,1.3159497,1.2459497,-1.2640502,-1.8440503,-2.8940504,-1.1040503,-0.25405028,3.2259498,2.6559496,1.6759497,-0.10405029,-2.9440503,-5.4640503,0.3159497
-0.25405028,-1.6140503,3.8759496,0.055949707,-4.91405,-7.62405,-10.064051,-7.9040504,-9.45405,-8.7240505,2.3259497,-2.9440503,-3.8340502,-1.4940503,-1.2540503,-3.4040504,-6.60405,-5.3240504,-4.45405,-1.4740503,-4.04405,-4.1540504,-3.9740503,-5.1140504,-0.20405029,2.4059496,-1.8540503,-1.4940503,-4.33405,-1.2440503,-0.86405027,0.085949704,3.0459497,2.9859498,1.9059497,-0.07405029,-3.4740503,-2.5840502,-0.2440503,-4.06405,-4.2440505,-3.1540504,0.8259497
0.5259497,0.8259497,0.4059497,-1.2640502,-5.1140504,-7.2140503,-10.07405,-8.84405,-10.064051,-10.5140505,-8.564051,-5.6340504,-7.9640503,-8.934051,-7.8840504,-2.2540503,-5.04405,-6.4040504,-4.37405,-2.5540502,-1.0540503,-2.3440504,-3.3240502,-4.35405,-2.4540503,-2.0340502,2.0659497,1.6359497,0.8959497,2.2759497,0.115949705,2.8259497,3.7959497,0.4359497,1.9459497,-0.4940503,-0.86405027,3.8159497,3.4159498,1.4459497,0.20594971,-0.9540503,1.3559498
-1.4040504,-2.2440503,0.2959497,-0.2240503,-3.3540504,-6.1740503,-7.0340505,-8.4740505,-8.66405,-8.70405,-8.54405,-9.19405,-0.15405029,-3.8840504,-5.06405,-7.7640505,-8.16405,-5.39405,-6.31405,-3.8240502,-0.9440503,-1.8440503,0.06594971,0.04594971,1.5159497,-0.6640503,-2.0540502,-0.4040503,1.4059497,-2.4540503,1.6459497,1.2959497,0.2959497,-4.58405,-1.2740502,1.8759497,-0.094050296,-3.8040502,-1.2340503,2.0159497,2.0259497,1.8859497,1.6259497
3.0159497,2.8459496,1.8059497,0.085949704,-2.9340503,-3.6440504,-5.2240505,-3.5340502,-5.29405,-5.5940504,-7.5340505,-8.104051,-8.40405,-5.8240504,-5.7140503,-4.9040504,-7.8640504,-7.4740505,-5.9440503,-3.4940503,0.5659497,-3.0540502,0.4859497,-1.1140503,0.4459497,2.5959496,1.2259498,0.9259497,1.3759497,-0.44405028,-3.0040503,-1.7540503,0.8659497,1.9659497,1.6559497,2.4359498,-0.9040503,-2.9840503,-3.1140504,2.7659497,2.7559497,0.8559497,-3.0440502
-2.2640502,-3.2940502,-4.0340505,0.9959497,-1.3340503,-3.6040504,-2.8740504,-5.7440505,-1.7240503,-4.5540504,-6.18405,-7.0140505,-5.41405,-0.5140503,-3.9840503,-4.9840503,-10.57405,-3.8440504,-3.7640502,-4.83405,0.5959497,3.5859497,2.7859497,3.1959498,1.6659497,1.2059497,3.2659497,4.2759495,3.3159497,0.7459497,0.15594971,-1.9840503,0.4459497,-0.23405029,2.8259497,3.3659496,3.1159496,1.6959497,3.4859498,1.0659497,-1.9640503,-0.5240503,-1.3240503
0.8059497,-0.6240503,-0.2440503,-3.9440503,-4.2340503,-3.3140502,-3.5040503,-5.3640504,1.4159497,-2.2940502,-2.8140502,-6.9640503,-7.7140503,-0.3940503,0.2459497,-4.0340505,-6.14405,-5.4240503,-3.7140503,-8.03405,-2.8440504,-1.0640503,0.5159497,1.0259497,1.6459497,1.8059497,-0.15405029,-2.3840504,3.7659497,3.1059496,0.0059497072,-0.9640503,-0.7840503,0.115949705,0.2959497,0.20594971,-0.6640503,-1.7840503,-3.6140504,-2.2440503,-1.9440503,-2.9240503,-2.1440504
-3.9140503,-3.4940503,-2.4440503,-0.5040503,-5.0140505,-6.45405,-6.60405,-3.9240503,-5.89405,0.6059497,-1.4040504,-5.5540504,-6.16405,-3.9440503,-4.93405,-2.6340504,-2.4140503,-3.8240502,-4.0040503,-5.8040504,-1.5940503,-1.4640503,-0.5440503,-2.9840503,-2.6140504,2.2459497,0.7159497,0.10594971,0.4359497,1.6959497,0.4059497,-0.86405027,-0.80405027,-0.4240503,-2.3340502,-1.8540503,0.5959497,1.0559497,0.4659497,0.6459497,0.5659497,2.3159497,-2.0640502
-3.3740504,-5.31405,-3.6040504,-3.8240502,-3.7440503,-3.7540503,-6.2340503,-6.8640504,-4.8040504,-5.7240505,-7.85405,-0.3140503,-4.4440503,-6.4240503,-4.4740505,-3.4840503,-1.4340503,-1.4840503,-5.35405,-6.58405,-1.4640503,3.5459497,1.4359497,-1.7740502,1.3359497,-0.5140503,-1.3240503,2.3759496,1.1359497,2.9159498,1.9659497,1.1859497,0.5959497,1.0859497,0.4659497,4.0759497,2.8259497,0.9859497,-2.8440504,-0.4240503,0.39594972,-1.1040503,-2.7940502
-0.5340503,-3.8740504,-4.5040503,-3.1440504,-3.7840502,-3.7640502,-4.27405,-4.60405,-5.70405,-5.2140503,-5.2440505,-6.2240505,-7.70405,-3.9440503,-3.4740503,-3.0940504,-4.6140504,-2.9840503,-2.4040504,0.09594971,-3.6340504,0.3159497,2.8659496,2.9259498,2.3659496,-0.7540503,2.0259497,1.8859497,-0.5440503,3.0059497,1.0759497,1.6159497,0.9559497,-1.5340503,-1.2340503,0.9559497,2.4959497,1.6459497,0.30594972,-3.1240504,-1.4140503,1.8959497,2.6259496
-1.6540504,-2.6340504,-2.0040503,-3.3840504,-3.0840502,-3.7340503,-3.7440503,-3.9240503,-4.7240505,-4.3440504,-4.2140503,-6.5140505,-3.7140503,-0.04405029,-2.3740504,-2.5440502,-5.4940505,-7.14405,-7.27405,-7.5540504,-5.83405,-6.85405,-2.8640504,4.12595,3.1159496,0.39594972,1.0759497,2.7459497,1.1259497,3.0659497,-2.3840504,2.5459497,2.5559497,-0.23405029,-1.6440502,1.0659497,1.7559497,1.4459497,0.9359497,2.4359498,1.2259498,1.3959497,-0.3440503
-0.55405027,-1.9540503,0.04594971,-1.9840503,-2.4040504,-3.2840502,-3.5140502,-3.4540503,-3.5140502,-3.9140503,-5.83405,-6.77405,-2.7040503,-5.08405,-3.7440503,-4.14405,-5.5140505,-7.1140504,-8.024051,-9.13405,-8.90405,-8.33405,-8.29405,0.9659497,1.4659497,-0.08405029,-0.004050293,-1.2540503,2.7059498,-0.3740503,-1.4340503,-1.7040503,2.3259497,0.5759497,-0.4540503,-0.2640503,-0.9540503,-0.8440503,1.6759497,3.1459496,2.5259497,2.9559498,1.4859498
0.4459497,-1.5040503,-0.034050293,0.09594971,-2.1740503,-2.0140502,-2.8440504,-2.4640503,-2.6640503,-3.9540503,-4.4740505,-4.56405,-2.6640503,-2.2440503,-4.4740505,-5.1340504,-5.7240505,-6.0540504,-7.18405,-7.0540504,-7.6940503,-8.274051,-8.54405,-2.1540504,0.6859497,0.9259497,-2.0340502,-1.9840503,-0.3740503,-0.8240503,-1.3340503,-1.9040504,-0.8840503,0.085949704,0.8459497,0.2459497,-0.8940503,-0.9040503,-0.5140503,0.50594974,-0.9140503,0.6559497,1.2759497
0.8559497,0.69594973,-0.3740503,1.4059497,-1.0140502,-2.3940504,-1.6640503,-2.2040503,-2.2340503,-2.9640503,-2.6640503,-2.9940503,-0.9340503,-1.1240503,-2.8340502,-3.3440504,-3.8740504,-5.7540503,-6.2240505,-6.87405,-6.89405,-6.70405,-7.68405,-4.2240505,-2.9640503,3.2759497,1.4959497,-0.23405029,-1.1640503,-3.6040504,-1.7740502,2.8159497,2.7959497,1.6859497,-0.4040503,2.4359498,1.0759497,-0.2240503,-1.5940503,0.27594972,-0.5140503,-0.3940503,-0.38405028
1.0059497,-0.04405029,0.10594971,0.8559497,1.3359497,-0.10405029,-1.4840503,-1.3840503,-1.3140503,-0.9640503,-2.1640503,-2.8640504,-1.4840503,-1.6140503,-0.07405029,-1.1240503,-3.7040503,-4.4840503,-5.2540503,-6.52405,-6.70405,-6.1140504,-5.4840503,-5.81405,-1.0940503,-1.2340503,2.0059497,1.1359497,-4.8440504,-1.1440502,0.035949707,-0.034050293,-2.4240503,-1.1540504,0.4659497,1.9959497,2.6459496,0.63594973,-0.024050293,0.2559497,0.49594972,-0.80405027,0.4259497
