wind_kz.json
{"header": {"discipline":0,"disciplineName":"Meteorological products","gribEdition":2,"gribLength":871,"center":7,"centerName":"US National Weather Service - NCEP(WMC)","subcenter":0,"refTime":"2023-09-10T00:00:00.000Z","significanceOfRT":1,"significanceOfRTName":"Start of forecast","productStatus":0,"productStatusName":"Operational products","productType":1,"productTypeName":"Forecast products","productDefinitionTemplate":0,"productDefinitionTemplateName":"Analysis/forecast at horizontal level/layer at a point in time","parameterCategory":0,"parameterCategoryName":"UnknownDiscipline_0_Category_0","parameterNumber":0,"parameterNumberName":"UnknownParameter_D0_C0_0","parameterUnit":"Unknown","genProcessType":2,"genProcessTypeName":"Forecast","forecastTime":240,"surface1Type":1,"surface1TypeName":"Ground or water surface","surface1Value":0.0,"surface2Type":255,"surface2TypeName":"Missing","surface2Value":0.0,"gridDefinitionTemplate":0,"gridDefinitionTemplateName":"Latitude_Longitude","numberPoints":615,"shape":6,"shapeName":"Earth spherical with radius of 6,371,229.0 m","gridUnits":"degrees","resolution":48,"winds":"true","scanMode":64,"nx":41,"ny":15,"basicAngle":0,"lo1":47.0,"la1":41.0,"lo2":87.0,"la2":55.0,"dx":1.0,"dy":1.0}, "data":
[rows 0 to 14 of 15, columns 0 to 40 of 41]
286.367,278.067,282.867,296.867,296.767,295.767,291.167,290.46698,288.867,290.067,291.46698,290.46698,288.46698,288.167,287.267,285.767,286.367,286.867,285.96698,291.167,288.567,291.367,283.867,281.367,284.167,287.46698,284.46698,272.46698,272.767,274.96698,274.667,276.167,284.367,289.667,289.46698,288.667,288.367,289.267,289.067,288.767,287.96698
267.96698,283.267,296.167,296.367,296.367,294.46698,288.367,287.667,287.167,287.367,287.867,287.567,286.067,285.067,286.367,286.46698,285.667,285.567,284.067,287.167,290.367,287.267,289.867,281.96698,274.867,273.567,280.567,273.667,272.46698,271.267,275.867,271.367,277.067,256.667,273.46698,286.667,285.167,286.96698,289.367,282.96698,283.867
285.167,295.867,296.567,296.167,294.067,288.767,288.167,287.267,286.667,287.267,286.067,285.96698,285.367,286.167,288.167,287.267,286.867,283.267,284.567,289.867,287.167,290.46698,289.567,283.267,290.567,285.96698,285.067,283.867,281.96698,275.667,271.067,271.567,275.267,276.167,278.367,278.767,273.567,273.567,275.167,271.267,271.667
288.267,295.067,295.96698,294.96698,291.46698,287.267,288.96698,287.267,286.46698,286.46698,287.067,286.267,292.667,291.96698,289.767,287.46698,290.367,289.667,290.867,287.96698,288.46698,281.46698,289.567,288.367,289.46698,289.167,289.667,287.96698,286.067,287.267,288.667,286.867,289.867,287.96698,285.167,281.167,272.367,270.767,274.96698,281.867,284.96698
289.46698,292.867,294.067,292.46698,290.46698,287.867,289.067,288.367,287.96698,287.067,286.96698,286.167,291.667,290.367,288.96698,288.267,290.067,288.96698,288.167,291.367,292.067,292.067,289.567,290.667,290.167,290.067,289.667,290.167,289.367,289.667,290.867,287.567,278.867,268.96698,279.367,288.267,290.96698,291.667,291.367,291.567,290.96698
287.667,285.46698,291.867,291.367,292.067,290.96698,288.867,290.46698,288.867,287.667,287.367,286.96698,290.667,291.667,289.767,287.667,289.167,290.067,289.767,291.267,290.46698,289.267,290.167,290.067,287.767,287.46698,287.767,289.667,287.067,287.267,286.067,287.267,286.267,286.167,287.067,289.567,282.167,282.767,287.96698,289.767,288.767
285.667,283.067,285.867,288.567,291.167,288.667,288.767,288.667,289.567,289.167,287.267,286.46698,286.567,285.96698,286.267,286.867,286.96698,287.867,289.567,287.167,288.667,290.067,288.167,288.567,287.567,286.767,285.567,286.067,287.667,287.167,284.267,284.46698,285.267,286.567,284.867,285.167,282.867,278.46698,275.96698,275.067,284.067
286.367,283.867,286.167,287.267,289.867,289.867,288.767,291.567,289.96698,287.067,286.667,285.367,284.567,285.167,285.867,285.867,287.267,286.767,289.46698,285.867,284.767,285.567,286.96698,286.96698,286.567,282.067,283.46698,281.667,280.567,283.46698,282.167,281.667,282.067,280.667,281.46698,283.067,284.867,288.567,282.867,281.96698,278.867
286.567,283.867,284.867,285.367,288.167,288.96698,286.167,291.567,290.367,288.167,285.767,284.567,283.96698,283.96698,283.567,284.367,284.167,285.867,284.667,284.567,282.46698,282.46698,283.067,283.167,284.267,283.367,279.767,279.167,278.267,277.96698,278.767,279.267,281.667,281.267,279.867,278.167,279.46698,278.267,268.367,269.367,268.167
286.067,286.267,284.267,284.267,285.667,286.367,286.96698,287.167,286.567,284.46698,282.46698,282.067,281.567,281.567,281.46698,281.867,282.667,283.067,285.667,283.96698,282.567,284.867,283.167,282.567,282.167,284.267,280.167,279.067,278.367,277.867,277.267,279.867,284.267,284.267,280.067,278.367,276.46698,274.567,270.267,268.367,268.067
286.267,285.567,284.867,283.46698,284.367,284.46698,284.96698,284.267,283.867,282.567,281.367,280.267,281.067,279.667,279.567,279.667,280.46698,281.567,282.96698,282.067,282.667,283.867,283.96698,284.96698,284.567,284.46698,281.667,279.267,279.46698,280.067,280.367,280.367,279.96698,281.067,282.96698,279.367,277.567,271.767,272.067,276.267,269.867
285.667,286.167,285.867,284.567,283.567,283.667,281.667,281.567,281.267,280.667,278.067,279.067,280.767,279.267,278.767,278.667,278.867,279.167,281.267,280.96698,280.667,282.667,282.567,282.367,282.267,282.167,281.767,282.96698,283.46698,283.167,282.267,279.567,283.167,279.46698,282.46698,282.567,282.96698,282.167,281.167,277.767,276.067
289.567,289.067,288.567,287.667,286.267,284.067,281.867,281.367,279.767,279.367,277.767,275.96698,278.96698,278.367,278.46698,278.46698,278.367,277.867,278.667,278.167,278.767,280.667,280.367,280.767,282.067,283.46698,283.867,283.567,283.267,282.167,282.267,281.567,282.767,283.367,282.267,281.667,282.367,282.867,280.367,278.667,277.267
289.46698,289.367,288.267,288.867,288.067,286.46698,283.46698,283.067,281.067,279.567,278.96698,276.767,276.767,278.667,278.96698,279.46698,278.567,277.267,276.867,276.567,276.46698,275.867,276.267,276.367,277.267,278.067,277.46698,278.067,277.867,278.167,278.567,279.667,281.46698,281.367,281.667,280.96698,281.567,281.067,281.267,280.667,281.46698
286.367,287.167,287.867,286.567,286.267,287.567,286.667,285.167,282.567,280.267,279.767,277.867,278.267,277.567,278.767,278.867,278.667,277.867,276.767,276.567,276.567,275.96698,275.167,274.96698,275.167,275.567,275.067,275.46698,275.067,275.867,280.867,282.167,280.767,280.867,280.667,280.767,281.167,279.767,278.267,280.367,278.46698
