wind.json
{"header": {"discipline":0,"disciplineName":"Meteorological products","gribEdition":2,"gribLength":1039,"center":7,"centerName":"US National Weather Service - NCEP(WMC)","subcenter":0,"refTime":"2023-07-01T12:00:00.000Z","significanceOfRT":1,"significanceOfRTName":"Start of forecast","productStatus":0,"productStatusName":"Operational products","productType":1,"productTypeName":"Forecast products","productDefinitionTemplate":0,"productDefinitionTemplateName":"Analysis/forecast at horizontal level/layer at a point in time","parameterCategory":0,"parameterCategoryName":"UnknownDiscipline_0_Category_0","parameterNumber":0,"parameterNumberName":"UnknownParameter_D0_C0_0","parameterUnit":"Unknown","genProcessType":2,"genProcessTypeName":"Forecast","forecastTime":240,"surface1Type":1,"surface1TypeName":"Ground or water surface","surface1Value":0.0,"surface2Type":255,"surface2TypeName":"Missing","surface2Value":0.0,"gridDefinitionTemplate":0,"gridDefinitionTemplateName":"Latitude_Longitude","numberPoints":688,"shape":6,"shapeName":"Earth spherical with radius of 6,371,229.0 m","gridUnits":"degrees","resolution":48,"winds":"true","scanMode":64,"nx":43,"ny":16,"basicAngle":0,"lo1":45.0,"la1":40.0,"lo2":87.0,"la2":55.0,"dx":1.0,"dy":1.0}, "data":
[rows 0 to 15 of 16, columns 0 to 42 of 43]
303.79022,295.99023,319.69025,324.39023,320.99023,298.79022,297.89023,296.49023,323.19025,330.69025,331.49023,329.39023,332.89023,329.19025,325.79022,322.89023,321.39023,320.79022,320.89023,321.59024,318.49023,317.39023,317.19025,317.69025,314.69025,311.09024,311.59024,299.39023,290.19025,290.69025,300.29022,312.69025,313.19025,315.79022,318.59024,317.89023,318.89023,316.89023,317.69025,316.19025,314.29022,314.69025,313.69025
303.79022,324.19025,323.79022,306.29022,310.39023,297.69025,297.39023,295.79022,314.29022,330.39023,329.29022,331.19025,330.29022,328.99023,325.29022,323.59024,321.89023,321.59024,320.99023,320.29022,322.69025,321.19025,322.19025,317.49023,317.09024,312.99023,315.89023,318.79022,313.59024,291.99023,293.19025,292.19025,292.59024,297.19025,307.19025,316.19025,317.99023,316.39023,315.99023,315.59024,315.69025,316.29022,314.79022
307.39023,300.19025,293.59024,305.69025,297.69025,297.69025,297.49023,294.59024,325.59024,326.49023,327.09024,327.39023,329.89023,328.29022,325.89023,321.39023,322.39023,321.99023,321.79022,321.99023,320.29022,323.49023,319.79022,318.29022,317.49023,307.09024,293.79022,293.89023,303.09024,293.79022,294.79022,288.79022,290.79022,286.39023,293.29022,269.59024,293.39023,306.79022,304.69025,307.29022,311.29022,297.59024,285.59024
292.69025,298.29022,307.39023,297.79022,297.69025,297.89023,296.89023,321.79022,324.29022,325.09024,323.59024,322.59024,322.89023,327.09024,322.29022,322.29022,322.89023,321.89023,321.19025,320.29022,319.99023,320.59024,322.49023,315.29022,315.99023,308.89023,313.49023,312.09024,311.99023,307.29022,309.49023,292.29022,287.79022,288.69025,293.69025,295.09024,298.19025,296.49023,287.49023,289.09024,289.79022,284.79022,284.79022
310.89023,319.49023,316.79022,298.79022,298.79022,298.19025,303.29022,319.69025,320.49023,321.79022,323.09024,316.19025,319.99023,322.39023,295.89023,298.19025,319.99023,324.39023,321.29022,321.69025,320.29022,319.29022,314.59024,311.59024,315.99023,315.19025,314.29022,313.49023,309.69025,310.09024,308.39023,308.79022,309.49023,307.59024,311.29022,309.99023,309.69025,303.49023,288.89023,289.29022,286.79022,301.09024,303.79022
316.69025,313.99023,319.39023,300.19025,299.39023,300.19025,308.19025,317.19025,318.29022,321.79022,320.49023,318.79022,323.49023,312.79022,296.59024,296.99023,295.29022,323.29022,323.79022,319.09024,316.19025,318.39023,318.39023,318.09024,315.99023,313.49023,313.89023,312.99023,310.09024,305.19025,310.59024,309.19025,310.89023,307.99023,292.79022,286.59024,294.49023,304.49023,304.49023,312.59024,313.09024,309.49023,308.09024
314.79022,317.69025,316.49023,314.89023,299.79022,299.49023,299.39023,298.89023,318.99023,319.79022,320.39023,320.49023,319.29022,307.29022,298.19025,295.39023,304.99023,319.09024,323.29022,321.69025,320.69025,320.09024,318.29022,316.49023,315.99023,315.79022,314.89023,311.49023,309.99023,291.19025,311.39023,311.99023,309.99023,309.19025,307.89023,305.69025,300.89023,299.89023,295.29022,297.39023,311.19025,309.19025,306.99023
314.79022,317.09024,313.89023,314.69025,318.29022,316.39023,310.59024,315.89023,318.59024,317.09024,317.69025,318.69025,319.59024,312.89023,316.29022,316.79022,315.39023,318.19025,318.79022,320.79022,318.59024,317.79022,317.09024,317.19025,315.69025,315.29022,312.39023,309.69025,311.19025,313.29022,313.49023,313.29022,311.09024,311.09024,307.89023,307.09024,304.59024,300.19025,294.59024,286.79022,286.59024,289.09024,299.09024
312.09024,310.49023,314.19025,315.19025,314.89023,315.89023,315.19025,312.49023,313.59024,312.99023,312.39023,315.09024,312.69025,316.69025,316.09024,315.69025,317.39023,317.59024,315.49023,318.59024,317.79022,315.79022,314.99023,315.29022,312.89023,308.09024,310.69025,306.79022,307.99023,309.49023,306.09024,308.99023,305.49023,304.69025,302.49023,299.29022,295.49023,299.99023,298.89023,289.69025,300.59024,299.19025,298.19025
295.19025,311.29022,311.19025,312.79022,313.09024,306.69025,307.09024,309.79022,306.99023,307.79022,307.99023,306.69025,309.39023,305.99023,312.39023,315.09024,313.19025,310.19025,312.09024,313.49023,314.79022,315.79022,312.09024,312.59024,312.89023,309.69025,308.69025,307.99023,302.39023,302.59024,297.99023,298.89023,299.59024,299.59024,299.89023,299.89023,296.79022,296.09024,294.89023,295.89023,284.79022,284.89023,286.59024
304.29022,307.49023,308.19025,308.69025,307.99023,306.89023,304.19025,305.59024,304.19025,303.39023,303.09024,301.29022,296.39023,293.19025,310.49023,305.09024,309.19025,308.89023,306.89023,312.09024,311.79022,312.79022,311.19025,310.59024,312.09024,310.09024,308.49023,305.69025,304.29022,303.79022,300.99023,297.69025,301.09024,301.29022,302.89023,303.09024,300.29022,297.39023,292.39023,290.09024,289.39023,287.79022,281.59024
296.29022,295.79022,300.39023,297.59024,297.39023,293.49023,293.19025,302.59024,300.99023,296.29022,290.39023,293.09024,297.69025,305.09024,304.09024,300.29022,305.19025,301.19025,306.39023,310.19025,304.19025,305.79022,309.59024,311.09024,307.89023,306.59024,304.99023,302.89023,299.79022,306.89023,305.29022,306.39023,306.39023,305.99023,304.19025,303.59024,300.89023,297.59024,292.09024,287.09024,289.49023,286.49023,285.99023
295.19025,296.99023,298.99023,296.19025,296.89023,301.49023,295.19025,290.99023,294.19025,290.09024,289.19025,288.69025,290.69025,301.09024,301.89023,298.69025,301.19025,300.79022,298.69025,306.69025,302.59024,302.59024,304.09024,304.09024,304.99023,305.59024,303.99023,305.49023,307.69025,309.39023,308.69025,307.39023,305.09024,304.59024,303.09024,301.29022,300.79022,300.89023,297.99023,294.59024,293.79022,290.29022,288.29022
291.09024,291.69025,293.09024,293.69025,295.99023,295.19025,295.99023,293.79022,293.79022,293.19025,290.19025,287.79022,286.59024,288.29022,294.49023,295.59024,298.29022,298.49023,296.79022,301.79022,302.29022,300.49023,302.29022,302.29022,301.59024,302.09024,306.49023,309.39023,311.49023,308.39023,306.09024,304.69025,305.99023,304.09024,301.69025,301.59024,301.79022,300.19025,295.79022,294.19025,295.19025,293.99023,291.59024
293.09024,294.49023,295.49023,298.39023,295.39023,299.29022,298.29022,294.19025,291.59024,291.89023,290.49023,289.89023,286.89023,285.99023,287.39023,289.99023,290.69025,292.29022,292.29022,294.39023,299.19025,300.99023,300.09024,301.59024,302.19025,302.99023,304.09024,306.29022,305.59024,304.69025,303.29022,304.89023,305.19025,301.49023,303.89023,302.39023,301.29022,298.89023,297.89023,296.19025,297.69025,294.09024,294.79022
294.69025,294.99023,295.59024,296.79022,292.19025,298.19025,298.49023,297.29022,296.19025,294.59024,293.39023,291.89023,290.89023,289.29022,286.69025,286.69025,288.79022,289.59024,291.99023,292.29022,294.49023,295.39023,297.99023,298.79022,300.99023,302.39023,301.49023,303.99023,303.99023,304.39023,303.09024,302.89023,299.19025,294.99023,302.29022,301.39023,301.49023,301.09024,298.89023,295.89023,298.49023,298.79022,297.79022
