wind_kz.json
{"header": {"discipline":0,"disciplineName":"Meteorological products","gribEdition":2,"gribLength":1025,"center":7,"centerName":"US National Weather Service - NCEP(WMC)","subcenter":0,"refTime":"2024-02-01T00:00:00.000Z","significanceOfRT":1,"significanceOfRTName":"Start of forecast","productStatus":0,"productStatusName":"Operational products","productType":1,"productTypeName":"Forecast products","productDefinitionTemplate":0,"productDefinitionTemplateName":"Analysis/forecast at horizontal level/layer at a point in time","parameterCategory":2,"parameterCategoryName":"UnknownDiscipline_0_Category_2","parameterNumber":3,"parameterNumberName":"UnknownParameter_D0_C2_3","parameterUnit":"Unknown","genProcessType":2,"genProcessTypeName":"Forecast","forecastTime":0,"surface1Type":103,"surface1TypeName":"Specified height level above ground","surface1Value":10.0,"surface2Type":255,"surface2TypeName":"Missing","surface2Value":0.0,"gridDefinitionTemplate":0,"gridDefinitionTemplateName":"Latitude_Longitude","numberPoints":615,"shape":6,"shapeName":"Earth spherical with radius of 6,371,229.0 m","gridUnits":"degrees","resolution":48,"winds":"true","scanMode":64,"nx":41,"ny":15,"basicAngle":0,"lo1":47.0,"la1":41.0,"lo2":87.0,"la2":55.0,"dx":1.0,"dy":1.0}, "data":
[rows 0 to 14 of 15, columns 0 to 40 of 41]
-0.6958008,-1.6758008,1.1641992,-0.06580078,-4.3358006,-5.445801,-2.8758008,-1.2058008,-0.5458008,-1.1258007,-1.0258008,-1.1058007,0.13419922,1.5541992,2.4341993,3.0441992,3.8841991,2.8341992,4.9941993,4.9941993,1.2341992,1.1341993,2.2941992,-0.19580078,-1.6458008,-0.83580077,-1.3058008,0.90419924,2.6941993,2.0541992,-1.1858008,-1.6858008,1.1441993,1.4741992,-0.05580078,0.60419923,0.59419924,1.5541992,-0.23580079,-2.4358008,0.2541992
1.7441993,1.8041992,2.6941993,-2.9658008,-3.3958008,-3.2358007,-2.9658008,-1.5658008,-1.5958008,-1.9358008,-1.5458008,-1.5958008,-1.0058007,-0.8558008,-0.59580076,3.0641992,4.1641994,4.7241993,3.6441991,5.284199,4.884199,3.7341993,2.3441992,3.3941991,2.0041993,2.7541993,-1.3158008,2.1541991,0.85419923,1.8141992,6.524199,5.194199,-0.58580077,-0.36580077,-3.1358008,-1.3758007,-0.5658008,-2.1558008,-2.1058009,-2.1858008,-0.3458008
1.1841992,1.8741993,-0.26580077,-1.3358008,-2.0358007,-2.585801,-1.6758008,-1.7858008,-1.4758008,-1.9158008,-0.64580077,-2.4858007,-2.7658007,-1.6558008,0.71419924,2.5141993,2.7741992,3.0441992,5.2441993,5.274199,5.594199,4.4741993,3.9041991,4.754199,2.4041991,2.5041993,1.7441993,0.7341992,-0.4658008,1.5741992,5.5841994,2.8141992,2.7241993,-1.2758008,-0.12580079,0.9241992,4.254199,0.08419922,0.48419923,-1.6458008,-1.1258007
1.4541992,1.6241993,0.5041992,-0.12580079,-1.3958008,-0.42580077,-0.0058007813,-0.72580075,-0.5558008,-0.9458008,-1.5358008,-1.3258008,-4.445801,-4.7558007,-0.59580076,4.1241994,5.4341993,5.634199,6.074199,6.1241994,6.544199,11.2741995,0.23419923,5.534199,4.0841994,2.2641993,3.664199,-1.2958008,1.9241992,2.2141993,-0.7058008,-1.1858008,-0.89580077,-0.08580078,-0.8658008,-3.0458007,-2.2358007,0.42419922,1.3441992,0.8341992,2.1241992
1.8741993,1.3941993,1.0241992,0.35419923,-0.03580078,-0.4358008,-0.21580078,0.35419923,-1.6258007,-1.9358008,-2.575801,-3.3858008,-6.2758007,-6.155801,-4.095801,-1.3358008,1.4641992,5.0841994,7.344199,7.484199,7.984199,6.254199,5.614199,5.6041994,5.7641993,5.024199,5.594199,4.034199,2.7341993,2.414199,1.4641992,1.0441992,1.7541993,3.2441993,-1.3058008,0.05419922,0.17419922,-0.6058008,-1.1858008,0.5141992,1.0541992
1.7141992,1.3341992,0.9541992,0.014199219,0.23419923,-0.38580078,-0.8858008,-1.8958008,-1.5358008,-2.335801,-2.2058008,-1.4058008,-5.515801,-6.205801,-2.585801,-0.9958008,0.52419925,2.1241992,6.784199,9.1542,8.8642,7.8341994,7.5141993,7.534199,7.794199,8.094199,8.034199,5.824199,3.5541992,4.2241993,3.1041992,1.0841992,1.4241992,0.07419922,1.5941992,0.7041992,2.8941991,1.4141992,-0.78580076,-1.7958008,0.15419921
2.7641993,1.9041992,1.1741992,0.044199217,-0.015800782,-0.72580075,-1.3858008,-1.2258008,-1.7258008,-1.6158007,-2.2058008,-2.2558007,-3.6358008,-4.5658007,-5.425801,-2.7258008,-1.0858008,-0.3158008,0.8341992,8.4842,9.8242,8.9042,8.054199,7.674199,7.6241994,7.654199,6.034199,5.404199,4.0841994,3.7541993,2.7441993,0.6141992,1.0041993,1.8141992,0.5441992,-0.7658008,-1.7958008,1.0641992,-0.8258008,-1.1158007,1.4441992
2.9841993,2.3541992,1.4741992,0.5141992,-0.17580079,-1.0158008,-1.6558008,-0.89580077,-1.5158008,-2.835801,-2.2258008,-4.635801,-5.7358007,-5.095801,-5.595801,-4.7758007,-3.1358008,1.1141992,2.424199,8.634199,8.174199,8.294199,7.8141994,8.214199,7.844199,7.8341994,8.2342,6.214199,3.4341993,3.5941992,1.8041992,2.9541993,2.2741992,2.7941992,2.8141992,0.5441992,-0.35580078,1.0441992,-0.9258008,0.8841992,-0.5658008
3.0441992,2.2641993,1.5441992,0.6241992,0.05419922,-0.45580077,-1.2458007,-0.9558008,-1.6058007,-2.2258008,-3.6958008,-7.0858006,-5.655801,-5.725801,-6.325801,-7.175801,-5.445801,-2.4058008,-1.2358007,7.574199,5.1041994,7.254199,7.5141993,7.7241993,8.1142,8.424199,6.714199,8.004199,5.384199,3.8841991,6.3141994,6.6041994,7.6441994,6.464199,4.6841993,2.9341993,-0.05580078,1.0541992,1.8241992,1.3841993,-1.6158007
2.0741992,1.6541992,1.4741992,0.84419924,0.33419922,-0.13580078,-1.2258008,-0.7958008,-1.4258008,-0.6858008,-2.4758008,-3.2658007,-2.4358008,-5.115801,-5.3558006,-6.655801,-5.945801,-4.2758007,-0.2758008,1.5941992,1.0541992,3.6441991,5.094199,6.2641993,6.674199,8.094199,7.6641994,6.5841994,5.484199,5.784199,5.7041993,5.054199,5.6241994,5.324199,3.8341992,2.414199,1.6841992,0.5441992,1.8441992,3.8541992,3.7541993
2.3141992,1.6341993,0.77419925,0.38419923,0.3741992,0.30419922,-0.13580078,-0.64580077,-0.26580077,-2.0658007,-0.9458008,-0.12580079,-2.7558007,-3.4558008,-4.475801,-5.5458007,-5.5858006,-5.575801,-1.2158008,-0.25580078,0.9541992,3.424199,4.114199,5.464199,5.7641993,6.364199,5.614199,4.924199,3.8841991,2.914199,3.9041991,3.1941993,3.5041993,3.8641992,6.054199,5.194199,3.2841992,2.6441991,2.2141993,1.8441992,0.20419922
1.1341993,1.6941992,1.5841992,1.2241992,-0.09580078,-0.11580078,-1.1458008,-0.9958008,-1.3658007,-1.5658008,-1.4258008,-1.3058008,-2.3158007,-2.2958007,-3.2358007,-2.9958007,-4.3558006,-3.7758007,-2.1658008,-1.7858008,0.39419922,-0.09580078,0.41419923,0.7541992,2.1341991,2.2241993,2.8341992,3.8041992,3.674199,3.3641992,3.3841991,3.4741993,3.4041991,3.7941992,4.7241993,6.7441993,4.754199,2.2841992,1.7141992,1.6541992,0.48419923
1.5041993,1.8441992,0.84419924,1.0341992,0.6841992,0.104199216,0.12419922,1.2441993,-0.6958008,-0.015800782,-0.5758008,-0.90580076,-1.5958008,-2.9858007,-1.8258008,-2.5058007,-1.5258008,-1.6358008,-2.5058007,-0.32580078,0.35419923,0.9841992,1.3541992,2.0041993,2.9741993,3.4541993,3.3541992,3.1841993,3.3241992,3.5041993,3.5741992,3.3641992,3.1241992,4.194199,5.6841993,6.4141994,5.1041994,2.5541992,2.7541993,0.07419922,0.19419922
1.6741992,1.9041992,0.6341992,0.91419923,0.39419922,0.59419924,0.4341992,1.5341992,0.7641992,0.17419922,1.1141992,-0.6658008,-1.1758008,-0.6758008,-1.6658008,-1.2358007,-1.1558008,-0.5558008,-0.8758008,-0.9358008,-0.7658008,-0.4358008,-0.84580076,-1.0458008,-0.32580078,1.7241992,1.8041992,2.3641992,2.5941992,2.8041992,2.7041993,2.7441993,3.164199,3.3341992,1.8841993,3.3841991,3.2641993,2.2741992,1.5641992,1.0141993,1.1041992
1.8041992,1.8041992,1.7341992,1.7341992,1.1841992,1.7841992,1.1841992,1.7241992,1.2141992,0.22419922,0.29419923,1.0741992,1.5841992,-0.8058008,-1.9658008,-1.2558007,-0.52580076,-0.18580078,0.12419922,0.59419924,-0.11580078,-0.16580078,-0.64580077,0.4041992,0.7341992,1.1241993,2.1141992,1.5741992,1.9241992,1.8741993,1.8441992,2.0841992,2.1341991,1.8841993,1.9341992,2.2341993,2.4841993,1.6241993,1.5941992,1.1941992,0.24419922
