wind_kz.json
[{"header":{"discipline":0,"disciplineName":"Meteorological products","gribEdition":2,"gribLength":948,"center":7,"centerName":"US National Weather Service - NCEP(WMC)","subcenter":0,"refTime":"2023-09-06T18:00:00.000Z","significanceOfRT":1,"significanceOfRTName":"Start of forecast","productStatus":0,"productStatusName":"Operational products","productType":1,"productTypeName":"Forecast products","productDefinitionTemplate":0,"productDefinitionTemplateName":"Analysis/forecast at horizontal level/layer at a point in time","parameterCategory":0,"parameterCategoryName":"UnknownDiscipline_0_Category_0","parameterNumber":0,"parameterNumberName":"UnknownParameter_D0_C0_0","parameterUnit":"Unknown","genProcessType":2,"genProcessTypeName":"Forecast","forecastTime":180,"surface1Type":1,"surface1TypeName":"Ground or water surface","surface1Value":0.0,"surface2Type":255,"surface2TypeName":"Missing","surface2Value":0.0,"gridDefinitionTemplate":0,"gridDefinitionTemplateName":"Latitude_Longitude","numberPoints":615,"shape":6,"shapeName":"Earth spherical with radius of 6,371,229.0 m","gridUnits":"degrees","resolution":48,"winds":"true","scanMode":64,"nx":41,"ny":15,"basicAngle":0,"lo1":47.0,"la1":41.0,"lo2":87.0,"la2":55.0,"dx":1.0,"dy":1.0},"data":[294.0,285.5,296.4,297.6,298.0,296.4,304.5,309.7,306.3,308.0,307.6,308.0,307.3,306.9,307.6,308.0,308.8,309.2,313.3,312.4,316.8,310.1,308.9,307.2,310.7,309.7,304.0,289.0,289.6,295.7,294.5,294.6,308.5,314.8,317.3,317.9,320.9,320.5,320.6,323.8,323.2,278.6,298.1,296.9,297.0,297.1,295.6,308.0,305.2,304.7,305.6,307.8,307.3,308.3,306.4,305.9,306.5,308.5,311.6,311.6,313.3,310.2,310.8,306.4,299.7,291.8,292.8,304.3,299.2,300.6,285.9,298.2,288.3,296.2,272.0,294.8,302.9,304.9,318.7,321.0,311.1,285.0,298.6,296.3,297.2,297.0,294.6,301.5,302.2,303.2,303.4,303.8,302.5,306.0,306.9,308.0,307.8,309.7,309.6,309.7,310.5,311.9,309.2,308.3,307.7,301.0,307.9,305.7,307.0,306.7,305.7,298.3,281.8,279.9,283.6,295.5,296.4,294.2,281.1,286.6,288.4,288.1,293.5,301.3,295.9,297.1,296.2,295.4,298.8,299.1,298.6,299.4,302.4,300.9,300.2,293.5,292.9,302.3,305.3,305.0,307.5,308.3,310.0,307.2,304.8,308.0,308.3,307.5,307.2,308.6,306.5,306.8,307.5,299.5,296.9,303.9,297.3,295.7,286.7,280.7,281.0,283.5,303.1,306.6,301.7,294.6,295.5,294.2,297.3,300.8,302.0,301.8,299.7,298.9,299.9,301.9,292.7,291.6,289.8,303.3,304.0,302.4,302.5,303.1,306.1,307.0,307.7,307.4,307.2,306.1,305.2,302.2,307.0,307.5,308.0,301.6,287.4,273.0,289.5,288.5,292.6,293.4,297.8,300.8,297.5,302.6,302.7,293.5,293.2,293.2,292.9,302.0,300.7,297.8,298.8,297.9,298.7,293.4,292.7,296.3,299.0,299.8,302.2,300.5,302.5,300.9,295.7,303.9,305.5,305.6,305.0,305.8,291.6,302.0,302.4,304.1,302.0,302.1,299.8,295.8,293.2,286.7,287.5,293.1,291.6,298.6,302.7,304.8,303.5,303.6,300.0,301.8,301.1,299.8,299.9,299.1,296.9,297.8,298.0,298.2,298.0,297.0,298.1,298.4,299.7,299.2,296.2,298.9,292.7,296.2,298.8,300.7,302.7,303.5,300.4,301.1,297.8,302.4,300.7,299.4,299.7,289.1,283.4,282.5,281.3,284.7,288.6,302.0,303.3,303.1,301.2,296.4,297.2,295.6,293.6,293.6,298.2,297.2,297.0,297.9,295.8,294.8,297.4,297.8,296.5,292.5,293.3,292.0,291.1,290.2,291.4,297.8,296.3,292.0,292.2,286.4,290.4,294.8,293.7,292.5,286.4,295.3,287.1,291.7,289.4,291.7,297.4,295.4,296.4,303.2,302.7,303.2,300.9,304.7,295.0,295.1,302.6,301.9,299.8,298.3,297.1,297.3,296.8,298.5,297.6,298.9,294.3,291.2,293.3,285.5,291.0,285.0,286.3,293.0,288.7,286.0,292.7,291.6,293.3,297.0,291.3,286.1,285.7,286.8,285.8,289.4,285.4,284.5,290.7,299.7,298.9,302.6,304.0,302.1,303.8,303.6,301.9,299.9,300.0,299.9,297.7,295.7,296.6,296.6,295.5,296.5,297.1,296.1,295.2,295.0,293.1,294.9,292.6,285.7,284.2,293.1,291.6,288.9,285.2,293.6,298.4,291.3,287.6,294.1,296.5,284.2,284.4,288.3,290.8,287.8,294.6,296.5,300.6,301.3,300.5,301.0,301.7,301.4,298.5,298.2,299.0,296.2,296.9,295.1,295.2,294.9,294.9,291.9,293.4,293.7,293.5,288.4,284.5,286.6,284.0,284.6,283.3,289.7,292.8,298.0,288.4,299.8,300.9,292.3,294.3,294.7,285.6,283.7,285.2,285.9,288.7,298.8,299.3,298.7,298.5,298.4,300.0,299.2,298.6,298.0,297.0,294.9,294.2,294.0,292.6,292.6,293.9,294.3,294.3,288.7,292.3,290.8,283.8,286.7,285.9,286.9,289.1,284.7,285.2,296.5,290.3,288.8,297.2,298.9,299.3,296.8,298.1,297.7,293.6,292.2,294.0,292.6,290.6,300.2,300.0,298.3,296.3,295.8,296.7,298.1,298.1,295.1,291.3,290.1,291.6,291.2,292.4,292.3,291.2,291.2,291.9,287.2,289.5,287.6,284.7,285.1,286.3,289.0,288.4,288.8,289.2,291.0,292.1,295.2,296.6,297.7,296.8,297.0,296.9,294.2,295.9,294.8,292.9,293.6,297.2,292.8,297.5,296.8,296.2,295.9,294.0,291.0,293.1,289.7,288.8,290.9,290.4,287.9,292.3,291.6,291.5,291.8,291.1,289.9,290.6,291.3,291.0,286.6,290.0,286.3,289.9,289.2,287.8,292.8,289.9,292.7,293.5,294.7,294.8,293.6,294.4,296.2,290.0,291.3,291.8,296.4,288.9,291.5,291.0,289.1,290.3,288.7,289.8,293.2,290.6,291.4,288.8,290.0,290.3,291.9,291.6,291.3,292.2,292.1,287.0,291.0,291.7,291.6,291.8,287.5,288.4,285.1,289.1,288.8,289.9,286.4,290.1,293.5,294.6,293.6,296.6,296.2,297.4,296.5,294.6]},{"header":{"discipline":0,"disciplineName":"Meteorological products","gribEdition":2,"gribLength":1102,"center":7,"centerName":"US National Weather Service - NCEP(WMC)","subcenter":0,"refTime":"2023-09-06T18:00:00.000Z","significanceOfRT":1,"significanceOfRTName":"Start of forecast","productStatus":0,"productStatusName":"Operational products","productType":1,"productTypeName":"Forecast products","productDefinitionTemplate":0,"productDefinitionTemplateName":"Analysis/forecast at horizontal level/layer at a point in time","parameterCategory":2,"parameterCategoryName":"UnknownDiscipline_0_Category_2","parameterNumber":2,"parameterNumberName":"UnknownParameter_D0_C2_2","parameterUnit":"Unknown","genProcessType":2,"genProcessTypeName":"Forecast","forecastTime":180,"surface1Type":103,"surface1TypeName":"Specified height level above ground","surface1Value":10.0,"surface2Type":255,"surface2TypeName":"Missing","surface2Value":0.0,"gridDefinitionTemplate":0,"gridDefinitionTemplateName":"Latitude_Longitude","numberPoints":615,"shape":6,"shapeName":"Earth spherical with radius of 6,371,229.0 m","gridUnits":"degrees","resolution":48,"winds":"true","scanMode":64,"nx":41,"ny":15,"basicAngle":0,"lo1":47.0,"la1":41.0,"lo2":87.0,"la2":55.0,"dx":1.0,"dy":1.0},"data":[-1.7151581,0.31484193,-2.705158,-6.505158,-10.145158,-9.585158,-9.195158,-9.155158,-10.145158,-6.735158,-6.285158,-5.385158,-4.765158,-3.725158,-3.085158,-2.655158,-1.285158,0.07484192,-1.9551581,-1.515158,-0.16515808,0.43484193,1.854842,2.634842,1.1648419,1.1148419,3.4748418,3.834842,5.384842,3.564842,5.994842,2.624842,-0.5351581,-6.345158,-10.165158,-6.6851583,-5.535158,-5.955158,-5.515158,-4.105158,-4.925158,0.17484193,-3.585158,-3.575158,-7.9351583,-8.745158,-7.265158,-7.505158,-8.325158,-6.695158,-5.265158,-3.5651581,-3.2851582,-2.135158,-1.545158,-1.515158,-0.9351581,-0.12515809,-1.015158,-0.2951581,1.1148419,1.2748419,1.844842,2.274842,3.7248418,2.2548418,0.2748419,1.224842,4.704842,4.444842,4.974842,5.644842,9.094842,3.604842,2.104842,0.8948419,0.04484192,-0.6551581,0.15484191,0.14484192,-2.7451582,-1.8151581,-5.075158,-4.525158,-7.355158,-8.005158,-7.425158,-6.8751583,-5.835158,-4.215158,-4.315158,-3.115158,-2.085158,-0.9651581,-0.31515807,0.49484193,1.604842,2.064842,2.104842,2.854842,3.064842,2.604842,2.404842,4.004842,4.264842,6.284842,1.334842,3.164842,2.094842,1.4148419,2.2248418,0.9548419,2.404842,-0.6151581,-1.3651581,2.2548418,-2.205158,-5.585158,1.6148419,-2.125158,1.834842,-1.0651581,0.9748419,-8.535158,-9.465158,-7.865158,-6.365158,-4.6451583,-3.975158,-2.445158,-4.205158,-3.375158,-1.1051581,-0.025158081,-0.24515808,-4.385158,-3.0651581,-1.285158,-0.21515808,0.86484194,2.924842,4.304842,5.514842,4.284842,4.734842,2.024842,3.574842,4.014842,4.574842,5.5848417,6.234842,7.454842,6.544842,5.404842,3.834842,8.774842,9.924842,10.024842,4.284842,1.6748419,1.8748419,-1.2551581,1.2848419,2.094842,-7.6651583,-8.205158,-7.765158,-6.425158,-4.4151583,-3.145158,-2.425158,-1.5851581,-2.445158,-2.645158,-2.3051581,-2.845158,-2.335158,-2.0451581,-1.2451581,0.05484192,1.1648419,1.6948419,2.2148418,4.554842,5.054842,4.894842,5.234842,5.204842,5.724842,6.984842,8.414842,8.944842,9.184842,7.804842,7.054842,7.574842,1.5048419,4.164842,1.974842,2.664842,2.024842,4.234842,3.564842,2.5048418,2.764842,-4.725158,-4.075158,-4.385158,-3.575158,-3.905158,-5.825158,-4.985158,-4.455158,-3.9951582,-2.395158,-1.9551581,-2.0651581,-2.595158,-1.785158,-0.8351581,-0.035158083,0.8248419,1.964842,2.394842,3.374842,4.144842,3.064842,3.7248418,5.404842,5.654842,5.674842,6.494842,6.3148417,9.564842,10.784842,9.604842,9.5748415,9.0748415,8.244842,6.714842,-2.2451582,4.894842,5.924842,6.414842,4.754842,6.404842,-2.345158,-1.535158,-1.0851581,-1.4451581,-3.415158,-4.235158,-4.425158,-3.0451581,-2.165158,-2.405158,-2.415158,-2.155158,-1.6851581,-1.4351581,-2.115158,-0.7751581,0.014841919,0.5648419,0.67484194,1.1248419,0.22484192,1.2648419,2.174842,3.1948419,5.954842,6.634842,6.514842,6.384842,6.164842,7.344842,8.664842,7.494842,8.604842,8.104842,2.2448418,-1.4651581,1.344842,1.8948419,2.2048419,1.2948419,1.4148419,-2.455158,-2.0651581,-0.6551581,0.19484192,-2.105158,-2.645158,-1.425158,-0.31515807,-0.7451581,-2.7451582,-2.7751582,-1.915158,-2.225158,-1.9751581,-1.5951581,-1.0851581,-0.9851581,-1.265158,-0.6051581,-0.30515808,-0.6151581,1.5548419,3.774842,3.524842,3.594842,5.3748417,3.624842,4.1048417,4.464842,4.274842,8.174842,8.974842,3.9548419,4.3748417,4.304842,4.8748417,0.8348419,3.7348418,4.214842,5.644842,3.644842,-0.63515806,-1.8051581,-2.125158,-2.0051582,-0.95515805,-0.36515808,-0.51515806,-0.22515808,0.04484192,-0.21515808,-1.015158,-1.8351581,-2.225158,-1.3551581,-0.8451581,-0.34515807,-0.6751581,0.22484192,0.23484191,0.25484192,0.9148419,2.284842,2.394842,2.884842,4.954842,6.464842,3.084842,2.7248418,3.4548419,2.764842,2.4848418,0.34484193,-0.33515808,0.10484192,4.3148417,-0.5351581,0.7848419,3.424842,0.43484193,0.31484193,1.3148419,-0.6151581,0.5648419,-0.16515808,0.9048419,1.4348419,0.08484192,-0.28515807,-1.0551581,-1.2551581,-0.2951581,-0.23515809,-1.2551581,-0.8351581,-0.70515805,-0.70515805,-1.0551581,-1.9551581,-1.895158,-0.8751581,0.22484192,1.0048419,1.3848419,1.9248419,1.984842,2.7048419,3.864842,2.9648418,3.584842,-0.2951581,1.474842,0.8348419,1.8048419,-2.605158,2.864842,3.4748418,1.7848419,-2.825158,-1.0551581,2.4748418,0.17484193,-0.9251581,0.7748419,-0.015158081,0.5648419,-1.3751581,-2.0451581,-1.775158,-1.0951581,-0.63515806,-0.5451581,-0.6751581,-0.7351581,-0.2951581,-0.07515808,-0.3251581,-0.36515808,-0.70515805,-0.5551581,-0.37515807,-0.8051581,-0.3251581,-0.6651581,1.7448419,1.594842,1.4148419,0.7648419,-0.28515807,2.7448418,2.034842,1.234842,1.594842,1.3748419,1.7548419,0.74484193,2.074842,2.424842,-0.4751581,0.35484192,-0.15515809,1.5548419,-0.4451581,1.0148419,-2.215158,-2.215158,-2.355158,-2.475158,-1.8251581,-0.19515808,-0.7251581,-0.6851581,-1.015158,-0.4151581,-0.14515808,-0.4451581,0.5148419,0.004841919,-0.07515808,-0.20515808,-0.16515808,0.40484193,-0.13515808,0.04484192,0.85484195,0.54484195,-0.11515808,0.09484192,-0.6651581,-0.035158083,1.1548419,2.784842,2.7548418,0.14484192,1.6348419,1.9948419,0.67484194,0.16484192,-2.855158,-1.7251581,-3.075158,-1.1951581,0.3048419,0.41484192,-1.155158,-0.50515807,-0.88515806,-0.89515805,-1.1851581,-0.6651581,-0.31515807,-0.46515808,-0.065158084,-0.2651581,-0.19515808,0.23484191,0.5948419,2.654842,1.8048419,-0.4151581,0.25484192,0.04484192,0.6248419,0.20484191,0.114841916,-0.13515808,0.3048419,0.3348419,0.9648419,0.93484193,0.7548419,0.47484192,-0.7451581,-0.9151581,1.0348419,-0.39515808,-1.665158,-2.2451582,-1.3651581,-1.9951581,-1.7051581,-2.435158,-1.8351581,-3.845158,-3.095158,-1.8551581,0.4248419,1.0348419,-0.2951581,0.23484191,-0.17515808,-0.46515808,0.37484193,1.3848419,0.20484191,1.604842,0.74484193,1.334842,2.0048418,0.5648419,-0.07515808,0.37484193,0.44484192,0.004841919,-0.13515808,-0.9351581,0.47484192,-0.21515808,0.004841919,-0.9051581,-0.065158084,0.32484192,-0.7151581,-2.415158,-2.385158,-2.5451581,-2.095158,-2.845158,-1.765158,-2.675158,-2.0351582,-2.235158,-3.0551581,-2.435158,-3.205158,-2.835158,-0.8651581,0.8248419,1.0248419,2.314842,1.984842,1.1648419,1.0048419,1.5148419,1.7648419,1.4448419,0.9448419,1.0648419,2.154842,2.044842,2.124842,1.0048419,0.28484192,0.4248419,-0.10515808,-0.3551581,-0.5551581,-0.49515808,0.5148419,-0.37515807,-0.6751581,-0.8751581,-1.535158,-1.265158,-2.345158,-1.3251581,-1.3551581,-1.3551581,-1.4351581,-2.095158,-3.2951581,-4.345158,-3.435158,-2.7651582,-3.0551581,-3.3051581,-2.825158,-2.895158]},{"header":{"discipline":0,"disciplineName":"Meteorological products","gribEdition":2,"gribLength":1025,"center":7,"centerName":"US National Weather Service - NCEP(WMC)","subcenter":0,"refTime":"2023-09-06T18:00:00.000Z","significanceOfRT":1,"significanceOfRTName":"Start of forecast","productStatus":0,"productStatusName":"Operational products","productType":1,"productTypeName":"Forecast products","productDefinitionTemplate":0,"productDefinitionTemplateName":"Analysis/forecast at horizontal level/layer at a point in time","parameterCategory":2,"parameterCategoryName":"UnknownDiscipline_0_Category_2","parameterNumber":3,"parameterNumberName":"UnknownParameter_D0_C2_3","parameterUnit":"Unknown","genProcessType":2,"genProcessTypeName":"Forecast","forecastTime":180,"surface1Type":103,"surface1TypeName":"Specified height level above ground","surface1Value":10.0,"surface2Type":255,"surface2TypeName":"Missing","surface2Value":0.0,"gridDefinitionTemplate":0,"gridDefinitionTemplateName":"Latitude_Longitude","numberPoints":615,"shape":6,"shapeName":"Earth spherical with radius of 6,371,229.0 m","gridUnits":"degrees","resolution":48,"winds":"true","scanMode":64,"nx":41,"ny":15,"basicAngle":0,"lo1":47.0,"la1":41.0,"lo2":87.0,"la2":55.0,"dx":1.0,"dy":1.0},"data":[1.1961255,0.6061255,0.016125489,-0.093874514,0.06612549,-0.36387452,0.6861255,1.1861255,0.4361255,-0.023874512,-1.4038745,-1.2038745,-1.6538745,-3.1638746,-4.1638746,-5.0638747,-5.8938746,-4.8638744,-4.7238746,-3.3838744,-2.2138746,-4.2738743,-3.7138746,3.2861254,3.5561254,2.5461254,2.5261254,3.7761254,-1.3238745,-3.9338746,-3.1038744,-1.5438745,-1.9438745,-0.20387451,-1.4738746,-3.1138744,-1.9038745,0.7961255,0.2961255,0.07612549,2.0561254,1.3761255,3.1561255,3.3761256,1.4561255,0.6961255,0.16612549,-0.6238745,-0.1338745,0.11612549,-1.0138745,-1.2638745,-1.3638746,-1.6838745,-3.2838745,-3.1038744,-4.0338745,-4.3638744,-3.7438745,-3.6938746,-3.2938745,-3.2838745,-2.2838745,-2.6238744,0.07612549,1.9361255,4.1161256,3.5361254,4.2361255,0.12612548,5.1061254,-0.5338745,3.2661254,3.0261254,1.2261255,4.2661257,-1.0038745,-8.263874,-0.5238745,-1.6138746,-1.0838745,0.0061254883,2.7961254,4.9861255,3.4461255,1.8061255,0.4961255,0.7061255,0.41612548,-0.3438745,-0.4538745,-1.3438745,-2.5238745,-2.4838746,-2.7938745,-3.1938746,-3.5738745,-3.9938745,-4.1938744,-3.5838745,-3.2738745,-2.6938746,-3.5238745,-2.0638745,0.5461255,1.1961255,-1.2038745,-3.2838745,-2.1938746,-2.6038744,-1.4338745,-0.75387454,-2.7438745,-1.2938745,-3.6238744,-5.7238746,-2.0838745,-4.9438744,-4.7138743,-5.5838747,-3.7738745,-1.0838745,1.0061255,2.2061255,2.4461255,1.4861255,0.4361255,0.03612549,-0.22387451,-0.69387454,-0.33387452,-0.8338745,-1.6538745,-2.5138745,-3.2938745,-4.0738745,-4.0838747,-3.9438746,-4.0838747,-4.5738745,-4.6538744,-3.9838746,-1.5538745,-1.5438745,-0.2638745,-2.5838745,-1.1038746,-0.9638745,-1.6238745,-1.2638745,-0.08387451,0.09612549,-1.1638745,-2.7638745,0.17612548,-1.5038745,5.5161257,5.3661256,-0.6738745,2.6661255,3.3961256,-3.4638746,-3.3138745,-4.9338746,2.7861254,1.9061255,1.0361255,0.5861255,-0.6238745,-0.093874514,0.3261255,-1.2138745,-1.3738745,-2.2938745,-2.4738746,-2.1438744,-3.5738745,-3.7738745,-3.7038746,-4.1738744,-4.3138747,-4.4138746,-4.7938747,-3.1238744,-0.3538745,0.8861255,-0.7838745,0.2661255,-1.6038746,-1.5038745,-0.5638745,-0.2838745,-0.3138745,1.8261255,0.5061255,1.8961254,4.3861256,2.3161254,0.98612547,-1.6138746,-6.2938747,-8.753875,-7.8938746,-6.8538747,-8.823874,2.5261254,1.7461255,1.0261254,-0.9038745,-2.7138746,-2.0838745,-0.39387453,-0.2838745,-0.49387452,-1.3638746,-2.5638745,-2.5438745,-2.6838746,-4.2238746,-5.1438746,-4.6438746,-5.4038744,-5.0338745,-5.2138743,-5.3538747,-1.7438745,0.046125486,-1.5538745,0.6561255,-0.6638745,-1.5038745,-1.5938745,-1.5838745,-1.0738745,-0.9838745,0.9461255,2.4761255,3.5261254,2.5161254,1.4961255,1.1561255,-1.5738745,-4.2138743,-1.6238745,-1.1138746,-2.0638745,2.5661254,0.6561255,0.4061255,1.2961255,-0.3538745,-0.6038745,0.37612548,0.016125489,-1.8238745,-1.9138745,-2.4838746,-2.1438744,-3.6938746,-4.3238745,-4.5338745,-5.5838747,-5.3338747,-5.6638746,-6.1538744,-5.4438744,-2.7438745,-2.1138744,-1.0838745,-1.3138745,-2.0038745,-1.7438745,-2.5938745,-2.8138745,-3.6838746,2.2661254,1.2761254,1.5361255,2.1861255,4.0661254,2.6761255,-0.5938745,1.9361255,2.6061256,0.35612547,2.1561255,2.0161254,1.5861255,-0.2638745,0.4361255,0.19612549,2.7261255,1.1161255,-0.10387451,-0.9238745,-0.9838745,-0.8938745,-2.6638746,-2.1238744,-3.8838744,-5.0638747,-5.2538743,-5.3038745,-4.8838744,-5.6238747,-5.5338745,-5.5938745,-4.0138745,-2.5238745,-2.1638746,-1.5138745,-3.2038746,-2.9238746,-2.6938746,-3.4538746,-2.1138744,0.3261255,0.6661255,1.6361254,3.5661254,3.7661254,4.0861254,-0.023874512,-0.9738745,-5.0238743,-3.2738745,-0.7738745,1.6661255,1.5461255,0.23612548,-1.4438745,1.3361255,2.2361255,0.046125486,-1.7038745,-2.4338746,-0.6738745,0.61612546,-1.4338745,-3.3138745,-4.3238745,-4.7738743,-5.1438746,-5.0538745,-5.8238745,-5.0238743,-4.8338747,-5.1938744,-4.8138747,-3.7138746,-4.8338747,-3.4038744,-2.0438745,-1.4438745,-2.2838745,-1.3438745,0.016125489,-1.7038745,-0.23387451,-1.6438745,1.5761255,-0.9638745,-3.3238745,0.92612547,-2.2738745,0.8461255,4.1461253,2.4161255,1.5261254,1.5761255,1.2861255,0.4061255,0.086125486,0.67612547,0.18612549,-0.2538745,-1.5938745,-2.6438744,-2.0038745,-0.8038745,-2.2138746,-4.2438745,-4.0838747,-4.5838747,-5.1038747,-5.2938747,-5.9238744,-5.5138745,-4.4738746,-5.3938746,-7.0738745,-6.3038745,-7.2038746,-2.5338745,-0.9838745,-0.013874512,-2.0038745,-0.14387451,0.8861255,0.7161255,-1.6138746,3.1661255,0.03612549,-2.6738746,4.5961256,0.8861255,1.7461255,0.41612548,-1.1238745,0.5961255,1.7661254,0.12612548,0.5861255,0.6561255,-0.0038745117,1.7861255,-0.7138745,-1.0338745,-2.5138745,-2.6738746,-0.88387454,-1.9638745,-3.2838745,-4.0038743,-4.4738746,-4.4438744,-4.4138746,-5.1138744,-5.5338745,-5.4338746,-5.5738745,-5.6538744,-5.9938745,-5.8338747,-2.7438745,-2.3438745,-1.5538745,0.8361255,-0.69387454,0.9661255,0.73612547,-0.8638745,-1.0938745,3.0661254,0.8161255,-1.2438745,0.9461255,1.1761255,2.2961254,0.2761255,0.17612548,1.0761255,-0.50387454,-0.46387452,0.28612548,0.1461255,0.6361255,-1.0838745,-1.2938745,-1.7238746,-1.7038745,-1.7738745,-1.5138745,-2.7738745,-3.8838744,-2.9538746,-3.5738745,-4.4638743,-4.7538743,-4.9938745,-5.7638745,-5.9038744,-5.2938747,-6.3238745,-5.7638745,-5.6338744,-5.8538747,-3.5338745,-0.30387452,3.0561254,2.2761254,1.1861255,-0.19387451,-0.7738745,-2.2238746,-0.8138745,-1.8638746,-2.0138745,-2.2638745,-1.9338745,-1.4138745,-1.0238745,0.2761255,0.4261255,0.5161255,0.18612549,-0.093874514,0.17612548,0.92612547,-0.50387454,-0.7838745,-1.2938745,-1.2438745,-2.0138745,-0.8538745,-3.4338746,-2.3638744,-2.7138746,-3.3738744,-3.9638746,-5.1838746,-4.4338746,-5.2038746,-5.6238747,-5.0638747,-4.5938745,-5.5338745,-5.2938747,-5.1838746,-2.4138746,2.7161255,1.4761255,1.3961254,0.6561255,0.4361255,-1.4338745,-1.2338746,-1.1838745,0.5261255,-0.4738745,-0.51387453,-0.013874512,-0.6038745,1.6561255,2.0061255,1.6261255,1.6061255,1.3461255,0.7761255,0.6561255,-0.39387453,-0.023874512,0.5161255,-0.1338745,-0.4838745,-2.1438744,-2.4138746,-1.8638746,-2.4938745,-2.8138745,-3.2538745,-4.0038743,-4.0538745,-4.8038745,-4.7638745,-5.1038747,-5.1438746,-4.3938746,-4.9438744,-4.1338744,-1.6638745,0.5861255,1.2361255,1.8961254,0.61612546,-1.6138746,-1.4538745,-0.6438745,-2.1038744,0.18612549,-0.4238745,-1.4338745,-1.8938745,-2.4038744,1.6061255,2.2461255,1.6161255,0.9461255,1.3461255,1.4461255,0.5461255,0.92612547,0.4361255,-0.4438745,0.7561255,-1.0538745,-1.0838745,-2.7838745,-3.6238744,-2.2538745,-2.6238744,-2.7538745,-3.2938745,-4.1838746,-3.6438744,-4.8638744,-4.7638745,-4.8538747,-5.0038743,-4.8738747,-4.8038745,-2.5038745,-0.76387453,2.2561255,1.4861255,1.4061255,-1.0938745,-1.1538745,-1.0938745,-2.0038745,-2.3238745,-1.2438745,-0.6838745,-2.8938744,-1.0638745]}]