wind_kz.json
{"header": {"discipline":0,"disciplineName":"Meteorological products","gribEdition":2,"gribLength":1025,"center":7,"centerName":"US National Weather Service - NCEP(WMC)","subcenter":0,"refTime":"2023-08-18T18:00:00.000Z","significanceOfRT":1,"significanceOfRTName":"Start of forecast","productStatus":0,"productStatusName":"Operational products","productType":1,"productTypeName":"Forecast products","productDefinitionTemplate":0,"productDefinitionTemplateName":"Analysis/forecast at horizontal level/layer at a point in time","parameterCategory":2,"parameterCategoryName":"UnknownDiscipline_0_Category_2","parameterNumber":3,"parameterNumberName":"UnknownParameter_D0_C2_3","parameterUnit":"Unknown","genProcessType":2,"genProcessTypeName":"Forecast","forecastTime":0,"surface1Type":103,"surface1TypeName":"Specified height level above ground","surface1Value":10.0,"surface2Type":255,"surface2TypeName":"Missing","surface2Value":0.0,"gridDefinitionTemplate":0,"gridDefinitionTemplateName":"Latitude_Longitude","numberPoints":615,"shape":6,"shapeName":"Earth spherical with radius of 6,371,229.0 m","gridUnits":"degrees","resolution":48,"winds":"true","scanMode":64,"nx":41,"ny":15,"basicAngle":0,"lo1":47.0,"la1":41.0,"lo2":87.0,"la2":55.0,"dx":1.0,"dy":1.0}, "data":
[rows 0 to 14 of 15, columns 0 to 40 of 41]
3.5705762,-2.1694238,0.8105762,-3.789424,-5.269424,-7.139424,-7.269424,-7.269424,-6.679424,-4.0494237,-3.799424,1.3905761,3.3605762,1.4905761,-2.9294238,-3.0194237,-3.9694238,-4.8794236,-4.669424,0.15057617,-0.7394238,-4.249424,-2.9894238,-0.24942383,-1.6894238,-0.9394238,-1.6694238,1.3405762,1.7905762,-0.82942384,0.72057617,0.61057615,1.1905762,-3.1194239,-2.2794237,-7.5294237,-11.459424,-0.099423826,0.8805762,1.0405762,-1.9394238
1.8305762,1.1505761,3.3905761,-1.4194238,-5.3794236,-7.139424,-6.479424,-1.9594238,-3.539424,-5.269424,-3.9494238,-3.839424,2.4705763,2.7305763,-0.8094238,-2.559424,-3.6094239,-6.289424,-8.099423,1.2905762,-0.21942383,-2.4294238,-3.2694237,1.1805762,0.24057618,0.37057617,-3.4894238,-0.37942383,-0.51942384,-0.12942383,1.4905761,1.2705761,-0.24942383,-3.299424,-1.5994239,-6.3594236,-7.869424,-3.079424,-2.7294238,-1.1994238,2.3905761
1.0605762,3.7605762,2.3305762,-2.4394238,-4.499424,-5.139424,-6.8594236,-1.6394238,-0.87942386,-3.9194238,-3.1494238,-2.3694239,1.3805761,2.5905762,0.41057616,-0.9394238,-4.1094236,-4.949424,-3.2594237,-0.77942383,0.8205762,-1.7694238,-3.4194238,-2.329424,0.62057614,-0.88942385,-0.58942384,-0.059423827,5.7617185E-4,1.9905761,3.960576,1.5605762,2.150576,0.010576172,-0.89942384,2.7305763,3.8505762,2.8405762,-0.9794238,1.8205762,1.8705761
2.9805763,4.710576,3.3705761,-0.6094238,-3.6294239,-4.0894237,-5.469424,-4.2994237,-4.3794236,-4.3594236,-4.3394237,0.14057617,4.210576,1.0505762,-0.51942384,-1.8794239,-1.2694238,-4.419424,-5.119424,-2.1894238,-1.7494239,-2.4094238,-1.8194238,-1.5094239,-1.4294238,-2.799424,-4.099424,-3.9094238,-1.1494238,-1.4994239,-3.1094239,-3.5094237,-1.8394238,2.0305762,-0.47942382,-0.24942383,-0.62942386,2.6405761,-0.9094238,0.7705762,0.6905762
4.440576,5.080576,2.8605762,1.2705761,-1.5794238,-2.4694238,-4.539424,-3.5094237,-3.789424,-2.8994238,2.5205762,-0.029423827,-1.2594239,-1.6694238,-2.6094239,-1.2994238,-0.7294238,-1.5094239,-3.549424,-0.75942385,-0.6694238,-1.0794238,-2.3794239,-0.6594238,-0.32942382,-1.3194238,-2.3994238,-3.1294239,-2.829424,-3.079424,-3.099424,0.40057617,1.9205762,3.3205762,-1.2894238,-1.5094239,-1.8994238,-0.24942383,1.8005762,0.37057617,-1.4994239
3.6005762,2.940576,2.2605762,-0.08942383,0.19057617,-1.3894238,-3.1894238,-4.2994237,-3.1294239,-4.1094236,0.5205762,1.5005761,-1.6794238,-2.569424,-1.3794239,-1.8694239,-2.4694238,-1.4594238,-2.339424,-1.1194239,-0.9394238,-2.2794237,-2.819424,-0.28942382,1.8105762,0.6905762,0.6905762,-1.0894238,-2.6594238,-3.4594238,-3.3694239,-2.789424,-2.4994237,1.0605762,3.150576,0.9505762,1.3405762,-0.9894238,-1.5694238,-2.069424,-1.6194239
-1.1594238,-2.559424,3.5605762,1.8505762,-0.94942385,-0.15942383,-1.6894238,1.6705762,0.8805762,-5.479424,-0.6794238,-0.16942383,0.35057616,-0.7894238,-1.2594239,-2.6094239,-2.6294239,0.98057616,-1.4794239,1.0105761,0.48057616,-1.6594238,-1.2994238,-2.059424,-1.5594238,-1.9994239,1.4205762,0.31057617,-0.07942383,-3.349424,1.0405762,-1.4194238,-3.7394238,-5.9894238,-0.81942385,-2.2194238,-3.099424,-2.049424,0.38057616,0.07057617,-1.3694239
-4.769424,-2.039424,-2.5294237,2.940576,0.15057617,-1.5494238,-0.8094238,3.4905763,4.270576,-3.9294238,-4.209424,-1.2594239,-3.2094238,-1.1494238,1.2805762,-1.7294239,-2.809424,-1.0194238,0.15057617,-0.28942382,-0.42942384,2.3005762,1.4605762,1.9405762,-0.14942382,-1.3594239,-2.6794238,-1.0194238,0.9605762,-1.6094239,-1.4994239,-1.6694238,-3.1794238,-3.809424,-1.8694239,-2.079424,-0.6894238,-1.4694238,0.8105762,0.61057615,-1.9394238
-3.1094239,-1.3994238,-2.7394238,-1.5094239,-1.6494238,-1.8094238,-1.8394238,-0.11942383,0.10057617,3.450576,-0.14942382,-1.1194239,-2.9894238,-1.5494238,-2.809424,-1.0194238,-1.8894238,-2.4394238,-3.5294237,-1.0094239,-0.83942384,0.110576175,-0.7994238,1.0205761,1.5505762,-1.5294238,0.46057618,-0.23942383,-1.2694238,-0.58942384,-2.1094239,-2.829424,-2.8694239,-3.7794237,-2.079424,-1.0094239,-3.2094238,0.20057617,-2.2594237,-1.7794238,0.32057616
-3.5194237,-3.319424,-3.9594238,-3.4894238,-2.9494238,-0.81942385,-1.5594238,-2.789424,-0.95942384,0.15057617,-0.7294238,-2.039424,-0.87942386,-0.9094238,-2.7094238,-1.6694238,-3.9394238,-2.4394238,-2.4694238,-2.7494237,-2.1994238,-0.94942385,-1.9394238,-0.47942382,1.1205761,0.55057615,0.31057617,0.80057615,-0.33942384,-1.3794239,-0.5394238,-1.4394238,-2.8794239,-3.3794239,-2.2394238,-1.1394238,-0.009423828,-3.1094239,1.5205761,2.410576,2.3705761
-2.2494237,-2.2294238,-2.2594237,-3.7694237,-3.5194237,-2.4994237,-1.5894238,-1.1894238,-2.539424,-2.7094238,0.6905762,1.3405762,0.31057617,-0.76942384,-2.339424,-2.6494238,-2.4594238,-3.2394238,-1.7594239,-2.339424,-1.5194238,-2.4094238,-3.0194237,0.33057618,0.38057616,1.3205762,0.13057618,0.23057617,0.8305762,1.9405762,-0.30942383,-1.6194239,-1.5794238,-1.8794239,-2.0294237,-1.6694238,-1.4394238,0.7105762,-0.029423827,-0.9894238,0.25057617
-1.4194238,-1.3294238,0.5905762,-1.2694238,-1.5494238,-1.9294238,-0.8494238,-0.88942385,-1.4594238,-0.9294238,-0.9994238,-3.1194239,-1.4794239,-1.1194239,-0.51942384,0.28057617,-1.9394238,-2.309424,-0.58942384,-2.089424,-2.339424,-2.2394238,-2.039424,0.080576174,1.6405761,0.9505762,1.9305762,1.6305761,2.210576,1.8605762,2.2405763,2.0105762,1.7005762,1.0705762,0.47057617,0.24057618,1.4905761,2.5205762,1.6805762,0.37057617,1.0905762
-0.9794238,-1.6494238,-2.569424,-0.099423826,1.3505762,0.050576173,-0.8594238,1.7805762,0.47057617,0.7005762,-0.39942384,-1.4094238,-1.0794238,-2.039424,0.54057616,-0.009423828,-1.4694238,-2.1094239,-0.2994238,-0.28942382,0.39057618,1.0105761,0.5105762,0.17057617,-1.2794238,2.4805763,2.930576,2.920576,2.5605762,1.7705761,0.8305762,0.8305762,2.3405762,2.190576,1.2005762,0.38057616,2.420576,1.7305762,1.8005762,0.80057615,0.17057617
-3.1894238,-2.599424,-3.1394238,-2.829424,-2.069424,0.21057618,-0.9194238,-1.5494238,1.9705762,2.6205761,2.1005762,0.030576171,-0.32942382,2.210576,1.8805761,0.85057616,0.6405762,0.9005762,0.5005762,2.210576,1.2805762,2.210576,1.8505762,1.1005762,1.3305762,0.8205762,0.17057617,0.7605762,-0.9394238,2.1405761,2.1205761,2.7905762,2.700576,1.4705762,0.5805762,0.5605762,1.1405761,2.6105762,1.4505762,1.0105761,0.26057616
-2.3594239,-3.319424,-3.589424,-2.7794237,-3.2794237,-1.9294238,-1.2094238,0.97057617,0.6305762,-0.95942384,-1.0594238,0.36057618,1.7805762,0.010576172,0.40057617,2.0705762,1.4505762,1.0905762,1.0905762,2.8705761,2.5205762,1.4905761,1.2005762,-0.099423826,-0.76942384,1.0305762,2.3205762,1.9105762,0.8105762,-0.16942383,2.2505763,2.8805761,2.1205761,1.4305762,1.4405762,1.3705761,1.2605761,3.0705762,2.3005762,3.0405762,1.1905762
