wind_kz.json
{"header": {"discipline":0,"disciplineName":"Meteorological products","gribEdition":2,"gribLength":1025,"center":7,"centerName":"US National Weather Service - NCEP(WMC)","subcenter":0,"refTime":"2023-08-26T12:00:00.000Z","significanceOfRT":1,"significanceOfRTName":"Start of forecast","productStatus":0,"productStatusName":"Operational products","productType":1,"productTypeName":"Forecast products","productDefinitionTemplate":0,"productDefinitionTemplateName":"Analysis/forecast at horizontal level/layer at a point in time","parameterCategory":2,"parameterCategoryName":"UnknownDiscipline_0_Category_2","parameterNumber":2,"parameterNumberName":"UnknownParameter_D0_C2_2","parameterUnit":"Unknown","genProcessType":2,"genProcessTypeName":"Forecast","forecastTime":300,"surface1Type":103,"surface1TypeName":"Specified height level above ground","surface1Value":10.0,"surface2Type":255,"surface2TypeName":"Missing","surface2Value":0.0,"gridDefinitionTemplate":0,"gridDefinitionTemplateName":"Latitude_Longitude","numberPoints":615,"shape":6,"shapeName":"Earth spherical with radius of 6,371,229.0 m","gridUnits":"degrees","resolution":48,"winds":"true","scanMode":64,"nx":41,"ny":15,"basicAngle":0,"lo1":47.0,"la1":41.0,"lo2":87.0,"la2":55.0,"dx":1.0,"dy":1.0}, "data":
[rows 0 to 14 of 15, columns 0 to 40 of 41]
-2.1355639,-0.945564,2.444436,1.614436,2.834436,3.274436,-3.015564,-4.825564,-5.285564,-2.3555639,-2.685564,-3.405564,-3.985564,-3.525564,-2.505564,-2.275564,-1.5555639,-1.5755639,-2.555564,-1.645564,-1.035564,0.96443605,0.024436034,-1.865564,-0.755564,-2.145564,-2.975564,-1.0655639,0.26443604,0.17443603,-0.63556397,0.764436,-0.47556397,-1.1855639,-4.185564,-2.665564,-4.665564,-6.475564,-5.765564,-3.545564,-4.445564
1.6844361,2.184436,2.924436,1.244436,2.6344361,1.104436,-3.015564,-4.805564,-4.475564,-4.525564,-3.535564,-4.185564,-3.6155639,-2.665564,-1.455564,-2.845564,-1.2955639,-2.6155639,-2.645564,-2.955564,-2.525564,-1.785564,0.26443604,-3.145564,-1.0455639,0.804436,-0.44556397,0.23443604,-1.2955639,-1.595564,0.06443603,-0.48556396,0.764436,-2.1255639,-0.42556396,0.21443604,-2.005564,-1.7955639,1.7044361,0.804436,-1.015564
0.92443603,2.414436,2.3944361,-0.27556396,1.6844361,-0.65556395,-3.8755639,-3.895564,-4.885564,-4.295564,-4.275564,-4.215564,-3.225564,-2.565564,-3.3655639,-3.405564,-4.355564,-2.935564,-2.6355639,-0.14556396,-1.635564,-6.325564,-5.4855638,-4.795564,1.4544361,-2.495564,-1.3255639,-1.205564,-0.985564,-0.945564,-0.77556396,1.634436,-0.58556396,-0.805564,-0.015563965,-0.52556396,0.054436035,0.41443604,-0.20556396,2.674436,1.794436
1.8044361,4.074436,3.724436,0.72443604,-0.46556395,-2.1155639,-0.565564,-3.215564,-4.405564,-3.795564,-1.345564,-4.5055637,-1.495564,-2.6055639,-2.995564,-3.085564,-4.105564,-4.025564,-3.705564,-3.475564,-3.425564,-3.305564,-1.505564,-4.345564,-5.365564,-4.815564,-4.105564,-8.175564,-3.545564,-0.33556396,0.67443603,-3.195564,-2.245564,-3.425564,-2.965564,-2.025564,-1.535564,2.074436,-0.005563965,-1.395564,-1.5455639
2.504436,4.9944363,5.924436,2.854436,1.234436,1.124436,-0.34556398,-0.42556396,-1.9255639,-1.9255639,-1.595564,-3.185564,-2.3655639,-2.6355639,-3.575564,-2.965564,-3.745564,-3.925564,-3.945564,-4.615564,-5.625564,-5.315564,-4.945564,-4.375564,-5.015564,-4.375564,-6.155564,-4.175564,-3.905564,-3.155564,-3.3555639,-2.305564,-2.195564,1.284436,-1.135564,-0.005563965,-1.855564,-3.175564,-2.395564,-3.595564,-3.465564
2.924436,2.1344361,1.4244361,4.004436,3.574436,1.6944361,2.574436,-1.395564,-1.975564,-1.9355639,-2.205564,-2.535564,-2.165564,-3.175564,-2.145564,-2.3655639,-3.465564,-3.505564,-4.055564,-3.6055639,-4.095564,-3.925564,-4.645564,-4.185564,-4.225564,-4.165564,-2.935564,-4.145564,-3.435564,-3.275564,-3.215564,-2.465564,-2.945564,-2.685564,-1.395564,-0.685564,0.15443604,-1.525564,-0.95556396,-2.165564,-3.175564
2.234436,2.714436,3.684436,2.714436,3.194436,2.1244361,3.494436,-1.725564,-0.39556396,-2.405564,-1.635564,-0.89556396,-1.0755639,-2.915564,-2.395564,-2.535564,-2.395564,-2.195564,-2.445564,-3.1355639,-2.745564,-2.3855639,-1.895564,-2.275564,-2.475564,-2.465564,-2.005564,-3.055564,-2.645564,-3.005564,-3.585564,-2.835564,-1.265564,-2.285564,-2.435564,-1.755564,-1.1755639,1.414436,-1.4255639,1.8244361,0.85443604
3.1244361,3.564436,3.684436,3.244436,2.474436,3.1344361,0.98443604,-3.455564,-1.785564,-1.465564,-1.505564,-0.82556397,-0.39556396,-0.685564,-1.775564,-2.235564,-2.505564,-2.245564,-0.88556397,-0.77556396,0.10443603,-0.925564,-0.745564,-0.42556396,-1.0555639,-0.95556396,-1.035564,-1.655564,-1.495564,-1.615564,-2.455564,-2.1255639,-2.895564,-0.77556396,-2.295564,1.044436,2.1144361,2.294436,0.24443604,1.4544361,-0.22556396
3.524436,3.174436,2.294436,2.104436,2.6244361,1.624436,-0.76556396,-2.845564,-2.035564,0.58443606,-0.97556394,-0.555564,0.25443605,0.574436,0.934436,1.4444361,-0.685564,-1.0755639,-1.915564,-1.285564,-0.46556395,0.61443603,2.6244361,0.78443605,1.764436,1.2044361,1.264436,0.33443603,0.52443606,0.58443606,0.694436,0.16443604,-0.45556396,-1.165564,-0.12556396,0.014436035,0.094436035,-2.585564,-1.0755639,0.31443605,-1.1855639
2.034436,0.34443605,2.174436,2.724436,1.9244361,0.40443602,-1.775564,-2.1155639,2.1444361,-1.115564,-0.875564,-0.32556397,0.58443606,1.164436,0.804436,1.294436,2.724436,0.754436,-1.475564,-2.795564,-2.215564,-1.755564,-0.44556397,-0.23556396,2.004436,0.874436,1.604436,1.334436,1.364436,2.564436,1.094436,1.334436,0.78443605,-0.22556396,-1.035564,-1.095564,-1.3155639,-0.21556397,-2.075564,-0.35556397,-0.38556397
-1.345564,-0.925564,0.95443606,0.06443603,0.46443602,-1.785564,-1.015564,-0.65556395,-1.665564,-2.435564,-2.095564,-1.3155639,0.19443603,3.3744361,2.494436,0.014436035,-3.3855639,-3.025564,-2.295564,1.644436,-0.11556397,2.3944361,1.764436,1.5744361,1.004436,1.004436,1.604436,2.754436,1.864436,1.114436,0.83443606,-0.60556394,-0.54556394,0.27443603,-1.3255639,-1.5755639,-1.2955639,-0.615564,-0.79556394,0.78443605,-1.015564
-0.865564,-1.005564,-1.155564,-3.1255639,-4.215564,-4.355564,-3.1055639,-2.155564,-2.325564,-2.805564,-2.535564,-1.4355639,-4.765564,-3.175564,1.524436,-1.455564,-0.40556395,2.834436,-0.66556394,0.85443604,1.5544361,2.054436,2.224436,1.9244361,2.664436,2.834436,2.704436,3.454436,2.8944361,-0.07556397,-0.37556398,0.19443603,0.11443604,0.27443603,-0.10556397,0.25443605,0.35443604,-0.085563965,-0.055563964,-0.38556397,-0.25556397
-0.945564,-0.49556395,-1.5555639,-1.765564,-2.1055639,-2.185564,-1.475564,-2.1255639,-4.445564,-3.275564,-0.59556395,-0.64556396,0.47443604,2.1144361,1.4544361,1.754436,2.414436,2.1444361,2.6444361,2.004436,2.564436,2.314436,2.564436,1.234436,3.404436,2.8644361,2.784436,2.304436,0.91443604,0.634436,0.34443605,1.094436,1.864436,1.3144361,1.214436,2.1444361,2.024436,0.98443604,0.65443605,0.19443603,0.094436035
-2.325564,-2.235564,-2.755564,-2.575564,-2.095564,-2.075564,-2.065564,-2.745564,-1.3255639,-2.1155639,-0.91556394,-0.59556395,0.89443606,2.1144361,2.504436,2.304436,2.404436,2.784436,1.3144361,2.304436,1.394436,4.4944363,3.3944361,2.8844361,3.1344361,1.9244361,2.074436,2.8744361,1.474436,1.5744361,0.814436,1.084436,1.284436,1.6744361,1.514436,2.324436,0.944436,0.10443603,-0.045563966,1.0644361,0.024436034
-2.265564,-1.955564,-2.405564,-1.9455639,0.29443604,-0.37556398,-0.695564,-0.77556396,-0.83556396,-1.0555639,-1.145564,-0.41556397,-0.52556396,1.5544361,2.854436,3.024436,1.834436,2.044436,1.5644361,1.834436,2.234436,2.714436,2.224436,2.794436,2.354436,1.0644361,2.104436,2.214436,1.764436,1.4244361,1.6744361,1.9444361,1.624436,1.3144361,-0.77556396,-0.24556397,-0.015563965,2.094436,1.144436,1.4544361,-1.035564
