wind_kz.json
{"header": {"discipline":0,"disciplineName":"Meteorological products","gribEdition":2,"gribLength":1102,"center":7,"centerName":"US National Weather Service - NCEP(WMC)","subcenter":0,"refTime":"2024-02-01T06:00:00.000Z","significanceOfRT":1,"significanceOfRTName":"Start of forecast","productStatus":0,"productStatusName":"Operational products","productType":1,"productTypeName":"Forecast products","productDefinitionTemplate":0,"productDefinitionTemplateName":"Analysis/forecast at horizontal level/layer at a point in time","parameterCategory":2,"parameterCategoryName":"UnknownDiscipline_0_Category_2","parameterNumber":2,"parameterNumberName":"UnknownParameter_D0_C2_2","parameterUnit":"Unknown","genProcessType":2,"genProcessTypeName":"Forecast","forecastTime":120,"surface1Type":103,"surface1TypeName":"Specified height level above ground","surface1Value":10.0,"surface2Type":255,"surface2TypeName":"Missing","surface2Value":0.0,"gridDefinitionTemplate":0,"gridDefinitionTemplateName":"Latitude_Longitude","numberPoints":615,"shape":6,"shapeName":"Earth spherical with radius of 6,371,229.0 m","gridUnits":"degrees","resolution":48,"winds":"true","scanMode":64,"nx":41,"ny":15,"basicAngle":0,"lo1":47.0,"la1":41.0,"lo2":87.0,"la2":55.0,"dx":1.0,"dy":1.0}, "data":
[rows 0 to 14 of 15, columns 0 to 40 of 41]
4.048796,3.7187965,-1.2912036,2.6887963,4.0787964,9.348797,8.088797,9.848797,11.298797,4.4287963,1.6687964,-0.47120363,-2.4012036,-3.1012037,-3.1512036,-4.5712037,-4.6212034,-3.4112036,-1.1712036,-2.3812037,-6.971204,-5.8012037,-0.14120361,-2.2812035,-1.4912037,-1.6512036,-2.8112037,-2.6312037,-0.3612036,-0.28120363,-1.1412036,0.90879637,0.008796386,-0.6812036,-0.90120363,-0.18120362,0.3587964,0.8787964,-0.4012036,-0.5412036,0.17879638
3.2487965,-1.2112036,3.9387963,8.4587965,10.128797,10.498796,10.478796,10.2087965,12.008797,5.068796,-0.021203613,-2.0112035,-3.2512035,-3.6512036,-2.1012037,-3.5512037,-4.3912034,-3.2012036,-3.2912035,-2.8212037,-4.1912036,-2.0512037,-1.2312036,-2.7412035,-1.0812036,-0.21120362,-0.5312036,-0.8612036,0.5287964,-1.6412036,-0.061203614,-0.3412036,0.8787964,-0.22120361,0.6387964,0.17879638,-0.07120361,0.42879638,0.7087964,-0.3012036,-0.14120361
3.6087964,10.668797,14.858796,13.418797,14.598797,10.598797,11.278796,9.438796,4.9787965,-0.4012036,-3.1212037,-3.3712037,-2.4412036,-2.8812037,-2.9612036,-2.4612036,-1.9912037,-2.3212037,-2.6212037,-3.5312035,-4.701204,-3.9512036,-2.8612037,-2.0412035,-0.48120362,-0.7012036,-2.4212036,-2.0212035,-0.6712036,-0.0012036132,0.5187964,0.3587964,-0.8612036,0.4787964,1.0487964,1.5587964,-0.4912036,0.24879639,-1.3212036,-0.83120364,1.9387964
11.838797,16.448797,15.108796,15.908796,13.598797,11.748796,11.588797,7.8787966,3.0487964,-0.21120362,-3.6612036,-3.8012037,-3.2412035,-4.011204,-2.7312036,-2.2912035,-2.4812036,-3.2512035,-3.7212036,-4.5312037,-3.9712036,-1.3312036,-3.1012037,-3.7312036,-3.3712037,-3.0412035,-3.2212036,-0.9912036,-1.5612036,-4.2512035,-2.9412036,-3.9512036,-3.9612036,-1.0512036,0.10879639,-0.22120361,-0.48120362,1.2287964,-1.5812036,0.3787964,-0.23120362
16.338797,16.408796,13.228796,11.548797,10.918797,12.098797,11.2087965,12.198796,1.8487964,-2.4612036,-4.8012037,-3.6112037,-3.1512036,-3.0912037,-2.8612037,-2.7112036,-3.4212036,-4.0612035,-3.8612037,-4.491204,-4.951204,-4.3812037,-5.5312037,-5.6012034,-5.5412035,-4.8612037,-7.0712037,-4.3212037,-4.1212034,-2.4812036,-1.4912037,-0.08120361,0.49879637,0.9287964,-1.2412037,-0.6712036,-1.0212036,-1.2512037,-0.3112036,0.17879638,-0.14120361
16.848797,13.638797,11.068796,10.548797,9.628797,10.118796,10.798797,1.5087963,-3.3512037,-3.7512035,-5.8212037,-4.9012036,-3.9212036,-3.9712036,-3.5212035,-3.0412035,-4.1712036,-4.9412036,-5.471204,-4.5612035,-4.9012036,-4.991204,-5.5812035,-6.2512035,-6.8512034,-7.7112036,-6.1912036,-4.8712034,-5.3212037,-5.0712037,-4.721204,-2.6512036,-1.9112036,-0.7612036,0.8087964,-6.5812035,-0.5512036,-5.4012036,0.09879639,-0.18120362,-1.9312036
16.258797,13.588797,9.848797,9.548797,7.8587966,7.9587965,4.278796,-2.9712036,-5.8712034,-5.2312036,-6.3712034,-5.6212034,-4.5312037,-4.261204,-3.4012036,-3.8912036,-3.8612037,-5.0412035,-5.2112036,-5.491204,-4.5812035,-4.3912034,-4.7312036,-5.3112035,-7.2512035,-6.931204,-4.3012037,-4.5512037,-3.8112037,-3.3112037,-3.4212036,-5.6512036,-2.0712037,-4.431204,-4.7312036,0.15879638,-0.3112036,-0.9112036,-3.3012037,1.3787963,-1.4012036
12.118796,8.128797,2.4887965,4.7187963,5.0787964,2.8987963,-2.6012037,-6.3612037,-6.181204,-6.3712034,-6.6112037,-5.431204,-4.2112036,-4.6012034,-2.4212036,-3.9112036,-3.8712037,-4.8512034,-4.201204,-5.7512035,-4.1912036,-4.4012036,-3.6612036,-3.0812037,-3.3012037,-2.1712036,-2.6412036,-2.0512037,-1.9912037,-1.5112036,-2.2512035,-0.6112036,-0.29120362,-1.3812037,-2.5512037,-1.4612036,-0.4012036,0.10879639,-6.1512036,-8.831203,-2.0512037
5.7287965,2.7387965,2.2587965,2.6787963,1.3987964,-2.0612037,-4.1712036,-5.6112037,-5.5412035,-6.4112034,-6.221204,-5.1712036,-4.3112035,-4.5512037,-4.1912036,-2.8512037,-3.4112036,-3.4912035,-2.8712037,-3.5812037,-5.5612035,-2.3012037,-1.8612037,-2.4112036,-1.4812036,-2.9412036,-1.9712036,-1.0912036,-0.77120364,-1.0212036,0.20879638,0.7387964,0.038796388,-1.5212036,-3.2612035,-2.8912036,-0.38120362,-0.32120362,-1.4812036,-0.6012036,-0.89120364
5.3487964,2.5187964,1.6087964,-0.4512036,-2.5912037,-3.4912035,-5.6112037,-4.8812037,-5.5712037,-6.2312036,-5.2312036,-4.4012036,-3.7312036,-3.3312037,-3.2712035,-2.7812035,-2.4312036,-1.9412036,-2.1512036,-1.9812036,-2.2912035,-1.5212036,-1.2112036,-1.1212037,-2.0512037,-1.7712036,-0.25120363,-1.7212036,-0.6312036,0.15879638,-0.11120361,0.4487964,-0.4912036,-2.2312036,-1.5412036,-1.4612036,-1.3712037,-0.8512036,0.2987964,-0.121203616,-1.6212037
2.9487963,2.9687965,-0.4212036,-2.6512036,-3.0612037,-3.6612036,-3.7012036,-4.491204,-4.6512036,-5.5312037,-3.5612037,-2.5312035,-2.7312036,-1.9712036,-1.3912036,-2.0712037,-2.0512037,-1.5112036,-1.7212036,-0.9812036,-1.7612036,-2.3812037,-1.6812036,-0.84120363,-0.5712036,-0.65120363,0.4487964,0.7587964,0.59879637,0.36879638,-1.2712036,-2.0612037,-2.1512036,-0.8512036,-1.0812036,-0.9412036,-0.41120362,-0.011203613,-0.58120364,-0.2412036,0.018796386
2.0387964,1.4687964,1.1987964,-1.1112037,-2.6012037,-3.4512036,-2.7112036,-3.8312037,-3.3212037,-5.2812037,-3.2212036,-2.2112036,-2.0912037,-1.3612037,0.6187964,-1.1912036,-1.1212037,-1.2312036,-0.8512036,-0.9212036,-1.6212037,-0.9312036,-1.7112036,-0.051203612,0.7987964,1.4587964,1.4887964,1.0387964,1.3087964,-0.1312036,-0.8812036,-0.64120364,-0.3312036,-1.0812036,0.15879638,-0.15120362,-0.58120364,-0.6812036,-0.20120361,-0.47120363,-0.8512036
1.6187963,0.9687964,1.2087964,1.0287964,-0.3912036,-1.3712037,-1.4412036,-1.2012036,-2.2812035,-3.1912036,-1.3812037,-0.8212036,-0.9212036,-0.2412036,0.6387964,-0.7412036,-0.6312036,-0.9512036,0.2987964,0.008796386,-0.44120362,-0.26120362,1.1587964,0.5487964,1.2487963,1.3287964,1.0987964,0.6287964,0.3287964,0.2987964,0.39879638,0.4187964,-0.07120361,-0.22120361,-0.14120361,0.36879638,1.0587964,0.06879639,-0.7512036,-1.4212036,-1.1112037
2.0587964,0.90879637,1.6887964,0.8787964,-0.35120362,-0.52120364,-0.19120361,0.018796386,-0.7412036,-0.7412036,-2.0512037,-1.9912037,0.018796386,0.8387964,0.8287964,0.97879636,0.19879639,0.15879638,-0.4312036,0.3187964,0.8987964,1.5387964,1.2487963,0.7487964,-0.021203613,-0.15120362,0.12879638,1.3287964,0.48879638,0.8987964,0.5787964,0.14879638,0.4487964,0.6287964,0.4787964,1.0887964,0.7587964,0.60879636,0.45879638,1.9287964,-1.0912036
1.4587964,0.90879637,1.2587963,1.5687964,1.3287964,1.6687964,1.4387964,1.1087964,0.058796387,-0.4012036,-0.5012036,-0.2412036,-1.1612036,1.0387964,0.8887964,1.0187964,0.13879639,0.6187964,-0.23120362,-0.091203615,0.5587964,1.2487963,1.3987964,0.8687964,0.36879638,0.5887964,0.7787964,1.0687964,0.49879637,0.7487964,0.6987964,0.6387964,0.66879636,0.7487964,1.1587964,1.3287964,1.1487964,2.5987964,0.23879638,-0.20120361,-0.8512036
