wind.json
{"header": {"discipline":0,"disciplineName":"Meteorological products","gribEdition":2,"gribLength":1039,"center":7,"centerName":"US National Weather Service - NCEP(WMC)","subcenter":0,"refTime":"2023-05-29T18:00:00.000Z","significanceOfRT":1,"significanceOfRTName":"Start of forecast","productStatus":0,"productStatusName":"Operational products","productType":1,"productTypeName":"Forecast products","productDefinitionTemplate":0,"productDefinitionTemplateName":"Analysis/forecast at horizontal level/layer at a point in time","parameterCategory":0,"parameterCategoryName":"UnknownDiscipline_0_Category_0","parameterNumber":0,"parameterNumberName":"UnknownParameter_D0_C0_0","parameterUnit":"Unknown","genProcessType":2,"genProcessTypeName":"Forecast","forecastTime":300,"surface1Type":1,"surface1TypeName":"Ground or water surface","surface1Value":0.0,"surface2Type":255,"surface2TypeName":"Missing","surface2Value":0.0,"gridDefinitionTemplate":0,"gridDefinitionTemplateName":"Latitude_Longitude","numberPoints":688,"shape":6,"shapeName":"Earth spherical with radius of 6,371,229.0 m","gridUnits":"degrees","resolution":48,"winds":"true","scanMode":64,"nx":43,"ny":16,"basicAngle":0,"lo1":45.0,"la1":40.0,"lo2":87.0,"la2":55.0,"dx":1.0,"dy":1.0}, "data":
[rows 0 to 15 of 16, columns 0 to 42 of 43]
288.44122,290.2412,300.7412,316.0412,316.7412,294.94122,294.0412,293.7412,316.94122,322.0412,322.7412,321.84122,325.94122,322.0412,324.84122,327.6412,329.2412,329.5412,330.7412,327.44122,333.94122,328.94122,323.5412,325.0412,322.44122,320.44122,318.94122,309.34122,307.1412,309.34122,308.44122,326.0412,327.6412,326.84122,336.6412,332.44122,330.44122,325.94122,320.1412,321.44122,329.5412,329.0412,325.0412
285.0412,295.34122,304.7412,293.84122,300.1412,292.7412,292.84122,292.6412,309.44122,321.5412,320.34122,323.6412,325.0412,324.1412,325.0412,326.7412,329.0412,334.6412,331.44122,331.2412,335.2412,332.0412,332.84122,328.84122,322.5412,320.2412,327.0412,331.0412,321.0412,299.7412,304.1412,303.6412,304.0412,290.44122,316.7412,331.5412,331.34122,330.0412,334.1412,330.0412,331.5412,329.84122,329.1412
283.0412,284.94122,281.5412,299.2412,292.1412,292.6412,292.2412,292.1412,320.84122,317.84122,317.34122,320.84122,323.5412,324.84122,326.84122,327.94122,331.84122,332.2412,331.1412,335.7412,336.6412,337.5412,330.94122,328.6412,325.6412,309.2412,300.5412,299.84122,302.44122,304.94122,302.44122,296.34122,302.2412,295.1412,310.94122,273.1412,273.2412,320.34122,326.7412,326.44122,327.94122,316.94122,285.94122
284.34122,285.94122,300.2412,292.94122,292.2412,292.1412,291.94122,319.84122,318.94122,323.0412,320.1412,319.5412,321.6412,324.34122,326.2412,330.0412,328.44122,325.0412,330.2412,334.2412,333.6412,336.94122,332.6412,331.2412,326.1412,317.84122,324.6412,322.7412,322.34122,321.5412,319.7412,299.84122,298.34122,298.2412,305.0412,304.44122,302.6412,304.94122,300.0412,306.0412,305.1412,297.2412,289.84122
288.6412,291.7412,298.6412,295.0412,293.34122,292.94122,299.34122,317.34122,315.84122,321.1412,322.44122,321.34122,321.84122,321.7412,293.34122,292.94122,323.94122,322.94122,327.5412,331.34122,333.5412,332.6412,323.2412,322.2412,327.2412,332.1412,327.94122,327.44122,331.94122,324.7412,327.2412,324.7412,323.84122,319.0412,324.7412,331.84122,326.94122,315.5412,296.0412,299.0412,292.84122,312.94122,318.84122
290.5412,295.7412,302.0412,296.0412,295.5412,296.0412,303.6412,314.0412,316.84122,321.1412,319.94122,321.1412,324.7412,320.94122,293.84122,293.1412,290.5412,316.34122,321.1412,323.7412,325.1412,328.5412,328.5412,327.0412,325.6412,328.2412,328.34122,328.6412,329.1412,321.94122,328.5412,331.34122,327.5412,322.84122,295.44122,296.34122,311.1412,322.2412,315.7412,330.5412,337.84122,327.94122,324.94122
291.44122,295.6412,299.84122,306.1412,296.44122,295.94122,295.94122,296.0412,323.5412,319.94122,321.34122,320.6412,319.2412,317.1412,295.6412,292.5412,306.7412,319.84122,318.7412,322.0412,322.7412,327.94122,325.94122,323.2412,324.34122,325.1412,327.0412,325.7412,328.44122,291.6412,324.84122,327.94122,329.7412,324.7412,324.34122,320.94122,313.5412,312.44122,306.84122,309.7412,325.6412,330.5412,324.44122
299.1412,300.94122,301.7412,303.94122,305.5412,303.84122,302.94122,310.34122,315.34122,313.94122,312.1412,313.5412,315.84122,312.44122,312.84122,313.1412,315.44122,311.1412,320.0412,319.34122,322.34122,323.34122,321.94122,322.6412,320.7412,320.6412,319.2412,322.2412,321.34122,322.7412,326.44122,325.0412,324.44122,325.1412,325.94122,322.34122,316.34122,311.44122,305.34122,298.7412,302.6412,297.1412,323.6412
300.44122,299.0412,301.44122,300.94122,302.34122,303.1412,304.1412,305.7412,309.5412,309.0412,308.84122,308.5412,308.34122,307.6412,309.6412,303.1412,309.34122,301.5412,318.1412,316.7412,307.7412,316.34122,317.5412,316.5412,316.0412,315.7412,315.44122,312.7412,314.34122,316.2412,313.1412,315.1412,314.6412,316.84122,314.94122,307.7412,311.2412,319.44122,321.6412,287.94122,316.84122,317.44122,311.34122
289.7412,298.5412,300.94122,302.1412,302.2412,301.34122,301.94122,304.5412,304.44122,302.1412,303.1412,300.6412,298.6412,298.0412,300.0412,307.0412,306.2412,308.34122,306.6412,298.1412,302.94122,312.1412,311.5412,312.1412,311.34122,309.44122,309.44122,311.44122,305.84122,297.2412,306.5412,306.44122,309.2412,311.7412,308.34122,313.6412,312.6412,306.6412,305.94122,306.5412,300.44122,297.0412,301.2412
295.5412,297.34122,298.0412,299.0412,300.44122,301.2412,300.5412,301.34122,301.5412,301.7412,294.1412,293.94122,289.0412,292.84122,294.1412,300.0412,305.34122,306.84122,308.6412,307.5412,306.7412,309.34122,309.94122,309.1412,310.6412,309.34122,307.84122,308.2412,303.94122,293.1412,294.1412,296.34122,294.44122,302.2412,304.84122,307.44122,298.44122,309.1412,301.44122,295.84122,300.44122,299.7412,299.84122
294.2412,292.1412,296.6412,298.34122,298.94122,298.84122,299.0412,298.44122,300.2412,299.7412,299.44122,298.7412,298.44122,298.1412,301.6412,301.5412,301.5412,304.44122,305.84122,306.44122,305.2412,308.0412,308.1412,306.44122,306.2412,307.44122,295.84122,293.44122,290.84122,297.34122,302.2412,296.6412,293.1412,291.44122,291.7412,295.94122,296.2412,303.7412,290.84122,297.7412,297.1412,299.1412,297.1412
292.7412,293.7412,294.1412,294.44122,296.7412,297.7412,297.5412,296.94122,296.44122,297.1412,297.94122,297.7412,295.5412,296.5412,300.0412,299.6412,299.94122,299.84122,301.44122,301.94122,303.5412,304.84122,303.7412,303.2412,302.6412,302.1412,300.7412,303.5412,302.44122,299.7412,298.34122,295.44122,296.0412,290.7412,290.2412,289.84122,289.2412,289.84122,291.94122,291.6412,292.2412,295.44122,303.1412
291.34122,291.2412,291.44122,291.7412,293.1412,294.34122,294.94122,295.0412,295.34122,298.2412,298.5412,294.6412,293.44122,291.1412,297.1412,294.84122,296.34122,297.34122,298.34122,298.2412,299.34122,299.5412,298.1412,296.2412,296.5412,296.7412,301.6412,301.1412,304.7412,304.34122,304.0412,299.1412,302.84122,291.34122,301.34122,291.5412,288.44122,288.0412,287.7412,287.6412,290.6412,291.7412,291.34122
290.44122,290.1412,290.2412,291.2412,288.84122,291.44122,292.0412,292.0412,291.84122,291.34122,292.2412,291.94122,291.2412,289.44122,292.7412,293.6412,292.34122,292.44122,293.84122,292.34122,294.5412,295.84122,295.34122,294.2412,297.2412,296.44122,300.5412,301.84122,301.6412,296.1412,295.34122,296.34122,296.94122,300.5412,296.44122,292.6412,289.7412,286.6412,286.84122,287.1412,287.6412,288.7412,289.6412
290.0412,290.0412,290.34122,291.2412,286.1412,290.7412,290.2412,290.44122,291.1412,290.2412,290.5412,290.2412,290.1412,289.34122,286.2412,288.5412,289.6412,290.7412,290.2412,289.6412,290.84122,291.2412,290.7412,291.0412,291.1412,291.1412,292.7412,293.6412,291.34122,295.7412,294.7412,288.34122,293.7412,286.7412,293.84122,292.44122,293.34122,296.2412,289.94122,285.5412,286.94122,287.84122,288.1412
