wind_kz.json
{"header": {"discipline":0,"disciplineName":"Meteorological products","gribEdition":2,"gribLength":1025,"center":7,"centerName":"US National Weather Service - NCEP(WMC)","subcenter":0,"refTime":"2023-08-07T12:00:00.000Z","significanceOfRT":1,"significanceOfRTName":"Start of forecast","productStatus":0,"productStatusName":"Operational products","productType":1,"productTypeName":"Forecast products","productDefinitionTemplate":0,"productDefinitionTemplateName":"Analysis/forecast at horizontal level/layer at a point in time","parameterCategory":2,"parameterCategoryName":"UnknownDiscipline_0_Category_2","parameterNumber":3,"parameterNumberName":"UnknownParameter_D0_C2_3","parameterUnit":"Unknown","genProcessType":2,"genProcessTypeName":"Forecast","forecastTime":300,"surface1Type":103,"surface1TypeName":"Specified height level above ground","surface1Value":10.0,"surface2Type":255,"surface2TypeName":"Missing","surface2Value":0.0,"gridDefinitionTemplate":0,"gridDefinitionTemplateName":"Latitude_Longitude","numberPoints":615,"shape":6,"shapeName":"Earth spherical with radius of 6,371,229.0 m","gridUnits":"degrees","resolution":48,"winds":"true","scanMode":64,"nx":41,"ny":15,"basicAngle":0,"lo1":47.0,"la1":41.0,"lo2":87.0,"la2":55.0,"dx":1.0,"dy":1.0}, "data":
[rows 0 to 14 of 15, columns 0 to 40 of 41]
0.51351565,-2.1664844,1.8735156,-2.9264843,-4.6564846,-0.65648437,1.1135156,1.5735157,0.38351563,1.2635156,-2.2764845,-2.9364843,-3.9164844,-4.6764846,-5.0664845,-2.7464843,-2.2064843,-2.0264845,-1.9864844,-1.8764844,-1.4964844,-2.7064843,-1.7664844,-0.84648436,-0.4764844,0.7935156,-1.2564844,1.7735156,0.43351564,1.2535156,0.24351563,-1.7464844,1.7135156,-1.0564843,0.24351563,-2.1364844,-2.5764844,2.6135156,1.0035156,1.9435157,1.8635156
3.6735156,1.3535156,1.5235156,-1.8364844,-3.6864843,-2.3864844,-1.3264843,0.70351565,1.3135157,1.6035156,-0.22648437,-2.3664844,-3.4264843,-4.0364842,-5.6964846,-2.5464845,-2.0664845,-1.1364844,-2.5264845,-3.5164843,-3.8064845,-4.3164845,-1.1564844,0.77351564,-0.8864844,0.39351562,-1.4564843,1.8135157,0.39351562,2.1135156,4.363516,5.0535154,0.42351562,-0.67648435,-2.9064844,0.41351563,-2.3564844,-2.3864844,-1.0064844,-0.49648437,1.4835156
0.96351564,3.4235156,1.2235156,0.023515625,-2.1664844,0.003515625,-0.19648437,-2.2464843,-1.2364844,-1.2364844,0.023515625,-1.7764844,-2.7064843,-3.8164845,-4.346484,-2.6464844,-1.2164844,-1.5464844,-2.8564844,-4.1564846,-4.4964843,-3.8464844,-0.076484375,-0.59648436,-0.23648438,1.0235156,1.5235156,1.6035156,0.36351562,2.5535157,3.4435155,1.3535156,2.6635156,-1.6264844,0.023515625,1.9835156,2.8635156,0.5635156,0.76351565,-0.5664844,-0.14648438
0.5535156,2.0735157,0.8135156,0.59351563,-1.7864844,-0.036484376,0.40351564,-1.1064844,-1.5064844,-2.0264845,-2.1064844,-1.6664844,0.37351564,-1.6864843,-3.0064843,-3.7964845,-3.9664843,-3.4164844,-2.6664844,-3.9264843,-3.6164844,-2.6064844,-1.3964844,-2.3964844,-1.2464844,-1.3364844,-0.7664844,0.14351563,0.17351562,-0.5164844,-1.0164844,0.3335156,1.1835157,0.25351563,-0.46648437,-2.6664844,-1.1064844,2.1535156,4.173516,2.8835156,1.2435156
-0.5264844,-1.5164844,-1.7564844,0.5535156,1.2735156,0.9735156,-0.39648438,-0.8164844,-2.3064845,-1.9564843,0.13351563,-2.7364843,-3.4764843,1.0235156,-2.4964843,-1.9864844,-3.1564844,-3.1764843,-3.3964844,-3.6464844,-3.6264844,-3.5264845,-3.5164843,-3.8264844,-4.1464844,-3.4964843,-2.5464845,-3.1964843,0.043515626,-0.7064844,-1.0764843,1.7135156,2.4135156,2.5235157,-1.0864844,-1.8664844,0.21351562,-0.54648435,1.2735156,2.8735156,1.9835156
-2.6864843,0.5035156,-0.60648435,-1.8564844,3.8635156,5.1035156,0.8135156,-1.5864844,0.44351563,0.023515625,-1.5364844,-2.6264844,-3.7264843,-3.7364843,-3.6564844,-2.9164844,-1.5364844,-3.0864844,-4.5864844,-2.8164845,-2.6364844,-3.1964843,-3.4664843,-4.1764846,-4.386484,-3.9164844,-3.2364843,-5.326484,-2.8764844,0.6735156,0.073515624,-0.8064844,2.8335156,2.7735157,2.9335155,1.0135156,3.3035157,0.8735156,-1.6464844,-1.5364844,1.3935156
-3.5164843,-3.2964845,-1.3664844,-0.16648437,1.1935157,2.3335156,1.5635157,0.28351563,1.0635157,1.1035156,-0.08648437,-1.7064843,-2.5064843,-3.1864843,-4.2064843,-5.1664844,-4.1064844,-3.7464843,-3.5264845,-0.016484374,-2.2664843,-3.4764843,-4.0864844,-4.2264843,-3.6464844,-3.8764844,-4.4764843,-6.4064846,-5.9264846,-4.1264844,3.0435157,1.4635156,2.7235155,1.7535156,-0.20648438,-1.2264844,-3.3164845,0.5035156,1.3935156,-0.14648438,-0.076484375
-2.7064843,-4.2064843,-3.4964843,-1.8064843,-1.1264844,-0.08648437,0.6635156,2.2135155,2.2135155,0.15351562,0.11351562,0.7535156,-1.9664844,-2.8364844,-3.0364845,-3.7464843,-4.0064845,-4.386484,-4.5464845,-1.4764844,-2.0764844,-2.0864844,-3.2164843,-3.9964843,-3.2464843,-2.6064844,-4.3964844,-6.0864844,-5.2764845,-9.236485,-6.9364843,-4.2864842,0.8835156,-2.6364844,1.7735156,1.3535156,0.6635156,2.4535155,-1.2164844,0.71351564,-2.1564844
-0.8864844,-1.7764844,-2.0464845,-1.6164844,-2.3564844,-1.2764844,0.073515624,2.0135157,1.9235157,0.9835156,1.6735157,-0.98648435,-1.5064844,-2.5164843,-3.0564845,-3.0264845,-3.5064843,-3.5864844,-3.8764844,-2.1464844,-5.4164844,-3.1964843,-3.1164844,-3.2964845,-3.5764844,-4.346484,-2.7064843,-3.0464845,-5.1864843,-4.1064844,-7.4764843,-7.8164845,-5.076484,-4.306484,-1.1764843,2.8535156,-1.3164843,1.3435156,1.9435157,1.0835156,-0.72648436
-0.79648435,-1.3664844,-0.5664844,-0.66648436,-0.8064844,-1.3664844,0.043515626,0.59351563,1.4935156,0.5435156,0.39351562,-0.67648435,-1.0464844,-2.4764843,-2.8064845,-3.3064845,-3.7364843,-3.4764843,-2.9464843,-2.0664845,-2.0364845,-2.5664845,-2.4964843,-3.2264843,-3.9064844,-3.2964845,-3.8364844,-2.9164844,-2.7764845,-3.5864844,-4.2864842,-5.5464845,-6.9264846,-6.8964844,-5.366484,-0.12648438,0.6635156,-2.1464844,-0.60648435,2.9935157,2.7335157
-0.71648437,-2.1064844,-0.7764844,-2.1464844,-1.7764844,-2.9064844,-1.4864844,-0.48648438,-0.8264844,-0.15648438,1.0135156,0.8535156,-1.4264843,-1.6764843,-2.1464844,-2.8264844,-3.4664843,-3.1064844,-2.6564844,-1.9964844,-1.3964844,-2.2564843,-3.3064845,-3.3864844,-3.0764844,-2.7764845,-2.0664845,-2.6864843,-2.3864844,-0.6364844,0.18351562,-4.2464843,-5.366484,-5.1264844,-5.7764845,-4.8764844,-2.6664844,2.1235156,1.2535156,1.8035157,0.52351564
-0.8264844,-0.6464844,1.5535157,0.5035156,-2.4464843,0.023515625,1.1135156,0.45351562,-0.54648435,-0.31648436,-0.90648437,-1.2164844,-0.26648438,0.35351562,-1.0864844,-1.6264844,-2.6064844,-1.7564844,-0.8164844,-0.90648437,-1.5064844,-3.0364845,-2.5964844,-2.6864843,-3.0264845,-3.1564844,-3.1464844,-3.1164844,-2.3464844,-2.8864844,-2.5064843,-2.8564844,-4.1864843,-3.1864843,-2.7364843,-2.7964845,-2.3064845,-0.14648438,-0.23648438,1.7235156,0.6735156
-0.056484375,0.9935156,0.6235156,-0.046484374,-1.5364844,-0.15648438,-1.0564843,0.34351563,-0.06648438,0.34351563,-0.4464844,-0.79648435,-0.43648437,-0.71648437,0.5635156,-0.20648438,-0.5064844,-1.8764844,0.89351565,-1.4964844,-1.6264844,-1.2164844,-1.3764844,-1.9364843,-2.5264845,-2.5064843,-2.8464844,-0.90648437,-1.9964844,-2.7664843,-3.2964845,-2.1564844,-2.6264844,-2.8764844,-2.4364843,-2.6164844,-2.2964845,-1.3164843,-0.9964844,0.32351562,0.84351563
0.77351564,1.6735157,0.8135156,0.35351562,-0.6264844,-0.4464844,0.24351563,1.1835157,1.1435156,0.31351563,1.0235156,-0.30648437,-0.92648435,-1.0064844,0.023515625,0.8735156,-0.5264844,0.82351565,0.3035156,-0.34648436,-1.8264843,-2.3064845,-2.7264843,-3.3764844,-2.5564845,-2.9964843,-1.9264843,-1.6564844,-2.3964844,-2.0964844,-1.7464844,-1.7964844,-1.3164843,-0.46648437,-0.45648438,-1.8264843,-1.6864843,-1.8764844,-1.1964843,-0.046484374,0.8735156
1.3935156,2.1735156,1.7535156,1.3935156,0.003515625,0.5635156,0.83351564,1.4635156,0.6635156,0.003515625,0.063515626,0.8835156,0.8835156,-0.8864844,-2.8064845,-1.4164844,-1.5664843,-2.2364843,-1.5864844,-3.4564843,-2.6064844,-2.9364843,-2.5564845,-2.7064843,-2.7364843,-2.5264845,-2.2564843,-2.2764845,-1.8964844,-1.8664844,-2.1564844,-1.7164844,-0.6964844,-1.1164844,-0.5064844,0.45351562,0.34351563,-0.116484374,-0.39648438,-0.7064844,0.9335156
