wind_kz.json
{"header": {"discipline":0,"disciplineName":"Meteorological products","gribEdition":2,"gribLength":1025,"center":7,"centerName":"US National Weather Service - NCEP(WMC)","subcenter":0,"refTime":"2023-08-28T12:00:00.000Z","significanceOfRT":1,"significanceOfRTName":"Start of forecast","productStatus":0,"productStatusName":"Operational products","productType":1,"productTypeName":"Forecast products","productDefinitionTemplate":0,"productDefinitionTemplateName":"Analysis/forecast at horizontal level/layer at a point in time","parameterCategory":2,"parameterCategoryName":"UnknownDiscipline_0_Category_2","parameterNumber":2,"parameterNumberName":"UnknownParameter_D0_C2_2","parameterUnit":"Unknown","genProcessType":2,"genProcessTypeName":"Forecast","forecastTime":60,"surface1Type":103,"surface1TypeName":"Specified height level above ground","surface1Value":10.0,"surface2Type":255,"surface2TypeName":"Missing","surface2Value":0.0,"gridDefinitionTemplate":0,"gridDefinitionTemplateName":"Latitude_Longitude","numberPoints":615,"shape":6,"shapeName":"Earth spherical with radius of 6,371,229.0 m","gridUnits":"degrees","resolution":48,"winds":"true","scanMode":64,"nx":41,"ny":15,"basicAngle":0,"lo1":47.0,"la1":41.0,"lo2":87.0,"la2":55.0,"dx":1.0,"dy":1.0}, "data":
[rows 0 to 14 of 15, columns 0 to 40 of 41]
-0.08959961,0.2704004,1.4204004,-2.8095996,-3.7995996,-3.8895996,-2.4995997,-3.7195997,-3.3895996,-1.7695996,-1.0195996,-0.2595996,-0.62959963,-0.8695996,-0.68959963,-2.2995996,-1.6295996,-0.4395996,-3.1495996,-0.74959964,1.6004004,1.9304004,1.5204004,-0.08959961,2.1004004,-0.03959961,-1.4595996,1.6404004,-0.16959961,1.0204004,-0.2495996,2.3104005,0.8404004,1.3404003,-1.0995996,-1.4395996,-1.3295996,-0.4095996,0.2004004,-0.3695996,0.5104004
1.2304004,-0.14959961,-6.2895994,-5.0695996,-3.4195995,-2.8895996,-1.2795997,-1.1295996,-0.19959961,1.7104003,0.9704004,-1.6695997,-1.8295996,-0.8495996,0.02040039,2.3304005,1.6804004,0.5904004,0.56040037,1.3104004,1.6904004,1.9904004,1.5204004,-0.7595996,1.4504004,1.1104004,-2.3395996,1.4504004,1.2904004,-0.20959961,0.6104004,-0.6595996,1.9304004,-1.1595997,0.8504004,-0.87959963,-0.9595996,0.05040039,-0.5295996,1.2604004,0.15040039
-0.99959964,-4.6995997,-4.4096,-2.6195996,-1.1995996,-1.5395997,-3.1995995,-1.5395997,-1.2695996,-0.6995996,1.2904004,2.2804003,1.0204004,1.9304004,1.7004004,2.3204005,3.3904004,4.4404006,3.2704003,2.9204004,2.7904005,2.5704005,3.1704004,2.2604003,-0.9895996,1.3804004,2.8704004,-1.2895997,2.2504003,-0.7695996,-1.0295997,1.9104004,1.3504004,0.7104004,0.2004004,-1.7895997,-0.7995996,-0.3195996,-1.4495996,-0.6095996,1.5404004
-3.6495996,-3.7695997,-2.1495996,0.7904004,0.16040039,0.42040038,1.1204004,2.2404003,2.2304003,3.1104004,3.4704003,3.8204005,7.3404,7.5704,3.0104003,3.9004004,3.9904003,4.3504004,6.0804005,3.4604003,2.8904004,1.3104004,1.3504004,2.6104004,2.1604004,2.0904005,2.9904003,1.7704004,5.8704004,5.1904006,4.7804003,3.5304003,7.3604,9.3104,4.7604003,1.5504004,-1.4795996,1.4304004,1.7404004,-0.93959963,-0.4595996
-1.7595996,-0.8195996,1.0204004,2.6304004,3.6604004,2.5904005,3.3204005,4.0404005,4.5504003,5.4104004,5.7604003,6.4704003,10.4404,9.4004,7.9004,7.4404006,5.5504003,6.5304003,4.1304,5.1904006,5.9704003,3.2704003,3.7804003,4.3404,3.5904005,3.2204003,2.4904003,2.7204003,4.2404003,7.2804003,6.8604,4.8104005,-0.19959961,-0.05959961,2.4604003,0.01040039,-1.8995996,-2.4095995,-2.9795997,-2.7095995,-3.3495996
1.7404004,2.5304003,5.1604004,7.3004003,8.7904005,8.8604,7.1804004,6.4404006,6.7404003,6.0104003,5.9604006,5.4004,7.8104005,10.6204,10.430401,4.4104004,6.6804004,7.3304005,7.0704,7.8504004,6.5604005,7.4704003,3.1304004,3.5504005,3.4204004,3.5004003,3.1604004,7.9304004,5.0804005,5.6504,8.0804,8.470401,6.9204006,9.510401,5.0204005,-0.12959962,1.9104004,-3.0195997,0.03040039,-2.1695995,-3.1095996
2.7104003,3.5204003,3.9804003,4.1704006,4.1504,3.1304004,3.8604004,3.6204004,3.7804003,3.8704004,4.2004004,3.8704004,4.7404003,5.0304003,5.5404005,7.8704004,8.380401,8.1404,8.130401,8.0304,7.3304005,6.5504003,5.3204,5.2504005,4.3304005,2.4904003,3.2804003,5.7404003,7.0604005,4.1904006,6.9204006,8.250401,10.510401,9.010401,3.6804004,1.8304003,-0.3695996,2.8104005,-3.6395996,0.42040038,0.5904004
-1.4595996,0.07040039,1.0504004,2.2104003,3.0504005,3.8204005,3.6904004,3.5604005,3.3604004,3.8804004,3.5504005,4.9204006,5.5904,5.7904005,6.9304004,8.4804,9.3104,7.6104,8.2804,7.4004,7.7904005,6.9504004,6.1104,5.0804005,5.7204003,1.1404004,3.1504004,3.9904003,5.0404005,4.0304003,5.3304005,7.8804,8.4804,5.8704004,-0.11959961,-0.09959961,0.9604004,-3.8895996,-3.5795996,-3.6295996,-2.6095996
0.7604004,1.3604004,1.2104003,1.3004004,2.0304003,3.0204003,3.8804004,3.4004004,3.2004004,4.2304006,5.7804003,5.5304003,7.4204006,7.4204006,7.7204003,7.6504,8.1604,8.5304,8.5304,7.4504004,7.4604006,7.0304003,6.3304005,4.9504004,3.6004004,1.1804004,2.4104004,2.6804004,4.8504004,1.9804004,1.4504004,5.9404006,7.8804,2.8604004,1.2304004,-0.4595996,-1.3295996,-2.5695996,-1.3795996,-0.26959962,-2.3395996
0.7904004,0.09040039,0.6404004,2.0004003,2.3404005,2.6304004,2.6304004,3.3604004,3.9504004,5.9604006,6.1504,7.1704006,7.8504004,6.5104003,5.4104004,5.6504,6.5904,7.5304003,7.1704006,7.3204,7.1804004,8.7904005,5.2804003,3.4904003,2.2204003,1.4604003,1.8704004,4.6004004,0.3404004,3.3004005,1.4604003,0.5404004,7.1604004,2.5304003,0.7104004,-0.32959962,-2.6795995,-0.48959962,-2.1695995,-0.009599609,-1.4395996
-0.01959961,1.0204004,2.8004005,2.5304003,2.2304003,2.1904004,2.9904003,3.9404004,4.0604005,4.3104005,5.7904005,6.4004,5.4304004,4.6204004,4.1104,3.7204003,3.7504003,1.8604004,2.3804004,4.1104,4.7704005,4.0504003,3.4804003,4.5404005,0.7904004,1.2004004,0.9704004,2.6604004,1.4504004,3.5404005,3.9004004,5.3404,4.3304005,2.5004003,2.5204003,-1.2995996,-1.9495996,-0.2595996,-1.1195996,1.1704004,-1.4095997
0.8804004,1.2704004,1.2504004,1.7604004,2.1804004,2.1404004,3.2204003,3.8504004,4.6204004,4.2504005,4.7904005,6.4304004,5.2904005,3.8704004,4.3804,4.3004003,3.7704003,3.2604003,0.9704004,2.9104004,1.7004004,0.8404004,0.5304004,-0.6395996,-1.1595997,-0.29959962,1.5904003,1.9704003,3.0504005,2.2804003,4.1604004,4.4204006,4.3004003,1.5204004,-0.1395996,-0.4395996,-2.1595995,-1.6595997,-0.32959962,-0.7795996,-0.6395996
0.8404004,1.8504004,1.5104004,1.1504004,2.5104003,2.2504003,3.6204004,4.3904004,3.6904004,3.7804003,3.3004005,4.8204,4.9804006,4.0104003,3.1904004,3.9704003,2.7704003,2.0104003,2.4804003,0.1704004,-0.6495996,-0.55959964,-1.0195996,-1.1895996,-0.14959961,0.7604004,2.1104004,4.6104,4.1704006,5.7804003,4.1104,3.2704003,2.5804005,-1.1395996,-3.2995996,-2.7995996,-4.1796,-1.8595996,-3.2495997,-1.9695996,-1.2095996
1.5004004,1.9704003,2.4904003,2.0804005,2.2004004,2.6804004,3.3204005,3.6704004,4.2904005,4.6404004,3.5104003,4.1504,4.0504003,4.0104003,2.6104004,3.0504005,3.0404005,1.0404004,-0.5195996,-0.2495996,-0.5895996,-0.11959961,-0.7095996,-0.2495996,0.9704004,1.8304003,2.0504005,3.1204004,1.4904004,1.2004004,0.45040038,-0.6195996,-2.7795997,-3.9695997,-3.0095997,-4.3995996,-3.4595995,-2.6995995,-2.2495997,-1.2595996,-1.9695996
1.0104004,2.6404004,2.6104004,1.1304004,2.4104004,2.5604005,4.1004004,4.3104005,4.9004,4.4504004,3.3704004,4.8004003,4.0504003,2.8404005,2.5704005,2.0304003,1.1204004,-0.3395996,-0.7295996,0.06040039,0.56040037,0.75040036,0.7704004,-0.41959962,1.6304004,1.2904004,2.8304005,1.3004004,-0.7295996,-1.4995996,-2.1695995,-4.1995997,-5.6295996,-3.4595995,-5.3295994,-3.7395997,-2.9395995,-3.1695995,-2.1095996,-1.7095996,-0.93959963
