wind_kz.json
{"header": {"discipline":0,"disciplineName":"Meteorological products","gribEdition":2,"gribLength":1025,"center":7,"centerName":"US National Weather Service - NCEP(WMC)","subcenter":0,"refTime":"2023-09-24T12:00:00.000Z","significanceOfRT":1,"significanceOfRTName":"Start of forecast","productStatus":0,"productStatusName":"Operational products","productType":1,"productTypeName":"Forecast products","productDefinitionTemplate":0,"productDefinitionTemplateName":"Analysis/forecast at horizontal level/layer at a point in time","parameterCategory":2,"parameterCategoryName":"UnknownDiscipline_0_Category_2","parameterNumber":2,"parameterNumberName":"UnknownParameter_D0_C2_2","parameterUnit":"Unknown","genProcessType":2,"genProcessTypeName":"Forecast","forecastTime":180,"surface1Type":103,"surface1TypeName":"Specified height level above ground","surface1Value":10.0,"surface2Type":255,"surface2TypeName":"Missing","surface2Value":0.0,"gridDefinitionTemplate":0,"gridDefinitionTemplateName":"Latitude_Longitude","numberPoints":615,"shape":6,"shapeName":"Earth spherical with radius of 6,371,229.0 m","gridUnits":"degrees","resolution":48,"winds":"true","scanMode":64,"nx":41,"ny":15,"basicAngle":0,"lo1":47.0,"la1":41.0,"lo2":87.0,"la2":55.0,"dx":1.0,"dy":1.0}, "data":
[rows 0 to 14 of 15, columns 0 to 40 of 41]
0.62295896,-0.907041,1.692959,-1.117041,-4.777041,-6.987041,-5.097041,-5.517041,-7.347041,-3.8470411,-4.317041,-4.7270412,-5.087041,-4.647041,-4.4770412,-3.987041,-2.387041,-2.377041,-3.437041,-2.287041,-1.387041,-0.14704102,-0.42704102,-2.807041,0.68295896,-1.227041,-3.027041,-2.997041,0.48295897,-0.387041,0.432959,0.93295896,0.24295898,-0.49704102,-3.877041,-3.977041,-2.317041,-6.097041,-6.797041,-3.407041,-3.157041
1.672959,2.452959,-2.017041,-2.887041,-6.577041,-7.547041,-4.257041,-7.627041,-5.177041,-4.867041,-4.307041,-5.417041,-4.517041,-4.157041,-3.217041,-4.197041,-1.817041,-2.867041,-2.947041,-2.947041,-3.307041,-1.947041,-1.047041,-3.147041,-0.987041,0.912959,-1.307041,-0.727041,-1.997041,-1.347041,0.21295899,-0.14704102,-0.22704102,-1.947041,0.23295899,-0.0070410157,-0.42704102,-0.27704102,0.542959,-0.377041,-2.267041
0.912959,-1.697041,-2.907041,-6.007041,-7.377041,-6.317041,-5.427041,-3.587041,-5.707041,-5.267041,-4.857041,-5.217041,-4.607041,-4.567041,-4.277041,-4.607041,-4.347041,-3.687041,-3.197041,-2.457041,-3.257041,-6.207041,-4.627041,-4.517041,0.432959,-2.917041,-1.717041,-1.9170411,-1.727041,-1.057041,-2.067041,2.552959,-0.447041,-1.067041,-0.017041016,-0.477041,0.11295898,-0.107041016,1.9629589,2.782959,0.512959
0.042958986,-2.247041,-3.5970411,-5.457041,-5.307041,-5.107041,-3.327041,-5.087041,-4.707041,-4.787041,-4.537041,-4.987041,-5.867041,-5.087041,-4.257041,-4.117041,-3.997041,-4.017041,-3.537041,-3.147041,-4.057041,-2.737041,-2.477041,-3.877041,-4.287041,-4.257041,-4.037041,-6.4770412,-2.837041,-1.4170411,-1.627041,-2.457041,-1.947041,-3.407041,-2.827041,-2.017041,-1.807041,2.232959,-0.387041,0.512959,1.562959
-2.547041,-5.347041,-5.7270412,-4.817041,-4.457041,-4.167041,-3.617041,-3.807041,-4.057041,-3.687041,-4.487041,-4.397041,-5.097041,-4.677041,-4.527041,-3.737041,-3.977041,-3.587041,-3.717041,-4.357041,-4.627041,-4.987041,-4.897041,-4.287041,-4.407041,-4.547041,-6.197041,-4.167041,-4.247041,-3.8570411,-3.437041,-2.747041,-1.977041,0.842959,1.522959,0.512959,-2.197041,-1.277041,-2.367041,1.042959,-3.547041
-3.677041,-3.197041,-3.417041,-4.127041,-3.877041,-5.027041,-4.027041,-3.527041,-2.907041,-3.147041,-3.327041,-3.257041,-3.207041,-2.977041,-2.927041,-2.317041,-2.967041,-3.397041,-3.677041,-3.217041,-3.797041,-3.6070411,-4.007041,-3.907041,-4.067041,-4.367041,-3.0970411,-4.667041,-3.717041,-3.237041,-2.507041,-2.407041,-3.307041,-2.467041,-0.75704104,0.272959,0.15295899,1.422959,0.822959,-1.2870411,-3.3470411
-3.547041,-2.467041,-3.027041,-2.037041,-3.637041,-3.227041,-3.017041,-3.047041,-2.797041,-2.117041,-1.197041,-0.957041,-0.06704102,0.56295896,1.382959,1.202959,0.81295896,0.86295897,-1.017041,-2.397041,-1.977041,-1.817041,-1.437041,-1.827041,-1.507041,-1.257041,0.632959,0.892959,0.782959,-0.0070410157,-0.807041,-1.187041,-1.557041,-1.397041,-1.6670411,-1.767041,-0.88704103,2.442959,0.272959,0.722959,2.472959
-0.657041,-0.36704102,-0.987041,-1.597041,-1.867041,-1.887041,-1.997041,-1.727041,-0.677041,-0.09704102,0.852959,1.982959,2.332959,2.322959,2.202959,2.262959,2.132959,1.242959,1.052959,1.222959,2.242959,1.792959,2.132959,0.772959,1.132959,0.61295897,1.632959,1.242959,1.612959,1.642959,1.602959,3.272959,0.592959,1.602959,-0.29704103,1.162959,0.492959,3.072959,3.042959,2.482959,-0.987041
2.482959,1.7129589,1.282959,0.462959,0.522959,0.12295899,-0.347041,-0.30704102,-0.18704101,0.92295897,1.722959,1.722959,3.472959,2.452959,2.842959,2.182959,2.772959,2.012959,2.262959,1.932959,2.1529589,3.112959,3.322959,3.002959,2.332959,2.082959,1.972959,1.662959,1.9629589,1.7129589,2.442959,2.582959,3.512959,0.642959,1.7129589,-0.50704104,0.26295897,-0.767041,-0.93704104,1.362959,-2.047041
2.762959,-0.50704104,0.80295897,2.112959,0.952959,1.422959,0.702959,1.012959,1.312959,1.662959,2.472959,2.712959,2.702959,3.6429589,3.1429589,3.4029589,2.972959,2.712959,2.552959,2.112959,2.9029589,3.462959,4.092959,3.362959,3.102959,2.842959,2.752959,2.942959,3.072959,3.972959,2.272959,2.992959,2.6429589,1.692959,-0.46704102,-1.247041,-2.1070411,-0.26704103,0.09295899,0.592959,-1.277041
2.272959,3.112959,2.312959,1.562959,1.752959,1.072959,1.912959,2.082959,1.622959,1.872959,2.182959,2.342959,2.802959,3.292959,3.632959,3.552959,3.702959,4.0229588,2.332959,3.322959,3.562959,3.602959,3.882959,3.572959,3.112959,2.452959,3.162959,3.192959,4.092959,4.312959,3.882959,3.362959,2.312959,1.802959,0.632959,-1.377041,-1.337041,1.012959,-0.75704104,1.012959,-0.23704101
1.5929589,0.80295897,2.492959,2.752959,2.762959,1.612959,0.61295897,1.352959,1.512959,0.92295897,0.652959,3.042959,2.772959,3.1429589,3.772959,3.6529589,3.832959,3.992959,2.082959,3.712959,3.062959,3.872959,3.282959,3.102959,3.442959,3.732959,3.072959,4.132959,4.072959,3.342959,2.842959,2.992959,2.872959,2.992959,1.722959,3.6529589,3.532959,0.62295896,-0.967041,-0.077041015,-0.22704102
2.052959,2.252959,1.612959,1.362959,1.892959,1.662959,1.522959,1.002959,1.532959,0.662959,0.362959,2.822959,2.372959,3.502959,3.762959,3.542959,3.182959,3.292959,2.802959,3.172959,2.572959,2.492959,2.942959,2.572959,4.092959,3.462959,4.162959,3.672959,3.282959,2.842959,2.802959,3.062959,2.9029589,2.762959,4.532959,3.382959,3.952959,2.952959,0.542959,3.132959,0.16295898
3.1429589,3.462959,2.782959,2.772959,1.682959,1.822959,1.762959,1.852959,1.782959,0.92295897,0.15295899,0.662959,2.372959,3.712959,3.952959,3.502959,3.412959,2.722959,2.682959,3.302959,3.302959,3.412959,4.002959,3.3929589,3.3929589,2.862959,2.602959,3.052959,2.742959,2.912959,2.742959,2.102959,2.172959,2.342959,2.512959,2.832959,2.712959,2.352959,3.042959,2.1429589,0.732959
3.312959,3.332959,5.602959,3.262959,3.242959,2.3929589,2.762959,1.562959,2.242959,1.322959,0.11295898,1.3429589,2.1429589,1.752959,3.782959,3.682959,3.212959,3.362959,2.222959,3.262959,3.202959,3.272959,2.872959,3.012959,2.9029589,2.912959,3.072959,2.8929589,2.622959,2.262959,2.052959,2.542959,2.112959,2.342959,2.012959,3.102959,2.922959,3.072959,2.992959,2.042959,-0.82704103
