wind_kz.json
{"header": {"discipline":0,"disciplineName":"Meteorological products","gribEdition":2,"gribLength":948,"center":7,"centerName":"US National Weather Service - NCEP(WMC)","subcenter":0,"refTime":"2023-09-28T12:00:00.000Z","significanceOfRT":1,"significanceOfRTName":"Start of forecast","productStatus":0,"productStatusName":"Operational products","productType":1,"productTypeName":"Forecast products","productDefinitionTemplate":0,"productDefinitionTemplateName":"Analysis/forecast at horizontal level/layer at a point in time","parameterCategory":0,"parameterCategoryName":"UnknownDiscipline_0_Category_0","parameterNumber":0,"parameterNumberName":"UnknownParameter_D0_C0_0","parameterUnit":"Unknown","genProcessType":2,"genProcessTypeName":"Forecast","forecastTime":0,"surface1Type":1,"surface1TypeName":"Ground or water surface","surface1Value":0.0,"surface2Type":255,"surface2TypeName":"Missing","surface2Value":0.0,"gridDefinitionTemplate":0,"gridDefinitionTemplateName":"Latitude_Longitude","numberPoints":615,"shape":6,"shapeName":"Earth spherical with radius of 6,371,229.0 m","gridUnits":"degrees","resolution":48,"winds":"true","scanMode":64,"nx":41,"ny":15,"basicAngle":0,"lo1":47.0,"la1":41.0,"lo2":87.0,"la2":55.0,"dx":1.0,"dy":1.0}, "data":
[rows 0 to 14 of 15, columns 0 to 40 of 41]
304.23346,291.63345,298.23346,295.73346,296.23346,295.43344,303.43344,309.03345,307.53345,306.93344,304.73346,304.43344,303.53345,303.63345,303.53345,302.93344,303.13345,302.73346,303.63345,303.53345,304.83344,301.83344,301.13345,294.93344,296.83344,298.73346,291.93344,281.03345,277.23346,278.73346,279.03345,277.13345,287.73346,293.73346,295.63345,295.33344,296.13345,295.43344,295.13345,294.03345,292.13345
282.23346,297.53345,295.23346,295.13345,294.93344,294.13345,310.23346,306.63345,305.33344,305.23346,305.43344,303.83344,303.43344,302.53345,302.33344,302.33344,302.83344,303.13345,301.93344,302.13345,302.03345,301.23346,298.53345,289.23346,279.23346,278.63345,287.63345,280.33344,282.53345,276.13345,280.83344,271.53345,280.63345,253.63345,277.33344,290.63345,290.23346,292.13345,295.23346,287.43344,284.13345
300.33344,294.53345,294.83344,294.33344,293.23346,306.73346,305.13345,304.73346,303.83344,303.03345,302.33344,303.43344,302.03345,304.03345,302.13345,301.73346,300.93344,300.13345,300.93344,301.23346,301.13345,300.73346,300.83344,294.33344,297.53345,296.13345,296.33344,295.13345,293.73346,284.73346,272.73346,276.13345,284.13345,282.63345,284.93344,282.73346,275.63345,278.13345,278.83344,271.33344,268.33344
302.33344,294.03345,294.63345,294.43344,296.23346,303.93344,303.63345,302.73346,302.23346,301.63345,301.93344,301.33344,292.63345,292.33344,301.53345,302.03345,300.13345,299.13345,299.73346,299.73346,299.13345,296.63345,299.73346,300.53345,300.03345,300.23346,299.83344,296.13345,294.33344,295.63345,295.13345,290.83344,296.03345,294.33344,291.93344,287.03345,274.83344,266.03345,278.73346,285.33344,288.53345
303.03345,293.33344,293.63345,292.83344,296.33344,301.53345,301.73346,301.53345,299.23346,298.73346,298.73346,298.73346,291.43344,289.83344,288.93344,300.93344,299.63345,297.13345,296.53345,297.03345,298.33344,299.63345,299.83344,299.83344,299.63345,299.53345,297.83344,294.73346,297.73346,297.43344,298.93344,294.93344,281.13345,270.13345,282.33344,288.93344,291.53345,291.73346,292.23346,291.93344,291.13345
305.03345,303.03345,292.23346,293.03345,293.33344,292.73346,301.23346,301.33344,298.53345,298.43344,298.43344,298.63345,291.93344,290.53345,294.33344,297.93344,297.93344,296.73346,296.33344,296.63345,296.23346,297.53345,298.23346,298.33344,298.33344,297.33344,297.63345,289.83344,298.43344,298.13345,295.73346,296.43344,294.23346,290.93344,287.33344,289.83344,282.43344,285.83344,289.03345,289.93344,290.13345
304.93344,304.73346,303.73346,303.83344,299.63345,301.53345,301.63345,299.43344,299.53345,299.13345,298.43344,298.23346,297.43344,294.13345,296.13345,296.63345,295.63345,295.53345,295.03345,294.03345,294.93344,296.13345,297.03345,296.83344,295.13345,295.53345,295.93344,296.13345,295.53345,295.03345,294.13345,294.33344,293.13345,292.23346,290.13345,288.03345,281.83344,279.43344,275.83344,272.93344,283.63345
306.23346,305.03345,303.63345,302.03345,301.73346,301.23346,300.63345,298.93344,297.83344,297.43344,296.53345,294.73346,298.13345,296.93344,295.33344,292.93344,294.43344,294.23346,293.43344,291.53345,293.03345,293.43344,292.03345,292.83344,292.43344,289.63345,290.23346,292.13345,290.53345,292.03345,290.53345,291.03345,290.03345,286.33344,285.83344,285.53345,285.23346,286.83344,284.03345,283.23346,279.53345
304.73346,302.73346,301.33344,299.43344,298.73346,298.93344,298.43344,297.63345,296.73346,296.03345,295.83344,294.13345,293.43344,287.93344,289.73346,294.33344,293.93344,292.83344,291.73346,290.53345,288.73346,289.53345,290.23346,290.33344,288.93344,288.63345,286.93344,286.63345,286.43344,285.63345,286.13345,287.03345,287.43344,286.13345,286.43344,282.63345,281.23346,279.73346,267.03345,265.93344,261.53345
301.73346,299.93344,299.23346,298.03345,297.93344,297.63345,297.23346,296.53345,295.83344,295.43344,294.63345,293.83344,294.23346,291.13345,290.63345,291.23346,292.03345,292.73346,292.03345,291.33344,289.93344,289.33344,288.73346,288.53345,289.03345,287.83344,287.23346,287.13345,284.63345,284.63345,284.33344,286.23346,287.63345,286.83344,285.83344,285.03345,281.13345,274.23346,269.83344,269.83344,266.73346
298.63345,298.13345,296.93344,296.43344,296.33344,295.83344,295.73346,295.53345,294.63345,294.33344,293.93344,292.73346,292.63345,290.53345,289.03345,290.93344,289.73346,289.93344,291.63345,290.83344,290.03345,289.33344,288.43344,288.43344,288.23346,288.33344,286.03345,287.83344,285.43344,286.93344,286.53345,287.23346,287.33344,286.83344,286.43344,283.73346,280.83344,275.63345,275.33344,275.53345,270.93344
296.73346,295.93344,296.43344,295.93344,294.83344,294.43344,293.53345,293.33344,293.33344,292.83344,290.93344,290.23346,290.73346,287.83344,287.53345,289.13345,288.93344,287.93344,287.63345,287.33344,286.63345,286.73346,286.63345,286.53345,286.23346,287.73346,288.03345,288.63345,288.23346,287.63345,286.03345,285.33344,287.03345,285.63345,285.63345,286.23346,286.03345,282.73346,281.83344,280.43344,278.93344
292.83344,293.83344,294.33344,294.13345,293.63345,292.63345,292.93344,293.43344,292.23346,290.53345,287.83344,286.23346,288.43344,287.33344,288.13345,287.13345,287.83344,287.93344,288.53345,286.63345,285.23346,284.53345,284.73346,284.93344,286.73346,287.33344,288.33344,288.13345,287.43344,286.13345,285.83344,285.03345,283.73346,283.23346,285.43344,283.83344,283.13345,284.83344,280.63345,279.73346,279.43344
293.53345,293.73346,289.43344,293.63345,292.13345,292.63345,291.63345,290.43344,290.73346,290.03345,287.03345,285.03345,286.53345,286.23346,286.23346,287.93344,288.83344,287.53345,287.93344,287.73346,287.13345,286.43344,286.23346,286.03345,287.23346,287.53345,287.33344,286.53345,284.93344,285.03345,285.23346,285.23346,283.03345,281.53345,281.73346,281.13345,281.03345,280.73346,282.13345,279.23346,281.43344
291.33344,293.43344,286.73346,292.03345,292.63345,292.23346,291.73346,290.73346,290.83344,289.43344,287.03345,285.83344,283.43344,285.63345,286.83344,286.63345,286.03345,286.73346,288.33344,286.83344,287.03345,285.93344,287.03345,286.13345,285.93344,285.53345,284.83344,283.73346,283.63345,284.23346,284.03345,284.03345,283.03345,282.43344,281.03345,280.33344,281.53345,280.53345,281.53345,281.63345,281.93344
