wind_kz.json
{"header": {"discipline":0,"disciplineName":"Meteorological products","gribEdition":2,"gribLength":1025,"center":7,"centerName":"US National Weather Service - NCEP(WMC)","subcenter":0,"refTime":"2023-08-21T06:00:00.000Z","significanceOfRT":1,"significanceOfRTName":"Start of forecast","productStatus":0,"productStatusName":"Operational products","productType":1,"productTypeName":"Forecast products","productDefinitionTemplate":0,"productDefinitionTemplateName":"Analysis/forecast at horizontal level/layer at a point in time","parameterCategory":2,"parameterCategoryName":"UnknownDiscipline_0_Category_2","parameterNumber":3,"parameterNumberName":"UnknownParameter_D0_C2_3","parameterUnit":"Unknown","genProcessType":2,"genProcessTypeName":"Forecast","forecastTime":120,"surface1Type":103,"surface1TypeName":"Specified height level above ground","surface1Value":10.0,"surface2Type":255,"surface2TypeName":"Missing","surface2Value":0.0,"gridDefinitionTemplate":0,"gridDefinitionTemplateName":"Latitude_Longitude","numberPoints":615,"shape":6,"shapeName":"Earth spherical with radius of 6,371,229.0 m","gridUnits":"degrees","resolution":48,"winds":"true","scanMode":64,"nx":41,"ny":15,"basicAngle":0,"lo1":47.0,"la1":41.0,"lo2":87.0,"la2":55.0,"dx":1.0,"dy":1.0}, "data":
[rows 0 to 14 of 15, columns 0 to 40 of 41]
2.5054932,2.9054933,-4.9445066,-8.484507,-8.214507,-3.634507,-5.144507,-1.9145068,-2.0945067,-5.1145067,-6.064507,-3.2345068,-0.49450684,-1.2645068,-2.144507,-4.034507,-4.494507,-1.7745068,-0.5645068,-1.3845068,-1.1945069,-1.2845068,-0.7745068,1.9754932,3.2854931,2.9354932,0.045493163,-0.6345068,-0.9545068,-1.2645068,1.7854931,2.7754931,0.7354932,-1.3245069,-3.0145068,-4.4245067,0.34549317,2.585493,1.9354931,1.6454931,1.1754931
-0.38450682,-1.5045068,-8.704507,-8.194507,-8.274507,-5.474507,-5.084507,-3.0345068,-3.4645069,-1.4145068,-1.3945068,-0.6445068,-3.914507,-2.664507,-1.6645068,-2.644507,-1.0445068,-0.034506835,-1.1445068,-0.5245068,-0.024506835,1.1054932,0.69549316,0.41549316,3.9754932,4.065493,3.865493,1.6354932,0.045493163,0.8554932,-1.7145069,1.2354932,1.6554931,2.2254932,1.3654932,-6.994507,1.7954931,-0.66450685,2.7354932,2.875493,-0.62450683
-4.0945067,-9.404507,-10.004507,-9.974506,-9.274507,-7.244507,-5.8445067,-2.424507,-0.5245068,-0.86450684,-0.73450685,1.6754931,1.1054932,-1.9545069,-3.184507,-0.074506834,-1.9245068,-1.9645069,-1.8445069,-2.7645068,0.6854932,2.355493,2.7154932,3.2954931,-1.5845069,-4.1345067,-3.154507,-2.374507,0.18549317,-1.3545069,-2.7245069,0.025493164,1.1354932,1.8854932,2.6754932,-3.2345068,1.8554932,3.055493,-0.26450685,4.0754933,2.555493
-5.264507,-8.484507,-9.594507,-9.994507,-7.8245068,-7.804507,-7.274507,-5.604507,-3.2545068,-0.42450684,2.355493,1.1754931,-3.4545069,3.5254931,3.7954931,1.8054931,0.12549317,-0.74450684,-2.0945067,-3.8045068,0.8654932,5.395493,-0.5245068,4.8654933,2.1354933,0.105493166,-0.19450684,0.84549314,1.7754931,-1.5345068,0.21549316,2.605493,1.0454931,-0.35450685,2.865493,-2.2845068,1.4854932,1.1554931,-3.5345068,-2.3545067,-1.7545068
-5.534507,-7.6745067,-8.924507,-9.544507,-9.674507,-7.374507,-7.994507,-6.954507,-6.454507,-0.5045068,1.2254932,0.81549317,0.82549316,-6.534507,7.625493,3.865493,1.9454932,-0.22450684,-2.164507,-3.2945068,-0.7045068,-0.14450684,1.3254932,2.575493,2.2254932,3.1754932,4.6154933,3.8954933,3.4654932,-0.5745068,-3.3145068,-5.994507,-2.7045069,-0.72450686,-0.55450684,2.125493,2.0254931,-1.3945068,-2.2745068,-0.99450684,0.95549315
-5.3845067,-5.684507,-7.064507,-8.204507,-9.944507,-9.754507,-7.3645067,-5.7345066,-6.254507,-4.584507,-0.024506835,1.6054932,2.9554932,-1.9645069,7.275493,5.975493,3.7154932,1.2854931,-1.5045068,-0.23450683,-1.1745068,-1.6645068,-1.5245068,3.365493,3.845493,5.435493,4.1354933,-1.5845069,3.605493,2.305493,-0.49450684,-4.0945067,-5.4445066,-5.7145066,-4.514507,0.57549316,1.0554931,5.105493,-0.20450683,0.22549316,-0.29450685
-5.204507,-5.6945066,-6.044507,-6.374507,-7.4245067,-7.9245067,-7.204507,-6.394507,-4.414507,-4.604507,-3.3345068,1.7454932,2.4654932,2.605493,-3.1045067,6.525493,5.525493,3.0154932,0.7354932,2.055493,-0.5745068,-2.694507,-3.3345068,2.6454933,6.045493,5.125493,3.4254932,3.315493,1.4154931,0.27549317,-1.3645068,-2.7045069,-4.974507,-5.9645066,-2.9545069,-0.5645068,4.275493,6.255493,3.325493,2.345493,-2.2345068
-5.204507,-6.124507,-6.474507,-6.544507,-6.744507,-8.064507,-7.704507,-5.284507,-4.314507,-2.7045069,-3.2745068,-1.9945068,7.275493,6.9254932,5.2854934,8.265493,6.9054933,4.8254933,4.995493,3.125493,0.70549315,-0.86450684,-1.1745068,0.47549316,4.0754933,6.875493,3.7154932,1.7354932,-0.7745068,-2.4545069,-1.8045068,-2.9845068,-3.2845068,-6.314507,-3.894507,-4.4845066,-2.434507,-1.4345069,-0.25450683,0.15549317,3.9654932
-6.474507,-6.854507,-7.294507,-6.874507,-5.9645066,-6.514507,-6.9445066,-5.1945066,-3.934507,-3.0545068,-2.3345068,-0.71450686,4.945493,2.6754932,2.9954932,5.795493,8.465493,8.015493,6.685493,4.435493,2.835493,1.0554931,0.51549315,1.7054932,1.2354932,2.335493,3.105493,2.6354933,1.0654931,2.115493,0.16549316,-2.2645068,-2.9645069,-4.304507,-5.334507,-5.744507,0.46549317,-1.3945068,1.6154932,2.6754932,2.4654932
-6.644507,-7.244507,-6.724507,-6.764507,-6.934507,-6.8845067,-4.9645066,-2.4945068,-1.4445069,-1.8045068,-1.6245068,-3.924507,4.245493,7.695493,4.755493,5.235493,9.945493,9.3954935,8.155493,5.2854934,4.5154934,3.0454931,2.1654932,2.2454932,1.4954932,1.6354932,0.7954932,2.1654932,3.2554932,1.8654932,0.9254932,-1.9245068,-3.884507,-4.6545067,-5.024507,-4.2345066,-1.7045069,2.1454933,4.0954933,3.565493,1.8154931
-6.204507,-7.264507,-6.724507,-8.144506,-7.274507,-6.514507,-6.3845067,-2.434507,1.8054931,1.3954931,-0.26450685,-1.9345069,6.085493,5.4054933,6.4254932,1.8354932,3.835493,9.035493,8.3954935,6.935493,6.815493,5.455493,3.815493,3.7454932,3.6354933,3.315493,2.7654932,2.865493,2.315493,2.595493,1.2754931,-1.1245068,-3.5545068,-4.0745068,-4.974507,-4.6945066,-2.0245068,-1.6445068,-2.5045068,1.5754932,-1.4945068
-5.794507,-6.1345067,-5.704507,-7.9245067,-8.624507,-7.3645067,-7.044507,-3.654507,1.9654932,1.8054931,0.52549314,0.7254932,3.7854931,5.9254932,8.075493,5.145493,6.145493,7.7854934,7.8054934,7.695493,6.815493,5.1354933,3.9954932,3.4354932,3.2754931,4.955493,5.3454933,4.5954933,4.1554933,4.165493,2.4354932,0.09549317,-2.2745068,-3.8645067,-3.9745069,-3.9745069,-3.2045069,-2.0545068,-0.98450685,-0.93450683,-1.1045069
-5.524507,-6.784507,-7.474507,-6.894507,-6.774507,-4.814507,-6.6745067,-5.744507,0.06549317,0.63549316,0.30549318,0.95549315,4.085493,4.235493,7.3054934,6.7654934,5.6354933,6.125493,6.9054933,6.505493,6.315493,5.3254933,4.4254932,4.6154933,3.5454931,3.6354933,3.9454932,3.845493,3.805493,4.315493,3.9854932,1.9254931,-0.054506835,-2.894507,-4.024507,-4.744507,-4.3845067,-2.0745068,-2.8345068,-2.5745068,-1.1245068
-4.7145066,-5.474507,-8.194507,-7.724507,-7.1545067,-8.024507,-6.8845067,-6.934507,-4.8445067,-1.2845068,0.28549317,-0.034506835,2.2154932,4.735493,1.9254931,3.875493,6.0554934,6.8254933,6.5554934,6.1154933,4.935493,3.9154932,4.375493,4.775493,4.335493,3.7554932,3.085493,2.4854932,3.2954931,3.5054932,3.1754932,2.335493,1.0654931,-1.3745068,-2.924507,-4.4045067,-4.664507,-3.5545068,-3.0945067,-1.7445068,-2.7345068
-3.944507,-5.764507,-8.184506,-6.754507,-6.164507,-7.5745068,-7.624507,-8.204507,-6.394507,0.76549315,0.75549316,3.0154932,2.555493,3.2854931,6.375493,5.1554933,5.3654933,6.295493,6.8454933,6.8254933,6.2654934,5.755493,5.455493,5.1754932,5.025493,4.585493,4.0354934,2.7854931,2.7354932,2.4954932,2.9854932,1.3854932,0.78549314,0.41549316,-1.1445068,-2.874507,-3.7645068,-4.054507,-3.404507,-1.9045068,-1.3545069
