wind_kz.json
{"header": {"discipline":0,"disciplineName":"Meteorological products","gribEdition":2,"gribLength":1102,"center":7,"centerName":"US National Weather Service - NCEP(WMC)","subcenter":0,"refTime":"2023-09-09T18:00:00.000Z","significanceOfRT":1,"significanceOfRTName":"Start of forecast","productStatus":0,"productStatusName":"Operational products","productType":1,"productTypeName":"Forecast products","productDefinitionTemplate":0,"productDefinitionTemplateName":"Analysis/forecast at horizontal level/layer at a point in time","parameterCategory":2,"parameterCategoryName":"UnknownDiscipline_0_Category_2","parameterNumber":2,"parameterNumberName":"UnknownParameter_D0_C2_2","parameterUnit":"Unknown","genProcessType":2,"genProcessTypeName":"Forecast","forecastTime":300,"surface1Type":103,"surface1TypeName":"Specified height level above ground","surface1Value":10.0,"surface2Type":255,"surface2TypeName":"Missing","surface2Value":0.0,"gridDefinitionTemplate":0,"gridDefinitionTemplateName":"Latitude_Longitude","numberPoints":615,"shape":6,"shapeName":"Earth spherical with radius of 6,371,229.0 m","gridUnits":"degrees","resolution":48,"winds":"true","scanMode":64,"nx":41,"ny":15,"basicAngle":0,"lo1":47.0,"la1":41.0,"lo2":87.0,"la2":55.0,"dx":1.0,"dy":1.0}, "data":
[rows 0 to 14 of 15, columns 0 to 40 of 41]
-0.15461181,1.0053881,-2.1046119,-7.354612,-10.624612,-10.204612,-10.134612,-10.654612,-11.994612,-8.164612,-7.984612,-7.004612,-6.434612,-6.194612,-5.3846116,-4.5146117,-4.314612,-6.024612,-5.374612,-3.1946118,-0.27461183,0.5153882,2.8953881,4.805388,4.1353884,3.1053882,-2.9646118,2.8453882,3.925388,2.2753882,2.8653882,1.5953882,1.0353882,0.37538818,-1.5646118,-0.7846118,1.6353881,1.5553882,2.2153883,1.8553882,0.4153882
2.415388,-3.9746118,-8.634612,-9.814611,-10.574612,-9.614612,-8.684612,-11.4846115,-9.254612,-8.064611,-7.664612,-8.324612,-8.054612,-7.164612,-7.124612,-6.504612,-5.4746118,-5.564612,-3.7146118,-2.1246119,-0.11461182,1.7553881,2.705388,4.455388,2.9953883,0.67538816,-0.9946118,1.9453882,8.835388,3.655388,3.2253883,7.725388,1.7153882,2.8853881,1.6053882,4.1953883,0.7453882,0.6853882,1.4353882,1.1753882,0.27538818
-6.814612,-10.2346115,-10.794612,-11.314611,-10.944612,-10.014612,-9.214612,-7.7246118,-9.284612,-8.684612,-8.874612,-8.364612,-7.4946117,-6.924612,-6.314612,-5.694612,-5.444612,-4.0346117,-2.5146117,-0.8446118,1.2353882,5.2353883,6.0953884,5.7353883,3.4653883,7.2353883,7.185388,0.98538816,0.20538819,2.1453881,1.3153882,-0.18461181,-1.0746118,2.2553883,0.2653882,1.8853881,-0.044611815,0.43538818,0.37538818,1.3953881,2.3453882
-10.644611,-12.104611,-11.654612,-10.774611,-8.554612,-9.524611,-7.2846117,-8.444612,-7.984612,-8.224612,-8.354611,-8.574612,-8.574612,-8.014612,-6.3446116,-6.274612,-5.0746117,-3.4646118,-2.3546119,-1.3346118,-0.38461182,-1.2346119,6.165388,6.2553883,7.565388,8.405388,8.465388,8.555388,8.655388,6.685388,7.055388,4.0953884,8.575388,12.755388,9.245388,2.0653882,-0.21461181,2.1153882,-1.6746118,2.3553882,4.6553884
-11.834612,-12.024611,-12.274611,-11.494612,-9.874612,-8.434612,-7.5346117,-7.6146116,-7.624612,-7.4946117,-7.5146117,-8.274611,-7.9046116,-8.014612,-6.294612,-5.144612,-4.604612,-3.7846117,-2.794612,-1.4146118,-0.5346118,0.15538818,1.0953882,3.0653882,4.5253882,6.285388,8.255388,9.775388,6.765388,10.225389,4.7553883,2.1453881,0.8053882,2.0253882,0.09538818,-0.25461182,-0.4246118,-2.1346118,-1.9146118,-0.6546118,1.7553881
-10.214612,-9.664612,-11.514612,-10.754612,-10.174612,-9.094612,-7.424612,-7.274612,-7.084612,-7.184612,-7.164612,-6.664612,-6.2846117,-6.504612,-5.5746117,-4.5546117,-3.9746118,-3.1646118,-2.2846117,-1.4446118,-2.1046119,-0.3946118,0.49538818,0.31538817,1.4953882,1.8053882,2.165388,1.3453882,3.5853882,8.915388,9.455388,8.445388,8.285388,9.775388,2.3153882,13.035388,4.4853883,-1.9946119,0.4553882,3.5453882,1.2053882
-9.284612,-9.194612,-8.834612,-8.294612,-7.7646117,-6.754612,-6.464612,-6.464612,-6.564612,-6.294612,-5.984612,-5.6546116,-5.064612,-4.914612,-4.674612,-4.5746117,-4.3446116,-3.6346118,-2.6946118,-1.8146118,-1.9646118,-1.5146118,-1.0046118,0.27538818,1.1753882,1.8653882,1.4753882,2.415388,3.0753882,-0.024611816,3.1453881,7.645388,6.815388,11.255388,8.005388,4.645388,0.22538818,0.8953882,-3.4846117,1.0053881,3.5253882
-8.394611,-8.094612,-7.7646117,-7.464612,-6.924612,-6.234612,-5.5346117,-4.964612,-5.204612,-4.754612,-4.584612,-4.854612,-4.5146117,-3.9746118,-3.2246118,-2.3546119,-1.8346118,-1.2746118,-1.8246118,-1.1746118,-1.6346118,-1.3746119,-1.5346118,-0.3046118,0.14538819,0.6553882,1.0153881,2.0853882,0.22538818,-2.804612,-3.584612,-0.28461182,-1.7146118,1.3253882,4.265388,3.4853883,2.7753882,-3.4146118,0.7753882,4.795388,-0.3346118
-6.7846117,-6.504612,-6.214612,-6.1546116,-5.7846117,-5.1346116,-4.414612,-3.4946117,-3.1046119,-2.9446118,-2.584612,-2.5146117,-2.9446118,-2.1746118,-1.6646118,-1.3046118,-0.83461183,-0.3346118,-0.014611816,-0.3046118,0.075388186,0.19538818,0.33538818,0.5653882,0.14538819,0.7853882,1.5353882,0.8453882,0.5753882,0.9553882,-1.0046118,-1.3246118,-0.094611816,-0.0046118163,1.8153882,4.8853884,2.165388,-0.6046118,-2.6246119,-0.31461182,2.455388
-5.204612,-4.9946117,-4.8846116,-4.564612,-4.3846116,-4.124612,-3.6746118,-2.9746118,-1.7146118,0.24538818,0.54538816,0.8753882,0.6553882,0.6553882,1.0853882,1.2353882,0.8253882,0.5153882,0.5753882,1.2453882,1.1753882,0.97538817,1.2853882,1.2653881,2.4653883,2.7853882,1.7653881,2.0353882,2.8953881,3.2453883,3.8953881,3.7153883,2.7553883,1.8653882,0.61538815,2.8253882,1.9053882,0.6353882,2.205388,0.72538817,1.3453882
-3.304612,-3.3846118,-3.1946118,-3.2446117,-2.6946118,-2.324612,-2.6246119,-2.554612,-2.3646119,-1.1346118,-0.5646118,2.2653883,1.9153882,1.3253882,1.5353882,2.7753882,2.8653882,2.2553883,1.7353882,1.5953882,2.1453881,2.705388,2.5053883,2.7953882,1.9753882,1.8153882,3.2553883,3.3653882,4.285388,4.915388,4.895388,5.645388,4.855388,3.2353883,2.7553883,0.97538817,-0.11461182,1.3853881,6.325388,0.73538816,2.0753882
-1.7346119,-0.7946118,-0.95461184,-0.76461184,-0.9646118,-0.76461184,-0.46461183,-0.6846118,-1.2846118,-0.51461184,0.9053882,1.4653882,2.6053882,2.665388,1.6153882,2.0353882,3.2953882,3.8853881,3.6353881,3.0053883,3.3753881,3.3353882,3.405388,3.1253881,3.2653883,3.195388,3.695388,4.185388,5.395388,5.065388,4.795388,4.605388,4.2153883,4.125388,3.185388,3.8853881,1.0653882,2.455388,1.6753882,1.1053882,1.8453882
0.85538816,0.5853882,0.9953882,0.8253882,0.73538816,0.30538818,0.7453882,1.2153882,1.4653882,0.5553882,1.2153882,2.1153882,2.185388,2.905388,2.8553882,3.0853882,2.955388,3.2453883,3.6253881,3.8353882,3.3353882,4.0953884,4.165388,4.6753883,4.9253883,4.895388,4.815388,5.0953884,4.7553883,4.585388,4.5053883,4.915388,4.8653884,4.895388,4.9053884,4.795388,3.8253882,1.4453882,2.655388,3.3653882,1.6353881
2.655388,2.3953881,1.6253881,1.8453882,1.2253882,1.6253881,2.155388,2.5653882,2.1253881,1.5353882,1.4153882,2.425388,2.925388,2.945388,3.5253882,3.3753881,3.6353881,3.6453881,3.7853882,4.835388,4.475388,4.2553883,4.4653883,4.7553883,5.165388,5.035388,4.6753883,4.5253882,4.835388,4.825388,4.4053884,5.145388,4.995388,4.8853884,4.9253883,4.4453883,3.9853883,4.765388,4.475388,2.6353881,2.915388
2.5653882,3.655388,3.925388,2.945388,2.705388,2.905388,3.455388,3.2953882,3.205388,2.655388,1.7053882,4.055388,3.655388,3.205388,4.565388,4.305388,4.9453883,4.705388,4.3853884,4.045388,4.6753883,5.165388,4.7353883,4.575388,4.5053883,4.7753882,4.455388,4.6153884,4.575388,4.8853884,4.9453883,4.855388,4.685388,4.9853883,5.625388,6.2753882,5.295388,5.705388,4.9453883,4.495388,2.1453881
