wind_kz.json
[{"header":{"discipline":0,"disciplineName":"Meteorological products","gribEdition":2,"gribLength":871,"center":7,"centerName":"US National Weather Service - NCEP(WMC)","subcenter":0,"refTime":"2023-09-09T06:00:00.000Z","significanceOfRT":1,"significanceOfRTName":"Start of forecast","productStatus":0,"productStatusName":"Operational products","productType":1,"productTypeName":"Forecast products","productDefinitionTemplate":0,"productDefinitionTemplateName":"Analysis/forecast at horizontal level/layer at a point in time","parameterCategory":0,"parameterCategoryName":"UnknownDiscipline_0_Category_0","parameterNumber":0,"parameterNumberName":"UnknownParameter_D0_C0_0","parameterUnit":"Unknown","genProcessType":2,"genProcessTypeName":"Forecast","forecastTime":300,"surface1Type":1,"surface1TypeName":"Ground or water surface","surface1Value":0.0,"surface2Type":255,"surface2TypeName":"Missing","surface2Value":0.0,"gridDefinitionTemplate":0,"gridDefinitionTemplateName":"Latitude_Longitude","numberPoints":615,"shape":6,"shapeName":"Earth spherical with radius of 6,371,229.0 m","gridUnits":"degrees","resolution":48,"winds":"true","scanMode":64,"nx":41,"ny":15,"basicAngle":0,"lo1":47.0,"la1":41.0,"lo2":87.0,"la2":55.0,"dx":1.0,"dy":1.0},"data":[293.9,285.4,287.7,296.7,296.6,295.7,295.4,300.1,298.4,299.3,297.1,297.9,297.5,296.6,296.0,293.6,294.1,293.7,293.0,292.2,293.5,290.1,288.4,283.4,287.5,289.8,286.3,274.6,273.1,273.8,273.7,277.3,286.4,292.1,291.6,292.1,291.7,292.4,292.1,291.8,291.6,273.4,287.7,296.2,296.4,296.1,294.4,298.9,297.5,296.3,296.1,297.0,293.6,293.9,293.6,293.3,293.4,292.1,292.1,290.6,290.0,289.6,290.8,288.6,282.3,274.9,274.1,281.9,274.8,274.8,270.8,278.0,271.2,280.3,256.3,274.6,289.6,287.9,290.0,293.4,286.2,283.9,289.9,295.7,296.6,296.2,293.9,297.7,296.2,294.2,292.1,291.7,291.0,291.7,290.8,291.4,293.7,292.2,289.8,288.1,288.0,288.3,289.7,286.7,291.1,285.0,286.6,284.1,287.3,285.8,283.1,276.9,271.6,273.8,278.4,279.7,281.5,280.6,272.8,276.7,276.2,271.3,271.3,290.4,295.0,296.0,295.3,294.0,294.9,294.0,291.8,291.8,291.1,290.4,290.2,292.6,291.9,291.9,291.1,290.5,289.7,289.1,289.3,289.1,283.3,287.9,288.5,288.1,289.2,289.5,287.6,286.0,287.2,288.5,284.6,290.9,291.4,285.6,282.9,272.2,271.1,278.1,283.4,289.5,292.1,292.9,294.1,292.5,292.5,293.1,293.8,292.5,291.5,291.3,290.8,289.9,291.4,290.2,288.7,291.3,291.1,290.1,288.5,289.8,289.0,288.3,286.6,286.8,286.5,286.5,286.0,288.4,286.3,289.1,290.5,289.5,278.0,269.0,279.8,288.0,291.1,291.7,291.1,291.6,291.5,291.6,292.2,292.0,291.4,291.9,290.9,292.9,294.0,292.4,292.3,291.9,291.3,291.1,291.5,290.8,290.1,291.0,289.2,289.1,288.9,287.3,286.1,284.5,284.2,282.7,281.7,283.5,289.3,286.4,288.3,288.0,290.4,290.2,288.3,284.4,288.3,279.9,283.0,290.5,291.8,291.4,292.5,292.4,293.3,294.4,292.5,293.3,293.8,293.6,292.7,293.1,291.4,291.2,290.6,289.8,289.5,289.3,288.5,288.6,287.5,286.2,285.2,285.2,284.0,283.3,281.6,281.7,281.4,282.6,282.4,282.4,282.4,286.2,288.7,288.7,289.3,286.9,282.1,279.0,276.2,274.8,288.5,293.2,292.6,294.5,294.4,293.3,293.4,292.7,291.2,290.5,290.8,289.7,289.1,288.0,288.0,288.6,288.8,287.2,287.1,286.3,282.8,282.5,282.2,281.8,284.8,279.8,277.2,277.8,279.2,278.6,281.3,281.0,282.7,284.3,283.4,283.0,286.0,287.8,288.3,286.7,286.1,284.1,292.8,291.6,291.8,291.3,292.3,291.4,290.2,290.2,289.2,288.6,287.5,286.8,285.5,286.1,285.1,285.9,286.0,285.3,283.9,282.5,280.5,279.8,280.9,279.9,279.5,278.7,276.5,276.8,277.9,277.4,278.7,279.2,280.8,284.6,284.5,282.6,282.5,282.6,273.9,274.4,273.0,289.4,290.0,289.9,289.7,289.8,289.6,288.3,288.5,287.9,286.7,285.4,284.5,284.5,284.2,283.5,286.8,283.8,284.9,282.9,282.6,281.1,283.5,283.7,283.6,282.7,281.1,280.6,279.9,279.2,278.8,279.2,281.5,283.2,283.2,282.7,282.8,281.4,278.3,276.0,274.6,272.6,288.7,287.5,287.9,288.2,287.8,287.2,288.1,287.1,285.8,285.4,284.7,283.4,284.0,283.2,282.5,285.7,285.8,286.2,286.3,284.8,283.9,282.9,282.3,281.9,281.2,281.4,279.2,280.5,280.9,281.7,282.1,282.5,281.9,281.6,282.0,281.2,278.1,276.2,276.3,277.0,274.7,285.6,286.7,286.8,286.8,286.5,285.9,284.4,284.5,284.5,284.4,281.3,281.5,282.6,281.0,281.3,285.2,285.3,285.1,285.3,283.1,282.7,281.9,282.0,281.9,281.1,281.6,281.2,280.5,281.6,281.4,281.0,281.1,280.0,280.9,280.6,281.0,280.9,280.4,279.2,279.7,279.5,284.9,285.4,285.9,284.8,286.4,285.7,284.1,284.2,282.4,281.5,279.9,277.8,281.6,280.0,280.9,281.2,283.1,284.0,284.1,280.7,282.5,281.5,280.8,280.2,278.1,278.3,279.2,278.2,278.4,276.9,277.4,278.0,280.0,280.1,278.3,279.7,279.8,280.3,278.9,278.8,279.4,283.9,285.3,286.3,286.3,285.1,284.8,284.7,284.7,283.9,282.4,280.2,277.9,278.3,279.8,280.3,280.5,280.4,279.9,279.8,279.9,279.3,278.9,281.7,279.1,277.1,277.1,276.9,276.6,278.7,277.6,275.6,275.4,275.9,274.9,277.6,276.2,276.6,276.6,278.0,278.3,276.7,284.7,286.3,287.4,286.3,285.8,284.3,285.3,284.2,284.5,282.8,281.8,279.6,279.4,278.4,279.3,279.7,279.8,279.2,278.6,278.5,278.3,281.1,279.4,275.1,274.5,274.2,274.1,274.6,274.7,274.4,274.4,280.0,277.1,276.9,277.4,278.0,279.1,278.4,277.1,277.3,279.0]},{"header":{"discipline":0,"disciplineName":"Meteorological products","gribEdition":2,"gribLength":1025,"center":7,"centerName":"US National Weather Service - NCEP(WMC)","subcenter":0,"refTime":"2023-09-09T06:00:00.000Z","significanceOfRT":1,"significanceOfRTName":"Start of forecast","productStatus":0,"productStatusName":"Operational products","productType":1,"productTypeName":"Forecast products","productDefinitionTemplate":0,"productDefinitionTemplateName":"Analysis/forecast at horizontal level/layer at a point in time","parameterCategory":2,"parameterCategoryName":"UnknownDiscipline_0_Category_2","parameterNumber":2,"parameterNumberName":"UnknownParameter_D0_C2_2","parameterUnit":"Unknown","genProcessType":2,"genProcessTypeName":"Forecast","forecastTime":300,"surface1Type":103,"surface1TypeName":"Specified height level above ground","surface1Value":10.0,"surface2Type":255,"surface2TypeName":"Missing","surface2Value":0.0,"gridDefinitionTemplate":0,"gridDefinitionTemplateName":"Latitude_Longitude","numberPoints":615,"shape":6,"shapeName":"Earth spherical with radius of 6,371,229.0 m","gridUnits":"degrees","resolution":48,"winds":"true","scanMode":64,"nx":41,"ny":15,"basicAngle":0,"lo1":47.0,"la1":41.0,"lo2":87.0,"la2":55.0,"dx":1.0,"dy":1.0},"data":[-3.9452026,-0.13520263,2.1547973,4.324797,4.9747972,0.5747974,3.2547975,-8.535203,-10.675202,-8.235203,-6.9552026,-8.885202,-9.175202,-7.0852027,-5.8652024,-5.4552026,-5.445203,-5.5352025,-6.0252028,-3.3552027,-2.0452027,0.7047974,0.08479736,0.16479737,1.0047973,-3.4052026,-2.7452025,1.3047974,1.9147973,1.6147974,1.0147973,1.3847973,0.19479737,-0.57520264,-0.7252026,-2.8952026,-3.8052027,-3.1552026,-2.1952026,-1.0052027,-1.9752027,-0.61520267,2.0747974,5.4247975,4.7947974,1.2347974,0.55479735,-7.965203,-12.645203,-9.915203,-8.835202,-9.965202,-7.0252028,-6.3552027,-6.905203,-5.4552026,-5.9552026,-4.8052025,-5.8252025,-4.3752027,-2.4652026,-0.8552026,-2.1652026,0.47479737,-1.1952026,2.2547975,1.5347973,-0.32520264,2.5547974,0.11479736,0.31479737,0.5247974,0.9047974,-0.52520263,-0.18520264,0.034797363,0.45479736,-0.6052026,0.56479734,-0.8452026,2.6847973,-0.025202638,1.4047973,1.4847974,1.4247974,0.88479733,-0.5452026,-10.675202,-11.185203,-9.315203,-11.315203,-9.335202,-7.735203,-6.7452025,-5.7052026,-3.7552025,-6.005203,-5.2652025,-5.155203,-3.9252026,-2.8052027,-1.3252026,-0.7252026,0.18479736,-6.5152025,-4.695203,2.6147974,1.3447974,2.8247974,2.8747973,-0.31520262,-0.33520263,0.50479734,1.5147973,0.26479736,0.39479735,-0.70520264,-1.2552027,-0.22520263,-0.6752026,1.5147973,2.1747973,1.9247974,-1.8452027,-0.48520264,-0.09520264,-9.5552025,-10.075203,-11.535203,-8.855203,-10.325203,-9.355203,-7.695203,-6.4152026,-6.9352026,-7.4552026,-6.465203,-4.425203,-3.7652025,-3.5652027,-3.2952027,-2.3052027,-5.8552027,-6.755203,-4.695203,-0.93520266,-4.3552027,-3.8152027,-2.8452027,-2.4252026,-5.0252028,-1.0352026,2.3047974,4.014797,1.0147973,3.7747974,5.1647973,-2.7752028,-1.8352027,-1.7652026,2.4247973,2.2847974,1.0747974,-1.8852026,-6.1352024,-10.725203,-13.105203,-12.455203,-10.635202,-9.025203,-8.615203,-7.905203,-6.9752026,-5.8752027,-5.175203,-5.1052027,-5.8652024,-5.195203,-4.4752026,-5.005203,-7.2852025,-6.0552025,-4.8452024,-5.8052025,-7.0152025,-6.0152025,-4.6452026,-3.4352026,-4.0452027,-3.4252026,-4.3852024,-1.3752027,1.4547974,1.6447973,1.9147973,2.8147974,-0.17520264,2.4247973,1.1447973,0.38479736,1.2047974,-2.4352026,-1.8052026,-2.3052027,-3.6852026,-8.075203,-7.8852024,-11.295202,-10.185203,-9.755202,-8.565203,-6.985203,-5.9752026,-4.0452027,-3.7352026,-2.7652025,-2.8652027,-1.8652027,-6.8852024,-8.435203,-6.5952024,-6.175203,-6.0152025,-5.505203,-5.8952026,-6.8652024,-5.5252028,-3.8252027,-4.1852026,-3.9452026,-3.1952026,-2.4952025,-2.9652026,0.68479735,1.3247974,4.2947974,3.5347974,2.8947973,-0.68520266,0.8947974,1.6447973,0.67479736,2.0147974,4.1547976,0.47479737,-1.6152027,-7.0652027,-5.6652026,-5.1652026,-5.7652025,-5.6352024,-4.8952026,-5.425203,-4.8852024,-4.255203,-4.0852027,-4.735203,-6.4152026,-6.755203,-6.6852026,-6.485203,-7.7752028,-5.7652025,-4.0352025,-3.2552025,-5.8652024,-5.8052025,-4.2452025,-2.9852026,-2.6152027,-1.9152026,-2.0152025,-2.2352026,-1.5552026,-1.6352026,-0.7952026,1.1347973,4.1847973,3.2647974,2.9447973,0.61479735,1.5247973,-1.4352026,2.1747973,0.27479735,2.1047974,3.1847973,-7.7952027,-3.6752026,-5.0852027,-5.1452026,-4.8852024,-4.4352026,-4.0252028,-3.8952026,-4.1852026,-5.7852025,-5.9152026,-7.235203,-6.7052026,-5.8852024,-5.155203,-5.675203,-3.6052027,-2.9952025,-2.8752027,-3.8152027,-2.6352026,-1.2052026,-1.2552027,-3.4252026,-1.1452026,-0.88520265,0.33479735,-0.115202636,-0.18520264,-0.9752026,-1.6752026,0.35479736,5.6147976,3.9647973,2.9847975,-0.13520263,0.92479736,2.6347973,1.3747973,-1.2152027,-1.6752026,-3.8852026,-3.6652026,-4.1052027,-3.3552027,-2.9252026,-4.0752025,-3.8652027,-4.1852026,-4.5952024,-5.405203,-5.1052027,-5.7452025,-4.0752025,-3.0152025,-2.9852026,-2.4152026,-2.4752026,-3.1052027,-2.3352027,-2.3252027,-3.0952027,-2.2152026,-2.8652027,-1.6852026,-2.1752026,-0.27520263,-0.93520266,-1.1552026,-0.63520265,-0.10520264,-0.32520264,-0.9652026,1.8847973,0.47479737,2.5547974,3.0047975,1.8647974,-2.6552026,-0.61520267,-0.83520263,0.24479736,-3.4152026,-3.2152026,-2.9352026,-3.1852026,-3.5652027,-3.6152027,-3.6252027,-3.8752027,-4.0652027,-3.9752026,-3.7752028,-3.9352026,-2.9852026,-3.0552027,-2.7652025,-2.1952026,-1.6152027,-2.8052027,-2.6052027,-1.9352026,-1.6852026,-1.3852026,-0.77520263,-0.89520264,-0.61520267,-0.57520264,0.15479736,0.35479736,0.66479737,0.85479736,1.3247974,1.0247973,1.6147974,0.54479736,1.0047973,0.67479736,-1.4552026,-0.14520264,0.024797363,0.7747974,0.15479736,-2.4752026,-1.8152026,-2.0752027,-2.5652027,-2.1952026,-2.9652026,-3.2052026,-3.2352026,-2.3452027,-2.5152025,-2.3152027,-2.4552026,-2.6852026,-2.7052026,-1.9752027,-1.0552026,-1.6452026,-1.8552027,-0.49520263,-0.43520263,-0.29520264,-0.015202637,0.98479736,-0.085202634,-0.20520264,0.34479737,0.93479735,1.2147974,2.4747972,2.3247974,2.6747973,1.9347974,1.1747974,0.5947974,0.9047974,-0.9152026,-0.18520264,0.45479736,0.21479736,0.08479736,0.5147974,-0.31520262,-1.1152027,-1.3052026,-2.1152027,-2.0552027,-1.6452026,-1.0052027,-1.6152027,-1.3152026,-1.8852026,-1.3952026,-0.24520263,-1.5752026,-1.0052027,-0.015202637,-0.5452026,-0.8552026,0.37479737,1.1947974,1.6447973,1.2847973,1.7647973,2.3847973,1.6947974,2.2947974,2.1847973,0.7047974,1.8447974,1.7947974,0.62479734,1.1347973,0.85479736,0.7847974,1.6447973,0.8247974,0.54479736,0.54479736,0.61479735,0.74479735,0.17479736,0.35479736,1.0047973,0.94479734,0.22479737,0.5747974,0.35479736,0.19479737,0.12479737,-0.015202637,-0.63520265,-0.75520265,-0.52520263,0.56479734,0.9047974,1.6147974,1.5447974,0.61479735,0.81479734,2.1247973,1.8847973,1.7647973,1.1947974,1.7647973,0.73479736,0.25479737,-0.86520267,0.30479735,2.0247974,1.6047974,0.8947974,0.014797363,0.92479736,1.7547973,0.88479733,-0.40520263,1.0247973,1.2647973,1.1247973,0.31479737,2.3047974,2.1347973,0.7647974,1.9847974,1.4447974,1.6147974,2.1647973,1.6447973,1.4847974,1.4047973,1.5847974,0.68479735,0.07479736,-0.93520266,0.36479735,0.98479736,0.8947974,1.4647974,1.6547973,1.7047974,1.1647973,1.2447973,2.2147973,0.34479737,1.5547974,1.9747974,1.4247974,-0.49520263,1.3847973,0.20479736,0.80479735,1.0547974,2.2147973,2.6347973,2.1847973,2.3447974,1.3647974,1.2347974,2.3847973,1.9147973,1.6747974,1.3847973,1.2947974,1.8547974,1.6347973,2.5947974,3.1447973,3.0347974,2.9447973,1.8247974,2.5347974,1.6947974,1.8747973,-0.115202636,-0.51520264,0.47479737,0.8347974,1.2947974,2.3647974,2.4447973,2.7847974,2.5647974,1.8747973,1.5947974,1.6347973,-1.4352026,-1.3952026,-1.3452027,0.75479734,1.2047974,1.4147973,1.2747973,2.0047975,1.1047974,2.0047975,2.2747974,1.5047973,1.9847974,2.0847974,2.5847974,1.4747974,1.8747973,2.4047973,2.0847974,-0.89520264]},{"header":{"discipline":0,"disciplineName":"Meteorological products","gribEdition":2,"gribLength":1025,"center":7,"centerName":"US National Weather Service - NCEP(WMC)","subcenter":0,"refTime":"2023-09-09T06:00:00.000Z","significanceOfRT":1,"significanceOfRTName":"Start of forecast","productStatus":0,"productStatusName":"Operational products","productType":1,"productTypeName":"Forecast products","productDefinitionTemplate":0,"productDefinitionTemplateName":"Analysis/forecast at horizontal level/layer at a point in time","parameterCategory":2,"parameterCategoryName":"UnknownDiscipline_0_Category_2","parameterNumber":3,"parameterNumberName":"UnknownParameter_D0_C2_3","parameterUnit":"Unknown","genProcessType":2,"genProcessTypeName":"Forecast","forecastTime":300,"surface1Type":103,"surface1TypeName":"Specified height level above ground","surface1Value":10.0,"surface2Type":255,"surface2TypeName":"Missing","surface2Value":0.0,"gridDefinitionTemplate":0,"gridDefinitionTemplateName":"Latitude_Longitude","numberPoints":615,"shape":6,"shapeName":"Earth spherical with radius of 6,371,229.0 m","gridUnits":"degrees","resolution":48,"winds":"true","scanMode":64,"nx":41,"ny":15,"basicAngle":0,"lo1":47.0,"la1":41.0,"lo2":87.0,"la2":55.0,"dx":1.0,"dy":1.0},"data":[0.6171338,-0.27286622,-0.5628662,-8.082867,-5.4028664,-4.392866,-0.9528662,3.1371338,-1.6628662,-0.8628662,-2.8828661,-2.0328662,-3.2228663,-3.7228663,-4.332866,-3.7828662,-4.722866,-4.892866,-6.3428664,-3.662866,-5.762866,-4.9428663,-2.8028662,0.5471338,-1.5228662,0.28713378,-0.6428662,3.1671338,2.1071339,-0.8028662,-1.2728662,0.6971338,0.2271338,-1.6528662,-0.7028662,0.9171338,1.6171337,2.1471338,2.3771338,2.0071337,0.77713376,0.8771338,0.2971338,-6.332866,-2.4928663,-3.1328661,-2.0828662,1.4071338,1.0571338,-0.5028662,-2.0328662,-1.5928662,-4.1328664,-2.8628662,-3.412866,-4.282866,-4.5728664,-3.7428663,-5.032866,-6.562866,-5.622866,-5.162866,-4.952866,-2.0528662,1.1171337,-0.6828662,0.6971338,-2.7528663,2.1871338,1.5371338,2.5171337,3.1371338,2.4971337,1.1971338,0.007133789,0.7971338,-0.9528662,-1.1228662,-2.6328661,-2.0728662,-0.27286622,1.4371338,-0.3528662,-4.6928663,-6.1528664,-3.0528662,0.47713378,1.6471338,-1.3228662,-1.3328662,-1.0828662,-2.3128662,-3.4428663,-2.8328662,-4.302866,-3.672866,-3.4628663,-3.8028662,-3.422866,-3.5628662,-4.3828664,-5.602866,-5.9428663,-1.2428662,-7.242866,-2.4028661,-1.2528663,-0.6728662,-1.2328662,0.28713378,-0.33286622,1.8671337,-0.2228662,0.25713378,-0.8228662,-0.9028662,-1.2928662,2.2271338,2.077134,-0.2228662,-0.05286621,0.01713379,0.95713377,-1.4728662,-4.0928664,-3.5128663,-2.7628663,-0.03286621,1.1571338,1.2471337,0.28713378,0.13713379,-0.60286623,-2.0028663,-3.3828661,-5.2128663,-4.992866,-2.9528663,-3.182866,-3.2528663,-3.8628662,-4.9628663,-6.2128663,-5.832866,-4.052866,-0.8628662,-5.5728664,-6.2128663,-6.3428664,-6.302866,-6.3628664,-5.952866,-6.472866,-0.7728662,-2.2228663,-1.2428662,2.0971339,0.5471338,-1.3228662,0.007133789,3.5171337,5.047134,0.6071338,2.0571337,-3.932866,-3.6228662,-3.6128662,-3.1228662,-2.182866,-0.9828662,0.7671338,2.587134,2.3971338,1.3771338,0.4871338,-0.6528662,-2.7728662,-4.1928663,-4.8828664,-5.082866,-5.0728664,-4.892866,-4.6928663,-5.542866,-3.8328662,-4.682866,-5.432866,-5.6128664,-6.832866,-7.532866,-8.052866,-9.142866,-7.0228662,-6.892866,-7.682866,-2.1228662,3.2071338,3.9771338,-0.6128662,-1.6928662,-2.0028663,-0.8228662,0.7971338,0.83713377,-0.53286624,-3.9828663,-3.1128662,-4.1728663,-2.7628663,-1.8628662,-1.1628662,0.17713378,0.5171338,0.04713379,1.4771338,1.5271338,-0.43286622,-2.4728663,-2.8228662,-3.2528663,-4.082866,-5.242866,-5.8428664,-5.352866,-2.9028661,-3.682866,-4.662866,-4.9628663,-5.282866,-5.832866,-5.762866,-7.0928664,-12.562866,-9.152866,-8.7428665,-5.9428663,-6.3228664,-4.122866,3.7871337,2.2271338,-0.15286621,1.0071338,-1.1928662,-1.0228662,-0.42286623,0.6171338,-4.042866,-3.432866,-2.6328661,-1.8028662,-2.162866,-1.4228662,-1.1328663,-0.79286623,-1.1528662,-0.78286624,-0.6428662,-1.5928662,-2.9428663,-2.3028662,-2.432866,-2.182866,-3.5628662,-4.5728664,-4.562866,-2.6928663,-3.5228662,-3.672866,-3.422866,-3.0828662,-4.4228663,-5.9428663,-6.8828664,-8.982866,-7.662866,-9.382866,-9.392866,-5.1328664,-4.9428663,-6.3828664,1.0171338,0.3071338,-1.4728662,1.0271338,-0.36286622,0.9871338,2.7071338,-0.6728662,-4.562866,-2.7428663,-2.7928662,-2.1228662,-1.9728662,-1.8628662,-1.0928662,-0.91286623,-1.1028662,-1.0028663,-0.4128662,-1.2728662,-2.0228662,-1.9028662,-1.2228662,-2.6928663,-3.922866,-3.2728662,-1.7128662,-2.9428663,-3.1228662,-3.8428662,-3.5928662,-3.5628662,-3.3928661,-5.8228664,-6.1328664,-7.432866,-8.362866,-9.672866,-11.472866,-1.4728662,3.4971337,0.23713379,-1.1728662,-3.9528663,-5.9028664,1.2971338,0.6071338,-2.2128663,-1.7028662,-1.4428662,-2.3128662,-2.3228662,-1.6528662,-0.6928662,-1.2928662,-1.5828662,-0.7528662,-0.06286621,-1.6328663,0.35713378,0.5571338,-0.5928662,-0.6228662,-1.4528662,-1.3928663,-1.9328662,-2.7028663,-2.4928663,-2.1228662,-2.932866,-2.8028662,-3.2128663,-5.1928663,-4.432866,-3.5528662,-6.062866,-7.282866,-7.8228664,-9.922866,-9.582867,-10.202867,-2.7828662,-1.3328662,1.9471338,-0.2528662,-0.8928662,-0.3228662,1.4171338,1.2271338,-1.5328662,-1.4328662,-1.3728662,-1.1528662,-1.4528662,-0.8428662,-0.9928662,-0.8228662,-0.3228662,1.4671338,1.0371338,0.14713378,0.2271338,-0.8228662,-0.46286622,-1.0328662,-2.3228662,-1.7528663,-2.0228662,-2.9928663,-2.7328663,-3.2928662,-3.0428662,-4.812866,-3.6428661,-3.7128663,-4.032866,-4.8228664,-4.562866,-6.0228662,-6.412866,-7.062866,-6.8628664,-7.302866,-6.3228664,-3.6128662,0.10713379,2.087134,3.2371337,2.587134,3.1671338,-1.5128663,-0.78286624,-1.0128663,-1.4228662,-1.4728662,-0.5128662,0.7271338,0.3971338,-0.18286622,0.4071338,1.4171338,2.0171337,0.7871338,-0.10286621,-1.1128662,-1.9228662,-0.85286623,-2.0328662,-2.172866,-2.412866,-2.8228662,-3.3028662,-3.1428661,-2.8728662,-2.6328661,-3.6428661,-4.222866,-6.012866,-5.852866,-5.1528664,-5.2328663,-4.312866,-5.0028663,-4.762866,-4.682866,-4.682866,-1.9928662,-0.4728662,1.8171338,0.8571338,0.097133785,0.4071338,-1.0928662,-0.7328662,-0.6728662,0.3671338,0.07713379,-0.46286622,0.6071338,-0.46286622,-0.1628662,0.4571338,1.7971338,2.0171337,1.0571338,0.6371338,-0.5628662,-0.6428662,0.4271338,-1.0728662,-0.5728662,-2.6228662,-1.8428662,-1.1728662,-1.2228662,-1.8528662,-2.3128662,-2.4528663,-3.9028661,-5.042866,-5.5028663,-5.182866,-5.4828663,-4.6728663,-5.0028663,-3.4628663,-3.2028663,-0.8828662,-0.66286623,-0.7028662,-0.30286622,-0.4728662,-0.85286623,1.4371338,1.6871338,0.96713376,1.6671338,0.71713376,1.0071338,1.1171337,1.7671338,0.96713376,0.18713379,0.35713378,2.8471339,2.4671338,2.1271338,1.1071337,-1.0228662,-1.0428662,0.89713377,-1.3628662,-1.7328662,-1.1328663,-1.2828662,-1.8928663,-1.9228662,-2.432866,-2.9528663,-4.2128663,-3.3528662,-3.1928663,-4.302866,-3.9028661,-5.4628663,-4.6128664,-4.972866,-3.8428662,-2.9928663,-1.7628663,-0.2628662,0.5371338,0.17713378,0.05713379,0.2271338,2.0471337,1.1671338,0.7271338,1.0271338,1.1671338,2.1571338,2.337134,2.577134,1.4271338,0.06713379,0.08713379,2.1971338,1.4671338,0.7971338,0.6671338,0.007133789,-1.2728662,-1.0828662,-0.60286623,-0.7428662,-0.9528662,-0.6828662,-1.5528662,-2.8028662,-3.162866,-3.4028661,-2.4928663,-2.922866,-2.4428663,-2.162866,-2.0528662,-2.422866,-1.9828662,-3.5728662,-2.182866,-1.8628662,-1.3928663,-1.9628662,0.7571338,0.77713376,0.9471338,1.4071338,2.067134,1.8971338,1.8471338,1.7971338,2.6171339,2.6471338,2.7971337,1.6971338,2.827134,2.5571337,0.89713377,2.327134,0.9171338,0.007133789,1.0471338,0.4871338,1.2971338,0.12713379,0.5971338,-1.1628662,-1.2228662,-2.172866,-2.2228663,-2.2428663,-2.5428662,-2.2328663,-2.912866,-3.3928661,-4.952866,-2.6128662,-2.9028661,-2.3328662,-3.662866,-2.2328663,-2.5428662,-1.2628663,-1.2728662,0.8671338]}]