wind_kz.json
{"header": {"discipline":0,"disciplineName":"Meteorological products","gribEdition":2,"gribLength":871,"center":7,"centerName":"US National Weather Service - NCEP(WMC)","subcenter":0,"refTime":"2023-08-21T00:00:00.000Z","significanceOfRT":1,"significanceOfRTName":"Start of forecast","productStatus":0,"productStatusName":"Operational products","productType":1,"productTypeName":"Forecast products","productDefinitionTemplate":0,"productDefinitionTemplateName":"Analysis/forecast at horizontal level/layer at a point in time","parameterCategory":0,"parameterCategoryName":"UnknownDiscipline_0_Category_0","parameterNumber":0,"parameterNumberName":"UnknownParameter_D0_C0_0","parameterUnit":"Unknown","genProcessType":2,"genProcessTypeName":"Forecast","forecastTime":180,"surface1Type":1,"surface1TypeName":"Ground or water surface","surface1Value":0.0,"surface2Type":255,"surface2TypeName":"Missing","surface2Value":0.0,"gridDefinitionTemplate":0,"gridDefinitionTemplateName":"Latitude_Longitude","numberPoints":615,"shape":6,"shapeName":"Earth spherical with radius of 6,371,229.0 m","gridUnits":"degrees","resolution":48,"winds":"true","scanMode":64,"nx":41,"ny":15,"basicAngle":0,"lo1":47.0,"la1":41.0,"lo2":87.0,"la2":55.0,"dx":1.0,"dy":1.0}, "data":
[rows 0 to 14 of 15, columns 0 to 40 of 41]
312.5147,298.2147,306.0147,299.4147,298.8147,298.9147,313.1147,320.2147,316.2147,314.7147,313.4147,314.0147,312.9147,312.2147,311.7147,311.6147,311.0147,309.5147,308.8147,305.5147,306.8147,304.9147,303.7147,296.4147,296.5147,299.1147,294.9147,279.7147,279.3147,275.7147,283.7147,287.5147,296.8147,305.5147,308.3147,310.5147,310.2147,310.0147,309.4147,309.6147,308.4147
291.8147,307.2147,299.4147,299.2147,298.7147,298.4147,319.2147,317.5147,313.9147,313.5147,315.1147,312.3147,311.1147,307.6147,309.2147,309.5147,309.3147,308.0147,305.0147,306.7147,306.4147,304.9147,303.4147,290.2147,280.6147,278.6147,289.4147,285.1147,286.5147,275.2147,281.9147,278.9147,290.3147,271.0147,284.7147,303.3147,304.2147,307.2147,310.0147,300.5147,284.9147
308.5147,299.0147,299.5147,299.4147,297.6147,312.1147,313.5147,313.1147,311.6147,310.0147,310.9147,310.8147,309.0147,309.8147,309.6147,308.5147,307.6147,306.0147,304.5147,305.9147,305.2147,304.1147,303.0147,296.1147,295.0147,297.1147,298.7147,298.3147,296.2147,282.8147,273.5147,274.8147,281.7147,288.3147,293.9147,292.5147,284.4147,286.3147,291.8147,286.6147,285.8147
304.1147,300.0147,299.4147,298.3147,299.8147,312.3147,313.1147,312.3147,312.6147,311.4147,310.3147,309.1147,295.6147,295.1147,305.9147,308.3147,307.2147,306.2147,306.0147,306.1147,304.0147,300.7147,303.7147,305.7147,304.4147,304.2147,300.6147,300.1147,301.5147,297.0147,295.0147,289.4147,291.5147,294.0147,294.6147,292.9147,286.4147,286.0147,290.4147,301.9147,306.4147
310.5147,299.2147,299.3147,298.9147,305.9147,312.5147,312.7147,315.0147,311.2147,309.9147,310.5147,308.3147,295.6147,295.2147,292.8147,305.1147,307.0147,304.4147,303.3147,304.7147,305.9147,305.2147,303.5147,303.1147,303.8147,304.3147,303.3147,300.3147,301.5147,299.3147,299.5147,292.7147,281.7147,277.0147,291.9147,298.3147,297.0147,306.4147,306.9147,308.0147,310.2147
311.3147,306.8147,297.6147,298.2147,298.8147,298.5147,314.7147,311.2147,309.3147,309.4147,309.6147,309.0147,296.2147,294.7147,298.7147,303.3147,306.0147,305.4147,304.4147,304.4147,303.7147,302.7147,302.9147,302.5147,302.5147,301.3147,301.7147,293.5147,303.2147,303.7147,300.9147,299.7147,295.3147,291.4147,289.8147,292.8147,287.8147,291.4147,298.1147,305.3147,305.4147
312.2147,311.7147,310.4147,309.5147,305.2147,307.1147,310.0147,310.0147,309.6147,308.5147,308.3147,306.5147,304.5147,299.7147,299.9147,302.0147,301.9147,302.0147,303.7147,301.7147,301.6147,302.2147,302.1147,302.5147,300.9147,300.8147,300.6147,301.9147,300.9147,302.2147,300.7147,299.0147,297.9147,295.0147,293.6147,294.6147,293.1147,290.3147,288.2147,291.8147,297.5147
311.2147,311.0147,311.0147,310.3147,310.9147,310.2147,309.8147,308.1147,306.0147,305.1147,302.7147,300.8147,300.6147,300.1147,301.1147,295.8147,296.7147,297.0147,297.1147,299.5147,298.4147,299.7147,299.9147,299.0147,298.2147,297.5147,297.5147,298.8147,297.5147,299.8147,298.5147,299.3147,296.9147,293.1147,291.3147,295.2147,295.9147,289.5147,297.0147,298.1147,298.1147
311.7147,310.2147,309.1147,308.6147,305.3147,299.4147,300.3147,299.8147,299.4147,300.8147,300.5147,298.8147,295.8147,300.5147,297.7147,298.6147,297.7147,294.8147,294.5147,297.0147,295.4147,294.4147,294.1147,296.4147,294.7147,294.9147,295.1147,294.4147,294.0147,292.9147,295.0147,295.9147,297.6147,297.3147,297.3147,291.8147,292.9147,290.2147,286.2147,286.2147,288.7147
303.8147,300.4147,299.7147,296.8147,295.5147,295.1147,294.1147,296.2147,295.7147,298.1147,296.7147,296.6147,295.5147,293.2147,297.1147,297.3147,297.0147,294.0147,293.7147,297.4147,292.2147,295.3147,294.2147,292.6147,294.1147,292.1147,292.8147,295.5147,294.3147,295.1147,295.8147,297.8147,300.1147,300.1147,299.1147,296.4147,290.8147,286.5147,285.5147,287.2147,289.5147
293.7147,292.2147,291.3147,291.9147,291.5147,291.5147,293.6147,293.6147,294.0147,293.9147,293.6147,291.6147,295.2147,294.7147,292.7147,291.0147,292.0147,292.5147,292.6147,291.8147,290.6147,292.4147,291.9147,291.7147,292.0147,291.1147,292.7147,296.5147,297.1147,298.0147,298.8147,299.6147,297.8147,297.7147,297.5147,294.6147,289.0147,286.2147,286.8147,286.5147,287.5147
295.4147,294.5147,295.6147,296.1147,295.8147,292.4147,289.7147,288.6147,288.2147,291.6147,286.2147,286.9147,290.0147,291.3147,291.8147,289.9147,292.9147,289.9147,290.7147,292.4147,288.3147,289.6147,290.6147,290.2147,291.3147,292.2147,293.9147,295.7147,297.8147,298.4147,296.6147,297.0147,296.6147,293.7147,296.7147,295.7147,294.6147,292.8147,290.4147,291.0147,291.0147
294.2147,295.8147,298.7147,297.3147,290.5147,287.1147,287.5147,287.5147,292.0147,290.0147,288.1147,287.3147,290.1147,288.3147,289.2147,288.5147,290.4147,290.2147,287.4147,288.7147,286.4147,292.1147,288.7147,289.0147,292.3147,292.5147,293.1147,292.1147,296.2147,296.3147,297.6147,296.0147,295.1147,295.1147,296.0147,293.4147,293.0147,292.9147,291.2147,291.1147,290.3147
297.4147,296.4147,293.7147,296.0147,295.1147,294.7147,294.8147,291.9147,292.6147,292.0147,285.9147,283.2147,286.0147,285.2147,287.1147,288.1147,287.7147,289.8147,288.6147,288.7147,286.5147,288.0147,290.5147,290.1147,292.1147,292.9147,291.3147,293.1147,292.7147,294.6147,295.8147,296.2147,295.1147,292.3147,292.9147,295.1147,293.3147,290.9147,290.1147,289.2147,291.2147
294.3147,296.5147,291.1147,294.1147,289.2147,292.3147,287.2147,289.0147,289.5147,289.0147,286.3147,283.0147,278.8147,283.1147,286.0147,288.0147,285.5147,286.5147,286.9147,285.5147,286.8147,287.0147,288.4147,289.7147,289.1147,287.1147,289.1147,290.0147,291.1147,292.2147,291.9147,288.5147,294.5147,293.3147,291.7147,292.5147,292.8147,291.0147,289.9147,289.0147,288.8147
