wind.json
{"header": {"discipline":0,"disciplineName":"Meteorological products","gribEdition":2,"gribLength":1125,"center":7,"centerName":"US National Weather Service - NCEP(WMC)","subcenter":0,"refTime":"2023-06-30T00:00:00.000Z","significanceOfRT":1,"significanceOfRTName":"Start of forecast","productStatus":0,"productStatusName":"Operational products","productType":1,"productTypeName":"Forecast products","productDefinitionTemplate":0,"productDefinitionTemplateName":"Analysis/forecast at horizontal level/layer at a point in time","parameterCategory":2,"parameterCategoryName":"UnknownDiscipline_0_Category_2","parameterNumber":3,"parameterNumberName":"UnknownParameter_D0_C2_3","parameterUnit":"Unknown","genProcessType":2,"genProcessTypeName":"Forecast","forecastTime":240,"surface1Type":103,"surface1TypeName":"Specified height level above ground","surface1Value":10.0,"surface2Type":255,"surface2TypeName":"Missing","surface2Value":0.0,"gridDefinitionTemplate":0,"gridDefinitionTemplateName":"Latitude_Longitude","numberPoints":688,"shape":6,"shapeName":"Earth spherical with radius of 6,371,229.0 m","gridUnits":"degrees","resolution":48,"winds":"true","scanMode":64,"nx":43,"ny":16,"basicAngle":0,"lo1":45.0,"la1":40.0,"lo2":87.0,"la2":55.0,"dx":1.0,"dy":1.0}, "data":
[rows 0 to 15 of 16, columns 0 to 42 of 43]
-3.650044,2.7599561,-4.3945314E-5,1.629956,-0.070043944,-2.670044,-1.9800439,-0.11004394,-2.0200438,-1.910044,-0.640044,-3.390044,-2.550044,-2.2800438,-3.2700438,-3.330044,-4.430044,-5.840044,-4.560044,-2.210044,-1.160044,1.229956,-0.67004395,1.469956,2.0099561,1.849956,0.7399561,1.1599561,2.069956,-1.650044,0.93995607,-1.7300439,-1.0900439,-1.2200439,-1.300044,-1.900044,-1.4700439,-1.3500439,-1.150044,-1.160044,-1.370044,-0.5700439,-1.7000439
2.339956,-1.2200439,-0.27004394,-3.870044,3.559956,0.78995603,1.6899561,1.6599561,1.2699561,0.27995604,-2.400044,-0.060043946,-4.560044,-2.200044,-3.300044,-3.7400439,-3.7900438,-4.970044,-6.1400437,-2.0100439,-3.960044,2.019956,0.87995607,1.0299561,-1.0800439,-0.55004394,-1.7300439,-1.4400439,-0.9500439,-0.46004394,-0.27004394,0.50995606,-1.7300439,-1.880044,2.2399561,-0.9400439,-2.460044,0.13995606,-0.050043944,-0.22004394,-0.7500439,-3.460044,0.53995603
-0.47004396,-3.800044,4.669956,1.509956,1.5699561,0.8699561,3.9899561,1.759956,-1.110044,0.919956,-0.34004393,-0.74004394,-0.72004396,-3.600044,-3.340044,-3.050044,-4.630044,-4.720044,-4.500044,-6.8700438,-6.8700438,-2.7700438,0.609956,-0.99004394,-1.150044,1.139956,-1.2000439,-1.640044,-1.0900439,-1.410044,-0.9500439,-0.91004395,1.5699561,2.2599561,-1.3500439,-3.0200438,-5.040044,-3.2700438,-2.660044,-4.550044,-3.910044,-2.890044,1.099956
2.4999561,2.069956,1.3999561,-0.65004396,1.579956,3.2199562,3.389956,2.669956,1.119956,0.7399561,1.3099561,-0.84004396,-2.190044,-2.670044,-3.870044,-2.050044,-3.730044,-4.1200438,-4.020044,-4.010044,-2.160044,-1.300044,-2.940044,-2.5300438,-2.830044,-1.880044,-0.38004395,1.389956,0.109956056,1.4199561,0.22995606,0.87995607,1.1699561,0.35995606,1.9099561,-1.280044,-0.580044,2.7099562,2.809956,0.35995606,1.009956,-1.3400439,-2.830044
-0.27004394,0.63995606,3.279956,2.089956,0.37995607,0.7999561,0.43995607,3.159956,2.4699562,1.629956,0.97995603,1.449956,-1.1800439,-3.100044,-3.180044,-1.8400439,-3.300044,-3.820044,-3.810044,-4.200044,-2.410044,-0.96004397,-0.9500439,-1.9700439,0.65995604,-1.530044,-2.360044,-1.860044,-2.2900438,-2.210044,0.7999561,0.31995606,-1.020044,-2.470044,-0.52004397,1.219956,0.039956056,-2.5100439,-0.5100439,2.529956,3.859956,2.829956,-0.830044
2.079956,1.2999561,0.9999561,0.9299561,-0.26004395,1.329956,1.999956,4.159956,3.449956,2.529956,0.89995605,0.16995606,0.6799561,-2.120044,-3.5300438,-3.340044,-4.840044,-2.390044,-2.970044,-3.5400438,-3.180044,-2.090044,-2.730044,-3.470044,-0.34004393,-0.40004393,-0.8200439,-2.2700438,-2.7600439,-3.090044,-3.0400438,-1.170044,-0.28004396,-0.100043945,0.50995606,-0.90004396,-1.3400439,-1.880044,-5.6600437,0.89995605,3.049956,-0.8200439,-2.310044
0.69995606,-0.6900439,-0.40004393,-2.070044,1.949956,0.69995606,1.849956,3.199956,2.649956,1.449956,0.97995603,-0.8200439,0.22995606,-2.610044,-3.400044,-4.1200438,-3.7700438,-2.340044,-2.5100439,-3.210044,-3.920044,-1.540044,-3.120044,-2.5200438,-1.870044,-0.52004397,-0.44004396,-2.300044,-2.7400439,-4.680044,-3.2700438,-1.7200439,0.009956054,-0.640044,0.23995605,1.709956,2.879956,-0.84004396,1.6899561,-1.280044,-4.4100437,-0.71004397,-0.580044
1.119956,0.16995606,-0.640044,-4.400044,-1.0700439,-0.5700439,0.29995605,0.41995606,0.31995606,-1.610044,-0.35004395,1.4199561,0.50995606,0.029956054,-0.96004397,-2.380044,-1.860044,-3.0200438,-2.330044,-0.92004395,-2.7800438,-1.260044,-3.210044,-3.100044,-1.860044,-1.260044,-3.150044,-2.2400439,-2.890044,-1.9700439,-3.300044,-0.6300439,-0.86004394,-2.380044,-2.7700438,-3.590044,-1.530044,-1.0900439,-4.100044,-2.920044,-2.340044,-0.87004393,-7.110044
-0.46004394,-1.9300439,-0.24004394,-0.68004394,-0.9400439,-2.570044,-1.050044,0.06995606,-0.12004395,-1.390044,-1.7000439,-0.050043944,-0.56004393,-0.6300439,-2.630044,-1.9600439,-3.2900438,-2.2700438,0.14995605,-1.9400439,1.5499561,1.259956,0.18995605,-1.260044,-2.630044,-1.990044,-1.8300439,-1.250044,-1.870044,-2.2600439,-2.340044,-2.390044,-1.900044,-1.9600439,-2.210044,-2.550044,-0.38004395,0.919956,-0.060043946,0.18995605,0.6199561,0.76995605,-0.79004395
2.049956,3.369956,2.449956,2.4799562,-0.23004395,-0.08004394,0.51995605,-0.28004396,-0.35004395,-1.360044,-1.6900439,-2.130044,-1.270044,-1.630044,-3.120044,-3.410044,-3.5400438,-2.680044,-1.8500439,-3.180044,-1.3200439,-1.610044,-0.21004395,-0.580044,0.69995606,-0.27004394,-1.0700439,-0.22004394,-1.010044,-1.050044,-0.87004393,-1.4800439,-3.730044,-3.470044,-2.400044,-1.5900439,0.059956055,-0.78004396,-1.640044,-0.97004396,-1.9500439,-1.860044,-0.67004395
-2.120044,0.8699561,0.44995606,1.389956,2.869956,1.099956,0.90995604,0.24995606,-0.96004397,-0.8200439,-1.050044,-1.0800439,-0.65004396,-1.3400439,-1.9400439,-3.300044,-4.1600437,-4.210044,-3.940044,-5.460044,-3.590044,-1.500044,-2.200044,-2.650044,-2.830044,-2.160044,-0.9400439,-2.080044,-2.0000439,-1.5900439,-1.8100439,-2.0000439,-1.6900439,-4.030044,-4.6200438,-4.240044,-0.74004394,-0.40004393,-0.14004394,-3.350044,-1.8100439,-0.54004395,-0.73004395
0.919956,-2.700044,0.9899561,0.58995605,0.95995605,0.079956055,0.21995606,0.75995606,0.20995605,0.40995607,-0.7600439,-2.0100439,-2.340044,-0.97004396,-2.830044,-2.580044,-3.230044,-3.5000439,-4.330044,-4.340044,-2.840044,-3.310044,-3.5000439,-3.340044,-3.330044,-2.170044,-2.550044,-2.400044,-1.3100439,-2.370044,-3.210044,-3.2500439,-3.090044,-3.480044,-3.900044,-3.730044,-3.550044,-1.240044,-0.29004395,1.1699561,1.139956,0.95995605,-0.14004394
-0.68004394,-1.000044,-0.68004394,-0.49004394,1.369956,0.25995606,-0.56004393,-1.370044,-0.7500439,-0.98004395,-2.090044,-2.0400438,-1.610044,-2.880044,-3.140044,-2.940044,-3.660044,-3.5300438,-3.360044,-3.890044,-3.230044,-3.220044,-2.5400438,-3.2600439,-2.7600439,-2.680044,-2.300044,-2.670044,-2.0400438,-2.5200438,-3.110044,-3.5200438,-3.210044,-3.970044,-3.2900438,-3.910044,-3.580044,-2.950044,-2.370044,-0.91004395,-0.26004395,1.139956,-0.29004395
-1.1800439,0.90995604,-1.4600439,3.329956,-1.550044,-0.08004394,1.469956,0.46995604,-0.81004393,-1.0900439,-1.760044,-0.84004396,-0.20004395,-0.33004394,-2.5100439,-2.710044,-3.110044,-3.380044,-3.380044,-3.0100439,-3.110044,-3.220044,-2.300044,-1.990044,-1.760044,-1.880044,-2.600044,-2.700044,-2.620044,-3.380044,-3.350044,-3.2800438,-3.730044,-4.020044,-4.270044,-4.360044,-4.340044,-4.080044,-4.230044,-2.710044,-3.0200438,-1.890044,0.919956
-1.550044,-0.85004395,-1.4800439,-1.870044,-1.7300439,-1.160044,-1.630044,-0.81004393,-1.140044,-0.65004396,-1.780044,-2.410044,-0.070043944,-0.010043945,-2.450044,-2.090044,-2.630044,-2.910044,-2.710044,-2.550044,-2.600044,-2.560044,-2.950044,-2.160044,-2.2700438,-2.570044,-3.2600439,-2.860044,-2.7900438,-2.840044,-3.2500439,-3.4900439,-3.7800438,-3.920044,-4.130044,-4.1600437,-3.820044,-4.650044,-4.350044,-3.980044,-2.880044,-2.320044,-0.74004394
-5.550044,-1.050044,-0.48004395,-0.830044,-2.400044,0.30995604,-0.100043945,-0.13004394,-0.09004395,-0.30004394,-1.2300439,-1.900044,-1.360044,-0.580044,1.349956,-1.140044,-3.170044,-2.7800438,-2.630044,-1.540044,-1.030044,-2.0100439,-1.670044,-2.2800438,-2.5100439,-2.160044,-2.420044,-2.7700438,-1.780044,-2.0000439,-2.560044,-2.560044,-3.150044,-3.320044,-3.0200438,-3.7900438,-3.930044,-4.800044,-4.790044,-4.520044,-3.810044,-3.660044,-1.040044
