wind_kz.json
{"header": {"discipline":0,"disciplineName":"Meteorological products","gribEdition":2,"gribLength":871,"center":7,"centerName":"US National Weather Service - NCEP(WMC)","subcenter":0,"refTime":"2024-01-31T18:00:00.000Z","significanceOfRT":1,"significanceOfRTName":"Start of forecast","productStatus":0,"productStatusName":"Operational products","productType":1,"productTypeName":"Forecast products","productDefinitionTemplate":0,"productDefinitionTemplateName":"Analysis/forecast at horizontal level/layer at a point in time","parameterCategory":0,"parameterCategoryName":"UnknownDiscipline_0_Category_0","parameterNumber":0,"parameterNumberName":"UnknownParameter_D0_C0_0","parameterUnit":"Unknown","genProcessType":2,"genProcessTypeName":"Forecast","forecastTime":240,"surface1Type":1,"surface1TypeName":"Ground or water surface","surface1Value":0.0,"surface2Type":255,"surface2TypeName":"Missing","surface2Value":0.0,"gridDefinitionTemplate":0,"gridDefinitionTemplateName":"Latitude_Longitude","numberPoints":615,"shape":6,"shapeName":"Earth spherical with radius of 6,371,229.0 m","gridUnits":"degrees","resolution":48,"winds":"true","scanMode":64,"nx":41,"ny":15,"basicAngle":0,"lo1":47.0,"la1":41.0,"lo2":87.0,"la2":55.0,"dx":1.0,"dy":1.0}, "data":
[rows 0 to 14 of 15, columns 0 to 40 of 41]
280.22443,273.52444,279.52444,280.12445,280.42444,281.82443,281.92444,282.12445,280.52444,280.32443,278.82443,279.62445,279.42444,279.62445,280.22443,280.12445,280.62445,278.22443,280.62445,279.02444,280.22443,280.02444,279.82443,276.22443,275.92444,278.12445,272.42444,254.42444,253.72444,252.12444,253.32443,255.52444,260.32443,267.82443,270.22443,270.62445,270.72443,270.92444,271.02444,270.92444,270.82443
262.12445,278.42444,280.12445,279.82443,280.22443,280.92444,281.12445,280.52444,279.72443,278.82443,278.82443,277.32443,277.62445,278.42444,278.82443,278.52444,278.42444,278.62445,277.42444,277.72443,277.52444,277.82443,276.82443,268.62445,250.42444,254.92444,262.12445,252.52444,256.02444,250.92444,261.32443,244.72444,259.32443,243.22444,252.62444,260.22443,259.52444,267.82443,269.92444,265.72443,268.72443
279.02444,278.12445,280.02444,280.32443,280.22443,280.62445,279.22443,278.22443,277.32443,276.42444,276.42444,276.52444,276.52444,276.52444,274.32443,273.62445,273.82443,272.42444,272.62445,272.82443,274.12445,276.62445,275.42444,266.82443,274.02444,272.52444,271.42444,271.82443,272.22443,263.12445,253.72444,255.82443,258.42444,258.52444,257.12445,263.02444,254.22444,251.32443,251.42444,255.12444,253.32443
278.72443,275.72443,277.82443,279.02444,279.42444,279.02444,278.12445,276.92444,277.52444,276.32443,275.62445,275.42444,281.22443,281.82443,274.12445,272.82443,272.52444,272.72443,272.82443,272.72443,273.42444,265.52444,272.32443,272.62445,272.82443,272.62445,272.52444,270.92444,270.82443,270.12445,270.32443,270.12445,272.12445,267.92444,262.62445,264.82443,257.12445,254.42444,265.62445,263.52444,262.72443
276.72443,272.62445,272.02444,272.32443,275.42444,277.62445,276.22443,276.72443,275.52444,273.82443,272.92444,273.62445,279.02444,279.02444,278.12445,271.62445,271.62445,271.62445,271.32443,270.82443,271.72443,272.12445,270.92444,270.92444,270.82443,270.92444,268.42444,270.72443,271.32443,271.22443,271.92444,272.22443,267.72443,259.22443,264.92444,262.72443,260.12445,261.42444,262.82443,262.72443,261.62445
276.92444,276.52444,272.12445,272.32443,272.32443,272.22443,277.02444,276.12445,273.22443,272.72443,272.42444,272.12445,278.02444,279.02444,270.82443,271.32443,271.22443,270.82443,271.62445,270.72443,268.92444,270.22443,270.12445,269.22443,269.22443,265.92444,269.72443,268.32443,269.02444,269.02444,269.32443,270.72443,266.32443,268.52444,270.22443,270.72443,265.62445,265.52444,268.82443,263.22443,263.42444
276.02444,276.42444,278.22443,277.02444,273.12445,274.52444,275.82443,273.02444,272.22443,272.32443,271.72443,271.52444,271.82443,271.72443,271.42444,271.52444,271.02444,270.82443,268.92444,265.92444,265.42444,265.52444,265.02444,266.62445,262.12445,261.92444,261.32443,263.92444,260.52444,261.72443,257.52444,258.12445,260.42444,253.82443,256.72443,260.32443,263.92444,256.02444,259.62445,257.02444,266.22443
275.42444,275.22443,275.52444,275.02444,273.72443,273.32443,272.92444,272.82443,271.52444,270.12445,268.72443,268.42444,266.22443,266.02444,269.12445,266.62445,266.22443,264.82443,263.72443,260.92444,262.22443,259.82443,262.22443,261.42444,261.92444,255.92444,259.92444,252.52444,251.92444,251.62444,248.92444,257.52444,250.12444,252.62444,257.32443,257.22443,260.22443,258.12445,261.32443,262.32443,266.22443
273.62445,273.52444,273.42444,273.42444,273.42444,274.02444,273.32443,272.72443,272.42444,271.62445,270.12445,265.32443,266.22443,265.82443,265.52444,265.12445,264.82443,263.62445,263.02444,261.12445,261.12445,262.32443,261.12445,261.92444,259.62445,261.42444,259.72443,257.92444,258.52444,255.92444,250.72444,255.02444,260.52444,263.42444,261.32443,252.32443,254.32443,257.32443,252.02444,254.52444,251.32443
272.82443,273.32443,273.72443,273.52444,273.22443,273.22443,273.22443,273.22443,272.42444,271.82443,270.72443,268.42444,268.22443,267.42444,267.22443,267.42444,265.72443,262.42444,261.72443,260.32443,265.62445,264.02444,264.12445,262.92444,261.92444,262.32443,262.32443,262.22443,261.52444,261.02444,261.92444,264.42444,266.02444,264.52444,261.32443,258.32443,257.92444,253.62444,253.62444,250.22444,248.32443
273.22443,273.12445,273.22443,273.22443,273.22443,273.22443,273.12445,273.12445,271.72443,270.02444,268.42444,267.92444,267.72443,266.42444,264.62445,263.42444,261.22443,260.82443,258.22443,263.42444,264.02444,263.62445,263.52444,263.02444,263.22443,263.32443,261.92444,262.82443,263.92444,265.32443,265.82443,266.02444,265.92444,265.52444,263.22443,258.32443,257.92444,257.72443,256.72443,258.92444,248.52444
270.32443,270.52444,270.42444,270.02444,269.42444,269.22443,268.62445,267.82443,267.62445,267.02444,264.72443,262.82443,263.72443,263.12445,261.92444,258.32443,258.42444,259.22443,256.52444,260.32443,261.42444,261.12445,260.12445,260.32443,261.22443,261.82443,262.82443,263.62445,264.22443,264.62445,264.82443,264.62445,265.42444,264.12445,264.72443,264.32443,264.32443,264.62445,263.22443,263.82443,256.52444
267.42444,267.12445,267.92444,267.42444,267.22443,266.92444,265.82443,264.92444,263.02444,259.12445,251.52444,249.62444,253.92444,256.12445,256.62445,257.82443,258.72443,259.12445,257.52444,259.12445,259.62445,261.12445,261.02444,260.42444,260.82443,260.92444,262.02444,261.32443,261.82443,262.52444,262.72443,263.22443,263.32443,263.42444,263.62445,263.02444,263.12445,264.92444,263.62445,263.52444,263.92444
265.62445,265.02444,264.42444,262.42444,260.02444,259.02444,255.12444,254.92444,251.02444,249.82443,249.42444,246.82443,247.12444,255.92444,255.12444,255.52444,256.22443,256.82443,255.62444,258.72443,259.62445,260.02444,260.52444,260.62445,260.72443,261.12445,261.12445,261.42444,261.02444,261.22443,261.62445,261.92444,261.72443,261.22443,261.52444,261.22443,262.22443,262.52444,263.02444,262.32443,263.42444
258.32443,254.82443,255.32443,256.12445,255.22444,252.92444,254.72444,250.32443,249.92444,246.12444,247.92444,250.82443,253.62444,255.92444,256.72443,255.12444,256.32443,258.32443,258.52444,258.72443,259.42444,260.42444,260.62445,260.72443,260.52444,260.52444,260.72443,260.42444,260.92444,261.12445,261.22443,261.42444,261.52444,261.32443,261.62445,261.62445,262.02444,261.62445,262.22443,262.72443,263.22443
