wind_kz.json
{"header": {"discipline":0,"disciplineName":"Meteorological products","gribEdition":2,"gribLength":871,"center":7,"centerName":"US National Weather Service - NCEP(WMC)","subcenter":0,"refTime":"2023-09-19T00:00:00.000Z","significanceOfRT":1,"significanceOfRTName":"Start of forecast","productStatus":0,"productStatusName":"Operational products","productType":1,"productTypeName":"Forecast products","productDefinitionTemplate":0,"productDefinitionTemplateName":"Analysis/forecast at horizontal level/layer at a point in time","parameterCategory":0,"parameterCategoryName":"UnknownDiscipline_0_Category_0","parameterNumber":0,"parameterNumberName":"UnknownParameter_D0_C0_0","parameterUnit":"Unknown","genProcessType":2,"genProcessTypeName":"Forecast","forecastTime":120,"surface1Type":1,"surface1TypeName":"Ground or water surface","surface1Value":0.0,"surface2Type":255,"surface2TypeName":"Missing","surface2Value":0.0,"gridDefinitionTemplate":0,"gridDefinitionTemplateName":"Latitude_Longitude","numberPoints":615,"shape":6,"shapeName":"Earth spherical with radius of 6,371,229.0 m","gridUnits":"degrees","resolution":48,"winds":"true","scanMode":64,"nx":41,"ny":15,"basicAngle":0,"lo1":47.0,"la1":41.0,"lo2":87.0,"la2":55.0,"dx":1.0,"dy":1.0}, "data":
[rows 0 to 14 of 15, columns 0 to 40 of 41]
288.74646,281.84647,285.94647,294.64645,294.34647,294.04645,292.44647,292.04645,289.94647,289.34647,288.34647,289.64645,289.04645,288.94647,288.74646,287.44647,287.54645,288.74646,287.64645,286.64645,287.84647,285.84647,282.04645,279.94647,283.64645,286.54645,283.74646,270.24646,267.44647,269.24646,269.64645,267.44647,279.74646,285.84647,286.24646,286.54645,285.44647,283.94647,282.74646,283.54645,284.74646
273.34647,286.04645,294.24646,294.34647,293.84647,292.44647,289.94647,289.34647,287.84647,288.24646,288.44647,287.44647,287.24646,286.84647,287.34647,287.44647,286.64645,286.64645,286.54645,286.24646,288.94647,288.04645,284.64645,278.34647,270.54645,270.84647,277.34647,268.84647,267.84647,263.24646,271.34647,263.44647,271.44647,249.64645,258.04645,282.04645,280.34647,281.14645,284.24646,276.94647,283.64645
287.74646,293.24646,294.44647,294.04645,291.94647,289.94647,288.94647,287.64645,286.64645,286.44647,285.84647,286.74646,286.64645,287.54645,288.74646,286.64645,286.04645,285.34647,285.64645,285.94647,287.94647,284.64645,288.34647,281.94647,284.04645,281.84647,284.34647,282.74646,281.94647,272.94647,263.04645,264.04645,273.44647,272.04645,274.54645,274.64645,262.24646,269.04645,266.04645,261.24646,257.14645
292.44647,293.14645,294.34647,292.94647,291.24646,288.84647,289.84647,288.34647,288.44647,287.94647,287.74646,287.74646,291.94647,291.34647,288.64645,288.84647,288.64645,287.04645,287.24646,286.94647,287.94647,281.74646,287.74646,287.44647,287.84647,287.54645,287.04645,284.64645,283.04645,284.64645,285.44647,282.34647,285.64645,284.14645,284.14645,281.74646,271.94647,262.44647,266.94647,280.04645,282.84647
290.44647,291.74646,292.84647,291.84647,290.94647,289.94647,290.74646,290.14645,289.44647,289.44647,289.34647,288.14645,290.94647,289.84647,288.34647,288.74646,288.24646,288.04645,287.24646,287.64645,287.14645,286.64645,285.24646,285.14645,285.14645,285.24646,283.24646,287.74646,287.14645,286.84647,289.24646,286.94647,275.34647,264.94647,277.24646,284.94647,288.14645,286.54645,287.24646,286.94647,286.24646
288.44647,287.24646,291.24646,290.64645,291.64645,290.94647,289.84647,291.24646,289.64645,289.84647,290.34647,289.94647,290.84647,290.74646,288.54645,286.34647,287.54645,287.04645,286.54645,285.94647,284.14645,283.84647,283.44647,282.94647,282.14645,281.74646,282.14645,288.54645,283.54645,284.84647,284.74646,287.04645,284.14645,282.54645,281.34647,287.04645,279.54645,280.84647,285.84647,286.34647,285.04645
286.64645,286.04645,289.34647,289.74646,289.74646,289.04645,290.34647,290.04645,290.74646,291.34647,290.94647,290.94647,289.04645,286.64645,285.14645,285.84647,285.04645,285.54645,284.04645,282.94647,281.74646,282.34647,281.64645,281.54645,279.84647,279.74646,278.04645,279.34647,280.14645,280.24646,280.14645,280.94647,282.14645,283.04645,283.74646,282.54645,280.04645,277.44647,276.04645,273.04645,283.04645
287.74646,287.44647,289.64645,290.14645,290.64645,290.44647,290.14645,289.74646,289.34647,290.34647,291.14645,289.84647,285.74646,284.64645,284.44647,284.14645,283.74646,283.94647,282.94647,280.34647,280.04645,279.04645,278.44647,278.44647,277.04645,274.64645,274.64645,275.34647,274.94647,276.84647,276.24646,277.14645,276.34647,275.34647,276.24646,278.94647,281.84647,287.74646,284.14645,285.04645,283.64645
287.74646,287.94647,288.74646,288.74646,290.34647,289.84647,289.44647,290.04645,292.54645,291.74646,290.74646,288.54645,283.44647,283.04645,282.04645,282.34647,281.94647,281.84647,281.34647,280.04645,277.74646,277.24646,277.44647,277.14645,275.24646,275.14645,272.94647,272.44647,272.04645,272.54645,273.14645,273.34647,276.24646,276.54645,276.14645,275.14645,276.94647,277.64645,272.74646,273.54645,272.24646
287.54645,288.94647,288.54645,288.84647,289.34647,289.44647,289.34647,289.14645,288.74646,287.74646,289.24646,283.94647,282.64645,281.24646,280.84647,280.84647,280.74646,280.34647,280.34647,280.44647,278.64645,277.74646,278.44647,277.54645,276.64645,274.74646,276.64645,276.44647,275.94647,275.24646,275.24646,276.04645,276.54645,276.34647,278.44647,275.54645,273.94647,272.34647,273.24646,272.64645,273.04645
287.74646,286.64645,288.54645,288.14645,288.24646,288.34647,287.94647,285.74646,285.44647,285.24646,283.44647,281.54645,281.34647,280.34647,279.74646,279.54645,279.54645,279.74646,279.64645,279.14645,278.64645,277.54645,277.24646,276.84647,275.54645,275.34647,273.34647,277.84647,277.84647,276.94647,278.44647,278.84647,278.24646,277.24646,277.64645,276.74646,272.04645,269.64645,271.24646,271.14645,270.04645
285.74646,286.94647,287.64645,287.64645,287.14645,286.24646,284.34647,283.14645,282.24646,283.24646,280.34647,279.24646,279.94647,278.94647,278.74646,278.34647,278.54645,278.34647,278.34647,278.34647,277.24646,276.44647,276.04645,276.24646,274.34647,274.94647,278.44647,279.14645,278.34647,279.54645,278.14645,278.64645,276.84647,277.04645,274.84647,275.44647,277.54645,276.34647,275.94647,275.84647,275.64645
286.24646,285.34647,286.64645,286.24646,286.64645,284.94647,283.24646,281.74646,279.74646,278.34647,279.14645,276.64645,278.94647,277.34647,278.04645,278.44647,278.44647,277.84647,278.14645,277.34647,276.44647,274.74646,274.44647,274.14645,274.74646,275.34647,278.44647,279.44647,276.94647,276.74646,275.54645,275.24646,274.94647,278.14645,274.64645,276.04645,275.64645,277.54645,275.14645,274.44647,274.74646
285.44647,286.64645,286.94647,287.14645,284.94647,283.74646,282.24646,281.34647,279.14645,278.14645,277.64645,276.14645,276.24646,277.34647,277.94647,278.34647,278.14645,277.54645,277.44647,277.44647,277.04645,276.24646,276.34647,275.84647,275.24646,275.34647,276.64645,278.94647,275.04645,275.44647,275.54645,276.64645,275.54645,273.04645,273.44647,274.24646,273.74646,275.84647,273.94647,273.84647,276.24646
286.14645,286.84647,287.04645,285.94647,285.24646,283.74646,283.14645,280.64645,279.44647,277.94647,278.74646,275.74646,276.74646,276.64645,277.74646,278.04645,277.94647,277.54645,280.94647,280.54645,280.14645,279.14645,278.74646,275.24646,274.34647,274.14645,274.84647,275.04645,274.54645,274.14645,274.54645,277.94647,272.74646,272.24646,272.64645,272.64645,273.54645,274.24646,275.44647,274.84647,275.64645
