wind_kz.json
{"header": {"discipline":0,"disciplineName":"Meteorological products","gribEdition":2,"gribLength":1025,"center":7,"centerName":"US National Weather Service - NCEP(WMC)","subcenter":0,"refTime":"2023-09-24T06:00:00.000Z","significanceOfRT":1,"significanceOfRTName":"Start of forecast","productStatus":0,"productStatusName":"Operational products","productType":1,"productTypeName":"Forecast products","productDefinitionTemplate":0,"productDefinitionTemplateName":"Analysis/forecast at horizontal level/layer at a point in time","parameterCategory":2,"parameterCategoryName":"UnknownDiscipline_0_Category_2","parameterNumber":2,"parameterNumberName":"UnknownParameter_D0_C2_2","parameterUnit":"Unknown","genProcessType":2,"genProcessTypeName":"Forecast","forecastTime":300,"surface1Type":103,"surface1TypeName":"Specified height level above ground","surface1Value":10.0,"surface2Type":255,"surface2TypeName":"Missing","surface2Value":0.0,"gridDefinitionTemplate":0,"gridDefinitionTemplateName":"Latitude_Longitude","numberPoints":615,"shape":6,"shapeName":"Earth spherical with radius of 6,371,229.0 m","gridUnits":"degrees","resolution":48,"winds":"true","scanMode":64,"nx":41,"ny":15,"basicAngle":0,"lo1":47.0,"la1":41.0,"lo2":87.0,"la2":55.0,"dx":1.0,"dy":1.0}, "data":
[rows 0 to 14 of 15, columns 0 to 40 of 41]
-2.1398413,-0.9898413,1.6901587,-2.3198414,-1.3598413,0.6001587,2.1401587,3.5301588,1.2201587,1.5801587,2.3201587,3.7401588,2.0301588,2.9501586,2.3401587,2.1301587,1.6501586,3.2401588,3.7801588,2.4401586,3.4401586,3.0801587,0.63015866,0.88015866,-1.1798413,-2.3198414,-0.8998413,1.7801586,0.030158691,0.3801587,-1.4998413,0.56015867,-0.03984131,-0.47984132,-0.06984131,-0.15984131,0.8301587,1.0201586,1.1401587,-0.3798413,0.7301587
1.9401587,0.56015867,-3.4798412,-1.7698413,2.2101586,3.5301588,3.1401587,2.4601586,2.6701586,2.0201588,3.5201588,2.6301587,2.7701588,2.7301588,3.8801587,3.5501587,3.5501587,2.8801587,1.8401587,4.8701587,4.2801585,4.7801585,3.1701586,1.0301586,1.3201587,1.0101587,0.2801587,1.4301587,-2.6898413,-1.2198414,0.11015869,-0.7898413,-0.7198413,-2.8398414,-0.23984131,-0.32984132,0.07015869,-1.2398413,-2.2498412,1.1201587,-1.1198413
1.2101587,1.0201586,1.6601586,3.0801587,3.5301588,2.9401586,3.2801588,3.8901587,4.5401587,2.9401586,3.8301587,3.3401587,3.8601587,4.3401585,6.0401587,4.1801586,3.2701588,2.9401586,5.710159,7.4901586,3.8001587,7.3301587,6.3401585,3.0501587,3.2401588,3.5401587,2.3701587,1.9501587,-1.4098413,-0.009841309,-1.0198413,1.9801587,-0.5698413,-0.8798413,-0.2798413,-1.4998413,-0.7098413,0.4801587,0.4701587,2.0401587,1.5501587
0.30015868,1.3601587,5.4901586,5.7901587,5.0301585,3.7601588,3.7701588,4.360159,4.4901586,3.5401587,3.7601588,4.2801585,7.2001586,7.5101585,7.520159,4.1201587,3.9201586,3.0801587,2.1201587,10.040158,4.750159,2.6501586,9.3001585,6.7001586,5.0301585,4.250159,3.8501587,2.0101588,2.8501587,5.5701585,3.4301586,-4.039841,-3.5998414,-3.6698413,-3.3698413,-2.6598413,-2.3598413,2.5201588,1.4301587,0.060158692,0.24015869
2.9301586,4.650159,6.4301586,7.0401587,7.610159,5.750159,5.6001587,5.6201587,5.5101585,5.3301587,5.750159,7.0901585,9.230159,7.7601585,7.6601586,7.1401587,7.3401585,6.630159,6.8701587,9.360159,11.180159,7.3001585,3.2901587,5.8501587,7.7901587,6.3201585,3.0401587,4.650159,1.1801587,4.460159,1.7701586,-2.3198414,-2.3098414,0.24015869,-0.12984131,2.4001586,-0.9898413,-1.0898414,-0.7698413,-0.049841307,1.0201586
1.6401587,1.2401587,3.8501587,5.9701586,6.980159,8.180159,8.110159,8.150159,6.750159,5.630159,6.500159,5.670159,7.3701587,10.760159,10.890159,7.960159,7.500159,8.600159,8.700159,8.310159,9.220159,7.8501587,6.900159,3.0701587,7.3501587,6.2601585,3.4901588,3.0701587,4.5501585,6.4101586,-3.6998413,-3.7498412,-6.0898414,-3.9798412,-2.3998413,-1.8898413,-0.10984131,1.0701587,3.8401587,-1.4598413,-1.1398413
6.0601587,5.3901587,6.0501585,4.210159,2.9201586,4.0901585,4.650159,3.7901587,3.0801587,4.0701585,4.3001585,6.8101587,7.2001586,7.670159,7.5901585,7.8001585,9.000158,9.450159,7.880159,7.6601586,7.880159,7.5801587,5.380159,6.0901585,5.3101587,4.3501587,2.6401587,2.7001586,-1.8598413,-2.4598413,-5.7998414,-5.579841,-2.7498412,-3.0098412,-3.3098414,-2.8798413,-1.5298413,2.1301587,-0.02984131,1.2401587,2.9701586
5.6601586,6.360159,6.210159,6.400159,5.4901586,4.5801587,5.1801586,3.9801588,3.4101586,4.0701585,5.0401587,6.670159,5.860159,1.8901587,2.6201587,4.8401585,5.7401586,7.8101587,7.0901585,7.2901587,7.9301586,6.6801586,3.2801588,4.0901585,4.4101586,4.2201586,2.3201587,2.4201586,-1.0698413,-2.9198413,-3.8998413,-3.9698412,-3.1698413,-1.2998413,-2.4798412,-2.4098413,-1.6098413,0.8601587,1.9401587,3.2801588,1.3201587
3.1501586,4.4301586,5.130159,3.9101586,3.1601586,4.730159,5.5701585,4.2201586,3.5701587,4.4501586,3.7401588,2.3901587,3.2101586,1.7901587,2.0801587,2.6901586,2.2901587,2.9601586,6.880159,6.400159,5.2801585,6.0601587,3.3501587,4.5901585,5.2201586,2.8501587,2.6701586,1.6801587,0.7401587,-1.7398413,-1.3898413,-1.5998414,-1.5798413,-2.3698413,-1.7498413,-1.9298413,-0.25984132,-2.1498413,-0.7598413,1.1201587,-1.5898414
2.2901587,1.7001587,2.0801587,1.8001587,2.1301587,4.1401587,4.170159,3.7601588,3.8601587,4.2001586,3.6901586,3.4901588,3.5301588,3.6001587,4.3701587,3.7901587,2.3801587,2.4801588,3.4101586,3.5401587,4.460159,5.4501586,6.3901587,6.5301585,1.1501586,2.5601587,3.9501586,-0.5998413,-0.9498413,-2.7498412,-2.8098414,-3.2798414,-2.7898414,-3.4298413,-2.3398414,-1.8498414,-2.0698414,-0.8998413,-0.6298413,0.9601587,0.4401587
2.7301588,2.8801587,2.2101586,2.6301587,2.8401587,3.0801587,3.9901588,3.8301587,5.130159,3.1701586,4.9501586,4.900159,2.8001587,4.2901587,4.8901587,3.6801586,4.1201587,2.7901587,2.8001587,2.7101586,5.7801585,5.750159,4.170159,-0.9098413,-1.8598413,-2.1898413,-3.5998414,-4.7198415,-4.7998414,-5.9398413,-5.599841,-4.0498414,-3.5398414,-1.8398414,-1.1598413,-1.6298413,-1.3498414,0.4601587,-0.3798413,0.27015868,0.75015867
2.0601587,2.2901587,3.1301587,2.7801588,2.3001587,2.4301586,2.6801586,2.4301586,3.5601587,1.9301587,1.3101587,2.6201587,3.3601587,3.4901588,3.5801587,2.9101586,1.5501587,2.9401586,1.6901587,-0.7698413,-1.1998413,-3.8098414,-4.8798413,-3.8298414,-4.0098414,-3.6698413,-4.4298415,-4.4298415,-4.3398414,-3.9998412,-2.9498413,-2.2498412,-1.1598413,-1.0298413,0.09015869,1.3701587,0.7801587,-0.3998413,-0.4398413,-0.9498413,-0.7298413
2.8801587,2.4101586,2.6001587,3.1701586,1.5801587,2.1801586,2.9601586,3.4101586,4.0801587,2.2601588,0.9901587,1.6501586,2.5301588,3.4901588,3.0001588,2.5301588,1.7501587,1.9601587,-0.61984134,2.5401587,1.0401587,-1.6298413,-1.9898413,-2.3598413,-2.2298412,-2.7998414,-3.1198413,-3.3298414,-1.4198413,-1.6098413,-1.0198413,-0.049841307,0.10015869,1.4201587,1.5601587,0.9101587,0.2601587,-0.18984132,0.9201587,0.30015868,-0.089841306
3.1801586,3.2101586,2.4501586,1.7901587,2.5901587,2.8901587,3.4601586,3.0701587,2.0401587,3.2101586,1.0801587,1.3601587,1.4101586,0.8401587,1.8901587,1.4101586,1.7201587,1.4001586,0.8001587,1.4501587,2.5601587,0.88015866,-0.1998413,-1.5798413,-1.2998413,-1.4298413,-0.6398413,-0.4898413,-0.3198413,-0.05984131,-0.14984131,-0.2298413,0.9701587,1.5101587,0.33015868,-0.17984131,0.6001587,1.1101587,-0.2298413,0.4101587,0.4101587
3.0301588,4.500159,5.7601585,2.8401587,2.9101586,3.3901587,1.2501587,2.2501588,2.3901587,2.6601586,1.1101587,1.9601587,1.4401587,1.8401587,1.8201587,1.2601587,1.6201587,1.5001587,1.4501587,1.3001587,1.4201587,1.5201586,0.4801587,0.1401587,0.3801587,0.9501587,0.4701587,-0.5098413,-0.1998413,0.08015869,1.7201587,0.7801587,1.3601587,0.11015869,0.1601587,1.2601587,0.8501587,1.0701587,1.7801586,1.4601587,-0.7098413
