wind.json
{"header": {"discipline":0,"disciplineName":"Meteorological products","gribEdition":2,"gribLength":1211,"center":7,"centerName":"US National Weather Service - NCEP(WMC)","subcenter":0,"refTime":"2023-06-29T00:00:00.000Z","significanceOfRT":1,"significanceOfRTName":"Start of forecast","productStatus":0,"productStatusName":"Operational products","productType":1,"productTypeName":"Forecast products","productDefinitionTemplate":0,"productDefinitionTemplateName":"Analysis/forecast at horizontal level/layer at a point in time","parameterCategory":2,"parameterCategoryName":"UnknownDiscipline_0_Category_2","parameterNumber":2,"parameterNumberName":"UnknownParameter_D0_C2_2","parameterUnit":"Unknown","genProcessType":2,"genProcessTypeName":"Forecast","forecastTime":120,"surface1Type":103,"surface1TypeName":"Specified height level above ground","surface1Value":10.0,"surface2Type":255,"surface2TypeName":"Missing","surface2Value":0.0,"gridDefinitionTemplate":0,"gridDefinitionTemplateName":"Latitude_Longitude","numberPoints":688,"shape":6,"shapeName":"Earth spherical with radius of 6,371,229.0 m","gridUnits":"degrees","resolution":48,"winds":"true","scanMode":64,"nx":43,"ny":16,"basicAngle":0,"lo1":45.0,"la1":40.0,"lo2":87.0,"la2":55.0,"dx":1.0,"dy":1.0}, "data":
[rows 0 to 15 of 16, columns 0 to 42 of 43]
-4.236604,0.113396,1.6033959,-1.946604,-1.306604,-0.626604,0.743396,-1.716604,-2.986604,-5.226604,-1.256604,-4.626604,-4.366604,-3.516604,-4.326604,-3.396604,-2.156604,-1.376604,-1.046604,-3.226604,-2.436604,-1.376604,-3.006604,0.553396,0.793396,1.543396,-0.156604,-0.416604,-0.016604004,1.293396,1.443396,-0.24660401,0.263396,0.88339597,1.223396,-2.566604,0.133396,1.693396,4.273396,-1.836604,-0.366604,-0.776604,-1.006604
1.793396,0.063396,-1.026604,-1.476604,0.843396,-0.296604,-1.346604,-2.556604,-3.416604,-3.606604,-4.676604,-3.256604,-2.846604,-3.306604,-3.026604,-2.426604,-1.956604,-0.61660403,-2.966604,-0.28660402,-2.656604,-1.316604,-0.746604,-1.916604,-1.356604,-1.276604,1.213396,-3.866604,-3.056604,0.183396,-0.24660401,0.653396,1.573396,1.843396,1.883396,3.503396,0.833396,1.393396,-0.426604,-3.326604,0.283396,-1.456604,-4.126604
-0.206604,-1.816604,-0.296604,1.383396,-1.316604,-2.956604,-2.066604,-1.326604,-1.246604,-3.026604,-2.856604,-2.186604,-0.486604,-1.046604,-2.006604,-1.116604,-1.406604,-0.486604,1.203396,-2.326604,-1.586604,-1.526604,-0.846604,-1.956604,-1.016604,-2.866604,-0.236604,0.623396,-0.436604,0.20339599,-1.1466041,-0.196604,0.183396,-0.24660401,-0.046604004,-0.116604,0.773396,0.423396,-0.08660401,0.283396,-0.816604,0.413396,-3.426604
0.023395997,0.183396,0.303396,-2.416604,-2.836604,-2.036604,-0.116604,-2.816604,-2.946604,1.203396,-0.486604,1.023396,3.613396,3.743396,1.813396,0.393396,-0.506604,-0.856604,-0.406604,1.063396,1.453396,1.383396,1.093396,1.743396,-1.816604,-1.326604,1.583396,2.223396,1.803396,0.893396,-3.046604,-0.436604,-0.656604,2.653396,0.293396,-0.226604,-0.956604,0.213396,-0.446604,-0.406604,2.743396,1.813396,-0.0066040037
-1.346604,-1.3966041,-1.376604,-1.756604,-1.656604,-1.346604,-2.356604,-2.566604,-0.106604,-2.516604,-1.226604,-0.466604,2.713396,5.293396,3.933396,3.233396,2.163396,2.343396,1.983396,2.293396,2.713396,3.433396,1.893396,0.903396,3.933396,3.313396,3.863396,3.833396,3.813396,-0.18660401,2.933396,5.923396,-0.566604,-0.546604,2.153396,0.193396,-2.316604,-2.506604,-1.426604,1.313396,1.303396,1.803396,2.363396
0.783396,0.243396,1.243396,1.513396,1.553396,1.223396,0.003395996,0.17339599,-0.24660401,0.863396,1.593396,0.243396,-1.016604,0.17339599,0.503396,3.243396,3.023396,4.223396,4.173396,3.473396,3.203396,3.733396,3.613396,3.723396,4.183396,4.473396,4.273396,2.883396,2.633396,5.593396,4.483396,2.543396,1.713396,-0.736604,-1.606604,1.813396,2.043396,1.383396,6.093396,0.503396,1.913396,4.313396,2.583396
1.073396,2.393396,1.793396,2.463396,3.693396,3.913396,3.953396,2.993396,2.813396,2.503396,1.403396,2.883396,-1.016604,-2.426604,-1.556604,0.543396,1.723396,3.063396,3.593396,2.513396,2.413396,4.153396,3.433396,3.423396,4.733396,3.433396,3.923396,4.443396,6.623396,5.683396,6.923396,1.623396,3.763396,0.123395994,2.533396,0.073396,2.953396,-3.266604,5.183396,3.323396,13.183396,1.553396,-3.156604
-0.996604,2.213396,1.213396,3.773396,3.843396,3.923396,3.363396,4.573396,4.563396,3.543396,2.683396,2.213396,2.213396,2.823396,2.223396,2.363396,2.193396,2.633396,2.563396,3.343396,2.913396,2.403396,3.223396,2.263396,2.993396,3.333396,5.603396,5.343396,6.083396,5.933396,1.973396,0.593396,3.603396,1.393396,1.903396,8.013396,2.383396,-0.646604,-1.246604,1.903396,0.753396,-0.446604,-0.406604
0.393396,-0.486604,-1.286604,-1.296604,0.073396,-1.716604,-0.346604,1.143396,1.243396,2.623396,2.223396,2.633396,1.193396,1.953396,3.543396,2.563396,3.803396,3.623396,3.713396,3.503396,2.473396,2.783396,3.253396,2.083396,1.703396,2.393396,3.403396,1.903396,3.493396,-1.276604,-0.546604,-1.476604,-1.246604,2.523396,4.253396,3.193396,0.963396,2.123396,1.543396,4.133396,-0.206604,0.903396,-1.206604
-0.586604,1.153396,1.933396,1.6033959,2.053396,0.88339597,1.913396,2.993396,3.213396,2.843396,1.373396,2.643396,2.013396,2.713396,3.853396,3.443396,4.263396,3.783396,4.153396,3.513396,3.903396,3.643396,3.423396,2.633396,2.423396,3.143396,1.363396,2.393396,-1.736604,0.783396,-1.796604,-1.536604,-4.506604,-1.556604,-0.366604,0.57339597,0.49339598,0.843396,0.683396,-1.926604,1.1033959,0.473396,-0.306604
2.353396,2.413396,1.903396,1.583396,0.763396,1.563396,2.153396,1.963396,1.403396,1.563396,2.233396,1.983396,3.603396,3.653396,2.343396,3.693396,3.163396,3.683396,2.823396,3.123396,3.033396,3.363396,2.893396,4.063396,4.343396,2.943396,4.373396,2.103396,-0.746604,-0.996604,-3.536604,-6.326604,-2.916604,-4.166604,-1.226604,-0.67660403,1.303396,0.843396,-0.92660403,-0.31660402,-1.056604,0.753396,0.283396
1.073396,2.363396,2.443396,3.383396,2.853396,3.013396,1.493396,1.743396,2.783396,2.913396,2.163396,2.483396,3.063396,2.383396,2.683396,2.553396,2.923396,1.573396,1.363396,1.743396,1.493396,1.923396,2.903396,3.343396,3.733396,2.393396,0.683396,-3.116604,-6.306604,-6.136604,-6.306604,-5.266604,-5.436604,-4.186604,-3.316604,-3.706604,-3.316604,-1.336604,-1.026604,-0.86660403,-0.816604,-0.156604,-0.356604
2.093396,1.8533959,1.833396,2.963396,3.123396,3.153396,3.313396,3.583396,1.653396,1.873396,2.263396,1.483396,0.803396,2.613396,2.163396,1.173396,2.153396,0.933396,1.1033959,1.273396,0.303396,2.203396,0.583396,3.043396,2.273396,-1.346604,-4.536604,-4.726604,-7.406604,-6.786604,-5.206604,-5.366604,-4.176604,-3.486604,-3.496604,-5.326604,-3.636604,-3.436604,-3.376604,-1.626604,-0.626604,-0.336604,-0.516604
2.743396,2.933396,2.743396,3.063396,3.103396,3.223396,2.653396,2.303396,2.663396,1.503396,1.053396,1.453396,0.503396,1.003396,1.823396,2.363396,1.723396,1.953396,2.163396,2.573396,2.383396,2.053396,1.573396,1.733396,1.753396,-3.236604,-3.476604,-5.586604,-5.416604,-4.946604,-4.956604,-3.956604,-3.206604,-5.026604,-5.086604,-3.786604,-2.736604,-3.236604,-1.936604,-1.306604,-2.416604,-1.526604,-1.046604
3.303396,2.103396,3.073396,3.283396,3.303396,3.263396,2.533396,2.673396,1.683396,1.413396,1.133396,1.253396,0.343396,-0.036604002,1.803396,1.563396,2.993396,1.843396,1.873396,2.653396,2.983396,1.773396,1.883396,0.953396,0.773396,-4.046604,-4.596604,-5.116604,-4.246604,-3.876604,-3.466604,-2.756604,-3.706604,-3.586604,-3.276604,-3.286604,-2.846604,-2.796604,-2.546604,-2.686604,-2.356604,-1.526604,-0.696604
3.553396,3.303396,2.223396,3.343396,4.603396,3.053396,2.813396,2.243396,2.353396,2.063396,2.063396,0.833396,-0.576604,-0.31660402,0.733396,1.573396,1.153396,0.783396,0.983396,2.133396,-0.356604,-1.766604,-2.706604,-2.876604,-3.526604,-4.626604,-5.106604,-3.936604,-3.356604,-3.176604,-2.796604,-2.836604,-3.426604,-3.876604,-3.916604,-3.186604,-3.976604,-3.426604,-2.906604,-2.516604,-1.716604,-2.876604,-2.506604
