wind_kz.json
{"header": {"discipline":0,"disciplineName":"Meteorological products","gribEdition":2,"gribLength":871,"center":7,"centerName":"US National Weather Service - NCEP(WMC)","subcenter":0,"refTime":"2023-09-28T06:00:00.000Z","significanceOfRT":1,"significanceOfRTName":"Start of forecast","productStatus":0,"productStatusName":"Operational products","productType":1,"productTypeName":"Forecast products","productDefinitionTemplate":0,"productDefinitionTemplateName":"Analysis/forecast at horizontal level/layer at a point in time","parameterCategory":0,"parameterCategoryName":"UnknownDiscipline_0_Category_0","parameterNumber":0,"parameterNumberName":"UnknownParameter_D0_C0_0","parameterUnit":"Unknown","genProcessType":2,"genProcessTypeName":"Forecast","forecastTime":180,"surface1Type":1,"surface1TypeName":"Ground or water surface","surface1Value":0.0,"surface2Type":255,"surface2TypeName":"Missing","surface2Value":0.0,"gridDefinitionTemplate":0,"gridDefinitionTemplateName":"Latitude_Longitude","numberPoints":615,"shape":6,"shapeName":"Earth spherical with radius of 6,371,229.0 m","gridUnits":"degrees","resolution":48,"winds":"true","scanMode":64,"nx":41,"ny":15,"basicAngle":0,"lo1":47.0,"la1":41.0,"lo2":87.0,"la2":55.0,"dx":1.0,"dy":1.0}, "data":
[rows 0 to 14 of 15, columns 0 to 40 of 41]
288.2,279.2,283.10004,293.60004,293.50003,292.7,291.80002,294.00003,290.40002,289.10004,288.60004,292.00003,292.90002,292.7,294.50003,291.30002,292.40002,290.60004,289.40002,290.2,291.10004,287.80002,288.00003,285.30002,290.50003,292.10004,286.90002,276.7,273.90002,273.80002,273.90002,274.80002,283.90002,290.7,290.40002,291.10004,292.00003,291.60004,293.10004,292.50003,290.50003
266.10004,283.60004,293.2,293.60004,293.50003,291.80002,290.80002,288.50003,288.2,288.10004,290.00003,288.2,289.2,288.7,290.2,292.00003,290.00003,286.80002,287.60004,286.80002,285.50003,288.2,286.10004,281.90002,272.30002,273.60004,281.2,275.7,276.30002,273.10004,277.7,269.30002,276.7,263.30002,273.30002,286.80002,285.50003,288.50003,290.90002,283.7,283.7
286.10004,293.00003,293.30002,293.00003,291.10004,286.60004,286.00003,287.40002,287.10004,287.40002,288.00003,288.60004,287.2,286.40002,291.40002,289.7,291.30002,289.40002,288.60004,287.50003,284.00003,286.7,286.40002,283.50003,287.00003,286.90002,290.80002,288.7,287.30002,279.30002,269.90002,273.00003,278.7,278.10004,281.30002,282.60004,276.00003,277.00003,277.80002,271.80002,271.60004
286.50003,292.40002,293.10004,292.10004,290.00003,287.2,286.90002,285.7,287.7,287.50003,287.40002,288.50003,290.2,289.7,291.60004,292.50003,291.80002,287.80002,288.00003,287.40002,289.40002,282.10004,287.00003,289.40002,288.7,289.40002,289.90002,288.80002,286.7,286.90002,288.00003,285.80002,289.7,286.40002,286.60004,283.50003,272.7,268.00003,275.40002,283.00003,286.7
289.30002,291.30002,291.90002,291.00003,290.10004,289.10004,290.30002,289.7,290.00003,287.50003,287.50003,289.30002,289.30002,288.10004,286.80002,292.60004,290.30002,288.90002,286.60004,288.60004,288.30002,288.30002,287.40002,287.40002,286.90002,287.40002,286.00003,286.40002,287.80002,287.50003,289.7,286.7,276.80002,265.7,277.40002,285.30002,288.60004,289.60004,289.80002,289.7,289.10004
289.10004,286.2,290.2,291.00003,291.00003,290.90002,289.30002,290.80002,289.90002,291.2,290.80002,291.30002,289.2,289.10004,290.00003,288.90002,290.10004,288.30002,288.50003,288.50003,287.40002,286.7,286.7,286.90002,286.30002,284.7,285.50003,287.40002,287.40002,287.40002,285.30002,287.30002,286.40002,285.00003,283.00003,286.40002,278.90002,281.2,285.30002,287.80002,286.80002
288.00003,286.60004,290.2,289.30002,290.60004,287.2,289.50003,289.40002,290.80002,290.30002,289.80002,290.00003,289.10004,288.80002,287.60004,288.80002,288.2,289.2,288.10004,287.10004,286.60004,287.10004,286.7,286.60004,285.40002,285.60004,284.2,285.50003,285.60004,285.7,285.50003,285.50003,285.80002,286.7,285.60004,284.30002,279.60004,276.00003,273.40002,272.2,283.2
288.60004,288.50003,289.60004,290.40002,290.7,290.90002,291.60004,287.10004,289.10004,286.60004,288.60004,286.40002,286.40002,287.50003,287.50003,287.2,287.00003,287.7,287.2,285.10004,284.7,284.50003,284.00003,283.90002,282.80002,280.50003,280.90002,281.7,280.7,282.7,282.00003,283.00003,283.2,280.50003,280.40002,281.40002,282.7,285.60004,282.60004,282.60004,279.90002
288.90002,288.60004,289.30002,291.30002,289.30002,289.7,288.7,289.00003,289.2,285.60004,283.7,284.80002,284.90002,285.90002,285.2,286.7,286.30002,286.10004,285.40002,284.7,282.7,282.2,282.60004,282.30002,280.60004,280.90002,277.90002,277.50003,276.50003,275.90002,278.00003,279.40002,280.7,282.2,281.10004,282.40002,280.00003,279.00003,267.50003,269.90002,268.2
287.90002,288.40002,289.2,291.90002,291.90002,291.7,291.7,290.40002,289.60004,285.50003,283.60004,287.30002,283.90002,284.80002,284.10004,284.50003,284.90002,285.00003,285.10004,284.7,283.2,282.50003,282.90002,282.40002,281.60004,279.90002,280.10004,278.60004,277.80002,276.30002,276.2,278.90002,281.80002,281.50003,281.60004,281.90002,281.80002,279.10004,272.00003,272.00003,268.2
286.80002,286.30002,287.40002,286.90002,287.10004,285.90002,286.30002,286.10004,285.10004,284.90002,284.00003,284.80002,284.60004,284.00003,284.2,284.7,284.80002,285.00003,284.2,283.80002,283.40002,282.7,282.80002,282.30002,281.60004,280.90002,279.00003,280.40002,280.50003,280.80002,280.50003,280.40002,277.90002,280.30002,280.00003,278.50003,277.7,276.00003,276.50003,275.7,272.90002
285.00003,286.60004,286.50003,286.2,285.7,284.90002,283.50003,283.7,283.90002,284.10004,281.50003,282.10004,283.50003,283.60004,283.7,283.90002,284.00003,284.00003,283.90002,284.10004,283.2,282.7,282.2,281.90002,281.50003,282.10004,281.80002,282.60004,282.80002,282.2,281.50003,280.00003,280.80002,277.40002,277.80002,277.10004,278.10004,279.00003,281.80002,281.40002,280.40002
287.30002,284.40002,285.60004,285.30002,286.30002,284.90002,283.60004,283.60004,283.10004,283.00003,280.90002,278.80002,282.40002,281.40002,281.90002,282.80002,283.30002,283.30002,284.2,283.30002,283.10004,282.00003,281.30002,281.2,282.40002,282.90002,283.50003,282.30002,282.00003,281.60004,281.60004,281.2,280.7,278.7,278.50003,277.50003,276.80002,278.7,278.40002,280.00003,280.00003
283.7,286.7,286.2,287.30002,287.30002,285.60004,284.40002,283.90002,283.40002,283.2,281.80002,278.50003,279.2,281.40002,282.00003,282.30002,282.30002,282.10004,282.30002,282.7,282.90002,282.60004,283.00003,283.30002,283.40002,283.40002,282.60004,282.40002,281.30002,281.2,281.10004,280.60004,279.80002,278.60004,277.80002,276.2,276.10004,275.60004,275.7,276.00003,278.00003
283.80002,285.60004,285.2,283.2,285.80002,285.80002,286.30002,284.00003,286.2,286.10004,284.50003,281.10004,281.2,279.90002,281.2,282.10004,281.7,281.60004,281.60004,281.60004,282.00003,282.30002,282.10004,282.30002,282.60004,282.50003,282.50003,281.7,281.30002,281.00003,280.80002,282.10004,279.40002,278.40002,277.90002,277.2,276.60004,275.30002,275.50003,275.80002,277.50003
