wind_kz.json
{"header": {"discipline":0,"disciplineName":"Meteorological products","gribEdition":2,"gribLength":1025,"center":7,"centerName":"US National Weather Service - NCEP(WMC)","subcenter":0,"refTime":"2023-10-05T06:00:00.000Z","significanceOfRT":1,"significanceOfRTName":"Start of forecast","productStatus":0,"productStatusName":"Operational products","productType":1,"productTypeName":"Forecast products","productDefinitionTemplate":0,"productDefinitionTemplateName":"Analysis/forecast at horizontal level/layer at a point in time","parameterCategory":2,"parameterCategoryName":"UnknownDiscipline_0_Category_2","parameterNumber":3,"parameterNumberName":"UnknownParameter_D0_C2_3","parameterUnit":"Unknown","genProcessType":2,"genProcessTypeName":"Forecast","forecastTime":300,"surface1Type":103,"surface1TypeName":"Specified height level above ground","surface1Value":10.0,"surface2Type":255,"surface2TypeName":"Missing","surface2Value":0.0,"gridDefinitionTemplate":0,"gridDefinitionTemplateName":"Latitude_Longitude","numberPoints":615,"shape":6,"shapeName":"Earth spherical with radius of 6,371,229.0 m","gridUnits":"degrees","resolution":48,"winds":"true","scanMode":64,"nx":41,"ny":15,"basicAngle":0,"lo1":47.0,"la1":41.0,"lo2":87.0,"la2":55.0,"dx":1.0,"dy":1.0}, "data":
[rows 0 to 14 of 15, columns 0 to 40 of 41]
-0.024301758,-0.90430176,2.3756983,6.5356984,2.3156981,1.8456982,0.9856982,0.5556982,-0.06430176,-0.5043018,-1.8943018,-1.6743017,-2.3143017,-3.0643017,-3.2943017,-3.3243017,-3.5743017,-4.374302,-4.144302,-2.3643017,-2.8643017,-4.2343016,-1.4143018,-1.4843018,-1.1343018,-0.78430176,-1.3143017,-0.83430177,2.1256983,3.6556983,0.16569825,-2.4843018,-0.39430177,0.88569826,0.90569824,0.18569824,1.2156982,1.1756983,0.20569824,-0.21430176,1.8556982
0.90569824,-0.34430176,6.525698,4.915698,5.5356984,3.9356983,-0.13430175,2.3656983,0.97569823,-0.17430176,-1.5943017,-2.2043018,-2.3243017,-2.6643019,-4.184302,-3.3543017,-2.2443018,-1.1143018,-3.3643017,-3.5143018,-3.8943017,-4.744302,-0.79430175,1.1856983,-0.47430176,-2.2743018,-4.044302,1.4156983,-0.87430173,1.2256982,3.3356981,3.5356982,-0.26430175,-2.4643018,-3.3043017,1.2656982,1.1056982,1.1856983,1.4556983,-1.6743017,-1.0943017
0.7356982,6.3256984,5.525698,3.7256982,4.4056983,2.6156983,1.6656983,1.2956983,1.4956982,-0.5743018,-1.3443017,-1.3643018,-2.0943017,-2.3743017,-2.9043016,-3.3243017,-2.9643018,-2.6343017,-2.0843017,1.7356982,-0.74430174,-3.7743018,-7.0743017,-1.6143018,-1.2743018,0.12569824,-1.0943017,-0.60430175,-0.61430174,1.6156982,4.875698,2.1256983,2.7056983,-0.96430176,-0.97430176,2.8056982,4.955698,0.8556982,0.08569824,-2.4243019,-3.0343018
2.8756983,6.295698,5.915698,4.1556983,2.6356983,3.5556982,3.8856983,3.1956983,2.4856982,1.6356982,0.035698242,-1.2643018,-2.6443017,-1.9643017,-2.3643017,-2.9643018,-3.7143018,-3.7543018,-3.5943017,-2.9843018,-1.2043017,-2.7443018,1.6656983,-2.5843017,-3.2243018,-3.6143017,-3.5143018,-1.8243017,1.0056982,0.36569825,-0.5743018,-0.83430177,-2.0443017,-2.6143017,-1.1943017,-2.2543018,-2.7743018,-0.114301756,4.8856983,2.2756982,2.6456983
4.3056984,5.8656983,5.8456984,3.8256981,3.5056982,3.4656982,3.9156983,3.8256981,3.8856983,2.2856982,1.4156983,0.40569824,-2.0043018,-1.6543018,-2.5343018,-2.3943017,-3.0443017,-3.5443017,-3.4543018,-3.3843017,-2.2843018,-0.9543018,-1.7343018,-2.4643018,-2.6543016,-2.8443017,-3.5843017,-2.2743018,-2.4943018,-3.0143018,-3.6443017,-0.93430173,1.6756983,1.4856982,-0.014301758,0.42569825,-0.31430176,-0.83430177,-0.6943018,-1.0443017,0.66569823
3.9256983,2.3956983,3.4856982,5.455698,5.395698,5.235698,3.5056982,3.1656983,3.5356982,2.8956983,1.4956982,0.12569824,-1.9443017,-1.9243017,-1.0643017,-1.2743018,-1.6443018,-2.0943017,-2.2843018,-2.4243019,-1.5243018,-0.48430175,-0.29430175,-1.0243018,-1.6843017,-2.0043018,-2.9143019,-1.4843018,-1.9143018,-2.1243017,-1.9143018,-1.9843018,-2.2343018,-3.0443017,0.88569826,1.2156982,2.8956983,1.5456983,-0.45430174,-1.1543018,0.58569825
3.9756982,3.8056982,2.9556983,3.0956984,3.8356981,3.5556982,3.4956982,3.0856981,4.045698,3.8856983,3.1856983,2.2356982,1.4756982,0.06569824,-0.5743018,-0.73430175,-0.36430177,0.36569825,-0.38430175,-0.60430175,-1.1343018,-0.86430174,-0.18430176,0.49569824,0.6756982,0.21569824,-0.65430176,-0.60430175,-1.2343018,-0.58430177,-0.46430176,-1.5943017,-2.2743018,-0.96430176,-1.3143017,-0.8943018,-1.0643017,-0.78430176,-0.78430176,-0.27430177,0.57569826
4.4056983,4.355698,4.4956985,4.065698,4.065698,4.065698,4.0156984,3.7156982,3.7956982,3.5656981,3.8456984,3.5156982,2.9956982,2.1856983,1.9456983,1.2156982,0.26569825,0.32569826,1.9556983,1.6456982,1.0956982,0.77569824,0.78569824,1.1356982,2.0056982,0.94569826,1.4556983,0.57569826,-0.16430175,0.40569824,0.17569824,0.44569823,0.78569824,-0.014301758,0.5556982,-0.04430176,0.83569825,-0.79430175,-0.48430175,0.22569825,-1.6043018
4.205698,5.085698,5.455698,4.7456985,4.735698,4.2656984,4.4456983,4.0756984,3.8856983,4.025698,3.8356981,3.7756982,3.2256982,3.3956983,3.3856983,3.1556983,2.8256981,2.0156982,1.7756982,2.3556983,1.9656982,2.1356983,2.6856983,2.0756981,1.8256983,1.7056983,1.5656983,1.5256982,1.1656983,0.30569825,1.7256982,3.0756981,2.9356983,3.4856982,3.0356982,2.3356981,-1.0243018,-0.53430176,-1.1243018,-1.0343018,-3.1843019
3.7856982,4.4256983,5.105698,5.505698,5.0556984,4.605698,4.5356984,4.3256984,4.4656982,4.2456985,4.1556983,3.7356982,3.4456983,3.3856983,3.6556983,3.1256983,3.3456984,3.3256981,3.2656982,2.7556982,2.6656983,2.5356982,1.8756982,2.0856981,2.6156983,2.6156983,3.0956984,2.6656983,2.8556983,2.6456983,1.7756982,3.6456983,2.7756982,3.3056982,3.8756983,1.9756982,0.8656982,-1.2843018,0.64569825,3.3856983,2.6956983
3.3256981,3.9056983,4.435698,4.005698,4.705698,5.545698,5.685698,4.875698,4.505698,3.9956982,4.065698,4.005698,3.7256982,3.5756981,3.3356981,3.8056982,3.8356981,3.8056982,3.9956982,3.8356981,3.5856981,3.5956984,2.7956982,3.1756983,2.6756983,3.4956982,2.5556982,3.7256982,4.185698,2.9656982,3.3756983,2.8056982,4.0156984,3.6156983,5.1756983,6.125698,2.6556983,2.6056983,2.1056983,1.4556983,0.32569826
3.5056982,4.005698,5.165698,5.4956985,5.645698,5.4656982,5.205698,5.2656984,4.485698,3.7256982,3.6756983,3.3056982,3.9056983,4.065698,3.9656982,4.1556983,4.2156982,4.0156984,4.9456983,4.2456985,4.395698,3.3456984,3.2956982,3.6056983,3.9256983,3.4956982,5.3256984,3.3456984,3.3556983,3.6456983,3.9656982,4.9456983,4.525698,5.065698,4.5756984,6.755698,7.1756983,3.9756982,1.9756982,1.1556983,0.87569827
-1.9943018,1.9456983,5.5356984,5.8056984,6.0556984,4.545698,5.5356984,6.605698,5.165698,5.8056984,3.2156982,2.9156983,4.4056983,4.4656982,4.7656984,4.395698,4.795698,4.455698,5.0756984,4.835698,5.165698,4.9656982,4.295698,3.8556983,2.8756983,4.0356984,3.6656983,3.4456983,4.0156984,4.3056984,5.1756983,5.7456985,5.8256984,5.9456983,5.625698,5.625698,6.1756983,4.7256985,6.755698,2.7956982,1.7456982
-1.4343017,-2.2743018,-3.2943017,1.7056983,5.3656983,6.645698,6.565698,6.755698,7.0156984,6.955698,4.8656983,2.0456982,3.1056983,5.5556984,4.255698,5.205698,5.1556983,4.935698,5.0556984,4.775698,4.8256984,4.9056983,4.065698,3.2556982,3.1356983,2.9356983,3.1656983,3.7656982,3.9356983,5.0956984,5.815698,6.4456983,6.8256984,6.6756983,5.685698,6.145698,5.165698,5.7456985,5.875698,5.4956985,4.7256985
-0.54430175,-0.85430175,-1.2843018,0.43569824,-0.96430176,-3.2143018,4.545698,6.5756984,6.8856983,6.7156982,5.645698,6.6356983,4.0156984,2.4656982,5.0156984,4.9256983,5.3056984,4.895698,5.3256984,5.255698,4.855698,4.7656984,4.3656983,3.8856983,3.4356983,3.1556983,3.2056983,3.6756983,3.9256983,4.605698,5.9056983,8.175698,6.5756984,6.8056984,6.775698,6.7256985,6.855698,7.0356984,6.205698,6.735698,5.8856983
