wind.json
{"header": {"discipline":0,"disciplineName":"Meteorological products","gribEdition":2,"gribLength":1039,"center":7,"centerName":"US National Weather Service - NCEP(WMC)","subcenter":0,"refTime":"2023-06-30T18:00:00.000Z","significanceOfRT":1,"significanceOfRTName":"Start of forecast","productStatus":0,"productStatusName":"Operational products","productType":1,"productTypeName":"Forecast products","productDefinitionTemplate":0,"productDefinitionTemplateName":"Analysis/forecast at horizontal level/layer at a point in time","parameterCategory":0,"parameterCategoryName":"UnknownDiscipline_0_Category_0","parameterNumber":0,"parameterNumberName":"UnknownParameter_D0_C0_0","parameterUnit":"Unknown","genProcessType":2,"genProcessTypeName":"Forecast","forecastTime":300,"surface1Type":1,"surface1TypeName":"Ground or water surface","surface1Value":0.0,"surface2Type":255,"surface2TypeName":"Missing","surface2Value":0.0,"gridDefinitionTemplate":0,"gridDefinitionTemplateName":"Latitude_Longitude","numberPoints":688,"shape":6,"shapeName":"Earth spherical with radius of 6,371,229.0 m","gridUnits":"degrees","resolution":48,"winds":"true","scanMode":64,"nx":43,"ny":16,"basicAngle":0,"lo1":45.0,"la1":40.0,"lo2":87.0,"la2":55.0,"dx":1.0,"dy":1.0}, "data":
[rows 0 to 15 of 16, columns 0 to 42 of 43]
293.76758,284.26758,293.36758,294.36758,295.9676,298.76758,297.9676,296.36758,314.56757,318.16757,320.36758,321.36758,322.06757,321.36758,321.66757,324.36758,324.4676,326.16757,332.66757,329.36758,328.36758,325.06757,325.66757,327.4676,324.16757,320.86758,317.76758,309.16757,306.06757,308.4676,309.16757,320.4676,321.26758,326.26758,328.06757,330.56757,328.36758,329.36758,326.66757,324.16757,331.26758,329.76758,327.86758
294.36758,299.26758,295.16757,286.36758,291.9676,297.66757,297.56757,295.86758,303.06757,309.36758,318.66757,319.66757,318.56757,319.26758,320.16757,323.9676,327.56757,331.36758,331.66757,333.16757,338.06757,331.76758,335.76758,326.66757,326.76758,323.76758,326.76758,330.76758,320.56757,301.66757,302.06757,302.66757,302.56757,300.66757,313.06757,325.26758,329.4676,327.06757,328.86758,334.56757,331.16757,332.26758,327.66757
292.56757,289.9676,278.26758,290.76758,297.56757,297.76758,297.4676,294.86758,303.66757,311.26758,306.16757,315.9676,318.06757,318.4676,318.76758,319.56757,332.9676,333.9676,335.26758,336.86758,337.66757,334.4676,333.16757,330.56757,330.26758,316.06757,302.66757,300.56757,306.76758,302.66757,300.76758,294.56757,299.56757,296.86758,305.9676,273.16757,301.66757,316.56757,322.36758,324.16757,328.9676,316.26758,286.36758
292.76758,296.16757,303.76758,297.86758,297.86758,297.86758,296.66757,313.06757,313.16757,314.06757,310.76758,309.56757,315.36758,316.56757,314.86758,315.66757,324.06757,331.4676,335.26758,336.56757,340.26758,337.66757,333.9676,329.06757,328.9676,319.56757,325.76758,324.06757,323.76758,323.76758,323.4676,303.36758,298.4676,296.86758,307.26758,304.26758,307.36758,300.76758,296.36758,296.4676,300.56757,295.06757,284.56757
302.36758,305.9676,298.06757,298.56757,298.86758,298.16757,301.4676,314.4676,313.66757,314.4676,313.76758,313.06757,311.76758,314.86758,295.56757,295.06757,317.26758,325.9676,328.86758,332.26758,335.76758,340.86758,330.9676,328.56757,330.16757,329.66757,328.76758,326.9676,327.9676,324.9676,323.9676,323.26758,323.26758,319.56757,324.56757,325.36758,330.56757,316.56757,288.56757,285.16757,296.9676,308.66757,308.06757
306.36758,304.86758,310.26758,298.9676,299.06757,299.66757,305.56757,311.9676,313.06757,316.16757,311.26758,310.16757,311.76758,314.26758,296.16757,295.4676,292.56757,321.4676,323.9676,326.66757,325.76758,329.4676,334.36758,335.76758,334.76758,334.16757,331.86758,333.76758,329.56757,317.76758,325.4676,329.4676,330.26758,327.66757,305.36758,298.26758,306.16757,319.9676,315.4676,328.86758,327.56757,322.86758,321.56757
305.56757,306.86758,309.06757,307.4676,299.4676,298.9676,298.76758,298.4676,314.36758,311.9676,311.4676,310.9676,314.16757,314.06757,296.36758,294.56757,303.06757,315.56757,322.36758,319.56757,325.86758,329.06757,329.9676,331.26758,333.9676,332.76758,329.16757,329.56757,331.36758,292.9676,331.06757,328.4676,332.56757,329.76758,330.06757,327.26758,317.66757,314.76758,310.36758,311.06757,329.4676,328.56757,315.9676
307.36758,306.9676,305.9676,306.66757,307.9676,308.26758,306.4676,310.36758,312.9676,309.66757,309.56757,309.66757,312.36758,310.9676,311.36758,309.36758,301.9676,310.56757,315.9676,320.26758,321.4676,322.76758,325.36758,327.26758,328.06757,327.4676,326.86758,326.66757,328.4676,328.56757,330.4676,331.56757,332.86758,335.76758,331.86758,329.36758,323.36758,321.9676,313.76758,307.36758,304.86758,295.76758,322.4676
305.36758,304.76758,304.76758,306.9676,306.9676,306.76758,307.86758,308.26758,309.76758,307.06757,307.4676,308.26758,309.16757,310.66757,310.9676,311.9676,308.76758,305.9676,310.66757,308.26758,316.86758,318.36758,321.9676,324.16757,324.56757,322.4676,324.16757,322.16757,322.4676,325.06757,322.4676,326.26758,324.26758,327.36758,324.06757,322.16757,320.4676,327.16757,323.16757,289.06757,319.9676,319.86758,316.9676
293.86758,304.86758,304.9676,305.26758,306.16757,305.66757,305.76758,306.56757,305.36758,305.06757,305.26758,304.66757,304.66757,306.26758,308.16757,311.4676,309.86758,314.86758,307.36758,303.26758,307.76758,314.66757,311.66757,319.66757,319.16757,321.06757,320.26758,322.76758,319.36758,319.36758,317.76758,318.86758,320.06757,319.86758,322.36758,322.56757,319.56757,310.86758,314.56757,315.76758,304.76758,296.16757,299.16757
299.76758,302.26758,302.56757,303.4676,302.4676,302.76758,302.06757,303.56757,302.86758,302.56757,302.16757,301.26758,299.9676,300.76758,303.66757,306.4676,308.36758,309.76758,311.9676,308.56757,306.86758,304.4676,310.36758,314.86758,314.9676,318.86758,319.36758,320.36758,320.26758,319.9676,317.16757,319.56757,319.76758,323.16757,328.26758,322.4676,318.66757,314.9676,305.56757,301.36758,302.36758,303.36758,305.16757
296.36758,294.4676,298.66757,298.86758,298.9676,297.76758,297.56757,298.86758,295.16757,290.86758,289.76758,289.16757,294.26758,297.26758,300.66757,299.86758,302.4676,303.66757,305.86758,308.9676,304.16757,302.26758,299.26758,309.9676,305.9676,307.36758,312.66757,315.9676,313.56757,320.26758,319.4676,323.4676,321.26758,319.66757,323.16757,313.16757,311.06757,311.26758,303.16757,303.26758,301.66757,304.76758,302.66757
293.16757,294.16757,296.06757,297.4676,297.76758,290.4676,288.76758,288.56757,288.06757,287.06757,285.9676,284.66757,282.36758,284.76758,296.56757,295.06757,299.06757,300.4676,301.06757,304.16757,303.56757,298.56757,296.76758,303.06757,307.36758,308.66757,310.06757,310.9676,319.26758,318.36758,319.66757,319.26758,315.86758,317.9676,313.86758,313.9676,307.16757,308.86758,308.9676,308.36758,304.76758,303.16757,303.16757
292.06757,292.4676,292.66757,294.66757,296.76758,289.06757,286.86758,286.9676,284.66757,285.9676,283.9676,283.66757,281.4676,281.56757,287.66757,293.36758,296.06757,297.26758,298.56757,300.16757,301.36758,297.76758,292.76758,291.56757,301.76758,305.4676,309.66757,311.76758,317.86758,316.86758,316.9676,315.4676,314.76758,313.76758,310.56757,311.36758,307.16757,307.4676,306.26758,304.26758,301.66757,303.66757,303.86758
291.4676,291.86758,292.36758,292.66757,289.9676,286.36758,286.66757,284.9676,283.9676,282.76758,284.4676,283.9676,281.76758,280.36758,283.36758,293.36758,294.4676,295.86758,294.86758,298.4676,297.86758,295.66757,292.86758,296.36758,295.76758,299.86758,307.56757,309.16757,308.66757,310.16757,313.06757,312.9676,311.36758,313.9676,313.16757,311.26758,307.76758,307.9676,304.4676,304.06757,303.86758,301.66757,301.56757
291.36758,290.9676,291.36758,289.36758,291.9676,285.56757,285.9676,285.16757,285.76758,282.36758,283.4676,283.4676,283.26758,282.86758,283.16757,289.76758,292.36758,296.86758,298.36758,298.16757,296.9676,293.26758,287.86758,289.86758,295.26758,297.06757,298.86758,299.16757,306.06757,310.26758,310.06757,310.86758,305.16757,299.9676,311.26758,310.66757,309.36758,306.86758,303.86758,301.26758,303.06757,302.26758,304.16757
