wind_kz.json
{"header": {"discipline":0,"disciplineName":"Meteorological products","gribEdition":2,"gribLength":948,"center":7,"centerName":"US National Weather Service - NCEP(WMC)","subcenter":0,"refTime":"2023-09-24T12:00:00.000Z","significanceOfRT":1,"significanceOfRTName":"Start of forecast","productStatus":0,"productStatusName":"Operational products","productType":1,"productTypeName":"Forecast products","productDefinitionTemplate":0,"productDefinitionTemplateName":"Analysis/forecast at horizontal level/layer at a point in time","parameterCategory":0,"parameterCategoryName":"UnknownDiscipline_0_Category_0","parameterNumber":0,"parameterNumberName":"UnknownParameter_D0_C0_0","parameterUnit":"Unknown","genProcessType":2,"genProcessTypeName":"Forecast","forecastTime":0,"surface1Type":1,"surface1TypeName":"Ground or water surface","surface1Value":0.0,"surface2Type":255,"surface2TypeName":"Missing","surface2Value":0.0,"gridDefinitionTemplate":0,"gridDefinitionTemplateName":"Latitude_Longitude","numberPoints":615,"shape":6,"shapeName":"Earth spherical with radius of 6,371,229.0 m","gridUnits":"degrees","resolution":48,"winds":"true","scanMode":64,"nx":41,"ny":15,"basicAngle":0,"lo1":47.0,"la1":41.0,"lo2":87.0,"la2":55.0,"dx":1.0,"dy":1.0}, "data":
[rows 0 to 14 of 15, columns 0 to 40 of 41]
304.0877,292.6877,298.48773,294.48773,294.6877,293.88773,303.28772,307.78772,304.48773,305.98773,304.28772,304.98773,304.1877,303.78772,303.38773,303.38773,302.6877,302.48773,303.38773,302.78772,304.38773,300.5877,300.88773,295.38773,297.5877,299.48773,292.78772,280.48773,279.98773,278.1877,276.48773,278.28772,288.78772,292.6877,292.98773,291.88773,292.0877,291.98773,291.98773,291.88773,291.1877
285.88773,296.98773,293.98773,294.38773,294.1877,293.88773,308.0877,304.78772,302.98773,303.78772,304.88773,303.5877,302.98773,302.28772,303.0877,303.1877,303.5877,303.0877,302.0877,302.5877,301.78772,301.98773,299.28772,290.38773,282.78772,283.0877,289.0877,280.0877,284.1877,271.28772,279.78772,265.1877,281.0877,256.1877,278.98773,289.1877,287.78772,288.5877,292.1877,286.0877,283.98773
299.78772,293.98773,294.38773,293.5877,291.98773,303.78772,302.88773,303.1877,302.5877,302.0877,301.88773,302.78772,301.78772,302.5877,302.5877,302.98773,302.38773,301.28772,300.88773,301.1877,302.5877,299.98773,299.28772,291.78772,295.5877,293.48773,293.5877,293.6877,292.1877,281.98773,272.6877,276.98773,281.1877,281.1877,282.6877,280.48773,274.6877,274.6877,274.48773,269.38773,262.6877
300.98773,293.1877,293.88773,292.88773,295.1877,302.0877,303.28772,303.1877,303.28772,303.28772,301.98773,299.5877,292.28772,291.6877,302.5877,302.88773,301.28772,300.98773,300.38773,300.1877,298.78772,293.78772,298.0877,296.78772,296.0877,295.78772,295.88773,291.6877,290.28772,290.48773,290.1877,286.88773,292.28772,292.0877,291.48773,284.88773,272.1877,268.78772,272.48773,279.6877,281.78772
300.28772,292.88773,293.0877,292.48773,296.48773,302.6877,304.38773,303.28772,301.88773,302.0877,301.38773,299.48773,291.38773,290.28772,289.38773,301.88773,301.1877,298.78772,298.0877,297.98773,298.28772,298.38773,297.1877,296.28772,294.98773,293.38773,290.48773,291.28772,291.48773,290.78772,292.5877,287.88773,275.78772,261.0877,279.6877,285.98773,288.78772,290.98773,287.88773,287.48773,287.0877
302.28772,299.98773,291.78772,292.48773,292.78772,292.78772,304.6877,304.88773,301.38773,301.5877,298.48773,296.78772,292.5877,291.1877,296.0877,299.5877,300.38773,299.0877,298.5877,298.1877,296.88773,295.6877,295.1877,294.6877,293.98773,292.0877,292.28772,289.0877,291.38773,290.6877,288.88773,289.78772,286.78772,285.6877,282.38773,285.78772,274.0877,277.0877,285.88773,287.28772,286.38773
304.1877,302.28772,302.1877,303.6877,301.28772,305.38773,304.5877,301.5877,302.0877,297.5877,298.6877,299.48773,297.98773,298.0877,298.28772,298.6877,298.78772,299.1877,298.48773,296.5877,295.48773,295.28772,294.6877,293.78772,292.0877,291.88773,290.98773,291.28772,290.38773,289.38773,288.28772,287.98773,287.98773,287.28772,284.1877,283.0877,276.78772,270.0877,267.38773,268.0877,281.5877
303.98773,303.48773,305.28772,305.48773,306.38773,303.28772,304.78772,303.1877,297.0877,297.6877,300.1877,298.98773,297.6877,296.5877,297.0877,297.38773,296.5877,297.78772,297.38773,294.5877,293.38773,293.38773,292.88773,291.6877,290.28772,287.28772,285.78772,286.48773,284.0877,285.38773,284.98773,285.28772,283.88773,279.6877,279.78772,280.48773,281.88773,287.6877,281.98773,281.98773,279.0877
304.28772,303.5877,304.1877,304.1877,304.48773,304.5877,303.98773,303.48773,298.38773,296.6877,298.78772,299.28772,297.5877,297.5877,296.0877,296.28772,294.5877,294.5877,294.48773,293.38773,291.6877,290.98773,291.0877,290.98773,288.28772,287.88773,284.0877,281.0877,278.88773,277.78772,279.78772,280.98773,281.98773,281.38773,280.88773,277.48773,277.1877,277.1877,267.88773,266.0877,264.48773
303.48773,302.48773,303.48773,303.48773,304.28772,304.5877,304.38773,301.88773,298.0877,296.5877,295.98773,298.1877,298.1877,297.0877,296.0877,295.28772,293.78772,294.38773,294.28772,293.88773,292.1877,291.28772,290.98773,290.6877,289.48773,287.1877,286.38773,282.48773,280.0877,279.5877,279.38773,281.88773,283.38773,282.78772,281.1877,278.98773,276.78772,272.88773,272.48773,267.48773,267.6877
302.6877,302.28772,302.28772,303.38773,303.0877,303.48773,303.48773,297.38773,296.38773,295.38773,294.0877,293.48773,297.88773,296.6877,295.5877,294.48773,293.5877,294.5877,293.98773,292.78772,292.6877,291.78772,290.48773,289.98773,288.6877,288.1877,284.28772,283.48773,282.0877,282.78772,283.0877,284.1877,283.88773,283.38773,283.0877,280.48773,274.38773,270.28772,271.78772,270.78772,269.88773
300.88773,302.38773,302.48773,302.98773,303.48773,302.48773,301.1877,298.98773,298.78772,298.38773,293.88773,293.5877,294.98773,294.38773,293.88773,293.88773,293.1877,292.6877,292.88773,291.98773,290.28772,289.48773,288.6877,289.28772,288.38773,287.6877,285.78772,283.88773,283.0877,282.78772,282.88773,283.28772,283.48773,282.1877,281.5877,281.1877,280.98773,278.6877,276.98773,277.6877,276.0877
297.5877,299.48773,301.5877,301.6877,301.48773,300.28772,300.88773,300.6877,296.0877,296.48773,290.28772,289.38773,295.0877,293.38773,294.1877,294.0877,293.88773,292.88773,293.5877,291.78772,290.5877,288.38773,286.38773,285.48773,286.48773,286.98773,286.1877,283.1877,282.48773,281.88773,282.78772,282.6877,282.6877,282.1877,281.78772,280.48773,280.48773,280.28772,277.1877,277.28772,276.6877
299.5877,299.78772,293.0877,300.28772,299.6877,299.38773,298.5877,297.0877,297.5877,295.88773,292.6877,289.48773,291.48773,292.38773,292.88773,293.28772,293.48773,292.5877,292.6877,291.6877,291.1877,289.98773,290.1877,288.38773,287.6877,287.1877,283.5877,281.78772,280.98773,282.28772,282.38773,281.78772,281.1877,280.28772,280.48773,279.1877,279.0877,278.78772,276.88773,276.6877,275.88773
297.6877,299.98773,288.1877,298.78772,299.48773,299.0877,298.38773,297.78772,298.38773,297.28772,294.88773,292.98773,290.48773,291.48773,290.98773,292.1877,292.5877,292.5877,293.48773,292.48773,292.78772,292.0877,289.5877,289.5877,288.78772,287.38773,282.1877,280.28772,281.1877,281.1877,281.88773,282.48773,280.0877,279.6877,279.38773,279.1877,279.1877,278.0877,276.98773,278.1877,277.38773
