wind_kz.json
{"header": {"discipline":0,"disciplineName":"Meteorological products","gribEdition":2,"gribLength":871,"center":7,"centerName":"US National Weather Service - NCEP(WMC)","subcenter":0,"refTime":"2023-09-24T00:00:00.000Z","significanceOfRT":1,"significanceOfRTName":"Start of forecast","productStatus":0,"productStatusName":"Operational products","productType":1,"productTypeName":"Forecast products","productDefinitionTemplate":0,"productDefinitionTemplateName":"Analysis/forecast at horizontal level/layer at a point in time","parameterCategory":0,"parameterCategoryName":"UnknownDiscipline_0_Category_0","parameterNumber":0,"parameterNumberName":"UnknownParameter_D0_C0_0","parameterUnit":"Unknown","genProcessType":2,"genProcessTypeName":"Forecast","forecastTime":300,"surface1Type":1,"surface1TypeName":"Ground or water surface","surface1Value":0.0,"surface2Type":255,"surface2TypeName":"Missing","surface2Value":0.0,"gridDefinitionTemplate":0,"gridDefinitionTemplateName":"Latitude_Longitude","numberPoints":615,"shape":6,"shapeName":"Earth spherical with radius of 6,371,229.0 m","gridUnits":"degrees","resolution":48,"winds":"true","scanMode":64,"nx":41,"ny":15,"basicAngle":0,"lo1":47.0,"la1":41.0,"lo2":87.0,"la2":55.0,"dx":1.0,"dy":1.0}, "data":
[rows 0 to 14 of 15, columns 0 to 40 of 41]
289.0268,282.62677,286.5268,292.9268,293.0268,292.5268,301.22678,305.12677,301.62677,300.62677,298.32678,301.0268,300.22678,299.9268,299.4268,298.9268,298.62677,298.82678,298.9268,299.0268,300.72678,298.5268,299.72678,294.4268,298.12677,299.62677,295.62677,282.22678,281.12677,279.12677,278.32678,278.5268,287.72678,294.32678,295.82678,295.0268,296.12677,295.62677,294.22678,293.5268,292.0268
273.22678,289.72678,292.22678,292.72678,292.62677,291.5268,291.22678,296.72678,295.4268,298.72678,299.4268,298.5268,298.9268,298.4268,298.12677,297.72678,298.0268,297.72678,296.22678,296.4268,296.4268,297.12677,296.12677,288.82678,279.0268,276.9268,289.72678,282.62677,283.4268,277.82678,282.9268,271.22678,280.82678,257.4268,275.32678,291.5268,290.22678,291.62677,294.9268,287.4268,283.9268
293.72678,292.22678,292.5268,292.12677,290.62677,291.9268,288.0268,287.82678,289.32678,291.82678,294.72678,295.4268,295.4268,296.22678,296.72678,295.62677,294.82678,295.22678,294.4268,294.4268,295.5268,295.22678,296.62677,291.82678,294.0268,292.82678,293.72678,293.5268,292.0268,284.4268,276.0268,277.32678,283.5268,283.32678,285.5268,285.0268,278.32678,279.0268,280.12677,275.12677,274.0268
294.4268,291.5268,292.22678,291.4268,292.12677,295.72678,294.9268,291.5268,290.12677,290.22678,291.72678,291.4268,289.9268,289.4268,293.22678,294.4268,293.9268,293.22678,292.9268,293.12677,292.82678,290.22678,293.4268,294.0268,294.22678,295.22678,295.4268,293.9268,292.82678,293.9268,293.5268,291.72678,295.32678,294.72678,294.12677,289.5268,277.72678,267.9268,279.82678,287.32678,291.12677
300.22678,291.22678,291.5268,290.72678,293.0268,297.9268,296.5268,299.22678,297.0268,296.12677,295.62677,293.32678,288.72678,287.72678,286.4268,293.32678,292.82678,291.9268,291.4268,292.12677,293.32678,294.82678,293.62677,293.12677,293.0268,293.72678,292.9268,290.32678,293.62677,295.62677,296.82678,293.72678,279.4268,272.62677,282.5268,290.5268,291.9268,293.62677,294.12677,295.0268,295.12677
300.72678,299.5268,289.5268,290.22678,290.22678,289.62677,296.62677,295.4268,295.82678,295.5268,294.0268,293.0268,289.0268,288.5268,289.32678,289.9268,291.12677,290.4268,290.32678,290.9268,291.32678,291.9268,291.82678,291.4268,291.0268,290.0268,291.62677,286.22678,292.12677,293.5268,292.72678,293.4268,292.32678,290.72678,287.32678,288.72678,283.12677,285.9268,291.4268,292.5268,293.4268
298.9268,299.0268,299.82678,300.5268,296.5268,298.72678,296.0268,296.62677,294.82678,295.82678,294.62677,293.32678,292.22678,291.62677,290.5268,290.32678,289.5268,289.4268,288.82678,288.32678,288.9268,290.72678,290.72678,290.32678,288.82678,289.32678,289.12677,290.32678,289.62677,290.62677,290.32678,290.5268,290.9268,289.4268,287.4268,287.0268,284.12677,282.72678,281.12677,278.4268,289.32678
296.82678,297.12677,297.0268,296.62677,296.5268,295.32678,294.62677,293.22678,290.62677,289.5268,288.4268,289.62677,288.82678,288.82678,290.12677,289.82678,289.32678,288.9268,288.12677,285.82678,286.62677,287.62677,288.12677,287.32678,286.72678,285.12677,285.9268,286.9268,286.22678,288.72678,287.72678,288.5268,285.5268,284.12677,285.62677,285.72678,287.82678,286.0268,289.4268,290.4268,288.0268
294.0268,293.12677,293.9268,292.72678,292.4268,292.72678,291.82678,291.0268,290.12677,287.9268,284.32678,284.82678,285.9268,287.62677,286.82678,288.12677,287.82678,287.32678,286.62677,285.62677,284.0268,284.9268,286.5268,286.12677,284.72678,284.4268,283.4268,283.22678,283.62677,282.72678,280.5268,281.0268,282.22678,283.22678,283.9268,282.62677,283.62677,282.62677,273.12677,272.82678,273.9268
292.4268,290.82678,290.32678,290.0268,290.0268,290.0268,289.12677,288.5268,288.12677,287.5268,286.12677,284.9268,285.4268,285.12677,284.9268,285.32678,285.82678,286.22678,285.62677,284.9268,284.0268,284.4268,284.62677,284.32678,283.9268,283.32678,283.32678,283.32678,282.72678,281.82678,280.32678,281.82678,283.12677,283.32678,282.4268,283.5268,281.72678,278.82678,277.0268,274.62677,271.22678
289.5268,289.4268,288.4268,288.0268,288.0268,287.62677,287.9268,287.72678,286.4268,285.22678,284.22678,283.62677,284.22678,283.32678,283.5268,283.9268,284.0268,285.22678,284.82678,283.72678,283.5268,282.62677,282.22678,282.0268,281.12677,281.4268,279.62677,281.22678,281.4268,281.72678,281.72678,282.12677,281.5268,281.9268,281.32678,279.12677,275.5268,273.12677,275.62677,275.9268,274.72678
286.32678,287.12677,287.0268,286.9268,286.9268,286.9268,285.5268,284.5268,283.22678,282.5268,280.12677,280.22678,280.4268,280.22678,280.62677,282.22678,282.62677,283.12677,283.5268,283.0268,281.62677,280.9268,280.4268,280.62677,279.62677,280.12677,279.72678,280.4268,280.62677,280.72678,279.62677,279.72678,279.72678,277.4268,278.72678,278.4268,277.9268,277.5268,277.0268,277.62677,279.9268
283.72678,284.72678,285.32678,285.72678,285.72678,285.22678,284.82678,282.5268,281.5268,280.5268,276.9268,276.72678,280.4268,279.0268,278.9268,279.82678,280.4268,280.22678,281.0268,280.12677,279.62677,279.72678,279.12677,278.72678,279.9268,279.82678,280.82678,279.82678,279.72678,278.62677,278.9268,278.62677,278.72678,277.9268,277.5268,277.32678,276.4268,277.5268,275.82678,276.5268,276.9268
282.72678,283.9268,284.72678,284.5268,284.22678,283.22678,280.82678,278.82678,278.82678,278.22678,274.5268,274.5268,274.9268,277.62677,278.32678,278.72678,278.12677,277.72678,278.12677,278.32678,278.82678,278.72678,279.4268,279.5268,279.62677,280.0268,279.4268,279.22678,278.0268,277.9268,277.4268,276.9268,276.5268,275.72678,276.12677,275.22678,275.72678,275.4268,275.4268,273.22678,274.9268
282.72678,283.62677,284.82678,282.4268,282.82678,280.82678,280.0268,278.0268,278.0268,279.5268,278.0268,276.22678,274.72678,276.62677,278.0268,278.9268,278.5268,278.22678,279.0268,278.4268,278.72678,278.62677,278.62677,278.0268,277.9268,277.72678,277.72678,277.4268,277.22678,277.0268,277.22678,279.72678,276.22678,275.4268,275.4268,275.5268,275.82678,274.9268,275.72678,276.32678,275.82678
