wind.json
{"header": {"discipline":0,"disciplineName":"Meteorological products","gribEdition":2,"gribLength":1039,"center":7,"centerName":"US National Weather Service - NCEP(WMC)","subcenter":0,"refTime":"2023-07-01T00:00:00.000Z","significanceOfRT":1,"significanceOfRTName":"Start of forecast","productStatus":0,"productStatusName":"Operational products","productType":1,"productTypeName":"Forecast products","productDefinitionTemplate":0,"productDefinitionTemplateName":"Analysis/forecast at horizontal level/layer at a point in time","parameterCategory":0,"parameterCategoryName":"UnknownDiscipline_0_Category_0","parameterNumber":0,"parameterNumberName":"UnknownParameter_D0_C0_0","parameterUnit":"Unknown","genProcessType":2,"genProcessTypeName":"Forecast","forecastTime":300,"surface1Type":1,"surface1TypeName":"Ground or water surface","surface1Value":0.0,"surface2Type":255,"surface2TypeName":"Missing","surface2Value":0.0,"gridDefinitionTemplate":0,"gridDefinitionTemplateName":"Latitude_Longitude","numberPoints":688,"shape":6,"shapeName":"Earth spherical with radius of 6,371,229.0 m","gridUnits":"degrees","resolution":48,"winds":"true","scanMode":64,"nx":43,"ny":16,"basicAngle":0,"lo1":45.0,"la1":40.0,"lo2":87.0,"la2":55.0,"dx":1.0,"dy":1.0}, "data":
[rows 0 to 15 of 16, columns 0 to 42 of 43]
301.61182,288.4118,306.31183,321.11182,322.11182,300.5118,299.31183,297.31183,317.61182,320.0118,321.71182,320.71182,321.5118,320.4118,320.4118,318.31183,320.5118,317.21182,321.0118,324.11182,324.4118,320.5118,318.31183,319.61182,316.4118,312.0118,312.21182,302.21182,295.5118,292.61182,300.4118,306.61182,307.9118,308.31183,308.71182,308.0118,308.9118,308.31183,307.61182,306.81183,304.4118,307.61182,301.9118
293.81183,314.61182,314.71182,293.21182,306.31183,298.71182,297.81183,296.4118,311.0118,322.0118,322.0118,322.4118,320.11182,320.11182,319.71182,319.61182,319.71182,319.21182,315.81183,313.71182,329.0118,326.4118,327.21182,320.31183,319.31183,314.81183,316.71182,319.21182,314.4118,293.31183,292.4118,292.11182,288.4118,284.71182,299.11182,303.61182,307.31183,299.81183,299.71182,304.4118,301.71182,305.31183,310.31183
297.61182,294.31183,286.0118,305.5118,298.21182,298.11182,297.71182,295.4118,321.11182,320.4118,320.21182,319.4118,321.31183,320.4118,319.71182,319.4118,316.31183,320.9118,312.21182,309.81183,315.81183,327.9118,325.61182,321.71182,320.31183,309.61182,295.31183,292.5118,296.5118,291.61182,282.71182,283.0118,293.5118,283.9118,291.4118,273.0118,283.81183,302.81183,303.11182,302.61182,306.31183,300.4118,284.4118
297.81183,301.31183,309.21182,298.9118,298.21182,298.21182,297.0118,317.71182,320.5118,321.21182,319.61182,318.9118,318.11182,316.11182,319.11182,321.21182,321.0118,321.61182,315.21182,318.11182,315.81183,328.0118,326.71182,321.5118,320.61182,313.0118,317.21182,316.5118,316.71182,316.21182,313.4118,296.21182,289.61182,289.71182,294.4118,288.9118,296.21182,292.4118,285.11182,287.0118,291.81183,287.31183,285.81183
304.5118,313.31183,314.21182,299.21182,299.31183,298.5118,302.31183,319.4118,320.0118,320.31183,320.31183,320.61182,318.21182,309.5118,296.5118,295.5118,318.11182,312.4118,313.11182,314.0118,319.9118,323.31183,322.11182,318.9118,321.5118,321.11182,320.5118,320.5118,322.71182,319.4118,316.5118,313.61182,312.9118,303.21182,311.81183,313.61182,308.5118,296.5118,287.4118,283.9118,290.71182,306.0118,309.21182
304.81183,308.61182,306.71182,300.71182,299.81183,300.4118,308.11182,318.31183,319.0118,322.21182,320.21182,319.31183,320.0118,320.4118,297.4118,297.21182,295.0118,313.81183,317.9118,315.9118,317.31183,320.5118,323.4118,324.31183,324.4118,323.31183,323.4118,324.11182,319.9118,309.4118,319.11182,317.11182,315.61182,311.71182,294.71182,281.61182,294.21182,306.31183,305.61182,314.61182,314.5118,312.61182,314.61182
311.71182,315.61182,315.21182,314.21182,300.21182,299.81183,299.81183,299.21182,319.71182,319.5118,322.0118,320.5118,320.4118,320.71182,298.61182,295.31183,301.61182,308.31183,307.9118,313.71182,312.31183,314.5118,321.71182,321.71182,321.61182,323.11182,323.21182,322.31183,319.61182,292.31183,318.4118,318.9118,315.4118,315.71182,308.31183,309.71182,309.0118,305.81183,302.71182,303.81183,313.9118,316.71182,313.4118
312.11182,313.71182,312.21182,312.31183,316.0118,317.0118,312.61182,316.81183,320.11182,317.0118,312.9118,321.9118,320.71182,315.5118,318.0118,316.4118,317.11182,310.4118,314.61182,312.4118,309.11182,316.11182,315.5118,311.31183,318.81183,319.31183,317.81183,319.9118,319.61182,319.31183,318.4118,318.9118,316.61182,316.21182,314.0118,311.9118,313.0118,311.31183,305.9118,300.61182,295.9118,294.21182,309.11182
310.21182,309.11182,312.31183,313.5118,314.31183,314.0118,315.81183,316.31183,318.11182,315.61182,313.0118,309.9118,317.81183,317.31183,318.21182,307.0118,313.5118,315.9118,312.5118,310.9118,315.81183,315.21182,306.61182,309.71182,307.4118,316.11182,318.0118,314.61182,310.21182,315.71182,315.31183,318.11182,310.71182,313.21182,310.61182,308.31183,305.21182,311.9118,310.0118,290.11182,309.4118,310.71182,307.11182
295.11182,309.31183,310.21182,311.31183,312.71182,312.11182,313.21182,312.81183,312.0118,313.71182,313.4118,310.81183,307.61182,316.5118,311.9118,300.11182,299.21182,307.0118,303.61182,313.31183,315.21182,313.4118,311.5118,300.81183,308.71182,312.71182,315.71182,315.9118,310.81183,310.4118,310.31183,310.21182,310.21182,308.5118,308.4118,310.31183,309.4118,307.9118,307.71182,306.61182,295.5118,294.0118,293.0118
301.0118,304.61182,304.31183,306.21182,307.71182,308.31183,308.61182,310.5118,309.9118,310.0118,309.71182,309.11182,304.61182,303.0118,313.61182,310.5118,295.61182,307.81183,315.5118,314.31183,315.61182,315.81183,312.5118,314.21182,316.21182,299.5118,308.11182,303.21182,307.81183,311.31183,307.31183,309.81183,310.31183,312.5118,313.21182,312.0118,310.81183,310.4118,303.31183,298.81183,297.21182,294.71182,293.81183
296.11182,295.0118,299.5118,296.61182,299.21182,300.71182,301.81183,302.11182,298.31183,304.9118,305.21182,304.21182,303.9118,300.31183,303.9118,309.81183,309.81183,313.0118,314.5118,308.21182,296.11182,310.0118,311.0118,314.81183,309.71182,308.61182,309.11182,308.5118,307.71182,307.0118,303.9118,314.4118,314.4118,313.4118,314.81183,310.61182,306.81183,308.4118,299.9118,297.81183,298.4118,297.11182,296.71182
291.21182,292.81183,293.71182,297.0118,300.5118,295.71182,296.81183,294.81183,299.0118,296.21182,300.31183,303.71182,302.61182,299.11182,295.81183,301.21182,307.71182,309.81183,309.81183,309.9118,309.11182,307.0118,308.31183,305.71182,298.5118,301.71182,306.81183,307.61182,308.9118,306.5118,305.71182,313.61182,311.81183,312.0118,308.81183,309.9118,307.61182,306.9118,307.9118,306.81183,302.4118,300.5118,300.4118
293.21182,291.61182,290.71182,292.61182,296.11182,293.21182,294.21182,295.31183,296.71182,296.0118,293.31183,298.9118,297.21182,296.21182,293.11182,300.31183,301.61182,305.0118,306.11182,306.31183,306.9118,305.11182,301.31183,297.21182,303.61182,301.61182,307.5118,307.11182,299.81183,303.61182,311.81183,313.31183,299.31183,309.0118,308.4118,310.21182,308.71182,305.81183,305.5118,304.11182,300.81183,302.9118,301.0118
290.61182,290.31183,288.11182,293.71182,293.11182,292.9118,292.61182,293.31183,292.81183,293.71182,294.9118,295.31183,293.61182,294.31183,299.31183,298.61182,300.31183,297.21182,303.5118,304.11182,305.31183,304.61182,305.21182,303.11182,302.11182,302.21182,297.5118,307.61182,309.0118,307.11182,309.4118,310.21182,310.5118,309.61182,309.61182,310.4118,308.81183,305.61182,305.61182,304.71182,305.31183,300.61182,300.21182
291.31183,291.11182,288.21182,291.21182,292.21182,293.4118,292.4118,294.31183,296.61182,292.21182,291.71182,293.5118,292.5118,294.71182,295.5118,297.21182,302.9118,296.21182,297.61182,304.21182,305.5118,303.0118,303.21182,302.9118,303.5118,305.31183,306.9118,307.21182,307.71182,308.0118,305.31183,307.31183,304.4118,298.0118,309.21182,307.81183,304.81183,306.31183,304.11182,301.11182,302.11182,301.71182,302.11182
