wind_kz.json
{"header": {"discipline":0,"disciplineName":"Meteorological products","gribEdition":2,"gribLength":948,"center":7,"centerName":"US National Weather Service - NCEP(WMC)","subcenter":0,"refTime":"2024-04-08T00:00:00.000Z","significanceOfRT":1,"significanceOfRTName":"Start of forecast","productStatus":0,"productStatusName":"Operational products","productType":1,"productTypeName":"Forecast products","productDefinitionTemplate":0,"productDefinitionTemplateName":"Analysis/forecast at horizontal level/layer at a point in time","parameterCategory":0,"parameterCategoryName":"UnknownDiscipline_0_Category_0","parameterNumber":0,"parameterNumberName":"UnknownParameter_D0_C0_0","parameterUnit":"Unknown","genProcessType":2,"genProcessTypeName":"Forecast","forecastTime":180,"surface1Type":1,"surface1TypeName":"Ground or water surface","surface1Value":0.0,"surface2Type":255,"surface2TypeName":"Missing","surface2Value":0.0,"gridDefinitionTemplate":0,"gridDefinitionTemplateName":"Latitude_Longitude","numberPoints":615,"shape":6,"shapeName":"Earth spherical with radius of 6,371,229.0 m","gridUnits":"degrees","resolution":48,"winds":"true","scanMode":64,"nx":41,"ny":15,"basicAngle":0,"lo1":47.0,"la1":41.0,"lo2":87.0,"la2":55.0,"dx":1.0,"dy":1.0}, "data":
[rows 0 to 14 of 15, columns 0 to 40 of 41]
285.29535,277.69537,282.29535,282.49536,283.99536,284.69537,297.29535,308.09537,309.39536,311.59537,309.19537,309.29535,307.99536,308.09537,307.49536,306.89536,306.49536,300.39536,303.79535,297.29535,297.49536,294.59537,293.59537,289.19537,294.79535,298.59537,291.89536,282.49536,284.29535,282.29535,277.59537,278.29535,294.29535,300.59537,300.09537,298.49536,298.29535,297.89536,296.89536,298.29535,297.79535
271.49536,285.99536,283.19537,283.59537,283.59537,283.99536,308.19537,303.99536,303.99536,303.79535,307.99536,306.49536,308.09537,307.79535,307.69537,306.29535,306.69537,305.29535,302.69537,300.49536,303.09537,295.49536,291.59537,282.09537,273.59537,276.39536,290.19537,285.99536,289.09537,276.59537,285.29535,268.29535,288.39536,257.49536,266.59537,294.49536,293.09537,294.39536,296.99536,290.69537,282.49536
291.29535,282.79535,282.59537,283.19537,283.59537,300.99536,303.59537,299.89536,299.29535,304.69537,302.09537,302.39536,306.99536,307.69537,305.39536,306.09537,305.29535,305.09537,303.29535,300.19537,302.99536,300.39536,295.59537,287.59537,293.19537,290.29535,290.39536,291.69537,292.39536,282.29535,273.69537,277.09537,285.99536,287.69537,285.59537,286.09537,277.09537,281.79535,282.19537,278.09537,273.59537
289.79535,284.09537,282.99536,283.29535,287.29535,302.89536,305.39536,302.39536,300.89536,299.99536,297.59537,302.49536,287.09537,287.09537,302.19537,304.29535,303.89536,304.99536,305.29535,303.79535,298.99536,293.89536,299.59537,298.09537,299.89536,298.89536,299.49536,294.69537,291.89536,293.59537,296.19537,294.49536,298.49536,298.19537,294.59537,288.89536,276.69537,272.19537,282.49536,288.19537,291.19537
290.79535,284.69537,283.09537,283.49536,289.39536,301.39536,306.39536,304.09537,295.69537,293.69537,293.89536,293.79535,289.29535,286.29535,284.49536,301.89536,303.59537,302.59537,301.79535,302.49536,300.79535,299.49536,299.29535,300.19537,299.59537,298.99536,296.39536,292.19537,296.69537,295.69537,296.69537,295.99536,282.19537,272.59537,286.69537,291.89536,287.49536,296.19537,295.69537,294.49536,291.89536
294.59537,295.29535,284.29535,282.89536,281.59537,282.19537,299.89536,302.59537,301.29535,298.69537,300.79535,302.59537,287.39536,286.89536,287.19537,300.39536,298.09537,301.89536,300.49536,299.99536,300.49536,298.99536,299.89536,298.39536,297.89536,296.29535,294.89536,271.99536,297.89536,297.99536,294.69537,296.49536,295.29535,293.69537,288.29535,285.29535,281.09537,282.39536,289.99536,292.89536,292.99536
296.49536,298.09537,299.89536,299.99536,293.99536,298.89536,293.19537,298.29535,297.29535,296.59537,296.49536,293.69537,295.89536,296.09537,296.89536,298.29535,297.79535,296.89536,298.29535,298.59537,296.79535,297.59537,296.89536,296.49536,294.89536,294.99536,290.49536,294.29535,294.69537,295.89536,295.79535,295.49536,294.49536,292.89536,290.29535,289.49536,283.19537,279.79535,273.89536,276.69537,287.39536
294.79535,295.19537,296.39536,296.59537,296.99536,295.39536,297.09537,293.99536,292.89536,292.59537,290.39536,291.19537,289.49536,293.89536,294.29535,294.99536,294.59537,293.39536,292.79535,292.49536,292.99536,293.89536,293.89536,293.69537,292.09537,289.29535,291.59537,290.49536,290.69537,290.69537,290.99536,291.69537,292.09537,288.89536,287.79535,287.79535,287.69537,273.09537,286.09537,287.29535,286.39536
292.19537,291.89536,293.29535,293.19537,291.79535,291.19537,290.79535,290.29535,289.79535,289.29535,289.39536,288.99536,289.19537,287.09537,289.89536,287.99536,293.09537,292.19537,289.99536,289.69537,288.79535,289.59537,292.39536,291.89536,291.89536,290.69537,289.39536,288.29535,288.79535,287.19537,287.99536,289.79535,291.89536,290.49536,290.59537,287.69537,286.39536,285.09537,271.19537,273.19537,270.89536
291.39536,290.49536,289.89536,289.99536,289.59537,289.49536,289.29535,285.89536,287.09537,287.89536,287.69537,288.09537,288.69537,287.79535,288.09537,287.59537,288.09537,291.09537,291.29535,290.19537,289.39536,289.59537,288.99536,289.69537,291.49536,291.29535,291.09537,288.59537,289.69537,288.49536,289.89536,292.39536,292.09537,291.59537,290.49536,288.59537,284.39536,276.29535,273.19537,274.29535,271.39536
290.39536,290.19537,289.19537,289.39536,288.39536,286.69537,283.99536,282.19537,281.29535,280.79535,279.29535,279.49536,280.89536,283.19537,287.59537,288.59537,286.89536,289.59537,288.59537,288.79535,288.69537,288.89536,287.19537,288.99536,285.79535,287.29535,288.69537,291.49536,292.29535,291.29535,293.79535,293.09537,290.79535,291.99536,291.39536,288.29535,279.89536,277.29535,281.49536,280.39536,275.59537
288.49536,287.59537,287.69537,286.69537,286.19537,283.39536,280.19537,281.29535,281.19537,281.89536,280.19537,278.09537,278.19537,279.49536,282.19537,282.89536,282.29535,278.99536,281.79535,278.69537,277.99536,278.19537,277.89536,277.99536,278.89536,279.89536,280.09537,282.19537,288.49536,289.09537,289.09537,288.19537,290.09537,285.59537,285.89536,287.99536,285.59537,287.29535,285.89536,286.89536,285.99536
284.39536,286.29535,286.39536,287.09537,285.29535,279.19537,278.49536,275.29535,279.69537,281.69537,276.89536,272.49536,274.69537,273.99536,275.09537,274.99536,274.89536,275.39536,277.69537,276.09537,275.69537,276.19537,276.09537,275.29535,276.59537,277.49536,278.09537,278.49536,278.39536,279.09537,281.49536,283.09537,284.89536,286.19537,288.29535,287.69537,286.49536,286.79535,284.19537,284.39536,283.59537
285.19537,284.59537,279.09537,285.19537,284.89536,280.69537,276.89536,274.59537,278.29535,279.59537,277.89536,273.69537,271.79535,271.89536,273.29535,274.79535,275.89536,277.89536,278.19537,277.89536,278.49536,277.79535,277.39536,276.99536,278.29535,279.79535,279.39536,278.69537,277.79535,278.59537,277.79535,277.99536,277.69537,277.69537,278.49536,279.09537,279.69537,281.59537,285.19537,284.09537,284.99536
283.79535,287.09537,273.29535,283.89536,283.49536,281.49536,281.69537,280.69537,278.99536,280.49536,279.39536,276.09537,276.39536,276.89536,277.19537,278.49536,278.09537,277.19537,278.19537,276.99536,276.99536,276.89536,277.69537,276.99536,277.59537,277.69537,277.89536,276.59537,277.19537,276.29535,276.39536,274.99536,276.69537,276.79535,277.69537,277.39536,277.49536,276.89536,277.59537,278.69537,280.99536
