wind.json
{"header": {"discipline":0,"disciplineName":"Meteorological products","gribEdition":2,"gribLength":1125,"center":7,"centerName":"US National Weather Service - NCEP(WMC)","subcenter":0,"refTime":"2023-06-28T00:00:00.000Z","significanceOfRT":1,"significanceOfRTName":"Start of forecast","productStatus":0,"productStatusName":"Operational products","productType":1,"productTypeName":"Forecast products","productDefinitionTemplate":0,"productDefinitionTemplateName":"Analysis/forecast at horizontal level/layer at a point in time","parameterCategory":2,"parameterCategoryName":"UnknownDiscipline_0_Category_2","parameterNumber":2,"parameterNumberName":"UnknownParameter_D0_C2_2","parameterUnit":"Unknown","genProcessType":2,"genProcessTypeName":"Forecast","forecastTime":240,"surface1Type":103,"surface1TypeName":"Specified height level above ground","surface1Value":10.0,"surface2Type":255,"surface2TypeName":"Missing","surface2Value":0.0,"gridDefinitionTemplate":0,"gridDefinitionTemplateName":"Latitude_Longitude","numberPoints":688,"shape":6,"shapeName":"Earth spherical with radius of 6,371,229.0 m","gridUnits":"degrees","resolution":48,"winds":"true","scanMode":64,"nx":43,"ny":16,"basicAngle":0,"lo1":45.0,"la1":40.0,"lo2":87.0,"la2":55.0,"dx":1.0,"dy":1.0}, "data":
[rows 0 to 15 of 16, columns 0 to 42 of 43]
-4.0035863,-0.23358643,1.9464135,-2.8735864,-2.4035864,-1.3435864,-2.3535864,-3.7535865,-4.2635865,-5.0535865,-1.2735864,-2.8435864,-0.9435864,-2.2735865,-1.2235864,-1.0435864,-0.8035864,-2.6435864,-0.54358643,-1.9735864,-2.1335864,-0.39358643,-2.5435865,1.5564135,1.9464135,0.25641358,0.0064135743,-0.83358645,0.36641356,-0.79358643,0.19641358,-1.0635865,-1.3135865,1.5064136,1.4764136,-3.3835864,-3.0535865,-3.2835865,-2.8835864,-4.0035863,-4.0735865,-7.1435866,-6.9635863
2.2364135,-0.8235864,-2.4835863,-1.5935864,2.5664136,-1.7835864,-4.0035863,-1.2035865,-3.6635864,-4.5235863,-4.7135863,0.16641358,-0.47358644,-1.5935864,-1.3835864,-3.7035863,-2.5935864,-2.8935864,-1.9535865,-0.6935864,-3.0435865,-1.2535864,2.5564137,1.6364136,0.7964136,-2.7235863,-0.113586426,-1.8235865,-2.7535865,-0.71358645,0.33641356,-0.12358642,-0.17358643,0.8664136,-0.27358642,0.056413576,-1.7835864,-3.4035864,-2.7435865,-3.8235865,-5.5435863,-3.0535865,-0.2835864
-0.9935864,-2.1935863,2.2264135,1.4264135,-6.313586,-4.7335863,-1.9435865,-4.833586,-3.5535865,-5.7035866,-4.1835866,-3.0735865,-0.35358644,-2.6835864,-1.2435864,-2.5735865,-1.2635864,-2.3535864,-1.6135864,-3.3335865,-2.5535865,0.34641358,1.7164136,0.97641355,-1.1735864,-3.7435865,-1.5335864,0.21641357,-0.60358644,0.70641357,-0.9535864,-0.6935864,-0.29358643,-0.17358643,-0.45358643,-2.4435863,0.10641357,0.12641357,-0.73358643,0.76641357,-0.033586428,0.32641357,-2.6935863
-0.6935864,-0.27358642,0.70641357,-6.6635866,-6.7035866,-3.6235864,-4.2135863,-2.6835864,-4.5035863,-1.1035864,-3.2235863,-3.4635863,-1.4535865,-1.8935864,-1.9335865,-2.9535863,-2.6035864,-2.6935863,-3.1835864,-1.7835864,-0.2835864,-1.9735864,-1.2835864,-3.3235865,-7.813586,-5.7835865,1.0464135,-1.5835865,-0.96358645,0.44641358,-2.4335864,-0.42358643,-0.47358644,1.7564136,-0.43358642,-0.24358642,0.6364136,-0.09358642,0.5664136,-0.17358643,1.9364135,1.9464135,1.1764135
-4.0235863,-6.6835866,-5.3435864,-6.0035863,-3.1035864,-2.1335864,-3.5035865,-4.3835864,-3.3435864,-1.5335864,-2.5535865,-1.8835864,-2.0635865,-3.0035865,-2.8135865,-1.9835864,-2.5135865,-3.5435865,-2.9835863,-2.8235865,-3.7535865,-3.2135863,-3.8135865,-5.0035863,-3.4735863,-7.0235863,-6.563586,-5.3835864,-4.3635864,-6.3235865,-3.7835865,-1.4235864,1.0564135,-0.8235864,0.9964136,-1.5535865,-3.0835865,-1.8635864,-1.2735864,1.8864136,1.0064136,2.8964136,1.4164135
-6.2835865,-6.4935865,-5.6135864,-5.833586,-7.6235867,-6.7335863,-5.6735864,-4.353586,-2.4635863,-0.65358645,-2.1935863,-1.0635865,-2.1935863,-1.9135864,-0.53358644,-3.3335865,-4.0435863,-3.4035864,-3.8935864,-2.6035864,-2.9035864,-5.2235866,-5.2935863,-5.583586,-6.5235863,-6.063586,-6.9235864,-6.6535864,-6.4135866,-3.3935864,-3.1135864,-2.6035864,-2.7935865,-1.9735864,-3.0035865,1.4064136,2.0764136,1.1764135,4.4264135,2.2964137,4.3364134,2.0464137,1.3464136
-4.2835865,-4.813586,-4.4335866,-3.7735865,-4.9335866,-4.7135863,-4.9035864,-4.7735863,-4.2535863,0.07641357,-1.0435864,-2.1735864,-0.77358645,-0.77358645,-0.34358642,-3.1835864,-4.8635864,-3.1735864,-3.3035865,-3.8735864,-4.2235866,-4.7635865,-5.8835864,-4.9635863,-3.1635864,-4.853586,-4.7335863,-5.6635866,-3.9735863,-3.9935865,-3.8035865,-2.5635865,-2.4035864,-2.4735863,-2.1435864,0.78641355,1.9164135,-2.9735863,1.8464136,1.7164136,4.8364134,-0.8035864,-3.1135864
-4.0435863,-4.3835864,-4.4535866,-3.4035864,-4.1435866,-4.4235864,-4.9035864,-4.6135864,-3.8135865,-4.2535863,-4.1435866,-3.4135864,-3.9035864,-3.2535865,-2.8635864,-2.8035865,-2.8335865,-4.7735863,-3.5035865,-3.2535865,-3.4235864,-5.5335865,-3.9335864,-4.0335865,-4.1435866,-3.0035865,-3.2635865,-3.0535865,-2.1035864,-2.0935864,-4.2735863,-3.6035864,-3.1935863,-1.6635864,1.2364136,1.0764136,-2.0735865,-1.7335864,-1.4235864,1.8864136,0.39641356,0.40641358,1.2364136
-3.3735864,-2.9835863,-3.7635865,-4.4335866,-4.5935864,-4.7335863,-4.603586,-4.2335863,-5.2135863,-6.0235863,-5.7235866,-5.4135866,-3.5235865,-4.1535864,-2.8235865,-4.0035863,-3.2935865,-3.8935864,-3.3035865,-3.4335864,-3.0135865,-4.6235867,-3.0535865,-3.1735864,-2.2835865,-2.7835865,-2.7135863,-1.0935864,-1.0335864,-1.0135864,-0.5135864,-1.7635864,-2.4035864,0.21641357,-0.9335864,-1.5635865,-0.17358643,3.1464136,6.1264133,7.4264135,4.8364134,3.5664136,-0.34358642
-2.8735864,-3.0835865,-3.0335865,-2.4735863,-3.0335865,-4.2035866,-4.1435866,-4.3635864,-4.083586,-4.2935863,-4.4535866,-3.5735865,-3.2835865,-2.7735865,-2.6735864,-3.1535864,-3.7735865,-2.6935863,-2.8335865,-2.8535864,-3.6235864,-3.4135864,-3.8735864,-2.5835865,-1.6835865,-2.1535864,-3.2235863,-2.6635864,-2.0135865,-1.7935864,0.58641356,0.5764136,0.046413574,-0.22358643,2.0764136,0.36641356,1.8264136,1.3564136,-0.033586428,-2.9035864,-1.6235864,0.64641356,-0.8835864
-3.5235865,-3.7135863,-4.0935864,-2.6935863,-2.8235865,-2.2535865,-2.7635865,-3.1235864,-3.1635864,-2.9635863,-3.2935865,-2.6535864,-3.2135863,-3.5435865,-2.6135864,-3.1635864,-3.2635865,-3.3035865,-2.7935865,-2.1235864,-3.1235864,-2.1835864,-2.6135864,-1.3735864,-2.5135865,-3.3335865,-3.8235865,-3.2035863,-2.3035865,-1.1535864,-0.6835864,-0.39358643,1.5564135,0.33641356,0.4664136,-0.84358644,-0.8035864,0.71641356,-0.5035864,-0.41358644,-3.2435865,-1.2435864,0.29641357
-2.6535864,0.08641358,-5.333586,-2.6635864,-4.0235863,-3.2335863,-2.9335864,-3.3735864,-3.3535864,-2.0435865,-2.7635865,-0.79358643,-1.6035864,-1.4135864,-1.4935864,-3.5035865,-3.0835865,-2.4735863,-2.3035865,-1.6835865,-2.6835864,-2.8935864,-2.5135865,-3.5335865,-3.2735865,-3.1635864,-2.0335865,-2.0735865,-0.77358645,0.41641358,0.17641358,1.6964135,0.10641357,-1.7535864,-1.6235864,-0.6735864,-1.7435864,-2.7535865,-1.2135864,-1.2335864,-0.49358642,-0.07358643,-0.5735864
-3.7135863,-1.5535865,-2.3235865,-1.4435865,-2.7635865,-4.0135865,-3.6835864,-1.1735864,-0.9435864,-0.96358645,-0.8135864,-1.5235864,-1.2535864,0.52641356,-1.1035864,-0.7635864,-0.3135864,-0.49358642,-0.58358645,-1.7935864,-1.9135864,-1.7735864,-2.7935865,-2.1235864,-2.2435865,-0.8135864,-0.8635864,0.016413575,-0.29358643,0.8764136,-0.013586426,-0.72358644,-0.27358642,-1.8435864,-0.96358645,-1.6935865,-0.9535864,-1.5335864,-2.1835864,-0.6335864,0.39641356,0.28641358,0.27641356
-1.4035864,-2.2135863,-1.0035864,0.4364136,1.0064136,-3.2935865,-2.8035865,-0.85358644,-1.9635864,-0.8135864,-1.5835865,-1.1535864,-0.84358644,0.17641358,1.6464136,2.3264136,2.3064137,2.3064137,1.2964135,1.5564135,0.65641356,0.90641356,0.13641357,1.0364136,0.6864136,0.8264136,2.3264136,1.3064135,-0.26358643,-1.1535864,-1.2735864,-0.42358643,-0.90358645,-1.1035864,-0.78358644,-1.9735864,-0.8135864,-0.60358644,-0.2535864,0.5764136,1.0164136,0.7964136,0.4964136
-1.8035865,-0.85358644,-0.97358644,0.7964136,0.26641357,-1.7635864,-1.1435864,-0.46358642,-1.3235865,0.8864136,0.8064136,-0.43358642,-0.5535864,-0.12358642,1.3064135,1.4864136,2.8764136,3.0564137,2.8864136,2.6064136,1.7964135,2.2264135,1.9464135,1.8364136,2.3964136,0.27641356,-0.6235864,-0.30358642,-0.98358643,-0.23358643,-0.19358642,-0.20358643,-0.44358644,-1.2035865,-1.2135864,-1.5235864,-0.8935864,-0.73358643,0.19641358,0.23641357,0.036413573,0.89641356,-0.29358643
-1.8835864,-0.6935864,-1.3635864,-0.32358643,-0.48358643,0.8664136,0.45641357,-0.72358644,0.6064136,1.2564136,0.7564136,-0.8835864,0.48641357,0.58641356,0.91641355,1.3564136,1.7964135,2.3964136,2.5564137,3.1064136,2.0664136,3.0764136,2.4164135,2.3964136,2.2764137,1.2864136,1.1364136,1.2164136,0.8664136,-0.23358643,-0.8135864,-0.8835864,-1.4635864,-1.7535864,-1.9335865,-0.8235864,-0.44358644,0.84641355,0.016413575,0.5764136,1.3664136,-0.24358642,-0.22358643
