wind_kz.json
{"header": {"discipline":0,"disciplineName":"Meteorological products","gribEdition":2,"gribLength":1025,"center":7,"centerName":"US National Weather Service - NCEP(WMC)","subcenter":0,"refTime":"2023-09-22T18:00:00.000Z","significanceOfRT":1,"significanceOfRTName":"Start of forecast","productStatus":0,"productStatusName":"Operational products","productType":1,"productTypeName":"Forecast products","productDefinitionTemplate":0,"productDefinitionTemplateName":"Analysis/forecast at horizontal level/layer at a point in time","parameterCategory":2,"parameterCategoryName":"UnknownDiscipline_0_Category_2","parameterNumber":3,"parameterNumberName":"UnknownParameter_D0_C2_3","parameterUnit":"Unknown","genProcessType":2,"genProcessTypeName":"Forecast","forecastTime":0,"surface1Type":103,"surface1TypeName":"Specified height level above ground","surface1Value":10.0,"surface2Type":255,"surface2TypeName":"Missing","surface2Value":0.0,"gridDefinitionTemplate":0,"gridDefinitionTemplateName":"Latitude_Longitude","numberPoints":615,"shape":6,"shapeName":"Earth spherical with radius of 6,371,229.0 m","gridUnits":"degrees","resolution":48,"winds":"true","scanMode":64,"nx":41,"ny":15,"basicAngle":0,"lo1":47.0,"la1":41.0,"lo2":87.0,"la2":55.0,"dx":1.0,"dy":1.0}, "data":
[rows 0 to 14 of 15, columns 0 to 40 of 41]
0.1371222,-0.42287782,1.3371222,0.4971222,-5.4628778,-0.6528778,-0.04287781,-0.8428778,-1.4828779,-1.4628778,-2.6028779,-1.7628778,-1.3928778,-2.0128777,-3.4228778,-3.5028777,-3.6928778,-4.2328777,-3.3528779,-3.1528778,-2.7228777,-3.9828777,-3.1628778,-1.6628778,-3.8828778,-0.6828778,-1.7128778,1.3771222,0.9171222,-3.4028778,-3.3928778,-4.032878,2.3071222,6.487122,1.2371222,-2.052878,-8.622878,-5.592878,-0.5128778,-2.2028778,3.5271223
1.6071222,1.4071221,2.467122,0.3671222,-3.2628777,-0.15287781,-0.7128778,0.38712218,-0.5128778,-0.75287783,-4.9828777,-2.0828779,-2.7628777,-2.4628778,-4.5628777,-4.452878,-4.592878,-3.032878,-3.282878,-3.042878,-3.302878,-3.4228778,-2.9028778,0.9171222,0.5271222,0.1871222,-1.3128778,0.26712218,-0.3228778,-0.3528778,2.7871222,-1.4528778,-3.532878,-3.032878,-1.8728778,-1.1128778,-0.10287781,2.3371222,0.68712217,-2.0928779,2.3871222
2.5171223,3.677122,2.3371222,-0.7428778,-3.302878,-1.2928778,-0.7828778,-0.07287781,-0.2828778,-0.8628778,-2.4928777,-2.9428778,-3.812878,-3.322878,-5.2128778,-3.3728778,-3.542878,-3.032878,-3.2628777,-3.812878,-2.7228777,-2.3628778,-3.042878,-1.0528778,1.1271222,0.62712216,0.93712217,1.2871222,0.9771222,2.8371222,1.6871222,-0.11287781,0.8471222,-0.5428778,-1.4528778,-1.9328778,-2.572878,-3.0228777,-0.3428778,-1.0928779,-1.3928778
1.1271222,1.4571222,-0.87287784,-3.6228778,-2.4428778,-0.07287781,0.14712219,-0.5828778,0.8871222,1.5971222,0.09712219,-1.8428779,-3.812878,-4.9628778,-4.6028776,-4.702878,-3.5028777,-2.562878,-2.3428779,-3.1428778,-3.4128778,-1.7328779,0.0071221925,1.4371222,1.9871222,0.5071222,0.8971222,2.207122,2.0071223,3.467122,1.9971222,-2.2228777,0.16712219,4.9171224,-2.3828778,0.6371222,3.927122,-0.3528778,-2.5028777,0.9271222,0.8371222
0.4971222,-0.2228778,-1.6828778,-2.5828779,-2.4528778,-1.4328778,-0.6328778,0.14712219,-0.9028778,-1.3628778,0.93712217,-0.022877807,-2.2328777,-3.812878,-5.222878,-3.0828779,-3.9528778,-2.3428779,-2.1528778,-3.072878,-2.7628777,-2.8528779,-2.782878,-2.1328778,0.6671222,-0.2328778,1.4871222,0.8671222,1.0071222,1.8871222,4.2071223,2.0871222,0.0071221925,-1.9828779,0.2871222,1.9571222,-3.1928778,-1.9028778,-4.8328776,-4.0428777,0.2871222
0.7871222,-0.2928778,-0.5828778,-0.8528778,-1.0428778,-1.5328778,0.8971222,-0.3028778,-1.6628778,-1.6228778,-1.5328778,1.7371222,-0.26287782,-2.292878,-3.8628778,-3.6828778,-4.302878,-3.8828778,-4.4828777,-3.8928778,-3.0228777,-1.1828778,-1.8628778,-3.1628778,1.2071222,0.22712219,2.6371222,3.207122,0.62712216,-0.7828778,-2.5928779,0.5471222,4.8971224,2.8671222,3.0771222,0.7571222,0.29712218,-1.9128778,-3.2528777,1.5971222,-2.7728777
2.8671222,2.6471221,1.5271221,1.1771222,0.2471222,0.3671222,0.8471222,0.9171222,0.3671222,0.8871222,-0.9728778,0.3471222,-0.4428778,-1.8228778,-1.5428778,-2.1628778,-2.9228778,-3.1528778,-4.402878,-3.6228778,-3.8928778,-1.5128778,0.7771222,-0.81287783,-2.5228777,-1.7628778,-1.3128778,0.5371222,0.19712219,0.5671222,0.20712219,0.5271222,0.3071222,-0.5928778,-0.3528778,-1.5028778,-2.282878,-0.75287783,-2.4828777,-2.6428778,-3.9928777
-0.032877807,0.62712216,0.68712217,-0.9028778,-1.2128778,-0.092877805,1.5571222,2.0171223,1.7971222,0.2571222,-0.8428778,-1.8428779,-2.2528777,-0.12287781,-0.19287781,-0.42287782,-0.3128778,-0.8828778,-1.7428778,-2.9828777,-3.312878,-3.7128778,-3.9528778,-1.1628778,-0.6128778,-0.3528778,0.117122196,-0.4928778,-0.8828778,-0.6828778,-1.5228778,0.6071222,1.4271222,0.7571222,1.6371222,0.8071222,-0.3328778,-1.7028778,0.04712219,0.20712219,-1.4428778
-0.012877808,-0.15287781,-0.48287782,-0.18287781,-0.4028778,-0.26287782,0.06712219,-1.6128778,-1.6128778,-1.7128778,-1.8728778,-2.562878,-1.6828778,-2.5228777,-2.4428778,-1.6828778,-0.6328778,-0.2728778,0.29712218,0.06712219,-0.2328778,-0.8928778,-1.7928778,-1.8628778,-1.2828778,-0.8328778,0.4171222,0.8871222,0.62712216,1.1871222,1.0971222,1.2271222,2.4871223,2.7371223,2.8371222,1.1171222,-1.9028778,-0.012877808,-1.2128778,-0.8528778,0.7271222
0.4771222,0.8071222,0.5771222,0.8471222,0.8471222,-0.13287781,-1.0528778,-1.8828778,-1.3728778,-0.5928778,-0.8928778,-1.5928779,-1.5128778,-2.1328778,-1.7228779,-1.4528778,-1.2728778,-0.4628778,0.4371222,0.6771222,1.2371222,1.4571222,1.0771222,1.1371222,0.6971222,0.8171222,1.0571222,1.0971222,1.4371222,1.7971222,1.8871222,2.707122,2.6271222,4.547122,3.2871222,2.9171221,1.1371222,-0.052877806,1.4671222,1.2271222,0.8371222
1.6471221,2.7571223,2.0371222,0.2571222,-0.21287781,0.9071222,0.4071222,-0.6028778,-0.75287783,-1.7128778,-0.87287784,-0.36287782,-2.6528778,-2.5028777,-2.2128778,-0.9028778,-1.1228778,-1.2428778,-0.7628778,-0.062877804,-0.16287781,0.3171222,0.7971222,1.2871222,1.1871222,2.2871222,1.8471222,1.7471222,2.3471222,2.0671222,2.457122,2.697122,2.0871222,4.217122,5.487122,2.8871222,2.1171222,1.5171221,2.197122,1.2171222,0.68712217
2.0371222,2.3071222,1.3971221,-0.7028778,-0.12287781,-0.062877804,-0.45287782,-0.4628778,-1.8828778,-1.0628778,-0.87287784,-1.7128778,-2.3828778,-2.8328779,-2.6128778,-2.1628778,-1.9328778,-2.5228777,-1.5428778,-1.2228779,-1.1728778,-2.4928777,-0.6328778,-0.87287784,-0.7028778,-0.0028778077,1.0871222,-0.6628778,0.29712218,1.6871222,3.0671222,3.937122,3.1171222,4.4971223,4.6071224,5.1271224,6.277122,4.677122,3.9171221,3.2871222,1.9871222
1.5671222,1.7171222,2.3071222,0.5071222,-0.8928778,-0.1728778,-0.6328778,-1.1328778,-1.6428778,0.10712219,0.16712219,-0.7428778,-1.3128778,-2.3428779,-1.8728778,-2.042878,-1.7828778,-1.5528778,-1.3828778,-0.8228778,-1.6628778,-2.2028778,-1.9428778,-3.3328779,-4.412878,-5.182878,-7.6228776,-6.472878,-1.0328778,1.0271221,2.3071222,-0.21287781,3.687122,5.887122,5.8771224,5.7271223,5.177122,4.0371222,4.987122,4.2671223,3.1671221
0.5571222,1.1571221,0.6471222,1.1671222,0.017122192,-0.42287782,-0.81287783,-1.3128778,-0.07287781,-0.6828778,1.4871222,0.16712219,-0.9828778,-1.8428779,-3.1328778,-3.532878,-4.2328777,-5.2728777,-4.0428777,-2.9128778,-4.652878,-4.3328776,-4.7928777,-5.5828776,-6.4828777,-7.162878,-6.432878,-5.9828777,-5.902878,-6.3328776,-9.412878,0.3471222,3.1671221,4.117122,5.577122,5.007122,4.3771224,4.9571223,4.777122,3.967122,4.177122
0.4171222,-0.07287781,-0.3428778,-0.8828778,-0.9628778,-0.5328778,-1.1028779,-1.2228779,-1.7528778,-2.1628778,0.0071221925,-0.08287781,-1.2328779,-3.2128778,-4.412878,-3.5828779,-4.9628778,-3.6328778,-4.182878,-3.3328779,-3.1128778,-3.4328778,-2.7228777,-1.7928778,-2.4728777,-3.9528778,-4.612878,-4.4628778,-4.512878,-4.822878,-5.882878,-7.012878,-8.832878,2.3771222,4.447122,5.0371222,5.4371223,5.237122,5.657122,5.807122,4.157122
