wind_kz.json
{"header": {"discipline":0,"disciplineName":"Meteorological products","gribEdition":2,"gribLength":1025,"center":7,"centerName":"US National Weather Service - NCEP(WMC)","subcenter":0,"refTime":"2024-02-01T18:00:00.000Z","significanceOfRT":1,"significanceOfRTName":"Start of forecast","productStatus":0,"productStatusName":"Operational products","productType":1,"productTypeName":"Forecast products","productDefinitionTemplate":0,"productDefinitionTemplateName":"Analysis/forecast at horizontal level/layer at a point in time","parameterCategory":2,"parameterCategoryName":"UnknownDiscipline_0_Category_2","parameterNumber":3,"parameterNumberName":"UnknownParameter_D0_C2_3","parameterUnit":"Unknown","genProcessType":2,"genProcessTypeName":"Forecast","forecastTime":120,"surface1Type":103,"surface1TypeName":"Specified height level above ground","surface1Value":10.0,"surface2Type":255,"surface2TypeName":"Missing","surface2Value":0.0,"gridDefinitionTemplate":0,"gridDefinitionTemplateName":"Latitude_Longitude","numberPoints":615,"shape":6,"shapeName":"Earth spherical with radius of 6,371,229.0 m","gridUnits":"degrees","resolution":48,"winds":"true","scanMode":64,"nx":41,"ny":15,"basicAngle":0,"lo1":47.0,"la1":41.0,"lo2":87.0,"la2":55.0,"dx":1.0,"dy":1.0}, "data":
[rows 0 to 14 of 15, columns 0 to 40 of 41]
-5.9419875,-2.8819873,2.3380127,7.3280125,3.8780127,-1.4119873,-0.8119873,0.1180127,1.1180127,0.09801269,0.3580127,-0.5319873,-1.7619873,-3.5819874,-1.9219873,2.4380126,3.9880128,8.628013,11.148013,10.878013,6.0180125,8.458013,2.9480126,-2.2019873,-1.3119873,-1.6419873,-2.0719874,0.92801267,3.3280127,3.5980127,-1.6519873,-3.1819873,2.2580128,-1.6219873,1.3680127,1.1580127,0.4580127,0.6380127,0.47801268,0.6380127,-1.2019873
6.888013,1.4180127,3.1980126,-4.801987,-6.1419873,-4.1819873,-1.7419873,1.0180126,-0.1519873,0.2680127,-0.8519873,-1.2819873,-0.6819873,-0.1319873,2.1180127,4.008013,4.8180127,5.8180127,7.928013,6.1280127,9.0380125,8.518013,4.6280127,2.1880126,-1.6019874,-1.7319874,-3.6419873,1.4980127,0.9780127,1.2880127,6.0680127,5.3780127,-0.2319873,-1.5019873,-4.7719874,-2.9019873,-2.8919873,-2.6919873,-1.4819874,-0.3419873,0.24801269
-2.5819874,-6.591987,-6.5619874,-5.1919875,-5.5419874,-3.5519874,-0.6219873,-2.2419872,0.8080127,0.4980127,0.4180127,-1.1819873,-1.5319873,-2.6819873,5.448013,4.9380126,6.5180125,6.4580126,6.2680125,6.638013,7.218013,6.678013,3.2480128,2.0880127,4.3780127,3.7680128,1.9280127,0.3980127,0.4580127,3.4580126,4.868013,2.4080126,3.6780126,-2.5319872,-0.3119873,2.7780128,5.5480127,0.1680127,0.7680127,-1.1419873,-1.1619873
0.7780127,0.7180127,-3.9819872,-6.5219874,-5.6019874,-1.4019873,-0.6019873,1.6780127,1.0680127,2.8380127,1.9780127,0.2780127,-3.9619873,0.008012695,6.2880125,5.3080125,5.0780125,4.5580125,5.698013,5.718013,7.7880125,7.718013,4.1680126,5.7080126,4.8980126,4.6080127,2.9180126,-0.7319873,4.238013,4.3580127,2.3480127,-1.2219872,-1.5019873,-0.3519873,-0.9519873,-4.2019873,-2.9419873,2.2680128,3.4880128,1.4480127,1.3180127
-2.4419873,-2.2419872,-1.2119873,-3.5719874,-2.7519872,-1.0219873,-0.2319873,1.6380126,3.5380127,5.448013,3.6380126,0.9980127,-4.741987,10.138013,8.888013,5.3580127,4.7680125,4.4180126,4.1880126,5.988013,3.8580127,2.9980128,1.8280127,2.5280128,1.1780127,0.7080127,0.2980127,-0.6519873,2.0780127,0.8980127,-0.2319873,1.1780127,2.7080126,2.6680126,-1.7319874,-1.9119873,-0.1319873,-0.43198732,1.4480127,1.2480127,-0.7619873
-2.3819873,-1.6919873,-4.491987,-3.2719872,-1.6519873,0.5680127,2.2580128,4.598013,7.2080126,7.5380125,4.218013,2.5780127,-1.6819873,9.698012,6.698013,4.598013,4.678013,4.0780125,3.1080127,1.7580127,1.1580127,6.0580125,5.758013,3.2880127,3.2080126,1.2880127,-1.0519873,-1.2719873,-0.27198732,-0.3419873,-0.6919873,-0.2519873,0.3380127,-0.5319873,2.5380127,10.668013,3.9680128,5.1280127,0.4180127,-0.88198733,-1.3419873
-2.0619874,-3.8619874,-4.0219874,-3.3819873,-2.0319872,1.4780127,2.9980128,7.2980127,6.0280128,5.658013,4.0480127,2.9980128,5.8380127,4.7780128,5.3780127,5.218013,4.9180126,4.1480126,5.008013,3.1780126,2.8180127,4.258013,5.4980125,6.3280125,3.4580126,1.8780127,-1.7119873,-1.5319873,-2.3119874,-1.2019873,-0.3319873,-2.0519874,-4.0619874,-0.6419873,-0.7719873,-2.4019873,-4.151987,-0.031987306,1.2980127,-0.2619873,2.6880126
-2.0619874,-5.5619874,-4.801987,-4.631987,-4.5619874,2.0780127,8.258013,8.358013,7.5880127,5.928013,5.4580126,5.368013,5.868013,5.238013,3.9180126,4.8580127,4.9380126,4.9780126,5.5680127,5.9780126,1.4380127,3.4480126,2.9580126,6.8780127,7.6480126,4.0180125,7.2480125,0.058012694,-0.2319873,-2.4619873,-1.5219873,-1.0519873,-1.9519873,-2.4919872,0.7080127,0.4580127,0.018012695,-0.9319873,0.7180127,1.4080127,-1.4319873
-5.0619874,-5.6619873,-5.1919875,-4.381987,-4.2519875,5.2280126,7.1480126,7.158013,6.3580127,5.8280125,8.118012,8.048013,6.428013,6.448013,5.238013,4.698013,5.888013,5.348013,5.3580127,6.7480125,5.888013,2.0480127,5.008013,4.238013,4.238013,5.638013,3.5080128,3.5280128,2.4580126,1.7580127,2.3780127,3.3980126,2.2380128,3.5780127,3.7080126,5.098013,-2.8919873,1.3780127,1.1680127,1.3380127,-2.6819873
-5.6719875,-5.6919875,-6.1919875,-6.5219874,-1.5419873,4.6880126,6.9180126,7.3280125,7.5680127,8.368012,8.988012,7.8380127,7.2680125,5.6280127,5.4580126,3.6980126,3.3880126,2.7380128,3.3480127,2.5580127,4.8080125,7.2480125,5.0680127,3.5780127,3.9180126,3.0180128,2.4380126,1.6580127,1.4580127,2.2280128,3.4380126,2.7280128,3.4580126,3.3480127,2.9680128,1.4680127,0.9780127,-3.0919874,-0.8719873,3.4780128,3.9980128
-5.0819874,-4.9819875,-5.4819875,-6.2919874,0.8380127,2.9480126,4.468013,5.6480126,6.678013,6.488013,6.138013,6.8580127,6.7780128,6.118013,5.0480127,5.638013,5.158013,3.6580126,3.5380127,2.9980128,3.7580128,5.2880125,4.8080125,4.6080127,2.7080126,3.6580126,1.7280127,2.4880128,2.5780127,1.8980126,2.1980126,2.5680127,2.7980127,4.158013,2.9280126,0.9980127,-0.1319873,2.6380126,0.8880127,1.4080127,-0.5419873
-3.8219874,-3.5519874,-4.901987,-5.591987,1.1080127,3.9380126,5.2780128,5.598013,5.1280127,4.6080127,4.4580126,3.4180126,3.6080127,5.6280127,5.5380125,5.4180126,5.9980125,5.0280128,4.2280126,4.4380126,5.388013,2.8980126,2.3880126,2.6080127,3.6080127,2.8980126,1.8380127,3.6580126,3.4880128,1.8780127,1.6980127,2.5380127,1.8680127,2.3780127,2.2280128,-0.27198732,0.92801267,2.6480126,2.4080126,2.1580126,0.8980127
-3.0419874,-4.1819873,-4.841987,-4.0019875,0.3680127,2.1380126,3.8980126,5.2880125,6.7980127,5.988013,3.4880128,2.9480126,4.8580127,4.698013,4.5480127,4.3580127,4.5880127,4.908013,3.9380126,4.138013,6.198013,5.3080125,5.488013,4.408013,4.408013,3.9080126,3.3880126,2.1880126,3.2680128,2.5580127,2.4580126,2.7380128,1.8980126,1.0880127,2.2380128,2.2780128,0.9780127,0.15801269,0.058012694,-0.051987305,0.3980127
-1.6219873,-1.7919873,-4.151987,-3.6619873,1.7080127,3.5380127,4.0380125,4.388013,4.928013,5.258013,4.4180126,2.0780127,4.5580125,4.7880125,4.758013,4.448013,4.158013,4.2080126,4.0580125,4.0680127,3.9380126,3.4280126,3.0280128,2.4880128,2.7780128,2.9480126,2.7480128,3.0180128,2.8680127,3.1780126,2.9580126,3.0180128,2.9580126,3.2480128,1.7780128,1.8680127,1.1380126,-0.0719873,-0.2919873,0.6080127,0.5080127
0.09801269,-0.8919873,-1.7319874,-2.3019874,1.2680126,3.4080126,4.178013,5.698013,4.428013,3.5880127,1.6880127,5.2480125,4.428013,2.6880126,5.118013,5.4580126,5.4580126,4.8380127,3.2680128,3.8580127,3.5980127,3.6280127,3.3680127,3.4680128,3.0180128,2.8180127,3.0480127,3.1780126,3.0580127,3.3480127,3.3980126,2.2480128,1.8280127,2.2780128,2.5880127,2.7580128,1.9480127,2.4680128,1.0180126,1.5380127,0.25801268
