wind_kz.json
{"header": {"discipline":0,"disciplineName":"Meteorological products","gribEdition":2,"gribLength":1025,"center":7,"centerName":"US National Weather Service - NCEP(WMC)","subcenter":0,"refTime":"2023-10-05T00:00:00.000Z","significanceOfRT":1,"significanceOfRTName":"Start of forecast","productStatus":0,"productStatusName":"Operational products","productType":1,"productTypeName":"Forecast products","productDefinitionTemplate":0,"productDefinitionTemplateName":"Analysis/forecast at horizontal level/layer at a point in time","parameterCategory":2,"parameterCategoryName":"UnknownDiscipline_0_Category_2","parameterNumber":3,"parameterNumberName":"UnknownParameter_D0_C2_3","parameterUnit":"Unknown","genProcessType":2,"genProcessTypeName":"Forecast","forecastTime":180,"surface1Type":103,"surface1TypeName":"Specified height level above ground","surface1Value":10.0,"surface2Type":255,"surface2TypeName":"Missing","surface2Value":0.0,"gridDefinitionTemplate":0,"gridDefinitionTemplateName":"Latitude_Longitude","numberPoints":615,"shape":6,"shapeName":"Earth spherical with radius of 6,371,229.0 m","gridUnits":"degrees","resolution":48,"winds":"true","scanMode":64,"nx":41,"ny":15,"basicAngle":0,"lo1":47.0,"la1":41.0,"lo2":87.0,"la2":55.0,"dx":1.0,"dy":1.0}, "data":
[rows 0 to 14 of 15, columns 0 to 40 of 41]
3.3066015,0.036601562,-4.0133986,-5.4933987,-3.0733984,-3.9933984,-3.1333985,-2.7033985,-1.0533985,-2.4833984,-3.0533984,-2.6833985,-2.7633984,-2.6933985,-3.5133984,-4.1233983,-4.1233983,-2.5433984,-4.3433986,-3.1933985,-1.3033985,-2.8433983,-2.1933985,1.9366015,2.7766016,1.8866016,-0.013398438,0.9266016,-2.0733984,-1.4633985,1.0366015,-0.023398437,-1.6333984,0.13660157,-0.66339844,0.16660157,-0.20339844,0.05660156,-1.0633985,-0.49339843,-0.16339844
1.3766016,-1.3733984,-2.0833983,-3.9433985,-3.2633984,-4.1933985,-3.4633985,-4.1933985,-3.1133986,-2.6133986,-1.7633984,-2.7833984,-2.6833985,-3.7033985,-2.9733984,-3.5133984,-3.5833983,-3.2333984,-3.5133984,-3.9933984,-3.8133984,-3.5633984,-2.8233984,-0.59339845,2.0566015,2.7066016,-0.19339843,2.5866015,-1.1133984,0.97660154,-0.8133984,-0.5033984,0.9866016,-1.1333984,-3.1933985,2.7366016,1.8766016,1.6966015,1.2766016,-0.15339844,-0.14339843
-1.1333984,1.8666016,-0.6233984,-2.3933985,-3.8133984,-2.0133984,-1.4233985,-1.0433984,-1.2733984,-0.18339844,-1.1233984,-2.5533984,-2.8033984,-2.4433985,-3.1833985,-3.6433985,-3.6833985,-3.3733985,-3.8633986,-4.3833985,-4.7933984,-2.7133985,-1.2033985,1.0766015,-2.0233984,-0.48339844,-0.55339843,-2.6633985,1.2066016,-2.1833985,1.1566015,-1.2633984,-1.6533984,-2.3633986,-0.89339846,-0.70339847,-0.83339846,-3.5633984,-0.103398435,0.36660156,-1.6833985
-0.54339844,2.3266015,0.106601566,-1.3233985,-0.8133984,-3.4433985,-3.4933984,-0.48339844,-1.5033984,-0.24339844,0.116601564,-0.6833984,-1.9833984,-2.6633985,-4.1333985,-2.3133984,-2.6033983,-3.6433985,-3.9333985,-4.8033986,-5.4433985,-1.5833985,-2.4733984,-1.6333984,-1.3833984,-2.1233985,-2.1733985,-2.2533984,-2.3333983,-2.5033984,-4.1933985,-1.5933985,1.2366016,0.23660156,-1.0133984,0.24660157,-0.5133984,1.4166015,0.21660157,-1.1033984,-1.5233984
0.24660157,2.9466016,0.09660156,-0.38339844,-0.77339846,-2.1133986,-1.6833985,-1.7933984,-2.1533985,-0.17339844,0.026601562,0.5066016,2.7366016,0.6766016,-1.8533984,-1.2133985,-2.4333985,-2.8733985,-3.8233984,-3.8833985,-3.9633985,-2.3533983,-1.3533984,-0.58339846,-1.1433984,-0.15339844,-0.07339844,-2.0633984,-2.6133986,-1.8833984,-1.4733984,-1.7633984,-0.09339844,1.7866015,0.12660156,0.85660154,0.39660156,-0.20339844,-0.28339845,-1.0633985,-1.3433985
-1.0133984,-2.1533985,-3.2333984,-2.5633984,-2.3933985,-2.5233984,1.1566015,-0.34339845,-0.25339845,-0.34339845,1.1766015,1.9466015,5.1866016,3.7266016,0.95660156,-0.7533984,-1.9933984,-2.4033985,-3.3233984,-3.2433984,-2.4033985,-2.7633984,-2.8633986,-1.8933984,-1.1033984,-1.2833984,-1.0933985,3.6566017,-1.1833985,-1.2833984,-0.8833984,-0.28339845,-2.0733984,-2.1633985,0.8666016,3.9666016,1.3866016,0.19660157,2.9966016,1.8866016,0.16660157
0.14660156,-1.9333985,-2.9533985,-3.0933983,-3.9533985,-3.6133986,-4.5733986,-6.2333984,0.54660153,-0.7533984,-0.49339843,2.5866015,3.3566015,3.2466016,4.5966015,3.1166015,0.22660156,-0.98339844,-1.7433984,-2.2833984,-1.4433985,-1.7433984,-2.6633985,-2.6833985,-1.4533985,-1.3033985,-0.38339844,-0.54339844,-2.2033985,-2.0733984,2.7166016,3.4466016,3.2066016,2.6466017,1.3766016,0.54660153,-0.46339843,1.3666016,-0.25339845,0.9266016,4.7066016
-1.4233985,-2.1533985,-2.5533984,-3.2433984,-3.8633986,-3.8733985,-3.8933985,-2.7733984,-2.9733984,2.1066015,2.9966016,-0.39339843,2.5466015,3.3966017,3.5966015,3.9566016,3.3666015,1.4066015,-0.25339845,-1.6733985,0.25660157,-1.5233984,-1.6833985,-2.3533983,-2.2733984,-1.9733984,-3.1433985,-2.5633984,-1.7033985,-2.2633984,-3.0033984,-3.0833983,0.59660155,1.4666016,4.5566015,0.53660154,2.3466015,0.38660157,-1.5833985,1.0166016,-0.19339843
-0.60339844,-1.4333985,-2.3233984,-3.0133984,-3.5233984,-3.6533985,-4.0133986,-3.7633984,-3.2233984,-1.1933985,1.9366015,3.0766015,5.296602,1.2666016,1.9166015,4.7266016,4.8966017,3.9366016,2.0866015,0.6266016,-0.20339844,-0.25339845,-1.9133984,-2.8333983,-2.5433984,-1.8933984,-1.7733984,-2.7533984,-2.2833984,-1.4233985,-2.5433984,-4.9333982,-5.3033986,-6.7333984,-5.223398,1.5666015,0.57660156,3.1366014,3.6466017,2.4866016,2.1866016
0.45660156,-0.6233984,-1.4633985,-2.5133984,-2.9433985,-3.3233984,-3.5833983,-4.1833982,-4.6133986,-3.2233984,-1.6033984,2.8766015,3.5166016,4.2666016,2.0666015,3.9366016,5.3066015,4.9466014,4.3066015,3.0266016,1.3266015,0.6166016,-0.60339844,-1.5933985,-2.4533985,-2.6833985,-1.5633985,-0.30339843,-0.54339844,-2.0433984,-2.7333984,-3.9633985,-5.0633984,-5.4633985,-4.7633986,-4.5833983,-0.30339843,-1.0433984,2.6166015,4.5366015,3.0266016
1.0966016,-0.25339845,-1.3033985,-1.3833984,-2.1833985,-3.4633985,-3.4133985,-2.8633986,-2.4833984,-2.9633985,-1.8233985,-0.79339844,3.8566015,4.7166014,5.1266017,7.0066013,7.0866017,6.2466016,5.1166015,4.6666017,3.2066016,1.6866015,0.63660157,-0.33339843,-1.4433985,-1.5633985,-2.0233984,-2.7833984,-2.6833985,-3.1933985,-2.9933984,-2.9333985,-3.1933985,-2.4633985,-3.2833984,-1.7933984,1.2066016,1.7066016,3.4466016,1.4166015,1.1366016
1.5966016,0.71660155,0.05660156,-0.59339845,-1.9733984,-2.0933983,-2.2533984,-3.2933984,-2.4033985,-1.0633985,-1.6133984,-0.45339844,0.106601566,5.0666018,4.8566017,5.0666018,5.3966017,5.4766016,6.026602,5.0566015,3.8266015,2.3666015,1.3466016,0.25660157,-0.09339844,-0.45339844,-1.2633984,-2.1433985,-2.5733984,-2.7333984,-2.2433984,-1.8233985,-1.7533984,-1.9233985,-1.3733984,-1.2133985,-0.03339844,2.2966015,0.46660155,-0.55339843,-1.2533984
2.2666016,1.6066016,0.64660156,-0.70339847,-0.7433984,-1.6433984,-2.3633986,-3.8033984,-3.2333984,-1.4833984,-0.12339844,0.54660153,1.6066016,4.5766015,5.6666017,5.296602,2.8566015,4.5866017,6.5166016,4.9266014,4.2866015,3.1566017,1.9466015,0.72660154,-0.26339844,-0.8833984,-1.7133985,-1.7633984,-2.1433985,-2.2033985,-2.5033984,-2.6033983,-3.0033984,-2.4133985,-1.5633985,-0.6933984,0.94660157,1.7266016,3.3966017,2.3066015,1.9766016
3.3866014,2.7466016,0.8166016,-0.023398437,-0.95339847,-0.95339847,-1.9333985,-2.2433984,-2.2633984,-2.2733984,-0.8233984,-0.58339846,0.40660155,1.6766015,5.3766017,4.9266014,5.5666018,4.7366014,5.7066016,4.7566013,4.0366015,3.1666017,2.2366016,1.4066015,0.72660154,-0.16339844,-1.1133984,-1.4533985,-1.5533985,-2.2133985,-2.1733985,-2.4933984,-3.4733984,-2.5533984,-2.3533983,-1.8733984,-2.2333984,1.6766015,4.3366017,4.0866017,5.3266015
3.6166015,3.7466016,2.9266016,0.85660154,0.026601562,-1.4733984,-2.3533983,-2.1833985,-1.5233984,-1.0833985,-0.7433984,-2.3733985,-1.7733984,2.1466017,3.5566015,4.0566015,5.9066014,5.7866015,5.2166014,4.4866014,3.5566015,2.6866016,2.4466016,1.9666016,1.1566015,-0.023398437,-0.6933984,-1.4333985,-1.6533984,-1.9533985,-2.5533984,-1.7133985,-3.6233985,-3.4333985,-2.9733984,-3.1733985,-2.4433985,-1.4433985,1.4266015,4.9866014,5.026602
