wind_kz.json
{"header": {"discipline":0,"disciplineName":"Meteorological products","gribEdition":2,"gribLength":1025,"center":7,"centerName":"US National Weather Service - NCEP(WMC)","subcenter":0,"refTime":"2023-08-20T00:00:00.000Z","significanceOfRT":1,"significanceOfRTName":"Start of forecast","productStatus":0,"productStatusName":"Operational products","productType":1,"productTypeName":"Forecast products","productDefinitionTemplate":0,"productDefinitionTemplateName":"Analysis/forecast at horizontal level/layer at a point in time","parameterCategory":2,"parameterCategoryName":"UnknownDiscipline_0_Category_2","parameterNumber":2,"parameterNumberName":"UnknownParameter_D0_C2_2","parameterUnit":"Unknown","genProcessType":2,"genProcessTypeName":"Forecast","forecastTime":60,"surface1Type":103,"surface1TypeName":"Specified height level above ground","surface1Value":10.0,"surface2Type":255,"surface2TypeName":"Missing","surface2Value":0.0,"gridDefinitionTemplate":0,"gridDefinitionTemplateName":"Latitude_Longitude","numberPoints":615,"shape":6,"shapeName":"Earth spherical with radius of 6,371,229.0 m","gridUnits":"degrees","resolution":48,"winds":"true","scanMode":64,"nx":41,"ny":15,"basicAngle":0,"lo1":47.0,"la1":41.0,"lo2":87.0,"la2":55.0,"dx":1.0,"dy":1.0}, "data":
[rows 0 to 14 of 15, columns 0 to 40 of 41]
3.724278,2.164278,-0.76572204,-3.6757221,0.38427794,4.394278,6.174278,1.934278,-0.51572204,0.49427795,-0.535722,-1.625722,0.08427796,-0.26572204,0.19427796,1.0442779,-0.46572205,3.264278,1.254278,2.974278,3.204278,2.8642778,6.184278,7.114278,5.634278,5.174278,4.004278,4.994278,3.3542778,0.5842779,1.1342779,2.744278,0.81427795,-0.085722044,4.334278,-0.075722046,-1.015722,-1.545722,-1.375722,-3.755722,-0.67572206
1.0242779,-1.515722,-0.9157221,-3.3857222,0.88427794,4.594278,7.924278,0.654278,2.534278,2.804278,1.944278,2.3442779,3.664278,-0.57572204,-0.87572205,-0.19572204,0.10427795,0.51427794,3.0742779,3.304278,2.164278,3.164278,4.504278,3.934278,5.454278,0.94427794,0.20427795,3.544278,-2.435722,0.55427796,1.1542779,0.5842779,-1.015722,0.31427795,-0.67572206,-2.6657221,1.194278,5.654278,0.34427795,-1.3357221,-1.025722
1.2742779,-2.205722,-1.925722,-1.295722,2.634278,5.834278,4.204278,1.6742779,2.274278,1.2742779,2.764278,0.47427794,3.484278,-0.47572204,-0.34572205,-2.1757221,-0.34572205,0.50427794,1.434278,3.1142778,3.284278,2.964278,5.794278,7.274278,5.054278,0.45427796,1.0442779,-0.585722,8.174278,-1.6957221,0.20427795,-0.88572204,1.2942779,-1.0857221,0.55427796,1.574278,2.674278,0.82427794,4.474278,6.314278,-1.515722
2.284278,-4.155722,-1.315722,1.854278,4.654278,6.574278,6.024278,1.734278,-3.615722,-0.85572207,-1.7157221,0.024277953,-3.625722,-0.95572203,3.164278,2.304278,1.354278,0.11427795,-0.48572204,2.1042778,1.8042779,5.254278,6.7142777,1.994278,6.764278,0.38427794,4.684278,3.1142778,4.834278,-0.19572204,2.404278,4.804278,5.904278,8.014278,8.024278,7.634278,-0.37572205,0.054277953,-1.555722,-1.645722,-1.8357221
-3.945722,-1.635722,1.8042779,3.954278,5.2342777,5.604278,2.234278,-1.435722,-0.62572205,1.4242779,1.684278,-3.795722,-0.025722045,2.964278,3.714278,6.754278,4.184278,2.554278,1.4242779,3.014278,6.864278,4.084278,6.524278,4.9842777,-2.705722,1.1442779,-0.94572204,-0.10572205,-6.455722,-3.335722,-2.545722,0.17427796,0.914278,0.25427794,-1.8457221,-1.375722,2.724278,-2.6457222,-2.505722,-0.835722,-1.505722
4.874278,2.744278,3.724278,4.784278,4.264278,4.454278,5.7142777,6.844278,-0.82572204,3.544278,3.874278,1.5342779,1.344278,4.244278,4.934278,5.304278,6.494278,4.764278,2.534278,4.524278,4.474278,-0.115722045,0.39427796,2.8442779,-0.24572204,1.0142779,-2.755722,-1.935722,-2.485722,-2.585722,-4.045722,-1.435722,-2.775722,-1.405722,-0.70572203,3.664278,1.5142779,2.704278,-1.425722,-1.435722,0.094277956
6.574278,7.014278,4.044278,7.084278,5.054278,5.374278,7.924278,8.524278,4.414278,-0.22572204,2.264278,4.764278,4.024278,5.344278,3.954278,2.1142778,3.8242779,5.154278,3.524278,5.2142777,1.1642779,-0.005722046,-2.1657221,2.014278,3.224278,2.534278,0.784278,0.98427796,1.9242779,2.654278,2.924278,-0.63572204,-1.3557221,2.254278,2.684278,-0.70572203,-1.8357221,-1.285722,3.254278,-0.42572203,3.474278
7.514278,8.934278,7.184278,7.634278,5.834278,-2.205722,6.774278,3.724278,-2.795722,3.3442779,0.594278,2.894278,9.174278,6.4642777,3.8342779,2.3242779,3.8642778,4.934278,3.944278,2.184278,4.914278,-0.34572205,0.904278,2.754278,4.264278,2.934278,1.0442779,0.23427795,1.5442779,3.224278,-0.85572207,-3.465722,0.594278,-2.4257221,-0.36572206,-1.915722,0.22427796,3.884278,6.284278,8.214278,4.294278
6.564278,5.684278,6.434278,7.224278,5.644278,5.824278,9.384278,-3.115722,7.2342777,2.3342779,-0.10572205,12.694278,5.244278,6.164278,5.414278,0.914278,2.804278,3.794278,3.894278,4.104278,2.874278,4.824278,4.574278,3.244278,2.224278,1.6442779,4.494278,2.8342779,-4.025722,-4.745722,8.914278,6.434278,-2.455722,-0.56572205,-2.065722,-1.025722,1.8942779,0.17427796,-0.33572206,0.7742779,1.114278
8.084278,6.974278,7.084278,7.904278,6.704278,6.204278,5.854278,4.144278,5.934278,7.4642777,5.414278,5.814278,5.794278,7.134278,5.164278,0.14427796,0.19427796,0.75427794,0.25427794,0.8342779,2.904278,3.124278,3.764278,3.984278,4.7342777,2.1142778,4.674278,3.934278,-2.195722,1.954278,0.46427795,10.324277,-1.625722,-0.67572206,-2.045722,-1.1157221,1.314278,1.5242779,1.2642779,-0.12572205,1.1742779
6.2142777,4.834278,7.084278,6.064278,6.514278,4.764278,6.414278,7.064278,5.894278,6.154278,5.584278,5.424278,5.644278,7.284278,4.274278,-2.225722,1.454278,0.40427795,0.82427794,0.41427794,0.904278,0.98427796,2.504278,4.514278,4.394278,5.974278,2.5942779,3.8342779,5.264278,1.714278,4.074278,2.944278,-0.45572203,0.25427794,-3.615722,-1.5857221,0.46427795,1.194278,-0.46572205,-0.24572204,0.43427795
3.144278,0.15427795,-4.315722,-1.045722,-0.06572205,1.594278,2.5842779,3.8242779,1.3842779,2.704278,4.884278,5.064278,1.724278,3.524278,4.9842777,0.31427795,2.014278,1.754278,1.5542779,1.7742779,2.544278,2.814278,3.8242779,2.894278,3.3242779,-0.37572205,2.5742779,0.39427796,3.674278,-0.27572206,0.21427795,-0.585722,-0.775722,-2.125722,-2.3857222,-2.1457222,-1.135722,-0.74572206,-0.92572206,0.08427796,0.43427795
0.39427796,0.16427796,-0.535722,-0.74572206,1.194278,1.0542779,1.124278,0.5242779,4.244278,4.2342777,3.254278,1.574278,-0.82572204,-2.285722,-2.8957222,-1.285722,1.9142779,2.3242779,2.624278,4.114278,3.564278,4.054278,4.434278,4.524278,1.2842779,4.434278,3.394278,4.104278,3.684278,1.864278,0.63427794,2.514278,-2.525722,-1.3257221,-1.435722,-0.80572206,-0.25572205,1.234278,-1.2257221,0.32427797,1.324278
1.7942779,-0.40572205,-0.005722046,3.244278,2.394278,1.964278,1.754278,3.004278,-0.39572203,1.7642779,2.234278,2.744278,1.7942779,-1.675722,-1.0857221,1.694278,3.0842779,3.684278,4.4642777,5.184278,3.934278,4.904278,1.7842779,1.7842779,2.214278,3.454278,4.124278,2.994278,3.964278,4.584278,3.464278,2.724278,0.37427795,0.18427795,-2.285722,0.004277954,-1.495722,0.47427794,1.7642779,1.3942779,-1.4557221
0.724278,0.004277954,-2.325722,0.7742779,1.2842779,1.2942779,1.184278,2.734278,1.3842779,1.454278,1.094278,3.514278,1.954278,1.5442779,1.9042779,0.964278,3.5742779,3.654278,3.064278,2.794278,3.274278,3.904278,2.914278,3.684278,2.664278,3.544278,1.8042779,3.3342779,3.214278,1.6642779,1.6342779,0.44427794,2.694278,-0.46572205,-0.67572206,-0.595722,-0.38572204,1.094278,-0.585722,0.5842779,0.844278
