wind_kz.json
{"header": {"discipline":0,"disciplineName":"Meteorological products","gribEdition":2,"gribLength":1102,"center":7,"centerName":"US National Weather Service - NCEP(WMC)","subcenter":0,"refTime":"2023-08-18T00:00:00.000Z","significanceOfRT":1,"significanceOfRTName":"Start of forecast","productStatus":0,"productStatusName":"Operational products","productType":1,"productTypeName":"Forecast products","productDefinitionTemplate":0,"productDefinitionTemplateName":"Analysis/forecast at horizontal level/layer at a point in time","parameterCategory":2,"parameterCategoryName":"UnknownDiscipline_0_Category_2","parameterNumber":3,"parameterNumberName":"UnknownParameter_D0_C2_3","parameterUnit":"Unknown","genProcessType":2,"genProcessTypeName":"Forecast","forecastTime":180,"surface1Type":103,"surface1TypeName":"Specified height level above ground","surface1Value":10.0,"surface2Type":255,"surface2TypeName":"Missing","surface2Value":0.0,"gridDefinitionTemplate":0,"gridDefinitionTemplateName":"Latitude_Longitude","numberPoints":615,"shape":6,"shapeName":"Earth spherical with radius of 6,371,229.0 m","gridUnits":"degrees","resolution":48,"winds":"true","scanMode":64,"nx":41,"ny":15,"basicAngle":0,"lo1":47.0,"la1":41.0,"lo2":87.0,"la2":55.0,"dx":1.0,"dy":1.0}, "data":
[rows 0 to 14 of 15, columns 0 to 40 of 41]
3.2606788,2.3906786,5.5406785,5.660679,2.1806786,-0.3893213,-1.7693213,-1.5393213,-1.2693213,-4.4593215,-6.2293215,-6.6393213,-6.3293214,-5.8293214,-6.919321,-7.4793215,-6.859321,-6.7193213,-6.259321,-5.8293214,-6.299321,-5.4393215,-3.9893212,-4.589321,0.9906787,1.5906787,2.6606786,2.4806788,-3.3093214,-2.3193214,-1.9093213,2.8306787,-0.029321289,2.6806786,-1.8693213,-0.4493213,6.7871093E-4,-0.37932128,-4.8293214,-6.129321,-1.3993213
0.1706787,2.2806787,4.8806787,5.990679,4.620679,-1.7593213,0.31067872,-0.2693213,-1.9293213,-4.0993214,-5.9393215,-6.2093215,-6.0993214,-7.4293213,-8.779322,-7.6993213,-7.509321,-5.819321,-5.5793214,-6.1593213,-5.069321,-6.9293213,-6.109321,-1.5093213,2.2206788,-0.14932129,1.7206787,2.9306786,0.7406787,-1.7393212,-2.7593212,-1.5593213,-4.2493215,-2.3793213,0.1406787,2.2506788,0.15067871,3.0406787,-0.16932128,-2.2593212,-3.4093213
1.8606787,8.080679,7.4606786,6.600679,3.9606788,4.5206785,1.3906788,-0.10932129,-2.0293212,-3.7093213,-6.1993213,-5.6393213,-6.3693213,-7.8093214,-8.119321,-6.7193213,-7.069321,-6.879321,-5.6993213,-5.4693213,-4.4593215,-5.129321,-3.5893214,-0.3993213,-4.299321,2.6706786,1.1106787,3.9506788,0.9106787,-0.9393213,1.6906787,-0.57932127,-2.7893212,-2.7393212,0.7506787,-1.0693213,-1.2193213,2.4806788,0.25067872,-0.04932129,1.4706787
5.760679,8.260678,8.470678,7.470679,5.0206785,2.0206788,0.25067872,-0.009321289,-2.3793213,-2.7993212,-4.6193213,-5.4393215,-0.40932128,-3.2493212,-6.9593215,-7.0593214,-5.2693214,-6.379321,-4.1593213,-4.2493215,-4.259321,-4.1193213,-7.0993214,-6.6593213,-5.1193213,0.8306787,-1.6793213,-0.82932127,-9.199322,-7.0593214,-1.1293213,-0.4293213,1.7106787,1.1006787,0.7706787,0.16067871,0.05067871,-0.11932129,1.8906788,4.3606787,4.5706787
5.890679,7.390679,7.3606787,7.2106786,0.2706787,-1.7093213,-1.1493213,-0.20932129,-1.3393213,-1.5293213,-4.2693214,-5.759321,1.3206787,-1.3793213,-3.1793213,-6.529321,-6.919321,-6.6993213,-6.9093213,-5.4793215,-4.9693213,-5.1193213,-5.379321,-5.759321,-5.169321,8.800678,-1.8393213,1.3206787,-1.8593212,-6.9093213,-6.9593215,-3.3793213,-3.4093213,-2.3993213,-2.2393212,-2.2693212,2.2706788,-5.1193213,-0.3993213,-0.31932127,0.2906787
1.8206787,7.4606786,9.070679,8.120679,5.1506786,2.5106788,0.3006787,-0.9993213,-0.5893213,1.3906788,-1.8793213,-4.299321,-2.3393214,1.3506787,-0.7893213,-5.4493213,-6.509321,-6.9793215,-7.649321,-7.4093213,-6.5993214,-6.919321,-5.2493215,-4.4793215,-4.4493213,-1.2593213,6.760679,4.0406785,0.28067872,-2.1793213,-5.0793214,-7.919321,-3.9893212,6.9206786,6.2106786,-2.6493213,-3.1093214,3.7106788,2.0306787,0.090678714,-0.9293213
2.1606786,0.44067872,0.3506787,3.1106787,7.4006786,4.9606786,4.370679,0.15067871,6.7871093E-4,1.9106787,0.34067872,-1.6993213,-3.0393212,-4.1993213,-5.379321,-5.089321,-5.9293213,-6.7093215,-7.2293215,-6.9293213,-6.5193214,-6.0593214,-4.7193213,-4.1193213,-2.9793212,-2.6693213,-2.5493212,6.2306786,7.350679,2.6306787,-1.8393213,-3.9993212,4.8406787,0.030678712,-0.22932129,1.2906787,-3.4193213,-2.7293212,-0.14932129,-3.5993214,-1.1293213
3.1306787,2.2206788,1.7906787,1.7106787,1.2306787,0.3806787,1.2706788,0.6406787,0.7206787,0.6006787,1.4706787,1.0506787,-1.3293213,-1.7793213,-4.3493214,-4.6893215,-5.4593215,-6.069321,-6.3893213,-6.669321,-6.899321,-7.1593213,-6.8293214,-8.089321,-9.349321,-1.3093213,-2.9093213,-1.7193213,6.1106787,3.9206786,0.2306787,1.7006787,4.5706787,2.1906786,1.1706787,0.67067873,1.4706787,1.5106788,5.970679,10.420679,2.7106788
3.2106788,4.0406785,3.1206787,3.1506786,2.1306787,3.1006787,2.3406787,0.79067874,0.8706787,1.6806787,0.6406787,0.9506787,1.5206788,-1.0193213,-1.9193213,-4.069321,-4.5793214,-5.819321,-5.9693213,-6.2293215,-6.1593213,-4.8293214,-5.509321,-6.9593215,-7.8693213,-8.699322,-2.2593212,3.8806787,3.6106787,4.2306786,1.9906787,4.5206785,0.6606787,4.5206785,3.2806787,3.7906787,0.31067872,-1.4193213,-2.5993214,-0.8493213,1.4506787
3.7506788,3.7406788,4.6906786,1.6306787,3.7606788,4.2806787,4.0006785,2.5906787,2.1306787,1.8806787,0.43067873,1.3406787,1.4806787,1.0506787,0.4206787,-3.1793213,-3.9493213,-5.3093214,-5.8293214,-5.3893213,-5.109321,-6.0393214,-5.4693213,-5.6793213,-5.5993214,-4.859321,-2.7893212,-4.029321,3.6906786,5.490679,3.5006788,1.4706787,3.2106788,4.0706787,3.2206788,-3.8193214,0.73067874,0.21067871,-0.3993213,1.1906787,-1.7293212
0.06067871,0.9706787,3.0706787,3.8406787,3.5506787,4.7306786,5.720679,3.5206788,4.260679,2.5406787,1.5406787,1.6006787,4.1706786,2.3506787,1.4506787,-1.0993212,-2.3293214,-4.779321,-5.569321,-4.7193213,-5.0993214,-4.9493213,-4.859321,-5.109321,-5.6893215,-3.5593214,-0.9993213,0.7606787,1.5806787,-1.1893213,-1.9093213,12.590679,0.08067871,2.9406786,0.02067871,1.2406787,0.15067871,0.4606787,0.34067872,0.40067872,-1.0293213
-1.0293213,3.1506786,3.9106786,5.0006785,4.3006787,5.9006786,5.950679,5.7706785,4.3206787,3.4406786,2.4406786,1.3806787,1.9606787,3.4706788,3.0606787,1.2806787,-1.7393212,-4.1993213,-4.4593215,-4.3293214,-4.779321,-5.489321,-4.759321,-6.4593215,-5.149321,-5.279321,-4.6893215,8.610679,2.3106787,-0.1593213,0.1706787,1.5306787,2.1106787,1.5706787,2.3206787,2.0206788,0.37067872,-0.19932128,0.19067872,-1.2093213,-0.6093213
-4.6793213,-4.6393213,-3.2493212,2.6106787,3.0206788,5.2906785,4.0406785,6.470679,6.970679,1.5506787,1.1706787,1.0106788,0.79067874,4.330679,3.1906786,3.1606786,-0.24932128,-3.1793213,-3.4293213,-3.8093214,-3.4493213,-3.5693214,-4.169321,-4.319321,-6.049321,-4.8093214,-4.5993214,-1.5893213,1.9006788,-0.34932128,8.290679,3.8406787,2.9006786,2.7606788,1.9306787,1.3106787,1.4006788,0.22067872,1.1206787,-0.009321289,0.3206787
-4.489321,-3.5693214,-3.3093214,-2.0493212,-0.3393213,1.9706787,3.3406787,4.0206785,2.6306787,3.1906786,2.2406788,2.2706788,2.5606787,3.8306787,2.5506787,1.9306787,0.6806787,-1.7693213,-2.3993213,-3.4693213,-4.629321,-4.569321,-3.9593213,-5.7193213,-5.569321,-2.9893212,-1.2993213,0.7606787,1.6106787,-3.1593213,4.5506787,5.4206786,3.2006788,2.9306786,2.3506787,2.1706786,0.79067874,0.7606787,1.4206787,-0.089321285,-0.6593213
-3.1693213,-4.2693214,-2.6693213,-0.8193213,0.7106787,3.6106787,5.8406787,5.5206785,5.120679,4.7906785,1.1506788,0.5206787,1.6606787,2.7006788,5.0306787,3.7606788,1.6806787,-1.6393213,-2.7993212,-4.2693214,-4.3493214,-4.6893215,-4.569321,-5.9693213,-5.359321,-4.4993215,-3.6393213,-2.0493212,-0.7293213,-0.7293213,0.9906787,1.9206787,1.4606787,1.3506787,1.1306787,1.7806787,1.2806787,0.2306787,1.2006787,0.7806787,-0.019321289
