wind_kz.json
{"header": {"discipline":0,"disciplineName":"Meteorological products","gribEdition":2,"gribLength":1102,"center":7,"centerName":"US National Weather Service - NCEP(WMC)","subcenter":0,"refTime":"2023-09-10T06:00:00.000Z","significanceOfRT":1,"significanceOfRTName":"Start of forecast","productStatus":0,"productStatusName":"Operational products","productType":1,"productTypeName":"Forecast products","productDefinitionTemplate":0,"productDefinitionTemplateName":"Analysis/forecast at horizontal level/layer at a point in time","parameterCategory":2,"parameterCategoryName":"UnknownDiscipline_0_Category_2","parameterNumber":3,"parameterNumberName":"UnknownParameter_D0_C2_3","parameterUnit":"Unknown","genProcessType":2,"genProcessTypeName":"Forecast","forecastTime":0,"surface1Type":103,"surface1TypeName":"Specified height level above ground","surface1Value":10.0,"surface2Type":255,"surface2TypeName":"Missing","surface2Value":0.0,"gridDefinitionTemplate":0,"gridDefinitionTemplateName":"Latitude_Longitude","numberPoints":615,"shape":6,"shapeName":"Earth spherical with radius of 6,371,229.0 m","gridUnits":"degrees","resolution":48,"winds":"true","scanMode":64,"nx":41,"ny":15,"basicAngle":0,"lo1":47.0,"la1":41.0,"lo2":87.0,"la2":55.0,"dx":1.0,"dy":1.0}, "data":
[rows 0 to 14 of 15, columns 0 to 40 of 41]
-13.916133,3.083867,-4.8661327,-17.706133,-7.186133,6.5338674,2.9438672,4.3638673,4.0138674,3.7238672,2.793867,2.9438672,1.7438672,1.2438672,-0.0061328127,-0.8561328,-2.5861328,-2.456133,-3.9761329,-1.8461328,-1.8461328,-2.5661328,2.4038672,0.123867184,1.5838672,-0.22613281,0.5138672,0.4638672,-0.2461328,1.7538671,1.9238672,2.1238673,-1.9761329,-1.1061329,-1.3761328,-0.0061328127,1.8938671,1.5438672,2.293867,3.1838672,3.333867
2.1938672,-3.7261329,-20.816133,-18.686132,-0.6761328,7.233867,5.173867,5.413867,5.183867,3.803867,3.3738673,1.5438672,0.99386716,0.6238672,-0.6161328,-0.06613281,-0.096132815,-1.2661328,-3.2961328,-3.0961328,-3.7861328,-3.9761329,-2.2661328,0.1438672,3.8938673,3.823867,3.4138672,2.3938673,-0.49613282,3.803867,0.2238672,3.303867,1.6338671,2.4438672,3.0338671,2.7338672,3.4638672,1.1538672,2.2638671,0.55386716,-0.3861328
-4.036133,-11.146132,-11.1061325,-10.466133,-5.306133,1.7638671,5.0138674,5.5538673,5.183867,3.1638672,1.9638672,1.6438671,1.6238672,0.9438672,-0.14613281,-0.6461328,0.28386718,-0.2861328,-2.166133,-3.5561328,-1.0061328,-3.3661327,-5.056133,-0.7461328,-0.06613281,-1.4561328,-2.206133,-3.666133,0.1438672,-1.1761328,1.7038672,3.4338672,1.7438672,2.1638672,-0.056132812,-2.456133,-1.6261328,3.0038671,-1.0661328,1.2538671,0.5238672
-1.1561328,-6.956133,-9.166133,-6.1161327,3.5038671,-1.5761328,-1.1861328,1.9238672,3.573867,3.3538673,3.7538671,3.7538671,1.8538672,1.7338672,2.0338671,0.5938672,-0.6561328,-0.57613283,-3.0161328,-5.6961327,-1.1861328,-1.0961328,1.0038671,0.47386718,0.023867188,-0.8661328,-1.9861329,-2.436133,-2.2261329,-0.51613283,4.173867,1.9438672,0.41386718,-0.6261328,1.4738672,1.9738672,3.2538671,2.3938673,-3.446133,-2.2761328,-1.3961328
-4.936133,-6.6961327,-10.196133,7.0938673,3.6038673,-2.0161328,-6.106133,1.1338671,0.4238672,3.2038672,7.253867,7.3638673,4.793867,2.7538671,0.7138672,1.1538672,0.80386716,-0.07613281,-1.6361328,-2.0461328,-2.3761327,-1.2161328,-0.88613284,-1.3161328,-1.3661329,-1.5161328,-0.51613283,-2.5361328,-2.186133,-2.176133,-4.706133,-2.2661328,0.10386719,0.4938672,0.9438672,1.6938672,2.7638671,-0.9161328,-2.8061328,-0.30613282,1.2838672
-7.106133,-2.4761329,-8.886133,-7.786133,4.5338674,7.713867,3.7538671,-0.2661328,-0.69613284,5.293867,4.603867,5.413867,5.813867,3.5038671,0.8938672,-0.3561328,0.15386719,0.113867186,-0.5661328,-0.7461328,-1.2461329,-1.5061328,-1.5461328,-1.8961328,-0.9761328,-1.0661328,-1.1161329,-1.9161328,-2.1261327,-2.6361327,-4.376133,-3.5061328,-2.166133,-3.5161328,-2.2461329,9.6438675,-2.1161327,-0.08613281,-0.2861328,-0.63613284,-0.5261328
-5.0061326,-5.336133,-6.226133,-6.626133,-2.3761327,5.333867,7.063867,6.9738674,3.4038672,2.8538673,5.8438673,4.873867,4.043867,3.823867,2.313867,-0.08613281,0.4338672,0.7238672,0.6938672,-0.23613282,-1.1261328,-2.0461328,-2.7461329,-2.5461328,-2.5861328,-2.696133,-0.94613284,-1.2461329,1.7338672,0.3638672,-5.8661327,0.8538672,2.313867,2.8838673,3.4638672,2.9038672,2.7538671,3.1938672,-0.2561328,3.1238673,2.1338673
-5.296133,-5.8861327,-5.066133,-5.9061327,-4.186133,1.4838672,3.6938672,6.333867,5.393867,6.413867,5.183867,4.8238673,4.083867,3.3538673,2.573867,2.6038673,1.6338671,0.5938672,-0.30613282,0.16386719,-0.2661328,-2.206133,-3.2261329,-3.5561328,-3.696133,-3.7661328,-4.556133,-4.396133,-0.39613283,2.3538673,6.163867,4.663867,4.8638673,6.8638673,4.293867,-0.21613282,-0.51613283,1.7238672,-0.46613282,1.3238672,2.543867
-3.2861328,-5.076133,-3.9661329,-3.166133,-4.076133,-2.9061327,1.2938672,2.9038672,0.6638672,1.8938671,3.2138672,4.293867,5.733867,4.7838674,4.793867,3.2138672,5.0138674,2.6338673,1.1838672,0.6238672,-0.3261328,-1.6261328,-3.7261329,-5.056133,-4.766133,-4.7561326,-3.3061328,-1.1661328,0.24386719,3.4038672,4.933867,5.563867,6.103867,6.3038673,6.003867,7.5538673,2.6338673,-0.46613282,-0.11613281,1.7038672,1.7238672
-1.6661328,-1.8361328,-1.5961328,-2.446133,-2.8061328,-2.6361327,-1.5561328,0.18386719,1.1438671,2.7738671,0.9138672,3.4538672,3.9738672,5.7438674,5.713867,6.273867,5.463867,4.483867,3.5938673,2.3538673,0.35386717,-1.3961328,-2.6561327,-3.9061327,-5.056133,-5.496133,-4.836133,-2.2261329,0.99386716,1.3538672,0.25386718,1.6838672,3.1638672,5.3838673,6.8238673,2.9438672,3.053867,1.1638672,1.7438672,0.3238672,1.8838671
-4.6961327,-3.3761327,-2.3761327,-2.0261328,-0.27613282,0.17386718,0.053867187,-0.3561328,-0.7061328,-1.4861329,0.3638672,2.3838673,3.6738672,4.063867,5.9038672,7.173867,5.933867,5.9938674,4.9038672,3.793867,1.9938672,-0.3861328,-2.916133,-3.446133,-3.8361328,-4.536133,-4.7161326,-4.8861327,0.18386719,-0.8761328,2.4238672,3.7438672,5.523867,4.7838674,4.9038672,4.6338673,2.3638673,1.4938672,2.9038672,1.8038672,0.37386718
-4.586133,-5.206133,-4.496133,-4.016133,-2.8061328,-1.0961328,0.61386716,1.4638672,0.123867184,0.44386718,1.7638671,2.2738671,2.2638671,2.303867,3.2138672,2.9938672,4.5938673,5.353867,5.963867,4.923867,3.3838673,0.9438672,-2.7961328,-2.3861327,-2.916133,-3.7561328,-2.7361329,-0.4761328,1.0138671,2.2338672,1.5038671,0.98386717,-0.4261328,0.6538672,0.7538672,-1.3261328,-1.2061328,-0.1361328,-0.4161328,0.4938672,-0.3861328
-5.2361326,-6.336133,-6.226133,-5.356133,-5.146133,-4.066133,-5.326133,-3.0661328,-0.08613281,-0.2661328,0.3038672,0.09386719,-0.8561328,0.99386716,1.1038672,4.833867,5.8038673,7.043867,5.773867,4.393867,4.853867,1.7338672,-0.6761328,-0.7961328,-3.706133,-2.5461328,0.1438672,2.2638671,1.5738672,0.2738672,0.7838672,0.4938672,1.9038672,0.3238672,0.34386718,0.41386718,1.0238671,0.7638672,1.3338672,0.92386717,0.2938672
-6.1361327,-6.226133,-6.516133,-5.726133,-5.856133,-5.586133,-5.4661326,-4.726133,-3.6161327,-3.3261328,-1.4061328,-1.3161328,-2.206133,-2.196133,0.8338672,2.4538672,4.233867,5.353867,5.433867,5.563867,3.9338672,2.6138673,1.8438672,-0.7461328,0.7538672,0.86386716,0.99386716,1.7638671,2.0038671,1.4138672,-0.1361328,0.17386718,0.25386718,0.73386717,1.3738672,1.2738671,0.99386716,1.1038672,1.2938672,0.6038672,-0.036132812
-4.206133,-5.9061327,-7.0061326,-5.566133,-5.6761327,-5.416133,-5.3861327,-5.0261326,-4.606133,-4.7161326,-3.0461328,-3.8261328,-1.2761328,-1.5161328,-0.6761328,0.5138672,1.5338672,2.7138672,3.6838672,3.9738672,3.7738671,2.9838672,3.5938673,1.7838672,0.37386718,3.1838672,1.3338672,1.0938672,1.3538672,1.4638672,1.1738672,0.4838672,1.1538672,0.4838672,0.4538672,0.24386719,0.15386719,-0.5461328,-0.15613282,0.3638672,0.013867187
