wind_kz.json
{"header": {"discipline":0,"disciplineName":"Meteorological products","gribEdition":2,"gribLength":871,"center":7,"centerName":"US National Weather Service - NCEP(WMC)","subcenter":0,"refTime":"2023-09-22T06:00:00.000Z","significanceOfRT":1,"significanceOfRTName":"Start of forecast","productStatus":0,"productStatusName":"Operational products","productType":1,"productTypeName":"Forecast products","productDefinitionTemplate":0,"productDefinitionTemplateName":"Analysis/forecast at horizontal level/layer at a point in time","parameterCategory":0,"parameterCategoryName":"UnknownDiscipline_0_Category_0","parameterNumber":0,"parameterNumberName":"UnknownParameter_D0_C0_0","parameterUnit":"Unknown","genProcessType":2,"genProcessTypeName":"Forecast","forecastTime":120,"surface1Type":1,"surface1TypeName":"Ground or water surface","surface1Value":0.0,"surface2Type":255,"surface2TypeName":"Missing","surface2Value":0.0,"gridDefinitionTemplate":0,"gridDefinitionTemplateName":"Latitude_Longitude","numberPoints":615,"shape":6,"shapeName":"Earth spherical with radius of 6,371,229.0 m","gridUnits":"degrees","resolution":48,"winds":"true","scanMode":64,"nx":41,"ny":15,"basicAngle":0,"lo1":47.0,"la1":41.0,"lo2":87.0,"la2":55.0,"dx":1.0,"dy":1.0}, "data":
[rows 0 to 14 of 15, columns 0 to 40 of 41]
302.50198,290.80197,298.00198,294.102,294.20197,293.70197,303.50198,308.602,306.102,307.30197,306.30197,307.102,306.20197,305.602,307.50198,310.40198,311.602,311.90198,317.30197,311.30197,315.50198,313.602,310.00198,306.00198,307.40198,307.80197,303.50198,294.102,295.70197,293.602,293.602,288.20197,300.20197,305.90198,309.50198,308.80197,310.102,311.50198,315.00198,315.102,315.30197
285.70197,298.20197,293.602,293.70197,293.50198,292.40198,308.30197,303.20197,304.40198,304.00198,306.20197,305.20197,306.40198,305.50198,305.70197,309.30197,313.102,315.30197,315.70197,314.70197,311.40198,310.80197,307.102,300.40198,294.80197,291.70197,298.80197,298.00198,297.102,288.40198,294.90198,275.20197,295.70197,267.30197,290.50198,301.20197,305.30197,302.40198,308.80197,300.30197,284.80197
300.20197,292.90198,293.602,293.30197,291.602,303.80197,302.50198,303.50198,304.20197,303.20197,303.40198,305.00198,306.102,306.90198,304.50198,308.80197,310.102,310.90198,314.40198,314.00198,313.00198,311.50198,310.602,306.00198,305.70197,303.80197,306.90198,304.102,304.602,297.40198,288.00198,291.80197,295.40198,297.40198,296.80197,294.80197,291.102,293.30197,291.70197,287.602,276.50198
302.102,292.40198,293.70197,292.70197,294.90198,303.602,302.102,302.602,305.00198,305.102,304.40198,303.102,291.602,291.00198,305.80197,307.602,306.00198,308.90198,310.102,312.602,312.40198,308.40198,305.80197,306.102,304.90198,304.20197,305.40198,302.90198,301.102,303.90198,305.602,304.40198,306.40198,309.30197,308.40198,300.40198,278.30197,273.102,291.602,300.70197,301.90198
300.50198,292.00198,292.80197,291.90198,296.70197,302.50198,302.30197,304.602,302.30197,302.00198,303.40198,304.602,290.40198,289.40198,287.90198,306.20197,306.70197,305.40198,306.00198,303.90198,305.102,306.30197,306.602,306.102,306.00198,305.20197,304.00198,300.70197,306.602,305.40198,304.40198,303.00198,294.30197,277.30197,296.20197,303.20197,301.80197,308.40198,306.20197,306.30197,304.00198
300.30197,300.90198,291.30197,291.70197,291.80197,291.602,304.30197,301.70197,301.30197,302.602,301.30197,301.30197,292.30197,290.30197,298.102,304.40198,303.70197,306.00198,304.50198,305.602,305.602,304.50198,305.50198,305.102,305.50198,304.602,305.40198,288.40198,302.70197,302.50198,302.20197,301.102,304.70197,303.70197,299.20197,299.70197,295.602,296.20197,307.90198,306.20197,302.50198
302.50198,304.40198,301.30197,302.40198,300.50198,304.40198,304.20197,294.602,298.90198,301.00198,299.20197,301.102,301.602,301.80197,301.40198,302.602,304.50198,304.20197,306.00198,304.00198,304.70197,304.70197,303.90198,304.602,303.20197,303.20197,303.00198,304.90198,304.90198,304.30197,302.602,301.40198,301.40198,302.50198,302.20197,300.20197,297.80197,293.50198,279.70197,280.00198,290.102
299.90198,292.90198,298.00198,297.80197,301.20197,302.50198,296.30197,303.50198,299.30197,297.20197,299.50198,295.40198,295.50198,299.70197,303.102,303.102,301.20197,297.00198,304.602,302.70197,301.602,303.102,303.30197,302.70197,301.90198,300.70197,300.80197,301.602,300.50198,300.102,299.40198,299.90198,300.20197,297.70197,298.40198,296.40198,300.70197,287.70197,294.20197,300.70197,296.90198
300.40198,300.30197,300.80197,301.70197,301.102,302.00198,303.40198,293.40198,303.40198,301.50198,300.90198,292.50198,295.20197,303.102,293.70197,297.30197,303.20197,303.50198,297.602,302.20197,300.40198,300.40198,301.90198,302.102,300.20197,299.90198,297.80197,297.40198,296.90198,296.40198,297.102,297.20197,297.90198,297.00198,289.70197,295.20197,294.70197,293.80197,276.80197,278.90198,275.00198
296.50198,297.80197,298.70197,298.80197,298.00198,298.90198,297.30197,299.70197,300.70197,300.00198,300.50198,293.70197,298.20197,301.30197,301.102,293.20197,294.602,294.102,302.90198,302.20197,300.40198,300.602,301.30197,301.80197,301.80197,300.40198,300.20197,299.602,298.00198,298.00198,298.102,297.80197,299.00198,300.40198,297.602,297.20197,293.00198,286.00198,285.30197,277.30197,273.102
296.00198,297.00198,297.80197,296.70197,297.50198,297.20197,299.102,300.602,300.602,300.102,297.50198,297.50198,296.30197,294.50198,295.40198,299.00198,299.602,300.30197,302.70197,300.602,301.50198,301.30197,300.602,300.50198,299.40198,300.00198,297.70197,300.50198,300.50198,301.102,300.40198,301.102,300.40198,299.50198,296.00198,294.90198,283.40198,279.602,283.90198,274.90198,274.102
293.90198,294.70197,294.80197,292.70197,296.20197,293.70197,292.30197,296.90198,298.50198,297.70197,295.20197,294.50198,295.20197,293.70197,296.20197,297.50198,297.102,296.102,291.50198,298.30197,297.40198,296.80197,296.80197,297.50198,296.00198,298.00198,297.602,298.40198,297.00198,295.20197,299.40198,300.40198,298.00198,297.102,294.80197,292.80197,289.102,290.602,289.50198,287.20197,283.00198
290.20197,292.40198,293.70197,294.602,293.80197,294.602,295.40198,290.80197,296.30197,291.20197,289.00198,288.90198,292.102,293.40198,294.50198,296.00198,296.80197,296.80197,296.70197,295.90198,296.00198,294.90198,293.80197,293.80197,295.30197,296.00198,297.40198,296.50198,296.80197,296.90198,298.30197,294.102,298.102,295.50198,292.602,290.50198,289.602,289.102,287.20197,287.102,286.20197
291.80197,292.102,289.40198,292.40198,293.00198,293.80197,292.70197,293.30197,293.80197,293.90198,291.20197,290.20197,293.00198,293.80197,294.70197,294.50198,295.20197,294.50198,295.00198,295.40198,296.102,295.70197,296.00198,295.00198,294.70197,295.102,293.80197,293.40198,293.20197,294.00198,295.30197,295.102,294.602,292.40198,290.80197,289.30197,287.70197,287.20197,288.102,286.00198,286.90198
290.00198,291.602,286.602,292.102,292.00198,292.102,292.20197,292.20197,293.30197,293.70197,291.602,291.602,288.40198,289.90198,291.70197,293.102,293.20197,293.602,294.40198,294.102,295.00198,295.00198,294.80197,293.20197,292.90198,292.602,292.50198,292.00198,292.102,292.20197,291.80197,288.80197,293.40198,292.40198,290.30197,289.20197,289.20197,288.30197,289.80197,288.602,286.50198
