wind_kz.json
{"header": {"discipline":0,"disciplineName":"Meteorological products","gribEdition":2,"gribLength":1025,"center":7,"centerName":"US National Weather Service - NCEP(WMC)","subcenter":0,"refTime":"2023-09-27T06:00:00.000Z","significanceOfRT":1,"significanceOfRTName":"Start of forecast","productStatus":0,"productStatusName":"Operational products","productType":1,"productTypeName":"Forecast products","productDefinitionTemplate":0,"productDefinitionTemplateName":"Analysis/forecast at horizontal level/layer at a point in time","parameterCategory":2,"parameterCategoryName":"UnknownDiscipline_0_Category_2","parameterNumber":3,"parameterNumberName":"UnknownParameter_D0_C2_3","parameterUnit":"Unknown","genProcessType":2,"genProcessTypeName":"Forecast","forecastTime":240,"surface1Type":103,"surface1TypeName":"Specified height level above ground","surface1Value":10.0,"surface2Type":255,"surface2TypeName":"Missing","surface2Value":0.0,"gridDefinitionTemplate":0,"gridDefinitionTemplateName":"Latitude_Longitude","numberPoints":615,"shape":6,"shapeName":"Earth spherical with radius of 6,371,229.0 m","gridUnits":"degrees","resolution":48,"winds":"true","scanMode":64,"nx":41,"ny":15,"basicAngle":0,"lo1":47.0,"la1":41.0,"lo2":87.0,"la2":55.0,"dx":1.0,"dy":1.0}, "data":
[rows 0 to 14 of 15, columns 0 to 40 of 41]
1.1276004,1.2076004,2.1676004,4.4176006,1.1676004,2.6576004,3.0376005,2.7676003,2.0476005,2.0076003,1.2276005,0.8076004,0.3776004,0.5776004,-1.0323997,-2.7623997,-4.1523995,-2.5523996,-4.2923994,-2.8423996,-2.0723996,-4.1224,-0.9723996,1.4076004,1.8676004,1.8276004,0.8576004,-0.4023996,1.0376004,4.6976004,2.1276004,2.9676003,-0.16239959,-0.3123996,0.8976004,0.9576004,2.0276003,1.4676003,1.0776004,0.6076004,2.1176004
2.7576003,2.0876005,5.2476,4.7076006,2.9576004,3.7176003,2.1676004,3.1376004,2.5376005,1.6076005,0.8076004,-0.3223996,0.5476004,0.4476004,-1.2023996,-2.2923996,-1.4723996,-1.8323996,-2.8323996,-3.6123996,-3.6323996,-4.7423997,-3.9623995,-0.3523996,2.7776003,3.2976005,2.7576003,1.1376004,0.7776004,2.1276004,-1.0923996,3.2876005,1.0676004,2.0376005,2.5776005,3.1876004,1.9976004,2.1776004,1.1176004,1.7776004,-0.062399596
2.2176003,6.6776,6.8076,5.6176,3.2776003,4.1476,2.9776003,2.7976005,3.4876003,2.5976005,2.0776005,0.9776004,0.4476004,1.0476004,0.4776004,-1.7623996,-2.3323996,-2.2823997,-3.1023996,-2.8723996,-4.2923994,-2.2623997,-3.5523996,-0.4623996,-1.4323996,-1.5923996,-1.3023996,-2.1023996,-0.9123996,-2.4723997,1.0276004,1.9976004,-0.6623996,2.0576005,0.017600402,-3.1423995,-0.3323996,2.3776004,-1.1423995,1.1476004,0.7976004
3.6476004,6.0576,6.9176,5.8476,4.0576005,4.3476005,3.2476003,2.7676003,2.9276004,1.7376004,1.3576005,2.9376004,1.8176004,2.2076004,-0.1523996,-1.1923996,-1.7923996,-2.0623996,-2.2123995,-2.7523997,-3.5823996,-2.0523996,-0.8523996,-1.2023996,-1.0923996,-1.9523996,-3.4323995,-2.4423995,-1.1123996,-2.1023996,-4.2023997,0.9076004,1.0376004,1.3976004,1.0376004,2.2776003,3.1576004,1.8876004,-3.3823996,-2.4923997,-0.6423996
4.8976,5.0576005,5.6976,5.4376,4.2076006,4.2076006,3.1976004,2.2176003,1.4576004,0.5376004,1.1676004,1.0176004,2.3876004,2.2976005,1.6176004,0.9676004,-0.4123996,-0.87239957,-1.1923996,-1.9023995,-1.0123996,0.4176004,0.1276004,-0.19239959,-0.5423996,-1.2223996,-0.9623996,-1.9223996,-0.7123996,-1.6123996,-1.8323996,-2.5823996,-0.6623996,1.7676004,0.3376004,1.8576005,1.6876004,0.4576004,-1.3423996,-1.3523996,0.107600406
5.3476,4.8276005,4.9076004,5.4976,5.6776,5.3776,4.5776005,3.7076004,2.8476005,1.9376004,1.5476004,1.1376004,3.7876005,0.6376004,-0.26239958,-0.62239957,-1.2923996,0.0876004,0.0576004,-0.62239957,-0.7323996,1.5176004,1.9576004,2.0276003,0.6376004,-0.8923996,-0.9723996,-0.1223996,-0.8923996,-0.19239959,-0.5523996,-0.87239957,-0.9423996,-1.3023996,-2.4023995,-2.8323996,-3.0223997,-1.9323996,-1.3023996,0.8276004,-0.1723996
6.4576,6.3776,5.9076,5.5476003,5.4776,4.5276003,5.2376003,4.7776003,3.6876004,2.6276004,1.7676004,1.3876004,2.2376003,0.8176004,-0.7823996,-1.1123996,-1.3023996,-0.87239957,1.9676003,0.4676004,0.19760041,0.5476004,3.1676004,2.9176004,2.1776004,0.3376004,-0.7623996,-0.3523996,0.8876004,1.2776004,0.8576004,1.2176003,1.6076005,1.5776004,-0.0823996,-0.0923996,2.7076004,3.3876004,1.6076005,2.2276003,1.6876004
6.1076,6.0876,6.0476003,5.9076,5.2076,4.7676005,4.5376005,5.2476,4.9976006,3.4476004,1.6676004,1.7876004,2.9576004,2.1376004,0.9176004,-1.3123996,-1.0723996,-0.6823996,0.027600402,1.1276004,0.3576004,-0.5023996,1.6076005,3.8676004,2.6976004,2.8576005,1.1276004,-0.4623996,0.1776004,1.0176004,1.8176004,2.0976005,2.5276003,3.8176005,4.3376,1.8476005,-4.8023996,1.4176004,0.9476004,2.4676003,2.0776005
5.5976,6.6276,6.5376,6.1676,5.9476,5.9876003,6.3276,5.7476,4.8976,4.0076003,2.7576003,2.4576004,2.4276004,2.8976004,1.0176004,0.5576004,-0.0923996,-0.4023996,-0.6523996,-1.2923996,0.1876004,1.5576004,-0.7323996,1.6476004,4.0276003,3.7176003,2.9876003,2.1976004,1.1776004,0.9676004,2.1076005,3.5876005,3.4676003,4.6076,3.6076005,3.5876005,2.7276003,3.1676004,5.9476,2.4776003,0.8976004
5.6876,5.4476,5.8576,6.6576,6.4976,6.8376,7.3676,7.2476,6.8576,6.3076,4.8776,3.8976004,2.5476005,1.9876004,1.6576004,1.0476004,0.2776004,0.26760042,0.5376004,-0.2023996,-1.8223996,-0.9523996,1.8476005,1.5976005,0.8476004,3.1876004,3.1476004,2.8376005,1.2376004,2.0076003,1.8776004,2.8076005,4.3376,5.6776,5.5476003,4.7576003,0.6576004,2.7676003,3.4776003,4.5876,3.8176005
6.0876,5.9876003,5.9476,5.5276003,5.5176,6.7176,7.3476,7.7276,7.8476,7.1876,5.6476,5.1476,3.0076003,3.5576005,2.2776003,1.4676003,-0.3923996,-0.6123996,0.4776004,0.6476004,-1.2723995,-2.8623996,3.2576003,1.2276005,-0.6523996,0.7076004,2.5576005,1.4576004,-0.1523996,1.4676003,2.0576005,4.3176003,6.4676,5.6876,7.1376,7.2476,4.3676004,2.4076004,5.6576,1.9976004,2.2076004
6.0776,6.0776,6.6376,6.7776003,6.7876,6.4776,6.0676003,6.1976,6.4976,6.3576,6.1976,4.5576005,3.5176003,4.1976004,3.3776004,2.6976004,0.2076004,-0.4623996,-0.2923996,0.007600403,-0.3923996,-2.4223995,2.9576004,1.4976004,0.5076004,0.3876004,0.6476004,-1.2923996,-1.4823996,-1.0123996,1.6676004,6.3176003,6.1076,7.2076,6.4776,7.0076003,7.6376,-0.5323996,-1.8923995,0.0576004,-0.9323996
6.0276003,7.7176,7.2676,6.8076,6.3376,5.1176004,6.6876,7.3276,8.2776,7.2576003,4.7376003,4.4676003,4.6176004,4.7676005,3.4576004,2.2976005,0.7676004,1.8476005,1.1676004,0.5676004,1.0976005,-0.4023996,-0.9523996,-1.0623996,-1.7023996,-0.7023996,-0.7823996,0.3876004,-2.7023995,-0.5423996,-0.1723996,5.1876,6.8676,7.0976,7.4176,7.4676,6.1276,3.1576004,2.3476005,1.9576004,1.4376004
5.6376,7.6476,8.747601,7.7076,6.1976,6.6976,7.3276,7.9276,6.9376,7.5576,4.8976,3.7976005,4.9876003,5.1676,4.4076004,3.4176004,2.3576005,1.8576005,1.7476004,0.4976004,-0.6023996,1.6576004,1.7376004,-0.7823996,-0.4123996,0.6376004,-0.1323996,0.1876004,-0.4423996,-2.1323996,0.027600402,3.2576003,3.8576005,6.0076003,4.9176006,5.0976005,3.4176004,3.1476004,3.3476005,3.1376004,3.7276003
5.5376,7.8176003,8.0176,6.6676,6.8476,6.6076,7.1576,6.4776,6.8376,8.6976,4.9676003,7.0176,3.9276004,3.1476004,5.0776005,4.5676003,3.4576004,2.1776004,1.5976005,0.6476004,-1.0523996,-0.8023996,-0.5023996,-0.3123996,-0.0823996,0.6776004,0.6076004,1.9576004,-1.0423996,-3.9123995,-3.5823996,1.4976004,4.0376005,6.0376,6.2876,6.7076,6.9076,6.5676003,4.9076004,4.6376004,2.7276003
