wind_kz.json
{"header": {"discipline":0,"disciplineName":"Meteorological products","gribEdition":2,"gribLength":1025,"center":7,"centerName":"US National Weather Service - NCEP(WMC)","subcenter":0,"refTime":"2023-08-28T12:00:00.000Z","significanceOfRT":1,"significanceOfRTName":"Start of forecast","productStatus":0,"productStatusName":"Operational products","productType":1,"productTypeName":"Forecast products","productDefinitionTemplate":0,"productDefinitionTemplateName":"Analysis/forecast at horizontal level/layer at a point in time","parameterCategory":2,"parameterCategoryName":"UnknownDiscipline_0_Category_2","parameterNumber":2,"parameterNumberName":"UnknownParameter_D0_C2_2","parameterUnit":"Unknown","genProcessType":2,"genProcessTypeName":"Forecast","forecastTime":240,"surface1Type":103,"surface1TypeName":"Specified height level above ground","surface1Value":10.0,"surface2Type":255,"surface2TypeName":"Missing","surface2Value":0.0,"gridDefinitionTemplate":0,"gridDefinitionTemplateName":"Latitude_Longitude","numberPoints":615,"shape":6,"shapeName":"Earth spherical with radius of 6,371,229.0 m","gridUnits":"degrees","resolution":48,"winds":"true","scanMode":64,"nx":41,"ny":15,"basicAngle":0,"lo1":47.0,"la1":41.0,"lo2":87.0,"la2":55.0,"dx":1.0,"dy":1.0}, "data":
[rows 0 to 14 of 15, columns 0 to 40 of 41]
-0.30743897,1.092561,-2.367439,-0.37743896,-2.947439,0.74256104,3.592561,0.61256105,-0.58743894,0.08256104,1.312561,1.162561,1.7825611,1.7725611,2.362561,0.60256106,1.362561,0.99256104,0.15256104,1.2525611,3.4725611,2.7125611,5.3225613,4.802561,5.232561,4.0925612,3.762561,3.732561,-1.147439,2.102561,1.8925611,1.1525611,-1.6174389,-3.357439,-3.3074389,-3.397439,-3.377439,-2.447439,-2.647439,-1.2174389,0.35256103
0.26256102,-2.577439,-1.327439,-2.5474389,-1.9774389,-0.25743896,0.75256103,0.72256106,2.152561,2.512561,2.902561,2.642561,3.602561,5.5925612,2.402561,2.432561,1.332561,4.862561,3.252561,2.022561,2.182561,2.812561,3.432561,3.642561,2.502561,0.49256104,0.99256104,3.022561,3.362561,0.68256104,0.19256103,0.11256103,-0.987439,0.25256103,-0.657439,-0.0074389647,0.14256103,1.962561,4.212561,-0.787439,1.432561
-6.447439,-4.207439,-3.567439,-1.8674389,1.5125611,3.422561,3.492561,4.332561,4.672561,5.3425612,5.032561,4.862561,4.082561,2.012561,3.852561,2.602561,1.212561,4.952561,2.142561,2.9625611,4.032561,5.5925612,0.79256105,3.072561,-1.167439,-1.8474389,-0.39743897,2.372561,2.2225611,-1.187439,-0.23743896,-2.337439,0.92256105,-1.427439,3.002561,-1.957439,-0.31743896,-0.18743896,2.4425611,2.4525611,-1.057439
-5.877439,-3.507439,-2.677439,0.30256104,3.1925611,4.722561,4.402561,6.732561,7.242561,7.202561,6.802561,7.272561,2.582561,-1.2474389,3.392561,4.882561,1.7525611,3.322561,3.422561,1.3825611,1.292561,1.922561,-2.247439,-1.7374389,-1.337439,0.23256104,-2.727439,-4.757439,-3.727439,-1.777439,-0.16743897,-0.06743897,2.232561,2.572561,2.112561,2.162561,0.53256106,0.822561,-1.807439,-2.937439,-2.137439
-6.027439,-6.747439,-5.977439,-3.997439,-1.647439,0.652561,3.572561,2.632561,3.362561,6.102561,5.872561,-5.197439,-5.997439,-0.76743895,1.7625611,5.532561,5.412561,3.012561,2.2225611,-2.347439,-1.3574389,0.26256102,-0.52743894,1.352561,0.79256105,-4.167439,-6.067439,2.052561,-4.207439,-1.667439,-0.797439,-2.217439,-1.037439,0.28256103,-2.747439,-2.207439,2.572561,-3.897439,-3.137439,-2.337439,-1.0974389
-2.7774389,-1.087439,-2.317439,-1.047439,-0.43743896,3.792561,4.332561,2.852561,4.8425612,6.3225613,5.542561,6.142561,-0.537439,0.38256103,9.162561,4.452561,7.292561,4.002561,1.412561,-2.5374389,-3.2874389,-2.5474389,-1.707439,-1.927439,-2.717439,-4.377439,-4.397439,-2.317439,-0.35743895,0.94256103,0.712561,-2.487439,0.16256103,-2.067439,-1.9774389,2.142561,0.002561035,1.932561,-0.40743896,0.60256106,1.2825611
-2.247439,-1.137439,0.822561,0.762561,1.552561,2.292561,2.932561,3.772561,4.692561,3.352561,4.562561,5.582561,5.0725613,2.092561,5.902561,6.732561,4.652561,3.782561,2.2225611,-0.977439,-1.277439,-4.147439,-4.107439,-2.987439,-2.347439,-2.3074389,-1.8474389,-0.047438964,-0.40743896,0.54256105,-0.71743894,0.45256102,-1.9674389,0.582561,2.652561,1.9025611,1.8925611,0.952561,4.122561,-0.37743896,-2.067439
-2.837439,0.632561,0.832561,1.572561,2.262561,3.112561,2.9425611,3.742561,4.542561,4.792561,3.332561,6.002561,3.302561,4.052561,2.362561,1.222561,3.882561,-1.187439,1.572561,-1.627439,-0.43743896,-0.50743896,-2.827439,-2.827439,-4.1574388,-3.517439,-1.317439,-2.577439,-2.687439,-0.0074389647,-1.837439,-0.56743896,-3.0474389,-1.7374389,0.36256105,-3.667439,-3.197439,3.682561,4.452561,1.832561,3.4525611
-1.007439,-0.87743896,0.28256103,0.86256105,1.802561,1.932561,3.332561,0.81256104,6.132561,2.582561,2.182561,5.262561,2.052561,-2.2874389,-1.447439,4.532561,3.612561,-0.82743895,-2.507439,-3.087439,-3.907439,-3.987439,1.8825611,-1.167439,-1.9874389,-3.367439,-0.24743897,-1.027439,-0.12743896,-0.80743897,-0.69743896,-1.9974389,1.052561,-0.47743896,-0.18743896,0.53256106,-1.167439,0.25256103,0.19256103,0.21256104,1.292561
-2.247439,-0.81743896,-0.16743897,-0.95743895,-0.18743896,0.522561,-1.157439,-0.87743896,1.462561,0.97256106,2.522561,2.7125611,-0.64743894,-2.5274389,-1.027439,5.152561,6.362561,-1.267439,0.78256106,-5.007439,-3.387439,-3.207439,-3.2774389,-1.437439,-5.727439,-1.7274389,-2.767439,-1.067439,-4.557439,-1.457439,0.712561,-0.41743895,0.842561,-3.3074389,-2.367439,-1.437439,-0.46743897,0.902561,0.042561036,1.042561,1.472561
-1.627439,-0.27743897,-0.68743896,-0.727439,-2.497439,-0.867439,-1.9974389,-1.9874389,-1.2174389,-0.667439,2.9625611,-1.667439,-6.397439,-1.407439,3.492561,2.932561,-4.247439,-2.917439,-2.3074389,-3.937439,-5.717439,-4.057439,-2.437439,-3.477439,-3.0474389,-2.197439,-2.2874389,-3.077439,0.19256103,-0.33743897,-0.977439,-1.547439,-0.667439,-0.56743896,-0.23743896,-0.40743896,-0.017438965,0.652561,-0.35743895,-0.45743898,0.43256104
-0.68743896,-0.537439,-2.617439,-2.437439,-2.707439,-3.267439,-3.997439,-3.147439,-2.767439,-1.9874389,-4.777439,-7.1574388,-3.637439,-3.077439,-5.297439,-6.487439,-7.057439,-6.4274387,-4.957439,-5.857439,-4.597439,-4.247439,-3.737439,-3.757439,-3.727439,-3.207439,-3.757439,-1.877439,-1.757439,-1.177439,-5.037439,-3.5574389,-1.657439,-2.897439,-2.067439,-2.267439,-1.657439,-0.10743897,0.592561,0.40256104,0.66256106
-0.987439,-2.8074389,-2.467439,-0.77743894,-2.107439,-2.7874389,-4.067439,-4.167439,-4.957439,-2.847439,-2.877439,-5.207439,-5.277439,-6.357439,-7.047439,-6.527439,-7.307439,-6.467439,-4.777439,-4.147439,-4.167439,-4.787439,-4.237439,-3.077439,-4.457439,-3.987439,-2.617439,-4.507439,-2.7974389,-3.647439,-3.5474389,-3.0574389,-2.417439,-2.017439,-1.387439,-1.4974389,-2.267439,-0.29743898,0.892561,0.29256102,-0.26743898
-1.887439,-2.5474389,-2.397439,-0.737439,-3.2874389,-4.537439,-5.317439,-4.817439,-4.917439,-1.907439,-1.907439,-2.977439,-4.6774387,-5.107439,-4.637439,-5.217439,-5.777439,-5.607439,-4.987439,-5.527439,-5.497439,-5.057439,-4.687439,-4.047439,-3.5374389,-3.0474389,-3.727439,-3.427439,-2.967439,-3.2974389,-1.9874389,-1.957439,-1.947439,-1.2374389,-0.94743896,-1.017439,0.18256104,0.102561034,-0.57743895,-0.36743897,1.242561
-1.927439,-3.417439,-1.7274389,-5.107439,-5.527439,-4.997439,-5.207439,-5.187439,-6.637439,-6.347439,-4.207439,-4.647439,-2.387439,-3.657439,-5.007439,-5.147439,-5.007439,-4.6774387,-5.357439,-6.167439,-4.4274387,-5.247439,-4.617439,-3.707439,-2.717439,-3.407439,-2.717439,-2.107439,-1.427439,-1.2174389,-1.397439,-1.2274389,-0.667439,-0.15743896,-0.08743896,0.18256104,0.38256103,0.61256105,1.332561,0.94256103,1.342561
