wind.json
{"header": {"discipline":0,"disciplineName":"Meteorological products","gribEdition":2,"gribLength":1125,"center":7,"centerName":"US National Weather Service - NCEP(WMC)","subcenter":0,"refTime":"2023-06-28T18:00:00.000Z","significanceOfRT":1,"significanceOfRTName":"Start of forecast","productStatus":0,"productStatusName":"Operational products","productType":1,"productTypeName":"Forecast products","productDefinitionTemplate":0,"productDefinitionTemplateName":"Analysis/forecast at horizontal level/layer at a point in time","parameterCategory":2,"parameterCategoryName":"UnknownDiscipline_0_Category_2","parameterNumber":3,"parameterNumberName":"UnknownParameter_D0_C2_3","parameterUnit":"Unknown","genProcessType":2,"genProcessTypeName":"Forecast","forecastTime":180,"surface1Type":103,"surface1TypeName":"Specified height level above ground","surface1Value":10.0,"surface2Type":255,"surface2TypeName":"Missing","surface2Value":0.0,"gridDefinitionTemplate":0,"gridDefinitionTemplateName":"Latitude_Longitude","numberPoints":688,"shape":6,"shapeName":"Earth spherical with radius of 6,371,229.0 m","gridUnits":"degrees","resolution":48,"winds":"true","scanMode":64,"nx":43,"ny":16,"basicAngle":0,"lo1":45.0,"la1":40.0,"lo2":87.0,"la2":55.0,"dx":1.0,"dy":1.0}, "data":
[rows 0 to 15 of 16, columns 0 to 42 of 43]
-0.4087256,-0.108725585,0.001274414,1.2112744,0.021274414,-3.7187257,-4.5687256,0.33127442,3.0212743,-0.5787256,-0.19872558,-4.9287257,-5.9387255,-7.6387258,-7.2787256,-5.9287257,-5.8587255,-5.7987256,-4.6987257,-6.618726,-7.828726,-6.5687256,-7.7587256,-5.7787256,-4.3887258,-2.5487256,-3.0587256,-3.8287256,-2.3287256,-2.4887257,-4.1887255,-4.0087256,-1.1887256,-0.32872558,-2.6587255,-0.29872558,-0.3387256,-4.7487254,1.8512744,2.7712743,0.8912744,0.18127441,-1.3587255
-1.7987256,0.6812744,2.7112744,1.9412744,1.1412745,-4.9687257,-4.3587255,0.33127442,0.9212744,0.91127443,-0.19872558,-2.7987256,-4.9587255,-6.3087254,-7.118726,-5.7687254,-5.6087255,-5.7387257,-5.118726,-5.2487254,-5.6587257,-6.9287257,-6.3587255,-4.7887254,-2.4887257,2.3412745,3.6912744,2.4212744,2.4712744,1.7612745,-4.2187257,-3.9887257,-0.9287256,1.3212744,-0.9487256,-0.3787256,-2.5487256,-6.3187256,-0.9587256,0.24127442,2.0912745,1.0912744,1.4912744
-0.038725585,2.2212744,-0.11872558,0.45127442,-2.0587256,-3.1387255,-0.7587256,1.5012745,0.21127442,-1.5487256,-0.9887256,-3.6687255,-5.9487257,-7.6087255,-4.9587255,-6.4687257,-6.5587254,-6.5887256,-6.3387256,-4.2187257,-5.5187254,-6.9887257,-7.848726,-5.5687256,-3.9887257,-3.6887255,2.7812743,1.7712744,3.1712744,1.3812745,-0.13872558,-0.068725586,-2.7487257,-3.6387255,0.6812744,0.9312744,2.2712743,0.8212744,1.1812744,-2.7487257,2.4012744,-1.1187255,-0.4087256
-2.1287255,-1.7287256,2.3912745,-0.09872559,-1.3687255,0.4112744,1.1012744,0.90127444,-1.6587256,-2.6487255,-3.6487255,-2.2287257,-5.2287254,-5.078726,-6.5587254,-8.208726,-6.9587255,-5.6687255,-4.1787257,-4.2687254,-5.368726,-7.4187255,-7.7887254,-5.0287256,-4.7187257,-5.6787257,-4.6887255,-2.4187255,-1.3287256,-2.3487256,-1.2187256,-2.7387257,-3.3987255,-1.8887256,-2.8787255,-1.8487256,-0.4287256,-1.2087256,-4.5687256,-2.5987256,-2.3787255,1.0112745,0.18127441
0.17127441,0.5512744,0.6912744,0.6912744,-0.8087256,0.2812744,0.46127442,-0.26872557,-1.0187256,-2.2487257,-4.4287257,-5.1087255,-3.2187257,-3.9387255,-4.9987254,-5.7787256,-6.3987255,-4.6387258,-5.7187257,-6.1487255,-5.2787256,-7.6087255,-7.3787255,-7.0487256,-4.6487255,-3.4687257,-5.1487255,0.14127441,-0.9987256,-3.9287255,-3.9787257,-2.0287256,-1.6687256,-0.71872556,3.1012745,1.0512744,0.8612744,2.6812744,2.7412744,2.6212745,-3.7387257,-2.3287256,-4.9387255
0.5012744,0.5712744,-0.84872556,-2.4987257,-2.8687255,-1.5887256,-3.1787255,-2.9987257,-2.2787256,-2.3787255,-4.9687257,-4.7487254,-2.9887257,-1.2887256,-4.1387258,-4.9687257,-4.8387256,-5.9887257,-5.7987256,-3.7087257,-5.8987255,-6.9087257,-6.5387254,-6.3787255,-6.0187254,-3.6087255,-0.008725586,0.53127444,-1.2787256,-1.3887256,-1.0187256,-1.4987255,-2.9487257,-4.3887258,-3.2387257,-2.6387255,2.9112744,1.4112744,-5.3587255,2.5812745,-0.17872559,-0.90872556,-1.7887256
-0.19872558,0.48127443,-0.35872558,-0.3087256,-2.1687255,-1.6587256,-2.7487257,-3.2487257,-3.1987257,-3.4287255,-4.328726,-4.2287254,-2.8387256,-1.1387256,-1.6687256,-3.9387255,-6.1287255,-5.3987255,-3.0387256,-3.6287255,-5.4987254,-6.5087256,-6.1487255,-5.7487254,-5.6687255,-5.7187257,-4.078726,-1.3687255,0.14127441,-3.0087256,-3.5587256,-2.8587255,-3.6487255,-4.1487255,-4.7687254,-2.3987255,0.071274415,-4.5387254,-1.7887256,-6.4687257,-4.1487255,0.08127441,3.0012743
1.4612744,-0.008725586,0.12127441,-0.41872558,-0.028725587,-1.9587256,-3.2587256,-4.8887258,-4.5487256,-3.1487255,-4.4587255,-5.0587254,-1.6187255,-2.6887255,-2.6987257,-5.2887254,-6.1087255,-5.9687257,-3.1087255,-1.6187255,-4.0287256,-4.8787255,-5.5087256,-5.3387256,-6.1487255,-4.9687257,-3.5787256,-2.2187257,-3.4087255,-2.8887255,-3.8787255,-4.4387255,-3.6687255,-3.9887257,-3.8887255,-1.5287256,-0.048725586,-2.3587255,0.3512744,1.3512744,-0.64872557,3.5012743,0.011274414
-1.1087255,-1.9887255,-0.58872557,-0.8687256,-1.8987256,-3.0487256,-4.098726,-5.1587257,-5.2587256,-4.2287254,-4.4787254,-3.3387256,-2.3387256,-3.6587255,-3.1687255,-4.6287255,-6.3587255,-5.368726,-3.3287256,-1.2987256,-2.0887256,-2.7487257,-3.9387255,-5.3887258,-5.7987256,-5.3087254,-3.5487256,-3.3787255,-5.098726,-3.4987257,-2.7487257,-4.4087257,-5.598726,-5.1687255,-6.618726,-6.3387256,-3.3787255,-0.09872559,-0.2787256,-1.9287256,0.9812744,0.13127442,-0.3787256
-2.7787256,-2.5287256,-1.5787256,-2.1587255,-3.0087256,-4.0087256,-4.8887258,-5.5887256,-5.1687255,-4.848726,-4.3987255,-4.1087255,-1.1587256,-1.2287256,-2.4087255,-4.4187255,-5.348726,-5.2387257,-4.078726,-4.368726,-1.9587256,-1.2087256,-3.0987256,-3.9787257,-5.4487257,-5.6687255,-4.348726,-4.7987256,-5.2587256,-5.2987256,-5.1587257,-5.6687255,-7.2587256,-8.038726,-8.528726,-9.068726,-4.7387257,-4.0087256,3.0012743,-0.6987256,-1.4287256,-0.19872558,1.7312744
-1.9687256,-2.9187255,-2.3287256,-2.7687256,-3.4087255,-4.2387257,-5.368726,-5.3187256,-4.6387258,-6.0487256,-5.8387256,-2.9887257,-2.1587255,1.8612744,-0.8587256,-3.3987255,-4.9287257,-4.1687255,-4.8587255,-5.3387256,-4.0687256,-1.5787256,-2.1687255,-4.3087254,-4.0087256,-5.1487255,-4.8987255,-4.1787257,-4.9287257,-4.598726,-5.7387257,-6.2687254,-6.848726,-7.2187257,-6.9387255,-8.338726,-7.328726,-2.9687257,-0.9987256,0.8812744,0.4312744,-3.2787256,-2.7287257
-1.9687256,-3.4187255,-2.5487256,-3.0987256,-3.7187257,-4.078726,-3.9387255,-5.3087254,-5.0487256,-5.9587255,-5.9087257,-5.4587255,-3.0287256,2.3112745,0.65127444,-0.6287256,-3.3187256,-3.3787255,-4.1787257,-5.2887254,-4.1787257,-3.7787256,-3.0387256,-2.7787256,-3.3487256,-2.9287255,-4.3987255,-4.3587255,-3.8587255,-5.2287254,-6.1987257,-5.7287254,-6.8087254,-5.7387257,-6.7287254,-5.8887258,-7.2587256,-7.6787257,-3.9187255,-2.7787256,-2.1387255,-1.6887256,-1.3687255
-2.1187255,-2.2187257,-2.4287255,-3.4087255,-3.7887256,-4.2587256,-3.3287256,-4.7787256,-4.7587256,-4.8187256,-5.5387254,-4.7787256,-3.1887255,-2.3087256,-1.0787256,0.12127441,-1.5487256,-1.4387256,-2.3387256,-2.7187257,-3.9187255,-3.4787257,-3.7487257,-3.2787256,-2.4987257,-3.6087255,-3.4687257,-4.4687257,-4.6787257,-5.6787257,-4.5887256,-4.9187255,-5.3187256,-6.2887254,-4.8587255,-5.6387258,-5.0087256,-5.368726,-4.7387257,-4.5487256,-3.0287256,-2.4987257,-1.7587256
-2.1387255,-2.2187257,-2.1687255,-2.5887256,-3.3387256,-2.7787256,-3.7087257,-3.2787256,-4.2087255,-3.9887257,-4.828726,-3.8387256,-2.4687257,-2.6687255,-3.4387255,-1.6987256,0.24127442,-0.108725585,-1.6187255,-2.7087257,-2.7387257,-1.9087256,-2.5387256,-3.0587256,-2.6787255,-3.9887257,-5.078726,-3.0287256,-3.9687257,-4.3187256,-4.8087254,-3.5787256,-4.3787255,-4.6487255,-3.5587256,-4.1587257,-3.6687255,-4.5687256,-5.4087257,-3.7587256,-2.9787257,-0.9487256,-1.6387256
-1.7087256,-1.6787256,-2.5787256,-2.7087257,-3.2087257,-3.6187255,-4.0387254,-3.7587256,-3.6787255,-3.4987257,-3.3487256,-1.8687255,-1.4987255,-2.0187256,-3.3187256,-3.2287257,0.08127441,2.0412743,2.3212745,-1.2287256,-2.6487255,-1.5287256,-0.64872557,-2.0687256,-3.4687257,-3.4687257,-3.5987256,-3.2287257,-3.3387256,-3.9787257,-3.2187257,-3.3687255,-3.4487257,-3.5787256,-3.6987257,-4.0487256,-3.8687255,-6.0287256,-5.2487254,-5.1687255,-4.2787256,-2.9687257,-2.2687256
-2.8387256,-3.3287256,-1.8787255,-2.5287256,-2.0287256,-3.2887256,-4.118726,-3.8187256,-3.3687255,-2.2487257,-2.6887255,-2.6587255,-0.5687256,-1.0887256,-1.5487256,-2.8487256,-1.4787256,0.9212744,2.0712745,1.9312744,-0.3487256,-2.0787256,-0.47872558,-0.9287256,-2.5487256,-2.9187255,-2.8187256,-3.1487255,-3.6987257,-3.8787255,-3.6087255,-1.4687256,0.48127443,-1.8587255,-3.6587255,-4.4487257,-4.118726,-3.2587256,-4.4787254,-4.8887258,-3.2887256,-2.5387256,-2.4487257
