wind_kz.json
{"header": {"discipline":0,"disciplineName":"Meteorological products","gribEdition":2,"gribLength":1025,"center":7,"centerName":"US National Weather Service - NCEP(WMC)","subcenter":0,"refTime":"2023-08-06T12:00:00.000Z","significanceOfRT":1,"significanceOfRTName":"Start of forecast","productStatus":0,"productStatusName":"Operational products","productType":1,"productTypeName":"Forecast products","productDefinitionTemplate":0,"productDefinitionTemplateName":"Analysis/forecast at horizontal level/layer at a point in time","parameterCategory":2,"parameterCategoryName":"UnknownDiscipline_0_Category_2","parameterNumber":2,"parameterNumberName":"UnknownParameter_D0_C2_2","parameterUnit":"Unknown","genProcessType":2,"genProcessTypeName":"Forecast","forecastTime":240,"surface1Type":103,"surface1TypeName":"Specified height level above ground","surface1Value":10.0,"surface2Type":255,"surface2TypeName":"Missing","surface2Value":0.0,"gridDefinitionTemplate":0,"gridDefinitionTemplateName":"Latitude_Longitude","numberPoints":615,"shape":6,"shapeName":"Earth spherical with radius of 6,371,229.0 m","gridUnits":"degrees","resolution":48,"winds":"true","scanMode":64,"nx":41,"ny":15,"basicAngle":0,"lo1":47.0,"la1":41.0,"lo2":87.0,"la2":55.0,"dx":1.0,"dy":1.0}, "data":
[rows 0 to 14 of 15, columns 0 to 40 of 41]
-0.0057958984,2.024204,-3.455796,-2.035796,-0.5257959,2.1442041,6.564204,-0.2557959,0.3242041,0.3042041,0.5242041,-0.6557959,-1.0757959,0.5742041,-1.1857959,-3.8357959,-3.725796,-4.295796,-4.005796,-2.3357959,-1.0557959,1.2942041,2.174204,3.6542041,2.284204,4.164204,4.284204,3.774204,0.2742041,-2.025796,-1.9757959,1.3742042,-4.845796,7.4842043,-2.815796,-1.895796,-0.8057959,-2.195796,-1.2357959,-2.1757958,-2.1657958
-0.3857959,-4.605796,-3.4157958,-1.8557959,0.6342041,2.534204,6.5242043,4.384204,2.1542041,1.8442041,3.924204,-0.8357959,-1.8457959,-2.8957958,-1.7857959,-2.1257958,-2.255796,-3.995796,-4.485796,-3.255796,-1.885796,-1.885796,-0.2157959,1.8842041,1.8242041,-1.2457958,1.114204,2.5842042,-1.1157959,0.3142041,0.2142041,-0.2057959,-0.4357959,-0.2357959,0.7542041,0.90420413,2.8342042,2.8442042,1.1742041,1.0642041,-2.3757958
-6.215796,-4.115796,-2.535796,0.014204102,3.194204,5.7742043,5.4642043,6.294204,5.854204,5.384204,5.054204,-0.5357959,2.754204,-1.5657959,-0.5257959,-0.4857959,-3.1457958,-3.695796,-5.085796,-4.365796,-3.8657959,-6.5357957,-6.4757957,-6.455796,-4.005796,-5.155796,-2.8457959,-0.5557959,0.4842041,-1.7157959,0.3842041,-2.8457959,0.9342041,-2.705796,-1.6257958,-0.13579589,1.7742041,0.1942041,4.494204,5.354204,-0.2157959
-6.105796,-2.045796,0.024204101,2.4142041,4.354204,-0.8057959,1.0242041,5.374204,8.5342045,8.104204,6.834204,5.644204,-5.505796,-1.7157959,3.674204,0.4542041,-1.3657959,-3.3457959,-4.715796,-5.395796,-5.775796,-6.2857957,-5.2257957,-5.675796,-5.685796,-5.835796,-5.835796,-6.185796,-4.895796,-2.055796,-0.2957959,2.6142042,7.304204,6.574204,5.814204,4.424204,0.5742041,-0.84579587,-2.485796,-3.965796,-2.065796
-3.065796,0.6742041,2.464204,2.6542041,3.8242042,4.154204,3.774204,4.534204,4.684204,8.144204,7.364204,7.344204,-2.3857958,0.8542041,2.8742042,6.604204,0.6642041,0.2642041,-2.465796,-2.3457959,-3.255796,-3.715796,-4.315796,-3.295796,-4.125796,-5.775796,-5.135796,1.1742041,-4.425796,-3.4057958,-2.9057958,-1.4857959,-1.3357959,0.6842041,-2.815796,-1.005796,3.034204,-1.8757958,-0.8857959,-0.115795895,1.3442041
1.5142041,3.1242042,0.4842041,5.4442043,4.494204,5.344204,7.2342043,6.7742043,6.624204,6.0242043,8.254204,8.594204,1.6642041,-0.1757959,3.8742042,7.134204,5.364204,4.114204,3.944204,-0.6657959,1.5242041,0.9342041,-0.5457959,-0.84579587,-2.205796,-0.0257959,-2.765796,-0.8857959,-0.3757959,-0.9157959,-1.1557959,-1.9957958,0.3342041,-1.5257959,-0.9457959,2.944204,3.1042042,3.034204,0.3642041,-0.9257959,0.65420413
2.684204,2.6442041,4.0042043,5.4442043,6.374204,7.264204,8.434204,5.704204,3.8742042,5.474204,8.624204,6.224204,6.4842043,0.3342041,6.104204,6.244204,4.324204,7.084204,6.4642043,6.684204,4.7342043,3.8242042,3.484204,3.4142041,3.1442041,3.6442041,3.6142042,2.184204,2.3242042,0.4942041,0.4542041,1.3042041,2.794204,1.6742041,3.3342042,4.604204,3.454204,0.65420413,1.9242041,-0.115795895,-0.59579587
3.494204,3.494204,4.594204,5.604204,6.394204,6.574204,7.054204,7.9842043,6.064204,6.114204,7.394204,5.074204,9.5342045,6.2342043,8.344204,7.184204,6.034204,8.7442045,8.014204,7.034204,6.824204,1.5842041,8.604204,3.6642041,4.564204,4.574204,4.804204,5.324204,5.954204,4.744204,4.404204,3.534204,3.014204,2.794204,2.0742042,3.944204,-3.825796,-1.2057959,4.874204,6.684204,6.594204
3.744204,4.514204,5.324204,5.494204,5.634204,6.2342043,6.284204,6.724204,7.344204,7.474204,2.794204,10.184204,10.324204,9.184204,9.174204,9.894204,9.764204,10.574204,7.644204,9.364204,7.9442043,9.194204,4.9642043,-4.595796,2.994204,4.1942043,4.084204,3.6042042,4.244204,4.434204,4.854204,4.614204,4.404204,2.6242042,3.8342042,1.1542041,0.8142041,-1.7957959,0.22420411,0.8342041,1.2842041
4.204204,4.324204,5.4842043,5.614204,5.2542043,5.974204,5.144204,5.284204,6.094204,7.014204,7.654204,9.224204,8.934204,5.334204,8.324204,9.274204,9.894204,8.144204,9.4942045,9.9942045,9.394204,7.204204,8.614204,5.814204,7.294204,4.414204,4.904204,3.5942042,4.594204,4.624204,1.4042041,-0.6057959,2.294204,2.774204,5.4642043,2.3942041,-1.1957959,-1.6057959,2.214204,1.1842041,1.4442041
4.744204,5.384204,4.834204,4.864204,4.954204,4.744204,3.944204,5.414204,6.384204,7.314204,7.434204,8.414204,9.0342045,5.324204,10.574204,7.124204,6.2542043,8.064204,9.904204,2.8642042,0.4142041,5.9442043,1.8242041,4.514204,4.974204,2.994204,3.284204,2.254204,3.254204,3.214204,2.704204,3.8542042,2.474204,2.1442041,-3.695796,-0.1257959,-0.3257959,0.7742041,1.2542042,0.9542041,-0.2557959
4.174204,4.594204,4.124204,3.204204,3.4042041,1.614204,3.954204,3.674204,4.264204,3.534204,7.644204,7.1942043,-0.7357959,1.5142041,8.454205,5.824204,3.424204,4.304204,3.3442042,4.084204,3.1642041,9.804204,5.424204,3.924204,2.534204,1.6642041,1.4542041,2.764204,2.964204,-0.9157959,0.3442041,1.3042041,1.2842041,1.6342041,1.604204,2.174204,5.4642043,3.984204,1.5442041,0.1242041,-0.6557959
3.8542042,3.024204,3.694204,2.794204,4.164204,5.5242043,3.504204,3.514204,2.994204,3.954204,2.704204,5.1942043,7.764204,3.284204,1.2542042,0.3042041,0.3742041,-1.9057959,4.854204,5.344204,2.804204,4.664204,1.984204,-0.4357959,0.65420413,-0.7957959,-1.895796,-0.5557959,2.204204,3.254204,1.4642041,2.8842041,4.0042043,4.9642043,5.2342043,5.894204,-0.115795895,-2.1557958,-0.1257959,0.4342041,-0.015795898
4.474204,5.294204,4.574204,5.974204,2.8642042,4.534204,3.754204,4.4442043,5.314204,4.804204,2.704204,4.374204,1.2242041,4.0042043,-2.695796,-2.6157959,-2.945796,-2.6857958,-1.7157959,4.434204,9.764204,2.974204,-3.9057958,-2.795796,0.7642041,2.534204,1.734204,1.0642041,1.604204,0.9442041,1.3442041,1.0342041,4.604204,4.864204,4.364204,3.254204,-0.3757959,0.1242041,0.1542041,-0.4457959,-0.4457959
4.054204,6.544204,5.4642043,4.924204,6.414204,6.204204,3.3842041,2.9142041,3.8442042,4.644204,-1.2157959,3.204204,0.9342041,2.4042041,-1.385796,-1.7057959,-2.545796,-1.3357959,1.9442041,4.994204,12.774204,-2.1657958,1.7042041,1.5742041,4.294204,-1.6757959,-0.8157959,0.6342041,1.1342041,3.504204,-1.3657959,1.484204,3.9142041,-0.9857959,1.8142041,1.614204,-0.5857959,1.3142041,0.5042041,0.9442041,0.6642041
