wind_kz.json
{"header": {"discipline":0,"disciplineName":"Meteorological products","gribEdition":2,"gribLength":871,"center":7,"centerName":"US National Weather Service - NCEP(WMC)","subcenter":0,"refTime":"2023-08-19T18:00:00.000Z","significanceOfRT":1,"significanceOfRTName":"Start of forecast","productStatus":0,"productStatusName":"Operational products","productType":1,"productTypeName":"Forecast products","productDefinitionTemplate":0,"productDefinitionTemplateName":"Analysis/forecast at horizontal level/layer at a point in time","parameterCategory":0,"parameterCategoryName":"UnknownDiscipline_0_Category_0","parameterNumber":0,"parameterNumberName":"UnknownParameter_D0_C0_0","parameterUnit":"Unknown","genProcessType":2,"genProcessTypeName":"Forecast","forecastTime":0,"surface1Type":1,"surface1TypeName":"Ground or water surface","surface1Value":0.0,"surface2Type":255,"surface2TypeName":"Missing","surface2Value":0.0,"gridDefinitionTemplate":0,"gridDefinitionTemplateName":"Latitude_Longitude","numberPoints":615,"shape":6,"shapeName":"Earth spherical with radius of 6,371,229.0 m","gridUnits":"degrees","resolution":48,"winds":"true","scanMode":64,"nx":41,"ny":15,"basicAngle":0,"lo1":47.0,"la1":41.0,"lo2":87.0,"la2":55.0,"dx":1.0,"dy":1.0}, "data":
[rows 0 to 14 of 15, columns 0 to 40 of 41]
301.25592,288.95593,293.15594,299.75592,299.45593,298.05594,299.45593,301.65594,300.95593,303.85593,303.75592,307.05594,306.35593,305.75592,304.55594,301.45593,300.65594,301.75592,299.05594,301.55594,300.95593,296.85593,296.25592,290.15594,293.35593,294.85593,291.55594,277.05594,278.15594,281.85593,281.65594,283.15594,292.35593,298.55594,299.65594,300.35593,299.65594,300.65594,299.55594,298.95593,299.65594
277.45593,293.75592,299.75592,299.95593,299.75592,298.05594,300.35593,300.45593,300.75592,301.95593,304.75592,304.85593,304.05594,302.15594,300.95593,300.75592,300.25592,299.05594,299.05594,298.45593,298.75592,298.35593,296.85593,287.05594,278.45593,277.65594,286.85593,276.25592,279.95593,274.65594,279.75592,273.95593,284.75592,259.85593,281.35593,296.35593,294.95593,296.55594,300.65594,291.95593,284.05594
295.35593,299.95593,300.45593,300.55594,298.45593,299.65594,300.05594,300.25592,300.15594,300.45593,301.45593,303.45593,301.15594,303.55594,303.15594,300.15594,298.85593,300.05594,297.65594,298.55594,298.75592,298.05594,297.35593,291.85593,291.45593,290.35593,293.45593,290.95593,291.25592,281.95593,275.65594,275.95593,282.35593,282.45593,284.25592,286.25592,276.05594,277.95593,280.15594,275.35593,276.35593
294.55594,300.95593,300.15594,299.45593,297.75592,298.15594,300.45593,300.75592,301.15594,301.75592,302.45593,300.45593,296.65594,295.75592,301.05594,299.25592,303.15594,299.55594,301.05594,298.15594,297.35593,292.95593,297.95593,298.25592,294.35593,296.05594,296.85593,296.45593,293.85593,294.25592,294.65594,292.65594,297.55594,291.65594,291.05594,289.35593,276.05594,277.15594,281.65594,289.95593,293.45593
300.55594,301.05594,300.55594,299.95593,299.95593,300.05594,300.75592,301.45593,301.15594,303.35593,301.05594,298.65594,297.05594,295.55594,292.65594,303.05594,302.35593,299.75592,296.35593,300.35593,299.95593,299.75592,297.75592,297.15594,295.95593,295.75592,294.05594,293.85593,293.45593,294.15594,297.05594,290.35593,281.25592,272.75592,282.95593,292.85593,294.75592,298.05594,297.85593,297.55594,297.15594
300.15594,297.25592,299.35593,299.55594,299.95593,300.15594,301.75592,299.15594,302.35593,301.05594,300.75592,299.55594,296.85593,295.95593,297.15594,299.65594,300.85593,300.25592,299.25592,300.35593,299.75592,298.95593,296.75592,297.25592,295.95593,294.85593,294.55594,294.25592,295.85593,297.35593,294.75592,296.15594,293.85593,290.55594,288.15594,290.35593,283.15594,285.95593,294.05594,296.75592,295.65594
300.45593,302.35593,303.05594,302.95593,301.55594,301.45593,303.35593,300.05594,301.65594,302.15594,299.85593,299.25592,297.65594,298.05594,296.25592,301.15594,300.75592,301.45593,299.75592,298.95593,297.75592,298.55594,298.05594,297.75592,296.45593,296.75592,295.25592,296.95593,295.65594,295.95593,295.35593,294.75592,294.45593,294.65594,291.55594,290.25592,285.05594,280.75592,278.15594,278.35593,290.85593
300.75592,299.65594,301.65594,301.85593,304.75592,302.75592,303.25592,302.15594,300.75592,300.95593,301.05594,300.65594,296.95593,298.55594,298.85593,300.15594,299.75592,300.65594,300.35593,296.55594,296.85593,295.95593,295.65594,296.05594,294.55594,291.75592,292.55594,294.15594,292.95593,295.75592,294.45593,293.25592,290.75592,287.05594,286.35593,289.35593,290.45593,289.25592,289.15594,290.95593,284.25592
299.55594,299.55594,300.25592,302.75592,300.75592,301.75592,299.95593,301.25592,301.05594,298.05594,298.65594,297.25592,297.05594,300.65594,301.75592,301.25592,300.65594,299.25592,298.95593,299.45593,298.65594,295.85593,299.35593,298.15594,293.35593,294.65594,292.35593,288.05594,286.85593,285.75592,287.45593,287.95593,287.75592,288.95593,287.65594,284.75592,284.55594,284.25592,271.95593,274.95593,272.25592
296.75592,299.05594,299.35593,299.65594,302.05594,300.25592,301.15594,299.25592,300.75592,296.75592,295.95593,294.55594,294.55594,295.65594,298.05594,296.45593,298.85593,297.55594,300.55594,297.15594,294.15594,297.45593,295.65594,295.95593,294.15594,293.35593,293.95593,289.75592,288.95593,287.15594,287.95593,290.75592,291.75592,290.85593,289.25592,286.55594,283.55594,280.35593,272.65594,275.35593,275.85593
297.45593,300.95593,300.45593,301.85593,299.25592,298.45593,298.85593,301.75592,297.25592,294.55594,295.75592,292.25592,295.45593,294.75592,296.15594,297.55594,296.75592,297.25592,296.15594,294.45593,293.75592,293.45593,292.55594,291.95593,292.85593,291.15594,288.95593,291.35593,292.05594,292.95593,293.55594,292.85593,291.85593,291.55594,290.05594,285.95593,284.35593,278.85593,279.45593,280.95593,279.55594
298.75592,298.45593,296.85593,298.25592,296.45593,296.75592,297.45593,294.45593,294.25592,296.05594,289.45593,291.25592,293.05594,292.35593,294.75592,292.75592,293.45593,296.15594,295.35593,293.75592,292.25592,292.35593,292.55594,292.55594,293.05594,296.15594,292.75592,293.55594,293.45593,292.15594,291.35593,291.85593,291.75592,288.25592,288.35593,287.35593,286.85593,286.45593,287.05594,285.35593,285.05594
293.55594,291.15594,295.25592,296.15594,294.35593,295.25592,293.95593,291.15594,290.45593,289.95593,288.25592,288.35593,289.25592,288.45593,290.55594,291.75592,291.55594,290.75592,290.85593,291.45593,289.55594,288.75592,288.85593,290.35593,292.15594,293.45593,295.95593,293.95593,293.45593,292.65594,292.25592,291.35593,290.65594,290.25592,287.55594,287.45593,285.85593,286.15594,286.15594,283.65594,284.45593
290.15594,290.95593,291.55594,293.25592,294.35593,291.45593,289.95593,289.65594,289.05594,289.45593,288.05594,286.05594,286.35593,289.55594,289.65594,290.65594,290.65594,289.65594,289.75592,289.95593,289.75592,289.15594,290.75592,292.35593,292.85593,292.85593,292.65594,294.95593,291.65594,293.45593,291.45593,288.95593,287.95593,287.55594,287.75592,287.25592,286.25592,285.55594,284.25592,284.65594,285.55594
289.05594,290.45593,292.05594,290.65594,289.65594,289.95593,288.65594,287.15594,286.55594,286.25592,286.55594,288.05594,287.35593,289.35593,290.85593,292.65594,290.45593,289.75592,289.65594,292.75592,291.35593,289.45593,289.25592,289.95593,289.85593,289.85593,289.75592,289.65594,289.65594,288.95593,289.15594,287.05594,288.15594,288.85593,288.55594,288.15594,285.85593,284.75592,286.15594,285.85593,285.15594
