wind_kz.json
{"header": {"discipline":0,"disciplineName":"Meteorological products","gribEdition":2,"gribLength":871,"center":7,"centerName":"US National Weather Service - NCEP(WMC)","subcenter":0,"refTime":"2023-10-02T18:00:00.000Z","significanceOfRT":1,"significanceOfRTName":"Start of forecast","productStatus":0,"productStatusName":"Operational products","productType":1,"productTypeName":"Forecast products","productDefinitionTemplate":0,"productDefinitionTemplateName":"Analysis/forecast at horizontal level/layer at a point in time","parameterCategory":0,"parameterCategoryName":"UnknownDiscipline_0_Category_0","parameterNumber":0,"parameterNumberName":"UnknownParameter_D0_C0_0","parameterUnit":"Unknown","genProcessType":2,"genProcessTypeName":"Forecast","forecastTime":240,"surface1Type":1,"surface1TypeName":"Ground or water surface","surface1Value":0.0,"surface2Type":255,"surface2TypeName":"Missing","surface2Value":0.0,"gridDefinitionTemplate":0,"gridDefinitionTemplateName":"Latitude_Longitude","numberPoints":615,"shape":6,"shapeName":"Earth spherical with radius of 6,371,229.0 m","gridUnits":"degrees","resolution":48,"winds":"true","scanMode":64,"nx":41,"ny":15,"basicAngle":0,"lo1":47.0,"la1":41.0,"lo2":87.0,"la2":55.0,"dx":1.0,"dy":1.0}, "data":
[rows 0 to 14 of 15, columns 0 to 40 of 41]
283.07346,276.47345,279.77347,292.57346,292.37347,291.07346,288.17346,288.47345,287.57346,288.87347,286.97345,286.87347,284.77347,285.57346,285.37347,284.87347,286.37347,285.57346,286.17346,285.17346,286.97345,286.17346,286.57346,283.27347,287.27347,289.67346,285.97345,276.27347,273.37347,269.87347,265.57346,266.77347,281.37347,287.47345,288.67346,289.07346,288.77347,287.97345,287.97345,287.07346,285.97345
267.27347,278.07346,291.87347,292.07346,292.27347,290.67346,287.37347,283.57346,283.47345,284.07346,284.27347,282.77347,282.17346,281.37347,280.97345,280.77347,282.87347,282.77347,281.87347,282.67346,283.27347,285.67346,284.07346,281.67346,270.87347,271.67346,280.57346,275.67346,273.87347,269.67346,276.47345,268.37347,272.87347,248.97346,266.77347,285.07346,283.57346,286.57346,289.27347,282.47345,283.47345
281.07346,291.87347,291.87347,291.47345,289.87347,282.47345,282.37347,281.77347,280.77347,280.17346,279.77347,280.57346,279.97345,280.17346,280.67346,278.87347,278.87347,278.37347,279.07346,280.57346,282.07346,283.07346,284.97345,284.77347,286.47345,284.97345,287.17346,286.57346,283.67346,279.47345,269.87347,272.67346,277.07346,276.77347,278.37347,279.07346,272.67346,273.77347,273.77347,269.57346,270.97345
282.67346,290.77347,291.57346,290.97345,287.47345,279.67346,280.07346,278.77347,279.67346,278.97345,278.67346,278.77347,288.87347,288.27347,280.17346,279.67346,279.47345,277.47345,278.17346,278.37347,280.17346,278.57346,283.27347,286.17346,287.07346,288.77347,289.37347,287.17346,286.27347,288.27347,288.37347,285.97345,288.37347,287.27347,284.97345,283.37347,271.77347,265.07346,276.77347,283.87347,287.27347
283.67346,290.47345,290.67346,289.97345,285.77347,279.67346,280.47345,279.87347,279.87347,279.57346,279.07346,278.17346,287.67346,286.47345,285.17346,277.87347,278.57346,278.57346,277.57346,279.37347,280.27347,281.87347,280.57346,283.87347,284.17346,286.07346,287.47345,286.77347,290.07346,288.67346,291.37347,286.77347,276.67346,267.97345,278.57346,285.57346,287.87347,288.97345,289.77347,290.27347,289.47345
280.97345,278.87347,288.57346,289.07346,289.37347,288.77347,279.87347,281.37347,279.87347,279.57346,279.87347,279.87347,285.87347,287.27347,282.47345,276.77347,278.67346,277.37347,277.77347,278.97345,278.87347,279.97345,280.77347,282.37347,280.57346,281.07346,283.57346,285.07346,288.77347,289.67346,289.97345,290.67346,287.27347,285.77347,285.57346,287.07346,280.77347,281.77347,286.67346,287.67346,288.47345
278.77347,277.97345,280.87347,280.37347,281.87347,278.77347,279.77347,279.17346,279.87347,280.37347,278.37347,278.47345,277.97345,277.67346,277.37347,278.37347,277.27347,277.67346,276.67346,276.67346,276.67346,277.37347,278.87347,280.57346,280.37347,280.87347,281.57346,284.87347,286.27347,288.67346,289.37347,288.17346,287.87347,287.77347,287.07346,286.57346,280.97345,278.57346,275.17346,275.07346,285.57346
279.87347,278.37347,280.17346,280.97345,281.07346,280.87347,279.27347,276.77347,276.07346,277.17346,276.47345,276.77347,276.47345,277.27347,277.57346,277.67346,277.67346,277.47345,276.67346,274.57346,275.07346,275.67346,276.67346,276.57346,277.17346,276.57346,278.17346,279.87347,282.57346,287.87347,288.37347,288.57346,285.77347,283.67346,283.67346,283.67346,285.87347,284.27347,285.87347,285.77347,283.37347
279.77347,279.07346,280.27347,279.07346,280.07346,279.77347,278.17346,278.17346,275.57346,275.37347,275.07346,274.67346,274.77347,275.97345,275.77347,276.67346,276.17346,275.67346,275.27347,274.57346,273.27347,273.47345,275.57346,275.27347,273.67346,274.77347,276.47345,276.77347,277.37347,280.77347,284.47345,286.47345,286.47345,286.07346,285.97345,283.17346,282.87347,283.67346,273.27347,273.37347,271.57346
278.57346,278.97345,279.37347,279.67346,279.77347,279.37347,278.27347,277.57346,277.07346,276.17346,275.17346,274.37347,274.87347,274.87347,274.77347,275.27347,275.67346,275.07346,273.97345,274.17346,273.87347,276.17346,276.17346,275.77347,275.67346,274.27347,274.27347,275.57346,274.27347,275.17346,276.77347,281.37347,284.17346,284.27347,287.47345,284.47345,283.57346,278.17346,275.57346,276.27347,273.77347
277.57346,279.07346,277.87347,279.17346,278.47345,277.87347,277.67346,277.87347,276.77347,275.47345,274.87347,274.47345,275.17346,274.17346,273.97345,274.27347,274.37347,274.57346,273.87347,273.87347,274.27347,274.27347,274.77347,275.77347,276.57346,276.07346,271.87347,274.97345,277.17346,276.57346,276.27347,278.47345,282.07346,282.87347,283.97345,284.07346,280.97345,277.87347,277.17346,278.07346,275.77347
276.27347,277.37347,277.27347,276.67346,276.67346,277.17346,276.27347,277.47345,276.67346,275.77347,273.07346,273.37347,274.27347,273.37347,273.57346,273.77347,273.37347,273.17346,273.37347,273.37347,272.77347,272.77347,272.77347,273.47345,273.07346,274.27347,274.37347,275.17346,277.37347,279.17346,278.37347,277.27347,278.57346,280.47345,281.17346,281.87347,282.57346,282.97345,283.27347,283.67346,281.47345
276.47345,276.77347,277.97345,277.17346,277.67346,277.47345,276.37347,275.77347,275.47345,276.57346,273.07346,271.77347,274.37347,272.57346,273.17346,272.57346,273.07346,272.37347,272.87347,272.57346,272.47345,271.47345,271.07346,270.67346,272.67346,273.77347,275.27347,275.17346,276.47345,277.37347,278.87347,278.57346,278.17346,279.37347,280.27347,280.27347,281.37347,282.87347,282.57346,282.17346,284.77347
276.97345,277.67346,281.17346,277.77347,276.87347,276.47345,276.07346,274.97345,276.77347,276.57346,273.47345,271.87347,273.47345,274.87347,273.57346,274.17346,273.67346,272.47345,272.47345,272.47345,272.47345,272.47345,273.07346,273.27347,273.77347,273.87347,273.87347,274.67346,274.27347,275.67346,277.27347,277.77347,277.97345,277.47345,278.17346,278.87347,280.27347,280.77347,281.77347,281.67346,281.97345
277.47345,278.67346,283.57346,277.27347,276.97345,275.87347,276.37347,275.97345,276.37347,275.47345,275.07346,273.77347,273.47345,273.17346,274.47345,274.17346,273.67346,272.97345,272.47345,272.07346,272.07346,272.07346,272.27347,272.17346,272.47345,272.67346,272.77347,273.07346,273.47345,273.57346,274.37347,278.87347,275.57346,275.27347,276.37347,278.17346,279.57346,279.07346,280.27347,281.37347,282.27347
