wind_kz.json
{"header": {"discipline":0,"disciplineName":"Meteorological products","gribEdition":2,"gribLength":871,"center":7,"centerName":"US National Weather Service - NCEP(WMC)","subcenter":0,"refTime":"2023-10-04T18:00:00.000Z","significanceOfRT":1,"significanceOfRTName":"Start of forecast","productStatus":0,"productStatusName":"Operational products","productType":1,"productTypeName":"Forecast products","productDefinitionTemplate":0,"productDefinitionTemplateName":"Analysis/forecast at horizontal level/layer at a point in time","parameterCategory":0,"parameterCategoryName":"UnknownDiscipline_0_Category_0","parameterNumber":0,"parameterNumberName":"UnknownParameter_D0_C0_0","parameterUnit":"Unknown","genProcessType":2,"genProcessTypeName":"Forecast","forecastTime":120,"surface1Type":1,"surface1TypeName":"Ground or water surface","surface1Value":0.0,"surface2Type":255,"surface2TypeName":"Missing","surface2Value":0.0,"gridDefinitionTemplate":0,"gridDefinitionTemplateName":"Latitude_Longitude","numberPoints":615,"shape":6,"shapeName":"Earth spherical with radius of 6,371,229.0 m","gridUnits":"degrees","resolution":48,"winds":"true","scanMode":64,"nx":41,"ny":15,"basicAngle":0,"lo1":47.0,"la1":41.0,"lo2":87.0,"la2":55.0,"dx":1.0,"dy":1.0}, "data":
[rows 0 to 14 of 15, columns 0 to 40 of 41]
291.19507,282.19507,282.59506,293.49506,293.49506,292.19507,291.69507,294.79507,293.79507,295.49506,293.59506,294.29507,292.69507,291.79507,291.79507,288.99506,288.29507,288.79507,288.79507,289.79507,289.49506,287.69507,287.69507,285.09506,286.69507,287.89508,284.69507,272.49506,271.39508,268.89508,271.99506,268.29507,281.49506,290.29507,291.69507,292.89508,293.29507,291.49506,291.49506,290.89508,289.49506
271.39508,280.99506,293.19507,293.09506,293.39508,291.49506,291.19507,291.99506,293.69507,294.89508,294.59506,293.19507,292.69507,290.99506,289.49506,289.49506,287.39508,287.89508,286.49506,287.19507,288.79507,288.49506,285.49506,279.89508,269.79507,266.99506,278.89508,273.19507,273.39508,269.19507,275.19507,268.59506,274.09506,255.99507,271.19507,287.59506,287.49506,288.69507,291.29507,283.39508,283.59506
280.99506,292.49506,292.59506,292.29507,290.79507,288.69507,291.09506,291.39508,292.39508,292.39508,293.29507,292.59506,291.89508,290.79507,289.79507,287.59506,287.49506,286.39508,286.19507,286.49506,287.69507,287.49506,287.69507,283.39508,284.79507,284.69507,286.09506,283.79507,282.69507,277.69507,271.29507,274.59506,278.29507,279.89508,281.39508,279.59506,275.99506,277.49506,277.29507,272.99506,272.19507
283.09506,291.39508,292.19507,291.49506,289.99506,287.99506,290.49506,291.59506,292.49506,291.79507,291.89508,291.69507,289.69507,289.09506,289.19507,287.69507,288.19507,286.79507,286.59506,287.09506,286.59506,282.19507,288.19507,288.89508,288.49506,288.29507,286.79507,285.39508,283.79507,285.49506,284.19507,281.19507,286.49506,286.69507,286.59506,283.09506,276.39508,270.79507,276.79507,284.09506,286.99506
284.39508,290.89508,291.29507,290.59506,289.09506,288.49506,288.89508,291.79507,293.09506,292.99506,292.09506,289.49506,288.69507,287.39508,285.99506,288.69507,288.49506,288.49506,286.19507,288.39508,288.69507,289.19507,287.69507,287.99506,287.29507,287.39508,284.99506,285.59506,285.79507,287.99506,287.99506,282.59506,271.69507,267.59506,277.39508,286.69507,289.29507,290.69507,290.29507,290.99506,290.19507
283.19507,282.29507,289.09506,289.59506,289.89508,289.39508,287.89508,291.59506,292.79507,292.09506,290.39508,289.29507,288.19507,288.19507,287.59506,287.09506,288.09506,286.39508,287.19507,287.69507,287.39508,287.39508,287.29507,287.09506,286.19507,284.99506,283.99506,287.09506,289.59506,286.79507,285.59506,285.49506,282.99506,284.89508,284.79507,287.09506,279.59506,281.69507,287.39508,288.79507,288.09506
280.79507,281.49506,284.19507,283.99506,285.49506,285.69507,286.99506,288.19507,292.19507,291.49506,289.99506,288.09506,287.19507,286.59506,285.99506,286.89508,286.09506,286.29507,285.19507,285.09506,285.59506,286.69507,286.99506,286.99506,285.29507,284.19507,285.29507,286.39508,287.99506,284.29507,283.49506,282.29507,283.19507,286.99506,287.79507,285.69507,281.09506,277.99506,276.49506,274.29507,284.29507
280.49506,279.59506,282.59506,283.19507,283.39508,285.19507,285.59506,286.39508,290.09506,290.59506,288.99506,287.59506,285.79507,286.19507,285.79507,286.49506,285.69507,285.89508,284.89508,282.89508,282.89508,283.39508,284.29507,284.99506,283.79507,280.39508,280.59506,283.09506,282.49506,282.99506,281.69507,285.89508,285.09506,285.59506,282.49506,283.19507,284.59506,284.79507,285.19507,283.89508,281.89508
278.89508,279.89508,280.89508,280.89508,282.09506,282.39508,283.29507,283.99506,286.49506,290.59506,288.49506,286.49506,285.09506,285.39508,284.99506,285.59506,285.19507,284.49506,283.99506,282.69507,280.89508,281.29507,283.29507,284.09506,282.49506,282.59506,278.59506,279.59506,280.19507,278.59506,279.29507,281.99506,285.69507,283.89508,283.99506,282.49506,282.49506,281.69507,270.79507,271.79507,270.29507
278.39508,278.69507,279.39508,280.69507,281.39508,280.79507,281.69507,281.49506,283.39508,285.89508,288.49506,285.69507,286.09506,285.59506,285.29507,285.39508,285.19507,284.29507,283.59506,282.89508,281.59506,281.89508,283.39508,284.69507,284.39508,283.19507,282.79507,281.39508,281.59506,281.49506,283.19507,284.79507,286.19507,286.79507,284.59506,283.59506,283.79507,277.99506,273.09506,272.99506,271.19507
277.09506,277.49506,277.69507,279.49506,279.99506,280.09506,280.29507,280.69507,279.99506,282.19507,284.49506,288.29507,286.59506,285.49506,285.49506,285.89508,284.89508,285.19507,284.19507,282.49506,282.39508,282.39508,282.39508,283.49506,284.09506,283.59506,281.79507,283.89508,283.19507,285.09506,285.59506,285.69507,285.09506,285.29507,284.39508,282.69507,281.49506,275.79507,275.59506,276.49506,273.89508
275.29507,276.59506,278.29507,278.69507,278.79507,279.29507,279.09506,278.69507,279.59506,279.49506,280.39508,282.79507,287.49506,284.99506,285.49506,286.09506,286.29507,285.49506,285.09506,284.09506,282.89508,281.49506,282.39508,282.39508,282.69507,283.89508,283.59506,284.69507,285.19507,285.09506,284.49506,284.79507,284.89508,282.09506,283.19507,283.99506,284.19507,285.89508,283.09506,281.29507,279.29507
274.79507,274.19507,276.29507,277.49506,278.49506,278.69507,279.09506,279.19507,278.49506,279.19507,277.79507,279.19507,283.79507,284.49506,285.79507,286.19507,286.49506,286.49506,286.19507,285.09506,284.49506,283.29507,283.59506,282.79507,283.19507,286.89508,287.99506,284.59506,285.09506,285.09506,284.59506,284.59506,284.39508,283.89508,283.69507,283.79507,283.49506,284.19507,281.69507,280.39508,280.39508
275.09506,275.49506,280.49506,276.69507,276.69507,276.79507,276.79507,277.79507,279.19507,279.09506,276.79507,275.99506,278.89508,280.79507,284.19507,284.29507,287.49506,286.29507,286.29507,286.49506,285.69507,285.59506,286.49506,284.79507,284.69507,285.39508,286.19507,287.89508,287.59506,285.19507,283.99506,283.89508,283.39508,282.79507,282.59506,281.79507,285.29507,283.79507,280.59506,280.39508,280.49506
274.89508,275.39508,283.99506,276.69507,274.59506,275.39508,276.39508,276.29507,278.09506,278.29507,278.29507,277.99506,275.49506,279.69507,282.09506,283.69507,285.09506,286.19507,287.09506,286.59506,286.49506,285.89508,286.29507,285.59506,285.39508,285.69507,285.19507,286.39508,286.99506,287.19507,286.19507,284.89508,282.99506,282.29507,281.99506,281.59506,281.49506,281.79507,281.89508,281.39508,281.09506
