wind_kz.json
{"header": {"discipline":0,"disciplineName":"Meteorological products","gribEdition":2,"gribLength":1025,"center":7,"centerName":"US National Weather Service - NCEP(WMC)","subcenter":0,"refTime":"2023-08-24T06:00:00.000Z","significanceOfRT":1,"significanceOfRTName":"Start of forecast","productStatus":0,"productStatusName":"Operational products","productType":1,"productTypeName":"Forecast products","productDefinitionTemplate":0,"productDefinitionTemplateName":"Analysis/forecast at horizontal level/layer at a point in time","parameterCategory":2,"parameterCategoryName":"UnknownDiscipline_0_Category_2","parameterNumber":2,"parameterNumberName":"UnknownParameter_D0_C2_2","parameterUnit":"Unknown","genProcessType":2,"genProcessTypeName":"Forecast","forecastTime":120,"surface1Type":103,"surface1TypeName":"Specified height level above ground","surface1Value":10.0,"surface2Type":255,"surface2TypeName":"Missing","surface2Value":0.0,"gridDefinitionTemplate":0,"gridDefinitionTemplateName":"Latitude_Longitude","numberPoints":615,"shape":6,"shapeName":"Earth spherical with radius of 6,371,229.0 m","gridUnits":"degrees","resolution":48,"winds":"true","scanMode":64,"nx":41,"ny":15,"basicAngle":0,"lo1":47.0,"la1":41.0,"lo2":87.0,"la2":55.0,"dx":1.0,"dy":1.0}, "data":
[rows 0 to 14 of 15, columns 0 to 40 of 41]
1.1209527,0.040952757,-0.57904726,1.3409528,1.3909527,-0.53904724,-2.0390472,-1.5190473,-4.1490474,-3.1090472,-2.2390473,-2.8890471,-2.0890472,-1.6890472,-0.71904725,-0.10904724,0.15095276,0.5109528,0.42095277,1.0409528,-4.7290473,-2.7090473,-1.7090472,-1.2290473,-2.4690473,-0.36904725,2.4409528,-1.1790472,-1.7390473,-0.25904724,-1.1390473,0.5709528,0.8209528,-0.5590472,-4.509047,-3.0290473,-3.6890473,-3.9790473,-5.719047,-0.9990472,-1.4590472
-1.4890473,-1.0490472,-1.0090473,-0.65904725,-1.6590472,-0.65904725,-0.54904723,2.6209528,1.3909527,1.6309527,1.4309528,1.6009527,0.98095274,0.79095274,1.2009528,1.5209527,0.8209528,0.26095277,-1.0790472,-1.6890472,-1.3290472,-0.009047241,1.4809527,2.0709527,-0.049047243,0.48095277,0.91095275,-0.85904723,1.3209528,0.78095275,0.21095276,-0.17904724,0.34095275,1.1109527,0.74095273,0.95095277,-1.5690472,-8.089047,-5.2490473,-0.07904724,-0.71904725
0.34095275,1.1309527,1.2709527,0.98095274,-0.41904724,0.7609528,2.3109527,3.0009527,4.8109527,5.6209526,4.7009525,5.4609528,4.8909526,4.220953,2.6409528,2.8309526,2.9909527,2.5609527,1.6609528,0.5609528,-1.8190472,-1.5590472,0.25095275,1.8309528,-2.2990472,-4.829047,-3.6290472,-3.0490472,2.8909528,0.11095276,-1.3290472,2.0409527,-2.5690472,-1.1290473,-0.69904727,1.6809528,-1.3090472,-0.76904726,-5.4190474,-0.05904724,-1.6590472
-3.0590472,-2.4690473,0.80095273,2.2509527,3.1609528,3.8909528,2.5309527,2.8709528,4.9809527,6.400953,6.220953,8.100953,7.4109526,4.260953,5.5009527,4.3509526,4.7309527,3.1109529,2.3809528,2.1009529,0.74095273,2.9509528,-0.34904724,0.59095275,-1.4390472,-2.4490473,-3.0590472,-3.2690473,-7.199047,-8.549047,-5.3190475,-7.9990473,-6.7090473,-4.2690473,-1.7290473,1.5109527,1.1909528,-0.15904725,-1.6390473,0.84095275,2.2909527
-5.2990475,-5.5490475,-4.889047,-5.279047,-4.9190474,-3.8990471,-2.6890473,-1.1690472,0.38095275,1.8809527,4.7009525,5.9309525,3.1709528,7.5809526,6.5809526,8.960953,6.8109527,5.6609526,4.4609528,3.8209527,4.050953,2.6609528,0.27095276,0.03095276,-0.9990472,-2.0590472,-1.4590472,-4.349047,-4.1290474,-4.279047,-4.529047,-2.6890473,0.71095276,-0.91904724,-1.9090472,0.52095276,5.3909526,1.2409527,2.4709527,2.7709527,2.8609529
-3.9490473,-3.1190472,-4.219047,-4.349047,-4.869047,-3.3390472,-1.5590472,-0.8190472,0.41095275,0.8809528,1.1909528,2.6609528,5.5809526,7.2909527,8.580953,10.150952,10.410953,8.390953,7.030953,6.010953,5.0209527,3.9409528,2.8209527,1.7409527,2.4509528,1.5309528,-0.6890472,-1.4390472,-2.3590472,-1.5990472,-2.6690474,-4.3790474,-4.369047,-2.7590473,-3.7990472,2.0309527,-0.85904723,3.2109528,0.22095276,-1.8090472,-7.679047
-3.7190473,-3.3290472,-2.8990471,-1.8490472,-1.0790472,0.080952756,0.83095276,1.3309528,0.9409528,0.77095276,1.9209528,2.8509529,2.6209528,6.8709526,5.670953,6.670953,7.630953,9.630953,8.720953,6.7309527,6.340953,5.3709526,4.3109527,3.2509527,2.3109527,2.3509529,1.0009527,-0.05904724,-0.21904725,-1.2090472,-0.36904725,-0.11904724,0.41095275,-1.9590472,-1.5890472,0.53095275,-0.70904726,-2.4390473,1.1809528,-2.2490473,4.760953
-2.6790473,-1.4590472,-0.44904724,0.65095276,1.5609528,2.1809528,2.3509529,2.9909527,4.260953,3.7609527,3.8109527,3.4709527,4.400953,5.7109528,4.1209526,1.0709528,7.4109526,4.610953,7.990953,5.8509526,5.9309525,6.1409526,5.2509527,4.090953,4.740953,4.4109526,3.2409527,2.1209528,1.4809527,2.0709527,2.8709528,2.3609529,3.1509528,1.7209527,3.1709528,1.7409527,-1.7690473,-0.53904724,5.050953,4.240953,3.5509527
-0.35904723,0.77095276,1.6609528,2.1009529,2.5909529,2.9409528,2.9309528,4.490953,5.6009526,5.380953,5.530953,5.6609526,6.530953,4.720953,3.9709527,3.4409528,3.3309526,5.630953,4.8309526,1.4109528,4.5609527,4.2709527,4.590953,5.530953,5.5409527,5.590953,4.7909527,4.7909527,4.010953,2.8709528,3.7909527,3.5909529,3.1509528,3.4209528,2.5509527,1.2509527,0.39095277,2.2009528,0.18095276,0.5609528,0.03095276
1.2809528,1.2309527,1.7609527,2.6309528,3.4009528,4.190953,5.1609526,5.530953,4.4509525,5.760953,5.400953,6.280953,5.1609526,4.6809525,3.0309527,2.5809526,3.5209527,4.110953,4.5209527,4.320953,4.780953,5.880953,1.6509528,5.070953,7.4609528,6.8709526,6.840953,6.360953,5.8309526,5.220953,4.400953,3.9309528,2.7309527,2.2409527,1.9009528,0.40095276,-0.63904727,-1.4390472,1.9409528,0.5109528,1.9109528
0.33095276,1.0109527,2.0709527,3.0309527,3.5509527,3.6509528,4.380953,3.6109529,4.1609526,4.340953,5.940953,6.530953,5.510953,5.5609527,3.7609527,2.6409528,2.4509528,3.9809527,0.24095276,-2.1390471,2.0909529,4.3309526,2.7009528,1.8809527,5.550953,7.7009525,7.2909527,7.170953,6.610953,4.3709526,3.5609527,2.2309527,1.3009528,2.3309526,2.4209528,0.64095277,0.91095275,1.1109527,-1.7290473,-1.1990472,0.85095274
1.2509527,0.66095275,2.3609529,3.1509528,3.8209527,4.3909526,3.5509527,5.5609527,5.4109526,3.7509527,4.720953,5.2009525,4.860953,4.130953,4.220953,3.6509528,2.9409528,2.9309528,2.0309527,1.5709528,1.1309527,-0.9890472,1.1009527,1.3609527,3.7109528,4.800953,9.100953,4.720953,4.7709527,5.1209526,3.7209527,2.9109528,2.3309526,2.6109529,2.5309527,4.1209526,5.470953,4.990953,-0.50904727,-1.7790473,-0.27904725
1.1109527,1.1409527,2.5109527,1.8609527,2.5509527,2.5909529,3.3809528,4.300953,5.8909526,4.130953,2.7009528,3.9609528,4.4809527,4.800953,3.3009527,4.050953,4.030953,3.5609527,3.4709527,2.4209528,1.7809528,1.3209528,1.2309527,3.3209527,2.6709528,5.7709527,3.9009528,4.590953,3.4409528,4.010953,3.4309528,1.8709527,0.98095274,3.3409529,4.7109528,4.490953,4.510953,3.3409529,0.15095276,-1.6090473,1.3409528
1.7309527,1.8309528,2.8809528,2.2209527,2.4109528,2.5309527,2.3809528,2.0209527,1.4909527,2.8709528,1.8009528,2.5309527,5.0209527,4.4309525,3.8509529,3.7109528,3.8909528,3.5409527,3.3609529,4.2309527,4.650953,3.1609528,4.1009526,4.470953,2.7909527,-0.46904725,-1.0990472,0.36095276,2.5209527,2.0509527,2.3109527,1.5709528,1.2209527,3.1209528,3.3709528,3.3509529,2.2909527,2.3509529,2.6109529,1.5609528,-0.32904723
1.1409527,1.6709528,2.2709527,1.0909528,1.0709528,1.7809528,2.4709527,1.7109528,1.6709528,1.9909527,1.7209527,2.9109528,1.9309528,2.4809527,3.7109528,3.7809527,3.7609527,2.1809528,3.4909527,4.4809527,3.1409528,3.6209528,2.5309527,2.5709527,0.59095275,-1.0690472,-1.2590473,0.84095275,2.2309527,-0.25904724,-0.8090472,0.5609528,2.1209528,2.9409528,3.0509527,2.7309527,1.7409527,3.0209527,3.7909527,1.4509528,-1.2090472
