wind.json
{"header": {"discipline":0,"disciplineName":"Meteorological products","gribEdition":2,"gribLength":1039,"center":7,"centerName":"US National Weather Service - NCEP(WMC)","subcenter":0,"refTime":"2023-07-01T18:00:00.000Z","significanceOfRT":1,"significanceOfRTName":"Start of forecast","productStatus":0,"productStatusName":"Operational products","productType":1,"productTypeName":"Forecast products","productDefinitionTemplate":0,"productDefinitionTemplateName":"Analysis/forecast at horizontal level/layer at a point in time","parameterCategory":0,"parameterCategoryName":"UnknownDiscipline_0_Category_0","parameterNumber":0,"parameterNumberName":"UnknownParameter_D0_C0_0","parameterUnit":"Unknown","genProcessType":2,"genProcessTypeName":"Forecast","forecastTime":180,"surface1Type":1,"surface1TypeName":"Ground or water surface","surface1Value":0.0,"surface2Type":255,"surface2TypeName":"Missing","surface2Value":0.0,"gridDefinitionTemplate":0,"gridDefinitionTemplateName":"Latitude_Longitude","numberPoints":688,"shape":6,"shapeName":"Earth spherical with radius of 6,371,229.0 m","gridUnits":"degrees","resolution":48,"winds":"true","scanMode":64,"nx":43,"ny":16,"basicAngle":0,"lo1":45.0,"la1":40.0,"lo2":87.0,"la2":55.0,"dx":1.0,"dy":1.0}, "data":
[rows 0 to 15 of 16, columns 0 to 42 of 43]
297.9462,293.7462,312.64618,320.4462,323.64618,298.7462,297.8462,295.8462,324.2462,324.14618,323.4462,323.0462,324.9462,324.4462,325.8462,325.14618,326.8462,326.8462,327.3462,327.0462,325.2462,328.14618,322.14618,320.14618,317.8462,318.5462,313.3462,300.9462,299.7462,302.14618,303.7462,316.7462,322.7462,324.8462,326.2462,304.3462,321.3462,324.64618,323.9462,327.9462,322.2462,326.3462,328.0462
297.9462,312.14618,318.5462,302.64618,310.64618,297.4462,297.14618,295.4462,315.3462,325.9462,323.9462,324.14618,323.2462,324.9462,325.3462,325.2462,325.3462,327.9462,327.0462,325.7462,328.9462,326.2462,330.2462,322.0462,324.0462,317.2462,319.8462,322.9462,312.5462,289.2462,297.9462,300.8462,299.3462,299.4462,307.14618,310.9462,311.14618,323.2462,324.9462,333.14618,333.3462,335.2462,334.14618
302.9462,295.64618,291.4462,309.4462,297.4462,297.2462,296.64618,294.14618,327.7462,325.9462,324.0462,323.64618,324.3462,325.14618,324.7462,323.0462,327.2462,328.3462,329.64618,330.5462,329.3462,332.14618,330.64618,323.64618,321.64618,308.2462,294.8462,291.64618,303.14618,300.7462,297.4462,292.3462,296.7462,289.4462,303.64618,273.2462,280.9462,295.8462,314.5462,314.7462,327.4462,317.0462,284.7462
298.8462,301.7462,310.5462,297.5462,297.3462,297.0462,296.14618,313.8462,323.2462,322.5462,322.7462,319.5462,321.9462,324.4462,321.3462,323.8462,324.0462,329.0462,328.4462,330.14618,328.14618,328.64618,330.7462,324.64618,323.64618,318.3462,321.5462,320.4462,320.14618,321.14618,315.7462,298.8462,295.2462,292.14618,302.9462,302.4462,300.64618,296.2462,286.4462,281.9462,284.4462,284.7462,290.0462
308.3462,316.0462,314.0462,297.8462,297.8462,297.4462,302.0462,319.3462,325.7462,323.8462,319.9462,321.8462,320.14618,318.4462,295.4462,295.14618,324.0462,328.64618,325.14618,329.5462,327.2462,324.2462,320.7462,320.5462,324.5462,325.4462,319.4462,326.14618,324.7462,322.9462,327.7462,323.0462,330.7462,320.2462,323.3462,322.7462,324.14618,312.64618,293.7462,279.64618,285.9462,294.7462,294.9462
303.8462,302.4462,301.2462,298.64618,298.2462,299.0462,308.64618,321.2462,322.9462,323.64618,321.0462,318.4462,320.2462,317.3462,295.9462,295.3462,292.9462,325.2462,326.14618,321.3462,318.8462,321.0462,323.4462,325.2462,327.2462,325.5462,327.2462,328.14618,327.0462,316.14618,326.0462,326.8462,325.3462,321.7462,302.4462,293.8462,303.7462,315.0462,300.64618,316.2462,315.7462,311.7462,304.64618
312.8462,314.8462,311.5462,317.8462,299.4462,298.7462,298.7462,298.3462,325.4462,319.14618,319.64618,318.5462,319.64618,318.3462,298.0462,294.64618,309.0462,319.0462,322.7462,323.8462,324.2462,322.2462,322.14618,320.4462,322.9462,325.2462,327.0462,326.3462,329.2462,291.8462,324.2462,328.7462,327.0462,324.64618,323.8462,321.8462,315.0462,311.5462,298.5462,309.4462,318.64618,314.2462,310.14618
315.0462,314.4462,314.14618,312.3462,318.4462,318.8462,314.64618,322.5462,323.5462,318.3462,317.2462,316.3462,317.14618,318.64618,320.3462,322.7462,323.5462,323.14618,323.0462,324.7462,323.8462,321.3462,319.2462,317.9462,319.4462,319.5462,317.9462,316.4462,321.14618,324.8462,329.7462,329.4462,327.8462,327.5462,326.64618,325.9462,321.0462,315.14618,301.8462,293.8462,301.14618,303.8462,309.3462
311.3462,310.7462,316.4462,317.64618,316.4462,317.3462,317.8462,319.14618,318.9462,318.14618,317.2462,316.9462,317.2462,317.64618,320.2462,319.2462,322.4462,324.5462,327.7462,322.7462,319.5462,318.7462,316.14618,314.9462,315.14618,314.8462,313.4462,308.8462,306.9462,311.7462,313.2462,315.4462,315.2462,320.0462,318.0462,303.8462,314.64618,321.3462,321.3462,289.0462,317.3462,315.2462,312.2462
293.0462,313.14618,312.9462,313.14618,314.14618,315.7462,316.7462,319.14618,319.0462,317.64618,317.5462,315.5462,315.2462,315.8462,315.8462,318.3462,317.2462,319.64618,320.14618,321.7462,315.9462,315.9462,313.14618,313.7462,313.4462,312.8462,309.9462,309.9462,308.8462,308.0462,307.5462,306.14618,309.4462,309.0462,311.5462,312.64618,314.7462,310.4462,309.5462,310.7462,296.7462,291.14618,297.64618
312.14618,312.7462,316.2462,317.0462,316.5462,314.8462,315.5462,317.64618,316.0462,320.4462,316.7462,314.8462,312.8462,311.64618,312.7462,313.5462,313.3462,313.5462,317.0462,306.8462,310.8462,314.64618,310.64618,311.7462,308.5462,310.8462,308.14618,308.0462,306.3462,305.9462,305.8462,307.0462,309.2462,297.3462,305.64618,295.0462,299.0462,308.5462,298.4462,296.4462,296.0462,295.7462,294.3462
306.0462,300.0462,309.9462,310.5462,311.7462,310.2462,311.64618,318.0462,312.9462,312.7462,313.0462,313.9462,309.3462,308.0462,311.5462,309.2462,311.8462,301.0462,308.8462,310.9462,298.9462,300.3462,310.2462,306.0462,306.2462,305.4462,303.5462,300.3462,297.4462,302.5462,304.7462,306.9462,307.5462,310.2462,310.2462,307.14618,300.5462,304.64618,294.5462,290.8462,293.7462,291.9462,293.2462
300.9462,303.7462,305.4462,307.14618,309.5462,309.2462,307.64618,308.0462,307.2462,306.2462,306.8462,309.14618,305.2462,302.7462,306.4462,305.2462,293.64618,292.2462,292.8462,293.14618,293.64618,292.7462,294.0462,297.64618,298.5462,297.7462,301.4462,304.2462,304.8462,306.7462,305.3462,306.3462,304.0462,306.5462,304.2462,303.5462,301.4462,304.64618,305.2462,301.0462,297.5462,295.3462,294.7462
295.8462,297.0462,299.4462,301.8462,305.0462,304.0462,303.64618,302.7462,301.9462,300.3462,301.7462,298.5462,295.64618,295.14618,291.5462,289.7462,292.0462,293.4462,291.7462,292.14618,290.9462,290.4462,294.7462,298.3462,297.7462,298.8462,301.9462,302.8462,305.7462,303.64618,302.8462,301.5462,302.64618,303.2462,301.8462,301.5462,300.64618,299.0462,300.64618,301.0462,297.5462,299.4462,290.64618
296.14618,296.8462,296.8462,297.9462,294.7462,298.0462,299.4462,300.64618,299.8462,298.2462,298.5462,298.5462,295.7462,291.7462,294.14618,295.7462,291.2462,299.3462,297.2462,294.4462,291.7462,300.4462,298.4462,297.14618,297.9462,298.14618,298.2462,299.14618,299.14618,298.7462,299.4462,300.5462,300.8462,300.64618,301.14618,295.8462,296.5462,299.8462,299.3462,296.5462,299.5462,296.3462,293.9462
296.2462,296.5462,296.64618,297.3462,291.7462,297.14618,297.3462,296.2462,297.14618,295.8462,297.7462,294.2462,292.14618,289.7462,287.9462,290.9462,292.64618,297.0462,297.8462,300.9462,299.5462,296.64618,296.8462,296.4462,295.7462,296.14618,295.64618,294.9462,295.8462,294.14618,293.0462,296.2462,296.5462,290.0462,297.64618,293.7462,298.4462,301.0462,298.8462,296.64618,297.64618,290.2462,289.7462
