wind_kz.json
{"header": {"discipline":0,"disciplineName":"Meteorological products","gribEdition":2,"gribLength":1025,"center":7,"centerName":"US National Weather Service - NCEP(WMC)","subcenter":0,"refTime":"2023-08-19T00:00:00.000Z","significanceOfRT":1,"significanceOfRTName":"Start of forecast","productStatus":0,"productStatusName":"Operational products","productType":1,"productTypeName":"Forecast products","productDefinitionTemplate":0,"productDefinitionTemplateName":"Analysis/forecast at horizontal level/layer at a point in time","parameterCategory":2,"parameterCategoryName":"UnknownDiscipline_0_Category_2","parameterNumber":2,"parameterNumberName":"UnknownParameter_D0_C2_2","parameterUnit":"Unknown","genProcessType":2,"genProcessTypeName":"Forecast","forecastTime":300,"surface1Type":103,"surface1TypeName":"Specified height level above ground","surface1Value":10.0,"surface2Type":255,"surface2TypeName":"Missing","surface2Value":0.0,"gridDefinitionTemplate":0,"gridDefinitionTemplateName":"Latitude_Longitude","numberPoints":615,"shape":6,"shapeName":"Earth spherical with radius of 6,371,229.0 m","gridUnits":"degrees","resolution":48,"winds":"true","scanMode":64,"nx":41,"ny":15,"basicAngle":0,"lo1":47.0,"la1":41.0,"lo2":87.0,"la2":55.0,"dx":1.0,"dy":1.0}, "data":
[rows 0 to 14 of 15, columns 0 to 40 of 41]
-5.250332,2.359668,-1.0603321,1.479668,1.1896679,3.139668,5.1296678,6.489668,3.599668,1.519668,0.30966797,-1.640332,-1.520332,0.11966797,1.3296679,1.229668,1.369668,1.739668,1.249668,2.879668,2.659668,-0.25033203,3.069668,4.109668,2.489668,2.629668,4.279668,4.929668,0.23966797,-2.510332,-0.050332032,1.009668,-0.12033203,-1.0503321,-1.650332,-1.2803321,-1.250332,-3.420332,-0.45033205,1.1996679,-0.40033203
2.0096679,-2.160332,0.769668,0.579668,1.5696679,6.189668,-0.24033204,-0.30033204,-0.600332,-1.630332,-2.100332,-0.660332,2.239668,0.26966798,1.8196679,2.599668,2.329668,2.849668,3.649668,3.599668,3.469668,2.399668,2.169668,2.719668,1.8396679,-0.58033204,0.67966795,3.119668,1.429668,-0.35033202,-0.50033206,1.409668,2.329668,-1.250332,0.08966797,0.20966797,0.90966797,0.47966796,2.2596679,1.039668,-0.36033204
-3.110332,-1.9303321,1.039668,0.879668,3.149668,1.659668,-1.200332,0.45966798,-2.020332,-0.860332,-0.870332,-0.21033204,2.549668,2.589668,1.659668,3.129668,2.329668,3.249668,2.369668,4.109668,3.429668,3.639668,4.179668,3.979668,0.30966797,-1.250332,-3.440332,0.649668,-1.340332,-1.350332,0.10966797,-0.46033204,4.089668,-0.14033203,-3.020332,-1.5503321,0.61966795,0.10966797,2.709668,4.639668,-0.39033204
-2.080332,0.43966797,0.67966795,0.93966794,1.379668,1.479668,1.099668,2.659668,2.609668,2.439668,1.499668,1.4696679,-3.020332,-0.35033202,3.189668,3.389668,1.8196679,2.879668,-0.920332,-1.2903321,0.93966794,2.949668,-2.380332,0.029667968,-2.110332,-1.230332,-4.160332,-5.940332,-4.860332,-1.190332,0.29966795,2.679668,6.819668,4.749668,4.039668,3.309668,0.23966797,-0.58033204,-2.280332,-4.680332,-4.770332
2.879668,1.749668,3.5196679,2.699668,3.2796679,3.389668,4.569668,5.539668,4.659668,5.789668,6.119668,3.969668,1.799668,1.359668,2.309668,7.049668,3.129668,2.7596679,-0.22033203,-1.880332,-3.040332,-3.050332,-2.870332,-1.440332,-1.650332,-5.6003323,-5.930332,1.849668,-4.030332,-4.180332,-3.060332,-1.620332,0.07966797,1.1996679,-2.380332,-2.2303321,2.549668,-3.130332,-3.350332,-3.370332,-2.180332
4.499668,5.249668,4.789668,5.6296678,5.719668,6.919668,7.119668,7.349668,7.439668,7.1496677,7.019668,7.579668,3.189668,3.379668,3.699668,7.289668,4.679668,3.379668,2.499668,0.36966798,-0.33033204,-0.670332,-1.330332,-1.480332,-2.640332,-5.020332,-5.260332,-5.250332,-5.550332,-5.050332,-4.700332,-3.630332,-0.95033205,-1.3003321,-1.220332,2.309668,-0.65033203,3.489668,-0.010332031,-1.590332,-2.900332
5.6296678,7.089668,6.279668,6.3996677,6.6496677,7.1296678,7.869668,7.939668,8.109668,8.279668,8.419668,7.299668,9.069668,7.889668,5.439668,5.809668,5.599668,4.109668,4.779668,5.159668,0.08966797,-0.15033203,0.16966797,-1.110332,-1.9103321,-2.9803321,-4.630332,-2.9803321,-1.120332,-4.480332,-4.970332,-5.030332,-4.700332,-2.800332,1.3396679,1.749668,0.779668,-0.35033202,1.7096679,-0.50033206,0.86966795
5.799668,6.829668,7.609668,7.859668,8.039668,8.099668,7.989668,8.289668,9.179668,9.019668,9.239668,9.1396675,9.229668,9.009668,9.839668,5.299668,4.819668,3.619668,4.3996677,5.819668,4.859668,1.099668,-0.24033204,1.0796679,0.33966798,-0.52033204,-1.000332,-0.52033204,-2.2403321,-2.100332,-4.730332,-6.200332,-5.530332,-4.700332,-3.700332,-0.47033203,-1.600332,5.179668,4.959668,6.339668,4.979668
6.009668,7.099668,7.349668,8.1396675,7.539668,7.419668,8.749668,9.609668,10.279668,10.549668,10.659668,9.989668,9.989668,7.959668,10.809668,8.119668,4.529668,5.139668,4.449668,5.519668,6.009668,3.589668,2.469668,0.899668,0.35966796,-1.080332,0.86966795,1.679668,1.989668,-0.740332,-5.300332,-4.050332,-3.930332,-3.050332,-2.260332,-0.84033203,0.069667965,1.139668,0.37966797,-0.16033202,1.779668
5.579668,6.499668,5.949668,7.1496677,7.299668,10.179668,10.479668,10.499668,9.979668,10.819668,11.059668,11.659668,10.1396675,8.729668,9.909668,9.329668,3.699668,4.039668,3.409668,3.699668,4.839668,5.069668,0.44966796,3.099668,0.589668,0.32966796,0.25966796,-2.4803321,-4.150332,-6.190332,-5.300332,-2.750332,-2.300332,-3.660332,-2.4703321,0.21966797,1.359668,1.9596679,-0.37033203,0.11966797,0.949668
4.589668,6.159668,5.439668,6.459668,8.259668,9.529668,10.329668,9.999668,9.009668,8.169668,8.479668,10.749668,9.739668,10.119668,8.699668,8.049668,2.739668,1.809668,0.019667968,-0.850332,-2.440332,-2.310332,-1.630332,-1.130332,-1.5603321,-3.440332,-5.750332,-6.570332,-6.820332,-6.030332,-4.550332,-3.630332,-2.530332,-2.680332,-2.9803321,-1.9103321,-0.660332,1.139668,0.509668,-0.13033204,-0.42033204
6.039668,3.619668,4.349668,6.239668,7.219668,7.929668,8.6396675,8.569668,6.549668,5.479668,5.059668,5.959668,9.659668,9.339668,6.579668,8.309668,-0.69033206,-1.000332,-1.990332,-2.4803321,-3.860332,-3.310332,-3.590332,-3.560332,-4.680332,-6.060332,-6.320332,-6.460332,-6.710332,-5.980332,-4.580332,-4.450332,-3.260332,-3.520332,-2.370332,-3.290332,-1.6703321,0.639668,-1.600332,-0.45033205,0.10966797
3.289668,4.309668,2.839668,3.899668,5.279668,5.479668,8.569668,8.469668,9.399668,1.999668,1.559668,2.249668,6.8996677,6.219668,6.6496677,0.969668,-3.800332,-1.6603321,-2.640332,-3.370332,-4.070332,-3.550332,-3.360332,-4.430332,-5.380332,-5.860332,-6.500332,-5.690332,-5.720332,-5.250332,-4.430332,-4.410332,-3.590332,-3.830332,-3.460332,-2.760332,-1.600332,-0.48033202,0.43966797,0.41966796,-0.970332
3.609668,3.399668,0.26966798,0.969668,3.289668,3.2796679,3.069668,1.239668,0.639668,-0.83033204,-0.51033205,1.249668,6.169668,4.299668,-4.860332,-8.640332,-7.280332,-5.610332,-3.900332,-5.530332,-5.560332,-5.090332,-5.360332,-4.6003323,-5.020332,-4.800332,-4.970332,-4.940332,-4.720332,-4.720332,-4.010332,-3.580332,-3.600332,-3.010332,-2.350332,-3.010332,-0.83033204,-0.930332,-1.5303321,-1.130332,-0.16033202
2.699668,3.369668,1.9496679,-2.660332,0.40966797,0.25966796,0.519668,0.44966796,0.29966795,1.679668,1.659668,-1.870332,-3.4703321,-4.8703322,-7.950332,-6.440332,-7.510332,-5.650332,-6.130332,-6.770332,-5.610332,-4.860332,-3.030332,-3.190332,-3.9803321,-3.180332,-3.180332,-4.080332,-3.350332,-3.4703321,-1.770332,-2.2203321,-3.610332,-0.81033206,-2.050332,-1.6603321,-1.600332,-0.83033204,-1.120332,-2.610332,-0.36033204
