wind_kz.json
{"header": {"discipline":0,"disciplineName":"Meteorological products","gribEdition":2,"gribLength":1102,"center":7,"centerName":"US National Weather Service - NCEP(WMC)","subcenter":0,"refTime":"2023-08-25T06:00:00.000Z","significanceOfRT":1,"significanceOfRTName":"Start of forecast","productStatus":0,"productStatusName":"Operational products","productType":1,"productTypeName":"Forecast products","productDefinitionTemplate":0,"productDefinitionTemplateName":"Analysis/forecast at horizontal level/layer at a point in time","parameterCategory":2,"parameterCategoryName":"UnknownDiscipline_0_Category_2","parameterNumber":3,"parameterNumberName":"UnknownParameter_D0_C2_3","parameterUnit":"Unknown","genProcessType":2,"genProcessTypeName":"Forecast","forecastTime":300,"surface1Type":103,"surface1TypeName":"Specified height level above ground","surface1Value":10.0,"surface2Type":255,"surface2TypeName":"Missing","surface2Value":0.0,"gridDefinitionTemplate":0,"gridDefinitionTemplateName":"Latitude_Longitude","numberPoints":615,"shape":6,"shapeName":"Earth spherical with radius of 6,371,229.0 m","gridUnits":"degrees","resolution":48,"winds":"true","scanMode":64,"nx":41,"ny":15,"basicAngle":0,"lo1":47.0,"la1":41.0,"lo2":87.0,"la2":55.0,"dx":1.0,"dy":1.0}, "data":
[rows 0 to 14 of 15, columns 0 to 40 of 41]
3.9418628,-2.0481372,-2.888137,-13.4581375,-14.638137,-11.298138,-1.6081372,-0.4381372,2.1518629,1.1918628,3.5118628,3.3318627,3.3818629,1.3118628,0.5718628,-1.6581372,-3.7681372,-3.628137,-3.7981372,-2.3481371,-3.4781373,-3.9681373,-2.8281372,-0.93813723,-1.9681373,0.9818628,-0.8381372,1.6418628,0.8618628,0.75186276,-0.26813722,-1.8981372,1.1318628,1.2318628,-1.8481373,-0.2581372,-0.2481372,-1.8181372,-3.3281372,-4.318137,-2.2781372
1.1918628,-1.4381372,-8.578137,-11.448137,-14.578137,-13.048138,-6.978137,-3.7881372,-2.9281373,0.6818628,2.8218627,3.3918629,3.5818627,2.2118628,-0.068137206,-0.2781372,-0.99813724,-2.3181372,-4.228137,-3.9881372,-3.5481372,-4.128137,-0.6081372,0.2818628,1.1018628,-0.6181372,-2.4681373,1.1918628,-1.1181372,0.4418628,2.2918627,3.8318627,0.3018628,-1.1381372,-3.8681371,-0.4481372,-0.20813721,-2.1181371,-1.2981372,-1.3781372,1.6818628
0.5918628,-4.318137,-8.678137,-11.668138,-11.768137,-10.7081375,-12.838138,-9.998137,-2.1981373,1.9118629,0.8818628,0.8318628,-1.5381372,-0.11813721,-1.4381372,-1.6881372,-3.2881372,-2.878137,-3.3681371,-3.9981372,-4.008137,-5.0781374,-1.7981372,-0.6181372,0.81186277,1.4218628,0.2918628,1.4518628,0.021862794,2.2818627,1.8118628,1.3118628,1.9318628,-1.2781372,-0.6981372,3.6318629,3.101863,0.19186279,0.3018628,-0.4481372,-0.7581372
-0.2881372,-6.068137,-8.378138,-10.878138,-10.558137,-10.518137,-10.608137,-10.688137,-10.9581375,-2.888137,-2.3381371,-2.1181371,-1.2681372,0.08186279,0.4618628,-0.6581372,-1.3981372,-1.4681373,-3.0781372,-4.9481373,-2.9681373,-1.5281372,-0.1281372,-3.638137,-1.6381372,-2.4581373,-1.3081372,-1.5381372,-0.32813722,-0.29813722,2.0918627,-1.9881372,-1.8381371,-0.3681372,0.6918628,-2.6981373,-0.8981372,2.6918628,3.1818628,3.101863,3.0218627
-2.148137,-6.778137,-7.7881374,-9.268137,-8.998137,-8.448137,-8.388137,-7.918137,-8.038137,-7.858137,-4.3881373,-1.6081372,-0.9681372,-1.8481373,-6.2181373,-5.278137,-3.3381371,-2.4081373,-0.2481372,-2.0181372,-3.7881372,-2.6981373,-3.6881373,-2.6081371,-2.6781373,-3.8281372,-0.5481372,0.5718628,0.5418628,-0.2881372,2.621863,1.5218627,2.8918629,3.2518628,-0.7981372,-1.9481372,0.2318628,-1.8181372,2.5518627,2.6818628,3.0118628
-5.498137,-5.0781374,-8.818137,-7.9681373,-8.838138,-9.168138,-6.6981373,-7.0981374,-7.068137,-6.028137,-6.978137,-5.1581373,-4.028137,-6.4681373,-5.6181374,-5.1581373,-6.088137,-5.798137,-6.518137,-3.4281373,-2.6581373,-3.5881371,-4.3881373,-3.2281373,-3.2481372,-0.4781372,-1.3681372,3.5518627,3.5218627,2.3318627,0.6518628,2.5618627,0.18186279,1.7518628,2.7118628,0.5418628,3.621863,3.7018628,1.8018628,1.6918628,2.6618629
-4.0981374,-4.5981374,-4.9881372,-6.478137,-6.958137,-6.478137,-6.898137,-7.4681373,-6.8081374,-6.298137,-6.208137,-5.6381373,-4.3281374,-5.4881372,-4.8481374,-5.0581374,-5.3681374,-6.148137,-6.3481374,-5.318137,-3.878137,-3.3381371,-3.9181373,-4.528137,-3.6581373,0.041862793,0.9718628,2.4018629,1.2718627,4.1118627,2.9518628,1.0918628,1.1018628,0.8418628,-2.9281373,-1.0681372,-2.4481373,0.6018628,1.9818628,0.62186277,0.87186277
-4.378137,-4.9281373,-4.3081374,-6.758137,-6.708137,-6.298137,-6.648137,-5.528137,-6.128137,-6.748137,-6.938137,-5.498137,-7.0381374,-7.728137,-5.6781373,-4.208137,-4.8681374,-5.708137,-5.6381373,-4.378137,-3.2081373,-3.3581371,-2.7181373,-3.0381372,-3.0181372,-3.2681372,-3.4181373,1.4518628,3.8918629,3.3918629,3.3018627,2.4518628,1.9918628,2.2418628,3.1818628,1.3618628,1.9118629,2.2418628,-0.3181372,-0.5781372,-2.0681372
-4.3081374,-4.148137,-4.9681373,-5.588137,-7.108137,-7.188137,-6.9081373,-4.128137,-5.298137,-5.318137,-5.1381373,-6.728137,-5.8881373,-5.7181373,-6.708137,-6.5981374,-7.8081374,-7.1581373,-6.398137,-6.838137,-5.958137,-7.3481374,-7.7181373,-4.438137,-3.2281373,-3.4981372,-1.4481372,-3.7981372,-1.9281372,-1.5681372,5.741863,4.6918626,4.6318626,3.2318628,3.7718627,2.8018627,-1.2281373,1.9618628,1.9018627,1.4718628,0.4118628
-4.0381374,-2.7681372,-3.4281373,-4.3481374,-5.518137,-5.188137,-5.228137,-3.8581371,-3.3381371,-4.228137,-5.108137,-6.168137,-6.458137,-6.318137,-7.1381373,-7.418137,-7.068137,-7.818137,-7.0981374,-6.9281373,-6.508137,-6.478137,-6.768137,-5.7381372,-4.188137,-2.1781373,-0.20813721,0.42186278,-0.17813721,-1.4981372,-5.7381372,-8.2081375,0.8318628,-0.4581372,2.8218627,2.2718627,1.2918628,-2.1981373,0.7318628,4.351863,2.9718628
-5.3281374,-4.958137,-5.338137,-5.3081374,-5.3281374,-6.2181373,-5.9281373,-2.7081373,-0.9581372,-1.9781373,-2.7481372,-3.8281372,-5.398137,-6.6781373,-6.5581374,-6.8081374,-7.8681374,-6.728137,-6.568137,-8.278137,-7.978137,-8.168138,-7.2381372,-6.0981374,-4.4281373,-2.6781373,0.7418628,1.4618628,3.5918627,2.5218627,-1.4381372,-6.9281373,-8.338138,-2.0381372,-0.8581372,0.6818628,1.3418628,3.111863,1.9918628,1.7418628,0.8818628
-3.878137,-4.298137,-4.508137,-3.878137,-3.7381372,-4.6581373,-5.008137,-5.4681373,-6.3281374,-0.9481372,-2.0081372,-3.0881371,-4.898137,-6.1181374,-6.838137,-7.498137,-7.798137,-6.9081373,-6.378137,-7.028137,-7.508137,-7.298137,-7.278137,-6.798137,-5.508137,-4.568137,-2.8081372,-3.128137,1.7818627,4.141863,2.9518628,-0.4581372,-2.0081372,-0.8681372,-0.4081372,-1.7581372,-0.22813721,0.3318628,3.3018627,2.4918628,1.1318628
-2.4481373,-3.628137,-3.7881372,-3.888137,-3.2981372,-3.4681373,-4.528137,-5.978137,-6.2181373,-3.2281373,-2.1781373,-2.2781372,-4.938137,-6.0781374,-6.358137,-6.8281374,-6.7181373,-6.2381372,-6.688137,-6.5381374,-6.458137,-6.3681374,-6.4681373,-6.398137,-8.078137,-7.0381374,-2.3581371,0.6118628,0.11186279,-0.35813722,5.451863,7.1118627,1.7618628,2.6718628,3.2918627,3.361863,1.3218628,0.6318628,-0.7281372,1.1518627,1.4918628
-1.9481372,-2.4581373,-3.8681371,-3.4481373,-3.7981372,-3.0281372,-4.358137,-4.3681374,-5.498137,-5.548137,-2.0781372,-1.3281372,-4.758137,-5.398137,-6.298137,-6.7381372,-6.6181374,-6.708137,-6.3481374,-7.0581374,-6.958137,-6.9481373,-7.7381372,-7.798137,-8.448137,-8.398137,-9.398137,-0.4581372,1.0818628,0.4118628,-0.5981372,-0.5881372,3.5518627,4.2118626,2.6818628,2.5718627,1.8818628,-0.2881372,-1.3481373,2.0218627,2.3118627
-2.3481371,-3.4281373,-6.9481373,-3.7881372,-1.9381372,-2.648137,-3.1681373,-3.0681372,-3.7081373,-3.3481371,-2.3181372,-2.7581372,-1.7581372,-3.5781372,-6.5381374,-6.758137,-6.028137,-7.2881374,-7.648137,-8.088138,-7.628137,-8.398137,-8.058137,-8.148137,-8.648137,-8.4581375,-8.2081375,-6.2881374,-4.6781373,-2.7981372,0.3118628,-0.7981372,-0.35813722,2.2618628,2.5418627,2.0918627,2.2518628,3.0518627,2.1818628,2.0718627,1.5718628
