wind_kz.json
{"header": {"discipline":0,"disciplineName":"Meteorological products","gribEdition":2,"gribLength":871,"center":7,"centerName":"US National Weather Service - NCEP(WMC)","subcenter":0,"refTime":"2023-10-05T12:00:00.000Z","significanceOfRT":1,"significanceOfRTName":"Start of forecast","productStatus":0,"productStatusName":"Operational products","productType":1,"productTypeName":"Forecast products","productDefinitionTemplate":0,"productDefinitionTemplateName":"Analysis/forecast at horizontal level/layer at a point in time","parameterCategory":0,"parameterCategoryName":"UnknownDiscipline_0_Category_0","parameterNumber":0,"parameterNumberName":"UnknownParameter_D0_C0_0","parameterUnit":"Unknown","genProcessType":2,"genProcessTypeName":"Forecast","forecastTime":60,"surface1Type":1,"surface1TypeName":"Ground or water surface","surface1Value":0.0,"surface2Type":255,"surface2TypeName":"Missing","surface2Value":0.0,"gridDefinitionTemplate":0,"gridDefinitionTemplateName":"Latitude_Longitude","numberPoints":615,"shape":6,"shapeName":"Earth spherical with radius of 6,371,229.0 m","gridUnits":"degrees","resolution":48,"winds":"true","scanMode":64,"nx":41,"ny":15,"basicAngle":0,"lo1":47.0,"la1":41.0,"lo2":87.0,"la2":55.0,"dx":1.0,"dy":1.0}, "data":
[rows 0 to 14 of 15, columns 0 to 40 of 41]
286.3553,280.95526,282.3553,293.75528,293.55527,292.15527,289.05527,292.75528,288.75528,289.45526,287.8553,288.15527,287.3553,287.05527,287.65527,285.25528,284.8553,286.55527,285.05527,287.25528,288.75528,286.15527,285.15527,281.65527,284.25528,286.95526,282.65527,270.15527,269.55527,271.05527,270.15527,267.8553,280.3553,286.15527,287.8553,288.15527,288.45526,286.55527,287.3553,286.45526,287.45526
268.8553,281.8553,293.65527,293.45526,293.25528,291.3553,285.55527,285.05527,286.8553,287.25528,287.65527,287.55527,287.45526,286.55527,283.95526,283.75528,283.65527,284.55527,284.3553,289.3553,285.25528,290.55527,288.95526,281.25528,271.45526,271.8553,276.15527,269.95526,270.65527,269.45526,273.45526,268.55527,274.15527,252.45528,271.3553,285.45526,283.3553,284.65527,286.65527,279.8553,283.45526
283.05527,293.15527,293.05527,292.95526,290.95526,285.05527,284.25528,284.3553,285.05527,285.3553,285.55527,286.15527,285.15527,286.45526,286.95526,284.45526,284.25528,284.65527,287.55527,289.8553,288.3553,286.45526,286.8553,280.3553,284.95526,280.95526,281.25528,280.55527,279.55527,274.95526,268.15527,271.25528,275.75528,275.15527,277.15527,277.3553,270.75528,271.95526,272.25528,269.75528,270.25528
282.95526,291.95526,292.75528,292.15527,289.55527,283.55527,284.3553,283.45526,284.55527,284.45526,284.3553,285.05527,290.05527,289.45526,285.75528,285.25528,285.55527,284.25528,285.95526,285.95526,288.05527,284.45526,284.65527,286.25528,285.25528,284.95526,284.05527,282.55527,282.55527,283.3553,285.3553,282.55527,286.95526,284.55527,282.75528,282.75528,271.75528,264.65527,272.45526,279.55527,283.05527
284.3553,291.15527,291.8553,291.65527,288.8553,284.55527,284.8553,284.45526,284.65527,284.8553,283.65527,283.15527,289.05527,287.75528,286.45526,288.65527,286.05527,286.25528,284.55527,288.95526,289.15527,289.8553,288.15527,286.8553,284.05527,284.05527,282.05527,284.05527,284.45526,288.3553,288.95526,288.55527,278.05527,270.8553,277.3553,285.15527,287.95526,287.15527,286.55527,287.45526,287.05527
284.95526,284.65527,289.55527,290.25528,290.65527,289.8553,284.55527,285.05527,283.55527,284.05527,284.15527,284.3553,287.95526,288.55527,287.25528,287.3553,288.65527,285.55527,285.95526,287.95526,287.75528,288.25528,288.45526,286.95526,286.05527,282.65527,283.05527,287.75528,285.45526,286.95526,289.15527,289.75528,288.45526,285.05527,282.75528,284.75528,277.3553,277.3553,283.25528,286.25528,286.3553
285.45526,284.15527,284.95526,284.95526,285.15527,283.55527,282.95526,282.75528,283.25528,283.65527,283.05527,283.3553,283.75528,284.25528,285.05527,287.15527,286.65527,286.15527,285.8553,287.65527,286.8553,285.3553,284.75528,284.65527,283.05527,281.65527,281.8553,283.95526,284.25528,285.65527,287.65527,287.8553,287.55527,285.95526,283.65527,281.65527,276.95526,273.65527,271.25528,273.15527,284.75528
287.25528,286.3553,285.55527,285.15527,284.8553,284.65527,283.45526,282.05527,281.05527,281.3553,281.65527,281.95526,282.3553,284.05527,286.05527,287.05527,286.3553,287.15527,288.45526,285.05527,283.55527,283.05527,282.55527,282.15527,281.45526,279.65527,280.95526,281.3553,284.15527,285.65527,284.8553,285.15527,284.3553,282.05527,279.8553,278.05527,281.3553,285.45526,283.15527,285.8553,281.05527
285.75528,285.95526,285.45526,284.55527,284.15527,283.55527,282.15527,280.8553,279.8553,279.45526,280.25528,280.45526,280.45526,282.75528,284.8553,286.25528,286.45526,286.05527,286.8553,284.75528,282.3553,281.3553,281.55527,280.05527,278.55527,280.15527,278.8553,282.3553,282.45526,282.15527,282.25528,282.75528,282.8553,281.95526,281.65527,279.55527,278.75528,282.3553,271.95526,269.8553,268.45526
283.3553,283.05527,284.25528,283.65527,283.3553,282.55527,280.95526,279.65527,279.45526,279.45526,279.3553,279.15527,280.65527,282.3553,284.55527,284.95526,285.65527,286.05527,286.15527,285.3553,283.3553,282.65527,282.3553,281.15527,279.25528,278.05527,278.8553,279.8553,282.75528,283.45526,283.25528,283.55527,283.65527,283.05527,282.25528,280.75528,279.95526,278.75528,270.95526,271.55527,269.05527
283.45526,282.75528,283.15527,283.05527,282.55527,282.05527,280.05527,279.75528,279.25528,279.05527,279.65527,281.65527,283.25528,282.3553,283.05527,284.3553,284.8553,285.3553,286.55527,285.65527,285.65527,284.75528,284.25528,282.05527,280.55527,282.25528,278.8553,280.8553,281.8553,284.8553,286.05527,284.8553,282.65527,283.05527,282.75528,280.25528,277.45526,274.65527,272.25528,273.65527,271.15527
283.55527,281.8553,282.45526,282.55527,281.15527,280.25528,278.45526,277.8553,278.3553,278.55527,279.15527,281.25528,283.25528,281.3553,283.3553,283.3553,284.8553,285.55527,284.05527,282.95526,282.3553,283.15527,283.3553,280.8553,279.95526,280.65527,281.25528,285.55527,286.3553,286.45526,285.8553,283.95526,282.8553,280.75528,280.8553,280.65527,280.65527,280.05527,279.55527,278.55527,277.15527
280.95526,280.75528,281.05527,280.75528,280.55527,280.65527,279.05527,277.75528,277.45526,277.8553,279.65527,280.05527,282.65527,282.3553,283.15527,284.75528,284.55527,283.75528,285.75528,282.45526,281.55527,280.65527,280.05527,280.05527,280.55527,280.75528,282.45526,285.15527,286.05527,285.45526,284.55527,283.55527,282.05527,280.8553,280.75528,279.95526,279.65527,280.55527,279.15527,278.05527,278.15527
281.25528,280.75528,282.8553,279.95526,278.95526,278.25528,278.05527,277.75528,277.8553,278.3553,280.3553,278.65527,279.95526,282.25528,282.95526,283.8553,284.15527,283.25528,283.45526,282.45526,281.95526,281.45526,281.65527,281.45526,281.45526,280.55527,279.95526,281.05527,281.3553,284.25528,281.95526,281.75528,280.95526,279.95526,279.25528,278.25528,278.55527,278.15527,277.65527,277.55527,276.45526
281.15527,280.95526,284.55527,278.75528,278.15527,277.25528,278.95526,278.15527,278.25528,278.25528,281.15527,281.25528,277.25528,278.15527,280.95526,281.75528,281.8553,281.3553,280.15527,279.95526,280.45526,280.55527,280.45526,280.55527,280.8553,280.8553,280.55527,280.25528,280.15527,280.05527,280.45526,282.05527,280.3553,279.45526,278.95526,278.55527,277.95526,277.15527,276.95526,277.05527,276.8553
