wind_kz.json
{"header": {"discipline":0,"disciplineName":"Meteorological products","gribEdition":2,"gribLength":1025,"center":7,"centerName":"US National Weather Service - NCEP(WMC)","subcenter":0,"refTime":"2024-02-01T06:00:00.000Z","significanceOfRT":1,"significanceOfRTName":"Start of forecast","productStatus":0,"productStatusName":"Operational products","productType":1,"productTypeName":"Forecast products","productDefinitionTemplate":0,"productDefinitionTemplateName":"Analysis/forecast at horizontal level/layer at a point in time","parameterCategory":2,"parameterCategoryName":"UnknownDiscipline_0_Category_2","parameterNumber":3,"parameterNumberName":"UnknownParameter_D0_C2_3","parameterUnit":"Unknown","genProcessType":2,"genProcessTypeName":"Forecast","forecastTime":240,"surface1Type":103,"surface1TypeName":"Specified height level above ground","surface1Value":10.0,"surface2Type":255,"surface2TypeName":"Missing","surface2Value":0.0,"gridDefinitionTemplate":0,"gridDefinitionTemplateName":"Latitude_Longitude","numberPoints":615,"shape":6,"shapeName":"Earth spherical with radius of 6,371,229.0 m","gridUnits":"degrees","resolution":48,"winds":"true","scanMode":64,"nx":41,"ny":15,"basicAngle":0,"lo1":47.0,"la1":41.0,"lo2":87.0,"la2":55.0,"dx":1.0,"dy":1.0}, "data":
[rows 0 to 14 of 15, columns 0 to 40 of 41]
-1.55448,-0.55447996,0.08552002,-1.27448,7.03552,4.06552,2.74552,3.25552,3.03552,3.05552,3.40552,3.15552,2.74552,1.63552,0.03552002,-1.36448,-0.94448,-1.59448,-3.98448,-2.45448,-2.10448,-4.12448,-1.3244799,-0.07447998,0.18552002,-0.58448,-0.63448,1.50552,0.69552004,-0.014479981,-1.89448,-3.22448,-0.37447998,0.68552,0.69552004,1.08552,1.01552,0.65552,0.53552,0.10552002,-0.54447997
1.30552,-0.15447998,-4.01448,2.80552,7.99552,6.51552,4.61552,5.04552,5.3555202,4.86552,4.36552,3.54552,3.26552,2.45552,0.65552,0.58552,-0.16447999,-0.78448,-1.30448,-2.95448,-3.37448,-4.29448,-3.45448,1.73552,2.46552,2.29552,0.64552003,1.40552,-0.16447999,3.60552,3.94552,4.77552,1.26552,-1.78448,-1.5844799,0.55552,-0.56448,-0.014479981,1.64552,0.075520016,0.19552001
0.67552,1.61552,-0.73447996,3.01552,4.56552,5.43552,4.31552,5.03552,5.8555202,5.68552,5.74552,4.83552,3.44552,3.03552,2.38552,1.39552,1.63552,1.6655201,0.49552003,-1.34448,-3.44448,-3.40448,-1.53448,-0.0044799806,-1.54448,-1.80448,-1.29448,-2.49448,-0.42448,-1.05448,1.48552,1.30552,0.28552002,0.42552003,-0.34447998,-1.99448,0.31552002,0.54552,-0.40447998,-0.51448,0.34552002
1.90552,3.08552,2.59552,3.9755201,4.01552,5.23552,4.66552,6.63552,5.66552,4.70552,4.87552,4.91552,5.86552,6.02552,4.27552,3.51552,3.02552,2.81552,1.6655201,1.08552,-1.76448,-1.3344799,0.85552,-0.64448,-1.0744799,-0.86447996,-0.99447995,-0.67447996,-1.23448,1.09552,-1.75448,-1.74448,0.84552,-1.3344799,0.51552004,0.53552,2.41552,3.44552,-1.02448,0.99552,-1.2144799
2.4755201,2.81552,3.43552,3.87552,3.04552,3.56552,5.75552,6.30552,6.48552,5.74552,5.09552,5.33552,6.41552,6.94552,6.98552,4.46552,3.84552,2.42552,1.50552,0.97552,0.31552002,-0.11447998,0.015520019,0.05552002,0.35552,0.075520016,1.15552,-0.31447998,-0.72448,0.32552,1.18552,0.41552,3.52552,3.95552,-0.12447998,0.23552002,1.57552,0.67552,0.59552,-1.10448,-0.21447998
1.99552,3.15552,4.22552,3.81552,4.61552,5.00552,5.48552,6.39552,7.1055202,6.99552,6.12552,4.40552,4.12552,5.99552,3.2355201,4.29552,3.29552,2.79552,1.26552,0.54552,1.39552,2.61552,1.37552,2.15552,2.4855201,2.02552,2.12552,0.94552004,0.35552,-0.06447998,0.65552,-0.014479981,0.26552,1.89552,1.0355201,-3.46448,-1.85448,-4.00448,-6.54448,0.08552002,-0.05447998
0.21552002,1.33552,2.2355201,2.57552,4.19552,6.8555202,5.83552,4.63552,5.61552,4.01552,4.55552,4.55552,3.58552,2.7255201,1.82552,2.63552,2.94552,2.59552,2.77552,1.57552,1.93552,2.04552,3.56552,3.64552,2.90552,2.75552,2.34552,2.01552,1.34552,0.67552,0.87552,0.64552003,0.96552,1.18552,0.95552003,0.49552003,1.0355201,3.7355201,-1.13448,0.38552,-3.36448
-2.05448,-1.81448,-0.96448,0.86552,1.70552,3.95552,6.06552,5.75552,4.51552,3.93552,4.33552,3.09552,1.7955201,1.65552,1.60552,1.83552,2.08552,1.87552,2.33552,2.93552,2.07552,3.00552,3.95552,4.83552,5.18552,5.34552,5.02552,2.34552,2.35552,2.79552,2.51552,2.82552,1.69552,3.70552,6.22552,2.82552,-1.14448,-3.35448,-1.64448,-0.97448,2.2255201
-2.40448,-3.30448,-3.34448,-3.11448,-1.64448,0.33552003,1.94552,3.07552,3.10552,3.07552,3.43552,3.4855201,2.16552,1.63552,-0.0044799806,0.35552,0.88552004,1.63552,2.70552,3.24552,2.83552,2.16552,3.75552,5.22552,6.00552,6.00552,5.65552,5.93552,5.78552,4.25552,5.67552,6.94552,7.89552,5.62552,5.77552,3.65552,1.2955201,3.95552,6.48552,4.49552,4.66552
-1.91448,-2.10448,-2.38448,-2.30448,-1.84448,-0.83448,0.48552,1.32552,1.77552,1.0355201,1.70552,1.55552,1.51552,-0.19447999,0.30552003,-0.014479981,0.41552,1.00552,1.5455201,1.93552,2.12552,1.5355201,1.5455201,2.92552,5.21552,5.55552,6.30552,5.54552,6.04552,6.02552,5.24552,5.94552,6.22552,5.3555202,4.22552,3.96552,2.86552,2.28552,4.90552,5.54552,4.17552
-2.15448,-2.25448,-1.90448,-1.84448,-2.44448,-1.60448,-0.60447997,0.05552002,0.24552003,1.39552,1.5455201,1.15552,-0.0044799806,0.91552,-0.18447998,0.08552002,-0.22447997,0.31552002,1.10552,1.6655201,2.14552,1.75552,1.58552,2.45552,3.37552,4.37552,5.47552,6.09552,6.25552,4.96552,5.17552,4.22552,4.89552,5.05552,5.3555202,5.75552,6.82552,4.20552,7.30552,4.75552,2.88552
-1.25448,-2.21448,-1.0844799,-1.06448,-0.02447998,-0.64448,-0.26448,0.14552002,-0.14447998,0.42552003,0.75552005,-0.014479981,0.09552002,0.59552,0.16552001,0.74552,0.60552,0.50552005,1.51552,1.40552,1.57552,1.35552,1.88552,3.01552,3.58552,3.82552,4.38552,4.22552,4.08552,4.38552,4.42552,5.16552,4.71552,5.05552,5.09552,6.84552,6.92552,4.61552,1.06552,-2.19448,-2.11448
-0.68447995,-1.02448,-1.0744799,-0.38447997,-0.31447998,-0.12447998,-0.03447998,0.68552,0.63552004,1.23552,0.27552003,-0.96448,1.26552,0.27552003,0.27552003,0.05552002,-0.0044799806,0.27552003,0.51552004,1.39552,1.98552,1.59552,1.69552,1.6655201,2.44552,3.86552,3.7355201,3.32552,3.53552,3.56552,3.81552,3.9855201,4.56552,5.39552,5.74552,6.16552,6.41552,4.54552,5.12552,4.32552,2.7255201
-0.18447998,-0.09447998,-0.89448,-0.55447996,-0.14447998,-0.51448,-0.014479981,0.25552002,0.68552,1.6655201,1.01552,0.02552002,-0.18447998,0.26552,0.17552002,-0.36448,-0.75448,-0.34447998,-0.17447998,0.40552002,0.97552,1.07552,0.77552,1.10552,1.86552,2.69552,3.45552,3.87552,3.85552,3.9755201,4.13552,4.37552,4.97552,5.50552,4.88552,5.82552,5.41552,5.79552,5.47552,5.14552,6.42552
-0.03447998,-0.83448,-0.53448,0.38552,0.09552002,0.52552,0.15552002,0.58552,0.12552002,0.62552,1.72552,1.40552,0.48552,-2.92448,-2.04448,-1.7044799,-2.14448,-1.7144799,-0.88448,-0.73447996,-0.48448,-0.52448,0.19552001,1.14552,1.70552,2.45552,3.13552,3.46552,3.57552,3.81552,4.16552,5.1055202,4.6055202,5.13552,5.59552,5.69552,6.52552,7.13552,6.64552,6.18552,4.99552
