wind_kz.json
{"header": {"discipline":0,"disciplineName":"Meteorological products","gribEdition":2,"gribLength":1025,"center":7,"centerName":"US National Weather Service - NCEP(WMC)","subcenter":0,"refTime":"2023-08-24T12:00:00.000Z","significanceOfRT":1,"significanceOfRTName":"Start of forecast","productStatus":0,"productStatusName":"Operational products","productType":1,"productTypeName":"Forecast products","productDefinitionTemplate":0,"productDefinitionTemplateName":"Analysis/forecast at horizontal level/layer at a point in time","parameterCategory":2,"parameterCategoryName":"UnknownDiscipline_0_Category_2","parameterNumber":2,"parameterNumberName":"UnknownParameter_D0_C2_2","parameterUnit":"Unknown","genProcessType":2,"genProcessTypeName":"Forecast","forecastTime":120,"surface1Type":103,"surface1TypeName":"Specified height level above ground","surface1Value":10.0,"surface2Type":255,"surface2TypeName":"Missing","surface2Value":0.0,"gridDefinitionTemplate":0,"gridDefinitionTemplateName":"Latitude_Longitude","numberPoints":615,"shape":6,"shapeName":"Earth spherical with radius of 6,371,229.0 m","gridUnits":"degrees","resolution":48,"winds":"true","scanMode":64,"nx":41,"ny":15,"basicAngle":0,"lo1":47.0,"la1":41.0,"lo2":87.0,"la2":55.0,"dx":1.0,"dy":1.0}, "data":
[rows 0 to 14 of 15, columns 0 to 40 of 41]
-1.2451587,0.3648413,1.1948413,-1.5851587,-1.5651587,-0.03515869,4.954841,3.0748413,1.4248413,1.6948413,1.8748413,2.2448413,2.8548412,3.1248412,2.3648412,2.1648414,0.8948413,2.2348413,3.3248413,6.0548415,7.6548414,0.3748413,-1.1751587,3.1948414,-0.13515869,1.8248413,3.0648413,1.1748413,-2.6051588,0.62484133,-1.6751587,0.2448413,-0.22515869,0.22484131,2.5248413,1.9448413,-0.24515869,0.5848413,-2.0551586,-6.025159,-4.0551586
-1.2751586,-0.3151587,-6.1951585,-5.8851585,-6.335159,-6.1951585,-2.2951586,-4.1851587,-2.2651587,0.014841309,-1.4751587,4.1548414,6.5848413,7.0548415,6.8448415,5.224841,5.1148415,4.414841,4.1748414,5.104841,5.894841,7.0948415,4.144841,3.7348413,1.2948413,0.10484131,0.8248413,0.29484132,1.9848413,-0.3351587,0.7848413,-0.7951587,-0.2051587,-0.26515868,-0.2351587,3.0648413,-4.4451585,2.3748412,-5.315159,-4.6851587,-7.125159
-1.6051587,-3.5851586,-7.025159,-5.9351587,-5.5951586,-4.9251585,-4.4051585,-2.4251587,-2.8051586,-1.5951587,-0.2051587,0.9748413,0.5148413,1.3048413,1.6648413,4.8648415,8.094841,7.954841,7.1948414,4.684841,6.454841,3.3748412,5.724841,7.414841,-2.5951586,-3.1951587,-3.7851586,-2.0051587,2.8548412,-1.2051587,-1.7051587,0.08484131,0.4148413,-1.7651587,-2.6951587,0.4748413,-1.0451587,1.1048414,-1.7151587,-0.2751587,-1.6151587
-3.9151587,-4.1951585,-2.9751587,-1.5451587,-0.3851587,-0.2551587,1.5948414,1.6048414,1.7248414,1.6148413,2.5648413,2.2648413,4.6148415,5.5348415,5.6748414,4.2748413,4.5548415,7.7748413,9.764841,8.3248415,4.7948413,7.124841,6.9448414,7.0648413,2.5448413,-2.3451586,-1.6651587,-3.8751588,-6.1551585,-6.6651587,-4.7251587,-5.0351586,-4.6951585,-2.3651588,-0.36515868,-0.29515868,0.8048413,0.3148413,-2.5351586,-2.2351587,-1.7851586
-5.2651587,-4.1151586,-3.2151587,-2.6551588,-1.5851587,-0.3551587,2.0548413,2.6448412,3.6048412,4.604841,4.8048415,4.9448414,4.264841,5.4248414,6.4448414,5.8148413,7.0848413,6.6148415,5.124841,10.504841,10.534842,6.3148413,7.0648413,7.6348414,6.0448413,3.3848412,0.7848413,-5.9351587,-4.7151585,-3.6751587,-5.0751586,-1.5651587,-1.9851587,-1.1351587,-4.8651586,-2.7851586,-1.0051587,1.0448413,0.19484131,-1.5351586,-2.6251588
-2.4551587,-1.7251587,-2.5551586,-1.4251587,0.8248413,2.9548414,3.5248413,3.5848413,4.434841,5.6148415,5.8648415,6.4248414,6.8048415,7.2848415,6.164841,5.8848414,6.0748415,8.684841,8.514841,7.3048415,9.444841,7.9648414,5.604841,5.8148413,6.4248414,4.8048415,1.1848413,-6.4251585,-3.5951586,-3.1151588,-5.085159,-5.875159,-7.125159,-7.2651587,-5.4751587,0.9848413,-2.8151586,-0.5551587,-4.9751587,-5.0951586,-4.605159
-1.7951587,-0.6551587,-0.9451587,-0.2351587,-0.09515869,0.8248413,2.1048412,3.1248412,4.244841,5.3148413,6.624841,8.384841,8.164842,7.414841,7.5648413,8.094841,6.914841,5.0548415,5.684841,7.3148413,7.104841,9.984841,5.9248414,6.624841,5.8348413,5.2148414,2.9148414,0.4948413,-0.6751587,-4.255159,-3.6151588,-1.9051586,-3.9251587,-3.1451588,-2.1751587,-1.6851587,-0.81515867,0.20484132,-1.5051587,0.3948413,0.7848413
-1.6451586,-0.2751587,0.1848413,1.2448413,0.3948413,0.024841309,3.4848413,4.0548415,4.8448415,6.4248414,7.184841,7.644841,8.5748415,9.434841,9.724841,8.854841,7.0348415,5.764841,2.7348413,5.5848413,9.874842,6.3348413,7.2348413,4.5448413,4.9848413,3.5148413,3.4948413,-1.5151587,2.7948413,2.3848412,2.5048413,0.4448413,-1.2251587,-1.3851587,2.4848413,-7.295159,-4.0151587,1.4048413,2.4648414,1.5348413,3.4148414
-0.5551587,0.22484131,1.3848413,1.0448413,1.6548413,1.1848413,3.3448412,4.1348414,1.8448414,4.124841,4.5548415,5.8448415,8.304841,7.5748415,8.684841,8.114841,7.6348414,6.4248414,5.9648414,0.9448413,5.5948415,8.614841,8.184841,5.874841,4.5348415,3.4348414,3.1848414,1.7448413,2.0248413,2.1648414,2.7848413,2.3048413,0.8448413,0.68484133,-0.005158691,-1.9051586,-1.7751586,0.8948413,0.48484132,-0.9751587,0.13484131
0.16484131,1.2548413,2.4748414,1.6648413,2.2048414,3.2048414,2.1548414,3.4948413,0.3748413,2.1848414,6.2948413,5.5448413,4.4048414,6.1748414,6.244841,8.414842,7.414841,7.0948415,7.264841,5.414841,2.6048412,2.6748414,8.344841,7.994841,6.894841,3.6748414,3.1448412,2.1148412,2.3848412,3.1648414,2.4048414,2.1948414,1.6248413,-0.21515869,0.9248413,0.2848413,-2.7351587,-0.75515866,1.4348413,0.7648413,-0.8951587
0.4648413,0.9448413,1.9048413,2.5248413,2.2048414,2.5648413,-0.26515868,1.5248413,2.1848414,2.6248412,4.684841,4.184841,3.9648414,3.8948412,4.414841,6.9248414,7.3348413,6.164841,7.7848415,7.8148413,2.6548414,1.6548413,0.7648413,3.8548412,8.124842,5.7548413,6.5748415,2.1848414,1.4648414,2.6748414,1.8548414,0.8048413,-1.0251586,0.26484132,-0.8951587,-0.50515866,0.11484131,0.9648413,0.8048413,-1.3651587,-0.2751587
0.8548413,-0.2551587,0.56484133,2.4948413,2.2548413,2.9248414,1.2748413,2.4348414,3.0848413,1.8848413,3.1848414,4.414841,2.5248413,3.3548412,4.9848413,5.184841,5.9848413,4.9248414,5.8348413,5.9648414,5.994841,-0.7651587,-0.75515866,1.3648413,5.5948415,6.014841,7.184841,3.0248413,-0.24515869,1.1648413,-1.1651587,0.4948413,-0.7851587,-0.45515868,0.5348413,-1.8151587,0.68484133,-4.4351587,-3.0851586,-1.7951587,-1.2551587
1.4348413,1.2148414,0.8648413,2.2848413,1.5348413,0.87484133,1.0048413,4.1148415,4.1548414,0.8848413,2.9748414,4.104841,4.014841,5.204841,5.1148415,4.264841,3.9348414,3.7348413,4.6348414,4.684841,5.6148415,2.0748413,2.0648413,-0.5551587,0.8048413,3.4048414,6.6748414,8.184841,-1.0451587,-0.8451587,-1.9451587,1.0748413,-1.4151587,0.024841309,1.2348413,-3.5851586,-5.0351586,-3.2951586,-4.0351586,-3.1951587,-1.8051587
2.1848414,1.4848413,2.7648413,2.3748412,1.1548413,2.0548413,2.0548413,2.6448412,2.4248414,1.9648414,2.1848414,3.2048414,4.1548414,4.244841,4.014841,3.2548413,4.9848413,5.0548415,4.914841,2.9448414,3.8148413,5.5848413,2.6648414,-0.75515866,1.7948413,0.17484131,2.9548414,5.514841,-1.1551586,-0.8651587,-0.4651587,0.26484132,-1.5751587,-2.5051587,-1.7451587,-2.5751586,-3.2251587,-3.9851587,-2.1651587,-0.9751587,-0.7251587
1.1948413,1.6048414,1.8748413,1.9748414,1.3848413,1.6948413,1.9548413,3.5048413,3.6148412,-0.42515868,1.9848413,2.6648414,2.2948413,2.4748414,2.5248413,2.4248414,2.7448413,4.184841,3.3948412,4.104841,3.2848413,3.1048412,3.2848413,1.6248413,-1.0151587,-2.3051586,4.8048415,0.04484131,1.5348413,-1.3251587,-1.3451587,-1.5451587,-1.5351586,-3.6151588,-3.6851587,-3.0451586,-2.3451586,-0.1751587,-0.9251587,-1.1651587,-0.3751587
