wind_kz.json
{"header": {"discipline":0,"disciplineName":"Meteorological products","gribEdition":2,"gribLength":1025,"center":7,"centerName":"US National Weather Service - NCEP(WMC)","subcenter":0,"refTime":"2024-04-06T18:00:00.000Z","significanceOfRT":1,"significanceOfRTName":"Start of forecast","productStatus":0,"productStatusName":"Operational products","productType":1,"productTypeName":"Forecast products","productDefinitionTemplate":0,"productDefinitionTemplateName":"Analysis/forecast at horizontal level/layer at a point in time","parameterCategory":2,"parameterCategoryName":"UnknownDiscipline_0_Category_2","parameterNumber":3,"parameterNumberName":"UnknownParameter_D0_C2_3","parameterUnit":"Unknown","genProcessType":2,"genProcessTypeName":"Forecast","forecastTime":60,"surface1Type":103,"surface1TypeName":"Specified height level above ground","surface1Value":10.0,"surface2Type":255,"surface2TypeName":"Missing","surface2Value":0.0,"gridDefinitionTemplate":0,"gridDefinitionTemplateName":"Latitude_Longitude","numberPoints":615,"shape":6,"shapeName":"Earth spherical with radius of 6,371,229.0 m","gridUnits":"degrees","resolution":48,"winds":"true","scanMode":64,"nx":41,"ny":15,"basicAngle":0,"lo1":47.0,"la1":41.0,"lo2":87.0,"la2":55.0,"dx":1.0,"dy":1.0}, "data":
[rows 0 to 14 of 15, columns 0 to 40 of 41]
-1.306919,1.593081,3.893081,2.593081,5.193081,2.983081,2.2130811,1.6130811,0.41308105,-0.44691893,-1.176919,-2.126919,-2.716919,-3.7869189,-5.1869187,-6.146919,-6.696919,-5.986919,-5.116919,-3.666919,-3.176919,-2.666919,-6.216919,1.693081,2.4230812,1.6130811,1.163081,1.683081,-0.46691895,-0.06691895,1.8530811,2.593081,0.16308105,1.663081,1.193081,-0.38691893,0.44308105,1.553081,0.52308106,-0.63691896,-0.45691895
4.233081,1.6430811,2.353081,3.003081,2.133081,2.353081,1.833081,1.933081,1.2230811,0.17308106,-0.8069189,-1.716919,-2.496919,-3.736919,-4.896919,-5.266919,-5.4169188,-5.156919,-5.196919,-4.356919,-3.526919,-1.906919,1.283081,-0.89691895,3.573081,3.543081,2.313081,2.973081,1.673081,3.273081,3.553081,5.453081,0.83308107,1.673081,1.4830811,3.1830812,1.663081,3.103081,0.873081,0.99308103,0.30308107
2.543081,3.9530811,3.303081,2.723081,2.583081,3.633081,3.053081,1.783081,1.3530811,-0.82691896,-2.156919,-2.2969189,-3.0469189,-4.276919,-3.736919,-4.056919,-3.706919,-4.256919,-5.196919,-5.646919,-4.996919,-2.5769188,1.6130811,2.613081,3.353081,-3.496919,-2.446919,-4.696919,-1.1169189,-1.4769189,1.463081,3.223081,0.6330811,1.443081,0.7530811,-0.52691895,3.573081,3.763081,0.37308106,2.6630812,2.1830812
2.843081,1.9830811,3.033081,2.393081,3.723081,3.283081,3.083081,1.1230811,1.423081,-0.936919,-2.776919,-3.246919,-3.446919,-2.0769188,-4.856919,-3.256919,-3.3369188,-3.616919,-4.046919,-4.276919,-4.976919,-3.176919,-4.476919,-2.116919,1.443081,1.7630811,1.1130811,-1.2469189,-2.606919,-5.246919,-5.506919,0.27308106,1.3630811,-0.82691896,0.47308105,2.373081,2.823081,3.073081,-2.246919,-2.496919,0.38308105
3.033081,1.463081,1.303081,1.423081,1.943081,2.6830812,2.143081,0.46308106,1.7330811,-0.20691894,-2.506919,-4.246919,-4.286919,-3.8269188,-2.226919,-3.2969189,-3.736919,-3.3269188,-3.396919,-2.5669188,-2.3369188,-3.646919,-1.906919,-2.386919,-2.376919,2.573081,2.603081,2.533081,2.6730812,-2.726919,-2.386919,-4.576919,0.65308106,2.023081,0.38308105,1.093081,2.873081,-1.196919,-1.706919,0.42308104,1.7530811
2.783081,2.593081,2.043081,2.833081,2.863081,2.733081,0.6930811,1.2430811,1.8630811,0.42308104,-1.2669189,-2.726919,-4.216919,-3.0569189,-2.916919,-3.376919,-2.5669188,-3.876919,-2.8269188,-3.0769188,-2.526919,-2.876919,-2.026919,-1.966919,-1.556919,-0.5569189,0.43308106,2.6830812,2.6930811,3.343081,2.743081,0.65308106,-1.7469189,-2.986919,-2.436919,-1.086919,-2.8169188,4.803081,-0.32691896,0.40308106,1.913081
2.273081,2.1830812,2.4530811,2.483081,2.063081,1.2230811,1.193081,1.0030811,0.46308106,-0.24691895,-0.45691895,-1.296919,-2.466919,-3.256919,-3.406919,-3.3069189,-2.226919,-2.526919,-1.7369189,-2.116919,-2.516919,-2.116919,-1.656919,-2.2969189,-1.966919,-1.936919,-0.46691895,0.79308105,5.773081,4.223081,3.823081,3.103081,3.133081,2.883081,-2.5669188,-5.146919,3.043081,5.433081,3.073081,2.593081,5.823081
1.463081,1.563081,1.963081,1.823081,1.663081,1.4830811,1.153081,0.813081,0.19308105,-0.65691894,-0.53691894,-0.91691893,-1.9769189,-1.556919,-1.7569189,-2.3069189,-2.686919,-2.686919,-1.4769189,-1.166919,-2.156919,-3.0869188,-1.696919,-1.656919,-1.656919,-1.696919,-2.636919,-0.84691894,0.89308107,2.303081,2.473081,1.5030811,3.023081,2.753081,5.743081,4.743081,-0.20691894,1.833081,-0.7469189,2.9430811,4.883081
1.663081,2.003081,1.8830811,1.833081,2.1830812,1.783081,1.1130811,1.0230811,1.073081,0.93308103,-0.19691895,-0.21691895,-0.876919,-0.41691893,-0.12691894,0.61308104,-1.336919,-1.836919,-0.71691895,-0.41691893,0.11308105,-0.20691894,-0.7369189,-1.036919,-2.906919,-2.0669188,0.27308106,-1.196919,0.16308105,1.2430811,1.6330811,1.703081,1.463081,5.213081,5.673081,4.073081,1.9830811,6.923081,4.993081,3.333081,2.6830812
1.2330811,1.343081,0.85308105,1.043081,1.153081,1.093081,1.173081,1.403081,1.2430811,1.403081,0.77308106,0.033081055,0.6930811,-0.20691894,-0.27691895,-0.026918946,1.1030811,-0.71691895,-0.58691895,-0.39691895,-0.24691895,-0.6169189,-2.846919,-1.696919,-1.346919,-1.176919,-0.626919,-1.046919,-1.196919,0.873081,0.59308106,-0.51691896,0.17308106,2.233081,4.723081,4.223081,1.903081,2.593081,3.483081,5.303081,3.653081
-0.056918945,0.23308106,0.08308105,0.073081054,0.563081,1.043081,1.7730811,1.6130811,0.7030811,0.92308104,1.5230811,1.2230811,-0.26691896,1.053081,0.40308106,1.063081,1.443081,1.553081,0.65308106,1.663081,1.153081,-0.116918944,-0.19691895,-0.50691897,-0.97691894,-0.6769189,-0.046918944,-0.936919,-0.9869189,-1.926919,-0.70691895,0.34308106,2.9530811,3.323081,4.533081,7.433081,3.403081,2.153081,6.573081,2.763081,2.7130811
1.1130811,1.193081,0.67308104,0.26308104,-0.7969189,-0.046918944,-0.37691894,-0.51691896,-0.7469189,1.073081,1.433081,1.573081,1.033081,0.23308106,0.17308106,1.403081,1.793081,1.7230811,2.973081,1.203081,1.183081,0.44308105,0.18308106,0.023081055,1.1330811,0.08308105,0.39308107,0.29308105,-1.1269189,-1.7769189,0.34308106,1.553081,1.6130811,2.2030811,2.533081,5.323081,7.753081,5.943081,1.7430811,3.063081,0.86308104
0.8230811,0.813081,0.43308106,0.023081055,-0.38691893,0.09308106,-0.6769189,0.17308106,0.72308105,0.39308107,0.97308105,0.52308106,0.66308105,0.39308107,-0.96691895,-0.28691894,0.92308104,1.943081,1.283081,2.003081,2.123081,1.533081,0.71308106,-0.106918946,-0.70691895,0.23308106,-3.226919,-1.926919,-0.12691894,-2.166919,0.103081055,1.163081,1.0030811,0.43308106,3.1830812,4.303081,5.883081,5.403081,5.5430813,1.7730811,1.183081
1.6230811,1.5230811,0.5030811,0.22308105,0.14308105,-0.5469189,-0.58691895,-0.016918946,-0.88691896,-0.43691894,0.66308105,-0.81691897,-0.7369189,0.5730811,-0.65691894,-1.186919,0.7630811,0.83308107,1.673081,2.2030811,1.8930811,2.243081,1.3830811,0.7530811,-0.046918944,-0.6769189,0.14308105,-0.56691897,-0.5569189,-1.6169189,-1.576919,0.25308105,0.64308107,1.083081,3.063081,3.333081,4.173081,5.053081,5.5630813,6.363081,5.033081
1.783081,1.6330811,1.203081,0.91308105,-0.876919,-0.60691893,-0.84691894,-0.876919,-0.8669189,-0.76691896,0.27308106,0.72308105,-0.0069189453,-0.7369189,1.193081,0.47308105,-0.32691896,0.0030810547,0.9430811,1.463081,1.3630811,1.553081,1.283081,1.6330811,1.0230811,-0.19691895,-0.17691894,-0.40691894,-1.076919,-1.406919,-1.056919,2.083081,0.72308105,1.533081,3.1830812,3.403081,2.553081,5.473081,6.463081,6.423081,2.743081
