wind_kz.json
{"header": {"discipline":0,"disciplineName":"Meteorological products","gribEdition":2,"gribLength":1025,"center":7,"centerName":"US National Weather Service - NCEP(WMC)","subcenter":0,"refTime":"2023-08-24T00:00:00.000Z","significanceOfRT":1,"significanceOfRTName":"Start of forecast","productStatus":0,"productStatusName":"Operational products","productType":1,"productTypeName":"Forecast products","productDefinitionTemplate":0,"productDefinitionTemplateName":"Analysis/forecast at horizontal level/layer at a point in time","parameterCategory":2,"parameterCategoryName":"UnknownDiscipline_0_Category_2","parameterNumber":2,"parameterNumberName":"UnknownParameter_D0_C2_2","parameterUnit":"Unknown","genProcessType":2,"genProcessTypeName":"Forecast","forecastTime":120,"surface1Type":103,"surface1TypeName":"Specified height level above ground","surface1Value":10.0,"surface2Type":255,"surface2TypeName":"Missing","surface2Value":0.0,"gridDefinitionTemplate":0,"gridDefinitionTemplateName":"Latitude_Longitude","numberPoints":615,"shape":6,"shapeName":"Earth spherical with radius of 6,371,229.0 m","gridUnits":"degrees","resolution":48,"winds":"true","scanMode":64,"nx":41,"ny":15,"basicAngle":0,"lo1":47.0,"la1":41.0,"lo2":87.0,"la2":55.0,"dx":1.0,"dy":1.0}, "data":
[rows 0 to 14 of 15, columns 0 to 40 of 41]
-1.0160614,-2.3360615,2.6539385,0.9639386,-0.1060614,-2.1560614,-0.63606143,0.5039386,-0.6960614,-0.9860614,-0.8460614,-1.3460613,-1.0460614,-0.9260614,-1.0260614,-1.5360614,-2.0560615,-1.9860615,-3.1860614,-2.6960614,-2.6360614,-0.1360614,0.6739386,-2.8460615,-0.006061401,-1.3360614,-2.3760614,-2.9560614,-0.2560614,0.7539386,-0.4560614,1.1539387,1.3939385,1.3839386,3.0839386,-4.366061,-0.4860614,-1.5260614,-4.2960615,-3.6060615,-5.0260615
-0.2460614,1.9439386,2.0339386,0.9639386,1.5339386,0.3139386,0.3639386,-0.3260614,1.9439386,2.1039386,3.2939386,1.2939386,1.4539386,0.7039386,1.3139386,0.6439386,0.4239386,-2.3160615,-2.7860613,-2.3360615,-2.2160614,-2.5360613,-1.7460614,-3.4760613,-1.2660614,0.5039386,-0.9060614,-0.4160614,-1.0360614,-1.7960614,0.1039386,-0.7160614,0.4839386,-2.4060614,-0.2160614,-2.0660615,0.2839386,1.0639386,-0.7460614,0.9139386,-3.2460613
1.6939386,1.6939386,2.2139387,2.0439386,2.4339385,1.8439386,2.1539385,3.2839386,3.2839386,3.6839385,3.9339385,2.9139385,2.2339387,2.5139387,2.7839386,1.6739386,1.3639386,0.9839386,0.5439386,0.1739386,-1.0760614,-1.9460614,-2.5860615,-1.6060615,-1.1560614,-0.5760614,-2.6760614,-2.7960615,-0.9360614,-0.4460614,-2.4360614,2.4239385,-0.8560614,-1.3260614,-0.9760614,0.6539386,-1.5160614,0.1239386,1.5239387,0.5439386,-0.9760614
-0.9060614,-1.4360614,0.2839386,0.3039386,-2.9360614,-2.4060614,0.8339386,1.0839386,1.6639386,1.8739386,2.8439386,3.9239385,2.5739386,5.4839387,3.8839386,3.1239386,3.5539386,2.9139385,1.8239386,0.9039386,-1.3660614,-0.0760614,-0.1260614,-1.5660614,-1.1860614,-2.2260613,-1.8860614,-2.3960614,-1.1660614,-2.5660615,-3.5260613,-6.9960613,-3.8160615,-3.3160615,-2.8960614,-2.2760613,-1.3560615,1.4739386,-0.1060614,0.5939386,2.0539386
-5.6660614,-7.8160615,-6.7760615,-5.4660616,-3.9460614,-2.6760614,-2.1760614,-2.1860614,-2.7460613,-1.6660614,-2.2060614,0.2639386,-0.036061402,2.1139386,-0.116061404,3.3439386,5.383939,5.7339387,4.2039385,2.7039385,1.9639386,0.15393859,-0.6860614,-0.8160614,-0.3160614,-0.8960614,-0.4460614,1.3039386,-1.8560615,-1.2060614,-1.2060614,-2.8460615,-2.5360613,1.4139386,0.1239386,1.5539386,8.723939,6.2439384,6.2739387,6.6439385,0.5839386
-3.0260613,-2.3160615,-4.406061,-2.8160615,-1.9460614,-1.0860614,-1.7560614,-1.3160614,-0.9660614,2.9539385,3.3939385,3.8039386,2.5339386,2.3739386,2.4939387,-0.5160614,3.0639386,8.753939,5.5839386,7.0739384,4.0739384,3.2039385,0.3539386,-0.7160614,-0.4460614,0.053938597,1.3739386,0.9839386,0.1039386,0.2739386,-0.9760614,-3.1360614,-4.2960615,-3.4860613,-1.5560614,-1.6460614,0.7139386,3.6439385,10.493938,4.6439385,2.1239386
-0.8260614,-1.5460614,-1.5260614,-0.6860614,1.9239386,2.0539386,1.3939385,1.5239387,1.9039387,1.8739386,2.5739386,2.5239387,1.5039386,2.3739386,1.6839386,1.1839386,2.9939387,2.2039385,2.4239385,5.8039384,5.7039385,4.2239385,2.4439385,0.8039386,0.063938595,-0.0260614,1.2339386,1.4639386,1.3539386,-2.6060615,-3.2060614,-2.5560615,-2.0160613,-3.7760613,-1.0860614,0.1839386,0.2339386,-1.6760614,1.5539386,3.0139387,4.0339384
-1.8960614,-0.6860614,0.1139386,0.7339386,1.3539386,2.1739385,3.4139385,4.1239386,4.6039386,3.6339386,3.3239386,4.6839385,4.6939387,4.5439386,4.3539386,4.613939,4.0039387,4.4839387,4.5439386,5.4339385,7.7939386,5.2039385,5.7439384,3.3439386,0.6039386,0.3239386,0.8439386,-0.2360614,-0.1360614,-1.0160614,-1.1360614,-0.0260614,-3.0460615,0.1239386,-0.5260614,2.0839386,-0.7360614,0.8239386,6.5239387,9.443938,6.3139386
0.7139386,1.4639386,2.7039385,3.7739387,4.5639386,5.0539384,4.7239385,5.0139384,5.6239386,6.1939387,5.0839386,4.9239388,6.0739384,4.4539385,4.9139385,4.0039387,4.4739385,4.1739388,5.653939,5.0639386,6.6739388,2.8839386,3.6239386,4.1239386,4.4939384,0.7739386,-0.1260614,0.2339386,-0.0760614,-1.5760614,-0.5360614,-0.8760614,2.2439387,-0.5160614,0.5439386,0.5239386,-0.7460614,-1.4960614,0.023938598,0.8339386,-0.6260614
1.5139385,2.6739385,3.5639386,4.8539386,5.593939,5.843939,5.6839385,6.113939,5.9839387,6.3339386,5.5239387,6.4639387,5.1639385,5.4239388,5.2839384,6.2039385,5.7539387,4.613939,5.113939,5.6739388,6.0839386,6.863939,2.5839386,1.8539386,4.4439387,6.3139386,1.0639386,-0.6460614,1.1339386,-0.6560614,-1.1260614,-0.7760614,-1.0660614,-2.0860615,-1.1760614,-0.2560614,-2.0760615,-0.5560614,0.5239386,0.9339386,-0.016061401
2.8639386,3.2739387,4.4239388,5.4239388,5.9539385,5.8539386,6.363939,6.3239384,4.6939387,4.3039384,5.113939,4.9839387,5.4839387,5.9639387,6.8039384,5.5139384,7.0339384,5.5339384,4.6839385,4.5539384,1.0539386,4.1039386,1.8139386,2.7539387,1.1039386,-0.8160614,-1.3360614,-1.6160614,-0.6860614,-1.2960614,-2.0260613,-2.7260613,-1.9960614,-0.4360614,-1.0060614,-1.7960614,-1.3160614,0.9639386,-0.036061402,0.6639386,-0.1360614
2.5139387,2.0639386,4.0739384,4.093939,5.2139387,5.613939,5.4839387,4.4639387,4.0839386,3.8239386,3.3039386,5.2739387,5.5139384,6.4639387,6.6039386,4.9839387,5.1639385,5.5439386,4.0239387,2.6239386,1.5839386,1.8139386,2.8139386,2.1239386,2.0439386,1.1539387,-0.3660614,0.0039385986,1.4739386,-1.6060615,-2.2860613,-1.9060614,-1.2660614,-0.5460614,0.8039386,1.8539386,2.2939386,-0.20606141,-1.5860614,0.9339386,-0.1560614
2.0239387,2.6739385,2.3539386,2.7239387,3.5039387,1.4539386,2.1339386,1.7539386,3.4239385,3.7439387,1.5039386,4.8739386,6.343939,5.9739385,5.7539387,5.6439385,3.8539386,3.9039385,2.4839387,1.2539386,0.1439386,0.8039386,-0.1960614,1.2439386,0.2839386,0.3539386,0.7339386,4.2539387,2.1839385,-1.7660614,-2.3360615,-1.1760614,-0.0660614,0.3839386,1.8339386,0.5339386,-0.0960614,-1.2760614,-1.5860614,-0.8660614,-1.1260614
2.6439385,1.9639386,2.2339387,1.7139386,1.4239386,0.8439386,0.2539386,0.7239386,0.8239386,0.61393857,1.3339386,1.5739386,3.5439386,-1.1360614,1.5039386,1.8639386,4.5739384,-0.5460614,-1.9660614,-1.8860614,-1.6260614,-1.8560615,-2.1460614,-3.7660613,-3.5460615,-1.8160614,-0.6960614,-0.6160614,-1.1260614,-2.0060613,-1.6260614,-1.2660614,-0.6460614,-0.1460614,0.9539386,-1.7460614,-0.9760614,-1.5660614,-1.2060614,-0.1660614,-1.5360614
0.9539386,1.6139386,1.0139385,0.1439386,-0.2260614,-1.1960614,-1.3760614,-2.5260613,-2.4360614,-2.1460614,-1.2060614,-2.2860613,0.3439386,-3.8160615,-4.3960614,-4.9860616,-6.9260616,-8.176062,-4.9160614,-4.7760615,-4.636061,-5.0160613,-4.7760615,-4.9260616,-4.4160614,-3.1060615,-2.4160614,-1.2360615,-1.8260614,-1.4660614,-1.0160614,-0.7060614,-0.9060614,0.61393857,0.2639386,0.4339386,-0.7860614,0.1839386,-2.4460614,-0.7660614,-1.1760614
