wind_kz.json
{"header": {"discipline":0,"disciplineName":"Meteorological products","gribEdition":2,"gribLength":871,"center":7,"centerName":"US National Weather Service - NCEP(WMC)","subcenter":0,"refTime":"2023-09-27T06:00:00.000Z","significanceOfRT":1,"significanceOfRTName":"Start of forecast","productStatus":0,"productStatusName":"Operational products","productType":1,"productTypeName":"Forecast products","productDefinitionTemplate":0,"productDefinitionTemplateName":"Analysis/forecast at horizontal level/layer at a point in time","parameterCategory":0,"parameterCategoryName":"UnknownDiscipline_0_Category_0","parameterNumber":0,"parameterNumberName":"UnknownParameter_D0_C0_0","parameterUnit":"Unknown","genProcessType":2,"genProcessTypeName":"Forecast","forecastTime":120,"surface1Type":1,"surface1TypeName":"Ground or water surface","surface1Value":0.0,"surface2Type":255,"surface2TypeName":"Missing","surface2Value":0.0,"gridDefinitionTemplate":0,"gridDefinitionTemplateName":"Latitude_Longitude","numberPoints":615,"shape":6,"shapeName":"Earth spherical with radius of 6,371,229.0 m","gridUnits":"degrees","resolution":48,"winds":"true","scanMode":64,"nx":41,"ny":15,"basicAngle":0,"lo1":47.0,"la1":41.0,"lo2":87.0,"la2":55.0,"dx":1.0,"dy":1.0}, "data":
[rows 0 to 14 of 15, columns 0 to 40 of 41]
299.79507,290.29507,298.79507,293.79507,293.79507,292.69507,301.89508,306.89508,303.69507,305.59506,304.09506,305.19507,304.79507,304.99506,305.19507,306.89508,307.39508,305.89508,308.89508,306.59506,312.59506,309.09506,310.19507,306.19507,307.99506,307.49506,303.89508,295.09506,277.99506,284.99506,286.19507,283.99506,298.69507,304.59506,305.49506,305.89508,309.69507,312.59506,312.79507,313.29507,314.19507
282.59506,297.49506,293.59506,293.79507,293.39508,291.99506,307.19507,304.49506,302.79507,302.49506,303.39508,302.69507,304.89508,305.19507,307.49506,307.89508,308.89508,309.49506,309.59506,311.39508,312.49506,309.09506,306.19507,297.29507,289.89508,279.39508,298.99506,295.29507,294.99506,284.99506,291.29507,273.49506,274.79507,267.19507,287.39508,302.99506,303.79507,300.99506,306.09506,299.39508,284.49506
299.59506,293.39508,293.69507,293.39508,291.29507,302.19507,301.29507,301.59506,301.19507,300.79507,301.19507,302.59506,304.09506,304.89508,303.09506,306.99506,307.19507,306.59506,306.59506,308.59506,306.99506,308.49506,307.49506,301.09506,305.09506,303.19507,303.59506,303.39508,303.79507,293.99506,276.39508,285.79507,292.29507,292.99506,294.19507,295.09506,287.99506,291.99506,294.09506,286.99506,286.39508
300.39508,292.59506,293.39508,292.49506,293.79507,301.49506,299.09506,301.39508,301.49506,301.19507,301.29507,300.89508,290.79507,290.29507,303.99506,306.39508,303.79507,306.99506,306.59506,307.79507,307.29507,307.89508,303.29507,307.09506,305.89508,304.49506,305.09506,302.79507,299.99506,301.89508,304.29507,303.39508,304.99506,309.09506,308.09506,302.09506,289.79507,274.59506,291.69507,300.19507,301.19507
298.99506,291.79507,292.49506,291.49506,295.69507,300.49506,301.09506,302.59506,299.69507,299.29507,300.79507,301.29507,289.79507,288.59506,287.19507,303.69507,304.29507,301.99506,303.59506,301.99506,303.19507,305.39508,305.19507,305.39508,303.99506,303.49506,301.99506,297.19507,297.89508,302.99506,299.59506,301.79507,290.89508,278.49506,293.09506,300.99506,298.99506,306.29507,307.19507,303.69507,301.59506
297.89508,298.59506,290.79507,291.69507,291.59506,291.29507,303.19507,300.29507,298.49506,299.39508,299.49506,299.39508,291.19507,289.59506,296.49506,301.99506,300.69507,303.09506,300.99506,302.89508,303.29507,302.79507,303.09506,301.89508,300.69507,300.59506,296.79507,287.89508,297.29507,299.09506,300.09506,299.89508,299.59506,300.29507,298.79507,297.19507,295.59506,293.79507,303.89508,304.09506,299.89508
296.89508,298.99506,297.09506,297.89508,297.09506,302.39508,302.19507,299.49506,298.59506,298.49506,294.59506,297.59506,298.29507,298.19507,299.49506,299.79507,301.09506,300.99506,302.89508,301.09506,300.39508,300.29507,300.49506,297.49506,296.49506,297.99506,298.19507,298.59506,299.09506,298.39508,298.29507,297.79507,299.49506,300.69507,297.39508,298.19507,295.39508,292.69507,293.49506,287.19507,295.29507
298.29507,298.49506,298.89508,298.19507,298.09506,300.29507,300.69507,299.89508,298.79507,297.39508,297.19507,296.29507,297.49506,296.79507,298.79507,299.49506,299.19507,299.69507,299.49506,298.69507,297.29507,298.69507,298.79507,290.49506,295.09506,295.59506,294.09506,294.59506,292.49506,293.69507,293.19507,293.49506,294.39508,292.09506,293.89508,296.89508,297.19507,286.29507,297.29507,296.99506,294.69507
298.29507,298.79507,299.19507,298.59506,297.79507,297.79507,298.79507,297.09506,296.39508,296.89508,296.29507,296.79507,295.99506,297.99506,297.79507,298.89508,298.69507,299.19507,297.19507,297.09506,295.49506,295.99506,292.29507,296.59506,296.19507,296.29507,294.09506,294.09506,292.19507,290.29507,290.29507,290.59506,291.89508,291.69507,293.09506,292.39508,293.79507,292.09506,286.49506,284.69507,277.09506
296.09506,296.79507,297.99506,297.39508,296.59506,296.29507,297.79507,295.19507,294.69507,295.69507,295.79507,295.29507,296.49506,295.99506,297.59506,296.79507,296.09506,298.49506,298.69507,297.69507,295.59506,295.29507,295.99506,287.29507,291.19507,296.19507,295.29507,294.59506,292.19507,291.09506,290.99506,290.79507,292.09506,291.59506,292.49506,291.99506,290.29507,288.29507,289.09506,282.49506,280.09506
295.09506,296.39508,295.29507,296.09506,295.39508,294.79507,296.39508,294.69507,293.59506,293.79507,293.39508,294.59506,295.19507,294.59506,295.39508,297.29507,292.59506,291.29507,297.09506,295.79507,295.89508,295.79507,294.49506,294.59506,294.09506,294.49506,291.59506,294.69507,295.09506,294.79507,293.59506,294.19507,293.79507,290.09506,289.29507,288.79507,285.29507,283.09506,287.09506,282.89508,280.69507
293.69507,294.89508,295.79507,294.09506,293.99506,293.09506,293.29507,293.89508,292.79507,291.99506,290.39508,290.59506,292.49506,292.39508,292.99506,294.89508,293.99506,289.99506,289.99506,294.59506,292.79507,291.79507,291.49506,292.19507,292.19507,294.29507,293.39508,295.09506,294.89508,295.09506,294.49506,294.69507,291.29507,290.29507,287.79507,287.99506,287.19507,286.99506,286.39508,287.19507,286.09506
290.99506,293.29507,293.59506,293.09506,292.49506,291.99506,293.09506,293.59506,291.69507,290.59506,287.79507,287.39508,289.79507,289.99506,291.39508,292.29507,293.19507,293.19507,293.39508,289.49506,291.19507,291.29507,290.39508,290.49506,292.29507,293.29507,294.29507,293.39508,292.99506,292.49506,292.59506,291.89508,291.29507,291.29507,289.69507,287.59506,287.49506,286.89508,286.59506,285.99506,285.89508
289.79507,288.99506,288.39508,292.49506,291.19507,291.09506,290.09506,289.99506,291.89508,289.09506,287.69507,285.09506,287.99506,288.79507,290.49506,290.79507,291.19507,290.89508,291.69507,292.39508,291.69507,291.89508,292.29507,291.99506,292.19507,292.29507,291.89508,291.59506,291.49506,291.39508,290.49506,289.99506,289.99506,288.29507,288.39508,289.09506,287.19507,286.69507,287.89508,286.49506,286.99506
287.89508,291.69507,285.89508,288.29507,288.39508,290.69507,290.19507,290.79507,290.69507,290.49506,284.99506,284.79507,287.09506,287.49506,288.29507,289.39508,289.29507,289.29507,290.59506,291.19507,290.79507,291.69507,291.99506,290.89508,290.69507,290.69507,290.99506,290.69507,289.89508,289.19507,288.29507,286.09506,287.19507,286.19507,285.89508,285.89508,286.99506,285.69507,286.29507,285.49506,284.39508
