wind.json
{"header": {"discipline":0,"disciplineName":"Meteorological products","gribEdition":2,"gribLength":1125,"center":7,"centerName":"US National Weather Service - NCEP(WMC)","subcenter":0,"refTime":"2023-06-29T00:00:00.000Z","significanceOfRT":1,"significanceOfRTName":"Start of forecast","productStatus":0,"productStatusName":"Operational products","productType":1,"productTypeName":"Forecast products","productDefinitionTemplate":0,"productDefinitionTemplateName":"Analysis/forecast at horizontal level/layer at a point in time","parameterCategory":2,"parameterCategoryName":"UnknownDiscipline_0_Category_2","parameterNumber":2,"parameterNumberName":"UnknownParameter_D0_C2_2","parameterUnit":"Unknown","genProcessType":2,"genProcessTypeName":"Forecast","forecastTime":240,"surface1Type":103,"surface1TypeName":"Specified height level above ground","surface1Value":10.0,"surface2Type":255,"surface2TypeName":"Missing","surface2Value":0.0,"gridDefinitionTemplate":0,"gridDefinitionTemplateName":"Latitude_Longitude","numberPoints":688,"shape":6,"shapeName":"Earth spherical with radius of 6,371,229.0 m","gridUnits":"degrees","resolution":48,"winds":"true","scanMode":64,"nx":43,"ny":16,"basicAngle":0,"lo1":45.0,"la1":40.0,"lo2":87.0,"la2":55.0,"dx":1.0,"dy":1.0}, "data":
[rows 0 to 15 of 16, columns 0 to 42 of 43]
-3.5736938,-0.11369385,0.63630617,-1.1736939,1.4563061,0.21630615,2.4963062,4.106306,2.356306,0.88630617,2.9263062,-1.0636939,-1.2836938,-3.2536938,-4.033694,-3.3136938,-3.883694,-3.173694,-4.033694,-3.8436937,-3.9636939,-1.9636939,-1.6636939,0.7563062,-0.53369385,-0.91369385,-0.70369387,-0.39369383,-1.1736939,1.9363061,3.076306,1.6863061,0.15630615,-0.71369386,-0.85369384,1.6063062,2.0063062,-3.133694,-3.5436938,-0.123693846,-0.8136938,-4.763694,-4.683694
1.6463062,-2.8036938,-3.2436938,-0.8236939,2.4063063,5.3063064,3.5563061,0.44630614,-2.7036939,-1.0036938,-5.3236938,-1.8936938,-4.033694,-8.343694,-8.023694,-6.703694,-3.673694,-2.423694,-1.3836938,-1.3636938,-2.403694,0.35630617,-1.6936939,0.38630617,-0.23369385,-1.8436939,-0.53369385,-3.103694,-2.123694,-0.13369384,0.046306152,1.3363061,1.4263061,1.9163061,0.77630615,1.5263062,6.646306,4.216306,1.9963062,5.196306,0.58630615,-0.77369386,-1.8236939
-1.3036939,-1.7136939,1.4363061,1.6963061,2.5063062,2.126306,-2.5236938,-4.283694,-3.913694,-7.233694,-4.053694,-2.2236938,-3.363694,-4.413694,-4.583694,-3.433694,-2.7436938,-1.9236939,1.5163062,-1.2636938,-1.3136939,-0.10369385,1.0363061,1.3063061,0.44630614,-3.133694,0.48630616,1.0863061,-0.9336938,1.7363062,0.33630615,0.26630616,0.26630616,0.32630616,0.25630614,-0.22369385,0.7463062,-0.92369384,0.13630615,1.0563061,0.34630615,1.4663062,-3.7436938
-0.39369383,-0.5036938,-0.023693848,-1.7136939,-1.8436939,-2.3436937,-2.653694,-5.813694,-4.123694,-1.3236939,-4.3836937,-2.7636938,-3.383694,-3.5936937,-3.0436938,-3.5636938,-2.6936939,-0.8236939,0.086306155,2.896306,3.4063063,0.77630615,2.2863061,0.97630614,-1.8836938,1.2163062,0.64630616,0.88630617,0.83630615,0.82630616,-2.2136939,0.14630616,-0.77369386,2.086306,-0.38369384,-0.023693848,0.36630616,0.29630616,-1.0836939,0.14630616,3.1963062,2.646306,1.7163062
-2.2036939,-2.863694,-2.913694,-4.103694,-4.003694,-3.873694,-4.3836937,-2.863694,0.086306155,-3.143694,-1.9036938,-1.0336938,-3.2036939,-3.4536939,-2.9936938,-2.5936937,-2.5236938,-0.97369385,-0.66369385,-0.76369387,2.7163062,2.9063063,1.2363062,0.48630616,1.2263062,4.586306,6.316306,4.756306,6.186306,1.3963062,5.4063063,3.326306,-0.25369385,-3.0936937,-0.72369385,-4.1736937,-4.953694,-2.1936939,-1.4836938,0.6863062,0.85630614,-0.49369386,2.6963062
-1.0936939,-2.0336938,-2.933694,-3.2836938,-4.143694,-3.9536939,-4.313694,-3.7836938,-4.1136937,-4.003694,-4.1136937,-4.533694,-3.3036938,-0.71369386,1.2363062,1.7063061,0.85630614,-0.13369384,-0.16369385,0.10630615,1.1963061,1.8763062,3.4263062,1.0263062,1.7563062,-0.5736939,2.0263062,2.4263062,3.5463061,3.7663062,3.9763062,3.2963061,3.2263062,-0.91369385,-1.8336939,0.77630615,2.7363062,0.8163062,-3.183694,-2.153694,1.5163062,-1.5636939,2.0063062
0.77630615,0.6763061,0.48630616,0.65630615,1.3663062,0.49630615,-0.54369384,-4.623694,-4.003694,-3.8136938,-3.5536938,-2.7636938,-2.5936937,-2.2536938,-0.20369385,-2.103694,-1.6636939,0.24630615,0.95630616,1.8363061,2.356306,4.3463063,2.5563061,2.7563062,2.4163063,2.886306,4.1163063,2.7563062,4.206306,2.646306,2.396306,3.4763062,1.4063061,-0.5636938,-3.7736938,-1.6836939,0.16630615,0.46630615,1.0163062,2.0463061,5.456306,4.646306,4.9063063
2.0463061,3.4563062,2.376306,1.7863061,3.6663063,2.9763062,3.2363062,1.4563061,-0.46369386,-0.86369383,-1.7736938,-2.0936937,-1.0636939,-1.3836938,-1.1236938,-1.7536938,-2.0236938,-0.85369384,1.4663062,3.136306,3.0563061,3.6763062,2.376306,1.4163061,1.7763062,1.4163061,3.596306,3.3063061,0.73630613,1.8563062,0.026306152,0.06630615,4.836306,-0.61369383,-0.71369386,-0.19369385,-1.6236938,-1.6136938,-0.49369386,1.5163062,0.53630614,0.44630614,4.716306
-2.0136938,-0.89369386,3.0263062,2.4463062,4.546306,4.146306,3.646306,3.066306,2.7663062,2.316306,0.97630614,-0.13369384,-0.42369384,1.1463062,0.6863062,1.6163062,0.8063061,0.69630617,0.44630614,2.1863062,1.6763061,4.196306,3.346306,7.046306,1.4863062,1.1463062,1.6163062,1.6563061,0.14630616,-0.6836938,-1.3536938,-3.633694,0.026306152,-2.2736938,-2.8236938,-1.3736938,-0.97369385,0.40630615,-0.32369384,2.9663062,3.876306,5.7863064,0.59630615
-2.8136938,-3.123694,-2.633694,-1.9236939,-1.4036938,0.72630614,1.2963061,3.4063063,1.9863062,-0.37369385,-2.603694,-1.8336939,-1.2336938,1.1763061,2.0163062,-2.2036939,-0.33369386,0.32630616,0.88630617,1.5163062,1.6063062,0.90630615,1.9463061,3.2163062,1.1863061,3.386306,1.4363061,1.8863062,1.4863062,-1.2136939,0.5063062,-1.9936938,-1.3236939,-0.37369385,0.64630616,-0.5736939,0.6863062,0.29630616,0.73630613,-1.1336938,-0.17369385,1.0563061,-0.52369386
-3.353694,-2.183694,-1.9636939,-1.6336938,-0.96369386,-0.27369386,1.7263062,2.5263062,-1.2536938,-2.883694,-5.243694,-4.013694,-0.80369383,3.096306,-2.0536938,-1.3836938,0.33630615,1.7563062,1.3963062,1.9563061,2.066306,2.566306,2.116306,2.816306,2.9863062,1.0663061,-0.85369384,0.58630615,0.5563061,-1.0136938,-0.40369385,-2.113694,-0.11369385,0.26630616,0.22630616,1.1563061,0.98630613,-0.8136938,-1.4736938,-0.20369385,-0.7436938,0.79630613,0.52630615
-2.0036938,0.14630616,-0.8236939,-0.6836938,0.52630615,1.0563061,0.12630615,-2.7236938,-4.533694,-5.833694,-3.4736938,-1.5836939,1.6363062,-0.14369385,-1.7336938,-0.77369386,1.3163061,0.42630616,1.5163062,2.4863062,1.8363061,0.89630616,0.116306156,0.70630616,3.5363061,1.8363061,2.2663062,0.41630614,0.47630614,0.77630615,1.1063062,-0.27369386,0.53630614,0.98630613,1.9963062,1.8963062,0.21630615,-1.3936938,-1.2336938,0.59630615,-0.61369383,0.60630614,-0.13369384
-1.5036938,0.60630614,0.056306154,0.12630615,0.84630615,1.1663061,-0.26369384,-2.7636938,-2.3236938,-2.0736938,-0.43369386,1.1663061,-0.07369385,0.016306153,-0.48369384,1.0763061,1.3963062,1.2063061,3.0163062,2.2963061,1.4563061,1.1263062,-1.3636938,2.366306,-0.15369385,-3.2536938,-0.7536938,0.14630616,0.63630617,1.3363061,2.0263062,0.40630615,0.6763061,1.0863061,0.64630616,-0.91369385,0.59630615,1.8163061,1.2963061,-0.71369386,-0.043693848,-0.21369384,-0.53369385
-0.97369385,0.12630615,1.0463061,1.4663062,1.4663062,-0.53369385,-1.7436938,-1.5436939,-1.8736938,-1.2236938,-0.19369385,0.64630616,-0.38369384,-0.093693845,0.40630615,1.4663062,1.0763061,2.606306,1.8363061,1.2063061,1.0263062,1.9663062,0.8663061,0.19630615,-0.15369385,-0.14369385,0.88630617,-0.45369384,-0.77369386,-2.103694,-2.2036939,-0.22369385,0.37630615,0.72630614,0.6863062,0.5563061,-0.20369385,1.0663061,-0.5736939,-0.70369387,-0.7536938,-0.20369385,-0.22369385
-0.86369383,0.18630615,0.5563061,1.0063062,0.33630615,-2.2836938,-2.103694,-1.6936939,-1.1236938,-1.3036939,0.42630616,1.1163062,-0.40369385,-0.54369384,1.5163062,1.3963062,2.846306,2.5263062,2.0563061,1.8963062,1.5363061,1.6663061,1.8463062,1.3063061,1.1263062,0.78630614,1.0063062,0.17630616,-1.0736939,-2.113694,-0.67369384,0.58630615,-0.41369385,0.086306155,-0.83369386,1.8463062,-0.5736939,-0.76369387,-1.0436939,-1.2136939,-0.33369386,0.53630614,0.09630615
-0.49369386,0.19630615,-0.18369384,0.13630615,-1.6236938,-2.2136939,-1.3836938,-0.25369385,-0.07369385,0.58630615,0.70630616,-0.07369385,-1.1536938,-0.71369386,0.5663062,1.7563062,2.9463062,1.9563061,1.8763062,1.6063062,1.4963062,1.5463061,1.2463062,0.95630616,0.58630615,0.95630616,1.1263062,0.95630616,0.32630616,0.58630615,-0.49369386,-0.89369386,0.90630615,0.34630615,-0.52369386,-1.3136939,-1.6736939,-0.91369385,-1.0736939,0.7563062,-0.11369385,0.65630615,-0.59369385
