wind_kz.json
{"header": {"discipline":0,"disciplineName":"Meteorological products","gribEdition":2,"gribLength":1025,"center":7,"centerName":"US National Weather Service - NCEP(WMC)","subcenter":0,"refTime":"2023-08-27T06:00:00.000Z","significanceOfRT":1,"significanceOfRTName":"Start of forecast","productStatus":0,"productStatusName":"Operational products","productType":1,"productTypeName":"Forecast products","productDefinitionTemplate":0,"productDefinitionTemplateName":"Analysis/forecast at horizontal level/layer at a point in time","parameterCategory":2,"parameterCategoryName":"UnknownDiscipline_0_Category_2","parameterNumber":2,"parameterNumberName":"UnknownParameter_D0_C2_2","parameterUnit":"Unknown","genProcessType":2,"genProcessTypeName":"Forecast","forecastTime":120,"surface1Type":103,"surface1TypeName":"Specified height level above ground","surface1Value":10.0,"surface2Type":255,"surface2TypeName":"Missing","surface2Value":0.0,"gridDefinitionTemplate":0,"gridDefinitionTemplateName":"Latitude_Longitude","numberPoints":615,"shape":6,"shapeName":"Earth spherical with radius of 6,371,229.0 m","gridUnits":"degrees","resolution":48,"winds":"true","scanMode":64,"nx":41,"ny":15,"basicAngle":0,"lo1":47.0,"la1":41.0,"lo2":87.0,"la2":55.0,"dx":1.0,"dy":1.0}, "data":
[rows 0 to 14 of 15, columns 0 to 40 of 41]
-0.120100096,1.8898998,-2.4601002,-2.1901002,-1.1001,-1.1801001,0.9798999,-1.6101002,-2.9101,-2.0501,-1.5601001,-1.3001001,-0.3601001,0.1698999,0.2098999,-0.46010008,-0.6301001,-1.1901001,-1.2801001,-0.43010008,1.6998999,2.1999,2.5198998,2.6499,-1.1101002,1.3298999,3.4199,3.4499,0.24989991,3.2199,-1.3701001,1.2698998,0.9898999,-0.8101001,-2.0301,-0.8401001,-2.4001,-4.2901,-5.5901003,-4.3801003,-6.3001003
-0.9501001,-2.3301,-2.7101002,-1.8901001,-3.4601002,-2.8201,-5.1601,-3.4501002,-2.3101,-0.9201001,0.5198999,2.1499,2.3198998,2.4499,3.0198998,3.2798998,1.9798999,1.7198999,1.5498999,2.5899,3.0198998,3.3699,2.8799,4.0199,4.0899,0.2798999,1.3498999,1.0198998,4.2399,1.9598999,0.8998999,-2.0701,0.0998999,1.6298999,1.5698999,-2.4401002,-4.7001,-4.9401,-1.2701001,-2.8001,-4.6201
-3.3601,-5.3001003,-4.8501,-6.4501,-5.4601,-4.7201,-3.4301002,-2.6001,-0.7401001,0.31989992,1.4898999,2.2798998,3.5798998,4.0799,5.2999,5.7899,6.1699,4.5799,3.0398998,3.0999,4.1899,4.3898997,4.5099,5.8499,1.4298999,2.1999,1.1798999,1.3698999,3.7798998,0.2098999,2.3499,-0.8401001,-2.6401,-0.6101001,2.0598998,1.4199,0.8898999,0.7298999,-1.3401,-0.9001001,1.1398998
-5.9901,-6.0101,-4.5501003,-4.3701,-3.6201,-3.0201,-1.3201001,-0.8101001,0.1698999,1.1398998,1.9298999,2.7398999,2.8399,3.6399,6.1998997,5.9699,5.6299,5.6499,5.3698997,4.4298997,2.6899,5.9999,2.7498999,5.9599,5.9199,4.8299,2.7199,3.1599,0.059899904,-1.1201001,1.0998999,1.1198999,4.7299,1.8999,5.9399,4.3199,0.7098999,0.9798999,-3.6101,-3.3701,-3.6201
-5.0601,-4.6101003,-3.5901,-2.2301002,-0.120100096,1.0898999,1.5299,1.9099,2.9998999,2.4898999,2.5098999,3.1199,3.4099,5.0199,4.8698997,7.7999,7.8299,6.0699,5.7999,6.2599,6.6699,6.4098997,7.0999,7.4298997,7.5399,4.3399,3.2998998,-0.3501001,-0.2501001,0.3798999,0.4498999,-2.1601,1.3498999,2.5198998,-3.9201002,-1.9601,3.6699,-2.9901001,-2.0701,-4.0401,-3.9201002
-1.1901001,0.0698999,-0.3901001,0.8698999,1.0098999,-1.0201001,0.4098999,1.1599,2.7998998,4.4899,5.5299,6.1499,4.9498997,5.4399,6.1998997,6.0599,6.6198997,8.1199,6.9599,7.7899,6.9899,7.1398997,8.2999,7.9498997,7.8199,7.5499,5.3299,0.4198999,3.6699,1.9298999,2.5298998,0.5698999,0.5898999,1.2498999,0.3498999,3.8699,-0.3801001,-0.0501001,0.7098999,2.0298998,2.6699
-1.9201001,-1.4501001,-1.0301001,0.1698999,0.4998999,0.5898999,1.3999,1.1098999,1.7098999,3.0098999,3.7099,4.7599,5.0799,5.5099,5.5999,5.3299,5.1299,6.2399,6.6198997,6.3499,6.5799,6.2899,5.9899,6.1499,5.3199,6.6099,6.8698997,4.6998997,2.3399,3.5899,2.8198998,2.5598998,0.7898999,2.3198998,3.8298998,3.2299,0.1498999,-1.3001001,-1.0101001,0.67989993,1.6998999
-1.5601001,-1.6801001,-1.0501001,-1.0201001,-1.4201001,-0.6301001,0.6498999,1.3298999,2.7798998,3.0598998,3.4599,4.5499,6.1998997,5.9399,6.2699,6.7499,7.1398997,7.0899,7.6598997,6.2499,7.8399,7.3399,6.1198997,7.1598997,7.9999,7.5299,6.0399,6.7199,7.5399,5.7999,5.8698997,3.3298998,2.2598999,2.9299,3.6899,-1.7501001,-2.2401001,4.2599,6.4699,6.7599,3.2398999
-2.1801002,-2.9101,-1.5801,-1.6001,-0.6001001,0.3098999,1.4798999,2.1999,2.9399,3.8699,5.4899,5.5799,6.6899,6.5299,6.6198997,6.2799,6.6099,6.4498997,7.8898997,8.4499,9.3299,5.7399,5.6899,7.8299,9.4799,9.5099,7.9799,7.6899,6.2199,5.6699,6.5099,6.2899,5.2299,4.8399,3.1699,1.7198999,-0.0701001,-1.1501001,-0.2001001,-0.9201001,1.1298999
-1.4101001,-1.2701001,-0.7701001,1.0798999,1.8598999,2.3198998,1.8798999,3.3599,3.8599,4.9699,5.5699,5.7799,6.1598997,5.3898997,6.2199,5.2499,5.6398997,5.7199,5.9599,5.9399,5.4999,6.4599,9.4199,8.7899,7.4999,10.0999,7.8099,8.2899,6.3399,7.3799,6.2899,5.0599,5.3999,4.7399,5.3999,2.8799,-1.3501,-1.6101002,1.7098999,0.7898999,-0.6801001
-0.4201001,0.1498999,0.2998999,1.3398999,2.1099,2.5598998,2.5198998,2.6499,4.4498997,4.9098997,5.3199,6.2099,5.3698997,6.6699,6.6398997,6.3299,6.8399,6.1798997,5.9498997,6.1598997,7.0499,7.7599,8.0899,8.0299,5.1598997,4.2099,7.6598997,7.2299,8.0399,6.9699,4.2999,4.7399,4.9298997,4.5099,3.7099,2.2498999,1.6398998,1.3698999,0.6598999,0.0398999,1.1298999
-0.6601001,-0.6401001,-0.1101001,0.1998999,1.2398999,1.0399,1.4099,3.4998999,3.4799,3.2998998,5.0499,5.9399,5.4199,4.4399,5.6499,6.2099,6.4999,5.6998997,5.2199,5.0199,5.4999,6.2299,6.4298997,4.2999,4.3199,2.1899,4.6398997,6.7299,4.9899,4.5099,4.7299,4.4899,3.4199,3.3499,2.5999,2.8499,3.8699,3.9599,-0.7701001,1.0898999,-0.8301001
-0.2401001,0.7998999,0.5598999,0.6498999,0.7898999,1.3198999,2.1899,2.4699,3.2099,2.5098999,2.2998998,5.6299,3.9199,3.8799,4.1299,4.7899,4.4799,3.9998999,1.9798999,4.3399,3.8098998,1.9498999,-0.8101001,1.3898998,0.31989992,0.0398999,0.8698999,4.3799,2.9399,2.8599,3.9399,2.7698998,3.8999,4.7499,4.5399,3.8799,3.1899,2.9299,3.9998999,2.7898998,1.9199
0.8998999,1.1998999,2.6899,1.0898999,1.1298999,1.3598999,1.6898999,2.5598998,2.3699,3.4998999,2.6999,3.4898999,5.4899,3.7498999,4.2999,3.3399,3.0598998,0.7098999,0.049899902,-0.3801001,-0.5101001,-1.9701,-1.8301,-3.4701002,-2.7601001,-1.0201001,-0.2201001,0.4498999,-0.4201001,1.9199,2.9299,5.2199,4.3299,3.9799,3.8098998,4.6099,3.8999,3.9898999,3.7598999,2.1799,1.2398999
1.7398999,1.6298999,1.4199,1.0798999,0.7998999,1.7498999,2.6199,2.4998999,2.7099,3.1999,1.6798999,3.3999,2.7099,3.1799,3.0198998,3.1499,2.1799,-0.1801001,-0.3101001,-0.1301001,-4.0201,-1.8901001,-0.9601001,-1.5101001,-2.0501,-2.2801,-1.3201001,-1.5901,-1.4401001,-1.5801,-2.9101,-2.1001,-0.9101001,0.9398999,2.0398998,2.9599,3.1299,4.7299,3.5598998,1.4998999,0.4698999
