wind_kz.json
{"header": {"discipline":0,"disciplineName":"Meteorological products","gribEdition":2,"gribLength":1102,"center":7,"centerName":"US National Weather Service - NCEP(WMC)","subcenter":0,"refTime":"2023-08-07T12:00:00.000Z","significanceOfRT":1,"significanceOfRTName":"Start of forecast","productStatus":0,"productStatusName":"Operational products","productType":1,"productTypeName":"Forecast products","productDefinitionTemplate":0,"productDefinitionTemplateName":"Analysis/forecast at horizontal level/layer at a point in time","parameterCategory":2,"parameterCategoryName":"UnknownDiscipline_0_Category_2","parameterNumber":2,"parameterNumberName":"UnknownParameter_D0_C2_2","parameterUnit":"Unknown","genProcessType":2,"genProcessTypeName":"Forecast","forecastTime":0,"surface1Type":103,"surface1TypeName":"Specified height level above ground","surface1Value":10.0,"surface2Type":255,"surface2TypeName":"Missing","surface2Value":0.0,"gridDefinitionTemplate":0,"gridDefinitionTemplateName":"Latitude_Longitude","numberPoints":615,"shape":6,"shapeName":"Earth spherical with radius of 6,371,229.0 m","gridUnits":"degrees","resolution":48,"winds":"true","scanMode":64,"nx":41,"ny":15,"basicAngle":0,"lo1":47.0,"la1":41.0,"lo2":87.0,"la2":55.0,"dx":1.0,"dy":1.0}, "data":
[rows 0 to 14 of 15, columns 0 to 40 of 41]
3.4753613,-3.1446388,-3.6646388,-5.3146386,0.15536132,5.0553613,6.595361,2.4853613,0.96536136,0.67536134,-0.6246387,0.7653613,3.8653612,3.8953614,0.9453613,2.2853613,2.9953613,4.4353614,4.8053613,5.985361,5.8153615,4.4553614,5.8953614,2.2953613,5.2653613,-1.3246387,1.8453614,4.7053614,3.6353614,1.2153614,1.2953613,0.30536133,0.39536133,2.2153614,3.5753613,5.845361,2.7153614,4.8253613,1.9153613,-1.3146386,-3.7846386
-1.5946387,-4.1846385,-3.1246386,-2.1446388,1.8953613,5.1253614,-2.0646386,-0.78463864,-0.004638672,1.2253613,2.8953614,5.8953614,4.7853613,4.985361,5.135361,2.4453614,4.4553614,6.8353615,2.5053613,8.125361,6.6453614,2.2153614,7.8953614,-1.9846387,1.7953613,-0.28463867,0.21536133,2.1753614,2.4753613,2.6753614,0.34536132,1.1653613,-0.48463866,1.8053613,0.61536133,1.7053614,1.0253613,5.1253614,2.2253613,1.8853613,-0.46463868
-3.7146387,-3.4446387,-1.5546386,-0.7546387,2.1653614,5.4553614,1.1753613,1.9653614,2.7553613,3.4753613,3.9653614,5.135361,7.7653613,1.2853613,4.8053613,6.385361,-1.0346386,-0.11463867,-0.33463868,1.2153614,0.6353613,4.3053613,-4.0846386,-2.6246386,10.635362,1.6253613,5.735361,9.865361,-5.1746387,-0.064638674,0.6853613,0.14536133,-0.7246387,-0.9946387,4.2653613,-0.52463865,1.0853614,-1.8946387,3.4353614,1.0853614,-0.76463866
-5.654639,-3.5146387,-2.5646386,0.21536133,5.3753614,2.0853612,2.4753613,3.3753614,5.5553613,3.5053613,5.7053614,5.405361,-4.2946386,-0.7546387,3.7953613,7.7253613,0.025361327,-2.6446388,-1.2646387,11.505362,-3.2346387,8.325361,-3.2546387,0.36536133,9.5453615,3.1553614,6.9353614,7.6053615,1.9853613,2.8053613,5.1453614,7.385361,9.615361,9.725361,8.895361,5.115361,1.7453613,0.22536133,-0.004638672,6.845361,6.6253614
-5.5046387,-3.9946387,-3.1346388,-2.0946386,-0.9146387,0.055361327,4.2453613,2.2953613,1.7153614,3.7853613,2.6253614,3.8553612,-1.9446387,-1.8046386,3.7753613,0.49536133,2.3053613,1.6453613,3.0253613,-3.4946387,12.235361,5.8953614,-2.6446388,3.4953613,13.825361,1.5053613,5.2953615,1.7153614,6.0153613,4.5753613,6.7853613,6.9953613,1.3053613,1.9253613,1.2953613,2.3753614,11.035361,-2.7446387,1.8953613,3.8653612,-3.8046386
-1.8746387,-2.7146387,-3.6946387,-3.5546386,-0.9346387,0.30536133,3.6353614,0.8353613,1.9353614,0.9353613,0.8353613,2.9953613,1.6653613,-1.4646387,-0.25463867,0.5253613,1.6253613,4.4353614,4.3153615,3.6553614,2.3053613,4.345361,6.2253613,3.0853612,5.3553615,1.5853614,4.2553616,-0.51463866,5.5353613,7.655361,4.445361,3.8053613,2.4053614,-3.5746386,0.9353613,-2.3146386,4.1053615,3.6553614,8.505362,-3.7846386,-4.4646387
-3.9446387,-3.6646388,-2.0146387,-1.4646387,-0.5546387,-2.0446386,-1.2546387,-0.23463868,-0.054638673,-0.5646387,-0.45463866,1.4253613,-1.6746386,-2.5646386,-1.1546386,-1.5346386,-0.35463867,-4.654639,3.9953613,-0.83463866,-0.024638671,-1.1446387,-2.0846386,4.345361,-6.114639,2.8653612,0.25536132,-0.30463868,3.2253613,3.4753613,2.2453613,1.3253614,3.0553613,4.4353614,2.2953613,-0.34463868,1.2853613,0.08536133,2.3153613,4.2953615,3.2753613
-3.5846386,-3.2546387,-3.0346386,-2.9846387,-2.4846387,-1.7246387,-2.0746386,-1.8346387,-0.83463866,-1.2646387,-5.1446385,-0.024638671,-1.1346387,-3.2246387,-1.7346387,-2.6146386,-0.35463867,-1.0746387,1.8053613,-0.64463866,0.23536132,-2.1946387,1.5253613,2.2353613,-2.2446387,-2.0846386,0.36536133,-2.7746387,1.4153613,-1.0046387,2.9453614,-0.69463867,0.25536132,-0.42463866,2.8253613,1.6153613,6.1053615,-2.4646387,-1.5246387,0.84536135,0.98536134
-4.7046385,-3.7146387,-2.8546386,-2.2646387,-2.3446386,-2.1646388,-1.8946387,-1.4146386,-0.94463867,-0.53463864,-3.6146386,-2.0446386,-3.1146386,-1.0246387,-0.9246387,-1.2146387,-0.90463865,-2.9446387,-2.4346387,-1.4446387,-5.7346387,2.6953614,-1.2046387,-8.324638,-5.014639,0.61536133,-4.264639,-3.8546386,5.5353613,-0.40463868,-3.5746386,-2.8946388,-1.1346387,-2.4846387,-1.8246387,0.12536132,-0.14463867,-0.6746387,1.5553613,0.46536133,1.0353613
-4.384639,-2.9846387,-2.4446387,-2.4946387,-2.5046387,-1.9246386,-1.8046386,-1.2546387,-1.7646387,-0.064638674,-2.7046387,-2.6546388,-2.0946386,-2.2946386,-2.6146386,-2.3746386,-2.0646386,-4.554639,-3.9146388,-2.2046387,-4.5846386,-3.6046386,-3.5746386,-3.4846387,-5.9446387,-3.7946386,-4.6646385,-5.034639,-4.7946386,-4.2546387,-5.154639,-2.5946386,-0.71463865,0.48536134,1.4153613,2.4453614,-0.24463867,-0.13463867,-0.24463867,1.0253613,1.2353613
-3.2146387,-3.1046386,-2.6646388,-2.8046386,-2.4446387,-1.8246387,-1.8346387,-2.6646388,-2.6146386,-1.5346386,-5.154639,-2.6946387,-1.4746387,-1.4546387,-0.7446387,-1.5746387,-2.6046386,-1.3146386,-2.7546387,-3.0846386,-7.6946387,-5.654639,-5.9646387,-5.8746386,-4.8146386,-3.9246387,-3.8646386,-3.3146386,-2.1946387,-0.7546387,-2.8046386,-0.3646387,-1.3146386,-0.9246387,-1.4846387,-4.0446386,-0.034638673,0.6453613,0.46536133,-0.5046387,0.32536134
-3.5646386,0.14536133,-2.4946387,-2.5846386,-2.1046386,-1.3146386,-1.9046386,-1.6446387,-1.9946387,-0.8746387,-3.7846386,-3.2746387,-2.2346387,-2.0746386,-2.3946388,-0.08463867,-2.8646386,-4.9446387,-3.3646386,-5.8146386,-3.6546388,-4.4846387,-3.7646387,-4.5046387,-4.6646385,-3.6546388,-3.3146386,-3.6446388,-3.6446388,-3.6446388,-2.8746386,-2.4546387,-1.3846387,-0.5646387,0.055361327,-3.4146388,0.25536132,-1.1746386,-1.0846387,0.09536133,1.2553613
-2.2946386,-3.5046387,-1.6146387,-2.1846387,-1.0846387,-1.4346386,-1.6946387,-2.6846387,0.84536135,-1.8146386,-0.52463865,-2.4846387,-3.6346388,-1.5746387,-3.3246386,-1.2146387,-3.7146387,-3.3946388,-2.0746386,-3.4346387,-3.3646386,-2.5946386,-4.1046386,-2.0746386,-3.9146388,-3.7746387,-3.6846387,-2.9746387,-3.6846387,-3.3546386,-2.2646387,-1.1546386,-0.21463867,1.2353613,-1.6846386,-0.5446387,0.6953613,0.06536133,-0.7546387,0.035361327,0.055361327
-2.8246386,-3.6146386,-2.1846387,-1.8046386,-1.4046386,-1.2246387,-2.4046388,-1.9446387,-0.46463868,-1.0146387,-0.20463867,-1.4146386,-2.1746387,-2.0646386,-1.3946387,-2.4946387,-1.5546386,-1.7046387,-3.3146386,-2.2346387,-3.3346386,-4.1046386,-2.9246387,-2.6346388,-2.6446388,-2.2246387,-0.6046387,-1.7746387,-1.3846387,-1.8046386,-1.4646387,-0.94463867,-0.6246387,0.33536133,-0.19463867,-0.07463867,0.115361325,0.49536133,1.2053614,0.49536133,-0.46463868
-2.0146387,-2.6146386,-3.3646386,-1.9546387,-1.3446387,-3.7946386,-1.6546386,-1.4346386,-1.9546387,-1.1546386,0.34536132,-1.3346387,-0.6246387,-1.3246387,-1.0246387,0.5053613,-0.23463868,-1.3046386,-3.8646386,-2.4546387,-1.9646387,-1.2246387,-0.9946387,-1.9046386,-1.6846386,-1.0346386,0.09536133,-2.2446387,-2.2246387,-2.1946387,-0.6846387,2.9853613,4.2053614,0.45536134,1.3753613,2.1853614,1.4653614,4.1253614,1.9253613,1.4153613,-0.6646387
