wind.json
{"header": {"discipline":0,"disciplineName":"Meteorological products","gribEdition":2,"gribLength":1039,"center":7,"centerName":"US National Weather Service - NCEP(WMC)","subcenter":0,"refTime":"2023-07-02T00:00:00.000Z","significanceOfRT":1,"significanceOfRTName":"Start of forecast","productStatus":0,"productStatusName":"Operational products","productType":1,"productTypeName":"Forecast products","productDefinitionTemplate":0,"productDefinitionTemplateName":"Analysis/forecast at horizontal level/layer at a point in time","parameterCategory":0,"parameterCategoryName":"UnknownDiscipline_0_Category_0","parameterNumber":0,"parameterNumberName":"UnknownParameter_D0_C0_0","parameterUnit":"Unknown","genProcessType":2,"genProcessTypeName":"Forecast","forecastTime":60,"surface1Type":1,"surface1TypeName":"Ground or water surface","surface1Value":0.0,"surface2Type":255,"surface2TypeName":"Missing","surface2Value":0.0,"gridDefinitionTemplate":0,"gridDefinitionTemplateName":"Latitude_Longitude","numberPoints":688,"shape":6,"shapeName":"Earth spherical with radius of 6,371,229.0 m","gridUnits":"degrees","resolution":48,"winds":"true","scanMode":64,"nx":43,"ny":16,"basicAngle":0,"lo1":45.0,"la1":40.0,"lo2":87.0,"la2":55.0,"dx":1.0,"dy":1.0}, "data":
[rows 0 to 15 of 16, columns 0 to 42 of 43]
302.81348,291.91348,313.91348,322.81348,321.81348,298.21347,297.81348,296.11346,321.31348,327.31348,327.81348,323.81348,325.11346,324.21347,322.5135,321.21347,319.61346,319.0135,318.5135,318.41348,316.11346,314.41348,312.0135,314.21347,310.61346,300.91348,301.61346,289.81348,286.71347,281.11346,292.61346,307.71347,310.5135,312.5135,315.91348,314.0135,313.5135,312.5135,314.21347,313.71347,313.71347,313.0135,312.91348
298.91348,316.0135,316.81348,301.5135,307.61346,297.41348,297.91348,297.31348,312.61346,326.91348,325.61346,325.31348,323.21347,323.61346,322.21347,321.5135,320.5135,320.71347,318.71347,317.91348,320.0135,318.71347,319.91348,313.21347,312.41348,307.21347,311.61346,313.61346,308.61346,289.5135,291.71347,290.11346,291.31348,295.31348,297.81348,298.11346,309.21347,307.91348,311.11346,311.61346,311.0135,312.21347,314.41348
300.91348,295.91348,293.61346,305.61346,298.31348,297.81348,298.31348,297.31348,324.5135,324.61346,324.11346,322.71347,322.71347,321.21347,320.31348,319.81348,321.81348,320.91348,322.41348,321.0135,318.91348,321.11346,319.0135,314.21347,312.31348,302.0135,292.21347,290.91348,292.31348,290.41348,290.91348,282.31348,285.71347,278.0135,294.11346,271.21347,287.11346,299.11346,300.5135,305.81348,310.61346,301.21347,284.41348
297.71347,302.31348,307.41348,297.81348,297.31348,297.61346,297.91348,321.91348,324.5135,324.11346,322.11346,319.91348,320.21347,320.91348,316.5135,315.81348,317.71347,317.91348,318.0135,318.31348,319.5135,319.31348,314.21347,314.21347,313.41348,308.61346,311.81348,310.81348,299.5135,299.61346,298.71347,285.5135,281.5135,281.81348,286.81348,294.81348,299.71347,297.81348,287.5135,288.81348,290.41348,286.41348,280.41348
313.41348,315.31348,311.61346,298.21347,298.5135,298.41348,303.61346,327.0135,323.31348,323.5135,322.21347,321.71347,320.21347,318.0135,296.81348,295.71347,316.21347,316.5135,315.91348,318.61346,316.31348,312.61346,313.41348,308.11346,313.41348,314.11346,313.81348,313.91348,315.71347,312.61346,310.91348,311.21347,311.11346,307.5135,308.41348,307.61346,312.11346,305.71347,283.71347,286.61346,291.91348,303.91348,307.61346
315.31348,316.31348,316.91348,300.0135,300.41348,301.0135,308.11346,320.5135,321.5135,319.91348,318.71347,318.91348,314.91348,316.91348,297.81348,296.21347,293.61346,315.81348,316.71347,314.0135,307.71347,313.91348,315.0135,314.31348,313.41348,311.91348,314.11346,314.81348,314.41348,308.91348,313.71347,313.81348,314.21347,311.71347,295.0135,280.11346,290.5135,298.5135,300.91348,315.0135,315.5135,313.0135,312.21347
316.81348,322.71347,321.11346,309.91348,299.11346,298.91348,298.5135,297.91348,320.11346,316.21347,309.31348,315.5135,320.11346,317.41348,297.61346,294.81348,304.81348,313.61346,315.41348,316.31348,305.31348,312.31348,304.71347,309.5135,312.5135,312.11346,312.31348,311.91348,310.81348,292.41348,314.81348,314.11346,312.81348,312.71347,311.91348,310.21347,307.81348,303.41348,298.91348,301.71347,312.21347,313.0135,310.5135
314.0135,304.21347,317.61346,304.41348,314.21347,308.0135,308.71347,307.71347,316.81348,320.31348,313.31348,318.31348,312.81348,314.5135,315.11346,312.31348,315.31348,315.91348,313.81348,312.0135,311.41348,299.5135,305.81348,298.21347,301.71347,306.0135,308.21347,310.81348,311.81348,314.21347,312.91348,313.31348,312.41348,313.61346,313.31348,311.71347,310.61346,308.81348,302.41348,290.41348,287.5135,291.61346,305.11346
317.81348,315.41348,313.11346,312.91348,312.11346,314.91348,315.61346,315.31348,321.91348,316.81348,310.0135,313.21347,310.5135,313.11346,310.41348,312.71347,315.21347,313.41348,307.0135,312.21347,309.31348,307.31348,301.5135,306.61346,299.21347,303.41348,305.61346,303.5135,308.31348,309.71347,309.41348,308.81348,310.81348,314.61346,309.31348,305.0135,306.0135,307.21347,309.0135,290.71347,307.71347,306.41348,302.21347
298.61346,307.31348,312.61346,312.21347,311.0135,313.41348,317.91348,316.11346,313.71347,312.11346,313.41348,309.5135,308.71347,309.0135,307.81348,312.5135,311.21347,304.81348,301.11346,308.91348,310.21347,297.21347,302.71347,301.71347,294.91348,300.5135,305.5135,299.11346,304.81348,303.0135,296.5135,290.0135,299.5135,301.71347,304.11346,303.81348,303.5135,301.0135,301.0135,301.61346,289.31348,288.5135,287.21347
300.71347,311.11346,302.0135,300.81348,308.41348,313.61346,313.91348,315.31348,309.0135,307.5135,302.5135,300.11346,302.91348,300.71347,307.0135,305.21347,297.81348,307.11346,306.41348,302.61346,304.11346,307.81348,295.81348,293.81348,304.11346,298.11346,291.0135,292.21347,294.0135,295.61346,291.61346,300.0135,301.71347,304.41348,304.21347,303.61346,302.21347,300.81348,298.91348,294.11346,290.81348,282.41348,278.71347
305.0135,301.21347,305.91348,303.11346,309.61346,309.41348,309.31348,305.31348,300.81348,303.21347,300.0135,299.5135,297.31348,303.61346,304.61346,297.31348,303.91348,304.71347,306.5135,308.31348,305.81348,292.5135,292.21347,303.41348,291.81348,292.11346,297.5135,295.41348,292.61346,297.61346,306.0135,307.71347,304.91348,304.91348,304.71347,302.61346,298.61346,298.91348,293.21347,289.41348,287.41348,290.71347,289.91348
298.21347,301.21347,298.41348,303.71347,305.21347,305.11346,304.71347,305.61346,304.91348,299.21347,304.41348,299.41348,299.21347,301.41348,300.81348,302.5135,302.11346,303.11346,303.21347,304.0135,303.61346,302.71347,296.81348,303.0135,302.71347,302.5135,297.5135,305.31348,305.81348,307.31348,302.11346,305.61346,303.11346,302.0135,301.61346,298.81348,297.81348,297.21347,296.61346,297.21347,295.21347,294.61346,294.81348
298.61346,300.0135,301.5135,303.0135,302.21347,304.0135,304.91348,301.41348,299.71347,306.31348,301.71347,297.21347,297.21347,291.91348,302.11346,300.11346,299.11346,302.61346,302.71347,302.21347,304.0135,301.91348,294.91348,291.71347,293.11346,290.41348,305.91348,301.71347,304.81348,306.0135,305.11346,303.71347,304.0135,301.91348,298.71347,297.61346,297.21347,297.21347,296.41348,297.11346,292.41348,294.31348,293.71347
298.5135,299.61346,300.81348,303.11346,298.41348,305.5135,301.31348,302.61346,301.31348,299.41348,299.71347,296.71347,296.0135,295.71347,294.41348,298.91348,301.41348,298.91348,303.81348,302.91348,303.71347,303.31348,303.31348,303.31348,304.81348,305.0135,304.41348,305.81348,304.11346,303.11346,302.61346,301.91348,302.61346,302.0135,301.31348,299.61346,297.91348,295.21347,293.81348,291.91348,294.0135,293.61346,291.91348
299.31348,299.11346,300.91348,304.21347,293.0135,303.11346,303.61346,297.5135,298.71347,302.41348,301.5135,300.21347,298.0135,297.71347,298.11346,297.81348,302.11346,302.81348,303.81348,304.41348,304.91348,302.71347,302.91348,303.81348,304.11346,303.91348,303.71347,301.81348,303.11346,303.71347,297.91348,302.21347,298.31348,295.0135,300.91348,300.11346,297.91348,296.41348,295.41348,292.91348,293.61346,292.91348,293.71347
