wind_kz.json
{"header": {"discipline":0,"disciplineName":"Meteorological products","gribEdition":2,"gribLength":1025,"center":7,"centerName":"US National Weather Service - NCEP(WMC)","subcenter":0,"refTime":"2023-08-20T18:00:00.000Z","significanceOfRT":1,"significanceOfRTName":"Start of forecast","productStatus":0,"productStatusName":"Operational products","productType":1,"productTypeName":"Forecast products","productDefinitionTemplate":0,"productDefinitionTemplateName":"Analysis/forecast at horizontal level/layer at a point in time","parameterCategory":2,"parameterCategoryName":"UnknownDiscipline_0_Category_2","parameterNumber":2,"parameterNumberName":"UnknownParameter_D0_C2_2","parameterUnit":"Unknown","genProcessType":2,"genProcessTypeName":"Forecast","forecastTime":120,"surface1Type":103,"surface1TypeName":"Specified height level above ground","surface1Value":10.0,"surface2Type":255,"surface2TypeName":"Missing","surface2Value":0.0,"gridDefinitionTemplate":0,"gridDefinitionTemplateName":"Latitude_Longitude","numberPoints":615,"shape":6,"shapeName":"Earth spherical with radius of 6,371,229.0 m","gridUnits":"degrees","resolution":48,"winds":"true","scanMode":64,"nx":41,"ny":15,"basicAngle":0,"lo1":47.0,"la1":41.0,"lo2":87.0,"la2":55.0,"dx":1.0,"dy":1.0}, "data":
[rows 0 to 14 of 15, columns 0 to 40 of 41]
-1.3547021,-0.16470215,1.5552979,-1.2647022,-4.2047024,-4.414702,-6.694702,-5.864702,-6.684702,-3.6247022,-5.0347023,-4.984702,-2.4347022,-3.764702,-4.254702,-3.034702,-1.2147021,0.80529785,1.2052978,3.0452979,3.4252977,0.88529783,-0.22470215,-1.2247021,1.5152979,-3.4747021,-2.8747022,0.21529785,-0.22470215,-0.39470214,-1.6247021,0.22529785,0.16529785,2.6552978,5.835298,7.7152977,0.35529786,-1.7847022,-1.1447022,-1.5547022,-3.534702
1.7452979,1.2252978,0.47529784,-1.5047021,-2.1647022,-1.6047021,-0.51470214,-3.784702,-3.1947021,-0.6547021,0.22529785,-3.6647022,-5.2247024,-3.3347023,-2.4547021,-1.3547021,0.97529787,1.3752979,2.3452978,1.5952978,-1.2547021,-2.1847022,-1.6647022,-2.0747023,0.075297855,-0.62470216,-1.5947021,-1.6347022,-1.9147022,-1.3247021,-0.27470216,-0.64470214,-0.39470214,0.21529785,-0.43470216,-0.23470215,-0.42470214,-0.08470215,-0.30470216,1.7052978,-1.6647022
1.7352978,1.4652978,0.43529785,-3.064702,5.7752976,2.3052979,2.0552979,3.6052978,2.3752978,2.0952978,-3.8747022,-5.334702,-3.814702,-2.494702,0.26529786,1.6552979,2.8552978,4.385298,4.055298,3.975298,-1.6047021,0.46529785,1.1352979,-0.064702146,1.6852978,3.8252978,3.6052978,3.505298,-1.8147022,-0.15470214,-1.7547021,2.265298,0.29529786,0.40529785,1.4252979,-0.20470215,0.04529785,-0.04470215,-0.49470216,-0.7847021,1.0052979
5.825298,8.315298,4.805298,3.695298,2.975298,2.3752978,4.685298,1.3552978,-2.794702,-3.764702,-3.4447021,-3.6347022,-0.30470216,1.4752978,3.5352979,3.745298,4.5252976,5.125298,5.205298,2.5552979,-1.3747021,0.62529784,4.495298,4.335298,3.0652978,3.6052978,5.385298,2.985298,-2.024702,0.8452979,0.6452978,-1.1547022,0.6452978,-0.22470215,-0.31470215,-2.3847022,-2.3347023,0.74529785,0.88529783,-0.40470216,-0.0047021485
3.3352978,4.2152977,5.395298,4.935298,5.2552977,2.8652978,1.5752978,0.9052979,1.1952978,-0.87470216,-2.6447022,-1.4547021,-0.73470217,3.3952978,5.2552977,4.565298,5.765298,5.6552978,4.4652977,3.0352979,1.4752978,4.015298,3.6352978,6.2152977,5.415298,5.205298,4.585298,3.005298,-3.774702,-3.304702,-2.9347022,-2.6547022,-2.9347022,-1.1847022,2.2952979,1.6952978,-3.1747022,-3.1847022,-3.284702,-3.1447022,-4.174702
-2.024702,-3.4147022,-1.3247021,6.015298,5.2152977,7.285298,5.565298,3.5852978,2.0552979,-1.1747022,-0.15470214,-2.6147022,-0.5447022,4.375298,4.285298,4.365298,6.2952976,5.855298,4.845298,2.5352979,1.6552979,3.755298,5.665298,4.245298,10.065298,5.475298,6.515298,2.2852979,-1.2347021,-2.794702,-1.5247022,-0.49470216,0.24529785,-3.004702,-0.9047021,-3.0747023,-0.68470216,1.2752979,-1.5447022,-3.4047022,-3.5947022
-1.4047022,-1.4147022,0.68529785,-1.1947021,-1.6947021,2.4252977,2.1052978,7.125298,-0.14470215,2.7852979,-1.8247021,-1.1347022,-0.6047022,2.975298,4.475298,0.61529785,0.43529785,5.4852977,6.915298,2.1552978,1.8552978,1.7152978,-0.09470215,2.1152978,3.945298,3.3952978,5.1552978,1.5752978,0.0152978515,-0.75470215,-1.4447021,1.4252979,3.725298,0.75529784,-1.0247022,-1.7347021,-1.6347022,3.3952978,-2.4547021,1.8552978,1.3552978
0.62529784,1.5252979,0.7152979,-1.0847021,-3.044702,-1.2647022,2.7752979,2.5552979,-1.3747021,-3.8647022,-2.794702,-1.9547021,1.4352978,2.1552978,0.7052978,0.18529785,-0.70470214,1.3452978,4.0252976,1.4152979,0.14529786,0.99529785,0.05529785,0.75529784,-0.9147022,-1.4847021,-2.6947021,-6.944702,-5.834702,-5.794702,-4.7647023,-1.2247021,-2.7147021,-0.11470215,0.39529786,2.1452978,2.455298,-3.9447021,-4.064702,-4.654702,-2.3647022
-0.07470215,-0.61470217,0.16529785,1.2452979,-0.76470214,-1.2147021,-0.49470216,-2.784702,-1.6347022,-3.5947022,0.5252979,0.50529784,0.5252979,-1.2947022,-0.024702149,1.5552979,0.97529787,-0.0047021485,1.5752978,-3.9647021,-1.7447021,-0.064702146,0.115297854,-0.75470215,-0.95470214,-1.9447021,-2.6647022,-3.6047022,-2.7147021,-4.064702,-6.0147023,-4.444702,-0.7947022,-0.8547022,1.1552979,1.2652979,-0.31470215,-3.244702,-1.5847021,0.08529785,-1.1647022
-2.034702,-1.2747022,-1.4847021,-0.04470215,-2.1647022,-4.0547023,-2.784702,-2.484702,-2.3647022,-0.93470216,0.60529786,1.5452979,-0.80470216,1.5152979,0.67529786,0.6452978,-1.3147022,-0.69470215,1.1452979,2.6152978,-1.5747021,-2.284702,-2.494702,-2.054702,-3.6447022,-2.064702,0.04529785,-1.1447022,-2.3547022,-3.1047022,-4.424702,-1.6447022,-1.2047021,-0.92470217,1.0052979,3.5452979,-1.2747022,-0.46470216,-2.6047022,-0.57470214,-0.42470214
-0.07470215,0.5952979,0.33529785,0.87529784,-0.98470217,-0.74470216,0.94529784,1.2152978,1.3352978,1.5852978,-0.63470215,1.1452979,2.1452978,0.61529785,3.205298,-2.4647021,-2.264702,-0.5447022,-0.28470215,1.1052978,0.035297852,-0.63470215,-2.1347022,-3.064702,-3.044702,-3.2147021,-2.9447021,-3.314702,-3.244702,-2.764702,-2.024702,0.20529786,-0.28470215,-0.9647021,0.6452978,0.68529785,-0.07470215,-0.21470214,-1.3347021,1.0752978,-1.6647022
-1.0147022,-0.99470216,-1.5847021,-0.39470214,-0.064702146,-0.43470216,1.8052979,2.215298,2.3152978,1.7152978,0.74529785,2.6352978,3.515298,2.955298,3.8752978,-1.3647021,-0.47470215,0.80529785,0.5252979,1.0652978,1.8952979,0.76529783,0.51529783,-2.6747022,-2.764702,-3.3847022,-3.294702,-3.274702,-2.3547022,0.0152978515,-1.5447022,-1.6947021,-0.30470216,-0.7847021,-0.35470214,1.0052979,-0.21470214,0.27529785,1.5552979,1.0152979,0.44529784
0.99529785,0.51529783,0.44529784,-0.14470215,0.31529784,0.72529787,1.1952978,0.66529787,1.0252979,0.30529785,-0.55470216,0.86529785,1.7152978,2.5952978,0.62529784,1.2652979,1.5252979,0.31529784,0.99529785,2.1152978,2.1252978,2.485298,-0.99470216,1.1652979,-0.55470216,-1.5747021,-2.484702,-3.034702,-2.1647022,-1.6647022,-3.254702,-2.4347022,-1.1547022,-0.6647022,-0.18470214,1.1452979,1.3452978,0.7752979,3.7752979,2.0552979,0.73529786
2.215298,1.3652978,1.7652979,2.3952978,1.1052978,1.4252979,0.91529787,0.34529784,1.1652979,0.28529784,-0.17470215,0.5952979,1.2852979,1.1852978,1.6452979,3.0652978,2.5452979,1.2852979,1.4152979,3.1352978,3.2852979,2.185298,-0.74470216,-1.2447021,-2.7147021,-3.7147021,-3.3847022,-1.7347021,-1.7547021,-1.1747022,-1.8647021,-0.23470215,0.35529786,1.8052979,1.5252979,2.0852978,1.4052979,3.0652978,1.5452979,0.8952978,1.3052979
1.3052979,1.7152978,3.445298,0.48529786,2.215298,2.0652978,2.015298,2.0352979,2.5352979,1.0952978,1.0352979,0.76529783,1.1552979,1.4252979,2.6452978,2.8852978,3.0452979,0.98529786,-0.69470215,2.495298,2.0252979,-1.6847022,-2.8947022,0.57529783,-3.6047022,-2.784702,-1.3347021,-1.6547022,-0.81470215,-0.25470215,0.33529785,0.5352979,1.1352979,3.1652977,2.8652978,2.8452978,2.5952978,3.1052978,3.0252979,4.595298,3.6352978
