wind_kz.json
{"header": {"discipline":0,"disciplineName":"Meteorological products","gribEdition":2,"gribLength":1025,"center":7,"centerName":"US National Weather Service - NCEP(WMC)","subcenter":0,"refTime":"2023-10-02T00:00:00.000Z","significanceOfRT":1,"significanceOfRTName":"Start of forecast","productStatus":0,"productStatusName":"Operational products","productType":1,"productTypeName":"Forecast products","productDefinitionTemplate":0,"productDefinitionTemplateName":"Analysis/forecast at horizontal level/layer at a point in time","parameterCategory":2,"parameterCategoryName":"UnknownDiscipline_0_Category_2","parameterNumber":3,"parameterNumberName":"UnknownParameter_D0_C2_3","parameterUnit":"Unknown","genProcessType":2,"genProcessTypeName":"Forecast","forecastTime":60,"surface1Type":103,"surface1TypeName":"Specified height level above ground","surface1Value":10.0,"surface2Type":255,"surface2TypeName":"Missing","surface2Value":0.0,"gridDefinitionTemplate":0,"gridDefinitionTemplateName":"Latitude_Longitude","numberPoints":615,"shape":6,"shapeName":"Earth spherical with radius of 6,371,229.0 m","gridUnits":"degrees","resolution":48,"winds":"true","scanMode":64,"nx":41,"ny":15,"basicAngle":0,"lo1":47.0,"la1":41.0,"lo2":87.0,"la2":55.0,"dx":1.0,"dy":1.0}, "data":
[rows 0 to 14 of 15, columns 0 to 40 of 41]
2.3036327,-0.3863672,-2.5763671,-9.686367,-7.736367,-4.236367,1.3136328,1.9036328,1.0836328,1.3836328,0.51363283,0.11363281,-1.1063672,-1.2163672,-1.2063671,-2.8163671,-4.1563673,-4.7863674,-5.5763674,-4.6763673,-3.3163671,-3.5663671,-2.3463671,1.6436328,3.9036329,0.2636328,0.49363282,1.6136328,-1.9263672,-0.8963672,1.5136328,-0.8963672,0.4436328,0.69363284,0.7536328,1.3036329,1.7836328,0.6836328,0.3836328,-0.9763672,-2.7063673
-1.1363672,-1.1363672,-6.686367,-6.686367,-5.3063674,-7.8663673,-4.9263673,-3.3463671,-1.6263672,-0.4563672,-1.0763671,-1.9863672,-1.6863672,-1.7463672,-1.7663672,-2.0663671,-4.8263674,-5.126367,-5.356367,-4.496367,-4.4263673,-3.0463672,-2.4963672,-0.8863672,1.9836328,2.8436327,0.7436328,1.3736328,0.19363281,-1.3263671,-0.8163672,-2.5163672,-2.0463672,-2.136367,-0.1763672,2.4136329,1.6836329,2.383633,0.34363282,0.2936328,-0.44636717
-1.8063672,-1.7463672,-4.666367,-4.776367,-4.456367,-3.7463672,-2.7363672,-0.47636718,-0.19636719,-3.876367,-1.8963672,-1.3563672,-1.7363672,-0.3263672,-2.4563673,-3.7763672,-5.0963674,-4.6163673,-4.686367,-3.4863672,-2.136367,-2.866367,0.22363281,0.5536328,-1.4663672,-0.6363672,-1.5163672,-1.9263672,-0.08636719,-1.5363672,-0.9663672,-1.4763672,-1.8963672,-2.136367,0.22363281,-0.92636716,-1.4863672,-2.2463672,-1.5663671,0.1836328,1.2536328
-2.7563672,-3.7163672,-2.9763672,0.2836328,-1.2863672,-2.106367,-5.2163672,-4.6363673,-2.1963673,-1.0163672,0.30363283,-1.3763672,-3.0263672,-4.256367,-3.8463671,-3.646367,-3.3263671,-4.186367,-4.5963674,-5.416367,-4.706367,-1.3863672,-0.6063672,-2.0163672,-1.1563672,-1.7963672,-2.3263671,-3.3063672,-0.9763672,-1.9763672,-1.9963672,-0.6063672,2.4736328,1.1136328,-0.6963672,0.0036328125,0.5936328,2.0936327,-1.6363672,-1.5763671,-3.5163672
1.4436328,-0.7763672,-2.2063673,1.2036328,0.5236328,-0.8463672,-4.2163672,-0.7763672,-2.4163673,-2.0763671,-0.6463672,0.95363283,1.2436328,-0.67636716,-2.9163673,-3.2163672,-3.0063672,-3.4563673,-3.4663672,-2.8363671,-2.2563672,-0.9363672,-0.1763672,-0.86636716,0.4736328,0.6236328,-2.0163672,-5.336367,-2.3363671,-2.7263672,-3.2463672,-2.4363673,-0.9063672,-0.2763672,0.4136328,2.8036327,1.5036328,0.0036328125,1.3536328,-1.3363671,-2.8363671
-2.3263671,0.4836328,0.6036328,2.0336328,-0.3563672,2.113633,3.0836327,2.5836327,-2.2163672,0.46363282,1.7536328,3.113633,3.7736328,0.82363284,-4.876367,-3.106367,-2.606367,-2.2663672,-2.5063672,-1.6163672,-1.9463671,-2.1763673,-0.9663672,0.17363282,0.76363283,1.9036328,-0.3063672,-4.3263674,-0.67636716,-1.9463671,-2.6763673,-4.1363673,-1.9063672,-2.9063673,-0.4663672,-0.98636717,-1.2163672,-2.8063672,-1.9063672,2.9036329,-1.3963672
-0.8763672,-0.43636718,3.1736329,2.643633,2.4736328,-0.4963672,3.0536327,3.1536329,3.133633,0.19363281,1.9636328,3.863633,2.603633,-1.2063671,-1.9163672,-3.106367,-4.2863674,-2.9763672,-2.606367,-2.1563673,-1.4163672,-0.25636718,0.11363281,-0.5963672,0.6536328,0.6136328,0.4736328,0.34363282,2.0936327,0.7436328,-0.3063672,-0.9163672,-1.4363672,-0.9063672,-0.2963672,-1.8163671,-1.4563671,-1.8763672,-1.0563672,-0.5063672,-3.4463673
0.4236328,2.4736328,1.2536328,3.4836328,2.9236329,0.3636328,-0.79636717,-3.9663672,1.5936328,1.0936328,2.3136327,2.0236328,0.6836328,-0.8863672,-1.8163671,-3.4563673,-2.7163672,-2.896367,-2.7263672,-1.6963671,-0.4563672,-0.5163672,-0.9563672,-1.2363672,0.46363282,0.31363282,1.7836328,1.2036328,0.2136328,-0.6663672,0.2636328,0.24363281,1.3836328,-2.8163671,-2.2363672,-1.5863671,-0.8963672,-2.3163671,0.8036328,-2.366367,-0.5063672
-0.2663672,3.0736327,5.0736327,3.143633,3.123633,3.5436327,2.5436327,-1.4363672,-3.5463672,2.113633,2.5136328,2.0736327,0.82363284,0.5936328,-0.6663672,-2.0163672,-2.876367,-3.0463672,-2.0763671,-2.6863673,-1.3963672,-0.8463672,-1.4563671,-0.8263672,0.073632814,0.15363282,0.9636328,0.82363284,0.6736328,0.9936328,0.9836328,-2.106367,-0.8163672,-1.6963671,-1.4263672,-0.23636718,-1.2263672,-1.6763672,-0.31636718,-0.8163672,0.7836328
-0.076367185,0.2536328,0.063632816,1.4036328,2.4336329,2.893633,3.5236328,2.893633,2.0836327,-2.5563672,0.8736328,1.1736329,1.0636328,1.3136328,1.0536329,0.7236328,-0.14636719,-0.9163672,-2.366367,-2.7663672,-2.0363672,-2.1963673,-1.5763671,-1.2263672,-0.9663672,-0.5863672,-0.6963672,-0.40636718,0.3836328,-0.3963672,0.9136328,-0.5763672,-0.9563672,1.0436329,0.7336328,-1.2363672,-0.11636719,0.6736328,0.88363284,0.5836328,0.6136328
1.0436329,2.2936327,0.94363284,1.7536328,1.2636328,4.623633,2.1836329,3.4336329,1.9836328,1.9936328,3.1936328,0.5236328,-1.2963672,-0.5063672,-0.2963672,1.0936328,2.1836329,2.133633,1.9336329,0.27363282,-0.5663672,-0.4963672,-0.7763672,-0.7063672,-0.2663672,-0.4963672,0.16363281,-0.6363672,0.073632814,0.11363281,0.4236328,-0.3563672,-0.8863672,-1.2663672,-1.3863672,-0.9063672,0.17363282,-0.4263672,-2.5263672,-0.9063672,-0.5663672
2.7036328,2.0636327,1.6836329,2.0736327,2.1536329,2.2336328,2.5136328,1.2936329,3.4536328,4.063633,2.883633,3.2436328,2.4636328,0.103632815,1.8736328,0.9736328,2.0736327,3.613633,3.5336328,2.7336328,1.8336328,1.1836329,0.70363283,0.3936328,0.103632815,0.27363282,-0.016367188,0.17363282,1.0236328,0.8536328,0.8036328,0.33363283,0.37363282,-0.8763672,0.1836328,-0.9163672,-1.0263672,-0.7563672,-0.19636719,-0.7163672,-0.3063672
3.1636329,3.2836328,3.7736328,1.9736328,2.123633,1.3036329,1.6536328,2.143633,2.9236329,2.2236328,2.3336327,1.3236328,1.2036328,1.5936328,1.0036328,0.33363283,1.5536329,2.383633,3.5736327,3.4336329,3.9236329,3.1536329,2.4136329,2.113633,1.3936328,1.3136328,1.2936329,1.8836328,2.2736328,1.7936329,1.8836328,1.8036329,0.88363284,-0.7263672,0.2936328,-0.026367188,0.023632813,-0.4263672,-0.6463672,-0.3363672,-0.9463672
4.273633,4.183633,4.183633,4.3036327,3.2136328,3.2536328,2.6936328,1.9136329,2.363633,2.2736328,1.2836328,1.3136328,2.1736329,1.5636328,0.023632813,0.5436328,1.5536329,1.2936329,2.9836328,4.203633,4.013633,4.1736326,3.7836328,3.143633,2.883633,2.2936327,2.9236329,3.0536327,2.9236329,2.7036328,2.133633,2.4536328,1.5536329,1.4236329,1.2736328,0.82363284,0.023632813,0.0036328125,-0.8463672,-0.3563672,-1.0963672
4.583633,5.6536326,5.683633,4.663633,5.3636327,4.273633,3.6736329,3.6736329,2.873633,2.3036327,1.5136328,3.2536328,0.95363283,0.6236328,-0.8263672,-0.5763672,-0.6063672,0.30363283,3.0236328,3.7036328,3.9236329,3.0136328,3.7636328,3.0436327,3.9836328,3.9536328,4.043633,4.0536327,3.603633,3.2436328,3.0136328,3.133633,2.3436327,2.113633,2.143633,1.6636329,2.6636329,0.9836328,0.9036328,0.7336328,-0.2763672
