wind.json
{"header": {"discipline":0,"disciplineName":"Meteorological products","gribEdition":2,"gribLength":1039,"center":7,"centerName":"US National Weather Service - NCEP(WMC)","subcenter":0,"refTime":"2023-06-27T00:00:00.000Z","significanceOfRT":1,"significanceOfRTName":"Start of forecast","productStatus":0,"productStatusName":"Operational products","productType":1,"productTypeName":"Forecast products","productDefinitionTemplate":0,"productDefinitionTemplateName":"Analysis/forecast at horizontal level/layer at a point in time","parameterCategory":0,"parameterCategoryName":"UnknownDiscipline_0_Category_0","parameterNumber":0,"parameterNumberName":"UnknownParameter_D0_C0_0","parameterUnit":"Unknown","genProcessType":2,"genProcessTypeName":"Forecast","forecastTime":180,"surface1Type":1,"surface1TypeName":"Ground or water surface","surface1Value":0.0,"surface2Type":255,"surface2TypeName":"Missing","surface2Value":0.0,"gridDefinitionTemplate":0,"gridDefinitionTemplateName":"Latitude_Longitude","numberPoints":688,"shape":6,"shapeName":"Earth spherical with radius of 6,371,229.0 m","gridUnits":"degrees","resolution":48,"winds":"true","scanMode":64,"nx":43,"ny":16,"basicAngle":0,"lo1":45.0,"la1":40.0,"lo2":87.0,"la2":55.0,"dx":1.0,"dy":1.0}, "data":
[rows 0 to 15 of 16, columns 0 to 42 of 43]
298.90002,292.30002,314.10004,322.7,321.80002,299.60004,297.60004,297.30002,322.80002,324.60004,324.90002,323.50003,324.2,322.10004,321.40002,320.60004,320.00003,319.7,319.7,319.10004,316.7,314.80002,312.2,314.40002,312.80002,308.2,308.40002,300.10004,293.40002,289.90002,297.00003,308.00003,309.80002,312.2,313.50003,316.60004,317.90002,315.2,316.10004,315.00003,313.50003,310.40002,310.7
298.80002,315.7,315.40002,300.30002,303.10004,297.7,297.40002,296.40002,316.10004,328.2,324.80002,325.50003,322.2,322.10004,321.00003,321.10004,320.30002,320.40002,319.60004,318.60004,320.80002,319.50003,321.2,314.10004,314.30002,309.40002,312.80002,315.2,310.00003,289.90002,290.90002,288.90002,289.2,293.90002,302.80002,314.40002,316.00003,316.90002,310.60004,314.60004,313.10004,312.7,312.80002
303.30002,295.50003,292.80002,305.60004,297.40002,300.30002,298.10004,296.2,324.80002,325.80002,323.60004,323.60004,325.7,322.2,321.7,319.50003,320.00003,320.40002,320.50003,320.00003,319.10004,320.50003,320.50003,315.80002,313.40002,303.50003,292.60004,290.40002,297.80002,291.00003,291.7,284.2,289.10004,281.00003,295.30002,270.30002,291.40002,301.40002,297.90002,297.50003,311.10004,298.60004,286.2
297.90002,302.40002,306.60004,298.80002,297.60004,299.00003,297.00003,324.2,323.40002,323.30002,324.00003,323.10004,323.7,324.10004,319.00003,319.50003,318.60004,320.50003,319.2,318.40002,318.30002,319.40002,319.40002,315.60004,316.90002,309.7,312.30002,311.2,310.60004,309.90002,307.00003,292.90002,283.80002,285.7,291.50003,289.00003,286.2,286.90002,283.2,284.80002,286.30002,283.00003,279.00003
313.2,318.30002,311.90002,299.10004,299.40002,297.90002,304.00003,325.10004,325.2,325.10004,326.00003,325.00003,322.40002,321.10004,296.90002,296.80002,317.80002,319.00003,318.80002,319.10004,318.80002,318.60004,314.10004,312.7,316.2,316.10004,315.10004,314.40002,314.10004,310.00003,307.90002,307.90002,308.50003,303.30002,305.2,309.00003,307.30002,301.80002,284.90002,287.2,289.60004,302.30002,301.90002
314.90002,316.10004,315.90002,298.60004,298.40002,298.7,307.00003,321.2,325.2,326.50003,323.10004,322.60004,322.30002,319.00003,296.30002,297.50003,294.60004,318.90002,319.60004,316.60004,313.30002,316.50003,317.60004,318.10004,317.7,316.90002,316.2,315.80002,312.30002,305.40002,309.00003,307.90002,306.00003,304.7,283.40002,281.2,295.60004,305.2,302.30002,311.7,313.60004,311.2,311.00003
314.90002,319.2,319.10004,315.90002,299.60004,298.60004,298.90002,298.30002,323.7,322.80002,323.7,324.00003,323.30002,322.80002,298.40002,295.60004,307.00003,316.00003,319.00003,318.7,316.80002,316.10004,316.7,316.40002,316.30002,315.30002,314.60004,312.30002,310.2,291.7,310.30002,307.80002,305.40002,305.10004,301.50003,303.10004,294.7,297.90002,286.00003,294.50003,303.10004,314.10004,311.00003
319.2,320.00003,319.60004,320.60004,321.60004,320.60004,313.90002,318.60004,322.10004,322.60004,321.00003,322.10004,318.10004,318.40002,313.00003,308.10004,318.2,317.60004,316.2,316.10004,317.00003,314.30002,312.30002,315.00003,313.60004,312.7,310.2,309.00003,309.80002,309.80002,301.2,306.60004,303.80002,301.30002,304.60004,303.7,301.10004,297.2,295.2,293.7,288.40002,289.80002,303.00003
315.90002,317.60004,319.00003,319.80002,320.90002,321.30002,321.80002,321.90002,321.2,320.00003,318.2,317.00003,308.40002,309.7,312.80002,307.30002,306.10004,316.10004,313.2,310.40002,315.00003,312.90002,311.00003,313.2,312.10004,310.7,306.90002,306.00003,302.80002,306.50003,299.80002,295.7,295.90002,299.7,299.40002,296.2,300.00003,304.90002,297.40002,288.90002,306.10004,305.50003,302.30002
297.50003,312.60004,313.2,316.10004,320.30002,316.10004,316.80002,310.2,312.30002,311.80002,305.40002,311.10004,309.10004,306.50003,312.10004,313.40002,306.00003,313.90002,310.10004,312.40002,307.10004,310.60004,304.30002,310.2,310.10004,307.00003,303.80002,306.7,301.30002,298.80002,299.7,292.80002,289.00003,294.80002,291.60004,303.40002,303.7,300.7,298.00003,299.10004,286.30002,287.7,290.2
299.90002,302.40002,312.30002,309.30002,309.10004,310.7,301.7,302.10004,311.50003,313.30002,309.40002,309.80002,302.10004,298.40002,305.60004,299.90002,302.7,310.40002,311.50003,310.30002,309.40002,309.2,304.90002,311.2,310.10004,307.50003,305.7,305.2,304.7,303.7,301.00003,301.50003,301.7,302.30002,306.10004,307.90002,304.7,300.00003,292.00003,294.60004,292.7,288.50003,289.60004
303.50003,296.50003,306.90002,307.30002,307.80002,309.2,307.40002,307.2,307.7,308.2,307.2,300.10004,306.7,305.7,306.50003,305.60004,301.10004,307.2,305.90002,303.50003,308.40002,306.40002,307.50003,310.50003,307.30002,305.40002,303.80002,302.50003,300.50003,305.10004,305.2,306.60004,305.90002,304.00003,306.00003,304.00003,302.2,302.00003,296.40002,294.40002,294.60004,293.80002,293.50003
299.2,301.00003,303.40002,305.10004,306.40002,307.2,304.10004,302.60004,302.50003,304.2,295.90002,303.90002,300.50003,299.90002,298.10004,298.80002,304.60004,305.2,306.10004,306.30002,304.00003,305.30002,304.90002,305.90002,305.60004,305.00003,302.90002,303.2,305.40002,306.7,307.90002,308.10004,304.50003,304.90002,305.00003,302.80002,302.40002,301.90002,300.90002,300.60004,297.60004,297.80002,296.90002
297.50003,297.50003,299.80002,301.60004,304.90002,303.30002,303.30002,303.2,302.80002,298.40002,297.2,296.10004,299.2,296.2,299.7,296.50003,302.50003,302.2,302.60004,299.50003,299.40002,303.2,302.50003,302.2,304.00003,302.10004,304.7,303.90002,307.10004,305.90002,306.00003,305.10004,306.10004,304.7,303.00003,303.50003,302.50003,300.2,299.40002,299.60004,295.30002,297.7,295.50003
296.30002,297.10004,299.10004,298.80002,294.90002,301.7,300.60004,300.2,299.50003,297.7,297.7,298.30002,294.90002,293.10004,297.40002,301.00003,301.90002,301.50003,301.7,297.80002,296.80002,303.10004,301.00003,303.2,304.50003,303.10004,304.10004,304.30002,303.2,301.60004,301.40002,301.50003,302.00003,304.40002,303.60004,301.60004,299.00003,298.50003,298.30002,297.80002,297.40002,296.40002,297.30002
295.90002,295.30002,293.80002,299.2,291.60004,300.10004,297.00003,300.90002,301.90002,300.7,300.60004,300.10004,295.30002,293.30002,296.80002,289.80002,301.90002,300.7,301.90002,301.50003,302.40002,301.90002,302.80002,303.2,303.10004,302.00003,301.2,300.50003,301.2,301.10004,300.10004,300.80002,300.00003,294.40002,301.7,301.30002,300.50003,297.90002,295.2,293.50003,296.00003,295.80002,297.40002
