wind_kz.json
{"header": {"discipline":0,"disciplineName":"Meteorological products","gribEdition":2,"gribLength":1025,"center":7,"centerName":"US National Weather Service - NCEP(WMC)","subcenter":0,"refTime":"2023-09-10T00:00:00.000Z","significanceOfRT":1,"significanceOfRTName":"Start of forecast","productStatus":0,"productStatusName":"Operational products","productType":1,"productTypeName":"Forecast products","productDefinitionTemplate":0,"productDefinitionTemplateName":"Analysis/forecast at horizontal level/layer at a point in time","parameterCategory":2,"parameterCategoryName":"UnknownDiscipline_0_Category_2","parameterNumber":3,"parameterNumberName":"UnknownParameter_D0_C2_3","parameterUnit":"Unknown","genProcessType":2,"genProcessTypeName":"Forecast","forecastTime":240,"surface1Type":103,"surface1TypeName":"Specified height level above ground","surface1Value":10.0,"surface2Type":255,"surface2TypeName":"Missing","surface2Value":0.0,"gridDefinitionTemplate":0,"gridDefinitionTemplateName":"Latitude_Longitude","numberPoints":615,"shape":6,"shapeName":"Earth spherical with radius of 6,371,229.0 m","gridUnits":"degrees","resolution":48,"winds":"true","scanMode":64,"nx":41,"ny":15,"basicAngle":0,"lo1":47.0,"la1":41.0,"lo2":87.0,"la2":55.0,"dx":1.0,"dy":1.0}, "data":
[rows 0 to 14 of 15, columns 0 to 40 of 41]
0.1492212,-1.8407788,1.6092212,1.1492212,-1.8907788,-4.110779,-3.4107788,-3.2207787,-1.8707788,-2.030779,-3.1107788,-2.8007789,-2.9107788,-2.3207788,-2.5407789,-2.4407787,-2.030779,-0.5007788,-1.8607788,0.089221194,-1.3307788,-3.7307787,0.7192212,0.59922117,0.7392212,1.5092212,-1.3507788,1.9492211,0.6792212,3.5592213,1.7892212,1.9192212,-0.5007788,-1.5607789,-0.3107788,0.3292212,0.04922119,1.5992212,2.6892211,1.4792212,1.1692212
2.2692213,2.2992213,3.7092211,-0.4907788,0.03922119,-1.7407788,-2.1607788,-1.4407789,-1.5707788,-2.9607787,-3.0707788,-2.990779,-2.5407789,-2.3107789,-2.9507787,-2.3907788,-2.5607789,1.6692212,-0.17077881,-0.3107788,-1.7107788,-0.65077883,1.8692212,1.2692212,2.6992211,2.239221,-1.1307788,2.749221,0.7092212,2.9092212,2.4092212,5.199221,1.5992212,0.8592212,0.8392212,-0.030778809,0.6592212,-1.0307788,1.2692212,-2.2207787,0.9292212
3.0892212,7.369221,2.8592212,-1.0407788,-1.9007788,-2.3007789,0.6392212,-2.0407789,-2.6307788,-4.220779,-4.090779,-2.8707788,-3.4207788,-3.3107789,-5.0207787,-2.7307787,-1.9707788,-1.0907788,-0.8507788,-1.8107789,-1.3007789,-2.020779,-0.9907788,2.9192212,5.009221,1.0592211,1.7692212,-1.5007788,-0.7607788,-1.3207788,2.719221,-0.9107788,0.5792212,-0.83077884,0.33922118,1.6592212,4.359221,0.9992212,0.6992212,0.2992212,0.84922117
0.8292212,4.359221,1.5692211,-1.6807789,-2.3707788,-1.5707788,-1.8607788,-0.9107788,-3.0807788,-3.3707788,-3.510779,-4.260779,-7.240779,-5.260779,-3.9607787,-2.780779,-1.8707788,-2.5807788,-2.3107789,-5.5407786,-0.7907788,2.0192213,-2.2107787,0.4892212,5.5192213,8.049221,5.719221,0.8592212,-1.1107788,-2.9507787,-3.6707788,-3.510779,-0.5307788,1.8192211,1.2092212,-2.6707788,-2.510779,1.7692212,-0.08077881,0.97922117,-0.52077883
0.53922117,1.5192212,-0.030778809,-1.1307788,-0.8507788,-1.5707788,1.6392212,-0.3607788,-2.510779,-3.6607788,-3.8707788,-3.6707788,-5.390779,-4.8107786,-5.900779,-4.2107787,-4.8507786,-5.7907786,1.7392212,2.979221,-2.1507788,1.3292212,-0.3307788,0.059221193,0.5592212,4.1492214,1.9092212,-0.6407788,-2.000779,-1.2807788,-1.4807788,1.0492212,2.1492212,2.7092211,-0.2707788,-2.5707788,0.059221193,-4.090779,-1.3407788,0.8092212,0.59922117
0.9392212,0.1492212,-1.8007789,-2.3707788,-1.7907788,0.7692212,1.2792212,-0.7507788,-2.010779,-2.510779,-3.1207788,-4.200779,-5.120779,-8.560779,-8.290779,-6.410779,-5.4407787,-4.630779,-6.800779,-6.990779,0.91922116,3.4392211,-3.4407787,1.0992212,-1.9307789,0.12922119,-1.5007788,-2.3107789,-3.000779,-2.7307787,-3.760779,-4.360779,-3.780779,1.8592212,3.0992212,-0.05077881,1.7792212,2.6092212,-1.3507788,-1.8807788,-1.2207788
1.4792212,1.2692212,-1.6307788,-3.0507789,-0.3307788,1.6092212,-0.1807788,0.4792212,-1.6907789,-1.8707788,-2.7907789,-2.8307788,-4.2507787,-5.490779,-6.400779,-7.090779,-6.6907787,-6.090779,-7.5607786,-2.8307788,-4.9607787,-3.240779,-0.4507788,0.8892212,0.3492212,-0.6307788,-2.3307788,-2.5807788,-3.6307788,-4.340779,-6.510779,-8.010778,-7.1907787,-7.0207787,-0.6107788,-0.05077881,-1.1307788,-1.8107789,1.7692212,0.4692212,-0.1307788
1.7092212,0.4792212,-1.3207788,-2.5407789,-1.8407788,-0.060778808,0.33922118,1.5392212,0.8792212,-1.0507789,-1.8507788,-1.6807789,-3.8507788,-4.3307786,-6.3307786,-6.530779,-6.6707788,-5.890779,-5.8307786,-3.5607789,-3.760779,-2.2307787,-1.9207788,-0.83077884,-0.010778809,0.7592212,0.2592212,-1.9407789,-2.5807788,-4.390779,-4.900779,-4.7907786,-7.180779,-7.050779,-4.280779,-1.8307788,-1.3007789,-0.9307788,1.1192212,-0.3607788,-1.6907789
2.6192212,1.9092212,0.2892212,-1.3007789,-2.4507787,-3.1607788,1.1092212,0.12922119,1.3092211,-0.060778808,-1.6107788,-2.280779,-3.3607788,-4.2507787,-5.200779,-6.0407786,-5.650779,-5.0407786,-4.5407786,-3.6207788,-0.8807788,-1.7307788,-1.1707788,-1.3107789,-0.3607788,0.1792212,-0.2607788,-0.9707788,-1.7007788,-2.3807788,-4.840779,-4.640779,-3.0907788,-3.0607789,-2.6907787,-2.3907788,-3.030779,-1.1007788,0.7092212,0.1492212,-2.030779
3.219221,2.5292213,1.4692212,0.2592212,-1.7807788,-2.0507789,-2.0407789,-1.2207788,0.8392212,1.4992212,-0.6407788,-1.6307788,-2.2107787,-3.280779,-4.280779,-5.1007786,-4.740779,-4.780779,-4.2307787,-3.4207788,-1.8807788,-0.9907788,-0.3307788,-0.4507788,0.8392212,1.0392212,-0.5707788,-0.020778809,-1.1307788,-2.1707788,-1.8007789,-3.010779,-5.150779,-4.9807787,-3.1807787,-1.0907788,-0.12077881,-2.280779,-1.4407789,0.8192212,1.9492211
3.6092212,3.2692213,2.6992211,1.1692212,-0.04077881,0.15922119,0.2592212,-0.14077881,0.20922118,0.5892212,-0.10077881,0.4892212,-1.1907789,-2.4107788,-3.3307788,-3.770779,-4.2907786,-4.280779,-3.8607788,-3.9207788,-3.500779,-1.8807788,-2.240779,-1.3107789,-1.0307788,0.4992212,-0.04077881,-0.4007788,-0.9907788,-1.1107788,-2.280779,-2.8707788,-3.6907787,-3.4407787,-4.1907787,-3.8307788,-1.9207788,1.0692211,0.3592212,0.12922119,-0.010778809
2.8192213,3.1192212,2.9292212,2.989221,2.4492211,1.7192212,1.2392212,1.1292212,0.9092212,0.39922118,-7.788086E-4,-0.8207788,-1.6807789,-0.6707788,-1.6107788,-2.3407788,-2.8907788,-3.6707788,-2.8707788,-3.240779,-2.8007789,-2.4107788,-2.1007788,-2.2207787,-2.1107788,-1.5907788,-7.788086E-4,-0.2507788,-0.2407788,-0.35077882,-1.3107789,-3.1907787,-2.0707788,-2.6107788,-2.4207788,-3.5507789,-2.6307788,-1.2607788,-0.2807788,0.1792212,0.7392212
2.9092212,3.5992212,3.509221,2.6392212,2.7992213,1.6392212,1.4792212,2.0392213,2.5192213,1.4792212,0.5292212,-0.4307788,-7.788086E-4,-0.5907788,-0.020778809,-0.44077882,-0.8407788,-1.4507788,-1.7607788,-2.000779,-1.0407788,-1.0407788,-1.2007788,-0.6007788,-1.4107788,-0.7507788,0.3592212,0.9992212,0.5592212,-0.4207788,-1.0707788,-2.020779,-3.1407788,-2.6007788,-2.1107788,-2.5807788,-3.4207788,-2.240779,-2.0907788,-0.3707788,-0.10077881
3.0692213,3.509221,3.6792212,3.249221,3.0992212,4.6892214,3.3192213,3.3192213,2.479221,2.739221,1.9192212,0.07922119,-0.4607788,0.6092212,0.53922117,1.4592212,0.8192212,0.4392212,0.5792212,0.7592212,0.78922117,0.8092212,0.4892212,-0.6307788,-1.5907788,-1.9607788,-1.0207788,-0.3907788,-0.060778808,-0.6407788,-2.260779,-2.1107788,-2.1307788,-1.5707788,-2.1007788,-2.8707788,-2.740779,-2.9807787,-2.6407788,-2.0707788,-0.9307788
2.3492212,3.3692212,6.279221,3.0892212,3.5292213,4.069221,5.879221,3.0692213,3.499221,2.7692213,1.3592212,2.0492213,2.3092213,-0.04077881,1.2992212,1.2892212,1.8592212,1.8192211,1.9192212,1.5492212,1.3992212,1.1792212,0.6292212,-0.010778809,-0.15077882,-0.04077881,-0.15077882,-0.9707788,-0.8007788,-1.1707788,-1.7407788,-1.9907788,-0.8207788,-1.0807788,-1.7407788,-1.8007789,-1.8207788,-1.8207788,-2.0407789,-2.4207788,-1.1807789
