wind_kz.json
{"header": {"discipline":0,"disciplineName":"Meteorological products","gribEdition":2,"gribLength":794,"center":7,"centerName":"US National Weather Service - NCEP(WMC)","subcenter":0,"refTime":"2023-10-03T00:00:00.000Z","significanceOfRT":1,"significanceOfRTName":"Start of forecast","productStatus":0,"productStatusName":"Operational products","productType":1,"productTypeName":"Forecast products","productDefinitionTemplate":0,"productDefinitionTemplateName":"Analysis/forecast at horizontal level/layer at a point in time","parameterCategory":2,"parameterCategoryName":"UnknownDiscipline_0_Category_2","parameterNumber":2,"parameterNumberName":"UnknownParameter_D0_C2_2","parameterUnit":"Unknown","genProcessType":2,"genProcessTypeName":"Forecast","forecastTime":240,"surface1Type":103,"surface1TypeName":"Specified height level above ground","surface1Value":10.0,"surface2Type":255,"surface2TypeName":"Missing","surface2Value":0.0,"gridDefinitionTemplate":0,"gridDefinitionTemplateName":"Latitude_Longitude","numberPoints":615,"shape":6,"shapeName":"Earth spherical with radius of 6,371,229.0 m","gridUnits":"degrees","resolution":48,"winds":"true","scanMode":64,"nx":41,"ny":15,"basicAngle":0,"lo1":47.0,"la1":41.0,"lo2":87.0,"la2":55.0,"dx":1.0,"dy":1.0}, "data":
[rows 0 to 14 of 15, columns 0 to 40 of 41]
2.0262208,0.026220703,1.6262207,-1.3737793,-2.5737793,-5.7737794,-5.2737794,-5.573779,-6.2737794,-3.6737792,-3.9737792,-5.473779,-5.6737795,-4.2737794,-3.5737793,-2.0737793,-1.0737793,-1.5737793,-4.1737795,-1.8737793,0.8262207,1.3262208,2.5262208,0.8262207,-1.1737792,-2.4737792,-1.6737792,0.7262207,1.0262207,0.3262207,-1.2737793,1.9262207,0.7262207,0.3262207,1.2262207,1.6262207,1.3262208,0.3262207,-1.0737793,-1.8737793,-2.7737794
2.0262208,1.0262207,-6.8737793,-6.073779,-5.8737793,-6.7737794,-4.073779,-6.1737795,-4.573779,-3.8737793,-3.4737792,-4.473779,-4.1737795,-2.8737793,-2.3737793,-1.3737793,0.5262207,-2.6737792,-2.1737792,-1.0737793,0.42622072,0.8262207,0.9262207,0.42622072,0.5262207,0.42622072,0.2262207,0.7262207,-0.2737793,-0.9737793,0.2262207,-0.5737793,1.8262208,-2.5737793,-0.1737793,-0.6737793,-0.9737793,-0.3737793,-1.7737793,0.9262207,-2.8737793
0.6262207,-2.9737792,-4.2737794,-4.1737795,-5.1737795,-4.973779,-4.073779,-2.9737792,-4.1737795,-3.6737792,-2.9737792,-3.1737792,-3.0737793,-3.1737792,-2.0737793,-1.5737793,-2.2737794,-0.8737793,0.42622072,1.0262207,1.5262207,4.2262206,-0.3737793,1.0262207,3.5262208,4.426221,6.3262205,5.426221,1.4262207,-0.0737793,-1.7737793,2.9262207,-0.5737793,-1.1737792,0.5262207,-0.6737793,-1.0737793,0.2262207,-1.4737793,1.6262207,1.7262207
0.5262207,-4.2737794,-2.9737792,-2.8737793,-3.4737792,-2.5737793,-1.8737793,-2.5737793,-2.5737793,-2.3737793,-2.5737793,-1.2737793,-1.0737793,-2.5737793,-2.1737792,-1.4737793,-0.7737793,-0.2737793,1.1262207,1.5262207,1.5262207,-1.0737793,4.3262205,4.6262207,4.8262205,5.3262205,6.926221,3.0262208,0.5262207,-1.0737793,-1.0737793,-7.073779,-3.4737792,-3.7737794,-2.4737792,-2.6737792,-1.9737793,1.8262208,1.3262208,0.026220703,-1.5737793
2.2262206,-0.2737793,-0.4737793,-1.1737792,-1.3737793,-0.7737793,-1.3737793,-1.4737793,-1.7737793,-1.5737793,-0.9737793,-0.5737793,-1.1737792,-0.3737793,-2.8737793,-1.2737793,-0.2737793,-0.0737793,0.7262207,2.3262208,2.8262208,3.1262207,3.1262207,4.8262205,5.926221,6.926221,5.426221,2.9262207,3.5262208,2.7262206,1.5262207,-1.5737793,-2.7737794,0.8262207,-0.7737793,-0.8737793,-1.6737792,-3.4737792,-2.6737792,-3.3737793,-3.3737793
1.1262207,0.42622072,1.5262207,1.0262207,2.0262208,1.6262207,-0.3737793,-0.7737793,-1.0737793,0.1262207,-0.1737793,-0.9737793,-0.9737793,-0.6737793,-1.4737793,-0.6737793,-0.2737793,0.42622072,0.7262207,2.7262206,3.0262208,0.3262207,3.4262207,3.3262208,3.4262207,6.8262205,8.426221,4.426221,3.4262207,3.5262208,0.9262207,-0.6737793,-3.2737794,-2.4737792,-0.6737793,-4.473779,-0.0737793,-1.6737792,-0.7737793,-3.2737794,-3.8737793
2.7262206,0.7262207,1.0262207,0.7262207,3.6262207,1.6262207,-1.2737793,-0.5737793,0.026220703,0.6262207,0.42622072,0.1262207,0.2262207,0.8262207,1.3262208,1.0262207,0.9262207,0.9262207,0.42622072,0.9262207,1.1262207,0.8262207,1.3262208,1.5262207,1.4262207,5.426221,7.7262206,6.7262206,3.8262208,2.8262208,-0.9737793,-2.6737792,-2.6737792,-4.7737794,-5.1737795,-3.3737793,-1.3737793,2.4262207,-1.1737792,1.2262207,-0.7737793
3.9262207,3.2262206,2.5262208,2.2262206,2.4262207,1.6262207,0.7262207,0.8262207,1.5262207,0.8262207,1.4262207,1.8262208,2.1262207,2.1262207,2.6262207,2.4262207,2.6262207,1.2262207,0.5262207,0.026220703,1.9262207,1.4262207,-0.0737793,0.5262207,0.1262207,-0.1737793,2.5262208,5.3262205,3.8262208,2.2262206,-0.0737793,-1.5737793,-3.3737793,-0.4737793,-2.6737792,-0.8737793,-3.0737793,-6.573779,-5.7737794,-4.3737793,-1.9737793
4.7262206,4.426221,3.7262206,3.4262207,3.7262206,3.2262206,2.6262207,2.3262208,2.3262208,3.1262207,2.4262207,2.2262206,3.0262208,2.6262207,3.1262207,3.0262208,3.1262207,2.6262207,2.2262206,1.3262208,1.2262207,1.8262208,1.2262207,0.1262207,1.0262207,0.026220703,1.4262207,0.6262207,-0.4737793,1.0262207,0.8262207,-0.6737793,1.0262207,-1.4737793,-3.4737792,-2.5737793,-1.1737792,-1.8737793,-1.4737793,-0.1737793,-1.3737793
4.8262205,4.7262206,4.2262206,3.1262207,5.1262207,4.2262206,3.7262206,3.6262207,3.1262207,3.2262206,3.3262208,3.7262206,3.2262206,3.1262207,3.0262208,3.3262208,3.1262207,3.0262208,2.7262206,2.6262207,2.8262208,2.5262208,2.4262207,0.9262207,1.4262207,0.42622072,0.6262207,-1.9737793,-1.6737792,-3.6737792,-2.6737792,-0.2737793,1.5262207,1.1262207,-1.8737793,-2.0737793,-2.8737793,-0.7737793,-1.2737793,0.3262207,-1.1737792
4.6262207,6.426221,4.926221,6.526221,4.3262205,5.926221,5.1262207,4.8262205,4.426221,4.1262207,3.8262208,5.026221,3.2262206,4.3262205,3.7262206,3.2262206,3.3262208,3.3262208,2.6262207,3.1262207,3.2262206,3.0262208,2.9262207,2.9262207,2.5262208,2.1262207,1.2262207,-0.3737793,-2.1737792,1.0262207,1.6262207,2.2262206,1.2262207,0.6262207,-0.1737793,-1.3737793,-1.4737793,-0.2737793,-1.1737792,0.9262207,-1.0737793
4.1262207,4.426221,5.2262206,6.426221,4.7262206,5.7262206,6.026221,5.926221,5.2262206,4.426221,4.6262207,5.426221,4.526221,4.7262206,4.526221,3.9262207,4.1262207,3.8262208,2.8262208,3.4262207,3.2262206,3.3262208,2.9262207,3.1262207,2.9262207,3.3262208,2.9262207,1.3262208,1.0262207,1.9262207,1.3262208,3.2262206,2.3262208,2.2262206,1.3262208,2.6262207,0.3262207,-1.6737792,-0.4737793,-0.8737793,-0.7737793
3.4262207,5.1262207,5.1262207,5.026221,4.6262207,3.8262208,6.026221,6.6262207,8.426221,4.026221,3.9262207,5.926221,4.426221,5.3262205,5.3262205,5.426221,4.426221,4.1262207,3.5262208,3.4262207,2.9262207,2.9262207,3.3262208,3.0262208,3.9262207,4.026221,4.2262206,2.7262206,3.4262207,2.7262206,3.8262208,2.0262208,4.026221,2.7262206,2.3262208,1.9262207,1.7262207,-1.6737792,-2.4737792,-1.7737793,-1.2737793
3.9262207,4.1262207,6.2262206,5.7262206,4.426221,5.026221,5.2262206,6.1262207,6.3262205,5.926221,3.3262208,4.1262207,5.526221,5.2262206,5.926221,5.6262207,4.7262206,3.7262206,2.7262206,3.3262208,3.5262208,3.6262207,4.3262205,4.026221,3.9262207,3.3262208,3.2262206,3.4262207,3.4262207,3.6262207,3.6262207,3.1262207,3.3262208,2.6262207,3.5262208,2.9262207,1.5262207,-0.2737793,-2.1737792,-0.9737793,-1.5737793
2.6262207,4.6262207,7.026221,4.426221,4.7262206,5.526221,5.8262205,5.6262207,5.526221,5.026221,2.8262208,5.926221,3.5262208,1.7262207,5.7262206,5.026221,4.526221,3.6262207,2.5262208,3.4262207,3.3262208,3.5262208,3.3262208,4.026221,4.1262207,4.026221,3.6262207,3.0262208,3.6262207,3.3262208,4.2262206,4.7262206,3.4262207,3.5262208,3.3262208,3.1262207,3.4262207,1.6262207,1.1262207,-0.7737793,-1.8737793
