wind_kz.json
{"header": {"discipline":0,"disciplineName":"Meteorological products","gribEdition":2,"gribLength":1025,"center":7,"centerName":"US National Weather Service - NCEP(WMC)","subcenter":0,"refTime":"2023-08-25T12:00:00.000Z","significanceOfRT":1,"significanceOfRTName":"Start of forecast","productStatus":0,"productStatusName":"Operational products","productType":1,"productTypeName":"Forecast products","productDefinitionTemplate":0,"productDefinitionTemplateName":"Analysis/forecast at horizontal level/layer at a point in time","parameterCategory":2,"parameterCategoryName":"UnknownDiscipline_0_Category_2","parameterNumber":2,"parameterNumberName":"UnknownParameter_D0_C2_2","parameterUnit":"Unknown","genProcessType":2,"genProcessTypeName":"Forecast","forecastTime":300,"surface1Type":103,"surface1TypeName":"Specified height level above ground","surface1Value":10.0,"surface2Type":255,"surface2TypeName":"Missing","surface2Value":0.0,"gridDefinitionTemplate":0,"gridDefinitionTemplateName":"Latitude_Longitude","numberPoints":615,"shape":6,"shapeName":"Earth spherical with radius of 6,371,229.0 m","gridUnits":"degrees","resolution":48,"winds":"true","scanMode":64,"nx":41,"ny":15,"basicAngle":0,"lo1":47.0,"la1":41.0,"lo2":87.0,"la2":55.0,"dx":1.0,"dy":1.0}, "data":
[rows 0 to 14 of 15, columns 0 to 40 of 41]
-3.172141,0.22785889,1.0178589,3.1878588,-0.7821411,0.3678589,3.357859,3.117859,1.2178589,-1.1721411,-0.7621411,-2.0221412,-2.7821412,-3.152141,-3.142141,-2.7821412,-1.5821412,0.37785888,-2.132141,0.4578589,1.6378589,1.7478589,-0.4121411,-1.4321411,-0.31214112,-1.7121412,-2.952141,-1.4621412,0.5078589,0.07785889,-0.86214113,2.587859,0.69785887,-0.082141116,-2.682141,-2.492141,-2.5721412,-2.3621411,-1.3621411,-4.052141,-2.462141
1.8878589,0.6778589,3.497859,2.8878589,1.0778589,-1.8421412,1.9978589,-0.0021411134,2.567859,0.2978589,-1.5721412,-2.3421412,-3.432141,-2.462141,-2.152141,-2.892141,-0.122141115,-1.3521411,-0.79214114,-1.4321411,-2.162141,-2.0621412,0.23785889,-2.7921412,-0.8821411,0.88785887,-0.4521411,0.70785886,-0.85214114,-1.7321411,0.057858888,-0.062141113,0.7378589,-3.162141,0.12785889,0.047858886,-0.7121411,1.1178589,-0.4521411,-0.15214111,-1.0721412
0.11785889,2.9378588,2.537859,1.9478589,1.9478589,-1.2221411,1.5078589,3.107859,0.8178589,0.76785886,-1.2821411,-2.752141,-3.192141,-3.8221412,-3.5221412,-3.722141,-3.5421412,-0.8321411,0.7778589,-2.232141,-4.652141,-4.372141,-4.9921412,-4.012141,1.7278589,-1.3121411,-1.5721412,-2.002141,-1.2621411,-0.8321411,-0.6421411,2.047859,-0.6321411,-0.7521411,0.4778589,-0.6321411,-0.10214111,0.3378589,-0.5221411,2.2378588,2.827859
-0.022141114,-0.6521411,-2.1121411,-1.6421411,-2.222141,0.95785886,5.0878587,2.1378589,7.0278587,0.28785887,-1.8921411,-3.462141,-2.192141,-3.882141,-3.962141,-3.5821412,-3.3221412,-3.242141,-3.0421412,-2.8321412,-2.162141,-2.492141,-1.8421412,-4.2421412,-5.4521413,-4.672141,-4.9321413,-9.042141,-4.442141,-0.3521411,0.94785887,-2.172141,-2.452141,-3.202141,-2.8221412,-2.3621411,-1.9521412,1.6378589,0.9878589,-0.062141113,0.2978589
-0.4121411,-1.3221412,-1.0621411,-0.6421411,0.30785888,2.297859,3.6678588,4.247859,6.717859,1.1178589,-2.5521412,-2.8721411,-1.9621412,-4.022141,-4.502141,-4.252141,-4.272141,-3.982141,-4.1621413,-5.822141,-6.072141,-5.012141,-5.292141,-5.002141,-5.312141,-5.072141,-7.102141,-5.152141,-4.562141,-3.942141,-4.042141,-2.392141,-2.8221412,0.7478589,1.2778589,0.4578589,0.2978589,0.5078589,2.2178588,1.7678589,2.2378588
0.9778589,0.21785888,1.7878588,1.9078588,2.3778589,2.9278588,3.1778588,5.1078587,4.697859,-3.0721412,-3.3421412,-4.102141,-2.8621411,-3.222141,-3.5721412,-3.0721412,-3.742141,-3.682141,-4.852141,-4.122141,-4.542141,-4.442141,-4.982141,-5.322141,-4.9921412,-6.052141,-5.332141,-7.482141,-4.632141,-4.4121413,-4.1821413,-3.2921412,-1.5621411,0.2978589,-0.6321411,0.7978589,0.57785887,1.7478589,0.6278589,-2.8021412,-4.502141
2.857859,3.107859,3.1478589,3.047859,2.9678588,2.587859,2.327859,3.277859,-0.24214111,-3.922141,-4.212141,-3.142141,-3.8221412,-2.6021411,-1.9621412,-1.2621411,-3.722141,-3.392141,-4.922141,-4.262141,-2.8621411,-3.0121412,-3.752141,-3.8521411,-4.372141,-5.732141,-3.962141,-4.2021413,-4.152141,-3.6021411,-4.092141,-5.282141,-1.8221412,-3.3221412,-0.8321411,-1.6321411,-1.1721411,1.9178588,0.6578589,0.07785889,1.9478589
1.5878589,3.9378588,3.797859,3.577859,3.097859,2.6978588,1.9178588,2.257859,3.507859,2.6378589,-3.652141,-2.5921412,0.6878589,-2.5621412,-2.222141,-2.972141,-3.402141,-2.8721411,-2.632141,-4.332141,-2.3521411,-1.5921412,-1.5021411,-1.9721411,-3.412141,-2.3021412,-3.2621412,-4.092141,-3.172141,-1.8221412,-4.852141,-1.8421412,-2.5221412,-1.4521412,-1.6821411,2.267859,5.617859,6.267859,4.197859,2.7378588,1.2878588
2.267859,2.9378588,3.027859,2.1578588,2.777859,3.2278588,2.007859,2.3878589,3.4078588,-0.7021411,-3.922141,-1.4021411,-0.8421411,-1.9921411,-2.6021411,-0.86214113,-2.5521412,-2.5821412,-2.3121412,-2.722141,-3.5521412,-2.992141,-3.382141,-3.1121411,-3.5721412,-3.6221411,-2.482141,-3.3421412,-1.8121411,-1.2121412,-2.3321412,-0.9321411,1.0678589,0.8478589,2.4678588,0.9078589,0.21785888,-3.0721412,-1.5321411,0.69785887,-1.1821411
3.767859,3.517859,4.217859,3.4778588,2.587859,3.4378588,1.0878589,0.3378589,2.557859,-1.5121411,-0.86214113,-4.772141,-4.252141,-4.762141,-0.9521411,-1.1521411,-1.5621411,-1.8921411,-1.8721411,-2.202141,-3.0221412,-1.8021411,-2.6021411,-3.3021412,-3.712141,-3.892141,-3.162141,-2.8321412,-1.9621412,-2.212141,-1.0621411,-0.49214113,0.31785887,0.7578589,1.3578589,0.30785888,-1.0521411,-0.31214112,-3.192141,-0.9521411,0.31785887
3.7378588,4.5078588,3.2178588,3.617859,2.367859,2.2378588,1.6078589,-0.13214111,1.3578589,1.8478589,3.347859,-1.9221411,-3.952141,-4.032141,-2.2921412,0.51785886,-1.442141,-0.7121411,-2.3121412,-2.212141,-2.3521411,-2.252141,-2.692141,-2.632141,-2.5421412,-3.0221412,-1.442141,-0.062141113,0.5078589,-0.052141115,-0.3021411,-0.6821411,-1.4021411,-0.6921411,-0.13214111,-1.3021411,-1.6121411,-1.3921411,-0.79214114,0.5978589,-1.2821411
4.627859,3.747859,3.527859,3.1778588,3.027859,1.8378589,0.19785888,0.9078589,-0.9421411,1.5178589,-1.0521411,-0.3221411,-3.0221412,0.6678589,0.23785889,2.2378588,3.4878588,-0.98214114,-1.5621411,-1.5121411,-2.412141,-2.492141,-2.5921412,-1.442141,-1.2621411,-0.34214112,-0.13214111,1.5278589,1.2378589,1.2978588,0.8578589,1.057859,0.017858887,-1.2821411,-1.442141,-2.3021412,-3.0821412,-1.1821411,-0.7821411,-0.3621411,-0.5221411
3.497859,4.367859,3.077859,2.1278589,2.307859,1.9378589,0.5278589,0.95785886,1.5378588,-0.37214112,-1.1821411,-1.5821412,-2.0421412,0.7178589,1.2378589,0.087858886,0.9278589,-0.47214112,-0.79214114,-0.6621411,-1.3021411,-1.1821411,-0.55214113,-1.3421412,-0.3521411,0.57785887,2.7078588,1.7578589,1.6378589,1.2878588,1.8278589,2.2078588,1.9678589,0.28785887,0.10785889,-0.03214111,-0.6621411,-0.9421411,-1.1621411,-1.0621411,-0.8221411
3.527859,3.067859,3.1578588,3.6278589,2.837859,2.1878588,1.0378588,0.3978589,1.9378589,-0.40214112,-1.3221412,-1.7621411,-0.80214113,1.4378589,1.7878588,1.9478589,-0.6821411,2.4578588,-0.73214114,-0.022141114,-0.012141113,0.19785888,0.21785888,0.4578589,0.11785889,0.3678589,0.8078589,1.6578588,0.8778589,1.8678589,2.4878588,2.4178588,2.2378588,1.9178588,1.5878589,1.8178589,0.9078589,-0.2321411,-0.6221411,0.27785888,-0.6621411
1.557859,3.537859,5.267859,3.6578588,2.307859,1.2778589,1.7378589,0.7978589,1.1578588,-0.8321411,-1.1221411,-0.7821411,-1.4921411,1.2278589,2.1878588,2.517859,0.09785888,1.1978589,0.8478589,0.5278589,0.3678589,0.57785887,0.4778589,1.0478588,0.9378589,1.3178589,1.5978589,2.247859,2.1778588,2.1878588,2.287859,1.7878588,1.8478589,1.9978589,2.287859,2.6378589,0.27785888,1.6378589,1.0378588,0.27785888,-1.2521411
