wind_kz.json
{"header": {"discipline":0,"disciplineName":"Meteorological products","gribEdition":2,"gribLength":794,"center":7,"centerName":"US National Weather Service - NCEP(WMC)","subcenter":0,"refTime":"2023-10-02T18:00:00.000Z","significanceOfRT":1,"significanceOfRTName":"Start of forecast","productStatus":0,"productStatusName":"Operational products","productType":1,"productTypeName":"Forecast products","productDefinitionTemplate":0,"productDefinitionTemplateName":"Analysis/forecast at horizontal level/layer at a point in time","parameterCategory":2,"parameterCategoryName":"UnknownDiscipline_0_Category_2","parameterNumber":2,"parameterNumberName":"UnknownParameter_D0_C2_2","parameterUnit":"Unknown","genProcessType":2,"genProcessTypeName":"Forecast","forecastTime":240,"surface1Type":103,"surface1TypeName":"Specified height level above ground","surface1Value":10.0,"surface2Type":255,"surface2TypeName":"Missing","surface2Value":0.0,"gridDefinitionTemplate":0,"gridDefinitionTemplateName":"Latitude_Longitude","numberPoints":615,"shape":6,"shapeName":"Earth spherical with radius of 6,371,229.0 m","gridUnits":"degrees","resolution":48,"winds":"true","scanMode":64,"nx":41,"ny":15,"basicAngle":0,"lo1":47.0,"la1":41.0,"lo2":87.0,"la2":55.0,"dx":1.0,"dy":1.0}, "data":
[rows 0 to 14 of 15, columns 0 to 40 of 41]
-3.146588,1.2534119,0.053411864,-3.7465882,-5.946588,-5.6465883,-4.346588,-4.446588,-7.046588,-6.6465883,-9.146588,-8.346588,-6.746588,-5.346588,-4.6465883,-3.8465881,-4.246588,-3.7465882,-4.6465883,-2.146588,0.15341187,0.25341186,1.2534119,0.9534119,0.45341188,-0.64658815,-0.84658813,1.2534119,0.25341186,0.25341186,-1.8465881,2.2534118,0.25341186,0.7534119,1.2534119,0.55341184,0.85341185,1.4534118,2.053412,0.55341184,-0.14658813
1.5534118,-1.4465882,-4.1465883,-4.446588,-6.046588,-8.046588,-6.446588,-5.6465883,-6.6465883,-8.546588,-8.046588,-7.446588,-5.446588,-3.646588,-2.8465881,-3.446588,-2.8465881,-4.1465883,-2.8465881,-0.84658813,1.3534119,2.853412,2.1534119,0.65341187,1.5534118,0.7534119,0.25341186,1.0534118,-1.1465881,-0.24658814,0.25341186,-0.84658813,0.65341187,-2.8465881,-0.34658813,0.35341185,0.85341185,-0.24658814,0.45341188,0.7534119,-0.64658815
-3.646588,-7.846588,-5.346588,-5.446588,-7.946588,-5.746588,-6.046588,-5.346588,-7.1465883,-6.846588,-5.746588,-5.346588,-3.146588,-3.3465881,-3.5465882,-2.8465881,-2.646588,-1.3465881,-0.34658813,0.7534119,2.4534118,6.553412,-1.0465882,-0.046588134,4.053412,4.753412,3.7534118,2.4534118,2.1534119,0.15341187,-0.5465881,2.1534119,-0.5465881,-0.94658816,-0.24658814,-0.94658816,-0.5465881,0.25341186,-0.046588134,0.9534119,1.3534119
-6.1465883,-7.946588,-7.746588,-8.146588,-6.846588,-4.846588,-3.3465881,-5.046588,-4.546588,-4.6465883,-3.8465881,-3.7465882,-6.746588,-6.446588,-3.446588,-2.2465882,-1.7465881,-0.5465881,0.45341188,1.6534119,1.8534119,-1.5465882,5.553412,3.853412,4.553412,5.953412,5.053412,2.7534118,2.6534119,3.4534118,-0.44658813,-3.446588,-2.2465882,-3.2465882,-2.7465882,-2.3465881,-1.6465881,2.2534118,0.9534119,-0.44658813,-0.7465881
-6.6465883,-8.4465885,-8.146588,-8.346588,-6.946588,-4.546588,-4.1465883,-3.8465881,-3.946588,-3.8465881,-3.646588,-2.446588,-4.846588,-5.046588,-5.246588,-0.7465881,-0.94658816,0.25341186,0.9534119,1.9534118,2.6534119,3.1534119,3.1534119,2.053412,3.553412,4.553412,7.153412,5.953412,6.753412,3.1534119,3.553412,-0.5465881,-2.146588,0.85341185,2.1534119,0.85341185,-0.7465881,-1.1465881,-0.64658815,-1.7465881,-1.1465881
-5.046588,-3.646588,-6.946588,-6.746588,-6.046588,-6.546588,-3.7465882,-3.3465881,-3.2465882,-3.0465882,-2.3465881,-2.0465882,-2.0465882,-3.2465882,-2.8465881,-0.44658813,-0.24658814,0.55341184,1.0534118,2.2534118,1.9534118,2.353412,2.9534118,1.9534118,2.553412,3.853412,5.153412,7.653412,7.553412,8.853412,4.8534117,5.553412,0.85341185,-0.14658813,-0.44658813,-2.446588,0.053411864,-0.5465881,2.7534118,-0.14658813,-0.64658815
-3.2465882,-2.7465882,-2.8465881,-2.0465882,-2.446588,-3.146588,-2.8465881,-2.3465881,-2.646588,-1.6465881,-1.5465882,-1.3465881,-0.046588134,0.65341187,0.25341186,1.3534119,1.2534119,1.1534119,1.2534119,1.8534119,2.053412,2.353412,3.4534118,1.2534119,2.553412,3.353412,3.9534118,5.453412,6.653412,5.153412,5.953412,3.553412,0.15341187,-2.646588,-3.646588,-2.8465881,-1.7465881,2.6534119,-0.44658813,1.9534118,3.053412
-2.646588,-2.2465882,-1.7465881,-2.0465882,-1.4465882,-1.3465881,-1.6465881,-1.2465881,-1.0465882,-1.1465881,-0.64658815,-0.046588134,0.45341188,0.85341185,1.7534119,1.9534118,2.6534119,1.5534118,1.6534119,1.9534118,2.853412,2.9534118,2.9534118,2.853412,1.8534119,2.053412,3.7534118,4.653412,3.6534119,5.653412,5.253412,2.053412,-1.6465881,0.35341185,-0.44658813,0.45341188,-0.84658813,-2.446588,-3.146588,-3.8465881,-2.3465881
-0.84658813,-0.34658813,-0.34658813,0.15341187,0.55341184,1.4534118,1.5534118,1.6534119,1.3534119,1.3534119,1.6534119,1.5534118,1.9534118,2.2534118,2.2534118,2.9534118,2.7534118,2.1534119,1.9534118,2.4534118,2.9534118,2.853412,2.053412,3.853412,1.5534118,1.1534119,0.35341185,0.55341184,-1.4465882,2.053412,5.053412,1.9534118,3.1534119,-1.6465881,0.25341186,-1.8465881,-1.0465882,-2.146588,-1.6465881,0.35341185,-0.24658814
0.25341186,0.45341188,1.0534118,1.3534119,1.7534119,1.7534119,2.1534119,2.4534118,2.6534119,2.9534118,3.353412,3.353412,3.353412,3.353412,3.2534118,3.2534118,3.4534118,2.2534118,1.9534118,2.4534118,2.4534118,2.6534119,0.053411864,2.353412,1.4534118,-0.14658813,-0.7465881,-1.3465881,-0.046588134,0.35341185,1.7534119,2.353412,3.553412,2.553412,-0.64658815,-1.2465881,-2.646588,-1.0465882,-1.2465881,0.85341185,-0.64658815
1.6534119,2.2534118,1.8534119,2.353412,2.053412,2.2534118,2.553412,2.7534118,2.7534118,3.1534119,3.6534119,3.2534118,3.4534118,3.353412,3.353412,3.4534118,3.053412,2.4534118,1.9534118,1.6534119,2.553412,2.353412,0.9534119,-1.0465882,1.4534118,-0.046588134,0.45341188,0.9534119,-0.84658813,1.7534119,2.4534118,3.2534118,1.5534118,-0.24658814,0.7534119,-2.146588,-1.6465881,-0.44658813,-0.7465881,1.1534119,-0.84658813
1.6534119,2.853412,3.2534118,3.053412,3.553412,3.9534118,3.553412,4.553412,3.853412,2.853412,2.4534118,4.453412,3.053412,3.4534118,3.553412,3.6534119,3.1534119,2.7534118,2.1534119,1.9534118,2.053412,2.1534119,1.7534119,1.6534119,1.4534118,1.5534118,1.5534118,2.2534118,2.853412,0.45341188,0.25341186,0.55341184,0.55341184,3.353412,-0.44658813,-0.14658813,-1.2465881,0.65341187,-0.24658814,-0.44658813,-0.44658813
4.253412,5.053412,4.3534117,4.553412,4.553412,3.7534118,4.553412,5.053412,5.753412,4.053412,2.6534119,4.8534117,2.853412,3.9534118,3.2534118,2.9534118,2.1534119,2.2534118,2.353412,2.4534118,2.353412,2.4534118,2.2534118,2.4534118,3.2534118,2.7534118,3.053412,2.7534118,2.1534119,1.4534118,1.5534118,-0.14658813,0.7534119,1.4534118,-0.14658813,1.6534119,0.65341187,0.25341186,2.053412,-0.046588134,-1.3465881
5.653412,5.153412,6.3534117,6.253412,5.3534117,5.153412,5.953412,6.3534117,5.8534117,4.653412,2.7534118,3.853412,3.853412,3.6534119,4.053412,3.1534119,2.353412,2.1534119,2.553412,2.853412,2.853412,2.853412,3.353412,2.9534118,2.9534118,2.853412,2.553412,2.4534118,2.053412,1.7534119,1.7534119,0.85341185,0.7534119,0.9534119,1.0534118,0.65341187,-0.046588134,0.85341185,1.8534119,1.0534118,-0.44658813
4.8534117,6.253412,7.653412,5.453412,5.753412,6.153412,7.3534117,6.3534117,6.153412,4.553412,2.4534118,5.3534117,4.053412,0.7534119,2.1534119,3.053412,2.053412,2.7534118,2.1534119,2.9534118,3.053412,3.1534119,3.053412,2.9534118,2.7534118,2.6534119,2.6534119,2.553412,2.1534119,2.053412,2.053412,0.85341185,1.1534119,1.2534119,1.3534119,0.9534119,1.3534119,1.5534118,2.553412,1.4534118,-0.64658815
