wind_kz.json
{"header": {"discipline":0,"disciplineName":"Meteorological products","gribEdition":2,"gribLength":1025,"center":7,"centerName":"US National Weather Service - NCEP(WMC)","subcenter":0,"refTime":"2023-08-21T00:00:00.000Z","significanceOfRT":1,"significanceOfRTName":"Start of forecast","productStatus":0,"productStatusName":"Operational products","productType":1,"productTypeName":"Forecast products","productDefinitionTemplate":0,"productDefinitionTemplateName":"Analysis/forecast at horizontal level/layer at a point in time","parameterCategory":2,"parameterCategoryName":"UnknownDiscipline_0_Category_2","parameterNumber":2,"parameterNumberName":"UnknownParameter_D0_C2_2","parameterUnit":"Unknown","genProcessType":2,"genProcessTypeName":"Forecast","forecastTime":0,"surface1Type":103,"surface1TypeName":"Specified height level above ground","surface1Value":10.0,"surface2Type":255,"surface2TypeName":"Missing","surface2Value":0.0,"gridDefinitionTemplate":0,"gridDefinitionTemplateName":"Latitude_Longitude","numberPoints":615,"shape":6,"shapeName":"Earth spherical with radius of 6,371,229.0 m","gridUnits":"degrees","resolution":48,"winds":"true","scanMode":64,"nx":41,"ny":15,"basicAngle":0,"lo1":47.0,"la1":41.0,"lo2":87.0,"la2":55.0,"dx":1.0,"dy":1.0}, "data":
[rows 0 to 14 of 15, columns 0 to 40 of 41]
-2.8273437,-1.5073438,2.4626563,2.1226563,5.382656,5.052656,2.4226563,2.5326562,3.0326562,4.192656,3.9826562,2.8726563,2.8426561,2.2526562,-2.9073439,10.702656,6.3326564,4.0026565,-2.7773438,-3.0873437,-1.9473437,1.8026563,0.40265626,-1.6873437,-0.5673438,-2.9073439,-2.6473436,-0.32734376,0.14265625,0.22265625,-0.83734375,-0.04734375,0.41265625,1.5626563,-2.9673438,-2.9173439,-0.8773438,-0.8173438,-1.0273438,-1.5773437,-2.9273438
1.9226563,2.7226562,0.95265627,3.6726563,4.6226563,4.802656,3.8226562,1.3126563,3.9826562,2.5826561,4.1426563,3.6526563,3.3826563,1.5526563,0.79265624,4.3726563,5.492656,-0.36734375,-2.3473437,-2.1973438,-2.3073437,-0.9273437,-1.9673438,-2.9273438,-0.78734374,0.95265627,-0.28734374,1.5726563,-0.84734374,-1.5773437,0.28265625,-0.25734374,-0.49734375,-1.8773438,0.00265625,0.26265624,-0.38734376,0.39265624,-1.5773437,1.4726562,0.07265625
1.1826563,-2.3173437,0.18265624,1.3926562,1.9426563,0.83265626,-0.75734377,3.1826563,2.6926563,3.1526563,3.9426563,4.092656,2.6126564,1.3926562,1.1426562,0.06265625,11.032657,4.152656,-3.3173437,-3.6773438,-2.4473438,-3.6773438,-3.8173437,-3.3573437,0.97265625,-0.49734375,0.45265624,0.95265627,-1.0673437,-0.90734375,-0.79734373,2.1226563,-0.36734375,-0.33734375,0.39265624,-0.8773438,-0.40734375,0.42265624,-0.38734376,2.6626563,2.1126564
-1.9373437,-1.5273438,-1.1073438,0.8126562,1.2526562,-0.85734373,1.4226563,-0.09734375,2.5526562,2.5226562,-0.48734376,-1.1973437,-0.39734375,1.4426563,1.1526562,2.2026563,-1.5873437,-3.6373436,-3.3273437,-3.9873438,-2.7273438,-1.6573437,-1.6973437,-3.2273438,-2.7473438,-3.8773437,-4.1073437,-5.1873436,-3.2973437,-1.0373437,-0.19734375,-1.4473437,-0.40734375,-3.9573438,-3.3573437,-2.4573438,-1.6773437,2.5926561,0.44265625,0.70265627,0.48265624
-0.13734375,0.48265624,1.3526562,2.4526563,3.2226562,2.1626563,-0.29734376,-0.9973438,-1.2473438,-0.78734374,-1.4173437,-0.09734375,-0.7473438,-3.9773438,-4.3373437,-1.2773438,0.33265626,-3.4073439,-2.0173438,-4.287344,-3.9573438,-4.097344,-3.9873438,-2.8273437,-3.2473438,-3.4373438,-4.2673435,-2.3673437,-2.9073439,-3.4173439,-3.2873437,-2.0973437,-2.1773438,1.9526563,2.5426562,0.70265627,0.92265624,-1.6373438,-0.8173438,-0.8773438,-2.9273438
2.7126563,2.0226562,1.5926563,0.14265625,-5.4573436,-2.4973438,0.90265626,0.66265625,1.5026562,3.1126564,2.5326562,0.97265625,-0.00734375,0.34265625,-2.1573439,-2.4673438,-0.58734375,-1.9373437,-1.4473437,-0.6773437,-2.6373436,-2.3773437,-1.3473438,-1.3673438,-2.0473437,-2.7173438,-1.9273437,-1.2773438,-1.9873438,-2.7073438,-3.0673437,-2.4873438,-3.4073439,-1.7373438,-0.44734374,0.01265625,0.8726562,2.1126564,2.4726562,-4.117344,-5.4773436
3.3826563,1.9026562,-4.0873437,-1.4873438,-3.8973436,-3.2573438,-2.5973437,-1.5673437,-0.8773438,0.5026562,0.37265626,-0.37734374,1.3026563,0.6226562,-0.54734373,2.1726563,2.7626562,1.1326562,-0.70734376,0.45265624,-1.3473438,-1.3973438,-2.5073438,-0.45734376,0.01265625,-0.08734375,1.3426563,1.3726562,0.65265626,-0.00734375,-2.0173438,-1.4573437,0.41265625,-1.4173437,-1.4973438,-1.6073438,-1.0873437,2.3226562,0.08265625,0.61265624,0.91265625
-0.53734374,-0.53734374,-3.1873438,-2.5573437,-2.5073438,-2.7873437,-2.7173438,-1.9773438,-0.6873438,-0.30734375,-0.11734375,-1.6773437,-2.9773438,-3.3273437,-2.3773437,-4.5173435,-1.6673437,-0.78734374,-0.94734377,-3.3873436,-2.4573438,-2.5873437,-2.5673437,-1.2573438,-0.16734375,0.91265625,1.4326563,-0.97734374,-0.14734375,-1.8373437,-1.6273438,0.6926563,-0.38734376,0.02265625,-0.71734375,1.5726563,-0.6773437,3.8826563,3.1026564,2.5126562,0.07265625
-1.5473437,-0.38734376,-1.1273438,-1.6673437,-2.2173438,-2.9473438,-3.0873437,-2.3773437,-1.8573438,-0.64734375,-0.9273437,-1.1273438,-0.64734375,-4.1473436,-3.8373437,-3.5073438,-3.8673437,-4.2773438,-3.7073438,-3.5073438,-4.177344,-1.9173437,-0.9273437,-0.22734375,0.5726563,2.0726562,1.9026562,0.55265623,1.2826562,0.58265626,-0.43734375,-0.63734376,1.9126563,-0.40734375,1.5826563,0.7526562,0.04265625,-2.6473436,-0.95734376,1.0626563,-0.8673437
-0.20734376,0.38265625,-1.0373437,-1.5473437,-2.5273438,-2.1073437,-2.2573438,-1.6073438,-0.28734374,0.41265625,0.13265625,0.89265627,-0.17734376,1.8926562,-4.2073436,-1.3173437,-2.9373438,-2.7673438,-2.8873436,-2.9773438,-2.3773437,-0.43734375,-0.27734375,-0.5673438,-2.4973438,-3.3673437,-3.6473436,-3.0073438,-3.2673438,-2.4673438,-0.85734373,0.34265625,-1.0773437,0.65265626,1.1026562,-0.90734375,-1.8573438,0.10265625,-1.8873438,0.49265626,0.21265624
2.1626563,2.4726562,-1.9373437,-2.3073437,-1.1973437,-0.7373437,0.08265625,0.6826562,0.35265625,0.40265626,1.9726562,2.8726563,3.3426561,0.37265626,-0.8173438,-0.54734373,-1.0973438,-0.37734374,-1.2873437,-1.8673438,-1.8473438,-1.7573438,-2.4973438,-2.7373438,-2.3273437,-2.0773437,-2.5173438,-1.9573437,-3.0273438,-1.0373437,-2.6273437,-0.54734373,-0.44734374,-1.2173438,-1.3773438,-0.77734375,-0.8173438,0.85265625,-0.96734375,0.83265626,-0.69734377
0.77265626,0.6326563,1.0926563,0.39265624,-0.18734375,0.34265625,0.90265626,1.3226563,1.1526562,0.58265626,0.05265625,1.2126563,-2.1073437,-2.9673438,-2.3773437,-2.4973438,-1.8873438,-1.5773437,-1.4673438,-1.4673438,-1.1173438,-2.0473437,-2.6073437,-2.6273437,-2.9773438,-2.3873436,-2.8573437,-2.2473438,-3.1173437,-2.2573438,-1.5173438,-0.75734377,-0.41734374,-0.12734374,-0.15734375,-1.1373438,-0.32734376,1.5526563,1.2026563,-0.05734375,-0.06734375
2.1826563,1.6526562,1.0126562,0.25265625,-0.06734375,0.5626562,0.48265624,-0.65734375,-0.9973438,-0.05734375,-0.43734375,0.59265625,-0.6773437,-1.1873437,-0.40734375,-0.8073437,-1.5473437,-2.1773438,-2.4173439,-2.4173439,-1.2273438,-1.2573438,-0.75734377,-1.8873438,-2.5773437,-3.4973438,-2.9073439,-3.1473436,-2.5273438,-1.6973437,-1.0873437,0.11265625,-0.14734375,-0.04734375,0.12265625,0.5626562,1.5026562,1.0026562,1.7026563,0.97265625,0.54265624
2.1926563,2.5026562,0.18265624,0.08265625,-0.54734373,-1.0173438,-0.58734375,-0.8173438,0.5026562,0.7526562,0.15265626,0.28265625,1.6426562,1.2826562,1.2526562,1.0526563,-0.10734375,-0.42734376,-1.0173438,-1.5273438,-1.5473437,-0.9973438,-0.9373438,-2.8973436,-2.5473437,-2.6573439,-2.8273437,-2.2073438,-1.4773438,-1.7773438,-0.36734375,0.33265626,0.58265626,1.2026563,1.7126563,1.6326562,2.1226563,1.9526563,1.3826562,1.3126563,-0.21734375
1.5026562,-0.05734375,-2.4973438,-1.8173437,1.3126563,1.0526563,-0.14734375,-0.09734375,1.4426563,1.4626563,0.74265623,1.2626562,1.3726562,0.79265624,1.3026563,0.45265624,0.07265625,-0.49734375,-0.94734377,-1.4673438,-1.7173438,-2.5073438,-2.3273437,-2.7073438,-2.1073437,-1.7873437,-1.4873438,-1.2873437,-1.2773438,-0.19734375,0.49265626,0.8726562,2.0326562,2.7826562,1.7526562,2.8226562,3.0026562,3.0226562,1.7126563,1.6926563,-0.26734376
