wind_kz.json
{"header": {"discipline":0,"disciplineName":"Meteorological products","gribEdition":2,"gribLength":871,"center":7,"centerName":"US National Weather Service - NCEP(WMC)","subcenter":0,"refTime":"2023-09-06T18:00:00.000Z","significanceOfRT":1,"significanceOfRTName":"Start of forecast","productStatus":0,"productStatusName":"Operational products","productType":1,"productTypeName":"Forecast products","productDefinitionTemplate":0,"productDefinitionTemplateName":"Analysis/forecast at horizontal level/layer at a point in time","parameterCategory":0,"parameterCategoryName":"UnknownDiscipline_0_Category_0","parameterNumber":0,"parameterNumberName":"UnknownParameter_D0_C0_0","parameterUnit":"Unknown","genProcessType":2,"genProcessTypeName":"Forecast","forecastTime":240,"surface1Type":1,"surface1TypeName":"Ground or water surface","surface1Value":0.0,"surface2Type":255,"surface2TypeName":"Missing","surface2Value":0.0,"gridDefinitionTemplate":0,"gridDefinitionTemplateName":"Latitude_Longitude","numberPoints":615,"shape":6,"shapeName":"Earth spherical with radius of 6,371,229.0 m","gridUnits":"degrees","resolution":48,"winds":"true","scanMode":64,"nx":41,"ny":15,"basicAngle":0,"lo1":47.0,"la1":41.0,"lo2":87.0,"la2":55.0,"dx":1.0,"dy":1.0}, "data":
[rows 0 to 14 of 15, columns 0 to 40 of 41]
292.6446,285.34457,288.24457,297.24457,297.6446,296.24457,297.84457,297.34457,295.74457,295.74457,294.34457,296.94458,298.24457,297.84457,296.34457,294.1446,292.1446,293.44458,291.34457,292.34457,293.94458,289.74457,287.94458,285.0446,288.84457,290.1446,287.44458,275.84457,274.34457,274.6446,275.24457,278.6446,287.74457,291.84457,292.1446,292.6446,292.34457,292.5446,293.0446,292.24457,291.94458
276.24457,288.24457,296.24457,296.6446,296.74457,295.44458,294.84457,296.1446,293.84457,293.94458,295.74457,294.6446,293.5446,295.44458,295.24457,294.5446,292.94458,291.74457,291.0446,289.44458,293.6446,292.0446,289.84457,283.44458,274.5446,274.5446,283.34457,274.24457,276.0446,269.94458,277.34457,269.24457,280.24457,255.74458,272.34457,292.34457,288.5446,290.74457,293.1446,285.44458,284.0446
289.24457,295.94458,296.6446,296.6446,294.34457,293.74457,293.5446,294.74457,292.0446,291.84457,291.44458,292.24457,289.24457,290.34457,292.84457,291.0446,288.84457,287.84457,287.94458,288.94458,292.44458,292.34457,292.5446,286.0446,286.0446,286.5446,286.84457,285.0446,285.1446,276.94458,269.74457,272.34457,277.24457,277.74457,278.84457,279.24457,270.6446,271.84457,274.1446,270.44458,269.84457
292.74457,295.44458,296.6446,295.94458,293.6446,292.74457,293.6446,291.74457,291.34457,292.6446,291.6446,289.94458,293.24457,292.5446,293.0446,292.84457,291.1446,288.44458,288.84457,288.24457,288.5446,285.84457,289.6446,290.5446,291.0446,290.74457,290.74457,289.0446,286.5446,286.5446,287.84457,284.5446,289.6446,286.24457,283.24457,282.74457,270.44458,270.74457,273.74457,283.44458,286.74457
290.94458,294.24457,295.1446,293.84457,293.1446,292.84457,293.1446,292.34457,292.5446,290.6446,290.24457,289.74457,292.34457,291.1446,289.5446,291.24457,291.0446,289.5446,288.0446,290.6446,290.5446,290.6446,290.44458,290.34457,289.94458,290.0446,288.0446,289.6446,287.44458,288.1446,290.44458,286.94458,274.24457,258.44458,278.44458,286.44458,290.1446,289.94458,290.24457,289.74457,291.84457
289.6446,289.24457,293.1446,292.74457,292.84457,292.44458,292.0446,293.24457,291.44458,292.24457,291.34457,290.74457,291.6446,292.34457,290.94458,289.84457,291.94458,290.5446,291.1446,290.74457,290.1446,289.94458,288.6446,288.94458,287.5446,286.34457,287.34457,291.0446,290.24457,290.5446,288.94458,289.94458,288.0446,286.34457,282.94458,287.84457,276.6446,279.0446,286.44458,288.44458,288.0446
290.6446,290.1446,290.94458,291.5446,291.84457,290.44458,291.94458,291.74457,293.5446,293.94458,290.44458,290.84457,290.44458,290.24457,289.1446,290.34457,290.34457,291.5446,290.34457,289.34457,288.74457,289.1446,289.24457,289.24457,287.44458,287.94458,286.1446,289.5446,290.84457,290.34457,290.84457,289.94458,288.24457,288.5446,286.84457,284.44458,278.74457,275.44458,276.1446,271.0446,282.84457
292.44458,291.94458,291.6446,292.94458,294.1446,293.5446,293.1446,291.74457,292.1446,292.24457,292.1446,291.6446,291.0446,290.34457,290.74457,290.5446,289.5446,289.6446,289.1446,286.6446,286.24457,286.44458,287.0446,286.74457,286.24457,283.0446,283.24457,287.84457,284.5446,286.0446,286.6446,288.0446,287.44458,282.44458,285.34457,282.94458,284.44458,289.0446,284.1446,284.34457,279.0446
287.74457,289.84457,292.34457,293.24457,293.34457,293.6446,291.5446,291.94458,292.74457,292.6446,291.84457,291.94458,290.6446,290.34457,289.84457,290.1446,289.34457,288.6446,287.6446,286.5446,284.1446,284.0446,284.5446,285.0446,283.0446,283.6446,285.44458,284.24457,283.6446,282.34457,282.84457,284.1446,285.1446,286.84457,283.6446,280.5446,279.94458,280.1446,275.24457,272.94458,269.5446
289.84457,290.84457,292.1446,293.44458,294.1446,292.1446,292.5446,290.34457,293.34457,292.1446,290.74457,291.0446,289.5446,291.1446,291.6446,291.0446,291.74457,288.24457,290.34457,286.5446,285.24457,285.0446,284.6446,284.24457,283.94458,284.74457,282.84457,285.24457,285.74457,283.34457,281.84457,285.1446,284.94458,286.24457,287.1446,282.1446,279.0446,275.84457,272.44458,275.84457,273.44458
292.1446,289.1446,289.6446,291.34457,291.0446,289.84457,290.44458,292.24457,288.24457,287.74457,287.1446,287.24457,289.74457,289.94458,288.74457,289.0446,288.84457,288.84457,289.1446,288.84457,289.6446,284.44458,283.44458,282.84457,282.84457,283.24457,284.6446,286.84457,286.74457,285.24457,285.44458,288.24457,287.44458,288.84457,286.6446,285.6446,280.74457,276.74457,273.0446,274.84457,271.74457
290.44458,288.94458,288.34457,288.0446,287.84457,290.6446,287.94458,290.6446,290.34457,290.1446,287.74457,287.34457,287.5446,288.0446,287.5446,287.6446,287.84457,287.6446,287.24457,287.44458,286.94458,286.6446,286.34457,284.84457,283.0446,286.1446,285.24457,284.44458,284.0446,286.94458,283.5446,284.94458,286.34457,284.24457,287.0446,287.44458,285.5446,284.6446,281.24457,280.34457,281.24457
282.74457,283.94458,285.94458,286.1446,286.44458,285.84457,284.74457,286.94458,284.34457,284.1446,283.44458,284.94458,286.24457,283.84457,284.34457,284.34457,285.5446,285.84457,286.34457,285.0446,284.24457,284.94458,284.94458,285.34457,286.34457,284.6446,286.44458,286.5446,286.5446,283.94458,284.74457,283.94458,283.6446,284.0446,287.1446,286.84457,283.94458,285.94458,284.94458,281.5446,279.94458
280.1446,282.0446,285.0446,284.0446,283.44458,282.94458,283.94458,281.94458,281.44458,281.5446,281.34457,282.94458,281.1446,281.5446,282.1446,283.74457,283.6446,283.24457,284.24457,283.0446,283.6446,283.34457,284.84457,286.44458,287.24457,287.34457,286.94458,286.5446,286.44458,285.84457,286.84457,285.1446,286.0446,283.44458,282.94458,286.1446,286.1446,282.74457,285.44458,283.5446,280.24457
280.1446,281.44458,288.0446,280.24457,279.94458,279.0446,279.84457,278.74457,279.74457,279.24457,279.6446,277.6446,279.6446,280.44458,281.24457,281.1446,282.44458,280.1446,281.1446,280.84457,282.44458,282.44458,282.24457,283.1446,283.84457,284.6446,285.44458,285.74457,286.44458,286.1446,285.6446,285.44458,283.24457,285.24457,281.94458,282.6446,286.0446,285.74457,285.94458,285.74457,283.24457
