wind.json
{"header": {"discipline":0,"disciplineName":"Meteorological products","gribEdition":2,"gribLength":1125,"center":7,"centerName":"US National Weather Service - NCEP(WMC)","subcenter":0,"refTime":"2023-05-30T06:00:00.000Z","significanceOfRT":1,"significanceOfRTName":"Start of forecast","productStatus":0,"productStatusName":"Operational products","productType":1,"productTypeName":"Forecast products","productDefinitionTemplate":0,"productDefinitionTemplateName":"Analysis/forecast at horizontal level/layer at a point in time","parameterCategory":2,"parameterCategoryName":"UnknownDiscipline_0_Category_2","parameterNumber":2,"parameterNumberName":"UnknownParameter_D0_C2_2","parameterUnit":"Unknown","genProcessType":2,"genProcessTypeName":"Forecast","forecastTime":240,"surface1Type":103,"surface1TypeName":"Specified height level above ground","surface1Value":10.0,"surface2Type":255,"surface2TypeName":"Missing","surface2Value":0.0,"gridDefinitionTemplate":0,"gridDefinitionTemplateName":"Latitude_Longitude","numberPoints":688,"shape":6,"shapeName":"Earth spherical with radius of 6,371,229.0 m","gridUnits":"degrees","resolution":48,"winds":"true","scanMode":64,"nx":43,"ny":16,"basicAngle":0,"lo1":45.0,"la1":40.0,"lo2":87.0,"la2":55.0,"dx":1.0,"dy":1.0}, "data":
[rows 0 to 15 of 16, columns 0 to 42 of 43]
1.0177661,0.8277661,-0.7322339,0.26776612,1.5777661,2.3277662,2.167766,1.5077661,0.2477661,-1.5122339,-6.2422338,-6.972234,-6.312234,-4.972234,-2.4422338,0.007766113,2.0577662,3.267766,1.4377661,-0.5822339,-3.1622338,-0.072233886,0.32776612,1.207766,-0.5422339,1.4377661,1.0077661,0.19776611,-0.22223389,0.5377661,0.07776611,-0.9022339,0.037766114,-1.3522339,-4.922234,-2.342234,-2.312234,-0.68223387,-0.9922339,-0.7322339,0.5477661,-3.2222338,-4.292234
-1.042234,2.6377661,0.9777661,1.6777661,-1.042234,-2.522234,1.3477662,1.5977662,0.13776611,-3.7022338,-6.852234,-5.882234,-6.352234,-3.752234,-2.742234,-0.39223388,0.08776611,-1.8322339,-0.9922339,-4.0722337,-2.1522338,-2.342234,-2.802234,-1.0122339,1.2677661,3.187766,-1.1722339,-0.9122339,3.0277662,3.3577662,0.86776614,0.7677661,2.0877662,1.4777662,0.87776613,-2.8722339,-3.832234,-2.542234,0.23776612,-0.3722339,-1.5722339,-2.3722339,-3.3622339
-0.7422339,1.0177661,1.7277662,-1.5822339,-1.3522339,-2.292234,0.6977661,2.427766,-1.4022338,-3.1422338,-6.222234,-5.952234,-5.042234,-3.502234,-2.602234,-2.2222338,-1.9322339,-4.002234,-3.7122338,-5.612234,-3.3622339,-7.862234,-7.062234,-5.212234,-1.7622339,1.3977661,-0.3422339,-0.8522339,0.7377661,0.93776613,2.917766,0.5177661,0.25776613,1.1277661,0.9677661,0.48776612,1.1377661,0.3677661,-3.022234,-5.862234,-1.8122339,1.0977662,2.7977662
0.7577661,1.0977662,1.2177662,4.2577662,1.8577662,0.86776614,1.7677661,1.1977661,-1.9522339,-4.7822337,-6.892234,-5.912234,-5.662234,-4.212234,-4.0522337,-3.312234,-4.7822337,-5.8022337,-6.912234,-6.352234,-4.872234,-4.5922337,-3.9622338,-5.2622337,-6.7822337,-3.4522338,1.0677661,-5.022234,-2.7022338,-1.0722339,2.8077662,-0.5122339,1.0877662,-1.9022338,-0.68223387,1.5377661,0.9777661,1.9077661,1.5177661,1.5877662,4.517766,5.367766,0.7977661
-1.7822338,-1.2522339,-0.33223388,-0.13223389,0.15776612,-0.27223387,1.6677661,1.4977661,-3.562234,-4.502234,-5.932234,-6.462234,-6.0122337,-5.2822337,-1.5722339,-3.532234,-5.622234,-7.482234,-7.132234,-7.442234,-6.952234,-7.542234,-5.632234,-4.632234,0.62776613,-3.6322339,-2.062234,1.3377662,0.32776612,3.947766,-2.352234,-1.5522339,-2.842234,1.0077661,-1.6322339,-0.7322339,-0.052233886,0.6477661,1.2577661,1.5077661,-1.1222339,3.6077662,2.5277662
-5.852234,-6.612234,-8.372234,-8.262234,-8.522234,-5.982234,-0.33223388,-1.1522338,-3.282234,-4.772234,-5.142234,-3.742234,-3.782234,-3.782234,-0.7322339,-5.212234,-3.842234,-7.222234,-6.222234,-5.002234,-4.932234,-2.522234,-1.5722339,-1.6422338,-1.9422339,-1.9322339,-3.4522338,-3.302234,-3.062234,0.8877661,2.437766,2.497766,1.7177662,3.1377661,-0.072233886,0.4377661,-1.0522339,0.6677661,4.847766,3.5477662,4.867766,3.497766,4.777766
-3.322234,-2.6422338,-5.5322337,-6.392234,-7.852234,-8.082233,-7.8422337,-7.272234,-8.682234,-5.2622337,-4.272234,-3.522234,-2.6522338,-1.5822339,-3.4722338,-3.6222339,-6.152234,-6.952234,-5.002234,-2.8822339,-1.6722339,-1.1422338,-2.732234,-2.812234,-1.8322339,-0.3822339,-0.81223387,-0.4622339,-1.5122339,-3.6922338,-2.1622338,0.4377661,2.0277662,1.1677661,0.9577661,0.6077661,-0.30223387,2.397766,4.537766,5.017766,5.317766,1.1077662,-1.7022339
-4.102234,-0.3222339,-0.9622339,-2.6622338,-4.5122337,-4.502234,-3.9622338,-3.6322339,-2.1122339,-2.352234,-2.012234,-1.542234,-0.6722339,-2.022234,-3.7222338,-5.362234,-6.632234,-5.8022337,-4.7622337,-2.4322338,-1.9122338,-1.8322339,-2.9022338,-2.6822338,-1.9122338,-0.3122339,1.1777661,2.497766,0.7377661,0.12776612,-2.022234,-1.7322339,-1.0722339,-0.7622339,-1.4222339,0.067766115,-0.45223388,2.5477662,0.12776612,0.057766113,4.7177663,-0.21223389,4.117766
-3.9122338,-2.532234,-1.542234,-1.1122339,-1.0222338,-1.0222338,-1.1822339,-0.10223389,-0.29223388,-0.9922339,-0.6722339,-0.42223388,-0.7322339,-3.4422338,-4.952234,-6.112234,-5.672234,-5.432234,-4.662234,-3.4722338,-1.8422339,-0.45223388,-2.1622338,-2.502234,-3.022234,-2.322234,-2.2022338,-0.7222339,0.87776613,2.3677661,-1.2322339,-4.0122337,-4.682234,-3.792234,-4.102234,-2.582234,-1.8022339,-0.112233885,2.5877662,4.4477663,6.4277663,5.1577663,3.8477662
-2.752234,-2.7022338,-3.052234,-4.272234,-5.122234,-6.0322337,-5.7622337,-5.3022337,-4.772234,-3.3722339,-2.542234,-3.052234,-3.492234,-5.0922337,-6.7822337,-6.212234,-6.182234,-5.2822337,-3.572234,-3.1222339,-2.772234,-2.4322338,-3.1922338,-4.062234,-3.542234,-3.252234,-4.132234,-4.332234,-5.132234,-5.402234,-3.3922338,-3.6222339,-4.502234,-3.4522338,-1.2322339,1.0877662,0.99776614,1.3977661,0.8477661,-0.4122339,0.5377661,0.4377661,2.687766
-4.422234,-3.8622339,-4.812234,-6.222234,-6.862234,-6.912234,-5.5722337,-4.912234,-5.0722337,-5.9922338,-6.292234,-5.962234,-6.5322337,-7.272234,-6.192234,-5.102234,-5.642234,-5.442234,-5.4922338,-4.882234,-3.982234,-3.8922338,-4.452234,-4.112234,-4.002234,-4.3022337,-4.502234,-4.722234,-4.022234,-3.742234,-3.602234,-3.342234,-1.5722339,-0.5422339,0.4077661,0.8577661,3.507766,2.8177662,3.437766,1.2677661,2.8077662,0.6977661,1.5677661
-3.6422338,-2.582234,-4.692234,-5.082234,-4.922234,-4.5122337,-4.212234,-4.522234,-4.352234,-5.022234,-5.452234,-6.002234,-6.612234,-5.942234,-4.502234,-3.762234,-4.5722337,-4.422234,-3.852234,-3.092234,-2.8922338,-3.9322338,-3.982234,-3.6822338,-4.062234,-3.852234,-3.822234,-3.9622338,-4.352234,-3.322234,-3.502234,-3.852234,-2.4722338,-1.4622339,-0.39223388,0.6377661,1.5277661,2.6077662,2.437766,1.1577661,0.2777661,-0.4322339,1.9277661
-2.8822339,-3.1522338,-3.7122338,-3.302234,-3.2022338,-2.512234,-3.1322339,-3.252234,-3.082234,-4.152234,-4.852234,-5.312234,-6.682234,-5.2422338,-4.612234,-5.0722337,-5.0722337,-4.652234,-4.292234,-3.732234,-2.8722339,-2.582234,-2.572234,-3.1922338,-3.6422338,-4.022234,-3.9722338,-4.402234,-3.9322338,-3.272234,-3.6622338,-4.132234,-2.732234,-4.482234,-3.1522338,-2.082234,-1.8222339,-1.9522339,-0.4322339,0.2177661,0.47776613,2.2977662,1.0577661
-2.072234,-2.1822338,-2.8822339,-2.552234,-1.9122338,-2.7022338,-2.1922338,-2.602234,-3.852234,-4.252234,-4.5322337,-3.072234,-2.842234,-3.6622338,-2.572234,-3.2022338,-3.012234,-2.4722338,-2.1122339,-2.1222339,-2.532234,-3.842234,-3.4022338,-3.1822338,-3.092234,-3.012234,-3.502234,-4.162234,-3.492234,-4.212234,-3.9022338,-4.192234,-4.8222337,-4.712234,-5.682234,-4.942234,-2.9522338,-4.112234,-2.1222339,-0.68223387,-0.26223388,0.55776614,0.4977661
-2.1822338,-1.2622339,-2.762234,-3.1322339,-2.1322339,-3.092234,-1.5222338,-2.2022338,-3.9222338,-4.172234,-3.012234,-2.1422338,-1.3522339,-1.5622339,-0.45223388,-1.2422339,-1.2122339,-0.62223387,-0.8522339,0.3077661,1.8377662,-1.4922339,-3.3722339,-2.9722338,-3.022234,-3.022234,-3.6722338,-3.572234,-4.332234,-4.122234,-5.062234,-4.732234,-4.392234,-5.232234,-5.502234,-5.962234,-5.812234,-3.752234,-4.252234,-1.9622339,-0.87223387,0.3677661,3.507766
-2.552234,-2.552234,-2.4122338,-2.7122338,-3.352234,-2.842234,-3.082234,-1.7722338,-2.522234,-2.6122339,-2.4322338,-1.1122339,0.47776613,1.1977661,2.1277661,0.3477661,1.5077661,0.12776612,0.2177661,0.41776612,0.3977661,2.707766,0.7577661,-0.45223388,-1.2522339,-0.8522339,-1.9522339,-2.572234,-2.1822338,-3.2022338,-3.3822339,-3.1822338,-4.102234,-3.1422338,-4.192234,-4.0722337,-4.922234,-5.5922337,-5.212234,-2.8722339,-2.8822339,-4.0922337,-4.482234
