wind_kz.json
{"header": {"discipline":0,"disciplineName":"Meteorological products","gribEdition":2,"gribLength":1102,"center":7,"centerName":"US National Weather Service - NCEP(WMC)","subcenter":0,"refTime":"2023-08-20T00:00:00.000Z","significanceOfRT":1,"significanceOfRTName":"Start of forecast","productStatus":0,"productStatusName":"Operational products","productType":1,"productTypeName":"Forecast products","productDefinitionTemplate":0,"productDefinitionTemplateName":"Analysis/forecast at horizontal level/layer at a point in time","parameterCategory":2,"parameterCategoryName":"UnknownDiscipline_0_Category_2","parameterNumber":3,"parameterNumberName":"UnknownParameter_D0_C2_3","parameterUnit":"Unknown","genProcessType":2,"genProcessTypeName":"Forecast","forecastTime":300,"surface1Type":103,"surface1TypeName":"Specified height level above ground","surface1Value":10.0,"surface2Type":255,"surface2TypeName":"Missing","surface2Value":0.0,"gridDefinitionTemplate":0,"gridDefinitionTemplateName":"Latitude_Longitude","numberPoints":615,"shape":6,"shapeName":"Earth spherical with radius of 6,371,229.0 m","gridUnits":"degrees","resolution":48,"winds":"true","scanMode":64,"nx":41,"ny":15,"basicAngle":0,"lo1":47.0,"la1":41.0,"lo2":87.0,"la2":55.0,"dx":1.0,"dy":1.0}, "data":
[rows 0 to 14 of 15, columns 0 to 40 of 41]
3.707322,3.447322,-3.4026783,-5.672678,-1.1126782,-1.9626782,2.4773219,1.3973218,1.0673218,-0.21267822,-1.9826782,-3.2126782,-4.8726783,-6.172678,-6.7326784,-7.282678,-6.672678,-6.2126784,-5.722678,-5.802678,-4.922678,-4.822678,-4.452678,-2.6226783,3.9973218,1.3973218,3.0073218,2.0873218,3.9173217,2.707322,0.88732177,-0.60267824,-1.0626782,-0.6226782,0.13732177,0.43732178,-1.2526783,-1.0526782,-1.8226782,0.3673218,-1.0426782
2.1673217,-5.802678,-7.112678,4.317322,2.2973218,0.0073217773,3.0473218,2.1473217,1.1673218,0.40732178,0.6073218,-2.542678,-4.5626783,-6.1026783,-7.0426784,-7.932678,-6.8526783,-5.222678,-3.5826783,-4.0026784,-7.1926785,-4.632678,-2.9226782,-2.8726783,-0.60267824,-3.3726783,-7.932678,-3.2826781,-5.1226783,2.6773217,-1.5926782,-0.49267823,-1.2426782,-0.3226782,-1.8126782,3.8773217,0.6773218,-5.8526783,2.3173218,2.3473217,-0.67267823
-6.6926785,-4.592678,-2.792678,3.6173217,1.4273218,4.8973217,3.5873218,3.1473217,1.4073218,-0.39267823,-1.6326783,-4.882678,-6.3926783,-5.972678,-5.7726784,-7.052678,-7.6226783,-8.262678,-8.002678,-3.2826781,-3.4826782,-5.9826784,-7.2926784,-4.5426784,-4.842678,-5.092678,-3.0726783,-3.0326781,0.76732177,-3.0226781,-2.1526783,-0.66267824,1.6773218,1.5073218,-1.4226782,2.0873218,1.6673218,2.7673218,-1.8426782,-2.4726782,-0.08267822
-5.5026784,-3.302678,2.2673218,3.1773217,6.067322,5.507322,5.177322,2.9073217,1.7273217,0.51732177,-1.4826782,-3.3126783,-5.0426784,-7.132678,-5.3926783,-5.762678,-6.3726783,-7.052678,-7.3126783,-6.262678,-5.6426783,-5.222678,-2.8726783,-3.8826783,-4.512678,-3.9926782,-5.0226784,-3.6726782,-3.9926782,-4.4826784,-6.682678,-3.802678,2.2373219,1.2973218,-0.08267822,0.40732178,-3.5826783,-1.2226782,2.3373218,-1.5626782,-3.4326782
-5.1626782,3.1873217,4.6273217,3.3973217,4.317322,5.637322,4.0873218,2.8073218,1.6773218,0.6773218,0.52732176,-1.1526783,-3.1326783,-5.972678,-4.8126783,-4.8526783,-5.742678,-5.932678,-6.072678,-5.2326784,-4.032678,-2.4726782,-2.7426782,-3.0926783,-3.292678,-4.1026783,-5.8926783,-4.552678,-4.592678,-4.922678,-5.972678,-5.2726784,-3.2826781,-1.8526782,0.88732177,3.6773217,1.6373218,-0.3826782,-1.6326783,-0.91267824,-2.292678
-2.1726782,5.887322,5.117322,1.9973217,0.5373218,0.09732178,3.8073218,3.2473218,2.197322,2.5973217,2.9073217,2.1873217,0.20732178,-3.1426783,-5.612678,-4.0426784,-5.302678,-5.112678,-4.3526783,-3.7326782,-2.8526783,-3.1126783,-2.4926782,-2.2626781,-2.8526783,-1.9826782,-2.042678,-5.4126782,-5.8926783,-5.1226783,-5.592678,-6.782678,-6.2926784,-1.5526782,-2.0126781,-0.102678224,-2.6826782,-3.8826783,3.8473217,0.117321774,-1.4826782
1.6873218,9.877322,10.827322,7.297322,5.3373218,6.567322,4.737322,2.8073218,2.7573218,2.2173219,0.6673218,-0.42267823,-1.5826782,-2.292678,-3.1926782,-4.172678,-3.5826783,-3.2826781,-2.9726782,-3.0626783,-3.6126783,-3.9826782,-3.3226783,-3.1426783,-2.6426783,-3.3526783,-4.3326783,-5.132678,-6.132678,-6.7726784,-7.5826783,-8.1526785,-8.742679,-8.882678,-6.452678,-4.7726784,-5.672678,-3.7126782,-2.2826781,0.6673218,-6.862678
9.957322,11.577322,9.8473215,9.657322,8.767322,6.317322,4.6273217,3.7373219,3.3673217,2.5773218,1.7173218,0.96732175,-0.34267822,-1.3826783,-2.3326783,-2.8326783,-3.7726781,-2.6826782,-2.3926783,-2.542678,-3.1126783,-3.7226782,-4.152678,-4.7126784,-4.5826783,-4.1426783,-3.7626781,-4.512678,-5.992678,-7.382678,-8.172678,-8.662678,-8.992679,-10.742679,-6.362678,-5.922678,-2.1426783,-2.042678,2.6073217,2.0773218,0.25732177
10.067322,10.647322,9.827322,9.587322,7.577322,5.8073215,4.677322,3.7273219,3.8573217,3.4873219,2.7273219,1.8173218,0.49732178,-0.67267823,-1.7926782,-2.7726781,-3.0126781,-3.4126782,-2.5826783,-1.8926783,-2.2526782,-3.5926783,-4.1426783,-3.9326782,-4.222678,-4.262678,-4.0426784,-4.902678,-5.6026783,-5.302678,-7.762678,-8.702679,-8.822679,-9.422678,-9.372678,-6.3526783,-5.1626782,-4.3326783,-4.1426783,-1.9326782,-0.5526782
9.387321,7.817322,8.217321,8.077322,7.237322,5.5173216,4.3573217,3.6073217,4.3573217,3.7573218,3.1273217,2.3273218,1.7173218,0.5673218,-0.5226782,-1.2926782,-2.2526782,-2.8626783,-2.7826781,-2.7626781,-2.6526783,-2.3126783,-2.4626782,-3.2326782,-2.8826783,-3.6326783,-4.0826783,-3.6426783,-4.132678,-4.8926783,-5.862678,-6.682678,-7.2326784,-8.572679,-9.4026785,-7.7526784,-2.2626781,-2.6026783,-4.152678,-1.2326782,-1.9926782
-3.5826783,0.9373218,5.197322,5.8073215,5.697322,4.577322,4.6873217,3.4973218,4.1073217,3.957322,3.0773218,2.4873219,1.4173218,1.2373217,-0.4126782,-1.1826782,-1.4726782,-2.7826781,-2.5826783,-2.4826782,-2.2826781,-2.542678,-2.5926783,-3.0326781,-3.2326782,-3.4426782,-2.1526783,-3.0826783,-3.0026782,-3.292678,-4.612678,-5.2526784,-4.8926783,-5.6926785,-5.9826784,-7.452678,-3.792678,-1.5526782,-2.7426782,-1.8426782,-1.8326782
-1.5326782,-4.422678,2.8273218,3.5173218,4.827322,4.027322,5.637322,5.297322,4.9573216,4.237322,4.817322,2.8473217,2.1873217,1.1673218,-0.31267822,-1.3626782,-1.3526782,-1.8726783,-2.7326782,-3.4326782,-3.5726783,-3.7726781,-1.7726783,-2.8926783,-2.0926783,-1.9926782,-2.7326782,-2.3726783,-2.9326782,-2.1626782,-2.7126782,-3.2426782,-2.9626782,-2.3526783,-1.7526783,-1.7326782,-2.6326783,-1.9726782,-0.6926782,-0.98267823,-0.5026782
-0.78267825,-1.4926782,-4.782678,-5.012678,-2.7326782,3.7673218,5.847322,6.5173216,6.887322,5.217322,2.5773218,2.2873218,1.3473217,1.5273218,0.8173218,-1.1326783,-1.8426782,-1.8326782,-1.4526782,-1.8626782,-2.1226783,-2.5126781,-4.402678,-4.802678,-5.2326784,-5.8726783,-6.032678,-4.052678,-3.5726783,-3.042678,-2.3526783,-1.4726782,-2.7426782,0.90732175,-0.84267825,1.8973218,2.7573218,0.16732177,-0.4126782,0.90732175,0.59732175
-0.19267823,-1.5126783,1.2873218,-1.7526783,-4.2126784,-4.902678,-6.512678,6.0573215,5.5373216,3.7773218,2.1873217,1.7473217,1.2273217,-0.23267822,1.2673218,-0.53267825,-0.31267822,-0.052678224,-1.1726782,-1.8726783,-3.0126781,-3.5326781,-2.6326783,-4.652678,-4.9826784,-5.1026783,-5.1426783,-4.762678,-3.6626782,-3.6526783,-3.6426783,-3.3326783,-4.452678,-2.4926782,-0.97267824,-0.85267824,1.6673218,3.1173217,2.1573217,0.9873218,1.0373218
0.08732178,-0.052678224,-3.7226782,-0.43267822,-0.85267824,-0.85267824,-1.9826782,-2.2026782,-2.8226783,0.5573218,0.7473218,0.9373218,0.82732177,0.2773218,-2.6026783,-3.1026783,-3.3726783,-1.3026782,-1.4526782,-2.3226783,-5.0226784,-6.402678,-6.862678,-5.402678,-5.992678,-6.3526783,-6.032678,-1.7926782,-3.3526783,-4.8126783,-6.322678,-4.7926784,-3.0326781,-2.5626783,-2.8426783,-1.7726783,-1.5026783,1.1673218,2.8073218,4.6473217,2.1373217
