wind_kz.json
{"header": {"discipline":0,"disciplineName":"Meteorological products","gribEdition":2,"gribLength":1025,"center":7,"centerName":"US National Weather Service - NCEP(WMC)","subcenter":0,"refTime":"2023-08-20T00:00:00.000Z","significanceOfRT":1,"significanceOfRTName":"Start of forecast","productStatus":0,"productStatusName":"Operational products","productType":1,"productTypeName":"Forecast products","productDefinitionTemplate":0,"productDefinitionTemplateName":"Analysis/forecast at horizontal level/layer at a point in time","parameterCategory":2,"parameterCategoryName":"UnknownDiscipline_0_Category_2","parameterNumber":2,"parameterNumberName":"UnknownParameter_D0_C2_2","parameterUnit":"Unknown","genProcessType":2,"genProcessTypeName":"Forecast","forecastTime":120,"surface1Type":103,"surface1TypeName":"Specified height level above ground","surface1Value":10.0,"surface2Type":255,"surface2TypeName":"Missing","surface2Value":0.0,"gridDefinitionTemplate":0,"gridDefinitionTemplateName":"Latitude_Longitude","numberPoints":615,"shape":6,"shapeName":"Earth spherical with radius of 6,371,229.0 m","gridUnits":"degrees","resolution":48,"winds":"true","scanMode":64,"nx":41,"ny":15,"basicAngle":0,"lo1":47.0,"la1":41.0,"lo2":87.0,"la2":55.0,"dx":1.0,"dy":1.0}, "data":
[rows 0 to 14 of 15, columns 0 to 40 of 41]
-3.023916,-0.653916,1.406084,-0.363916,-2.173916,-2.633916,-2.483916,-2.6539161,-4.133916,-0.363916,0.15608399,-1.063916,-1.663916,-3.373916,-3.053916,-2.013916,-1.473916,-0.68391603,-2.233916,0.49608397,3.546084,2.386084,-0.25391603,0.036083985,0.616084,-2.4039161,-3.133916,-0.663916,0.656084,0.706084,0.10608398,-0.843916,0.30608398,1.526084,0.45608398,-1.443916,-0.573916,-1.993916,-3.843916,-0.31391603,1.256084
2.086084,1.2960839,0.536084,-0.87391603,-3.043916,-3.873916,-3.703916,-5.303916,-2.523916,-1.363916,-1.033916,-1.313916,-1.793916,-1.433916,-1.623916,-1.163916,1.126084,-0.25391603,0.18608399,1.086084,2.736084,2.656084,-0.043916017,-2.1539161,0.50608397,0.14608398,-0.723916,-0.403916,-1.613916,-1.853916,-0.093916014,-0.26391602,-0.303916,-1.663916,-0.37391603,0.036083985,-1.373916,-0.043916017,-0.22391601,0.81608397,-3.223916
1.436084,-0.813916,1.436084,0.20608398,-2.873916,-2.593916,-2.623916,-0.93391603,-1.193916,-0.123916015,0.746084,1.7960839,1.496084,1.756084,1.016084,1.386084,2.526084,3.286084,2.976084,3.0960839,4.076084,4.276084,1.626084,-0.603916,2.016084,2.196084,2.146084,0.846084,-2.1539161,-0.763916,-1.943916,2.066084,-0.123916015,-0.74391603,0.256084,-0.37391603,-0.433916,-0.23391601,0.446084,1.646084,1.336084
-0.17391601,1.336084,2.676084,2.666084,0.546084,-0.24391602,0.06608398,1.196084,1.006084,2.336084,3.236084,3.256084,4.556084,2.376084,1.656084,1.866084,3.256084,4.296084,4.456084,4.096084,3.276084,1.766084,2.466084,3.446084,3.376084,3.316084,3.906084,0.036083985,-0.053916015,-0.913916,-2.473916,-4.053916,-3.743916,-3.623916,-3.163916,-2.553916,-1.603916,1.636084,0.986084,0.046083983,1.726084
1.966084,5.426084,5.546084,5.126084,4.276084,3.406084,2.496084,1.806084,2.996084,4.136084,4.036084,3.806084,2.906084,0.40608397,1.626084,2.276084,2.936084,2.896084,4.376084,4.346084,4.696084,0.836084,-1.433916,0.46608397,1.766084,0.296084,2.666084,1.146084,1.376084,0.316084,-0.68391603,-3.093916,-3.013916,0.596084,4.056084,2.576084,2.116084,2.636084,3.1060839,2.056084,-3.213916
3.3560839,3.446084,6.936084,8.416084,7.506084,7.346084,4.446084,3.366084,2.576084,4.106084,4.436084,2.686084,-1.7139161,-2.603916,-1.293916,1.136084,1.926084,2.566084,-0.083916016,3.0960839,-2.023916,-1.763916,-3.043916,-1.473916,0.526084,1.406084,4.456084,3.8560839,2.056084,2.076084,1.196084,1.956084,1.886084,0.10608398,0.036083985,0.586084,0.316084,-0.533916,0.706084,-3.313916,-2.923916
-0.35391602,1.336084,3.626084,6.176084,4.356084,4.956084,3.226084,2.1060839,1.716084,2.196084,0.266084,0.926084,0.51608396,0.22608398,0.796084,0.996084,3.066084,0.956084,-3.083916,-4.0239162,-3.023916,-3.363916,-2.883916,-1.633916,-1.943916,1.156084,2.676084,3.786084,2.266084,0.43608397,1.866084,-0.513916,2.696084,-3.383916,-3.1439161,-2.333916,-1.473916,2.766084,-1.8339161,1.776084,1.226084
-0.913916,-1.7139161,-0.043916017,1.566084,3.3460839,3.036084,0.56608397,-0.653916,0.926084,0.10608398,0.786084,1.686084,2.976084,1.996084,1.946084,1.146084,0.94608396,-2.3939161,-2.373916,-2.043916,-2.713916,-2.833916,-3.663916,-2.623916,-1.373916,-0.29391602,3.186084,3.916084,0.30608398,-0.25391603,-1.283916,2.016084,-3.673916,1.866084,-0.26391602,-0.083916016,-2.553916,-4.5239162,-4.003916,-3.663916,-2.4039161
1.826084,2.436084,2.556084,3.916084,3.996084,3.186084,0.386084,1.026084,0.786084,0.356084,1.386084,1.496084,2.736084,2.6060839,1.476084,3.126084,1.0460839,-2.093916,-2.793916,-2.593916,-2.203916,-1.613916,-0.68391603,-1.553916,-0.503916,0.646084,0.556084,1.016084,0.51608396,-0.26391602,-0.20391601,1.016084,2.456084,-0.893916,-1.123916,-2.6539161,-1.303916,-2.553916,-1.283916,-0.06391601,-1.603916
6.026084,3.126084,3.006084,4.006084,1.7960839,1.466084,1.256084,2.056084,0.07608399,0.656084,1.686084,2.586084,2.516084,3.116084,2.986084,2.196084,-1.923916,-2.443916,-2.6439161,-3.293916,-3.043916,-2.003916,-0.893916,0.526084,0.646084,1.156084,1.606084,1.6660839,1.496084,0.69608396,0.11608399,2.016084,4.2260838,1.656084,-1.023916,-2.263916,-3.203916,-0.913916,-2.313916,-0.26391602,-1.133916
3.776084,3.3560839,2.816084,2.826084,2.696084,2.506084,1.656084,1.0360839,1.2860839,0.416084,1.1660839,1.246084,1.9160839,3.646084,3.766084,2.886084,-1.393916,-1.8339161,-2.433916,-1.853916,-1.343916,-1.253916,-0.38391602,0.10608398,1.646084,1.836084,2.406084,2.326084,2.936084,4.846084,5.086084,4.836084,3.176084,1.236084,-2.6539161,-2.163916,-2.133916,-0.333916,-1.633916,0.716084,-1.503916
1.816084,2.186084,2.616084,2.236084,2.5960839,2.206084,2.5960839,0.586084,0.13608399,-1.373916,-1.033916,1.0460839,1.056084,-0.493916,-2.283916,-3.263916,-2.413916,-1.343916,-0.883916,1.246084,1.216084,2.146084,1.526084,1.656084,2.486084,3.186084,3.556084,4.356084,5.456084,4.866084,4.806084,5.076084,3.186084,4.046084,-0.26391602,-0.62391603,-1.643916,-0.87391603,0.346084,-1.123916,-1.023916
1.2960839,1.556084,2.386084,2.566084,2.406084,1.216084,0.30608398,0.63608396,-0.87391603,-1.173916,-1.133916,0.096083984,1.216084,1.2860839,1.076084,0.706084,0.896084,1.626084,1.7860839,2.576084,2.026084,2.376084,2.6060839,2.376084,3.386084,3.966084,4.776084,5.336084,5.216084,5.046084,5.556084,5.396084,5.2260838,5.616084,2.376084,-0.083916016,1.196084,-0.393916,-0.713916,-0.92391604,-1.693916
-0.003916016,0.046083983,2.926084,4.206084,1.936084,1.016084,1.776084,0.75608397,-0.13391602,-0.543916,-0.773916,-0.513916,1.516084,2.236084,2.226084,2.396084,2.616084,2.146084,2.126084,2.976084,3.236084,3.166084,3.546084,3.136084,3.556084,3.766084,4.656084,5.416084,5.656084,6.646084,6.346084,5.816084,4.926084,4.716084,3.016084,-1.143916,-0.15391602,-0.25391603,-2.943916,-0.963916,-1.923916
-0.67391604,-0.573916,-1.813916,-2.523916,-3.373916,-3.603916,-2.183916,-4.203916,-2.803916,-2.1439161,-0.543916,0.57608396,0.56608397,1.086084,2.806084,2.156084,2.546084,2.496084,1.876084,2.716084,2.986084,3.336084,3.216084,3.176084,3.216084,3.726084,4.986084,6.116084,6.806084,7.096084,8.336084,9.156084,6.376084,5.286084,2.696084,1.266084,-0.593916,0.39608398,-3.053916,-2.533916,-1.753916
