wind_kz.json
{"header": {"discipline":0,"disciplineName":"Meteorological products","gribEdition":2,"gribLength":871,"center":7,"centerName":"US National Weather Service - NCEP(WMC)","subcenter":0,"refTime":"2023-08-19T12:00:00.000Z","significanceOfRT":1,"significanceOfRTName":"Start of forecast","productStatus":0,"productStatusName":"Operational products","productType":1,"productTypeName":"Forecast products","productDefinitionTemplate":0,"productDefinitionTemplateName":"Analysis/forecast at horizontal level/layer at a point in time","parameterCategory":0,"parameterCategoryName":"UnknownDiscipline_0_Category_0","parameterNumber":0,"parameterNumberName":"UnknownParameter_D0_C0_0","parameterUnit":"Unknown","genProcessType":2,"genProcessTypeName":"Forecast","forecastTime":300,"surface1Type":1,"surface1TypeName":"Ground or water surface","surface1Value":0.0,"surface2Type":255,"surface2TypeName":"Missing","surface2Value":0.0,"gridDefinitionTemplate":0,"gridDefinitionTemplateName":"Latitude_Longitude","numberPoints":615,"shape":6,"shapeName":"Earth spherical with radius of 6,371,229.0 m","gridUnits":"degrees","resolution":48,"winds":"true","scanMode":64,"nx":41,"ny":15,"basicAngle":0,"lo1":47.0,"la1":41.0,"lo2":87.0,"la2":55.0,"dx":1.0,"dy":1.0}, "data":
[rows 0 to 14 of 15, columns 0 to 40 of 41]
292.56522,286.3652,291.16522,298.56522,298.3652,297.06522,298.4652,299.7652,298.16522,296.9652,295.8652,297.7652,297.3652,297.06522,296.66522,295.3652,296.4652,296.4652,296.16522,298.2652,299.2652,293.56522,292.56522,291.9652,292.8652,294.7652,295.7652,281.4652,281.16522,281.06522,279.8652,281.4652,289.7652,295.9652,294.56522,295.2652,296.9652,297.3652,296.06522,295.66522,296.56522
275.2652,290.3652,298.3652,298.56522,298.4652,296.9652,299.06522,298.06522,294.9652,294.7652,294.7652,293.56522,293.16522,293.16522,293.7652,294.4652,296.7652,297.7652,296.66522,296.7652,298.2652,296.66522,293.9652,289.66522,276.56522,278.16522,286.66522,278.16522,280.06522,277.16522,283.16522,275.3652,282.06522,268.06522,280.56522,293.66522,294.16522,295.7652,298.16522,290.66522,283.9652
289.8652,298.16522,298.66522,298.66522,296.7652,297.66522,298.56522,297.06522,293.66522,292.8652,291.2652,290.7652,289.8652,292.4652,293.9652,293.3652,293.4652,294.06522,295.7652,296.66522,296.56522,299.06522,298.7652,290.4652,290.9652,289.9652,292.8652,292.56522,292.2652,284.7652,275.4652,279.3652,283.7652,283.2652,287.56522,286.2652,278.2652,280.3652,281.8652,277.8652,277.4652
291.56522,298.66522,298.16522,297.66522,295.56522,295.3652,297.3652,296.66522,293.16522,292.4652,290.06522,290.56522,295.16522,294.2652,293.16522,294.4652,293.8652,294.8652,295.9652,294.66522,297.3652,291.9652,295.2652,294.7652,294.06522,294.56522,294.56522,293.9652,289.7652,290.16522,291.06522,289.8652,299.06522,296.3652,297.16522,290.3652,282.56522,280.16522,284.8652,293.8652,296.56522
292.2652,298.2652,298.2652,297.9652,296.9652,296.66522,297.56522,295.7652,293.16522,292.66522,290.7652,290.2652,295.06522,293.66522,291.2652,292.16522,292.3652,292.7652,292.9652,294.66522,295.06522,294.9652,294.2652,294.56522,294.3652,293.4652,291.06522,291.3652,290.56522,291.06522,291.56522,288.16522,283.56522,277.56522,289.3652,297.3652,296.8652,299.3652,299.66522,298.7652,297.9652
291.16522,290.7652,297.06522,297.2652,297.66522,297.56522,296.56522,294.2652,293.66522,292.06522,292.16522,291.7652,293.7652,294.4652,291.9652,290.8652,291.66522,291.7652,292.4652,292.8652,292.06522,291.3652,291.66522,292.66522,291.66522,290.16522,289.66522,292.9652,289.66522,290.56522,288.9652,289.8652,287.2652,284.8652,291.06522,292.8652,289.3652,290.66522,297.4652,296.2652,295.9652
291.8652,290.4652,292.9652,294.06522,294.7652,295.16522,297.66522,293.9652,293.9652,293.3652,291.56522,291.3652,290.9652,289.7652,289.56522,291.7652,291.8652,291.7652,290.9652,290.16522,288.7652,289.3652,288.9652,290.3652,290.06522,289.8652,288.2652,288.7652,287.8652,287.3652,286.7652,286.7652,287.06522,288.4652,288.4652,287.56522,285.66522,285.2652,283.4652,283.56522,292.56522
291.56522,292.4652,293.56522,293.9652,295.8652,297.56522,296.8652,295.56522,292.2652,291.8652,290.9652,290.06522,288.4652,289.7652,290.06522,290.16522,290.2652,290.7652,290.16522,288.3652,286.56522,286.8652,286.66522,287.06522,286.4652,284.06522,285.06522,285.4652,283.66522,284.7652,283.2652,283.7652,283.3652,281.4652,280.7652,283.66522,286.2652,289.2652,286.8652,287.8652,283.7652
291.66522,292.06522,292.9652,293.4652,295.56522,295.7652,296.4652,294.8652,291.56522,290.7652,289.2652,288.66522,287.06522,288.06522,287.9652,288.06522,287.66522,287.9652,287.56522,286.7652,285.16522,284.06522,283.9652,284.8652,283.66522,283.9652,280.9652,281.06522,279.3652,278.56522,279.66522,279.8652,280.4652,281.9652,281.66522,279.8652,281.66522,281.56522,274.7652,277.3652,275.8652
291.56522,291.3652,292.9652,293.16522,294.3652,294.9652,295.06522,291.7652,290.56522,289.9652,288.7652,287.16522,287.4652,286.66522,286.66522,286.4652,286.56522,285.9652,285.66522,285.7652,283.8652,283.16522,283.56522,283.2652,282.2652,281.2652,279.8652,279.8652,279.2652,278.7652,277.3652,281.4652,282.56522,282.06522,281.06522,279.8652,277.56522,279.06522,275.56522,275.2652,277.66522
288.4652,290.2652,290.56522,291.3652,292.3652,293.2652,293.16522,292.7652,290.3652,288.8652,287.2652,286.66522,286.2652,285.3652,284.9652,285.06522,284.8652,284.66522,284.7652,283.2652,282.9652,282.2652,281.4652,280.66522,279.7652,279.56522,277.56522,279.4652,279.4652,280.3652,281.7652,281.7652,281.2652,281.4652,280.06522,278.4652,276.7652,274.16522,273.4652,276.06522,276.56522
286.7652,289.56522,289.7652,288.8652,289.2652,290.56522,291.06522,290.66522,288.8652,288.2652,286.06522,283.56522,284.66522,283.7652,283.7652,283.8652,283.7652,283.4652,283.4652,282.3652,281.3652,280.3652,280.3652,279.9652,279.2652,280.06522,279.66522,280.06522,280.3652,281.06522,279.2652,280.7652,281.66522,280.3652,280.56522,279.9652,279.2652,277.4652,278.7652,278.56522,279.3652
284.9652,286.16522,288.66522,288.2652,288.56522,287.56522,287.9652,288.9652,288.16522,285.4652,282.3652,280.9652,283.06522,282.56522,283.06522,282.7652,282.56522,282.3652,282.7652,281.66522,280.9652,279.16522,278.06522,277.4652,278.9652,279.8652,280.8652,280.06522,279.9652,278.16522,278.8652,279.06522,278.8652,278.4652,278.3652,279.2652,279.66522,280.16522,279.3652,278.56522,278.8652
283.56522,286.3652,289.06522,286.8652,288.06522,286.7652,286.56522,286.2652,286.8652,288.2652,286.2652,283.06522,280.16522,281.7652,282.06522,282.4652,282.3652,281.9652,281.66522,280.8652,280.4652,279.8652,280.16522,279.7652,280.16522,280.2652,279.56522,279.4652,278.3652,278.3652,278.16522,277.56522,277.3652,277.4652,277.66522,277.4652,277.7652,277.9652,277.66522,277.9652,278.7652
284.2652,285.66522,290.4652,285.9652,285.3652,288.06522,287.06522,286.7652,286.7652,286.16522,286.06522,284.06522,283.16522,280.3652,282.2652,281.4652,281.4652,281.06522,280.66522,280.4652,280.16522,280.3652,279.3652,278.7652,278.4652,277.9652,277.06522,277.06522,277.06522,277.06522,277.8652,280.16522,276.7652,275.7652,276.06522,276.56522,276.56522,277.4652,278.56522,279.16522,281.7652
