wind.json
{"header": {"discipline":0,"disciplineName":"Meteorological products","gribEdition":2,"gribLength":1125,"center":7,"centerName":"US National Weather Service - NCEP(WMC)","subcenter":0,"refTime":"2023-05-30T18:00:00.000Z","significanceOfRT":1,"significanceOfRTName":"Start of forecast","productStatus":0,"productStatusName":"Operational products","productType":1,"productTypeName":"Forecast products","productDefinitionTemplate":0,"productDefinitionTemplateName":"Analysis/forecast at horizontal level/layer at a point in time","parameterCategory":2,"parameterCategoryName":"UnknownDiscipline_0_Category_2","parameterNumber":2,"parameterNumberName":"UnknownParameter_D0_C2_2","parameterUnit":"Unknown","genProcessType":2,"genProcessTypeName":"Forecast","forecastTime":180,"surface1Type":103,"surface1TypeName":"Specified height level above ground","surface1Value":10.0,"surface2Type":255,"surface2TypeName":"Missing","surface2Value":0.0,"gridDefinitionTemplate":0,"gridDefinitionTemplateName":"Latitude_Longitude","numberPoints":688,"shape":6,"shapeName":"Earth spherical with radius of 6,371,229.0 m","gridUnits":"degrees","resolution":48,"winds":"true","scanMode":64,"nx":43,"ny":16,"basicAngle":0,"lo1":45.0,"la1":40.0,"lo2":87.0,"la2":55.0,"dx":1.0,"dy":1.0}, "data":
[rows 0 to 15 of 16, columns 0 to 42 of 43]
2.3623316,-2.0376685,-2.6776686,-2.5776684,2.5723314,-0.5176685,1.9923315,2.5423315,2.2123315,0.6623315,-0.7076685,1.3523315,2.4723315,3.9923315,5.3123317,5.1823316,4.6623316,4.0823317,3.5523314,1.3123316,1.8823315,-1.3176684,1.3623315,-0.14766845,-2.8476684,0.42233154,0.57233155,0.80233157,0.96233153,1.0623316,-0.46766844,-1.5576684,-0.5776684,-1.9976685,-5.8376684,-2.8176684,-2.3676684,-2.7476685,-2.2576685,-0.8976685,-1.1676685,-2.5276685,-5.4276686
-1.0576684,-3.1176684,-3.2076685,1.7723316,-0.7176685,3.5223315,3.7523315,3.0423315,2.7223315,3.1923316,2.8523316,2.3323317,2.0923316,2.4623315,1.7823316,0.90233153,0.95233154,3.9623315,4.5723314,0.19233154,-1.2576685,-2.8776684,-1.7276684,-0.40766847,2.3523316,3.7123315,-1.2676685,-0.10766846,2.5123315,2.2123315,0.10233154,0.75233155,0.33233154,-0.18766846,-0.36766845,-1.5376685,-3.6076684,1.3223315,-0.32766846,-1.5376685,-1.7376685,-2.1976686,-1.8276684
-1.0776684,1.2923316,-1.5476685,-0.73766845,3.9123316,4.1123314,3.6623316,2.9323316,1.5823315,0.6623315,1.3923316,3.1923316,3.4923315,2.7023315,1.0223316,0.55233157,1.6123315,3.3723316,3.2423315,1.5523316,-2.3476684,-2.8476684,-0.8376685,1.9023316,3.4223316,2.0123315,0.052331544,-0.56766844,1.1423316,0.082331546,3.4523315,1.4423316,0.38233155,-0.6576685,-0.017668458,0.56233156,0.52233154,-1.0176685,-0.80766845,-1.7576685,0.22233154,-2.8176684,0.95233154
-0.32766846,-0.15766846,-1.5376685,3.2823315,4.9423313,4.4823318,2.8723316,1.3723315,2.5223315,1.6923316,3.0623314,2.2123315,2.1323316,2.9123316,2.7923315,1.9223316,2.3223314,2.3823316,1.9223316,2.9023316,-0.37766847,-1.2276684,-1.5176685,-2.2576685,-0.56766844,-4.3376684,-3.8476684,-2.4676685,-2.3376684,-2.3676684,2.6623316,-0.16766846,1.5923315,-2.6376684,-0.94766843,0.70233154,0.7923315,1.4823315,1.1323315,-0.75766844,2.4623315,5.8423314,2.8123314
-2.4176683,-1.6576685,-2.9976685,-1.5976684,-1.8876685,0.23233154,-0.37766847,-0.55766845,2.0323315,1.6823316,3.6223316,2.9423316,2.7523315,3.4023316,2.3023314,2.3923316,3.4523315,1.7323315,1.6323315,1.9123316,1.6123315,0.95233154,1.7023315,-5.9776683,-4.0076685,-4.7176685,-5.2676682,-4.7476683,-3.0076685,-0.66766846,-2.9176683,-3.0976684,-4.3676686,-1.1676685,-3.8176684,-1.6176685,-0.23766845,0.63233155,1.8023316,1.8223315,-2.3276684,-2.0476685,-1.3476684
-3.6376684,-3.3076684,-3.5176685,-3.6176684,-2.5176685,-1.3676685,0.68233156,2.1423316,2.8923316,3.6923316,3.9423316,3.2723315,1.5823315,3.8423316,2.4523315,2.4023316,3.1423316,2.9923315,0.39233154,-0.19766846,0.58233154,4.5823317,3.0623314,1.8023316,-1.1076684,1.1823316,-0.25766847,0.002331543,-0.41766846,-2.4276686,-4.0976686,-3.1976686,-0.12766846,1.0023315,0.5923315,1.0223316,-2.2276685,-0.097668454,3.7523315,3.9823315,2.7923315,0.7823315,2.1623316
-4.1976686,-3.1376684,-1.8776685,-1.7576685,-2.2576685,-0.33766845,0.61233157,1.3123316,3.1623316,1.8823315,-0.5776684,-2.1376684,-0.46766844,-1.7576685,-0.29766846,-0.42766845,0.6723316,1.7523315,0.51233155,2.0323315,2.1523316,2.9923315,3.7123315,0.9823315,0.9123315,1.1423316,1.7223315,3.1623316,4.1823316,-2.5376685,1.9623315,-0.017668458,-1.7776685,-2.1176684,-0.78766847,-0.087668456,1.3623315,2.3123314,5.7623315,6.0923314,9.632332,3.4823315,3.8323317
-3.5876684,-2.6776686,-2.3776684,-2.1576684,-1.0676684,-0.9076685,-0.41766846,-0.37766847,-1.1776685,-2.8776684,-4.2276683,-3.0576684,-1.8876685,-1.8276684,-1.9976685,-2.2276685,-0.98766845,0.9123315,0.41233155,2.8323317,5.2523317,4.0823317,4.5323315,1.8423315,2.3223314,1.0323316,1.7623315,1.9223316,-1.2076684,-1.7476685,-1.6476685,-0.28766847,-0.36766845,0.87233156,-1.5576684,0.062331542,1.1023315,2.7023315,2.7123315,-1.0076685,3.6423316,0.9123315,-2.0276685
-3.5676684,-3.3676684,-3.1476684,-2.5976684,-2.1376684,-2.1576684,-1.6576685,-2.3676684,-2.6076684,-3.4276686,-4.1576686,-3.1376684,-2.3176684,-2.2476685,-3.7476685,-1.3376684,-1.3476684,-1.5876684,-0.49766845,2.9323316,5.0823317,5.4223313,3.4823315,1.8023316,-0.79766846,-1.2176684,-1.2376685,-0.25766847,-1.8776685,-1.9876685,-1.3976685,-1.2376685,2.0923316,0.5323315,0.7323315,-0.97766846,2.2923315,2.2523315,0.93233156,1.5923315,4.8423314,3.6223316,3.1623316
-3.0776684,-4.4576683,-2.7876685,-2.3576684,-2.3876684,-3.8376684,-2.8976684,-2.4776685,-3.0476685,-4.0676684,-4.0076685,-4.1676683,-4.3176684,-4.037668,-3.9376686,-3.4476686,-1.3076684,-3.2376685,-2.4876685,-2.2976685,0.16233154,3.4423316,5.5923314,0.7923315,-1.8176684,-3.9976685,-4.3776684,-3.9276686,-3.1376684,-1.6676685,-2.5376685,-2.4576685,-1.1176685,-0.97766846,-0.69766843,0.09233154,1.8523315,1.3123316,1.6823316,2.5923316,-1.9676684,-1.0976684,2.3023314
-2.5576684,-2.5076685,-2.3976684,-2.4676685,-3.1576684,-3.5176685,-3.7676685,-3.3776684,-3.2276685,-4.5676684,-5.7476683,-6.0176682,-6.4976683,-7.0276685,-5.6976686,-5.3976684,-3.7276685,-4.4676685,-5.3576684,-5.4176683,-6.9076686,-6.1776686,-4.0576687,-4.3776684,-5.2276683,-5.5276685,-5.3276687,-4.8076687,-3.8376684,-3.1076684,-3.2076685,-3.2976685,0.002331543,1.1523316,3.0523314,-1.4876685,0.41233155,0.90233153,2.6623316,0.9823315,2.8423316,-0.81766844,0.17233154
-1.1776685,-0.40766847,-1.3876685,-2.0476685,-2.4876685,-3.3676684,-3.0176685,-3.1276684,-2.8576684,-4.2376685,-5.5676684,-6.0676684,-7.2976685,-7.0076685,-6.5576687,-6.9976683,-6.0576687,-4.9576683,-6.6976686,-6.4176683,-7.9576683,-9.827668,-8.017669,-7.2276683,-7.4476686,-8.017669,-6.5976686,-4.1876683,-5.0676684,-2.7776685,-1.6376685,-0.9576685,-0.7076685,0.69233155,0.95233154,-1.1276685,-1.7076684,-0.91766846,2.1523316,0.61233157,0.51233155,-1.0776684,1.5723315
0.37233153,-0.9676685,-1.2276684,-1.9476684,-2.0576684,-2.3976684,-3.5676684,-3.4376686,-3.8276684,-2.7176685,-2.8776684,-2.9976685,-4.7476683,-5.0776687,-5.7276683,-6.4176683,-6.3476686,-6.6376686,-6.8076687,-7.1276684,-7.4076686,-6.3476686,-4.5776687,-6.8876686,-6.0776687,-6.3676686,-6.0176682,-4.5976686,-2.4476686,-0.9576685,0.002331543,0.69233155,1.0123315,0.81233156,0.40233153,2.3323317,-0.36766845,0.24233155,-0.26766846,0.31233156,0.012331543,0.7823315,0.23233154
0.07233154,-0.66766846,-0.17766845,-0.33766845,-1.3776685,-1.9876685,-0.84766847,-0.7076685,-3.2176685,-4.6776686,-4.2676682,-0.27766845,-1.7976685,-3.8576684,-3.2976685,-4.6676683,-5.1076684,-5.5776687,-5.6876683,-5.3976684,-4.5576687,-4.5576687,-3.7576685,-4.1776686,-3.7376685,-3.3176684,-2.8076684,-2.0176685,-0.54766846,-0.44766846,0.18233155,0.9823315,2.4423316,2.2023315,2.0223315,0.6723316,0.75233155,1.5723315,1.7523315,2.2023315,1.1423316,2.1423316,2.0723314
-0.22766846,-0.16766846,-0.47766846,-0.5276685,-0.037668455,-0.5876685,-0.74766845,-0.6576685,-1.5576684,-1.4176685,-2.2476685,-1.3076684,0.44233155,0.55233157,-2.8376684,-2.3776684,-3.2076685,-3.5676684,-4.3376684,-4.6276684,-4.3076687,-3.6476684,-2.9276686,-2.2476685,-1.5476685,-1.3376684,-1.6176685,-0.99766845,-0.80766845,-0.30766845,1.2623315,0.69233155,2.8223314,2.4023316,3.2023315,4.1223316,1.3923316,1.4623315,1.7423315,1.5523316,2.9723315,1.9223316,1.0123315
0.70233154,0.9723315,1.0523316,0.70233154,1.2123315,1.4623315,1.3223315,1.0923315,1.8423315,0.95233154,0.56233156,0.39233154,0.9723315,-0.7076685,0.23233154,-0.25766847,-0.55766845,-1.4676684,-2.4576685,-2.4376686,-3.2376685,-3.1076684,-2.6576684,-1.8176684,-1.3376684,-0.6476685,-0.79766846,-0.6476685,-0.07766846,0.45233154,0.37233153,0.19233154,0.96233153,2.7523315,1.6923316,0.49233153,2.4423316,3.0223315,3.1223316,3.4323316,3.0523314,2.4023316,2.0823317
