wind_kz.json
{"header": {"discipline":0,"disciplineName":"Meteorological products","gribEdition":2,"gribLength":871,"center":7,"centerName":"US National Weather Service - NCEP(WMC)","subcenter":0,"refTime":"2023-09-27T12:00:00.000Z","significanceOfRT":1,"significanceOfRTName":"Start of forecast","productStatus":0,"productStatusName":"Operational products","productType":1,"productTypeName":"Forecast products","productDefinitionTemplate":0,"productDefinitionTemplateName":"Analysis/forecast at horizontal level/layer at a point in time","parameterCategory":0,"parameterCategoryName":"UnknownDiscipline_0_Category_0","parameterNumber":0,"parameterNumberName":"UnknownParameter_D0_C0_0","parameterUnit":"Unknown","genProcessType":2,"genProcessTypeName":"Forecast","forecastTime":120,"surface1Type":1,"surface1TypeName":"Ground or water surface","surface1Value":0.0,"surface2Type":255,"surface2TypeName":"Missing","surface2Value":0.0,"gridDefinitionTemplate":0,"gridDefinitionTemplateName":"Latitude_Longitude","numberPoints":615,"shape":6,"shapeName":"Earth spherical with radius of 6,371,229.0 m","gridUnits":"degrees","resolution":48,"winds":"true","scanMode":64,"nx":41,"ny":15,"basicAngle":0,"lo1":47.0,"la1":41.0,"lo2":87.0,"la2":55.0,"dx":1.0,"dy":1.0}, "data":
[rows 0 to 14 of 15, columns 0 to 40 of 41]
304.03745,291.33746,297.73746,293.83746,293.73746,293.03745,300.73746,305.33746,303.23746,303.93744,302.43744,302.73746,301.93744,301.93744,302.03745,301.53745,301.23746,301.03745,301.03745,301.13745,302.83746,299.43744,299.63745,294.93744,297.43744,299.63745,294.13745,281.53745,271.43744,276.93744,278.13745,276.93744,287.03745,295.03745,294.73746,294.93744,296.13745,294.83746,294.43744,293.23746,291.03745
279.43744,295.63745,293.43744,293.73746,293.53745,292.33746,305.63745,303.03745,301.33746,301.43744,301.93744,301.33746,302.73746,301.03745,300.73746,300.33746,300.03745,300.33746,299.33746,299.53745,300.43744,300.33746,298.23746,288.73746,278.63745,276.13745,287.93744,281.73746,282.33746,276.43744,280.33746,269.13745,276.03745,256.03745,276.23746,291.63745,289.93744,291.63745,294.73746,286.93744,284.33746
301.53745,293.83746,293.63745,293.33746,291.33746,303.93744,302.33746,301.73746,300.83746,299.93744,299.53745,300.43744,299.93744,301.33746,300.33746,299.63745,298.73746,298.43744,298.93744,299.23746,300.43744,299.03745,299.03745,292.93744,296.63745,294.63745,295.73746,293.13745,291.53745,282.53745,272.13745,274.73746,281.73746,282.03745,283.73746,281.53745,274.23746,277.43744,279.43744,273.53745,272.93744
302.93744,292.83746,293.33746,292.43744,294.93744,302.73746,301.43744,301.83746,301.43744,300.83746,299.33746,296.83746,290.73746,290.23746,298.13745,300.53745,298.83746,298.83746,299.63745,299.93744,298.33746,294.43744,298.03745,298.43744,298.43744,298.43744,298.53745,294.03745,291.13745,292.83746,293.93744,290.73746,294.73746,293.23746,292.73746,286.83746,275.53745,267.33746,279.03745,286.63745,290.23746
301.83746,292.13745,292.73746,292.03745,297.43744,302.63745,303.33746,303.13745,300.63745,299.93744,299.73746,297.53745,290.03745,288.73746,287.73746,299.73746,299.53745,298.33746,298.23746,297.83746,298.23746,298.43744,297.43744,297.43744,296.53745,295.33746,292.83746,291.53745,292.63745,292.23746,293.73746,291.53745,279.33746,270.33746,280.83746,288.73746,291.83746,293.43744,293.83746,294.03745,293.33746
301.93744,300.43744,291.03745,291.83746,292.03745,291.73746,304.23746,302.43744,299.83746,299.93744,299.83746,299.43744,291.13745,290.03745,293.23746,297.73746,299.33746,298.53745,297.73746,298.03745,297.23746,296.33746,295.53745,295.53745,293.53745,290.93744,290.53745,287.83746,292.73746,293.03745,291.13745,291.73746,291.13745,290.03745,287.43744,290.53745,282.23746,284.43744,289.33746,290.83746,291.33746
301.53745,303.73746,302.13745,302.63745,298.93744,302.13745,303.33746,300.73746,300.63745,299.93744,298.83746,298.33746,297.33746,297.23746,297.03745,296.93744,296.83746,297.63745,297.03745,296.23746,295.83746,296.03745,295.13745,294.63745,292.53745,292.03745,290.93744,292.03745,290.63745,290.43744,289.63745,289.43744,290.33746,291.93744,290.83746,288.53745,282.83746,279.63745,278.63745,277.73746,286.93744
300.43744,301.13745,302.33746,302.73746,303.13745,302.93744,302.43744,300.93744,299.53745,298.43744,296.83746,297.53745,296.43744,296.73746,297.23746,296.33746,295.03745,296.83746,296.03745,293.73746,292.73746,292.73746,292.03745,291.83746,290.63745,288.03745,287.53745,288.03745,286.33746,286.93744,285.33746,285.53745,283.93744,282.73746,284.03745,285.53745,285.93744,286.23746,286.03745,286.13745,282.13745
298.93744,298.23746,300.53745,301.13745,299.83746,300.33746,300.23746,299.73746,298.33746,296.13745,296.23746,295.93744,294.73746,295.83746,295.23746,296.53745,295.53745,295.03745,293.53745,292.73746,290.53745,288.93744,289.03745,288.63745,287.93744,287.73746,285.63745,284.53745,282.73746,280.63745,281.03745,282.23746,282.33746,282.73746,283.23746,282.03745,282.13745,282.03745,270.63745,271.13745,268.43744
296.83746,297.83746,298.93744,300.23746,299.53745,298.93744,298.63745,297.63745,296.73746,296.43744,295.43744,294.33746,294.53745,293.53745,293.43744,293.63745,293.73746,293.83746,292.93744,291.93744,289.83746,289.43744,290.33746,289.53745,288.63745,287.03745,286.33746,284.83746,283.53745,282.43744,282.23746,283.13745,284.13745,283.93744,283.13745,282.53745,281.23746,277.23746,274.43744,273.43744,269.03745
297.03745,296.43744,295.43744,297.53745,298.13745,297.13745,297.53745,296.63745,296.13745,295.73746,294.03745,293.33746,293.23746,292.13745,292.23746,292.43744,292.43744,292.63745,291.83746,290.23746,290.43744,289.33746,288.53745,288.33746,287.73746,287.13745,284.23746,285.43744,284.83746,284.83746,284.63745,284.93744,283.73746,284.03745,283.63745,281.63745,277.63745,273.63745,275.73746,274.13745,272.23746
296.33746,296.93744,296.53745,296.83746,297.13745,295.93744,295.23746,294.33746,294.63745,294.13745,291.33746,290.53745,291.53745,290.23746,290.43744,290.93744,291.33746,290.73746,290.93744,290.13745,288.63745,287.43744,286.83746,286.83746,286.13745,287.13745,286.13745,286.13745,285.43744,284.53745,282.73746,282.63745,282.73746,280.43744,280.83746,279.73746,279.73746,278.83746,277.93744,278.23746,277.93744
293.63745,295.23746,296.13745,296.03745,295.53745,294.93744,294.43744,293.43744,292.03745,291.73746,288.43744,287.53745,289.03745,288.13745,289.23746,290.13745,290.43744,289.63745,290.03745,288.73746,287.93744,286.53745,285.43744,285.13745,286.33746,287.03745,287.23746,285.03745,284.53745,282.43744,282.33746,281.53745,280.33746,280.43744,280.03745,279.73746,278.33746,279.53745,277.23746,276.53745,276.93744
290.13745,294.03745,290.43744,295.53745,294.43744,293.63745,292.73746,291.23746,291.73746,290.33746,287.83746,285.73746,287.33746,287.73746,288.53745,289.13745,289.13745,288.73746,289.23746,289.23746,288.83746,287.73746,287.83746,287.23746,287.33746,287.33746,286.43744,285.63745,283.63745,282.93744,280.93744,279.43744,278.63745,277.73746,278.13745,276.83746,276.63745,276.33746,276.33746,274.13745,274.63745
288.43744,290.83746,285.83746,292.03745,294.33746,294.23746,293.33746,292.53745,291.83746,291.33746,289.33746,287.73746,286.23746,287.43744,287.73746,289.03745,288.93744,288.43744,289.23746,288.73746,289.33746,288.33746,287.73746,286.73746,286.43744,285.93744,285.53745,284.63745,283.63745,282.13745,280.53745,280.63745,277.53745,275.93744,275.53745,275.63745,275.63745,273.93744,274.63745,274.13745,274.13745
