wind_kz.json
{"header": {"discipline":0,"disciplineName":"Meteorological products","gribEdition":2,"gribLength":871,"center":7,"centerName":"US National Weather Service - NCEP(WMC)","subcenter":0,"refTime":"2023-08-10T18:00:00.000Z","significanceOfRT":1,"significanceOfRTName":"Start of forecast","productStatus":0,"productStatusName":"Operational products","productType":1,"productTypeName":"Forecast products","productDefinitionTemplate":0,"productDefinitionTemplateName":"Analysis/forecast at horizontal level/layer at a point in time","parameterCategory":0,"parameterCategoryName":"UnknownDiscipline_0_Category_0","parameterNumber":0,"parameterNumberName":"UnknownParameter_D0_C0_0","parameterUnit":"Unknown","genProcessType":2,"genProcessTypeName":"Forecast","forecastTime":120,"surface1Type":1,"surface1TypeName":"Ground or water surface","surface1Value":0.0,"surface2Type":255,"surface2TypeName":"Missing","surface2Value":0.0,"gridDefinitionTemplate":0,"gridDefinitionTemplateName":"Latitude_Longitude","numberPoints":615,"shape":6,"shapeName":"Earth spherical with radius of 6,371,229.0 m","gridUnits":"degrees","resolution":48,"winds":"true","scanMode":64,"nx":41,"ny":15,"basicAngle":0,"lo1":47.0,"la1":41.0,"lo2":87.0,"la2":55.0,"dx":1.0,"dy":1.0}, "data":
[rows 0 to 14 of 15, columns 0 to 40 of 41]
299.63824,288.33823,293.63824,299.13824,299.23822,298.53824,300.33823,301.23822,298.53824,299.13824,297.33823,299.93823,299.43823,299.63824,297.73822,294.63824,295.53824,296.23822,294.93823,294.93823,295.43823,292.83823,291.33823,286.63824,291.83823,290.13824,287.53824,273.13824,273.23822,274.53824,276.43823,281.03824,291.13824,297.23822,298.63824,297.93823,298.13824,299.03824,298.83823,300.53824,299.83823
279.63824,296.83823,299.23822,299.63824,299.43823,297.53824,302.23822,300.73822,297.53824,297.23822,298.73822,296.73822,295.73822,295.13824,294.33823,293.93823,294.33823,294.33823,293.83823,292.53824,293.63824,294.73822,293.43823,285.13824,277.03824,274.73822,283.73822,272.93823,276.83823,268.93823,276.03824,271.33823,282.23822,264.33823,278.13824,292.93823,292.63824,294.73822,300.03824,291.73822,284.23822
298.13824,299.23822,299.93823,299.73822,296.63824,301.63824,300.43823,299.23822,297.43823,296.83823,295.73822,296.13824,291.93823,293.63824,296.13824,293.83823,293.03824,292.23822,291.83823,293.73822,295.53824,292.53824,294.43823,288.63824,290.23822,288.63824,288.43823,285.63824,285.83823,276.03824,269.03824,271.53824,276.13824,276.73822,281.83823,283.23822,275.03824,278.53824,278.23822,274.03824,276.73822
298.13824,299.73822,300.33823,299.23822,297.13824,299.73822,299.33823,298.33823,298.23822,297.23822,295.63824,293.93823,296.83823,295.83823,293.93823,293.53824,295.73822,292.83823,292.43823,292.23822,291.53824,289.23822,293.73822,293.83823,292.13824,293.23822,292.63824,289.73822,288.43823,289.33823,287.33823,285.23822,290.43823,289.63824,283.93823,287.53824,273.43823,275.23822,279.33823,287.53824,292.33823
300.13824,300.23822,300.73822,300.33823,299.73822,300.43823,299.93823,300.93823,299.53824,299.03824,297.93823,296.33823,297.33823,295.93823,292.93823,296.93823,296.83823,295.63824,292.23822,295.73822,294.83823,293.73822,292.63824,293.33823,292.83823,292.33823,290.33823,291.73822,287.03824,288.73822,290.83823,285.83823,274.23822,266.83823,278.03824,287.33823,293.03824,294.33823,294.43823,294.63824,295.43823
300.03824,295.33823,299.63824,300.03824,300.53824,299.63824,303.43823,301.43823,301.13824,300.73822,299.93823,298.93823,296.33823,296.23822,294.73822,294.63824,296.43823,297.23822,295.03824,296.03824,294.83823,294.53824,292.53824,292.93823,292.73822,291.23822,291.73822,294.03824,291.73822,292.53824,289.03824,291.23822,288.03824,286.63824,283.63824,289.03824,279.03824,283.83823,291.23822,295.83823,293.23822
299.83823,296.83823,299.33823,299.83823,298.83823,296.13824,297.13824,300.03824,300.83823,301.13824,300.73822,299.83823,299.33823,297.73822,294.93823,298.03824,298.43823,299.43823,297.63824,295.13824,293.73822,294.73822,294.03824,293.83823,292.43823,292.03824,290.93823,291.43823,290.23822,290.23822,289.83823,290.03824,289.83823,290.83823,287.63824,285.73822,280.03824,274.83823,276.93823,278.63824,288.83823
300.53824,301.63824,303.73822,302.03824,302.83823,300.13824,301.43823,300.03824,299.63824,299.73822,298.93823,300.53824,299.13824,302.53824,298.93823,300.93823,299.13824,299.73822,298.43823,294.13824,293.13824,292.93823,292.73822,292.23822,290.43823,287.63824,290.03824,286.83823,285.03824,286.73822,285.13824,285.73822,284.23822,282.73822,282.53824,285.63824,286.63824,289.03824,286.33823,287.83823,280.43823
301.03824,301.73822,301.23822,301.53824,302.73822,302.03824,301.73822,302.03824,301.43823,300.13824,297.53824,300.43823,298.53824,297.83823,298.73822,300.73822,299.13824,298.93823,296.93823,294.83823,291.53824,290.43823,290.33823,290.73822,291.83823,291.53824,286.23822,283.93823,282.03824,281.13824,282.13824,282.63824,282.53824,283.63824,283.23822,280.73822,280.53824,280.63824,267.03824,274.73822,269.13824
297.63824,299.83823,302.13824,298.93823,300.53824,304.33823,303.83823,302.03824,302.33823,301.13824,297.13824,296.63824,298.13824,299.53824,297.13824,296.63824,296.93823,296.73822,294.83823,294.13824,292.23822,291.63824,291.53824,290.13824,292.03824,290.13824,288.33823,287.43823,286.13824,284.53824,285.43823,285.33823,288.13824,284.83823,284.13824,285.73822,280.03824,275.43823,268.23822,274.53824,274.93823
296.33823,297.13824,298.53824,298.13824,296.03824,296.53824,299.83823,299.53824,299.43823,297.93823,296.93823,296.43823,298.43823,295.93823,295.03824,293.93823,294.73822,294.73822,294.53824,292.63824,292.73822,291.93823,289.83823,288.93823,289.33823,288.23822,286.83823,288.93823,289.43823,289.43823,289.63824,289.63824,289.33823,287.93823,284.53824,285.13824,279.53824,273.63824,275.83823,275.53824,274.23822
293.53824,294.63824,297.13824,297.33823,296.43823,296.23822,295.83823,295.03824,294.53824,294.63824,293.33823,296.93823,297.43823,294.63824,293.83823,293.43823,293.03824,291.93823,291.83823,290.33823,289.73822,289.43823,290.43823,288.73822,287.93823,286.63824,286.63824,288.03824,290.03824,291.13824,289.23822,288.93823,288.83823,286.53824,283.73822,282.53824,282.33823,280.33823,279.93823,283.53824,280.63824
291.13824,290.83823,294.83823,298.13824,296.73822,295.23822,297.03824,295.73822,290.93823,292.33823,290.33823,292.93823,293.63824,295.23822,293.33823,293.13824,292.63824,291.83823,291.83823,291.23822,290.33823,294.03824,291.93823,288.23822,288.03824,287.03824,288.73822,288.23822,290.53824,288.63824,286.93823,285.33823,285.53824,287.63824,287.03824,285.53824,284.73822,282.23822,280.63824,283.93823,280.23822
293.83823,292.83823,292.53824,295.33823,294.63824,292.63824,291.23822,290.13824,290.93823,290.63824,289.53824,290.33823,292.73822,294.83823,291.53824,292.23822,292.73822,292.03824,292.13824,291.43823,292.83823,292.83823,288.93823,289.33823,287.43823,286.13824,284.53824,285.93823,286.53824,288.83823,288.83823,287.53824,286.03824,287.43823,286.03824,283.43823,284.13824,284.33823,282.73822,282.73822,282.43823
289.53824,292.53824,292.83823,290.73822,295.03824,290.43823,289.83823,289.33823,289.13824,297.83823,294.73822,292.33823,291.63824,292.73822,291.33823,291.83823,291.63824,292.03824,292.93823,293.73822,292.93823,288.23822,288.33823,288.73822,287.73822,286.53824,285.63824,286.73822,284.53824,286.33823,287.63824,285.83823,286.03824,283.53824,285.73822,286.33823,286.03824,283.73822,284.33823,282.63824,283.83823
