wind_kz.json
{"header": {"discipline":0,"disciplineName":"Meteorological products","gribEdition":2,"gribLength":1025,"center":7,"centerName":"US National Weather Service - NCEP(WMC)","subcenter":0,"refTime":"2023-09-23T12:00:00.000Z","significanceOfRT":1,"significanceOfRTName":"Start of forecast","productStatus":0,"productStatusName":"Operational products","productType":1,"productTypeName":"Forecast products","productDefinitionTemplate":0,"productDefinitionTemplateName":"Analysis/forecast at horizontal level/layer at a point in time","parameterCategory":2,"parameterCategoryName":"UnknownDiscipline_0_Category_2","parameterNumber":3,"parameterNumberName":"UnknownParameter_D0_C2_3","parameterUnit":"Unknown","genProcessType":2,"genProcessTypeName":"Forecast","forecastTime":0,"surface1Type":103,"surface1TypeName":"Specified height level above ground","surface1Value":10.0,"surface2Type":255,"surface2TypeName":"Missing","surface2Value":0.0,"gridDefinitionTemplate":0,"gridDefinitionTemplateName":"Latitude_Longitude","numberPoints":615,"shape":6,"shapeName":"Earth spherical with radius of 6,371,229.0 m","gridUnits":"degrees","resolution":48,"winds":"true","scanMode":64,"nx":41,"ny":15,"basicAngle":0,"lo1":47.0,"la1":41.0,"lo2":87.0,"la2":55.0,"dx":1.0,"dy":1.0}, "data":
[rows 0 to 14 of 15, columns 0 to 40 of 41]
3.6488526,2.3288527,4.5988526,2.4888525,-0.64114743,-3.5611475,-2.6311474,-0.63114744,0.03885254,-1.6511475,-2.9111474,-3.0611475,-3.0711474,-4.2511473,-5.9411473,-5.6511474,-5.2111473,-5.4611473,-6.4111476,-5.541147,-4.6011477,-2.2211475,-3.0411475,0.05885254,2.8188524,2.0888526,1.7288525,-1.1211475,-1.9911475,-2.3311474,-2.5311475,-3.1911476,-2.3911474,4.0588527,-0.21114746,-2.2111475,-4.5911474,-6.5011473,-1.6411475,-6.6411476,-2.6211474
-1.2511475,2.2588525,4.0788527,3.1888525,-0.13114746,-5.7511473,-0.83114743,-0.33114746,-0.49114746,-1.8811475,-0.76114744,-2.8711474,-4.3211474,-3.9911475,-5.041147,-4.3311477,-4.6011477,-4.9711475,-5.9111476,-5.2711473,-6.4011474,-7.3211474,-4.9011474,-2.0011475,2.9488525,0.87885255,1.2288525,-1.0211475,0.9588525,-0.17114747,-1.0411475,-1.4611474,-3.0311475,-4.9911475,-3.3411474,1.7188525,1.3788525,-0.38114747,-1.7911475,-1.1111474,-2.3011475
3.1988525,5.8388524,3.5688524,2.8688526,2.3488526,1.7688526,0.30885255,-0.8411475,0.30885255,-0.83114743,-2.3711474,-3.5811474,-5.1111474,-5.0911474,-4.0711474,-4.291147,-4.9411473,-5.9711475,-6.3011475,-7.1911473,-5.1011477,-3.6411474,-6.0911474,-4.3111477,-3.6811476,-2.0411475,-2.2011476,-1.7611475,-1.0111475,-1.1811475,-1.1411475,0.9088525,-1.1511475,-1.0511475,-2.7011476,-0.67114747,-0.86114746,-3.6511474,-1.1011474,-0.12114746,-1.7511475
4.3888526,3.3588526,3.3688526,3.3088524,2.7888525,1.2888526,-0.28114745,-0.67114747,0.108852535,0.21885253,-1.2811475,-2.8311474,-4.6011477,-6.7711473,-8.641148,-4.6111474,-4.9011474,-6.0311475,-6.1111474,-6.4311476,-5.6311474,-5.6611476,-4.3811474,-2.8811474,-3.9211473,-2.8911474,-2.8211474,-1.8211474,-3.2511475,-2.3311474,-1.9511474,-1.2411475,1.5288526,1.9488525,0.20885254,0.40885255,2.3488526,3.0888526,-1.1911474,-2.0611475,-1.6211475
2.8088524,0.94885254,-0.5311475,-3.8311474,0.40885255,0.8388525,-0.19114746,0.22885254,-0.42114747,-1.1911474,-2.2211475,-0.7111475,-3.1611474,-3.8211474,-5.1311474,-4.3811474,-4.8911476,-4.791147,-4.8011475,-4.7511473,-4.6811476,-4.8611474,-3.9611475,-3.6211474,-3.9811475,-3.4311476,-3.2111475,-3.0611475,-1.9111475,-1.7711475,-1.4111475,0.82885253,2.2688525,-0.86114746,0.35885254,-3.0311475,-4.5011473,1.5688525,-5.8511477,2.0388525,-0.0011474609
4.7388525,2.6788526,0.18885253,-0.41114748,-1.2211474,-1.6411475,1.6288525,-0.18114746,-1.0311475,-1.6011474,-2.6311474,-3.0211475,0.99885255,0.7888525,-0.70114744,-4.0211473,-4.291147,-4.8311477,-4.8311477,-4.8311477,-4.7711473,-4.3811474,-4.6811476,-5.5011473,-5.3611474,-5.3911476,-5.6311474,-7.7411475,-6.9011474,-10.841147,-6.5911474,-2.9911475,2.6888525,2.0188525,1.3488525,-0.16114746,-0.34114745,-1.3611474,-3.0811474,-0.63114744,2.1388526
4.7888527,3.8188524,3.2088525,3.2088525,4.4688525,3.0288525,1.3688525,0.69885254,-0.13114746,-1.8611474,-2.4511476,-3.5711474,-3.8211474,-4.5111475,-3.8711474,-3.7511475,-3.9111474,-3.8811474,-4.291147,-4.9211473,-4.9911475,-5.0011473,-5.9611473,-5.9111476,-5.7511473,-6.3011475,-5.8511477,-7.8311477,-6.3411474,-6.7311473,-5.9411473,-6.2311473,-4.0811477,-2.6311474,-5.4011474,-4.7511473,-0.76114744,1.0888525,0.34885255,0.43885255,0.57885253
2.8888526,2.8488526,2.5788527,2.6188526,1.8888526,0.81885254,0.5988525,-0.39114746,-2.1711473,-3.1711473,-3.3611474,-4.041147,-3.6311474,-4.5311475,-4.4811473,-4.2511473,-4.3111477,-4.1911473,-4.4311476,-4.9511476,-5.3311477,-6.3811474,-7.3711476,-7.0911474,-7.2011476,-5.6511474,-5.3711476,-6.1811476,-2.6711473,-3.3111475,-4.3711476,-3.9911475,-4.7511473,-6.9011474,-1.0111475,-0.33114746,-1.4911475,-4.5711474,-2.5011475,-3.3811474,-2.0611475
4.1888523,3.1388526,2.9988525,2.5088525,1.5588526,1.0488526,-0.031147461,-1.6711475,-3.5611475,-4.1911473,-3.6711473,-3.4811475,-4.0511475,-4.3111477,-4.2511473,-4.9011474,-4.7711473,-6.3511477,-6.0311475,-5.6011477,-3.8811474,-5.0111475,-5.2511473,-5.0511475,-5.9111476,-5.3911476,-4.7311473,-4.9911475,-5.5511475,-6.3311477,-6.4011474,-6.541147,-5.4111476,-5.3911476,-3.5911474,-4.3711476,-4.6011477,-1.1211475,3.7288525,3.7188525,3.9388525
2.9288526,3.0288525,2.0188525,1.8588525,2.0188525,1.3388525,-1.3911475,-2.5311475,-3.4611475,-3.7111475,-3.9411476,-2.8711474,-3.9011474,-3.9511476,-3.9111474,-3.7111475,-5.2611475,-6.1011477,-5.5511475,-5.4211473,-5.2211475,-5.5211473,-5.7111473,-6.0111475,-5.5811477,-5.2211475,-5.2411475,-5.9711475,-5.4711475,-5.8411474,-5.7311473,-6.9611473,-6.2711473,-6.2011476,-4.0811477,-4.0211473,-2.7511475,-0.9111475,3.5288525,2.1688526,2.5488524
3.1288526,2.5888526,2.3488526,2.4188526,1.3488525,-0.73114747,-1.3911475,-1.8611474,-3.3211474,-3.2811475,-2.2311475,-2.6011474,-2.6311474,-3.2611475,-4.5111475,-5.8111477,-5.3411474,-5.6611476,-5.1411476,-5.5711474,-5.2011476,-5.4011474,-5.8811474,-5.9511476,-5.1011477,-5.4011474,-5.3311477,-6.1711473,-6.4011474,-6.3811474,-5.3011475,-5.0111475,-5.1911473,-3.8711474,-4.4311476,-2.5211475,-1.7211474,-1.6711475,-1.3711475,-3.8911474,1.2788526
2.9988525,1.7888526,1.6588526,1.6688526,-0.021147462,-1.4711474,-2.2511475,-2.8411474,-2.9811475,-1.4311475,-1.0711474,-0.11114746,-1.6911474,-1.7411475,-2.1411474,-3.9611475,-3.5511475,-3.7611475,-5.2611475,-5.0311475,-5.2711473,-5.1811476,-4.7411475,-5.0511475,-4.9711475,-5.9611473,-5.8811474,-6.1511474,-5.8611474,-5.4711475,-4.8211474,-5.2811475,-3.9911475,-4.2711473,-2.7011476,-3.0411475,-1.5311475,-0.18114746,0.12885255,1.2388525,0.02885254
2.9988525,2.6988525,0.8388525,0.37885255,-0.22114746,-0.76114744,-3.2711475,-2.0111475,-1.5211475,-2.5311475,-1.0211475,-1.7111474,-0.37114745,-0.20114747,-2.4111474,-3.1211474,-2.7411475,-3.3111475,-4.1111474,-4.1011477,-4.3511477,-3.8311474,-3.5711474,-4.0711474,-4.5711474,-4.9111476,-5.6411476,-5.3711476,-5.8311477,-5.8311477,-5.4811473,-5.5711474,-4.7411475,-4.5911474,-4.0511475,-3.4211473,-2.5611475,-0.47114745,-1.0911474,-0.50114745,-0.7211475
2.2688525,2.0388525,1.9788525,-0.5911475,0.82885253,-2.4511476,-2.2911475,-0.5311475,-0.94114745,-1.6611475,-2.0211475,-1.6811475,-2.7411475,-1.3011475,-2.1611474,-2.7011476,-2.4911475,-2.2611475,-3.2411475,-3.9811475,-4.0211473,-3.3311474,-4.1011477,-3.8711474,-4.1511474,-4.3911476,-4.7011476,-4.3911476,-4.1111474,-4.541147,-4.0311475,-4.1311474,-4.5311475,-3.2611475,-2.6111474,-2.6811476,-1.7911475,-2.6311474,-1.9611474,-0.46114746,-1.0311475
1.7488525,1.5488526,1.7288525,1.5888525,1.3288525,-0.061147463,0.63885254,-0.58114743,-0.33114746,-0.86114746,-0.9711475,-1.0111475,-1.5011475,-1.9811474,-1.7211474,-1.8911475,-1.9311475,-1.8311474,-2.8011475,-3.4711475,-4.1511474,-3.9111474,-3.9411476,-4.0811477,-4.3511477,-4.4011474,-5.2811475,-4.5711474,-3.5311475,-3.2811475,-3.4911475,-3.9111474,-2.1011474,-1.9011475,-1.8211474,-1.9911475,-1.3911475,-1.8511474,-2.0611475,-2.4811475,-0.9011475
