wind_kz.json
{"header": {"discipline":0,"disciplineName":"Meteorological products","gribEdition":2,"gribLength":1102,"center":7,"centerName":"US National Weather Service - NCEP(WMC)","subcenter":0,"refTime":"2023-08-20T12:00:00.000Z","significanceOfRT":1,"significanceOfRTName":"Start of forecast","productStatus":0,"productStatusName":"Operational products","productType":1,"productTypeName":"Forecast products","productDefinitionTemplate":0,"productDefinitionTemplateName":"Analysis/forecast at horizontal level/layer at a point in time","parameterCategory":2,"parameterCategoryName":"UnknownDiscipline_0_Category_2","parameterNumber":2,"parameterNumberName":"UnknownParameter_D0_C2_2","parameterUnit":"Unknown","genProcessType":2,"genProcessTypeName":"Forecast","forecastTime":120,"surface1Type":103,"surface1TypeName":"Specified height level above ground","surface1Value":10.0,"surface2Type":255,"surface2TypeName":"Missing","surface2Value":0.0,"gridDefinitionTemplate":0,"gridDefinitionTemplateName":"Latitude_Longitude","numberPoints":615,"shape":6,"shapeName":"Earth spherical with radius of 6,371,229.0 m","gridUnits":"degrees","resolution":48,"winds":"true","scanMode":64,"nx":41,"ny":15,"basicAngle":0,"lo1":47.0,"la1":41.0,"lo2":87.0,"la2":55.0,"dx":1.0,"dy":1.0}, "data":
[rows 0 to 14 of 15, columns 0 to 40 of 41]
0.56729734,1.8772974,-1.9927026,-3.0527027,-2.2627027,0.38729736,-6.5527024,-6.5027027,-6.5527024,-3.0427027,-2.9027026,-1.8827026,0.8872974,1.9772973,2.5972974,4.0072975,4.657297,5.2972975,5.347297,5.4972973,5.4172974,3.9672973,3.6972973,6.7972975,6.7372975,3.6572974,4.387297,6.6072974,1.4572973,-0.6727026,-1.5527027,-1.6627027,2.9872973,0.32729736,0.50729734,-1.9327027,1.9272974,-3.6327026,-2.0427027,-1.2227026,-0.33270264
0.14729737,0.27729738,0.42729735,-1.8327026,-1.2527026,0.25729737,-1.6027026,-1.1727027,0.17729737,-2.5527027,-1.2227026,1.7972974,2.7972975,1.8172973,2.5372972,4.4172974,5.4872975,6.4872975,6.2772975,7.137297,7.097297,6.1972976,4.5872974,4.4572973,0.7672974,-0.33270264,1.2372974,3.9572973,-2.8227026,-1.4427027,-2.2127028,0.10729736,2.6472974,0.047297362,-0.44270265,-1.5227027,-0.71270263,0.15729736,1.2772974,0.6372974,-1.4627026
0.91729736,-4.0527024,-0.19270264,3.7172973,2.3172975,5.5672975,3.9272974,4.367297,4.5272975,4.7072973,3.1872973,3.6472974,4.0872974,-1.4027027,3.7972975,5.9172974,7.7472973,7.5172973,6.9672976,7.7472973,6.597297,7.0172973,6.887297,9.067297,8.587297,8.647297,5.387297,4.4972973,5.617297,-3.1627026,-0.95270264,0.057297364,2.8972974,-0.9227026,-2.2827027,0.047297362,-1.2227026,0.35729736,1.9672973,0.8372974,-1.4227027
1.9972974,-3.5527027,1.1372974,5.1272974,6.0472975,9.357297,9.657297,9.417297,7.407297,5.5372972,6.367297,4.9372973,-4.4727025,0.6572974,5.347297,8.647297,8.847298,9.127297,8.317297,5.5472975,5.887297,7.347297,7.407297,7.9672976,8.197297,9.067297,8.197297,6.6272974,8.037297,-2.5127027,-0.032702636,0.62729734,3.7172973,2.2272973,2.2872972,-0.29270265,0.16729736,-2.6127026,-3.2527027,-5.0727024,-5.3927026
4.6972976,-0.7327026,3.6872973,2.8272974,2.7272973,8.867297,8.027297,2.9272974,4.2072973,8.617297,8.567297,6.4772973,-0.58270264,1.5472974,5.6772976,8.707297,8.5472975,7.6272974,7.2172976,5.8772974,6.3572974,7.9572973,8.5472975,9.537297,10.187298,10.127297,10.727298,10.847298,8.707297,3.2572973,-0.06270263,1.7972974,-0.032702636,-0.44270265,-5.4627028,-3.8527026,-0.48270264,-4.7927027,-4.4327025,-2.6927025,-1.4327027
6.1472974,5.407297,-3.1827025,3.3272974,2.9672973,5.2572975,7.077297,9.307298,8.807298,8.737297,7.7972975,7.1472974,6.2572975,3.4072974,6.137297,7.1872973,6.7072973,6.4572973,6.8972974,7.7972975,8.357297,8.967298,9.817297,10.277297,10.627297,11.447297,11.907297,6.1272974,7.907297,-0.052702636,-0.75270265,1.7372974,2.0772974,3.6872973,-2.7927027,1.3372973,-0.9127026,0.28729737,-1.1927027,-1.3627026,-1.2827027
3.4472973,4.3972974,5.1272974,4.4772973,5.347297,6.8572974,8.487297,8.897297,9.597298,2.3172975,7.117297,9.107297,6.2472973,8.157297,5.1072974,4.7372975,4.9772973,5.2372975,5.2472973,6.8172975,8.347298,9.477298,10.397297,10.617297,10.597298,11.097298,10.907297,12.777297,2.9272974,3.5372972,3.9172974,3.4872973,2.8672974,-1.8427026,2.3272974,4.1672974,2.4172974,3.4972973,3.8072975,-0.6627026,-3.1127026
4.8572974,3.9772973,5.3172975,5.7072973,7.7072973,7.7072973,9.0072975,9.037297,6.7072973,3.8672974,9.167297,1.7272973,4.8572974,7.137297,5.307297,4.847297,2.6672974,4.1772976,3.2272973,4.2672973,7.157297,8.747297,10.227298,10.707297,10.157297,10.557298,9.627297,11.317297,1.3372973,6.327297,6.6672974,4.557297,3.3172975,2.2872972,3.4472973,1.4772973,-5.632703,-1.5027026,-5.5627027,-0.31270263,2.3172975
0.94729733,2.1572974,3.0372972,4.827297,5.1072974,6.637297,7.5472975,5.9472976,7.6672974,4.6972976,9.687298,7.2272973,7.6972976,6.637297,7.077297,4.887297,1.5972973,0.73729736,-0.81270266,1.0672973,3.2072973,0.8972974,0.54729736,2.4472973,2.0972974,6.9572973,9.177298,7.077297,4.5072975,1.1172974,3.1672974,1.9472973,-3.3527026,0.29729736,-1.7827027,-3.8327026,-2.5927026,-1.4027027,0.39729735,-1.1527027,0.40729737
0.87729734,1.2072973,1.2772974,1.7572974,1.7572974,3.5572975,5.7672973,5.4272976,7.807297,4.5872974,7.7572975,4.6272974,5.6072974,5.9672976,6.5872974,3.9972973,2.9072974,1.7772974,-3.6027026,-2.8027027,-2.3027027,-0.7827026,-1.1427026,-0.32270265,-0.032702636,-0.64270264,-4.2327027,-6.9127026,-7.6027026,-9.132703,-6.6027026,-5.8027024,-4.0827026,0.15729736,0.37729737,-1.1027026,-2.9527025,-0.93270266,-0.5427026,-0.83270264,-0.042702638
0.5972974,1.7972974,3.3472974,2.0272973,2.4772973,-1.0527027,4.0372972,4.6072974,5.2872972,5.8572974,5.307297,5.657297,4.4172974,3.9972973,6.6672974,2.9072974,2.9172974,-0.32270265,-0.93270266,-2.4627028,-3.9727027,-3.9027026,-3.1027026,-3.0327027,-2.7227027,-2.3327026,-6.7027025,-6.4627028,-6.4327025,-4.5327024,-1.6127026,-4.172703,-2.6927025,-0.8627026,0.86729735,0.12729736,0.39729735,-0.7827026,0.39729735,0.5872974,-0.96270263
2.2772973,-2.2627027,1.8572974,2.9572973,3.7672973,-0.74270266,0.8272974,2.8072975,1.5972973,3.2172973,4.3172975,6.1672974,4.9372973,4.907297,6.8572974,4.2472973,6.9172974,2.1172974,0.117297366,-1.3527026,-1.8327026,-1.4227027,-2.7327027,-2.1627026,-2.7527027,-1.9027027,-1.8227026,-1.6627027,-2.6827025,-1.0327027,1.3772974,-1.4227027,-1.7127026,0.37729737,1.6372974,2.2372973,2.9772973,1.8872974,1.2572974,-1.2227026,-3.2127028
2.4872973,3.5272973,1.8172973,4.2272973,5.307297,2.4772973,2.9872973,1.2272973,2.5272973,1.5472974,1.3372973,3.6572974,1.9572973,0.98729736,3.0872974,-0.99270266,0.5872974,-1.6427026,0.30729735,0.8472974,-0.55270267,0.91729736,-0.39270264,-0.57270265,-1.3427026,-1.8427026,-1.0727026,-0.032702636,1.0072974,0.24729736,-0.36270264,-0.5327026,0.087297365,1.5872973,5.0272975,4.8172975,4.0472975,2.5672975,2.7072973,-1.3427026,-1.6827027
3.4972973,2.2872972,4.2372975,2.7872972,3.0972974,3.9372973,4.307297,2.1672974,2.3972974,2.4272974,0.40729737,1.2572974,0.6372974,0.44729736,1.6972973,-0.87270266,-1.3627026,1.3972974,-0.5427026,1.3072973,0.06729736,1.6272974,-2.6327026,-1.3127027,0.9672974,-0.55270267,-0.80270267,0.7672974,-0.83270264,0.007297363,-1.1927027,1.0672973,1.7172973,3.2572973,4.7472973,5.5872974,4.6272974,4.4872975,2.8472974,-0.80270267,-0.68270266
2.4372973,4.657297,5.5672975,3.5972974,4.407297,2.5472975,4.137297,2.9872973,3.3372974,2.8972974,2.6472974,-0.55270267,0.44729736,-0.5427026,-1.7727027,-0.6727026,-0.44270265,2.6772974,-2.8227026,2.6972973,-1.6327026,-1.3127027,-0.9027026,-1.0627027,-1.4427027,0.48729736,0.8872974,1.0472974,0.027297363,-0.58270264,-0.17270264,1.6772974,3.5272973,3.6572974,5.3772974,6.157297,5.657297,2.6672974,2.5372972,-1.2527026,-1.2427026
