wind_kz.json
{"header": {"discipline":0,"disciplineName":"Meteorological products","gribEdition":2,"gribLength":871,"center":7,"centerName":"US National Weather Service - NCEP(WMC)","subcenter":0,"refTime":"2023-08-26T00:00:00.000Z","significanceOfRT":1,"significanceOfRTName":"Start of forecast","productStatus":0,"productStatusName":"Operational products","productType":1,"productTypeName":"Forecast products","productDefinitionTemplate":0,"productDefinitionTemplateName":"Analysis/forecast at horizontal level/layer at a point in time","parameterCategory":0,"parameterCategoryName":"UnknownDiscipline_0_Category_0","parameterNumber":0,"parameterNumberName":"UnknownParameter_D0_C0_0","parameterUnit":"Unknown","genProcessType":2,"genProcessTypeName":"Forecast","forecastTime":180,"surface1Type":1,"surface1TypeName":"Ground or water surface","surface1Value":0.0,"surface2Type":255,"surface2TypeName":"Missing","surface2Value":0.0,"gridDefinitionTemplate":0,"gridDefinitionTemplateName":"Latitude_Longitude","numberPoints":615,"shape":6,"shapeName":"Earth spherical with radius of 6,371,229.0 m","gridUnits":"degrees","resolution":48,"winds":"true","scanMode":64,"nx":41,"ny":15,"basicAngle":0,"lo1":47.0,"la1":41.0,"lo2":87.0,"la2":55.0,"dx":1.0,"dy":1.0}, "data":
[rows 0 to 14 of 15, columns 0 to 40 of 41]
312.0075,298.5075,306.2075,298.8075,299.3075,298.4075,310.0075,318.8075,316.8075,315.9075,314.4075,313.9075,312.3075,311.8075,311.9075,310.60748,309.5075,309.7075,312.5075,311.5075,312.10748,308.10748,307.60748,303.9075,307.2075,310.0075,305.2075,291.4075,288.7075,282.3075,286.7075,284.7075,295.9075,303.8075,307.5075,306.4075,307.3075,307.10748,308.7075,308.3075,308.3075
292.4075,305.0075,298.60748,299.0075,299.8075,298.0075,319.3075,314.8075,313.60748,313.2075,313.60748,312.10748,311.0075,309.7075,310.4075,310.3075,309.60748,309.60748,307.7075,310.2075,309.9075,306.60748,305.0075,295.3075,288.4075,289.2075,298.10748,292.0075,294.2075,279.9075,290.5075,282.2075,288.8075,269.2075,286.60748,304.4075,303.60748,305.3075,309.3075,299.5075,287.4075
311.10748,298.3075,299.10748,299.4075,298.9075,314.7075,313.8075,313.10748,311.9075,309.7075,309.5075,309.9075,308.7075,308.9075,309.0075,308.9075,308.2075,307.7075,307.2075,306.7075,306.60748,306.60748,304.5075,298.7075,304.8075,302.10748,304.10748,302.60748,302.3075,291.8075,282.3075,285.8075,289.60748,291.10748,293.9075,289.8075,286.60748,288.8075,291.0075,286.0075,286.10748
310.3075,298.7075,299.10748,299.5075,301.0075,313.60748,312.2075,310.7075,310.2075,310.4075,309.0075,307.60748,295.9075,294.8075,305.3075,306.4075,306.9075,307.4075,307.2075,307.0075,304.3075,299.9075,304.9075,306.8075,306.7075,306.9075,306.7075,303.9075,304.10748,304.60748,305.9075,303.2075,307.4075,307.8075,307.0075,299.60748,288.7075,288.10748,289.8075,301.0075,304.0075
311.3075,298.60748,299.2075,298.9075,304.4075,310.0075,310.3075,310.4075,308.5075,307.7075,307.2075,306.5075,295.10748,293.8075,291.5075,304.60748,305.0075,304.4075,304.60748,305.2075,305.3075,305.2075,304.3075,303.5075,304.9075,305.60748,305.10748,302.4075,305.9075,305.0075,307.5075,303.3075,290.9075,285.2075,293.7075,302.2075,302.8075,307.0075,306.2075,306.4075,306.8075
316.7075,313.7075,296.5075,298.10748,299.10748,297.4075,310.2075,309.0075,307.5075,307.60748,307.4075,305.8075,295.5075,295.7075,299.10748,301.0075,298.8075,298.7075,297.8075,303.4075,304.0075,303.5075,303.2075,303.5075,303.3075,301.8075,304.5075,293.3075,305.60748,306.4075,305.9075,304.9075,302.7075,303.60748,299.3075,298.2075,294.3075,299.60748,306.60748,305.5075,303.5075
313.60748,313.4075,314.2075,311.4075,306.60748,308.5075,309.7075,307.4075,307.0075,305.7075,302.9075,298.3075,295.0075,295.7075,293.4075,294.7075,300.0075,295.60748,299.8075,298.0075,297.4075,300.10748,301.8075,302.10748,300.8075,300.8075,302.5075,303.9075,302.8075,303.2075,303.4075,303.60748,305.10748,305.4075,303.60748,302.10748,297.7075,294.9075,291.0075,290.60748,300.4075
310.2075,308.8075,307.5075,307.10748,309.3075,308.4075,308.7075,306.10748,299.60748,297.60748,301.4075,299.0075,297.4075,293.60748,292.8075,292.9075,295.60748,296.60748,295.7075,293.3075,292.60748,296.0075,296.10748,298.0075,297.8075,295.9075,296.8075,298.60748,298.4075,300.5075,299.5075,300.8075,299.7075,298.10748,299.3075,302.7075,302.3075,290.5075,302.2075,303.3075,300.60748
307.0075,307.4075,307.0075,306.7075,306.8075,307.0075,306.10748,304.9075,302.2075,294.9075,292.60748,296.0075,294.4075,291.9075,288.0075,294.7075,294.60748,293.4075,294.3075,292.60748,291.8075,291.9075,291.9075,293.5075,292.5075,294.10748,292.8075,293.8075,294.0075,293.3075,294.8075,296.8075,298.0075,299.7075,300.10748,299.0075,297.9075,297.9075,287.60748,286.5075,286.7075
307.8075,305.9075,306.60748,306.0075,304.3075,305.3075,303.9075,302.3075,296.4075,296.2075,292.9075,290.60748,290.4075,289.60748,290.8075,291.60748,291.8075,292.7075,291.7075,289.5075,288.9075,288.8075,289.7075,290.4075,291.9075,291.10748,291.8075,292.7075,292.8075,294.2075,293.10748,298.0075,300.60748,301.3075,301.2075,298.5075,293.8075,291.2075,289.10748,288.5075,287.10748
303.4075,303.3075,295.60748,295.60748,295.5075,301.0075,301.2075,300.9075,298.60748,293.4075,293.60748,292.5075,294.7075,290.4075,289.5075,289.7075,290.60748,290.3075,291.10748,289.3075,287.8075,288.7075,288.3075,288.0075,290.4075,291.0075,289.10748,291.4075,293.9075,295.4075,297.2075,297.9075,297.7075,298.4075,297.3075,296.4075,290.5075,288.9075,290.0075,288.4075,288.2075
303.5075,300.5075,296.9075,294.8075,296.8075,299.8075,297.4075,297.10748,297.2075,296.10748,289.3075,288.5075,290.2075,287.2075,289.10748,289.10748,289.7075,290.8075,290.4075,290.4075,287.8075,287.8075,288.2075,287.0075,287.4075,288.60748,290.7075,292.3075,293.0075,295.7075,294.60748,296.0075,295.5075,294.4075,295.7075,295.4075,294.5075,293.7075,292.0075,293.5075,293.3075
294.10748,297.0075,298.2075,298.9075,294.9075,297.5075,296.10748,296.4075,296.10748,293.60748,289.10748,287.5075,289.0075,288.60748,286.60748,283.8075,285.3075,285.3075,288.10748,287.60748,286.0075,285.9075,287.8075,287.3075,287.0075,289.7075,292.9075,291.10748,292.0075,293.4075,293.9075,294.0075,294.4075,294.3075,294.7075,292.9075,292.5075,293.8075,292.60748,292.60748,292.9075
294.9075,295.5075,293.0075,296.7075,292.7075,293.7075,294.60748,291.5075,292.9075,290.2075,287.9075,286.2075,287.0075,286.10748,286.0075,284.60748,287.3075,287.2075,284.8075,285.3075,287.2075,287.9075,286.5075,286.0075,288.5075,290.60748,291.0075,289.7075,291.7075,291.9075,292.5075,293.2075,293.0075,292.9075,293.8075,292.7075,292.7075,293.2075,293.60748,291.60748,293.60748
293.0075,295.3075,290.8075,294.0075,294.9075,294.60748,293.8075,291.8075,291.9075,292.10748,290.10748,287.60748,281.9075,285.5075,284.9075,287.7075,288.5075,288.2075,289.8075,288.2075,286.0075,287.60748,287.60748,286.9075,285.0075,284.5075,287.3075,289.60748,290.60748,291.10748,288.60748,287.60748,290.60748,292.3075,292.5075,293.10748,294.5075,293.5075,294.2075,294.60748,293.9075
