wind_kz.json
{"header": {"discipline":0,"disciplineName":"Meteorological products","gribEdition":2,"gribLength":871,"center":7,"centerName":"US National Weather Service - NCEP(WMC)","subcenter":0,"refTime":"2024-02-03T06:00:00.000Z","significanceOfRT":1,"significanceOfRTName":"Start of forecast","productStatus":0,"productStatusName":"Operational products","productType":1,"productTypeName":"Forecast products","productDefinitionTemplate":0,"productDefinitionTemplateName":"Analysis/forecast at horizontal level/layer at a point in time","parameterCategory":0,"parameterCategoryName":"UnknownDiscipline_0_Category_0","parameterNumber":0,"parameterNumberName":"UnknownParameter_D0_C0_0","parameterUnit":"Unknown","genProcessType":2,"genProcessTypeName":"Forecast","forecastTime":0,"surface1Type":1,"surface1TypeName":"Ground or water surface","surface1Value":0.0,"surface2Type":255,"surface2TypeName":"Missing","surface2Value":0.0,"gridDefinitionTemplate":0,"gridDefinitionTemplateName":"Latitude_Longitude","numberPoints":615,"shape":6,"shapeName":"Earth spherical with radius of 6,371,229.0 m","gridUnits":"degrees","resolution":48,"winds":"true","scanMode":64,"nx":41,"ny":15,"basicAngle":0,"lo1":47.0,"la1":41.0,"lo2":87.0,"la2":55.0,"dx":1.0,"dy":1.0}, "data":
[rows 0 to 14 of 15, columns 0 to 40 of 41]
279.0664,271.5664,277.6664,280.5664,280.6664,281.8664,283.1664,283.8664,280.9664,280.5664,279.8664,278.3664,277.3664,276.5664,276.8664,277.3664,275.9664,276.76642,279.26642,278.26642,277.8664,277.0664,278.3664,275.76642,279.26642,279.4664,269.1664,262.0664,262.6664,260.9664,264.5664,256.6664,267.4664,278.0664,278.8664,277.5664,281.4664,280.0664,279.1664,276.76642,280.1664
259.76642,276.3664,280.1664,279.9664,280.5664,281.26642,280.9664,280.0664,280.0664,280.26642,280.5664,278.8664,276.3664,278.26642,273.3664,272.76642,276.6664,274.0664,276.0664,275.0664,277.5664,278.6664,273.6664,272.4664,265.3664,266.8664,264.4664,260.9664,261.5664,258.0664,267.5664,255.66641,273.1664,248.86641,254.7664,270.5664,276.4664,275.6664,275.1664,271.1664,272.6664
277.0664,279.0664,280.1664,280.3664,280.5664,279.6664,275.4664,275.76642,275.9664,278.8664,279.4664,273.6664,275.8664,277.26642,270.4664,269.8664,271.5664,270.8664,271.76642,272.3664,273.26642,275.76642,275.1664,269.26642,273.0664,272.76642,270.4664,271.0664,275.1664,268.26642,265.26642,266.4664,261.3664,262.9664,260.5664,265.9664,265.26642,260.0664,260.8664,263.3664,260.9664
274.76642,276.1664,277.9664,279.26642,278.8664,276.26642,274.76642,274.6664,277.1664,274.76642,274.0664,273.26642,281.0664,281.76642,272.9664,270.8664,272.0664,270.6664,268.76642,271.9664,273.5664,272.5664,272.3664,270.8664,270.4664,270.8664,272.4664,270.26642,271.0664,271.9664,272.1664,268.9664,275.3664,271.6664,268.8664,268.9664,262.8664,256.9664,267.9664,268.4664,268.6664
274.26642,272.9664,271.8664,273.26642,273.76642,275.1664,275.8664,277.5664,275.8664,273.76642,273.3664,273.4664,279.0664,279.0664,278.26642,271.76642,271.4664,272.8664,273.0664,268.9664,268.0664,269.8664,266.4664,267.6664,268.5664,269.4664,268.9664,269.26642,273.3664,273.3664,270.9664,272.6664,267.26642,258.26642,264.6664,265.6664,266.26642,266.76642,269.1664,268.0664,267.6664
273.76642,273.76642,272.9664,272.6664,272.4664,272.9664,274.76642,274.26642,273.8664,274.3664,272.6664,273.0664,278.1664,279.1664,273.76642,273.3664,270.9664,271.1664,270.6664,269.76642,267.6664,267.26642,267.1664,266.9664,266.8664,265.1664,267.76642,266.0664,267.6664,267.3664,267.6664,268.9664,266.76642,266.1664,268.4664,268.3664,267.0664,266.26642,265.6664,264.26642,265.76642
271.6664,272.76642,273.4664,273.5664,272.8664,274.5664,274.8664,273.6664,272.76642,272.5664,271.76642,270.5664,272.1664,272.3664,272.9664,273.26642,272.4664,270.6664,267.8664,267.3664,266.8664,266.8664,266.26642,266.3664,263.76642,262.5664,261.5664,262.6664,262.5664,264.9664,263.4664,263.8664,264.5664,265.8664,264.8664,265.76642,263.76642,265.3664,262.4664,263.0664,266.8664
272.6664,271.8664,271.8664,272.8664,272.9664,273.4664,273.26642,273.1664,273.1664,272.1664,270.8664,269.4664,270.6664,271.5664,272.3664,272.9664,273.1664,272.6664,269.0664,267.1664,266.9664,266.1664,265.26642,265.3664,264.5664,263.4664,261.9664,258.8664,259.26642,260.1664,261.1664,260.5664,261.9664,264.5664,262.6664,260.26642,261.5664,262.6664,265.9664,266.8664,265.5664
269.5664,269.6664,271.8664,272.0664,273.1664,273.1664,273.1664,272.8664,273.1664,271.4664,271.4664,271.4664,271.0664,272.6664,273.0664,273.1664,273.1664,272.9664,269.8664,268.8664,268.76642,266.5664,265.9664,264.76642,264.0664,264.8664,261.9664,261.76642,261.6664,261.6664,259.3664,258.4664,266.9664,266.8664,264.0664,261.9664,263.5664,262.8664,259.6664,262.1664,261.8664
265.0664,266.5664,267.26642,269.1664,271.76642,272.76642,272.9664,272.1664,271.26642,272.3664,271.5664,271.1664,271.6664,269.4664,272.4664,272.6664,272.1664,273.1664,272.0664,269.6664,268.76642,267.1664,267.3664,266.5664,265.8664,264.8664,265.76642,264.5664,264.1664,263.9664,264.4664,266.4664,266.1664,265.76642,263.26642,261.4664,265.26642,265.3664,265.9664,265.0664,260.3664
263.6664,263.6664,265.8664,266.26642,270.4664,271.0664,271.8664,270.4664,271.5664,271.26642,271.3664,270.76642,270.26642,270.8664,269.76642,269.1664,269.6664,271.6664,271.76642,268.9664,268.5664,269.0664,268.26642,267.1664,266.4664,266.0664,265.1664,266.1664,266.9664,267.26642,266.4664,267.4664,265.3664,265.9664,263.3664,263.8664,263.6664,264.0664,262.1664,266.1664,265.76642
263.6664,263.76642,264.9664,265.0664,268.5664,269.9664,271.3664,271.0664,270.6664,272.0664,271.76642,270.26642,268.5664,270.0664,267.5664,268.5664,268.8664,269.26642,270.4664,269.6664,268.26642,267.5664,268.5664,268.0664,267.1664,266.8664,266.6664,267.4664,267.3664,267.4664,266.1664,264.26642,265.5664,262.8664,264.0664,263.5664,265.0664,265.26642,267.4664,267.76642,271.26642
265.4664,265.4664,262.8664,265.8664,269.4664,271.3664,270.4664,269.1664,269.3664,270.76642,271.0664,267.6664,267.1664,268.1664,267.6664,267.76642,267.8664,268.8664,270.1664,269.9664,269.5664,269.0664,268.9664,268.6664,268.0664,267.6664,267.1664,266.1664,265.5664,264.5664,264.3664,263.26642,263.1664,262.6664,262.26642,262.76642,264.3664,266.4664,265.0664,264.76642,267.6664
266.76642,264.76642,265.6664,267.3664,268.26642,268.8664,269.3664,268.9664,269.26642,271.1664,269.3664,266.0664,263.8664,264.5664,264.6664,266.9664,266.6664,266.3664,266.4664,265.8664,266.6664,266.5664,265.6664,265.1664,264.6664,264.26642,263.76642,263.5664,262.8664,262.5664,262.76642,263.0664,263.3664,262.8664,263.1664,263.26642,264.1664,264.4664,264.76642,264.9664,265.8664
265.6664,267.3664,267.9664,268.9664,268.1664,268.3664,269.6664,269.4664,268.4664,270.3664,269.6664,266.1664,265.0664,264.9664,264.6664,264.1664,262.3664,261.26642,260.4664,258.26642,258.26642,259.1664,259.9664,259.3664,258.26642,258.6664,259.0664,258.6664,258.4664,260.3664,259.76642,261.1664,261.6664,262.4664,262.8664,263.1664,263.8664,263.8664,263.9664,263.9664,266.3664
