wind_kz.json
{"header": {"discipline":0,"disciplineName":"Meteorological products","gribEdition":2,"gribLength":1025,"center":7,"centerName":"US National Weather Service - NCEP(WMC)","subcenter":0,"refTime":"2023-08-27T06:00:00.000Z","significanceOfRT":1,"significanceOfRTName":"Start of forecast","productStatus":0,"productStatusName":"Operational products","productType":1,"productTypeName":"Forecast products","productDefinitionTemplate":0,"productDefinitionTemplateName":"Analysis/forecast at horizontal level/layer at a point in time","parameterCategory":2,"parameterCategoryName":"UnknownDiscipline_0_Category_2","parameterNumber":2,"parameterNumberName":"UnknownParameter_D0_C2_2","parameterUnit":"Unknown","genProcessType":2,"genProcessTypeName":"Forecast","forecastTime":240,"surface1Type":103,"surface1TypeName":"Specified height level above ground","surface1Value":10.0,"surface2Type":255,"surface2TypeName":"Missing","surface2Value":0.0,"gridDefinitionTemplate":0,"gridDefinitionTemplateName":"Latitude_Longitude","numberPoints":615,"shape":6,"shapeName":"Earth spherical with radius of 6,371,229.0 m","gridUnits":"degrees","resolution":48,"winds":"true","scanMode":64,"nx":41,"ny":15,"basicAngle":0,"lo1":47.0,"la1":41.0,"lo2":87.0,"la2":55.0,"dx":1.0,"dy":1.0}, "data":
[rows 0 to 14 of 15, columns 0 to 40 of 41]
-0.9480591,0.65194094,-2.1380591,-5.798059,-6.738059,-6.448059,-8.448059,-8.388059,-8.118059,-5.278059,-4.918059,-4.7680593,-4.418059,-4.038059,-3.798059,-4.738059,-5.068059,-6.2280593,-4.5180593,-2.448059,1.4219409,1.4219409,2.081941,3.201941,0.49194092,0.7919409,3.261941,3.8819408,1.2319409,1.9819409,3.321941,0.8719409,-1.1380591,-2.278059,-3.548059,1.1919409,-3.1180592,-2.008059,-1.9080591,-0.42805907,-4.758059
-1.008059,-2.678059,-4.468059,-6.808059,-6.438059,-5.918059,-6.628059,-7.4780593,-5.918059,-4.788059,-4.198059,-4.438059,-4.598059,-4.368059,-4.308059,-4.578059,-4.758059,-4.888059,-4.448059,-0.7980591,-4.198059,-1.5480591,1.631941,3.221941,0.7019409,0.13194092,1.141941,2.061941,3.6119409,2.6519408,0.6119409,1.011941,-1.0680591,1.0419409,0.3119409,0.48194093,-2.1280591,2.6219409,-0.3480591,-2.268059,-0.8680591
-3.508059,-5.908059,-6.608059,-6.858059,-6.828059,-6.048059,-5.618059,-4.808059,-5.138059,-4.9780593,-4.448059,-3.948059,-3.988059,-4.358059,-4.108059,-4.468059,-4.698059,-4.578059,-3.6480591,-2.948059,-0.59805906,-5.2280593,-6.098059,-6.218059,-1.2180591,-2.058059,-0.9580591,0.08194092,3.3919408,0.13194092,1.6719409,-1.9380591,-1.258059,0.20194092,-1.878059,-0.9480591,-0.7480591,1.4619409,2.261941,1.1919409,0.7619409
-6.308059,-6.4580593,-6.4980593,-5.828059,-4.648059,-5.508059,-4.398059,-5.718059,-4.558059,-3.478059,-2.8880591,-3.6380591,-1.978059,-2.5780592,-2.718059,-3.058059,-3.038059,-3.478059,-4.038059,-4.778059,-5.238059,-8.178059,-3.168059,-3.768059,-3.6380591,-3.278059,-2.548059,-4.008059,-3.548059,-0.9380591,1.9219409,2.1119409,1.271941,2.1719408,3.4019408,1.9719409,1.7319409,1.5319409,-2.0880592,0.021940919,-1.6980591
-6.188059,-5.898059,-4.348059,-2.468059,-3.3480592,-4.0180593,-3.6180592,-4.158059,-3.218059,-1.868059,-1.1380591,0.03194092,2.3619409,1.5419409,1.141941,0.91194093,-0.5480591,-1.1780591,-1.7180591,-2.3780591,-2.798059,-2.6380591,-2.3780591,-1.598059,-1.878059,-2.478059,-3.188059,-2.0780592,-0.89805907,-0.6680591,-0.41805908,0.42194092,2.561941,2.181941,-3.038059,-2.018059,-2.228059,-1.1480591,-1.9480591,0.2819409,1.001941
-6.688059,-4.788059,-4.168059,-3.938059,-3.068059,-1.758059,-1.0380591,-0.7380591,0.13194092,0.22194092,-0.06805908,-0.52805907,-0.8680591,2.041941,2.6619408,2.831941,2.701941,1.771941,0.66194093,-0.13805908,-0.53805906,-0.22805908,1.2019409,1.9319409,1.741941,1.511941,1.261941,2.1219409,2.571941,1.8119409,1.4219409,1.3419409,1.3619409,1.4119409,1.901941,2.561941,1.7019409,1.9219409,-0.078059085,-2.238059,-0.038059082
-4.938059,-4.528059,-4.178059,-4.158059,-3.1280591,-1.598059,-0.45805907,0.52194095,1.991941,1.771941,1.8019409,2.261941,2.021941,2.501941,2.3419409,3.071941,3.181941,2.6319408,2.221941,2.221941,0.7519409,0.6819409,0.19194092,0.8719409,1.9419409,3.1219409,4.241941,3.231941,2.8919408,3.291941,3.3419409,4.0219407,2.821941,2.1419408,1.7219409,2.031941,1.6619409,-1.5680591,4.391941,0.2819409,-1.3280591
-2.968059,-2.688059,-2.278059,-1.6780591,-0.26805907,0.5519409,1.0419409,2.211941,3.1019409,3.571941,3.8919408,3.3619409,4.361941,4.2319407,4.971941,4.121941,4.131941,2.251941,1.871941,3.1219409,2.441941,1.991941,1.401941,1.5319409,1.131941,1.1819409,1.3019409,2.181941,3.501941,3.801941,4.111941,3.941941,4.031941,5.111941,5.881941,3.4019408,0.23194093,-1.608059,1.741941,2.1419408,4.211941
1.5619409,2.021941,2.6519408,2.971941,3.1319408,3.6519408,3.461941,4.451941,4.531941,4.9819407,3.311941,3.691941,2.461941,-0.65805906,-1.3080591,-1.978059,-2.308059,-0.29805908,1.631941,3.021941,4.121941,2.8719409,2.001941,1.9319409,1.401941,1.0319409,1.4519409,2.071941,2.721941,3.6519408,3.4219408,2.731941,3.041941,2.1219409,2.021941,0.30194092,-0.3080591,0.9419409,1.6819409,1.1819409,3.211941
0.60194093,-0.6980591,-1.9180591,-2.1180592,-2.1180592,-1.6780591,-1.9080591,-0.8580591,-0.16805908,0.22194092,-1.4080591,-2.558059,-1.0880591,-1.608059,-1.9180591,-2.0880592,-1.128059,-0.3180591,1.621941,3.1219409,3.981941,3.431941,1.8019409,2.481941,3.1519408,3.801941,4.261941,3.8419409,3.4219408,4.371941,4.261941,3.941941,3.281941,3.6719408,1.3519409,-1.0580591,-1.498059,-0.8680591,0.9819409,0.35194093,0.71194094
-0.35805908,-1.7180591,-2.228059,-2.8280592,-2.8580592,-2.228059,-1.3980591,-1.1980591,-1.3280591,-1.128059,-0.47805908,-0.8180591,-0.21805908,-0.038059082,-0.84805906,-0.118059084,0.2819409,-0.15805908,1.131941,1.391941,2.181941,2.331941,3.5919409,4.321941,4.301941,5.121941,6.341941,7.571941,6.5419407,5.861941,5.9819407,3.6719408,4.971941,5.461941,5.401941,4.471941,1.001941,1.401941,0.6819409,-0.39805907,0.30194092
-1.6780591,-1.9580591,-1.3980591,-0.96805906,-1.8180591,-0.10805908,0.39194092,0.5119409,-0.06805908,0.6719409,1.8519409,1.371941,2.541941,2.271941,1.8619409,1.9519409,2.571941,3.291941,3.071941,3.3919408,3.791941,4.451941,4.7319407,5.611941,5.5219407,6.0019407,6.331941,6.441941,4.391941,5.431941,5.131941,5.2519407,4.971941,5.881941,5.461941,7.141941,8.311941,8.601941,6.2519407,4.011941,2.9219408
-1.118059,-0.10805908,-0.12805909,-1.4180591,-1.0480591,-1.0180591,-1.118059,-0.97805905,-1.258059,0.051940918,0.8919409,2.271941,1.1119409,2.1219409,2.9019408,4.201941,5.131941,4.851941,5.261941,5.9819407,5.551941,6.2919407,6.5219407,6.281941,6.841941,6.381941,6.261941,7.241941,6.7519407,6.381941,5.471941,6.071941,6.261941,6.341941,5.871941,6.2319407,5.121941,3.681941,5.411941,6.651941,4.071941
0.6319409,0.011940918,0.8219409,-0.9480591,-1.6380591,-0.8080591,-1.128059,0.4619409,0.33194092,0.3419409,1.141941,2.551941,3.3919408,3.951941,4.331941,4.221941,5.011941,5.621941,5.781941,6.171941,6.321941,6.621941,7.121941,6.441941,6.151941,5.901941,5.991941,6.161941,6.371941,6.311941,5.0019407,5.601941,5.031941,5.901941,3.951941,4.861941,3.571941,4.211941,6.061941,4.351941,4.671941
0.8919409,0.5419409,-1.7880591,-1.118059,-1.0580591,0.2819409,0.36194092,1.491941,2.1619408,2.541941,1.9219409,4.201941,4.461941,4.281941,5.681941,5.671941,5.491941,5.451941,5.2319407,5.351941,5.2719407,5.831941,5.5019407,4.661941,4.5219407,4.571941,5.7719407,6.7719407,7.0219407,5.7919407,5.0019407,4.361941,5.331941,4.891941,4.341941,4.7519407,4.051941,6.191941,6.311941,5.7319407,3.181941
