wind_kz.json
{"header": {"discipline":0,"disciplineName":"Meteorological products","gribEdition":2,"gribLength":1025,"center":7,"centerName":"US National Weather Service - NCEP(WMC)","subcenter":0,"refTime":"2023-09-19T00:00:00.000Z","significanceOfRT":1,"significanceOfRTName":"Start of forecast","productStatus":0,"productStatusName":"Operational products","productType":1,"productTypeName":"Forecast products","productDefinitionTemplate":0,"productDefinitionTemplateName":"Analysis/forecast at horizontal level/layer at a point in time","parameterCategory":2,"parameterCategoryName":"UnknownDiscipline_0_Category_2","parameterNumber":3,"parameterNumberName":"UnknownParameter_D0_C2_3","parameterUnit":"Unknown","genProcessType":2,"genProcessTypeName":"Forecast","forecastTime":0,"surface1Type":103,"surface1TypeName":"Specified height level above ground","surface1Value":10.0,"surface2Type":255,"surface2TypeName":"Missing","surface2Value":0.0,"gridDefinitionTemplate":0,"gridDefinitionTemplateName":"Latitude_Longitude","numberPoints":615,"shape":6,"shapeName":"Earth spherical with radius of 6,371,229.0 m","gridUnits":"degrees","resolution":48,"winds":"true","scanMode":64,"nx":41,"ny":15,"basicAngle":0,"lo1":47.0,"la1":41.0,"lo2":87.0,"la2":55.0,"dx":1.0,"dy":1.0}, "data":
[rows 0 to 14 of 15, columns 0 to 40 of 41]
-0.5695605,-0.039560545,0.120439455,-9.149561,-9.559561,-8.69956,-5.9395604,-2.8795605,-0.85956055,1.5404395,-2.3895605,-2.6695604,-1.8895606,-2.4495606,-2.7095606,-3.0595605,-1.2595606,-0.8295605,-0.39956054,-0.16956055,-0.71956056,-0.7595605,0.20043945,-0.18956055,-1.1695606,-0.24956055,-0.44956055,0.47043946,1.8704394,3.6604395,0.19043945,0.25043947,0.28043947,-1.3695606,-0.40956056,-0.98956054,-0.61956054,-1.4495605,-1.4095606,2.6304395,1.4104395
1.3904395,1.4904394,-5.4495606,-7.7595606,-9.07956,-8.019561,-4.3695607,-4.5395603,-3.5395606,-1.3795606,-0.9495605,-1.2995605,0.10043945,-0.83956057,-3.8495605,-3.5295606,-2.8495605,-0.61956054,-2.3195605,0.09043945,-1.0495605,-1.4295605,1.3104395,1.5804394,0.9304395,0.90043944,-1.9095606,2.1204395,-0.039560545,2.2504394,2.4504395,4.6604395,-0.17956054,-1.2895606,-0.41956055,-1.1195606,-1.7995605,-3.3695605,-1.4895606,0.88043946,0.23043945
0.96043944,-3.5695605,-5.2795606,-6.5895605,-7.2995605,-2.9495606,-3.1995606,-5.4195604,-3.6195605,-4.8895607,-3.5895605,-1.7595606,2.3304396,-0.049560547,-2.7795606,-3.5895605,-1.2395606,-0.37956056,-2.3895605,0.120439455,2.0904396,-1.6795605,-0.99956053,-0.37956056,-0.16956055,-0.31956056,-0.6995605,0.060439453,-0.28956056,1.6204394,3.9204395,1.8304394,2.7004395,-0.61956054,-0.13956055,1.6404395,2.6604395,-0.25956056,-0.8995606,0.38043946,0.7404395
-0.93956053,-2.7695606,-5.8195605,-4.7795606,-4.6395607,-3.5795605,-1.5595605,-2.6495605,-3.2195606,-4.3195605,-5.0495605,-2.7095606,2.4804394,0.020439453,-3.2895606,-3.5895605,0.72043943,-2.6995606,-2.8495605,-0.66956055,0.8504394,-0.6395605,2.5604393,-0.66956055,-1.4395605,-2.5495605,-2.9295607,-2.9095604,0.64043945,-1.0095606,-0.5795605,-0.8195605,-1.5595605,-0.48956054,-0.55956054,-1.7395606,0.6104395,3.8704395,1.3604394,4.394531E-4,0.8604395
-1.9095606,-3.3695605,-5.1895604,-6.0795608,-5.9995604,-2.9195604,-2.8095605,-1.8795606,-3.7295606,-2.4895606,-0.32956055,-1.8295605,-0.78956056,-1.9595605,-5.5495605,-6.1695604,-0.74956053,-0.7595605,-2.3995605,-1.9295605,1.1704395,-0.37956056,0.10043945,-0.98956054,-1.0995605,-2.0695605,-2.3795605,-1.0195606,-1.1495606,-2.3695605,-1.4595605,0.62043947,2.5404394,3.1104395,-0.40956056,-0.91956055,-0.85956055,-1.9295605,-0.55956054,0.35043946,-1.2795606
-3.1795607,-2.4195604,-4.5795608,-4.8895607,-4.1795607,-5.8395605,-1.8795606,-3.7295606,-4.6895604,-3.2995605,-0.8995606,4.4104395,4.1404395,2.0104394,-3.4295607,-4.8395605,-7.0695605,0.57043946,-1.4695605,-0.39956054,-0.19956055,0.63043946,0.87043947,-0.68956053,-0.8995606,-1.1395606,-2.2895606,-3.9195604,-0.34956056,-0.58956057,-2.4195604,-2.0495605,-1.5595605,2.4804394,2.2304394,3.8604395,2.2904394,3.9904394,0.40043944,-0.62956053,0.19043945
-3.4595606,-3.3195605,-3.3495605,-2.9995606,-3.9795606,-4.3295608,-0.44956055,-2.7095606,-4.6095605,-4.3695607,-2.9295607,-3.7395606,-2.4495606,-3.5695605,-4.059561,-5.8595605,-7.6095605,-2.6395605,1.9604394,0.72043943,0.33043945,0.6104395,1.1204394,0.53043944,0.22043945,-0.7095606,-2.8295605,-3.0795605,-3.1695604,-1.7895606,-2.2195606,-4.1195607,-4.3195605,-3.2795606,0.20043945,-0.029560547,-2.4195604,-1.9595605,1.2704395,0.52043945,0.07043945
-1.6895605,-3.1795607,-3.8095605,-3.7995605,-3.6395605,-2.7495606,-0.92956054,-1.0995605,-1.9695605,-2.6495605,-3.2695606,-1.2095605,-1.1895605,-0.23956054,-0.089560546,-2.5395606,-4.9995604,-3.9895606,-5.0995607,-6.2095604,-0.089560546,0.94043946,-0.60956055,0.83043945,1.9604394,0.9904395,0.62043947,-1.0995605,-1.3095605,-2.5195606,-2.1295605,-2.4195604,-3.4695606,-4.7695603,-2.2195606,-0.67956054,-0.019560548,0.24043946,0.040439453,0.45043945,-1.4495605
-1.3895606,-1.8495605,-2.6795607,-3.8295605,-3.5795605,-3.1295605,-2.9395607,1.0704395,1.1204394,-0.06956055,-0.49956053,-1.1495606,-0.099560544,-1.2695606,0.83043945,0.030439453,-3.4195604,-4.1595607,-5.0195603,-1.5995605,2.0804396,-0.16956055,0.44043946,-0.029560547,0.060439453,1.1504395,1.0304395,-0.18956055,0.020439453,0.22043945,-1.1695606,-1.5395606,-0.85956055,-1.7495606,-1.0295606,-0.46956053,-0.72956055,1.0504395,2.2504394,1.1704395,-1.8495605
-1.0995605,-0.6495606,-0.47956055,-2.1595604,-3.4795606,-3.0995605,-1.3495605,-2.4795606,-2.5895605,0.31043947,1.5704395,0.9304395,0.35043946,0.20043945,-0.60956055,2.4004395,2.6304395,-0.72956055,-0.099560544,0.62043947,1.3004395,1.3804394,0.120439455,0.89043945,0.6004394,1.0304395,0.16043945,-1.0395606,-0.71956056,-0.5795605,-0.92956054,-0.78956056,-0.60956055,-1.0995605,-0.96956056,-0.21956055,0.29043946,-2.1095605,0.28043947,3.1404395,2.6804395
-2.4695606,-1.5695605,-0.8295605,-0.78956056,-1.8295605,-2.7195606,-2.4995606,-0.089560546,-0.42956054,-1.7995605,-0.9495605,-0.79956055,0.49043944,0.69043946,-0.039560545,-1.9895606,3.2704394,-0.12956055,1.2304394,1.0904394,1.3604394,0.75043947,-0.43956053,-0.5695605,-2.0095606,-0.93956053,-0.67956054,-0.27956054,-0.42956054,-0.46956053,-1.6995605,-0.87956053,-0.91956055,-0.49956053,-0.23956054,0.5404394,1.0104394,2.1304395,1.7004395,1.4604394,0.5504395
-1.7595606,-2.6695604,-1.6595606,-1.6495606,0.78043944,-1.0195606,-2.2895606,-2.4395607,1.2104394,0.81043947,-0.20956054,-1.1795605,-0.40956056,1.6004394,0.7304394,-0.90956056,3.4004395,3.2304394,2.2204394,1.7604394,2.0404394,1.0704395,0.07043945,-0.49956053,-0.25956056,1.5804394,1.1504395,-1.7195605,-1.7595606,-1.5195606,-0.41956055,-1.8795606,-0.16956055,-2.5095606,-0.6995605,-0.7095606,1.2604394,2.2604394,2.2504394,1.9704394,0.95043945
-1.3695606,-1.0695605,-1.9895606,-1.5595605,0.020439453,0.020439453,-0.45956054,-1.3595605,-3.0795605,1.5904394,0.8004395,0.13043946,1.0004394,1.6404395,1.7104394,1.4104395,-0.91956055,2.9004395,1.0204395,2.4804394,2.0404394,1.8204395,1.3604394,1.5104394,0.41043946,1.4504395,-0.06956055,-1.2895606,-0.029560547,-1.0295606,-2.2495606,-1.9995606,-2.2395606,-1.9095606,-1.9395605,-0.90956056,-1.0695605,-0.05956055,-1.0195606,-0.28956056,0.050439455
-2.1195605,-2.2695606,-2.7195606,-1.8095605,-0.80956054,0.030439453,0.48043945,0.18043946,0.28043947,-0.93956053,1.3204395,0.82043946,2.0604393,2.5904396,2.3304396,1.2804395,1.9504395,0.38043946,2.5704393,1.9304395,1.7604394,1.9004395,1.7704395,1.5304395,0.19043945,0.40043944,0.58043945,0.19043945,-0.35956055,-0.15956055,0.31043947,-0.65956056,-1.1995605,-1.7795606,-1.5995605,-2.0295606,-0.87956053,-1.0695605,-1.2095605,-1.5895605,-1.3795606
-1.7495606,-2.5495605,-3.8195605,-2.5995605,-1.5895605,-0.84956056,-0.009560547,0.9304395,0.59043944,0.59043944,1.6204394,1.5604395,1.7904395,1.1304394,3.5704393,3.2904394,3.4104395,2.6604395,2.2204394,1.6204394,1.5004394,1.4804394,2.0204394,1.3904395,0.10043945,1.2204394,1.4304395,1.5404395,0.35043946,-0.93956053,-0.99956053,-1.5895605,0.33043945,-0.83956057,-0.46956053,-0.96956056,-0.10956055,0.20043945,-0.27956054,-1.4395605,-0.41956055
