wind_kz.json
{"header": {"discipline":0,"disciplineName":"Meteorological products","gribEdition":2,"gribLength":1025,"center":7,"centerName":"US National Weather Service - NCEP(WMC)","subcenter":0,"refTime":"2023-09-19T12:00:00.000Z","significanceOfRT":1,"significanceOfRTName":"Start of forecast","productStatus":0,"productStatusName":"Operational products","productType":1,"productTypeName":"Forecast products","productDefinitionTemplate":0,"productDefinitionTemplateName":"Analysis/forecast at horizontal level/layer at a point in time","parameterCategory":2,"parameterCategoryName":"UnknownDiscipline_0_Category_2","parameterNumber":3,"parameterNumberName":"UnknownParameter_D0_C2_3","parameterUnit":"Unknown","genProcessType":2,"genProcessTypeName":"Forecast","forecastTime":240,"surface1Type":103,"surface1TypeName":"Specified height level above ground","surface1Value":10.0,"surface2Type":255,"surface2TypeName":"Missing","surface2Value":0.0,"gridDefinitionTemplate":0,"gridDefinitionTemplateName":"Latitude_Longitude","numberPoints":615,"shape":6,"shapeName":"Earth spherical with radius of 6,371,229.0 m","gridUnits":"degrees","resolution":48,"winds":"true","scanMode":64,"nx":41,"ny":15,"basicAngle":0,"lo1":47.0,"la1":41.0,"lo2":87.0,"la2":55.0,"dx":1.0,"dy":1.0}, "data":
[rows 0 to 14 of 15, columns 0 to 40 of 41]
1.628584,1.808584,0.968584,7.938584,4.278584,2.088584,1.268584,0.36858398,0.19858399,-1.311416,-2.141416,-3.451416,-3.571416,-2.911416,-3.031416,-4.971416,-4.851416,-5.781416,-6.081416,-4.301416,-2.911416,-3.901416,-4.391416,0.618584,2.948584,1.6085839,0.56858397,0.23858398,-2.411416,-1.661416,1.808584,1.148584,0.358584,0.738584,0.078583986,-0.41141602,-0.491416,0.49858397,-0.22141601,-1.6514161,-1.911416
-2.261416,-1.591416,5.948584,6.628584,4.948584,2.928584,3.118584,1.298584,0.078583986,-1.811416,-2.751416,-0.521416,-2.071416,-3.811416,-3.781416,-4.031416,-4.311416,-3.901416,-4.511416,-4.741416,-4.291416,-4.971416,-2.931416,-2.131416,2.108584,1.3485839,0.988584,1.538584,0.17858398,-2.311416,-1.751416,-1.911416,-3.501416,-1.871416,1.448584,2.548584,1.558584,2.288584,1.798584,-0.301416,-0.48141602
0.12858398,3.608584,4.5385838,4.758584,3.548584,3.338584,0.56858397,1.888584,-0.24141602,-0.911416,-2.261416,-2.231416,-1.701416,-3.731416,-2.621416,-2.691416,-3.551416,-3.681416,-3.921416,-4.421416,-4.191416,-1.961416,-4.791416,-1.811416,-2.141416,-1.911416,-0.731416,-3.011416,-1.6414161,-1.611416,-0.911416,-0.521416,-1.841416,-2.141416,0.058583986,-1.091416,0.988584,-4.611416,-0.80141604,1.258584,-0.12141602
5.608584,3.268584,4.098584,4.078584,3.9085839,3.018584,1.658584,1.238584,0.048583984,-1.061416,-2.271416,-1.571416,-0.12141602,-1.9014161,-3.141416,-3.541416,-2.681416,-2.391416,-3.611416,-3.471416,-5.011416,-3.791416,-1.631416,-1.531416,-0.601416,-0.851416,-2.101416,-1.241416,-3.101416,-3.251416,-3.241416,-1.281416,1.368584,0.69858396,-0.12141602,-0.0014160157,1.058584,2.6685839,-0.31141603,-1.831416,-0.35141602
5.278584,3.468584,3.638584,3.458584,-1.261416,1.368584,1.868584,0.16858399,-0.38141602,-1.001416,-2.361416,-3.421416,2.228584,0.42858398,0.118583985,-0.341416,-2.121416,-1.851416,-3.3414161,-3.321416,-1.851416,-1.441416,-0.961416,0.848584,-0.29141602,1.628584,0.328584,0.15858398,-0.521416,-2.281416,-1.991416,-1.791416,0.518584,0.968584,0.43858397,1.988584,1.168584,-0.12141602,1.258584,-0.581416,-0.87141603
5.598584,5.168584,4.348584,3.638584,2.058584,0.93858397,0.718584,2.348584,0.848584,-0.701416,-0.701416,-1.871416,2.588584,5.5385838,1.928584,-1.431416,-0.011416015,-0.431416,-0.31141603,-1.691416,-1.111416,-0.421416,-1.331416,-1.371416,-0.831416,-0.401416,-0.20141602,4.738584,1.638584,-0.93141603,0.318584,0.608584,0.26858398,-0.67141604,0.588584,-0.31141603,-0.691416,-3.021416,-0.691416,2.558584,0.14858398
4.378584,4.248584,3.778584,4.458584,5.5385838,4.158584,4.828584,2.648584,1.578584,0.14858398,-0.81141603,0.328584,-0.881416,-0.421416,0.808584,3.278584,1.398584,1.028584,1.078584,0.14858398,-0.601416,-0.44141603,-0.07141601,-0.361416,-0.661416,-0.56141603,-0.22141601,-0.271416,2.198584,4.418584,3.898584,3.368584,4.438584,3.398584,0.678584,-0.781416,-0.0014160157,1.5985839,-1.031416,-0.731416,3.548584
3.868584,4.658584,4.388584,4.0385838,3.748584,3.898584,2.958584,2.228584,0.988584,-0.21141602,-0.26141602,0.29858398,0.548584,0.518584,0.62858397,1.158584,1.568584,1.138584,1.1085839,0.678584,0.058583986,0.528584,1.548584,1.658584,1.188584,0.378584,-0.55141604,-1.5214161,-1.231416,-0.791416,-0.14141601,-1.131416,-1.221416,-0.011416015,-0.38141602,0.17858398,-3.291416,-7.151416,-0.18141602,-0.07141601,1.428584
3.808584,4.078584,3.458584,3.258584,3.898584,3.348584,2.478584,1.498584,0.69858396,0.318584,-0.041416015,0.50858396,1.148584,1.568584,1.118584,1.488584,2.138584,2.4085839,2.608584,2.508584,1.138584,0.57858396,0.738584,1.278584,1.8485839,1.778584,1.778584,0.908584,0.678584,-0.13141602,-1.341416,-1.501416,-1.931416,-0.951416,-0.101416014,0.43858397,-0.641416,0.678584,0.008583984,1.8485839,0.10858399
3.568584,3.088584,2.848584,2.6585839,2.078584,2.078584,2.088584,1.748584,1.508584,1.178584,1.078584,0.75858396,1.188584,1.928584,2.718584,2.438584,2.538584,3.128584,2.798584,3.548584,3.218584,2.368584,1.398584,1.448584,1.788584,1.808584,1.7285839,1.668584,1.258584,1.698584,0.94858396,1.6085839,0.598584,0.618584,1.428584,-0.881416,0.718584,0.22858399,1.508584,4.048584,3.458584
2.988584,2.098584,2.298584,2.638584,2.198584,2.338584,2.188584,2.608584,2.448584,1.518584,1.938584,2.048584,2.198584,1.878584,1.448584,2.368584,2.318584,3.348584,3.088584,4.188584,3.998584,3.228584,3.128584,2.748584,3.048584,3.038584,2.888584,1.568584,2.1585839,1.968584,2.208584,1.8485839,1.288584,2.398584,2.1685839,2.968584,2.358584,2.328584,4.438584,1.788584,0.62858397
2.398584,3.1585839,3.878584,2.858584,1.998584,2.178584,2.328584,1.8485839,1.178584,1.758584,1.938584,2.528584,2.768584,4.008584,4.128584,3.468584,4.418584,3.578584,3.828584,3.488584,3.768584,4.198584,3.758584,3.878584,3.9085839,3.698584,2.708584,2.698584,2.238584,2.6685839,1.938584,2.038584,0.13858399,1.138584,1.828584,2.998584,4.308584,4.998584,1.8485839,-0.011416015,0.658584
1.8485839,2.378584,1.918584,2.068584,2.368584,1.528584,1.988584,3.1685839,3.048584,2.568584,1.3485839,1.378584,3.148584,3.358584,3.398584,4.178584,3.4185839,4.318584,4.978584,5.388584,4.708584,5.028584,4.688584,5.148584,4.878584,4.678584,3.128584,2.938584,3.188584,2.008584,2.338584,2.6585839,2.4185839,1.888584,1.948584,2.708584,2.758584,2.228584,4.5385838,4.018584,1.828584
2.4085839,2.838584,2.078584,3.268584,3.468584,3.078584,2.998584,4.248584,3.528584,4.088584,2.728584,1.338584,1.958584,2.4085839,2.958584,3.558584,4.248584,3.138584,3.368584,5.258584,5.308584,5.588584,5.578584,5.578584,5.518584,4.568584,3.938584,3.888584,3.528584,3.518584,2.978584,2.598584,2.058584,2.028584,0.678584,0.478584,2.558584,2.438584,4.798584,4.598584,5.638584
1.928584,2.808584,2.868584,4.248584,4.698584,3.9085839,2.528584,2.198584,2.488584,2.9185839,2.188584,3.758584,1.868584,1.048584,0.518584,0.718584,3.568584,4.508584,3.008584,4.438584,4.988584,5.588584,5.298584,5.938584,5.948584,5.428584,4.738584,4.198584,3.508584,1.5985839,2.148584,3.808584,1.648584,1.408584,1.5985839,1.308584,1.7285839,2.268584,3.768584,4.768584,4.2885838
