wind_kz.json
{"header": {"discipline":0,"disciplineName":"Meteorological products","gribEdition":2,"gribLength":1025,"center":7,"centerName":"US National Weather Service - NCEP(WMC)","subcenter":0,"refTime":"2023-09-10T00:00:00.000Z","significanceOfRT":1,"significanceOfRTName":"Start of forecast","productStatus":0,"productStatusName":"Operational products","productType":1,"productTypeName":"Forecast products","productDefinitionTemplate":0,"productDefinitionTemplateName":"Analysis/forecast at horizontal level/layer at a point in time","parameterCategory":2,"parameterCategoryName":"UnknownDiscipline_0_Category_2","parameterNumber":3,"parameterNumberName":"UnknownParameter_D0_C2_3","parameterUnit":"Unknown","genProcessType":2,"genProcessTypeName":"Forecast","forecastTime":300,"surface1Type":103,"surface1TypeName":"Specified height level above ground","surface1Value":10.0,"surface2Type":255,"surface2TypeName":"Missing","surface2Value":0.0,"gridDefinitionTemplate":0,"gridDefinitionTemplateName":"Latitude_Longitude","numberPoints":615,"shape":6,"shapeName":"Earth spherical with radius of 6,371,229.0 m","gridUnits":"degrees","resolution":48,"winds":"true","scanMode":64,"nx":41,"ny":15,"basicAngle":0,"lo1":47.0,"la1":41.0,"lo2":87.0,"la2":55.0,"dx":1.0,"dy":1.0}, "data":
[rows 0 to 14 of 15, columns 0 to 40 of 41]
2.2591991,1.3691993,2.8991992,4.009199,-1.8308008,-3.8808007,-0.13080078,0.009199219,0.35919923,-0.2808008,-1.7308007,-2.0908008,-3.5208008,-2.4108007,-4.200801,-5.590801,-6.470801,-6.1908007,-5.7908006,-4.6508007,-4.2508006,-3.4108007,-3.5308008,2.1291993,4.5591993,1.3491992,0.72919923,1.0691992,-1.1208007,0.32919922,1.8991992,2.9691992,0.97919923,1.2891992,2.4691992,2.049199,0.44919923,-1.0508008,-2.6008008,-3.1608007,3.0791993
-2.6708007,0.97919923,5.049199,4.8091993,2.9291992,-2.5808008,0.8191992,0.7091992,0.52919924,0.6991992,-0.20080078,-2.3008008,-3.7308009,-4.530801,-5.4008007,-6.180801,-6.4008007,-6.800801,-6.950801,-5.470801,-6.550801,-4.2908006,-3.450801,-2.9008007,-0.39080077,-0.9808008,1.6591992,2.4891992,-1.3308008,0.09919922,-1.0808008,-2.4308007,-2.2208009,2.6691992,1.8291992,3.1791992,1.9891992,2.8491993,2.0891993,-1.1708008,4.169199
2.9691992,7.4591994,6.489199,4.859199,1.8891993,3.5091991,2.0691993,1.5191993,0.3791992,-1.3108008,-2.0608008,-2.9008007,-5.9408007,-4.030801,-5.1308007,-6.320801,-7.030801,-7.2708006,-7.1708007,-6.5408006,-3.5608008,-1.2108008,-1.0508008,-4.1908007,-3.7708008,-0.8208008,-1.3608007,-4.100801,-0.8708008,-1.6308007,-0.60080075,-0.11080078,0.8291992,1.0091993,-8.0078124E-4,-0.39080077,-0.36080077,-4.5408006,-2.460801,0.019199219,-2.3208008
6.319199,6.429199,6.509199,6.4791994,4.679199,3.5991993,2.9991992,1.8491992,0.78919923,0.35919923,-0.2508008,-3.1108007,-3.8908007,-6.570801,-5.6308007,-6.0608006,-7.080801,-6.740801,-6.7508006,-5.070801,-3.0108008,-3.0508008,-1.0408008,-2.0408008,-4.370801,-3.5108008,-4.590801,-3.7608008,-3.5608008,-4.8608007,0.6391992,1.1691992,2.0091991,1.6891992,2.3391993,0.89919925,0.5591992,0.6791992,0.44919923,0.089199215,0.26919922
5.699199,5.199199,4.779199,0.7091992,2.7091992,3.3391993,2.9691992,1.3491992,-0.04080078,-0.8708008,-1.7108008,-1.2408007,-2.3508008,-5.530801,-5.5208006,-6.1708007,-6.350801,-5.680801,-5.430801,-2.3708007,-2.1408007,-2.3908007,1.2791992,-1.3008008,-2.200801,-3.8308008,-4.740801,-5.530801,-4.330801,-3.4708009,-4.7308006,-4.100801,-0.2808008,0.6191992,0.5191992,0.29919922,0.7991992,2.0991993,-2.0308008,-2.3808007,-1.0908008
6.569199,5.719199,1.1491992,0.38919923,-0.16080078,-0.27080077,3.299199,2.3391993,0.06919922,0.009199219,0.009199219,0.32919922,-1.0708008,-3.1208007,-7.370801,-4.740801,-5.300801,-4.8808007,-4.140801,-2.3508008,-2.3608007,-2.9708009,-3.1908007,-0.06080078,-1.1708008,-1.1208007,-0.22080079,-4.2108006,-3.4408007,-2.6608007,-2.5408008,-3.3408008,-3.6508007,-0.78080076,-1.1908008,-0.5808008,-1.3208008,-2.5308008,2.4691992,1.3091992,0.9891992
7.0991993,7.049199,6.6191993,5.409199,4.399199,4.9991994,3.3691993,2.4691992,1.7091992,1.3891993,0.6391992,-0.5608008,-2.0108008,-3.210801,-3.6908007,-4.760801,-4.4808006,-4.1308007,-3.7508008,-2.7708008,-2.7808008,-2.0908008,-0.9908008,-0.4308008,-0.3708008,-1.2608008,-2.9708009,-3.3008008,-4.340801,-3.6708007,-3.6308007,-4.4208007,-5.8808007,-5.700801,1.9891992,1.8491992,0.9191992,-1.3308008,-1.8808007,0.41919923,-6.9208007
5.9391994,6.449199,6.489199,6.489199,5.909199,4.489199,3.6391993,1.9591992,1.6391993,2.1691992,1.4591992,0.52919924,-0.60080075,-1.9908007,-3.5108008,-3.0608008,-3.7908008,-3.8208008,-3.700801,-2.210801,-2.5608008,-2.5708008,-2.960801,-2.700801,-2.6208007,-2.450801,-0.65080076,-1.7008008,-2.0008008,-3.2908008,-4.430801,-5.1308007,-5.820801,-7.160801,-4.830801,-4.220801,-1.6908008,-0.8608008,0.45919922,0.8891992,-0.27080077
6.179199,6.109199,5.6191993,5.299199,4.399199,3.8591993,3.3491993,2.549199,2.6491992,2.3891993,2.0291991,1.1991992,-0.15080078,-1.1808008,-2.3608007,-2.7208009,-2.7908008,-3.1108007,-3.460801,-3.4808009,-1.7508007,-3.1308007,-3.710801,-3.5008008,-3.2808008,-3.6608007,-2.200801,-2.6808007,-3.1208007,-2.6708007,-4.4008007,-5.2708006,-5.5408006,-5.7108006,-5.820801,-4.850801,-0.91080076,-2.6108007,-3.6408007,-1.9808007,-1.2608008
6.5791993,6.3291993,6.2291994,5.759199,5.0391994,4.129199,3.7091992,3.2391992,2.789199,2.8691993,2.6591992,1.5891992,1.0091993,-0.08080078,-0.53080076,-1.4308008,-1.4908007,-2.1208007,-2.3108008,-1.9108008,-1.4608008,-2.1208007,-2.3908007,-2.8108008,-3.1108007,-2.2708008,-3.0208008,-3.4408007,-3.460801,-3.6008008,-4.140801,-4.490801,-5.1708007,-5.8108006,-6.2508006,-5.700801,-0.2808008,1.5491992,-2.4208007,-0.5108008,-1.8308008
6.989199,6.779199,6.929199,5.8091993,5.0591993,3.7491992,4.3291993,3.4991992,3.289199,2.9391992,2.4091992,2.0591993,1.3891993,1.2691993,0.4691992,-0.5108008,-0.49080077,-0.9908008,-1.1108007,-1.0608008,-1.1708008,-1.2608008,-1.9108008,-2.4308007,-1.3708007,-1.2908008,-1.5008007,-2.6408007,-2.0508008,-1.9208008,-2.6608007,-3.6708007,-4.580801,-4.030801,-4.9808006,-5.9808006,-3.1008008,-1.6708008,-2.5508008,-1.4708008,-1.0908008
7.3491993,7.7291994,7.0391994,6.299199,4.899199,5.169199,4.489199,4.3691993,3.6091993,3.5691993,2.5891993,3.2291992,2.6291993,1.9091992,1.7291992,1.2491993,0.9491992,0.3191992,0.009199219,-0.26080078,0.06919922,-0.30080077,-0.7508008,-1.2808008,-0.78080076,-1.1608008,-1.4508008,-2.3808007,-2.1208007,-2.5808008,-2.6308007,-3.1708007,-2.8608007,-2.7508008,-2.7708008,-2.8608007,-2.6908007,-1.9408008,-1.0708008,-1.9508008,-0.8808008
6.299199,7.7691994,6.7491994,5.799199,4.5391994,3.9191992,4.0991993,5.1391993,5.149199,3.4291992,2.0591993,1.9791992,3.789199,2.1491992,1.9291992,2.1991992,2.1291993,1.4391992,1.8591992,0.96919924,0.59919924,0.7391992,-0.13080078,0.53919923,0.6391992,-0.65080076,-1.0608008,-0.42080078,-1.8508008,-2.2408009,-1.6308007,-1.9108008,-2.1208007,-2.3008008,-2.3608007,-2.0508008,-2.3108008,-1.4408008,-1.6308007,-1.9208008,-1.8108008
6.629199,7.949199,8.5692,7.1391993,6.199199,5.649199,5.6191993,5.3891993,4.649199,4.759199,2.1991992,1.6491992,1.6791992,2.2191992,2.7791991,2.6191993,2.6691992,2.5791993,2.3291993,1.8791993,1.5091993,0.8591992,0.7691992,0.8891992,1.0191993,1.1791992,1.1191993,0.12919922,-0.2808008,-0.8608008,-1.3408008,-2.3908007,-1.9708008,-1.8508008,-1.6708008,-2.4108007,-1.8808007,-0.4708008,-0.6308008,-1.5808008,-2.2908008
4.449199,6.8291993,8.8991995,8.269199,7.1391993,6.299199,6.199199,5.6891994,5.409199,4.989199,3.5691993,2.6291993,0.77919924,2.1491992,2.7591991,3.049199,2.8491993,2.7491992,2.6091993,2.1691992,2.3691993,2.1591992,1.8591992,2.289199,1.5691992,1.3891993,1.1891992,1.1091992,1.5491992,1.0891992,2.7591991,0.6891992,-0.9408008,-1.2608008,-0.9908008,-1.2508007,-2.1508007,-1.3408008,-1.8108008,-2.460801,0.06919922
