wind_kz.json
{"header": {"discipline":0,"disciplineName":"Meteorological products","gribEdition":2,"gribLength":1025,"center":7,"centerName":"US National Weather Service - NCEP(WMC)","subcenter":0,"refTime":"2024-01-31T12:00:00.000Z","significanceOfRT":1,"significanceOfRTName":"Start of forecast","productStatus":0,"productStatusName":"Operational products","productType":1,"productTypeName":"Forecast products","productDefinitionTemplate":0,"productDefinitionTemplateName":"Analysis/forecast at horizontal level/layer at a point in time","parameterCategory":2,"parameterCategoryName":"UnknownDiscipline_0_Category_2","parameterNumber":3,"parameterNumberName":"UnknownParameter_D0_C2_3","parameterUnit":"Unknown","genProcessType":2,"genProcessTypeName":"Forecast","forecastTime":240,"surface1Type":103,"surface1TypeName":"Specified height level above ground","surface1Value":10.0,"surface2Type":255,"surface2TypeName":"Missing","surface2Value":0.0,"gridDefinitionTemplate":0,"gridDefinitionTemplateName":"Latitude_Longitude","numberPoints":615,"shape":6,"shapeName":"Earth spherical with radius of 6,371,229.0 m","gridUnits":"degrees","resolution":48,"winds":"true","scanMode":64,"nx":41,"ny":15,"basicAngle":0,"lo1":47.0,"la1":41.0,"lo2":87.0,"la2":55.0,"dx":1.0,"dy":1.0}, "data":
[rows 0 to 14 of 15, columns 0 to 40 of 41]
0.20413147,-0.30586854,-0.5358685,2.5741315,5.0141315,4.6441317,3.9241314,2.8541315,2.0341315,1.6841315,0.79413146,0.5041315,0.39413148,-0.07586853,-0.43586853,-0.10586853,1.5041314,1.0341315,-0.49586853,-1.8858685,-0.50586855,2.5341315,-2.0358686,0.43413147,0.7141315,1.4141315,-2.4058685,1.0541315,1.7741314,1.8441315,-3.3658686,-4.5458684,1.3441315,2.5941315,2.2441316,1.5041314,3.3341315,2.9341314,2.6041315,2.6041315,1.5041314
4.8541317,-0.87586856,1.1241314,3.1441314,5.6341314,4.9441314,5.4041314,4.6541314,3.3841314,2.0841315,1.4941314,0.8941315,1.3041315,0.67413145,-0.35586852,0.01413147,-0.40586853,-0.5558685,-0.5458685,0.67413145,1.4041314,1.7641314,1.5241314,1.4341315,-1.5358685,-1.4658685,-3.3258686,1.3941314,0.05413147,1.6341314,5.0841312,4.5941315,-1.4358685,-2.5158684,-5.2658687,-2.1858685,-2.0958686,-2.4758685,-0.77586854,-0.28586853,0.92413145
0.5141315,2.2641315,1.8241315,1.9341315,3.0841315,4.9241314,3.7341316,1.8541315,2.9341314,1.4641315,0.35413146,-1.4658685,-0.09586853,0.04413147,0.8341315,-0.40586853,-0.38586852,-0.8558685,-1.1358685,0.38413146,-0.04586853,0.16413146,0.6341315,1.9141315,0.46413147,0.85413146,1.0141314,0.61413145,-1.4558685,2.0641315,2.5741315,0.45413148,3.2141314,-2.6858685,-0.8058685,1.6341314,3.6941314,-1.0058686,0.98413146,-1.2258686,-0.46586853
4.2741313,2.1341314,1.3141315,2.5341315,3.6041315,2.4241314,1.7441314,1.6141315,0.80413145,0.59413147,-0.17586853,-0.38586852,-2.4058685,-1.8958685,-1.9958686,-0.21586853,-0.04586853,-0.0058685304,-0.37586853,-0.49586853,3.1541314,3.6941314,0.17413147,3.4741316,1.0441315,1.9341315,1.3841314,1.1941315,3.5441315,3.2341316,5.9341316,-0.90586853,-0.6858685,-0.15586853,-1.1058686,-3.7658684,-0.71586853,3.2341316,2.4741316,2.0741315,2.0641315
4.4141316,2.2441316,2.8041315,1.3541315,3.5241315,4.2941313,3.2241316,2.8241315,2.0841315,1.2841315,0.01413147,0.08413147,-1.2058685,-2.0358686,-2.1058686,-0.48586854,-1.5258685,-1.1258686,0.31413147,1.2541314,0.31413147,1.2941315,-0.46586853,-0.40586853,-0.95586854,-0.34586853,2.7041314,3.2041314,0.7041315,4.1441317,5.4641314,2.9341314,4.0341315,3.4441314,-1.4458685,-0.50586855,-0.38586852,-1.1158686,-0.63586855,-0.23586853,0.45413148
5.9341316,5.3341312,3.2241316,2.8541315,2.0141315,0.8341315,2.3841314,0.43413147,1.1241314,-0.65586853,2.2341316,1.3841314,1.9041314,-0.69586855,-1.9558685,-1.9158685,-2.2258685,-2.9758685,-2.4258685,-0.47586852,0.8141315,1.2841315,0.78413147,0.6541315,2.0241315,1.8141315,2.0841315,2.3741314,3.0441315,3.2041314,3.6741314,3.6641314,2.6741314,0.07413147,2.7241316,6.1941314,3.3041315,2.8741314,0.86413145,-0.23586853,0.15413147
5.5041313,6.0541315,6.6441317,6.1841316,4.1441317,3.1141315,2.9941316,3.1541314,2.8041315,2.5641315,1.7141315,1.2441314,0.09413147,-0.8558685,-0.33586854,-1.7958685,-1.7058685,-1.6158686,-1.5658685,-1.3758686,-0.26586854,1.1441314,1.5541315,1.6341314,0.7641315,1.0041314,1.3541315,3.0941315,3.6741314,4.4841313,3.8041315,2.1341314,5.1041317,3.9041314,0.86413145,-1.3358685,-2.3758686,1.1141315,-0.26586854,-0.8058685,1.6541314
4.5241313,5.1241317,4.2641315,3.8241315,3.6941314,3.5741315,2.8541315,2.8041315,2.3441315,2.0841315,1.9041314,1.4141315,0.49413148,-0.62586856,-1.5558685,-1.1758685,-0.41586852,-0.95586854,-0.9258685,-0.94586855,-2.0158684,-2.0658686,-0.6658685,0.6341315,1.0941315,1.8141315,0.20413147,-0.06586853,3.7541316,6.4841313,7.9541316,7.0441313,5.5741315,7.6741314,9.394132,4.1741314,3.7141314,2.9841316,-3.4258685,2.0141315,1.5541315
2.6141315,2.7441316,2.6641314,2.7741315,2.1341314,1.9841315,1.9341315,1.2641314,2.3541315,2.6841314,2.3541315,1.7541314,0.18413147,0.93413144,-0.29586852,-0.34586853,-0.35586852,-0.22586852,-0.03586853,-0.08586853,-0.27586854,-0.49586853,-0.16586854,-0.7458685,-1.4358685,-1.2658685,-1.7958685,-2.4758685,1.7241315,1.7841315,4.3441315,9.484132,11.374131,11.324131,11.524131,6.5141315,4.6541314,6.5541315,5.7741313,4.4941316,3.5541315
2.0941315,2.0441315,1.7241315,1.6341314,1.5441315,1.5241314,1.6441314,2.0041316,1.7941315,1.4141315,1.3441315,0.37413147,0.60413146,-0.12586853,0.23413147,0.05413147,0.8941315,1.5041314,1.8741314,1.6741315,1.8641315,1.1641315,0.41413146,0.17413147,-1.7058685,-1.7758685,-0.8658685,-0.8558685,-1.0258685,-0.95586854,-1.0258685,5.0741315,5.6041317,6.2741313,9.314132,9.454131,6.1541314,1.3241315,5.1841316,7.4741316,5.3341312
1.1941315,1.2641314,1.3041315,0.8341315,0.85413146,1.5641315,1.2341315,0.9441315,1.2941315,1.3741314,1.5341315,1.3141315,0.5641315,1.3141315,0.8841315,1.1341314,0.08413147,0.87413144,2.0141315,2.3941314,2.1941314,1.4741315,0.10413147,0.67413145,0.7041315,-0.49586853,-1.2958685,-2.4758685,-3.0458686,-4.5058684,-4.2258687,1.3841314,3.8441315,5.9241314,8.8041315,10.214131,7.8641315,5.3841314,9.704131,5.1241317,4.5541315
1.2041315,0.49413148,1.3441315,1.8441315,1.8641315,0.9041315,0.7741315,1.0941315,0.29413146,0.12413147,0.38413146,0.7141315,1.8041315,1.7741314,1.2841315,1.5941315,1.1641315,0.85413146,2.1041315,2.0641315,2.9741316,2.1841314,1.7041315,1.5641315,0.98413146,-0.37586853,-0.47586852,-2.3358686,-3.4058685,-4.0158687,-4.6858687,-7.4158688,5.6941314,6.8241315,6.5541315,10.204131,11.294131,8.374131,1.7741314,-0.52586854,0.22413146
2.1641314,1.3141315,0.5641315,0.27413148,1.0541315,0.9041315,1.3741314,1.5841315,1.0741315,1.3141315,0.39413148,-0.45586854,1.1841315,1.0041314,0.8941315,1.2641314,1.4041314,1.0841315,1.6041315,1.2941315,2.2041314,2.1641314,1.5341315,0.41413146,-0.24586853,0.00413147,-1.2558686,-1.9158685,-2.9058685,-3.4458685,-3.0758686,-2.3358686,-1.0958686,0.18413147,1.6641315,3.4041314,4.8541317,3.0241315,3.1741314,1.7641314,0.80413145
0.78413147,0.7741315,0.07413147,0.28413147,0.84413147,0.87413144,1.6141315,1.8641315,1.8641315,2.1541314,1.0641315,-0.49586853,0.02413147,2.3441315,0.9041315,1.3241315,1.3741314,1.3941314,1.4641315,0.99413145,1.0341315,1.2541314,1.0841315,0.84413147,0.7641315,0.08413147,-0.5558685,-0.7258685,-1.2958685,-1.7858685,-2.6758685,-1.1158686,-1.9258685,-0.7358685,-0.27586854,1.3041315,1.2141315,0.9641315,1.2641314,2.0041316,2.0441315
0.61413145,1.0441315,0.9041315,1.0541315,0.7141315,1.4041314,1.3741314,1.6241314,1.6441314,1.6841315,1.8041315,2.2241316,1.1141315,-0.8058685,-0.9158685,-0.38586852,0.86413145,0.5641315,1.7041315,1.8741314,1.8341315,1.6141315,1.2041315,0.5741315,0.48413146,0.32413146,-0.20586853,-1.3958685,-0.96586853,-1.1958685,-0.9758685,-0.49586853,-0.45586854,0.28413147,1.0641315,1.2441314,1.0941315,1.9141315,2.6141315,4.0841312,2.1741314
