wind_kz.json
{"header": {"discipline":0,"disciplineName":"Meteorological products","gribEdition":2,"gribLength":1102,"center":7,"centerName":"US National Weather Service - NCEP(WMC)","subcenter":0,"refTime":"2023-08-24T18:00:00.000Z","significanceOfRT":1,"significanceOfRTName":"Start of forecast","productStatus":0,"productStatusName":"Operational products","productType":1,"productTypeName":"Forecast products","productDefinitionTemplate":0,"productDefinitionTemplateName":"Analysis/forecast at horizontal level/layer at a point in time","parameterCategory":2,"parameterCategoryName":"UnknownDiscipline_0_Category_2","parameterNumber":3,"parameterNumberName":"UnknownParameter_D0_C2_3","parameterUnit":"Unknown","genProcessType":2,"genProcessTypeName":"Forecast","forecastTime":180,"surface1Type":103,"surface1TypeName":"Specified height level above ground","surface1Value":10.0,"surface2Type":255,"surface2TypeName":"Missing","surface2Value":0.0,"gridDefinitionTemplate":0,"gridDefinitionTemplateName":"Latitude_Longitude","numberPoints":615,"shape":6,"shapeName":"Earth spherical with radius of 6,371,229.0 m","gridUnits":"degrees","resolution":48,"winds":"true","scanMode":64,"nx":41,"ny":15,"basicAngle":0,"lo1":47.0,"la1":41.0,"lo2":87.0,"la2":55.0,"dx":1.0,"dy":1.0}, "data":
[rows 0 to 14 of 15, columns 0 to 40 of 41]
0.5539795,1.8039795,3.4939795,11.113979,8.59398,5.1739793,3.5539794,2.4439795,2.3439796,2.4939795,1.2339795,0.8739795,0.8839795,-1.6560205,-3.0560205,-3.0460205,-4.0160203,-2.2760205,-3.9960206,-2.8760204,-1.0360205,-0.5060205,-2.5460205,0.7439795,1.6639795,-0.9360205,-1.7260205,0.6939795,-0.7860205,-1.6860205,0.043979492,0.6839795,-0.6660205,-1.6260206,-0.6360205,3.2539794,0.5639795,0.3339795,-0.4560205,-2.4960206,-1.2460206
-0.3260205,-0.006020508,11.79398,11.363979,9.25398,7.6439795,5.2839794,3.3039794,3.4039795,1.8739794,2.1539795,1.0339795,0.7639795,-1.3660206,-2.6660204,-3.2960205,-2.3260205,-2.5860205,-2.9660206,-2.7460206,-1.7360206,-1.8060205,-1.4560205,-1.0860205,1.2739795,1.2539794,3.1839795,0.6739795,-0.6160205,2.4139795,1.3939795,-1.7760205,0.8739795,3.6139796,3.4839795,2.4539795,3.9839795,3.2339795,3.0939796,0.5839795,-1.0060205
-1.3560205,7.5539794,11.08398,9.88398,8.22398,7.8239794,5.8339796,4.3839793,4.4839797,3.2939794,2.5439794,0.9439795,-0.046020508,-0.5560205,-0.8660205,-1.3660206,-1.7160205,-1.4760205,-2.6260204,-2.7060206,-2.0960205,-2.0960205,0.54397947,0.9739795,-0.7860205,-2.3760204,-2.2660205,-1.5460205,0.3539795,-1.6360205,-0.8460205,-0.3960205,0.3539795,-0.9960205,1.2039795,-2.6860206,-3.6760206,-7.2160206,-2.8060205,3.1639795,1.3239795
5.1539793,8.933979,9.47398,7.9339795,6.8039794,8.05398,6.4239793,5.6839795,4.0039797,2.7139795,2.0339794,0.85397947,-1.6260206,0.22397949,-2.2360206,-2.3060205,-1.4860206,0.14397949,0.34397948,0.1839795,-0.64602053,0.9139795,-3.3360205,-0.8760205,0.34397948,0.54397947,1.4039795,2.3339796,1.1839795,-0.1560205,1.5639795,-0.21602051,1.3739794,2.5339794,1.8539795,0.8939795,2.8339796,1.9639795,-4.6260204,-6.8960204,-5.2560205
6.7039795,7.7439795,8.233979,6.7339797,6.0139794,6.1539793,5.4639797,5.1939793,3.9039795,2.3839796,1.2139795,-0.5760205,-1.1460205,-2.0560205,-0.70602053,-2.0160205,-4.3360205,-4.5760207,0.10397949,2.9739795,1.5839795,0.6139795,-0.016020508,1.1439795,0.6139795,1.0739795,4.0939794,5.4539795,2.7039795,2.1439795,3.5739794,1.7739795,1.0839795,-0.13602051,-0.70602053,-4.2460203,-10.82602,-0.11602051,-2.8160205,-2.3160205,-0.18602051
5.9039793,5.8039794,6.1139793,6.8639793,6.3539796,5.4539795,4.8039794,3.3739796,3.1339796,1.3339795,-0.11602051,-1.4560205,-2.5960205,-0.2760205,1.7439795,-2.5560205,-3.8360205,-5.1260204,-3.5760205,1.7139795,2.4939795,0.7039795,2.2039795,2.2539794,1.1039795,0.013979492,2.7239795,5.3539796,1.4339795,1.9639795,3.5839796,4.7639794,4.1139793,4.9839797,2.5739794,0.17397949,-0.3260205,-6.2960205,-7.3260207,0.7839795,3.5439794
4.6639795,4.7539797,5.4639797,6.1839795,5.1739793,4.7139797,3.4939795,2.7439795,1.6039795,-0.06602051,-1.0160205,-1.2460206,-3.0860205,-3.1160204,-1.7760205,-0.51602054,-1.7860205,-4.0260205,-2.3460205,3.0539794,1.2839795,0.7239795,3.2239795,3.8539796,1.8339795,2.1539795,1.5339795,2.0739794,4.5639796,3.3839796,0.3339795,2.7239795,5.3939795,4.8239794,1.6239794,-0.19602051,1.2139795,1.8739794,-2.9560206,3.6339796,-9.426021
4.9439793,4.2139797,3.7739794,3.5239794,3.8139794,3.1639795,2.3839796,1.7139795,0.54397947,-1.1060205,-2.0360205,-2.7960205,-2.9460206,-2.8560205,0.5539795,0.5639795,-0.9360205,-2.2760205,-1.0860205,0.10397949,-0.21602051,-0.8160205,2.5539794,3.7839794,1.6039795,2.9439795,3.6539795,2.0639794,-0.3960205,1.9639795,1.9139795,-0.16602051,1.8539795,3.6839795,1.8939795,-0.51602054,1.9839795,-1.6860205,-1.3860205,0.85397947,-0.28602052
4.9139795,4.7939796,4.1839795,3.2639794,2.4539795,1.8739794,1.4739795,0.5339795,-0.25602052,-1.0560205,-1.8160205,-2.2960205,-3.1360204,-1.4060205,-0.13602051,0.11397949,0.06397949,0.1339795,-0.8460205,-0.5960205,1.4939795,1.1039795,-0.6260205,1.3539795,3.3139794,2.3939795,2.8439796,2.2939794,4.9439793,2.5339794,3.0839796,3.0439794,1.9939795,2.3139794,0.2139795,-3.0760205,-0.4960205,-2.3260205,-2.9160204,-1.6060205,2.7039795
4.2339797,3.3739796,2.8539796,2.6339796,2.1039796,1.2539794,0.2139795,0.17397949,-0.31602052,-0.9360205,-1.4960206,-2.1960206,-1.0660205,0.1539795,0.8239795,0.19397949,0.3239795,0.8239795,0.4739795,0.3039795,-0.06602051,0.20397949,0.2639795,1.3539795,3.7939794,1.5639795,3.2439795,2.7939794,3.6839795,3.2039795,2.1439795,1.6439795,2.2739794,2.7739794,0.6239795,-1.8060205,0.3039795,0.3239795,2.0539794,-0.4360205,-1.7060205
3.2139795,2.5639794,2.3439796,2.1539795,1.6539795,0.9539795,0.4139795,-0.2060205,0.16397949,-0.4260205,-0.8860205,-1.0760205,-0.13602051,1.4539795,0.5539795,0.8039795,0.2939795,-0.5260205,2.0439794,1.8539795,0.73397946,1.0539795,1.1339794,2.4039795,3.0939796,3.4639795,3.7839794,2.6439795,1.6839795,1.6939795,1.7439795,3.3039794,1.8139795,1.8539795,0.6839795,0.6439795,1.2939795,0.22397949,-1.7060205,-3.2660205,-0.8160205
2.6839795,2.5739794,2.0239794,1.7839795,1.2839795,0.43397948,0.6339795,1.5439795,0.4739795,-0.1560205,-0.05602051,-0.5760205,0.023979492,1.7639794,0.3639795,0.09397949,1.2139795,1.3239795,2.6639795,1.7939795,0.6439795,0.2939795,1.2439795,2.0639794,1.2739795,1.9739795,3.2139795,1.7539794,3.1739795,3.5339794,4.1539793,4.2839794,2.6139796,2.4939795,2.5639794,1.8539795,1.6339794,-0.1260205,0.053979494,-0.6660205,-1.7460206
2.6839795,2.3739796,1.6139795,0.79397947,0.7139795,0.40397948,1.0439795,1.2639794,0.2339795,1.9039795,0.3139795,-1.4960206,1.3039795,0.7139795,-1.6060205,0.5639795,1.6339794,1.6739795,2.1739795,1.8239795,1.4439795,1.2439795,1.7339795,1.7039795,2.9739795,3.0039794,1.8639795,1.5339795,1.8839794,3.2039795,3.6339796,5.2039795,4.4239793,3.7139795,2.8539796,2.5439794,1.9939795,1.4439795,0.7539795,0.6239795,-1.6760205
2.4639795,2.1339796,0.9139795,0.9339795,0.79397947,0.6939795,1.5239795,1.1439795,1.3839794,2.8239794,1.4039795,0.79397947,-0.51602054,-1.6760205,-1.0560205,-0.9960205,0.2339795,0.2539795,1.0139794,2.7239795,2.4839795,2.0339794,3.0039794,3.3239794,3.4939795,2.2839794,0.7639795,1.7639794,2.9539795,3.1139796,4.0939794,4.3639793,5.1539793,5.3439794,4.0639796,2.9139795,2.7339795,1.7039795,-0.34602052,1.8839794,0.1839795
2.0139794,1.4539795,1.2939795,0.79397947,0.8139795,1.5739795,0.7439795,2.0239794,1.8239795,2.4739795,1.5539795,1.7939795,0.5939795,-0.6060205,-0.5360205,-1.5860205,-2.2460206,-0.8860205,-0.4960205,0.19397949,0.3539795,1.3339795,3.0939796,4.9039793,5.3139796,2.9339795,2.5939796,2.9639795,3.3139794,3.1639795,5.3139796,2.6539795,4.5839796,5.8839793,5.8939795,4.4639797,5.3039794,2.8539796,2.7339795,0.4539795,1.8239795
