wind.json
{"header": {"discipline":0,"disciplineName":"Meteorological products","gribEdition":2,"gribLength":1125,"center":7,"centerName":"US National Weather Service - NCEP(WMC)","subcenter":0,"refTime":"2023-06-27T06:00:00.000Z","significanceOfRT":1,"significanceOfRTName":"Start of forecast","productStatus":0,"productStatusName":"Operational products","productType":1,"productTypeName":"Forecast products","productDefinitionTemplate":0,"productDefinitionTemplateName":"Analysis/forecast at horizontal level/layer at a point in time","parameterCategory":2,"parameterCategoryName":"UnknownDiscipline_0_Category_2","parameterNumber":3,"parameterNumberName":"UnknownParameter_D0_C2_3","parameterUnit":"Unknown","genProcessType":2,"genProcessTypeName":"Forecast","forecastTime":180,"surface1Type":103,"surface1TypeName":"Specified height level above ground","surface1Value":10.0,"surface2Type":255,"surface2TypeName":"Missing","surface2Value":0.0,"gridDefinitionTemplate":0,"gridDefinitionTemplateName":"Latitude_Longitude","numberPoints":688,"shape":6,"shapeName":"Earth spherical with radius of 6,371,229.0 m","gridUnits":"degrees","resolution":48,"winds":"true","scanMode":64,"nx":43,"ny":16,"basicAngle":0,"lo1":45.0,"la1":40.0,"lo2":87.0,"la2":55.0,"dx":1.0,"dy":1.0}, "data":
[rows 0 to 15 of 16, columns 0 to 42 of 43]
-4.2830176,2.5269823,2.7569823,2.6769824,-0.34301758,-1.2330176,-4.5030174,-4.9530177,-7.5130177,-1.0930176,-1.5330176,-2.4430175,-2.9630175,-3.0330176,-3.0830176,-3.3730175,-4.1530175,-5.5030174,-4.9530177,-3.1130176,-2.6230175,-1.9730176,-4.5530176,2.7469823,2.5269823,2.4269824,1.4569824,0.25698242,0.42698243,-1.1030176,-1.7530175,-4.5830173,-5.2930174,-1.2630175,-0.5630176,-1.4330176,-3.9430175,-5.7230177,-7.5930176,-1.6630176,-0.6330176,-1.3130176,-3.9330175
1.2669824,-0.8930176,3.8069825,-3.4330175,2.0269823,0.14698242,-4.3030176,-8.403018,-5.7530174,-2.3930175,-2.8330176,-3.2230177,-2.3830175,-3.3930175,-6.0130177,-6.853018,-7.7230177,-7.0130177,-8.703017,-3.9830177,-4.4230175,0.5269824,-0.31301758,-0.47301757,-3.1330175,-0.9630176,-2.4530175,1.6169825,-0.3930176,2.4269824,-1.0130175,-1.1230175,-2.6730175,-2.5030177,-0.31301758,-1.8630176,-3.8230176,-4.4930177,-7.7830176,-6.4430175,0.026982421,-3.7730176,-2.9430175
-0.8430176,-3.8930175,2.0669825,1.4969825,0.31698242,0.6569824,-3.7430177,-5.3130174,-4.3430176,-1.3530176,-3.9430175,-1.6730176,-3.5730176,-1.8730175,-3.4830177,-5.1930175,-7.103018,-6.5530176,-9.273018,-4.4930177,-5.9030175,-5.353018,0.106982425,2.3769825,0.50698245,0.046982422,-2.5930176,-3.6630175,-3.7430177,-1.2130176,-0.8930176,0.42698243,1.1169825,-1.2930176,-2.5830176,-3.8130176,-4.9930177,-10.223018,-7.3030176,-9.933018,-4.2530174,-4.4830174,1.1769824
2.6469824,3.0969825,2.3369825,2.7369823,1.1169825,-3.3930175,-4.9730177,-4.5430174,-1.1530175,-2.8530176,-2.5330176,-4.6130176,1.3669825,-1.4730176,-2.8030176,-3.5730176,-2.8830175,-3.4130175,-4.4730177,-3.6930175,-3.8430176,-4.7230177,-4.5030174,2.1369824,1.9869825,0.6569824,2.3669825,3.1469824,2.6569824,1.7869824,-0.9630176,3.5169823,1.8769825,1.5569824,2.8869824,-1.8830175,-1.0330176,1.6669824,-0.4530176,-0.9530176,-3.2130175,-2.3930175,0.5569824
2.6669824,0.9369824,-0.28301758,0.39698243,-1.2630175,-3.3630176,-6.7230177,0.09698242,-4.3830175,-0.29301757,-3.9730177,-4.1730175,0.8569824,0.06698242,-2.7430177,-4.3430176,-4.4430175,-4.6130176,-2.6430175,-2.0930176,-4.393018,-4.0630174,-3.9330175,-1.7530175,0.82698244,-2.4930177,-3.0230176,-2.7230177,-2.1730175,0.23698242,3.5069823,4.5169826,1.8169824,-3.6730175,-0.87301755,-0.5730176,-0.7730176,-0.3030176,2.9769824,3.2469823,2.0869825,-2.2630177,-1.0230175
1.4669824,2.0069823,0.81698245,0.51698244,-0.41301757,-2.1330175,-3.4330175,-3.9030175,-5.393018,-6.2130175,-2.4030175,-3.7030175,-4.643018,1.8669825,-0.19301757,-2.1830175,-4.8430176,-5.0530176,-4.5530176,-3.3730175,-4.4930177,-4.1730175,-4.103018,-2.3030176,-3.4630175,-4.1530175,-2.2430177,-1.5930176,-1.1730176,-1.8630176,-1.6730176,3.8169825,3.7669823,2.7269824,3.0569825,1.4269824,-0.73301756,0.05698242,3.3869824,-1.9030175,-0.3630176,1.0869824,-4.1330175
2.3669825,3.8369825,2.9269824,1.6869824,-0.043017577,-1.6830176,-2.8130176,-3.8630176,-3.6330175,-3.9830177,-4.9130177,-4.6930175,-2.9630175,-5.3630176,-4.5030174,0.08698242,-1.7830176,-1.9430176,-2.4430175,-3.4130175,-5.143018,-5.3130174,-4.893018,-3.1630175,-3.5430176,0.5869824,-1.0030175,-1.8030176,-2.4330175,-5.2930174,1.9169824,0.5469824,2.9669824,3.8069825,4.3269825,1.2469825,3.7969825,-3.6730175,1.0169824,-0.16301757,-1.7430176,-2.1430175,-4.0430174
-0.4530176,3.1869824,4.6769824,4.1569824,3.0069823,2.6069825,0.7469824,0.36698243,-2.1830175,0.19698243,-1.6130176,-4.0130177,-4.5830173,-6.4630175,-5.4630175,-4.2230177,-3.0430176,-4.9130177,-3.2630177,-3.9930177,-6.1930175,-3.8330176,-3.2930176,-5.1330175,-7.3130174,-2.3030176,-2.1330175,-3.3530176,-2.6130176,-1.3730175,-3.5130177,-2.8130176,2.5869825,-0.47301757,0.07698242,-0.5330176,0.046982422,-2.0630176,-2.0130177,-0.5330176,-1.0530176,-2.3930175,-6.0930176
-3.5030177,1.1569824,-0.67301756,-0.20301758,0.06698242,0.62698245,1.1069825,-1.3730175,-3.4830177,-2.9830177,-2.5630176,-4.4130177,-3.7830176,-5.4830174,-7.5430174,-6.7730174,-4.9830174,-3.0330176,-3.8430176,-4.4230175,-5.873018,-3.3730175,-3.8730175,-4.2830176,-5.1530175,-4.873018,-4.0330176,-3.2730176,-2.8830175,-3.1030176,-2.4330175,-4.2530174,-2.8230176,-1.2530175,1.8769825,0.39698243,2.0869825,1.8569825,0.39698243,0.08698242,-0.14301758,-0.7130176,-0.7730176
-5.393018,-5.4930177,-6.4130177,-8.063018,-1.6930176,-2.4330175,-0.5330176,0.5469824,-1.3830175,-3.2230177,-2.4130175,-3.5430176,-3.9530175,-3.6130176,-4.7330174,-6.3030176,-4.3130174,-2.8930175,-3.6430175,-3.7530177,-4.5830173,-4.103018,-2.3530176,-3.4530175,-3.8030176,-4.8030176,-3.6430175,-2.9130175,-2.5630176,-2.5230176,-2.7130175,-2.5530176,-6.6730175,-3.3330176,-3.1030176,-3.0230176,-0.29301757,-0.29301757,-3.1630175,1.4169824,2.4469824,-0.3330176,-1.0330176
0.8469824,-4.5630174,-9.643018,-8.103018,-2.7830176,-2.6130176,2.1969824,1.0169824,-1.4930176,-2.1030176,-1.7430176,-2.1730175,-3.4330175,-3.6530175,-4.6830177,-4.6730175,-4.0230174,-2.3430176,-2.7030175,-2.8230176,-2.7630177,-2.1630175,-2.5830176,-2.9630175,-2.9830177,-3.2430177,-3.7430177,-3.0330176,-2.7930176,-2.7730176,-2.8230176,-4.7630177,-5.7130175,-3.8330176,-5.0730176,-3.5330176,-2.5630176,-0.40301758,1.5969825,-2.5130177,-0.3930176,3.5569825,1.6869824
-2.9630175,-0.7730176,-0.15301758,-6.2330174,-7.123018,-5.0930176,-2.5730176,-4.8030176,0.87698245,1.2069824,-1.4630176,-2.7030175,-1.3830175,-1.9630176,-3.4530175,-3.7230177,-1.8930175,-0.74301755,-1.6030176,-2.0230176,-2.4630175,-2.0030177,-3.0430176,-2.7630177,-2.0630176,-2.4230175,-3.4230175,-3.8730175,-5.2930174,-4.6730175,-4.2730174,-1.5530176,-3.4630175,-5.9430175,-7.2230177,-5.9830174,-4.873018,-4.0430174,-1.3830175,1.6369824,0.4769824,-0.22301757,-0.48301756
-2.1530175,-2.4030175,-1.5230175,0.7269824,2.8469825,0.9869824,-2.6830175,-2.5230176,-0.3030176,-0.92301756,-0.7530176,-1.0030175,-0.55301756,-2.0630176,-2.0730176,-4.8830175,-3.0030177,0.09698242,-0.4530176,-0.79301757,-1.4130176,-1.7630175,-1.2230176,-2.3830175,-2.3230176,-2.6030176,-2.3930175,-3.8230176,-4.2030177,-5.123018,-6.0330176,-5.1930175,-3.4130175,-4.0030174,-4.103018,-4.1130176,-4.0430174,-4.7830176,-2.9930177,0.8369824,2.2969825,2.0969825,1.1869824
-1.9730176,-2.4430175,-1.6730176,-0.5330176,0.5369824,-0.34301758,1.1369824,0.16698243,1.3669825,-1.0530176,-0.38301757,-0.7230176,0.07698242,-0.86301756,-2.5830176,-1.9930176,-5.0230174,1.2669824,0.64698243,1.1169825,0.13698243,-0.7830176,0.17698242,0.026982421,-0.5930176,-0.18301758,-1.4530176,-2.8730175,-4.0030174,-4.5230174,-4.5830173,-4.8130174,-3.9830177,-4.0030174,-4.3430176,-4.0630174,-3.5030177,-5.1930175,-6.0730176,-3.2130175,-2.7130175,-1.4730176,-1.0930176
-1.2630175,-0.5730176,-1.7530175,-2.7630177,-3.6230175,-0.85301757,-0.6530176,-1.0730176,-1.1530175,0.76698244,0.5369824,1.0769824,1.5369824,0.27698243,0.21698242,1.4769825,-0.5130176,-4.2730174,0.9069824,1.3069824,0.9969824,0.46698242,-0.49301758,-0.16301757,-0.32301757,-0.22301757,-1.2530175,-2.8930175,-4.873018,-4.2730174,-3.7730176,-3.8030176,-4.2930174,-3.6430175,-3.7030175,-3.8530176,-2.8830175,-0.5030176,-1.1230175,-2.8830175,-3.4930177,-2.1530175,-2.7730176
-1.3130176,-1.2130176,-0.55301756,-1.6630176,-2.2230177,-2.1730175,-0.8930176,0.106982425,0.12698242,0.28698242,1.7569824,0.08698242,1.7669824,1.7069824,2.2269824,-0.38301757,1.5669824,-1.3130176,2.0969825,1.8669825,1.5969825,0.63698244,-0.26301757,0.76698244,0.09698242,0.06698242,-0.5030176,-1.6530175,-2.7830176,-3.5930176,-3.8030176,-3.8430176,-4.0430174,-3.8630176,-3.7130175,-4.4130177,-4.2830176,-3.9930177,-3.1630175,-2.6330175,-2.6830175,-3.2630177,-1.9830176
