wind_kz.json
{"header": {"discipline":0,"disciplineName":"Meteorological products","gribEdition":2,"gribLength":871,"center":7,"centerName":"US National Weather Service - NCEP(WMC)","subcenter":0,"refTime":"2023-08-22T18:00:00.000Z","significanceOfRT":1,"significanceOfRTName":"Start of forecast","productStatus":0,"productStatusName":"Operational products","productType":1,"productTypeName":"Forecast products","productDefinitionTemplate":0,"productDefinitionTemplateName":"Analysis/forecast at horizontal level/layer at a point in time","parameterCategory":0,"parameterCategoryName":"UnknownDiscipline_0_Category_0","parameterNumber":0,"parameterNumberName":"UnknownParameter_D0_C0_0","parameterUnit":"Unknown","genProcessType":2,"genProcessTypeName":"Forecast","forecastTime":0,"surface1Type":1,"surface1TypeName":"Ground or water surface","surface1Value":0.0,"surface2Type":255,"surface2TypeName":"Missing","surface2Value":0.0,"gridDefinitionTemplate":0,"gridDefinitionTemplateName":"Latitude_Longitude","numberPoints":615,"shape":6,"shapeName":"Earth spherical with radius of 6,371,229.0 m","gridUnits":"degrees","resolution":48,"winds":"true","scanMode":64,"nx":41,"ny":15,"basicAngle":0,"lo1":47.0,"la1":41.0,"lo2":87.0,"la2":55.0,"dx":1.0,"dy":1.0}, "data":
[rows 0 to 14 of 15, columns 0 to 40 of 41]
297.70966,288.50964,294.70966,300.00964,299.70966,298.70966,300.50964,304.30963,303.20966,304.80963,302.70966,303.30963,303.50964,303.30963,303.10965,300.50964,300.20966,301.70966,300.30963,302.00964,302.30963,298.10965,296.90964,291.60965,298.00964,296.20966,291.90964,277.80963,278.90964,280.40964,280.70966,284.30963,293.40964,300.20966,299.30963,300.40964,301.40964,301.60965,302.30963,301.40964,300.00964
277.00964,294.00964,299.80963,299.90964,299.80963,298.40964,302.70966,303.10965,303.40964,303.50964,304.10965,302.00964,300.80963,298.20966,297.80963,299.40964,299.60965,299.40964,298.10965,298.40964,298.90964,299.70966,297.00964,288.20966,280.00964,279.30963,287.00964,277.50964,281.40964,276.30963,284.70966,274.60965,284.50964,265.90964,281.50964,296.50964,296.30963,298.20966,303.40964,293.50964,284.20966
295.90964,299.60965,300.10965,300.20966,298.60965,299.70966,300.90964,302.40964,302.40964,305.20966,305.10965,303.00964,299.10965,299.90964,300.50964,296.20966,295.80963,297.70966,297.40964,297.80963,301.30963,298.90964,297.20966,296.80963,298.20966,295.40964,294.20966,293.20966,293.60965,282.60965,274.60965,279.40964,283.60965,282.40964,285.60965,288.20966,280.40964,281.50964,284.00964,278.40964,280.30963
295.70966,301.10965,300.70966,299.40964,297.50964,299.60965,302.10965,301.40964,302.70966,302.60965,302.60965,300.40964,296.20966,295.40964,297.50964,296.50964,299.80963,298.40964,297.60965,296.80963,297.60965,293.90964,301.50964,299.80963,299.30963,300.70966,300.30963,296.10965,296.90964,297.50964,297.30963,295.10965,299.70966,294.10965,293.80963,290.10965,279.80963,280.00964,285.60965,292.20966,295.60965
301.10965,301.00964,301.20966,300.90964,300.40964,301.20966,300.90964,302.80963,303.40964,302.00964,303.30963,301.10965,296.50964,295.00964,292.30963,299.70966,301.10965,299.90964,297.60965,302.00964,301.70966,300.20966,299.90964,298.70966,296.90964,300.00964,299.80963,297.50964,295.90964,296.20966,300.00964,294.20966,284.10965,274.80963,285.50964,297.40964,298.00964,303.40964,301.00964,299.90964,299.50964
299.60965,297.30963,299.20966,300.30963,300.50964,299.80963,301.70966,303.00964,302.30963,303.40964,304.10965,301.70966,296.40964,295.40964,295.60965,297.70966,299.80963,300.60965,299.90964,301.70966,301.20966,301.10965,301.80963,300.20966,298.00964,297.10965,300.20966,293.90964,300.30963,301.00964,298.60965,299.10965,295.80963,292.70966,292.20966,294.40964,286.00964,292.10965,298.50964,299.20966,297.40964
301.30963,298.50964,302.40964,301.50964,301.30963,300.00964,299.60965,298.70966,300.40964,302.10965,300.60965,301.70966,300.20966,301.20966,301.50964,300.00964,300.90964,303.30963,301.50964,302.10965,298.50964,300.20966,299.90964,298.70966,297.10965,298.40964,297.90964,301.50964,298.10965,298.20966,297.70966,297.90964,298.60965,299.20966,295.90964,295.50964,291.10965,286.40964,280.40964,281.60965,294.40964
299.40964,299.00964,300.10965,300.00964,303.20966,303.20966,299.90964,300.70966,299.20966,299.40964,298.20966,298.80963,297.90964,299.80963,301.90964,303.70966,299.60965,300.60965,300.50964,297.20966,296.70966,298.40964,299.30963,300.60965,295.60965,292.80963,293.40964,294.30963,292.60965,294.80963,293.80963,294.60965,294.60965,293.60965,293.70966,295.10965,294.60965,289.30963,294.60965,293.30963,286.60965
295.90964,296.00964,296.30963,296.80963,298.60965,299.00964,296.40964,298.60965,297.40964,297.80963,295.50964,293.50964,293.80963,296.90964,299.30963,302.40964,301.00964,299.20966,298.30963,296.20966,292.70966,294.50964,297.10965,295.60965,292.60965,293.70966,289.40964,289.10965,288.60965,287.10965,292.30963,291.70966,292.90964,294.80963,293.70966,293.30963,291.60965,289.00964,278.20966,278.50964,276.20966
291.40964,293.40964,293.50964,293.70966,294.80963,297.10965,296.30963,294.60965,294.50964,294.90964,294.10965,293.30963,295.90964,296.50964,298.40964,297.20966,298.30963,298.70966,299.00964,301.40964,296.40964,296.20966,296.20966,295.40964,294.20966,291.80963,291.90964,291.40964,290.70966,290.20966,289.60965,292.20966,294.10965,294.10965,292.60965,293.30963,288.10965,286.80963,278.40964,276.80963,277.20966
289.00964,292.10965,288.10965,289.90964,290.30963,291.60965,294.50964,293.30963,292.60965,292.20966,291.90964,292.40964,294.50964,291.20966,295.80963,293.50964,294.90964,297.20966,295.90964,295.20966,295.20966,295.50964,293.70966,293.00964,291.80963,291.70966,289.40964,291.90964,292.00964,293.20966,294.00964,295.00964,294.80963,293.90964,292.70966,289.60965,287.90964,284.00964,280.50964,283.30963,279.80963
284.90964,286.60965,290.30963,289.30963,288.90964,289.00964,288.90964,290.80963,291.00964,291.50964,288.80963,291.10965,291.20966,290.70966,291.70966,291.90964,293.10965,294.20966,292.20966,293.00964,291.90964,290.90964,291.20966,291.20966,289.80963,291.40964,292.60965,293.30963,293.70966,293.10965,291.50964,293.00964,294.50964,291.60965,291.20966,289.70966,289.20966,288.50964,287.70966,287.30963,286.00964
288.80963,288.10965,285.00964,284.80963,286.40964,286.80963,287.80963,289.20966,288.00964,287.40964,288.00964,287.00964,290.10965,288.10965,288.30963,288.80963,289.50964,291.70966,290.90964,289.60965,290.10965,288.40964,286.80963,289.00964,288.50964,290.70966,293.00964,292.20966,292.50964,290.70966,291.60965,291.30963,291.30963,293.80963,290.80963,289.20966,288.10965,287.70966,285.70966,286.60965,286.80963
282.80963,284.30963,288.00964,284.80963,283.10965,282.40964,285.80963,285.40964,285.50964,287.50964,284.90964,284.20966,287.00964,286.30963,288.20966,286.80963,287.80963,288.00964,290.10965,290.00964,289.80963,288.10965,287.90964,288.10965,288.30963,288.80963,289.10965,289.10965,288.80963,289.50964,289.60965,288.80963,289.80963,289.10965,287.50964,286.50964,286.70966,285.50964,285.00964,285.90964,285.80963
283.30963,285.00964,291.40964,283.40964,284.00964,283.10965,283.50964,283.30963,285.10965,284.10965,285.00964,285.00964,284.80963,285.50964,286.60965,288.00964,288.80963,285.30963,285.80963,285.20966,285.90964,285.80963,285.70966,285.60965,286.20966,286.20966,285.50964,285.70966,286.20966,285.90964,287.60965,286.60965,288.00964,288.70966,287.30963,286.20966,286.20966,285.60965,285.00964,284.50964,284.90964
