wind_kz.json
{"header": {"discipline":0,"disciplineName":"Meteorological products","gribEdition":2,"gribLength":1025,"center":7,"centerName":"US National Weather Service - NCEP(WMC)","subcenter":0,"refTime":"2024-03-19T12:00:00.000Z","significanceOfRT":1,"significanceOfRTName":"Start of forecast","productStatus":0,"productStatusName":"Operational products","productType":1,"productTypeName":"Forecast products","productDefinitionTemplate":0,"productDefinitionTemplateName":"Analysis/forecast at horizontal level/layer at a point in time","parameterCategory":2,"parameterCategoryName":"UnknownDiscipline_0_Category_2","parameterNumber":2,"parameterNumberName":"UnknownParameter_D0_C2_2","parameterUnit":"Unknown","genProcessType":2,"genProcessTypeName":"Forecast","forecastTime":240,"surface1Type":103,"surface1TypeName":"Specified height level above ground","surface1Value":10.0,"surface2Type":255,"surface2TypeName":"Missing","surface2Value":0.0,"gridDefinitionTemplate":0,"gridDefinitionTemplateName":"Latitude_Longitude","numberPoints":615,"shape":6,"shapeName":"Earth spherical with radius of 6,371,229.0 m","gridUnits":"degrees","resolution":48,"winds":"true","scanMode":64,"nx":41,"ny":15,"basicAngle":0,"lo1":47.0,"la1":41.0,"lo2":87.0,"la2":55.0,"dx":1.0,"dy":1.0}, "data":
[rows 0 to 14 of 15, columns 0 to 40 of 41]
2.3637426,1.2637427,-2.5362573,-0.10625733,3.3337426,4.6837425,6.2237425,6.6437426,3.0837426,1.4437426,8.203743,6.6637425,2.6937428,4.903743,3.7037427,0.8237427,-0.006257324,-2.1362574,-0.8462573,-4.8362575,-3.0862572,-0.4262573,1.8437427,2.9637427,-0.52625734,1.0337427,2.1837428,0.063742675,-0.31625733,0.59374267,-0.17625733,0.9537427,-1.7262573,-1.5662574,2.1137426,0.6337427,3.4337428,4.323743,3.4937427,3.2637427,1.5537426
1.2437427,-3.2362573,-0.08625732,1.9237427,3.7537427,4.7637424,5.4737425,0.7437427,3.1337426,4.1437426,5.8737426,7.0637426,6.4337425,5.2337427,4.4637427,3.2537427,-0.21625732,2.1837428,-0.5062573,-1.2862573,-2.2262573,0.41374266,1.5137427,0.47374266,0.24374267,0.34374267,-0.25625733,0.013742676,-1.9962573,-1.1462573,0.14374268,-0.31625733,0.44374266,-1.3662573,0.14374268,2.0037427,3.3237426,3.4237428,1.4537426,-0.90625733,-1.5862573
-2.1662574,-2.0262573,1.0837426,1.6337427,5.2537427,4.9537425,3.0437427,3.0637426,4.3737426,4.3537426,4.2437425,5.133743,6.4437428,5.1937428,5.3737426,3.2337427,2.0937426,3.2037427,-1.2562573,-1.4162574,-0.24625732,1.9737427,3.1837428,-1.9762573,0.22374268,-0.9162573,-0.76625735,0.86374265,3.9837427,0.103742674,-0.036257323,-2.3662574,-0.30625734,0.043742675,0.053742677,0.3237427,0.43374267,0.79374266,4.7237425,2.7537427,-0.8562573
-2.1662574,-1.0962573,1.3337426,1.8137426,3.3937426,2.5137427,2.4737427,4.3937426,2.6037426,5.5837426,5.053743,4.863743,2.8937426,0.0037426758,3.5937426,2.6137426,3.1637428,2.4137428,2.0937426,0.49374267,-0.31625733,-1.5862573,2.7837427,0.13374268,0.42374268,-0.22625732,0.43374267,2.6437426,0.45374268,2.3737426,2.8137426,3.3237426,5.033743,2.7337427,2.3637426,2.2637427,-1.0862573,2.0137427,-1.1162573,-0.6762573,-0.8462573
0.6937427,1.0537426,1.2537427,1.7537427,2.6037426,3.5437427,4.5637426,6.7037425,4.843743,0.66374266,0.19374268,1.5937427,-2.6162574,1.2537427,1.7537427,2.6637428,0.9037427,1.4937427,3.0337427,0.3537427,1.2037426,1.9037427,3.6137426,3.9937427,3.0737426,1.7137427,1.0337427,0.41374266,3.7437427,2.2137427,3.1237426,3.5537426,0.23374267,1.8437427,-1.2962574,-0.8162573,0.7437427,-0.9262573,-1.3362573,-1.0262573,0.72374266
0.6937427,0.6537427,-0.9762573,2.4337428,3.2337427,4.593743,4.7737427,-3.5962572,-1.5662574,-0.65625733,-2.6262574,-5.2062573,-3.0062573,-1.7962574,2.2137427,4.803743,2.6037426,2.9137428,3.2437427,1.4737427,2.9037428,3.6037426,4.553743,3.4737427,2.4137428,2.4737427,0.49374267,-1.5162573,0.6837427,0.49374267,-0.27625734,3.7837427,2.4037428,2.9337428,0.24374267,1.0937427,1.5237427,1.6237427,-2.5662572,-0.37625733,-0.44625732
-0.82625735,-1.1162573,0.103742674,0.063742675,-0.5362573,-0.6762573,-0.7862573,-4.366257,-3.7162573,-3.0362573,-5.5562572,-5.346257,-3.6762574,-1.9462574,1.8837427,6.153743,3.0937426,3.9137428,2.5137427,2.3537426,3.1837428,5.1237426,4.033743,3.3137426,-1.2062573,-1.0962573,1.1037427,1.2137427,-0.64625734,0.92374265,0.6437427,-1.0862573,-1.7262573,-1.3362573,-1.4262574,-1.3662573,-1.4862573,0.8737427,-0.7462573,0.07374267,-0.64625734
-2.3662574,-1.9962573,-1.0262573,-1.6462573,-2.5462573,-2.0862572,-2.6562574,-5.946257,-2.6862574,-5.906257,-3.7162573,-4.2562575,-3.4462574,-2.2262573,0.7537427,2.0237427,2.8737426,2.6737428,2.8937426,4.343743,3.5437427,4.0037427,2.9637427,3.3937426,3.4737427,2.6037426,0.72374266,0.12374268,1.7437427,-0.09625732,-0.8562573,1.2537427,-0.09625732,-0.28625733,-1.6662574,-0.12625733,1.5437427,3.2437427,3.1337426,1.2437427,-0.3962573
-3.1262574,-2.9662573,-2.4862573,-2.0662572,-3.6762574,-3.3662574,-3.3162572,-5.5062575,-5.1462574,-3.7062573,-4.2562575,-4.4562573,-4.826257,-1.8362573,-1.1762574,-0.8662573,0.19374268,1.9037427,2.6737428,3.6637428,4.5437427,2.9037428,3.1137426,0.66374266,1.6937426,1.7537427,0.0037426758,1.2337427,1.5337427,0.9637427,0.3237427,0.5837427,0.41374266,-0.29625732,-2.1362574,-1.0662574,0.3837427,-2.0462573,-1.1662574,1.3937427,-0.83625734
-3.2662573,-3.5662572,-3.1962574,-3.1962574,-3.3562574,-4.1462574,-4.2862573,-5.5062575,-4.0862575,-5.7862573,-5.3562574,-4.4362574,-3.5762572,-2.0262573,-2.5962572,-0.8062573,-1.3362573,-0.10625733,-1.0062573,-1.7662573,-0.8762573,0.5837427,-1.5362573,-1.2062573,0.12374268,1.7937427,3.5137427,2.4337428,1.0837426,1.3737427,0.67374265,0.033742677,0.013742676,-0.63625735,-1.5862573,-0.43625733,-2.0862572,-0.5562573,-0.7362573,0.98374265,-0.31625733
-2.4362574,-3.2762573,-3.6262574,-3.7862573,-3.6762574,-3.6862574,-4.406257,-4.696257,-4.406257,-4.076257,-3.8162572,-5.1462574,-2.9662573,-3.3862574,-2.4762573,-2.2762573,-2.1762574,-1.0862573,-2.5462573,-3.3362572,-2.5562572,-2.1662574,-1.9362574,-0.88625735,-0.7562573,-0.026257325,1.0537426,1.2037426,-0.056257322,-1.2362573,-0.88625735,-0.4862573,1.5937427,1.2537427,-1.7662573,-1.6462573,-1.2462573,1.3037426,0.6537427,0.9337427,-0.14625733
-1.8662573,-2.1662574,-2.7062573,-3.4062574,-3.3362572,-3.3362572,-2.7962573,-2.6662574,-2.1962574,-0.7562573,-2.9462574,-3.6662574,-2.8162572,-3.8462572,-2.7662573,-2.4762573,-1.3862573,-2.1462574,-2.5762572,-2.1462574,-2.2362573,-1.8162574,-1.4662573,-0.63625735,0.6937427,2.1137426,0.84374267,-0.076257326,0.08374268,0.45374268,1.6737427,0.5737427,2.4337428,-0.96625733,0.72374266,1.1437427,1.9137427,2.4037428,0.37374267,-0.7262573,-0.31625733
0.67374265,-0.6862573,-1.1962574,-1.5562574,-2.4162574,-3.1162574,-2.1462574,-0.40625733,-3.2462573,0.053742677,-1.3462573,-2.8962574,-1.0162573,-3.0462573,-1.5162573,-1.5362573,-1.2562573,-2.4562573,-1.9962573,-1.9662573,-1.3462573,0.6437427,-0.24625732,1.1937426,0.3837427,1.7937427,2.3737426,1.5537426,1.7837427,2.2437427,0.30374268,0.7737427,-0.44625732,-0.10625733,1.0937427,1.5837426,2.0237427,1.5637426,0.6237427,-0.006257324,0.11374268
0.67374265,-0.9962573,0.22374268,-0.036257323,-1.0362573,-2.0662572,-1.9462574,-2.5862572,-2.6362574,-2.2662573,-0.8462573,-0.51625735,-2.1862574,-0.12625733,-0.8162573,-0.22625732,0.33374268,1.1037427,0.72374266,1.4837427,1.7537427,2.2737427,2.4537427,2.6037426,2.3937426,2.2337427,2.1837428,2.2837427,2.4037428,2.3637426,2.7637427,2.7437427,2.3137426,2.4637427,2.6837428,3.2137427,2.4337428,1.9137427,1.5937427,1.8137426,2.3037426
1.2137427,1.5937427,0.42374268,1.2037426,-0.17625733,0.30374268,-1.2962574,-1.6162573,-1.3562573,-1.8862573,-0.47625732,-1.5362573,-0.24625732,-0.27625734,0.3537427,0.44374266,1.3937427,1.8137426,2.2037427,2.9137428,2.9037428,2.3537426,2.3037426,2.4937427,2.5337427,2.8637426,2.3137426,2.3437426,2.3037426,2.3737426,2.6137426,3.0337427,3.4137428,3.8937426,3.8437426,4.1237426,3.0837426,4.303743,4.053743,2.6537428,2.2537427
