wind_kz.json
{"header": {"discipline":0,"disciplineName":"Meteorological products","gribEdition":2,"gribLength":1025,"center":7,"centerName":"US National Weather Service - NCEP(WMC)","subcenter":0,"refTime":"2023-10-03T06:00:00.000Z","significanceOfRT":1,"significanceOfRTName":"Start of forecast","productStatus":0,"productStatusName":"Operational products","productType":1,"productTypeName":"Forecast products","productDefinitionTemplate":0,"productDefinitionTemplateName":"Analysis/forecast at horizontal level/layer at a point in time","parameterCategory":2,"parameterCategoryName":"UnknownDiscipline_0_Category_2","parameterNumber":2,"parameterNumberName":"UnknownParameter_D0_C2_2","parameterUnit":"Unknown","genProcessType":2,"genProcessTypeName":"Forecast","forecastTime":300,"surface1Type":103,"surface1TypeName":"Specified height level above ground","surface1Value":10.0,"surface2Type":255,"surface2TypeName":"Missing","surface2Value":0.0,"gridDefinitionTemplate":0,"gridDefinitionTemplateName":"Latitude_Longitude","numberPoints":615,"shape":6,"shapeName":"Earth spherical with radius of 6,371,229.0 m","gridUnits":"degrees","resolution":48,"winds":"true","scanMode":64,"nx":41,"ny":15,"basicAngle":0,"lo1":47.0,"la1":41.0,"lo2":87.0,"la2":55.0,"dx":1.0,"dy":1.0}, "data":
[rows 0 to 14 of 15, columns 0 to 40 of 41]
-2.8779101,0.25208986,-0.68791014,-0.84791017,-0.53791016,-0.057910156,0.6120899,2.4420898,1.6720898,1.7120899,1.7020898,1.7820898,2.4320898,3.4220898,3.4420898,1.9220898,-0.69791013,1.0320898,-1.3679101,1.0420898,-0.91791016,-1.3979101,-1.7779101,-2.5879102,0.23208985,-1.1579101,-3.2879102,1.5920899,1.1520898,1.4120898,2.1120899,2.4120898,0.96208984,0.89208984,0.08208984,2.1820898,1.4820899,2.8720899,2.7020898,2.57209,1.7020898
2.6220899,0.69208986,1.2020898,2.6520898,2.83209,3.81209,3.1920898,2.7320898,4.72209,4.2820897,4.75209,4.06209,3.8720899,2.4620898,3.02209,0.56208986,0.74208987,-0.60791016,0.19208984,0.29208985,-0.6379101,-1.8979101,-1.4979101,-2.19791,0.9820898,0.6720898,-0.85791016,1.7420899,0.82208985,0.13208984,-1.4979101,0.42208984,2.4520898,-0.98791015,0.57208985,0.19208984,1.2620898,0.89208984,1.2720898,1.9420898,1.7520899
0.63208985,2.57209,3.08209,5.91209,7.04209,3.31209,3.4520898,5.97209,4.66209,5.0120897,3.6120899,5.21209,4.10209,3.82209,3.60209,3.4720898,0.96208984,2.08209,2.80209,3.04209,1.8920898,-1.7379102,-2.6179101,0.90208983,-0.54791015,-1.5679102,-2.6079102,-2.94791,-3.7679102,-0.057910156,-1.5679102,2.2020898,-0.98791015,1.6420898,2.07209,0.19208984,0.6620898,-0.80791014,5.62209,4.0320897,2.4820898
1.2920898,3.9420898,5.85209,7.0120897,5.5120897,5.5720897,5.5920897,6.2820897,6.29209,7.23209,7.9920897,5.54209,7.95209,7.64209,3.35209,2.4720898,3.3720899,3.29209,3.5120897,3.85209,1.4320898,0.7920898,-1.6079102,-0.85791016,0.93208987,-0.80791014,-1.3079102,-2.1279101,-0.16791016,-0.9579102,-2.2579103,-3.0479102,-3.3679101,-1.7079102,-2.4879103,-0.47791016,-0.38791016,3.1820898,0.25208986,-0.13791016,1.8920898
1.5120898,5.29209,6.47209,7.81209,8.36209,5.9920897,6.6120896,8.082089,7.94209,7.62209,8.72209,8.73209,10.27209,9.84209,9.68209,2.7120898,3.1920898,3.4520898,3.0120897,3.4020898,2.9120898,2.03209,-0.25791016,-2.5979102,-3.16791,-3.3079102,-4.07791,-3.17791,-3.72791,-3.1079102,-1.5779102,-1.0879102,-1.1879102,2.6720898,-0.047910158,0.07208984,4.37209,-1.7279102,-0.18791015,2.8820899,3.2620897
4.15209,2.7420897,6.3420897,8.77209,9.53209,11.32209,9.31209,7.42209,5.77209,7.5720897,7.90209,9.55209,10.13209,10.71209,8.17209,4.18209,2.54209,3.59209,3.0120897,1.7420899,2.6920898,1.4120898,-0.6479102,-3.3779101,-5.8879104,-5.9279103,-4.6979103,-7.3679104,-5.7379103,-5.29791,-4.53791,-3.8079102,-2.89791,-2.19791,-0.55791014,-1.1179101,1.0320898,1.9620899,9.67209,5.95209,-0.037910156
4.22209,4.56209,5.5320897,6.31209,7.91209,8.18209,9.31209,8.17209,9.57209,8.73209,8.52209,4.89209,7.9920897,6.2820897,3.81209,5.19209,2.9820898,3.0120897,0.45208985,0.62208986,1.9720899,1.6020899,-0.36791015,-2.7579103,-4.6179104,-5.84791,-3.69791,-3.7979102,-3.3579102,-3.3779101,-3.19791,-3.14791,-3.5979102,-2.3579102,1.2920898,-0.81791013,-1.0679102,0.75208986,0.56208986,-1.3979101,2.6420898
3.2120898,3.2020898,5.70209,7.81209,9.19209,9.94209,10.89209,10.22209,9.26209,7.65209,7.37209,7.0720897,5.48209,4.90209,3.56209,5.0520897,2.8820899,1.5620898,-0.73791015,-0.53791016,-0.7779102,-2.47791,-2.2779102,-3.5479102,-3.5779102,-2.0179102,-2.5479102,-2.3079102,-2.1179101,-2.5579102,-3.44791,-3.72791,-2.2679102,-1.6579101,-1.7679101,0.6020898,3.2320898,6.79209,4.93209,6.2620897,1.8020898
3.2220898,4.42209,5.91209,7.02209,8.11209,10.122089,11.042089,11.13209,8.31209,6.98209,6.00209,3.09209,6.47209,5.3620896,4.79209,8.90209,-0.017910156,-1.6979102,-1.5479102,-1.1879102,-2.21791,-2.3579102,-3.3279102,-3.5879102,-3.20791,-2.7579103,-1.3479102,-0.91791016,0.032089844,-0.94791013,-0.87791014,-1.1279101,-0.117910154,-0.8979102,-0.28791016,0.9120898,0.102089845,-0.53791016,0.58208984,0.31208983,-0.13791016
3.4820898,5.14209,5.89209,5.73209,6.42209,4.79209,5.54209,3.4020898,4.3620896,4.41209,5.54209,5.94209,2.6820898,2.29209,-2.90791,-5.78791,-2.5779102,-2.5679102,-2.5979102,-2.7679102,-3.22791,-3.1379101,-3.3079102,-3.6179101,-4.10791,-3.5579102,-2.0079103,-2.3179102,-1.5679102,-1.1479101,-1.3079102,-1.6579101,-0.36791015,0.7920898,0.96208984,1.1620898,0.83208984,0.55208987,1.4720899,0.6620898,0.63208985
3.7220898,3.9620898,4.3820896,3.9120898,1.8820899,2.0120897,0.90208983,-1.4879102,-2.39791,1.0420898,2.7220898,-2.43791,-6.52791,-4.52791,-3.43791,-2.65791,-1.6179101,-2.7779102,-4.05791,-3.8779101,-4.24791,-4.31791,-4.05791,-4.49791,-3.22791,-3.14791,-1.9979101,-1.0979102,-0.27791014,-1.4079101,-0.22791016,0.87208986,1.8420899,1.7520899,1.1920898,1.3920898,0.88208985,0.31208983,0.88208985,0.042089842,-0.117910154
2.58209,3.06209,2.3820899,2.0120897,0.65208983,1.4120898,-1.0379101,-2.1079102,-2.93791,-4.6579103,-5.54791,-4.22791,-4.2179103,-3.7879102,-2.14791,-3.2779102,-3.1379101,-2.8879101,-4.05791,-4.04791,-4.72791,-4.02791,-4.4879103,-3.3579102,-2.3779101,-1.7479101,-2.17791,-1.0679102,-0.38791016,0.0020898439,0.6020898,-0.32791016,-0.56791013,-0.44791016,0.94208986,1.9520898,2.0120897,1.0320898,0.37208983,-0.20791015,0.15208985
2.31209,3.27209,0.89208984,0.43208984,1.0520898,0.63208985,-1.7879101,-2.1279101,-3.6179101,-1.5079101,-1.2079102,-2.69791,-3.3679101,-3.45791,-1.5479102,-2.1279101,-0.61791015,-1.2779101,-4.8679104,-3.5679102,-3.9879103,-2.94791,-2.0879102,-2.2879102,-1.8579102,-2.5479102,-1.9279102,-1.0779102,-1.2979102,-0.7179102,-1.4679102,-0.91791016,-0.8279102,-1.4179101,-0.33791015,0.75208986,1.2320899,0.96208984,0.49208984,-0.21791016,0.34208983
2.09209,2.07209,0.47208986,0.18208985,0.50208986,-0.94791013,-1.6079102,-1.7079102,-1.2379102,-1.8679101,-0.73791015,-1.1979102,-1.2579101,-1.1779102,-3.0679102,-0.42791015,-2.7979102,-3.39791,-4.3879104,-3.97791,-3.66791,-2.90791,-2.40791,-2.42791,-2.5779102,-3.3079102,-2.2979102,-1.8379102,-1.6979102,-1.7079102,-0.84791017,-0.27791014,0.012089844,-0.66791016,-0.21791016,1.2520899,1.6020899,0.74208987,0.26208985,0.59208983,0.36208984
0.9820898,2.7220898,-0.28791016,-0.26791015,-0.34791017,-0.75791013,-1.1279101,-0.59791017,-0.60791016,-1.0779102,0.022089845,-1.1379101,-1.0879102,-0.81791013,-0.67791015,-1.9579102,-0.93791014,-2.5879102,-3.7679102,-3.66791,-3.2879102,-3.22791,-3.22791,-2.93791,-2.5979102,-2.0879102,-1.8779101,-1.7179102,-2.0679102,-1.7979102,-2.1279101,-2.0379102,-1.9979101,-1.4379102,-1.2779101,-0.59791017,-0.38791016,-1.9379102,-2.19791,-1.6279101,-0.16791016
