wind.json
{"header": {"discipline":0,"disciplineName":"Meteorological products","gribEdition":2,"gribLength":1039,"center":7,"centerName":"US National Weather Service - NCEP(WMC)","subcenter":0,"refTime":"2023-06-29T18:00:00.000Z","significanceOfRT":1,"significanceOfRTName":"Start of forecast","productStatus":0,"productStatusName":"Operational products","productType":1,"productTypeName":"Forecast products","productDefinitionTemplate":0,"productDefinitionTemplateName":"Analysis/forecast at horizontal level/layer at a point in time","parameterCategory":0,"parameterCategoryName":"UnknownDiscipline_0_Category_0","parameterNumber":0,"parameterNumberName":"UnknownParameter_D0_C0_0","parameterUnit":"Unknown","genProcessType":2,"genProcessTypeName":"Forecast","forecastTime":60,"surface1Type":1,"surface1TypeName":"Ground or water surface","surface1Value":0.0,"surface2Type":255,"surface2TypeName":"Missing","surface2Value":0.0,"gridDefinitionTemplate":0,"gridDefinitionTemplateName":"Latitude_Longitude","numberPoints":688,"shape":6,"shapeName":"Earth spherical with radius of 6,371,229.0 m","gridUnits":"degrees","resolution":48,"winds":"true","scanMode":64,"nx":43,"ny":16,"basicAngle":0,"lo1":45.0,"la1":40.0,"lo2":87.0,"la2":55.0,"dx":1.0,"dy":1.0}, "data":
[rows 0 to 15 of 16, columns 0 to 42 of 43]
293.11136,287.01135,304.41135,315.11136,318.31134,297.61136,296.91135,295.31134,316.61136,317.21136,318.61136,320.71136,319.91135,320.51135,320.81134,319.11136,311.41135,310.51135,314.31134,311.21136,322.81134,323.31134,322.71136,325.61136,323.11136,320.61136,317.61136,305.01135,305.21136,305.81134,308.01135,322.01135,319.61136,323.51135,330.81134,328.31134,324.01135,331.01135,328.01135,334.01135,334.41135,335.01135,334.11136
292.61136,306.01135,309.11136,293.31134,303.91135,296.41135,297.01135,295.41135,310.81134,319.21136,317.71136,318.21136,315.31134,316.81134,317.01135,317.91135,318.71136,316.21136,312.21136,314.81134,329.41135,327.31134,329.51135,325.51135,322.41135,319.31134,322.61136,327.81134,318.61136,299.11136,304.11136,301.21136,305.11136,301.91135,311.71136,319.11136,322.71136,322.31134,323.71136,325.41135,325.41135,327.61136,325.41135
294.71136,289.61136,287.41135,300.41135,296.11136,296.31134,296.11136,294.11136,318.01135,316.91135,315.21136,314.91135,315.01135,314.61136,314.91135,315.41135,311.11136,311.71136,314.31134,327.91135,330.21136,331.11136,333.91135,328.11136,325.01135,312.21136,301.01135,298.91135,303.41135,304.81134,300.71136,295.11136,299.61136,282.91135,309.31134,273.11136,275.01135,315.61136,317.41135,319.41135,326.21136,312.41135,286.41135
293.61136,296.81134,306.01135,296.91135,296.71136,296.51135,295.51135,312.91135,313.01135,314.61136,313.71136,313.11136,312.71136,313.11136,313.11136,315.71136,314.61136,315.81134,324.01135,328.21136,331.61136,337.01135,332.61136,329.61136,326.61136,318.61136,324.01135,323.51135,320.61136,320.01135,320.81134,301.01135,298.01135,296.71136,302.61136,302.71136,305.71136,301.01135,298.51135,296.41135,299.21136,293.61136,287.31134
304.41135,307.51135,307.81134,297.31134,297.41135,296.61136,299.61136,312.51135,313.41135,313.51135,314.51135,314.31134,313.01135,310.11136,294.51135,294.01135,313.11136,305.21136,318.81134,329.01135,332.21136,335.21136,325.01135,325.91135,320.21136,321.01135,323.81134,322.31134,324.61136,318.01135,318.71136,321.91135,322.61136,319.11136,322.71136,331.91135,330.81134,320.51135,296.71136,299.11136,300.41135,311.91135,316.31134
306.41135,307.61136,309.71136,298.21136,298.01135,298.61136,303.21136,310.71136,313.51135,315.31134,313.01135,313.31134,311.81134,312.21136,295.21136,294.61136,291.81134,304.71136,320.91135,323.21136,321.91135,322.11136,319.41135,323.21136,321.71136,321.11136,320.91135,321.51135,319.21136,312.51135,318.91135,318.31134,319.61136,318.01135,301.91135,297.81134,301.51135,313.11136,313.71136,324.91135,325.31134,318.21136,321.21136
304.81134,307.61136,308.41135,307.31134,298.51135,297.91135,297.61136,296.81134,313.71136,313.41135,312.81134,312.61136,313.31134,312.41135,296.41135,293.91135,301.91135,308.11136,322.01135,321.91135,318.11136,315.21136,320.21136,319.61136,321.91135,320.71136,319.21136,316.71136,318.21136,290.81134,318.81134,317.31134,315.91135,314.21136,316.41135,314.11136,309.61136,308.61136,304.01135,304.21136,323.11136,322.91135,316.21136
305.21136,307.41135,306.41135,306.01135,307.51135,308.11136,305.41135,308.61136,310.91135,310.71136,311.11136,309.41135,311.71136,311.11136,312.71136,316.11136,318.31134,310.31134,320.61136,316.71136,316.61136,317.91135,317.61136,317.71136,318.61136,317.71136,316.11136,315.51135,316.71136,319.21136,323.81134,324.01135,321.31134,318.91135,316.61136,317.31134,316.61136,314.71136,304.81134,301.51135,296.41135,299.21136,310.21136
305.71136,304.11136,306.01135,306.81134,307.01135,307.21136,307.51135,306.91135,308.41135,308.71136,307.01135,309.11136,309.41135,310.61136,313.91135,316.41135,304.91135,317.11136,320.21136,311.11136,316.71136,314.31134,315.81134,318.81134,318.71136,317.01135,316.31134,313.81134,313.61136,316.01135,314.21136,316.91135,314.01135,316.01135,312.41135,306.81134,309.11136,315.41135,315.41135,288.31134,308.91135,307.81134,303.91135
292.91135,304.01135,305.31134,306.71136,306.51135,305.51135,305.31134,305.91135,306.21136,305.01135,307.11136,307.21136,308.11136,309.01135,310.81134,315.21136,306.01135,306.21136,313.11136,317.71136,315.41135,313.11136,312.81134,314.81134,315.41135,316.01135,316.21136,315.61136,311.61136,309.61136,310.01135,309.21136,308.81134,308.41135,308.81134,308.81134,308.21136,303.81134,306.21136,303.31134,294.11136,290.61136,295.91135
300.51135,303.71136,303.91135,304.11136,303.91135,303.51135,301.81134,303.31134,303.41135,302.71136,305.91135,303.81134,305.41135,305.31134,305.71136,304.71136,300.51135,301.71136,311.81134,309.11136,314.61136,314.91135,313.81134,315.41135,316.01135,315.11136,313.71136,312.41135,311.21136,311.31134,306.51135,307.41135,308.51135,310.71136,311.61136,311.71136,307.61136,303.41135,296.91135,293.41135,296.71136,293.81134,284.61136
296.81134,295.21136,300.31134,301.11136,301.71136,300.81134,300.31134,301.61136,300.31134,296.51135,300.21136,300.71136,302.31134,302.61136,305.21136,295.41135,300.61136,299.51135,305.51135,311.91135,312.21136,310.41135,314.11136,312.91135,309.61136,310.21136,306.91135,306.91135,304.31134,309.71136,310.81134,312.11136,312.21136,311.81134,309.51135,305.51135,302.61136,300.21136,293.81134,294.71136,295.41135,295.01135,287.11136
295.81134,297.41135,298.81134,300.41135,301.51135,300.01135,299.21136,299.81134,296.71136,297.61136,299.41135,297.51135,298.71136,298.91135,302.21136,299.91135,297.91135,300.21136,304.31134,307.41135,307.01135,306.91135,306.91135,306.11136,305.31134,305.91135,304.31134,306.01135,307.31134,309.41135,310.21136,310.01135,306.81134,310.11136,309.51135,305.71136,302.41135,303.61136,299.81134,299.51135,295.51135,295.21136,295.11136
295.41135,295.21136,296.01135,297.41135,299.11136,298.61136,297.81134,297.41135,296.81134,297.51135,297.21136,296.41135,293.01135,294.71136,298.11136,294.41135,300.31134,295.31134,301.31134,303.31134,303.71136,302.01135,302.41135,300.71136,302.31134,303.11136,305.71136,306.61136,309.51135,307.31134,306.91135,306.51135,308.61136,307.61136,309.61136,303.71136,301.81134,298.91135,300.01135,298.91135,295.21136,294.31134,292.91135
293.21136,295.21136,297.01135,297.91135,293.91135,296.81134,296.31134,295.61136,292.41135,290.21136,291.51135,292.11136,289.91135,290.91135,294.81134,297.91135,297.51135,295.01135,299.91135,299.81134,301.01135,301.91135,302.31134,301.11136,303.31134,303.71136,303.41135,304.21136,303.31134,303.11136,302.61136,304.21136,305.61136,305.31134,303.71136,303.71136,300.91135,300.91135,298.61136,298.21136,296.71136,291.01135,292.91135
294.01135,295.11136,295.41135,297.21136,290.51135,296.31134,296.61136,297.01135,293.01135,290.21136,289.91135,288.41135,287.71136,288.71136,292.81134,297.51135,297.31134,299.51135,298.41135,299.91135,304.11136,300.81134,300.51135,300.11136,300.41135,299.61136,299.51135,299.81134,300.21136,299.91135,299.31134,297.81134,294.11136,291.21136,301.51135,296.21136,295.21136,300.51135,301.21136,295.51135,297.51135,296.21136,295.41135
