wind_kz.json
{"header": {"discipline":0,"disciplineName":"Meteorological products","gribEdition":2,"gribLength":1025,"center":7,"centerName":"US National Weather Service - NCEP(WMC)","subcenter":0,"refTime":"2023-10-05T12:00:00.000Z","significanceOfRT":1,"significanceOfRTName":"Start of forecast","productStatus":0,"productStatusName":"Operational products","productType":1,"productTypeName":"Forecast products","productDefinitionTemplate":0,"productDefinitionTemplateName":"Analysis/forecast at horizontal level/layer at a point in time","parameterCategory":2,"parameterCategoryName":"UnknownDiscipline_0_Category_2","parameterNumber":2,"parameterNumberName":"UnknownParameter_D0_C2_2","parameterUnit":"Unknown","genProcessType":2,"genProcessTypeName":"Forecast","forecastTime":120,"surface1Type":103,"surface1TypeName":"Specified height level above ground","surface1Value":10.0,"surface2Type":255,"surface2TypeName":"Missing","surface2Value":0.0,"gridDefinitionTemplate":0,"gridDefinitionTemplateName":"Latitude_Longitude","numberPoints":615,"shape":6,"shapeName":"Earth spherical with radius of 6,371,229.0 m","gridUnits":"degrees","resolution":48,"winds":"true","scanMode":64,"nx":41,"ny":15,"basicAngle":0,"lo1":47.0,"la1":41.0,"lo2":87.0,"la2":55.0,"dx":1.0,"dy":1.0}, "data":
[rows 0 to 14 of 15, columns 0 to 40 of 41]
3.86688,1.1368799,2.0168798,1.8368798,-1.1631202,-1.2931201,0.5368799,4.6068797,2.83688,4.30688,6.3168797,8.5768795,6.77688,3.62688,1.0568799,0.9868799,0.13687988,1.6768799,1.8068799,1.5368799,0.13687988,-2.5531201,-0.06312012,2.80688,1.0968798,2.2568798,1.9768798,1.5868798,-0.37312013,0.51687986,0.9968799,1.9568799,-1.2531201,1.9768798,1.1568799,1.2468799,3.10688,3.87688,3.9868798,3.9368799,3.4768798
1.1568799,0.63687986,2.88688,3.11688,1.0068799,-1.1131201,-0.5031201,0.7268799,2.0168798,2.6868799,3.7968798,6.69688,6.88688,3.1868799,1.3568798,1.3768799,1.0768799,1.0968798,1.3568798,1.6768799,-0.15312012,0.4868799,-0.17312011,0.46687987,-0.55312014,1.4568799,0.08687988,0.7968799,1.3368798,-0.11312012,-0.5631201,-0.123120114,1.0368799,-1.8831201,0.2668799,1.4868798,2.11688,1.9468799,2.34688,1.4768798,0.5968799
2.17688,3.58688,4.9168797,3.63688,0.50687987,0.9768799,-0.4531201,2.16688,1.5768799,2.82688,2.90688,3.86688,5.1468797,3.7368798,1.8368798,2.0268798,0.39687988,2.0468798,1.2868799,0.5868799,-2.65312,0.51687986,0.30687988,1.1968799,-1.1731201,-2.4831202,-2.42312,0.46687987,3.0368798,-0.9131201,0.34687987,-1.4231201,0.11687988,0.8468799,-3.16312,-1.0231202,0.9268799,-0.19312012,5.6268797,5.19688,2.16688
4.42688,4.8168797,5.82688,2.59688,3.62688,2.81688,2.16688,1.6468799,4.25688,4.80688,4.24688,4.72688,2.9368799,4.26688,3.10688,1.9168799,1.2368798,2.4968798,-0.7531201,-0.5231201,0.4468799,0.6268799,-3.88312,-3.9931202,-3.86312,-3.38312,-5.1431203,-7.42312,-4.90312,-1.8831201,0.51687986,1.9768798,-0.68312013,-0.5931201,0.7368799,1.2968799,0.2968799,2.42688,0.63687986,-0.4231201,-0.5331201
5.23688,6.15688,5.52688,5.01688,4.28688,4.43688,3.41688,2.65688,5.72688,7.59688,5.90688,6.6068797,4.93688,5.92688,3.83688,1.3568798,0.7168799,0.7868799,-1.4031202,-1.4031202,1.5768799,-2.0131202,-4.21312,-3.9931202,-4.3531203,-6.21312,-6.38312,-5.82312,-4.86312,-3.7531202,-4.51312,-2.7831202,0.006879883,-0.25312012,-2.0231202,-2.35312,-4.19312,-4.3731203,-3.07312,-1.9531201,1.2368798
5.53688,5.8368797,7.21688,5.52688,5.13688,5.82688,4.6268797,2.9368799,4.3968797,6.99688,7.11688,4.76688,5.51688,4.96688,3.0468798,4.65688,0.40687987,0.37687987,-0.2731201,-1.0631201,-1.3231201,-2.2931201,-3.2831202,-3.4631202,-6.34312,-6.21312,-5.92312,-5.44312,-5.0831203,-6.30312,-5.98312,-5.67312,-5.9331203,-5.50312,-3.7931201,0.8068799,-0.92312014,-2.9631202,-3.7431202,-4.3931203,-1.4731201
6.51688,6.05688,6.28688,6.11688,5.52688,4.3568797,4.73688,4.49688,3.6968799,4.52688,5.46688,5.26688,4.65688,4.3168797,2.37688,4.72688,1.1168799,0.4168799,-0.31312013,-1.1731201,-2.33312,-2.0231202,-2.37312,-2.8031201,-4.17312,-4.8331203,-4.69312,-3.8131201,-2.92312,-2.39312,-4.67312,-4.9131203,-4.3931203,-3.7231202,-3.5331202,-2.60312,-0.5331201,-0.013120118,-0.8531201,1.4068799,2.88688
7.96688,6.07688,6.18688,5.43688,5.76688,5.6268797,5.01688,4.77688,4.30688,2.56688,4.01688,4.22688,3.41688,2.63688,4.13688,3.5168798,0.95687985,0.3568799,-1.1131201,-0.18312012,-1.1031201,-1.1731201,-1.4031202,-0.9631201,-1.8631201,-1.7931201,-1.7131201,-1.1331201,-2.17312,-2.14312,-2.4631202,-2.0331202,-0.73312014,-1.9131202,-3.94312,-3.69312,-3.0431201,-2.7731202,-2.4631202,-0.25312012,1.1868799
9.39688,7.30688,6.76688,6.3568797,5.01688,4.6668797,4.8368797,4.69688,4.21688,3.7368798,1.9668798,3.7568798,3.4368799,1.9468799,3.13688,4.01688,1.9568799,1.3568798,0.3268799,0.4468799,-0.44312012,-0.07312012,-0.7131201,-0.24312012,-0.4531201,-0.86312014,-0.2731201,0.69687986,0.27687988,-0.43312013,0.6268799,0.33687988,-2.69312,-0.6631201,-3.08312,-2.44312,-0.9631201,0.82687986,-0.4931201,0.8968799,-0.31312013
9.16688,7.52688,7.86688,6.42688,6.17688,5.20688,4.6268797,4.6668797,4.55688,3.9868798,3.7368798,3.4768798,3.90688,3.32688,3.55688,4.6668797,3.06688,2.40688,1.5668799,1.0868798,0.34687987,0.63687986,-0.0031201171,0.30687988,0.27687988,-0.18312012,0.27687988,1.4968799,1.1168799,0.43687987,0.2568799,-1.7831202,-1.9731201,-1.8731201,-0.4231201,-1.6731201,-0.15312012,-0.3331201,0.8968799,-0.4231201,0.3868799
6.48688,7.69688,6.32688,6.4168797,5.90688,5.63688,5.27688,4.80688,4.61688,4.51688,4.05688,4.6668797,4.59688,5.15688,2.6868799,3.1868799,4.54688,3.9468799,1.8768799,2.32688,1.0468799,0.11687988,0.026879882,0.11687988,0.6568799,1.4268799,1.9168799,1.5368799,0.7968799,0.06687988,-1.2431201,-2.4831202,-1.0331202,-0.6431201,0.08687988,0.24687988,0.036879882,1.2868799,0.56687987,0.21687989,-0.20312011
4.6068797,6.1468797,7.54688,6.88688,6.36688,5.97688,5.76688,5.5668797,4.6268797,4.18688,4.36688,5.05688,4.74688,4.8568797,3.16688,2.9968798,1.9768798,3.87688,2.6868799,2.12688,0.7768799,0.56687987,-1.1431202,-0.6231201,1.2968799,1.5268799,1.7368798,1.2568799,0.8668799,-1.0931201,-0.8731201,-0.9031201,-0.4231201,-0.043120116,-0.25312012,-0.28312013,-0.043120116,-1.2031201,-0.8331201,-0.6931201,-0.033120118
5.22688,6.8768797,5.11688,5.76688,5.47688,4.70688,6.18688,5.8968797,7.03688,4.22688,3.13688,3.80688,5.05688,3.86688,3.9568799,2.55688,2.67688,2.0368798,4.38688,1.9768798,1.0268799,0.49687988,0.43687987,-0.09312012,1.4268799,1.6768799,0.5968799,1.4768798,0.4768799,0.06687988,-0.6031201,-0.25312012,-0.083120115,-0.19312012,1.4068799,-0.053120118,-0.20312011,0.30687988,-1.0831201,-0.5331201,-0.5131201
6.29688,7.22688,7.6668797,6.90688,6.42688,5.73688,5.90688,5.80688,5.30688,4.9168797,3.0468798,3.40688,5.59688,5.73688,3.42688,1.7968799,2.17688,2.0368798,2.5268798,3.2168798,2.82688,1.8168799,1.3568798,1.1468799,1.0968798,0.9968799,0.9068799,1.4768798,0.7168799,0.5268799,0.40687987,0.4868799,-0.053120118,-0.37312013,0.8568799,0.5868799,0.5568799,0.42687988,0.2868799,0.6168799,-0.54312015
4.32688,6.92688,9.70688,6.1268797,6.67688,6.5868797,6.71688,5.8968797,4.96688,4.21688,2.1868799,4.48688,3.2368798,3.17688,2.56688,3.84688,1.3168799,2.7168798,2.06688,3.30688,2.65688,1.6768799,0.06687988,-0.32312012,0.15687989,1.3168799,1.0668799,1.5168799,1.6268799,1.8968799,1.8568798,1.2068799,0.8068799,1.0968798,1.1368799,0.9368799,0.76687986,1.0568799,0.8568799,1.3768799,-0.92312014
