wind_kz.json
{"header": {"discipline":0,"disciplineName":"Meteorological products","gribEdition":2,"gribLength":1025,"center":7,"centerName":"US National Weather Service - NCEP(WMC)","subcenter":0,"refTime":"2023-09-29T18:00:00.000Z","significanceOfRT":1,"significanceOfRTName":"Start of forecast","productStatus":0,"productStatusName":"Operational products","productType":1,"productTypeName":"Forecast products","productDefinitionTemplate":0,"productDefinitionTemplateName":"Analysis/forecast at horizontal level/layer at a point in time","parameterCategory":2,"parameterCategoryName":"UnknownDiscipline_0_Category_2","parameterNumber":3,"parameterNumberName":"UnknownParameter_D0_C2_3","parameterUnit":"Unknown","genProcessType":2,"genProcessTypeName":"Forecast","forecastTime":0,"surface1Type":103,"surface1TypeName":"Specified height level above ground","surface1Value":10.0,"surface2Type":255,"surface2TypeName":"Missing","surface2Value":0.0,"gridDefinitionTemplate":0,"gridDefinitionTemplateName":"Latitude_Longitude","numberPoints":615,"shape":6,"shapeName":"Earth spherical with radius of 6,371,229.0 m","gridUnits":"degrees","resolution":48,"winds":"true","scanMode":64,"nx":41,"ny":15,"basicAngle":0,"lo1":47.0,"la1":41.0,"lo2":87.0,"la2":55.0,"dx":1.0,"dy":1.0}, "data":
[rows 0 to 14 of 15, columns 0 to 40 of 41]
-1.1476806,-1.2276807,0.91231936,1.3223194,-2.2576807,-4.9576807,-4.9176807,-1.7176807,-2.2476807,-1.7576807,-2.5376806,-0.89768064,-2.4776807,-2.6476808,-2.7376807,-3.1276808,-0.30768067,-1.9776807,-4.1376805,-0.29768068,0.15231934,-3.3376806,-0.43768066,-0.16768067,-1.0376806,0.30231935,-1.3176807,1.4423194,0.79231936,1.5723194,1.5123193,1.6323193,0.42231932,0.20231934,1.4823194,1.2323194,0.79231936,0.47231933,-1.5776807,-2.7476807,2.2123194
0.5723193,1.2223194,1.8723193,-0.52768064,-2.5076807,-3.7476807,-3.0776806,-0.11768066,-2.4876807,-2.5376806,-2.8676805,-2.0176806,-3.2076807,-2.3076806,-2.6776807,-0.89768064,1.9323193,-1.6976807,-3.2376807,-2.1676807,-1.4976807,-3.2476807,-2.2476807,1.3023193,1.2123194,2.0123193,-0.62768066,2.0323193,0.20231934,1.7923193,1.1723193,2.3223193,1.4223193,1.1623193,1.7723193,-1.6076807,-0.5376807,0.48231933,-1.3676807,-2.1176805,0.7023193
2.1923194,2.7023194,0.25231934,-1.5476806,-3.4476807,-3.1276808,-2.3076806,-3.4576807,-2.4476807,-3.5876806,-3.5176806,-0.9776807,-2.9276807,-1.5076807,-0.5476807,-1.2276807,2.2223194,1.7323194,-1.9176806,-0.58768064,-1.6776806,-3.5576806,-2.0776806,-1.0876807,-1.1076807,-0.68768066,1.1223193,0.73231936,0.55231935,0.29231933,-0.7876807,-1.2776806,1.5323193,-0.87768066,-0.51768064,-0.16768067,-1.9176806,-2.7076807,-1.3076806,1.3223194,1.3023193
0.33231935,0.97231936,-1.2976806,-3.0676806,-4.5776806,-2.3676805,-3.7576807,-2.4976807,-1.8176807,-3.0376806,-2.9476807,-1.9376807,-5.5576806,-3.4176807,-2.5376806,-2.6876807,-2.8976808,1.2823193,2.0823193,-0.58768064,-1.3576807,-0.6076807,-0.62768066,-1.5676807,-1.1676806,-1.5176806,0.18231934,-0.007680664,1.1823193,-0.17768067,-1.4776807,-1.5376806,-1.3676807,0.7023193,1.2623193,-0.19768067,0.8323193,2.4823194,-1.2776806,0.48231933,0.54231936
2.3323193,2.7123194,2.4123194,1.8623194,0.54231936,-1.1176807,-2.6776807,-2.3176806,-2.4576807,-2.8176806,-3.1076806,0.42231932,-2.0976806,-5.4276805,-3.4776807,-0.81768066,-0.6676807,-0.6576807,-1.6776806,-2.7176807,-2.7576807,-2.4676807,-0.9276807,-0.14768067,0.85231936,-1.0476806,1.0623193,0.48231933,1.4323193,-1.2476807,0.16231933,1.5423193,2.0923193,1.0623193,-0.64768064,-0.37768066,1.0123193,0.69231933,-1.8476807,-2.1176805,-2.9176807
4.0323195,3.2523193,4.8023195,3.9023194,2.9523194,0.79231936,0.072319336,-1.4576807,-2.3176806,-2.0376806,-1.9676807,-1.7476807,2.2223194,-0.34768066,-2.5876806,-2.2476807,-2.0476806,-1.6676806,-1.9776807,-2.7576807,-2.2176807,-1.4976807,-1.9376807,1.2023194,-1.4576807,-0.86768067,-0.047680665,2.3423193,3.3823195,2.4723194,1.6123194,0.47231933,4.2723193,4.0123196,2.7023194,6.642319,2.9123194,-0.20768066,1.0323193,-1.6576806,-2.2976806
-3.0576806,-2.3276806,2.8923194,2.5023193,2.6823194,0.7023193,0.43231934,-1.1176807,-2.1376808,-2.4576807,-2.8476806,-2.2076807,2.9723194,4.412319,1.2223194,-1.9476807,-1.0976807,-1.8976806,-2.7176807,-2.1676807,-2.4376807,-1.7276807,-2.3676805,-3.6976807,-1.8476807,-3.0676806,-1.9076806,2.3323193,3.6423194,3.2323194,2.6823194,1.7723193,2.0023193,3.6723194,-0.18768066,-0.80768067,-1.0876807,1.6523193,0.28231934,-0.63768065,0.62231934
-2.9876807,-2.7776806,-2.3876808,-2.6276808,-2.0676806,-1.6476806,-0.86768067,-1.4776807,-1.5876807,-2.2376807,-2.3976808,-2.9576807,-2.5776806,2.0523193,1.9223193,2.5123193,-0.35768068,-1.8876806,-2.0476806,-1.1576806,-2.1176805,-2.0076807,-2.4876807,-3.3576806,-3.6076806,-2.6076806,-3.9376807,-2.3276806,1.9023193,1.8223194,3.1023192,3.6523194,4.7623196,2.5423193,2.7123194,0.47231933,1.3823193,2.4723194,-2.0776806,-0.33768067,-2.1576807
-1.4476807,-1.6776806,-1.3776807,-1.1176807,-0.74768066,-0.7176807,-0.48768067,-0.63768065,-1.3176807,-1.0576806,-1.6176807,-1.9276806,-1.7276807,-1.1576806,1.8023193,0.99231935,1.6623193,-0.77768064,-1.5776807,-1.0776807,-1.0876807,-1.9776807,-2.9976807,-2.1276808,-2.3076806,-3.2676806,-2.3076806,-2.7476807,-0.56768066,-0.007680664,0.29231933,0.34231934,-0.18768066,3.9923193,4.4423194,3.9923193,-1.1876807,1.3523194,1.7823193,0.72231936,-2.5576806
-1.4476807,-1.6476806,-0.61768067,-0.25768065,-0.9676807,-1.0276806,0.47231933,0.002319336,-0.23768066,-1.5376806,-1.0376806,-0.75768065,-0.6076807,-0.77768064,2.5223193,0.38231933,1.9323193,2.4023194,-0.58768064,-0.37768066,1.6923194,0.93231934,-1.3776807,-3.3276806,-2.7776806,-2.5476806,-2.7776806,-3.8876808,-3.7176807,-3.8376806,-2.0576806,-1.4376807,-1.7976806,-0.75768065,1.5923194,1.8623194,0.38231933,-1.9176806,1.2523193,4.742319,3.6023192
-2.9876807,-2.8876808,-2.3276806,-3.2376807,-2.5576806,-2.3976808,-2.1276808,0.19231933,-0.55768067,0.32231933,-0.5476807,-0.31768066,-0.11768066,-2.7876806,2.1023192,2.6023192,2.0523193,2.3523192,0.49231935,0.072319336,-0.7976807,1.6923194,-0.89768064,-2.0576806,-2.4876807,-1.6676806,-1.8576807,-1.5676807,-2.0376806,-2.1476808,-2.1576807,1.5623193,0.8223193,-0.08768067,0.7723193,0.022319335,1.9023193,1.8823193,1.5823194,1.6723193,0.15231934
-2.6576807,-3.6276808,-3.5076807,-2.2176807,-2.4676807,-1.1476806,-1.3076806,-0.74768066,0.052319337,-0.11768066,0.61231935,-0.95768064,-0.39768067,-2.2776806,-1.9576807,3.2623193,2.6823194,3.4023194,0.26231933,-2.6776807,1.6123194,0.69231933,0.45231932,-0.9676807,-0.7376807,-2.5276806,0.93231934,-1.9276806,-1.8976806,-1.2076807,-0.6576807,-0.08768067,-0.6776807,2.2523193,2.1323195,1.4723194,1.7323194,1.4123193,1.2523193,1.4423194,0.67231935
-2.5376806,-1.3876806,-3.2376807,-2.6176805,-3.2976806,-3.1076806,-3.5476806,-1.5076807,-0.68768066,0.9023193,0.09231934,-0.13768066,0.54231936,0.032319337,-1.0076807,-2.2976806,1.6823193,2.8423193,0.46231934,-0.21768066,-0.7276807,1.1223193,0.9623193,0.63231933,0.67231935,0.16231933,0.33231935,-1.4676807,-1.8476807,-1.5976807,-0.46768066,0.38231933,0.50231934,0.41231933,0.99231935,2.2323194,2.1223192,2.0523193,2.5523193,1.9923193,1.0523193
-3.8376806,-2.5476806,-4.127681,-3.7276807,-3.6276808,-1.8576807,-1.6376806,-2.6076806,-2.2176807,-1.4576807,1.2423193,0.66231936,-0.48768067,-0.68768066,-0.87768066,-1.6576806,1.6823193,1.3623194,3.0723193,-0.08768067,-0.9276807,1.8823193,1.7023194,0.43231934,1.0723194,1.0923194,0.22231933,-0.39768067,-0.61768067,0.30231935,-0.33768067,0.54231936,0.40231934,0.9523193,1.3723193,2.1223192,2.1423194,1.9323193,1.3723193,1.5123193,1.7723193
-1.5576806,-2.9376807,-3.2876806,-3.4176807,-4.567681,-3.3176806,-4.2376804,-2.5676806,-2.7176807,-1.9176806,0.42231932,0.43231934,0.46231934,-0.28768066,-0.8476807,0.5823193,0.49231935,1.6723193,1.8423194,0.99231935,-0.40768066,-1.3776807,1.0023193,1.3823193,1.4823194,1.2623193,1.0323193,0.20231934,0.6423193,1.4423194,0.80231935,1.0523193,0.24231933,0.41231933,0.5923193,2.3823195,2.8823195,2.8823195,1.8923193,1.8523194,1.0323193
