wind_kz.json
{"header": {"discipline":0,"disciplineName":"Meteorological products","gribEdition":2,"gribLength":948,"center":7,"centerName":"US National Weather Service - NCEP(WMC)","subcenter":0,"refTime":"2023-08-19T12:00:00.000Z","significanceOfRT":1,"significanceOfRTName":"Start of forecast","productStatus":0,"productStatusName":"Operational products","productType":1,"productTypeName":"Forecast products","productDefinitionTemplate":0,"productDefinitionTemplateName":"Analysis/forecast at horizontal level/layer at a point in time","parameterCategory":0,"parameterCategoryName":"UnknownDiscipline_0_Category_0","parameterNumber":0,"parameterNumberName":"UnknownParameter_D0_C0_0","parameterUnit":"Unknown","genProcessType":2,"genProcessTypeName":"Forecast","forecastTime":120,"surface1Type":1,"surface1TypeName":"Ground or water surface","surface1Value":0.0,"surface2Type":255,"surface2TypeName":"Missing","surface2Value":0.0,"gridDefinitionTemplate":0,"gridDefinitionTemplateName":"Latitude_Longitude","numberPoints":615,"shape":6,"shapeName":"Earth spherical with radius of 6,371,229.0 m","gridUnits":"degrees","resolution":48,"winds":"true","scanMode":64,"nx":41,"ny":15,"basicAngle":0,"lo1":47.0,"la1":41.0,"lo2":87.0,"la2":55.0,"dx":1.0,"dy":1.0}, "data":
[rows 0 to 14 of 15, columns 0 to 40 of 41]
318.58167,302.28168,306.98166,299.68167,299.18167,297.78168,311.38165,322.58167,321.08167,320.48166,318.98166,318.98166,318.18167,317.48166,316.98166,316.88165,316.48166,316.08167,318.18167,318.28168,321.58167,315.48166,313.38165,308.68167,311.28168,313.78168,308.48166,292.48166,290.18167,287.78168,287.78168,287.08167,297.68167,301.68167,304.48166,303.28168,306.68167,308.78168,308.28168,307.98166,307.88165
284.68167,306.78168,299.88165,299.88165,299.48166,297.98166,318.68167,317.88165,316.58167,316.78168,317.48166,316.58167,315.28168,314.18167,315.28168,316.18167,316.38165,315.88165,315.28168,317.58167,317.78168,317.28168,313.08167,303.38165,293.18167,287.88165,300.88165,289.48166,294.98166,285.18167,288.68167,280.38165,288.48166,270.68167,284.38165,299.78168,300.28168,304.18167,308.18167,299.28168,287.48166
310.48166,299.58167,299.98166,299.88165,298.18167,314.48166,315.88165,315.98166,314.28168,313.98166,314.18167,314.68167,313.08167,313.18167,313.18167,313.08167,313.38165,314.18167,314.78168,315.18167,316.68167,316.08167,314.68167,308.08167,311.88165,310.58167,310.68167,311.08167,308.78168,292.18167,278.58167,280.88165,288.78168,290.78168,296.58167,297.38165,285.68167,285.38165,289.28168,285.68167,282.58167
315.58167,299.88165,299.38165,298.88165,301.38165,313.18167,313.88165,313.78168,314.38165,313.48166,313.18167,311.88165,296.78168,295.78168,310.28168,310.88165,310.58167,312.38165,314.18167,314.28168,312.58167,310.08167,314.48166,314.58167,314.08167,313.38165,314.28168,311.38165,310.18167,311.08167,312.08167,307.18167,308.08167,309.28168,308.98166,302.68167,288.48166,285.68167,289.48166,295.18167,305.28168
316.18167,299.98166,299.98166,299.48166,304.98166,311.08167,311.38165,312.48166,311.18167,310.48166,311.28168,309.78168,296.48166,295.18167,292.48166,308.98166,310.48166,308.88165,310.58167,312.18167,313.38165,314.58167,314.78168,314.38165,314.58167,314.28168,312.78168,307.38165,313.18167,312.38165,314.48166,310.88165,294.08167,282.38165,290.18167,299.58167,304.28168,312.18167,311.48166,309.18167,308.58167
313.88165,311.38165,299.18167,298.58167,298.88165,298.68167,311.68167,310.38165,310.38165,310.28168,309.18167,309.18167,297.28168,295.28168,300.78168,305.98166,309.28168,309.58167,310.48166,312.68167,312.18167,312.78168,313.08167,313.48166,313.18167,312.28168,313.68167,297.58167,311.68167,313.38165,313.18167,313.28168,311.48166,308.18167,304.88165,302.58167,297.78168,297.68167,309.68167,310.08167,307.98166
312.28168,311.78168,312.48166,311.98166,307.98166,310.18167,312.18167,309.18167,308.58167,307.78168,307.68167,306.98166,305.98166,307.28168,307.68167,307.78168,309.28168,310.28168,310.18167,309.88165,309.98166,310.98166,312.08167,312.68167,311.08167,311.38165,311.98166,312.08167,312.88165,313.48166,312.38165,311.08167,311.58167,311.28168,309.08167,305.38165,299.18167,295.08167,291.68167,286.88165,301.48166
310.28168,310.68167,310.88165,311.18167,306.38165,302.28168,298.98166,304.38165,300.18167,302.68167,304.28168,304.58167,304.28168,303.88165,305.78168,306.98166,307.68167,308.18167,308.28168,306.98166,306.88165,307.68167,304.78168,309.68167,309.38165,307.18167,307.08167,308.58167,307.38165,309.38165,308.58167,309.48166,307.68167,304.08167,304.48166,303.08167,304.88165,291.48166,305.28168,305.28168,300.98166
304.18167,304.88165,301.38165,306.98166,298.38165,300.58167,306.18167,303.18167,304.28168,303.28168,299.78168,298.88165,294.48166,299.28168,297.88165,302.58167,304.08167,305.58167,305.88165,305.08167,303.88165,303.88165,305.58167,304.18167,306.98166,307.68167,305.78168,304.48166,303.08167,298.78168,301.68167,304.58167,305.88165,305.88165,304.98166,299.68167,301.18167,300.48166,287.28168,287.18167,286.18167
300.98166,296.98166,305.18167,298.78168,296.58167,298.18167,300.48166,299.48166,300.68167,300.68167,293.98166,297.78168,292.68167,295.58167,296.18167,299.68167,296.28168,301.68167,303.28168,303.88165,302.38165,303.38165,302.88165,297.08167,300.28168,299.28168,306.88165,303.58167,302.98166,303.68167,304.78168,305.38165,306.38165,300.28168,306.58167,302.88165,298.68167,294.58167,287.18167,288.58167,285.38165
302.28168,297.18167,300.78168,301.38165,299.58167,297.18167,293.68167,297.68167,297.38165,298.08167,296.48166,292.98166,295.58167,292.28168,294.08167,291.48166,294.48166,294.98166,297.48166,300.78168,301.58167,302.98166,300.48166,302.98166,302.48166,304.78168,303.18167,304.68167,301.28168,304.88165,306.68167,307.78168,303.48166,307.18167,305.68167,301.48166,295.48166,293.18167,287.78168,290.68167,289.28168
290.68167,292.88165,299.08167,299.68167,298.88165,298.18167,295.98166,295.88165,296.18167,296.48166,289.68167,289.68167,288.28168,286.68167,285.98166,286.78168,289.28168,291.18167,294.28168,297.48166,297.28168,294.08167,297.58167,291.08167,299.48166,301.78168,303.68167,306.08167,305.28168,307.18167,306.58167,306.18167,306.68167,303.28168,304.38165,302.18167,301.18167,300.88165,298.68167,297.48166,296.28168
285.48166,294.88165,294.68167,297.18167,294.78168,294.68167,295.48166,296.08167,295.28168,293.38165,289.28168,285.88165,286.08167,286.48166,287.18167,284.48166,286.28168,287.18167,291.88165,296.78168,297.48166,293.88165,294.88165,289.88165,292.68167,300.18167,299.18167,302.58167,302.78168,301.08167,306.18167,305.48166,304.78168,303.98166,303.98166,300.88165,300.18167,299.98166,298.28168,296.58167,296.08167
292.48166,295.08167,292.98166,293.68167,294.38165,294.58167,292.88165,291.18167,293.38165,293.48166,288.38165,280.28168,283.28168,286.98166,285.48166,283.78168,283.88165,285.08167,288.18167,289.78168,290.88165,292.38165,295.18167,296.28168,297.78168,299.48166,301.08167,297.88165,297.98166,297.68167,303.68167,305.78168,304.28168,302.38165,302.28168,301.28168,299.48166,298.18167,296.98166,294.68167,295.68167
291.28168,294.88165,291.38165,293.58167,293.78168,292.48166,291.98166,292.68167,293.08167,293.58167,288.38165,281.98166,280.98166,287.28168,287.88165,289.48166,287.68167,287.68167,287.58167,285.48166,287.98166,290.98166,292.48166,298.28168,299.98166,300.38165,298.98166,298.68167,297.78168,296.08167,298.38165,295.38165,303.78168,302.18167,300.88165,299.88165,299.28168,297.88165,297.48166,296.58167,296.78168
