wind_kz.json
{"header": {"discipline":0,"disciplineName":"Meteorological products","gribEdition":2,"gribLength":794,"center":7,"centerName":"US National Weather Service - NCEP(WMC)","subcenter":0,"refTime":"2023-09-07T06:00:00.000Z","significanceOfRT":1,"significanceOfRTName":"Start of forecast","productStatus":0,"productStatusName":"Operational products","productType":1,"productTypeName":"Forecast products","productDefinitionTemplate":0,"productDefinitionTemplateName":"Analysis/forecast at horizontal level/layer at a point in time","parameterCategory":2,"parameterCategoryName":"UnknownDiscipline_0_Category_2","parameterNumber":2,"parameterNumberName":"UnknownParameter_D0_C2_2","parameterUnit":"Unknown","genProcessType":2,"genProcessTypeName":"Forecast","forecastTime":60,"surface1Type":103,"surface1TypeName":"Specified height level above ground","surface1Value":10.0,"surface2Type":255,"surface2TypeName":"Missing","surface2Value":0.0,"gridDefinitionTemplate":0,"gridDefinitionTemplateName":"Latitude_Longitude","numberPoints":615,"shape":6,"shapeName":"Earth spherical with radius of 6,371,229.0 m","gridUnits":"degrees","resolution":48,"winds":"true","scanMode":64,"nx":41,"ny":15,"basicAngle":0,"lo1":47.0,"la1":41.0,"lo2":87.0,"la2":55.0,"dx":1.0,"dy":1.0}, "data":
[rows 0 to 14 of 15, columns 0 to 40 of 41]
4.728101,0.3281006,-0.47189942,-1.3718994,-5.5718994,-7.9718995,-7.271899,-9.271899,-12.571899,-6.8718996,-7.4718995,-9.271899,-9.1719,-9.071899,-6.271899,-5.771899,-3.9718995,-7.0718994,-8.071899,-6.271899,-5.5718994,-1.6718994,-1.4718994,-2.0718994,0.5281006,-2.2718995,-3.3718994,-0.47189942,0.6281006,0.5281006,-0.67189944,1.9281006,0.7281006,0.12810059,-4.9718995,-1.9718994,-5.1718993,-3.7718995,-5.0718994,-5.0718994,-4.271899
2.3281007,-1.8718994,-3.2718995,-5.8718996,-6.1718993,-6.9718995,-7.771899,-10.071899,-8.771899,-7.771899,-7.271899,-7.3718996,-6.271899,-6.3718996,-6.0718994,-6.0718994,-5.5718994,-6.8718996,-5.8718996,-3.6718993,-4.0718994,-1.8718994,-0.9718994,-2.1718993,-0.2718994,0.7281006,-0.071899414,1.2281005,-2.1718993,-2.0718994,0.4281006,-0.5718994,-0.37189943,-1.4718994,0.6281006,0.12810059,-0.9718994,0.6281006,-0.8718994,1.1281006,-5.8718996
2.5281005,4.228101,0.5281006,-2.0718994,-4.9718995,-4.8718996,-4.6718993,-3.8718994,-6.3718996,-5.9718995,-5.6718993,-4.8718996,-2.8718994,-3.1718993,-3.6718993,-3.6718993,-5.0718994,-4.1718993,-4.4718995,-3.6718993,-1.5718994,0.9281006,-4.8718996,-3.4718995,1.3281006,-1.0718994,1.3281006,-0.67189944,-1.9718994,-0.37189943,-1.5718994,2.0281005,-0.67189944,-1.1718994,-0.7718994,-0.9718994,-0.47189942,0.4281006,3.1281006,2.2281005,1.0281006
-0.8718994,2.6281006,0.4281006,-2.0718994,-2.2718995,-4.1718993,-1.5718994,-4.6718993,-3.7718995,-1.8718994,-0.8718994,-0.37189943,-1.6718994,-1.3718994,-2.3718994,-1.4718994,-1.2718995,-2.8718994,-2.2718995,-2.9718995,-0.7718994,-1.7718995,1.7281005,0.3281006,0.12810059,-1.3718994,-0.67189944,-2.4718995,-0.17189941,-0.7718994,-2.3718994,-2.9718995,-0.071899414,-0.37189943,-1.6718994,-3.2718995,1.1281006,1.2281005,0.22810058,-0.071899414,-1.4718994
4.8281007,3.8281007,1.1281006,3.5281005,3.0281005,-2.2718995,-1.3718994,-3.1718993,-3.4718995,-1.1718994,-1.9718994,-1.8718994,-1.1718994,-0.2718994,-0.5718994,-0.071899414,1.7281005,0.5281006,-0.8718994,-3.3718994,-2.1718993,0.028100586,0.5281006,1.7281005,1.5281006,1.8281006,1.1281006,3.2281005,0.4281006,2.7281005,-0.2718994,-2.4718995,-2.0718994,1.2281005,0.7281006,1.0281006,-0.47189942,-1.9718994,-2.6718993,-2.0718994,-2.5718994
5.5281005,6.4281006,6.0281005,1.2281005,-0.071899414,-3.7718995,-3.4718995,-3.2718995,-3.5718994,-2.4718995,-2.8718994,-1.7718995,0.028100586,-1.6718994,-0.9718994,-0.7718994,-2.3718994,-3.6718993,-4.4718995,-3.0718994,-2.1718993,-0.47189942,1.5281006,1.8281006,1.6281006,3.6281006,4.3281007,5.0281005,4.4281006,3.2281005,3.5281005,1.5281006,-2.8718994,-1.2718995,-0.5718994,-2.9718995,0.22810058,0.4281006,3.2281005,-2.4718995,-3.0718994
3.5281005,3.4281006,0.82810056,-1.2718995,-2.3718994,-2.5718994,-2.8718994,-2.1718993,-1.8718994,-0.47189942,-0.2718994,-0.8718994,-1.3718994,-1.7718995,-1.9718994,-1.8718994,-1.8718994,-2.4718995,-2.5718994,-0.7718994,-0.7718994,0.5281006,1.8281006,2.4281006,1.1281006,2.5281005,3.2281005,4.5281005,4.8281007,-1.0718994,-3.9718995,-3.4718995,-2.6718993,-3.4718995,-3.2718995,-2.3718994,-1.4718994,2.5281005,-0.5718994,-0.2718994,0.6281006
1.2281005,-3.9718995,-0.9718994,-2.6718993,-1.4718994,0.7281006,2.0281005,1.0281006,1.8281006,0.3281006,0.9281006,-0.37189943,0.7281006,1.3281006,1.9281006,1.5281006,0.5281006,0.22810058,0.5281006,1.1281006,2.2281005,1.7281005,1.5281006,2.0281005,2.1281006,2.2281005,3.1281006,4.728101,1.3281006,-0.7718994,-2.3718994,-3.8718994,-3.7718995,-1.1718994,-2.6718993,-1.4718994,-0.7718994,-0.2718994,1.1281006,2.6281006,-1.0718994
-1.4718994,-0.9718994,1.1281006,-0.9718994,0.5281006,1.3281006,1.7281005,4.4281006,-2.0718994,-1.2718995,0.028100586,0.4281006,1.6281006,1.5281006,2.8281007,2.7281005,3.0281005,2.6281006,2.8281007,3.0281005,3.2281005,2.8281007,2.3281007,3.1281006,4.6281004,4.3281007,4.728101,5.1281004,0.22810058,-2.4718995,-2.6718993,-2.0718994,-0.071899414,-2.3718994,-2.6718993,-2.0718994,-0.2718994,-2.2718995,-0.5718994,0.3281006,-1.1718994
-0.17189941,0.4281006,-2.2718995,-2.5718994,1.0281006,1.0281006,1.7281005,3.0281005,2.1281006,1.3281006,2.3281007,2.0281005,2.6281006,3.1281006,3.0281005,2.0281005,-1.9718994,-1.0718994,2.5281005,3.0281005,3.5281005,3.2281005,3.2281005,4.228101,6.4281006,7.9281006,8.1281,7.8281007,-1.0718994,-2.5718994,-2.8718994,-3.3718994,-3.8718994,-4.0718994,-3.2718995,-2.4718995,-2.4718995,-0.47189942,-1.5718994,0.3281006,-0.2718994
-1.5718994,-1.6718994,0.22810058,0.5281006,1.5281006,-1.2718995,-2.0718994,-1.6718994,-0.5718994,0.7281006,1.2281005,2.1281006,3.3281007,4.0281005,2.0281005,2.5281005,3.0281005,3.7281005,3.4281006,3.0281005,2.9281006,3.9281006,4.1281004,5.1281004,6.3281007,9.3281,-2.6718993,-5.5718994,-6.4718995,-6.771899,-6.8718996,-5.1718993,-4.3718996,-3.0718994,-2.6718993,-2.6718993,-1.6718994,-0.071899414,-1.0718994,0.82810056,-1.4718994
-0.5718994,0.3281006,-0.47189942,-0.37189943,1.5281006,1.6281006,0.7281006,-0.2718994,-0.17189941,0.028100586,-0.071899414,2.3281007,3.2281005,3.3281007,4.8281007,6.4281006,6.228101,6.5281005,4.4281006,4.0281005,2.0281005,3.7281005,2.9281006,2.5281005,4.8281007,-2.3718994,-8.271899,-7.6718993,-7.9718995,-7.0718994,-5.271899,-5.3718996,-3.6718993,-5.0718994,-3.7718995,-3.4718995,-2.9718995,-1.2718995,-0.7718994,-0.8718994,-0.7718994
1.2281005,1.2281005,3.7281005,4.0281005,3.4281006,3.2281005,4.8281007,4.4281006,4.0281005,1.8281006,1.0281006,4.8281007,5.8281007,7.728101,6.6281004,6.5281005,7.1281004,5.728101,1.6281006,1.6281006,1.1281006,1.5281006,0.5281006,2.2281005,-0.071899414,-4.271899,-5.6718993,-7.8718996,-8.271899,-6.6718993,-6.0718994,-6.3718996,-5.6718993,-4.4718995,-3.4718995,-3.5718994,-3.9718995,-2.4718995,-2.7718995,-1.7718995,-1.1718994
1.1281006,-0.37189943,-1.4718994,-2.1718993,-0.9718994,-0.47189942,-2.3718994,-2.2718995,-0.071899414,0.4281006,1.1281006,2.1281006,-0.47189942,2.3281007,2.0281005,1.2281005,-0.7718994,-0.67189944,-0.071899414,-0.5718994,-2.3718994,-1.2718995,2.1281006,-5.771899,-6.1718993,-7.9718995,-6.5718994,-7.8718996,-6.271899,-5.771899,-5.1718993,-4.5718994,-4.0718994,-3.8718994,-2.5718994,-3.2718995,-2.7718995,-2.3718994,-2.0718994,-1.7718995,-1.3718994
-0.2718994,-1.4718994,-4.3718996,-2.8718994,-2.2718995,-2.9718995,-1.7718995,-3.7718995,-3.5718994,-3.4718995,-0.47189942,-6.4718995,-3.3718994,-3.0718994,-5.5718994,-5.4718995,-4.9718995,-3.8718994,-0.9718994,0.028100586,2.5281005,-6.271899,-6.6718993,-6.9718995,-5.5718994,-4.6718993,-5.8718996,-5.4718995,-4.771899,-3.8718994,-4.4718995,-4.0718994,-3.4718995,-3.1718993,-3.1718993,-2.3718994,-1.4718994,-2.2718995,-2.4718995,-1.4718994,-1.3718994
