wind_kz.json
{"header": {"discipline":0,"disciplineName":"Meteorological products","gribEdition":2,"gribLength":871,"center":7,"centerName":"US National Weather Service - NCEP(WMC)","subcenter":0,"refTime":"2024-02-01T00:00:00.000Z","significanceOfRT":1,"significanceOfRTName":"Start of forecast","productStatus":0,"productStatusName":"Operational products","productType":1,"productTypeName":"Forecast products","productDefinitionTemplate":0,"productDefinitionTemplateName":"Analysis/forecast at horizontal level/layer at a point in time","parameterCategory":0,"parameterCategoryName":"UnknownDiscipline_0_Category_0","parameterNumber":0,"parameterNumberName":"UnknownParameter_D0_C0_0","parameterUnit":"Unknown","genProcessType":2,"genProcessTypeName":"Forecast","forecastTime":120,"surface1Type":1,"surface1TypeName":"Ground or water surface","surface1Value":0.0,"surface2Type":255,"surface2TypeName":"Missing","surface2Value":0.0,"gridDefinitionTemplate":0,"gridDefinitionTemplateName":"Latitude_Longitude","numberPoints":615,"shape":6,"shapeName":"Earth spherical with radius of 6,371,229.0 m","gridUnits":"degrees","resolution":48,"winds":"true","scanMode":64,"nx":41,"ny":15,"basicAngle":0,"lo1":47.0,"la1":41.0,"lo2":87.0,"la2":55.0,"dx":1.0,"dy":1.0}, "data":
[rows 0 to 14 of 15, columns 0 to 40 of 41]
275.3023,267.1023,275.3023,280.3023,280.5023,282.1023,279.90228,277.90228,276.8023,276.0023,275.2023,275.0023,274.5023,274.3023,274.40228,273.90228,274.6023,274.5023,276.3023,275.40228,275.2023,274.6023,273.3023,270.90228,269.7023,271.8023,266.3023,253.00229,249.4023,250.2023,248.80229,247.4023,255.50229,263.7023,268.8023,266.7023,267.0023,267.6023,268.40228,267.7023,270.2023
258.0023,279.40228,280.2023,279.7023,280.5023,281.1023,277.5023,277.40228,276.1023,275.8023,274.5023,274.3023,274.40228,274.2023,273.7023,273.0023,274.5023,275.3023,273.8023,274.6023,274.7023,273.7023,271.3023,264.6023,246.4023,249.2023,257.0023,250.30229,252.6023,248.30229,257.0023,242.7023,253.30229,235.7023,244.2023,256.90228,254.9023,264.1023,266.5023,260.3023,265.90228
275.1023,278.40228,280.0023,280.1023,280.40228,278.6023,276.90228,276.1023,274.6023,272.7023,272.40228,272.90228,273.5023,273.6023,271.6023,271.6023,272.7023,271.7023,272.40228,272.8023,272.8023,272.7023,272.1023,264.7023,271.0023,268.2023,266.6023,267.90228,269.2023,259.6023,251.00229,252.2023,254.50229,252.50229,248.30229,256.7023,251.30229,245.7023,247.1023,248.7023,247.80229
275.1023,276.0023,278.0023,279.2023,279.3023,276.2023,275.3023,274.3023,274.8023,273.40228,272.40228,271.90228,281.2023,281.90228,272.3023,271.1023,271.40228,271.3023,270.8023,271.8023,271.3023,266.6023,270.90228,269.1023,268.6023,269.5023,269.0023,265.8023,265.0023,264.5023,261.2023,263.2023,267.7023,259.7023,256.2023,261.3023,251.4023,248.6023,257.7023,253.9023,254.50229
274.2023,272.7023,271.8023,272.8023,275.2023,275.40228,274.1023,274.3023,273.3023,272.8023,271.6023,271.3023,279.0023,279.1023,278.3023,269.8023,270.6023,270.5023,270.3023,268.8023,267.3023,266.90228,265.0023,264.90228,263.7023,263.8023,263.90228,262.5023,267.2023,266.40228,266.5023,265.1023,257.2023,245.50229,257.3023,253.4023,256.5023,251.80229,252.30229,253.30229,255.80229
274.8023,274.40228,271.3023,272.7023,271.40228,272.0023,274.40228,273.2023,272.40228,271.90228,270.7023,270.3023,277.8023,279.3023,271.2023,269.2023,267.90228,267.1023,266.6023,266.7023,264.90228,265.40228,265.2023,264.2023,264.0023,262.2023,262.5023,263.6023,263.1023,263.6023,261.6023,263.5023,256.1023,254.4023,260.7023,261.7023,260.8023,258.5023,254.6023,252.50229,255.00229
273.7023,273.40228,275.2023,274.0023,271.7023,274.0023,273.90228,272.90228,271.90228,271.40228,270.5023,266.6023,273.1023,270.6023,268.0023,267.90228,267.0023,265.7023,266.6023,265.5023,263.7023,263.90228,265.7023,264.2023,261.3023,260.6023,258.2023,259.6023,259.7023,259.2023,258.6023,259.1023,258.8023,255.2023,256.90228,258.6023,260.0023,258.2023,254.7023,253.9023,255.00229
273.8023,273.90228,273.1023,273.2023,272.6023,273.1023,273.2023,273.1023,271.8023,270.40228,271.8023,272.5023,273.2023,272.7023,269.0023,267.40228,266.90228,266.6023,266.6023,264.8023,263.2023,261.1023,259.90228,263.5023,261.5023,259.40228,259.90228,254.4023,250.50229,252.7023,258.8023,254.2023,254.00229,254.80229,251.9023,248.30229,248.50229,251.6023,257.0023,258.0023,255.7023
273.2023,273.1023,273.2023,273.3023,273.2023,273.40228,273.2023,273.2023,273.1023,272.7023,272.90228,272.6023,271.3023,273.2023,271.8023,269.0023,267.90228,266.5023,266.90228,265.3023,264.0023,261.40228,260.0023,257.2023,261.1023,261.0023,255.1023,252.00229,253.00229,255.7023,253.1023,260.2023,260.1023,261.40228,257.7023,257.40228,255.50229,255.30229,251.80229,250.00229,250.00229
273.2023,273.2023,273.1023,273.2023,273.2023,273.2023,273.2023,272.90228,273.2023,273.2023,273.2023,272.6023,272.40228,272.7023,272.7023,270.2023,268.7023,267.1023,267.90228,266.8023,264.3023,266.7023,265.0023,261.8023,259.1023,257.0023,254.30229,255.30229,253.50229,252.80229,258.7023,263.3023,264.6023,263.2023,259.3023,253.1023,258.2023,256.3023,253.2023,254.9023,248.80229
273.1023,273.2023,272.8023,273.1023,273.2023,273.2023,273.2023,273.2023,273.2023,273.2023,273.0023,271.8023,272.90228,272.6023,272.90228,272.0023,270.2023,269.5023,268.8023,267.1023,264.8023,266.6023,262.40228,262.0023,261.7023,260.6023,258.0023,259.3023,259.3023,258.8023,260.90228,259.90228,260.90228,262.0023,261.0023,254.6023,258.3023,259.1023,255.2023,255.00229,252.2023
269.6023,270.6023,272.8023,272.8023,273.2023,273.2023,273.2023,273.2023,273.2023,273.2023,272.6023,271.40228,272.0023,271.7023,272.40228,273.0023,271.90228,270.0023,270.2023,268.7023,266.7023,266.0023,265.2023,263.1023,262.7023,262.3023,263.5023,262.6023,262.1023,259.6023,258.6023,256.90228,260.1023,256.5023,259.90228,258.40228,258.3023,259.5023,260.7023,258.40228,255.80229
271.7023,271.8023,273.2023,273.1023,273.2023,273.2023,273.2023,273.2023,273.2023,273.1023,271.90228,268.5023,271.1023,270.3023,271.3023,272.8023,273.2023,272.2023,271.0023,270.7023,269.7023,268.6023,267.8023,266.3023,265.7023,266.0023,266.40228,263.8023,262.5023,260.7023,259.40228,259.0023,258.40228,258.2023,259.0023,259.6023,258.6023,259.40228,256.40228,254.00229,252.80229
269.7023,269.6023,270.7023,272.40228,273.0023,273.0023,273.1023,273.2023,273.2023,273.0023,271.1023,265.3023,267.2023,269.1023,268.7023,271.0023,271.2023,273.2023,272.8023,271.5023,271.2023,271.1023,271.3023,270.7023,270.5023,269.40228,264.3023,265.0023,263.3023,263.0023,261.8023,260.2023,259.90228,259.8023,258.8023,256.7023,257.0023,252.6023,251.1023,256.90228,253.6023
270.0023,270.3023,271.1023,273.2023,272.90228,273.1023,273.2023,273.2023,273.1023,272.8023,272.0023,265.40228,264.3023,269.90228,266.7023,272.2023,272.8023,272.90228,273.2023,272.90228,272.7023,272.40228,272.5023,272.40228,272.1023,271.40228,269.90228,267.3023,266.7023,265.8023,264.8023,263.0023,262.6023,263.2023,262.8023,261.1023,259.6023,258.6023,257.0023,259.1023,254.80229
