wind_kz.json
{"header": {"discipline":0,"disciplineName":"Meteorological products","gribEdition":2,"gribLength":1102,"center":7,"centerName":"US National Weather Service - NCEP(WMC)","subcenter":0,"refTime":"2025-04-05T00:00:00.000Z","significanceOfRT":1,"significanceOfRTName":"Start of forecast","productStatus":0,"productStatusName":"Operational products","productType":1,"productTypeName":"Forecast products","productDefinitionTemplate":0,"productDefinitionTemplateName":"Analysis/forecast at horizontal level/layer at a point in time","parameterCategory":2,"parameterCategoryName":"UnknownDiscipline_0_Category_2","parameterNumber":2,"parameterNumberName":"UnknownParameter_D0_C2_2","parameterUnit":"Unknown","genProcessType":2,"genProcessTypeName":"Forecast","forecastTime":60,"surface1Type":103,"surface1TypeName":"Specified height level above ground","surface1Value":10.0,"surface2Type":255,"surface2TypeName":"Missing","surface2Value":0.0,"gridDefinitionTemplate":0,"gridDefinitionTemplateName":"Latitude_Longitude","numberPoints":615,"shape":6,"shapeName":"Earth spherical with radius of 6,371,229.0 m","gridUnits":"degrees","resolution":48,"winds":"true","scanMode":64,"nx":41,"ny":15,"basicAngle":0,"lo1":47.0,"la1":41.0,"lo2":87.0,"la2":55.0,"dx":1.0,"dy":1.0}, "data":
[rows 0 to 14 of 15, columns 0 to 40 of 41]
2.6802514,4.4802513,1.7502514,-4.8897486,-3.0897486,-2.4197485,3.0102515,1.3802514,1.5502515,-0.91974854,1.8402514,2.4302514,3.7302516,4.9102516,5.5002513,5.8402514,5.5302515,6.2302513,6.0902514,6.6102514,8.190251,4.4702516,2.1302514,3.1302514,-1.4597485,-1.2297485,0.60025144,2.6102514,1.0202515,1.9802514,1.8802514,1.1202514,-2.3597486,-1.1197486,-2.0997486,-0.22974853,2.6202514,3.2202516,2.7802515,3.6702514,3.5702515
3.4602516,-3.4597485,-4.5397487,-5.0897484,-4.5797486,-1.3197485,0.39025146,1.2702515,0.32025146,1.2002515,2.4302514,3.7202516,5.0302515,6.1502514,7.2402515,7.5102515,7.7602515,8.410252,8.690251,8.450252,8.230251,7.0202513,2.7402515,2.3902514,1.1102514,0.7402515,-0.9597485,2.2902515,3.3202515,0.38025147,0.47025147,0.030251466,1.0602515,0.5502515,-0.09974854,-0.92974854,4.0402513,1.1802515,2.8202515,0.050251465,-1.8397485
-4.8697486,-6.2197485,-5.9597487,-4.5097485,-2.6197486,-1.6297486,-0.6397485,-2.4197485,-0.26974854,0.27025145,1.5602515,3.8302515,5.8002515,7.2602515,8.340252,9.5302515,10.5302515,11.140251,10.800251,9.950252,8.540252,7.8802514,7.0102515,9.220251,8.710252,8.110251,-1.9597485,-1.4697485,1.5302515,-1.6697485,-0.5097485,-0.47974855,-1.1197486,2.1802514,1.5402515,0.46025145,2.3602514,-0.25974855,2.9102514,2.8702514,2.6202514
-7.6997485,-7.0697484,-5.5197487,-1.5897485,1.3902515,-1.8997486,-2.1297486,-1.1897485,0.26025146,1.7602515,3.7902515,6.1802516,3.6502514,5.9302516,9.770251,10.880252,12.500252,12.880252,12.540252,11.640251,9.540252,9.050251,8.410252,9.020251,10.070251,11.230251,10.350251,-8.099749,12.170252,2.8202515,0.8002515,0.9802515,-2.5797486,-4.6397486,-4.1097484,-2.4397485,-0.8797485,2.3402514,-1.3297485,-0.71974856,-1.3197485
-6.1097484,-4.6697483,-3.4697485,-3.8497486,-1.3497485,-0.029748535,-0.019748535,1.3102515,2.3202515,3.9702516,4.9902515,7.4902515,6.2302513,8.620252,8.7802515,11.150251,11.790252,11.870252,12.060251,12.670252,11.800251,10.680251,9.820251,10.340252,10.010251,8.690251,9.800251,1.7102515,0.12025146,-0.77974856,-0.86974853,-2.0597486,1.4102515,3.1702514,-3.5897486,-2.3697486,2.6002514,-0.86974853,0.18025146,0.16025147,0.72025144
-2.8697486,-0.21974854,-1.2297485,-0.66974854,0.16025147,2.1002514,3.1402514,4.7702513,2.8102515,4.0102515,3.5202515,5.9702516,7.6402516,7.4702516,7.6102514,10.660252,10.550251,9.910252,10.930251,11.470251,11.650251,9.320251,9.570251,8.690251,8.080252,6.7702513,-7.0197487,-3.5397484,-6.4497485,-6.2197485,-4.3997483,-4.1397486,-4.7297487,-2.5197484,-1.1997485,2.8602514,2.0302515,3.8202515,4.8902516,-0.15974854,1.4102515
0.26025146,2.9802516,1.2802515,2.0702515,2.5102515,5.1802516,3.9902515,4.4002514,3.5902514,3.0802515,3.6302514,3.6702514,4.6702514,8.870252,6.6502514,3.4702516,5.1302514,5.5702515,7.5302515,8.000252,8.850251,6.7602515,4.7602515,4.4502516,-2.9297485,-4.6497483,-3.5197484,-5.5697484,-4.7897487,-2.7297485,-3.4897485,-2.0797486,-1.1197486,0.7502515,2.1402514,2.7402515,2.1002514,-1.3697486,1.0502515,-0.72974855,-0.049748536
1.8202515,5.5702515,2.9702516,3.7902515,3.7202516,3.7702515,4.4702516,5.1802516,2.2302516,4.7702513,5.6502514,1.9702514,3.8302515,3.7602515,0.85025144,-0.53974855,2.6402514,4.1402516,4.5402513,-3.7997484,-4.939749,-6.2097487,-5.4097486,-6.2797484,-6.0897484,-3.8397486,-3.2397485,-4.2197485,-2.5297484,-2.2297485,-1.7597486,-1.5497485,-0.6397485,-1.5997485,-2.4297485,-3.3897486,-0.98974854,3.5502515,5.6502514,3.3602514,4.7002516
2.6402514,3.0702515,4.2702513,5.1202517,4.4702516,4.8502517,5.1002517,5.3402514,3.6002514,4.3602514,6.6302514,3.3402514,3.8502514,3.8802514,2.9702516,-3.1197486,-4.7897487,-4.2497487,-4.4097486,-5.4197483,-7.4197483,-5.8497486,-6.2197485,-5.6197486,-4.4097486,-2.2497485,-1.0697485,-2.1497486,-1.5697485,-1.2897485,-0.35974854,-0.83974856,-0.7097485,-1.1397486,-2.2797484,0.35025147,-0.23974854,-1.6297486,-1.7697486,0.48025146,-0.38974854
4.6702514,5.2202516,5.9202514,6.2602515,5.5902514,5.2902513,5.1302514,5.2202516,5.2702513,4.4702516,6.6002517,6.8402514,1.8802514,1.6202514,1.3702514,-0.16974853,-5.7497487,-5.3997483,-6.5797486,-6.4497485,-6.8597484,-5.5197487,0.08025146,-0.6297485,-2.7197485,-1.1997485,-1.3097485,-1.1297486,-0.65974855,0.41025147,-0.49974853,-1.7397485,-1.3897486,-1.6997485,-0.89974856,-3.3997486,0.36025146,-0.5097485,-0.019748535,0.65025145,0.52025145
5.8202515,6.560251,6.6302514,4.8002515,6.2502513,6.4602513,4.8702517,5.8202515,5.0802517,3.7402515,5.7902513,4.5802517,0.96025145,-0.6297485,-1.3097485,0.49025145,-0.5797485,1.7702515,0.29025146,0.41025147,-1.9397485,-2.2997484,-2.4497485,-2.7297485,-1.7897485,-1.7597486,-1.0597485,-0.43974853,-0.27974853,-0.6997485,-2.2697484,-0.67974854,1.0002514,2.1402514,0.31025147,-0.90974855,0.13025147,0.72025144,1.0702515,-0.07974853,0.5502515
5.2002516,4.2202516,4.9802513,6.3002515,6.6802516,5.5102515,5.0402513,5.0702515,4.4202514,3.4302514,4.7002516,6.4202514,1.8902515,2.9302514,0.45025146,1.1302514,4.6002517,-0.77974856,-1.6997485,-2.6197486,-2.3397486,-1.6397486,-2.5597486,-2.0097485,-0.61974853,-0.44974855,-0.39974853,-0.6397485,-0.42974854,0.43025148,0.72025144,1.8902515,2.8502514,1.7202514,1.1402515,2.1202514,2.1202514,3.4702516,3.3502514,2.0302515,1.5202515
3.2102516,4.4302516,4.8002515,5.1902514,4.9802513,4.7202516,5.4802513,6.1502514,6.4002514,3.2402515,2.2002516,4.3302517,3.8602514,1.8302515,1.8602514,1.6302514,0.77025145,-0.09974854,0.09025147,-1.2597486,-0.77974856,-0.5797485,0.040251464,-0.28974855,0.36025146,1.7202514,1.2002515,1.2302514,1.6802515,2.4602516,3.1702514,3.5202515,2.6402514,1.6802515,3.3202515,2.9802516,2.8102515,2.2702515,3.6002514,2.4302514,0.8602515
4.7802515,4.8802514,3.8302515,4.3502517,4.6602516,3.1202514,3.6602514,4.2402515,4.4402514,3.1002514,2.0702515,2.8402514,5.3502517,3.3402514,1.9502515,2.0002515,2.6102514,1.8802514,0.17025146,1.2402514,1.2202514,1.4102515,2.1302514,1.8002515,1.6102514,1.8302515,2.1402514,2.5202515,2.7102516,2.7402515,2.8302515,1.5502515,1.2402514,2.4202514,2.1302514,1.6002514,2.0102515,1.9202515,1.8702514,1.3502514,1.2302514
3.2502515,-0.45974854,-1.5597485,-0.25974855,1.0202515,1.6602515,2.2602515,2.9302514,4.6102514,3.8402514,2.1302514,4.6902514,3.5302515,4.2202516,2.9002514,4.1602516,2.5002515,3.3802514,2.5002515,2.6002514,3.0702515,3.0302515,3.4702516,3.2402515,3.6602514,2.9802516,2.0402515,1.7602515,1.3002515,0.43025148,-1.5897485,-0.28974855,2.0002515,2.8202515,3.2002516,3.4502516,2.7702515,3.1202514,3.9802516,2.9402514,0.23025146
