wind_kz.json
{"header": {"discipline":0,"disciplineName":"Meteorological products","gribEdition":2,"gribLength":1025,"center":7,"centerName":"US National Weather Service - NCEP(WMC)","subcenter":0,"refTime":"2024-04-08T12:00:00.000Z","significanceOfRT":1,"significanceOfRTName":"Start of forecast","productStatus":0,"productStatusName":"Operational products","productType":1,"productTypeName":"Forecast products","productDefinitionTemplate":0,"productDefinitionTemplateName":"Analysis/forecast at horizontal level/layer at a point in time","parameterCategory":2,"parameterCategoryName":"UnknownDiscipline_0_Category_2","parameterNumber":3,"parameterNumberName":"UnknownParameter_D0_C2_3","parameterUnit":"Unknown","genProcessType":2,"genProcessTypeName":"Forecast","forecastTime":120,"surface1Type":103,"surface1TypeName":"Specified height level above ground","surface1Value":10.0,"surface2Type":255,"surface2TypeName":"Missing","surface2Value":0.0,"gridDefinitionTemplate":0,"gridDefinitionTemplateName":"Latitude_Longitude","numberPoints":615,"shape":6,"shapeName":"Earth spherical with radius of 6,371,229.0 m","gridUnits":"degrees","resolution":48,"winds":"true","scanMode":64,"nx":41,"ny":15,"basicAngle":0,"lo1":47.0,"la1":41.0,"lo2":87.0,"la2":55.0,"dx":1.0,"dy":1.0}, "data":
[rows 0 to 14 of 15, columns 0 to 40 of 41]
2.6518335,1.9618335,-2.2881665,-2.3781664,0.33183348,-1.2381665,-1.0581665,-2.7881665,-0.35816652,-1.1081665,-2.4981666,-2.8781664,-3.6881666,-3.0581665,-4.3281665,-5.0681667,-2.8581665,-0.77816653,-2.4881666,-3.3981664,-2.4681666,-1.4681665,-1.8481665,0.4818335,4.7718334,3.9818335,1.1718335,0.97183347,-2.8781664,4.4318333,2.1118336,1.6518335,-2.0281665,-0.17816651,-1.1081665,-2.9281664,1.2318335,2.1818335,1.7318335,2.8918335,1.1818335
-2.8781664,-2.7781665,-0.8481665,-0.8881665,0.8618335,-2.2381666,-2.5081666,-1.7581666,-1.0781665,-0.7281665,-2.9281664,-2.4081664,-2.5281665,-4.5581665,-4.3681664,-4.5281663,-3.7981665,-2.9681666,2.1918335,-1.7681665,-1.8581665,-2.7281666,0.9518335,0.10183349,1.0018334,3.0218334,0.2418335,1.5518335,0.0718335,-1.3881665,1.2718335,1.2418334,1.5918335,0.3018335,-2.3581665,2.3818336,2.3018334,1.4718335,2.3818336,0.1318335,-0.3081665
-5.3681664,0.8018335,-0.5781665,-2.0281665,1.0318335,1.6218334,-0.17816651,-0.7281665,-0.4881665,-0.1081665,-1.2281665,-3.0181665,-3.5281665,-5.6481667,-4.4381666,-4.8381667,-4.3881664,-3.3181665,-2.8981664,4.5318336,1.8918335,1.0018334,-2.6581664,-0.008166504,0.7118335,-2.0581665,-3.8181665,-3.8581665,-2.1881666,-1.2081665,0.6118335,-0.7081665,-1.7881665,1.5718335,0.3818335,-1.2181665,0.2818335,-0.5381665,-0.2881665,-0.9381665,-0.0681665
-2.4581666,2.1618335,0.5718335,-0.1081665,-0.6181665,0.7018335,-0.14816651,0.8518335,0.5018335,1.0118335,0.0018334961,-0.17816651,-2.3481665,-3.6281664,-5.4381666,-4.1281667,-4.8481665,-4.9281664,-4.6881666,-5.8881664,4.5818334,3.6218336,2.1218336,1.5118335,0.011833496,-2.5681665,-4.2481666,-4.5581665,-1.7181665,-1.7781665,-3.1381664,-0.9081665,1.5318335,-0.17816651,0.1118335,0.091833495,1.1018335,2.7418334,-1.4081665,-2.5681665,-1.2781665
-0.2581665,3.8318336,1.5718335,1.4718335,-0.6781665,-1.7781665,-0.7281665,-0.9981665,-0.8881665,0.9118335,0.3018335,-0.3281665,3.9718335,0.9618335,-2.2781665,-1.0881665,-3.3881664,-4.3081665,-4.1781664,-3.0781665,-1.9881665,-0.2681665,-0.14816651,0.031833496,0.0718335,-0.8781665,-2.4781666,-5.6281667,-2.7381666,-2.5381665,-2.5281665,-3.1281664,0.4318335,2.9018335,0.3518335,0.3018335,1.6318336,-0.77816653,-2.0881665,-1.5681665,-1.6781665
-2.3481665,-0.6381665,7.3018336,4.0718336,1.3318335,0.4618335,-0.2281665,-0.038166504,0.5818335,0.39183348,0.5218335,1.1818335,5.3718333,5.5518336,1.7318335,-2.4881666,-1.3781666,-1.5181665,-2.6681664,-2.5781665,-2.2581666,-1.5181665,-0.4681665,0.121833496,0.6518335,0.2418335,-0.2781665,-3.6481664,-1.6681665,-2.4181664,-3.0081666,-3.8081665,-1.7581666,-2.0081666,0.091833495,8.371834,0.011833496,2.4618335,1.7918335,-0.6781665,-0.6281665
-2.9781666,-2.6881666,-2.7181666,1.0718335,4.4918337,3.1418335,2.9918334,1.9818335,1.4518335,1.4618335,1.2718335,1.1918335,1.2618335,1.4018335,4.6118336,4.3718333,1.6718335,0.6918335,1.1618335,-0.6481665,0.33183348,0.4818335,-0.048166502,-0.4381665,0.3018335,1.0018334,1.4418335,0.8318335,1.3418335,0.2318335,-0.7681665,-1.0981665,-1.5781665,1.5318335,0.3518335,1.1618335,-1.2181665,0.10183349,1.1118335,1.8118335,1.5218335
-4.4581666,-3.9181664,-2.9081664,-0.5781665,-1.6981665,-2.9881666,-0.2281665,-0.1581665,-0.018166505,-0.0681665,2.2218335,2.1118336,1.5418335,0.7018335,1.0618335,1.1518335,-0.9881665,1.4518335,2.6118336,2.3218336,0.9318335,1.9418335,2.2918334,2.3618336,1.8318335,1.2318335,0.6218335,1.3118335,-0.1581665,1.3918335,0.8018335,0.8518335,1.8118335,1.6718335,1.4518335,1.6618335,-0.1081665,-0.0681665,-0.6481665,0.6218335,-0.2481665
-3.8681664,-3.5581665,-3.8881664,-4.0781665,-3.5781665,-2.8581665,-3.1081665,-3.1881666,-0.6981665,2.5018334,0.72183347,0.6318335,1.9218335,1.2918335,0.4518335,1.4618335,1.5518335,3.2618334,4.0618334,3.0618334,2.7818334,1.5918335,2.4718335,3.1018336,3.5218334,2.6418335,2.4118335,1.6018335,1.7218335,1.3018335,0.6818335,2.0018334,2.3118334,4.0118337,3.5918336,5.4318333,2.5718336,0.3118335,1.6918335,1.2718335,-0.3081665
-4.1681666,-3.7681665,-3.4981666,-3.3881664,-3.0881665,-2.3981664,-2.8481665,-3.0081666,-1.8181665,-0.4381665,-1.1181664,-1.0681665,-1.3081665,-1.8581665,-0.3381665,3.1318336,3.1618335,4.2218337,3.2418334,3.6418335,4.2018337,3.3218336,0.9518335,1.7218335,2.1518335,3.4918334,3.5618334,3.0518334,2.3318336,1.4718335,0.6218335,1.3118335,1.7018335,5.4618335,5.0818334,5.5918336,1.6418335,0.091833495,1.6818335,3.7518334,2.8518336
-3.9881666,-4.8881664,-5.0781665,-4.6381664,-4.0881667,-3.6181664,-3.0581665,-0.9081665,-1.4381665,-2.5381665,-2.7581666,-3.1781664,-1.4681665,-0.8281665,-1.5181665,-2.6481664,-1.9581665,0.4518335,0.8318335,1.8918335,3.2318335,2.9818335,3.4618335,3.3118334,2.2418334,2.7118335,4.1018333,4.8718333,3.6818335,2.1018336,2.2018335,2.0718336,2.6418335,0.1418335,4.5318336,7.0418334,4.0418334,2.4118335,3.6618335,1.6218334,1.3718334
-4.1681666,-5.2081666,-5.1681666,-5.2481666,-5.7581663,-4.3281665,-5.9481664,-3.7381666,-0.20816651,1.4818335,-0.8881665,-0.52816653,0.041833498,0.21183349,0.061833497,-0.058166504,0.78183347,-1.0181665,-1.0881665,0.0718335,0.5518335,1.3118335,1.9918334,2.8618336,3.0118334,3.6318336,3.0118334,2.9318335,2.5118334,2.2918334,2.6418335,3.8018334,3.4118335,4.5118337,6.0318336,4.3018336,7.7018337,2.2018335,-0.5581665,0.3218335,0.1718335
-2.9181664,-4.6281667,-3.9281664,-4.8681664,-5.2081666,-4.0281663,-3.4981666,-0.7481665,-3.8681664,2.3518336,1.7418334,1.1918335,0.4518335,0.1418335,1.6118335,0.8418335,-1.0781665,-0.3981665,-0.4781665,0.7518335,0.061833497,0.2318335,1.9218335,2.4118335,1.0718335,1.7318335,0.4718335,0.7118335,1.2418334,3.4418335,3.6718335,3.7618334,4.2418337,4.6418333,5.8118334,6.4318333,6.3018336,4.5218334,5.1118336,2.5518334,1.4718335
-2.8681664,-3.6181664,-2.3781664,-3.2081666,-3.7781665,-4.2881665,-4.7381663,-3.4781666,-2.5681665,-3.1981666,1.6318336,-0.028166505,-0.2281665,-0.3081665,0.8218335,0.6718335,1.3218335,0.1718335,-0.71816653,1.1818335,0.5418335,-0.3281665,0.021833496,2.1618335,2.2218335,1.7918335,2.6718335,1.1118335,2.2918334,4.7218337,4.3118334,5.1718335,5.3718333,5.8318334,5.2318335,5.7818336,5.0118337,5.8018336,5.5918336,4.8218336,3.5618334
-1.7381665,-2.4881666,-2.5181665,-2.1381664,-2.7981665,-2.4181664,-5.0381665,-2.9281664,-3.2881665,-0.9981665,0.061833497,-0.1581665,0.4218335,0.1918335,0.3118335,-0.0981665,-0.52816653,-1.5781665,-0.20816651,0.2718335,0.6118335,-0.058166504,0.9418335,1.7818335,2.1118336,2.1618335,2.5818336,3.2718334,3.7018335,3.7918334,3.5418334,5.1918335,5.1018333,5.6118336,5.8718333,6.0518336,6.2018337,7.3218336,6.7618337,7.4118333,4.5218334
