wind_kz.json
{"header": {"discipline":0,"disciplineName":"Meteorological products","gribEdition":2,"gribLength":871,"center":7,"centerName":"US National Weather Service - NCEP(WMC)","subcenter":0,"refTime":"2023-09-29T00:00:00.000Z","significanceOfRT":1,"significanceOfRTName":"Start of forecast","productStatus":0,"productStatusName":"Operational products","productType":1,"productTypeName":"Forecast products","productDefinitionTemplate":0,"productDefinitionTemplateName":"Analysis/forecast at horizontal level/layer at a point in time","parameterCategory":0,"parameterCategoryName":"UnknownDiscipline_0_Category_0","parameterNumber":0,"parameterNumberName":"UnknownParameter_D0_C0_0","parameterUnit":"Unknown","genProcessType":2,"genProcessTypeName":"Forecast","forecastTime":0,"surface1Type":1,"surface1TypeName":"Ground or water surface","surface1Value":0.0,"surface2Type":255,"surface2TypeName":"Missing","surface2Value":0.0,"gridDefinitionTemplate":0,"gridDefinitionTemplateName":"Latitude_Longitude","numberPoints":615,"shape":6,"shapeName":"Earth spherical with radius of 6,371,229.0 m","gridUnits":"degrees","resolution":48,"winds":"true","scanMode":64,"nx":41,"ny":15,"basicAngle":0,"lo1":47.0,"la1":41.0,"lo2":87.0,"la2":55.0,"dx":1.0,"dy":1.0}, "data":
[rows 0 to 14 of 15, columns 0 to 40 of 41]
287.79254,280.19257,284.09256,294.89255,294.39255,293.29254,291.79254,292.29254,289.79254,289.29254,288.99255,290.19257,290.49255,289.69257,288.29254,287.09256,287.29254,287.49255,286.39255,287.49255,288.89255,285.49255,285.39255,281.89255,286.79254,286.99255,284.29254,272.99255,273.89255,272.59256,273.39255,272.39255,281.79254,286.79254,288.89255,288.29254,288.49255,287.89255,287.69257,286.79254,285.49255
271.49255,284.09256,294.69257,294.79254,294.59256,292.79254,289.99255,289.19257,287.89255,288.29254,289.89255,291.89255,289.19257,288.89255,292.89255,290.59256,284.69257,285.69257,283.99255,285.09256,285.89255,287.49255,285.09256,278.59256,270.59256,272.79254,278.09256,271.89255,276.69257,273.19257,276.39255,266.69257,275.49255,259.39255,268.79254,283.89255,282.39255,285.39255,287.99255,280.59256,283.69257
285.99255,294.29254,294.59256,293.79254,291.89255,288.59256,288.19257,287.79254,286.99255,286.39255,286.29254,287.09256,287.59256,291.29254,289.89255,289.89255,286.19257,282.59256,283.39255,282.89255,284.39255,286.69257,284.59256,280.79254,283.39255,285.59256,287.29254,287.49255,287.69257,279.99255,271.79254,272.69257,279.39255,276.89255,277.39255,277.69257,269.99255,270.89255,271.79254,267.69257,266.69257
288.89255,293.69257,294.09256,293.09256,290.69257,286.39255,287.29254,286.29254,286.79254,286.49255,286.19257,285.79254,291.29254,290.59256,291.59256,288.79254,286.69257,282.79254,284.29254,282.99255,284.09256,280.59256,286.79254,286.99255,286.19257,287.49255,290.19257,286.89255,285.59256,286.39255,287.79254,284.89255,288.19257,287.39255,284.59256,281.99255,269.29254,263.09256,273.09256,279.29254,281.89255
289.39255,293.09256,293.49255,292.59256,290.69257,287.39255,287.59256,286.99255,286.49255,286.59256,286.29254,285.99255,290.29254,289.09256,287.49255,290.29254,287.09256,286.59256,284.39255,285.69257,285.89255,286.79254,286.09256,287.39255,287.09256,286.89255,285.99255,287.79254,286.89255,288.19257,289.59256,287.99255,277.59256,266.69257,275.19257,281.09256,286.29254,284.69257,284.69257,284.69257,284.69257
288.29254,286.59256,291.89255,292.89255,292.59256,292.29254,286.79254,287.99255,286.09256,286.19257,287.09256,287.09256,289.49255,290.19257,288.99255,289.39255,287.99255,286.39255,285.79254,286.79254,286.49255,285.09256,285.79254,286.19257,287.49255,286.09256,286.99255,289.19257,287.99255,287.39255,285.29254,286.29254,285.09256,283.59256,282.19257,285.39255,277.89255,278.79254,281.09256,283.89255,283.59256
286.69257,285.79254,288.79254,288.19257,287.89255,285.69257,286.59256,286.09256,286.49255,287.09256,286.59256,287.09256,286.19257,287.69257,288.19257,289.79254,289.19257,285.59256,284.39255,284.39255,287.69257,287.39255,286.79254,287.19257,286.39255,287.19257,286.29254,287.49255,287.09256,287.49255,286.39255,285.59256,286.39255,284.39255,283.79254,282.29254,278.09256,275.09256,271.09256,269.79254,278.29254
287.19257,286.09256,286.69257,286.79254,286.89255,286.49255,285.59256,284.39255,283.89255,284.69257,284.79254,285.69257,285.39255,286.09256,286.49255,288.99255,287.59256,287.19257,283.69257,281.89255,283.29254,285.69257,286.29254,285.29254,286.19257,282.69257,283.99255,284.99255,285.59256,287.49255,286.49255,286.59256,283.09256,280.49255,278.99255,277.59256,279.59256,286.79254,279.19257,278.49255,275.59256
285.49255,284.39255,284.59256,283.19257,284.89255,284.49255,282.99255,283.79254,283.19257,282.49255,282.89255,282.49255,282.09256,283.99255,284.39255,287.99255,287.19257,283.49255,284.09256,281.39255,280.09256,280.49255,282.39255,283.59256,282.79254,282.49255,281.39255,282.29254,282.49255,281.69257,282.39255,283.19257,283.79254,283.09256,282.39255,277.89255,278.79254,276.19257,266.09256,264.19257,260.39255
282.29254,283.29254,283.39255,282.89255,283.09256,282.69257,281.79254,281.39255,281.89255,281.19257,280.09256,280.89255,281.19257,281.39255,281.69257,282.29254,282.19257,281.99255,282.19257,285.39255,284.09256,280.99255,281.29254,280.89255,282.29254,281.29254,281.89255,282.19257,279.39255,279.19257,279.79254,282.19257,283.19257,283.19257,282.59256,279.79254,279.39255,276.29254,268.69257,268.29254,263.49255
282.39255,282.59256,282.39255,282.79254,282.49255,280.89255,281.19257,281.09256,281.29254,280.99255,281.59256,280.09256,279.79254,279.89255,280.39255,280.79254,280.69257,282.09256,284.89255,280.89255,280.79254,280.79254,283.89255,283.29254,279.19257,278.89255,278.39255,280.99255,280.19257,281.49255,282.19257,282.19257,281.99255,283.49255,282.59256,280.59256,278.49255,275.59256,272.39255,272.89255,269.29254
281.09256,281.59256,281.29254,281.29254,281.69257,281.79254,281.19257,281.79254,282.29254,281.49255,279.89255,280.49255,281.19257,279.29254,283.49255,280.09256,280.49255,280.79254,281.79254,283.89255,282.09256,279.99255,279.49255,280.59256,282.09256,282.79254,279.29254,280.49255,281.19257,281.59256,281.19257,280.69257,282.19257,280.99255,281.59256,282.39255,283.19257,282.09256,279.99255,279.89255,278.09256
280.69257,280.29254,282.19257,281.79254,281.99255,281.89255,281.19257,281.39255,281.09256,280.99255,278.79254,277.19257,280.39255,280.59256,283.59256,279.79254,279.89255,283.39255,283.89255,282.99255,280.19257,281.99255,281.49255,278.49255,279.99255,280.29254,283.39255,282.39255,282.49255,280.29254,280.99255,282.99255,282.09256,280.99255,280.59256,279.99255,280.29254,281.19257,282.19257,280.79254,278.79254
282.79254,281.99255,284.29254,282.79254,282.39255,282.29254,282.29254,281.99255,282.39255,281.59256,280.39255,278.09256,280.29254,283.29254,283.49255,283.39255,283.59256,283.89255,281.49255,283.09256,283.09256,282.49255,280.49255,280.09256,280.59256,280.69257,280.29254,280.29254,279.99255,281.89255,282.19257,282.29254,281.29254,280.19257,278.89255,278.09256,279.39255,277.99255,278.39255,279.79254,280.59256
284.69257,286.29254,286.29254,284.59256,284.89255,284.09256,283.59256,282.39255,283.19257,282.29254,282.59256,282.89255,281.69257,282.19257,282.89255,283.69257,283.39255,283.19257,283.79254,282.89255,282.99255,282.69257,282.49255,278.49255,279.19257,281.79254,281.39255,281.29254,279.59256,281.59256,282.29254,282.89255,281.39255,280.49255,280.09256,279.69257,280.09256,278.49255,279.29254,280.09256,280.09256
