wind_kz.json
[{"header":{"discipline":0,"disciplineName":"Meteorological products","gribEdition":2,"gribLength":871,"center":7,"centerName":"US National Weather Service - NCEP(WMC)","subcenter":0,"refTime":"2023-09-25T12:00:00.000Z","significanceOfRT":1,"significanceOfRTName":"Start of forecast","productStatus":0,"productStatusName":"Operational products","productType":1,"productTypeName":"Forecast products","productDefinitionTemplate":0,"productDefinitionTemplateName":"Analysis/forecast at horizontal level/layer at a point in time","parameterCategory":0,"parameterCategoryName":"UnknownDiscipline_0_Category_0","parameterNumber":0,"parameterNumberName":"UnknownParameter_D0_C0_0","parameterUnit":"Unknown","genProcessType":2,"genProcessTypeName":"Forecast","forecastTime":120,"surface1Type":1,"surface1TypeName":"Ground or water surface","surface1Value":0.0,"surface2Type":255,"surface2TypeName":"Missing","surface2Value":0.0,"gridDefinitionTemplate":0,"gridDefinitionTemplateName":"Latitude_Longitude","numberPoints":615,"shape":6,"shapeName":"Earth spherical with radius of 6,371,229.0 m","gridUnits":"degrees","resolution":48,"winds":"true","scanMode":64,"nx":41,"ny":15,"basicAngle":0,"lo1":47.0,"la1":41.0,"lo2":87.0,"la2":55.0,"dx":1.0,"dy":1.0},"data":[303.5,292.3,299.2,294.0,293.7,293.1,304.5,309.5,305.4,305.7,303.9,304.0,303.5,304.2,304.3,303.9,303.8,303.0,303.1,303.1,304.2,300.1,300.1,294.6,297.8,299.7,293.5,280.4,277.5,277.0,278.9,276.6,289.6,295.9,296.6,295.9,294.1,294.8,295.4,295.6,293.0,285.9,296.6,293.7,293.5,293.3,293.1,309.8,305.6,304.3,303.6,304.7,301.9,303.9,302.2,302.6,303.2,303.3,302.2,301.4,301.6,301.4,300.1,296.9,288.3,279.2,273.0,287.4,280.4,281.6,275.9,280.4,271.1,280.3,259.2,277.7,291.9,290.6,293.1,295.3,287.6,284.1,300.7,293.1,293.5,292.8,291.4,304.1,303.3,301.9,302.2,301.9,301.0,301.2,301.1,300.6,301.9,302.1,301.9,300.8,300.4,300.3,300.3,298.7,297.7,291.2,295.8,293.7,294.7,293.4,291.9,281.7,271.9,274.9,282.3,282.5,285.3,282.6,276.7,278.3,280.2,277.0,274.8,301.1,292.3,292.9,292.4,295.5,303.7,302.8,302.7,302.1,301.7,301.7,300.7,291.5,290.9,299.1,301.6,300.6,301.0,301.0,299.5,297.5,292.5,296.2,296.4,296.4,296.5,296.9,293.5,292.3,293.6,294.0,291.1,295.0,292.9,291.1,286.1,276.8,268.0,278.3,285.4,289.7,300.9,291.6,291.7,291.4,296.3,302.1,302.2,302.1,300.2,300.7,301.8,301.3,291.2,289.3,288.2,298.8,300.0,298.8,297.9,298.0,297.7,297.0,295.6,295.3,294.8,294.9,293.4,292.5,294.7,294.5,296.7,293.4,278.6,271.2,283.4,291.4,291.8,293.4,293.7,294.8,293.6,303.3,301.4,291.0,292.0,292.8,292.4,301.6,303.6,301.4,301.3,301.1,300.2,291.4,290.2,292.7,297.3,298.4,298.0,297.4,297.5,295.5,295.3,294.4,293.6,293.5,292.7,294.1,288.2,295.0,294.9,293.5,295.6,293.9,292.7,288.5,290.7,282.3,284.9,290.9,292.0,291.7,304.4,305.1,305.5,305.5,300.3,303.5,303.1,301.9,301.6,301.2,299.9,297.8,297.2,296.6,297.2,296.6,296.8,297.2,296.1,294.3,294.4,294.5,294.4,293.4,290.9,291.6,291.9,292.4,292.6,293.0,292.1,292.3,293.1,293.0,291.7,289.3,282.7,279.6,277.6,277.5,285.9,305.9,305.8,306.5,305.5,304.6,303.8,303.4,300.8,299.2,298.7,298.2,296.8,295.9,295.0,296.6,297.0,296.3,295.9,294.4,291.7,290.7,288.9,291.5,291.4,289.9,287.2,287.2,288.5,287.4,289.4,288.2,289.6,288.0,287.1,286.1,287.6,289.3,286.8,286.0,287.4,281.1,305.6,304.7,304.3,303.6,302.7,302.3,301.0,300.0,299.1,298.1,296.7,296.3,295.3,295.3,292.6,293.6,293.7,293.7,291.8,289.2,286.9,286.1,287.0,287.8,288.2,288.5,285.5,284.7,283.7,283.2,285.1,285.9,287.3,288.6,286.8,283.4,284.8,283.5,273.2,272.8,272.7,303.9,303.7,303.3,302.7,302.0,301.7,300.5,299.5,298.5,297.8,296.4,295.3,291.7,291.0,292.9,292.3,291.3,291.2,288.3,289.1,285.3,284.5,285.4,286.7,288.0,287.0,286.3,285.2,284.2,284.2,284.9,286.4,288.8,287.1,285.5,283.8,281.3,278.5,274.9,273.9,271.3,301.5,301.1,300.3,299.4,299.7,298.8,299.1,299.4,298.1,296.8,295.1,294.0,291.8,291.8,289.8,290.0,290.7,291.0,289.9,287.8,287.4,284.8,285.1,286.7,286.4,287.0,284.6,285.9,285.8,286.4,286.7,288.8,287.3,287.5,287.9,282.7,279.4,277.0,278.2,277.6,272.4,300.1,300.3,299.2,298.8,297.8,297.8,296.6,296.1,296.5,295.6,292.1,290.6,289.0,288.6,288.2,287.7,289.0,287.2,288.7,288.2,286.2,285.0,284.9,286.3,285.3,286.7,287.2,287.1,287.4,287.2,286.8,285.7,286.1,284.5,285.6,284.6,282.2,281.1,281.4,282.0,282.0,296.2,297.4,297.9,295.7,296.4,295.6,295.1,295.3,294.0,293.2,288.8,286.7,287.6,284.9,287.0,287.7,286.9,287.6,287.5,286.0,286.3,285.8,284.2,284.7,285.0,286.2,288.1,286.7,287.7,286.7,286.6,286.2,286.4,285.4,284.8,283.4,281.8,281.4,282.2,280.1,282.4,296.5,295.4,291.5,295.5,295.6,294.5,293.4,292.2,291.9,290.5,286.1,283.8,285.6,285.7,286.0,286.8,286.5,286.6,286.6,284.2,285.8,284.6,284.8,284.7,284.0,285.6,286.6,286.4,285.8,285.9,285.6,284.6,284.9,283.4,284.0,281.3,281.2,281.9,280.2,278.5,281.2,295.0,295.5,286.7,295.0,295.3,293.6,292.2,290.9,291.3,291.0,286.7,287.1,283.5,284.3,284.7,285.5,285.5,284.2,285.8,284.4,283.9,284.8,284.1,282.6,283.1,283.6,284.5,284.6,284.0,284.4,284.8,284.4,283.9,282.7,283.9,283.5,284.1,280.7,280.8,279.9,279.4]},{"header":{"discipline":0,"disciplineName":"Meteorological products","gribEdition":2,"gribLength":1025,"center":7,"centerName":"US National Weather Service - NCEP(WMC)","subcenter":0,"refTime":"2023-09-25T12:00:00.000Z","significanceOfRT":1,"significanceOfRTName":"Start of forecast","productStatus":0,"productStatusName":"Operational products","productType":1,"productTypeName":"Forecast products","productDefinitionTemplate":0,"productDefinitionTemplateName":"Analysis/forecast at horizontal level/layer at a point in time","parameterCategory":2,"parameterCategoryName":"UnknownDiscipline_0_Category_2","parameterNumber":2,"parameterNumberName":"UnknownParameter_D0_C2_2","parameterUnit":"Unknown","genProcessType":2,"genProcessTypeName":"Forecast","forecastTime":120,"surface1Type":103,"surface1TypeName":"Specified height level above ground","surface1Value":10.0,"surface2Type":255,"surface2TypeName":"Missing","surface2Value":0.0,"gridDefinitionTemplate":0,"gridDefinitionTemplateName":"Latitude_Longitude","numberPoints":615,"shape":6,"shapeName":"Earth spherical with radius of 6,371,229.0 m","gridUnits":"degrees","resolution":48,"winds":"true","scanMode":64,"nx":41,"ny":15,"basicAngle":0,"lo1":47.0,"la1":41.0,"lo2":87.0,"la2":55.0,"dx":1.0,"dy":1.0},"data":[-0.87501955,1.2349805,-3.1050196,-5.5050197,-4.1850195,-2.6150196,-2.3550196,-1.9650196,-4.5250196,-3.6950195,-2.8350196,-1.8550196,-1.7050195,-2.1550195,-1.3850195,0.85498047,-0.45501953,-0.5450195,0.68498045,0.09498047,-1.0250195,0.04498047,2.0249805,4.3949804,2.2049804,2.4749804,1.3049805,3.1349804,1.0449805,0.9749805,1.0249804,1.3849804,-0.20501953,0.48498046,1.7449805,-0.34501952,1.9749805,0.20498046,0.14498048,0.79498047,1.9849805,-0.13501953,-2.6450195,-4.6250196,-5.7950196,-4.4950194,-1.1250196,-2.3350196,-3.9350195,-2.8050196,-2.5950196,-2.1450195,-1.7450196,0.34498048,0.18498047,1.4949805,2.4849806,0.6549805,2.1449804,0.92498046,2.5549805,1.7849804,-1.1050196,1.8849804,2.0649805,2.1249804,0.5349805,1.0349804,2.9249804,0.93498045,1.8149805,-0.15501954,1.2449805,1.6249804,-0.5450195,0.44498047,2.8849804,1.4949805,1.0849805,-0.5450195,-1.2650195,-1.0250195,-5.7350197,-5.7750196,-6.5150194,-5.3250194,-2.9150195,-1.8950195,-2.8150196,-2.3650196,-1.2650195,-0.68501955,-0.6550195,0.21498047,-1.0050195,1.5949805,1.3849804,3.9249804,3.2549806,3.8449805,1.5149804,2.1549804,1.9949805,1.4949805,3.8049805,4.9949803,5.4349804,1.5449805,1.5949805,1.1449804,3.6449804,-0.20501953,0.39498046,-1.8450196,-0.005019531,1.5549805,-1.8350196,-0.45501953,0.12498047,0.7149805,4.8649807,3.3849804,-1.6450195,-7.2150197,-6.3450193,-5.6650195,-2.8950195,2.2349806,-2.2050195,-1.1950195,-1.3750196,-0.81501955,0.45498046,0.5149805,1.2449805,-2.0750196,0.44498047,1.9049804,2.6649804,3.2049804,2.7449806,2.4349804,3.1249804,3.4349804,4.7149806,4.1349807,3.7449806,4.3249803,4.1649804,4.3849807,4.6249804,5.8349805,1.4849805,1.3949804,2.4149804,6.5449805,1.7749804,1.8449805,2.4949806,0.88498044,1.1949805,-1.2850195,-0.7950195,2.1949804,-6.3750196,-5.8750196,-4.8950195,-3.8050196,-1.3250195,-1.3650196,-1.1850195,-0.7950195,0.37498048,0.8349805,1.7349805,0.8949805,0.48498046,2.1949804,2.1549804,5.5049806,4.7549806,4.2949805,4.8449802,4.8249803,3.7449806,4.9949803,4.9149804,5.0149803,6.0449805,6.1649804,6.6849804,6.7949805,6.1049805,6.4549804,7.3249803,4.3949804,0.31498048,2.0149806,-1.8850195,-1.4350195,-0.94501954,1.6949805,-0.50501955,0.36498046,-2.0750196,-3.4150195,-3.6850195,-3.1250196,-2.3550196,-1.0350195,0.34498048,3.3449805,1.5049804,1.8249805,2.2349806,2.8649805,3.2449806,2.0549805,2.0949805,4.6249804,5.1849804,5.2449803,5.4949803,6.5749803,6.6249804,6.2949805,6.9949803,6.3149805,5.3649807,6.1949806,6.3149805,6.7149806,-0.8550195,3.1849804,5.2749805,5.8549805,6.6649804,6.2849803,5.1349807,2.5449805,-0.41501954,2.5249805,2.5449805,3.8149805,-1.0550195,-3.7550194,-2.8050196,-2.4650195,-0.16501953,0.80498046,1.5749805,3.8749804,2.9149804,3.0349805,3.7749805,3.7549806,4.2549806,4.2849803,4.7849803,5.5949802,5.1849804,5.8449802,6.0849805,6.2749805,5.3449802,5.2149806,7.2749805,7.3149805,6.2549806,5.4749804,5.9149804,5.6149807,4.3449802,4.0749803,3.3949804,3.5149806,5.9949803,5.2049804,5.5949802,4.1249804,0.99498045,-0.86501956,3.8849804,0.11498047,2.2949805,0.99498045,-0.87501955,0.48498046,1.5149804,1.4649805,1.5749805,2.0349805,3.2849805,3.8049805,3.5649805,3.9949806,4.5649805,4.6049805,4.5249805,5.4149804,5.5349803,6.0249805,6.7049804,6.8849807,6.7249804,5.4449806,5.9149804,6.5149803,5.0549803,6.5149803,4.9849806,4.6849804,4.8949804,4.4849806,3.8049805,4.2149806,4.9349804,3.7349806,4.4949803,3.5949805,3.7549806,2.9649804,3.8549805,0.28498048,-5.4850197,-2.3350196,1.9949805,-1.6650195,1.7549804,1.7349805,1.8949804,2.8549805,3.1049805,3.5749805,3.7149804,3.9849806,4.5849805,4.7049804,4.0649805,4.7449803,4.6149807,1.6149805,1.3549805,1.5649805,4.3349805,3.4549804,3.6749804,3.9949806,5.1249804,6.1749806,5.6149807,7.5649805,4.5549803,4.4949803,2.3749804,2.7649806,3.8549805,4.1549807,4.1349807,3.7049804,5.0249805,3.5949805,0.15498047,-0.16501953,1.5649805,0.6549805,-0.99501956,0.19498047,-0.6650195,2.4649804,2.6449804,3.0149806,3.4449804,3.5349805,3.7149804,3.3849804,4.1849804,4.4049807,4.0649805,4.8449802,4.5849805,3.1549804,2.8349805,3.9349804,5.0449805,2.3449805,3.5049806,4.9849806,1.7649804,3.1449804,4.7149806,3.6749804,4.4249806,6.2249804,3.2449806,2.8549805,2.8749804,2.6049805,4.2649803,3.9349804,1.0449805,1.5349804,0.07498047,-0.39501953,-0.35501954,0.62498045,-0.8350195,-1.4750196,-0.89501953,-0.31501952,3.3549805,3.5149806,3.7049804,3.5249805,3.5649805,3.2449806,3.5749805,3.4649804,3.4849806,3.7149804,3.7149804,3.5949805,3.0149806,3.3249805,1.3149805,3.4749804,4.4549804,2.7249804,2.3549805,3.2949805,3.7049804,3.5549805,4.6649804,2.8749804,0.68498045,2.9849806,2.2149804,4.2749805,2.5649805,2.8649805,4.2249804,3.0549805,1.1249804,2.3149805,1.7449805,-0.76501954,-0.17501953,0.31498048,-0.56501955,0.20498046,0.15498047,4.0149803,3.8949804,3.8249805,3.8049805,3.5649805,3.0949805,2.5949805,3.0249805,2.8949804,2.3849804,2.8049805,2.2649806,-0.08501953,-0.8550195,1.4749805,2.5149806,2.6049805,3.4049804,2.5449805,1.7949805,1.5449805,2.6549804,-0.42501953,1.8049805,1.7849804,4.3949804,4.2349806,2.8749804,2.8849804,3.4649804,2.3049805,1.5049804,0.6549805,2.8549805,1.8249805,1.1949805,1.0249804,2.0549805,1.4549805,-0.29501954,-0.17501953,3.7549806,4.0349803,2.5749805,3.6249804,3.1349804,2.2149804,2.4649804,2.8549805,2.7749805,0.8349805,1.8949804,2.1649804,-0.7750195,0.03498047,1.0549805,1.7249805,0.44498047,2.0049806,1.3549805,2.1749804,1.4349805,1.0849805,1.6649804,1.1749805,2.0549805,3.5649805,0.17498046,2.1149805,3.0849805,0.5849805,3.4149804,1.5849805,2.5449805,1.4749805,1.9949805,3.4949806,2.0549805,0.92498046,2.1849804,2.0249805,2.7549806,4.2749805,4.1049805,1.6349804,3.4449804,2.9349804,2.4149804,2.6449804,1.6249804,1.1549804,0.17498046,1.3649805,2.1949804,0.07498047,-2.1550195,0.15498047,-0.24501953,1.2349805,0.29498047,0.6649805,1.6949805,1.6349804,0.06498047,1.7249805,1.0949805,-0.06501953,0.41498047,2.2749805,2.9249804,2.3749804,2.7549806,1.4449805,1.3449805,2.3149805,2.7449806,2.4349804,2.1449804,1.5649805,1.6549804,0.93498045,1.5249804,1.2249805,3.2349806,4.1449804,3.6849804,3.9549804,2.3249805,2.1649804,2.4149804,2.1749804,1.5549805,1.4549805,-0.26501954,0.47498047,-0.81501955,-1.2850195,-1.3850195,-0.49501953,-1.0750195,-1.4750196,-1.5750195,-0.95501953,-1.4350195,-2.5750196,-1.7550195,-0.88501954,-0.55501956,0.81498045,1.3449805,1.2149805,1.5149804,2.2249804,2.9749804,4.7249804,2.6749804,2.8449805,2.7049804,2.8749804,2.0549805,2.7749805,1.9249805,2.0449805,-0.095019534]},{"header":{"discipline":0,"disciplineName":"Meteorological products","gribEdition":2,"gribLength":1025,"center":7,"centerName":"US National Weather Service - NCEP(WMC)","subcenter":0,"refTime":"2023-09-25T12:00:00.000Z","significanceOfRT":1,"significanceOfRTName":"Start of forecast","productStatus":0,"productStatusName":"Operational products","productType":1,"productTypeName":"Forecast products","productDefinitionTemplate":0,"productDefinitionTemplateName":"Analysis/forecast at horizontal level/layer at a point in time","parameterCategory":2,"parameterCategoryName":"UnknownDiscipline_0_Category_2","parameterNumber":3,"parameterNumberName":"UnknownParameter_D0_C2_3","parameterUnit":"Unknown","genProcessType":2,"genProcessTypeName":"Forecast","forecastTime":120,"surface1Type":103,"surface1TypeName":"Specified height level above ground","surface1Value":10.0,"surface2Type":255,"surface2TypeName":"Missing","surface2Value":0.0,"gridDefinitionTemplate":0,"gridDefinitionTemplateName":"Latitude_Longitude","numberPoints":615,"shape":6,"shapeName":"Earth spherical with radius of 6,371,229.0 m","gridUnits":"degrees","resolution":48,"winds":"true","scanMode":64,"nx":41,"ny":15,"basicAngle":0,"lo1":47.0,"la1":41.0,"lo2":87.0,"la2":55.0,"dx":1.0,"dy":1.0},"data":[3.0279102,2.41791,-0.81208986,1.8679101,1.4979101,-2.53209,-3.3820899,-1.7820898,-0.14208984,-1.2620898,-1.9820899,-1.5420898,-1.5520898,-1.1420898,0.7779102,0.28791016,-0.44208986,-1.1020899,-3.58209,-4.16209,-1.7020898,-3.85209,-4.77209,-1.6520898,4.68791,1.1379101,0.7779102,1.6579101,-0.99208987,-2.1420898,0.5179102,1.1879102,2.70791,5.60791,2.7579103,3.3679101,1.0579102,2.8379102,1.4779102,-3.3920898,-2.1320899,-1.6820898,-1.1520898,1.0779102,2.43791,0.6479102,-3.6120899,-1.3120898,-0.70208985,-0.24208984,-1.1220899,-0.9720898,-2.0120897,-1.4220898,-3.1220899,-2.59209,-0.052089844,-0.44208986,-2.4620898,-1.3220898,-0.95208985,-1.8020898,-1.5820899,-4.0120897,-1.6020899,2.0079103,1.2879101,2.2679102,1.6479101,-0.89208984,-1.1320899,-1.7520899,-2.7520897,-0.7920898,0.6479102,1.3879101,3.39791,0.48791015,2.7579103,0.29791015,0.33791015,-0.55208987,0.93791014,2.39791,2.19791,1.5179101,1.4279102,1.2979102,0.39791015,-1.2520899,-0.37208983,-0.47208986,-1.0820899,-3.02209,-2.85209,-5.90209,-2.30209,-0.5320898,0.61791015,-0.36208984,0.17791015,-1.8820899,-2.0120897,-1.7520899,-2.83209,-0.48208985,-2.57209,-2.2620897,-2.1720898,-2.02209,-1.9920899,-0.7320898,-1.8320899,-1.7620898,-2.31209,-1.6920898,0.22791016,-1.8820899,-0.9720898,-4.44209,-1.7020898,0.8979102,-0.63208985,0.34791017,0.49791014,0.8279102,0.87791014,0.46791017,0.84791017,0.047910158,-1.4520898,-1.5820899,-1.1320899,-1.7620898,-1.2920898,-1.8620899,-2.8620899,-4.85209,-2.55209,-1.6520898,-2.4820898,-1.7720898,-2.27209,-3.1620898,-1.5920899,-5.31209,-4.91209,-2.9620898,-1.9920899,-1.9120898,-1.3720899,-0.5320898,-0.9720898,-1.4020898,-1.6320899,-4.91209,0.7779102,-0.5320898,1.0579102,1.0179101,0.80791014,-0.46208984,-1.2620898,-2.29209,0.55791014,-0.09208985,-0.50208986,-2.3820899,-5.0520897,-0.6020898,-1.3020898,-1.9520898,-2.06209,-1.6820898,-2.2120898,-1.7720898,0.8279102,-1.4920899,-1.9920899,-0.62208986,-1.1720898,-0.90208983,0.34791017,-0.76208985,0.24791016,-0.9720898,-1.0120898,-1.3120898,-0.76208985,0.43791017,0.60791016,0.35791016,-0.56208986,0.107910156,0.26791015,1.3079102,2.5579102,-0.44208986,0.26791015,1.8279102,0.60791016,1.2479101,1.2379102,0.017910156,-2.4520898,2.0079103,2.70791,0.97791016,0.08791015,-0.0020898439,-0.6120899,-1.2620898,-0.52208984,-1.3220898,-1.6620898,-1.6920898,-1.8520899,3.15791,4.72791,1.8679101,-2.57209,-2.4820898,-1.8420899,-1.1820898,-0.042089842,0.9579102,0.29791015,-0.46208984,-1.7420899,-1.5820899,0.36791015,0.54791015,4.12791,0.8879101,-1.0220898,-2.4720898,-0.57208985,0.79791015,1.9079101,1.2579101,1.0079101,-0.81208986,-3.1920898,0.8979102,3.3179102,-0.19208984,0.86791015,-0.43208984,0.8279102,0.9579102,3.8179102,1.3679101,1.9079101,-0.58208984,-0.6120899,-1.5420898,-1.4620899,-2.3820899,-2.81209,-2.4020898,-2.4220898,-1.1320899,-0.88208985,-0.80208987,-1.9120898,-2.35209,-0.95208985,-0.052089844,0.13791016,0.62791014,-1.1420898,-0.052089844,-0.87208986,-2.9920897,0.5279102,0.97791016,-0.87208986,1.8679101,0.99791014,0.84791017,1.4279102,2.39791,-0.27208984,1.5779102,0.077910155,2.5579102,-1.4020898,0.53791016,0.31791016,0.06791016,-0.18208985,-0.46208984,-1.1020899,-1.2820898,-1.7520899,-2.1620898,-2.1920898,-2.5120897,-3.3920898,-3.2020898,-3.4520898,-3.35209,-3.2220898,-2.10209,-1.6020899,-0.11208984,0.24791016,-1.1020899,-2.81209,-0.052089844,0.25791016,1.4079101,0.44791016,0.41791016,-0.29208985,-0.68208987,-0.32208985,2.0079103,-0.34208983,-0.90208983,-0.11208984,2.0379102,-0.42208984,-3.6220899,4.8679104,1.3479102,2.70791,-1.5820899,0.22791016,0.09791016,-0.6720898,-0.9820898,-1.3320899,-1.7620898,-1.8720899,-2.08209,-1.9720899,-2.4620898,-2.84209,-2.6720898,-3.4720898,-5.42209,-6.04209,-6.1320896,-7.1120896,-5.23209,-2.1720898,0.37791017,0.8279102,0.54791015,2.5579102,1.2879101,2.5479102,1.7979102,0.45791015,-1.1220899,-0.20208985,-0.9820898,0.79791015,1.2379102,-1.6620898,0.19791016,-2.60209,-0.8520898,2.1379101,2.6179101,2.5979102,2.14791,0.8279102,0.15791015,-0.63208985,-1.4620899,-1.4720899,-1.8020898,-1.7320899,-2.2420897,-2.27209,-2.59209,-2.2620897,-2.5120897,-3.32209,-4.3020897,-2.83209,-5.6320896,-3.80209,-3.3620899,-4.3020897,-1.8720899,-1.4120898,0.22791016,0.41791016,0.7179102,2.43791,4.22791,2.64791,2.6079102,1.0779102,-0.5420898,-0.64208984,1.0379101,0.32791016,-0.46208984,-0.47208986,-0.94208986,-1.2620898,-0.75208986,-1.0720898,0.26791015,2.91791,3.3079102,-0.09208985,-0.94208986,-1.2720898,-1.4620899,-2.1120899,-1.7420899,-2.05209,-2.59209,-2.9720898,-3.6720898,-4.0520897,-4.70209,-1.7020898,-4.16209,-4.3820896,-3.9420898,-4.5320897,-4.44209,-1.6620898,-0.34208983,1.2179102,2.64791,1.2779101,3.68791,0.54791015,1.3579102,1.6179101,1.4979101,0.53791016,0.7079102,-1.6920898,0.12791015,2.44791,1.0979102,0.46791017,1.7679101,1.3779101,1.5579102,2.45791,2.0579102,1.2479101,-0.08208984,-0.102089845,-1.6020899,-1.4920899,-1.4420898,-1.4320898,-2.35209,-3.1420898,-3.2520897,-3.3620899,-3.58209,-4.73209,-2.1420898,-3.1120899,-3.8620899,-3.77209,-3.6920898,-3.07209,-2.4920897,-3.05209,-0.87208986,-0.56208986,1.6679101,1.6279101,0.22791016,3.64791,2.44791,1.5179101,0.93791014,1.9479102,0.077910155,1.9479102,0.5279102,0.8879101,0.7079102,1.3079102,1.8879101,1.0879102,0.75791013,1.2079102,1.1879102,-0.14208984,-1.0020899,-0.6720898,-0.28208983,-0.38208985,-0.49208984,-1.9120898,-2.4220898,-2.9920897,-3.2220898,-2.55209,-2.9020898,-3.0120897,-2.02209,-3.80209,-4.10209,-3.4320898,-3.5120897,-2.2620897,-1.6420898,-1.0620898,-1.1220899,-0.33208984,2.1379101,2.0879102,-0.26208985,2.72791,1.0479102,0.30791014,3.0679102,1.1279101,2.14791,-1.2020898,2.7579103,2.2879102,1.2479101,2.2979102,1.4579102,0.81791013,-0.052089844,1.7779101,0.14791016,-0.09208985,0.6479102,0.33791015,0.27791014,-0.7220898,-1.1620898,-1.2320899,-2.7320898,-3.3820899,-1.7220899,-1.5720898,-3.28209,-3.6520898,-4.71209,-4.52209,-4.27209,-4.00209,-2.6420898,-1.1220899,-0.28208983,-0.96208984,-0.44208986,-0.39208984,-0.30208984,-2.08209,2.1079102,1.1979102,0.65791017,0.7179102,2.6179101,0.047910158,1.0379101,1.1979102,-0.7320898,2.20791,1.9279102,2.6379101,2.65791,0.9579102,0.81791013,1.5779102,1.8179102,2.5879102,2.3379102,1.8179102,0.36791015,-0.042089842,-0.15208985,-1.1520898,-1.1920898,-0.022089845,-0.63208985,-0.82208985,-0.70208985,-3.30209,-3.7320898,-4.18209,-3.77209,-3.7420897,-3.8720899,-1.4820899,-2.35209,-1.6120899,-0.93208987,-0.46208984,1.0879102,0.08791015,-1.2720898,-1.0720898,-0.69208986,0.66791016,2.5779102,0.5779102,0.22791016,1.1379101,1.2479101,2.2379103,2.1279101,2.1279101,3.0679102,2.0079103]}]