wind_kz.json
{"header": {"discipline":0,"disciplineName":"Meteorological products","gribEdition":2,"gribLength":1025,"center":7,"centerName":"US National Weather Service - NCEP(WMC)","subcenter":0,"refTime":"2023-09-07T00:00:00.000Z","significanceOfRT":1,"significanceOfRTName":"Start of forecast","productStatus":0,"productStatusName":"Operational products","productType":1,"productTypeName":"Forecast products","productDefinitionTemplate":0,"productDefinitionTemplateName":"Analysis/forecast at horizontal level/layer at a point in time","parameterCategory":2,"parameterCategoryName":"UnknownDiscipline_0_Category_2","parameterNumber":3,"parameterNumberName":"UnknownParameter_D0_C2_3","parameterUnit":"Unknown","genProcessType":2,"genProcessTypeName":"Forecast","forecastTime":240,"surface1Type":103,"surface1TypeName":"Specified height level above ground","surface1Value":10.0,"surface2Type":255,"surface2TypeName":"Missing","surface2Value":0.0,"gridDefinitionTemplate":0,"gridDefinitionTemplateName":"Latitude_Longitude","numberPoints":615,"shape":6,"shapeName":"Earth spherical with radius of 6,371,229.0 m","gridUnits":"degrees","resolution":48,"winds":"true","scanMode":64,"nx":41,"ny":15,"basicAngle":0,"lo1":47.0,"la1":41.0,"lo2":87.0,"la2":55.0,"dx":1.0,"dy":1.0}, "data":
[rows 0 to 14 of 15, columns 0 to 40 of 41]
0.40152833,-1.7484717,0.17152832,-6.4084716,-8.348472,-7.608472,-3.3084717,-0.8784717,-1.8084717,-1.9884716,-3.6984718,-3.2684717,-4.1784716,-4.8084717,-5.188472,-5.2484717,-5.2484717,-3.6284716,-4.2984715,-1.8684716,-3.0784717,-2.7384717,1.7515283,0.49152833,-1.9284717,-0.94847167,-1.2584717,1.8515283,2.3815284,-0.36847168,-2.2184718,-1.9984717,0.85152835,-1.6284717,-1.7784717,-2.3884716,-0.08847168,2.2715282,1.4615283,0.47152832,1.1715283
1.7815284,0.80152833,-1.4984717,-3.5484717,-5.2984715,-5.4084716,-3.0984716,-0.9984717,-1.3284717,-2.7184718,-3.1284716,-3.8684716,-3.9784718,-3.9284716,-4.6184716,-4.7984715,-3.6684716,-4.2184715,-4.7584715,-5.0984716,-4.4084716,-4.5584717,-1.3184717,1.4415283,0.16152832,0.46152833,-2.1484716,2.3115282,0.5915283,1.9315283,4.2015285,2.8515284,0.5815283,-2.8184717,0.011528321,-0.5584717,0.05152832,-1.4584717,-0.43847167,-1.6184716,0.60152835
0.32152832,-4.108472,-0.6784717,-3.1684716,-2.1984718,-2.5784717,-2.3984716,-1.0784717,-1.0884717,-2.6484716,-3.3684716,-3.3284717,-3.9684718,-3.6984718,-3.8884716,-4.2984715,-3.8584716,-4.3084717,-4.438472,-4.3084717,-2.3584716,-3.7084718,-6.7784715,-1.5684717,-0.5284717,0.66152835,-0.40847167,0.68152833,-0.28847167,0.22152832,3.1915283,0.6215283,1.3915284,-0.4184717,-1.0084717,1.3515283,0.04152832,-1.3684716,-0.2684717,-0.42847168,1.3015283
1.8915284,-1.4684716,-1.1584717,-3.7084718,-0.43847167,-0.07847168,-1.6684717,-0.34847167,-0.6884717,-1.9784716,-2.8984716,-3.3384717,-4.858472,-4.6784716,-3.1184716,-3.7984717,-4.2384715,-4.6384716,-5.2984715,-6.8484716,-4.2884717,-2.1284716,1.5215284,-1.7884717,-2.3584716,-2.9984717,-2.7184718,-2.0284717,0.32152832,-1.5184717,-2.0384717,-1.2484717,-0.2684717,-1.0084717,-0.13847168,-2.5884717,-0.70847166,3.1915283,-0.6584717,-0.34847167,-1.4084717
-2.0784717,-0.13847168,-0.6184717,-0.49847168,-0.37847167,-1.0184717,-0.95847166,-0.5584717,-3.2984717,-2.2184718,-2.9084716,-2.8184717,-2.5584717,-2.9784718,-4.6384716,-2.7684717,-3.7084718,-4.4984717,-3.8984716,-3.3784716,-2.6084716,-1.5584717,-2.6484716,-2.9084716,-2.6384716,-1.8684716,-2.3284717,-1.5784717,-1.7984717,-2.9884717,-4.3684716,-1.7584717,1.5115284,2.6815283,-0.7784717,-0.63847166,-0.048471678,1.7915283,-1.4884716,-0.51847166,-0.6784717
-1.8984717,-2.1384716,-1.1784717,-0.9284717,-2.8184717,-0.02847168,0.80152833,0.46152833,1.4015284,-2.2684717,-3.7984717,-3.4184716,-4.4284716,-3.4484718,-2.2484717,-3.4484718,-2.9884717,-3.7384717,-4.5184717,-2.1784716,-1.9184717,-1.7684717,-1.7584717,-1.9184717,-2.0384717,-2.8984716,-2.1084716,0.5115283,-1.5884717,-2.6584716,-3.4684718,-3.5984716,-4.0584717,-2.6984718,1.8415283,-1.7684717,2.0015283,0.17152832,-2.6084716,0.46152833,-0.06847168
-1.5284717,-1.9184717,-2.0284717,-1.3684716,-1.1284717,-2.3584716,-2.5484717,-2.0084717,-1.7084717,-4.418472,-3.8884716,-4.0084715,-2.2584717,-2.5984716,-2.3284717,-2.7584717,-0.8584717,-2.0484717,-3.3884716,-2.9684718,-3.0784717,-1.8784717,-0.7284717,0.31152833,-0.7284717,-0.9784717,-2.8984716,-2.1084716,-2.9384718,-2.6884718,-3.2884717,-4.148472,-5.128472,-6.9084716,-1.3184717,-1.8284717,-3.8284717,-2.6784716,-2.3384717,-0.83847165,-2.2784717
-1.6984717,-2.7784717,-1.3584716,-0.25847167,1.1615283,-1.8884717,-2.7784717,0.6415283,-2.4984717,-3.5984716,-2.6484716,-2.7284718,-2.9484718,-2.8784716,-2.8384717,-1.9984717,-1.9884716,-1.2984717,-1.9484717,-1.0884717,-3.1984718,-2.1384716,-2.6084716,-1.3584716,-0.88847166,0.9515283,0.8715283,-1.6584717,-1.8384717,-3.8584716,-3.5284717,-3.2484717,-4.1184716,-4.608472,-1.0084717,0.6315283,-0.02847168,0.20152833,0.19152832,0.3915283,-0.56847167
-0.14847168,-0.9284717,0.05152832,0.5915283,0.5615283,0.5215283,-2.0884717,1.9115283,0.38152832,1.3615283,-0.81847167,1.2915283,0.5015283,-1.3984717,-2.4384718,-2.8384717,-1.4684716,-1.4784716,-0.5284717,-0.50847167,-0.36847168,-1.8684716,-1.1584717,-0.8684717,-0.8684717,0.22152832,-0.02847168,-0.42847168,-0.9884717,-1.6784717,-4.0284715,-3.2884717,-2.3984716,-2.5784717,-1.2884717,-2.1784716,-2.5084717,-1.6884717,-3.7784717,-2.8784716,-3.3284717
0.5815283,1.6515284,3.0115283,2.2615283,0.2915283,-1.3284717,-2.0484717,-1.4584717,2.2115283,0.93152833,-1.0184717,-0.94847167,-3.5584717,-1.3884717,-1.3284717,-1.9984717,-0.9384717,-1.1184716,0.41152832,-0.10847168,-0.06847168,-0.33847168,0.02152832,0.55152833,-0.14847168,0.22152832,-0.19847168,0.15152831,-1.6784717,-1.9784716,-2.3784716,-1.7084717,-2.6484716,-2.1384716,-1.6684717,-0.7784717,0.05152832,-1.8984717,-1.8584716,-1.7784717,-1.8084717
1.8715283,0.23152833,2.1715283,1.5315284,0.8815283,-0.46847168,0.7715283,0.28152832,-1.3684716,-0.20847169,0.8915283,0.06152832,-1.1384717,-1.0284717,-2.5084717,0.5315283,-2.0484717,-0.75847167,0.9015283,1.2215283,1.4515283,0.98152834,-0.5584717,-1.0984716,0.9015283,1.6915283,0.80152833,0.03152832,-1.2084717,-1.6984717,-2.6184716,-2.8884716,-3.3784716,-2.1984718,-1.3584716,-0.5584717,-1.1584717,0.44152832,-0.6784717,0.05152832,-0.6784717
-0.56847167,0.7615283,1.0515283,0.86152834,3.0115283,1.3915284,0.06152832,0.21152832,-0.15847167,-0.69847167,-0.76847166,-1.3984717,0.27152833,-1.2184716,-2.2284718,-0.9284717,-0.69847167,0.79152834,0.5615283,2.0015283,2.0215282,1.5215284,1.2715284,0.66152835,-0.03847168,-0.11847168,0.37152833,0.99152833,-1.7684717,-2.6584716,-3.0684717,-3.2984717,-2.6384716,-3.3784716,-2.4384718,0.06152832,1.1915283,1.0815283,1.8015283,1.6015283,0.8215283
2.4415283,1.5615283,1.4815283,1.9215283,1.5615283,1.1515284,-0.00847168,0.10152832,-0.82847166,-0.00847168,-0.07847168,-0.7384717,-1.2584717,-0.5484717,-0.7184717,-1.8184717,-2.0284717,-0.05847168,0.25152832,1.0515283,1.6015283,1.5915283,1.2515283,1.6015283,1.4615283,-0.05847168,1.1715283,0.3615283,-1.4584717,-2.2384717,-2.7684717,-2.8984716,-2.9984717,-2.8684716,-3.0484717,-2.6484716,-2.0884717,-0.89847165,-0.24847168,1.7115283,1.3115283
1.7415283,2.4915283,2.3315284,2.3915284,2.3115282,2.0715284,1.3915284,1.4015284,1.0015283,0.55152833,0.7815283,-0.4584717,-0.8584717,-0.9684717,-1.2684717,-0.89847165,-0.8784717,-0.5984717,-0.5584717,0.86152834,2.6215284,2.1315284,1.3315283,1.5015283,1.0315284,-0.44847167,0.4515283,0.22152832,-0.88847166,-1.8284717,-2.5384717,-2.1084716,-2.3084717,-2.6484716,-2.6584716,-3.5284717,-2.7884717,-2.1784716,-2.0784717,-1.5984716,0.06152832
1.3915284,1.0815283,2.8515284,2.8515284,3.6915283,3.1615283,2.9915283,2.2615283,2.1315284,1.3415283,0.09152832,1.2715284,0.5215283,-0.22847168,-1.1684717,-1.4184717,-1.4784716,-1.2184716,0.3615283,0.5815283,1.7715284,2.0715284,2.1915283,1.6315284,1.6015283,1.3115283,0.31152833,0.8415283,-0.5284717,-1.5084717,-2.4684718,-2.0884717,-1.8884717,-2.3584716,-2.4584718,-2.4184716,-2.3384717,-2.0084717,-1.9884716,-2.4784718,-0.2684717
