wind_kz.json
{"header": {"discipline":0,"disciplineName":"Meteorological products","gribEdition":2,"gribLength":871,"center":7,"centerName":"US National Weather Service - NCEP(WMC)","subcenter":0,"refTime":"2023-08-24T12:00:00.000Z","significanceOfRT":1,"significanceOfRTName":"Start of forecast","productStatus":0,"productStatusName":"Operational products","productType":1,"productTypeName":"Forecast products","productDefinitionTemplate":0,"productDefinitionTemplateName":"Analysis/forecast at horizontal level/layer at a point in time","parameterCategory":0,"parameterCategoryName":"UnknownDiscipline_0_Category_0","parameterNumber":0,"parameterNumberName":"UnknownParameter_D0_C0_0","parameterUnit":"Unknown","genProcessType":2,"genProcessTypeName":"Forecast","forecastTime":180,"surface1Type":1,"surface1TypeName":"Ground or water surface","surface1Value":0.0,"surface2Type":255,"surface2TypeName":"Missing","surface2Value":0.0,"gridDefinitionTemplate":0,"gridDefinitionTemplateName":"Latitude_Longitude","numberPoints":615,"shape":6,"shapeName":"Earth spherical with radius of 6,371,229.0 m","gridUnits":"degrees","resolution":48,"winds":"true","scanMode":64,"nx":41,"ny":15,"basicAngle":0,"lo1":47.0,"la1":41.0,"lo2":87.0,"la2":55.0,"dx":1.0,"dy":1.0}, "data":
[rows 0 to 14 of 15, columns 0 to 40 of 41]
290.98465,283.18463,288.78464,298.98465,298.78464,297.98465,294.88464,294.68463,292.58466,292.18463,290.68463,292.58466,291.88464,291.08466,290.68463,287.68463,286.58466,287.48465,286.68463,287.78464,289.88464,286.28464,283.78464,281.68463,286.18463,289.78464,288.28464,278.18463,276.68463,277.48465,274.18463,277.48465,289.08466,297.18463,296.98465,295.98465,296.28464,296.28464,296.28464,296.68463,297.38464
276.88464,288.58466,298.88464,299.08466,299.08466,297.78464,292.48465,292.08466,291.48465,290.68463,291.18463,290.08466,288.98465,286.08466,286.68463,285.98465,286.28464,285.28464,283.88464,283.58466,285.38464,287.68463,286.78464,277.58466,265.88464,274.68463,278.78464,274.48465,278.88464,276.28464,281.08466,273.68463,281.28464,268.98465,280.78464,294.88464,290.28464,293.28464,297.08466,289.88464,284.08466
290.08466,298.48465,299.08466,299.08466,297.68463,291.68463,291.78464,290.78464,289.38464,289.58466,288.48465,288.98465,284.88464,286.08466,288.18463,286.88464,285.28464,283.78464,283.48465,282.28464,282.98465,283.48465,285.18463,282.08466,284.08466,281.98465,282.28464,281.68463,281.68463,278.08466,272.78464,273.98465,280.18463,281.88464,284.08466,283.08466,278.78464,279.18463,280.18463,276.88464,276.58466
294.78464,299.08466,299.08466,298.28464,294.98465,292.08466,293.28464,291.28464,290.98465,289.88464,288.88464,288.78464,294.88464,294.28464,287.18463,282.58466,284.78464,285.48465,288.38464,284.88464,281.78464,280.68463,287.48465,287.58466,288.88464,287.78464,286.58466,283.18463,282.48465,285.38464,286.68463,284.28464,288.38464,287.58466,287.88464,284.28464,279.78464,276.48465,281.08466,289.58466,293.68463
295.18463,298.88464,299.18463,298.98465,296.28464,292.98465,292.68463,291.68463,290.98465,291.38464,290.18463,289.88464,294.98465,293.58466,291.18463,287.88464,287.88464,285.78464,281.88464,286.78464,286.48465,287.48465,286.28464,285.88464,285.38464,284.88464,285.48465,287.98465,284.58466,285.58466,288.78464,286.88464,278.28464,275.08466,283.88464,291.28464,291.08466,295.98465,294.98465,295.38464,295.78464
291.78464,290.78464,297.28464,298.38464,298.88464,298.48465,292.18463,292.98465,291.58466,291.28464,291.88464,292.98465,293.48465,294.28464,291.98465,287.18463,288.78464,287.88464,288.18463,287.88464,285.48465,284.58466,282.08466,285.28464,284.48465,284.68463,284.68463,292.68463,285.78464,287.48465,287.08466,290.38464,289.28464,288.58466,286.68463,290.08466,282.78464,284.68463,289.38464,294.58466,295.08466
290.38464,289.58466,291.68463,291.98465,293.58466,291.18463,291.68463,291.58466,291.68463,292.08466,291.58466,290.48465,289.38464,288.68463,288.18463,289.08466,288.58466,288.28464,286.98465,286.38464,285.38464,284.78464,285.08466,284.78464,283.58466,283.98465,283.88464,285.68463,285.58466,284.88464,284.48465,287.28464,289.18463,290.58466,289.98465,288.98465,285.98465,283.68463,282.48465,281.28464,290.58466
290.58466,290.08466,290.88464,291.68463,293.18463,292.68463,292.48465,291.28464,290.78464,290.28464,289.18463,288.98465,289.48465,289.88464,288.18463,288.48465,287.98465,287.68463,286.88464,284.48465,284.48465,283.68463,283.78464,283.28464,282.38464,280.08466,281.68463,282.08466,281.28464,283.48465,282.78464,283.98465,284.98465,284.08466,285.78464,288.28464,290.38464,289.48465,289.98465,290.68463,286.78464
290.98465,291.88464,291.78464,291.98465,292.88464,292.48465,291.48465,291.18463,289.28464,288.38464,288.08466,287.48465,288.78464,286.38464,286.38464,287.18463,286.78464,286.28464,285.48465,284.28464,282.18463,281.78464,282.18463,282.18463,280.38464,280.78464,279.68463,279.08466,279.18463,277.08466,279.78464,280.68463,283.18463,285.58466,287.28464,286.28464,287.28464,287.78464,281.78464,279.98465,277.08466
291.88464,292.28464,291.98465,291.98465,291.68463,291.18463,289.38464,288.38464,287.98465,286.98465,286.38464,287.28464,288.08466,283.98465,283.88464,284.58466,284.98465,285.18463,285.38464,284.88464,282.68463,282.38464,282.68463,282.28464,281.88464,281.18463,280.48465,280.78464,279.78464,279.88464,280.28464,283.78464,285.78464,285.58466,286.68463,286.58466,285.58466,284.48465,282.58466,281.38464,280.68463
290.68463,290.48465,289.38464,290.18463,289.88464,288.88464,287.98465,286.38464,286.08466,286.48465,285.38464,286.98465,287.38464,282.98465,282.68463,282.88464,282.98465,283.98465,283.28464,282.28464,282.18463,282.18463,281.98465,281.38464,281.28464,281.78464,280.58466,281.98465,282.38464,283.88464,284.78464,285.38464,285.68463,285.48465,285.48465,285.88464,284.08466,283.08466,284.38464,283.78464,281.78464
286.68463,288.48465,288.68463,287.98465,288.48465,285.28464,283.48465,284.38464,287.78464,286.98465,284.78464,284.08466,282.18463,281.58466,281.88464,281.48465,281.58466,281.78464,281.38464,281.58466,280.58466,280.08466,279.88464,279.78464,280.38464,282.48465,283.48465,286.68463,284.58466,285.08466,283.78464,284.28464,285.18463,283.38464,284.88464,285.98465,287.98465,287.78464,286.78464,287.08466,287.08466
286.98465,286.18463,286.88464,285.88464,283.98465,284.28464,283.48465,286.38464,285.98465,285.28464,278.88464,276.78464,280.48465,279.98465,280.68463,280.38464,280.48465,280.38464,284.48465,283.08466,279.68463,281.98465,279.38464,278.88464,281.08466,283.48465,287.38464,285.78464,286.08466,283.88464,283.88464,283.38464,283.88464,284.38464,284.38464,286.28464,286.88464,287.78464,287.98465,287.18463,287.18463
284.68463,286.08466,288.48465,285.18463,283.28464,282.98465,284.28464,285.48465,285.48465,280.18463,278.78464,276.78464,277.48465,279.38464,279.38464,279.68463,280.08466,279.18463,278.58466,278.68463,278.68463,278.48465,279.18463,279.78464,282.98465,283.58466,285.18463,285.88464,284.28464,282.58466,283.88464,283.28464,283.28464,283.18463,284.28464,285.68463,285.88464,286.48465,286.48465,286.28464,287.28464
284.78464,285.88464,290.28464,284.08466,283.28464,282.58466,284.88464,284.18463,281.28464,279.78464,279.28464,277.28464,276.88464,276.68463,278.68463,283.08466,278.08466,279.68463,279.68463,279.78464,280.18463,279.98465,279.08466,280.28464,278.68463,280.78464,281.08466,282.98465,284.28464,281.38464,282.18463,285.78464,286.38464,283.18463,283.58466,285.38464,286.58466,285.28464,285.68463,286.98465,287.58466
