wind_kz.json
{"header": {"discipline":0,"disciplineName":"Meteorological products","gribEdition":2,"gribLength":1025,"center":7,"centerName":"US National Weather Service - NCEP(WMC)","subcenter":0,"refTime":"2024-02-01T18:00:00.000Z","significanceOfRT":1,"significanceOfRTName":"Start of forecast","productStatus":0,"productStatusName":"Operational products","productType":1,"productTypeName":"Forecast products","productDefinitionTemplate":0,"productDefinitionTemplateName":"Analysis/forecast at horizontal level/layer at a point in time","parameterCategory":2,"parameterCategoryName":"UnknownDiscipline_0_Category_2","parameterNumber":3,"parameterNumberName":"UnknownParameter_D0_C2_3","parameterUnit":"Unknown","genProcessType":2,"genProcessTypeName":"Forecast","forecastTime":240,"surface1Type":103,"surface1TypeName":"Specified height level above ground","surface1Value":10.0,"surface2Type":255,"surface2TypeName":"Missing","surface2Value":0.0,"gridDefinitionTemplate":0,"gridDefinitionTemplateName":"Latitude_Longitude","numberPoints":615,"shape":6,"shapeName":"Earth spherical with radius of 6,371,229.0 m","gridUnits":"degrees","resolution":48,"winds":"true","scanMode":64,"nx":41,"ny":15,"basicAngle":0,"lo1":47.0,"la1":41.0,"lo2":87.0,"la2":55.0,"dx":1.0,"dy":1.0}, "data":
[rows 0 to 14 of 15, columns 0 to 40 of 41]
0.24526733,-3.1147327,1.9252673,-1.3547326,-3.1347327,-3.5247326,-2.0247326,0.55526733,0.45526734,-0.07473267,-1.3947327,-0.7947327,-1.1347327,-1.2347326,-1.5347327,-1.1547327,-0.6247327,-1.3747326,-1.9447327,-0.6047327,0.27526733,-0.8647327,-0.9847327,-2.5747328,-1.1147326,-1.8347327,-2.0747328,1.3652673,2.3152673,1.2952673,-3.9047327,-5.3847327,2.0552673,-0.97473264,0.45526734,1.8952674,1.1552674,0.86526734,0.6452673,0.40526733,-0.43473268
3.4252672,1.2252673,2.8252673,-1.0147327,-3.1747327,-3.5847328,-2.5947328,1.5252674,0.22526734,-0.33473265,-1.7547326,-1.4247327,-1.5447327,-1.5347327,-2.9647326,-1.2847327,-0.16473266,-1.8247327,-2.5847328,-2.5647326,-1.8147327,-1.1947327,1.4452673,1.6852673,-3.1847327,-2.9347327,-3.9747326,1.1452674,1.1152673,0.8252673,5.5552673,3.8452673,-0.70473266,-2.8447328,-5.8947325,-2.8747327,-2.5347326,-2.0547326,0.13526733,-0.20473267,0.9452673
-0.23473267,2.6352673,1.3852674,-0.38473266,-1.5947326,-0.42473266,-0.14473267,-0.32473266,0.8752673,0.085267335,-0.50473267,-0.42473266,-1.5947326,-1.2647327,-1.6747327,-1.3547326,0.10526733,-0.46473268,-2.1547327,-3.2147326,-2.5147326,-0.19473267,-0.59473264,0.16526733,-0.24473266,1.0152674,0.8152673,0.12526733,0.07526734,2.4652674,2.5852673,1.3752674,2.9652674,-2.4047327,-0.46473268,1.7952673,4.6252675,-0.59473264,0.6852673,-1.1247326,-0.65473264
-0.13473266,-0.27473268,2.4652674,2.4852674,-0.6047327,0.73526734,0.025267335,1.6652673,1.9852673,1.4852673,0.8352673,-0.38473266,-0.41473266,-0.18473266,-0.48473266,-0.38473266,0.09526733,-0.65473264,-1.9147327,-4.0247326,-2.3347328,-0.44473267,1.6852673,0.47526732,0.59526736,1.2052673,0.66526735,-1.0347327,2.1652672,1.9052674,3.0052674,-0.75473267,-0.76473266,0.10526733,-1.0647327,-3.6247327,-1.1247326,3.4552674,3.8952672,3.0852673,2.4452674
0.97526735,0.55526733,0.43526733,-0.14473267,-0.19473267,0.27526733,-0.23473267,1.4352673,1.9952674,1.5052674,1.7752674,0.8752673,-0.52473265,-1.3847327,-2.0147326,-2.0447326,-2.5747328,-2.4147327,-2.3547328,-3.1347327,-3.1347327,-0.9147327,-1.4947326,-2.2647326,0.15526733,-0.88473266,0.59526736,0.035267334,-0.83473265,1.3852674,3.7252674,2.0852673,3.0852673,2.8552673,-1.6147326,-2.0447326,-0.29473266,0.20526734,0.90526736,2.0552673,2.2252674
2.7652674,2.0152674,1.1552674,0.65526736,-0.024732666,-0.51473266,0.66526735,1.2652674,0.96526736,0.90526736,0.36526734,0.48526734,0.66526735,-0.29473266,-0.8647327,-0.8047327,-0.8647327,-0.51473266,-1.3747326,-0.8647327,-0.82473266,-0.9847327,-1.2047327,-1.2847327,-1.4947326,-1.2747327,-0.8747327,0.14526734,0.7552673,1.2952673,1.9552673,1.8352673,2.3352673,3.3352673,3.2852674,-0.22473267,2.9652674,0.96526736,-0.054732665,-1.7747327,1.6052673
3.1852674,2.7552674,3.1452672,2.8952672,2.0752673,1.1152673,1.3452673,1.0252674,0.49526733,0.8952673,-0.16473266,0.19526733,-0.5447327,-0.27473268,-0.43473268,-0.84473264,0.22526734,-0.9847327,-0.24473266,-0.15473266,-1.0847327,-0.36473265,0.5052673,1.5952673,0.47526732,1.1252674,0.015267334,1.0052674,0.85526735,2.4052672,2.4552674,1.3152673,2.8352673,2.2752674,1.0752673,-0.96473265,-0.94473267,2.7552674,-0.59473264,-1.0047326,0.28526732
2.6652672,3.1352673,2.6652672,2.3752673,2.8052673,2.5052674,2.3952672,2.6352673,2.1552672,1.7752674,1.2052673,0.5152673,-1.0947326,0.25526732,-0.89473265,-1.5647327,-1.4647326,-0.45473266,0.49526733,0.025267335,-1.2647327,-0.77473265,-0.6747327,-0.37473267,-0.014732666,-0.18473266,-0.7447327,-0.9947327,0.44526732,1.5252674,2.3952672,2.5252674,2.2052674,3.2352674,6.9552674,2.8352673,1.3352673,2.8952672,-2.2247326,1.3352673,2.2652674
2.2352674,2.5452673,3.0352674,2.8152673,2.9452674,2.8252673,2.9052672,2.9452674,2.5652673,2.3252673,1.9552673,1.6252674,0.46526733,0.54526734,-0.07473267,-1.2547326,-1.8747326,-2.6247327,-2.7347326,-3.0847328,-1.6547327,-2.4947326,-3.7347326,-4.2547326,-4.1047325,-4.6447325,-4.0847325,-2.5847328,-2.0847328,-2.1847327,-0.64473265,0.27526733,-0.63473266,1.1252674,4.3352675,2.7352674,1.0452673,3.2452674,5.2652674,3.2852674,2.5452673
1.6552674,1.8252673,2.2452674,2.6152673,2.8452673,2.7052674,2.8052673,2.7252674,3.3952672,2.8052673,2.2452674,1.7452674,1.9952674,1.3152673,0.6352673,-1.0747327,-1.0547327,-1.0947326,-1.5947326,-1.4347327,-0.96473265,-1.8547326,-2.1247327,-2.5847328,-2.8347328,-2.8847327,-2.3747327,-2.3147326,-1.9247327,-1.5547327,-2.4347327,-3.6747327,-4.454733,-0.034732666,-0.37473267,-2.3447328,1.8852674,0.9352673,4.8152676,5.0152674,4.0652676
0.16526733,-0.06473266,-0.18473266,0.31526732,1.6352674,2.9652674,3.0952673,2.6452672,2.7052674,2.1352673,1.2052673,1.4752673,0.6952673,1.3552673,1.0352674,-0.14473267,-1.0747327,-2.1647327,-1.8647326,-1.1947327,-1.1347327,-1.1647327,-2.4147327,-1.4547327,-0.97473264,-0.5647327,-0.44473267,-2.0547326,-2.1147327,-2.8847327,-3.4847326,-3.9047327,-3.8447328,-2.0047326,1.1852673,1.7052673,1.4352673,-0.024732666,3.0952673,1.5452673,1.5252674
0.10526733,-0.25473267,0.07526734,1.5652673,2.5052674,2.8052673,1.9952674,1.2552674,-0.20473267,0.65526736,1.0552673,0.055267334,0.11526734,0.99526733,0.44526732,0.25526732,-0.42473266,-1.8747326,-1.0047326,-1.2147326,-1.3447326,-1.9347327,-1.6847327,-0.20473267,-0.094732665,-0.90473264,-0.044732668,-1.7147326,-2.6047328,-2.6047328,-2.1347327,-1.5147327,-1.0547327,-0.95473266,0.005267334,1.3352673,1.7452674,1.9252673,0.39526734,-0.35473266,-0.52473265
0.5652673,-0.90473264,-1.1247326,-1.2147326,-0.96473265,0.33526734,0.07526734,-0.014732666,-1.2347326,-0.44473267,-0.094732665,0.085267335,-0.37473267,0.20526734,0.6452673,-0.43473268,-0.70473266,-0.51473266,-0.8547327,-0.29473266,1.2552674,1.9552673,1.3052673,-0.34473267,-1.7747327,-0.28473267,-0.88473266,-1.0047326,-0.47473267,-0.72473264,-0.8047327,-0.58473265,-0.53473264,0.30526733,0.5752673,1.0352674,1.1352674,1.1752673,1.1452674,2.3852673,2.0152674
0.32526734,-0.97473264,-0.8747327,-0.14473267,-0.16473266,-0.16473266,-0.65473264,-0.024732666,-1.7847327,-1.7347326,0.6852673,-0.17473267,-0.76473266,0.84526736,0.5152673,0.34526733,0.11526734,0.14526734,-0.18473266,-0.30473268,-0.034732666,1.2052673,0.9452673,0.42526734,0.43526733,-0.13473266,-0.6847327,-0.14473267,0.005267334,-0.094732665,0.30526733,0.43526733,0.39526734,0.41526735,0.38526735,1.2652674,1.6952673,1.8252673,2.1352673,2.3152673,2.9252672
-0.64473265,-1.2747327,-2.3847327,-0.024732666,-0.70473266,-0.58473265,-0.08473267,-0.044732668,-1.1347327,-1.1847327,-0.9247327,0.78526735,1.3252673,-0.28473267,0.11526734,-0.014732666,-0.5547327,-0.44473267,1.1352674,0.085267335,0.13526733,-0.044732668,0.055267334,-0.18473266,-0.054732665,-0.124732666,0.025267335,-0.27473268,-0.31473267,-0.34473267,-0.36473265,-0.07473267,0.035267334,0.78526735,1.3852674,1.3752674,2.0452673,2.5452673,2.0352674,2.5452673,2.3552673
