wind.json
{"header": {"discipline":0,"disciplineName":"Meteorological products","gribEdition":2,"gribLength":1125,"center":7,"centerName":"US National Weather Service - NCEP(WMC)","subcenter":0,"refTime":"2023-06-28T00:00:00.000Z","significanceOfRT":1,"significanceOfRTName":"Start of forecast","productStatus":0,"productStatusName":"Operational products","productType":1,"productTypeName":"Forecast products","productDefinitionTemplate":0,"productDefinitionTemplateName":"Analysis/forecast at horizontal level/layer at a point in time","parameterCategory":2,"parameterCategoryName":"UnknownDiscipline_0_Category_2","parameterNumber":2,"parameterNumberName":"UnknownParameter_D0_C2_2","parameterUnit":"Unknown","genProcessType":2,"genProcessTypeName":"Forecast","forecastTime":60,"surface1Type":103,"surface1TypeName":"Specified height level above ground","surface1Value":10.0,"surface2Type":255,"surface2TypeName":"Missing","surface2Value":0.0,"gridDefinitionTemplate":0,"gridDefinitionTemplateName":"Latitude_Longitude","numberPoints":688,"shape":6,"shapeName":"Earth spherical with radius of 6,371,229.0 m","gridUnits":"degrees","resolution":48,"winds":"true","scanMode":64,"nx":43,"ny":16,"basicAngle":0,"lo1":45.0,"la1":40.0,"lo2":87.0,"la2":55.0,"dx":1.0,"dy":1.0}, "data":
[rows 0 to 15 of 16, columns 0 to 42 of 43]
1.8796899,-0.35031006,-5.38031,-3.37031,-7.54031,-1.31031,1.2796899,3.07969,5.45969,4.78969,-0.84031004,2.39969,2.16969,-5.12031,-7.71031,-6.81031,-6.24031,-4.32031,-2.86031,-2.2703102,-1.9603101,-0.91031003,-3.7703102,-1.16031,2.80969,3.7296898,2.67969,1.06969,0.91968995,2.17969,3.04969,6.92969,2.4596899,0.34968993,0.59968996,-0.50031006,-0.22031006,-0.48031005,-0.46031007,-0.27031004,1.0296899,-4.61031,5.41969
-2.07031,2.65969,1.5296899,0.31968993,0.45968994,3.2396898,4.74969,5.37969,7.01969,4.8396897,0.79968995,-2.88031,-3.45031,-6.59031,-6.22031,-6.76031,-6.27031,-4.53031,-2.0203102,-3.0103102,-3.63031,-3.0303102,-1.79031,2.12969,2.66969,4.97969,4.36969,4.16969,7.23969,7.19969,6.21969,3.9596899,2.30969,2.4796898,-2.19031,-2.33031,1.9196899,1.32969,1.7496899,1.2896899,3.4396899,2.60969,3.78969
6.37969,0.80968994,1.71969,0.59968996,0.8296899,3.14969,6.43969,8.29969,5.68969,1.8896899,-0.46031007,-0.16031006,-4.65031,-5.86031,-5.88031,-6.81031,-6.02031,-3.93031,-3.66031,-4.27031,-4.20031,-2.20031,-1.06031,0.15968995,3.62969,3.4896898,3.36969,-0.91031003,-0.72031003,1.22969,7.27969,-0.14031006,-2.99031,1.2596899,-0.9203101,0.74968994,-1.16031,0.34968993,-1.2303101,-0.34031007,1.48969,0.8196899,-2.09031
0.5196899,0.39968994,1.55969,-1.39031,1.9996899,3.04969,5.86969,4.36969,2.1896899,0.7696899,0.65968996,-0.57031006,-4.69031,-3.73031,-4.94031,-7.97031,-5.98031,-4.94031,-4.61031,-4.50031,-4.70031,-4.34031,-4.17031,-4.98031,-5.86031,-7.78031,-3.8003101,-5.30031,-2.99031,0.31968993,3.24969,-0.5503101,0.04968994,-0.62031007,1.3896899,-2.3103101,3.09969,3.37969,1.1496899,-1.6203101,4.3196898,5.72969,2.34969
4.23969,0.48968995,-0.16031006,1.69969,2.35969,2.9796898,1.1596899,1.3896899,3.60969,-4.47031,-2.13031,-6.77031,-2.93031,-9.49031,-8.50031,-6.28031,-5.86031,-5.86031,-5.12031,-4.42031,-4.49031,-5.13031,-5.58031,-6.06031,-6.35031,-5.79031,-5.77031,-5.06031,-5.04031,-6.08031,-5.17031,-2.7803102,0.25968993,1.97969,7.67969,7.46969,8.39969,6.20969,1.06969,1.7596899,-2.94031,-3.25031,-3.20031
8.44969,4.63969,2.09969,4.18969,4.51969,2.80969,2.56969,3.75969,5.84969,0.7096899,-0.22031006,-2.46031,-10.32031,-7.23031,-6.11031,-4.3903103,-1.67031,-4.8903103,-4.99031,-4.74031,-4.22031,-3.3103101,-3.72031,-4.74031,-5.34031,-5.08031,-5.74031,-6.54031,-5.90031,0.67968994,-3.48031,-3.41031,-4.1803102,-2.71031,-2.21031,0.60968995,-2.33031,-0.6703101,2.35969,-0.15031005,0.039689943,-0.40031007,0.26968995
6.00969,5.32969,2.2196898,3.37969,3.57969,8.15969,2.67969,6.42969,4.91969,-0.47031006,0.10968994,-2.7903101,-8.31031,-5.85031,-2.44031,-1.7203101,2.6896899,-2.72031,-2.87031,-3.40031,-3.17031,-2.88031,-2.35031,-1.78031,-2.16031,-0.19031006,-3.18031,-3.16031,-5.58031,-1.9803101,-1.26031,-2.5203102,-2.59031,-2.75031,-0.12031006,-1.0003101,-0.49031007,2.77969,3.78969,3.78969,5.49969,-1.63031,-1.67031
5.8196898,5.45969,6.59969,2.24969,6.80969,8.65969,2.76969,4.76969,0.77968997,0.25968993,-3.21031,-0.34031007,-3.5503101,-4.25031,-3.38031,-0.5503101,-1.13031,-1.14031,-1.81031,-2.95031,-1.5903101,-1.16031,-1.6203101,-2.57031,-1.9603101,-1.4903101,-0.8503101,1.35969,-1.06031,0.60968995,-0.02031006,0.55968994,-0.37031007,-0.49031007,-0.8003101,1.2496899,3.58969,4.25969,1.8896899,-1.39031,3.16969,-2.32031,-1.27031
6.63969,6.25969,5.45969,2.65969,5.15969,9.07969,3.53969,2.27969,3.76969,1.06969,1.1296899,0.34968993,-0.070310056,-0.6703101,-0.6803101,-1.8703101,-1.3403101,-1.18031,0.46968994,-1.66031,0.009689941,-0.9903101,0.48968995,-0.36031005,-0.72031003,0.24968994,1.43969,1.6796899,2.79969,3.4596899,2.31969,2.89969,3.30969,1.94969,-0.71031004,-1.76031,1.72969,-1.66031,-3.18031,2.9896898,5.67969,5.93969,5.01969
6.29969,5.95969,4.80969,4.61969,5.30969,8.94969,4.53969,3.09969,2.78969,2.78969,0.47968996,1.32969,0.10968994,0.31968993,-1.67031,0.67968994,-0.57031006,0.09968994,2.89969,1.7696899,1.83969,1.18969,0.04968994,1.6796899,0.48968995,1.8996899,1.8796899,1.1596899,2.42969,2.67969,3.39969,4.43969,0.87968993,4.0696898,2.80969,-1.5703101,1.96969,3.63969,0.37968993,0.29968995,0.48968995,0.23968995,1.97969
5.50969,4.63969,5.27969,4.37969,3.24969,6.95969,3.36969,4.00969,2.51969,2.30969,1.10969,0.74968994,0.069689944,0.029689942,0.7096899,-0.39031005,-0.33031005,0.71968997,0.47968996,1.0496899,1.48969,0.71968997,2.9796898,-0.37031007,1.09969,0.52968997,1.3996899,6.62969,3.67969,-0.20031005,-0.34031007,4.17969,3.59969,2.85969,3.31969,4.96969,2.80969,3.78969,0.10968994,1.35969,2.57969,0.77968997,1.8996899
5.32969,6.54969,3.86969,5.25969,3.55969,7.14969,4.09969,2.85969,-0.22031006,2.08969,-0.33031005,0.17968994,0.11968994,0.069689944,-0.45031005,-0.0103100585,0.7596899,1.1696899,1.8896899,-0.51031005,0.10968994,1.1396899,3.16969,2.36969,2.08969,2.00969,0.54968995,2.65969,4.96969,4.66969,4.78969,5.53969,3.58969,9.67969,4.76969,1.20969,3.24969,0.37968993,-0.05031006,2.33969,1.5096899,-0.5403101,1.09969
3.55969,5.5696898,4.17969,3.87969,2.25969,5.98969,3.99969,-3.19031,-0.02031006,-0.02031006,-1.3503101,-1.9903101,-1.7203101,-2.0603101,-1.02031,0.029689942,-2.5103102,-1.30031,0.32968995,1.71969,2.85969,1.09969,0.37968993,-1.0903101,2.02969,0.46968994,0.17968994,1.7596899,4.44969,4.32969,5.6096897,5.65969,6.44969,5.38969,4.37969,4.04969,1.48969,0.87968993,0.72968996,6.86969,3.28969,1.4096899,0.36968994
3.85969,3.84969,2.58969,4.21969,2.88969,3.6996899,3.4496899,-2.20031,-1.9803101,-2.17031,-1.8303101,-0.46031007,0.48968995,-2.0203102,-0.16031006,-2.0403101,1.1396899,0.23968995,-0.15031005,-2.17031,-3.62031,-1.40031,-0.81031007,0.22968994,0.59968996,2.6896899,1.73969,1.5196899,3.00969,4.11969,3.67969,0.77968997,3.63969,5.59969,5.0896897,3.52969,2.9596899,6.59969,5.00969,2.58969,7.46969,2.62969,2.38969
3.4596899,2.9696898,2.30969,1.5396899,2.12969,1.55969,6.28969,-1.7103101,-1.65031,0.12968995,0.08968994,-0.21031006,1.8796899,-2.35031,-0.58031005,0.30968994,-0.45031005,0.58968997,-3.7803102,-2.63031,-1.8403101,-2.15031,-0.41031006,-2.19031,0.98968995,1.10969,1.80969,1.18969,1.5096899,3.51969,5.21969,4.00969,1.2996899,2.91969,4.69969,5.01969,3.63969,4.67969,3.9896898,5.16969,3.12969,0.80968994,2.24969
1.7896899,2.16969,2.65969,3.4596899,2.58969,4.6096897,1.18969,-3.0503101,-1.8303101,-1.31031,-1.80031,-0.09031006,2.6996899,0.31968993,-0.29031006,1.2596899,0.86968994,-3.7703102,-2.44031,-1.5803101,-1.94031,-1.66031,-2.25031,-0.21031006,1.2696899,0.19968994,0.79968995,2.84969,1.44969,3.4596899,3.62969,4.05969,4.5696898,4.5696898,5.93969,3.62969,5.09969,5.01969,4.49969,4.48969,2.82969,2.40969,1.4096899
