wind.json
{"header": {"discipline":0,"disciplineName":"Meteorological products","gribEdition":2,"gribLength":953,"center":7,"centerName":"US National Weather Service - NCEP(WMC)","subcenter":0,"refTime":"2023-06-29T18:00:00.000Z","significanceOfRT":1,"significanceOfRTName":"Start of forecast","productStatus":0,"productStatusName":"Operational products","productType":1,"productTypeName":"Forecast products","productDefinitionTemplate":0,"productDefinitionTemplateName":"Analysis/forecast at horizontal level/layer at a point in time","parameterCategory":0,"parameterCategoryName":"UnknownDiscipline_0_Category_0","parameterNumber":0,"parameterNumberName":"UnknownParameter_D0_C0_0","parameterUnit":"Unknown","genProcessType":2,"genProcessTypeName":"Forecast","forecastTime":120,"surface1Type":1,"surface1TypeName":"Ground or water surface","surface1Value":0.0,"surface2Type":255,"surface2TypeName":"Missing","surface2Value":0.0,"gridDefinitionTemplate":0,"gridDefinitionTemplateName":"Latitude_Longitude","numberPoints":688,"shape":6,"shapeName":"Earth spherical with radius of 6,371,229.0 m","gridUnits":"degrees","resolution":48,"winds":"true","scanMode":64,"nx":43,"ny":16,"basicAngle":0,"lo1":45.0,"la1":40.0,"lo2":87.0,"la2":55.0,"dx":1.0,"dy":1.0}, "data":
[rows 0 to 15 of 16, columns 0 to 42 of 43]
284.0,281.6,297.8,299.6,299.3,297.6,296.6,295.2,301.9,303.3,306.9,303.3,304.7,301.7,301.5,304.2,303.2,303.3,302.2,300.2,298.9,297.7,295.8,295.8,294.1,292.1,292.4,286.6,281.2,281.2,284.3,297.5,298.6,298.2,299.5,299.0,300.8,297.2,299.9,297.6,299.2,299.6,300.3
289.9,299.4,299.5,287.7,291.2,296.3,296.3,295.0,300.1,305.4,307.5,304.7,304.2,304.4,304.3,304.4,303.0,300.2,300.8,301.4,299.5,300.9,300.6,297.7,296.1,289.2,297.0,297.7,291.8,278.6,280.9,279.3,281.7,284.7,290.7,297.8,300.9,300.5,300.2,299.3,300.1,301.4,304.2
290.5,285.7,277.5,291.7,296.3,296.3,296.3,293.9,303.2,303.7,304.2,304.3,307.0,303.4,302.1,299.5,301.0,297.8,298.9,299.9,298.9,298.2,298.2,299.6,294.9,284.6,276.0,276.2,283.9,278.1,281.0,276.9,282.9,274.7,285.6,259.9,279.0,295.4,294.0,296.2,300.4,292.7,284.4
288.1,290.9,293.6,297.2,296.9,296.7,295.7,302.0,303.3,302.9,302.1,302.8,305.2,304.7,300.3,299.9,301.1,297.9,296.7,296.7,297.2,297.4,297.6,297.3,298.7,289.7,293.7,293.1,295.1,293.3,289.9,283.0,277.6,277.9,283.5,281.8,281.2,283.5,276.1,278.4,280.2,277.4,277.7
298.2,299.7,293.8,297.5,297.6,296.9,297.7,301.9,302.7,304.8,304.6,304.9,303.5,303.8,295.1,294.5,299.7,297.1,299.3,300.5,298.1,297.2,296.2,291.6,298.9,301.6,294.8,296.3,302.0,297.1,295.4,295.3,295.1,293.1,299.4,295.6,291.4,289.3,278.4,276.8,282.9,293.2,297.0
298.9,301.5,299.8,298.4,298.3,298.9,299.4,301.1,301.1,303.0,303.6,302.4,303.7,302.5,295.5,294.8,291.9,297.9,298.6,299.1,296.6,299.1,299.0,297.6,298.1,295.1,296.4,297.1,299.0,297.8,299.5,299.9,299.6,294.6,283.3,275.0,287.3,296.1,296.5,302.0,301.9,300.5,300.1
302.9,305.3,303.1,300.0,298.9,298.2,298.0,297.2,300.8,303.4,304.5,305.3,302.4,302.5,294.9,294.0,297.7,300.8,300.7,300.5,301.6,298.2,295.4,294.7,294.9,292.3,295.5,296.3,297.9,290.5,297.3,301.1,298.1,298.6,295.5,292.1,293.2,294.0,286.9,290.4,296.4,299.3,299.8
301.6,305.4,301.3,301.5,306.3,303.8,300.4,302.0,303.9,305.0,303.6,302.4,301.8,302.7,300.3,298.9,300.2,299.7,300.4,299.1,298.0,294.6,292.5,292.9,292.9,294.5,293.9,294.8,297.2,297.9,295.7,294.6,294.9,295.8,296.9,298.5,292.0,292.1,288.4,285.4,279.5,282.6,293.3
302.0,298.4,304.5,301.4,304.0,305.4,303.7,303.7,303.0,302.7,299.9,300.6,299.2,300.6,300.2,296.7,297.6,297.8,299.8,298.8,298.0,293.3,294.3,290.9,291.9,293.0,290.2,290.9,291.2,295.0,292.6,295.3,291.5,293.4,291.0,289.4,286.4,291.8,293.7,288.2,291.6,295.8,287.1
292.2,299.4,299.3,302.2,303.4,299.1,303.1,300.4,299.4,299.5,297.5,297.5,296.7,297.3,296.0,294.5,297.5,298.9,298.5,296.1,296.5,296.6,291.6,290.9,292.6,291.9,291.5,291.9,288.2,289.2,291.1,288.6,288.5,288.8,288.1,288.1,286.5,285.4,288.8,288.6,274.1,277.5,274.5
295.5,296.0,299.1,297.7,296.9,298.5,299.5,298.3,297.9,299.7,296.7,294.1,294.5,294.6,296.6,295.8,296.9,297.3,297.4,296.7,293.8,294.4,292.0,292.1,293.1,292.8,292.2,291.4,290.3,288.7,289.7,288.8,289.3,291.0,291.6,290.9,290.0,286.8,285.8,284.2,278.3,274.8,276.6
291.3,292.2,292.5,294.8,294.6,294.7,294.5,298.2,296.8,296.5,296.6,293.4,293.1,292.4,295.5,294.6,295.1,295.4,294.4,296.0,295.9,294.8,295.6,294.8,293.8,293.3,293.0,292.3,290.6,291.0,291.5,293.1,293.1,292.2,291.1,291.6,289.4,292.0,282.8,279.3,278.1,279.8,278.6
289.2,290.4,291.7,292.4,294.3,294.9,293.6,294.8,293.9,295.6,294.7,296.0,290.5,291.8,293.7,293.7,294.2,294.8,294.0,294.5,294.1,293.3,292.9,292.2,292.5,292.7,291.7,291.3,290.4,291.7,293.2,293.5,290.9,291.1,292.1,288.8,290.2,289.8,287.7,284.6,284.6,283.9,283.4
288.7,288.7,290.0,293.1,292.5,292.2,293.4,293.1,291.6,291.5,290.7,290.9,289.1,288.6,294.8,291.3,293.3,293.9,294.1,293.8,294.0,292.7,292.3,291.4,290.7,290.9,293.0,293.5,295.1,293.3,291.6,291.1,290.5,290.8,290.7,290.4,289.9,288.0,288.4,289.6,286.8,286.0,288.4
288.8,288.2,288.9,290.6,294.1,292.3,291.0,293.9,290.6,289.6,290.3,290.3,289.6,288.7,289.2,291.7,291.8,293.6,294.0,291.1,293.6,293.1,292.6,292.3,293.1,293.0,292.7,293.5,292.9,292.3,292.0,291.1,290.5,289.5,288.4,287.5,289.0,287.9,289.5,289.8,289.7,288.3,285.9
287.3,288.0,288.7,292.8,292.5,289.8,290.1,287.8,288.9,289.5,290.0,290.5,290.6,290.1,289.6,291.1,291.0,292.4,292.9,291.5,291.4,292.1,292.0,291.8,291.9,291.3,290.9,291.0,291.7,291.8,291.5,291.0,290.9,287.2,288.0,287.0,286.7,286.5,286.6,285.1,286.0,286.6,287.2
