wind_kz.json
[{"header":{"discipline":0,"disciplineName":"Meteorological products","gribEdition":2,"gribLength":871,"center":7,"centerName":"US National Weather Service - NCEP(WMC)","subcenter":0,"refTime":"2023-09-10T00:00:00.000Z","significanceOfRT":1,"significanceOfRTName":"Start of forecast","productStatus":0,"productStatusName":"Operational products","productType":1,"productTypeName":"Forecast products","productDefinitionTemplate":0,"productDefinitionTemplateName":"Analysis/forecast at horizontal level/layer at a point in time","parameterCategory":0,"parameterCategoryName":"UnknownDiscipline_0_Category_0","parameterNumber":0,"parameterNumberName":"UnknownParameter_D0_C0_0","parameterUnit":"Unknown","genProcessType":2,"genProcessTypeName":"Forecast","forecastTime":180,"surface1Type":1,"surface1TypeName":"Ground or water surface","surface1Value":0.0,"surface2Type":255,"surface2TypeName":"Missing","surface2Value":0.0,"gridDefinitionTemplate":0,"gridDefinitionTemplateName":"Latitude_Longitude","numberPoints":615,"shape":6,"shapeName":"Earth spherical with radius of 6,371,229.0 m","gridUnits":"degrees","resolution":48,"winds":"true","scanMode":64,"nx":41,"ny":15,"basicAngle":0,"lo1":47.0,"la1":41.0,"lo2":87.0,"la2":55.0,"dx":1.0,"dy":1.0},"data":[302.1,286.7,293.0,297.5,297.3,296.3,305.7,311.3,307.6,308.3,306.4,306.7,305.9,305.4,305.7,304.4,304.2,303.8,305.2,304.6,306.2,302.3,301.4,297.3,302.5,303.3,299.6,285.5,285.9,284.5,283.8,284.3,293.4,302.9,302.4,301.6,301.5,300.7,300.3,300.3,300.1,277.9,290.8,296.8,297.0,296.7,295.1,310.1,306.1,305.7,304.6,305.4,304.2,304.6,303.0,303.8,304.5,303.4,303.3,303.1,302.9,302.6,302.0,299.2,291.3,283.1,282.7,292.6,286.5,288.4,281.8,286.4,278.4,286.6,262.4,281.7,299.7,297.9,299.7,302.1,294.7,285.8,292.4,296.4,297.1,296.7,294.7,305.1,303.2,302.9,303.4,302.0,301.9,303.1,302.0,300.7,303.8,303.2,302.0,301.0,300.8,300.9,301.2,300.6,299.6,293.4,298.1,296.2,297.7,295.3,289.4,281.8,277.3,278.7,282.1,285.1,288.4,287.8,278.6,282.4,284.2,281.5,279.7,297.2,295.6,296.5,295.6,295.8,306.8,303.7,303.5,302.9,302.3,301.6,300.8,293.5,292.7,300.6,302.4,301.9,301.2,301.0,300.2,298.5,295.0,298.9,298.8,299.0,299.7,300.0,296.8,293.6,292.9,292.2,289.5,295.2,294.3,291.3,289.4,281.0,278.7,281.3,291.7,296.6,304.5,294.2,295.5,294.2,295.9,300.6,302.9,302.1,302.4,301.1,301.9,301.8,292.8,291.6,290.1,299.8,301.5,299.7,298.4,298.3,299.1,299.1,298.0,298.0,297.6,297.8,296.8,296.4,298.6,297.8,296.7,294.6,280.7,272.0,283.8,288.8,291.1,294.8,295.8,296.8,296.8,304.9,295.4,293.5,292.9,293.4,293.0,298.6,304.2,300.1,298.8,299.0,299.3,293.7,292.9,295.5,297.7,299.8,295.4,294.3,297.9,298.1,295.4,296.6,296.9,295.9,295.3,296.8,290.5,297.4,297.9,295.5,296.0,294.7,292.3,288.9,291.1,282.1,282.8,289.6,294.4,294.1,298.9,295.3,295.0,297.4,295.4,298.3,303.9,303.0,302.7,302.2,301.1,299.5,298.5,297.2,294.3,295.8,297.4,295.3,294.3,294.0,293.7,294.1,293.6,294.2,293.9,294.1,294.9,292.0,294.3,294.6,295.1,296.0,294.8,294.9,293.4,289.9,284.1,281.9,280.7,279.4,290.6,303.7,298.1,299.8,303.3,303.5,305.1,304.1,300.5,298.1,298.1,297.0,297.8,298.4,296.3,297.4,295.1,294.1,295.0,295.4,291.8,290.9,294.1,293.0,291.9,291.3,287.1,288.3,288.1,288.3,290.4,287.8,292.6,292.7,291.2,291.7,293.4,292.8,289.0,291.4,291.4,288.0,298.3,298.2,301.3,298.4,296.7,298.6,296.9,296.9,296.3,297.3,297.5,296.4,297.8,297.0,294.0,294.1,292.6,291.9,291.1,291.6,290.1,288.7,285.1,288.2,286.6,284.8,284.0,284.2,282.0,282.6,287.7,289.3,290.7,291.7,291.4,289.2,287.9,286.7,275.4,276.1,275.2,296.5,295.7,296.0,294.2,294.1,297.8,295.3,293.9,294.9,295.2,297.1,296.6,296.8,292.3,295.1,294.0,292.8,292.5,292.5,292.3,291.3,289.7,289.2,289.6,288.9,288.3,286.7,286.6,287.1,287.2,288.3,290.3,291.6,291.9,290.1,289.1,286.1,282.0,277.4,278.0,277.2,297.5,297.4,297.1,294.3,293.0,298.2,293.5,294.0,297.2,296.9,295.1,292.9,295.4,294.7,294.6,292.4,292.5,293.0,293.1,291.8,290.5,291.5,290.0,290.7,289.4,288.5,286.5,288.9,289.7,290.9,290.7,292.0,290.4,289.7,289.8,286.9,281.1,278.6,281.4,279.9,276.7,295.9,296.3,296.9,295.9,294.6,295.3,294.3,293.9,294.5,293.5,290.3,291.4,292.5,290.7,290.6,290.5,293.5,292.7,292.5,292.4,289.3,289.5,288.5,288.9,288.0,288.9,288.5,288.1,289.6,290.1,288.7,287.9,288.9,287.2,287.6,286.7,285.6,286.0,283.6,283.9,283.6,290.8,292.6,293.2,291.1,291.1,291.6,293.2,292.6,291.4,289.2,286.9,286.5,290.2,288.7,289.6,290.0,290.8,291.0,292.6,291.6,289.1,289.6,288.3,287.3,288.0,288.8,288.7,288.2,288.0,286.2,285.9,286.5,287.9,288.4,286.6,285.7,284.6,285.6,284.3,284.6,283.7,293.1,291.6,290.9,293.1,291.1,290.2,287.6,285.1,286.4,289.3,286.2,285.2,284.3,284.6,287.2,288.5,288.2,290.1,291.2,288.7,291.0,289.0,288.6,288.1,288.0,290.0,288.6,288.3,285.1,284.9,284.5,284.5,285.2,284.7,285.6,283.5,283.2,283.0,283.0,281.9,283.5,288.9,291.8,288.1,291.1,291.1,289.4,288.4,288.3,288.5,285.4,286.8,284.0,283.1,282.6,283.1,286.2,286.6,289.7,291.4,291.5,291.4,291.4,290.3,289.2,289.1,289.0,289.4,287.2,286.2,285.5,285.4,284.4,284.4,285.0,284.5,283.8,283.9,283.1,284.3,284.1,283.2]},{"header":{"discipline":0,"disciplineName":"Meteorological products","gribEdition":2,"gribLength":1025,"center":7,"centerName":"US National Weather Service - NCEP(WMC)","subcenter":0,"refTime":"2023-09-10T00:00:00.000Z","significanceOfRT":1,"significanceOfRTName":"Start of forecast","productStatus":0,"productStatusName":"Operational products","productType":1,"productTypeName":"Forecast products","productDefinitionTemplate":0,"productDefinitionTemplateName":"Analysis/forecast at horizontal level/layer at a point in time","parameterCategory":2,"parameterCategoryName":"UnknownDiscipline_0_Category_2","parameterNumber":2,"parameterNumberName":"UnknownParameter_D0_C2_2","parameterUnit":"Unknown","genProcessType":2,"genProcessTypeName":"Forecast","forecastTime":180,"surface1Type":103,"surface1TypeName":"Specified height level above ground","surface1Value":10.0,"surface2Type":255,"surface2TypeName":"Missing","surface2Value":0.0,"gridDefinitionTemplate":0,"gridDefinitionTemplateName":"Latitude_Longitude","numberPoints":615,"shape":6,"shapeName":"Earth spherical with radius of 6,371,229.0 m","gridUnits":"degrees","resolution":48,"winds":"true","scanMode":64,"nx":41,"ny":15,"basicAngle":0,"lo1":47.0,"la1":41.0,"lo2":87.0,"la2":55.0,"dx":1.0,"dy":1.0},"data":[-0.8730316,1.3169684,-0.7630316,-5.3330317,-3.2530317,-0.78303164,-1.7430316,-0.9630316,-3.0430317,-2.0630317,-1.7630316,-0.8630316,-0.48303163,1.4469684,2.1169684,0.5569684,1.8269684,1.4969684,2.0669684,1.1169684,1.8569684,0.3969684,2.1569684,6.4569683,4.5069685,5.1369686,5.116968,4.4669685,3.4669683,3.5869684,5.5169683,1.3669684,3.8369684,0.23696838,-2.6030316,-1.9330316,-2.3630316,-2.3530316,-1.9030316,-1.9430317,-0.40303162,0.3069684,-3.3130317,-5.943032,-5.5530314,-4.0030317,-0.39303163,-2.1530316,-2.2030315,-1.6630316,-2.0030317,0.07696839,-1.4130316,1.0069684,-0.40303162,0.41696838,1.7369684,1.2869684,3.6769683,2.8569684,2.0269685,3.2269683,2.9869683,3.1969683,2.7269683,2.9969683,1.3969684,3.1969683,5.116968,7.4069686,7.7169685,4.0669684,2.1869683,-1.6230316,0.6669684,1.6069684,1.4269683,1.8269684,1.5469683,1.8369684,-0.30303162,-1.6730316,-4.3630314,-8.673032,-6.8630314,-3.1530316,0.046968386,-1.3730316,-2.3530316,-2.4630315,-2.1830316,-0.97303164,0.026968384,0.5069684,0.32696837,0.44696838,2.2069683,1.5769684,1.9769684,2.1469684,2.8469684,4.0669684,5.036968,4.5269685,5.1469684,6.6769686,7.096968,6.9469686,5.1069684,1.0769684,-1.0130316,0.22696838,0.35696837,-1.8130317,-1.9330316,3.5969684,1.8669684,-3.6730316,1.7269684,-0.19303161,4.8869686,5.6869683,-2.3830316,-5.0530314,-4.7230315,-0.42303163,-0.2930316,6.1569686,1.4969684,-1.3330317,-0.59303164,-0.33303162,-0.45303163,0.8669684,0.47696838,-1.2330316,1.2869684,2.3669684,2.0569685,2.1469684,2.9969683,3.4769683,4.7969685,5.7369685,6.576968,6.9569683,6.7069683,7.6069684,6.9769683,7.286968,7.2669683,9.396969,5.7769685,7.7569685,5.2069683,7.4169683,9.536968,10.166968,6.9269686,1.8069683,2.4169683,-1.7330316,0.9769684,0.29696837,-4.383032,-1.5430316,-0.27303162,-0.123031616,-0.3830316,-1.6930317,-0.5030316,0.16696839,0.29696837,2.0869684,1.0169684,1.6269684,1.3669684,2.5069685,3.8469684,6.7369685,6.2169685,4.036968,3.8169684,4.3369684,5.6869683,6.5869684,7.6669683,7.9269686,9.356968,9.556969,11.456967,11.066968,6.5869684,9.066968,4.366968,4.616968,-0.13303162,1.6869683,1.2569684,1.8069683,3.1469684,0.71696836,-0.3530316,1.7069684,1.3669684,-1.4230316,-6.713032,-1.0630317,-1.0730317,-1.3630316,1.1469684,3.1269684,0.9369684,1.2369684,3.1269684,1.5769684,1.3169684,1.6369684,1.9669684,4.8169684,4.826968,5.6469684,5.0469685,3.8369684,4.1969686,6.596968,5.5869684,7.7969685,7.0269685,8.466969,9.486968,10.476968,-3.7530317,3.9569683,4.8169684,4.826968,4.9969683,7.096968,4.7769685,2.2269683,-1.1030316,1.9569684,2.7769685,7.4369683,3.6269684,4.4169683,-2.5030317,1.5869684,3.1869683,-2.0830317,0.17696838,2.2969685,1.5169684,0.12696838,2.6669683,2.6869683,2.4669683,1.8269684,-0.4430316,1.0169684,0.29696837,-0.023031617,2.3669684,4.866968,3.2769685,5.9969683,4.286968,1.1769683,3.8069685,3.8669684,6.1469684,6.7069683,4.8869686,-0.22303161,4.5869684,2.1769683,5.4869685,3.5669684,1.9269683,5.1469684,4.596968,-0.21303162,1.5169684,0.6069684,2.6569684,-0.3830316,-0.6830316,-0.8230316,-2.0030317,0.116968386,1.7469684,-0.3130316,0.4669684,1.1569684,2.1669683,3.1169684,3.5069685,2.7969685,1.3769684,-1.3330317,-0.9330316,-0.053031616,-0.73303163,0.5569684,-0.003031616,1.2569684,2.7669685,4.2569685,-0.21303162,0.5069684,0.8169684,0.26696837,1.0269684,5.3769684,2.7869685,-0.27303162,1.7769684,6.7269683,6.6969686,1.6869683,3.7869685,4.2669683,5.6769686,-2.8730316,1.9469684,3.8069685,3.2969685,2.4369683,-1.8730316,-2.3430316,-1.2830316,-3.0330317,-3.5330317,0.26696837,-0.5530316,0.13696839,1.3369684,0.9369684,0.8069684,0.58696836,0.056968383,-1.5230316,-0.9430316,-2.8830316,-2.2430315,-0.18303162,-0.8730316,-1.4130316,-2.3630316,-0.9530316,0.06696838,1.1869683,0.4569684,0.09696838,-0.39303163,1.4169683,2.4069684,6.6869683,0.58696836,2.8769684,0.71696836,2.4269683,2.2069683,1.6269684,1.8569684,1.7069684,2.3069685,0.41696838,1.5469683,-3.3230317,-1.4330316,-1.1830316,-0.8030316,-0.6530316,-0.2930316,1.0769684,-0.8130316,-1.1930317,0.16696839,-0.30303162,0.7869684,-0.023031617,-0.07303162,-0.6530316,-1.3830316,-1.5930316,-1.1230316,0.7469684,-0.40303162,-0.2930316,-0.023031617,1.5969684,3.6369684,2.4769683,1.2169684,2.0669684,1.3269684,1.6469684,2.8869684,0.6369684,0.8469684,1.4769684,2.9969683,2.0269685,2.0069685,1.1269684,1.4169683,1.1169684,0.24696839,1.8369684,-2.2330315,-3.4230316,-2.9630315,-0.123031616,-0.8230316,-0.8830316,-0.60303164,-0.3230316,-0.3830316,-0.39303163,1.3869684,0.3669684,1.0569683,1.2769684,-0.40303162,-0.7530316,0.35696837,-0.7130316,-0.16303162,-1.2030317,-1.6530316,-0.42303163,-1.1630316,-1.5330316,0.22696838,-0.16303162,-0.7130316,-0.54303163,1.9369683,2.8669684,3.2969685,3.2969685,2.5169685,1.9369683,2.8969684,0.4269684,0.52696836,1.1369684,2.5169685,0.90696836,0.6069684,-2.2730317,-0.39303163,-1.7430316,-1.9930316,-0.6130316,-1.4530317,-0.5530316,-1.7530316,-1.3930316,-0.003031616,0.3669684,-1.3030316,-0.17303161,-1.5230316,0.65696836,0.52696836,1.0569683,1.3969684,-0.10303161,0.70696837,-1.1530316,-1.4930316,-1.5330316,-1.8330317,-1.4430317,-0.98303163,-0.20303161,-0.42303163,1.2669684,2.0269685,1.1569684,2.3869684,2.2469683,2.6069684,2.9169683,2.1569684,1.4969684,5.2569685,0.14696838,1.2369684,-0.14303161,-2.1830316,-1.8130317,-1.8430316,-1.9930316,-1.8330317,-1.0130316,-0.9330316,-2.4930315,-2.0330317,-1.2330316,0.5569684,-0.84303164,-0.3830316,-0.3830316,-0.7130316,-0.7730316,0.6369684,0.70696837,1.0269684,-1.6830316,-1.3430316,-0.5730316,-0.24303162,0.25696838,0.26696837,0.7869684,1.2869684,1.9269683,0.6069684,1.2869684,2.8769684,3.1269684,2.6469684,2.3069685,2.9169683,2.2569685,2.7569685,1.5269684,1.8869684,1.5269684,0.0069683837,-1.2530316,-2.1030316,-0.4130316,-1.2230316,-1.2730316,-1.5730317,-2.0530317,-1.2330316,-0.13303162,0.25696838,0.6769684,0.0069683837,-3.9830315,-1.6230316,-1.9430317,-0.84303164,-1.2930316,-2.0130317,-0.6230316,-0.13303162,-0.6430316,-0.7730316,-0.9930316,-0.24303162,-0.7730316,1.0169684,0.6169684,0.41696838,1.2569684,2.5769684,2.7369683,3.4069684,3.3069685,4.2369685,-0.9330316,1.3469684,1.6269684,0.18696839,-0.60303164,-0.023031617,0.25696838,-1.7430316,-1.5530316,-3.0330317,-1.1630316,-1.4530317,-1.6230316,-0.8930316,-0.98303163,-2.4430315,-1.1930317,-1.3130317,-0.7530316,-0.013031616,-1.9330316,-0.5230316,-1.1130316,0.5969684,-0.2930316,0.58696836,0.5769684,0.47696838,0.26696837,-1.1630316,0.18696839,-0.023031617,1.4569684,1.2269684,2.5269685,2.8669684,2.3069685,1.9669684,1.8169684,1.6369684,1.3069683,0.95696837,0.036968384,0.9369684,0.8069684,1.3569684,0.7569684,-0.60303164]},{"header":{"discipline":0,"disciplineName":"Meteorological products","gribEdition":2,"gribLength":1025,"center":7,"centerName":"US National Weather Service - NCEP(WMC)","subcenter":0,"refTime":"2023-09-10T00:00:00.000Z","significanceOfRT":1,"significanceOfRTName":"Start of forecast","productStatus":0,"productStatusName":"Operational products","productType":1,"productTypeName":"Forecast products","productDefinitionTemplate":0,"productDefinitionTemplateName":"Analysis/forecast at horizontal level/layer at a point in time","parameterCategory":2,"parameterCategoryName":"UnknownDiscipline_0_Category_2","parameterNumber":3,"parameterNumberName":"UnknownParameter_D0_C2_3","parameterUnit":"Unknown","genProcessType":2,"genProcessTypeName":"Forecast","forecastTime":180,"surface1Type":103,"surface1TypeName":"Specified height level above ground","surface1Value":10.0,"surface2Type":255,"surface2TypeName":"Missing","surface2Value":0.0,"gridDefinitionTemplate":0,"gridDefinitionTemplateName":"Latitude_Longitude","numberPoints":615,"shape":6,"shapeName":"Earth spherical with radius of 6,371,229.0 m","gridUnits":"degrees","resolution":48,"winds":"true","scanMode":64,"nx":41,"ny":15,"basicAngle":0,"lo1":47.0,"la1":41.0,"lo2":87.0,"la2":55.0,"dx":1.0,"dy":1.0},"data":[3.9768512,1.4468513,0.3168512,2.3968513,0.21685119,-4.4031487,-2.9731488,-3.1031487,-1.7031488,-2.1131487,-2.9331489,-3.4531488,-3.2931488,-3.3331487,-2.6031487,-4.833149,-4.603149,-5.333149,-5.163149,-5.503149,-4.913149,-4.813149,-5.263149,-1.4331489,5.506851,5.456851,2.856851,2.5868511,-3.5531487,-3.6031487,-2.4331489,1.9668512,2.356851,-0.9731488,-0.9531488,-0.7831488,0.9068512,-0.3731488,-1.2331488,-0.9231488,-2.403149,-1.3331488,0.7968512,1.2768512,1.4468513,0.3668512,-4.6131487,-2.8331487,-1.8231488,-0.9831488,-1.5731488,-3.9331489,-2.8531487,-3.633149,-3.6031487,-3.4631488,-2.4931488,-4.533149,-2.9531488,-3.2231488,-4.583149,-4.793149,-4.4431486,-4.4631486,-1.6631488,1.9668512,3.9368513,3.0368512,3.5668511,4.226851,0.2268512,-2.0031488,-4.3631487,0.5468512,-1.2131488,1.7568512,4.4468513,1.3968512,2.7368512,1.1868511,1.4168512,0.3668512,-0.7531488,-2.393149,-3.9931488,-2.6931489,0.7368512,0.6468512,-0.5931488,-1.9531488,-2.0031488,-2.4931488,-3.7831488,-3.8031487,-4.753149,-6.753149,-1.8631488,-2.633149,-3.3431487,-4.313149,-4.8431487,-4.913149,-4.263149,-2.883149,-2.7731488,-0.4831488,-2.7431488,-3.3031487,-0.7031488,5.3068514,3.4668512,-0.71314883,-2.6931489,-2.7731488,-2.2531488,-3.7231488,-4.3031487,-2.403149,-3.7231488,-3.8231487,-0.29314882,4.456851,-0.4131488,2.8968513,2.6768513,5.5768514,3.616851,1.3768512,-0.7531488,-0.1831488,-1.7331488,-2.5431488,-1.9031488,-2.7931488,-2.2431488,-0.8231488,-2.903149,-4.913149,-5.103149,-3.153149,-3.7531488,-4.533149,-4.033149,-3.653149,-2.0931487,-4.853149,-4.8831487,-5.493149,-3.5631487,-1.7431488,-1.4031488,-0.5931488,5.566851,2.1968513,-1.8731488,-3.0431488,8.196851,4.2868514,0.2068512,2.626851,2.626851,-3.8031487,-5.3831487,-5.353149,3.4968512,1.3068511,1.4268512,0.3168512,-3.8631487,-5.0931487,-0.7331488,-2.3431487,-0.8031488,-2.0331488,-3.883149,-3.7631488,1.9368511,-0.1331488,-1.0731488,-1.5231488,-2.3031487,-2.7131488,-5.4831486,-6.4631486,-2.4231489,-2.7231488,-1.7731488,-2.0431488,-0.9531488,0.1468512,-0.14314881,0.2268512,-2.4431489,-1.9431489,8.9368515,4.8268514,3.4568512,1.7168512,0.2768512,-0.063148804,-7.753149,-1.5931488,-3.0031488,-5.513149,-5.683149,0.6068512,1.4268512,-2.2831488,1.5268512,-0.6131488,-0.9531488,-3.7731488,-0.063148804,-1.2931488,-1.1431488,-3.1131487,-3.5031488,-1.6031488,4.216851,1.1268512,-3.7131488,-3.3331487,-4.1931486,-4.893149,-2.9231489,-0.8431488,-1.1631488,-0.4131488,-2.383149,-3.2931488,-1.5831488,-1.3331488,2.5268512,-2.4431489,-4.143149,-2.883149,11.196851,6.7868514,2.5268512,2.4468513,0.6768512,-0.5431488,-2.2931488,-1.1531488,-0.3031488,0.4868512,-3.873149,-0.1331488,4.086851,-2.2531488,4.2668514,1.5368512,-2.2731488,-1.6931489,-1.8131489,-1.9931488,-2.4131489,-2.9331489,-3.633149,-4.973149,-4.103149,-5.243149,-4.3231487,-2.4631488,-3.8131487,-2.4331489,-2.5631487,-4.3831487,-5.143149,-3.643149,-0.6031488,-4.1731486,-1.9031488,-2.4631488,0.5568512,-3.143149,-5.3031487,4.236851,6.8668513,1.4168512,2.8368511,3.0568511,2.6368513,2.6868513,-0.5431488,-0.9731488,1.1668512,-1.4331489,-2.4831488,-2.3031487,-3.4131489,-2.9731488,-3.4831488,-2.7631488,-3.9531488,-3.123149,-2.6931489,-1.8531488,-2.2431488,-2.8131487,-4.393149,-3.7531488,-4.953149,-5.013149,-4.033149,-5.3231487,-4.3831487,-3.7231488,-2.9831488,-4.4231486,-5.3831487,-5.5531487,-5.333149,-3.7831488,-1.1231488,-2.123149,3.3868513,0.8568512,-0.8631488,0.7768512,1.6768512,2.4268513,2.0768511,0.4868512,-1.2631488,0.7568512,0.3468512,-1.2231488,-0.4131488,-2.123149,-1.8831488,-3.0931487,-5.583149,-3.5531487,-4.083149,-3.7731488,-2.893149,-2.6831489,-1.6031488,-1.6431488,-2.2931488,-3.0531487,-2.643149,-3.4731488,-3.3231487,-4.0531487,-4.4831486,-4.023149,-2.9931488,-3.403149,-1.8931488,-3.6131487,-3.5331488,-4.353149,-3.3231487,-1.5831488,1.4668512,-1.4631488,1.4568512,-2.1131487,-2.2331488,-3.0531487,-3.2931488,-3.6031487,-0.3031488,-0.6731488,1.4768512,1.5768512,2.6368513,-2.7931488,-4.5731487,-1.6431488,-0.4131488,-2.4331489,-3.0031488,-5.023149,-4.753149,-4.533149,-3.123149,-2.153149,-1.1231488,-2.403149,-2.6131487,-0.8731488,-1.6031488,-2.4631488,-2.9131489,-3.5531487,-2.1031487,-2.6731489,-2.3031487,0.1868512,-1.3531488,-2.5131488,-3.3031487,-0.8031488,-1.1531488,0.4768512,-1.9731488,-1.9931488,-2.5931487,-4.0931487,-3.2531488,-1.8631488,-1.6531488,-1.0831488,0.5768512,1.5868512,-0.5831488,-0.053148802,-3.1631489,-3.373149,-3.7931488,-4.0531487,-2.9431489,-4.543149,-4.4831486,-5.1731486,-5.3631487,-3.9931488,-2.7131488,-2.3131487,-2.5031488,-2.2931488,-0.3431488,-0.4231488,-3.0431488,-3.4731488,-4.783149,-3.3531487,-2.8531487,-2.6031487,-3.393149,-3.9431489,-2.8331487,-2.4131489,-2.9531488,-2.643149,-2.3331487,-0.8931488,-1.1631488,-2.0231488,-2.2731488,-1.5231488,-0.5031488,-1.2331488,0.9368512,0.6268512,0.3368512,0.3668512,-1.5131488,-2.383149,-5.003149,-3.8031487,-3.6731489,-4.373149,-5.743149,-4.543149,-5.4831486,-6.0931487,-6.313149,-3.4631488,-1.6231488,-3.0931487,-2.8331487,-1.9231488,0.5268512,-1.5931488,-2.4131489,-3.6931489,-3.5631487,-2.3631487,-3.5631487,-3.2531488,-2.5831487,-3.9731488,-4.773149,-5.103149,-5.4631486,-5.3431487,-4.083149,-3.2631488,-5.763149,-0.7031488,1.3368512,-1.0531487,-0.093148805,2.356851,2.1368513,1.9368511,0.116851196,-0.6231488,-1.7831488,-3.2631488,-4.143149,-4.063149,-4.3031487,-4.263149,-5.353149,-5.393149,-6.853149,-5.3231487,-2.903149,-1.8931488,-4.473149,-3.6931489,-2.4631488,-2.0631487,-2.373149,-2.3131487,-0.9731488,-1.7231488,-2.1131487,-2.1131487,-2.9931488,-2.903149,-3.2031488,-3.9831488,-4.523149,-2.5931487,-4.623149,-2.403149,-2.643149,-2.623149,-4.263149,-2.5331488,1.0268512,0.9468512,-0.8631488,1.0368512,2.2868512,-0.1831488,-1.2731488,-2.4531488,-2.7831488,-1.4931488,-2.5431488,-2.6731489,-3.0931487,-3.7031488,-4.5931487,-5.3231487,-5.6931486,-2.2531488,-1.3731488,-2.9331489,-5.393149,-4.763149,-4.103149,-2.4131489,-2.893149,-3.653149,-2.2731488,-2.9631488,-2.5431488,-1.4631488,-2.883149,-3.2131488,-3.7431488,-4.203149,-2.9331489,-2.5431488,-1.6131488,-2.5931487,-3.1831489,0.6768512,-2.3131487,0.9768512,-0.3331488,-0.1931488,0.036851197,1.7568512,1.3668512,0.59685117,-1.5531487,-2.5831487,-1.0131488,-3.4631488,-3.6931489,-3.8131487,-4.513149,-4.3431487,-4.533149,-4.8631487,-2.6131487,-3.2931488,-2.0831487,-2.5331488,-6.1931486,-5.873149,-6.6531487,-3.6631489,-2.2431488,-1.9731488,-3.6131487,-3.5431488,-3.5131488,-4.4631486,-3.623149,-3.5731487,-3.6031487,-2.6931489,-2.903149,-3.3031487,-2.903149,-4.353149,0.8368512,-2.123149,-0.4031488,1.8168511,2.2068512,1.7568512,1.4568512,2.4768512,1.1668512]}]