wind_kz.json
{"header": {"discipline":0,"disciplineName":"Meteorological products","gribEdition":2,"gribLength":1102,"center":7,"centerName":"US National Weather Service - NCEP(WMC)","subcenter":0,"refTime":"2023-08-25T00:00:00.000Z","significanceOfRT":1,"significanceOfRTName":"Start of forecast","productStatus":0,"productStatusName":"Operational products","productType":1,"productTypeName":"Forecast products","productDefinitionTemplate":0,"productDefinitionTemplateName":"Analysis/forecast at horizontal level/layer at a point in time","parameterCategory":2,"parameterCategoryName":"UnknownDiscipline_0_Category_2","parameterNumber":2,"parameterNumberName":"UnknownParameter_D0_C2_2","parameterUnit":"Unknown","genProcessType":2,"genProcessTypeName":"Forecast","forecastTime":60,"surface1Type":103,"surface1TypeName":"Specified height level above ground","surface1Value":10.0,"surface2Type":255,"surface2TypeName":"Missing","surface2Value":0.0,"gridDefinitionTemplate":0,"gridDefinitionTemplateName":"Latitude_Longitude","numberPoints":615,"shape":6,"shapeName":"Earth spherical with radius of 6,371,229.0 m","gridUnits":"degrees","resolution":48,"winds":"true","scanMode":64,"nx":41,"ny":15,"basicAngle":0,"lo1":47.0,"la1":41.0,"lo2":87.0,"la2":55.0,"dx":1.0,"dy":1.0}, "data":
[rows 0 to 14 of 15, columns 0 to 40 of 41]
-1.2518725,1.6381274,-1.1518725,-7.1718726,-2.4418726,-0.15187256,6.3181276,2.8281274,2.9781275,3.4881275,4.7881274,4.9281273,5.6381273,5.3681273,6.4581275,5.008127,6.9381275,9.098127,10.018127,10.968127,10.508127,3.2481275,-2.3518724,1.6181275,4.988127,13.158128,8.878127,4.2281275,-1.4818726,-1.6018726,-2.0018725,1.1881274,1.0681274,2.4781275,3.6381273,-1.1218725,-3.3618727,-2.1518726,-0.8918726,-1.0618726,0.62812746
0.39812744,-3.9818726,-5.2918725,-2.7718725,0.88812745,0.40812743,4.1781273,3.8181274,5.0581274,5.5281277,7.1881275,7.2481275,5.9581275,5.9081273,6.0581274,6.9181275,8.2281275,9.6881275,10.538128,12.738128,10.318128,6.488127,-1.1618725,-1.7118726,1.6481274,1.3581275,6.0181274,3.1481276,-2.7918725,0.17812744,0.11812744,-0.9618726,0.56812745,-0.011872559,0.37812746,1.5781274,-1.2718725,1.1281275,2.0581274,-3.1018724,-0.37187254
-5.2518725,-3.8818727,-1.2718725,-2.4918725,-1.0318725,7.2881274,4.7281275,2.8381274,6.7281275,6.2281275,6.8981276,6.738127,6.6781273,3.8781273,5.5781274,6.2981277,10.058127,11.638127,12.618128,12.578128,9.678127,8.208127,-0.61187255,6.1681275,3.0881274,1.6681274,1.0481274,1.8881274,-1.0918726,-1.8018726,-2.3518724,-0.62187254,0.41812745,-2.5618725,-2.4418726,-0.03187256,1.5581274,-0.5318726,1.9581275,-2.4718726,-1.6318725
-7.0818725,-4.1518726,-4.1118727,-0.76187253,5.4681273,3.7381275,3.5881274,4.008127,3.7781274,5.3281274,6.238127,6.8681273,2.1681275,5.2481275,6.4181275,7.5981274,8.868128,9.868128,10.988128,11.158128,12.118128,8.918127,4.4281273,16.548128,8.6881275,4.4981275,5.7281275,3.6381273,2.5081275,1.6181275,4.4081273,1.1681274,6.8881273,5.3081274,2.2681274,4.8281274,0.6681274,0.77812743,-0.74187255,1.5381274,-4.9218726
-4.5318727,-2.0918725,-0.8318726,-0.101872556,1.9681275,2.9681275,4.6581273,5.5981274,4.7881274,5.6381273,6.3181276,7.4181275,6.4481273,7.4581275,3.7581275,4.6981273,8.198128,8.048127,8.788128,11.498127,10.4381275,8.138127,8.608128,8.068128,9.418127,3.9881275,6.5681276,7.1581273,4.3181276,7.9581275,8.548127,6.0881276,0.81812745,-0.13187256,-4.0518727,-3.4318726,4.0281277,-2.2118726,-1.3418726,-0.55187255,-3.0318725
2.5181274,3.8381274,0.9181274,2.1481276,3.1981275,4.5681276,6.2681274,6.3181276,4.3281274,5.5581274,5.4081273,6.7981277,7.0981274,7.008127,1.2581275,4.0481277,8.048127,6.8781276,6.8681273,8.538128,12.078128,6.0881276,2.2581275,6.5481277,10.198128,10.1881275,6.6181273,4.2481275,7.2781277,8.558127,9.378127,10.4781275,9.888127,5.6681275,0.70812744,6.1881275,2.4681275,-2.1918726,-3.2718725,-4.6818724,-3.1318727
3.2381275,5.0681276,4.0581274,4.3581276,3.8881273,4.258127,4.1081276,4.4581275,4.4681273,5.2281275,5.8281274,5.3481274,5.1281276,6.4081273,2.3181274,6.7881274,8.888127,6.7481275,6.6781273,9.458127,5.0581274,9.748127,6.9281273,5.3481274,9.238128,7.6481276,6.9581275,7.9481273,6.238127,8.078128,9.208127,11.788128,12.2281275,9.578128,5.8581276,-0.73187256,1.1981274,0.27812743,-0.55187255,-2.4018726,2.2481275
5.6481276,5.5181274,5.5681276,5.5781274,4.4381275,4.9081273,3.4381275,3.6581275,5.5581274,5.2281275,5.4281273,5.0281277,5.8081274,2.3181274,3.9281275,7.6681275,7.7981277,4.4181275,2.2581275,-0.16187257,3.0281274,5.1581273,7.2781277,6.3481274,2.7181275,6.5381274,5.2281275,5.2681274,7.1981273,7.0581274,8.538128,8.008127,10.118128,5.0781274,5.2781277,-6.2318726,-7.3518724,-5.6918726,-3.6818726,2.1181273,1.3581275
6.3681273,6.3081274,6.488127,6.988127,5.8781276,5.1881275,5.6281276,5.6181273,5.3681273,5.4281273,3.5881274,4.6481276,5.2981277,4.7681274,2.2981274,7.5181274,5.008127,2.2581275,4.1081276,1.3481275,2.3681273,5.6281276,4.4081273,4.1281276,5.4781275,4.3781276,4.0481277,6.2981277,6.1681275,4.008127,6.2881274,5.0181274,9.908128,5.0481277,1.4381274,-1.3918725,-1.9618726,-1.5518726,-1.5018725,-1.1018726,-1.5418725
6.9681273,8.388127,8.308127,8.218127,6.0981274,8.148128,4.9181275,4.8681273,6.5681276,6.008127,4.2781277,5.258127,6.2081275,4.9281273,3.3181274,6.5381274,2.9081275,2.1481276,2.9281275,3.8381274,-0.50187254,3.2381275,4.0181274,1.1181275,1.2681274,3.8581274,4.008127,7.2781277,6.7681274,7.258127,7.488127,5.1781273,8.248127,1.9081274,1.5981275,-4.261873,-3.0118725,-1.1518725,-1.2218726,-1.4818726,1.7881274
6.1381273,7.8281274,6.7681274,9.658128,4.3581276,3.4681275,1.8581275,6.1481276,9.308127,5.0681276,5.3681273,5.3381276,7.3281274,6.4981275,3.7381275,3.8381274,5.7981277,4.3581276,1.4381274,1.5881275,0.43812743,0.9781274,-2.0018725,-2.1618726,-1.4418726,1.6381274,5.6781273,8.638127,9.258127,9.198128,8.488128,7.6281276,1.2581275,-2.1618726,-1.2018726,-2.3918726,-1.0718726,0.43812743,-0.37187254,1.3981274,-1.8818725
5.5381274,6.7081275,6.3281274,6.1881275,0.98812747,2.5881274,3.5081275,5.6581273,7.1281276,5.1181273,5.4181275,4.758127,4.6281276,4.0981274,4.0581274,3.9381275,2.6381273,0.37812746,-2.0218725,1.2181275,0.87812746,-2.8518724,-2.4718726,-1.4418726,-1.5018725,2.7381275,2.7881274,6.6881275,10.348127,2.7081275,2.5981274,-6.0718727,-4.6218724,-2.4818726,-4.3818727,-3.7618725,-1.6618725,-2.8818727,-2.0218725,-0.11187256,0.16812745
5.488127,4.8981276,4.7781277,3.1381273,4.5981274,4.4581275,4.3981276,7.8081274,4.9081273,5.6881275,4.1181273,4.1881275,3.7481275,3.7881274,2.4581275,1.7081275,3.1381273,1.7081275,-1.1018726,-0.74187255,0.87812746,-2.5718725,-1.5418725,-0.6418726,0.49812743,-1.5518726,0.5981274,0.75812745,-1.1018726,-4.5018725,-7.5318727,-7.3118725,-5.3718724,-3.7318726,-3.6818726,-4.5618725,-1.5118725,-1.3318726,-1.8718725,-0.16187257,-0.31187257
4.6281276,4.5881276,4.1881275,4.0281277,2.4581275,3.5781274,4.3681273,5.5981274,5.6981273,5.6881275,2.4081275,2.6181273,4.238127,3.0781274,3.3181274,1.1981274,0.22812743,1.7781274,-1.7418725,0.28812745,0.7281274,0.6581274,-2.5618725,-3.4718726,-1.1418725,-2.6318727,-2.8418725,0.21812744,-3.0918725,-5.3318725,-2.0818725,-5.1018724,-4.9118724,-5.7818727,-4.0618725,-3.6318727,-2.2418725,-1.6418725,-0.7018726,-2.1118727,0.6581274
3.2181275,3.9581275,1.1081275,2.3981276,4.1381273,3.4881275,3.4481275,3.5281274,4.5681276,4.3281274,1.3881274,3.8381274,2.3481274,2.5781274,2.1481276,2.4681275,0.94812745,0.048127443,1.5981275,-1.2518725,2.5481274,0.6681274,-2.1318727,-5.4818726,-4.2818727,-3.3918726,-2.4418726,-1.6918726,-2.1018724,-4.5718727,-3.7218726,-3.4218726,-6.8518724,-5.7918725,-3.6718726,-2.3918726,-2.9718726,-3.0118725,-2.0118725,-1.7618725,0.29812744
