wind_kz.json
{"header": {"discipline":0,"disciplineName":"Meteorological products","gribEdition":2,"gribLength":1102,"center":7,"centerName":"US National Weather Service - NCEP(WMC)","subcenter":0,"refTime":"2025-04-05T06:00:00.000Z","significanceOfRT":1,"significanceOfRTName":"Start of forecast","productStatus":0,"productStatusName":"Operational products","productType":1,"productTypeName":"Forecast products","productDefinitionTemplate":0,"productDefinitionTemplateName":"Analysis/forecast at horizontal level/layer at a point in time","parameterCategory":2,"parameterCategoryName":"UnknownDiscipline_0_Category_2","parameterNumber":3,"parameterNumberName":"UnknownParameter_D0_C2_3","parameterUnit":"Unknown","genProcessType":2,"genProcessTypeName":"Forecast","forecastTime":120,"surface1Type":103,"surface1TypeName":"Specified height level above ground","surface1Value":10.0,"surface2Type":255,"surface2TypeName":"Missing","surface2Value":0.0,"gridDefinitionTemplate":0,"gridDefinitionTemplateName":"Latitude_Longitude","numberPoints":615,"shape":6,"shapeName":"Earth spherical with radius of 6,371,229.0 m","gridUnits":"degrees","resolution":48,"winds":"true","scanMode":64,"nx":41,"ny":15,"basicAngle":0,"lo1":47.0,"la1":41.0,"lo2":87.0,"la2":55.0,"dx":1.0,"dy":1.0}, "data":
[rows 0 to 14 of 15, columns 0 to 40 of 41]
-1.9107666,2.9092333,-4.8307667,-8.980766,-5.8007665,2.7392335,7.9792333,1.0892334,6.9792333,9.239233,10.019234,9.409233,8.919233,8.609234,7.4192333,5.3792334,5.4792333,2.6892333,0.5892334,1.4592334,3.6292334,1.1392334,0.059233397,-0.020766601,1.0992334,-0.2407666,-0.3307666,1.3492334,-0.7007666,-1.5207666,-2.1907666,0.3692334,-0.7707666,0.7492334,-0.1707666,-1.1607666,-1.7507666,2.8992333,3.9992335,4.6992335,3.6392334
5.9792333,1.7192334,-10.130767,-8.560766,-9.510767,7.8592334,7.5292335,9.799233,10.429234,13.109234,10.679234,9.749233,9.229234,7.5692334,6.8192334,5.7492332,3.0392334,2.1392334,3.4692335,3.7292335,2.5092335,0.1792334,-1.7407666,-0.020766601,0.7692334,2.3992333,2.0192335,1.5392334,1.8392334,1.6392334,-0.5407666,-1.2507666,-1.1707666,0.8892334,0.47923338,4.2792335,1.6992334,1.9392334,-0.4807666,0.5092334,1.3192334
-5.6007667,-11.340767,-9.770766,-6.0907664,-5.8207664,5.9292336,5.0992336,11.369233,8.369233,10.559234,12.779233,11.269234,9.869233,9.229234,7.4992332,6.519233,5.5692334,4.789233,4.0992336,3.2892334,2.7292335,1.0492334,-0.1207666,-0.0607666,-1.2407666,-1.6007667,-0.88076663,-1.5707666,-0.7607666,-1.6707666,0.5492334,0.9692334,-0.4607666,-0.1207666,-0.1607666,-2.8607666,-2.2507665,-2.3907666,-1.5407666,-0.3707666,-2.0907667
-4.230767,-10.010767,-8.130767,-4.0507665,1.0592334,6.3592334,9.749233,11.149234,12.359234,10.859234,10.129233,10.789233,8.859234,7.769233,8.929234,7.1592336,6.289233,5.5692334,4.579233,4.8192334,2.3292334,-0.4507666,3.2692335,1.1992334,0.2692334,-0.4007666,-1.1307666,-1.4707665,-1.2907666,-2.4007666,-2.6407666,1.7992334,1.4892334,-0.3407666,0.3692334,1.7492334,2.0292335,2.4192333,-4.3107667,3.4092333,-4.6507664
-6.4907665,-10.490767,-9.880767,-2.7707665,5.4492335,4.9492335,6.1192336,7.7592335,6.269233,9.099234,10.759233,10.799233,8.039233,8.269234,7.059233,8.509233,7.9192333,6.5992336,5.2592335,3.0692334,4.519233,4.4192333,3.2592335,2.3092334,1.5092334,0.6792334,-0.7807666,-0.8607666,-0.9407666,-2.0207665,-2.6607666,-2.9807665,-0.5507666,0.2192334,0.009233398,-1.1907666,0.8392334,2.4092333,1.6692334,0.4692334,-0.9707666
-7.460767,-9.490767,-13.100766,-0.7607666,6.8392334,5.7592335,6.9392333,8.879233,9.299233,7.4692335,7.519233,7.9392333,7.289233,10.129233,10.709233,9.339233,8.919233,8.409233,7.6692333,6.4992332,6.0692334,5.6992335,5.5292335,4.7792335,3.4992335,1.9692334,-0.020766601,-3.5607667,-0.4107666,-1.3307666,-1.7507666,-3.8407667,-3.7307665,-1.1907666,-2.4207666,-3.6707666,-3.0807667,-3.3507667,-2.7007666,-0.63076663,2.6492333
-5.9307666,-9.170767,-12.5307665,-4.7207665,4.0492334,7.1392336,8.899234,9.729234,9.799233,9.229234,7.6292334,9.659233,11.269234,10.079233,9.629233,10.259233,9.769234,10.229234,10.229234,8.479234,7.5692334,7.1292334,6.8992333,6.1892333,5.1692333,3.7992334,2.0192335,1.8392334,0.9292334,-0.3407666,-1.6307666,-2.7007666,-4.690767,-0.8407666,0.86923337,2.3592334,2.5892334,1.0492334,-0.6407666,1.2592334,-1.5907665
-5.230767,-8.340767,-11.960767,-10.170767,-0.8707666,3.0592334,4.9292336,6.9592333,7.4592333,9.079233,10.2192335,9.809234,10.279233,10.489233,9.659233,9.409233,10.299233,11.079233,10.839233,10.279233,8.589233,7.4292336,6.6892333,6.6792336,6.0992336,5.1792336,5.0992336,3.8492334,1.8092334,-0.4007666,-0.9207666,-1.2807666,-1.9807667,-3.5707667,-2.6307666,-2.7507665,-0.9307666,-1.8607666,0.4192334,-0.0307666,-0.4207666
-4.710767,-6.1807666,-9.830767,-10.770766,-6.440767,-0.6707666,1.6292334,3.6292334,5.5992336,6.5092335,7.289233,8.869233,9.989233,10.419233,11.269234,10.559234,10.609234,10.769234,10.599234,9.929234,9.419233,7.9592333,7.6992335,7.4492335,6.3992333,5.079233,5.6192336,4.2192335,3.0292335,2.4392333,0.7992334,-0.4407666,-1.4407666,-2.6707666,-3.4807665,-4.9007664,0.9092334,-3.9907665,-2.8707666,-2.7507665,-2.1507666
-5.5807667,-5.0307665,-7.2207665,-7.4107666,-7.4107666,-4.920767,-2.1807666,1.5892334,3.6392334,5.0992336,6.5092335,7.5892334,8.759233,11.249233,12.029233,10.819233,11.459233,10.049233,7.4492335,6.6192336,6.829233,9.119233,7.4992332,7.539233,6.6792336,6.1292334,4.9592333,4.1892333,3.7892334,2.6292334,2.7792335,2.7392335,1.4692334,0.0492334,-1.6207666,-1.8107666,-1.0207666,0.9792334,-1.6407666,-1.7107666,-1.6707666
-4.3607664,-6.0007668,-5.170767,-7.4707665,-7.0407667,-6.7707667,-5.4707665,-4.0107665,-2.8107667,1.1392334,3.5992334,4.5492334,7.1792336,10.699233,11.819233,11.319233,11.479234,9.939234,7.0892334,7.4492335,7.0292335,6.1692333,7.7292333,7.8392334,6.9092336,6.1092334,5.2792335,5.579233,4.6892333,2.9792335,2.9092333,4.2292333,2.5292335,1.2092334,-0.4207666,-1.4107666,-0.2407666,0.4292334,0.6992334,0.6892334,-0.0807666
-1.3207666,-3.0407667,-4.0407667,-4.7807665,-6.420767,-6.2807665,-6.1307664,-5.5207667,-5.7607665,-3.3807666,-0.9507666,-1.9307666,2.6992333,5.9592333,6.579233,7.4492335,8.759233,10.079233,7.9292336,9.249233,6.4392333,3.3792334,4.6292334,6.7092333,7.1792336,6.8792334,5.8992333,4.269233,3.8392334,2.2792335,4.829233,6.0292335,3.3692334,2.7092333,1.7792335,0.7692334,0.1692334,-1.2307667,-1.7007666,-1.0207666,-0.6407666
-0.5007666,-1.4007666,-1.4907666,-3.2007666,-4.1107664,-3.2907667,-4.5807667,-5.3307667,-6.670767,-3.7707665,-0.8707666,-0.8607666,-3.2707665,-1.3307666,-1.2407666,2.5292335,3.6892333,3.2892334,4.7792335,5.3792334,6.7592335,4.9592333,5.4292336,7.1192336,6.5492334,6.4692335,6.4892335,5.539233,4.809233,4.1392336,5.809233,6.6892333,4.6392336,3.7692335,3.2192335,3.4792335,2.6992333,1.3492334,1.7292334,1.1292334,0.2392334
0.5192334,-0.6507666,-2.2107666,-2.7307665,-2.7007666,-3.0107665,-3.0307665,-2.7807665,-3.5907667,-5.0807667,-1.0207666,-0.110766605,-1.2007666,-1.0207666,-1.5207666,-1.7907666,-2.3907666,-2.6507666,2.4992335,6.1392336,7.309233,7.5492334,7.4692335,6.1892333,5.6092334,5.6192336,6.8392334,6.9692335,5.9192333,5.3892336,5.7992334,5.8992333,5.1292334,4.7492332,4.0992336,4.7492332,3.5992334,2.9992335,2.6092334,1.6492333,1.6492333
0.5992334,-0.010766601,-0.4707666,-0.8107666,-1.3707666,-0.9307666,-1.5907665,-1.7907666,-1.9607666,-1.5907665,-1.0607666,-1.8107666,-1.5507666,0.1392334,-2.2207665,-2.6507666,-1.6607666,-2.6307666,-4.4907665,-3.2807665,3.6392334,5.3692336,6.0892334,5.9992332,6.059233,6.4392333,6.9992332,7.0292335,6.809233,6.3592334,5.6192336,5.809233,5.4392333,5.2392335,5.2792335,4.7792335,5.0092335,4.0292335,2.7792335,2.8592334,1.7492334
