wind_kz.json
{"header": {"discipline":0,"disciplineName":"Meteorological products","gribEdition":2,"gribLength":871,"center":7,"centerName":"US National Weather Service - NCEP(WMC)","subcenter":0,"refTime":"2023-09-23T00:00:00.000Z","significanceOfRT":1,"significanceOfRTName":"Start of forecast","productStatus":0,"productStatusName":"Operational products","productType":1,"productTypeName":"Forecast products","productDefinitionTemplate":0,"productDefinitionTemplateName":"Analysis/forecast at horizontal level/layer at a point in time","parameterCategory":0,"parameterCategoryName":"UnknownDiscipline_0_Category_0","parameterNumber":0,"parameterNumberName":"UnknownParameter_D0_C0_0","parameterUnit":"Unknown","genProcessType":2,"genProcessTypeName":"Forecast","forecastTime":120,"surface1Type":1,"surface1TypeName":"Ground or water surface","surface1Value":0.0,"surface2Type":255,"surface2TypeName":"Missing","surface2Value":0.0,"gridDefinitionTemplate":0,"gridDefinitionTemplateName":"Latitude_Longitude","numberPoints":615,"shape":6,"shapeName":"Earth spherical with radius of 6,371,229.0 m","gridUnits":"degrees","resolution":48,"winds":"true","scanMode":64,"nx":41,"ny":15,"basicAngle":0,"lo1":47.0,"la1":41.0,"lo2":87.0,"la2":55.0,"dx":1.0,"dy":1.0}, "data":
[rows 0 to 14 of 15, columns 0 to 40 of 41]
287.39227,280.09225,284.99225,293.69226,293.69226,293.19226,292.49225,292.69226,290.29227,288.69226,288.69226,289.29227,288.89227,289.09225,288.79227,287.99225,287.99225,288.19226,286.39227,289.29227,290.79227,286.89227,288.79227,283.59225,284.79227,288.29227,285.69226,271.79227,270.59225,273.69226,272.49225,273.39227,280.69226,286.59225,287.69226,288.09225,288.19226,287.39227,286.09225,285.79227,285.59225
271.59225,284.69226,293.19226,293.79227,293.29227,292.29227,290.39227,289.79227,287.99225,288.59225,289.29227,288.29227,287.79227,287.19226,288.09225,287.89227,287.39227,284.89227,285.89227,285.89227,288.89227,290.49225,288.39227,282.19226,274.19226,274.39227,280.09225,274.89227,274.19226,270.09225,274.59225,266.79227,274.89227,251.89226,271.69226,284.19226,282.69226,284.99225,287.49225,280.59225,283.59225
286.39227,292.99225,293.69226,293.39227,291.49225,290.39227,289.49225,287.99225,287.29227,287.09225,287.79227,287.89227,286.89227,287.79227,288.79227,286.59225,285.29227,285.19226,285.29227,285.89227,287.19226,285.99225,287.89227,283.49225,286.49225,287.49225,287.89227,286.59225,285.69226,279.79227,272.09225,271.99225,276.49225,276.39227,277.99225,278.59225,271.89227,270.99225,271.79227,269.89227,267.09225
289.49225,292.59225,293.59225,292.59225,291.29227,288.59225,289.29227,288.19226,288.89227,288.49225,288.29227,289.39227,291.29227,290.69226,288.49225,287.89227,288.19226,286.59225,286.09225,286.29227,287.29227,281.59225,285.99225,286.69226,287.89227,288.19226,288.99225,287.89227,285.39227,285.09225,285.29227,283.59225,287.19226,285.29227,284.69226,282.59225,267.59225,262.69226,273.89227,278.89227,281.79227
290.09225,292.39227,292.69226,291.69226,290.79227,289.29227,290.39227,289.49225,289.79227,289.79227,291.89227,288.79227,290.09225,289.19226,287.79227,291.59225,288.09225,288.09225,286.49225,287.69226,287.39227,287.29227,286.49225,286.19226,285.99225,286.29227,284.99225,286.09225,287.49225,286.89227,287.49225,285.09225,276.99225,266.29227,273.69226,281.49225,286.39227,284.89227,285.09225,285.09225,285.09225
288.19226,287.39227,291.19226,291.59225,291.49225,291.29227,289.99225,290.99225,289.29227,289.59225,290.29227,290.49225,289.99225,289.99225,288.99225,287.99225,289.49225,288.09225,290.99225,291.09225,289.69226,286.49225,285.59225,286.19226,285.39227,283.99225,283.19226,288.39227,286.09225,286.39227,284.69226,286.09225,283.39227,282.19226,282.49225,286.19226,277.79227,277.59225,280.89227,283.09225,283.19226
287.99225,286.79227,290.19226,290.59225,289.79227,288.89227,289.69226,288.89227,288.99225,289.69226,288.49225,288.89227,291.09225,287.69226,289.09225,290.89227,288.49225,289.99225,287.49225,288.09225,290.19226,289.39227,287.39227,286.59225,284.59225,284.39227,283.79227,285.29227,284.59225,284.59225,284.39227,284.29227,283.99225,283.79227,283.69226,281.39227,278.39227,275.39227,270.49225,270.99225,279.69226
287.79227,287.49225,289.89227,290.29227,290.69226,289.89227,288.69226,287.39227,286.59225,287.39227,286.89227,287.99225,289.69226,290.19226,289.59225,290.09225,288.09225,290.59225,286.69226,286.99225,287.69226,286.79227,286.49225,289.49225,287.69226,287.09225,286.69226,287.29227,281.59225,282.99225,281.69226,281.99225,280.69226,278.59225,277.69226,278.19226,280.29227,286.99225,280.89227,280.59225,277.89227
286.99225,287.09225,288.09225,287.49225,288.69226,287.89227,286.19226,286.39227,285.59225,285.09225,285.59225,285.79227,285.59225,287.29227,286.89227,287.29227,286.69226,286.69226,288.39227,286.19226,281.99225,285.69226,286.49225,287.19226,284.39227,285.79227,284.49225,284.59225,284.19226,284.09225,283.99225,279.19226,279.49225,279.89227,278.69226,277.99225,277.99225,277.79227,265.49225,267.59225,263.39227
288.09225,288.39227,287.79227,286.99225,286.69226,285.99225,285.49225,284.89227,284.49225,283.59225,283.59225,283.49225,284.09225,284.09225,284.89227,284.29227,285.39227,285.99225,285.09225,285.69226,285.79227,284.59225,285.59225,286.79227,286.49225,285.59225,285.19226,285.29227,285.29227,284.89227,285.79227,282.39227,282.79227,281.79227,279.59225,278.89227,279.09225,274.59225,269.89227,270.39227,267.29227
286.19226,286.19226,286.19226,285.69226,284.89227,284.39227,283.99225,282.99225,282.79227,282.69226,282.19226,281.79227,283.69226,282.59225,283.19226,284.19226,284.69226,285.49225,285.69226,284.09225,284.69226,285.19226,286.19226,283.99225,284.89227,282.89227,283.79227,284.19226,285.79227,287.29227,285.19226,284.19226,283.69226,283.19226,281.69226,279.39227,276.99225,273.19226,272.99225,274.59225,266.99225
283.69226,283.99225,283.49225,283.09225,282.69226,282.49225,281.89227,281.49225,282.09225,281.69226,279.79227,281.09225,282.49225,282.39227,285.09225,283.69226,283.79227,284.39227,284.69226,284.39227,283.89227,283.09225,284.09225,284.19226,282.09225,283.39227,282.69226,285.49225,284.19226,287.09225,286.49225,286.49225,286.39227,282.79227,282.59225,281.29227,281.39227,280.49225,279.79227,277.99225,275.29227
281.39227,280.89227,281.79227,281.09225,281.89227,281.79227,280.69226,280.89227,280.19226,278.99225,278.79227,277.69226,280.89227,280.59225,282.79227,282.79227,285.09225,283.89227,284.49225,283.89227,284.09225,283.59225,281.69226,281.99225,282.29227,281.59225,282.59225,281.79227,282.89227,285.39227,285.59225,285.99225,286.89227,284.59225,285.09225,282.29227,281.69226,281.79227,279.99225,277.99225,276.79227
278.49225,280.49225,283.59225,281.19226,280.59225,279.89227,280.59225,280.09225,279.49225,279.39227,278.29227,276.49225,277.49225,279.39227,280.79227,284.39227,284.29227,283.59225,283.79227,283.79227,284.09225,283.69226,284.09225,284.39227,283.49225,282.29227,281.89227,281.19226,280.19226,280.39227,281.79227,283.09225,283.99225,282.39227,284.49225,284.79227,284.19226,280.79227,279.59225,278.69226,277.39227
279.79227,280.59225,286.09225,280.39227,280.39227,279.39227,279.99225,278.89227,279.79227,279.49225,279.29227,280.89227,280.79227,281.99225,282.19226,283.09225,282.89227,283.19226,283.59225,283.39227,283.59225,283.39227,282.99225,282.99225,281.19226,281.49225,282.99225,282.49225,282.09225,279.09225,279.29227,281.09225,278.79227,279.49225,279.79227,280.99225,283.79227,283.79227,284.69226,282.69226,281.39227
