wind_kz.json
{"header": {"discipline":0,"disciplineName":"Meteorological products","gribEdition":2,"gribLength":1025,"center":7,"centerName":"US National Weather Service - NCEP(WMC)","subcenter":0,"refTime":"2023-08-19T18:00:00.000Z","significanceOfRT":1,"significanceOfRTName":"Start of forecast","productStatus":0,"productStatusName":"Operational products","productType":1,"productTypeName":"Forecast products","productDefinitionTemplate":0,"productDefinitionTemplateName":"Analysis/forecast at horizontal level/layer at a point in time","parameterCategory":2,"parameterCategoryName":"UnknownDiscipline_0_Category_2","parameterNumber":3,"parameterNumberName":"UnknownParameter_D0_C2_3","parameterUnit":"Unknown","genProcessType":2,"genProcessTypeName":"Forecast","forecastTime":60,"surface1Type":103,"surface1TypeName":"Specified height level above ground","surface1Value":10.0,"surface2Type":255,"surface2TypeName":"Missing","surface2Value":0.0,"gridDefinitionTemplate":0,"gridDefinitionTemplateName":"Latitude_Longitude","numberPoints":615,"shape":6,"shapeName":"Earth spherical with radius of 6,371,229.0 m","gridUnits":"degrees","resolution":48,"winds":"true","scanMode":64,"nx":41,"ny":15,"basicAngle":0,"lo1":47.0,"la1":41.0,"lo2":87.0,"la2":55.0,"dx":1.0,"dy":1.0}, "data":
[rows 0 to 14 of 15, columns 0 to 40 of 41]
-0.23457275,2.1554272,-0.70457274,6.9254274,3.8154273,1.7954272,0.08542725,0.36542726,-0.28457275,-1.0645728,-0.7945728,0.6554272,-1.1445727,-3.6345727,-5.7645726,-6.924573,-4.2645726,-1.5345727,0.025427246,1.6454272,-0.9645727,-2.1345727,-2.9545727,2.2554274,3.3854272,1.7554272,2.7554274,0.6454272,-2.0045729,1.9954273,2.0554273,-3.1645727,-1.3945727,0.75542724,0.40542725,-0.27457276,-1.1145728,-1.5345727,-1.2545727,1.2354273,1.3254273
-0.49457276,-2.7545729,4.2154274,5.455427,3.7154272,2.0654273,2.3054273,0.50542724,-2.2545729,-1.7645727,2.1554272,2.7554274,-0.50457275,-3.1645727,-6.524573,-7.6645727,-4.6445727,-0.19457275,-1.0045727,-0.48457277,0.005427246,-0.9145728,-2.3645728,-1.4045727,3.3654273,2.9254272,3.9254272,0.22542724,-0.32457274,0.12542725,-0.9745728,2.8154273,2.0954273,1.2754272,3.3054273,3.5554273,1.9454273,2.7254272,1.9154272,1.0854273,0.61542726
-1.5745728,2.7654274,3.6054273,4.2354274,3.1054273,1.7354273,-0.19457275,1.8554273,0.095427245,-2.4445727,-2.1445727,0.07542725,0.23542725,-2.1645727,-4.134573,-6.484573,-6.044573,-2.7245727,-2.0945728,-2.3845727,-2.4245727,-1.0445727,-2.2445726,0.9054272,-2.7345726,-2.2245727,-4.1445727,-0.5445728,-1.3445728,-4.4145727,-3.5645728,-0.81457275,-4.584573,-0.98457277,1.0854273,-3.0145729,-4.464573,-0.17457275,-3.3045728,-0.06457275,0.055427246
2.5654273,4.2754273,2.1554272,-0.73457277,3.5754273,1.9354272,2.1754272,4.075427,1.9754273,-0.16457276,-1.7545727,-1.8845727,-1.0845728,-0.09457275,-3.2445726,-5.1845727,-7.3245726,-3.0445728,-1.5145727,-2.8145728,-1.4745728,-1.0745728,-0.93457276,-1.7145728,-3.3945727,-2.1145728,-0.09457275,2.3054273,-2.0645728,-0.77457273,-1.6845727,-0.6545727,2.1554272,1.3754272,1.5254272,2.0654273,2.9054272,0.7154272,-3.5545728,-2.6345727,-3.3845727
3.0054274,2.7954273,1.9654273,0.07542725,-0.37457275,1.0354272,-0.044572756,3.4154272,0.7854273,1.0554272,-1.1545727,-2.4645727,-2.9445727,-0.88457274,0.39542726,-2.9045727,-5.0945725,-2.8845727,-2.1345727,-2.6945727,0.81542724,0.13542725,3.9054272,-3.2845728,1.6554272,1.7854272,1.0954273,1.0754273,1.7454273,-1.0245727,-4.0945725,-4.214573,-1.0245727,-2.0445728,0.86542726,1.2354273,3.0854273,-0.044572756,-1.7645727,0.88542724,-0.09457275
4.685427,2.7854273,1.8354273,1.4754273,1.4154272,0.98542726,0.5354273,1.8054272,1.9754273,0.12542725,-0.27457276,-1.2945727,-1.0745728,-1.8545728,-0.67457277,-0.41457275,-2.3245728,-3.3145728,-2.7045727,-2.3345728,-3.0445728,-0.9745728,2.5754273,4.035427,2.6854272,3.3754272,3.7154272,-0.93457276,1.7654272,0.30542725,-1.5545727,-2.7345726,-3.5345728,-4.9545727,-2.8745728,-0.38457274,-3.8445728,-3.0245728,0.29542723,1.1254272,-0.32457274
3.2054272,2.1754272,0.15542725,-0.15457276,2.1654272,1.6554272,1.8354273,3.5154274,2.0054274,-0.39457276,-0.42457277,-0.5945728,-2.1545727,-2.2945728,-3.8545728,-3.2145727,-0.004572754,0.19542724,-1.3845727,-2.2145727,-2.5045729,-2.2445726,1.4554273,2.6154273,3.5354273,4.7954273,4.845427,3.5254273,3.5954273,3.2954273,-0.50457275,1.1354272,0.30542725,-0.7945728,0.93542725,2.9754272,0.98542726,-3.5045729,-2.4445727,1.5554272,-4.814573
0.80542725,0.93542725,0.29542723,0.5254272,0.97542727,0.49542725,-0.44457275,0.80542725,1.4454273,1.3454273,-0.9745728,-3.8345728,-3.8045728,-0.10457275,-2.1645727,-4.274573,-0.36457276,2.6354272,0.56542724,0.025427246,1.2854272,2.8754272,2.7354271,1.5654273,3.2154272,2.8154273,1.0654273,-2.5145729,0.68542725,1.6454272,1.0454272,-0.98457277,0.5854272,1.2154273,-1.2545727,-0.77457273,-2.5245728,-1.6045728,-0.47457275,-2.0345728,0.31542724
0.40542725,0.30542725,0.40542725,-0.8545728,-1.1245728,-1.4345727,-1.5245727,-1.7645727,-1.2345728,-1.9045727,-3.4845726,-5.2245727,-2.7445726,1.9754273,-0.09457275,-3.2645729,-3.6545727,0.35542724,0.19542724,0.9554272,1.4754273,2.3754272,0.9654272,-0.004572754,1.4954273,2.9754272,4.915427,4.6254272,3.3654273,1.7354273,-0.48457277,-2.0945728,-1.6445727,0.7154272,-0.82457274,1.1954273,0.29542723,-3.9645727,-2.3045728,-0.33457276,2.1654272
-0.084572755,-0.7145727,-0.31457275,0.91542727,0.20542724,-1.1345727,-2.0145729,-2.0545728,-2.0445728,-2.1845727,-2.8445728,-4.4345727,-0.92457277,2.5054274,1.1954273,-0.42457277,-2.6045728,-3.2845728,-2.5045729,-2.3645728,-0.044572756,0.21542725,2.3754272,2.9454272,-2.0345728,-0.43457276,3.5254273,2.1054273,3.1854272,0.22542724,-2.6545727,-1.8545728,-1.7045728,0.25542724,3.5454273,1.1154273,0.015427246,1.9154272,0.045427248,-2.5645728,-1.1545727
-1.2445728,0.27542725,1.0854273,1.3554273,0.36542726,-0.7145727,-1.4245727,-1.9245727,-3.3045728,-4.1445727,-3.6045728,-2.4545727,-1.6245728,2.2554274,3.0154274,0.34542724,-0.43457276,-2.8945727,-3.5145729,-4.524573,-4.8445725,-5.0545726,0.72542727,2.3954272,2.2354271,0.56542724,4.4054275,4.995427,1.7554272,0.51542723,1.7054273,1.5954273,0.9654272,-0.034572754,0.40542725,1.2054273,1.0354272,-1.1245728,-0.47457275,1.0554272,-0.30457276
0.27542725,-0.99457276,-0.83457273,-0.57457274,-0.48457277,-1.3445728,-1.7045728,-2.9545727,-3.1845727,-4.064573,-3.0145729,-0.7945728,-1.8445728,-0.20457275,0.33542725,-0.50457275,-1.6245728,-2.9845726,-3.1645727,-3.8745728,-4.0945725,-4.384573,-3.6345727,-2.3545728,0.7154272,3.5954273,4.075427,1.9554273,0.69542724,2.5154274,3.8854272,3.3054273,1.9054272,0.9554272,0.87542725,0.25542724,-0.70457274,-1.4345727,-1.9245727,-1.1345727,-0.77457273
0.92542726,-0.50457275,-1.2745727,-1.6445727,-1.7445728,-1.3545728,-1.8245728,-2.5045729,-2.5645728,-3.5245728,-2.0445728,-1.9845728,-1.6845727,-1.0845728,-1.3845727,-1.6845727,-1.3545728,-1.4845728,-2.0145729,-2.1145728,-2.9445727,-3.2745728,-2.9145727,-3.0845728,-3.6545727,-2.3845727,-0.7245728,0.45542726,5.4854274,4.3154273,4.975427,4.9054275,3.5854273,2.3954272,1.8854272,1.5954273,0.67542726,0.29542723,1.2254273,1.2154273,0.7154272
-0.06457275,-1.0445727,-0.98457277,-2.0245728,-2.1045728,-2.5845728,-2.5945728,-2.6745727,-2.9245727,-3.1845727,-1.4945728,-1.4945728,-1.8845727,-0.26457274,-1.1445727,-1.5045727,-1.6045728,-1.9045727,-1.5945728,-1.9945728,-1.5245727,-1.0445727,-2.0845728,-2.2845728,-2.4345727,-1.4445728,-1.2545727,-1.3745728,0.5254272,2.8954272,4.9854274,5.4054275,4.6054273,3.5554273,2.8054273,2.3454273,0.86542726,1.6054273,2.0254273,1.5654273,1.3954272
0.43542725,-0.29457274,-1.0245727,-0.21457276,-1.3445728,-2.5245728,-3.5045729,-3.1245728,-2.9445727,-2.4445727,-1.1545727,-1.4445728,-1.5245727,-1.4745728,-1.2445728,-0.49457276,-1.5545727,-0.35457274,0.015427246,-0.034572754,-0.25457275,-0.35457274,-0.63457274,-1.5845728,-2.4945726,-3.2445726,-3.2645729,-1.4445728,0.63542724,3.7754273,4.615427,5.6754274,5.8754272,4.8554273,4.265427,3.1854272,2.6354272,1.6554272,0.97542727,2.0854273,1.8354273
