wind_kz.json
{"header": {"discipline":0,"disciplineName":"Meteorological products","gribEdition":2,"gribLength":1025,"center":7,"centerName":"US National Weather Service - NCEP(WMC)","subcenter":0,"refTime":"2023-09-19T06:00:00.000Z","significanceOfRT":1,"significanceOfRTName":"Start of forecast","productStatus":0,"productStatusName":"Operational products","productType":1,"productTypeName":"Forecast products","productDefinitionTemplate":0,"productDefinitionTemplateName":"Analysis/forecast at horizontal level/layer at a point in time","parameterCategory":2,"parameterCategoryName":"UnknownDiscipline_0_Category_2","parameterNumber":2,"parameterNumberName":"UnknownParameter_D0_C2_2","parameterUnit":"Unknown","genProcessType":2,"genProcessTypeName":"Forecast","forecastTime":0,"surface1Type":103,"surface1TypeName":"Specified height level above ground","surface1Value":10.0,"surface2Type":255,"surface2TypeName":"Missing","surface2Value":0.0,"gridDefinitionTemplate":0,"gridDefinitionTemplateName":"Latitude_Longitude","numberPoints":615,"shape":6,"shapeName":"Earth spherical with radius of 6,371,229.0 m","gridUnits":"degrees","resolution":48,"winds":"true","scanMode":64,"nx":41,"ny":15,"basicAngle":0,"lo1":47.0,"la1":41.0,"lo2":87.0,"la2":55.0,"dx":1.0,"dy":1.0}, "data":
[rows 0 to 14 of 15, columns 0 to 40 of 41]
-1.6219506,1.4980493,-0.59195065,1.4880493,0.8180493,1.2480493,2.4080493,2.4680493,3.8680494,4.558049,5.2180495,5.9180493,5.2180495,4.288049,5.328049,5.9780493,3.5680494,3.6580493,4.2780495,3.2380493,1.7180493,0.4780493,2.3580494,2.2680492,-0.58195066,1.8380493,3.2780492,3.4680493,0.12804931,1.5780493,-1.4719507,1.5380493,0.7480493,-1.4919506,-2.9219506,-2.3719506,-1.3219507,-0.4319507,1.3680493,0.78804934,-0.28195068
-0.4019507,-1.4419507,2.9480493,2.4280493,3.0280492,3.9780493,3.6280494,3.2880492,3.0680494,3.1080494,3.9180493,4.8780494,5.4180493,2.4680493,7.0180492,5.8380494,3.8980494,4.348049,2.9280493,3.1480494,5.6980495,3.8480494,4.4880495,4.368049,1.8580493,-0.041950684,1.3580493,1.4580493,3.4780493,2.3380494,1.6680493,1.0880493,-2.0819507,1.3280493,0.6880493,2.5080492,3.1780493,3.3380494,0.90804935,-0.3319507,-1.4319507
-1.5719507,2.4280493,2.3680494,2.9380493,3.5380492,3.1680493,3.4880493,3.6680493,4.848049,4.7380495,4.7980494,5.4680495,4.3980494,4.2280493,3.9480493,6.618049,4.7680492,3.6380494,4.138049,5.098049,5.5080495,3.0880494,1.0180494,3.9880493,0.8180493,-0.59195065,-2.5319507,-0.7619507,2.8680494,0.22804932,1.6480494,-0.6819507,-2.1119506,-0.7519507,-1.6719507,0.78804934,1.1780493,0.4480493,1.2680494,6.178049,6.5880494
0.79804933,1.9080493,2.4580493,2.2680492,2.6280494,1.5480493,2.6080494,1.8880494,3.5880494,5.7580495,6.6680493,6.678049,5.658049,2.4080493,3.6480494,3.9480493,5.1680493,3.9080493,5.3580494,5.098049,1.3580493,3.3780494,-4.0119505,-4.5219507,-4.6019506,-4.421951,-3.7819507,-4.861951,-4.3119507,-2.1419506,1.0980493,-3.4319506,-4.9819508,-3.3719506,-3.0619507,-1.5519507,0.5180493,2.3180494,-2.4519508,-2.9719508,-1.9019507
-1.1119506,0.26804933,1.3080493,2.2580492,1.5780493,1.6080493,0.6780493,2.1480494,3.6180494,5.1280494,6.098049,6.6980495,5.2280493,-4.091951,-1.2519507,-2.4519508,0.39804932,2.3580494,2.2480493,0.14804931,-5.821951,-5.9519506,-6.4819508,-5.9919505,-6.2619505,-5.7819505,-6.4719505,-3.2719507,-3.1019506,-3.1319506,-2.8219507,-1.0819507,2.8180494,3.0780494,-2.2519507,-2.5019507,-3.8219507,-4.131951,-3.6219506,-3.1919508,-1.3119507
-0.8019507,-0.22195068,0.85804933,1.8880494,2.1680493,0.16804932,0.8080493,1.0480493,0.6880493,1.4180493,1.2080493,2.1980493,1.4780493,-0.3919507,-4.111951,-5.2419505,-0.5519507,-2.1719506,-4.1819506,-6.4119506,-6.6019506,-7.3919506,-6.151951,-6.5319505,-6.2319508,-6.4819508,-4.9819508,-4.5319505,-5.2519507,-6.071951,-6.5519505,-5.961951,-3.2819507,-1.3119507,-0.84195065,-0.9119507,-0.08195069,-0.18195069,-1.0919507,-0.9819507,1.8580493
0.36804932,0.42804933,0.36804932,0.8780493,1.5080494,1.3480493,0.49804932,0.2580493,0.6280493,-0.24195069,-0.9719507,-2.9419508,-5.7819505,-3.0619507,-3.1619506,-5.0419507,-2.5019507,-3.5019507,-2.6019506,-4.0419507,-3.6719506,-2.2319508,-3.9319506,-4.711951,-4.6019506,-5.571951,-5.7419505,-5.2819505,-4.9719505,-4.2319508,-2.6419506,-3.7019508,-2.3319507,-0.3719507,-0.9119507,-0.9819507,-0.6219507,-0.051950682,0.66804934,1.6780493,1.2880493
2.0380492,2.9180493,2.5080492,1.3880494,0.9380493,0.17804931,0.49804932,0.84804934,0.42804933,-0.47195068,-1.2119507,-1.1819507,-0.9419507,-1.9719507,-2.9919508,-1.0519507,-4.8919506,-2.3819506,-6.6419506,-7.0619507,-4.5319505,-2.9619508,-2.7919507,-1.5719507,-2.9719508,-2.9819508,-2.8119507,-2.5119507,-3.7619507,-3.1319506,-3.6419506,-3.1319506,-2.6619506,-3.3319507,-2.9419508,-3.7719507,-3.2519507,-0.4919507,-4.0419507,-4.3119507,-1.1919507
2.1280494,3.6480494,3.6480494,3.3580494,1.9580493,1.1980493,1.3380493,-0.45195067,0.6780493,1.6080493,0.33804932,-1.0219507,-0.121950686,-2.9819508,-1.7219507,0.048049316,-2.9119506,-3.9219506,-0.18195069,-2.4719508,-0.5519507,-0.8619507,-3.3019507,-2.7819507,-2.0519507,-1.0519507,-1.2819507,-1.3619506,-1.6719507,-0.4919507,-1.0219507,-0.9419507,-1.9419507,-1.4719507,-0.89195067,-0.25195068,-0.5019507,1.5680493,2.0580492,-0.4619507,1.6780493
2.0880494,2.9880493,3.3680494,3.7380493,2.3680494,1.7680494,1.5080494,0.6180493,0.2580493,-0.121950686,0.60804933,2.0280492,0.3480493,1.8880494,2.4780493,1.8180493,0.29804933,-3.3019507,0.15804932,-0.8119507,0.48804933,2.3580494,-2.0319507,-2.6319506,-2.2519507,-1.7419506,-1.3819507,-0.3919507,-0.25195068,1.1580493,0.7380493,1.0080494,1.6880493,2.1880493,1.9880493,1.2480493,1.0580493,-0.35195068,1.7980493,1.1680493,0.15804932
2.2980492,2.2780492,1.8980494,1.4780493,2.3880494,2.2580492,1.3180493,0.30804932,1.9580493,1.7980493,1.0680493,1.4980493,1.4380493,1.9780493,1.6680493,-1.9019507,-1.8019507,0.3780493,-0.091950685,2.4080493,-0.14195068,-1.6419507,-2.0919507,-1.6119506,-1.5919507,-0.7819507,-1.2819507,-1.1119506,-0.25195068,1.4980493,1.5880493,3.0080492,2.2080493,2.9780493,2.0280492,-0.13195068,0.8080493,1.6080493,0.13804932,0.6480493,1.2580494
1.1280494,0.97804934,1.2780493,1.5580493,2.1980493,2.4180493,2.0980494,0.7380493,1.1080493,1.6380494,1.7680494,2.2280493,0.48804933,0.3580493,0.5080493,-1.7919507,0.028049316,1.2280493,0.22804932,-0.7319507,-1.8819507,-2.1619506,-1.5519507,-1.0019507,-1.4219507,-2.3519506,-0.9819507,0.90804935,0.7580493,0.4180493,1.8180493,-2.0519507,0.20804931,3.0280492,0.59804934,0.53804934,2.0780494,0.21804932,0.3180493,-0.16195068,-0.13195068
0.118049316,0.19804932,0.3480493,0.42804933,1.5980493,1.1280494,2.7580492,3.3080492,2.9680493,1.1680493,0.8880493,1.2480493,1.6480494,0.8880493,-2.1219506,1.7780493,3.5380492,2.6980493,-0.21195069,1.2980493,0.2580493,0.8380493,1.1180493,0.8880493,-0.5519507,-0.4619507,-0.23195069,-0.2719507,-1.8219507,-2.1619506,-2.7219508,-1.8919507,-3.0719507,-2.1219506,-0.8719507,-2.1219506,-2.1319506,-1.1619507,-1.8719506,-1.5019507,-0.19195068
-0.031950682,-0.3619507,0.9480493,0.6780493,0.5580493,0.9880493,0.6380493,2.2080493,1.9680493,2.9080493,1.9980493,1.9680493,1.7080493,1.7480493,2.9180493,2.6580493,1.1980493,1.2480493,1.4280493,1.4580493,0.8980493,1.1280494,0.9680493,0.3780493,1.2980493,0.27804932,0.42804933,0.8680493,0.59804934,0.2880493,-0.6219507,-0.6219507,-0.9719507,-0.8619507,-1.4719507,-2.0919507,-2.2619507,-2.2619507,-2.2419508,-2.1319506,-0.7519507
-0.6319507,0.038049318,-0.4219507,0.20804931,0.5280493,0.53804934,1.4380493,1.1580493,1.4780493,2.6280494,2.8680494,4.0680494,2.7480493,2.5880494,3.8780494,3.8780494,4.4780493,3.5480492,3.7380493,1.4680493,3.7580492,2.8580494,2.0480492,1.3680493,1.6980493,1.8180493,2.1680493,0.8880493,0.22804932,0.7180493,-0.29195067,-0.15195069,-1.8919507,-1.2619507,-2.2519507,-2.2919507,-0.9719507,-2.2619507,-1.7419506,-1.0419507,0.30804932
