wind_kz.json
{"header": {"discipline":0,"disciplineName":"Meteorological products","gribEdition":2,"gribLength":871,"center":7,"centerName":"US National Weather Service - NCEP(WMC)","subcenter":0,"refTime":"2023-09-28T12:00:00.000Z","significanceOfRT":1,"significanceOfRTName":"Start of forecast","productStatus":0,"productStatusName":"Operational products","productType":1,"productTypeName":"Forecast products","productDefinitionTemplate":0,"productDefinitionTemplateName":"Analysis/forecast at horizontal level/layer at a point in time","parameterCategory":0,"parameterCategoryName":"UnknownDiscipline_0_Category_0","parameterNumber":0,"parameterNumberName":"UnknownParameter_D0_C0_0","parameterUnit":"Unknown","genProcessType":2,"genProcessTypeName":"Forecast","forecastTime":60,"surface1Type":1,"surface1TypeName":"Ground or water surface","surface1Value":0.0,"surface2Type":255,"surface2TypeName":"Missing","surface2Value":0.0,"gridDefinitionTemplate":0,"gridDefinitionTemplateName":"Latitude_Longitude","numberPoints":615,"shape":6,"shapeName":"Earth spherical with radius of 6,371,229.0 m","gridUnits":"degrees","resolution":48,"winds":"true","scanMode":64,"nx":41,"ny":15,"basicAngle":0,"lo1":47.0,"la1":41.0,"lo2":87.0,"la2":55.0,"dx":1.0,"dy":1.0}, "data":
[rows 0 to 14 of 15, columns 0 to 40 of 41]
288.46933,280.16934,283.86932,294.36932,294.06934,293.16934,291.36932,290.96933,288.36932,286.66934,286.36932,287.26935,286.66934,286.66934,286.46933,284.86932,284.16934,285.36932,283.86932,286.46933,287.66934,283.46933,282.96933,281.26935,283.66934,285.96933,283.56934,269.06934,263.86932,266.06934,267.96933,269.36932,279.46933,285.26935,287.16934,287.76935,287.76935,286.86932,286.96933,286.56934,286.56934
272.26935,284.06934,294.06934,294.36932,294.16934,292.16934,288.66934,287.56934,285.46933,285.06934,286.76935,286.26935,285.96933,285.26935,284.76935,285.16934,284.76935,284.16934,281.56934,281.66934,281.96933,285.76935,284.96933,278.36932,270.76935,269.26935,277.16934,270.16934,269.76935,265.96933,271.76935,265.16934,267.86932,248.86934,266.96933,284.86932,283.36932,285.56934,287.96933,280.76935,283.56934
285.66934,293.86932,294.06934,293.56934,291.66934,287.26935,286.76935,285.86932,285.76935,284.96933,284.06934,284.96933,283.26935,284.36932,284.86932,281.46933,281.46933,282.86932,282.26935,282.56934,283.16934,285.06934,284.06934,280.66934,284.16934,282.66934,284.36932,282.46933,281.06934,274.56934,267.36932,266.26935,274.26935,273.26935,277.66934,279.96933,272.26935,275.56934,275.86932,270.16934,270.36932
285.56934,293.36932,293.86932,292.76935,290.56934,286.66934,287.66934,287.16934,286.76935,285.26935,284.36932,283.56934,290.86932,290.26935,285.66934,284.16934,285.26935,284.06934,284.96933,283.06934,283.56934,279.76935,285.76935,286.76935,285.76935,287.06934,286.96933,284.76935,283.46933,283.76935,285.06934,282.76935,285.56934,284.56934,283.06934,280.76935,274.86932,269.26935,276.46933,283.36932,287.26935
287.96933,292.46933,292.96933,292.06934,290.26935,287.36932,288.56934,288.96933,287.76935,287.06934,285.96933,284.66934,289.96933,288.76935,287.26935,285.76935,286.86932,286.46933,283.96933,285.96933,286.86932,287.66934,287.36932,287.36932,285.36932,285.16934,284.36932,284.86932,283.16934,284.26935,287.86932,285.66934,275.06934,263.66934,275.06934,285.86932,288.06934,287.56934,289.16934,288.66934,289.16934
287.16934,286.26935,291.16934,292.36932,292.36932,292.06934,287.96933,289.36932,287.46933,287.16934,287.56934,287.36932,289.06934,289.76935,287.26935,285.46933,290.96933,287.76935,285.46933,286.26935,285.76935,287.46933,286.56934,286.26935,286.76935,285.66934,284.66934,288.66934,286.06934,286.36932,285.86932,287.86932,286.96933,283.86932,281.86932,285.26935,278.06934,279.56934,286.66934,287.46933,286.46933
287.16934,286.96933,288.96933,288.66934,288.26935,286.56934,287.46933,286.76935,287.76935,288.06934,289.86932,289.46933,289.56934,285.76935,285.36932,285.86932,285.16934,285.96933,286.06934,285.36932,284.76935,285.46933,286.26935,286.86932,285.16934,285.56934,284.56934,284.16934,284.76935,284.46933,283.76935,283.96933,284.96933,284.86932,282.86932,285.36932,280.26935,277.56934,276.96933,274.76935,282.66934
285.76935,285.56934,286.36932,287.06934,287.16934,286.76935,286.06934,285.56934,286.76935,289.16934,286.76935,287.36932,285.46933,284.56934,285.56934,288.26935,284.86932,285.16934,287.46933,283.46933,284.06934,284.86932,285.26935,284.86932,284.56934,283.36932,282.36932,282.56934,279.86932,281.76935,281.06934,280.86932,280.26935,279.16934,279.56934,280.66934,282.76935,286.56934,281.76935,283.56934,280.56934
283.96933,283.46933,284.66934,284.26935,285.46933,284.96933,283.86932,288.16934,288.36932,285.96933,283.26935,282.26935,282.16934,281.26935,282.26935,284.86932,285.36932,286.46933,284.46933,281.16934,280.66934,283.36932,281.06934,284.06934,281.86932,282.76935,280.66934,277.86932,276.96933,277.16934,277.66934,277.66934,280.16934,279.06934,278.96933,278.56934,281.36932,278.96933,272.76935,273.36932,272.76935
282.66934,283.66934,283.46933,283.56934,283.86932,283.56934,283.06934,282.86932,282.86932,281.46933,280.16934,280.66934,281.06934,283.76935,284.46933,284.76935,283.16934,285.76935,283.36932,282.96933,283.76935,281.96933,284.16934,281.56934,283.46933,280.56934,279.66934,278.36932,278.66934,280.76935,278.16934,278.66934,279.06934,279.06934,278.96933,279.36932,280.76935,278.86932,276.26935,274.96933,272.16934
284.06934,283.46933,282.76935,281.66934,282.46933,281.86932,282.26935,281.16934,280.66934,279.86932,280.06934,279.56934,280.36932,279.36932,280.06934,283.56934,282.96933,283.06934,282.06934,282.96933,282.96933,283.26935,282.66934,281.96933,281.16934,282.26935,281.26935,283.26935,283.66934,283.66934,283.56934,283.86932,281.66934,282.26935,279.66934,278.76935,277.76935,275.56934,276.26935,277.06934,275.36932
283.26935,283.46933,282.16934,280.56934,279.86932,280.76935,283.16934,284.86932,280.66934,279.96933,277.96933,278.66934,279.86932,279.06934,279.56934,281.76935,282.66934,282.86932,281.36932,280.06934,281.96933,281.56934,281.06934,278.66934,281.36932,281.96933,280.66934,281.86932,281.96933,283.76935,282.76935,280.26935,280.86932,279.46933,279.86932,280.86932,281.76935,281.56934,280.26935,280.56934,280.36932
283.76935,282.56934,282.16934,280.56934,280.76935,280.86932,281.36932,284.06934,277.96933,278.16934,276.86932,275.96933,280.96933,278.46933,278.66934,279.46933,281.46933,282.36932,280.26935,279.06934,278.56934,279.66934,277.16934,277.26935,280.86932,282.46933,282.86932,283.16934,283.16934,281.86932,281.46933,281.16934,281.36932,279.96933,278.76935,278.36932,280.26935,279.06934,278.76935,278.26935,279.06934
283.06934,282.86932,284.46933,281.76935,280.16934,280.06934,280.16934,281.56934,280.66934,283.46933,278.06934,275.56934,275.76935,277.46933,278.36932,278.96933,279.06934,281.46933,282.56934,282.46933,282.46933,281.86932,281.06934,281.66934,281.76935,282.56934,281.86932,280.96933,280.86932,280.06934,279.46933,275.56934,275.26935,277.26935,275.46933,274.06934,274.36932,276.16934,276.96933,274.96933,277.06934
282.96933,283.16934,285.86932,281.26935,281.06934,279.86932,280.26935,279.06934,279.26935,278.46933,278.66934,276.46933,276.46933,276.86932,277.26935,278.26935,278.36932,281.26935,281.86932,281.96933,280.86932,281.46933,279.46933,276.86932,276.46933,275.66934,275.16934,274.46933,273.56934,273.36932,272.66934,276.36932,271.66934,270.56934,270.66934,271.26935,271.16934,269.76935,270.26935,270.96933,270.86932
