wind_kz.json
{"header": {"discipline":0,"disciplineName":"Meteorological products","gribEdition":2,"gribLength":794,"center":7,"centerName":"US National Weather Service - NCEP(WMC)","subcenter":0,"refTime":"2025-04-05T06:00:00.000Z","significanceOfRT":1,"significanceOfRTName":"Start of forecast","productStatus":0,"productStatusName":"Operational products","productType":1,"productTypeName":"Forecast products","productDefinitionTemplate":0,"productDefinitionTemplateName":"Analysis/forecast at horizontal level/layer at a point in time","parameterCategory":2,"parameterCategoryName":"UnknownDiscipline_0_Category_2","parameterNumber":2,"parameterNumberName":"UnknownParameter_D0_C2_2","parameterUnit":"Unknown","genProcessType":2,"genProcessTypeName":"Forecast","forecastTime":240,"surface1Type":103,"surface1TypeName":"Specified height level above ground","surface1Value":10.0,"surface2Type":255,"surface2TypeName":"Missing","surface2Value":0.0,"gridDefinitionTemplate":0,"gridDefinitionTemplateName":"Latitude_Longitude","numberPoints":615,"shape":6,"shapeName":"Earth spherical with radius of 6,371,229.0 m","gridUnits":"degrees","resolution":48,"winds":"true","scanMode":64,"nx":41,"ny":15,"basicAngle":0,"lo1":47.0,"la1":41.0,"lo2":87.0,"la2":55.0,"dx":1.0,"dy":1.0}, "data":
[rows 0 to 14 of 15, columns 0 to 40 of 41]
2.10271,2.10271,-2.39729,1.2027099,3.40271,2.5027099,5.30271,4.20271,4.70271,1.50271,3.20271,2.80271,1.2027099,-0.79729,-0.89729005,0.002709961,0.60270995,1.3027099,-3.59729,1.8027099,7.90271,4.10271,3.70271,3.70271,1.50271,0.80270994,0.50271,-1.2972901,-0.49729005,0.50271,-1.59729,1.40271,0.50271,0.60270995,3.40271,3.90271,4.50271,5.60271,5.70271,5.40271,4.40271
2.5027099,-2.4972901,1.2027099,2.5027099,4.20271,4.20271,4.70271,4.00271,3.70271,1.60271,2.90271,2.80271,4.00271,2.10271,0.60270995,0.002709961,2.10271,1.8027099,2.20271,3.10271,4.00271,3.20271,4.40271,3.0027099,0.70271,-0.99729,0.70271,-0.89729005,0.90270996,0.60270995,0.60270995,-0.29729003,-0.39729005,0.20270996,0.30270997,3.5027099,3.90271,3.40271,1.3027099,0.90270996,5.90271
-0.09729004,4.20271,4.80271,5.60271,4.70271,5.00271,5.00271,4.40271,4.60271,3.0027099,3.40271,5.10271,4.50271,3.40271,3.5027099,3.70271,3.30271,4.10271,3.80271,3.5027099,5.70271,5.60271,7.40271,9.00271,6.20271,7.80271,6.00271,3.70271,-1.59729,0.30270997,0.30270997,1.00271,0.20270996,-0.49729005,0.20270996,1.8027099,-0.29729003,1.2027099,-0.99729,2.40271,1.7027099
5.20271,6.70271,7.00271,8.60271,7.30271,5.00271,3.90271,4.50271,3.60271,3.80271,4.70271,5.50271,4.50271,2.70271,4.20271,4.20271,5.00271,5.30271,6.40271,5.20271,4.70271,3.70271,2.70271,6.80271,10.60271,9.90271,7.90271,3.90271,0.40270996,-4.59729,-6.59729,-7.99729,-9.19729,-6.99729,-5.79729,-3.19729,-0.49729005,1.60271,-1.39729,-2.4972901,-2.4972901
6.50271,8.30271,7.60271,8.70271,7.90271,6.50271,5.60271,5.90271,5.40271,5.30271,6.20271,5.60271,3.90271,4.30271,4.30271,6.00271,5.50271,5.60271,6.40271,5.50271,6.70271,9.30271,9.80271,10.00271,7.70271,7.90271,6.80271,2.60271,-1.6972901,-3.79729,-0.19729003,-1.59729,1.60271,-0.19729003,-1.99729,-1.09729,-1.39729,-3.29729,-2.9972901,-2.59729,-2.69729
7.10271,7.20271,8.40271,8.40271,7.60271,5.10271,4.10271,4.40271,3.5027099,4.30271,5.60271,5.30271,2.40271,3.70271,4.40271,5.50271,5.60271,6.00271,6.00271,5.90271,7.10271,8.90271,8.60271,6.80271,6.20271,5.00271,1.60271,-3.09729,-1.99729,-1.1972901,-1.6972901,-2.09729,-3.19729,-2.4972901,-0.69729006,0.40270996,0.80270994,-0.29729003,-1.09729,-1.59729,-0.69729006
5.80271,6.10271,6.60271,5.50271,3.0027099,1.2027099,3.0027099,2.70271,6.10271,4.70271,5.10271,4.80271,4.70271,4.90271,4.80271,4.60271,4.30271,5.80271,5.10271,3.90271,4.50271,5.80271,7.70271,7.50271,-0.09729004,0.30270997,1.7027099,-1.39729,-2.9972901,-1.59729,-2.39729,-2.29729,-4.29729,-4.49729,-4.59729,-0.99729,0.40270996,1.40271,1.40271,1.00271,-1.39729
-2.39729,-4.89729,-1.6972901,-4.59729,-4.79729,-4.19729,-2.9972901,-2.59729,-4.19729,-2.79729,2.20271,4.20271,-1.7972901,-1.2972901,-2.19729,-0.69729006,0.20270996,1.8027099,1.40271,1.50271,2.70271,0.70271,-0.29729003,2.10271,-1.59729,0.90270996,2.90271,1.8027099,-0.69729006,0.80270994,1.60271,-0.19729003,-1.2972901,1.3027099,3.10271,-0.79729,-3.69729,-2.59729,-6.19729,-5.89729,-1.2972901
-6.69729,-7.29729,-6.79729,-6.49729,-5.89729,-5.79729,-6.49729,-5.99729,-5.39729,-6.19729,-5.49729,-5.39729,-4.39729,-3.09729,-2.39729,-1.2972901,-1.39729,-0.49729005,0.90270996,-1.49729,3.70271,-0.89729005,-3.9972901,-2.4972901,-0.89729005,-0.59729004,-1.1972901,2.30271,4.50271,2.20271,4.40271,3.80271,4.70271,4.50271,3.20271,-2.4972901,-0.69729006,0.70271,-1.39729,-0.39729005,-0.29729003
-7.79729,-7.19729,-7.49729,-7.09729,-6.59729,-6.99729,-7.49729,-7.79729,-7.89729,-6.99729,-6.69729,-6.99729,-4.79729,-3.9972901,-2.09729,-0.89729005,0.002709961,-0.59729004,0.40270996,-0.19729003,1.00271,1.90271,-0.09729004,-2.59729,-3.39729,-0.99729,1.50271,2.0027099,4.30271,2.80271,3.20271,5.00271,3.30271,1.40271,2.40271,1.40271,-1.7972901,-0.89729005,2.10271,1.60271,-0.39729005
-6.09729,-6.59729,-6.09729,-6.29729,-5.89729,-6.49729,-5.49729,-6.09729,-5.89729,-5.69729,-6.59729,-5.79729,-4.59729,-4.99729,-4.29729,-3.39729,-2.19729,-1.09729,0.30270997,0.30270997,0.40270996,0.70271,-0.59729004,0.20270996,0.60270995,2.80271,1.7027099,0.70271,0.20270996,-0.39729005,0.102709964,1.90271,0.90270996,0.002709961,-0.29729003,1.3027099,1.00271,1.7027099,1.50271,-0.49729005,1.8027099
-4.99729,-4.79729,-5.19729,-5.19729,-5.09729,-4.99729,-4.99729,-5.09729,-3.59729,-4.69729,-5.89729,-5.99729,-4.99729,-4.19729,-3.4972901,-3.4972901,-3.29729,-2.79729,-1.2972901,-0.49729005,0.70271,1.60271,2.0027099,0.90270996,2.10271,2.0027099,5.00271,4.70271,3.60271,1.60271,3.30271,4.30271,3.0027099,2.70271,1.60271,4.00271,6.60271,7.40271,4.60271,3.0027099,2.20271
-3.39729,-3.89729,-3.19729,-3.89729,-3.59729,-3.09729,-4.29729,-3.9972901,-4.49729,-2.09729,-2.89729,-5.19729,-5.09729,-4.99729,-4.59729,-3.59729,-2.69729,-2.69729,-2.19729,-1.6972901,-0.49729005,0.40270996,1.10271,2.70271,4.70271,5.50271,5.70271,7.00271,6.20271,5.10271,6.00271,5.60271,4.90271,3.40271,5.40271,6.80271,8.10271,5.10271,6.70271,4.30271,3.5027099
-3.59729,-3.89729,-2.4972901,-3.39729,-3.39729,-3.79729,-3.89729,-3.19729,-1.49729,-2.4972901,-1.6972901,-1.99729,-2.29729,-3.69729,-2.39729,-2.09729,-2.39729,-2.29729,-1.7972901,-1.7972901,-1.1972901,-0.09729004,1.00271,2.5027099,2.60271,4.00271,5.60271,7.80271,7.60271,8.30271,8.20271,6.90271,6.10271,6.60271,6.30271,7.70271,6.60271,6.90271,5.70271,3.5027099,2.20271
-2.9972901,-3.29729,-3.39729,-2.9972901,-2.89729,-2.9972901,-2.4972901,-2.29729,-2.09729,-0.99729,-0.59729004,-0.79729,0.60270995,-0.29729003,-0.59729004,-1.59729,-1.09729,-1.6972901,-0.99729,-1.2972901,-0.29729003,-0.69729006,0.102709964,0.80270994,1.8027099,2.40271,2.5027099,4.00271,5.80271,7.90271,8.40271,6.30271,8.40271,8.10271,7.80271,8.30271,7.20271,7.60271,6.10271,5.00271,0.20270996
