wind_kz.json
{"header": {"discipline":0,"disciplineName":"Meteorological products","gribEdition":2,"gribLength":1025,"center":7,"centerName":"US National Weather Service - NCEP(WMC)","subcenter":0,"refTime":"2024-02-02T00:00:00.000Z","significanceOfRT":1,"significanceOfRTName":"Start of forecast","productStatus":0,"productStatusName":"Operational products","productType":1,"productTypeName":"Forecast products","productDefinitionTemplate":0,"productDefinitionTemplateName":"Analysis/forecast at horizontal level/layer at a point in time","parameterCategory":2,"parameterCategoryName":"UnknownDiscipline_0_Category_2","parameterNumber":2,"parameterNumberName":"UnknownParameter_D0_C2_2","parameterUnit":"Unknown","genProcessType":2,"genProcessTypeName":"Forecast","forecastTime":240,"surface1Type":103,"surface1TypeName":"Specified height level above ground","surface1Value":10.0,"surface2Type":255,"surface2TypeName":"Missing","surface2Value":0.0,"gridDefinitionTemplate":0,"gridDefinitionTemplateName":"Latitude_Longitude","numberPoints":615,"shape":6,"shapeName":"Earth spherical with radius of 6,371,229.0 m","gridUnits":"degrees","resolution":48,"winds":"true","scanMode":64,"nx":41,"ny":15,"basicAngle":0,"lo1":47.0,"la1":41.0,"lo2":87.0,"la2":55.0,"dx":1.0,"dy":1.0}, "data":
[rows 0 to 14 of 15, columns 0 to 40 of 41]
-0.29130128,-1.3513013,2.3486986,-0.19130127,-1.8313012,-0.73130125,-0.5613013,-2.9513013,-2.8713012,-1.3413013,-1.9613013,-2.8913012,-3.4313014,-3.4813013,-3.4613013,-3.4513013,-3.3613012,-2.5013013,-3.5613012,-4.261301,-3.5313013,-0.96130127,-0.72130126,-2.5713012,-0.30130127,-2.1413012,-4.4413013,-3.6613014,1.3086988,0.7486987,-1.1213013,2.2386987,-0.44130126,0.19869873,2.0586987,2.6086988,2.8986988,2.8486986,3.0386987,2.7486987,3.1986988
2.1386988,0.8786987,-3.8213012,-7.6313014,-4.371301,-3.1213012,-2.2613013,-3.0213013,-3.3613012,-3.3313012,-2.7613013,-3.7313013,-3.0513012,-2.1313012,-2.8613012,-4.141301,-3.3013012,-4.081301,-2.4913013,-3.5913012,-3.0313013,-1.9413012,-0.45130128,-4.1513014,-0.61130124,1.0186987,-1.4913013,0.38869873,-3.2513013,-1.7313013,0.068698734,-1.0113013,2.7186987,-3.1513014,0.008698731,0.25869873,-0.06130127,0.6786987,0.39869872,0.01869873,-0.6913013
0.30869874,-4.5213013,-5.3013015,-5.1913013,-4.5413013,-4.1313014,-3.9313014,-2.6313012,-4.081301,-3.6613014,-3.5213013,-3.2013013,-3.1413012,-3.4313014,-3.4513013,-4.0013013,-5.0213013,-3.4913013,-3.9913013,-4.371301,-3.3613012,-4.241301,-3.9813013,-4.081301,-0.02130127,-2.3013012,-2.3713012,-1.7013012,-0.9513013,-0.8713013,-2.4713013,2.6786988,0.33869874,-0.36130127,0.84869874,-0.60130125,0.26869872,0.45869872,0.29869872,1.0686988,0.9386987
-3.7113013,-4.7313013,-3.6713014,-4.241301,-4.581301,-3.2013013,-2.3913012,-3.0713012,-3.2113013,-3.4013014,-3.4313014,-4.1513014,-3.9013014,-4.431301,-3.7313013,-3.8413012,-3.8613012,-3.2013013,-2.6913013,-2.5913012,-2.4113014,-3.0613012,-2.8513012,-4.1713014,-4.9413013,-4.351301,-3.6913013,-6.6713014,-2.7213013,-0.29130128,-0.9513013,-2.9913013,-3.2113013,-2.5413013,-1.9813013,-1.9613013,-2.0413013,1.0286987,1.6486987,0.20869873,0.83869874
-3.8513012,-3.6213012,-4.2113013,-3.2313013,-2.5413013,-3.2513013,-2.7313013,-2.3013012,-3.4413013,-3.1713014,-3.4213014,-4.4813013,-4.951301,-5.6913013,-6.5013013,-4.6913013,-4.911301,-4.8613014,-6.0013013,-8.341301,-8.551301,-6.331301,-6.011301,-5.491301,-6.1113014,-5.5413013,-7.721301,-2.8513012,-3.6213012,-2.9613013,-2.4713013,-1.0713012,-3.4013014,-0.34130126,3.2886987,-0.54130125,-0.71130127,-1.2813013,-0.8213013,-0.91130126,-0.6913013
-2.1013012,-2.2613013,-2.4913013,-2.6013012,-2.7713013,-2.9413013,-3.6613014,-3.8713012,-3.0613012,-3.6813014,-4.011301,-4.431301,-5.1313014,-6.431301,-4.0013013,-4.471301,-5.081301,-5.9413013,-8.011301,-5.4413013,-6.851301,-5.471301,-4.9813013,-5.6313014,-5.0713015,-6.581301,-4.2113013,-2.7913013,-3.0013013,-2.9013014,-2.8113012,-2.3913012,-3.0513012,-2.7213013,-0.98130125,0.49869874,0.9386987,1.8286988,0.6686987,-0.8813013,-1.5413013
-1.7913013,-1.3313012,-1.6913012,-2.0913012,-2.9813013,-2.9113014,-3.5813012,-3.8813012,-3.9513013,-3.7313013,-3.6513014,-3.9213014,-3.4013014,-4.0713015,-3.7813013,-4.101301,-4.4213014,-4.9813013,-5.451301,-6.101301,-4.101301,-3.8513012,-3.9013014,-3.6713014,-3.6913013,-2.3413012,-0.55130124,-1.2413013,-1.5313013,-1.6213013,-1.3913013,-1.6013013,-1.2413013,-0.7513013,-0.78130126,-1.7013012,-0.78130126,2.8586988,-0.19130127,2.3086987,1.3586987
-1.1813012,-1.3813013,-1.2913013,-1.7113013,-1.9313012,-2.2413013,-2.8213012,-2.6513014,-2.7713013,-3.0913012,-2.2513013,-3.3513012,-2.6113012,-2.7513013,-2.2613013,-2.9213014,-3.0013013,-3.6113012,-2.7013013,-4.871301,-1.4413012,-2.0613012,-1.6613013,-1.6113013,-1.7313013,-0.9513013,0.48869872,-0.04130127,0.7486987,-0.34130126,-0.61130124,0.64869875,1.0586988,0.82869875,-0.90130126,1.1986988,1.3786987,0.38869873,-1.6213013,-2.2113013,-1.8313012
-0.97130126,-0.12130127,-0.61130124,-0.85130125,-1.1113013,-1.5013013,-1.5913013,-2.2813013,-2.7413013,-1.4313012,-1.7213013,-1.4313012,0.24869873,-0.35130128,-0.92130125,-0.24130127,-1.1013013,-1.0713012,-0.65130126,-1.2713013,-1.9713013,1.1286987,1.5386987,0.16869873,0.18869872,-0.49130127,0.18869872,-0.40130126,1.4686987,0.5586987,1.3286988,1.1786988,2.3786988,-0.13130127,0.26869872,-1.2613013,0.41869873,-0.5813013,0.38869873,1.4886987,-1.0113013
0.36869872,0.51869875,0.19869873,-0.31130126,-0.39130127,-0.40130126,-1.4613013,-1.5013013,-0.9913013,-1.2013012,0.05869873,0.9986987,0.49869874,0.6886987,1.1886988,0.71869874,1.2686987,1.4386988,0.72869873,-0.33130127,2.3286986,2.6286988,1.3686987,2.0886986,1.8186988,1.1286987,2.3286986,1.6986988,3.4586987,5.7486987,3.5486987,3.1786988,2.9586987,1.8686987,0.068698734,0.6186987,-1.5513012,-0.96130127,1.0386987,1.6286987,-0.7613013
1.6386987,0.95869875,0.028698731,0.08869873,0.008698731,-0.8713013,-0.41130126,-0.6813013,-0.33130127,-0.96130127,0.70869875,2.2286987,-0.33130127,2.5886986,2.7186987,2.4786987,2.6386988,4.358699,0.72869873,2.9986987,3.8786988,2.1386988,3.6886988,2.9786987,3.1686988,3.0886986,4.9086986,4.5586987,5.2186985,6.7086987,5.2886987,4.6186986,3.4386988,2.6686988,2.2986987,0.09869873,-0.26130128,1.4086987,-0.8313013,1.1186987,0.9186987
0.28869873,2.0686986,2.5686986,0.8786987,0.63869876,-0.25130126,-0.66130126,-0.37130126,-0.59130126,-2.0613012,-0.84130126,2.9986987,0.97869873,2.9686987,4.8286986,3.9186988,4.4786987,5.4786987,2.7186987,4.9086986,4.4586987,5.3686986,3.9486988,4.418699,4.9786987,5.008699,5.568699,6.4686985,5.0986986,4.0386987,3.6686988,4.1786985,3.8686988,3.6786988,3.7686987,4.4986987,5.7286987,7.858699,4.858699,3.9386988,1.4186988
3.0786986,3.4786987,3.4286988,2.8386986,2.9286988,0.78869873,0.41869873,1.1186987,-1.1313013,-1.2413013,0.028698731,3.5486987,1.2586987,4.568699,4.7186985,4.548699,4.418699,4.8886986,2.8686988,4.7186985,4.128699,4.878699,5.608699,4.3886986,5.798699,4.7186985,4.258699,3.4986987,3.9786987,3.8786988,4.0386987,3.9486988,4.1586986,4.6986985,5.0186987,5.0586987,5.2086987,3.9886987,6.3086987,6.9786987,4.648699
4.5186987,3.0786986,1.9186988,3.8986988,3.0286987,3.1686988,2.5686986,3.0486987,3.6986988,0.8586987,0.89869875,0.27869874,1.8286988,3.5286987,4.148699,4.6786985,4.1986985,4.338699,2.8486986,5.1386986,4.338699,4.898699,5.738699,5.688699,4.4686985,1.3386987,1.2186987,2.6886988,3.2986987,2.9086988,3.2486987,3.7086987,3.9086988,4.4086986,4.168699,4.278699,4.108699,4.9986987,4.7686987,4.1986985,5.5586987
3.6086988,3.6986988,3.1886988,3.2986987,3.9786987,4.9086986,5.3086987,3.8786988,4.148699,1.9486988,1.0386987,5.088699,3.7286987,1.6786988,4.1986985,4.4086986,4.338699,4.4686985,2.8786988,4.4086986,3.9386988,4.2486987,3.4986987,3.3486986,2.8986988,3.0886986,2.6486988,2.4486988,2.4286988,2.6386988,3.1286988,3.6386988,4.2286987,4.188699,4.398699,4.5386987,4.588699,5.1386986,5.6186986,5.3886986,3.4386988
