wind_kz.json
{"header": {"discipline":0,"disciplineName":"Meteorological products","gribEdition":2,"gribLength":871,"center":7,"centerName":"US National Weather Service - NCEP(WMC)","subcenter":0,"refTime":"2025-04-05T12:00:00.000Z","significanceOfRT":1,"significanceOfRTName":"Start of forecast","productStatus":0,"productStatusName":"Operational products","productType":1,"productTypeName":"Forecast products","productDefinitionTemplate":0,"productDefinitionTemplateName":"Analysis/forecast at horizontal level/layer at a point in time","parameterCategory":0,"parameterCategoryName":"UnknownDiscipline_0_Category_0","parameterNumber":0,"parameterNumberName":"UnknownParameter_D0_C0_0","parameterUnit":"Unknown","genProcessType":2,"genProcessTypeName":"Forecast","forecastTime":0,"surface1Type":1,"surface1TypeName":"Ground or water surface","surface1Value":0.0,"surface2Type":255,"surface2TypeName":"Missing","surface2Value":0.0,"gridDefinitionTemplate":0,"gridDefinitionTemplateName":"Latitude_Longitude","numberPoints":615,"shape":6,"shapeName":"Earth spherical with radius of 6,371,229.0 m","gridUnits":"degrees","resolution":48,"winds":"true","scanMode":64,"nx":41,"ny":15,"basicAngle":0,"lo1":47.0,"la1":41.0,"lo2":87.0,"la2":55.0,"dx":1.0,"dy":1.0}, "data":
[rows 0 to 14 of 15, columns 0 to 40 of 41]
296.8075,288.60748,293.9075,282.3075,283.3075,284.0075,291.60748,300.10748,301.4075,304.7075,304.2075,305.3075,305.0075,306.5075,307.0075,307.5075,307.10748,306.7075,306.60748,302.8075,301.7075,298.10748,298.3075,291.3075,294.10748,294.2075,288.2075,273.4075,272.60748,269.0075,272.10748,277.0075,288.2075,293.7075,294.8075,295.0075,295.5075,294.5075,293.10748,293.5075,293.3075
272.7075,295.3075,281.60748,281.8075,282.60748,283.4075,300.2075,300.4075,300.9075,302.10748,303.60748,302.2075,306.10748,307.10748,306.0075,306.3075,305.9075,306.7075,305.4075,304.7075,303.60748,302.2075,295.3075,286.0075,273.2075,273.5075,278.7075,273.3075,278.3075,272.2075,273.8075,267.60748,282.10748,258.2075,262.7075,290.5075,289.60748,291.3075,293.60748,287.60748,280.8075
296.9075,280.5075,281.3075,281.9075,282.0075,299.8075,301.0075,300.0075,299.0075,299.0075,301.4075,302.8075,305.3075,305.8075,304.8075,304.5075,304.5075,304.60748,304.0075,303.5075,303.0075,302.5075,298.8075,290.60748,294.10748,288.3075,289.7075,288.60748,285.8075,279.0075,270.4075,274.10748,280.5075,283.60748,286.4075,284.2075,271.0075,265.7075,265.10748,269.9075,267.9075
293.4075,280.7075,280.10748,281.5075,286.60748,297.9075,298.9075,299.7075,302.10748,299.3075,300.10748,299.7075,285.8075,287.10748,302.10748,304.0075,299.9075,297.3075,303.5075,302.7075,300.60748,294.60748,298.9075,299.0075,298.7075,295.3075,291.2075,289.9075,286.9075,288.9075,288.4075,286.2075,290.7075,295.2075,292.8075,288.3075,273.7075,266.0075,279.9075,287.9075,292.0075
295.2075,281.10748,280.9075,282.3075,289.10748,300.0075,300.7075,300.0075,299.8075,299.8075,300.5075,300.4075,285.2075,285.9075,284.2075,299.8075,300.8075,300.8075,300.60748,300.8075,300.4075,300.8075,299.10748,298.4075,296.8075,295.8075,293.2075,285.7075,293.2075,291.0075,289.2075,287.5075,275.10748,269.2075,281.3075,287.0075,288.2075,293.10748,292.9075,292.5075,292.2075
298.9075,298.9075,281.4075,281.3075,280.4075,280.2075,298.0075,300.4075,298.10748,298.7075,300.0075,299.10748,284.8075,283.60748,284.60748,299.10748,299.9075,299.3075,299.10748,300.0075,297.8075,295.4075,295.10748,293.2075,292.4075,290.9075,292.4075,273.10748,290.5075,292.0075,290.4075,291.7075,286.10748,284.4075,283.4075,283.4075,278.10748,279.9075,286.7075,290.0075,286.60748
296.7075,297.9075,296.7075,301.5075,293.5075,299.8075,299.7075,298.7075,298.0075,297.60748,298.8075,297.3075,297.10748,296.3075,295.0075,296.60748,297.7075,298.3075,296.10748,294.3075,293.3075,293.4075,292.8075,292.0075,288.3075,289.2075,289.4075,290.3075,289.60748,290.10748,289.8075,290.10748,291.3075,287.9075,285.0075,284.9075,276.2075,277.10748,272.9075,274.2075,282.7075
294.2075,292.5075,294.5075,294.5075,294.60748,300.10748,300.4075,297.3075,296.8075,296.5075,294.3075,294.10748,294.4075,295.10748,295.60748,295.5075,294.9075,293.9075,292.8075,289.7075,286.8075,288.2075,288.7075,287.8075,286.2075,284.8075,285.10748,285.7075,283.8075,286.10748,282.3075,287.10748,283.0075,276.3075,278.8075,280.9075,283.5075,273.10748,284.2075,283.60748,280.5075
293.60748,293.9075,292.9075,293.0075,293.10748,293.0075,293.5075,296.5075,295.4075,295.0075,294.4075,292.8075,292.60748,293.4075,293.4075,293.60748,292.60748,292.0075,290.60748,288.8075,285.10748,284.10748,286.8075,285.7075,284.0075,283.10748,280.0075,279.4075,279.7075,278.5075,276.60748,279.8075,283.4075,286.4075,285.5075,275.4075,272.3075,273.3075,261.10748,264.60748,260.60748
290.2075,291.60748,290.10748,289.5075,295.0075,295.60748,295.5075,294.9075,294.7075,293.9075,291.0075,291.7075,292.5075,291.9075,292.8075,292.5075,291.8075,291.10748,289.9075,288.7075,286.60748,287.3075,287.9075,286.4075,284.10748,284.4075,284.4075,283.10748,280.8075,282.0075,283.2075,285.7075,286.3075,284.2075,282.7075,280.3075,275.2075,272.5075,268.8075,268.8075,269.0075
290.8075,297.2075,295.2075,294.60748,295.7075,294.3075,293.8075,293.7075,293.10748,292.10748,287.3075,287.3075,293.10748,291.3075,291.5075,291.9075,290.8075,290.7075,289.10748,286.8075,286.5075,286.0075,283.60748,283.3075,282.5075,283.7075,280.2075,284.5075,284.8075,285.60748,285.5075,285.8075,285.0075,284.10748,284.3075,279.5075,273.5075,271.7075,276.60748,275.8075,271.0075
291.7075,294.2075,288.9075,289.0075,288.60748,287.5075,286.7075,287.3075,287.3075,286.7075,284.8075,286.2075,286.2075,289.5075,290.0075,290.5075,290.5075,289.8075,288.5075,287.2075,284.0075,281.10748,279.2075,281.0075,280.8075,283.10748,283.3075,284.5075,284.9075,285.2075,284.5075,283.7075,284.10748,281.7075,282.4075,281.7075,281.3075,280.5075,277.7075,278.2075,277.5075
287.0075,288.3075,286.7075,287.10748,286.60748,290.9075,289.10748,290.10748,285.60748,284.8075,285.4075,286.10748,289.0075,289.2075,289.10748,288.5075,287.60748,286.7075,286.7075,284.8075,284.9075,281.0075,282.5075,281.8075,281.60748,283.0075,283.60748,282.60748,282.2075,282.9075,282.8075,282.2075,282.3075,281.2075,280.60748,280.2075,278.8075,279.3075,276.3075,275.60748,276.60748
281.2075,281.2075,276.3075,281.5075,281.60748,283.60748,284.7075,283.8075,286.7075,285.7075,282.4075,279.4075,281.2075,286.7075,288.9075,289.2075,288.8075,287.3075,287.5075,286.5075,285.10748,283.9075,283.60748,283.3075,283.7075,282.9075,281.5075,280.7075,280.2075,280.0075,278.5075,278.4075,278.5075,277.8075,278.0075,276.5075,276.4075,275.8075,275.7075,274.2075,275.8075
284.9075,287.0075,273.2075,284.2075,282.7075,282.10748,280.10748,281.60748,279.9075,278.60748,276.5075,276.5075,275.5075,278.2075,281.9075,281.10748,282.60748,282.60748,285.9075,285.60748,285.7075,284.10748,284.0075,282.4075,282.10748,281.3075,281.3075,279.4075,279.3075,278.9075,278.4075,275.8075,277.3075,276.60748,276.10748,275.9075,276.7075,275.10748,275.8075,274.8075,274.8075
