wind_kz.json
{"header": {"discipline":0,"disciplineName":"Meteorological products","gribEdition":2,"gribLength":1025,"center":7,"centerName":"US National Weather Service - NCEP(WMC)","subcenter":0,"refTime":"2023-09-25T18:00:00.000Z","significanceOfRT":1,"significanceOfRTName":"Start of forecast","productStatus":0,"productStatusName":"Operational products","productType":1,"productTypeName":"Forecast products","productDefinitionTemplate":0,"productDefinitionTemplateName":"Analysis/forecast at horizontal level/layer at a point in time","parameterCategory":2,"parameterCategoryName":"UnknownDiscipline_0_Category_2","parameterNumber":3,"parameterNumberName":"UnknownParameter_D0_C2_3","parameterUnit":"Unknown","genProcessType":2,"genProcessTypeName":"Forecast","forecastTime":60,"surface1Type":103,"surface1TypeName":"Specified height level above ground","surface1Value":10.0,"surface2Type":255,"surface2TypeName":"Missing","surface2Value":0.0,"gridDefinitionTemplate":0,"gridDefinitionTemplateName":"Latitude_Longitude","numberPoints":615,"shape":6,"shapeName":"Earth spherical with radius of 6,371,229.0 m","gridUnits":"degrees","resolution":48,"winds":"true","scanMode":64,"nx":41,"ny":15,"basicAngle":0,"lo1":47.0,"la1":41.0,"lo2":87.0,"la2":55.0,"dx":1.0,"dy":1.0}, "data":
[rows 0 to 14 of 15, columns 0 to 40 of 41]
-0.04330261,1.8666974,-0.5733026,-0.5833026,-0.9533026,0.9166974,1.4966974,1.1166974,1.5566974,-0.6133026,-2.2933025,-3.0533025,-4.2033024,-3.5233026,-3.2433026,-3.8133025,-3.4233027,-3.8733027,-4.8433027,-2.6333027,-2.8133025,-2.4433026,-1.8433026,1.6066974,3.2966974,-1.2133026,-4.3333025,0.42669737,-1.1533027,5.1566973,3.1666975,0.7966974,-1.0033026,-0.8633026,0.1866974,-0.4033026,-0.6533026,0.4766974,1.7666974,1.6766974,2.2066975
-1.6733027,0.9466974,0.2566974,0.3966974,0.5966974,0.3466974,-0.18330261,0.7066974,0.8966974,-0.3833026,-0.9533026,-2.2233026,-3.4933026,-3.6333027,-3.0533025,-2.6933026,-2.3333025,-2.6133027,-4.9833026,-5.0633025,-4.0933027,-1.4233027,-0.6333026,-0.75330263,2.3866973,2.8566973,2.5266974,1.3866974,0.3366974,2.9266975,-2.4933026,3.4966974,2.4566975,2.8866973,2.6566973,2.5366974,2.5266974,1.2966974,1.5966973,1.5266974,0.5166974
1.3566974,3.3766973,1.7766974,0.3666974,-0.15330261,-0.32330263,-0.9733026,-1.5033026,-2.0133026,-2.2933025,-2.7533026,-0.9233026,-2.1933026,-3.1233027,-2.9133027,-2.7433026,-2.0733025,-3.4233027,-4.2033024,-5.6233025,-4.4633026,-0.7833026,0.2866974,1.3066974,-1.6233026,-2.3933027,-2.4833026,-1.4433026,-0.6733026,1.4066974,-0.14330262,-0.4433026,-2.6433027,1.9466974,0.3166974,-2.4033027,-0.4033026,2.4566975,-1.0133026,0.9266974,1.0466974
1.5566974,0.6066974,0.3466974,0.3766974,0.12669739,-1.8833026,-2.6733027,-2.9633026,-4.1533027,-3.5233026,-1.8933026,-1.4733026,-0.8033026,-2.4933026,-2.6133027,-4.2333026,-3.9533026,-2.6733027,-3.4833026,-5.0633025,-5.6233025,-1.9833026,-3.4233027,-1.6133026,-2.2233026,-1.3033026,-1.0133026,2.1166973,0.17669739,2.9366975,3.5766973,1.7366974,1.4466974,-0.22330262,-0.24330261,2.2066975,3.2866974,3.0266974,-2.9833026,-2.5333025,-1.4233027
-0.11330261,-0.13330261,1.1266974,0.9766974,0.4666974,-0.013302612,-2.8633027,-3.5633025,-4.4033027,-4.1733027,-3.5833025,-2.9733026,1.4866974,2.6066973,1.2866974,-2.4333026,-3.8933027,-4.1633024,-4.2133026,-2.5833025,-2.2833025,-2.7433026,-3.3833027,-1.9733026,-1.2433026,-1.0633026,0.5466974,0.7566974,0.99669737,-0.16330262,-0.053302612,-0.063302614,1.7766974,0.086697385,0.5866974,0.7566974,3.1566973,-0.7733026,-1.6733027,-1.3533026,-0.7233026
-0.4333026,-0.053302612,-0.7333026,1.7966974,2.3366973,-0.9533026,-4.7033024,-5.5633025,-5.0033026,-4.4033027,-2.1733027,-1.8733026,-0.6633026,1.5766973,0.7066974,-3.0133026,-4.8433027,-4.803303,-4.7733026,-2.6133027,-0.6033026,-2.1833026,-3.8633027,-2.7633026,-0.4433026,1.2866974,1.0566974,-0.8433026,1.0666974,0.32669738,-0.26330262,-0.5833026,-0.8533026,-1.8033026,-1.9633026,10.586697,-2.9333026,5.4766974,1.0666974,-0.3433026,-0.33330262
-2.8733027,-3.5833025,-2.1233027,0.38669738,0.74669737,-1.2433026,-4.5933027,-5.553303,-6.3333025,-4.4833026,-3.9333026,-1.3433026,-0.39330262,3.5866973,0.41669738,-1.8433026,-3.5933027,-4.303303,-5.0933027,-2.9833026,-1.6733027,-2.0733025,-3.0233026,-3.3633027,0.74669737,3.8666973,-1.2633026,-0.62330264,2.8166974,2.9266975,1.1466974,0.4066974,-0.9233026,1.1566974,2.3966973,1.7266974,2.4066973,2.5766973,1.0066974,3.0066974,2.1966975
-3.4833026,-4.6333027,-5.1933026,-4.4633026,-3.4533026,-2.8733027,-4.4033027,-5.5233026,-6.9133024,-6.803303,-2.3833027,-2.4433026,0.26669738,3.3666973,0.7066974,-1.3333026,-2.9733026,-3.0933027,-4.493303,-3.6833026,-1.3533026,-2.2433026,-2.4133027,-2.2833025,-0.6333026,2.7166975,3.8766973,4.3566976,-2.7533026,3.7966974,2.4766974,1.4166974,1.8666974,1.7766974,0.9866974,0.056697387,-0.22330262,2.1366973,-1.3633026,1.2066973,0.38669738
-1.5133026,-3.4533026,-4.6133027,-5.1733027,-4.9233027,-3.4533026,-4.3133025,-5.1533027,-5.8133025,-6.6633024,-6.3933024,-2.9333026,1.6866974,-0.42330262,0.3666974,-0.7733026,-2.7633026,-3.2833025,-2.8433027,-2.4633026,-2.8233025,-2.9633026,-3.3433027,-2.7033026,-0.23330261,1.0466974,2.9966974,6.0666976,7.7466974,3.1866975,2.6966975,4.236697,2.0166974,3.8666973,4.506697,5.6066976,2.3266973,-0.6533026,1.3266973,1.5266974,0.4966974
-1.1733027,-1.9033027,-3.4833026,-4.2933025,-4.4433026,-4.4433026,-4.513303,-5.0833025,-5.4633026,-5.2533026,-6.0633025,-4.1133027,-4.2933025,-3.0033026,-1.5933026,-1.3833026,-2.3333025,-2.8433027,-2.8833027,-1.3033026,-1.6733027,-2.5833025,-4.0733027,-4.6733027,0.38669738,1.5066974,1.1766974,1.5166974,2.8366973,1.6966974,1.9766974,1.7366974,3.1166973,4.196697,5.196697,2.9166975,2.0866973,0.41669738,1.0266974,0.7566974,2.4866974
-1.4333026,-2.0433025,-3.0733025,-4.4433026,-4.2333026,-4.4633026,-4.1333027,-4.1933026,-4.723303,-4.5733027,-4.533303,-3.8733027,-4.723303,-4.493303,-1.7533026,-0.48330262,-2.3633027,-3.4833026,-3.1333027,-2.7833025,-2.2333026,-1.7233026,-2.4433026,-3.1733027,-3.9633026,-1.9533026,1.8566974,-1.0633026,-0.93330264,-0.4633026,-0.23330261,0.116697386,3.8166974,5.506697,6.0466976,5.3766975,1.6166974,1.4866974,2.0366974,1.3066974,0.93669736
-2.5833025,-2.6133027,-2.8533027,-3.0933027,-3.6233027,-4.2533026,-4.4533024,-4.2533026,-3.7133026,-3.9033027,-3.4633026,-4.0733027,-4.493303,-4.3833027,-4.0633025,-2.6833026,-3.0633025,-3.0833025,-2.6233027,-2.8933027,-2.6033027,-2.0833025,-2.1433027,-1.3733026,-1.0233026,-0.5233026,-1.2733026,-2.6733027,-2.6833026,-1.6433026,-1.8133026,-1.5033026,2.0366974,4.756697,4.5566974,3.5966973,2.7066975,1.1866974,0.15669739,1.2266974,-0.0033026123
-2.0833025,-2.5133026,-3.2533026,-2.6833026,-2.9433026,-2.4233027,-3.4633026,-3.7033026,-4.3233027,-3.8033025,-2.4633026,-3.2233026,-3.9133027,-3.7133026,-4.5033026,-4.263303,-3.8933027,-2.4633026,-1.8833026,-1.2133026,-1.4233027,-1.6133026,-1.2133026,-1.5033026,-1.6333026,-0.5733026,0.22669739,0.2866974,-0.5533026,-1.4633026,-1.7633026,-2.5133026,-0.7733026,1.2566974,3.1166973,2.7766974,3.1866975,2.0666974,3.0066974,2.2366974,0.99669737
-1.6633027,-2.3233025,-2.6533027,-2.5433025,-2.8833027,-2.8433027,-3.2233026,-3.5233026,-3.3333025,-3.4733026,-1.8333026,-1.5533026,-3.3133025,-5.303303,-4.7733026,-4.223303,-4.1833024,-4.0233026,-2.6633027,-2.5633025,0.5866974,-0.24330261,-1.4633026,-1.0333027,-1.9333026,-1.4433026,0.5466974,2.4966974,1.7166973,0.62669736,1.1566974,0.23669739,-1.1933026,-0.7833026,0.3966974,2.6566973,3.1466973,4.0766973,4.0366974,3.0366974,3.1666975
-0.36330262,-1.4933026,-0.7733026,-1.6733027,-2.1733027,-1.8233026,-2.2133026,-2.5133026,-2.9833026,-2.4133027,-1.1833026,-1.3833026,-0.56330264,-2.2833025,-4.4433026,-3.9533026,-3.8833027,-3.9833026,-3.7033026,-3.2433026,-0.48330262,0.6966974,0.6466974,1.7766974,0.8966974,0.62669736,0.35669738,-0.5933026,3.6466973,2.8266973,2.4766974,1.5766973,-0.13330261,0.8666974,-0.56330264,-0.16330262,2.8166974,3.3466973,2.4866974,3.6866975,2.9866974
