wind_kz.json
{"header": {"discipline":0,"disciplineName":"Meteorological products","gribEdition":2,"gribLength":1025,"center":7,"centerName":"US National Weather Service - NCEP(WMC)","subcenter":0,"refTime":"2023-09-09T18:00:00.000Z","significanceOfRT":1,"significanceOfRTName":"Start of forecast","productStatus":0,"productStatusName":"Operational products","productType":1,"productTypeName":"Forecast products","productDefinitionTemplate":0,"productDefinitionTemplateName":"Analysis/forecast at horizontal level/layer at a point in time","parameterCategory":2,"parameterCategoryName":"UnknownDiscipline_0_Category_2","parameterNumber":2,"parameterNumberName":"UnknownParameter_D0_C2_2","parameterUnit":"Unknown","genProcessType":2,"genProcessTypeName":"Forecast","forecastTime":0,"surface1Type":103,"surface1TypeName":"Specified height level above ground","surface1Value":10.0,"surface2Type":255,"surface2TypeName":"Missing","surface2Value":0.0,"gridDefinitionTemplate":0,"gridDefinitionTemplateName":"Latitude_Longitude","numberPoints":615,"shape":6,"shapeName":"Earth spherical with radius of 6,371,229.0 m","gridUnits":"degrees","resolution":48,"winds":"true","scanMode":64,"nx":41,"ny":15,"basicAngle":0,"lo1":47.0,"la1":41.0,"lo2":87.0,"la2":55.0,"dx":1.0,"dy":1.0}, "data":
[rows 0 to 14 of 15, columns 0 to 40 of 41]
-0.929223,1.150777,-1.519223,-3.409223,-3.389223,-5.969223,-5.2292233,-6.769223,-9.009223,-5.829223,-7.139223,-8.119223,-8.809223,-8.699223,-7.519223,-6.839223,-5.429223,-4.069223,-4.989223,-3.479223,-3.169223,-1.769223,-0.37922302,-3.009223,0.780777,-2.329223,-3.149223,-0.589223,1.630777,0.13077697,0.22077698,1.650777,-0.23922302,0.23077698,-3.159223,-2.309223,-2.019223,-2.0992231,-2.139223,-2.399223,-2.729223
3.3907769,-1.109223,-3.759223,-5.129223,-6.429223,-5.279223,-4.819223,-6.139223,-5.879223,-3.969223,-2.699223,-3.619223,-4.589223,-4.309223,-4.4792233,-5.039223,-3.709223,-4.949223,-3.0992231,-1.649223,-1.369223,-1.939223,-1.359223,-2.229223,-0.31922302,0.650777,-0.81922305,-0.07922302,-1.989223,-1.7892231,0.510777,-0.22922303,-0.419223,-1.029223,0.390777,-0.609223,-0.259223,0.42077696,-1.1692231,0.760777,-7.699223
2.330777,-4.059223,-3.389223,-3.5992231,-2.579223,-3.479223,-3.159223,-2.169223,-5.029223,-4.139223,-1.709223,-2.179223,-1.2892231,-3.199223,-1.879223,-2.699223,-3.989223,-2.139223,-1.819223,1.110777,0.56077695,1.100777,-0.88922304,-1.889223,1.240777,1.140777,0.660777,2.080777,-2.509223,-0.039223023,-1.249223,0.570777,-0.39922303,-0.899223,0.750777,-0.039223023,0.80077696,0.300777,2.350777,2.420777,1.930777
1.520777,1.5907769,-0.10922302,-1.579223,1.7107769,0.510777,-1.239223,0.390777,0.12077698,1.290777,1.620777,-0.019223023,-5.249223,-4.839223,-3.0992231,-2.619223,-0.979223,-0.719223,-0.849223,0.26077697,1.990777,-0.909223,2.780777,2.120777,1.530777,1.380777,0.900777,0.780777,1.020777,-1.449223,-2.759223,-3.789223,-1.269223,-0.48922303,-1.609223,1.110777,1.4607769,1.880777,0.87077695,-0.17922302,-1.559223
-3.769223,-0.76922303,5.000777,6.990777,1.630777,0.12077698,2.040777,-0.68922305,0.61077696,-1.449223,-3.5992231,-4.019223,-2.699223,-3.029223,-1.249223,0.22077698,1.8207769,1.640777,1.760777,2.840777,3.930777,3.680777,3.1407769,5.100777,4.370777,4.550777,4.040777,3.6507769,1.270777,0.950777,-0.909223,-2.159223,-2.039223,1.400777,0.840777,1.3407769,-2.519223,-2.369223,-2.989223,-2.469223,-4.059223
-1.2892231,0.43077698,5.790777,2.350777,1.650777,0.890777,-0.16922303,-1.379223,-2.159223,-1.809223,-0.30922303,-0.789223,1.310777,1.350777,2.050777,2.850777,3.250777,3.690777,3.460777,3.000777,3.760777,4.510777,4.870777,5.110777,6.660777,6.420777,7.390777,5.920777,4.690777,1.940777,1.160777,2.010777,-0.479223,-0.30922303,-0.42922303,-1.4092231,-0.029223023,0.42077696,-0.32922304,-4.299223,-4.749223
2.1507769,0.98077697,2.060777,5.730777,3.770777,1.360777,2.300777,2.730777,1.270777,1.2107769,-1.579223,0.17077698,1.2107769,1.290777,2.250777,2.200777,2.860777,2.840777,2.840777,3.130777,3.920777,4.610777,4.720777,5.030777,7.150777,7.630777,7.350777,6.110777,5.220777,-0.30922303,-2.119223,-1.079223,-0.849223,-3.299223,-3.919223,-2.369223,-1.349223,1.290777,-1.129223,1.280777,1.540777
0.47077698,1.860777,1.860777,0.04077698,4.000777,3.220777,4.060777,4.0207767,0.820777,-0.81922305,-0.20922302,1.770777,2.380777,2.840777,3.340777,3.720777,3.710777,4.010777,3.040777,3.160777,3.690777,3.510777,4.7707767,5.860777,10.200777,4.010777,1.9607769,-0.04922302,-1.619223,-2.039223,-3.039223,-4.559223,-5.169223,-2.569223,-2.419223,-0.81922305,-1.739223,1.880777,1.7007769,2.8907769,-0.28922302
1.790777,2.1407769,0.900777,-0.549223,-1.099223,-0.749223,-0.94922304,0.710777,-0.27922302,0.830777,1.150777,2.1407769,3.430777,3.550777,2.020777,1.5707769,2.1507769,1.520777,3.260777,3.330777,2.310777,3.100777,5.040777,5.630777,5.850777,1.230777,-1.6592231,-2.909223,-1.709223,-2.779223,-4.099223,-4.279223,-2.159223,-4.429223,-2.379223,-1.879223,-0.649223,-2.629223,-1.349223,0.10077698,-0.51922303
1.130777,-0.649223,-1.449223,-0.969223,-0.449223,0.630777,2.660777,2.240777,0.68077695,2.440777,2.840777,3.410777,3.210777,2.800777,2.750777,2.990777,3.590777,3.280777,2.740777,2.810777,3.550777,3.1407769,3.710777,5.280777,3.820777,-7.689223,-5.569223,-7.179223,-6.339223,-4.449223,-3.189223,-5.429223,-4.549223,-4.109223,-2.389223,-2.379223,-2.529223,-0.389223,-1.859223,0.28077698,-0.07922302
-0.0092230225,-0.929223,-1.359223,-1.6592231,-2.779223,-1.2992231,2.450777,4.220777,-3.549223,-2.419223,-0.51922303,0.960777,0.820777,3.930777,0.56077695,-0.15922302,1.2107769,3.090777,2.920777,3.470777,3.470777,3.080777,2.500777,2.680777,0.660777,-6.209223,-5.379223,-3.699223,-2.279223,-4.639223,-4.839223,-4.169223,-5.769223,-4.179223,-3.189223,-2.059223,-1.439223,-0.18922302,-1.149223,0.80077696,-1.389223
4.2707767,3.4007769,3.690777,3.000777,2.310777,2.030777,0.21077698,0.580777,1.520777,2.470777,1.8207769,5.590777,4.030777,5.240777,5.830777,5.040777,8.710777,6.180777,2.930777,4.130777,3.370777,1.620777,0.270777,0.22077698,-2.809223,-5.129223,-2.979223,-6.829223,-7.529223,-7.509223,-5.889223,-7.4792233,-4.159223,-4.769223,-3.5992231,-2.979223,-3.429223,-1.399223,-0.729223,-0.729223,-0.56922305
1.650777,1.180777,1.750777,1.750777,1.940777,2.430777,3.660777,4.480777,4.830777,2.4007769,1.2007769,4.680777,4.780777,4.920777,4.130777,3.510777,2.520777,2.160777,1.650777,2.800777,1.300777,-1.4092231,-0.739223,-1.059223,-4.039223,-5.509223,-6.559223,-7.029223,-7.499223,-6.059223,-5.409223,-4.799223,-4.189223,-3.629223,-3.1092231,-3.219223,-3.219223,-2.089223,-1.939223,-0.799223,-0.81922305
0.12077698,-3.119223,-2.329223,-4.429223,-3.589223,-3.699223,-2.649223,-4.919223,-2.059223,0.590777,1.010777,-1.889223,-3.329223,-3.379223,-3.259223,-3.289223,-1.979223,-0.39922303,-1.469223,-1.249223,-2.759223,-3.179223,-5.019223,-6.629223,-3.429223,-7.299223,-8.139223,-6.7292233,-5.759223,-4.879223,-4.339223,-4.039223,-3.659223,-3.3592231,-2.409223,-2.519223,-2.089223,-1.639223,-1.5492231,-0.999223,-1.369223
-0.70922303,-2.339223,-3.719223,-2.929223,-1.399223,-0.809223,-0.39922303,-2.529223,-1.699223,-1.849223,-1.569223,-4.149223,-3.079223,-2.449223,-3.829223,-3.919223,-4.349223,-4.459223,-4.359223,-5.879223,-5.669223,-5.239223,-6.9792233,-6.429223,-5.409223,-5.399223,-5.339223,-4.389223,-3.729223,-3.529223,-3.779223,-3.329223,-2.539223,-2.409223,-2.309223,-2.119223,-2.069223,-1.279223,-1.999223,-1.519223,-1.189223
