wind_kz.json
{"header": {"discipline":0,"disciplineName":"Meteorological products","gribEdition":2,"gribLength":1025,"center":7,"centerName":"US National Weather Service - NCEP(WMC)","subcenter":0,"refTime":"2023-09-24T06:00:00.000Z","significanceOfRT":1,"significanceOfRTName":"Start of forecast","productStatus":0,"productStatusName":"Operational products","productType":1,"productTypeName":"Forecast products","productDefinitionTemplate":0,"productDefinitionTemplateName":"Analysis/forecast at horizontal level/layer at a point in time","parameterCategory":2,"parameterCategoryName":"UnknownDiscipline_0_Category_2","parameterNumber":3,"parameterNumberName":"UnknownParameter_D0_C2_3","parameterUnit":"Unknown","genProcessType":2,"genProcessTypeName":"Forecast","forecastTime":60,"surface1Type":103,"surface1TypeName":"Specified height level above ground","surface1Value":10.0,"surface2Type":255,"surface2TypeName":"Missing","surface2Value":0.0,"gridDefinitionTemplate":0,"gridDefinitionTemplateName":"Latitude_Longitude","numberPoints":615,"shape":6,"shapeName":"Earth spherical with radius of 6,371,229.0 m","gridUnits":"degrees","resolution":48,"winds":"true","scanMode":64,"nx":41,"ny":15,"basicAngle":0,"lo1":47.0,"la1":41.0,"lo2":87.0,"la2":55.0,"dx":1.0,"dy":1.0}, "data":
[rows 0 to 14 of 15, columns 0 to 40 of 41]
-0.77569824,-1.9356983,1.1843017,-2.2656982,-6.3456984,-6.415698,-3.1156983,-2.2256982,-2.3556983,-3.8656983,-4.605698,-5.6356983,-4.6556983,-4.5356984,-4.8056984,-2.9356983,-3.2356982,-3.9856982,-3.4756982,-1.4156983,-1.3656982,-3.1456983,-2.4456983,-0.19569825,-2.2356982,-0.57569826,-1.3956982,1.2843018,0.5643017,-0.70569825,-1.5656983,-0.96569824,-0.6056982,2.1643019,1.3043017,2.4743018,0.37430176,0.40430176,-0.56569827,1.4943018,0.8143017
0.49430177,0.85430175,0.91430175,-2.6756983,-4.3656983,-2.3156981,-1.9456983,-1.5256982,-2.7456982,-3.9256983,-5.1356983,-6.205698,-5.9056983,-4.685698,-5.4056983,-5.3656983,-4.145698,-4.275698,-3.8456984,-3.6956983,-3.3656983,-2.4656982,0.96430176,1.4043018,1.0843017,0.32430175,-2.3356981,-0.035698242,-0.8656982,-0.19569825,0.6943018,1.7443018,-1.2256982,-3.0656981,-3.3956983,0.13430175,-0.91569823,-1.1056982,0.29430175,-0.18569824,1.5743017
2.9843018,2.5843017,0.034301758,-2.9856982,-3.9756982,-1.0556983,-2.1456983,-1.3856982,-0.75569826,-2.7956982,-4.1556983,-3.9656982,-4.8056984,-5.1356983,-4.375698,-5.025698,-4.4756985,-4.895698,-4.605698,-1.6856983,-1.4356983,-4.3056984,-3.4056983,-1.2456982,-0.57569826,0.32430175,0.14430176,-0.18569824,-0.19569825,0.8143017,1.8643018,0.60430175,1.1443018,-1.2156982,-0.95569825,0.77430177,-0.38569823,-2.6656983,-0.33569825,0.26430175,0.31430176
-0.005698242,-0.32569826,-2.6156983,-1.6656983,-2.5556982,-1.7356982,-1.9356983,-3.0356982,0.084301755,0.114301756,-2.5256982,-4.2456985,-6.815698,-6.685698,-4.1956983,-4.275698,-4.5956984,-4.9656982,-4.9056983,-5.455698,-4.0156984,-2.3556983,0.8843018,-2.6856983,-2.4756982,-2.6556983,-2.1756983,-1.8556982,-0.035698242,-0.9256982,-2.5556982,-2.7756982,-0.83569825,1.4243017,0.7043018,-1.7856983,-0.97569823,2.7343018,0.86430174,-0.97569823,-0.13569824
-0.8056982,-1.6156982,-2.7456982,-2.6056983,-2.9156983,-2.1356983,-1.6956983,-1.3556982,-1.9556983,-1.7056983,-0.78569824,-2.4556983,-4.205698,-5.7856984,-5.8656983,-4.1356983,-4.185698,-3.6856983,-3.3056982,-3.8856983,-3.9956982,-2.5556982,-1.2956983,-0.33569825,-1.0156982,-1.7456982,-1.9456983,-2.5056982,-0.9956982,-1.0456983,-1.8956982,-1.2556982,0.06430176,1.0043018,-1.1556983,-2.0756981,-5.4456983,1.7343018,1.5843017,-3.0056982,-1.3256983
1.0343018,-0.19569825,-0.71569824,-1.3256983,-2.1456983,-2.6656983,-1.4956982,-1.4056983,-1.1956983,-2.5656981,-2.6656983,-2.4656982,-2.6656983,-3.0556982,-3.7256982,-4.3656983,-3.8056982,-3.5756981,-3.4156983,-2.2756982,-2.9056983,-2.5156982,-2.4856982,1.2943017,0.99430174,0.18430176,-1.0456983,-0.63569826,-1.6956983,-2.1656983,-2.3156981,-1.7756982,-2.1656983,-2.6556983,1.4243017,-0.44569823,1.1643018,-4.815698,-2.6456983,-0.5456982,-6.4656982
2.6243017,2.3243017,1.8743018,1.2643018,-0.6856983,-0.50569826,0.71430176,0.114301756,-1.2056983,0.114301756,0.084301755,-0.48569825,-2.6556983,-2.8056982,-2.5256982,-3.1156983,-4.3256984,-3.8756983,-2.1356983,-1.6256982,-1.8256983,-2.4756982,-2.4856982,-2.0656981,0.48430175,2.4243019,1.1843017,1.3943018,-1.6456982,0.97430176,0.28430176,-0.31569824,-1.6956983,-3.9456983,-3.4456983,-3.1356983,-4.485698,-3.2956982,-3.4456983,-4.6956983,-9.385698
1.9443017,2.0343018,0.5643017,0.43430176,0.34430176,-1.3256983,-1.5056982,-1.2756982,-2.1256983,-2.4256983,-2.5356982,0.24430175,-0.51569825,-1.3956982,-3.2656982,-0.75569826,-3.3956983,-3.2156982,-3.1256983,-2.2656982,-1.7756982,-1.8556982,-1.9356983,-2.9956982,-1.6156982,-0.8556982,-0.97569823,-1.3456982,-1.7656982,0.09430176,-1.0756983,-0.91569823,-2.2956982,-3.4956982,-1.1656983,0.04430176,-0.75569826,-2.2256982,-0.31569824,-0.91569823,-2.0756981
-2.7856982,-0.94569826,0.44430175,-2.8256981,-0.12569824,-0.91569823,0.7043018,1.0143018,-1.5456983,-2.8556983,-2.5856981,-2.8456984,-2.3656983,-3.2056983,-0.27569824,-1.8756982,0.42430174,-0.97569823,-1.8756982,-1.0856982,-1.7756982,-2.2256982,-1.5656983,-2.2356982,-1.2156982,-1.3156983,-0.84569824,-0.95569825,-1.1856983,-0.8056982,-0.10569824,-1.0156982,0.66430175,0.46430176,-0.40569824,-1.4056983,-2.7956982,-1.3956982,-3.4356983,-4.0956984,-4.9656982
-2.0856981,-2.7456982,-2.6356983,-3.1756983,-2.8156981,-3.3856983,-1.0256982,-2.7756982,-2.6456983,-3.0256982,-3.8656983,-2.6656983,-1.9256983,-3.3256981,-3.2756982,-4.295698,-2.5756981,-3.2456982,-1.6656983,-2.2456982,-0.6756982,-1.6656983,-0.7956982,-0.59569824,-0.42569825,-0.34569824,-0.6156982,-0.8056982,0.78430176,0.024301758,2.2043018,2.4643018,2.3343017,1.6643018,0.23430176,0.37430176,0.22430176,-3.2056983,-1.5356983,0.36430177,1.6443018
-1.8556982,-2.7056983,-2.2056983,-3.4556983,-3.0756981,-3.0256982,-3.3056982,-2.9556983,-1.6756983,-2.5156982,-2.3256981,-2.0556982,-2.8856983,-2.5256982,-3.7156982,-4.3256984,-4.455698,-6.0556984,-4.855698,-3.5256982,-2.3156981,-2.7056983,-1.1656983,-0.91569823,-0.52569824,-0.7356982,0.54430175,-0.53569824,0.5643017,2.1843019,3.1143017,3.4643018,2.6243017,1.2443018,-0.57569826,0.52430177,0.034301758,2.6543016,1.2443018,1.4743018,-0.33569825
-0.71569824,-2.3656983,-2.2956982,-2.6056983,-2.8656983,-3.4256983,-2.0656981,-2.6456983,-3.0056982,-2.3556983,-2.0656981,-2.4056983,-2.1756983,-1.6956983,-2.6256983,-3.2356982,-3.4456983,-4.205698,-3.8356981,-3.6156983,-4.2256985,-5.0556984,-3.7456982,-3.1256983,-0.95569825,-2.0756981,-0.31569824,-0.42569825,0.40430176,3.5043018,4.164302,4.1543016,3.0443017,2.4443018,0.90430176,-0.89569825,0.44430175,2.2743018,2.2943017,1.5843017,0.92430174
-1.2956983,-0.70569825,-1.9356983,-1.3456982,-1.7756982,-1.2256982,-1.3656982,-1.4856982,-2.0756981,-1.2256982,-1.4756982,-1.4956982,-2.2456982,-2.6356983,-3.4856982,-3.0656981,-2.8356981,-3.0756981,-3.2456982,-3.0156982,-2.8056982,-1.8456982,-1.4056983,-3.8356981,-4.9656982,-4.125698,-3.2156982,-1.2956983,-0.42569825,3.8343017,5.014302,4.474302,4.5043015,3.2643018,3.0343018,2.4243019,1.5643017,1.0443017,2.1143017,0.59430176,0.46430176
-0.06569824,-0.32569826,-2.4356983,-1.2956983,-1.5856982,-1.6556983,-1.7256982,-2.2456982,-1.3656982,-1.4556983,0.13430175,-0.15569824,-0.41569823,-2.2056983,-2.9156983,-3.5256982,-2.9356983,-2.6056983,-3.2056983,-3.7056983,-2.8656983,-2.2556982,-2.9556983,-4.4956985,-3.8856983,-2.7456982,-3.9156983,-3.6756983,-3.5456982,1.9443017,5.2843018,5.2143016,5.1943016,4.954302,3.3943017,3.4243019,2.6943018,2.0443017,1.3343017,0.99430174,0.91430175
-1.4556983,-0.15569824,1.0843017,-0.69569826,-1.2456982,-1.1556983,-1.1156982,-1.3956982,-2.2056983,-1.9256983,-0.37569824,0.114301756,0.61430174,-0.8556982,-2.8956983,-2.9256983,-2.5256982,-2.1056983,-1.8256983,-2.7356982,-3.0356982,-3.0456982,-2.3456984,-2.6156983,-2.7856982,-3.3256981,-3.4756982,-4.3256984,-3.6756983,-4.165698,2.2343018,7.014302,5.164302,5.1543016,4.604302,4.2543015,3.4643018,2.7143018,2.2143018,1.9743018,0.65430176
