wind_kz.json
{"header": {"discipline":0,"disciplineName":"Meteorological products","gribEdition":2,"gribLength":1102,"center":7,"centerName":"US National Weather Service - NCEP(WMC)","subcenter":0,"refTime":"2023-08-24T12:00:00.000Z","significanceOfRT":1,"significanceOfRTName":"Start of forecast","productStatus":0,"productStatusName":"Operational products","productType":1,"productTypeName":"Forecast products","productDefinitionTemplate":0,"productDefinitionTemplateName":"Analysis/forecast at horizontal level/layer at a point in time","parameterCategory":2,"parameterCategoryName":"UnknownDiscipline_0_Category_2","parameterNumber":3,"parameterNumberName":"UnknownParameter_D0_C2_3","parameterUnit":"Unknown","genProcessType":2,"genProcessTypeName":"Forecast","forecastTime":120,"surface1Type":103,"surface1TypeName":"Specified height level above ground","surface1Value":10.0,"surface2Type":255,"surface2TypeName":"Missing","surface2Value":0.0,"gridDefinitionTemplate":0,"gridDefinitionTemplateName":"Latitude_Longitude","numberPoints":615,"shape":6,"shapeName":"Earth spherical with radius of 6,371,229.0 m","gridUnits":"degrees","resolution":48,"winds":"true","scanMode":64,"nx":41,"ny":15,"basicAngle":0,"lo1":47.0,"la1":41.0,"lo2":87.0,"la2":55.0,"dx":1.0,"dy":1.0}, "data":
[rows 0 to 14 of 15, columns 0 to 40 of 41]
2.1038866,0.0038867188,-7.196113,-7.2661133,-11.746113,-10.816113,-8.5261135,-9.086113,-4.506113,-3.1861134,-5.9961133,-3.4661133,-1.8261132,-0.84611326,1.2938867,2.6338868,3.4538867,2.4338868,0.6238867,0.45388672,0.96388674,3.1738868,1.6238867,0.103886716,2.0938866,-0.13611329,0.78388673,-1.3461133,-0.8061133,2.6138868,1.5638868,1.3038868,0.35388672,3.4638867,3.5738866,-2.3261132,-0.8361133,2.3238866,-1.8861133,1.8138868,-6.9161134
-3.0761132,-2.8661132,-8.966113,-9.846113,-8.826114,-10.656114,-9.636113,-11.116114,-6.2261133,-9.286114,-11.366114,-8.406114,-2.4861133,1.1538867,1.2438867,3.1038866,2.6838868,2.6538868,1.6738868,1.4338868,2.7038867,1.8038868,3.8638868,0.78388673,2.3538866,2.2538867,1.6338867,2.5238867,-0.16611329,2.4538867,-0.24611329,4.243887,2.0138867,1.1338867,2.4838867,2.3538866,4.243887,-3.6661134,-0.9461133,1.4238868,-0.85611326
-3.6661134,-6.0561132,-6.596113,-8.156114,-7.2961135,-6.946113,-6.7261133,-6.636113,-7.616113,-8.486114,-10.126113,-10.846113,-11.196114,-12.376113,-12.506113,-12.556113,4.1638865,3.4438868,2.8938868,3.1438868,2.1038866,1.8838867,2.5938866,2.3238866,-1.3061132,-0.16611329,0.17388672,-1.2561133,1.1938868,-1.2261133,4.1838865,1.5638868,-2.5061133,2.8538866,1.1238867,-1.3161132,0.4038867,3.3638868,-0.48611328,4.7038865,2.0238867
-3.9161134,-8.786114,-9.496113,-9.866114,-9.036114,-7.596113,-8.746113,-7.0561132,-7.406113,-2.6661134,-1.8061132,-4.1661134,-4.906113,-8.7761135,-8.836113,-9.486114,-11.546113,-9.716113,3.3638868,4.633887,5.243887,6.7338867,4.903887,4.5238867,3.1938868,4.5438867,1.5538868,1.1638867,1.9738867,2.9438868,4.533887,1.5838867,0.53388673,-0.5561133,0.08388672,-0.8261133,0.023886718,1.9938867,1.1638867,-1.6161133,-2.4661133
-2.6661134,-3.4161134,-6.696113,-7.576113,-7.9561133,-7.9961133,-7.846113,-7.116113,-6.716113,-6.716113,-6.6061134,-6.0661135,-5.7761135,0.25388673,-0.5561133,-5.0861135,-4.886113,-7.576113,-9.806113,-4.2261133,4.7938867,6.423887,5.553887,3.3238866,5.113887,5.6938868,4.2938867,5.3738866,3.2038867,2.0938866,-0.33611327,-2.9761133,0.8838867,1.5438867,-0.18611328,3.5438867,1.2938867,3.4038868,1.2838867,0.7538867,2.3938868
-6.0261135,-6.236113,-6.986113,-7.4961133,-8.806113,-8.866114,-7.9961133,-7.8761134,-7.446113,-6.596113,-6.0661135,-5.2861133,-5.6661134,-5.6261134,-2.0461133,-2.1161132,1.3438867,-1.9361132,-4.0361133,-7.5361133,-6.3961134,8.793887,8.013886,6.8738866,5.113887,6.863887,7.323887,-1.3361133,6.613887,3.9738867,1.8138868,-0.85611326,-1.0661132,-3.0661132,0.08388672,-1.0961133,-0.4161133,1.6538867,-0.36611328,2.1238868,-0.07611328
-6.116113,-7.326113,-7.346113,-8.506113,-9.696114,-10.236114,-9.796113,-9.586113,-8.806113,-9.626113,-8.136113,-5.3961134,-4.0261135,-3.9961133,-3.9561133,-2.8061132,-1.9861133,1.7238867,-0.026113281,-2.6061132,-4.506113,-5.3361135,9.753887,8.663887,8.783887,8.753887,8.983887,8.313887,3.3538866,6.2238865,4.6238866,2.5838866,1.5538868,0.6938867,0.3638867,1.9538867,2.2638867,2.5038867,1.9638867,4.4738865,-1.5761132
-5.9361134,-6.946113,-7.116113,-7.4961133,-9.386113,-7.576113,-8.906114,-8.456113,-7.7261133,-7.2761135,-5.886113,-5.466113,-5.696113,-4.386113,-5.6661134,-0.3161133,-0.0061132815,-1.0061133,3.1838868,0.16388673,2.5238867,-5.2961135,5.783887,10.363887,9.613887,9.863887,9.733887,9.063887,8.603887,7.4538865,6.9438868,6.2738867,4.1838865,3.8238866,0.84388673,1.4038867,-1.2461133,-1.6061133,0.84388673,0.11388672,-0.046113282
-6.0161133,-6.366113,-7.446113,-8.176113,-8.636113,-7.866113,-7.6261134,-6.0661135,-9.146113,-9.156114,-7.2861133,-3.8161132,-2.8061132,-2.2361133,-3.5861132,-3.5661132,-0.9861133,1.0238867,-0.15611328,4.2738867,0.35388672,1.8038868,-3.4761133,-1.5361133,10.163887,9.913887,8.133886,9.513886,9.633886,8.033887,8.353887,7.573887,6.8338866,5.9838867,4.7338867,2.8538866,0.45388672,-1.5061133,1.4038867,0.89388674,0.5638867
-5.886113,-6.756113,-7.4961133,-8.196114,-9.146113,-9.126113,-7.986113,-8.606113,-9.086113,-7.736113,-8.236114,-5.676113,-6.1261134,-1.4361132,0.26388672,1.6438867,-0.9561133,0.58388674,-0.30611327,3.7838867,6.2538867,3.8438866,1.0038867,-1.2861133,-2.5161133,7.7338867,8.133886,8.323887,8.293887,7.7338867,7.8938866,7.2338867,5.9438868,6.613887,5.4438868,2.9938867,1.6338867,-0.6461133,0.35388672,1.2338867,0.9238867
-6.1061134,-6.8161135,-8.596113,-9.146113,-8.736114,-9.056113,-9.126113,-9.116114,-8.066113,-7.7961135,-7.2761135,-5.596113,-5.736113,-3.0461133,0.6338867,0.7538867,3.9738867,2.8438866,1.8938867,3.0038867,6.4538865,6.7938867,6.6938868,2.2938867,-0.3861133,2.6238868,-3.0361133,7.2938867,7.7138867,6.573887,6.553887,7.573887,6.363887,4.9338865,5.5238867,3.4938867,2.5438867,1.0338867,1.9038867,-0.7061133,0.53388673
-6.946113,-7.446113,-8.466113,-9.086113,-9.2761135,-9.106113,-8.0261135,-7.676113,-8.866114,-7.9761133,-6.5661135,-7.0461135,-6.216113,-4.7861133,-5.256113,1.4138867,3.2038867,3.6038866,3.4238868,2.6638868,3.0838866,7.7238865,7.5438867,5.763887,1.3738867,9.103887,3.3238866,4.033887,7.4138865,6.323887,4.263887,5.7338867,4.783887,4.403887,3.1838868,6.0438867,2.1538868,-0.27611327,-0.08611328,-0.84611326,-0.5161133
-6.2261133,-8.376113,-8.666113,-7.826113,-7.9961133,-6.7861133,-7.8961134,-9.406114,-11.976113,-8.046113,-4.096113,-4.8361135,-5.7761135,-4.906113,-3.6861134,-1.7561133,2.4938867,4.093887,5.743887,4.1838865,3.3038867,5.673887,4.803887,6.3338866,5.0238867,8.4738865,6.3338866,-1.2461133,6.5438867,6.6838865,6.7238865,5.403887,5.6838865,5.1938868,3.6838868,5.0638866,4.363887,2.2438867,2.7238867,2.1338868,1.0238867
-7.156113,-7.846113,-8.216113,-8.486114,-8.366114,-8.306113,-8.936113,-8.716113,-9.376113,-8.0261135,-5.6061134,-3.1461134,-5.5261135,-5.096113,-4.0861135,-1.8561133,2.5038867,2.6838868,2.4938867,5.803887,5.153887,4.513887,6.1838865,7.493887,6.7338867,5.1238866,2.4838867,3.1638868,4.263887,6.9638867,6.573887,6.5238867,5.153887,2.9138868,2.7738867,5.073887,4.2738867,3.4638867,3.6638868,1.8538867,2.4138868
-4.8061132,-7.5661135,-8.896113,-8.576114,-8.686113,-8.226113,-8.046113,-8.446114,-9.126113,-6.3361135,-5.6661134,-5.636113,-4.236113,-3.6761134,-5.7761135,-3.4861133,-1.8061132,1.7638867,4.013887,3.2138867,4.4438868,6.593887,6.5438867,4.7338867,6.653887,6.653887,2.1138868,4.3938866,2.2338867,6.8538866,3.5238867,5.4338865,5.1438866,5.1838865,2.8338866,3.7838867,4.743887,5.6838865,3.4638867,2.6438868,1.3638867
