wind_kz.json
{"header": {"discipline":0,"disciplineName":"Meteorological products","gribEdition":2,"gribLength":871,"center":7,"centerName":"US National Weather Service - NCEP(WMC)","subcenter":0,"refTime":"2024-04-07T18:00:00.000Z","significanceOfRT":1,"significanceOfRTName":"Start of forecast","productStatus":0,"productStatusName":"Operational products","productType":1,"productTypeName":"Forecast products","productDefinitionTemplate":0,"productDefinitionTemplateName":"Analysis/forecast at horizontal level/layer at a point in time","parameterCategory":0,"parameterCategoryName":"UnknownDiscipline_0_Category_0","parameterNumber":0,"parameterNumberName":"UnknownParameter_D0_C0_0","parameterUnit":"Unknown","genProcessType":2,"genProcessTypeName":"Forecast","forecastTime":300,"surface1Type":1,"surface1TypeName":"Ground or water surface","surface1Value":0.0,"surface2Type":255,"surface2TypeName":"Missing","surface2Value":0.0,"gridDefinitionTemplate":0,"gridDefinitionTemplateName":"Latitude_Longitude","numberPoints":615,"shape":6,"shapeName":"Earth spherical with radius of 6,371,229.0 m","gridUnits":"degrees","resolution":48,"winds":"true","scanMode":64,"nx":41,"ny":15,"basicAngle":0,"lo1":47.0,"la1":41.0,"lo2":87.0,"la2":55.0,"dx":1.0,"dy":1.0}, "data":
[rows 0 to 14 of 15, columns 0 to 40 of 41]
298.3076,287.6076,293.6076,282.8076,283.8076,284.8076,301.0076,308.1076,306.9076,308.4076,308.4076,307.6076,306.9076,307.5076,308.9076,309.5076,309.6076,310.20758,309.70758,310.70758,308.5076,306.6076,306.5076,302.0076,305.5076,308.6076,300.0076,287.5076,289.8076,282.9076,283.0076,283.8076,298.0076,313.5076,312.8076,310.0076,315.6076,315.4076,314.3076,314.5076,316.5076
274.20758,292.8076,283.1076,283.20758,283.6076,283.9076,307.4076,304.8076,305.0076,304.70758,307.70758,307.0076,309.20758,309.6076,306.3076,306.6076,307.3076,305.8076,306.70758,308.0076,307.1076,306.70758,297.3076,290.8076,277.3076,275.3076,290.20758,295.3076,295.70758,280.20758,297.0076,273.5076,295.20758,269.9076,273.20758,306.5076,307.9076,312.20758,318.3076,310.70758,282.9076
289.4076,283.1076,282.9076,283.3076,283.4076,304.5076,304.5076,304.9076,303.70758,304.3076,303.3076,304.5076,307.6076,309.20758,305.9076,306.1076,304.70758,306.9076,308.20758,306.8076,307.70758,311.1076,303.4076,294.4076,301.20758,300.1076,300.9076,302.20758,298.1076,293.4076,278.8076,288.1076,297.20758,299.6076,299.5076,298.6076,291.1076,301.9076,298.4076,291.8076,288.1076
291.8076,284.4076,283.3076,283.1076,289.0076,304.20758,302.5076,305.0076,305.1076,306.0076,304.9076,304.4076,286.8076,287.4076,306.5076,304.3076,306.8076,306.20758,306.0076,306.8076,307.6076,303.8076,307.3076,305.5076,304.0076,303.8076,304.70758,301.0076,296.9076,301.0076,304.70758,306.1076,311.5076,315.6076,310.70758,301.9076,295.3076,274.0076,298.70758,306.20758,308.20758
296.5076,285.20758,284.0076,284.3076,292.0076,302.20758,304.70758,308.6076,306.9076,306.8076,306.0076,304.20758,286.5076,286.20758,284.5076,305.3076,307.9076,309.1076,306.5076,306.4076,306.5076,307.3076,305.5076,306.5076,303.70758,302.9076,300.1076,296.1076,305.1076,307.8076,309.5076,306.6076,295.4076,275.4076,301.0076,309.70758,301.8076,316.20758,315.1076,311.9076,306.70758
294.70758,298.9076,285.1076,283.9076,282.6076,283.20758,307.70758,304.70758,306.5076,304.6076,303.9076,305.6076,288.3076,285.5076,291.8076,304.3076,304.3076,306.4076,303.0076,306.0076,306.1076,304.0076,305.5076,303.9076,304.4076,301.6076,303.3076,272.0076,302.3076,303.9076,304.20758,303.4076,306.6076,304.20758,301.0076,298.6076,298.3076,300.6076,317.4076,309.6076,306.6076
299.8076,300.0076,299.6076,301.3076,296.70758,305.9076,306.6076,305.6076,302.20758,300.8076,304.3076,302.0076,303.3076,303.0076,302.9076,300.4076,302.6076,301.70758,304.70758,302.3076,302.4076,302.6076,302.3076,301.6076,300.20758,300.70758,302.3076,303.4076,303.4076,304.20758,303.4076,304.5076,303.9076,306.1076,307.5076,302.70758,299.3076,297.0076,294.8076,297.8076,304.3076
297.0076,298.70758,300.20758,300.4076,302.5076,302.8076,295.9076,293.5076,298.1076,298.3076,291.4076,296.5076,299.8076,298.9076,299.9076,299.3076,301.8076,299.4076,298.20758,298.8076,298.1076,299.5076,300.3076,300.8076,300.3076,298.1076,298.4076,301.20758,299.0076,299.9076,298.5076,300.3076,298.5076,295.9076,297.3076,302.0076,303.5076,273.1076,301.0076,300.5076,300.9076
296.0076,297.1076,299.5076,302.3076,300.5076,301.0076,300.70758,299.3076,295.1076,291.20758,295.70758,298.0076,297.9076,297.9076,297.0076,298.70758,299.4076,300.0076,298.70758,298.4076,295.9076,297.9076,298.70758,297.9076,297.6076,297.8076,295.9076,296.4076,296.4076,295.5076,296.0076,296.3076,299.5076,298.0076,298.3076,296.20758,300.0076,295.70758,273.20758,275.9076,277.5076
295.9076,296.3076,297.3076,299.1076,298.5076,299.9076,299.1076,298.8076,298.4076,297.20758,296.4076,296.8076,296.6076,296.8076,295.4076,297.20758,297.9076,298.8076,297.0076,297.8076,297.4076,298.70758,300.0076,298.4076,299.3076,298.20758,298.6076,298.5076,297.1076,297.1076,298.20758,301.1076,301.4076,299.3076,298.0076,298.20758,295.5076,295.8076,279.4076,291.5076,285.4076
296.4076,294.3076,297.70758,298.70758,298.0076,297.6076,297.3076,297.5076,296.1076,296.6076,294.20758,295.70758,297.20758,295.6076,297.6076,297.0076,297.70758,298.4076,298.20758,298.0076,299.20758,299.20758,299.4076,299.0076,298.9076,299.1076,297.1076,300.3076,301.0076,302.70758,303.3076,301.9076,300.5076,299.1076,298.9076,296.5076,290.3076,286.3076,290.1076,279.1076,277.0076
293.6076,295.20758,296.6076,296.4076,295.9076,296.0076,296.6076,294.8076,296.20758,295.6076,292.70758,292.9076,296.70758,296.4076,297.4076,297.5076,298.3076,298.8076,298.8076,298.4076,295.4076,297.3076,296.5076,297.6076,297.6076,300.0076,300.20758,302.20758,302.20758,301.70758,300.3076,300.6076,299.6076,298.3076,297.0076,295.6076,287.6076,284.9076,283.1076,282.1076,281.6076
291.6076,294.6076,296.3076,296.4076,296.6076,296.5076,297.0076,297.9076,298.1076,295.6076,293.4076,292.1076,296.0076,295.5076,297.9076,296.6076,297.9076,298.20758,298.0076,296.8076,298.70758,297.9076,297.6076,297.9076,298.6076,299.3076,301.6076,300.1076,299.8076,300.3076,300.1076,300.20758,299.5076,297.6076,296.0076,294.0076,292.3076,291.20758,292.0076,291.3076,288.3076
293.3076,293.6076,282.6076,294.4076,294.8076,294.9076,296.3076,295.3076,297.5076,297.4076,294.5076,292.5076,294.6076,295.8076,298.20758,299.1076,299.3076,299.3076,299.5076,299.4076,299.4076,300.3076,300.70758,300.3076,299.3076,300.1076,299.5076,298.9076,297.3076,298.1076,297.20758,295.6076,294.0076,290.8076,290.4076,287.9076,287.4076,287.70758,288.3076,285.3076,287.9076
294.6076,293.6076,273.4076,294.4076,295.1076,295.20758,296.1076,296.3076,297.3076,296.70758,296.5076,297.0076,295.6076,296.1076,298.0076,300.20758,299.9076,299.9076,302.5076,300.3076,300.4076,300.1076,299.3076,298.0076,298.70758,298.20758,299.4076,297.3076,298.1076,297.3076,293.4076,286.20758,293.8076,291.6076,287.70758,284.3076,284.0076,282.5076,278.1076,281.4076,282.4076
