wind_kz.json
{"header": {"discipline":0,"disciplineName":"Meteorological products","gribEdition":2,"gribLength":1025,"center":7,"centerName":"US National Weather Service - NCEP(WMC)","subcenter":0,"refTime":"2023-08-24T06:00:00.000Z","significanceOfRT":1,"significanceOfRTName":"Start of forecast","productStatus":0,"productStatusName":"Operational products","productType":1,"productTypeName":"Forecast products","productDefinitionTemplate":0,"productDefinitionTemplateName":"Analysis/forecast at horizontal level/layer at a point in time","parameterCategory":2,"parameterCategoryName":"UnknownDiscipline_0_Category_2","parameterNumber":2,"parameterNumberName":"UnknownParameter_D0_C2_2","parameterUnit":"Unknown","genProcessType":2,"genProcessTypeName":"Forecast","forecastTime":240,"surface1Type":103,"surface1TypeName":"Specified height level above ground","surface1Value":10.0,"surface2Type":255,"surface2TypeName":"Missing","surface2Value":0.0,"gridDefinitionTemplate":0,"gridDefinitionTemplateName":"Latitude_Longitude","numberPoints":615,"shape":6,"shapeName":"Earth spherical with radius of 6,371,229.0 m","gridUnits":"degrees","resolution":48,"winds":"true","scanMode":64,"nx":41,"ny":15,"basicAngle":0,"lo1":47.0,"la1":41.0,"lo2":87.0,"la2":55.0,"dx":1.0,"dy":1.0}, "data":
[rows 0 to 14 of 15, columns 0 to 40 of 41]
0.7341461,1.3041462,-1.7158539,-3.675854,-2.5558538,-3.0758538,-5.1958537,-6.145854,-6.525854,-4.9258537,-4.9858537,-5.315854,-5.105854,-4.6558537,-4.245854,-4.385854,-4.1758537,-6.9058537,-5.585854,-3.475854,1.0141461,2.564146,1.4541461,2.554146,-1.1358539,0.44414613,2.794146,1.7041461,-0.9958539,-0.4758539,-1.0558538,1.4141461,3.774146,2.494146,-6.435854,-3.155854,-3.8758538,-2.8558538,-4.555854,-1.7458539,-1.0458539
1.5341461,-2.8558538,-5.1558537,-4.795854,-3.5658538,-2.945854,-3.175854,-2.725854,-3.8358538,-4.165854,-4.325854,-4.955854,-4.365854,-4.9458537,-4.9458537,-5.455854,-5.185854,-5.455854,-3.1058538,-1.1858538,-3.645854,-3.005854,-0.14585388,2.8741462,0.7241461,-0.16585389,1.2941461,-0.105853885,2.8741462,1.4141461,0.08414612,0.03414612,-0.16585389,1.3341461,0.3941461,3.7041461,0.5441461,-0.43585387,3.9341462,-2.485854,-1.3858539
-4.105854,-6.6758537,-5.285854,-3.5458539,-2.645854,-2.3758538,-0.22585388,-1.9258538,-3.3558538,-2.685854,-2.235854,-3.665854,-4.145854,-4.825854,-4.765854,-4.725854,-5.055854,-4.415854,-3.8158538,-3.6358538,-4.895854,-9.185854,-6.835854,-7.325854,-1.2858539,-2.265854,-2.015854,0.52414614,3.9341462,-0.3858539,1.2941461,-2.185854,-1.2258539,-1.6458539,-2.255854,-0.46585387,0.20414612,-0.6358539,0.71414614,-1.7258539,-0.8958539
-7.665854,-6.575854,-4.795854,-3.0658538,-0.5158539,0.96414614,2.284146,1.8441461,0.47414613,-0.3158539,-1.6858538,-1.7458539,-3.3058538,-2.515854,-3.8858538,-4.9458537,-4.4458537,-4.415854,-4.705854,-6.055854,-6.725854,-8.265854,-4.455854,-6.745854,-6.315854,-5.935854,-5.7558537,-7.885854,-5.495854,-2.3758538,0.2741461,-0.96585387,-1.9858539,-2.905854,-3.7958539,-2.2758539,0.83414614,0.96414614,-1.6658539,-3.5758538,-4.015854
-6.595854,-5.6558537,-4.595854,-3.3658538,-0.7758539,-0.12585388,1.2441461,3.504146,0.7941461,0.7241461,0.17414612,-0.2558539,0.21414612,-0.9858539,-1.9458538,-3.215854,-3.6358538,-4.205854,-4.4458537,-4.9058537,-5.705854,-6.225854,-5.885854,-5.6558537,-5.555854,-6.535854,-7.625854,-4.4858537,-4.995854,-4.495854,-3.905854,-2.155854,2.544146,1.5341461,-2.5458539,-2.475854,-2.5958538,-4.6758537,-4.125854,-3.8458538,-3.165854
-3.8058538,-3.1258538,-3.0758538,-2.475854,-1.1958538,0.3941461,0.08414612,0.9241461,0.47414613,0.83414614,0.9141461,1.3341461,0.11414612,-0.33585387,1.1741462,-0.26585388,-1.4058539,-2.435854,-3.425854,-3.265854,-3.8258538,-3.985854,-4.885854,-5.385854,-5.845854,-6.6758537,-7.085854,-3.8258538,-5.915854,-5.075854,-5.275854,-3.215854,-3.0858538,-2.7958539,-1.7758539,0.7341461,-0.49585387,-2.6158538,-1.9758539,-0.075853884,0.9441461
-1.7058539,-1.0558538,-0.27585387,0.004146118,0.65414613,1.3141462,1.4141461,-0.60585386,1.6041461,1.1141461,0.8141461,1.1841462,1.0141461,1.1241461,1.0541462,1.1441461,0.8141461,-0.005853882,-0.96585387,-2.5958538,-2.705854,-2.155854,-1.5058539,-2.425854,-3.0958538,-3.455854,-4.055854,-4.135854,-3.2958539,-2.975854,-4.375854,-5.825854,-3.675854,-1.6758538,-2.0858538,-0.46585387,-0.6958539,-2.725854,2.254146,-0.66585386,1.1941462
-0.3858539,-0.45585388,0.78414613,0.9441461,0.3741461,0.5741461,0.5541461,0.7341461,1.8241462,0.8241461,0.7941461,2.3841462,1.9241462,2.494146,2.3741462,2.744146,2.754146,2.234146,0.70414615,0.90414613,-1.2858539,-1.1558539,-1.2958539,-0.3558539,0.014146118,-1.0058539,-2.1058538,-1.7958539,-2.8658538,-3.3658538,-4.115854,-3.975854,-4.555854,-4.895854,-4.325854,-2.415854,-1.1558539,2.274146,4.254146,2.8841462,3.1941462
-0.66585386,-0.105853885,-0.6458539,1.7341461,2.014146,2.074146,1.1041461,0.8041461,1.0441461,2.1241462,2.304146,2.9241462,4.0541463,3.4441462,2.6541462,1.8241462,2.8641462,2.764146,2.984146,2.6941462,3.324146,2.244146,1.7341461,0.47414613,-0.22585388,0.5441461,0.9941461,0.6241461,-1.1058539,-0.9258539,-2.265854,-3.155854,-3.0258539,-1.9158539,-1.3258538,1.0441461,-1.2558539,-1.5258539,0.6841461,-0.71585387,1.0241461
0.4341461,1.0341461,0.29414612,0.6141461,3.284146,4.174146,3.8741462,2.854146,1.8841461,2.844146,2.844146,3.3641462,4.424146,3.6541462,4.0141463,4.0141463,4.274146,3.814146,3.334146,3.854146,4.794146,4.0941463,2.734146,2.4141462,2.3641462,3.084146,3.054146,3.6841462,3.1441462,1.8141462,0.7341461,-0.3758539,-0.72585386,-1.3558539,-0.8158539,-0.14585388,1.4541461,0.31414613,0.9741461,-0.7058539,-0.16585389
2.4741461,2.794146,2.754146,2.6741462,2.9341462,2.604146,5.0141463,5.444146,4.904146,4.774146,4.194146,4.584146,4.524146,5.0141463,5.0741463,5.3441463,4.644146,5.004146,4.334146,4.0541463,4.894146,4.8041463,4.044146,4.164146,3.7241461,3.354146,3.284146,2.6641462,2.6141462,0.64414614,-0.46585387,-1.3458539,-0.2858539,0.12414612,-1.1758538,-0.21585388,0.7441461,-0.39585388,0.29414612,-1.1658539,0.8041461
3.7241461,3.7041461,4.704146,4.734146,4.584146,4.5941463,4.584146,4.524146,5.644146,4.924146,5.434146,7.144146,6.374146,5.954146,6.414146,6.214146,6.374146,6.544146,4.364146,5.604146,5.814146,4.7641463,4.624146,3.9741461,4.634146,4.794146,4.3041463,3.4441462,2.294146,0.4041461,-0.3458539,-0.17585388,0.07414612,0.5641461,-0.12585388,-0.11585388,0.9141461,0.90414613,-0.19585389,0.3341461,-0.105853885
3.824146,5.864146,5.7841463,5.894146,5.8041463,4.5341463,5.604146,6.2841463,7.294146,4.974146,1.7941461,5.274146,7.314146,6.444146,6.964146,5.944146,5.114146,4.734146,3.054146,4.0541463,4.064146,4.814146,4.894146,5.204146,5.9941463,5.674146,4.7441463,3.8941462,3.514146,2.6341462,2.1241462,1.6241461,1.4141461,1.8141462,1.4541461,1.7141461,1.6541461,1.4641461,2.6141462,2.074146,2.294146
4.874146,6.384146,7.774146,7.0941463,8.224146,6.704146,6.384146,6.564146,6.4941463,5.334146,3.1941462,3.604146,7.0741463,5.224146,5.2641463,4.814146,4.544146,4.834146,4.794146,4.9941463,4.814146,4.584146,5.5141463,5.634146,5.974146,4.704146,3.494146,4.084146,4.274146,4.854146,4.4941463,4.174146,2.9341462,3.014146,2.1741462,2.6141462,1.8041462,2.1941462,2.524146,2.2041461,1.5041461
2.4141462,5.2841463,8.494146,7.334146,7.924146,5.934146,6.964146,7.224146,7.3441463,5.5941463,3.004146,4.874146,3.4241462,4.274146,5.384146,4.654146,3.4041462,5.954146,4.274146,4.404146,2.7241461,4.5341463,5.254146,4.7641463,4.894146,4.224146,4.604146,4.504146,4.3241463,5.0741463,3.774146,3.6941462,5.024146,3.354146,3.4341462,2.1841462,1.1541461,3.324146,3.034146,3.264146,2.254146
