wind_kz.json
{"header": {"discipline":0,"disciplineName":"Meteorological products","gribEdition":2,"gribLength":1102,"center":7,"centerName":"US National Weather Service - NCEP(WMC)","subcenter":0,"refTime":"2023-10-05T12:00:00.000Z","significanceOfRT":1,"significanceOfRTName":"Start of forecast","productStatus":0,"productStatusName":"Operational products","productType":1,"productTypeName":"Forecast products","productDefinitionTemplate":0,"productDefinitionTemplateName":"Analysis/forecast at horizontal level/layer at a point in time","parameterCategory":2,"parameterCategoryName":"UnknownDiscipline_0_Category_2","parameterNumber":3,"parameterNumberName":"UnknownParameter_D0_C2_3","parameterUnit":"Unknown","genProcessType":2,"genProcessTypeName":"Forecast","forecastTime":120,"surface1Type":103,"surface1TypeName":"Specified height level above ground","surface1Value":10.0,"surface2Type":255,"surface2TypeName":"Missing","surface2Value":0.0,"gridDefinitionTemplate":0,"gridDefinitionTemplateName":"Latitude_Longitude","numberPoints":615,"shape":6,"shapeName":"Earth spherical with radius of 6,371,229.0 m","gridUnits":"degrees","resolution":48,"winds":"true","scanMode":64,"nx":41,"ny":15,"basicAngle":0,"lo1":47.0,"la1":41.0,"lo2":87.0,"la2":55.0,"dx":1.0,"dy":1.0}, "data":
[rows 0 to 14 of 15, columns 0 to 40 of 41]
-0.65760255,2.1123974,-2.1476026,-11.907602,-13.2076025,-12.247602,-10.757603,-10.157602,-6.2976027,-5.0876026,-3.1376026,-0.27760255,-1.0876025,3.8323975,4.0523973,3.8023975,3.5623975,3.1423974,1.6223974,-0.89760256,-0.42760253,-2.5076025,-2.0176024,1.6423974,2.0023975,1.5523975,0.54239744,-0.82760257,-1.5376025,-1.9576025,-1.0976025,-3.4476025,1.0223975,-0.49760255,1.9123975,-0.6876025,0.38239747,1.3623974,1.8923974,1.0423975,0.9423975
0.70239747,-1.1876025,-8.747602,-11.837603,-10.667603,-10.697602,-10.517603,-11.017603,-8.697602,-8.327602,-5.6976027,-3.1076026,1.0923975,4.5923977,5.3023973,4.572397,3.8623974,3.0223975,3.6123974,1.3223975,2.1123974,-1.2576026,-2.8076026,-1.8376025,2.0023975,-1.8576026,0.34239745,-0.03760254,-0.047602538,-1.5776025,0.11239746,-0.88760257,-2.0076025,-3.5376024,-1.8876026,2.6223974,1.0623975,1.4023975,-0.03760254,0.59239745,2.0723975
-2.5376024,-2.8576026,-6.6176023,-7.7476025,-7.0076027,-8.097603,-8.937603,-11.217603,-11.237602,-10.147602,-8.727603,-6.5576024,-3.3976026,4.0523973,4.1423974,4.5623975,4.3523974,3.6423974,3.5423975,2.6523974,1.0123974,-0.72760254,-1.3976026,-0.24760254,-1.1176026,-0.20760255,-1.2476026,-1.1276026,0.102397464,-0.7476025,0.60239744,-0.22760254,-1.4676025,-1.8676026,-1.2676026,-0.15760253,-0.90760255,-3.6176026,-0.79760253,1.3123975,1.4223975
-2.8876026,-5.9076023,-5.4076023,-6.4576025,-8.297603,-7.1076026,-6.5976024,-8.257603,-9.857602,-10.527602,-9.297603,-7.0076027,-7.4976025,-6.0176024,2.5223975,5.2623973,3.1523974,2.1923974,2.4923975,2.1023974,2.6123974,1.4223975,-0.97760254,0.7523975,0.5723975,0.02239746,-2.9776025,-3.5776026,-1.7876025,-2.5476027,-1.2476026,0.15239745,1.9023975,0.06239746,-0.95760256,0.31239745,-1.3476025,0.98239744,-1.5976025,-0.10760254,1.5723975
-2.8976026,-3.3176026,-4.0476027,-4.7276025,-4.7976027,-6.177603,-5.3076024,-5.6376023,-7.2376027,-9.757603,-9.137603,-8.287602,-5.9176025,-2.9276025,0.65239745,4.1723976,4.3523974,3.7423975,3.4123974,2.8423975,-0.13760254,2.7123976,1.8523974,1.8723974,1.6423974,0.6823975,-0.97760254,-0.9976025,-1.5576025,-2.7376025,-3.6576025,-4.5676026,1.0123974,1.2023975,0.61239743,2.1323974,1.4323975,2.2923975,2.6923974,2.4523973,1.1923975
-2.1476026,-2.3976026,-2.7876024,-2.4676025,-4.6476026,-5.3976026,-5.0176024,-4.5076027,-5.0876026,-6.4076023,-7.9576025,-8.727603,-8.627603,-1.8076025,5.9023976,4.1823974,6.8023973,5.8923974,4.5223975,3.8723974,3.9823976,3.8423975,3.1023974,2.5523975,2.2223976,2.1723974,-0.7476025,-4.1076026,-0.17760254,-1.8476025,-3.8476026,-3.2976027,-2.6576025,-3.3576026,0.61239743,-1.1776025,0.52239746,1.3423975,0.53239745,2.2923975,-0.26760253
0.43239745,-2.1176026,-1.8476025,-2.3976026,-2.8576026,-3.2276025,-4.0076027,-4.9876027,-4.2976027,-5.3276024,-7.5176024,-7.0176024,-7.6276026,-6.0576024,5.7523975,4.7923975,6.7323976,6.822397,6.0423975,5.6923976,4.8123975,4.3623977,4.0223975,4.0923977,4.2423973,3.8123975,2.8123975,2.9823976,2.9123974,1.7923975,0.26239747,-1.0276026,-1.0476025,-0.05760254,-0.30760252,0.32239747,0.27239746,-1.0776025,-0.05760254,-0.14760254,-1.8576026
1.1323974,0.9323975,-0.8776025,-1.7376026,-1.4476025,-2.9176025,-3.0676026,-3.3176026,-4.6176023,-4.1376023,-5.9876027,-6.7576027,-7.3776026,-7.5976024,-3.6676025,6.9723973,6.7423973,7.3623977,7.072397,7.1023974,6.6823974,5.2123976,4.1023974,4.0923977,4.4123974,4.6123977,4.3923974,3.0723975,1.9623975,1.3423975,0.71239746,0.27239746,0.85239744,-1.8576026,-0.10760254,0.15239745,-1.5876025,1.2123975,-0.43760255,0.11239746,-0.8176025
1.4923974,2.1323974,1.9923974,0.25239745,-0.7476025,-1.1276026,-1.6576025,-2.1576025,-3.2576025,-4.4376025,-4.3476024,-6.0576024,-6.6976027,-7.1876025,-7.3176026,3.0823975,7.1823974,7.6923976,7.7423973,7.4323974,6.3923974,6.1123977,5.8823977,4.9223976,4.6523976,3.6023974,3.9423974,3.0723975,2.4323974,2.6723974,2.5023975,2.1923974,0.91239744,0.37239745,2.0623975,2.2923975,1.2223974,0.07239746,0.67239743,-0.8076025,-0.85760254
1.0423975,3.1523974,2.8523974,2.2923975,0.72239745,-0.28760254,-0.9476025,-1.7176025,-2.2476025,-3.3676026,-4.2976027,-4.5776024,-5.8076024,-6.6876025,-7.4876027,-5.4576025,5.9023976,7.4423976,7.5523973,6.8823977,6.5423975,6.4523973,5.5123973,5.3723974,4.6323977,3.9123974,3.7823975,2.9423974,2.4123974,2.1123974,1.9923974,2.4423974,2.2523975,2.4923975,2.1123974,-0.15760253,-0.23760253,0.39239746,0.86239743,0.16239746,-0.34760255
-2.0276024,3.1023974,3.3123975,3.8323975,2.1523974,1.0423975,0.22239746,-0.6176025,-1.4276025,-1.7676026,-2.5376024,-2.9676025,-3.6476026,-4.7176027,-5.4176025,-6.6276026,-5.9876027,4.5323973,7.2023973,8.032397,6.6523976,5.5123973,5.6423974,5.8323975,5.1423974,4.8523974,4.0923977,3.5423975,3.0323975,3.0223975,2.8923974,3.3123975,3.5423975,2.7523975,3.2323976,1.8523974,0.22239746,-0.58760256,-0.58760256,-1.0476025,-0.15760253
1.9223975,0.30239746,0.6923975,2.9323974,3.7823975,2.4723976,1.4223975,0.6923975,0.31239745,-0.46760255,-1.3176025,-2.0076025,-1.8676026,-1.5976025,-1.6176026,-4.3876023,-6.1576023,-7.2176027,5.0423975,6.8623977,7.072397,5.9923973,4.1523976,4.5923977,4.8523974,5.2723975,4.5123973,4.0123973,3.6323974,3.7923975,3.5823975,3.9323974,2.7623975,2.5723975,2.3423975,1.7823975,-0.59760255,-0.71760255,-0.13760254,-0.38760254,-0.30760252
0.24239746,0.102397464,3.8123975,1.8823974,1.4923974,1.7323974,1.9223975,2.4423974,2.0523975,0.86239743,0.19239746,-0.9276025,-2.2076025,-0.63760257,-1.1176026,-0.007602539,-2.7076025,-6.1276026,-5.8276024,4.4323974,6.3823977,6.5223975,5.9523973,6.0223975,5.4523973,5.5523973,5.0823975,3.8923974,4.3423977,4.0323973,4.3623977,4.0623975,3.7323976,3.5623975,2.0123975,2.8823974,2.4423974,0.32239747,1.5023974,0.36239746,-0.79760253
1.5523975,0.11239746,0.5023975,1.5223975,2.3723974,3.4623976,4.0023975,3.2823975,2.8723974,2.0523975,1.2323974,0.95239747,-0.017602539,-1.3676026,0.78239745,2.5123975,0.96239746,-0.10760254,-4.4576025,-5.4176025,1.2023975,5.6023974,5.572397,6.0423975,4.3023973,5.7423973,5.7323976,5.4823976,4.6923976,4.3423977,4.4323974,4.4923973,4.072397,4.1123977,2.8423975,3.1223974,2.2923975,1.8923974,1.5823975,1.1923975,0.86239743
0.28239745,0.46239746,1.6123974,4.1223974,4.5523973,3.1223974,1.8723974,2.4723976,3.4223974,3.4123974,2.9423974,2.6823974,1.4123975,0.37239745,-1.8776026,1.8023975,3.6123974,2.3323975,1.9623975,-1.3076025,-3.1576025,-1.0276026,2.5023975,3.8923974,4.7023973,4.4423976,4.7623973,5.2523975,6.072397,5.4823976,5.4623976,5.9823976,4.9823976,4.8023973,4.7023973,3.7523975,3.4123974,2.8323975,2.5823975,2.4423974,1.3123975
