wind_kz.json
{"header": {"discipline":0,"disciplineName":"Meteorological products","gribEdition":2,"gribLength":794,"center":7,"centerName":"US National Weather Service - NCEP(WMC)","subcenter":0,"refTime":"2023-10-03T18:00:00.000Z","significanceOfRT":1,"significanceOfRTName":"Start of forecast","productStatus":0,"productStatusName":"Operational products","productType":1,"productTypeName":"Forecast products","productDefinitionTemplate":0,"productDefinitionTemplateName":"Analysis/forecast at horizontal level/layer at a point in time","parameterCategory":2,"parameterCategoryName":"UnknownDiscipline_0_Category_2","parameterNumber":3,"parameterNumberName":"UnknownParameter_D0_C2_3","parameterUnit":"Unknown","genProcessType":2,"genProcessTypeName":"Forecast","forecastTime":180,"surface1Type":103,"surface1TypeName":"Specified height level above ground","surface1Value":10.0,"surface2Type":255,"surface2TypeName":"Missing","surface2Value":0.0,"gridDefinitionTemplate":0,"gridDefinitionTemplateName":"Latitude_Longitude","numberPoints":615,"shape":6,"shapeName":"Earth spherical with radius of 6,371,229.0 m","gridUnits":"degrees","resolution":48,"winds":"true","scanMode":64,"nx":41,"ny":15,"basicAngle":0,"lo1":47.0,"la1":41.0,"lo2":87.0,"la2":55.0,"dx":1.0,"dy":1.0}, "data":
[rows 0 to 14 of 15, columns 0 to 40 of 41]
2.8682342,0.96823424,-1.1317657,-2.4317658,-4.3317657,-4.7317657,-4.4317656,-1.9317658,-2.9317658,-4.9317656,-6.531766,-6.631766,-7.3317657,-7.8317657,-7.3317657,-6.631766,-5.8317657,-1.9317658,1.2682343,-0.031765748,0.16823426,0.06823425,1.0682342,0.56823426,1.8682343,0.46823424,0.56823426,-0.73176575,0.06823425,2.1682343,1.8682343,1.7682343,-0.53176576,-0.53176576,0.8682343,2.7682343,2.8682342,1.4682343,0.56823426,1.1682342,0.26823425
4.368234,-0.13176575,-0.93176574,-1.9317658,-3.9317658,-4.2317657,-2.9317658,-3.7317657,-2.7317657,-3.7317657,-5.3317657,-7.031766,-6.8317657,-7.7317657,-8.631765,-8.031766,-6.3317657,-2.3317657,-2.0317657,1.3682343,1.4682343,1.7682343,-0.13176575,0.36823425,2.1682343,2.7682343,2.7682343,1.6682342,2.0682342,1.9682343,1.0682342,1.5682342,1.2682343,0.16823426,2.0682342,2.1682343,2.0682342,2.5682342,1.4682343,1.9682343,0.16823426
2.0682342,1.3682343,-1.9317658,0.26823425,-1.1317657,-2.0317657,-2.9317658,-3.5317657,-3.7317657,-3.8317657,-5.131766,-5.4317656,-7.631766,-8.531766,-8.131765,-7.7317657,-6.9317656,-5.7317657,-5.131766,-0.53176576,1.8682343,2.1682343,1.5682342,1.7682343,-1.4317658,-2.0317657,-1.6317657,-2.6317658,0.06823425,-0.23176575,-0.13176575,2.1682343,0.36823425,0.56823426,1.2682343,-1.5317657,-0.33176574,2.7682343,-1.1317657,3.4682343,2.2682343
1.8682343,1.5682342,0.76823425,-1.9317658,1.3682343,-1.1317657,-0.23176575,-3.3317657,-5.031766,-4.8317657,-4.531766,-5.3317657,-6.9317656,-9.431766,-8.931766,-8.031766,-7.531766,-6.8317657,-6.8317657,-1.9317658,4.5682344,4.5682344,0.8682343,1.6682342,-0.13176575,-0.13176575,0.06823425,0.76823425,-1.9317658,-1.1317657,4.868234,1.7682343,0.06823425,0.06823425,1.8682343,2.5682342,2.8682342,2.3682342,-2.5317657,-1.3317658,0.76823425
1.6682342,-1.0317657,-1.0317657,-0.43176574,-0.73176575,-0.53176576,2.2682343,-0.6317657,-3.8317657,-4.031766,-4.8317657,-5.2317657,-7.3317657,-8.531766,-8.731766,-7.7317657,-9.331766,-7.3317657,-6.8317657,-5.531766,2.5682342,0.96823424,1.9682343,1.8682343,0.46823424,-0.53176576,4.2682343,1.6682342,0.76823425,2.1682343,6.968234,-0.031765748,0.96823424,-1.2317657,0.6682342,1.1682342,2.8682342,0.46823424,-1.9317658,-0.93176574,2.2682343
2.8682342,1.8682343,1.1682342,0.8682343,-0.031765748,-1.1317657,2.2682343,0.16823426,-2.3317657,-2.7317657,-3.7317657,-4.4317656,-5.8317657,-6.9317656,-8.231766,-7.531766,-8.831766,-8.431766,-9.831766,-7.2317657,-1.5317657,2.4682343,3.1682343,3.4682343,0.96823424,0.8682343,0.8682343,1.8682343,2.9682343,2.2682343,1.5682342,0.96823424,1.2682343,-0.13176575,-1.8317658,12.168234,-1.7317657,4.6682343,-1.4317658,0.06823425,1.8682343
4.1682343,3.7682343,3.3682342,2.4682343,1.2682343,-0.43176574,-1.0317657,1.8682343,-0.53176576,-1.5317657,-2.7317657,-3.5317657,-4.3317657,-5.631766,-6.531766,-7.2317657,-7.3317657,-7.531766,-7.8317657,-7.4317656,-4.4317656,0.46823424,3.9682343,4.2682343,2.2682343,1.1682342,2.7682343,3.0682342,2.8682342,2.3682342,1.3682343,1.7682343,2.9682343,5.0682344,4.468234,3.4682343,4.368234,3.8682342,4.368234,4.2682343,2.0682342
4.2682343,5.2682343,4.5682344,4.0682344,3.2682343,1.5682342,-0.23176575,1.3682343,1.1682342,-1.2317657,-1.4317658,-2.4317658,-2.9317658,-4.4317656,-5.4317656,-6.131766,-7.031766,-7.4317656,-7.3317657,-7.7317657,-6.4317656,-5.531766,1.0682342,2.8682342,3.4682343,4.5682344,5.968234,4.868234,3.1682343,2.1682343,2.0682342,3.8682342,6.968234,8.868235,2.3682342,-0.53176576,0.26823425,2.8682342,0.26823425,1.8682343,3.8682342
5.1682343,5.1682343,5.5682344,5.2682343,3.9682343,3.3682342,2.4682343,1.3682343,1.7682343,0.46823424,-0.33176574,-1.7317657,-3.0317657,-3.7317657,-4.7317657,-5.4317656,-6.131766,-6.631766,-7.131766,-6.4317656,-6.2317657,-6.3317657,-5.4317656,-0.8317658,3.0682342,4.2682343,5.7682343,6.968234,5.7682343,4.468234,5.6682343,7.7682343,7.868234,3.9682343,5.868234,7.1682343,3.0682342,3.6682343,3.4682343,2.5682342,2.1682343
5.968234,4.968234,5.0682344,5.0682344,4.1682343,4.468234,4.2682343,2.9682343,2.2682343,1.5682342,1.0682342,-0.23176575,-1.7317657,-3.3317657,-4.2317657,-4.8317657,-5.531766,-6.131766,-6.3317657,-6.531766,-4.8317657,-5.9317656,-6.4317656,-4.7317657,1.5682342,2.8682342,5.0682344,6.368234,5.7682343,5.968234,7.2682343,7.5682344,5.868234,5.1682343,5.7682343,2.8682342,3.7682343,1.7682343,1.4682343,1.5682342,2.7682343
5.5682344,5.468234,5.368234,4.6682343,4.0682344,5.1682343,5.1682343,3.9682343,2.2682343,1.5682342,1.9682343,0.36823425,-0.93176574,-1.3317658,-2.9317658,-3.6317658,-4.7317657,-5.031766,-5.8317657,-6.131766,-6.631766,-5.4317656,-6.2317657,-6.9317656,-2.0317657,2.6682343,4.1682343,5.5682344,6.468234,5.0682344,6.1682343,5.968234,7.368234,6.368234,7.7682343,5.2682343,2.6682343,1.9682343,2.8682342,2.0682342,1.6682342
4.968234,5.2682343,5.6682343,5.468234,5.5682344,4.6682343,4.7682343,3.6682343,1.9682343,2.2682343,2.3682342,1.2682343,0.6682342,-0.43176574,-1.3317658,-2.3317657,-3.1317658,-3.9317658,-3.6317658,-4.631766,-5.631766,-6.031766,-5.2317657,-4.631766,-4.631766,-5.031766,-0.33176574,2.7682343,4.368234,5.868234,5.968234,6.968234,6.0682344,6.6682343,5.7682343,5.7682343,5.1682343,2.3682342,1.4682343,1.7682343,0.26823425
5.1682343,6.1682343,5.968234,5.7682343,5.368234,4.1682343,4.468234,4.2682343,3.7682343,2.5682342,1.6682342,0.96823424,1.2682343,0.8682343,0.06823425,-0.6317657,-1.0317657,-2.1317658,-2.7317657,-2.9317658,-3.7317657,-4.3317657,-4.131766,-4.631766,-5.131766,-5.8317657,-5.4317656,-4.7317657,1.8682343,4.0682344,6.5682344,7.368234,7.2682343,6.868234,6.5682344,6.7682343,5.7682343,2.8682342,4.368234,3.7682343,1.8682343
5.2682343,5.368234,6.468234,5.868234,5.368234,5.7682343,5.1682343,4.7682343,4.2682343,3.7682343,2.3682342,1.0682342,1.1682342,1.5682342,0.96823424,0.56823426,0.26823425,0.16823426,-1.2317657,-1.9317658,-2.4317658,-2.5317657,-3.5317657,-3.8317657,-3.8317657,-2.8317657,-5.2317657,-4.531766,-1.4317658,3.7682343,5.7682343,6.968234,7.5682344,7.368234,5.868234,6.368234,5.468234,4.7682343,4.5682344,3.8682342,4.368234
4.2682343,5.6682343,7.5682344,5.7682343,6.0682344,5.368234,5.0682344,5.5682344,4.5682344,3.9682343,3.1682343,2.9682343,1.3682343,0.46823424,0.6682342,0.26823425,0.8682343,0.16823426,-0.23176575,-0.13176575,-0.43176574,-1.4317658,-1.8317658,-3.1317658,-2.9317658,-2.8317657,-1.7317657,-3.9317658,-3.4317658,1.1682342,5.2682343,6.7682343,6.5682344,7.1682343,7.368234,7.2682343,7.368234,7.1682343,6.1682343,5.5682344,3.2682343
