wind_kz.json
{"header": {"discipline":0,"disciplineName":"Meteorological products","gribEdition":2,"gribLength":871,"center":7,"centerName":"US National Weather Service - NCEP(WMC)","subcenter":0,"refTime":"2023-08-19T06:00:00.000Z","significanceOfRT":1,"significanceOfRTName":"Start of forecast","productStatus":0,"productStatusName":"Operational products","productType":1,"productTypeName":"Forecast products","productDefinitionTemplate":0,"productDefinitionTemplateName":"Analysis/forecast at horizontal level/layer at a point in time","parameterCategory":0,"parameterCategoryName":"UnknownDiscipline_0_Category_0","parameterNumber":0,"parameterNumberName":"UnknownParameter_D0_C0_0","parameterUnit":"Unknown","genProcessType":2,"genProcessTypeName":"Forecast","forecastTime":180,"surface1Type":1,"surface1TypeName":"Ground or water surface","surface1Value":0.0,"surface2Type":255,"surface2TypeName":"Missing","surface2Value":0.0,"gridDefinitionTemplate":0,"gridDefinitionTemplateName":"Latitude_Longitude","numberPoints":615,"shape":6,"shapeName":"Earth spherical with radius of 6,371,229.0 m","gridUnits":"degrees","resolution":48,"winds":"true","scanMode":64,"nx":41,"ny":15,"basicAngle":0,"lo1":47.0,"la1":41.0,"lo2":87.0,"la2":55.0,"dx":1.0,"dy":1.0}, "data":
[rows 0 to 14 of 15, columns 0 to 40 of 41]
294.70197,284.80194,285.60196,298.90195,298.50195,297.20197,295.10196,295.00195,293.60196,295.00195,294.60196,295.80194,296.60196,297.30194,296.60196,295.70197,296.50195,296.70197,296.10196,298.20197,297.20197,296.00195,297.30194,290.30194,296.00195,295.70197,292.20197,278.60196,278.00195,279.90195,278.80194,281.70197,290.80194,298.60196,299.00195,299.60196,299.20197,299.90195,298.40195,299.80194,298.00195
272.90195,285.80194,298.70197,298.90195,298.70197,297.20197,292.50195,292.80194,293.10196,292.80194,293.80194,293.70197,292.20197,291.70197,292.00195,291.60196,292.80194,291.90195,293.00195,293.30194,294.60196,295.70197,294.40195,285.50195,280.50195,281.40195,287.50195,278.90195,280.60196,276.40195,283.20197,275.20197,284.90195,262.50195,280.30194,295.80194,294.50195,297.60196,301.10196,293.00195,284.30194
288.50195,298.70197,299.20197,298.90195,297.00195,291.40195,292.50195,292.40195,291.60196,291.70197,291.10196,291.60196,288.70197,288.80194,290.30194,287.80194,289.60196,287.80194,289.40195,290.90195,293.90195,294.80194,295.00195,289.20197,293.90195,293.30194,295.10196,294.40195,291.50195,283.50195,276.20197,277.80194,283.60196,283.70197,286.30194,288.90195,279.30194,279.40195,281.10196,278.00195,278.00195
286.40195,299.20197,298.90195,298.20197,294.50195,289.50195,290.00195,290.00195,291.00195,290.90195,290.80194,290.10196,295.50195,294.80194,290.30194,287.00195,289.50195,291.40195,291.10196,290.60196,289.80194,288.50195,295.50195,297.10196,296.00195,295.80194,298.40195,295.20197,296.50195,295.50195,296.70197,294.00195,298.70197,293.90195,294.30194,292.90195,280.00195,279.50195,284.80194,293.80194,297.20197
291.40195,299.00195,298.80194,298.50195,295.70197,290.70197,290.80194,290.80194,290.40195,290.50195,289.80194,289.20197,295.70197,294.40195,291.80194,290.50195,290.90195,289.10196,288.10196,291.30194,292.60196,292.50195,294.20197,296.70197,295.30194,296.90195,296.20197,297.60196,296.40195,296.00195,302.50195,296.80194,284.20197,275.70197,287.30194,295.60196,297.00195,301.50195,301.00195,301.40195,300.60196
288.80194,287.00195,297.50195,297.80194,298.40195,298.30194,291.50195,286.80194,290.90195,292.50195,291.40195,291.30194,293.70197,294.80194,291.20197,288.20197,291.50195,289.60196,288.90195,290.40195,290.80194,291.90195,292.80194,293.80194,294.10196,293.20197,297.20197,293.70197,298.60196,301.00195,298.70197,301.70197,296.20197,293.60196,293.50195,294.70197,290.90195,293.60196,299.30194,299.90195,300.10196
288.40195,287.00195,291.10196,290.50195,292.90195,289.40195,290.50195,285.10196,291.10196,290.50195,286.60196,285.50195,287.50195,287.10196,286.60196,288.20197,288.30194,291.20197,288.40195,288.00195,287.70197,290.40195,291.80194,292.30194,291.90195,293.00195,294.90195,296.10196,296.30194,297.00195,296.80194,298.50195,298.60196,299.10196,297.00195,295.80194,291.80194,288.70197,284.40195,283.30194,296.60196
288.60196,288.00195,289.00195,288.40195,291.30194,292.30194,290.80194,286.70197,287.00195,286.90195,286.80194,284.60196,286.00195,286.90195,286.00195,286.90195,287.60196,289.60196,288.00195,286.00195,286.40195,287.50195,288.40195,290.10196,289.60196,288.30194,291.30194,293.20197,292.40195,295.10196,293.40195,293.90195,294.50195,293.80194,291.20197,295.40195,296.60196,289.30194,297.40195,296.50195,293.20197
287.30194,287.30194,288.10196,291.20197,290.90195,290.80194,288.90195,285.90195,284.00195,286.20197,284.40195,285.10196,283.10196,285.00195,285.70197,288.50195,288.10196,288.00195,287.70197,284.70197,283.80194,284.70197,285.40195,288.10196,287.70197,288.40195,286.40195,286.60196,288.20197,289.10196,291.00195,290.70197,291.90195,293.60196,294.20197,293.00195,294.50195,292.90195,281.50195,280.70197,277.60196
287.10196,288.80194,288.70197,290.40195,288.50195,286.40195,286.00195,285.80194,284.30194,285.10196,284.60196,284.30194,284.80194,284.80194,284.30194,283.70197,287.00195,285.90195,285.00195,284.60196,284.10196,284.30194,286.10196,286.70197,287.70197,288.00195,286.40195,289.10196,287.90195,290.90195,291.60196,292.70197,294.50195,295.10196,294.60196,292.50195,292.80194,290.30194,283.20197,284.50195,281.90195
285.50195,288.60196,288.70197,287.90195,288.40195,287.70197,286.40195,286.50195,284.90195,283.80194,283.50195,283.90195,284.70197,283.70197,282.40195,286.40195,285.90195,286.80194,286.10196,285.50195,284.60196,284.40195,285.90195,285.10196,285.30194,286.70197,287.10196,289.70197,291.50195,293.70197,295.80194,294.90195,294.40195,294.00195,295.40195,291.90195,289.60196,287.20197,285.10196,286.50195,284.30194
288.60196,288.10196,287.70197,287.70197,286.80194,285.50195,284.10196,285.30194,285.80194,283.50195,281.80194,281.80194,281.50195,281.80194,282.10196,285.10196,281.80194,286.40195,287.30194,284.20197,282.90195,282.90195,284.10196,285.00195,287.10196,288.80194,289.70197,291.40195,294.20197,293.40195,291.50195,292.60196,292.30194,290.30194,292.50195,294.30194,294.80194,294.10196,291.50195,289.60196,288.50195
286.70197,286.90195,286.10196,285.00195,285.40195,285.30194,284.40195,283.80194,283.10196,283.20197,280.70197,279.90195,281.30194,281.60196,281.70197,284.10196,280.70197,283.60196,283.10196,282.90195,283.20197,281.90195,282.10196,283.70197,287.20197,288.50195,288.90195,289.80194,291.00195,289.30194,289.60196,288.40195,288.90195,290.20197,290.60196,292.30194,292.30194,294.50195,292.20197,290.00195,290.00195
285.60196,286.20197,288.10196,284.80194,283.00195,282.70197,282.40195,281.90195,282.70197,282.20197,281.00195,279.50195,280.70197,281.30194,281.90195,283.10196,284.10196,280.90195,284.50195,284.30194,284.20197,283.10196,284.60196,286.00195,288.70197,289.30194,287.90195,287.50195,287.70197,286.90195,287.10196,286.90195,287.50195,287.40195,288.50195,291.20197,293.30194,293.40195,292.50195,292.20197,292.70197
282.70197,283.90195,291.00195,283.10196,282.60196,281.70197,281.60196,281.40195,282.60196,282.90195,282.20197,281.60196,280.40195,281.20197,281.50195,282.00195,282.90195,284.10196,282.70197,284.20197,284.80194,284.70197,284.90195,284.90195,285.80194,286.20197,284.50195,285.10196,285.70197,285.90195,286.10196,285.80194,286.50195,289.00195,289.10196,289.50195,291.50195,289.30194,290.70197,294.50195,292.90195
