wind_kz.json
{"header": {"discipline":0,"disciplineName":"Meteorological products","gribEdition":2,"gribLength":871,"center":7,"centerName":"US National Weather Service - NCEP(WMC)","subcenter":0,"refTime":"2023-08-07T06:00:00.000Z","significanceOfRT":1,"significanceOfRTName":"Start of forecast","productStatus":0,"productStatusName":"Operational products","productType":1,"productTypeName":"Forecast products","productDefinitionTemplate":0,"productDefinitionTemplateName":"Analysis/forecast at horizontal level/layer at a point in time","parameterCategory":0,"parameterCategoryName":"UnknownDiscipline_0_Category_0","parameterNumber":0,"parameterNumberName":"UnknownParameter_D0_C0_0","parameterUnit":"Unknown","genProcessType":2,"genProcessTypeName":"Forecast","forecastTime":60,"surface1Type":1,"surface1TypeName":"Ground or water surface","surface1Value":0.0,"surface2Type":255,"surface2TypeName":"Missing","surface2Value":0.0,"gridDefinitionTemplate":0,"gridDefinitionTemplateName":"Latitude_Longitude","numberPoints":615,"shape":6,"shapeName":"Earth spherical with radius of 6,371,229.0 m","gridUnits":"degrees","resolution":48,"winds":"true","scanMode":64,"nx":41,"ny":15,"basicAngle":0,"lo1":47.0,"la1":41.0,"lo2":87.0,"la2":55.0,"dx":1.0,"dy":1.0}, "data":
[rows 0 to 14 of 15, columns 0 to 40 of 41]
303.50494,291.20493,295.90494,298.10492,297.40494,296.80493,301.50494,307.60492,306.10492,307.50494,305.00494,305.50494,305.90494,305.40494,304.30493,301.20493,301.80493,303.00494,301.30493,303.60492,303.10492,299.10492,299.60492,293.00494,298.10492,298.50494,294.60492,279.20493,278.70493,279.90494,280.70493,284.00494,292.00494,298.60492,301.30493,301.40494,302.20493,302.70493,302.90494,303.10492,303.40494
281.30493,296.10492,298.00494,298.60492,298.50494,296.70493,304.40494,304.70493,304.10492,304.50494,305.80493,304.70493,302.50494,301.40494,300.80493,300.20493,301.10492,301.00494,299.40494,301.10492,299.60492,301.40494,298.20493,289.00494,279.40494,279.00494,288.90494,278.90494,282.50494,275.90494,282.70493,275.40494,284.30493,261.80493,280.30493,295.50494,295.20493,298.60492,302.80493,293.50494,284.50494
299.40494,298.10492,298.70493,299.10492,296.40494,303.70493,304.20493,304.80493,304.00494,303.30493,302.80493,303.20493,299.60492,299.90494,301.00494,298.90494,299.30493,299.50494,299.70493,304.60492,305.60492,300.90494,297.20493,293.40494,296.20493,295.60492,295.60492,294.90494,293.60492,285.20493,275.90494,277.40494,282.80493,281.90494,283.50494,284.80493,277.70493,279.50494,282.80493,280.20493,281.60492
298.00494,298.80493,299.00494,298.50494,299.00494,303.00494,303.50494,303.20493,303.70493,302.80493,302.20493,300.20493,296.60492,295.90494,298.40494,297.40494,300.50494,302.30493,303.60492,304.40494,303.80493,300.80493,302.30493,302.60492,299.10492,301.40494,302.20493,299.30493,298.80493,298.80493,298.30493,294.10492,296.70493,295.80493,294.00494,291.20493,276.70493,278.60492,284.30493,294.80493,298.30493
303.00494,299.50494,299.90494,299.90494,300.90494,303.00494,303.40494,304.50494,302.90494,302.50494,302.00494,300.80493,297.40494,296.30493,293.30493,301.70493,301.50494,300.60492,299.60492,301.60492,303.60492,303.80493,300.90494,302.70493,302.00494,302.60492,298.90494,297.90494,298.80493,300.50494,302.70493,296.90494,283.20493,273.90494,284.10492,294.80493,295.90494,300.80493,298.70493,298.90494,300.00494
304.60492,300.80493,299.60492,299.70493,299.70493,299.20493,302.70493,300.60492,303.00494,302.30493,301.90494,301.10492,296.70493,296.20493,296.60492,301.90494,300.80493,298.90494,300.10492,301.20493,301.70493,299.60492,300.80493,299.10492,303.50494,300.50494,301.00494,293.70493,298.00494,301.90494,299.80493,301.30493,296.80493,295.80493,292.90494,294.90494,287.40494,289.50494,296.10492,297.90494,297.30493
307.00494,305.10492,305.70493,305.50494,304.10492,302.40494,303.00494,300.80493,301.00494,300.80493,301.00494,300.30493,300.00494,300.40494,299.00494,302.80493,300.80493,302.50494,299.40494,297.60492,297.00494,297.90494,297.60492,298.70493,299.50494,299.70493,299.90494,300.80493,297.60492,298.50494,300.40494,298.00494,297.10492,298.80493,295.90494,291.60492,288.00494,285.00494,280.30493,279.80493,293.30493
304.10492,304.50494,307.00494,305.40494,304.70493,303.60492,301.60492,300.50494,298.90494,298.10492,297.30493,297.40494,298.40494,299.80493,301.50494,301.50494,302.60492,300.20493,300.70493,295.00494,294.00494,295.40494,295.10492,296.00494,297.70493,294.00494,296.90494,298.00494,296.00494,296.20493,296.30493,294.50494,293.40494,290.70493,289.90494,292.70493,292.20493,289.30493,291.00494,291.50494,286.70493
303.00494,303.60492,302.70493,300.90494,302.00494,300.50494,297.90494,298.60492,297.30493,295.10492,293.80493,293.80493,293.00494,295.30493,295.80493,296.80493,297.80493,297.90494,298.20493,299.10492,292.10492,293.40494,293.30493,295.60492,292.80493,295.70493,292.40494,290.80493,289.00494,287.80493,290.00494,290.60492,291.00494,291.60492,289.70493,287.10492,287.50494,287.30493,281.60492,281.20493,280.20493
301.40494,301.00494,300.50494,298.60492,297.40494,297.20493,295.60492,295.80493,295.00494,292.60492,290.80493,290.40494,291.00494,292.10492,292.90494,292.90494,293.50494,294.40494,297.80493,294.60492,292.60492,292.20493,294.60492,298.60492,296.10492,294.40494,292.20493,291.00494,289.80493,289.50494,288.20493,292.50494,293.40494,292.10492,289.00494,287.40494,287.20493,285.00494,283.70493,282.30493,281.20493
298.70493,298.30493,297.00494,296.60492,294.30493,294.90494,294.60492,294.20493,292.30493,290.10492,289.00494,291.40494,292.50494,290.00494,290.30493,290.60492,291.90494,291.60492,294.60492,292.60492,294.30493,294.70493,295.50494,293.60492,293.00494,292.20493,288.80493,290.80493,292.10492,293.40494,297.00494,297.70493,293.30493,292.50494,289.10492,286.60492,283.50494,283.40494,284.10492,284.20493,282.40494
296.10492,297.00494,294.80493,295.00494,294.10492,293.40494,291.50494,290.20493,290.00494,289.20493,286.80493,290.00494,290.50494,289.70493,290.50494,289.70493,290.80493,291.50494,293.30493,294.40494,293.10492,294.50494,295.50494,293.60492,292.40494,292.50494,293.20493,294.00494,297.50494,297.10492,292.40494,293.10492,293.80493,294.00494,293.50494,292.40494,290.70493,288.10492,287.20493,287.50494,288.00494
293.90494,293.20493,294.00494,293.60492,294.20493,292.80493,290.80493,289.80493,287.80493,286.50494,286.70493,285.40494,289.40494,290.20493,291.20493,292.00494,292.40494,291.90494,294.70493,294.70493,291.50494,289.70493,288.60492,289.20493,295.20493,292.90494,294.30493,292.60492,292.40494,290.50494,291.30493,290.40494,289.70493,289.90494,290.20493,291.10492,292.30493,292.70493,289.90494,290.30493,288.40494
292.20493,293.10492,292.90494,295.00494,296.80493,291.70493,292.10492,291.20493,288.70493,288.00494,287.90494,286.50494,286.10492,287.50494,291.50494,292.70493,290.40494,291.00494,295.60492,292.20493,292.70493,291.70493,294.90494,294.80493,291.80493,293.80493,291.10492,290.40494,289.70493,289.20493,288.80493,288.20493,288.00494,286.60492,286.90494,290.20493,287.20493,285.70493,285.30493,285.00494,287.90494
293.30493,293.50494,292.70493,293.10492,294.30493,292.40494,296.50494,291.30493,290.20493,289.90494,291.40494,286.40494,286.20493,288.10492,289.60492,293.00494,290.60492,290.90494,291.40494,293.00494,291.50494,291.10492,290.80493,290.10492,289.10492,288.90494,289.60492,289.10492,288.70493,286.80493,287.70493,285.80493,286.00494,285.50494,286.70493,284.50494,284.60492,283.60492,285.20493,285.20493,285.40494
