wind_kz.json
{"header": {"discipline":0,"disciplineName":"Meteorological products","gribEdition":2,"gribLength":1025,"center":7,"centerName":"US National Weather Service - NCEP(WMC)","subcenter":0,"refTime":"2023-09-27T12:00:00.000Z","significanceOfRT":1,"significanceOfRTName":"Start of forecast","productStatus":0,"productStatusName":"Operational products","productType":1,"productTypeName":"Forecast products","productDefinitionTemplate":0,"productDefinitionTemplateName":"Analysis/forecast at horizontal level/layer at a point in time","parameterCategory":2,"parameterCategoryName":"UnknownDiscipline_0_Category_2","parameterNumber":3,"parameterNumberName":"UnknownParameter_D0_C2_3","parameterUnit":"Unknown","genProcessType":2,"genProcessTypeName":"Forecast","forecastTime":240,"surface1Type":103,"surface1TypeName":"Specified height level above ground","surface1Value":10.0,"surface2Type":255,"surface2TypeName":"Missing","surface2Value":0.0,"gridDefinitionTemplate":0,"gridDefinitionTemplateName":"Latitude_Longitude","numberPoints":615,"shape":6,"shapeName":"Earth spherical with radius of 6,371,229.0 m","gridUnits":"degrees","resolution":48,"winds":"true","scanMode":64,"nx":41,"ny":15,"basicAngle":0,"lo1":47.0,"la1":41.0,"lo2":87.0,"la2":55.0,"dx":1.0,"dy":1.0}, "data":
[rows 0 to 14 of 15, columns 0 to 40 of 41]
-1.663349,1.116651,-2.923349,7.046651,5.496651,-0.153349,3.786651,4.706651,3.856651,3.166651,3.306651,3.236651,2.696651,1.826651,1.316651,-0.373349,-0.773349,-2.173349,-3.013349,-2.213349,-2.163349,-2.973349,-2.963349,2.436651,2.306651,1.526651,1.016651,0.006651001,-1.923349,4.256651,1.516651,1.136651,0.446651,0.336651,0.736651,-0.203349,-0.673349,-0.603349,2.846651,1.346651,1.696651
0.606651,-3.143349,-0.863349,6.246651,5.226651,2.486651,5.956651,5.026651,5.166651,4.216651,2.466651,3.116651,3.406651,1.646651,0.616651,-0.543349,-0.953349,-1.013349,-2.173349,-3.073349,-4.313349,-3.963349,-3.073349,-2.523349,1.906651,2.406651,1.196651,1.666651,-0.773349,-1.743349,0.526651,-1.103349,1.306651,-1.063349,1.986651,2.376651,2.396651,1.036651,0.386651,1.646651,-0.773349
-4.743349,-1.653349,2.796651,5.416651,5.266651,3.856651,4.726651,5.226651,5.566651,5.146651,3.996651,2.866651,2.016651,0.566651,-0.333349,-0.413349,-0.403349,-1.643349,-2.423349,-4.163349,-3.333349,-3.803349,-5.133349,-2.493349,-3.293349,-1.943349,-1.833349,-1.513349,-0.883349,-1.793349,-1.733349,-2.363349,-2.213349,-2.083349,0.896651,-0.953349,-1.263349,-2.383349,0.406651,2.096651,0.886651
-5.783349,3.026651,3.896651,5.106651,7.366651,6.676651,5.676651,6.476651,6.186651,5.106651,4.316651,-0.913349,-1.303349,-3.643349,1.596651,0.086651,-0.313349,0.446651,-3.023349,-4.493349,-5.023349,-3.333349,-0.803349,-2.383349,-3.623349,-3.643349,-4.553349,-3.493349,-5.403349,-2.753349,-3.083349,-1.923349,1.706651,1.876651,0.206651,-0.383349,-2.183349,0.576651,-1.273349,-0.903349,-2.633349
-0.133349,2.966651,4.656651,5.676651,3.496651,5.796651,5.706651,6.156651,6.356651,6.006651,5.626651,4.016651,2.696651,0.146651,-1.993349,1.976651,0.786651,0.356651,-1.323349,-1.833349,-2.233349,-2.163349,-2.873349,-3.103349,-1.993349,-2.843349,-2.673349,-4.373349,-4.553349,-4.353349,-4.123349,-3.603349,-1.663349,-1.593349,0.706651,2.116651,-2.093349,1.056651,-1.603349,-1.383349,-2.363349
1.606651,5.326651,5.486651,4.776651,3.886651,2.386651,5.206651,5.686651,6.626651,6.916651,6.736651,6.586651,4.826651,3.336651,-0.043348998,2.206651,1.976651,1.926651,0.396651,-0.783349,-1.673349,-1.363349,-2.743349,-3.153349,-3.123349,-3.083349,-2.393349,1.176651,-2.433349,-2.093349,-4.803349,-5.283349,-6.063349,-1.003349,-0.103349,-1.053349,-1.553349,-1.813349,-1.593349,0.086651,-3.283349
1.546651,1.826651,6.666651,8.196651,7.336651,7.266651,6.916651,7.206651,8.306651,8.356651,7.896651,7.586651,7.556651,6.636651,4.216651,1.496651,2.476651,2.056651,1.776651,-0.033349,-1.683349,-0.763349,-1.263349,-2.653349,-3.283349,-2.743349,-2.083349,-2.443349,1.846651,3.346651,1.716651,0.006651001,-0.873349,-0.983349,0.21665101,-0.233349,0.066651,-0.133349,0.126651,-1.193349,-2.833349
-0.633349,2.466651,2.516651,7.566651,10.216651,9.566651,9.136651,7.886651,8.626651,8.636651,8.466651,8.036651,7.086651,5.806651,5.906651,3.416651,2.656651,2.066651,4.156651,2.566651,-0.123348996,-0.163349,-1.373349,-1.443349,-1.393349,-2.153349,-3.453349,-4.773349,-3.163349,0.756651,-2.493349,-1.223349,-0.883349,0.386651,0.266651,-1.613349,2.826651,2.926651,-1.533349,-3.433349,-0.783349
-0.113349,4.206651,-0.263349,5.536651,7.366651,9.866651,9.086651,8.826651,8.336651,8.636651,8.296651,7.396651,6.536651,6.906651,6.416651,4.526651,2.896651,2.566651,2.746651,1.826651,2.316651,0.516651,0.176651,-0.653349,-1.683349,-0.253349,-0.003348999,-0.423349,-2.493349,-3.333349,-1.393349,1.666651,-0.193349,-1.963349,-1.493349,-1.973349,0.396651,2.376651,1.796651,2.276651,1.066651
1.946651,3.916651,1.556651,4.936651,9.576651,6.446651,7.196651,9.326651,8.996651,7.876651,8.036651,7.256651,6.516651,5.506651,4.506651,3.596651,4.446651,4.336651,1.566651,1.196651,0.046651002,-1.173349,0.176651,0.646651,-0.093349,-0.663349,-0.393349,-1.903349,1.406651,1.006651,-1.403349,-2.273349,0.756651,-4.463349,0.876651,-0.643349,-0.313349,-0.473349,2.476651,1.816651,2.556651
3.056651,2.676651,4.836651,5.686651,7.466651,11.22665,11.06665,8.436651,6.596651,6.696651,5.626651,5.206651,5.566651,4.586651,3.986651,2.966651,5.336651,4.436651,2.516651,1.086651,-0.303349,-0.333349,-0.553349,0.596651,1.426651,0.486651,-0.363349,-1.503349,-1.103349,-0.573349,-4.233349,1.306651,-1.313349,-0.813349,3.526651,1.656651,1.956651,2.116651,1.206651,0.846651,-1.943349
3.436651,3.926651,4.906651,5.696651,7.566651,8.116651,8.726651,10.64665,8.416651,7.836651,6.896651,5.526651,5.836651,4.356651,3.396651,3.976651,4.876651,3.546651,1.996651,1.716651,1.046651,-0.243349,-0.683349,-0.603349,1.286651,0.156651,-0.953349,-1.383349,-1.293349,-0.983349,-0.683349,-0.483349,1.806651,2.146651,1.846651,2.606651,1.306651,2.116651,2.036651,0.966651,-0.893349
1.256651,4.656651,2.416651,9.166651,6.326651,1.366651,4.746651,6.476651,10.376651,9.916651,5.196651,6.066651,5.826651,4.666651,3.866651,3.736651,3.556651,2.196651,3.716651,1.726651,1.316651,0.756651,0.746651,0.756651,1.816651,0.126651,-0.523349,-0.923349,-0.733349,0.426651,1.476651,1.546651,-0.113349,1.306651,1.516651,2.736651,2.316651,2.926651,3.226651,2.106651,1.426651
1.716651,1.666651,5.616651,6.706651,7.446651,6.846651,5.796651,6.726651,6.036651,8.186651,5.026651,3.756651,6.036651,5.196651,5.136651,4.876651,4.036651,2.886651,2.466651,2.626651,2.156651,1.506651,0.706651,0.386651,0.516651,0.106651,0.116651,-0.533349,1.026651,0.206651,-0.843349,-0.083349,0.28665102,-0.643349,-0.683349,4.266651,3.726651,2.716651,2.056651,2.376651,3.066651
4.136651,3.216651,7.926651,4.546651,7.336651,6.576651,8.966651,7.666651,7.726651,7.706651,4.286651,3.406651,1.886651,3.776651,5.206651,4.506651,4.126651,3.576651,2.686651,2.616651,2.646651,1.576651,0.716651,0.476651,0.416651,0.296651,1.706651,0.526651,2.676651,0.846651,1.576651,2.426651,1.996651,2.986651,3.246651,4.526651,4.956651,5.366651,4.046651,2.806651,2.186651
