wind_kz.json
{"header": {"discipline":0,"disciplineName":"Meteorological products","gribEdition":2,"gribLength":1025,"center":7,"centerName":"US National Weather Service - NCEP(WMC)","subcenter":0,"refTime":"2023-09-29T18:00:00.000Z","significanceOfRT":1,"significanceOfRTName":"Start of forecast","productStatus":0,"productStatusName":"Operational products","productType":1,"productTypeName":"Forecast products","productDefinitionTemplate":0,"productDefinitionTemplateName":"Analysis/forecast at horizontal level/layer at a point in time","parameterCategory":2,"parameterCategoryName":"UnknownDiscipline_0_Category_2","parameterNumber":2,"parameterNumberName":"UnknownParameter_D0_C2_2","parameterUnit":"Unknown","genProcessType":2,"genProcessTypeName":"Forecast","forecastTime":120,"surface1Type":103,"surface1TypeName":"Specified height level above ground","surface1Value":10.0,"surface2Type":255,"surface2TypeName":"Missing","surface2Value":0.0,"gridDefinitionTemplate":0,"gridDefinitionTemplateName":"Latitude_Longitude","numberPoints":615,"shape":6,"shapeName":"Earth spherical with radius of 6,371,229.0 m","gridUnits":"degrees","resolution":48,"winds":"true","scanMode":64,"nx":41,"ny":15,"basicAngle":0,"lo1":47.0,"la1":41.0,"lo2":87.0,"la2":55.0,"dx":1.0,"dy":1.0}, "data":
[rows 0 to 14 of 15, columns 0 to 40 of 41]
-0.5224408,-0.6024408,3.2675593,2.7775593,0.6775592,-0.6124408,-5.0524406,-6.442441,-7.3424406,-4.2224407,-1.8624408,-3.4724407,-5.482441,-5.062441,-4.7224407,-4.102441,-2.9224408,-1.9724408,-2.4524407,-0.9424408,-0.5824408,-0.6124408,-0.6224408,-2.0024407,-0.34244078,-1.6824408,-2.782441,-0.012440796,1.1575592,0.9875592,0.067559205,1.1975592,-0.3024408,1.7775592,1.8275592,2.967559,2.0775592,1.9875592,0.2975592,-0.8024408,1.7375592
0.1775592,1.2975593,0.6275592,0.5475592,0.9275592,-0.4924408,-5.152441,-5.522441,-3.0924408,-1.4324408,-1.0424408,-3.5724409,-4.832441,-3.8724408,-5.232441,-4.4724407,-3.4524407,-2.3124409,-1.3624408,-0.4524408,0.7975592,0.6475592,0.22755921,-1.8624408,0.43755922,0.6275592,0.007559204,1.7675592,-0.5024408,-0.98244077,0.3575592,0.0875592,-1.1524408,-2.3224409,-0.112440795,0.3375592,0.007559204,-0.4924408,-0.5024408,0.6575592,-3.8524408
-0.2324408,-1.5824409,-0.7624408,-0.28244078,-0.16244079,-5.652441,-3.8524408,-3.0924408,-3.272441,-3.6124408,-4.2224407,-8.812441,-6.2024407,-2.802441,-3.4624407,-3.7124407,-3.9024408,-1.6724408,-0.9324408,0.3375592,2.3475592,-1.0424408,-0.7224408,-2.4024408,1.4475592,-2.6024408,-1.4224408,1.5975592,-2.5924408,-0.2024408,-1.3924408,1.1375592,-0.0924408,-0.4224408,-0.4024408,-0.8124408,-0.3024408,-0.0924408,3.6175592,2.3975592,1.5675592
-2.5124407,-2.2524407,-0.112440795,-0.8924408,-2.0724409,-2.2024407,-0.9324408,-2.3824408,-3.042441,-2.3724408,-2.9124408,-4.4724407,-6.002441,-5.1824408,-1.4524407,-0.9624408,-1.4324408,-2.7624407,-1.2324408,-0.6824408,-0.062440798,-2.042441,0.82755923,-2.0824409,-2.8424408,-3.2024407,-2.532441,-5.642441,-2.5824409,-2.1124408,-1.2124408,-2.782441,-1.7224408,-2.022441,-2.1024408,-1.7424408,-1.5624408,2.0775592,0.51755923,-0.5724408,-0.9524408
0.2475592,-0.3024408,-0.7124408,-1.0824409,-0.28244078,-0.8524408,-0.6424408,-1.5224408,-3.1824408,-1.2524408,-1.1324408,-1.0124408,-1.3224407,-1.5324408,0.8675592,1.4775592,-0.4924408,-3.302441,-1.6124408,-0.6524408,-1.1224408,-1.6824408,-2.0624409,-1.5024408,-1.7424408,-3.4424407,-3.782441,-2.3624408,-2.9124408,-3.6824408,-3.4624407,-1.4824408,-1.9624408,1.7775592,1.0875592,1.3575592,0.2575592,-1.5524408,-1.6324408,-1.4224408,-2.6624408
-0.1024408,1.0175592,1.7575592,2.2475593,1.7975593,2.2575593,1.5275592,0.22755921,-1.2124408,-1.3824408,-1.0524408,0.51755923,2.207559,3.2975593,2.8675592,1.5575593,-2.4724407,-2.9724407,-1.0024408,-0.2724408,-2.2524407,-1.1424408,0.4175592,-0.7924408,-1.4524407,-2.9224408,-1.9924408,-1.9324408,-2.1024408,-3.532441,-3.282441,-3.0024407,-3.532441,-3.5124407,-1.6324408,-0.4524408,0.1175592,-0.0924408,2.0575593,-3.1624408,-3.9524407
0.40755922,-0.5124408,-1.7424408,0.5575592,1.0275592,1.1875592,3.6775591,3.1775591,1.2475592,0.22755921,-0.6624408,0.037559204,-0.062440798,0.067559205,0.1675592,1.1675591,-2.2424407,-2.9424407,-0.2024408,-0.2924408,-1.2824408,-0.3224408,-1.3324409,-0.7024408,-1.4124408,-2.0024407,-2.1524408,0.4275592,0.9575592,0.2975592,-0.5324408,-1.2324408,-2.2524407,-2.5924408,-1.8524408,-2.3724408,-1.6024408,2.3475592,-1.7724408,1.3975592,1.3075593
1.2175592,-1.7324408,-1.1924407,-0.4024408,0.2675592,0.9375592,0.6475592,1.0075592,0.8675592,0.8375592,0.6575592,1.5475593,2.1775591,2.1875591,1.6175592,-1.1724408,-2.1624408,-2.6324408,-1.7224408,-1.6824408,-0.1924408,-1.4124408,-0.9724408,-1.7324408,-1.6524408,-0.7424408,-0.6624408,-1.2624408,-1.1924407,-2.5924408,-2.9024408,-2.5824409,-3.5724409,-1.3824408,-2.1224408,0.2575592,-0.5424408,-1.8124408,0.6875592,1.8375592,-0.8124408
2.0975592,2.0775592,1.5575593,1.6275592,0.4875592,0.1875592,-0.5424408,-0.1524408,-0.2724408,0.8075592,1.2175592,1.4875592,3.5275593,2.8875592,2.5475593,1.7175592,0.8575592,0.8575592,-0.8924408,-0.5424408,-0.5524408,0.0875592,-1.1324408,-1.5624408,-1.4824408,-1.3824408,-0.8124408,-0.6524408,0.6275592,-0.7924408,-2.9324408,-2.3324409,-1.6024408,-0.9024408,-0.4824408,-0.2724408,-0.16244079,-1.4224408,-1.0724407,0.6775592,-2.1624408
2.0575593,2.4075592,1.7975593,2.2375593,2.3175592,0.8575592,1.1975592,0.4475592,0.2375592,-0.12244079,-0.1824408,0.4875592,2.217559,2.4175591,2.7375593,2.717559,0.7275592,1.3975592,0.8675592,1.6175592,1.7275592,0.5975592,0.46755922,-1.1924407,-0.5324408,-1.1824408,-1.2824408,-1.1424408,-1.4024408,-1.6224408,-1.3624408,-1.0824409,-1.1124408,0.7175592,0.3575592,0.057559203,-0.98244077,-0.7924408,-1.3124408,0.037559204,-0.072440796
1.8775592,1.6475592,2.1275592,2.1775591,2.1075592,1.7975593,2.3275592,2.2975593,1.3075593,0.8675592,0.8575592,2.4975593,3.1775591,2.8875592,2.5075593,2.4975593,2.1575592,2.1675591,1.2175592,2.1275592,2.717559,2.227559,2.1175592,1.8675592,0.8375592,0.5475592,1.2075592,0.9375592,-0.072440796,-0.6024408,-1.0824409,-0.3924408,0.4775592,-0.002440796,1.4975592,-0.9524408,-1.2824408,0.3375592,-0.98244077,0.1575592,-0.4024408
1.4875592,1.8675592,2.0275593,2.0575593,2.0475593,1.8175592,1.5275592,1.3875592,1.1875592,1.1075592,0.8075592,2.3975592,1.7175592,2.1175592,3.1375592,2.3275592,3.4175591,2.8975592,1.4175591,1.9575592,1.9475592,2.717559,2.0075593,2.0575593,1.8575592,2.5975592,1.8275592,2.0075593,0.9875592,0.067559205,0.7475592,1.3775592,0.2175592,-0.1824408,-0.12244079,-0.3024408,0.007559204,-0.3624408,0.4575592,-0.6824408,-0.4124408
3.1375592,2.4375591,2.977559,2.6375592,1.9575592,1.1675591,1.7675592,1.3275592,2.3975592,1.1475592,0.5075592,1.9475592,2.5775592,2.8375592,2.9975593,2.5975592,2.0875592,2.0375593,1.8775592,2.697559,1.7775592,1.0975592,0.8175592,1.9875592,3.207559,2.8075593,3.197559,1.9875592,1.1275592,0.9675592,1.4675592,1.0475593,0.5575592,0.017559204,0.2175592,-0.012440796,0.2875592,-0.31244078,-0.5624408,-0.4124408,-0.6824408
4.597559,4.017559,3.5875592,3.3275592,2.4075592,2.7775593,2.8175592,3.7775593,2.1875591,1.2775592,0.2175592,1.3075593,2.197559,3.3075593,2.5275593,2.727559,2.6375592,1.7275592,1.3175592,2.447559,2.8375592,2.5675592,3.0675592,2.4975593,2.4175591,2.5975592,1.5975592,1.5475593,1.1975592,1.8775592,1.8875592,1.5075592,0.9075592,0.9975592,1.0575593,0.4175592,0.4175592,0.047559205,-0.9624408,-0.022440797,-0.3224408
4.1575594,5.2375593,5.497559,4.627559,3.9375591,4.6575594,5.417559,4.127559,4.107559,2.2575593,1.1275592,2.3675592,1.4375592,1.4875592,2.8675592,2.9375591,2.8575592,2.3075593,1.7475592,2.5075593,3.0575593,2.707559,2.5175593,2.197559,2.0875592,1.8675592,1.7975593,1.5575593,1.3475592,1.6575592,2.477559,2.1375592,1.5775592,1.4375592,1.3375592,1.5475593,0.1175592,0.6975592,0.7375592,0.6375592,-1.1724408
