wind_kz.json
{"header": {"discipline":0,"disciplineName":"Meteorological products","gribEdition":2,"gribLength":1025,"center":7,"centerName":"US National Weather Service - NCEP(WMC)","subcenter":0,"refTime":"2023-08-19T12:00:00.000Z","significanceOfRT":1,"significanceOfRTName":"Start of forecast","productStatus":0,"productStatusName":"Operational products","productType":1,"productTypeName":"Forecast products","productDefinitionTemplate":0,"productDefinitionTemplateName":"Analysis/forecast at horizontal level/layer at a point in time","parameterCategory":2,"parameterCategoryName":"UnknownDiscipline_0_Category_2","parameterNumber":3,"parameterNumberName":"UnknownParameter_D0_C2_3","parameterUnit":"Unknown","genProcessType":2,"genProcessTypeName":"Forecast","forecastTime":180,"surface1Type":103,"surface1TypeName":"Specified height level above ground","surface1Value":10.0,"surface2Type":255,"surface2TypeName":"Missing","surface2Value":0.0,"gridDefinitionTemplate":0,"gridDefinitionTemplateName":"Latitude_Longitude","numberPoints":615,"shape":6,"shapeName":"Earth spherical with radius of 6,371,229.0 m","gridUnits":"degrees","resolution":48,"winds":"true","scanMode":64,"nx":41,"ny":15,"basicAngle":0,"lo1":47.0,"la1":41.0,"lo2":87.0,"la2":55.0,"dx":1.0,"dy":1.0}, "data":
[rows 0 to 14 of 15, columns 0 to 40 of 41]
1.8576562,-2.3923438,1.0576563,-4.452344,-5.632344,-5.302344,-3.9323437,-1.4123437,-1.2023437,-2.6123438,-4.3323436,-3.9723437,-3.1923437,-2.2223437,-1.8623438,-2.2123437,-1.7323438,1.6576562,0.6376563,1.5376563,-0.59234375,-0.66234374,1.6176562,-1.4623437,-0.91234374,0.64765626,-1.3523438,1.6076562,0.57765627,1.6476562,-0.89234376,0.06765625,-2.4623437,-6.952344,-9.612344,-3.0423439,-0.49234375,0.02765625,2.9776564,1.7476562,2.0676563
5.5376563,1.9676563,0.33765626,-3.6823437,-5.1423435,-5.4023438,-4.8323436,-3.9923437,-2.8923438,-3.6923437,-4.2323437,-4.552344,-4.512344,-4.592344,-5.722344,-5.4223437,-6.0223436,-2.5123436,-2.7123437,1.2776562,1.8776562,2.3276563,2.5476563,2.3776562,0.11765625,1.1276562,-1.3523438,2.5876563,0.57765627,2.5776563,4.317656,3.9276562,0.7476562,0.66765624,-0.12234375,-1.2523438,-1.0023438,-3.5523438,-0.03234375,-1.2623438,0.66765624
2.6676562,4.047656,-0.29234374,-2.4123437,-3.5123436,-2.6823437,-3.8823438,-3.3423438,-2.3223438,-3.7023437,-4.6923437,-4.012344,-3.8923438,-4.2723436,-4.4423437,-3.8723438,-2.1323438,-2.6523438,-3.3823438,-3.3323438,-3.2123437,0.59765625,1.9376563,1.6576562,3.0476563,1.3676562,1.7476562,3.2976563,-0.00234375,1.8176563,4.1076565,1.8276563,1.4676563,-1.4323437,-0.12234375,2.0776563,2.6076562,-0.25234374,1.0176562,-0.42234376,0.52765626
1.3976562,3.2376564,1.1676563,-1.1023438,-2.1123438,-2.0423439,-2.8123438,-3.2823439,-2.9923437,-3.2923439,-3.6123438,-3.7223437,-6.552344,-6.4823437,-3.4623437,-3.5623438,-3.1023438,-2.0223436,-0.63234377,-1.1023438,-1.2623438,0.84765625,-1.1323438,1.8676562,2.3576562,2.1776562,3.5676563,1.7376562,4.7676563,3.6276562,0.9976562,-3.0223436,-1.0223438,1.9776562,-0.27234375,-2.3923438,-0.65234375,2.5976562,4.527656,2.7876563,2.1976562
2.6776562,4.717656,3.2576563,1.2676562,1.2376562,-0.45234376,-1.8723438,-1.8823438,-3.2423437,-3.5423439,-4.012344,-3.8323438,-6.4823437,-6.202344,-3.5023437,-3.5623438,-3.8723438,-4.182344,-3.5023437,-0.18234375,0.83765626,1.3176563,1.1676563,1.7876563,0.66765624,1.4376563,4.777656,3.4076562,4.3776565,2.6876562,2.9876564,2.7676563,1.5776563,1.0876563,-0.65234375,-2.4223437,-3.9123437,0.6876562,-2.4323437,0.8176563,0.49765626
1.9976562,1.9776562,2.6276562,0.86765623,-1.3123437,-1.3523438,-1.2623438,-2.2723436,-2.4223437,-2.9623437,-3.4323437,-3.5723438,-5.5823436,-5.3923435,-3.9123437,-2.7723436,-4.862344,-5.8123436,-6.012344,-5.782344,-1.6823437,2.6476562,3.6276562,4.737656,3.4376562,3.8176563,3.4176562,5.6876564,4.0576563,3.8776562,3.5376563,1.8076563,0.97765625,1.7776562,2.4876564,1.0976562,0.71765625,-0.38234374,-1.6423438,-3.5423439,-2.3723438
1.2576562,1.6276562,2.0676563,1.6576562,1.4776562,1.4776562,0.37765625,-1.7123437,-2.6023438,-2.5623438,-2.7423437,-3.6923437,-5.052344,-6.302344,-2.9823437,-3.4923437,-3.7723436,-6.452344,-6.382344,-5.7723436,-2.2023437,-1.6323438,-1.6323438,3.8976562,5.797656,4.967656,5.007656,4.367656,2.2476563,3.3976562,3.0576563,3.2276564,2.0476563,-0.63234377,-0.6823437,-1.4623437,-2.5823438,-0.15234375,0.85765624,-0.48234376,-0.54234374
2.4976563,1.8576562,1.8376563,1.5176562,2.0876563,0.60765624,-0.53234375,0.05765625,-0.64234376,-1.6123438,-2.4623437,-2.3723438,-2.6423438,-3.3823438,-4.1923437,-0.8023437,-2.4123437,-4.5423436,-5.992344,-6.032344,-5.742344,-5.7123437,-4.952344,-3.7923439,0.7476562,5.777656,6.677656,8.647656,4.8576565,4.277656,2.4376562,3.1376562,1.9976562,-0.13234375,2.0076563,0.42765626,0.6976563,-0.13234375,-0.48234376,0.6876562,-1.8923438
3.2676563,2.6276562,2.2576563,0.66765624,0.90765625,2.9976563,1.9076562,-0.6923438,-1.7523438,-1.7023437,-2.3223438,-2.5123436,-3.6123438,-3.3223438,-4.3523436,-2.2123437,-1.2223438,-2.3923438,-4.032344,-4.9023438,-4.5423436,-5.0223436,-5.5823436,-5.802344,-3.3823438,0.64765626,2.0476563,7.047656,6.587656,4.2476563,5.047656,4.117656,3.5176563,2.6576562,2.5876563,2.2876563,-1.9823438,0.78765625,2.7076561,1.9076562,-0.25234374
4.137656,3.1476562,1.9576563,2.0076563,2.1476562,2.5876563,2.1076562,-0.33234376,-1.0923438,-1.7123437,-1.6623437,-1.9423437,-2.2623436,-1.9223437,-3.7623436,-2.9223437,-1.6223438,-2.6023438,-2.0723438,-2.6823437,-1.6623437,-1.0123438,-1.9823438,-2.8623438,-2.7623436,-0.64234376,1.6576562,4.087656,3.8076563,2.7776563,4.2276564,3.8776562,4.197656,2.6976562,3.0076563,2.4976563,1.3776562,-1.9623437,1.2176563,4.617656,3.6376562
3.7776563,3.2976563,2.9176562,2.3876562,0.6276562,-0.32234374,1.3976562,1.1676563,0.85765624,-0.08234375,-0.51234376,-0.26234376,-1.8423438,-3.0123436,-2.3023438,-2.5323439,-2.8723438,-2.6923437,-1.7923437,-1.8723438,-2.1123438,-1.7523438,-1.2523438,0.19765624,0.86765623,-0.26234376,2.2276564,3.7676563,3.1576562,5.2276564,4.797656,3.6876562,4.027656,3.6576562,3.2876563,1.6276562,1.6876563,3.1576562,2.1776562,1.9376563,0.29765624
2.5276563,2.7576563,2.8076563,2.4876564,1.5176562,1.0776563,0.44765624,0.8876563,0.98765624,1.1476562,0.82765627,-0.71234375,-1.8423438,-1.7323438,-1.9423437,-2.0223436,-1.9923438,-2.3423438,-1.5923438,-1.6123438,-2.8123438,-2.9423437,-1.5923438,2.1076562,4.5976562,3.6776562,4.067656,4.697656,5.2476563,3.9876564,3.6876562,4.4976563,3.1176562,3.5276563,2.4876564,2.0176563,1.9076562,2.6376562,1.9676563,2.1376562,0.85765624
2.5976562,1.5076562,0.49765626,0.48765624,1.2376562,1.2476562,0.9376562,0.24765626,0.08765625,1.2076563,1.0376563,0.24765626,0.05765625,-1.2523438,-1.1823437,-1.7223438,-1.4323437,-1.2523438,-2.2423437,-1.8323437,-3.0923438,-3.8023438,-2.8023438,2.5576563,7.1876564,6.797656,5.6076565,6.177656,5.5376563,4.407656,5.1476564,4.8476562,3.0076563,2.2976563,2.6176562,2.4476562,2.0776563,1.6676563,3.3376563,1.8876562,0.82765627
2.8776562,1.9376563,1.0376563,2.2376564,0.89765626,1.8176563,1.5776563,1.2976563,1.4576563,1.4576563,1.3776562,0.58765626,-0.15234375,-0.36234376,-0.96234375,-1.3023437,-1.7723438,-0.97234374,-1.9523437,-2.2323437,-3.5923438,-5.012344,-5.9223437,2.0376563,4.8976564,6.237656,5.5976562,4.447656,4.157656,4.7476563,5.1876564,4.407656,3.7576563,3.0276563,1.6476562,1.8676562,1.1176562,0.67765623,1.1976563,1.7576562,1.4176563
1.8776562,2.0076563,1.0676563,1.9676563,1.3676562,1.9176563,2.1776562,1.6376562,1.6076562,1.0976562,0.9976562,1.2476562,1.2876563,-0.58234376,-1.3123437,-1.3923438,-1.9423437,-2.0723438,-2.7323437,-2.9823437,-3.9723437,-5.882344,-4.822344,1.5576563,3.7576563,4.737656,4.157656,3.6776562,2.8676562,2.7776563,3.5176563,3.0176563,1.7776562,1.6776563,1.5376563,0.77765626,0.33765626,0.33765626,0.6976563,0.7476562,0.30765626
