wind_kz.json
{"header": {"discipline":0,"disciplineName":"Meteorological products","gribEdition":2,"gribLength":1102,"center":7,"centerName":"US National Weather Service - NCEP(WMC)","subcenter":0,"refTime":"2023-08-27T00:00:00.000Z","significanceOfRT":1,"significanceOfRTName":"Start of forecast","productStatus":0,"productStatusName":"Operational products","productType":1,"productTypeName":"Forecast products","productDefinitionTemplate":0,"productDefinitionTemplateName":"Analysis/forecast at horizontal level/layer at a point in time","parameterCategory":2,"parameterCategoryName":"UnknownDiscipline_0_Category_2","parameterNumber":2,"parameterNumberName":"UnknownParameter_D0_C2_2","parameterUnit":"Unknown","genProcessType":2,"genProcessTypeName":"Forecast","forecastTime":60,"surface1Type":103,"surface1TypeName":"Specified height level above ground","surface1Value":10.0,"surface2Type":255,"surface2TypeName":"Missing","surface2Value":0.0,"gridDefinitionTemplate":0,"gridDefinitionTemplateName":"Latitude_Longitude","numberPoints":615,"shape":6,"shapeName":"Earth spherical with radius of 6,371,229.0 m","gridUnits":"degrees","resolution":48,"winds":"true","scanMode":64,"nx":41,"ny":15,"basicAngle":0,"lo1":47.0,"la1":41.0,"lo2":87.0,"la2":55.0,"dx":1.0,"dy":1.0}, "data":
[rows 0 to 14 of 15, columns 0 to 40 of 41]
-3.5033886,-1.5333886,0.9066113,0.7866113,1.2466114,2.6766114,6.7366114,4.5066113,4.646611,5.206611,5.1766114,5.9066114,4.8266115,4.8166113,4.266611,4.5066113,4.0666113,4.146611,4.5866113,6.476611,4.726611,5.5966115,3.7766113,4.166611,0.8666113,3.7266114,4.186611,0.87661135,-1.8133887,-0.9033887,-0.8233887,0.9666113,-1.1833887,-0.11338867,-2.4833887,-4.833389,-6.7033887,-5.563389,-3.7733886,-2.4833887,-3.0533886
-0.5933887,-0.74338865,-3.7933886,-2.4933887,0.47661132,4.0566115,6.7566113,7.9266114,6.376611,6.3566113,6.8166113,6.8166113,8.156611,7.3066115,6.8666115,5.8866115,6.3566113,5.5366116,5.7566113,6.2966113,5.166611,5.6766114,5.246611,4.126611,1.3666114,0.47661132,0.99661136,-0.27338868,1.4766114,1.2566113,0.10661133,-0.5933887,-1.0033886,-2.0133886,0.026611328,-3.2833886,-2.9533887,-6.293389,-2.8033886,-0.62338865,-2.1733887
-4.7033887,-3.0333886,-2.4233887,0.27661133,2.4766114,2.9966114,1.8566114,3.8166113,7.206611,6.1366115,5.1066113,3.9566114,3.4466114,4.0366116,4.746611,8.036612,7.3366113,6.956611,6.8166113,6.476611,6.0466113,4.8066115,4.4266114,6.4866114,1.0466113,-2.1033888,-2.3633888,-2.0933886,3.9166114,-1.2233887,-1.9033886,-0.30338868,0.15661132,-0.92338866,-2.3433886,0.7866113,1.3366113,-0.9633887,-3.3433886,-2.2533886,0.026611328
-3.3733888,-1.7533886,-0.92338866,0.39661133,1.1766113,0.9766113,2.1966114,3.6666114,4.1166115,5.2966113,7.376611,8.406611,0.69661134,3.0366113,5.5466113,3.5366113,6.976611,7.166611,7.226611,6.936611,3.9166114,5.2166114,3.9666114,5.126611,-2.1433887,-2.8933887,-1.7733886,-5.0333886,-6.5733886,-6.603389,-4.3233886,-4.7833886,-3.9533887,-1.8233887,0.11661133,1.3566114,1.5266113,0.6666113,-0.92338866,-2.7633886,-1.9233887
0.33661133,1.2866113,-0.5833887,1.7566113,2.3966112,3.1566114,4.5066113,5.626611,5.7866116,6.2766113,7.2766113,8.216611,8.596611,6.1566114,5.246611,7.5066113,6.0066113,4.8266115,8.236611,5.396611,4.626611,4.7766113,5.416611,3.0866113,2.0666113,1.2366114,0.7366113,-4.9233885,-3.4033887,-4.6433887,-5.813389,-4.4033885,0.36661133,-0.043388672,-3.7533886,-1.6633887,-0.7733887,-3.8833888,-4.623389,-2.7033887,-0.36338866
0.7766113,2.2666113,0.6066113,2.2866113,4.0966115,5.0966115,6.8866115,7.8166113,7.206611,6.956611,8.156611,8.666612,8.706612,9.266611,8.066611,8.136611,5.6566114,6.8666115,7.146611,9.526611,7.8166113,5.496611,4.4066114,5.8266115,3.0866113,3.4066114,-7.4533887,0.27661133,-4.6533885,-6.2633886,-6.043389,-5.3933887,-6.4633884,-6.7133884,-5.3433886,0.9666113,-3.8933887,-4.6333885,-5.273389,-2.7233887,-2.4433887
0.35661134,1.5866113,2.6466112,3.2666113,4.8366113,5.5566115,3.8666112,6.746611,7.666611,8.3666115,7.436611,8.436611,8.736611,8.936611,8.396611,8.1166115,4.7566113,4.6166115,6.476611,5.3066115,13.396611,4.8366113,4.706611,4.376611,1.1566113,2.7066114,-3.5533886,-4.623389,-4.8933887,-3.6233888,-3.2933886,-3.6233888,-3.1833887,-2.6033888,-3.2733886,-1.8133887,-0.7233887,-1.7633886,-1.4533887,2.3066113,1.8666114
1.7666113,2.1666114,2.4766114,3.9766114,1.4166113,4.2166114,4.7866116,3.4966114,7.476611,6.746611,8.046612,8.816611,6.7566113,8.546612,4.936611,5.2566113,7.1966114,2.0566113,6.436611,2.9566114,8.536612,6.1966114,3.8766112,2.1966114,2.0066113,0.05661133,-0.34338868,0.18661132,0.88661134,1.3766114,-0.61338866,-2.4233887,-0.9533887,-0.68338865,-1.9533887,-6.2233887,-3.4033887,0.05661133,3.4566114,-0.14338867,1.9366113
1.6566113,1.7566113,2.8866112,0.06661133,2.9566114,3.7966113,2.5366113,4.3566113,3.8666112,4.496611,6.5766115,7.3066115,6.436611,6.7766113,4.9866114,2.9166114,2.6766114,5.626611,3.6066113,4.4466114,4.2166114,8.636611,2.0366113,0.32661134,0.14661133,-0.68338865,-0.5833887,0.17661133,-0.38338867,0.46661133,1.1666113,0.27661133,0.39661133,-0.91338867,-2.7633886,-0.67338866,-0.6433887,-2.0333886,-0.15338868,-0.5333887,-2.0333886
1.3966113,1.4166113,-2.5733886,4.3466115,1.6266114,4.666611,3.0666113,2.5266113,4.126611,3.3266113,4.8866115,5.9066114,6.7566113,5.666611,5.1966114,4.6566114,3.5166113,4.1966114,3.2666113,3.6666114,3.2066114,7.496611,2.2966113,-0.043388672,-0.023388673,-0.5733887,-0.023388673,0.76661134,1.0966114,1.5966114,1.9466113,-0.29338866,-1.0733887,-0.08338867,-0.60338867,-0.03338867,-0.15338868,-0.45338866,0.9266113,0.09661133,0.08661133
1.7066113,0.34661132,-1.7733886,1.8166113,3.1066113,4.686611,4.8866115,3.6366112,5.166611,4.956611,5.6066113,6.5866113,6.3866115,5.626611,6.6566114,6.0666113,5.0966115,5.686611,5.8466115,5.2866116,0.40661132,3.5066113,0.27661133,1.0966114,-0.7233887,-0.6433887,-1.1933887,-1.4933887,-2.1133888,-3.9133887,-2.9933887,-3.3233886,-0.7233887,1.7766113,1.7466114,-1.3933886,1.0666113,0.9666113,-0.37338868,-1.2533886,-0.13338867
1.7466114,-0.8333887,0.83661133,1.2066113,1.3466114,2.7666113,4.146611,4.1066113,5.436611,4.0666113,3.6666114,3.6466112,3.5566113,4.4266114,5.706611,-1.6533886,4.6566114,8.066611,6.626611,-1.9833887,-4.1733885,3.9566114,3.8966112,-0.67338866,-2.1333888,-2.3333886,-3.3433886,-2.1933887,-1.8433887,-3.4933887,-1.6433886,0.12661132,1.2766113,1.9766114,2.1266112,2.5966113,0.9666113,0.83661133,-1.6833887,-1.6833887,-1.4433887
0.75661135,1.2066113,1.0766113,-0.75338864,-1.2633886,-0.9433887,0.8066113,1.0466113,-0.26338866,-1.7033887,-0.5233887,1.0466113,1.2466114,1.8266113,-1.1733887,3.2266114,6.746611,-6.4933887,-5.7033887,-6.123389,-3.0033886,2.1466112,-1.7633886,-2.8833888,-3.1233888,-3.1633887,-3.6133888,-2.4533887,-2.2533886,-0.5733887,-0.5933887,0.17661133,1.8966113,2.8766112,2.1966114,1.0766113,2.8166113,0.99661136,-4.0933886,-2.4533887,-2.4833887
1.3866113,1.2466114,1.1966113,-2.2633886,0.36661133,-2.3433886,-0.7233887,-4.1433887,-1.1433886,-2.6833887,-0.79338866,0.6666113,2.5066113,-0.75338864,3.3866112,-0.31338868,-6.6833887,-6.7633886,-6.773389,-7.4433885,-2.7733886,-4.9233885,-4.3933887,-2.9633887,-3.5533886,-2.6933887,-1.9633887,-1.9633887,-0.9433887,-2.1033888,-0.87338865,0.83661133,0.81661135,1.1866113,1.9666114,2.5366113,0.24661133,0.43661132,-1.8433887,-0.68338865,-2.1633887
1.4166113,1.6366113,0.10661133,-0.3333887,-1.9833887,0.13661133,-0.003388672,-6.1833887,-3.4333887,-3.4333887,-2.3833888,-2.2433887,-1.8033887,-2.5133886,-1.6233886,-7.8633885,-7.4933887,-5.6733885,-5.833389,-8.043388,-6.9633884,-5.3233886,-3.0333886,-1.6733887,1.3466114,0.10661133,-1.3933886,-1.0133886,0.08661133,-3.2133887,-3.7633886,-0.26338866,1.6966113,2.2066114,0.9766113,-0.46338868,0.62661135,-2.8933887,4.3866115,-2.0033886,-1.0433887
