wind_kz.json
{"header": {"discipline":0,"disciplineName":"Meteorological products","gribEdition":2,"gribLength":1025,"center":7,"centerName":"US National Weather Service - NCEP(WMC)","subcenter":0,"refTime":"2023-08-18T18:00:00.000Z","significanceOfRT":1,"significanceOfRTName":"Start of forecast","productStatus":0,"productStatusName":"Operational products","productType":1,"productTypeName":"Forecast products","productDefinitionTemplate":0,"productDefinitionTemplateName":"Analysis/forecast at horizontal level/layer at a point in time","parameterCategory":2,"parameterCategoryName":"UnknownDiscipline_0_Category_2","parameterNumber":2,"parameterNumberName":"UnknownParameter_D0_C2_2","parameterUnit":"Unknown","genProcessType":2,"genProcessTypeName":"Forecast","forecastTime":120,"surface1Type":103,"surface1TypeName":"Specified height level above ground","surface1Value":10.0,"surface2Type":255,"surface2TypeName":"Missing","surface2Value":0.0,"gridDefinitionTemplate":0,"gridDefinitionTemplateName":"Latitude_Longitude","numberPoints":615,"shape":6,"shapeName":"Earth spherical with radius of 6,371,229.0 m","gridUnits":"degrees","resolution":48,"winds":"true","scanMode":64,"nx":41,"ny":15,"basicAngle":0,"lo1":47.0,"la1":41.0,"lo2":87.0,"la2":55.0,"dx":1.0,"dy":1.0}, "data":
[rows 0 to 14 of 15, columns 0 to 40 of 41]
-3.3122845,-0.44228455,3.0977154,1.4977155,1.5077155,2.2377155,2.8977156,3.8377154,3.1477156,4.1677155,-1.7022846,-2.3222845,-1.2722845,1.9977155,-3.3822846,-2.6622846,-0.72228456,2.0577154,-2.3822846,-2.0122845,-1.2322845,0.51771545,-0.33228454,-0.43228453,2.8977156,-2.7122846,-2.8722847,0.24771546,0.97771543,2.3377154,0.13771546,-0.83228457,-0.29228455,0.38771546,-3.3522844,-3.3222845,-3.3022845,-4.2322845,-5.9522843,-1.1822846,-0.44228455
1.4377154,2.9677155,2.0277154,3.9577155,2.9377155,3.7977154,5.1077156,3.1277153,4.9677153,0.62771547,0.43771544,-2.2422845,-0.13228455,1.4477154,-1.6822846,-2.4122846,-0.71228456,-2.3722847,-2.5722845,-1.5322845,-0.93228453,1.5477154,1.8777155,-1.7922845,-0.77228457,0.037715454,-1.5422845,0.8677155,-3.5522845,-0.36228454,0.16771546,-0.41228455,0.27771544,-1.6322845,1.0077155,-0.68228453,-1.0322845,-2.9022846,1.6277155,0.9277155,-1.5922846
2.3477154,-2.8522844,2.9177155,5.3577156,3.3877153,3.4777155,4.1677155,4.8477154,2.6777155,5.6477156,2.7277155,0.51771545,-0.59228456,-3.7822845,-3.6722846,-3.8722847,-2.7622845,-0.27228454,-0.27228454,1.5277154,-0.9422845,0.9277155,-1.2622845,-2.1722846,-0.10228454,-0.20228454,3.2577155,0.037715454,-2.7522845,0.50771546,-0.6922845,1.9877155,0.07771546,-0.13228455,0.49771544,-1.8722845,1.1777154,0.33771545,2.6077154,-0.32228455,2.1377153
0.78771544,3.2477155,4.2177153,5.9377155,3.5177155,3.1677155,3.8777153,2.0277154,3.4077156,0.9277155,0.50771546,1.9477154,-2.6622846,-3.1522846,-2.1022844,-1.6322845,1.3677155,0.35771546,2.3777153,-0.14228454,-0.25228456,0.017715454,3.5777154,1.4877155,1.9777155,1.9977155,-2.3922846,-5.2922845,-4.3222847,-3.7722845,-4.3822846,-1.3422846,1.3377155,-3.1222847,-3.1622846,-2.4322846,-2.4522846,1.3477155,1.0977155,1.2477155,1.9177154
4.3077154,6.7077155,7.9477153,6.0877156,4.7477155,4.4077153,4.3877153,2.4977155,3.0777154,2.9977155,3.4977155,1.8877155,0.017715454,0.30771545,0.7977154,2.5377154,3.1477156,3.9477155,3.9977155,3.6277153,0.9277155,2.3877153,3.2977154,2.3577154,3.9277155,-4.0722847,-5.0522847,-4.0022845,-4.8022847,-4.5522847,-4.8122845,-2.6122847,-2.1722846,0.7477155,1.1777154,1.7477155,-0.23228455,-2.6822846,-2.2022846,0.0077154543,-0.11228455
3.7677155,2.8777153,4.6877155,2.2377155,4.5877156,3.9577155,4.1377153,3.9577155,4.7277155,5.2377152,4.7877154,4.7177153,2.2077155,3.5277154,3.4977155,2.3477154,3.1377153,3.2177155,0.22771545,-0.17228454,2.8777153,3.2977154,3.3777153,2.4577155,1.6877154,-1.0122845,-2.0822845,-4.3422847,-3.9422846,-2.8322845,-1.8122846,-1.4422846,-2.6222847,-1.5222845,-0.43228453,-2.1722846,0.27771544,1.1577154,-0.062284544,-2.2922845,-3.0022845
4.6677155,4.6577153,3.0877154,3.5777154,5.3677154,5.1977153,5.9677153,3.5177155,4.2177153,4.2677155,4.1477156,2.8877153,3.7777154,2.4077156,2.7677155,4.7977157,3.2377155,3.6677155,3.1577156,0.6877155,2.1177154,0.34771547,-0.032284547,0.34771547,0.6877155,-1.0422845,0.20771545,-1.8922845,0.6777155,-0.48228455,2.1177154,1.4877155,3.4077156,-1.0322845,-1.9322846,-2.4422846,-1.8422846,2.4877155,-0.26228455,1.1977154,2.2177155
4.8277154,5.0877156,5.9377155,6.3077154,6.4177155,2.3377154,2.8777153,2.9977155,2.4577155,-0.022284545,0.78771544,5.6777153,5.2477155,5.5577154,1.5077155,5.2277155,4.2177153,5.6477156,3.7577155,2.0877154,2.4277155,-1.8922845,2.7977154,-0.022284545,2.6377153,0.26771545,0.30771545,2.0377154,1.8477155,-0.68228453,-3.1222847,-3.7322845,-3.5722845,-0.92228454,-1.5122845,1.0777154,0.9277155,2.4077156,1.8377155,1.4077154,-1.9622846
3.8277154,4.757715,5.0577154,5.7877154,3.7477155,2.8377154,1.6877154,-0.36228454,-1.0222845,1.0677154,2.4677155,3.9177155,7.2977157,4.6177154,7.6477156,2.0177155,2.6977155,2.3077154,0.89771545,0.94771546,0.88771546,2.6077154,2.2977154,3.6977155,0.6877155,3.2977154,-0.33228454,2.2177155,-1.5522846,-2.0522845,-0.46228454,0.047715455,1.2177155,-0.24228455,0.9377155,-0.052284546,1.6377155,-1.6622845,-1.5722846,0.35771546,-1.1922846
2.8977156,5.8577156,5.757715,3.5077155,5.7977157,0.17771545,-0.13228455,1.3477155,0.16771546,3.2477155,4.507715,5.5377154,2.6377153,2.8277154,0.45771545,-0.35228455,-2.8822846,-0.58228457,-3.0422845,-0.37228453,1.3577155,3.4077156,1.2877154,2.5177155,-1.3022846,2.4777155,-0.24228455,0.89771545,0.42771545,-0.38228455,-0.86228454,-1.1222845,-1.6322845,-0.61228454,-2.2822845,-0.79228455,-1.9122845,0.34771547,-2.7322845,-0.22228454,-0.42228454
4.4377155,5.5677156,5.2677155,4.5277157,4.3277154,1.9577155,2.9877155,3.1177154,2.8077154,4.1177154,4.1577153,3.1077154,1.6977154,1.2477155,-0.5022845,0.8677155,3.7177155,2.6577156,-0.55228454,1.5677154,1.3277154,3.0777154,2.6877155,0.53771544,0.9877155,1.7277155,0.15771545,0.30771545,-1.9622846,-3.2522845,-3.6222847,-3.6822846,-4.3922844,-3.4122846,-2.7722845,-2.1122847,-1.6522845,-0.45228454,-1.0522846,0.96771544,-0.91228455
4.5477157,4.2377152,5.6677155,5.2177153,2.6077154,3.2377155,5.4877152,1.8677155,4.4877152,2.6477156,0.84771544,1.2477155,-0.6422846,-1.2022846,-3.1522846,-1.3422846,-0.032284547,0.37771547,-4.4422846,-0.31228456,2.7377155,5.9777155,1.6877154,1.9277154,2.5177155,1.6977154,0.83771545,-1.8222846,-3.2822845,-4.6722846,-3.9022846,-4.6422844,-2.6322846,-3.5222845,-2.1222847,-2.0822845,-0.80228454,-0.9522846,0.32771546,0.56771547,-0.55228454
1.7377155,2.1477156,2.4477155,1.2777154,1.6577154,0.22771545,-1.0222845,2.4077156,3.0577154,1.1377155,-0.022284545,-0.6322845,-2.8422844,-3.8022845,-3.7922845,-3.2522845,0.50771546,-1.0122845,-0.8122845,0.28771546,-0.36228454,-1.7722845,-1.9122845,-1.1622845,0.71771544,4.8777156,0.56771547,-2.9122846,-3.5922844,-3.3622847,-4.3322845,-3.1622846,-3.5222845,-3.4122846,-2.1822846,-1.8222846,-0.45228454,-0.5122845,-0.5022845,0.017715454,-1.0422845
1.5077155,1.2077155,1.9677155,1.9177154,1.6677154,-0.47228456,-2.1522846,-1.3022846,0.15771545,-0.26228455,-0.93228453,-1.5422845,-2.5222845,-2.6922846,-2.7722845,-2.2122846,-2.4622846,-2.1522846,-1.7222846,-1.9022845,-0.80228454,1.0177155,1.6977154,1.8277154,0.17771545,3.8677154,2.6977155,-2.9122846,-2.8122845,-3.0822845,-3.0322845,-3.0522845,-2.4322846,-1.9922845,-1.3422846,-1.0622846,0.09771545,-0.32228455,-0.97228456,-0.29228455,-0.6422846
0.19771546,0.64771545,0.6177155,-0.6922845,-0.91228455,-1.9722846,-0.32228455,-1.0222845,0.29771546,-1.7622845,-1.9122845,-0.96228456,-1.4322846,-0.78228456,-1.7822845,-1.4722846,-2.2522845,-2.3622847,-1.5422845,-1.1222845,-1.6222845,-2.6622846,-0.5722845,1.9877155,3.2277155,3.1977155,1.0577154,1.1477154,-2.0422845,-2.5622845,-3.1022844,-3.1722846,-2.4822845,-2.0522845,-1.7822845,-1.3822845,-0.72228456,0.42771545,2.2177155,-1.7122846,-1.0722846
