wind.json
{"header": {"discipline":0,"disciplineName":"Meteorological products","gribEdition":2,"gribLength":1211,"center":7,"centerName":"US National Weather Service - NCEP(WMC)","subcenter":0,"refTime":"2023-07-02T06:00:00.000Z","significanceOfRT":1,"significanceOfRTName":"Start of forecast","productStatus":0,"productStatusName":"Operational products","productType":1,"productTypeName":"Forecast products","productDefinitionTemplate":0,"productDefinitionTemplateName":"Analysis/forecast at horizontal level/layer at a point in time","parameterCategory":2,"parameterCategoryName":"UnknownDiscipline_0_Category_2","parameterNumber":2,"parameterNumberName":"UnknownParameter_D0_C2_2","parameterUnit":"Unknown","genProcessType":2,"genProcessTypeName":"Forecast","forecastTime":0,"surface1Type":103,"surface1TypeName":"Specified height level above ground","surface1Value":10.0,"surface2Type":255,"surface2TypeName":"Missing","surface2Value":0.0,"gridDefinitionTemplate":0,"gridDefinitionTemplateName":"Latitude_Longitude","numberPoints":688,"shape":6,"shapeName":"Earth spherical with radius of 6,371,229.0 m","gridUnits":"degrees","resolution":48,"winds":"true","scanMode":64,"nx":43,"ny":16,"basicAngle":0,"lo1":45.0,"la1":40.0,"lo2":87.0,"la2":55.0,"dx":1.0,"dy":1.0}, "data":
[rows 0 to 15 of 16, columns 0 to 42 of 43]
1.2528272,-2.857173,-1.7971729,-1.6471728,0.84282714,2.372827,1.2628272,-0.37717286,-0.55717283,-1.1771729,1.9528271,1.9928272,2.812827,3.322827,3.7628272,4.1328273,3.9028273,4.892827,7.022827,3.5228271,0.22282715,1.0328271,3.2428272,0.56282717,2.7928271,2.2928271,0.42282715,0.8028271,-0.11717285,-0.18717285,-0.37717286,-0.01717285,0.8028271,0.51282716,0.91282713,0.38282716,0.6228272,0.72282714,0.38282716,-0.60717285,-0.05717285,0.6128271,2.582827
-2.2671728,0.66282713,-0.33717287,1.5628271,-1.7771728,1.9028271,2.4528272,2.2928271,3.5428271,2.072827,2.9028273,2.9428272,3.2428272,3.4928272,4.8428273,5.702827,4.812827,3.7828271,5.1528273,4.812827,3.3028271,4.212827,4.3828273,1.9628272,3.4028273,4.962827,-0.37717286,2.7628272,4.582827,2.562827,0.7928271,1.5528271,1.7528272,0.75282717,0.22282715,-0.40717286,0.70282716,1.6828271,2.4328272,3.0328271,4.722827,5.182827,1.7828271
-1.8471729,0.82282716,0.65282714,-3.4771729,-0.7671729,1.6028272,4.522827,5.1328273,6.372827,4.512827,4.312827,4.3028274,4.6328273,5.3228273,4.6728272,5.252827,6.6128273,5.582827,5.6728272,5.3828273,5.252827,4.482827,4.912827,3.642827,4.122827,4.602827,1.3428272,-1.3271729,0.5528271,-0.09717285,2.592827,1.6928271,0.7428272,0.97282714,-0.45717284,0.27282715,0.39282715,2.882827,4.452827,6.762827,2.4928272,-0.83717287,-2.0471728
-1.2371728,0.47282714,0.97282714,3.1928272,5.4028273,5.832827,6.232827,7.102827,7.6128273,8.172827,7.1728272,6.432827,5.252827,5.2828274,6.1528273,5.1528273,6.662827,5.3628273,8.122828,7.762827,5.4028273,2.0228271,-2.5071728,0.94282717,3.842827,6.9028273,-0.99717283,-1.9071728,-3.937173,-3.367173,3.0528271,-0.04717285,1.6828271,-1.2371728,1.1728271,2.362827,-1.0471729,1.8628272,3.0228271,-0.25717285,7.222827,7.582827,5.292827
3.312827,4.442827,5.372827,6.3028274,6.972827,6.5928273,7.952827,7.852827,8.752827,8.342827,7.712827,7.932827,7.3028274,6.4028273,5.182827,7.1328273,6.6528273,7.8028274,8.592827,5.892827,5.3028274,3.312827,2.5328271,-0.92717284,-4.487173,-5.567173,-7.107173,-7.187173,-8.857173,-9.627172,-7.3471727,-3.627173,-2.397173,-1.5271728,-4.167173,-1.4671729,0.6128271,0.66282713,1.5828271,1.5828271,-0.15717286,1.9428271,2.2928271
4.232827,5.1128273,5.9228272,7.852827,7.792827,7.1728272,7.162827,7.4028273,8.422827,9.742827,9.742827,8.762827,7.792827,7.232827,5.692827,7.222827,5.732827,6.042827,7.482827,5.1328273,2.6628273,-1.1771729,-6.8871727,-5.9271727,-7.817173,-9.597173,-10.197173,-9.867173,-11.187173,-9.8371725,-9.827173,-8.917172,-7.317173,-5.1971726,0.57282716,0.82282716,-2.117173,-0.9471729,2.882827,0.27282715,1.4828272,3.092827,3.892827
6.352827,6.4228272,6.942827,6.972827,7.982827,8.322827,8.602827,9.002827,9.382827,8.302827,8.332828,8.512827,7.9228272,6.6128273,5.742827,5.662827,4.932827,4.8828273,3.6528273,2.5428271,-2.867173,-5.9671726,-5.507173,-7.017173,-7.6771727,-8.177173,-8.667172,-10.547173,-10.877172,-6.1771727,-9.257173,-8.477173,-8.327173,-6.5771728,-5.037173,-2.8071728,-2.367173,3.6628273,2.822827,4.162827,2.392827,0.48282716,2.352827
7.3828273,7.662827,8.292828,8.492827,8.262827,8.122828,8.152827,8.382827,8.572827,8.642827,8.952827,7.3628273,6.602827,5.8828273,5.972827,6.912827,5.292827,5.4228272,4.472827,0.35282716,-3.657173,-5.337173,-6.647173,-5.3871727,-6.067173,-6.9471726,-7.707173,-7.3471727,-7.457173,-6.837173,-5.797173,-5.687173,-6.6371727,-6.187173,-5.1571727,-2.177173,0.09282715,2.4528272,0.49282715,-0.58717287,4.5728273,-0.55717283,2.7128272
7.4028273,7.272827,7.512827,8.322827,8.472827,8.272827,8.042828,7.912827,8.102827,7.502827,6.932827,7.1128273,5.6528273,5.442827,6.1128273,6.492827,4.832827,6.8228273,3.0528271,0.83282715,-1.9671729,-3.7571728,-4.247173,-4.527173,-3.8071728,-3.127173,-2.8271728,-3.2771728,-3.627173,-3.2071729,-4.227173,-4.147173,-4.417173,-4.357173,-4.607173,-4.067173,-2.5971727,-0.67717284,2.0428271,4.082827,7.102827,6.022827,5.392827
6.5328274,6.732827,6.9228272,7.272827,7.582827,7.912827,7.012827,7.482827,7.732827,7.752827,6.722827,5.962827,5.692827,5.0728273,6.5328274,6.122827,2.572827,-0.01717285,2.5528271,2.7728271,0.75282717,-1.2571728,-2.187173,-1.5371728,-2.5871727,-1.6371728,-1.3471729,-0.43717286,-0.8871729,-1.2671728,-1.4371729,-1.7071729,-3.187173,-3.5671728,-3.137173,-2.667173,-1.1371728,-0.027172852,-0.53717285,-1.3571728,-0.47717285,0.70282716,1.0928272
6.872827,6.522827,6.182827,6.3228273,6.212827,6.1128273,6.562827,6.502827,7.122827,6.3228273,5.202827,4.392827,5.622827,5.732827,6.202827,6.002827,3.5228271,-0.107172854,1.8028271,4.452827,-0.7071729,-2.2271729,-1.6071728,-2.0171728,-3.0071728,-2.917173,-3.6971729,-3.647173,-2.0871727,-2.7471728,-2.7471728,-3.0871727,-2.647173,-3.5071728,-2.677173,-2.397173,-1.9871728,-0.77717286,1.5828271,0.32282716,-0.46717286,-1.2971729,0.10282715
6.262827,6.182827,6.162827,5.8828273,5.932827,5.982827,5.772827,5.1328273,5.442827,3.5428271,1.9128271,3.602827,4.0728273,5.412827,4.742827,0.20282716,-0.09717285,0.36282715,3.342827,2.2728271,-2.0471728,-2.3171728,-3.7771728,-4.6371727,-4.357173,-4.057173,-3.7771728,-3.5671728,-3.417173,-2.9471729,-2.7271729,-3.4571729,-2.7371728,-1.5971729,-1.3871728,-2.7971728,-2.0571728,-1.8171729,-0.54717284,0.29282716,0.9928272,0.03282715,0.9828271
5.462827,5.472827,5.0328274,5.142827,5.372827,5.452827,5.452827,5.192827,3.2128272,2.5528271,2.342827,3.2828271,3.612827,4.682827,3.4328272,-1.0671729,-1.2671728,4.932827,-0.067172855,-0.7671729,-2.5971727,-3.667173,-5.297173,-4.737173,-4.1771727,-4.127173,-2.937173,-3.0771728,-2.937173,-2.5871727,-3.117173,-1.6871729,-0.49717286,0.96282715,2.112827,1.9328271,-0.7671729,0.50282717,0.96282715,-1.2471728,-1.0871729,1.2728271,1.3728272
4.462827,4.932827,4.142827,4.482827,4.4028273,4.5328274,4.202827,2.862827,3.0228271,3.602827,3.7728271,2.9928272,2.4328272,2.372827,1.2328272,-0.65717286,1.7728271,0.45282716,-0.37717286,-1.9371729,-2.3171728,-4.027173,-3.9471729,-3.427173,-2.4971728,-1.4171729,-2.397173,-1.2671728,-0.9471729,-1.6071728,-0.6971729,0.012827149,0.64282715,0.23282714,1.6828271,2.882827,1.9728272,1.6728271,1.3228271,1.7928271,1.0528271,2.4728272,1.3728272
3.9828272,3.4828272,4.3228273,4.102827,3.632827,4.2828274,3.372827,1.2128272,2.2528272,2.9828272,3.4628272,2.382827,2.572827,-1.2171729,0.46282715,3.2428272,0.90282714,2.4528272,-1.3071729,-2.647173,-1.4371729,-2.8171728,-2.607173,-1.6871729,-1.2671728,-0.41717285,-0.27717286,0.03282715,0.022827148,0.57282716,1.4028271,1.2828271,1.5328271,-0.027172852,0.82282716,2.4428272,2.612827,2.612827,2.122827,2.9928272,1.7128272,1.6228272,2.082827
3.7928271,3.5128272,3.2628272,4.082827,4.142827,4.212827,3.5428271,2.5228271,3.842827,2.0128272,3.142827,3.382827,-0.48717284,1.1728271,-2.2671728,1.1528271,4.202827,0.9928272,1.9628272,-2.857173,-1.7071729,-2.0371728,-1.0771729,-0.32717285,0.14282715,0.9328272,2.1828272,2.342827,1.8828272,1.4728272,1.5628271,1.5628271,-0.14717285,1.8628272,1.5928272,0.7928271,1.4728272,2.122827,2.332827,3.1628273,2.822827,2.1828272,1.8028271
