wind_kz.json
{"header": {"discipline":0,"disciplineName":"Meteorological products","gribEdition":2,"gribLength":1025,"center":7,"centerName":"US National Weather Service - NCEP(WMC)","subcenter":0,"refTime":"2023-09-22T12:00:00.000Z","significanceOfRT":1,"significanceOfRTName":"Start of forecast","productStatus":0,"productStatusName":"Operational products","productType":1,"productTypeName":"Forecast products","productDefinitionTemplate":0,"productDefinitionTemplateName":"Analysis/forecast at horizontal level/layer at a point in time","parameterCategory":2,"parameterCategoryName":"UnknownDiscipline_0_Category_2","parameterNumber":3,"parameterNumberName":"UnknownParameter_D0_C2_3","parameterUnit":"Unknown","genProcessType":2,"genProcessTypeName":"Forecast","forecastTime":180,"surface1Type":103,"surface1TypeName":"Specified height level above ground","surface1Value":10.0,"surface2Type":255,"surface2TypeName":"Missing","surface2Value":0.0,"gridDefinitionTemplate":0,"gridDefinitionTemplateName":"Latitude_Longitude","numberPoints":615,"shape":6,"shapeName":"Earth spherical with radius of 6,371,229.0 m","gridUnits":"degrees","resolution":48,"winds":"true","scanMode":64,"nx":41,"ny":15,"basicAngle":0,"lo1":47.0,"la1":41.0,"lo2":87.0,"la2":55.0,"dx":1.0,"dy":1.0}, "data":
[rows 0 to 14 of 15, columns 0 to 40 of 41]
0.56678957,-1.9432105,5.3567896,7.0867896,3.4967895,1.2367896,1.7767895,1.3667896,0.08678955,-0.07321045,-1.9932104,-2.1532104,-3.0332105,-3.7832105,-4.7332106,-5.4232106,-5.8332105,-4.9732103,-5.2932105,-2.8232105,-1.7332104,-2.4532104,-1.6932105,0.65678954,-0.65321046,-0.36321044,-0.66321045,1.0067896,-0.02321045,2.5267897,0.87678957,0.96678954,0.23678955,-1.3532104,-0.99321043,-0.68321043,0.20678955,2.0567896,1.4567895,2.7667894,2.2667894
3.2967896,2.1467896,10.10679,7.8967896,4.7667894,2.5767896,2.4167895,2.4567895,2.5967896,1.5367895,-0.37321046,-2.2732105,-2.8932104,-3.2132103,-3.9932106,-4.1732106,-3.8332105,-4.2732105,-6.7332106,-4.6932106,-3.8332105,-3.7632105,-1.2332104,1.7667896,1.7967895,-0.11321045,-1.0032104,1.5567895,-0.80321044,1.7467896,1.4267895,3.3867896,0.0067895507,-0.28321046,-1.6932105,-1.3632104,-1.4032104,-3.4932106,-1.3332105,-2.3232105,0.51678956
3.0767896,6.8667893,6.4167895,5.7067895,2.9467895,2.1867895,2.7167895,3.9567895,2.9267895,1.0867896,-0.06321045,-0.98321044,-2.3632104,-2.5732105,-3.4632103,-4.7432103,-4.8832107,-4.6732106,-4.4832106,-5.5432105,-6.4432106,1.9667896,-5.6632104,-1.6732105,-1.2232105,-0.15321045,0.64678955,0.13678955,-0.31321046,1.3367896,3.0267897,0.84678954,1.9267895,-0.15321045,-0.5732105,2.2467895,3.3767896,0.6167896,-0.21321045,-1.0232104,0.13678955
2.4067895,4.0967894,4.2067895,3.6667895,1.0567895,1.0367895,3.3367896,3.9267895,1.1167896,-0.62321043,-1.0232104,0.72678953,-0.31321046,-2.7032104,-3.1932104,-4.4332104,-5.6232104,-4.3632107,-3.9932106,-5.1632104,-6.5632105,-3.2032104,-3.2832105,-3.2232103,-2.9832106,-3.8432105,-2.7332106,-1.0132104,1.7567896,2.2667894,3.0867896,-0.90321046,-1.2432104,-1.8332105,-0.16321045,-1.9532105,-0.52321047,2.7867897,0.01678955,0.9967896,0.41678956
1.8367896,2.2067895,2.4667895,2.0367897,0.8567895,-0.22321045,-0.33321044,0.39678955,-0.74321043,-1.9732105,-3.0832105,-1.0832105,-1.0232104,-2.8232105,-4.7632103,-4.4332104,-5.1332107,-3.9532104,-2.9532104,-4.3932104,-4.09321,-3.6832104,-3.5432105,-3.1932104,-2.5232105,-2.3432105,-2.8032105,-2.8632104,-2.0232105,2.0567896,2.5267897,1.3467896,1.8367896,2.7967896,-1.1332104,-0.53321046,0.05678955,-0.04321045,-1.7932105,0.14678955,-1.0132104
0.31678954,-0.37321046,0.11678955,-0.28321046,0.28678954,0.36678955,0.14678955,-1.5532105,-0.5732105,-1.2232105,-1.3532104,-1.4932104,-3.4232104,-4.1632104,-3.9032104,-4.0232105,-4.8332105,-4.9932103,-2.3832104,-3.4532104,-4.0832105,-5.6632104,-7.4232106,-3.5932105,-1.6132104,-0.44321045,-2.1032104,-2.8932104,-1.1532104,0.08678955,3.1767895,2.5067894,2.5367897,1.6267896,2.1967895,1.4867896,2.5767896,2.1967895,-4.3932104,-1.0132104,-1.0632105
0.46678954,0.5567896,0.28678954,0.41678956,-0.38321045,-0.60321045,-0.15321045,0.77678955,-0.55321044,-0.8132104,-1.8332105,-1.3832104,-2.3132105,-3.3232105,-3.6332104,-4.1432104,-4.2532105,-4.59321,-4.9832106,-4.0632105,-6.09321,-5.9732103,-8.88321,-7.8632107,-3.8632104,1.2267896,-2.8932104,-2.9732103,-1.2432104,2.3567896,1.9467895,-1.6732105,-3.2632105,-0.20321044,-0.79321045,-0.86321044,-1.6132104,0.62678957,-0.43321046,0.6067895,-0.28321046
1.0667895,1.1167896,0.5467895,0.44678956,-0.48321044,0.0067895507,0.40678954,0.23678955,0.16678955,-0.54321045,-0.45321044,-0.6332104,-2.5432105,-3.4132104,-4.1832104,-4.6832104,-3.5932105,-3.6932104,-4.3532104,-4.4632106,-5.9832106,-7.4932103,-7.5832105,-8.0632105,-6.9532104,-3.1732104,-1.8432105,-2.2932105,-2.9432104,-1.8932104,-1.4132104,-1.6032104,-2.6232104,-3.5832105,0.21678954,-0.06321045,-1.4032104,0.8567895,0.0067895507,1.2667896,-2.3432105
1.2367896,1.1967895,0.7467896,0.096789554,-0.35321045,1.1167896,1.2467896,0.97678953,0.8567895,0.88678956,-0.37321046,-1.1532104,-2.4432104,-1.9032104,-3.0932105,-4.2232103,-4.5732102,-4.3932104,-3.1932104,-3.2332106,-3.4032104,-5.0732102,-6.9832106,-7.0032105,-8.163211,-6.9432106,-4.09321,-3.8132105,-1.7232105,-0.87321043,-2.2132103,-3.8632104,-2.4332104,-2.9532104,-1.7632104,-0.68321043,-2.0832105,-0.41321045,0.7967895,0.66678953,1.0167896
1.6867895,1.3567896,1.1267896,0.5467895,0.31678954,0.9267895,2.0567896,1.8067895,1.9667896,1.3367896,0.64678955,-0.10321045,-1.3532104,-2.2932105,-3.1632104,-2.5932105,-3.4632103,-3.4532104,-2.2932105,-3.5032105,-2.9032104,-3.0432105,-4.2332106,-5.2632103,-5.6932106,-5.0832105,-5.8632107,-4.4532104,-4.4032106,-4.8932104,-1.5032104,-1.7232105,-3.1532104,-3.6832104,-1.9332105,-0.37321046,0.5567896,-1.4632105,-0.29321045,2.7867897,2.5867896
1.8267895,1.7667896,1.9567895,0.44678956,-0.10321045,0.96678954,1.3267895,1.4767896,1.6867895,1.1767895,0.8067896,0.6167896,0.46678954,-1.1832105,-2.3032105,-2.7432106,-2.2632105,-3.5732105,-1.9332105,-1.9232105,-2.1332104,-2.6032104,-2.9732103,-3.2432106,-3.4232104,-3.8332105,-3.0632105,-4.2932105,-4.7432103,-4.2132106,-4.0032105,-0.54321045,-2.1732104,-2.8332105,-3.7932105,-2.2632105,0.05678955,1.7167896,0.7367895,1.1267896,0.41678956
0.89678955,1.4367895,1.7967895,1.9867896,1.8567896,0.96678954,0.57678956,0.65678954,0.07678955,0.52678955,0.15678956,-0.55321044,0.5467895,0.97678953,-0.30321044,-0.7632105,-1.0032104,-2.6332104,-0.54321045,-0.14321046,-0.67321044,-1.1632104,-1.6032104,-2.0032105,-2.9632103,-2.3332105,-1.7932105,-2.5132105,-3.0432105,-3.3432105,-3.2532105,-1.7932105,-1.6132104,-1.9132104,-2.1932104,-3.8032105,-3.1932104,-1.8632104,-1.0632105,-0.42321044,0.19678955
1.8567896,1.6767895,1.7667896,1.7467896,1.8567896,0.94678956,0.8567895,1.0767895,0.78678954,1.1867895,0.18678956,-0.44321045,0.26678956,0.9967896,0.95678955,0.90678954,0.08678955,-0.49321043,-1.5632105,1.1667895,1.8467896,1.3567896,1.3667896,0.22678955,-0.78321046,0.78678954,-0.68321043,-1.8132105,-1.9232105,-3.0832105,-2.6232104,-1.2532104,-1.2532104,-1.6532104,-1.8432105,-2.1032104,-2.8432105,-2.0432105,-2.4532104,-1.8732104,-0.90321046
2.3167896,2.0867896,1.6567895,2.4667895,1.7367896,1.7867895,1.4767896,1.7067895,1.5767895,2.1967895,1.9567895,0.16678955,-0.28321046,0.41678956,0.16678955,1.2167896,1.3567896,1.2867895,0.65678954,0.45678955,2.0367897,2.0567896,2.1167896,1.4867896,0.87678957,-1.3432105,-1.1632104,-0.21321045,-1.1332104,-2.1232104,-1.4932104,-1.3432105,-1.2132105,-1.1032104,-1.4332105,-1.6932105,-1.9232105,-2.3432105,-2.3332105,-1.5232104,-1.6032104
2.0167894,1.8467896,1.4067895,2.4467895,2.6067896,2.1067896,1.5367895,2.0367897,1.2667896,1.1567895,1.7867895,2.1567895,2.2967896,0.25678957,0.97678953,0.7467896,1.3767896,1.6267896,2.0567896,1.8867896,1.7167896,2.5067894,2.3967896,2.3167896,2.4567895,1.4367895,0.03678955,0.94678956,0.04678955,-0.06321045,-0.83321047,-0.17321044,0.026789552,-0.30321044,-0.30321044,-1.2832104,-1.3832104,-1.5932105,-2.3832104,-3.2832105,-1.0432105
