wind_kz.json
{"header": {"discipline":0,"disciplineName":"Meteorological products","gribEdition":2,"gribLength":1102,"center":7,"centerName":"US National Weather Service - NCEP(WMC)","subcenter":0,"refTime":"2023-09-20T12:00:00.000Z","significanceOfRT":1,"significanceOfRTName":"Start of forecast","productStatus":0,"productStatusName":"Operational products","productType":1,"productTypeName":"Forecast products","productDefinitionTemplate":0,"productDefinitionTemplateName":"Analysis/forecast at horizontal level/layer at a point in time","parameterCategory":2,"parameterCategoryName":"UnknownDiscipline_0_Category_2","parameterNumber":2,"parameterNumberName":"UnknownParameter_D0_C2_2","parameterUnit":"Unknown","genProcessType":2,"genProcessTypeName":"Forecast","forecastTime":120,"surface1Type":103,"surface1TypeName":"Specified height level above ground","surface1Value":10.0,"surface2Type":255,"surface2TypeName":"Missing","surface2Value":0.0,"gridDefinitionTemplate":0,"gridDefinitionTemplateName":"Latitude_Longitude","numberPoints":615,"shape":6,"shapeName":"Earth spherical with radius of 6,371,229.0 m","gridUnits":"degrees","resolution":48,"winds":"true","scanMode":64,"nx":41,"ny":15,"basicAngle":0,"lo1":47.0,"la1":41.0,"lo2":87.0,"la2":55.0,"dx":1.0,"dy":1.0}, "data":
[rows 0 to 14 of 15, columns 0 to 40 of 41]
0.9096753,1.4196754,-3.5403247,-5.590325,-4.210325,-1.1503247,-6.460325,-5.670325,-6.7503247,-4.7303247,-4.4803247,-3.3103247,-3.7703247,-3.3303246,-2.7003248,-1.6703247,-0.8503247,-1.0103247,-1.4703248,-0.2403247,0.48967528,0.11967529,2.6896753,3.7596753,1.3996753,2.6396754,3.4496753,1.0496753,-0.4203247,0.6796753,2.3596754,-1.8503247,-1.8103247,-1.3103247,-0.2103247,1.3196753,1.2896752,0.5496753,0.7496753,1.2896752,-0.3903247
0.1496753,-3.5703247,-6.590325,-4.900325,-2.9203248,2.1596754,-5.630325,-5.7503247,-5.400325,-5.4703245,-4.030325,-3.2203248,-4.6403246,-3.8203247,-3.3903246,-2.6303246,-0.99032474,-1.7103248,-6.7003245,-3.9403248,-1.6303247,-0.05032471,-1.1203247,1.6696754,0.7496753,-1.3503247,0.4396753,-1.1003247,-4.340325,-0.9703247,0.079675294,-0.4203247,-0.20032471,-2.6303246,0.56967527,0.6996753,0.42967528,-0.5003247,-1.1403247,-1.6403247,1.5996753
-7.320325,-7.9303246,-6.9803247,-5.130325,-1.1403247,-4.1003246,-4.7203245,-4.130325,-6.5203247,-5.8903246,-5.9803247,-5.5403247,-4.5103245,-5.0603247,-5.1603246,-4.550325,-4.0603247,-3.8403246,-3.4903247,-7.690325,-10.800324,-10.560325,-9.7203245,-10.850325,-6.0803246,-6.5603247,-5.150325,-2.2203248,-1.9303247,-1.6503247,-0.5603247,-1.8303246,-0.17032471,-0.9603247,-2.5703247,-0.8403247,0.9496753,-1.1503247,6.4896755,3.7996752,2.0196753
-9.100325,-8.580325,-5.9703245,-1.7303247,-2.1503248,-5.2903247,-4.800325,-6.0603247,-5.3903246,-6.210325,-6.900325,-5.9303246,-3.6703248,-2.5203247,-7.0403247,-7.880325,-8.900325,-10.020325,-11.100325,-10.990325,-11.200325,-13.300324,-9.680325,-9.880324,-10.340324,-10.070325,-9.690325,-8.950325,-8.620325,-4.800325,-2.0503247,-0.1803247,3.2396753,2.1196754,2.1196754,1.9796753,-1.1503247,2.8096752,0.1296753,-0.3403247,0.56967527
-8.790325,-7.9303246,-7.110325,-6.3303246,-4.9503245,-5.9103246,-5.940325,-5.590325,-5.150325,-6.690325,-7.0603247,-6.5603247,-4.300325,-0.5203247,-4.170325,-9.350325,-10.190325,-9.920324,-10.040325,-10.400325,-11.770325,-10.7203245,-10.390325,-10.150325,-10.340324,-10.000324,-8.990325,-8.800324,-7.5203247,-6.5003247,-5.9703245,-2.8703246,-2.2403247,-0.4403247,-2.6103246,-0.9403247,5.8196754,-2.9403248,-2.7003248,-1.3403248,-4.820325
-6.9303246,-6.6403246,-5.8503246,-5.7603245,-5.0603247,-3.7503247,-5.070325,-4.6403246,-4.780325,-5.0603247,-5.9303246,-6.670325,-6.2303247,-4.590325,-6.6203246,-8.060325,-8.920324,-9.4703245,-9.900325,-9.570325,-9.960324,-8.840324,-8.710324,-8.930325,-8.660325,-8.870325,-8.430325,-4.8703246,-7.7403245,-6.6603246,-6.280325,-5.960325,-4.340325,-2.9303248,-0.3903247,0.4496753,0.26967528,3.2496753,-0.7503247,-4.7703247,-3.8703246
-5.9103246,-5.880325,-6.2403245,-4.440325,-2.3303246,-5.8503246,-5.7003245,-5.7303247,-5.710325,-5.6203246,-5.8303246,-6.170325,-6.1803246,-6.860325,-6.860325,-6.860325,-6.920325,-6.960325,-7.190325,-7.610325,-7.7603245,-7.090325,-6.190325,-6.1203246,-7.030325,-5.9503245,-6.4903245,-6.5103245,-6.710325,-5.710325,-5.800325,-6.0003247,-5.4103246,-2.2803247,-0.48032472,0.56967527,-0.4003247,-0.08032471,1.1496753,1.2196753,5.0696754
-5.1603246,-5.1003246,-4.5603247,-4.070325,-5.2603245,-5.3503246,-5.2303247,-5.150325,-5.150325,-5.110325,-5.440325,-6.0003247,-5.9803247,-6.2203245,-5.900325,-5.8503246,-5.2203245,-5.4103246,-5.1403246,-5.6203246,-5.7903247,-5.4803247,-5.210325,-4.5003247,-5.0103245,-4.6603246,-4.170325,-3.6203246,-6.0003247,-3.4503248,-4.7903247,-4.360325,-4.2303247,-3.7403247,-3.8803246,-0.87032473,0.1496753,5.619675,6.639675,7.5896754,6.659675
-5.1003246,-5.3503246,-4.9303246,-4.5103245,-4.6403246,-4.670325,-4.880325,-4.6603246,-4.7903247,-4.710325,-4.690325,-4.960325,-5.0603247,-4.530325,-4.320325,-4.1203246,-4.150325,-4.1003246,-3.9903247,-3.2703247,-3.6003246,-3.5003247,-2.7803247,-2.7703247,-2.8003247,-3.6203246,-3.2103248,-1.9103247,-2.3803246,-1.9003247,-3.3603246,-3.3003247,-2.1403246,-1.8603247,-1.6603247,-0.48032472,-0.4903247,-0.20032471,-1.9903247,1.4296753,-1.1603247
-4.3903246,-3.5703247,-3.6603248,-3.7903247,-4.3903246,-3.8703246,-3.8803246,-3.8903246,-3.8303246,-3.7203248,-3.9103248,-4.0403247,-3.4003248,-2.9403248,-2.8303246,-2.3903246,-2.1703248,-2.3503246,-2.1403246,-1.8603247,-1.7503247,-1.5903248,-1.2403247,-1.2003247,-1.6103247,-2.5503247,-1.0603247,-0.2803247,-1.6603247,-2.9303248,-1.8603247,-2.1103246,-1.7703247,-1.2003247,-1.9903247,0.18967529,1.1696754,0.11967529,-2.0403247,-0.6903247,0.5596753
-2.3803246,-2.7203248,-1.6203247,-1.8803247,-2.0503247,-2.6903248,-3.5203247,-2.6103246,-2.7503247,-2.3603246,-2.5203247,-2.7403247,-1.4803247,-1.8603247,-1.9903247,-1.5303247,-1.2903247,-0.7703247,-0.030324707,-0.1503247,-0.20032471,-1.9003247,-0.5603247,-1.3503247,-1.4803247,-0.12032471,-3.2470704E-4,-0.100324705,-2.5803246,-2.1503248,-2.3003247,-2.1003246,-1.1503247,-1.6303247,-1.3603247,-0.4503247,-0.9203247,0.5896753,1.1096753,0.3496753,-0.32032472
-0.5403247,0.3196753,-1.8303246,-1.9503247,-1.6103247,-1.1803247,-1.3803247,-1.1703247,-1.4203247,-1.0203247,-0.5003247,-1.0303247,0.2396753,0.7896753,0.36967528,0.3596753,0.6196753,0.5496753,0.5496753,0.9396753,1.3796753,1.0896753,1.6196753,1.2696753,2.2396753,1.3496753,0.2996753,-0.6903247,0.4396753,-0.7903247,-1.6803247,-0.8103247,-0.48032472,0.049675293,-1.1803247,-1.2503247,-1.4803247,-1.0003247,-1.2303247,-1.2603247,-0.5103247
2.3996754,1.3196753,1.5896753,1.0796753,0.3596753,-0.38032472,-0.2503247,0.11967529,-0.060324706,-0.19032471,0.9496753,1.4696753,0.079675294,1.9496753,0.9596753,1.4096752,1.2096753,1.7796752,-0.14032471,0.9596753,1.4296753,1.2696753,1.1196753,1.5196753,0.7796753,1.4496753,1.5196753,1.0296752,1.9096752,-0.100324705,0.03967529,0.6896753,0.4696753,0.9396753,1.6896753,1.0296752,0.8996753,0.8596753,0.81967527,0.81967527,-1.2803247
3.5496752,3.4296753,0.3196753,3.7396753,2.0296752,1.7496753,1.7796752,1.6196753,1.0796753,0.7296753,1.6796753,1.5096753,-0.32032472,1.0296752,1.7896752,1.8996753,2.1296754,2.0896752,2.5596752,3.0096753,1.8796753,2.8396752,3.3196752,2.3796754,2.9596753,3.1196754,3.4896753,2.1696754,1.0996753,0.7796753,-0.7603247,1.6896753,1.3896753,2.3796754,1.3096753,1.9596753,0.8696753,1.7496753,2.4696753,-0.4003247,0.7096753
3.3496752,4.7696753,2.3196752,4.8396754,3.7396753,3.1996753,3.0096753,2.5396752,2.5996752,1.0496753,1.2496753,2.7496753,1.4796753,1.5396752,1.7996753,2.0796752,2.6596754,2.8696754,3.1396754,3.3196752,3.1896753,3.4796753,2.9996753,3.0496752,3.1596754,4.3396754,1.1796753,2.0696752,1.7796752,-0.4303247,1.5896753,2.4996753,1.6396753,2.6896753,1.9896753,2.8096752,1.7196753,2.8496752,3.3096752,1.7696753,-0.1303247
