wind_kz.json
{"header": {"discipline":0,"disciplineName":"Meteorological products","gribEdition":2,"gribLength":1025,"center":7,"centerName":"US National Weather Service - NCEP(WMC)","subcenter":0,"refTime":"2023-08-26T18:00:00.000Z","significanceOfRT":1,"significanceOfRTName":"Start of forecast","productStatus":0,"productStatusName":"Operational products","productType":1,"productTypeName":"Forecast products","productDefinitionTemplate":0,"productDefinitionTemplateName":"Analysis/forecast at horizontal level/layer at a point in time","parameterCategory":2,"parameterCategoryName":"UnknownDiscipline_0_Category_2","parameterNumber":3,"parameterNumberName":"UnknownParameter_D0_C2_3","parameterUnit":"Unknown","genProcessType":2,"genProcessTypeName":"Forecast","forecastTime":120,"surface1Type":103,"surface1TypeName":"Specified height level above ground","surface1Value":10.0,"surface2Type":255,"surface2TypeName":"Missing","surface2Value":0.0,"gridDefinitionTemplate":0,"gridDefinitionTemplateName":"Latitude_Longitude","numberPoints":615,"shape":6,"shapeName":"Earth spherical with radius of 6,371,229.0 m","gridUnits":"degrees","resolution":48,"winds":"true","scanMode":64,"nx":41,"ny":15,"basicAngle":0,"lo1":47.0,"la1":41.0,"lo2":87.0,"la2":55.0,"dx":1.0,"dy":1.0}, "data":
[rows 0 to 14 of 15, columns 0 to 40 of 41]
3.1118505,0.17185059,0.5218506,-0.06814942,-3.1681495,-5.6181493,-4.8481493,-2.9881494,-4.1481495,-1.7081494,-2.9581494,-3.2281494,-2.5281494,-2.2181494,-1.5981494,-1.4381495,0.4818506,-1.3481494,-2.6981494,-2.6681495,-3.4981494,-3.8981495,-3.3581495,0.16185059,-1.6781495,0.8818506,-1.9281495,1.1518506,1.4418505,1.8618506,-2.9081495,-0.27814943,1.1118506,1.1618506,2.0218506,2.4218507,-0.51814944,0.23185058,0.9318506,-0.8681494,-0.24814941
1.1318506,2.0518506,1.6118506,-1.2881494,-3.6981494,-6.2281494,-5.4981494,-3.4281495,-3.8381493,-2.4381495,-2.9581494,-2.3781495,-2.7781494,-2.9381495,-3.0881493,-4.7081494,-5.6581492,-2.8381493,-4.0381494,-1.6581494,-1.3681494,-2.0981493,-1.9081494,0.5718506,2.6018505,3.2418506,-0.21814941,3.4318507,1.0018506,2.9118507,3.5818505,2.8018506,-0.88814944,2.0918505,1.0818505,-1.5081494,-1.3281494,-2.0981493,-1.1381494,-1.7781494,-0.69814944
2.2818506,3.9118507,0.9718506,-2.8381493,-5.4881496,-4.7281494,-2.9281495,-0.57814944,-2.4781494,-2.9281495,-3.7881494,-3.2481494,-0.06814942,3.0518506,-0.23814942,-2.3881495,-3.1581495,-3.5081494,-4.0981493,-2.3681495,-0.10814942,2.9618506,-0.008149414,0.6518506,0.12185059,1.2118506,1.0118506,1.6018506,0.23185058,0.5018506,5.4118505,2.6418505,1.9518505,-1.6381494,-2.6981494,2.8518505,1.1318506,-4.0681496,-1.1381494,0.6418506,-0.4481494
0.8718506,2.1018505,-0.4481494,-4.3781495,-4.928149,-5.5781493,-5.5081496,-5.468149,-3.9281495,-3.8581495,-4.698149,-4.7381496,-2.8281493,1.1918505,-0.5681494,-1.7781494,-1.8281494,-2.8581495,-2.9281495,-4.2781496,0.4218506,1.1118506,-0.3881494,-1.2681494,-1.1681495,-4.7881494,-1.5681494,-1.4581494,-2.2581494,-2.3481493,-3.4181495,-3.8281493,-1.1481494,1.7118506,-0.9881494,0.24185058,1.4318506,1.5718505,1.8218505,0.85185057,-1.1181494
2.3918505,2.3918505,1.7018505,-1.4281495,-2.0481493,-2.4681494,-3.2081494,-3.8981495,-3.6281495,-2.5981493,-2.7181494,-3.0781493,-3.3881495,2.3318505,2.8318505,1.2318506,-1.3281494,-0.9781494,-1.6281494,-2.1281495,-1.1281494,-1.8681494,-3.0881493,-3.8681495,-2.8981495,-1.6781495,-1.9181495,-0.6781494,1.5218506,-2.2881494,-1.7781494,-0.5681494,1.5118506,4.571851,0.21185058,-1.9881494,-6.7281494,1.4218506,2.7118506,-0.21814941,-1.9281495
2.8518505,1.9118506,1.5718505,0.6518506,-1.6881495,-5.6881495,-3.0981493,-4.1881495,-2.8981495,-3.1081495,-2.7381494,-2.1781495,-2.0281494,-1.3281494,0.28185058,2.3218505,0.21185058,-0.9781494,-0.8781494,-1.0581495,0.8218506,0.4218506,-0.6881494,-0.22814941,-0.49814942,-1.0981494,-3.6781495,2.0618505,1.5718505,2.7718506,-0.038149413,-2.1281495,-2.4281495,-1.1681495,0.9718506,-3.2181494,-1.4281495,-1.0081494,-3.5781493,1.4918506,-3.8981495
-0.2681494,-1.1181494,-2.5981493,-3.0781493,-3.0881493,-3.7981493,-3.7681494,-3.5481493,-3.5381494,-3.2581494,-3.5981493,-3.6081495,-3.5081494,-3.2381494,-3.7481494,-1.0281494,0.79185057,0.9518506,0.14185059,-1.6781495,0.6318506,-0.31814942,0.18185058,1.4018506,3.0018506,1.2818506,0.9518506,-2.5181494,-2.1781495,2.9618506,3.5318506,1.4818506,-0.23814942,0.60185057,-2.4581494,-2.0881493,-1.5681494,0.5818506,-0.4581494,-2.6181495,-7.4981494
-0.8681494,-1.8281494,-2.6381495,-2.6781495,-3.2381494,-2.9081495,-3.3381493,-3.9281495,-3.1081495,-4.698149,-4.9881496,-4.428149,-4.0881495,-3.6581495,-1.5081494,-0.9681494,-0.27814943,-0.33814943,0.15185058,1.5318506,-0.3881494,1.4018506,2.5918505,1.7318506,0.6318506,4.0618505,2.6318505,1.7618506,0.43185058,-2.6981494,3.0818505,3.0418506,2.6718507,1.9118506,3.2418506,1.1318506,0.101850584,-1.1381494,0.6818506,0.61185056,-1.9181495
0.061850585,-0.8081494,-2.5081494,-3.1481495,-3.3481493,-3.5081494,-3.1981494,-2.1581495,-2.6781495,-3.4281495,-2.1081495,-3.2581494,-3.7881494,-3.5581493,-2.1781495,-3.6381495,-2.0981493,-1.0681494,3.0418506,2.1018505,1.6218506,1.8718506,2.9718506,1.0718505,0.43185058,3.2118506,3.3518505,2.9918506,2.1118505,2.5418506,1.0918506,3.2218506,3.7818506,4.2218504,3.5518506,3.1718507,-2.5181494,1.3718506,2.0118506,0.5918506,0.5718506
-1.2181494,-2.4381495,-2.6281495,-2.5981493,-2.7881494,-3.5981493,-3.8581495,-4.0081496,-3.2181494,-1.6681495,-3.4781494,-3.8181493,-5.9881496,-4.8281493,-3.7581494,-3.6481495,-2.0881493,-1.5381494,-0.8481494,3.1918507,3.3918505,2.3418505,2.1018505,3.0618505,1.7418506,3.1818507,1.6418506,1.5618505,1.8218505,1.8818506,3.6418505,2.1618507,-1.4481494,-0.8781494,3.4318507,2.7818506,0.86185056,-2.0381494,2.0318506,4.7118506,2.6818507
-0.5881494,-1.1881495,-1.9481494,-3.5981493,-2.0781493,-2.6181495,-3.3881495,-3.4681494,-3.9981494,-2.9481494,-1.8781494,-3.8181493,-3.1081495,-4.178149,-5.4381495,-3.3681495,-3.1781495,-3.7781494,-1.8681494,0.16185059,5.2218504,5.4918504,3.9218507,3.3918505,2.4418507,3.0218506,1.9018506,2.3218505,1.8018506,-1.8181494,2.7018507,0.5018506,-2.6681495,-3.1781495,2.3218505,3.0418506,1.7018505,2.4118507,1.7318506,1.1318506,-0.2981494
-1.3681494,-2.3681495,-2.3881495,-3.8581495,-2.8281493,-2.6481495,-2.4281495,-2.5881493,-2.8781495,-2.2081494,-1.4781494,-5.2981496,-5.7881494,-6.8281493,-6.0881495,-4.4881496,-4.3381495,-3.8781495,-3.4981494,-1.1281494,-0.2681494,3.1818507,5.8118505,4.5118504,4.0218506,3.9518507,4.0118504,2.7818506,2.0518506,-0.51814944,-1.2381494,1.0918506,-1.3081495,-3.6881495,0.2018506,2.4118507,3.5318506,3.4018507,2.1118505,1.0818505,-0.16814941
-0.95814943,0.31185058,-1.5781494,-2.1281495,-2.7381494,-1.3681494,-1.9081494,-2.1481495,-3.4581494,-2.5081494,-1.0281494,-4.1281495,-6.6481495,-5.928149,-5.3681493,-5.1081495,-3.7481494,-3.2181494,-2.5581493,-2.2781494,-0.22814941,2.8618505,4.3518505,5.1718507,4.1818504,5.1818504,4.781851,3.8118505,3.9918506,2.3418505,1.8818506,-1.0481495,1.3018506,-1.5881494,-0.69814944,0.13185059,2.8118505,1.5118506,2.5518506,1.5918506,-1.1381494
-1.4381495,-1.0681494,-2.2281494,-2.7881494,-2.2981493,-1.2381494,-1.5081494,-2.4881494,-1.9881494,-2.8381493,-0.25814942,-1.8981494,-6.0381494,-5.8381495,-6.1181493,-5.7881494,-4.6381493,-3.7181494,-2.6081495,-0.9281494,0.07185058,3.1918507,3.9118507,3.9918506,3.9318507,4.5618505,5.3718505,5.5618505,4.5818505,3.9318507,2.7818506,1.3718506,2.6318505,1.2018505,-0.8681494,-1.3581494,0.85185057,0.9318506,1.2918506,1.6318506,1.8418506
-1.2281494,-1.1881495,-3.2081494,-2.3081493,-3.3181493,-3.0981493,-2.0381494,-1.6781495,-3.2781494,-2.4781494,-2.2581494,-0.76814944,-2.5381494,-3.7281494,-6.5281496,-6.7381496,-6.468149,-6.0881495,-3.0981493,-1.4381495,-0.69814944,-0.058149412,2.7418506,4.4018507,4.9218507,6.051851,6.6918507,5.6318507,4.4718504,3.7618506,4.2018504,3.2618506,3.4918506,0.54185057,-2.0381494,-1.7181494,1.6118506,2.7318506,1.6918505,1.3218505,0.15185058
