wind_kz.json
{"header": {"discipline":0,"disciplineName":"Meteorological products","gribEdition":2,"gribLength":1025,"center":7,"centerName":"US National Weather Service - NCEP(WMC)","subcenter":0,"refTime":"2023-08-19T18:00:00.000Z","significanceOfRT":1,"significanceOfRTName":"Start of forecast","productStatus":0,"productStatusName":"Operational products","productType":1,"productTypeName":"Forecast products","productDefinitionTemplate":0,"productDefinitionTemplateName":"Analysis/forecast at horizontal level/layer at a point in time","parameterCategory":2,"parameterCategoryName":"UnknownDiscipline_0_Category_2","parameterNumber":2,"parameterNumberName":"UnknownParameter_D0_C2_2","parameterUnit":"Unknown","genProcessType":2,"genProcessTypeName":"Forecast","forecastTime":240,"surface1Type":103,"surface1TypeName":"Specified height level above ground","surface1Value":10.0,"surface2Type":255,"surface2TypeName":"Missing","surface2Value":0.0,"gridDefinitionTemplate":0,"gridDefinitionTemplateName":"Latitude_Longitude","numberPoints":615,"shape":6,"shapeName":"Earth spherical with radius of 6,371,229.0 m","gridUnits":"degrees","resolution":48,"winds":"true","scanMode":64,"nx":41,"ny":15,"basicAngle":0,"lo1":47.0,"la1":41.0,"lo2":87.0,"la2":55.0,"dx":1.0,"dy":1.0}, "data":
[rows 0 to 14 of 15, columns 0 to 40 of 41]
-5.7848926,-1.3148925,2.1351075,1.4151074,-1.2448926,-7.774893,-9.764893,-9.074893,-9.124892,-4.9848924,-4.3648925,-4.6748924,-5.6448927,-4.8748927,-4.7348924,-4.5348926,-4.3348927,-3.8048925,-4.6948924,-2.2348926,-0.96489257,1.5651075,-0.3448926,-1.9048926,0.34510744,-3.3748925,-1.7248926,0.4051074,0.8551074,0.23510742,-0.8048926,1.3651074,-1.1048926,1.1651074,-3.2448926,-3.2448926,-3.9348927,-3.4248927,-4.2548923,-3.6448927,-3.8148925
1.8551074,1.1551074,-1.4548926,-2.3148925,-3.1148925,-8.154893,-8.084892,-8.044892,-4.8648925,-4.9548926,-7.4148927,-5.7548923,-2.6348925,-4.314893,-4.4148927,-4.3748927,-3.8748925,-5.0848927,-3.9148927,-1.8748926,-0.8848926,-2.5848925,-0.85489255,-2.6648927,-0.13489258,1.2451074,-1.0848926,1.1551074,-2.2048926,-1.4948926,0.39510742,-0.5048926,-1.0348926,-2.3248925,0.5051074,0.70510745,-0.27489257,-0.23489258,-0.7648926,0.8151074,-7.044893
0.035107423,-4.6248927,-2.2748926,-3.1148925,-2.6748927,-7.3448925,-6.5148926,-4.4148927,-8.624892,-7.2548923,-5.814893,-5.6848927,-3.1848927,-4.6948924,-3.2648926,-4.3948927,-4.4148927,-3.0148926,-2.7048926,-3.0348926,-1.1248926,-6.5548925,-6.6748924,-7.5748925,-1.6148926,-3.9048927,0.65510744,1.7151074,-1.6048926,-0.19489259,-0.2548926,1.5751075,0.6051074,0.4651074,0.09510742,-0.91489255,-0.33489257,0.025107421,1.9651074,0.31510743,1.4151074
-3.5448925,-4.6448927,-4.4448924,-2.2848926,-4.6348925,-4.3648925,-4.2648926,-6.0348926,-6.7548923,-5.6648927,-4.9848924,-4.5848927,-4.7648926,-3.6848927,-1.5148926,-3.0048926,-3.1548927,-3.5348926,-2.8648925,-3.0648925,-2.8748925,-6.0348926,-3.0648925,-4.4048924,-6.3248925,-5.7448926,-4.9548926,-7.7248926,-4.3748927,-1.3648926,-0.90489256,-1.0448925,2.9051075,2.8951075,-0.8148926,-0.36489257,-1.3748926,2.1851075,0.3751074,-0.6748926,-0.24489258
-3.6148925,-5.4948926,-5.024893,-3.5648925,-5.0048923,-5.9048924,-6.8248925,-5.7448926,-5.5548925,-4.8748927,-4.1248927,-2.6548927,-0.9948926,-2.5848925,-1.1348926,-2.2748926,-1.9748926,-2.5848925,-2.0348926,-2.3848925,-3.2248926,-2.8748925,-2.8048925,-2.7448926,-3.9948926,-4.0848927,-5.564893,-3.5148926,-2.0948925,-1.3448926,-1.1348926,-2.4348927,-1.3448926,2.3551073,0.70510745,1.3651074,0.15510742,-1.9848926,-2.2348926,-3.1648927,-2.9048927
-3.1048925,-3.1748927,-5.4648924,-6.1848927,-8.8448925,-8.024893,-4.7648926,-3.6448927,-2.7548926,-2.3148925,-1.0748925,0.48510742,1.0551075,0.9951074,0.075107425,-0.45489258,-1.9048926,-1.6348926,-0.32489258,0.25510743,-1.3348926,-1.4148926,-2.0848925,-1.9948926,-1.4648926,-2.6248925,-0.49489257,-2.4548926,-0.6148926,0.7451074,1.9351075,2.8051074,1.9751074,1.9751074,0.5651074,1.8351074,0.23510742,0.6651074,1.0551075,-1.6248926,-3.2348926
-1.8148925,-2.6148925,-3.0748925,-3.3248925,-4.1948924,-3.6248925,-3.3648925,-3.2748926,-2.0348926,-2.0448925,-1.4848926,-2.1548927,-2.4948926,-1.6348926,-2.6048925,-2.8048925,-1.9348925,-0.65489256,-1.5948926,-0.30489257,0.95510745,0.84510744,0.6351074,-2.7048926,-1.5548925,-1.2348926,-0.8348926,-1.7948925,-0.54489255,0.59510744,-0.5548926,-0.04489258,4.7451077,0.58510745,-0.6148926,-0.60489255,-1.0448925,2.7551074,-2.3548925,1.3351074,-1.3448926
-1.9948926,-1.5748925,-2.9548926,-2.0448925,-0.24489258,-2.0248926,-2.1548927,0.33510742,1.6851075,0.97510743,0.115107425,0.42510742,1.4551075,0.71510744,1.3351074,2.5751073,1.0151074,-0.15489258,-0.3748926,-1.3148925,0.89510745,2.0351074,3.1151075,0.6751074,0.18510742,0.24510743,1.2551074,1.2051075,1.0051074,-2.2048926,-2.5548925,-2.3648925,-3.2748926,-1.8748926,-2.9148927,1.4051074,-0.18489258,0.09510742,-0.96489257,-2.5248926,-2.4148927
-2.1248925,-1.0048926,-0.23489258,0.29510742,1.4551075,1.2651074,-0.024892578,0.29510742,2.0551074,1.9351075,2.0951073,1.5751075,2.5451074,3.5651073,4.0551076,3.1251075,0.055107422,-2.0348926,-3.3248925,-1.1348926,-0.064892575,0.44510743,0.18510742,-2.3148925,-3.0948925,-3.1548927,-0.8948926,1.8551074,1.1251074,0.72510743,0.95510745,1.4851074,-0.38489258,-1.9748926,-1.4448925,1.1051074,0.015107422,-1.7948925,-1.0548925,0.2751074,-0.04489258
-0.8848926,-1.1448926,-1.0348926,1.1651074,1.7351074,0.025107421,-1.0548925,1.2151074,2.3351073,2.1451075,2.9051075,3.5851073,3.9651074,4.7451077,4.2751074,-3.7648926,-3.0048926,-2.5248926,-2.0248926,-0.96489257,-0.13489258,1.3751074,2.2951074,0.9251074,0.15510742,0.5151074,1.3151075,0.90510744,-0.11489258,-0.33489257,0.035107423,0.24510743,1.2951074,0.29510742,-0.54489255,0.28510743,-0.2848926,1.2051075,-1.1848925,0.90510744,0.5651074
-0.9448926,-0.8048926,-1.1048926,-0.3448926,-0.16489258,-0.65489256,0.53510743,2.1651075,1.6351074,1.7451074,2.5051074,3.3451073,5.1051073,3.3451073,-2.8148925,-2.2248926,-2.2848926,-1.4348925,-1.0348926,0.38510743,2.6251075,3.0151074,3.4951074,3.7751074,3.5851073,3.0651073,2.4951074,1.0651075,-0.12489258,-0.90489256,-0.27489257,1.0351074,0.89510745,2.1751075,2.1251075,-0.11489258,-0.7348926,1.3351074,0.28510743,0.42510742,-0.04489258
1.5451074,-0.08489258,-0.53489256,-0.9848926,-0.014892578,-0.5648926,0.42510742,0.6251074,1.3951074,2.0851073,1.7851074,4.4451075,-1.9448925,-2.8348925,-1.4848926,-1.6148926,-1.2148926,-0.14489257,0.9251074,2.5551074,1.7851074,2.3551073,1.4251075,-0.26489258,0.09510742,1.9751074,1.1051074,-1.9348925,-2.5048926,0.12510742,0.4051074,-0.2848926,-0.24489258,0.6051074,2.3251073,1.9651074,1.3551074,0.8651074,0.115107425,0.45510742,0.44510743
2.3651075,0.9251074,-0.33489257,-0.24489258,0.25510743,-0.23489258,0.6351074,1.2351074,2.7551074,2.1651075,0.5751074,0.59510744,-0.96489257,-1.4248925,-1.3948926,-0.43489257,0.83510745,1.8651074,2.1851075,1.2251074,0.20510742,-0.4448926,0.18510742,-0.35489258,0.31510743,-0.32489258,1.0551075,1.8251075,2.5251074,2.5951073,3.1351075,2.4251075,2.0151074,2.9551075,2.3051074,0.39510742,0.4951074,1.2851074,0.17510742,0.33510742,-0.9948926
3.1151075,2.4251075,1.7851074,0.45510742,-0.39489257,0.3051074,1.1351074,1.9751074,1.4251075,-0.32489258,-1.4148926,-0.66489255,0.9351074,0.28510743,0.70510745,1.6751075,1.4251075,-0.6948926,-2.0948925,-0.0048925783,0.90510744,0.6351074,1.4451075,2.0051074,2.9751074,3.0151074,2.8251073,3.5551074,3.0751073,2.4951074,3.0951073,2.1751075,0.32510743,1.0951074,2.0751073,1.3551074,0.64510745,2.5751073,0.4951074,0.33510742,-0.40489256
0.44510743,4.3351073,0.53510743,1.5051074,0.9451074,0.5751074,1.5151074,-0.85489255,-2.8848925,-2.1648927,-2.0448925,-1.0548925,-0.8348926,0.09510742,-1.5148926,-2.2248926,-1.7448926,-0.27489257,0.5051074,1.5251074,0.6651074,1.3051075,2.3451073,3.5551074,3.7651074,3.2451074,2.6651075,3.6951075,4.3151073,3.2051075,2.9251075,2.2551074,-0.35489258,0.72510743,2.8251073,3.1351075,1.7751074,2.5951073,1.7951074,0.90510744,-0.08489258
