wind_kz.json
{"header": {"discipline":0,"disciplineName":"Meteorological products","gribEdition":2,"gribLength":1025,"center":7,"centerName":"US National Weather Service - NCEP(WMC)","subcenter":0,"refTime":"2023-09-28T00:00:00.000Z","significanceOfRT":1,"significanceOfRTName":"Start of forecast","productStatus":0,"productStatusName":"Operational products","productType":1,"productTypeName":"Forecast products","productDefinitionTemplate":0,"productDefinitionTemplateName":"Analysis/forecast at horizontal level/layer at a point in time","parameterCategory":2,"parameterCategoryName":"UnknownDiscipline_0_Category_2","parameterNumber":3,"parameterNumberName":"UnknownParameter_D0_C2_3","parameterUnit":"Unknown","genProcessType":2,"genProcessTypeName":"Forecast","forecastTime":120,"surface1Type":103,"surface1TypeName":"Specified height level above ground","surface1Value":10.0,"surface2Type":255,"surface2TypeName":"Missing","surface2Value":0.0,"gridDefinitionTemplate":0,"gridDefinitionTemplateName":"Latitude_Longitude","numberPoints":615,"shape":6,"shapeName":"Earth spherical with radius of 6,371,229.0 m","gridUnits":"degrees","resolution":48,"winds":"true","scanMode":64,"nx":41,"ny":15,"basicAngle":0,"lo1":47.0,"la1":41.0,"lo2":87.0,"la2":55.0,"dx":1.0,"dy":1.0}, "data":
[rows 0 to 14 of 15, columns 0 to 40 of 41]
-2.299021,-2.189021,0.500979,-4.859021,-1.689021,0.950979,0.30097902,-0.149021,-0.729021,-0.089021,-1.599021,-0.769021,-0.979021,-1.719021,-2.429021,-2.569021,-2.269021,-1.379021,-1.189021,-0.469021,0.720979,0.160979,0.800979,-1.399021,-0.519021,-0.729021,-0.739021,1.090979,3.130979,4.390979,1.210979,0.990979,0.800979,-1.079021,-0.289021,0.090979,-0.44902098,1.440979,0.66097903,2.170979,2.050979
1.300979,-0.469021,-5.009021,1.160979,4.530979,3.200979,-0.659021,1.950979,0.20097901,0.480979,-0.429021,-1.939021,-1.579021,-1.389021,-3.249021,-3.019021,-1.569021,-1.919021,-1.659021,-0.469021,-0.049020994,-1.8690209,0.330979,1.780979,1.230979,1.300979,-1.179021,2.770979,1.090979,2.270979,3.870979,5.450979,1.790979,1.290979,-0.619021,-0.489021,0.710979,-1.509021,-1.009021,-2.329021,1.360979
-1.509021,-3.279021,-2.079021,-0.789021,3.010979,2.070979,1.6309791,0.730979,1.840979,0.260979,-0.25902098,-0.349021,-1.489021,-1.839021,-2.189021,-2.199021,-0.769021,-0.58902097,-0.949021,-0.859021,-1.399021,-1.649021,-1.019021,0.140979,1.1309791,0.23097901,0.550979,0.220979,-0.199021,0.990979,2.370979,9.79004E-4,0.990979,-0.339021,0.050979003,3.360979,5.500979,0.91097903,0.920979,0.49097902,0.60097903
-1.139021,-1.039021,0.410979,1.500979,1.490979,2.920979,2.610979,3.250979,3.380979,1.970979,0.830979,-0.039020997,-1.729021,-2.979021,-1.889021,-2.369021,-1.139021,-0.459021,-1.159021,-2.749021,-3.279021,-0.439021,-0.369021,0.100979,0.650979,0.040979005,-1.489021,0.240979,-1.139021,-2.489021,-1.479021,0.240979,0.650979,-1.3690209,0.150979,-3.849021,-1.339021,2.200979,1.170979,0.810979,-0.309021
-1.809021,-1.589021,-0.499021,0.700979,2.690979,3.090979,3.950979,7.130979,4.970979,3.170979,2.450979,0.470979,-2.109021,-2.739021,-2.969021,-1.079021,-1.349021,-1.839021,-2.629021,-3.119021,-2.979021,-2.319021,-0.689021,0.380979,0.780979,0.27097902,1.310979,-1.879021,0.560979,-1.569021,-4.369021,-2.119021,1.750979,3.430979,-0.749021,-2.099021,2.130979,-2.429021,-2.509021,0.080979005,-0.769021
-0.339021,-0.909021,-1.809021,-1.189021,-0.429021,1.420979,3.820979,5.780979,4.640979,3.280979,2.270979,0.470979,-2.769021,-1.169021,-2.019021,-2.279021,-1.839021,-2.299021,-3.729021,-3.369021,-3.369021,-1.8690209,1.480979,1.070979,1.240979,0.49097902,-0.319021,0.460979,-1.539021,-1.609021,-3.049021,-3.399021,-2.599021,-2.059021,1.030979,5.530979,2.520979,3.640979,0.07097901,-1.599021,-1.139021
2.180979,0.950979,0.050979003,0.550979,-0.309021,-0.089021,0.960979,5.370979,5.330979,4.120979,3.690979,1.910979,0.930979,-1.549021,-2.329021,-2.339021,-1.839021,-2.049021,-3.199021,-3.219021,-4.449021,-5.509021,-4.979021,0.190979,1.670979,0.380979,-2.649021,-2.709021,-4.699021,-3.889021,-4.419021,-6.039021,-6.019021,-2.819021,-1.269021,-1.539021,-2.939021,-0.58902097,1.890979,0.880979,1.570979
1.1309791,0.530979,1.550979,0.310979,0.320979,1.780979,1.830979,4.690979,6.240979,4.570979,4.290979,3.270979,1.940979,-0.039020997,-2.399021,-2.849021,-1.289021,-1.669021,-1.739021,-2.439021,-4.179021,-4.119021,-4.739021,-1.889021,-0.699021,0.49097902,0.240979,-1.849021,-2.599021,-4.809021,-4.869021,-4.159021,-5.239021,-4.759021,-0.759021,0.07097901,-0.419021,0.760979,-1.509021,0.500979,-2.129021
1.290979,0.60097903,1.140979,0.340979,-1.009021,0.830979,3.000979,3.840979,3.720979,4.700979,4.660979,3.200979,2.110979,0.700979,-1.549021,-2.779021,-2.429021,-0.619021,0.080979005,-1.759021,-0.779021,-2.889021,-3.389021,-1.859021,-0.979021,-0.25902098,9.79004E-4,-0.009020996,-0.47902098,-0.699021,-2.619021,-3.409021,-1.949021,-2.669021,-1.439021,-1.089021,-1.649021,-0.669021,0.91097903,0.320979,-2.649021
1.500979,0.780979,1.460979,0.280979,-0.039020997,1.710979,1.950979,3.330979,5.120979,4.400979,3.630979,3.710979,3.200979,2.730979,1.010979,-1.529021,-2.259021,-2.239021,-0.289021,-0.25902098,-0.64902097,-0.509021,-1.249021,-1.099021,-0.979021,-0.10902099,-1.089021,0.17097901,-0.469021,-1.349021,-0.809021,-1.579021,-2.899021,-2.569021,-1.539021,-0.609021,-0.009020996,-2.439021,-1.099021,2.150979,3.070979
0.840979,1.820979,2.150979,1.040979,-0.319021,2.270979,2.460979,1.910979,2.030979,1.720979,2.920979,3.280979,3.860979,3.610979,1.950979,0.620979,1.150979,0.07097901,-0.079021,0.23097901,0.830979,0.590979,-0.119021,-0.329021,-0.719021,0.540979,0.460979,0.670979,-0.619021,0.260979,-0.099020995,-1.449021,-2.899021,-2.999021,-2.489021,-0.399021,-0.009020996,2.230979,1.370979,1.340979,-0.249021
-2.489021,0.870979,1.720979,2.750979,2.760979,1.340979,1.710979,2.370979,2.050979,1.610979,1.780979,2.310979,3.430979,3.570979,3.400979,2.120979,2.540979,2.640979,1.3809791,1.080979,2.060979,1.260979,0.970979,0.800979,0.91097903,0.91097903,1.720979,1.620979,1.240979,0.480979,-0.279021,-1.099021,-1.6190209,-2.109021,-2.229021,-2.949021,-1.719021,0.420979,1.310979,1.500979,0.690979
-2.569021,-2.359021,-2.329021,2.160979,2.100979,1.370979,1.270979,2.220979,2.480979,1.660979,0.710979,2.050979,3.080979,2.870979,3.140979,3.000979,2.550979,3.180979,3.120979,2.800979,2.700979,2.520979,2.290979,2.120979,2.770979,2.560979,2.500979,2.240979,1.520979,0.800979,0.390979,-0.099020995,-0.779021,-1.159021,-1.219021,-1.169021,-1.589021,-1.089021,-1.439021,-0.989021,-0.269021
-1.259021,-2.639021,-3.949021,-2.439021,1.570979,3.120979,2.710979,3.050979,2.620979,2.830979,1.990979,0.680979,1.070979,2.790979,3.520979,3.490979,3.410979,3.350979,3.270979,3.200979,3.010979,3.010979,3.030979,2.830979,3.090979,2.760979,2.600979,2.700979,2.450979,2.200979,1.860979,1.250979,0.690979,0.450979,-0.019020997,-0.299021,-0.329021,-0.89902097,-1.009021,-0.239021,-0.249021
0.510979,-0.599021,-3.519021,-3.919021,-1.279021,-0.679021,0.91097903,3.190979,2.380979,2.200979,1.6309791,2.420979,2.270979,1.070979,3.230979,4.090979,4.250979,3.960979,3.730979,3.420979,3.390979,3.260979,3.020979,3.140979,3.190979,3.340979,3.380979,3.080979,2.820979,2.500979,1.830979,2.610979,2.090979,1.490979,1.320979,0.780979,0.800979,1.580979,0.91097903,1.300979,0.380979
