wind_kz.json
{"header": {"discipline":0,"disciplineName":"Meteorological products","gribEdition":2,"gribLength":1025,"center":7,"centerName":"US National Weather Service - NCEP(WMC)","subcenter":0,"refTime":"2023-09-29T06:00:00.000Z","significanceOfRT":1,"significanceOfRTName":"Start of forecast","productStatus":0,"productStatusName":"Operational products","productType":1,"productTypeName":"Forecast products","productDefinitionTemplate":0,"productDefinitionTemplateName":"Analysis/forecast at horizontal level/layer at a point in time","parameterCategory":2,"parameterCategoryName":"UnknownDiscipline_0_Category_2","parameterNumber":3,"parameterNumberName":"UnknownParameter_D0_C2_3","parameterUnit":"Unknown","genProcessType":2,"genProcessTypeName":"Forecast","forecastTime":120,"surface1Type":103,"surface1TypeName":"Specified height level above ground","surface1Value":10.0,"surface2Type":255,"surface2TypeName":"Missing","surface2Value":0.0,"gridDefinitionTemplate":0,"gridDefinitionTemplateName":"Latitude_Longitude","numberPoints":615,"shape":6,"shapeName":"Earth spherical with radius of 6,371,229.0 m","gridUnits":"degrees","resolution":48,"winds":"true","scanMode":64,"nx":41,"ny":15,"basicAngle":0,"lo1":47.0,"la1":41.0,"lo2":87.0,"la2":55.0,"dx":1.0,"dy":1.0}, "data":
[rows 0 to 14 of 15, columns 0 to 40 of 41]
1.4074194,0.21741943,-3.6225805,-8.922581,-9.6625805,-5.4125805,-3.8325806,-0.79258054,-2.5825806,-1.7325805,-0.5125806,0.43741944,-0.64258057,-1.9425806,-2.9425805,-3.8725805,-3.1325805,-1.8425806,-3.7725806,-2.8025806,-1.8425806,-4.112581,-0.21258056,1.0774194,1.6474195,1.4374194,1.1374195,1.3174194,0.0074194334,-0.7525806,0.17741944,2.1974194,-0.10258057,0.84741944,2.1674194,1.3074194,0.78741944,-0.7525806,-0.90258056,-1.2225806,1.0974194
-1.4925805,-1.8625805,-4.862581,-6.9925804,-7.7725806,-2.4625807,-1.6525806,-1.7025806,-4.4325805,-4.7525806,-2.4425805,-1.9325806,-0.64258057,-0.41258058,-2.5325806,-2.5225806,-1.9625806,-2.0825806,-1.9925805,-3.4225805,-3.9525805,-4.5325804,-2.8025806,0.97741944,3.1274195,3.0074193,3.0074193,2.5374193,-0.022580566,2.5374193,-0.13258056,0.59741944,1.0374194,1.2774194,1.8974195,2.6074195,1.6974194,1.9074194,1.4974195,-0.49258056,-0.21258056
0.9374194,0.10741943,-2.9225805,-5.0825806,-5.4025807,0.23741943,1.0374194,0.23741943,-0.86258054,-3.1525805,-2.9025805,-2.8325806,-1.0925806,-0.7025806,-1.0625806,-2.5225806,-2.3625805,-2.1225805,-2.4825807,-3.5225806,-2.8525805,-0.43258056,-0.18258056,1.2574195,-1.0225806,-1.4625806,-1.4225806,-2.2725806,-0.97258055,-2.5325806,0.17741944,0.71741945,-1.5825806,1.4874195,0.76741946,-2.1825805,-3.1225805,0.33741942,-0.8825806,2.4374194,2.6974194
1.8374194,1.3874195,0.20741944,-1.7225806,-1.3525805,0.44741943,2.2174194,1.5574194,0.71741945,-1.5025805,-2.3125806,-1.8325806,-3.0425806,0.17741944,-1.2725806,-2.0725806,-1.7125806,-2.3225806,-1.6025805,-3.0725806,-2.4925807,-0.47258055,1.2774194,0.78741944,-0.022580566,-1.4025806,-2.1225805,-1.5825806,-0.59258056,-1.8325806,-2.0025806,1.2074194,1.3674195,0.96741945,0.64741945,1.5574194,2.6774194,2.4574194,-3.3425806,-3.0225806,-3.7325807
-1.0125805,0.58741945,2.0674195,2.2474194,0.5674194,1.3874195,1.7374195,3.2074194,1.4874195,0.6174194,-1.2625805,-2.1925805,-2.3325806,-1.4525806,-0.89258057,-2.1725805,-3.1625805,-3.0425806,-2.4925807,-1.7625805,-0.6925806,1.1174195,0.9274194,0.8174194,0.48741943,-0.092580564,-0.012580566,-1.0725806,0.72741944,-0.6325806,-1.3525805,-0.7525806,2.5974195,1.4174194,0.59741944,1.7074194,0.5674194,1.5274194,-1.5525806,-3.4225805,-3.2025805
-3.4425805,-3.2325807,-3.0225806,-2.3325806,2.1874194,3.2074194,2.0574195,2.6974194,2.4674194,2.6874194,0.91741943,-3.4425805,-2.4625807,-0.85258055,-1.4125806,-1.7325805,-3.4025805,-3.0925806,-3.9925807,-1.7425805,1.8174194,1.2374195,1.8474194,1.5474194,1.5574194,1.2974194,0.22741944,-1.8825805,-1.6225805,0.20741944,0.087419435,-0.5725806,-0.31258056,-0.66258055,-1.5325806,-1.5025805,-2.7725806,-3.1525805,-2.9825807,2.9374194,-3.0325806
-2.7525806,-4.0425806,-4.1925807,-3.0725806,-2.9025805,-0.20258057,4.0474195,4.7174196,4.2874193,2.2974195,0.66741943,-2.8825805,-1.6125805,-3.3525805,-1.3225806,-0.96258056,-2.5025806,-3.5625806,-3.5725806,-1.0725806,1.4674194,1.7574195,3.1374195,2.5274193,2.3274195,0.64741945,-0.30258057,0.087419435,-1.9025806,-0.9925806,1.3074194,1.6074195,1.0574194,1.9674194,1.5874194,0.25741944,2.1274195,2.3474195,0.17741944,4.6074195,-5.0825806
-1.7725806,-3.6525805,-3.4825807,-2.8425806,-3.0825806,-3.4425805,1.7174194,3.5774195,2.8574195,2.2374194,3.1474195,4.7474194,1.6074195,-0.29258057,-1.9425806,0.70741946,-1.1125805,-2.8225806,-4.0825806,-1.1125805,1.4674194,2.0074193,1.5074195,2.3274195,1.7374195,1.5874194,0.96741945,0.06741943,0.14741944,-2.6125805,-0.83258057,-0.58258057,1.8474194,3.1474195,1.3274194,-0.22258057,-1.5625806,0.5474194,-0.97258055,-0.73258054,-0.14258057
-2.6625805,-3.2325807,-2.9125805,-2.7125807,-2.1525805,-2.8125806,-2.7125807,-1.8125806,0.45741943,1.4874195,1.7274194,2.5774195,1.6374195,4.2074194,0.5074194,1.6474195,0.9374194,-1.3025806,-2.8525805,-2.3625805,2.0574195,2.3774195,2.1274195,2.2374194,2.2774193,2.3474195,1.5274194,1.3874195,1.2274194,0.85741943,-0.122580566,-2.0325806,-2.9325805,-1.2825806,-0.8825806,0.48741943,1.5974194,2.3574195,1.7074194,1.9474194,1.1374195
-0.67258054,-2.1125805,-1.8325806,-0.97258055,-1.2825806,-2.3925805,-2.3325806,-2.7725806,-0.92258054,-0.30258057,1.4674194,2.4674194,3.3074195,4.5174193,4.0474195,1.3074194,3.1674194,1.0674194,-0.79258054,-1.8925805,0.12741943,1.8574195,2.2274194,2.2874193,3.0974195,2.6174195,2.0974195,1.9074194,1.8174194,0.89741945,-0.5525806,-1.6825806,-2.6225805,-1.4125806,-0.8825806,1.8174194,1.6174195,2.3474195,2.0574195,0.9974194,0.44741943
1.2174194,0.09741943,-0.97258055,-1.2425805,-0.79258054,-2.9025805,-2.9825807,-3.0725806,-1.5725806,-1.1825806,0.58741945,2.1374195,2.6674194,5.1474195,5.0274196,1.9074194,3.4174194,2.5674195,1.6674194,0.43741944,0.6174194,1.1674194,2.7774193,3.1474195,3.0074193,3.0574195,2.5174193,2.3174195,1.4174194,-0.012580566,-0.7025806,-0.86258054,-0.022580566,-0.6825806,-0.90258056,0.32741943,1.9574194,0.9374194,1.4674194,1.8574195,0.64741945
1.8174194,2.1074195,1.1574194,0.60741943,-0.72258055,-0.5625806,-2.6325805,-3.5425806,-2.8225806,-2.0625806,0.29741943,0.32741943,3.0874195,2.9774194,2.4574194,1.8974195,2.4174194,2.9874194,2.9674194,2.0874195,1.9874195,1.8474194,2.4774194,2.6574194,2.8174195,3.1474195,2.4974194,2.4874194,1.9474194,0.96741945,-0.042580567,-0.8125806,-1.2625805,-0.14258057,1.0874194,0.9474194,1.0074195,0.18741943,0.53741944,0.64741945,0.37741944
2.1374195,3.0774195,2.7274194,1.3874195,0.83741945,0.037419435,-0.40258056,-1.9625806,-3.2425807,-1.2725806,0.23741943,0.9974194,1.9374194,1.9874195,1.2374195,1.9474194,3.2574193,2.5774195,3.6574194,3.6374195,3.8674195,3.4474194,2.6274195,3.4474194,3.4174194,3.3874195,3.1874194,2.6874194,1.8074194,1.6074195,0.8774194,-0.122580566,-0.64258057,-0.61258054,-0.7625806,-0.49258056,-0.29258057,0.7474194,1.4474194,0.5474194,0.97741944
4.4574194,4.1774197,4.1874194,3.5674195,2.8574195,1.6574194,0.5474194,-0.25258055,-0.21258056,0.38741943,1.3274194,1.3374194,0.21741943,0.7374194,2.5374193,2.7474194,3.3574195,3.4474194,2.1674194,3.9574194,4.5274196,4.137419,3.1874194,3.1974194,3.6074195,3.6674194,3.7274194,3.3074195,2.6174195,2.4574194,2.0974195,1.3074194,0.047419433,0.28741944,0.037419435,-0.45258057,-0.42258057,-0.27258056,-0.43258056,-0.6225806,0.027419433
4.0874195,5.1274195,6.5674195,4.9574194,4.7574196,3.6974194,2.3974195,1.6274195,-0.052580565,0.22741944,1.8474194,0.9974194,0.6974194,-0.16258056,0.8774194,1.0274194,1.7674195,1.7374195,2.8974195,3.3774195,4.1274195,4.9474196,4.9174194,4.6074195,4.1774197,4.0874195,4.1174192,3.7674193,3.2374194,2.9374194,2.6474195,2.3974195,1.6174195,1.3874195,0.85741943,-0.042580567,-0.48258057,-1.3925805,-1.6425805,-2.3125806,-0.38258058
