wind_kz.json
{"header": {"discipline":0,"disciplineName":"Meteorological products","gribEdition":2,"gribLength":871,"center":7,"centerName":"US National Weather Service - NCEP(WMC)","subcenter":0,"refTime":"2023-09-29T18:00:00.000Z","significanceOfRT":1,"significanceOfRTName":"Start of forecast","productStatus":0,"productStatusName":"Operational products","productType":1,"productTypeName":"Forecast products","productDefinitionTemplate":0,"productDefinitionTemplateName":"Analysis/forecast at horizontal level/layer at a point in time","parameterCategory":0,"parameterCategoryName":"UnknownDiscipline_0_Category_0","parameterNumber":0,"parameterNumberName":"UnknownParameter_D0_C0_0","parameterUnit":"Unknown","genProcessType":2,"genProcessTypeName":"Forecast","forecastTime":60,"surface1Type":1,"surface1TypeName":"Ground or water surface","surface1Value":0.0,"surface2Type":255,"surface2TypeName":"Missing","surface2Value":0.0,"gridDefinitionTemplate":0,"gridDefinitionTemplateName":"Latitude_Longitude","numberPoints":615,"shape":6,"shapeName":"Earth spherical with radius of 6,371,229.0 m","gridUnits":"degrees","resolution":48,"winds":"true","scanMode":64,"nx":41,"ny":15,"basicAngle":0,"lo1":47.0,"la1":41.0,"lo2":87.0,"la2":55.0,"dx":1.0,"dy":1.0}, "data":
[rows 0 to 14 of 15, columns 0 to 40 of 41]
300.21176,290.01178,295.81177,294.91177,294.41177,293.11176,301.11176,305.61176,303.21176,306.21176,303.51178,304.61176,304.11176,304.51178,305.91177,308.01178,307.91177,307.31177,313.21176,308.01178,311.41177,307.01178,307.21176,304.01178,307.61176,306.61176,302.81177,296.41177,288.21176,282.71176,277.31177,279.81177,296.21176,304.91177,310.41177,310.61176,316.81177,313.91177,310.21176,310.11176,313.21176
286.31177,297.91177,294.41177,294.41177,294.31177,292.61176,306.11176,303.31177,302.01178,301.61176,302.61176,302.21176,304.31177,304.31177,306.11176,306.01178,310.91177,312.01178,310.61176,310.51178,310.91177,308.01178,305.11176,295.91177,287.01178,285.61176,298.41177,293.91177,296.11176,288.21176,291.81177,277.21176,288.91177,267.21176,274.71176,300.91177,305.61176,306.51178,308.41177,301.01178,284.51178
298.21176,293.91177,294.21176,293.51178,291.91177,301.51178,300.61176,300.51178,300.81177,300.61176,300.91177,302.81177,304.51178,305.81177,302.91177,300.71176,306.11176,306.91177,305.81177,309.61176,313.81177,308.31177,307.71176,299.91177,305.11176,302.31177,302.31177,303.01178,302.71176,294.81177,282.91177,287.01178,296.31177,296.81177,298.31177,294.31177,282.31177,291.31177,295.41177,286.11176,286.81177
300.41177,293.21176,293.91177,292.81177,294.01178,300.51178,299.01178,301.71176,301.31177,301.31177,300.11176,300.01178,290.91177,290.41177,298.91177,306.91177,304.21176,306.91177,307.31177,307.71176,305.51178,306.41177,302.81177,304.11176,304.51178,303.81177,304.41177,303.41177,301.11176,299.11176,297.21176,296.41177,306.11176,310.51178,309.91177,303.21176,291.61176,274.11176,292.51178,301.21176,302.71176
299.61176,292.91177,293.31177,292.41177,296.51178,300.91177,301.11176,302.41177,299.61176,300.41177,301.31177,300.01178,289.91177,288.71176,287.31177,302.01178,303.51178,302.31177,304.91177,302.51178,303.71176,305.11176,305.71176,304.31177,304.71176,305.11176,304.81177,301.81177,308.31177,306.71176,304.51178,304.81177,293.61176,278.91177,293.91177,300.51178,298.41177,305.51178,306.31177,305.01178,303.41177
297.71176,298.71176,291.61176,292.81177,292.61176,292.01178,302.01178,299.71176,299.41177,298.11176,299.41177,297.41177,290.11176,289.71176,295.91177,301.51178,300.01178,303.41177,302.11176,302.11176,301.31177,300.91177,301.81177,301.01178,302.81177,304.91177,307.01178,288.61176,300.41177,300.41177,301.31177,300.21176,303.41177,302.81177,300.21176,297.91177,299.21176,293.71176,306.71176,305.51178,301.61176
296.11176,298.71176,298.11176,299.71176,297.91177,301.61176,301.01178,299.61176,292.81177,293.51178,295.41177,295.21176,292.41177,298.01178,298.71176,297.71176,299.81177,300.21176,302.41177,300.71176,294.21176,299.31177,297.91177,298.01178,297.51178,296.71176,299.21176,300.61176,301.21176,300.01178,299.41177,299.81177,299.31177,302.01178,300.11176,298.41177,295.71176,293.61176,292.21176,288.11176,297.31177
297.41177,298.41177,300.61176,299.51178,297.51178,297.91177,300.31177,299.31177,298.81177,297.21176,297.21176,296.01178,297.41177,293.81177,298.01178,297.11176,296.61176,297.01178,298.81177,299.11176,296.51178,297.51178,295.61176,295.81177,296.91177,288.21176,288.91177,293.61176,291.01178,292.51178,289.51178,295.71176,295.51178,293.31177,296.71176,297.91177,299.01178,286.81177,299.31177,299.21176,298.51178
297.01178,297.21176,296.81177,297.11176,294.51178,296.51178,298.61176,298.71176,294.61176,292.81177,297.11176,297.21176,296.51178,297.31177,296.61176,293.31177,297.21176,296.81177,295.01178,296.31177,294.11176,293.91177,294.21176,293.81177,284.71176,284.01178,287.71176,280.61176,284.41177,285.71176,285.31177,290.91177,293.01178,292.41177,294.91177,294.41177,294.41177,294.31177,284.31177,284.21176,278.21176
295.61176,295.21176,296.11176,294.81177,295.01178,295.61176,296.11176,297.91177,293.31177,294.41177,292.41177,294.91177,296.11176,295.61176,295.31177,295.01178,296.51178,291.21176,292.31177,296.41177,294.81177,294.61176,294.61176,294.61176,293.21176,291.21176,289.41177,290.71176,286.31177,289.11176,290.61176,291.91177,293.81177,293.81177,293.81177,293.01178,290.61176,288.41177,289.61176,286.81177,280.11176
292.41177,293.41177,292.81177,291.11176,293.41177,293.81177,294.11176,295.81177,296.41177,295.81177,294.21176,294.71176,292.51178,293.51178,294.21176,294.41177,294.21176,295.31177,291.81177,293.51178,294.21176,294.01178,293.21176,293.11176,292.51178,286.91177,287.01178,290.71176,289.31177,293.01178,293.61176,293.81177,292.71176,290.31177,291.91177,293.51178,289.51178,285.81177,285.61176,286.51178,285.41177
292.41177,293.11176,293.41177,293.11176,291.91177,291.51178,291.31177,291.61176,292.61176,293.71176,291.71176,290.61176,290.81177,292.11176,292.71176,294.71176,294.41177,294.51178,294.31177,293.11176,291.51178,290.11176,287.71176,291.11176,291.11176,293.21176,293.21176,294.31177,293.81177,293.71176,292.81177,293.21176,290.81177,290.61176,288.31177,289.11176,288.61176,288.31177,287.81177,288.31177,287.11176
289.71176,291.01178,291.91177,291.61176,291.01178,290.81177,290.81177,290.91177,290.71176,291.41177,288.51178,288.01178,290.01178,289.91177,291.31177,292.01178,292.91177,292.21176,293.51178,292.11176,293.31177,291.31177,290.81177,291.01178,292.61176,293.31177,294.31177,292.91177,292.91177,292.01178,291.81177,291.01178,290.51178,291.01178,290.21176,288.71176,288.71176,287.91177,287.61176,287.21176,286.81177
291.21176,291.41177,288.51178,291.51178,289.31177,289.41177,289.11176,288.41177,289.31177,289.31177,288.11176,285.61176,288.11176,288.51178,289.61176,290.41177,290.91177,290.81177,291.31177,293.01178,293.01178,292.51178,292.41177,292.41177,292.81177,293.51178,293.11176,292.71176,293.21176,293.21176,292.11176,290.71176,289.81177,289.51178,289.71176,290.11176,288.61176,288.01178,289.21176,287.51178,288.21176
286.41177,289.51178,285.81177,290.71176,290.51178,290.21176,289.91177,288.71176,288.71176,284.41177,287.81177,289.21176,287.01178,287.21176,287.91177,289.31177,288.31177,289.81177,291.21176,290.71176,291.11176,290.81177,292.01178,291.51178,291.31177,291.61176,292.01178,291.11176,291.41177,290.71176,289.41177,286.71176,288.51178,287.31177,287.81177,287.31177,288.11176,286.61176,286.91177,286.31177,285.21176
