wind.json
{"header": {"discipline":0,"disciplineName":"Meteorological products","gribEdition":2,"gribLength":1125,"center":7,"centerName":"US National Weather Service - NCEP(WMC)","subcenter":0,"refTime":"2023-07-02T00:00:00.000Z","significanceOfRT":1,"significanceOfRTName":"Start of forecast","productStatus":0,"productStatusName":"Operational products","productType":1,"productTypeName":"Forecast products","productDefinitionTemplate":0,"productDefinitionTemplateName":"Analysis/forecast at horizontal level/layer at a point in time","parameterCategory":2,"parameterCategoryName":"UnknownDiscipline_0_Category_2","parameterNumber":3,"parameterNumberName":"UnknownParameter_D0_C2_3","parameterUnit":"Unknown","genProcessType":2,"genProcessTypeName":"Forecast","forecastTime":120,"surface1Type":103,"surface1TypeName":"Specified height level above ground","surface1Value":10.0,"surface2Type":255,"surface2TypeName":"Missing","surface2Value":0.0,"gridDefinitionTemplate":0,"gridDefinitionTemplateName":"Latitude_Longitude","numberPoints":688,"shape":6,"shapeName":"Earth spherical with radius of 6,371,229.0 m","gridUnits":"degrees","resolution":48,"winds":"true","scanMode":64,"nx":43,"ny":16,"basicAngle":0,"lo1":45.0,"la1":40.0,"lo2":87.0,"la2":55.0,"dx":1.0,"dy":1.0}, "data":
[rows 0 to 15 of 16, columns 0 to 42 of 43]
-4.19046,2.7895398,0.6695398,0.4295398,-0.060460206,-3.3204603,-3.7504601,-4.46046,-4.9004602,-5.0304604,-0.7004602,-0.4404602,-0.4804602,-2.1104603,-3.9904602,-4.83046,-5.1504602,-2.5004601,-4.18046,-2.7504601,-2.8504603,1.2395397,-1.4104602,0.8295398,3.2495399,1.8995398,2.1295397,0.9595398,0.2395398,-0.7404602,-2.8304603,-3.1704602,-5.98046,-0.1304602,-1.2304602,-2.2004602,-2.2204602,-0.27046022,-2.6704602,-3.9104602,-3.2804601,-0.8104602,-0.7804602
1.3995398,0.3995398,0.5695398,-3.1904602,1.4695398,-3.2804601,-4.43046,-2.2404602,-4.0104604,-4.2004604,0.6595398,-0.5604602,-1.9804602,-2.1404603,-3.7404602,-4.9904604,-5.5904603,-3.8204603,-0.7104602,-1.3504602,-2.2504601,-1.8104602,-0.5704602,-0.7004602,1.5995398,-1.4104602,-2.54046,-2.6004603,-1.7504601,1.3495398,0.1395398,-1.8004602,-0.6804602,-2.7204602,0.8695398,-1.4404602,-1.8404602,-1.2304602,-0.9404602,-2.9104602,-2.8704603,2.0995398,0.47953978
-1.1404603,-4.0504603,4.14954,1.8095398,-0.7304602,-3.6504602,-4.0504603,-6.19046,-4.91046,-1.9604602,1.4895397,-0.4404602,-1.7304602,-2.8904603,-3.6704602,-3.9204602,-6.2004604,-2.8604603,-1.2404602,-0.5104602,-4.0304604,-3.9604602,-3.7504601,-3.6604602,0.5695398,1.7795398,-1.9504602,-0.3904602,-1.6804602,0.4995398,0.3195398,2.18954,1.3295398,3.0995398,-0.2504602,-0.4204602,-2.9604602,-2.7704601,-2.7404602,-5.6104603,-1.1704602,-1.9904602,-0.1904602
3.2795398,2.5995398,2.7795398,2.4995399,-0.2504602,-2.8604603,-4.6304603,-3.9304602,-5.04046,-0.60046023,0.9495398,-0.8804602,-2.9604602,-2.79046,-3.1704602,-4.02046,-4.3604603,-3.81046,0.2695398,0.6095398,-1.8004602,-2.2204602,-3.2804601,-2.5304601,-2.6504602,-0.9604602,0.4095398,0.9295398,1.2295398,-0.050460204,0.3395398,2.4095397,1.1995398,-0.1604602,1.6095397,-1.1604602,0.25953978,1.6595398,0.7995398,0.1195398,0.7395398,-0.9904602,1.4195398
-0.020460205,-0.5504602,-0.1604602,0.28953978,-1.8904603,-2.4404602,-3.9804602,-3.3704603,-3.79046,2.2495399,0.9395398,-0.2604602,-3.5004601,-4.1104603,-4.39046,-5.58046,-4.0504603,-2.1704602,-1.6104602,-0.3804602,0.6295398,-1.8304602,-2.2004602,-1.2604603,1.9395398,2.6495397,-0.2404602,-1.1704602,0.1695398,3.2495399,4.76954,0.8595398,2.7495399,-0.5904602,-0.3304602,-0.7304602,-0.8204602,-1.7404602,-0.3204602,1.6695398,0.3295398,0.9595398,0.8095398
0.2395398,0.029539796,-0.49046022,-1.8404602,-4.58046,-3.2704601,-3.30046,-3.6904602,-4.6104603,-0.4504602,2.4995399,-1.1504602,-3.0904603,-3.5004601,-5.41046,-5.9504604,-5.21046,-4.94046,-5.5304604,-2.0004601,-2.2204602,-0.9904602,-1.7604603,-2.4504602,1.2795398,0.9995398,1.2495399,0.21953979,-0.4204602,0.5395398,-0.0904602,-0.3104602,5.47954,2.6195397,3.0795398,3.7295399,-0.3904602,-1.4104602,-0.4404602,0.6295398,2.2195399,0.7295398,-2.6004603
-0.2904602,-0.85046023,-2.4204602,-3.1404603,-3.6704602,-1.6404603,-3.5804603,-6.4504604,-5.56046,-4.98046,0.3295398,0.2095398,-3.1604602,-4.27046,-4.7004604,-5.7204604,-4.54046,-3.7004602,-4.35046,-4.3204603,-3.8804603,-2.3204603,-3.4904602,-3.6104603,-4.6304603,-4.81046,-4.0104604,-4.04046,-3.9204602,-4.64046,-3.6104603,-0.1904602,2.8895397,6.45954,3.45954,3.0595398,1.8695397,-0.5904602,1.7895398,-0.1604602,-3.4704602,1.4995399,-1.6504602
0.3995398,1.5395398,-2.3204603,-1.6504602,-1.6704602,-2.1404603,-3.1804602,-4.33046,-5.6304603,-5.69046,-2.6604602,-2.4004602,-1.9904602,-2.4904602,-3.7504601,-4.54046,-4.46046,-5.25046,-4.41046,-4.16046,-0.7404602,-0.9804602,-2.0304601,-2.8204603,-3.2104602,-2.9104602,-3.31046,-3.1104603,-2.1604602,-2.8804603,-1.9704602,-1.2204602,2.0695398,0.9295398,1.4695398,3.5695398,-0.080460206,-0.6504602,-1.5704602,-0.60046023,-1.0904602,-1.3304602,-3.5004601
-2.8704603,-0.8704602,-1.2804602,-2.05046,-1.2404602,-1.4504602,-2.06046,-3.4204602,-4.18046,-3.7504601,-3.56046,-2.8604603,-1.9004602,-1.6004602,-3.8804603,-4.39046,-4.87046,-4.6104603,-4.2404604,-5.2204604,-1.9404602,-2.4904602,-2.5304601,-2.7104602,-2.7504601,-2.54046,-2.2604601,-0.7004602,-1.4604602,-2.8804603,-1.4004602,0.3695398,-0.120460205,0.4395398,2.2595398,2.0795398,1.7295398,0.9495398,-4.6020508E-4,-0.7304602,0.7795398,0.5495398,-1.3904603
-3.5704603,-1.1204602,-1.9004602,-2.6104603,-3.3504603,-3.1304603,-3.1504602,-3.5004601,-3.4004602,-3.7204602,-3.8404603,-2.79046,-2.1504602,-2.5104601,-3.2004602,-4.4704604,-4.48046,-4.1504602,-3.2704601,-3.3904603,-3.6404603,-3.2604601,-2.05046,-2.6904602,-2.4604602,-2.6504602,-3.3404603,-3.0804603,-2.9604602,-1.5204602,-1.2704602,-0.1904602,0.4995398,1.7695398,1.5895398,2.5395398,1.4095398,1.4995399,-2.0204601,-0.2804602,0.9295398,1.3495398,-0.1504602
-1.6904602,-2.1204603,-1.8004602,-1.7704602,-2.6204603,-3.2604601,-3.3904603,-3.1204603,-3.5904603,-4.37046,-4.2404604,-3.2104602,-2.9204602,-1.5604602,-3.3904603,-3.7404602,-4.2204604,-5.10046,-3.6904602,-2.9404602,-2.5104601,-3.1904602,-2.79046,-2.4504602,-2.3604603,-3.3304603,-2.9404602,-2.3804603,-1.7204602,-1.6504602,-2.04046,-1.9204602,-1.9704602,-0.8704602,1.6195397,1.9295398,1.4295398,0.9295398,0.6395398,-1.7604603,0.2095398,1.2495399,1.7295398
-1.3404602,-3.56046,-2.2104602,-2.7504601,-2.7404602,-3.1504602,-3.30046,-3.4404602,-3.4904602,-3.7004602,-4.68046,-4.42046,-2.2004602,-1.8004602,-3.4904602,-3.4104602,-4.69046,-5.67046,-5.27046,-4.8404603,-2.6304603,-3.56046,-2.9104602,-3.05046,-3.8804603,-3.54046,-2.55046,-2.3304603,-1.5104603,-1.1904602,0.3295398,0.44953978,-2.3504603,-2.1104603,1.6895398,3.6795397,4.55954,1.5595398,1.1295398,2.0295398,1.4895397,1.3895398,0.6595398
-2.5204601,-1.6704602,-2.5904603,-2.9704602,-1.8104602,-1.9004602,-1.9404602,-2.9704602,-3.30046,-3.4404602,-4.60046,-3.1504602,-2.5304601,-3.2104602,-3.7104602,-4.00046,-3.9904602,-4.12046,-4.4904604,-5.1504602,-4.0104604,-3.8504603,-3.7504601,-3.7804601,-3.3804603,-2.54046,-2.8604603,-3.3904603,-1.2804602,-1.6604602,0.0795398,-1.3104602,2.7195399,-0.9804602,0.3595398,2.0995398,2.9195397,3.5695398,1.8095398,1.1295398,1.1595398,1.9495398,0.5195398
-0.9004602,-1.4304602,-1.8204602,-2.4304602,-2.5704603,-1.8704602,-2.2004602,-1.7304602,-2.30046,-2.80046,-3.7804601,-2.3404603,-2.1004603,-1.9704602,-3.0104601,-4.96046,-3.7704601,-4.0304604,-3.5104601,-3.3504603,-3.7304602,-3.3804603,-4.0504603,-2.2704601,-1.0904602,-2.3904603,-3.9504602,-3.6604602,-2.7304602,-2.1804602,-2.55046,-3.3304603,-3.04046,-1.5504602,0.8895398,2.5695398,2.0895398,1.9395398,2.20954,1.5195398,1.0795398,0.1195398,0.4695398
-0.1304602,-0.9704602,-1.4404602,-1.6704602,-2.3404603,-2.2304602,-2.0804603,-2.1104603,-2.6004603,-3.2104602,-2.2504601,-1.8404602,-0.8604602,-1.0704602,-1.3704602,-2.4304602,-4.94046,-4.3004603,-3.0704603,-3.0004601,-2.6504602,-2.5804603,-3.9204602,-4.4704604,-3.2704601,-2.1304603,-2.6504602,-3.0704603,-4.02046,-4.7604604,-3.5304601,-2.9504602,-2.4504602,-2.4204602,-1.6504602,-0.8104602,-0.7304602,0.059539795,0.3095398,0.2795398,-0.040460207,-0.020460205,-0.020460205
0.1795398,-0.46046022,0.1795398,-0.6904602,-1.0204602,-2.1204603,-2.4704602,-1.9604602,-1.2904602,-1.7604603,-2.0304601,-2.4204602,-1.2404602,0.3995398,-4.6020508E-4,-1.1704602,-5.44046,-5.4004602,-4.4904604,-3.5004601,-2.2604601,-2.3504603,-3.2404602,-3.0204601,-3.1404603,-3.05046,-2.6204603,-2.9704602,-2.9404602,-2.8404603,-2.8704603,-2.7604601,-1.9004602,-2.1004603,-1.4404602,-0.8804602,-0.8004602,-1.1004602,-4.6020508E-4,0.15953979,-0.2404602,-1.0604602,-0.6404602
