wind_kz.json
{"header": {"discipline":0,"disciplineName":"Meteorological products","gribEdition":2,"gribLength":1025,"center":7,"centerName":"US National Weather Service - NCEP(WMC)","subcenter":0,"refTime":"2023-08-19T00:00:00.000Z","significanceOfRT":1,"significanceOfRTName":"Start of forecast","productStatus":0,"productStatusName":"Operational products","productType":1,"productTypeName":"Forecast products","productDefinitionTemplate":0,"productDefinitionTemplateName":"Analysis/forecast at horizontal level/layer at a point in time","parameterCategory":2,"parameterCategoryName":"UnknownDiscipline_0_Category_2","parameterNumber":3,"parameterNumberName":"UnknownParameter_D0_C2_3","parameterUnit":"Unknown","genProcessType":2,"genProcessTypeName":"Forecast","forecastTime":120,"surface1Type":103,"surface1TypeName":"Specified height level above ground","surface1Value":10.0,"surface2Type":255,"surface2TypeName":"Missing","surface2Value":0.0,"gridDefinitionTemplate":0,"gridDefinitionTemplateName":"Latitude_Longitude","numberPoints":615,"shape":6,"shapeName":"Earth spherical with radius of 6,371,229.0 m","gridUnits":"degrees","resolution":48,"winds":"true","scanMode":64,"nx":41,"ny":15,"basicAngle":0,"lo1":47.0,"la1":41.0,"lo2":87.0,"la2":55.0,"dx":1.0,"dy":1.0}, "data":
[rows 0 to 14 of 15, columns 0 to 40 of 41]
0.80963194,-3.2103682,1.2096319,-3.100368,-4.100368,-4.680368,-3.630368,-4.260368,-3.840368,-2.810368,-3.080368,1.299632,2.909632,4.209632,3.439632,0.61963195,-1.5203681,-2.330368,-0.15036803,-1.070368,-0.21036804,0.90963197,2.329632,0.13963196,-0.020368041,0.50963193,-1.000368,1.779632,0.45963195,-0.74036807,-2.450368,-1.470368,0.529632,-2.040368,-1.140368,-0.850368,-1.000368,-0.32036805,2.2696319,3.729632,0.81963193
3.7796319,-3.200368,-9.710368,-1.9203681,-4.210368,-4.950368,-5.020368,-3.530368,-4.300368,-3.880368,-3.910368,-3.590368,3.409632,3.409632,2.989632,3.639632,2.049632,1.639632,-2.7103682,-3.160368,-2.9603682,-3.330368,0.20963196,1.559632,-1.5403681,-1.640368,-2.2203681,0.889632,-0.49036804,0.87963194,0.959632,-0.40036803,-1.500368,-2.340368,-1.0303681,-1.3003681,-0.71036804,-1.4203681,1.519632,-2.190368,0.87963194
-1.230368,-6.1103683,-7.900368,-7.020368,-4.6103683,-4.0903683,-2.030368,-2.840368,-2.850368,-3.130368,-3.9903681,-1.4103681,-2.390368,2.909632,3.989632,4.009632,3.349632,2.639632,0.84963197,-2.9803681,-3.590368,-3.590368,0.029631957,-1.0503681,0.899632,1.129632,2.569632,1.269632,0.36963195,2.409632,1.0796319,0.74963194,3.159632,-1.5203681,0.09963196,2.799632,3.349632,0.519632,0.49963197,-0.69036806,-0.14036804
-1.970368,-5.8403683,-7.460368,-6.910368,-4.500368,-3.640368,-2.400368,-1.940368,-0.600368,-1.9003681,-2.340368,-1.330368,-1.5303681,-0.37036803,3.7696319,3.339632,3.939632,3.209632,1.7096319,-1.840368,-2.380368,-2.040368,-1.0603681,-1.0503681,-0.16036804,0.41963196,1.549632,2.169632,1.019632,1.019632,1.0996319,0.80963194,0.03963196,-0.46036804,-0.45036805,-2.890368,-0.910368,2.129632,3.639632,3.179632,2.7696319
-0.42036805,-2.550368,-4.060368,-4.870368,-5.830368,-4.680368,-3.080368,-0.26036805,0.41963196,2.189632,0.35963196,-0.40036803,-1.7703681,1.3496319,1.2096319,2.339632,1.8396319,1.4396319,1.509632,0.029631957,0.78963196,-0.43036804,-3.010368,-2.100368,-0.720368,1.3396319,1.409632,-2.380368,-0.90036803,-0.62036806,0.14963196,0.96963197,2.0396318,0.62963194,-1.1803681,-1.830368,0.68963194,0.74963194,-1.860368,2.5096319,2.689632
-0.34036803,-0.670368,-1.5403681,-1.860368,-3.7303681,-4.200368,-3.920368,-5.020368,-2.2403681,0.61963195,2.409632,2.229632,0.36963195,-0.70036805,1.4596319,0.709632,2.069632,2.889632,2.079632,1.759632,0.25963196,-0.05036804,-0.49036804,-1.380368,-3.590368,2.909632,2.119632,0.50963193,-0.56036806,-1.370368,-0.27036804,1.1996319,0.90963197,0.529632,2.309632,-0.11036804,2.919632,1.019632,-1.6703681,-1.820368,-0.41036806
-0.790368,-0.50036806,0.19963196,-0.12036804,-1.080368,-1.590368,-1.980368,-2.080368,-3.520368,-4.290368,-1.460368,2.709632,3.7596319,1.999632,1.669632,0.30963194,2.329632,2.719632,4.309632,2.609632,1.109632,0.579632,3.719632,2.239632,-0.17036805,-2.180368,1.6896319,1.8296319,0.769632,2.839632,1.4396319,-0.39036804,-2.370368,0.779632,-0.660368,-1.320368,-3.120368,-1.4203681,0.03963196,0.99963194,0.67963195
0.20963196,-0.82036805,-1.740368,-0.62036806,0.26963195,-0.93036807,-1.350368,-1.130368,-2.010368,-3.170368,-3.380368,-0.90036803,-0.51036805,3.679632,3.139632,1.3196319,-0.05036804,0.75963193,3.339632,5.099632,2.959632,2.219632,2.909632,3.639632,2.7796319,2.049632,0.84963197,2.499632,2.049632,3.739632,1.919632,2.579632,1.5796319,-0.29036805,0.93963194,0.61963195,-0.34036803,-0.24036804,0.92963195,0.519632,-1.460368
-1.0203681,0.109631956,-0.22036804,-0.24036804,-0.45036805,-0.62036806,0.30963194,-0.83036804,-1.200368,-1.370368,-1.6503681,-0.600368,0.009631958,-0.44036806,1.9796319,1.549632,3.469632,2.149632,-1.860368,3.869632,4.879632,3.199632,3.909632,3.369632,3.809632,2.839632,2.479632,2.229632,2.7596319,2.739632,4.179632,4.279632,3.089632,3.599632,2.319632,1.629632,-1.870368,-0.43036804,0.18963195,0.56963193,0.42963195
-1.6603681,-1.370368,-1.230368,-0.660368,-0.12036804,-0.48036805,0.30963194,0.03963196,-0.26036805,-0.17036805,-1.390368,0.32963195,0.81963193,1.3196319,1.3296319,0.96963197,0.98963195,2.559632,3.7896318,0.589632,2.2696319,4.679632,4.009632,4.949632,4.059632,5.649632,3.079632,2.189632,2.419632,2.689632,4.269632,4.4096317,3.939632,3.329632,2.399632,0.84963197,0.589632,-2.000368,-0.39036804,2.199632,2.459632
-2.270368,-2.4903681,-1.9303681,-2.2203681,-1.950368,-1.9203681,-1.450368,-1.4103681,-0.730368,-0.51036805,0.29963195,0.87963194,0.31963196,1.139632,-0.15036803,0.38963196,2.329632,2.0396318,2.129632,2.919632,4.059632,-0.14036804,-3.070368,1.369632,3.409632,5.689632,3.719632,3.169632,1.929632,2.559632,3.419632,4.3896317,3.979632,3.189632,2.7596319,1.539632,0.97963196,2.179632,1.559632,1.549632,0.30963194
-2.4903681,-2.280368,-1.610368,-2.090368,-1.6803681,-1.240368,-1.510368,-1.4003681,-1.340368,-0.44036806,0.40963197,0.43963197,0.38963196,1.409632,2.329632,1.259632,0.39963195,1.879632,1.139632,0.46963197,4.919632,7.369632,5.759632,1.4696319,3.0296319,4.199632,5.449632,4.049632,1.989632,1.779632,3.809632,4.169632,2.679632,3.139632,2.5196319,1.809632,1.779632,2.719632,2.559632,2.309632,1.159632
-2.580368,-2.260368,-2.660368,-2.350368,-2.180368,-2.300368,-2.4603682,-1.610368,-1.4203681,-1.4203681,-0.52036804,-1.1603681,1.259632,-0.070368044,1.649632,-0.94036806,-1.870368,-1.850368,-1.110368,1.169632,2.569632,4.4096317,4.589632,5.4096317,5.349632,3.809632,3.329632,3.499632,4.499632,3.459632,4.049632,3.819632,2.419632,2.0196319,2.339632,1.9796319,0.74963194,1.029632,1.809632,0.709632,0.67963195
-3.660368,-4.550368,-4.770368,-4.3603683,-4.240368,-2.820368,-0.87036806,-1.220368,-0.53036803,-1.100368,-0.70036805,-1.240368,-1.860368,0.81963193,-1.2703681,-2.080368,-2.7403681,-3.090368,-1.470368,1.169632,3.139632,4.629632,4.569632,2.2896318,2.729632,1.8296319,4.169632,4.419632,4.319632,4.489632,4.359632,4.529632,4.279632,3.429632,1.9496319,1.769632,0.649632,0.519632,0.16963196,0.839632,0.43963197
-2.320368,-4.000368,-6.0903683,-4.1103683,-4.170368,-2.9603682,-2.780368,-2.9603682,-3.650368,-1.4203681,-1.450368,-2.550368,-2.310368,-2.370368,-3.530368,-4.270368,-5.0903683,-5.990368,-5.890368,-4.010368,-2.9703681,0.519632,1.989632,2.389632,2.949632,2.369632,1.869632,4.3896317,4.449632,4.249632,4.969632,4.869632,3.629632,3.069632,2.399632,2.089632,0.889632,0.9496319,1.129632,0.81963193,0.029631957
