wind_kz.json
{"header": {"discipline":0,"disciplineName":"Meteorological products","gribEdition":2,"gribLength":794,"center":7,"centerName":"US National Weather Service - NCEP(WMC)","subcenter":0,"refTime":"2023-10-03T06:00:00.000Z","significanceOfRT":1,"significanceOfRTName":"Start of forecast","productStatus":0,"productStatusName":"Operational products","productType":1,"productTypeName":"Forecast products","productDefinitionTemplate":0,"productDefinitionTemplateName":"Analysis/forecast at horizontal level/layer at a point in time","parameterCategory":2,"parameterCategoryName":"UnknownDiscipline_0_Category_2","parameterNumber":3,"parameterNumberName":"UnknownParameter_D0_C2_3","parameterUnit":"Unknown","genProcessType":2,"genProcessTypeName":"Forecast","forecastTime":240,"surface1Type":103,"surface1TypeName":"Specified height level above ground","surface1Value":10.0,"surface2Type":255,"surface2TypeName":"Missing","surface2Value":0.0,"gridDefinitionTemplate":0,"gridDefinitionTemplateName":"Latitude_Longitude","numberPoints":615,"shape":6,"shapeName":"Earth spherical with radius of 6,371,229.0 m","gridUnits":"degrees","resolution":48,"winds":"true","scanMode":64,"nx":41,"ny":15,"basicAngle":0,"lo1":47.0,"la1":41.0,"lo2":87.0,"la2":55.0,"dx":1.0,"dy":1.0}, "data":
[rows 0 to 14 of 15, columns 0 to 40 of 41]
-0.96950686,1.0304931,-0.5695068,0.13049316,0.030493164,2.0304933,2.0304933,1.8304932,1.0304931,0.63049316,-1.5695069,-1.5695069,-2.1695068,-2.8695068,-4.4695067,-4.869507,-4.9695067,-4.769507,-5.769507,-3.3695068,-2.8695068,-3.9695067,-2.769507,1.7304932,3.230493,1.3304932,1.1304932,1.9304931,0.33049315,0.7304932,1.7304932,1.6304932,-0.26950684,0.63049316,1.0304931,-0.06950684,-0.96950686,1.7304932,1.7304932,0.63049316,0.7304932
2.3304932,1.5304931,1.9304931,1.2304932,1.7304932,1.4304931,0.23049316,1.5304931,1.0304931,-0.16950683,-1.2695068,-2.1695068,-3.4695067,-3.769507,-5.369507,-5.4695067,-4.4695067,-4.169507,-5.369507,-5.869507,-5.769507,-3.769507,-0.86950684,2.730493,3.430493,3.1304932,2.3304932,2.430493,0.7304932,2.730493,0.7304932,3.230493,0.23049316,1.4304931,1.2304932,2.230493,2.1304932,2.8304932,2.0304933,2.1304932,-0.26950684
0.7304932,4.630493,1.9304931,1.2304932,2.1304932,1.2304932,-1.2695068,0.83049315,1.6304932,0.33049315,-1.4695069,-2.569507,-3.8695068,-4.9695067,-5.5695066,-6.169507,-6.0695066,-5.769507,-5.769507,-6.369507,-5.769507,-4.369507,2.0304933,3.1304932,-2.269507,-3.3695068,-1.8695068,-1.8695068,-0.5695068,0.9304932,1.8304932,2.6304932,2.730493,1.3304932,0.9304932,-1.7695068,-0.16950683,2.6304932,-0.7695068,2.8304932,1.6304932
3.0304933,3.1304932,0.33049315,2.6304932,0.83049315,0.63049316,1.6304932,0.7304932,0.53049314,-0.26950684,-1.2695068,-2.9695067,-4.5695066,-6.0695066,-5.669507,-6.4695067,-6.869507,-7.0695066,-6.769507,-6.0695066,-5.769507,-3.769507,-6.0695066,-1.7695068,-0.16950683,-1.3695068,0.43049318,1.6304932,-2.6695068,0.83049315,7.130493,1.9304931,0.23049316,-0.36950684,0.53049314,2.0304933,3.230493,2.5304933,-2.769507,-1.7695068,-0.26950684
2.6304932,4.330493,4.830493,2.430493,1.6304932,1.4304931,0.13049316,0.83049315,1.0304931,-0.26950684,-1.0695069,-2.069507,-4.769507,-5.869507,-7.169507,-7.0695066,-7.869507,-7.869507,-7.269507,-5.769507,-4.9695067,-6.0695066,-5.869507,-4.169507,0.7304932,1.7304932,0.030493164,-1.4695069,-1.3695068,4.730493,4.4304934,1.9304931,3.1304932,2.5304933,0.43049318,1.3304932,3.3304932,-0.66950685,-2.069507,-0.66950685,1.6304932
2.930493,4.630493,3.6304932,3.0304933,3.430493,2.930493,1.7304932,1.1304932,0.63049316,0.83049315,-1.2695068,-2.1695068,-3.6695068,-5.869507,-6.9695067,-6.9695067,-8.069507,-8.669507,-9.369507,-6.4695067,-6.369507,-6.769507,-7.669507,-8.169507,-3.569507,5.830493,4.830493,-0.7695068,2.230493,5.5304933,5.9304934,3.1304932,2.6304932,0.33049315,-1.9695069,9.830493,-1.2695068,6.230493,0.53049314,-0.46950683,2.0304933
4.0304933,3.0304933,1.8304932,1.8304932,2.430493,2.230493,1.8304932,1.2304932,0.63049316,0.23049316,0.13049316,-1.3695068,-3.1695068,-4.769507,-6.169507,-7.0695066,-7.5695066,-8.269506,-9.269506,-7.269507,-7.169507,-7.9695067,-9.469507,-8.969507,-7.269507,-4.5695066,7.630493,9.130493,5.830493,6.0304933,6.0304933,5.4304934,4.130493,4.4304934,4.4304934,4.230493,3.5304933,4.130493,3.230493,4.130493,2.930493
5.4304934,5.130493,4.630493,4.5304933,3.930493,3.730493,2.430493,1.5304931,1.4304931,0.43049318,0.13049316,-0.46950683,-2.3695068,-3.569507,-4.9695067,-6.169507,-7.4695067,-7.669507,-7.769507,-7.9695067,-8.069507,-8.369507,-9.869507,-10.069507,-8.269506,-4.5695066,-2.269507,1.4304931,7.330493,6.730493,7.130493,6.830493,6.130493,7.4304934,6.5304933,2.5304933,0.13049316,2.0304933,-0.16950683,3.1304932,4.130493
5.830493,6.230493,5.5304933,5.330493,4.330493,3.6304932,3.1304932,2.730493,2.3304932,1.8304932,0.63049316,-0.36950684,-1.4695069,-2.269507,-3.4695067,-4.669507,-6.0695066,-6.9695067,-7.0695066,-7.0695066,-7.369507,-8.169507,-8.669507,-8.869507,-9.869507,-9.669507,-6.4695067,-1.7695068,6.4304934,6.5304933,7.230493,8.030493,6.830493,6.130493,5.830493,4.730493,3.8304932,8.430493,5.4304934,2.8304932,2.6304932
6.0304933,5.730493,5.630493,5.5304933,5.230493,4.230493,3.430493,3.6304932,3.5304933,2.730493,1.8304932,0.7304932,-0.66950685,-1.6695068,-2.069507,-2.8695068,-4.0695066,-5.5695066,-5.5695066,-6.0695066,-6.5695066,-6.9695067,-7.5695066,-7.4695067,-8.069507,-7.869507,-7.9695067,-9.169507,-7.9695067,-5.769507,-4.369507,-4.0695066,-3.069507,1.1304932,6.730493,5.9304934,4.630493,3.0304933,2.5304933,3.730493,2.930493
6.330493,6.330493,5.9304934,5.230493,4.9304934,5.0304933,4.9304934,4.4304934,4.0304933,3.230493,2.730493,1.4304931,1.6304932,-0.16950683,-1.2695068,-2.069507,-2.1695068,-3.4695067,-4.169507,-5.169507,-5.4695067,-5.869507,-6.5695066,-7.169507,-7.0695066,-6.9695067,-6.0695066,-6.4695067,-7.5695066,-6.769507,-9.769506,-6.369507,-6.269507,-0.86950684,6.730493,7.4304934,4.730493,3.6304932,5.630493,1.8304932,2.1304932
6.230493,6.630493,6.730493,6.630493,6.130493,5.5304933,4.9304934,4.730493,4.230493,3.8304932,3.1304932,2.230493,2.5304933,1.6304932,0.63049316,-0.16950683,-1.0695069,-0.66950685,-2.069507,-3.3695068,-4.169507,-5.0695066,-5.269507,-5.9695067,-6.5695066,-7.369507,-7.0695066,-6.269507,-7.269507,-6.669507,-6.4695067,-8.869507,-6.5695066,-5.5695066,-2.6695068,2.1304932,3.0304933,1.9304931,0.53049314,1.8304932,0.33049315
6.230493,7.5304933,7.830493,7.330493,6.630493,4.830493,6.0304933,6.130493,6.330493,5.230493,2.6304932,2.3304932,2.8304932,2.730493,2.6304932,1.8304932,1.0304931,0.63049316,0.33049315,-0.86950684,-1.8695068,-2.769507,-3.4695067,-4.4695067,-5.5695066,-6.269507,-6.9695067,-7.169507,-6.669507,-6.269507,-6.869507,-6.4695067,-7.4695067,-6.769507,-5.669507,-4.269507,-2.1695068,0.63049316,2.8304932,1.3304932,1.4304931
6.630493,7.4304934,8.630493,7.830493,6.9304934,7.230493,7.0304933,6.830493,6.630493,7.130493,3.730493,2.1304932,2.430493,3.1304932,3.0304933,3.430493,3.0304933,2.730493,1.4304931,-0.06950684,0.13049316,0.030493164,-1.5695069,-2.069507,-3.4695067,-4.369507,-4.9695067,-5.4695067,-5.769507,-6.369507,-6.0695066,-5.869507,-5.769507,-4.669507,-6.269507,-5.369507,-4.369507,-2.1695068,2.0304933,2.8304932,2.730493
4.830493,6.0304933,9.830493,8.130493,8.330493,7.5304933,7.730493,7.730493,7.0304933,6.9304934,4.730493,5.230493,2.930493,2.430493,3.6304932,3.930493,4.330493,4.0304933,3.6304932,2.1304932,0.9304932,0.83049315,0.23049316,-0.7695068,-1.1695068,-1.8695068,-3.069507,-3.8695068,-4.4695067,-5.269507,-5.269507,-5.5695066,-4.669507,-5.369507,-4.5695066,-5.0695066,-5.269507,-4.4695067,-2.6695068,0.63049316,2.230493
