wind.json
{"header": {"discipline":0,"disciplineName":"Meteorological products","gribEdition":2,"gribLength":1125,"center":7,"centerName":"US National Weather Service - NCEP(WMC)","subcenter":0,"refTime":"2023-06-27T06:00:00.000Z","significanceOfRT":1,"significanceOfRTName":"Start of forecast","productStatus":0,"productStatusName":"Operational products","productType":1,"productTypeName":"Forecast products","productDefinitionTemplate":0,"productDefinitionTemplateName":"Analysis/forecast at horizontal level/layer at a point in time","parameterCategory":2,"parameterCategoryName":"UnknownDiscipline_0_Category_2","parameterNumber":3,"parameterNumberName":"UnknownParameter_D0_C2_3","parameterUnit":"Unknown","genProcessType":2,"genProcessTypeName":"Forecast","forecastTime":120,"surface1Type":103,"surface1TypeName":"Specified height level above ground","surface1Value":10.0,"surface2Type":255,"surface2TypeName":"Missing","surface2Value":0.0,"gridDefinitionTemplate":0,"gridDefinitionTemplateName":"Latitude_Longitude","numberPoints":688,"shape":6,"shapeName":"Earth spherical with radius of 6,371,229.0 m","gridUnits":"degrees","resolution":48,"winds":"true","scanMode":64,"nx":43,"ny":16,"basicAngle":0,"lo1":45.0,"la1":40.0,"lo2":87.0,"la2":55.0,"dx":1.0,"dy":1.0}, "data":
[rows 0 to 15 of 16, columns 0 to 42 of 43]
2.0012505,-0.75874937,0.23125061,0.29125062,-0.05874939,1.2512506,-1.1387494,-2.1387494,-5.0887494,-4.9887495,-2.7887495,-2.4487493,-5.5087495,-6.8587494,-5.8987494,-6.1687493,-6.1887493,-6.098749,-4.4987493,-4.5487494,-3.9787493,-1.3087494,0.38125062,-2.3887494,-4.2587495,-2.0987494,-3.2487495,-4.1687493,-2.6687493,2.2012506,3.6212506,1.8012506,1.0912507,2.8812506,0.2112506,0.7012506,1.5612506,0.5912506,0.9412506,0.9612506,-0.39874938,-0.06874939,-0.08874939
-1.7287494,-0.75874937,2.5212507,1.8112506,0.4012506,0.8112506,-0.12874939,-2.7787495,-4.5287495,-4.518749,-3.1587493,-4.2787495,-5.2187495,-7.3387494,-6.8987494,-5.7187495,-5.598749,-4.6687493,-0.3187494,0.47125062,-1.6587493,-1.0387493,-1.8887494,-0.9387494,2.5612507,1.0512506,3.0912507,1.7012506,0.8712506,0.5312506,-1.4687494,-1.0987494,1.5712506,3.4312506,-0.3187494,2.9212506,3.6912506,1.9012506,1.2712506,0.5712506,-0.5187494,-1.4087493,-1.9087493
-0.6487494,2.3512506,-1.0287493,2.3312507,-2.7487495,-2.7587495,-1.6787494,-1.4787494,-4.3187494,-4.4187493,-4.038749,-4.0687494,-4.7387495,-5.4687495,-6.788749,-6.598749,-6.5087495,-4.788749,2.1512506,-1.3487494,-1.0787494,-1.4987494,-1.8287494,1.7112507,4.0312505,2.5812507,2.8612506,3.3712506,3.3112507,1.5212506,-1.0987494,1.6212506,-1.4787494,0.01125061,1.0312506,-1.0687494,2.9812505,3.0112505,1.5712506,5.2612505,0.9512506,0.5212506,-1.0287493
-2.3587494,-2.1987493,-1.1387494,-2.4287493,-2.6087494,-1.2387494,-0.5887494,-1.8087494,-2.9387493,-3.3187494,-3.5887494,-4.3187494,-5.018749,-6.058749,-6.4387493,-7.098749,-7.308749,-2.8787494,2.1012506,1.2512506,0.2812506,-1.7487494,-1.6987494,0.6512506,2.4112506,3.6212506,-2.9787493,-2.9087493,-1.1387494,-2.4287493,-1.3887494,-1.3087494,-2.7887495,2.3012507,0.26125062,1.4312506,1.5512506,-1.4987494,-2.6987493,3.1412506,-1.7287494,-0.3187494,0.3612506
-0.4187494,-1.0087494,-1.2987494,-1.4887494,-1.6587493,-0.12874939,0.1612506,-2.1687493,-2.2387495,-2.4787493,-3.1587493,-3.0787494,-4.2587495,-5.1387496,-4.828749,-6.768749,-6.9987493,-4.2987494,-0.5887494,-0.21874939,0.4912506,0.15125062,-2.5987494,-1.3587494,2.7312505,2.8512506,1.0312506,-0.5387494,-1.7687494,-2.3387494,-1.9787494,-2.0487494,2.8312507,1.0512506,1.0612506,0.021250611,0.8512506,0.8512506,3.0212507,2.3212507,-4.1887493,-3.1987493,-2.8487494
-2.2687495,-2.5687494,-3.0787494,-2.8287494,-2.1087494,-3.3287494,-2.0587494,-1.9987494,-2.5087495,-1.1687493,-2.3087494,-3.1487494,-2.9487493,-4.4287496,-4.3787494,-7.288749,-6.4087496,-0.36874938,0.7012506,0.5012506,0.3012506,1.3612506,4.8112507,3.1812506,2.8212507,2.9812505,2.6412506,1.8112506,-0.6187494,-1.2787493,-2.3087494,-3.9387493,-4.598749,-4.808749,-0.7687494,-1.9287494,0.9412506,1.5112506,1.5712506,0.09125061,-1.0287493,-0.9387494,-0.09874939
-1.3387494,-2.7287493,-3.0787494,-2.5287495,-0.8487494,-2.6387494,-3.0187495,-2.5587494,-0.63874936,-1.8787494,-2.4487493,-1.2087494,-1.5187494,-2.7187493,-5.9387493,-3.7187493,-4.2987494,-4.9887495,1.5012506,1.7412506,3.0812507,3.9812505,4.191251,3.8312507,4.171251,4.1012506,3.5812507,2.4012506,0.5712506,-6.058749,-1.7287494,-2.9387493,-5.1287494,-5.4287496,-3.5587494,-4.9687495,-3.2287493,-0.6687494,-4.2287493,-3.1687493,-0.5787494,2.2112505,1.9412506
-1.8187494,-2.2387495,-2.2987494,-2.4787493,-4.058749,-4.328749,-2.9787493,-1.7587494,-1.9787494,-1.1587493,-0.6087494,-0.81874937,0.07125061,-2.2187493,-3.0087495,2.0412507,-3.1987493,-10.028749,4.981251,4.3012505,5.2012506,5.2612505,4.1212506,4.3912506,4.7012506,4.8712506,4.731251,4.151251,3.1712506,1.1812506,-2.0387495,-1.4887494,-2.6087494,-4.1787496,-5.7387495,-1.2287494,0.05125061,1.4712507,0.9012506,-2.6987493,-2.7387495,1.3812506,-4.328749
-0.81874937,-1.8187494,-2.2087493,-3.7987494,-4.2387495,-4.4687495,-3.6687493,-1.8287494,-0.6687494,-0.3887494,-0.5387494,1.2212507,1.0112506,-2.3687494,-2.4487493,-1.7187494,-0.6187494,-0.9387494,5.9512506,4.691251,6.7712507,5.731251,5.5512505,5.1412506,5.211251,5.671251,4.5312505,4.5012507,4.1212506,1.7312506,-0.00874939,-1.1287494,-2.2287493,-3.3687494,-4.1787496,-5.3687496,-3.6887493,-3.4087493,-2.6587493,-2.1887493,1.1512506,-0.6187494,0.3912506
-1.0387493,-2.0687494,-3.0087495,-3.0487494,-3.7087493,-3.8587494,-3.0887494,-1.9787494,-0.4787494,0.021250611,0.9212506,2.7412505,2.1912506,-1.4087493,0.9212506,2.1812506,2.3012507,5.8512506,-1.0087494,5.1212506,6.711251,7.1312504,6.3712506,5.6212506,4.8812504,3.6212506,3.3812506,2.8312507,3.6312506,0.6312506,0.6212506,0.8312506,-1.4687494,-4.2487493,-3.7287493,-4.018749,-4.598749,-4.6387496,-1.7787493,-4.3387494,-4.4587493,-2.7287493,-0.8487494
-1.4587494,-1.8687494,-1.8887494,-1.7587494,-2.7587495,-2.4487493,-2.0087495,-1.3987494,-0.39874938,0.9812506,2.5912507,3.0312507,1.7512506,-1.8187494,0.9512506,0.5612506,6.3012505,7.0212507,0.4612506,4.0312505,6.5612507,6.3412504,5.7612505,4.8912506,4.1012506,2.5912507,3.2412505,2.9112506,2.2012506,1.6012506,1.5712506,1.7812506,0.4212506,-1.3687494,-3.0887494,-4.8587494,-5.1287494,-4.2287493,-1.0987494,2.9412506,-3.1687493,-2.3787494,-0.63874936
0.9512506,-0.7387494,-1.0687494,-1.2387494,-1.7687494,-1.3787494,-0.7287494,0.3112506,0.2712506,0.3612506,2.7712507,3.2112505,1.1412506,-1.8287494,-0.5887494,-1.0587494,4.6112504,5.7812505,2.7512505,0.05125061,3.5512507,6.3712506,4.711251,4.1612506,4.0112505,3.5012505,3.1612506,2.7912507,2.3412507,2.8412507,2.5712507,2.1512506,1.2312506,-0.16874939,-1.8487494,-3.1087494,-4.5287495,-5.4587493,-3.7987494,-2.4187493,-1.0687494,-1.0787494,-0.5287494
1.1212506,-0.06874939,0.38125062,0.35125062,0.10125061,0.18125062,0.18125062,1.8212506,2.8812506,2.9112506,3.1112506,3.5412507,1.5712506,-1.1487494,2.0112505,1.8012506,3.1912506,4.3312507,-1.9587494,-3.5387495,1.1612506,4.5812507,5.7512507,4.5612507,4.211251,4.1812506,3.6612506,3.0212507,3.4312506,3.5512507,3.8012507,2.3112507,1.0812507,-0.7987494,-0.45874938,-2.5787494,-2.4387493,-2.5587494,-4.1987495,-3.3887494,-2.2487495,-1.5487494,-0.56874937
1.0712506,1.2512506,0.4512506,0.9412506,1.4212506,0.6412506,0.23125061,2.9112506,3.5212507,4.8712506,5.1212506,3.7312505,1.8212506,0.3912506,0.5012506,2.4112506,3.9212506,2.8112507,0.061250612,-0.6687494,3.3912506,5.3612504,6.7012506,5.6012506,4.4912505,5.0112505,4.8212504,3.8412507,3.5112505,3.2612505,3.7012506,3.1012506,1.6712506,0.86125064,0.18125062,-2.6487494,-2.2687495,-3.0187495,-3.1987493,-2.7087493,-3.6087494,-4.1487494,-2.1187494
1.7712506,1.8712506,1.1912506,1.1212506,1.8312507,2.4612505,2.6112506,3.8112507,4.961251,5.671251,5.6212506,5.5112505,2.2812507,1.6812506,2.1812506,2.6112506,2.3212507,2.0612507,0.1612506,0.74125063,4.5112505,6.0912504,4.9512506,4.1212506,4.0512505,4.1012506,4.691251,4.211251,3.3712506,3.8812506,3.7812507,3.6712506,2.5712507,0.08125061,-0.9187494,-2.0687494,-2.1087494,-3.4387493,-3.4387493,-3.3487494,-2.2887495,-3.5087495,-4.3887496
2.9412506,2.3612506,1.5212506,2.3512506,2.1612506,2.8712506,3.8612506,4.5612507,4.921251,5.5012507,6.1212506,5.6112504,3.3212507,1.7712506,0.29125062,2.2212505,3.9812505,3.9612505,2.9112506,3.3012507,4.5912504,4.5712504,3.6212506,4.5312505,4.231251,4.461251,4.7512507,3.9412506,3.4912505,2.9812505,2.9412506,3.2612505,2.9112506,-0.81874937,-0.3487494,-0.23874938,-0.3587494,-2.1787493,-3.0887494,-2.8387494,-2.1887493,-3.1487494,-3.2787495
