wind_kz.json
{"header": {"discipline":0,"disciplineName":"Meteorological products","gribEdition":2,"gribLength":1025,"center":7,"centerName":"US National Weather Service - NCEP(WMC)","subcenter":0,"refTime":"2023-08-21T06:00:00.000Z","significanceOfRT":1,"significanceOfRTName":"Start of forecast","productStatus":0,"productStatusName":"Operational products","productType":1,"productTypeName":"Forecast products","productDefinitionTemplate":0,"productDefinitionTemplateName":"Analysis/forecast at horizontal level/layer at a point in time","parameterCategory":2,"parameterCategoryName":"UnknownDiscipline_0_Category_2","parameterNumber":2,"parameterNumberName":"UnknownParameter_D0_C2_2","parameterUnit":"Unknown","genProcessType":2,"genProcessTypeName":"Forecast","forecastTime":240,"surface1Type":103,"surface1TypeName":"Specified height level above ground","surface1Value":10.0,"surface2Type":255,"surface2TypeName":"Missing","surface2Value":0.0,"gridDefinitionTemplate":0,"gridDefinitionTemplateName":"Latitude_Longitude","numberPoints":615,"shape":6,"shapeName":"Earth spherical with radius of 6,371,229.0 m","gridUnits":"degrees","resolution":48,"winds":"true","scanMode":64,"nx":41,"ny":15,"basicAngle":0,"lo1":47.0,"la1":41.0,"lo2":87.0,"la2":55.0,"dx":1.0,"dy":1.0}, "data":
[rows 0 to 14 of 15, columns 0 to 40 of 41]
-0.5609076,0.9490924,-2.1609075,-1.3409076,-4.350908,-5.5409074,-5.9709077,-6.5709076,-7.0009074,-4.6309075,-4.3109074,-3.4009075,-3.2009077,-2.4309075,-1.4409076,-0.91090757,-1.1109076,-3.0109076,-4.0309076,-5.7409077,-3.2109077,-1.3409076,1.1290925,2.3390925,-0.9209076,0.5490924,2.4790924,4.5890923,0.4090924,2.1490924,1.9590924,-0.97090757,0.119092405,1.6590924,-1.3709075,6.5690923,-1.8409076,4.2990923,-4.580908,-6.4909077,-8.020907
-0.5209076,-2.7209077,-5.7009077,-3.4909077,-5.3209076,-4.8009076,-4.1609077,-4.640908,-4.4209075,-4.0409074,-3.0809076,-3.3009076,-2.2209077,-0.9809076,-0.6109076,0.6790924,0.8890924,0.77909243,0.04909241,0.1490924,-0.97090757,-0.9909076,0.119092405,3.9790924,0.7090924,-0.5909076,0.6290924,0.3290924,3.3390925,1.4890924,0.2990924,0.4890924,-0.5209076,2.7890923,0.9190924,2.4890924,-0.8609076,2.8090925,4.2490926,-2.1009076,-8.1909075
-3.3609076,-8.030908,-5.2509074,-5.7109075,-6.7509074,-4.4009075,-3.8109076,-2.8509076,-2.2409077,-1.4209076,-1.1609076,0.1690924,1.5590924,1.6390924,1.6290925,2.1790924,3.3990924,3.1290925,3.1690924,3.7690923,2.9390924,2.2090924,1.7490925,3.5090923,1.3190924,-0.72090757,-2.4609077,-1.1209075,3.3490925,-0.2809076,1.4490924,1.0190924,-1.2809076,-2.2509077,-2.8909075,2.0990925,-0.3209076,-0.7409076,2.2590923,-1.2809076,-3.8009076
-6.8009076,-8.420908,-7.9809074,-7.5209074,-4.7509074,-2.8109076,-1.6309075,-0.8309076,-0.14090759,1.2390924,1.5890924,3.0390923,3.0990925,4.2890925,5.169092,4.4590926,3.8990924,4.2890925,5.4290924,5.6390924,4.2690926,4.9790926,0.8690924,2.3690925,2.9490924,1.5190924,-0.60090756,-0.3909076,-3.2609076,-5.3009076,-5.7909074,-7.0109076,-8.660908,-6.9509077,-8.780908,-2.3609076,1.2990924,-1.6209075,-2.6809075,2.1590924,4.399092
-6.9609075,-7.080908,-6.0209074,-5.370908,-3.7909076,-2.6409075,-1.3409076,0.18909241,1.5990924,2.9490924,4.169092,5.4590926,4.8090925,5.8290925,6.3490925,8.539092,7.9590926,6.9590926,6.1590924,5.5190926,5.9090924,6.899092,6.7090926,4.7090926,3.0090923,3.0090923,2.2690923,-0.36090758,0.5490924,0.52909243,-1.0409076,-0.46090758,1.2090924,0.47909242,-2.2709076,-0.2909076,-0.08090759,0.4890924,4.8290925,4.4290924,-0.72090757
-5.0109076,-4.3009076,-4.1609077,-2.6209075,-1.1509076,0.21909241,2.2290924,3.0390923,3.8990924,4.7990923,5.7590923,4.9690924,4.7490926,4.5990925,5.3090925,7.2190924,9.239093,10.179092,9.239093,8.039092,7.3490925,6.7890925,6.5390925,5.5390925,4.3090925,3.9090924,4.649092,1.9990925,3.4790924,3.0090923,2.8890924,2.8390925,2.1490924,0.1390924,-2.6109076,-0.5609076,0.8790924,2.2690923,-1.7009076,-2.8209076,-4.890908
-2.6609075,-1.4609076,-0.2409076,0.6090924,0.7090924,-1.2709076,-2.2409077,-1.4909075,-0.6409076,-0.2509076,0.6290924,1.8790925,1.9990925,3.7790923,4.9790926,5.7190924,6.7190924,7.3390923,8.669092,8.449093,7.3690925,8.679092,6.3190923,5.1990924,4.7490926,4.6190925,5.919092,5.6990924,4.0390925,3.1190925,2.4890924,1.8490924,1.1490924,-0.30090758,-3.2509077,-1.0409076,1.4790924,-0.5709076,1.2190924,-0.1609076,3.7490923
-0.8909076,-2.9609077,-3.9209075,-4.2809076,-3.5009077,-2.8509076,-1.9609076,-0.7009076,0.2790924,1.3390924,1.7090924,3.4390924,5.1790924,5.5290923,5.5090923,6.4490924,7.0590925,7.5190926,8.259092,8.0990925,7.5390925,9.339092,5.9290924,4.5890923,3.4190924,2.2590923,5.8390923,5.7890925,5.149092,5.629092,4.9390926,3.1290925,2.8090925,2.1990924,4.7690926,3.1990924,0.7090924,-0.46090758,3.2090924,6.629092,4.9790926
-3.7309077,-3.4109075,-3.2909076,-3.0709076,-2.8309076,-1.6709076,-0.2609076,-0.010907593,1.1090924,1.6490924,3.1890924,4.3390923,5.4090924,4.9590926,5.0590925,5.4290924,5.7890925,6.4590926,6.5690923,8.5990925,8.589092,8.079092,7.0290923,5.2790923,5.149092,2.1390924,1.3090924,7.2790923,6.8190923,6.1990924,5.5890923,5.4590926,5.6590924,5.3490925,3.8390925,2.4190924,-0.6409076,2.8290925,1.4690924,-0.3109076,1.4090924
-3.5209076,-4.2909074,-3.6409075,-2.8409076,-1.6909076,-1.2809076,-0.3709076,0.009092407,1.1490924,1.9190924,3.1690924,4.2890925,3.0590925,3.9590924,4.0690923,4.2590923,5.129092,5.859092,5.2390924,6.3890924,5.9690924,8.0990925,3.4690924,7.2590923,5.0890923,3.3190925,2.6290925,3.1490924,8.649093,7.5390925,6.3490925,5.7290926,5.4890924,6.419092,4.8690925,2.0390923,-2.8209076,-1.0409076,2.4790924,1.4590924,0.9490924
-2.9409075,-3.0009077,-2.2309077,-1.4909075,-1.2209076,-0.8809076,0.3090924,0.5990924,0.7290924,1.9190924,2.7390924,3.0990925,2.5990925,2.7290924,3.8790925,3.0590925,3.1690924,4.7490926,4.0090923,4.859092,5.4490924,4.5890923,4.859092,1.5590924,4.4490924,4.1890926,3.3190925,3.2490923,6.3190923,6.7390924,6.669092,4.0290923,4.2790923,4.8190923,3.4690924,1.6590924,1.1090924,0.6190924,2.1790924,-0.36090758,1.2090924
-1.2709076,-1.7409075,-1.5609076,-1.4309076,-0.2909076,-0.20090759,0.12909241,0.64909244,0.6090924,1.3790925,2.7290924,1.2090924,1.0190924,2.8090925,3.5990925,3.6290925,3.0590925,3.5790925,2.8990924,3.3990924,3.1190925,3.1690924,2.6190925,2.5690925,0.09909241,2.2390924,3.5390923,3.8790925,2.7890923,5.7190924,4.6390924,5.9290924,4.0290923,4.4990926,3.9390924,3.7090924,5.8090925,6.6190925,3.6290925,2.3690925,-0.020907592
0.52909243,-0.1609076,-0.4109076,-0.14090759,0.25909242,0.4690924,0.5490924,0.8590924,0.8690924,0.4290924,1.9090924,2.7490923,2.2890923,2.6490924,2.7390924,2.9290924,2.9290924,1.7690924,1.7690924,2.1190925,1.1390924,0.3290924,0.1690924,0.2790924,1.1290925,1.7890924,1.5290924,1.3790925,3.1690924,5.669092,6.8690925,5.5090923,5.3290925,4.7190924,5.3890924,6.8690925,6.8090925,4.7590923,7.6190925,4.6190925,0.6590924
1.0890924,0.6090924,-0.1909076,0.9490924,1.3290924,1.5690924,0.7290924,1.0890924,0.7390924,0.4590924,1.3790925,2.2990923,2.6090925,1.0590924,0.8890924,1.0490924,0.6790924,0.009092407,-0.4109076,-0.5009076,-2.5809076,-3.1209075,-3.5009077,-2.3009076,-1.8309076,-0.46090758,0.52909243,3.8090925,4.2990923,4.399092,2.4390924,3.5990925,5.2390924,6.7190924,6.9390926,8.339092,6.8090925,7.2490926,6.0790925,3.4790924,0.4290924
0.5090924,0.2990924,0.039092407,1.1890924,1.6290925,1.6090924,1.8990924,1.9190924,1.3090924,1.4890924,0.6190924,2.0890925,1.1490924,1.7290924,1.7790924,0.25909242,0.20909241,0.7690924,-0.60090756,-3.4609077,-2.4509077,-3.6309075,-2.4109075,-2.0009077,1.8790925,1.4590924,0.9590924,-1.6509076,-0.9909076,0.7290924,2.4890924,4.5490923,6.1390924,5.6790924,6.8290925,8.269093,5.9890924,5.649092,3.5690925,2.5890925,-0.30090758
