wind_kz.json
{"header": {"discipline":0,"disciplineName":"Meteorological products","gribEdition":2,"gribLength":1025,"center":7,"centerName":"US National Weather Service - NCEP(WMC)","subcenter":0,"refTime":"2024-02-02T00:00:00.000Z","significanceOfRT":1,"significanceOfRTName":"Start of forecast","productStatus":0,"productStatusName":"Operational products","productType":1,"productTypeName":"Forecast products","productDefinitionTemplate":0,"productDefinitionTemplateName":"Analysis/forecast at horizontal level/layer at a point in time","parameterCategory":2,"parameterCategoryName":"UnknownDiscipline_0_Category_2","parameterNumber":2,"parameterNumberName":"UnknownParameter_D0_C2_2","parameterUnit":"Unknown","genProcessType":2,"genProcessTypeName":"Forecast","forecastTime":300,"surface1Type":103,"surface1TypeName":"Specified height level above ground","surface1Value":10.0,"surface2Type":255,"surface2TypeName":"Missing","surface2Value":0.0,"gridDefinitionTemplate":0,"gridDefinitionTemplateName":"Latitude_Longitude","numberPoints":615,"shape":6,"shapeName":"Earth spherical with radius of 6,371,229.0 m","gridUnits":"degrees","resolution":48,"winds":"true","scanMode":64,"nx":41,"ny":15,"basicAngle":0,"lo1":47.0,"la1":41.0,"lo2":87.0,"la2":55.0,"dx":1.0,"dy":1.0}, "data":
[rows 0 to 14 of 15, columns 0 to 40 of 41]
2.4784448,0.12844482,-1.5515552,1.4384449,-0.21155518,-2.2115552,2.1684449,-2.5215552,-6.9315553,-6.1215553,-7.2915554,-9.451555,-9.271555,-8.841556,-8.011555,-7.1015553,-5.8915553,-4.841555,-3.7015553,-3.5515552,-5.921555,-2.4215553,-0.14155518,0.18844482,-0.40155518,-0.9015552,-3.8015552,-1.6915551,0.6184448,0.93844485,-0.8315552,2.108445,-0.3315552,0.3584448,1.3484448,1.7984449,2.5784447,2.5384448,2.9184449,2.7984447,3.3284447
-0.111555174,-0.8215552,0.8484448,-2.0315552,-4.1815553,-3.101555,-3.5415552,-7.001555,-8.601555,-9.271555,-9.631556,-8.621555,-7.991555,-7.421555,-6.901555,-6.1815553,-6.011555,-5.881555,-4.841555,-4.271555,-3.7615552,-1.9415551,-0.8215552,-2.391555,0.49844483,0.8584448,-1.1715552,0.6584448,-2.3115551,-1.3515552,0.15844482,-0.61155516,3.2584448,-3.1815553,-0.051555175,0.5484448,-0.09155518,1.7584448,1.8384448,1.5284448,3.7384448
-0.38155517,-0.32155517,-2.7315552,-4.1815553,-4.021555,-6.031555,-6.981555,-8.651555,-9.811555,-8.451555,-8.1715555,-7.881555,-7.631555,-7.191555,-5.471555,-3.7715552,-5.381555,-4.691555,-3.871555,-3.2515552,-2.6815553,-1.9415551,-0.5115552,-1.8615552,-0.81155515,-1.4215552,-2.0815551,0.08844482,1.1184448,-0.111555174,-2.1615553,1.4184449,0.9984448,-0.041555177,0.63844484,-0.3015552,0.3584448,0.43844482,0.6584448,0.88844484,1.6184448
2.5684447,-2.341555,-4.4315553,-3.1715553,-5.171555,-8.071555,-6.571555,-9.101555,-8.481555,-8.521555,-8.241555,-8.041555,-6.961555,-6.021555,-5.651555,-5.471555,-5.4315553,-4.611555,-3.611555,-2.0115552,-1.4615551,-1.9115552,-3.2515552,-3.7915552,-3.4315553,-3.5115552,-3.631555,-5.3715553,-2.4615552,-0.6315552,-0.46155518,0.16844483,0.51844484,-2.641555,-1.0715551,-1.0315552,-1.9115552,1.9884448,-0.7115552,0.068444826,0.09844483
-4.781555,-5.001555,-4.721555,-4.2015553,-6.721555,-7.5615554,-6.981555,-8.021555,-7.8915553,-7.491555,-7.781555,-8.351555,-7.271555,-6.271555,-6.071555,-4.721555,-4.361555,-3.8215551,-4.1215553,-4.3515553,-5.781555,-5.4515553,-5.771555,-5.341555,-5.8715553,-5.921555,-6.3115554,-3.111555,-3.881555,-2.861555,-1.1615552,-0.0015551758,-2.1815553,0.028444825,0.46844482,-0.16155517,-0.45155516,-0.18155518,0.48844483,0.37844482,1.3384448
-6.211555,-5.631555,-4.3515553,-5.1215553,-6.0615554,-5.7915554,-8.041555,-8.141555,-7.2915554,-7.611555,-7.6015553,-7.1615553,-6.531555,-5.471555,-4.001555,-4.071555,-4.501555,-5.321555,-6.281555,-5.1815553,-5.671555,-6.1015553,-5.301555,-5.691555,-5.251555,-6.6615553,-4.421555,-2.651555,-2.9515553,-2.1715553,-2.651555,-2.7315552,-2.0415552,-1.6515552,-0.15155518,-5.6615553,-0.08155517,-1.4415551,-0.3915552,0.95844483,0.50844485
-5.671555,-6.131555,-7.6615553,-8.1715555,-7.521555,-6.491555,-8.521555,-7.721555,-7.671555,-6.961555,-5.9515553,-6.091555,-4.741555,-5.491555,-4.611555,-4.731555,-4.771555,-4.921555,-4.671555,-7.111555,-4.8315554,-4.5415554,-4.321555,-3.8015552,-5.921555,-4.251555,-2.151555,-1.5315552,-2.631555,-2.5615551,-3.641555,-2.871555,-0.54155517,0.6784448,0.28844482,-0.85155517,-1.0215552,1.4984448,-0.40155518,1.4084449,2.108445
-6.571555,-7.401555,-7.151555,-6.881555,-6.8515553,-6.691555,-6.5815554,-6.501555,-6.741555,-5.981555,-5.321555,-6.2015553,-4.051555,-4.731555,-3.621555,-4.8915553,-4.6015553,-4.731555,-3.9115553,-6.751555,-4.1815553,-3.7015553,-2.8115551,-3.2515552,-2.5115552,-1.6915551,-1.9015552,-1.5015552,-1.0815551,-2.0815551,-2.9115553,-0.031555176,-2.651555,-1.3815552,-2.6815553,0.9984448,0.11844482,1.6284448,2.0784447,2.7784448,-0.92155516
-7.0615554,-7.001555,-6.771555,-6.521555,-6.171555,-6.1615553,-6.131555,-5.6815553,-5.941555,-4.8515553,-4.551555,-4.441555,-4.221555,-3.121555,-4.0615554,-3.4315553,-4.0415554,-3.5515552,-3.7315552,-2.611555,-3.5815551,-1.7815552,-1.9515551,-2.0615551,-2.101555,-1.6615552,-1.6415552,-1.9815552,-0.16155517,-0.7715552,-0.54155517,-0.73155516,-0.32155517,-0.60155517,-1.0115552,-0.5015552,0.93844485,-1.1015552,-0.8215552,1.5984448,-0.5115552
-6.821555,-6.231555,-6.0815554,-5.8115554,-5.5415554,-5.3515553,-5.6015553,-5.031555,-4.471555,-3.9815552,-4.6615553,-5.421555,-3.2915552,-3.2915552,-3.9515553,-2.9215553,-3.371555,-2.9315553,-1.6415552,-2.141555,-2.3215551,-1.7215552,-1.2915552,-1.1615552,-2.0815551,-1.5315552,-0.80155516,-0.85155517,1.1084448,1.5384449,1.7084448,0.69844484,1.1984448,0.7384448,-0.7115552,0.108444825,-1.6315552,0.068444826,0.33844483,0.9684448,0.7884448
-5.491555,-5.841555,-5.711555,-4.801555,-4.6415553,-4.261555,-4.1415553,-4.1615553,-3.9915552,-4.011555,-3.9815552,-2.891555,-2.2115552,-3.5715551,-3.0215552,-2.151555,-2.361555,-1.3815552,-2.101555,-3.111555,-2.651555,-1.8115551,-0.7215552,-0.37155518,0.11844482,-0.031555176,1.3784448,1.8984448,2.9884448,3.138445,2.3284447,2.0584447,2.3284447,1.3684448,0.94844484,-0.49155518,-0.5115552,1.4084449,-0.6315552,1.0784448,1.4284449
-3.0515552,-4.4515553,-4.8915553,-4.3715553,-4.261555,-4.051555,-3.9515553,-4.7015553,-3.0515552,-2.641555,-2.9415553,-1.8215551,-2.1915553,-2.2015553,-1.3615552,-1.4215552,-1.2415552,-1.2515552,-2.0115552,-1.6115552,-1.7015551,-0.79155517,-1.0315552,0.19844483,1.6284448,1.9684448,1.7784448,2.7684448,1.8984448,1.6584449,1.8284448,1.7484448,1.7984449,2.358445,2.4884448,3.6684449,5.498445,6.348445,3.858445,2.4284449,1.7584448
-3.4115553,-2.9915552,-3.601555,-3.2515552,-3.4615552,-3.0115552,-3.361555,-3.0215552,-2.7515552,-1.9715552,-1.5915551,-1.6515552,-0.56155515,-1.3115551,-0.18155518,-0.47155517,-0.56155515,-0.7115552,-0.61155516,-1.2215552,-0.93155515,-0.5315552,-0.21155518,0.12844482,0.5284448,0.7884448,1.2184448,1.2084448,1.6084448,1.4984448,1.5784448,2.2584448,2.9784448,3.5484447,3.8384447,4.478445,4.6084447,3.348445,5.5884447,5.808445,4.3384447
-2.9815552,-2.2815552,-2.641555,-3.2915552,-2.861555,-3.4615552,-2.5715551,-2.6715553,-1.1515552,-0.67155516,-1.3515552,-1.7315552,-0.6315552,0.40844482,-0.2715552,-0.67155516,-1.3815552,-1.5415552,-1.8015552,-1.7115551,-1.5615551,-1.5315552,-0.9615552,-1.1315552,-2.2715552,-2.0415552,-1.9715552,-0.24155517,0.49844483,0.63844484,2.0884447,1.3284448,2.2984447,3.7384448,3.4984448,5.3584447,5.228445,5.028445,5.248445,4.748445,6.268445
-2.841555,-2.861555,-3.3215551,-3.1615553,-2.7715552,-1.6315552,-1.9915552,-2.2115552,-1.4815552,-1.0815551,-1.3215551,-0.45155516,-1.2015551,-1.9015552,-3.401555,-3.891555,-4.441555,-4.6615553,-3.5115552,-4.031555,-3.641555,-3.351555,-2.5415552,-2.1615553,-1.3415551,-0.47155517,0.70844483,1.4384449,1.8984448,2.4384449,3.658445,3.7184448,4.368445,4.5884447,4.638445,5.238445,4.828445,5.7984447,5.768445,4.348445,3.398445
