wind.json
{"header": {"discipline":0,"disciplineName":"Meteorological products","gribEdition":2,"gribLength":1039,"center":7,"centerName":"US National Weather Service - NCEP(WMC)","subcenter":0,"refTime":"2023-05-30T06:00:00.000Z","significanceOfRT":1,"significanceOfRTName":"Start of forecast","productStatus":0,"productStatusName":"Operational products","productType":1,"productTypeName":"Forecast products","productDefinitionTemplate":0,"productDefinitionTemplateName":"Analysis/forecast at horizontal level/layer at a point in time","parameterCategory":0,"parameterCategoryName":"UnknownDiscipline_0_Category_0","parameterNumber":0,"parameterNumberName":"UnknownParameter_D0_C0_0","parameterUnit":"Unknown","genProcessType":2,"genProcessTypeName":"Forecast","forecastTime":0,"surface1Type":1,"surface1TypeName":"Ground or water surface","surface1Value":0.0,"surface2Type":255,"surface2TypeName":"Missing","surface2Value":0.0,"gridDefinitionTemplate":0,"gridDefinitionTemplateName":"Latitude_Longitude","numberPoints":688,"shape":6,"shapeName":"Earth spherical with radius of 6,371,229.0 m","gridUnits":"degrees","resolution":48,"winds":"true","scanMode":64,"nx":43,"ny":16,"basicAngle":0,"lo1":45.0,"la1":40.0,"lo2":87.0,"la2":55.0,"dx":1.0,"dy":1.0}, "data":
[rows 0 to 15 of 16, columns 0 to 42 of 43]
289.73343,289.23343,305.13342,313.33344,316.83344,293.4334,292.23343,291.4334,316.4334,317.53342,316.13342,316.23343,317.4334,316.9334,318.63342,320.63342,320.73343,319.03342,317.53342,317.4334,318.73343,316.4334,310.4334,311.83344,311.03342,310.13342,310.13342,299.83344,289.4334,294.03342,302.53342,317.63342,314.73343,315.53342,319.9334,322.03342,318.53342,317.33344,313.73343,314.33344,317.33344,319.73343,322.83344
295.63342,304.73343,310.03342,298.33344,303.73343,290.23343,290.53342,290.23343,309.03342,318.13342,317.83344,318.13342,318.23343,318.63342,318.03342,318.33344,317.53342,318.4334,316.9334,314.9334,319.33344,317.03342,320.03342,319.33344,314.4334,311.9334,318.33344,318.9334,305.73343,291.53342,298.73343,294.23343,293.03342,288.33344,310.23343,317.53342,320.83344,322.73343,323.23343,318.4334,316.63342,317.63342,324.4334
291.23343,290.13342,285.53342,302.83344,290.23343,290.13342,289.63342,289.63342,320.9334,317.13342,315.73343,315.73343,316.13342,316.4334,316.53342,314.9334,318.03342,318.53342,320.53342,321.83344,319.03342,317.03342,314.53342,317.13342,320.13342,299.73343,289.9334,288.83344,298.23343,297.83344,305.33344,290.9334,301.4334,273.53342,305.9334,268.53342,273.23343,309.53342,313.53342,312.53342,314.4334,306.03342,284.4334
296.33344,298.9334,307.03342,291.83344,290.13342,289.73343,289.33344,314.33344,313.73343,315.03342,313.53342,312.9334,312.33344,314.03342,313.53342,314.4334,314.23343,317.63342,317.53342,317.13342,319.73343,323.9334,315.73343,311.13342,308.23343,298.83344,307.53342,305.53342,303.33344,307.13342,307.13342,293.03342,287.03342,290.9334,294.13342,297.9334,294.63342,294.4334,282.53342,299.63342,294.13342,289.73343,281.83344
304.23343,307.33344,307.23343,292.53342,290.4334,290.23343,294.9334,313.13342,313.03342,315.03342,314.33344,311.9334,310.63342,309.13342,291.13342,291.53342,312.63342,313.9334,313.13342,315.53342,316.23343,315.4334,311.33344,303.9334,311.23343,311.03342,309.53342,310.13342,311.33344,304.53342,307.13342,307.33344,312.4334,313.83344,314.63342,318.53342,310.83344,304.03342,290.03342,273.73343,297.33344,301.83344,306.73343
306.73343,307.23343,313.33344,294.13342,293.4334,293.83344,298.33344,315.03342,314.23343,315.9334,313.23343,311.4334,312.23343,309.13342,292.23343,291.73343,289.83344,313.83344,315.23343,312.4334,312.53342,312.23343,313.23343,313.83344,312.63342,313.4334,314.33344,314.23343,310.63342,307.13342,314.23343,315.53342,313.63342,308.63342,292.9334,275.4334,299.33344,308.9334,307.23343,314.9334,318.63342,313.9334,310.13342
297.73343,298.9334,309.4334,308.9334,294.73343,294.03342,293.73343,293.83344,314.23343,311.13342,313.23343,312.53342,311.13342,311.13342,293.83344,291.4334,303.63342,313.4334,313.63342,317.13342,315.83344,315.83344,315.83344,314.33344,314.73343,314.63342,314.33344,313.03342,315.4334,290.63342,313.53342,314.03342,309.33344,310.63342,305.53342,304.23343,297.63342,297.13342,289.03342,295.73343,299.13342,314.33344,307.23343
297.53342,302.4334,303.73343,305.13342,307.23343,301.53342,299.53342,312.13342,314.63342,312.33344,312.23343,309.9334,310.53342,310.23343,310.4334,310.13342,314.53342,314.83344,315.9334,315.23343,316.73343,316.83344,313.4334,314.23343,314.73343,313.03342,309.73343,311.4334,313.63342,314.03342,316.63342,315.63342,311.83344,309.73343,307.53342,291.33344,286.53342,288.13342,284.4334,285.13342,282.03342,283.83344,303.53342
304.9334,300.63342,302.9334,305.13342,301.83344,305.4334,307.53342,310.63342,308.9334,310.13342,306.83344,307.83344,306.53342,307.03342,310.73343,310.33344,321.73343,317.03342,320.63342,316.23343,314.53342,314.4334,313.83344,313.53342,312.33344,313.13342,311.63342,309.13342,309.63342,311.53342,302.4334,303.13342,307.13342,305.9334,304.53342,303.33344,288.13342,300.13342,290.03342,284.73343,286.23343,293.63342,294.53342
290.83344,304.33344,305.73343,306.33344,307.13342,302.9334,304.03342,301.23343,305.73343,307.9334,308.33344,306.33344,305.23343,307.63342,308.23343,314.4334,315.03342,320.33344,316.63342,317.03342,312.83344,312.83344,310.83344,311.73343,311.9334,311.73343,309.33344,308.33344,305.13342,303.53342,301.13342,300.4334,295.33344,298.53342,302.03342,301.83344,300.23343,294.73343,286.4334,280.53342,274.13342,280.33344,276.23343
301.03342,304.53342,305.73343,303.4334,305.03342,300.13342,298.9334,300.53342,303.33344,304.03342,303.9334,306.03342,306.63342,307.23343,310.33344,311.13342,313.4334,314.33344,315.13342,311.73343,310.4334,312.9334,312.23343,311.53342,312.53342,311.03342,312.23343,309.03342,309.63342,303.4334,295.83344,300.03342,289.33344,304.23343,302.83344,302.33344,299.4334,294.4334,284.83344,277.63342,276.9334,282.53342,285.83344
296.53342,293.83344,303.63342,305.23343,305.33344,301.63342,302.4334,300.73343,300.63342,301.4334,303.63342,305.23343,303.63342,305.23343,309.03342,308.33344,310.23343,311.03342,311.83344,311.73343,308.83344,311.9334,312.13342,310.03342,310.23343,310.53342,310.63342,310.53342,299.4334,307.13342,304.13342,295.63342,305.13342,306.13342,303.4334,300.83344,297.83344,295.23343,281.63342,280.63342,282.33344,287.03342,289.53342
294.4334,295.53342,297.03342,301.23343,303.4334,302.33344,298.33344,297.4334,298.73343,301.53342,303.63342,301.4334,299.23343,303.83344,308.33344,308.03342,311.4334,311.03342,311.13342,309.73343,310.03342,309.9334,309.53342,309.13342,308.53342,308.53342,306.33344,310.63342,305.83344,305.9334,294.23343,294.83344,303.63342,305.13342,300.63342,299.33344,296.73343,296.9334,291.4334,283.73343,282.83344,290.4334,291.23343
293.9334,293.83344,295.13342,295.4334,297.53342,299.13342,299.13342,298.53342,301.4334,304.33344,304.33344,301.23343,301.33344,300.23343,306.33344,304.83344,308.63342,308.03342,308.53342,307.13342,310.83344,309.73343,308.23343,305.03342,304.13342,305.4334,308.63342,309.53342,299.63342,294.13342,291.13342,301.9334,304.23343,304.13342,304.13342,299.4334,297.83344,295.03342,293.53342,290.83344,291.9334,291.13342,289.53342
291.33344,293.03342,293.03342,294.03342,289.13342,296.73343,295.9334,295.13342,297.23343,297.03342,297.83344,298.13342,300.9334,300.53342,301.33344,302.83344,305.63342,304.13342,301.03342,305.33344,306.9334,308.63342,307.23343,306.13342,307.9334,306.9334,313.9334,306.83344,301.03342,301.23343,293.23343,300.73343,303.23343,301.53342,300.23343,298.4334,298.13342,295.83344,295.9334,295.13342,293.83344,294.63342,292.63342
292.4334,291.9334,292.53342,294.03342,284.33344,290.23343,289.23343,292.33344,292.83344,294.03342,294.33344,295.53342,295.73343,296.9334,298.73343,300.9334,302.4334,304.63342,304.23343,303.53342,303.53342,304.03342,304.53342,305.73343,303.83344,305.4334,296.03342,298.33344,292.83344,294.03342,288.23343,296.73343,299.9334,293.53342,298.63342,297.9334,297.13342,298.23343,297.63342,294.13342,296.9334,294.63342,287.53342
