wind_kz.json
{"header": {"discipline":0,"disciplineName":"Meteorological products","gribEdition":2,"gribLength":1102,"center":7,"centerName":"US National Weather Service - NCEP(WMC)","subcenter":0,"refTime":"2023-08-27T06:00:00.000Z","significanceOfRT":1,"significanceOfRTName":"Start of forecast","productStatus":0,"productStatusName":"Operational products","productType":1,"productTypeName":"Forecast products","productDefinitionTemplate":0,"productDefinitionTemplateName":"Analysis/forecast at horizontal level/layer at a point in time","parameterCategory":2,"parameterCategoryName":"UnknownDiscipline_0_Category_2","parameterNumber":3,"parameterNumberName":"UnknownParameter_D0_C2_3","parameterUnit":"Unknown","genProcessType":2,"genProcessTypeName":"Forecast","forecastTime":60,"surface1Type":103,"surface1TypeName":"Specified height level above ground","surface1Value":10.0,"surface2Type":255,"surface2TypeName":"Missing","surface2Value":0.0,"gridDefinitionTemplate":0,"gridDefinitionTemplateName":"Latitude_Longitude","numberPoints":615,"shape":6,"shapeName":"Earth spherical with radius of 6,371,229.0 m","gridUnits":"degrees","resolution":48,"winds":"true","scanMode":64,"nx":41,"ny":15,"basicAngle":0,"lo1":47.0,"la1":41.0,"lo2":87.0,"la2":55.0,"dx":1.0,"dy":1.0}, "data":
[rows 0 to 14 of 15, columns 0 to 40 of 41]
-0.30695313,-0.73695314,-3.8469532,-10.466953,-10.846953,-10.686954,-7.9669533,-7.226953,-7.206953,-8.296953,-7.956953,-5.866953,-8.286953,-5.726953,-5.166953,-0.33695313,-0.3569531,2.033047,1.2030469,2.303047,-1.4669532,3.053047,1.3830469,-1.0369531,-0.5769531,-0.21695313,-1.6969532,0.94304687,4.0330467,5.273047,0.6030469,0.21304688,0.37304688,-1.6569531,-4.1969533,-5.4269533,-1.4969531,-0.7069531,-1.7969531,-4.166953,-3.3369532
0.41304687,-2.2669532,-8.536953,-11.056953,-11.896954,-13.016953,-8.746953,-7.796953,-6.726953,-8.236953,-9.676953,-8.826953,-5.496953,-5.6969533,-7.586953,-8.546953,-5.856953,2.9530468,2.833047,3.2230468,1.1530468,1.6130469,3.4430468,2.323047,1.7330469,0.9230469,-2.476953,2.1330469,0.17304687,2.323047,5.0130467,5.9930468,0.96304685,0.26304686,-2.426953,-3.416953,-0.17695312,-1.7369531,-0.086953126,-2.746953,-2.166953
0.5530469,-4.066953,-7.746953,-9.716953,-10.136953,-8.116953,-8.656953,-8.406953,-8.246953,-7.4869533,-6.876953,-6.516953,-4.776953,-4.616953,-6.6769533,-5.396953,-5.206953,-6.686953,3.8930469,4.723047,3.013047,1.6530468,2.9830468,1.9730469,2.503047,1.3230469,1.5830469,1.0430468,0.6730469,3.033047,6.153047,2.9230468,2.6830468,-1.2869531,-0.28695312,3.333047,4.603047,-0.67695314,0.053046875,1.8930469,1.2730469
1.4430469,-3.0969532,-4.9869533,-7.1769533,-5.346953,-6.036953,-6.2169533,-6.266953,-5.9669533,-6.286953,-4.336953,-4.516953,-7.7369533,-7.4869533,-5.9269533,-1.1769531,-4.996953,-5.686953,-5.606953,3.613047,4.383047,2.9930468,2.6730468,4.623047,4.0530467,3.3930469,1.7230469,-1.1969532,3.3930469,1.7630469,-0.5069531,1.1030469,-1.5869532,-1.2869531,-1.2469531,-3.8069532,-1.1669531,2.4230468,-0.22695312,1.0330468,-0.06695312
-2.0169532,-6.7569532,-7.246953,-7.646953,-8.156953,-4.8869534,-5.3869534,-2.6169531,-5.1569533,-6.786953,-6.246953,-6.666953,-7.3869534,-5.056953,-4.806953,-2.2669532,-2.496953,-1.8769531,-3.0469532,-5.316953,2.6530468,4.0730467,4.603047,3.263047,4.103047,2.9230468,3.323047,2.2230468,0.29304686,-0.8169531,-0.85695314,0.27304688,2.3730469,4.453047,-0.91695315,-1.5269531,0.26304686,-1.0469531,0.57304686,-1.5769532,-2.6169531
-2.5769532,-2.6069531,-6.396953,-8.266953,-9.986953,-10.936954,-7.1769533,-5.826953,-4.346953,-4.546953,-3.416953,-3.0969532,-4.026953,-4.536953,-4.796953,-0.25695312,-0.34695312,1.9430469,2.353047,-2.6069531,-3.8169532,3.803047,4.813047,3.6630468,6.003047,5.003047,2.6330469,2.533047,1.2030469,-0.33695313,-1.0069531,-1.6469531,-1.2369531,-0.54695314,2.3830469,0.94304687,4.583047,2.843047,-0.6269531,-2.486953,-2.916953
-3.176953,-3.2769532,-4.0069532,-6.546953,-5.1969533,-3.466953,-4.036953,-3.746953,-4.096953,-4.126953,-3.5469532,-2.416953,-1.7769531,-1.5969532,-2.676953,-2.906953,-1.4269531,3.2130468,2.073047,2.1330469,0.003046875,-4.246953,4.703047,4.603047,3.4630468,5.983047,2.9830468,3.9030468,1.8030468,0.5330469,-0.54695314,-2.406953,-2.7569532,-1.3769531,-1.9369531,-1.5369531,-2.646953,-0.48695314,1.1830468,-0.41695312,-0.016953126
-3.136953,-3.636953,-5.576953,-5.836953,-7.2569532,-4.036953,-1.0869532,0.093046874,0.023046875,-1.3369532,-0.97695315,-0.79695314,-0.7469531,0.11304688,-0.2669531,-1.4569532,-1.5769532,-0.79695314,1.3330469,0.8030469,6.293047,0.4230469,-3.3069532,5.273047,4.163047,6.373047,7.753047,4.913047,2.513047,2.6530468,1.3930469,0.47304687,-2.216953,-2.8469532,1.5130469,1.2730469,1.8630469,1.1030469,1.1130469,0.17304687,-1.4169531
-4.546953,0.093046874,-3.2569532,-4.646953,-5.646953,-6.596953,-6.6369534,-3.386953,-3.166953,0.37304688,-0.28695312,0.29304686,0.7930469,0.9830469,1.0230469,1.0630469,-0.5269531,-1.7269531,-1.8069531,1.4630469,4.973047,7.6130466,0.7230469,-3.0969532,4.0330467,9.683047,9.213047,7.7430468,3.2230468,1.8330469,2.6530468,2.6430469,1.4330468,0.6230469,2.4830468,1.3730469,-3.396953,-0.016953126,0.8130469,0.49304688,-0.44695312
-3.3769531,-2.2769532,-2.496953,-3.136953,-5.956953,-7.536953,-8.306953,-6.7569532,-4.416953,-0.07695313,4.933047,0.31304687,0.8430469,1.6830468,-0.5769531,2.073047,1.9930469,0.70304686,-0.59695315,2.6630468,5.203047,8.833047,4.5930467,-3.396953,4.8230467,9.903047,9.453047,4.7830467,3.343047,3.333047,2.9930468,3.013047,2.113047,2.4430468,0.83304685,0.053046875,-0.12695312,-3.446953,-0.8269531,1.8430469,0.88304687
-3.486953,-3.6269531,-6.146953,-3.456953,-6.9669533,-10.136953,-11.356953,-11.876953,-9.516953,-6.086953,4.703047,1.8130469,-0.48695314,0.15304688,2.9530468,2.9030468,3.9830468,2.543047,-0.36695313,-0.18695313,4.813047,4.7630467,7.083047,-1.9969531,5.473047,7.5730467,7.5130467,5.703047,3.8930469,3.073047,2.503047,1.4630469,1.1830468,1.8530469,1.6830468,0.57304686,-0.34695312,1.8130469,0.58304685,0.9830469,0.13304688
-3.1069531,-4.296953,-5.436953,-5.2369533,-8.906953,-8.536953,-9.126953,-8.696953,-6.266953,-3.906953,-1.0869532,-0.5069531,0.9730469,1.3130469,2.3730469,3.823047,5.023047,4.733047,2.4930468,1.8530469,0.38304687,4.3230467,4.133047,-0.28695312,2.1730468,4.543047,6.433047,6.223047,4.623047,3.823047,2.1730468,1.0430468,0.18304688,0.82304686,0.7830469,-0.24695313,1.1530468,2.1830468,1.8330469,1.5530468,0.26304686
-3.656953,-2.486953,-3.7569532,-5.626953,-7.316953,-5.096953,-7.936953,-7.4269533,-5.496953,-1.2169532,-0.39695314,0.37304688,2.1330469,3.9230468,2.1830468,1.2330469,4.213047,4.6130466,4.193047,2.823047,2.2430468,6.0130467,2.9730468,2.813047,2.303047,3.8830469,5.0530467,4.973047,4.8030467,2.9830468,1.9930469,1.7330469,1.7930468,0.21304688,1.4130468,1.3230469,0.69304687,0.6830469,1.2430469,0.30304688,-0.006953125
-2.8669531,-3.676953,-5.246953,-3.246953,-6.226953,-7.7369533,-7.576953,-6.746953,-8.246953,-8.776953,-3.8469532,-1.9869531,-8.996953,-4.516953,-0.9069531,6.9930468,5.953047,6.023047,5.903047,4.643047,6.103047,7.153047,4.463047,1.7030469,1.1530468,4.1130466,3.543047,3.8730469,3.4230468,3.3930469,2.4030468,1.6230469,1.3930469,1.0630469,0.52304685,0.38304687,0.123046875,1.3130469,1.3930469,1.0230469,0.25304687
-2.0169532,-3.8369532,-6.7169533,-4.1369534,-5.546953,-4.9869533,-5.9669533,-7.936953,-7.786953,-7.8869534,-6.146953,-7.816953,-5.036953,-6.096953,-7.076953,-3.146953,1.9930469,6.103047,6.633047,5.003047,5.393047,5.0130467,3.583047,0.4830469,-1.8769531,-3.6269531,1.9930469,2.793047,2.613047,2.1930468,3.1430469,3.033047,1.9230468,1.5030469,1.7830468,1.4430469,0.053046875,-0.13695313,1.1530468,1.9530469,0.21304688
