wind_kz.json
{"header": {"discipline":0,"disciplineName":"Meteorological products","gribEdition":2,"gribLength":1025,"center":7,"centerName":"US National Weather Service - NCEP(WMC)","subcenter":0,"refTime":"2023-08-26T00:00:00.000Z","significanceOfRT":1,"significanceOfRTName":"Start of forecast","productStatus":0,"productStatusName":"Operational products","productType":1,"productTypeName":"Forecast products","productDefinitionTemplate":0,"productDefinitionTemplateName":"Analysis/forecast at horizontal level/layer at a point in time","parameterCategory":2,"parameterCategoryName":"UnknownDiscipline_0_Category_2","parameterNumber":3,"parameterNumberName":"UnknownParameter_D0_C2_3","parameterUnit":"Unknown","genProcessType":2,"genProcessTypeName":"Forecast","forecastTime":0,"surface1Type":103,"surface1TypeName":"Specified height level above ground","surface1Value":10.0,"surface2Type":255,"surface2TypeName":"Missing","surface2Value":0.0,"gridDefinitionTemplate":0,"gridDefinitionTemplateName":"Latitude_Longitude","numberPoints":615,"shape":6,"shapeName":"Earth spherical with radius of 6,371,229.0 m","gridUnits":"degrees","resolution":48,"winds":"true","scanMode":64,"nx":41,"ny":15,"basicAngle":0,"lo1":47.0,"la1":41.0,"lo2":87.0,"la2":55.0,"dx":1.0,"dy":1.0}, "data":
[rows 0 to 14 of 15, columns 0 to 40 of 41]
-0.94738525,0.46261474,1.4726148,-6.837385,-9.027386,-7.997385,-5.567385,-10.797385,-6.7673855,-2.9573853,-3.6573853,-3.6873853,-1.6573852,-1.3873852,0.91261476,-0.63738525,-2.2573853,-1.7473853,-2.6973853,0.102614745,-1.0773853,-2.9173853,-0.6073853,-0.80738527,-0.9873853,-0.20738526,-1.1473852,1.1326147,0.78261477,2.2826147,2.0126147,2.4726148,0.5226147,-2.1673853,-0.99738526,-0.22738525,0.81261474,0.012614746,-0.46738526,1.3326148,2.2126148
-0.52738523,1.4926147,0.45261475,-4.0573854,-7.227385,-7.357385,-4.087385,-4.897385,-1.1073853,5.202615,3.9526148,5.1926146,3.4826148,2.9326148,1.3526148,-0.7873852,-1.2573853,-1.3973852,-2.7773852,-3.3673851,-2.2273853,0.34261474,2.0726147,1.8026147,0.6426147,0.8326147,-1.9073852,2.1026146,0.29261476,2.1726148,2.6426148,4.332615,1.4626148,1.9126147,1.5926148,-0.49738526,-0.057385255,-1.8873852,0.61261475,-1.6073853,0.84261477
1.0126147,-2.4773853,-0.7873852,-1.8373853,-3.9873853,-4.707385,-3.2373853,-5.187385,-3.2873852,-6.147385,-4.9473853,-1.9773853,-1.5473852,1.0726148,2.4826148,0.8226147,0.16261475,0.79261476,-2.5373852,-3.2473853,-3.5173852,0.68261474,1.2126148,1.6326147,0.55261475,0.93261474,0.24261475,0.94261473,0.012614746,1.8926147,3.4326148,2.3126147,3.0126147,-1.1373852,-0.037385255,2.9426148,5.0926147,0.63261473,0.81261474,0.14261475,0.44261473
-2.0973852,-4.917385,1.0426147,1.5626148,0.11261474,0.21261474,-1.8673853,-2.7173853,-3.3873854,-2.6973853,-2.4673853,-3.7173853,-4.0573854,-0.49738526,-0.27738526,0.48261476,2.7826147,1.0426147,-1.8773853,-4.0773854,-4.187385,-2.0273852,1.1126148,-0.06738526,0.79261476,0.19261475,-1.8373853,-3.0273852,-1.1673852,-0.61738527,0.15261474,-4.687385,0.40261474,-0.13738525,0.072614744,-3.5473852,-2.7173853,0.022614745,3.7026148,2.8826149,2.3026147
-2.6073852,-4.8673854,-5.9273853,-7.5973854,-1.3373853,2.8526146,1.8426148,1.3226148,-0.48738524,-2.5673852,-0.94738525,-1.6273853,-4.147385,-1.4473853,1.2926147,1.6926148,3.2526147,2.1326149,0.7026147,-3.0273852,-1.4873853,-2.6173851,-2.5473852,-1.0373852,-1.3373853,-2.0173852,-1.8173852,-0.36738527,-2.5073853,-2.3273852,-0.61738527,0.85261476,-0.5973852,3.5826147,-1.1673852,-1.9973853,0.7626147,-1.8273853,-0.89738524,1.6426147,0.85261476
-2.2973852,-1.5173852,-4.7173853,-5.627385,-3.8073852,-5.127385,-2.3073852,2.2126148,1.4826148,-1.9373852,-2.0473852,-2.8273852,-3.2173853,-3.7673852,-0.58738524,2.7626147,3.1626148,4.4826145,2.6526148,1.9126147,-0.47738525,-1.4673853,-1.8973852,-1.2873852,-0.89738524,-2.2673852,-3.7373853,-5.2873855,-0.34738526,-1.7373853,-1.9373852,2.6526148,2.3826149,3.0526147,2.8626146,-0.17738526,3.1426148,3.7126148,-1.2573853,-0.71738523,1.6426147
-3.4873853,-2.9873853,-3.3173852,-3.9873853,-4.687385,-3.4473853,-4.687385,-2.6573853,0.012614746,0.40261474,-0.15738526,-0.69738525,-0.86738527,-2.1673853,0.19261475,1.9726148,2.4026148,4.2826147,4.1726146,3.4426148,2.6626148,1.0626148,0.29261476,0.12261475,-1.0373852,-2.1973853,-3.9073853,-3.2773852,-3.9673853,-3.5773852,-2.7173853,-3.9473853,-4.5373855,-2.3073852,-1.0673852,-0.46738526,-2.2473853,0.20261474,1.2426147,-0.64738524,2.1726148
-3.9273853,-3.4573853,-3.9073853,-4.7873855,-5.7573853,-4.1173854,-4.5373855,-4.3873854,-6.567385,-0.90738523,-2.3773851,-2.2773852,-1.6273853,-1.5973853,0.17261475,2.5326147,1.2626147,1.3426148,6.2426147,4.892615,3.4926147,3.1926148,2.2526147,2.0326147,1.8326148,0.44261473,-0.99738526,-1.6273853,-1.3973852,-3.0973852,-4.1973853,-3.9573853,-4.0773854,-5.6973853,-2.1073852,-2.9573853,-1.0173852,0.62261474,-1.6573852,0.6426147,-1.8473853
-3.5173852,-2.4773853,-1.9873853,-2.8273852,-2.1073852,-3.2573853,-3.5473852,-3.4173853,-1.8273853,-2.6173851,-2.7473853,-2.6873853,-2.9273853,-3.0973852,-1.8473853,-2.4873853,0.68261474,2.2126148,3.8526146,4.932615,6.082615,4.3026147,4.372615,3.4126148,2.6326149,2.0326147,0.6426147,0.09261475,-0.56738526,-0.93738526,-1.8473853,-2.7573853,-1.5373852,-2.8673851,-2.6873853,-5.207385,-2.6673853,1.9826148,2.7026148,1.9526148,-0.58738524
-3.2573853,-3.5973852,-4.417385,-3.6873853,-3.9973853,-4.6373854,-4.247385,-4.3073854,-4.167385,-2.6073852,-2.8373852,-2.8873854,-4.107385,-3.0073853,-1.8973852,-2.1273851,-0.47738525,-1.5573852,-1.5373852,1.7126148,-0.68738526,6.8026147,4.5726147,4.1326146,3.7326148,2.9326148,2.2826147,2.2426147,1.5326147,0.48261476,0.66261476,-0.38738525,-1.8573853,-3.4173853,-3.3673851,-0.9873853,-0.15738526,-1.5573852,2.0126147,4.062615,3.6226149
-4.2173853,-4.747385,-4.4273853,-4.9873853,-4.3473854,-4.067385,-3.7273853,-3.6473854,-3.3973854,-4.3473854,-3.2973852,-1.4473853,-2.6573853,-3.3173852,-5.6173854,-0.74738526,0.35261476,0.48261476,-2.0173852,-3.7873852,0.79261476,6.812615,5.002615,4.6126146,3.7026148,3.4426148,2.4126148,3.8226147,3.5126147,3.1426148,1.3426148,-0.87738526,-1.8973852,-1.4473853,-2.6573853,-2.2073853,-1.3073852,0.072614744,-0.24738525,-1.0573852,0.29261476
-2.4973853,-3.3873854,-3.6973853,-3.6273851,-3.4373853,-3.7973852,-3.2173853,-3.0173852,-3.7073853,-2.5473852,-2.6973853,-4.067385,-3.1873853,-1.0673852,-2.2573853,-2.3473852,-0.32738525,1.2026148,0.73261476,2.5526147,-1.0273852,-3.7673852,-2.9573853,1.3526148,2.7826147,3.2426147,3.5426147,4.1326146,3.9326148,3.1326149,1.9526148,0.42261475,-0.9873853,0.55261475,-1.6673852,-2.2773852,-0.96738523,-0.6673853,0.042614747,0.042614747,0.17261475
-1.7673852,-1.2073853,-3.5073853,-2.8773851,-3.3873854,-1.5073853,-1.9673853,-2.5973852,-3.2673852,-2.2173853,-1.3373853,-1.1573852,-3.0673852,-3.5073853,-3.6973853,-3.2173853,-1.8273853,-1.6873852,-1.2873852,-0.16738525,3.6426148,2.7726147,0.072614744,-0.017385254,-0.28738526,0.61261475,2.3126147,2.7826147,3.4826148,2.7126148,1.9926147,1.2826147,-0.75738525,1.7726147,-0.32738525,-2.3073852,-2.7273853,-0.96738523,-1.6273853,-1.6573852,-0.027385253
-1.7473853,-1.7973852,-3.4973853,-1.8973852,-2.5573852,-2.0973852,-1.6573852,-1.9273852,-1.8973852,-1.7773852,-0.5973852,-0.80738527,-1.0873853,-2.0473852,-3.3073852,-3.1073852,-2.8273852,-2.1973853,0.43261474,0.11261474,-0.7873852,0.53261477,2.6226149,1.8726147,4.832615,3.1726148,2.2826147,2.6726148,2.2526147,2.1826148,1.7226148,1.6726147,1.1126148,1.9226147,0.5226147,-1.6073853,-2.1173851,-2.3973854,-1.9673853,0.25261474,-0.46738526
-1.0473852,-2.1273851,-5.227385,-2.8173852,-2.6173851,-1.5173852,-1.9573853,-1.2673852,-2.2273853,-0.74738526,-0.50738525,0.41261473,0.39261475,-0.5373852,-1.7573853,-2.3673851,-2.5173852,-2.8873854,-2.0973852,-2.5773852,-1.9273852,-0.89738524,0.45261475,1.4226147,1.1626147,1.9726148,3.0026147,2.7026148,2.2926147,2.0826147,1.7626147,2.2026148,1.2026148,0.24261475,2.0826147,0.5126147,-0.56738526,-0.82738525,-2.1373854,-1.2373853,-0.18738526
