wind_kz.json
{"header": {"discipline":0,"disciplineName":"Meteorological products","gribEdition":2,"gribLength":871,"center":7,"centerName":"US National Weather Service - NCEP(WMC)","subcenter":0,"refTime":"2024-01-31T18:00:00.000Z","significanceOfRT":1,"significanceOfRTName":"Start of forecast","productStatus":0,"productStatusName":"Operational products","productType":1,"productTypeName":"Forecast products","productDefinitionTemplate":0,"productDefinitionTemplateName":"Analysis/forecast at horizontal level/layer at a point in time","parameterCategory":0,"parameterCategoryName":"UnknownDiscipline_0_Category_0","parameterNumber":0,"parameterNumberName":"UnknownParameter_D0_C0_0","parameterUnit":"Unknown","genProcessType":2,"genProcessTypeName":"Forecast","forecastTime":120,"surface1Type":1,"surface1TypeName":"Ground or water surface","surface1Value":0.0,"surface2Type":255,"surface2TypeName":"Missing","surface2Value":0.0,"gridDefinitionTemplate":0,"gridDefinitionTemplateName":"Latitude_Longitude","numberPoints":615,"shape":6,"shapeName":"Earth spherical with radius of 6,371,229.0 m","gridUnits":"degrees","resolution":48,"winds":"true","scanMode":64,"nx":41,"ny":15,"basicAngle":0,"lo1":47.0,"la1":41.0,"lo2":87.0,"la2":55.0,"dx":1.0,"dy":1.0}, "data":
[rows 0 to 14 of 15, columns 0 to 40 of 41]
276.76898,265.76898,273.86896,280.46896,280.46896,281.96896,280.26898,279.66898,277.46896,277.96896,276.86896,276.76898,276.76898,276.86896,277.36896,276.86896,276.86896,275.26898,276.46896,274.56897,275.56897,275.86896,275.46896,271.86896,272.86896,274.36896,266.96896,252.46896,249.86897,251.36897,246.86897,246.46896,255.26897,266.66898,269.96896,268.26898,268.46896,269.26898,269.76898,269.86896,271.76898
256.96896,274.86896,279.96896,279.66898,280.36896,281.06897,278.56897,277.66898,276.56897,276.36896,276.16898,276.06897,276.36896,276.46896,277.06897,275.46896,277.26898,276.36896,274.66898,274.66898,274.66898,274.16898,272.16898,265.76898,246.26897,251.26897,259.66898,250.16898,252.26897,247.76897,256.56897,241.56897,254.56897,235.36897,244.16898,257.36896,256.86896,264.16898,268.16898,262.96896,268.86896
275.36896,278.46896,280.26898,280.36896,280.46896,277.36896,277.26898,277.06897,274.36896,272.96896,273.96896,275.16898,275.46896,276.16898,272.76898,272.06897,272.76898,271.76898,272.16898,272.16898,272.16898,273.16898,272.66898,264.56897,270.96896,268.66898,267.56897,266.56897,269.46896,258.06897,249.66898,251.66898,252.46896,252.56897,249.26897,257.46896,250.66898,247.96896,248.36897,250.06897,250.26897
276.36896,276.06897,278.16898,279.26898,278.66898,276.36896,275.66898,274.96896,275.36896,273.66898,273.76898,276.46896,281.26898,281.96896,273.26898,271.56897,272.46896,271.16898,270.16898,271.36896,270.86896,264.66898,271.56897,270.26898,270.36896,269.86896,269.36896,265.36896,265.26898,265.96896,261.86896,264.26898,269.26898,261.96896,257.76898,261.56897,251.26897,249.56897,258.16898,254.86897,256.06897
276.26898,272.96896,272.36896,272.76898,274.46896,274.96896,273.56897,273.56897,273.36896,272.36896,271.66898,271.66898,279.16898,279.06897,278.26898,270.56897,270.76898,270.96896,270.76898,268.06897,266.46896,268.16898,267.46896,268.06897,266.66898,265.96896,265.16898,262.36896,267.56897,268.06897,268.06897,267.46896,256.96896,245.26897,258.46896,254.56897,257.56897,253.16898,253.76897,255.26897,257.86896
276.36896,275.96896,272.76898,272.86896,272.76898,271.76898,274.46896,273.86896,272.16898,271.86896,270.86896,273.06897,278.26898,279.26898,271.46896,269.96896,269.16898,268.26898,267.06897,266.36896,263.36896,267.76898,266.76898,265.86896,264.66898,261.96896,260.86896,262.16898,261.56897,262.36896,261.76898,266.06897,258.96896,255.76897,260.76898,262.16898,260.36896,260.26898,255.36897,254.16898,256.96896
274.56897,274.86896,276.86896,275.76898,273.36896,273.06897,273.56897,272.66898,272.96896,273.16898,273.16898,273.16898,273.06897,271.86896,269.06897,267.96896,268.06897,268.06897,266.86896,265.96896,262.86896,264.06897,264.76898,263.66898,260.46896,257.86896,252.96896,255.56897,255.46896,257.66898,256.96896,258.06897,256.86896,256.26898,258.26898,259.26898,260.26898,258.96896,254.86897,254.06897,254.56897
274.66898,274.56897,274.06897,273.96896,273.56897,273.16898,273.16898,273.16898,272.96896,273.16898,273.16898,273.16898,273.16898,273.16898,269.36896,269.36896,267.56897,267.26898,266.76898,265.46896,262.16898,261.46896,257.96896,260.36896,259.56897,255.26897,256.86896,248.76897,248.96896,249.96896,252.06897,252.66898,253.96896,254.16898,251.56897,248.66898,249.36897,252.86897,255.16898,256.56897,255.06897
273.96896,273.86896,273.66898,273.46896,273.36896,273.56897,273.16898,273.16898,273.16898,272.86896,273.16898,273.06897,272.26898,273.06897,272.06897,270.86896,267.56897,267.36896,266.06897,264.96896,263.26898,265.16898,266.26898,264.06897,258.06897,255.46896,251.26897,251.26897,251.96896,251.46896,249.96896,253.96896,259.56897,262.76898,255.66898,256.06897,255.06897,255.96896,251.26897,249.26897,248.96896
273.16898,273.26898,273.26898,273.26898,273.16898,273.16898,273.16898,273.16898,272.96896,273.16898,272.76898,272.26898,272.96896,272.36896,273.16898,272.36896,270.46896,269.46896,269.66898,268.76898,263.16898,264.86896,265.46896,268.96896,259.66898,257.06897,251.86897,254.16898,251.56897,252.26897,259.26898,264.26898,265.16898,263.36896,257.86896,252.96896,258.06897,255.86897,252.06897,255.16898,250.16898
273.16898,273.16898,273.16898,273.16898,273.16898,273.16898,273.16898,272.76898,272.26898,272.36896,272.06897,272.06897,273.06897,272.46896,272.76898,272.66898,272.16898,272.16898,271.36896,269.36896,268.76898,270.76898,267.46896,261.96896,261.16898,260.26898,259.36896,260.56897,259.86896,259.56897,261.86896,260.66898,262.26898,263.16898,261.66898,255.06897,258.06897,256.06897,251.16898,257.16898,253.26897
273.16898,273.16898,273.16898,273.16898,272.76898,272.46896,271.96896,272.06897,272.06897,271.96896,271.06897,270.36896,271.66898,271.86896,272.26898,272.86896,272.46896,272.46896,272.36896,271.46896,270.56897,270.26898,270.16898,266.56897,262.76898,263.16898,263.46896,265.76898,263.56897,260.16898,260.76898,258.96896,262.46896,258.86896,261.06897,256.66898,258.86896,260.46896,260.26898,258.26898,256.56897
271.96896,272.26898,273.06897,272.46896,272.06897,271.96896,271.96896,271.36896,270.96896,271.06897,270.46896,267.96896,271.46896,271.86896,272.26898,272.66898,273.16898,272.66898,272.66898,271.76898,271.26898,270.36896,268.96896,267.26898,266.76898,266.56897,266.76898,266.66898,263.76898,263.56897,261.96896,262.46896,260.96896,261.46896,260.16898,259.96896,258.06897,260.06897,258.46896,254.76897,253.06897
271.06897,271.36896,271.86896,271.56897,271.36896,271.16898,271.26898,270.86896,270.26898,271.96896,269.66898,267.26898,268.06897,270.76898,272.16898,273.16898,273.16898,273.16898,272.96896,272.06897,271.36896,270.86896,270.26898,269.56897,269.46896,268.66898,268.16898,266.56897,265.96896,265.26898,264.86896,263.46896,264.26898,264.26898,263.76898,258.66898,258.76898,252.76897,251.46896,259.26898,254.46896
269.56897,270.36896,270.36896,270.06897,271.16898,270.36896,268.26898,267.06897,270.76898,272.36896,271.86896,267.66898,265.56897,269.76898,272.06897,272.96896,273.06897,273.16898,273.16898,272.76898,272.16898,271.26898,270.96896,270.46896,270.06897,269.66898,269.66898,268.76898,267.86896,267.46896,266.66898,266.96896,265.46896,264.96896,265.86896,265.46896,265.26898,261.46896,262.36896,262.36896,257.06897
