wind_kz.json
{"header": {"discipline":0,"disciplineName":"Meteorological products","gribEdition":2,"gribLength":1025,"center":7,"centerName":"US National Weather Service - NCEP(WMC)","subcenter":0,"refTime":"2023-08-21T06:00:00.000Z","significanceOfRT":1,"significanceOfRTName":"Start of forecast","productStatus":0,"productStatusName":"Operational products","productType":1,"productTypeName":"Forecast products","productDefinitionTemplate":0,"productDefinitionTemplateName":"Analysis/forecast at horizontal level/layer at a point in time","parameterCategory":2,"parameterCategoryName":"UnknownDiscipline_0_Category_2","parameterNumber":2,"parameterNumberName":"UnknownParameter_D0_C2_2","parameterUnit":"Unknown","genProcessType":2,"genProcessTypeName":"Forecast","forecastTime":300,"surface1Type":103,"surface1TypeName":"Specified height level above ground","surface1Value":10.0,"surface2Type":255,"surface2TypeName":"Missing","surface2Value":0.0,"gridDefinitionTemplate":0,"gridDefinitionTemplateName":"Latitude_Longitude","numberPoints":615,"shape":6,"shapeName":"Earth spherical with radius of 6,371,229.0 m","gridUnits":"degrees","resolution":48,"winds":"true","scanMode":64,"nx":41,"ny":15,"basicAngle":0,"lo1":47.0,"la1":41.0,"lo2":87.0,"la2":55.0,"dx":1.0,"dy":1.0}, "data":
[rows 0 to 14 of 15, columns 0 to 40 of 41]
-3.3770728,-1.5970727,0.49292725,-0.7270728,-11.4670725,-8.877072,-9.767073,-8.167072,-7.5770726,-5.6170726,-5.3470726,-6.5570726,-7.0170727,-6.1870728,-5.197073,-5.527073,-4.8070726,-7.667073,-6.6770725,-4.917073,-4.3070726,-0.69707274,0.75292724,-0.8570728,0.26292723,-3.5270727,-1.6370728,0.63292724,1.0929272,1.4029273,1.4929272,1.1229272,1.9729272,1.9729272,-4.5770726,-4.587073,-5.797073,-5.317073,-4.357073,-3.6370728,-4.467073
2.1129272,0.23292725,-4.9070725,-4.667073,-5.877073,-7.1370726,-9.537073,-6.7470727,-5.737073,-7.737073,-8.007072,-6.2470727,-4.5770726,-5.2670727,-5.087073,-5.587073,-4.357073,-6.4270725,-6.1870728,-4.7070727,-4.4570727,-4.167073,-3.2670727,-1.8870728,-0.16707276,1.1629273,-1.3370727,0.99292725,-3.4570727,0.55292726,-0.27707276,0.51292723,-0.38707274,-0.83707273,0.022927247,0.28292724,-0.75707275,1.0929272,-0.30707276,0.052927244,-6.7870727
-1.1470728,-5.567073,-6.027073,-5.587073,-6.6170726,-6.217073,-7.3870726,-8.307073,-8.867073,-7.837073,-5.8670726,-5.5970726,-3.8270729,-2.9870727,-4.467073,-4.0770726,-4.4270725,-5.817073,-4.3670726,-3.8970728,-4.0370727,-4.237073,-5.647073,-8.897073,-2.4070728,-3.3570728,-1.9670727,1.9729272,-0.49707276,-0.047072753,0.79292727,1.1129272,-0.64707273,1.0629272,-0.9170728,-1.4670727,0.6429272,0.29292724,3.3629272,1.9829272,0.28292724
-5.9070725,-6.167073,-5.777073,-2.6870728,-3.9770727,-5.277073,-6.5970726,-8.317073,-7.397073,-6.0570726,-4.7670727,-4.4570727,-4.9570727,-3.6370728,-2.9570727,-3.5370727,-3.3570728,-3.5570726,-3.4270728,-3.7470727,-2.7870727,-7.5170727,-2.0870728,-2.9470727,-3.6470728,-3.5670729,-1.9670727,-2.6170728,0.18292725,0.41292724,-1.1770728,-0.47707275,4.3229275,6.2329273,-0.54707277,0.5929272,-0.86707276,2.4529274,-0.98707277,1.0829272,4.472927
-5.6770725,-6.397073,-3.3870728,-6.4070725,-5.507073,-4.6870728,-6.397073,-5.8470726,-5.6370726,-5.1770725,-3.7970726,-3.3770728,-2.5970728,-2.8870728,-2.7070727,-2.4370728,-2.9770727,-2.7770727,-2.1370728,-2.5970728,-3.5170727,-3.4070728,-3.1670728,-2.1570728,-3.3270729,-2.8570728,-3.4370728,-0.57707274,1.0329273,1.0529273,-0.30707276,-1.8570727,-0.25707275,1.1529273,-1.0870727,-1.8170727,0.012927246,0.92292726,-2.4070728,-2.3470728,-4.2070727
-4.7670727,-3.9070728,-6.2870727,-7.087073,-7.147073,-7.8670726,-5.0970726,-5.2270727,-4.217073,-2.6870728,-1.2770728,-0.47707275,2.0529273,2.9729273,1.5029273,1.9529272,1.5529273,1.6629273,-0.37707275,-0.25707275,-1.4570727,-2.7870727,-3.2670727,-2.1070728,-1.7970728,-1.3670727,-1.0870727,-1.3470727,-1.2370727,-1.0870727,-1.9770727,-1.8970728,-1.8870728,-2.1970727,0.26292723,1.5829272,0.95292723,2.4129272,4.302927,-3.6670728,-5.0970726
-3.9570727,-3.6670728,-4.337073,-4.3870726,-4.987073,-3.3870728,-4.4070725,-3.2170727,-3.7170727,-3.1470728,-2.0370727,1.0829272,2.4329271,3.0129273,3.6329272,3.9829273,3.8629272,3.9429274,3.2729273,3.0929272,3.5729272,-0.21707276,-1.9270728,-2.5370727,-1.9770727,-0.87707275,-0.7770727,-1.3170727,-1.3670727,-2.6270728,-4.7470727,-4.1370726,-3.1770728,-1.7170727,-0.89707273,-1.6770728,-1.2070727,1.2029272,1.0929272,0.38292724,2.4729273
-2.9370728,-3.6170728,-2.6470728,-1.9470727,-1.3370727,-0.37707275,-1.0970727,-1.7170727,-0.82707274,0.81292725,2.1529272,2.3229272,2.4329271,1.3429272,2.7929273,3.0829272,1.6229272,0.95292723,0.74292725,0.022927247,0.66292727,0.9629272,-2.2670727,-0.79707277,-0.61707276,0.68292725,-0.43707275,-0.33707276,0.15292725,-0.86707276,-1.7470727,-0.7270728,-1.3870728,-0.0070727537,-1.0170728,1.6229272,2.1129272,4.0729275,3.5629272,3.6829271,-0.23707275
-1.6670728,-2.5870728,-2.0170727,0.13292724,1.9229273,-0.15707275,-0.74707276,0.30292726,1.1429273,2.2129273,3.0229273,2.3329272,1.9729272,2.3529272,1.9729272,0.032927245,0.13292724,-0.32707274,-0.41707274,-1.5770727,-0.87707275,0.7729272,0.032927245,-0.077072755,0.46292725,0.31292725,-0.24707276,0.20292725,-0.24707276,0.30292726,-0.63707274,0.87292725,0.9029272,1.3029273,2.2229273,1.3529272,0.6529272,-1.2770728,0.44292724,0.63292724,-0.22707276
-1.3370727,-1.1870728,-1.1970727,0.7229273,1.1929272,-0.23707275,0.11292724,1.5729272,2.0929272,2.8429272,2.4629273,2.4729273,2.8429272,3.1229272,1.9129273,1.7829273,-0.49707276,-1.7170727,-1.1470728,-0.33707276,-0.54707277,1.1429273,2.4129272,0.5829272,0.48292723,-0.33707276,0.44292724,0.31292725,0.36292726,0.6429272,2.1129272,1.5029273,2.0529273,1.6129272,1.4729272,-0.5970728,-0.88707274,0.31292725,-0.5970728,1.1529273,0.5229272
-0.24707276,-0.16707276,-0.74707276,-0.18707275,0.14292724,0.79292727,1.2129272,1.8129272,2.1829271,2.2829273,3.2229273,3.0229273,3.2729273,3.4429274,2.9529274,2.4929273,-0.74707276,-1.3270727,-1.4670727,-0.43707275,1.0229273,0.9729273,-1.3070728,-0.28707275,1.2729273,0.7829273,1.3229272,-0.12707275,-0.017072754,0.34292725,0.9729273,2.1529272,1.6329273,0.7829273,0.91292727,-0.9170728,-0.70707273,0.26292723,1.2029272,-0.35707274,0.47292724
-0.44707274,0.31292725,0.49292725,-0.077072755,0.5329273,0.7729272,1.2529273,1.8129272,2.3929272,2.3829272,1.5529273,3.6429272,3.5629272,3.8229272,3.9129272,3.2029274,0.48292723,-0.67707276,-1.0770727,1.0929272,1.3229272,1.7029272,1.4029273,0.33292726,1.6729273,2.4329271,1.3529272,1.9929272,1.0629272,-0.68707275,1.1229272,1.5629272,2.2429273,1.2629273,1.8529272,1.6229272,1.2129272,1.3629272,1.3029273,1.0729272,1.5529273
1.2229272,1.1229272,0.62292725,0.92292726,1.3129272,0.79292727,0.87292725,2.3329272,3.1529272,2.2029274,0.6529272,2.6929274,3.7929273,4.372927,4.0929275,2.6129272,1.4329273,0.7829273,1.3729272,2.3829272,2.1729271,2.4729273,2.1829271,0.85292727,2.6129272,2.3729272,2.7429273,1.1029272,2.4529274,0.73292726,2.3529272,2.1129272,2.0029273,2.1329272,2.2229273,-0.15707275,-0.29707277,-0.30707276,0.36292726,0.27292725,0.44292724
2.0329273,2.4829273,1.7829273,2.1529272,1.0829272,2.6029272,2.9529274,3.8029273,2.9929273,2.6329272,1.8329272,1.9429272,2.8829272,4.2929273,4.5929275,2.8329272,1.4529272,1.5929272,1.4729272,2.8129272,2.8329272,2.9329271,2.7229273,0.34292725,1.3229272,1.9729272,-0.18707275,1.0829272,0.9629272,1.6629273,2.2629273,0.7729272,1.7529273,0.79292727,-1.6870728,-1.2570728,-0.7870728,-0.58707273,-0.54707277,0.31292725,1.4629272
1.1529273,1.8929273,2.3429272,3.0729272,3.3229272,4.2129273,2.3029273,1.7629273,2.5029273,2.3929272,-0.18707275,4.832927,3.8929272,2.5429273,3.9029272,2.2029274,1.5829272,1.7729273,1.5729272,2.3929272,2.5729272,2.9829273,2.5629272,2.0629272,2.2629273,1.8929273,0.69292724,-1.0470728,-0.69707274,-0.21707276,1.3829273,0.15292725,-2.2670727,-2.2370727,-1.7070727,-0.68707275,-0.5270727,-1.4270728,-1.5170728,-0.74707276,0.102927245
