wind_kz.json
{"header": {"discipline":0,"disciplineName":"Meteorological products","gribEdition":2,"gribLength":948,"center":7,"centerName":"US National Weather Service - NCEP(WMC)","subcenter":0,"refTime":"2023-08-28T18:00:00.000Z","significanceOfRT":1,"significanceOfRTName":"Start of forecast","productStatus":0,"productStatusName":"Operational products","productType":1,"productTypeName":"Forecast products","productDefinitionTemplate":0,"productDefinitionTemplateName":"Analysis/forecast at horizontal level/layer at a point in time","parameterCategory":0,"parameterCategoryName":"UnknownDiscipline_0_Category_0","parameterNumber":0,"parameterNumberName":"UnknownParameter_D0_C0_0","parameterUnit":"Unknown","genProcessType":2,"genProcessTypeName":"Forecast","forecastTime":60,"surface1Type":1,"surface1TypeName":"Ground or water surface","surface1Value":0.0,"surface2Type":255,"surface2TypeName":"Missing","surface2Value":0.0,"gridDefinitionTemplate":0,"gridDefinitionTemplateName":"Latitude_Longitude","numberPoints":615,"shape":6,"shapeName":"Earth spherical with radius of 6,371,229.0 m","gridUnits":"degrees","resolution":48,"winds":"true","scanMode":64,"nx":41,"ny":15,"basicAngle":0,"lo1":47.0,"la1":41.0,"lo2":87.0,"la2":55.0,"dx":1.0,"dy":1.0}, "data":
[rows 0 to 14 of 15, columns 0 to 40 of 41]
306.21616,294.21616,300.01617,299.01617,298.71616,297.51617,309.81616,314.11615,310.61615,311.01617,310.91617,310.61615,310.21616,309.31616,312.71616,313.21616,316.01617,312.71616,315.21616,313.41617,314.51617,309.31616,309.01617,309.71616,313.01617,311.01617,307.11615,300.91617,300.71616,298.41617,294.01617,285.91617,309.51617,321.21616,327.81616,328.41617,329.41617,328.01617,327.91617,328.61615,329.91617
289.01617,301.01617,299.11615,299.41617,298.91617,297.31616,313.21616,310.71616,309.01617,309.21616,310.91617,310.81616,312.01617,312.11615,308.71616,308.81616,311.61615,315.61615,315.51617,317.31616,316.31616,311.21616,306.11615,297.51617,291.51617,280.81616,302.81616,300.11615,300.41617,292.81616,302.31616,287.71616,301.21616,276.91617,298.71616,315.71616,318.11615,320.31616,324.41617,315.21616,287.71616
305.81616,298.81616,299.41617,299.21616,297.51617,308.01617,307.41617,308.81616,308.51617,308.31616,307.71616,308.71616,307.91617,309.81616,310.71616,312.91617,311.81616,311.21616,312.71616,314.61615,316.21616,309.81616,307.01617,297.01617,309.91617,304.11615,291.41617,294.01617,295.71616,286.51617,292.31616,294.61615,298.11615,304.11615,301.11615,300.31616,295.31616,302.01617,307.91617,301.11615,300.71616
306.31616,298.71616,299.41617,298.21616,299.11615,307.21616,305.91617,308.61615,307.71616,306.41617,305.21616,304.11615,295.01617,294.21616,307.11615,310.51617,307.31616,309.41617,310.81616,312.21616,307.11615,304.31616,308.41617,309.31616,307.71616,305.31616,301.41617,291.61615,290.41617,293.11615,293.81616,296.01617,306.61615,307.21616,304.51617,303.91617,298.21616,300.71616,302.51617,315.01617,319.11615
307.51617,297.41617,298.51617,298.01617,302.91617,306.51617,306.01617,307.81616,305.91617,304.61615,305.41617,304.81616,295.01617,293.61615,291.31616,304.11615,305.11615,303.91617,305.81616,305.91617,305.71616,306.31616,306.51617,307.41617,309.51617,310.61615,306.71616,304.91617,303.41617,299.51617,296.41617,294.21616,282.31616,292.91617,298.11615,314.71616,305.81616,326.81616,325.91617,320.31616,327.31616
310.21616,307.41617,295.91617,295.81616,296.81616,296.31616,308.01617,305.01617,303.31616,301.91617,300.31616,300.21616,295.21616,294.41617,297.51617,301.51617,302.41617,300.31616,300.01617,304.01617,299.31616,297.21616,293.61615,298.31616,306.91617,306.41617,308.41617,292.91617,305.61615,305.81616,298.71616,293.81616,294.71616,294.91617,296.61615,300.91617,294.51617,301.61615,310.61615,318.71616,324.01617
307.31616,308.11615,307.11615,306.81616,303.51617,306.51617,307.91617,305.91617,304.41617,302.51617,303.81616,300.61615,300.81616,300.31616,300.81616,300.61615,299.71616,298.31616,299.51617,300.41617,297.61615,296.91617,297.01617,292.41617,290.71616,299.31616,305.11615,307.21616,307.21616,307.01617,303.91617,300.71616,295.01617,297.21616,303.71616,299.51617,299.91617,302.21616,300.51617,301.61615,315.11615
305.51617,307.21616,307.31616,307.01617,305.01617,305.61615,305.21616,302.81616,300.71616,300.71616,300.61615,293.51617,293.81616,292.81616,294.51617,296.71616,300.51617,297.91617,298.11615,297.61615,293.61615,299.21616,294.11615,297.51617,290.11615,288.51617,297.41617,302.21616,302.41617,304.61615,295.71616,300.21616,295.31616,293.11615,305.21616,296.41617,308.31616,289.81616,315.81616,317.31616,315.71616
304.71616,305.21616,306.41617,304.21616,303.21616,303.11615,303.81616,302.71616,299.51617,299.31616,294.31616,299.31616,292.01617,299.21616,296.11615,299.61615,293.51617,297.71616,293.11615,294.51617,289.41617,288.11615,298.11615,292.31616,287.61615,289.51617,289.81616,296.81616,297.91617,297.21616,298.61615,295.51617,303.11615,302.61615,301.01617,296.91617,303.91617,302.11615,299.11615,297.51617,297.71616
302.81616,303.01617,303.91617,301.91617,301.11615,301.21616,300.51617,297.51617,293.01617,296.71616,297.21616,296.21616,294.31616,291.11615,296.01617,287.91617,287.41617,296.21616,295.41617,296.21616,294.81616,294.11615,296.61615,295.41617,286.81616,286.81616,289.91617,293.51617,297.51617,299.51617,301.11615,303.61615,301.11615,304.61615,299.21616,296.91617,297.81616,298.41617,299.01617,298.61615,295.91617
298.41617,299.41617,299.11615,298.21616,297.91617,298.01617,296.61615,297.51617,293.31616,290.91617,295.01617,291.51617,294.51617,290.81616,285.91617,286.11615,286.51617,296.41617,296.51617,294.51617,294.81616,293.81616,294.81616,294.11615,285.61615,286.41617,287.41617,298.21616,300.01617,303.31616,304.61615,306.61615,300.31616,292.11615,294.91617,300.71616,295.51617,295.51617,294.81616,297.01617,296.41617
297.41617,299.01617,298.61615,297.71616,295.51617,294.41617,292.61615,293.71616,293.31616,294.11615,291.21616,291.41617,290.21616,283.21616,283.91617,284.41617,284.11615,285.21616,291.01617,293.71616,291.01617,289.81616,290.41617,291.11615,290.31616,294.71616,287.91617,296.61615,301.21616,302.91617,299.91617,301.01617,294.61615,296.81616,297.81616,300.61615,301.61615,302.21616,301.51617,302.11615,301.21616
292.51617,295.81616,296.41617,295.71616,293.71616,291.81616,292.71616,294.21616,292.61615,292.31616,287.11615,285.51617,284.91617,281.71616,282.51617,283.21616,283.51617,285.91617,291.71616,290.31616,290.11615,287.51617,283.51617,281.91617,288.11615,286.81616,297.71616,299.61615,299.01617,299.81616,298.11615,296.31616,292.91617,295.11615,296.51617,299.01617,302.61615,300.61615,300.81616,299.41617,296.81616
294.71616,294.51617,291.71616,293.71616,292.71616,291.41617,291.41617,290.31616,291.81616,288.91617,280.91617,278.41617,281.21616,281.71616,282.61615,282.91617,284.61615,285.11615,288.81616,290.81616,293.71616,292.11615,282.91617,283.31616,287.71616,297.01617,296.91617,297.41617,296.21616,297.71616,294.31616,292.11615,290.11615,297.51617,298.81616,301.81616,299.01617,299.11615,300.21616,297.51617,298.81616
291.71616,293.11615,290.51617,292.81616,291.91617,289.71616,289.11615,288.91617,287.41617,284.01617,282.91617,280.81616,279.81616,281.11615,282.41617,283.11615,287.81616,283.81616,285.41617,287.51617,293.21616,291.21616,290.21616,291.51617,294.81616,296.01617,294.71616,292.81616,294.31616,290.81616,289.61615,287.41617,295.11615,296.61615,298.71616,298.11615,301.31616,300.21616,299.91617,301.21616,299.61615
