wind_kz.json
{"header": {"discipline":0,"disciplineName":"Meteorological products","gribEdition":2,"gribLength":1025,"center":7,"centerName":"US National Weather Service - NCEP(WMC)","subcenter":0,"refTime":"2023-08-20T06:00:00.000Z","significanceOfRT":1,"significanceOfRTName":"Start of forecast","productStatus":0,"productStatusName":"Operational products","productType":1,"productTypeName":"Forecast products","productDefinitionTemplate":0,"productDefinitionTemplateName":"Analysis/forecast at horizontal level/layer at a point in time","parameterCategory":2,"parameterCategoryName":"UnknownDiscipline_0_Category_2","parameterNumber":2,"parameterNumberName":"UnknownParameter_D0_C2_2","parameterUnit":"Unknown","genProcessType":2,"genProcessTypeName":"Forecast","forecastTime":300,"surface1Type":103,"surface1TypeName":"Specified height level above ground","surface1Value":10.0,"surface2Type":255,"surface2TypeName":"Missing","surface2Value":0.0,"gridDefinitionTemplate":0,"gridDefinitionTemplateName":"Latitude_Longitude","numberPoints":615,"shape":6,"shapeName":"Earth spherical with radius of 6,371,229.0 m","gridUnits":"degrees","resolution":48,"winds":"true","scanMode":64,"nx":41,"ny":15,"basicAngle":0,"lo1":47.0,"la1":41.0,"lo2":87.0,"la2":55.0,"dx":1.0,"dy":1.0}, "data":
[rows 0 to 14 of 15, columns 0 to 40 of 41]
-6.11313,-1.4231299,1.2368702,-0.7731299,-1.7831299,-0.023129882,-0.8031299,-4.2631297,-5.31313,-3.02313,-2.6031299,-5.16313,-3.1631298,-2.80313,-2.9531298,-4.48313,-3.80313,-4.50313,-5.12313,-2.79313,-0.61312985,2.26687,-1.9531299,-1.6731299,0.9168701,-3.1131299,-2.6031299,-0.06312988,0.4868701,-0.43312988,-0.5531299,0.76687014,0.9768701,1.5968701,-3.22313,-3.00313,-3.6031299,-1.8731298,-4.10313,-4.7231297,-4.3231297
1.7868701,0.5668701,0.12687011,-1.2531298,-2.47313,-2.4131298,-3.72313,-7.42313,-5.59313,-3.1431298,-2.21313,-3.23313,-1.6131299,-1.4531299,-1.5631299,-2.56313,-3.50313,-3.8931298,-3.3831298,-6.11313,-4.42313,-2.98313,-1.7831299,-2.6731298,-0.5931299,0.4868701,-1.4831299,-0.09312988,-5.13313,-2.5931299,0.026870117,-0.20312989,0.07687011,-2.6531298,0.4268701,-0.30312988,-0.6531299,0.2968701,-1.0431299,-0.16312988,-4.0131297
-0.9631299,-2.26313,-2.7031298,-3.28313,-0.54312986,-5.64313,-7.31313,-5.33313,-6.21313,-3.71313,-2.1131299,-2.3631299,-2.08313,-3.6231298,-5.08313,-6.18313,-6.11313,-4.81313,-4.92313,-3.9231298,-8.14313,-8.7331295,-7.37313,-8.78313,-1.2931299,-3.53313,-2.1731298,0.24687012,-3.1031299,-0.6531299,-1.1731299,1.7168701,0.15687011,-0.4231299,1.0168701,-1.6531299,0.046870116,-0.73312986,0.7168701,1.1268702,1.6968701
-4.10313,-6.4931297,-3.6031299,0.6768701,-5.9731297,-5.64313,-5.31313,-5.90313,-3.47313,-3.47313,-3.3631299,-5.79313,-5.67313,-6.41313,-5.0531297,-6.65313,-6.36313,-6.5531297,-7.92313,-7.42313,-8.38313,-9.14313,-5.40313,-8.34313,-8.07313,-6.7631297,-5.7831297,-9.54313,-5.20313,-1.1831299,-0.20312989,-1.8931298,0.2668701,-2.72313,-2.24313,-2.4031298,-2.23313,0.40687013,1.4468701,-0.8831299,-0.09312988
-5.44313,-6.0331297,-5.70313,-7.87313,-6.02313,-6.56313,-6.2231297,-4.18313,-3.6931298,-4.00313,-4.38313,-5.2431297,-5.9931297,-5.66313,-4.19313,-4.89313,-6.0131297,-4.98313,-5.10313,-5.0731297,-7.52313,-7.38313,-7.43313,-6.31313,-6.21313,-4.69313,-7.27313,-4.4731297,-4.02313,-5.0131297,-3.6931298,-1.2831299,-2.9231298,-0.4131299,2.94687,2.3668702,-2.1331298,-2.1231298,-2.57313,-3.49313,-3.6231298
-4.69313,-3.8731298,-5.62313,-6.3231297,-6.7231297,-6.21313,-4.0731297,-3.8431299,-2.5931299,-2.3731298,-3.71313,-3.75313,-4.40313,-4.92313,-4.21313,-3.9231298,-5.14313,-5.18313,-5.75313,-4.59313,-4.16313,-4.17313,-4.0531297,-3.76313,-4.00313,-4.0731297,-4.81313,-5.52313,-6.39313,-7.73313,-6.29313,-6.94313,-5.31313,-1.9431299,-1.7031299,-0.3831299,-0.33312988,0.20687012,-0.25312987,-3.77313,-4.13313
-3.73313,-2.6031299,-3.75313,-3.49313,-3.77313,-2.8431299,-4.42313,-3.33313,-2.6631298,-2.1631298,-2.30313,-3.83313,-4.0531297,-3.73313,-3.4131298,-3.98313,-4.12313,-4.43313,-4.85313,-5.96313,-6.19313,-6.9731297,-6.5331297,-5.18313,-5.73313,-3.99313,-3.6531298,-3.9131298,-4.87313,-6.02313,-4.90313,-5.06313,-3.00313,-4.43313,-1.6331298,-2.78313,-1.1231298,1.6368701,0.15687011,1.2568702,2.72687
-3.4431298,-1.6331298,-0.61312985,0.19687012,-3.1431298,-3.1031299,-4.00313,-3.9331298,-3.6531298,-4.13313,-4.19313,-4.2831297,-3.8931298,-4.11313,-3.8431299,-5.40313,-6.13313,-4.25313,-4.35313,-5.29313,-5.18313,-4.98313,-3.9231298,-3.4131298,-3.78313,-2.8631299,-3.9231298,-5.31313,-4.31313,-3.1631298,-2.99313,-2.02313,-2.08313,-0.9931299,-2.6331298,1.0168701,3.27687,5.37687,3.4068701,3.0468702,-0.7731299
-2.01313,-0.21312988,0.6968701,-3.3731298,-2.48313,-3.06313,-2.74313,-2.08313,-2.74313,-3.4331298,-4.36313,-4.14313,-3.8531299,-4.45313,-3.9531298,-3.57313,-4.73313,-5.33313,-4.62313,-3.96313,-4.64313,-4.23313,-4.09313,-6.71313,-7.23313,-6.77313,-4.48313,-3.9131298,-2.06313,-1.6631299,-2.3731298,-0.47312987,1.5468701,-0.5631299,0.4568701,1.5168701,1.1768701,-1.1331298,-1.7831299,0.9968701,-0.4531299
-1.3431299,-1.4331299,-1.3831298,-2.7031298,-2.6331298,-2.7031298,-3.6131299,-3.32313,-3.9131298,-4.29313,-4.34313,-4.36313,-4.17313,-4.00313,-3.96313,-3.57313,-3.55313,-4.91313,-4.52313,-4.50313,-5.44313,-6.0331297,-6.00313,-6.50313,-6.15313,-5.37313,-4.7831297,-3.53313,-2.6431298,-1.3931298,-1.1431298,-0.98312986,0.106870115,-0.23312989,0.41687012,1.8368701,-0.5231299,0.8568701,-1.7431298,0.63687015,0.3268701
-1.4531299,-1.8531299,-2.55313,-2.32313,-3.03313,-3.3431299,-3.53313,-3.9131298,-3.8931298,-3.75313,-2.9531298,-2.1231298,-3.01313,-3.73313,-4.09313,-4.36313,-4.89313,-2.6631298,-5.25313,-5.5331297,-6.11313,-6.14313,-5.88313,-5.88313,-5.21313,-4.35313,-2.7031298,-1.7831299,-1.2531298,-1.2131299,-0.30312988,0.15687011,0.13687012,0.17687012,1.3468701,1.2368702,-0.7031299,0.5068701,-0.5031299,0.76687014,-0.073129885
-1.8931298,-3.4231298,-3.06313,-3.79313,-3.6231298,-2.1831298,-2.1531298,-2.52313,-1.7431298,-3.30313,-3.07313,-1.7531298,-4.20313,-4.62313,-3.6331298,-3.76313,-4.21313,-3.8731298,-5.42313,-4.60313,-4.86313,-4.2231297,-4.62313,-4.29313,-3.54313,-2.1331298,-1.4431299,-0.9331299,-0.67312986,-0.15312988,0.9668701,0.76687014,0.28687012,-1.1731299,-0.19312988,0.52687013,1.1968701,1.7568702,1.2268701,1.2068701,-0.16312988
-1.9231299,-1.8331299,-0.85312986,-2.51313,-2.4231298,-2.02313,-2.8431299,-2.47313,-2.9331298,-2.0931299,-1.5831299,-2.9131298,-3.03313,-3.58313,-3.6231298,-4.04313,-4.52313,-5.23313,-4.7231297,-3.6831298,-3.54313,-2.97313,-2.28313,-2.4431298,-1.9031299,-1.1731299,-0.67312986,-0.18312988,0.026870117,0.7168701,-0.19312988,0.5968701,0.8668701,-0.30312988,-1.4131299,-0.7631299,1.7868701,-0.37312987,-0.47312987,0.9968701,0.27687013
-2.6931298,-3.23313,1.4968702,-1.8031299,-2.24313,-1.4531299,-1.6031299,-2.08313,-1.5531299,-1.0731299,-1.9431299,-2.1631298,-0.7031299,-1.9531299,-3.05313,-4.11313,-4.88313,-4.52313,-4.39313,-3.46313,-3.06313,-2.8731298,-2.96313,-2.97313,-1.4231299,-0.8131299,-0.7631299,-0.46312988,-0.3231299,-0.5831299,-0.21312988,0.37687013,0.3068701,0.64687014,0.8668701,0.52687013,-0.043129884,0.49687013,0.026870117,-0.3231299,-0.6531299
-1.9231299,-2.3631299,-2.2031298,-4.62313,-3.25313,-2.9231298,-0.7531299,-2.76313,-5.54313,-6.88313,-1.3331299,-0.8931299,0.38687012,0.15687011,-3.08313,-3.99313,-4.59313,-4.29313,-3.26313,-3.1031299,-2.8431299,-2.77313,-2.3531299,-2.00313,-1.3531299,-0.8831299,-0.103129886,0.44687012,1.2668701,1.4968702,2.0468702,1.9568701,1.2168701,1.0068702,0.7268701,0.5568701,0.8768701,1.7568702,1.3968701,0.9268701,-0.6331299
