wind.json
{"header": {"discipline":0,"disciplineName":"Meteorological products","gribEdition":2,"gribLength":1125,"center":7,"centerName":"US National Weather Service - NCEP(WMC)","subcenter":0,"refTime":"2023-07-01T12:00:00.000Z","significanceOfRT":1,"significanceOfRTName":"Start of forecast","productStatus":0,"productStatusName":"Operational products","productType":1,"productTypeName":"Forecast products","productDefinitionTemplate":0,"productDefinitionTemplateName":"Analysis/forecast at horizontal level/layer at a point in time","parameterCategory":2,"parameterCategoryName":"UnknownDiscipline_0_Category_2","parameterNumber":2,"parameterNumberName":"UnknownParameter_D0_C2_2","parameterUnit":"Unknown","genProcessType":2,"genProcessTypeName":"Forecast","forecastTime":180,"surface1Type":103,"surface1TypeName":"Specified height level above ground","surface1Value":10.0,"surface2Type":255,"surface2TypeName":"Missing","surface2Value":0.0,"gridDefinitionTemplate":0,"gridDefinitionTemplateName":"Latitude_Longitude","numberPoints":688,"shape":6,"shapeName":"Earth spherical with radius of 6,371,229.0 m","gridUnits":"degrees","resolution":48,"winds":"true","scanMode":64,"nx":43,"ny":16,"basicAngle":0,"lo1":45.0,"la1":40.0,"lo2":87.0,"la2":55.0,"dx":1.0,"dy":1.0}, "data":
[rows 0 to 15 of 16, columns 0 to 42 of 43]
-5.009082,0.12091797,2.840918,2.490918,-1.409082,0.09091797,-1.809082,-5.629082,-8.129082,-8.769082,-6.499082,-7.749082,-5.079082,-5.249082,-3.9590821,-4.849082,-6.689082,-4.459082,-3.779082,-3.339082,-3.379082,-2.339082,-2.409082,-0.17908204,-0.43908203,-0.10908203,-0.939082,-0.17908204,1.050918,1.8709179,2.180918,1.440918,1.880918,-0.42908204,2.3009179,0.70091796,8.280918,-1.049082,-3.369082,0.35091797,-0.33908203,-5.8190823,-6.779082
1.660918,3.880918,0.52091795,-1.589082,2.460918,1.380918,-4.299082,-9.199082,-9.259082,-10.409082,-10.449082,-3.609082,-4.529082,-4.8190823,-5.659082,-3.349082,-4.199082,-4.499082,-2.859082,-2.219082,-3.379082,-2.869082,-0.959082,1.7509179,-1.7690821,-0.09908203,-0.86908203,-4.689082,-4.669082,3.140918,2.330918,1.140918,1.570918,0.870918,-0.639082,-0.29908204,0.23091798,6.480918,-1.199082,3.160918,1.2209179,-1.369082,-0.71908206
0.020917969,-2.309082,2.210918,2.3009179,1.790918,-2.359082,-7.259082,-9.419082,-6.149082,-11.879082,-7.179082,-6.219082,-3.299082,-4.689082,-3.109082,-2.149082,-2.249082,-4.239082,-3.819082,-2.929082,-1.329082,-0.85908204,0.04091797,-0.579082,0.870918,-2.869082,1.310918,1.880918,-0.819082,1.090918,1.9909179,-0.17908204,0.08091797,0.05091797,0.51091796,-1.289082,0.08091797,-3.169082,1.300918,2.650918,-0.60908204,0.30091798,-0.45908204
-0.29908204,-0.23908204,1.2409179,-1.069082,-0.079082035,-5.579082,-8.599082,-6.639082,-8.309082,-5.489082,-6.999082,-5.519082,-4.249082,-3.019082,-2.599082,-3.009082,-2.989082,-3.079082,-3.349082,-1.979082,0.94091797,-1.6490821,-0.839082,0.13091797,-1.179082,-0.18908203,1.160918,-0.31908202,1.080918,2.270918,-3.029082,0.930918,-0.67908204,2.360918,0.100917965,0.07091797,0.790918,0.010917969,-0.42908204,0.860918,2.0509179,1.840918,1.8609179
-1.059082,-1.829082,-2.389082,-6.0690823,-10.089082,-8.119082,-6.729082,-4.869082,-5.689082,-4.579082,-4.599082,-4.199082,-3.639082,-4.019082,-3.479082,-3.909082,-3.049082,-2.649082,-2.169082,-0.949082,-1.449082,-1.479082,0.740918,-0.28908202,2.370918,3.5509179,5.210918,4.480918,4.1809177,2.170918,6.310918,6.750918,3.710918,-2.399082,-4.159082,-3.539082,-3.509082,-2.549082,-0.959082,-0.34908202,1.510918,1.530918,1.630918
-3.4390821,-5.139082,-5.139082,-11.449082,-10.419082,-8.189082,-6.229082,-5.829082,-4.409082,-2.999082,-3.549082,-2.529082,-2.479082,-3.079082,-3.019082,-2.759082,-3.549082,-2.269082,-1.5290821,-1.069082,0.31091797,-0.71908206,0.26091796,-0.19908203,0.610918,3.160918,3.870918,2.760918,3.7909179,5.270918,7.820918,6.390918,3.420918,-2.489082,-2.379082,1.560918,2.890918,1.9909179,3.330918,1.770918,1.6109179,-0.829082,2.860918
-4.859082,-5.239082,-6.529082,-6.409082,-9.299082,-8.119082,-6.309082,-7.409082,-5.039082,-4.039082,-2.559082,-1.489082,0.77091795,-1.049082,-2.019082,-1.739082,-2.469082,-2.119082,-1.6390821,-1.1290821,-1.039082,-1.229082,-2.039082,0.08091797,0.14091797,1.340918,3.360918,2.660918,3.700918,1.070918,-0.12908202,-0.33908203,-2.309082,-1.489082,-3.339082,-1.439082,-0.33908203,-1.7690821,0.38091797,-0.96908206,0.88091797,-3.909082,-3.319082
-2.979082,-2.9590821,-4.439082,-3.609082,-5.879082,-6.919082,-5.649082,-4.619082,-4.0890822,-3.639082,-3.749082,-3.289082,-3.359082,-3.379082,-2.469082,-1.859082,-1.2490821,-0.14908203,-0.959082,0.22091797,-0.21908203,0.030917969,-0.899082,-0.11908203,-0.31908202,1.320918,2.640918,1.460918,2.910918,2.410918,-0.769082,-3.659082,-0.37908202,-2.169082,-0.569082,-2.499082,-2.789082,-1.709082,-0.829082,2.160918,-0.80908203,1.030918,0.30091798
-2.089082,-3.019082,-2.129082,-1.959082,-2.069082,-3.389082,-3.9490821,-4.0890822,-4.369082,-4.279082,-3.679082,-3.849082,-3.309082,-2.409082,-0.48908204,-2.779082,-1.549082,-0.71908206,0.670918,2.030918,1.460918,1.570918,2.520918,1.530918,0.95091796,0.810918,1.790918,0.810918,1.9909179,2.880918,3.000918,-0.30908203,2.100918,-0.029082032,-1.2590821,-0.25908202,-1.349082,-0.889082,-0.939082,-0.509082,-1.6390821,1.050918,-1.2590821
-1.099082,0.14091797,-0.029082032,-0.519082,-1.6490821,-2.659082,-2.809082,-3.259082,-3.349082,-3.389082,-3.4590821,-2.789082,-2.789082,-1.689082,-1.159082,-1.679082,-1.2690821,-0.689082,-0.37908202,-1.189082,-0.77908206,0.16091797,1.630918,1.680918,2.200918,1.660918,0.980918,3.350918,1.1009179,1.780918,1.820918,1.920918,0.15091796,1.070918,1.660918,-0.939082,-0.53908205,-1.989082,-0.21908203,-1.359082,-1.079082,-0.08908203,-0.709082
-0.90908206,-0.27908203,0.980918,0.39091796,-4.039082,-3.299082,-3.549082,-3.579082,-4.149082,-3.929082,-3.119082,-2.419082,-2.179082,-3.089082,-1.6490821,-0.96908206,-0.14908203,-1.479082,-0.569082,-0.33908203,1.270918,2.510918,2.090918,2.970918,3.970918,3.230918,1.710918,3.460918,2.280918,1.400918,1.880918,2.350918,2.530918,3.260918,2.630918,-0.25908202,-0.08908203,-1.859082,-2.369082,-0.44908202,-0.73908204,-0.34908202,-0.31908202
-3.139082,0.57091796,-3.969082,-4.769082,-5.029082,-4.699082,-3.789082,-4.3190823,-3.519082,-3.269082,-2.859082,-2.289082,-3.089082,-2.139082,-1.789082,-3.349082,-2.479082,-1.539082,-0.48908204,1.280918,1.4909179,3.220918,3.870918,3.870918,4.940918,2.240918,2.210918,2.160918,2.140918,1.160918,1.150918,2.690918,1.680918,5.150918,1.540918,0.25091797,-0.98908204,-1.919082,-1.419082,0.17091797,-1.219082,0.47091797,-0.629082
-0.84908205,-1.209082,-1.8890821,-1.909082,-3.259082,-3.6890821,-3.4490821,-3.1990821,-2.539082,-2.559082,-1.089082,-1.589082,-1.459082,-0.699082,-1.4990821,-1.569082,0.44091797,0.610918,1.650918,2.7909179,2.510918,3.450918,3.400918,3.980918,3.610918,2.490918,2.130918,2.370918,2.170918,3.370918,-0.689082,0.89091796,2.970918,4.880918,2.240918,-1.5290821,-0.92908204,-0.10908203,1.2509179,-0.14908203,-0.37908202,-0.31908202,-0.709082
0.43091798,0.790918,-0.38908204,-0.59908205,-1.349082,-1.329082,-1.079082,-1.239082,-1.709082,-0.84908205,-0.939082,0.020917969,-0.37908202,0.78091794,0.870918,0.730918,0.980918,2.430918,3.170918,3.910918,3.590918,4.110918,3.680918,4.030918,3.5409179,2.100918,4.920918,4.490918,3.610918,2.380918,0.750918,3.220918,4.670918,3.620918,-0.08908203,-1.459082,-0.59908205,0.43091798,1.290918,0.05091797,-0.029082032,-1.1390821,-1.189082
1.960918,0.36091796,1.7409179,0.39091796,-0.12908202,-0.709082,-0.879082,-0.999082,0.15091796,9.1796875E-4,0.82091796,0.13091797,-0.709082,-0.14908203,1.6209179,1.380918,1.790918,2.520918,3.100918,3.440918,3.930918,4.140918,4.080918,3.940918,4.250918,4.6609178,4.580918,4.520918,3.720918,2.150918,1.960918,4.320918,2.130918,0.550918,-0.17908204,0.70091796,0.870918,0.97091794,0.07091797,0.06091797,-0.899082,0.20091797,-0.899082
2.190918,1.9709179,1.7509179,1.450918,1.530918,-0.31908202,0.06091797,-0.85908204,0.620918,0.14091797,0.17091797,-0.30908203,-0.92908204,0.15091796,1.2409179,1.380918,2.250918,2.470918,2.590918,2.650918,3.530918,2.580918,2.7909179,3.460918,1.910918,3.090918,2.990918,2.370918,2.270918,2.410918,1.880918,1.510918,2.2909179,2.070918,1.3709179,1.960918,2.010918,1.450918,0.560918,0.84091794,-0.25908202,-0.029082032,-0.79908204
