wind_kz.json
{"header": {"discipline":0,"disciplineName":"Meteorological products","gribEdition":2,"gribLength":1025,"center":7,"centerName":"US National Weather Service - NCEP(WMC)","subcenter":0,"refTime":"2023-08-28T06:00:00.000Z","significanceOfRT":1,"significanceOfRTName":"Start of forecast","productStatus":0,"productStatusName":"Operational products","productType":1,"productTypeName":"Forecast products","productDefinitionTemplate":0,"productDefinitionTemplateName":"Analysis/forecast at horizontal level/layer at a point in time","parameterCategory":2,"parameterCategoryName":"UnknownDiscipline_0_Category_2","parameterNumber":2,"parameterNumberName":"UnknownParameter_D0_C2_2","parameterUnit":"Unknown","genProcessType":2,"genProcessTypeName":"Forecast","forecastTime":180,"surface1Type":103,"surface1TypeName":"Specified height level above ground","surface1Value":10.0,"surface2Type":255,"surface2TypeName":"Missing","surface2Value":0.0,"gridDefinitionTemplate":0,"gridDefinitionTemplateName":"Latitude_Longitude","numberPoints":615,"shape":6,"shapeName":"Earth spherical with radius of 6,371,229.0 m","gridUnits":"degrees","resolution":48,"winds":"true","scanMode":64,"nx":41,"ny":15,"basicAngle":0,"lo1":47.0,"la1":41.0,"lo2":87.0,"la2":55.0,"dx":1.0,"dy":1.0}, "data":
[rows 0 to 14 of 15, columns 0 to 40 of 41]
-4.1414156,-0.4114154,1.6685846,0.20858459,-2.3314154,-3.8514154,-2.5314155,-6.9514155,-7.9514155,-6.9814153,-4.1514153,-6.4614153,-5.8414154,-5.1914153,-3.1614153,-2.8014154,-1.7714154,-0.24141541,-1.9514154,-1.5114154,-0.0014154053,1.7685846,0.5685846,-0.5114154,4.1985846,-2.2514155,-1.8614154,2.1585846,-0.041415405,1.8385845,1.3485847,1.7885846,1.8685846,1.7185845,1.2385846,-2.5514154,-0.8214154,-3.5914154,3.4585845,-1.8314154,-2.0914154
1.7885846,2.1385846,-0.8814154,-2.3614154,-2.4914155,-3.2114153,-3.7014153,-6.311415,-6.2214155,-5.6514153,-8.311416,-7.5914154,-5.5314155,-3.3414154,-1.3614154,-2.6114154,-0.8714154,-1.3514154,-1.3614154,-2.1614153,0.8085846,-0.4914154,1.0085846,-1.1814154,1.6585846,0.1285846,-0.8614154,0.74858457,-0.9814154,0.6285846,0.5585846,-0.041415405,-0.6414154,-1.4014153,-0.0714154,-0.8814154,-0.5814154,-0.4814154,1.1585846,1.7085845,-4.581415
-2.0014155,-4.581415,-3.2414155,-2.1014154,-3.9814155,-4.1514153,-3.9014153,-2.0314155,-3.2614155,-6.7614155,-6.2214155,-4.7514153,-3.6314154,-2.8614154,-1.9114155,-1.2614154,-1.6714154,-1.0114154,-2.1614153,-2.2514155,0.3485846,0.048584595,-4.4514155,-5.1614156,-0.7014154,-2.5714154,-0.6914154,1.1885846,-0.24141541,-0.12141541,0.4285846,0.8785846,0.8085846,1.6485846,1.4185846,-1.4814154,1.2985846,-2.0214155,0.5285846,3.6885846,0.6485846
-4.3214154,-7.831415,-7.271415,-5.4314156,-4.1014156,-3.1614153,-3.1214154,-3.8414154,-3.6014154,-4.3014154,-1.7914155,-2.7614155,-2.5714154,-1.4614154,-0.8614154,1.1385846,-1.2914155,-1.7714154,-1.3714154,-0.9114154,0.5785846,-2.1014154,-0.6314154,-1.8014154,-1.3314154,-0.5414154,-2.3814154,-4.1714153,-3.0214155,2.0585847,2.8485847,0.1085846,6.0685844,9.668585,3.7385845,1.9085846,-1.8314154,1.8685846,-0.39141542,1.1085846,3.2785845
-4.8614154,-5.6314154,-4.7214155,-3.8914154,-3.1214154,-2.3414154,-1.2814155,-1.7314154,-1.1614155,-0.9914154,-0.3314154,0.3385846,-1.4414154,0.6585846,1.6085846,-0.3714154,-1.3514154,-0.2714154,-0.3014154,0.1585846,-1.1614155,-2.0714154,-1.9514154,-1.1714154,-2.1614153,-1.9214154,-0.4414154,1.6185846,-1.4114155,0.6685846,1.5485846,-0.9314154,1.5785846,1.4385846,1.5185846,1.9085846,5.5585847,1.2785846,0.8085846,3.2885847,3.0985847
-1.3514154,0.028584594,0.9285846,2.4085846,2.5085845,3.3785846,2.6685846,2.9985845,1.6085846,-1.6214154,-0.3114154,-0.24141541,-0.8014154,3.0885847,2.3385847,1.6985846,-0.5214154,-0.9814154,-0.3014154,0.2585846,0.3685846,-1.4214154,-1.9414154,-1.6414154,-2.1214154,-1.1714154,-0.3114154,1.3585846,3.4985845,3.2285845,2.6485846,3.2285845,3.3885846,2.2585845,1.6385846,0.14858459,0.3085846,5.688585,11.028584,2.2485845,-3.8714154
2.0785847,4.2185845,0.7685846,2.1885846,-1.5414155,-3.8414154,-3.0514154,-3.3214154,-2.8214154,-0.6514154,-0.3014154,-3.5414155,0.3785846,0.74858457,0.008584594,2.3585846,-0.5314154,1.4785846,2.3485847,-0.81141543,-0.6314154,0.5485846,0.1585846,0.8785846,1.3485847,0.6785846,2.4985845,1.6985846,0.8485846,1.5685846,0.5485846,4.2585845,5.7385845,4.2385845,0.99858457,0.1585846,-1.3114154,2.4685845,1.8285846,0.3185846,6.5285845
-4.1414156,-0.7014154,-4.2314153,-3.9614153,-3.5514154,-3.0714154,-3.2914155,-3.2514155,-1.6914154,-1.6414154,-0.4914154,-0.5214154,0.3985846,1.3885846,0.68858457,-0.7314154,0.7085846,1.6585846,1.5185846,-0.5714154,1.4785846,1.7085845,1.3685846,0.4085846,1.7285846,1.7085845,2.2985847,1.9585845,2.6985846,2.1785846,3.5485847,2.6985846,1.4585845,1.5185846,0.9085846,4.168585,3.9485846,4.7485847,3.3885846,3.7385845,6.0185847
-1.5014154,-2.3514154,-2.9314153,-3.8614154,-3.4114153,-3.3714154,-2.6314154,-2.1314154,-2.7814155,-0.12141541,0.3685846,-1.2514154,-1.5514154,-1.3614154,-2.0114155,1.6485846,3.1085846,2.9985845,1.9885846,-0.7214154,1.9585845,2.3885846,1.5985847,1.6885846,2.3385847,3.0585847,2.7785845,2.6285846,4.1985846,2.3285847,3.5385847,3.6985846,3.2885847,0.7885846,0.6085846,-0.1914154,0.6285846,-0.091415405,-0.5214154,-0.7314154,-0.2914154
-0.3514154,-2.2814155,-0.75141543,-2.2014153,-1.8014154,-1.8514154,-0.8414154,-0.6814154,-2.5114155,-0.6014154,0.6385846,-0.9614154,-1.5014154,-1.0714154,-0.4614154,-0.041415405,0.68858457,0.2785846,1.9885846,1.8985846,2.6885846,2.7885847,3.3885846,4.0885844,3.2985847,3.0485847,4.3485847,4.6785846,4.9885845,6.168585,3.5385847,5.6485844,4.8685846,2.5185845,1.0385846,-0.051415406,-1.5714154,0.4885846,-0.9714154,0.1885846,-0.3414154
-0.6714154,-1.4614154,1.4685845,2.0585847,1.3385845,-2.9814155,-2.2614155,-1.8614154,-2.0314155,-1.5114154,0.2585846,-0.9914154,-1.9414154,0.4185846,0.6685846,0.7685846,1.6285846,1.5885845,2.6985846,2.4385846,3.7085845,3.6085846,3.7885847,4.4085846,3.1185846,4.8385844,5.938585,6.9485846,8.318584,8.178585,5.688585,4.7485847,4.3285847,2.0385847,1.7885846,-0.1714154,-0.8414154,0.4785846,-0.2814154,1.1585846,-0.8214154
-1.4614154,-1.8314154,-2.2114153,-2.5714154,-3.8914154,-2.1914153,-1.0614154,-1.2414154,-0.7814154,-0.4814154,-1.2714154,1.6785846,0.99858457,-0.6314154,0.6685846,0.74858457,1.5185846,2.4485846,2.9585845,3.0085845,2.5985847,3.3685846,2.4785845,2.7585845,3.3785846,4.5785847,3.9785845,5.478585,5.2185845,5.2985845,4.728585,3.7585845,1.5585846,2.1285846,0.9685846,1.9985846,0.2185846,0.5285846,1.5285846,1.0685846,-0.4014154
-3.7014153,1.0385846,-3.5014155,-2.0614154,-1.7614154,-0.39141542,0.4585846,-0.4614154,-1.1414154,-0.0714154,-0.15141541,1.0585846,0.5385846,1.7885846,2.2285845,2.5185845,2.4585845,2.8785846,3.1785846,3.1585846,2.1685846,2.4985845,2.4985845,3.1885846,4.3585844,3.5685847,4.3085847,3.9685845,2.9085846,3.0785847,2.4285846,1.2685846,1.9285846,2.3685846,2.3585846,2.5085845,1.1885846,0.2885846,2.2185845,0.29858458,0.5885846
-1.4114155,-2.3114154,-2.3814154,-0.8714154,-0.1714154,-0.9114154,-1.6214154,-0.8914154,0.5985846,-0.1714154,0.048584595,0.6485846,2.2485845,3.0885847,3.5685847,3.6185846,3.2085845,3.1585846,2.8185847,3.1585846,3.0485847,3.1285846,3.7285845,4.0985847,3.9385846,3.7385845,3.2685845,3.0485847,3.0085845,2.8985846,2.4285846,2.8985846,2.8785846,2.7185845,2.3685846,1.8985846,1.3685846,0.9885846,0.09858459,2.5285845,3.3185847
-0.5914154,-0.56141543,-1.3714154,-0.7414154,1.1785846,0.7185846,1.4685845,1.0785846,2.7885847,1.6485846,0.68858457,1.6285846,1.8385845,2.3585846,4.208585,3.9985845,3.0385847,2.1485846,2.0485847,3.0985847,3.2485845,3.2985847,3.2385845,3.3385847,3.3685846,3.5985847,3.2985847,3.3685846,3.0085845,2.7285845,3.0985847,2.9585845,2.9685845,2.5885847,2.8285847,2.3085847,0.6985846,1.5285846,2.0285845,1.1585846,1.6285846
