wind_kz.json
{"header": {"discipline":0,"disciplineName":"Meteorological products","gribEdition":2,"gribLength":1025,"center":7,"centerName":"US National Weather Service - NCEP(WMC)","subcenter":0,"refTime":"2023-08-21T18:00:00.000Z","significanceOfRT":1,"significanceOfRTName":"Start of forecast","productStatus":0,"productStatusName":"Operational products","productType":1,"productTypeName":"Forecast products","productDefinitionTemplate":0,"productDefinitionTemplateName":"Analysis/forecast at horizontal level/layer at a point in time","parameterCategory":2,"parameterCategoryName":"UnknownDiscipline_0_Category_2","parameterNumber":3,"parameterNumberName":"UnknownParameter_D0_C2_3","parameterUnit":"Unknown","genProcessType":2,"genProcessTypeName":"Forecast","forecastTime":0,"surface1Type":103,"surface1TypeName":"Specified height level above ground","surface1Value":10.0,"surface2Type":255,"surface2TypeName":"Missing","surface2Value":0.0,"gridDefinitionTemplate":0,"gridDefinitionTemplateName":"Latitude_Longitude","numberPoints":615,"shape":6,"shapeName":"Earth spherical with radius of 6,371,229.0 m","gridUnits":"degrees","resolution":48,"winds":"true","scanMode":64,"nx":41,"ny":15,"basicAngle":0,"lo1":47.0,"la1":41.0,"lo2":87.0,"la2":55.0,"dx":1.0,"dy":1.0}, "data":
[rows 0 to 14 of 15, columns 0 to 40 of 41]
1.9180664,-2.5119336,2.8980665,5.8380666,3.1880665,-0.1519336,-1.7819335,-0.5319336,1.0880665,-0.2319336,-1.1919336,0.7280664,-0.5019336,-1.2419336,-2.5919335,-1.0319335,-4.9419336,-7.9019337,-3.3719337,-2.5819335,-4.031934,-4.0819335,-3.5319335,-0.7919336,-1.7619336,0.16806641,-0.7819336,1.7080665,-0.40193358,2.2680664,0.0680664,1.0380664,-1.3519336,-2.0319335,-1.7919335,-1.1419336,0.5380664,1.0380664,-0.6219336,-1.8319336,2.0880663
4.2880664,2.1080663,2.8180664,3.6980665,-0.2519336,-2.5619335,-4.5219336,1.4980664,2.0380664,0.11806641,0.9980664,0.038066406,-2.9719336,1.5880665,3.9880664,4.5980663,4.6180663,-2.3419335,-1.5719336,-3.1319337,-4.3719335,-4.6119337,-1.7719336,1.0680664,-1.9219337,-0.49193358,-3.2219336,-0.6019336,-0.7019336,-0.9119336,0.8280664,1.6480664,-0.2319336,-1.9719336,-1.2319336,-0.82193357,-1.4719336,-3.3119335,-1.6519336,-2.8219335,0.018066406
2.1180663,4.3680663,3.3880663,-1.9319336,-2.4119337,-2.6519337,-3.6619337,3.7280664,2.2680664,1.4280664,-0.9119336,-0.57193357,-3.7219336,-1.6019336,3.8280663,3.2280664,-0.8419336,-2.7619336,-1.2419336,-3.0819335,-4.5919337,-3.1919336,-2.0719335,-1.1619335,0.5380664,-1.2919335,-0.081933595,-0.3219336,-0.4219336,1.1480664,2.2380664,0.92806643,2.0280664,-1.2619336,-0.1619336,2.9880664,1.8780664,-1.7719336,-0.09193359,-0.8019336,-1.7119336
2.1680665,3.1180663,1.1880664,-1.7719336,-2.2019336,-3.7819335,-4.781934,-4.4219337,-0.3819336,-1.3619336,1.8880664,-0.4719336,-1.8419336,-3.3219335,-0.3219336,-3.5819335,-1.3719336,-1.2819335,-3.0819335,-3.8419335,0.8580664,-1.6419336,-1.5419335,-0.2919336,-0.43193358,-1.8019336,-2.5819335,-2.2319336,-0.2319336,-1.8619336,-2.9019337,-2.8019335,-2.3219335,-0.7419336,0.5280664,-3.7219336,-1.4019336,1.9280664,0.3280664,0.8280664,1.0680664
3.3180664,5.0880666,3.2980664,-0.2819336,-1.6819336,-3.1819336,-4.491934,-3.6019335,-4.4719334,-0.8619336,1.0680664,1.5980664,2.1180663,0.6380664,1.0680664,-0.0719336,0.4080664,-0.9719336,-3.6119337,-2.7219336,-3.8919337,-3.1419337,-1.5019336,1.6180664,1.0780663,-0.63193357,-1.6819336,-1.2819335,-0.4819336,-1.7719336,-2.6719337,-1.0219336,1.4380664,3.2980664,-1.5419335,-1.5919336,-3.0319335,-1.4619336,-2.2919335,-1.6919336,-0.2519336
4.3780665,4.0380664,1.8980664,3.3180664,-0.2119336,-5.7119336,-3.8219335,-3.5719335,-4.0219336,-6.2119336,-4.031934,4.5880666,4.0780663,5.5780663,3.5880663,0.6280664,3.5380664,1.6980664,-2.6419337,-3.5119336,-5.4419336,-3.7919335,-0.7519336,0.038066406,2.2280664,1.6080664,1.3880664,0.9380664,1.6380664,1.4280664,-2.3419335,-0.2419336,1.6980664,2.2980664,2.4280665,1.4980664,2.1980665,1.0680664,-2.9119337,2.1880665,-0.4419336
-2.7919335,2.8680663,5.5680666,3.8180664,0.9080664,1.0280664,2.6380663,-3.0919335,-1.8219336,-4.3919334,-5.7319336,-6.1919336,-3.8919337,4.948066,4.3280663,3.8280663,3.4280665,2.9880664,1.1180664,-2.4419336,-5.261934,-5.3419337,-8.0619335,-1.0519336,-1.8719336,4.448066,2.5080664,2.2280664,1.3480664,0.8580664,0.048066407,-0.7819336,-0.4219336,-0.031933594,-1.6119336,-1.3919336,-3.4219337,-2.8219335,-1.7019336,-1.7819335,-2.7419336
-1.8519336,-4.241934,-4.0719337,0.11806641,2.1080663,1.7280664,2.2280664,1.6180664,0.8980664,-1.1719337,-3.4819336,-4.1219335,-4.5819335,-6.761934,4.1680665,7.6680665,5.448066,4.1180663,4.198066,4.0980663,7.7080665,4.8580666,0.9180664,2.8780663,0.8080664,-0.061933592,-0.19193359,-0.9119336,-1.5919336,-4.1219335,-3.4219337,-2.5719335,0.028066406,-0.9019336,0.7780664,-0.2619336,-0.63193357,-2.3019335,0.8580664,0.4280664,-1.0419335
-3.8019335,-3.1119337,-2.3219335,-3.3819337,-2.9719336,0.10806641,0.6580664,0.6380664,-1.9819336,2.7380664,-0.6919336,-3.2119336,-2.9719336,-3.6919336,-4.2319336,-5.7519336,-0.1819336,6.468066,5.3880663,2.9180665,2.3880663,-2.3019335,-0.7919336,0.9480664,0.86806643,0.0080664065,0.4080664,-0.4219336,0.3580664,-0.6819336,-0.8319336,-1.9219337,-1.3219336,-1.0119336,0.2980664,0.8080664,-3.1019335,-0.2319336,-3.0619335,-2.2719336,-2.9919336
-0.8119336,-4.6819334,-4.0719337,-4.1819334,-6.6319337,-6.0819335,-2.9419336,-0.5319336,1.1680664,0.8580664,-1.2419336,-0.1319336,-1.5419335,-3.0119336,-3.0919335,-3.3719337,-3.3419335,-3.8619337,1.7880664,4.1280665,3.7680664,3.5780663,0.9680664,-0.6819336,-0.40193358,0.4880664,-0.2319336,1.5880665,1.0580664,0.8080664,0.6880664,-0.49193358,-1.0819336,-1.1819336,-1.7219336,-1.2119336,0.2080664,-3.3519335,-0.2819336,0.7680664,1.0180664
-1.7319336,0.2680664,-0.5219336,-2.1519337,-2.6319337,-4.4419336,-3.2719336,-4.3819337,0.5180664,0.31806642,-2.2219336,1.4080664,-0.6819336,-0.5219336,-1.8419336,-2.7419336,-2.9519336,-3.8619337,-2.6019335,1.1780664,3.5980663,4.6380663,3.7280664,2.1580665,0.61806643,2.1180663,0.9680664,2.3880663,1.4780664,2.1780665,1.1480664,-0.9219336,-0.7119336,-1.2419336,0.1280664,-0.5319336,0.28806642,2.1980665,1.3780664,1.0780663,0.3280664
-1.8619336,-1.8919336,0.1280664,-2.6019335,-2.7519336,-1.9619336,-2.0919335,-1.9419336,1.4380664,2.0480664,0.4280664,0.16806641,-1.3219336,-2.9119337,-2.3519335,-1.6719337,-2.6619337,-3.4619336,-3.9319336,-3.4719336,6.448066,5.1180663,4.1380663,3.2580664,3.4880664,3.2580664,3.1580665,3.0680664,2.4980664,1.6580664,1.9780664,2.3580663,0.07806641,-0.6119336,-0.46193358,-1.4419336,0.3980664,1.8180664,1.3680664,1.0480664,0.038066406
-1.2919335,-1.9619336,-3.4819336,-2.8019335,-2.3619337,-2.3119335,-3.4919336,-5.6319337,-4.3719335,-2.1219337,0.4880664,0.8380664,-0.82193357,-0.5919336,-2.3919337,-2.8319335,-3.3319335,-3.0219336,-4.011934,-3.2219336,2.9780664,6.758066,6.0980663,4.3280663,4.4580665,5.488066,3.7180665,1.8280663,0.7880664,-0.081933595,-0.6219336,2.0180664,0.73806643,0.098066404,0.6680664,-1.8819336,-2.1119337,-0.7719336,0.2380664,-0.10193359,0.07806641
-1.5119336,-1.5819336,-3.3219335,-2.5719335,-1.6319336,-2.2119336,-2.4219337,-2.6819336,-2.2419336,-2.7019336,-0.43193358,-0.7819336,-0.57193357,-1.6519336,-2.5919335,-2.6719337,-2.4219337,-1.5119336,-1.1819336,-1.1819336,0.5880664,2.6980665,-0.63193357,-3.2919335,6.4280663,5.4280663,3.6980665,2.4880664,2.0680664,0.9480664,-0.4219336,0.048066407,0.3980664,1.1280664,0.8180664,-0.9919336,-1.6219336,-1.7619336,-0.5619336,-0.22193359,-0.7519336
-2.0719335,-1.9619336,-2.1519337,-2.5519335,-2.3019335,-0.43193358,-0.2719336,0.028066406,0.24806641,-0.4719336,0.2080664,-0.17193359,-0.2519336,-1.2619336,-1.7519336,-2.3019335,-2.6219337,-2.1119337,1.9980664,-1.6819336,0.098066404,2.2880664,3.7480664,3.0780663,5.6080666,6.0480666,4.698066,4.0880666,2.8280663,2.1280663,0.8980664,0.028066406,0.31806642,1.3780664,1.6580664,1.4880664,0.34806642,0.6480664,-0.1619336,-0.9519336,0.1780664
