wind_kz.json
{"header": {"discipline":0,"disciplineName":"Meteorological products","gribEdition":2,"gribLength":871,"center":7,"centerName":"US National Weather Service - NCEP(WMC)","subcenter":0,"refTime":"2024-02-03T00:00:00.000Z","significanceOfRT":1,"significanceOfRTName":"Start of forecast","productStatus":0,"productStatusName":"Operational products","productType":1,"productTypeName":"Forecast products","productDefinitionTemplate":0,"productDefinitionTemplateName":"Analysis/forecast at horizontal level/layer at a point in time","parameterCategory":0,"parameterCategoryName":"UnknownDiscipline_0_Category_0","parameterNumber":0,"parameterNumberName":"UnknownParameter_D0_C0_0","parameterUnit":"Unknown","genProcessType":2,"genProcessTypeName":"Forecast","forecastTime":120,"surface1Type":1,"surface1TypeName":"Ground or water surface","surface1Value":0.0,"surface2Type":255,"surface2TypeName":"Missing","surface2Value":0.0,"gridDefinitionTemplate":0,"gridDefinitionTemplateName":"Latitude_Longitude","numberPoints":615,"shape":6,"shapeName":"Earth spherical with radius of 6,371,229.0 m","gridUnits":"degrees","resolution":48,"winds":"true","scanMode":64,"nx":41,"ny":15,"basicAngle":0,"lo1":47.0,"la1":41.0,"lo2":87.0,"la2":55.0,"dx":1.0,"dy":1.0}, "data":
[rows 0 to 14 of 15, columns 0 to 40 of 41]
276.9366,269.3366,274.13663,280.4366,280.73663,281.9366,277.23663,274.73663,273.63663,274.3366,275.23663,276.63663,275.73663,275.4366,274.13663,273.23663,274.23663,273.53662,275.53662,276.73663,277.13663,277.03662,276.4366,273.4366,274.73663,276.73663,272.53662,261.13663,255.23662,252.33662,251.63663,251.03662,256.9366,268.4366,268.9366,269.4366,269.13663,269.13663,269.03662,268.03662,269.03662
258.63663,274.4366,280.23663,280.03662,280.53662,281.13663,274.23663,272.53662,271.4366,271.53662,272.73663,273.9366,273.3366,273.73663,274.23663,275.63663,276.8366,275.53662,273.8366,276.13663,276.23663,276.73663,273.8366,269.53662,260.53662,258.23663,265.63663,260.73663,259.53662,252.83662,260.3366,249.23662,259.3366,238.43661,248.43661,257.9366,263.4366,265.13663,266.73663,260.63663,262.13663
273.13663,278.9366,280.03662,280.23663,280.3366,275.03662,275.8366,275.13663,273.4366,273.53662,270.53662,271.13663,271.53662,271.3366,271.03662,271.23663,272.73663,273.13663,272.13663,273.63663,274.13663,274.4366,273.9366,270.03662,273.63663,271.53662,272.13663,271.03662,271.9366,262.53662,255.73662,257.63663,254.63663,255.13663,252.13663,261.4366,253.73662,247.53662,247.83662,250.53662,247.73662
275.03662,275.8366,277.73663,278.9366,278.8366,275.63663,274.9366,273.63663,272.73663,271.13663,271.23663,270.73663,281.13663,281.73663,272.03662,271.8366,271.53662,271.4366,270.8366,271.23663,271.53662,268.3366,272.3366,272.63663,272.53662,273.13663,273.03662,271.73663,270.03662,270.8366,269.73663,265.03662,269.8366,263.4366,262.13663,260.13663,254.73662,251.73662,260.4366,253.73662,254.43661
274.3366,272.8366,271.73663,273.23663,273.4366,274.13663,272.23663,271.13663,270.8366,270.73663,270.53662,269.8366,278.9366,278.9366,278.23663,271.3366,270.13663,270.9366,271.13663,269.73663,270.23663,270.4366,267.63663,271.23663,272.03662,271.23663,271.9366,271.53662,272.53662,272.13663,271.3366,270.8366,262.63663,250.73662,261.9366,257.4366,257.03662,250.63663,251.93661,252.33662,255.63663
275.4366,275.13663,273.03662,272.3366,270.73663,269.9366,270.13663,271.4366,270.23663,269.8366,269.03662,268.9366,277.4366,279.03662,269.3366,270.53662,268.9366,268.4366,268.4366,269.9366,268.3366,267.63663,267.53662,269.8366,270.3366,270.4366,270.3366,269.8366,269.23663,270.23663,270.3366,269.23663,267.53662,265.3366,267.03662,262.03662,259.53662,258.4366,254.83662,251.83662,254.23662
274.4366,274.3366,273.73663,272.9366,270.53662,269.9366,268.23663,268.53662,267.3366,267.4366,266.8366,265.53662,265.8366,265.53662,266.4366,267.8366,266.53662,265.73663,269.13663,269.63663,269.4366,265.4366,264.9366,265.13663,267.03662,261.23663,261.13663,262.9366,270.23663,265.9366,266.03662,268.03662,261.4366,261.63663,263.03662,261.4366,256.23663,260.73663,256.4366,255.03662,256.13663
273.13663,272.3366,271.03662,270.9366,270.23663,268.3366,267.8366,266.13663,264.73663,264.4366,262.63663,262.73663,262.9366,263.23663,265.4366,265.3366,266.8366,267.03662,267.13663,267.8366,267.13663,267.8366,266.23663,265.03662,265.4366,266.03662,264.23663,266.53662,265.23663,266.23663,265.03662,262.4366,265.3366,264.13663,260.73663,252.13663,250.73662,253.53662,262.4366,261.03662,256.53662
271.3366,268.9366,267.9366,267.03662,265.3366,265.53662,264.23663,262.63663,261.63663,260.53662,260.3366,261.8366,261.13663,263.63663,263.53662,265.53662,265.8366,266.8366,266.53662,266.53662,267.03662,266.13663,266.73663,267.13663,265.8366,267.73663,265.8366,263.13663,264.3366,264.03662,261.13663,265.03662,267.4366,265.03662,262.03662,262.4366,259.3366,256.63663,254.13663,250.33662,250.23662
269.23663,266.13663,263.53662,263.13663,261.23663,259.4366,258.73663,257.53662,258.53662,260.4366,260.4366,260.3366,260.13663,260.8366,261.73663,263.3366,265.3366,266.63663,266.8366,267.03662,267.13663,267.03662,267.63663,267.8366,267.03662,267.23663,266.9366,264.63663,263.13663,265.8366,265.73663,268.8366,269.8366,266.23663,265.4366,260.3366,259.63663,258.4366,254.53662,255.93661,249.93661
264.73663,260.53662,257.3366,253.73662,255.43661,253.83662,256.8366,257.9366,259.13663,259.63663,260.03662,259.63663,260.8366,260.23663,259.9366,261.8366,262.63663,264.8366,266.53662,266.53662,267.03662,268.4366,268.3366,268.53662,267.3366,267.73663,265.9366,265.4366,265.63663,268.63663,268.8366,269.9366,268.73663,266.23663,266.8366,258.3366,259.63663,258.13663,252.03662,256.03662,253.43661
259.03662,255.73662,253.93661,249.83662,252.03662,254.03662,255.93661,258.23663,259.23663,260.73663,260.23663,259.73663,261.63663,261.23663,261.9366,262.8366,262.53662,263.3366,265.4366,265.9366,266.73663,267.8366,268.13663,268.4366,267.4366,267.4366,265.53662,265.4366,265.73663,266.8366,269.8366,270.73663,269.13663,265.4366,266.13663,258.9366,260.4366,259.63663,262.8366,260.8366,257.23663
257.53662,251.53662,249.23662,249.53662,253.53662,256.73663,257.9366,258.53662,258.9366,261.73663,260.73663,260.23663,263.8366,263.8366,264.8366,263.3366,262.3366,263.4366,265.9366,266.4366,267.9366,266.63663,266.53662,266.3366,266.53662,265.4366,264.9366,263.03662,264.4366,266.53662,268.53662,269.9366,269.63663,268.03662,264.23663,266.53662,258.53662,259.63663,258.13663,254.13663,254.03662
251.43661,246.43661,247.03662,250.73662,253.63663,256.53662,257.8366,259.4366,263.23663,264.4366,263.4366,262.3366,264.9366,266.73663,265.13663,263.63663,263.13663,265.3366,267.3366,267.9366,267.73663,267.73663,266.9366,263.73663,264.4366,263.63663,263.03662,264.63663,266.63663,264.8366,267.73663,268.8366,268.8366,266.4366,265.3366,263.3366,260.53662,254.53662,254.13663,259.4366,252.93661
246.83662,247.23662,249.93661,252.13663,255.03662,256.8366,259.53662,261.63663,264.63663,269.4366,260.63663,260.53662,265.13663,264.73663,264.73663,265.73663,266.4366,267.4366,267.8366,267.13663,267.3366,265.23663,263.63663,263.3366,263.53662,263.03662,263.3366,265.4366,266.13663,264.53662,267.23663,267.8366,265.9366,267.03662,266.4366,263.4366,258.53662,256.4366,254.53662,253.73662,254.33662
