wind_kz.json
{"header": {"discipline":0,"disciplineName":"Meteorological products","gribEdition":2,"gribLength":1025,"center":7,"centerName":"US National Weather Service - NCEP(WMC)","subcenter":0,"refTime":"2023-10-05T06:00:00.000Z","significanceOfRT":1,"significanceOfRTName":"Start of forecast","productStatus":0,"productStatusName":"Operational products","productType":1,"productTypeName":"Forecast products","productDefinitionTemplate":0,"productDefinitionTemplateName":"Analysis/forecast at horizontal level/layer at a point in time","parameterCategory":2,"parameterCategoryName":"UnknownDiscipline_0_Category_2","parameterNumber":3,"parameterNumberName":"UnknownParameter_D0_C2_3","parameterUnit":"Unknown","genProcessType":2,"genProcessTypeName":"Forecast","forecastTime":0,"surface1Type":103,"surface1TypeName":"Specified height level above ground","surface1Value":10.0,"surface2Type":255,"surface2TypeName":"Missing","surface2Value":0.0,"gridDefinitionTemplate":0,"gridDefinitionTemplateName":"Latitude_Longitude","numberPoints":615,"shape":6,"shapeName":"Earth spherical with radius of 6,371,229.0 m","gridUnits":"degrees","resolution":48,"winds":"true","scanMode":64,"nx":41,"ny":15,"basicAngle":0,"lo1":47.0,"la1":41.0,"lo2":87.0,"la2":55.0,"dx":1.0,"dy":1.0}, "data":
[rows 0 to 14 of 15, columns 0 to 40 of 41]
2.1233008,1.2333008,-4.796699,-10.116699,-8.706699,-9.286699,-5.7466993,-4.716699,1.2633008,-1.2666992,1.1333008,2.0633008,0.9333008,-0.6066992,-2.3466992,-1.8866992,-1.5366992,-0.24669921,-2.986699,-1.4066992,-1.6066992,-2.2966993,0.35330078,0.66330075,1.3833008,0.7533008,-0.08669922,1.2833008,0.4633008,-2.3466992,-1.1366992,-0.6366992,-1.7166992,-2.3866992,-0.22669922,-0.8966992,-0.8166992,-0.3166992,0.78330076,0.38330078,0.7933008
-2.2666993,-1.6266992,-7.836699,-8.876699,-9.436699,-8.416699,-10.066699,1.7733008,3.3133008,3.0033007,0.7933008,-0.38669923,-0.6966992,-0.29669923,-2.0966992,-1.4066992,-1.4666992,-2.1966991,-1.8066993,-2.3366992,-2.486699,-3.9166992,-2.7066991,1.4333007,2.3933008,3.0333009,2.5833008,1.9233007,0.06330078,1.7733008,1.2033008,1.4833008,0.7333008,1.2033008,1.5033008,3.2033007,1.4133008,2.3833008,1.7733008,0.083300784,0.9433008
-1.0066992,-3.7166991,-5.676699,-7.136699,-5.9966993,-6.6266994,-9.986699,1.7033008,5.473301,4.5233006,2.8233008,0.9933008,0.48330078,-0.04669922,-2.226699,-2.9266992,-2.2166991,-2.226699,-3.1466992,-2.0866992,1.5733008,-2.0466993,-1.6466992,0.7933008,-1.8866992,-2.0166993,-0.9466992,-1.4966992,-0.9566992,-1.1266992,-0.18669921,1.5633007,-0.6366992,1.4633008,0.65330076,-2.1966991,-3.1466992,1.4033008,-1.5666993,0.2533008,1.0533007
-1.9166992,-2.6666992,-3.0166993,-5.796699,-3.0666993,-3.8066993,-7.526699,-4.676699,3.6533008,3.9833007,2.523301,0.21330078,-0.44669923,-1.5366992,-1.5666993,-1.9066992,-2.6766992,-3.3266993,-4.716699,-2.3466992,0.39330077,-1.1166992,0.4633008,-0.78669924,-1.4066992,-1.3566992,-0.9366992,-0.8566992,0.6333008,-1.1166992,0.8033008,0.59330076,0.91330075,0.36330077,0.83330077,2.1933007,3.6933007,2.6633008,-2.9466991,-1.9866992,-0.7366992
-0.77669924,-3.1766992,-3.7766993,-5.086699,-1.8766992,2.2233007,-2.4566991,-7.2866993,2.9733007,2.9633007,2.8033009,2.2033007,0.9333008,-0.52669924,-1.4866992,-2.2166991,-2.2966993,-3.2666993,-3.4566991,-2.1766992,-0.32669923,-0.36669922,-0.72669923,-0.48669922,-0.41669923,-0.7066992,-1.6066992,-1.7166992,-1.4266992,-2.4266992,-2.4666991,-1.5366992,2.3833008,1.9933008,0.4933008,1.6233008,2.4933007,-0.5066992,-1.1266992,-0.4066992,-0.16669922
-1.6966993,-0.7966992,-1.9366993,-3.9266992,-1.9166992,4.4233007,1.3933008,1.8433008,0.5733008,0.33330077,1.6133008,2.0433009,0.26330078,-0.4366992,-1.8466992,-2.4966993,-1.7966992,-2.1966991,-2.7766993,-0.26669922,-0.9266992,-1.2166992,0.39330077,0.083300784,-0.16669922,-0.03669922,-0.3466992,-2.2566993,-1.1566992,-2.1366992,-2.3766992,-2.4366992,-2.226699,-3.2766993,-2.6366992,2.4833007,-2.6066992,3.013301,-1.2066993,1.0933008,0.72330076
-1.6966993,-0.5166992,0.44330078,-0.8066992,-4.2066994,-1.0866992,-0.58669925,3.7233007,3.0933008,2.9833007,4.073301,2.8333008,0.84330076,0.4933008,-0.6066992,-1.8266993,-2.2066991,-1.2666992,-0.6166992,-0.13669921,-0.19669922,0.6133008,0.5533008,0.32330078,0.9533008,1.2733008,0.17330079,-0.39669922,-0.15669923,-1.7266992,-2.1366992,-2.4266992,-2.236699,-0.14669922,0.78330076,2.0533009,2.2533007,2.4033008,1.0933008,2.3633008,0.09330078
-0.6166992,-1.3966992,1.8733008,0.8833008,-0.05669922,-1.9266992,-1.1966993,3.7533007,3.1133008,1.7333008,3.4533007,3.8533008,1.9633008,1.1933007,-0.47669923,-0.8266992,-1.2766992,-1.2566992,-0.5766992,1.4233007,0.48330078,-0.006699219,0.13330078,0.7433008,0.6233008,0.4933008,0.58330077,0.18330078,0.21330078,-1.1566992,-1.6866993,-2.6366992,-0.47669923,-2.1866992,0.3733008,0.30330077,-2.1366992,-1.4766992,-0.4366992,0.083300784,0.16330078
0.26330078,-0.096699215,-0.4966992,2.5833008,2.3833008,0.6833008,-1.5066992,2.8433008,5.133301,2.7333007,2.7933009,3.7533007,2.9933007,2.013301,1.3933008,-0.08669922,0.053300783,-0.006699219,-0.18669921,-0.01669922,1.9933008,0.35330078,-0.6166992,0.03330078,0.21330078,1.4233007,0.58330077,0.10330078,-0.9266992,-0.6366992,-1.6866993,-1.8466992,-1.5066992,-0.6866992,-0.16669922,0.66330075,1.0833008,-0.8966992,2.2533007,0.8033008,0.6933008
2.523301,0.78330076,0.9233008,1.8233008,4.163301,2.7833009,1.8333008,1.1933007,3.8833008,4.633301,4.2533007,3.8933008,3.2033007,3.1733007,2.3533008,2.0433009,1.7033008,0.8733008,0.30330077,0.2533008,1.0033008,0.71330076,-0.12669922,-0.7566992,-0.47669923,1.0033008,-0.27669922,-0.5166992,-0.4366992,-0.66669923,-2.1566992,-0.84669924,1.1533008,1.9333007,0.90330076,0.013300781,0.53330076,1.9733008,0.8133008,0.4933008,2.0433009
3.9633007,2.7233007,1.8733008,2.3433008,2.3733008,4.0633006,3.8633008,3.0933008,2.4333007,1.9433007,2.5933008,2.6833007,3.5933008,3.6733007,2.273301,2.9533007,3.4333007,2.9733007,2.5533009,1.8233008,1.7133008,1.4933008,1.0033008,0.5033008,0.33330077,0.18330078,0.7333008,-0.52669924,-1.2766992,-0.90669924,-0.83669925,1.1833007,1.6133008,1.8333008,1.6433008,1.4433007,1.0733008,-0.27669922,0.5533008,0.7333008,0.36330077
3.5833008,3.7933009,3.3733008,3.0533009,2.9833007,3.2133007,4.363301,4.633301,3.8233008,3.3233008,3.1733007,2.1533008,2.9633007,3.1833007,3.1033008,2.8933008,3.1333008,3.6033008,4.1033006,3.773301,3.1533008,2.6133008,2.4633007,2.013301,1.6333008,1.1733007,0.8833008,0.3133008,-0.30669922,-0.90669924,-0.01669922,1.5733008,1.4933008,2.0433009,1.3133007,1.7033008,1.5233008,-0.3466992,-1.3966992,-0.4366992,-0.6966992
1.8333008,3.4233007,3.8633008,3.7833009,3.4733007,1.9833008,3.9033008,4.4233007,5.7533007,5.2133007,2.7233007,2.1633008,3.3133008,3.5733008,3.263301,3.0733008,2.9633007,3.023301,4.453301,4.053301,4.5233006,4.203301,3.263301,2.5533009,2.4933007,1.8133007,1.4633008,1.7833008,1.1133008,0.6133008,0.7633008,1.1633008,1.4333007,2.0633008,2.3333008,2.3333008,2.4933007,1.6433008,2.5633008,2.3233008,1.3333008
1.2133008,2.0333009,2.773301,3.6233008,3.6933007,4.633301,4.7733006,4.2533007,4.763301,5.743301,3.7333007,2.8333008,3.3333008,3.9633007,3.5033007,3.263301,3.4633007,3.7933009,3.6533008,4.093301,4.113301,3.8833008,3.6133008,3.1533008,2.4233007,2.0633008,2.1133008,2.6633008,2.1233008,2.1633008,2.0733008,2.0333009,2.4033008,2.4133008,2.1833007,3.4533007,2.9433007,2.9733007,2.9133008,2.6533008,3.1233008
0.5033008,0.7333008,2.4333007,2.9933007,3.5333009,4.2533007,4.393301,5.263301,4.8133006,4.553301,3.9633007,4.6233006,2.9033008,2.9033008,4.283301,4.0233006,3.7333007,3.7233007,4.5433006,4.3333006,3.9933007,3.9033008,3.7933009,3.4933007,3.4033008,2.8833008,2.7433007,2.523301,2.763301,3.3533008,3.263301,3.6233008,2.8333008,2.9633007,2.8933008,2.6933007,3.9533007,4.203301,3.6833007,4.143301,3.5833008
