wind_kz.json
{"header": {"discipline":0,"disciplineName":"Meteorological products","gribEdition":2,"gribLength":871,"center":7,"centerName":"US National Weather Service - NCEP(WMC)","subcenter":0,"refTime":"2023-09-19T12:00:00.000Z","significanceOfRT":1,"significanceOfRTName":"Start of forecast","productStatus":0,"productStatusName":"Operational products","productType":1,"productTypeName":"Forecast products","productDefinitionTemplate":0,"productDefinitionTemplateName":"Analysis/forecast at horizontal level/layer at a point in time","parameterCategory":0,"parameterCategoryName":"UnknownDiscipline_0_Category_0","parameterNumber":0,"parameterNumberName":"UnknownParameter_D0_C0_0","parameterUnit":"Unknown","genProcessType":2,"genProcessTypeName":"Forecast","forecastTime":180,"surface1Type":1,"surface1TypeName":"Ground or water surface","surface1Value":0.0,"surface2Type":255,"surface2TypeName":"Missing","surface2Value":0.0,"gridDefinitionTemplate":0,"gridDefinitionTemplateName":"Latitude_Longitude","numberPoints":615,"shape":6,"shapeName":"Earth spherical with radius of 6,371,229.0 m","gridUnits":"degrees","resolution":48,"winds":"true","scanMode":64,"nx":41,"ny":15,"basicAngle":0,"lo1":47.0,"la1":41.0,"lo2":87.0,"la2":55.0,"dx":1.0,"dy":1.0}, "data":
[rows 0 to 14 of 15, columns 0 to 40 of 41]
288.9384,279.33838,286.73837,294.13837,294.23837,293.9384,292.73837,291.5384,288.73837,287.13837,286.73837,287.5384,286.9384,286.83838,286.63837,282.83838,284.23837,284.73837,284.5384,285.73837,287.4384,283.33838,282.83838,281.63837,284.5384,286.83838,286.0384,273.9384,271.4384,271.73837,270.83838,267.13837,278.33838,283.33838,283.83838,283.9384,283.5384,283.13837,282.73837,281.83838,281.13837
273.23837,284.23837,293.5384,294.0384,293.63837,292.0384,290.9384,291.13837,286.63837,286.13837,287.5384,286.9384,286.5384,285.4384,284.13837,283.23837,281.23837,284.33838,281.4384,283.0384,283.5384,283.83838,285.33838,280.0384,271.83838,271.4384,279.0384,271.5384,272.0384,268.0384,272.63837,268.0384,273.0384,250.63838,269.5384,280.5384,278.5384,280.63837,283.23837,276.5384,283.5384
284.73837,292.5384,293.83838,293.4384,291.4384,289.83838,290.5384,288.73837,285.5384,285.9384,284.9384,285.9384,285.5384,286.13837,286.63837,284.0384,282.83838,281.63837,280.73837,280.63837,286.4384,284.83838,285.23837,279.13837,279.23837,279.23837,280.63837,280.23837,280.33838,274.73837,267.83838,269.4384,272.9384,272.33838,274.13837,274.9384,262.83838,267.63837,269.23837,266.23837,258.13837
285.73837,292.33838,293.83838,292.5384,290.63837,286.83838,287.63837,286.23837,286.23837,285.9384,285.83838,286.0384,291.5384,290.9384,287.13837,286.4384,286.4384,284.23837,283.9384,284.13837,284.63837,279.5384,283.23837,283.4384,282.9384,283.4384,283.23837,282.13837,279.13837,279.33838,279.9384,279.23837,282.83838,280.33838,279.23837,278.33838,264.0384,259.23837,268.13837,275.5384,278.63837
287.23837,291.23837,292.4384,291.63837,289.73837,287.13837,288.13837,287.33838,287.0384,286.9384,286.83838,285.9384,290.4384,289.33838,287.83838,287.0384,286.63837,285.9384,284.73837,285.9384,285.5384,284.9384,283.33838,283.0384,282.83838,282.33838,280.73837,283.5384,280.0384,280.73837,282.5384,279.63837,272.33838,261.73837,270.9384,278.0384,284.33838,281.5384,281.5384,281.63837,281.9384
286.23837,284.4384,290.5384,290.23837,291.0384,290.33838,287.5384,288.63837,286.83838,286.73837,287.73837,287.63837,289.73837,290.23837,288.33838,286.73837,287.73837,286.5384,286.73837,286.33838,285.4384,284.83838,284.33838,283.83838,283.23837,281.23837,281.4384,287.83838,282.63837,282.4384,280.9384,282.0384,280.5384,279.33838,277.13837,282.4384,272.9384,274.33838,277.83838,280.13837,280.4384
285.13837,282.4384,287.4384,287.63837,287.73837,286.33838,287.63837,286.9384,287.73837,288.0384,286.5384,286.63837,286.63837,286.73837,286.33838,287.5384,287.23837,287.23837,286.5384,285.5384,284.9384,285.4384,284.33838,284.83838,282.83838,282.63837,282.0384,282.4384,280.33838,281.73837,280.9384,279.73837,279.33838,279.33838,278.13837,277.13837,274.23837,270.33838,265.73837,263.9384,276.13837
285.63837,284.13837,286.63837,287.13837,288.33838,288.5384,287.83838,285.4384,284.5384,285.23837,284.83838,284.73837,284.4384,285.5384,286.33838,286.9384,286.5384,287.0384,286.63837,283.73837,283.5384,283.5384,283.5384,282.73837,282.0384,279.73837,279.9384,280.4384,281.23837,282.5384,279.73837,278.9384,277.73837,274.83838,273.9384,275.33838,277.13837,287.0384,276.0384,275.13837,273.9384
288.23837,287.63837,287.5384,285.73837,286.5384,285.73837,284.13837,286.13837,284.73837,284.33838,283.73837,283.23837,283.33838,284.5384,284.5384,285.4384,285.23837,284.73837,284.33838,283.4384,281.5384,281.5384,282.13837,281.83838,279.9384,280.63837,278.5384,278.9384,278.63837,275.63837,276.73837,277.0384,276.83838,277.0384,275.4384,275.4384,274.73837,272.63837,261.0384,261.73837,261.13837
288.13837,288.23837,286.9384,287.73837,288.33838,287.83838,285.4384,284.9384,284.5384,283.13837,283.33838,283.23837,283.9384,284.33838,283.83838,284.4384,284.4384,284.23837,283.83838,283.63837,282.83838,282.73837,283.23837,282.83838,282.13837,280.73837,280.13837,279.9384,280.5384,281.0384,278.9384,281.5384,281.0384,279.73837,277.13837,274.83838,274.0384,270.0384,265.73837,264.63837,264.23837
286.4384,286.83838,287.5384,287.23837,287.0384,286.23837,286.0384,285.83838,285.5384,284.73837,284.13837,283.73837,286.33838,285.5384,283.23837,283.5384,283.73837,284.83838,284.13837,283.83838,283.83838,283.13837,283.0384,282.63837,282.23837,281.73837,280.33838,282.0384,282.0384,283.33838,283.83838,282.63837,281.73837,280.83838,279.4384,276.9384,271.4384,267.4384,267.0384,267.73837,266.73837
283.5384,284.4384,284.33838,284.4384,284.4384,284.73837,284.33838,283.33838,284.33838,284.23837,281.63837,282.63837,284.13837,284.5384,283.73837,284.0384,285.13837,284.63837,285.63837,283.73837,282.9384,282.9384,282.4384,282.33838,282.0384,282.73837,282.63837,283.73837,283.73837,283.63837,282.73837,282.63837,282.0384,279.0384,279.63837,278.33838,277.33838,275.33838,274.73837,273.73837,272.63837
280.23837,280.0384,282.13837,282.73837,283.0384,282.73837,282.13837,281.9384,281.83838,281.5384,281.5384,279.63837,280.9384,280.9384,285.13837,285.33838,285.33838,283.5384,284.9384,285.23837,284.83838,282.63837,282.33838,281.63837,283.13837,283.63837,284.5384,284.13837,284.13837,283.63837,283.23837,282.63837,281.83838,280.5384,279.73837,279.23837,277.73837,277.23837,275.23837,273.4384,272.4384
278.33838,280.73837,284.13837,281.33838,281.0384,280.5384,280.73837,280.5384,280.33838,280.9384,281.23837,279.83838,278.73837,281.13837,283.5384,284.33838,284.63837,284.83838,283.4384,285.13837,286.0384,286.0384,286.23837,284.33838,286.13837,285.83838,285.13837,283.73837,283.5384,283.5384,283.0384,282.4384,281.5384,280.4384,279.9384,281.0384,277.73837,276.23837,274.83838,273.83838,273.4384
279.5384,280.4384,286.5384,279.83838,279.83838,278.13837,278.9384,277.73837,278.13837,277.63837,279.4384,279.73837,279.83838,280.4384,281.33838,281.83838,279.9384,280.73837,281.33838,283.0384,281.83838,281.9384,285.0384,285.0384,284.0384,285.73837,285.63837,283.83838,282.5384,282.83838,282.73837,283.33838,281.73837,280.83838,280.0384,279.83838,282.33838,279.5384,278.13837,276.23837,274.33838
