wind_kz.json
{"header": {"discipline":0,"disciplineName":"Meteorological products","gribEdition":2,"gribLength":871,"center":7,"centerName":"US National Weather Service - NCEP(WMC)","subcenter":0,"refTime":"2023-08-07T00:00:00.000Z","significanceOfRT":1,"significanceOfRTName":"Start of forecast","productStatus":0,"productStatusName":"Operational products","productType":1,"productTypeName":"Forecast products","productDefinitionTemplate":0,"productDefinitionTemplateName":"Analysis/forecast at horizontal level/layer at a point in time","parameterCategory":0,"parameterCategoryName":"UnknownDiscipline_0_Category_0","parameterNumber":0,"parameterNumberName":"UnknownParameter_D0_C0_0","parameterUnit":"Unknown","genProcessType":2,"genProcessTypeName":"Forecast","forecastTime":0,"surface1Type":1,"surface1TypeName":"Ground or water surface","surface1Value":0.0,"surface2Type":255,"surface2TypeName":"Missing","surface2Value":0.0,"gridDefinitionTemplate":0,"gridDefinitionTemplateName":"Latitude_Longitude","numberPoints":615,"shape":6,"shapeName":"Earth spherical with radius of 6,371,229.0 m","gridUnits":"degrees","resolution":48,"winds":"true","scanMode":64,"nx":41,"ny":15,"basicAngle":0,"lo1":47.0,"la1":41.0,"lo2":87.0,"la2":55.0,"dx":1.0,"dy":1.0}, "data":
[rows 0 to 14 of 15, columns 0 to 40 of 41]
298.34366,289.74365,295.24365,297.94366,297.34366,296.74365,298.04364,303.64365,301.44366,301.74365,300.04364,301.54364,301.04364,300.64365,298.84366,296.74365,296.74365,297.54364,296.74365,298.54364,296.64365,296.24365,292.24365,290.64365,294.54364,296.04364,292.94366,276.84366,278.94366,279.54364,280.44366,282.84366,290.34366,297.14365,299.34366,300.14365,299.24365,299.94366,300.04364,300.64365,301.64365
278.04364,294.54364,297.94366,298.34366,298.44366,296.64365,302.04364,301.34366,299.54364,299.54364,299.54364,299.04364,297.54364,296.04364,295.24365,294.74365,295.94366,294.44366,295.14365,293.54364,293.64365,295.74365,293.94366,284.74365,277.04364,279.54364,284.14365,280.14365,277.74365,273.94366,280.34366,274.84366,283.64365,271.44366,281.54364,295.34366,294.44366,296.84366,300.54364,292.64365,283.94366
296.24365,298.24365,298.74365,298.74365,296.34366,301.64365,301.14365,300.34366,298.74365,297.94366,298.64365,298.74365,296.14365,296.14365,296.44366,295.14365,294.74365,294.24365,295.14365,296.54364,294.44366,295.74365,294.24365,289.14365,291.94366,292.54364,294.94366,296.24365,293.94366,283.34366,275.04364,277.64365,285.24365,284.84366,286.24365,286.54364,278.44366,280.44366,282.14365,279.04364,279.34366
298.84366,298.94366,299.24365,298.74365,298.34366,300.04364,299.84366,298.74365,298.84366,299.44366,298.84366,297.94366,296.54364,295.94366,295.54364,295.34366,297.54364,300.44366,296.34366,295.04364,293.64365,293.94366,296.74365,296.54364,294.54364,295.84366,297.44366,293.34366,294.94366,296.14365,297.24365,294.24365,295.64365,297.34366,293.14365,290.04364,280.74365,279.84366,284.84366,295.54364,297.64365
298.94366,299.64365,300.04364,299.94366,299.64365,300.04364,300.04364,300.64365,299.74365,299.64365,299.14365,298.24365,297.34366,296.24365,293.24365,297.54364,297.84366,297.34366,294.84366,299.24365,298.14365,297.24365,294.64365,295.34366,294.64365,294.54364,294.44366,295.04364,296.94366,295.24365,296.64365,296.04364,282.74365,278.04364,287.74365,296.64365,297.44366,301.94366,302.74365,301.74365,301.74365
298.84366,297.44366,299.64365,299.64365,299.84366,299.24365,300.94366,302.04364,300.84366,300.34366,299.64365,299.34366,296.84366,296.14365,296.74365,297.04364,296.94366,298.74365,296.14365,299.34366,298.74365,295.34366,297.14365,294.14365,295.24365,292.64365,294.04364,293.34366,293.44366,295.74365,294.74365,296.24365,295.64365,295.84366,296.44366,296.24365,288.94366,291.84366,299.84366,300.14365,298.34366
299.94366,297.74365,301.94366,302.14365,300.44366,300.74365,301.04364,300.64365,300.54364,301.14365,299.54364,299.84366,297.54364,297.44366,295.44366,298.64365,298.04364,299.04364,297.74365,296.94366,295.64365,296.34366,297.04364,295.34366,295.24365,294.34366,295.84366,295.14365,293.24365,295.94366,293.64365,293.74365,293.94366,295.44366,296.04364,296.54364,291.74365,287.74365,287.34366,285.44366,294.84366
301.24365,300.94366,302.44366,302.14365,302.14365,301.84366,301.34366,300.14365,299.64365,299.94366,297.54364,298.24365,295.84366,297.44366,296.14365,296.24365,297.74365,297.04364,297.14365,293.34366,293.84366,293.04364,294.44366,294.04364,292.74365,289.04364,291.54364,294.84366,292.34366,291.34366,290.24365,291.64365,291.94366,291.34366,290.34366,294.14365,295.94366,289.14365,295.54364,295.44366,293.74365
300.04364,299.64365,300.04364,299.34366,300.54364,299.34366,297.54364,297.54364,296.34366,295.14365,294.04364,293.74365,293.34366,295.54364,294.04364,294.24365,295.34366,295.24365,295.04364,294.04364,288.64365,291.04364,290.94366,291.44366,289.54364,290.24365,287.14365,286.64365,286.94366,285.84366,288.24365,289.84366,290.84366,291.44366,291.84366,291.84366,291.54364,291.04364,283.64365,282.24365,281.74365
296.64365,297.34366,297.24365,296.14365,296.14365,295.94366,294.94366,294.84366,294.34366,292.74365,291.44366,291.14365,290.94366,291.04364,291.34366,291.94366,294.14365,292.84366,292.64365,292.74365,290.24365,291.64365,291.84366,290.34366,289.74365,288.84366,288.34366,288.24365,287.84366,287.54364,288.44366,291.04364,293.14365,293.34366,292.34366,290.24365,288.64365,286.14365,282.94366,281.84366,280.54364
293.84366,293.94366,294.24365,294.34366,293.24365,293.64365,293.74365,292.94366,291.84366,290.74365,289.44366,288.24365,290.34366,288.74365,289.34366,291.24365,290.14365,291.54364,292.44366,290.94366,291.04364,290.64365,289.74365,288.84366,289.04364,288.54364,287.34366,289.74365,290.64365,292.04364,292.24365,291.84366,290.74365,289.94366,288.04364,287.44366,285.54364,282.24365,282.24365,282.44366,280.94366
291.74365,291.94366,292.04364,291.84366,292.04364,291.64365,290.64365,290.14365,291.04364,288.44366,286.34366,287.44366,289.34366,288.34366,288.34366,288.84366,289.44366,290.34366,290.34366,290.04364,289.44366,288.24365,288.64365,290.24365,288.14365,288.34366,288.04364,289.34366,290.34366,290.04364,287.94366,289.94366,288.84366,287.14365,286.44366,286.84366,286.04364,287.24365,286.94366,287.24365,287.44366
289.84366,289.04364,290.64365,290.84366,291.04364,291.14365,289.84366,289.14365,288.34366,288.44366,285.84366,284.64365,287.84366,287.84366,288.64365,288.54364,289.04364,288.94366,290.44366,289.24365,288.74365,288.44366,287.74365,287.94366,287.44366,288.74365,290.14365,288.94366,288.14365,287.54364,287.94366,287.74365,287.54364,287.24365,286.14365,285.64365,285.94366,286.94366,286.34366,286.54364,285.84366
288.34366,289.94366,291.14365,289.74365,289.24365,288.64365,289.24365,288.84366,288.84366,289.04364,286.54364,285.04364,285.54364,287.74365,288.64365,288.84366,289.04364,291.34366,290.94366,289.54364,289.54364,288.64365,288.44366,288.04364,287.74365,287.94366,287.04364,286.94366,287.04364,287.24365,287.24365,286.64365,286.54364,286.64365,286.24365,286.34366,285.94366,285.74365,286.04364,285.24365,284.84366
289.74365,289.94366,292.64365,289.34366,289.34366,287.94366,287.84366,287.64365,288.34366,287.94366,287.84366,285.04364,285.44366,286.74365,288.24365,288.94366,289.14365,290.44366,289.94366,289.04364,289.54364,289.74365,289.54364,287.34366,287.14365,285.84366,285.64365,286.14365,286.04364,286.14365,286.34366,285.04364,285.94366,288.94366,286.04364,286.84366,286.44366,288.14365,289.24365,288.24365,285.14365
