wind_kz.json
{"header": {"discipline":0,"disciplineName":"Meteorological products","gribEdition":2,"gribLength":1102,"center":7,"centerName":"US National Weather Service - NCEP(WMC)","subcenter":0,"refTime":"2023-08-21T00:00:00.000Z","significanceOfRT":1,"significanceOfRTName":"Start of forecast","productStatus":0,"productStatusName":"Operational products","productType":1,"productTypeName":"Forecast products","productDefinitionTemplate":0,"productDefinitionTemplateName":"Analysis/forecast at horizontal level/layer at a point in time","parameterCategory":2,"parameterCategoryName":"UnknownDiscipline_0_Category_2","parameterNumber":2,"parameterNumberName":"UnknownParameter_D0_C2_2","parameterUnit":"Unknown","genProcessType":2,"genProcessTypeName":"Forecast","forecastTime":60,"surface1Type":103,"surface1TypeName":"Specified height level above ground","surface1Value":10.0,"surface2Type":255,"surface2TypeName":"Missing","surface2Value":0.0,"gridDefinitionTemplate":0,"gridDefinitionTemplateName":"Latitude_Longitude","numberPoints":615,"shape":6,"shapeName":"Earth spherical with radius of 6,371,229.0 m","gridUnits":"degrees","resolution":48,"winds":"true","scanMode":64,"nx":41,"ny":15,"basicAngle":0,"lo1":47.0,"la1":41.0,"lo2":87.0,"la2":55.0,"dx":1.0,"dy":1.0}, "data":
[rows 0 to 14 of 15, columns 0 to 40 of 41]
2.182715,2.682715,-2.7072852,-2.317285,-0.26728517,2.3627148,6.2127147,3.222715,6.592715,7.122715,4.4827147,5.0027146,4.182715,3.5127149,2.952715,3.5627148,2.6427147,1.3727149,1.2627149,0.96271485,2.5727148,-1.1272851,4.832715,6.032715,7.7527146,4.892715,5.2327147,6.742715,3.692715,2.982715,4.062715,-0.8772852,-1.4672852,-1.9072852,-2.787285,-1.0072851,-2.327285,-2.1972852,-3.9672852,-1.5172851,0.27271485
1.3827149,-3.6972852,0.19271484,-2.007285,2.3827147,3.5927148,6.082715,2.682715,4.782715,5.742715,5.9827147,4.802715,6.2527146,5.662715,1.8227148,1.1727148,4.1927147,6.222715,1.0627148,1.1427149,1.7027148,2.2727149,4.2327147,3.6127148,1.9427148,-1.9772851,1.3027148,3.482715,-3.077285,0.042714845,-0.83728516,0.18271485,-1.9472852,2.0627148,-1.5372852,-0.55728513,1.3427148,-0.47728515,-1.3872851,-1.1472851,0.36271486
-4.5372853,-5.7672853,-1.2772851,1.4227148,2.2527149,5.832715,5.9427147,3.7727149,5.202715,6.7327147,8.032715,7.852715,7.742715,7.532715,3.6327147,4.042715,2.942715,4.142715,3.432715,2.3927147,1.5827148,5.792715,2.5427148,4.612715,-0.95728517,3.1227148,1.7727149,3.3627148,3.422715,-1.0572852,-0.23728515,-0.64728516,2.0827148,1.7527149,-3.9672852,-0.92728513,1.2827148,0.28271484,3.922715,1.8727149,0.22271484
6.312715,-4.167285,-0.22728516,1.5027149,5.0227146,7.062715,7.782715,6.602715,6.6927147,6.582715,6.862715,8.562715,-3.9772851,-4.277285,1.2127148,5.352715,1.9527148,4.282715,5.122715,4.102715,5.222715,5.642715,1.9227148,4.2327147,6.492715,6.332715,1.2627149,1.7427149,-0.47728515,-1.8872851,3.1027148,4.032715,5.412715,8.192715,5.102715,1.8527149,0.20271485,0.98271483,2.962715,2.3627148,2.3127148
8.202715,0.16271484,1.1927148,1.2927148,2.0027149,3.222715,5.7327147,8.3927145,9.702715,10.352715,8.542715,9.852715,-0.06728516,-1.6272851,0.8627148,5.992715,7.302715,3.3627148,4.5227146,4.6527147,6.292715,5.822715,5.392715,5.832715,6.762715,5.542715,1.9827149,-1.5872852,-1.0272851,-3.6672852,1.3727149,0.102714844,-1.2172852,0.37271485,0.44271484,6.2127147,9.222714,0.5627148,-1.8572851,3.2927148,4.262715
10.8927145,9.662715,3.3627148,3.1127148,2.8027148,4.6327147,7.9627147,8.742715,10.492715,10.1427145,12.502715,9.402715,4.092715,1.3027148,2.992715,7.7127147,9.852715,6.932715,6.452715,5.142715,5.182715,5.682715,3.6127148,4.0027146,-0.90728515,1.3627149,5.0227146,-4.907285,-0.26728517,-1.6172851,-5.627285,-2.797285,0.45271483,-1.5272851,1.2727149,1.3027148,5.312715,4.722715,6.352715,0.17271484,-1.9372852
9.752715,9.802715,8.262714,5.112715,7.412715,8.462715,8.962715,8.102715,8.772715,10.172715,10.082715,9.632715,9.772715,5.822715,6.9427147,8.342715,11.832715,8.632715,7.452715,7.7727146,7.1727147,6.342715,3.8527148,3.1227148,2.8827147,3.7827148,5.852715,-1.9372852,-0.33728516,0.9927148,2.3627148,0.052714843,0.48271483,0.46271485,3.3427148,-2.017285,-0.51728517,0.11271484,1.0127149,0.16271484,12.062715
8.662715,3.6527147,4.822715,7.0227146,8.282715,7.1527147,7.352715,7.082715,8.192715,9.362715,10.662715,10.482715,10.792715,8.662715,3.3327148,6.742715,9.482715,6.4427147,7.9627147,8.282715,7.612715,5.862715,6.492715,3.3627148,1.4527148,2.6227148,0.91271484,2.3127148,2.1527147,-1.7372851,0.78271484,-0.19728516,-2.0972853,-1.4272852,-0.8772852,-2.087285,0.83271486,2.0627148,6.452715,8.382715,5.412715
8.372715,4.072715,2.4027147,5.042715,4.852715,5.092715,5.702715,6.5027146,7.7127147,8.282715,9.632715,11.952715,11.132715,7.142715,8.042715,3.732715,10.732715,8.752715,7.722715,6.9227147,7.642715,6.112715,8.122715,8.062715,3.8727148,3.232715,2.3327148,1.2827148,3.5127149,2.8827147,1.6627148,-0.64728516,0.83271486,-1.0672852,-0.66728514,-0.5772852,1.7627149,0.54271483,-0.39728516,-0.40728515,-2.9272852
3.4027147,3.1227148,2.452715,3.5327148,3.3727148,2.1527147,3.6027148,4.9227147,6.572715,6.682715,8.352715,11.032715,10.822715,3.1227148,11.792715,4.792715,2.2827148,12.232715,5.762715,6.292715,6.042715,7.802715,8.752715,4.822715,7.4027147,-2.1372852,4.012715,0.19271484,-0.10728516,0.092714846,1.2227149,-2.287285,-0.70728517,0.102714844,-2.6672852,-1.4272852,0.44271484,0.79271483,-0.45728517,-0.35728514,-0.26728517
0.47271484,0.78271484,3.182715,1.5727148,3.8027148,2.7527149,4.262715,1.9127148,3.0427148,5.812715,6.912715,9.242715,10.582715,6.662715,0.96271485,4.532715,1.3927149,14.092715,8.882715,6.052715,8.462715,6.542715,-3.827285,4.082715,16.002714,4.6927147,6.1527147,2.0427148,1.3427148,-1.7272851,-1.5872852,-0.86728513,-1.2572851,-2.3872852,-2.077285,-1.8672851,-0.64728516,1.2527149,-1.5472852,0.16271484,-0.39728516
-1.6972852,-0.15728515,2.0027149,4.1727147,1.6927148,3.0527148,2.472715,3.2527149,2.1027148,0.70271486,1.6327149,0.6827148,-0.55728513,-0.21728516,1.6427149,4.932715,6.802715,7.532715,3.192715,11.702715,7.242715,3.0827148,3.8727148,-2.807285,4.972715,5.2127147,1.4227148,3.3827147,1.3127148,-3.8472853,-1.2672851,-1.1972852,-0.7572852,-0.42728516,-1.8672851,-2.587285,-1.9672852,-2.4272852,-1.7872852,-0.34728515,-0.52728516
0.5527148,3.192715,-0.117285155,0.48271483,1.9027148,1.2427149,2.0127149,2.5627148,0.83271486,1.0527148,0.20271485,-0.52728516,-3.087285,-2.3472853,-1.2872852,-1.7672851,0.5027149,0.7427148,6.952715,12.572715,4.992715,5.802715,6.4627147,4.312715,-3.4472852,7.972715,2.192715,0.66271484,-1.2872852,-0.06728516,-2.787285,-2.8872852,-3.837285,2.3427148,-0.29728517,-0.24728516,-1.1172851,1.2327149,-1.7272851,-1.0072851,-0.58728516
-0.8272852,-3.3772852,0.31271484,0.52271485,2.3927147,1.5927148,2.4027147,2.5227149,2.8327148,1.9127148,0.70271486,0.48271483,-1.1472851,-0.9372852,-2.067285,-2.4372852,-0.76728517,1.2527149,4.292715,7.292715,8.252715,6.722715,6.072715,6.032715,-4.507285,0.032714844,6.992715,-2.4272852,-2.3972852,-3.267285,-2.587285,-3.827285,-2.8872852,-2.0972853,-0.15728515,1.1927148,1.0027149,-1.7872852,-0.51728517,-1.2172852,-1.0372852
0.47271484,1.2127148,-0.71728516,1.5327148,2.982715,1.6127149,0.07271484,1.8827149,3.5327148,2.5627148,1.6227149,1.5627148,0.8127148,-0.36728516,-1.9372852,-1.4272852,-0.20728515,-0.52728516,0.40271485,1.7227149,3.9027147,7.582715,8.032715,6.262715,-2.537285,-0.14728516,4.2327147,-2.9372852,-2.5972853,-6.5172853,-5.7472854,-4.5372853,-3.1272852,-2.327285,-0.60728514,1.6027149,1.7627149,0.5627148,1.1227149,-2.267285,0.73271483
