wind_kz.json
{"header": {"discipline":0,"disciplineName":"Meteorological products","gribEdition":2,"gribLength":1102,"center":7,"centerName":"US National Weather Service - NCEP(WMC)","subcenter":0,"refTime":"2023-09-28T06:00:00.000Z","significanceOfRT":1,"significanceOfRTName":"Start of forecast","productStatus":0,"productStatusName":"Operational products","productType":1,"productTypeName":"Forecast products","productDefinitionTemplate":0,"productDefinitionTemplateName":"Analysis/forecast at horizontal level/layer at a point in time","parameterCategory":2,"parameterCategoryName":"UnknownDiscipline_0_Category_2","parameterNumber":2,"parameterNumberName":"UnknownParameter_D0_C2_2","parameterUnit":"Unknown","genProcessType":2,"genProcessTypeName":"Forecast","forecastTime":300,"surface1Type":103,"surface1TypeName":"Specified height level above ground","surface1Value":10.0,"surface2Type":255,"surface2TypeName":"Missing","surface2Value":0.0,"gridDefinitionTemplate":0,"gridDefinitionTemplateName":"Latitude_Longitude","numberPoints":615,"shape":6,"shapeName":"Earth spherical with radius of 6,371,229.0 m","gridUnits":"degrees","resolution":48,"winds":"true","scanMode":64,"nx":41,"ny":15,"basicAngle":0,"lo1":47.0,"la1":41.0,"lo2":87.0,"la2":55.0,"dx":1.0,"dy":1.0}, "data":
[rows 0 to 14 of 15, columns 0 to 40 of 41]
-0.86226076,-0.44226074,0.48773926,-0.7222607,-2.0322607,-2.2522607,-7.3722606,-9.76226,-10.792261,-8.402261,-7.8322606,-7.6622605,-6.7922606,-5.4422607,-4.3122606,-3.3622608,-3.0322607,-2.9522607,-4.262261,-3.3322608,-1.9522607,0.63773924,0.18773925,-1.3522607,-0.05226074,-1.7122607,-2.5422606,-0.63226074,1.2677393,0.7177393,0.19773926,1.8777393,2.1577392,2.8377392,-0.94226074,-4.0022607,-1.0522608,-2.1922607,3.5377393,-3.5922608,2.3077393
2.3777392,1.5777392,2.5977392,-1.5622607,-2.9122608,-7.1722608,-8.30226,-9.962261,-9.13226,-8.642261,-8.082261,-7.342261,-5.6022606,-4.2722607,-4.1022606,-3.5922608,-1.7522607,-3.3322608,-2.7422607,-3.7922606,-4.0422606,-2.6222608,-1.1322608,-2.2222607,-0.7222607,0.70773923,-0.39226073,0.17773926,-1.9622607,0.057739258,-0.29226074,0.24773926,1.0577393,-2.2822607,1.7777393,0.017739259,-0.22226074,0.9077393,-0.24226074,0.81773925,-8.022261
1.0577393,-1.0722607,-2.1722608,-4.0422606,-10.562261,-9.92226,-9.202261,-7.202261,-9.30226,-7.992261,-6.9122605,-5.6922607,-4.5022607,-4.342261,-4.9622607,-3.6622608,-4.342261,-2.9422607,-2.6322608,-2.7922606,-4.2522607,-8.412261,-7.3922606,-5.972261,-0.9122608,-2.8222609,-2.3822608,-2.6222608,-1.3122607,-0.67226076,-0.22226074,0.7777393,-0.42226073,0.24773926,-2.8022606,-0.36226073,0.107739255,-0.20226075,5.617739,6.1077394,4.0577393
-1.3322607,-3.2822607,-3.3222609,-8.67226,-8.4322605,-7.952261,-6.9122605,-8.282261,-7.552261,-7.342261,-6.0622606,-5.722261,-9.09226,-8.912261,-5.1722608,-3.8522608,-4.3922606,-4.0822606,-5.1822605,-5.822261,-6.6422606,-3.7022607,-4.0022607,-7.1922607,-7.092261,-7.2922606,-6.652261,-10.392261,-4.452261,-2.8322608,0.17773926,-1.6522608,0.7777393,-3.4022608,-3.2522607,-2.5022607,-2.4022608,3.1077392,1.7077392,0.03773926,0.7777393
-2.4222608,-4.3122606,-4.7122607,-6.8522606,-6.9222608,-7.7922606,-7.9222608,-7.302261,-7.1722608,-6.382261,-5.3522606,-6.3122606,-7.6222606,-7.8722606,-6.742261,-4.4122605,-5.202261,-5.282261,-5.842261,-7.842261,-9.452261,-8.26226,-7.552261,-6.992261,-6.722261,-6.9322605,-8.792261,-6.7322607,-4.7322607,-3.9822607,-4.3322606,-1.1522608,-1.8322607,2.2777393,0.38773927,-0.92226076,9.337739,-1.2722608,-2.8922608,5.547739,7.677739
-4.0222607,-3.7822607,-6.2522607,-8.312261,-10.22226,-10.42226,-8.152261,-7.6722608,-6.652261,-5.8122606,-4.702261,-4.0222607,-5.552261,-7.6822605,-5.262261,-4.012261,-4.7722607,-4.8522606,-5.992261,-4.4222608,-6.0822606,-5.612261,-5.0022607,-5.5222607,-5.5622606,-5.762261,-3.9422607,-5.822261,-3.4522607,-3.1422608,-3.0322607,-2.7922606,-3.1222608,-3.0422606,-1.4222608,-2.5422606,1.7277392,3.8177392,10.347739,7.0777392,0.35773927
-4.822261,-4.9222608,-6.2322607,-7.492261,-7.9822607,-6.552261,-6.6422606,-5.3322606,-4.3322606,-3.7622607,-3.4122608,-3.0522606,-2.4422607,-3.9122608,-3.1122608,-3.3722608,-3.7822607,-4.012261,-4.302261,-4.1922607,-4.0022607,-3.7022607,-3.5822608,-3.2522607,-3.0122607,-2.3422608,-0.28226075,0.5877392,1.0677392,0.31773925,0.45773926,1.0977392,-0.20226075,-2.5022607,0.70773923,0.55773926,-0.7122607,0.7777393,0.18773925,0.62773925,-0.6522607
-5.5022607,-4.9322605,-5.2322607,-4.9322605,-4.882261,-5.492261,-4.7522607,-3.8122606,-3.0222607,-3.1622608,-2.2722607,-2.3522608,-2.0422606,-2.5622606,-1.8622607,-2.5422606,-2.5622606,-2.8522608,-2.3422608,-2.5122607,-1.5522608,-1.3822608,-0.85226077,-0.7222607,0.16773926,0.99773926,2.3477392,1.9477392,2.7877393,2.9177392,3.6177392,3.7977393,1.4077393,1.0177393,-0.49226075,2.5777392,3.2677393,8.977739,7.7877393,12.247739,7.507739
-2.7022607,-3.0822608,-3.5922608,-1.2222607,-2.2922606,-1.5822607,-1.8722607,-1.7422607,-1.9222608,-1.1522608,-0.99226075,-0.57226074,0.63773924,-0.16226074,0.07773926,0.44773924,0.95773923,0.40773925,1.1177392,1.1477393,1.8877393,2.8477392,3.1477392,2.8477392,2.8477392,2.9477394,2.8777392,3.5177393,3.5477393,3.4477394,5.117739,4.757739,6.657739,1.2277392,1.7877393,0.85773927,1.5277393,-0.98226076,0.34773925,1.4477392,-0.94226074
-2.2822607,-1.2622608,-1.2122607,-1.8322607,-1.1822608,-0.57226074,-0.34226075,-0.55226076,-0.38226074,-0.072260745,0.7777393,1.4477392,1.7477393,1.8677392,2.0777392,2.6277392,2.7677393,2.6577392,2.8177392,2.9377394,3.8977392,4.9777393,5.547739,4.8277392,4.9977393,5.6877394,6.347739,7.1877394,7.4777393,8.357739,7.7877393,7.637739,5.467739,3.2177393,0.89773923,0.20773926,-1.7522607,0.11773926,0.86773926,0.34773925,0.007739258
-1.9822607,-3.1222608,-3.4222608,-3.0522606,-2.0122607,-1.5322608,0.33773926,1.3177392,0.33773926,0.51773924,1.1977392,1.9477392,2.2677393,2.9677393,3.1977394,3.3677392,3.7777393,4.4977393,3.7377393,5.9577394,6.887739,6.887739,7.8077393,7.507739,7.547739,7.4177394,9.677739,9.037739,9.517739,10.547739,8.40774,7.447739,5.737739,2.7077394,1.1677393,-0.45226073,-1.1122607,1.2277392,-0.8422607,0.9777393,-1.0722607
-1.5722607,-1.0422608,-0.45226073,-0.56226075,0.47773924,0.62773925,0.70773923,0.38773927,0.56773925,0.17773926,0.34773925,2.5877392,2.8077393,3.4577394,4.1877394,4.4177394,5.1477394,6.197739,4.8377395,6.8777394,6.947739,8.517739,7.5877395,7.8977394,8.387739,8.94774,9.227739,10.36774,10.177739,8.757739,7.007739,6.5577393,4.6677394,4.1277394,2.2477393,4.3777394,3.2077394,1.0577393,-0.23226075,-0.21226074,-0.45226073
0.7777393,1.1177392,1.0477393,1.2377392,1.3377392,0.80773926,0.99773926,0.9077393,1.3977393,0.7777393,0.6677393,2.9377394,2.4977393,4.677739,4.797739,5.1677394,5.717739,6.237739,5.177739,6.9577394,6.5177393,7.5777392,8.457739,8.32774,9.427739,8.187739,9.437739,8.897739,8.917739,8.167739,7.0377393,6.4377394,5.547739,4.2077394,1.9577392,5.157739,4.2277393,1.4777392,1.4677392,1.2477393,0.80773926
1.3277392,2.0177393,2.3877392,1.9577392,1.1677393,1.5677392,1.5477393,2.2177393,1.7777393,2.3877392,0.63773924,1.7977393,5.6277394,5.597739,5.8577394,5.5877395,5.277739,5.1277394,4.8177395,6.887739,7.657739,7.9177394,9.19774,9.467739,9.417739,8.927739,8.52774,8.787739,8.147739,7.3777394,6.347739,5.3977394,4.427739,4.1477394,2.0577393,3.6377392,3.4577394,2.2477393,1.0277393,1.4077393,1.0777392
1.3577392,2.5077393,3.2077394,2.3877392,2.6177392,2.3577392,3.5477393,2.7877393,3.2077394,2.7977393,1.0677392,4.527739,4.597739,5.157739,4.9177394,5.197739,6.1477394,7.027739,6.5677395,7.8377395,7.777739,8.187739,8.167739,8.15774,7.9177394,7.3377395,6.7077394,6.8177395,6.4377394,5.6477394,6.547739,5.6677394,2.8077393,2.9477394,3.3377392,2.7077394,4.0777392,2.5977392,2.3777392,1.0977392,0.6677393
