wind.json
{"header": {"discipline":0,"disciplineName":"Meteorological products","gribEdition":2,"gribLength":1125,"center":7,"centerName":"US National Weather Service - NCEP(WMC)","subcenter":0,"refTime":"2023-05-29T18:00:00.000Z","significanceOfRT":1,"significanceOfRTName":"Start of forecast","productStatus":0,"productStatusName":"Operational products","productType":1,"productTypeName":"Forecast products","productDefinitionTemplate":0,"productDefinitionTemplateName":"Analysis/forecast at horizontal level/layer at a point in time","parameterCategory":2,"parameterCategoryName":"UnknownDiscipline_0_Category_2","parameterNumber":2,"parameterNumberName":"UnknownParameter_D0_C2_2","parameterUnit":"Unknown","genProcessType":2,"genProcessTypeName":"Forecast","forecastTime":240,"surface1Type":103,"surface1TypeName":"Specified height level above ground","surface1Value":10.0,"surface2Type":255,"surface2TypeName":"Missing","surface2Value":0.0,"gridDefinitionTemplate":0,"gridDefinitionTemplateName":"Latitude_Longitude","numberPoints":688,"shape":6,"shapeName":"Earth spherical with radius of 6,371,229.0 m","gridUnits":"degrees","resolution":48,"winds":"true","scanMode":64,"nx":43,"ny":16,"basicAngle":0,"lo1":45.0,"la1":40.0,"lo2":87.0,"la2":55.0,"dx":1.0,"dy":1.0}, "data":
[rows 0 to 15 of 16, columns 0 to 42 of 43]
-4.2235255,3.2964747,1.1664746,-2.0835254,-3.1035254,-0.5035254,0.17647462,0.3264746,1.6864746,0.7264746,1.1064746,1.7064747,2.1264746,2.8964746,2.9064746,-0.7735254,-2.3135254,-3.5635254,-0.70352536,2.9464746,2.2064745,0.8264746,0.4764746,1.0364746,-1.1535254,-0.76352537,0.16647461,0.116474606,0.54647464,1.3464746,2.1264746,2.6964746,-0.6535254,1.9164746,-3.0935254,-2.7835255,0.6564746,1.8564746,-0.19352539,-0.9235254,-0.6735254,0.7164746,0.19647461
-0.5335254,1.8264747,-1.3435254,-0.2935254,0.9664746,-1.8935254,1.5564746,1.1664746,2.7664747,4.0764747,-0.09352539,-4.793525,-3.2135253,-7.5035253,-6.4435253,-5.2635255,-3.5935254,-3.4535253,-0.4435254,3.2564745,0.6964746,-0.5335254,-1.4535254,2.3964746,-2.6835253,-2.2235253,0.9564746,-2.6035254,-3.7235253,-1.8135254,0.8464746,1.3964746,1.2064747,2.2164745,3.0664747,4.3164744,-2.6435254,-4.0735254,-3.3535254,-3.7735255,-1.0435253,-2.6735253,-0.04352539
0.5864746,-1.2635254,1.6664746,1.1264746,-3.6135254,-1.9935254,0.7464746,2.1864746,3.3464746,3.5364747,-5.2635255,-3.6235254,-0.34352538,-3.1735253,-4.8435254,-3.8235254,-2.1135254,-1.5535254,1.5064746,1.2264746,2.5164747,-2.9335253,2.1464746,3.9564745,-0.37352538,-3.1835253,-0.7235254,0.6864746,-0.6835254,-1.0335253,-2.5035255,-0.5235254,-0.40352538,0.6264746,1.1564746,-2.7335253,1.6564746,-0.3935254,-1.6435254,2.0664747,-0.5035254,0.0064746095,4.3064747
-0.6035254,-0.16352539,-0.3935254,-0.31352538,-1.3535254,-0.04352539,0.8864746,2.9164746,1.4364746,-1.3935254,-2.3535254,-1.9735254,-1.8835254,-3.4035254,-3.9535253,-2.7435255,-0.6835254,1.3564746,2.2964747,3.7664747,1.1764746,-3.1335254,5.4664745,5.206475,-3.8835254,-3.1335254,0.09647461,1.1464746,0.6264746,-3.2535255,-4.1135254,-0.9235254,-0.8335254,2.6864746,0.31647462,-0.053525392,0.34647462,-0.7235254,-0.10352539,-0.9135254,2.1064746,0.8664746,1.3564746
-4.063525,-3.3235254,-2.9335253,-2.7535255,-2.5235255,-1.2835253,-1.5935254,0.06647461,-2.3435254,-0.013525391,-2.2635255,-2.5735254,-0.8535254,-2.6135254,-2.5335255,1.1164746,1.8464746,1.9464746,3.4864745,5.5964746,2.2964747,-1.1135254,7.3664746,-0.4135254,-0.51352537,-3.0735254,-2.5935254,-5.0935254,-3.5235255,-4.543525,-3.5635254,-1.5135254,-3.0335255,-1.4035254,0.9164746,-0.4935254,-3.3035254,-3.0935254,-1.9335254,-0.10352539,2.2564745,2.5464747,0.2064746
-2.7635255,-2.8135254,-2.4235253,-2.8935254,-3.9335253,-3.6135254,-3.5235255,-2.2935255,-1.6435254,-2.9535253,-2.2935255,-0.5835254,0.4564746,0.9764746,2.4664745,4.5864744,4.7564745,3.0864747,4.2464747,3.2564745,2.6464746,6.706475,5.8564744,0.7264746,-4.4435253,-3.2935255,-0.37352538,1.6364746,-4.2135253,-3.1635253,-4.3235254,-4.1135254,-4.043525,-3.2035253,-2.6535254,0.9664746,3.7064745,0.5664746,4.2864747,0.28647462,3.5264747,5.2864747,6.2864747
-3.0435255,-1.8135254,-2.1435254,-2.5635254,-2.4535253,-2.5235255,-2.0435255,-1.4835254,0.3564746,1.6464746,1.0864747,2.7164745,2.6564746,1.9964746,2.4164746,5.8164744,6.5264745,4.8864746,5.8064747,4.0164747,3.4564745,4.436475,1.0164746,1.6664746,-1.4535254,-2.5535254,2.5864747,-3.2035253,-2.5935254,-3.5135255,-3.7635255,-3.6135254,-2.2035253,-2.1035254,-1.4035254,-2.1435254,0.01647461,2.8764746,2.5164747,5.5164747,5.456475,0.3564746,-4.5035253
-3.9735253,-2.0435255,-0.7135254,-0.4235254,0.79647464,0.8764746,-2.0535254,2.0264747,3.3464746,-3.0535254,-2.0335255,0.5064746,1.4764746,-0.13352539,0.28647462,1.2664746,2.1964746,3.0864747,4.5764747,5.5664744,2.3364747,1.9164746,1.2564746,2.1764746,1.3364747,-2.4935255,-0.4835254,-2.6835253,0.5664746,-5.7035255,-5.293525,-5.043525,-2.6435254,-2.3735254,-3.7735255,-2.5935254,-0.3835254,-1.5735254,-0.7835254,3.5064745,0.8164746,0.9764746,0.4864746
-2.1835253,-0.8435254,-0.64352536,-0.70352536,-0.6835254,-0.7435254,-2.3035254,0.98647463,0.9764746,-2.8935254,-0.43352538,1.3864746,0.3064746,0.49647462,0.9664746,1.9664747,1.7464746,2.3664746,3.5364747,3.3264747,2.0564747,0.8764746,1.6264746,1.8464746,-0.8035254,-0.8135254,-5.2335253,-1.2435254,5.3464746,-1.4635254,-0.6735254,-1.0335253,-1.3035254,-3.5935254,-4.2035255,-0.3335254,-0.5635254,2.4064746,1.6764746,6.8564744,4.2964745,7.4864745,2.2364745
-0.2935254,0.2664746,0.28647462,0.06647461,1.1864746,1.8964746,1.8664746,-2.2635255,-2.7135253,-2.0235255,0.4264746,2.1164746,0.46647462,0.6664746,2.3664746,2.5164747,2.8464746,3.7964747,4.8564744,1.3264747,2.6264746,1.6664746,2.5164747,3.1964746,-1.4535254,-2.9735253,-1.9035254,-2.1535254,2.4364746,-1.9235253,-0.8335254,-0.6035254,-2.8535254,-2.5335255,-0.04352539,-0.82352537,-0.2635254,1.5564746,2.2264745,-1.3435254,-0.8835254,0.6864746,-1.4435254
0.5064746,1.7964746,1.3164746,1.2664746,1.9664747,1.9964746,3.3864746,2.2564745,-1.8335254,-0.4135254,0.79647464,1.5164746,2.1364746,2.1864746,3.4164746,5.0664744,5.8864746,6.3264747,3.5664747,4.2664747,4.1264744,5.5864744,5.0364747,3.9364746,1.0064746,0.5364746,0.3064746,-2.7535255,1.7164747,3.5964746,-2.0035255,-2.7835255,-2.2335253,-1.6135254,-2.5235255,-1.4135253,0.4164746,1.9664747,-1.6535254,0.60647464,-2.6035254,-0.3535254,-0.24352539
1.1864746,2.0964746,2.2164745,2.9464746,2.8764746,3.0864747,2.1564746,0.13647461,1.1564746,0.07647461,0.79647464,2.0364747,3.0664747,2.6664746,5.3464746,5.416475,4.8364744,5.3164744,8.336474,8.226475,7.4964747,6.9064746,4.976475,1.4964746,1.2564746,-1.9435254,-4.5135255,-1.9035254,2.4764745,-0.3335254,-1.1435254,-2.7835255,-3.2235253,-3.7735255,-4.4235253,-2.6235254,-0.82352537,-0.3335254,-0.76352537,-0.5635254,0.1264746,0.7564746,-1.1835254
2.7764747,1.8164746,3.0264747,4.0864744,4.1164746,3.3264747,3.1464746,2.2864747,1.4864746,1.4664747,1.5064746,2.3464746,2.0764747,3.4864745,4.7164745,3.0464747,5.0364747,5.186475,7.976475,2.4664745,2.2264745,2.2764747,2.8164747,-4.543525,-2.8535254,-3.0335255,-5.6935253,-2.9535253,-2.5635254,1.2964746,-1.2435254,-3.5535254,-3.3235254,-3.9635253,-3.2235253,-2.7735255,-2.4435253,-2.5935254,-2.9435253,-1.3835254,-0.4235254,0.6564746,0.54647464
3.5564747,3.5364747,2.8964746,4.6964746,5.0664744,3.6464746,2.7964747,2.1164746,1.9364746,1.7264746,1.7264746,1.4664747,1.4064746,1.7264746,3.7864747,3.2164745,2.2364745,0.8664746,4.726475,4.4264746,-1.6335254,-2.5435255,-3.8235254,-3.9335253,-2.1135254,-4.4335256,3.1364746,0.67647463,-2.3935254,3.2164745,2.8164747,-3.8835254,-2.4535253,-3.5035255,-3.8935254,-3.9035254,-2.2135253,-2.9335253,-2.9735253,-1.5435253,-2.4135253,-0.6735254,-0.9235254
3.4664745,2.2964747,3.3264747,4.3164744,5.476475,6.0764747,1.5864747,1.0564746,0.92647463,1.5864747,2.2564745,3.2864747,2.0864747,0.5064746,3.9864745,2.2264745,2.2664747,1.2564746,1.0764747,3.3764746,-1.4035254,-3.8335254,-0.2035254,-1.1935254,0.5364746,-1.5335253,0.2064746,1.4464746,-0.8135254,-1.4035254,-2.4735253,-2.9635253,-2.4535253,-3.9335253,-3.8235254,-3.8335254,-2.3135254,-3.0535254,-2.6835253,-2.3235254,-2.1335254,-0.95352536,0.8164746
3.6564746,2.5864747,1.6164746,3.5664747,4.1264744,6.2564745,2.5164747,1.4364746,1.2764746,1.6464746,2.9664745,2.4264746,1.2064747,1.2564746,1.5164746,2.5564747,1.5264746,1.2464746,1.9864746,0.1264746,-1.2735254,0.3864746,-0.76352537,0.10647461,4.2864747,1.6164746,-1.7335254,1.2064747,1.7264746,-0.02352539,-1.9735254,-1.5735254,-2.0735254,-3.8635254,-3.6135254,-2.8735254,-2.0135255,-2.3335254,-3.2835255,-2.9835253,-2.0335255,-1.6535254,-1.5335253
