wind_kz.json
{"header": {"discipline":0,"disciplineName":"Meteorological products","gribEdition":2,"gribLength":1025,"center":7,"centerName":"US National Weather Service - NCEP(WMC)","subcenter":0,"refTime":"2023-09-19T12:00:00.000Z","significanceOfRT":1,"significanceOfRTName":"Start of forecast","productStatus":0,"productStatusName":"Operational products","productType":1,"productTypeName":"Forecast products","productDefinitionTemplate":0,"productDefinitionTemplateName":"Analysis/forecast at horizontal level/layer at a point in time","parameterCategory":2,"parameterCategoryName":"UnknownDiscipline_0_Category_2","parameterNumber":3,"parameterNumberName":"UnknownParameter_D0_C2_3","parameterUnit":"Unknown","genProcessType":2,"genProcessTypeName":"Forecast","forecastTime":180,"surface1Type":103,"surface1TypeName":"Specified height level above ground","surface1Value":10.0,"surface2Type":255,"surface2TypeName":"Missing","surface2Value":0.0,"gridDefinitionTemplate":0,"gridDefinitionTemplateName":"Latitude_Longitude","numberPoints":615,"shape":6,"shapeName":"Earth spherical with radius of 6,371,229.0 m","gridUnits":"degrees","resolution":48,"winds":"true","scanMode":64,"nx":41,"ny":15,"basicAngle":0,"lo1":47.0,"la1":41.0,"lo2":87.0,"la2":55.0,"dx":1.0,"dy":1.0}, "data":
[rows 0 to 14 of 15, columns 0 to 40 of 41]
-0.32377198,-1.573772,0.07622803,-5.683772,-6.503772,-3.733772,-2.963772,-1.893772,-2.453772,-2.893772,-3.6737719,-3.223772,-3.273772,-3.433772,-3.343772,-1.823772,-1.933772,-1.313772,-2.1637719,-2.003772,-2.453772,0.08622803,-0.34377196,-1.813772,-0.20377198,-1.063772,-1.083772,1.616228,-0.553772,-0.553772,-0.773772,-2.113772,-0.013771973,-1.0937719,-0.58377194,0.55622804,1.006228,2.0862281,2.476228,3.026228,1.816228
-0.36377198,1.336228,-1.333772,-3.323772,-4.583772,-3.623772,-0.713772,-1.823772,-1.763772,-2.803772,-2.983772,-3.333772,-3.6537719,-3.6637719,-4.683772,-3.6737719,-0.16377197,-0.09377197,-2.073772,-2.353772,-2.713772,-2.463772,2.436228,1.686228,0.41622803,0.066228025,-1.833772,1.696228,0.596228,1.2762281,2.256228,2.986228,0.15622802,-3.263772,-0.76377195,-0.06377197,0.30622804,0.15622802,0.18622802,0.93622804,0.17622803
1.336228,0.19622803,-1.033772,-1.443772,-2.443772,-1.883772,-1.023772,-2.233772,-1.793772,-2.983772,-3.493772,-2.4037719,-3.1637719,-3.803772,-4.193772,-4.313772,-2.723772,-2.063772,-0.923772,-0.27377197,-1.993772,-2.4237719,-3.983772,-1.123772,-0.09377197,-0.42377198,-0.50377196,0.636228,-0.19377197,1.5162281,3.486228,1.096228,1.486228,-0.803772,-0.70377195,2.806228,5.276228,0.79622805,0.85622805,-1.2337719,-1.303772
-0.87377197,-2.623772,-2.243772,-2.143772,-2.433772,-2.003772,-0.743772,-0.663772,-1.443772,-2.273772,-2.323772,-3.303772,-4.273772,-4.393772,-3.793772,-3.993772,-3.933772,-3.603772,-4.303772,-4.713772,-1.063772,-1.923772,1.966228,-1.2237719,-2.043772,-2.4237719,-2.993772,-2.013772,0.46622804,-1.393772,-1.133772,-0.36377198,-1.443772,-0.25377196,-0.29377198,-2.513772,-1.813772,2.486228,4.056228,0.066228025,0.34622803
-1.263772,-1.6037719,-1.933772,-1.503772,-1.063772,-1.653772,-0.81377196,0.23622803,0.036228027,-1.9637719,-2.383772,-2.683772,-3.513772,-3.543772,-4.223772,-3.093772,-3.1737719,-3.133772,-3.333772,-3.093772,-1.993772,-1.033772,-1.393772,-1.383772,-1.783772,-2.323772,-2.193772,-1.443772,-1.773772,-2.4237719,-2.6537719,-0.383772,2.036228,2.606228,-0.19377197,-1.493772,0.38622802,-1.263772,0.40622804,1.586228,1.546228
-0.69377196,-1.303772,-1.263772,-1.243772,-2.543772,-2.563772,-0.793772,-0.82377195,-0.30377197,-0.973772,-1.793772,-2.773772,-3.723772,-4.183772,-2.763772,-2.713772,-2.573772,-2.563772,-2.233772,-0.88377196,-0.88377196,0.066228025,0.19622803,-0.87377197,-1.513772,-1.9737719,-2.253772,-0.413772,-0.83377194,-1.913772,-2.573772,-1.953772,-1.4737719,-1.393772,1.5162281,6.066228,2.0962281,3.216228,0.696228,-1.053772,1.446228
0.716228,-0.63377196,-1.8537719,-2.053772,-1.703772,-1.5937719,-0.853772,-0.64377195,-0.83377194,-1.153772,-1.193772,-0.793772,-1.673772,-2.343772,-2.1737719,-3.113772,-2.523772,-1.633772,-1.653772,-1.423772,-1.873772,-0.88377196,-0.94377196,1.586228,-0.723772,-1.993772,-2.573772,-1.403772,0.47622803,-0.43377197,-1.4637719,-3.133772,-3.313772,-0.50377196,-0.56377196,-1.053772,-2.593772,-2.203772,-1.003772,-1.903772,-0.523772
1.096228,0.35622802,0.14622803,-0.21377197,-1.2337719,-1.203772,-1.753772,-0.23377198,-1.043772,-0.89377195,-0.923772,-0.653772,-1.383772,-0.62377197,-1.903772,-2.103772,-1.7337719,-1.923772,-1.913772,0.23622803,-1.943772,-2.013772,-2.293772,-0.713772,-0.47377196,-0.81377196,-1.193772,-1.673772,-1.2337719,-2.273772,-1.073772,-1.7337719,-2.343772,-2.513772,-0.09377197,0.27622804,-0.40377197,0.036228027,-1.1137719,-0.18377197,-1.253772
0.48622802,1.566228,-0.26377198,-0.47377196,-0.45377198,-0.533772,0.37622803,-0.593772,-0.863772,-0.863772,-1.183772,-1.063772,-0.983772,-1.0937719,-1.453772,-1.7137719,-1.503772,-1.143772,-1.013772,-0.523772,0.11622803,-0.923772,-1.873772,-1.653772,-1.043772,-1.443772,-1.063772,-0.913772,-0.653772,-0.35377198,-1.083772,-0.27377197,-0.06377197,1.356228,1.236228,1.876228,-1.333772,0.756228,0.14622803,-0.28377196,-3.103772
-3.273772,-0.48377198,-2.223772,-0.783772,0.21622802,0.29622802,-0.19377197,-1.383772,-0.75377196,-0.18377197,-0.553772,-1.183772,-0.87377197,-2.1537719,-1.033772,-1.073772,-1.013772,-0.31377196,-0.013771973,-0.14377198,0.24622802,0.526228,-0.25377196,-0.773772,-0.593772,-0.36377198,-0.083771974,-0.22377197,-0.76377195,-1.493772,1.3862281,2.456228,2.896228,2.686228,1.706228,0.92622805,0.44622803,-1.3437719,-0.24377197,3.166228,3.206228
-3.243772,-3.483772,-3.733772,-3.893772,-3.753772,-2.833772,-1.773772,-1.573772,-0.963772,-0.34377196,0.336228,0.726228,-0.13377197,-0.68377197,-1.2137719,-0.663772,-1.583772,-1.553772,-0.63377196,0.066228025,0.27622804,0.43622804,0.04622803,0.20622803,0.28622803,0.716228,0.756228,0.43622804,0.91622806,0.23622803,0.27622804,2.986228,3.646228,3.276228,3.386228,1.726228,0.68622804,1.996228,1.696228,1.686228,0.41622803
-2.553772,-3.053772,-3.223772,-3.513772,-3.213772,-2.993772,-2.313772,-2.343772,-2.983772,-2.113772,-1.3537719,-1.943772,-1.303772,-1.153772,-2.363772,-2.463772,-2.023772,-2.453772,-0.49377197,-0.553772,0.79622805,-0.23377198,0.19622803,0.41622803,0.576228,0.336228,2.056228,1.486228,0.826228,0.66622806,0.86622804,3.426228,2.976228,3.536228,2.746228,2.8362281,2.716228,2.966228,2.3362281,2.386228,1.056228
-1.753772,-1.493772,-2.953772,-1.893772,-2.573772,-1.813772,-2.023772,-1.9737719,-2.743772,-1.993772,-1.1037719,-1.013772,-0.88377196,-1.433772,-2.073772,-2.483772,-2.763772,-3.083772,-2.993772,-2.563772,-1.943772,0.0062280274,-0.10377197,-0.803772,-1.583772,0.29622802,-0.06377197,0.22622803,1.0362281,0.81622803,1.7662281,2.686228,3.416228,3.496228,3.3262281,3.306228,3.056228,1.966228,3.016228,1.8862281,0.946228
-1.293772,-2.293772,-3.123772,-1.373772,-1.6037719,-1.803772,-2.4237719,-2.643772,-2.123772,-2.373772,-0.83377194,-0.62377197,-0.603772,-1.523772,-1.5937719,-2.003772,-1.883772,-1.7337719,-3.093772,-3.623772,-3.283772,-1.493772,-1.523772,-1.793772,-2.1537719,-2.023772,-1.873772,-0.95377195,-0.04377197,0.976228,1.296228,2.3462281,3.216228,3.786228,3.006228,3.406228,2.856228,2.546228,2.136228,2.366228,2.3262281
0.22622803,-1.173772,-0.993772,-0.22377197,-0.83377194,-0.83377194,-1.673772,-1.523772,-2.333772,-2.293772,-1.513772,-1.6037719,-0.69377196,-0.94377196,-3.383772,-3.743772,-3.593772,-3.713772,-3.283772,-2.743772,-2.943772,-3.243772,-2.853772,-2.123772,-2.253772,-2.4137719,-2.183772,-2.273772,-2.293772,-1.4737719,0.29622802,2.066228,2.636228,3.296228,3.506228,4.306228,4.966228,4.486228,2.896228,3.886228,1.206228
