wind.json
{"header": {"discipline":0,"disciplineName":"Meteorological products","gribEdition":2,"gribLength":1211,"center":7,"centerName":"US National Weather Service - NCEP(WMC)","subcenter":0,"refTime":"2023-06-28T12:00:00.000Z","significanceOfRT":1,"significanceOfRTName":"Start of forecast","productStatus":0,"productStatusName":"Operational products","productType":1,"productTypeName":"Forecast products","productDefinitionTemplate":0,"productDefinitionTemplateName":"Analysis/forecast at horizontal level/layer at a point in time","parameterCategory":2,"parameterCategoryName":"UnknownDiscipline_0_Category_2","parameterNumber":3,"parameterNumberName":"UnknownParameter_D0_C2_3","parameterUnit":"Unknown","genProcessType":2,"genProcessTypeName":"Forecast","forecastTime":60,"surface1Type":103,"surface1TypeName":"Specified height level above ground","surface1Value":10.0,"surface2Type":255,"surface2TypeName":"Missing","surface2Value":0.0,"gridDefinitionTemplate":0,"gridDefinitionTemplateName":"Latitude_Longitude","numberPoints":688,"shape":6,"shapeName":"Earth spherical with radius of 6,371,229.0 m","gridUnits":"degrees","resolution":48,"winds":"true","scanMode":64,"nx":43,"ny":16,"basicAngle":0,"lo1":45.0,"la1":40.0,"lo2":87.0,"la2":55.0,"dx":1.0,"dy":1.0}, "data":
[rows 0 to 15 of 16, columns 0 to 42 of 43]
-2.7220948,0.19790527,0.3079053,-3.7220948,-1.3520948,-17.682095,-14.692095,-13.222095,-9.992095,-2.5820947,-0.9220947,2.8779054,2.3979053,3.6979053,1.5279052,0.62790525,-1.4920948,-2.5320947,-2.7120948,-4.652095,-4.552095,1.2779052,-1.8120947,0.68790525,1.1179053,0.7179053,0.92790526,2.5979052,1.1679053,-1.2020947,-3.1820948,-2.5420947,2.3879054,0.9679053,-1.3620948,-3.7520947,-3.0920947,-4.5620947,-0.95209473,-0.042094726,0.3079053,1.8879052,-0.09209473
0.077905275,-3.5620947,-1.3020947,0.24790527,-2.4720948,-13.492095,-12.692095,-13.642095,-10.002094,-2.5920947,2.1679053,8.337905,5.017905,3.7379053,1.4879053,0.5779053,-1.6220948,-1.8320947,-0.70209473,-2.1420946,-3.5020947,-2.1920948,-1.5920948,-1.9520947,2.5679052,-2.3720946,-2.0020947,-2.9720948,-2.9020948,0.49790528,1.2579052,0.24790527,-1.2420948,-0.08209473,-0.4120947,-1.4020947,-0.7120947,-1.2820947,-0.03209473,-3.9520948,-0.11209473,0.7879053,1.2479053
0.86790526,-1.4420947,-2.3720946,-0.43209472,-12.092094,-12.422094,-12.532095,-13.492095,-8.332095,-4.9320946,6.2079053,6.5079055,4.1079054,3.3579054,2.2479053,1.9579053,-0.13209473,-0.5920947,-0.36209473,-1.3620948,-4.612095,-4.712095,-4.132095,-4.3520947,0.6379053,1.6579052,-0.8520947,-1.6820947,-1.6020948,-0.11209473,0.36790526,1.2279053,3.8179052,1.6279052,-1.8520948,-1.9020947,-2.1420946,-4.072095,0.44790527,-2.5420947,-0.88209474,-0.88209474,0.107905276
2.0179052,2.4279053,0.25790527,-3.2120948,-8.362095,-10.852095,-10.842094,-9.692095,-7.1220946,-4.8720946,2.4979053,7.7579055,7.2279053,5.037905,3.6179054,2.3879054,1.1879053,0.007905274,0.3079053,-0.75209475,-1.1820947,-3.0720947,-4.6820946,-4.212095,-5.192095,-1.6320947,0.5879053,1.4479053,0.60790527,1.8879052,-0.33209473,0.9479053,0.67790526,-0.8520947,1.4979053,-0.7820947,0.55790526,1.1379052,-0.8320947,-1.1220948,-0.89209473,-0.4420947,-0.64209473
0.73790526,1.6379052,0.6379053,-2.1720948,-7.922095,-11.562095,-9.532095,-8.982095,-7.2720947,-4.402095,-2.5020947,5.8979053,6.177905,4.767905,3.2479053,2.1579053,2.8979053,1.5779053,0.28790528,0.12790528,-0.70209473,-2.4320948,-3.9220948,-2.9220948,1.3479053,-0.7220947,-1.2620947,-0.57209474,-0.7120947,-1.0620947,2.0179052,0.16790527,-1.6820947,-2.7820947,-1.3620948,-0.64209473,-0.17209473,-1.9420947,-0.23209472,2.2579052,0.7879053,1.7479053,1.4679053
2.0679052,1.7079053,1.1079053,-0.33209473,-7.942095,-9.602095,-10.152095,-5.672095,-2.3620946,-3.2020948,-3.8920946,-2.5720947,6.1079054,6.1479053,5.4379053,4.017905,3.1179054,1.3979052,0.5779053,-0.19209473,-0.45209473,-0.81209475,0.36790526,0.67790526,-0.99209476,-1.8620948,-2.5920947,-2.4720948,-2.6520948,-0.4720947,-2.4120948,-1.6420947,-1.1820947,0.9179053,-0.07209472,-1.0220947,-1.1320947,-2.6220946,-1.2020947,-0.12209473,-4.172095,1.0179052,2.8579054
1.7179053,1.9579053,3.0079052,2.8079052,-3.1020947,-7.4920945,-9.872095,-8.822095,-2.5420947,3.3279052,2.9779053,1.3079053,2.1679053,3.1679053,1.8079053,3.6679053,2.8679054,1.6279052,0.7179053,1.9079052,1.0779053,0.5379053,-0.03209473,0.49790528,1.6079053,-0.89209473,-0.25209472,-2.2920947,-2.9120948,-5.5820947,-3.5820947,-4.1420946,-2.1520948,-1.2620947,1.5479053,2.9379053,2.9779053,-2.4020948,2.6679053,-0.14209473,-2.2220948,-3.3220947,-2.5120947
1.9379053,2.5879052,3.4379053,5.9579053,-1.2720947,-4.0120945,-5.112095,-5.3120947,-5.402095,5.7779055,5.8979053,5.6679053,3.8379052,1.7379053,2.2179053,3.9279053,3.8179052,2.9879053,3.0579052,1.6979053,2.5979052,-0.43209472,-0.6720947,0.8979053,2.0179052,-1.2820947,0.60790527,-0.16209473,-2.2620947,-3.4820948,-2.8420947,-3.2720947,-3.9020948,-4.1620946,-4.8120947,-2.3820946,1.3079053,-1.6520947,-2.0120947,-1.2420948,-0.15209472,-0.4720947,-0.99209476
2.7879052,2.9979053,3.2079053,7.077905,3.5479052,0.54790527,-2.7520947,-5.152095,-4.612095,-3.4020948,4.287905,5.597905,8.577906,7.677905,4.537905,3.5079052,3.3279052,3.9479053,4.137905,2.9079053,2.2079053,1.8779052,0.09790527,0.24790527,0.55790526,2.6279054,2.8879054,0.9579053,-0.4720947,-1.0820947,-2.1820948,-3.7220948,-2.9820948,-3.3220947,-3.4320948,-4.2720947,-2.0120947,-0.35209474,0.40790528,0.5179053,0.46790528,0.077905275,-1.2420948
2.1379054,3.8279052,3.4879053,3.1079054,3.2779052,-1.7620947,-1.6120948,-3.9220948,-3.3720946,-5.0020947,4.6279054,7.717905,8.547905,9.627905,7.717905,3.6179054,3.2879052,2.1479053,2.7979052,3.2579052,2.9179053,3.4879053,3.1279054,0.17790528,-0.07209472,0.027905274,-0.5520947,-1.0420947,-0.17209473,-1.2220948,-1.0720947,-1.7220948,-2.9620948,-3.1720948,-2.1220946,-2.7120948,-1.4120947,-2.2720947,-2.6520948,-0.102094725,1.3379053,-0.6520947,-0.51209474
2.1279054,2.6079054,3.1979053,2.6379054,2.4379053,0.29790527,-2.2620947,-3.0520947,-3.5720947,-3.9020948,2.9879053,5.9379053,7.8579054,8.337905,5.1279054,3.7979052,3.2179053,1.5679053,0.99790525,1.6479052,1.2479053,1.5079052,1.6879053,1.7379053,0.23790528,-0.07209472,-0.30209473,-0.11209473,-1.4820948,-1.0920948,-1.7120948,-1.8720948,-2.3920946,-2.1320946,-3.0920947,-1.2620947,-1.1320947,-0.23209472,1.3579053,-1.3520948,1.3779052,3.6279054,2.6479053
3.0479052,3.4679053,2.9779053,3.0079052,1.5779053,-0.8420947,-0.46209472,-2.6120946,-3.4420948,-2.4920948,2.7379053,3.9279053,5.2279053,5.4979053,4.927905,3.7879052,3.9979053,4.2479053,3.6879053,1.5679053,1.7579052,1.2379053,1.3079053,1.0679053,0.38790527,0.43790528,-0.6020947,0.037905272,-0.19209473,-1.0420947,-0.7720947,-1.1120948,-2.2320948,-2.1120946,-3.1520948,-2.6020947,-0.8620947,0.38790527,0.87790525,1.5079052,-0.022094727,0.40790528,0.85790527
2.5779052,1.9179053,2.1979053,1.9879053,2.0979052,1.6279052,0.80790526,-2.1920948,-3.0520947,-1.9320947,1.5879053,4.0879054,2.2279053,3.7279053,2.8879054,4.947905,5.2579055,4.767905,3.2079053,2.4379053,2.2379053,1.9779053,2.6479053,1.4879053,1.0379052,0.56790525,0.06790528,-0.7120947,-0.08209473,-1.4920948,-1.8020947,-1.4820948,-2.0820947,-2.4520948,-2.0720947,-2.3920946,-1.3920947,-1.6520947,1.5079052,1.6679053,1.0479053,-0.23209472,1.1079053
2.3479052,2.5879052,2.1879053,2.0079052,2.6379054,1.9579053,2.4279053,0.6379053,-1.9020947,-1.9020947,2.3079052,4.3179054,0.86790526,1.9579053,1.4279053,3.8679054,3.4679053,3.2679052,3.4279053,3.1579053,2.1379054,2.2979052,2.7679052,2.5079052,2.1479053,1.5779053,1.0279052,-1.7320948,-2.3620946,-2.9520948,-2.5320947,-2.0420947,-2.3120947,-2.3420947,-2.3020947,-1.0420947,-0.5420947,-0.6120947,-0.99209476,-0.21209472,0.017905273,1.7079053,1.0979053
2.4579053,2.0079052,2.5579052,2.8279052,2.5579052,2.3079052,1.2379053,-1.2320948,-0.51209474,3.4879053,2.6579053,4.7279053,3.1679053,0.35790527,-0.8020947,2.3779054,3.2979052,3.2079053,3.7679052,3.2179053,2.4179053,2.6379054,2.5479052,2.4879053,2.0779052,1.3979052,0.12790528,-1.4420947,-2.2220948,-2.3820946,-2.3320947,-2.5620947,-2.4220948,-2.5920947,-2.0820947,-2.0520947,-1.6320947,-0.36209473,0.9679053,0.38790527,-0.37209472,1.3379053,2.3179052
2.7679052,2.2779052,1.9879053,2.9079053,2.7279053,2.9079053,2.4979053,2.0979052,0.6379053,3.5279052,5.8379054,2.7979052,0.81790525,2.1579053,2.4979053,1.6579052,4.347905,3.3479052,4.4379053,4.137905,3.1579053,3.2279053,3.0479052,2.5579052,1.5779053,-0.0020947265,-1.0020947,-0.93209475,-1.8020947,-1.9520947,-2.2620947,-2.1620948,-2.3320947,-2.8720946,-1.7820947,-2.2820947,-1.9420947,-2.1320946,-0.18209472,0.8879053,0.8979053,0.5879053,1.7079053
