wind_kz.json
{"header": {"discipline":0,"disciplineName":"Meteorological products","gribEdition":2,"gribLength":1025,"center":7,"centerName":"US National Weather Service - NCEP(WMC)","subcenter":0,"refTime":"2023-09-10T18:00:00.000Z","significanceOfRT":1,"significanceOfRTName":"Start of forecast","productStatus":0,"productStatusName":"Operational products","productType":1,"productTypeName":"Forecast products","productDefinitionTemplate":0,"productDefinitionTemplateName":"Analysis/forecast at horizontal level/layer at a point in time","parameterCategory":2,"parameterCategoryName":"UnknownDiscipline_0_Category_2","parameterNumber":2,"parameterNumberName":"UnknownParameter_D0_C2_2","parameterUnit":"Unknown","genProcessType":2,"genProcessTypeName":"Forecast","forecastTime":180,"surface1Type":103,"surface1TypeName":"Specified height level above ground","surface1Value":10.0,"surface2Type":255,"surface2TypeName":"Missing","surface2Value":0.0,"gridDefinitionTemplate":0,"gridDefinitionTemplateName":"Latitude_Longitude","numberPoints":615,"shape":6,"shapeName":"Earth spherical with radius of 6,371,229.0 m","gridUnits":"degrees","resolution":48,"winds":"true","scanMode":64,"nx":41,"ny":15,"basicAngle":0,"lo1":47.0,"la1":41.0,"lo2":87.0,"la2":55.0,"dx":1.0,"dy":1.0}, "data":
[rows 0 to 14 of 15, columns 0 to 40 of 41]
-1.586775,0.20322509,1.1032251,1.7732251,-2.276775,-1.9067749,-1.7567749,-3.896775,-5.466775,-4.286775,-4.316775,-3.166775,-4.056775,-5.036775,-5.1867747,-4.986775,-3.8567748,-3.696775,-3.896775,-3.0767748,-1.4267749,-0.4067749,1.6932251,2.6432252,-0.6067749,-0.5267749,-1.5067749,3.9332252,0.6432251,1.5632252,2.483225,2.553225,1.4432251,-3.3467748,-4.856775,-2.976775,-2.426775,-3.3767748,-3.186775,-3.0967748,-2.776775
-0.5467749,0.6632251,6.133225,-0.0067749023,-1.946775,-2.3167748,-5.076775,-5.866775,-5.646775,-4.4967747,-6.076775,-6.176775,-4.9167747,-4.386775,-3.986775,-3.026775,-2.156775,-3.0867748,-3.1267748,-1.836775,-1.216775,0.5932251,0.8932251,3.513225,1.6332251,0.2732251,0.5932251,2.233225,3.743225,0.8032251,1.5132251,2.733225,0.1432251,2.4032252,1.4932251,-0.5267749,3.2132251,-1.0667748,0.1632251,-2.146775,-0.8467749
-0.5067749,-3.956775,-6.016775,-5.2467747,-4.696775,-6.2267747,-7.326775,-6.466775,-9.006775,-8.716775,-8.226775,-7.176775,-5.426775,-4.636775,-4.086775,-2.8267748,-2.136775,-1.4167749,-0.9267749,0.1832251,1.1232251,2.833225,1.803225,1.8732251,2.013225,4.5032253,4.533225,5.203225,3.583225,1.1832252,0.4432251,-0.8167749,-1.586775,2.103225,0.2832251,0.77322507,1.8632251,0.5732251,1.5032251,1.0932251,1.3632251
-5.556775,-6.7067747,-6.146775,-5.9967747,-5.626775,-6.146775,-5.106775,-6.886775,-6.196775,-6.126775,-5.626775,-6.096775,-5.296775,-4.236775,-2.5467749,-1.086775,-1.0667748,-0.3567749,-0.18677491,0.7232251,1.2432251,0.9532251,3.6332252,3.773225,3.273225,3.723225,4.463225,3.083225,4.7932253,3.253225,-0.1267749,2.023225,8.153225,7.533225,5.903225,3.1932251,1.0132251,1.9832251,-0.8967749,2.6732252,-0.8967749
-5.636775,-5.7267747,-5.756775,-5.836775,-5.106775,-5.276775,-4.906775,-4.486775,-3.946775,-2.916775,-2.5367749,-1.8967749,-0.6767749,-1.8767749,-0.9267749,-0.3467749,-0.5867749,0.0432251,0.0032250977,2.113225,3.993225,4.393225,4.263225,3.9232252,4.613225,3.353225,3.3832252,0.1632251,4.473225,5.3332253,5.613225,5.053225,2.593225,2.9232252,1.553225,-1.2567749,-1.2667749,4.033225,0.5832251,-0.066774905,1.9432251
-4.566775,-3.666775,-3.406775,-3.276775,-2.776775,-3.3667748,-3.926775,-3.216775,-2.636775,-2.5567749,-1.946775,-0.72677493,0.3032251,0.7132251,2.103225,1.3232251,1.913225,1.6332251,1.1032251,0.9932251,-0.4967749,1.173225,2.7032251,3.323225,4.783225,5.483225,3.813225,-0.036774904,3.6432252,3.9332252,3.723225,2.763225,3.593225,4.303225,5.053225,-1.3767749,5.433225,4.693225,2.843225,4.323225,4.263225
-2.5467749,-2.5467749,-2.756775,-3.436775,-2.8167748,-1.6667749,-2.0567749,-1.1267749,-1.1867748,-0.6967749,0.7132251,1.5932251,1.3232251,2.2132251,2.303225,2.073225,2.473225,2.293225,1.3632251,0.7332251,-0.9267749,-0.2867749,0.6432251,1.6532251,1.533225,1.4832251,2.743225,2.1532252,1.1432251,1.4032251,3.9432251,1.9032251,1.4732251,2.293225,3.473225,4.033225,5.2732253,3.6632252,7.8132253,1.7132251,1.6332251
-3.496775,-3.196775,-2.166775,-0.8067749,-0.3767749,-0.4667749,-0.6867749,-1.2967749,0.023225097,0.9032251,0.9632251,2.523225,2.483225,3.053225,2.1332252,2.4032252,2.813225,3.2032251,2.233225,1.2332251,0.9732251,0.7832251,-0.8667749,-0.0467749,-0.8467749,1.4032251,2.1432252,1.6332251,1.6032251,-0.2367749,5.803225,2.323225,2.1632252,2.1332252,3.313225,2.843225,1.303225,-0.7867749,-1.8767749,-1.586775,-0.9867749
-2.146775,-2.1067748,-1.4867749,-1.3167748,-1.0567749,-0.6667749,1.0232251,0.8132251,-0.1967749,1.303225,0.3532251,0.0632251,1.053225,1.1832252,1.6532251,1.6532251,2.4132252,3.1332252,2.6832252,2.103225,2.543225,1.0232251,0.0632251,0.2932251,0.2932251,0.7432251,0.0432251,1.1932251,1.4732251,1.6832252,3.053225,-1.326775,-0.8867749,-0.6167749,0.0932251,-0.5167749,2.6232252,1.1832252,2.783225,1.4732251,3.1932251
-0.15677491,-0.2267749,-1.4367748,-0.7067749,-0.3167749,0.8932251,0.7532251,0.0432251,-0.1367749,-0.2567749,0.6032251,1.7132251,1.3432251,0.9632251,0.8532251,0.9132251,1.0932251,0.3432251,1.7332251,2.9332252,3.313225,3.6332252,2.9132252,1.6032251,1.9832251,0.9132251,0.1332251,0.3332251,0.23322509,-0.72677493,-0.2967749,-0.4667749,-0.106774904,0.2732251,5.223225,2.333225,2.333225,1.1932251,3.043225,1.6332251,0.9232251
1.4332252,2.1432252,2.523225,1.6032251,0.7532251,1.9532251,1.9932251,2.063225,2.6432252,2.4532251,2.073225,2.783225,2.9232252,2.773225,1.543225,0.6132251,0.1832251,-0.096774906,0.4532251,1.3832251,2.243225,3.8732252,4.2732253,3.723225,3.093225,3.1832252,2.973225,1.293225,0.8432251,0.8532251,0.5132251,1.5932251,3.343225,3.763225,1.7632251,1.4432251,1.1432251,1.6032251,1.6432251,1.0932251,1.4732251
2.283225,2.483225,2.303225,2.343225,2.253225,2.333225,2.053225,2.283225,2.723225,3.1432252,3.4232252,3.843225,2.473225,3.093225,2.603225,1.9732251,1.6532251,0.9932251,1.173225,1.283225,1.6932251,1.4932251,1.3932251,2.3832252,4.713225,5.383225,4.2932253,4.5432253,3.9432251,1.3732251,1.423225,2.6832252,2.743225,3.1932251,2.313225,2.073225,1.6932251,1.413225,1.0632252,0.9032251,0.5832251
2.583225,2.973225,2.993225,3.243225,2.7032251,2.343225,3.063225,3.3832252,3.9032252,2.593225,3.223225,4.283225,4.2732253,3.9132252,3.093225,2.7132251,2.543225,2.2132251,1.4332252,1.9832251,1.913225,1.8932251,1.663225,2.793225,2.8732252,3.233225,2.1732252,1.1532251,2.753225,2.773225,2.833225,3.7132251,3.333225,3.4532251,3.6632252,3.2132251,2.553225,0.8432251,2.2132251,2.043225,1.5732251
3.773225,4.0032253,3.6332252,3.983225,4.0832253,4.053225,4.303225,4.3132253,3.483225,3.233225,2.303225,3.8832252,3.593225,4.283225,2.083225,3.483225,4.423225,3.6332252,2.843225,2.603225,3.6232252,3.833225,2.243225,3.1432252,3.553225,2.6632252,3.1532252,2.583225,2.6932251,3.243225,3.1432252,3.283225,3.603225,4.383225,2.573225,2.4232252,1.4832251,1.3332251,0.2432251,2.093225,1.6432251
3.303225,4.693225,6.0432253,4.8332253,4.993225,5.093225,5.713225,5.3132253,5.383225,4.3332253,2.6632252,4.803225,3.863225,3.4132252,5.0632253,4.303225,4.713225,5.3132253,5.203225,4.993225,3.8732252,4.0032253,3.533225,4.223225,4.0832253,3.6232252,3.003225,4.423225,3.6932251,3.353225,4.173225,3.6232252,2.4532251,1.2232251,2.4532251,2.3732252,1.4932251,1.9832251,0.4932251,0.9832251,-0.4367749
