wind_kz.json
{"header": {"discipline":0,"disciplineName":"Meteorological products","gribEdition":2,"gribLength":1025,"center":7,"centerName":"US National Weather Service - NCEP(WMC)","subcenter":0,"refTime":"2023-09-29T12:00:00.000Z","significanceOfRT":1,"significanceOfRTName":"Start of forecast","productStatus":0,"productStatusName":"Operational products","productType":1,"productTypeName":"Forecast products","productDefinitionTemplate":0,"productDefinitionTemplateName":"Analysis/forecast at horizontal level/layer at a point in time","parameterCategory":2,"parameterCategoryName":"UnknownDiscipline_0_Category_2","parameterNumber":3,"parameterNumberName":"UnknownParameter_D0_C2_3","parameterUnit":"Unknown","genProcessType":2,"genProcessTypeName":"Forecast","forecastTime":180,"surface1Type":103,"surface1TypeName":"Specified height level above ground","surface1Value":10.0,"surface2Type":255,"surface2TypeName":"Missing","surface2Value":0.0,"gridDefinitionTemplate":0,"gridDefinitionTemplateName":"Latitude_Longitude","numberPoints":615,"shape":6,"shapeName":"Earth spherical with radius of 6,371,229.0 m","gridUnits":"degrees","resolution":48,"winds":"true","scanMode":64,"nx":41,"ny":15,"basicAngle":0,"lo1":47.0,"la1":41.0,"lo2":87.0,"la2":55.0,"dx":1.0,"dy":1.0}, "data":
[rows 0 to 14 of 15, columns 0 to 40 of 41]
-0.096521,-2.056521,1.043479,-4.366521,-2.996521,-1.836521,0.993479,3.373479,1.293479,1.223479,-0.566521,-0.596521,-0.646521,-1.226521,-2.346521,-3.276521,-3.686521,-1.3065209,-3.176521,-2.126521,-0.976521,0.443479,0.243479,-1.786521,-1.726521,-1.246521,-0.636521,1.033479,0.863479,2.333479,0.06347901,0.013479004,1.483479,-0.026520995,2.143479,-1.496521,1.013479,2.303479,3.013479,2.273479,2.333479
2.983479,1.113479,-0.726521,-3.236521,-4.376521,2.343479,-0.456521,1.273479,1.623479,1.553479,0.403479,-1.206521,-1.366521,-1.756521,-3.786521,-3.206521,-2.046521,-2.706521,-2.736521,-3.136521,-2.586521,-1.866521,1.4434791,1.343479,0.693479,0.403479,-2.196521,2.033479,0.293479,2.613479,2.843479,4.743479,1.513479,0.443479,-0.15652099,-0.44652098,-0.896521,-1.736521,-0.216521,0.683479,0.763479
0.483479,2.013479,-1.276521,-2.586521,-4.086521,0.553479,0.883479,0.203479,1.663479,2.123479,0.843479,0.053479005,-1.276521,-1.476521,-2.356521,-2.556521,-2.066521,-2.606521,-2.736521,-2.226521,-2.266521,-2.436521,-2.166521,-0.616521,0.483479,0.643479,1.103479,0.853479,0.423479,1.763479,3.613479,1.963479,1.553479,0.193479,0.36347902,0.993479,3.593479,-0.226521,0.313479,-0.006520996,-0.23652099
0.09347901,0.293479,-1.076521,-2.696521,-0.536521,1.043479,1.593479,2.813479,2.793479,2.433479,1.553479,0.413479,-0.656521,-1.586521,-1.696521,-2.966521,-3.226521,-2.966521,-3.196521,-3.676521,1.513479,-1.266521,2.333479,0.123479,-0.426521,-0.886521,-0.906521,-0.266521,2.083479,-0.376521,-0.326521,-0.746521,0.09347901,-0.256521,0.273479,-2.196521,-1.596521,1.463479,0.493479,0.833479,0.263479
0.373479,0.443479,0.06347901,-0.456521,1.933479,-0.41652098,-2.106521,4.203479,3.653479,2.743479,2.783479,1.993479,0.193479,-2.436521,-2.216521,-2.286521,-3.426521,-2.426521,-2.146521,-2.486521,-1.276521,-0.306521,-1.216521,-1.3065209,-2.046521,-1.906521,-2.146521,-1.476521,-1.006521,-0.866521,-1.776521,0.493479,1.4434791,1.383479,-1.076521,-2.166521,0.943479,-2.516521,-2.196521,2.103479,0.773479
0.803479,0.473479,1.853479,2.173479,0.843479,-1.236521,-0.666521,2.083479,3.993479,3.353479,2.053479,1.033479,-0.046520997,-1.126521,-2.256521,-2.186521,-1.536521,-1.356521,-1.476521,-1.066521,-1.906521,0.443479,1.383479,-0.496521,-0.396521,-1.376521,-2.376521,-1.966521,-1.766521,-1.346521,-1.706521,-1.756521,0.133479,-0.476521,1.403479,0.643479,2.513479,3.073479,-0.83652097,-0.806521,-1.0565209
-7.386521,1.223479,-2.266521,0.243479,1.213479,1.343479,0.683479,0.18347901,3.463479,3.993479,2.583479,1.003479,2.023479,-0.20652099,-1.136521,-0.886521,1.173479,1.003479,0.133479,-0.566521,-1.146521,-1.186521,-0.466521,0.72347903,0.453479,0.053479005,-2.576521,-2.216521,-2.906521,-2.726521,-3.396521,-4.916521,-4.276521,-0.216521,-0.866521,-1.516521,-2.576521,-1.626521,0.903479,-0.026520995,-0.996521
0.693479,-3.056521,-3.796521,-5.586521,-1.446521,1.523479,0.983479,1.723479,-0.816521,2.343479,2.503479,3.783479,2.183479,1.013479,-0.436521,-0.756521,0.673479,2.553479,2.293479,1.833479,-0.106520995,-0.886521,-1.746521,-0.466521,1.813479,0.893479,0.36347902,-1.136521,-1.296521,-2.896521,-2.846521,-2.736521,-3.506521,-4.056521,-0.866521,-0.356521,-1.156521,0.103479005,0.91347903,0.243479,-1.856521
-2.536521,-2.976521,-3.336521,-3.056521,-3.896521,-4.746521,-2.946521,0.493479,1.273479,0.043479003,-0.366521,-0.246521,1.243479,1.933479,1.093479,0.983479,1.133479,2.543479,3.163479,3.283479,1.543479,0.773479,1.283479,1.143479,1.053479,1.843479,0.453479,0.413479,-0.076520994,-1.036521,-1.8065209,-1.836521,0.043479003,-0.83652097,-0.606521,-0.486521,-2.276521,-0.216521,1.123479,0.113479,-2.746521
-0.956521,-2.756521,-3.066521,-2.386521,-1.746521,-2.116521,-0.11652099,-3.246521,-2.316521,1.853479,3.373479,2.423479,2.173479,1.583479,1.643479,1.663479,2.623479,1.313479,1.813479,2.893479,2.873479,2.543479,1.803479,1.743479,2.213479,2.153479,1.453479,1.023479,0.33347902,0.053479005,0.283479,0.803479,1.563479,0.863479,0.403479,0.593479,0.18347901,-1.636521,-1.026521,0.843479,2.813479
-1.196521,-2.116521,-2.126521,-2.436521,-2.446521,-0.956521,-1.526521,0.443479,-2.336521,-3.716521,-1.966521,2.713479,2.693479,3.653479,2.613479,1.213479,3.193479,2.843479,2.453479,2.503479,2.903479,3.063479,2.413479,2.023479,1.393479,1.603479,1.303479,1.763479,1.713479,0.083479,0.103479005,0.283479,2.273479,1.883479,1.783479,0.643479,-0.356521,1.153479,0.943479,1.323479,0.30347902
1.1934791,0.863479,-0.706521,0.143479,-1.046521,-1.276521,-0.686521,-0.23652099,0.36347902,0.30347902,-1.386521,-2.986521,-0.516521,3.313479,5.363479,3.393479,3.353479,3.123479,3.033479,3.253479,3.023479,2.353479,1.633479,1.453479,1.633479,1.503479,2.363479,1.023479,0.553479,0.403479,0.223479,0.013479004,0.743479,1.863479,1.793479,2.463479,2.313479,2.923479,2.503479,2.283479,1.093479
2.123479,1.6934791,1.403479,1.063479,0.893479,0.523479,0.15347901,0.253479,-0.956521,0.013479004,1.103479,0.933479,-2.096521,2.513479,2.713479,2.973479,3.293479,3.033479,3.593479,3.523479,3.603479,3.413479,2.413479,2.183479,1.553479,1.273479,-0.086521,-0.166521,-0.436521,-0.556521,-0.276521,0.043479003,0.15347901,1.213479,1.303479,1.623479,2.083479,2.013479,3.353479,2.713479,1.323479
2.913479,2.603479,1.543479,2.283479,2.013479,1.493479,1.043479,1.003479,1.083479,-0.556521,-0.696521,-1.816521,1.393479,0.433479,2.923479,2.573479,2.253479,3.253479,3.593479,3.363479,3.093479,3.013479,2.633479,2.253479,1.703479,0.873479,-0.216521,-0.426521,-0.916521,-1.476521,-1.816521,-1.5565209,-0.466521,0.173479,0.003479004,0.943479,1.173479,1.933479,2.233479,2.633479,3.173479
2.653479,3.673479,2.843479,3.013479,3.063479,2.363479,1.963479,1.883479,1.773479,0.823479,-0.036520995,1.663479,1.153479,-0.286521,0.263479,-0.866521,-2.276521,-1.866521,1.563479,1.173479,0.30347902,0.463479,0.643479,0.323479,0.253479,-0.176521,-0.536521,-0.926521,-1.516521,-1.996521,-2.756521,-3.036521,-2.326521,-1.816521,-0.766521,0.053479005,1.493479,2.573479,2.303479,3.233479,1.833479
