wind_kz.json
{"header": {"discipline":0,"disciplineName":"Meteorological products","gribEdition":2,"gribLength":1102,"center":7,"centerName":"US National Weather Service - NCEP(WMC)","subcenter":0,"refTime":"2023-08-23T00:00:00.000Z","significanceOfRT":1,"significanceOfRTName":"Start of forecast","productStatus":0,"productStatusName":"Operational products","productType":1,"productTypeName":"Forecast products","productDefinitionTemplate":0,"productDefinitionTemplateName":"Analysis/forecast at horizontal level/layer at a point in time","parameterCategory":2,"parameterCategoryName":"UnknownDiscipline_0_Category_2","parameterNumber":3,"parameterNumberName":"UnknownParameter_D0_C2_3","parameterUnit":"Unknown","genProcessType":2,"genProcessTypeName":"Forecast","forecastTime":300,"surface1Type":103,"surface1TypeName":"Specified height level above ground","surface1Value":10.0,"surface2Type":255,"surface2TypeName":"Missing","surface2Value":0.0,"gridDefinitionTemplate":0,"gridDefinitionTemplateName":"Latitude_Longitude","numberPoints":615,"shape":6,"shapeName":"Earth spherical with radius of 6,371,229.0 m","gridUnits":"degrees","resolution":48,"winds":"true","scanMode":64,"nx":41,"ny":15,"basicAngle":0,"lo1":47.0,"la1":41.0,"lo2":87.0,"la2":55.0,"dx":1.0,"dy":1.0}, "data":
[rows 0 to 14 of 15, columns 0 to 40 of 41]
4.1079626,1.8479626,-4.4320374,-9.342037,-8.892037,-9.402038,-6.0020375,-4.572037,-3.4920373,-2.7720373,-3.3620374,-3.5020373,-3.6620374,-3.4320374,-3.3120375,-5.882037,-6.382037,-6.422037,-5.5520372,-2.0720375,-1.4920373,-1.8620373,-5.0520372,-0.93203735,1.6379627,4.367963,1.5979626,2.3779626,-3.6320374,-3.6220374,-2.1620374,-3.5920374,1.7779627,1.3979627,-0.34203735,2.8179626,3.4279625,-2.6420374,1.9979626,1.5579627,0.87796265
-1.6720374,-1.7920374,-5.092037,-6.322037,-6.4520373,-7.612037,-4.9120374,-2.5520372,-2.4720373,-3.6920373,-4.152037,-5.132037,-4.5020375,-5.9120374,-6.5120373,-7.3020372,-7.382037,-5.632037,-5.2520375,-3.5820374,-2.5020373,0.60796267,-2.7620373,-1.8820374,2.6379626,2.1279626,4.3979626,2.0479627,-1.4120374,-0.92203736,-2.6920373,-0.29203737,0.7779626,2.5279627,0.42796266,5.2879624,3.8079627,2.1579626,2.0479627,2.5679626,-0.26203737
-0.5820373,-1.3020374,-4.4420376,-5.822037,-7.0620375,-1.4420373,-2.2520373,-2.6020374,-2.1120374,-2.9720373,-3.6220374,-5.1620374,-5.3920374,-8.252037,-6.3720374,-6.7620373,-6.9120374,-7.5620375,-8.182037,-8.092037,-5.922037,-3.2420373,3.6979628,1.6479627,-3.2520373,-2.7020373,-2.1620374,-3.7120373,-2.5120373,-0.29203737,-1.5920373,-1.5020374,-1.7420373,-1.8820374,-2.8620374,-1.9920373,-3.1420374,-5.1420374,-3.5120373,2.6179626,-0.32203734
-1.7920374,-2.6920373,-5.652037,-6.4520373,-1.8920374,-3.2820373,-2.9320374,-3.0020373,-3.0720375,-2.3520374,-2.9020374,-0.29203737,-3.8220375,-5.9820375,-6.9620376,-7.672037,-5.862037,-6.9820375,-6.842037,-8.422037,-9.072038,-1.8020374,-6.652037,-2.1520374,1.2079626,0.55796266,-1.1720374,-2.0320373,-3.2020373,-4.0220375,-2.8320374,-3.4420373,0.42796266,3.4479628,0.82796264,-0.62203735,0.74796265,1.8479626,-1.4420373,0.94796264,4.137963
-0.49203736,-3.5220373,-4.1820374,-6.2120376,-9.642037,-6.3020372,-3.5920374,-3.7320373,-4.7120376,-4.3020372,-5.112037,0.35796264,-2.4520373,-4.842037,-8.462037,-6.6820374,-7.7920375,-6.3020372,-5.6220374,-5.922037,-4.4620376,-6.9620376,-5.592037,-4.1420374,-4.4620376,-0.032037355,2.1879625,-0.47203735,-1.9620373,-3.3920374,-5.2820373,-2.1620374,0.20796265,2.7579627,0.29796264,-6.4920373,-14.742038,0.047962647,0.85796267,-2.1820374,-0.82203734
-1.7320373,2.1579626,1.1779627,-2.4720373,-3.5220373,-4.9420376,-4.0820374,-3.9620373,-4.112037,-3.9320374,-4.2620373,-3.9220374,-4.7420373,-2.3220375,-5.2020373,-7.402037,-7.882037,-7.842037,-7.612037,-7.2720375,-6.0220375,-3.3120375,2.0779626,-1.3920374,-2.2820373,-2.2420373,-2.8220375,1.4979626,-0.79203737,-1.2920374,-0.70203733,-0.5220373,-1.7120373,6.7279625,2.1579626,5.3079624,1.5379627,-2.3920374,2.7579627,1.1679627,-3.8720374
-1.6120373,-2.2320373,-2.8920374,-2.8420374,-0.08203735,-2.9920373,-3.6820374,-3.6020374,-3.9220374,-2.5620375,-3.2620373,-3.8920374,-4.2020373,-4.0620375,-4.112037,-5.152037,-7.0620375,-7.1420374,-7.112037,-6.3720374,-6.2520375,-3.7820373,-6.5520372,-3.5220373,-3.0620375,-1.0820373,-0.76203734,-0.29203737,-0.062037352,-0.6520374,2.7479627,4.367963,4.5279627,3.1579626,0.54796267,-0.16203736,-0.9620373,0.9079626,-1.2820374,-0.73203737,-1.8120373
-1.9620373,-3.0820374,-3.3220375,-3.1820374,-3.4220374,-3.1520374,-2.9520373,-3.6320374,-2.6320374,-2.9420373,-4.7520375,-4.922037,-6.322037,-6.0120373,-4.7420373,-6.1020374,-6.4120374,-7.592037,-8.392037,-7.2320375,-7.0220375,-3.4420373,-4.3720374,-2.5520372,-3.1520374,-2.0120373,-1.2020373,-0.6020374,-0.7220374,0.26796263,0.39796266,2.0079627,3.6879625,6.0279627,6.327963,3.8479626,2.8279626,1.0579627,-0.54203737,0.80796266,0.8479626
-2.5420372,-3.8720374,-5.362037,-3.4520373,-2.8020372,-3.1020374,-3.7520373,-4.2620373,-4.1920376,-5.0420375,-7.2820373,-6.5520372,-6.592037,-6.422037,-3.8920374,-6.172037,-5.5520372,-5.5820374,-6.6820374,-6.8720374,-6.362037,-5.0120373,-4.5220375,-3.5220373,-4.822037,-2.7220373,-2.9620373,-3.5420372,-0.13203736,-1.9220374,-4.0420375,-7.572037,2.4079626,4.427963,4.847963,4.097963,3.7179627,3.4279625,2.1879625,1.4679626,1.7079626
-2.8120375,-4.3520374,-3.5720375,-3.9220374,-4.0520372,-4.592037,-4.8020372,-5.7120376,-5.632037,-5.5120373,-6.0220375,-5.632037,-6.6820374,-7.342037,-5.5120373,-5.5620375,-7.5320373,-6.592037,-5.612037,-6.5420375,-7.1920376,-4.4820375,-5.8120375,-3.6020374,-3.5920374,-3.2520373,-2.2220373,1.5479627,1.0179627,0.85796267,-4.0220375,-6.9720373,-9.102037,-4.5320373,-4.4720373,4.0579624,1.9879626,0.007962647,1.8279626,2.5579627,1.6479627
-2.2920372,-3.0820374,-3.3820374,-4.1420374,-4.2020373,-4.0420375,-4.0520372,-4.8520374,-4.1020374,-4.862037,-4.0520372,-2.5420372,-3.5520372,-3.9220374,-4.5020375,-4.7020373,-4.5420375,-6.6620374,-5.822037,-5.7420373,-6.3120375,-5.9120374,-5.4320374,-6.2420373,-3.1020374,-2.8820374,-1.2320373,-2.5120373,3.9079626,0.33796266,-4.4920373,-5.9620376,-6.4520373,1.0879626,2.2579627,-1.6420374,2.7579627,2.9079626,0.14796264,0.94796264,-0.55203736
-1.5520374,-2.2920372,-3.6720374,-4.3520374,-4.132037,-4.4820375,-4.3320374,-4.382037,-4.882037,-3.8920374,-4.5220375,-3.5120373,-2.2120373,-1.8320373,-3.6520374,-5.2320375,-5.672037,-6.6820374,-6.112037,-5.1620374,-4.2420373,-4.5320373,-4.362037,-5.132037,-6.0420375,-1.4020374,-1.4420373,2.6279626,0.37796265,-0.98203737,-4.1820374,-5.3720374,-5.8520374,-7.842037,1.4179627,-3.3820374,-2.2320373,-0.9120374,1.2279626,0.50796264,-1.4320374
-2.1420374,-2.7020373,-4.0620375,-3.7520373,-4.2820373,-2.9620373,-4.0220375,-5.4820375,-5.862037,-5.4620376,-3.1520374,-2.9920373,-2.5120373,-1.8620373,-4.0320373,-4.172037,-4.922037,-3.9120374,-4.7520375,-4.4720373,-3.7720373,-4.3020372,-2.5520372,-2.4720373,-5.5520372,-5.5220375,-3.8520374,-1.5320374,1.1779627,1.2879627,-2.2420373,-5.5820374,-6.0820374,-6.7220373,-4.7820373,-2.3020372,-3.5320373,-0.29203737,0.50796264,1.5379627,-1.5020374
-0.8420374,-2.1520374,-2.3020372,-3.7620373,-3.3020372,-3.3620374,-3.3120375,-3.8220375,-4.402037,-4.4420376,-3.3020372,-2.8820374,-4.9120374,-1.2620374,-3.4720373,-4.4720373,-3.4220374,-2.4020374,-4.152037,-4.5620375,-4.9820375,-4.4620376,-5.902037,-3.4120374,1.3479626,-2.7220373,-3.4020374,-2.9220374,-1.8620373,-0.5320374,3.2879627,-1.4220374,-4.3120375,-4.862037,-4.7820373,-5.4820375,-4.2020373,-2.9820373,-1.5220374,-0.34203735,-2.6720374
-1.8520373,-2.0320373,-1.9520373,-1.1820374,-2.3820374,-1.9020374,-2.5520372,-2.1520374,-3.2620373,-2.7520373,-2.2420373,-2.4120374,-1.5620373,-2.5220373,-4.172037,-2.7820373,-2.6220374,-4.1620374,-2.8520374,-2.7220373,-4.822037,-4.8320374,-4.112037,-3.6920373,-3.9320374,-1.5820373,-1.8620373,-3.0120373,-3.3420374,-0.88203734,-0.36203736,2.4979627,2.1579626,-1.0420374,-3.1420374,-0.88203734,-3.9920373,-2.9220374,-0.79203737,-3.7120373,-3.0120373
