wind_kz.json
{"header": {"discipline":0,"disciplineName":"Meteorological products","gribEdition":2,"gribLength":948,"center":7,"centerName":"US National Weather Service - NCEP(WMC)","subcenter":0,"refTime":"2023-08-19T12:00:00.000Z","significanceOfRT":1,"significanceOfRTName":"Start of forecast","productStatus":0,"productStatusName":"Operational products","productType":1,"productTypeName":"Forecast products","productDefinitionTemplate":0,"productDefinitionTemplateName":"Analysis/forecast at horizontal level/layer at a point in time","parameterCategory":0,"parameterCategoryName":"UnknownDiscipline_0_Category_0","parameterNumber":0,"parameterNumberName":"UnknownParameter_D0_C0_0","parameterUnit":"Unknown","genProcessType":2,"genProcessTypeName":"Forecast","forecastTime":0,"surface1Type":1,"surface1TypeName":"Ground or water surface","surface1Value":0.0,"surface2Type":255,"surface2TypeName":"Missing","surface2Value":0.0,"gridDefinitionTemplate":0,"gridDefinitionTemplateName":"Latitude_Longitude","numberPoints":615,"shape":6,"shapeName":"Earth spherical with radius of 6,371,229.0 m","gridUnits":"degrees","resolution":48,"winds":"true","scanMode":64,"nx":41,"ny":15,"basicAngle":0,"lo1":47.0,"la1":41.0,"lo2":87.0,"la2":55.0,"dx":1.0,"dy":1.0}, "data":
[rows 0 to 14 of 15, columns 0 to 40 of 41]
317.37558,294.4756,302.9756,301.1756,300.27557,298.37558,308.9756,307.9756,308.4756,317.6756,315.9756,320.6756,321.1756,321.5756,322.4756,320.87558,318.5756,317.1756,319.27557,319.5756,317.9756,312.9756,314.0756,309.1756,310.37558,312.4756,308.0756,294.6756,292.5756,291.4756,291.4756,292.4756,302.87558,310.0756,312.4756,311.0756,311.37558,310.87558,309.87558,309.4756,308.87558
280.77557,299.87558,300.6756,300.77557,300.87558,298.9756,317.9756,314.6756,314.5756,314.87558,318.37558,316.77557,317.4756,318.77557,322.6756,321.37558,319.0756,318.9756,320.77557,318.4756,317.27557,313.5756,312.1756,303.5756,294.1756,292.5756,302.0756,294.1756,296.5756,287.4756,290.6756,284.27557,295.9756,265.37558,289.27557,305.4756,303.87558,304.87558,308.87558,300.27557,286.1756
309.0756,302.87558,300.87558,300.6756,298.87558,314.5756,311.0756,317.6756,316.0756,316.27557,316.37558,318.37558,317.0756,317.4756,317.5756,319.6756,318.37558,319.6756,318.6756,319.5756,317.9756,315.77557,312.4756,306.5756,310.0756,309.1756,309.4756,309.9756,306.9756,295.27557,285.6756,287.4756,295.27557,295.87558,297.77557,297.27557,286.1756,286.87558,288.87558,283.5756,283.5756
306.0756,301.5756,300.77557,299.9756,302.27557,311.77557,315.87558,318.1756,319.27557,318.77557,318.27557,315.27557,296.77557,295.9756,316.77557,318.6756,316.77557,316.87558,318.6756,318.27557,313.1756,309.77557,312.37558,312.27557,311.9756,311.5756,312.0756,309.1756,308.27557,308.1756,308.5756,305.6756,309.9756,308.77557,307.37558,301.27557,289.1756,286.5756,289.6756,300.0756,303.87558
319.0756,301.5756,303.6756,301.1756,307.37558,315.1756,317.9756,317.87558,318.9756,318.4756,319.0756,313.5756,297.1756,296.1756,293.9756,318.37558,317.5756,314.6756,314.1756,314.5756,314.9756,315.27557,313.0756,312.0756,312.27557,311.27557,308.0756,303.37558,308.9756,307.77557,309.4756,305.5756,292.77557,284.9756,295.27557,303.6756,301.37558,309.6756,309.37558,306.6756,307.0756
317.27557,314.1756,300.5756,300.6756,300.77557,300.1756,311.1756,319.37558,318.4756,317.1756,312.87558,312.77557,299.0756,296.6756,305.6756,315.27557,317.0756,317.77557,316.1756,315.27557,314.5756,313.77557,312.9756,312.1756,311.6756,309.6756,309.0756,294.5756,308.0756,309.37558,306.9756,306.77557,304.87558,303.1756,299.4756,299.77557,292.9756,295.37558,304.6756,307.1756,304.9756
318.5756,317.6756,317.9756,311.0756,312.77557,312.1756,312.0756,312.27557,315.6756,315.77557,309.9756,314.5756,312.37558,311.1756,312.27557,315.87558,317.87558,316.0756,315.87558,313.9756,312.77557,313.0756,312.6756,312.87558,311.37558,310.27557,309.37558,310.5756,310.1756,310.5756,308.4756,307.5756,306.5756,305.6756,303.1756,301.87558,296.37558,291.87558,288.77557,288.37558,298.4756
317.9756,319.37558,318.4756,318.0756,319.27557,319.77557,319.77557,317.4756,316.37558,316.0756,316.77557,314.87558,316.4756,315.4756,314.5756,316.1756,315.6756,316.37558,315.27557,312.0756,312.27557,312.27557,311.1756,309.1756,307.5756,305.4756,305.0756,305.87558,303.9756,306.9756,304.87558,304.87558,303.0756,297.77557,297.6756,300.5756,301.27557,290.0756,299.5756,299.77557,296.4756
317.1756,316.9756,317.87558,316.87558,317.87558,316.9756,316.37558,316.4756,311.27557,315.4756,312.87558,308.4756,312.1756,316.6756,315.0756,316.77557,316.87558,317.77557,314.9756,313.0756,310.0756,310.27557,311.77557,308.87558,306.27557,305.4756,302.9756,301.37558,298.77557,297.6756,298.77557,299.0756,299.4756,298.87558,298.37558,294.5756,294.6756,293.9756,283.0756,284.1756,283.1756
316.77557,314.0756,315.87558,315.9756,315.37558,316.6756,315.37558,313.5756,311.27557,310.9756,305.0756,307.77557,309.37558,308.6756,307.4756,309.4756,312.77557,313.37558,313.4756,310.27557,308.27557,309.77557,308.6756,307.9756,306.6756,304.4756,304.1756,302.6756,299.9756,299.5756,299.9756,300.6756,301.87558,300.87558,299.0756,295.5756,292.0756,289.6756,286.37558,283.5756,282.4756
313.9756,313.9756,313.77557,313.5756,312.27557,313.5756,315.1756,314.77557,313.37558,308.1756,307.9756,308.1756,309.27557,305.87558,307.77557,310.9756,309.6756,311.27557,311.6756,308.6756,308.77557,308.27557,305.77557,304.37558,305.0756,304.6756,301.9756,303.87558,302.4756,303.77557,303.77557,302.9756,301.37558,299.27557,298.0756,293.6756,285.4756,282.87558,286.1756,284.9756,281.37558
312.0756,313.87558,310.0756,312.6756,312.0756,310.37558,309.1756,310.9756,303.27557,307.77557,304.4756,307.0756,310.0756,308.0756,305.5756,303.4756,305.5756,308.5756,307.4756,306.4756,305.1756,303.77557,303.9756,306.37558,304.1756,304.37558,304.1756,304.5756,304.5756,302.77557,301.27557,295.9756,298.9756,294.77557,292.6756,289.5756,288.6756,288.4756,286.5756,285.5756,286.5756
306.27557,298.5756,310.9756,307.77557,304.87558,306.27557,305.77557,307.1756,305.37558,305.87558,301.6756,301.87558,296.5756,301.1756,305.5756,303.87558,305.1756,304.4756,300.1756,305.5756,293.6756,301.9756,299.5756,301.27557,303.6756,305.6756,306.0756,303.6756,302.87558,302.1756,300.37558,298.6756,297.1756,296.0756,293.27557,288.9756,288.0756,286.77557,286.27557,287.6756,285.0756
302.37558,304.27557,299.1756,307.1756,306.27557,301.77557,302.87558,304.77557,305.6756,299.37558,298.5756,296.87558,300.6756,293.5756,297.4756,303.37558,301.4756,301.37558,305.6756,297.37558,297.9756,304.37558,299.1756,301.87558,304.5756,305.9756,304.5756,303.1756,298.0756,299.1756,299.6756,294.9756,291.0756,290.77557,291.9756,289.37558,287.5756,286.9756,286.5756,285.27557,287.9756
296.37558,301.77557,292.6756,303.4756,299.37558,302.9756,301.27557,298.87558,301.6756,301.87558,296.27557,294.6756,292.5756,296.77557,297.37558,297.5756,300.5756,304.37558,304.77557,297.37558,304.4756,303.6756,303.0756,299.9756,303.87558,300.9756,297.87558,302.4756,301.6756,294.5756,294.37558,287.5756,293.4756,291.37558,290.87558,290.9756,290.87558,287.0756,289.0756,288.9756,287.27557
