wind_kz.json
{"header": {"discipline":0,"disciplineName":"Meteorological products","gribEdition":2,"gribLength":1025,"center":7,"centerName":"US National Weather Service - NCEP(WMC)","subcenter":0,"refTime":"2023-08-19T06:00:00.000Z","significanceOfRT":1,"significanceOfRTName":"Start of forecast","productStatus":0,"productStatusName":"Operational products","productType":1,"productTypeName":"Forecast products","productDefinitionTemplate":0,"productDefinitionTemplateName":"Analysis/forecast at horizontal level/layer at a point in time","parameterCategory":2,"parameterCategoryName":"UnknownDiscipline_0_Category_2","parameterNumber":3,"parameterNumberName":"UnknownParameter_D0_C2_3","parameterUnit":"Unknown","genProcessType":2,"genProcessTypeName":"Forecast","forecastTime":0,"surface1Type":103,"surface1TypeName":"Specified height level above ground","surface1Value":10.0,"surface2Type":255,"surface2TypeName":"Missing","surface2Value":0.0,"gridDefinitionTemplate":0,"gridDefinitionTemplateName":"Latitude_Longitude","numberPoints":615,"shape":6,"shapeName":"Earth spherical with radius of 6,371,229.0 m","gridUnits":"degrees","resolution":48,"winds":"true","scanMode":64,"nx":41,"ny":15,"basicAngle":0,"lo1":47.0,"la1":41.0,"lo2":87.0,"la2":55.0,"dx":1.0,"dy":1.0}, "data":
[rows 0 to 14 of 15, columns 0 to 40 of 41]
2.8664062,2.2664063,-1.7935938,-0.56359375,-2.2935936,-4.063594,-3.9935937,-2.7935936,-2.7935936,-2.9535937,-1.6335938,1.5664062,4.956406,3.9864063,2.1464062,-1.7735938,-3.4435937,-4.4935937,-2.5635939,-0.47359374,-2.3535938,-3.7935936,-0.35359374,0.94640625,1.8864063,2.0164063,0.62640625,-1.2135937,-1.3135937,0.32640624,1.8364062,2.5964062,-0.95359373,-0.68359375,0.74640626,1.0064063,0.7264063,-0.42359376,-0.19359376,-0.68359375,1.5664062
-1.8935938,1.0164063,4.786406,1.3564062,-1.9435937,-3.8835938,-4.143594,-4.8235936,-2.7835937,-2.4235938,-3.3635938,-0.5835937,5.4864063,5.356406,2.4964063,-1.6735938,-3.6335938,-2.7135937,-0.88359374,0.92640626,-3.3635938,-4.4735937,-4.103594,-1.1835938,3.2264063,3.0964062,3.4664063,0.6664063,-0.18359375,1.3364062,-2.6835938,0.14640625,0.9764063,0.76640624,3.1464062,2.4264061,1.9164063,3.3164062,2.4464064,1.4764062,0.68640625
-2.1635938,-1.3535937,5.536406,2.9064062,-0.56359375,-2.9535937,-2.3635938,-3.6735938,-3.5435936,-3.6935937,-4.333594,-3.4435937,4.746406,6.0064063,2.4264061,-1.5635937,-3.8435938,-3.6435938,1.8064063,0.9064062,-1.7535938,-3.7435937,-4.4035935,-2.9335938,-3.6235938,-2.8535938,-2.9935937,-2.3735938,-1.7335937,-3.9535937,-2.3035936,0.81640625,-3.3035936,1.7664063,0.92640626,-2.8735938,-4.063594,1.7764063,-2.5235937,0.31640625,0.9764063
-1.1035937,2.1964064,4.436406,3.4464064,1.7664063,-1.8135937,-4.0935936,-2.3935938,-4.253594,-3.1835938,-2.4435937,-1.3335937,1.9564062,2.0264063,0.80640626,-0.81359375,-2.7335937,0.08640625,0.05640625,0.43640625,-3.2435937,-2.7635937,0.48640624,-1.3735938,-2.8135939,-3.0035937,-3.3035936,-2.7435937,-2.1335938,-3.9735937,-1.4135938,0.7164062,0.69640625,1.0664062,1.9564062,2.2564063,3.8364062,2.4564064,-4.5335937,-4.4235935,-3.3935938
-2.3435938,-0.04359375,1.5764062,-2.5335937,-2.7635937,-2.5735939,-1.7335937,-2.2035937,-3.5835938,-0.82359374,-0.7735937,-0.14359374,1.9564062,0.16640624,0.6664063,-1.9435937,-1.7635938,0.48640624,-0.50359374,0.30640626,2.1364062,1.7564063,1.1464063,-1.0135938,-1.0935937,-1.1535938,-2.6035938,-2.6135938,-1.5435938,-2.3735938,-3.9435937,-4.353594,0.34640625,-0.36359376,0.9764063,1.6564063,-1.9935937,3.1464062,-4.9735937,-2.2135937,0.20640625
-2.8935938,-2.0135937,-1.2835938,-3.9935937,-2.8535938,-3.3735938,-3.3235939,-2.2935936,-1.6535938,1.9364063,1.4864062,2.2064064,0.29640624,0.32640624,-2.7335937,-2.2135937,0.47640625,1.3164062,1.3864063,0.63640624,0.9164063,0.80640626,2.3364062,0.24640626,-1.1935937,-1.0535938,-1.0635937,-2.8935938,-0.81359375,-1.1435938,-1.6135937,-3.2135937,-4.0935936,-4.6835938,-2.3435938,-1.6535938,-3.5635939,-4.0935936,-2.2835937,-0.15359375,-1.1335938
-3.9335938,-3.3935938,-3.4835937,-3.7235937,-2.5435936,-2.2635937,-0.6435937,-0.29359376,-0.42359376,0.20640625,-1.3935938,-1.3835938,-0.27359375,-1.0935937,-1.4635937,-2.1535938,1.1664063,2.5664062,0.93640625,0.16640624,-0.31359375,0.62640625,0.02640625,0.24640626,1.8764062,-0.93359375,-1.0135938,0.23640625,-0.82359374,1.5764062,-1.1935937,-2.3735938,-3.8035936,-5.603594,0.94640625,2.7864063,3.4264061,2.0864062,-1.9735937,3.1264062,-5.853594
-2.7435937,-3.2135937,-3.1635938,-3.0235937,-4.0735936,-2.3735938,-0.30359375,0.29640624,0.80640626,0.26640624,0.50640625,0.99640626,0.16640624,-0.37359375,-1.8735938,-1.7335937,0.57640624,0.89640623,1.8964063,1.8864063,1.2664063,0.32640624,0.48640624,-0.57359374,-0.70359373,0.18640625,-0.9035938,-1.0235938,-1.1735938,-1.0435938,-0.04359375,-2.0735939,-3.3735938,-3.6135938,-2.6535938,-1.8835938,-2.7135937,-1.3935938,-0.87359375,-0.7835938,-0.7235938
-3.9235938,-4.333594,-3.9135938,-2.0135937,-2.9435937,-1.9835937,-1.6935937,-1.4935937,-0.85359377,-1.1635938,-1.5435938,-0.22359376,-0.8935937,-0.92359376,-1.5235938,-1.5735937,-0.29359376,0.49640626,1.7164062,0.27640626,-1.3735938,0.20640625,-1.1435938,-0.50359374,-0.92359376,-0.37359375,-1.6235938,-1.2135937,-2.4435937,-2.1135938,-2.2235937,-2.7835937,-2.6535938,-2.0735939,-2.3035936,-3.3135939,-1.8935938,-2.4835937,-1.1835938,-0.46359375,2.1864061
-3.1735938,-3.3235939,-3.2135937,-3.7935936,-2.7135937,-3.2735937,-2.2435937,-1.6735938,-1.4135938,-1.1035937,-0.44359374,-0.79359376,-1.9335938,-1.4135938,-1.4235938,-2.0335937,-1.1235938,-1.1635938,-1.2035937,-1.2435937,-2.0335937,-2.0335937,-1.3335937,-0.92359376,-0.49359375,-1.2135937,-1.9635937,-0.9635937,-1.1335938,-1.1035937,-1.6835938,-0.95359373,0.7264063,0.6564062,-0.55359375,-1.4935937,-0.33359376,2.3664062,1.7064062,0.17640625,0.41640624
-2.9935937,-3.3135939,-3.3835938,-2.5735939,-2.8135939,-3.0335937,-2.9935937,-1.2035937,-1.7135937,-1.4935937,-2.1835938,-1.8535937,-1.8635937,-1.4635937,-1.5835937,-2.3235939,-1.9735937,-1.1835938,-1.6835938,-2.6135938,-1.6235938,-2.6135938,-2.3035936,-1.5935937,1.0764062,-1.3135937,-1.0935937,-0.80359375,-0.7135937,-0.81359375,-0.36359376,0.79640627,1.9464062,2.0564063,1.9164063,0.5264062,0.33640626,-1.1935937,-1.2735938,-1.8035938,0.6064063
-2.8535938,-3.2935936,-3.5235937,-2.9635937,-1.9835937,-2.5335937,-2.7135937,-2.6435938,-1.8835938,-2.0735939,-0.70359373,-0.5335938,0.57640624,-1.3935938,-0.95359373,-1.1635938,-1.0535938,-1.4535937,-0.5835937,-1.6635938,-2.4635937,-1.9735937,-1.8535937,-0.6435937,-0.10359375,-0.29359376,-0.26359376,-0.82359374,-0.38359374,0.08640625,-1.1335938,1.3064063,2.0164063,0.89640623,1.4264063,1.2664063,1.6164062,-0.05359375,-1.9135938,-1.6335938,2.0464063
-2.1135938,-2.9835937,-4.7435937,-4.353594,-3.5335937,-2.0435936,-2.5135937,-2.8835938,-1.5235938,-1.5435938,-0.88359374,-2.2035937,-1.0335938,-1.9935937,-1.9835937,-0.29359376,0.34640625,-0.9735938,-1.0335938,-1.0535938,-1.0235938,-1.1035937,-0.91359377,-0.46359375,-1.0235938,-0.07359375,-0.39359376,-0.43359375,0.63640624,0.11640625,1.5464063,1.3464062,1.7664063,3.8064063,3.3864062,4.036406,4.436406,2.7564063,1.7564063,3.2664063,2.0264063
-3.2135937,-3.6435938,-3.6635938,-4.4535937,-4.983594,-4.9035935,-5.0135937,-4.873594,-3.3635938,-2.1735938,-1.0435938,-1.1335938,-2.1135938,-2.0635939,-2.3535938,-1.5935937,0.20640625,-0.20359375,-0.66359377,-1.1935937,-1.4835937,-0.11359375,-0.82359374,0.27640626,0.07640625,-0.19359376,-0.39359376,-0.95359373,-1.5635937,-1.5235938,-1.1535938,-0.34359375,0.61640626,1.7764063,2.0964062,4.556406,3.9764063,3.6264062,3.7364063,3.2164063,4.4664063
-2.7735937,-4.8035936,-5.083594,-5.4535937,-5.7035937,-5.1535935,-5.333594,-5.3035936,-4.893594,-3.3635938,-0.8935937,-1.3535937,-0.9735938,-2.5935938,-4.213594,-4.5335937,-3.9635937,-2.2135937,-2.7735937,-2.7635937,-2.1135938,-2.5035937,-0.51359373,-0.41359374,0.35640624,-0.8435938,-1.3535937,-1.0935937,-0.8435938,-1.1135937,-1.4535937,1.4664062,0.44640625,1.0964062,1.8164062,4.1364064,5.8864064,4.0064063,3.3664062,4.976406,3.5564063
