wind.json
{"header": {"discipline":0,"disciplineName":"Meteorological products","gribEdition":2,"gribLength":1125,"center":7,"centerName":"US National Weather Service - NCEP(WMC)","subcenter":0,"refTime":"2023-06-29T06:00:00.000Z","significanceOfRT":1,"significanceOfRTName":"Start of forecast","productStatus":0,"productStatusName":"Operational products","productType":1,"productTypeName":"Forecast products","productDefinitionTemplate":0,"productDefinitionTemplateName":"Analysis/forecast at horizontal level/layer at a point in time","parameterCategory":2,"parameterCategoryName":"UnknownDiscipline_0_Category_2","parameterNumber":2,"parameterNumberName":"UnknownParameter_D0_C2_2","parameterUnit":"Unknown","genProcessType":2,"genProcessTypeName":"Forecast","forecastTime":0,"surface1Type":103,"surface1TypeName":"Specified height level above ground","surface1Value":10.0,"surface2Type":255,"surface2TypeName":"Missing","surface2Value":0.0,"gridDefinitionTemplate":0,"gridDefinitionTemplateName":"Latitude_Longitude","numberPoints":688,"shape":6,"shapeName":"Earth spherical with radius of 6,371,229.0 m","gridUnits":"degrees","resolution":48,"winds":"true","scanMode":64,"nx":43,"ny":16,"basicAngle":0,"lo1":45.0,"la1":40.0,"lo2":87.0,"la2":55.0,"dx":1.0,"dy":1.0}, "data":
[rows 0 to 15 of 16, columns 0 to 42 of 43]
1.7196045,-1.4403955,-3.0203955,-2.8403955,0.8496045,0.5996045,2.0796044,4.5796046,5.7596045,4.1396046,0.3696045,3.1496046,0.6396045,-3.9903955,-5.9903955,-4.2703953,-4.9603953,-4.2203956,-3.6703956,-3.6503954,-2.6303954,-1.6803955,-3.1803956,-0.6603955,2.2296045,3.1196046,0.5096045,0.7896045,1.2396045,1.6596045,4.3996043,1.4096045,1.0796045,3.3496046,5.0096045,3.9896045,6.1996045,0.009604492,7.2996044,5.5896044,6.1396046,1.1596045,-1.7203956
-0.5703955,-1.2403955,-0.18039551,2.7396045,-2.9003954,1.8096045,2.8796046,4.1096044,4.8896046,3.8496046,4.5996046,1.4496045,-0.3103955,-4.7303953,-5.0203953,-5.1803956,-4.2103953,-3.4503956,-2.3703954,-4.1503954,-4.6103954,-2.8803954,0.039604492,1.2296045,3.2696044,3.1496046,-2.7403955,1.7196045,2.1296046,3.7596045,4.0496044,4.3396044,5.4596043,0.8396045,-0.7003955,4.3996043,8.419604,5.5696044,5.5796046,5.7596045,1.1896045,-0.4003955,1.5096045
-0.8703955,1.0796045,1.7696044,-2.9003954,-1.0003955,0.4896045,1.1396044,1.1896045,-2.4503956,2.0096045,1.6396044,-2.4303956,-6.0803957,-6.4903955,-5.6603956,-4.9103956,-4.3403955,-3.6903956,-3.5403955,-4.7203956,-3.7503955,-3.7503955,-4.4503956,-2.4203956,2.1696045,3.8096044,1.1096045,-0.110395506,0.6496045,4.2196045,3.5096045,2.7196045,0.8396045,1.4696045,0.7796045,1.7196045,-0.09039551,-1.2403955,2.7196045,-0.21039551,4.4196043,3.2796044,1.4096045
-0.7303955,-3.955078E-4,-4.3503957,-2.6803956,-1.8103955,-1.2603955,0.6496045,-2.2403955,-4.5303955,-4.0203953,-6.0503955,-5.9703956,-6.3503957,-5.0103955,-4.6603956,-4.3203955,-3.7003956,-3.3703954,-3.4603956,-3.9403956,-3.4903955,-2.5303955,-0.2503955,-4.3503957,-4.0603957,-5.9503956,-2.7403955,-2.8003955,-1.3503956,0.3996045,4.0396047,-0.9703955,1.1596045,-0.9503955,0.059604492,2.3896046,-0.6503955,-1.0203955,0.7196045,0.099604495,5.2996044,4.2796044,-0.010395508
-4.4103956,-4.2503953,-3.4903955,-0.8403955,-0.2803955,-0.2903955,-0.5603955,-1.9603955,-1.8303955,-3.8903954,-3.5803955,-4.5803957,-4.5803957,-4.7003956,-4.2803955,-1.6003956,-1.3303955,-2.9803956,-3.7703955,-3.4003954,-3.2503955,-3.4603956,-4.1103954,-6.0903955,-2.6003954,-2.9303956,-2.7503955,-2.8903954,-1.4803956,-4.5103955,-4.9103956,-3.8603954,-0.8903955,0.06960449,5.9396043,7.5596046,6.8096046,7.1996045,2.1396046,2.0796044,-2.5803955,0.38960448,4.1896043
-2.4203956,-1.7403955,-2.5903955,-2.2003956,-0.36039552,0.019604493,1.0696045,0.9196045,0.55960447,0.17960449,2.0396044,-0.080395505,-2.7003956,-5.1803956,-3.9503956,-2.0803955,-0.1603955,-1.7403955,-2.0503955,-2.4803956,-3.2003956,-3.2203956,-2.8103955,-2.1203954,-2.6903956,-2.2203956,-2.9803956,-3.2403955,-4.2903957,-2.3403955,-2.6003954,-2.0803955,-0.36039552,1.4896045,2.6196046,3.3596046,-6.3003955,-2.1503954,6.6196046,-1.9103955,-0.6403955,2.9596045,1.8596045
-0.7903955,-1.4603955,-0.88039553,0.10960449,-0.7003955,0.15960449,0.9696045,1.9196045,3.7396045,1.1496044,2.9396045,0.5996045,-2.2703955,-3.4103956,-1.8703955,-1.9203955,2.6396046,0.17960449,-1.9803956,-2.0303955,-3.2503955,-2.3703954,-2.4503956,-3.1803956,-2.5803955,-1.6303955,-0.8503955,-0.5503955,-0.4003955,-2.4403956,2.2196045,0.5696045,0.17960449,0.15960449,1.6196045,3.8296044,5.3796043,1.8696045,6.5096045,7.5196047,10.359605,5.2296047,-0.050395507
-0.9703955,-0.5603955,-0.4303955,-0.080395505,0.6596045,0.9296045,1.7396045,1.9896045,2.1996045,-0.050395507,-2.5703955,-1.3303955,-2.9003954,-2.4003954,-3.955078E-4,-0.6803955,-1.6503955,-0.7603955,0.1696045,0.4696045,-0.09039551,-0.7703955,-0.8003955,-0.39039552,-1.6703955,-0.4803955,0.7596045,1.8496045,2.3096044,2.4796045,2.3496046,2.5896044,2.9696045,3.9696045,3.3696046,5.0196047,6.4396043,5.9196043,8.019605,4.9696045,5.6396046,0.099604495,0.7996045
0.7396045,-0.3503955,1.0096045,1.0196044,0.6096045,0.10960449,-0.18039551,-0.7803955,-1.0903955,0.3096045,-1.0003955,-4.6703954,-3.1403954,0.6596045,2.9696045,1.5496045,1.8196045,1.3796045,1.8996044,2.0896044,2.8496046,1.9896045,1.8196045,1.4896045,0.6496045,0.2996045,0.099604495,0.9496045,2.0496044,3.5796044,4.2596045,3.9296045,4.0996046,4.0396047,4.7796044,0.55960447,3.9596045,1.7896045,4.1296043,4.1196046,9.059605,8.979605,9.259604
0.6596045,0.2796045,1.5496045,1.6596045,1.6296045,-1.4703956,-2.8203955,-3.7503955,-4.6103954,-4.8703957,-3.2503955,-2.2503955,-1.7803955,-0.50039554,2.0396044,3.9696045,-0.8703955,0.35960448,3.9796045,2.2896044,2.8996046,3.2996044,3.6496046,1.7096045,2.0596044,1.9996045,2.6996045,2.5396044,3.4496045,4.6396046,4.9696045,5.3696046,4.9796047,3.5996046,4.7696047,4.8296046,4.3596044,4.3796043,5.8196044,3.9196045,2.7896044,1.7296045,4.3596044
0.7796045,0.4396045,1.0396045,1.7596045,-2.0703955,-2.6703956,-2.3003955,-3.7603955,-3.8303955,-3.7203956,-3.3603954,-2.5303955,-1.6803955,0.7296045,-2.0103955,-1.7703955,-1.1603955,2.3096044,2.4996045,2.3196044,2.7696044,3.1196046,4.2396045,3.6096046,4.7496047,3.4896045,3.8596046,4.7796044,5.1896043,6.0196047,6.6196046,7.2996044,6.2696047,6.0396047,5.6396046,0.9796045,2.9096045,4.2196045,1.8596045,2.1196046,3.0896044,2.0096045,2.5996046
0.9796045,-0.12039551,0.2796045,0.099604495,-1.3403955,-1.8903955,-2.9303956,-3.1203954,-3.3703954,-2.0403955,-1.0003955,0.07960449,-0.7103955,-0.8103955,-0.8003955,2.3896046,2.9596045,3.8996046,4.2496047,4.3696046,4.0196047,4.9896045,4.6196046,4.5796046,5.3296046,5.7996044,5.3096046,6.0096045,7.9196043,6.2296047,6.0196047,6.8196044,6.6896043,7.2296047,6.1196046,2.0396044,5.2396045,2.7696044,0.5696045,0.7096045,1.8396045,4.3396044,2.4596045
-3.955078E-4,-1.0303955,-1.0603955,-1.5603955,-1.2403955,-1.7703955,-2.7003956,-1.8903955,-2.2403955,-1.4103955,-2.3703954,-1.3703955,0.4596045,0.029604493,2.1596045,2.7196045,3.3096044,4.3696046,4.9996047,5.6496043,4.8396044,5.4596043,5.6896043,5.9396043,5.4896045,5.7696047,6.5496044,5.7696047,6.3896046,5.8996043,6.4496045,6.6696043,6.2696047,7.6996045,5.6696043,6.9296045,4.6896043,5.0596046,5.4696045,8.589604,6.1396046,7.2296047,7.2796044
-1.0203955,-0.6003955,0.009604492,-1.8203955,-1.9303955,-1.6203955,-1.1503955,-0.4403955,-0.4203955,0.2496045,1.0596045,0.6396045,1.7496045,2.9096045,2.9996045,4.2096043,5.0996046,5.1296043,4.8996043,5.4596043,6.0296044,6.3596044,6.3996043,6.7096043,7.0296044,7.3296046,5.3696046,6.4496045,5.8496046,6.7596045,6.3496046,6.3496046,7.1096044,7.8596044,7.4296045,7.1296043,9.479605,8.309605,8.569605,5.9196043,7.0496044,9.049604,6.6396046
-1.9203955,-0.1903955,0.5396045,-0.4403955,-1.0603955,-0.49039552,-0.080395505,1.8496045,1.6096045,2.1496046,2.4196045,2.4596045,3.0896044,3.9796045,3.7796044,4.4796047,4.1896043,4.5596046,4.6296043,4.6696043,5.5296044,6.5096045,6.6696043,7.2196045,8.489605,7.4496045,6.8896046,6.1396046,6.4496045,6.0696044,6.5196047,6.9496045,7.1996045,7.1196046,7.5696044,8.439605,8.069605,7.9896045,7.5096045,8.329604,6.3196044,5.2696047,7.2696047
-1.4303955,0.039604492,0.12960449,-1.1803955,-0.6203955,0.3496045,0.5896045,2.7796044,4.0496044,3.3496046,3.6896045,2.4296045,2.7196045,5.2496047,3.7296045,4.8896046,5.1096044,5.1796045,5.0796046,5.2596045,5.7196045,5.0396047,5.3296046,5.5196047,5.4296045,6.9796047,6.1096044,2.8196044,3.8796046,3.7296045,6.3596044,6.1596045,6.1596045,6.5296044,7.5896044,8.239605,9.199604,9.359605,9.049604,8.7196045,7.1996045,7.5996046,3.8496046
