wind_kz.json
{"header": {"discipline":0,"disciplineName":"Meteorological products","gribEdition":2,"gribLength":871,"center":7,"centerName":"US National Weather Service - NCEP(WMC)","subcenter":0,"refTime":"2023-09-24T18:00:00.000Z","significanceOfRT":1,"significanceOfRTName":"Start of forecast","productStatus":0,"productStatusName":"Operational products","productType":1,"productTypeName":"Forecast products","productDefinitionTemplate":0,"productDefinitionTemplateName":"Analysis/forecast at horizontal level/layer at a point in time","parameterCategory":0,"parameterCategoryName":"UnknownDiscipline_0_Category_0","parameterNumber":0,"parameterNumberName":"UnknownParameter_D0_C0_0","parameterUnit":"Unknown","genProcessType":2,"genProcessTypeName":"Forecast","forecastTime":180,"surface1Type":1,"surface1TypeName":"Ground or water surface","surface1Value":0.0,"surface2Type":255,"surface2TypeName":"Missing","surface2Value":0.0,"gridDefinitionTemplate":0,"gridDefinitionTemplateName":"Latitude_Longitude","numberPoints":615,"shape":6,"shapeName":"Earth spherical with radius of 6,371,229.0 m","gridUnits":"degrees","resolution":48,"winds":"true","scanMode":64,"nx":41,"ny":15,"basicAngle":0,"lo1":47.0,"la1":41.0,"lo2":87.0,"la2":55.0,"dx":1.0,"dy":1.0}, "data":
[rows 0 to 14 of 15, columns 0 to 40 of 41]
303.91168,292.41168,299.91168,293.41168,293.7117,292.7117,302.1117,307.91168,305.3117,306.8117,305.91168,306.8117,307.3117,307.7117,308.7117,310.91168,310.2117,307.3117,312.5117,310.0117,313.3117,311.5117,315.3117,309.91168,309.1117,314.0117,304.8117,295.6117,284.6117,290.41168,288.8117,284.2117,299.5117,304.7117,303.8117,301.2117,308.2117,309.2117,308.7117,310.2117,311.8117
284.1117,299.0117,293.0117,293.41168,293.2117,292.0117,305.2117,304.5117,303.5117,304.1117,305.41168,304.7117,307.2117,307.8117,309.1117,310.0117,310.41168,311.5117,312.2117,312.7117,314.1117,310.2117,309.2117,301.1117,290.6117,279.1117,298.8117,295.41168,298.1117,275.7117,290.0117,277.5117,275.91168,265.2117,273.5117,300.91168,298.5117,301.1117,307.1117,299.91168,284.6117
302.8117,292.8117,293.1117,292.5117,291.0117,301.0117,301.1117,301.5117,301.5117,302.0117,302.6117,303.91168,305.91168,306.0117,305.0117,309.5117,309.8117,311.1117,311.91168,312.2117,311.3117,310.2117,312.5117,303.91168,306.1117,304.1117,303.5117,304.3117,307.1117,295.8117,273.2117,279.6117,294.3117,294.1117,294.41168,291.6117,280.7117,287.3117,292.0117,286.5117,280.3117
301.41168,291.91168,292.8117,291.8117,293.5117,299.91168,299.2117,300.1117,301.1117,301.7117,302.3117,301.7117,290.8117,290.2117,303.3117,307.2117,305.1117,309.5117,311.7117,314.7117,309.5117,305.41168,305.3117,306.1117,307.1117,304.0117,305.91168,303.91168,301.1117,303.3117,305.1117,300.3117,303.5117,305.7117,305.8117,299.5117,280.8117,271.8117,288.3117,298.8117,300.6117
299.5117,291.3117,291.6117,291.0117,295.41168,301.7117,301.91168,300.41168,297.7117,299.0117,301.1117,301.5117,289.5117,288.6117,287.3117,304.91168,305.2117,303.7117,305.0117,303.2117,304.7117,305.91168,306.0117,305.8117,305.6117,305.2117,303.2117,299.91168,306.3117,305.41168,303.8117,303.41168,292.6117,278.2117,293.5117,301.6117,300.41168,306.1117,304.41168,304.41168,302.6117
298.3117,299.7117,290.3117,290.91168,291.0117,290.7117,303.0117,299.8117,299.3117,297.7117,297.5117,298.91168,291.1117,289.6117,297.1117,303.5117,301.91168,304.8117,302.7117,304.1117,304.8117,304.3117,304.41168,304.1117,303.3117,303.41168,304.1117,287.6117,301.5117,301.8117,303.5117,302.2117,302.2117,300.8117,296.91168,300.41168,294.91168,295.8117,305.6117,302.7117,300.0117
301.2117,302.91168,300.3117,301.41168,299.3117,303.41168,302.7117,300.2117,299.2117,297.7117,297.3117,296.3117,298.5117,299.8117,301.1117,300.1117,303.3117,302.5117,304.3117,302.5117,302.6117,301.91168,301.2117,298.91168,297.6117,299.2117,302.5117,304.5117,303.41168,304.7117,304.91168,303.5117,302.8117,300.41168,298.41168,297.5117,294.8117,291.7117,285.7117,288.7117,292.41168
300.91168,302.1117,301.5117,300.8117,301.5117,302.0117,302.7117,301.91168,300.7117,297.7117,297.41168,296.6117,295.8117,295.5117,298.0117,298.7117,300.1117,301.7117,302.0117,301.5117,299.8117,301.5117,301.6117,299.5117,299.1117,297.6117,297.3117,298.41168,296.91168,299.5117,298.5117,300.3117,299.6117,297.0117,297.6117,299.8117,299.41168,286.8117,300.5117,299.0117,295.5117
298.41168,297.91168,297.91168,299.5117,299.2117,301.2117,302.5117,300.41168,298.1117,298.1117,297.91168,296.5117,295.5117,296.1117,296.91168,297.91168,298.2117,301.0117,299.7117,298.7117,296.1117,297.3117,298.5117,299.0117,297.8117,296.91168,296.3117,295.8117,295.5117,295.3117,295.8117,296.6117,297.5117,290.91168,297.2117,293.41168,293.3117,293.41168,273.3117,273.2117,276.1117
295.8117,294.7117,295.7117,296.5117,297.1117,298.6117,299.41168,299.2117,298.7117,297.6117,296.3117,294.5117,295.91168,296.1117,295.1117,295.41168,296.3117,298.6117,299.41168,298.8117,296.0117,294.0117,296.7117,297.7117,298.2117,296.8117,295.41168,294.7117,294.2117,294.91168,296.1117,297.1117,298.6117,298.6117,295.91168,288.6117,285.2117,286.8117,285.41168,282.2117,276.41168
294.2117,294.1117,293.8117,294.0117,294.8117,295.3117,295.91168,296.7117,297.0117,296.7117,295.6117,294.6117,295.6117,293.6117,293.91168,293.6117,294.7117,293.8117,296.5117,296.1117,296.2117,296.3117,294.5117,293.1117,294.0117,294.91168,292.5117,293.7117,294.7117,296.6117,296.8117,299.2117,297.8117,295.91168,296.2117,291.2117,278.91168,279.5117,287.7117,282.7117,281.1117
291.8117,292.41168,292.8117,292.41168,292.5117,293.3117,293.3117,293.5117,295.0117,295.1117,292.7117,292.6117,294.0117,292.8117,293.0117,293.91168,293.41168,293.0117,294.2117,293.3117,293.41168,294.41168,293.6117,291.91168,290.5117,293.3117,293.6117,294.8117,293.8117,293.2117,295.0117,296.41168,296.0117,294.0117,294.8117,293.41168,293.5117,289.8117,287.5117,285.3117,290.2117
286.5117,287.8117,289.6117,290.1117,289.8117,289.1117,291.1117,292.3117,293.1117,292.5117,288.91168,289.1117,292.0117,291.2117,292.6117,293.3117,294.2117,293.1117,293.5117,293.1117,292.41168,291.8117,292.2117,291.0117,292.1117,292.7117,293.8117,293.41168,292.7117,293.6117,292.8117,292.91168,294.41168,293.3117,293.91168,293.1117,291.91168,292.7117,290.91168,286.3117,283.41168
287.1117,287.5117,287.0117,288.8117,288.8117,289.7117,289.6117,288.8117,290.5117,290.8117,287.41168,284.7117,288.8117,290.2117,291.6117,292.6117,292.1117,292.5117,292.3117,292.8117,293.1117,292.7117,293.1117,292.91168,293.3117,294.0117,293.2117,292.91168,291.91168,292.5117,292.7117,292.41168,291.5117,290.41168,291.41168,290.6117,291.5117,290.3117,291.3117,288.2117,289.0117
285.5117,287.6117,285.7117,287.91168,288.1117,288.5117,288.5117,288.5117,286.2117,288.1117,287.91168,287.6117,284.7117,287.1117,288.2117,290.0117,291.5117,291.0117,287.0117,289.2117,292.5117,292.7117,293.91168,292.91168,291.41168,291.41168,292.2117,292.2117,292.41168,291.8117,291.5117,288.0117,291.41168,290.8117,290.8117,290.7117,291.0117,290.0117,289.91168,288.8117,285.5117
