wind.json
{"header": {"discipline":0,"disciplineName":"Meteorological products","gribEdition":2,"gribLength":1039,"center":7,"centerName":"US National Weather Service - NCEP(WMC)","subcenter":0,"refTime":"2023-06-29T06:00:00.000Z","significanceOfRT":1,"significanceOfRTName":"Start of forecast","productStatus":0,"productStatusName":"Operational products","productType":1,"productTypeName":"Forecast products","productDefinitionTemplate":0,"productDefinitionTemplateName":"Analysis/forecast at horizontal level/layer at a point in time","parameterCategory":0,"parameterCategoryName":"UnknownDiscipline_0_Category_0","parameterNumber":0,"parameterNumberName":"UnknownParameter_D0_C0_0","parameterUnit":"Unknown","genProcessType":2,"genProcessTypeName":"Forecast","forecastTime":60,"surface1Type":1,"surface1TypeName":"Ground or water surface","surface1Value":0.0,"surface2Type":255,"surface2TypeName":"Missing","surface2Value":0.0,"gridDefinitionTemplate":0,"gridDefinitionTemplateName":"Latitude_Longitude","numberPoints":688,"shape":6,"shapeName":"Earth spherical with radius of 6,371,229.0 m","gridUnits":"degrees","resolution":48,"winds":"true","scanMode":64,"nx":43,"ny":16,"basicAngle":0,"lo1":45.0,"la1":40.0,"lo2":87.0,"la2":55.0,"dx":1.0,"dy":1.0}, "data":
[rows 0 to 15 of 16, columns 0 to 42 of 43]
281.00983,281.10983,296.60983,295.80984,296.20984,296.70984,296.10983,294.60983,296.00983,297.00983,302.60983,303.30984,306.40985,307.30984,303.30984,306.50983,305.60983,304.30984,302.60983,300.70984,299.60983,299.10983,297.30984,298.20984,293.50983,293.10983,295.50983,285.90985,278.90985,280.60983,284.70984,295.20984,294.90985,294.40985,298.00983,298.70984,299.10983,293.30984,291.40985,291.20984,292.80984,295.60983,295.50983
284.10983,294.80984,295.10983,285.50983,289.90985,295.80984,295.90985,294.60983,295.70984,300.50983,301.70984,302.90985,303.40985,304.60983,306.10983,306.60983,305.40985,302.50983,301.10983,301.90985,300.10983,302.10983,302.10983,296.90985,297.50983,292.60983,299.30984,298.10983,292.40985,277.60983,278.80984,277.40985,280.40985,282.30984,290.80984,296.80984,297.60983,297.70984,296.30984,293.90985,292.80984,292.20984,295.30984
283.50983,280.80984,273.20984,289.70984,295.90985,295.80984,295.60983,293.80984,297.60983,299.90985,299.70984,301.70984,301.50983,302.10983,304.80984,303.50983,304.10983,300.80984,299.50983,298.60983,299.50983,299.60983,299.30984,299.60983,297.50983,288.80984,276.50983,276.50983,286.50983,277.00983,280.70984,273.70984,280.10983,269.80984,284.10983,256.10983,276.20984,291.90985,291.20984,292.00983,295.00983,285.80984,283.20984
284.90985,288.90985,291.40985,296.50983,296.20984,296.00983,295.20984,295.60983,297.80984,297.40985,297.70984,298.50983,298.30984,299.90985,301.80984,303.60983,304.90985,299.40985,299.10983,298.40985,298.50983,299.00983,300.40985,301.60983,299.40985,294.10983,291.60983,292.60983,292.10983,290.20984,291.00983,280.50983,273.00983,275.90985,280.90985,279.90985,280.60983,283.60983,273.00983,275.70984,278.30984,274.80984,270.30984
294.80984,296.60983,295.30984,296.90985,297.00983,296.30984,295.60983,294.80984,296.00983,295.00983,296.50983,296.90985,297.00983,298.80984,294.50983,293.90985,303.50983,301.30984,301.60983,298.70984,297.20984,298.60983,298.30984,293.90985,298.80984,298.40985,295.60983,295.40985,296.90985,296.40985,293.10983,292.30984,293.80984,289.10983,295.50983,290.20984,288.20984,287.10983,274.50983,276.00983,279.20984,288.80984,293.70984
293.40985,297.10983,299.00983,297.60983,297.20984,297.80984,297.60983,296.20984,294.90985,295.50983,295.50983,296.10983,295.70984,298.70984,295.10983,294.40985,291.50983,303.00983,301.80984,299.20984,297.80984,300.50983,301.00983,301.30984,300.30984,298.50983,297.60983,298.00983,295.40985,293.80984,293.90985,294.70984,296.80984,290.60983,279.50983,270.50983,282.10983,292.80984,294.70984,299.10983,299.50983,299.40985,299.10983
292.30984,295.50983,295.80984,292.90985,298.10983,297.10983,297.00983,296.60983,294.60983,294.70984,294.10983,295.10983,296.40985,299.90985,294.70984,293.80984,297.50983,300.90985,300.10983,298.90985,300.90985,301.40985,300.00983,299.70984,297.90985,297.60983,296.70984,294.10983,295.60983,290.40985,296.20984,298.20984,296.00983,296.60983,293.50983,289.20984,285.70984,287.20984,280.10983,285.10983,293.30984,296.50983,295.20984
293.10983,293.70984,292.40985,292.20984,296.10983,298.30984,296.30984,295.20984,295.10983,293.40985,292.90985,295.60983,297.20984,299.30984,301.70984,301.10983,297.30984,296.60983,299.10983,299.20984,300.40985,299.00983,298.10983,299.00983,298.90985,298.70984,295.90985,295.90985,294.90985,296.20984,293.20984,293.60983,294.30984,293.80984,293.50983,292.80984,289.80984,286.80984,281.40985,278.50983,275.40985,276.20984,290.00983
293.20984,292.80984,294.50983,294.90985,296.20984,296.30984,296.60983,294.80984,295.40985,291.70984,290.00983,293.50983,295.90985,297.60983,299.70984,300.20984,299.80984,300.30984,299.80984,300.90985,300.10983,296.60983,296.40985,296.90985,296.40985,296.60983,294.40985,289.30984,291.70984,292.30984,290.40985,292.10983,289.60983,289.20984,286.30984,283.30984,279.60983,284.90985,288.40985,288.00983,287.10983,288.30984,283.00983
290.10983,292.80984,293.70984,294.50983,294.10983,294.70984,296.50983,293.10983,292.10983,290.60983,290.00983,292.30984,294.10983,295.30984,298.20984,300.40985,297.50983,299.50983,298.40985,298.50983,298.10983,297.40985,295.00983,295.00983,295.50983,293.70984,291.60983,291.10983,287.60983,286.20984,282.70984,283.00983,284.20984,283.80984,284.20984,285.20984,282.10983,280.00983,281.90985,279.70984,272.40985,273.50983,273.50983
289.80984,290.90985,289.90985,291.20984,291.60983,290.80984,291.90985,289.50983,289.70984,288.50983,288.70984,291.10983,292.40985,293.00983,295.10983,297.60983,297.10983,297.20984,297.30984,298.20984,296.20984,296.90985,295.80984,296.20984,295.50983,294.20984,291.70984,289.90985,288.00983,287.00983,285.70984,285.20984,284.60983,287.50983,287.60983,287.10983,284.70984,282.50983,280.50983,278.60983,274.60983,277.60983,275.80984
288.00983,288.70984,288.30984,288.40985,288.40985,289.60983,289.90985,288.90985,288.90985,289.50983,288.50983,290.00983,290.70984,290.30984,292.80984,293.30984,295.50983,294.90985,294.80984,295.40985,296.30984,295.60983,295.40985,295.30984,293.00983,291.80984,289.30984,288.90985,285.90985,288.20984,288.30984,289.60983,289.70984,288.50983,287.10983,287.80984,285.50983,281.40985,279.80984,275.60983,274.80984,277.10983,277.50983
287.60983,287.20984,286.90985,288.00983,287.50983,288.10983,287.90985,288.50983,287.30984,287.50983,288.60983,289.40985,287.80984,290.90985,291.60983,295.30984,295.00983,295.70984,295.70984,294.40985,294.50983,293.20984,292.20984,291.60983,290.80984,289.70984,288.60983,289.10983,288.60983,289.30984,290.50983,290.20984,287.10983,287.20984,287.10983,284.30984,285.40985,283.60983,283.50983,283.50983,282.00983,282.10983,281.40985
287.00983,286.70984,286.10983,286.30984,287.70984,287.80984,289.00983,288.40985,287.80984,287.90985,288.00983,288.90985,287.40985,288.10983,292.90985,293.90985,295.20984,295.10983,294.50983,294.50983,294.40985,292.80984,291.60983,289.80984,288.50983,288.10983,289.10983,289.70984,291.00983,289.40985,288.80984,287.30984,287.50983,286.80984,286.60983,284.90985,284.60983,287.80984,287.60983,285.00983,282.40985,281.80984,282.20984
287.10983,286.50983,286.20984,286.80984,288.80984,288.60983,288.20984,287.80984,286.80984,287.20984,288.20984,288.40985,287.70984,287.90985,290.70984,294.80984,293.00983,294.70984,293.80984,295.60983,294.50983,292.70984,291.80984,290.70984,290.10983,289.60983,289.20984,289.00983,288.20984,287.60983,286.60983,286.80984,287.90985,285.20984,283.60983,283.40985,284.30984,283.90985,285.50983,285.00983,281.60983,281.60983,281.80984
286.90985,286.40985,286.60983,287.00983,290.10983,287.80984,288.30984,287.60983,287.00983,287.30984,288.00983,289.60983,290.10983,289.10983,291.20984,289.30984,294.50983,293.30984,291.70984,291.90985,294.50983,292.60983,291.40985,289.70984,288.80984,287.90985,287.30984,286.80984,286.80984,286.40985,286.40985,285.00983,288.10983,285.50983,282.10983,283.20984,282.80984,287.00983,286.70984,282.00983,282.40985,283.20984,283.60983
