wind_kz.json
{"header": {"discipline":0,"disciplineName":"Meteorological products","gribEdition":2,"gribLength":871,"center":7,"centerName":"US National Weather Service - NCEP(WMC)","subcenter":0,"refTime":"2023-08-26T18:00:00.000Z","significanceOfRT":1,"significanceOfRTName":"Start of forecast","productStatus":0,"productStatusName":"Operational products","productType":1,"productTypeName":"Forecast products","productDefinitionTemplate":0,"productDefinitionTemplateName":"Analysis/forecast at horizontal level/layer at a point in time","parameterCategory":0,"parameterCategoryName":"UnknownDiscipline_0_Category_0","parameterNumber":0,"parameterNumberName":"UnknownParameter_D0_C0_0","parameterUnit":"Unknown","genProcessType":2,"genProcessTypeName":"Forecast","forecastTime":120,"surface1Type":1,"surface1TypeName":"Ground or water surface","surface1Value":0.0,"surface2Type":255,"surface2TypeName":"Missing","surface2Value":0.0,"gridDefinitionTemplate":0,"gridDefinitionTemplateName":"Latitude_Longitude","numberPoints":615,"shape":6,"shapeName":"Earth spherical with radius of 6,371,229.0 m","gridUnits":"degrees","resolution":48,"winds":"true","scanMode":64,"nx":41,"ny":15,"basicAngle":0,"lo1":47.0,"la1":41.0,"lo2":87.0,"la2":55.0,"dx":1.0,"dy":1.0}, "data":
[rows 0 to 14 of 15, columns 0 to 40 of 41]
296.19177,287.19177,290.09177,298.69177,298.59177,297.59177,296.59177,298.59177,296.99176,297.69177,295.79178,297.09177,295.89178,295.69177,295.19177,293.19177,290.79178,293.09177,290.59177,293.09177,295.59177,290.89178,290.09177,288.99176,293.19177,292.89178,293.29178,278.89178,281.49176,280.39178,276.09177,278.69177,292.29178,297.79178,298.79178,299.19177,296.99176,297.69177,298.59177,299.19177,297.59177
278.29178,289.49176,298.79178,298.99176,298.79178,297.39178,295.79178,295.39178,294.49176,294.39178,295.29178,293.69177,292.49176,290.99176,291.69177,291.79178,292.19177,289.49176,289.59177,289.29178,288.49176,291.89178,290.59177,283.39178,275.59177,279.69177,284.89178,279.79178,281.99176,275.89178,283.49176,277.29178,284.19177,264.79178,281.39178,296.09177,294.99176,297.49176,300.69177,292.69177,284.29178
291.19177,298.19177,299.09177,299.09177,297.59177,295.09177,294.59177,294.49176,293.29178,293.19177,295.69177,296.79178,291.79178,293.59177,290.79178,288.09177,289.19177,287.49176,288.19177,290.69177,292.59177,290.19177,289.29178,285.39178,289.09177,288.09177,293.59177,288.99176,287.59177,281.19177,276.69177,280.89178,285.39178,283.69177,286.39178,287.59177,278.59177,281.09177,282.89178,279.09177,279.79178
290.19177,298.39178,298.79178,298.29178,295.49176,293.39178,293.89178,292.79178,293.29178,292.69177,292.39178,291.89178,294.89178,294.09177,290.09177,290.09177,289.69177,287.89178,288.49176,290.79178,288.39178,289.29178,291.69177,292.49176,292.99176,296.19177,295.49176,294.79178,290.59177,292.69177,291.89178,290.29178,295.69177,292.69177,290.39178,291.59177,280.39178,280.79178,285.29178,293.19177,297.39178
294.09177,297.79178,298.29178,298.09177,296.19177,293.19177,293.09177,293.49176,292.89178,292.29178,291.89178,291.19177,294.69177,293.29178,291.09177,291.29178,291.19177,289.89178,287.49176,293.29178,291.49176,291.89178,289.19177,290.89178,290.09177,290.69177,293.29178,292.49176,293.39178,294.59177,295.29178,289.99176,281.39178,274.79178,285.79178,297.09177,295.69177,301.49176,299.99176,299.99176,299.79178
291.99176,289.19177,295.99176,296.39178,297.49176,296.89178,293.99176,294.99176,292.69177,292.19177,292.39178,292.09177,293.69177,294.29178,292.49176,291.89178,292.99176,290.59177,288.79178,290.49176,286.99176,288.49176,291.29178,287.99176,288.19177,286.89178,289.49176,292.79178,292.39178,295.19177,291.29178,294.39178,292.19177,290.19177,287.99176,291.69177,287.99176,289.79178,297.19177,300.29178,299.19177
292.29178,291.29178,293.09177,294.49176,294.09177,291.69177,292.99176,292.19177,292.39178,292.39178,291.59177,290.59177,289.99176,291.29178,291.59177,292.09177,291.39178,291.89178,289.39178,290.29178,289.29178,288.79178,289.89178,288.09177,286.99176,287.89178,288.39178,290.39178,290.79178,290.69177,290.19177,289.69177,291.29178,292.29178,291.69177,289.79178,286.59177,287.09177,286.29178,284.99176,295.89178
293.29178,291.89178,294.09177,293.39178,294.19177,293.19177,292.19177,290.89178,289.99176,292.49176,290.79178,289.89178,289.29178,289.49176,288.99176,290.49176,290.49176,290.19177,289.99176,287.69177,285.79178,287.59177,285.69177,288.39178,288.59177,283.39178,284.59177,286.69177,287.09177,289.09177,288.29178,289.09177,287.79178,286.29178,287.09177,290.59177,290.99176,289.39178,296.09177,296.59177,289.79178
291.89178,290.89178,291.89178,289.79178,292.09177,290.69177,288.59177,289.29178,288.49176,288.49176,288.79178,287.69177,287.99176,288.79178,288.49176,288.69177,289.09177,288.69177,286.79178,283.89178,282.39178,285.69177,285.09177,283.59177,285.99176,287.79178,284.09177,282.99176,282.89178,285.29178,284.29178,286.99176,288.69177,288.09177,287.89178,288.09177,286.79178,288.89178,282.89178,282.59177,278.79178
290.19177,290.99176,289.79178,288.69177,288.49176,289.09177,288.19177,287.99176,287.59177,286.99176,288.09177,286.89178,287.39178,287.59177,287.39178,287.69177,286.89178,285.99176,286.39178,285.19177,282.69177,282.79178,284.09177,284.49176,283.89178,282.29178,284.59177,282.99176,286.49176,284.99176,285.39178,289.09177,290.29178,289.49176,289.89178,287.09177,286.89178,283.19177,280.99176,283.19177,282.99176
287.89178,287.09177,287.09177,288.29178,286.89178,287.09177,287.19177,286.29178,285.69177,285.39178,283.69177,286.89178,287.19177,285.89178,283.69177,285.29178,284.59177,286.39178,284.99176,285.69177,284.39178,284.69177,281.89178,282.19177,285.19177,281.49176,284.09177,286.79178,286.29178,286.89178,288.79178,290.09177,289.09177,289.89178,289.69177,287.49176,283.99176,281.99176,281.59177,284.99176,282.69177
287.09177,288.29178,287.19177,287.39178,286.39178,285.79178,284.19177,283.89178,284.49176,283.49176,284.29178,285.79178,285.69177,283.39178,283.69177,284.09177,284.59177,285.29178,285.19177,284.69177,283.69177,283.69177,283.09177,281.89178,281.09177,282.69177,282.99176,284.39178,285.79178,287.39178,285.79178,288.39178,291.29178,287.09177,287.79178,287.89178,289.19177,288.39178,289.49176,287.19177,288.49176
285.69177,284.09177,286.09177,285.79178,286.69177,284.99176,283.59177,282.89178,281.99176,282.09177,283.09177,281.49176,284.49176,282.39178,282.79178,283.59177,284.09177,283.49176,284.09177,283.79178,282.59177,281.79178,282.89178,282.09177,281.69177,283.09177,284.69177,284.29178,285.29178,284.59177,286.19177,286.39178,289.79178,285.69177,285.49176,286.39178,287.69177,290.49176,288.39178,289.09177,288.89178
284.89178,285.99176,287.99176,286.49176,285.09177,286.89178,283.19177,282.59177,281.89178,282.49176,279.89178,280.59177,282.59177,282.49176,282.79178,283.19177,283.49176,283.69177,283.99176,282.79178,284.39178,282.19177,282.59177,282.69177,282.09177,283.19177,283.29178,284.29178,284.49176,284.49176,284.99176,287.19177,286.39178,283.99176,284.69177,284.89178,286.59177,286.39178,287.39178,287.39178,289.09177
285.99176,286.49176,290.39178,285.79178,285.49176,284.19177,286.99176,281.89178,282.79178,281.79178,285.99176,281.79178,280.49176,281.49176,282.19177,283.09177,283.69177,284.59177,285.69177,284.99176,283.19177,282.89178,283.29178,283.79178,283.49176,283.69177,283.09177,283.89178,282.79178,283.39178,283.99176,283.59177,283.99176,283.29178,283.29178,284.69177,285.09177,286.49176,286.69177,289.29178,289.19177
