wind_kz.json
{"header": {"discipline":0,"disciplineName":"Meteorological products","gribEdition":2,"gribLength":1025,"center":7,"centerName":"US National Weather Service - NCEP(WMC)","subcenter":0,"refTime":"2023-08-07T06:00:00.000Z","significanceOfRT":1,"significanceOfRTName":"Start of forecast","productStatus":0,"productStatusName":"Operational products","productType":1,"productTypeName":"Forecast products","productDefinitionTemplate":0,"productDefinitionTemplateName":"Analysis/forecast at horizontal level/layer at a point in time","parameterCategory":2,"parameterCategoryName":"UnknownDiscipline_0_Category_2","parameterNumber":2,"parameterNumberName":"UnknownParameter_D0_C2_2","parameterUnit":"Unknown","genProcessType":2,"genProcessTypeName":"Forecast","forecastTime":180,"surface1Type":103,"surface1TypeName":"Specified height level above ground","surface1Value":10.0,"surface2Type":255,"surface2TypeName":"Missing","surface2Value":0.0,"gridDefinitionTemplate":0,"gridDefinitionTemplateName":"Latitude_Longitude","numberPoints":615,"shape":6,"shapeName":"Earth spherical with radius of 6,371,229.0 m","gridUnits":"degrees","resolution":48,"winds":"true","scanMode":64,"nx":41,"ny":15,"basicAngle":0,"lo1":47.0,"la1":41.0,"lo2":87.0,"la2":55.0,"dx":1.0,"dy":1.0}, "data":
[rows 0 to 14 of 15, columns 0 to 40 of 41]
-5.450952,-1.2409521,1.9390478,-2.1009521,-1.7509521,-0.77095217,-3.1209521,-4.330952,-5.200952,-4.060952,-2.450952,-3.8609521,-3.8509521,-2.8309522,-2.8509521,-2.8509521,-3.3809521,-3.6309521,-4.090952,-3.8009522,-0.7509521,-0.07095215,0.6790478,-1.1509521,0.039047852,-2.940952,-2.6009521,0.27904785,0.32904786,1.0390478,0.78904784,-0.20095214,1.0490478,-0.71095216,-4.5009522,-4.240952,-4.870952,-7.640952,-11.650952,-8.2409525,-7.090952
1.2190479,1.7390479,-2.8109522,-2.430952,-1.9209522,0.60904783,-5.390952,-5.450952,-4.1509523,-3.5209522,-3.3309522,-4.490952,-3.160952,-3.400952,-2.640952,-3.220952,-3.180952,-2.970952,-2.9909523,-2.3409522,-2.0009522,-3.3809521,-1.6509521,-2.3109522,0.29904786,1.4690479,-1.3309522,0.46904784,-4.100952,-0.24095215,0.23904786,-0.26095214,-0.020952148,-2.3709521,0.35904786,0.46904784,-1.1309521,-0.26095214,1.0290478,-1.4709522,-1.6309521
1.1890478,-3.5309522,-2.0109522,-0.8109521,2.1790478,-2.3109522,-4.220952,-1.7309521,-2.8209522,-3.190952,-3.970952,-3.8809521,-2.950952,-2.7609522,-1.8609521,-3.180952,-3.2609522,-3.0309522,-2.4809523,-1.8009522,-1.8409522,-5.9409523,-5.160952,-6.4009523,-0.90095216,-2.910952,-0.8709521,1.1690478,-2.5909522,-0.27095214,0.34904784,1.6390479,0.01904785,0.10904785,0.04904785,-2.190952,0.23904786,0.59904784,3.2590477,2.9290478,1.9090478
-2.2909522,-2.950952,-0.71095216,0.63904786,1.0690478,1.2090478,0.39904785,-2.640952,-2.210952,-1.7809521,-2.5609522,-2.210952,-1.3309522,-1.2109522,0.28904784,-0.04095215,-1.8309522,-2.8209522,-2.8009522,-1.7009522,-1.9809521,-4.5009522,-1.7609521,-2.3609521,-2.170952,-2.0509522,-2.1209521,-5.1109524,-2.970952,-0.7509521,0.27904785,-1.1409521,2.6590478,4.169048,-1.6209521,-2.470952,-1.7709521,2.3890479,-1.0009521,0.31904784,0.42904785
-0.18095215,-0.60095215,0.70904785,3.079048,-0.8109521,-0.07095215,-0.7509521,0.70904785,0.27904785,0.8090479,2.2690477,3.4890478,4.0990477,4.719048,4.419048,3.9390478,3.4490478,0.9290478,-0.53095216,-0.86095214,-0.8209522,-2.470952,-2.160952,-1.0609522,-2.0009522,-1.5509522,-2.650952,-2.3609521,-2.4809523,-0.17095214,-1.2709521,-1.5409522,-1.9109521,2.339048,1.3890479,1.7690479,-2.5809522,-1.8309522,-2.3309522,-1.3909521,-0.11095215
1.4790479,0.23904786,1.5790478,4.4990478,-1.6809522,2.7490478,2.3890479,2.599048,1.9090478,3.5090477,4.669048,5.7490478,5.5790477,7.879048,7.669048,5.3290477,5.779048,4.259048,2.559048,1.1390479,1.2490479,2.2190478,1.4490478,1.4090478,1.6490479,2.029048,2.079048,1.4290478,1.0690478,1.2390479,1.9490478,0.39904785,0.6290479,1.6890478,0.9290478,1.3490479,2.559048,2.9690478,2.4290478,-3.1209521,-3.8109522
-0.44095215,0.81904787,0.64904785,2.609048,3.8690479,4.4990478,4.8090477,4.979048,5.799048,7.199048,8.519048,6.779048,6.459048,5.379048,5.1190476,7.009048,4.929048,8.569048,8.2590475,2.0190477,1.8990479,3.299048,0.63904786,2.4790478,2.359048,2.4390478,3.589048,3.3690479,4.109048,2.2490478,0.60904783,-3.0209522,-2.940952,-1.9409522,1.6890478,-0.14095215,0.22904785,1.9590478,-1.3809521,1.0190479,0.38904786
-0.06095215,0.14904785,-1.6709522,3.799048,6.689048,6.929048,8.109048,8.039048,8.449048,8.439048,4.759048,6.939048,1.3990479,2.2190478,2.9290478,2.819048,7.7890477,7.509048,7.549048,4.7490478,-1.9609522,2.089048,-1.9309522,0.029047852,1.2590479,0.83904785,-0.06095215,1.8990479,0.51904786,-3.5009522,-3.210952,-2.460952,-2.210952,-0.6209521,0.34904784,0.23904786,0.60904783,-0.89095217,-0.78095216,0.63904786,-1.6409521
1.4690479,1.5790478,0.63904786,2.4790478,3.569048,3.6690478,0.76904786,0.6290479,6.419048,4.359048,6.0790477,0.7390478,-1.8509521,-3.5309522,-4.1509523,-2.720952,-2.7409523,-2.180952,-2.210952,-3.140952,-2.8009522,-1.6309521,-1.4209522,-0.020952148,-0.53095216,-0.18095215,0.9890478,-0.24095215,-0.8109521,-0.34095216,-0.26095214,-0.8809521,1.2790478,-0.46095216,-0.09095215,1.3090478,0.22904785,-1.5809522,-1.0709522,-0.8109521,-1.1909522
2.4290478,1.7090478,1.4790479,3.2390478,1.9690479,1.3790479,-0.6309521,1.9990479,3.4690478,2.849048,-2.5709522,-3.5709522,-7.570952,-5.770952,-6.120952,-5.0009522,-5.070952,-4.800952,-4.470952,-2.890952,-2.7509522,-1.4709522,-0.9509522,5.2490478,2.059048,-4.7109523,-3.700952,-3.3509521,-2.210952,-0.8209522,0.63904786,-0.39095214,-0.55095214,-0.37095216,0.69904786,0.70904785,-1.0209521,-0.8709521,-0.24095215,0.39904785,-0.010952149
2.819048,3.4990478,0.60904783,-0.34095216,0.039047852,2.4690478,2.2490478,3.599048,0.26904786,0.8790479,-4.1709523,-4.060952,-5.820952,-6.100952,-3.5909522,-3.2409523,-2.3509521,-2.160952,-3.2409523,-1.3509521,0.36904785,0.88904786,0.82904786,-0.37095216,-3.4809523,-3.5309522,-2.690952,-1.7109522,-1.0609522,-0.7609522,-0.64095217,-0.45095214,0.11904785,0.26904786,0.38904786,0.57904786,-1.2709521,-0.24095215,-0.32095215,0.94904786,-0.93095213
2.2590477,1.3590479,0.59904784,-0.07095215,1.9490478,1.2590479,1.7090478,1.6890478,0.01904785,-1.1609521,-6.040952,-4.910952,-4.020952,-1.8809521,-1.6809522,-2.0209522,-3.0409522,-0.5009521,0.31904784,1.7190479,-0.86095214,-2.0209522,-2.3209522,-3.390952,-2.920952,-2.2409523,-0.8709521,-0.27095214,-0.07095215,-0.39095214,0.43904784,1.9690479,0.28904784,-0.19095215,0.49904785,1.6790478,1.6590478,0.46904784,-0.09095215,0.27904785,-0.050952148
2.1690478,2.1590478,1.1690478,1.8090478,1.0090479,1.2390479,2.1990478,2.029048,-0.72095215,-0.41095215,-0.99095213,-1.3009522,0.38904786,-2.3309522,-0.74095213,-2.170952,0.16904785,1.3290478,0.37904784,-1.7609521,-3.0509522,-2.970952,-1.5109521,-0.67095214,0.52904785,0.59904784,0.7390478,-1.2809521,-0.40095216,1.1790478,0.59904784,0.43904784,-0.5009521,-0.13095215,1.8790479,1.7390479,2.309048,0.7990478,2.059048,1.3190478,0.75904787
1.2590479,1.4990479,3.1390479,1.8990479,1.1590478,2.1990478,2.4090478,1.8490479,2.4490478,3.069048,-1.2009522,-1.0509522,-0.93095213,-0.7509521,-0.22095215,0.099047855,1.9090478,-1.9309522,-3.950952,-3.5109522,-2.8309522,-1.5109521,-0.31095216,1.7790478,1.6590478,1.1090479,1.0990479,0.7990478,0.58904785,1.6490479,1.9890479,-0.030952148,0.34904784,1.0890479,1.5290478,1.6090479,1.4990479,1.6590478,0.60904783,0.53904784,1.3490479
1.1490479,2.4590478,3.8990479,0.8790479,1.9890479,2.289048,3.329048,3.4990478,1.8990479,-2.3209522,-2.690952,-1.2709521,-1.2209522,1.2590479,1.1590478,2.4090478,-2.1009521,-3.0409522,-1.4509522,-1.9909521,-1.1209521,-1.0509522,0.6890479,1.7690479,1.8490479,2.1690478,2.789048,2.279048,1.8990479,0.85904783,0.33904785,-0.19095215,0.36904785,1.4690479,2.339048,2.4290478,-0.010952149,-0.60095215,1.3490479,1.4790479,0.19904785
