wind_kz.json
{"header": {"discipline":0,"disciplineName":"Meteorological products","gribEdition":2,"gribLength":1025,"center":7,"centerName":"US National Weather Service - NCEP(WMC)","subcenter":0,"refTime":"2023-08-22T06:00:00.000Z","significanceOfRT":1,"significanceOfRTName":"Start of forecast","productStatus":0,"productStatusName":"Operational products","productType":1,"productTypeName":"Forecast products","productDefinitionTemplate":0,"productDefinitionTemplateName":"Analysis/forecast at horizontal level/layer at a point in time","parameterCategory":2,"parameterCategoryName":"UnknownDiscipline_0_Category_2","parameterNumber":3,"parameterNumberName":"UnknownParameter_D0_C2_3","parameterUnit":"Unknown","genProcessType":2,"genProcessTypeName":"Forecast","forecastTime":240,"surface1Type":103,"surface1TypeName":"Specified height level above ground","surface1Value":10.0,"surface2Type":255,"surface2TypeName":"Missing","surface2Value":0.0,"gridDefinitionTemplate":0,"gridDefinitionTemplateName":"Latitude_Longitude","numberPoints":615,"shape":6,"shapeName":"Earth spherical with radius of 6,371,229.0 m","gridUnits":"degrees","resolution":48,"winds":"true","scanMode":64,"nx":41,"ny":15,"basicAngle":0,"lo1":47.0,"la1":41.0,"lo2":87.0,"la2":55.0,"dx":1.0,"dy":1.0}, "data":
[rows 0 to 14 of 15, columns 0 to 40 of 41]
1.7239069,2.333907,2.6339068,4.953907,2.823907,0.98390687,2.503907,2.4639068,1.8139069,1.3439069,0.74390686,0.87390685,0.11390686,-0.95609313,-3.206093,-5.106093,-6.7460933,-6.346093,-7.716093,-4.696093,-5.176093,-4.586093,0.37390685,2.1739068,3.7339067,3.253907,0.11390686,1.4039068,-1.6060932,-4.4160933,-1.7860931,-1.6560931,-1.2660931,-1.3560932,0.34390685,1.6439068,1.9839069,-1.4160931,-0.7160931,3.053907,3.4539068
0.12390686,0.5839069,4.893907,4.943907,4.193907,3.263907,2.9239068,3.283907,2.3439069,1.7039069,1.5039068,0.50390685,1.2639068,0.67390686,-2.486093,-3.5860932,-5.276093,-7.116093,-8.076093,-7.7260933,-5.656093,-6.316093,-2.746093,-1.0860932,3.003907,4.2339067,3.773907,3.763907,-0.7160931,2.553907,-0.7160931,-0.31609315,2.033907,1.4139068,4.3539066,4.0239067,3.7239068,2.1339068,0.73390687,-0.64609313,-1.0060931
0.23390687,5.0039067,5.573907,4.7939067,4.143907,5.263907,4.2339067,3.1239069,3.783907,3.1439068,2.8739069,2.513907,2.323907,1.2539068,0.31390685,-1.4060931,-4.296093,-7.1860933,-8.106093,-8.576093,-6.426093,-2.956093,-7.7660933,-2.7960932,-3.0460932,-3.1260931,-2.5360932,-3.3560932,-1.0660931,-3.5360932,-2.0360932,-0.69609314,-3.5160933,0.93390685,0.9139069,-4.856093,-3.976093,-4.866093,-2.726093,6.093907,5.3339067
6.5439067,5.933907,5.573907,4.723907,5.0439067,6.153907,5.6039066,4.263907,4.623907,4.683907,4.133907,3.4239068,0.95390683,0.89390683,1.6439068,0.22390686,-2.2760932,-4.7460933,-6.2060933,-7.066093,-7.086093,-5.5160933,-3.956093,-4.1660933,-3.6460931,-3.7660933,-5.156093,-4.196093,-4.736093,-3.7960932,-4.426093,-3.6360931,2.6539068,0.02390686,0.41390687,1.3939068,4.0239067,2.9439068,-3.446093,-4.0160933,-4.9160933
5.0039067,5.4839067,5.0439067,3.583907,4.5239067,4.243907,4.7739067,3.063907,4.8339067,4.953907,4.993907,4.533907,3.9539068,3.8439069,2.2339067,0.7139069,-0.50609314,-2.426093,-3.5160933,-4.2460933,-4.156093,-3.8460932,-4.0160933,-3.5760932,-3.456093,-3.6360931,-4.1860933,-5.886093,-5.536093,-5.2060933,-3.916093,-3.966093,-0.76609313,0.7739069,1.0939069,5.2539067,1.3439069,2.573907,-7.876093,-7.7660933,-9.216093
4.413907,4.703907,3.523907,2.823907,2.1339068,1.3539069,1.2839068,0.14390686,1.5639069,1.8939068,3.273907,4.783907,6.933907,5.723907,3.4539068,1.6139069,1.0939069,0.5239069,-1.6860931,-0.67609316,-2.226093,-2.3260932,-3.7760932,-2.936093,-3.466093,-3.236093,-4.176093,-4.876093,-5.086093,-4.086093,-4.026093,-4.466093,-5.346093,-3.0560932,-1.1760931,-2.256093,-0.75609314,-4.2460933,-5.9360933,-3.476093,-9.636093
3.1339068,2.993907,2.6739068,2.2139068,1.5139068,-0.6560931,-1.2460932,-2.196093,-2.3560932,-1.9760932,-0.87609315,1.2039069,4.8539066,6.623907,3.553907,2.043907,3.553907,0.06390686,-0.29609314,0.73390687,-0.75609314,-1.8360932,-3.0360932,-3.3160932,-3.436093,-4.086093,-3.696093,-4.156093,-3.8160932,-4.196093,-4.426093,-4.256093,-5.2460933,-5.0160933,-1.9360931,0.51390684,3.2339067,2.493907,-1.2460932,-1.8860931,-5.136093
3.2039068,2.6639068,1.4539069,0.75390685,-0.46609315,-1.4460931,-2.726093,-3.256093,-3.746093,-3.0260932,-1.6960931,1.0539069,3.753907,6.5839067,2.803907,3.4839067,0.26390687,0.20390686,1.5439068,0.35390687,-0.20609313,-1.7660931,-2.3860931,-3.3560932,-4.386093,-4.596093,-3.416093,-4.006093,-4.386093,-3.456093,-3.5460932,-3.946093,-4.286093,-5.806093,-4.1860933,-3.8760931,-3.696093,-1.7160932,0.5839069,1.7139069,-0.40609315
3.1339068,2.6539068,1.7839068,0.64390683,0.10390686,-1.7860931,-2.8560932,-3.466093,-3.8160932,-3.5160933,0.69390684,3.6939068,4.243907,4.5039067,3.6739068,1.9739069,0.70390683,0.12390686,0.89390683,0.30390686,-0.09609314,-1.9660932,-2.8860931,-2.8460932,-3.3860931,-3.5460932,-3.236093,-4.466093,-4.256093,-3.5160933,-3.996093,-3.966093,-4.356093,-4.556093,-4.786093,-5.156093,-4.2060933,-4.196093,0.13390686,0.89390683,4.923907
4.243907,2.1239069,1.3439069,0.50390685,0.15390687,-1.2660931,-3.0760932,-2.476093,-2.3160932,-0.09609314,2.003907,3.1239069,4.5039067,2.7339067,2.8539069,1.9339069,0.99390686,-0.5260931,-0.20609313,-1.0360931,0.6539069,0.02390686,-1.0660931,-2.0260932,-3.3360932,-2.506093,-2.6260931,-1.0760932,-2.6560931,-2.1560931,-4.106093,-4.6660933,-3.5160933,-4.2260933,-3.456093,-2.166093,-2.166093,0.56390685,2.503907,0.33390686,-0.7760931
3.313907,3.053907,2.493907,1.5939069,0.05390686,-1.2060932,-2.206093,-1.1060932,-1.2560931,0.6639069,2.503907,2.3739069,2.283907,3.023907,1.4039068,-0.26609313,-0.38609314,-1.3760931,-1.0260931,-0.33609313,-0.6660931,-1.3460932,-0.7860931,-1.6960931,-2.1060932,-2.5760932,-3.166093,-2.456093,-1.4360931,-2.0460932,-2.3760931,-4.3960934,-3.5260932,-2.5660932,-0.87609315,0.55390686,1.3539069,0.69390684,-1.1460931,-1.0360931,0.44390687
3.783907,3.1539068,3.1639068,2.6439068,1.2039069,-0.22609314,-0.64609313,0.57390684,0.7239069,1.0139068,2.6239069,2.3639069,2.263907,2.073907,1.4439069,0.50390685,-0.17609315,-0.60609317,-0.67609316,-0.09609314,-0.70609313,-1.0760932,-0.87609315,-1.5760932,-2.0860932,-2.8460932,-3.1360931,-2.716093,-3.716093,-4.346093,-3.966093,-4.3960934,-2.686093,-2.7960932,-2.0360932,2.4839067,1.3539069,-0.01609314,-0.70609313,-1.6060932,-0.80609316
3.9439068,3.9139068,3.3739069,2.4239068,1.5639069,0.95390683,1.0539069,0.28390685,1.6039069,1.8839068,0.92390686,2.1939068,2.773907,2.833907,2.1839068,1.8639069,1.6739068,0.0039068605,-0.02609314,-0.47609314,-0.15609314,-1.0160931,-0.99609315,-1.7560931,-2.5560932,-2.236093,-2.956093,-2.3560932,-2.456093,-2.2660933,-2.2660933,-3.186093,-2.1160932,-1.6960931,-1.5560931,-1.3660932,1.3539069,1.2639068,1.4139068,0.33390686,1.8439069
2.1339068,3.6539068,4.1039066,3.023907,2.7139068,2.063907,1.0739069,1.8239069,1.8339069,2.503907,1.4039068,1.7239069,2.2139068,2.833907,2.6639068,2.6939068,1.1639068,0.55390686,0.55390686,0.04390686,0.30390686,0.49390686,0.92390686,0.11390686,-0.11609314,-2.696093,-1.3360932,-1.4560932,-2.006093,-2.8060932,-2.8560932,-4.2260933,-2.446093,-2.446093,-1.0060931,-0.93609315,-0.49609315,-1.6360931,0.34390685,2.1039069,1.8439069
2.8439069,2.333907,2.1839068,2.1939068,2.1539068,1.5339068,1.1839069,1.8639069,1.7939068,1.6939069,1.5439068,1.0539069,0.87390685,0.56390685,2.3639069,2.9239068,1.9839069,1.3639069,0.9139069,0.51390684,0.7239069,0.9139069,0.7139069,0.98390687,1.2739068,0.49390686,-1.1660931,-1.9860932,-1.7160932,-1.8960931,-1.0460931,0.43390685,-2.5660932,-1.4960932,-0.75609314,-0.80609316,-2.246093,0.08390686,-0.42609313,-2.446093,1.5139068
