wind_kz.json
{"header": {"discipline":0,"disciplineName":"Meteorological products","gribEdition":2,"gribLength":1025,"center":7,"centerName":"US National Weather Service - NCEP(WMC)","subcenter":0,"refTime":"2023-08-26T18:00:00.000Z","significanceOfRT":1,"significanceOfRTName":"Start of forecast","productStatus":0,"productStatusName":"Operational products","productType":1,"productTypeName":"Forecast products","productDefinitionTemplate":0,"productDefinitionTemplateName":"Analysis/forecast at horizontal level/layer at a point in time","parameterCategory":2,"parameterCategoryName":"UnknownDiscipline_0_Category_2","parameterNumber":2,"parameterNumberName":"UnknownParameter_D0_C2_2","parameterUnit":"Unknown","genProcessType":2,"genProcessTypeName":"Forecast","forecastTime":240,"surface1Type":103,"surface1TypeName":"Specified height level above ground","surface1Value":10.0,"surface2Type":255,"surface2TypeName":"Missing","surface2Value":0.0,"gridDefinitionTemplate":0,"gridDefinitionTemplateName":"Latitude_Longitude","numberPoints":615,"shape":6,"shapeName":"Earth spherical with radius of 6,371,229.0 m","gridUnits":"degrees","resolution":48,"winds":"true","scanMode":64,"nx":41,"ny":15,"basicAngle":0,"lo1":47.0,"la1":41.0,"lo2":87.0,"la2":55.0,"dx":1.0,"dy":1.0}, "data":
[rows 0 to 14 of 15, columns 0 to 40 of 41]
-3.4838402,-0.46384034,1.2461597,-2.6138403,-2.4438403,-6.1638403,-6.55384,-5.8138404,-5.30384,-4.2738404,-4.2738404,-3.8538404,-3.5938404,-3.1938403,-3.2038403,-3.1138403,-3.6238403,-5.2938404,-2.3338404,-2.7238402,-2.6238403,0.20615967,-1.8438404,-1.7738403,0.31615967,-3.1938403,-1.9838403,0.57615966,0.83615965,1.4161596,0.35615966,-0.9438403,-1.8938403,3.5261598,6.5661597,8.39616,4.00616,7.5961595,3.4361596,4.44616,-1.0538403
1.3061596,2.3161597,-6.36384,-3.2238402,-4.7338405,-6.7038403,-4.3338404,-4.24384,-5.2738404,-9.00384,-6.3838406,-5.9338403,-3.6138403,-2.4338403,-2.8438404,-3.2938404,-3.1538403,-4.2038403,-5.07384,-2.3238404,-3.0038404,-3.6938403,-1.7438403,-2.3638403,-0.14384033,1.0861597,-1.1338403,0.89615965,-3.7438402,-0.31384033,0.45615968,0.6661597,0.056159668,-1.7238404,-0.113840334,0.9161597,2.3761597,1.1861596,1.2161597,2.5061598,-4.7138405
0.39615968,-5.1738405,-5.1438403,-4.07384,-5.8338404,-5.7038403,-4.53384,-6.3138404,-7.6538405,-7.5438404,-5.0638404,-3.6438403,-1.6938404,-2.1038404,-1.4738404,-3.4538403,-3.2938404,-3.6338403,-2.7638404,-3.2938404,-2.5238404,-2.2438402,-6.1238403,-8.07384,-1.1938404,-2.8338404,-0.41384032,0.39615968,-2.4338403,-0.7038403,0.29615965,1.8861597,0.17615966,0.7461597,0.51615965,-1.9638404,0.47615966,0.34615967,2.8961596,1.9361596,0.48615968
-4.7538404,-6.72384,-4.4838405,-4.86384,-5.2138405,-3.5438404,-3.4838402,-6.36384,-6.59384,-4.6438403,-3.6238403,-3.7438402,-2.6238403,-2.7838404,-3.1638403,-3.3938403,-2.7638404,-2.6938403,-2.5038404,-2.2638404,-1.7238404,-4.0238404,-2.1138403,-4.2038403,-4.6938405,-4.0638404,-3.1038404,-4.24384,-3.0938404,-1.7338403,-0.74384034,-0.93384033,2.5761597,3.5861597,-1.0238403,0.07615967,-0.8238403,0.9161597,0.6661597,0.45615968,-0.37384033
-5.1038404,-5.72384,-6.6338406,-2.7438402,-0.39384034,-3.2338402,-4.2538404,-3.6738403,-5.1338406,-4.59384,-3.7138402,-2.7638404,-3.3538404,-3.5438404,-3.9038403,-2.8138404,-1.9038403,-2.0838404,-2.0438404,-3.2438402,-2.7238402,-2.9738402,-1.8938403,-2.4338403,-3.1238403,-3.2438402,-3.4238403,-2.1938403,-2.1538403,-1.3338404,-1.4438404,-1.3738403,-3.5138404,1.3561597,-0.37384033,-0.33384034,4.94616,1.8961596,2.1961596,-0.003840332,0.38615966
-4.2138405,-3.7838404,-4.6538405,-4.6938405,-6.59384,-5.1538405,-4.09384,-5.11384,-4.11384,-2.2238402,-1.5038403,-0.46384034,-0.15384033,-1.6838403,-2.3038404,-2.1738403,-1.9138403,-2.1038404,-1.5738404,-2.3638403,-2.3838403,-2.1538403,-1.5038403,-1.9938403,-1.1438403,-1.4738404,0.34615967,1.0661597,0.95615965,-0.80384034,-0.22384033,-1.7138404,-2.1538403,-2.3338404,1.0261596,1.2161597,1.9361596,2.1461596,5.19616,-1.0438403,-0.16384034
-2.7838404,-3.4338403,-4.0238404,-2.8438404,-4.74384,-4.1238403,-4.4538403,-3.9638402,-3.2038403,-1.9638404,0.16615967,-1.0438403,-2.0938404,-1.4238403,-1.2738403,-2.0138404,-0.53384036,-1.1038404,-1.2738403,-1.7738403,-2.1638403,-2.6138403,-1.2838403,-2.0738404,-2.0838404,-1.9838403,-2.3138404,-4.01384,-0.003840332,-3.4538403,-4.6038404,-4.78384,-1.6138403,-1.1338403,0.63615966,-2.6338403,-1.1738403,1.0861597,1.2761596,0.6161597,2.5361598
-1.3838403,-1.8838403,-1.0738404,-1.8938403,-2.0438404,-2.5538404,-0.99384034,-1.4138403,1.3561597,-0.9438403,1.3061596,0.63615966,1.9161596,-2.2238402,-1.1738403,0.90615964,1.1261597,0.52615964,0.106159665,-1.2738403,-0.073840335,-2.0838404,-1.9238403,-1.7538403,-1.3138404,-1.0438403,-1.6338403,-1.6838403,-1.3038403,-2.0438404,-2.3238404,-1.9338403,-1.2738403,-0.31384033,-1.7638403,1.7661597,2.1561596,3.9561596,4.6161594,9.05616,0.94615966
-1.1738403,-0.67384034,-1.1638403,-1.2238404,0.5461597,0.8661597,0.69615966,0.57615966,2.1561596,0.9261597,-1.8038403,-0.35384032,1.1061597,-0.37384033,-0.29384032,0.30615968,-0.18384033,-0.47384033,0.16615967,0.7861597,0.89615965,1.7961596,1.4661597,0.44615966,0.5361597,0.51615965,1.4761597,1.5861597,1.7861596,0.96615964,1.9961597,1.7561597,2.0361598,0.90615964,1.5661597,1.0561596,1.0261596,-1.6238403,0.14615966,1.4961597,0.026159668
-1.8438404,-1.7838403,-2.3438404,-1.4738404,-0.86384034,-0.55384034,0.7261597,2.1161597,1.2561597,-3.1538403,-0.93384033,-0.47384033,-0.85384035,-1.7338403,-2.0738404,-0.55384034,0.23615967,-0.08384033,-0.19384032,0.13615967,0.26615965,1.3461597,2.5761597,3.5561597,1.9661597,2.3261597,3.2861598,3.4261596,2.7561598,3.2161596,2.5261598,3.3161597,4.1261597,2.7961597,1.5861597,1.1161597,-1.5338403,0.46615967,-0.26384032,1.5161597,1.4361596
-3.7238402,-1.7038404,-2.7938404,-3.2438402,-4.24384,-4.3838406,-0.45384035,-2.6438403,-3.3938403,-2.8538404,-0.86384034,0.6661597,1.6861596,2.2861598,1.7861596,2.3561597,1.4361596,1.2361597,0.6661597,0.50615966,1.5161597,1.9161596,2.7361596,2.9061596,2.8161597,3.1861596,3.0261598,0.8661597,1.3361597,4.65616,3.6461596,3.3561597,3.2761598,1.9661597,1.2961596,-0.74384034,-0.40384033,0.88615966,0.16615967,0.57615966,0.27615967
-1.3638403,-1.9738404,-1.4738404,-2.9638402,-2.4338403,-2.1038404,-0.12384033,-0.97384036,-0.53384036,-0.9438403,-0.05384033,2.5261598,2.3361597,0.94615966,1.9561597,1.5561596,1.8661597,1.7661597,0.8661597,2.6461596,2.6761596,3.4061596,3.1561596,3.2961597,3.7861598,4.0661597,3.7461596,4.2661595,4.6461596,4.5161595,2.7161596,1.1761596,0.77615964,2.1861596,2.0161598,1.6561596,0.9161597,0.6061597,-0.06384033,0.22615966,-0.06384033
1.7061597,-1.5038403,-0.6438403,-1.0038403,0.8061597,-0.93384033,0.6061597,2.4161596,-0.09384033,-0.20384033,-0.60384035,1.0761597,1.4461597,2.0461597,2.6861596,1.6061597,1.2861596,1.5861597,1.8861597,2.6261597,2.1161597,2.4961596,2.6761596,2.8461597,4.5361595,4.0561595,3.5161598,3.2161596,2.5461597,0.21615967,-1.5038403,2.2461596,2.9561596,1.2861596,0.8561597,1.4561597,2.1161597,0.9161597,2.2961597,1.7861596,1.3761597
-0.53384036,-2.3538404,-2.4338403,-2.8238404,-1.6738403,-1.0438403,0.47615966,-0.8138403,0.52615964,-0.003840332,-0.67384034,0.09615967,1.4261596,0.7961597,1.3761597,1.7561597,1.4461597,0.75615966,0.56615967,1.4061596,1.5361596,1.7061597,1.2661597,0.9861597,1.3961596,1.3761597,-0.36384034,-0.37384033,1.2361597,1.4161596,1.8961596,2.5761597,2.9861596,1.9761597,2.6561596,3.0461597,1.6561596,2.4061596,1.1961597,1.3661597,1.7461597
-2.3738403,-2.2138402,-3.2938404,-1.5038403,-0.24384034,-1.4038403,0.23615967,-0.36384034,1.1161597,0.5561597,-1.4238403,-0.5238403,0.88615966,1.3061596,0.38615966,-0.79384035,-0.22384033,0.31615967,0.33615968,1.0461596,1.2261597,1.1761596,0.34615967,1.6161597,1.8061596,1.1961597,0.33615968,1.2261597,1.7161597,2.2661598,2.6661596,2.9861596,2.3761597,2.4561596,2.6261597,2.8261597,1.1761596,2.3561597,3.1261597,2.5161598,-0.16384034
