wind_kz.json
{"header": {"discipline":0,"disciplineName":"Meteorological products","gribEdition":2,"gribLength":1102,"center":7,"centerName":"US National Weather Service - NCEP(WMC)","subcenter":0,"refTime":"2023-08-06T12:00:00.000Z","significanceOfRT":1,"significanceOfRTName":"Start of forecast","productStatus":0,"productStatusName":"Operational products","productType":1,"productTypeName":"Forecast products","productDefinitionTemplate":0,"productDefinitionTemplateName":"Analysis/forecast at horizontal level/layer at a point in time","parameterCategory":2,"parameterCategoryName":"UnknownDiscipline_0_Category_2","parameterNumber":3,"parameterNumberName":"UnknownParameter_D0_C2_3","parameterUnit":"Unknown","genProcessType":2,"genProcessTypeName":"Forecast","forecastTime":120,"surface1Type":103,"surface1TypeName":"Specified height level above ground","surface1Value":10.0,"surface2Type":255,"surface2TypeName":"Missing","surface2Value":0.0,"gridDefinitionTemplate":0,"gridDefinitionTemplateName":"Latitude_Longitude","numberPoints":615,"shape":6,"shapeName":"Earth spherical with radius of 6,371,229.0 m","gridUnits":"degrees","resolution":48,"winds":"true","scanMode":64,"nx":41,"ny":15,"basicAngle":0,"lo1":47.0,"la1":41.0,"lo2":87.0,"la2":55.0,"dx":1.0,"dy":1.0}, "data":
[rows 0 to 14 of 15, columns 0 to 40 of 41]
2.1997924,3.0997925,6.1097927,3.3397925,1.4197925,2.3797925,0.2797925,-3.0302076,-1.5402075,-2.9202075,-5.1102076,-4.8802075,-7.1702075,-8.530208,-8.600207,-9.660208,-7.6402073,-5.8102074,-4.7302074,-4.8202076,-5.9002075,-2.9702075,-3.6402075,-4.0402074,0.3997925,5.5997925,2.4597924,2.3597925,-2.6402075,-0.7402075,2.1097925,-0.6102075,2.0697925,1.5797925,-0.6502075,-2.7002075,-8.380207,1.7697924,-2.2502074,0.8297925,-1.7302076
-2.2202075,2.1297925,2.7397926,3.2997925,-0.13020752,-2.9902074,-3.7002075,-3.4702075,-1.8402076,-2.4502075,-5.8202076,-6.4002075,-7.7602077,-9.100207,-9.200208,-8.360208,-7.0502076,-5.7502074,-6.3602076,-6.3802075,-5.3602076,-6.2002077,-2.4202075,1.2297925,1.3697925,-1.6002076,2.4197924,1.8697925,2.2497926,-1.9702076,-3.4502075,-1.2002075,-2.9002075,0.4297925,1.4997925,2.0997925,-3.0002074,1.9597925,2.3697925,1.4997925,-1.4502075
2.9597924,4.6797924,3.7997925,2.4597924,2.6397924,3.4397924,-0.8302075,-1.2402076,-0.70020753,-2.2302074,-3.2502074,-7.6602077,-8.360208,-10.1502075,-10.870208,-8.4002075,-7.7202077,-7.2502074,-6.7802076,-6.3202076,-4.0702076,-3.5102074,2.0597925,1.6797925,-0.9802075,-2.4102075,1.3797925,0.8397925,0.009792481,-1.8002075,-2.7702074,-3.4402075,-3.2102075,-4.2602077,-1.7202076,1.7097925,0.5997925,0.5397925,0.6697925,0.8397925,-0.9102075
5.0997925,3.7497926,3.2197924,2.8297925,2.3597925,1.2397925,0.6997925,-0.8602075,-2.3202076,-2.4102075,-3.7802076,-4.9302077,-5.2102075,-7.1802077,-10.370208,-9.1902075,-9.4402075,-9.260207,-8.350207,-7.9102077,-4.5202074,-6.6102076,-4.6502075,-4.5702076,-6.4802074,-2.7702074,-2.3802075,-2.4402075,-2.8702075,-3.6402075,6.6797924,-0.12020752,0.7697925,-5.0902076,3.9497924,1.9697925,1.4697925,1.2997925,1.4597925,-1.7002075,-2.8502076
4.3197923,1.3297925,-0.87020755,-3.8002076,-2.0702076,-0.9102075,-2.1602075,-2.1902075,-2.9302075,-3.4402075,-3.7402074,-0.26020753,-2.1402075,-5.2602077,-6.9902077,-8.270207,-8.980207,-9.010207,-8.860208,-8.260207,-7.8002076,-6.8902073,-5.4702077,-7.6602077,-4.4602075,-0.88020754,0.3097925,-0.37020752,-1.8202075,-1.1802075,-3.8402076,-8.100207,-4.3102074,1.8797925,-3.7302074,-6.3102074,-7.4702077,0.29979247,-1.2802075,-2.4402075,-2.4602075
6.3797927,4.5597925,-0.5502075,-1.3202075,-2.8902075,-4.3502073,-1.5602075,-2.3202076,-2.3802075,-2.5202074,-2.6902075,-4.6302075,4.9397926,2.3597925,-7.5702076,-8.140207,-8.920208,-9.220207,-10.000208,-8.000208,-9.570208,-8.810207,-9.600207,-8.750208,-6.7602077,-7.8202076,3.1197925,4.6997924,0.79979247,-1.1002076,5.2197924,7.8997927,-1.9502075,3.0797925,3.6097925,8.199793,5.3497925,-0.95020753,-1.1202075,3.8297925,0.7897925
6.0797925,6.0597925,5.7197924,5.2697926,4.3297925,-0.20020752,-2.0902076,-2.6202075,-2.7702074,-2.7202075,-2.6202075,-3.7002075,-4.7202077,-4.7802076,-7.0102077,-7.4102077,-7.9602075,-9.060207,-9.950208,-9.620208,-7.3902073,-9.140207,-10.060207,-10.740208,-10.790208,-7.7502074,-12.600207,-13.130207,-4.9902077,-10.810207,4.3097925,1.0397925,4.4697924,-4.0902076,-9.290208,0.62979245,0.6597925,2.2197924,2.4197924,-0.8902075,-2.8902075
5.2097926,5.6397924,4.6897926,2.7297926,1.6697925,-0.3202075,-1.8202075,-2.8202076,-2.4802074,-2.7002075,-4.0102077,-3.5602076,-5.0502076,-5.7902074,-5.1402073,-6.1102076,-8.460208,-7.9802074,-10.280208,-10.750208,-10.090207,-9.320208,-10.670208,-9.770207,-10.000208,-8.500208,-5.9902077,-7.2202077,-8.620208,-2.9702075,-9.670208,-8.510207,-5.5102077,-7.8602076,-4.3202076,-11.520207,-7.0802073,-1.4802076,-4.4302077,-0.57020754,1.9097924
3.7097924,3.6097925,3.6797924,2.4997926,0.02979248,-2.1402075,-0.9602075,-0.9102075,-3.4002075,-3.7102075,-3.7702074,-4.0002074,-5.8502073,-6.9802074,-7.7002077,-7.0102077,-7.6602077,-9.120208,-9.570208,-9.270207,-8.840207,-9.770207,-10.040208,-9.4002075,-8.970207,-8.170208,-6.6002073,-7.2502074,-8.270207,-4.7102075,-6.8502073,-7.1502075,-7.6802077,-8.830208,-7.7402077,-6.1002073,0.03979248,-2.5502076,-0.7802075,1.1897925,0.35979247
3.8397925,2.4497924,1.6197925,0.6097925,-1.8002075,-2.4702075,-3.4702075,-2.4402075,-2.7102075,-4.3402076,-4.4202075,-5.0602074,-6.1702075,-6.8402076,-6.6302075,-7.4002075,-8.6902075,-8.390207,-8.860208,-9.380207,-8.630207,-8.530208,-7.8902073,-8.360208,-7.5702076,-7.7202077,-6.9302077,-6.1902075,-4.5402074,-4.4602075,-7.0102077,-3.9102075,-2.8102076,-4.3102074,-6.0502076,-4.5002074,-3.0402076,-1.7202076,0.8597925,3.7397926,2.2797925
2.4697924,0.67979246,1.5797925,0.8597925,-0.33020753,-1.1702075,-1.1202075,-1.9602075,-3.1702075,-4.4802074,-2.9102075,-4.6002073,-4.5302076,-5.9202075,-7.1602077,-7.3002076,-8.630207,-8.140207,-8.730207,-8.750208,-8.500208,-8.300207,-7.3202076,-6.3302073,-5.8302073,-6.3202076,-7.3202076,-6.2602077,-7.0902076,-4.2802076,-3.2102075,-3.7702074,-6.4802074,-3.1602075,-4.8202076,-0.8902075,-1.2802075,-2.0902076,-0.24020752,-2.0002074,0.5397925
2.3097925,2.3197925,1.8497925,0.48979247,-1.7902075,-2.7902076,-2.7402074,-4.2602077,-4.6802077,-4.7902074,-3.2902076,-2.8702075,-4.0902076,-4.6102076,-6.2902074,-7.1102076,-7.7502074,-8.280208,-7.6802077,-7.7102075,-7.8202076,-7.4602075,-7.2202077,-8.230207,-8.010207,-7.2502074,-7.7502074,-10.520207,-9.950208,-8.290208,-6.2902074,-7.5902076,-4.1302075,-7.4402075,-3.9202075,-0.4102075,0.5297925,-3.6702075,-0.33020753,2.2697926,1.3597925
1.2697924,1.7197925,0.44979247,-1.0002075,-0.14020751,-1.1302075,-3.7002075,-4.5202074,-5.6402073,-5.2102075,-2.2502074,0.25979248,-0.7302075,-4.3902073,-5.8702073,-6.5002074,-6.9502077,-7.8802075,-7.1802077,-6.8902073,-7.3002076,-7.6102076,-6.7402077,-8.410208,-7.0302076,-6.2002077,-7.1602077,-7.3602076,-8.360208,-8.140207,-6.7202077,-6.2102075,-5.0402074,-5.4402075,-4.7202077,-4.1202073,-3.7702074,1.4597925,-1.2502075,-3.4702075,1.0197924
2.3797925,1.0097924,0.98979247,-0.3802075,-1.4502075,-3.5202074,-3.7802076,-4.5902076,-4.3102074,-4.7302074,-3.3102076,0.06979248,-1.8402076,-3.2202075,-5.9902077,-6.0802073,-6.1102076,-7.1702075,-7.1702075,-7.7602077,-7.7402077,-7.2902074,-6.8502073,-7.3002076,-4.1502075,-6.5802073,-6.3202076,-4.7302074,-6.1702075,-6.1602077,-5.1802077,-4.8202076,-4.7502074,-4.0802073,-5.1402073,-3.4502075,-1.4702076,-3.3002076,-3.9102075,1.0797925,-0.2502075
1.6897925,1.9797925,-2.3802075,-3.7902076,-4.1902075,-3.2802076,-3.9302075,-4.0802073,-4.2202077,-4.3502073,-2.2202075,-4.0602074,-2.8702075,-3.6702075,-6.4002075,-6.8102074,-7.4902077,-7.8802075,-7.2702074,-6.6702075,-6.2702074,-5.4802074,-6.1202073,-7.0502076,-7.4302077,-7.5902076,-7.9902077,-5.7402077,-5.5302076,-4.9602075,-4.5802073,-3.8302076,-2.4302075,-2.6602075,-3.5602076,-3.4902074,-2.6902075,-0.3802075,-2.4502075,-1.7502075,1.6797925
