wind_kz.json
{"header": {"discipline":0,"disciplineName":"Meteorological products","gribEdition":2,"gribLength":1102,"center":7,"centerName":"US National Weather Service - NCEP(WMC)","subcenter":0,"refTime":"2023-08-22T12:00:00.000Z","significanceOfRT":1,"significanceOfRTName":"Start of forecast","productStatus":0,"productStatusName":"Operational products","productType":1,"productTypeName":"Forecast products","productDefinitionTemplate":0,"productDefinitionTemplateName":"Analysis/forecast at horizontal level/layer at a point in time","parameterCategory":2,"parameterCategoryName":"UnknownDiscipline_0_Category_2","parameterNumber":3,"parameterNumberName":"UnknownParameter_D0_C2_3","parameterUnit":"Unknown","genProcessType":2,"genProcessTypeName":"Forecast","forecastTime":120,"surface1Type":103,"surface1TypeName":"Specified height level above ground","surface1Value":10.0,"surface2Type":255,"surface2TypeName":"Missing","surface2Value":0.0,"gridDefinitionTemplate":0,"gridDefinitionTemplateName":"Latitude_Longitude","numberPoints":615,"shape":6,"shapeName":"Earth spherical with radius of 6,371,229.0 m","gridUnits":"degrees","resolution":48,"winds":"true","scanMode":64,"nx":41,"ny":15,"basicAngle":0,"lo1":47.0,"la1":41.0,"lo2":87.0,"la2":55.0,"dx":1.0,"dy":1.0}, "data":
[rows 0 to 14 of 15, columns 0 to 40 of 41]
2.7226202,2.7026203,-1.4673798,9.07262,6.0326204,2.5926201,-2.2873797,-2.8273797,-4.3673797,-7.2173796,-6.62738,-4.52738,-3.5973797,-5.20738,-4.56738,-3.9673798,-2.0273798,-1.0773797,-0.51737976,-1.5573797,-0.07737976,-1.6573797,-1.5773797,-2.9273798,0.42262024,-5.0073795,3.7726202,2.3026202,-4.0073795,-1.3673798,-3.6973798,3.3526201,3.4526203,3.7226202,0.11262024,4.3026204,1.6826203,-2.9373798,-4.58738,-5.4873796,2.3326201
-0.6773798,-3.3273797,-2.0773797,2.4526203,3.6426203,1.5126202,-3.7973797,-6.7873797,-5.77738,-4.47738,-5.60738,-6.1173797,-6.47738,-7.1573796,-6.0773797,-5.6973796,-4.7873797,-2.8673797,1.3326203,-1.5173798,-1.5873798,0.0026202393,1.9626203,5.2626204,3.2926202,-0.8173798,6.8826203,3.7926202,4.08262,-1.3773798,0.8126202,0.22262023,2.4626203,2.3526201,-0.26737976,-0.8073798,0.13262025,2.2626202,0.9326202,0.37262022,-2.6073797
-0.9873798,-0.31737977,-1.8673798,-0.9873798,-0.94737977,0.97262025,0.78262025,-2.3373797,-3.6073797,-5.64738,-6.1573796,-6.0573797,-5.41738,-5.4473796,-7.8273797,-5.9073796,-5.4273796,-1.9973798,-1.7073798,1.5426202,3.1126204,4.00262,4.14262,0.41262025,0.25262025,3.5226202,3.5226202,-2.6173797,-6.8273797,-1.2173798,-1.0973798,-1.4373797,-2.5973797,-2.9573798,0.73262024,-1.3173797,-3.1173797,1.8026203,0.9326202,3.0026202,2.2526202
-1.2673798,-0.9273798,-3.1073797,-4.08738,-1.4373797,-6.6973796,-6.0073795,-4.7573795,-2.8873796,-5.97738,-6.29738,-5.4673796,-4.18738,-5.12738,-4.7873797,-3.7273798,-2.0073798,-0.42737976,-1.7373798,1.9626203,1.6126202,3.6426203,1.8426203,-0.91737974,2.1826203,5.06262,7.2626204,4.8226204,2.4926202,-1.3573798,-1.7473798,-7.3273797,-5.89738,7.39262,3.8026202,0.16262025,-0.13737977,1.5626203,-1.8873798,-1.2473798,-4.4473796
3.4326203,2.0426202,-0.19737977,-2.8873796,-4.1973796,-5.9073796,-6.5973797,-5.43738,-2.7873797,-5.0773797,-4.72738,-4.7373796,-2.8473797,-1.8373798,-2.0773797,-1.6573797,0.06262024,0.71262026,2.6926203,-2.2673798,1.1926203,0.19262023,-0.95737976,0.12262024,5.1726203,2.9826202,1.6526202,5.9226203,5.91262,1.5926203,2.8126202,-1.6173798,-0.14737976,-0.15737976,-2.7373798,-2.2573798,-7.27738,-0.13737977,-3.7273798,-4.91738,-0.36737975
-2.1573799,-3.5173798,6.1726203,3.6526203,0.12262024,-2.2473798,-3.3673797,-3.5973797,-5.24738,-3.9273798,-4.37738,-5.06738,-5.06738,-3.2273798,-7.2173796,-5.2873797,-5.2573795,-0.63737977,3.7926202,-0.34737977,2.5226202,0.28262025,3.6026201,6.70262,11.41262,1.5826203,1.3626202,4.89262,6.1126204,3.1226203,2.0326202,4.0926204,3.6626203,2.1426203,2.5326202,-6.0173798,2.2526202,0.18262024,-1.1973797,-3.0973797,-6.43738
-2.4573798,-3.7973797,-3.4773798,-4.2573795,-2.3573797,-2.6773798,-3.3573797,-3.8573797,-4.8673797,-4.12738,-4.54738,-5.02738,-5.27738,-6.74738,-7.9073796,-7.33738,-6.45738,0.6826202,-1.4573798,3.2226202,-1.5673797,0.32262024,2.0626202,4.68262,4.25262,3.0826201,2.0626202,0.36262023,8.23262,6.06262,4.70262,2.5526202,4.3626204,-0.12737976,-3.6873798,3.5326202,-1.4073797,4.1926203,1.3926202,1.1526202,-6.2573795
0.67262024,-0.6873798,-4.16738,-4.3073797,-4.3073797,-3.4973798,-3.7273798,-2.9873798,-4.7673798,-4.79738,-4.8073797,-6.3273797,-6.52738,-7.58738,-9.56738,-8.09738,-1.5573797,-1.5073798,0.25262025,0.71262026,1.6226202,2.8726203,4.85262,5.3026204,3.7926202,3.4226203,1.3926202,1.1526202,8.46262,7.5126204,4.7426205,4.31262,3.6426203,0.5126202,-1.9473797,-0.39737976,-2.4473798,0.8126202,2.5726202,1.0426202,3.8226202
1.2626202,-2.7373798,-2.7973797,-3.8173797,-4.9673796,-5.02738,-4.4673796,-4.56738,-5.1573796,-5.6573796,-5.3073797,-6.4873796,-5.97738,-8.23738,-8.28738,-7.22738,-7.3673797,-1.8073797,-0.27737975,1.8926202,1.7026203,7.2426205,6.5526204,3.1026201,3.6226203,3.5126202,7.1526203,1.7926202,8.23262,7.2826204,5.9826202,5.20262,7.16262,2.8826203,-5.31738,-1.1673797,2.7226202,2.7826202,3.2526202,1.1626202,2.8426201
-0.26737976,-0.5073798,-2.6473799,-3.5273798,-3.7773798,-4.24738,-2.8173797,-4.04738,-4.4873796,-4.5373797,-4.43738,-4.54738,-4.29738,-5.91738,-5.97738,-7.8873796,-6.5973797,-3.5773797,0.10262024,2.6526203,2.6926203,1.2126203,0.97262025,5.66262,2.5126202,5.5926204,6.2626204,5.47262,6.39262,7.4226203,3.4926202,4.6126204,5.8826203,4.4826202,-3.8773797,-4.5173798,-1.9673798,0.15262024,1.5926203,3.2026203,-0.29737976
0.9926202,-1.0473797,-0.27737975,-2.3073797,-2.3773797,-2.9573798,-4.79738,-4.7173796,-6.3673797,-3.9973798,-4.6773796,-5.47738,-2.3673797,-4.66738,-7.0773797,-6.3673797,-6.47738,-6.43738,-4.0973797,-0.58737975,-0.17737976,0.14262024,2.2126203,-1.7573798,0.12262024,3.3726203,4.2126203,7.47262,9.36262,6.31262,4.8826203,0.24262024,2.2126203,4.5726204,-2.8673797,-2.7673798,-1.2473798,-1.1573797,0.33262023,-0.91737974,2.1126204
0.83262026,0.28262025,-1.5673797,-0.8673798,-1.7473798,-1.9973798,-2.6073797,-4.41738,-4.7673798,-2.2173798,-3.6173797,-4.8273797,-2.0673797,-3.0873797,-4.99738,-5.6973796,-6.6773796,-5.0373797,-3.4573798,-5.08738,-2.8773797,0.042620238,-2.7273798,1.1026202,-1.2673798,-1.7373798,-1.0173798,0.5626202,4.5926204,7.4926205,4.58262,1.9826202,-0.88737977,3.7026203,1.3326203,-2.7273798,-1.8273797,-1.4973798,-0.5573798,-2.0373797,-1.2773798
-0.90737975,-1.6173798,-1.3573798,-4.1173797,-3.4273798,-3.3473797,-3.3973799,-1.1973797,0.16262025,-2.7673798,-2.0273798,-2.4773798,-4.6173797,-1.8573798,-2.0773797,-3.8773797,-6.6773796,-2.8873796,-1.0273798,-4.9073796,-4.39738,-1.5373797,-2.5473797,-3.4173799,-1.6073798,1.8326203,2.2226202,2.0626202,3.2626202,2.1426203,0.67262024,-0.15737976,-0.85737973,-1.1173798,-0.33737975,-0.43737975,-0.32737976,-0.40737975,-0.59737974,-1.2373798,-1.7773798
-2.4273798,-1.4373797,-1.5273798,-0.8073798,-0.69737977,0.08262024,-3.2773798,-0.06737976,-0.14737976,-1.0173798,-0.63737977,-2.5973797,0.7426202,0.47262025,-1.8973798,-1.5373797,-3.1373796,-1.2573798,-2.6673799,-3.5173798,-3.9873798,-2.5473797,-2.4373798,-2.0673797,-0.90737975,1.7826202,1.6826203,2.9826202,4.10262,2.5626202,2.2726202,4.0926204,2.5426202,0.97262025,-0.6773798,-0.36737975,-1.4573798,-2.1573799,-2.4273798,-1.1673797,-2.7373798
-1.0173798,-2.4073799,-0.42737976,-0.14737976,-1.7173798,-1.3073797,-1.6673797,-1.5573797,-0.23737976,0.26262024,-0.13737977,0.03262024,-0.22737975,-1.0173798,-1.2173798,-1.7073798,-1.7473798,-3.0073798,-4.89738,-0.35737976,-1.0773797,-1.0573797,-2.7273798,-2.1073797,2.6226203,1.3726202,1.3526202,1.2526202,1.0026202,0.43262023,0.25262025,0.72262025,1.1726203,0.07262024,-1.2773798,-2.6073797,-1.0373797,-2.7373798,-3.4373798,-4.3073797,-2.9873798
