wind_kz.json
{"header": {"discipline":0,"disciplineName":"Meteorological products","gribEdition":2,"gribLength":1025,"center":7,"centerName":"US National Weather Service - NCEP(WMC)","subcenter":0,"refTime":"2023-08-25T00:00:00.000Z","significanceOfRT":1,"significanceOfRTName":"Start of forecast","productStatus":0,"productStatusName":"Operational products","productType":1,"productTypeName":"Forecast products","productDefinitionTemplate":0,"productDefinitionTemplateName":"Analysis/forecast at horizontal level/layer at a point in time","parameterCategory":2,"parameterCategoryName":"UnknownDiscipline_0_Category_2","parameterNumber":3,"parameterNumberName":"UnknownParameter_D0_C2_3","parameterUnit":"Unknown","genProcessType":2,"genProcessTypeName":"Forecast","forecastTime":0,"surface1Type":103,"surface1TypeName":"Specified height level above ground","surface1Value":10.0,"surface2Type":255,"surface2TypeName":"Missing","surface2Value":0.0,"gridDefinitionTemplate":0,"gridDefinitionTemplateName":"Latitude_Longitude","numberPoints":615,"shape":6,"shapeName":"Earth spherical with radius of 6,371,229.0 m","gridUnits":"degrees","resolution":48,"winds":"true","scanMode":64,"nx":41,"ny":15,"basicAngle":0,"lo1":47.0,"la1":41.0,"lo2":87.0,"la2":55.0,"dx":1.0,"dy":1.0}, "data":
[rows 0 to 14 of 15, columns 0 to 40 of 41]
-1.2715088,-2.2815087,-0.13150878,-5.8315086,-6.591509,-7.7515087,-7.3515086,-5.881509,-2.0215087,-0.5215088,-2.9015088,-2.2815087,-2.4915087,-4.051509,-2.8715088,-0.3315088,-1.1115088,-0.9015088,-2.2915087,-2.5315087,-0.6115088,-1.7515088,0.10849121,-1.1815088,-1.0615088,-1.3915088,-1.3815088,0.5284912,0.6384912,1.2984912,0.5284912,0.6884912,0.28849122,-1.0915087,0.6984912,0.4584912,0.24849121,1.0484912,-0.6215088,0.3884912,2.2484913
1.8884912,1.6984912,-0.8315088,-4.471509,-6.5815086,-7.7315087,-6.0815086,-6.261509,-2.7715087,-3.9015088,-3.5015087,-3.5315087,-3.2715087,-1.7215087,-2.3615088,0.28849122,3.1584911,1.0384912,-0.94150877,-1.2915088,-3.5915089,-4.401509,-2.2715087,1.2084912,0.8784912,-0.14150879,-2.3915088,0.13849121,-0.1815088,1.0184913,2.2384913,2.8984911,-0.2915088,-0.20150879,-1.1415088,-2.0315087,-2.0015087,-3.7515087,-0.04150879,-2.1915088,1.3484912
0.008491211,-0.4815088,-2.301509,-4.921509,-5.5615087,-3.8915088,-3.9415088,-2.9715087,-2.7215087,-3.3615088,-3.1815088,-1.9015088,-2.0015087,-1.3915088,0.22849122,0.05849121,1.4284912,2.2584913,1.2184912,-2.2215087,-3.8715088,-3.1015089,-3.8815088,-1.3515087,-0.6115088,0.44849122,0.98849124,1.8284912,0.54849124,2.6284912,3.2884912,0.8484912,2.7384913,-1.3615088,-0.1515088,3.188491,3.4084911,0.54849124,0.7184912,-1.4315088,-1.8715088
-2.2615087,-4.301509,-4.3715086,-4.881509,-4.191509,-1.8015088,-1.5815088,-3.1115088,-3.3415089,-3.8315089,-3.3415089,-3.7715087,-5.681509,-7.071509,0.3384912,2.8784912,1.4684912,-0.06150879,-1.8115088,-2.9715087,-3.3415089,-1.9415088,-2.1215088,-2.2115088,-2.6015089,-1.8615088,-2.1315088,2.188491,1.6084912,2.4884913,3.1084912,-0.3315088,-1.4615088,-1.0715088,-0.4815088,-2.7415087,-1.1415088,1.9084913,4.0184913,3.0984912,2.8484912
-3.1115088,-6.2115088,-5.4615088,-5.9115086,-4.801509,-2.7515087,-2.9015088,1.8784912,-0.8615088,-2.6715088,-1.9415088,-2.9915087,-3.6315088,-4.991509,-4.051509,-1.7915088,-0.8015088,-1.4015088,-1.6415088,-2.8915088,-3.2315087,-2.6715088,-3.301509,-2.8515089,-2.2515087,-2.0315087,-1.9415088,-1.2915088,-2.3915088,-0.04150879,3.8984911,1.4484912,2.7184913,2.4684913,-1.0015088,-1.7015088,0.37849122,-0.70150876,1.3384912,2.5884912,2.8184912
-2.7515087,-1.8415087,-3.6615088,-5.3715086,-5.201509,-5.7515087,-3.4815087,0.098491214,0.19849122,-0.6215088,-2.3715088,-2.3715088,-4.051509,-4.681509,-2.3915088,-1.8615088,-1.8415087,-0.46150878,-1.8615088,-3.0115087,-3.6615088,-3.4615088,-2.7015088,-2.9915087,-3.3515089,-1.4715087,-1.0215088,-0.7715088,-1.5015088,-1.4615088,2.0284913,4.988491,3.8784912,3.6484911,3.178491,6.1884913,4.2284913,2.7084913,-0.82150877,-0.6115088,1.7584912
-1.7215087,-2.0015087,-2.3315089,-2.5415087,-3.2215087,-2.4915087,-1.0515088,-0.3515088,0.6584912,0.8984912,-1.1615088,-0.20150879,-2.6315088,-2.9715087,-2.4115088,-0.8115088,2.4884913,1.6784912,0.22849122,-1.5215088,-3.1515088,-4.321509,-4.8315086,-4.701509,-3.301509,-2.9315088,-3.2215087,-1.5415088,-0.22150879,0.008491211,2.4784913,1.9684912,2.3884912,2.928491,-0.3615088,-1.1315088,-3.311509,-0.10150879,0.6684912,-0.51150876,1.1284912
-0.8115088,-1.1615088,-1.6515088,-1.9015088,-2.0415087,-1.1715088,-2.061509,1.8084912,0.7184912,1.3384912,0.04849121,-0.69150877,0.3684912,-0.12150879,-1.9615088,-2.571509,1.2284912,1.7584912,1.5784912,0.6084912,-1.3815088,-2.3815088,-3.4515088,-3.9015088,-3.1315088,-3.3915088,-1.7815088,-2.7315087,-0.24150878,1.7984912,3.688491,5.558491,3.8684912,2.928491,2.3684912,0.8184912,1.7584912,2.3184912,-1.0315088,0.9784912,-2.0415087
-0.9315088,-0.8415088,-1.1715088,-2.2415087,-3.1115088,-2.0115087,-0.7515088,-0.5915088,-0.6415088,1.3384912,1.2984912,1.7884912,1.7884912,1.4384912,-0.09150879,-0.2915088,0.02849121,-0.37150878,-0.9915088,-0.3615088,-0.3315088,-1.7715088,-4.681509,-5.1015086,-2.061509,-1.6815088,-0.5215088,-0.20150879,-0.011508789,2.438491,5.758491,7.8984914,9.698491,5.8984914,3.4984913,3.188491,-0.95150876,1.7484912,1.7084912,0.9784912,-0.94150877
-1.6915088,-1.5015088,-0.8615088,-2.2215087,-3.0415087,-2.1115088,-1.7115088,-2.6015089,-2.3515089,-2.7715087,2.688491,3.438491,2.5784912,0.7184912,0.4884912,1.0484912,-0.10150879,1.4684912,-0.5915088,-2.301509,-1.7715088,-1.9515088,-3.6215088,-4.691509,-5.821509,-5.241509,-2.6115088,-4.1015086,-3.2115088,1.6484913,5.7084913,8.118491,7.9984913,6.028491,3.3084912,2.2584913,1.3084912,-1.9115088,0.2684912,3.3784912,2.9084911
-2.5815089,-2.5115087,-1.2815088,-2.0815089,-2.6815088,-3.0215087,-2.8915088,-2.7015088,-1.3415087,-2.0915089,-0.82150877,-1.0115088,-2.1215088,-1.5315088,-0.5815088,2.0584912,1.9084913,-0.8315088,-0.2515088,-1.3815088,-1.1415088,-2.4515088,-3.2015088,-2.9515088,-2.9415088,-3.8315089,-4.931509,-5.7315087,-5.181509,-5.071509,-5.011509,-3.4515088,3.8884912,2.6384912,3.5684912,2.5384912,1.6584913,3.4184911,2.3284912,2.0284913,0.6684912
-1.2315087,-2.6815088,-2.4515088,-2.2615087,-2.4415088,-2.7015088,-2.5115087,-2.3615088,-2.9115088,-2.071509,-1.4515088,-1.1815088,-0.8315088,-1.5215088,-2.3615088,-2.2915087,0.6884912,-0.30150878,-0.4715088,-1.8515087,-1.1015087,-2.1515088,-2.8615088,-3.2815087,-3.1215088,-4.0815086,-3.5115087,-5.531509,-5.801509,-3.6515088,-1.4215088,-0.6215088,0.02849121,1.4484912,2.0984912,2.9984913,0.02849121,3.8984911,3.9084911,2.9684913,1.2984912
-1.4915088,-1.4515088,-1.8415087,-1.3215088,-1.7215087,-1.0615088,-1.5315088,-1.7915088,-1.8415087,-0.4415088,-0.8115088,-1.1915088,-0.69150877,-0.94150877,-1.2715088,2.2384913,2.3084912,-0.6015088,-1.7915088,-2.051509,-1.4515088,-1.2515088,0.008491211,-1.1015087,-2.6715088,-2.6415088,-2.4115088,-4.941509,-6.261509,-4.691509,-3.4315088,-2.8315089,-1.5315088,1.2884912,1.4784912,3.0984912,2.4884913,1.3584912,2.6284912,1.8084912,0.8184912
-2.1315088,-2.4515088,-2.9015088,-0.8315088,-0.5315088,-0.2115088,-0.14150879,-0.6615088,-0.03150879,0.15849121,1.1584913,-0.16150878,-0.7915088,-1.1815088,-0.8115088,0.4284912,-0.7715088,-0.4715088,-0.5315088,-0.7715088,-1.2915088,-1.1015087,-0.95150876,-1.1715088,-1.4915088,-2.7715087,-1.9315088,-2.6415088,-3.6015089,-5.091509,-3.7115088,-1.7615088,-1.1115088,-1.1215088,2.1084912,1.8384912,1.3084912,1.3684912,2.198491,2.0084913,1.5884912
-1.4115088,-2.6915088,-4.2115088,-1.4815087,-1.4215088,-1.1015087,-0.6215088,0.6484912,0.06849121,0.02849121,1.2984912,1.8884912,2.2584913,-0.021508789,0.31849122,-0.04150879,-0.09150879,-0.23150879,0.3884912,0.7884912,0.7884912,0.40849122,-0.37150878,-0.7115088,-0.7715088,-1.0915087,-1.5915087,-2.1715088,-2.3715088,-3.2315087,-4.591509,-2.1915088,-1.5815088,-0.17150879,0.2684912,0.5884912,2.4584913,2.5084913,2.5484912,1.7784913,0.9084912
