wind_kz.json
{"header": {"discipline":0,"disciplineName":"Meteorological products","gribEdition":2,"gribLength":1025,"center":7,"centerName":"US National Weather Service - NCEP(WMC)","subcenter":0,"refTime":"2023-08-23T18:00:00.000Z","significanceOfRT":1,"significanceOfRTName":"Start of forecast","productStatus":0,"productStatusName":"Operational products","productType":1,"productTypeName":"Forecast products","productDefinitionTemplate":0,"productDefinitionTemplateName":"Analysis/forecast at horizontal level/layer at a point in time","parameterCategory":2,"parameterCategoryName":"UnknownDiscipline_0_Category_2","parameterNumber":3,"parameterNumberName":"UnknownParameter_D0_C2_3","parameterUnit":"Unknown","genProcessType":2,"genProcessTypeName":"Forecast","forecastTime":0,"surface1Type":103,"surface1TypeName":"Specified height level above ground","surface1Value":10.0,"surface2Type":255,"surface2TypeName":"Missing","surface2Value":0.0,"gridDefinitionTemplate":0,"gridDefinitionTemplateName":"Latitude_Longitude","numberPoints":615,"shape":6,"shapeName":"Earth spherical with radius of 6,371,229.0 m","gridUnits":"degrees","resolution":48,"winds":"true","scanMode":64,"nx":41,"ny":15,"basicAngle":0,"lo1":47.0,"la1":41.0,"lo2":87.0,"la2":55.0,"dx":1.0,"dy":1.0}, "data":
[rows 0 to 14 of 15, columns 0 to 40 of 41]
1.3423499,-1.4776502,0.6023499,-1.3076501,-1.8976501,-2.8776503,-3.33765,-5.5276504,-0.68765014,-1.5276501,-3.27765,-1.9476502,-2.1276503,-2.6976502,-0.23765014,1.3323499,-1.1976502,-3.7276502,-4.45765,-2.9376502,-3.85765,-3.85765,-2.1276503,-0.93765014,-2.1376503,-0.027650146,-1.1976502,1.1823498,0.38234985,-1.3276502,-1.8476502,0.33234987,-1.8476502,-0.31765014,-3.08765,-2.2076502,-1.8776501,-2.2476501,-1.9376502,-4.91765,-6.2776504
3.5823498,1.7923498,2.5823498,1.5023499,-1.6376501,-3.2176502,-4.15765,-1.9676502,-4.01765,-0.14765015,-1.6576501,-2.34765,-1.9376502,-2.0176501,-2.10765,1.9723499,3.68235,-1.3676502,-4.5076504,-4.5076504,-4.0276504,-2.29765,0.7323499,-0.27765015,-1.9576502,-2.6376503,-3.80765,-1.0576501,-0.75765014,2.2423499,1.2423499,0.26234984,-2.4876502,-3.30765,-1.2976501,-0.32765016,-1.6976502,-0.54765016,-0.9076502,-1.9976501,1.3723499
0.96234983,4.9923496,3.5623498,1.6623498,-1.7876501,-2.28765,-3.29765,-3.33765,-4.88765,-5.6476502,-2.2376502,-0.91765016,-0.74765015,1.1723498,1.2823498,-2.28765,2.39235,2.66235,-0.36765015,-4.49765,-2.80765,-3.4276502,-2.83765,0.16234985,0.87234986,0.99234986,2.7923498,2.95235,0.16234985,2.8423498,3.1123497,1.6623498,2.8023498,-1.5476501,-0.7176502,3.5123498,1.8923498,-1.4176501,0.25234985,-1.3076501,-1.8576502
2.14235,3.6023498,3.5323498,3.8623497,1.1023499,-1.5876502,-3.2476501,-5.13765,-6.3576503,-6.94765,-6.80765,-3.2076502,-2.56765,4.00235,2.16235,-0.13765015,-1.8076501,3.47235,2.70235,-0.12765014,-0.99765015,-1.2676501,-0.47765014,-2.52765,-3.2276502,1.6423498,0.26234984,-0.7176502,-0.5276501,2.1123497,0.61234987,-1.9076501,-2.4276502,-1.4976501,-0.23765014,-3.3976502,-2.06765,-0.23765014,1.6023499,1.9523499,1.3323499
-4.2976503,-6.57765,-5.28765,3.0023499,2.5923498,1.3423499,-1.5876502,-1.5876502,-3.1276503,-5.61765,-6.44765,-3.6476502,-6.7776504,1.8723499,3.9823499,2.7423499,0.61234987,0.22234985,1.0023499,2.72235,0.13234985,-1.2476501,-1.8476502,-0.68765014,0.16234985,-1.1976502,1.1923499,-1.8376502,2.5123498,0.012349853,1.2723498,1.1023499,2.2323499,2.7723498,-1.1876502,-2.4076502,0.80234987,-3.1476502,-1.1876502,-3.05765,-1.5376501
-2.0076501,-2.0076501,-1.7176502,-0.20765014,3.93235,3.8423498,0.042349853,-2.6876502,-4.82765,-5.71765,-6.72765,-7.98765,-3.31765,-1.4276501,0.24234985,1.1323498,1.5423498,0.13234985,0.102349855,1.7523499,1.2423499,1.2123499,0.31234986,-0.88765013,3.3123498,2.91235,1.1023499,1.3823498,-1.8476502,0.64234984,0.6623499,0.9223499,1.6823498,2.45235,2.8723497,3.0123498,3.46235,1.9123498,1.4123498,-3.3976502,-2.0076501
-3.81765,-3.52765,-7.03765,-4.61765,2.7423499,1.0323498,-1.2376502,-3.32765,-4.0676503,-5.40765,-6.18765,-5.7976503,-6.26765,-6.09765,-3.1676502,-6.3576503,1.5423498,-2.08765,0.28234985,1.1023499,0.27234986,0.50234985,0.63234985,1.2023499,1.8223499,5.67235,3.4823499,2.5523498,1.8423499,1.5723499,2.3123498,-0.017650146,-2.4476502,0.47234985,-1.7276502,-1.7676501,-3.4376502,-2.1776502,0.8523499,0.50234985,-1.5776502
-3.4176502,-3.08765,-1.7476501,-0.42765015,-1.1676501,-1.9276501,-2.5076501,-3.2376502,-3.30765,-3.7576501,-4.05765,-5.88765,-6.8376503,-6.1276503,-5.07765,-3.61765,-2.05765,-2.08765,-2.09765,-0.8276501,-5.93765,-1.9076501,-3.0176501,-2.8976502,2.2923498,2.5223498,7.4923496,3.5723498,2.2723498,2.0023499,-0.17765015,3.6123497,0.83234984,-1.1476501,1.5223498,-0.69765013,1.1323498,1.1523498,0.70234984,0.96234983,-1.9276501
-2.4376502,-1.3076501,-2.4576502,-1.9676502,-2.4576502,-4.13765,-1.7676501,-1.5876502,-3.32765,-3.6476502,-3.4176502,-3.7076502,-4.61765,-4.26765,-5.40765,-3.0176501,1.9623499,8.02235,4.76235,3.3023498,1.2123499,-2.59765,-4.34765,-2.79765,0.75234985,0.62234986,2.8223498,3.93235,1.9423499,2.18235,3.1123497,1.7423499,3.2923498,2.47235,2.0023499,0.5423499,-2.7476501,0.6723499,-0.94765013,-0.037650146,-1.2976501
-2.56765,1.9823499,0.34234986,-2.56765,-2.4676502,-1.9176501,-2.36765,-2.3876503,-1.8376502,-2.86765,-2.2476501,-3.10765,-2.7676501,-4.72765,-1.7976501,-2.8876503,-2.79765,2.0023499,4.80235,4.08235,5.15235,4.7023497,-0.20765014,-3.36765,-2.54765,2.7823498,3.6023498,3.5223498,3.1023498,1.6823498,2.94235,3.2323499,4.27235,3.7323499,2.46235,1.3923498,0.30234987,-2.9976501,-1.1476501,1.3423499,2.5023499
-1.1476501,-0.37765014,1.3123498,0.88234985,-0.48765016,-1.3976501,-2.58765,-2.5176501,-3.09765,-3.07765,-1.7776501,-1.5676502,-4.84765,-6.84765,-6.26765,-6.91765,-5.90765,-5.5676503,4.7023497,5.04235,3.88235,4.77235,3.4823499,-1.2076502,-3.9776502,2.16235,2.7723498,3.8523498,4.44235,4.75235,1.8023498,-0.5876501,3.65235,3.17235,3.2323499,1.5123498,0.26234984,1.8323499,0.57234985,0.45234984,-0.09765015
-0.33765015,-0.88765013,-1.8876501,-2.30765,-1.3976501,-1.4076501,-2.07765,-1.1876502,-2.9476502,-2.3976502,-2.2376502,-2.4876502,-2.9276502,-3.85765,-4.86765,-5.0076504,-6.3376503,-7.05765,-3.11765,2.0923498,1.5523498,2.3323498,3.2923498,3.0023499,-2.04765,-4.57765,3.67235,4.90235,6.02235,5.06235,3.0323498,2.41235,2.3023498,3.41235,3.21235,2.2523499,2.1023498,3.0923498,2.65235,2.13235,1.3223499
-0.61765015,-1.5776502,-2.55765,-1.0276501,0.08234985,0.012349853,-1.6676501,-2.36765,-2.4676502,-2.6876502,-1.1876502,-1.3676502,-1.8976501,-2.83765,-1.5676502,-2.4576502,-3.4776502,-5.17765,-6.09765,-4.59765,-0.43765014,2.69235,2.5323498,2.7623498,0.18234986,-5.41765,2.89235,2.0923498,7.55235,6.57235,4.2223496,3.3023498,1.0023499,1.3323499,2.42235,2.5423498,1.8023498,1.1123499,2.0623498,0.6023499,0.50234985
0.27234986,-0.55765015,-1.7276502,-2.7076502,-1.3476502,-0.8976501,0.6523498,-0.5976502,-0.36765015,-1.5076501,0.39234984,0.042349853,-1.2076502,-1.2276502,-2.3876503,-1.2376502,-1.5376501,-2.7576501,-3.7476501,-5.34765,-5.09765,-3.79765,-0.88765013,2.3023498,-1.5076501,-1.9376502,2.3123498,2.95235,5.75235,6.4123497,5.77235,3.63235,2.7923498,2.7323499,1.3523499,1.1823498,0.71234983,0.052349854,-0.15765014,0.43234986,-0.45765015
-1.6676501,-1.9276501,-4.26765,-1.9276501,-2.8976502,-2.85765,-1.8176502,-0.73765016,-2.0076501,-1.3876501,-0.7076501,-0.25765014,0.21234985,-0.36765015,-3.78765,-3.6976502,0.26234984,-0.0076501463,-1.4676502,-2.80765,-3.7576501,-5.57765,-4.44765,-3.1476502,1.1323498,2.8023498,4.26235,4.63235,4.48235,3.5723498,4.56235,4.9123497,2.9923499,2.67235,2.3323498,2.18235,0.77234983,0.80234987,0.42234984,-0.15765014,0.69234985
