wind_kz.json
{"header": {"discipline":0,"disciplineName":"Meteorological products","gribEdition":2,"gribLength":871,"center":7,"centerName":"US National Weather Service - NCEP(WMC)","subcenter":0,"refTime":"2023-09-30T12:00:00.000Z","significanceOfRT":1,"significanceOfRTName":"Start of forecast","productStatus":0,"productStatusName":"Operational products","productType":1,"productTypeName":"Forecast products","productDefinitionTemplate":0,"productDefinitionTemplateName":"Analysis/forecast at horizontal level/layer at a point in time","parameterCategory":0,"parameterCategoryName":"UnknownDiscipline_0_Category_0","parameterNumber":0,"parameterNumberName":"UnknownParameter_D0_C0_0","parameterUnit":"Unknown","genProcessType":2,"genProcessTypeName":"Forecast","forecastTime":60,"surface1Type":1,"surface1TypeName":"Ground or water surface","surface1Value":0.0,"surface2Type":255,"surface2TypeName":"Missing","surface2Value":0.0,"gridDefinitionTemplate":0,"gridDefinitionTemplateName":"Latitude_Longitude","numberPoints":615,"shape":6,"shapeName":"Earth spherical with radius of 6,371,229.0 m","gridUnits":"degrees","resolution":48,"winds":"true","scanMode":64,"nx":41,"ny":15,"basicAngle":0,"lo1":47.0,"la1":41.0,"lo2":87.0,"la2":55.0,"dx":1.0,"dy":1.0}, "data":
[rows 0 to 14 of 15, columns 0 to 40 of 41]
287.43097,280.73096,285.33096,294.43097,293.83096,292.83096,292.13095,292.43097,291.23096,292.53094,291.13095,291.13095,289.73096,289.43097,288.23096,285.83096,285.93097,286.03094,284.83096,285.63095,285.63095,282.73096,281.83096,279.83096,282.13095,285.23096,282.73096,270.63095,271.43097,269.33096,270.83096,270.83096,280.33096,286.13095,288.93097,288.53094,286.73096,286.73096,288.73096,288.63095,287.53094
275.23096,285.83096,294.03094,293.93097,293.93097,292.43097,292.13095,292.43097,290.73096,287.83096,288.23096,287.43097,287.33096,286.53094,285.83096,286.43097,285.03094,284.33096,283.13095,283.73096,285.83096,285.23096,283.03094,276.83096,270.33096,269.93097,278.53094,270.43097,271.93097,269.73096,275.23096,269.23096,274.13095,255.73096,271.93097,284.13095,282.53094,285.53094,288.03094,280.83096,283.53094
290.33096,293.73096,293.93097,293.23096,291.43097,293.33096,291.23096,289.83096,286.33096,285.63095,285.03094,286.13095,285.53094,286.33096,286.83096,284.53094,283.93097,281.73096,282.43097,282.93097,285.13095,282.73096,284.13095,279.13095,280.83096,279.83096,282.53094,282.63095,281.63095,278.03094,268.33096,272.33096,278.13095,277.03094,280.03094,277.63095,269.43097,272.33096,274.13095,270.13095,270.73096
290.63095,292.73096,293.63095,292.43097,291.53094,292.13095,289.43097,287.03094,286.73096,285.83096,285.63095,285.63095,290.73096,290.03094,285.93097,285.03094,285.23096,282.63095,282.73096,282.13095,283.33096,278.23096,283.43097,284.73096,285.03094,285.33096,285.73096,282.43097,283.83096,285.33096,285.63095,285.03094,287.43097,284.93097,284.73096,282.43097,272.63095,264.13095,274.33096,281.33096,284.43097
291.43097,292.63095,292.93097,292.23096,290.93097,289.03094,289.53094,289.23096,287.13095,286.23096,285.43097,284.23096,289.73096,288.43097,286.93097,285.33096,285.33096,285.13095,283.43097,285.03094,284.93097,284.53094,283.43097,283.83096,284.13095,284.63095,283.03094,285.33096,284.13095,288.33096,290.03094,288.03094,277.43097,269.33096,279.13095,286.53094,287.73096,288.13095,288.63095,288.43097,288.13095
288.83096,287.73096,291.23096,292.03094,292.23096,291.73096,288.43097,289.03094,287.03094,286.13095,285.73096,285.43097,288.73096,289.43097,286.83096,284.13095,285.63095,284.43097,284.53094,284.73096,283.73096,283.73096,283.23096,283.03094,282.93097,284.33096,286.43097,288.33096,285.13095,285.83096,284.63095,287.53094,287.83096,287.23096,286.23096,288.93097,279.93097,281.13095,285.33096,287.53094,287.73096
284.73096,283.83096,288.73096,290.33096,289.63095,288.03094,288.23096,287.83096,287.13095,287.23096,285.33096,285.33096,285.63095,284.73096,284.23096,285.23096,284.63095,284.53094,283.83096,282.63095,281.63095,281.93097,282.83096,283.73096,283.83096,284.43097,282.43097,284.43097,285.43097,285.53094,282.83096,283.13095,283.93097,285.93097,285.83096,284.73096,280.63095,277.43097,275.53094,274.33096,283.03094
283.23096,284.23096,287.23096,287.93097,288.23096,288.23096,287.43097,286.83096,286.03094,285.43097,284.73096,284.13095,283.23096,284.13095,284.83096,284.93097,284.53094,284.53094,283.13095,280.73096,279.93097,279.93097,280.63095,280.83096,282.43097,280.53094,280.13095,281.73096,279.03094,281.93097,281.43097,282.63095,280.63095,279.23096,279.13095,279.13095,281.53094,286.03094,282.73096,282.63095,281.33096
286.33096,284.23096,284.33096,285.73096,287.43097,287.53094,286.53094,287.93097,288.93097,285.73096,283.33096,282.73096,281.53094,282.03094,282.43097,283.23096,283.43097,283.23096,282.33096,281.03094,278.93097,278.13095,278.83096,279.13095,277.73096,280.13095,279.63095,277.33096,274.73096,273.93097,277.33096,279.43097,281.03094,282.03094,280.93097,279.13095,280.03094,278.63095,270.43097,270.33096,269.33096
286.73096,287.13095,286.43097,290.73096,287.63095,289.83096,289.33096,288.83096,287.03094,286.63095,286.83096,282.63095,282.93097,282.43097,281.83096,282.33096,281.93097,281.23096,281.73096,280.93097,279.33096,278.73096,278.93097,278.53094,277.83096,276.83096,276.63095,276.63095,276.13095,277.73096,276.93097,278.43097,281.23096,281.13095,281.43097,278.93097,278.33096,274.83096,272.03094,269.83096,267.43097
286.73096,285.73096,286.73096,288.53094,288.03094,289.23096,288.03094,288.93097,286.63095,286.63095,283.73096,285.13095,282.63095,282.43097,281.83096,281.43097,281.23096,281.43097,281.33096,280.53094,280.03094,279.53094,278.63095,278.33096,277.43097,276.93097,274.73096,276.53094,276.63095,279.33096,278.13095,278.63095,278.33096,278.33096,277.63095,277.43097,275.73096,271.83096,271.53094,271.53094,268.63095
285.63095,285.63095,287.73096,288.03094,286.23096,285.03094,286.23096,286.13095,284.23096,285.73096,283.83096,282.53094,282.63095,281.73096,282.13095,281.73096,281.03094,280.23096,280.73096,280.53094,279.73096,278.93097,278.43097,278.03094,277.53094,276.93097,275.83096,276.53094,276.73096,277.23096,277.93097,277.03094,276.63095,275.43097,275.93097,275.73096,275.83096,275.33096,275.53094,275.13095,274.43097
283.73096,285.43097,285.33096,284.53094,286.53094,283.73096,283.43097,285.43097,283.63095,280.93097,279.93097,278.73096,281.23096,280.83096,281.73096,281.83096,281.23096,280.93097,280.73096,280.13095,279.63095,278.73096,278.13095,277.93097,279.03094,279.43097,279.33096,277.13095,276.43097,275.63095,275.83096,275.63095,275.43097,274.83096,274.43097,274.33096,273.83096,274.93097,273.63095,272.73096,273.43097
283.93097,285.03094,285.43097,285.43097,283.73096,284.13095,282.63095,282.83096,282.63095,281.43097,280.43097,277.63095,278.43097,280.73096,281.83096,282.03094,281.63095,280.93097,280.63095,280.33096,280.23096,279.83096,280.13095,279.93097,279.93097,279.43097,278.43097,278.33096,276.83096,276.53094,275.63095,275.03094,274.53094,273.83096,273.63095,273.13095,272.83096,271.93097,271.53094,271.43097,270.73096
284.03094,284.93097,285.63095,284.73096,284.03094,282.93097,283.43097,282.53094,283.33096,282.23096,281.53094,280.13095,280.33096,280.23096,280.93097,281.93097,281.93097,281.43097,281.03094,280.63095,280.53094,279.83096,279.83096,279.63095,279.53094,279.83096,279.33096,278.23096,277.83096,276.83096,276.93097,280.03094,275.33096,274.63095,274.33096,274.23096,273.03094,272.43097,272.03094,271.23096,271.43097
