wind_kz.json
[{"header":{"discipline":0,"disciplineName":"Meteorological products","gribEdition":2,"gribLength":871,"center":7,"centerName":"US National Weather Service - NCEP(WMC)","subcenter":0,"refTime":"2023-10-04T06:00:00.000Z","significanceOfRT":1,"significanceOfRTName":"Start of forecast","productStatus":0,"productStatusName":"Operational products","productType":1,"productTypeName":"Forecast products","productDefinitionTemplate":0,"productDefinitionTemplateName":"Analysis/forecast at horizontal level/layer at a point in time","parameterCategory":0,"parameterCategoryName":"UnknownDiscipline_0_Category_0","parameterNumber":0,"parameterNumberName":"UnknownParameter_D0_C0_0","parameterUnit":"Unknown","genProcessType":2,"genProcessTypeName":"Forecast","forecastTime":180,"surface1Type":1,"surface1TypeName":"Ground or water surface","surface1Value":0.0,"surface2Type":255,"surface2TypeName":"Missing","surface2Value":0.0,"gridDefinitionTemplate":0,"gridDefinitionTemplateName":"Latitude_Longitude","numberPoints":615,"shape":6,"shapeName":"Earth spherical with radius of 6,371,229.0 m","gridUnits":"degrees","resolution":48,"winds":"true","scanMode":64,"nx":41,"ny":15,"basicAngle":0,"lo1":47.0,"la1":41.0,"lo2":87.0,"la2":55.0,"dx":1.0,"dy":1.0},"data":[287.4,280.7,285.0,293.1,293.2,291.7,290.9,291.6,289.8,290.7,289.8,290.7,291.3,290.9,291.6,291.0,289.5,289.6,288.7,290.3,290.9,290.7,289.6,286.8,289.0,290.1,286.8,274.5,273.0,272.2,272.2,266.9,282.0,288.1,289.2,289.7,288.5,287.9,289.0,289.8,287.8,268.2,284.2,293.0,293.0,293.2,291.2,289.0,288.0,286.8,287.0,287.6,287.2,288.9,289.1,288.3,289.5,287.7,286.5,287.2,285.3,288.3,288.9,288.4,283.5,272.5,273.0,281.6,274.3,276.5,271.5,276.4,269.1,275.5,251.4,272.6,286.9,285.7,287.7,289.7,283.1,283.5,286.8,292.4,292.4,292.2,290.5,288.5,287.5,286.2,285.0,284.6,284.4,286.3,286.3,287.8,287.0,285.7,283.6,282.9,283.1,283.3,286.7,289.5,289.3,283.5,285.2,285.2,286.8,285.6,285.5,278.4,270.7,272.7,277.8,277.6,280.1,280.5,273.4,273.9,276.3,272.2,270.7,285.7,291.2,292.0,291.3,289.2,285.5,285.9,283.3,283.1,283.5,284.9,285.8,289.3,288.7,286.3,284.0,283.2,282.0,283.5,283.6,286.6,282.2,286.0,288.1,287.8,287.9,288.2,286.3,285.0,286.0,286.9,285.8,289.2,286.1,287.0,283.9,272.9,267.9,278.3,283.3,286.7,287.0,290.7,291.0,290.2,288.0,285.2,285.4,285.3,284.2,284.5,285.0,285.0,288.2,287.0,285.6,283.1,282.3,281.7,281.2,283.1,283.9,285.6,285.0,284.7,285.5,285.6,283.7,284.8,284.4,286.1,288.6,285.6,277.0,268.0,278.3,285.7,288.3,289.0,290.1,291.0,290.0,286.4,284.2,288.9,289.3,289.6,289.1,286.3,286.6,285.6,282.4,282.1,284.4,287.0,287.7,285.1,282.1,282.3,282.0,281.5,282.4,282.2,281.9,281.9,281.0,280.7,280.1,280.1,286.5,283.7,285.3,285.0,286.5,284.6,283.8,284.4,286.7,280.1,281.9,288.9,288.5,288.5,287.1,284.9,286.9,286.3,285.9,283.7,283.4,283.2,283.3,283.0,281.2,281.6,281.2,280.6,281.5,281.3,280.9,281.5,280.3,281.3,280.6,280.0,280.6,279.5,279.0,279.1,278.9,280.6,281.1,281.6,281.2,281.2,282.5,283.8,286.0,284.5,280.4,277.5,275.3,274.8,284.8,285.1,285.0,285.9,285.3,284.2,283.6,282.2,281.4,280.5,281.0,280.1,279.6,278.9,280.2,280.6,280.7,279.9,280.8,280.1,277.7,277.9,278.1,278.4,278.3,278.2,275.9,276.7,277.2,276.9,278.6,278.0,278.7,277.7,276.1,276.6,278.5,281.1,284.6,282.7,283.2,282.1,282.8,282.8,284.6,284.1,284.8,284.0,283.3,282.2,281.2,279.9,278.6,278.2,277.8,278.8,278.7,279.3,278.8,278.2,278.2,277.0,274.8,274.6,276.5,276.3,275.2,277.2,275.9,275.5,274.9,274.0,274.6,275.9,276.7,276.9,276.5,275.3,275.8,276.8,275.9,272.9,273.2,280.6,281.0,281.4,282.0,282.1,281.9,281.7,281.1,280.7,280.0,278.2,277.3,278.0,278.2,278.0,278.9,278.4,278.0,277.2,276.6,275.9,275.9,277.0,277.7,277.4,276.3,276.5,276.1,275.0,274.7,274.6,276.6,277.9,277.7,276.5,275.9,274.8,271.7,275.8,275.4,273.5,278.3,278.8,278.8,278.5,279.9,280.0,280.0,278.8,278.0,277.0,276.4,277.1,277.7,277.3,277.0,277.7,276.7,277.2,276.9,276.0,276.5,276.7,276.7,276.3,275.9,275.5,274.3,275.9,276.2,276.9,277.1,277.4,276.9,277.4,277.0,275.4,271.5,270.1,273.4,272.5,275.9,277.4,278.3,278.4,278.8,279.2,278.1,277.2,276.7,277.0,277.4,275.2,275.7,276.8,275.6,276.6,276.9,275.8,276.0,276.3,275.9,274.9,274.6,274.7,275.1,274.6,275.5,275.6,276.7,276.8,277.2,276.9,276.5,277.4,275.3,276.3,276.2,276.7,276.2,275.3,277.0,275.5,276.3,277.4,278.5,278.7,278.5,278.0,277.3,277.0,275.5,274.3,271.1,271.0,273.4,273.7,275.0,275.1,275.4,274.6,275.4,275.0,275.2,274.2,273.8,273.7,274.7,275.6,276.6,276.4,276.9,276.7,276.5,276.4,276.7,277.0,276.4,275.8,276.0,277.2,276.0,275.7,276.3,277.0,277.7,281.1,277.6,277.0,277.1,276.2,275.4,275.6,274.6,271.7,268.2,271.7,273.0,274.3,275.1,274.9,274.9,275.5,275.6,275.9,275.7,276.0,275.7,275.8,276.0,275.9,276.3,276.1,276.3,276.3,275.9,275.9,275.4,275.8,275.0,275.7,275.8,275.9,274.7,276.5,274.9,276.8,283.8,277.0,275.6,274.0,273.9,272.8,273.4,272.8,273.1,271.9,271.1,273.0,272.5,273.5,273.5,273.8,274.4,274.1,274.5,275.0,276.4,277.2,277.2,277.0,276.8,276.7,276.3,275.6,275.6,279.8,277.4,276.4,275.3,275.3,276.0,275.3,276.2,276.1,277.0]},{"header":{"discipline":0,"disciplineName":"Meteorological products","gribEdition":2,"gribLength":1102,"center":7,"centerName":"US National Weather Service - NCEP(WMC)","subcenter":0,"refTime":"2023-10-04T06:00:00.000Z","significanceOfRT":1,"significanceOfRTName":"Start of forecast","productStatus":0,"productStatusName":"Operational products","productType":1,"productTypeName":"Forecast products","productDefinitionTemplate":0,"productDefinitionTemplateName":"Analysis/forecast at horizontal level/layer at a point in time","parameterCategory":2,"parameterCategoryName":"UnknownDiscipline_0_Category_2","parameterNumber":2,"parameterNumberName":"UnknownParameter_D0_C2_2","parameterUnit":"Unknown","genProcessType":2,"genProcessTypeName":"Forecast","forecastTime":180,"surface1Type":103,"surface1TypeName":"Specified height level above ground","surface1Value":10.0,"surface2Type":255,"surface2TypeName":"Missing","surface2Value":0.0,"gridDefinitionTemplate":0,"gridDefinitionTemplateName":"Latitude_Longitude","numberPoints":615,"shape":6,"shapeName":"Earth spherical with radius of 6,371,229.0 m","gridUnits":"degrees","resolution":48,"winds":"true","scanMode":64,"nx":41,"ny":15,"basicAngle":0,"lo1":47.0,"la1":41.0,"lo2":87.0,"la2":55.0,"dx":1.0,"dy":1.0},"data":[0.45070067,-1.0792993,1.0907006,6.9607005,0.8507007,0.38070068,-6.0392995,-7.7792993,-9.599299,-5.7392993,-5.4992995,-5.8492994,-4.069299,-4.069299,-9.7393,-4.1192994,-2.9292994,-4.4492993,-4.669299,-2.7292993,-2.2292993,-1.2592993,-1.6292993,-2.6092994,0.9507007,-1.9992993,-2.6992993,-2.2492993,-0.12929931,-0.8692993,-1.2792993,1.5907006,-0.08929931,1.1107007,1.5007007,1.1107007,1.3507007,1.9507006,0.7507007,-0.7292993,-0.3492993,2.4107008,0.68070066,-2.0692992,-3.3892994,-4.6792994,-8.7293,-6.7292995,-9.6093,-8.2692995,-8.169299,-7.109299,-7.2292995,-4.3292994,-5.4992995,-8.719299,-3.6892993,-3.7792993,-5.1592994,-4.1192994,-2.6192994,-2.0392992,-2.0892992,-1.1792994,-2.6192994,-0.46929932,0.8407007,-0.5492993,-0.7492993,-3.4792993,-2.4892993,0.07070068,-0.46929932,0.040700685,-2.7192993,-0.18929932,-0.7292993,-0.68929935,0.2707007,-2.4992993,1.4307007,-1.3192993,-1.3692993,-4.149299,-2.6492994,-5.7692995,-11.3193,-9.429299,-8.0192995,-6.5192995,-9.8593,-7.6792994,-7.6392994,-6.669299,-5.069299,-7.7592993,-5.9892993,-6.3692994,-6.0392995,-3.3292992,-2.0592992,-1.2592993,-0.43929932,-7.5192995,-5.1792994,-3.9392993,-0.63929933,-2.2192993,-0.8092993,0.8407007,-1.8992993,-0.8692993,-1.6992993,1.4607006,-0.24929932,-1.6892993,-0.45929933,-0.8692993,-0.30929932,-0.20929931,2.4807007,1.7807007,0.41070068,-3.0292993,-5.169299,-6.3692994,-9.2393,-8.209299,-7.2592993,-5.379299,-6.319299,-6.629299,-8.209299,-7.7192993,-8.679299,-8.789299,-9.599299,-6.7592993,-5.3892994,-3.7292993,-4.069299,-4.8492994,-3.2092993,-5.9792995,-2.8092992,-1.5392994,-3.9992993,-5.6792994,-6.1992993,-3.8492994,-9.549299,-2.7692993,0.4907007,0.61070067,-2.3692994,-0.45929933,0.08070068,-3.2792993,-2.4892993,-1.7992994,1.7907007,1.2807007,-0.33929932,0.3907007,-2.7192993,-4.7892995,-4.9892993,-6.0992994,-7.0192995,-6.379299,-5.6792994,-6.4992995,-6.2592993,-5.6792994,-7.089299,-8.679299,-8.919299,-8.299299,-7.7592993,-4.2792993,-5.339299,-4.149299,-4.919299,-7.1392994,-8.079299,-6.9492993,-5.7692995,-4.7992992,-7.0792994,-7.2692995,-9.089299,-4.1592994,-3.3092992,-3.1192994,-3.1592994,-1.5392994,-2.0192993,0.68070066,-0.45929933,0.3707007,0.060700685,0.9807007,1.9507006,3.8207006,2.3307006,-0.75929934,-1.3492993,-4.2492995,-5.2592993,-6.5192995,-7.319299,-6.0792994,-5.0792994,-5.7192993,-5.4292994,-5.2392993,-6.709299,-7.3492994,-8.759299,-6.629299,-4.4692993,-5.3292994,-4.7992992,-5.9892993,-5.399299,-6.9692993,-6.0992994,-5.1192994,-5.5092993,-6.3092995,-7.649299,-4.8092995,-8.209299,-5.3892994,-4.8292994,-5.7792993,-5.4492993,-3.5892992,-0.87929934,1.2807007,-2.2292993,0.80070066,3.0407007,6.2507005,2.2307007,1.6607007,-0.57929933,-1.9392993,-0.9592993,-2.3192992,-3.3992994,-3.2792993,-3.7292993,-6.3092995,-5.459299,-4.7292995,-4.339299,-4.7192993,-4.0292993,-4.919299,-4.6592994,-4.629299,-3.3392992,-4.2192993,-3.3892994,-4.5292993,-4.5992994,-4.319299,-4.839299,-4.209299,-5.379299,-4.5092993,-4.8292994,-3.7592993,-4.919299,-4.939299,-5.5792994,-6.1992993,-4.5992994,-2.5392992,-0.08929931,-1.1292993,-2.0192993,0.31070068,-0.20929931,1.6907007,0.9607007,-2.7992992,-2.2492993,-1.8992993,-3.6792994,-4.4292994,-4.3292994,-4.439299,-4.8292994,-4.1792994,-4.109299,-3.5592992,-4.169299,-3.4492993,-3.9692993,-3.4692993,-3.2492993,-3.0592992,-3.0392992,-3.2192993,-3.8192992,-3.2392993,-3.2492993,-3.2892992,-3.5692992,-3.4192994,-2.7092993,-3.0092993,-2.3692994,-3.2492993,-3.5792992,-4.3692994,-3.8292992,-4.959299,-5.4092994,-5.0792994,0.16070068,5.1507006,11.740701,9.7707,11.160701,6.370701,-4.9792995,-4.7892995,-2.4392993,-1.1792994,-3.0892992,-4.0292993,-3.8592994,-3.8292992,-4.0792994,-3.5192993,-3.1892993,-2.4992993,-1.0992993,-2.5192993,-1.8892993,-1.6292993,-1.5792993,-1.7492993,-1.4592993,-1.9292994,-1.6592994,-0.6092993,-2.0592992,-2.0092993,-1.4392993,-1.6992993,-0.82929933,-1.0892993,-0.8392993,-0.93929935,-1.3692993,-1.5192993,-1.9292994,-2.3592994,-1.4092994,1.7307007,0.29070067,-1.5192993,2.2507007,1.1407007,0.6007007,-6.0192995,-5.3092995,-4.839299,-5.419299,-4.7292995,-4.399299,-4.3492994,-3.6392994,-3.3192992,-2.7792993,-2.5092993,-2.4292994,-1.6792994,-1.2092993,0.47070068,1.5907006,1.8107007,1.9907007,1.6107007,1.6407007,2.0407007,2.2807007,2.5107007,2.3107007,2.2607007,2.0407007,2.1807008,1.8707007,2.1107006,2.3007007,1.1807007,1.2707007,0.3707007,1.5807006,-0.6792993,-0.22929932,0.44070068,0.6307007,1.7107006,1.6007007,-0.08929931,-5.4892993,-6.0592995,-6.129299,-4.1592994,-0.68929935,-1.9692993,-2.3892994,-2.8292992,-2.5192993,-1.9092994,-0.56929934,0.68070066,1.8807007,2.3807006,2.4707007,2.2907007,2.5807006,2.9207008,2.6007006,3.0207007,3.2207007,2.7807007,3.1307006,2.7607007,2.7307007,3.0207007,3.7507007,2.8107007,3.2107008,2.3307006,2.6107006,2.7307007,2.2707007,1.5207007,1.6907007,0.22070068,-0.10929932,1.1907007,1.1907007,-0.46929932,1.0807006,-3.1692994,-2.1492994,-1.4392993,1.1707007,-0.9292993,-0.87929934,-1.1292993,-0.3792993,0.42070067,0.010700684,-0.36929932,1.6507007,1.9007007,2.7207007,3.3907006,2.8707006,3.3707006,3.5907006,2.6907008,3.5807006,3.7207007,4.3207006,4.2607007,4.3207006,4.5907006,4.850701,5.330701,5.3807006,4.5107007,3.5407007,3.0607007,3.2707007,2.0707006,1.5907006,1.8107007,2.6807008,4.1707006,5.6707006,5.9407005,5.6907005,2.5907006,-0.08929931,0.14070068,1.0407007,-0.8092993,-1.2392993,-1.3192993,-0.42929932,0.18070069,1.2507007,0.12070069,-0.08929931,2.1007006,2.1707008,3.1607008,3.0907006,3.4507008,3.4607008,3.1707008,3.2607007,4.3607006,4.7207007,5.140701,5.680701,5.930701,6.2207007,5.7707005,5.580701,6.5007005,6.7007008,5.430701,4.350701,3.8507006,4.180701,4.8207006,4.5007005,4.2107005,5.4907007,5.040701,6.7707005,7.0507007,5.100701,0.9107007,1.2207007,2.6107006,0.9607007,0.5107007,2.5407007,1.8307006,2.1107006,1.5507007,1.4807007,0.15070069,0.7207007,3.6807008,3.1807008,4.7407007,4.7007008,4.5007005,4.4607005,4.810701,5.6707006,6.290701,6.2407007,7.0107007,7.2707005,7.080701,6.3607006,6.290701,6.910701,6.790701,6.910701,6.4707007,5.9007006,6.2707005,6.060701,5.4207006,6.1707006,5.6307006,6.560701,6.680701,6.7207007,8.540701,1.0807006,3.1107006,5.0307007,3.1207006,2.0807006,1.9307007,2.3607006,1.7907007,2.0707006,1.6607007,0.7707007,3.5907006,2.8207006,4.3207006,3.9507008,4.5007005,5.120701,5.5107007,5.2007008,5.9907007,5.560701,6.2607007,6.3007007,7.0507007,7.350701,6.9807005,7.1707006,7.330701,7.560701,7.4807005,7.910701,12.160701,8.3907,7.5207005,7.0907006,6.830701,6.4707007,8.750701,9.170701,9.700701,7.040701]},{"header":{"discipline":0,"disciplineName":"Meteorological products","gribEdition":2,"gribLength":1025,"center":7,"centerName":"US National Weather Service - NCEP(WMC)","subcenter":0,"refTime":"2023-10-04T06:00:00.000Z","significanceOfRT":1,"significanceOfRTName":"Start of forecast","productStatus":0,"productStatusName":"Operational products","productType":1,"productTypeName":"Forecast products","productDefinitionTemplate":0,"productDefinitionTemplateName":"Analysis/forecast at horizontal level/layer at a point in time","parameterCategory":2,"parameterCategoryName":"UnknownDiscipline_0_Category_2","parameterNumber":3,"parameterNumberName":"UnknownParameter_D0_C2_3","parameterUnit":"Unknown","genProcessType":2,"genProcessTypeName":"Forecast","forecastTime":180,"surface1Type":103,"surface1TypeName":"Specified height level above ground","surface1Value":10.0,"surface2Type":255,"surface2TypeName":"Missing","surface2Value":0.0,"gridDefinitionTemplate":0,"gridDefinitionTemplateName":"Latitude_Longitude","numberPoints":615,"shape":6,"shapeName":"Earth spherical with radius of 6,371,229.0 m","gridUnits":"degrees","resolution":48,"winds":"true","scanMode":64,"nx":41,"ny":15,"basicAngle":0,"lo1":47.0,"la1":41.0,"lo2":87.0,"la2":55.0,"dx":1.0,"dy":1.0},"data":[-1.9410279,-1.9610279,-0.26102784,-2.6010277,4.838972,2.7389722,1.0089722,-0.17102784,-2.6010277,-2.3510277,-4.291028,-3.5110278,-3.631028,-2.4610279,-1.5210278,-2.6110277,-2.3510277,-1.5810279,-4.1910276,-2.661028,-1.3210279,-3.8010278,-1.5110278,-1.9410279,-2.2810278,-0.6410278,-1.1110278,0.39897215,1.5989722,3.0489721,0.38897216,-2.6010277,-0.40102783,-0.59102786,0.018972168,0.52897215,0.35897216,0.09897217,-0.53102785,2.378972,1.5089722,4.8489723,0.52897215,-4.471028,3.2689722,2.4889722,2.7189722,-0.91102785,2.1489723,-0.27102783,-1.5710279,-2.631028,-4.411028,-4.501028,-3.7210279,-4.2110276,-3.2810278,-0.90102786,-3.4510279,-5.761028,-4.301028,-3.3110278,-2.5810277,-0.6310278,1.6689721,1.0489721,1.2089722,-2.0810277,2.1589723,-0.32102785,1.5889722,2.4289722,3.7289722,1.1789721,0.21897216,-2.4710279,-1.5110278,-1.7310278,-3.6910279,-0.65102786,-2.9910278,1.2389722,1.3589722,1.7989721,1.6889721,2.858972,3.9289722,1.7889721,0.64897215,-0.09102783,0.49897218,-1.8510278,-1.5910279,-2.181028,-2.891028,-1.3910278,-3.871028,-3.0610278,-2.7910278,-2.391028,-3.8010278,-3.911028,-0.5810278,-2.0310278,-5.2110276,-1.1010278,-0.18102783,0.6689722,-0.8910278,0.14897217,-0.35102785,1.0789722,4.128972,1.1789721,1.7489722,-0.73102784,-1.2710278,2.0089722,2.368972,-0.37102783,0.07897217,-0.6910278,-1.5110278,1.3389722,4.168972,3.9089723,6.238972,2.4389722,2.9489722,4.1589723,2.7689722,3.118972,2.6989722,-0.29102784,-2.121028,-2.0910277,-1.6410278,-1.1410278,-3.181028,-2.921028,-3.901028,-4.7310276,-5.741028,-1.6510278,-2.141028,0.78897214,-2.871028,-1.9910278,-2.181028,-2.421028,-4.241028,-1.4010278,-3.2610278,-1.4110278,-1.4910278,-2.171028,-1.1110278,-0.13102783,-1.6810279,0.25897217,3.118972,3.598972,-0.14102784,0.6289722,3.868972,6.318972,4.6789722,4.3289723,4.718972,3.6489723,3.4589722,3.9189723,4.568972,3.318972,3.4989722,4.3289723,1.7289722,-1.1810279,-1.7110279,-1.7710278,-3.4710279,-4.061028,-3.9710279,-4.701028,-3.7710278,-3.161028,-3.381028,-3.371028,-1.9510279,-2.2410278,-4.701028,-3.9510279,-3.181028,-3.9910278,-4.6310277,-0.9410278,2.828972,3.9689722,-1.2810278,-0.6810278,0.13897216,0.57897216,-0.8810278,0.8589722,0.94897217,2.608972,2.128972,7.628972,7.418972,7.708972,7.8489723,5.548972,5.648972,4.6189723,2.4689722,0.6789722,0.8189722,1.8589722,0.96897215,-2.2110279,-2.2810278,-3.4410279,-3.901028,-2.891028,-3.2110279,-3.4910278,-3.0610278,-3.2610278,-3.3110278,-1.9410279,-2.631028,-3.8010278,-5.6110277,-5.051028,-4.5910277,-4.261028,-5.141028,-5.2310276,-4.0710278,1.8389722,-1.4810278,2.4689722,0.32897216,-3.2910278,0.42897215,3.4389722,6.068972,4.5789723,6.338972,6.338972,7.248972,4.988972,2.878972,5.4089723,4.778972,4.108972,2.118972,2.6589723,1.4289721,0.33897218,-1.0910279,-2.391028,-3.0210278,-3.5610278,-2.8210278,-1.0210278,-1.4610279,-2.151028,-1.9510279,-2.3010278,-1.8310279,-1.4310279,-2.931028,-3.7510278,-4.9210277,-4.9810276,-5.5910277,-6.751028,-7.1910276,-8.561028,-2.9510279,-0.44102782,-1.5910279,-0.16102783,0.29897216,-0.6210278,-4.741028,4.668972,4.718972,4.838972,4.8689723,5.068972,3.7589722,2.8989723,2.9289722,3.358972,2.8989723,2.358972,1.5689721,1.4189721,1.1689721,0.70897216,-0.081027836,-1.8110279,-2.1910279,-2.2510278,-1.5010278,-1.8910278,-1.2810278,-0.5710278,-0.9310278,-0.96102786,-0.47102782,-1.0810279,-2.1010277,-2.151028,-3.5010278,-4.011028,-3.9910278,-4.991028,-6.3210278,-3.1110277,-3.2410278,-2.621028,-1.1310278,0.6689722,2.7389722,1.0989722,6.478972,4.088972,4.0189724,2.6689723,4.2889724,4.238972,3.7089722,3.598972,3.318972,2.5289721,2.1389723,2.2889721,2.4689722,2.338972,1.8589722,1.6789721,0.36897218,-0.27102783,-1.0510278,-1.1710278,-0.28102782,-1.3510278,-1.6310278,-0.73102784,0.088972166,0.05897217,0.21897216,-0.081027836,-0.21102783,-0.5210278,-1.5810279,-1.9210278,-1.3310279,-0.98102784,-1.5210278,-4.0910277,-2.4710279,-2.381028,1.5789722,2.328972,2.4889722,2.5589721,3.5389721,2.6789722,0.05897217,-1.3110279,-0.54102784,-0.13102783,1.0489721,1.1089722,1.6289722,2.2789721,2.3089721,2.1689723,1.3689722,1.2489722,1.6189722,2.0189722,1.9889722,1.9989722,1.0589721,0.75897217,0.7989722,0.38897216,-0.041027833,-0.001027832,0.9289722,1.5189722,1.8389722,1.2489722,1.7389722,1.4889722,1.1989722,0.17897217,-0.97102785,-0.39102784,-0.79102784,-2.0110278,-2.4510279,1.8889722,3.2789721,3.4889722,1.3489722,2.7089722,2.5189722,3.2589722,3.378972,3.318972,2.8089721,1.8389722,1.8289722,1.8789722,1.7989721,2.2589722,1.6789721,1.7789721,1.7189722,1.6489722,1.0789722,1.0089722,1.3589722,1.9089721,2.1789722,2.358972,1.9289721,2.5089722,2.1489723,1.9189721,1.7389722,2.8989723,3.328972,3.4589722,3.318972,2.5289721,2.348972,2.328972,2.0589721,1.7489722,1.1489722,1.2989721,-1.3310279,-2.4810278,0.63897216,0.82897216,1.1089722,2.838972,2.9889722,2.0189722,2.5589721,1.4589722,1.8689722,1.4989722,1.9389721,1.5989722,0.32897216,0.29897216,0.34897217,0.9289722,1.8389722,2.3889723,2.338972,2.4289722,1.9889722,2.108972,2.088972,2.4489722,3.0089722,2.9789722,2.5489721,2.0189722,1.9389721,2.6889722,3.4289722,3.7589722,4.0389724,3.5289721,3.7689722,3.368972,3.7689722,3.348972,3.318972,2.628972,0.6789722,0.9989722,2.1689723,3.068972,3.2189722,2.1889722,1.6589721,0.76897216,-0.41102782,0.18897218,1.7989721,1.6689721,1.1789721,0.69897217,1.5989722,0.83897215,0.5689722,0.8589722,0.96897215,1.7389722,1.7989721,1.5489721,2.338972,2.2889721,2.088972,2.128972,2.0489721,2.578972,2.338972,2.118972,2.128972,2.378972,3.2589722,3.858972,3.7189722,4.1789722,4.298972,4.8289723,3.9189723,3.1589723,4.318972,3.2589722,3.0289721,1.8789722,1.1789721,-0.26102784,1.6089722,1.8989722,2.848972,2.2389722,2.1689723,2.088972,2.358972,1.7489722,0.96897215,0.09897217,1.9889722,1.3189721,0.9889722,1.2789721,1.4789722,1.8189721,1.6989722,1.7489722,2.2989721,2.108972,1.6989722,1.4489722,2.2089722,2.6889722,2.848972,2.7089722,2.7289722,3.1389723,3.3989723,3.348972,3.7189722,3.2989721,3.608972,3.4189723,3.4089723,4.3489723,3.6489723,3.588972,2.1689723,2.7189722,3.4689722,4.258972,3.358972,2.7689722,2.6789722,2.568972,2.4089723,1.5589721,1.8689722,2.098972,1.5189722,-0.31102782,1.5089722,1.7389722,1.5689721,1.7489722,1.7689722,1.8889722,2.068972,1.8289722,2.068972,1.7789721,1.3989722,1.7489722,1.7489722,1.6589721,1.5589721,2.2189722,2.4189723,1.8389722,2.4789722,3.4889722,3.9589722,4.1789722,3.6589723,3.118972,3.6989722,4.508972,3.598972]}]