wind.json
{"header": {"discipline":0,"disciplineName":"Meteorological products","gribEdition":2,"gribLength":1211,"center":7,"centerName":"US National Weather Service - NCEP(WMC)","subcenter":0,"refTime":"2023-06-28T00:00:00.000Z","significanceOfRT":1,"significanceOfRTName":"Start of forecast","productStatus":0,"productStatusName":"Operational products","productType":1,"productTypeName":"Forecast products","productDefinitionTemplate":0,"productDefinitionTemplateName":"Analysis/forecast at horizontal level/layer at a point in time","parameterCategory":2,"parameterCategoryName":"UnknownDiscipline_0_Category_2","parameterNumber":2,"parameterNumberName":"UnknownParameter_D0_C2_2","parameterUnit":"Unknown","genProcessType":2,"genProcessTypeName":"Forecast","forecastTime":120,"surface1Type":103,"surface1TypeName":"Specified height level above ground","surface1Value":10.0,"surface2Type":255,"surface2TypeName":"Missing","surface2Value":0.0,"gridDefinitionTemplate":0,"gridDefinitionTemplateName":"Latitude_Longitude","numberPoints":688,"shape":6,"shapeName":"Earth spherical with radius of 6,371,229.0 m","gridUnits":"degrees","resolution":48,"winds":"true","scanMode":64,"nx":43,"ny":16,"basicAngle":0,"lo1":45.0,"la1":40.0,"lo2":87.0,"la2":55.0,"dx":1.0,"dy":1.0}, "data":
[rows 0 to 15 of 16, columns 0 to 42 of 43]
-3.6879754,0.24202454,1.1920246,-3.6479754,-1.4479755,0.18202454,-0.30797547,-1.5679755,-1.7279755,-2.8279755,2.9520245,-0.77797544,-0.21797547,-0.5479755,-0.43797547,0.40202454,0.5120245,-1.2879754,-0.64797544,-1.5579754,-2.4679754,-2.6579754,-2.8279755,-0.26797545,3.4320245,5.1920247,-0.017975464,-0.5479755,0.48202455,0.7620245,1.4720246,-1.1779754,-0.27797547,-0.82797545,0.9620245,-1.8279755,2.9920244,-1.7779754,-1.3279755,-1.5179754,0.012024536,0.10202453,-0.33797547
0.5120245,-2.3279755,-1.8179755,-1.1379755,2.3720245,-1.0379754,-0.06797546,-0.9779755,-0.09797546,1.3220246,0.5820245,0.8820245,1.8420246,1.2620245,2.1120245,2.0620246,1.4620246,-0.7279755,0.66202456,0.84202456,-1.7479755,2.4920244,3.9720244,1.3520246,-1.0979755,0.31202453,-1.3679755,-1.6279755,-3.2879755,0.07202454,1.2320246,0.17202453,0.92202455,1.0220245,0.31202453,-0.12797546,1.2920245,1.6920246,-0.36797547,0.6520245,0.26202452,-1.3879755,-4.2079754
-0.44797546,-1.9179754,1.2320246,1.8620245,0.15202454,-4.9579754,-1.7279755,-0.45797548,1.6220245,-0.5479755,-1.4979755,-0.43797547,0.33202454,0.30202454,-2.4779754,-0.25797546,1.6520245,2.2420244,2.9420245,2.8420246,2.1520245,3.4120245,3.9920244,2.8520246,0.11202454,-2.4279754,0.002024536,-0.47797546,-0.62797546,1.3520246,-0.29797545,-1.6279755,0.08202454,-0.087975465,0.66202456,-2.6179755,-0.76797545,0.002024536,-0.76797545,-0.83797544,-0.19797546,0.74202454,-1.0979755
-0.39797547,-0.047975466,-0.18797547,-4.4479756,-6.1979756,-3.3579755,-0.7979755,0.9020245,0.07202454,0.8920245,-0.13797547,0.53202456,1.7120246,2.3220246,3.0520246,3.6720245,3.7620246,3.3120246,3.8220246,5.2520247,6.2420244,4.3720245,5.1820245,2.7920246,1.1320245,0.07202454,4.5020247,1.9220245,0.6920245,-0.49797547,-1.9179754,-0.5379755,-1.3879755,1.5820246,0.33202454,-0.26797545,0.56202453,-0.70797545,0.56202453,0.48202455,-0.12797546,2.2320244,2.5020247
-1.3079754,-2.6079755,-3.0179756,-3.3079755,-1.1879754,1.1220245,1.6220245,0.81202453,0.7620245,0.44202453,1.3720245,1.9720246,2.4020245,2.6820245,4.7620244,5.3520246,3.6420245,5.0320244,5.3320246,6.6520247,7.0220246,6.0020247,2.6420245,2.0920246,2.4920244,4.8420243,8.382025,11.972024,-0.47797546,-0.52797544,6.1220245,2.8020246,-1.3979754,-2.1879754,-2.4579754,-3.6079755,-2.6079755,-2.5979755,-1.5179754,2.9120245,1.8720245,0.6320245,-0.57797545
-0.51797545,-0.58797544,0.11202454,1.1720245,3.3320246,4.0820246,4.7820244,3.4420245,2.6820245,2.9020245,3.5920246,3.9820244,3.8020246,4.3120246,3.8020246,4.5320244,5.8720245,5.2220244,5.3520246,6.5420246,5.4620247,5.9220247,6.0420246,5.1420245,1.0620246,11.482024,15.7020235,2.5920246,-4.9379754,-3.0979755,-3.9379754,-3.3579755,-5.3579755,-2.6079755,-2.9079754,1.8520246,3.2720246,-0.18797547,-2.4979753,-2.4579754,-2.5679755,-2.5079756,-3.6379755
-0.93797547,3.3420246,3.1820245,2.8120246,5.5020247,7.7620244,6.9320245,6.4320245,5.6920247,4.4420247,3.6420245,4.632025,3.9420245,2.4820244,3.4220245,5.8920245,4.7520247,5.0520244,5.2920246,6.5920243,5.9520245,2.0920246,-0.29797545,-1.1379755,-0.94797546,8.382025,-2.4879754,-5.4579754,-8.127975,-5.3379755,-5.117975,-7.2779756,-6.6879754,-4.5579753,-3.0179756,-2.4379754,-0.41797546,0.68202454,0.5820245,-0.40797547,1.3120246,-2.5479755,-1.3479755
-0.46797547,0.93202454,-0.24797547,0.84202456,3.0020247,4.8020244,5.4320245,4.6020246,4.7920246,3.9120245,3.2020245,3.0920246,2.5320246,1.5320245,2.1620245,2.7520247,3.7920246,4.5020247,5.6920247,7.4220247,5.7220244,3.2220244,0.85202456,-0.47797546,2.0320246,0.53202456,-6.4879756,-10.127975,-6.6779757,-5.5979753,-5.8179755,-6.5879755,-7.3179755,-6.8579755,-3.6379755,-1.0479754,-0.77797544,-1.7879754,-1.0779755,1.8320246,0.34202453,1.1520245,1.6520245
1.9120245,2.2220244,2.8320246,1.9720246,1.5320245,0.93202454,1.6120245,2.4420245,2.7820246,2.9620245,2.8420246,2.3520246,1.6920246,2.4420245,2.6720245,2.6220245,3.6320245,4.0920243,4.6120243,1.7520245,3.1020246,-1.8279755,-2.6579754,1.4320245,1.2620245,-2.1679754,-3.6179755,-4.3779755,-5.7179756,-5.617975,-5.7079754,-4.6579757,-5.8879757,-3.2479753,-5.0379753,-1.5879755,-1.9379754,1.6320245,2.9720244,5.2820244,3.0820246,2.2720246,-0.30797547
2.8720245,2.8920245,2.2520247,1.5120245,0.73202455,1.7920245,1.4120245,0.9620245,1.3720245,2.6720245,3.1820245,2.6120245,3.0920246,2.7620246,2.7220244,2.4620245,3.1320245,2.7420244,1.9720246,0.5120245,2.1220245,2.2820246,3.0420246,2.9820244,-3.4279754,-2.0879755,-4.2079754,-4.7979755,-3.4679754,-4.6379757,-2.5179756,-2.6179755,-3.8579755,-2.3279755,-1.1079755,-0.36797547,1.3520246,1.1020246,0.042024538,-2.8379755,-1.9579755,0.86202455,-0.5479755
3.5920246,3.5420246,3.1320245,3.3520246,3.0820246,3.2520247,2.8520246,2.6820245,2.6920245,2.9620245,3.3120246,3.3820245,3.4120245,1.8720245,2.3420246,2.7020245,1.9720246,2.3120246,0.8920245,0.9520245,2.9220245,-0.42797548,-3.1379755,-1.7679754,-2.2879755,-2.6579754,-3.2179754,-4.5079756,-3.3379755,-3.8079755,-4.4079757,-2.8879755,-2.8579755,-3.6979754,-2.2379754,-1.5679755,0.56202453,-0.42797548,-0.88797545,-0.63797545,-3.1379755,-0.90797544,0.33202454
1.8120246,2.3220246,2.6420245,2.7220244,2.9420245,2.9620245,2.7320244,2.9520245,3.1820245,3.0620246,3.2920246,3.3520246,2.4720244,2.3020246,2.1920245,2.2120245,1.7720245,1.7220246,1.7420245,1.0720246,0.44202453,-1.1179755,-3.9979753,-4.2179756,-3.7179754,-4.1679754,-3.2479753,-5.0679755,-3.5679755,-3.6379755,-3.6179755,-4.2979755,-5.1479754,-4.0779753,-4.6479754,-3.3079755,-2.9079754,-2.2779756,-1.3779755,-1.6379755,-0.6079755,-0.39797547,-0.8079755
2.3320246,1.4620246,1.8520246,2.4920244,2.9320245,2.6020246,2.9920244,2.8120246,2.5320246,2.5320246,1.9520246,1.7420245,1.0020245,2.6020246,2.4820244,2.4620245,2.3920245,2.1720245,2.2820246,1.1720245,-0.027975464,-0.037975464,-2.0279756,-1.4579755,-4.8279753,-3.9679754,-5.2179756,-5.3479753,-6.8079753,-5.8579755,-5.4179754,-5.5179753,-4.6779757,-4.5579753,-3.5579755,-4.6479754,-3.6679754,-3.8479755,-3.9479754,-2.4479754,-1.2179755,-0.57797545,-0.74797547
2.4320245,2.6520245,2.1520245,1.7820245,1.6920246,2.0520246,2.1420245,1.8020245,1.3820245,0.97202456,1.9420246,0.55202454,0.7120245,1.9120245,1.9620246,2.9720244,2.4420245,2.3820245,2.1320245,1.4420246,1.2920245,-0.32797545,-0.14797546,-2.5779755,-2.3579755,-3.9079754,-3.9679754,-6.4479756,-5.8179755,-5.4179754,-4.9579754,-4.4479756,-4.1379757,-4.5779753,-4.5279756,-4.2879753,-3.1379755,-3.0579755,-2.6979754,-1.5679755,-2.8779755,-2.9379754,-1.1979755
2.4020245,1.3420246,2.5420246,1.8520246,2.0120246,2.0120246,1.4920245,1.8420246,1.8120246,1.4820246,1.4120245,1.9120245,0.39202455,0.7720245,1.7420245,2.7020245,2.1320245,2.0920246,2.7320244,1.8820245,1.9320245,2.0320246,0.7120245,-3.1279755,-2.4779754,-4.4079757,-4.8779755,-5.5379753,-4.5579753,-4.2179756,-4.0879755,-4.4579754,-4.0779753,-4.1579757,-3.6779754,-3.3779755,-1.9279754,-2.9079754,-2.4779754,-2.6679754,-2.6479754,-1.8379755,-0.8679755
2.8020246,1.4120245,1.2320246,2.4320245,3.3820245,2.2920246,2.9820244,2.2620246,2.8820245,2.0520246,2.6920245,1.5120245,-0.007975464,1.1120245,1.3720245,1.1020246,2.6720245,2.4020245,2.7820246,2.6720245,2.8720245,2.9020245,0.122024536,-2.2079754,-1.4179754,-4.0079756,-3.7079754,-3.6179755,-3.9379754,-3.4079754,-3.5879755,-3.5179756,-4.2379756,-3.4979753,-3.1179755,-2.8379755,-2.5579755,-2.4479754,-2.7979755,-2.4179754,-1.6279755,-2.5579755,-0.6679755
