wind_kz.json
{"header": {"discipline":0,"disciplineName":"Meteorological products","gribEdition":2,"gribLength":1025,"center":7,"centerName":"US National Weather Service - NCEP(WMC)","subcenter":0,"refTime":"2023-10-04T00:00:00.000Z","significanceOfRT":1,"significanceOfRTName":"Start of forecast","productStatus":0,"productStatusName":"Operational products","productType":1,"productTypeName":"Forecast products","productDefinitionTemplate":0,"productDefinitionTemplateName":"Analysis/forecast at horizontal level/layer at a point in time","parameterCategory":2,"parameterCategoryName":"UnknownDiscipline_0_Category_2","parameterNumber":3,"parameterNumberName":"UnknownParameter_D0_C2_3","parameterUnit":"Unknown","genProcessType":2,"genProcessTypeName":"Forecast","forecastTime":60,"surface1Type":103,"surface1TypeName":"Specified height level above ground","surface1Value":10.0,"surface2Type":255,"surface2TypeName":"Missing","surface2Value":0.0,"gridDefinitionTemplate":0,"gridDefinitionTemplateName":"Latitude_Longitude","numberPoints":615,"shape":6,"shapeName":"Earth spherical with radius of 6,371,229.0 m","gridUnits":"degrees","resolution":48,"winds":"true","scanMode":64,"nx":41,"ny":15,"basicAngle":0,"lo1":47.0,"la1":41.0,"lo2":87.0,"la2":55.0,"dx":1.0,"dy":1.0}, "data":
[rows 0 to 14 of 15, columns 0 to 40 of 41]
0.7653784,0.7653784,-0.6646216,10.265378,5.5553784,3.8153784,-1.4846215,-1.7846216,-0.23462158,-2.7446215,-5.204622,-8.014622,-6.2646217,-4.6746216,-0.63462156,-0.5946216,-3.3346217,-0.124621585,1.0953784,-2.0846217,1.2853785,-1.0046216,-1.1546216,1.4853784,3.6053784,0.5653784,0.045378417,1.0753784,-2.0646217,3.4553785,1.3753784,1.2253784,-0.3846216,-0.22462158,-1.1946216,-2.0846217,-2.6246216,2.3653784,1.3253784,0.92537844,0.80537844
4.3353786,0.13537842,0.7053784,6.4253783,5.2053785,3.3253784,-2.5846217,-0.094621584,-2.0146215,-2.9146216,-4.7746215,-5.9446216,-5.4046216,-4.954622,-5.4646215,-3.1546216,-1.9646215,-2.4846215,-1.4046216,-2.1146216,-1.5946215,-1.3646216,1.0153785,0.9153784,0.93537843,1.1953784,0.07537842,1.8353784,0.5053784,-2.3746216,1.3553784,1.4753784,1.2653785,-1.0546216,1.2053784,1.5453784,2.1853783,0.9553784,0.9753784,0.8953784,-0.5446216
0.17537841,2.9253783,4.6653786,5.4453783,4.3853784,2.9453783,0.32537842,0.13537842,-1.9646215,-2.1846216,-4.3946214,-3.4446216,-5.2646217,-5.9846215,-4.5646214,-3.3746216,-3.8946216,-4.1446214,-3.8646216,-2.9946215,-1.8946216,-1.5446216,0.9153784,2.1153784,2.5653784,1.9253784,-0.3246216,-1.8846216,-1.2946216,-0.33462158,0.24537842,-1.4146216,-2.3946216,0.6353784,0.5153784,0.15537842,0.7653784,-0.7746216,0.025378417,1.4753784,0.41537842
-0.8546216,3.6053784,4.4753785,4.3453784,3.3353784,1.1253784,0.3353784,0.68537843,-1.1646216,-1.3746216,-1.8146216,-1.7546216,-4.2746215,-6.7646217,-6.2746215,-7.4846215,-4.5246215,-3.6746216,-4.184622,-3.1746216,-2.8546216,-0.124621585,-1.7946216,0.62537843,0.4853784,0.4853784,-2.1346216,-1.9746215,-1.7946216,-2.1846216,-3.5146215,-1.7946216,1.5153785,0.2753784,-0.49462157,-1.0746216,-1.5246216,2.2753785,-0.6046216,-0.62462157,-1.8246216
2.9053783,3.3353784,3.6253784,3.2453785,-1.1146216,0.2753784,1.7153784,-0.70462155,-0.57462156,0.23537841,0.17537841,-1.9346216,-3.0746217,-3.6846216,-4.8546214,-4.3246217,-6.5746217,-5.434622,-4.3546214,-3.2146215,-2.8146217,0.07537842,-0.81462157,1.6553785,4.5153785,1.0053784,-1.4846215,-4.1746216,-1.1946216,-2.9246216,-4.1946216,-4.0446215,-1.7746216,-0.95462155,0.16537842,-0.63462156,-0.22462158,-2.4046216,-1.6946216,-1.4246216,-1.3746216
1.7353784,4.2053785,5.9753785,4.1753783,2.6253784,0.5653784,0.10537842,1.5053784,1.2253784,0.5953784,0.43537843,-1.4246216,2.2853785,-1.4446216,-4.5046215,-5.0446215,-3.9446216,-4.3746214,-4.1546216,-3.3246217,-2.7846215,-2.8646216,-2.7946215,3.6753783,3.7253785,4.0553784,3.2053785,-1.2046216,-1.6246216,-0.76462156,-2.1146216,-1.9246216,-1.9446216,-1.6646216,0.5853784,5.3253784,-1.2046216,4.9053783,2.5353785,-0.07462158,-1.6446216
1.9053785,1.3553784,1.0253785,2.6553783,5.4553785,2.8953784,5.0053782,2.3053784,2.8753784,1.3553784,0.085378416,-0.8946216,-2.5846217,-1.1346216,-3.1446216,-4.3546214,-5.1746216,-4.6646214,-3.3346217,-2.5246215,-1.2646216,-2.7346215,-2.3746216,-0.11462158,3.8653784,4.3953786,2.7653785,2.9453783,2.5253785,0.24537842,0.4953784,0.3653784,-2.1446216,-1.1346216,0.03537842,2.6153784,-0.4446216,-1.2246215,2.6753783,2.6153784,2.1153784
2.5653784,1.1753784,2.0853784,2.7753785,2.1453784,0.9453784,0.7553784,0.44537842,2.3653784,0.38537842,0.67537844,-1.3446215,-1.8946216,1.3453784,-0.7346216,-2.0046215,-4.6246214,-4.3746214,-2.7246215,-1.2646216,-1.0346216,-0.69462156,0.5853784,1.0853784,1.3753784,2.2353785,2.3353784,0.6453784,0.20537841,-0.5946216,-0.87462157,-1.5446216,-3.3246217,-3.5446215,-1.1146216,-0.57462156,-1.5346216,-2.5046215,-1.2946216,0.3353784,1.4353784
3.6953783,3.7853785,2.7753785,2.0053785,1.7253784,0.6653784,1.4353784,1.3053784,0.09537842,-0.014621582,1.1353784,-0.014621582,-0.8646216,1.7253784,-0.5346216,-2.0346215,-3.7746215,-3.6946216,-3.0546217,-1.8946216,-0.24462157,0.74537843,1.1653785,0.5953784,1.7753785,1.5753784,2.4453783,2.3153784,1.7953784,0.79537845,-0.8046216,-1.7846216,-1.4046216,-2.7046216,-3.0146215,0.7853784,-0.7846216,-1.5646216,-0.094621584,0.3353784,-1.9646215
3.7753785,3.7453785,3.1253784,1.9153785,0.3653784,1.4953784,0.54537845,0.5253784,0.7853784,-0.6146216,-1.1746216,-0.03462158,1.9153785,1.6453785,2.9053783,0.6053784,-2.6546216,-3.5046215,-2.7646215,-0.6146216,0.005378418,0.68537843,1.6353784,1.2853785,2.0853784,1.4353784,1.7453784,0.4553784,0.98537844,0.3953784,1.0953784,-0.15462159,-1.3346215,-1.5046216,-2.1546216,-1.4446216,-0.4446216,-1.2646216,-0.14462158,1.5053784,2.0853784
4.2353783,3.6053784,4.2353783,2.4053783,1.3453784,1.8453784,2.1353784,0.5353784,0.31537843,0.12537841,-0.4746216,-0.094621584,-0.024621582,1.2953784,3.6453784,3.0153785,0.9553784,-2.1246216,-2.8646216,-1.1046215,1.1553785,1.0453784,2.0253785,1.8853784,1.8953785,2.0053785,2.0953784,1.3853784,0.5053784,1.4153785,1.4353784,0.62537843,-1.2646216,-1.7446216,-1.9346216,-2.3846216,-1.6146216,-0.70462155,-1.0146216,-1.1546216,-0.21462159
4.4153786,4.7453785,4.0053782,3.5253785,1.8153784,1.5153785,1.6553785,1.2153784,-0.31462157,-0.004621582,0.41537842,0.43537843,0.14537841,2.2753785,3.6253784,3.1753783,3.2753785,2.7453785,-2.0246215,0.55537844,1.0153785,1.6053784,1.3753784,2.0653784,1.9153785,1.9953784,2.4753785,2.3653784,2.1053784,2.0853784,1.7153784,0.9053784,-0.20462158,-2.2846215,-0.6046216,-1.7646216,-1.8446215,-1.7146215,-0.14462158,-1.0246216,-0.49462157
3.3053784,4.8453784,4.1053786,2.8053784,2.9353783,1.8753784,1.3953785,0.6553784,0.34537843,0.74537843,0.18537842,0.17537841,-0.6546216,0.4853784,2.7953784,2.3953784,3.6453784,4.1353784,0.99537843,2.2353785,2.3953784,2.7853785,2.4653785,2.3453784,2.9653785,2.7953784,2.2753785,2.2553785,2.8053784,2.2053785,1.7653785,1.4953784,0.4953784,-1.0846215,-0.51462156,0.10537842,-0.48462158,-0.6046216,-1.3846216,-1.3546215,-1.5546216
3.6753783,3.1553783,3.0553784,3.0053785,2.6553783,1.7953784,1.1853784,0.5653784,0.06537842,-0.42462158,0.47537842,-0.03462158,0.44537842,1.0753784,0.9153784,2.6753783,3.5553784,4.545378,1.5753784,1.2553784,4.2553782,2.7153785,2.6353784,2.5053785,3.2253785,3.0853784,3.0053785,3.0653784,2.5953784,2.4853785,2.2153785,2.0753784,1.7753785,1.4953784,1.2953784,1.1953784,0.6553784,-0.2846216,-0.31462157,-0.014621582,-1.3046216
3.2053785,4.4953785,5.6153784,3.2553785,3.7553785,2.1953783,0.98537844,-0.36462158,-0.6446216,-1.9846215,0.40537843,1.4453784,1.3253784,0.3353784,0.5153784,2.0653784,3.6253784,4.1253786,3.7853785,1.4153785,3.8153784,3.7453785,3.1653783,3.2853785,3.0553784,3.2353785,3.4253783,3.2453785,3.0553784,3.0153785,2.6053784,1.9653784,2.1253784,2.0053785,1.9053785,1.9953784,1.5053784,1.8553784,0.8253784,2.1053784,0.025378417
