wind_kz.json
{"header": {"discipline":0,"disciplineName":"Meteorological products","gribEdition":2,"gribLength":871,"center":7,"centerName":"US National Weather Service - NCEP(WMC)","subcenter":0,"refTime":"2023-08-28T00:00:00.000Z","significanceOfRT":1,"significanceOfRTName":"Start of forecast","productStatus":0,"productStatusName":"Operational products","productType":1,"productTypeName":"Forecast products","productDefinitionTemplate":0,"productDefinitionTemplateName":"Analysis/forecast at horizontal level/layer at a point in time","parameterCategory":0,"parameterCategoryName":"UnknownDiscipline_0_Category_0","parameterNumber":0,"parameterNumberName":"UnknownParameter_D0_C0_0","parameterUnit":"Unknown","genProcessType":2,"genProcessTypeName":"Forecast","forecastTime":240,"surface1Type":1,"surface1TypeName":"Ground or water surface","surface1Value":0.0,"surface2Type":255,"surface2TypeName":"Missing","surface2Value":0.0,"gridDefinitionTemplate":0,"gridDefinitionTemplateName":"Latitude_Longitude","numberPoints":615,"shape":6,"shapeName":"Earth spherical with radius of 6,371,229.0 m","gridUnits":"degrees","resolution":48,"winds":"true","scanMode":64,"nx":41,"ny":15,"basicAngle":0,"lo1":47.0,"la1":41.0,"lo2":87.0,"la2":55.0,"dx":1.0,"dy":1.0}, "data":
[rows 0 to 14 of 15, columns 0 to 40 of 41]
292.77783,286.47784,289.57782,298.27783,298.17783,296.87784,296.47784,296.57782,294.27783,294.57782,292.57782,293.67783,292.77783,292.37784,292.27783,288.97784,288.47784,288.87784,285.97784,288.17783,291.07782,285.07782,284.17783,283.67783,285.47784,286.37784,284.37784,272.57782,271.97784,273.07782,272.97784,270.37784,283.67783,289.27783,290.17783,290.47784,290.97784,291.77783,288.57782,289.67783,291.77783
277.97784,288.97784,297.87784,298.47784,298.47784,296.67783,294.47784,293.67783,291.67783,291.17783,291.97784,291.47784,291.37784,288.87784,288.07782,288.67783,289.17783,287.17783,285.07782,284.97784,285.27783,286.87784,287.17783,280.07782,271.27783,271.77783,279.67783,272.77783,273.47784,269.47784,275.77783,269.37784,276.77783,252.67783,274.07782,287.47784,286.47784,289.47784,290.47784,282.57782,283.87784
291.57782,297.37784,298.17783,298.27783,296.67783,294.27783,291.97784,290.77783,289.87784,290.67783,290.97784,291.07782,288.67783,289.67783,289.37784,285.47784,285.07782,286.77783,287.07782,287.37784,287.47784,287.17783,287.77783,283.97784,286.77783,285.97784,286.07782,284.27783,284.27783,277.67783,271.07782,272.97784,276.67783,276.07782,278.37784,279.67783,272.87784,270.07782,272.47784,270.07782,263.37784
292.67783,297.57782,298.17783,297.37784,294.97784,292.57782,292.17783,291.57782,291.87784,291.37784,289.87784,289.87784,294.27783,293.57782,289.67783,288.37784,289.47784,288.47784,288.47784,287.27783,288.67783,285.37784,290.17783,289.97784,291.07782,291.07782,290.87784,289.27783,286.77783,286.77783,287.37784,287.87784,289.57782,287.27783,286.27783,284.27783,271.27783,271.47784,274.87784,282.67783,286.67783
292.77783,296.47784,297.27783,296.67783,294.87784,292.87784,293.27783,292.17783,290.67783,292.07782,289.97784,290.47784,293.87784,292.57782,290.57782,289.87784,289.77783,289.57782,288.27783,289.57782,290.77783,291.07782,289.47784,290.67783,289.27783,289.97784,289.17783,289.47784,288.17783,289.27783,291.37784,286.47784,276.37784,269.07782,277.87784,287.37784,291.07782,290.87784,289.07782,289.47784,289.17783
290.77783,289.67783,294.87784,294.87784,295.67783,295.27783,293.17783,294.67783,293.97784,293.07782,291.37784,289.97784,292.47784,293.57782,290.57782,288.47784,290.87784,289.67783,288.57782,288.97784,288.77783,289.17783,287.17783,288.07782,288.57782,286.67783,287.57782,292.07782,289.07782,290.67783,289.77783,289.77783,287.07782,285.47784,284.47784,288.87784,279.97784,282.67783,289.17783,288.97784,288.97784
291.07782,289.27783,293.67783,293.47784,293.27783,291.77783,292.77783,291.07782,291.57782,291.27783,288.17783,287.47784,286.87784,286.37784,285.87784,286.77783,286.17783,286.07782,285.87784,287.57782,287.97784,287.77783,287.87784,288.07782,287.47784,288.47784,288.67783,287.17783,286.67783,287.77783,287.67783,286.57782,286.47784,287.47784,285.87784,286.17783,282.27783,278.97784,275.87784,273.97784,286.17783
292.87784,292.67783,293.47784,293.17783,293.17783,292.67783,291.07782,289.07782,288.17783,286.77783,285.17783,285.17783,284.47784,287.17783,287.17783,287.47784,286.27783,285.77783,287.47784,281.87784,283.67783,285.57782,285.77783,285.27783,283.47784,281.87784,283.77783,286.57782,286.27783,286.87784,282.57782,284.17783,283.77783,280.07782,279.57782,282.97784,284.47784,289.37784,284.47784,283.97784,282.47784
291.27783,290.37784,291.27783,289.97784,291.87784,290.17783,288.27783,291.37784,287.97784,284.57782,283.17783,283.17783,282.97784,283.97784,285.77783,287.57782,286.27783,286.67783,286.47784,284.97784,284.07782,283.77783,281.27783,281.77783,280.67783,281.37784,280.57782,281.47784,282.87784,283.47784,284.27783,283.57782,283.57782,284.87784,283.47784,282.37784,281.47784,280.87784,271.87784,271.47784,271.17783
290.27783,290.17783,289.97784,289.77783,288.87784,287.37784,286.07782,290.07782,288.07782,283.87784,282.07782,281.47784,281.57782,282.07782,282.47784,283.27783,283.67783,284.37784,283.37784,284.67783,283.87784,284.27783,284.67783,284.87784,283.47784,283.47784,280.17783,280.97784,281.67783,285.07782,286.07782,287.27783,288.27783,287.47784,283.67783,281.27783,281.07782,277.37784,271.77783,273.77783,272.37784
289.47784,288.77783,288.27783,288.77783,287.87784,287.17783,286.47784,285.37784,287.97784,285.07782,281.67783,280.37784,281.27783,280.57782,280.77783,281.07782,280.97784,282.77783,283.37784,282.87784,283.67783,283.87784,283.77783,284.27783,283.77783,283.97784,283.37784,285.17783,285.37784,286.97784,287.47784,288.37784,288.17783,287.07782,284.07782,281.07782,278.97784,275.27783,272.67783,275.17783,273.67783
288.07782,287.77783,288.37784,287.97784,286.67783,285.87784,283.77783,283.47784,283.07782,282.37784,278.87784,280.57782,283.67783,279.97784,280.17783,279.67783,279.87784,280.87784,282.97784,283.17783,282.87784,280.67783,282.77783,283.17783,282.67783,283.47784,284.27783,285.27783,286.27783,287.27783,286.57782,286.97784,285.97784,282.47784,282.97784,281.87784,281.27783,280.27783,279.87784,279.47784,278.57782
286.97784,285.67783,286.77783,286.17783,286.67783,288.67783,283.37784,282.57782,282.87784,284.67783,278.27783,276.97784,279.97784,279.27783,279.67783,279.77783,282.37784,282.67783,283.07782,282.37784,280.77783,280.07782,279.47784,278.77783,281.57782,282.77783,285.17783,284.87784,284.67783,284.77783,285.37784,285.17783,284.67783,281.97784,281.77783,281.87784,281.57782,282.47784,281.37784,280.37784,280.27783
284.77783,286.67783,289.57782,286.57782,289.27783,288.57782,284.77783,282.37784,280.77783,279.87784,279.97784,276.67783,276.67783,278.77783,279.97784,279.87784,279.27783,281.57782,283.17783,281.37784,280.17783,282.37784,280.17783,280.47784,280.37784,280.97784,281.67783,281.57782,281.57782,281.57782,281.47784,281.37784,280.87784,281.37784,281.57782,281.27783,281.47784,280.97784,280.57782,280.17783,280.07782
286.57782,291.77783,289.47784,286.57782,289.87784,285.37784,288.67783,281.77783,283.57782,285.07782,284.47784,282.67783,277.27783,277.97784,278.77783,278.67783,278.57782,278.57782,278.47784,282.27783,282.97784,282.87784,283.37784,283.67783,283.77783,283.27783,283.57782,283.77783,283.87784,283.77783,281.27783,282.17783,280.77783,280.57782,280.97784,280.97784,280.77783,279.77783,280.27783,280.77783,280.57782
