wind_kz.json
{"header": {"discipline":0,"disciplineName":"Meteorological products","gribEdition":2,"gribLength":871,"center":7,"centerName":"US National Weather Service - NCEP(WMC)","subcenter":0,"refTime":"2023-09-23T18:00:00.000Z","significanceOfRT":1,"significanceOfRTName":"Start of forecast","productStatus":0,"productStatusName":"Operational products","productType":1,"productTypeName":"Forecast products","productDefinitionTemplate":0,"productDefinitionTemplateName":"Analysis/forecast at horizontal level/layer at a point in time","parameterCategory":0,"parameterCategoryName":"UnknownDiscipline_0_Category_0","parameterNumber":0,"parameterNumberName":"UnknownParameter_D0_C0_0","parameterUnit":"Unknown","genProcessType":2,"genProcessTypeName":"Forecast","forecastTime":60,"surface1Type":1,"surface1TypeName":"Ground or water surface","surface1Value":0.0,"surface2Type":255,"surface2TypeName":"Missing","surface2Value":0.0,"gridDefinitionTemplate":0,"gridDefinitionTemplateName":"Latitude_Longitude","numberPoints":615,"shape":6,"shapeName":"Earth spherical with radius of 6,371,229.0 m","gridUnits":"degrees","resolution":48,"winds":"true","scanMode":64,"nx":41,"ny":15,"basicAngle":0,"lo1":47.0,"la1":41.0,"lo2":87.0,"la2":55.0,"dx":1.0,"dy":1.0}, "data":
[rows 0 to 14 of 15, columns 0 to 40 of 41]
301.98828,287.5883,291.48828,294.48828,294.28827,293.48828,298.98828,307.5883,304.6883,307.38828,304.78827,305.98828,305.88828,306.5883,307.88828,309.5883,310.38828,307.88828,313.78827,311.98828,315.1883,313.6883,313.48828,308.78827,308.98828,312.98828,304.88828,297.88828,297.88828,293.6883,291.48828,286.5883,299.28827,304.98828,306.0883,304.48828,309.6883,309.1883,309.5883,310.78827,312.78827
284.88828,293.88828,293.88828,294.38828,293.88828,292.78827,306.0883,303.6883,303.48828,303.48828,305.1883,303.78827,304.6883,304.5883,308.48828,310.5883,310.88828,310.0883,308.98828,311.48828,314.28827,311.88828,309.28827,300.1883,293.88828,296.0883,298.5883,298.28827,297.0883,287.28827,293.88828,274.78827,294.48828,266.38828,288.0883,301.6883,302.98828,300.1883,306.38828,299.38828,284.78827
293.0883,293.88828,294.38828,293.78827,291.88828,302.0883,301.88828,302.38828,302.88828,302.28827,302.48828,303.88828,304.28827,304.48828,302.78827,307.28827,307.88828,309.28827,310.28827,315.78827,307.1883,306.98828,309.0883,301.38828,304.88828,301.88828,302.38828,301.48828,301.88828,297.88828,289.6883,292.28827,294.98828,296.78827,295.98828,293.98828,282.38828,292.28827,291.98828,284.78827,275.6883
302.38828,293.1883,294.1883,292.98828,294.5883,302.78827,300.48828,301.1883,302.88828,303.38828,303.0883,302.1883,291.78827,291.1883,303.78827,305.5883,303.5883,306.78827,307.38828,308.78827,309.48828,304.5883,303.98828,303.78827,303.0883,302.0883,303.28827,300.5883,298.38828,302.98828,306.88828,303.88828,304.5883,307.78827,307.98828,300.98828,273.1883,272.6883,288.1883,298.1883,298.98828
300.5883,293.0883,293.38828,292.48828,296.38828,301.0883,300.98828,302.98828,300.48828,300.1883,301.88828,302.5883,290.78827,289.5883,288.1883,304.6883,305.1883,303.28827,304.28827,302.6883,303.78827,304.78827,304.88828,304.88828,305.48828,305.5883,303.5883,299.78827,304.98828,303.6883,302.1883,300.88828,292.5883,274.38828,294.98828,301.98828,299.5883,304.6883,303.5883,301.78827,299.78827
299.28827,298.6883,291.88828,292.6883,292.78827,292.1883,303.1883,301.0883,299.48828,300.6883,299.98828,299.88828,292.1883,290.5883,297.48828,303.28827,302.6883,305.0883,303.28827,304.5883,304.78827,304.0883,304.28827,304.0883,304.28827,304.38828,305.78827,289.0883,302.88828,302.5883,302.78827,301.48828,302.0883,300.88828,297.1883,296.88828,292.78827,291.88828,302.48828,302.0883,298.0883
301.5883,302.78827,299.1883,301.0883,299.28827,302.78827,302.5883,300.38828,300.0883,299.78827,300.0883,299.38828,299.48828,300.28827,301.1883,300.98828,303.38828,303.78827,304.88828,302.78827,302.48828,302.1883,302.5883,301.6883,300.78827,301.98828,303.28827,303.78827,305.5883,305.28827,303.5883,302.5883,302.48828,299.78827,299.28827,296.5883,294.1883,288.88828,273.98828,277.38828,286.38828
302.98828,303.6883,302.28827,301.6883,301.88828,302.28827,303.38828,303.88828,302.88828,301.0883,300.98828,300.0883,301.48828,300.28827,301.6883,302.0883,301.28827,302.28827,302.38828,301.98828,300.0883,301.1883,301.1883,300.88828,300.0883,298.88828,297.5883,299.6883,298.6883,300.1883,299.28827,299.78827,299.38828,296.28827,285.28827,295.78827,291.78827,287.6883,285.28827,281.1883,277.0883
298.5883,298.98828,301.48828,302.78827,302.38828,302.38828,299.5883,299.1883,295.48828,302.5883,301.38828,298.6883,295.5883,294.88828,302.38828,303.28827,302.98828,304.1883,301.1883,301.0883,300.0883,300.48828,300.98828,300.78827,300.28827,299.28827,293.5883,297.1883,296.0883,295.1883,295.1883,287.88828,291.98828,288.1883,288.1883,284.1883,290.98828,282.48828,273.1883,273.1883,272.1883
299.5883,302.38828,302.1883,303.28827,302.6883,296.48828,299.88828,303.6883,301.38828,292.98828,297.38828,291.38828,292.98828,292.28827,294.48828,300.78827,301.78827,302.88828,302.48828,302.78827,300.6883,299.88828,299.78827,301.1883,300.6883,299.28827,299.1883,297.98828,296.48828,296.5883,296.1883,296.38828,288.5883,287.5883,285.6883,284.88828,283.28827,276.1883,273.1883,273.48828,272.28827
298.1883,299.38828,299.98828,299.48828,294.5883,301.48828,302.5883,295.38828,301.1883,299.88828,291.88828,292.98828,300.48828,298.78827,299.38828,300.28827,300.0883,301.28827,301.1883,299.6883,300.28827,300.48828,299.5883,299.88828,298.6883,298.88828,296.78827,298.88828,298.6883,299.88828,299.0883,298.78827,290.0883,284.0883,285.28827,287.38828,278.78827,273.78827,273.1883,273.5883,273.1883
292.48828,297.1883,297.98828,298.0883,298.5883,297.6883,298.0883,298.0883,298.6883,299.78827,296.88828,297.28827,297.88828,296.5883,296.5883,298.38828,298.38828,298.48828,298.78827,298.6883,297.28827,297.0883,296.98828,298.1883,297.28827,299.28827,299.28827,299.98828,299.98828,299.5883,299.98828,295.0883,289.78827,284.78827,286.28827,287.1883,285.5883,284.98828,281.78827,278.0883,276.38828
291.28827,292.38828,291.28827,296.1883,292.98828,295.1883,296.6883,297.5883,294.88828,293.88828,291.78827,291.48828,294.98828,294.0883,295.38828,295.98828,296.78827,296.5883,298.1883,296.6883,296.78827,295.78827,294.98828,294.98828,297.38828,297.88828,299.5883,298.5883,298.0883,300.28827,297.28827,293.88828,283.78827,285.78827,288.28827,285.98828,285.88828,285.6883,284.78827,283.28827,279.0883
292.0883,290.38828,290.5883,293.88828,293.88828,294.0883,293.78827,292.78827,293.38828,293.0883,289.48828,288.0883,291.28827,291.38828,292.1883,293.48828,294.38828,294.28827,295.38828,296.28827,297.28827,296.48828,297.0883,296.5883,297.28827,298.1883,297.88828,296.98828,298.38828,296.78827,293.6883,289.78827,284.1883,285.28827,284.78827,284.98828,285.0883,286.28827,285.98828,284.28827,287.0883
291.1883,294.5883,286.98828,293.88828,293.6883,293.48828,293.1883,293.28827,293.5883,293.6883,291.28827,291.28827,288.1883,289.1883,291.0883,292.1883,291.38828,289.48828,293.98828,294.5883,296.0883,296.28827,297.1883,296.48828,296.48828,296.78827,296.98828,296.78827,295.48828,294.0883,290.78827,283.78827,282.1883,282.78827,284.0883,285.1883,287.5883,285.38828,285.6883,285.88828,287.38828
