wind_kz.json
{"header": {"discipline":0,"disciplineName":"Meteorological products","gribEdition":2,"gribLength":1025,"center":7,"centerName":"US National Weather Service - NCEP(WMC)","subcenter":0,"refTime":"2023-10-05T00:00:00.000Z","significanceOfRT":1,"significanceOfRTName":"Start of forecast","productStatus":0,"productStatusName":"Operational products","productType":1,"productTypeName":"Forecast products","productDefinitionTemplate":0,"productDefinitionTemplateName":"Analysis/forecast at horizontal level/layer at a point in time","parameterCategory":2,"parameterCategoryName":"UnknownDiscipline_0_Category_2","parameterNumber":3,"parameterNumberName":"UnknownParameter_D0_C2_3","parameterUnit":"Unknown","genProcessType":2,"genProcessTypeName":"Forecast","forecastTime":300,"surface1Type":103,"surface1TypeName":"Specified height level above ground","surface1Value":10.0,"surface2Type":255,"surface2TypeName":"Missing","surface2Value":0.0,"gridDefinitionTemplate":0,"gridDefinitionTemplateName":"Latitude_Longitude","numberPoints":615,"shape":6,"shapeName":"Earth spherical with radius of 6,371,229.0 m","gridUnits":"degrees","resolution":48,"winds":"true","scanMode":64,"nx":41,"ny":15,"basicAngle":0,"lo1":47.0,"la1":41.0,"lo2":87.0,"la2":55.0,"dx":1.0,"dy":1.0}, "data":
[rows 0 to 14 of 15, columns 0 to 40 of 41]
1.5839453,1.0439453,-0.12605469,4.2139454,2.9539454,1.6839453,1.8439453,1.5739453,0.5739453,-0.8860547,-2.2460546,-2.4760547,-3.1560547,-3.0360546,-3.3460548,-4.5360546,-4.9960546,-3.7860546,-5.816055,-3.6760547,-3.2160547,-1.9460547,-2.0060546,2.1439452,1.2439454,0.023945313,0.2639453,0.6939453,-2.0760546,-0.3260547,-1.8960547,-2.6860547,-1.4060547,1.4839454,1.6339453,1.3139453,1.5539453,2.2539454,1.6039453,-0.34605467,-1.3360547
3.1439452,-2.2860546,3.9839454,4.703945,4.013945,3.1339452,2.3839452,1.6739453,0.3939453,-0.20605469,-0.17605469,-2.4760547,-3.0060546,-3.4060547,-4.256055,-4.6760545,-4.7060547,-4.0360546,-3.0260546,-6.2660546,-4.4460545,-3.4760547,-1.7760547,-1.5860547,1.6839453,-0.2160547,-1.1260546,-0.2560547,-1.3160547,-2.0860548,-0.6260547,-2.3760548,-2.9560547,-4.066055,-4.736055,2.3439453,0.7439453,1.7739453,1.1039453,-0.5260547,0.043945312
0.5039453,5.513945,5.4839454,2.9239454,1.7339454,3.5739453,3.0539453,2.0539453,1.8139453,0.17394531,-1.6660547,-2.7660546,-3.8160546,-3.8060546,-4.8060546,-5.336055,-5.9560547,-6.5160546,-5.4160547,-2.7960546,-3.0760546,-5.586055,-5.5360546,-2.1160548,-1.4860547,-1.4360547,-1.8160547,-1.7560546,0.6639453,-1.2960547,0.1439453,-0.09605469,-0.09605469,-0.4860547,-0.30605468,-0.7460547,-0.8260547,-4.5160546,-1.0360547,0.38394532,-1.1960547
5.013945,5.8339453,5.8439455,3.5539453,4.2539454,3.7339454,3.6439452,2.9639454,2.0239453,1.0439453,-1.0460547,-3.5060546,-5.1160545,-6.9260545,-4.9460545,-4.5960546,-4.9760547,-5.5360546,-5.7060547,-5.8260546,-5.1860547,-5.0960546,-1.9260547,-3.2760546,-3.4460547,-4.6960545,-3.2160547,-2.8260546,-2.9360547,-3.4460547,-4.236055,-2.2460546,1.1439453,1.3539453,-0.08605469,0.3639453,-0.2660547,2.3239453,0.40394533,0.6839453,-0.8360547
4.8439455,4.493945,1.3739454,0.40394533,3.4239454,3.1439452,2.6539452,2.1739454,2.0339453,1.1139454,0.41394532,-1.1760547,-3.5660546,-5.4060545,-4.2060547,-4.7660546,-4.6460547,-4.296055,-4.3860545,-4.8660545,-3.0460546,-2.2760546,-1.5760547,-2.0060546,-1.4360547,-1.6660547,-3.3560548,-2.4760547,-2.9260547,-2.9260547,-4.3860545,-3.7460546,-0.6960547,0.063945316,-0.046054687,1.3339453,-5.6960545,0.9939453,0.0039453125,0.2639453,1.3339453
6.3539453,3.5939453,0.4539453,0.4539453,0.37394533,0.6339453,3.4339454,2.8739452,2.0939453,1.6839453,1.4939454,0.103945315,-0.2660547,-1.7560546,-5.296055,-3.8260546,-4.1160545,-3.8760548,-3.4660547,-2.1460547,-3.1360548,-3.1260548,-3.0660546,-1.6660547,-1.0760547,-0.016054688,0.6639453,-2.1360548,-3.5860548,-2.9460547,-2.3260546,-2.9060547,-2.9560547,-2.9160547,-0.85605466,-1.0360547,-0.8460547,-4.066055,-2.5560546,-0.22605468,-1.0960547
5.4639454,5.2139454,4.6939454,4.5039454,3.7339454,4.5639453,3.0939453,2.2139454,1.5439453,1.0339453,-0.5160547,-1.8060547,-2.7860546,-3.3560548,-3.5460546,-3.1360548,-2.9160547,-2.9760547,-2.6660547,-1.7660546,-2.4160547,-3.6460547,-3.5560546,-2.5160546,-1.1160547,-0.6960547,-1.4360547,-1.9360547,-2.5760546,-2.5560546,-2.6660547,-2.5260546,-1.7360547,-4.356055,-4.546055,-1.3060547,-2.2760546,-0.6860547,-2.8560548,1.6539453,-5.736055
5.1139455,5.4239454,5.3339453,5.3839455,4.123945,4.0639453,3.0939453,2.5339453,1.5039454,0.12394531,-1.3360547,-1.4460547,-2.2060547,-3.3260546,-2.0960548,-3.3060546,-1.7060547,-2.0860548,-2.0560546,-2.6160548,-1.0760547,-1.4060547,-2.7260547,-2.7560546,-2.3160546,-3.1760547,-3.2760546,-4.236055,-2.2760546,-1.0460547,-2.8760548,-3.5160546,-3.6660547,-4.5960546,-3.6360548,-4.776055,-3.8160546,0.9939453,0.9339453,2.1639452,0.6139453
4.8839455,4.663945,4.8339453,4.8339453,4.283945,3.6839454,2.7339454,1.5139453,0.77394533,-0.116054684,-0.5560547,-1.8560547,-2.7060547,-0.7560547,-1.2860547,-3.8860548,-2.5360546,-1.5960547,-1.2760547,-1.4660547,-1.9560547,-2.1060548,0.23394531,-1.7160547,-1.6760547,-2.1160548,-2.3660548,-2.6760547,-1.3760546,-2.6260548,-3.1760547,-3.1160548,-3.8560548,-4.2460546,-4.1360545,-3.9060547,-3.1560547,-2.7260547,-2.8860548,-3.2960546,-3.0560546
3.8639452,4.0639453,3.8439453,4.2339454,4.0239453,3.4639454,2.6739454,1.8839453,1.0239453,-0.7060547,-1.7560546,-2.7060547,-3.0660546,-3.5560546,-2.2360547,-2.1660547,-1.8560547,-1.6360546,-1.3360547,-1.1360546,-1.8460547,-1.1360546,-1.0260547,1.6339453,0.77394533,-0.36605468,-0.8060547,-2.1960547,-2.2460546,-2.3560548,-2.5260546,-2.8660548,-3.0260546,-2.9860547,-3.6960547,-3.4360547,-1.9560547,-3.4860547,-0.06605469,-0.9260547,-2.0560546
3.9039452,4.123945,3.7439454,3.2139454,2.9439454,3.0039454,2.5839453,1.5139453,0.7339453,-0.5860547,-1.7460546,-1.6760547,-1.4260547,-2.8760548,-2.7560546,-1.7060547,-0.66605467,-0.18605469,0.6739453,-0.09605469,-0.14605469,-0.09605469,-0.7460547,-1.0260547,0.76394534,1.4139453,1.1739453,0.40394533,-1.4060547,-0.9060547,-1.5060546,-2.6460547,-2.6260548,-2.5460546,-2.8060546,-2.9160547,-2.5860548,-1.7060547,-2.3660548,-1.9060547,-2.0560546
3.8639452,3.8539453,3.7339454,3.6039453,3.3039453,2.3739452,1.6639453,1.3139453,0.9039453,-0.5860547,-1.4360547,-1.4760547,-0.8060547,-1.1260546,-1.6560547,-1.2960547,-0.9360547,-0.54605466,-1.2160547,-0.8960547,-1.9260547,-1.2860547,-1.1060547,-1.3660547,-1.0160546,0.7439453,2.0739453,2.0539453,0.34394532,0.3039453,-1.0260547,-1.4160547,-1.0960547,-2.4960546,-1.9560547,-2.0360546,-2.2660546,-2.3560548,-1.3760546,-1.5960547,-1.1560547
3.7839453,4.0039454,3.6039453,3.3139453,2.6139452,1.7839453,1.6539453,1.2239453,0.6339453,0.3339453,-0.49605468,-1.7560546,-1.6660547,-1.5760547,-0.9660547,-0.18605469,-1.0260547,-1.2460546,0.9739453,-0.8760547,0.7239453,-1.2760547,-0.6860547,-0.9260547,-0.8060547,1.3439453,2.0739453,2.3739452,1.3839453,0.76394534,-0.016054688,-0.7560547,-0.7560547,-1.4660547,-1.7460546,-1.9260547,-1.9060547,-1.4660547,-2.6660547,-1.9660547,-1.6460547
4.8639455,4.513945,4.1739454,3.3239453,2.9839454,2.5539453,2.0439453,1.7339454,1.7239453,1.6239454,0.25394532,-0.20605469,0.1439453,-0.2160547,-0.98605466,-0.6160547,-1.8260547,-0.9460547,-0.116054684,0.6139453,0.21394531,1.5339453,0.3639453,1.1339453,1.4939454,2.2639453,2.8039453,2.0839453,1.8139453,1.5639453,0.7439453,0.043945312,-0.97605467,-1.0960547,-1.5560547,-1.7960547,-2.3160546,-2.3460548,-2.0960548,-1.7460546,-2.1260548
3.0839453,4.2339454,4.013945,3.7339454,3.3039453,2.5839453,2.0639453,2.1239452,1.0539453,2.4639454,1.6539453,1.1439453,0.7339453,-1.0060546,-0.0060546873,-0.2460547,0.58394533,-0.08605469,0.2639453,0.8839453,2.1839454,2.2539454,2.1339452,2.5139453,2.6839454,2.5439453,2.6739454,2.6039453,2.3939452,2.3839452,2.1639452,1.1339453,0.83394533,0.6539453,-0.12605469,-0.16605468,-1.2160547,-0.2160547,-1.4560547,-2.1360548,-1.6860547
