wind_kz.json
{"header": {"discipline":0,"disciplineName":"Meteorological products","gribEdition":2,"gribLength":871,"center":7,"centerName":"US National Weather Service - NCEP(WMC)","subcenter":0,"refTime":"2023-09-21T12:00:00.000Z","significanceOfRT":1,"significanceOfRTName":"Start of forecast","productStatus":0,"productStatusName":"Operational products","productType":1,"productTypeName":"Forecast products","productDefinitionTemplate":0,"productDefinitionTemplateName":"Analysis/forecast at horizontal level/layer at a point in time","parameterCategory":0,"parameterCategoryName":"UnknownDiscipline_0_Category_0","parameterNumber":0,"parameterNumberName":"UnknownParameter_D0_C0_0","parameterUnit":"Unknown","genProcessType":2,"genProcessTypeName":"Forecast","forecastTime":180,"surface1Type":1,"surface1TypeName":"Ground or water surface","surface1Value":0.0,"surface2Type":255,"surface2TypeName":"Missing","surface2Value":0.0,"gridDefinitionTemplate":0,"gridDefinitionTemplateName":"Latitude_Longitude","numberPoints":615,"shape":6,"shapeName":"Earth spherical with radius of 6,371,229.0 m","gridUnits":"degrees","resolution":48,"winds":"true","scanMode":64,"nx":41,"ny":15,"basicAngle":0,"lo1":47.0,"la1":41.0,"lo2":87.0,"la2":55.0,"dx":1.0,"dy":1.0}, "data":
[rows 0 to 14 of 15, columns 0 to 40 of 41]
288.42242,281.32245,286.12244,293.82245,294.12244,293.62244,292.32245,292.12244,289.62244,287.92242,288.82245,290.22244,290.02243,289.82245,289.52243,287.92242,287.92242,287.32245,286.42242,287.12244,288.52243,286.22244,286.52243,284.62244,288.02243,287.72244,284.52243,270.82245,270.82245,270.32245,270.42242,274.12244,281.92242,289.32245,291.42242,290.52243,290.42242,289.62244,287.82245,287.22244,286.52243
272.32245,285.52243,293.22244,293.62244,293.72244,292.32245,290.72244,290.32245,288.72244,289.12244,289.22244,288.52243,288.02243,287.62244,287.42242,287.62244,286.72244,286.22244,286.22244,286.22244,286.02243,287.12244,286.02243,279.62244,270.12244,271.52243,279.82245,271.32245,271.22244,268.72244,274.82245,264.32245,273.72244,261.52243,273.32245,286.92242,286.82245,288.12244,289.02243,282.62244,283.72244
287.32245,292.42242,293.32245,293.12244,291.32245,290.42242,289.02243,288.62244,287.82245,287.62244,287.32245,290.82245,286.02243,286.92242,288.22244,287.02243,285.22244,284.42242,285.82245,285.72244,286.62244,286.52243,287.82245,282.52243,283.02243,282.72244,286.52243,286.52243,285.12244,277.62244,270.42242,272.02243,278.22244,277.92242,282.32245,279.42242,273.12244,273.92242,274.02243,270.72244,267.92242
289.42242,292.12244,293.62244,292.62244,291.22244,289.62244,290.62244,290.22244,289.82245,292.42242,289.42242,291.12244,291.12244,290.62244,288.52243,286.62244,286.62244,286.62244,286.82245,285.42242,286.82245,281.72244,286.02243,287.32245,287.52243,287.42242,287.82245,286.62244,285.62244,285.22244,285.12244,283.12244,287.62244,287.02243,286.02243,283.42242,271.62244,269.82245,275.22244,281.02243,284.02243
290.02243,291.82245,292.72244,291.82245,291.22244,289.72244,290.52243,289.82245,290.32245,290.22244,290.52243,288.62244,290.02243,289.12244,287.62244,287.72244,287.32245,287.02243,285.42242,287.72244,288.42242,288.02243,287.02243,286.92242,286.82245,286.92242,285.32245,285.82245,284.92242,285.72244,287.52243,284.52243,274.02243,267.02243,275.22244,284.22244,288.72244,288.02243,290.42242,291.52243,289.62244
288.62244,287.52243,290.82245,291.52243,291.72244,291.22244,289.32245,290.72244,289.22244,288.92242,289.32245,289.42242,289.72244,289.72244,288.72244,288.42242,289.12244,288.52243,289.02243,289.52243,287.92242,286.62244,286.62244,286.92242,285.92242,283.42242,283.52243,287.92242,286.62244,286.42242,283.52243,285.42242,283.72244,282.62244,282.92242,286.02243,277.82245,279.72244,289.02243,286.52243,286.72244
287.22244,287.32245,289.12244,289.32245,288.92242,287.92242,288.92242,288.62244,289.32245,289.82245,288.32245,288.22244,288.32245,288.62244,286.12244,289.42242,288.32245,289.02243,287.32245,286.52243,284.82245,284.42242,284.52243,285.32245,284.22244,284.82245,283.52243,283.62244,284.42242,284.12244,283.82245,284.62244,285.42242,288.02243,283.52243,282.12244,278.72244,276.52243,274.72244,273.02243,283.12244
286.52243,285.62244,285.92242,287.82245,288.72244,288.62244,288.02243,287.02243,286.22244,287.12244,289.92242,288.72244,288.12244,287.22244,287.32245,288.02243,288.42242,287.72244,286.62244,284.52243,283.72244,283.62244,283.52243,283.22244,282.12244,279.42242,279.82245,280.62244,279.92242,280.72244,279.52243,280.72244,280.22244,279.52243,280.82245,282.62244,284.72244,287.12244,285.72244,283.02243,280.22244
285.42242,285.22244,285.92242,285.62244,287.12244,286.42242,285.72244,285.92242,285.02243,284.82245,285.42242,288.42242,285.22244,285.82245,285.42242,286.52243,286.52243,285.82245,285.32245,284.92242,282.62244,282.42242,282.42242,281.92242,280.32245,280.12244,277.52243,277.02243,276.52243,275.52243,276.42242,277.82245,279.52243,280.62244,280.72244,280.92242,280.92242,283.82245,273.22244,274.02243,273.32245
284.92242,285.72244,285.52243,285.22244,285.22244,285.02243,284.62244,283.82245,283.62244,283.42242,283.12244,284.12244,284.02243,283.82245,284.12244,284.22244,284.42242,284.32245,284.52243,284.32245,282.92242,282.52243,282.62244,281.92242,281.52243,279.92242,281.52243,281.92242,279.02243,280.72244,279.72244,282.62244,284.22244,284.22244,283.92242,283.02243,281.32245,278.92242,277.42242,275.22244,271.62244
284.42242,284.12244,284.42242,284.32245,283.62244,283.22244,283.32245,282.32245,281.92242,282.12244,281.72244,281.32245,282.32245,281.62244,282.22244,282.72244,283.12244,283.42242,283.42242,282.52243,282.82245,283.72244,281.52243,281.62244,281.22244,281.42242,278.72244,279.72244,282.22244,281.92242,282.42242,283.32245,283.42242,283.42242,281.92242,281.02243,279.02243,276.32245,278.52243,275.82245,272.82245
282.82245,283.22244,282.82245,282.72244,282.12244,281.82245,280.82245,280.92242,280.92242,281.02243,278.82245,279.82245,281.22244,284.02243,284.12244,284.32245,284.22244,281.62244,282.42242,284.52243,280.42242,279.62244,279.32245,279.82245,281.02243,281.42242,280.72244,281.42242,282.82245,282.92242,282.02243,282.62244,282.02243,279.42242,279.32245,280.82245,282.52243,283.02243,281.82245,282.32245,280.82245
282.02243,281.12244,282.02243,281.62244,281.92242,281.02243,280.02243,280.42242,279.72244,278.22244,277.62244,276.12244,279.22244,278.82245,279.72244,280.12244,280.22244,280.02243,284.22244,283.42242,282.72244,277.72244,277.32245,277.52243,279.32245,282.42242,283.52243,282.52243,282.32245,281.92242,281.82245,281.82245,282.42242,282.82245,282.42242,282.02243,282.82245,283.52243,283.22244,282.92242,283.02243
279.92242,281.92242,284.22244,281.82245,280.72244,279.82245,280.62244,280.72244,280.02243,279.02243,277.72244,275.52243,276.02243,278.32245,279.42242,279.52243,279.42242,279.32245,280.02243,283.32245,282.92242,281.82245,280.42242,278.42242,279.22244,281.72244,282.32245,282.52243,280.72244,281.32245,281.62244,281.52243,281.22244,281.12244,281.92242,282.12244,282.62244,282.82245,282.92242,282.22244,282.22244
281.82245,282.82245,286.22244,281.92242,281.52243,280.12244,280.52243,279.42242,280.02243,278.82245,278.92242,276.22244,276.92242,278.62244,278.82245,279.62244,279.42242,279.72244,284.02243,283.42242,283.62244,279.92242,281.72244,277.82245,277.42242,279.52243,281.12244,281.22244,281.02243,280.32245,281.02243,281.32245,279.82245,280.42242,280.92242,282.22244,283.62244,283.12244,283.42242,283.22244,283.02243
